I, II, III, aVR, aVL, aVF, V1, V2, V3, V4, V5, V6, 
-780, -224, 556, 502, -668, 165, -585, -380, -400, -390, -429, -361, 
-780, -224, 556, 502, -668, 165, -585, -380, -400, -390, -429, -361, 
-780, -224, 556, 502, -668, 165, -585, -380, -400, -390, -429, -361, 
-780, -224, 556, 502, -668, 165, -585, -380, -400, -390, -429, -361, 
-775, -209, 566, 492, -671, 178, -585, -380, -400, -385, -424, -356, 
-771, -204, 566, 488, -668, 180, -585, -380, -400, -380, -419, -351, 
-766, -200, 566, 483, -666, 183, -585, -380, -400, -375, -414, -346, 
-761, -195, 566, 478, -663, 185, -585, -380, -400, -370, -409, -341, 
-746, -190, 556, 468, -651, 183, -590, -390, -390, -366, -400, -336, 
-741, -185, 556, 463, -649, 185, -595, -390, -390, -361, -390, -331, 
-736, -180, 556, 458, -646, 187, -600, -390, -390, -356, -380, -326, 
-732, -175, 556, 453, -644, 190, -605, -390, -390, -351, -370, -322, 
-722, -170, 551, 446, -636, 190, -610, -400, -380, -346, -361, -307, 
-722, -165, 556, 444, -639, 195, -614, -400, -380, -341, -361, -302, 
-722, -161, 561, 441, -641, 200, -619, -400, -380, -336, -361, -297, 
-722, -156, 566, 439, -644, 204, -624, -400, -380, -331, -361, -292, 
-717, -141, 575, 429, -646, 217, -634, -400, -380, -326, -361, -287, 
-712, -136, 575, 424, -644, 219, -634, -400, -380, -322, -361, -283, 
-707, -131, 575, 419, -641, 222, -634, -400, -380, -317, -361, -278, 
-702, -126, 575, 414, -639, 224, -634, -400, -380, -312, -361, -273, 
-692, -126, 566, 409, -629, 219, -634, -409, -370, -307, -346, -268, 
-692, -126, 566, 409, -629, 219, -634, -409, -370, -302, -341, -263, 
-692, -126, 566, 409, -629, 219, -634, -409, -370, -297, -336, -258, 
-692, -126, 566, 409, -629, 219, -634, -409, -370, -292, -331, -253, 
-692, -117, 575, 405, -634, 229, -644, -419, -361, -292, -322, -253, 
-692, -117, 575, 405, -634, 229, -644, -419, -361, -292, -322, -253, 
-692, -117, 575, 405, -634, 229, -644, -419, -361, -292, -322, -253, 
-692, -117, 575, 405, -634, 229, -644, -419, -361, -292, -322, -253, 
-692, -107, 585, 400, -639, 239, -644, -419, -361, -292, -322, -253, 
-692, -107, 585, 400, -639, 239, -644, -419, -361, -292, -322, -253, 
-692, -107, 585, 400, -639, 239, -644, -419, -361, -292, -322, -253, 
-692, -107, 585, 400, -639, 239, -644, -419, -361, -292, -322, -253, 
-697, -97, 600, 397, -649, 251, -644, -429, -370, -292, -322, -253, 
-702, -97, 605, 400, -653, 253, -644, -429, -370, -292, -322, -253, 
-707, -97, 610, 402, -658, 256, -644, -429, -370, -292, -322, -253, 
-712, -97, 614, 405, -663, 258, -644, -429, -370, -292, -322, -253, 
-717, -102, 614, 409, -666, 256, -639, -429, -361, -292, -331, -258, 
-722, -107, 614, 414, -668, 253, -634, -429, -361, -292, -331, -263, 
-727, -112, 614, 419, -671, 251, -629, -429, -361, -292, -331, -268, 
-732, -117, 614, 424, -673, 248, -624, -429, -361, -292, -331, -273, 
-736, -131, 605, 434, -671, 236, -619, -439, -361, -297, -341, -278, 
-741, -136, 605, 439, -673, 234, -614, -439, -361, -302, -341, -283, 
-746, -141, 605, 444, -675, 231, -610, -439, -361, -307, -341, -287, 
-751, -146, 605, 448, -678, 229, -605, -439, -361, -312, -341, -292, 
-766, -161, 605, 463, -685, 222, -600, -429, -366, -326, -356, -307, 
-771, -165, 605, 468, -688, 219, -595, -429, -370, -331, -361, -312, 
-775, -170, 605, 473, -690, 217, -590, -429, -375, -336, -366, -317, 
-780, -175, 605, 478, -692, 214, -585, -429, -380, -341, -370, -322, 
-795, -185, 610, 490, -702, 212, -580, -434, -390, -346, -380, -331, 
-800, -185, 614, 492, -707, 214, -575, -439, -390, -351, -390, -341, 
-805, -185, 619, 495, -712, 217, -570, -444, -390, -356, -400, -351, 
-810, -185, 624, 497, -717, 219, -566, -448, -390, -361, -409, -361, 
-824, -200, 624, 512, -724, 212, -551, -439, -400, -370, -414, -366, 
-829, -204, 624, 517, -727, 209, -546, -439, -400, -380, -419, -370, 
-834, -209, 624, 522, -729, 207, -541, -439, -400, -390, -424, -375, 
-839, -214, 624, 527, -732, 204, -536, -439, -400, -400, -429, -380, 
-854, -229, 624, 541, -739, 197, -522, -434, -409, -405, -444, -395, 
-858, -244, 614, 551, -736, 185, -517, -429, -409, -409, -448, -400, 
-863, -258, 605, 561, -734, 173, -512, -424, -409, -414, -453, -405, 
-868, -273, 595, 570, -732, 161, -507, -419, -409, -419, -458, -409, 
-883, -283, 600, 583, -741, 158, -497, -419, -414, -424, -463, -414, 
-888, -283, 605, 585, -746, 161, -497, -419, -419, -429, -468, -419, 
-893, -283, 610, 588, -751, 163, -497, -419, -424, -434, -473, -424, 
-897, -283, 614, 590, -756, 165, -497, -419, -429, -439, -478, -429, 
-897, -287, 610, 592, -753, 161, -488, -409, -439, -444, -483, -434, 
-897, -292, 605, 595, -751, 156, -488, -409, -439, -448, -488, -439, 
-897, -297, 600, 597, -749, 151, -488, -409, -439, -453, -492, -444, 
-897, -302, 595, 600, -746, 146, -488, -409, -439, -458, -497, -448, 
-897, -312, 585, 605, -741, 136, -483, -409, -448, -468, -507, -453, 
-897, -312, 585, 605, -741, 136, -478, -409, -448, -468, -507, -458, 
-897, -312, 585, 605, -741, 136, -473, -409, -448, -468, -507, -463, 
-897, -312, 585, 605, -741, 136, -468, -409, -448, -468, -507, -468, 
-907, -322, 585, 614, -746, 131, -458, -400, -448, -473, -507, -468, 
-907, -322, 585, 614, -746, 131, -458, -400, -448, -478, -507, -468, 
-907, -322, 585, 614, -746, 131, -458, -400, -448, -483, -507, -468, 
-907, -322, 585, 614, -746, 131, -458, -400, -448, -488, -507, -468, 
-917, -331, 585, 624, -751, 126, -458, -400, -448, -478, -517, -468, 
-917, -331, 585, 624, -751, 126, -458, -400, -448, -478, -517, -468, 
-917, -331, 585, 624, -751, 126, -458, -400, -448, -478, -517, -468, 
-917, -331, 585, 624, -751, 126, -458, -400, -448, -478, -517, -468, 
-917, -322, 595, 619, -756, 136, -458, -400, -448, -488, -517, -478, 
-917, -322, 595, 619, -756, 136, -458, -400, -448, -488, -517, -478, 
-917, -322, 595, 619, -756, 136, -458, -400, -448, -488, -517, -478, 
-917, -322, 595, 619, -756, 136, -458, -400, -448, -488, -517, -478, 
-907, -312, 595, 610, -751, 141, -453, -400, -458, -488, -517, -478, 
-907, -312, 595, 610, -751, 141, -448, -400, -458, -488, -517, -478, 
-907, -312, 595, 610, -751, 141, -444, -400, -458, -488, -517, -478, 
-907, -312, 595, 610, -751, 141, -439, -400, -458, -488, -517, -478, 
-907, -322, 585, 614, -746, 131, -439, -390, -458, -488, -517, -488, 
-907, -322, 585, 614, -746, 131, -439, -390, -458, -488, -517, -488, 
-907, -322, 585, 614, -746, 131, -439, -390, -458, -488, -517, -488, 
-907, -322, 585, 614, -746, 131, -439, -390, -458, -488, -517, -488, 
-907, -312, 595, 610, -751, 141, -439, -390, -458, -497, -517, -488, 
-907, -312, 595, 610, -751, 141, -439, -390, -458, -497, -517, -488, 
-907, -312, 595, 610, -751, 141, -439, -390, -458, -497, -517, -488, 
-907, -312, 595, 610, -751, 141, -439, -390, -458, -497, -517, -488, 
-917, -312, 605, 614, -761, 146, -439, -390, -458, -488, -517, -488, 
-917, -312, 605, 614, -761, 146, -439, -390, -458, -488, -517, -488, 
-917, -312, 605, 614, -761, 146, -439, -390, -458, -488, -517, -488, 
-917, -312, 605, 614, -761, 146, -439, -390, -458, -488, -517, -488, 
-917, -312, 605, 614, -761, 146, -439, -390, -458, -488, -517, -488, 
-917, -312, 605, 614, -761, 146, -439, -390, -458, -488, -517, -488, 
-917, -312, 605, 614, -761, 146, -439, -390, -458, -488, -517, -488, 
-917, -312, 605, 614, -761, 146, -439, -390, -458, -488, -517, -488, 
-907, -312, 595, 610, -751, 141, -439, -390, -448, -497, -517, -478, 
-907, -312, 595, 610, -751, 141, -439, -390, -448, -497, -517, -478, 
-907, -312, 595, 610, -751, 141, -439, -390, -448, -497, -517, -478, 
-907, -312, 595, 610, -751, 141, -439, -390, -448, -497, -517, -478, 
-907, -302, 605, 605, -756, 151, -439, -380, -458, -488, -507, -478, 
-907, -302, 605, 605, -756, 151, -439, -380, -458, -488, -507, -478, 
-907, -302, 605, 605, -756, 151, -439, -380, -458, -488, -507, -478, 
-907, -302, 605, 605, -756, 151, -439, -380, -458, -488, -507, -478, 
-897, -292, 605, 595, -751, 156, -439, -380, -448, -478, -507, -478, 
-897, -292, 605, 595, -751, 156, -439, -380, -448, -478, -507, -478, 
-897, -292, 605, 595, -751, 156, -439, -380, -448, -478, -507, -478, 
-897, -292, 605, 595, -751, 156, -439, -380, -448, -478, -507, -478, 
-888, -292, 595, 590, -741, 151, -439, -370, -448, -478, -497, -468, 
-888, -292, 595, 590, -741, 151, -439, -370, -448, -478, -497, -468, 
-888, -292, 595, 590, -741, 151, -439, -370, -448, -478, -497, -468, 
-888, -292, 595, 590, -741, 151, -439, -370, -448, -478, -497, -468, 
-878, -283, 595, 580, -736, 156, -429, -370, -448, -478, -497, -468, 
-878, -283, 595, 580, -736, 156, -429, -370, -448, -478, -497, -468, 
-878, -283, 595, 580, -736, 156, -429, -370, -448, -478, -497, -468, 
-878, -283, 595, 580, -736, 156, -429, -370, -448, -478, -497, -468, 
-878, -292, 585, 585, -732, 146, -439, -380, -439, -468, -488, -458, 
-878, -292, 585, 585, -732, 146, -439, -380, -439, -468, -488, -458, 
-878, -292, 585, 585, -732, 146, -439, -380, -439, -468, -488, -458, 
-878, -292, 585, 585, -732, 146, -439, -380, -439, -468, -488, -458, 
-868, -292, 575, 580, -722, 141, -439, -370, -439, -468, -488, -458, 
-868, -292, 575, 580, -722, 141, -439, -370, -439, -468, -488, -458, 
-868, -292, 575, 580, -722, 141, -439, -370, -439, -468, -488, -458, 
-868, -292, 575, 580, -722, 141, -439, -370, -439, -468, -488, -458, 
-868, -283, 585, 575, -727, 151, -429, -361, -439, -468, -488, -468, 
-868, -283, 585, 575, -727, 151, -429, -361, -439, -468, -488, -468, 
-868, -283, 585, 575, -727, 151, -429, -361, -439, -468, -488, -468, 
-868, -283, 585, 575, -727, 151, -429, -361, -439, -468, -488, -468, 
-863, -273, 590, 568, -727, 158, -429, -370, -439, -458, -488, -458, 
-858, -273, 585, 566, -722, 156, -429, -370, -439, -458, -488, -458, 
-854, -273, 580, 563, -717, 153, -429, -370, -439, -458, -488, -458, 
-849, -273, 575, 561, -712, 151, -429, -370, -439, -458, -488, -458, 
-849, -273, 575, 561, -712, 151, -429, -370, -439, -458, -488, -448, 
-849, -273, 575, 561, -712, 151, -429, -370, -439, -458, -488, -448, 
-849, -273, 575, 561, -712, 151, -429, -370, -439, -458, -488, -448, 
-849, -273, 575, 561, -712, 151, -429, -370, -439, -458, -488, -448, 
-839, -283, 556, 561, -697, 136, -429, -361, -448, -458, -478, -448, 
-839, -283, 556, 561, -697, 136, -429, -361, -448, -458, -478, -448, 
-839, -283, 556, 561, -697, 136, -429, -361, -448, -458, -478, -448, 
-839, -283, 556, 561, -697, 136, -429, -361, -448, -458, -478, -448, 
-839, -278, 561, 558, -700, 141, -429, -370, -448, -458, -478, -458, 
-839, -273, 566, 556, -702, 146, -429, -370, -448, -458, -478, -458, 
-839, -268, 570, 553, -705, 151, -429, -370, -448, -458, -478, -458, 
-839, -263, 575, 551, -707, 156, -429, -370, -448, -458, -478, -458, 
-839, -263, 575, 551, -707, 156, -429, -370, -448, -468, -488, -448, 
-839, -263, 575, 551, -707, 156, -429, -370, -448, -468, -488, -448, 
-839, -263, 575, 551, -707, 156, -429, -370, -448, -468, -488, -448, 
-839, -263, 575, 551, -707, 156, -429, -370, -448, -468, -488, -448, 
-834, -273, 561, 553, -697, 143, -429, -380, -448, -468, -497, -458, 
-829, -273, 556, 551, -692, 141, -429, -380, -448, -468, -497, -458, 
-824, -273, 551, 549, -688, 139, -429, -380, -448, -468, -497, -458, 
-819, -273, 546, 546, -683, 136, -429, -380, -448, -468, -497, -458, 
-824, -273, 551, 549, -688, 139, -429, -370, -448, -468, -488, -448, 
-829, -273, 556, 551, -692, 141, -429, -370, -448, -468, -488, -448, 
-834, -273, 561, 553, -697, 143, -429, -370, -448, -468, -488, -448, 
-839, -273, 566, 556, -702, 146, -429, -370, -448, -468, -488, -448, 
-829, -263, 566, 546, -697, 151, -429, -361, -448, -468, -478, -458, 
-829, -263, 566, 546, -697, 151, -429, -361, -448, -468, -478, -458, 
-829, -263, 566, 546, -697, 151, -429, -361, -448, -468, -478, -458, 
-829, -263, 566, 546, -697, 151, -429, -361, -448, -468, -478, -458, 
-829, -263, 566, 546, -697, 151, -429, -370, -458, -468, -488, -458, 
-829, -263, 566, 546, -697, 151, -429, -370, -458, -468, -488, -458, 
-829, -263, 566, 546, -697, 151, -429, -370, -458, -468, -488, -458, 
-829, -263, 566, 546, -697, 151, -429, -370, -458, -468, -488, -458, 
-829, -273, 556, 551, -692, 141, -429, -370, -458, -468, -488, -458, 
-829, -273, 556, 551, -692, 141, -429, -370, -458, -468, -488, -458, 
-829, -273, 556, 551, -692, 141, -429, -370, -458, -468, -488, -458, 
-829, -273, 556, 551, -692, 141, -429, -370, -458, -468, -488, -458, 
-829, -273, 556, 551, -692, 141, -419, -361, -458, -468, -488, -458, 
-829, -273, 556, 551, -692, 141, -419, -361, -458, -468, -488, -458, 
-829, -273, 556, 551, -692, 141, -419, -361, -458, -468, -488, -458, 
-829, -273, 556, 551, -692, 141, -419, -361, -458, -468, -488, -458, 
-829, -273, 556, 551, -692, 141, -409, -361, -448, -468, -488, -458, 
-829, -273, 556, 551, -692, 141, -409, -361, -448, -468, -488, -458, 
-829, -273, 556, 551, -692, 141, -409, -361, -448, -468, -488, -458, 
-829, -273, 556, 551, -692, 141, -409, -361, -448, -468, -488, -458, 
-819, -273, 546, 546, -683, 136, -400, -361, -453, -458, -488, -468, 
-819, -273, 546, 546, -683, 136, -400, -361, -458, -458, -488, -468, 
-819, -273, 546, 546, -683, 136, -400, -361, -463, -458, -488, -468, 
-819, -273, 546, 546, -683, 136, -400, -361, -468, -458, -488, -468, 
-819, -263, 556, 541, -688, 146, -409, -361, -468, -463, -497, -468, 
-819, -263, 556, 541, -688, 146, -409, -361, -468, -468, -497, -468, 
-819, -263, 556, 541, -688, 146, -409, -361, -468, -473, -497, -468, 
-819, -263, 556, 541, -688, 146, -409, -361, -468, -478, -497, -468, 
-819, -263, 556, 541, -688, 146, -409, -361, -468, -478, -497, -458, 
-819, -263, 556, 541, -688, 146, -409, -361, -468, -478, -497, -458, 
-819, -263, 556, 541, -688, 146, -409, -361, -468, -478, -497, -458, 
-819, -263, 556, 541, -688, 146, -409, -361, -468, -478, -497, -458, 
-819, -273, 546, 546, -683, 136, -409, -361, -468, -478, -488, -468, 
-819, -273, 546, 546, -683, 136, -409, -361, -468, -478, -488, -468, 
-819, -273, 546, 546, -683, 136, -409, -361, -468, -478, -488, -468, 
-819, -273, 546, 546, -683, 136, -409, -361, -468, -478, -488, -468, 
-810, -263, 546, 536, -678, 141, -409, -351, -468, -468, -497, -468, 
-810, -263, 546, 536, -678, 141, -409, -351, -468, -468, -497, -468, 
-810, -263, 546, 536, -678, 141, -409, -351, -468, -468, -497, -468, 
-810, -263, 546, 536, -678, 141, -409, -351, -468, -468, -497, -468, 
-800, -273, 527, 536, -663, 126, -409, -351, -468, -478, -488, -468, 
-800, -273, 527, 536, -663, 126, -409, -351, -468, -478, -488, -468, 
-800, -273, 527, 536, -663, 126, -409, -351, -468, -478, -488, -468, 
-800, -273, 527, 536, -663, 126, -409, -351, -468, -478, -488, -468, 
-810, -273, 536, 541, -673, 131, -409, -361, -468, -468, -488, -458, 
-810, -273, 536, 541, -673, 131, -409, -361, -468, -468, -488, -458, 
-810, -273, 536, 541, -673, 131, -409, -361, -468, -468, -488, -458, 
-810, -273, 536, 541, -673, 131, -409, -361, -468, -468, -488, -458, 
-810, -268, 541, 539, -675, 136, -409, -361, -468, -478, -488, -468, 
-810, -263, 546, 536, -678, 141, -409, -361, -468, -478, -488, -468, 
-810, -258, 551, 534, -680, 146, -409, -361, -468, -478, -488, -468, 
-810, -253, 556, 531, -683, 151, -409, -361, -468, -478, -488, -468, 
-810, -263, 546, 536, -678, 141, -400, -351, -458, -468, -488, -468, 
-810, -263, 546, 536, -678, 141, -400, -351, -458, -468, -488, -468, 
-810, -263, 546, 536, -678, 141, -400, -351, -458, -468, -488, -468, 
-810, -263, 546, 536, -678, 141, -400, -351, -458, -468, -488, -468, 
-800, -263, 536, 531, -668, 136, -400, -351, -468, -468, -488, -468, 
-800, -263, 536, 531, -668, 136, -400, -351, -468, -468, -488, -468, 
-800, -263, 536, 531, -668, 136, -400, -351, -468, -468, -488, -468, 
-800, -263, 536, 531, -668, 136, -400, -351, -468, -468, -488, -468, 
-800, -263, 536, 531, -668, 136, -400, -341, -468, -468, -478, -468, 
-800, -258, 541, 529, -671, 141, -400, -341, -468, -468, -478, -468, 
-800, -258, 541, 529, -671, 141, -400, -341, -468, -468, -478, -468, 
-800, -258, 541, 529, -671, 141, -400, -341, -458, -458, -473, -468, 
-790, -239, 551, 514, -671, 156, -405, -346, -448, -448, -478, -463, 
-790, -219, 570, 505, -680, 175, -409, -351, -448, -439, -478, -458, 
-790, -214, 575, 502, -683, 180, -414, -356, -439, -439, -473, -448, 
-785, -209, 575, 497, -680, 183, -419, -366, -434, -439, -468, -448, 
-785, -209, 575, 497, -680, 183, -419, -361, -429, -444, -468, -448, 
-785, -209, 575, 497, -680, 183, -419, -361, -424, -439, -468, -444, 
-780, -209, 570, 495, -675, 180, -419, -356, -419, -439, -458, -444, 
-780, -204, 575, 492, -678, 185, -414, -356, -419, -434, -458, -444, 
-780, -190, 590, 485, -685, 200, -424, -356, -414, -434, -458, -429, 
-780, -190, 590, 485, -685, 200, -434, -356, -414, -429, -453, -429, 
-785, -190, 595, 488, -690, 202, -439, -370, -414, -429, -453, -429, 
-785, -185, 600, 485, -692, 207, -444, -370, -409, -429, -453, -429, 
-790, -185, 605, 488, -697, 209, -444, -370, -405, -424, -453, -434, 
-790, -180, 610, 485, -700, 214, -448, -380, -400, -424, -453, -434, 
-790, -175, 614, 483, -702, 219, -453, -385, -400, -424, -448, -434, 
-790, -175, 614, 483, -702, 219, -458, -385, -400, -424, -448, -429, 
-785, -180, 605, 483, -695, 212, -453, -380, -405, -419, -444, -419, 
-785, -175, 610, 480, -697, 217, -463, -385, -405, -419, -444, -419, 
-785, -175, 610, 480, -697, 217, -463, -385, -405, -414, -444, -419, 
-780, -175, 605, 478, -692, 214, -463, -385, -400, -409, -439, -414, 
-771, -161, 610, 466, -690, 224, -478, -405, -400, -405, -419, -409, 
-761, -136, 624, 448, -692, 244, -497, -414, -400, -400, -419, -405, 
-746, -126, 619, 436, -683, 246, -507, -419, -390, -395, -409, -400, 
-741, -107, 634, 424, -688, 263, -512, -424, -390, -390, -405, -390, 
-736, -102, 634, 419, -685, 265, -517, -434, -385, -390, -414, -390, 
-727, -102, 624, 414, -675, 261, -522, -434, -390, -390, -409, -385, 
-707, -102, 605, 405, -656, 251, -527, -434, -390, -385, -409, -380, 
-697, -87, 610, 392, -653, 261, -531, -434, -390, -385, -409, -375, 
-692, -92, 600, 392, -646, 253, -527, -424, -409, -385, -400, -375, 
-688, -107, 580, 397, -634, 236, -517, -414, -414, -385, -400, -375, 
-692, -112, 580, 402, -636, 234, -507, -414, -429, -390, -405, -385, 
-702, -126, 575, 414, -639, 224, -492, -405, -444, -405, -419, -390, 
-702, -136, 566, 419, -634, 214, -488, -405, -453, -419, -424, -395, 
-707, -146, 561, 427, -634, 207, -478, -400, -453, -424, -424, -405, 
-712, -151, 561, 431, -636, 204, -473, -395, -463, -429, -434, -419, 
-717, -170, 546, 444, -631, 187, -458, -390, -463, -434, -439, -429, 
-722, -180, 541, 451, -631, 180, -453, -380, -453, -439, -444, -424, 
-732, -180, 551, 456, -641, 185, -448, -380, -453, -439, -444, -424, 
-736, -180, 556, 458, -646, 187, -444, -380, -448, -439, -448, -424, 
-746, -190, 556, 468, -651, 183, -434, -370, -448, -439, -448, -424, 
-751, -190, 561, 470, -656, 185, -429, -366, -458, -444, -453, -444, 
-761, -200, 561, 480, -661, 180, -419, -361, -473, -453, -458, -453, 
-766, -214, 551, 490, -658, 168, -405, -356, -463, -453, -463, -453, 
-771, -224, 546, 497, -658, 161, -400, -346, -463, -453, -463, -453, 
-775, -234, 541, 505, -658, 153, -385, -346, -463, -453, -468, -444, 
-775, -244, 531, 509, -653, 143, -385, -336, -463, -453, -468, -444, 
-775, -253, 522, 514, -649, 134, -375, -331, -463, -458, -473, -448, 
-775, -253, 522, 514, -649, 134, -375, -331, -468, -468, -478, -453, 
-775, -248, 527, 512, -651, 139, -385, -322, -488, -473, -483, -468, 
-775, -248, 527, 512, -651, 139, -380, -322, -492, -473, -483, -468, 
-785, -248, 536, 517, -661, 143, -380, -322, -492, -478, -488, -468, 
-785, -253, 531, 519, -658, 139, -380, -322, -497, -483, -492, -473, 
-795, -253, 541, 524, -668, 143, -370, -331, -492, -483, -492, -478, 
-795, -258, 536, 527, -666, 139, -370, -331, -488, -483, -497, -478, 
-795, -258, 536, 527, -666, 139, -370, -326, -483, -483, -497, -478, 
-795, -263, 531, 529, -663, 134, -370, -326, -478, -483, -497, -478, 
-785, -268, 517, 527, -651, 124, -356, -317, -488, -478, -497, -478, 
-790, -268, 522, 529, -656, 126, -356, -317, -488, -478, -497, -478, 
-790, -273, 517, 531, -653, 122, -351, -312, -488, -483, -502, -478, 
-790, -292, 497, 541, -644, 102, -351, -307, -488, -483, -502, -473, 
-790, -273, 517, 531, -653, 122, -361, -307, -492, -492, -502, -483, 
-795, -273, 522, 534, -658, 124, -361, -307, -492, -492, -502, -492, 
-795, -273, 522, 534, -658, 124, -356, -307, -488, -488, -497, -492, 
-795, -273, 522, 534, -658, 124, -356, -307, -488, -488, -497, -492, 
-785, -263, 522, 524, -653, 129, -356, -307, -488, -478, -497, -483, 
-780, -268, 512, 524, -646, 122, -351, -307, -488, -478, -497, -483, 
-780, -268, 512, 524, -646, 122, -351, -302, -488, -478, -497, -483, 
-780, -268, 512, 524, -646, 122, -351, -302, -488, -478, -502, -483, 
-780, -273, 507, 527, -644, 117, -341, -302, -488, -478, -492, -473, 
-780, -278, 502, 529, -641, 112, -341, -302, -488, -478, -492, -473, 
-780, -278, 502, 529, -641, 112, -341, -302, -488, -478, -492, -478, 
-780, -283, 497, 531, -639, 107, -341, -302, -483, -478, -492, -478, 
-790, -278, 512, 534, -651, 117, -336, -302, -473, -488, -492, -483, 
-790, -278, 512, 534, -651, 117, -336, -302, -473, -488, -492, -483, 
-790, -278, 512, 534, -651, 117, -336, -302, -473, -488, -492, -483, 
-790, -278, 512, 534, -651, 117, -336, -302, -473, -488, -492, -483, 
-790, -278, 512, 534, -651, 117, -346, -302, -483, -478, -502, -483, 
-785, -273, 512, 529, -649, 119, -351, -302, -488, -483, -502, -483, 
-785, -273, 512, 529, -649, 119, -351, -302, -488, -483, -502, -483, 
-785, -273, 512, 529, -649, 119, -346, -302, -483, -478, -502, -483, 
-785, -263, 522, 524, -653, 129, -356, -302, -483, -488, -502, -502, 
-775, -273, 502, 524, -639, 114, -356, -292, -473, -478, -492, -492, 
-775, -283, 492, 529, -634, 104, -356, -292, -463, -468, -492, -488, 
-771, -283, 488, 527, -629, 102, -336, -283, -458, -468, -488, -488, 
-761, -268, 492, 514, -627, 112, -331, -273, -429, -458, -488, -478, 
-766, -253, 512, 509, -639, 129, -331, -263, -370, -405, -453, -444, 
-761, -204, 556, 483, -658, 175, -346, -263, -312, -361, -400, -405, 
-732, -136, 595, 434, -663, 229, -366, -263, -283, -312, -346, -366, 
-683, -112, 570, 397, -627, 229, -390, -263, -248, -263, -307, -317, 
-600, -102, 497, 351, -549, 197, -409, -258, -239, -229, -283, -273, 
-507, -87, 419, 297, -463, 165, -434, -239, -239, -200, -244, -229, 
-414, -82, 331, 248, -373, 124, -458, -219, -239, -156, -200, -156, 
-307, -48, 258, 178, -283, 104, -497, -214, -214, -92, -141, -78, 
-200, 0, 200, 100, -200, 100, -541, -214, -190, -34, -78, 9, 
-82, 48, 131, 17, -107, 90, -605, -244, -200, 14, -19, 102, 
-9, 78, 87, -34, -48, 82, -663, -312, -244, 43, 53, 195, 
29, 117, 87, -73, -29, 102, -712, -414, -312, 68, 107, 258, 
43, 175, 131, -109, -43, 153, -756, -502, -351, 73, 146, 302, 
14, 204, 190, -109, -87, 197, -780, -566, -370, 68, 156, 336, 
-68, 200, 268, -65, -168, 234, -756, -610, -409, 19, 107, 287, 
-239, 161, 400, 39, -319, 280, -697, -624, -434, -63, 0, 170, 
-419, 97, 517, 161, -468, 307, -619, -605, -424, -165, -117, 14, 
-580, 43, 624, 268, -602, 334, -551, -556, -385, -258, -248, -136, 
-751, 14, 766, 368, -758, 390, -473, -517, -361, -317, -351, -283, 
-946, -43, 902, 495, -924, 429, -380, -478, -361, -385, -434, -414, 
-1102, -141, 961, 622, -1032, 409, -287, -419, -405, -478, -527, -527, 
-1200, -204, 995, 702, -1098, 395, -224, -366, -463, -575, -595, -610, 
-1254, -244, 1010, 749, -1132, 383, -180, -326, -517, -634, -644, -653, 
-1273, -307, 966, 790, -1119, 329, -136, -287, -566, -702, -688, -692, 
-1259, -366, 893, 812, -1076, 263, -107, -278, -653, -771, -736, -741, 
-1249, -409, 839, 829, -1044, 214, -97, -268, -746, -819, -785, -780, 
-1249, -439, 810, 844, -1029, 185, -68, -263, -780, -834, -805, -780, 
-1249, -458, 790, 854, -1019, 165, -43, -253, -805, -839, -810, -785, 
-1249, -468, 780, 858, -1015, 156, -53, -253, -819, -854, -810, -785, 
-1220, -463, 756, 841, -988, 146, -63, -263, -814, -849, -800, -775, 
-1171, -473, 697, 822, -934, 112, -82, -263, -834, -819, -780, -771, 
-1102, -444, 658, 773, -880, 107, -126, -268, -824, -805, -756, -741, 
-1044, -395, 649, 719, -846, 126, -161, -268, -785, -766, -727, -702, 
-995, -351, 644, 673, -819, 146, -195, -268, -727, -717, -678, -663, 
-941, -307, 634, 624, -788, 163, -234, -263, -683, -668, -644, -624, 
-888, -258, 629, 573, -758, 185, -268, -239, -653, -624, -614, -590, 
-854, -253, 600, 553, -727, 173, -292, -195, -614, -570, -575, -546, 
-824, -248, 575, 536, -700, 163, -297, -170, -585, -531, -536, -517, 
-795, -229, 566, 512, -680, 168, -302, -165, -570, -517, -522, -502, 
-780, -229, 551, 505, -666, 161, -317, -165, -536, -497, -502, -492, 
-775, -248, 527, 512, -651, 139, -317, -190, -507, -488, -492, -488, 
-766, -244, 522, 505, -644, 139, -307, -209, -492, -488, -492, -488, 
-756, -244, 512, 500, -634, 134, -317, -214, -488, -497, -492, -492, 
-746, -253, 492, 500, -619, 119, -312, -219, -468, -492, -492, -483, 
-741, -234, 507, 488, -624, 136, -297, -234, -458, -483, -492, -478, 
-736, -224, 512, 480, -624, 143, -307, -234, -458, -473, -492, -473, 
-736, -224, 512, 480, -624, 143, -336, -239, -448, -453, -473, -448, 
-736, -204, 531, 470, -634, 163, -351, -248, -448, -448, -458, -444, 
-736, -185, 551, 461, -644, 183, -366, -258, -458, -448, -463, -453, 
-736, -185, 551, 461, -644, 183, -361, -258, -458, -448, -463, -453, 
-736, -190, 546, 463, -641, 178, -361, -258, -458, -448, -468, -453, 
-732, -204, 527, 468, -629, 161, -361, -258, -453, -444, -468, -453, 
-727, -209, 517, 468, -622, 153, -356, -258, -448, -444, -473, -453, 
-717, -214, 502, 466, -610, 143, -336, -253, -444, -444, -463, -453, 
-712, -224, 488, 468, -600, 131, -336, -253, -439, -444, -458, -453, 
-712, -214, 497, 463, -605, 141, -341, -253, -439, -444, -458, -453, 
-712, -209, 502, 461, -607, 146, -351, -258, -439, -444, -458, -448, 
-707, -209, 497, 458, -602, 143, -356, -258, -424, -439, -453, -434, 
-702, -200, 502, 451, -602, 151, -361, -268, -424, -439, -448, -434, 
-702, -195, 507, 448, -605, 156, -361, -268, -424, -434, -448, -434, 
-697, -195, 502, 446, -600, 153, -351, -263, -424, -434, -448, -434, 
-702, -195, 507, 448, -605, 156, -361, -263, -429, -444, -458, -444, 
-702, -195, 507, 448, -605, 156, -366, -263, -429, -444, -458, -444, 
-702, -200, 502, 451, -602, 151, -366, -258, -429, -444, -453, -439, 
-697, -200, 497, 448, -597, 148, -361, -258, -429, -439, -453, -434, 
-697, -190, 507, 444, -602, 158, -361, -263, -419, -439, -453, -434, 
-697, -185, 512, 441, -605, 163, -366, -263, -414, -439, -448, -434, 
-692, -185, 507, 439, -600, 161, -366, -263, -414, -439, -448, -434, 
-692, -175, 517, 434, -605, 170, -370, -263, -414, -439, -448, -439, 
-678, -170, 507, 424, -592, 168, -361, -263, -414, -429, -439, -429, 
-678, -175, 502, 427, -590, 163, -361, -258, -414, -429, -439, -424, 
-678, -180, 497, 429, -588, 158, -356, -258, -414, -429, -439, -414, 
-673, -185, 488, 429, -580, 151, -356, -258, -414, -429, -439, -414, 
-673, -180, 492, 427, -583, 156, -356, -258, -424, -434, -429, -414, 
-673, -180, 492, 427, -583, 156, -361, -258, -419, -434, -429, -414, 
-668, -180, 488, 424, -578, 153, -361, -258, -419, -434, -429, -419, 
-668, -175, 492, 422, -580, 158, -366, -258, -414, -434, -429, -419, 
-668, -165, 502, 417, -585, 168, -370, -258, -414, -424, -434, -424, 
-663, -165, 497, 414, -580, 165, -375, -258, -414, -419, -429, -424, 
-663, -161, 502, 412, -583, 170, -375, -258, -414, -419, -429, -424, 
-663, -161, 502, 412, -583, 170, -375, -258, -414, -414, -429, -424, 
-658, -161, 497, 409, -578, 168, -375, -258, -405, -424, -439, -414, 
-658, -156, 502, 407, -580, 173, -380, -258, -405, -424, -439, -414, 
-658, -156, 502, 407, -580, 173, -380, -258, -405, -424, -434, -414, 
-653, -156, 497, 405, -575, 170, -375, -258, -405, -414, -434, -409, 
-653, -156, 497, 405, -575, 170, -375, -258, -405, -414, -424, -419, 
-644, -156, 488, 400, -566, 165, -375, -258, -405, -414, -424, -419, 
-644, -156, 488, 400, -566, 165, -375, -258, -395, -414, -424, -409, 
-644, -156, 488, 400, -566, 165, -380, -258, -395, -414, -424, -409, 
-644, -151, 492, 397, -568, 170, -390, -258, -405, -405, -424, -400, 
-644, -161, 483, 402, -563, 161, -385, -258, -400, -405, -414, -395, 
-644, -161, 483, 402, -563, 161, -385, -258, -400, -405, -414, -395, 
-634, -151, 483, 392, -558, 165, -390, -258, -405, -405, -419, -400, 
-634, -141, 492, 387, -563, 175, -390, -258, -395, -405, -419, -400, 
-634, -141, 492, 387, -563, 175, -390, -258, -390, -400, -409, -395, 
-634, -136, 497, 385, -566, 180, -395, -258, -390, -395, -409, -395, 
-629, -136, 492, 383, -561, 178, -395, -258, -390, -395, -409, -395, 
-629, -136, 492, 383, -561, 178, -385, -253, -385, -395, -409, -390, 
-624, -131, 492, 378, -558, 180, -390, -253, -385, -395, -409, -390, 
-624, -126, 497, 375, -561, 185, -395, -253, -385, -395, -409, -390, 
-619, -126, 492, 373, -556, 183, -395, -253, -385, -390, -405, -385, 
-619, -122, 497, 370, -558, 187, -395, -263, -385, -380, -400, -380, 
-614, -112, 502, 363, -558, 195, -400, -263, -385, -385, -400, -380, 
-610, -112, 497, 361, -553, 192, -400, -263, -385, -385, -400, -380, 
-610, -112, 497, 361, -553, 192, -400, -263, -380, -375, -395, -375, 
-605, -112, 492, 358, -549, 190, -405, -263, -380, -375, -395, -370, 
-600, -112, 488, 356, -544, 187, -405, -263, -380, -375, -390, -366, 
-585, -107, 478, 346, -531, 185, -409, -263, -375, -361, -390, -361, 
-575, -102, 473, 339, -524, 185, -409, -263, -375, -361, -385, -361, 
-570, -97, 473, 334, -522, 187, -409, -263, -370, -370, -385, -351, 
-570, -97, 473, 334, -522, 187, -409, -258, -366, -366, -375, -346, 
-566, -97, 468, 331, -517, 185, -419, -258, -361, -366, -375, -341, 
-561, -87, 473, 324, -517, 192, -419, -263, -361, -366, -375, -341, 
-561, -87, 473, 324, -517, 192, -419, -253, -361, -351, -361, -336, 
-556, -82, 473, 319, -514, 195, -419, -253, -356, -351, -356, -331, 
-551, -78, 473, 314, -512, 197, -424, -253, -356, -351, -356, -331, 
-546, -73, 473, 309, -509, 200, -424, -253, -356, -346, -356, -331, 
-541, -58, 483, 300, -512, 212, -424, -263, -351, -336, -346, -322, 
-536, -58, 478, 297, -507, 209, -429, -263, -351, -331, -341, -317, 
-531, -53, 478, 292, -505, 212, -439, -263, -351, -326, -336, -312, 
-527, -48, 478, 287, -502, 214, -444, -263, -346, -322, -331, -307, 
-527, -43, 483, 285, -505, 219, -444, -253, -341, -317, -326, -297, 
-517, -29, 488, 273, -502, 229, -448, -253, -341, -317, -322, -292, 
-517, -29, 488, 273, -502, 229, -453, -253, -341, -312, -322, -287, 
-507, -29, 478, 268, -492, 224, -458, -253, -336, -307, -307, -278, 
-507, -19, 488, 263, -497, 234, -473, -263, -336, -302, -307, -278, 
-502, -9, 492, 256, -497, 241, -473, -263, -331, -297, -307, -273, 
-492, -9, 483, 251, -488, 236, -478, -263, -331, -292, -302, -268, 
-483, 0, 483, 241, -483, 241, -478, -263, -331, -287, -297, -263, 
-478, 24, 502, 226, -490, 263, -483, -278, -341, -292, -292, -268, 
-473, 24, 497, 224, -485, 261, -488, -278, -336, -287, -287, -258, 
-468, 24, 492, 222, -480, 258, -492, -278, -331, -278, -278, -248, 
-468, 34, 502, 217, -485, 268, -497, -283, -331, -278, -273, -248, 
-458, 29, 488, 214, -473, 258, -492, -273, -326, -263, -268, -234, 
-453, 29, 483, 212, -468, 256, -497, -273, -312, -253, -258, -229, 
-448, 43, 492, 202, -470, 268, -502, -273, -307, -248, -258, -224, 
-444, 53, 497, 195, -470, 275, -507, -273, -302, -248, -258, -219, 
-439, 63, 502, 187, -470, 283, -507, -283, -307, -253, -248, -214, 
-434, 68, 502, 183, -468, 285, -512, -287, -307, -248, -244, -209, 
-429, 82, 512, 173, -470, 297, -517, -287, -307, -244, -239, -209, 
-429, 82, 512, 173, -470, 297, -522, -287, -307, -239, -234, -200, 
-434, 82, 517, 175, -475, 300, -527, -278, -317, -234, -229, -200, 
-429, 92, 522, 168, -475, 307, -527, -287, -317, -229, -224, -200, 
-429, 92, 522, 168, -475, 307, -531, -287, -317, -224, -219, -195, 
-429, 97, 527, 165, -478, 312, -536, -287, -312, -219, -214, -190, 
-424, 87, 512, 168, -468, 300, -536, -302, -302, -219, -214, -185, 
-424, 92, 517, 165, -470, 305, -541, -302, -302, -219, -214, -185, 
-419, 97, 517, 161, -468, 307, -541, -302, -297, -214, -209, -180, 
-419, 102, 522, 158, -470, 312, -541, -312, -297, -214, -209, -180, 
-424, 97, 522, 163, -473, 309, -541, -307, -297, -214, -219, -180, 
-424, 97, 522, 163, -473, 309, -541, -307, -297, -214, -214, -175, 
-424, 97, 522, 163, -473, 309, -546, -307, -297, -214, -214, -175, 
-424, 102, 527, 161, -475, 314, -546, -312, -297, -214, -214, -175, 
-439, 102, 541, 168, -490, 322, -536, -312, -297, -209, -219, -175, 
-439, 102, 541, 168, -490, 322, -536, -312, -297, -209, -219, -175, 
-439, 107, 546, 165, -492, 326, -536, -317, -297, -214, -219, -175, 
-439, 107, 546, 165, -492, 326, -536, -317, -297, -214, -219, -175, 
-439, 112, 551, 163, -495, 331, -536, -326, -297, -219, -219, -185, 
-444, 112, 556, 165, -500, 334, -536, -326, -297, -219, -219, -190, 
-444, 107, 551, 168, -497, 329, -531, -331, -302, -224, -224, -190, 
-444, 107, 551, 168, -497, 329, -531, -331, -302, -224, -224, -190, 
-448, 92, 541, 178, -495, 317, -536, -322, -297, -224, -229, -190, 
-453, 87, 541, 183, -497, 314, -536, -326, -297, -234, -234, -200, 
-468, 78, 546, 195, -507, 312, -522, -326, -292, -239, -239, -209, 
-468, 68, 536, 200, -502, 302, -522, -326, -292, -239, -239, -209, 
-478, 68, 546, 204, -512, 307, -512, -322, -297, -258, -258, -229, 
-483, 63, 546, 209, -514, 305, -502, -322, -297, -263, -263, -244, 
-492, 48, 541, 222, -517, 295, -497, -322, -297, -268, -268, -248, 
-497, 48, 546, 224, -522, 297, -492, -326, -297, -273, -278, -258, 
-512, 48, 561, 231, -536, 305, -488, -326, -307, -273, -292, -268, 
-517, 34, 551, 241, -534, 292, -483, -322, -307, -287, -297, -273, 
-527, 19, 546, 253, -536, 283, -478, -322, -307, -292, -302, -283, 
-531, 19, 551, 256, -541, 285, -473, -322, -312, -302, -317, -292, 
-551, 9, 561, 270, -556, 285, -458, -322, -302, -307, -322, -292, 
-556, -4, 551, 280, -553, 273, -453, -322, -302, -312, -326, -297, 
-566, -9, 556, 287, -561, 273, -444, -317, -312, -317, -336, -307, 
-570, -19, 551, 295, -561, 265, -439, -317, -312, -326, -346, -312, 
-585, -34, 551, 309, -568, 258, -429, -317, -307, -331, -346, -322, 
-590, -43, 546, 317, -568, 251, -424, -317, -312, -341, -361, -331, 
-600, -43, 556, 322, -578, 256, -424, -317, -317, -351, -366, -336, 
-600, -53, 546, 326, -573, 246, -414, -317, -317, -351, -366, -346, 
-595, -63, 531, 329, -563, 234, -424, -307, -322, -361, -366, -336, 
-605, -63, 541, 334, -573, 239, -424, -307, -326, -370, -375, -351, 
-610, -73, 536, 341, -573, 231, -419, -307, -331, -380, -380, -351, 
-610, -78, 531, 344, -570, 226, -405, -302, -331, -380, -380, -351, 
-614, -78, 536, 346, -575, 229, -405, -312, -346, -395, -400, -370, 
-619, -82, 536, 351, -578, 226, -405, -312, -351, -405, -405, -375, 
-619, -92, 527, 356, -573, 217, -400, -307, -351, -405, -409, -380, 
-624, -92, 531, 358, -578, 219, -395, -307, -356, -409, -414, -390, 
-629, -87, 541, 358, -585, 226, -400, -317, -356, -409, -429, -400, 
-634, -92, 541, 363, -588, 224, -400, -312, -356, -409, -429, -400, 
-634, -92, 541, 363, -588, 224, -400, -312, -356, -414, -429, -405, 
-639, -87, 551, 363, -595, 231, -395, -312, -361, -419, -434, -409, 
-644, -102, 541, 373, -592, 219, -380, -302, -351, -409, -429, -400, 
-644, -107, 536, 375, -590, 214, -380, -302, -351, -409, -429, -400, 
-649, -107, 541, 378, -595, 217, -380, -302, -361, -419, -429, -405, 
-649, -107, 541, 378, -595, 217, -380, -302, -361, -419, -434, -405, 
-649, -107, 541, 378, -595, 217, -375, -302, -361, -419, -434, -405, 
-649, -107, 541, 378, -595, 217, -375, -302, -361, -424, -434, -409, 
-649, -107, 541, 378, -595, 217, -380, -302, -361, -424, -434, -414, 
-649, -112, 536, 380, -592, 212, -380, -302, -356, -424, -434, -414, 
-649, -112, 536, 380, -592, 212, -375, -302, -346, -424, -439, -414, 
-649, -112, 536, 380, -592, 212, -375, -302, -356, -424, -439, -414, 
-649, -112, 536, 380, -592, 212, -370, -302, -356, -424, -439, -414, 
-649, -112, 536, 380, -592, 212, -366, -297, -356, -424, -439, -414, 
-653, -112, 541, 383, -597, 214, -375, -297, -356, -429, -439, -414, 
-653, -112, 541, 383, -597, 214, -375, -297, -356, -429, -444, -414, 
-653, -112, 541, 383, -597, 214, -370, -297, -351, -429, -444, -414, 
-653, -112, 541, 383, -597, 214, -370, -297, -351, -429, -444, -419, 
-658, -102, 556, 380, -607, 226, -375, -297, -351, -429, -444, -424, 
-658, -107, 551, 383, -605, 222, -375, -297, -351, -429, -444, -424, 
-658, -107, 551, 383, -605, 222, -375, -297, -351, -429, -444, -424, 
-653, -102, 551, 378, -602, 224, -375, -297, -356, -429, -448, -424, 
-653, -112, 541, 383, -597, 214, -366, -292, -356, -429, -448, -424, 
-653, -112, 541, 383, -597, 214, -366, -292, -356, -429, -444, -424, 
-653, -112, 541, 383, -597, 214, -366, -292, -356, -429, -444, -424, 
-653, -112, 541, 383, -597, 214, -366, -292, -356, -429, -444, -424, 
-653, -117, 536, 385, -595, 209, -361, -292, -356, -429, -444, -419, 
-653, -117, 536, 385, -595, 209, -361, -292, -356, -429, -444, -419, 
-653, -112, 541, 383, -597, 214, -361, -292, -356, -434, -444, -419, 
-653, -112, 541, 383, -597, 214, -361, -292, -351, -434, -444, -419, 
-653, -102, 551, 378, -602, 224, -370, -292, -351, -424, -444, -419, 
-653, -102, 551, 378, -602, 224, -370, -292, -351, -424, -444, -419, 
-653, -107, 546, 380, -600, 219, -370, -287, -351, -424, -444, -419, 
-653, -107, 546, 380, -600, 219, -375, -287, -351, -424, -439, -419, 
-653, -102, 551, 378, -602, 224, -366, -297, -341, -424, -448, -429, 
-653, -102, 551, 378, -602, 224, -361, -297, -341, -419, -448, -429, 
-653, -102, 551, 378, -602, 224, -356, -297, -341, -419, -448, -424, 
-653, -102, 551, 378, -602, 224, -356, -297, -341, -424, -448, -424, 
-649, -92, 556, 370, -602, 231, -366, -297, -341, -434, -448, -424, 
-649, -92, 556, 370, -602, 231, -366, -297, -341, -429, -448, -424, 
-649, -92, 556, 370, -602, 231, -366, -292, -336, -429, -448, -424, 
-644, -92, 551, 368, -597, 229, -370, -292, -336, -429, -448, -424, 
-644, -102, 541, 373, -592, 219, -370, -283, -326, -429, -439, -414, 
-644, -102, 541, 373, -592, 219, -370, -283, -326, -429, -439, -414, 
-644, -97, 546, 370, -595, 224, -370, -283, -331, -429, -439, -414, 
-644, -92, 551, 368, -597, 229, -370, -283, -331, -429, -439, -414, 
-644, -92, 551, 368, -597, 229, -366, -283, -336, -424, -439, -405, 
-644, -87, 556, 366, -600, 234, -366, -283, -336, -424, -439, -405, 
-644, -78, 566, 361, -605, 244, -366, -287, -336, -424, -439, -405, 
-639, -87, 551, 363, -595, 231, -370, -287, -336, -424, -439, -405, 
-634, -78, 556, 356, -595, 239, -380, -283, -331, -424, -434, -405, 
-634, -73, 561, 353, -597, 244, -380, -283, -331, -424, -434, -405, 
-634, -73, 561, 353, -597, 244, -380, -283, -331, -419, -434, -405, 
-629, -73, 556, 351, -592, 241, -380, -283, -326, -414, -434, -400, 
-624, -73, 551, 348, -588, 239, -380, -292, -326, -414, -434, -409, 
-619, -73, 546, 346, -583, 236, -380, -287, -326, -414, -434, -409, 
-614, -73, 541, 344, -578, 234, -380, -287, -326, -414, -429, -405, 
-610, -68, 541, 339, -575, 236, -380, -287, -326, -419, -429, -405, 
-614, -53, 561, 334, -588, 253, -380, -287, -326, -419, -429, -395, 
-610, -63, 546, 336, -578, 241, -380, -287, -326, -414, -429, -395, 
-610, -63, 546, 336, -578, 241, -380, -287, -326, -414, -429, -395, 
-605, -63, 541, 334, -573, 239, -380, -287, -326, -414, -429, -395, 
-605, -63, 541, 334, -573, 239, -380, -287, -317, -405, -414, -395, 
-605, -63, 541, 334, -573, 239, -380, -287, -317, -400, -414, -395, 
-600, -58, 541, 329, -570, 241, -380, -287, -322, -400, -414, -395, 
-600, -58, 541, 329, -570, 241, -380, -287, -322, -400, -414, -395, 
-600, -68, 531, 334, -566, 231, -380, -287, -312, -409, -424, -390, 
-600, -73, 527, 336, -563, 226, -380, -292, -312, -409, -424, -390, 
-600, -68, 531, 334, -566, 231, -380, -292, -317, -409, -424, -390, 
-595, -73, 522, 334, -558, 224, -385, -287, -317, -405, -419, -390, 
-590, -58, 531, 324, -561, 236, -395, -287, -326, -405, -429, -395, 
-590, -53, 536, 322, -563, 241, -395, -292, -326, -409, -429, -395, 
-585, -48, 536, 317, -561, 244, -395, -292, -326, -409, -429, -395, 
-585, -48, 536, 317, -561, 244, -395, -292, -326, -409, -429, -395, 
-585, -58, 527, 322, -556, 234, -395, -292, -317, -409, -429, -400, 
-590, -58, 531, 324, -561, 236, -395, -292, -317, -409, -429, -400, 
-590, -58, 531, 324, -561, 236, -390, -292, -317, -409, -429, -395, 
-585, -53, 531, 319, -558, 239, -390, -292, -317, -409, -429, -395, 
-585, -48, 536, 317, -561, 244, -385, -292, -317, -419, -434, -390, 
-585, -48, 536, 317, -561, 244, -380, -292, -317, -419, -434, -390, 
-585, -48, 536, 317, -561, 244, -375, -292, -317, -419, -429, -390, 
-585, -48, 536, 317, -561, 244, -370, -292, -317, -419, -429, -390, 
-585, -53, 531, 319, -558, 239, -380, -283, -326, -409, -429, -400, 
-585, -58, 527, 322, -556, 234, -380, -283, -326, -405, -429, -395, 
-585, -63, 522, 324, -553, 229, -380, -283, -326, -405, -429, -395, 
-585, -68, 517, 326, -551, 224, -380, -283, -326, -405, -429, -395, 
-580, -63, 517, 322, -549, 226, -380, -283, -326, -414, -439, -395, 
-580, -63, 517, 322, -549, 226, -380, -283, -326, -414, -439, -395, 
-580, -58, 522, 319, -551, 231, -380, -283, -326, -414, -439, -400, 
-580, -58, 522, 319, -551, 231, -385, -283, -326, -414, -439, -400, 
-580, -58, 522, 319, -551, 231, -385, -283, -326, -424, -439, -400, 
-580, -58, 522, 319, -551, 231, -385, -283, -326, -424, -439, -400, 
-580, -58, 522, 319, -551, 231, -380, -283, -326, -424, -439, -400, 
-580, -58, 522, 319, -551, 231, -380, -283, -326, -424, -439, -400, 
-580, -58, 522, 319, -551, 231, -380, -283, -326, -424, -439, -400, 
-575, -58, 517, 317, -546, 229, -380, -283, -326, -424, -439, -400, 
-575, -63, 512, 319, -544, 224, -380, -283, -326, -424, -439, -400, 
-575, -63, 512, 319, -544, 224, -380, -283, -331, -424, -439, -400, 
-585, -48, 536, 317, -561, 244, -380, -292, -322, -424, -429, -400, 
-585, -48, 536, 317, -561, 244, -380, -292, -322, -424, -429, -400, 
-585, -48, 536, 317, -561, 244, -380, -292, -326, -424, -434, -400, 
-585, -48, 536, 317, -561, 244, -380, -292, -326, -429, -434, -400, 
-575, -58, 517, 317, -546, 229, -380, -292, -326, -429, -434, -400, 
-575, -58, 517, 317, -546, 229, -380, -292, -326, -424, -434, -405, 
-575, -58, 517, 317, -546, 229, -380, -292, -322, -424, -434, -405, 
-575, -63, 512, 319, -544, 224, -380, -297, -322, -429, -434, -400, 
-575, -63, 512, 319, -544, 224, -375, -287, -322, -419, -439, -400, 
-575, -63, 512, 319, -544, 224, -375, -287, -322, -419, -439, -400, 
-575, -58, 517, 317, -546, 229, -375, -287, -326, -419, -444, -400, 
-575, -58, 517, 317, -546, 229, -375, -287, -326, -419, -444, -400, 
-575, -58, 517, 317, -546, 229, -380, -287, -326, -419, -434, -400, 
-575, -58, 517, 317, -546, 229, -380, -287, -326, -419, -439, -400, 
-575, -58, 517, 317, -546, 229, -380, -287, -326, -424, -439, -400, 
-575, -58, 517, 317, -546, 229, -380, -287, -326, -424, -439, -400, 
-580, -58, 522, 319, -551, 231, -370, -297, -322, -424, -439, -400, 
-580, -58, 522, 319, -551, 231, -370, -297, -322, -424, -439, -400, 
-580, -58, 522, 319, -551, 231, -370, -297, -317, -424, -434, -400, 
-580, -58, 522, 319, -551, 231, -370, -297, -317, -424, -434, -400, 
-580, -58, 522, 319, -551, 231, -380, -287, -326, -424, -444, -409, 
-575, -58, 517, 317, -546, 229, -380, -287, -326, -424, -444, -409, 
-575, -58, 517, 317, -546, 229, -380, -287, -326, -424, -448, -409, 
-575, -48, 527, 312, -551, 239, -380, -287, -331, -424, -448, -409, 
-575, -48, 527, 312, -551, 239, -380, -287, -322, -424, -448, -400, 
-570, -48, 522, 309, -546, 236, -380, -287, -317, -424, -448, -400, 
-570, -48, 522, 309, -546, 236, -380, -287, -317, -424, -448, -400, 
-570, -48, 522, 309, -546, 236, -380, -287, -317, -424, -448, -405, 
-570, -48, 522, 309, -546, 236, -370, -287, -317, -434, -448, -405, 
-570, -53, 517, 312, -544, 231, -370, -287, -317, -434, -448, -405, 
-570, -58, 512, 314, -541, 226, -370, -287, -322, -434, -448, -405, 
-570, -63, 507, 317, -539, 222, -370, -287, -322, -434, -448, -405, 
-570, -53, 517, 312, -544, 231, -380, -287, -312, -434, -444, -405, 
-570, -53, 517, 312, -544, 231, -375, -287, -312, -434, -444, -405, 
-570, -53, 517, 312, -544, 231, -375, -287, -307, -434, -444, -400, 
-570, -53, 517, 312, -544, 231, -375, -287, -307, -434, -444, -400, 
-566, -63, 502, 314, -534, 219, -370, -287, -307, -429, -439, -409, 
-566, -58, 507, 312, -536, 224, -370, -287, -307, -429, -439, -409, 
-566, -58, 507, 312, -536, 224, -370, -287, -307, -429, -439, -409, 
-566, -58, 507, 312, -536, 224, -375, -287, -307, -429, -439, -409, 
-566, -53, 512, 309, -539, 229, -366, -287, -307, -439, -448, -409, 
-566, -53, 512, 309, -539, 229, -366, -287, -307, -434, -448, -409, 
-566, -53, 512, 309, -539, 229, -366, -287, -307, -434, -448, -409, 
-566, -53, 512, 309, -539, 229, -366, -287, -307, -434, -448, -409, 
-556, -43, 512, 300, -534, 234, -361, -283, -307, -434, -444, -409, 
-556, -43, 512, 300, -534, 234, -361, -283, -307, -434, -444, -409, 
-551, -43, 507, 297, -529, 231, -366, -287, -307, -434, -444, -409, 
-551, -43, 507, 297, -529, 231, -366, -287, -307, -434, -444, -409, 
-561, -53, 507, 307, -534, 226, -356, -283, -307, -434, -444, -409, 
-561, -53, 507, 307, -534, 226, -356, -283, -307, -434, -444, -409, 
-561, -53, 507, 307, -534, 226, -356, -283, -307, -434, -444, -409, 
-561, -53, 507, 307, -534, 226, -356, -283, -307, -434, -444, -409, 
-561, -34, 527, 297, -544, 246, -370, -283, -307, -424, -444, -409, 
-561, -43, 517, 302, -539, 236, -370, -292, -307, -434, -448, -409, 
-561, -58, 502, 309, -531, 222, -370, -283, -307, -424, -448, -409, 
-566, -48, 517, 307, -541, 234, -370, -283, -302, -429, -448, -409, 
-556, -39, 517, 297, -536, 239, -370, -283, -302, -429, -448, -400, 
-556, -39, 517, 297, -536, 239, -370, -283, -302, -429, -448, -400, 
-556, -39, 517, 297, -536, 239, -370, -283, -302, -429, -448, -400, 
-556, -39, 517, 297, -536, 239, -370, -283, -302, -429, -448, -400, 
-566, -48, 517, 307, -541, 234, -370, -283, -302, -439, -448, -409, 
-566, -48, 517, 307, -541, 234, -370, -283, -302, -439, -448, -409, 
-566, -43, 522, 305, -544, 239, -370, -283, -302, -439, -448, -409, 
-566, -43, 522, 305, -544, 239, -370, -283, -302, -439, -448, -409, 
-556, -43, 512, 300, -534, 234, -370, -292, -292, -429, -434, -409, 
-546, -34, 512, 290, -529, 239, -375, -292, -292, -429, -429, -405, 
-546, -14, 531, 280, -539, 258, -380, -292, -292, -419, -429, -400, 
-546, -9, 536, 278, -541, 263, -385, -292, -283, -419, -424, -390, 
-541, -4, 536, 273, -539, 265, -400, -287, -287, -419, -424, -380, 
-541, 4, 546, 268, -544, 275, -400, -292, -283, -414, -429, -380, 
-541, 4, 546, 268, -544, 275, -400, -292, -278, -409, -434, -375, 
-536, 4, 541, 265, -539, 273, -400, -287, -273, -409, -429, -375, 
-536, 9, 546, 263, -541, 278, -385, -297, -263, -405, -419, -375, 
-536, 14, 551, 261, -544, 283, -385, -297, -258, -405, -419, -370, 
-536, 14, 551, 261, -544, 283, -395, -297, -258, -400, -414, -370, 
-541, 14, 556, 263, -549, 285, -400, -312, -258, -400, -414, -370, 
-541, 19, 561, 261, -551, 290, -405, -322, -244, -390, -414, -370, 
-536, 19, 556, 258, -546, 287, -405, -322, -239, -385, -414, -366, 
-536, 24, 561, 256, -549, 292, -409, -331, -234, -385, -414, -366, 
-536, 29, 566, 253, -551, 297, -414, -336, -234, -385, -409, -366, 
-536, 39, 575, 248, -556, 307, -429, -336, -244, -395, -419, -370, 
-531, 43, 575, 244, -553, 309, -434, -341, -239, -390, -414, -370, 
-531, 48, 580, 241, -556, 314, -444, -346, -239, -390, -414, -370, 
-531, 48, 580, 241, -556, 314, -444, -346, -239, -385, -414, -370, 
-536, 48, 585, 244, -561, 317, -434, -336, -234, -385, -419, -375, 
-531, 58, 590, 236, -561, 324, -439, -346, -234, -385, -409, -370, 
-527, 78, 605, 224, -566, 341, -458, -356, -234, -385, -409, -366, 
-517, 82, 600, 217, -558, 341, -468, -361, -224, -385, -400, -361, 
-517, 97, 614, 209, -566, 356, -473, -366, -214, -375, -385, -341, 
-512, 102, 614, 204, -563, 358, -478, -375, -219, -370, -385, -341, 
-502, 102, 605, 200, -553, 353, -483, -375, -224, -366, -380, -336, 
-483, 102, 585, 190, -534, 344, -488, -375, -224, -356, -380, -331, 
-463, 107, 570, 178, -517, 339, -502, -385, -224, -356, -380, -317, 
-453, 107, 561, 173, -507, 334, -502, -385, -234, -356, -370, -317, 
-444, 97, 541, 173, -492, 319, -497, -375, -239, -356, -370, -317, 
-444, 97, 541, 173, -492, 319, -492, -375, -253, -361, -375, -326, 
-448, 92, 541, 178, -495, 317, -473, -366, -258, -385, -380, -331, 
-448, 78, 527, 185, -488, 302, -458, -356, -268, -390, -385, -331, 
-453, 73, 527, 190, -490, 300, -448, -351, -268, -395, -385, -336, 
-458, 73, 531, 192, -495, 302, -444, -346, -278, -400, -395, -346, 
-463, 53, 517, 204, -490, 285, -439, -331, -278, -395, -400, -351, 
-468, 43, 512, 212, -490, 278, -434, -331, -278, -400, -405, -356, 
-478, 43, 522, 217, -500, 283, -429, -331, -278, -400, -405, -356, 
-483, 43, 527, 219, -505, 285, -424, -331, -273, -400, -409, -356, 
-492, 34, 527, 229, -509, 280, -424, -331, -283, -409, -419, -366, 
-507, 34, 541, 236, -524, 287, -419, -326, -283, -414, -424, -375, 
-517, 24, 541, 246, -529, 283, -409, -322, -297, -424, -429, -385, 
-522, 9, 531, 256, -527, 270, -395, -317, -287, -424, -434, -385, 
-527, 0, 527, 263, -527, 263, -390, -307, -287, -424, -434, -385, 
-531, 0, 531, 265, -531, 265, -385, -307, -287, -424, -439, -385, 
-531, -9, 522, 270, -527, 256, -385, -297, -287, -424, -439, -385, 
-531, -19, 512, 275, -522, 246, -375, -292, -287, -429, -444, -390, 
-531, -29, 502, 280, -517, 236, -366, -283, -292, -439, -448, -395, 
-531, -34, 497, 283, -514, 231, -366, -283, -302, -444, -453, -409, 
-531, -34, 497, 283, -514, 231, -361, -283, -307, -444, -453, -409, 
-541, -34, 507, 287, -524, 236, -361, -283, -307, -448, -458, -409, 
-541, -39, 502, 290, -522, 231, -361, -283, -312, -453, -463, -414, 
-541, -48, 492, 295, -517, 222, -351, -283, -312, -453, -463, -419, 
-541, -53, 488, 297, -514, 217, -351, -283, -312, -453, -468, -419, 
-541, -53, 488, 297, -514, 217, -351, -278, -312, -453, -468, -419, 
-541, -58, 483, 300, -512, 212, -341, -278, -302, -453, -468, -419, 
-541, -58, 483, 300, -512, 212, -336, -278, -302, -458, -468, -419, 
-546, -53, 492, 300, -519, 219, -336, -278, -302, -458, -468, -419, 
-546, -53, 492, 300, -519, 219, -331, -273, -302, -463, -473, -419, 
-546, -68, 478, 307, -512, 204, -331, -278, -302, -453, -473, -414, 
-546, -58, 488, 302, -517, 214, -331, -278, -307, -453, -473, -414, 
-551, -58, 492, 305, -522, 217, -331, -278, -307, -453, -473, -424, 
-551, -58, 492, 305, -522, 217, -326, -278, -302, -448, -468, -424, 
-561, -58, 502, 309, -531, 222, -326, -268, -302, -448, -468, -424, 
-561, -58, 502, 309, -531, 222, -326, -268, -302, -448, -468, -424, 
-556, -63, 492, 309, -524, 214, -322, -268, -302, -448, -468, -424, 
-556, -63, 492, 309, -524, 214, -322, -263, -302, -448, -468, -424, 
-546, -63, 483, 305, -514, 209, -322, -263, -292, -458, -473, -424, 
-546, -63, 483, 305, -514, 209, -322, -263, -292, -458, -473, -424, 
-546, -63, 483, 305, -514, 209, -322, -263, -292, -458, -473, -424, 
-546, -58, 488, 302, -517, 214, -322, -263, -292, -458, -473, -429, 
-546, -58, 488, 302, -517, 214, -331, -273, -297, -458, -473, -429, 
-546, -63, 483, 305, -514, 209, -326, -273, -297, -458, -473, -424, 
-546, -63, 483, 305, -514, 209, -326, -273, -297, -458, -473, -424, 
-546, -63, 483, 305, -514, 209, -326, -273, -297, -458, -473, -424, 
-546, -53, 492, 300, -519, 219, -326, -273, -287, -458, -473, -424, 
-546, -53, 492, 300, -519, 219, -326, -273, -287, -458, -473, -424, 
-541, -48, 492, 295, -517, 222, -331, -273, -292, -463, -473, -424, 
-541, -48, 492, 295, -517, 222, -331, -273, -292, -463, -473, -424, 
-551, -58, 492, 305, -522, 217, -317, -273, -297, -458, -483, -424, 
-551, -58, 492, 305, -522, 217, -317, -273, -297, -458, -483, -424, 
-551, -58, 492, 305, -522, 217, -317, -273, -297, -458, -483, -424, 
-551, -58, 492, 305, -522, 217, -317, -273, -297, -458, -483, -419, 
-536, -68, 468, 302, -502, 200, -317, -263, -283, -439, -468, -419, 
-536, -53, 483, 295, -509, 214, -312, -253, -273, -448, -468, -419, 
-531, -39, 492, 285, -512, 226, -322, -244, -253, -434, -463, -424, 
-536, -29, 507, 283, -522, 239, -317, -234, -204, -409, -439, -405, 
-527, 9, 536, 258, -531, 273, -317, -224, -146, -361, -405, -366, 
-507, 63, 570, 222, -539, 317, -341, -234, -92, -312, -356, -326, 
-463, 92, 556, 185, -509, 324, -361, -229, -53, -248, -302, -263, 
-390, 126, 517, 131, -453, 322, -375, -219, -34, -209, -263, -219, 
-307, 141, 448, 82, -378, 295, -400, -209, -34, -185, -239, -185, 
-209, 156, 366, 26, -287, 261, -429, -195, -29, -151, -209, -136, 
-92, 185, 278, -46, -185, 231, -473, -175, -4, -102, -156, -68, 
24, 234, 209, -129, -92, 222, -527, -165, 14, -53, -107, 4, 
146, 283, 136, -214, 4, 209, -585, -175, 9, -14, -53, 78, 
234, 312, 78, -273, 78, 195, -644, -248, -29, 29, 0, 161, 
287, 361, 73, -324, 107, 217, -717, -366, -107, 43, 58, 234, 
317, 409, 92, -363, 112, 251, -751, -458, -136, 58, 97, 287, 
331, 434, 102, -383, 114, 268, -775, -531, -165, 78, 126, 336, 
287, 453, 165, -370, 61, 309, -795, -605, -219, 53, 117, 326, 
165, 429, 263, -297, -48, 346, -775, -653, -258, -9, 58, 258, 
-24, 366, 390, -170, -207, 378, -697, -653, -239, -82, -24, 156, 
-214, 307, 522, -46, -368, 414, -600, -614, -234, -180, -136, 19, 
-370, 287, 658, 41, -514, 473, -527, -575, -224, -268, -248, -122, 
-546, 239, 785, 153, -666, 512, -453, -536, -219, -341, -341, -253, 
-741, 126, 868, 307, -805, 497, -341, -473, -258, -439, -448, -385, 
-883, 39, 922, 422, -902, 480, -248, -395, -331, -546, -546, -497, 
-971, -14, 956, 492, -963, 470, -175, -336, -370, -605, -600, -546, 
-1015, -73, 941, 544, -978, 434, -126, -307, -390, -644, -629, -585, 
-1024, -136, 888, 580, -956, 375, -87, -287, -483, -722, -697, -644, 
-1024, -195, 829, 610, -927, 317, -58, -273, -595, -785, -746, -683, 
-1034, -244, 790, 639, -912, 273, -34, -263, -639, -810, -761, -688, 
-1024, -263, 761, 644, -893, 248, -24, -263, -653, -814, -771, -697, 
-1024, -258, 766, 641, -895, 253, -24, -273, -678, -839, -790, -717, 
-995, -258, 736, 627, -866, 239, -34, -273, -688, -839, -790, -702, 
-936, -248, 688, 592, -812, 219, -58, -258, -678, -805, -756, -673, 
-878, -209, 668, 544, -773, 229, -102, -258, -639, -766, -717, -644, 
-819, -175, 644, 497, -732, 234, -126, -248, -580, -727, -688, -624, 
-756, -131, 624, 444, -690, 246, -175, -244, -527, -678, -644, -575, 
-692, -92, 600, 392, -646, 253, -229, -229, -478, -624, -605, -541, 
-639, -58, 580, 348, -610, 261, -263, -195, -448, -580, -566, -507, 
-590, -34, 556, 312, -573, 261, -278, -141, -429, -551, -546, -488, 
-551, -24, 527, 287, -539, 251, -283, -107, -395, -527, -531, -463, 
-536, -4, 531, 270, -534, 263, -297, -107, -370, -497, -512, -444, 
-531, 4, 536, 263, -534, 270, -297, -122, -331, -478, -492, -419, 
-522, 0, 522, 261, -522, 261, -297, -161, -307, -468, -473, -409, 
-512, -9, 502, 261, -507, 246, -287, -185, -292, -468, -483, -414, 
-502, -9, 492, 256, -497, 241, -283, -190, -273, -463, -473, -414, 
-497, -9, 488, 253, -492, 239, -287, -185, -253, -453, -473, -409, 
-483, 0, 483, 241, -483, 241, -287, -204, -253, -453, -463, -405, 
-483, 0, 483, 241, -483, 241, -297, -209, -253, -453, -463, -409, 
-483, 0, 483, 241, -483, 241, -312, -209, -244, -439, -448, -395, 
-473, 0, 473, 236, -473, 236, -317, -209, -234, -419, -444, -385, 
-483, 9, 492, 236, -488, 251, -331, -219, -244, -429, -444, -385, 
-483, 14, 497, 234, -490, 256, -331, -219, -244, -429, -448, -385, 
-478, 9, 488, 234, -483, 248, -331, -219, -239, -424, -448, -385, 
-473, 14, 488, 229, -480, 251, -326, -219, -234, -424, -453, -385, 
-463, 9, 473, 226, -468, 241, -317, -224, -239, -434, -453, -395, 
-458, 0, 458, 229, -458, 229, -317, -224, -234, -434, -448, -395, 
-458, 9, 468, 224, -463, 239, -322, -224, -234, -434, -448, -395, 
-458, 14, 473, 222, -466, 244, -331, -229, -234, -434, -448, -390, 
-453, 14, 468, 219, -461, 241, -336, -219, -219, -429, -453, -385, 
-448, 24, 473, 212, -461, 248, -341, -229, -219, -429, -448, -385, 
-448, 29, 478, 209, -463, 253, -341, -229, -219, -424, -448, -385, 
-444, 29, 473, 207, -458, 251, -331, -224, -219, -424, -448, -385, 
-448, 29, 478, 209, -463, 253, -322, -224, -224, -414, -439, -375, 
-448, 29, 478, 209, -463, 253, -326, -224, -224, -414, -439, -375, 
-448, 24, 473, 212, -461, 248, -326, -219, -224, -414, -434, -370, 
-444, 24, 468, 209, -456, 246, -322, -219, -224, -409, -434, -366, 
-434, 34, 468, 200, -451, 251, -331, -224, -214, -409, -434, -366, 
-434, 39, 473, 197, -453, 256, -336, -224, -209, -409, -429, -366, 
-429, 39, 468, 195, -448, 253, -336, -224, -209, -409, -429, -366, 
-429, 48, 478, 190, -453, 263, -341, -224, -209, -409, -429, -370, 
-434, 48, 483, 192, -458, 265, -341, -234, -209, -419, -439, -380, 
-434, 48, 483, 192, -458, 265, -341, -229, -209, -419, -439, -375, 
-434, 48, 483, 192, -458, 265, -336, -229, -209, -419, -439, -366, 
-429, 48, 478, 190, -453, 263, -336, -229, -209, -419, -439, -366, 
-419, 43, 463, 187, -441, 253, -336, -219, -209, -405, -429, -356, 
-419, 43, 463, 187, -441, 253, -341, -219, -204, -405, -429, -356, 
-414, 43, 458, 185, -436, 251, -341, -219, -204, -405, -429, -361, 
-414, 48, 463, 183, -439, 256, -346, -219, -200, -405, -429, -361, 
-405, 58, 463, 173, -434, 261, -351, -229, -200, -405, -424, -356, 
-400, 58, 458, 170, -429, 258, -356, -229, -200, -400, -419, -356, 
-400, 63, 463, 168, -431, 263, -356, -229, -200, -400, -419, -356, 
-400, 63, 463, 168, -431, 263, -356, -229, -200, -395, -419, -356, 
-405, 53, 458, 175, -431, 256, -356, -219, -190, -395, -419, -346, 
-405, 58, 463, 173, -434, 261, -361, -219, -190, -395, -419, -346, 
-405, 58, 463, 173, -434, 261, -361, -219, -190, -395, -414, -346, 
-400, 58, 458, 170, -429, 258, -356, -219, -190, -385, -414, -341, 
-400, 58, 458, 170, -429, 258, -346, -209, -180, -395, -414, -351, 
-390, 58, 448, 165, -419, 253, -346, -209, -180, -395, -414, -351, 
-390, 58, 448, 165, -419, 253, -346, -209, -170, -395, -414, -341, 
-390, 58, 448, 165, -419, 253, -351, -209, -170, -395, -414, -341, 
-390, 82, 473, 153, -431, 278, -361, -219, -180, -385, -414, -341, 
-390, 73, 463, 158, -427, 268, -356, -219, -175, -385, -405, -336, 
-390, 73, 463, 158, -427, 268, -356, -219, -175, -385, -405, -336, 
-380, 82, 463, 148, -422, 273, -361, -219, -180, -385, -409, -341, 
-370, 82, 453, 143, -412, 268, -361, -209, -180, -385, -409, -341, 
-370, 82, 453, 143, -412, 268, -361, -209, -175, -380, -400, -336, 
-370, 87, 458, 141, -414, 273, -366, -209, -175, -375, -400, -336, 
-366, 87, 453, 139, -409, 270, -366, -209, -175, -375, -400, -336, 
-366, 78, 444, 143, -405, 261, -356, -204, -161, -366, -390, -322, 
-361, 82, 444, 139, -402, 263, -361, -204, -161, -366, -390, -322, 
-361, 87, 448, 136, -405, 268, -366, -204, -161, -366, -390, -322, 
-356, 87, 444, 134, -400, 265, -366, -204, -161, -361, -385, -317, 
-351, 92, 444, 129, -397, 268, -366, -214, -161, -361, -380, -312, 
-351, 102, 453, 124, -402, 278, -370, -214, -161, -366, -380, -312, 
-351, 102, 453, 124, -402, 278, -370, -214, -161, -366, -380, -312, 
-356, 102, 458, 126, -407, 280, -370, -214, -156, -356, -375, -307, 
-346, 122, 468, 112, -407, 295, -366, -204, -156, -356, -385, -312, 
-346, 122, 468, 112, -407, 295, -366, -204, -156, -356, -380, -307, 
-336, 126, 463, 104, -400, 295, -370, -204, -151, -341, -380, -302, 
-331, 131, 463, 100, -397, 297, -370, -204, -151, -341, -375, -302, 
-326, 136, 463, 95, -395, 300, -380, -204, -146, -351, -385, -292, 
-326, 136, 463, 95, -395, 300, -380, -200, -141, -346, -375, -287, 
-322, 136, 458, 92, -390, 297, -390, -200, -136, -346, -375, -283, 
-317, 146, 463, 85, -390, 305, -390, -204, -136, -346, -375, -283, 
-317, 146, 463, 85, -390, 305, -390, -204, -136, -331, -361, -278, 
-312, 151, 463, 80, -387, 307, -390, -204, -131, -331, -356, -273, 
-307, 156, 463, 75, -385, 309, -395, -204, -131, -331, -356, -273, 
-302, 161, 463, 70, -383, 312, -395, -204, -131, -326, -356, -273, 
-297, 156, 453, 70, -375, 305, -385, -204, -117, -317, -346, -263, 
-292, 156, 448, 68, -370, 302, -390, -204, -117, -312, -341, -258, 
-287, 161, 448, 63, -368, 305, -400, -204, -117, -307, -336, -253, 
-283, 165, 448, 58, -366, 307, -405, -204, -112, -302, -331, -248, 
-273, 170, 444, 51, -358, 307, -405, -204, -117, -307, -326, -248, 
-263, 185, 448, 39, -356, 317, -409, -204, -117, -307, -322, -244, 
-263, 185, 448, 39, -356, 317, -414, -204, -117, -302, -322, -239, 
-253, 185, 439, 34, -346, 312, -419, -204, -112, -297, -307, -229, 
-253, 204, 458, 24, -356, 331, -434, -204, -102, -283, -307, -229, 
-248, 214, 463, 17, -356, 339, -434, -204, -97, -278, -307, -224, 
-239, 214, 453, 12, -346, 334, -439, -204, -97, -273, -302, -219, 
-229, 224, 453, 2, -341, 339, -439, -204, -97, -268, -297, -214, 
-234, 239, 473, -2, -353, 356, -434, -200, -87, -263, -292, -200, 
-229, 239, 468, -4, -348, 353, -439, -200, -82, -258, -287, -190, 
-224, 239, 463, -7, -344, 351, -444, -200, -78, -248, -278, -180, 
-224, 248, 473, -12, -348, 361, -448, -204, -78, -248, -273, -180, 
-204, 253, 458, -24, -331, 356, -463, -214, -87, -234, -268, -185, 
-200, 253, 453, -26, -326, 353, -468, -214, -78, -224, -258, -180, 
-195, 268, 463, -36, -329, 366, -473, -214, -78, -219, -258, -175, 
-190, 278, 468, -43, -329, 373, -478, -214, -78, -219, -258, -170, 
-185, 278, 463, -46, -324, 370, -468, -214, -63, -224, -239, -156, 
-180, 283, 463, -51, -322, 373, -473, -219, -63, -219, -234, -151, 
-175, 297, 473, -61, -324, 385, -478, -219, -63, -214, -229, -151, 
-175, 297, 473, -61, -324, 385, -483, -219, -63, -209, -224, -141, 
-170, 307, 478, -68, -324, 392, -488, -219, -63, -214, -229, -131, 
-165, 317, 483, -75, -324, 400, -488, -229, -63, -209, -224, -131, 
-165, 317, 483, -75, -324, 400, -492, -229, -63, -204, -219, -126, 
-165, 322, 488, -78, -326, 405, -497, -229, -58, -200, -214, -122, 
-151, 312, 463, -80, -307, 387, -497, -234, -58, -200, -214, -117, 
-151, 317, 468, -82, -309, 392, -502, -234, -58, -200, -214, -117, 
-146, 322, 468, -87, -307, 395, -502, -234, -53, -195, -209, -112, 
-146, 326, 473, -90, -309, 400, -502, -244, -53, -195, -209, -112, 
-161, 341, 502, -90, -331, 422, -502, -248, -53, -185, -209, -112, 
-161, 341, 502, -90, -331, 422, -502, -248, -53, -185, -204, -107, 
-161, 341, 502, -90, -331, 422, -507, -248, -53, -185, -204, -107, 
-161, 346, 507, -92, -334, 427, -507, -253, -53, -185, -204, -107, 
-165, 346, 512, -90, -339, 429, -507, -263, -53, -180, -200, -107, 
-165, 346, 512, -90, -339, 429, -507, -263, -53, -180, -200, -107, 
-165, 351, 517, -92, -341, 434, -507, -268, -53, -185, -200, -107, 
-165, 351, 517, -92, -341, 434, -507, -268, -53, -185, -200, -107, 
-165, 346, 512, -90, -339, 429, -517, -268, -53, -180, -200, -107, 
-170, 346, 517, -87, -344, 431, -517, -268, -53, -180, -200, -112, 
-170, 341, 512, -85, -341, 427, -512, -273, -58, -185, -204, -112, 
-170, 341, 512, -85, -341, 427, -512, -273, -58, -185, -204, -112, 
-175, 336, 512, -80, -344, 424, -497, -263, -53, -185, -209, -112, 
-180, 331, 512, -75, -346, 422, -497, -268, -53, -195, -214, -122, 
-195, 322, 517, -63, -356, 419, -483, -268, -48, -200, -219, -131, 
-195, 312, 507, -58, -351, 409, -483, -268, -48, -200, -219, -131, 
-204, 312, 517, -53, -361, 414, -483, -273, -53, -200, -219, -131, 
-209, 307, 517, -48, -363, 412, -473, -273, -53, -204, -224, -146, 
-219, 292, 512, -36, -366, 402, -468, -273, -53, -209, -229, -151, 
-224, 292, 517, -34, -370, 405, -463, -278, -53, -214, -239, -161, 
-229, 292, 522, -31, -375, 407, -458, -278, -53, -224, -253, -170, 
-234, 278, 512, -21, -373, 395, -453, -273, -53, -239, -258, -175, 
-244, 263, 507, -9, -375, 385, -448, -273, -53, -244, -263, -185, 
-248, 263, 512, -7, -380, 387, -444, -273, -58, -253, -278, -195, 
-268, 263, 531, 2, -400, 397, -439, -273, -68, -258, -283, -204, 
-273, 248, 522, 12, -397, 385, -434, -273, -68, -263, -287, -209, 
-283, 244, 527, 19, -405, 385, -424, -268, -78, -268, -297, -219, 
-287, 234, 522, 26, -405, 378, -419, -268, -78, -278, -307, -224, 
-302, 209, 512, 46, -407, 361, -409, -268, -82, -283, -307, -234, 
-307, 200, 507, 53, -407, 353, -405, -268, -87, -292, -322, -244, 
-317, 200, 517, 58, -417, 358, -405, -268, -92, -302, -326, -248, 
-317, 190, 507, 63, -412, 348, -395, -268, -92, -302, -326, -258, 
-322, 180, 502, 70, -412, 341, -385, -268, -97, -312, -336, -258, 
-331, 180, 512, 75, -422, 346, -385, -268, -102, -322, -346, -273, 
-336, 170, 507, 82, -422, 339, -380, -268, -107, -331, -351, -273, 
-336, 165, 502, 85, -419, 334, -366, -263, -107, -331, -351, -273, 
-341, 175, 517, 82, -429, 346, -366, -253, -112, -336, -370, -283, 
-346, 170, 517, 87, -431, 344, -366, -253, -117, -346, -375, -287, 
-346, 161, 507, 92, -427, 334, -361, -248, -117, -346, -380, -292, 
-351, 161, 512, 95, -431, 336, -356, -248, -122, -351, -385, -302, 
-356, 151, 507, 102, -431, 329, -341, -248, -122, -351, -380, -292, 
-361, 141, 502, 109, -431, 322, -341, -244, -122, -351, -380, -292, 
-361, 136, 497, 112, -429, 317, -341, -244, -122, -356, -380, -297, 
-366, 136, 502, 114, -434, 319, -336, -244, -126, -361, -385, -302, 
-370, 141, 512, 114, -441, 326, -336, -253, -126, -361, -390, -312, 
-370, 136, 507, 117, -439, 322, -341, -253, -126, -361, -390, -312, 
-375, 136, 512, 119, -444, 324, -346, -253, -136, -370, -390, -317, 
-375, 136, 512, 119, -444, 324, -351, -253, -136, -370, -395, -317, 
-366, 126, 492, 119, -429, 309, -341, -244, -136, -370, -405, -317, 
-366, 126, 492, 119, -429, 309, -336, -244, -136, -375, -405, -322, 
-366, 126, 492, 119, -429, 309, -336, -244, -136, -375, -405, -326, 
-366, 122, 488, 122, -427, 305, -331, -244, -131, -375, -405, -326, 
-366, 131, 497, 117, -431, 314, -336, -244, -131, -375, -409, -326, 
-366, 131, 497, 117, -431, 314, -336, -244, -141, -375, -409, -326, 
-366, 131, 497, 117, -431, 314, -331, -244, -141, -375, -409, -326, 
-366, 131, 497, 117, -431, 314, -326, -239, -141, -375, -409, -326, 
-370, 122, 492, 124, -431, 307, -326, -248, -141, -370, -400, -326, 
-370, 122, 492, 124, -431, 307, -326, -248, -141, -370, -405, -326, 
-370, 122, 492, 124, -431, 307, -322, -248, -136, -370, -405, -326, 
-370, 122, 492, 124, -431, 307, -322, -248, -136, -370, -405, -331, 
-375, 122, 497, 126, -436, 309, -317, -248, -136, -375, -405, -336, 
-375, 117, 492, 129, -434, 305, -317, -248, -136, -380, -405, -336, 
-375, 117, 492, 129, -434, 305, -317, -248, -136, -385, -405, -336, 
-370, 122, 492, 124, -431, 307, -317, -248, -141, -390, -409, -336, 
-370, 131, 502, 119, -436, 317, -317, -244, -131, -390, -409, -326, 
-370, 131, 502, 119, -436, 317, -317, -244, -131, -390, -405, -326, 
-370, 131, 502, 119, -436, 317, -317, -244, -131, -390, -405, -326, 
-370, 131, 502, 119, -436, 317, -317, -244, -131, -390, -405, -326, 
-370, 117, 488, 126, -429, 302, -312, -234, -131, -380, -405, -331, 
-370, 117, 488, 126, -429, 302, -312, -234, -131, -380, -405, -331, 
-370, 122, 492, 124, -431, 307, -312, -234, -131, -385, -405, -331, 
-370, 122, 492, 124, -431, 307, -312, -234, -126, -385, -405, -331, 
-370, 122, 492, 124, -431, 307, -312, -234, -136, -385, -405, -331, 
-370, 122, 492, 124, -431, 307, -312, -234, -136, -385, -405, -331, 
-370, 117, 488, 126, -429, 302, -312, -229, -136, -385, -405, -331, 
-370, 117, 488, 126, -429, 302, -317, -229, -136, -385, -400, -331, 
-370, 131, 502, 119, -436, 317, -326, -239, -136, -385, -400, -331, 
-370, 131, 502, 119, -436, 317, -322, -239, -136, -380, -400, -331, 
-370, 131, 502, 119, -436, 317, -317, -239, -136, -380, -400, -326, 
-370, 131, 502, 119, -436, 317, -317, -239, -136, -385, -400, -326, 
-375, 131, 507, 122, -441, 319, -317, -229, -126, -385, -400, -326, 
-375, 131, 507, 122, -441, 319, -317, -229, -126, -380, -400, -326, 
-375, 131, 507, 122, -441, 319, -317, -224, -122, -380, -400, -326, 
-370, 131, 502, 119, -436, 317, -322, -224, -122, -380, -400, -326, 
-370, 131, 502, 119, -436, 317, -331, -234, -122, -380, -400, -317, 
-370, 131, 502, 119, -436, 317, -331, -234, -122, -380, -400, -317, 
-370, 136, 507, 117, -439, 322, -331, -234, -126, -380, -400, -317, 
-370, 141, 512, 114, -441, 326, -331, -234, -126, -380, -400, -317, 
-361, 141, 502, 109, -431, 322, -326, -224, -122, -375, -400, -326, 
-361, 146, 507, 107, -434, 326, -326, -224, -122, -375, -400, -326, 
-361, 156, 517, 102, -439, 336, -326, -229, -122, -375, -400, -326, 
-356, 146, 502, 104, -429, 324, -331, -229, -122, -375, -400, -326, 
-351, 156, 507, 97, -429, 331, -322, -234, -117, -375, -395, -317, 
-351, 161, 512, 95, -431, 336, -322, -234, -117, -375, -395, -317, 
-351, 161, 512, 95, -431, 336, -322, -234, -117, -370, -395, -317, 
-346, 161, 507, 92, -427, 334, -322, -234, -112, -366, -395, -312, 
-356, 161, 517, 97, -436, 339, -312, -234, -102, -356, -385, -312, 
-356, 161, 517, 97, -436, 339, -312, -229, -102, -356, -385, -312, 
-356, 161, 517, 97, -436, 339, -312, -229, -102, -356, -380, -307, 
-356, 165, 522, 95, -439, 344, -312, -229, -102, -361, -380, -307, 
-341, 180, 522, 80, -431, 351, -322, -229, -112, -361, -380, -307, 
-336, 170, 507, 82, -422, 339, -322, -229, -112, -356, -380, -307, 
-336, 170, 507, 82, -422, 339, -322, -229, -112, -356, -380, -307, 
-331, 170, 502, 80, -417, 336, -322, -229, -112, -356, -380, -307, 
-331, 170, 502, 80, -417, 336, -322, -229, -102, -356, -385, -307, 
-331, 170, 502, 80, -417, 336, -322, -229, -102, -351, -385, -307, 
-326, 175, 502, 75, -414, 339, -322, -229, -107, -351, -385, -307, 
-326, 175, 502, 75, -414, 339, -322, -229, -107, -351, -385, -307, 
-326, 180, 507, 73, -417, 344, -322, -229, -97, -351, -385, -302, 
-326, 180, 507, 73, -417, 344, -322, -234, -97, -351, -385, -302, 
-326, 190, 517, 68, -422, 353, -322, -234, -102, -351, -385, -302, 
-322, 190, 512, 65, -417, 351, -326, -229, -102, -346, -380, -302, 
-317, 185, 502, 65, -409, 344, -317, -219, -102, -346, -380, -297, 
-317, 180, 497, 68, -407, 339, -317, -224, -102, -351, -380, -297, 
-312, 175, 488, 68, -400, 331, -317, -224, -102, -351, -380, -297, 
-312, 165, 478, 73, -395, 322, -317, -224, -102, -351, -380, -297, 
-312, 175, 488, 68, -400, 331, -322, -234, -102, -361, -370, -302, 
-317, 175, 492, 70, -405, 334, -326, -234, -102, -361, -370, -302, 
-317, 175, 492, 70, -405, 334, -326, -234, -102, -361, -370, -297, 
-312, 180, 492, 65, -402, 336, -331, -234, -102, -361, -370, -297, 
-312, 185, 497, 63, -405, 341, -331, -234, -102, -351, -366, -292, 
-312, 185, 497, 63, -405, 341, -331, -234, -102, -351, -366, -292, 
-312, 185, 497, 63, -405, 341, -331, -234, -102, -351, -361, -292, 
-312, 185, 497, 63, -405, 341, -331, -234, -102, -351, -361, -292, 
-302, 185, 488, 58, -395, 336, -331, -224, -102, -351, -370, -292, 
-302, 185, 488, 58, -395, 336, -331, -224, -102, -346, -370, -287, 
-302, 185, 488, 58, -395, 336, -331, -224, -102, -346, -370, -287, 
-302, 185, 488, 58, -395, 336, -331, -224, -102, -346, -370, -287, 
-307, 180, 488, 63, -397, 334, -322, -234, -102, -356, -370, -287, 
-307, 180, 488, 63, -397, 334, -322, -234, -102, -356, -370, -287, 
-307, 185, 492, 61, -400, 339, -322, -234, -102, -356, -370, -292, 
-307, 185, 492, 61, -400, 339, -326, -234, -102, -356, -370, -292, 
-307, 175, 483, 65, -395, 329, -326, -224, -102, -356, -370, -292, 
-307, 175, 483, 65, -395, 329, -326, -224, -102, -356, -370, -292, 
-307, 175, 483, 65, -395, 329, -322, -224, -102, -356, -370, -292, 
-307, 175, 483, 65, -395, 329, -322, -224, -102, -356, -370, -292, 
-307, 175, 483, 65, -395, 329, -322, -224, -102, -356, -370, -292, 
-302, 175, 478, 63, -390, 326, -322, -224, -102, -356, -370, -292, 
-302, 170, 473, 65, -387, 322, -322, -224, -102, -356, -370, -292, 
-302, 170, 473, 65, -387, 322, -322, -224, -107, -356, -370, -292, 
-302, 185, 488, 58, -395, 336, -331, -234, -107, -356, -380, -302, 
-302, 185, 488, 58, -395, 336, -331, -234, -107, -356, -380, -302, 
-302, 185, 488, 58, -395, 336, -331, -234, -112, -356, -385, -302, 
-302, 185, 488, 58, -395, 336, -331, -234, -112, -361, -385, -302, 
-302, 175, 478, 63, -390, 326, -322, -224, -112, -361, -375, -292, 
-302, 175, 478, 63, -390, 326, -322, -224, -112, -356, -375, -297, 
-302, 175, 478, 63, -390, 326, -322, -224, -107, -356, -375, -297, 
-302, 170, 473, 65, -387, 322, -322, -229, -107, -361, -375, -292, 
-302, 170, 473, 65, -387, 322, -317, -229, -107, -351, -380, -292, 
-302, 170, 473, 65, -387, 322, -317, -229, -107, -351, -380, -292, 
-302, 175, 478, 63, -390, 326, -317, -229, -112, -351, -385, -292, 
-302, 175, 478, 63, -390, 326, -317, -229, -112, -351, -385, -292, 
-302, 175, 478, 63, -390, 326, -331, -219, -112, -351, -375, -292, 
-302, 175, 478, 63, -390, 326, -331, -219, -112, -351, -380, -292, 
-302, 175, 478, 63, -390, 326, -331, -219, -112, -356, -380, -292, 
-302, 175, 478, 63, -390, 326, -331, -219, -112, -356, -380, -292, 
-307, 175, 483, 65, -395, 329, -326, -219, -107, -356, -370, -292, 
-307, 175, 483, 65, -395, 329, -322, -219, -107, -356, -370, -292, 
-307, 175, 483, 65, -395, 329, -317, -219, -102, -356, -366, -292, 
-307, 175, 483, 65, -395, 329, -312, -219, -102, -356, -366, -292, 
-297, 185, 483, 56, -390, 334, -322, -229, -112, -356, -375, -302, 
-292, 185, 478, 53, -385, 331, -322, -229, -112, -356, -375, -302, 
-292, 185, 478, 53, -385, 331, -322, -229, -112, -356, -380, -302, 
-292, 195, 488, 48, -390, 341, -322, -229, -117, -356, -380, -302, 
-292, 185, 478, 53, -385, 331, -312, -229, -117, -356, -380, -292, 
-287, 185, 473, 51, -380, 329, -312, -229, -112, -356, -380, -292, 
-287, 185, 473, 51, -380, 329, -312, -229, -112, -356, -380, -292, 
-287, 185, 473, 51, -380, 329, -312, -229, -112, -356, -380, -297, 
-297, 195, 492, 51, -395, 344, -312, -229, -102, -356, -380, -297, 
-297, 190, 488, 53, -392, 339, -312, -229, -102, -356, -380, -297, 
-297, 185, 483, 56, -390, 334, -312, -229, -107, -356, -380, -297, 
-297, 180, 478, 58, -387, 329, -312, -229, -107, -356, -380, -297, 
-287, 180, 468, 53, -378, 324, -322, -219, -107, -356, -375, -297, 
-287, 180, 468, 53, -378, 324, -317, -219, -107, -356, -375, -297, 
-287, 180, 468, 53, -378, 324, -317, -219, -102, -356, -375, -292, 
-287, 180, 468, 53, -378, 324, -317, -219, -102, -356, -375, -292, 
-283, 180, 463, 51, -373, 322, -312, -229, -102, -361, -370, -292, 
-283, 185, 468, 48, -375, 326, -312, -229, -102, -361, -370, -292, 
-283, 185, 468, 48, -375, 326, -312, -229, -102, -361, -370, -292, 
-283, 185, 468, 48, -375, 326, -317, -229, -102, -361, -370, -292, 
-283, 180, 463, 51, -373, 322, -317, -229, -112, -370, -380, -302, 
-283, 180, 463, 51, -373, 322, -317, -229, -112, -366, -380, -302, 
-283, 180, 463, 51, -373, 322, -317, -229, -112, -366, -380, -302, 
-283, 180, 463, 51, -373, 322, -317, -229, -112, -366, -380, -302, 
-292, 180, 473, 56, -383, 326, -302, -224, -102, -366, -375, -292, 
-292, 180, 473, 56, -383, 326, -302, -224, -102, -366, -375, -292, 
-287, 180, 468, 53, -378, 324, -307, -229, -102, -366, -375, -292, 
-287, 180, 468, 53, -378, 324, -307, -229, -102, -366, -375, -292, 
-287, 180, 468, 53, -378, 324, -307, -224, -102, -366, -375, -292, 
-287, 180, 468, 53, -378, 324, -307, -224, -102, -366, -375, -292, 
-287, 180, 468, 53, -378, 324, -307, -224, -102, -366, -375, -292, 
-287, 180, 468, 53, -378, 324, -307, -224, -102, -366, -375, -292, 
-283, 190, 473, 46, -378, 331, -312, -224, -112, -356, -375, -292, 
-278, 190, 468, 43, -373, 329, -312, -224, -112, -356, -380, -292, 
-273, 195, 468, 39, -370, 331, -312, -224, -112, -356, -380, -292, 
-268, 195, 463, 36, -366, 329, -312, -224, -112, -356, -380, -292, 
-278, 185, 463, 46, -370, 324, -302, -214, -102, -356, -370, -283, 
-278, 204, 483, 36, -380, 344, -302, -214, -112, -366, -375, -292, 
-283, 204, 488, 39, -385, 346, -292, -214, -102, -356, -366, -292, 
-283, 195, 478, 43, -380, 336, -302, -214, -107, -361, -370, -292, 
-283, 195, 478, 43, -380, 336, -312, -224, -107, -361, -380, -292, 
-283, 195, 478, 43, -380, 336, -312, -224, -107, -361, -380, -292, 
-283, 195, 478, 43, -380, 336, -312, -224, -107, -361, -380, -292, 
-283, 195, 478, 43, -380, 336, -312, -224, -107, -361, -380, -292, 
-273, 185, 458, 43, -366, 322, -302, -224, -97, -361, -370, -292, 
-273, 185, 458, 43, -366, 322, -302, -224, -97, -361, -370, -292, 
-273, 190, 463, 41, -368, 326, -302, -224, -97, -361, -370, -292, 
-273, 190, 463, 41, -368, 326, -302, -224, -97, -361, -370, -292, 
-283, 190, 473, 46, -378, 331, -312, -224, -97, -351, -375, -292, 
-273, 200, 473, 36, -373, 336, -317, -224, -97, -351, -370, -287, 
-273, 219, 492, 26, -383, 356, -322, -224, -97, -341, -370, -283, 
-273, 224, 497, 24, -385, 361, -326, -224, -87, -341, -366, -273, 
-258, 239, 497, 9, -378, 368, -341, -229, -82, -341, -361, -273, 
-258, 248, 507, 4, -383, 378, -341, -234, -78, -336, -361, -273, 
-258, 248, 507, 4, -383, 378, -341, -234, -73, -331, -361, -268, 
-253, 248, 502, 2, -378, 375, -341, -229, -68, -331, -351, -268, 
-253, 253, 507, 0, -380, 380, -336, -229, -68, -326, -341, -268, 
-253, 258, 512, -2, -383, 385, -336, -229, -63, -326, -341, -263, 
-253, 258, 512, -2, -383, 385, -346, -229, -63, -322, -336, -263, 
-258, 258, 517, 0, -387, 387, -351, -244, -63, -322, -336, -263, 
-258, 263, 522, -2, -390, 392, -346, -244, -58, -312, -326, -263, 
-253, 263, 517, -4, -385, 390, -346, -244, -53, -307, -326, -258, 
-253, 268, 522, -7, -387, 395, -351, -253, -48, -307, -326, -258, 
-253, 273, 527, -9, -390, 400, -356, -258, -48, -307, -322, -258, 
-244, 273, 517, -14, -380, 395, -361, -258, -48, -317, -331, -244, 
-239, 278, 517, -19, -378, 397, -366, -263, -43, -312, -326, -244, 
-239, 283, 522, -21, -380, 402, -375, -268, -43, -312, -326, -244, 
-239, 283, 522, -21, -380, 402, -375, -268, -43, -307, -326, -244, 
-244, 273, 517, -14, -380, 395, -366, -258, -39, -292, -322, -248, 
-239, 283, 522, -21, -380, 402, -370, -268, -39, -287, -312, -244, 
-234, 302, 536, -34, -385, 419, -390, -278, -39, -283, -312, -239, 
-224, 307, 531, -41, -378, 419, -400, -283, -29, -278, -302, -234, 
-234, 322, 556, -43, -395, 439, -414, -287, -29, -283, -287, -214, 
-229, 326, 556, -48, -392, 441, -419, -297, -34, -283, -287, -214, 
-219, 326, 546, -53, -383, 436, -424, -297, -39, -283, -283, -209, 
-200, 326, 527, -63, -363, 427, -429, -297, -39, -278, -283, -204, 
-180, 351, 531, -85, -356, 441, -444, -302, -39, -278, -292, -200, 
-170, 351, 522, -90, -346, 436, -444, -307, -48, -278, -283, -200, 
-161, 341, 502, -90, -331, 422, -439, -302, -53, -278, -283, -200, 
-161, 341, 502, -90, -331, 422, -434, -307, -68, -283, -287, -209, 
-165, 331, 497, -82, -331, 414, -414, -287, -73, -287, -302, -224, 
-165, 312, 478, -73, -322, 395, -400, -278, -82, -292, -307, -224, 
-170, 302, 473, -65, -322, 387, -390, -273, -82, -297, -307, -229, 
-175, 297, 473, -61, -324, 385, -385, -268, -92, -302, -317, -239, 
-180, 268, 448, -43, -314, 358, -370, -253, -102, -317, -312, -244, 
-185, 258, 444, -36, -314, 351, -366, -253, -102, -322, -317, -248, 
-195, 258, 453, -31, -324, 356, -361, -253, -102, -322, -317, -248, 
-200, 258, 458, -29, -329, 358, -356, -253, -97, -322, -322, -248, 
-209, 253, 463, -21, -336, 358, -346, -248, -97, -322, -331, -239, 
-224, 258, 483, -17, -353, 370, -341, -248, -97, -326, -336, -248, 
-234, 253, 488, -9, -361, 370, -331, -248, -112, -336, -341, -258, 
-239, 244, 483, -2, -361, 363, -317, -248, -102, -336, -346, -258, 
-253, 229, 483, 12, -368, 356, -312, -229, -92, -336, -346, -258, 
-258, 224, 483, 17, -370, 353, -307, -229, -92, -336, -351, -258, 
-258, 209, 468, 24, -363, 339, -307, -219, -92, -336, -351, -258, 
-258, 195, 453, 31, -356, 324, -297, -214, -92, -341, -356, -263, 
-258, 204, 463, 26, -361, 334, -297, -214, -97, -351, -361, -268, 
-258, 200, 458, 29, -358, 329, -297, -214, -107, -356, -366, -283, 
-258, 200, 458, 29, -358, 329, -292, -214, -112, -356, -366, -283, 
-268, 200, 468, 34, -368, 334, -292, -214, -112, -361, -370, -283, 
-258, 204, 463, 26, -361, 334, -292, -214, -126, -375, -375, -297, 
-258, 195, 453, 31, -356, 324, -283, -214, -126, -375, -375, -302, 
-258, 190, 448, 34, -353, 319, -283, -214, -126, -375, -380, -302, 
-258, 190, 448, 34, -353, 319, -283, -209, -126, -375, -380, -302, 
-258, 175, 434, 41, -346, 305, -283, -209, -117, -366, -380, -292, 
-258, 175, 434, 41, -346, 305, -278, -209, -117, -370, -380, -292, 
-263, 180, 444, 41, -353, 312, -278, -209, -117, -370, -380, -292, 
-263, 180, 444, 41, -353, 312, -273, -204, -117, -375, -385, -292, 
-273, 175, 448, 48, -361, 312, -273, -209, -126, -375, -385, -292, 
-273, 185, 458, 43, -366, 322, -273, -209, -131, -375, -385, -297, 
-278, 185, 463, 46, -370, 324, -273, -209, -131, -375, -385, -312, 
-278, 185, 463, 46, -370, 324, -268, -209, -126, -370, -380, -317, 
-278, 175, 453, 51, -366, 314, -268, -200, -117, -370, -380, -312, 
-278, 175, 453, 51, -366, 314, -268, -200, -117, -370, -380, -307, 
-273, 170, 444, 51, -358, 307, -263, -200, -117, -370, -380, -302, 
-273, 170, 444, 51, -358, 307, -263, -195, -117, -370, -380, -297, 
-263, 180, 444, 41, -353, 312, -263, -195, -117, -370, -385, -297, 
-263, 180, 444, 41, -353, 312, -263, -195, -117, -370, -385, -297, 
-263, 180, 444, 41, -353, 312, -263, -195, -117, -370, -385, -297, 
-263, 185, 448, 39, -356, 317, -263, -195, -117, -370, -385, -302, 
-273, 175, 448, 48, -361, 312, -263, -195, -122, -370, -385, -302, 
-273, 170, 444, 51, -358, 307, -258, -195, -122, -370, -385, -297, 
-273, 170, 444, 51, -358, 307, -258, -195, -122, -370, -385, -297, 
-273, 170, 444, 51, -358, 307, -258, -195, -122, -370, -385, -297, 
-273, 170, 444, 51, -358, 307, -258, -195, -122, -370, -385, -297, 
-273, 170, 444, 51, -358, 307, -258, -195, -122, -370, -385, -297, 
-268, 175, 444, 46, -356, 309, -263, -195, -126, -375, -385, -297, 
-268, 175, 444, 46, -356, 309, -263, -195, -126, -375, -385, -297, 
-268, 175, 444, 46, -356, 309, -258, -195, -112, -370, -385, -307, 
-268, 175, 444, 46, -356, 309, -258, -195, -112, -370, -385, -307, 
-268, 175, 444, 46, -356, 309, -258, -195, -112, -370, -385, -307, 
-268, 175, 444, 46, -356, 309, -258, -195, -112, -370, -385, -302, 
-263, 175, 439, 43, -351, 307, -258, -185, -107, -370, -390, -292, 
-263, 180, 444, 41, -353, 312, -253, -175, -107, -370, -380, -292, 
-248, 185, 434, 31, -341, 309, -244, -165, -78, -366, -366, -297, 
-244, 185, 429, 29, -336, 307, -239, -136, -29, -322, -341, -268, 
-244, 234, 478, 4, -361, 356, -258, -136, 29, -273, -297, -229, 
-224, 297, 522, -36, -373, 409, -283, -156, 82, -214, -248, -190, 
-190, 336, 527, -73, -358, 431, -302, -151, 112, -161, -204, -146, 
-126, 351, 478, -112, -302, 414, -317, -141, 131, -122, -165, -102, 
-34, 375, 409, -170, -222, 392, -351, -131, 141, -107, -141, -68, 
73, 390, 317, -231, -122, 353, -390, -117, 146, -73, -112, -19, 
190, 419, 229, -305, -19, 324, -424, -97, 170, -24, -58, 48, 
317, 468, 151, -392, 82, 309, -468, -78, 190, 34, -9, 122, 
439, 507, 68, -473, 185, 287, -527, -107, 195, 73, 43, 204, 
536, 546, 9, -541, 263, 278, -595, -180, 146, 97, 97, 278, 
590, 595, 4, -592, 292, 300, -649, -287, 68, 112, 146, 351, 
610, 644, 34, -627, 287, 339, -692, -380, 19, 126, 175, 395, 
605, 668, 63, -636, 270, 366, -717, -453, -9, 136, 204, 434, 
561, 678, 117, -619, 222, 397, -727, -527, -53, 112, 195, 434, 
439, 663, 224, -551, 107, 444, -697, -575, -92, 48, 126, 366, 
248, 619, 370, -434, -61, 495, -639, -595, -92, -24, 43, 244, 
78, 561, 483, -319, -202, 522, -551, -556, -78, -102, -58, 117, 
-78, 522, 600, -222, -339, 561, -478, -507, -58, -180, -151, -4, 
-263, 473, 736, -104, -500, 605, -385, -468, -53, -253, -234, -126, 
-448, 361, 810, 43, -629, 585, -263, -395, -102, -341, -331, -248, 
-590, 263, 854, 163, -722, 558, -161, -307, -165, -439, -419, -341, 
-688, 229, 917, 229, -802, 573, -107, -268, -204, -497, -463, -390, 
-741, 180, 922, 280, -832, 551, -58, -239, -244, -546, -512, -439, 
-761, 107, 868, 326, -814, 488, -19, -209, -326, -624, -580, -497, 
-761, 48, 810, 356, -785, 429, 9, -195, -429, -688, -639, -556, 
-751, 19, 771, 366, -761, 395, 34, -195, -463, -712, -653, -570, 
-751, -9, 741, 380, -746, 366, 53, -195, -478, -717, -663, -570, 
-741, -14, 727, 378, -734, 356, 53, -195, -502, -741, -673, -590, 
-722, -24, 697, 373, -710, 336, 34, -195, -522, -741, -673, -585, 
-663, -24, 639, 344, -651, 307, 9, -180, -512, -707, -639, -546, 
-595, 24, 619, 285, -607, 322, -24, -180, -473, -668, -610, -507, 
-527, 68, 595, 229, -561, 331, -68, -180, -434, -639, -580, -478, 
-473, 92, 566, 190, -519, 329, -107, -165, -370, -590, -546, -448, 
-419, 131, 551, 143, -485, 341, -151, -151, -312, -536, -507, -414, 
-375, 175, 551, 100, -463, 363, -195, -117, -283, -492, -478, -390, 
-326, 200, 527, 63, -427, 363, -209, -53, -263, -463, -448, -361, 
-287, 209, 497, 39, -392, 353, -214, -9, -239, -429, -414, -336, 
-263, 229, 492, 17, -378, 361, -229, -9, -195, -400, -395, -317, 
-248, 239, 488, 4, -368, 363, -248, -43, -165, -380, -375, -302, 
-239, 224, 463, 7, -351, 344, -258, -73, -141, -370, -375, -292, 
-239, 224, 463, 7, -351, 344, -239, -97, -126, -370, -366, -287, 
-229, 214, 444, 7, -336, 329, -214, -102, -126, -375, -375, -287, 
-214, 204, 419, 4, -317, 312, -209, -107, -107, -366, -375, -283, 
-209, 204, 414, 2, -312, 309, -219, -107, -97, -356, -366, -287, 
-219, 224, 444, -2, -331, 334, -219, -122, -97, -356, -375, -283, 
-219, 234, 453, -7, -336, 344, -234, -122, -87, -351, -370, -268, 
-209, 244, 453, -17, -331, 348, -258, -122, -87, -341, -356, -268, 
-209, 248, 458, -19, -334, 353, -273, -131, -97, -341, -346, -268, 
-209, 248, 458, -19, -334, 353, -273, -131, -97, -341, -351, -268, 
-204, 239, 444, -17, -324, 341, -273, -131, -92, -336, -351, -268, 
-200, 239, 439, -19, -319, 339, -268, -131, -87, -336, -356, -268, 
-190, 234, 424, -21, -307, 329, -248, -126, -82, -336, -346, -258, 
-185, 224, 409, -19, -297, 317, -248, -126, -78, -336, -341, -258, 
-185, 234, 419, -24, -302, 326, -253, -126, -78, -336, -341, -258, 
-185, 239, 424, -26, -305, 331, -263, -131, -78, -336, -341, -253, 
-180, 248, 429, -34, -305, 339, -268, -131, -82, -341, -346, -258, 
-175, 258, 434, -41, -305, 346, -273, -141, -82, -341, -341, -258, 
-175, 263, 439, -43, -307, 351, -273, -141, -82, -336, -341, -258, 
-170, 263, 434, -46, -302, 348, -263, -136, -82, -336, -341, -258, 
-175, 263, 439, -43, -307, 351, -263, -146, -68, -336, -341, -248, 
-175, 263, 439, -43, -307, 351, -268, -146, -68, -336, -341, -248, 
-175, 258, 434, -41, -305, 346, -268, -141, -68, -336, -336, -244, 
-170, 258, 429, -43, -300, 344, -263, -141, -68, -331, -336, -239, 
-161, 258, 419, -48, -290, 339, -263, -136, -68, -322, -336, -248, 
-161, 263, 424, -51, -292, 344, -268, -136, -63, -322, -331, -248, 
-156, 263, 419, -53, -287, 341, -268, -136, -63, -322, -331, -248, 
-156, 273, 429, -58, -292, 351, -273, -136, -63, -322, -331, -253, 
-151, 273, 424, -61, -287, 348, -273, -136, -63, -322, -322, -253, 
-151, 273, 424, -61, -287, 348, -273, -131, -63, -322, -322, -248, 
-151, 273, 424, -61, -287, 348, -268, -131, -63, -322, -322, -239, 
-146, 273, 419, -63, -283, 346, -268, -131, -63, -322, -322, -239, 
-146, 268, 414, -61, -280, 341, -268, -141, -63, -317, -322, -229, 
-146, 268, 414, -61, -280, 341, -273, -141, -58, -317, -322, -229, 
-141, 268, 409, -63, -275, 339, -273, -141, -58, -317, -322, -234, 
-141, 273, 414, -65, -278, 344, -278, -141, -53, -317, -322, -234, 
-141, 283, 424, -70, -283, 353, -273, -131, -53, -317, -326, -229, 
-136, 283, 419, -73, -278, 351, -278, -131, -53, -312, -322, -229, 
-136, 287, 424, -75, -280, 356, -278, -131, -53, -312, -322, -229, 
-136, 287, 424, -75, -280, 356, -278, -131, -53, -307, -322, -229, 
-141, 278, 419, -68, -280, 348, -278, -131, -53, -317, -322, -229, 
-141, 283, 424, -70, -283, 353, -283, -131, -53, -317, -322, -229, 
-141, 283, 424, -70, -283, 353, -283, -131, -53, -317, -317, -229, 
-136, 283, 419, -73, -278, 351, -278, -131, -53, -307, -317, -224, 
-136, 283, 419, -73, -278, 351, -287, -131, -53, -297, -317, -224, 
-126, 283, 409, -78, -268, 346, -287, -131, -53, -297, -317, -224, 
-126, 283, 409, -78, -268, 346, -287, -131, -43, -297, -317, -214, 
-126, 283, 409, -78, -268, 346, -292, -131, -43, -297, -317, -214, 
-117, 297, 414, -90, -265, 356, -292, -131, -43, -297, -317, -214, 
-117, 287, 405, -85, -261, 346, -287, -131, -39, -297, -307, -209, 
-117, 287, 405, -85, -261, 346, -287, -131, -39, -297, -307, -209, 
-107, 297, 405, -95, -256, 351, -292, -131, -43, -297, -312, -214, 
-107, 297, 405, -95, -256, 351, -292, -131, -43, -297, -302, -204, 
-107, 297, 405, -95, -256, 351, -292, -131, -39, -292, -292, -200, 
-107, 302, 409, -97, -258, 356, -297, -131, -39, -287, -292, -200, 
-102, 302, 405, -100, -253, 353, -297, -131, -39, -287, -292, -200, 
-102, 302, 405, -100, -253, 353, -287, -136, -34, -287, -302, -204, 
-97, 307, 405, -104, -251, 356, -292, -136, -34, -287, -302, -204, 
-97, 312, 409, -107, -253, 361, -297, -136, -34, -287, -302, -204, 
-92, 312, 405, -109, -248, 358, -297, -136, -34, -283, -297, -200, 
-92, 317, 409, -112, -251, 363, -297, -126, -34, -273, -292, -195, 
-87, 326, 414, -119, -251, 370, -302, -126, -34, -278, -292, -195, 
-82, 326, 409, -122, -246, 368, -302, -126, -34, -278, -292, -195, 
-82, 326, 409, -122, -246, 368, -302, -126, -29, -268, -287, -190, 
-82, 336, 419, -126, -251, 378, -307, -117, -29, -268, -278, -185, 
-82, 336, 419, -126, -251, 378, -307, -117, -29, -268, -273, -180, 
-73, 341, 414, -134, -244, 378, -312, -117, -24, -253, -273, -175, 
-68, 346, 414, -139, -241, 380, -312, -117, -24, -253, -268, -175, 
-63, 341, 405, -139, -234, 373, -312, -126, -19, -253, -268, -175, 
-63, 341, 405, -139, -234, 373, -312, -122, -14, -248, -258, -170, 
-58, 341, 400, -141, -229, 370, -322, -122, -9, -248, -258, -165, 
-53, 351, 405, -148, -229, 378, -322, -126, -9, -248, -258, -165, 
-43, 351, 395, -153, -219, 373, -331, -126, -19, -253, -263, -170, 
-39, 356, 395, -158, -217, 375, -331, -126, -14, -253, -258, -165, 
-34, 361, 395, -163, -214, 378, -336, -126, -14, -253, -258, -165, 
-29, 366, 395, -168, -212, 380, -336, -126, -14, -248, -258, -165, 
-24, 380, 405, -178, -214, 392, -336, -117, 0, -229, -248, -146, 
-19, 380, 400, -180, -209, 390, -341, -117, 0, -224, -244, -141, 
-14, 385, 400, -185, -207, 392, -351, -117, 0, -219, -239, -136, 
-9, 390, 400, -190, -204, 395, -356, -117, 4, -214, -234, -131, 
-9, 395, 405, -192, -207, 400, -356, -117, 0, -219, -229, -131, 
0, 409, 409, -204, -204, 409, -361, -117, 0, -219, -224, -126, 
0, 409, 409, -204, -204, 409, -366, -117, 0, -214, -224, -122, 
9, 409, 400, -209, -195, 405, -370, -117, 4, -209, -209, -112, 
9, 419, 409, -214, -200, 414, -375, -126, 14, -195, -200, -112, 
14, 429, 414, -222, -200, 422, -375, -126, 19, -190, -200, -107, 
24, 429, 405, -226, -190, 417, -380, -126, 19, -185, -195, -102, 
34, 439, 405, -236, -185, 422, -380, -126, 19, -180, -190, -97, 
29, 453, 424, -241, -197, 439, -385, -131, 19, -175, -185, -92, 
34, 453, 419, -244, -192, 436, -390, -131, 24, -170, -180, -82, 
39, 453, 414, -246, -187, 434, -395, -131, 29, -161, -170, -73, 
39, 463, 424, -251, -192, 444, -400, -136, 29, -161, -165, -73, 
48, 468, 419, -258, -185, 444, -395, -136, 29, -156, -170, -78, 
53, 468, 414, -261, -180, 441, -400, -136, 39, -146, -161, -73, 
58, 483, 424, -270, -183, 453, -405, -136, 39, -141, -161, -68, 
63, 492, 429, -278, -183, 461, -409, -136, 39, -141, -161, -63, 
68, 483, 414, -275, -173, 448, -409, -146, 43, -146, -151, -53, 
73, 488, 414, -280, -170, 451, -414, -151, 43, -141, -146, -43, 
78, 502, 424, -290, -173, 463, -419, -151, 43, -136, -141, -39, 
78, 502, 424, -290, -173, 463, -424, -151, 43, -131, -136, -24, 
92, 502, 409, -297, -158, 456, -439, -141, 43, -126, -122, -24, 
97, 512, 414, -305, -158, 463, -439, -151, 43, -122, -117, -24, 
97, 512, 414, -305, -158, 463, -444, -151, 43, -117, -112, -19, 
97, 517, 419, -307, -161, 468, -448, -151, 48, -112, -107, -14, 
102, 517, 414, -309, -156, 466, -439, -156, 39, -112, -107, -9, 
102, 522, 419, -312, -158, 470, -444, -156, 39, -112, -107, -9, 
107, 527, 419, -317, -156, 473, -444, -156, 43, -107, -102, -4, 
107, 531, 424, -319, -158, 478, -444, -165, 43, -107, -102, -4, 
102, 536, 434, -319, -165, 485, -453, -170, 53, -97, -102, -4, 
102, 536, 434, -319, -165, 485, -453, -170, 53, -97, -97, 0, 
102, 536, 434, -319, -165, 485, -458, -170, 53, -97, -97, 0, 
102, 541, 439, -322, -168, 490, -458, -175, 53, -97, -97, 0, 
97, 541, 444, -319, -173, 492, -458, -175, 53, -92, -92, 0, 
97, 541, 444, -319, -173, 492, -458, -175, 53, -92, -92, 0, 
97, 546, 448, -322, -175, 497, -458, -180, 53, -97, -92, 0, 
97, 546, 448, -322, -175, 497, -458, -180, 53, -97, -92, 0, 
97, 551, 453, -324, -178, 502, -458, -180, 53, -92, -92, 9, 
92, 551, 458, -322, -183, 505, -458, -180, 53, -92, -92, 4, 
92, 546, 453, -319, -180, 500, -453, -185, 48, -97, -97, 4, 
92, 546, 453, -319, -180, 500, -453, -185, 48, -97, -97, 4, 
78, 541, 463, -309, -192, 502, -448, -185, 43, -97, -102, 4, 
73, 536, 463, -305, -195, 500, -448, -190, 43, -107, -107, -4, 
58, 527, 468, -292, -204, 497, -434, -190, 48, -112, -112, -14, 
58, 517, 458, -287, -200, 488, -434, -190, 48, -112, -112, -14, 
39, 517, 478, -278, -219, 497, -434, -185, 43, -122, -122, -14, 
34, 512, 478, -273, -222, 495, -424, -185, 43, -126, -126, -29, 
24, 497, 473, -261, -224, 485, -419, -185, 43, -131, -131, -34, 
19, 497, 478, -258, -229, 488, -414, -190, 43, -136, -141, -43, 
14, 497, 483, -256, -234, 490, -419, -200, 24, -136, -146, -63, 
9, 483, 473, -246, -231, 478, -414, -195, 24, -151, -151, -68, 
0, 468, 468, -234, -234, 468, -409, -195, 24, -156, -156, -78, 
-4, 468, 473, -231, -239, 470, -405, -195, 19, -165, -170, -87, 
-24, 458, 483, -217, -253, 470, -390, -195, 19, -170, -185, -97, 
-29, 444, 473, -207, -251, 458, -385, -195, 19, -175, -190, -102, 
-39, 439, 478, -200, -258, 458, -375, -190, 9, -180, -200, -112, 
-43, 429, 473, -192, -258, 451, -370, -190, 9, -190, -209, -117, 
-48, 424, 473, -187, -261, 448, -351, -190, 4, -195, -219, -117, 
-53, 414, 468, -180, -261, 441, -346, -190, 0, -204, -234, -126, 
-63, 414, 478, -175, -270, 446, -346, -190, -4, -214, -239, -131, 
-63, 405, 468, -170, -265, 436, -336, -190, -4, -214, -239, -141, 
-68, 385, 453, -158, -261, 419, -336, -190, -9, -224, -239, -151, 
-78, 385, 463, -153, -270, 424, -336, -190, -14, -234, -248, -165, 
-82, 375, 458, -146, -270, 417, -331, -190, -19, -244, -253, -165, 
-82, 370, 453, -143, -268, 412, -317, -185, -19, -244, -253, -165, 
-97, 380, 478, -141, -287, 429, -317, -185, -24, -248, -263, -175, 
-102, 375, 478, -136, -290, 427, -317, -185, -29, -258, -268, -180, 
-102, 366, 468, -131, -285, 417, -312, -180, -29, -258, -273, -185, 
-107, 366, 473, -129, -290, 419, -307, -180, -34, -263, -278, -195, 
-102, 356, 458, -126, -280, 407, -292, -180, -43, -263, -292, -185, 
-107, 346, 453, -119, -280, 400, -292, -175, -43, -263, -292, -185, 
-107, 341, 448, -117, -278, 395, -292, -175, -43, -268, -292, -190, 
-112, 341, 453, -114, -283, 397, -287, -175, -48, -273, -297, -195, 
-117, 336, 453, -109, -285, 395, -292, -165, -48, -283, -292, -204, 
-117, 331, 448, -107, -283, 390, -292, -165, -48, -283, -292, -204, 
-122, 331, 453, -104, -287, 392, -292, -165, -58, -292, -292, -209, 
-122, 331, 453, -104, -287, 392, -292, -165, -58, -292, -297, -209, 
-131, 331, 463, -100, -297, 397, -287, -165, -58, -283, -297, -209, 
-131, 331, 463, -100, -297, 397, -287, -165, -58, -287, -297, -214, 
-131, 331, 463, -100, -297, 397, -292, -165, -58, -287, -297, -219, 
-131, 326, 458, -97, -295, 392, -292, -165, -53, -287, -297, -219, 
-131, 317, 448, -92, -290, 383, -278, -165, -43, -287, -302, -219, 
-131, 317, 448, -92, -290, 383, -278, -165, -53, -287, -302, -219, 
-131, 317, 448, -92, -290, 383, -273, -165, -53, -287, -302, -219, 
-131, 317, 448, -92, -290, 383, -268, -161, -53, -287, -302, -219, 
-126, 317, 444, -95, -285, 380, -278, -161, -63, -292, -292, -219, 
-126, 317, 444, -95, -285, 380, -278, -161, -63, -292, -297, -219, 
-126, 317, 444, -95, -285, 380, -273, -161, -58, -292, -297, -219, 
-126, 317, 444, -95, -285, 380, -273, -161, -58, -292, -297, -224, 
-131, 317, 448, -92, -290, 383, -268, -161, -58, -302, -307, -229, 
-131, 312, 444, -90, -287, 378, -268, -161, -58, -302, -307, -229, 
-131, 312, 444, -90, -287, 378, -268, -161, -58, -302, -307, -229, 
-126, 317, 444, -95, -285, 380, -268, -161, -63, -302, -312, -229, 
-126, 326, 453, -100, -290, 390, -268, -165, -73, -302, -322, -229, 
-126, 326, 453, -100, -290, 390, -268, -165, -73, -302, -317, -229, 
-126, 326, 453, -100, -290, 390, -268, -165, -73, -302, -317, -229, 
-126, 326, 453, -100, -290, 390, -268, -165, -73, -302, -317, -229, 
-126, 322, 448, -97, -287, 385, -273, -165, -73, -302, -307, -234, 
-126, 322, 448, -97, -287, 385, -273, -165, -73, -302, -307, -234, 
-126, 326, 453, -100, -290, 390, -273, -165, -73, -307, -307, -234, 
-126, 326, 453, -100, -290, 390, -273, -165, -68, -307, -307, -234, 
-126, 317, 444, -95, -285, 380, -273, -156, -58, -307, -317, -224, 
-126, 317, 444, -95, -285, 380, -273, -156, -58, -307, -317, -224, 
-126, 312, 439, -92, -283, 375, -273, -151, -58, -307, -317, -224, 
-126, 312, 439, -92, -283, 375, -278, -151, -58, -307, -312, -224, 
-136, 317, 453, -90, -295, 385, -278, -151, -68, -297, -312, -224, 
-136, 317, 453, -90, -295, 385, -273, -151, -68, -292, -312, -224, 
-136, 317, 453, -90, -295, 385, -268, -151, -68, -292, -312, -219, 
-136, 317, 453, -90, -295, 385, -268, -151, -68, -297, -312, -219, 
-141, 317, 458, -87, -300, 387, -268, -151, -68, -297, -302, -219, 
-141, 317, 458, -87, -300, 387, -268, -151, -68, -292, -302, -219, 
-141, 317, 458, -87, -300, 387, -268, -146, -63, -292, -302, -219, 
-136, 317, 453, -90, -295, 385, -273, -146, -63, -292, -302, -219, 
-126, 326, 453, -100, -290, 390, -273, -156, -63, -302, -312, -219, 
-126, 326, 453, -100, -290, 390, -273, -156, -63, -302, -312, -219, 
-126, 331, 458, -102, -292, 395, -273, -156, -68, -302, -312, -219, 
-126, 336, 463, -104, -295, 400, -273, -156, -68, -302, -312, -219, 
-126, 336, 463, -104, -295, 400, -268, -146, -73, -297, -302, -219, 
-126, 341, 468, -107, -297, 405, -268, -146, -73, -297, -302, -219, 
-126, 351, 478, -112, -302, 414, -268, -151, -73, -297, -302, -219, 
-122, 341, 463, -109, -292, 402, -273, -151, -73, -297, -302, -219, 
-126, 331, 458, -102, -292, 395, -263, -146, -58, -297, -297, -219, 
-126, 336, 463, -104, -295, 400, -263, -146, -58, -297, -297, -219, 
-126, 336, 463, -104, -295, 400, -263, -146, -58, -292, -297, -219, 
-122, 336, 458, -107, -290, 397, -263, -146, -53, -287, -297, -214, 
-112, 346, 458, -117, -285, 402, -273, -156, -53, -278, -297, -214, 
-112, 346, 458, -117, -285, 402, -273, -151, -53, -278, -297, -214, 
-112, 346, 458, -117, -285, 402, -273, -151, -53, -278, -292, -209, 
-112, 351, 463, -119, -287, 407, -273, -151, -53, -283, -292, -209, 
-107, 366, 473, -129, -290, 419, -273, -151, -53, -283, -292, -209, 
-102, 356, 458, -126, -280, 407, -273, -151, -53, -278, -292, -209, 
-102, 356, 458, -126, -280, 407, -273, -151, -53, -278, -292, -209, 
-97, 356, 453, -129, -275, 405, -273, -151, -53, -278, -292, -209, 
-97, 356, 453, -129, -275, 405, -273, -141, -53, -278, -287, -200, 
-97, 356, 453, -129, -275, 405, -273, -141, -53, -273, -287, -200, 
-92, 361, 453, -134, -273, 407, -273, -141, -58, -273, -287, -200, 
-92, 361, 453, -134, -273, 407, -273, -141, -58, -273, -287, -200, 
-92, 356, 448, -131, -270, 402, -273, -141, -58, -273, -287, -204, 
-92, 356, 448, -131, -270, 402, -273, -146, -58, -273, -287, -204, 
-92, 366, 458, -136, -275, 412, -273, -146, -63, -273, -287, -204, 
-87, 366, 453, -139, -270, 409, -278, -141, -63, -268, -283, -204, 
-82, 366, 448, -141, -265, 407, -287, -141, -53, -268, -283, -200, 
-82, 366, 448, -141, -265, 407, -287, -146, -53, -273, -283, -200, 
-78, 366, 444, -143, -261, 405, -287, -146, -53, -273, -283, -200, 
-78, 361, 439, -141, -258, 400, -287, -146, -53, -273, -283, -200, 
-87, 361, 448, -136, -268, 405, -278, -146, -63, -273, -283, -204, 
-92, 361, 453, -134, -273, 407, -278, -146, -63, -273, -283, -204, 
-92, 361, 453, -134, -273, 407, -273, -146, -63, -273, -283, -200, 
-87, 366, 453, -139, -270, 409, -273, -146, -63, -273, -283, -200, 
-87, 370, 458, -141, -273, 414, -273, -146, -63, -273, -287, -204, 
-87, 370, 458, -141, -273, 414, -273, -146, -63, -273, -287, -204, 
-87, 370, 458, -141, -273, 414, -273, -146, -63, -273, -283, -204, 
-87, 370, 458, -141, -273, 414, -273, -146, -63, -273, -283, -204, 
-87, 370, 458, -141, -273, 414, -273, -146, -73, -263, -273, -204, 
-87, 370, 458, -141, -273, 414, -273, -146, -73, -258, -273, -200, 
-87, 370, 458, -141, -273, 414, -273, -146, -73, -258, -273, -200, 
-87, 370, 458, -141, -273, 414, -273, -146, -73, -258, -273, -200, 
-73, 366, 439, -146, -256, 402, -283, -146, -73, -268, -283, -200, 
-73, 366, 439, -146, -256, 402, -283, -146, -73, -268, -283, -200, 
-73, 370, 444, -148, -258, 407, -283, -146, -73, -268, -283, -204, 
-73, 370, 444, -148, -258, 407, -287, -146, -73, -268, -283, -204, 
-73, 361, 434, -143, -253, 397, -283, -136, -73, -268, -283, -195, 
-73, 361, 434, -143, -253, 397, -278, -136, -73, -268, -283, -195, 
-73, 361, 434, -143, -253, 397, -268, -136, -73, -268, -283, -195, 
-73, 361, 434, -143, -253, 397, -263, -136, -73, -268, -283, -195, 
-73, 361, 434, -143, -253, 397, -273, -146, -73, -268, -283, -195, 
-68, 361, 429, -146, -248, 395, -273, -146, -73, -268, -283, -195, 
-68, 356, 424, -143, -246, 390, -273, -146, -73, -268, -283, -195, 
-68, 356, 424, -143, -246, 390, -273, -146, -78, -268, -283, -195, 
-68, 370, 439, -151, -253, 405, -263, -136, -78, -268, -283, -204, 
-68, 370, 439, -151, -253, 405, -263, -136, -78, -268, -283, -204, 
-68, 370, 439, -151, -253, 405, -263, -136, -82, -268, -287, -204, 
-68, 370, 439, -151, -253, 405, -263, -136, -82, -273, -287, -204, 
-68, 370, 439, -151, -253, 405, -273, -146, -92, -273, -297, -204, 
-68, 370, 439, -151, -253, 405, -273, -146, -92, -268, -297, -209, 
-68, 370, 439, -151, -253, 405, -273, -146, -87, -268, -297, -209, 
-68, 366, 434, -148, -251, 400, -273, -151, -87, -273, -297, -204, 
-68, 366, 434, -148, -251, 400, -268, -141, -87, -273, -292, -214, 
-68, 366, 434, -148, -251, 400, -268, -141, -87, -273, -292, -214, 
-68, 370, 439, -151, -253, 405, -268, -141, -92, -273, -297, -214, 
-68, 370, 439, -151, -253, 405, -268, -141, -92, -273, -297, -214, 
-68, 361, 429, -146, -248, 395, -263, -141, -82, -273, -292, -204, 
-68, 361, 429, -146, -248, 395, -263, -141, -82, -273, -292, -204, 
-68, 361, 429, -146, -248, 395, -263, -141, -82, -278, -287, -204, 
-68, 361, 429, -146, -248, 395, -263, -141, -82, -278, -283, -204, 
-63, 361, 424, -148, -244, 392, -273, -141, -92, -268, -283, -204, 
-63, 361, 424, -148, -244, 392, -273, -141, -97, -268, -283, -204, 
-63, 361, 424, -148, -244, 392, -273, -141, -97, -268, -278, -204, 
-63, 361, 424, -148, -244, 392, -273, -141, -102, -268, -278, -204, 
-73, 370, 444, -148, -258, 407, -263, -141, -92, -268, -278, -214, 
-68, 370, 439, -151, -253, 405, -263, -141, -92, -268, -278, -214, 
-68, 370, 439, -151, -253, 405, -263, -141, -92, -268, -283, -214, 
-68, 380, 448, -156, -258, 414, -263, -141, -97, -268, -283, -214, 
-68, 380, 448, -156, -258, 414, -263, -141, -97, -278, -292, -204, 
-63, 380, 444, -158, -253, 412, -263, -141, -92, -278, -292, -204, 
-63, 380, 444, -158, -253, 412, -263, -141, -92, -278, -292, -204, 
-63, 380, 444, -158, -253, 412, -263, -141, -92, -278, -292, -209, 
-63, 375, 439, -156, -251, 407, -263, -141, -102, -278, -292, -209, 
-63, 366, 429, -151, -246, 397, -263, -141, -102, -278, -292, -209, 
-63, 356, 419, -146, -241, 387, -263, -141, -107, -278, -292, -209, 
-63, 346, 409, -141, -236, 378, -263, -141, -107, -278, -292, -209, 
-63, 356, 419, -146, -241, 387, -263, -141, -107, -268, -287, -209, 
-63, 356, 419, -146, -241, 387, -258, -141, -107, -268, -287, -209, 
-63, 356, 419, -146, -241, 387, -258, -141, -102, -268, -287, -204, 
-63, 356, 419, -146, -241, 387, -258, -141, -102, -268, -287, -204, 
-58, 361, 419, -151, -239, 390, -263, -131, -92, -273, -292, -214, 
-58, 370, 429, -156, -244, 400, -263, -131, -92, -273, -292, -214, 
-58, 375, 434, -158, -246, 405, -263, -131, -92, -273, -292, -214, 
-58, 380, 439, -161, -248, 409, -268, -131, -92, -273, -292, -214, 
-58, 375, 434, -158, -246, 405, -258, -131, -92, -273, -283, -204, 
-58, 375, 434, -158, -246, 405, -258, -131, -92, -268, -283, -204, 
-58, 375, 434, -158, -246, 405, -258, -131, -92, -268, -283, -204, 
-58, 375, 434, -158, -246, 405, -258, -131, -92, -268, -283, -204, 
-58, 375, 434, -158, -246, 405, -244, -117, -102, -268, -287, -204, 
-58, 375, 434, -158, -246, 405, -244, -117, -102, -268, -287, -204, 
-53, 375, 429, -161, -241, 402, -248, -122, -102, -268, -287, -204, 
-53, 375, 429, -161, -241, 402, -248, -122, -102, -268, -287, -204, 
-53, 366, 419, -156, -236, 392, -248, -126, -112, -268, -287, -204, 
-53, 366, 419, -156, -236, 392, -248, -126, -112, -268, -287, -204, 
-53, 366, 419, -156, -236, 392, -248, -126, -112, -268, -287, -204, 
-53, 366, 419, -156, -236, 392, -248, -126, -112, -268, -287, -204, 
-53, 375, 429, -161, -241, 402, -253, -136, -112, -268, -278, -214, 
-53, 375, 429, -161, -241, 402, -253, -136, -112, -268, -283, -214, 
-53, 380, 434, -163, -244, 407, -253, -136, -112, -268, -283, -214, 
-53, 380, 434, -163, -244, 407, -253, -136, -112, -268, -283, -214, 
-53, 380, 434, -163, -244, 407, -244, -136, -102, -268, -292, -204, 
-53, 380, 434, -163, -244, 407, -244, -136, -102, -268, -287, -204, 
-48, 380, 429, -165, -239, 405, -244, -136, -102, -268, -287, -204, 
-48, 385, 434, -168, -241, 409, -244, -136, -102, -268, -287, -204, 
-48, 385, 434, -168, -241, 409, -244, -136, -107, -268, -287, -204, 
-39, 385, 424, -173, -231, 405, -244, -136, -107, -268, -278, -204, 
-48, 380, 429, -165, -239, 405, -244, -117, -107, -268, -278, -204, 
-48, 380, 429, -165, -239, 405, -253, -126, -107, -263, -283, -204, 
-48, 390, 439, -170, -244, 414, -253, -136, -107, -263, -283, -204, 
-48, 390, 439, -170, -244, 414, -253, -136, -107, -263, -283, -204, 
-48, 390, 439, -170, -244, 414, -253, -136, -107, -263, -283, -204, 
-48, 390, 439, -170, -244, 414, -253, -136, -107, -263, -283, -204, 
-48, 380, 429, -165, -239, 405, -244, -126, -117, -263, -283, -204, 
-48, 380, 429, -165, -239, 405, -244, -126, -117, -263, -283, -204, 
-48, 385, 434, -168, -241, 409, -244, -126, -117, -263, -283, -204, 
-48, 385, 434, -168, -241, 409, -244, -126, -117, -263, -283, -204, 
-43, 395, 439, -175, -241, 417, -248, -136, -97, -263, -278, -214, 
-29, 405, 434, -187, -231, 419, -258, -136, -97, -263, -273, -209, 
-24, 424, 448, -200, -236, 436, -268, -136, -97, -253, -273, -204, 
-19, 429, 448, -204, -234, 439, -278, -136, -87, -253, -268, -195, 
-24, 434, 458, -204, -241, 446, -273, -131, -92, -244, -253, -195, 
-24, 444, 468, -209, -246, 456, -273, -136, -87, -239, -253, -195, 
-24, 444, 468, -209, -246, 456, -273, -136, -82, -234, -253, -190, 
-19, 444, 463, -212, -241, 453, -273, -131, -78, -234, -244, -190, 
-29, 439, 468, -204, -248, 453, -258, -131, -68, -229, -244, -180, 
-29, 444, 473, -207, -251, 458, -258, -131, -63, -229, -244, -175, 
-29, 444, 473, -207, -251, 458, -268, -131, -63, -224, -239, -175, 
-34, 444, 478, -204, -256, 461, -273, -146, -63, -224, -239, -175, 
-24, 458, 483, -217, -253, 470, -278, -146, -58, -214, -239, -175, 
-19, 458, 478, -219, -248, 468, -278, -146, -53, -209, -239, -170, 
-19, 463, 483, -222, -251, 473, -283, -156, -48, -209, -239, -170, 
-19, 468, 488, -224, -253, 478, -287, -161, -48, -209, -234, -170, 
-19, 468, 488, -224, -253, 478, -292, -161, -58, -219, -234, -175, 
-14, 473, 488, -229, -251, 480, -297, -165, -53, -214, -229, -175, 
-14, 478, 492, -231, -253, 485, -307, -170, -53, -214, -229, -175, 
-14, 478, 492, -231, -253, 485, -307, -170, -53, -209, -229, -175, 
0, 478, 478, -239, -239, 478, -317, -170, -48, -204, -214, -161, 
4, 488, 483, -246, -239, 485, -322, -180, -48, -200, -204, -156, 
9, 507, 497, -258, -244, 502, -341, -190, -48, -195, -204, -151, 
19, 512, 492, -265, -236, 502, -351, -195, -39, -190, -195, -146, 
19, 536, 517, -278, -248, 527, -356, -200, -39, -175, -200, -136, 
24, 541, 517, -283, -246, 529, -361, -209, -43, -175, -200, -136, 
34, 541, 507, -287, -236, 524, -366, -209, -48, -175, -195, -131, 
53, 541, 488, -297, -217, 514, -370, -209, -48, -170, -195, -126, 
63, 546, 483, -305, -209, 514, -366, -209, -58, -180, -195, -131, 
73, 546, 473, -309, -200, 509, -366, -209, -68, -180, -185, -131, 
82, 536, 453, -309, -185, 495, -361, -200, -73, -180, -185, -131, 
82, 536, 453, -309, -185, 495, -356, -200, -87, -185, -190, -141, 
73, 517, 444, -295, -185, 480, -336, -190, -112, -209, -204, -146, 
68, 497, 429, -283, -180, 463, -322, -180, -122, -214, -209, -146, 
58, 488, 429, -273, -185, 458, -312, -175, -122, -219, -209, -151, 
48, 483, 434, -265, -192, 458, -307, -170, -131, -224, -219, -161, 
43, 473, 429, -258, -192, 451, -292, -165, -131, -219, -224, -156, 
39, 463, 424, -251, -192, 444, -287, -165, -131, -224, -229, -161, 
29, 463, 434, -246, -202, 448, -283, -165, -131, -224, -229, -161, 
24, 463, 439, -244, -207, 451, -278, -165, -126, -224, -234, -161, 
24, 453, 429, -239, -202, 441, -278, -156, -122, -224, -234, -170, 
9, 453, 444, -231, -217, 448, -273, -151, -117, -229, -239, -180, 
0, 444, 444, -222, -222, 444, -263, -146, -126, -239, -244, -190, 
-4, 429, 434, -212, -219, 431, -248, -141, -112, -239, -248, -190, 
-9, 419, 429, -204, -219, 424, -234, -131, -122, -239, -248, -180, 
-14, 419, 434, -202, -224, 427, -229, -131, -122, -239, -253, -180, 
-14, 409, 424, -197, -219, 417, -229, -122, -122, -239, -253, -180, 
-14, 400, 414, -192, -214, 407, -219, -117, -122, -244, -258, -185, 
-14, 400, 414, -192, -214, 407, -229, -107, -136, -244, -263, -190, 
-14, 395, 409, -190, -212, 402, -229, -107, -146, -248, -268, -204, 
-14, 395, 409, -190, -212, 402, -224, -107, -151, -248, -268, -204, 
-24, 395, 419, -185, -222, 407, -224, -107, -151, -253, -273, -204, 
-34, 400, 434, -183, -234, 417, -224, -117, -156, -268, -278, -219, 
-34, 390, 424, -178, -229, 407, -214, -117, -156, -268, -278, -224, 
-34, 385, 419, -175, -226, 402, -214, -117, -156, -268, -283, -224, 
-34, 385, 419, -175, -226, 402, -214, -112, -156, -268, -283, -224, 
-34, 380, 414, -173, -224, 397, -204, -112, -156, -258, -283, -224, 
-34, 380, 414, -173, -224, 397, -200, -112, -156, -263, -283, -224, 
-39, 385, 424, -173, -231, 405, -200, -112, -156, -263, -283, -224, 
-39, 385, 424, -173, -231, 405, -195, -107, -156, -268, -287, -224, 
-29, 370, 400, -170, -214, 385, -195, -92, -146, -268, -278, -219, 
-29, 380, 409, -175, -219, 395, -195, -92, -151, -268, -278, -219, 
-34, 380, 414, -173, -224, 397, -195, -92, -151, -268, -278, -229, 
-34, 380, 414, -173, -224, 397, -190, -92, -146, -263, -273, -229, 
-34, 380, 414, -173, -224, 397, -200, -102, -156, -263, -283, -219, 
-34, 380, 414, -173, -224, 397, -200, -102, -156, -263, -283, -219, 
-29, 375, 405, -173, -217, 390, -195, -102, -156, -263, -283, -219, 
-29, 375, 405, -173, -217, 390, -195, -97, -156, -263, -283, -219, 
-29, 375, 405, -173, -217, 390, -185, -87, -165, -263, -278, -219, 
-29, 375, 405, -173, -217, 390, -185, -87, -165, -263, -278, -219, 
-29, 375, 405, -173, -217, 390, -185, -87, -165, -263, -278, -219, 
-29, 380, 409, -175, -219, 395, -185, -87, -165, -263, -278, -224, 
-29, 380, 409, -175, -219, 395, -185, -87, -151, -263, -278, -224, 
-29, 375, 405, -173, -217, 390, -180, -87, -151, -263, -278, -219, 
-29, 375, 405, -173, -217, 390, -180, -87, -151, -263, -278, -219, 
-29, 375, 405, -173, -217, 390, -180, -87, -151, -263, -278, -219, 
-39, 375, 414, -168, -226, 395, -180, -87, -161, -263, -278, -219, 
-39, 375, 414, -168, -226, 395, -180, -87, -161, -263, -278, -219, 
-34, 380, 414, -173, -224, 397, -185, -87, -165, -268, -278, -219, 
-34, 380, 414, -173, -224, 397, -185, -87, -165, -268, -278, -219, 
-34, 370, 405, -168, -219, 387, -180, -87, -161, -263, -278, -219, 
-34, 370, 405, -168, -219, 387, -180, -87, -161, -263, -278, -219, 
-34, 370, 405, -168, -219, 387, -180, -87, -161, -263, -278, -219, 
-34, 370, 405, -168, -219, 387, -180, -87, -161, -263, -278, -214, 
-19, 380, 400, -180, -209, 390, -170, -68, -146, -263, -273, -214, 
-9, 395, 405, -192, -207, 400, -165, -58, -126, -253, -273, -214, 
-14, 409, 424, -197, -219, 417, -175, -48, -78, -219, -248, -200, 
-9, 439, 448, -214, -229, 444, -180, -39, -19, -165, -204, -161, 
0, 488, 488, -244, -244, 488, -200, -48, 29, -97, -151, -122, 
48, 531, 483, -290, -217, 507, -224, -58, 53, -48, -102, -73, 
112, 561, 448, -336, -168, 505, -244, -43, 82, -4, -68, -19, 
195, 575, 380, -385, -92, 478, -258, -34, 82, 24, -48, 14, 
307, 600, 292, -453, 7, 446, -292, -14, 73, 39, -14, 68, 
434, 624, 190, -529, 122, 407, -341, 0, 87, 73, 34, 136, 
551, 663, 112, -607, 219, 387, -385, 9, 112, 112, 78, 204, 
668, 722, 53, -695, 307, 387, -448, 0, 112, 151, 126, 268, 
771, 751, -19, -761, 395, 366, -507, -58, 68, 190, 180, 341, 
819, 771, -48, -795, 434, 361, -566, -161, -9, 214, 244, 414, 
834, 819, -14, -827, 424, 402, -610, -258, -48, 248, 283, 478, 
834, 849, 14, -841, 409, 431, -634, -331, -68, 263, 312, 531, 
790, 863, 73, -827, 358, 468, -619, -385, -97, 244, 302, 531, 
649, 834, 185, -741, 231, 509, -590, -429, -131, 170, 244, 453, 
478, 790, 312, -634, 82, 551, -522, -429, -131, 78, 146, 336, 
307, 727, 419, -517, -56, 573, -434, -400, -112, -14, 34, 195, 
146, 707, 561, -427, -207, 634, -375, -351, -87, -92, -68, 58, 
-58, 668, 727, -305, -392, 697, -292, -302, -68, -151, -161, -73, 
-244, 570, 814, -163, -529, 692, -170, -234, -92, -234, -253, -195, 
-380, 478, 858, -48, -619, 668, -87, -170, -151, -312, -322, -278, 
-463, 439, 902, 12, -683, 671, -34, -122, -195, -351, -361, -322, 
-522, 395, 917, 63, -719, 656, 19, -92, -234, -409, -405, -370, 
-527, 307, 834, 109, -680, 570, 68, -63, -322, -488, -463, -419, 
-527, 244, 771, 141, -649, 507, 97, -43, -424, -556, -522, -468, 
-517, 224, 741, 146, -629, 483, 117, -39, -478, -580, -541, -488, 
-507, 204, 712, 151, -610, 458, 131, -39, -483, -595, -556, -492, 
-497, 204, 702, 146, -600, 453, 131, -48, -497, -619, -575, -512, 
-488, 209, 697, 139, -592, 453, 122, -58, -522, -634, -575, -522, 
-448, 209, 658, 119, -553, 434, 102, -48, -531, -614, -566, -507, 
-390, 219, 610, 85, -500, 414, 78, -43, -512, -580, -531, -478, 
-322, 248, 570, 36, -446, 409, 34, -43, -473, -541, -502, -448, 
-253, 273, 527, -9, -390, 400, 0, -34, -434, -483, -453, -400, 
-200, 317, 517, -58, -358, 417, -48, -29, -380, -434, -409, -351, 
-146, 375, 522, -114, -334, 448, -92, -14, -351, -390, -370, -317, 
-102, 400, 502, -148, -302, 451, -107, 19, -331, -366, -351, -283, 
-73, 405, 478, -165, -275, 441, -122, 73, -312, -336, -331, -263, 
-43, 424, 468, -190, -256, 446, -136, 97, -278, -322, -317, -239, 
-29, 444, 473, -207, -251, 458, -141, 87, -253, -302, -297, -239, 
-24, 444, 468, -209, -246, 456, -151, 53, -214, -283, -287, -224, 
-14, 429, 444, -207, -229, 436, -141, 34, -190, -263, -278, -214, 
4, 419, 414, -212, -204, 417, -131, 19, -175, -263, -268, -219, 
4, 419, 414, -212, -204, 417, -136, 14, -165, -268, -268, -219, 
19, 409, 390, -214, -185, 400, -141, 9, -165, -258, -258, -214, 
24, 419, 395, -222, -185, 407, -141, 0, -165, -248, -258, -209, 
34, 439, 405, -236, -185, 422, -141, -4, -165, -239, -248, -195, 
34, 448, 414, -241, -190, 431, -175, -4, -165, -224, -244, -180, 
24, 458, 434, -241, -204, 446, -180, -14, -175, -234, -239, -190, 
24, 463, 439, -244, -207, 451, -185, -24, -165, -244, -239, -190, 
24, 463, 439, -244, -207, 451, -185, -24, -165, -244, -244, -190, 
29, 453, 424, -241, -197, 439, -185, -24, -161, -239, -244, -190, 
34, 453, 419, -244, -192, 436, -180, -24, -156, -239, -248, -190, 
34, 439, 405, -236, -185, 422, -165, -9, -151, -229, -248, -180, 
39, 429, 390, -234, -175, 409, -161, -9, -146, -229, -244, -180, 
39, 439, 400, -239, -180, 419, -161, -9, -146, -229, -244, -180, 
39, 444, 405, -241, -183, 424, -165, -14, -146, -229, -244, -175, 
43, 444, 400, -244, -178, 422, -170, -24, -151, -214, -229, -180, 
48, 453, 405, -251, -178, 429, -175, -34, -151, -214, -224, -180, 
48, 458, 409, -253, -180, 434, -175, -34, -151, -209, -224, -180, 
53, 458, 405, -256, -175, 431, -165, -29, -151, -209, -224, -180, 
58, 458, 400, -258, -170, 429, -165, -29, -146, -219, -224, -180, 
58, 458, 400, -258, -170, 429, -170, -29, -146, -219, -224, -180, 
58, 453, 395, -256, -168, 424, -170, -24, -146, -219, -219, -175, 
63, 453, 390, -258, -163, 422, -165, -24, -146, -214, -219, -170, 
63, 463, 400, -263, -168, 431, -175, -29, -146, -204, -229, -170, 
63, 468, 405, -265, -170, 436, -180, -29, -141, -204, -224, -170, 
68, 468, 400, -268, -165, 434, -180, -29, -141, -204, -224, -170, 
68, 478, 409, -273, -170, 444, -185, -29, -141, -204, -224, -175, 
82, 478, 395, -280, -156, 436, -185, -29, -131, -204, -214, -175, 
82, 478, 395, -280, -156, 436, -185, -24, -131, -204, -214, -170, 
82, 478, 395, -280, -156, 436, -180, -24, -131, -204, -214, -161, 
87, 478, 390, -283, -151, 434, -180, -24, -131, -204, -214, -161, 
78, 473, 395, -275, -158, 434, -170, -24, -141, -209, -214, -161, 
78, 473, 395, -275, -158, 434, -175, -24, -136, -209, -214, -161, 
82, 473, 390, -278, -153, 431, -175, -24, -136, -209, -214, -165, 
82, 478, 395, -280, -156, 436, -180, -24, -131, -209, -214, -165, 
92, 478, 385, -285, -146, 431, -175, -24, -131, -209, -219, -161, 
97, 478, 380, -287, -141, 429, -180, -24, -131, -204, -214, -161, 
97, 483, 385, -290, -143, 434, -180, -24, -131, -204, -214, -161, 
97, 483, 385, -290, -143, 434, -180, -24, -131, -200, -214, -161, 
92, 473, 380, -283, -143, 427, -180, -14, -131, -200, -204, -161, 
92, 478, 385, -285, -146, 431, -185, -14, -131, -200, -204, -161, 
92, 478, 385, -285, -146, 431, -185, -14, -131, -200, -200, -161, 
97, 478, 380, -287, -141, 429, -180, -14, -131, -190, -200, -156, 
97, 483, 385, -290, -143, 434, -180, -14, -141, -190, -209, -156, 
107, 488, 380, -297, -136, 434, -180, -14, -141, -190, -209, -156, 
107, 492, 385, -300, -139, 439, -180, -14, -131, -190, -209, -146, 
107, 497, 390, -302, -141, 444, -185, -14, -131, -190, -209, -146, 
107, 502, 395, -305, -143, 448, -195, -24, -131, -180, -200, -146, 
107, 492, 385, -300, -139, 439, -190, -24, -126, -180, -190, -141, 
107, 492, 385, -300, -139, 439, -190, -24, -126, -180, -190, -141, 
117, 502, 385, -309, -134, 444, -195, -24, -131, -180, -195, -146, 
126, 502, 375, -314, -124, 439, -185, -14, -131, -170, -185, -136, 
126, 502, 375, -314, -124, 439, -185, -14, -126, -165, -175, -131, 
126, 507, 380, -317, -126, 444, -190, -14, -126, -161, -175, -131, 
131, 507, 375, -319, -122, 441, -190, -14, -126, -161, -175, -131, 
131, 507, 375, -319, -122, 441, -190, -19, -122, -156, -185, -126, 
136, 512, 375, -324, -119, 444, -195, -19, -122, -161, -185, -126, 
136, 517, 380, -326, -122, 448, -200, -19, -122, -165, -185, -126, 
141, 517, 375, -329, -117, 446, -200, -19, -122, -165, -180, -122, 
141, 522, 380, -331, -119, 451, -190, -9, -122, -165, -175, -117, 
146, 531, 385, -339, -119, 458, -195, -9, -122, -170, -175, -117, 
151, 531, 380, -341, -114, 456, -195, -9, -122, -170, -175, -117, 
151, 531, 380, -341, -114, 456, -195, -9, -117, -161, -170, -112, 
161, 541, 380, -351, -109, 461, -209, -19, -126, -161, -170, -112, 
161, 541, 380, -351, -109, 461, -209, -19, -126, -161, -165, -112, 
170, 546, 375, -358, -102, 461, -214, -19, -122, -146, -165, -112, 
175, 551, 375, -363, -100, 463, -214, -19, -122, -146, -161, -117, 
180, 556, 375, -368, -97, 466, -214, -19, -117, -146, -161, -112, 
180, 556, 375, -368, -97, 466, -214, -14, -112, -141, -151, -102, 
185, 556, 370, -370, -92, 463, -224, -14, -107, -141, -151, -92, 
190, 566, 375, -378, -92, 470, -224, -19, -107, -141, -151, -87, 
190, 566, 375, -378, -92, 470, -224, -9, -107, -126, -146, -92, 
195, 570, 375, -383, -90, 473, -224, -9, -102, -126, -141, -87, 
200, 575, 375, -387, -87, 475, -229, -9, -102, -126, -141, -87, 
204, 580, 375, -392, -85, 478, -229, -9, -102, -122, -141, -87, 
209, 585, 375, -397, -82, 480, -219, -9, -97, -122, -131, -73, 
214, 585, 370, -400, -78, 478, -224, -9, -97, -117, -126, -63, 
219, 590, 370, -405, -75, 480, -234, -9, -97, -112, -122, -53, 
224, 595, 370, -409, -73, 483, -239, -9, -92, -107, -117, -43, 
224, 590, 366, -407, -70, 478, -239, -9, -87, -92, -107, -43, 
234, 605, 370, -419, -68, 488, -244, -9, -87, -92, -97, -39, 
234, 605, 370, -419, -68, 488, -248, -9, -87, -87, -92, -34, 
244, 605, 361, -424, -58, 483, -253, -9, -82, -82, -73, -24, 
244, 614, 370, -429, -63, 492, -258, -19, -82, -78, -73, -24, 
248, 624, 375, -436, -63, 500, -258, -19, -78, -73, -73, -19, 
258, 624, 366, -441, -53, 495, -263, -19, -78, -68, -68, -14, 
268, 634, 366, -451, -48, 500, -263, -19, -78, -63, -63, -9, 
263, 649, 385, -456, -61, 517, -278, -24, -87, -58, -68, -4, 
268, 649, 380, -458, -56, 514, -283, -24, -82, -53, -63, 4, 
273, 649, 375, -461, -51, 512, -287, -24, -78, -43, -53, 14, 
273, 658, 385, -466, -56, 522, -292, -29, -78, -43, -48, 14, 
292, 673, 380, -483, -43, 527, -287, -29, -78, -39, -34, 19, 
297, 673, 375, -485, -39, 524, -292, -29, -68, -29, -24, 24, 
302, 688, 385, -495, -41, 536, -297, -29, -68, -24, -24, 29, 
307, 697, 390, -502, -41, 544, -302, -29, -68, -24, -24, 34, 
312, 697, 385, -505, -36, 541, -302, -29, -63, -29, -14, 39, 
317, 702, 385, -509, -34, 544, -307, -34, -63, -24, -9, 43, 
322, 717, 395, -519, -36, 556, -312, -34, -63, -19, -4, 43, 
322, 717, 395, -519, -36, 556, -317, -34, -63, -14, 0, 53, 
317, 717, 400, -517, -41, 558, -322, -43, -63, -9, -4, 53, 
322, 727, 405, -524, -41, 566, -322, -53, -63, -4, 0, 53, 
322, 727, 405, -524, -41, 566, -326, -53, -63, 0, 4, 58, 
322, 732, 409, -527, -43, 570, -331, -53, -58, 4, 9, 63, 
336, 732, 395, -534, -29, 563, -322, -58, -68, 4, 9, 78, 
336, 736, 400, -536, -31, 568, -326, -58, -68, 4, 9, 78, 
341, 741, 400, -541, -29, 570, -326, -58, -63, 9, 14, 82, 
341, 746, 405, -544, -31, 575, -326, -68, -63, 9, 14, 82, 
336, 741, 405, -539, -34, 573, -326, -63, -63, 9, 14, 82, 
336, 741, 405, -539, -34, 573, -326, -63, -63, 9, 19, 87, 
336, 741, 405, -539, -34, 573, -331, -63, -63, 9, 19, 87, 
336, 746, 409, -541, -36, 578, -331, -68, -63, 9, 19, 87, 
331, 746, 414, -539, -41, 580, -331, -68, -63, 24, 24, 78, 
331, 746, 414, -539, -41, 580, -331, -68, -63, 24, 24, 78, 
331, 751, 419, -541, -43, 585, -331, -73, -63, 19, 24, 78, 
331, 751, 419, -541, -43, 585, -331, -73, -63, 19, 24, 78, 
322, 746, 424, -534, -51, 585, -322, -73, -73, 14, 24, 78, 
317, 746, 429, -531, -56, 588, -322, -73, -73, 14, 24, 73, 
317, 741, 424, -529, -53, 583, -317, -78, -78, 9, 19, 73, 
317, 741, 424, -529, -53, 583, -317, -78, -78, 9, 19, 73, 
302, 736, 434, -519, -65, 585, -312, -78, -73, 9, 14, 63, 
297, 732, 434, -514, -68, 583, -312, -82, -73, 0, 9, 53, 
283, 722, 439, -502, -78, 580, -297, -82, -68, -4, 4, 43, 
283, 712, 429, -497, -73, 570, -297, -82, -68, -4, 4, 43, 
273, 712, 439, -492, -82, 575, -297, -87, -73, -4, -4, 43, 
268, 707, 439, -488, -85, 573, -287, -87, -73, -9, -9, 29, 
258, 692, 434, -475, -87, 563, -283, -87, -73, -14, -14, 24, 
253, 692, 439, -473, -92, 566, -278, -92, -73, -19, -24, 14, 
239, 692, 453, -466, -107, 573, -263, -92, -92, -39, -48, 4, 
234, 678, 444, -456, -104, 561, -258, -87, -92, -53, -53, 0, 
224, 663, 439, -444, -107, 551, -253, -87, -92, -58, -58, -9, 
219, 663, 444, -441, -112, 553, -248, -87, -97, -68, -73, -19, 
209, 644, 434, -427, -112, 539, -239, -87, -107, -82, -68, -29, 
204, 629, 424, -417, -109, 527, -239, -87, -107, -87, -73, -34, 
195, 624, 429, -409, -117, 527, -234, -82, -117, -92, -82, -43, 
190, 614, 424, -402, -117, 519, -234, -82, -117, -102, -92, -48, 
175, 600, 424, -387, -124, 512, -214, -73, -112, -97, -92, -58, 
170, 590, 419, -380, -124, 505, -209, -73, -117, -107, -107, -68, 
161, 590, 429, -375, -134, 509, -209, -73, -122, -117, -112, -73, 
161, 580, 419, -370, -129, 500, -200, -73, -122, -117, -112, -82, 
156, 570, 414, -363, -129, 492, -200, -73, -126, -126, -131, -92, 
146, 570, 424, -358, -139, 497, -200, -73, -131, -136, -141, -107, 
141, 561, 419, -351, -139, 490, -195, -73, -136, -146, -146, -107, 
141, 556, 414, -348, -136, 485, -180, -68, -136, -146, -146, -107, 
146, 556, 409, -351, -131, 483, -180, -68, -141, -141, -156, -117, 
141, 551, 409, -346, -134, 480, -180, -68, -146, -151, -161, -122, 
141, 541, 400, -341, -129, 470, -175, -63, -146, -151, -165, -126, 
136, 541, 405, -339, -134, 473, -170, -63, -151, -156, -170, -136, 
131, 541, 409, -336, -139, 475, -156, -63, -161, -165, -175, -126, 
126, 531, 405, -329, -139, 468, -156, -58, -161, -165, -175, -126, 
126, 527, 400, -326, -136, 463, -156, -58, -161, -170, -175, -131, 
122, 527, 405, -324, -141, 466, -151, -58, -165, -175, -180, -136, 
117, 531, 414, -324, -148, 473, -156, -58, -175, -175, -185, -146, 
117, 527, 409, -322, -146, 468, -156, -58, -175, -175, -185, -146, 
112, 527, 414, -319, -151, 470, -156, -58, -185, -185, -185, -151, 
112, 527, 414, -319, -151, 470, -156, -58, -185, -185, -190, -151, 
112, 536, 424, -324, -156, 480, -161, -58, -175, -185, -190, -151, 
112, 536, 424, -324, -156, 480, -161, -58, -175, -190, -190, -156, 
112, 536, 424, -324, -156, 480, -165, -58, -175, -190, -190, -161, 
112, 531, 419, -322, -153, 475, -165, -58, -170, -190, -190, -161, 
112, 522, 409, -317, -148, 466, -156, -48, -170, -200, -195, -151, 
112, 522, 409, -317, -148, 466, -151, -48, -180, -200, -195, -151, 
112, 522, 409, -317, -148, 466, -141, -48, -180, -200, -195, -151, 
112, 522, 409, -317, -148, 466, -131, -43, -180, -200, -195, -151, 
107, 512, 405, -309, -148, 458, -141, -43, -190, -195, -195, -161, 
107, 512, 405, -309, -148, 458, -141, -43, -190, -195, -200, -161, 
107, 512, 405, -309, -148, 458, -136, -43, -185, -195, -200, -161, 
107, 512, 405, -309, -148, 458, -136, -43, -185, -195, -200, -165, 
102, 522, 419, -312, -158, 470, -141, -53, -185, -195, -200, -161, 
102, 517, 414, -309, -156, 466, -141, -53, -185, -195, -200, -161, 
102, 517, 414, -309, -156, 466, -141, -53, -185, -195, -200, -161, 
107, 522, 414, -314, -153, 468, -141, -53, -190, -195, -204, -161, 
107, 531, 424, -319, -158, 478, -141, -39, -190, -195, -195, -161, 
107, 531, 424, -319, -158, 478, -141, -39, -190, -195, -190, -161, 
107, 531, 424, -319, -158, 478, -141, -39, -190, -195, -190, -161, 
107, 531, 424, -319, -158, 478, -141, -39, -190, -195, -190, -161, 
107, 517, 409, -312, -151, 463, -136, -48, -190, -195, -190, -156, 
107, 517, 409, -312, -151, 463, -136, -48, -190, -195, -190, -156, 
107, 522, 414, -314, -153, 468, -136, -48, -190, -200, -190, -156, 
107, 522, 414, -314, -153, 468, -136, -48, -185, -200, -190, -156, 
107, 522, 414, -314, -153, 468, -126, -48, -185, -200, -200, -165, 
107, 522, 414, -314, -153, 468, -126, -48, -185, -200, -200, -165, 
107, 517, 409, -312, -151, 463, -126, -43, -185, -200, -200, -165, 
107, 517, 409, -312, -151, 463, -131, -43, -185, -200, -195, -165, 
107, 512, 405, -309, -148, 458, -131, -34, -175, -190, -185, -165, 
107, 512, 405, -309, -148, 458, -126, -34, -175, -185, -185, -165, 
107, 512, 405, -309, -148, 458, -122, -34, -175, -185, -185, -161, 
107, 512, 405, -309, -148, 458, -122, -34, -175, -190, -185, -161, 
102, 522, 419, -312, -158, 470, -131, -43, -180, -200, -195, -161, 
102, 522, 419, -312, -158, 470, -131, -43, -185, -195, -195, -161, 
102, 522, 419, -312, -158, 470, -131, -39, -185, -195, -195, -161, 
107, 522, 414, -314, -153, 468, -136, -39, -190, -195, -195, -161, 
117, 522, 405, -319, -143, 463, -126, -29, -180, -185, -195, -151, 
117, 522, 405, -319, -143, 463, -126, -29, -180, -185, -195, -151, 
117, 527, 409, -322, -146, 468, -126, -29, -185, -185, -195, -151, 
117, 531, 414, -324, -148, 473, -126, -29, -185, -185, -195, -151, 
117, 531, 414, -324, -148, 473, -131, -39, -180, -180, -185, -151, 
117, 536, 419, -326, -151, 478, -131, -39, -180, -180, -185, -151, 
117, 546, 429, -331, -156, 488, -131, -43, -180, -180, -185, -151, 
122, 536, 414, -329, -146, 475, -136, -43, -180, -180, -185, -151, 
126, 546, 419, -336, -146, 483, -136, -39, -180, -180, -190, -161, 
126, 551, 424, -339, -148, 488, -136, -39, -185, -180, -190, -161, 
126, 551, 424, -339, -148, 488, -136, -39, -190, -175, -190, -161, 
131, 551, 419, -341, -143, 485, -136, -39, -190, -170, -190, -156, 
122, 541, 419, -331, -148, 480, -136, -39, -180, -170, -180, -146, 
122, 541, 419, -331, -148, 480, -136, -34, -180, -170, -180, -146, 
122, 541, 419, -331, -148, 480, -136, -34, -180, -170, -175, -141, 
122, 546, 424, -334, -151, 485, -136, -34, -180, -175, -175, -141, 
126, 551, 424, -339, -148, 488, -126, -34, -190, -185, -175, -141, 
131, 541, 409, -336, -139, 475, -126, -34, -190, -180, -175, -141, 
131, 541, 409, -336, -139, 475, -126, -34, -190, -180, -175, -141, 
136, 541, 405, -339, -134, 473, -126, -34, -190, -180, -175, -141, 
146, 541, 395, -344, -124, 468, -136, -34, -180, -180, -170, -141, 
146, 541, 395, -344, -124, 468, -136, -34, -180, -175, -170, -141, 
151, 546, 395, -348, -122, 470, -136, -34, -185, -175, -170, -141, 
151, 546, 395, -348, -122, 470, -136, -34, -185, -175, -170, -141, 
141, 531, 390, -336, -124, 461, -136, -34, -185, -175, -170, -146, 
141, 531, 390, -336, -124, 461, -136, -39, -185, -175, -170, -146, 
141, 541, 400, -341, -129, 470, -136, -39, -190, -175, -170, -146, 
146, 541, 395, -344, -124, 468, -141, -34, -190, -170, -165, -146, 
151, 541, 390, -346, -119, 466, -141, -24, -190, -161, -165, -141, 
151, 541, 390, -346, -119, 466, -141, -29, -190, -165, -165, -141, 
156, 541, 385, -348, -114, 463, -141, -29, -190, -165, -165, -141, 
156, 536, 380, -346, -112, 458, -141, -29, -190, -165, -165, -141, 
156, 541, 385, -348, -114, 463, -141, -39, -190, -175, -175, -146, 
151, 546, 395, -348, -122, 470, -141, -39, -190, -175, -175, -146, 
151, 551, 400, -351, -124, 475, -136, -39, -190, -175, -175, -141, 
156, 561, 405, -358, -124, 483, -136, -39, -190, -175, -175, -141, 
156, 556, 400, -356, -122, 478, -126, -39, -190, -175, -180, -146, 
156, 556, 400, -356, -122, 478, -126, -39, -190, -175, -180, -146, 
156, 556, 400, -356, -122, 478, -126, -39, -190, -175, -175, -146, 
156, 556, 400, -356, -122, 478, -126, -39, -190, -175, -175, -146, 
156, 556, 400, -356, -122, 478, -136, -39, -190, -175, -175, -146, 
156, 556, 400, -356, -122, 478, -136, -39, -190, -170, -175, -141, 
156, 556, 400, -356, -122, 478, -136, -39, -190, -170, -175, -141, 
156, 556, 400, -356, -122, 478, -136, -39, -190, -170, -175, -141, 
151, 541, 390, -346, -119, 466, -126, -29, -190, -170, -170, -131, 
151, 541, 390, -346, -119, 466, -126, -29, -190, -170, -165, -131, 
151, 546, 395, -348, -122, 470, -126, -29, -190, -170, -161, -136, 
151, 546, 395, -348, -122, 470, -131, -29, -190, -170, -156, -136, 
151, 546, 395, -348, -122, 470, -131, -29, -200, -170, -165, -136, 
151, 546, 395, -348, -122, 470, -131, -29, -200, -170, -165, -136, 
151, 546, 395, -348, -122, 470, -126, -29, -200, -170, -165, -136, 
151, 546, 395, -348, -122, 470, -126, -29, -200, -170, -165, -136, 
151, 546, 395, -348, -122, 470, -117, -29, -209, -180, -175, -146, 
156, 546, 390, -351, -117, 468, -117, -29, -209, -180, -175, -146, 
156, 541, 385, -348, -114, 463, -117, -29, -209, -180, -175, -146, 
156, 541, 385, -348, -114, 463, -117, -29, -214, -180, -175, -146, 
165, 546, 380, -356, -107, 463, -117, -39, -214, -180, -175, -146, 
165, 546, 380, -356, -107, 463, -117, -39, -214, -180, -175, -146, 
165, 546, 380, -356, -107, 463, -117, -39, -219, -180, -180, -146, 
165, 546, 380, -356, -107, 463, -117, -39, -219, -185, -180, -146, 
165, 546, 380, -356, -107, 463, -126, -39, -229, -185, -180, -156, 
165, 546, 380, -356, -107, 463, -126, -39, -229, -180, -180, -161, 
165, 546, 380, -356, -107, 463, -126, -39, -224, -180, -180, -161, 
165, 541, 375, -353, -104, 458, -126, -43, -224, -185, -180, -156, 
156, 541, 385, -348, -114, 463, -122, -43, -224, -185, -175, -146, 
156, 541, 385, -348, -114, 463, -122, -43, -224, -185, -175, -146, 
156, 546, 390, -351, -117, 468, -122, -43, -229, -185, -180, -146, 
156, 546, 390, -351, -117, 468, -122, -43, -229, -185, -180, -146, 
156, 546, 390, -351, -117, 468, -117, -43, -229, -185, -190, -156, 
156, 546, 390, -351, -117, 468, -117, -43, -229, -185, -195, -156, 
156, 546, 390, -351, -117, 468, -117, -43, -229, -190, -195, -156, 
156, 546, 390, -351, -117, 468, -117, -43, -229, -190, -195, -156, 
161, 536, 375, -348, -107, 456, -117, -39, -234, -190, -185, -146, 
161, 536, 375, -348, -107, 456, -117, -34, -234, -190, -185, -146, 
161, 536, 375, -348, -107, 456, -117, -29, -229, -190, -180, -146, 
161, 536, 375, -348, -107, 456, -117, -24, -229, -190, -180, -146, 
151, 536, 385, -344, -117, 461, -117, -34, -229, -190, -180, -146, 
156, 536, 380, -346, -112, 458, -117, -34, -229, -190, -180, -146, 
156, 536, 380, -346, -112, 458, -117, -34, -229, -190, -185, -146, 
156, 546, 390, -351, -117, 468, -117, -34, -234, -190, -185, -146, 
156, 546, 390, -351, -117, 468, -117, -34, -244, -190, -185, -146, 
161, 546, 385, -353, -112, 466, -117, -34, -239, -190, -185, -146, 
161, 546, 385, -353, -112, 466, -117, -34, -239, -190, -185, -146, 
161, 546, 385, -353, -112, 466, -117, -34, -239, -190, -185, -151, 
161, 546, 385, -353, -112, 466, -117, -34, -229, -190, -175, -151, 
161, 541, 380, -351, -109, 461, -117, -34, -229, -190, -175, -151, 
161, 536, 375, -348, -107, 456, -117, -34, -234, -190, -175, -151, 
161, 531, 370, -346, -104, 451, -117, -34, -234, -190, -175, -151, 
170, 531, 361, -351, -95, 446, -117, -24, -234, -180, -180, -161, 
170, 531, 361, -351, -95, 446, -112, -24, -234, -180, -180, -161, 
170, 531, 361, -351, -95, 446, -112, -24, -229, -180, -180, -156, 
170, 531, 361, -351, -95, 446, -112, -24, -229, -180, -180, -156, 
165, 531, 366, -348, -100, 448, -107, -24, -239, -185, -185, -146, 
165, 536, 370, -351, -102, 453, -107, -24, -239, -185, -185, -146, 
165, 536, 370, -351, -102, 453, -107, -24, -239, -185, -185, -146, 
165, 536, 370, -351, -102, 453, -112, -24, -239, -185, -185, -146, 
165, 541, 375, -353, -104, 458, -112, -34, -239, -195, -185, -146, 
165, 541, 375, -353, -104, 458, -112, -34, -239, -190, -185, -146, 
165, 541, 375, -353, -104, 458, -112, -34, -239, -190, -185, -146, 
165, 541, 375, -353, -104, 458, -112, -34, -239, -190, -185, -146, 
175, 541, 366, -358, -95, 453, -107, -29, -239, -190, -190, -156, 
175, 541, 366, -358, -95, 453, -107, -29, -239, -190, -190, -156, 
180, 541, 361, -361, -90, 451, -112, -34, -239, -190, -190, -156, 
180, 541, 361, -361, -90, 451, -112, -34, -239, -190, -190, -156, 
170, 531, 361, -351, -95, 446, -102, -29, -239, -190, -180, -156, 
165, 536, 370, -351, -102, 453, -107, -29, -244, -185, -175, -156, 
175, 541, 366, -358, -95, 453, -117, -39, -253, -195, -185, -165, 
175, 546, 370, -361, -97, 458, -117, -39, -253, -195, -185, -165, 
175, 551, 375, -363, -100, 463, -117, -39, -253, -195, -185, -165, 
175, 556, 380, -366, -102, 468, -117, -39, -253, -195, -185, -165, 
175, 546, 370, -361, -97, 458, -117, -39, -244, -185, -195, -156, 
175, 546, 370, -361, -97, 458, -117, -39, -244, -185, -195, -156, 
175, 551, 375, -363, -100, 463, -117, -39, -244, -185, -195, -156, 
175, 551, 375, -363, -100, 463, -117, -39, -244, -185, -195, -156, 
175, 551, 375, -363, -100, 463, -117, -29, -234, -175, -180, -156, 
185, 561, 375, -373, -95, 468, -122, -29, -234, -175, -175, -151, 
185, 580, 395, -383, -104, 488, -126, -29, -234, -165, -175, -146, 
185, 585, 400, -385, -107, 492, -131, -29, -224, -165, -170, -136, 
180, 580, 400, -380, -109, 490, -136, -43, -219, -165, -165, -126, 
180, 590, 409, -385, -114, 500, -136, -48, -214, -161, -165, -126, 
180, 590, 409, -385, -114, 500, -136, -48, -209, -156, -165, -122, 
185, 590, 405, -387, -109, 497, -136, -43, -204, -156, -156, -122, 
185, 595, 409, -390, -112, 502, -131, -43, -204, -161, -156, -131, 
185, 600, 414, -392, -114, 507, -131, -43, -200, -161, -156, -126, 
185, 600, 414, -392, -114, 507, -141, -43, -200, -156, -151, -126, 
180, 600, 419, -390, -119, 509, -146, -58, -200, -156, -151, -126, 
180, 614, 434, -397, -126, 524, -151, -68, -195, -146, -151, -126, 
185, 614, 429, -400, -122, 522, -151, -68, -190, -141, -151, -122, 
185, 619, 434, -402, -124, 527, -156, -78, -185, -141, -151, -122, 
185, 624, 439, -405, -126, 531, -161, -82, -185, -141, -146, -122, 
185, 619, 434, -402, -124, 527, -175, -73, -185, -151, -146, -117, 
190, 619, 429, -405, -119, 524, -180, -78, -180, -146, -141, -117, 
190, 619, 429, -405, -119, 524, -190, -82, -180, -146, -141, -117, 
190, 614, 424, -402, -117, 519, -190, -82, -180, -141, -141, -117, 
195, 619, 424, -407, -114, 522, -190, -92, -175, -136, -136, -102, 
200, 634, 434, -417, -117, 534, -195, -102, -175, -131, -126, -97, 
204, 658, 453, -431, -124, 556, -214, -112, -175, -126, -126, -92, 
214, 668, 453, -441, -119, 561, -224, -117, -165, -122, -117, -87, 
224, 673, 448, -448, -112, 561, -229, -122, -175, -117, -112, -87, 
229, 678, 448, -453, -109, 563, -234, -131, -180, -117, -112, -87, 
239, 678, 439, -458, -100, 558, -239, -131, -185, -117, -107, -82, 
258, 678, 419, -468, -80, 549, -244, -131, -185, -112, -107, -78, 
258, 692, 434, -475, -87, 563, -244, -131, -175, -112, -97, -63, 
268, 692, 424, -480, -78, 558, -239, -131, -185, -112, -87, -63, 
278, 683, 405, -480, -63, 544, -229, -122, -190, -112, -87, -63, 
278, 683, 405, -480, -63, 544, -219, -122, -204, -117, -92, -73, 
268, 673, 405, -470, -68, 539, -209, -102, -224, -136, -112, -82, 
263, 653, 390, -458, -63, 522, -195, -92, -239, -146, -122, -87, 
253, 644, 390, -448, -68, 517, -185, -87, -244, -156, -126, -97, 
244, 639, 395, -441, -75, 517, -180, -82, -258, -165, -141, -112, 
248, 619, 370, -434, -61, 495, -175, -78, -248, -161, -136, -117, 
244, 610, 366, -427, -61, 488, -170, -78, -248, -165, -141, -122, 
234, 610, 375, -422, -70, 492, -165, -78, -248, -165, -141, -122, 
229, 610, 380, -419, -75, 495, -161, -78, -244, -165, -146, -122, 
219, 595, 375, -407, -78, 485, -141, -68, -244, -165, -156, -112, 
204, 590, 385, -397, -90, 488, -136, -63, -244, -170, -161, -122, 
195, 575, 380, -385, -92, 478, -126, -58, -258, -180, -165, -131, 
190, 556, 366, -373, -87, 461, -112, -53, -248, -180, -170, -131, 
185, 556, 370, -370, -92, 463, -117, -34, -258, -180, -170, -131, 
180, 556, 375, -368, -97, 466, -112, -34, -258, -180, -175, -131, 
180, 546, 366, -363, -92, 456, -112, -24, -258, -180, -175, -131, 
180, 536, 356, -358, -87, 446, -102, -19, -258, -185, -180, -136, 
180, 527, 346, -353, -82, 436, -92, -29, -253, -195, -185, -141, 
180, 522, 341, -351, -80, 431, -92, -29, -263, -200, -190, -156, 
180, 522, 341, -351, -80, 431, -87, -29, -268, -200, -190, -156, 
170, 522, 351, -346, -90, 436, -87, -29, -268, -204, -195, -156, 
170, 527, 356, -348, -92, 441, -92, -29, -283, -209, -200, -170, 
170, 517, 346, -344, -87, 431, -87, -29, -283, -209, -200, -175, 
170, 512, 341, -341, -85, 427, -92, -29, -283, -209, -204, -175, 
170, 512, 341, -341, -85, 427, -97, -24, -283, -209, -204, -175, 
180, 507, 326, -344, -73, 417, -97, -24, -283, -209, -204, -175, 
180, 507, 326, -344, -73, 417, -92, -24, -283, -214, -204, -175, 
175, 512, 336, -344, -80, 424, -92, -24, -283, -214, -204, -175, 
175, 512, 336, -344, -80, 424, -87, -19, -283, -219, -209, -175, 
175, 507, 331, -341, -78, 419, -78, -14, -283, -219, -200, -170, 
175, 517, 341, -346, -82, 429, -78, -14, -287, -219, -200, -170, 
170, 517, 346, -344, -87, 431, -78, -14, -287, -219, -200, -180, 
170, 517, 346, -344, -87, 431, -73, -14, -283, -214, -195, -180, 
170, 507, 336, -339, -82, 422, -73, -14, -283, -224, -204, -180, 
170, 507, 336, -339, -82, 422, -73, -14, -283, -224, -204, -180, 
175, 502, 326, -339, -75, 414, -68, -14, -283, -224, -204, -180, 
175, 502, 326, -339, -75, 414, -68, -9, -283, -224, -204, -180, 
165, 512, 346, -339, -90, 429, -78, -9, -283, -224, -209, -180, 
165, 512, 346, -339, -90, 429, -78, -9, -283, -224, -209, -180, 
165, 512, 346, -339, -90, 429, -78, -9, -283, -224, -209, -180, 
165, 517, 351, -341, -92, 434, -78, -9, -283, -224, -209, -185, 
165, 507, 341, -336, -87, 424, -78, -9, -287, -224, -209, -185, 
165, 502, 336, -334, -85, 419, -73, -9, -287, -224, -209, -180, 
165, 502, 336, -334, -85, 419, -73, -9, -287, -224, -209, -180, 
165, 502, 336, -334, -85, 419, -73, -9, -287, -224, -209, -180, 
165, 502, 336, -334, -85, 419, -63, -9, -278, -214, -219, -180, 
165, 502, 336, -334, -85, 419, -63, -9, -278, -214, -219, -180, 
170, 507, 336, -339, -82, 422, -68, -9, -283, -219, -219, -180, 
170, 507, 336, -339, -82, 422, -68, -9, -283, -219, -219, -180, 
180, 507, 326, -344, -73, 417, -68, -9, -287, -224, -209, -180, 
180, 507, 326, -344, -73, 417, -73, -9, -287, -224, -209, -180, 
180, 507, 326, -344, -73, 417, -78, -9, -287, -224, -209, -180, 
180, 507, 326, -344, -73, 417, -82, -9, -287, -224, -209, -175, 
185, 497, 312, -341, -63, 405, -53, 9, -263, -214, -204, -165, 
185, 512, 326, -348, -70, 419, -58, 29, -244, -214, -204, -165, 
190, 536, 346, -363, -78, 441, -68, 29, -195, -180, -190, -151, 
204, 575, 370, -390, -82, 473, -73, 29, -126, -117, -136, -112, 
214, 634, 419, -424, -102, 527, -102, 19, -87, -48, -82, -63, 
253, 668, 414, -461, -80, 541, -117, 9, -53, 0, -34, -24, 
336, 678, 341, -507, -2, 509, -136, 34, -34, 34, 9, 29, 
429, 692, 263, -561, 82, 478, -170, 43, -34, 63, 39, 82, 
531, 727, 195, -629, 168, 461, -214, 53, -43, 87, 82, 136, 
649, 751, 102, -700, 273, 427, -244, 68, -19, 141, 131, 214, 
766, 790, 24, -778, 370, 407, -287, 68, 14, 200, 204, 312, 
883, 839, -43, -861, 463, 397, -351, 48, -4, 239, 253, 395, 
966, 888, -78, -927, 522, 405, -409, -29, -58, 278, 307, 468, 
1005, 917, -87, -961, 546, 414, -448, -131, -117, 302, 361, 551, 
1000, 956, -43, -978, 522, 456, -483, -209, -136, 336, 409, 614, 
990, 995, 4, -993, 492, 500, -517, -283, -165, 331, 419, 629, 
917, 1000, 82, -958, 417, 541, -522, -336, -214, 292, 390, 600, 
766, 980, 214, -873, 275, 597, -473, -370, -229, 209, 312, 502, 
585, 927, 341, -756, 122, 634, -405, -361, -229, 97, 195, 356, 
424, 863, 439, -644, -7, 651, -326, -312, -209, 4, 63, 204, 
253, 824, 570, -539, -158, 697, -239, -253, -175, -53, -29, 68, 
48, 766, 717, -407, -334, 741, -146, -214, -175, -131, -122, -63, 
-117, 658, 775, -270, -446, 717, -43, -156, -219, -234, -224, -195, 
-224, 575, 800, -175, -512, 688, 48, -92, -278, -312, -302, -278, 
-297, 546, 844, -124, -570, 695, 92, -53, -322, -370, -351, -331, 
-317, 512, 829, -97, -573, 671, 117, -34, -370, -429, -395, -380, 
-312, 424, 736, -56, -524, 580, 156, -4, -458, -507, -463, -429, 
-302, 370, 673, -34, -488, 522, 175, 14, -561, -556, -502, -458, 
-302, 351, 653, -24, -478, 502, 195, 19, -605, -570, -512, -468, 
-302, 331, 634, -14, -468, 483, 200, 19, -619, -585, -517, -473, 
-302, 312, 614, -4, -458, 463, 209, 19, -624, -600, -517, -483, 
-283, 317, 600, -17, -441, 458, 200, 19, -639, -595, -517, -483, 
-234, 317, 551, -41, -392, 434, 180, 19, -658, -585, -517, -458, 
-156, 336, 492, -90, -324, 414, 146, 14, -639, -551, -492, -429, 
-87, 385, 473, -148, -280, 429, 112, 4, -590, -512, -453, -400, 
-39, 429, 468, -195, -253, 448, 68, 14, -531, -473, -405, -361, 
4, 463, 458, -234, -226, 461, 19, 19, -488, -414, -351, -322, 
58, 492, 434, -275, -187, 463, -24, 43, -458, -370, -322, -278, 
102, 527, 424, -314, -161, 475, -39, 87, -439, -336, -292, -244, 
131, 531, 400, -331, -134, 466, -43, 122, -409, -297, -253, -214, 
151, 541, 390, -346, -119, 466, -48, 136, -385, -263, -239, -190, 
165, 551, 385, -358, -109, 468, -53, 126, -351, -253, -229, -180, 
180, 541, 361, -361, -90, 451, -53, 102, -312, -244, -229, -185, 
190, 536, 346, -363, -78, 441, -53, 73, -297, -244, -229, -185, 
200, 536, 336, -368, -68, 436, -53, 58, -292, -244, -229, -180, 
209, 536, 326, -373, -58, 431, -39, 63, -283, -239, -219, -180, 
214, 527, 312, -370, -48, 419, -43, 58, -273, -229, -209, -175, 
219, 546, 326, -383, -53, 436, -63, 39, -273, -229, -200, -170, 
219, 575, 356, -397, -68, 466, -82, 24, -283, -219, -200, -175, 
219, 585, 366, -402, -73, 475, -97, 14, -273, -214, -195, -161, 
229, 575, 346, -402, -58, 461, -102, 24, -273, -204, -190, -141, 
219, 570, 351, -395, -65, 461, -102, 34, -273, -214, -190, -141, 
219, 570, 351, -395, -65, 461, -97, 34, -273, -214, -195, -141, 
224, 561, 336, -392, -56, 448, -92, 34, -268, -209, -195, -141, 
229, 561, 331, -395, -51, 446, -82, 34, -263, -209, -200, -141, 
229, 556, 326, -392, -48, 441, -82, 29, -258, -209, -200, -151, 
234, 546, 312, -390, -39, 429, -82, 29, -253, -209, -195, -151, 
234, 556, 322, -395, -43, 439, -87, 29, -253, -209, -195, -151, 
234, 561, 326, -397, -46, 444, -97, 24, -253, -209, -195, -146, 
229, 570, 341, -400, -56, 456, -102, 24, -248, -204, -190, -141, 
234, 580, 346, -407, -56, 463, -107, 14, -248, -204, -185, -141, 
234, 585, 351, -409, -58, 468, -107, 14, -248, -200, -185, -141, 
239, 585, 346, -412, -53, 466, -97, 19, -248, -200, -185, -141, 
253, 575, 322, -414, -34, 448, -97, 19, -244, -200, -185, -141, 
253, 575, 322, -414, -34, 448, -102, 19, -244, -200, -185, -141, 
253, 570, 317, -412, -31, 444, -102, 24, -244, -200, -180, -136, 
258, 570, 312, -414, -26, 441, -97, 24, -244, -195, -180, -131, 
248, 580, 331, -414, -41, 456, -97, 19, -244, -195, -180, -131, 
248, 585, 336, -417, -43, 461, -102, 19, -239, -195, -175, -131, 
253, 585, 331, -419, -39, 458, -102, 19, -239, -195, -175, -131, 
253, 595, 341, -424, -43, 468, -107, 19, -239, -195, -175, -136, 
268, 595, 326, -431, -29, 461, -117, 9, -239, -185, -175, -146, 
268, 595, 326, -431, -29, 461, -117, 14, -239, -185, -175, -141, 
268, 595, 326, -431, -29, 461, -112, 14, -239, -185, -175, -131, 
273, 595, 322, -434, -24, 458, -112, 14, -239, -185, -175, -131, 
263, 590, 326, -427, -31, 458, -102, 24, -239, -180, -165, -122, 
263, 590, 326, -427, -31, 458, -107, 24, -234, -180, -165, -122, 
268, 590, 322, -429, -26, 456, -107, 24, -234, -180, -165, -126, 
268, 595, 326, -431, -29, 461, -112, 24, -229, -180, -165, -126, 
268, 595, 326, -431, -29, 461, -117, 14, -239, -190, -170, -122, 
273, 595, 322, -434, -24, 458, -122, 14, -239, -185, -165, -122, 
273, 600, 326, -436, -26, 463, -122, 14, -239, -185, -165, -122, 
273, 600, 326, -436, -26, 463, -122, 14, -239, -180, -165, -122, 
278, 590, 312, -434, -17, 451, -122, 14, -229, -180, -165, -112, 
278, 595, 317, -436, -19, 456, -126, 14, -229, -180, -165, -112, 
278, 595, 317, -436, -19, 456, -126, 14, -229, -180, -161, -112, 
283, 595, 312, -439, -14, 453, -122, 14, -229, -170, -161, -107, 
273, 605, 331, -439, -29, 468, -122, 24, -229, -180, -161, -107, 
283, 605, 322, -444, -19, 463, -122, 24, -229, -180, -161, -107, 
283, 605, 322, -444, -19, 463, -122, 24, -219, -180, -161, -97, 
283, 605, 322, -444, -19, 463, -126, 24, -219, -180, -161, -97, 
292, 619, 326, -456, -17, 473, -126, 24, -229, -170, -161, -107, 
292, 610, 317, -451, -12, 463, -122, 24, -224, -170, -151, -102, 
292, 610, 317, -451, -12, 463, -122, 24, -224, -170, -151, -102, 
302, 619, 317, -461, -7, 468, -126, 24, -229, -170, -156, -107, 
302, 610, 307, -456, -2, 458, -136, 24, -229, -180, -165, -107, 
302, 610, 307, -456, -2, 458, -136, 24, -224, -175, -156, -102, 
302, 614, 312, -458, -4, 463, -141, 24, -224, -170, -156, -102, 
307, 614, 307, -461, 0, 461, -141, 24, -224, -170, -156, -102, 
297, 624, 326, -461, -14, 475, -141, 29, -219, -161, -146, -97, 
302, 629, 326, -466, -12, 478, -146, 29, -219, -161, -146, -97, 
302, 634, 331, -468, -14, 483, -151, 29, -219, -161, -146, -97, 
307, 634, 326, -470, -9, 480, -151, 29, -219, -156, -141, -92, 
317, 629, 312, -473, 2, 470, -141, 29, -209, -146, -136, -87, 
322, 639, 317, -480, 2, 478, -146, 29, -209, -151, -136, -87, 
326, 639, 312, -483, 7, 475, -146, 29, -209, -151, -136, -87, 
326, 639, 312, -483, 7, 475, -146, 29, -204, -141, -131, -82, 
326, 649, 322, -488, 2, 485, -161, 19, -214, -141, -131, -68, 
326, 649, 322, -488, 2, 485, -161, 19, -214, -141, -126, -63, 
336, 653, 317, -495, 9, 485, -165, 19, -209, -126, -126, -58, 
341, 658, 317, -500, 12, 488, -165, 19, -209, -126, -122, -58, 
346, 663, 317, -505, 14, 490, -165, 19, -214, -136, -131, -68, 
346, 663, 317, -505, 14, 490, -165, 24, -209, -131, -122, -63, 
351, 663, 312, -507, 19, 488, -175, 24, -204, -131, -122, -58, 
356, 673, 317, -514, 19, 495, -175, 19, -204, -131, -122, -58, 
366, 683, 317, -524, 24, 500, -185, 29, -195, -126, -107, -43, 
370, 688, 317, -529, 26, 502, -185, 29, -190, -126, -102, -39, 
375, 692, 317, -534, 29, 505, -190, 29, -190, -126, -102, -39, 
380, 697, 317, -539, 31, 507, -190, 29, -190, -122, -102, -39, 
375, 702, 326, -539, 24, 514, -180, 19, -195, -112, -102, -29, 
380, 702, 322, -541, 29, 512, -185, 19, -195, -107, -97, -24, 
385, 707, 322, -546, 31, 514, -195, 19, -195, -102, -92, -19, 
390, 712, 322, -551, 34, 517, -200, 19, -190, -97, -87, -14, 
400, 707, 307, -553, 46, 507, -209, 19, -185, -82, -73, -4, 
409, 722, 312, -566, 48, 517, -214, 19, -185, -82, -68, 0, 
409, 722, 312, -566, 48, 517, -219, 19, -185, -78, -68, 4, 
419, 722, 302, -570, 58, 512, -224, 19, -180, -73, -53, 14, 
419, 741, 322, -580, 48, 531, -229, 9, -180, -68, -53, 14, 
424, 751, 326, -588, 48, 539, -229, 9, -175, -63, -53, 19, 
434, 751, 317, -592, 58, 534, -234, 9, -175, -58, -48, 24, 
444, 761, 317, -602, 63, 539, -234, 9, -175, -53, -43, 29, 
439, 766, 326, -602, 56, 546, -239, 4, -175, -58, -39, 34, 
444, 766, 322, -605, 61, 544, -244, 4, -170, -53, -34, 43, 
448, 766, 317, -607, 65, 541, -248, 4, -165, -43, -24, 53, 
448, 775, 326, -612, 61, 551, -253, 0, -165, -43, -19, 53, 
458, 780, 322, -619, 68, 551, -258, 0, -165, -39, -14, 58, 
463, 780, 317, -622, 73, 549, -263, 0, -156, -29, -4, 63, 
468, 795, 326, -631, 70, 561, -268, 0, -156, -24, -4, 68, 
473, 805, 331, -639, 70, 568, -273, 0, -156, -24, -4, 73, 
488, 810, 322, -649, 82, 566, -283, -9, -161, -19, -4, 78, 
492, 819, 326, -656, 82, 573, -287, -14, -161, -14, 0, 82, 
497, 839, 341, -668, 78, 590, -292, -14, -161, -9, 4, 82, 
497, 844, 346, -671, 75, 595, -297, -14, -161, -4, 9, 92, 
502, 839, 336, -671, 82, 588, -292, -14, -151, -9, 14, 92, 
507, 844, 336, -675, 85, 590, -292, -24, -151, -4, 19, 92, 
507, 839, 331, -673, 87, 585, -297, -24, -151, 0, 24, 97, 
507, 839, 331, -673, 87, 585, -302, -24, -146, 4, 29, 102, 
502, 829, 326, -666, 87, 578, -292, -19, -146, 4, 29, 117, 
502, 834, 331, -668, 85, 583, -297, -19, -146, 4, 29, 117, 
507, 839, 331, -673, 87, 585, -297, -19, -141, 9, 34, 122, 
507, 844, 336, -675, 85, 590, -297, -29, -141, 9, 34, 122, 
502, 849, 346, -675, 78, 597, -307, -34, -141, 19, 34, 122, 
502, 849, 346, -675, 78, 597, -307, -34, -141, 19, 39, 126, 
502, 849, 346, -675, 78, 597, -312, -34, -141, 19, 39, 126, 
502, 854, 351, -678, 75, 602, -312, -39, -141, 19, 39, 126, 
497, 844, 346, -671, 75, 595, -312, -39, -141, 24, 43, 126, 
497, 844, 346, -671, 75, 595, -312, -39, -141, 24, 43, 126, 
497, 849, 351, -673, 73, 600, -312, -43, -141, 19, 43, 126, 
497, 849, 351, -673, 73, 600, -312, -43, -141, 19, 43, 126, 
488, 844, 356, -666, 65, 600, -302, -43, -141, 14, 43, 117, 
483, 844, 361, -663, 61, 602, -302, -43, -141, 14, 43, 112, 
483, 839, 356, -661, 63, 597, -297, -48, -146, 9, 39, 112, 
483, 839, 356, -661, 63, 597, -297, -48, -146, 9, 39, 112, 
468, 834, 366, -651, 51, 600, -292, -48, -141, 9, 24, 112, 
463, 829, 366, -646, 48, 597, -292, -53, -141, 0, 19, 102, 
448, 819, 370, -634, 39, 595, -278, -53, -136, -4, 14, 92, 
448, 810, 361, -629, 43, 585, -278, -53, -136, -4, 14, 92, 
439, 810, 370, -624, 34, 590, -278, -58, -151, -14, 4, 82, 
434, 805, 370, -619, 31, 588, -268, -58, -151, -19, 0, 68, 
424, 790, 366, -607, 29, 578, -263, -58, -151, -24, -4, 63, 
419, 790, 370, -605, 24, 580, -258, -63, -151, -29, -14, 53, 
395, 790, 395, -592, 0, 592, -244, -53, -151, -39, -29, 43, 
390, 775, 385, -583, 2, 580, -239, -48, -151, -53, -34, 39, 
380, 761, 380, -570, 0, 570, -234, -48, -151, -58, -39, 29, 
375, 761, 385, -568, -4, 573, -229, -48, -156, -68, -53, 19, 
366, 751, 385, -558, -9, 568, -224, -48, -156, -73, -58, 9, 
361, 736, 375, -549, -7, 556, -219, -48, -156, -78, -63, 4, 
351, 732, 380, -541, -14, 556, -209, -43, -165, -82, -73, -4, 
346, 722, 375, -534, -14, 549, -204, -43, -165, -92, -82, -9, 
341, 697, 356, -519, -7, 527, -195, -43, -170, -97, -82, -19, 
336, 688, 351, -512, -7, 519, -190, -43, -175, -107, -97, -29, 
326, 688, 361, -507, -17, 524, -190, -43, -180, -117, -102, -34, 
326, 678, 351, -502, -12, 514, -180, -43, -180, -117, -102, -43, 
322, 678, 356, -500, -17, 517, -180, -43, -175, -117, -112, -43, 
312, 678, 366, -495, -26, 522, -180, -43, -180, -126, -122, -58, 
307, 668, 361, -488, -26, 514, -175, -43, -185, -136, -126, -58, 
307, 663, 356, -485, -24, 509, -161, -39, -185, -136, -126, -58, 
302, 663, 361, -483, -29, 512, -151, -39, -190, -141, -136, -78, 
297, 658, 361, -478, -31, 509, -151, -39, -195, -151, -141, -82, 
297, 649, 351, -473, -26, 500, -146, -34, -195, -151, -146, -87, 
292, 649, 356, -470, -31, 502, -141, -34, -200, -156, -151, -97, 
297, 658, 361, -478, -31, 509, -146, -34, -209, -156, -156, -87, 
292, 649, 356, -470, -31, 502, -146, -29, -209, -156, -156, -87, 
292, 644, 351, -468, -29, 497, -146, -29, -209, -161, -156, -92, 
287, 644, 356, -466, -34, 500, -141, -29, -214, -165, -161, -97, 
283, 629, 346, -456, -31, 488, -146, -29, -204, -165, -165, -97, 
283, 624, 341, -453, -29, 483, -146, -29, -204, -165, -165, -97, 
278, 624, 346, -451, -34, 485, -146, -29, -214, -175, -165, -102, 
278, 624, 346, -451, -34, 485, -146, -29, -214, -175, -170, -102, 
268, 624, 356, -446, -43, 490, -141, -19, -204, -175, -170, -102, 
268, 624, 356, -446, -43, 490, -141, -19, -204, -180, -170, -107, 
268, 624, 356, -446, -43, 490, -146, -19, -204, -180, -170, -112, 
268, 619, 351, -444, -41, 485, -146, -19, -200, -180, -170, -112, 
268, 619, 351, -444, -41, 485, -141, -19, -209, -180, -165, -112, 
268, 619, 351, -444, -41, 485, -141, -19, -219, -180, -165, -112, 
268, 619, 351, -444, -41, 485, -136, -19, -219, -180, -165, -112, 
268, 619, 351, -444, -41, 485, -131, -14, -219, -180, -165, -112, 
263, 619, 356, -441, -46, 488, -141, -24, -219, -185, -165, -112, 
263, 619, 356, -441, -46, 488, -141, -24, -219, -185, -170, -112, 
263, 619, 356, -441, -46, 488, -136, -24, -214, -185, -170, -112, 
263, 619, 356, -441, -46, 488, -136, -24, -214, -185, -170, -117, 
258, 619, 361, -439, -51, 490, -131, -24, -214, -185, -170, -122, 
258, 614, 356, -436, -48, 485, -131, -24, -214, -185, -170, -122, 
258, 614, 356, -436, -48, 485, -131, -24, -214, -185, -170, -122, 
263, 619, 356, -441, -46, 488, -131, -24, -219, -185, -175, -122, 
253, 619, 366, -436, -56, 492, -131, -19, -219, -195, -185, -122, 
253, 619, 366, -436, -56, 492, -131, -19, -219, -195, -180, -122, 
253, 619, 366, -436, -56, 492, -131, -19, -219, -195, -180, -122, 
253, 619, 366, -436, -56, 492, -131, -19, -219, -195, -180, -122, 
263, 614, 351, -439, -43, 483, -126, -19, -219, -185, -180, -117, 
263, 614, 351, -439, -43, 483, -126, -19, -219, -185, -180, -117, 
263, 619, 356, -441, -46, 488, -126, -19, -219, -190, -180, -117, 
263, 619, 356, -441, -46, 488, -126, -19, -214, -190, -180, -117, 
253, 629, 375, -441, -61, 502, -126, -19, -214, -190, -180, -117, 
253, 629, 375, -441, -61, 502, -126, -19, -214, -190, -180, -117, 
253, 624, 370, -439, -58, 497, -126, -14, -214, -190, -180, -117, 
253, 624, 370, -439, -58, 497, -131, -14, -214, -190, -175, -117, 
263, 629, 366, -446, -51, 497, -131, -14, -214, -190, -175, -117, 
263, 629, 366, -446, -51, 497, -126, -14, -214, -185, -175, -117, 
263, 629, 366, -446, -51, 497, -122, -14, -214, -185, -175, -112, 
263, 629, 366, -446, -51, 497, -122, -14, -214, -190, -175, -112, 
258, 629, 370, -444, -56, 500, -122, -14, -214, -200, -175, -112, 
258, 629, 370, -444, -56, 500, -122, -14, -214, -195, -175, -112, 
258, 629, 370, -444, -56, 500, -122, -9, -209, -195, -175, -112, 
263, 629, 366, -446, -51, 497, -126, -9, -209, -195, -175, -112, 
263, 629, 366, -446, -51, 497, -126, -9, -209, -185, -175, -112, 
263, 629, 366, -446, -51, 497, -126, -9, -209, -185, -175, -112, 
263, 634, 370, -448, -53, 502, -126, -9, -214, -185, -175, -112, 
263, 639, 375, -451, -56, 507, -126, -9, -214, -185, -175, -112, 
273, 629, 356, -451, -41, 492, -122, -9, -200, -170, -165, -102, 
273, 634, 361, -453, -43, 497, -122, -9, -200, -170, -165, -102, 
273, 644, 370, -458, -48, 507, -122, -14, -200, -170, -165, -102, 
278, 634, 356, -456, -39, 495, -126, -14, -200, -170, -165, -102, 
283, 634, 351, -458, -34, 492, -126, -9, -195, -180, -161, -102, 
283, 639, 356, -461, -36, 497, -126, -9, -195, -180, -161, -102, 
283, 639, 356, -461, -36, 497, -126, -9, -195, -175, -161, -102, 
287, 639, 351, -463, -31, 495, -126, -9, -190, -170, -161, -97, 
278, 639, 361, -458, -41, 500, -126, -9, -190, -161, -161, -97, 
278, 639, 361, -458, -41, 500, -126, -4, -190, -161, -161, -97, 
278, 639, 361, -458, -41, 500, -126, -4, -190, -161, -156, -92, 
278, 644, 366, -461, -43, 505, -126, -4, -190, -165, -156, -92, 
292, 658, 366, -475, -36, 512, -126, -14, -190, -165, -156, -92, 
297, 649, 351, -473, -26, 500, -126, -14, -190, -161, -156, -92, 
297, 649, 351, -473, -26, 500, -126, -14, -190, -161, -156, -92, 
302, 649, 346, -475, -21, 497, -126, -14, -190, -161, -156, -92, 
312, 658, 346, -485, -17, 502, -126, -4, -190, -170, -151, -92, 
312, 658, 346, -485, -17, 502, -126, -4, -190, -165, -151, -92, 
317, 663, 346, -490, -14, 505, -126, -4, -195, -165, -151, -92, 
317, 663, 346, -490, -14, 505, -126, -4, -195, -165, -151, -92, 
317, 649, 331, -483, -7, 490, -136, -4, -185, -165, -141, -78, 
317, 649, 331, -483, -7, 490, -136, -9, -185, -165, -141, -78, 
317, 658, 341, -488, -12, 500, -136, -9, -190, -165, -141, -78, 
322, 658, 336, -490, -7, 497, -141, -4, -190, -161, -136, -78, 
326, 668, 341, -497, -7, 505, -141, -4, -190, -161, -146, -82, 
326, 668, 341, -497, -7, 505, -141, -9, -190, -165, -146, -82, 
331, 668, 336, -500, -2, 502, -141, -9, -190, -165, -146, -82, 
331, 663, 331, -497, 0, 497, -141, -9, -190, -165, -146, -82, 
331, 663, 331, -497, 0, 497, -141, -9, -190, -156, -136, -87, 
326, 663, 336, -495, -4, 500, -141, -9, -190, -156, -136, -87, 
326, 663, 336, -495, -4, 500, -136, -9, -190, -156, -136, -82, 
331, 668, 336, -500, -2, 502, -136, -9, -190, -156, -136, -82, 
331, 663, 331, -497, 0, 497, -136, -9, -190, -156, -141, -87, 
331, 663, 331, -497, 0, 497, -136, -9, -190, -156, -141, -87, 
331, 663, 331, -497, 0, 497, -136, -9, -190, -156, -136, -87, 
331, 663, 331, -497, 0, 497, -136, -9, -190, -156, -136, -87, 
331, 663, 331, -497, 0, 497, -146, -9, -200, -165, -146, -87, 
331, 663, 331, -497, 0, 497, -146, -9, -200, -161, -146, -82, 
331, 663, 331, -497, 0, 497, -146, -9, -200, -161, -146, -82, 
331, 663, 331, -497, 0, 497, -146, -9, -200, -161, -146, -82, 
336, 649, 312, -492, 12, 480, -146, -9, -190, -151, -146, -73, 
336, 649, 312, -492, 12, 480, -146, -9, -190, -151, -146, -73, 
336, 653, 317, -495, 9, 485, -146, -9, -190, -151, -146, -78, 
336, 653, 317, -495, 9, 485, -151, -9, -190, -151, -146, -78, 
336, 663, 326, -500, 4, 495, -141, -9, -190, -151, -136, -78, 
336, 663, 326, -500, 4, 495, -141, -9, -190, -151, -136, -78, 
336, 663, 326, -500, 4, 495, -136, -9, -190, -151, -136, -78, 
336, 663, 326, -500, 4, 495, -136, -9, -190, -151, -136, -78, 
326, 663, 336, -495, -4, 500, -136, -9, -190, -161, -146, -87, 
331, 663, 331, -497, 0, 497, -136, -9, -190, -161, -146, -87, 
331, 658, 326, -495, 2, 492, -136, -9, -190, -161, -146, -87, 
331, 658, 326, -495, 2, 492, -136, -9, -195, -161, -146, -87, 
331, 663, 331, -497, 0, 497, -136, -9, -195, -161, -136, -87, 
331, 663, 331, -497, 0, 497, -136, -9, -195, -161, -136, -87, 
331, 663, 331, -497, 0, 497, -136, -9, -200, -161, -141, -87, 
331, 663, 331, -497, 0, 497, -136, -9, -200, -165, -141, -87, 
331, 653, 322, -492, 4, 488, -136, -9, -190, -165, -141, -78, 
331, 653, 322, -492, 4, 488, -136, -9, -190, -161, -141, -82, 
331, 653, 322, -492, 4, 488, -136, -9, -185, -161, -141, -82, 
331, 649, 317, -490, 7, 483, -136, -14, -185, -165, -141, -78, 
331, 649, 317, -490, 7, 483, -131, -14, -185, -156, -136, -78, 
331, 649, 317, -490, 7, 483, -131, -14, -185, -156, -136, -78, 
331, 653, 322, -492, 4, 488, -131, -14, -190, -156, -141, -78, 
331, 653, 322, -492, 4, 488, -131, -14, -190, -156, -141, -78, 
331, 653, 322, -492, 4, 488, -136, -14, -200, -156, -141, -87, 
331, 653, 322, -492, 4, 488, -136, -14, -200, -156, -146, -87, 
331, 653, 322, -492, 4, 488, -136, -14, -200, -161, -146, -87, 
331, 653, 322, -492, 4, 488, -136, -14, -200, -161, -146, -87, 
326, 653, 326, -490, 0, 490, -136, -4, -195, -161, -146, -87, 
326, 653, 326, -490, 0, 490, -136, -4, -195, -161, -146, -87, 
326, 653, 326, -490, 0, 490, -136, -4, -190, -161, -141, -87, 
326, 653, 326, -490, 0, 490, -136, -4, -190, -161, -141, -87, 
326, 653, 326, -490, 0, 490, -136, -14, -190, -161, -151, -97, 
331, 653, 322, -492, 4, 488, -136, -14, -190, -161, -151, -97, 
331, 653, 322, -492, 4, 488, -136, -14, -190, -161, -156, -97, 
331, 663, 331, -497, 0, 497, -136, -14, -195, -161, -156, -97, 
331, 663, 331, -497, 0, 497, -136, -14, -195, -161, -156, -87, 
336, 663, 326, -500, 4, 495, -136, -14, -190, -161, -156, -87, 
336, 663, 326, -500, 4, 495, -136, -14, -190, -161, -156, -87, 
336, 663, 326, -500, 4, 495, -136, -14, -190, -161, -156, -92, 
336, 663, 326, -500, 4, 495, -136, -14, -190, -161, -156, -92, 
336, 658, 322, -497, 7, 490, -136, -14, -190, -161, -156, -92, 
336, 653, 317, -495, 9, 485, -136, -14, -195, -161, -156, -92, 
336, 649, 312, -492, 12, 480, -136, -14, -195, -161, -156, -92, 
336, 658, 322, -497, 7, 490, -136, -14, -204, -161, -151, -92, 
336, 658, 322, -497, 7, 490, -131, -14, -204, -161, -151, -92, 
336, 658, 322, -497, 7, 490, -131, -14, -200, -161, -151, -87, 
336, 658, 322, -497, 7, 490, -131, -14, -200, -161, -151, -87, 
341, 658, 317, -500, 12, 488, -126, -4, -190, -156, -146, -87, 
341, 663, 322, -502, 9, 492, -126, -4, -190, -156, -146, -87, 
341, 663, 322, -502, 9, 492, -126, -4, -190, -156, -146, -87, 
341, 663, 322, -502, 9, 492, -131, -4, -190, -156, -146, -87, 
341, 658, 317, -500, 12, 488, -131, -4, -190, -165, -146, -87, 
341, 658, 317, -500, 12, 488, -131, -4, -190, -161, -146, -87, 
341, 658, 317, -500, 12, 488, -131, -4, -190, -161, -146, -87, 
341, 658, 317, -500, 12, 488, -131, -4, -190, -161, -146, -87, 
331, 658, 326, -495, 2, 492, -117, 0, -190, -151, -141, -78, 
331, 658, 326, -495, 2, 492, -117, 0, -190, -151, -141, -78, 
336, 658, 322, -497, 7, 490, -122, -4, -190, -151, -141, -78, 
336, 658, 322, -497, 7, 490, -122, -4, -190, -151, -141, -78, 
336, 668, 331, -502, 2, 500, -122, -9, -190, -151, -141, -78, 
336, 668, 331, -502, 2, 500, -122, -9, -190, -151, -141, -78, 
336, 668, 331, -502, 2, 500, -122, -9, -190, -151, -141, -78, 
336, 668, 331, -502, 2, 500, -122, -9, -190, -151, -141, -78, 
346, 658, 312, -502, 17, 485, -126, -9, -190, -151, -141, -78, 
346, 658, 312, -502, 17, 485, -126, -9, -190, -151, -146, -78, 
346, 663, 317, -505, 14, 490, -126, -9, -190, -151, -146, -78, 
346, 663, 317, -505, 14, 490, -126, -9, -190, -151, -146, -78, 
346, 673, 326, -509, 9, 500, -126, -9, -190, -161, -136, -87, 
346, 673, 326, -509, 9, 500, -126, -9, -190, -161, -141, -87, 
351, 663, 312, -507, 19, 488, -126, 0, -180, -151, -141, -78, 
341, 668, 326, -505, 7, 497, -126, 0, -190, -151, -141, -78, 
341, 673, 331, -507, 4, 502, -126, -9, -195, -156, -146, -78, 
341, 663, 322, -502, 9, 492, -126, -9, -195, -146, -146, -78, 
341, 663, 322, -502, 9, 492, -126, -9, -195, -146, -146, -78, 
341, 663, 322, -502, 9, 492, -126, -9, -195, -146, -146, -78, 
341, 663, 322, -502, 9, 492, -126, -9, -195, -146, -146, -78, 
341, 673, 331, -507, 4, 502, -136, -9, -185, -156, -136, -87, 
341, 673, 331, -507, 4, 502, -136, -9, -185, -156, -136, -87, 
341, 678, 336, -509, 2, 507, -136, -9, -185, -156, -136, -87, 
341, 678, 336, -509, 2, 507, -136, -9, -185, -156, -136, -87, 
341, 673, 331, -507, 4, 502, -136, -9, -175, -146, -131, -78, 
351, 678, 326, -514, 12, 502, -141, -9, -175, -146, -126, -73, 
351, 692, 341, -522, 4, 517, -146, -9, -175, -136, -126, -68, 
351, 692, 341, -522, 4, 517, -151, -9, -165, -136, -122, -58, 
356, 707, 351, -531, 2, 529, -156, -14, -170, -126, -107, -48, 
356, 717, 361, -536, -2, 539, -156, -19, -165, -122, -107, -48, 
356, 717, 361, -536, -2, 539, -156, -19, -161, -117, -107, -43, 
361, 717, 356, -539, 2, 536, -156, -14, -156, -117, -97, -43, 
361, 722, 361, -541, 0, 541, -151, -24, -156, -122, -102, -53, 
361, 727, 366, -544, -2, 546, -151, -24, -151, -122, -107, -48, 
361, 727, 366, -544, -2, 546, -161, -24, -151, -117, -107, -48, 
356, 727, 370, -541, -7, 549, -165, -39, -151, -117, -112, -48, 
356, 732, 375, -544, -9, 553, -170, -29, -146, -117, -102, -48, 
361, 732, 370, -546, -4, 551, -170, -29, -141, -112, -102, -43, 
361, 736, 375, -549, -7, 556, -175, -39, -136, -112, -102, -43, 
361, 741, 380, -551, -9, 561, -180, -43, -136, -112, -97, -43, 
361, 741, 380, -551, -9, 561, -185, -43, -126, -102, -87, -39, 
366, 746, 380, -556, -7, 563, -190, -48, -122, -97, -82, -39, 
366, 751, 385, -558, -9, 568, -200, -53, -122, -97, -82, -39, 
366, 751, 385, -558, -9, 568, -200, -53, -122, -92, -82, -39, 
370, 741, 370, -556, 0, 556, -190, -43, -117, -97, -87, -24, 
375, 751, 375, -563, 0, 563, -195, -53, -117, -92, -78, -19, 
380, 771, 390, -575, -4, 580, -214, -63, -117, -87, -78, -14, 
390, 775, 385, -583, 2, 580, -224, -68, -107, -82, -68, -9, 
390, 790, 400, -590, -4, 595, -239, -82, -107, -78, -63, -9, 
395, 795, 400, -595, -2, 597, -244, -92, -112, -78, -63, -9, 
405, 795, 390, -600, 7, 592, -248, -92, -117, -78, -58, -4, 
424, 795, 370, -610, 26, 583, -253, -92, -117, -73, -58, 0, 
434, 819, 385, -627, 24, 602, -258, -102, -117, -63, -58, 14, 
444, 819, 375, -631, 34, 597, -258, -102, -126, -63, -48, 14, 
453, 810, 356, -631, 48, 583, -253, -92, -131, -63, -48, 14, 
453, 810, 356, -631, 48, 583, -248, -92, -146, -68, -53, 4, 
448, 800, 351, -624, 48, 575, -239, -73, -151, -82, -58, 0, 
448, 780, 331, -614, 58, 556, -224, -63, -161, -87, -63, 0, 
444, 771, 326, -607, 58, 549, -214, -58, -161, -92, -63, -4, 
439, 766, 326, -602, 56, 546, -209, -53, -170, -97, -73, -14, 
424, 736, 312, -580, 56, 524, -195, -48, -175, -112, -87, -19, 
419, 727, 307, -573, 56, 517, -190, -48, -180, -117, -92, -24, 
409, 727, 317, -568, 46, 522, -185, -48, -185, -117, -92, -24, 
405, 727, 322, -566, 41, 524, -180, -48, -185, -117, -97, -24, 
405, 717, 312, -561, 46, 514, -170, -39, -175, -117, -87, -24, 
390, 717, 326, -553, 31, 522, -165, -34, -175, -122, -92, -34, 
380, 707, 326, -544, 26, 517, -156, -29, -190, -131, -97, -43, 
375, 692, 317, -534, 29, 505, -141, -24, -180, -131, -102, -43, 
361, 683, 322, -522, 19, 502, -136, -14, -180, -122, -102, -43, 
356, 683, 326, -519, 14, 505, -131, -14, -180, -122, -107, -43, 
356, 673, 317, -514, 19, 495, -131, -4, -180, -122, -107, -43, 
356, 663, 307, -509, 24, 485, -122, 0, -180, -126, -112, -48, 
346, 653, 307, -500, 19, 480, -112, -9, -185, -141, -122, -63, 
346, 649, 302, -497, 21, 475, -112, -9, -195, -151, -131, -78, 
346, 649, 302, -497, 21, 475, -107, -9, -200, -156, -136, -78, 
336, 649, 312, -492, 12, 480, -107, -9, -200, -165, -146, -78, 
336, 644, 307, -490, 14, 475, -107, -4, -195, -165, -146, -73, 
336, 634, 297, -485, 19, 466, -97, 0, -195, -161, -141, -78, 
336, 629, 292, -483, 21, 461, -97, 4, -195, -156, -141, -78, 
336, 629, 292, -483, 21, 461, -97, 14, -195, -151, -136, -78, 
336, 624, 287, -480, 24, 456, -97, 4, -204, -161, -136, -78, 
336, 624, 287, -480, 24, 456, -92, 4, -204, -165, -136, -78, 
331, 629, 297, -480, 17, 463, -92, 4, -204, -165, -136, -78, 
331, 629, 297, -480, 17, 463, -87, 9, -204, -170, -141, -78, 
331, 605, 273, -468, 29, 439, -87, 14, -195, -161, -141, -73, 
331, 614, 283, -473, 24, 448, -87, 14, -200, -161, -141, -73, 
326, 614, 287, -470, 19, 451, -87, 14, -200, -161, -141, -82, 
326, 614, 287, -470, 19, 451, -82, 14, -195, -156, -136, -82, 
326, 614, 287, -470, 19, 451, -82, 14, -204, -156, -136, -82, 
326, 614, 287, -470, 19, 451, -82, 14, -204, -156, -136, -82, 
331, 610, 278, -470, 26, 444, -78, 14, -204, -156, -136, -82, 
331, 610, 278, -470, 26, 444, -78, 19, -204, -156, -136, -82, 
331, 610, 278, -470, 26, 444, -78, 19, -204, -156, -141, -82, 
331, 610, 278, -470, 26, 444, -78, 19, -204, -156, -141, -82, 
331, 610, 278, -470, 26, 444, -78, 19, -204, -156, -141, -82, 
331, 614, 283, -473, 24, 448, -78, 19, -204, -156, -141, -87, 
331, 614, 283, -473, 24, 448, -78, 19, -200, -165, -141, -87, 
331, 610, 278, -470, 26, 444, -73, 19, -200, -165, -141, -82, 
331, 610, 278, -470, 26, 444, -73, 19, -200, -165, -141, -82, 
331, 610, 278, -470, 26, 444, -73, 19, -200, -165, -141, -82, 
331, 600, 268, -466, 31, 434, -73, 19, -200, -156, -141, -82, 
331, 600, 268, -466, 31, 434, -73, 19, -200, -156, -141, -82, 
336, 605, 268, -470, 34, 436, -78, 19, -204, -161, -141, -82, 
336, 605, 268, -470, 34, 436, -78, 19, -204, -161, -141, -82, 
326, 595, 268, -461, 29, 431, -73, 19, -209, -156, -141, -73, 
326, 595, 268, -461, 29, 431, -73, 19, -209, -156, -141, -73, 
326, 595, 268, -461, 29, 431, -73, 19, -209, -156, -141, -73, 
326, 595, 268, -461, 29, 431, -73, 19, -209, -156, -141, -68, 
331, 614, 283, -473, 24, 448, -73, 29, -204, -156, -136, -78, 
341, 619, 278, -480, 31, 448, -78, 39, -185, -146, -136, -78, 
346, 614, 268, -480, 39, 441, -68, 58, -156, -131, -131, -63, 
351, 644, 292, -497, 29, 468, -63, 78, -107, -107, -107, -53, 
351, 683, 331, -517, 9, 507, -73, 68, -58, -58, -73, -24, 
380, 717, 336, -549, 21, 527, -97, 58, -4, 0, -14, 24, 
414, 746, 331, -580, 41, 539, -107, 73, 34, 53, 39, 78, 
468, 780, 312, -624, 78, 546, -122, 82, 43, 92, 68, 112, 
551, 785, 234, -668, 158, 509, -146, 92, 43, 117, 102, 156, 
658, 810, 151, -734, 253, 480, -185, 107, 48, 141, 131, 204, 
775, 858, 82, -817, 346, 470, -239, 107, 63, 180, 165, 263, 
893, 897, 4, -895, 444, 451, -283, 126, 102, 239, 224, 346, 
1015, 927, -87, -971, 551, 419, -341, 117, 107, 287, 278, 429, 
1122, 976, -146, -1049, 634, 414, -409, 43, 48, 302, 322, 492, 
1185, 1034, -151, -1110, 668, 441, -463, -73, -29, 326, 370, 556, 
1205, 1063, -141, -1134, 673, 461, -497, -165, -58, 351, 409, 619, 
1210, 1098, -112, -1154, 661, 492, -522, -239, -87, 361, 448, 658, 
1166, 1107, -58, -1137, 612, 524, -541, -322, -141, 346, 439, 658, 
1054, 1083, 29, -1068, 512, 556, -522, -370, -170, 292, 390, 610, 
863, 1029, 165, -946, 348, 597, -453, -380, -170, 219, 307, 497, 
673, 990, 317, -832, 178, 653, -375, -351, -156, 131, 195, 361, 
507, 951, 444, -729, 31, 697, -302, -302, -146, 53, 102, 229, 
322, 883, 561, -602, -119, 722, -209, -253, -141, -19, 9, 107, 
146, 800, 653, -473, -253, 727, -97, -190, -190, -136, -107, -24, 
4, 702, 697, -353, -346, 700, 4, -112, -263, -244, -204, -136, 
-92, 639, 732, -273, -412, 685, 68, -53, -302, -292, -248, -195, 
-146, 590, 736, -222, -441, 663, 117, -24, -341, -341, -287, -244, 
-156, 517, 673, -180, -414, 595, 156, -4, -434, -419, -356, -302, 
-156, 458, 614, -151, -385, 536, 195, 19, -527, -483, -405, -341, 
-156, 409, 566, -126, -361, 488, 209, 29, -561, -497, -419, -346, 
-156, 400, 556, -122, -356, 478, 219, 19, -575, -512, -429, -356, 
-136, 395, 531, -129, -334, 463, 229, 9, -590, -527, -448, -375, 
-107, 375, 483, -134, -295, 429, 219, 19, -600, -527, -439, -361, 
-68, 395, 463, -163, -265, 429, 185, 24, -600, -502, -414, -331, 
-9, 444, 453, -217, -231, 448, 141, 24, -570, -463, -395, -312, 
48, 468, 419, -258, -185, 444, 107, 43, -512, -424, -356, -273, 
112, 502, 390, -307, -139, 446, 68, 58, -458, -375, -312, -244, 
165, 551, 385, -358, -109, 468, 24, 63, -409, -322, -273, -209, 
229, 575, 346, -402, -58, 461, 9, 117, -370, -268, -234, -165, 
287, 590, 302, -439, -7, 446, -14, 170, -341, -229, -195, -126, 
326, 619, 292, -473, 17, 456, -39, 185, -317, -204, -180, -122, 
341, 639, 297, -490, 21, 468, -53, 185, -283, -185, -161, -102, 
346, 639, 292, -492, 26, 466, -53, 161, -253, -165, -141, -78, 
346, 653, 307, -500, 19, 480, -53, 131, -229, -165, -141, -68, 
356, 653, 297, -505, 29, 475, -53, 107, -214, -175, -151, -73, 
366, 634, 268, -500, 48, 451, -48, 102, -204, -170, -141, -73, 
370, 624, 253, -497, 58, 439, -34, 97, -195, -151, -141, -68, 
375, 644, 268, -509, 53, 456, -43, 97, -195, -151, -141, -63, 
385, 644, 258, -514, 63, 451, -53, 102, -185, -141, -131, -58, 
385, 644, 258, -514, 63, 451, -58, 92, -175, -126, -107, -53, 
385, 673, 287, -529, 48, 480, -73, 73, -175, -126, -112, -53, 
395, 688, 292, -541, 51, 490, -82, 63, -185, -136, -122, -63, 
395, 688, 292, -541, 51, 490, -87, 63, -185, -136, -126, -63, 
400, 678, 278, -539, 61, 478, -92, 63, -180, -131, -126, -63, 
405, 678, 273, -541, 65, 475, -92, 63, -175, -131, -131, -63, 
395, 668, 273, -531, 61, 470, -73, 78, -170, -122, -131, -53, 
400, 653, 253, -527, 73, 453, -73, 78, -165, -122, -126, -53, 
400, 658, 258, -529, 70, 458, -78, 78, -165, -122, -126, -53, 
400, 658, 258, -529, 70, 458, -87, 73, -165, -122, -126, -48, 
405, 668, 263, -536, 70, 466, -92, 73, -161, -126, -122, -43, 
409, 678, 268, -544, 70, 473, -97, 63, -161, -126, -117, -43, 
409, 683, 273, -546, 68, 478, -97, 63, -161, -122, -117, -43, 
414, 683, 268, -549, 73, 475, -87, 68, -161, -122, -117, -43, 
419, 692, 273, -556, 73, 483, -87, 68, -165, -122, -107, -43, 
419, 692, 273, -556, 73, 483, -92, 68, -165, -122, -107, -43, 
419, 688, 268, -553, 75, 478, -92, 73, -165, -122, -102, -39, 
424, 688, 263, -556, 80, 475, -87, 73, -165, -117, -102, -34, 
424, 678, 253, -551, 85, 466, -87, 68, -156, -117, -102, -24, 
424, 683, 258, -553, 82, 470, -92, 68, -151, -117, -97, -24, 
429, 683, 253, -556, 87, 468, -92, 68, -151, -117, -97, -24, 
429, 692, 263, -561, 82, 478, -97, 68, -151, -117, -97, -29, 
434, 702, 268, -568, 82, 485, -97, 68, -151, -117, -97, -39, 
434, 702, 268, -568, 82, 485, -97, 73, -151, -117, -97, -34, 
434, 702, 268, -568, 82, 485, -92, 73, -151, -117, -97, -24, 
439, 702, 263, -570, 87, 483, -92, 73, -151, -117, -97, -24, 
439, 707, 268, -573, 85, 488, -92, 73, -151, -102, -97, -24, 
439, 707, 268, -573, 85, 488, -97, 73, -146, -102, -97, -24, 
444, 707, 263, -575, 90, 485, -97, 73, -146, -102, -97, -29, 
444, 712, 268, -578, 87, 490, -102, 73, -141, -102, -97, -29, 
444, 712, 268, -578, 87, 490, -107, 73, -141, -112, -102, -24, 
448, 712, 263, -580, 92, 488, -112, 73, -141, -107, -97, -24, 
448, 717, 268, -583, 90, 492, -112, 73, -141, -107, -97, -24, 
448, 717, 268, -583, 90, 492, -112, 73, -141, -102, -97, -24, 
453, 717, 263, -585, 95, 490, -112, 63, -151, -102, -97, -24, 
453, 722, 268, -588, 92, 495, -117, 63, -151, -102, -97, -24, 
453, 722, 268, -588, 92, 495, -117, 63, -151, -102, -92, -24, 
458, 722, 263, -590, 97, 492, -112, 63, -151, -92, -92, -19, 
458, 712, 253, -585, 102, 483, -112, 73, -141, -92, -82, -19, 
468, 712, 244, -590, 112, 478, -112, 73, -141, -92, -82, -19, 
468, 712, 244, -590, 112, 478, -112, 73, -131, -92, -82, -9, 
468, 712, 244, -590, 112, 478, -117, 73, -131, -92, -82, -9, 
468, 717, 248, -592, 109, 483, -117, 82, -131, -82, -92, -9, 
468, 707, 239, -588, 114, 473, -112, 82, -126, -82, -82, -4, 
468, 707, 239, -588, 114, 473, -112, 82, -126, -82, -82, -4, 
478, 717, 239, -597, 119, 478, -117, 82, -131, -82, -87, -9, 
478, 727, 248, -602, 114, 488, -117, 73, -131, -92, -87, -9, 
478, 727, 248, -602, 114, 488, -117, 73, -126, -87, -78, -4, 
478, 732, 253, -605, 112, 492, -122, 73, -126, -82, -78, -4, 
483, 732, 248, -607, 117, 490, -122, 73, -126, -82, -78, -4, 
483, 722, 239, -602, 122, 480, -122, 87, -122, -73, -68, 0, 
488, 727, 239, -607, 124, 483, -126, 87, -122, -73, -68, 0, 
488, 732, 244, -610, 122, 488, -131, 87, -122, -73, -68, 0, 
492, 732, 239, -612, 126, 485, -131, 87, -122, -68, -63, 4, 
492, 736, 244, -614, 124, 490, -131, 78, -122, -68, -68, 9, 
497, 746, 248, -622, 124, 497, -136, 78, -122, -73, -68, 9, 
502, 746, 244, -624, 129, 495, -136, 78, -122, -73, -68, 9, 
502, 746, 244, -624, 129, 495, -136, 78, -117, -63, -63, 14, 
502, 756, 253, -629, 124, 505, -141, 78, -117, -73, -63, 9, 
502, 756, 253, -629, 124, 505, -141, 78, -117, -73, -58, 14, 
512, 761, 248, -636, 131, 505, -146, 78, -112, -58, -58, 19, 
517, 766, 248, -641, 134, 507, -146, 78, -112, -58, -53, 19, 
522, 771, 248, -646, 136, 509, -146, 87, -117, -58, -53, 29, 
522, 771, 248, -646, 136, 509, -146, 92, -112, -53, -43, 34, 
527, 771, 244, -649, 141, 507, -156, 92, -107, -53, -43, 39, 
531, 780, 248, -656, 141, 514, -156, 87, -107, -53, -43, 39, 
531, 790, 258, -661, 136, 524, -156, 87, -97, -39, -29, 34, 
536, 795, 258, -666, 139, 527, -156, 87, -92, -39, -24, 39, 
541, 800, 258, -671, 141, 529, -161, 87, -92, -39, -24, 39, 
546, 805, 258, -675, 143, 531, -161, 87, -92, -34, -24, 39, 
551, 810, 258, -680, 146, 534, -161, 87, -87, -24, -14, 58, 
556, 810, 253, -683, 151, 531, -165, 87, -87, -19, -9, 63, 
561, 814, 253, -688, 153, 534, -175, 87, -87, -14, -4, 68, 
566, 819, 253, -692, 156, 536, -180, 87, -82, -9, 0, 73, 
575, 824, 248, -700, 163, 536, -170, 87, -87, -14, -4, 73, 
585, 839, 253, -712, 165, 546, -175, 87, -87, -14, 0, 78, 
585, 839, 253, -712, 165, 546, -180, 87, -87, -9, 0, 82, 
595, 839, 244, -717, 175, 541, -185, 87, -82, -4, 14, 92, 
585, 839, 253, -712, 165, 546, -200, 78, -73, 9, 14, 92, 
590, 849, 258, -719, 165, 553, -200, 78, -68, 14, 14, 97, 
600, 849, 248, -724, 175, 549, -204, 78, -68, 19, 19, 102, 
610, 858, 248, -734, 180, 553, -204, 78, -68, 24, 24, 107, 
614, 873, 258, -744, 178, 566, -209, 73, -68, 29, 39, 112, 
619, 873, 253, -746, 183, 563, -214, 73, -63, 34, 43, 122, 
624, 873, 248, -749, 187, 561, -219, 73, -58, 43, 53, 131, 
624, 883, 258, -753, 183, 570, -224, 68, -58, 43, 58, 131, 
634, 888, 253, -761, 190, 570, -219, 78, -58, 39, 63, 146, 
639, 888, 248, -763, 195, 568, -224, 78, -48, 48, 73, 151, 
644, 902, 258, -773, 192, 580, -229, 78, -48, 53, 73, 156, 
649, 912, 263, -780, 192, 588, -234, 78, -48, 53, 73, 161, 
653, 902, 248, -778, 202, 575, -234, 68, -43, 68, 73, 165, 
658, 907, 248, -783, 204, 578, -239, 63, -43, 73, 78, 170, 
663, 922, 258, -793, 202, 590, -244, 63, -43, 78, 82, 170, 
663, 922, 258, -793, 202, 590, -248, 63, -43, 82, 87, 180, 
678, 932, 253, -805, 212, 592, -263, 63, -34, 78, 92, 180, 
683, 941, 258, -812, 212, 600, -263, 53, -34, 82, 97, 180, 
683, 941, 258, -812, 212, 600, -268, 53, -34, 87, 102, 185, 
683, 946, 263, -814, 209, 605, -273, 53, -29, 92, 107, 190, 
678, 946, 268, -812, 204, 607, -273, 48, -29, 102, 117, 204, 
678, 951, 273, -814, 202, 612, -278, 48, -29, 102, 117, 204, 
683, 956, 273, -819, 204, 614, -278, 48, -24, 107, 122, 209, 
683, 961, 278, -822, 202, 619, -278, 39, -24, 107, 122, 209, 
688, 966, 278, -827, 204, 622, -268, 34, -34, 107, 112, 209, 
688, 966, 278, -827, 204, 622, -268, 34, -34, 107, 117, 214, 
688, 966, 278, -827, 204, 622, -273, 34, -34, 107, 117, 214, 
688, 971, 283, -829, 202, 627, -273, 29, -34, 107, 117, 214, 
692, 971, 278, -832, 207, 624, -283, 39, -24, 122, 122, 214, 
692, 971, 278, -832, 207, 624, -283, 39, -24, 122, 122, 214, 
692, 976, 283, -834, 204, 629, -283, 34, -24, 117, 122, 214, 
692, 976, 283, -834, 204, 629, -283, 34, -24, 117, 122, 214, 
688, 971, 283, -829, 202, 627, -273, 24, -24, 112, 131, 214, 
678, 971, 292, -824, 192, 631, -273, 24, -24, 112, 131, 209, 
673, 966, 292, -819, 190, 629, -268, 19, -29, 107, 126, 209, 
668, 966, 297, -817, 185, 631, -268, 19, -29, 107, 126, 209, 
653, 961, 307, -807, 173, 634, -273, 19, -24, 107, 112, 209, 
649, 956, 307, -802, 170, 631, -273, 14, -24, 97, 107, 200, 
634, 946, 312, -790, 161, 629, -258, 14, -19, 92, 102, 190, 
634, 936, 302, -785, 165, 619, -258, 14, -19, 92, 102, 190, 
634, 936, 302, -785, 165, 619, -258, 0, -24, 92, 102, 185, 
629, 932, 302, -780, 163, 617, -248, 0, -24, 87, 97, 175, 
619, 917, 297, -768, 161, 607, -244, 0, -24, 82, 92, 175, 
614, 917, 302, -766, 156, 610, -239, -4, -24, 78, 82, 170, 
600, 917, 317, -758, 141, 617, -224, -4, -43, 68, 68, 156, 
595, 902, 307, -749, 143, 605, -219, 0, -43, 53, 63, 146, 
585, 888, 302, -736, 141, 595, -214, 0, -43, 48, 58, 131, 
580, 888, 307, -734, 136, 597, -209, 0, -48, 39, 43, 117, 
570, 878, 307, -724, 131, 592, -204, 0, -48, 34, 39, 117, 
566, 863, 297, -714, 134, 580, -200, 0, -48, 29, 34, 112, 
556, 858, 302, -707, 126, 580, -190, 4, -58, 24, 24, 102, 
551, 849, 297, -700, 126, 573, -185, 4, -58, 14, 14, 97, 
536, 834, 297, -685, 119, 566, -165, 14, -63, 9, 14, 87, 
531, 824, 292, -678, 119, 558, -161, 14, -68, 0, 0, 78, 
522, 824, 302, -673, 109, 563, -161, 14, -73, -9, -4, 73, 
522, 814, 292, -668, 114, 553, -151, 14, -73, -9, -4, 63, 
517, 805, 287, -661, 114, 546, -151, 14, -87, -19, -24, 53, 
507, 805, 297, -656, 104, 551, -151, 14, -92, -29, -34, 39, 
502, 795, 292, -649, 104, 544, -146, 14, -97, -39, -39, 39, 
502, 790, 287, -646, 107, 539, -131, 19, -97, -39, -39, 39, 
488, 790, 302, -639, 92, 546, -141, 19, -97, -43, -39, 39, 
483, 785, 302, -634, 90, 544, -141, 19, -97, -53, -43, 34, 
483, 775, 292, -629, 95, 534, -136, 24, -92, -53, -48, 29, 
478, 775, 297, -627, 90, 536, -131, 24, -92, -58, -53, 19, 
483, 766, 283, -624, 100, 524, -126, 24, -97, -68, -58, 9, 
478, 756, 278, -617, 100, 517, -126, 29, -102, -68, -58, 9, 
478, 751, 273, -614, 102, 512, -126, 29, -107, -73, -58, 4, 
473, 751, 278, -612, 97, 514, -122, 29, -117, -78, -63, 0, 
468, 746, 278, -607, 95, 512, -107, 29, -117, -68, -68, 0, 
468, 741, 273, -605, 97, 507, -107, 29, -117, -68, -68, 0, 
463, 741, 278, -602, 92, 509, -107, 29, -126, -78, -68, -4, 
463, 741, 278, -602, 92, 509, -107, 29, -126, -78, -73, -4, 
463, 741, 278, -602, 92, 509, -102, 39, -126, -78, -73, -4, 
463, 741, 278, -602, 92, 509, -102, 39, -126, -82, -73, -9, 
463, 741, 278, -602, 92, 509, -107, 39, -126, -82, -73, -14, 
463, 736, 273, -600, 95, 505, -107, 39, -122, -82, -73, -14, 
453, 736, 283, -595, 85, 509, -102, 39, -122, -82, -78, -4, 
453, 736, 283, -595, 85, 509, -102, 39, -131, -82, -78, -4, 
453, 736, 283, -595, 85, 509, -97, 39, -131, -82, -78, -4, 
453, 736, 283, -595, 85, 509, -92, 43, -131, -82, -78, -4, 
458, 736, 278, -597, 90, 507, -92, 34, -131, -97, -78, -14, 
458, 736, 278, -597, 90, 507, -92, 34, -131, -97, -82, -14, 
458, 736, 278, -597, 90, 507, -87, 34, -126, -97, -82, -14, 
458, 736, 278, -597, 90, 507, -87, 34, -126, -97, -82, -19, 
444, 736, 292, -590, 75, 514, -92, 34, -126, -87, -82, -14, 
444, 732, 287, -588, 78, 509, -92, 34, -126, -87, -82, -14, 
444, 732, 287, -588, 78, 509, -92, 34, -126, -87, -82, -14, 
448, 736, 287, -592, 80, 512, -92, 34, -131, -87, -87, -14, 
448, 732, 283, -590, 82, 507, -102, 39, -131, -97, -87, -14, 
448, 727, 278, -588, 85, 502, -102, 39, -131, -97, -82, -14, 
448, 722, 273, -585, 87, 497, -102, 39, -131, -97, -82, -14, 
448, 717, 268, -583, 90, 492, -102, 39, -131, -97, -82, -14, 
448, 717, 268, -583, 90, 492, -97, 39, -131, -97, -92, -19, 
448, 722, 273, -585, 87, 497, -97, 39, -131, -97, -92, -19, 
448, 732, 283, -590, 82, 507, -97, 39, -131, -102, -92, -19, 
448, 736, 287, -592, 80, 512, -97, 39, -126, -102, -92, -19, 
448, 727, 278, -588, 85, 502, -87, 39, -126, -92, -82, -9, 
448, 727, 278, -588, 85, 502, -87, 39, -126, -92, -82, -9, 
448, 722, 273, -585, 87, 497, -87, 43, -126, -92, -82, -9, 
448, 722, 273, -585, 87, 497, -92, 43, -126, -92, -78, -9, 
448, 727, 278, -588, 85, 502, -102, 43, -117, -92, -87, -19, 
448, 727, 278, -588, 85, 502, -97, 43, -117, -87, -87, -19, 
448, 727, 278, -588, 85, 502, -92, 43, -117, -87, -87, -14, 
448, 727, 278, -588, 85, 502, -92, 43, -117, -92, -87, -14, 
453, 736, 283, -595, 85, 509, -82, 43, -126, -92, -87, -14, 
453, 736, 283, -595, 85, 509, -82, 43, -126, -87, -87, -14, 
453, 736, 283, -595, 85, 509, -82, 48, -122, -87, -87, -14, 
458, 736, 278, -597, 90, 507, -87, 48, -122, -87, -87, -14, 
448, 727, 278, -588, 85, 502, -87, 48, -122, -87, -87, -14, 
448, 727, 278, -588, 85, 502, -87, 48, -122, -87, -87, -14, 
448, 732, 283, -590, 82, 507, -87, 48, -126, -87, -87, -14, 
448, 736, 287, -592, 80, 512, -87, 48, -126, -87, -87, -14, 
458, 736, 278, -597, 90, 507, -82, 58, -112, -82, -78, -4, 
458, 741, 283, -600, 87, 512, -82, 58, -112, -82, -78, -4, 
458, 751, 292, -605, 82, 522, -82, 53, -112, -82, -78, -4, 
463, 741, 278, -602, 92, 509, -87, 53, -112, -82, -78, -4, 
468, 741, 273, -605, 97, 507, -97, 48, -117, -82, -73, -14, 
468, 746, 278, -607, 95, 512, -97, 48, -117, -82, -73, -14, 
468, 746, 278, -607, 95, 512, -97, 48, -117, -78, -73, -14, 
473, 746, 273, -610, 100, 509, -97, 48, -112, -73, -73, -9, 
473, 756, 283, -614, 95, 519, -97, 48, -112, -73, -73, 0, 
473, 756, 283, -614, 95, 519, -97, 53, -112, -73, -73, 0, 
473, 756, 283, -614, 95, 519, -97, 53, -112, -73, -68, 4, 
473, 761, 287, -617, 92, 524, -97, 53, -112, -78, -68, 4, 
478, 766, 287, -622, 95, 527, -87, 53, -102, -78, -58, 4, 
483, 756, 273, -619, 104, 514, -87, 53, -102, -73, -58, 4, 
483, 756, 273, -619, 104, 514, -87, 53, -102, -73, -58, 4, 
488, 756, 268, -622, 109, 512, -87, 53, -102, -73, -58, 4, 
488, 766, 278, -627, 104, 522, -97, 53, -102, -73, -63, 4, 
488, 766, 278, -627, 104, 522, -97, 53, -102, -68, -63, 4, 
492, 771, 278, -631, 107, 524, -97, 53, -107, -68, -63, 4, 
492, 771, 278, -631, 107, 524, -97, 53, -107, -68, -63, 4, 
483, 766, 283, -624, 100, 524, -87, 53, -97, -58, -63, 0, 
483, 766, 283, -624, 100, 524, -87, 48, -97, -58, -63, 0, 
483, 775, 292, -629, 95, 534, -87, 48, -102, -58, -63, 0, 
488, 775, 287, -631, 100, 531, -92, 53, -102, -53, -58, 0, 
492, 766, 273, -629, 109, 519, -92, 63, -92, -63, -48, 14, 
492, 766, 273, -629, 109, 519, -92, 58, -92, -68, -48, 14, 
497, 766, 268, -631, 114, 517, -92, 58, -92, -68, -48, 14, 
497, 761, 263, -629, 117, 512, -92, 58, -92, -68, -48, 14, 
507, 761, 253, -634, 126, 507, -102, 48, -102, -68, -58, 0, 
502, 761, 258, -631, 122, 509, -102, 48, -102, -68, -58, 0, 
502, 761, 258, -631, 122, 509, -97, 48, -102, -68, -58, 4, 
507, 766, 258, -636, 124, 512, -97, 48, -102, -68, -58, 4, 
507, 771, 263, -639, 122, 517, -97, 58, -102, -58, -63, 9, 
507, 771, 263, -639, 122, 517, -97, 58, -102, -58, -63, 9, 
507, 771, 263, -639, 122, 517, -97, 58, -102, -58, -58, 9, 
507, 771, 263, -639, 122, 517, -97, 58, -102, -58, -58, 9, 
507, 761, 253, -634, 126, 507, -97, 48, -92, -68, -48, 9, 
507, 761, 253, -634, 126, 507, -97, 48, -92, -63, -48, 14, 
507, 761, 253, -634, 126, 507, -97, 48, -92, -63, -48, 14, 
507, 761, 253, -634, 126, 507, -97, 48, -92, -63, -48, 14, 
522, 766, 244, -644, 139, 505, -97, 48, -102, -63, -58, 14, 
522, 766, 244, -644, 139, 505, -97, 48, -102, -63, -58, 14, 
522, 771, 248, -646, 136, 509, -97, 48, -102, -63, -58, 9, 
522, 771, 248, -646, 136, 509, -102, 48, -102, -63, -58, 9, 
512, 771, 258, -641, 126, 514, -102, 48, -112, -63, -58, 9, 
512, 771, 258, -641, 126, 514, -102, 48, -112, -63, -58, 9, 
512, 771, 258, -641, 126, 514, -97, 48, -112, -63, -58, 9, 
512, 771, 258, -641, 126, 514, -97, 48, -112, -63, -58, 9, 
502, 771, 268, -636, 117, 519, -107, 39, -112, -73, -58, 0, 
507, 771, 263, -639, 122, 517, -107, 39, -112, -73, -58, 0, 
507, 766, 258, -636, 124, 512, -107, 39, -112, -73, -58, 0, 
507, 766, 258, -636, 124, 512, -107, 39, -117, -73, -58, 0, 
517, 761, 244, -639, 136, 502, -97, 48, -107, -63, -68, 0, 
517, 761, 244, -639, 136, 502, -97, 48, -107, -63, -68, 0, 
517, 761, 244, -639, 136, 502, -97, 48, -112, -63, -73, 0, 
517, 761, 244, -639, 136, 502, -97, 48, -112, -68, -73, 0, 
517, 771, 253, -644, 131, 512, -97, 48, -122, -78, -63, 9, 
517, 771, 253, -644, 131, 512, -97, 48, -122, -73, -63, 4, 
517, 771, 253, -644, 131, 512, -97, 48, -117, -73, -63, 4, 
517, 766, 248, -641, 134, 507, -97, 43, -117, -78, -63, 9, 
517, 766, 248, -641, 134, 507, -92, 43, -117, -78, -58, 9, 
517, 766, 248, -641, 134, 507, -92, 43, -117, -78, -58, 9, 
517, 771, 253, -644, 131, 512, -92, 43, -122, -78, -63, 9, 
517, 771, 253, -644, 131, 512, -92, 43, -122, -78, -63, 9, 
517, 771, 253, -644, 131, 512, -97, 43, -122, -78, -63, 0, 
517, 771, 253, -644, 131, 512, -97, 43, -122, -78, -68, 0, 
517, 771, 253, -644, 131, 512, -97, 43, -122, -82, -68, 0, 
517, 771, 253, -644, 131, 512, -97, 43, -122, -82, -68, 0, 
522, 771, 248, -646, 136, 509, -97, 34, -126, -82, -78, -9, 
522, 771, 248, -646, 136, 509, -97, 34, -126, -82, -78, -9, 
522, 771, 248, -646, 136, 509, -97, 34, -122, -82, -73, -9, 
522, 771, 248, -646, 136, 509, -97, 34, -122, -82, -73, -9, 
522, 771, 248, -646, 136, 509, -97, 43, -122, -82, -63, -9, 
527, 771, 244, -649, 141, 507, -97, 43, -122, -82, -63, -9, 
527, 771, 244, -649, 141, 507, -97, 43, -122, -82, -68, -9, 
527, 780, 253, -653, 136, 517, -97, 43, -126, -82, -68, -9, 
517, 771, 253, -644, 131, 512, -87, 43, -126, -82, -68, -9, 
522, 771, 248, -646, 136, 509, -87, 43, -122, -82, -68, -9, 
522, 771, 248, -646, 136, 509, -87, 43, -122, -82, -68, -9, 
522, 771, 248, -646, 136, 509, -87, 43, -122, -82, -68, -14, 
522, 771, 248, -646, 136, 509, -87, 43, -122, -73, -68, -9, 
522, 766, 244, -644, 139, 505, -87, 43, -122, -73, -68, -4, 
522, 761, 239, -641, 141, 500, -87, 43, -126, -73, -68, 0, 
522, 756, 234, -639, 143, 495, -87, 43, -126, -73, -68, 4, 
522, 766, 244, -644, 139, 505, -97, 43, -126, -73, -63, -4, 
522, 766, 244, -644, 139, 505, -92, 43, -126, -73, -63, -4, 
522, 766, 244, -644, 139, 505, -92, 43, -122, -73, -63, 0, 
522, 766, 244, -644, 139, 505, -92, 43, -122, -73, -63, 0, 
527, 766, 239, -646, 143, 502, -87, 43, -122, -78, -68, -9, 
527, 771, 244, -649, 141, 507, -87, 43, -122, -78, -68, -9, 
527, 771, 244, -649, 141, 507, -87, 43, -122, -78, -68, -9, 
527, 771, 244, -649, 141, 507, -92, 43, -122, -78, -68, -9, 
527, 775, 248, -651, 139, 512, -92, 43, -122, -87, -68, -9, 
527, 775, 248, -651, 139, 512, -92, 43, -122, -82, -68, -9, 
527, 775, 248, -651, 139, 512, -92, 43, -122, -82, -68, -9, 
527, 775, 248, -651, 139, 512, -92, 43, -122, -82, -68, -9, 
527, 766, 239, -646, 143, 502, -78, 48, -122, -73, -63, 0, 
527, 766, 239, -646, 143, 502, -78, 48, -122, -73, -63, 0, 
531, 766, 234, -649, 148, 500, -82, 43, -122, -73, -63, 0, 
531, 766, 234, -649, 148, 500, -82, 43, -122, -73, -63, 0, 
531, 766, 234, -649, 148, 500, -92, 48, -112, -73, -73, 0, 
531, 766, 234, -649, 148, 500, -92, 48, -112, -73, -73, 0, 
531, 766, 234, -649, 148, 500, -92, 48, -112, -73, -73, 0, 
531, 766, 234, -649, 148, 500, -92, 48, -112, -73, -73, 0, 
531, 756, 224, -644, 153, 490, -78, 48, -122, -73, -63, 0, 
531, 756, 224, -644, 153, 490, -78, 48, -122, -73, -68, 0, 
531, 761, 229, -646, 151, 495, -78, 48, -122, -73, -68, 0, 
531, 761, 229, -646, 151, 495, -78, 48, -122, -73, -68, 0, 
531, 751, 219, -641, 156, 485, -78, 48, -122, -73, -68, 0, 
531, 751, 219, -641, 156, 485, -78, 48, -122, -73, -63, 0, 
536, 751, 214, -644, 161, 483, -78, 48, -122, -73, -63, 0, 
536, 756, 219, -646, 158, 488, -78, 48, -122, -73, -63, 0, 
527, 756, 229, -641, 148, 492, -78, 48, -117, -73, -63, 0, 
527, 756, 229, -641, 148, 492, -78, 48, -117, -73, -63, 0, 
527, 761, 234, -644, 146, 497, -78, 48, -117, -73, -63, 0, 
527, 775, 248, -651, 139, 512, -78, 48, -117, -73, -63, 0, 
527, 771, 244, -649, 141, 507, -78, 58, -126, -78, -73, 0, 
527, 766, 239, -646, 143, 502, -82, 58, -117, -78, -63, 0, 
531, 761, 229, -646, 151, 495, -82, 53, -117, -78, -63, 0, 
531, 766, 234, -649, 148, 500, -82, 53, -117, -73, -63, 4, 
531, 746, 214, -639, 158, 480, -73, 63, -117, -78, -63, 9, 
536, 751, 214, -644, 161, 483, -78, 58, -117, -78, -58, 9, 
527, 751, 224, -639, 151, 488, -78, 58, -117, -68, -58, 9, 
527, 751, 224, -639, 151, 488, -78, 58, -117, -68, -58, 9, 
527, 751, 224, -639, 151, 488, -78, 58, -117, -68, -58, 9, 
527, 751, 224, -639, 151, 488, -78, 58, -117, -68, -58, 9, 
527, 746, 219, -636, 153, 483, -68, 58, -107, -68, -48, 9, 
527, 741, 214, -634, 156, 478, -68, 58, -107, -68, -48, 9, 
527, 741, 214, -634, 156, 478, -68, 58, -107, -68, -48, 9, 
527, 736, 209, -631, 158, 473, -68, 58, -107, -68, -48, 9, 
536, 746, 209, -641, 163, 478, -78, 58, -97, -58, -43, 9, 
546, 756, 209, -651, 168, 483, -82, 58, -97, -58, -39, 14, 
546, 775, 229, -661, 158, 502, -87, 58, -97, -48, -39, 19, 
546, 780, 234, -663, 156, 507, -92, 58, -87, -48, -34, 29, 
541, 785, 244, -663, 148, 514, -97, 53, -73, -39, -29, 29, 
541, 795, 253, -668, 143, 524, -97, 48, -68, -34, -29, 29, 
541, 795, 253, -668, 143, 524, -97, 48, -63, -29, -29, 34, 
546, 795, 248, -671, 148, 522, -97, 53, -58, -29, -19, 34, 
556, 790, 234, -673, 161, 512, -92, 53, -58, -24, -19, 34, 
556, 795, 239, -675, 158, 517, -92, 53, -53, -24, -19, 39, 
556, 795, 239, -675, 158, 517, -102, 53, -53, -19, -14, 39, 
551, 795, 244, -673, 153, 519, -107, 39, -53, -19, -14, 39, 
551, 800, 248, -675, 151, 524, -112, 39, -48, -19, -14, 39, 
556, 800, 244, -678, 156, 522, -112, 39, -43, -14, -14, 43, 
556, 805, 248, -680, 153, 527, -117, 29, -39, -14, -14, 43, 
556, 810, 253, -683, 151, 531, -122, 24, -39, -14, -9, 43, 
546, 800, 253, -673, 146, 527, -126, 24, -39, -14, -9, 58, 
551, 805, 253, -678, 148, 529, -131, 19, -34, -9, -4, 58, 
551, 810, 258, -680, 146, 534, -141, 14, -34, -9, -4, 58, 
551, 810, 258, -680, 146, 534, -141, 14, -34, -4, -4, 58, 
556, 810, 253, -683, 151, 531, -131, 24, -29, -9, 0, 63, 
561, 819, 258, -690, 151, 539, -136, 14, -29, -4, 9, 68, 
566, 839, 273, -702, 146, 556, -156, 4, -29, 0, 9, 73, 
575, 844, 268, -710, 153, 556, -165, 0, -19, 4, 19, 78, 
585, 849, 263, -717, 161, 556, -170, -14, -19, 19, 24, 87, 
590, 854, 263, -722, 163, 558, -175, -24, -24, 19, 24, 87, 
600, 854, 253, -727, 173, 553, -180, -24, -29, 19, 29, 92, 
619, 854, 234, -736, 192, 544, -185, -24, -29, 24, 29, 97, 
619, 868, 248, -744, 185, 558, -200, -24, -29, 24, 29, 102, 
629, 868, 239, -749, 195, 553, -200, -24, -39, 24, 39, 102, 
639, 858, 219, -749, 209, 539, -195, -14, -43, 24, 39, 102, 
639, 858, 219, -749, 209, 539, -190, -14, -58, 19, 34, 92, 
634, 849, 214, -741, 209, 531, -170, -4, -73, 4, 19, 97, 
634, 829, 195, -732, 219, 512, -156, 4, -82, 0, 14, 97, 
629, 819, 190, -724, 219, 505, -146, 9, -82, -4, 14, 92, 
624, 814, 190, -719, 217, 502, -141, 14, -92, -9, 4, 82, 
619, 785, 165, -702, 226, 475, -126, 19, -92, -14, 0, 68, 
614, 775, 161, -695, 226, 468, -122, 19, -92, -19, -4, 63, 
605, 775, 170, -690, 217, 473, -117, 19, -92, -19, -4, 63, 
600, 775, 175, -688, 212, 475, -112, 19, -87, -19, -9, 63, 
580, 766, 185, -673, 197, 475, -102, 29, -87, -29, -9, 73, 
566, 766, 200, -666, 183, 483, -97, 34, -87, -34, -14, 63, 
556, 756, 200, -656, 178, 478, -87, 39, -102, -43, -19, 53, 
551, 741, 190, -646, 180, 466, -73, 43, -92, -43, -24, 53, 
546, 741, 195, -644, 175, 468, -68, 53, -92, -34, -24, 43, 
541, 741, 200, -641, 170, 470, -63, 53, -92, -34, -29, 43, 
541, 732, 190, -636, 175, 461, -63, 63, -92, -34, -29, 43, 
541, 722, 180, -631, 180, 451, -53, 68, -92, -39, -34, 39, 
551, 717, 165, -634, 192, 441, -53, 68, -87, -48, -29, 34, 
551, 707, 156, -629, 197, 431, -53, 68, -97, -53, -34, 19, 
551, 702, 151, -627, 200, 427, -48, 68, -102, -53, -34, 19, 
541, 697, 156, -619, 192, 427, -48, 68, -102, -58, -39, 19, 
531, 692, 161, -612, 185, 427, -39, 78, -107, -53, -53, 24, 
531, 683, 151, -607, 190, 417, -29, 78, -107, -53, -53, 19, 
531, 678, 146, -605, 192, 412, -29, 78, -107, -53, -58, 19, 
531, 678, 146, -605, 192, 412, -29, 82, -107, -53, -58, 19, 
531, 683, 151, -607, 190, 417, -39, 73, -117, -63, -48, 9, 
531, 683, 151, -607, 190, 417, -34, 73, -117, -68, -48, 9, 
527, 688, 161, -607, 183, 424, -34, 73, -117, -68, -48, 9, 
527, 688, 161, -607, 183, 424, -29, 78, -117, -73, -53, 9, 
527, 673, 146, -600, 190, 409, -29, 82, -117, -73, -53, 14, 
527, 683, 156, -605, 185, 419, -29, 82, -122, -73, -53, 14, 
522, 683, 161, -602, 180, 422, -29, 82, -122, -73, -53, 4, 
522, 683, 161, -602, 180, 422, -24, 82, -117, -68, -48, 4, 
522, 673, 151, -597, 185, 412, -24, 82, -117, -78, -58, 4, 
522, 673, 151, -597, 185, 412, -24, 82, -117, -78, -58, 4, 
527, 668, 141, -597, 192, 405, -19, 82, -117, -78, -58, 4, 
527, 668, 141, -597, 192, 405, -19, 87, -117, -78, -58, 4, 
527, 678, 151, -602, 187, 414, -19, 87, -117, -78, -63, 4, 
527, 678, 151, -602, 187, 414, -19, 87, -117, -78, -63, 4, 
527, 678, 151, -602, 187, 414, -19, 87, -117, -78, -63, 4, 
527, 683, 156, -605, 185, 419, -19, 87, -117, -78, -63, 0, 
527, 683, 156, -605, 185, 419, -19, 87, -112, -68, -63, 0, 
527, 678, 151, -602, 187, 414, -14, 87, -112, -68, -63, 4, 
527, 678, 151, -602, 187, 414, -14, 87, -112, -68, -63, 4, 
527, 678, 151, -602, 187, 414, -14, 87, -112, -68, -63, 4, 
536, 688, 151, -612, 192, 419, -14, 87, -112, -68, -63, 4, 
536, 688, 151, -612, 192, 419, -14, 87, -112, -68, -63, 4, 
541, 692, 151, -617, 195, 422, -19, 87, -117, -73, -63, 4, 
541, 692, 151, -617, 195, 422, -19, 87, -117, -73, -63, 4, 
531, 683, 151, -607, 190, 417, -14, 87, -112, -78, -53, 4, 
531, 683, 151, -607, 190, 417, -14, 87, -112, -78, -53, 4, 
531, 683, 151, -607, 190, 417, -14, 87, -112, -78, -53, 4, 
531, 683, 151, -607, 190, 417, -14, 87, -112, -78, -53, 9, 
546, 692, 146, -619, 200, 419, -14, 97, -107, -68, -58, 0, 
556, 707, 151, -631, 202, 429, -19, 97, -97, -68, -68, 0, 
551, 712, 161, -631, 195, 436, -19, 117, -58, -53, -53, 4, 
546, 741, 195, -644, 175, 468, -24, 117, -9, -19, -19, 24, 
566, 810, 244, -688, 161, 527, -43, 117, 48, 39, 34, 63, 
605, 854, 248, -729, 178, 551, -58, 117, 92, 107, 92, 122, 
649, 873, 224, -761, 212, 549, -78, 122, 122, 151, 126, 165, 
722, 897, 175, -810, 273, 536, -112, 131, 131, 180, 146, 200, 
814, 902, 87, -858, 363, 495, -126, 151, 131, 204, 180, 244, 
932, 927, -4, -929, 468, 461, -156, 175, 136, 239, 219, 312, 
1049, 976, -73, -1012, 561, 451, -209, 185, 161, 268, 253, 370, 
1185, 1034, -151, -1110, 668, 441, -273, 175, 170, 317, 302, 434, 
1307, 1073, -234, -1190, 771, 419, -331, 126, 156, 356, 356, 517, 
1385, 1112, -273, -1249, 829, 419, -390, 24, 87, 370, 400, 580, 
1420, 1151, -268, -1285, 844, 441, -453, -82, 19, 385, 439, 634, 
1429, 1190, -239, -1310, 834, 475, -488, -156, -9, 419, 478, 688, 
1415, 1215, -200, -1315, 807, 507, -512, -229, -39, 409, 497, 717, 
1322, 1205, -117, -1263, 719, 544, -502, -292, -92, 366, 458, 678, 
1151, 1161, 9, -1156, 570, 585, -444, -322, -112, 302, 390, 590, 
961, 1107, 146, -1034, 407, 627, -356, -302, -92, 229, 297, 468, 
800, 1078, 278, -939, 261, 678, -278, -273, -78, 141, 195, 341, 
634, 1039, 405, -836, 114, 722, -204, -224, -68, 63, 102, 219, 
439, 951, 512, -695, -36, 732, -102, -165, -82, -9, 19, 97, 
273, 858, 585, -566, -156, 722, 0, -92, -141, -117, -87, -24, 
161, 800, 639, -480, -239, 719, 63, -34, -195, -195, -156, -107, 
82, 756, 673, -419, -295, 714, 117, 4, -224, -234, -190, -146, 
48, 688, 639, -368, -295, 663, 165, 34, -292, -292, -239, -195, 
39, 605, 566, -322, -263, 585, 214, 63, -395, -370, -307, -244, 
39, 556, 517, -297, -239, 536, 253, 78, -458, -414, -336, -273, 
39, 536, 497, -287, -229, 517, 287, 78, -473, -419, -341, -278, 
39, 536, 497, -287, -229, 517, 297, 68, -497, -444, -370, -297, 
68, 531, 463, -300, -197, 497, 278, 58, -531, -468, -380, -307, 
117, 531, 414, -324, -148, 473, 248, 58, -531, -448, -361, -292, 
175, 561, 385, -368, -104, 473, 214, 63, -502, -405, -336, -263, 
234, 600, 366, -417, -65, 483, 161, 73, -463, -375, -307, -234, 
292, 624, 331, -458, -19, 478, 126, 92, -405, -317, -258, -204, 
346, 658, 312, -502, 17, 485, 87, 107, -351, -268, -204, -156, 
409, 707, 297, -558, 56, 502, 43, 131, -302, -224, -175, -122, 
453, 732, 278, -592, 87, 505, 19, 185, -273, -190, -146, -87, 
492, 746, 253, -619, 119, 500, 14, 229, -244, -161, -126, -58, 
522, 766, 244, -644, 139, 505, 0, 253, -219, -146, -112, -43, 
546, 795, 248, -671, 148, 522, -14, 234, -204, -126, -102, -24, 
551, 785, 234, -668, 158, 509, -14, 200, -165, -107, -92, -9, 
561, 771, 209, -666, 175, 490, -14, 161, -141, -107, -82, -9, 
561, 771, 209, -666, 175, 490, -4, 156, -136, -97, -82, -14, 
570, 761, 190, -666, 190, 475, 0, 151, -117, -92, -73, -4, 
575, 751, 175, -663, 200, 463, 4, 146, -107, -82, -63, 0, 
580, 761, 180, -671, 200, 470, -4, 136, -107, -73, -63, -4, 
590, 780, 190, -685, 200, 485, -14, 141, -97, -73, -53, 9, 
590, 780, 190, -685, 200, 485, -19, 141, -87, -48, -39, 24, 
590, 800, 209, -695, 190, 505, -34, 131, -97, -58, -34, 24, 
590, 805, 214, -697, 187, 509, -48, 122, -107, -58, -43, 14, 
590, 805, 214, -697, 187, 509, -48, 122, -107, -58, -48, 14, 
595, 795, 200, -695, 197, 497, -48, 122, -102, -53, -48, 14, 
600, 795, 195, -697, 202, 495, -43, 122, -97, -53, -53, 14, 
590, 790, 200, -690, 195, 495, -24, 126, -92, -53, -53, 14, 
595, 780, 185, -688, 204, 483, -24, 126, -87, -53, -48, 14, 
595, 790, 195, -692, 200, 492, -29, 126, -87, -53, -48, 14, 
595, 795, 200, -695, 197, 497, -39, 122, -87, -53, -48, 19, 
610, 795, 185, -702, 212, 490, -43, 122, -73, -48, -43, 24, 
614, 805, 190, -710, 212, 497, -48, 112, -73, -48, -39, 24, 
614, 810, 195, -712, 209, 502, -48, 112, -73, -43, -39, 24, 
619, 810, 190, -714, 214, 500, -39, 117, -73, -43, -39, 24, 
614, 800, 185, -707, 214, 492, -48, 117, -68, -34, -39, 24, 
614, 800, 185, -707, 214, 492, -53, 117, -68, -34, -39, 24, 
614, 795, 180, -705, 217, 488, -53, 122, -68, -34, -34, 29, 
619, 795, 175, -707, 222, 485, -48, 122, -68, -29, -34, 34, 
629, 805, 175, -717, 226, 490, -39, 117, -78, -39, -24, 34, 
629, 810, 180, -719, 224, 495, -43, 117, -73, -39, -19, 34, 
634, 810, 175, -722, 229, 492, -43, 117, -73, -39, -19, 34, 
634, 819, 185, -727, 224, 502, -48, 117, -73, -39, -19, 29, 
639, 829, 190, -734, 224, 509, -58, 107, -73, -39, -29, 19, 
639, 829, 190, -734, 224, 509, -58, 112, -73, -39, -29, 24, 
639, 829, 190, -734, 224, 509, -53, 112, -73, -39, -29, 34, 
644, 829, 185, -736, 229, 507, -53, 112, -73, -39, -29, 34, 
644, 824, 180, -734, 231, 502, -43, 122, -73, -24, -19, 43, 
644, 824, 180, -734, 231, 502, -48, 122, -68, -24, -19, 43, 
649, 824, 175, -736, 236, 500, -48, 122, -68, -24, -19, 39, 
649, 829, 180, -739, 234, 505, -53, 122, -63, -24, -19, 39, 
649, 819, 170, -734, 239, 495, -58, 122, -63, -34, -14, 43, 
653, 819, 165, -736, 244, 492, -63, 122, -63, -29, -9, 43, 
653, 824, 170, -739, 241, 497, -63, 122, -63, -29, -9, 43, 
653, 824, 170, -739, 241, 497, -63, 122, -63, -24, -9, 43, 
649, 834, 185, -741, 231, 509, -63, 122, -63, -24, -19, 43, 
649, 839, 190, -744, 229, 514, -68, 122, -63, -24, -19, 43, 
649, 839, 190, -744, 229, 514, -68, 122, -63, -24, -14, 43, 
653, 839, 185, -746, 234, 512, -63, 122, -63, -14, -14, 48, 
653, 839, 185, -746, 234, 512, -73, 122, -63, -24, -14, 48, 
663, 839, 175, -751, 244, 507, -73, 122, -63, -24, -14, 48, 
663, 839, 175, -751, 244, 507, -73, 122, -53, -24, -14, 58, 
663, 839, 175, -751, 244, 507, -78, 122, -53, -24, -14, 58, 
663, 854, 190, -758, 236, 522, -68, 122, -53, -24, -14, 48, 
663, 844, 180, -753, 241, 512, -63, 122, -48, -24, -4, 53, 
663, 844, 180, -753, 241, 512, -63, 122, -48, -24, -4, 53, 
673, 854, 180, -763, 246, 517, -68, 122, -53, -24, -9, 48, 
683, 854, 170, -768, 256, 512, -78, 122, -53, -24, -9, 58, 
683, 854, 170, -768, 256, 512, -78, 122, -48, -19, 0, 63, 
683, 858, 175, -771, 253, 517, -82, 122, -48, -14, 0, 63, 
688, 858, 170, -773, 258, 514, -82, 122, -48, -14, 0, 63, 
688, 858, 170, -773, 258, 514, -73, 126, -34, -4, 0, 78, 
692, 863, 170, -778, 261, 517, -78, 126, -34, -4, 0, 78, 
692, 868, 175, -780, 258, 522, -82, 126, -34, -4, 0, 78, 
697, 868, 170, -783, 263, 519, -82, 126, -34, 0, 4, 82, 
697, 873, 175, -785, 261, 524, -82, 126, -34, 9, 9, 78, 
702, 883, 180, -793, 261, 531, -87, 126, -34, 4, 9, 78, 
707, 883, 175, -795, 265, 529, -87, 126, -34, 4, 9, 78, 
707, 883, 175, -795, 265, 529, -87, 126, -29, 14, 14, 82, 
707, 893, 185, -800, 261, 539, -92, 126, -29, 4, 14, 87, 
707, 893, 185, -800, 261, 539, -92, 126, -29, 4, 19, 92, 
717, 897, 180, -807, 268, 539, -97, 126, -24, 19, 19, 97, 
722, 902, 180, -812, 270, 541, -97, 126, -24, 19, 24, 97, 
727, 897, 170, -812, 278, 534, -97, 126, -29, 19, 24, 87, 
727, 897, 170, -812, 278, 534, -97, 131, -24, 24, 34, 92, 
732, 897, 165, -814, 283, 531, -107, 131, -19, 24, 34, 97, 
736, 907, 170, -822, 283, 539, -107, 126, -19, 24, 34, 97, 
746, 917, 170, -832, 287, 544, -117, 126, -19, 29, 39, 102, 
751, 922, 170, -836, 290, 546, -117, 126, -14, 29, 43, 107, 
756, 927, 170, -841, 292, 549, -122, 126, -14, 29, 43, 107, 
761, 932, 170, -846, 295, 551, -122, 126, -14, 34, 43, 107, 
756, 927, 170, -841, 292, 549, -112, 136, 0, 53, 53, 126, 
761, 927, 165, -844, 297, 546, -117, 136, 0, 58, 58, 131, 
766, 932, 165, -849, 300, 549, -126, 136, 0, 63, 63, 136, 
771, 936, 165, -854, 302, 551, -131, 136, 4, 68, 68, 141, 
780, 951, 170, -866, 305, 561, -122, 136, 9, 63, 82, 151, 
790, 966, 175, -878, 307, 570, -126, 136, 9, 63, 87, 156, 
790, 966, 175, -878, 307, 570, -131, 136, 9, 68, 87, 161, 
800, 966, 165, -883, 317, 566, -136, 136, 14, 73, 102, 170, 
800, 976, 175, -888, 312, 575, -151, 126, 14, 78, 102, 170, 
805, 985, 180, -895, 312, 583, -151, 126, 19, 82, 102, 175, 
814, 985, 170, -900, 322, 578, -156, 126, 19, 87, 107, 180, 
824, 995, 170, -910, 326, 583, -156, 126, 19, 92, 112, 185, 
819, 1000, 180, -910, 319, 590, -161, 122, 29, 97, 107, 180, 
824, 1000, 175, -912, 324, 588, -165, 122, 34, 102, 112, 190, 
829, 1000, 170, -915, 329, 585, -170, 122, 39, 112, 122, 200, 
829, 1010, 180, -919, 324, 595, -175, 117, 39, 112, 126, 200, 
849, 1024, 175, -936, 336, 600, -180, 126, 39, 117, 141, 214, 
854, 1024, 170, -939, 341, 597, -185, 126, 48, 126, 151, 219, 
858, 1039, 180, -949, 339, 610, -190, 126, 48, 131, 151, 224, 
863, 1049, 185, -956, 339, 617, -195, 126, 48, 131, 151, 229, 
868, 1058, 190, -963, 339, 624, -195, 122, 43, 136, 151, 224, 
873, 1063, 190, -968, 341, 627, -200, 112, 43, 141, 156, 229, 
878, 1078, 200, -978, 339, 639, -204, 107, 43, 146, 161, 229, 
878, 1078, 200, -978, 339, 639, -209, 102, 43, 151, 165, 239, 
873, 1073, 200, -973, 336, 636, -214, 102, 53, 156, 180, 258, 
878, 1078, 200, -978, 339, 639, -214, 92, 53, 161, 185, 258, 
878, 1073, 195, -976, 341, 634, -219, 92, 53, 165, 190, 263, 
878, 1073, 195, -976, 341, 634, -224, 92, 58, 170, 195, 268, 
893, 1083, 190, -988, 351, 636, -224, 87, 58, 170, 185, 263, 
893, 1088, 195, -990, 348, 641, -229, 87, 58, 170, 185, 263, 
897, 1093, 195, -995, 351, 644, -229, 87, 63, 175, 190, 268, 
897, 1098, 200, -997, 348, 649, -229, 78, 63, 175, 190, 268, 
883, 1093, 209, -988, 336, 651, -229, 82, 63, 175, 200, 268, 
883, 1093, 209, -988, 336, 651, -229, 82, 63, 175, 204, 273, 
883, 1093, 209, -988, 336, 651, -234, 82, 63, 175, 204, 273, 
883, 1098, 214, -990, 334, 656, -234, 78, 63, 175, 204, 273, 
888, 1107, 219, -997, 334, 663, -224, 68, 63, 180, 200, 273, 
888, 1107, 219, -997, 334, 663, -224, 68, 63, 180, 200, 273, 
888, 1112, 224, -1000, 331, 668, -224, 63, 63, 175, 200, 273, 
888, 1112, 224, -1000, 331, 668, -224, 63, 63, 175, 200, 273, 
878, 1107, 229, -993, 324, 668, -234, 63, 53, 180, 200, 273, 
873, 1107, 234, -990, 319, 671, -234, 63, 53, 180, 200, 268, 
873, 1102, 229, -988, 322, 666, -229, 58, 48, 175, 195, 268, 
873, 1102, 229, -988, 322, 666, -229, 58, 48, 175, 195, 268, 
858, 1098, 239, -978, 309, 668, -214, 63, 63, 175, 190, 268, 
854, 1093, 239, -973, 307, 666, -214, 63, 63, 165, 185, 258, 
839, 1083, 244, -961, 297, 663, -200, 68, 68, 161, 180, 248, 
839, 1073, 234, -956, 302, 653, -200, 73, 68, 161, 180, 248, 
829, 1073, 244, -951, 292, 658, -200, 58, 53, 151, 161, 239, 
824, 1068, 244, -946, 290, 656, -190, 58, 53, 146, 156, 224, 
814, 1054, 239, -934, 287, 646, -185, 58, 53, 141, 151, 219, 
810, 1054, 244, -932, 283, 649, -180, 53, 53, 136, 141, 209, 
795, 1063, 268, -929, 263, 666, -185, 43, 43, 126, 136, 209, 
790, 1049, 258, -919, 265, 653, -180, 48, 43, 112, 131, 204, 
780, 1034, 253, -907, 263, 644, -175, 48, 43, 107, 126, 195, 
775, 1034, 258, -905, 258, 646, -170, 48, 39, 97, 112, 185, 
775, 1019, 244, -897, 265, 631, -156, 53, 48, 102, 107, 185, 
771, 1000, 229, -885, 270, 614, -151, 58, 48, 97, 102, 180, 
761, 990, 229, -875, 265, 610, -141, 68, 39, 92, 92, 170, 
756, 976, 219, -866, 268, 597, -136, 73, 39, 82, 82, 165, 
741, 971, 229, -856, 256, 600, -126, 73, 24, 78, 82, 146, 
736, 961, 224, -849, 256, 592, -122, 73, 19, 68, 68, 136, 
727, 961, 234, -844, 246, 597, -122, 73, 14, 58, 63, 131, 
727, 951, 224, -839, 251, 588, -112, 73, 14, 58, 63, 122, 
712, 941, 229, -827, 241, 585, -102, 63, 9, 48, 63, 122, 
702, 941, 239, -822, 231, 590, -102, 63, 4, 39, 53, 107, 
697, 932, 234, -814, 231, 583, -97, 63, 0, 29, 48, 107, 
697, 927, 229, -812, 234, 578, -82, 68, 0, 29, 48, 107, 
683, 927, 244, -805, 219, 585, -82, 68, -4, 24, 29, 87, 
678, 922, 244, -800, 217, 583, -82, 68, -9, 14, 24, 82, 
678, 912, 234, -795, 222, 573, -78, 73, -9, 14, 19, 78, 
673, 912, 239, -793, 217, 575, -73, 73, -14, 9, 14, 68, 
668, 902, 234, -785, 217, 568, -78, 73, -14, 9, 9, 78, 
663, 893, 229, -778, 217, 561, -78, 78, -14, 9, 9, 78, 
663, 888, 224, -775, 219, 556, -78, 78, -14, 4, 9, 73, 
658, 888, 229, -773, 214, 558, -73, 78, -19, 0, 4, 68, 
663, 883, 219, -773, 222, 551, -58, 87, -9, 0, 9, 68, 
663, 878, 214, -771, 224, 546, -58, 87, -9, 0, 9, 68, 
658, 878, 219, -768, 219, 549, -58, 87, -19, -9, 9, 63, 
658, 878, 219, -768, 219, 549, -58, 87, -19, -9, 4, 63, 
658, 878, 219, -768, 219, 549, -53, 87, -29, -9, -4, 63, 
658, 878, 219, -768, 219, 549, -53, 87, -29, -14, -4, 58, 
658, 878, 219, -768, 219, 549, -58, 87, -29, -14, -4, 53, 
658, 873, 214, -766, 222, 544, -58, 87, -24, -14, -4, 53, 
658, 873, 214, -766, 222, 544, -53, 87, -14, -14, 0, 53, 
658, 873, 214, -766, 222, 544, -53, 87, -24, -14, 0, 53, 
658, 873, 214, -766, 222, 544, -48, 87, -24, -14, 0, 53, 
658, 873, 214, -766, 222, 544, -43, 92, -24, -14, 0, 53, 
653, 873, 219, -763, 217, 546, -53, 92, -34, -19, 0, 53, 
653, 873, 219, -763, 217, 546, -53, 92, -34, -19, -4, 53, 
653, 873, 219, -763, 217, 546, -48, 92, -29, -19, -4, 53, 
653, 873, 219, -763, 217, 546, -48, 92, -29, -19, -4, 48, 
639, 883, 244, -761, 197, 563, -43, 92, -29, -19, -4, 43, 
639, 878, 239, -758, 200, 558, -43, 92, -29, -19, -4, 43, 
639, 878, 239, -758, 200, 558, -43, 92, -29, -19, -4, 43, 
644, 883, 239, -763, 202, 561, -43, 92, -34, -19, -9, 43, 
644, 873, 229, -758, 207, 551, -43, 87, -34, -29, -19, 43, 
644, 873, 229, -758, 207, 551, -43, 87, -34, -29, -14, 43, 
644, 873, 229, -758, 207, 551, -43, 87, -34, -29, -14, 43, 
644, 873, 229, -758, 207, 551, -43, 87, -34, -29, -14, 43, 
644, 858, 214, -751, 214, 536, -39, 97, -34, -19, -4, 48, 
644, 858, 214, -751, 214, 536, -39, 97, -34, -19, -4, 48, 
644, 863, 219, -753, 212, 541, -39, 97, -34, -24, -4, 48, 
644, 863, 219, -753, 212, 541, -39, 97, -29, -24, -4, 48, 
644, 873, 229, -758, 207, 551, -48, 97, -29, -14, -14, 48, 
644, 873, 229, -758, 207, 551, -48, 97, -29, -14, -14, 48, 
644, 868, 224, -756, 209, 546, -48, 102, -29, -14, -14, 48, 
644, 868, 224, -756, 209, 546, -53, 102, -29, -14, -9, 48, 
644, 863, 219, -753, 212, 541, -48, 92, -29, -14, 0, 48, 
644, 863, 219, -753, 212, 541, -39, 92, -29, -9, 0, 48, 
644, 863, 219, -753, 212, 541, -29, 92, -29, -9, 0, 53, 
644, 863, 219, -753, 212, 541, -24, 92, -29, -14, 0, 53, 
639, 873, 234, -756, 202, 553, -29, 92, -29, -14, -9, 43, 
639, 873, 234, -756, 202, 553, -34, 92, -29, -9, -9, 43, 
639, 873, 234, -756, 202, 553, -39, 97, -24, -9, -9, 43, 
644, 873, 229, -758, 207, 551, -48, 97, -24, -9, -9, 43, 
644, 883, 239, -763, 202, 561, -39, 107, -24, -9, 0, 43, 
644, 883, 239, -763, 202, 561, -39, 107, -24, -9, 0, 43, 
644, 888, 244, -766, 200, 566, -39, 107, -29, -9, 0, 43, 
644, 893, 248, -768, 197, 570, -39, 107, -29, -9, 0, 43, 
644, 893, 248, -768, 197, 570, -43, 107, -24, -4, -9, 43, 
644, 897, 253, -771, 195, 575, -43, 107, -24, -4, -9, 43, 
644, 907, 263, -775, 190, 585, -43, 102, -24, -4, -9, 43, 
649, 897, 248, -773, 200, 573, -48, 102, -24, -4, -9, 43, 
653, 888, 234, -771, 209, 561, -39, 107, -19, -4, -4, 43, 
653, 893, 239, -773, 207, 566, -39, 107, -19, -4, -4, 43, 
653, 893, 239, -773, 207, 566, -39, 107, -19, 0, -4, 43, 
658, 893, 234, -775, 212, 563, -39, 107, -14, 4, -4, 48, 
658, 902, 244, -780, 207, 573, -39, 107, -14, -4, 4, 48, 
658, 902, 244, -780, 207, 573, -39, 112, -14, -4, 4, 48, 
658, 902, 244, -780, 207, 573, -39, 112, -14, -4, 9, 53, 
658, 907, 248, -783, 204, 578, -39, 112, -14, -9, 9, 53, 
653, 917, 263, -785, 195, 590, -48, 112, -4, 0, 9, 53, 
658, 902, 244, -780, 207, 573, -48, 112, -4, 4, 9, 53, 
658, 897, 239, -778, 209, 568, -48, 112, -4, 4, 9, 53, 
663, 893, 229, -778, 217, 561, -48, 112, -4, 4, 9, 53, 
663, 883, 219, -773, 222, 551, -39, 112, -4, 14, 14, 63, 
663, 883, 219, -773, 222, 551, -39, 112, -4, 19, 14, 63, 
668, 888, 219, -778, 224, 553, -39, 112, -9, 19, 14, 63, 
668, 888, 219, -778, 224, 553, -39, 112, -9, 19, 14, 63, 
678, 883, 204, -780, 236, 544, -39, 112, 0, 9, 14, 68, 
678, 883, 204, -780, 236, 544, -39, 107, 0, 9, 14, 68, 
678, 893, 214, -785, 231, 553, -39, 107, -4, 9, 14, 68, 
683, 893, 209, -788, 236, 551, -43, 112, -4, 14, 19, 68, 
678, 902, 224, -790, 226, 563, -43, 112, -14, 14, 9, 63, 
678, 902, 224, -790, 226, 563, -43, 107, -14, 9, 9, 63, 
683, 902, 219, -793, 231, 561, -43, 107, -14, 9, 9, 63, 
683, 897, 214, -790, 234, 556, -43, 107, -14, 9, 9, 63, 
692, 907, 214, -800, 239, 561, -43, 107, -14, 9, 19, 58, 
688, 907, 219, -797, 234, 563, -43, 107, -14, 9, 19, 58, 
688, 907, 219, -797, 234, 563, -39, 107, -14, 9, 19, 63, 
692, 912, 219, -802, 236, 566, -39, 107, -14, 9, 19, 63, 
683, 907, 224, -795, 229, 566, -48, 97, -24, 9, 14, 58, 
683, 907, 224, -795, 229, 566, -48, 97, -24, 9, 14, 58, 
683, 907, 224, -795, 229, 566, -48, 97, -24, 9, 19, 58, 
683, 907, 224, -795, 229, 566, -48, 97, -24, 9, 19, 58, 
683, 897, 214, -790, 234, 556, -48, 107, -19, 9, 9, 68, 
683, 897, 214, -790, 234, 556, -48, 107, -14, 14, 9, 73, 
683, 897, 214, -790, 234, 556, -48, 107, -9, 14, 9, 73, 
683, 897, 214, -790, 234, 556, -48, 107, -4, 14, 9, 73, 
688, 883, 195, -785, 246, 539, -48, 107, -14, 14, 19, 73, 
688, 883, 195, -785, 246, 539, -48, 107, -14, 14, 19, 73, 
688, 888, 200, -788, 244, 544, -48, 107, -14, 14, 19, 68, 
688, 888, 200, -788, 244, 544, -53, 107, -14, 14, 19, 68, 
688, 897, 209, -793, 239, 553, -53, 107, -24, 14, 19, 58, 
688, 897, 209, -793, 239, 553, -53, 107, -24, 14, 19, 58, 
688, 897, 209, -793, 239, 553, -48, 107, -24, 14, 19, 58, 
688, 897, 209, -793, 239, 553, -48, 107, -24, 14, 19, 58, 
688, 907, 219, -797, 234, 563, -48, 97, -24, 4, 9, 58, 
692, 907, 214, -800, 239, 561, -48, 97, -24, 4, 9, 58, 
692, 902, 209, -797, 241, 556, -48, 97, -24, 4, 9, 58, 
692, 902, 209, -797, 241, 556, -48, 97, -29, 4, 9, 58, 
683, 907, 224, -795, 229, 566, -48, 97, -29, 4, 9, 48, 
683, 907, 224, -795, 229, 566, -48, 97, -29, 4, 9, 48, 
683, 907, 224, -795, 229, 566, -48, 97, -34, 4, 4, 48, 
683, 907, 224, -795, 229, 566, -48, 97, -34, 0, 4, 48, 
692, 897, 204, -795, 244, 551, -48, 107, -24, 0, 14, 58, 
692, 897, 204, -795, 244, 551, -48, 107, -24, 4, 14, 53, 
692, 897, 204, -795, 244, 551, -48, 107, -19, 4, 14, 53, 
692, 893, 200, -793, 246, 546, -48, 102, -19, 0, 14, 58, 
692, 893, 200, -793, 246, 546, -34, 102, -19, 9, 19, 58, 
692, 893, 200, -793, 246, 546, -34, 102, -19, 9, 19, 58, 
692, 897, 204, -795, 244, 551, -34, 102, -24, 9, 14, 58, 
692, 897, 204, -795, 244, 551, -34, 102, -24, 9, 14, 58, 
692, 897, 204, -795, 244, 551, -48, 102, -34, 0, 4, 48, 
692, 897, 204, -795, 244, 551, -48, 102, -34, 0, 0, 48, 
692, 897, 204, -795, 244, 551, -48, 102, -34, -4, 0, 48, 
692, 897, 204, -795, 244, 551, -48, 102, -34, -4, 0, 48, 
688, 888, 200, -788, 244, 544, -43, 102, -29, 4, 9, 48, 
688, 888, 200, -788, 244, 544, -39, 102, -29, 4, 9, 48, 
688, 888, 200, -788, 244, 544, -34, 102, -24, 4, 14, 48, 
688, 888, 200, -788, 244, 544, -29, 102, -24, 4, 14, 48, 
688, 893, 204, -790, 241, 549, -39, 102, -24, 4, 14, 48, 
692, 897, 204, -795, 244, 551, -39, 102, -24, 4, 14, 48, 
692, 902, 209, -797, 241, 556, -39, 102, -24, 4, 9, 48, 
692, 917, 224, -805, 234, 570, -39, 102, -29, 4, 9, 48, 
692, 907, 214, -800, 239, 561, -39, 102, -29, -4, 9, 48, 
697, 907, 209, -802, 244, 558, -39, 102, -24, -4, 9, 48, 
697, 907, 209, -802, 244, 558, -39, 102, -24, -4, 9, 48, 
697, 907, 209, -802, 244, 558, -39, 102, -24, -4, 9, 43, 
697, 907, 209, -802, 244, 558, -29, 102, -34, -4, 9, 43, 
697, 902, 204, -800, 246, 553, -29, 102, -34, -4, 9, 43, 
697, 897, 200, -797, 248, 549, -29, 102, -39, -4, 9, 43, 
697, 893, 195, -795, 251, 544, -29, 102, -39, -4, 9, 43, 
688, 893, 204, -790, 241, 549, -39, 102, -39, -4, 4, 43, 
688, 893, 204, -790, 241, 549, -34, 102, -39, -4, 4, 43, 
688, 893, 204, -790, 241, 549, -34, 102, -34, -4, 4, 48, 
688, 893, 204, -790, 241, 549, -34, 102, -34, -4, 4, 48, 
692, 893, 200, -793, 246, 546, -19, 112, -34, 0, 9, 48, 
692, 897, 204, -795, 244, 551, -19, 112, -34, 0, 9, 48, 
692, 897, 204, -795, 244, 551, -19, 112, -34, 0, 9, 48, 
692, 897, 204, -795, 244, 551, -24, 112, -34, 0, 9, 48, 
702, 912, 209, -807, 246, 561, -24, 112, -34, 0, 9, 48, 
702, 912, 209, -807, 246, 561, -24, 112, -34, 4, 9, 48, 
702, 912, 209, -807, 246, 561, -24, 112, -34, 4, 9, 48, 
702, 912, 209, -807, 246, 561, -24, 112, -34, 4, 9, 48, 
702, 912, 209, -807, 246, 561, -29, 107, -24, -4, 14, 48, 
702, 912, 209, -807, 246, 561, -29, 107, -24, -4, 14, 48, 
707, 912, 204, -810, 251, 558, -34, 102, -24, -4, 14, 48, 
707, 912, 204, -810, 251, 558, -34, 102, -24, -4, 14, 48, 
707, 902, 195, -805, 256, 549, -24, 107, -34, -4, 4, 39, 
707, 902, 195, -805, 256, 549, -24, 107, -34, -4, 4, 39, 
707, 902, 195, -805, 256, 549, -24, 107, -34, -4, 4, 39, 
707, 902, 195, -805, 256, 549, -24, 107, -34, -4, 4, 39, 
707, 902, 195, -805, 256, 549, -29, 107, -34, 4, 4, 48, 
707, 922, 214, -814, 246, 568, -29, 107, -34, -4, 0, 39, 
702, 917, 214, -810, 244, 566, -29, 117, -29, 0, 0, 48, 
712, 917, 204, -814, 253, 561, -19, 117, -29, 0, 9, 48, 
712, 917, 204, -814, 253, 561, -19, 117, -29, 0, 9, 48, 
712, 917, 204, -814, 253, 561, -19, 117, -29, 0, 9, 48, 
712, 917, 204, -814, 253, 561, -19, 117, -29, 0, 9, 48, 
712, 907, 195, -810, 258, 551, -19, 117, -29, 9, 19, 48, 
712, 907, 195, -810, 258, 551, -19, 117, -29, 9, 19, 48, 
712, 912, 200, -812, 256, 556, -19, 117, -29, 9, 19, 48, 
712, 912, 200, -812, 256, 556, -19, 117, -29, 9, 19, 48, 
702, 922, 219, -812, 241, 570, -19, 107, -9, 9, 24, 48, 
712, 932, 219, -822, 246, 575, -24, 107, -9, 9, 29, 53, 
712, 951, 239, -832, 236, 595, -29, 107, -9, 19, 29, 58, 
712, 956, 244, -834, 234, 600, -34, 107, 0, 19, 34, 68, 
727, 961, 234, -844, 246, 597, -39, 102, -4, 19, 29, 68, 
727, 971, 244, -849, 241, 607, -39, 97, 0, 24, 29, 68, 
727, 971, 244, -849, 241, 607, -39, 97, 4, 29, 29, 73, 
732, 971, 239, -851, 246, 605, -39, 102, 9, 29, 39, 73, 
722, 966, 244, -844, 239, 605, -34, 102, 9, 43, 48, 73, 
722, 971, 248, -846, 236, 610, -34, 102, 14, 43, 48, 78, 
722, 971, 248, -846, 236, 610, -43, 102, 14, 48, 53, 78, 
717, 971, 253, -844, 231, 612, -48, 87, 14, 48, 53, 78, 
717, 985, 268, -851, 224, 627, -63, 97, 29, 39, 53, 78, 
722, 985, 263, -854, 229, 624, -63, 97, 34, 43, 53, 82, 
722, 990, 268, -856, 226, 629, -68, 87, 39, 43, 53, 82, 
722, 995, 273, -858, 224, 634, -73, 82, 39, 43, 58, 82, 
722, 985, 263, -854, 229, 624, -68, 73, 39, 53, 58, 87, 
727, 990, 263, -858, 231, 627, -73, 68, 43, 58, 63, 87, 
727, 995, 268, -861, 229, 631, -82, 63, 43, 58, 63, 87, 
727, 995, 268, -861, 229, 631, -82, 63, 43, 63, 63, 87, 
736, 1005, 268, -871, 234, 636, -92, 53, 39, 58, 68, 102, 
746, 1015, 268, -880, 239, 641, -97, 43, 39, 63, 78, 107, 
756, 1034, 278, -895, 239, 656, -117, 34, 39, 68, 78, 112, 
771, 1039, 268, -905, 251, 653, -126, 29, 48, 73, 87, 117, 
761, 1044, 283, -902, 239, 663, -122, 29, 39, 78, 92, 117, 
766, 1049, 283, -907, 241, 666, -126, 24, 34, 78, 92, 117, 
775, 1049, 273, -912, 251, 661, -131, 29, 29, 78, 97, 122, 
795, 1049, 253, -922, 270, 651, -136, 34, 29, 82, 97, 126, 
805, 1054, 248, -929, 278, 651, -131, 34, 29, 73, 87, 131, 
814, 1054, 239, -934, 287, 646, -131, 34, 19, 73, 97, 131, 
824, 1044, 219, -934, 302, 631, -126, 43, 14, 73, 97, 131, 
824, 1044, 219, -934, 302, 631, -122, 43, 0, 68, 92, 122, 
810, 1029, 219, -919, 295, 624, -102, 63, -14, 53, 68, 112, 
810, 1005, 195, -907, 307, 600, -87, 73, -24, 48, 63, 107, 
805, 990, 185, -897, 309, 588, -78, 78, -24, 43, 63, 97, 
800, 980, 180, -890, 309, 580, -73, 82, -34, 39, 53, 82, 
785, 966, 180, -875, 302, 573, -68, 78, -34, 43, 58, 87, 
780, 961, 180, -871, 300, 570, -63, 78, -34, 39, 53, 82, 
771, 966, 195, -868, 287, 580, -58, 78, -34, 39, 53, 82, 
766, 971, 204, -868, 280, 588, -53, 78, -29, 39, 48, 82, 
746, 951, 204, -849, 270, 578, -34, 97, -19, 39, 48, 82, 
732, 951, 219, -841, 256, 585, -29, 102, -19, 34, 43, 73, 
722, 941, 219, -832, 251, 580, -19, 107, -34, 24, 39, 63, 
717, 927, 209, -822, 253, 568, -4, 112, -24, 24, 34, 63, 
717, 917, 200, -817, 258, 558, -9, 122, -34, 24, 34, 63, 
717, 917, 200, -817, 258, 558, -4, 122, -34, 24, 29, 63, 
722, 907, 185, -814, 268, 546, -4, 131, -34, 24, 29, 63, 
727, 897, 170, -812, 278, 534, 4, 136, -34, 19, 24, 58, 
727, 907, 180, -817, 273, 544, 4, 126, -39, 9, 19, 43, 
727, 902, 175, -814, 275, 539, 4, 126, -48, 4, 14, 29, 
727, 902, 175, -814, 275, 539, 9, 126, -53, 4, 14, 29, 
717, 902, 185, -810, 265, 544, 9, 126, -53, 0, 9, 29, 
717, 897, 180, -807, 268, 539, 19, 136, -48, -4, 14, 34, 
717, 888, 170, -802, 273, 529, 29, 136, -48, -4, 14, 29, 
717, 883, 165, -800, 275, 524, 29, 136, -48, -4, 9, 29, 
717, 883, 165, -800, 275, 524, 29, 141, -48, -4, 9, 29, 
717, 868, 151, -793, 283, 509, 19, 131, -48, -4, 9, 39, 
717, 868, 151, -793, 283, 509, 24, 131, -48, -9, 9, 39, 
712, 873, 161, -793, 275, 517, 24, 131, -48, -9, 9, 39, 
712, 873, 161, -793, 275, 517, 29, 136, -48, -14, 4, 39, 
712, 858, 146, -785, 283, 502, 39, 141, -48, -4, 4, 43, 
712, 868, 156, -790, 278, 512, 39, 141, -53, -4, 4, 43, 
707, 868, 161, -788, 273, 514, 39, 141, -53, -4, 4, 34, 
707, 868, 161, -788, 273, 514, 43, 141, -48, 0, 9, 34, 
707, 878, 170, -793, 268, 524, 43, 151, -48, -9, 9, 43, 
707, 878, 170, -793, 268, 524, 43, 151, -48, -9, 9, 43, 
712, 873, 161, -793, 275, 517, 48, 151, -48, -9, 9, 43, 
712, 873, 161, -793, 275, 517, 48, 156, -48, -9, 9, 43, 
712, 873, 161, -793, 275, 517, 39, 146, -48, -9, 4, 34, 
712, 873, 161, -793, 275, 517, 39, 146, -48, -9, 4, 34, 
712, 873, 161, -793, 275, 517, 39, 146, -48, -9, 4, 34, 
712, 878, 165, -795, 273, 522, 39, 146, -48, -9, 4, 29, 
712, 878, 165, -795, 273, 522, 39, 146, -53, 0, 14, 39, 
712, 873, 161, -793, 275, 517, 43, 146, -53, 0, 14, 43, 
712, 873, 161, -793, 275, 517, 43, 146, -53, 0, 14, 43, 
712, 873, 161, -793, 275, 517, 43, 146, -53, 0, 14, 43, 
712, 863, 151, -788, 280, 507, 53, 156, -43, 0, 14, 34, 
712, 863, 151, -788, 280, 507, 53, 156, -43, 0, 14, 34, 
717, 868, 151, -793, 283, 509, 48, 156, -48, -4, 14, 34, 
717, 868, 151, -793, 283, 509, 48, 156, -48, -4, 14, 34, 
717, 858, 141, -788, 287, 500, 53, 156, -43, 0, 14, 34, 
717, 858, 141, -788, 287, 500, 53, 156, -43, 0, 14, 34, 
717, 858, 141, -788, 287, 500, 53, 156, -43, 0, 14, 34, 
717, 858, 141, -788, 287, 500, 53, 156, -43, 0, 14, 39, 
732, 868, 136, -800, 297, 502, 63, 175, -29, 0, 9, 39, 
722, 883, 161, -802, 280, 522, 68, 185, 0, 9, 19, 39, 
727, 917, 190, -822, 268, 553, 58, 195, 39, 53, 53, 63, 
741, 966, 224, -854, 258, 595, 43, 195, 97, 117, 107, 112, 
761, 995, 234, -878, 263, 614, 24, 195, 156, 175, 161, 161, 
810, 1029, 219, -919, 295, 624, 0, 185, 180, 214, 190, 200, 
883, 1049, 165, -966, 358, 607, -29, 190, 190, 239, 214, 234, 
976, 1044, 68, -1010, 453, 556, -43, 209, 190, 258, 244, 278, 
1078, 1058, -19, -1068, 549, 519, -68, 239, 190, 292, 297, 341, 
1195, 1102, -92, -1149, 644, 505, -117, 244, 195, 336, 336, 400, 
1322, 1141, -180, -1232, 751, 480, -170, 234, 209, 385, 380, 478, 
1449, 1180, -268, -1315, 858, 456, -224, 214, 209, 434, 439, 561, 
1532, 1220, -312, -1376, 922, 453, -283, 136, 136, 453, 483, 634, 
1571, 1268, -302, -1420, 936, 483, -341, 34, 78, 468, 536, 697, 
1586, 1307, -278, -1446, 932, 514, -375, -34, 78, 502, 585, 761, 
1576, 1346, -229, -1461, 902, 558, -400, -97, 58, 517, 605, 785, 
1493, 1342, -151, -1417, 822, 595, -405, -161, 0, 468, 566, 746, 
1322, 1293, -29, -1307, 675, 631, -346, -185, -14, 395, 488, 658, 
1141, 1239, 97, -1190, 522, 668, -258, -175, -4, 302, 380, 522, 
990, 1205, 214, -1098, 387, 710, -180, -136, 14, 200, 268, 380, 
819, 1166, 346, -993, 236, 756, -102, -97, 48, 151, 185, 253, 
614, 1098, 483, -856, 65, 790, -9, -48, 68, 92, 102, 131, 
439, 1019, 580, -729, -70, 800, 82, 9, 14, 0, 9, 9, 
322, 956, 634, -639, -156, 795, 175, 82, -53, -78, -68, -63, 
239, 907, 668, -573, -214, 788, 229, 122, -87, -117, -97, -107, 
219, 863, 644, -541, -212, 753, 253, 151, -136, -175, -141, -146, 
214, 795, 580, -505, -183, 688, 283, 180, -234, -263, -209, -204, 
224, 732, 507, -478, -141, 619, 322, 200, -317, -312, -248, -244, 
224, 692, 468, -458, -122, 580, 351, 214, -351, -317, -258, -244, 
224, 673, 448, -448, -112, 561, 366, 195, -375, -341, -273, -258, 
234, 663, 429, -448, -97, 546, 375, 185, -390, -366, -283, -268, 
263, 658, 395, -461, -65, 527, 366, 195, -385, -361, -273, -258, 
312, 688, 375, -500, -31, 531, 317, 195, -405, -341, -263, -244, 
380, 717, 336, -549, 21, 527, 283, 200, -395, -307, -239, -214, 
448, 727, 278, -588, 85, 502, 258, 209, -336, -258, -190, -165, 
497, 771, 273, -634, 112, 522, 214, 209, -287, -200, -151, -126, 
531, 824, 292, -678, 119, 558, 165, 204, -244, -161, -117, -97, 
585, 854, 268, -719, 158, 561, 131, 229, -204, -126, -78, -63, 
639, 878, 239, -758, 200, 558, 107, 263, -185, -102, -48, -39, 
688, 902, 214, -795, 236, 558, 92, 297, -165, -73, -29, -9, 
717, 902, 185, -810, 265, 544, 87, 312, -131, -48, -14, 4, 
732, 902, 170, -817, 280, 536, 82, 312, -107, -29, -4, 14, 
746, 902, 156, -824, 295, 529, 82, 278, -87, -29, 4, 19, 
746, 888, 141, -817, 302, 514, 82, 258, -82, -19, 4, 29, 
766, 878, 112, -822, 326, 495, 102, 273, -58, -9, 14, 34, 
775, 878, 102, -827, 336, 490, 117, 258, -48, -4, 24, 34, 
761, 888, 126, -824, 317, 507, 112, 234, -39, 4, 24, 39, 
756, 897, 141, -827, 307, 519, 102, 224, -29, 24, 43, 53, 
756, 917, 161, -836, 297, 539, 92, 219, -19, 34, 53, 58, 
766, 946, 180, -856, 292, 563, 58, 209, -19, 39, 58, 63, 
775, 956, 180, -866, 297, 568, 53, 209, -19, 48, 63, 73, 
785, 956, 170, -871, 307, 563, 48, 209, -29, 34, 53, 63, 
785, 951, 165, -868, 309, 558, 48, 209, -29, 29, 48, 63, 
790, 936, 146, -863, 322, 541, 48, 209, -24, 29, 48, 63, 
795, 932, 136, -863, 329, 534, 53, 209, -19, 24, 43, 63, 
785, 922, 136, -854, 324, 529, 73, 224, -4, 34, 43, 63, 
790, 907, 117, -849, 336, 512, 73, 224, 0, 34, 48, 63, 
790, 912, 122, -851, 334, 517, 68, 224, 0, 34, 48, 63, 
790, 912, 122, -851, 334, 517, 58, 219, 0, 34, 48, 68, 
785, 922, 136, -854, 324, 529, 53, 209, 0, 39, 53, 73, 
790, 932, 141, -861, 324, 536, 48, 200, -4, 39, 58, 73, 
790, 936, 146, -863, 322, 541, 48, 200, -9, 43, 58, 73, 
795, 936, 141, -866, 326, 539, 58, 204, -14, 43, 58, 73, 
800, 936, 136, -868, 331, 536, 58, 204, 0, 43, 68, 73, 
800, 936, 136, -868, 331, 536, 53, 204, 0, 43, 68, 73, 
800, 932, 131, -866, 334, 531, 53, 209, 0, 43, 73, 78, 
805, 932, 126, -868, 339, 529, 58, 209, 0, 48, 73, 82, 
814, 932, 117, -873, 348, 524, 58, 214, 0, 48, 73, 82, 
814, 936, 122, -875, 346, 529, 53, 214, 4, 48, 78, 82, 
819, 936, 117, -878, 351, 527, 53, 214, 4, 48, 78, 82, 
819, 946, 126, -883, 346, 536, 48, 214, 4, 48, 78, 78, 
824, 956, 131, -890, 346, 544, 39, 204, 4, 58, 78, 78, 
824, 956, 131, -890, 346, 544, 39, 209, 4, 58, 78, 82, 
824, 956, 131, -890, 346, 544, 43, 209, 4, 58, 78, 92, 
829, 956, 126, -893, 351, 541, 43, 209, 4, 58, 78, 92, 
829, 951, 122, -890, 353, 536, 53, 219, 4, 53, 78, 92, 
829, 951, 122, -890, 353, 536, 48, 219, 9, 53, 78, 92, 
834, 951, 117, -893, 358, 534, 48, 219, 9, 53, 78, 87, 
834, 956, 122, -895, 356, 539, 43, 219, 14, 53, 78, 87, 
834, 946, 112, -890, 361, 529, 48, 219, 14, 63, 82, 102, 
839, 946, 107, -893, 366, 527, 43, 219, 14, 68, 87, 102, 
839, 951, 112, -895, 363, 531, 43, 219, 14, 68, 87, 102, 
839, 951, 112, -895, 363, 531, 43, 219, 14, 73, 87, 102, 
844, 961, 117, -902, 363, 539, 43, 219, 14, 63, 87, 92, 
844, 966, 122, -905, 361, 544, 39, 219, 14, 63, 87, 92, 
844, 966, 122, -905, 361, 544, 39, 219, 14, 63, 92, 92, 
849, 966, 117, -907, 366, 541, 43, 219, 14, 73, 92, 97, 
839, 966, 126, -902, 356, 546, 34, 219, 14, 73, 102, 97, 
849, 966, 117, -907, 366, 541, 34, 219, 14, 73, 102, 97, 
849, 966, 117, -907, 366, 541, 34, 219, 24, 73, 102, 107, 
849, 966, 117, -907, 366, 541, 29, 219, 24, 73, 102, 107, 
858, 980, 122, -919, 368, 551, 29, 229, 14, 82, 102, 107, 
858, 971, 112, -915, 373, 541, 34, 229, 19, 82, 112, 112, 
858, 971, 112, -915, 373, 541, 34, 229, 19, 82, 112, 112, 
868, 980, 112, -924, 378, 546, 29, 229, 14, 82, 107, 107, 
868, 971, 102, -919, 383, 536, 39, 229, 24, 82, 97, 107, 
868, 971, 102, -919, 383, 536, 39, 229, 29, 87, 107, 112, 
868, 976, 107, -922, 380, 541, 34, 229, 29, 92, 107, 112, 
873, 976, 102, -924, 385, 539, 34, 229, 29, 92, 107, 112, 
873, 976, 102, -924, 385, 539, 34, 224, 34, 92, 107, 117, 
878, 980, 102, -929, 387, 541, 29, 224, 34, 92, 107, 117, 
878, 985, 107, -932, 385, 546, 24, 224, 34, 92, 107, 117, 
883, 985, 102, -934, 390, 544, 24, 224, 34, 97, 112, 122, 
883, 1000, 117, -941, 383, 558, 14, 224, 24, 97, 126, 126, 
888, 1010, 122, -949, 383, 566, 9, 224, 24, 92, 126, 126, 
893, 1010, 117, -951, 387, 563, 9, 224, 24, 92, 126, 126, 
893, 1010, 117, -951, 387, 563, 9, 224, 29, 102, 131, 131, 
902, 1029, 126, -966, 387, 578, 14, 224, 29, 92, 122, 136, 
902, 1029, 126, -966, 387, 578, 14, 224, 29, 92, 126, 141, 
912, 1034, 122, -973, 395, 578, 9, 224, 34, 107, 126, 146, 
917, 1039, 122, -978, 397, 580, 9, 224, 34, 107, 131, 146, 
922, 1034, 112, -978, 405, 573, 9, 224, 48, 117, 141, 151, 
922, 1034, 112, -978, 405, 573, 9, 229, 53, 122, 151, 161, 
927, 1034, 107, -980, 409, 570, 0, 229, 58, 122, 151, 170, 
932, 1044, 112, -988, 409, 578, 0, 224, 58, 122, 151, 175, 
941, 1034, 92, -988, 424, 563, -9, 224, 48, 136, 165, 175, 
946, 1039, 92, -993, 427, 566, -9, 224, 53, 136, 170, 175, 
951, 1044, 92, -997, 429, 568, -14, 224, 53, 136, 170, 170, 
956, 1049, 92, -1002, 431, 570, -14, 224, 53, 141, 170, 165, 
961, 1063, 102, -1012, 429, 583, -14, 224, 48, 151, 170, 175, 
966, 1063, 97, -1015, 434, 580, -19, 224, 48, 156, 175, 180, 
971, 1068, 97, -1019, 436, 583, -29, 224, 48, 161, 180, 185, 
976, 1073, 97, -1024, 439, 585, -34, 224, 53, 165, 185, 190, 
976, 1088, 112, -1032, 431, 600, -24, 214, 63, 170, 190, 209, 
985, 1102, 117, -1044, 434, 610, -29, 214, 68, 170, 195, 214, 
985, 1102, 117, -1044, 434, 610, -34, 214, 73, 175, 195, 219, 
995, 1102, 107, -1049, 444, 605, -39, 214, 82, 180, 209, 229, 
995, 1107, 112, -1051, 441, 610, -43, 214, 73, 185, 219, 229, 
1000, 1112, 112, -1056, 444, 612, -43, 214, 78, 190, 219, 234, 
1010, 1107, 97, -1058, 456, 602, -48, 214, 78, 195, 224, 239, 
1019, 1112, 92, -1066, 463, 602, -48, 214, 78, 200, 229, 244, 
1024, 1127, 102, -1076, 461, 614, -63, 219, 78, 204, 234, 248, 
1029, 1127, 97, -1078, 466, 612, -68, 219, 82, 209, 239, 258, 
1034, 1127, 92, -1080, 470, 610, -73, 219, 87, 219, 248, 268, 
1034, 1137, 102, -1085, 466, 619, -78, 214, 87, 219, 253, 268, 
1044, 1141, 97, -1093, 473, 619, -73, 214, 87, 224, 258, 283, 
1049, 1141, 92, -1095, 478, 617, -78, 214, 97, 234, 268, 287, 
1054, 1156, 102, -1105, 475, 629, -82, 214, 97, 239, 268, 292, 
1058, 1166, 107, -1112, 475, 636, -87, 214, 97, 239, 268, 297, 
1063, 1156, 92, -1110, 485, 624, -87, 204, 102, 244, 278, 302, 
1068, 1161, 92, -1115, 488, 627, -92, 200, 102, 248, 283, 307, 
1073, 1176, 102, -1124, 485, 639, -97, 200, 102, 253, 287, 307, 
1073, 1176, 102, -1124, 485, 639, -102, 200, 102, 258, 292, 317, 
1068, 1176, 107, -1122, 480, 641, -97, 200, 102, 253, 287, 317, 
1073, 1185, 112, -1129, 480, 649, -97, 190, 102, 258, 292, 317, 
1073, 1185, 112, -1129, 480, 649, -102, 190, 102, 263, 297, 322, 
1073, 1190, 117, -1132, 478, 653, -107, 190, 107, 268, 302, 326, 
1078, 1200, 122, -1139, 478, 661, -107, 185, 107, 268, 302, 331, 
1078, 1205, 126, -1141, 475, 666, -112, 185, 107, 268, 302, 331, 
1083, 1210, 126, -1146, 478, 668, -112, 185, 112, 273, 307, 336, 
1083, 1215, 131, -1149, 475, 673, -112, 175, 112, 273, 307, 336, 
1088, 1210, 122, -1149, 483, 666, -112, 180, 102, 273, 307, 326, 
1088, 1210, 122, -1149, 483, 666, -112, 180, 102, 273, 312, 331, 
1088, 1210, 122, -1149, 483, 666, -117, 180, 102, 273, 312, 331, 
1088, 1215, 126, -1151, 480, 671, -117, 175, 102, 273, 312, 331, 
1073, 1215, 141, -1144, 466, 678, -117, 175, 102, 278, 317, 331, 
1073, 1215, 141, -1144, 466, 678, -117, 175, 102, 278, 317, 331, 
1073, 1220, 146, -1146, 463, 683, -117, 170, 102, 273, 317, 331, 
1073, 1220, 146, -1146, 463, 683, -117, 170, 102, 273, 317, 331, 
1063, 1215, 151, -1139, 456, 683, -117, 170, 102, 278, 317, 331, 
1058, 1215, 156, -1137, 451, 685, -117, 170, 102, 278, 317, 326, 
1058, 1210, 151, -1134, 453, 680, -112, 165, 97, 273, 312, 326, 
1058, 1210, 151, -1134, 453, 680, -112, 165, 97, 273, 312, 326, 
1044, 1205, 161, -1124, 441, 683, -97, 175, 102, 273, 307, 326, 
1039, 1200, 161, -1119, 439, 680, -97, 170, 102, 263, 302, 317, 
1024, 1190, 165, -1107, 429, 678, -82, 170, 107, 258, 297, 307, 
1024, 1180, 156, -1102, 434, 668, -82, 170, 107, 258, 297, 307, 
1005, 1171, 165, -1088, 419, 668, -82, 165, 102, 239, 287, 297, 
1000, 1166, 165, -1083, 417, 666, -73, 165, 102, 234, 283, 283, 
990, 1151, 161, -1071, 414, 656, -68, 165, 102, 229, 278, 278, 
985, 1151, 165, -1068, 409, 658, -63, 161, 102, 224, 268, 268, 
980, 1161, 180, -1071, 400, 671, -68, 170, 92, 214, 244, 248, 
976, 1146, 170, -1061, 402, 658, -63, 175, 92, 200, 239, 244, 
966, 1132, 165, -1049, 400, 649, -58, 175, 92, 195, 234, 234, 
961, 1132, 170, -1046, 395, 651, -53, 175, 87, 185, 219, 224, 
951, 1122, 170, -1037, 390, 646, -29, 175, 78, 190, 224, 224, 
946, 1107, 161, -1027, 392, 634, -24, 175, 78, 185, 219, 219, 
936, 1102, 165, -1019, 385, 634, -14, 180, 68, 180, 209, 209, 
932, 1093, 161, -1012, 385, 627, -9, 180, 68, 170, 200, 204, 
917, 1068, 151, -993, 383, 610, 0, 180, 68, 175, 200, 195, 
912, 1058, 146, -985, 383, 602, 4, 180, 68, 165, 185, 185, 
902, 1058, 156, -980, 373, 607, 4, 180, 68, 156, 180, 180, 
902, 1049, 146, -976, 378, 597, 14, 180, 73, 156, 180, 170, 
888, 1049, 161, -968, 363, 605, 24, 190, 58, 136, 165, 161, 
878, 1049, 170, -963, 353, 610, 24, 190, 53, 126, 151, 146, 
873, 1039, 165, -956, 353, 602, 29, 190, 48, 117, 141, 146, 
873, 1034, 161, -954, 356, 597, 43, 195, 48, 117, 136, 146, 
878, 1029, 151, -954, 363, 590, 43, 185, 53, 122, 131, 146, 
873, 1019, 146, -946, 363, 583, 43, 185, 48, 112, 131, 141, 
873, 1005, 131, -939, 370, 568, 48, 190, 48, 112, 131, 136, 
868, 1000, 131, -934, 368, 566, 53, 190, 43, 107, 131, 126, 
863, 1010, 146, -936, 358, 578, 48, 200, 34, 107, 126, 126, 
858, 1000, 141, -929, 358, 570, 48, 204, 34, 107, 126, 126, 
858, 995, 136, -927, 361, 566, 48, 204, 34, 102, 126, 122, 
854, 995, 141, -924, 356, 568, 53, 204, 29, 97, 122, 117, 
858, 1000, 141, -929, 358, 570, 58, 195, 39, 97, 117, 117, 
858, 995, 136, -927, 361, 566, 58, 195, 39, 97, 117, 117, 
854, 995, 141, -924, 356, 568, 58, 195, 29, 87, 117, 112, 
854, 995, 141, -924, 356, 568, 58, 195, 29, 87, 112, 112, 
854, 1005, 151, -929, 351, 578, 63, 204, 29, 87, 112, 112, 
854, 1005, 151, -929, 351, 578, 63, 204, 29, 82, 112, 107, 
854, 1005, 151, -929, 351, 578, 58, 204, 29, 82, 112, 102, 
854, 1000, 146, -927, 353, 573, 58, 204, 34, 82, 112, 102, 
844, 1010, 165, -927, 339, 588, 63, 204, 34, 82, 107, 92, 
844, 1010, 165, -927, 339, 588, 63, 204, 24, 82, 107, 92, 
844, 1010, 165, -927, 339, 588, 68, 204, 24, 82, 107, 92, 
844, 1010, 165, -927, 339, 588, 73, 209, 24, 82, 107, 92, 
839, 995, 156, -917, 341, 575, 73, 209, 24, 87, 117, 102, 
839, 990, 151, -915, 344, 570, 73, 209, 24, 87, 112, 102, 
839, 985, 146, -912, 346, 566, 78, 209, 29, 87, 112, 102, 
839, 980, 141, -910, 348, 561, 78, 209, 29, 87, 112, 97, 
844, 990, 146, -917, 348, 568, 73, 200, 19, 82, 102, 82, 
844, 985, 141, -915, 351, 563, 73, 200, 19, 78, 102, 82, 
844, 985, 141, -915, 351, 563, 73, 200, 19, 73, 102, 82, 
849, 990, 141, -919, 353, 566, 73, 200, 14, 68, 97, 82, 
839, 1000, 161, -919, 339, 580, 73, 204, 14, 68, 97, 82, 
839, 1000, 161, -919, 339, 580, 73, 204, 14, 68, 102, 82, 
839, 1000, 161, -919, 339, 580, 73, 204, 14, 68, 102, 82, 
839, 1000, 161, -919, 339, 580, 73, 204, 14, 68, 102, 82, 
839, 995, 156, -917, 341, 575, 78, 214, 19, 73, 102, 87, 
839, 995, 156, -917, 341, 575, 78, 214, 24, 78, 102, 87, 
839, 1000, 161, -919, 339, 580, 78, 214, 29, 78, 102, 87, 
839, 1000, 161, -919, 339, 580, 78, 214, 39, 82, 102, 87, 
839, 990, 151, -915, 344, 570, 87, 214, 29, 82, 112, 97, 
839, 990, 151, -915, 344, 570, 87, 214, 29, 82, 112, 97, 
839, 985, 146, -912, 346, 566, 87, 219, 29, 82, 112, 97, 
839, 985, 146, -912, 346, 566, 82, 219, 29, 82, 117, 97, 
849, 990, 141, -919, 353, 566, 73, 219, 29, 73, 117, 87, 
849, 990, 141, -919, 353, 566, 78, 219, 29, 78, 117, 87, 
849, 990, 141, -919, 353, 566, 82, 219, 29, 78, 117, 92, 
849, 990, 141, -919, 353, 566, 82, 219, 29, 73, 117, 92, 
844, 1000, 156, -922, 344, 578, 82, 209, 19, 73, 107, 92, 
844, 1000, 156, -922, 344, 578, 82, 209, 19, 78, 107, 92, 
844, 1000, 156, -922, 344, 578, 82, 214, 24, 78, 107, 92, 
849, 1000, 151, -924, 348, 575, 78, 214, 24, 78, 107, 92, 
849, 1000, 151, -924, 348, 575, 78, 214, 29, 87, 117, 92, 
849, 1000, 151, -924, 348, 575, 78, 214, 34, 87, 117, 92, 
849, 1005, 156, -927, 346, 580, 78, 214, 34, 87, 117, 92, 
849, 1010, 161, -929, 344, 585, 78, 214, 39, 87, 117, 92, 
858, 1000, 141, -929, 358, 570, 73, 224, 34, 92, 126, 102, 
858, 1005, 146, -932, 356, 575, 73, 224, 34, 92, 126, 102, 
858, 1015, 156, -936, 351, 585, 73, 219, 34, 92, 126, 102, 
863, 1005, 141, -934, 361, 573, 68, 219, 34, 92, 126, 102, 
858, 1005, 146, -932, 356, 575, 73, 234, 29, 92, 122, 102, 
858, 1010, 151, -934, 353, 580, 78, 234, 29, 92, 122, 102, 
858, 1010, 151, -934, 353, 580, 82, 234, 29, 97, 122, 102, 
863, 1010, 146, -936, 358, 578, 87, 234, 34, 102, 122, 107, 
863, 1010, 146, -936, 358, 578, 78, 224, 34, 92, 122, 97, 
863, 1010, 146, -936, 358, 578, 78, 229, 34, 92, 122, 97, 
863, 1010, 146, -936, 358, 578, 78, 229, 34, 92, 126, 102, 
863, 1015, 151, -939, 356, 583, 78, 229, 34, 87, 126, 102, 
868, 1019, 151, -944, 358, 585, 78, 229, 34, 87, 126, 112, 
873, 1010, 136, -941, 368, 573, 78, 229, 34, 92, 126, 112, 
873, 1010, 136, -941, 368, 573, 78, 229, 34, 92, 126, 112, 
878, 1010, 131, -944, 373, 570, 78, 229, 34, 92, 126, 112, 
878, 1019, 141, -949, 368, 580, 78, 229, 34, 102, 131, 122, 
878, 1019, 141, -949, 368, 580, 78, 229, 34, 107, 131, 122, 
883, 1024, 141, -954, 370, 583, 78, 229, 29, 107, 131, 122, 
883, 1024, 141, -954, 370, 583, 78, 229, 29, 107, 131, 122, 
893, 1019, 126, -956, 383, 573, 78, 229, 39, 97, 131, 117, 
893, 1019, 126, -956, 383, 573, 78, 224, 39, 97, 131, 117, 
893, 1029, 136, -961, 378, 583, 78, 224, 34, 97, 131, 117, 
897, 1029, 131, -963, 383, 580, 73, 229, 34, 102, 136, 117, 
893, 1039, 146, -966, 373, 592, 73, 229, 24, 102, 136, 112, 
893, 1039, 146, -966, 373, 592, 73, 224, 24, 97, 136, 112, 
897, 1039, 141, -968, 378, 590, 73, 224, 24, 97, 136, 112, 
897, 1034, 136, -966, 380, 585, 73, 224, 24, 97, 136, 112, 
897, 1024, 126, -961, 385, 575, 73, 224, 34, 107, 136, 112, 
893, 1024, 131, -958, 380, 578, 73, 224, 34, 107, 136, 117, 
893, 1024, 131, -958, 380, 578, 78, 224, 34, 107, 136, 126, 
897, 1029, 131, -963, 383, 580, 78, 224, 34, 107, 136, 131, 
897, 1034, 136, -966, 380, 585, 68, 234, 34, 107, 141, 126, 
897, 1034, 136, -966, 380, 585, 68, 234, 34, 107, 141, 126, 
897, 1034, 136, -966, 380, 585, 68, 234, 34, 107, 146, 126, 
897, 1034, 136, -966, 380, 585, 68, 234, 34, 107, 146, 126, 
907, 1024, 117, -966, 395, 570, 68, 224, 24, 97, 136, 117, 
907, 1024, 117, -966, 395, 570, 68, 224, 24, 102, 136, 122, 
907, 1024, 117, -966, 395, 570, 68, 224, 24, 102, 136, 122, 
907, 1024, 117, -966, 395, 570, 68, 224, 24, 102, 136, 122, 
902, 1029, 126, -966, 387, 578, 78, 224, 24, 102, 136, 131, 
902, 1029, 126, -966, 387, 578, 78, 224, 24, 102, 136, 131, 
902, 1034, 131, -968, 385, 583, 78, 224, 24, 102, 136, 126, 
902, 1034, 131, -968, 385, 583, 73, 224, 24, 102, 136, 126, 
902, 1034, 131, -968, 385, 583, 73, 224, 14, 102, 136, 117, 
902, 1034, 131, -968, 385, 583, 73, 224, 14, 102, 136, 117, 
902, 1034, 131, -968, 385, 583, 78, 224, 14, 102, 136, 117, 
902, 1034, 131, -968, 385, 583, 78, 224, 14, 102, 136, 117, 
902, 1044, 141, -973, 380, 592, 78, 224, 24, 102, 136, 117, 
907, 1044, 136, -976, 385, 590, 78, 224, 24, 102, 136, 117, 
907, 1039, 131, -973, 387, 585, 78, 224, 24, 102, 136, 117, 
907, 1039, 131, -973, 387, 585, 78, 224, 19, 102, 136, 117, 
907, 1034, 126, -971, 390, 580, 78, 234, 29, 102, 136, 117, 
907, 1034, 126, -971, 390, 580, 78, 234, 29, 102, 136, 117, 
907, 1034, 126, -971, 390, 580, 78, 234, 24, 102, 131, 117, 
907, 1034, 126, -971, 390, 580, 78, 234, 24, 97, 131, 117, 
907, 1034, 126, -971, 390, 580, 87, 234, 24, 97, 141, 117, 
907, 1034, 126, -971, 390, 580, 87, 234, 24, 102, 141, 112, 
907, 1034, 126, -971, 390, 580, 87, 234, 29, 102, 141, 112, 
907, 1029, 122, -968, 392, 575, 87, 229, 29, 97, 141, 117, 
907, 1029, 122, -968, 392, 575, 82, 229, 19, 97, 146, 117, 
907, 1029, 122, -968, 392, 575, 82, 229, 19, 97, 146, 117, 
907, 1034, 126, -971, 390, 580, 82, 229, 14, 97, 141, 117, 
907, 1034, 126, -971, 390, 580, 82, 229, 14, 97, 141, 117, 
907, 1034, 126, -971, 390, 580, 87, 229, 14, 107, 131, 107, 
907, 1034, 126, -971, 390, 580, 87, 229, 14, 107, 126, 107, 
907, 1034, 126, -971, 390, 580, 87, 229, 14, 102, 126, 107, 
907, 1034, 126, -971, 390, 580, 87, 229, 14, 102, 126, 107, 
912, 1044, 131, -978, 390, 588, 97, 229, 9, 102, 136, 107, 
912, 1044, 131, -978, 390, 588, 97, 229, 9, 102, 136, 107, 
912, 1044, 131, -978, 390, 588, 97, 229, 14, 102, 141, 107, 
912, 1044, 131, -978, 390, 588, 97, 229, 14, 102, 141, 107, 
912, 1034, 122, -973, 395, 578, 87, 239, 24, 92, 141, 107, 
917, 1034, 117, -976, 400, 575, 87, 239, 24, 92, 141, 107, 
917, 1034, 117, -976, 400, 575, 87, 239, 24, 92, 136, 107, 
917, 1044, 126, -980, 395, 585, 87, 239, 19, 92, 136, 107, 
917, 1039, 122, -978, 397, 580, 97, 229, 19, 102, 136, 117, 
922, 1034, 112, -978, 405, 573, 97, 229, 24, 102, 136, 117, 
922, 1029, 107, -976, 407, 568, 97, 229, 24, 102, 136, 117, 
922, 1024, 102, -973, 409, 563, 97, 229, 24, 102, 136, 112, 
922, 1034, 112, -978, 405, 573, 97, 229, 14, 92, 136, 102, 
922, 1029, 107, -976, 407, 568, 97, 229, 14, 92, 136, 102, 
922, 1024, 102, -973, 409, 563, 97, 229, 9, 92, 136, 102, 
922, 1019, 97, -971, 412, 558, 97, 229, 9, 92, 136, 102, 
922, 1024, 102, -973, 409, 563, 87, 239, 9, 102, 131, 102, 
922, 1029, 107, -976, 407, 568, 92, 239, 9, 102, 131, 102, 
922, 1034, 112, -978, 405, 573, 92, 239, 14, 102, 131, 107, 
922, 1039, 117, -980, 402, 578, 92, 239, 14, 102, 131, 107, 
927, 1029, 102, -978, 412, 566, 97, 239, 14, 97, 126, 107, 
927, 1034, 107, -980, 409, 570, 97, 239, 14, 97, 126, 107, 
927, 1034, 107, -980, 409, 570, 97, 239, 14, 97, 126, 107, 
927, 1034, 107, -980, 409, 570, 92, 239, 14, 97, 126, 107, 
927, 1029, 102, -978, 412, 566, 92, 239, 14, 97, 136, 107, 
927, 1049, 122, -988, 402, 585, 82, 229, 4, 92, 126, 107, 
927, 1058, 131, -993, 397, 595, 92, 229, 14, 92, 136, 107, 
927, 1029, 102, -978, 412, 566, 102, 239, 24, 102, 146, 107, 
917, 1024, 107, -971, 405, 566, 97, 234, 19, 107, 136, 117, 
927, 1034, 107, -980, 409, 570, 97, 244, 9, 97, 136, 107, 
927, 1034, 107, -980, 409, 570, 97, 244, 9, 97, 136, 107, 
927, 1034, 107, -980, 409, 570, 97, 244, 9, 97, 136, 107, 
927, 1034, 107, -980, 409, 570, 97, 244, 9, 97, 136, 107, 
927, 1034, 107, -980, 409, 570, 87, 234, 9, 107, 136, 107, 
927, 1034, 107, -980, 409, 570, 87, 234, 9, 107, 136, 107, 
927, 1039, 112, -983, 407, 575, 87, 234, 9, 107, 136, 107, 
927, 1039, 112, -983, 407, 575, 87, 234, 9, 107, 136, 107, 
927, 1029, 102, -978, 412, 566, 97, 234, 29, 117, 141, 117, 
936, 1039, 102, -988, 417, 570, 92, 234, 29, 117, 146, 122, 
936, 1058, 122, -997, 407, 590, 87, 234, 29, 126, 146, 126, 
936, 1063, 126, -1000, 405, 595, 82, 234, 39, 126, 151, 136, 
941, 1078, 136, -1010, 402, 607, 78, 229, 43, 117, 156, 126, 
941, 1088, 146, -1015, 397, 617, 78, 224, 48, 122, 156, 126, 
941, 1088, 146, -1015, 397, 617, 78, 224, 53, 126, 156, 131, 
946, 1088, 141, -1017, 402, 614, 78, 229, 58, 126, 165, 131, 
946, 1102, 156, -1024, 395, 629, 73, 219, 58, 141, 165, 122, 
946, 1107, 161, -1027, 392, 634, 73, 219, 63, 141, 165, 126, 
946, 1107, 161, -1027, 392, 634, 63, 219, 63, 146, 170, 126, 
941, 1107, 165, -1024, 387, 636, 58, 204, 63, 146, 170, 126, 
941, 1112, 170, -1027, 385, 641, 63, 204, 68, 146, 170, 136, 
946, 1112, 165, -1029, 390, 639, 63, 204, 73, 151, 170, 141, 
946, 1117, 170, -1032, 387, 644, 58, 195, 78, 151, 170, 141, 
946, 1122, 175, -1034, 385, 649, 53, 190, 78, 151, 175, 141, 
946, 1122, 175, -1034, 385, 649, 48, 190, 68, 146, 175, 146, 
951, 1127, 175, -1039, 387, 651, 43, 185, 73, 146, 180, 146, 
951, 1132, 180, -1041, 385, 656, 34, 180, 73, 141, 180, 146, 
951, 1132, 180, -1041, 385, 656, 34, 180, 73, 141, 180, 146, 
956, 1122, 165, -1039, 395, 644, 34, 180, 87, 151, 195, 151, 
961, 1132, 170, -1046, 395, 651, 29, 170, 87, 161, 204, 156, 
966, 1151, 185, -1058, 390, 668, 9, 161, 87, 170, 204, 161, 
976, 1156, 180, -1066, 397, 668, 0, 156, 97, 180, 214, 165, 
976, 1171, 195, -1073, 390, 683, -14, 151, 97, 185, 219, 175, 
980, 1176, 195, -1078, 392, 685, -19, 141, 92, 185, 219, 175, 
990, 1176, 185, -1083, 402, 680, -24, 141, 87, 185, 224, 180, 
1010, 1176, 165, -1093, 422, 671, -29, 141, 87, 190, 224, 185, 
1019, 1200, 180, -1110, 419, 690, -34, 141, 87, 190, 214, 190, 
1029, 1200, 170, -1115, 429, 685, -34, 141, 78, 190, 224, 190, 
1039, 1190, 151, -1115, 444, 671, -29, 151, 73, 190, 224, 190, 
1039, 1190, 151, -1115, 444, 671, -24, 151, 58, 185, 219, 180, 
1024, 1171, 146, -1098, 439, 658, -4, 161, 34, 161, 195, 165, 
1024, 1151, 126, -1088, 448, 639, 9, 170, 24, 156, 190, 165, 
1019, 1141, 122, -1080, 448, 631, 19, 175, 24, 151, 190, 161, 
1015, 1137, 122, -1076, 446, 629, 24, 180, 14, 146, 180, 151, 
1010, 1107, 97, -1058, 456, 602, 29, 185, 14, 141, 185, 151, 
1005, 1098, 92, -1051, 456, 595, 34, 185, 14, 136, 180, 151, 
995, 1098, 102, -1046, 446, 600, 39, 185, 14, 136, 180, 156, 
990, 1098, 107, -1044, 441, 602, 43, 185, 19, 136, 175, 161, 
990, 1088, 97, -1039, 446, 592, 63, 195, 19, 126, 175, 151, 
976, 1088, 112, -1032, 431, 600, 68, 200, 19, 122, 170, 141, 
966, 1078, 112, -1022, 427, 595, 78, 204, 4, 112, 165, 131, 
961, 1063, 102, -1012, 429, 583, 92, 209, 14, 112, 161, 131, 
956, 1063, 107, -1010, 424, 585, 97, 229, 24, 122, 161, 122, 
951, 1063, 112, -1007, 419, 588, 102, 229, 24, 122, 156, 122, 
951, 1054, 102, -1002, 424, 578, 102, 239, 24, 122, 156, 122, 
951, 1044, 92, -997, 429, 568, 112, 244, 24, 117, 151, 117, 
961, 1034, 73, -997, 444, 553, 102, 234, 19, 107, 146, 122, 
961, 1029, 68, -995, 446, 549, 102, 234, 9, 102, 141, 107, 
961, 1029, 68, -995, 446, 549, 107, 234, 4, 102, 141, 107, 
951, 1029, 78, -990, 436, 553, 107, 234, 4, 97, 136, 107, 
941, 1034, 92, -988, 424, 563, 107, 234, -9, 82, 122, 92, 
941, 1024, 82, -983, 429, 553, 117, 234, -9, 82, 122, 87, 
941, 1019, 78, -980, 431, 549, 117, 234, -9, 82, 117, 87, 
941, 1019, 78, -980, 431, 549, 117, 239, -9, 82, 117, 87, 
941, 1005, 63, -973, 439, 534, 117, 239, -9, 92, 107, 87, 
941, 1005, 63, -973, 439, 534, 122, 239, -9, 87, 107, 87, 
936, 1010, 73, -973, 431, 541, 122, 239, -9, 87, 107, 87, 
936, 1010, 73, -973, 431, 541, 126, 244, -9, 82, 102, 87, 
936, 1005, 68, -971, 434, 536, 126, 248, 0, 82, 112, 92, 
936, 1015, 78, -976, 429, 546, 126, 248, -4, 82, 112, 92, 
932, 1015, 82, -973, 424, 549, 126, 248, -4, 82, 112, 82, 
932, 1015, 82, -973, 424, 549, 131, 248, 0, 87, 117, 82, 
932, 1015, 82, -973, 424, 549, 122, 248, -9, 78, 107, 82, 
932, 1015, 82, -973, 424, 549, 122, 248, -9, 78, 107, 82, 
936, 1010, 73, -973, 431, 541, 126, 248, -9, 78, 107, 82, 
936, 1010, 73, -973, 431, 541, 126, 253, -9, 78, 107, 82, 
946, 1010, 63, -978, 441, 536, 126, 253, 0, 87, 107, 92, 
946, 1010, 63, -978, 441, 536, 126, 253, 0, 87, 112, 92, 
946, 1010, 63, -978, 441, 536, 126, 253, 0, 87, 117, 92, 
946, 1015, 68, -980, 439, 541, 126, 253, 0, 87, 122, 87, 
946, 1015, 68, -980, 439, 541, 126, 253, -4, 78, 122, 78, 
946, 1010, 63, -978, 441, 536, 131, 253, -4, 78, 122, 82, 
946, 1010, 63, -978, 441, 536, 131, 253, -4, 78, 122, 82, 
946, 1010, 63, -978, 441, 536, 131, 253, -4, 78, 122, 82, 
936, 1010, 73, -973, 431, 541, 131, 253, -4, 78, 112, 92, 
936, 1010, 73, -973, 431, 541, 131, 253, -4, 78, 112, 92, 
941, 1015, 73, -978, 434, 544, 126, 253, -9, 73, 112, 92, 
941, 1015, 73, -978, 434, 544, 126, 253, -9, 73, 112, 92, 
941, 1005, 63, -973, 439, 534, 131, 253, -4, 78, 112, 82, 
941, 1005, 63, -973, 439, 534, 131, 253, -4, 78, 112, 82, 
941, 1005, 63, -973, 439, 534, 131, 253, -4, 78, 112, 82, 
941, 1005, 63, -973, 439, 534, 131, 253, -4, 78, 112, 87, 
956, 1015, 58, -985, 448, 536, 131, 263, 0, 78, 107, 87, 
956, 1019, 63, -988, 446, 541, 126, 273, 19, 78, 117, 87, 
961, 1044, 82, -1002, 439, 563, 136, 273, 78, 112, 141, 102, 
966, 1073, 107, -1019, 429, 590, 131, 292, 146, 175, 195, 141, 
985, 1112, 126, -1049, 429, 619, 112, 292, 195, 244, 248, 190, 
1024, 1146, 122, -1085, 451, 634, 87, 283, 229, 292, 297, 239, 
1078, 1156, 78, -1117, 500, 617, 68, 287, 248, 336, 331, 292, 
1161, 1180, 19, -1171, 570, 600, 53, 317, 248, 375, 370, 346, 
1273, 1205, -68, -1239, 671, 568, 19, 326, 239, 400, 395, 390, 
1390, 1239, -151, -1315, 771, 544, -29, 331, 253, 444, 453, 468, 
1498, 1278, -219, -1388, 858, 529, -82, 331, 278, 502, 517, 556, 
1615, 1327, -287, -1471, 951, 519, -136, 302, 278, 541, 575, 639, 
1708, 1376, -331, -1542, 1019, 522, -195, 234, 234, 580, 629, 722, 
1756, 1405, -351, -1581, 1054, 527, -244, 151, 165, 605, 683, 795, 
1761, 1444, -317, -1603, 1039, 563, -278, 73, 126, 629, 732, 858, 
1751, 1493, -258, -1622, 1005, 617, -312, 9, 107, 653, 751, 902, 
1688, 1488, -200, -1588, 944, 644, -307, -43, 78, 624, 732, 893, 
1537, 1459, -78, -1498, 807, 690, -258, -78, 53, 551, 663, 805, 
1356, 1405, 48, -1381, 653, 727, -190, -78, 43, 439, 536, 668, 
1195, 1351, 156, -1273, 519, 753, -122, -48, 53, 326, 414, 497, 
1034, 1322, 287, -1178, 373, 805, -43, 0, 87, 248, 312, 351, 
858, 1283, 424, -1071, 217, 854, 29, 39, 107, 180, 219, 209, 
683, 1185, 502, -934, 90, 844, 122, 87, 73, 87, 107, 68, 
556, 1093, 536, -824, 9, 814, 214, 151, 14, -9, 29, -34, 
473, 1044, 570, -758, -48, 807, 278, 200, -29, -68, -19, -87, 
434, 1010, 575, -722, -70, 793, 312, 229, -68, -126, -73, -126, 
439, 932, 492, -685, -26, 712, 341, 258, -146, -195, -141, -165, 
448, 868, 419, -658, 14, 644, 370, 278, -248, -253, -190, -204, 
458, 839, 380, -649, 39, 610, 390, 283, -312, -278, -200, -214, 
458, 819, 361, -639, 48, 590, 405, 283, -346, -292, -204, -229, 
458, 810, 351, -634, 53, 580, 414, 283, -361, -307, -214, -229, 
478, 814, 336, -646, 70, 575, 405, 283, -366, -312, -214, -229, 
527, 814, 287, -671, 119, 551, 375, 283, -375, -302, -195, -214, 
595, 834, 239, -714, 178, 536, 341, 268, -375, -268, -170, -185, 
653, 883, 229, -768, 212, 556, 297, 258, -336, -219, -141, -156, 
712, 927, 214, -819, 248, 570, 263, 268, -278, -180, -102, -126, 
756, 941, 185, -849, 285, 563, 224, 273, -214, -131, -58, -78, 
800, 980, 180, -890, 309, 580, 200, 297, -165, -78, -9, -24, 
844, 1024, 180, -934, 331, 602, 165, 331, -146, -34, 19, 9, 
883, 1029, 146, -956, 368, 588, 151, 375, -126, 4, 58, 39, 
912, 1029, 117, -971, 397, 573, 146, 390, -102, 29, 82, 63, 
927, 1058, 131, -993, 397, 595, 141, 390, -78, 29, 92, 73, 
932, 1049, 117, -990, 407, 583, 131, 366, -48, 39, 92, 78, 
951, 1044, 92, -997, 429, 568, 131, 336, -24, 48, 102, 68, 
961, 1044, 82, -1002, 439, 563, 131, 322, -9, 48, 92, 63, 
971, 1024, 53, -997, 458, 539, 156, 317, 0, 53, 92, 73, 
976, 1015, 39, -995, 468, 527, 161, 312, 19, 73, 112, 87, 
980, 1044, 63, -1012, 458, 553, 151, 312, 29, 82, 122, 102, 
990, 1073, 82, -1032, 453, 578, 131, 297, 29, 92, 122, 107, 
980, 1073, 92, -1027, 444, 583, 117, 287, 29, 97, 126, 122, 
980, 1073, 92, -1027, 444, 583, 102, 278, 29, 107, 141, 122, 
980, 1078, 97, -1029, 441, 588, 97, 278, 19, 102, 131, 112, 
980, 1078, 97, -1029, 441, 588, 97, 278, 19, 97, 126, 112, 
985, 1068, 82, -1027, 451, 575, 97, 278, 24, 97, 126, 112, 
990, 1068, 78, -1029, 456, 573, 102, 278, 29, 92, 122, 112, 
990, 1054, 63, -1022, 463, 558, 112, 283, 24, 82, 122, 112, 
995, 1044, 48, -1019, 473, 546, 112, 283, 29, 82, 126, 112, 
995, 1054, 58, -1024, 468, 556, 107, 283, 29, 82, 126, 112, 
995, 1058, 63, -1027, 466, 561, 97, 278, 29, 82, 126, 117, 
1000, 1068, 68, -1034, 466, 568, 92, 278, 43, 92, 131, 122, 
1005, 1078, 73, -1041, 466, 575, 87, 268, 43, 97, 136, 122, 
1005, 1083, 78, -1044, 463, 580, 87, 268, 43, 107, 136, 122, 
1010, 1083, 73, -1046, 468, 578, 97, 273, 43, 112, 136, 122, 
1015, 1073, 58, -1044, 478, 566, 97, 273, 58, 112, 136, 122, 
1015, 1073, 58, -1044, 478, 566, 92, 273, 58, 112, 136, 122, 
1015, 1068, 53, -1041, 480, 561, 92, 278, 58, 112, 141, 126, 
1019, 1068, 48, -1044, 485, 558, 97, 278, 58, 117, 141, 131, 
1029, 1078, 48, -1054, 490, 563, 97, 273, 48, 107, 141, 131, 
1029, 1083, 53, -1056, 488, 568, 92, 273, 53, 107, 146, 131, 
1034, 1083, 48, -1058, 492, 566, 92, 273, 53, 107, 146, 131, 
1034, 1093, 58, -1063, 488, 575, 87, 273, 53, 107, 146, 126, 
1029, 1102, 73, -1066, 478, 588, 78, 273, 53, 117, 146, 126, 
1029, 1102, 73, -1066, 478, 588, 78, 278, 53, 117, 146, 131, 
1029, 1102, 73, -1066, 478, 588, 82, 278, 53, 117, 146, 141, 
1034, 1102, 68, -1068, 483, 585, 82, 278, 53, 117, 146, 141, 
1034, 1088, 53, -1061, 490, 570, 82, 278, 63, 112, 146, 141, 
1034, 1088, 53, -1061, 490, 570, 78, 278, 68, 112, 146, 141, 
1039, 1088, 48, -1063, 495, 568, 78, 278, 68, 112, 146, 136, 
1039, 1093, 53, -1066, 492, 573, 73, 278, 73, 112, 146, 136, 
1049, 1102, 53, -1076, 497, 578, 78, 278, 63, 112, 151, 141, 
1054, 1102, 48, -1078, 502, 575, 73, 278, 63, 117, 156, 141, 
1054, 1107, 53, -1080, 500, 580, 73, 278, 63, 117, 156, 141, 
1054, 1107, 53, -1080, 500, 580, 73, 278, 63, 122, 156, 141, 
1049, 1107, 58, -1078, 495, 583, 73, 268, 63, 112, 156, 141, 
1049, 1112, 63, -1080, 492, 588, 68, 268, 63, 112, 156, 141, 
1049, 1112, 63, -1080, 492, 588, 68, 268, 63, 112, 161, 141, 
1054, 1112, 58, -1083, 497, 585, 73, 268, 63, 122, 161, 146, 
1054, 1122, 68, -1088, 492, 595, 73, 278, 63, 122, 151, 146, 
1063, 1122, 58, -1093, 502, 590, 73, 278, 63, 122, 151, 146, 
1063, 1122, 58, -1093, 502, 590, 73, 278, 73, 122, 151, 156, 
1063, 1122, 58, -1093, 502, 590, 68, 278, 73, 122, 151, 156, 
1063, 1127, 63, -1095, 500, 595, 58, 278, 63, 131, 151, 146, 
1063, 1117, 53, -1090, 505, 585, 63, 278, 68, 131, 161, 151, 
1063, 1117, 53, -1090, 505, 585, 63, 278, 68, 131, 161, 151, 
1073, 1127, 53, -1100, 509, 590, 58, 278, 63, 131, 156, 146, 
1073, 1117, 43, -1095, 514, 580, 68, 268, 73, 122, 165, 156, 
1073, 1117, 43, -1095, 514, 580, 68, 268, 78, 126, 175, 161, 
1073, 1122, 48, -1098, 512, 585, 63, 268, 78, 131, 175, 161, 
1078, 1122, 43, -1100, 517, 583, 63, 268, 78, 131, 175, 161, 
1078, 1127, 48, -1102, 514, 588, 53, 273, 92, 141, 165, 165, 
1083, 1137, 53, -1110, 514, 595, 48, 273, 92, 141, 165, 165, 
1083, 1146, 63, -1115, 509, 605, 43, 273, 92, 141, 165, 165, 
1088, 1151, 63, -1119, 512, 607, 43, 273, 92, 146, 170, 170, 
1098, 1151, 53, -1124, 522, 602, 43, 273, 92, 146, 175, 175, 
1102, 1156, 53, -1129, 524, 605, 39, 273, 92, 141, 175, 175, 
1107, 1151, 43, -1129, 531, 597, 39, 273, 92, 141, 175, 175, 
1107, 1146, 39, -1127, 534, 592, 39, 273, 97, 151, 180, 180, 
1107, 1166, 58, -1137, 524, 612, 34, 283, 97, 151, 180, 185, 
1107, 1166, 58, -1137, 524, 612, 34, 283, 97, 151, 185, 190, 
1117, 1171, 53, -1144, 531, 612, 29, 283, 102, 165, 185, 195, 
1122, 1176, 53, -1149, 534, 614, 29, 283, 102, 165, 190, 195, 
1127, 1180, 53, -1154, 536, 617, 29, 273, 102, 165, 200, 195, 
1127, 1180, 53, -1154, 536, 617, 29, 278, 102, 170, 209, 200, 
1132, 1180, 48, -1156, 541, 614, 19, 278, 102, 170, 209, 204, 
1137, 1190, 53, -1163, 541, 622, 19, 273, 97, 170, 209, 204, 
1137, 1190, 53, -1163, 541, 622, 19, 273, 102, 185, 224, 219, 
1141, 1195, 53, -1168, 544, 624, 19, 273, 112, 185, 229, 224, 
1146, 1200, 53, -1173, 546, 627, 14, 273, 117, 185, 229, 224, 
1151, 1205, 53, -1178, 549, 629, 14, 273, 122, 190, 229, 224, 
1166, 1210, 43, -1188, 561, 627, 14, 273, 126, 200, 239, 234, 
1171, 1210, 39, -1190, 566, 624, 9, 273, 126, 204, 244, 239, 
1176, 1215, 39, -1195, 568, 627, 0, 273, 126, 209, 248, 244, 
1180, 1220, 39, -1200, 570, 629, -4, 273, 131, 214, 253, 248, 
1180, 1234, 53, -1207, 563, 644, -4, 263, 126, 209, 248, 258, 
1190, 1249, 58, -1220, 566, 653, -9, 263, 126, 209, 253, 263, 
1190, 1249, 58, -1220, 566, 653, -14, 263, 126, 214, 253, 268, 
1200, 1249, 48, -1224, 575, 649, -19, 263, 131, 219, 268, 278, 
1200, 1249, 48, -1224, 575, 649, -34, 263, 141, 224, 268, 278, 
1205, 1259, 53, -1232, 575, 656, -34, 263, 146, 229, 268, 283, 
1215, 1259, 43, -1237, 585, 651, -39, 263, 146, 234, 273, 287, 
1224, 1268, 43, -1246, 590, 656, -39, 263, 146, 239, 278, 292, 
1229, 1283, 53, -1256, 588, 668, -43, 258, 136, 244, 283, 307, 
1234, 1283, 48, -1259, 592, 666, -48, 258, 141, 248, 287, 317, 
1239, 1283, 43, -1261, 597, 663, -53, 258, 146, 258, 297, 326, 
1239, 1293, 53, -1266, 592, 673, -58, 253, 146, 258, 302, 326, 
1239, 1298, 58, -1268, 590, 678, -53, 253, 146, 263, 317, 322, 
1244, 1298, 53, -1271, 595, 675, -58, 253, 156, 273, 326, 326, 
1249, 1312, 63, -1281, 592, 688, -63, 253, 156, 278, 326, 331, 
1254, 1322, 68, -1288, 592, 695, -68, 253, 156, 278, 326, 336, 
1263, 1332, 68, -1298, 597, 700, -78, 244, 170, 283, 326, 341, 
1273, 1337, 63, -1305, 605, 700, -82, 239, 170, 287, 331, 346, 
1283, 1351, 68, -1317, 607, 710, -87, 239, 170, 292, 336, 346, 
1288, 1351, 63, -1320, 612, 707, -92, 239, 170, 297, 341, 356, 
1283, 1351, 68, -1317, 607, 710, -87, 239, 161, 292, 336, 356, 
1288, 1361, 73, -1324, 607, 717, -87, 229, 161, 297, 341, 356, 
1288, 1361, 73, -1324, 607, 717, -92, 229, 161, 302, 346, 361, 
1288, 1366, 78, -1327, 605, 722, -97, 229, 165, 307, 351, 366, 
1283, 1366, 82, -1324, 600, 724, -97, 224, 165, 307, 351, 370, 
1283, 1371, 87, -1327, 597, 729, -102, 224, 165, 307, 351, 370, 
1288, 1376, 87, -1332, 600, 732, -102, 224, 170, 312, 356, 375, 
1288, 1381, 92, -1334, 597, 736, -102, 214, 170, 312, 356, 375, 
1283, 1385, 102, -1334, 590, 744, -107, 219, 170, 312, 356, 375, 
1283, 1385, 102, -1334, 590, 744, -112, 219, 170, 312, 361, 380, 
1283, 1385, 102, -1334, 590, 744, -122, 219, 170, 312, 361, 380, 
1283, 1390, 107, -1337, 588, 749, -126, 214, 170, 312, 361, 380, 
1288, 1390, 102, -1339, 592, 746, -117, 204, 170, 317, 356, 370, 
1288, 1390, 102, -1339, 592, 746, -117, 204, 170, 317, 356, 370, 
1288, 1395, 107, -1342, 590, 751, -117, 200, 170, 312, 356, 370, 
1288, 1395, 107, -1342, 590, 751, -117, 200, 170, 312, 356, 370, 
1278, 1390, 112, -1334, 583, 751, -107, 200, 170, 307, 346, 370, 
1273, 1390, 117, -1332, 578, 753, -107, 200, 170, 307, 346, 366, 
1273, 1385, 112, -1329, 580, 749, -102, 195, 165, 302, 341, 366, 
1273, 1385, 112, -1329, 580, 749, -102, 195, 165, 302, 341, 366, 
1259, 1376, 117, -1317, 570, 746, -97, 195, 180, 312, 336, 366, 
1254, 1366, 112, -1310, 570, 739, -97, 190, 180, 302, 331, 356, 
1239, 1351, 112, -1295, 563, 732, -82, 190, 185, 297, 326, 346, 
1239, 1337, 97, -1288, 570, 717, -82, 190, 185, 297, 326, 346, 
1220, 1337, 117, -1278, 551, 727, -82, 190, 180, 283, 307, 336, 
1215, 1332, 117, -1273, 549, 724, -73, 195, 180, 273, 302, 322, 
1205, 1317, 112, -1261, 546, 714, -68, 200, 180, 263, 297, 317, 
1200, 1317, 117, -1259, 541, 717, -63, 200, 180, 253, 287, 307, 
1185, 1317, 131, -1251, 527, 724, -58, 200, 170, 248, 283, 297, 
1180, 1302, 122, -1241, 529, 712, -53, 204, 170, 239, 278, 292, 
1171, 1288, 117, -1229, 527, 702, -48, 204, 170, 239, 273, 283, 
1166, 1288, 122, -1227, 522, 705, -43, 204, 165, 234, 258, 273, 
1156, 1278, 122, -1217, 517, 700, -29, 195, 165, 224, 253, 263, 
1151, 1263, 112, -1207, 519, 688, -24, 195, 165, 214, 248, 258, 
1141, 1259, 117, -1200, 512, 688, -14, 200, 156, 204, 239, 248, 
1137, 1249, 112, -1193, 512, 680, -9, 200, 156, 190, 229, 244, 
1122, 1234, 112, -1178, 505, 673, -9, 209, 151, 195, 229, 224, 
1117, 1224, 107, -1171, 505, 666, -4, 209, 146, 185, 214, 214, 
1107, 1224, 117, -1166, 495, 671, -4, 209, 141, 175, 209, 209, 
1107, 1215, 107, -1161, 500, 661, 4, 209, 141, 175, 209, 200, 
1102, 1205, 102, -1154, 500, 653, 9, 209, 146, 175, 200, 209, 
1093, 1205, 112, -1149, 490, 658, 14, 209, 141, 165, 190, 195, 
1088, 1195, 107, -1141, 490, 651, 24, 209, 136, 156, 185, 195, 
1088, 1190, 102, -1139, 492, 646, 43, 214, 136, 156, 185, 195, 
1083, 1190, 107, -1137, 488, 649, 34, 214, 141, 141, 175, 175, 
1078, 1185, 107, -1132, 485, 646, 34, 214, 136, 131, 170, 170, 
1078, 1176, 97, -1127, 490, 636, 39, 219, 136, 131, 165, 165, 
1073, 1176, 102, -1124, 485, 639, 43, 219, 131, 126, 161, 156, 
1068, 1185, 117, -1127, 475, 651, 39, 219, 126, 126, 156, 156, 
1063, 1176, 112, -1119, 475, 644, 39, 224, 122, 126, 156, 156, 
1063, 1171, 107, -1117, 478, 639, 39, 224, 117, 122, 156, 151, 
1058, 1171, 112, -1115, 473, 641, 43, 224, 107, 117, 151, 146, 
1063, 1176, 112, -1119, 475, 644, 48, 224, 117, 117, 146, 146, 
1063, 1171, 107, -1117, 478, 639, 48, 224, 117, 117, 146, 146, 
1058, 1171, 112, -1115, 473, 641, 48, 224, 107, 107, 146, 141, 
1058, 1171, 112, -1115, 473, 641, 48, 224, 107, 107, 141, 141, 
1058, 1171, 112, -1115, 473, 641, 63, 224, 107, 107, 141, 141, 
1058, 1171, 112, -1115, 473, 641, 63, 224, 107, 102, 141, 136, 
1058, 1171, 112, -1115, 473, 641, 58, 224, 107, 102, 141, 131, 
1058, 1166, 107, -1112, 475, 636, 58, 224, 112, 102, 141, 131, 
1049, 1156, 107, -1102, 470, 631, 53, 224, 112, 102, 136, 131, 
1049, 1156, 107, -1102, 470, 631, 53, 224, 102, 102, 136, 131, 
1049, 1156, 107, -1102, 470, 631, 58, 224, 102, 102, 136, 131, 
1049, 1156, 107, -1102, 470, 631, 63, 229, 102, 102, 136, 131, 
1044, 1166, 122, -1105, 461, 644, 63, 229, 102, 107, 136, 141, 
1044, 1166, 122, -1105, 461, 644, 63, 229, 102, 107, 131, 141, 
1044, 1166, 122, -1105, 461, 644, 68, 229, 107, 107, 131, 141, 
1044, 1166, 122, -1105, 461, 644, 68, 229, 107, 107, 131, 136, 
1039, 1166, 126, -1102, 456, 646, 63, 219, 117, 97, 131, 131, 
1039, 1161, 122, -1100, 458, 641, 63, 219, 117, 97, 131, 131, 
1039, 1161, 122, -1100, 458, 641, 63, 219, 117, 97, 131, 131, 
1044, 1166, 122, -1105, 461, 644, 63, 219, 112, 97, 126, 131, 
1044, 1166, 122, -1105, 461, 644, 63, 224, 112, 97, 117, 131, 
1044, 1166, 122, -1105, 461, 644, 63, 224, 112, 97, 122, 131, 
1044, 1166, 122, -1105, 461, 644, 63, 224, 112, 97, 122, 131, 
1044, 1166, 122, -1105, 461, 644, 63, 224, 112, 97, 122, 131, 
1034, 1161, 126, -1098, 453, 644, 68, 234, 112, 107, 122, 126, 
1034, 1161, 126, -1098, 453, 644, 68, 234, 112, 107, 122, 126, 
1034, 1166, 131, -1100, 451, 649, 68, 234, 112, 102, 122, 126, 
1034, 1166, 131, -1100, 451, 649, 68, 234, 117, 102, 122, 126, 
1044, 1166, 122, -1105, 461, 644, 68, 224, 126, 92, 122, 126, 
1044, 1166, 122, -1105, 461, 644, 68, 224, 126, 92, 122, 126, 
1044, 1161, 117, -1102, 463, 639, 68, 229, 126, 92, 122, 126, 
1044, 1161, 117, -1102, 463, 639, 63, 229, 126, 92, 126, 126, 
1044, 1166, 122, -1105, 461, 644, 63, 239, 117, 92, 126, 126, 
1044, 1166, 122, -1105, 461, 644, 68, 239, 117, 97, 126, 126, 
1044, 1166, 122, -1105, 461, 644, 73, 239, 117, 97, 126, 131, 
1044, 1166, 122, -1105, 461, 644, 73, 239, 117, 92, 126, 131, 
1049, 1176, 126, -1112, 461, 651, 73, 229, 126, 92, 126, 131, 
1049, 1176, 126, -1112, 461, 651, 73, 229, 126, 97, 126, 131, 
1049, 1176, 126, -1112, 461, 651, 73, 234, 131, 97, 126, 131, 
1054, 1176, 122, -1115, 466, 649, 68, 234, 131, 97, 126, 131, 
1044, 1176, 131, -1110, 456, 653, 78, 234, 131, 97, 126, 131, 
1044, 1176, 131, -1110, 456, 653, 78, 234, 131, 97, 126, 131, 
1044, 1180, 136, -1112, 453, 658, 78, 234, 126, 97, 126, 131, 
1044, 1185, 141, -1115, 451, 663, 78, 234, 126, 97, 126, 131, 
1044, 1176, 131, -1110, 456, 653, 78, 244, 131, 102, 126, 131, 
1044, 1180, 136, -1112, 453, 658, 73, 244, 131, 102, 126, 131, 
1044, 1190, 146, -1117, 448, 668, 68, 239, 131, 102, 126, 131, 
1049, 1180, 131, -1115, 458, 656, 58, 239, 131, 102, 126, 131, 
1054, 1190, 136, -1122, 458, 663, 68, 234, 136, 102, 141, 131, 
1054, 1195, 141, -1124, 456, 668, 68, 234, 136, 102, 141, 131, 
1054, 1195, 141, -1124, 456, 668, 68, 234, 136, 107, 141, 131, 
1058, 1195, 136, -1127, 461, 666, 68, 234, 141, 112, 141, 136, 
1068, 1195, 126, -1132, 470, 661, 68, 234, 141, 112, 131, 136, 
1068, 1195, 126, -1132, 470, 661, 68, 239, 141, 112, 131, 136, 
1068, 1195, 126, -1132, 470, 661, 68, 239, 141, 112, 136, 141, 
1068, 1200, 131, -1134, 468, 666, 68, 239, 141, 107, 136, 141, 
1063, 1215, 151, -1139, 456, 683, 58, 239, 141, 107, 136, 141, 
1068, 1205, 136, -1137, 466, 671, 58, 239, 141, 112, 136, 141, 
1068, 1205, 136, -1137, 466, 671, 58, 239, 141, 112, 136, 141, 
1073, 1205, 131, -1139, 470, 668, 58, 239, 141, 112, 136, 141, 
1073, 1205, 131, -1139, 470, 668, 68, 239, 151, 112, 141, 151, 
1073, 1205, 131, -1139, 470, 668, 68, 239, 151, 117, 141, 151, 
1078, 1210, 131, -1144, 473, 671, 68, 239, 146, 117, 141, 151, 
1078, 1210, 131, -1144, 473, 671, 68, 239, 146, 117, 141, 151, 
1088, 1205, 117, -1146, 485, 661, 63, 239, 146, 107, 141, 156, 
1088, 1205, 117, -1146, 485, 661, 58, 234, 146, 107, 141, 156, 
1088, 1215, 126, -1151, 480, 671, 53, 234, 141, 107, 141, 156, 
1093, 1215, 122, -1154, 485, 668, 43, 239, 141, 112, 146, 156, 
1098, 1215, 117, -1156, 490, 666, 43, 229, 141, 122, 146, 161, 
1098, 1215, 117, -1156, 490, 666, 43, 224, 141, 117, 146, 161, 
1102, 1215, 112, -1159, 495, 663, 43, 224, 141, 117, 146, 161, 
1102, 1210, 107, -1156, 497, 658, 43, 224, 141, 117, 146, 161, 
1102, 1220, 117, -1161, 492, 668, 53, 234, 141, 107, 146, 156, 
1098, 1220, 122, -1159, 488, 671, 53, 234, 141, 107, 146, 156, 
1098, 1220, 122, -1159, 488, 671, 58, 234, 141, 107, 146, 161, 
1102, 1224, 122, -1163, 490, 673, 58, 234, 141, 107, 146, 161, 
1112, 1220, 107, -1166, 502, 663, 48, 234, 141, 117, 141, 156, 
1112, 1220, 107, -1166, 502, 663, 48, 234, 141, 117, 141, 156, 
1112, 1220, 107, -1166, 502, 663, 48, 234, 141, 117, 146, 156, 
1112, 1220, 107, -1166, 502, 663, 48, 234, 141, 117, 146, 156, 
1112, 1210, 97, -1161, 507, 653, 48, 224, 141, 107, 136, 146, 
1112, 1210, 97, -1161, 507, 653, 48, 224, 141, 112, 136, 151, 
1112, 1210, 97, -1161, 507, 653, 48, 224, 141, 112, 136, 151, 
1112, 1210, 97, -1161, 507, 653, 48, 224, 141, 112, 136, 151, 
1107, 1215, 107, -1161, 500, 661, 48, 224, 141, 112, 136, 151, 
1107, 1215, 107, -1161, 500, 661, 48, 224, 141, 112, 136, 151, 
1107, 1220, 112, -1163, 497, 666, 48, 224, 141, 112, 136, 146, 
1107, 1220, 112, -1163, 497, 666, 43, 224, 141, 112, 136, 146, 
1107, 1220, 112, -1163, 497, 666, 43, 224, 141, 112, 136, 146, 
1107, 1220, 112, -1163, 497, 666, 43, 224, 141, 112, 136, 146, 
1107, 1220, 112, -1163, 497, 666, 48, 224, 141, 112, 136, 146, 
1107, 1220, 112, -1163, 497, 666, 48, 224, 141, 112, 136, 146, 
1107, 1220, 112, -1163, 497, 666, 48, 224, 141, 102, 136, 146, 
1112, 1220, 107, -1166, 502, 663, 48, 224, 141, 102, 136, 146, 
1112, 1215, 102, -1163, 505, 658, 48, 224, 141, 102, 136, 146, 
1112, 1215, 102, -1163, 505, 658, 48, 224, 136, 102, 136, 146, 
1102, 1220, 117, -1161, 492, 668, 48, 224, 136, 102, 126, 146, 
1102, 1220, 117, -1161, 492, 668, 48, 224, 136, 102, 126, 146, 
1102, 1220, 117, -1161, 492, 668, 48, 224, 131, 102, 122, 146, 
1102, 1220, 117, -1161, 492, 668, 48, 224, 131, 97, 122, 146, 
1102, 1210, 107, -1156, 497, 658, 58, 224, 131, 107, 131, 136, 
1102, 1210, 107, -1156, 497, 658, 58, 224, 131, 112, 131, 131, 
1102, 1210, 107, -1156, 497, 658, 58, 224, 136, 112, 131, 131, 
1102, 1205, 102, -1154, 500, 653, 58, 219, 136, 107, 131, 136, 
1102, 1205, 102, -1154, 500, 653, 53, 219, 136, 97, 126, 146, 
1102, 1205, 102, -1154, 500, 653, 53, 219, 136, 97, 126, 146, 
1102, 1210, 107, -1156, 497, 658, 53, 219, 131, 97, 122, 146, 
1102, 1210, 107, -1156, 497, 658, 53, 219, 131, 97, 122, 146, 
1102, 1210, 107, -1156, 497, 658, 48, 219, 141, 107, 122, 146, 
1102, 1210, 107, -1156, 497, 658, 48, 219, 141, 107, 117, 146, 
1102, 1210, 107, -1156, 497, 658, 48, 219, 141, 102, 117, 146, 
1102, 1210, 107, -1156, 497, 658, 48, 219, 141, 102, 117, 146, 
1107, 1220, 112, -1163, 497, 666, 48, 219, 146, 102, 117, 146, 
1107, 1220, 112, -1163, 497, 666, 48, 219, 146, 102, 117, 146, 
1107, 1220, 112, -1163, 497, 666, 48, 219, 151, 102, 122, 146, 
1107, 1220, 112, -1163, 497, 666, 48, 219, 151, 102, 122, 146, 
1098, 1210, 112, -1154, 492, 661, 58, 219, 141, 102, 122, 146, 
1102, 1210, 107, -1156, 497, 658, 58, 219, 141, 102, 122, 146, 
1102, 1210, 107, -1156, 497, 658, 58, 219, 141, 102, 117, 146, 
1102, 1220, 117, -1161, 492, 668, 58, 219, 136, 102, 117, 146, 
1112, 1220, 107, -1166, 502, 663, 58, 219, 136, 92, 126, 146, 
1117, 1220, 102, -1168, 507, 661, 58, 219, 141, 92, 126, 146, 
1117, 1220, 102, -1168, 507, 661, 58, 219, 141, 92, 126, 146, 
1117, 1220, 102, -1168, 507, 661, 58, 219, 141, 92, 126, 141, 
1107, 1229, 122, -1168, 492, 675, 58, 219, 141, 92, 117, 141, 
1107, 1224, 117, -1166, 495, 671, 58, 219, 141, 92, 117, 141, 
1107, 1220, 112, -1163, 497, 666, 58, 219, 136, 92, 117, 141, 
1107, 1215, 107, -1161, 500, 661, 58, 219, 136, 92, 117, 141, 
1107, 1224, 117, -1166, 495, 671, 48, 219, 146, 92, 131, 141, 
1107, 1224, 117, -1166, 495, 671, 53, 219, 146, 92, 131, 141, 
1107, 1224, 117, -1166, 495, 671, 53, 219, 151, 92, 131, 146, 
1107, 1224, 117, -1166, 495, 671, 53, 219, 151, 92, 131, 146, 
1112, 1215, 102, -1163, 505, 658, 48, 209, 141, 87, 126, 136, 
1112, 1220, 107, -1166, 502, 663, 48, 209, 141, 87, 126, 136, 
1112, 1220, 107, -1166, 502, 663, 48, 209, 141, 87, 126, 136, 
1112, 1220, 107, -1166, 502, 663, 43, 209, 141, 87, 126, 136, 
1112, 1224, 112, -1168, 500, 668, 53, 219, 141, 87, 117, 146, 
1112, 1224, 112, -1168, 500, 668, 53, 219, 141, 92, 117, 146, 
1112, 1224, 112, -1168, 500, 668, 53, 219, 141, 92, 117, 146, 
1112, 1224, 112, -1168, 500, 668, 53, 219, 141, 92, 117, 146, 
1112, 1234, 122, -1173, 495, 678, 58, 214, 141, 92, 122, 136, 
1112, 1234, 122, -1173, 495, 678, 58, 214, 141, 92, 122, 136, 
1117, 1234, 117, -1176, 500, 675, 53, 209, 141, 92, 122, 136, 
1117, 1234, 117, -1176, 500, 675, 53, 209, 141, 92, 122, 136, 
1127, 1234, 107, -1180, 509, 671, 53, 214, 151, 82, 112, 136, 
1127, 1234, 107, -1180, 509, 671, 53, 214, 151, 82, 112, 136, 
1127, 1234, 107, -1180, 509, 671, 53, 214, 151, 82, 112, 136, 
1127, 1234, 107, -1180, 509, 671, 53, 214, 151, 82, 112, 136, 
1117, 1234, 117, -1176, 500, 675, 58, 224, 151, 102, 122, 136, 
1107, 1234, 126, -1171, 490, 680, 58, 224, 151, 92, 117, 136, 
1107, 1239, 131, -1173, 488, 685, 58, 214, 151, 92, 117, 136, 
1117, 1229, 112, -1173, 502, 671, 58, 214, 151, 102, 126, 146, 
1122, 1229, 107, -1176, 507, 668, 58, 214, 146, 97, 126, 146, 
1122, 1229, 107, -1176, 507, 668, 58, 214, 146, 87, 126, 136, 
1122, 1229, 107, -1176, 507, 668, 58, 214, 146, 87, 126, 136, 
1122, 1229, 107, -1176, 507, 668, 58, 214, 146, 87, 126, 136, 
1122, 1229, 107, -1176, 507, 668, 58, 214, 146, 87, 126, 136, 
1132, 1239, 107, -1185, 512, 673, 58, 224, 146, 87, 117, 136, 
1132, 1239, 107, -1185, 512, 673, 58, 224, 146, 87, 117, 136, 
1132, 1244, 112, -1188, 509, 678, 58, 224, 146, 87, 117, 136, 
1132, 1244, 112, -1188, 509, 678, 58, 224, 146, 87, 117, 136, 
1122, 1234, 112, -1178, 505, 673, 48, 219, 156, 97, 122, 136, 
1132, 1244, 112, -1188, 509, 678, 43, 214, 156, 97, 126, 141, 
1132, 1263, 131, -1198, 500, 697, 39, 209, 156, 107, 126, 146, 
1132, 1268, 136, -1200, 497, 702, 34, 204, 165, 107, 131, 156, 
1137, 1263, 126, -1200, 505, 695, 29, 200, 170, 107, 136, 156, 
1137, 1273, 136, -1205, 500, 705, 29, 195, 175, 112, 136, 156, 
1137, 1273, 136, -1205, 500, 705, 29, 195, 180, 117, 136, 161, 
1141, 1273, 131, -1207, 505, 702, 29, 200, 185, 117, 146, 161, 
1132, 1288, 156, -1210, 488, 722, 24, 209, 185, 122, 146, 161, 
1132, 1293, 161, -1212, 485, 727, 24, 209, 190, 122, 146, 165, 
1132, 1293, 161, -1212, 485, 727, 14, 209, 190, 126, 151, 165, 
1127, 1293, 165, -1210, 480, 729, 9, 195, 190, 126, 151, 165, 
1127, 1307, 180, -1217, 473, 744, 4, 190, 195, 117, 141, 165, 
1132, 1307, 175, -1220, 478, 741, 4, 185, 200, 122, 141, 170, 
1132, 1312, 180, -1222, 475, 746, 0, 170, 204, 122, 141, 170, 
1132, 1317, 185, -1224, 473, 751, -4, 161, 204, 122, 146, 170, 
1141, 1317, 175, -1229, 483, 746, 0, 161, 204, 131, 146, 175, 
1146, 1322, 175, -1234, 485, 749, -4, 156, 209, 136, 151, 175, 
1146, 1327, 180, -1237, 483, 753, -14, 151, 209, 136, 151, 175, 
1146, 1327, 180, -1237, 483, 753, -14, 151, 209, 141, 151, 175, 
1146, 1322, 175, -1234, 485, 749, -14, 156, 214, 136, 156, 170, 
1146, 1327, 180, -1237, 483, 753, -19, 151, 214, 141, 165, 175, 
1146, 1342, 195, -1244, 475, 768, -39, 146, 214, 146, 165, 180, 
1151, 1342, 190, -1246, 480, 766, -48, 146, 224, 151, 175, 185, 
1151, 1366, 214, -1259, 468, 790, -63, 136, 224, 156, 170, 204, 
1156, 1371, 214, -1263, 470, 793, -68, 122, 219, 156, 170, 204, 
1166, 1371, 204, -1268, 480, 788, -73, 117, 214, 156, 175, 209, 
1185, 1371, 185, -1278, 500, 778, -78, 112, 214, 161, 175, 214, 
1205, 1395, 190, -1300, 507, 793, -82, 112, 214, 170, 185, 219, 
1215, 1395, 180, -1305, 517, 788, -82, 112, 204, 170, 195, 219, 
1224, 1385, 161, -1305, 531, 773, -78, 122, 200, 170, 195, 219, 
1224, 1385, 161, -1305, 531, 773, -73, 122, 185, 165, 190, 209, 
1220, 1385, 165, -1302, 527, 775, -73, 131, 180, 161, 185, 204, 
1220, 1366, 146, -1293, 536, 756, -58, 141, 170, 156, 180, 204, 
1215, 1356, 141, -1285, 536, 749, -48, 146, 170, 151, 180, 200, 
1210, 1351, 141, -1281, 534, 746, -43, 151, 161, 146, 170, 190, 
1205, 1322, 117, -1263, 544, 719, -19, 156, 151, 136, 156, 185, 
1200, 1312, 112, -1256, 544, 712, -14, 156, 151, 126, 151, 180, 
1190, 1312, 122, -1251, 534, 717, -9, 156, 151, 122, 151, 180, 
1185, 1312, 126, -1249, 529, 719, -4, 156, 156, 117, 146, 180, 
1185, 1302, 117, -1244, 534, 710, -4, 165, 156, 126, 146, 180, 
1171, 1302, 131, -1237, 519, 717, 0, 170, 156, 122, 141, 170, 
1161, 1293, 131, -1227, 514, 712, 9, 175, 141, 112, 136, 161, 
1156, 1278, 122, -1217, 517, 700, 24, 180, 151, 112, 131, 161, 
1141, 1273, 131, -1207, 505, 702, 39, 190, 151, 102, 131, 151, 
1137, 1278, 141, -1207, 497, 710, 43, 190, 151, 102, 126, 151, 
1137, 1273, 136, -1205, 500, 705, 43, 200, 151, 102, 126, 151, 
1137, 1268, 131, -1202, 502, 700, 53, 204, 151, 97, 122, 146, 
1137, 1259, 122, -1198, 507, 690, 53, 204, 146, 78, 107, 141, 
1137, 1254, 117, -1195, 509, 685, 53, 204, 136, 73, 102, 126, 
1137, 1254, 117, -1195, 509, 685, 58, 204, 131, 73, 102, 126, 
1127, 1254, 126, -1190, 500, 690, 58, 204, 131, 68, 97, 126, 
1127, 1244, 117, -1185, 505, 680, 68, 204, 136, 73, 102, 122, 
1127, 1229, 102, -1178, 512, 666, 78, 204, 136, 73, 102, 117, 
1127, 1220, 92, -1173, 517, 656, 78, 204, 136, 73, 97, 117, 
1127, 1215, 87, -1171, 519, 651, 78, 209, 136, 73, 97, 117, 
1127, 1210, 82, -1168, 522, 646, 78, 209, 126, 73, 97, 126, 
1127, 1210, 82, -1168, 522, 646, 82, 209, 126, 68, 97, 126, 
1122, 1215, 92, -1168, 514, 653, 82, 209, 126, 68, 97, 126, 
1122, 1215, 92, -1168, 514, 653, 87, 214, 126, 63, 92, 126, 
1122, 1210, 87, -1166, 517, 649, 78, 219, 126, 63, 92, 131, 
1122, 1220, 97, -1171, 512, 658, 78, 219, 122, 63, 92, 131, 
1117, 1220, 102, -1168, 507, 661, 78, 219, 122, 63, 92, 122, 
1117, 1220, 102, -1168, 507, 661, 82, 219, 126, 68, 97, 122, 
1117, 1220, 102, -1168, 507, 661, 92, 219, 126, 68, 87, 112, 
1117, 1220, 102, -1168, 507, 661, 92, 219, 126, 68, 87, 112, 
1122, 1215, 92, -1168, 514, 653, 97, 219, 126, 68, 87, 112, 
1122, 1215, 92, -1168, 514, 653, 97, 224, 126, 68, 87, 112, 
1122, 1215, 92, -1168, 514, 653, 87, 224, 126, 68, 82, 122, 
1122, 1215, 92, -1168, 514, 653, 87, 224, 126, 68, 82, 122, 
1122, 1215, 92, -1168, 514, 653, 87, 224, 126, 68, 82, 122, 
1122, 1220, 97, -1171, 512, 658, 87, 224, 126, 68, 82, 117, 
1122, 1220, 97, -1171, 512, 658, 78, 224, 131, 68, 82, 107, 
1122, 1215, 92, -1168, 514, 653, 82, 224, 131, 68, 82, 112, 
1122, 1215, 92, -1168, 514, 653, 82, 224, 131, 68, 82, 112, 
1122, 1215, 92, -1168, 514, 653, 82, 224, 131, 68, 82, 112, 
1122, 1215, 92, -1168, 514, 653, 92, 224, 141, 68, 92, 122, 
1122, 1215, 92, -1168, 514, 653, 92, 224, 141, 68, 92, 122, 
1127, 1220, 92, -1173, 517, 656, 87, 224, 136, 63, 92, 122, 
1127, 1220, 92, -1173, 517, 656, 87, 224, 136, 63, 92, 122, 
1117, 1210, 92, -1163, 512, 651, 92, 234, 131, 68, 92, 131, 
1117, 1210, 92, -1163, 512, 651, 92, 234, 131, 68, 92, 131, 
1117, 1210, 92, -1163, 512, 651, 92, 234, 131, 68, 92, 131, 
1117, 1210, 92, -1163, 512, 651, 92, 234, 131, 68, 92, 136, 
1122, 1220, 97, -1171, 512, 658, 92, 224, 136, 68, 87, 126, 
1132, 1234, 102, -1183, 514, 668, 87, 224, 146, 68, 87, 126, 
1137, 1239, 102, -1188, 517, 671, 97, 253, 165, 82, 92, 131, 
1141, 1249, 107, -1195, 517, 678, 112, 273, 204, 107, 117, 141, 
1141, 1288, 146, -1215, 497, 717, 102, 273, 263, 146, 141, 161, 
1161, 1342, 180, -1251, 490, 761, 78, 263, 317, 214, 190, 209, 
1185, 1371, 185, -1278, 500, 778, 58, 268, 366, 268, 253, 263, 
1239, 1395, 156, -1317, 541, 775, 34, 278, 385, 307, 292, 307, 
1322, 1410, 87, -1366, 617, 749, 9, 287, 385, 331, 317, 331, 
1439, 1424, -14, -1432, 727, 705, -19, 302, 390, 366, 356, 390, 
1556, 1454, -102, -1505, 829, 675, -53, 312, 414, 405, 390, 468, 
1673, 1503, -170, -1588, 922, 666, -107, 322, 434, 453, 439, 531, 
1786, 1542, -244, -1664, 1015, 649, -156, 322, 448, 502, 492, 605, 
1893, 1590, -302, -1742, 1098, 644, -214, 258, 409, 536, 546, 688, 
1956, 1639, -317, -1798, 1137, 661, -287, 151, 331, 561, 585, 741, 
1986, 1678, -307, -1832, 1146, 685, -341, 58, 283, 575, 634, 795, 
1991, 1712, -278, -1851, 1134, 717, -375, -24, 263, 585, 673, 854, 
1966, 1742, -224, -1854, 1095, 758, -395, -107, 219, 580, 673, 863, 
1873, 1727, -146, -1800, 1010, 790, -375, -165, 170, 527, 644, 824, 
1712, 1673, -39, -1693, 875, 817, -326, -195, 161, 463, 570, 722, 
1522, 1625, 102, -1573, 710, 863, -239, -175, 165, 375, 458, 595, 
1356, 1586, 229, -1471, 563, 907, -165, -126, 175, 278, 346, 453, 
1171, 1527, 356, -1349, 407, 941, -82, -78, 180, 204, 253, 322, 
976, 1444, 468, -1210, 253, 956, 39, 4, 151, 107, 136, 190, 
814, 1346, 531, -1080, 141, 939, 141, 82, 87, -9, 29, 68, 
717, 1283, 566, -1000, 75, 924, 214, 131, 39, -78, -24, 0, 
653, 1224, 570, -939, 41, 897, 273, 170, 19, -107, -53, -48, 
624, 1151, 527, -888, 48, 839, 312, 209, -63, -185, -122, -97, 
634, 1083, 448, -858, 92, 766, 351, 224, -165, -258, -180, -146, 
644, 1044, 400, -844, 122, 722, 385, 224, -229, -283, -185, -151, 
644, 1024, 380, -834, 131, 702, 405, 224, -244, -287, -195, -161, 
644, 1019, 375, -832, 134, 697, 405, 214, -268, -312, -214, -180, 
663, 1019, 356, -841, 153, 688, 385, 214, -287, -312, -224, -185, 
712, 1029, 317, -871, 197, 673, 351, 219, -278, -287, -200, -156, 
771, 1078, 307, -924, 231, 692, 307, 229, -239, -258, -170, -126, 
829, 1112, 283, -971, 273, 697, 273, 239, -180, -209, -131, -97, 
893, 1137, 244, -1015, 324, 690, 244, 253, -117, -151, -87, -58, 
956, 1176, 219, -1066, 368, 697, 200, 258, -78, -97, -39, -14, 
1010, 1220, 209, -1115, 400, 714, 156, 283, -39, -63, 0, 19, 
1068, 1244, 175, -1156, 446, 710, 141, 346, 0, -24, 29, 58, 
1107, 1263, 156, -1185, 475, 710, 126, 380, 14, 9, 43, 82, 
1122, 1273, 151, -1198, 485, 712, 122, 390, 39, 29, 63, 92, 
1137, 1283, 146, -1210, 495, 714, 122, 375, 78, 39, 73, 117, 
1137, 1288, 151, -1212, 492, 719, 112, 346, 102, 58, 82, 126, 
1146, 1288, 141, -1217, 502, 714, 112, 312, 117, 58, 82, 122, 
1146, 1278, 131, -1212, 507, 705, 117, 307, 136, 63, 82, 122, 
1161, 1268, 107, -1215, 527, 688, 131, 302, 156, 63, 92, 126, 
1166, 1268, 102, -1217, 531, 685, 122, 292, 165, 73, 102, 122, 
1185, 1288, 102, -1237, 541, 695, 112, 287, 165, 82, 102, 126, 
1195, 1288, 92, -1241, 551, 690, 97, 287, 175, 87, 117, 141, 
1195, 1298, 102, -1246, 546, 700, 92, 278, 175, 97, 131, 161, 
1185, 1302, 117, -1244, 534, 710, 87, 278, 165, 97, 122, 151, 
1185, 1302, 117, -1244, 534, 710, 87, 278, 165, 97, 117, 151, 
1190, 1293, 102, -1241, 544, 697, 87, 278, 170, 102, 117, 151, 
1195, 1293, 97, -1244, 549, 695, 92, 278, 175, 102, 112, 151, 
1185, 1298, 112, -1241, 536, 705, 92, 273, 180, 102, 112, 151, 
1190, 1288, 97, -1239, 546, 692, 92, 273, 185, 102, 117, 151, 
1190, 1298, 107, -1244, 541, 702, 87, 273, 185, 102, 117, 151, 
1190, 1302, 112, -1246, 539, 707, 78, 268, 185, 102, 117, 156, 
1205, 1293, 87, -1249, 558, 690, 82, 278, 190, 107, 122, 161, 
1210, 1302, 92, -1256, 558, 697, 78, 268, 190, 107, 126, 161, 
1210, 1307, 97, -1259, 556, 702, 78, 268, 190, 112, 126, 161, 
1215, 1307, 92, -1261, 561, 700, 87, 273, 190, 112, 126, 161, 
1210, 1317, 107, -1263, 551, 712, 78, 273, 195, 112, 126, 161, 
1210, 1317, 107, -1263, 551, 712, 73, 273, 195, 112, 126, 161, 
1210, 1312, 102, -1261, 553, 707, 73, 278, 195, 112, 131, 165, 
1215, 1312, 97, -1263, 558, 705, 78, 278, 195, 117, 131, 170, 
1224, 1302, 78, -1263, 573, 690, 78, 283, 204, 117, 131, 180, 
1224, 1307, 82, -1266, 570, 695, 73, 283, 209, 117, 136, 180, 
1229, 1307, 78, -1268, 575, 692, 73, 283, 209, 117, 136, 180, 
1229, 1317, 87, -1273, 570, 702, 68, 283, 209, 117, 136, 175, 
1234, 1327, 92, -1281, 570, 710, 78, 273, 209, 117, 136, 165, 
1234, 1327, 92, -1281, 570, 710, 78, 278, 209, 117, 136, 170, 
1234, 1327, 92, -1281, 570, 710, 82, 278, 209, 117, 136, 180, 
1239, 1327, 87, -1283, 575, 707, 82, 278, 209, 117, 136, 180, 
1239, 1332, 92, -1285, 573, 712, 73, 268, 200, 122, 136, 180, 
1239, 1332, 92, -1285, 573, 712, 68, 268, 204, 122, 136, 180, 
1244, 1332, 87, -1288, 578, 710, 68, 268, 204, 122, 136, 175, 
1244, 1337, 92, -1290, 575, 714, 63, 268, 209, 122, 136, 175, 
1244, 1337, 92, -1290, 575, 714, 58, 268, 209, 122, 141, 180, 
1249, 1337, 87, -1293, 580, 712, 53, 268, 209, 126, 146, 180, 
1249, 1342, 92, -1295, 578, 717, 53, 268, 209, 126, 146, 180, 
1249, 1342, 92, -1295, 578, 717, 53, 268, 209, 131, 146, 180, 
1254, 1332, 78, -1293, 588, 705, 63, 278, 219, 131, 146, 180, 
1254, 1337, 82, -1295, 585, 710, 58, 278, 219, 131, 146, 180, 
1254, 1337, 82, -1295, 585, 710, 58, 278, 219, 131, 151, 180, 
1259, 1337, 78, -1298, 590, 707, 63, 278, 219, 141, 151, 185, 
1249, 1346, 97, -1298, 575, 722, 63, 278, 219, 141, 151, 185, 
1259, 1346, 87, -1302, 585, 717, 63, 278, 219, 141, 151, 185, 
1259, 1346, 87, -1302, 585, 717, 63, 278, 229, 141, 151, 195, 
1259, 1346, 87, -1302, 585, 717, 58, 278, 229, 141, 151, 195, 
1268, 1361, 92, -1315, 588, 727, 58, 287, 219, 141, 151, 185, 
1268, 1351, 82, -1310, 592, 717, 63, 287, 224, 141, 161, 190, 
1268, 1351, 82, -1310, 592, 717, 63, 287, 224, 141, 161, 190, 
1278, 1361, 82, -1320, 597, 722, 58, 287, 219, 141, 156, 185, 
1278, 1371, 92, -1324, 592, 732, 48, 278, 229, 141, 156, 195, 
1278, 1371, 92, -1324, 592, 732, 48, 278, 234, 146, 165, 200, 
1278, 1376, 97, -1327, 590, 736, 43, 278, 234, 151, 165, 200, 
1283, 1376, 92, -1329, 595, 734, 43, 278, 234, 151, 165, 200, 
1283, 1366, 82, -1324, 600, 724, 53, 283, 239, 161, 165, 214, 
1288, 1371, 82, -1329, 602, 727, 48, 283, 239, 161, 165, 214, 
1288, 1376, 87, -1332, 600, 732, 43, 283, 239, 161, 165, 214, 
1293, 1376, 82, -1334, 605, 729, 43, 283, 239, 165, 170, 219, 
1302, 1381, 78, -1342, 612, 729, 43, 283, 248, 165, 165, 224, 
1307, 1390, 82, -1349, 612, 736, 39, 283, 248, 161, 165, 224, 
1312, 1390, 78, -1351, 617, 734, 39, 283, 248, 161, 165, 224, 
1312, 1390, 78, -1351, 617, 734, 39, 283, 253, 170, 170, 229, 
1312, 1410, 97, -1361, 607, 753, 34, 283, 244, 170, 180, 224, 
1312, 1410, 97, -1361, 607, 753, 34, 283, 244, 170, 185, 229, 
1322, 1415, 92, -1368, 614, 753, 29, 283, 248, 185, 185, 234, 
1327, 1420, 92, -1373, 617, 756, 29, 283, 248, 185, 190, 234, 
1342, 1424, 82, -1383, 629, 753, 29, 283, 263, 185, 190, 224, 
1342, 1424, 82, -1383, 629, 753, 29, 287, 268, 190, 200, 229, 
1346, 1424, 78, -1385, 634, 751, 19, 287, 273, 190, 200, 234, 
1351, 1434, 82, -1393, 634, 758, 19, 283, 273, 190, 200, 234, 
1342, 1434, 92, -1388, 624, 763, 19, 283, 273, 195, 195, 248, 
1346, 1439, 92, -1393, 627, 766, 19, 283, 278, 195, 200, 253, 
1351, 1444, 92, -1398, 629, 768, 14, 283, 278, 195, 200, 253, 
1356, 1449, 92, -1403, 631, 771, 14, 283, 278, 200, 200, 253, 
1361, 1454, 92, -1407, 634, 773, 14, 292, 273, 209, 209, 263, 
1366, 1454, 87, -1410, 639, 771, 9, 292, 273, 214, 214, 268, 
1371, 1459, 87, -1415, 641, 773, 0, 292, 273, 219, 219, 273, 
1376, 1464, 87, -1420, 644, 775, -4, 292, 278, 224, 224, 278, 
1385, 1478, 92, -1432, 646, 785, -4, 292, 292, 229, 229, 287, 
1395, 1493, 97, -1444, 649, 795, -9, 292, 292, 229, 234, 292, 
1395, 1493, 97, -1444, 649, 795, -14, 292, 292, 234, 234, 297, 
1405, 1493, 87, -1449, 658, 790, -19, 292, 297, 239, 248, 307, 
1395, 1493, 97, -1444, 649, 795, -24, 292, 297, 244, 258, 307, 
1400, 1503, 102, -1451, 649, 802, -24, 292, 302, 248, 258, 312, 
1410, 1503, 92, -1456, 658, 797, -29, 292, 302, 253, 263, 317, 
1420, 1512, 92, -1466, 663, 802, -29, 292, 302, 258, 268, 322, 
1434, 1537, 102, -1485, 666, 819, -34, 278, 302, 253, 263, 317, 
1439, 1537, 97, -1488, 671, 817, -39, 278, 307, 258, 268, 326, 
1444, 1537, 92, -1490, 675, 814, -43, 278, 312, 268, 278, 336, 
1444, 1546, 102, -1495, 671, 824, -48, 273, 312, 268, 283, 336, 
1454, 1551, 97, -1503, 678, 824, -53, 273, 312, 273, 287, 351, 
1459, 1551, 92, -1505, 683, 822, -58, 273, 322, 283, 297, 356, 
1464, 1566, 102, -1515, 680, 834, -63, 273, 322, 287, 297, 361, 
1468, 1576, 107, -1522, 680, 841, -68, 273, 322, 287, 297, 366, 
1473, 1566, 92, -1520, 690, 829, -78, 273, 326, 292, 317, 370, 
1478, 1571, 92, -1525, 692, 832, -82, 268, 326, 297, 322, 375, 
1483, 1586, 102, -1534, 690, 844, -87, 268, 326, 302, 326, 375, 
1483, 1586, 102, -1534, 690, 844, -92, 268, 326, 307, 331, 385, 
1488, 1595, 107, -1542, 690, 851, -87, 258, 326, 312, 336, 395, 
1493, 1605, 112, -1549, 690, 858, -87, 248, 326, 317, 341, 395, 
1493, 1605, 112, -1549, 690, 858, -92, 248, 326, 322, 346, 400, 
1493, 1610, 117, -1551, 688, 863, -97, 248, 331, 326, 351, 405, 
1498, 1610, 112, -1554, 692, 861, -97, 253, 341, 336, 351, 409, 
1498, 1615, 117, -1556, 690, 866, -102, 253, 341, 336, 351, 409, 
1503, 1620, 117, -1561, 692, 868, -102, 253, 346, 341, 356, 414, 
1503, 1625, 122, -1564, 690, 873, -102, 244, 346, 341, 356, 414, 
1498, 1629, 131, -1564, 683, 880, -112, 239, 336, 341, 356, 414, 
1498, 1629, 131, -1564, 683, 880, -112, 239, 336, 341, 361, 419, 
1498, 1629, 131, -1564, 683, 880, -117, 239, 336, 341, 361, 419, 
1498, 1634, 136, -1566, 680, 885, -117, 234, 336, 341, 361, 419, 
1493, 1634, 141, -1564, 675, 888, -117, 234, 346, 346, 366, 419, 
1493, 1634, 141, -1564, 675, 888, -117, 234, 346, 346, 366, 419, 
1493, 1639, 146, -1566, 673, 893, -117, 229, 346, 341, 366, 419, 
1493, 1639, 146, -1566, 673, 893, -117, 229, 346, 341, 366, 419, 
1493, 1634, 141, -1564, 675, 888, -107, 229, 346, 346, 366, 419, 
1488, 1634, 146, -1561, 671, 890, -107, 229, 346, 346, 366, 414, 
1488, 1629, 141, -1559, 673, 885, -102, 224, 341, 341, 361, 414, 
1488, 1629, 141, -1559, 673, 885, -102, 224, 341, 341, 361, 414, 
1473, 1634, 161, -1554, 656, 897, -97, 224, 336, 341, 356, 414, 
1468, 1629, 161, -1549, 653, 895, -97, 219, 336, 331, 351, 405, 
1454, 1620, 165, -1537, 644, 893, -82, 219, 341, 326, 346, 395, 
1454, 1610, 156, -1532, 649, 883, -82, 219, 341, 326, 346, 395, 
1444, 1610, 165, -1527, 639, 888, -82, 214, 336, 317, 336, 395, 
1439, 1605, 165, -1522, 636, 885, -73, 214, 336, 312, 331, 380, 
1429, 1590, 161, -1510, 634, 875, -68, 214, 336, 307, 326, 375, 
1424, 1590, 165, -1507, 629, 878, -63, 209, 336, 302, 317, 366, 
1420, 1581, 161, -1500, 629, 871, -68, 200, 336, 292, 302, 356, 
1415, 1566, 151, -1490, 631, 858, -63, 204, 336, 278, 297, 351, 
1405, 1551, 146, -1478, 629, 849, -58, 204, 336, 273, 292, 341, 
1400, 1551, 151, -1476, 624, 851, -53, 204, 331, 263, 278, 331, 
1385, 1542, 156, -1464, 614, 849, -29, 214, 326, 268, 273, 322, 
1376, 1527, 151, -1451, 612, 839, -24, 214, 322, 263, 268, 317, 
1361, 1522, 161, -1442, 600, 841, -14, 219, 307, 258, 258, 307, 
1351, 1512, 161, -1432, 595, 836, -9, 219, 302, 248, 248, 302, 
1346, 1498, 151, -1422, 597, 824, -9, 219, 307, 234, 248, 292, 
1342, 1488, 146, -1415, 597, 817, -4, 219, 302, 224, 234, 283, 
1332, 1488, 156, -1410, 588, 822, -4, 219, 297, 214, 229, 278, 
1332, 1478, 146, -1405, 592, 812, 4, 219, 297, 214, 229, 268, 
1327, 1468, 141, -1398, 592, 805, 14, 219, 283, 204, 209, 258, 
1317, 1468, 151, -1393, 583, 810, 14, 219, 278, 195, 200, 244, 
1312, 1459, 146, -1385, 583, 802, 19, 219, 273, 185, 195, 244, 
1312, 1454, 141, -1383, 585, 797, 34, 224, 273, 185, 195, 244, 
1298, 1454, 156, -1376, 570, 805, 34, 224, 268, 180, 185, 234, 
1293, 1449, 156, -1371, 568, 802, 34, 224, 263, 170, 180, 229, 
1293, 1439, 146, -1366, 573, 793, 39, 229, 263, 170, 175, 224, 
1288, 1439, 151, -1363, 568, 795, 43, 229, 258, 165, 170, 214, 
1283, 1439, 156, -1361, 563, 797, 58, 229, 268, 165, 175, 214, 
1278, 1429, 151, -1354, 563, 790, 58, 234, 268, 165, 175, 214, 
1278, 1424, 146, -1351, 566, 785, 58, 234, 268, 161, 175, 209, 
1273, 1424, 151, -1349, 561, 788, 63, 234, 263, 156, 170, 204, 
1278, 1429, 151, -1354, 563, 790, 58, 234, 253, 146, 156, 195, 
1278, 1424, 146, -1351, 566, 785, 58, 234, 253, 146, 156, 195, 
1273, 1424, 151, -1349, 561, 788, 58, 234, 244, 136, 156, 190, 
1273, 1424, 151, -1349, 561, 788, 58, 234, 244, 136, 151, 190, 
1263, 1415, 151, -1339, 556, 783, 63, 234, 244, 136, 151, 200, 
1263, 1415, 151, -1339, 556, 783, 63, 234, 244, 131, 151, 195, 
1263, 1415, 151, -1339, 556, 783, 58, 234, 244, 131, 151, 190, 
1263, 1410, 146, -1337, 558, 778, 58, 234, 248, 131, 151, 190, 
1263, 1410, 146, -1337, 558, 778, 63, 234, 248, 141, 146, 190, 
1263, 1410, 146, -1337, 558, 778, 63, 234, 239, 141, 146, 190, 
1263, 1410, 146, -1337, 558, 778, 68, 234, 239, 141, 146, 190, 
1263, 1410, 146, -1337, 558, 778, 73, 239, 239, 141, 146, 190, 
1268, 1410, 141, -1339, 563, 775, 73, 239, 248, 136, 146, 190, 
1268, 1410, 141, -1339, 563, 775, 73, 239, 248, 136, 141, 190, 
1268, 1410, 141, -1339, 563, 775, 78, 239, 253, 136, 141, 190, 
1268, 1410, 141, -1339, 563, 775, 78, 239, 253, 136, 141, 185, 
1254, 1410, 156, -1332, 549, 783, 73, 239, 244, 126, 131, 180, 
1254, 1405, 151, -1329, 551, 778, 73, 239, 244, 126, 131, 180, 
1254, 1405, 151, -1329, 551, 778, 73, 239, 244, 126, 131, 180, 
1259, 1410, 151, -1334, 553, 780, 73, 239, 239, 126, 126, 180, 
1259, 1420, 161, -1339, 549, 790, 73, 244, 239, 126, 136, 180, 
1259, 1420, 161, -1339, 549, 790, 73, 244, 239, 126, 141, 180, 
1259, 1420, 161, -1339, 549, 790, 73, 244, 239, 126, 141, 180, 
1259, 1420, 161, -1339, 549, 790, 73, 244, 239, 126, 141, 180, 
1259, 1405, 146, -1332, 556, 775, 78, 253, 239, 126, 141, 185, 
1259, 1405, 146, -1332, 556, 775, 78, 253, 239, 126, 141, 185, 
1259, 1410, 151, -1334, 553, 780, 78, 253, 239, 122, 141, 185, 
1259, 1410, 151, -1334, 553, 780, 78, 253, 244, 122, 141, 185, 
1259, 1410, 151, -1334, 553, 780, 78, 244, 234, 122, 141, 175, 
1259, 1410, 151, -1334, 553, 780, 78, 244, 234, 122, 141, 175, 
1259, 1405, 146, -1332, 556, 775, 78, 248, 234, 122, 141, 175, 
1259, 1405, 146, -1332, 556, 775, 73, 248, 234, 122, 146, 175, 
1249, 1410, 161, -1329, 544, 785, 73, 248, 244, 122, 136, 175, 
1249, 1410, 161, -1329, 544, 785, 78, 248, 244, 126, 136, 175, 
1249, 1410, 161, -1329, 544, 785, 82, 248, 244, 126, 136, 180, 
1249, 1410, 161, -1329, 544, 785, 82, 248, 244, 122, 136, 180, 
1254, 1410, 156, -1332, 549, 783, 82, 248, 244, 122, 136, 180, 
1254, 1410, 156, -1332, 549, 783, 82, 248, 244, 126, 136, 180, 
1254, 1410, 156, -1332, 549, 783, 82, 253, 248, 126, 136, 180, 
1259, 1410, 151, -1334, 553, 780, 78, 253, 248, 126, 136, 180, 
1259, 1410, 151, -1334, 553, 780, 87, 253, 248, 126, 146, 180, 
1259, 1410, 151, -1334, 553, 780, 87, 253, 248, 126, 146, 180, 
1259, 1415, 156, -1337, 551, 785, 87, 253, 244, 126, 146, 180, 
1259, 1420, 161, -1339, 549, 790, 87, 253, 244, 126, 146, 180, 
1259, 1410, 151, -1334, 553, 780, 82, 253, 258, 131, 146, 190, 
1259, 1415, 156, -1337, 551, 785, 82, 253, 258, 131, 146, 190, 
1259, 1424, 165, -1342, 546, 795, 82, 248, 258, 131, 146, 190, 
1263, 1415, 151, -1339, 556, 783, 78, 248, 258, 131, 146, 190, 
1263, 1415, 151, -1339, 556, 783, 87, 263, 253, 131, 151, 190, 
1259, 1420, 161, -1339, 549, 790, 87, 263, 253, 131, 151, 190, 
1254, 1420, 165, -1337, 544, 793, 87, 263, 253, 136, 151, 190, 
1254, 1420, 165, -1337, 544, 793, 87, 263, 258, 141, 151, 195, 
1259, 1424, 165, -1342, 546, 795, 87, 253, 258, 141, 151, 185, 
1263, 1429, 165, -1346, 549, 797, 87, 258, 258, 141, 151, 185, 
1268, 1434, 165, -1351, 551, 800, 87, 258, 258, 141, 156, 190, 
1273, 1444, 170, -1359, 551, 807, 87, 258, 258, 136, 156, 190, 
1268, 1459, 190, -1363, 539, 824, 78, 248, 258, 136, 146, 190, 
1273, 1449, 175, -1361, 549, 812, 78, 248, 258, 141, 146, 190, 
1273, 1449, 175, -1361, 549, 812, 78, 248, 258, 141, 146, 190, 
1278, 1449, 170, -1363, 553, 810, 78, 248, 258, 141, 146, 190, 
1268, 1444, 175, -1356, 546, 810, 87, 248, 268, 141, 161, 200, 
1268, 1439, 170, -1354, 549, 805, 87, 248, 268, 146, 161, 200, 
1273, 1439, 165, -1356, 553, 802, 87, 248, 263, 146, 161, 200, 
1273, 1434, 161, -1354, 556, 797, 87, 248, 263, 146, 161, 200, 
1273, 1439, 165, -1356, 553, 802, 78, 248, 273, 146, 151, 204, 
1273, 1439, 165, -1356, 553, 802, 78, 244, 273, 146, 151, 204, 
1273, 1449, 175, -1361, 549, 812, 78, 244, 268, 146, 151, 204, 
1278, 1449, 170, -1363, 553, 810, 73, 248, 268, 151, 156, 204, 
1293, 1449, 156, -1371, 568, 802, 82, 258, 268, 151, 156, 209, 
1293, 1449, 156, -1371, 568, 802, 82, 253, 268, 146, 156, 209, 
1298, 1449, 151, -1373, 573, 800, 82, 253, 268, 146, 156, 209, 
1298, 1444, 146, -1371, 575, 795, 82, 253, 268, 146, 156, 209, 
1298, 1444, 146, -1371, 575, 795, 73, 244, 258, 146, 156, 204, 
1293, 1444, 151, -1368, 570, 797, 73, 244, 258, 146, 156, 204, 
1293, 1444, 151, -1368, 570, 797, 78, 244, 258, 146, 156, 209, 
1298, 1449, 151, -1373, 573, 800, 78, 244, 258, 146, 156, 209, 
1288, 1454, 165, -1371, 561, 810, 78, 253, 268, 146, 151, 204, 
1288, 1454, 165, -1371, 561, 810, 78, 253, 268, 146, 151, 204, 
1288, 1454, 165, -1371, 561, 810, 78, 253, 268, 146, 156, 204, 
1288, 1454, 165, -1371, 561, 810, 78, 253, 268, 146, 156, 204, 
1298, 1454, 156, -1376, 570, 805, 78, 244, 258, 136, 156, 195, 
1298, 1454, 156, -1376, 570, 805, 78, 244, 258, 141, 156, 200, 
1298, 1454, 156, -1376, 570, 805, 78, 244, 258, 141, 156, 200, 
1298, 1454, 156, -1376, 570, 805, 78, 244, 258, 141, 156, 200, 
1293, 1439, 146, -1366, 573, 793, 78, 244, 258, 141, 156, 200, 
1293, 1439, 146, -1366, 573, 793, 78, 244, 258, 141, 156, 200, 
1293, 1444, 151, -1368, 570, 797, 78, 244, 258, 141, 156, 195, 
1293, 1444, 151, -1368, 570, 797, 73, 244, 258, 141, 156, 195, 
1302, 1444, 141, -1373, 580, 793, 73, 244, 258, 141, 156, 195, 
1302, 1444, 141, -1373, 580, 793, 73, 244, 258, 141, 156, 195, 
1302, 1444, 141, -1373, 580, 793, 78, 244, 258, 141, 156, 195, 
1302, 1444, 141, -1373, 580, 793, 78, 244, 258, 141, 156, 195, 
1293, 1444, 151, -1368, 570, 797, 78, 244, 258, 141, 156, 195, 
1298, 1444, 146, -1371, 575, 795, 78, 244, 258, 141, 156, 195, 
1298, 1439, 141, -1368, 578, 790, 78, 244, 258, 141, 156, 195, 
1298, 1439, 141, -1368, 578, 790, 78, 244, 253, 141, 156, 195, 
1298, 1454, 156, -1376, 570, 805, 78, 244, 253, 131, 146, 195, 
1298, 1454, 156, -1376, 570, 805, 78, 244, 253, 131, 146, 195, 
1298, 1454, 156, -1376, 570, 805, 78, 244, 248, 131, 141, 195, 
1298, 1454, 156, -1376, 570, 805, 78, 244, 248, 126, 141, 195, 
1298, 1454, 156, -1376, 570, 805, 78, 244, 239, 126, 151, 195, 
1298, 1454, 156, -1376, 570, 805, 78, 244, 239, 131, 151, 190, 
1298, 1454, 156, -1376, 570, 805, 78, 244, 244, 131, 151, 190, 
1298, 1449, 151, -1373, 573, 800, 78, 239, 244, 126, 151, 195, 
1298, 1449, 151, -1373, 573, 800, 82, 248, 253, 136, 156, 195, 
1298, 1449, 151, -1373, 573, 800, 82, 248, 253, 136, 156, 195, 
1298, 1454, 156, -1376, 570, 805, 82, 248, 248, 136, 151, 195, 
1298, 1454, 156, -1376, 570, 805, 82, 248, 248, 136, 151, 195, 
1298, 1444, 146, -1371, 575, 795, 78, 248, 248, 136, 151, 195, 
1298, 1444, 146, -1371, 575, 795, 78, 248, 248, 136, 146, 195, 
1298, 1444, 146, -1371, 575, 795, 78, 248, 248, 131, 146, 195, 
1298, 1444, 146, -1371, 575, 795, 78, 248, 248, 131, 146, 195, 
1302, 1444, 141, -1373, 580, 793, 87, 248, 244, 131, 136, 195, 
1302, 1444, 141, -1373, 580, 793, 87, 248, 244, 131, 136, 195, 
1302, 1444, 141, -1373, 580, 793, 87, 248, 248, 131, 141, 195, 
1302, 1444, 141, -1373, 580, 793, 87, 248, 248, 131, 141, 195, 
1293, 1454, 161, -1373, 566, 807, 78, 248, 248, 131, 141, 185, 
1298, 1454, 156, -1376, 570, 805, 78, 248, 248, 131, 141, 185, 
1298, 1454, 156, -1376, 570, 805, 78, 248, 248, 131, 136, 185, 
1298, 1464, 165, -1381, 566, 814, 78, 248, 244, 131, 136, 185, 
1298, 1454, 156, -1376, 570, 805, 78, 248, 244, 131, 136, 185, 
1302, 1454, 151, -1378, 575, 802, 78, 248, 248, 131, 136, 185, 
1302, 1454, 151, -1378, 575, 802, 78, 248, 248, 131, 136, 185, 
1302, 1454, 151, -1378, 575, 802, 78, 248, 248, 131, 136, 180, 
1302, 1464, 161, -1383, 570, 812, 78, 239, 239, 131, 136, 190, 
1302, 1459, 156, -1381, 573, 807, 78, 239, 239, 131, 136, 190, 
1302, 1454, 151, -1378, 575, 802, 78, 239, 234, 131, 136, 190, 
1302, 1449, 146, -1376, 578, 797, 78, 239, 234, 131, 136, 190, 
1312, 1449, 136, -1381, 588, 793, 87, 248, 244, 141, 151, 190, 
1312, 1449, 136, -1381, 588, 793, 92, 248, 244, 141, 151, 190, 
1312, 1449, 136, -1381, 588, 793, 92, 248, 248, 141, 151, 195, 
1312, 1449, 136, -1381, 588, 793, 92, 248, 248, 141, 151, 195, 
1307, 1459, 151, -1383, 578, 805, 87, 248, 248, 136, 136, 185, 
1307, 1464, 156, -1385, 575, 810, 87, 248, 248, 136, 136, 185, 
1307, 1464, 156, -1385, 575, 810, 87, 248, 248, 136, 136, 185, 
1307, 1464, 156, -1385, 575, 810, 82, 248, 248, 136, 136, 185, 
1307, 1464, 156, -1385, 575, 810, 82, 248, 248, 126, 136, 185, 
1307, 1459, 151, -1383, 578, 805, 82, 248, 248, 131, 136, 185, 
1307, 1454, 146, -1381, 580, 800, 82, 248, 248, 131, 136, 185, 
1307, 1449, 141, -1378, 583, 795, 82, 248, 248, 131, 136, 185, 
1307, 1459, 151, -1383, 578, 805, 87, 253, 248, 131, 141, 185, 
1307, 1459, 151, -1383, 578, 805, 87, 253, 248, 131, 141, 185, 
1312, 1459, 146, -1385, 583, 802, 82, 248, 248, 131, 141, 185, 
1312, 1459, 146, -1385, 583, 802, 82, 248, 248, 131, 141, 185, 
1312, 1459, 146, -1385, 583, 802, 92, 253, 248, 131, 141, 185, 
1312, 1459, 146, -1385, 583, 802, 92, 253, 248, 131, 141, 185, 
1312, 1459, 146, -1385, 583, 802, 92, 253, 248, 131, 141, 185, 
1312, 1459, 146, -1385, 583, 802, 92, 253, 248, 131, 141, 185, 
1312, 1449, 136, -1381, 588, 793, 97, 253, 258, 131, 141, 195, 
1312, 1459, 146, -1385, 583, 802, 87, 244, 248, 131, 136, 185, 
1312, 1464, 151, -1388, 580, 807, 78, 234, 239, 131, 136, 185, 
1312, 1464, 151, -1388, 580, 807, 78, 253, 248, 131, 146, 195, 
1317, 1464, 146, -1390, 585, 805, 78, 253, 244, 126, 136, 185, 
1307, 1454, 146, -1381, 580, 800, 78, 244, 244, 126, 146, 185, 
1307, 1454, 146, -1381, 580, 800, 78, 244, 244, 126, 146, 185, 
1307, 1454, 146, -1381, 580, 800, 78, 244, 244, 126, 146, 185, 
1307, 1454, 146, -1381, 580, 800, 78, 244, 244, 126, 146, 185, 
1312, 1459, 146, -1385, 583, 802, 87, 244, 244, 136, 146, 185, 
1317, 1464, 146, -1390, 585, 805, 87, 244, 244, 136, 146, 185, 
1322, 1473, 151, -1398, 585, 812, 87, 244, 244, 136, 146, 185, 
1327, 1478, 151, -1403, 588, 814, 87, 244, 244, 136, 146, 185, 
1317, 1473, 156, -1395, 580, 814, 87, 234, 253, 141, 151, 195, 
1327, 1478, 151, -1403, 588, 814, 82, 234, 253, 136, 156, 200, 
1327, 1493, 165, -1410, 580, 829, 78, 234, 253, 141, 156, 204, 
1327, 1493, 165, -1410, 580, 829, 73, 234, 263, 136, 161, 214, 
1332, 1507, 175, -1420, 578, 841, 68, 239, 268, 146, 165, 214, 
1332, 1517, 185, -1424, 573, 851, 68, 234, 273, 151, 165, 214, 
1332, 1517, 185, -1424, 573, 851, 68, 234, 278, 156, 165, 219, 
1337, 1517, 180, -1427, 578, 849, 68, 239, 283, 156, 175, 219, 
1337, 1532, 195, -1434, 570, 863, 73, 239, 283, 161, 175, 219, 
1337, 1537, 200, -1437, 568, 868, 73, 239, 287, 161, 175, 224, 
1337, 1537, 200, -1437, 568, 868, 63, 239, 287, 165, 180, 224, 
1332, 1537, 204, -1434, 563, 871, 58, 224, 287, 165, 180, 224, 
1332, 1532, 200, -1432, 566, 866, 53, 224, 292, 165, 180, 214, 
1337, 1532, 195, -1434, 570, 863, 53, 224, 297, 170, 180, 219, 
1337, 1537, 200, -1437, 568, 868, 48, 214, 302, 170, 180, 219, 
1337, 1542, 204, -1439, 566, 873, 43, 209, 302, 170, 185, 219, 
1346, 1542, 195, -1444, 575, 868, 39, 209, 302, 180, 185, 234, 
1351, 1546, 195, -1449, 578, 871, 34, 204, 307, 185, 190, 234, 
1351, 1551, 200, -1451, 575, 875, 24, 200, 307, 185, 190, 234, 
1351, 1551, 200, -1451, 575, 875, 24, 200, 307, 190, 190, 234, 
1346, 1551, 204, -1449, 570, 878, 24, 200, 322, 185, 185, 229, 
1351, 1561, 209, -1456, 570, 885, 19, 190, 322, 190, 195, 234, 
1356, 1581, 224, -1468, 566, 902, 0, 180, 322, 195, 195, 239, 
1366, 1586, 219, -1476, 573, 902, -9, 175, 331, 200, 204, 244, 
1376, 1600, 224, -1488, 575, 912, -24, 170, 322, 204, 219, 253, 
1381, 1605, 224, -1493, 578, 915, -29, 161, 317, 204, 219, 253, 
1390, 1605, 214, -1498, 588, 910, -34, 161, 312, 204, 224, 258, 
1410, 1605, 195, -1507, 607, 900, -39, 161, 312, 209, 224, 263, 
1410, 1629, 219, -1520, 595, 924, -43, 161, 312, 209, 214, 268, 
1420, 1629, 209, -1525, 605, 919, -43, 161, 302, 209, 224, 268, 
1429, 1620, 190, -1525, 619, 905, -39, 170, 297, 209, 224, 268, 
1429, 1620, 190, -1525, 619, 905, -34, 170, 283, 204, 219, 258, 
1434, 1610, 175, -1522, 629, 893, -24, 180, 268, 190, 214, 263, 
1434, 1590, 156, -1512, 639, 873, -9, 190, 258, 185, 209, 263, 
1429, 1581, 151, -1505, 639, 866, 0, 195, 258, 180, 209, 258, 
1424, 1576, 151, -1500, 636, 863, 4, 200, 248, 175, 200, 248, 
1420, 1556, 136, -1488, 641, 846, 19, 204, 248, 170, 195, 244, 
1415, 1546, 131, -1481, 641, 839, 24, 204, 248, 165, 190, 239, 
1405, 1546, 141, -1476, 631, 844, 29, 204, 248, 165, 190, 239, 
1400, 1546, 146, -1473, 627, 846, 34, 204, 253, 165, 185, 239, 
1390, 1546, 156, -1468, 617, 851, 34, 204, 263, 165, 175, 229, 
1376, 1546, 170, -1461, 602, 858, 39, 209, 263, 161, 170, 219, 
1366, 1537, 170, -1451, 597, 854, 48, 214, 248, 151, 165, 209, 
1361, 1522, 161, -1442, 600, 841, 63, 219, 258, 151, 161, 209, 
1346, 1503, 156, -1424, 595, 829, 78, 229, 248, 151, 170, 219, 
1342, 1503, 161, -1422, 590, 832, 82, 229, 248, 151, 165, 219, 
1342, 1493, 151, -1417, 595, 822, 82, 239, 248, 151, 165, 219, 
1342, 1483, 141, -1412, 600, 812, 92, 244, 248, 146, 161, 214, 
1342, 1483, 141, -1412, 600, 812, 102, 253, 244, 136, 156, 209, 
1342, 1478, 136, -1410, 602, 807, 102, 253, 234, 131, 151, 195, 
1342, 1478, 136, -1410, 602, 807, 107, 253, 229, 131, 151, 195, 
1332, 1478, 146, -1405, 592, 812, 107, 253, 229, 126, 146, 195, 
1332, 1473, 141, -1403, 595, 807, 97, 253, 234, 112, 131, 190, 
1332, 1464, 131, -1398, 600, 797, 107, 253, 234, 112, 131, 185, 
1332, 1459, 126, -1395, 602, 793, 107, 253, 234, 112, 126, 185, 
1332, 1459, 126, -1395, 602, 793, 107, 258, 234, 112, 126, 185, 
1332, 1454, 122, -1393, 605, 788, 117, 258, 224, 112, 136, 175, 
1332, 1454, 122, -1393, 605, 788, 122, 258, 224, 107, 136, 175, 
1327, 1459, 131, -1393, 597, 795, 122, 258, 224, 107, 136, 175, 
1327, 1459, 131, -1393, 597, 795, 126, 263, 224, 102, 131, 175, 
1327, 1454, 126, -1390, 600, 790, 126, 268, 224, 102, 122, 170, 
1327, 1464, 136, -1395, 595, 800, 126, 268, 219, 102, 122, 170, 
1322, 1464, 141, -1393, 590, 802, 126, 268, 219, 102, 122, 161, 
1322, 1464, 141, -1393, 590, 802, 131, 268, 224, 107, 126, 161, 
1322, 1454, 131, -1388, 595, 793, 122, 258, 224, 107, 126, 170, 
1322, 1454, 131, -1388, 595, 793, 122, 258, 224, 107, 126, 170, 
1327, 1449, 122, -1388, 602, 785, 126, 258, 224, 107, 126, 170, 
1327, 1449, 122, -1388, 602, 785, 126, 263, 224, 107, 126, 170, 
1327, 1449, 122, -1388, 602, 785, 126, 263, 224, 107, 122, 170, 
1327, 1449, 122, -1388, 602, 785, 126, 263, 224, 107, 122, 170, 
1327, 1449, 122, -1388, 602, 785, 126, 263, 224, 107, 122, 170, 
1327, 1454, 126, -1390, 600, 790, 126, 263, 224, 107, 122, 165, 
1317, 1454, 136, -1385, 590, 795, 136, 273, 229, 117, 131, 165, 
1317, 1449, 131, -1383, 592, 790, 141, 273, 229, 117, 131, 170, 
1317, 1449, 131, -1383, 592, 790, 141, 273, 229, 117, 131, 170, 
1317, 1449, 131, -1383, 592, 790, 141, 273, 229, 117, 131, 170, 
1327, 1459, 131, -1393, 597, 795, 141, 263, 229, 117, 131, 170, 
1327, 1459, 131, -1393, 597, 795, 141, 263, 229, 117, 131, 170, 
1332, 1464, 131, -1398, 600, 797, 136, 263, 224, 112, 131, 170, 
1332, 1464, 131, -1398, 600, 797, 136, 263, 224, 112, 131, 170, 
1322, 1454, 131, -1388, 595, 793, 131, 273, 229, 107, 122, 170, 
1322, 1454, 131, -1388, 595, 793, 131, 273, 229, 107, 122, 170, 
1322, 1454, 131, -1388, 595, 793, 131, 273, 229, 107, 122, 170, 
1322, 1454, 131, -1388, 595, 793, 131, 273, 229, 107, 122, 175, 
1327, 1454, 126, -1390, 600, 790, 141, 283, 234, 117, 126, 185, 
1337, 1468, 131, -1403, 602, 800, 146, 283, 234, 107, 126, 175, 
1351, 1473, 122, -1412, 614, 797, 146, 292, 263, 122, 131, 180, 
1346, 1493, 146, -1420, 600, 819, 141, 312, 312, 156, 146, 209, 
1346, 1532, 185, -1439, 580, 858, 141, 322, 370, 204, 190, 229, 
1366, 1586, 219, -1476, 573, 902, 117, 312, 424, 273, 248, 268, 
1400, 1615, 214, -1507, 592, 915, 97, 317, 463, 317, 292, 322, 
1454, 1629, 175, -1542, 639, 902, 73, 317, 473, 346, 331, 356, 
1546, 1654, 107, -1600, 719, 880, 58, 326, 473, 370, 356, 390, 
1654, 1668, 14, -1661, 819, 841, 29, 341, 468, 405, 385, 448, 
1781, 1698, -82, -1739, 932, 807, -24, 361, 483, 434, 419, 507, 
1898, 1747, -151, -1822, 1024, 797, -68, 361, 512, 483, 458, 570, 
2020, 1795, -224, -1908, 1122, 785, -117, 361, 527, 531, 512, 653, 
2127, 1834, -292, -1981, 1210, 771, -195, 287, 488, 566, 575, 727, 
2191, 1873, -317, -2032, 1254, 778, -268, 180, 409, 580, 614, 780, 
2210, 1922, -287, -2066, 1249, 817, -312, 87, 361, 605, 653, 834, 
2205, 1956, -248, -2081, 1227, 854, -336, 14, 341, 624, 692, 883, 
2171, 1956, -214, -2064, 1193, 871, -346, -58, 287, 610, 692, 883, 
2059, 1952, -107, -2005, 1083, 922, -317, -117, 239, 546, 644, 834, 
1888, 1908, 19, -1898, 934, 963, -248, -136, 239, 473, 561, 741, 
1708, 1849, 141, -1778, 783, 995, -161, -107, 263, 395, 458, 605, 
1542, 1810, 268, -1676, 636, 1039, -87, -58, 283, 317, 366, 473, 
1356, 1761, 405, -1559, 475, 1083, 4, -9, 297, 253, 283, 361, 
1161, 1659, 497, -1410, 331, 1078, 107, 63, 268, 156, 185, 239, 
1000, 1571, 570, -1285, 214, 1071, 200, 141, 204, 58, 87, 136, 
902, 1517, 614, -1210, 143, 1066, 273, 190, 156, 0, 43, 68, 
849, 1459, 610, -1154, 119, 1034, 312, 219, 126, -48, 4, 29, 
829, 1405, 575, -1117, 126, 990, 361, 248, 24, -126, -63, -29, 
829, 1346, 517, -1088, 156, 932, 400, 263, -87, -200, -131, -87, 
829, 1298, 468, -1063, 180, 883, 444, 263, -131, -224, -146, -102, 
839, 1278, 439, -1058, 200, 858, 453, 263, -136, -239, -156, -112, 
839, 1263, 424, -1051, 207, 844, 453, 253, -161, -263, -175, -122, 
868, 1254, 385, -1061, 241, 819, 434, 253, -170, -253, -165, -107, 
917, 1263, 346, -1090, 285, 805, 400, 278, -161, -229, -141, -87, 
976, 1302, 326, -1139, 324, 814, 356, 287, -131, -190, -112, -68, 
1044, 1337, 292, -1190, 375, 814, 322, 297, -82, -151, -82, -39, 
1098, 1371, 273, -1234, 412, 822, 283, 302, -29, -112, -48, 0, 
1151, 1410, 258, -1281, 446, 834, 239, 317, 9, -58, -9, 34, 
1215, 1444, 229, -1329, 492, 836, 204, 351, 48, -24, 19, 68, 
1263, 1468, 204, -1366, 529, 836, 180, 395, 78, 14, 58, 97, 
1302, 1478, 175, -1390, 563, 827, 175, 439, 112, 48, 82, 131, 
1327, 1507, 180, -1417, 573, 844, 161, 448, 136, 68, 102, 161, 
1332, 1517, 185, -1424, 573, 851, 161, 434, 185, 97, 122, 175, 
1342, 1522, 180, -1432, 580, 851, 161, 395, 209, 107, 131, 185, 
1342, 1522, 180, -1432, 580, 851, 161, 361, 214, 107, 122, 180, 
1351, 1512, 161, -1432, 595, 836, 165, 356, 224, 102, 122, 170, 
1366, 1493, 126, -1429, 619, 810, 180, 361, 234, 102, 131, 175, 
1371, 1503, 131, -1437, 619, 817, 170, 341, 234, 102, 131, 170, 
1371, 1503, 131, -1437, 619, 817, 170, 336, 244, 112, 131, 175, 
1381, 1512, 131, -1446, 624, 822, 156, 336, 263, 126, 146, 200, 
1381, 1522, 141, -1451, 619, 832, 141, 336, 263, 136, 161, 209, 
1381, 1537, 156, -1459, 612, 846, 126, 326, 253, 136, 161, 200, 
1381, 1537, 156, -1459, 612, 846, 126, 326, 253, 136, 156, 200, 
1385, 1527, 141, -1456, 622, 834, 126, 326, 258, 141, 156, 200, 
1390, 1527, 136, -1459, 627, 832, 131, 326, 263, 141, 151, 200, 
1390, 1522, 131, -1456, 629, 827, 141, 322, 268, 131, 151, 200, 
1395, 1512, 117, -1454, 639, 814, 141, 322, 273, 131, 156, 200, 
1395, 1522, 126, -1459, 634, 824, 136, 322, 273, 131, 156, 200, 
1395, 1527, 131, -1461, 631, 829, 126, 317, 273, 131, 156, 204, 
1400, 1527, 126, -1464, 636, 827, 131, 326, 278, 146, 161, 209, 
1405, 1537, 131, -1471, 636, 834, 126, 317, 278, 146, 165, 209, 
1405, 1542, 136, -1473, 634, 839, 126, 317, 278, 151, 165, 209, 
1410, 1542, 131, -1476, 639, 836, 136, 322, 278, 151, 165, 209, 
1405, 1542, 136, -1473, 634, 839, 126, 322, 283, 151, 156, 209, 
1405, 1542, 136, -1473, 634, 839, 122, 322, 283, 151, 156, 209, 
1405, 1537, 131, -1471, 636, 834, 122, 326, 283, 151, 161, 214, 
1410, 1537, 126, -1473, 641, 832, 126, 326, 283, 156, 161, 219, 
1410, 1527, 117, -1468, 646, 822, 126, 322, 283, 156, 161, 209, 
1410, 1532, 122, -1471, 644, 827, 122, 322, 287, 156, 165, 209, 
1415, 1532, 117, -1473, 649, 824, 122, 322, 287, 156, 165, 209, 
1415, 1542, 126, -1478, 644, 834, 117, 322, 287, 156, 165, 204, 
1429, 1551, 122, -1490, 653, 836, 117, 312, 287, 156, 175, 204, 
1429, 1551, 122, -1490, 653, 836, 117, 317, 287, 156, 175, 209, 
1429, 1551, 122, -1490, 653, 836, 122, 317, 287, 156, 175, 219, 
1434, 1551, 117, -1493, 658, 834, 122, 317, 287, 156, 175, 219, 
1424, 1556, 131, -1490, 646, 844, 122, 326, 287, 161, 175, 219, 
1424, 1556, 131, -1490, 646, 844, 117, 326, 292, 161, 175, 219, 
1429, 1556, 126, -1493, 651, 841, 117, 326, 292, 161, 175, 214, 
1429, 1561, 131, -1495, 649, 846, 112, 326, 297, 161, 175, 214, 
1429, 1551, 122, -1490, 653, 836, 117, 326, 297, 151, 170, 229, 
1434, 1551, 117, -1493, 658, 834, 112, 326, 297, 156, 175, 229, 
1434, 1556, 122, -1495, 656, 839, 112, 326, 297, 156, 175, 229, 
1434, 1556, 122, -1495, 656, 839, 112, 326, 297, 161, 175, 229, 
1439, 1556, 117, -1498, 661, 836, 112, 326, 307, 170, 185, 229, 
1439, 1561, 122, -1500, 658, 841, 107, 326, 307, 170, 185, 229, 
1439, 1561, 122, -1500, 658, 841, 107, 326, 307, 170, 190, 229, 
1444, 1561, 117, -1503, 663, 839, 112, 326, 307, 180, 190, 234, 
1454, 1561, 107, -1507, 673, 834, 112, 326, 297, 170, 180, 234, 
1464, 1561, 97, -1512, 683, 829, 112, 326, 297, 170, 180, 234, 
1464, 1561, 97, -1512, 683, 829, 112, 326, 307, 170, 180, 244, 
1464, 1561, 97, -1512, 683, 829, 107, 326, 307, 170, 180, 244, 
1464, 1586, 122, -1525, 671, 854, 97, 336, 307, 180, 180, 234, 
1464, 1576, 112, -1520, 675, 844, 102, 336, 312, 180, 190, 239, 
1464, 1576, 112, -1520, 675, 844, 102, 336, 312, 180, 190, 239, 
1473, 1586, 112, -1529, 680, 849, 97, 336, 307, 180, 185, 234, 
1468, 1576, 107, -1522, 680, 841, 97, 336, 307, 170, 185, 244, 
1464, 1576, 112, -1520, 675, 844, 97, 336, 312, 175, 195, 248, 
1459, 1581, 122, -1520, 668, 851, 92, 336, 312, 180, 195, 248, 
1459, 1581, 122, -1520, 668, 851, 92, 336, 312, 180, 195, 248, 
1468, 1590, 122, -1529, 673, 856, 92, 341, 307, 180, 195, 244, 
1473, 1595, 122, -1534, 675, 858, 87, 341, 307, 180, 195, 244, 
1473, 1600, 126, -1537, 673, 863, 82, 341, 307, 180, 195, 244, 
1478, 1600, 122, -1539, 678, 861, 82, 341, 307, 185, 200, 248, 
1478, 1595, 117, -1537, 680, 856, 82, 331, 317, 195, 195, 253, 
1483, 1605, 122, -1544, 680, 863, 78, 331, 317, 190, 195, 253, 
1488, 1605, 117, -1546, 685, 861, 78, 331, 317, 190, 195, 253, 
1488, 1605, 117, -1546, 685, 861, 78, 331, 322, 200, 200, 258, 
1488, 1625, 136, -1556, 675, 880, 73, 331, 322, 190, 200, 263, 
1488, 1625, 136, -1556, 675, 880, 73, 331, 322, 190, 204, 268, 
1498, 1629, 131, -1564, 683, 880, 68, 331, 326, 204, 204, 273, 
1503, 1634, 131, -1568, 685, 883, 68, 331, 326, 204, 209, 273, 
1507, 1629, 122, -1568, 692, 875, 68, 341, 331, 204, 209, 273, 
1507, 1629, 122, -1568, 692, 875, 68, 346, 336, 209, 219, 278, 
1512, 1629, 117, -1571, 697, 873, 58, 346, 341, 209, 219, 283, 
1517, 1639, 122, -1578, 697, 880, 58, 341, 341, 209, 219, 283, 
1527, 1649, 122, -1588, 702, 885, 58, 341, 351, 214, 234, 287, 
1532, 1654, 122, -1593, 705, 888, 58, 341, 356, 214, 239, 292, 
1537, 1659, 122, -1598, 707, 890, 53, 341, 356, 214, 239, 292, 
1542, 1664, 122, -1603, 710, 893, 53, 341, 356, 219, 239, 292, 
1537, 1668, 131, -1603, 702, 900, 53, 341, 351, 229, 239, 302, 
1542, 1668, 126, -1605, 707, 897, 48, 341, 351, 234, 244, 307, 
1546, 1673, 126, -1610, 710, 900, 39, 341, 351, 239, 248, 312, 
1551, 1678, 126, -1615, 712, 902, 34, 341, 356, 244, 253, 317, 
1556, 1673, 117, -1615, 719, 895, 43, 331, 361, 258, 258, 317, 
1571, 1688, 117, -1629, 727, 902, 39, 331, 361, 258, 263, 322, 
1576, 1688, 112, -1632, 732, 900, 34, 331, 361, 263, 263, 326, 
1590, 1688, 97, -1639, 746, 893, 29, 331, 366, 268, 278, 336, 
1581, 1708, 126, -1644, 727, 917, 14, 331, 366, 263, 278, 336, 
1586, 1717, 131, -1651, 727, 924, 14, 331, 370, 268, 278, 341, 
1595, 1717, 122, -1656, 736, 919, 9, 331, 370, 273, 283, 346, 
1605, 1727, 122, -1666, 741, 924, 9, 331, 370, 278, 287, 351, 
1610, 1742, 131, -1676, 739, 936, -4, 326, 370, 292, 302, 356, 
1615, 1742, 126, -1678, 744, 934, -9, 326, 375, 297, 307, 366, 
1620, 1742, 122, -1681, 749, 932, -14, 326, 380, 307, 317, 375, 
1620, 1751, 131, -1686, 744, 941, -19, 322, 380, 307, 322, 375, 
1629, 1756, 126, -1693, 751, 941, -14, 322, 390, 302, 326, 380, 
1634, 1756, 122, -1695, 756, 939, -19, 322, 400, 312, 336, 385, 
1639, 1771, 131, -1705, 753, 951, -24, 322, 400, 317, 336, 390, 
1644, 1781, 136, -1712, 753, 958, -29, 322, 400, 317, 336, 395, 
1649, 1781, 131, -1715, 758, 956, -29, 312, 395, 331, 336, 409, 
1654, 1786, 131, -1720, 761, 958, -34, 307, 395, 336, 341, 414, 
1659, 1800, 141, -1729, 758, 971, -39, 307, 395, 341, 346, 414, 
1659, 1800, 141, -1729, 758, 971, -43, 307, 395, 346, 351, 424, 
1664, 1790, 126, -1727, 768, 958, -48, 317, 405, 341, 366, 434, 
1668, 1800, 131, -1734, 768, 966, -48, 307, 405, 346, 370, 434, 
1668, 1800, 131, -1734, 768, 966, -53, 307, 405, 351, 375, 439, 
1668, 1805, 136, -1737, 766, 971, -58, 307, 409, 356, 380, 444, 
1673, 1815, 141, -1744, 766, 978, -58, 302, 400, 356, 380, 439, 
1673, 1820, 146, -1747, 763, 983, -63, 302, 400, 356, 380, 439, 
1678, 1825, 146, -1751, 766, 985, -63, 302, 405, 361, 385, 444, 
1678, 1830, 151, -1754, 763, 990, -63, 292, 405, 361, 385, 444, 
1678, 1834, 156, -1756, 761, 995, -63, 287, 405, 370, 375, 453, 
1683, 1834, 151, -1759, 766, 993, -63, 287, 405, 370, 380, 458, 
1688, 1834, 146, -1761, 771, 990, -68, 287, 405, 370, 380, 458, 
1693, 1839, 146, -1766, 773, 993, -68, 283, 405, 370, 380, 458, 
1678, 1839, 161, -1759, 758, 1000, -68, 283, 405, 375, 395, 458, 
1678, 1839, 161, -1759, 758, 1000, -68, 283, 405, 375, 395, 458, 
1678, 1844, 165, -1761, 756, 1005, -68, 278, 405, 370, 395, 458, 
1678, 1844, 165, -1761, 756, 1005, -68, 278, 405, 370, 395, 458, 
1668, 1839, 170, -1754, 749, 1005, -78, 268, 414, 375, 395, 458, 
1664, 1839, 175, -1751, 744, 1007, -78, 268, 414, 375, 395, 453, 
1664, 1834, 170, -1749, 746, 1002, -73, 263, 409, 370, 390, 453, 
1664, 1834, 170, -1749, 746, 1002, -73, 263, 409, 370, 390, 453, 
1659, 1830, 170, -1744, 744, 1000, -58, 263, 405, 370, 385, 453, 
1654, 1825, 170, -1739, 741, 997, -58, 258, 405, 361, 380, 444, 
1639, 1815, 175, -1727, 732, 995, -43, 258, 409, 356, 375, 434, 
1639, 1805, 165, -1722, 736, 985, -43, 258, 409, 356, 375, 434, 
1639, 1815, 175, -1727, 732, 995, -53, 263, 414, 356, 366, 424, 
1634, 1810, 175, -1722, 729, 993, -43, 263, 414, 351, 361, 409, 
1625, 1795, 170, -1710, 727, 983, -39, 263, 414, 346, 356, 405, 
1620, 1795, 175, -1708, 722, 985, -34, 258, 414, 341, 346, 395, 
1605, 1795, 190, -1700, 707, 993, -19, 258, 395, 322, 331, 385, 
1600, 1781, 180, -1690, 710, 980, -14, 263, 395, 307, 326, 380, 
1590, 1766, 175, -1678, 707, 971, -9, 263, 395, 302, 322, 370, 
1586, 1766, 180, -1676, 702, 973, -4, 263, 390, 292, 307, 361, 
1566, 1756, 190, -1661, 688, 973, 0, 253, 390, 297, 302, 351, 
1561, 1742, 180, -1651, 690, 961, 4, 253, 390, 292, 297, 346, 
1551, 1737, 185, -1644, 683, 961, 14, 258, 380, 287, 287, 336, 
1546, 1727, 180, -1637, 683, 954, 19, 258, 380, 278, 278, 331, 
1532, 1712, 180, -1622, 675, 946, 39, 268, 375, 263, 268, 322, 
1527, 1703, 175, -1615, 675, 939, 43, 268, 370, 253, 253, 312, 
1517, 1703, 185, -1610, 666, 944, 43, 268, 366, 244, 248, 307, 
1517, 1693, 175, -1605, 671, 934, 53, 268, 366, 244, 248, 297, 
1512, 1683, 170, -1598, 671, 927, 53, 268, 351, 244, 239, 287, 
1503, 1683, 180, -1593, 661, 932, 53, 268, 346, 234, 229, 273, 
1498, 1673, 175, -1586, 661, 924, 58, 268, 341, 224, 224, 273, 
1498, 1668, 170, -1583, 663, 919, 73, 273, 341, 224, 224, 273, 
1483, 1668, 185, -1576, 649, 927, 73, 273, 346, 219, 224, 273, 
1478, 1664, 185, -1571, 646, 924, 73, 273, 341, 209, 219, 268, 
1478, 1654, 175, -1566, 651, 915, 78, 278, 341, 209, 214, 263, 
1473, 1654, 180, -1564, 646, 917, 82, 278, 336, 204, 209, 253, 
1478, 1644, 165, -1561, 656, 905, 87, 278, 336, 195, 204, 253, 
1473, 1634, 161, -1554, 656, 897, 87, 283, 336, 195, 204, 253, 
1473, 1629, 156, -1551, 658, 893, 87, 283, 336, 190, 204, 248, 
1468, 1629, 161, -1549, 653, 895, 92, 283, 331, 185, 200, 244, 
1454, 1625, 170, -1539, 641, 897, 107, 283, 331, 195, 195, 244, 
1454, 1620, 165, -1537, 644, 893, 107, 283, 331, 195, 195, 244, 
1449, 1620, 170, -1534, 639, 895, 107, 283, 322, 185, 195, 239, 
1449, 1620, 170, -1534, 639, 895, 107, 283, 322, 185, 190, 239, 
1449, 1620, 170, -1534, 639, 895, 102, 292, 312, 185, 190, 239, 
1449, 1620, 170, -1534, 639, 895, 102, 292, 312, 180, 190, 234, 
1449, 1620, 170, -1534, 639, 895, 97, 292, 312, 180, 190, 229, 
1449, 1615, 165, -1532, 641, 890, 97, 292, 317, 180, 190, 229, 
1449, 1615, 165, -1532, 641, 890, 102, 283, 317, 180, 185, 229, 
1449, 1615, 165, -1532, 641, 890, 102, 283, 307, 180, 185, 229, 
1449, 1615, 165, -1532, 641, 890, 107, 283, 307, 180, 185, 229, 
1449, 1615, 165, -1532, 641, 890, 112, 287, 307, 180, 185, 229, 
1454, 1615, 161, -1534, 646, 888, 112, 297, 307, 175, 185, 229, 
1454, 1615, 161, -1534, 646, 888, 112, 297, 307, 175, 180, 229, 
1454, 1615, 161, -1534, 646, 888, 117, 297, 312, 175, 180, 229, 
1454, 1615, 161, -1534, 646, 888, 117, 297, 312, 175, 180, 224, 
1449, 1615, 165, -1532, 641, 890, 122, 287, 312, 175, 180, 229, 
1449, 1610, 161, -1529, 644, 885, 122, 287, 312, 175, 180, 229, 
1449, 1610, 161, -1529, 644, 885, 122, 287, 312, 175, 180, 229, 
1454, 1615, 161, -1534, 646, 888, 122, 287, 307, 175, 175, 229, 
1444, 1615, 170, -1529, 636, 893, 122, 292, 307, 175, 185, 219, 
1444, 1615, 170, -1529, 636, 893, 122, 292, 307, 175, 190, 219, 
1444, 1615, 170, -1529, 636, 893, 122, 292, 307, 175, 190, 219, 
1444, 1615, 170, -1529, 636, 893, 122, 292, 307, 175, 190, 219, 
1444, 1610, 165, -1527, 639, 888, 126, 292, 307, 175, 180, 224, 
1444, 1610, 165, -1527, 639, 888, 126, 292, 307, 175, 180, 224, 
1444, 1615, 170, -1529, 636, 893, 126, 292, 307, 170, 180, 224, 
1444, 1615, 170, -1529, 636, 893, 126, 292, 312, 170, 180, 224, 
1444, 1625, 180, -1534, 631, 902, 117, 302, 312, 170, 180, 224, 
1444, 1625, 180, -1534, 631, 902, 117, 302, 312, 170, 180, 224, 
1444, 1620, 175, -1532, 634, 897, 117, 307, 312, 170, 180, 224, 
1444, 1620, 175, -1532, 634, 897, 112, 307, 312, 170, 185, 224, 
1444, 1615, 170, -1529, 636, 893, 122, 307, 322, 170, 175, 224, 
1444, 1615, 170, -1529, 636, 893, 126, 307, 322, 175, 175, 224, 
1444, 1615, 170, -1529, 636, 893, 131, 307, 322, 175, 175, 229, 
1444, 1615, 170, -1529, 636, 893, 131, 307, 322, 170, 175, 229, 
1439, 1615, 175, -1527, 631, 895, 141, 307, 322, 180, 185, 229, 
1439, 1615, 175, -1527, 631, 895, 141, 307, 322, 185, 185, 229, 
1439, 1615, 175, -1527, 631, 895, 141, 312, 326, 185, 185, 229, 
1444, 1615, 170, -1529, 636, 893, 136, 312, 326, 185, 185, 229, 
1444, 1625, 180, -1534, 631, 902, 126, 322, 326, 185, 185, 219, 
1444, 1625, 180, -1534, 631, 902, 126, 322, 326, 185, 185, 219, 
1444, 1629, 185, -1537, 629, 907, 126, 322, 322, 185, 185, 219, 
1444, 1634, 190, -1539, 627, 912, 126, 322, 322, 185, 185, 219, 
1444, 1625, 180, -1534, 631, 902, 122, 322, 326, 190, 185, 219, 
1444, 1629, 185, -1537, 629, 907, 122, 322, 326, 190, 185, 219, 
1444, 1639, 195, -1542, 624, 917, 122, 317, 326, 190, 185, 219, 
1449, 1629, 180, -1539, 634, 905, 117, 317, 326, 190, 185, 219, 
1454, 1620, 165, -1537, 644, 893, 122, 312, 331, 190, 200, 229, 
1454, 1625, 170, -1539, 641, 897, 126, 312, 331, 190, 200, 229, 
1454, 1625, 170, -1539, 641, 897, 131, 312, 331, 195, 200, 229, 
1459, 1625, 165, -1542, 646, 895, 136, 312, 336, 200, 200, 234, 
1459, 1634, 175, -1546, 641, 905, 136, 312, 336, 200, 200, 244, 
1459, 1634, 175, -1546, 641, 905, 136, 317, 336, 200, 200, 244, 
1459, 1634, 175, -1546, 641, 905, 136, 317, 336, 200, 204, 248, 
1459, 1639, 180, -1549, 639, 910, 136, 317, 336, 195, 204, 248, 
1454, 1644, 190, -1549, 631, 917, 136, 317, 336, 195, 204, 239, 
1459, 1634, 175, -1546, 641, 905, 136, 317, 336, 200, 204, 239, 
1459, 1634, 175, -1546, 641, 905, 136, 317, 336, 200, 204, 239, 
1464, 1634, 170, -1549, 646, 902, 136, 317, 336, 200, 204, 239, 
1473, 1644, 170, -1559, 651, 907, 126, 317, 336, 200, 209, 239, 
1473, 1644, 170, -1559, 651, 907, 126, 317, 336, 204, 209, 239, 
1478, 1649, 170, -1564, 653, 910, 126, 317, 331, 204, 209, 239, 
1478, 1649, 170, -1564, 653, 910, 126, 317, 331, 204, 209, 239, 
1478, 1654, 175, -1566, 651, 915, 126, 317, 341, 204, 209, 244, 
1478, 1654, 175, -1566, 651, 915, 126, 312, 341, 204, 209, 244, 
1478, 1664, 185, -1571, 646, 924, 126, 312, 336, 204, 209, 244, 
1483, 1664, 180, -1573, 651, 922, 122, 317, 336, 209, 214, 244, 
1478, 1654, 175, -1566, 651, 915, 122, 326, 336, 219, 214, 248, 
1478, 1654, 175, -1566, 651, 915, 122, 322, 336, 214, 214, 248, 
1483, 1654, 170, -1568, 656, 912, 122, 322, 336, 214, 214, 248, 
1483, 1649, 165, -1566, 658, 907, 122, 322, 336, 214, 214, 248, 
1493, 1639, 146, -1566, 673, 893, 122, 322, 346, 204, 214, 253, 
1488, 1639, 151, -1564, 668, 895, 122, 322, 346, 204, 214, 253, 
1488, 1639, 151, -1564, 668, 895, 126, 322, 346, 204, 214, 258, 
1493, 1644, 151, -1568, 671, 897, 126, 322, 346, 204, 214, 258, 
1493, 1659, 165, -1576, 663, 912, 126, 322, 336, 214, 209, 244, 
1493, 1659, 165, -1576, 663, 912, 126, 322, 336, 214, 209, 244, 
1493, 1659, 165, -1576, 663, 912, 126, 322, 336, 214, 214, 244, 
1493, 1659, 165, -1576, 663, 912, 126, 322, 336, 214, 214, 244, 
1493, 1649, 156, -1571, 668, 902, 126, 322, 336, 214, 224, 244, 
1493, 1649, 156, -1571, 668, 902, 126, 322, 336, 219, 224, 248, 
1493, 1649, 156, -1571, 668, 902, 126, 322, 336, 219, 224, 248, 
1493, 1649, 156, -1571, 668, 902, 126, 322, 336, 219, 224, 248, 
1498, 1654, 156, -1576, 671, 905, 136, 322, 326, 209, 214, 258, 
1498, 1654, 156, -1576, 671, 905, 136, 322, 326, 209, 214, 258, 
1498, 1659, 161, -1578, 668, 910, 136, 322, 326, 209, 214, 253, 
1498, 1659, 161, -1578, 668, 910, 131, 322, 326, 209, 214, 253, 
1498, 1649, 151, -1573, 673, 900, 122, 322, 336, 209, 224, 253, 
