I, II, III, aVR, aVL, aVF, V1, V2, V3, V4, V5, V6, 
1180, 1122, -58, -1151, 619, 531, 458, 292, 351, 175, 136, 585, 
1180, 1122, -58, -1151, 619, 531, 458, 292, 351, 175, 136, 585, 
1180, 1122, -58, -1151, 619, 531, 458, 292, 351, 175, 136, 585, 
1180, 1122, -58, -1151, 619, 531, 458, 292, 351, 175, 136, 585, 
1171, 1132, -39, -1151, 605, 546, 468, 302, 370, 190, 146, 600, 
1161, 1141, -19, -1151, 590, 561, 468, 302, 380, 204, 156, 605, 
1151, 1151, 0, -1151, 575, 575, 468, 302, 390, 219, 165, 610, 
1141, 1161, 19, -1151, 561, 590, 468, 302, 400, 234, 175, 614, 
1137, 1166, 29, -1151, 553, 597, 478, 317, 414, 239, 175, 619, 
1132, 1171, 39, -1151, 546, 605, 488, 322, 429, 244, 175, 624, 
1127, 1176, 48, -1151, 539, 612, 497, 326, 444, 248, 175, 629, 
1122, 1180, 58, -1151, 531, 619, 507, 331, 458, 253, 175, 634, 
1122, 1190, 68, -1156, 527, 629, 507, 322, 448, 263, 185, 624, 
1122, 1190, 68, -1156, 527, 629, 507, 322, 448, 263, 185, 624, 
1122, 1190, 68, -1156, 527, 629, 507, 322, 448, 263, 185, 624, 
1122, 1190, 68, -1156, 527, 629, 507, 322, 448, 263, 185, 624, 
1112, 1200, 87, -1156, 512, 644, 507, 331, 458, 253, 185, 624, 
1112, 1200, 87, -1156, 512, 644, 507, 331, 458, 253, 185, 624, 
1112, 1200, 87, -1156, 512, 644, 507, 331, 458, 253, 185, 624, 
1112, 1200, 87, -1156, 512, 644, 507, 331, 458, 253, 185, 624, 
1102, 1190, 87, -1146, 507, 639, 517, 331, 463, 263, 195, 624, 
1102, 1190, 87, -1146, 507, 639, 517, 331, 468, 263, 195, 624, 
1102, 1190, 87, -1146, 507, 639, 517, 331, 473, 263, 195, 624, 
1102, 1190, 87, -1146, 507, 639, 517, 331, 478, 263, 195, 624, 
1102, 1190, 87, -1146, 507, 639, 517, 331, 468, 263, 195, 634, 
1102, 1190, 87, -1146, 507, 639, 517, 331, 468, 263, 195, 634, 
1102, 1190, 87, -1146, 507, 639, 517, 331, 468, 263, 195, 634, 
1102, 1190, 87, -1146, 507, 639, 517, 331, 468, 263, 195, 634, 
1102, 1200, 97, -1151, 502, 649, 517, 331, 478, 263, 185, 624, 
1102, 1200, 97, -1151, 502, 649, 517, 331, 478, 263, 185, 624, 
1102, 1200, 97, -1151, 502, 649, 517, 331, 478, 263, 185, 624, 
1102, 1200, 97, -1151, 502, 649, 517, 331, 478, 263, 185, 624, 
1102, 1210, 107, -1156, 497, 658, 517, 341, 478, 263, 195, 624, 
1102, 1210, 107, -1156, 497, 658, 517, 341, 478, 263, 195, 624, 
1102, 1210, 107, -1156, 497, 658, 517, 341, 478, 263, 195, 624, 
1102, 1210, 107, -1156, 497, 658, 517, 341, 478, 263, 195, 624, 
1102, 1200, 97, -1151, 502, 649, 527, 341, 488, 263, 195, 624, 
1102, 1200, 97, -1151, 502, 649, 527, 341, 488, 263, 195, 624, 
1102, 1200, 97, -1151, 502, 649, 527, 341, 488, 263, 195, 624, 
1102, 1200, 97, -1151, 502, 649, 527, 341, 488, 263, 195, 624, 
1093, 1190, 97, -1141, 497, 644, 536, 341, 488, 253, 195, 624, 
1093, 1190, 97, -1141, 497, 644, 536, 341, 488, 253, 195, 624, 
1093, 1190, 97, -1141, 497, 644, 536, 341, 488, 253, 195, 624, 
1093, 1190, 97, -1141, 497, 644, 536, 341, 488, 253, 195, 624, 
1102, 1200, 97, -1151, 502, 649, 536, 351, 497, 263, 195, 624, 
1102, 1200, 97, -1151, 502, 649, 536, 351, 497, 263, 195, 624, 
1102, 1200, 97, -1151, 502, 649, 536, 351, 497, 263, 195, 624, 
1102, 1200, 97, -1151, 502, 649, 536, 351, 497, 263, 195, 624, 
1093, 1200, 107, -1146, 492, 653, 536, 361, 497, 273, 204, 624, 
1093, 1200, 107, -1146, 492, 653, 536, 361, 497, 273, 204, 624, 
1093, 1200, 107, -1146, 492, 653, 536, 361, 497, 273, 204, 624, 
1093, 1200, 107, -1146, 492, 653, 536, 361, 497, 273, 204, 624, 
1102, 1200, 97, -1151, 502, 649, 536, 361, 497, 273, 204, 614, 
1102, 1200, 97, -1151, 502, 649, 536, 361, 497, 273, 204, 614, 
1102, 1200, 97, -1151, 502, 649, 536, 361, 497, 273, 204, 614, 
1102, 1200, 97, -1151, 502, 649, 536, 361, 497, 273, 204, 614, 
1093, 1190, 97, -1141, 497, 644, 536, 370, 497, 273, 204, 624, 
1093, 1190, 97, -1141, 497, 644, 536, 370, 497, 273, 204, 624, 
1093, 1190, 97, -1141, 497, 644, 536, 370, 497, 273, 204, 624, 
1093, 1190, 97, -1141, 497, 644, 536, 370, 497, 273, 204, 624, 
1083, 1200, 117, -1141, 483, 658, 546, 380, 502, 273, 214, 624, 
1083, 1200, 117, -1141, 483, 658, 546, 380, 507, 273, 214, 624, 
1083, 1200, 117, -1141, 483, 658, 546, 380, 512, 273, 214, 624, 
1083, 1200, 117, -1141, 483, 658, 546, 380, 517, 273, 214, 624, 
1083, 1200, 117, -1141, 483, 658, 556, 390, 517, 273, 214, 624, 
1083, 1200, 117, -1141, 483, 658, 556, 390, 517, 273, 214, 624, 
1083, 1200, 117, -1141, 483, 658, 556, 390, 517, 273, 214, 624, 
1083, 1200, 117, -1141, 483, 658, 556, 390, 517, 273, 214, 624, 
1083, 1200, 117, -1141, 483, 658, 566, 395, 527, 283, 214, 624, 
1083, 1200, 117, -1141, 483, 658, 566, 400, 527, 283, 214, 624, 
1083, 1200, 117, -1141, 483, 658, 566, 405, 527, 283, 214, 624, 
1083, 1200, 117, -1141, 483, 658, 566, 409, 527, 283, 214, 624, 
1083, 1200, 117, -1141, 483, 658, 566, 419, 536, 283, 224, 624, 
1083, 1200, 117, -1141, 483, 658, 566, 419, 536, 283, 224, 624, 
1083, 1200, 117, -1141, 483, 658, 566, 419, 536, 283, 224, 624, 
1083, 1200, 117, -1141, 483, 658, 566, 419, 536, 283, 224, 624, 
1093, 1205, 112, -1149, 490, 658, 575, 429, 536, 283, 224, 624, 
1093, 1210, 117, -1151, 488, 663, 575, 429, 536, 283, 224, 624, 
1093, 1215, 122, -1154, 485, 668, 575, 429, 536, 283, 224, 624, 
1093, 1220, 126, -1156, 483, 673, 575, 429, 536, 283, 224, 624, 
1093, 1220, 126, -1156, 483, 673, 585, 444, 541, 292, 234, 634, 
1093, 1220, 126, -1156, 483, 673, 585, 448, 546, 292, 234, 634, 
1093, 1220, 126, -1156, 483, 673, 585, 453, 551, 292, 234, 634, 
1093, 1220, 126, -1156, 483, 673, 585, 458, 556, 292, 234, 634, 
1093, 1229, 136, -1161, 478, 683, 595, 473, 561, 302, 239, 634, 
1093, 1229, 136, -1161, 478, 683, 595, 478, 566, 302, 244, 634, 
1093, 1229, 136, -1161, 478, 683, 595, 483, 570, 302, 248, 634, 
1093, 1229, 136, -1161, 478, 683, 595, 488, 575, 302, 253, 634, 
1083, 1229, 146, -1156, 468, 688, 600, 502, 580, 312, 263, 634, 
1083, 1229, 146, -1156, 468, 688, 605, 507, 585, 312, 263, 634, 
1083, 1229, 146, -1156, 468, 688, 610, 512, 590, 312, 263, 634, 
1083, 1229, 146, -1156, 468, 688, 614, 517, 595, 312, 263, 634, 
1093, 1234, 141, -1163, 475, 688, 624, 531, 600, 317, 263, 634, 
1093, 1239, 146, -1166, 473, 692, 624, 536, 605, 322, 263, 634, 
1093, 1244, 151, -1168, 470, 697, 624, 541, 610, 326, 263, 634, 
1093, 1249, 156, -1171, 468, 702, 624, 546, 614, 331, 263, 634, 
1102, 1254, 151, -1178, 475, 702, 634, 561, 619, 341, 268, 644, 
1102, 1259, 156, -1180, 473, 707, 634, 566, 624, 341, 273, 644, 
1102, 1263, 161, -1183, 470, 712, 634, 570, 629, 341, 278, 644, 
1102, 1268, 165, -1185, 468, 717, 634, 575, 634, 341, 283, 644, 
1102, 1268, 165, -1185, 468, 717, 644, 580, 639, 346, 287, 653, 
1102, 1268, 165, -1185, 468, 717, 644, 585, 644, 351, 292, 653, 
1102, 1268, 165, -1185, 468, 717, 644, 590, 649, 356, 297, 653, 
1102, 1268, 165, -1185, 468, 717, 644, 595, 653, 361, 302, 653, 
1112, 1268, 156, -1190, 478, 712, 644, 600, 653, 361, 302, 663, 
1112, 1268, 156, -1190, 478, 712, 644, 605, 653, 361, 302, 663, 
1112, 1268, 156, -1190, 478, 712, 644, 610, 653, 361, 302, 663, 
1112, 1268, 156, -1190, 478, 712, 644, 614, 653, 361, 302, 663, 
1122, 1278, 156, -1200, 483, 717, 644, 624, 653, 370, 312, 663, 
1122, 1278, 156, -1200, 483, 717, 644, 624, 653, 370, 312, 663, 
1122, 1278, 156, -1200, 483, 717, 644, 624, 653, 370, 312, 663, 
1122, 1278, 156, -1200, 483, 717, 644, 624, 653, 370, 312, 663, 
1122, 1288, 165, -1205, 478, 727, 634, 624, 663, 370, 322, 663, 
1122, 1288, 165, -1205, 478, 727, 634, 624, 663, 370, 322, 663, 
1122, 1288, 165, -1205, 478, 727, 634, 624, 663, 370, 322, 663, 
1122, 1288, 165, -1205, 478, 727, 634, 624, 663, 370, 322, 663, 
1132, 1288, 156, -1210, 488, 722, 624, 624, 663, 380, 322, 673, 
1132, 1288, 156, -1210, 488, 722, 624, 624, 663, 380, 322, 673, 
1132, 1288, 156, -1210, 488, 722, 624, 624, 663, 380, 322, 673, 
1132, 1288, 156, -1210, 488, 722, 624, 624, 663, 380, 322, 673, 
1132, 1278, 146, -1205, 492, 712, 619, 610, 658, 370, 331, 673, 
1132, 1278, 146, -1205, 492, 712, 614, 605, 653, 370, 331, 673, 
1132, 1278, 146, -1205, 492, 712, 610, 600, 649, 370, 331, 673, 
1132, 1278, 146, -1205, 492, 712, 605, 595, 644, 370, 331, 673, 
1122, 1268, 146, -1195, 488, 707, 600, 585, 639, 361, 322, 663, 
1122, 1268, 146, -1195, 488, 707, 595, 575, 634, 361, 322, 663, 
1122, 1268, 146, -1195, 488, 707, 590, 566, 629, 361, 322, 663, 
1122, 1268, 146, -1195, 488, 707, 585, 556, 624, 361, 322, 663, 
1112, 1254, 141, -1183, 485, 697, 570, 536, 610, 356, 322, 663, 
1112, 1249, 136, -1180, 488, 692, 566, 527, 605, 351, 322, 663, 
1112, 1244, 131, -1178, 490, 688, 561, 517, 600, 346, 322, 663, 
1112, 1239, 126, -1176, 492, 683, 556, 507, 595, 341, 322, 663, 
1112, 1229, 117, -1171, 497, 673, 546, 488, 585, 331, 322, 663, 
1112, 1229, 117, -1171, 497, 673, 546, 478, 585, 331, 322, 663, 
1112, 1229, 117, -1171, 497, 673, 546, 468, 585, 331, 322, 663, 
1112, 1229, 117, -1171, 497, 673, 546, 458, 585, 331, 322, 663, 
1102, 1215, 112, -1159, 495, 663, 541, 439, 575, 317, 317, 658, 
1102, 1210, 107, -1156, 497, 658, 536, 429, 566, 312, 312, 653, 
1102, 1205, 102, -1154, 500, 653, 531, 419, 556, 307, 307, 649, 
1102, 1200, 97, -1151, 502, 649, 527, 409, 546, 302, 302, 644, 
1102, 1190, 87, -1146, 507, 639, 522, 400, 531, 297, 297, 634, 
1102, 1190, 87, -1146, 507, 639, 517, 390, 527, 292, 292, 634, 
1102, 1190, 87, -1146, 507, 639, 512, 380, 522, 287, 287, 634, 
1102, 1190, 87, -1146, 507, 639, 507, 370, 517, 283, 283, 634, 
1098, 1185, 87, -1141, 505, 636, 507, 366, 512, 273, 283, 624, 
1093, 1180, 87, -1137, 502, 634, 507, 361, 507, 273, 283, 624, 
1088, 1176, 87, -1132, 500, 631, 507, 356, 502, 273, 283, 624, 
1083, 1171, 87, -1127, 497, 629, 507, 351, 497, 273, 283, 624, 
1073, 1166, 92, -1119, 490, 629, 497, 341, 488, 268, 278, 614, 
1073, 1161, 87, -1117, 492, 624, 497, 341, 488, 263, 273, 614, 
1073, 1156, 82, -1115, 495, 619, 497, 341, 488, 258, 268, 614, 
1073, 1151, 78, -1112, 497, 614, 497, 341, 488, 253, 263, 614, 
1073, 1141, 68, -1107, 502, 605, 497, 331, 478, 244, 263, 614, 
1073, 1141, 68, -1107, 502, 605, 497, 331, 478, 244, 263, 614, 
1073, 1141, 68, -1107, 502, 605, 497, 331, 478, 244, 263, 614, 
1073, 1141, 68, -1107, 502, 605, 497, 331, 478, 244, 263, 614, 
1073, 1132, 58, -1102, 507, 595, 497, 331, 468, 244, 263, 605, 
1073, 1132, 58, -1102, 507, 595, 497, 331, 468, 244, 263, 605, 
1073, 1132, 58, -1102, 507, 595, 497, 331, 468, 244, 263, 605, 
1073, 1132, 58, -1102, 507, 595, 497, 331, 468, 244, 263, 605, 
1073, 1122, 48, -1098, 512, 585, 488, 331, 468, 239, 253, 605, 
1073, 1122, 48, -1098, 512, 585, 488, 331, 468, 234, 253, 605, 
1073, 1122, 48, -1098, 512, 585, 488, 331, 468, 229, 253, 605, 
1073, 1122, 48, -1098, 512, 585, 488, 331, 468, 224, 253, 605, 
1073, 1122, 48, -1098, 512, 585, 488, 322, 458, 214, 244, 595, 
1073, 1122, 48, -1098, 512, 585, 488, 322, 458, 214, 244, 595, 
1073, 1122, 48, -1098, 512, 585, 488, 322, 458, 214, 244, 595, 
1073, 1122, 48, -1098, 512, 585, 488, 322, 458, 214, 244, 595, 
1063, 1112, 48, -1088, 507, 580, 488, 322, 458, 214, 253, 595, 
1063, 1112, 48, -1088, 507, 580, 488, 322, 458, 214, 253, 595, 
1063, 1112, 48, -1088, 507, 580, 488, 322, 458, 214, 253, 595, 
1063, 1112, 48, -1088, 507, 580, 488, 322, 458, 214, 253, 595, 
1073, 1122, 48, -1098, 512, 585, 488, 331, 458, 224, 253, 595, 
1073, 1122, 48, -1098, 512, 585, 488, 331, 458, 224, 253, 595, 
1073, 1122, 48, -1098, 512, 585, 488, 331, 458, 224, 253, 595, 
1073, 1122, 48, -1098, 512, 585, 488, 331, 458, 224, 253, 595, 
1073, 1122, 48, -1098, 512, 585, 488, 322, 468, 224, 253, 595, 
1073, 1122, 48, -1098, 512, 585, 488, 322, 468, 224, 253, 595, 
1073, 1122, 48, -1098, 512, 585, 488, 322, 468, 224, 253, 595, 
1073, 1122, 48, -1098, 512, 585, 488, 322, 468, 224, 253, 595, 
1063, 1122, 58, -1093, 502, 590, 497, 322, 468, 224, 253, 595, 
1063, 1122, 58, -1093, 502, 590, 497, 322, 468, 224, 253, 595, 
1063, 1122, 58, -1093, 502, 590, 497, 322, 468, 224, 253, 595, 
1063, 1122, 58, -1093, 502, 590, 497, 322, 468, 224, 253, 595, 
1063, 1122, 58, -1093, 502, 590, 488, 322, 468, 234, 263, 595, 
1063, 1122, 58, -1093, 502, 590, 488, 322, 468, 234, 263, 595, 
1063, 1122, 58, -1093, 502, 590, 488, 322, 468, 234, 263, 595, 
1063, 1122, 58, -1093, 502, 590, 488, 322, 468, 234, 263, 595, 
1054, 1122, 68, -1088, 492, 595, 478, 312, 468, 244, 273, 595, 
1054, 1122, 68, -1088, 492, 595, 478, 312, 468, 244, 273, 595, 
1054, 1122, 68, -1088, 492, 595, 478, 312, 468, 244, 273, 595, 
1054, 1122, 68, -1088, 492, 595, 478, 312, 468, 244, 273, 595, 
1054, 1132, 78, -1093, 488, 605, 488, 322, 478, 244, 273, 595, 
1054, 1132, 78, -1093, 488, 605, 488, 322, 478, 244, 273, 595, 
1054, 1132, 78, -1093, 488, 605, 488, 322, 478, 244, 273, 595, 
1054, 1132, 78, -1093, 488, 605, 488, 322, 478, 244, 273, 595, 
1058, 1132, 73, -1095, 492, 602, 478, 322, 488, 253, 283, 605, 
1063, 1132, 68, -1098, 497, 600, 478, 322, 488, 253, 283, 605, 
1068, 1132, 63, -1100, 502, 597, 478, 322, 488, 253, 283, 605, 
1073, 1132, 58, -1102, 507, 595, 478, 322, 488, 253, 283, 605, 
1063, 1132, 68, -1098, 497, 600, 478, 322, 488, 253, 292, 605, 
1063, 1132, 68, -1098, 497, 600, 478, 322, 488, 253, 292, 605, 
1063, 1132, 68, -1098, 497, 600, 478, 322, 488, 253, 292, 605, 
1063, 1132, 68, -1098, 497, 600, 478, 322, 488, 253, 292, 605, 
1054, 1132, 78, -1093, 488, 605, 478, 312, 488, 253, 292, 605, 
1054, 1132, 78, -1093, 488, 605, 478, 312, 488, 253, 292, 605, 
1054, 1132, 78, -1093, 488, 605, 478, 312, 488, 253, 292, 605, 
1054, 1132, 78, -1093, 488, 605, 478, 312, 488, 253, 292, 605, 
1054, 1132, 78, -1093, 488, 605, 478, 312, 488, 253, 292, 595, 
1054, 1132, 78, -1093, 488, 605, 478, 312, 488, 253, 292, 595, 
1054, 1132, 78, -1093, 488, 605, 478, 312, 488, 253, 292, 595, 
1054, 1132, 78, -1093, 488, 605, 478, 312, 488, 253, 292, 595, 
1063, 1122, 58, -1093, 502, 590, 478, 322, 488, 253, 302, 605, 
1063, 1122, 58, -1093, 502, 590, 478, 322, 488, 253, 302, 605, 
1063, 1122, 58, -1093, 502, 590, 478, 322, 488, 253, 302, 605, 
1063, 1122, 58, -1093, 502, 590, 478, 322, 488, 253, 302, 605, 
1063, 1122, 58, -1093, 502, 590, 478, 322, 488, 263, 302, 595, 
1063, 1122, 58, -1093, 502, 590, 478, 322, 488, 263, 302, 595, 
1063, 1122, 58, -1093, 502, 590, 478, 322, 488, 263, 302, 595, 
1063, 1122, 58, -1093, 502, 590, 478, 322, 488, 263, 302, 595, 
1054, 1122, 68, -1088, 492, 595, 478, 322, 497, 263, 302, 605, 
1054, 1122, 68, -1088, 492, 595, 478, 322, 497, 263, 302, 605, 
1054, 1122, 68, -1088, 492, 595, 478, 322, 497, 263, 302, 605, 
1054, 1122, 68, -1088, 492, 595, 478, 322, 497, 263, 302, 605, 
1044, 1122, 78, -1083, 483, 600, 478, 322, 488, 263, 302, 595, 
1044, 1122, 78, -1083, 483, 600, 478, 322, 488, 263, 302, 595, 
1044, 1122, 78, -1083, 483, 600, 478, 322, 488, 263, 302, 595, 
1044, 1122, 78, -1083, 483, 600, 478, 322, 488, 263, 302, 595, 
1044, 1122, 78, -1083, 483, 600, 478, 322, 488, 263, 302, 595, 
1044, 1122, 78, -1083, 483, 600, 478, 322, 488, 263, 302, 595, 
1044, 1122, 78, -1083, 483, 600, 478, 322, 488, 263, 302, 595, 
1044, 1122, 78, -1083, 483, 600, 478, 322, 488, 263, 302, 595, 
1054, 1122, 68, -1088, 492, 595, 478, 322, 488, 263, 302, 595, 
1054, 1122, 68, -1088, 492, 595, 478, 322, 488, 263, 302, 595, 
1054, 1122, 68, -1088, 492, 595, 478, 322, 488, 263, 302, 595, 
1054, 1122, 68, -1088, 492, 595, 478, 322, 488, 263, 302, 595, 
1054, 1112, 58, -1083, 497, 585, 478, 312, 488, 253, 302, 585, 
1054, 1112, 58, -1083, 497, 585, 478, 312, 488, 253, 302, 585, 
1054, 1112, 58, -1083, 497, 585, 478, 312, 488, 253, 302, 585, 
1054, 1112, 58, -1083, 497, 585, 478, 312, 488, 253, 302, 585, 
1054, 1122, 68, -1088, 492, 595, 478, 312, 488, 263, 302, 585, 
1054, 1122, 68, -1088, 492, 595, 478, 312, 488, 263, 302, 585, 
1054, 1122, 68, -1088, 492, 595, 478, 312, 488, 263, 302, 585, 
1054, 1122, 68, -1088, 492, 595, 478, 312, 488, 263, 302, 585, 
1054, 1122, 68, -1088, 492, 595, 468, 312, 478, 258, 302, 575, 
1054, 1122, 68, -1088, 492, 595, 468, 312, 478, 253, 302, 575, 
1054, 1122, 68, -1088, 492, 595, 468, 312, 478, 248, 302, 575, 
1054, 1122, 68, -1088, 492, 595, 468, 312, 478, 244, 302, 575, 
1044, 1112, 68, -1078, 488, 590, 468, 312, 478, 244, 292, 575, 
1044, 1112, 68, -1078, 488, 590, 468, 312, 478, 244, 292, 575, 
1044, 1112, 68, -1078, 488, 590, 468, 312, 478, 244, 292, 575, 
1044, 1112, 68, -1078, 488, 590, 468, 312, 478, 244, 292, 575, 
1034, 1112, 78, -1073, 478, 595, 468, 302, 478, 244, 283, 566, 
1034, 1112, 78, -1073, 478, 595, 468, 302, 478, 244, 283, 566, 
1034, 1112, 78, -1073, 478, 595, 468, 302, 478, 244, 283, 566, 
1034, 1112, 78, -1073, 478, 595, 468, 302, 478, 244, 283, 566, 
1044, 1112, 68, -1078, 488, 590, 468, 302, 468, 244, 292, 566, 
1044, 1112, 68, -1078, 488, 590, 468, 302, 468, 244, 292, 566, 
1044, 1112, 68, -1078, 488, 590, 468, 302, 468, 244, 292, 566, 
1044, 1112, 68, -1078, 488, 590, 468, 302, 468, 244, 292, 566, 
1044, 1102, 58, -1073, 492, 580, 478, 302, 468, 244, 292, 566, 
1044, 1102, 58, -1073, 492, 580, 478, 302, 468, 244, 292, 566, 
1044, 1102, 58, -1073, 492, 580, 478, 302, 468, 244, 292, 566, 
1044, 1102, 58, -1073, 492, 580, 478, 302, 468, 244, 292, 566, 
1034, 1102, 68, -1068, 483, 585, 468, 302, 478, 244, 292, 566, 
1034, 1102, 68, -1068, 483, 585, 468, 302, 478, 244, 292, 566, 
1034, 1102, 68, -1068, 483, 585, 468, 302, 478, 244, 292, 566, 
1034, 1102, 68, -1068, 483, 585, 468, 302, 478, 244, 292, 566, 
1034, 1102, 68, -1068, 483, 585, 468, 302, 468, 244, 292, 566, 
1034, 1102, 68, -1068, 483, 585, 468, 302, 468, 244, 292, 566, 
1034, 1102, 68, -1068, 483, 585, 468, 302, 468, 244, 292, 566, 
1034, 1102, 68, -1068, 483, 585, 468, 302, 468, 244, 292, 566, 
1034, 1093, 58, -1063, 488, 575, 478, 302, 468, 244, 292, 566, 
1034, 1093, 58, -1063, 488, 575, 478, 302, 468, 244, 292, 566, 
1034, 1093, 58, -1063, 488, 575, 478, 302, 468, 244, 292, 566, 
1034, 1093, 58, -1063, 488, 575, 478, 302, 468, 244, 292, 566, 
1024, 1083, 58, -1054, 483, 570, 478, 302, 468, 244, 292, 556, 
1024, 1083, 58, -1054, 483, 570, 478, 302, 468, 244, 292, 556, 
1024, 1083, 58, -1054, 483, 570, 478, 302, 468, 244, 292, 556, 
1024, 1083, 58, -1054, 483, 570, 478, 302, 468, 244, 292, 556, 
1034, 1093, 58, -1063, 488, 575, 468, 302, 468, 244, 292, 556, 
1034, 1093, 58, -1063, 488, 575, 468, 302, 468, 244, 292, 556, 
1034, 1093, 58, -1063, 488, 575, 468, 302, 468, 244, 292, 556, 
1034, 1093, 58, -1063, 488, 575, 468, 302, 468, 244, 292, 556, 
1024, 1093, 68, -1058, 478, 580, 468, 312, 468, 244, 292, 546, 
1024, 1093, 68, -1058, 478, 580, 468, 312, 468, 244, 292, 546, 
1024, 1093, 68, -1058, 478, 580, 468, 312, 468, 244, 292, 546, 
1024, 1093, 68, -1058, 478, 580, 468, 312, 468, 244, 292, 546, 
1024, 1083, 58, -1054, 483, 570, 468, 312, 458, 234, 292, 546, 
1024, 1083, 58, -1054, 483, 570, 468, 312, 458, 234, 292, 546, 
1024, 1083, 58, -1054, 483, 570, 468, 312, 458, 234, 292, 546, 
1024, 1083, 58, -1054, 483, 570, 468, 312, 458, 234, 292, 546, 
1024, 1073, 48, -1049, 488, 561, 468, 302, 468, 234, 283, 536, 
1024, 1073, 48, -1049, 488, 561, 468, 302, 468, 234, 283, 536, 
1024, 1073, 48, -1049, 488, 561, 468, 302, 468, 234, 283, 536, 
1024, 1073, 48, -1049, 488, 561, 468, 302, 468, 234, 283, 536, 
1015, 1083, 68, -1049, 473, 575, 468, 302, 468, 234, 283, 536, 
1015, 1083, 68, -1049, 473, 575, 468, 302, 468, 229, 283, 531, 
1015, 1078, 63, -1046, 475, 570, 468, 302, 468, 229, 283, 531, 
1015, 1078, 63, -1046, 475, 570, 468, 302, 468, 234, 287, 531, 
1015, 1078, 63, -1046, 475, 570, 468, 302, 458, 234, 287, 531, 
1015, 1078, 63, -1046, 475, 570, 468, 302, 458, 239, 287, 531, 
1015, 1083, 68, -1049, 473, 575, 468, 307, 458, 239, 283, 536, 
1015, 1083, 68, -1049, 473, 575, 468, 307, 463, 239, 283, 536, 
1015, 1093, 78, -1054, 468, 585, 478, 307, 473, 244, 292, 546, 
1015, 1093, 78, -1054, 468, 585, 478, 307, 473, 244, 292, 546, 
1015, 1098, 82, -1056, 466, 590, 478, 302, 473, 248, 297, 546, 
1015, 1102, 87, -1058, 463, 595, 478, 302, 478, 248, 297, 546, 
1024, 1098, 73, -1061, 475, 585, 478, 312, 478, 248, 287, 546, 
1024, 1098, 73, -1061, 475, 585, 478, 317, 483, 253, 292, 546, 
1024, 1107, 82, -1066, 470, 595, 478, 317, 488, 253, 292, 551, 
1024, 1112, 87, -1068, 468, 600, 478, 317, 492, 263, 297, 551, 
1024, 1107, 82, -1066, 470, 595, 468, 307, 488, 258, 302, 551, 
1029, 1112, 82, -1071, 473, 597, 468, 307, 492, 263, 312, 551, 
1029, 1122, 92, -1076, 468, 607, 473, 307, 488, 258, 312, 551, 
1029, 1127, 97, -1078, 466, 612, 473, 307, 488, 253, 312, 551, 
1019, 1127, 107, -1073, 456, 617, 473, 307, 502, 258, 312, 556, 
1019, 1127, 107, -1073, 456, 617, 478, 307, 507, 263, 312, 556, 
1019, 1127, 107, -1073, 456, 617, 483, 307, 507, 273, 317, 556, 
1019, 1127, 107, -1073, 456, 617, 483, 307, 512, 278, 317, 561, 
1029, 1146, 117, -1088, 456, 631, 473, 307, 512, 268, 317, 561, 
1029, 1151, 122, -1090, 453, 636, 478, 307, 512, 268, 317, 561, 
1029, 1156, 126, -1093, 451, 641, 478, 317, 512, 273, 317, 561, 
1034, 1161, 126, -1098, 453, 644, 488, 326, 517, 278, 322, 566, 
1029, 1156, 126, -1093, 451, 641, 488, 326, 522, 287, 322, 566, 
1039, 1166, 126, -1102, 456, 646, 483, 326, 522, 292, 326, 566, 
1039, 1171, 131, -1105, 453, 651, 478, 322, 522, 297, 331, 575, 
1039, 1180, 141, -1110, 448, 661, 478, 317, 527, 302, 336, 575, 
1049, 1176, 126, -1112, 461, 651, 463, 317, 527, 292, 336, 566, 
1049, 1171, 122, -1110, 463, 646, 453, 317, 527, 292, 341, 570, 
1054, 1161, 107, -1107, 473, 634, 444, 317, 522, 292, 341, 570, 
1054, 1151, 97, -1102, 478, 624, 434, 312, 517, 287, 336, 566, 
1058, 1151, 92, -1105, 483, 622, 424, 302, 502, 278, 331, 556, 
1058, 1151, 92, -1105, 483, 622, 414, 292, 497, 273, 331, 561, 
1058, 1151, 92, -1105, 483, 622, 409, 287, 492, 263, 331, 561, 
1063, 1151, 87, -1107, 488, 619, 405, 283, 492, 263, 326, 561, 
1054, 1146, 92, -1100, 480, 619, 414, 287, 492, 268, 336, 570, 
1054, 1146, 92, -1100, 480, 619, 414, 287, 492, 268, 336, 566, 
1058, 1141, 82, -1100, 488, 612, 414, 297, 492, 273, 331, 566, 
1063, 1141, 78, -1102, 492, 610, 419, 302, 492, 283, 331, 566, 
1054, 1146, 92, -1100, 480, 619, 419, 302, 492, 283, 326, 566, 
1058, 1141, 82, -1100, 488, 612, 419, 302, 483, 278, 326, 566, 
1058, 1137, 78, -1098, 490, 607, 424, 302, 483, 273, 326, 566, 
1058, 1132, 73, -1095, 492, 602, 424, 302, 478, 273, 322, 566, 
1063, 1122, 58, -1093, 502, 590, 434, 307, 478, 273, 326, 566, 
1063, 1117, 53, -1090, 505, 585, 439, 312, 483, 273, 326, 561, 
1058, 1117, 58, -1088, 500, 588, 448, 312, 483, 273, 326, 561, 
1049, 1117, 68, -1083, 490, 592, 448, 312, 483, 273, 326, 561, 
1049, 1117, 68, -1083, 490, 592, 439, 307, 468, 273, 326, 551, 
1044, 1112, 68, -1078, 488, 590, 439, 307, 468, 268, 322, 551, 
1039, 1107, 68, -1073, 485, 588, 448, 307, 463, 268, 322, 546, 
1029, 1107, 78, -1068, 475, 592, 448, 307, 463, 258, 312, 536, 
1010, 1098, 87, -1054, 461, 592, 458, 307, 463, 258, 302, 531, 
1005, 1093, 87, -1049, 458, 590, 463, 302, 458, 253, 302, 531, 
1000, 1083, 82, -1041, 458, 583, 463, 302, 453, 253, 297, 527, 
995, 1073, 78, -1034, 458, 575, 463, 302, 448, 248, 287, 522, 
995, 1058, 63, -1027, 466, 561, 468, 302, 448, 244, 287, 507, 
995, 1058, 63, -1027, 466, 561, 468, 297, 448, 239, 283, 507, 
990, 1054, 63, -1022, 463, 558, 468, 297, 448, 234, 278, 502, 
990, 1054, 63, -1022, 463, 558, 468, 297, 448, 234, 273, 502, 
990, 1058, 68, -1024, 461, 563, 458, 292, 453, 229, 278, 502, 
990, 1054, 63, -1022, 463, 558, 458, 292, 448, 229, 278, 497, 
990, 1049, 58, -1019, 466, 553, 458, 292, 444, 229, 283, 497, 
985, 1049, 63, -1017, 461, 556, 458, 292, 444, 224, 283, 497, 
985, 1044, 58, -1015, 463, 551, 458, 297, 434, 229, 273, 507, 
985, 1039, 53, -1012, 466, 546, 458, 297, 434, 224, 273, 502, 
980, 1034, 53, -1007, 463, 544, 458, 297, 434, 224, 273, 502, 
980, 1034, 53, -1007, 463, 544, 458, 302, 434, 224, 273, 502, 
980, 1024, 43, -1002, 468, 534, 463, 292, 439, 214, 268, 492, 
980, 1024, 43, -1002, 468, 534, 463, 287, 439, 214, 268, 488, 
971, 1024, 53, -997, 458, 539, 463, 287, 439, 214, 268, 488, 
971, 1019, 48, -995, 461, 534, 463, 292, 439, 214, 268, 488, 
980, 1024, 43, -1002, 468, 534, 468, 283, 434, 214, 268, 488, 
980, 1029, 48, -1005, 466, 539, 468, 283, 434, 219, 268, 488, 
976, 1029, 53, -1002, 461, 541, 468, 283, 434, 219, 263, 483, 
971, 1034, 63, -1002, 453, 549, 468, 283, 434, 219, 263, 483, 
971, 1024, 53, -997, 458, 539, 473, 292, 444, 224, 273, 488, 
976, 1024, 48, -1000, 463, 536, 473, 292, 439, 224, 273, 488, 
976, 1019, 43, -997, 466, 531, 468, 297, 439, 219, 273, 483, 
971, 1019, 48, -995, 461, 534, 468, 297, 434, 219, 273, 483, 
971, 1019, 48, -995, 461, 534, 468, 292, 434, 224, 273, 483, 
961, 1024, 63, -993, 448, 544, 463, 283, 439, 224, 273, 483, 
961, 1029, 68, -995, 446, 549, 463, 278, 444, 229, 278, 483, 
961, 1029, 68, -995, 446, 549, 458, 273, 453, 234, 283, 488, 
966, 1039, 73, -1002, 446, 556, 458, 283, 458, 244, 283, 492, 
956, 1039, 82, -997, 436, 561, 463, 302, 468, 253, 287, 502, 
966, 1049, 82, -1007, 441, 566, 473, 336, 488, 273, 297, 507, 
980, 1068, 87, -1024, 446, 578, 463, 361, 492, 292, 317, 512, 
995, 1088, 92, -1041, 451, 590, 424, 341, 483, 312, 336, 527, 
1024, 1078, 53, -1051, 485, 566, 351, 283, 424, 312, 351, 531, 
1068, 1078, 9, -1073, 529, 544, 253, 209, 361, 312, 370, 546, 
1112, 1093, -19, -1102, 566, 536, 151, 156, 322, 331, 405, 566, 
1151, 1098, -53, -1124, 602, 522, 73, 107, 263, 331, 424, 590, 
1195, 1088, -107, -1141, 651, 490, 24, 82, 214, 341, 444, 595, 
1239, 1117, -122, -1178, 680, 497, -53, 29, 195, 370, 497, 629, 
1293, 1185, -107, -1239, 700, 539, -180, -63, 170, 444, 575, 692, 
1356, 1259, -97, -1307, 727, 580, -297, -156, 151, 517, 653, 761, 
1415, 1322, -92, -1368, 753, 614, -400, -244, 146, 585, 727, 810, 
1459, 1346, -112, -1403, 785, 617, -497, -312, 136, 634, 780, 849, 
1488, 1337, -151, -1412, 819, 592, -551, -341, 112, 653, 805, 854, 
1532, 1302, -229, -1417, 880, 536, -561, -322, 82, 629, 795, 844, 
1561, 1259, -302, -1410, 932, 478, -580, -322, 39, 566, 756, 824, 
1571, 1195, -375, -1383, 973, 409, -580, -312, -29, 448, 678, 790, 
1581, 1083, -497, -1332, 1039, 292, -536, -263, -136, 278, 546, 707, 
1571, 917, -653, -1244, 1112, 131, -458, -195, -278, 48, 361, 590, 
1566, 756, -810, -1161, 1188, -26, -380, -122, -409, -170, 180, 468, 
1561, 639, -922, -1100, 1241, -141, -307, -63, -492, -317, 53, 390, 
1542, 575, -966, -1058, 1254, -195, -209, 4, -517, -390, -19, 326, 
1512, 561, -951, -1037, 1232, -195, -126, 73, -473, -385, -48, 292, 
1488, 570, -917, -1029, 1202, -173, -29, 146, -400, -361, -39, 292, 
1459, 566, -893, -1012, 1176, -163, 53, 195, -317, -336, -34, 292, 
1410, 585, -824, -997, 1117, -119, 136, 224, -253, -317, -24, 283, 
1366, 614, -751, -990, 1058, -68, 195, 229, -200, -297, -19, 287, 
1332, 624, -707, -978, 1019, -41, 229, 239, -156, -268, -9, 292, 
1302, 634, -668, -968, 985, -17, 258, 258, -107, -229, 4, 297, 
1273, 653, -619, -963, 946, 17, 283, 253, -58, -190, 14, 302, 
1229, 673, -556, -951, 893, 58, 297, 248, -9, -151, 24, 302, 
1195, 702, -492, -949, 844, 104, 322, 248, 29, -102, 48, 312, 
1171, 736, -434, -954, 802, 151, 346, 258, 87, -63, 68, 317, 
1146, 775, -370, -961, 758, 202, 370, 278, 141, -24, 97, 317, 
1098, 810, -287, -954, 692, 261, 405, 283, 214, 19, 131, 336, 
1058, 844, -214, -951, 636, 314, 439, 287, 268, 63, 165, 356, 
1044, 868, -175, -956, 610, 346, 458, 292, 307, 78, 190, 375, 
1029, 893, -136, -961, 583, 378, 463, 292, 322, 92, 200, 405, 
1019, 922, -97, -971, 558, 412, 468, 297, 346, 112, 209, 419, 
1015, 941, -73, -978, 544, 434, 468, 297, 351, 131, 219, 429, 
1010, 946, -63, -978, 536, 441, 458, 297, 356, 146, 219, 439, 
1000, 951, -48, -976, 524, 451, 463, 292, 356, 156, 229, 434, 
990, 961, -29, -976, 509, 466, 468, 297, 366, 165, 239, 429, 
980, 966, -14, -973, 497, 475, 478, 312, 380, 170, 239, 434, 
976, 966, -9, -971, 492, 478, 488, 312, 405, 185, 248, 434, 
966, 971, 4, -968, 480, 488, 497, 317, 424, 190, 253, 429, 
951, 980, 29, -966, 461, 505, 517, 322, 429, 185, 258, 429, 
951, 980, 29, -966, 461, 505, 517, 322, 434, 190, 258, 434, 
951, 980, 29, -966, 461, 505, 517, 322, 434, 190, 258, 434, 
951, 980, 29, -966, 461, 505, 517, 322, 429, 190, 263, 434, 
951, 985, 34, -968, 458, 509, 507, 317, 419, 200, 253, 434, 
951, 985, 34, -968, 458, 509, 507, 317, 419, 204, 253, 434, 
946, 985, 39, -966, 453, 512, 507, 317, 419, 209, 253, 434, 
946, 985, 39, -966, 453, 512, 507, 326, 429, 209, 258, 434, 
941, 1000, 58, -971, 441, 529, 507, 326, 439, 200, 258, 424, 
941, 1000, 58, -971, 441, 529, 507, 326, 444, 200, 258, 434, 
941, 1000, 58, -971, 441, 529, 512, 326, 448, 204, 263, 439, 
941, 1000, 58, -971, 441, 529, 517, 326, 453, 204, 268, 439, 
936, 990, 53, -963, 441, 522, 517, 331, 458, 214, 268, 439, 
936, 995, 58, -966, 439, 527, 517, 331, 458, 214, 268, 439, 
936, 995, 58, -966, 439, 527, 517, 331, 453, 214, 268, 434, 
936, 995, 58, -966, 439, 527, 522, 331, 448, 209, 263, 434, 
936, 995, 58, -966, 439, 527, 522, 326, 448, 209, 253, 434, 
936, 1000, 63, -968, 436, 531, 517, 326, 458, 219, 253, 434, 
936, 1000, 63, -968, 436, 531, 517, 326, 458, 219, 253, 434, 
936, 1000, 63, -968, 436, 531, 517, 326, 458, 219, 258, 434, 
936, 1000, 63, -968, 436, 531, 517, 331, 463, 209, 258, 424, 
936, 1000, 63, -968, 436, 531, 522, 336, 463, 209, 258, 424, 
936, 1000, 63, -968, 436, 531, 527, 336, 468, 209, 258, 429, 
936, 1000, 63, -968, 436, 531, 527, 336, 468, 214, 258, 429, 
936, 1010, 73, -973, 431, 541, 527, 336, 468, 224, 268, 439, 
936, 1010, 73, -973, 431, 541, 527, 336, 468, 224, 268, 439, 
936, 1010, 73, -973, 431, 541, 531, 341, 468, 224, 268, 439, 
936, 1015, 78, -976, 429, 546, 531, 341, 468, 224, 263, 439, 
946, 1015, 68, -980, 439, 541, 527, 341, 468, 224, 263, 439, 
946, 1015, 68, -980, 439, 541, 527, 341, 468, 229, 263, 439, 
946, 1010, 63, -978, 441, 536, 531, 346, 468, 229, 263, 434, 
946, 1010, 63, -978, 441, 536, 531, 346, 473, 229, 263, 434, 
946, 1019, 73, -983, 436, 546, 531, 346, 478, 229, 263, 434, 
946, 1019, 73, -983, 436, 546, 531, 346, 478, 229, 263, 434, 
946, 1019, 73, -983, 436, 546, 531, 346, 478, 229, 263, 434, 
946, 1019, 73, -983, 436, 546, 531, 346, 478, 229, 263, 434, 
936, 1010, 73, -973, 431, 541, 531, 341, 483, 229, 263, 434, 
932, 1010, 78, -971, 427, 544, 531, 341, 483, 229, 263, 439, 
932, 1015, 82, -973, 424, 549, 531, 346, 483, 234, 263, 439, 
936, 1015, 78, -976, 429, 546, 536, 346, 478, 234, 263, 439, 
927, 1015, 87, -971, 419, 551, 536, 351, 478, 234, 273, 439, 
927, 1015, 87, -971, 419, 551, 536, 351, 478, 234, 273, 439, 
922, 1015, 92, -968, 414, 553, 536, 351, 483, 239, 273, 439, 
922, 1015, 92, -968, 414, 553, 536, 351, 483, 239, 278, 439, 
932, 1015, 82, -973, 424, 549, 536, 356, 488, 224, 268, 439, 
932, 1015, 82, -973, 424, 549, 541, 356, 488, 224, 268, 439, 
932, 1015, 82, -973, 424, 549, 541, 356, 492, 229, 273, 434, 
936, 1015, 78, -976, 429, 546, 541, 361, 492, 234, 273, 434, 
936, 1015, 78, -976, 429, 546, 541, 361, 492, 244, 273, 424, 
936, 1024, 87, -980, 424, 556, 541, 361, 492, 244, 273, 434, 
936, 1024, 87, -980, 424, 556, 546, 366, 492, 244, 273, 434, 
936, 1019, 82, -978, 427, 551, 551, 370, 497, 244, 273, 439, 
936, 1019, 82, -978, 427, 551, 541, 370, 488, 234, 273, 429, 
936, 1024, 87, -980, 424, 556, 541, 370, 488, 234, 273, 429, 
936, 1024, 87, -980, 424, 556, 541, 375, 488, 234, 273, 429, 
932, 1024, 92, -978, 419, 558, 541, 375, 492, 239, 273, 429, 
932, 1015, 82, -973, 424, 549, 546, 375, 502, 248, 283, 439, 
932, 1019, 87, -976, 422, 553, 546, 385, 502, 248, 283, 439, 
932, 1019, 87, -976, 422, 553, 546, 385, 507, 248, 287, 439, 
932, 1024, 92, -978, 419, 558, 546, 390, 507, 248, 287, 434, 
922, 1024, 102, -973, 409, 563, 551, 395, 502, 248, 278, 434, 
922, 1024, 102, -973, 409, 563, 551, 400, 502, 248, 278, 434, 
927, 1019, 92, -973, 417, 556, 551, 405, 502, 248, 278, 434, 
927, 1019, 92, -973, 417, 556, 556, 409, 502, 248, 278, 434, 
927, 1029, 102, -978, 412, 566, 556, 409, 512, 244, 278, 429, 
927, 1034, 107, -980, 409, 570, 566, 414, 512, 248, 283, 429, 
927, 1044, 117, -985, 405, 580, 566, 419, 512, 253, 283, 429, 
927, 1049, 122, -988, 402, 585, 566, 424, 522, 253, 283, 434, 
936, 1058, 122, -997, 407, 590, 566, 429, 517, 253, 287, 434, 
936, 1063, 126, -1000, 405, 595, 570, 434, 517, 258, 287, 434, 
936, 1068, 131, -1002, 402, 600, 570, 439, 517, 258, 283, 434, 
936, 1073, 136, -1005, 400, 605, 575, 444, 517, 258, 283, 434, 
946, 1063, 117, -1005, 414, 590, 590, 448, 522, 258, 283, 434, 
946, 1073, 126, -1010, 409, 600, 590, 453, 527, 263, 283, 444, 
946, 1073, 126, -1010, 409, 600, 590, 458, 531, 268, 287, 444, 
946, 1073, 126, -1010, 409, 600, 590, 468, 531, 273, 292, 439, 
936, 1063, 126, -1000, 405, 595, 590, 473, 541, 273, 292, 439, 
936, 1068, 131, -1002, 402, 600, 595, 488, 546, 273, 292, 444, 
936, 1068, 131, -1002, 402, 600, 595, 492, 546, 283, 292, 444, 
941, 1073, 131, -1007, 405, 602, 600, 497, 551, 287, 292, 448, 
932, 1088, 156, -1010, 387, 622, 605, 502, 556, 287, 297, 439, 
941, 1093, 151, -1017, 395, 622, 605, 512, 561, 287, 297, 434, 
946, 1098, 151, -1022, 397, 624, 605, 522, 566, 287, 302, 434, 
946, 1102, 156, -1024, 395, 629, 610, 527, 570, 297, 307, 444, 
946, 1117, 170, -1032, 387, 644, 619, 536, 575, 302, 317, 444, 
946, 1117, 170, -1032, 387, 644, 619, 541, 580, 307, 317, 444, 
946, 1122, 175, -1034, 385, 649, 619, 551, 585, 307, 322, 448, 
946, 1127, 180, -1037, 383, 653, 624, 556, 590, 312, 331, 448, 
946, 1132, 185, -1039, 380, 658, 634, 575, 605, 317, 336, 453, 
946, 1132, 185, -1039, 380, 658, 634, 580, 610, 322, 336, 453, 
946, 1137, 190, -1041, 378, 663, 634, 585, 614, 322, 336, 453, 
946, 1137, 190, -1041, 378, 663, 634, 595, 614, 322, 336, 458, 
951, 1137, 185, -1044, 383, 661, 634, 590, 610, 336, 336, 458, 
951, 1146, 195, -1049, 378, 671, 634, 595, 614, 336, 336, 458, 
951, 1146, 195, -1049, 378, 671, 634, 600, 614, 346, 341, 463, 
951, 1146, 195, -1049, 378, 671, 634, 605, 614, 346, 351, 463, 
961, 1146, 185, -1054, 387, 666, 624, 610, 629, 346, 351, 463, 
961, 1156, 195, -1058, 383, 675, 624, 610, 629, 346, 351, 468, 
966, 1161, 195, -1063, 385, 678, 624, 614, 629, 351, 351, 468, 
971, 1161, 190, -1066, 390, 675, 619, 614, 629, 351, 356, 468, 
976, 1176, 200, -1076, 387, 688, 619, 619, 629, 351, 361, 468, 
976, 1176, 200, -1076, 387, 688, 619, 619, 629, 351, 361, 473, 
976, 1176, 200, -1076, 387, 688, 619, 619, 629, 356, 366, 473, 
976, 1180, 204, -1078, 385, 692, 619, 624, 634, 356, 366, 478, 
976, 1180, 204, -1078, 385, 692, 619, 624, 634, 361, 366, 478, 
980, 1180, 200, -1080, 390, 690, 614, 624, 634, 361, 361, 478, 
980, 1180, 200, -1080, 390, 690, 614, 624, 634, 361, 361, 478, 
980, 1180, 200, -1080, 390, 690, 610, 624, 629, 361, 366, 478, 
980, 1171, 190, -1076, 395, 680, 614, 624, 629, 370, 375, 478, 
980, 1176, 195, -1078, 392, 685, 610, 624, 629, 366, 375, 478, 
980, 1176, 195, -1078, 392, 685, 605, 614, 629, 366, 375, 478, 
980, 1171, 190, -1076, 395, 680, 600, 610, 624, 366, 375, 478, 
985, 1171, 185, -1078, 400, 678, 585, 595, 619, 366, 375, 488, 
985, 1171, 185, -1078, 400, 678, 580, 585, 614, 361, 375, 488, 
985, 1171, 185, -1078, 400, 678, 570, 570, 610, 361, 375, 492, 
980, 1171, 190, -1076, 395, 680, 566, 556, 605, 356, 375, 492, 
990, 1171, 180, -1080, 405, 675, 551, 531, 605, 356, 385, 483, 
990, 1171, 180, -1080, 405, 675, 541, 517, 600, 356, 385, 483, 
990, 1166, 175, -1078, 407, 671, 536, 502, 595, 351, 380, 483, 
990, 1156, 165, -1073, 412, 661, 527, 488, 585, 341, 380, 483, 
980, 1166, 185, -1073, 397, 675, 522, 483, 570, 341, 370, 483, 
980, 1161, 180, -1071, 400, 671, 517, 468, 561, 336, 366, 478, 
976, 1161, 185, -1068, 395, 673, 507, 453, 556, 336, 366, 478, 
976, 1156, 180, -1066, 397, 668, 502, 444, 546, 331, 361, 478, 
985, 1151, 165, -1068, 409, 658, 497, 419, 541, 317, 356, 468, 
980, 1146, 165, -1063, 407, 656, 497, 409, 536, 312, 356, 463, 
980, 1141, 161, -1061, 409, 651, 492, 395, 527, 307, 356, 463, 
980, 1141, 161, -1061, 409, 651, 483, 380, 522, 302, 356, 463, 
980, 1132, 151, -1056, 414, 641, 473, 370, 507, 297, 341, 458, 
976, 1127, 151, -1051, 412, 639, 468, 361, 497, 292, 336, 458, 
976, 1122, 146, -1049, 414, 634, 463, 356, 492, 283, 331, 453, 
976, 1117, 141, -1046, 417, 629, 463, 346, 488, 278, 331, 448, 
961, 1102, 141, -1032, 409, 622, 468, 336, 478, 278, 336, 444, 
961, 1098, 136, -1029, 412, 617, 463, 331, 473, 278, 331, 444, 
956, 1098, 141, -1027, 407, 619, 463, 326, 468, 273, 326, 444, 
956, 1098, 141, -1027, 407, 619, 463, 317, 463, 268, 326, 444, 
956, 1102, 146, -1029, 405, 624, 453, 307, 448, 263, 317, 429, 
956, 1098, 141, -1027, 407, 619, 448, 302, 444, 258, 317, 429, 
956, 1098, 141, -1027, 407, 619, 448, 292, 444, 258, 317, 429, 
951, 1093, 141, -1022, 405, 617, 448, 287, 444, 253, 312, 424, 
951, 1098, 146, -1024, 402, 622, 444, 287, 439, 248, 312, 424, 
951, 1098, 146, -1024, 402, 622, 444, 283, 434, 248, 312, 424, 
951, 1093, 141, -1022, 405, 617, 444, 283, 429, 244, 312, 424, 
951, 1093, 141, -1022, 405, 617, 439, 278, 424, 244, 302, 419, 
951, 1093, 141, -1022, 405, 617, 439, 273, 434, 239, 302, 419, 
956, 1088, 131, -1022, 412, 610, 439, 273, 434, 239, 302, 419, 
961, 1088, 126, -1024, 417, 607, 439, 273, 429, 234, 302, 419, 
966, 1088, 122, -1027, 422, 605, 434, 268, 429, 234, 292, 414, 
966, 1088, 122, -1027, 422, 605, 424, 268, 424, 234, 292, 405, 
961, 1083, 122, -1022, 419, 602, 424, 268, 414, 234, 292, 405, 
956, 1078, 122, -1017, 417, 600, 424, 268, 409, 229, 292, 405, 
951, 1078, 126, -1015, 412, 602, 419, 268, 400, 229, 287, 405, 
951, 1083, 131, -1017, 409, 607, 419, 263, 400, 224, 287, 400, 
951, 1083, 131, -1017, 409, 607, 419, 263, 400, 224, 287, 400, 
951, 1083, 131, -1017, 409, 607, 424, 263, 400, 224, 287, 400, 
946, 1083, 136, -1015, 405, 610, 424, 263, 400, 229, 287, 405, 
946, 1088, 141, -1017, 402, 614, 424, 263, 409, 229, 287, 405, 
946, 1088, 141, -1017, 402, 614, 424, 263, 409, 224, 287, 405, 
946, 1088, 141, -1017, 402, 614, 424, 268, 409, 224, 287, 405, 
946, 1088, 141, -1017, 402, 614, 424, 268, 409, 224, 287, 405, 
946, 1088, 141, -1017, 402, 614, 424, 263, 409, 234, 287, 409, 
946, 1088, 141, -1017, 402, 614, 424, 263, 409, 229, 287, 405, 
946, 1088, 141, -1017, 402, 614, 429, 268, 409, 229, 287, 400, 
946, 1088, 141, -1017, 402, 614, 429, 268, 409, 229, 287, 400, 
946, 1088, 141, -1017, 402, 614, 414, 258, 400, 219, 278, 390, 
946, 1088, 141, -1017, 402, 614, 414, 258, 400, 219, 278, 395, 
946, 1088, 141, -1017, 402, 614, 414, 258, 400, 219, 283, 395, 
941, 1088, 146, -1015, 397, 617, 414, 258, 400, 224, 283, 395, 
941, 1088, 146, -1015, 397, 617, 414, 258, 395, 214, 287, 395, 
946, 1088, 141, -1017, 402, 614, 414, 258, 395, 219, 287, 395, 
946, 1088, 141, -1017, 402, 614, 414, 253, 395, 219, 287, 395, 
946, 1093, 146, -1019, 400, 619, 414, 253, 395, 219, 287, 395, 
946, 1083, 136, -1015, 405, 610, 424, 258, 405, 229, 287, 390, 
946, 1083, 136, -1015, 405, 610, 424, 258, 405, 229, 287, 390, 
946, 1083, 136, -1015, 405, 610, 419, 258, 405, 229, 287, 390, 
946, 1083, 136, -1015, 405, 610, 419, 258, 409, 229, 287, 390, 
946, 1083, 136, -1015, 405, 610, 409, 248, 400, 219, 287, 390, 
946, 1083, 136, -1015, 405, 610, 409, 248, 405, 219, 287, 390, 
946, 1083, 136, -1015, 405, 610, 409, 244, 405, 219, 287, 390, 
946, 1083, 136, -1015, 405, 610, 409, 244, 405, 219, 287, 390, 
946, 1098, 151, -1022, 397, 624, 419, 248, 414, 234, 292, 400, 
946, 1098, 151, -1022, 397, 624, 419, 248, 414, 234, 292, 400, 
946, 1098, 151, -1022, 397, 624, 419, 244, 414, 234, 292, 400, 
946, 1107, 161, -1027, 392, 634, 419, 244, 414, 234, 292, 400, 
936, 1107, 170, -1022, 383, 639, 419, 253, 414, 239, 297, 405, 
936, 1102, 165, -1019, 385, 634, 419, 253, 414, 239, 302, 405, 
936, 1102, 165, -1019, 385, 634, 419, 253, 414, 239, 302, 400, 
936, 1102, 165, -1019, 385, 634, 419, 248, 419, 239, 302, 400, 
946, 1107, 161, -1027, 392, 634, 419, 248, 409, 229, 292, 390, 
946, 1107, 161, -1027, 392, 634, 419, 248, 409, 234, 297, 400, 
946, 1107, 161, -1027, 392, 634, 419, 248, 419, 239, 297, 400, 
946, 1112, 165, -1029, 390, 639, 419, 248, 419, 239, 297, 400, 
946, 1117, 170, -1032, 387, 644, 409, 239, 414, 239, 297, 390, 
946, 1117, 170, -1032, 387, 644, 409, 244, 414, 239, 297, 390, 
946, 1117, 170, -1032, 387, 644, 409, 244, 414, 239, 297, 395, 
946, 1117, 170, -1032, 387, 644, 409, 244, 414, 239, 297, 395, 
946, 1107, 161, -1027, 392, 634, 409, 244, 405, 244, 307, 390, 
946, 1102, 156, -1024, 395, 629, 409, 244, 414, 244, 307, 390, 
946, 1102, 156, -1024, 395, 629, 405, 244, 414, 244, 302, 390, 
946, 1102, 156, -1024, 395, 629, 405, 244, 414, 244, 302, 390, 
936, 1102, 165, -1019, 385, 634, 405, 234, 424, 244, 302, 400, 
936, 1102, 165, -1019, 385, 634, 405, 234, 424, 244, 302, 400, 
936, 1107, 170, -1022, 383, 639, 405, 234, 424, 244, 302, 400, 
936, 1107, 170, -1022, 383, 639, 405, 234, 424, 244, 302, 400, 
936, 1112, 175, -1024, 380, 644, 405, 234, 424, 253, 302, 400, 
936, 1112, 175, -1024, 380, 644, 405, 234, 424, 253, 302, 400, 
936, 1112, 175, -1024, 380, 644, 405, 229, 424, 253, 307, 405, 
936, 1112, 175, -1024, 380, 644, 405, 229, 424, 253, 307, 405, 
936, 1117, 180, -1027, 378, 649, 405, 229, 424, 253, 307, 405, 
936, 1117, 180, -1027, 378, 649, 405, 229, 424, 253, 307, 405, 
936, 1117, 180, -1027, 378, 649, 405, 229, 424, 258, 307, 405, 
936, 1112, 175, -1024, 380, 644, 405, 229, 424, 258, 307, 405, 
936, 1112, 175, -1024, 380, 644, 405, 229, 424, 248, 307, 405, 
932, 1112, 180, -1022, 375, 646, 405, 229, 424, 248, 307, 405, 
932, 1112, 180, -1022, 375, 646, 405, 229, 429, 248, 312, 405, 
932, 1112, 180, -1022, 375, 646, 405, 229, 429, 248, 312, 400, 
946, 1112, 165, -1029, 390, 639, 395, 229, 429, 258, 307, 400, 
946, 1112, 165, -1029, 390, 639, 395, 229, 424, 253, 307, 400, 
946, 1112, 165, -1029, 390, 639, 395, 229, 424, 253, 307, 400, 
946, 1112, 165, -1029, 390, 639, 395, 229, 424, 253, 307, 400, 
946, 1122, 175, -1034, 385, 649, 395, 229, 414, 253, 302, 400, 
946, 1122, 175, -1034, 385, 649, 395, 229, 414, 253, 302, 400, 
946, 1122, 175, -1034, 385, 649, 395, 229, 414, 253, 302, 400, 
946, 1122, 175, -1034, 385, 649, 395, 229, 414, 253, 297, 400, 
936, 1122, 185, -1029, 375, 653, 395, 229, 424, 253, 307, 400, 
936, 1122, 185, -1029, 375, 653, 395, 229, 424, 253, 307, 400, 
936, 1122, 185, -1029, 375, 653, 400, 224, 419, 253, 307, 400, 
936, 1122, 185, -1029, 375, 653, 400, 224, 419, 253, 307, 400, 
936, 1117, 180, -1027, 378, 649, 395, 234, 419, 253, 312, 400, 
932, 1117, 185, -1024, 373, 651, 395, 234, 419, 253, 312, 400, 
932, 1117, 185, -1024, 373, 651, 400, 234, 419, 253, 307, 400, 
927, 1112, 185, -1019, 370, 649, 400, 234, 419, 253, 307, 400, 
927, 1112, 185, -1019, 370, 649, 400, 234, 419, 253, 307, 390, 
927, 1112, 185, -1019, 370, 649, 395, 234, 419, 253, 307, 390, 
932, 1112, 180, -1022, 375, 646, 395, 234, 419, 253, 307, 390, 
932, 1112, 180, -1022, 375, 646, 395, 234, 419, 248, 307, 390, 
932, 1102, 170, -1017, 380, 636, 395, 234, 409, 248, 307, 390, 
932, 1102, 170, -1017, 380, 636, 395, 234, 409, 248, 307, 390, 
932, 1102, 170, -1017, 380, 636, 395, 234, 409, 248, 307, 390, 
932, 1102, 170, -1017, 380, 636, 395, 229, 409, 248, 307, 390, 
927, 1112, 185, -1019, 370, 649, 385, 229, 409, 248, 307, 390, 
927, 1107, 180, -1017, 373, 644, 390, 229, 405, 248, 307, 390, 
927, 1107, 180, -1017, 373, 644, 390, 229, 405, 248, 307, 385, 
932, 1107, 175, -1019, 378, 641, 390, 229, 405, 248, 307, 385, 
941, 1117, 175, -1029, 383, 646, 390, 229, 405, 244, 307, 385, 
936, 1117, 180, -1027, 378, 649, 390, 229, 405, 244, 307, 385, 
936, 1117, 180, -1027, 378, 649, 390, 229, 405, 244, 307, 385, 
936, 1112, 175, -1024, 380, 644, 385, 229, 405, 244, 302, 385, 
941, 1122, 180, -1032, 380, 651, 385, 229, 405, 253, 302, 385, 
941, 1122, 180, -1032, 380, 651, 385, 229, 409, 253, 302, 390, 
936, 1122, 185, -1029, 375, 653, 385, 229, 409, 253, 307, 390, 
936, 1122, 185, -1029, 375, 653, 385, 224, 409, 253, 307, 390, 
927, 1112, 185, -1019, 370, 649, 385, 224, 405, 253, 307, 390, 
927, 1112, 185, -1019, 370, 649, 385, 224, 405, 253, 307, 385, 
927, 1112, 185, -1019, 370, 649, 385, 224, 405, 253, 307, 385, 
927, 1107, 180, -1017, 373, 644, 385, 224, 405, 253, 302, 385, 
927, 1107, 180, -1017, 373, 644, 385, 219, 405, 244, 297, 385, 
927, 1102, 175, -1015, 375, 639, 385, 219, 405, 244, 297, 385, 
927, 1102, 175, -1015, 375, 639, 385, 219, 400, 244, 297, 380, 
922, 1107, 185, -1015, 368, 646, 385, 219, 400, 244, 287, 380, 
932, 1117, 185, -1024, 373, 651, 385, 224, 409, 239, 297, 380, 
932, 1112, 180, -1022, 375, 646, 385, 224, 409, 239, 297, 380, 
936, 1112, 175, -1024, 380, 644, 385, 219, 409, 239, 297, 380, 
936, 1117, 180, -1027, 378, 649, 380, 219, 405, 239, 297, 380, 
936, 1107, 170, -1022, 383, 639, 380, 219, 405, 239, 302, 380, 
936, 1107, 170, -1022, 383, 639, 385, 219, 405, 239, 302, 380, 
936, 1107, 170, -1022, 383, 639, 385, 219, 405, 239, 302, 380, 
936, 1102, 165, -1019, 385, 634, 385, 219, 405, 239, 297, 380, 
936, 1112, 175, -1024, 380, 644, 375, 209, 405, 239, 297, 380, 
936, 1112, 175, -1024, 380, 644, 375, 209, 405, 239, 297, 380, 
936, 1117, 180, -1027, 378, 649, 375, 214, 405, 244, 297, 385, 
936, 1117, 180, -1027, 378, 649, 375, 214, 405, 244, 302, 385, 
927, 1107, 180, -1017, 373, 644, 375, 214, 405, 244, 302, 385, 
927, 1107, 180, -1017, 373, 644, 375, 214, 405, 239, 307, 385, 
922, 1107, 185, -1015, 368, 646, 375, 209, 405, 239, 307, 385, 
922, 1107, 185, -1015, 368, 646, 375, 209, 405, 239, 302, 385, 
922, 1107, 185, -1015, 368, 646, 375, 219, 405, 239, 292, 385, 
922, 1107, 185, -1015, 368, 646, 375, 219, 405, 239, 297, 385, 
922, 1102, 180, -1012, 370, 641, 375, 219, 405, 239, 297, 385, 
922, 1102, 180, -1012, 370, 641, 375, 219, 405, 239, 297, 385, 
922, 1107, 185, -1015, 368, 646, 385, 219, 395, 229, 292, 375, 
922, 1107, 185, -1015, 368, 646, 385, 219, 395, 229, 292, 375, 
922, 1107, 185, -1015, 368, 646, 385, 219, 395, 229, 292, 375, 
922, 1107, 185, -1015, 368, 646, 385, 219, 395, 229, 287, 375, 
927, 1117, 190, -1022, 368, 653, 385, 219, 395, 234, 297, 375, 
927, 1107, 180, -1017, 373, 644, 385, 219, 405, 234, 297, 375, 
936, 1112, 175, -1024, 380, 644, 380, 214, 400, 234, 302, 380, 
927, 1112, 185, -1019, 370, 649, 380, 214, 400, 244, 302, 380, 
927, 1112, 185, -1019, 370, 649, 380, 214, 400, 244, 302, 380, 
927, 1112, 185, -1019, 370, 649, 380, 214, 400, 244, 302, 380, 
927, 1112, 185, -1019, 370, 649, 380, 214, 400, 244, 302, 380, 
927, 1112, 185, -1019, 370, 649, 380, 214, 400, 239, 292, 375, 
927, 1107, 180, -1017, 373, 644, 380, 214, 400, 239, 292, 375, 
927, 1107, 180, -1017, 373, 644, 380, 214, 400, 244, 297, 375, 
927, 1107, 180, -1017, 373, 644, 380, 214, 400, 244, 297, 375, 
917, 1107, 190, -1012, 363, 649, 380, 214, 400, 239, 307, 375, 
917, 1112, 195, -1015, 361, 653, 380, 219, 400, 239, 302, 380, 
917, 1112, 195, -1015, 361, 653, 380, 219, 405, 239, 302, 380, 
917, 1112, 195, -1015, 361, 653, 380, 219, 405, 234, 302, 380, 
927, 1112, 185, -1019, 370, 649, 380, 209, 395, 234, 302, 370, 
927, 1117, 190, -1022, 368, 653, 380, 204, 395, 239, 307, 370, 
927, 1122, 195, -1024, 366, 658, 380, 204, 400, 239, 307, 370, 
927, 1127, 200, -1027, 363, 663, 380, 204, 400, 239, 307, 370, 
936, 1117, 180, -1027, 378, 649, 370, 209, 405, 244, 312, 380, 
936, 1127, 190, -1032, 373, 658, 370, 209, 409, 244, 312, 385, 
936, 1132, 195, -1034, 370, 663, 370, 209, 414, 253, 317, 385, 
936, 1137, 200, -1037, 368, 668, 370, 209, 414, 253, 322, 395, 
941, 1151, 209, -1046, 366, 680, 370, 209, 424, 263, 331, 385, 
941, 1161, 219, -1051, 361, 690, 375, 209, 424, 263, 331, 385, 
941, 1166, 224, -1054, 358, 695, 375, 209, 429, 263, 331, 385, 
941, 1166, 224, -1054, 358, 695, 375, 209, 434, 263, 331, 390, 
932, 1166, 234, -1049, 348, 700, 390, 219, 439, 253, 322, 390, 
932, 1166, 234, -1049, 348, 700, 395, 219, 439, 258, 326, 390, 
932, 1166, 234, -1049, 348, 700, 395, 219, 444, 258, 326, 395, 
932, 1171, 239, -1051, 346, 705, 395, 219, 444, 258, 326, 395, 
932, 1171, 239, -1051, 346, 705, 390, 229, 444, 258, 326, 395, 
932, 1171, 239, -1051, 346, 705, 390, 239, 444, 263, 326, 395, 
936, 1171, 234, -1054, 351, 702, 400, 248, 448, 268, 331, 400, 
941, 1176, 234, -1058, 353, 705, 390, 248, 453, 268, 331, 400, 
951, 1176, 224, -1063, 363, 700, 395, 248, 463, 278, 346, 409, 
951, 1180, 229, -1066, 361, 705, 390, 244, 463, 287, 351, 419, 
951, 1190, 239, -1071, 356, 714, 390, 239, 468, 297, 356, 419, 
961, 1190, 229, -1076, 366, 710, 385, 239, 468, 302, 356, 419, 
961, 1200, 239, -1080, 361, 719, 366, 239, 468, 292, 361, 424, 
966, 1195, 229, -1080, 368, 712, 356, 239, 463, 292, 361, 424, 
966, 1190, 224, -1078, 370, 707, 346, 234, 458, 287, 356, 419, 
961, 1190, 229, -1076, 366, 710, 346, 234, 453, 287, 351, 419, 
961, 1190, 229, -1076, 366, 710, 326, 214, 439, 283, 351, 424, 
961, 1190, 229, -1076, 366, 710, 322, 209, 434, 273, 351, 424, 
966, 1190, 224, -1078, 370, 707, 317, 204, 434, 273, 346, 424, 
966, 1185, 219, -1076, 373, 702, 317, 200, 424, 273, 346, 424, 
976, 1185, 209, -1080, 383, 697, 317, 200, 424, 258, 346, 409, 
980, 1180, 200, -1080, 390, 690, 317, 209, 424, 258, 341, 409, 
985, 1180, 195, -1083, 395, 688, 322, 214, 424, 263, 341, 409, 
985, 1176, 190, -1080, 397, 683, 322, 214, 424, 263, 346, 409, 
990, 1161, 170, -1076, 409, 666, 331, 224, 424, 258, 336, 400, 
990, 1156, 165, -1073, 412, 661, 336, 224, 424, 253, 336, 400, 
990, 1151, 161, -1071, 414, 656, 336, 224, 419, 253, 331, 400, 
985, 1151, 165, -1068, 409, 658, 336, 229, 419, 253, 326, 400, 
985, 1146, 161, -1066, 412, 653, 341, 234, 419, 244, 326, 395, 
980, 1146, 165, -1063, 407, 656, 351, 234, 414, 244, 326, 395, 
971, 1146, 175, -1058, 397, 661, 351, 234, 409, 244, 326, 395, 
971, 1137, 165, -1054, 402, 651, 351, 229, 400, 244, 326, 395, 
956, 1141, 185, -1049, 385, 663, 341, 219, 400, 248, 331, 400, 
951, 1137, 185, -1044, 383, 661, 351, 219, 395, 248, 331, 400, 
941, 1137, 195, -1039, 373, 666, 351, 219, 395, 239, 322, 395, 
932, 1127, 195, -1029, 368, 661, 351, 219, 395, 239, 322, 395, 
927, 1122, 195, -1024, 366, 658, 356, 214, 400, 234, 312, 385, 
922, 1112, 190, -1017, 366, 651, 356, 214, 395, 234, 307, 380, 
917, 1102, 185, -1010, 366, 644, 356, 214, 390, 229, 297, 375, 
917, 1098, 180, -1007, 368, 639, 361, 214, 390, 224, 297, 370, 
917, 1098, 180, -1007, 368, 639, 361, 200, 380, 229, 292, 361, 
912, 1093, 180, -1002, 366, 636, 361, 200, 380, 224, 287, 356, 
912, 1093, 180, -1002, 366, 636, 361, 200, 380, 224, 283, 356, 
912, 1088, 175, -1000, 368, 631, 361, 195, 375, 219, 278, 356, 
912, 1093, 180, -1002, 366, 636, 361, 204, 380, 209, 278, 361, 
912, 1088, 175, -1000, 368, 631, 361, 204, 375, 209, 283, 361, 
907, 1088, 180, -997, 363, 634, 361, 204, 375, 204, 283, 361, 
907, 1083, 175, -995, 366, 629, 361, 200, 375, 200, 273, 361, 
907, 1078, 170, -993, 368, 624, 370, 200, 366, 195, 283, 356, 
902, 1073, 170, -988, 366, 622, 370, 200, 366, 195, 283, 356, 
902, 1073, 170, -988, 366, 622, 370, 204, 366, 195, 283, 356, 
902, 1073, 170, -988, 366, 622, 375, 204, 361, 195, 278, 356, 
902, 1063, 161, -983, 370, 612, 366, 200, 361, 195, 268, 351, 
893, 1063, 170, -978, 361, 617, 366, 200, 361, 195, 268, 351, 
893, 1058, 165, -976, 363, 612, 366, 204, 361, 195, 268, 351, 
902, 1058, 156, -980, 373, 607, 370, 204, 366, 195, 268, 351, 
902, 1058, 156, -980, 373, 607, 361, 195, 366, 190, 268, 341, 
897, 1054, 156, -976, 370, 605, 361, 195, 366, 190, 263, 336, 
893, 1054, 161, -973, 366, 607, 361, 195, 366, 190, 263, 336, 
893, 1054, 161, -973, 366, 607, 366, 195, 366, 185, 263, 341, 
897, 1058, 161, -978, 368, 610, 375, 195, 361, 185, 263, 351, 
897, 1058, 161, -978, 368, 610, 370, 200, 361, 180, 263, 346, 
893, 1063, 170, -978, 361, 617, 370, 200, 356, 180, 263, 346, 
893, 1068, 175, -980, 358, 622, 370, 195, 356, 185, 263, 346, 
893, 1073, 180, -983, 356, 627, 356, 185, 361, 195, 263, 356, 
893, 1078, 185, -985, 353, 631, 356, 180, 366, 200, 268, 356, 
893, 1078, 185, -985, 353, 631, 351, 175, 375, 204, 273, 361, 
888, 1078, 190, -983, 348, 634, 351, 175, 380, 214, 273, 366, 
888, 1088, 200, -988, 344, 644, 346, 185, 390, 214, 287, 366, 
888, 1088, 200, -988, 344, 644, 346, 200, 400, 224, 287, 361, 
902, 1098, 195, -1000, 353, 646, 356, 244, 414, 244, 307, 375, 
917, 1107, 190, -1012, 363, 649, 356, 273, 414, 263, 326, 380, 
936, 1107, 170, -1022, 383, 639, 322, 244, 375, 253, 322, 385, 
941, 1098, 156, -1019, 392, 627, 244, 161, 312, 234, 322, 380, 
976, 1112, 136, -1044, 419, 624, 131, 68, 244, 234, 336, 400, 
1034, 1127, 92, -1080, 470, 610, 14, 0, 195, 234, 366, 414, 
1098, 1117, 19, -1107, 539, 568, -63, -53, 146, 244, 385, 429, 
1151, 1127, -24, -1139, 588, 551, -122, -97, 117, 253, 419, 453, 
1215, 1176, -39, -1195, 627, 568, -239, -161, 92, 307, 488, 507, 
1288, 1249, -39, -1268, 663, 605, -375, -263, 73, 370, 566, 575, 
1337, 1302, -34, -1320, 685, 634, -488, -351, 48, 439, 639, 634, 
1390, 1356, -34, -1373, 712, 661, -585, -439, 19, 478, 692, 673, 
1439, 1376, -63, -1407, 751, 656, -678, -517, -4, 497, 717, 697, 
1473, 1351, -122, -1412, 797, 614, -717, -536, -34, 492, 727, 707, 
1503, 1307, -195, -1405, 849, 556, -727, -536, -87, 448, 688, 688, 
1512, 1244, -268, -1378, 890, 488, -736, -536, -156, 351, 619, 644, 
1522, 1151, -370, -1337, 946, 390, -722, -527, -244, 209, 517, 580, 
1532, 1024, -507, -1278, 1019, 258, -653, -439, -346, 9, 351, 483, 
1527, 863, -663, -1195, 1095, 100, -566, -346, -478, -219, 161, 361, 
1493, 717, -775, -1105, 1134, -29, -492, -287, -580, -405, 4, 253, 
1454, 614, -839, -1034, 1146, -112, -414, -229, -634, -497, -97, 170, 
1434, 551, -883, -993, 1159, -165, -331, -161, -629, -531, -146, 117, 
1420, 551, -868, -985, 1144, -158, -234, -78, -575, -507, -156, 107, 
1390, 566, -824, -978, 1107, -129, -141, -29, -502, -463, -151, 107, 
1342, 585, -756, -963, 1049, -85, -58, 9, -429, -434, -141, 107, 
1317, 614, -702, -966, 1010, -43, 9, 43, -356, -405, -126, 102, 
1293, 634, -658, -963, 976, -12, 73, 63, -292, -366, -107, 117, 
1263, 653, -610, -958, 936, 21, 112, 82, -234, -326, -82, 122, 
1234, 683, -551, -958, 893, 65, 146, 107, -175, -278, -53, 136, 
1200, 722, -478, -961, 839, 122, 170, 122, -117, -229, -24, 146, 
1156, 751, -405, -954, 780, 173, 195, 131, -68, -190, -9, 156, 
1112, 766, -346, -939, 729, 209, 209, 141, -29, -151, 9, 161, 
1078, 795, -283, -936, 680, 256, 234, 161, 14, -102, 39, 180, 
1029, 839, -190, -934, 610, 324, 268, 175, 87, -58, 73, 209, 
990, 873, -117, -932, 553, 378, 302, 180, 151, -14, 107, 239, 
976, 907, -68, -941, 522, 419, 322, 185, 190, 9, 131, 258, 
971, 932, -39, -951, 505, 446, 336, 185, 224, 34, 151, 278, 
951, 951, 0, -951, 475, 475, 341, 190, 258, 53, 170, 292, 
946, 971, 24, -958, 461, 497, 351, 200, 273, 73, 190, 292, 
941, 995, 53, -968, 444, 524, 351, 200, 278, 97, 200, 302, 
932, 1019, 87, -976, 422, 553, 346, 195, 287, 117, 209, 317, 
922, 1029, 107, -976, 407, 568, 351, 209, 287, 126, 219, 322, 
912, 1034, 122, -973, 395, 578, 351, 214, 302, 131, 219, 326, 
917, 1044, 126, -980, 395, 585, 370, 214, 317, 146, 229, 336, 
907, 1039, 131, -973, 387, 585, 380, 229, 326, 141, 224, 331, 
893, 1049, 156, -971, 368, 602, 390, 224, 351, 146, 229, 331, 
893, 1049, 156, -971, 368, 602, 390, 224, 356, 151, 229, 336, 
893, 1049, 156, -971, 368, 602, 390, 224, 356, 151, 229, 336, 
893, 1049, 156, -971, 368, 602, 390, 224, 351, 151, 234, 336, 
893, 1063, 170, -978, 361, 617, 390, 229, 351, 151, 234, 326, 
893, 1063, 170, -978, 361, 617, 390, 229, 351, 156, 234, 326, 
888, 1063, 175, -976, 356, 619, 390, 229, 351, 161, 234, 326, 
888, 1063, 175, -976, 356, 619, 390, 239, 361, 161, 239, 326, 
873, 1058, 185, -966, 344, 622, 400, 239, 361, 170, 239, 326, 
873, 1058, 185, -966, 344, 622, 400, 239, 366, 170, 239, 336, 
873, 1058, 185, -966, 344, 622, 405, 239, 370, 175, 244, 341, 
873, 1058, 185, -966, 344, 622, 409, 239, 375, 175, 248, 341, 
878, 1058, 180, -968, 348, 619, 400, 234, 380, 175, 248, 351, 
878, 1063, 185, -971, 346, 624, 400, 234, 380, 175, 248, 351, 
878, 1063, 185, -971, 346, 624, 400, 234, 375, 175, 248, 346, 
878, 1063, 185, -971, 346, 624, 405, 234, 370, 170, 244, 346, 
888, 1063, 175, -976, 356, 619, 405, 239, 370, 161, 244, 346, 
888, 1068, 180, -978, 353, 624, 400, 239, 380, 170, 244, 346, 
888, 1068, 180, -978, 353, 624, 400, 239, 380, 170, 244, 346, 
888, 1068, 180, -978, 353, 624, 400, 239, 380, 170, 248, 346, 
888, 1073, 185, -980, 351, 629, 409, 244, 385, 180, 258, 346, 
888, 1078, 190, -983, 348, 634, 414, 248, 385, 180, 258, 346, 
888, 1083, 195, -985, 346, 639, 419, 248, 390, 180, 258, 351, 
888, 1088, 200, -988, 344, 644, 419, 248, 390, 185, 258, 351, 
878, 1083, 204, -980, 336, 644, 419, 248, 390, 195, 258, 351, 
878, 1078, 200, -978, 339, 639, 419, 248, 390, 195, 258, 351, 
878, 1073, 195, -976, 341, 634, 424, 253, 390, 195, 258, 351, 
878, 1073, 195, -976, 341, 634, 424, 253, 390, 195, 253, 351, 
878, 1063, 185, -971, 346, 624, 409, 253, 390, 185, 253, 351, 
878, 1063, 185, -971, 346, 624, 409, 253, 390, 190, 253, 351, 
878, 1058, 180, -968, 348, 619, 414, 258, 390, 190, 253, 346, 
878, 1058, 180, -968, 348, 619, 414, 258, 395, 190, 253, 346, 
878, 1063, 185, -971, 346, 624, 414, 258, 400, 190, 263, 356, 
878, 1068, 190, -973, 344, 629, 414, 258, 400, 190, 263, 356, 
878, 1073, 195, -976, 341, 634, 414, 258, 400, 190, 263, 356, 
878, 1078, 200, -978, 339, 639, 414, 258, 400, 190, 263, 356, 
888, 1078, 190, -983, 348, 634, 414, 253, 400, 185, 258, 346, 
883, 1078, 195, -980, 344, 636, 414, 253, 395, 180, 253, 351, 
883, 1083, 200, -983, 341, 641, 414, 258, 390, 180, 248, 351, 
888, 1083, 195, -985, 346, 639, 419, 258, 380, 175, 244, 351, 
878, 1073, 195, -976, 341, 634, 419, 273, 390, 175, 244, 351, 
878, 1073, 195, -976, 341, 634, 419, 273, 390, 175, 244, 351, 
873, 1073, 200, -973, 336, 636, 419, 273, 395, 180, 244, 351, 
873, 1073, 200, -973, 336, 636, 419, 273, 395, 180, 248, 351, 
873, 1083, 209, -978, 331, 646, 419, 278, 400, 185, 258, 361, 
873, 1083, 209, -978, 331, 646, 424, 278, 400, 185, 258, 361, 
873, 1083, 209, -978, 331, 646, 424, 278, 405, 190, 263, 356, 
878, 1083, 204, -980, 336, 644, 424, 283, 405, 195, 263, 356, 
878, 1073, 195, -976, 341, 634, 414, 283, 405, 204, 263, 356, 
878, 1083, 204, -980, 336, 644, 414, 283, 405, 204, 263, 366, 
878, 1083, 204, -980, 336, 644, 419, 287, 405, 204, 263, 366, 
878, 1078, 200, -978, 339, 639, 424, 292, 409, 204, 263, 370, 
888, 1088, 200, -988, 344, 644, 434, 292, 409, 195, 263, 370, 
888, 1093, 204, -990, 341, 649, 434, 292, 409, 195, 263, 370, 
888, 1093, 204, -990, 341, 649, 434, 297, 409, 195, 263, 370, 
883, 1093, 209, -988, 336, 651, 434, 297, 414, 200, 263, 370, 
883, 1102, 219, -993, 331, 661, 439, 297, 414, 209, 273, 370, 
883, 1107, 224, -995, 329, 666, 439, 307, 414, 209, 273, 370, 
883, 1107, 224, -995, 329, 666, 439, 307, 419, 209, 278, 370, 
883, 1112, 229, -997, 326, 671, 439, 312, 419, 209, 278, 366, 
893, 1112, 219, -1002, 336, 666, 444, 307, 424, 209, 278, 375, 
893, 1112, 219, -1002, 336, 666, 444, 312, 424, 209, 278, 375, 
897, 1107, 209, -1002, 344, 658, 444, 317, 424, 209, 278, 375, 
897, 1107, 209, -1002, 344, 658, 448, 322, 424, 209, 278, 375, 
888, 1112, 224, -1000, 331, 668, 448, 326, 424, 204, 278, 380, 
888, 1112, 224, -1000, 331, 668, 458, 336, 424, 209, 283, 380, 
888, 1117, 229, -1002, 329, 673, 458, 346, 424, 214, 283, 380, 
888, 1117, 229, -1002, 329, 673, 458, 356, 434, 214, 283, 385, 
888, 1117, 229, -1002, 329, 673, 448, 351, 439, 204, 278, 385, 
888, 1122, 234, -1005, 326, 678, 453, 356, 439, 209, 278, 385, 
888, 1127, 239, -1007, 324, 683, 453, 361, 439, 209, 273, 385, 
888, 1132, 244, -1010, 322, 688, 458, 366, 439, 209, 273, 385, 
897, 1132, 234, -1015, 331, 683, 463, 370, 453, 209, 273, 385, 
897, 1141, 244, -1019, 326, 692, 463, 375, 458, 214, 273, 395, 
897, 1141, 244, -1019, 326, 692, 463, 380, 463, 219, 278, 395, 
897, 1141, 244, -1019, 326, 692, 463, 390, 463, 224, 283, 390, 
897, 1132, 234, -1015, 331, 683, 473, 405, 473, 224, 283, 390, 
897, 1137, 239, -1017, 329, 688, 478, 419, 478, 224, 283, 395, 
897, 1137, 239, -1017, 329, 688, 478, 424, 478, 234, 283, 395, 
902, 1141, 239, -1022, 331, 690, 483, 429, 483, 239, 283, 400, 
893, 1146, 253, -1019, 319, 700, 497, 424, 488, 248, 297, 409, 
902, 1151, 248, -1027, 326, 700, 497, 434, 492, 248, 297, 405, 
907, 1156, 248, -1032, 329, 702, 497, 444, 497, 248, 302, 405, 
907, 1161, 253, -1034, 326, 707, 502, 448, 502, 258, 307, 414, 
907, 1176, 268, -1041, 319, 722, 492, 458, 497, 253, 307, 414, 
907, 1176, 268, -1041, 319, 722, 492, 463, 502, 258, 307, 414, 
907, 1180, 273, -1044, 317, 727, 492, 473, 507, 258, 312, 419, 
907, 1185, 278, -1046, 314, 732, 497, 478, 512, 263, 322, 419, 
917, 1190, 273, -1054, 322, 732, 497, 488, 517, 268, 317, 424, 
917, 1190, 273, -1054, 322, 732, 497, 492, 522, 273, 317, 424, 
917, 1195, 278, -1056, 319, 736, 497, 497, 527, 273, 317, 424, 
917, 1195, 278, -1056, 319, 736, 497, 507, 527, 273, 317, 429, 
912, 1195, 283, -1054, 314, 739, 507, 517, 541, 278, 326, 429, 
912, 1205, 292, -1058, 309, 749, 507, 527, 546, 278, 326, 429, 
912, 1205, 292, -1058, 309, 749, 507, 536, 546, 287, 331, 434, 
912, 1205, 292, -1058, 309, 749, 507, 546, 546, 287, 341, 434, 
932, 1205, 273, -1068, 329, 739, 517, 551, 541, 278, 341, 434, 
932, 1215, 283, -1073, 324, 749, 517, 551, 541, 278, 341, 439, 
936, 1220, 283, -1078, 326, 751, 517, 556, 541, 283, 341, 439, 
941, 1220, 278, -1080, 331, 749, 512, 556, 541, 283, 346, 439, 
936, 1215, 278, -1076, 329, 746, 512, 561, 541, 283, 341, 448, 
936, 1215, 278, -1076, 329, 746, 512, 561, 541, 283, 341, 453, 
936, 1215, 278, -1076, 329, 746, 512, 561, 541, 287, 346, 453, 
936, 1220, 283, -1078, 326, 751, 512, 566, 546, 287, 346, 458, 
946, 1210, 263, -1078, 341, 736, 512, 575, 546, 292, 346, 458, 
951, 1210, 258, -1080, 346, 734, 507, 575, 546, 292, 341, 458, 
951, 1210, 258, -1080, 346, 734, 507, 575, 546, 292, 341, 458, 
951, 1210, 258, -1080, 346, 734, 502, 575, 541, 292, 346, 458, 
951, 1220, 268, -1085, 341, 744, 497, 566, 541, 302, 356, 468, 
951, 1224, 273, -1088, 339, 749, 492, 566, 541, 297, 356, 468, 
951, 1224, 273, -1088, 339, 749, 488, 556, 541, 297, 356, 468, 
951, 1220, 268, -1085, 341, 744, 483, 551, 536, 297, 356, 468, 
956, 1229, 273, -1093, 341, 751, 478, 546, 541, 307, 366, 478, 
956, 1229, 273, -1093, 341, 751, 473, 536, 536, 302, 366, 478, 
956, 1229, 273, -1093, 341, 751, 463, 522, 531, 302, 366, 483, 
951, 1229, 278, -1090, 336, 753, 458, 507, 527, 297, 366, 483, 
961, 1220, 258, -1090, 351, 739, 444, 492, 527, 287, 366, 483, 
961, 1220, 258, -1090, 351, 739, 434, 478, 522, 287, 366, 483, 
961, 1215, 253, -1088, 353, 734, 429, 463, 517, 283, 361, 483, 
961, 1205, 244, -1083, 358, 724, 419, 448, 507, 273, 361, 483, 
951, 1205, 253, -1078, 348, 729, 414, 424, 502, 273, 351, 473, 
951, 1200, 248, -1076, 351, 724, 409, 409, 492, 268, 346, 468, 
946, 1200, 253, -1073, 346, 727, 400, 395, 488, 268, 346, 468, 
946, 1195, 248, -1071, 348, 722, 395, 385, 478, 263, 341, 468, 
946, 1200, 253, -1073, 346, 727, 400, 370, 463, 258, 346, 478, 
941, 1195, 253, -1068, 344, 724, 400, 361, 458, 253, 346, 473, 
941, 1190, 248, -1066, 346, 719, 395, 346, 448, 248, 346, 473, 
941, 1190, 248, -1066, 346, 719, 385, 331, 444, 244, 346, 473, 
941, 1180, 239, -1061, 351, 710, 380, 322, 448, 248, 341, 468, 
936, 1176, 239, -1056, 348, 707, 370, 312, 439, 244, 336, 468, 
936, 1171, 234, -1054, 351, 702, 361, 307, 434, 234, 331, 463, 
936, 1166, 229, -1051, 353, 697, 356, 297, 429, 229, 331, 458, 
932, 1161, 229, -1046, 351, 695, 361, 287, 429, 219, 317, 453, 
932, 1156, 224, -1044, 353, 690, 356, 283, 424, 219, 312, 453, 
927, 1156, 229, -1041, 348, 692, 356, 278, 419, 214, 307, 453, 
927, 1156, 229, -1041, 348, 692, 356, 268, 414, 209, 307, 453, 
927, 1141, 214, -1034, 356, 678, 356, 268, 405, 214, 307, 448, 
927, 1137, 209, -1032, 358, 673, 351, 263, 395, 209, 307, 448, 
927, 1137, 209, -1032, 358, 673, 351, 253, 390, 209, 307, 448, 
922, 1132, 209, -1027, 356, 671, 351, 248, 385, 204, 302, 444, 
922, 1137, 214, -1029, 353, 675, 336, 239, 390, 200, 302, 453, 
922, 1137, 214, -1029, 353, 675, 336, 234, 385, 200, 302, 453, 
922, 1132, 209, -1027, 356, 671, 336, 234, 380, 195, 302, 453, 
922, 1132, 209, -1027, 356, 671, 331, 229, 375, 195, 292, 448, 
917, 1132, 214, -1024, 351, 673, 331, 234, 375, 180, 302, 458, 
917, 1127, 209, -1022, 353, 668, 331, 234, 375, 180, 302, 458, 
917, 1127, 209, -1022, 353, 668, 331, 234, 370, 175, 302, 458, 
917, 1127, 209, -1022, 353, 668, 326, 229, 370, 175, 292, 453, 
912, 1117, 204, -1015, 353, 661, 336, 229, 370, 175, 302, 453, 
912, 1112, 200, -1012, 356, 656, 336, 229, 366, 175, 302, 453, 
912, 1107, 195, -1010, 358, 651, 336, 229, 366, 170, 302, 453, 
912, 1107, 195, -1010, 358, 651, 331, 229, 361, 170, 297, 453, 
922, 1112, 190, -1017, 366, 651, 331, 224, 361, 175, 297, 439, 
922, 1112, 190, -1017, 366, 651, 331, 224, 361, 175, 297, 439, 
922, 1112, 190, -1017, 366, 651, 336, 224, 361, 175, 297, 439, 
917, 1112, 195, -1015, 361, 653, 336, 224, 361, 180, 297, 444, 
917, 1117, 200, -1017, 358, 658, 326, 214, 361, 170, 287, 444, 
917, 1117, 200, -1017, 358, 658, 326, 214, 361, 165, 287, 444, 
917, 1117, 200, -1017, 358, 658, 326, 219, 361, 165, 287, 444, 
917, 1117, 200, -1017, 358, 658, 326, 219, 361, 165, 287, 444, 
907, 1107, 200, -1007, 353, 653, 326, 214, 361, 165, 287, 444, 
907, 1107, 200, -1007, 353, 653, 326, 214, 361, 161, 287, 444, 
907, 1107, 200, -1007, 353, 653, 331, 219, 361, 161, 287, 444, 
907, 1107, 200, -1007, 353, 653, 331, 219, 361, 161, 287, 448, 
917, 1098, 180, -1007, 368, 639, 336, 219, 361, 170, 278, 439, 
917, 1098, 180, -1007, 368, 639, 336, 219, 361, 170, 278, 444, 
917, 1098, 180, -1007, 368, 639, 336, 219, 361, 170, 283, 444, 
912, 1098, 185, -1005, 363, 641, 336, 219, 361, 175, 283, 444, 
912, 1098, 185, -1005, 363, 641, 336, 219, 375, 185, 297, 453, 
917, 1098, 180, -1007, 368, 639, 336, 219, 375, 190, 297, 453, 
917, 1098, 180, -1007, 368, 639, 336, 214, 375, 190, 297, 453, 
917, 1102, 185, -1010, 366, 644, 336, 214, 375, 190, 297, 453, 
917, 1102, 185, -1010, 366, 644, 336, 219, 366, 185, 297, 448, 
917, 1102, 185, -1010, 366, 644, 336, 219, 366, 180, 297, 448, 
917, 1102, 185, -1010, 366, 644, 331, 219, 366, 175, 297, 448, 
917, 1102, 185, -1010, 366, 644, 331, 219, 370, 170, 297, 448, 
927, 1112, 185, -1019, 370, 649, 331, 219, 380, 170, 297, 458, 
927, 1112, 185, -1019, 370, 649, 331, 219, 385, 170, 297, 458, 
927, 1112, 185, -1019, 370, 649, 331, 214, 385, 170, 297, 458, 
927, 1112, 185, -1019, 370, 649, 331, 214, 385, 170, 297, 458, 
917, 1117, 200, -1017, 358, 658, 341, 219, 385, 185, 302, 468, 
917, 1117, 200, -1017, 358, 658, 341, 219, 385, 185, 302, 468, 
917, 1117, 200, -1017, 358, 658, 341, 214, 385, 185, 302, 468, 
917, 1127, 209, -1022, 353, 668, 341, 214, 385, 185, 302, 468, 
927, 1127, 200, -1027, 363, 663, 331, 214, 385, 190, 307, 483, 
927, 1122, 195, -1024, 366, 658, 331, 214, 385, 190, 312, 483, 
927, 1122, 195, -1024, 366, 658, 331, 214, 385, 190, 312, 478, 
927, 1122, 195, -1024, 366, 658, 331, 209, 390, 190, 312, 478, 
917, 1127, 209, -1022, 353, 668, 331, 200, 380, 180, 312, 478, 
917, 1127, 209, -1022, 353, 668, 331, 200, 380, 185, 317, 488, 
917, 1127, 209, -1022, 353, 668, 331, 200, 390, 190, 317, 488, 
917, 1132, 214, -1024, 351, 673, 331, 200, 390, 190, 317, 488, 
917, 1127, 209, -1022, 353, 668, 331, 200, 395, 200, 317, 488, 
917, 1127, 209, -1022, 353, 668, 331, 204, 395, 200, 317, 488, 
917, 1127, 209, -1022, 353, 668, 331, 204, 395, 200, 317, 492, 
917, 1127, 209, -1022, 353, 668, 331, 204, 395, 200, 317, 492, 
927, 1127, 200, -1027, 363, 663, 341, 204, 385, 195, 307, 492, 
927, 1122, 195, -1024, 366, 658, 341, 204, 395, 195, 307, 488, 
927, 1122, 195, -1024, 366, 658, 336, 204, 395, 195, 302, 483, 
927, 1122, 195, -1024, 366, 658, 336, 204, 395, 195, 302, 478, 
917, 1122, 204, -1019, 356, 663, 336, 214, 395, 204, 312, 483, 
917, 1122, 204, -1019, 356, 663, 336, 214, 395, 204, 312, 488, 
917, 1127, 209, -1022, 353, 668, 336, 214, 395, 204, 312, 492, 
917, 1127, 209, -1022, 353, 668, 336, 214, 395, 204, 312, 497, 
917, 1122, 204, -1019, 356, 663, 336, 214, 395, 204, 312, 488, 
917, 1122, 204, -1019, 356, 663, 336, 214, 395, 204, 312, 488, 
917, 1122, 204, -1019, 356, 663, 336, 209, 395, 204, 317, 492, 
917, 1122, 204, -1019, 356, 663, 336, 209, 395, 204, 317, 492, 
927, 1137, 209, -1032, 358, 673, 336, 209, 395, 214, 307, 492, 
927, 1137, 209, -1032, 358, 673, 336, 209, 395, 214, 307, 492, 
927, 1137, 209, -1032, 358, 673, 336, 209, 395, 219, 307, 492, 
927, 1132, 204, -1029, 361, 668, 336, 209, 395, 219, 307, 492, 
936, 1122, 185, -1029, 375, 653, 326, 209, 395, 214, 317, 502, 
932, 1122, 190, -1027, 370, 656, 326, 209, 395, 209, 317, 502, 
932, 1122, 190, -1027, 370, 656, 326, 209, 400, 204, 322, 502, 
932, 1122, 190, -1027, 370, 656, 326, 209, 400, 200, 322, 497, 
932, 1112, 180, -1022, 375, 646, 331, 219, 409, 200, 317, 497, 
927, 1112, 185, -1019, 370, 649, 336, 219, 405, 195, 317, 497, 
922, 1112, 190, -1017, 366, 651, 341, 219, 405, 195, 317, 497, 
917, 1112, 195, -1015, 361, 653, 346, 219, 405, 195, 317, 497, 
917, 1102, 185, -1010, 366, 644, 346, 229, 395, 204, 312, 488, 
917, 1102, 185, -1010, 366, 644, 346, 229, 395, 204, 312, 488, 
917, 1102, 185, -1010, 366, 644, 346, 229, 395, 204, 312, 488, 
917, 1102, 185, -1010, 366, 644, 346, 229, 395, 204, 307, 488, 
917, 1102, 185, -1010, 366, 644, 336, 219, 395, 204, 317, 497, 
917, 1102, 185, -1010, 366, 644, 336, 219, 395, 204, 317, 497, 
917, 1102, 185, -1010, 366, 644, 341, 214, 390, 204, 317, 497, 
917, 1102, 185, -1010, 366, 644, 341, 214, 390, 204, 317, 497, 
927, 1107, 180, -1017, 373, 644, 336, 214, 390, 204, 322, 497, 
922, 1107, 185, -1015, 368, 646, 336, 214, 390, 204, 322, 497, 
922, 1107, 185, -1015, 368, 646, 341, 214, 390, 204, 317, 497, 
917, 1102, 185, -1010, 366, 644, 341, 214, 390, 204, 317, 497, 
927, 1102, 175, -1015, 375, 639, 341, 204, 380, 204, 317, 507, 
927, 1102, 175, -1015, 375, 639, 336, 204, 380, 204, 317, 507, 
932, 1102, 170, -1017, 380, 636, 336, 204, 380, 204, 317, 507, 
932, 1102, 170, -1017, 380, 636, 336, 204, 380, 200, 317, 507, 
922, 1102, 180, -1012, 370, 641, 336, 204, 380, 190, 307, 507, 
922, 1102, 180, -1012, 370, 641, 336, 204, 380, 190, 307, 507, 
922, 1102, 180, -1012, 370, 641, 336, 204, 380, 190, 307, 507, 
922, 1102, 180, -1012, 370, 641, 336, 200, 380, 190, 307, 507, 
917, 1102, 185, -1010, 366, 644, 326, 200, 380, 190, 307, 517, 
917, 1098, 180, -1007, 368, 639, 331, 200, 375, 190, 307, 517, 
917, 1098, 180, -1007, 368, 639, 331, 200, 375, 190, 307, 512, 
922, 1098, 175, -1010, 373, 636, 331, 200, 375, 190, 307, 512, 
922, 1107, 185, -1015, 368, 646, 331, 200, 385, 190, 317, 512, 
917, 1107, 190, -1012, 363, 649, 331, 200, 385, 195, 317, 512, 
917, 1107, 190, -1012, 363, 649, 331, 200, 385, 200, 317, 512, 
917, 1102, 185, -1010, 366, 644, 326, 200, 385, 204, 312, 512, 
932, 1102, 170, -1017, 380, 636, 326, 200, 375, 214, 302, 502, 
932, 1102, 170, -1017, 380, 636, 326, 200, 380, 214, 302, 507, 
927, 1102, 175, -1015, 375, 639, 326, 200, 380, 214, 307, 507, 
927, 1102, 175, -1015, 375, 639, 326, 195, 380, 214, 307, 507, 
917, 1098, 180, -1007, 368, 639, 336, 204, 375, 200, 297, 507, 
917, 1093, 175, -1005, 370, 634, 336, 204, 375, 195, 297, 502, 
917, 1088, 170, -1002, 373, 629, 336, 204, 375, 190, 297, 502, 
917, 1078, 161, -997, 378, 619, 336, 204, 375, 185, 292, 502, 
917, 1078, 161, -997, 378, 619, 336, 209, 375, 175, 287, 502, 
917, 1073, 156, -995, 380, 614, 336, 209, 375, 175, 287, 502, 
917, 1073, 156, -995, 380, 614, 336, 209, 370, 175, 287, 497, 
912, 1078, 165, -995, 373, 622, 336, 209, 370, 175, 278, 497, 
922, 1078, 156, -1000, 383, 617, 336, 204, 380, 175, 287, 497, 
922, 1073, 151, -997, 385, 612, 336, 204, 380, 180, 287, 497, 
927, 1073, 146, -1000, 390, 610, 336, 200, 380, 185, 287, 497, 
927, 1078, 151, -1002, 387, 614, 331, 200, 375, 190, 287, 497, 
917, 1078, 161, -997, 378, 619, 331, 200, 375, 190, 292, 502, 
917, 1078, 161, -997, 378, 619, 336, 200, 375, 190, 292, 507, 
917, 1078, 161, -997, 378, 619, 336, 200, 375, 190, 292, 512, 
917, 1073, 156, -995, 380, 614, 336, 200, 375, 190, 287, 517, 
917, 1083, 165, -1000, 375, 624, 336, 190, 375, 190, 297, 517, 
917, 1083, 165, -1000, 375, 624, 336, 190, 375, 190, 297, 517, 
917, 1088, 170, -1002, 373, 629, 336, 195, 375, 195, 297, 522, 
917, 1088, 170, -1002, 373, 629, 336, 195, 375, 195, 302, 522, 
917, 1078, 161, -997, 378, 619, 346, 204, 385, 200, 302, 522, 
917, 1078, 161, -997, 378, 619, 346, 204, 385, 200, 307, 522, 
912, 1078, 165, -995, 373, 622, 346, 200, 385, 204, 307, 522, 
912, 1078, 165, -995, 373, 622, 346, 200, 385, 209, 302, 522, 
912, 1078, 165, -995, 373, 622, 346, 200, 385, 204, 297, 512, 
912, 1078, 165, -995, 373, 622, 346, 200, 385, 200, 297, 512, 
912, 1073, 161, -993, 375, 617, 346, 200, 385, 195, 292, 512, 
912, 1073, 161, -993, 375, 617, 346, 200, 385, 190, 287, 512, 
922, 1078, 156, -1000, 383, 617, 346, 200, 385, 190, 292, 522, 
922, 1068, 146, -995, 387, 607, 336, 200, 385, 190, 292, 522, 
922, 1068, 146, -995, 387, 607, 346, 200, 375, 180, 292, 512, 
922, 1058, 136, -990, 392, 597, 346, 200, 366, 180, 287, 512, 
917, 1063, 146, -990, 385, 605, 351, 204, 370, 195, 292, 527, 
917, 1073, 156, -995, 380, 614, 351, 195, 380, 204, 292, 527, 
917, 1073, 156, -995, 380, 614, 351, 195, 380, 204, 292, 527, 
917, 1073, 156, -995, 380, 614, 351, 195, 380, 204, 292, 527, 
917, 1073, 156, -995, 380, 614, 351, 195, 380, 204, 292, 527, 
917, 1063, 146, -990, 385, 605, 351, 195, 370, 195, 283, 522, 
917, 1058, 141, -988, 387, 600, 351, 195, 370, 190, 283, 522, 
917, 1058, 141, -988, 387, 600, 351, 195, 370, 190, 287, 522, 
917, 1058, 141, -988, 387, 600, 351, 195, 370, 185, 287, 522, 
917, 1068, 151, -993, 383, 610, 341, 195, 370, 190, 287, 522, 
917, 1073, 156, -995, 380, 614, 341, 200, 370, 190, 283, 527, 
917, 1073, 156, -995, 380, 614, 341, 200, 375, 190, 283, 527, 
917, 1073, 156, -995, 380, 614, 341, 200, 375, 185, 283, 527, 
927, 1083, 156, -1005, 385, 619, 341, 200, 385, 195, 283, 536, 
927, 1088, 161, -1007, 383, 624, 341, 195, 385, 200, 287, 536, 
927, 1093, 165, -1010, 380, 629, 341, 195, 390, 200, 287, 536, 
927, 1098, 170, -1012, 378, 634, 341, 195, 390, 200, 287, 536, 
917, 1088, 170, -1002, 373, 629, 351, 209, 405, 209, 297, 546, 
917, 1098, 180, -1007, 368, 639, 351, 209, 409, 214, 302, 551, 
917, 1102, 185, -1010, 366, 644, 351, 209, 414, 229, 312, 551, 
917, 1107, 190, -1012, 363, 649, 351, 209, 414, 234, 322, 561, 
922, 1122, 200, -1022, 361, 661, 341, 200, 419, 244, 322, 561, 
922, 1132, 209, -1027, 356, 671, 346, 200, 414, 244, 322, 561, 
922, 1137, 214, -1029, 353, 675, 346, 200, 414, 244, 322, 561, 
922, 1137, 214, -1029, 353, 675, 346, 200, 414, 244, 322, 566, 
912, 1137, 224, -1024, 344, 680, 351, 209, 419, 244, 322, 566, 
912, 1137, 224, -1024, 344, 680, 356, 209, 419, 248, 326, 566, 
912, 1137, 224, -1024, 344, 680, 356, 209, 424, 248, 326, 570, 
912, 1141, 229, -1027, 341, 685, 356, 209, 424, 248, 326, 570, 
922, 1132, 209, -1027, 356, 671, 361, 209, 424, 244, 317, 570, 
922, 1132, 209, -1027, 356, 671, 361, 219, 424, 244, 317, 570, 
927, 1132, 204, -1029, 361, 668, 370, 229, 429, 244, 322, 575, 
932, 1137, 204, -1034, 363, 671, 361, 229, 434, 239, 322, 575, 
941, 1156, 214, -1049, 363, 685, 356, 229, 444, 253, 326, 566, 
941, 1161, 219, -1051, 361, 690, 351, 224, 444, 258, 331, 575, 
941, 1171, 229, -1056, 356, 700, 351, 219, 448, 263, 336, 575, 
951, 1171, 219, -1061, 366, 695, 346, 219, 448, 263, 336, 575, 
961, 1176, 214, -1068, 373, 695, 336, 209, 448, 268, 351, 590, 
966, 1176, 209, -1071, 378, 692, 326, 209, 444, 273, 351, 590, 
966, 1176, 209, -1071, 378, 692, 317, 204, 439, 273, 346, 585, 
961, 1180, 219, -1071, 370, 700, 317, 204, 434, 278, 341, 585, 
961, 1171, 209, -1066, 375, 690, 307, 204, 439, 263, 341, 600, 
961, 1171, 209, -1066, 375, 690, 302, 200, 434, 253, 341, 600, 
966, 1171, 204, -1068, 380, 688, 297, 195, 434, 253, 336, 600, 
966, 1166, 200, -1066, 383, 683, 297, 190, 424, 253, 336, 600, 
966, 1156, 190, -1061, 387, 673, 307, 180, 419, 239, 331, 590, 
971, 1151, 180, -1061, 395, 666, 307, 190, 414, 239, 322, 585, 
976, 1151, 175, -1063, 400, 663, 312, 195, 409, 244, 317, 580, 
976, 1146, 170, -1061, 402, 658, 312, 195, 405, 244, 317, 575, 
971, 1132, 161, -1051, 405, 646, 302, 204, 405, 248, 326, 585, 
971, 1127, 156, -1049, 407, 641, 307, 204, 405, 244, 326, 585, 
971, 1122, 151, -1046, 409, 636, 307, 204, 400, 244, 322, 585, 
966, 1122, 156, -1044, 405, 639, 307, 209, 400, 244, 317, 585, 
956, 1127, 170, -1041, 392, 649, 322, 214, 405, 234, 317, 590, 
951, 1127, 175, -1039, 387, 651, 331, 214, 405, 234, 317, 590, 
941, 1127, 185, -1034, 378, 656, 331, 214, 405, 234, 317, 590, 
941, 1117, 175, -1029, 383, 646, 331, 209, 400, 234, 317, 590, 
946, 1102, 156, -1024, 395, 629, 331, 209, 400, 229, 302, 580, 
941, 1098, 156, -1019, 392, 627, 341, 209, 395, 229, 302, 575, 
932, 1098, 165, -1015, 383, 631, 341, 209, 395, 219, 292, 566, 
922, 1088, 165, -1005, 378, 627, 341, 209, 395, 219, 292, 561, 
917, 1083, 165, -1000, 375, 624, 346, 204, 390, 214, 283, 561, 
912, 1073, 161, -993, 375, 617, 346, 204, 385, 214, 278, 556, 
907, 1063, 156, -985, 375, 610, 346, 204, 380, 209, 268, 551, 
907, 1058, 151, -983, 378, 605, 351, 204, 380, 204, 268, 546, 
907, 1058, 151, -983, 378, 605, 351, 200, 370, 209, 273, 556, 
902, 1054, 151, -978, 375, 602, 351, 200, 370, 204, 268, 551, 
902, 1054, 151, -978, 375, 602, 351, 200, 370, 204, 263, 551, 
902, 1049, 146, -976, 378, 597, 351, 195, 366, 200, 258, 551, 
902, 1044, 141, -973, 380, 592, 351, 195, 370, 190, 258, 546, 
902, 1039, 136, -971, 383, 588, 351, 195, 366, 190, 263, 546, 
897, 1039, 141, -968, 378, 590, 351, 195, 366, 185, 263, 546, 
897, 1034, 136, -966, 380, 585, 351, 190, 366, 180, 253, 546, 
907, 1039, 131, -973, 387, 585, 351, 190, 356, 185, 244, 541, 
902, 1034, 131, -968, 385, 583, 351, 190, 356, 185, 244, 541, 
902, 1034, 131, -968, 385, 583, 351, 195, 356, 185, 244, 541, 
902, 1034, 131, -968, 385, 583, 356, 195, 351, 185, 239, 541, 
902, 1044, 141, -973, 380, 592, 346, 190, 361, 185, 248, 536, 
893, 1044, 151, -968, 370, 597, 346, 190, 361, 185, 248, 536, 
893, 1039, 146, -966, 373, 592, 346, 195, 361, 185, 248, 536, 
902, 1039, 136, -971, 383, 588, 351, 195, 366, 185, 248, 536, 
902, 1029, 126, -966, 387, 578, 351, 195, 356, 180, 239, 536, 
897, 1024, 126, -961, 385, 575, 351, 195, 356, 180, 234, 531, 
893, 1024, 131, -958, 380, 578, 351, 195, 356, 180, 234, 531, 
893, 1024, 131, -958, 380, 578, 356, 195, 356, 175, 234, 536, 
888, 1015, 126, -951, 380, 570, 366, 185, 351, 175, 224, 536, 
888, 1010, 122, -949, 383, 566, 361, 190, 351, 170, 224, 531, 
883, 1010, 126, -946, 378, 568, 361, 190, 346, 170, 224, 531, 
883, 1010, 126, -946, 378, 568, 361, 185, 346, 175, 224, 531, 
873, 1015, 141, -944, 366, 578, 366, 175, 351, 175, 224, 541, 
873, 1019, 146, -946, 363, 583, 366, 170, 356, 180, 229, 541, 
873, 1019, 146, -946, 363, 583, 361, 165, 366, 185, 234, 546, 
868, 1019, 151, -944, 358, 585, 361, 165, 370, 195, 234, 551, 
858, 1029, 170, -944, 344, 600, 375, 185, 390, 204, 229, 551, 
858, 1029, 170, -944, 344, 600, 385, 209, 390, 204, 239, 556, 
863, 1029, 165, -946, 348, 597, 405, 253, 405, 224, 248, 561, 
868, 1029, 161, -949, 353, 595, 414, 292, 414, 244, 268, 566, 
888, 1029, 141, -958, 373, 585, 390, 263, 385, 244, 283, 570, 
922, 1029, 107, -976, 407, 568, 292, 170, 312, 234, 292, 575, 
985, 1044, 58, -1015, 463, 551, 170, 68, 234, 244, 317, 595, 
1044, 1058, 14, -1051, 514, 536, 63, -9, 165, 273, 356, 629, 
1098, 1078, -19, -1088, 558, 529, -14, -63, 126, 283, 395, 663, 
1161, 1107, -53, -1134, 607, 527, -102, -117, 107, 312, 448, 707, 
1234, 1166, -68, -1200, 651, 549, -219, -200, 82, 375, 536, 780, 
1298, 1249, -48, -1273, 673, 600, -346, -302, 53, 439, 624, 858, 
1337, 1312, -24, -1324, 680, 644, -458, -409, 29, 488, 688, 907, 
1371, 1346, -24, -1359, 697, 661, -546, -497, 0, 517, 732, 946, 
1410, 1346, -63, -1378, 736, 641, -610, -556, -24, 536, 756, 961, 
1444, 1322, -122, -1383, 783, 600, -649, -575, -63, 512, 736, 961, 
1473, 1278, -195, -1376, 834, 541, -649, -575, -126, 429, 678, 932, 
1473, 1215, -258, -1344, 866, 478, -629, -566, -214, 302, 580, 888, 
1473, 1063, -409, -1268, 941, 326, -585, -517, -331, 112, 429, 795, 
1473, 888, -585, -1180, 1029, 151, -517, -409, -453, -107, 234, 668, 
1459, 756, -702, -1107, 1080, 26, -448, -336, -546, -287, 73, 556, 
1424, 639, -785, -1032, 1105, -73, -395, -307, -610, -424, -53, 478, 
1385, 546, -839, -966, 1112, -146, -326, -268, -634, -497, -136, 405, 
1346, 522, -824, -934, 1085, -151, -253, -209, -600, -492, -156, 361, 
1322, 541, -780, -932, 1051, -119, -185, -146, -527, -448, -156, 351, 
1293, 556, -736, -924, 1015, -90, -102, -68, -453, -424, -161, 331, 
1263, 556, -707, -910, 985, -75, -19, -9, -390, -414, -161, 331, 
1239, 566, -673, -902, 956, -53, 48, 34, -336, -385, -146, 336, 
1224, 585, -639, -905, 932, -26, 102, 73, -273, -346, -126, 341, 
1195, 595, -600, -895, 897, -2, 161, 112, -214, -297, -102, 356, 
1166, 634, -531, -900, 849, 51, 195, 126, -146, -248, -73, 370, 
1141, 673, -468, -907, 805, 102, 219, 131, -78, -200, -43, 390, 
1107, 702, -405, -905, 756, 148, 244, 141, -29, -151, -19, 400, 
1073, 746, -326, -910, 700, 209, 268, 151, 29, -102, 9, 414, 
1039, 805, -234, -922, 636, 285, 292, 170, 102, -53, 39, 434, 
980, 829, -151, -905, 566, 339, 317, 185, 156, 0, 63, 444, 
961, 844, -117, -902, 539, 363, 331, 190, 200, 34, 87, 463, 
956, 878, -78, -917, 517, 400, 341, 195, 219, 58, 112, 492, 
951, 912, -39, -932, 495, 436, 336, 195, 244, 92, 141, 522, 
941, 932, -9, -936, 475, 461, 341, 200, 268, 112, 170, 536, 
936, 951, 14, -944, 461, 483, 361, 209, 283, 131, 190, 546, 
932, 966, 34, -949, 448, 500, 361, 209, 297, 126, 190, 546, 
922, 971, 48, -946, 436, 509, 366, 204, 307, 136, 180, 541, 
902, 971, 68, -936, 417, 519, 380, 219, 326, 146, 180, 546, 
893, 976, 82, -934, 405, 529, 390, 224, 331, 141, 180, 541, 
888, 985, 97, -936, 395, 541, 390, 224, 346, 146, 180, 541, 
878, 990, 112, -934, 383, 551, 400, 229, 356, 161, 185, 546, 
883, 990, 107, -936, 387, 549, 409, 234, 370, 175, 190, 546, 
883, 990, 107, -936, 387, 549, 409, 234, 375, 180, 190, 551, 
883, 990, 107, -936, 387, 549, 409, 234, 375, 180, 190, 551, 
883, 990, 107, -936, 387, 549, 409, 234, 370, 180, 195, 551, 
873, 995, 122, -934, 375, 558, 419, 239, 370, 190, 204, 561, 
873, 995, 122, -934, 375, 558, 419, 239, 370, 195, 204, 561, 
868, 995, 126, -932, 370, 561, 419, 239, 370, 200, 204, 561, 
868, 995, 126, -932, 370, 561, 419, 248, 380, 200, 209, 561, 
863, 990, 126, -927, 368, 558, 409, 248, 380, 209, 209, 561, 
863, 990, 126, -927, 368, 558, 409, 248, 385, 209, 209, 570, 
863, 990, 126, -927, 368, 558, 414, 248, 390, 214, 214, 575, 
863, 990, 126, -927, 368, 558, 419, 248, 395, 214, 219, 575, 
878, 1000, 122, -939, 378, 561, 419, 244, 390, 204, 209, 566, 
878, 1005, 126, -941, 375, 566, 419, 244, 390, 204, 209, 566, 
878, 1005, 126, -941, 375, 566, 419, 244, 385, 204, 209, 561, 
878, 1005, 126, -941, 375, 566, 424, 244, 380, 200, 204, 561, 
888, 1010, 122, -949, 383, 566, 424, 239, 370, 200, 214, 570, 
888, 1019, 131, -954, 378, 575, 419, 239, 380, 209, 214, 570, 
888, 1024, 136, -956, 375, 580, 419, 239, 380, 209, 214, 570, 
888, 1029, 141, -958, 373, 585, 419, 239, 380, 209, 219, 570, 
878, 1039, 161, -958, 358, 600, 419, 244, 395, 209, 219, 580, 
878, 1039, 161, -958, 358, 600, 424, 248, 395, 209, 219, 580, 
878, 1039, 161, -958, 358, 600, 429, 248, 400, 209, 219, 585, 
878, 1039, 161, -958, 358, 600, 429, 248, 400, 214, 219, 585, 
878, 1029, 151, -954, 363, 590, 419, 248, 400, 224, 219, 585, 
878, 1029, 151, -954, 363, 590, 419, 248, 400, 224, 219, 585, 
878, 1029, 151, -954, 363, 590, 424, 253, 400, 224, 219, 585, 
878, 1034, 156, -956, 361, 595, 424, 253, 400, 224, 214, 585, 
868, 1024, 156, -946, 356, 590, 419, 253, 390, 219, 204, 585, 
868, 1024, 156, -946, 356, 590, 419, 253, 390, 219, 204, 585, 
868, 1019, 151, -944, 358, 585, 424, 258, 390, 214, 204, 580, 
868, 1019, 151, -944, 358, 585, 424, 258, 395, 209, 204, 580, 
878, 1019, 141, -949, 368, 580, 434, 268, 400, 209, 204, 590, 
878, 1019, 141, -949, 368, 580, 434, 268, 400, 209, 204, 590, 
878, 1019, 141, -949, 368, 580, 434, 268, 400, 209, 204, 590, 
878, 1019, 141, -949, 368, 580, 434, 268, 400, 209, 204, 590, 
878, 1029, 151, -954, 363, 590, 434, 273, 405, 214, 214, 580, 
873, 1029, 156, -951, 358, 592, 434, 273, 405, 219, 214, 585, 
873, 1034, 161, -954, 356, 597, 434, 278, 405, 229, 214, 585, 
878, 1034, 156, -956, 361, 595, 439, 278, 400, 234, 214, 585, 
878, 1044, 165, -961, 356, 605, 429, 273, 400, 234, 214, 590, 
878, 1044, 165, -961, 356, 605, 429, 273, 400, 234, 214, 595, 
873, 1044, 170, -958, 351, 607, 429, 273, 405, 239, 214, 600, 
873, 1044, 170, -958, 351, 607, 429, 273, 405, 239, 219, 605, 
883, 1044, 161, -963, 361, 602, 429, 278, 409, 224, 209, 595, 
883, 1044, 161, -963, 361, 602, 434, 278, 409, 224, 209, 595, 
883, 1044, 161, -963, 361, 602, 434, 278, 414, 229, 214, 590, 
888, 1044, 156, -966, 366, 600, 434, 283, 414, 234, 214, 590, 
878, 1039, 161, -958, 358, 600, 439, 292, 424, 244, 214, 590, 
878, 1044, 165, -961, 356, 605, 444, 292, 424, 244, 214, 600, 
878, 1039, 161, -958, 358, 600, 453, 297, 424, 244, 214, 600, 
878, 1029, 151, -954, 363, 590, 463, 302, 429, 244, 214, 605, 
878, 1039, 161, -958, 358, 600, 458, 292, 429, 248, 224, 614, 
878, 1044, 165, -961, 356, 605, 453, 292, 429, 253, 224, 614, 
878, 1044, 165, -961, 356, 605, 448, 297, 429, 258, 224, 614, 
873, 1044, 170, -958, 351, 607, 444, 297, 434, 268, 224, 614, 
873, 1054, 180, -963, 346, 617, 439, 297, 424, 253, 214, 614, 
873, 1058, 185, -966, 344, 622, 439, 307, 424, 248, 214, 614, 
873, 1058, 185, -966, 344, 622, 439, 307, 429, 244, 219, 614, 
873, 1063, 190, -968, 341, 627, 439, 312, 429, 239, 219, 610, 
883, 1063, 180, -973, 351, 622, 453, 317, 444, 248, 209, 610, 
883, 1063, 180, -973, 351, 622, 453, 322, 444, 248, 209, 610, 
888, 1058, 170, -973, 358, 614, 453, 326, 444, 248, 209, 610, 
888, 1058, 170, -973, 358, 614, 458, 331, 444, 248, 209, 610, 
888, 1054, 165, -971, 361, 610, 468, 341, 453, 253, 209, 614, 
888, 1054, 165, -971, 361, 610, 478, 346, 453, 258, 214, 614, 
888, 1058, 170, -973, 358, 614, 478, 351, 453, 263, 214, 614, 
888, 1058, 170, -973, 358, 614, 478, 356, 463, 263, 214, 619, 
897, 1058, 161, -978, 368, 610, 468, 351, 468, 273, 229, 619, 
897, 1063, 165, -980, 366, 614, 473, 356, 468, 278, 229, 619, 
897, 1068, 170, -983, 363, 619, 473, 361, 468, 278, 224, 619, 
897, 1073, 175, -985, 361, 624, 478, 366, 468, 278, 224, 619, 
888, 1073, 185, -980, 351, 629, 473, 361, 473, 287, 224, 629, 
888, 1083, 195, -985, 346, 639, 473, 366, 478, 292, 224, 639, 
888, 1083, 195, -985, 346, 639, 473, 370, 483, 297, 229, 639, 
888, 1083, 195, -985, 346, 639, 473, 380, 483, 302, 234, 634, 
888, 1093, 204, -990, 341, 649, 483, 385, 492, 292, 224, 634, 
888, 1098, 209, -993, 339, 653, 488, 400, 497, 292, 224, 639, 
888, 1098, 209, -993, 339, 653, 488, 405, 497, 302, 224, 639, 
893, 1102, 209, -997, 341, 656, 492, 409, 502, 307, 224, 644, 
893, 1098, 204, -995, 344, 651, 497, 414, 507, 297, 219, 644, 
902, 1102, 200, -1002, 351, 651, 497, 424, 512, 297, 219, 639, 
907, 1107, 200, -1007, 353, 653, 497, 434, 517, 297, 224, 639, 
907, 1112, 204, -1010, 351, 658, 502, 439, 522, 307, 229, 649, 
907, 1117, 209, -1012, 348, 663, 502, 458, 527, 317, 239, 649, 
907, 1117, 209, -1012, 348, 663, 502, 463, 531, 326, 239, 649, 
907, 1122, 214, -1015, 346, 668, 502, 473, 536, 331, 244, 653, 
907, 1127, 219, -1017, 344, 673, 507, 478, 541, 341, 253, 653, 
917, 1141, 224, -1029, 346, 683, 517, 483, 546, 356, 258, 668, 
917, 1141, 224, -1029, 346, 683, 517, 483, 551, 361, 258, 668, 
917, 1146, 229, -1032, 344, 688, 517, 483, 556, 361, 258, 668, 
917, 1146, 229, -1032, 344, 688, 517, 488, 556, 361, 258, 673, 
912, 1156, 244, -1034, 334, 700, 527, 502, 561, 356, 248, 673, 
912, 1166, 253, -1039, 329, 710, 527, 507, 566, 356, 248, 673, 
912, 1166, 253, -1039, 329, 710, 527, 512, 566, 366, 253, 678, 
912, 1166, 253, -1039, 329, 710, 527, 517, 566, 366, 263, 678, 
912, 1166, 253, -1039, 329, 710, 517, 512, 570, 366, 273, 678, 
912, 1176, 263, -1044, 324, 719, 517, 512, 570, 366, 273, 683, 
917, 1180, 263, -1049, 326, 722, 517, 517, 570, 370, 273, 683, 
922, 1180, 258, -1051, 331, 719, 512, 517, 570, 370, 278, 683, 
927, 1176, 248, -1051, 339, 712, 512, 512, 561, 370, 273, 683, 
927, 1176, 248, -1051, 339, 712, 512, 512, 561, 370, 273, 688, 
927, 1176, 248, -1051, 339, 712, 512, 512, 561, 375, 278, 688, 
927, 1180, 253, -1054, 336, 717, 512, 517, 566, 375, 278, 692, 
927, 1180, 253, -1054, 336, 717, 502, 517, 566, 370, 268, 692, 
932, 1180, 248, -1056, 341, 714, 497, 517, 566, 370, 263, 692, 
932, 1180, 248, -1056, 341, 714, 497, 517, 566, 370, 263, 692, 
932, 1180, 248, -1056, 341, 714, 492, 517, 561, 370, 268, 692, 
941, 1190, 248, -1066, 346, 719, 497, 507, 551, 370, 268, 692, 
941, 1195, 253, -1068, 344, 724, 492, 507, 551, 366, 268, 692, 
941, 1195, 253, -1068, 344, 724, 488, 497, 551, 366, 268, 692, 
941, 1190, 248, -1066, 346, 719, 483, 492, 546, 366, 268, 692, 
946, 1190, 244, -1068, 351, 717, 478, 488, 551, 375, 268, 702, 
946, 1190, 244, -1068, 351, 717, 473, 478, 546, 370, 268, 702, 
946, 1190, 244, -1068, 351, 717, 463, 463, 541, 370, 268, 707, 
941, 1190, 248, -1066, 346, 719, 458, 448, 536, 366, 268, 707, 
941, 1185, 244, -1063, 348, 714, 458, 444, 536, 356, 268, 707, 
941, 1180, 239, -1061, 351, 710, 453, 429, 531, 356, 268, 707, 
941, 1171, 229, -1056, 356, 700, 453, 414, 527, 351, 263, 707, 
941, 1156, 214, -1049, 363, 685, 448, 400, 517, 341, 263, 707, 
932, 1156, 224, -1044, 353, 690, 434, 395, 512, 341, 253, 697, 
932, 1151, 219, -1041, 356, 685, 429, 380, 502, 336, 248, 692, 
927, 1151, 224, -1039, 351, 688, 419, 366, 497, 336, 248, 692, 
927, 1146, 219, -1037, 353, 683, 414, 356, 488, 331, 244, 692, 
936, 1151, 214, -1044, 361, 683, 409, 341, 483, 326, 239, 692, 
932, 1146, 214, -1039, 358, 680, 409, 331, 478, 322, 239, 688, 
932, 1141, 209, -1037, 361, 675, 405, 317, 468, 317, 239, 688, 
932, 1141, 209, -1037, 361, 675, 395, 302, 463, 312, 239, 688, 
927, 1132, 204, -1029, 361, 668, 405, 292, 458, 317, 234, 692, 
917, 1127, 209, -1022, 353, 668, 400, 283, 448, 312, 229, 692, 
912, 1122, 209, -1017, 351, 666, 395, 278, 444, 302, 224, 688, 
907, 1117, 209, -1012, 348, 663, 395, 268, 439, 297, 224, 683, 
912, 1112, 200, -1012, 356, 656, 390, 268, 439, 292, 209, 668, 
912, 1107, 195, -1010, 358, 651, 385, 263, 434, 287, 204, 668, 
907, 1107, 200, -1007, 353, 653, 385, 258, 429, 278, 200, 668, 
907, 1107, 200, -1007, 353, 653, 385, 248, 424, 268, 200, 668, 
907, 1112, 204, -1010, 351, 658, 385, 248, 419, 268, 200, 673, 
907, 1107, 200, -1007, 353, 653, 380, 244, 414, 268, 200, 673, 
907, 1107, 200, -1007, 353, 653, 380, 234, 414, 273, 200, 673, 
902, 1102, 200, -1002, 351, 651, 380, 229, 414, 273, 195, 668, 
902, 1088, 185, -995, 358, 636, 375, 229, 409, 268, 195, 668, 
902, 1088, 185, -995, 358, 636, 375, 224, 405, 268, 195, 668, 
902, 1083, 180, -993, 361, 631, 375, 224, 400, 263, 195, 668, 
902, 1083, 180, -993, 361, 631, 370, 219, 395, 263, 185, 663, 
897, 1073, 175, -985, 361, 624, 370, 214, 385, 248, 175, 653, 
897, 1068, 170, -983, 363, 619, 370, 214, 385, 248, 175, 653, 
897, 1068, 170, -983, 363, 619, 370, 214, 380, 244, 175, 653, 
897, 1068, 170, -983, 363, 619, 366, 209, 380, 244, 165, 649, 
902, 1078, 175, -990, 363, 627, 375, 209, 380, 244, 165, 658, 
902, 1073, 170, -988, 366, 622, 375, 209, 375, 244, 165, 658, 
902, 1068, 165, -985, 368, 617, 375, 209, 375, 239, 165, 658, 
902, 1068, 165, -985, 368, 617, 370, 209, 370, 239, 161, 658, 
902, 1073, 170, -988, 366, 622, 370, 204, 380, 244, 170, 653, 
902, 1073, 170, -988, 366, 622, 370, 204, 380, 244, 170, 653, 
902, 1073, 170, -988, 366, 622, 375, 204, 380, 244, 170, 653, 
897, 1073, 175, -985, 361, 624, 375, 204, 380, 248, 170, 658, 
888, 1058, 170, -973, 358, 614, 375, 204, 380, 248, 170, 658, 
888, 1058, 170, -973, 358, 614, 375, 204, 380, 244, 170, 658, 
888, 1058, 170, -973, 358, 614, 375, 209, 380, 244, 170, 658, 
888, 1058, 170, -973, 358, 614, 375, 209, 380, 244, 170, 658, 
888, 1068, 180, -978, 353, 624, 366, 214, 380, 244, 170, 663, 
888, 1068, 180, -978, 353, 624, 366, 214, 380, 239, 170, 658, 
888, 1068, 180, -978, 353, 624, 370, 219, 380, 239, 170, 653, 
888, 1068, 180, -978, 353, 624, 370, 219, 380, 239, 170, 653, 
888, 1078, 190, -983, 348, 634, 366, 209, 390, 244, 170, 653, 
888, 1078, 190, -983, 348, 634, 366, 209, 390, 248, 170, 658, 
888, 1078, 190, -983, 348, 634, 366, 209, 390, 253, 175, 658, 
883, 1078, 195, -980, 344, 636, 366, 209, 390, 263, 175, 658, 
893, 1078, 185, -985, 353, 631, 366, 209, 395, 253, 180, 658, 
897, 1078, 180, -988, 358, 629, 366, 209, 395, 258, 180, 658, 
897, 1078, 180, -988, 358, 629, 366, 204, 395, 258, 180, 658, 
897, 1083, 185, -990, 356, 634, 366, 204, 395, 258, 180, 658, 
897, 1083, 185, -990, 356, 634, 366, 209, 395, 258, 170, 663, 
897, 1083, 185, -990, 356, 634, 366, 209, 395, 258, 170, 663, 
897, 1083, 185, -990, 356, 634, 361, 209, 395, 258, 170, 663, 
897, 1083, 185, -990, 356, 634, 361, 209, 400, 258, 170, 663, 
897, 1083, 185, -990, 356, 634, 361, 209, 400, 268, 180, 673, 
897, 1083, 185, -990, 356, 634, 361, 209, 405, 268, 180, 673, 
897, 1083, 185, -990, 356, 634, 361, 204, 405, 268, 180, 673, 
897, 1083, 185, -990, 356, 634, 361, 204, 405, 268, 180, 673, 
897, 1088, 190, -993, 353, 639, 370, 209, 405, 273, 185, 683, 
897, 1088, 190, -993, 353, 639, 370, 209, 405, 273, 185, 683, 
897, 1088, 190, -993, 353, 639, 370, 204, 405, 273, 185, 683, 
897, 1098, 200, -997, 348, 649, 370, 204, 405, 273, 185, 683, 
888, 1098, 209, -993, 339, 653, 361, 204, 405, 278, 190, 678, 
888, 1093, 204, -990, 341, 649, 361, 204, 405, 278, 195, 678, 
888, 1093, 204, -990, 341, 649, 361, 204, 405, 278, 195, 673, 
888, 1093, 204, -990, 341, 649, 361, 200, 409, 278, 195, 673, 
897, 1107, 209, -1002, 344, 658, 370, 200, 400, 268, 195, 673, 
897, 1107, 209, -1002, 344, 658, 370, 200, 400, 273, 200, 683, 
897, 1107, 209, -1002, 344, 658, 370, 200, 409, 278, 200, 683, 
897, 1112, 214, -1005, 341, 663, 370, 200, 409, 278, 200, 683, 
897, 1112, 214, -1005, 341, 663, 361, 200, 414, 278, 200, 683, 
897, 1107, 209, -1002, 344, 658, 361, 204, 414, 278, 200, 683, 
897, 1102, 204, -1000, 346, 653, 361, 204, 414, 278, 200, 688, 
897, 1098, 200, -997, 348, 649, 361, 204, 414, 278, 200, 688, 
897, 1102, 204, -1000, 346, 653, 361, 204, 414, 283, 209, 683, 
897, 1102, 204, -1000, 346, 653, 361, 204, 424, 283, 209, 683, 
897, 1107, 209, -1002, 344, 658, 356, 204, 424, 283, 204, 683, 
897, 1112, 214, -1005, 341, 663, 356, 204, 424, 283, 204, 683, 
888, 1112, 224, -1000, 331, 668, 366, 195, 424, 292, 204, 683, 
888, 1112, 224, -1000, 331, 668, 366, 195, 424, 292, 204, 683, 
888, 1117, 229, -1002, 329, 673, 366, 195, 424, 292, 204, 683, 
888, 1117, 229, -1002, 329, 673, 366, 195, 424, 292, 204, 683, 
897, 1112, 214, -1005, 341, 663, 366, 204, 414, 292, 204, 692, 
897, 1112, 214, -1005, 341, 663, 366, 204, 414, 292, 204, 692, 
897, 1112, 214, -1005, 341, 663, 366, 200, 414, 292, 209, 697, 
897, 1112, 214, -1005, 341, 663, 366, 200, 414, 292, 209, 697, 
888, 1117, 229, -1002, 329, 673, 366, 200, 424, 283, 209, 688, 
888, 1117, 229, -1002, 329, 673, 366, 200, 424, 283, 209, 688, 
888, 1117, 229, -1002, 329, 673, 366, 200, 424, 287, 209, 688, 
888, 1112, 224, -1000, 331, 668, 366, 200, 424, 287, 209, 688, 
888, 1107, 219, -997, 334, 663, 366, 200, 424, 278, 204, 688, 
883, 1102, 219, -993, 331, 661, 366, 200, 424, 278, 200, 688, 
883, 1098, 214, -990, 334, 656, 366, 200, 429, 278, 200, 688, 
883, 1093, 209, -988, 336, 651, 366, 200, 429, 278, 195, 683, 
878, 1093, 214, -985, 331, 653, 366, 190, 429, 287, 190, 683, 
878, 1093, 214, -985, 331, 653, 366, 190, 424, 283, 190, 683, 
878, 1093, 214, -985, 331, 653, 366, 190, 424, 283, 190, 683, 
878, 1093, 214, -985, 331, 653, 366, 190, 424, 283, 190, 683, 
888, 1102, 214, -995, 336, 658, 366, 190, 424, 283, 195, 673, 
888, 1102, 214, -995, 336, 658, 366, 190, 424, 283, 195, 673, 
888, 1102, 214, -995, 336, 658, 366, 190, 424, 283, 195, 673, 
888, 1102, 214, -995, 336, 658, 366, 190, 424, 283, 190, 673, 
888, 1093, 204, -990, 341, 649, 366, 200, 424, 283, 200, 683, 
888, 1093, 204, -990, 341, 649, 366, 200, 424, 283, 200, 683, 
888, 1093, 204, -990, 341, 649, 370, 195, 419, 283, 200, 683, 
888, 1093, 204, -990, 341, 649, 370, 195, 419, 283, 200, 683, 
883, 1088, 204, -985, 339, 646, 366, 195, 419, 273, 195, 673, 
873, 1088, 214, -980, 329, 651, 366, 195, 419, 273, 195, 673, 
868, 1088, 219, -978, 324, 653, 370, 195, 419, 273, 190, 673, 
858, 1083, 224, -971, 317, 653, 370, 195, 419, 273, 190, 673, 
868, 1093, 224, -980, 322, 658, 370, 195, 419, 273, 180, 673, 
868, 1093, 224, -980, 322, 658, 366, 195, 419, 273, 180, 673, 
873, 1093, 219, -983, 326, 656, 366, 195, 419, 273, 180, 673, 
873, 1093, 219, -983, 326, 656, 366, 195, 419, 268, 180, 673, 
873, 1093, 219, -983, 326, 656, 375, 195, 419, 278, 190, 673, 
873, 1093, 219, -983, 326, 656, 375, 195, 419, 278, 190, 673, 
873, 1093, 219, -983, 326, 656, 375, 195, 419, 278, 190, 673, 
873, 1093, 219, -983, 326, 656, 375, 190, 419, 278, 190, 673, 
868, 1083, 214, -976, 326, 649, 366, 190, 419, 268, 190, 673, 
868, 1078, 209, -973, 329, 644, 370, 190, 414, 268, 190, 673, 
868, 1078, 209, -973, 329, 644, 370, 190, 414, 268, 190, 668, 
873, 1078, 204, -976, 334, 641, 370, 190, 414, 268, 190, 668, 
873, 1073, 200, -973, 336, 636, 380, 190, 414, 253, 180, 668, 
868, 1068, 200, -968, 334, 634, 380, 190, 414, 253, 180, 668, 
868, 1063, 195, -966, 336, 629, 380, 190, 414, 253, 180, 668, 
868, 1054, 185, -961, 341, 619, 375, 190, 414, 253, 175, 668, 
873, 1058, 185, -966, 344, 622, 375, 190, 405, 263, 175, 668, 
873, 1063, 190, -968, 341, 627, 375, 190, 409, 263, 175, 673, 
868, 1068, 200, -968, 334, 634, 375, 190, 409, 263, 180, 673, 
868, 1073, 204, -971, 331, 639, 375, 185, 409, 263, 180, 673, 
868, 1078, 209, -973, 329, 644, 375, 185, 414, 263, 190, 673, 
868, 1083, 214, -976, 326, 649, 375, 185, 414, 263, 190, 668, 
868, 1088, 219, -978, 324, 653, 375, 185, 414, 263, 190, 668, 
868, 1088, 219, -978, 324, 653, 375, 185, 414, 263, 185, 668, 
858, 1083, 224, -971, 317, 653, 375, 190, 414, 263, 180, 668, 
858, 1073, 214, -966, 322, 644, 375, 190, 414, 263, 180, 668, 
858, 1068, 209, -963, 324, 639, 375, 190, 409, 263, 180, 663, 
854, 1068, 214, -961, 319, 641, 375, 190, 409, 263, 170, 663, 
863, 1078, 214, -971, 324, 646, 370, 180, 409, 258, 180, 663, 
863, 1073, 209, -968, 326, 641, 366, 175, 409, 258, 180, 663, 
868, 1073, 204, -971, 331, 639, 361, 165, 409, 258, 180, 663, 
868, 1078, 209, -973, 329, 644, 351, 161, 405, 258, 180, 663, 
858, 1068, 209, -963, 324, 639, 361, 170, 414, 258, 185, 663, 
858, 1068, 209, -963, 324, 639, 366, 170, 414, 258, 185, 663, 
858, 1068, 209, -963, 324, 639, 366, 170, 414, 258, 185, 663, 
858, 1063, 204, -961, 326, 634, 366, 170, 414, 258, 180, 663, 
849, 1054, 204, -951, 322, 629, 366, 170, 405, 253, 170, 653, 
849, 1054, 204, -951, 322, 629, 366, 170, 405, 248, 170, 653, 
849, 1058, 209, -954, 319, 634, 366, 175, 405, 248, 170, 658, 
849, 1058, 209, -954, 319, 634, 366, 175, 405, 244, 175, 658, 
849, 1068, 219, -958, 314, 644, 375, 175, 405, 244, 165, 649, 
849, 1068, 219, -958, 314, 644, 375, 175, 405, 239, 170, 649, 
844, 1068, 224, -956, 309, 646, 375, 170, 405, 239, 170, 649, 
844, 1068, 224, -956, 309, 646, 375, 170, 405, 239, 165, 649, 
854, 1078, 224, -966, 314, 651, 375, 180, 414, 244, 170, 658, 
854, 1078, 224, -966, 314, 651, 375, 180, 414, 248, 180, 658, 
854, 1073, 219, -963, 317, 646, 375, 180, 414, 253, 185, 658, 
854, 1073, 219, -963, 317, 646, 375, 180, 414, 258, 190, 658, 
844, 1068, 224, -956, 309, 646, 366, 170, 405, 248, 185, 668, 
854, 1058, 204, -956, 324, 631, 366, 170, 405, 248, 185, 658, 
858, 1054, 195, -956, 331, 624, 370, 165, 409, 253, 185, 653, 
849, 1063, 214, -956, 317, 639, 370, 165, 409, 244, 175, 644, 
849, 1063, 214, -956, 317, 639, 370, 165, 409, 244, 175, 644, 
849, 1063, 214, -956, 317, 639, 370, 165, 409, 244, 175, 644, 
849, 1063, 214, -956, 317, 639, 370, 165, 409, 244, 175, 644, 
858, 1063, 204, -961, 326, 634, 370, 165, 409, 239, 175, 639, 
858, 1058, 200, -958, 329, 629, 370, 165, 409, 239, 175, 639, 
858, 1058, 200, -958, 329, 629, 370, 165, 409, 244, 180, 639, 
858, 1058, 200, -958, 329, 629, 370, 165, 409, 244, 180, 639, 
849, 1058, 209, -954, 319, 634, 380, 165, 409, 258, 190, 649, 
849, 1063, 214, -956, 317, 639, 380, 170, 409, 258, 185, 653, 
849, 1063, 214, -956, 317, 639, 380, 170, 414, 258, 185, 653, 
849, 1063, 214, -956, 317, 639, 380, 170, 414, 253, 185, 653, 
849, 1054, 204, -951, 322, 629, 380, 180, 414, 244, 185, 653, 
849, 1058, 209, -954, 319, 634, 380, 175, 414, 248, 190, 653, 
849, 1063, 214, -956, 317, 639, 380, 175, 419, 248, 190, 653, 
849, 1068, 219, -958, 314, 644, 380, 175, 419, 248, 190, 653, 
849, 1073, 224, -961, 312, 649, 380, 180, 424, 253, 195, 653, 
849, 1088, 239, -968, 305, 663, 380, 180, 429, 253, 195, 658, 
849, 1098, 248, -973, 300, 673, 380, 180, 434, 263, 200, 658, 
849, 1107, 258, -978, 295, 683, 380, 180, 434, 263, 204, 668, 
854, 1102, 248, -978, 302, 675, 380, 180, 444, 273, 214, 668, 
854, 1112, 258, -983, 297, 685, 385, 180, 444, 273, 214, 668, 
854, 1117, 263, -985, 295, 690, 385, 180, 448, 273, 214, 668, 
854, 1117, 263, -985, 295, 690, 385, 180, 453, 273, 214, 673, 
854, 1117, 263, -985, 295, 690, 380, 180, 458, 273, 214, 673, 
854, 1117, 263, -985, 295, 690, 385, 180, 458, 278, 219, 673, 
854, 1117, 263, -985, 295, 690, 385, 180, 463, 278, 219, 678, 
854, 1122, 268, -988, 292, 695, 385, 180, 463, 278, 219, 678, 
854, 1122, 268, -988, 292, 695, 400, 180, 463, 278, 219, 678, 
854, 1122, 268, -988, 292, 695, 400, 190, 463, 283, 219, 678, 
858, 1122, 263, -990, 297, 692, 409, 200, 468, 287, 224, 683, 
863, 1127, 263, -995, 300, 695, 400, 200, 473, 287, 224, 683, 
863, 1137, 273, -1000, 295, 705, 385, 200, 473, 292, 229, 673, 
863, 1141, 278, -1002, 292, 710, 380, 195, 473, 297, 234, 683, 
863, 1151, 287, -1007, 287, 719, 380, 190, 478, 302, 239, 683, 
873, 1151, 278, -1012, 297, 714, 375, 190, 478, 302, 239, 683, 
873, 1141, 268, -1007, 302, 705, 366, 180, 478, 302, 253, 697, 
878, 1137, 258, -1007, 309, 697, 356, 180, 473, 302, 253, 697, 
878, 1132, 253, -1005, 312, 692, 346, 175, 468, 297, 248, 692, 
873, 1132, 258, -1002, 307, 695, 346, 175, 463, 297, 244, 692, 
873, 1132, 258, -1002, 307, 695, 336, 165, 448, 283, 234, 688, 
873, 1132, 258, -1002, 307, 695, 331, 161, 444, 273, 234, 688, 
878, 1132, 253, -1005, 312, 692, 326, 156, 444, 273, 229, 688, 
878, 1127, 248, -1002, 314, 688, 326, 151, 434, 273, 229, 688, 
888, 1137, 248, -1012, 319, 692, 326, 161, 444, 268, 239, 683, 
893, 1132, 239, -1012, 326, 685, 326, 170, 444, 268, 234, 683, 
897, 1132, 234, -1015, 331, 683, 331, 175, 444, 273, 234, 683, 
897, 1127, 229, -1012, 334, 678, 331, 175, 444, 273, 239, 683, 
893, 1122, 229, -1007, 331, 675, 331, 175, 434, 268, 239, 683, 
893, 1117, 224, -1005, 334, 671, 336, 175, 434, 263, 239, 683, 
893, 1112, 219, -1002, 336, 666, 336, 175, 429, 263, 234, 683, 
888, 1112, 224, -1000, 331, 668, 336, 180, 429, 263, 229, 683, 
878, 1102, 224, -990, 326, 663, 341, 175, 424, 253, 219, 668, 
873, 1098, 224, -985, 324, 661, 351, 175, 424, 253, 219, 668, 
863, 1093, 229, -978, 317, 661, 351, 175, 424, 253, 219, 668, 
863, 1078, 214, -971, 324, 646, 351, 170, 419, 253, 219, 668, 
849, 1073, 224, -961, 312, 649, 361, 180, 429, 258, 224, 668, 
844, 1068, 224, -956, 309, 646, 370, 180, 424, 258, 224, 663, 
834, 1068, 234, -951, 300, 651, 370, 180, 424, 248, 214, 653, 
824, 1058, 234, -941, 295, 646, 370, 180, 424, 248, 214, 649, 
829, 1063, 234, -946, 297, 649, 375, 175, 419, 234, 204, 649, 
824, 1054, 229, -939, 297, 641, 375, 175, 414, 234, 200, 644, 
819, 1044, 224, -932, 297, 634, 375, 175, 409, 229, 190, 639, 
819, 1039, 219, -929, 300, 629, 380, 175, 409, 224, 190, 634, 
819, 1029, 209, -924, 305, 619, 380, 170, 400, 219, 195, 634, 
814, 1024, 209, -919, 302, 617, 380, 170, 400, 214, 190, 629, 
814, 1024, 209, -919, 302, 617, 380, 170, 400, 214, 185, 629, 
814, 1019, 204, -917, 305, 612, 380, 165, 395, 209, 180, 629, 
814, 1015, 200, -915, 307, 607, 370, 165, 400, 209, 180, 624, 
814, 1010, 195, -912, 309, 602, 370, 165, 395, 209, 185, 624, 
810, 1010, 200, -910, 305, 605, 370, 165, 395, 204, 185, 624, 
810, 1005, 195, -907, 307, 600, 370, 161, 395, 200, 175, 624, 
810, 1000, 190, -905, 309, 595, 380, 161, 395, 195, 175, 610, 
805, 995, 190, -900, 307, 592, 380, 161, 395, 195, 175, 610, 
805, 995, 190, -900, 307, 592, 380, 165, 395, 195, 175, 610, 
805, 995, 190, -900, 307, 592, 385, 165, 390, 195, 170, 610, 
805, 985, 180, -895, 312, 583, 385, 161, 390, 195, 170, 614, 
795, 985, 190, -890, 302, 588, 385, 161, 390, 195, 170, 614, 
795, 980, 185, -888, 305, 583, 385, 165, 390, 195, 170, 614, 
805, 980, 175, -893, 314, 578, 390, 165, 395, 195, 170, 614, 
805, 990, 185, -897, 309, 588, 390, 175, 395, 190, 180, 614, 
800, 985, 185, -893, 307, 585, 390, 175, 395, 190, 175, 610, 
795, 985, 190, -890, 302, 588, 390, 175, 395, 190, 175, 610, 
795, 985, 190, -890, 302, 588, 395, 175, 395, 185, 175, 614, 
800, 985, 185, -893, 307, 585, 405, 165, 400, 195, 175, 605, 
800, 980, 180, -890, 309, 580, 400, 170, 400, 190, 175, 600, 
795, 980, 185, -888, 305, 583, 400, 170, 395, 190, 175, 600, 
795, 980, 185, -888, 305, 583, 400, 165, 395, 195, 175, 600, 
775, 985, 209, -880, 283, 597, 385, 156, 390, 195, 175, 600, 
775, 990, 214, -883, 280, 602, 385, 151, 395, 200, 180, 600, 
775, 990, 214, -883, 280, 602, 380, 146, 405, 204, 185, 605, 
771, 990, 219, -880, 275, 605, 380, 146, 409, 214, 185, 610, 
771, 980, 209, -875, 280, 595, 395, 175, 419, 214, 190, 619, 
780, 980, 200, -880, 290, 590, 405, 209, 439, 244, 209, 624, 
805, 1000, 195, -902, 305, 597, 405, 234, 444, 263, 219, 629, 
829, 1010, 180, -919, 324, 595, 366, 204, 414, 263, 239, 634, 
849, 1010, 161, -929, 344, 585, 292, 136, 346, 253, 253, 649, 
883, 1019, 136, -951, 373, 578, 195, 73, 283, 263, 283, 673, 
927, 1015, 87, -971, 419, 551, 82, 9, 224, 273, 307, 692, 
985, 1019, 34, -1002, 475, 527, 4, -39, 175, 283, 336, 707, 
1029, 1049, 19, -1039, 505, 534, -53, -73, 146, 322, 385, 741, 
1093, 1107, 14, -1100, 539, 561, -170, -156, 126, 380, 458, 805, 
1156, 1166, 9, -1161, 573, 588, -317, -258, 102, 463, 546, 868, 
1220, 1249, 29, -1234, 595, 639, -414, -341, 92, 536, 634, 936, 
1268, 1293, 24, -1281, 622, 658, -497, -419, 78, 585, 697, 985, 
1312, 1298, -14, -1305, 663, 641, -575, -468, 48, 614, 732, 1005, 
1342, 1278, -63, -1310, 702, 607, -610, -478, 24, 605, 727, 1000, 
1356, 1234, -122, -1295, 739, 556, -610, -458, -4, 551, 697, 980, 
1376, 1171, -204, -1273, 790, 483, -610, -468, -78, 439, 619, 951, 
1385, 1058, -326, -1222, 856, 366, -590, -439, -165, 292, 512, 888, 
1385, 907, -478, -1146, 932, 214, -517, -351, -283, 73, 331, 775, 
1376, 732, -644, -1054, 1010, 43, -448, -273, -414, -146, 146, 649, 
1351, 610, -741, -980, 1046, -65, -380, -229, -517, -317, -4, 546, 
1337, 512, -824, -924, 1080, -156, -307, -180, -570, -414, -102, 468, 
1307, 458, -849, -883, 1078, -195, -229, -122, -566, -448, -146, 424, 
1288, 463, -824, -875, 1056, -180, -156, -53, -512, -444, -165, 409, 
1263, 483, -780, -873, 1022, -148, -58, 9, -439, -419, -165, 400, 
1215, 497, -717, -856, 966, -109, 24, 48, -356, -395, -161, 390, 
1185, 507, -678, -846, 932, -85, 87, 78, -292, -366, -151, 390, 
1151, 517, -634, -834, 893, -58, 146, 102, -229, -346, -146, 395, 
1127, 536, -590, -832, 858, -26, 190, 112, -185, -307, -126, 400, 
1098, 566, -531, -832, 814, 17, 219, 131, -126, -248, -102, 414, 
1058, 595, -463, -827, 761, 65, 244, 136, -68, -190, -73, 419, 
1034, 624, -409, -829, 722, 107, 268, 141, -9, -151, -53, 419, 
1000, 653, -346, -827, 673, 153, 292, 161, 39, -112, -29, 429, 
966, 697, -268, -832, 617, 214, 317, 170, 87, -63, 0, 444, 
912, 727, -185, -819, 549, 270, 351, 180, 151, -24, 29, 463, 
883, 761, -122, -822, 502, 319, 375, 195, 214, 0, 43, 483, 
863, 795, -68, -829, 466, 363, 380, 190, 258, 14, 68, 492, 
839, 810, -29, -824, 434, 390, 390, 195, 287, 39, 92, 512, 
824, 824, 0, -824, 412, 412, 405, 195, 302, 73, 112, 531, 
814, 844, 29, -829, 392, 436, 409, 200, 317, 92, 122, 546, 
810, 863, 53, -836, 378, 458, 400, 190, 322, 112, 131, 556, 
805, 868, 63, -836, 370, 466, 409, 190, 326, 126, 141, 556, 
795, 873, 78, -834, 358, 475, 414, 204, 346, 136, 151, 561, 
805, 893, 87, -849, 358, 490, 429, 209, 356, 146, 151, 566, 
795, 907, 112, -851, 341, 509, 439, 224, 370, 151, 161, 561, 
771, 907, 136, -839, 317, 522, 439, 224, 395, 156, 170, 570, 
761, 902, 141, -832, 309, 522, 448, 229, 405, 161, 185, 585, 
766, 902, 136, -834, 314, 519, 458, 234, 409, 165, 180, 575, 
766, 902, 136, -834, 314, 519, 458, 234, 414, 170, 180, 580, 
766, 902, 136, -834, 314, 519, 458, 234, 414, 170, 180, 580, 
766, 902, 136, -834, 314, 519, 458, 234, 409, 170, 185, 580, 
766, 907, 141, -836, 312, 524, 458, 219, 400, 161, 175, 570, 
766, 907, 141, -836, 312, 524, 458, 219, 400, 165, 175, 570, 
761, 907, 146, -834, 307, 527, 458, 219, 400, 170, 175, 570, 
761, 907, 146, -834, 307, 527, 458, 229, 409, 170, 180, 570, 
746, 912, 165, -829, 290, 539, 458, 229, 409, 170, 180, 561, 
746, 912, 165, -829, 290, 539, 458, 229, 414, 170, 180, 570, 
746, 912, 165, -829, 290, 539, 463, 229, 419, 175, 185, 575, 
746, 912, 165, -829, 290, 539, 468, 229, 424, 175, 190, 575, 
751, 912, 161, -832, 295, 536, 468, 234, 429, 175, 190, 575, 
751, 917, 165, -834, 292, 541, 468, 234, 429, 175, 190, 575, 
751, 917, 165, -834, 292, 541, 468, 234, 424, 175, 190, 570, 
751, 917, 165, -834, 292, 541, 473, 234, 419, 170, 185, 570, 
751, 907, 156, -829, 297, 531, 473, 229, 429, 170, 185, 570, 
751, 912, 161, -832, 295, 536, 468, 229, 439, 180, 185, 570, 
751, 912, 161, -832, 295, 536, 468, 229, 439, 180, 185, 570, 
751, 912, 161, -832, 295, 536, 468, 229, 439, 180, 190, 570, 
741, 912, 170, -827, 285, 541, 468, 234, 434, 180, 190, 561, 
741, 912, 170, -827, 285, 541, 473, 239, 434, 180, 190, 561, 
741, 912, 170, -827, 285, 541, 478, 239, 439, 180, 190, 566, 
741, 912, 170, -827, 285, 541, 478, 239, 439, 185, 190, 566, 
741, 902, 161, -822, 290, 531, 478, 239, 448, 185, 200, 575, 
741, 902, 161, -822, 290, 531, 478, 239, 448, 185, 200, 575, 
741, 902, 161, -822, 290, 531, 483, 244, 448, 185, 200, 575, 
741, 907, 165, -824, 287, 536, 483, 244, 448, 185, 195, 575, 
751, 907, 156, -829, 297, 531, 478, 244, 448, 185, 185, 575, 
751, 907, 156, -829, 297, 531, 478, 244, 448, 190, 185, 575, 
751, 902, 151, -827, 300, 527, 483, 248, 448, 190, 185, 570, 
751, 902, 151, -827, 300, 527, 483, 248, 453, 190, 185, 570, 
751, 912, 161, -832, 295, 536, 492, 258, 458, 190, 195, 570, 
751, 912, 161, -832, 295, 536, 492, 258, 458, 190, 195, 570, 
751, 912, 161, -832, 295, 536, 492, 258, 458, 190, 195, 570, 
751, 912, 161, -832, 295, 536, 492, 258, 458, 190, 195, 570, 
741, 912, 170, -827, 285, 541, 483, 253, 463, 190, 195, 570, 
736, 912, 175, -824, 280, 544, 483, 253, 463, 190, 195, 575, 
736, 917, 180, -827, 278, 549, 483, 258, 463, 195, 195, 575, 
741, 917, 175, -829, 283, 546, 488, 258, 458, 195, 195, 575, 
751, 907, 156, -829, 297, 531, 497, 273, 458, 185, 195, 575, 
751, 907, 156, -829, 297, 531, 497, 273, 458, 185, 195, 575, 
746, 907, 161, -827, 292, 534, 497, 273, 463, 190, 195, 575, 
746, 907, 161, -827, 292, 534, 497, 273, 463, 190, 200, 575, 
746, 897, 151, -822, 297, 524, 497, 278, 468, 185, 190, 575, 
746, 897, 151, -822, 297, 524, 502, 278, 468, 185, 190, 575, 
746, 897, 151, -822, 297, 524, 502, 278, 473, 190, 195, 570, 
751, 897, 146, -824, 302, 522, 502, 283, 473, 195, 195, 570, 
746, 888, 141, -817, 302, 514, 502, 283, 473, 195, 204, 570, 
741, 897, 156, -819, 292, 527, 502, 283, 473, 195, 204, 580, 
736, 897, 161, -817, 287, 529, 507, 287, 473, 195, 204, 580, 
732, 893, 161, -812, 285, 527, 512, 292, 478, 195, 204, 585, 
732, 893, 161, -812, 285, 527, 512, 292, 478, 204, 204, 580, 
732, 897, 165, -814, 283, 531, 512, 292, 478, 204, 204, 575, 
732, 897, 165, -814, 283, 531, 512, 297, 478, 204, 204, 570, 
727, 897, 170, -812, 278, 534, 512, 297, 483, 209, 204, 566, 
736, 907, 170, -822, 283, 539, 517, 297, 483, 209, 204, 575, 
736, 912, 175, -824, 280, 544, 517, 307, 483, 209, 204, 575, 
736, 912, 175, -824, 280, 544, 517, 307, 488, 209, 209, 575, 
736, 917, 180, -827, 278, 549, 517, 312, 488, 209, 209, 570, 
736, 917, 180, -827, 278, 549, 522, 326, 502, 209, 209, 570, 
736, 917, 180, -827, 278, 549, 522, 331, 502, 209, 209, 570, 
741, 912, 170, -827, 285, 541, 522, 336, 502, 209, 209, 570, 
741, 912, 170, -827, 285, 541, 527, 341, 502, 209, 209, 570, 
732, 907, 175, -819, 278, 541, 517, 331, 502, 204, 209, 575, 
732, 907, 175, -819, 278, 541, 527, 336, 502, 209, 214, 575, 
732, 912, 180, -822, 275, 546, 527, 341, 502, 214, 214, 575, 
732, 912, 180, -822, 275, 546, 527, 346, 512, 214, 214, 580, 
732, 902, 170, -817, 280, 536, 536, 361, 527, 224, 229, 580, 
732, 907, 175, -819, 278, 541, 541, 366, 527, 229, 229, 580, 
732, 912, 180, -822, 275, 546, 541, 370, 527, 229, 224, 580, 
732, 917, 185, -824, 273, 551, 546, 375, 527, 229, 224, 580, 
741, 927, 185, -834, 278, 556, 551, 380, 531, 219, 224, 570, 
741, 936, 195, -839, 273, 566, 551, 385, 536, 224, 224, 580, 
741, 936, 195, -839, 273, 566, 551, 390, 541, 229, 229, 580, 
741, 936, 195, -839, 273, 566, 551, 400, 541, 234, 234, 575, 
741, 936, 195, -839, 273, 566, 551, 405, 551, 244, 244, 585, 
741, 941, 200, -841, 270, 570, 556, 419, 556, 244, 244, 590, 
741, 941, 200, -841, 270, 570, 556, 424, 556, 253, 244, 590, 
746, 946, 200, -846, 273, 573, 561, 429, 561, 258, 244, 595, 
736, 941, 204, -839, 265, 573, 575, 444, 575, 268, 248, 585, 
746, 946, 200, -846, 273, 573, 575, 453, 580, 268, 248, 580, 
751, 951, 200, -851, 275, 575, 575, 463, 585, 268, 253, 580, 
751, 956, 204, -854, 273, 580, 580, 468, 590, 278, 258, 590, 
761, 961, 200, -861, 280, 580, 590, 468, 585, 273, 258, 590, 
761, 961, 200, -861, 280, 580, 590, 473, 590, 278, 258, 590, 
761, 966, 204, -863, 278, 585, 590, 483, 595, 278, 263, 595, 
761, 971, 209, -866, 275, 590, 595, 488, 600, 283, 273, 595, 
751, 976, 224, -863, 263, 600, 595, 488, 605, 287, 278, 600, 
751, 976, 224, -863, 263, 600, 595, 492, 610, 292, 278, 600, 
751, 980, 229, -866, 261, 605, 595, 497, 614, 292, 278, 600, 
751, 980, 229, -866, 261, 605, 595, 507, 614, 292, 278, 605, 
756, 971, 214, -863, 270, 592, 605, 512, 619, 297, 278, 605, 
756, 980, 224, -868, 265, 602, 605, 517, 624, 297, 278, 605, 
756, 980, 224, -868, 265, 602, 605, 522, 624, 307, 283, 610, 
756, 980, 224, -868, 265, 602, 605, 527, 624, 307, 292, 610, 
766, 990, 224, -878, 270, 607, 595, 531, 629, 307, 302, 610, 
766, 1000, 234, -883, 265, 617, 595, 531, 629, 307, 302, 614, 
771, 1005, 234, -888, 268, 619, 595, 536, 629, 312, 302, 614, 
775, 1005, 229, -890, 273, 617, 590, 536, 629, 312, 307, 614, 
771, 1000, 229, -885, 270, 614, 600, 541, 629, 312, 312, 605, 
771, 1000, 229, -885, 270, 614, 600, 541, 629, 312, 312, 610, 
771, 1000, 229, -885, 270, 614, 600, 541, 629, 317, 317, 610, 
771, 1005, 234, -888, 268, 619, 600, 546, 634, 317, 317, 614, 
771, 1005, 234, -888, 268, 619, 590, 556, 634, 322, 317, 614, 
775, 1005, 229, -890, 273, 617, 585, 556, 634, 322, 312, 614, 
775, 1005, 229, -890, 273, 617, 585, 556, 634, 322, 312, 614, 
775, 1005, 229, -890, 273, 617, 580, 556, 629, 322, 317, 614, 
775, 1005, 229, -890, 273, 617, 575, 536, 629, 322, 317, 624, 
775, 1010, 234, -893, 270, 622, 570, 536, 629, 317, 317, 624, 
775, 1010, 234, -893, 270, 622, 566, 527, 629, 317, 317, 624, 
775, 1005, 229, -890, 273, 617, 561, 522, 624, 317, 317, 624, 
780, 1005, 224, -893, 278, 614, 556, 507, 610, 307, 326, 614, 
780, 1005, 224, -893, 278, 614, 551, 497, 605, 302, 326, 614, 
780, 1005, 224, -893, 278, 614, 541, 483, 600, 302, 326, 619, 
775, 1005, 229, -890, 273, 617, 536, 468, 595, 297, 326, 619, 
775, 1005, 229, -890, 273, 617, 531, 463, 595, 307, 326, 610, 
775, 1005, 229, -890, 273, 617, 522, 448, 590, 307, 326, 610, 
775, 1000, 224, -888, 275, 612, 517, 434, 585, 302, 322, 610, 
775, 990, 214, -883, 280, 602, 507, 419, 575, 292, 322, 610, 
775, 990, 214, -883, 280, 602, 502, 405, 570, 283, 312, 610, 
775, 985, 209, -880, 283, 597, 497, 390, 561, 278, 307, 605, 
771, 985, 214, -878, 278, 600, 488, 375, 556, 278, 307, 605, 
771, 980, 209, -875, 280, 595, 483, 366, 546, 273, 302, 605, 
771, 971, 200, -871, 285, 585, 488, 351, 531, 258, 297, 595, 
766, 961, 195, -863, 285, 578, 488, 341, 527, 253, 297, 590, 
766, 951, 185, -858, 290, 568, 483, 326, 517, 248, 297, 590, 
766, 946, 180, -856, 292, 563, 473, 312, 512, 244, 297, 590, 
756, 946, 190, -851, 283, 568, 463, 312, 517, 248, 283, 585, 
751, 941, 190, -846, 280, 566, 458, 302, 507, 244, 278, 585, 
751, 936, 185, -844, 283, 561, 453, 297, 502, 234, 273, 580, 
751, 932, 180, -841, 285, 556, 453, 287, 497, 229, 273, 575, 
756, 927, 170, -841, 292, 549, 448, 278, 497, 219, 268, 570, 
756, 922, 165, -839, 295, 544, 444, 273, 492, 219, 263, 570, 
751, 922, 170, -836, 290, 546, 444, 268, 488, 214, 258, 570, 
751, 922, 170, -836, 290, 546, 444, 258, 483, 209, 258, 570, 
741, 927, 185, -834, 278, 556, 444, 258, 468, 214, 268, 566, 
741, 922, 180, -832, 280, 551, 439, 253, 463, 209, 268, 566, 
741, 922, 180, -832, 280, 551, 439, 244, 463, 209, 268, 566, 
736, 917, 180, -827, 278, 549, 439, 239, 463, 204, 263, 561, 
736, 902, 165, -819, 285, 534, 444, 239, 468, 209, 263, 561, 
736, 902, 165, -819, 285, 534, 444, 234, 463, 209, 263, 561, 
736, 897, 161, -817, 287, 529, 444, 234, 458, 204, 263, 561, 
736, 897, 161, -817, 287, 529, 439, 229, 453, 204, 253, 556, 
732, 897, 165, -814, 283, 531, 429, 224, 444, 190, 253, 546, 
732, 893, 161, -812, 285, 527, 429, 224, 444, 190, 253, 546, 
732, 893, 161, -812, 285, 527, 429, 224, 439, 185, 253, 546, 
732, 893, 161, -812, 285, 527, 424, 219, 439, 185, 244, 541, 
746, 893, 146, -819, 300, 519, 424, 209, 439, 185, 244, 541, 
746, 888, 141, -817, 302, 514, 424, 209, 434, 185, 244, 541, 
746, 883, 136, -814, 305, 509, 424, 209, 434, 180, 244, 541, 
746, 883, 136, -814, 305, 509, 419, 209, 429, 180, 239, 541, 
746, 888, 141, -817, 302, 514, 419, 214, 439, 185, 248, 536, 
746, 888, 141, -817, 302, 514, 419, 214, 439, 185, 248, 536, 
746, 888, 141, -817, 302, 514, 424, 214, 439, 185, 248, 536, 
741, 888, 146, -814, 297, 517, 424, 214, 439, 190, 248, 541, 
732, 883, 151, -807, 290, 517, 434, 214, 429, 190, 248, 531, 
732, 883, 151, -807, 290, 517, 434, 214, 429, 185, 248, 531, 
732, 883, 151, -807, 290, 517, 434, 219, 429, 185, 248, 531, 
732, 883, 151, -807, 290, 517, 434, 219, 429, 185, 248, 531, 
722, 883, 161, -802, 280, 522, 424, 214, 429, 185, 248, 536, 
722, 883, 161, -802, 280, 522, 424, 214, 429, 180, 248, 531, 
722, 883, 161, -802, 280, 522, 429, 219, 429, 180, 248, 527, 
722, 883, 161, -802, 280, 522, 429, 219, 429, 180, 248, 527, 
732, 883, 151, -807, 290, 517, 424, 219, 429, 180, 239, 527, 
732, 883, 151, -807, 290, 517, 424, 219, 429, 180, 239, 531, 
732, 883, 151, -807, 290, 517, 424, 219, 429, 180, 244, 531, 
727, 883, 156, -805, 285, 519, 424, 219, 429, 185, 244, 531, 
717, 883, 165, -800, 275, 524, 434, 229, 434, 185, 248, 541, 
722, 883, 161, -802, 280, 522, 434, 229, 434, 190, 248, 541, 
722, 883, 161, -802, 280, 522, 434, 224, 434, 190, 248, 541, 
722, 888, 165, -805, 278, 527, 434, 224, 434, 190, 248, 541, 
732, 878, 146, -805, 292, 512, 434, 219, 444, 190, 248, 536, 
732, 878, 146, -805, 292, 512, 434, 219, 444, 190, 248, 536, 
732, 878, 146, -805, 292, 512, 429, 219, 444, 190, 248, 536, 
732, 878, 146, -805, 292, 512, 429, 219, 448, 190, 248, 536, 
741, 888, 146, -814, 297, 517, 429, 219, 439, 200, 248, 536, 
741, 888, 146, -814, 297, 517, 429, 219, 444, 200, 248, 536, 
741, 888, 146, -814, 297, 517, 429, 214, 444, 200, 248, 536, 
741, 888, 146, -814, 297, 517, 429, 214, 444, 200, 248, 536, 
732, 893, 161, -812, 285, 527, 419, 209, 444, 195, 253, 527, 
732, 893, 161, -812, 285, 527, 419, 209, 444, 195, 253, 527, 
732, 893, 161, -812, 285, 527, 419, 204, 444, 195, 253, 527, 
732, 902, 170, -817, 280, 536, 419, 204, 444, 195, 253, 527, 
722, 893, 170, -807, 275, 531, 419, 204, 453, 200, 258, 531, 
722, 888, 165, -805, 278, 527, 419, 204, 453, 200, 263, 531, 
722, 888, 165, -805, 278, 527, 419, 204, 453, 200, 263, 527, 
722, 888, 165, -805, 278, 527, 419, 200, 458, 200, 263, 527, 
712, 902, 190, -807, 261, 546, 429, 209, 448, 209, 263, 536, 
712, 902, 190, -807, 261, 546, 429, 209, 448, 214, 268, 546, 
712, 902, 190, -807, 261, 546, 429, 209, 458, 219, 268, 546, 
712, 907, 195, -810, 258, 551, 429, 209, 458, 219, 268, 546, 
727, 922, 195, -824, 265, 558, 419, 200, 463, 209, 268, 546, 
732, 922, 190, -827, 270, 556, 419, 204, 463, 209, 268, 546, 
736, 922, 185, -829, 275, 553, 419, 204, 463, 209, 268, 551, 
741, 922, 180, -832, 280, 551, 419, 204, 463, 209, 268, 551, 
732, 917, 185, -824, 273, 551, 429, 214, 453, 214, 278, 546, 
732, 907, 175, -819, 278, 541, 429, 214, 463, 214, 278, 546, 
732, 902, 170, -817, 280, 536, 424, 214, 463, 214, 273, 546, 
732, 897, 165, -814, 283, 531, 424, 214, 463, 214, 273, 546, 
722, 888, 165, -805, 278, 527, 424, 214, 463, 214, 273, 546, 
722, 888, 165, -805, 278, 527, 424, 214, 463, 214, 273, 546, 
722, 893, 170, -807, 275, 531, 424, 214, 463, 214, 273, 546, 
722, 893, 170, -807, 275, 531, 424, 214, 463, 214, 273, 546, 
722, 897, 175, -810, 273, 536, 424, 214, 463, 224, 273, 546, 
722, 897, 175, -810, 273, 536, 424, 214, 463, 224, 273, 546, 
722, 897, 175, -810, 273, 536, 424, 209, 463, 224, 278, 551, 
722, 897, 175, -810, 273, 536, 424, 209, 463, 224, 278, 551, 
732, 902, 170, -817, 280, 536, 424, 209, 463, 224, 278, 551, 
732, 902, 170, -817, 280, 536, 424, 209, 463, 224, 278, 551, 
732, 902, 170, -817, 280, 536, 424, 209, 463, 229, 278, 551, 
732, 897, 165, -814, 283, 531, 424, 209, 463, 229, 278, 551, 
722, 897, 175, -810, 273, 536, 424, 209, 473, 229, 278, 551, 
717, 897, 180, -807, 268, 539, 424, 209, 473, 229, 278, 551, 
717, 897, 180, -807, 268, 539, 424, 209, 478, 229, 283, 551, 
717, 897, 180, -807, 268, 539, 424, 209, 478, 229, 283, 546, 
712, 888, 175, -800, 268, 531, 424, 209, 478, 229, 278, 546, 
712, 888, 175, -800, 268, 531, 424, 209, 473, 224, 278, 546, 
712, 888, 175, -800, 268, 531, 424, 209, 473, 224, 278, 546, 
712, 888, 175, -800, 268, 531, 424, 209, 473, 224, 278, 546, 
712, 878, 165, -795, 273, 522, 424, 209, 473, 224, 283, 536, 
712, 878, 165, -795, 273, 522, 424, 209, 473, 224, 283, 536, 
712, 878, 165, -795, 273, 522, 424, 209, 473, 224, 283, 536, 
712, 878, 165, -795, 273, 522, 424, 209, 473, 224, 278, 536, 
712, 888, 175, -800, 268, 531, 424, 209, 473, 224, 278, 536, 
712, 888, 175, -800, 268, 531, 424, 209, 473, 224, 278, 536, 
712, 888, 175, -800, 268, 531, 429, 204, 468, 224, 278, 536, 
712, 888, 175, -800, 268, 531, 429, 204, 468, 224, 278, 536, 
722, 893, 170, -807, 275, 531, 424, 204, 458, 224, 283, 536, 
717, 893, 175, -805, 270, 534, 424, 204, 458, 224, 283, 536, 
717, 893, 175, -805, 270, 534, 429, 204, 458, 224, 278, 536, 
712, 888, 175, -800, 268, 531, 429, 204, 458, 224, 278, 536, 
702, 888, 185, -795, 258, 536, 429, 204, 458, 224, 278, 536, 
702, 888, 185, -795, 258, 536, 424, 204, 458, 224, 278, 536, 
707, 888, 180, -797, 263, 534, 424, 204, 458, 224, 278, 536, 
707, 888, 180, -797, 263, 534, 424, 204, 458, 219, 278, 536, 
717, 878, 161, -797, 278, 519, 424, 204, 458, 219, 278, 536, 
717, 878, 161, -797, 278, 519, 424, 204, 458, 219, 278, 536, 
717, 878, 161, -797, 278, 519, 424, 204, 458, 219, 278, 536, 
717, 878, 161, -797, 278, 519, 424, 200, 458, 219, 278, 536, 
712, 868, 156, -790, 278, 512, 424, 200, 458, 219, 278, 536, 
712, 863, 151, -788, 280, 507, 429, 200, 453, 219, 278, 536, 
712, 863, 151, -788, 280, 507, 429, 200, 453, 219, 278, 531, 
717, 863, 146, -790, 285, 505, 429, 200, 453, 219, 278, 531, 
707, 873, 165, -790, 270, 519, 429, 200, 453, 214, 268, 531, 
702, 873, 170, -788, 265, 522, 429, 200, 453, 214, 268, 531, 
702, 873, 170, -788, 265, 522, 429, 200, 453, 214, 268, 531, 
702, 868, 165, -785, 268, 517, 424, 200, 453, 214, 263, 531, 
697, 868, 170, -783, 263, 519, 424, 200, 453, 224, 263, 531, 
697, 868, 170, -783, 263, 519, 424, 200, 458, 224, 263, 536, 
692, 868, 175, -780, 258, 522, 424, 200, 458, 224, 268, 536, 
692, 868, 175, -780, 258, 522, 424, 195, 458, 224, 268, 536, 
692, 858, 165, -775, 263, 512, 424, 204, 453, 224, 268, 527, 
692, 858, 165, -775, 263, 512, 424, 204, 453, 224, 268, 522, 
692, 858, 165, -775, 263, 512, 424, 204, 453, 224, 268, 522, 
692, 854, 161, -773, 265, 507, 424, 204, 453, 224, 263, 522, 
702, 863, 161, -783, 270, 512, 424, 200, 453, 224, 263, 531, 
702, 858, 156, -780, 273, 507, 424, 200, 453, 224, 268, 531, 
702, 858, 156, -780, 273, 507, 424, 200, 448, 224, 273, 527, 
697, 863, 165, -780, 265, 514, 424, 200, 448, 224, 268, 527, 
707, 863, 156, -785, 275, 509, 434, 204, 458, 219, 268, 527, 
707, 858, 151, -783, 278, 505, 434, 204, 458, 219, 268, 527, 
712, 858, 146, -785, 283, 502, 434, 200, 458, 219, 268, 527, 
712, 863, 151, -788, 280, 507, 429, 200, 453, 219, 268, 527, 
712, 863, 151, -788, 280, 507, 419, 200, 444, 219, 263, 517, 
712, 863, 151, -788, 280, 507, 424, 200, 444, 219, 263, 517, 
712, 863, 151, -788, 280, 507, 424, 200, 444, 219, 263, 517, 
712, 858, 146, -785, 283, 502, 424, 200, 444, 219, 258, 517, 
707, 849, 141, -778, 283, 495, 434, 200, 453, 219, 268, 517, 
702, 849, 146, -775, 278, 497, 434, 200, 453, 219, 268, 517, 
697, 854, 156, -775, 270, 505, 434, 204, 453, 224, 268, 522, 
692, 854, 161, -773, 265, 507, 434, 204, 453, 224, 273, 522, 
692, 854, 161, -773, 265, 507, 424, 195, 444, 224, 268, 512, 
692, 854, 161, -773, 265, 507, 424, 195, 444, 219, 268, 512, 
688, 854, 165, -771, 261, 509, 424, 190, 444, 219, 263, 512, 
688, 854, 165, -771, 261, 509, 424, 190, 444, 219, 253, 512, 
697, 854, 156, -775, 270, 505, 434, 200, 444, 219, 263, 522, 
697, 854, 156, -775, 270, 505, 434, 200, 444, 219, 268, 522, 
697, 849, 151, -773, 273, 500, 434, 200, 444, 219, 268, 522, 
697, 849, 151, -773, 273, 500, 434, 200, 444, 219, 268, 522, 
688, 844, 156, -766, 265, 500, 434, 200, 444, 219, 273, 522, 
688, 844, 156, -766, 265, 500, 434, 200, 444, 219, 273, 522, 
688, 844, 156, -766, 265, 500, 434, 200, 444, 219, 273, 522, 
688, 844, 156, -766, 265, 500, 434, 200, 444, 219, 268, 522, 
702, 873, 170, -788, 265, 522, 424, 200, 444, 214, 258, 512, 
702, 854, 151, -778, 275, 502, 424, 200, 453, 214, 258, 512, 
702, 839, 136, -771, 283, 488, 429, 195, 448, 224, 263, 517, 
702, 849, 146, -775, 278, 497, 429, 185, 448, 214, 263, 507, 
702, 849, 146, -775, 278, 497, 429, 185, 448, 214, 263, 507, 
702, 849, 146, -775, 278, 497, 429, 185, 448, 214, 263, 507, 
702, 849, 146, -775, 278, 497, 429, 185, 448, 214, 263, 507, 
702, 839, 136, -771, 283, 488, 429, 195, 448, 209, 263, 512, 
702, 834, 131, -768, 285, 483, 429, 195, 448, 209, 263, 512, 
702, 834, 131, -768, 285, 483, 429, 195, 448, 214, 268, 512, 
702, 834, 131, -768, 285, 483, 429, 195, 448, 214, 268, 512, 
692, 844, 151, -768, 270, 497, 429, 195, 448, 219, 278, 512, 
692, 849, 156, -771, 268, 502, 429, 200, 448, 219, 273, 517, 
692, 849, 156, -771, 268, 502, 429, 200, 453, 219, 273, 517, 
692, 849, 156, -771, 268, 502, 429, 200, 453, 214, 273, 517, 
692, 849, 156, -771, 268, 502, 429, 200, 453, 224, 273, 517, 
692, 854, 161, -773, 265, 507, 429, 195, 453, 229, 278, 517, 
692, 858, 165, -775, 263, 512, 429, 195, 458, 229, 278, 517, 
692, 863, 170, -778, 261, 517, 429, 195, 458, 229, 278, 517, 
702, 854, 151, -778, 275, 502, 429, 200, 463, 224, 283, 517, 
702, 863, 161, -783, 270, 512, 429, 200, 468, 224, 283, 522, 
702, 868, 165, -785, 268, 517, 429, 200, 473, 234, 287, 522, 
702, 873, 170, -788, 265, 522, 429, 200, 473, 234, 292, 531, 
707, 878, 170, -793, 268, 524, 439, 200, 483, 253, 302, 531, 
707, 888, 180, -797, 263, 534, 444, 200, 483, 253, 302, 531, 
707, 893, 185, -800, 261, 539, 444, 200, 488, 253, 302, 531, 
707, 893, 185, -800, 261, 539, 444, 200, 492, 253, 302, 536, 
707, 893, 185, -800, 261, 539, 439, 200, 488, 253, 302, 536, 
707, 893, 185, -800, 261, 539, 444, 200, 488, 258, 307, 536, 
707, 893, 185, -800, 261, 539, 444, 200, 492, 258, 307, 541, 
707, 897, 190, -802, 258, 544, 444, 200, 492, 258, 307, 541, 
697, 897, 200, -797, 248, 549, 448, 200, 502, 258, 297, 541, 
697, 897, 200, -797, 248, 549, 448, 209, 502, 263, 297, 541, 
702, 897, 195, -800, 253, 546, 458, 219, 507, 268, 302, 546, 
707, 902, 195, -805, 256, 549, 448, 219, 512, 268, 302, 546, 
717, 922, 204, -819, 256, 563, 444, 219, 502, 263, 317, 536, 
717, 927, 209, -822, 253, 568, 439, 214, 502, 268, 322, 546, 
717, 936, 219, -827, 248, 578, 439, 209, 507, 273, 326, 546, 
727, 936, 209, -832, 258, 573, 434, 209, 507, 273, 326, 546, 
736, 936, 200, -836, 268, 568, 424, 209, 507, 273, 322, 551, 
741, 932, 190, -836, 275, 561, 414, 209, 502, 273, 322, 551, 
741, 927, 185, -834, 278, 556, 405, 204, 497, 268, 317, 546, 
736, 927, 190, -832, 273, 558, 405, 204, 492, 268, 312, 546, 
736, 917, 180, -827, 278, 549, 395, 204, 488, 273, 322, 551, 
736, 917, 180, -827, 278, 549, 390, 200, 483, 263, 322, 551, 
741, 917, 175, -829, 283, 546, 385, 195, 483, 263, 317, 551, 
741, 912, 170, -827, 285, 541, 385, 190, 473, 263, 317, 551, 
741, 912, 170, -827, 285, 541, 385, 180, 473, 258, 307, 546, 
746, 907, 161, -827, 292, 534, 385, 190, 473, 258, 302, 546, 
751, 907, 156, -829, 297, 531, 390, 195, 473, 263, 302, 546, 
751, 902, 151, -827, 300, 527, 390, 195, 473, 263, 307, 546, 
756, 897, 141, -827, 307, 519, 390, 195, 463, 248, 307, 536, 
756, 893, 136, -824, 309, 514, 395, 195, 463, 244, 307, 536, 
756, 888, 131, -822, 312, 509, 395, 195, 458, 244, 302, 536, 
751, 888, 136, -819, 307, 512, 395, 200, 458, 244, 297, 536, 
751, 873, 122, -812, 314, 497, 400, 204, 453, 244, 297, 531, 
746, 873, 126, -810, 309, 500, 409, 204, 453, 244, 297, 531, 
736, 873, 136, -805, 300, 505, 409, 204, 453, 244, 297, 531, 
736, 863, 126, -800, 305, 495, 409, 200, 448, 244, 297, 531, 
732, 863, 131, -797, 300, 497, 400, 200, 458, 248, 292, 531, 
727, 863, 136, -795, 295, 500, 409, 200, 453, 248, 292, 527, 
717, 868, 151, -793, 283, 509, 409, 200, 453, 239, 283, 517, 
707, 863, 156, -785, 275, 509, 409, 200, 453, 239, 283, 512, 
702, 858, 156, -780, 273, 507, 424, 195, 458, 244, 292, 522, 
697, 849, 151, -773, 273, 500, 424, 195, 453, 244, 287, 517, 
692, 839, 146, -766, 273, 492, 424, 195, 448, 239, 278, 512, 
692, 834, 141, -763, 275, 488, 429, 195, 448, 234, 278, 507, 
692, 824, 131, -758, 280, 478, 429, 190, 439, 224, 263, 502, 
688, 819, 131, -753, 278, 475, 429, 190, 439, 214, 258, 492, 
688, 819, 131, -753, 278, 475, 429, 190, 439, 209, 253, 488, 
688, 814, 126, -751, 280, 470, 429, 185, 434, 200, 248, 483, 
688, 819, 131, -753, 278, 475, 429, 185, 439, 209, 258, 488, 
688, 814, 126, -751, 280, 470, 429, 185, 434, 209, 263, 488, 
683, 814, 131, -749, 275, 473, 429, 185, 434, 204, 263, 488, 
683, 810, 126, -746, 278, 468, 429, 180, 434, 200, 253, 488, 
673, 805, 131, -739, 270, 468, 429, 180, 424, 195, 253, 483, 
668, 800, 131, -734, 268, 466, 429, 180, 424, 195, 253, 483, 
668, 800, 131, -734, 268, 466, 429, 185, 424, 195, 253, 483, 
668, 800, 131, -734, 268, 466, 434, 185, 419, 195, 248, 483, 
668, 810, 141, -739, 263, 475, 434, 170, 429, 195, 248, 478, 
658, 810, 151, -734, 253, 480, 434, 170, 429, 195, 248, 478, 
658, 805, 146, -732, 256, 475, 434, 175, 429, 195, 248, 478, 
668, 805, 136, -736, 265, 470, 439, 175, 434, 195, 248, 478, 
668, 805, 136, -736, 265, 470, 439, 185, 424, 200, 248, 478, 
663, 800, 136, -732, 263, 468, 439, 185, 424, 200, 244, 473, 
658, 800, 141, -729, 258, 470, 439, 185, 424, 200, 244, 473, 
658, 800, 141, -729, 258, 470, 444, 185, 424, 195, 244, 478, 
663, 800, 136, -732, 263, 468, 444, 175, 419, 204, 244, 468, 
663, 795, 131, -729, 265, 463, 439, 180, 419, 200, 244, 463, 
658, 795, 136, -727, 261, 466, 439, 180, 414, 200, 244, 463, 
658, 795, 136, -727, 261, 466, 439, 175, 414, 204, 244, 463, 
658, 800, 141, -729, 258, 470, 424, 175, 419, 195, 234, 463, 
658, 805, 146, -732, 256, 475, 424, 170, 424, 200, 239, 463, 
658, 805, 146, -732, 256, 475, 419, 165, 434, 204, 244, 468, 
653, 805, 151, -729, 251, 478, 419, 165, 439, 214, 244, 473, 
653, 814, 161, -734, 246, 488, 414, 175, 448, 214, 258, 473, 
663, 805, 141, -734, 261, 473, 424, 200, 458, 224, 268, 478, 
678, 824, 146, -751, 265, 485, 424, 234, 473, 253, 297, 492, 
702, 854, 151, -778, 275, 502, 405, 244, 483, 273, 317, 507, 
712, 854, 141, -783, 285, 497, 351, 204, 444, 273, 331, 522, 
727, 844, 117, -785, 305, 480, 273, 131, 380, 283, 341, 536, 
771, 849, 78, -810, 346, 463, 170, 78, 331, 292, 375, 556, 
819, 854, 34, -836, 392, 444, 73, 9, 283, 302, 395, 570, 
863, 854, -9, -858, 436, 422, 4, -34, 224, 292, 405, 566, 
917, 873, -43, -895, 480, 414, -63, -58, 185, 312, 429, 590, 
990, 932, -58, -961, 524, 436, -170, -141, 161, 366, 497, 634, 
1044, 995, -48, -1019, 546, 473, -297, -244, 131, 439, 585, 702, 
1102, 1068, -34, -1085, 568, 517, -400, -331, 136, 517, 668, 771, 
1146, 1102, -43, -1124, 595, 529, -497, -400, 126, 575, 732, 819, 
1176, 1112, -63, -1144, 619, 524, -580, -458, 112, 595, 766, 844, 
1200, 1098, -102, -1149, 651, 497, -600, -458, 82, 590, 766, 844, 
1239, 1054, -185, -1146, 712, 434, -610, -439, 48, 556, 736, 834, 
1268, 990, -278, -1129, 773, 356, -619, -439, -9, 458, 678, 800, 
1278, 897, -380, -1088, 829, 258, -614, -419, -107, 317, 566, 736, 
1278, 761, -517, -1019, 897, 122, -546, -351, -229, 107, 400, 619, 
1273, 590, -683, -932, 978, -46, -458, -278, -370, -122, 209, 497, 
1259, 453, -805, -856, 1032, -175, -375, -219, -483, -307, 73, 390, 
1249, 380, -868, -814, 1058, -244, -287, -161, -536, -400, -19, 317, 
1239, 346, -893, -793, 1066, -273, -204, -82, -512, -434, -68, 283, 
1215, 346, -868, -780, 1041, -261, -117, -19, -458, -419, -68, 273, 
1176, 351, -824, -763, 1000, -236, -34, 39, -395, -395, -63, 273, 
1117, 361, -756, -739, 936, -197, 58, 87, -312, -356, -53, 273, 
1063, 361, -702, -712, 883, -170, 126, 102, -239, -326, -48, 278, 
1029, 380, -649, -705, 839, -134, 180, 112, -175, -307, -48, 273, 
1019, 409, -610, -714, 814, -100, 200, 112, -126, -278, -43, 278, 
1010, 429, -580, -719, 795, -75, 224, 126, -87, -239, -24, 273, 
966, 448, -517, -707, 741, -34, 258, 131, -48, -190, -4, 273, 
922, 478, -444, -700, 683, 17, 273, 131, 0, -151, 9, 283, 
888, 502, -385, -695, 636, 58, 297, 131, 48, -122, 29, 287, 
854, 531, -322, -692, 588, 104, 322, 161, 92, -82, 48, 307, 
814, 566, -248, -690, 531, 158, 356, 175, 156, -39, 82, 326, 
766, 590, -175, -678, 470, 207, 390, 190, 229, 14, 117, 346, 
732, 624, -107, -678, 419, 258, 409, 185, 268, 29, 141, 366, 
727, 658, -68, -692, 397, 295, 414, 185, 302, 53, 161, 385, 
717, 688, -29, -702, 373, 329, 429, 180, 326, 82, 190, 400, 
702, 707, 4, -705, 348, 356, 429, 180, 341, 102, 200, 400, 
697, 712, 14, -705, 341, 363, 429, 170, 336, 117, 200, 409, 
688, 717, 29, -702, 329, 373, 434, 175, 336, 126, 200, 414, 
678, 727, 48, -702, 314, 387, 439, 180, 356, 136, 209, 419, 
668, 732, 63, -700, 302, 397, 448, 195, 380, 141, 219, 424, 
673, 741, 68, -707, 302, 405, 458, 204, 385, 146, 229, 434, 
653, 746, 92, -700, 280, 419, 458, 209, 405, 161, 234, 439, 
639, 756, 117, -697, 261, 436, 478, 214, 419, 165, 239, 439, 
639, 756, 117, -697, 261, 436, 478, 214, 424, 170, 239, 444, 
639, 756, 117, -697, 261, 436, 478, 214, 424, 170, 239, 444, 
639, 756, 117, -697, 261, 436, 478, 214, 419, 170, 244, 444, 
639, 751, 112, -695, 263, 431, 478, 200, 419, 170, 244, 434, 
639, 751, 112, -695, 263, 431, 478, 200, 419, 175, 244, 434, 
634, 751, 117, -692, 258, 434, 478, 200, 419, 180, 244, 434, 
634, 751, 117, -692, 258, 434, 478, 209, 429, 180, 248, 434, 
629, 756, 126, -692, 251, 441, 478, 219, 429, 170, 248, 434, 
629, 756, 126, -692, 251, 441, 478, 219, 434, 170, 248, 444, 
629, 756, 126, -692, 251, 441, 483, 219, 439, 175, 253, 448, 
629, 756, 126, -692, 251, 441, 488, 219, 444, 175, 258, 448, 
634, 756, 122, -695, 256, 439, 488, 214, 448, 185, 258, 448, 
634, 761, 126, -697, 253, 444, 488, 214, 448, 185, 258, 448, 
634, 761, 126, -697, 253, 444, 488, 214, 444, 185, 258, 444, 
634, 761, 126, -697, 253, 444, 492, 214, 439, 180, 253, 444, 
634, 771, 136, -702, 248, 453, 502, 219, 448, 180, 253, 444, 
634, 775, 141, -705, 246, 458, 497, 219, 458, 190, 253, 444, 
634, 775, 141, -705, 246, 458, 497, 219, 458, 190, 253, 444, 
634, 775, 141, -705, 246, 458, 497, 219, 458, 190, 258, 444, 
634, 775, 141, -705, 246, 458, 488, 224, 463, 190, 258, 453, 
634, 775, 141, -705, 246, 458, 492, 229, 463, 190, 258, 453, 
634, 775, 141, -705, 246, 458, 497, 229, 468, 190, 258, 458, 
634, 775, 141, -705, 246, 458, 497, 229, 468, 195, 258, 458, 
634, 775, 141, -705, 246, 458, 497, 219, 468, 195, 258, 448, 
634, 775, 141, -705, 246, 458, 497, 219, 468, 195, 258, 448, 
634, 775, 141, -705, 246, 458, 502, 224, 468, 195, 258, 448, 
634, 780, 146, -707, 244, 463, 502, 224, 468, 195, 253, 448, 
634, 780, 146, -707, 244, 463, 497, 224, 468, 195, 253, 458, 
634, 780, 146, -707, 244, 463, 497, 224, 468, 200, 253, 458, 
634, 775, 141, -705, 246, 458, 502, 229, 468, 200, 253, 453, 
634, 775, 141, -705, 246, 458, 502, 229, 473, 200, 253, 453, 
634, 785, 151, -710, 241, 468, 502, 229, 478, 209, 253, 453, 
634, 785, 151, -710, 241, 468, 502, 229, 478, 209, 253, 453, 
634, 785, 151, -710, 241, 468, 502, 229, 478, 209, 253, 453, 
634, 785, 151, -710, 241, 468, 502, 229, 478, 209, 253, 453, 
634, 775, 141, -705, 246, 458, 502, 234, 483, 200, 263, 453, 
629, 775, 146, -702, 241, 461, 502, 234, 483, 200, 263, 458, 
629, 780, 151, -705, 239, 466, 502, 239, 483, 204, 263, 458, 
634, 780, 146, -707, 244, 463, 507, 239, 478, 204, 263, 458, 
634, 780, 146, -707, 244, 463, 507, 244, 488, 204, 253, 458, 
634, 780, 146, -707, 244, 463, 507, 244, 488, 204, 253, 458, 
629, 780, 151, -705, 239, 466, 507, 244, 492, 209, 253, 458, 
629, 780, 151, -705, 239, 466, 507, 244, 492, 209, 258, 458, 
639, 780, 141, -710, 248, 461, 507, 248, 488, 204, 258, 458, 
639, 780, 141, -710, 248, 461, 512, 248, 488, 204, 258, 458, 
639, 780, 141, -710, 248, 461, 512, 248, 492, 209, 263, 453, 
644, 780, 136, -712, 253, 458, 512, 253, 492, 214, 263, 453, 
644, 780, 136, -712, 253, 458, 512, 253, 492, 214, 263, 444, 
644, 790, 146, -717, 248, 468, 512, 253, 492, 214, 263, 453, 
644, 790, 146, -717, 248, 468, 517, 258, 492, 214, 263, 453, 
644, 785, 141, -714, 251, 463, 522, 263, 497, 214, 263, 458, 
634, 775, 141, -705, 246, 458, 522, 263, 497, 214, 273, 458, 
634, 780, 146, -707, 244, 463, 522, 263, 497, 214, 273, 458, 
634, 780, 146, -707, 244, 463, 522, 268, 497, 214, 273, 458, 
629, 780, 151, -705, 239, 466, 522, 268, 502, 219, 273, 458, 
629, 771, 141, -700, 244, 456, 527, 268, 502, 219, 263, 468, 
629, 775, 146, -702, 241, 461, 527, 278, 502, 219, 263, 468, 
629, 775, 146, -702, 241, 461, 527, 278, 507, 219, 268, 468, 
629, 780, 151, -705, 239, 466, 527, 283, 507, 219, 268, 463, 
629, 790, 161, -710, 234, 475, 531, 278, 512, 229, 268, 463, 
629, 790, 161, -710, 234, 475, 531, 283, 512, 229, 268, 463, 
634, 785, 151, -710, 241, 468, 531, 287, 512, 229, 268, 463, 
634, 785, 151, -710, 241, 468, 536, 292, 512, 229, 268, 463, 
634, 790, 156, -712, 239, 473, 536, 302, 512, 224, 268, 468, 
634, 790, 156, -712, 239, 473, 546, 307, 512, 229, 273, 468, 
634, 795, 161, -714, 236, 478, 546, 312, 512, 234, 273, 468, 
634, 795, 161, -714, 236, 478, 546, 317, 522, 234, 273, 473, 
634, 795, 161, -714, 236, 478, 546, 322, 527, 234, 278, 473, 
634, 800, 165, -717, 234, 483, 551, 326, 527, 239, 278, 473, 
634, 805, 170, -719, 231, 488, 551, 331, 527, 239, 273, 473, 
634, 810, 175, -722, 229, 492, 556, 336, 527, 239, 273, 473, 
634, 810, 175, -722, 229, 492, 561, 341, 541, 248, 292, 473, 
634, 819, 185, -727, 224, 502, 561, 346, 546, 253, 292, 483, 
634, 819, 185, -727, 224, 502, 561, 351, 551, 258, 297, 483, 
634, 819, 185, -727, 224, 502, 561, 361, 551, 263, 302, 478, 
644, 819, 175, -732, 234, 497, 570, 366, 570, 263, 302, 478, 
644, 824, 180, -734, 231, 502, 575, 380, 575, 263, 302, 483, 
644, 824, 180, -734, 231, 502, 575, 385, 575, 273, 302, 483, 
649, 829, 180, -739, 234, 505, 580, 390, 580, 278, 302, 488, 
639, 834, 195, -736, 222, 514, 595, 395, 575, 278, 307, 488, 
649, 839, 190, -744, 229, 514, 595, 405, 580, 278, 307, 483, 
653, 844, 190, -749, 231, 517, 595, 414, 585, 278, 312, 483, 
653, 849, 195, -751, 229, 522, 600, 419, 590, 287, 317, 492, 
653, 854, 200, -753, 226, 527, 600, 439, 605, 292, 317, 483, 
653, 854, 200, -753, 226, 527, 600, 444, 610, 297, 317, 483, 
653, 858, 204, -756, 224, 531, 600, 453, 614, 297, 322, 488, 
653, 863, 209, -758, 222, 536, 605, 458, 619, 302, 331, 488, 
653, 868, 214, -761, 219, 541, 614, 468, 614, 307, 336, 492, 
653, 868, 214, -761, 219, 541, 614, 473, 619, 312, 336, 492, 
653, 873, 219, -763, 217, 546, 614, 478, 624, 312, 336, 492, 
653, 873, 219, -763, 217, 546, 614, 488, 624, 312, 336, 497, 
658, 873, 214, -766, 222, 544, 614, 492, 639, 317, 336, 507, 
658, 883, 224, -771, 217, 553, 614, 497, 644, 317, 336, 507, 
658, 883, 224, -771, 217, 553, 614, 502, 644, 326, 341, 512, 
658, 883, 224, -771, 217, 553, 614, 507, 644, 326, 351, 512, 
668, 873, 204, -771, 231, 539, 624, 517, 658, 336, 351, 512, 
668, 883, 214, -775, 226, 549, 624, 522, 658, 336, 351, 517, 
673, 888, 214, -780, 229, 551, 624, 531, 658, 341, 351, 517, 
678, 888, 209, -783, 234, 549, 619, 536, 658, 341, 356, 517, 
683, 902, 219, -793, 231, 561, 610, 531, 658, 341, 361, 517, 
683, 902, 219, -793, 231, 561, 610, 531, 658, 341, 361, 522, 
683, 902, 219, -793, 231, 561, 610, 531, 658, 346, 366, 522, 
683, 907, 224, -795, 229, 566, 610, 536, 663, 346, 366, 527, 
683, 907, 224, -795, 229, 566, 610, 536, 653, 351, 366, 527, 
688, 907, 219, -797, 234, 563, 605, 536, 653, 351, 361, 527, 
688, 907, 219, -797, 234, 563, 605, 536, 653, 351, 361, 527, 
688, 907, 219, -797, 234, 563, 600, 536, 649, 351, 366, 527, 
697, 907, 209, -802, 244, 558, 605, 531, 649, 351, 375, 536, 
697, 912, 214, -805, 241, 563, 600, 536, 649, 346, 375, 536, 
697, 912, 214, -805, 241, 563, 595, 531, 649, 346, 375, 536, 
697, 907, 209, -802, 244, 558, 590, 531, 644, 346, 375, 536, 
702, 917, 214, -810, 244, 566, 575, 517, 644, 356, 375, 527, 
702, 917, 214, -810, 244, 566, 570, 507, 644, 351, 375, 527, 
702, 917, 214, -810, 244, 566, 561, 492, 644, 351, 375, 531, 
697, 917, 219, -807, 239, 568, 556, 478, 644, 346, 375, 531, 
697, 917, 219, -807, 239, 568, 541, 453, 634, 346, 375, 531, 
697, 917, 219, -807, 239, 568, 531, 439, 629, 346, 375, 531, 
697, 912, 214, -805, 241, 563, 527, 424, 624, 341, 370, 531, 
697, 902, 204, -800, 246, 553, 517, 409, 614, 331, 370, 531, 
697, 902, 204, -800, 246, 553, 512, 395, 600, 331, 370, 541, 
697, 897, 200, -797, 248, 549, 507, 380, 590, 326, 366, 536, 
692, 897, 204, -795, 244, 551, 497, 366, 585, 326, 366, 536, 
692, 893, 200, -793, 246, 546, 492, 356, 575, 322, 361, 536, 
692, 878, 185, -785, 253, 531, 488, 341, 570, 307, 366, 536, 
688, 873, 185, -780, 251, 529, 488, 331, 566, 302, 366, 531, 
688, 868, 180, -778, 253, 524, 483, 317, 556, 297, 366, 531, 
688, 868, 180, -778, 253, 524, 473, 302, 551, 292, 366, 531, 
688, 868, 180, -778, 253, 524, 463, 283, 546, 287, 356, 517, 
683, 863, 180, -773, 251, 522, 458, 273, 536, 283, 346, 517, 
683, 858, 175, -771, 253, 517, 453, 268, 531, 273, 336, 512, 
683, 854, 170, -768, 256, 512, 453, 258, 527, 268, 331, 507, 
678, 839, 161, -758, 258, 500, 448, 248, 517, 258, 326, 502, 
678, 834, 156, -756, 261, 495, 444, 244, 512, 258, 322, 502, 
673, 834, 161, -753, 256, 497, 444, 239, 507, 253, 317, 502, 
673, 834, 161, -753, 256, 497, 444, 229, 502, 248, 317, 502, 
673, 819, 146, -746, 263, 483, 444, 229, 497, 244, 326, 507, 
673, 814, 141, -744, 265, 478, 439, 224, 492, 239, 326, 507, 
673, 814, 141, -744, 265, 478, 439, 214, 492, 239, 326, 507, 
668, 810, 141, -739, 263, 475, 439, 209, 492, 234, 322, 502, 
668, 814, 146, -741, 261, 480, 434, 200, 478, 239, 322, 512, 
668, 814, 146, -741, 261, 480, 434, 195, 473, 239, 322, 512, 
668, 810, 141, -739, 263, 475, 434, 195, 468, 234, 322, 512, 
668, 810, 141, -739, 263, 475, 429, 190, 463, 234, 312, 507, 
663, 819, 156, -741, 253, 488, 429, 185, 473, 239, 322, 507, 
663, 814, 151, -739, 256, 483, 429, 185, 473, 239, 322, 507, 
663, 814, 151, -739, 256, 483, 429, 185, 468, 234, 322, 507, 
663, 814, 151, -739, 256, 483, 424, 180, 468, 234, 312, 502, 
678, 824, 146, -751, 265, 485, 414, 180, 458, 224, 312, 502, 
678, 819, 141, -749, 268, 480, 414, 180, 453, 224, 312, 502, 
678, 814, 136, -746, 270, 475, 414, 180, 453, 219, 312, 502, 
678, 814, 136, -746, 270, 475, 409, 180, 448, 219, 307, 502, 
668, 810, 141, -739, 263, 475, 409, 175, 448, 214, 307, 497, 
668, 810, 141, -739, 263, 475, 409, 175, 448, 214, 307, 497, 
668, 810, 141, -739, 263, 475, 414, 175, 448, 214, 307, 497, 
663, 810, 146, -736, 258, 478, 414, 175, 448, 219, 307, 502, 
663, 795, 131, -729, 265, 463, 414, 175, 448, 219, 307, 502, 
663, 795, 131, -729, 265, 463, 414, 175, 448, 214, 307, 502, 
663, 795, 131, -729, 265, 463, 414, 180, 448, 214, 307, 502, 
663, 795, 131, -729, 265, 463, 414, 180, 448, 214, 307, 502, 
653, 785, 131, -719, 261, 458, 414, 175, 448, 214, 302, 488, 
653, 785, 131, -719, 261, 458, 414, 175, 448, 209, 297, 483, 
653, 785, 131, -719, 261, 458, 419, 180, 448, 209, 292, 478, 
653, 785, 131, -719, 261, 458, 419, 180, 448, 209, 287, 478, 
663, 785, 122, -724, 270, 453, 424, 180, 439, 200, 287, 478, 
663, 785, 122, -724, 270, 453, 424, 180, 439, 200, 287, 483, 
663, 785, 122, -724, 270, 453, 424, 180, 439, 200, 292, 483, 
658, 785, 126, -722, 265, 456, 424, 180, 439, 204, 292, 483, 
663, 795, 131, -729, 265, 463, 424, 180, 453, 214, 307, 492, 
673, 795, 122, -734, 275, 458, 424, 180, 453, 219, 307, 492, 
678, 795, 117, -736, 280, 456, 424, 175, 453, 219, 307, 492, 
683, 800, 117, -741, 283, 458, 424, 175, 453, 219, 307, 492, 
673, 790, 117, -732, 278, 453, 424, 180, 453, 209, 307, 497, 
673, 790, 117, -732, 278, 453, 424, 180, 453, 209, 307, 497, 
673, 790, 117, -732, 278, 453, 419, 180, 453, 209, 307, 497, 
673, 790, 117, -732, 278, 453, 419, 180, 458, 209, 307, 497, 
663, 800, 136, -732, 263, 468, 419, 170, 448, 219, 307, 507, 
663, 800, 136, -732, 263, 468, 419, 170, 453, 219, 307, 507, 
663, 800, 136, -732, 263, 468, 419, 165, 453, 219, 307, 507, 
663, 800, 136, -732, 263, 468, 419, 165, 453, 219, 307, 507, 
663, 805, 141, -734, 261, 473, 419, 170, 453, 224, 312, 507, 
663, 805, 141, -734, 261, 473, 419, 170, 453, 224, 312, 507, 
663, 805, 141, -734, 261, 473, 419, 165, 453, 224, 312, 507, 
663, 814, 151, -739, 256, 483, 419, 165, 453, 224, 312, 507, 
673, 810, 136, -741, 268, 473, 419, 175, 453, 229, 317, 512, 
673, 800, 126, -736, 273, 463, 419, 175, 453, 229, 322, 512, 
673, 795, 122, -734, 275, 458, 419, 175, 453, 229, 322, 507, 
673, 790, 117, -732, 278, 453, 419, 170, 458, 229, 322, 507, 
663, 805, 141, -734, 261, 473, 419, 170, 468, 229, 312, 507, 
663, 805, 141, -734, 261, 473, 419, 170, 468, 234, 317, 517, 
663, 805, 141, -734, 261, 473, 419, 170, 478, 239, 317, 517, 
663, 810, 146, -736, 258, 478, 419, 170, 478, 239, 317, 517, 
663, 805, 141, -734, 261, 473, 419, 161, 463, 239, 326, 517, 
663, 805, 141, -734, 261, 473, 419, 165, 463, 239, 326, 517, 
663, 805, 141, -734, 261, 473, 419, 165, 463, 239, 326, 522, 
663, 805, 141, -734, 261, 473, 419, 165, 463, 239, 326, 522, 
663, 805, 141, -734, 261, 473, 419, 165, 473, 244, 336, 527, 
663, 800, 136, -732, 263, 468, 419, 165, 483, 244, 336, 527, 
663, 800, 136, -732, 263, 468, 414, 165, 483, 244, 331, 527, 
663, 800, 136, -732, 263, 468, 414, 165, 483, 244, 331, 527, 
663, 810, 146, -736, 258, 478, 414, 165, 483, 234, 331, 517, 
663, 810, 146, -736, 258, 478, 414, 165, 483, 234, 331, 517, 
663, 814, 151, -739, 256, 483, 414, 165, 483, 234, 331, 517, 
663, 814, 151, -739, 256, 483, 414, 165, 483, 234, 331, 517, 
673, 800, 126, -736, 273, 463, 414, 165, 473, 244, 331, 517, 
673, 800, 126, -736, 273, 463, 414, 165, 473, 244, 331, 517, 
673, 800, 126, -736, 273, 463, 414, 161, 473, 244, 336, 522, 
673, 800, 126, -736, 273, 463, 414, 161, 473, 244, 336, 522, 
668, 795, 126, -732, 270, 461, 414, 170, 483, 244, 336, 531, 
663, 795, 131, -729, 265, 463, 414, 170, 483, 244, 336, 531, 
658, 795, 136, -727, 261, 466, 414, 170, 483, 248, 336, 531, 
653, 790, 136, -722, 258, 463, 414, 170, 483, 248, 336, 531, 
663, 800, 136, -732, 263, 468, 414, 170, 483, 248, 336, 541, 
658, 800, 141, -729, 258, 470, 414, 170, 483, 248, 336, 541, 
658, 800, 141, -729, 258, 470, 414, 170, 488, 248, 341, 541, 
658, 800, 141, -729, 258, 470, 414, 170, 488, 248, 341, 536, 
673, 800, 126, -736, 273, 463, 414, 170, 478, 258, 336, 527, 
673, 800, 126, -736, 273, 463, 414, 170, 473, 253, 336, 527, 
673, 800, 126, -736, 273, 463, 414, 170, 473, 253, 336, 527, 
673, 800, 126, -736, 273, 463, 414, 170, 473, 253, 336, 527, 
663, 790, 126, -727, 268, 458, 414, 170, 483, 253, 351, 536, 
663, 790, 126, -727, 268, 458, 414, 170, 483, 253, 351, 536, 
663, 790, 126, -727, 268, 458, 414, 170, 483, 253, 351, 536, 
663, 790, 126, -727, 268, 458, 414, 170, 483, 253, 346, 536, 
663, 790, 126, -727, 268, 458, 405, 170, 483, 253, 336, 536, 
663, 790, 126, -727, 268, 458, 405, 170, 483, 253, 336, 536, 
663, 790, 126, -727, 268, 458, 409, 165, 478, 253, 336, 536, 
663, 790, 126, -727, 268, 458, 409, 165, 478, 253, 336, 536, 
673, 785, 112, -729, 280, 448, 405, 165, 478, 253, 341, 536, 
668, 785, 117, -727, 275, 451, 405, 165, 478, 253, 341, 536, 
668, 785, 117, -727, 275, 451, 409, 165, 478, 253, 336, 536, 
663, 780, 117, -722, 273, 448, 409, 165, 478, 253, 336, 536, 
663, 780, 117, -722, 273, 448, 409, 175, 478, 244, 336, 527, 
663, 780, 117, -722, 273, 448, 405, 175, 478, 244, 336, 527, 
668, 780, 112, -724, 278, 446, 405, 175, 478, 244, 336, 527, 
668, 780, 112, -724, 278, 446, 405, 175, 478, 239, 336, 527, 
668, 771, 102, -719, 283, 436, 414, 165, 468, 229, 336, 527, 
668, 771, 102, -719, 283, 436, 414, 165, 468, 229, 336, 527, 
668, 771, 102, -719, 283, 436, 414, 165, 468, 229, 336, 527, 
668, 771, 102, -719, 283, 436, 414, 161, 468, 229, 336, 527, 
663, 780, 117, -722, 273, 448, 405, 170, 478, 234, 336, 527, 
663, 775, 112, -719, 275, 444, 409, 170, 473, 239, 336, 527, 
663, 775, 112, -719, 275, 444, 409, 170, 473, 244, 336, 522, 
668, 775, 107, -722, 280, 441, 409, 170, 473, 248, 336, 522, 
658, 775, 117, -717, 270, 446, 409, 161, 473, 244, 346, 531, 
653, 775, 122, -714, 265, 448, 409, 161, 473, 244, 346, 531, 
653, 775, 122, -714, 265, 448, 409, 161, 473, 244, 346, 531, 
653, 771, 117, -712, 268, 444, 405, 161, 473, 244, 341, 531, 
658, 761, 102, -710, 278, 431, 405, 161, 473, 234, 331, 531, 
658, 761, 102, -710, 278, 431, 405, 161, 478, 234, 331, 536, 
653, 761, 107, -707, 273, 434, 405, 161, 478, 234, 336, 536, 
653, 761, 107, -707, 273, 434, 405, 156, 478, 234, 336, 536, 
663, 761, 97, -712, 283, 429, 405, 156, 473, 234, 346, 536, 
663, 761, 97, -712, 283, 429, 405, 156, 473, 234, 346, 531, 
663, 761, 97, -712, 283, 429, 405, 156, 473, 234, 346, 531, 
663, 756, 92, -710, 285, 424, 405, 156, 473, 234, 341, 531, 
663, 756, 92, -710, 285, 424, 405, 161, 473, 234, 346, 541, 
663, 751, 87, -707, 287, 419, 405, 161, 473, 234, 346, 541, 
663, 751, 87, -707, 287, 419, 405, 161, 468, 234, 346, 536, 
658, 756, 97, -707, 280, 427, 405, 161, 468, 234, 336, 536, 
658, 756, 97, -707, 280, 427, 405, 165, 468, 239, 346, 536, 
658, 751, 92, -705, 283, 422, 405, 165, 468, 239, 346, 536, 
663, 751, 87, -707, 287, 419, 405, 161, 468, 239, 346, 536, 
663, 756, 92, -710, 285, 424, 400, 161, 463, 239, 346, 536, 
663, 756, 92, -710, 285, 424, 409, 161, 463, 248, 351, 536, 
663, 756, 92, -710, 285, 424, 414, 161, 463, 248, 351, 536, 
663, 756, 92, -710, 285, 424, 414, 161, 463, 248, 351, 536, 
663, 751, 87, -707, 287, 419, 414, 161, 463, 248, 346, 536, 
663, 761, 97, -712, 283, 429, 405, 151, 463, 239, 346, 536, 
663, 761, 97, -712, 283, 429, 405, 151, 463, 239, 346, 536, 
663, 766, 102, -714, 280, 434, 405, 156, 463, 244, 346, 541, 
663, 766, 102, -714, 280, 434, 405, 156, 463, 244, 351, 541, 
663, 766, 102, -714, 280, 434, 405, 156, 463, 244, 341, 531, 
663, 766, 102, -714, 280, 434, 405, 156, 463, 239, 346, 531, 
658, 766, 107, -712, 275, 436, 405, 151, 463, 239, 346, 531, 
658, 766, 107, -712, 275, 436, 405, 151, 463, 239, 341, 531, 
658, 761, 102, -710, 278, 431, 405, 161, 473, 229, 341, 531, 
658, 756, 97, -707, 280, 427, 405, 161, 473, 229, 346, 531, 
658, 746, 87, -702, 285, 417, 405, 161, 473, 229, 346, 531, 
658, 741, 82, -700, 287, 412, 405, 161, 473, 229, 346, 531, 
658, 746, 87, -702, 285, 417, 405, 161, 473, 229, 341, 531, 
658, 746, 87, -702, 285, 417, 405, 161, 473, 229, 341, 531, 
658, 746, 87, -702, 285, 417, 405, 170, 473, 239, 341, 541, 
658, 746, 87, -702, 285, 417, 405, 161, 473, 239, 346, 541, 
663, 751, 87, -707, 287, 419, 400, 156, 468, 234, 341, 536, 
663, 741, 78, -702, 292, 409, 409, 165, 468, 234, 341, 546, 
663, 741, 78, -702, 292, 409, 409, 165, 468, 234, 341, 546, 
663, 741, 78, -702, 292, 409, 409, 165, 468, 234, 341, 546, 
663, 741, 78, -702, 292, 409, 409, 165, 468, 234, 341, 546, 
653, 741, 87, -697, 283, 414, 409, 165, 478, 229, 341, 541, 
653, 736, 82, -695, 285, 409, 409, 165, 478, 229, 341, 541, 
653, 736, 82, -695, 285, 409, 409, 165, 478, 234, 346, 541, 
653, 736, 82, -695, 285, 409, 409, 165, 478, 234, 346, 541, 
653, 736, 82, -695, 285, 409, 400, 161, 468, 239, 346, 541, 
653, 741, 87, -697, 283, 414, 400, 161, 468, 239, 341, 546, 
653, 741, 87, -697, 283, 414, 400, 156, 473, 239, 341, 546, 
653, 741, 87, -697, 283, 414, 400, 151, 473, 234, 341, 546, 
663, 741, 78, -702, 292, 409, 409, 161, 473, 234, 351, 546, 
663, 746, 82, -705, 290, 414, 409, 156, 473, 239, 356, 546, 
663, 751, 87, -707, 287, 419, 409, 156, 478, 239, 356, 546, 
663, 756, 92, -710, 285, 424, 409, 156, 478, 239, 356, 546, 
653, 756, 102, -705, 275, 429, 400, 170, 483, 253, 361, 556, 
653, 766, 112, -710, 270, 439, 400, 170, 488, 253, 361, 561, 
653, 771, 117, -712, 268, 444, 400, 170, 492, 263, 366, 561, 
653, 775, 122, -714, 265, 448, 400, 170, 492, 263, 370, 570, 
668, 780, 112, -724, 278, 446, 409, 170, 502, 268, 380, 570, 
668, 790, 122, -729, 273, 456, 414, 170, 502, 263, 380, 570, 
668, 795, 126, -732, 270, 461, 414, 170, 507, 258, 380, 570, 
668, 795, 126, -732, 270, 461, 414, 170, 512, 253, 380, 575, 
668, 785, 117, -727, 275, 451, 429, 180, 517, 263, 370, 575, 
668, 785, 117, -727, 275, 451, 434, 180, 517, 268, 375, 575, 
668, 785, 117, -727, 275, 451, 434, 180, 522, 268, 375, 580, 
668, 790, 122, -729, 273, 456, 434, 180, 522, 268, 375, 580, 
668, 790, 122, -729, 273, 456, 429, 180, 522, 278, 385, 580, 
668, 790, 122, -729, 273, 456, 429, 190, 522, 283, 385, 580, 
673, 790, 117, -732, 278, 453, 439, 200, 527, 287, 390, 585, 
678, 795, 117, -736, 280, 456, 429, 200, 531, 287, 390, 585, 
697, 814, 117, -756, 290, 466, 424, 200, 541, 292, 400, 585, 
697, 819, 122, -758, 287, 470, 419, 195, 541, 297, 409, 595, 
697, 829, 131, -763, 283, 480, 419, 190, 546, 302, 419, 595, 
707, 829, 122, -768, 292, 475, 414, 190, 546, 302, 424, 595, 
697, 829, 131, -763, 283, 480, 395, 180, 546, 292, 419, 605, 
702, 824, 122, -763, 290, 473, 385, 180, 541, 292, 419, 610, 
702, 819, 117, -761, 292, 468, 375, 175, 536, 287, 414, 610, 
697, 819, 122, -758, 287, 470, 375, 175, 531, 287, 409, 614, 
707, 810, 102, -758, 302, 456, 375, 175, 527, 283, 400, 614, 
707, 810, 102, -758, 302, 456, 370, 170, 522, 273, 400, 610, 
712, 810, 97, -761, 307, 453, 366, 165, 522, 273, 395, 605, 
712, 805, 92, -758, 309, 448, 366, 161, 512, 273, 395, 600, 
702, 805, 102, -753, 300, 453, 366, 151, 512, 268, 405, 595, 
707, 800, 92, -753, 307, 446, 366, 161, 512, 268, 400, 595, 
712, 800, 87, -756, 312, 444, 370, 165, 512, 273, 400, 595, 
712, 795, 82, -753, 314, 439, 370, 165, 512, 273, 405, 595, 
727, 790, 63, -758, 331, 427, 370, 175, 512, 278, 395, 595, 
727, 785, 58, -756, 334, 422, 375, 175, 512, 273, 395, 595, 
727, 780, 53, -753, 336, 417, 375, 175, 507, 273, 390, 595, 
722, 780, 58, -751, 331, 419, 375, 180, 507, 273, 385, 595, 
722, 785, 63, -753, 329, 424, 380, 185, 502, 263, 395, 600, 
717, 785, 68, -751, 324, 427, 390, 185, 502, 263, 395, 600, 
707, 785, 78, -746, 314, 431, 390, 185, 502, 263, 395, 600, 
707, 775, 68, -741, 319, 422, 390, 180, 497, 263, 395, 600, 
697, 771, 73, -734, 312, 422, 390, 170, 497, 268, 390, 600, 
688, 766, 78, -727, 305, 422, 400, 170, 492, 268, 390, 595, 
673, 766, 92, -719, 290, 429, 400, 170, 492, 258, 380, 585, 
658, 756, 97, -707, 280, 427, 400, 170, 492, 258, 380, 580, 
663, 746, 82, -705, 290, 414, 405, 165, 488, 244, 380, 580, 
658, 732, 73, -695, 292, 402, 405, 165, 483, 244, 375, 575, 
653, 717, 63, -685, 295, 390, 405, 165, 478, 239, 366, 570, 
653, 707, 53, -680, 300, 380, 409, 165, 478, 234, 366, 566, 
653, 707, 53, -680, 300, 380, 409, 161, 478, 229, 361, 556, 
649, 702, 53, -675, 297, 378, 409, 161, 478, 224, 356, 551, 
649, 702, 53, -675, 297, 378, 409, 161, 478, 224, 351, 551, 
649, 697, 48, -673, 300, 373, 409, 156, 473, 219, 346, 551, 
658, 697, 39, -678, 309, 368, 400, 156, 458, 219, 346, 556, 
658, 697, 39, -678, 309, 368, 400, 156, 453, 219, 351, 556, 
653, 702, 48, -678, 302, 375, 400, 156, 453, 214, 351, 556, 
653, 702, 48, -678, 302, 375, 400, 151, 453, 209, 341, 556, 
653, 692, 39, -673, 307, 366, 409, 151, 463, 214, 331, 551, 
649, 683, 34, -666, 307, 358, 409, 151, 463, 214, 331, 551, 
649, 678, 29, -663, 309, 353, 409, 156, 463, 214, 331, 551, 
649, 673, 24, -661, 312, 348, 414, 156, 458, 214, 326, 551, 
639, 673, 34, -656, 302, 353, 414, 161, 458, 204, 336, 556, 
629, 673, 43, -651, 292, 358, 414, 161, 458, 204, 336, 556, 
629, 668, 39, -649, 295, 353, 414, 165, 458, 204, 336, 556, 
639, 668, 29, -653, 305, 348, 419, 165, 463, 204, 336, 556, 
649, 678, 29, -663, 309, 353, 419, 156, 463, 209, 346, 556, 
644, 673, 29, -658, 307, 351, 419, 156, 463, 209, 341, 551, 
639, 673, 34, -656, 302, 353, 419, 156, 463, 209, 341, 551, 
639, 673, 34, -656, 302, 353, 424, 156, 463, 204, 341, 556, 
644, 673, 29, -658, 307, 351, 424, 156, 468, 214, 341, 556, 
644, 668, 24, -656, 309, 346, 419, 161, 468, 209, 341, 551, 
639, 668, 29, -653, 305, 348, 419, 161, 463, 209, 341, 551, 
639, 668, 29, -653, 305, 348, 419, 156, 463, 214, 341, 551, 
624, 673, 48, -649, 287, 361, 424, 146, 458, 204, 331, 561, 
619, 678, 58, -649, 280, 368, 424, 141, 463, 209, 336, 561, 
614, 678, 63, -646, 275, 370, 419, 136, 473, 214, 341, 566, 
605, 678, 73, -641, 265, 375, 419, 136, 478, 224, 341, 570, 
614, 678, 63, -646, 275, 370, 424, 146, 478, 214, 346, 561, 
614, 668, 53, -641, 280, 361, 434, 180, 478, 214, 336, 556, 
619, 668, 48, -644, 285, 358, 444, 224, 483, 234, 346, 570, 
624, 688, 63, -656, 280, 375, 453, 244, 502, 253, 366, 575, 
644, 688, 43, -666, 300, 366, 419, 224, 473, 263, 370, 580, 
668, 678, 9, -673, 329, 344, 331, 131, 409, 253, 380, 595, 
722, 692, -29, -707, 375, 331, 209, 29, 341, 253, 414, 614, 
800, 697, -102, -749, 451, 297, 102, -39, 283, 263, 444, 639, 
854, 697, -156, -775, 505, 270, 24, -92, 234, 263, 473, 653, 
907, 727, -180, -817, 544, 273, -63, -156, 204, 283, 527, 688, 
980, 795, -185, -888, 583, 305, -190, -239, 190, 336, 595, 761, 
1063, 878, -185, -971, 624, 346, -326, -341, 161, 419, 683, 839, 
1112, 941, -170, -1027, 641, 385, -429, -439, 136, 468, 756, 897, 
1146, 956, -190, -1051, 668, 383, -517, -527, 107, 507, 790, 936, 
1185, 966, -219, -1076, 702, 373, -590, -595, 82, 527, 814, 961, 
1229, 961, -268, -1095, 749, 346, -629, -614, 53, 502, 805, 961, 
1249, 907, -341, -1078, 795, 283, -629, -624, -9, 429, 766, 932, 
1259, 824, -434, -1041, 846, 195, -619, -624, -107, 302, 678, 878, 
1278, 712, -566, -995, 922, 73, -595, -585, -214, 112, 536, 785, 
1259, 556, -702, -907, 980, -73, -527, -488, -336, -117, 341, 658, 
1224, 395, -829, -810, 1027, -217, -448, -405, -448, -307, 161, 546, 
1200, 268, -932, -734, 1066, -331, -395, -366, -531, -444, 43, 458, 
1180, 195, -985, -688, 1083, -395, -336, -326, -566, -507, -39, 395, 
1151, 161, -990, -656, 1071, -414, -263, -258, -531, -522, -78, 361, 
1107, 161, -946, -634, 1027, -392, -175, -195, -458, -488, -78, 351, 
1068, 175, -893, -622, 980, -358, -73, -117, -366, -444, -63, 351, 
1039, 185, -854, -612, 946, -334, 19, -68, -292, -414, -53, 361, 
1024, 195, -829, -610, 927, -317, 87, -24, -239, -375, -39, 366, 
1000, 224, -775, -612, 888, -275, 141, 4, -185, -346, -29, 361, 
980, 253, -727, -617, 854, -236, 180, 43, -126, -307, -4, 366, 
941, 292, -649, -617, 795, -178, 214, 68, -68, -258, 34, 380, 
907, 331, -575, -619, 741, -122, 248, 82, 0, -200, 63, 390, 
873, 351, -522, -612, 697, -85, 273, 92, 48, -161, 87, 400, 
839, 375, -463, -607, 651, -43, 287, 102, 97, -122, 97, 414, 
785, 405, -380, -595, 583, 12, 322, 122, 161, -73, 126, 434, 
736, 429, -307, -583, 522, 61, 366, 146, 234, -29, 151, 453, 
717, 473, -244, -595, 480, 114, 390, 141, 278, -4, 165, 473, 
712, 497, -214, -605, 463, 141, 400, 156, 317, 29, 200, 492, 
697, 522, -175, -610, 436, 173, 414, 165, 351, 63, 229, 512, 
697, 561, -136, -629, 417, 212, 419, 180, 366, 82, 248, 527, 
692, 580, -112, -636, 402, 234, 409, 180, 370, 102, 268, 536, 
678, 585, -92, -631, 385, 246, 409, 180, 385, 126, 278, 536, 
668, 600, -68, -634, 368, 265, 405, 185, 405, 136, 287, 551, 
678, 619, -58, -649, 368, 280, 419, 190, 414, 146, 297, 566, 
668, 614, -53, -641, 361, 280, 429, 195, 429, 151, 297, 561, 
644, 614, -29, -629, 336, 292, 448, 195, 434, 156, 297, 570, 
644, 619, -24, -631, 334, 297, 458, 200, 453, 170, 302, 566, 
649, 624, -24, -636, 336, 300, 468, 214, 458, 175, 307, 566, 
649, 619, -29, -634, 339, 295, 468, 214, 463, 180, 307, 570, 
649, 614, -34, -631, 341, 290, 468, 214, 463, 180, 307, 570, 
649, 610, -39, -629, 344, 285, 468, 214, 458, 180, 312, 570, 
649, 624, -24, -636, 336, 300, 458, 209, 458, 180, 322, 575, 
649, 624, -24, -636, 336, 300, 458, 209, 458, 185, 322, 580, 
644, 624, -19, -634, 331, 302, 458, 209, 458, 190, 322, 585, 
644, 624, -19, -634, 331, 302, 458, 219, 468, 190, 326, 590, 
629, 629, 0, -629, 314, 314, 468, 209, 468, 190, 326, 580, 
629, 629, 0, -629, 314, 314, 468, 209, 473, 190, 326, 590, 
629, 629, 0, -629, 314, 314, 473, 209, 478, 195, 331, 595, 
629, 629, 0, -629, 314, 314, 478, 209, 483, 195, 336, 595, 
634, 629, -4, -631, 319, 312, 468, 214, 488, 195, 336, 595, 
634, 634, 0, -634, 317, 317, 468, 214, 488, 195, 336, 595, 
634, 634, 0, -634, 317, 317, 468, 214, 483, 195, 336, 590, 
634, 634, 0, -634, 317, 317, 473, 214, 478, 190, 331, 590, 
634, 644, 9, -639, 312, 326, 473, 209, 478, 190, 331, 590, 
634, 649, 14, -641, 309, 331, 468, 209, 488, 200, 331, 590, 
634, 649, 14, -641, 309, 331, 468, 209, 488, 200, 331, 590, 
634, 649, 14, -641, 309, 331, 468, 209, 488, 200, 336, 590, 
634, 639, 4, -636, 314, 322, 478, 214, 483, 195, 326, 600, 
634, 639, 4, -636, 314, 322, 483, 219, 483, 190, 326, 600, 
634, 639, 4, -636, 314, 322, 488, 219, 488, 185, 326, 605, 
634, 639, 4, -636, 314, 322, 488, 219, 488, 185, 326, 605, 
634, 649, 14, -641, 309, 331, 478, 229, 497, 195, 336, 605, 
634, 649, 14, -641, 309, 331, 478, 229, 497, 195, 336, 605, 
634, 649, 14, -641, 309, 331, 483, 234, 497, 195, 336, 605, 
634, 653, 19, -644, 307, 336, 483, 234, 497, 195, 331, 605, 
644, 653, 9, -649, 317, 331, 478, 229, 488, 185, 322, 605, 
644, 653, 9, -649, 317, 331, 478, 224, 488, 190, 322, 605, 
644, 649, 4, -646, 319, 326, 483, 224, 488, 190, 322, 600, 
644, 649, 4, -646, 319, 326, 483, 219, 492, 190, 322, 600, 
644, 649, 4, -646, 319, 326, 483, 224, 497, 190, 331, 610, 
644, 649, 4, -646, 319, 326, 483, 229, 497, 190, 331, 610, 
644, 649, 4, -646, 319, 326, 483, 234, 497, 190, 331, 610, 
644, 649, 4, -646, 319, 326, 483, 239, 497, 190, 331, 610, 
644, 649, 4, -646, 319, 326, 492, 244, 502, 200, 331, 610, 
639, 649, 9, -644, 314, 329, 492, 244, 502, 200, 331, 614, 
639, 653, 14, -646, 312, 334, 492, 248, 502, 204, 331, 614, 
644, 653, 9, -649, 317, 331, 497, 248, 497, 204, 331, 614, 
644, 644, 0, -644, 322, 322, 497, 253, 497, 195, 331, 614, 
644, 644, 0, -644, 322, 322, 497, 253, 497, 195, 331, 614, 
639, 644, 4, -641, 317, 324, 497, 253, 502, 200, 331, 614, 
639, 644, 4, -641, 317, 324, 497, 253, 502, 200, 336, 614, 
629, 634, 4, -631, 312, 319, 497, 258, 507, 209, 346, 624, 
629, 634, 4, -631, 312, 319, 502, 258, 507, 214, 346, 624, 
629, 634, 4, -631, 312, 319, 502, 258, 512, 224, 351, 619, 
634, 634, 0, -634, 317, 317, 502, 263, 512, 234, 351, 619, 
634, 649, 14, -641, 309, 331, 497, 253, 512, 234, 341, 619, 
634, 663, 29, -649, 302, 346, 492, 253, 512, 234, 341, 629, 
634, 668, 34, -651, 300, 351, 492, 258, 512, 234, 341, 629, 
634, 668, 34, -651, 300, 351, 492, 263, 517, 234, 341, 634, 
644, 668, 24, -656, 309, 346, 492, 263, 517, 224, 351, 634, 
644, 673, 29, -658, 307, 351, 492, 263, 517, 224, 351, 634, 
644, 673, 29, -658, 307, 351, 492, 268, 517, 224, 351, 634, 
639, 673, 34, -656, 302, 353, 492, 268, 522, 229, 351, 634, 
639, 668, 29, -653, 305, 348, 507, 278, 522, 214, 346, 634, 
639, 668, 29, -653, 305, 348, 507, 287, 522, 209, 341, 634, 
639, 663, 24, -651, 307, 344, 507, 287, 527, 204, 341, 634, 
639, 663, 24, -651, 307, 344, 507, 292, 527, 200, 336, 629, 
639, 673, 34, -656, 302, 353, 512, 287, 531, 209, 326, 629, 
639, 673, 34, -656, 302, 353, 512, 292, 531, 209, 326, 629, 
644, 668, 24, -656, 309, 346, 512, 297, 531, 209, 326, 629, 
644, 668, 24, -656, 309, 346, 517, 302, 531, 209, 326, 629, 
653, 673, 19, -663, 317, 346, 517, 312, 541, 224, 336, 634, 
653, 673, 19, -663, 317, 346, 527, 317, 541, 229, 341, 634, 
653, 678, 24, -666, 314, 351, 527, 322, 541, 234, 341, 634, 
653, 678, 24, -666, 314, 351, 527, 326, 551, 234, 341, 639, 
644, 668, 24, -656, 309, 346, 527, 322, 566, 234, 351, 649, 
644, 673, 29, -658, 307, 351, 531, 326, 566, 239, 356, 649, 
644, 678, 34, -661, 305, 356, 531, 331, 566, 239, 356, 649, 
644, 683, 39, -663, 302, 361, 536, 336, 566, 239, 361, 649, 
653, 678, 24, -666, 314, 351, 541, 351, 570, 239, 366, 649, 
653, 683, 29, -668, 312, 356, 541, 356, 575, 244, 361, 658, 
653, 678, 24, -666, 314, 351, 541, 361, 580, 248, 361, 658, 
653, 673, 19, -663, 317, 346, 541, 370, 580, 253, 361, 653, 
644, 683, 39, -663, 302, 361, 551, 375, 580, 253, 361, 653, 
644, 688, 43, -666, 300, 366, 556, 390, 585, 253, 361, 658, 
644, 688, 43, -666, 300, 366, 556, 395, 585, 263, 361, 658, 
649, 692, 43, -671, 302, 368, 561, 400, 590, 268, 361, 663, 
649, 697, 48, -673, 300, 373, 566, 395, 595, 278, 370, 668, 
658, 702, 43, -680, 307, 373, 566, 405, 600, 278, 375, 668, 
663, 707, 43, -685, 309, 375, 566, 414, 605, 278, 385, 673, 
663, 712, 48, -688, 307, 380, 570, 419, 610, 287, 395, 688, 
663, 717, 53, -690, 305, 385, 570, 439, 614, 287, 385, 678, 
663, 717, 53, -690, 305, 385, 570, 444, 619, 287, 385, 678, 
663, 722, 58, -692, 302, 390, 570, 453, 624, 283, 390, 683, 
663, 727, 63, -695, 300, 395, 575, 458, 629, 283, 400, 683, 
673, 722, 48, -697, 312, 385, 585, 458, 634, 287, 395, 688, 
673, 722, 48, -697, 312, 385, 585, 463, 639, 292, 395, 688, 
673, 727, 53, -700, 309, 390, 585, 468, 644, 292, 395, 688, 
673, 727, 53, -700, 309, 390, 585, 478, 644, 292, 395, 692, 
688, 727, 39, -707, 324, 383, 575, 483, 649, 307, 395, 702, 
688, 736, 48, -712, 319, 392, 575, 488, 653, 307, 395, 702, 
688, 736, 48, -712, 319, 392, 575, 492, 653, 317, 400, 707, 
688, 736, 48, -712, 319, 392, 575, 497, 653, 317, 409, 707, 
692, 741, 48, -717, 322, 395, 575, 492, 658, 317, 409, 717, 
688, 756, 68, -722, 309, 412, 575, 492, 658, 317, 409, 722, 
688, 766, 78, -727, 305, 422, 575, 497, 658, 322, 409, 722, 
688, 771, 82, -729, 302, 427, 570, 497, 658, 322, 414, 722, 
702, 775, 73, -739, 314, 424, 570, 512, 658, 322, 419, 722, 
702, 775, 73, -739, 314, 424, 570, 512, 658, 322, 419, 727, 
702, 775, 73, -739, 314, 424, 570, 512, 658, 326, 424, 727, 
702, 780, 78, -741, 312, 429, 570, 517, 663, 326, 424, 732, 
702, 771, 68, -736, 317, 419, 570, 517, 663, 331, 424, 722, 
707, 771, 63, -739, 322, 417, 566, 517, 663, 331, 419, 722, 
707, 771, 63, -739, 322, 417, 566, 517, 663, 331, 419, 722, 
707, 771, 63, -739, 322, 417, 561, 517, 658, 331, 424, 722, 
707, 771, 63, -739, 322, 417, 566, 497, 658, 322, 414, 722, 
707, 775, 68, -741, 319, 422, 561, 497, 658, 317, 414, 722, 
707, 775, 68, -741, 319, 422, 556, 488, 658, 317, 414, 722, 
707, 771, 63, -739, 322, 417, 551, 483, 653, 317, 414, 722, 
722, 771, 48, -746, 336, 409, 546, 488, 649, 317, 414, 732, 
722, 771, 48, -746, 336, 409, 541, 478, 644, 312, 414, 732, 
722, 771, 48, -746, 336, 409, 531, 463, 639, 312, 414, 736, 
717, 771, 53, -744, 331, 412, 527, 448, 634, 307, 414, 736, 
707, 761, 53, -734, 326, 407, 522, 434, 634, 312, 419, 746, 
707, 761, 53, -734, 326, 407, 512, 419, 629, 317, 424, 746, 
707, 756, 48, -732, 329, 402, 507, 405, 624, 317, 424, 746, 
707, 746, 39, -727, 334, 392, 497, 390, 614, 312, 429, 746, 
707, 756, 48, -732, 329, 402, 502, 375, 610, 307, 424, 746, 
707, 751, 43, -729, 331, 397, 497, 361, 600, 297, 414, 741, 
702, 751, 48, -727, 326, 400, 488, 346, 595, 292, 409, 741, 
702, 746, 43, -724, 329, 395, 483, 336, 585, 283, 400, 741, 
702, 732, 29, -717, 336, 380, 478, 331, 590, 287, 405, 751, 
697, 727, 29, -712, 334, 378, 478, 322, 585, 283, 405, 746, 
697, 722, 24, -710, 336, 373, 473, 307, 575, 278, 405, 746, 
697, 722, 24, -710, 336, 373, 463, 292, 570, 273, 405, 746, 
697, 712, 14, -705, 341, 363, 453, 273, 566, 268, 400, 732, 
692, 707, 14, -700, 339, 361, 448, 263, 556, 263, 395, 732, 
692, 702, 9, -697, 341, 356, 444, 258, 551, 253, 390, 727, 
692, 697, 4, -695, 344, 351, 444, 248, 546, 248, 390, 722, 
678, 702, 24, -690, 326, 363, 448, 239, 536, 258, 385, 727, 
678, 697, 19, -688, 329, 358, 444, 234, 531, 258, 380, 727, 
673, 697, 24, -685, 324, 361, 444, 229, 527, 253, 375, 727, 
673, 697, 24, -685, 324, 361, 444, 219, 522, 248, 375, 727, 
683, 683, 0, -683, 341, 341, 444, 229, 517, 239, 366, 712, 
683, 678, -4, -680, 344, 336, 439, 224, 512, 229, 366, 712, 
683, 678, -4, -680, 344, 336, 439, 214, 512, 224, 366, 712, 
678, 673, -4, -675, 341, 334, 439, 209, 512, 214, 361, 707, 
678, 668, -9, -673, 344, 329, 444, 209, 507, 209, 356, 707, 
678, 668, -9, -673, 344, 329, 444, 204, 502, 209, 351, 707, 
678, 663, -14, -671, 346, 324, 444, 204, 497, 204, 346, 707, 
678, 663, -14, -671, 346, 324, 439, 200, 492, 204, 331, 702, 
683, 653, -29, -668, 356, 312, 439, 195, 492, 209, 341, 712, 
683, 649, -34, -666, 358, 307, 439, 195, 492, 209, 341, 712, 
683, 649, -34, -666, 358, 307, 439, 195, 488, 204, 341, 712, 
683, 649, -34, -666, 358, 307, 434, 190, 488, 204, 331, 707, 
678, 649, -29, -663, 353, 309, 434, 180, 488, 204, 341, 717, 
678, 644, -34, -661, 356, 305, 434, 180, 483, 204, 341, 717, 
678, 639, -39, -658, 358, 300, 434, 180, 483, 200, 341, 717, 
678, 639, -39, -658, 358, 300, 429, 180, 478, 200, 336, 717, 
668, 634, -34, -651, 351, 300, 439, 185, 478, 195, 336, 712, 
668, 634, -34, -651, 351, 300, 439, 185, 478, 195, 336, 712, 
668, 634, -34, -651, 351, 300, 444, 185, 478, 195, 336, 712, 
663, 634, -29, -649, 346, 302, 444, 185, 478, 200, 336, 717, 
673, 629, -43, -651, 358, 292, 434, 185, 488, 200, 326, 717, 
673, 629, -43, -651, 358, 292, 434, 185, 488, 195, 326, 717, 
673, 629, -43, -651, 358, 292, 434, 190, 488, 195, 326, 717, 
673, 629, -43, -651, 358, 292, 434, 190, 488, 195, 326, 717, 
673, 629, -43, -651, 358, 292, 434, 185, 488, 200, 336, 717, 
673, 629, -43, -651, 358, 292, 434, 185, 488, 200, 336, 717, 
673, 629, -43, -651, 358, 292, 439, 190, 488, 204, 336, 717, 
673, 629, -43, -651, 358, 292, 439, 190, 488, 209, 336, 722, 
673, 639, -34, -656, 353, 302, 434, 190, 488, 200, 326, 722, 
673, 639, -34, -656, 353, 302, 434, 190, 488, 200, 326, 727, 
673, 639, -34, -656, 353, 302, 434, 190, 488, 200, 331, 727, 
668, 639, -29, -653, 348, 305, 434, 190, 488, 204, 331, 727, 
658, 649, -9, -653, 334, 319, 434, 190, 492, 195, 336, 727, 
663, 649, -14, -656, 339, 317, 434, 190, 492, 200, 336, 727, 
663, 649, -14, -656, 339, 317, 434, 185, 492, 200, 336, 727, 
663, 653, -9, -658, 336, 322, 434, 185, 492, 200, 336, 727, 
673, 649, -24, -661, 348, 312, 434, 180, 492, 209, 336, 732, 
673, 644, -29, -658, 351, 307, 434, 180, 492, 209, 336, 732, 
673, 639, -34, -656, 353, 302, 429, 180, 492, 209, 336, 732, 
673, 634, -39, -653, 356, 297, 429, 180, 497, 209, 336, 732, 
673, 639, -34, -656, 353, 302, 429, 180, 497, 219, 346, 741, 
673, 644, -29, -658, 351, 307, 429, 180, 502, 219, 346, 741, 
673, 649, -24, -661, 348, 312, 429, 175, 502, 219, 346, 741, 
673, 653, -19, -663, 346, 317, 429, 175, 502, 219, 346, 741, 
673, 658, -14, -666, 344, 322, 429, 190, 502, 214, 351, 751, 
673, 658, -14, -666, 344, 322, 429, 190, 502, 214, 351, 751, 
673, 658, -14, -666, 344, 322, 429, 185, 502, 214, 351, 751, 
673, 668, -4, -671, 339, 331, 429, 185, 502, 214, 351, 751, 
673, 668, -4, -671, 339, 331, 429, 185, 502, 229, 346, 766, 
673, 663, -9, -668, 341, 326, 429, 185, 502, 229, 351, 766, 
673, 663, -9, -668, 341, 326, 429, 185, 502, 229, 351, 761, 
673, 663, -9, -668, 341, 326, 429, 180, 507, 229, 351, 761, 
683, 678, -4, -680, 344, 336, 429, 180, 507, 229, 341, 751, 
683, 678, -4, -680, 344, 336, 429, 180, 507, 234, 346, 761, 
683, 678, -4, -680, 344, 336, 429, 180, 517, 239, 346, 761, 
683, 683, 0, -683, 341, 341, 429, 180, 517, 239, 346, 761, 
673, 688, 14, -680, 329, 351, 429, 180, 512, 229, 356, 761, 
673, 688, 14, -680, 329, 351, 429, 185, 512, 229, 356, 761, 
673, 688, 14, -680, 329, 351, 429, 185, 512, 229, 356, 766, 
673, 688, 14, -680, 329, 351, 429, 185, 512, 229, 356, 766, 
673, 697, 24, -685, 324, 361, 429, 175, 512, 244, 366, 771, 
673, 692, 19, -683, 326, 356, 429, 175, 522, 244, 366, 771, 
673, 692, 19, -683, 326, 356, 424, 175, 522, 244, 361, 771, 
673, 692, 19, -683, 326, 356, 424, 175, 522, 244, 361, 771, 
673, 692, 19, -683, 326, 356, 424, 185, 522, 239, 356, 761, 
673, 692, 19, -683, 326, 356, 424, 185, 522, 234, 351, 761, 
673, 697, 24, -685, 324, 361, 424, 185, 522, 229, 346, 761, 
673, 697, 24, -685, 324, 361, 424, 185, 522, 224, 341, 761, 
678, 702, 24, -690, 326, 363, 424, 175, 512, 234, 341, 761, 
683, 702, 19, -692, 331, 361, 424, 175, 512, 234, 341, 761, 
688, 702, 14, -695, 336, 358, 424, 170, 512, 234, 346, 766, 
692, 702, 9, -697, 341, 356, 424, 170, 512, 234, 346, 766, 
683, 697, 14, -690, 334, 356, 424, 180, 522, 234, 356, 766, 
683, 697, 14, -690, 334, 356, 424, 180, 522, 234, 356, 766, 
683, 697, 14, -690, 334, 356, 424, 180, 522, 239, 356, 766, 
683, 692, 9, -688, 336, 351, 424, 180, 522, 239, 356, 766, 
683, 692, 9, -688, 336, 351, 424, 180, 512, 229, 346, 766, 
678, 692, 14, -685, 331, 353, 424, 180, 512, 229, 346, 766, 
678, 692, 14, -685, 331, 353, 424, 180, 517, 229, 351, 766, 
678, 692, 14, -685, 331, 353, 424, 180, 517, 229, 351, 761, 
673, 702, 29, -688, 322, 366, 414, 170, 517, 239, 346, 761, 
673, 702, 29, -688, 322, 366, 414, 170, 512, 234, 346, 761, 
673, 702, 29, -688, 322, 366, 414, 170, 512, 234, 346, 761, 
673, 702, 29, -688, 322, 366, 414, 170, 512, 234, 346, 761, 
673, 707, 34, -690, 319, 370, 414, 161, 502, 234, 351, 771, 
673, 712, 39, -692, 317, 375, 414, 161, 502, 234, 351, 771, 
673, 717, 43, -695, 314, 380, 414, 161, 502, 234, 351, 771, 
673, 722, 48, -697, 312, 385, 414, 161, 502, 234, 346, 771, 
683, 722, 39, -702, 322, 380, 405, 151, 502, 234, 346, 771, 
683, 722, 39, -702, 322, 380, 405, 151, 502, 234, 346, 771, 
683, 722, 39, -702, 322, 380, 409, 146, 497, 234, 346, 771, 
683, 722, 39, -702, 322, 380, 409, 146, 497, 234, 346, 771, 
683, 707, 24, -695, 329, 366, 409, 156, 497, 224, 346, 771, 
678, 707, 29, -692, 324, 368, 414, 156, 497, 224, 341, 771, 
678, 707, 29, -692, 324, 368, 424, 156, 497, 224, 331, 771, 
673, 702, 29, -688, 322, 366, 429, 156, 497, 224, 326, 771, 
673, 702, 29, -688, 322, 366, 429, 156, 507, 214, 336, 771, 
673, 702, 29, -688, 322, 366, 424, 156, 507, 214, 336, 771, 
678, 702, 24, -690, 326, 363, 424, 156, 507, 214, 336, 771, 
678, 702, 24, -690, 326, 363, 424, 156, 507, 209, 336, 771, 
678, 702, 24, -690, 326, 363, 424, 156, 497, 209, 326, 761, 
678, 702, 24, -690, 326, 363, 424, 156, 497, 209, 326, 761, 
678, 702, 24, -690, 326, 363, 424, 156, 497, 209, 326, 761, 
678, 702, 24, -690, 326, 363, 424, 151, 497, 209, 326, 761, 
673, 702, 29, -688, 322, 366, 424, 151, 497, 209, 326, 771, 
673, 697, 24, -685, 324, 361, 429, 151, 492, 209, 326, 771, 
673, 697, 24, -685, 324, 361, 429, 151, 492, 209, 326, 766, 
678, 697, 19, -688, 329, 358, 429, 151, 492, 209, 326, 766, 
678, 702, 24, -690, 326, 363, 419, 151, 502, 214, 317, 766, 
673, 707, 34, -690, 319, 370, 419, 151, 502, 214, 317, 766, 
673, 712, 39, -692, 317, 375, 419, 151, 502, 214, 317, 766, 
673, 712, 39, -692, 317, 375, 414, 151, 502, 214, 312, 766, 
678, 712, 34, -695, 322, 373, 424, 151, 492, 214, 312, 756, 
678, 712, 34, -695, 322, 373, 424, 151, 497, 214, 312, 761, 
673, 712, 39, -692, 317, 375, 424, 151, 497, 214, 317, 761, 
673, 712, 39, -692, 317, 375, 424, 146, 497, 214, 317, 761, 
683, 712, 29, -697, 326, 370, 424, 146, 492, 214, 317, 771, 
683, 712, 29, -697, 326, 370, 424, 146, 492, 214, 317, 766, 
683, 712, 29, -697, 326, 370, 424, 146, 492, 214, 317, 766, 
683, 707, 24, -695, 329, 366, 424, 146, 492, 214, 312, 766, 
673, 697, 24, -685, 324, 361, 414, 141, 492, 214, 317, 766, 
673, 692, 19, -683, 326, 356, 414, 141, 492, 214, 317, 766, 
673, 692, 19, -683, 326, 356, 414, 141, 488, 214, 317, 761, 
668, 697, 29, -683, 319, 363, 414, 141, 488, 214, 307, 761, 
668, 707, 39, -688, 314, 373, 414, 146, 488, 209, 307, 761, 
668, 702, 34, -685, 317, 368, 414, 146, 488, 209, 307, 761, 
673, 702, 29, -688, 322, 366, 414, 141, 488, 209, 307, 761, 
673, 707, 34, -690, 319, 370, 409, 141, 483, 209, 307, 761, 
673, 707, 34, -690, 319, 370, 409, 141, 483, 219, 312, 761, 
673, 707, 34, -690, 319, 370, 414, 141, 483, 219, 312, 761, 
673, 707, 34, -690, 319, 370, 414, 141, 483, 219, 312, 761, 
673, 702, 29, -688, 322, 366, 414, 141, 483, 219, 307, 761, 
673, 692, 19, -683, 326, 356, 414, 141, 483, 209, 307, 761, 
673, 692, 19, -683, 326, 356, 414, 141, 483, 209, 307, 761, 
673, 697, 24, -685, 324, 361, 414, 146, 483, 214, 307, 766, 
673, 697, 24, -685, 324, 361, 414, 146, 483, 214, 312, 766, 
673, 707, 34, -690, 319, 370, 414, 146, 483, 204, 307, 766, 
673, 707, 34, -690, 319, 370, 414, 146, 483, 200, 307, 766, 
668, 707, 39, -688, 314, 373, 414, 141, 483, 200, 302, 766, 
668, 707, 39, -688, 314, 373, 414, 141, 483, 200, 292, 766, 
678, 717, 39, -697, 319, 378, 414, 131, 483, 209, 292, 756, 
678, 717, 39, -697, 319, 378, 414, 131, 483, 209, 297, 756, 
678, 712, 34, -695, 322, 373, 414, 131, 483, 209, 297, 756, 
678, 712, 34, -695, 322, 373, 414, 131, 483, 209, 297, 756, 
678, 717, 39, -697, 319, 378, 424, 141, 483, 209, 292, 756, 
683, 712, 29, -697, 326, 370, 419, 146, 488, 204, 292, 761, 
683, 722, 39, -702, 322, 380, 409, 136, 488, 204, 292, 761, 
683, 722, 39, -702, 322, 380, 409, 136, 488, 204, 292, 761, 
683, 722, 39, -702, 322, 380, 409, 136, 488, 204, 292, 761, 
683, 722, 39, -702, 322, 380, 409, 136, 488, 204, 292, 761, 
678, 722, 43, -700, 317, 383, 419, 136, 478, 200, 292, 766, 
673, 717, 43, -695, 314, 380, 419, 136, 478, 200, 292, 766, 
668, 717, 48, -692, 309, 383, 419, 136, 478, 204, 297, 766, 
663, 717, 53, -690, 305, 385, 419, 136, 478, 204, 297, 766, 
663, 707, 43, -685, 309, 375, 419, 136, 478, 204, 287, 756, 
663, 712, 48, -688, 307, 380, 419, 141, 478, 200, 283, 761, 
663, 712, 48, -688, 307, 380, 419, 141, 483, 195, 283, 761, 
663, 712, 48, -688, 307, 380, 419, 141, 483, 185, 283, 761, 
668, 712, 43, -690, 312, 378, 419, 141, 492, 190, 283, 761, 
673, 717, 43, -695, 314, 380, 419, 136, 492, 200, 287, 761, 
678, 722, 43, -700, 317, 383, 419, 136, 497, 204, 287, 761, 
683, 727, 43, -705, 319, 385, 419, 136, 497, 209, 287, 761, 
683, 736, 53, -710, 314, 395, 409, 141, 502, 224, 302, 771, 
683, 746, 63, -714, 309, 405, 409, 141, 507, 224, 302, 775, 
683, 751, 68, -717, 307, 409, 409, 141, 512, 234, 307, 775, 
683, 756, 73, -719, 305, 414, 409, 141, 512, 234, 312, 785, 
688, 766, 78, -727, 305, 422, 409, 141, 522, 244, 312, 775, 
688, 780, 92, -734, 297, 436, 414, 141, 522, 244, 312, 775, 
688, 790, 102, -739, 292, 446, 414, 141, 527, 244, 312, 775, 
688, 795, 107, -741, 290, 451, 414, 141, 531, 244, 312, 780, 
688, 785, 97, -736, 295, 441, 419, 141, 527, 244, 312, 780, 
688, 785, 97, -736, 295, 441, 424, 141, 527, 248, 317, 780, 
688, 785, 97, -736, 295, 441, 424, 141, 531, 248, 317, 785, 
688, 790, 102, -739, 292, 446, 424, 141, 531, 248, 317, 785, 
688, 790, 102, -739, 292, 446, 429, 141, 531, 239, 317, 785, 
688, 790, 102, -739, 292, 446, 429, 151, 531, 244, 317, 785, 
692, 790, 97, -741, 297, 444, 439, 161, 536, 248, 322, 790, 
697, 795, 97, -746, 300, 446, 429, 161, 541, 248, 322, 790, 
707, 814, 107, -761, 300, 461, 424, 151, 541, 253, 326, 790, 
707, 819, 112, -763, 297, 466, 419, 146, 541, 258, 331, 800, 
707, 829, 122, -768, 292, 475, 419, 141, 546, 263, 336, 800, 
717, 829, 112, -773, 302, 470, 414, 141, 546, 263, 336, 800, 
707, 819, 112, -763, 297, 466, 405, 141, 546, 263, 331, 805, 
712, 814, 102, -763, 305, 458, 395, 141, 541, 263, 331, 805, 
712, 810, 97, -761, 307, 453, 385, 136, 536, 258, 326, 800, 
707, 810, 102, -758, 302, 456, 385, 136, 531, 258, 322, 800, 
717, 810, 92, -763, 312, 451, 375, 136, 536, 244, 331, 805, 
717, 810, 92, -763, 312, 451, 370, 131, 531, 234, 331, 805, 
722, 810, 87, -766, 317, 448, 366, 126, 531, 234, 326, 805, 
722, 805, 82, -763, 319, 444, 366, 122, 522, 234, 326, 805, 
722, 805, 82, -763, 319, 444, 375, 122, 512, 239, 317, 800, 
727, 800, 73, -763, 326, 436, 375, 131, 512, 239, 312, 800, 
732, 800, 68, -766, 331, 434, 380, 136, 512, 244, 312, 800, 
732, 795, 63, -763, 334, 429, 380, 136, 512, 244, 317, 800, 
736, 800, 63, -768, 336, 431, 370, 126, 502, 229, 317, 800, 
736, 795, 58, -766, 339, 427, 375, 126, 502, 224, 317, 800, 
736, 790, 53, -763, 341, 422, 375, 126, 497, 224, 312, 800, 
732, 790, 58, -761, 336, 424, 375, 131, 497, 224, 307, 800, 
722, 775, 53, -749, 334, 414, 390, 146, 502, 224, 307, 805, 
717, 775, 58, -746, 329, 417, 400, 146, 502, 224, 307, 805, 
707, 775, 68, -741, 319, 422, 400, 146, 502, 224, 307, 805, 
707, 766, 58, -736, 324, 412, 400, 141, 497, 224, 307, 805, 
702, 761, 58, -732, 322, 409, 400, 131, 497, 229, 292, 795, 
697, 756, 58, -727, 319, 407, 409, 131, 492, 229, 292, 790, 
688, 756, 68, -722, 309, 412, 409, 131, 492, 219, 283, 780, 
678, 746, 68, -712, 305, 407, 409, 131, 492, 219, 283, 775, 
673, 732, 58, -702, 307, 395, 405, 126, 488, 204, 283, 785, 
668, 722, 53, -695, 307, 387, 405, 126, 483, 204, 278, 780, 
663, 712, 48, -688, 307, 380, 405, 126, 478, 200, 268, 775, 
663, 707, 43, -685, 309, 375, 409, 126, 478, 195, 268, 771, 
673, 717, 43, -695, 314, 380, 409, 131, 478, 190, 263, 771, 
668, 712, 43, -690, 312, 378, 409, 131, 478, 185, 258, 766, 
668, 712, 43, -690, 312, 378, 409, 131, 478, 185, 253, 766, 
668, 707, 39, -688, 314, 373, 409, 126, 473, 180, 248, 766, 
668, 712, 43, -690, 312, 378, 409, 117, 468, 190, 258, 751, 
668, 707, 39, -688, 314, 373, 409, 117, 463, 190, 263, 751, 
663, 707, 43, -685, 309, 375, 409, 117, 463, 185, 263, 751, 
663, 702, 39, -683, 312, 370, 409, 112, 463, 180, 253, 751, 
673, 697, 24, -685, 324, 361, 419, 122, 463, 165, 244, 746, 
668, 692, 24, -680, 322, 358, 419, 122, 463, 165, 244, 746, 
668, 692, 24, -680, 322, 358, 419, 126, 463, 165, 244, 746, 
668, 692, 24, -680, 322, 358, 424, 126, 458, 165, 239, 746, 
668, 683, 14, -675, 326, 348, 424, 112, 458, 165, 239, 751, 
658, 683, 24, -671, 317, 353, 424, 112, 458, 165, 239, 751, 
658, 678, 19, -668, 319, 348, 424, 117, 458, 165, 239, 751, 
668, 678, 9, -673, 329, 344, 429, 117, 463, 165, 239, 751, 
663, 678, 14, -671, 324, 346, 429, 126, 463, 170, 239, 741, 
653, 673, 19, -663, 317, 346, 429, 126, 463, 170, 234, 736, 
644, 673, 29, -658, 307, 351, 429, 126, 463, 170, 234, 736, 
639, 673, 34, -656, 302, 353, 434, 126, 463, 165, 234, 741, 
644, 673, 29, -658, 307, 351, 434, 122, 468, 165, 234, 732, 
644, 668, 24, -656, 309, 346, 429, 122, 468, 161, 234, 727, 
639, 668, 29, -653, 305, 348, 429, 117, 463, 161, 234, 727, 
639, 668, 29, -653, 305, 348, 429, 107, 463, 165, 234, 727, 
639, 673, 34, -656, 302, 353, 434, 107, 458, 156, 224, 727, 
639, 678, 39, -658, 300, 358, 434, 102, 463, 161, 229, 727, 
639, 678, 39, -658, 300, 358, 429, 97, 473, 165, 234, 732, 
634, 678, 43, -656, 295, 361, 429, 97, 478, 175, 234, 736, 
624, 688, 63, -656, 280, 375, 434, 107, 478, 185, 248, 736, 
624, 688, 63, -656, 280, 375, 453, 141, 488, 195, 258, 741, 
639, 697, 58, -668, 290, 378, 463, 175, 512, 214, 268, 746, 
653, 697, 43, -675, 305, 370, 453, 185, 522, 234, 278, 751, 
683, 697, 14, -690, 334, 356, 400, 126, 473, 224, 292, 766, 
717, 717, 0, -717, 358, 358, 302, 43, 400, 224, 312, 780, 
761, 732, -29, -746, 395, 351, 190, -39, 331, 234, 356, 810, 
810, 736, -73, -773, 441, 331, 92, -107, 273, 253, 385, 834, 
863, 756, -107, -810, 485, 324, 14, -151, 224, 273, 424, 868, 
927, 805, -122, -866, 524, 341, -73, -204, 204, 322, 497, 912, 
990, 873, -117, -932, 553, 378, -200, -297, 180, 395, 585, 985, 
1054, 936, -117, -995, 585, 409, -317, -390, 161, 468, 673, 1054, 
1102, 980, -122, -1041, 612, 429, -409, -478, 146, 527, 727, 1112, 
1146, 1005, -141, -1076, 644, 431, -478, -546, 126, 556, 771, 1132, 
1185, 1005, -180, -1095, 683, 412, -541, -585, 102, 566, 785, 1146, 
1210, 971, -239, -1090, 724, 366, -561, -595, 63, 541, 775, 1146, 
1220, 927, -292, -1073, 756, 317, -551, -585, 9, 448, 717, 1107, 
1239, 844, -395, -1041, 817, 224, -541, -575, -78, 312, 619, 1063, 
1229, 702, -527, -966, 878, 87, -497, -517, -195, 122, 468, 971, 
1220, 527, -692, -873, 956, -82, -419, -419, -317, -107, 263, 844, 
1215, 385, -829, -800, 1022, -222, -370, -366, -429, -307, 92, 732, 
1190, 268, -922, -729, 1056, -326, -317, -326, -502, -434, -24, 644, 
1151, 185, -966, -668, 1058, -390, -248, -278, -527, -497, -107, 580, 
1132, 151, -980, -641, 1056, -414, -175, -209, -483, -502, -136, 546, 
1107, 170, -936, -639, 1022, -383, -78, -136, -400, -468, -136, 536, 
1078, 195, -883, -636, 980, -344, 14, -68, -317, -434, -131, 536, 
1039, 214, -824, -627, 932, -305, 87, -29, -244, -405, -122, 527, 
1015, 234, -780, -624, 897, -273, 156, -4, -190, -385, -107, 531, 
980, 244, -736, -612, 858, -246, 209, 24, -136, -356, -97, 536, 
951, 263, -688, -607, 819, -212, 248, 43, -68, -307, -63, 541, 
932, 302, -629, -617, 780, -163, 263, 58, -19, -248, -34, 556, 
897, 341, -556, -619, 727, -107, 278, 53, 39, -200, -14, 566, 
863, 351, -512, -607, 688, -80, 302, 73, 87, -161, 0, 566, 
829, 375, -453, -602, 641, -39, 336, 92, 146, -112, 29, 580, 
785, 414, -370, -600, 578, 21, 370, 112, 209, -63, 58, 600, 
746, 458, -287, -602, 517, 85, 395, 117, 263, -29, 82, 610, 
727, 492, -234, -610, 480, 129, 409, 112, 307, -14, 97, 639, 
702, 527, -175, -614, 439, 175, 419, 117, 336, 9, 122, 649, 
688, 541, -146, -614, 417, 197, 434, 117, 361, 34, 151, 668, 
688, 570, -117, -629, 402, 226, 439, 122, 385, 63, 170, 692, 
683, 590, -92, -636, 387, 248, 439, 122, 390, 92, 190, 702, 
668, 605, -63, -636, 366, 270, 429, 122, 395, 97, 200, 702, 
668, 610, -58, -639, 363, 275, 434, 126, 414, 107, 200, 717, 
658, 619, -39, -639, 348, 290, 448, 131, 424, 117, 200, 712, 
649, 624, -24, -636, 336, 300, 448, 136, 439, 122, 200, 707, 
644, 624, -19, -634, 331, 302, 458, 146, 453, 126, 200, 717, 
644, 639, -4, -641, 324, 317, 468, 141, 463, 131, 204, 722, 
639, 649, 9, -644, 314, 329, 478, 146, 468, 136, 209, 712, 
639, 649, 9, -644, 314, 329, 478, 146, 473, 141, 209, 717, 
639, 649, 9, -644, 314, 329, 478, 146, 473, 141, 209, 717, 
639, 649, 9, -644, 314, 329, 478, 146, 468, 141, 214, 717, 
639, 653, 14, -646, 312, 334, 478, 141, 468, 141, 224, 727, 
639, 653, 14, -646, 312, 334, 478, 141, 468, 146, 224, 727, 
634, 653, 19, -644, 307, 336, 478, 141, 468, 151, 224, 727, 
634, 653, 19, -644, 307, 336, 478, 151, 478, 151, 229, 727, 
629, 649, 19, -639, 305, 334, 478, 151, 488, 151, 219, 717, 
629, 649, 19, -639, 305, 334, 478, 151, 492, 151, 219, 727, 
629, 649, 19, -639, 305, 334, 483, 151, 497, 156, 224, 732, 
629, 649, 19, -639, 305, 334, 488, 151, 502, 156, 229, 732, 
634, 658, 24, -646, 305, 341, 488, 156, 507, 165, 219, 722, 
634, 663, 29, -649, 302, 346, 488, 156, 507, 165, 219, 722, 
634, 663, 29, -649, 302, 346, 488, 156, 502, 165, 219, 717, 
634, 663, 29, -649, 302, 346, 492, 156, 497, 161, 214, 717, 
634, 663, 29, -649, 302, 346, 492, 151, 497, 161, 214, 717, 
634, 668, 34, -651, 300, 351, 488, 151, 507, 170, 214, 717, 
634, 668, 34, -651, 300, 351, 488, 151, 507, 170, 214, 717, 
634, 668, 34, -651, 300, 351, 488, 151, 507, 170, 219, 717, 
624, 663, 39, -644, 292, 351, 488, 156, 512, 165, 219, 717, 
624, 658, 34, -641, 295, 346, 492, 161, 512, 161, 219, 717, 
624, 653, 29, -639, 297, 341, 497, 161, 517, 156, 219, 722, 
624, 649, 24, -636, 300, 336, 497, 161, 517, 156, 219, 722, 
624, 658, 34, -641, 295, 346, 497, 161, 517, 156, 229, 722, 
624, 658, 34, -641, 295, 346, 497, 161, 517, 156, 229, 722, 
624, 658, 34, -641, 295, 346, 502, 165, 517, 156, 229, 722, 
624, 663, 39, -644, 292, 351, 502, 165, 517, 156, 224, 722, 
614, 673, 58, -644, 278, 366, 507, 156, 517, 156, 224, 722, 
614, 673, 58, -644, 278, 366, 507, 156, 517, 161, 224, 722, 
614, 668, 53, -641, 280, 361, 512, 161, 517, 161, 224, 717, 
614, 668, 53, -641, 280, 361, 512, 161, 522, 161, 224, 717, 
619, 668, 48, -644, 285, 358, 502, 161, 517, 161, 224, 717, 
624, 668, 43, -646, 290, 356, 502, 161, 517, 161, 224, 717, 
629, 668, 39, -649, 295, 353, 502, 161, 517, 161, 224, 717, 
634, 668, 34, -651, 300, 351, 502, 161, 517, 161, 224, 717, 
634, 668, 34, -651, 300, 351, 502, 165, 522, 151, 224, 707, 
629, 668, 39, -649, 295, 353, 502, 165, 522, 151, 224, 712, 
629, 673, 43, -651, 292, 358, 502, 170, 522, 156, 224, 712, 
634, 673, 39, -653, 297, 356, 507, 170, 517, 156, 224, 712, 
624, 663, 39, -644, 292, 351, 507, 185, 527, 165, 224, 712, 
624, 663, 39, -644, 292, 351, 507, 185, 527, 165, 224, 712, 
619, 663, 43, -641, 287, 353, 507, 185, 531, 170, 224, 712, 
619, 663, 43, -641, 287, 353, 507, 185, 531, 170, 229, 712, 
619, 663, 43, -641, 287, 353, 517, 180, 536, 165, 229, 722, 
619, 663, 43, -641, 287, 353, 522, 180, 536, 165, 229, 722, 
619, 663, 43, -641, 287, 353, 522, 180, 541, 170, 234, 717, 
624, 663, 39, -644, 292, 351, 522, 185, 541, 175, 234, 717, 
624, 663, 39, -644, 292, 351, 512, 185, 541, 165, 234, 717, 
624, 673, 48, -649, 287, 361, 512, 185, 541, 165, 234, 727, 
624, 673, 48, -649, 287, 361, 517, 190, 541, 165, 234, 727, 
624, 668, 43, -646, 290, 356, 522, 195, 546, 165, 234, 732, 
634, 668, 34, -651, 300, 351, 522, 195, 546, 175, 234, 722, 
634, 673, 39, -653, 297, 356, 522, 195, 546, 175, 234, 722, 
634, 673, 39, -653, 297, 356, 522, 200, 546, 175, 234, 722, 
629, 673, 43, -651, 292, 358, 522, 200, 551, 180, 234, 722, 
619, 683, 63, -651, 278, 373, 527, 200, 551, 180, 244, 732, 
619, 688, 68, -653, 275, 378, 527, 209, 551, 180, 244, 732, 
619, 688, 68, -653, 275, 378, 527, 209, 556, 180, 248, 732, 
619, 692, 73, -656, 273, 383, 527, 214, 556, 180, 248, 727, 
619, 692, 73, -656, 273, 383, 531, 209, 561, 170, 239, 717, 
619, 692, 73, -656, 273, 383, 531, 214, 561, 170, 239, 717, 
624, 688, 63, -656, 280, 375, 531, 219, 561, 170, 239, 717, 
624, 688, 63, -656, 280, 375, 536, 224, 561, 170, 239, 717, 
624, 683, 58, -653, 283, 370, 536, 234, 570, 185, 239, 722, 
624, 683, 58, -653, 283, 370, 546, 239, 570, 190, 244, 722, 
624, 688, 63, -656, 280, 375, 546, 244, 570, 195, 244, 722, 
624, 688, 63, -656, 280, 375, 546, 248, 580, 195, 244, 727, 
634, 697, 63, -666, 285, 380, 546, 253, 585, 185, 248, 727, 
634, 702, 68, -668, 283, 385, 551, 258, 585, 190, 248, 727, 
634, 707, 73, -671, 280, 390, 551, 263, 585, 190, 244, 727, 
634, 712, 78, -673, 278, 395, 556, 268, 585, 190, 244, 727, 
634, 702, 68, -668, 283, 385, 561, 263, 590, 190, 253, 727, 
634, 712, 78, -673, 278, 395, 561, 268, 595, 195, 253, 736, 
634, 712, 78, -673, 278, 395, 561, 273, 600, 200, 258, 736, 
634, 712, 78, -673, 278, 395, 561, 283, 600, 204, 263, 732, 
634, 712, 78, -673, 278, 395, 570, 287, 610, 204, 263, 722, 
634, 717, 82, -675, 275, 400, 575, 302, 614, 204, 263, 727, 
634, 717, 82, -675, 275, 400, 575, 307, 614, 214, 263, 727, 
639, 722, 82, -680, 278, 402, 580, 312, 619, 219, 263, 732, 
639, 727, 87, -683, 275, 407, 585, 317, 624, 219, 268, 741, 
649, 732, 82, -690, 283, 407, 585, 326, 629, 219, 268, 736, 
653, 736, 82, -695, 285, 409, 585, 336, 634, 219, 273, 736, 
653, 741, 87, -697, 283, 414, 590, 341, 639, 229, 278, 746, 
644, 746, 102, -695, 270, 424, 600, 361, 653, 234, 287, 746, 
644, 746, 102, -695, 270, 424, 600, 366, 658, 239, 287, 746, 
644, 751, 107, -697, 268, 429, 600, 375, 663, 239, 292, 751, 
644, 756, 112, -700, 265, 434, 605, 380, 668, 244, 302, 751, 
644, 761, 117, -702, 263, 439, 605, 380, 673, 248, 307, 756, 
644, 761, 117, -702, 263, 439, 605, 385, 678, 253, 307, 756, 
644, 766, 122, -705, 261, 444, 605, 390, 683, 253, 307, 756, 
644, 766, 122, -705, 261, 444, 605, 400, 683, 253, 307, 761, 
649, 756, 107, -702, 270, 431, 605, 405, 688, 248, 307, 761, 
649, 766, 117, -707, 265, 441, 605, 409, 692, 248, 307, 761, 
649, 766, 117, -707, 265, 441, 605, 414, 692, 258, 312, 766, 
649, 766, 117, -707, 265, 441, 605, 419, 692, 258, 322, 766, 
668, 775, 107, -722, 280, 441, 605, 424, 697, 258, 322, 766, 
668, 785, 117, -727, 275, 451, 605, 424, 697, 258, 322, 771, 
673, 790, 117, -732, 278, 453, 605, 429, 697, 263, 322, 771, 
678, 790, 112, -734, 283, 451, 600, 429, 697, 263, 326, 771, 
673, 795, 122, -734, 275, 458, 600, 434, 697, 273, 331, 780, 
673, 795, 122, -734, 275, 458, 600, 434, 697, 273, 331, 785, 
673, 795, 122, -734, 275, 458, 600, 434, 697, 278, 336, 785, 
673, 800, 126, -736, 273, 463, 600, 439, 702, 278, 336, 790, 
673, 790, 117, -732, 278, 453, 600, 439, 692, 278, 336, 780, 
678, 790, 112, -734, 283, 451, 595, 439, 692, 273, 331, 780, 
678, 790, 112, -734, 283, 451, 595, 439, 692, 268, 331, 780, 
678, 790, 112, -734, 283, 451, 590, 439, 688, 263, 336, 780, 
678, 780, 102, -729, 287, 441, 595, 429, 688, 263, 336, 780, 
678, 785, 107, -732, 285, 446, 590, 429, 688, 258, 336, 780, 
678, 785, 107, -732, 285, 446, 585, 419, 688, 258, 336, 780, 
678, 780, 102, -729, 287, 441, 580, 414, 683, 258, 336, 780, 
683, 780, 97, -732, 292, 439, 575, 409, 678, 268, 336, 780, 
683, 780, 97, -732, 292, 439, 570, 400, 673, 263, 336, 780, 
683, 780, 97, -732, 292, 439, 561, 385, 668, 263, 336, 785, 
678, 780, 102, -729, 287, 441, 556, 370, 663, 258, 336, 785, 
678, 780, 102, -729, 287, 441, 551, 356, 663, 258, 336, 775, 
678, 780, 102, -729, 287, 441, 541, 341, 658, 258, 336, 775, 
678, 775, 97, -727, 290, 436, 536, 326, 653, 253, 331, 775, 
678, 766, 87, -722, 295, 427, 527, 312, 644, 244, 331, 775, 
668, 756, 87, -712, 290, 422, 522, 307, 639, 234, 341, 775, 
668, 751, 82, -710, 292, 417, 517, 292, 629, 229, 336, 771, 
663, 751, 87, -707, 287, 419, 507, 278, 624, 229, 336, 771, 
663, 746, 82, -705, 290, 414, 502, 268, 614, 224, 331, 771, 
673, 751, 78, -712, 297, 414, 497, 253, 610, 219, 317, 771, 
668, 746, 78, -707, 295, 412, 497, 244, 605, 214, 317, 766, 
668, 741, 73, -705, 297, 407, 492, 229, 595, 209, 317, 766, 
668, 741, 73, -705, 297, 407, 483, 214, 590, 204, 317, 766, 
658, 722, 63, -690, 297, 392, 483, 214, 585, 200, 312, 761, 
653, 717, 63, -685, 295, 390, 478, 204, 575, 195, 307, 761, 
653, 712, 58, -683, 297, 385, 473, 200, 570, 185, 302, 756, 
653, 707, 53, -680, 300, 380, 473, 190, 566, 180, 302, 751, 
649, 702, 53, -675, 297, 378, 468, 180, 546, 180, 297, 736, 
649, 697, 48, -673, 300, 373, 463, 175, 541, 180, 292, 736, 
644, 697, 53, -671, 295, 375, 463, 170, 536, 175, 287, 736, 
644, 697, 53, -671, 295, 375, 463, 161, 531, 170, 287, 736, 
644, 702, 58, -673, 292, 380, 473, 151, 527, 156, 287, 732, 
644, 697, 53, -671, 295, 375, 468, 146, 522, 151, 287, 732, 
644, 697, 53, -671, 295, 375, 468, 136, 522, 151, 287, 732, 
639, 692, 53, -666, 292, 373, 468, 131, 522, 146, 283, 727, 
639, 678, 39, -658, 300, 358, 463, 141, 527, 151, 283, 727, 
639, 678, 39, -658, 300, 358, 463, 136, 522, 151, 283, 727, 
639, 673, 34, -656, 302, 353, 463, 136, 517, 146, 283, 727, 
639, 673, 34, -656, 302, 353, 458, 131, 512, 146, 273, 722, 
634, 683, 48, -658, 292, 366, 458, 126, 512, 131, 273, 722, 
634, 678, 43, -656, 295, 361, 458, 126, 512, 131, 273, 722, 
634, 678, 43, -656, 295, 361, 458, 126, 507, 126, 273, 722, 
634, 678, 43, -656, 295, 361, 453, 122, 507, 126, 263, 717, 
639, 668, 29, -653, 305, 348, 453, 122, 507, 117, 263, 707, 
639, 663, 24, -651, 307, 344, 453, 122, 502, 117, 263, 707, 
639, 658, 19, -649, 309, 339, 453, 122, 502, 112, 263, 707, 
639, 658, 19, -649, 309, 339, 448, 122, 497, 112, 258, 707, 
639, 653, 14, -646, 312, 334, 448, 117, 497, 107, 258, 712, 
639, 653, 14, -646, 312, 334, 448, 117, 497, 107, 258, 712, 
639, 653, 14, -646, 312, 334, 453, 117, 497, 107, 258, 712, 
634, 653, 19, -644, 307, 336, 453, 117, 497, 112, 258, 717, 
644, 649, 4, -646, 319, 326, 453, 117, 497, 122, 258, 717, 
644, 649, 4, -646, 319, 326, 453, 117, 497, 117, 258, 717, 
644, 649, 4, -646, 319, 326, 453, 122, 497, 117, 258, 717, 
644, 649, 4, -646, 319, 326, 453, 122, 497, 117, 258, 717, 
634, 649, 14, -641, 309, 331, 453, 117, 497, 117, 268, 712, 
634, 649, 14, -641, 309, 331, 453, 117, 497, 112, 268, 707, 
634, 649, 14, -641, 309, 331, 458, 122, 497, 112, 268, 702, 
634, 649, 14, -641, 309, 331, 458, 122, 497, 112, 268, 702, 
634, 649, 14, -641, 309, 331, 453, 112, 497, 112, 268, 702, 
634, 649, 14, -641, 309, 331, 453, 112, 497, 112, 268, 707, 
634, 649, 14, -641, 309, 331, 453, 112, 497, 112, 273, 707, 
629, 649, 19, -639, 305, 334, 453, 112, 497, 117, 273, 707, 
629, 649, 19, -639, 305, 334, 453, 122, 502, 117, 278, 707, 
634, 649, 14, -641, 309, 331, 453, 122, 502, 122, 278, 707, 
634, 649, 14, -641, 309, 331, 453, 117, 502, 122, 278, 707, 
634, 653, 19, -644, 307, 336, 453, 117, 502, 122, 278, 707, 
634, 653, 19, -644, 307, 336, 453, 122, 512, 131, 278, 712, 
634, 653, 19, -644, 307, 336, 453, 122, 512, 131, 278, 712, 
634, 653, 19, -644, 307, 336, 448, 122, 512, 131, 278, 712, 
634, 653, 19, -644, 307, 336, 448, 122, 517, 131, 278, 712, 
644, 663, 19, -653, 312, 341, 448, 112, 507, 131, 287, 712, 
644, 663, 19, -653, 312, 341, 448, 112, 512, 131, 287, 712, 
644, 663, 19, -653, 312, 341, 448, 107, 512, 131, 287, 712, 
644, 663, 19, -653, 312, 341, 448, 107, 512, 131, 287, 712, 
634, 658, 24, -646, 305, 341, 448, 112, 512, 136, 292, 722, 
634, 658, 24, -646, 305, 341, 448, 112, 512, 136, 292, 722, 
634, 658, 24, -646, 305, 341, 448, 107, 512, 136, 292, 722, 
634, 668, 34, -651, 300, 351, 448, 107, 512, 136, 292, 722, 
634, 668, 34, -651, 300, 351, 448, 107, 517, 141, 287, 727, 
634, 663, 29, -649, 302, 346, 448, 107, 522, 141, 292, 727, 
634, 663, 29, -649, 302, 346, 448, 107, 527, 141, 292, 722, 
634, 663, 29, -649, 302, 346, 448, 102, 536, 141, 292, 722, 
644, 668, 24, -656, 309, 346, 448, 112, 527, 141, 292, 712, 
644, 668, 24, -656, 309, 346, 448, 112, 527, 146, 297, 722, 
644, 668, 24, -656, 309, 346, 448, 112, 536, 151, 297, 722, 
644, 673, 29, -658, 307, 351, 448, 112, 536, 151, 297, 722, 
644, 668, 24, -656, 309, 346, 448, 102, 531, 151, 307, 712, 
644, 668, 24, -656, 309, 346, 448, 107, 531, 151, 307, 712, 
644, 668, 24, -656, 309, 346, 448, 107, 531, 151, 307, 717, 
644, 668, 24, -656, 309, 346, 448, 107, 531, 151, 307, 717, 
644, 678, 34, -661, 305, 356, 448, 107, 531, 146, 307, 722, 
644, 673, 29, -658, 307, 351, 448, 107, 541, 146, 307, 722, 
644, 673, 29, -658, 307, 351, 444, 107, 541, 146, 302, 722, 
644, 673, 29, -658, 307, 351, 444, 107, 541, 146, 302, 722, 
644, 673, 29, -658, 307, 351, 444, 107, 531, 146, 302, 722, 
644, 673, 29, -658, 307, 351, 444, 107, 531, 146, 302, 722, 
644, 678, 34, -661, 305, 356, 444, 107, 531, 146, 302, 722, 
644, 678, 34, -661, 305, 356, 444, 107, 531, 146, 302, 722, 
634, 668, 34, -651, 300, 351, 453, 117, 531, 146, 302, 712, 
634, 663, 29, -649, 302, 346, 453, 117, 531, 146, 302, 712, 
634, 658, 24, -646, 305, 341, 453, 112, 531, 146, 307, 717, 
634, 653, 19, -644, 307, 336, 453, 112, 531, 146, 307, 717, 
624, 649, 24, -636, 300, 336, 444, 112, 541, 146, 307, 717, 
624, 649, 24, -636, 300, 336, 444, 112, 541, 146, 307, 717, 
624, 649, 24, -636, 300, 336, 444, 112, 541, 151, 307, 717, 
624, 644, 19, -634, 302, 331, 444, 112, 541, 151, 307, 717, 
634, 644, 9, -639, 312, 326, 444, 112, 531, 151, 307, 717, 
629, 644, 14, -636, 307, 329, 444, 112, 531, 151, 307, 717, 
629, 644, 14, -636, 307, 329, 444, 112, 536, 151, 312, 717, 
629, 644, 14, -636, 307, 329, 444, 112, 536, 151, 312, 712, 
634, 653, 19, -644, 307, 336, 453, 112, 546, 161, 317, 722, 
634, 653, 19, -644, 307, 336, 453, 112, 541, 156, 317, 722, 
634, 653, 19, -644, 307, 336, 453, 112, 541, 156, 317, 722, 
634, 653, 19, -644, 307, 336, 453, 112, 541, 156, 317, 722, 
644, 653, 9, -649, 317, 331, 453, 112, 541, 156, 322, 722, 
644, 653, 9, -649, 317, 331, 453, 112, 541, 156, 322, 722, 
644, 653, 9, -649, 317, 331, 453, 112, 541, 156, 322, 722, 
644, 653, 9, -649, 317, 331, 453, 112, 541, 156, 317, 722, 
634, 649, 14, -641, 309, 331, 453, 112, 541, 146, 317, 712, 
634, 644, 9, -639, 312, 326, 453, 112, 541, 146, 317, 712, 
634, 639, 4, -636, 314, 322, 458, 107, 536, 146, 317, 712, 
634, 634, 0, -634, 317, 317, 458, 107, 536, 146, 317, 712, 
644, 639, -4, -641, 324, 317, 444, 107, 536, 146, 322, 702, 
639, 639, 0, -639, 319, 319, 444, 107, 536, 146, 322, 702, 
639, 639, 0, -639, 319, 319, 448, 107, 536, 146, 317, 702, 
634, 634, 0, -634, 317, 317, 448, 107, 536, 146, 317, 702, 
634, 634, 0, -634, 317, 317, 458, 107, 536, 146, 317, 712, 
634, 634, 0, -634, 317, 317, 453, 107, 536, 146, 317, 712, 
639, 634, -4, -636, 322, 314, 453, 107, 536, 146, 317, 712, 
639, 634, -4, -636, 322, 314, 453, 107, 536, 141, 317, 712, 
629, 634, 4, -631, 312, 319, 453, 107, 536, 141, 326, 712, 
629, 634, 4, -631, 312, 319, 453, 107, 536, 141, 326, 712, 
629, 634, 4, -631, 312, 319, 453, 107, 536, 141, 326, 712, 
629, 634, 4, -631, 312, 319, 453, 102, 536, 141, 326, 712, 
634, 624, -9, -629, 322, 307, 453, 112, 536, 141, 317, 712, 
634, 619, -14, -627, 324, 302, 458, 112, 531, 141, 317, 712, 
634, 619, -14, -627, 324, 302, 458, 112, 531, 141, 317, 707, 
639, 619, -19, -629, 329, 300, 458, 112, 531, 141, 317, 707, 
639, 619, -19, -629, 329, 300, 458, 102, 531, 136, 317, 707, 
634, 619, -14, -627, 324, 302, 458, 102, 531, 136, 317, 707, 
634, 619, -14, -627, 324, 302, 458, 102, 531, 136, 317, 707, 
634, 614, -19, -624, 326, 297, 453, 102, 531, 136, 312, 707, 
629, 605, -24, -617, 326, 290, 453, 102, 531, 136, 312, 707, 
629, 605, -24, -617, 326, 290, 453, 102, 536, 136, 312, 712, 
624, 605, -19, -614, 322, 292, 453, 102, 536, 136, 317, 712, 
624, 605, -19, -614, 322, 292, 453, 97, 536, 136, 317, 712, 
624, 614, -9, -619, 317, 302, 453, 97, 522, 136, 317, 712, 
624, 614, -9, -619, 317, 302, 453, 97, 522, 136, 317, 707, 
624, 614, -9, -619, 317, 302, 453, 97, 522, 136, 317, 707, 
624, 610, -14, -617, 319, 297, 453, 97, 522, 136, 312, 707, 
634, 600, -34, -617, 334, 283, 453, 102, 531, 136, 317, 707, 
634, 595, -39, -614, 336, 278, 453, 102, 531, 136, 317, 707, 
634, 595, -39, -614, 336, 278, 453, 102, 527, 136, 317, 702, 
629, 600, -29, -614, 329, 285, 453, 102, 527, 136, 307, 702, 
629, 600, -29, -614, 329, 285, 453, 107, 527, 131, 317, 702, 
629, 595, -34, -612, 331, 280, 453, 107, 527, 131, 317, 702, 
634, 595, -39, -614, 336, 278, 453, 102, 527, 131, 317, 702, 
634, 600, -34, -617, 334, 283, 448, 102, 522, 131, 317, 702, 
634, 600, -34, -617, 334, 283, 448, 92, 522, 131, 312, 702, 
634, 600, -34, -617, 334, 283, 453, 92, 522, 131, 312, 702, 
634, 600, -34, -617, 334, 283, 453, 92, 522, 131, 312, 702, 
634, 595, -39, -614, 336, 278, 453, 92, 522, 131, 307, 702, 
634, 585, -48, -610, 341, 268, 453, 92, 531, 131, 307, 702, 
634, 585, -48, -610, 341, 268, 453, 92, 531, 131, 307, 702, 
634, 590, -43, -612, 339, 273, 453, 97, 531, 136, 307, 707, 
634, 590, -43, -612, 339, 273, 453, 97, 531, 136, 312, 707, 
624, 580, -43, -602, 334, 268, 453, 97, 531, 136, 312, 707, 
624, 580, -43, -602, 334, 268, 453, 97, 531, 131, 317, 707, 
619, 580, -39, -600, 329, 270, 453, 92, 531, 131, 317, 707, 
619, 580, -39, -600, 329, 270, 453, 92, 531, 131, 312, 707, 
619, 590, -29, -605, 324, 280, 453, 102, 522, 131, 302, 697, 
619, 590, -29, -605, 324, 280, 453, 102, 522, 131, 307, 697, 
619, 585, -34, -602, 326, 275, 453, 102, 522, 131, 307, 697, 
619, 585, -34, -602, 326, 275, 453, 102, 522, 131, 307, 697, 
629, 570, -58, -600, 344, 256, 463, 112, 531, 131, 312, 697, 
629, 570, -58, -600, 344, 256, 463, 112, 531, 131, 312, 697, 
634, 575, -58, -605, 346, 258, 458, 107, 536, 126, 312, 692, 
624, 575, -48, -600, 336, 263, 458, 107, 527, 126, 312, 692, 
624, 575, -48, -600, 336, 263, 458, 107, 527, 126, 312, 692, 
624, 575, -48, -600, 336, 263, 458, 107, 527, 126, 312, 692, 
624, 575, -48, -600, 336, 263, 458, 107, 527, 126, 312, 692, 
634, 585, -48, -610, 341, 268, 458, 107, 527, 131, 312, 697, 
634, 580, -53, -607, 344, 263, 458, 107, 527, 131, 312, 697, 
634, 580, -53, -607, 344, 263, 458, 107, 527, 136, 317, 697, 
634, 580, -53, -607, 344, 263, 458, 107, 527, 136, 317, 697, 
634, 580, -53, -607, 344, 263, 458, 97, 527, 131, 326, 697, 
634, 585, -48, -610, 341, 268, 458, 102, 527, 131, 322, 702, 
634, 585, -48, -610, 341, 268, 458, 102, 531, 131, 322, 702, 
634, 585, -48, -610, 341, 268, 458, 102, 531, 126, 322, 702, 
634, 575, -58, -605, 346, 258, 458, 102, 531, 136, 322, 692, 
634, 580, -53, -607, 344, 263, 458, 97, 531, 141, 326, 692, 
634, 585, -48, -610, 341, 268, 458, 97, 536, 141, 326, 692, 
634, 590, -43, -612, 339, 273, 458, 97, 536, 141, 326, 692, 
634, 590, -43, -612, 339, 273, 458, 102, 541, 136, 331, 702, 
634, 600, -34, -617, 334, 283, 458, 102, 546, 136, 331, 707, 
634, 605, -29, -619, 331, 287, 458, 102, 551, 146, 336, 707, 
634, 610, -24, -622, 329, 292, 458, 102, 551, 146, 341, 717, 
639, 605, -34, -622, 336, 285, 458, 112, 561, 165, 341, 717, 
639, 614, -24, -627, 331, 295, 463, 112, 561, 165, 341, 717, 
639, 619, -19, -629, 329, 300, 463, 112, 566, 165, 341, 717, 
639, 619, -19, -629, 329, 300, 463, 112, 570, 165, 341, 722, 
639, 629, -9, -634, 324, 309, 468, 112, 575, 165, 351, 722, 
639, 629, -9, -634, 324, 309, 473, 112, 575, 170, 356, 722, 
639, 629, -9, -634, 324, 309, 473, 112, 580, 170, 356, 727, 
639, 634, -4, -636, 322, 314, 473, 112, 580, 170, 356, 727, 
649, 644, -4, -646, 326, 319, 478, 102, 580, 170, 356, 727, 
649, 644, -4, -646, 326, 319, 478, 112, 580, 175, 356, 727, 
653, 644, -9, -649, 331, 317, 488, 122, 585, 180, 361, 732, 
658, 649, -9, -653, 334, 319, 478, 122, 590, 180, 361, 732, 
668, 649, -19, -658, 344, 314, 483, 131, 590, 175, 366, 722, 
668, 653, -14, -661, 341, 319, 478, 126, 590, 180, 370, 732, 
668, 663, -4, -666, 336, 329, 478, 122, 595, 185, 375, 732, 
678, 663, -14, -671, 346, 324, 473, 122, 595, 185, 375, 732, 
678, 653, -24, -666, 351, 314, 453, 122, 595, 195, 370, 736, 
683, 649, -34, -666, 358, 307, 444, 122, 590, 195, 370, 736, 
683, 644, -39, -663, 361, 302, 434, 117, 585, 190, 366, 732, 
678, 644, -34, -661, 356, 305, 434, 117, 580, 190, 361, 732, 
678, 644, -34, -661, 356, 305, 424, 97, 575, 175, 361, 727, 
678, 644, -34, -661, 356, 305, 419, 92, 570, 165, 361, 727, 
683, 644, -39, -663, 361, 302, 414, 87, 570, 165, 356, 727, 
683, 639, -43, -661, 363, 297, 414, 82, 561, 165, 356, 727, 
683, 639, -43, -661, 363, 297, 414, 82, 551, 170, 356, 722, 
688, 634, -53, -661, 370, 290, 414, 92, 551, 170, 351, 722, 
692, 634, -58, -663, 375, 287, 419, 97, 551, 175, 351, 722, 
692, 629, -63, -661, 378, 283, 419, 97, 551, 175, 356, 722, 
697, 624, -73, -661, 385, 275, 419, 107, 551, 161, 356, 722, 
697, 619, -78, -658, 387, 270, 424, 107, 551, 156, 356, 722, 
697, 614, -82, -656, 390, 265, 424, 107, 546, 156, 351, 722, 
692, 614, -78, -653, 385, 268, 424, 112, 546, 156, 346, 722, 
692, 600, -92, -646, 392, 253, 429, 107, 551, 156, 346, 717, 
688, 600, -87, -644, 387, 256, 439, 107, 551, 156, 346, 717, 
678, 600, -78, -639, 378, 261, 439, 107, 551, 156, 346, 717, 
678, 590, -87, -634, 383, 251, 439, 102, 546, 156, 346, 717, 
673, 595, -78, -634, 375, 258, 439, 102, 546, 161, 341, 717, 
668, 590, -78, -629, 373, 256, 448, 102, 541, 161, 341, 712, 
658, 590, -68, -624, 363, 261, 448, 102, 541, 151, 331, 702, 
649, 580, -68, -614, 358, 256, 448, 102, 541, 151, 331, 697, 
644, 566, -78, -605, 361, 244, 453, 97, 536, 136, 331, 697, 
639, 556, -82, -597, 361, 236, 453, 97, 531, 136, 326, 692, 
634, 546, -87, -590, 361, 229, 453, 97, 527, 131, 317, 688, 
634, 541, -92, -588, 363, 224, 458, 97, 527, 126, 317, 683, 
634, 541, -92, -588, 363, 224, 458, 92, 527, 131, 322, 683, 
629, 536, -92, -583, 361, 222, 458, 92, 527, 126, 317, 678, 
629, 536, -92, -583, 361, 222, 458, 92, 527, 126, 312, 678, 
629, 531, -97, -580, 363, 217, 458, 87, 522, 122, 307, 678, 
629, 517, -112, -573, 370, 202, 458, 87, 517, 122, 307, 673, 
629, 512, -117, -570, 373, 197, 458, 87, 512, 122, 312, 673, 
624, 512, -112, -568, 368, 200, 458, 87, 512, 117, 312, 673, 
624, 507, -117, -566, 370, 195, 458, 82, 512, 112, 302, 673, 
624, 502, -122, -563, 373, 190, 468, 92, 512, 107, 302, 668, 
619, 497, -122, -558, 370, 187, 468, 92, 512, 107, 302, 668, 
619, 497, -122, -558, 370, 187, 468, 97, 512, 107, 302, 668, 
619, 497, -122, -558, 370, 187, 473, 97, 507, 107, 297, 668, 
619, 507, -112, -563, 366, 197, 473, 82, 507, 107, 297, 663, 
610, 507, -102, -558, 356, 202, 473, 82, 507, 107, 297, 663, 
610, 502, -107, -556, 358, 197, 473, 87, 507, 107, 297, 663, 
619, 502, -117, -561, 368, 192, 478, 87, 512, 107, 297, 663, 
629, 502, -126, -566, 378, 187, 478, 87, 502, 112, 297, 653, 
624, 497, -126, -561, 375, 185, 478, 87, 502, 112, 292, 649, 
619, 497, -122, -558, 370, 187, 478, 87, 502, 112, 292, 649, 
619, 497, -122, -558, 370, 187, 483, 87, 502, 107, 292, 653, 
614, 497, -117, -556, 366, 190, 473, 87, 507, 117, 292, 653, 
614, 492, -122, -553, 368, 185, 468, 92, 507, 112, 292, 649, 
610, 492, -117, -551, 363, 187, 468, 92, 502, 112, 292, 649, 
610, 492, -117, -551, 363, 187, 468, 87, 502, 117, 292, 649, 
600, 497, -102, -549, 351, 197, 463, 68, 517, 117, 292, 649, 
600, 502, -97, -551, 348, 202, 463, 63, 522, 122, 297, 649, 
600, 502, -97, -551, 348, 202, 458, 58, 531, 126, 302, 653, 
595, 502, -92, -549, 344, 204, 458, 58, 536, 136, 302, 658, 
605, 512, -92, -558, 348, 209, 463, 87, 536, 146, 317, 658, 
624, 522, -102, -573, 363, 209, 473, 131, 556, 165, 326, 673, 
649, 531, -117, -590, 383, 207, 473, 165, 561, 185, 346, 678, 
663, 522, -141, -592, 402, 190, 444, 146, 541, 195, 356, 692, 
673, 522, -151, -597, 412, 185, 361, 68, 483, 185, 370, 697, 
707, 531, -175, -619, 441, 178, 263, 4, 429, 204, 400, 722, 
751, 546, -204, -649, 478, 170, 161, -58, 390, 224, 434, 751, 
790, 541, -248, -666, 519, 146, 73, -107, 341, 224, 453, 766, 
834, 551, -283, -692, 558, 134, 14, -151, 292, 244, 483, 771, 
897, 600, -297, -749, 597, 151, -73, -204, 273, 292, 536, 814, 
971, 658, -312, -814, 641, 173, -200, -297, 248, 356, 614, 878, 
1024, 732, -292, -878, 658, 219, -317, -390, 219, 419, 692, 936, 
1083, 785, -297, -934, 690, 244, -409, -468, 214, 478, 756, 995, 
1137, 810, -326, -973, 732, 241, -507, -527, 195, 517, 800, 1024, 
1166, 790, -375, -978, 771, 207, -551, -556, 180, 517, 814, 1029, 
1200, 756, -444, -978, 822, 156, -561, -546, 141, 492, 795, 1029, 
1210, 712, -497, -961, 854, 107, -580, -556, 87, 419, 756, 1000, 
1210, 629, -580, -919, 895, 24, -580, -546, 9, 302, 668, 946, 
1220, 488, -732, -854, 976, -122, -527, -488, -87, 122, 527, 854, 
1229, 322, -907, -775, 1068, -292, -439, -400, -229, -107, 341, 727, 
1224, 200, -1024, -712, 1124, -412, -370, -346, -351, -317, 170, 614, 
1200, 92, -1107, -646, 1154, -507, -297, -287, -424, -453, 43, 527, 
1180, 19, -1161, -600, 1171, -570, -200, -209, -439, -507, -19, 473, 
1161, 14, -1146, -588, 1154, -566, -107, -141, -395, -502, -39, 458, 
1137, 34, -1102, -585, 1119, -534, -19, -68, -331, -478, -39, 448, 
1098, 39, -1058, -568, 1078, -509, 63, -29, -248, -453, -43, 448, 
1049, 48, -1000, -549, 1024, -475, 146, 0, -175, -424, -24, 448, 
1005, 58, -946, -531, 976, -444, 204, 14, -112, -385, -19, 453, 
980, 78, -902, -529, 941, -412, 239, 24, -58, -356, -9, 458, 
951, 97, -854, -524, 902, -378, 268, 34, -9, -317, 14, 463, 
922, 117, -805, -519, 863, -344, 292, 48, 39, -278, 34, 458, 
888, 156, -732, -522, 810, -287, 317, 43, 78, -239, 53, 458, 
854, 175, -678, -514, 766, -251, 341, 53, 117, -200, 58, 468, 
819, 190, -629, -505, 724, -219, 366, 63, 175, -161, 78, 483, 
785, 229, -556, -507, 671, -163, 400, 82, 239, -112, 117, 502, 
746, 273, -473, -509, 610, -100, 434, 87, 302, -78, 151, 531, 
707, 287, -419, -497, 563, -65, 448, 102, 356, -43, 175, 541, 
683, 312, -370, -497, 527, -29, 458, 97, 385, -9, 200, 561, 
678, 356, -322, -517, 500, 17, 473, 107, 419, 14, 229, 580, 
668, 395, -273, -531, 470, 61, 478, 102, 444, 43, 248, 585, 
653, 405, -248, -529, 451, 78, 478, 102, 448, 53, 248, 595, 
649, 409, -239, -529, 444, 85, 478, 102, 453, 68, 258, 605, 
658, 424, -234, -541, 446, 95, 483, 97, 453, 68, 258, 600, 
649, 434, -214, -541, 431, 109, 488, 102, 463, 78, 258, 605, 
629, 429, -200, -529, 414, 114, 497, 107, 468, 82, 258, 610, 
624, 429, -195, -527, 409, 117, 507, 117, 483, 87, 268, 610, 
624, 434, -190, -529, 407, 122, 507, 122, 502, 92, 273, 614, 
610, 444, -165, -527, 387, 139, 517, 126, 507, 97, 287, 605, 
610, 444, -165, -527, 387, 139, 517, 126, 512, 102, 287, 610, 
610, 444, -165, -527, 387, 139, 517, 126, 512, 102, 287, 610, 
610, 444, -165, -527, 387, 139, 517, 126, 507, 102, 292, 610, 
610, 448, -161, -529, 385, 143, 517, 112, 507, 102, 283, 610, 
610, 448, -161, -529, 385, 143, 517, 112, 507, 107, 283, 610, 
605, 448, -156, -527, 380, 146, 517, 112, 507, 112, 283, 610, 
605, 448, -156, -527, 380, 146, 517, 122, 517, 112, 287, 610, 
600, 453, -146, -527, 373, 153, 527, 131, 517, 122, 287, 600, 
600, 453, -146, -527, 373, 153, 527, 131, 522, 122, 287, 610, 
600, 453, -146, -527, 373, 153, 531, 131, 527, 126, 292, 614, 
600, 453, -146, -527, 373, 153, 536, 131, 531, 126, 297, 614, 
595, 453, -141, -524, 368, 156, 536, 136, 546, 136, 307, 614, 
595, 458, -136, -527, 366, 161, 536, 136, 546, 136, 307, 614, 
595, 458, -136, -527, 366, 161, 536, 136, 541, 136, 307, 610, 
595, 458, -136, -527, 366, 161, 541, 136, 536, 131, 302, 610, 
595, 458, -136, -527, 366, 161, 541, 131, 536, 122, 292, 619, 
595, 463, -131, -529, 363, 165, 536, 131, 546, 131, 292, 619, 
595, 463, -131, -529, 363, 165, 536, 131, 546, 131, 292, 619, 
595, 463, -131, -529, 363, 165, 536, 131, 546, 131, 297, 619, 
595, 453, -141, -524, 368, 156, 536, 136, 551, 131, 297, 610, 
595, 453, -141, -524, 368, 156, 541, 141, 551, 131, 297, 610, 
595, 453, -141, -524, 368, 156, 546, 141, 556, 131, 297, 614, 
595, 453, -141, -524, 368, 156, 546, 141, 556, 136, 297, 614, 
595, 463, -131, -529, 363, 165, 546, 141, 566, 136, 297, 614, 
595, 463, -131, -529, 363, 165, 546, 141, 566, 136, 297, 614, 
595, 463, -131, -529, 363, 165, 551, 146, 566, 136, 297, 614, 
595, 468, -126, -531, 361, 170, 551, 146, 566, 136, 292, 614, 
595, 468, -126, -531, 361, 170, 546, 136, 566, 136, 292, 614, 
595, 468, -126, -531, 361, 170, 546, 136, 566, 141, 292, 614, 
595, 463, -131, -529, 363, 165, 551, 141, 566, 141, 292, 610, 
595, 463, -131, -529, 363, 165, 551, 141, 570, 141, 292, 610, 
605, 463, -141, -534, 373, 161, 551, 141, 566, 141, 292, 610, 
605, 463, -141, -534, 373, 161, 551, 141, 566, 141, 292, 610, 
605, 463, -141, -534, 373, 161, 551, 141, 566, 141, 292, 610, 
605, 463, -141, -534, 373, 161, 551, 141, 566, 141, 292, 610, 
595, 463, -131, -529, 363, 165, 551, 156, 570, 141, 302, 610, 
590, 463, -126, -527, 358, 168, 551, 156, 570, 141, 302, 614, 
590, 468, -122, -529, 356, 173, 551, 161, 570, 146, 302, 614, 
595, 468, -126, -531, 361, 170, 556, 161, 566, 146, 302, 614, 
595, 468, -126, -531, 361, 170, 556, 165, 575, 146, 302, 614, 
595, 468, -126, -531, 361, 170, 556, 165, 575, 146, 302, 614, 
590, 468, -122, -529, 356, 173, 556, 165, 580, 151, 302, 614, 
590, 468, -122, -529, 356, 173, 556, 165, 580, 151, 307, 614, 
590, 458, -131, -524, 361, 163, 556, 161, 585, 146, 307, 614, 
590, 458, -131, -524, 361, 163, 561, 161, 585, 146, 307, 614, 
590, 458, -131, -524, 361, 163, 561, 161, 590, 151, 312, 610, 
595, 458, -136, -527, 366, 161, 561, 165, 590, 156, 312, 610, 
595, 468, -126, -531, 361, 170, 561, 165, 590, 156, 302, 610, 
595, 478, -117, -536, 356, 180, 561, 165, 590, 156, 302, 619, 
595, 478, -117, -536, 356, 180, 566, 170, 590, 156, 302, 619, 
595, 473, -122, -534, 358, 175, 570, 175, 595, 156, 302, 624, 
595, 463, -131, -529, 363, 165, 570, 175, 585, 156, 312, 614, 
595, 468, -126, -531, 361, 170, 570, 175, 585, 156, 312, 614, 
595, 468, -126, -531, 361, 170, 570, 180, 585, 156, 312, 614, 
590, 468, -122, -529, 356, 173, 570, 180, 590, 161, 312, 614, 
580, 468, -112, -524, 346, 178, 575, 180, 590, 161, 302, 624, 
580, 473, -107, -527, 344, 183, 575, 190, 590, 161, 302, 624, 
580, 473, -107, -527, 344, 183, 575, 190, 595, 161, 307, 624, 
580, 478, -102, -529, 341, 187, 575, 195, 595, 161, 307, 619, 
585, 478, -107, -531, 346, 185, 580, 190, 600, 170, 317, 619, 
590, 478, -112, -534, 351, 183, 580, 195, 600, 170, 317, 619, 
600, 473, -126, -536, 363, 173, 580, 200, 600, 170, 317, 619, 
605, 473, -131, -539, 368, 170, 585, 204, 600, 170, 317, 619, 
605, 478, -126, -541, 366, 175, 585, 214, 610, 175, 317, 624, 
605, 478, -126, -541, 366, 175, 595, 219, 610, 180, 322, 624, 
605, 483, -122, -544, 363, 180, 595, 224, 610, 185, 322, 624, 
605, 483, -122, -544, 363, 180, 595, 229, 619, 185, 322, 629, 
605, 492, -112, -549, 358, 190, 595, 244, 624, 185, 326, 619, 
605, 497, -107, -551, 356, 195, 600, 248, 624, 190, 326, 619, 
605, 502, -102, -553, 353, 200, 600, 253, 624, 190, 322, 619, 
605, 507, -97, -556, 351, 204, 605, 258, 624, 190, 322, 619, 
605, 507, -97, -556, 351, 204, 610, 263, 639, 190, 331, 619, 
605, 517, -87, -561, 346, 214, 610, 268, 644, 195, 331, 629, 
605, 517, -87, -561, 346, 214, 610, 273, 649, 200, 336, 629, 
605, 517, -87, -561, 346, 214, 610, 283, 649, 204, 341, 624, 
605, 507, -97, -556, 351, 204, 619, 287, 658, 204, 341, 624, 
605, 512, -92, -558, 348, 209, 624, 302, 663, 204, 341, 629, 
605, 512, -92, -558, 348, 209, 624, 307, 663, 214, 341, 629, 
610, 517, -92, -563, 351, 212, 629, 312, 668, 219, 341, 634, 
600, 522, -78, -561, 339, 222, 634, 317, 663, 219, 346, 644, 
610, 527, -82, -568, 346, 222, 634, 326, 668, 219, 346, 639, 
614, 531, -82, -573, 348, 224, 634, 336, 673, 219, 351, 639, 
614, 536, -78, -575, 346, 229, 639, 341, 678, 229, 356, 649, 
624, 541, -82, -583, 353, 229, 649, 361, 688, 244, 356, 649, 
624, 541, -82, -583, 353, 229, 649, 366, 697, 248, 356, 649, 
624, 546, -78, -585, 351, 234, 649, 375, 707, 248, 361, 653, 
624, 551, -73, -588, 348, 239, 653, 380, 717, 253, 370, 653, 
634, 556, -78, -595, 356, 239, 663, 380, 712, 248, 375, 649, 
634, 556, -78, -595, 356, 239, 663, 385, 717, 253, 375, 649, 
634, 561, -73, -597, 353, 244, 663, 390, 722, 253, 375, 649, 
634, 561, -73, -597, 353, 244, 663, 400, 722, 253, 375, 653, 
639, 561, -78, -600, 358, 241, 663, 405, 727, 258, 375, 663, 
639, 570, -68, -605, 353, 251, 663, 409, 732, 258, 375, 663, 
639, 570, -68, -605, 353, 251, 663, 414, 732, 268, 380, 668, 
639, 570, -68, -605, 353, 251, 663, 419, 732, 268, 390, 668, 
639, 570, -68, -605, 353, 251, 663, 434, 736, 278, 390, 668, 
639, 580, -58, -610, 348, 261, 663, 434, 736, 278, 390, 673, 
644, 585, -58, -614, 351, 263, 663, 439, 736, 283, 390, 673, 
649, 585, -63, -617, 356, 261, 658, 439, 736, 283, 395, 673, 
653, 580, -73, -617, 363, 253, 658, 434, 746, 283, 400, 673, 
653, 580, -73, -617, 363, 253, 658, 434, 746, 283, 400, 678, 
653, 580, -73, -617, 363, 253, 658, 434, 746, 287, 405, 678, 
653, 585, -68, -619, 361, 258, 658, 439, 751, 287, 405, 683, 
653, 595, -58, -624, 356, 268, 649, 439, 741, 292, 405, 683, 
658, 595, -63, -627, 361, 265, 644, 439, 741, 292, 400, 683, 
658, 595, -63, -627, 361, 265, 644, 439, 741, 292, 400, 683, 
658, 595, -63, -627, 361, 265, 639, 439, 736, 292, 405, 683, 
668, 605, -63, -636, 366, 270, 634, 429, 736, 302, 414, 683, 
668, 610, -58, -639, 363, 275, 629, 429, 736, 297, 414, 683, 
668, 610, -58, -639, 363, 275, 624, 419, 736, 297, 414, 683, 
668, 605, -63, -636, 366, 270, 619, 414, 732, 297, 414, 683, 
673, 605, -68, -639, 370, 268, 614, 400, 736, 287, 424, 683, 
673, 605, -68, -639, 370, 268, 610, 390, 732, 283, 424, 683, 
673, 605, -68, -639, 370, 268, 600, 375, 727, 283, 424, 688, 
668, 605, -63, -636, 366, 270, 595, 361, 722, 278, 424, 688, 
668, 595, -73, -631, 370, 261, 590, 356, 712, 287, 414, 697, 
668, 595, -73, -631, 370, 261, 580, 341, 707, 287, 414, 697, 
668, 590, -78, -629, 373, 256, 575, 326, 702, 283, 409, 697, 
668, 580, -87, -624, 378, 246, 566, 312, 692, 273, 409, 697, 
658, 580, -78, -619, 368, 251, 561, 287, 688, 273, 409, 697, 
658, 575, -82, -617, 370, 246, 556, 273, 678, 268, 405, 692, 
653, 575, -78, -614, 366, 248, 546, 258, 673, 268, 405, 692, 
653, 570, -82, -612, 368, 244, 541, 248, 663, 263, 400, 692, 
653, 556, -97, -605, 375, 229, 536, 234, 658, 248, 395, 683, 
649, 551, -97, -600, 373, 226, 536, 224, 653, 244, 395, 678, 
649, 546, -102, -597, 375, 222, 531, 209, 644, 239, 395, 678, 
649, 546, -102, -597, 375, 222, 522, 195, 639, 234, 395, 678, 
658, 536, -122, -597, 390, 207, 512, 185, 624, 239, 390, 673, 
653, 531, -122, -592, 387, 204, 507, 175, 614, 234, 385, 673, 
653, 527, -126, -590, 390, 200, 502, 170, 610, 224, 380, 668, 
653, 522, -131, -588, 392, 195, 502, 161, 605, 219, 380, 663, 
649, 517, -131, -583, 390, 192, 497, 151, 605, 219, 375, 658, 
649, 512, -136, -580, 392, 187, 492, 146, 600, 219, 370, 658, 
644, 512, -131, -578, 387, 190, 492, 141, 595, 214, 366, 658, 
644, 512, -131, -578, 387, 190, 492, 131, 590, 209, 366, 658, 
644, 497, -146, -570, 395, 175, 492, 131, 585, 195, 356, 644, 
644, 492, -151, -568, 397, 170, 488, 126, 580, 190, 356, 644, 
644, 492, -151, -568, 397, 170, 488, 117, 580, 190, 356, 644, 
639, 488, -151, -563, 395, 168, 488, 112, 580, 185, 351, 639, 
639, 483, -156, -561, 397, 163, 483, 112, 566, 190, 351, 649, 
639, 483, -156, -561, 397, 163, 483, 107, 561, 190, 351, 649, 
639, 478, -161, -558, 400, 158, 483, 107, 556, 185, 351, 649, 
639, 478, -161, -558, 400, 158, 478, 102, 551, 185, 341, 644, 
634, 488, -146, -561, 390, 170, 478, 97, 561, 190, 351, 644, 
634, 483, -151, -558, 392, 165, 478, 97, 561, 190, 351, 644, 
634, 483, -151, -558, 392, 165, 478, 97, 556, 185, 351, 644, 
634, 483, -151, -558, 392, 165, 473, 92, 556, 185, 341, 639, 
649, 483, -165, -566, 407, 158, 473, 92, 556, 185, 351, 639, 
649, 478, -170, -563, 409, 153, 473, 92, 551, 185, 351, 639, 
649, 473, -175, -561, 412, 148, 473, 92, 551, 180, 351, 639, 
649, 473, -175, -561, 412, 148, 468, 92, 546, 180, 346, 639, 
639, 478, -161, -558, 400, 158, 478, 97, 546, 175, 346, 634, 
639, 478, -161, -558, 400, 158, 478, 97, 546, 175, 346, 634, 
639, 478, -161, -558, 400, 158, 483, 97, 546, 175, 346, 634, 
634, 478, -156, -556, 395, 161, 483, 97, 546, 180, 346, 639, 
644, 473, -170, -558, 407, 151, 473, 87, 546, 180, 346, 639, 
644, 473, -170, -558, 407, 151, 473, 87, 546, 175, 346, 639, 
644, 473, -170, -558, 407, 151, 473, 92, 546, 175, 346, 639, 
644, 473, -170, -558, 407, 151, 473, 92, 546, 175, 346, 639, 
644, 463, -180, -553, 412, 141, 473, 87, 536, 175, 346, 644, 
644, 463, -180, -553, 412, 141, 473, 87, 536, 170, 346, 639, 
644, 463, -180, -553, 412, 141, 478, 92, 536, 170, 346, 634, 
644, 463, -180, -553, 412, 141, 478, 92, 536, 170, 346, 634, 
644, 473, -170, -558, 407, 151, 473, 92, 546, 170, 346, 634, 
644, 473, -170, -558, 407, 151, 473, 92, 546, 170, 346, 639, 
644, 473, -170, -558, 407, 151, 473, 92, 546, 170, 351, 639, 
639, 473, -165, -556, 402, 153, 473, 92, 546, 175, 351, 639, 
639, 463, -175, -551, 407, 143, 473, 82, 546, 165, 346, 629, 
644, 463, -180, -553, 412, 141, 473, 82, 541, 170, 346, 629, 
644, 463, -180, -553, 412, 141, 473, 78, 536, 170, 346, 629, 
644, 468, -175, -556, 409, 146, 473, 78, 531, 170, 346, 629, 
634, 468, -165, -551, 400, 151, 473, 82, 541, 170, 356, 634, 
634, 468, -165, -551, 400, 151, 473, 82, 541, 170, 356, 634, 
634, 468, -165, -551, 400, 151, 468, 82, 541, 170, 356, 634, 
634, 468, -165, -551, 400, 151, 468, 82, 546, 170, 356, 634, 
644, 468, -175, -556, 409, 146, 468, 82, 546, 170, 356, 634, 
644, 468, -175, -556, 409, 146, 468, 82, 551, 170, 356, 634, 
644, 468, -175, -556, 409, 146, 468, 78, 551, 170, 356, 634, 
644, 468, -175, -556, 409, 146, 468, 78, 551, 170, 356, 634, 
644, 473, -170, -558, 407, 151, 468, 82, 551, 175, 351, 634, 
644, 473, -170, -558, 407, 151, 468, 82, 551, 175, 351, 634, 
644, 473, -170, -558, 407, 151, 468, 78, 551, 175, 351, 634, 
644, 483, -161, -563, 402, 161, 468, 78, 551, 175, 351, 634, 
644, 492, -151, -568, 397, 170, 468, 78, 551, 180, 356, 639, 
644, 488, -156, -566, 400, 165, 468, 78, 551, 180, 361, 639, 
644, 488, -156, -566, 400, 165, 468, 78, 551, 180, 361, 634, 
644, 488, -156, -566, 400, 165, 468, 73, 556, 180, 361, 634, 
644, 483, -161, -563, 402, 161, 468, 73, 556, 180, 361, 634, 
644, 483, -161, -563, 402, 161, 468, 73, 556, 185, 366, 644, 
644, 483, -161, -563, 402, 161, 468, 73, 566, 190, 366, 644, 
644, 488, -156, -566, 400, 165, 468, 73, 566, 190, 366, 644, 
644, 492, -151, -568, 397, 170, 478, 63, 561, 200, 366, 634, 
644, 492, -151, -568, 397, 170, 478, 68, 561, 200, 366, 634, 
644, 492, -151, -568, 397, 170, 478, 68, 561, 200, 366, 639, 
644, 492, -151, -568, 397, 170, 478, 68, 561, 200, 366, 639, 
644, 492, -151, -568, 397, 170, 478, 68, 561, 195, 375, 644, 
644, 488, -156, -566, 400, 165, 478, 68, 570, 195, 375, 644, 
644, 488, -156, -566, 400, 165, 473, 68, 570, 195, 370, 644, 
644, 488, -156, -566, 400, 165, 473, 68, 570, 195, 370, 644, 
644, 488, -156, -566, 400, 165, 473, 68, 570, 195, 370, 644, 
644, 488, -156, -566, 400, 165, 473, 68, 570, 195, 370, 644, 
644, 492, -151, -568, 397, 170, 473, 68, 570, 195, 370, 644, 
644, 492, -151, -568, 397, 170, 473, 68, 570, 195, 370, 644, 
644, 488, -156, -566, 400, 165, 473, 68, 570, 195, 370, 644, 
644, 488, -156, -566, 400, 165, 473, 68, 570, 195, 370, 644, 
644, 488, -156, -566, 400, 165, 473, 63, 570, 195, 375, 649, 
644, 488, -156, -566, 400, 165, 473, 63, 570, 195, 375, 649, 
653, 502, -151, -578, 402, 175, 463, 73, 570, 204, 375, 649, 
653, 502, -151, -578, 402, 175, 463, 73, 570, 204, 375, 649, 
653, 502, -151, -578, 402, 175, 463, 73, 570, 209, 375, 649, 
653, 497, -156, -575, 405, 170, 463, 73, 570, 209, 375, 649, 
644, 488, -156, -566, 400, 165, 473, 63, 570, 200, 375, 649, 
639, 488, -151, -563, 395, 168, 473, 63, 570, 200, 375, 649, 
639, 488, -151, -563, 395, 168, 473, 63, 575, 200, 380, 649, 
639, 488, -151, -563, 395, 168, 473, 63, 575, 200, 380, 644, 
644, 488, -156, -566, 400, 165, 463, 63, 575, 200, 375, 634, 
644, 488, -156, -566, 400, 165, 463, 63, 570, 195, 375, 634, 
644, 488, -156, -566, 400, 165, 463, 63, 570, 195, 375, 634, 
644, 488, -156, -566, 400, 165, 463, 63, 570, 195, 375, 634, 
653, 488, -165, -570, 409, 161, 463, 63, 570, 204, 380, 644, 
653, 488, -165, -570, 409, 161, 463, 63, 570, 204, 380, 644, 
653, 488, -165, -570, 409, 161, 463, 63, 570, 204, 380, 644, 
653, 488, -165, -570, 409, 161, 463, 63, 570, 204, 375, 644, 
653, 488, -165, -570, 409, 161, 463, 73, 570, 195, 385, 634, 
653, 488, -165, -570, 409, 161, 463, 73, 570, 195, 385, 634, 
653, 488, -165, -570, 409, 161, 468, 68, 566, 195, 385, 634, 
653, 488, -165, -570, 409, 161, 468, 68, 566, 195, 385, 634, 
653, 483, -170, -568, 412, 156, 463, 68, 566, 195, 390, 634, 
649, 483, -165, -566, 407, 158, 463, 68, 566, 195, 390, 634, 
649, 483, -165, -566, 407, 158, 468, 68, 566, 195, 385, 634, 
644, 478, -165, -561, 405, 156, 468, 68, 566, 195, 385, 634, 
644, 478, -165, -561, 405, 156, 468, 58, 566, 195, 385, 634, 
644, 478, -165, -561, 405, 156, 463, 58, 566, 195, 385, 634, 
649, 478, -170, -563, 409, 153, 463, 58, 566, 195, 385, 634, 
649, 478, -170, -563, 409, 153, 463, 58, 566, 190, 385, 634, 
658, 488, -170, -573, 414, 158, 463, 58, 566, 200, 385, 634, 
658, 488, -170, -573, 414, 158, 463, 58, 566, 200, 385, 634, 
658, 488, -170, -573, 414, 158, 463, 58, 566, 200, 385, 634, 
658, 488, -170, -573, 414, 158, 463, 53, 566, 200, 385, 634, 
653, 488, -165, -570, 409, 161, 463, 63, 566, 200, 385, 634, 
653, 483, -170, -568, 412, 156, 468, 63, 561, 200, 385, 634, 
653, 483, -170, -568, 412, 156, 468, 63, 561, 200, 385, 629, 
658, 483, -175, -570, 417, 153, 468, 63, 561, 200, 385, 629, 
649, 473, -175, -561, 412, 148, 468, 53, 561, 195, 385, 629, 
644, 473, -170, -558, 407, 151, 468, 53, 561, 195, 385, 629, 
644, 473, -170, -558, 407, 151, 468, 53, 561, 195, 385, 629, 
644, 468, -175, -556, 409, 146, 463, 53, 561, 195, 380, 629, 
658, 468, -190, -563, 424, 139, 463, 63, 561, 195, 380, 629, 
658, 468, -190, -563, 424, 139, 463, 63, 566, 195, 380, 634, 
653, 468, -185, -561, 419, 141, 463, 63, 566, 195, 385, 634, 
653, 468, -185, -561, 419, 141, 463, 58, 566, 195, 385, 634, 
644, 468, -175, -556, 409, 146, 463, 48, 561, 185, 385, 634, 
644, 468, -175, -556, 409, 146, 463, 48, 561, 185, 385, 629, 
644, 468, -175, -556, 409, 146, 463, 48, 561, 185, 385, 629, 
644, 463, -180, -553, 412, 141, 463, 48, 561, 185, 380, 629, 
644, 463, -180, -553, 412, 141, 463, 53, 561, 195, 385, 629, 
644, 458, -185, -551, 414, 136, 463, 53, 561, 195, 385, 629, 
644, 458, -185, -551, 414, 136, 463, 53, 556, 195, 385, 624, 
639, 463, -175, -551, 407, 143, 463, 53, 556, 195, 375, 624, 
649, 463, -185, -556, 417, 139, 463, 58, 556, 190, 385, 624, 
649, 458, -190, -553, 419, 134, 463, 58, 556, 190, 385, 624, 
653, 458, -195, -556, 424, 131, 463, 53, 556, 190, 385, 624, 
653, 463, -190, -558, 422, 136, 458, 53, 551, 190, 385, 624, 
644, 463, -180, -553, 412, 141, 458, 53, 551, 190, 390, 634, 
644, 463, -180, -553, 412, 141, 463, 53, 551, 190, 390, 634, 
644, 463, -180, -553, 412, 141, 463, 53, 551, 190, 390, 634, 
644, 458, -185, -551, 414, 136, 463, 53, 551, 190, 385, 634, 
644, 468, -175, -556, 409, 146, 463, 53, 561, 190, 375, 624, 
644, 468, -175, -556, 409, 146, 463, 53, 561, 190, 375, 624, 
644, 473, -170, -558, 407, 151, 463, 58, 561, 195, 375, 629, 
644, 473, -170, -558, 407, 151, 463, 58, 561, 195, 380, 629, 
653, 463, -190, -558, 422, 136, 463, 48, 561, 195, 390, 629, 
653, 463, -190, -558, 422, 136, 463, 48, 561, 190, 395, 629, 
649, 463, -185, -556, 417, 139, 463, 43, 561, 190, 395, 629, 
649, 463, -185, -556, 417, 139, 463, 43, 561, 190, 390, 629, 
649, 463, -185, -556, 417, 139, 463, 43, 561, 190, 390, 619, 
649, 463, -185, -556, 417, 139, 463, 43, 561, 190, 395, 619, 
649, 458, -190, -553, 419, 134, 463, 43, 561, 190, 395, 619, 
649, 458, -190, -553, 419, 134, 463, 43, 561, 190, 395, 619, 
649, 444, -204, -546, 427, 119, 473, 53, 561, 200, 400, 619, 
649, 444, -204, -546, 427, 119, 473, 53, 561, 200, 400, 629, 
653, 448, -204, -551, 429, 122, 468, 48, 566, 195, 400, 634, 
653, 448, -204, -551, 429, 122, 468, 48, 566, 195, 390, 624, 
653, 448, -204, -551, 429, 122, 468, 48, 566, 195, 390, 624, 
653, 448, -204, -551, 429, 122, 468, 48, 566, 195, 390, 624, 
653, 448, -204, -551, 429, 122, 468, 48, 566, 195, 390, 624, 
653, 439, -214, -546, 434, 112, 468, 48, 556, 180, 380, 619, 
653, 434, -219, -544, 436, 107, 468, 48, 556, 180, 380, 619, 
653, 434, -219, -544, 436, 107, 468, 48, 556, 185, 385, 619, 
653, 434, -219, -544, 436, 107, 468, 48, 556, 185, 385, 619, 
663, 444, -219, -553, 441, 112, 468, 48, 566, 200, 395, 619, 
663, 448, -214, -556, 439, 117, 468, 53, 566, 200, 390, 624, 
663, 448, -214, -556, 439, 117, 468, 53, 570, 200, 390, 624, 
663, 448, -214, -556, 439, 117, 468, 53, 570, 195, 390, 624, 
663, 458, -204, -561, 434, 126, 468, 53, 570, 195, 400, 629, 
663, 463, -200, -563, 431, 131, 468, 48, 570, 200, 405, 634, 
663, 468, -195, -566, 429, 136, 468, 48, 575, 200, 405, 639, 
663, 473, -190, -568, 427, 141, 468, 48, 575, 200, 405, 644, 
663, 463, -200, -563, 431, 131, 468, 53, 570, 195, 400, 634, 
663, 473, -190, -568, 427, 141, 468, 53, 575, 195, 400, 639, 
663, 478, -185, -570, 424, 146, 468, 53, 580, 204, 405, 639, 
663, 483, -180, -573, 422, 151, 468, 53, 580, 204, 409, 649, 
658, 483, -175, -570, 417, 153, 478, 53, 580, 214, 409, 649, 
658, 488, -170, -573, 414, 158, 483, 53, 580, 214, 409, 649, 
658, 488, -170, -573, 414, 158, 483, 53, 585, 214, 409, 649, 
658, 483, -175, -570, 417, 153, 483, 53, 590, 214, 409, 653, 
658, 492, -165, -575, 412, 163, 478, 63, 595, 214, 409, 653, 
658, 492, -165, -575, 412, 163, 483, 63, 595, 219, 414, 653, 
658, 492, -165, -575, 412, 163, 483, 63, 600, 219, 414, 658, 
658, 497, -161, -578, 409, 168, 483, 63, 600, 219, 414, 658, 
663, 507, -156, -585, 409, 175, 497, 63, 600, 229, 424, 658, 
668, 507, -161, -588, 414, 173, 497, 73, 600, 234, 424, 658, 
678, 507, -170, -592, 424, 168, 507, 82, 605, 239, 429, 663, 
688, 512, -175, -600, 431, 168, 497, 82, 610, 239, 429, 663, 
697, 522, -175, -610, 436, 173, 483, 82, 614, 234, 434, 663, 
697, 527, -170, -612, 434, 178, 478, 78, 619, 239, 439, 673, 
697, 536, -161, -617, 429, 187, 478, 73, 629, 244, 444, 673, 
707, 536, -170, -622, 439, 183, 473, 73, 634, 244, 444, 673, 
697, 536, -161, -617, 429, 187, 463, 63, 624, 244, 448, 678, 
702, 531, -170, -617, 436, 180, 453, 63, 619, 244, 448, 678, 
702, 527, -175, -614, 439, 175, 444, 58, 614, 239, 444, 673, 
697, 527, -170, -612, 434, 178, 444, 58, 610, 239, 439, 673, 
697, 517, -180, -607, 439, 168, 434, 58, 605, 234, 439, 668, 
697, 517, -180, -607, 439, 168, 429, 53, 600, 224, 439, 668, 
702, 517, -185, -610, 444, 165, 424, 48, 600, 224, 434, 668, 
702, 512, -190, -607, 446, 161, 424, 43, 590, 224, 434, 668, 
712, 512, -200, -612, 456, 156, 424, 43, 590, 209, 424, 673, 
717, 507, -209, -612, 463, 148, 424, 53, 590, 209, 419, 673, 
722, 507, -214, -614, 468, 146, 429, 58, 590, 214, 419, 673, 
722, 502, -219, -612, 470, 141, 429, 58, 590, 214, 424, 673, 
727, 497, -229, -612, 478, 134, 429, 58, 580, 209, 424, 663, 
727, 492, -234, -610, 480, 129, 434, 58, 580, 204, 424, 663, 
727, 488, -239, -607, 483, 124, 434, 58, 575, 204, 419, 663, 
722, 488, -234, -605, 478, 126, 434, 63, 575, 204, 414, 663, 
722, 492, -229, -607, 475, 131, 429, 68, 570, 204, 424, 668, 
717, 492, -224, -605, 470, 134, 439, 68, 570, 204, 424, 668, 
707, 492, -214, -600, 461, 139, 439, 68, 570, 204, 424, 668, 
707, 483, -224, -595, 466, 129, 439, 63, 566, 204, 424, 668, 
712, 478, -234, -595, 473, 122, 448, 53, 575, 200, 419, 658, 
707, 473, -234, -590, 470, 119, 458, 53, 570, 200, 419, 653, 
697, 473, -224, -585, 461, 124, 458, 53, 570, 190, 409, 644, 
688, 463, -224, -575, 456, 119, 458, 53, 570, 190, 409, 639, 
673, 448, -224, -561, 448, 112, 463, 48, 566, 185, 400, 639, 
668, 439, -229, -553, 448, 104, 463, 48, 561, 185, 395, 634, 
663, 429, -234, -546, 448, 97, 463, 48, 556, 180, 385, 629, 
663, 424, -239, -544, 451, 92, 468, 48, 556, 175, 385, 624, 
653, 414, -239, -534, 446, 87, 468, 43, 546, 180, 385, 624, 
649, 409, -239, -529, 444, 85, 468, 43, 546, 175, 385, 619, 
649, 409, -239, -529, 444, 85, 468, 43, 546, 175, 385, 619, 
649, 405, -244, -527, 446, 80, 468, 39, 541, 170, 385, 619, 
649, 405, -244, -527, 446, 80, 458, 39, 546, 170, 375, 614, 
649, 405, -244, -527, 446, 80, 458, 39, 541, 170, 380, 614, 
644, 409, -234, -527, 439, 87, 458, 39, 541, 165, 380, 614, 
644, 409, -234, -527, 439, 87, 458, 34, 541, 161, 370, 614, 
644, 395, -248, -519, 446, 73, 458, 34, 531, 156, 370, 600, 
639, 390, -248, -514, 444, 70, 458, 34, 531, 156, 370, 600, 
639, 390, -248, -514, 444, 70, 458, 39, 531, 156, 370, 600, 
639, 390, -248, -514, 444, 70, 463, 39, 527, 156, 366, 600, 
649, 390, -258, -519, 453, 65, 473, 34, 527, 156, 366, 605, 
639, 390, -248, -514, 444, 70, 473, 34, 527, 156, 366, 605, 
639, 385, -253, -512, 446, 65, 473, 39, 527, 156, 366, 605, 
649, 385, -263, -517, 456, 61, 478, 39, 531, 156, 366, 605, 
658, 385, -273, -522, 466, 56, 478, 39, 531, 151, 375, 595, 
653, 380, -273, -517, 463, 53, 478, 39, 531, 151, 370, 590, 
649, 380, -268, -514, 458, 56, 478, 39, 531, 151, 370, 590, 
649, 380, -268, -514, 458, 56, 483, 39, 531, 146, 370, 595, 
644, 380, -263, -512, 453, 58, 473, 39, 536, 156, 370, 605, 
644, 375, -268, -509, 456, 53, 468, 43, 536, 151, 370, 600, 
639, 375, -263, -507, 451, 56, 468, 43, 531, 151, 370, 600, 
639, 375, -263, -507, 451, 56, 468, 39, 531, 156, 370, 600, 
639, 390, -248, -514, 444, 70, 463, 29, 527, 156, 370, 600, 
639, 395, -244, -517, 441, 75, 463, 24, 531, 161, 375, 600, 
639, 395, -244, -517, 441, 75, 458, 19, 541, 165, 380, 605, 
634, 395, -239, -514, 436, 78, 458, 19, 546, 175, 380, 610, 
634, 395, -239, -514, 436, 78, 463, 39, 566, 165, 395, 619, 
644, 405, -239, -524, 441, 82, 473, 73, 566, 185, 405, 624, 
658, 424, -234, -541, 446, 95, 473, 117, 580, 204, 434, 639, 
673, 424, -248, -549, 461, 87, 453, 107, 570, 214, 444, 644, 
692, 405, -287, -549, 490, 58, 390, 39, 522, 204, 439, 639, 
717, 405, -312, -561, 514, 46, 283, -43, 448, 195, 439, 653, 
761, 419, -341, -590, 551, 39, 180, -126, 390, 195, 463, 673, 
810, 414, -395, -612, 602, 9, 82, -185, 341, 204, 483, 678, 
863, 414, -448, -639, 656, -17, 24, -219, 302, 204, 502, 692, 
927, 444, -483, -685, 705, -19, -63, -283, 273, 234, 556, 727, 
1010, 512, -497, -761, 753, 7, -200, -375, 248, 297, 634, 790, 
1083, 585, -497, -834, 790, 43, -326, -478, 219, 370, 712, 858, 
1132, 639, -492, -885, 812, 73, -429, -556, 204, 429, 775, 907, 
1185, 673, -512, -929, 849, 80, -527, -634, 185, 458, 819, 936, 
1224, 663, -561, -944, 893, 51, -590, -673, 161, 488, 834, 951, 
1249, 619, -629, -934, 939, -4, -600, -663, 131, 463, 824, 951, 
1278, 585, -692, -932, 985, -53, -610, -673, 68, 380, 775, 922, 
1288, 522, -766, -905, 1027, -122, -619, -683, -9, 253, 688, 878, 
1278, 400, -878, -839, 1078, -239, -575, -634, -107, 82, 556, 795, 
1268, 224, -1044, -746, 1156, -409, -497, -546, -239, -146, 370, 678, 
1254, 63, -1190, -658, 1222, -563, -419, -473, -370, -346, 190, 556, 
1249, -53, -1302, -597, 1276, -678, -356, -424, -453, -483, 63, 468, 
1229, -126, -1356, -551, 1293, -741, -258, -356, -478, -556, -19, 395, 
1210, -151, -1361, -529, 1285, -756, -175, -278, -444, -561, -48, 361, 
1176, -141, -1317, -517, 1246, -729, -78, -204, -370, -536, -39, 351, 
1127, -117, -1244, -505, 1185, -680, 14, -146, -287, -492, -34, 351, 
1088, -107, -1195, -490, 1141, -651, 107, -107, -204, -453, -34, 351, 
1054, -87, -1141, -483, 1098, -614, 175, -82, -131, -424, -9, 366, 
1029, -78, -1107, -475, 1068, -592, 219, -63, -87, -395, 0, 370, 
1000, -48, -1049, -475, 1024, -549, 248, -53, -39, -356, 24, 385, 
971, -9, -980, -480, 976, -495, 263, -39, 9, -297, 53, 390, 
946, 29, -917, -488, 932, -444, 287, -34, 58, -258, 82, 400, 
902, 48, -854, -475, 878, -402, 312, -24, 107, -209, 107, 409, 
868, 63, -805, -466, 836, -370, 346, -4, 165, -170, 136, 424, 
824, 112, -712, -468, 768, -300, 370, 14, 219, -122, 165, 453, 
766, 156, -610, -461, 688, -226, 414, 29, 283, -78, 200, 473, 
727, 180, -546, -453, 636, -183, 448, 34, 346, -53, 224, 502, 
722, 195, -527, -458, 624, -165, 468, 48, 385, -29, 239, 512, 
717, 229, -488, -473, 602, -129, 473, 58, 419, -4, 258, 531, 
707, 248, -458, -478, 583, -104, 478, 63, 444, 24, 287, 546, 
702, 268, -434, -485, 568, -82, 478, 63, 448, 43, 287, 546, 
707, 273, -434, -490, 570, -80, 478, 53, 453, 58, 297, 546, 
697, 287, -409, -492, 553, -61, 473, 58, 463, 68, 307, 551, 
678, 297, -380, -488, 529, -41, 488, 63, 473, 87, 317, 566, 
668, 312, -356, -490, 512, -21, 488, 68, 488, 92, 317, 570, 
663, 312, -351, -488, 507, -19, 497, 78, 502, 97, 326, 580, 
653, 326, -326, -490, 490, 0, 517, 82, 522, 102, 331, 585, 
649, 336, -312, -492, 480, 12, 527, 87, 536, 97, 336, 595, 
649, 336, -312, -492, 480, 12, 527, 87, 541, 102, 336, 600, 
649, 336, -312, -492, 480, 12, 527, 87, 541, 102, 336, 600, 
649, 336, -312, -492, 480, 12, 527, 87, 536, 102, 341, 600, 
649, 351, -297, -500, 473, 26, 517, 82, 527, 112, 341, 600, 
649, 351, -297, -500, 473, 26, 517, 82, 527, 117, 341, 600, 
644, 351, -292, -497, 468, 29, 517, 82, 527, 122, 341, 600, 
644, 351, -292, -497, 468, 29, 517, 92, 536, 122, 346, 600, 
639, 356, -283, -497, 461, 36, 517, 92, 536, 131, 346, 600, 
639, 356, -283, -497, 461, 36, 517, 92, 541, 131, 346, 610, 
639, 356, -283, -497, 461, 36, 522, 92, 546, 136, 351, 614, 
639, 356, -283, -497, 461, 36, 527, 92, 551, 136, 356, 614, 
644, 356, -287, -500, 466, 34, 536, 97, 556, 126, 356, 614, 
644, 361, -283, -502, 463, 39, 536, 97, 556, 126, 356, 614, 
644, 361, -283, -502, 463, 39, 536, 97, 551, 126, 356, 610, 
644, 361, -283, -502, 463, 39, 541, 97, 546, 122, 351, 610, 
644, 351, -292, -497, 468, 29, 541, 102, 546, 131, 351, 610, 
644, 356, -287, -500, 466, 34, 536, 102, 556, 141, 351, 610, 
644, 356, -287, -500, 466, 34, 536, 102, 556, 141, 351, 610, 
644, 356, -287, -500, 466, 34, 536, 102, 556, 141, 356, 610, 
634, 351, -283, -492, 458, 34, 536, 97, 561, 141, 356, 610, 
634, 346, -287, -490, 461, 29, 541, 102, 561, 141, 356, 610, 
634, 341, -292, -488, 463, 24, 546, 102, 566, 141, 356, 614, 
634, 336, -297, -485, 466, 19, 546, 102, 566, 146, 356, 614, 
644, 341, -302, -492, 473, 19, 536, 102, 556, 136, 356, 614, 
644, 346, -297, -495, 470, 24, 536, 102, 556, 136, 356, 614, 
644, 351, -292, -497, 468, 29, 541, 107, 556, 136, 356, 614, 
644, 361, -283, -502, 463, 39, 541, 107, 556, 136, 351, 614, 
653, 351, -302, -502, 478, 24, 546, 107, 566, 126, 341, 624, 
653, 351, -302, -502, 478, 24, 546, 107, 566, 131, 341, 624, 
653, 346, -307, -500, 480, 19, 551, 112, 566, 131, 341, 619, 
653, 346, -307, -500, 480, 19, 551, 112, 570, 131, 341, 619, 
649, 346, -302, -497, 475, 21, 551, 122, 575, 141, 351, 629, 
644, 346, -297, -495, 470, 24, 551, 122, 575, 141, 351, 629, 
639, 346, -292, -492, 466, 26, 551, 122, 575, 141, 351, 629, 
634, 346, -287, -490, 461, 29, 551, 122, 575, 141, 351, 629, 
634, 336, -297, -485, 466, 19, 561, 126, 580, 141, 351, 629, 
629, 336, -292, -483, 461, 21, 561, 126, 580, 141, 351, 634, 
629, 341, -287, -485, 458, 26, 561, 131, 580, 146, 351, 634, 
634, 341, -292, -488, 463, 24, 566, 131, 575, 146, 351, 634, 
644, 351, -292, -497, 468, 29, 556, 126, 575, 146, 351, 634, 
644, 351, -292, -497, 468, 29, 556, 126, 575, 146, 351, 634, 
639, 351, -287, -495, 463, 31, 556, 126, 580, 151, 351, 634, 
639, 351, -287, -495, 463, 31, 556, 126, 580, 151, 356, 634, 
639, 351, -287, -495, 463, 31, 556, 141, 575, 146, 356, 639, 
639, 351, -287, -495, 463, 31, 561, 141, 575, 146, 356, 644, 
639, 351, -287, -495, 463, 31, 561, 141, 580, 151, 361, 644, 
644, 351, -292, -497, 468, 29, 561, 146, 580, 156, 361, 649, 
644, 351, -292, -497, 468, 29, 561, 146, 580, 156, 361, 649, 
644, 361, -283, -502, 463, 39, 561, 146, 580, 156, 361, 658, 
644, 361, -283, -502, 463, 39, 566, 151, 580, 156, 361, 658, 
644, 356, -287, -500, 466, 34, 570, 156, 585, 156, 361, 663, 
649, 366, -283, -507, 466, 41, 570, 165, 585, 156, 361, 653, 
653, 370, -283, -512, 468, 43, 570, 165, 585, 156, 361, 653, 
658, 370, -287, -514, 473, 41, 570, 170, 585, 156, 361, 653, 
658, 370, -287, -514, 473, 41, 570, 170, 590, 161, 361, 653, 
658, 380, -278, -519, 468, 51, 575, 161, 590, 161, 361, 663, 
658, 385, -273, -522, 466, 56, 575, 170, 590, 161, 361, 663, 
658, 385, -273, -522, 466, 56, 575, 170, 595, 161, 366, 663, 
658, 390, -268, -524, 463, 61, 575, 175, 595, 161, 366, 658, 
649, 385, -263, -517, 456, 61, 580, 190, 600, 161, 366, 668, 
649, 380, -268, -514, 458, 56, 580, 195, 600, 161, 366, 668, 
653, 370, -283, -512, 468, 43, 580, 200, 600, 161, 366, 668, 
653, 366, -287, -509, 470, 39, 585, 204, 600, 161, 366, 668, 
653, 370, -283, -512, 468, 43, 595, 204, 610, 161, 356, 673, 
653, 370, -283, -512, 468, 43, 605, 209, 610, 161, 361, 673, 
653, 375, -278, -514, 466, 48, 605, 214, 610, 161, 361, 673, 
653, 375, -278, -514, 466, 48, 605, 219, 619, 156, 361, 678, 
653, 375, -278, -514, 466, 48, 595, 224, 624, 156, 366, 678, 
653, 380, -273, -517, 463, 53, 600, 229, 624, 161, 366, 678, 
653, 385, -268, -519, 461, 58, 600, 234, 624, 161, 361, 678, 
653, 390, -263, -522, 458, 63, 605, 239, 624, 161, 361, 678, 
663, 390, -273, -527, 468, 58, 610, 244, 639, 165, 375, 678, 
663, 400, -263, -531, 463, 68, 610, 248, 644, 175, 380, 688, 
663, 400, -263, -531, 463, 68, 610, 253, 649, 185, 390, 688, 
663, 400, -263, -531, 463, 68, 610, 263, 649, 195, 400, 683, 
663, 409, -253, -536, 458, 78, 610, 268, 649, 190, 390, 683, 
663, 414, -248, -539, 456, 82, 614, 283, 653, 185, 390, 688, 
663, 414, -248, -539, 456, 82, 614, 287, 653, 190, 390, 688, 
668, 419, -248, -544, 458, 85, 619, 292, 658, 190, 390, 692, 
658, 414, -244, -536, 451, 85, 634, 307, 663, 180, 385, 692, 
668, 419, -248, -544, 458, 85, 634, 317, 668, 180, 385, 688, 
673, 424, -248, -549, 461, 87, 634, 326, 673, 180, 390, 688, 
673, 429, -244, -551, 458, 92, 639, 331, 678, 190, 395, 697, 
673, 424, -248, -549, 461, 87, 639, 331, 673, 195, 395, 697, 
673, 424, -248, -549, 461, 87, 639, 336, 678, 200, 395, 697, 
673, 429, -244, -551, 458, 92, 639, 346, 683, 200, 400, 702, 
673, 434, -239, -553, 456, 97, 644, 351, 688, 204, 409, 702, 
683, 448, -234, -566, 458, 107, 644, 370, 697, 224, 414, 717, 
683, 448, -234, -566, 458, 107, 644, 375, 707, 234, 414, 717, 
683, 453, -229, -568, 456, 112, 644, 380, 717, 239, 414, 717, 
683, 453, -229, -568, 456, 112, 644, 390, 722, 244, 414, 722, 
697, 463, -234, -580, 466, 114, 653, 395, 717, 244, 424, 712, 
697, 473, -224, -585, 461, 124, 653, 400, 722, 239, 424, 712, 
697, 473, -224, -585, 461, 124, 653, 405, 722, 244, 429, 717, 
697, 473, -224, -585, 461, 124, 653, 409, 722, 239, 439, 717, 
697, 463, -234, -580, 466, 114, 653, 414, 727, 229, 434, 727, 
697, 473, -224, -585, 461, 124, 653, 414, 727, 229, 429, 732, 
702, 478, -224, -590, 463, 126, 653, 419, 727, 234, 424, 732, 
707, 478, -229, -592, 468, 124, 649, 419, 727, 234, 424, 732, 
712, 492, -219, -602, 466, 136, 639, 424, 727, 244, 429, 732, 
712, 492, -219, -602, 466, 136, 639, 424, 727, 244, 429, 736, 
712, 492, -219, -602, 466, 136, 639, 424, 727, 248, 434, 736, 
712, 497, -214, -605, 463, 141, 639, 429, 732, 248, 434, 741, 
712, 497, -214, -605, 463, 141, 649, 439, 732, 253, 439, 751, 
717, 497, -219, -607, 468, 139, 644, 439, 732, 253, 439, 751, 
717, 497, -219, -607, 468, 139, 644, 439, 732, 253, 444, 751, 
717, 497, -219, -607, 468, 139, 639, 439, 727, 253, 453, 751, 
727, 497, -229, -612, 478, 134, 624, 424, 717, 253, 444, 751, 
727, 502, -224, -614, 475, 139, 619, 419, 717, 248, 444, 751, 
727, 502, -224, -614, 475, 139, 614, 405, 717, 248, 444, 751, 
727, 497, -229, -612, 478, 134, 610, 395, 712, 248, 444, 751, 
732, 488, -244, -610, 488, 122, 595, 390, 707, 244, 434, 741, 
732, 488, -244, -610, 488, 122, 590, 380, 702, 234, 434, 741, 
732, 488, -244, -610, 488, 122, 580, 366, 697, 229, 434, 746, 
727, 488, -239, -607, 483, 124, 575, 351, 692, 219, 434, 746, 
736, 488, -248, -612, 492, 119, 580, 336, 692, 219, 434, 746, 
736, 488, -248, -612, 492, 119, 570, 322, 688, 219, 434, 746, 
736, 483, -253, -610, 495, 114, 566, 307, 683, 214, 429, 746, 
736, 473, -263, -605, 500, 104, 556, 292, 673, 204, 429, 746, 
727, 483, -244, -605, 485, 119, 551, 268, 668, 214, 439, 756, 
727, 478, -248, -602, 488, 114, 546, 253, 658, 209, 434, 751, 
722, 478, -244, -600, 483, 117, 536, 239, 653, 209, 434, 751, 
722, 473, -248, -597, 485, 112, 531, 229, 644, 204, 429, 751, 
732, 478, -253, -605, 492, 112, 527, 224, 639, 200, 424, 751, 
727, 473, -253, -600, 490, 109, 527, 214, 634, 195, 424, 746, 
727, 468, -258, -597, 492, 104, 522, 200, 624, 190, 424, 746, 
727, 468, -258, -597, 492, 104, 512, 185, 619, 185, 424, 746, 
717, 448, -268, -583, 492, 90, 512, 165, 614, 180, 409, 741, 
712, 444, -268, -578, 490, 87, 507, 156, 605, 175, 405, 741, 
712, 439, -273, -575, 492, 82, 502, 151, 600, 165, 400, 736, 
712, 434, -278, -573, 495, 78, 502, 141, 595, 161, 400, 732, 
707, 429, -278, -568, 492, 75, 497, 122, 585, 161, 395, 727, 
707, 424, -283, -566, 495, 70, 492, 117, 580, 161, 390, 727, 
702, 424, -278, -563, 490, 73, 492, 112, 575, 156, 385, 727, 
702, 424, -278, -563, 490, 73, 492, 102, 570, 151, 385, 727, 
702, 429, -273, -566, 488, 78, 488, 102, 566, 146, 385, 722, 
702, 424, -278, -563, 490, 73, 478, 97, 561, 141, 385, 722, 
702, 424, -278, -563, 490, 73, 473, 87, 561, 141, 385, 722, 
697, 419, -278, -558, 488, 70, 468, 82, 561, 136, 380, 717, 
697, 424, -273, -561, 485, 75, 473, 73, 556, 131, 380, 717, 
697, 424, -273, -561, 485, 75, 473, 68, 551, 131, 380, 717, 
697, 419, -278, -558, 488, 70, 473, 68, 546, 126, 380, 717, 
697, 419, -278, -558, 488, 70, 468, 63, 541, 126, 370, 712, 
702, 429, -273, -566, 488, 78, 468, 68, 541, 122, 361, 712, 
702, 424, -278, -563, 490, 73, 468, 68, 541, 122, 361, 712, 
702, 424, -278, -563, 490, 73, 468, 68, 536, 117, 361, 712, 
702, 424, -278, -563, 490, 73, 463, 63, 536, 117, 351, 707, 
702, 419, -283, -561, 492, 68, 463, 63, 527, 112, 351, 697, 
697, 409, -287, -553, 492, 61, 463, 63, 522, 107, 351, 697, 
692, 400, -292, -546, 492, 53, 463, 63, 522, 97, 351, 697, 
688, 395, -292, -541, 490, 51, 458, 63, 517, 92, 346, 697, 
697, 409, -287, -553, 492, 61, 458, 58, 527, 97, 346, 702, 
697, 409, -287, -553, 492, 61, 458, 58, 527, 97, 346, 702, 
697, 409, -287, -553, 492, 61, 463, 58, 527, 97, 346, 702, 
692, 409, -283, -551, 488, 63, 463, 58, 527, 102, 346, 707, 
702, 414, -287, -558, 495, 63, 463, 58, 517, 102, 346, 707, 
702, 414, -287, -558, 495, 63, 463, 58, 517, 97, 346, 707, 
702, 414, -287, -558, 495, 63, 463, 63, 517, 97, 346, 707, 
702, 414, -287, -558, 495, 63, 463, 63, 517, 97, 346, 707, 
702, 414, -287, -558, 495, 63, 453, 58, 517, 87, 346, 712, 
702, 414, -287, -558, 495, 63, 453, 58, 517, 82, 346, 707, 
702, 414, -287, -558, 495, 63, 458, 63, 517, 82, 346, 702, 
702, 414, -287, -558, 495, 63, 458, 63, 517, 82, 346, 702, 
702, 414, -287, -558, 495, 63, 463, 53, 527, 82, 336, 702, 
702, 414, -287, -558, 495, 63, 463, 53, 527, 82, 336, 707, 
702, 414, -287, -558, 495, 63, 463, 53, 527, 82, 341, 707, 
697, 414, -283, -556, 490, 65, 463, 53, 527, 87, 341, 707, 
697, 405, -292, -551, 495, 56, 463, 63, 522, 87, 346, 707, 
702, 405, -297, -553, 500, 53, 463, 63, 522, 92, 346, 707, 
702, 405, -297, -553, 500, 53, 463, 58, 522, 92, 346, 707, 
702, 409, -292, -556, 497, 58, 463, 58, 522, 92, 346, 707, 
702, 414, -287, -558, 495, 63, 463, 53, 512, 92, 336, 702, 
702, 419, -283, -561, 492, 68, 463, 53, 512, 92, 336, 702, 
702, 424, -278, -563, 490, 73, 458, 53, 512, 92, 336, 702, 
702, 429, -273, -566, 488, 78, 458, 53, 517, 92, 336, 702, 
702, 429, -273, -566, 488, 78, 458, 53, 517, 92, 346, 712, 
702, 429, -273, -566, 488, 78, 458, 53, 522, 92, 346, 712, 
702, 429, -273, -566, 488, 78, 458, 48, 522, 92, 346, 712, 
702, 429, -273, -566, 488, 78, 458, 48, 522, 92, 346, 712, 
702, 434, -268, -568, 485, 82, 448, 43, 531, 107, 351, 722, 
702, 434, -268, -568, 485, 82, 448, 43, 531, 107, 351, 722, 
702, 434, -268, -568, 485, 82, 448, 39, 531, 107, 351, 722, 
702, 444, -258, -573, 480, 92, 448, 39, 531, 107, 351, 722, 
702, 448, -253, -575, 478, 97, 448, 39, 531, 102, 346, 727, 
702, 448, -253, -575, 478, 97, 448, 39, 531, 102, 351, 727, 
702, 453, -248, -578, 475, 102, 448, 39, 531, 102, 351, 722, 
702, 458, -244, -580, 473, 107, 448, 34, 536, 102, 351, 722, 
702, 463, -239, -583, 470, 112, 448, 34, 536, 102, 361, 722, 
702, 463, -239, -583, 470, 112, 448, 34, 536, 107, 366, 732, 
702, 463, -239, -583, 470, 112, 448, 34, 546, 112, 366, 732, 
702, 468, -234, -585, 468, 117, 448, 34, 546, 112, 366, 732, 
712, 463, -248, -588, 480, 107, 458, 34, 531, 112, 356, 732, 
712, 463, -248, -588, 480, 107, 458, 39, 531, 112, 356, 732, 
712, 463, -248, -588, 480, 107, 458, 39, 531, 112, 356, 736, 
712, 463, -248, -588, 480, 107, 458, 39, 531, 112, 356, 736, 
712, 453, -258, -583, 485, 97, 458, 29, 531, 107, 366, 732, 
712, 448, -263, -580, 488, 92, 458, 29, 541, 107, 366, 732, 
712, 448, -263, -580, 488, 92, 453, 29, 541, 107, 361, 732, 
712, 448, -263, -580, 488, 92, 453, 29, 541, 107, 361, 732, 
712, 458, -253, -585, 483, 102, 453, 39, 541, 97, 351, 732, 
712, 458, -253, -585, 483, 102, 453, 39, 541, 97, 351, 732, 
712, 463, -248, -588, 480, 107, 453, 39, 541, 97, 351, 732, 
712, 463, -248, -588, 480, 107, 453, 39, 541, 97, 351, 732, 
712, 468, -244, -590, 478, 112, 453, 39, 541, 107, 351, 741, 
712, 468, -244, -590, 478, 112, 453, 39, 541, 107, 351, 741, 
712, 468, -244, -590, 478, 112, 453, 34, 541, 107, 356, 746, 
712, 468, -244, -590, 478, 112, 453, 34, 541, 107, 356, 746, 
712, 473, -239, -592, 475, 117, 453, 34, 541, 97, 356, 736, 
712, 473, -239, -592, 475, 117, 453, 34, 541, 97, 356, 736, 
712, 473, -239, -592, 475, 117, 453, 34, 541, 102, 356, 736, 
712, 468, -244, -590, 478, 112, 453, 34, 541, 102, 356, 736, 
722, 468, -253, -595, 488, 107, 453, 34, 531, 102, 356, 746, 
717, 468, -248, -592, 483, 109, 453, 34, 531, 102, 356, 746, 
717, 468, -248, -592, 483, 109, 453, 34, 536, 102, 361, 746, 
717, 468, -248, -592, 483, 109, 453, 34, 536, 102, 361, 741, 
712, 458, -253, -585, 483, 102, 453, 34, 546, 107, 356, 741, 
712, 458, -253, -585, 483, 102, 453, 34, 541, 107, 356, 741, 
712, 458, -253, -585, 483, 102, 453, 34, 541, 112, 356, 741, 
712, 458, -253, -585, 483, 102, 453, 34, 541, 117, 356, 741, 
722, 463, -258, -592, 490, 102, 453, 34, 531, 107, 361, 741, 
722, 468, -253, -595, 488, 107, 453, 34, 531, 107, 361, 741, 
722, 473, -248, -597, 485, 112, 453, 34, 531, 107, 361, 741, 
722, 478, -244, -600, 483, 117, 453, 34, 531, 107, 356, 741, 
722, 473, -248, -597, 485, 112, 453, 34, 522, 102, 356, 741, 
722, 468, -253, -595, 488, 107, 453, 34, 522, 97, 356, 741, 
722, 463, -258, -592, 490, 102, 458, 29, 517, 92, 356, 741, 
722, 458, -263, -590, 492, 97, 458, 29, 517, 87, 356, 741, 
722, 463, -258, -592, 490, 102, 444, 29, 527, 97, 351, 741, 
717, 463, -253, -590, 485, 104, 444, 29, 527, 97, 351, 741, 
717, 463, -253, -590, 485, 104, 448, 29, 527, 97, 346, 741, 
712, 458, -253, -585, 483, 102, 448, 29, 527, 97, 346, 741, 
702, 468, -234, -585, 468, 117, 448, 19, 527, 102, 356, 741, 
702, 468, -234, -585, 468, 117, 444, 19, 527, 107, 356, 741, 
707, 468, -239, -588, 473, 114, 444, 19, 527, 112, 356, 741, 
707, 468, -239, -588, 473, 114, 444, 19, 527, 112, 356, 741, 
717, 478, -239, -597, 478, 119, 444, 19, 527, 102, 346, 741, 
717, 478, -239, -597, 478, 119, 444, 19, 527, 102, 346, 741, 
717, 478, -239, -597, 478, 119, 444, 19, 527, 102, 346, 741, 
717, 478, -239, -597, 478, 119, 444, 14, 527, 102, 346, 741, 
722, 468, -253, -595, 488, 107, 444, 14, 527, 102, 336, 751, 
722, 463, -258, -592, 490, 102, 448, 14, 522, 102, 336, 751, 
722, 463, -258, -592, 490, 102, 448, 14, 522, 102, 336, 746, 
727, 463, -263, -595, 495, 100, 448, 14, 522, 102, 336, 746, 
717, 463, -253, -590, 485, 104, 458, 14, 512, 87, 336, 756, 
712, 463, -248, -588, 480, 107, 458, 14, 512, 87, 336, 756, 
712, 463, -248, -588, 480, 107, 458, 14, 512, 87, 336, 756, 
712, 458, -253, -585, 483, 102, 453, 14, 512, 87, 331, 756, 
717, 468, -248, -592, 483, 109, 444, 14, 512, 87, 331, 746, 
717, 468, -248, -592, 483, 109, 444, 14, 517, 87, 331, 751, 
712, 468, -244, -590, 478, 112, 444, 14, 517, 87, 336, 751, 
712, 468, -244, -590, 478, 112, 444, 9, 517, 87, 336, 751, 
722, 458, -263, -590, 492, 97, 453, 19, 522, 87, 336, 751, 
722, 458, -263, -590, 492, 97, 453, 19, 522, 87, 336, 746, 
722, 458, -263, -590, 492, 97, 453, 19, 522, 87, 336, 746, 
722, 453, -268, -588, 495, 92, 453, 19, 522, 87, 331, 746, 
712, 453, -258, -583, 485, 97, 453, 14, 512, 87, 326, 756, 
712, 448, -263, -580, 488, 92, 453, 14, 512, 87, 326, 756, 
712, 448, -263, -580, 488, 92, 453, 14, 507, 87, 326, 751, 
707, 453, -253, -580, 480, 100, 453, 14, 507, 87, 317, 751, 
707, 453, -253, -580, 480, 100, 453, 9, 507, 82, 317, 751, 
707, 448, -258, -578, 483, 95, 453, 9, 507, 82, 317, 751, 
712, 448, -263, -580, 488, 92, 453, 4, 507, 82, 317, 751, 
712, 453, -258, -583, 485, 97, 448, 4, 502, 82, 317, 751, 
722, 453, -268, -588, 495, 92, 439, 4, 502, 92, 331, 751, 
722, 453, -268, -588, 495, 92, 444, 4, 502, 92, 331, 751, 
722, 453, -268, -588, 495, 92, 444, 4, 502, 92, 331, 751, 
722, 448, -273, -585, 497, 87, 444, 4, 502, 92, 326, 751, 
722, 439, -283, -580, 502, 78, 453, 4, 512, 82, 317, 751, 
722, 439, -283, -580, 502, 78, 453, 4, 512, 82, 317, 751, 
722, 444, -278, -583, 500, 82, 453, 9, 512, 87, 317, 756, 
722, 444, -278, -583, 500, 82, 453, 9, 512, 87, 322, 756, 
722, 448, -273, -585, 497, 87, 453, 9, 512, 97, 331, 756, 
722, 453, -268, -588, 495, 92, 453, 9, 512, 92, 336, 756, 
717, 458, -258, -588, 488, 100, 453, 4, 512, 92, 336, 756, 
717, 463, -253, -590, 485, 104, 453, 4, 512, 92, 331, 756, 
717, 483, -234, -600, 475, 124, 453, 4, 522, 112, 341, 766, 
727, 483, -244, -605, 485, 119, 444, 4, 512, 102, 336, 766, 
727, 468, -258, -597, 492, 104, 453, 4, 512, 82, 326, 766, 
727, 468, -258, -597, 492, 104, 444, 4, 512, 73, 317, 756, 
732, 478, -253, -605, 492, 112, 448, 0, 507, 78, 322, 751, 
722, 473, -248, -597, 485, 112, 448, 9, 497, 78, 312, 751, 
722, 468, -253, -595, 488, 107, 448, 9, 497, 78, 312, 751, 
722, 463, -258, -592, 490, 102, 448, 9, 497, 78, 312, 751, 
722, 458, -263, -590, 492, 97, 448, 9, 497, 78, 312, 751, 
722, 458, -263, -590, 492, 97, 448, 0, 497, 82, 312, 756, 
722, 453, -268, -588, 495, 92, 448, 0, 497, 82, 312, 756, 
722, 453, -268, -588, 495, 92, 448, 0, 497, 87, 317, 756, 
722, 453, -268, -588, 495, 92, 448, 0, 497, 87, 317, 756, 
732, 463, -268, -597, 500, 97, 448, 9, 507, 82, 317, 756, 
732, 468, -263, -600, 497, 102, 448, 14, 507, 82, 312, 761, 
732, 468, -263, -600, 497, 102, 448, 14, 512, 82, 312, 761, 
732, 468, -263, -600, 497, 102, 448, 14, 512, 78, 312, 761, 
722, 458, -263, -590, 492, 97, 448, 14, 512, 87, 302, 761, 
722, 463, -258, -592, 490, 102, 448, 9, 512, 92, 307, 761, 
722, 468, -253, -595, 488, 107, 448, 9, 517, 92, 307, 761, 
722, 473, -248, -597, 485, 112, 448, 9, 517, 92, 307, 761, 
722, 483, -239, -602, 480, 122, 458, 14, 522, 107, 322, 771, 
722, 492, -229, -607, 475, 131, 458, 14, 527, 107, 322, 775, 
722, 497, -224, -610, 473, 136, 458, 14, 531, 117, 326, 775, 
722, 502, -219, -612, 470, 141, 458, 14, 531, 117, 331, 785, 
736, 507, -229, -622, 483, 139, 458, 14, 541, 126, 351, 785, 
736, 517, -219, -627, 478, 148, 463, 14, 541, 126, 351, 785, 
736, 522, -214, -629, 475, 153, 463, 14, 546, 126, 351, 785, 
736, 522, -214, -629, 475, 153, 463, 14, 551, 126, 351, 790, 
736, 522, -214, -629, 475, 153, 468, 14, 546, 126, 341, 790, 
736, 522, -214, -629, 475, 153, 473, 14, 546, 131, 346, 790, 
736, 522, -214, -629, 475, 153, 473, 14, 551, 131, 346, 795, 
736, 527, -209, -631, 473, 158, 473, 14, 551, 131, 346, 795, 
736, 517, -219, -627, 478, 148, 478, 14, 561, 122, 336, 795, 
736, 517, -219, -627, 478, 148, 478, 24, 561, 126, 336, 795, 
741, 517, -224, -629, 483, 146, 488, 34, 566, 131, 341, 800, 
746, 522, -224, -634, 485, 148, 478, 34, 570, 131, 341, 800, 
756, 522, -234, -639, 495, 143, 473, 43, 580, 136, 346, 800, 
756, 527, -229, -641, 492, 148, 468, 39, 580, 141, 351, 810, 
756, 536, -219, -646, 488, 158, 468, 34, 585, 146, 356, 810, 
766, 536, -229, -651, 497, 153, 463, 34, 585, 146, 356, 810, 
766, 541, -224, -653, 495, 158, 453, 29, 575, 156, 370, 814, 
771, 541, -229, -656, 500, 156, 444, 24, 570, 156, 370, 814, 
771, 541, -229, -656, 500, 156, 434, 14, 566, 151, 366, 810, 
766, 546, -219, -656, 492, 163, 434, 9, 561, 151, 361, 810, 
766, 546, -219, -656, 492, 163, 414, 0, 546, 136, 356, 814, 
766, 546, -219, -656, 492, 163, 409, -4, 541, 126, 351, 814, 
771, 546, -224, -658, 497, 161, 405, -9, 541, 126, 341, 814, 
771, 541, -229, -656, 500, 156, 405, -14, 531, 126, 336, 814, 
771, 541, -229, -656, 500, 156, 405, -24, 541, 122, 346, 810, 
775, 536, -239, -656, 507, 148, 405, -14, 541, 122, 341, 810, 
780, 536, -244, -658, 512, 146, 409, -9, 541, 126, 341, 810, 
780, 531, -248, -656, 514, 141, 409, -9, 541, 126, 346, 810, 
785, 536, -248, -661, 517, 143, 419, 0, 531, 131, 336, 819, 
785, 531, -253, -658, 519, 139, 424, 0, 531, 126, 336, 819, 
785, 527, -258, -656, 522, 134, 424, 0, 527, 126, 331, 819, 
780, 527, -253, -653, 517, 136, 424, 4, 527, 126, 326, 819, 
771, 512, -258, -641, 514, 126, 429, 9, 531, 126, 326, 805, 
766, 512, -253, -639, 509, 129, 439, 9, 531, 126, 326, 805, 
756, 512, -244, -634, 500, 134, 439, 9, 531, 126, 326, 805, 
756, 502, -253, -629, 505, 124, 439, 4, 527, 126, 326, 805, 
751, 497, -253, -624, 502, 122, 439, 4, 527, 122, 322, 805, 
746, 492, -253, -619, 500, 119, 448, 4, 522, 122, 322, 800, 
736, 492, -244, -614, 490, 124, 448, 4, 522, 112, 312, 790, 
727, 483, -244, -605, 485, 119, 448, 4, 522, 112, 312, 785, 
732, 488, -244, -610, 488, 122, 453, 0, 507, 107, 312, 795, 
727, 478, -248, -602, 488, 114, 453, 0, 502, 107, 307, 790, 
722, 468, -253, -595, 488, 107, 453, 0, 497, 102, 297, 785, 
722, 463, -258, -592, 490, 102, 458, 0, 497, 97, 297, 780, 
722, 453, -268, -588, 495, 92, 458, -4, 497, 102, 302, 780, 
717, 448, -268, -583, 492, 90, 458, -4, 497, 97, 297, 775, 
717, 448, -268, -583, 492, 90, 458, -4, 497, 97, 292, 775, 
717, 444, -273, -580, 495, 85, 458, -9, 492, 92, 287, 775, 
717, 448, -268, -583, 492, 90, 458, -9, 497, 92, 278, 780, 
717, 444, -273, -580, 495, 85, 458, -9, 492, 92, 283, 780, 
712, 444, -268, -578, 490, 87, 458, -9, 492, 87, 283, 780, 
712, 439, -273, -575, 492, 82, 458, -14, 492, 82, 273, 780, 
712, 444, -268, -578, 490, 87, 468, -14, 492, 78, 273, 766, 
707, 439, -268, -573, 488, 85, 468, -14, 492, 78, 273, 766, 
707, 439, -268, -573, 488, 85, 468, -9, 492, 78, 273, 766, 
707, 439, -268, -573, 488, 85, 473, -9, 488, 78, 268, 766, 
717, 439, -278, -578, 497, 80, 463, -14, 478, 68, 268, 771, 
707, 439, -268, -573, 488, 85, 463, -14, 478, 68, 268, 771, 
707, 434, -273, -570, 490, 80, 463, -9, 478, 68, 268, 771, 
717, 434, -283, -575, 500, 75, 468, -9, 483, 68, 268, 771, 
717, 434, -283, -575, 500, 75, 468, -9, 483, 73, 268, 771, 
712, 429, -283, -570, 497, 73, 468, -9, 483, 73, 263, 766, 
707, 429, -278, -568, 492, 75, 468, -9, 483, 73, 263, 766, 
707, 429, -278, -568, 492, 75, 473, -9, 483, 68, 263, 771, 
702, 424, -278, -563, 490, 73, 483, -9, 488, 78, 253, 771, 
702, 414, -287, -558, 495, 63, 478, -4, 488, 73, 253, 766, 
697, 409, -287, -553, 492, 61, 478, -4, 483, 73, 253, 766, 
697, 405, -292, -551, 495, 56, 478, -9, 483, 78, 253, 766, 
688, 409, -278, -549, 483, 65, 483, -19, 488, 78, 244, 766, 
688, 414, -273, -551, 480, 70, 483, -24, 492, 82, 248, 766, 
688, 414, -273, -551, 480, 70, 478, -29, 502, 87, 253, 771, 
683, 414, -268, -549, 475, 73, 478, -29, 507, 97, 253, 775, 
673, 424, -248, -549, 461, 87, 492, 0, 507, 97, 258, 785, 
683, 424, -258, -553, 470, 82, 502, 34, 517, 97, 268, 790, 
688, 424, -263, -556, 475, 80, 522, 78, 531, 117, 278, 795, 
712, 434, -278, -573, 495, 78, 522, 97, 531, 136, 297, 800, 
722, 434, -287, -578, 505, 73, 478, 48, 483, 146, 312, 805, 
766, 444, -322, -605, 544, 61, 370, -63, 409, 136, 331, 819, 
829, 468, -361, -649, 595, 53, 248, -165, 331, 146, 366, 849, 
878, 483, -395, -680, 636, 43, 151, -234, 263, 156, 395, 873, 
922, 492, -429, -707, 675, 31, 73, -287, 234, 175, 434, 907, 
976, 522, -453, -749, 714, 34, -4, -341, 214, 224, 497, 961, 
1039, 590, -448, -814, 744, 70, -131, -424, 200, 297, 585, 1044, 
1112, 673, -439, -893, 775, 117, -258, -527, 180, 370, 673, 1122, 
1161, 727, -434, -944, 797, 146, -361, -634, 156, 409, 736, 1171, 
1215, 761, -453, -988, 834, 153, -439, -712, 126, 439, 771, 1210, 
1254, 761, -492, -1007, 873, 134, -502, -751, 102, 448, 795, 1234, 
1278, 736, -541, -1007, 910, 97, -531, -771, 63, 414, 775, 1224, 
1298, 683, -614, -990, 956, 34, -512, -771, -9, 312, 707, 1185, 
1298, 590, -707, -944, 1002, -58, -502, -761, -107, 175, 600, 1122, 
1288, 458, -829, -873, 1058, -185, -448, -692, -224, -24, 429, 1019, 
1278, 292, -985, -785, 1132, -346, -380, -595, -346, -253, 244, 902, 
1254, 161, -1093, -707, 1173, -466, -322, -541, -439, -434, 82, 800, 
1220, 43, -1176, -631, 1198, -566, -268, -512, -502, -551, -34, 722, 
1180, -48, -1229, -566, 1205, -639, -200, -463, -507, -605, -97, 658, 
1161, -73, -1234, -544, 1198, -653, -126, -395, -473, -600, -126, 634, 
1146, -53, -1200, -546, 1173, -627, -39, -322, -400, -566, -126, 634, 
1117, -39, -1156, -539, 1137, -597, 43, -244, -317, -531, -122, 634, 
1088, -19, -1107, -534, 1098, -563, 126, -185, -253, -492, -112, 634, 
1063, 9, -1054, -536, 1058, -522, 185, -161, -200, -453, -97, 639, 
1039, 29, -1010, -534, 1024, -490, 229, -131, -146, -424, -87, 634, 
1010, 58, -951, -534, 980, -446, 278, -92, -78, -375, -73, 649, 
980, 97, -883, -539, 932, -392, 322, -78, 0, -317, -43, 663, 
946, 126, -819, -536, 883, -346, 346, -73, 58, -278, -14, 673, 
922, 156, -766, -539, 844, -305, 361, -63, 97, -248, 0, 673, 
888, 190, -697, -539, 793, -253, 385, -43, 156, -200, 19, 697, 
844, 219, -624, -531, 734, -202, 419, -24, 229, -151, 48, 727, 
805, 244, -561, -524, 683, -158, 453, -9, 283, -117, 82, 756, 
785, 268, -517, -527, 651, -124, 468, -4, 317, -82, 107, 775, 
780, 322, -458, -551, 619, -68, 468, 0, 346, -48, 141, 795, 
766, 356, -409, -561, 588, -26, 483, 9, 370, -14, 170, 824, 
756, 385, -370, -570, 563, 7, 488, 14, 395, 14, 180, 839, 
751, 395, -356, -573, 553, 19, 478, 4, 400, 24, 190, 849, 
746, 400, -346, -573, 546, 26, 478, 4, 414, 19, 190, 849, 
727, 405, -322, -566, 524, 41, 483, 9, 424, 29, 200, 854, 
727, 424, -302, -575, 514, 61, 497, 14, 434, 48, 200, 858, 
736, 439, -297, -588, 517, 70, 507, 19, 448, 63, 209, 873, 
722, 429, -292, -575, 507, 68, 507, 29, 463, 68, 209, 873, 
702, 424, -278, -563, 490, 73, 517, 34, 473, 73, 214, 878, 
707, 444, -263, -575, 485, 90, 527, 39, 488, 78, 219, 878, 
707, 444, -263, -575, 485, 90, 527, 39, 492, 82, 219, 883, 
707, 444, -263, -575, 485, 90, 527, 39, 492, 82, 219, 883, 
707, 444, -263, -575, 485, 90, 527, 39, 488, 82, 224, 883, 
717, 458, -258, -588, 488, 100, 527, 34, 488, 82, 224, 893, 
717, 458, -258, -588, 488, 100, 527, 34, 488, 87, 224, 893, 
712, 458, -253, -585, 483, 102, 527, 34, 488, 92, 224, 893, 
712, 458, -253, -585, 483, 102, 527, 43, 497, 92, 229, 893, 
717, 473, -244, -595, 480, 114, 527, 34, 488, 92, 219, 883, 
717, 473, -244, -595, 480, 114, 527, 34, 492, 92, 219, 893, 
717, 473, -244, -595, 480, 114, 531, 34, 497, 97, 224, 897, 
717, 473, -244, -595, 480, 114, 536, 34, 502, 97, 229, 897, 
717, 463, -253, -590, 485, 104, 536, 48, 507, 102, 229, 897, 
712, 468, -244, -590, 478, 112, 536, 48, 507, 107, 229, 897, 
707, 468, -239, -588, 473, 114, 536, 48, 502, 112, 229, 893, 
702, 468, -234, -585, 468, 117, 541, 48, 497, 112, 224, 893, 
702, 468, -234, -585, 468, 117, 541, 53, 497, 102, 224, 893, 
702, 473, -229, -588, 466, 122, 536, 53, 507, 112, 224, 893, 
702, 473, -229, -588, 466, 122, 536, 53, 507, 112, 224, 893, 
702, 473, -229, -588, 466, 122, 536, 53, 507, 112, 229, 893, 
702, 483, -219, -592, 461, 131, 536, 58, 512, 102, 219, 883, 
702, 483, -219, -592, 461, 131, 541, 63, 512, 102, 219, 883, 
702, 483, -219, -592, 461, 131, 546, 63, 517, 102, 219, 888, 
702, 483, -219, -592, 461, 131, 546, 63, 517, 107, 219, 888, 
702, 483, -219, -592, 461, 131, 546, 53, 517, 117, 219, 878, 
702, 483, -219, -592, 461, 131, 546, 53, 517, 117, 219, 878, 
702, 483, -219, -592, 461, 131, 551, 58, 517, 117, 219, 878, 
702, 488, -214, -595, 458, 136, 551, 58, 517, 117, 214, 878, 
712, 488, -224, -600, 468, 131, 546, 58, 517, 107, 214, 878, 
712, 488, -224, -600, 468, 131, 546, 58, 517, 112, 214, 878, 
712, 483, -229, -597, 470, 126, 551, 63, 517, 112, 214, 873, 
712, 483, -229, -597, 470, 126, 551, 63, 522, 112, 214, 873, 
702, 492, -209, -597, 456, 141, 551, 63, 517, 112, 224, 883, 
702, 492, -209, -597, 456, 141, 551, 63, 517, 112, 224, 883, 
702, 492, -209, -597, 456, 141, 551, 63, 517, 112, 224, 883, 
702, 492, -209, -597, 456, 141, 551, 63, 517, 112, 224, 883, 
712, 492, -219, -602, 466, 136, 541, 68, 522, 112, 214, 873, 
707, 492, -214, -600, 461, 139, 541, 68, 522, 112, 214, 878, 
707, 497, -209, -602, 458, 143, 541, 73, 522, 117, 214, 878, 
712, 497, -214, -605, 463, 141, 546, 73, 517, 117, 214, 878, 
722, 502, -219, -612, 470, 141, 556, 78, 517, 117, 214, 878, 
722, 507, -214, -614, 468, 146, 556, 78, 517, 117, 214, 878, 
717, 512, -204, -614, 461, 153, 556, 78, 522, 122, 214, 878, 
717, 517, -200, -617, 458, 158, 556, 78, 522, 122, 219, 878, 
707, 517, -190, -612, 448, 163, 556, 82, 527, 117, 209, 878, 
707, 517, -190, -612, 448, 163, 561, 82, 527, 117, 209, 878, 
707, 517, -190, -612, 448, 163, 561, 82, 531, 122, 214, 873, 
712, 517, -195, -614, 453, 161, 561, 87, 531, 126, 214, 873, 
702, 512, -190, -607, 446, 161, 551, 87, 531, 126, 204, 863, 
702, 517, -185, -610, 444, 165, 551, 87, 531, 126, 204, 873, 
702, 512, -190, -607, 446, 161, 556, 92, 531, 126, 204, 873, 
702, 502, -200, -602, 451, 151, 561, 97, 536, 126, 204, 878, 
702, 512, -190, -607, 446, 161, 551, 87, 536, 117, 204, 873, 
702, 517, -185, -610, 444, 165, 551, 87, 536, 117, 204, 868, 
702, 517, -185, -610, 444, 165, 551, 92, 536, 117, 204, 863, 
697, 517, -180, -607, 439, 168, 551, 92, 541, 122, 204, 858, 
707, 527, -180, -617, 444, 173, 566, 92, 541, 131, 204, 868, 
707, 531, -175, -619, 441, 178, 566, 102, 541, 131, 204, 868, 
707, 531, -175, -619, 441, 178, 566, 102, 546, 131, 209, 868, 
707, 536, -170, -622, 439, 183, 566, 107, 546, 131, 209, 863, 
717, 546, -170, -631, 444, 187, 570, 112, 551, 131, 209, 863, 
717, 546, -170, -631, 444, 187, 570, 117, 551, 131, 209, 863, 
722, 541, -180, -631, 451, 180, 570, 122, 551, 131, 209, 863, 
722, 541, -180, -631, 451, 180, 575, 126, 551, 131, 209, 863, 
722, 546, -175, -634, 448, 185, 575, 126, 561, 136, 200, 868, 
722, 546, -175, -634, 448, 185, 585, 131, 561, 141, 204, 868, 
722, 551, -170, -636, 446, 190, 585, 136, 561, 146, 204, 868, 
722, 551, -170, -636, 446, 190, 585, 141, 570, 146, 204, 873, 
712, 551, -161, -631, 436, 195, 585, 156, 575, 146, 219, 873, 
712, 556, -156, -634, 434, 200, 590, 161, 575, 151, 219, 873, 
712, 561, -151, -636, 431, 204, 590, 165, 575, 151, 214, 873, 
712, 566, -146, -639, 429, 209, 595, 170, 575, 151, 214, 873, 
712, 575, -136, -644, 424, 219, 600, 175, 580, 151, 214, 873, 
712, 585, -126, -649, 419, 229, 600, 180, 585, 156, 214, 883, 
712, 585, -126, -649, 419, 229, 600, 185, 590, 161, 219, 883, 
712, 585, -126, -649, 419, 229, 600, 195, 590, 165, 224, 878, 
722, 585, -136, -653, 429, 224, 600, 195, 600, 156, 214, 878, 
722, 590, -131, -656, 427, 229, 605, 204, 605, 156, 214, 883, 
722, 590, -131, -656, 427, 229, 605, 204, 605, 165, 214, 883, 
727, 595, -131, -661, 429, 231, 610, 204, 610, 170, 214, 888, 
717, 605, -112, -661, 414, 246, 614, 219, 624, 180, 224, 897, 
727, 614, -112, -671, 419, 251, 614, 229, 629, 180, 229, 893, 
732, 624, -107, -678, 419, 258, 614, 239, 634, 180, 239, 893, 
732, 634, -97, -683, 414, 268, 619, 244, 639, 190, 248, 902, 
741, 649, -92, -695, 417, 278, 610, 244, 634, 204, 239, 893, 
741, 649, -92, -695, 417, 278, 610, 248, 639, 209, 239, 893, 
741, 653, -87, -697, 414, 283, 610, 258, 644, 209, 244, 897, 
741, 658, -82, -700, 412, 287, 614, 263, 649, 214, 253, 897, 
751, 653, -97, -702, 424, 278, 624, 273, 653, 214, 248, 893, 
751, 653, -97, -702, 424, 278, 624, 278, 658, 214, 248, 893, 
751, 658, -92, -705, 422, 283, 624, 283, 663, 209, 248, 893, 
751, 658, -92, -705, 422, 283, 624, 292, 663, 204, 248, 897, 
756, 658, -97, -707, 427, 280, 624, 287, 658, 209, 258, 888, 
756, 668, -87, -712, 422, 290, 624, 292, 663, 209, 258, 888, 
756, 668, -87, -712, 422, 290, 624, 297, 663, 219, 263, 893, 
756, 668, -87, -712, 422, 290, 624, 302, 663, 219, 273, 893, 
761, 668, -92, -714, 427, 287, 624, 297, 668, 229, 273, 893, 
756, 678, -78, -717, 417, 300, 624, 297, 668, 229, 273, 897, 
756, 683, -73, -719, 414, 305, 624, 302, 668, 234, 273, 897, 
756, 683, -73, -719, 414, 305, 619, 302, 668, 234, 278, 897, 
761, 697, -63, -729, 412, 317, 610, 307, 668, 224, 278, 897, 
761, 697, -63, -729, 412, 317, 610, 307, 668, 224, 273, 902, 
761, 697, -63, -729, 412, 317, 610, 307, 668, 229, 273, 902, 
761, 702, -58, -732, 409, 322, 610, 312, 673, 229, 268, 907, 
761, 712, -48, -736, 405, 331, 610, 302, 663, 224, 268, 907, 
766, 712, -53, -739, 409, 329, 605, 302, 663, 224, 263, 907, 
766, 712, -53, -739, 409, 329, 605, 302, 663, 224, 263, 907, 
766, 712, -53, -739, 409, 329, 600, 302, 658, 224, 268, 907, 
775, 702, -73, -739, 424, 314, 595, 292, 658, 234, 258, 907, 
775, 707, -68, -741, 422, 319, 590, 292, 658, 229, 258, 907, 
775, 707, -68, -741, 422, 319, 585, 283, 658, 229, 258, 907, 
775, 702, -73, -739, 424, 314, 580, 278, 653, 229, 258, 907, 
771, 702, -68, -736, 419, 317, 575, 273, 649, 229, 258, 897, 
771, 702, -68, -736, 419, 317, 570, 263, 644, 224, 258, 897, 
771, 702, -68, -736, 419, 317, 561, 248, 639, 224, 258, 902, 
766, 702, -63, -734, 414, 319, 556, 234, 634, 219, 258, 902, 
766, 702, -63, -734, 414, 319, 561, 219, 634, 209, 258, 893, 
766, 702, -63, -734, 414, 319, 551, 204, 629, 209, 258, 893, 
766, 697, -68, -732, 417, 314, 546, 190, 624, 204, 253, 893, 
766, 688, -78, -727, 422, 305, 536, 175, 614, 195, 253, 893, 
766, 688, -78, -727, 422, 305, 541, 170, 610, 195, 244, 883, 
766, 683, -82, -724, 424, 300, 536, 156, 600, 190, 239, 878, 
761, 683, -78, -722, 419, 302, 527, 141, 595, 190, 239, 878, 
761, 678, -82, -719, 422, 297, 522, 131, 585, 185, 234, 878, 
751, 673, -78, -712, 414, 297, 517, 117, 580, 170, 229, 868, 
746, 668, -78, -707, 412, 295, 517, 107, 575, 165, 229, 863, 
746, 663, -82, -705, 414, 290, 512, 92, 566, 161, 229, 863, 
746, 663, -82, -705, 414, 290, 502, 78, 561, 156, 229, 863, 
746, 653, -92, -700, 419, 280, 492, 68, 556, 151, 224, 849, 
741, 649, -92, -695, 417, 278, 488, 58, 546, 146, 219, 849, 
741, 644, -97, -692, 419, 273, 483, 53, 541, 136, 214, 844, 
741, 639, -102, -690, 422, 268, 483, 43, 536, 131, 214, 839, 
746, 644, -102, -695, 424, 270, 478, 43, 527, 131, 209, 834, 
746, 639, -107, -692, 427, 265, 473, 39, 522, 131, 204, 834, 
741, 639, -102, -690, 422, 268, 473, 34, 517, 126, 200, 834, 
741, 639, -102, -690, 422, 268, 473, 24, 512, 122, 200, 834, 
741, 644, -97, -692, 419, 273, 483, 14, 517, 126, 200, 829, 
741, 639, -102, -690, 422, 268, 478, 9, 512, 122, 200, 829, 
741, 639, -102, -690, 422, 268, 478, 0, 512, 122, 200, 829, 
736, 634, -102, -685, 419, 265, 478, -4, 512, 117, 195, 824, 
736, 619, -117, -678, 427, 251, 463, -4, 507, 112, 185, 819, 
736, 619, -117, -678, 427, 251, 463, -9, 502, 112, 185, 814, 
736, 614, -122, -675, 429, 246, 463, -9, 497, 107, 185, 810, 
736, 614, -122, -675, 429, 246, 458, -14, 492, 107, 175, 800, 
722, 605, -117, -663, 419, 244, 463, -19, 492, 97, 165, 790, 
722, 600, -122, -661, 422, 239, 468, -19, 492, 92, 165, 790, 
722, 600, -122, -661, 422, 239, 473, -19, 488, 82, 165, 790, 
722, 600, -122, -661, 422, 239, 473, -24, 488, 78, 156, 785, 
727, 600, -126, -663, 427, 236, 473, -14, 488, 87, 165, 785, 
727, 595, -131, -661, 429, 231, 473, -14, 483, 87, 165, 785, 
727, 590, -136, -658, 431, 226, 473, -14, 483, 82, 165, 785, 
727, 590, -136, -658, 431, 226, 468, -14, 478, 82, 161, 785, 
727, 595, -131, -661, 429, 231, 458, -29, 478, 78, 161, 771, 
727, 595, -131, -661, 429, 231, 458, -29, 478, 78, 161, 771, 
727, 595, -131, -661, 429, 231, 463, -29, 478, 78, 161, 771, 
722, 595, -126, -658, 424, 234, 463, -29, 478, 82, 161, 775, 
722, 600, -122, -661, 422, 239, 463, -29, 488, 82, 151, 766, 
722, 600, -122, -661, 422, 239, 463, -29, 488, 78, 151, 766, 
722, 600, -122, -661, 422, 239, 463, -24, 488, 78, 151, 766, 
722, 600, -122, -661, 422, 239, 463, -24, 488, 78, 151, 766, 
712, 610, -102, -661, 407, 253, 463, -29, 478, 87, 161, 771, 
712, 610, -102, -661, 407, 253, 463, -29, 478, 82, 161, 766, 
712, 610, -102, -661, 407, 253, 468, -24, 478, 82, 161, 761, 
712, 610, -102, -661, 407, 253, 468, -24, 478, 82, 161, 761, 
722, 610, -112, -666, 417, 248, 463, -34, 478, 73, 151, 761, 
722, 610, -112, -666, 417, 248, 463, -34, 478, 73, 151, 766, 
722, 610, -112, -666, 417, 248, 463, -34, 478, 73, 156, 766, 
717, 610, -107, -663, 412, 251, 463, -34, 478, 78, 156, 766, 
717, 614, -102, -666, 409, 256, 463, -34, 492, 87, 170, 766, 
722, 619, -102, -671, 412, 258, 463, -34, 492, 92, 170, 766, 
722, 624, -97, -673, 409, 263, 463, -39, 492, 92, 170, 766, 
722, 634, -87, -678, 405, 273, 463, -39, 492, 92, 170, 766, 
722, 634, -87, -678, 405, 273, 463, -34, 492, 92, 170, 771, 
722, 634, -87, -678, 405, 273, 463, -34, 492, 92, 170, 771, 
722, 634, -87, -678, 405, 273, 458, -34, 492, 92, 170, 771, 
722, 634, -87, -678, 405, 273, 458, -34, 497, 92, 170, 771, 
722, 634, -87, -678, 405, 273, 458, -34, 488, 92, 180, 771, 
722, 634, -87, -678, 405, 273, 458, -34, 492, 92, 180, 771, 
722, 634, -87, -678, 405, 273, 458, -39, 492, 92, 180, 771, 
722, 634, -87, -678, 405, 273, 458, -39, 492, 92, 180, 771, 
712, 639, -73, -675, 392, 283, 458, -34, 502, 97, 185, 771, 
712, 639, -73, -675, 392, 283, 458, -34, 502, 97, 185, 771, 
712, 639, -73, -675, 392, 283, 458, -39, 502, 97, 185, 771, 
712, 649, -63, -680, 387, 292, 458, -39, 502, 97, 185, 771, 
722, 649, -73, -685, 397, 287, 448, -48, 502, 102, 180, 775, 
722, 644, -78, -683, 400, 283, 448, -48, 502, 102, 185, 775, 
722, 644, -78, -683, 400, 283, 448, -48, 502, 102, 185, 771, 
722, 644, -78, -683, 400, 283, 448, -53, 507, 102, 185, 771, 
712, 658, -53, -685, 383, 302, 448, -53, 507, 92, 185, 761, 
712, 658, -53, -685, 383, 302, 448, -53, 507, 97, 190, 771, 
712, 658, -53, -685, 383, 302, 448, -53, 517, 102, 190, 771, 
712, 663, -48, -688, 380, 307, 448, -53, 517, 102, 190, 771, 
717, 668, -48, -692, 383, 309, 448, -53, 502, 102, 180, 771, 
722, 668, -53, -695, 387, 307, 448, -48, 502, 102, 180, 771, 
727, 668, -58, -697, 392, 305, 448, -48, 502, 102, 180, 775, 
732, 668, -63, -700, 397, 302, 448, -48, 502, 102, 180, 775, 
732, 678, -53, -705, 392, 312, 448, -48, 502, 97, 190, 790, 
732, 673, -58, -702, 395, 307, 448, -48, 512, 97, 190, 790, 
732, 673, -58, -702, 395, 307, 444, -48, 512, 97, 185, 790, 
732, 673, -58, -702, 395, 307, 444, -48, 512, 97, 185, 790, 
722, 673, -48, -697, 385, 312, 444, -48, 512, 107, 185, 800, 
722, 673, -48, -697, 385, 312, 444, -48, 512, 107, 185, 800, 
722, 678, -43, -700, 383, 317, 444, -48, 512, 107, 185, 800, 
722, 678, -43, -700, 383, 317, 444, -48, 512, 107, 185, 800, 
712, 683, -29, -697, 370, 326, 453, -48, 522, 107, 185, 800, 
712, 683, -29, -697, 370, 326, 453, -48, 522, 107, 185, 800, 
712, 683, -29, -697, 370, 326, 453, -53, 522, 107, 190, 805, 
712, 683, -29, -697, 370, 326, 453, -53, 522, 107, 190, 805, 
712, 678, -34, -695, 373, 322, 453, -43, 522, 107, 190, 805, 
712, 678, -34, -695, 373, 322, 453, -43, 522, 107, 190, 805, 
712, 678, -34, -695, 373, 322, 453, -43, 522, 112, 190, 805, 
712, 673, -39, -692, 375, 317, 453, -43, 522, 112, 190, 805, 
717, 678, -39, -697, 378, 319, 444, -53, 512, 112, 190, 805, 
717, 683, -34, -700, 375, 324, 444, -53, 512, 112, 190, 805, 
722, 688, -34, -705, 378, 326, 444, -53, 517, 112, 195, 805, 
727, 692, -34, -710, 380, 329, 444, -53, 517, 112, 195, 800, 
722, 683, -39, -702, 380, 322, 453, -53, 517, 102, 180, 800, 
722, 683, -39, -702, 380, 322, 453, -53, 512, 97, 180, 800, 
722, 683, -39, -702, 380, 322, 453, -53, 512, 97, 180, 800, 
722, 683, -39, -702, 380, 322, 453, -53, 512, 97, 180, 800, 
722, 673, -48, -697, 385, 312, 463, -53, 512, 97, 185, 800, 
722, 673, -48, -697, 385, 312, 463, -53, 512, 97, 185, 800, 
722, 673, -48, -697, 385, 312, 463, -53, 512, 97, 185, 800, 
722, 673, -48, -697, 385, 312, 463, -53, 512, 97, 180, 800, 
712, 673, -39, -692, 375, 317, 453, -53, 512, 87, 170, 790, 
712, 673, -39, -692, 375, 317, 453, -53, 512, 87, 170, 790, 
712, 673, -39, -692, 375, 317, 458, -58, 507, 87, 170, 790, 
712, 673, -39, -692, 375, 317, 458, -58, 507, 87, 170, 790, 
712, 658, -53, -685, 383, 302, 463, -58, 517, 87, 175, 780, 
707, 658, -48, -683, 378, 305, 463, -58, 517, 87, 175, 780, 
707, 658, -48, -683, 378, 305, 468, -58, 517, 87, 170, 780, 
702, 653, -48, -678, 375, 302, 468, -58, 517, 87, 170, 780, 
702, 653, -48, -678, 375, 302, 458, -58, 517, 87, 180, 775, 
702, 653, -48, -678, 375, 302, 453, -58, 517, 87, 180, 771, 
707, 653, -53, -680, 380, 300, 453, -58, 517, 87, 180, 766, 
707, 653, -53, -680, 380, 300, 453, -58, 517, 82, 180, 761, 
697, 653, -43, -675, 370, 305, 453, -58, 507, 82, 180, 761, 
697, 653, -43, -675, 370, 305, 453, -58, 507, 82, 180, 761, 
697, 653, -43, -675, 370, 305, 453, -58, 507, 82, 180, 761, 
697, 653, -43, -675, 370, 305, 453, -63, 507, 82, 180, 761, 
702, 663, -39, -683, 370, 312, 453, -73, 507, 82, 170, 751, 
702, 658, -43, -680, 373, 307, 458, -73, 502, 82, 170, 751, 
702, 658, -43, -680, 373, 307, 458, -73, 502, 82, 170, 746, 
707, 658, -48, -683, 378, 305, 458, -73, 502, 82, 170, 746, 
707, 649, -58, -678, 383, 295, 458, -73, 492, 68, 170, 736, 
702, 649, -53, -675, 378, 297, 458, -73, 492, 68, 170, 736, 
702, 649, -53, -675, 378, 297, 458, -73, 492, 68, 170, 736, 
702, 644, -58, -673, 380, 292, 453, -73, 492, 68, 165, 736, 
707, 644, -63, -675, 385, 290, 453, -73, 492, 68, 165, 727, 
707, 644, -63, -675, 385, 290, 453, -73, 497, 68, 165, 732, 
702, 644, -58, -673, 380, 292, 453, -73, 497, 68, 170, 732, 
702, 644, -58, -673, 380, 292, 453, -78, 497, 68, 170, 732, 
692, 644, -48, -668, 370, 297, 463, -78, 502, 68, 170, 732, 
692, 644, -48, -668, 370, 297, 463, -78, 502, 68, 170, 727, 
692, 644, -48, -668, 370, 297, 463, -78, 502, 68, 170, 727, 
692, 639, -53, -666, 373, 292, 463, -78, 502, 68, 165, 727, 
692, 649, -43, -671, 368, 302, 463, -73, 502, 68, 170, 736, 
692, 644, -48, -668, 370, 297, 463, -73, 502, 68, 170, 736, 
692, 644, -48, -668, 370, 297, 463, -73, 497, 68, 170, 732, 
688, 649, -39, -668, 363, 305, 463, -73, 497, 68, 161, 732, 
688, 639, -48, -663, 368, 295, 463, -68, 507, 63, 170, 722, 
688, 634, -53, -661, 370, 290, 463, -68, 507, 63, 170, 722, 
692, 634, -58, -663, 375, 287, 463, -73, 507, 63, 170, 722, 
692, 639, -53, -666, 373, 292, 458, -73, 502, 63, 170, 722, 
683, 639, -43, -661, 363, 297, 468, -73, 512, 63, 175, 712, 
683, 639, -43, -661, 363, 297, 473, -73, 512, 63, 175, 712, 
683, 639, -43, -661, 363, 297, 473, -73, 512, 63, 175, 712, 
683, 634, -48, -658, 366, 292, 473, -73, 512, 63, 170, 712, 
692, 634, -58, -663, 375, 287, 468, -82, 502, 53, 161, 702, 
692, 634, -58, -663, 375, 287, 463, -82, 502, 53, 161, 702, 
692, 639, -53, -666, 373, 292, 458, -78, 502, 58, 161, 707, 
692, 639, -53, -666, 373, 292, 453, -78, 502, 58, 165, 707, 
692, 639, -53, -666, 373, 292, 453, -78, 502, 58, 165, 707, 
692, 639, -53, -666, 373, 292, 453, -78, 502, 53, 170, 707, 
688, 639, -48, -663, 368, 295, 453, -82, 502, 53, 170, 707, 
688, 639, -48, -663, 368, 295, 453, -82, 502, 53, 165, 707, 
688, 639, -48, -663, 368, 295, 453, -82, 502, 53, 156, 717, 
688, 639, -48, -663, 368, 295, 453, -82, 502, 53, 161, 717, 
688, 634, -53, -661, 370, 290, 453, -82, 502, 53, 161, 717, 
688, 634, -53, -661, 370, 290, 453, -82, 502, 53, 161, 717, 
688, 629, -58, -658, 373, 285, 463, -82, 502, 43, 165, 717, 
688, 629, -58, -658, 373, 285, 463, -82, 512, 43, 165, 717, 
688, 639, -48, -663, 368, 295, 463, -73, 512, 53, 165, 727, 
683, 624, -58, -653, 370, 283, 468, -78, 507, 48, 165, 732, 
683, 629, -53, -656, 368, 287, 458, -87, 507, 39, 165, 741, 
683, 634, -48, -658, 366, 292, 458, -87, 507, 39, 165, 741, 
683, 639, -43, -661, 363, 297, 458, -87, 507, 39, 165, 741, 
683, 644, -39, -663, 361, 302, 458, -87, 507, 39, 165, 741, 
692, 653, -39, -673, 366, 307, 458, -78, 507, 39, 165, 746, 
692, 649, -43, -671, 368, 302, 458, -78, 507, 43, 165, 746, 
692, 649, -43, -671, 368, 302, 458, -78, 507, 53, 170, 746, 
692, 649, -43, -671, 368, 302, 458, -78, 507, 58, 170, 746, 
683, 639, -43, -661, 363, 297, 458, -87, 497, 53, 170, 746, 
683, 644, -39, -663, 361, 302, 458, -82, 497, 53, 165, 751, 
683, 644, -39, -663, 361, 302, 458, -82, 502, 53, 165, 751, 
683, 644, -39, -663, 361, 302, 458, -82, 502, 48, 165, 751, 
683, 644, -39, -663, 361, 302, 458, -82, 502, 39, 175, 761, 
683, 649, -34, -666, 358, 307, 458, -87, 502, 43, 180, 761, 
683, 653, -29, -668, 356, 312, 458, -87, 507, 43, 180, 761, 
683, 658, -24, -671, 353, 317, 458, -87, 507, 43, 180, 761, 
683, 658, -24, -671, 353, 317, 458, -82, 522, 48, 175, 761, 
683, 668, -14, -675, 348, 326, 458, -82, 527, 48, 175, 766, 
683, 673, -9, -678, 346, 331, 458, -82, 531, 58, 180, 766, 
683, 678, -4, -680, 344, 336, 458, -82, 531, 58, 185, 775, 
688, 673, -14, -680, 351, 329, 468, -73, 541, 68, 185, 775, 
688, 683, -4, -685, 346, 339, 473, -73, 541, 68, 185, 775, 
688, 688, 0, -688, 344, 344, 473, -73, 546, 68, 185, 775, 
688, 688, 0, -688, 344, 344, 473, -73, 551, 68, 185, 780, 
688, 697, 9, -692, 339, 353, 478, -63, 556, 78, 190, 790, 
688, 697, 9, -692, 339, 353, 483, -63, 556, 82, 200, 790, 
688, 697, 9, -692, 339, 353, 483, -63, 561, 82, 204, 795, 
688, 702, 14, -695, 336, 358, 483, -63, 561, 82, 209, 795, 
688, 692, 4, -690, 341, 348, 488, -73, 561, 82, 200, 795, 
688, 692, 4, -690, 341, 348, 488, -63, 561, 87, 200, 795, 
692, 692, 0, -692, 346, 346, 497, -53, 566, 92, 204, 800, 
697, 697, 0, -697, 348, 348, 488, -53, 570, 92, 204, 800, 
697, 717, 19, -707, 339, 368, 483, -53, 570, 87, 219, 810, 
697, 722, 24, -710, 336, 373, 478, -58, 570, 92, 224, 819, 
697, 732, 34, -714, 331, 383, 478, -63, 575, 97, 229, 819, 
707, 732, 24, -719, 341, 378, 473, -63, 575, 97, 229, 819, 
717, 732, 14, -724, 351, 373, 453, -53, 585, 107, 234, 824, 
722, 727, 4, -724, 358, 366, 444, -53, 580, 107, 234, 824, 
722, 722, 0, -722, 361, 361, 434, -58, 575, 102, 229, 819, 
717, 722, 4, -719, 356, 363, 434, -58, 570, 102, 224, 819, 
717, 722, 4, -719, 356, 363, 434, -78, 556, 97, 214, 824, 
717, 722, 4, -719, 356, 363, 429, -82, 551, 87, 214, 824, 
722, 722, 0, -722, 361, 361, 424, -87, 551, 87, 209, 824, 
722, 717, -4, -719, 363, 356, 424, -92, 541, 87, 209, 824, 
712, 717, 4, -714, 353, 361, 424, -82, 541, 82, 209, 824, 
717, 712, -4, -714, 361, 353, 424, -73, 541, 82, 204, 829, 
722, 712, -9, -717, 366, 351, 429, -68, 541, 87, 204, 834, 
722, 707, -14, -714, 368, 346, 429, -68, 541, 87, 209, 839, 
736, 702, -34, -719, 385, 334, 429, -68, 541, 82, 209, 829, 
736, 697, -39, -717, 387, 329, 434, -68, 541, 78, 209, 829, 
736, 692, -43, -714, 390, 324, 434, -68, 536, 78, 204, 829, 
732, 692, -39, -712, 385, 326, 434, -63, 536, 78, 200, 829, 
732, 678, -53, -705, 392, 312, 439, -68, 531, 68, 209, 824, 
727, 678, -48, -702, 387, 314, 448, -68, 531, 68, 209, 824, 
717, 678, -39, -697, 378, 319, 448, -68, 531, 68, 209, 824, 
717, 668, -48, -692, 383, 309, 448, -73, 527, 68, 209, 824, 
702, 663, -39, -683, 370, 312, 448, -73, 527, 63, 195, 834, 
697, 658, -39, -678, 368, 309, 458, -73, 522, 63, 195, 829, 
688, 658, -29, -673, 358, 314, 458, -73, 522, 53, 185, 819, 
678, 649, -29, -663, 353, 309, 458, -73, 522, 53, 185, 814, 
683, 653, -29, -668, 356, 312, 473, -78, 527, 48, 195, 814, 
678, 644, -34, -661, 356, 305, 473, -78, 522, 48, 190, 810, 
673, 634, -39, -653, 356, 297, 473, -78, 517, 43, 180, 805, 
673, 629, -43, -651, 358, 292, 478, -78, 517, 39, 180, 800, 
673, 619, -53, -646, 363, 283, 478, -73, 507, 34, 165, 800, 
668, 614, -53, -641, 361, 280, 478, -73, 507, 29, 161, 795, 
668, 614, -53, -641, 361, 280, 478, -73, 507, 29, 156, 795, 
668, 610, -58, -639, 363, 275, 478, -78, 502, 24, 151, 795, 
658, 605, -53, -631, 356, 275, 478, -78, 507, 24, 151, 800, 
658, 600, -58, -629, 358, 270, 478, -78, 502, 24, 156, 800, 
653, 600, -53, -627, 353, 273, 478, -78, 502, 19, 156, 800, 
653, 595, -58, -624, 356, 268, 478, -82, 502, 14, 146, 800, 
653, 590, -63, -622, 358, 263, 478, -82, 492, 9, 146, 795, 
649, 585, -63, -617, 356, 261, 478, -82, 492, 9, 146, 795, 
649, 585, -63, -617, 356, 261, 478, -78, 492, 9, 146, 795, 
649, 585, -63, -617, 356, 261, 483, -78, 488, 9, 141, 795, 
658, 585, -73, -622, 366, 256, 473, -82, 488, 0, 141, 790, 
649, 585, -63, -617, 356, 261, 473, -82, 488, 0, 141, 790, 
649, 580, -68, -614, 358, 256, 473, -78, 488, 0, 141, 790, 
658, 580, -78, -619, 368, 251, 478, -78, 492, 0, 141, 790, 
658, 570, -87, -614, 373, 241, 488, -78, 502, 14, 141, 795, 
653, 566, -87, -610, 370, 239, 488, -78, 502, 14, 136, 795, 
649, 566, -82, -607, 366, 241, 488, -78, 502, 14, 136, 800, 
649, 566, -82, -607, 366, 241, 492, -78, 502, 9, 136, 810, 
653, 570, -82, -612, 368, 244, 492, -78, 497, 0, 126, 810, 
653, 570, -82, -612, 368, 244, 488, -73, 497, -4, 126, 805, 
649, 575, -73, -612, 361, 251, 488, -73, 492, -4, 126, 805, 
649, 580, -68, -614, 358, 256, 488, -78, 492, 0, 126, 805, 
639, 580, -58, -610, 348, 261, 483, -78, 497, 9, 136, 814, 
639, 580, -58, -610, 348, 261, 483, -82, 502, 14, 141, 814, 
639, 575, -63, -607, 351, 256, 478, -87, 512, 19, 146, 819, 
634, 570, -63, -602, 348, 253, 478, -87, 517, 29, 146, 824, 
624, 590, -34, -607, 329, 278, 483, -78, 527, 19, 151, 834, 
624, 590, -34, -607, 329, 278, 502, -43, 536, 29, 161, 849, 
639, 600, -39, -619, 339, 280, 502, -9, 551, 48, 170, 854, 
653, 600, -53, -627, 353, 273, 492, 0, 541, 68, 190, 858, 
673, 590, -82, -631, 378, 253, 439, -58, 492, 68, 195, 873, 
697, 590, -107, -644, 402, 241, 341, -141, 419, 58, 214, 888, 
751, 614, -136, -683, 444, 239, 229, -214, 370, 78, 248, 917, 
810, 619, -190, -714, 500, 214, 131, -263, 322, 97, 278, 941, 
854, 629, -224, -741, 539, 202, 63, -307, 273, 107, 307, 956, 
907, 658, -248, -783, 578, 204, -4, -351, 244, 146, 351, 990, 
971, 727, -244, -849, 607, 241, -122, -434, 229, 209, 439, 1063, 
1034, 800, -234, -917, 634, 283, -248, -527, 209, 273, 527, 1122, 
1093, 854, -239, -973, 666, 307, -351, -605, 204, 341, 600, 1180, 
1137, 858, -278, -997, 707, 290, -429, -673, 185, 390, 644, 1220, 
1185, 868, -317, -1027, 751, 275, -502, -722, 161, 409, 668, 1234, 
1229, 863, -366, -1046, 797, 248, -531, -732, 122, 395, 658, 1224, 
1239, 819, -419, -1029, 829, 200, -531, -722, 68, 322, 619, 1195, 
1259, 736, -522, -997, 890, 107, -522, -712, 0, 214, 541, 1161, 
1259, 624, -634, -941, 946, -4, -497, -673, -87, 53, 419, 1088, 
1249, 468, -780, -858, 1015, -156, -409, -575, -200, -175, 244, 971, 
1244, 307, -936, -775, 1090, -314, -341, -502, -331, -395, 63, 858, 
1239, 190, -1049, -714, 1144, -429, -287, -463, -424, -551, -73, 761, 
1200, 107, -1093, -653, 1146, -492, -209, -414, -468, -634, -165, 688, 
1171, 63, -1107, -617, 1139, -522, -126, -346, -444, -649, -204, 653, 
1156, 82, -1073, -619, 1115, -495, -39, -283, -370, -614, -204, 644, 
1117, 87, -1029, -602, 1073, -470, 53, -224, -307, -600, -209, 624, 
1078, 97, -980, -588, 1029, -441, 136, -185, -234, -570, -209, 624, 
1034, 107, -927, -570, 980, -409, 204, -161, -161, -522, -185, 629, 
1000, 107, -893, -553, 946, -392, 258, -141, -97, -483, -175, 634, 
971, 126, -844, -549, 907, -358, 297, -131, -39, -463, -161, 639, 
951, 165, -785, -558, 868, -309, 322, -117, 9, -434, -141, 653, 
927, 195, -732, -561, 829, -268, 346, -112, 68, -385, -112, 663, 
893, 214, -678, -553, 785, -231, 370, -102, 117, -346, -97, 663, 
849, 258, -590, -553, 719, -165, 385, -92, 156, -317, -78, 668, 
805, 287, -517, -546, 661, -114, 409, -73, 209, -268, -48, 678, 
746, 312, -434, -529, 590, -61, 453, -58, 273, -214, -24, 697, 
717, 336, -380, -527, 549, -21, 488, -53, 326, -170, 0, 717, 
712, 370, -341, -541, 527, 14, 497, -48, 366, -146, 34, 736, 
688, 395, -292, -541, 490, 51, 502, -48, 409, -122, 53, 756, 
678, 424, -253, -551, 466, 85, 507, -43, 424, -102, 73, 771, 
683, 444, -239, -563, 461, 102, 507, -43, 439, -92, 82, 771, 
668, 458, -209, -563, 439, 124, 507, -43, 444, -78, 92, 780, 
658, 473, -185, -566, 422, 143, 502, -48, 453, -78, 102, 785, 
658, 483, -175, -570, 417, 153, 517, -43, 453, -68, 102, 780, 
649, 488, -161, -568, 405, 163, 527, -39, 458, -63, 102, 785, 
634, 488, -146, -561, 390, 170, 546, -29, 483, -39, 112, 785, 
624, 483, -141, -553, 383, 170, 556, -14, 502, -34, 117, 790, 
619, 492, -126, -556, 373, 183, 556, -19, 517, -29, 122, 790, 
619, 492, -126, -556, 373, 183, 556, -19, 522, -24, 122, 795, 
619, 492, -126, -556, 373, 183, 556, -19, 522, -24, 122, 795, 
619, 492, -126, -556, 373, 183, 556, -19, 517, -24, 126, 795, 
629, 488, -141, -558, 385, 173, 566, -14, 507, -24, 126, 785, 
629, 488, -141, -558, 385, 173, 566, -14, 507, -19, 126, 785, 
624, 488, -136, -556, 380, 175, 566, -14, 507, -14, 126, 785, 
624, 488, -136, -556, 380, 175, 566, -4, 517, -14, 131, 785, 
610, 492, -117, -551, 363, 187, 566, -4, 527, -14, 131, 775, 
610, 492, -117, -551, 363, 187, 566, -4, 531, -14, 131, 785, 
610, 492, -117, -551, 363, 187, 570, -4, 536, -9, 136, 790, 
610, 492, -117, -551, 363, 187, 575, -4, 541, -9, 141, 790, 
614, 492, -122, -553, 368, 185, 566, 0, 546, -9, 141, 780, 
614, 497, -117, -556, 366, 190, 566, 0, 546, -9, 141, 780, 
614, 497, -117, -556, 366, 190, 566, 0, 541, -9, 141, 775, 
614, 497, -117, -556, 366, 190, 570, 0, 536, -14, 136, 775, 
614, 497, -117, -556, 366, 190, 580, -4, 536, -4, 136, 775, 
614, 502, -112, -558, 363, 195, 575, -4, 546, 4, 136, 775, 
614, 502, -112, -558, 363, 195, 575, -4, 546, 4, 136, 775, 
614, 502, -112, -558, 363, 195, 575, -4, 546, 4, 141, 775, 
614, 492, -122, -553, 368, 185, 575, 9, 561, 4, 131, 766, 
614, 492, -122, -553, 368, 185, 580, 14, 561, 4, 131, 766, 
614, 492, -122, -553, 368, 185, 585, 14, 566, 4, 131, 771, 
614, 492, -122, -553, 368, 185, 585, 14, 566, 9, 131, 771, 
614, 483, -131, -549, 373, 175, 585, 14, 566, 0, 141, 771, 
614, 483, -131, -549, 373, 175, 585, 14, 566, 0, 141, 771, 
614, 483, -131, -549, 373, 175, 590, 19, 566, 0, 141, 771, 
614, 488, -126, -551, 370, 180, 590, 19, 566, 0, 136, 771, 
614, 488, -126, -551, 370, 180, 585, 9, 566, 0, 136, 771, 
614, 488, -126, -551, 370, 180, 585, 9, 566, 4, 136, 771, 
614, 483, -131, -549, 373, 175, 590, 14, 566, 4, 136, 766, 
614, 483, -131, -549, 373, 175, 590, 14, 570, 4, 136, 766, 
605, 473, -131, -539, 368, 170, 600, 24, 575, 4, 136, 756, 
605, 473, -131, -539, 368, 170, 600, 24, 575, 4, 136, 756, 
605, 473, -131, -539, 368, 170, 600, 24, 575, 4, 136, 756, 
605, 473, -131, -539, 368, 170, 600, 24, 575, 4, 136, 756, 
605, 473, -131, -539, 368, 170, 600, 29, 580, 4, 136, 756, 
600, 473, -126, -536, 363, 173, 600, 29, 580, 4, 136, 761, 
600, 478, -122, -539, 361, 178, 600, 34, 580, 9, 136, 761, 
605, 478, -126, -541, 366, 175, 605, 34, 575, 9, 136, 761, 
605, 478, -126, -541, 366, 175, 605, 39, 585, 19, 146, 761, 
605, 478, -126, -541, 366, 175, 605, 39, 585, 19, 146, 761, 
600, 478, -122, -539, 361, 178, 605, 39, 590, 24, 146, 761, 
600, 478, -122, -539, 361, 178, 605, 39, 590, 24, 151, 761, 
600, 478, -122, -539, 361, 178, 614, 53, 595, 19, 151, 751, 
600, 478, -122, -539, 361, 178, 619, 53, 595, 19, 151, 751, 
600, 478, -122, -539, 361, 178, 619, 53, 600, 24, 156, 746, 
605, 478, -126, -541, 366, 175, 619, 58, 600, 29, 156, 746, 
605, 478, -126, -541, 366, 175, 610, 48, 590, 19, 156, 736, 
605, 488, -117, -546, 361, 185, 610, 48, 590, 19, 156, 746, 
605, 488, -117, -546, 361, 185, 614, 53, 590, 19, 156, 746, 
605, 483, -122, -544, 363, 180, 619, 58, 595, 19, 156, 751, 
605, 478, -126, -541, 366, 175, 619, 58, 605, 29, 156, 751, 
605, 478, -126, -541, 366, 175, 619, 58, 605, 29, 156, 751, 
605, 473, -131, -539, 368, 170, 619, 63, 605, 29, 156, 751, 
600, 468, -131, -534, 366, 168, 619, 63, 610, 34, 156, 751, 
610, 458, -151, -534, 380, 153, 624, 63, 610, 24, 146, 746, 
610, 463, -146, -536, 378, 158, 624, 73, 610, 24, 146, 741, 
610, 463, -146, -536, 378, 158, 624, 73, 614, 24, 151, 736, 
610, 468, -141, -539, 375, 163, 624, 78, 614, 24, 151, 727, 
610, 478, -131, -544, 370, 173, 629, 82, 619, 24, 151, 727, 
610, 478, -131, -544, 370, 173, 629, 87, 619, 24, 151, 727, 
614, 473, -141, -544, 378, 165, 629, 92, 619, 24, 151, 727, 
614, 473, -141, -544, 378, 165, 634, 97, 619, 24, 151, 727, 
605, 468, -136, -536, 370, 165, 634, 97, 629, 29, 161, 732, 
605, 468, -136, -536, 370, 165, 644, 102, 629, 34, 165, 732, 
605, 473, -131, -539, 368, 170, 644, 107, 629, 39, 165, 732, 
605, 473, -131, -539, 368, 170, 644, 112, 639, 39, 165, 736, 
605, 473, -131, -539, 368, 170, 653, 117, 644, 39, 170, 727, 
605, 478, -126, -541, 366, 175, 658, 122, 644, 43, 170, 727, 
605, 483, -122, -544, 363, 180, 658, 126, 644, 43, 165, 727, 
605, 488, -117, -546, 361, 185, 663, 131, 644, 43, 165, 727, 
605, 478, -126, -541, 366, 175, 668, 136, 649, 43, 175, 717, 
605, 488, -117, -546, 361, 185, 668, 141, 653, 48, 175, 727, 
605, 488, -117, -546, 361, 185, 668, 146, 658, 53, 180, 727, 
605, 488, -117, -546, 361, 185, 668, 156, 658, 58, 185, 722, 
595, 488, -107, -541, 351, 190, 668, 161, 678, 58, 185, 712, 
595, 492, -102, -544, 348, 195, 673, 175, 683, 58, 185, 717, 
595, 492, -102, -544, 348, 195, 673, 180, 683, 68, 185, 717, 
600, 497, -102, -549, 351, 197, 678, 185, 688, 73, 185, 722, 
600, 512, -87, -556, 344, 212, 692, 190, 692, 82, 190, 712, 
610, 517, -92, -563, 351, 212, 692, 200, 697, 82, 190, 707, 
614, 522, -92, -568, 353, 214, 692, 209, 702, 82, 195, 707, 
614, 527, -87, -570, 351, 219, 697, 214, 707, 92, 200, 717, 
624, 527, -97, -575, 361, 214, 707, 224, 712, 97, 209, 717, 
624, 522, -102, -573, 363, 209, 707, 229, 717, 102, 209, 717, 
624, 522, -102, -573, 363, 209, 707, 239, 722, 102, 214, 722, 
624, 522, -102, -573, 363, 209, 712, 244, 727, 107, 224, 722, 
614, 527, -87, -570, 351, 219, 712, 253, 732, 112, 219, 717, 
614, 527, -87, -570, 351, 219, 712, 258, 736, 117, 219, 717, 
614, 531, -82, -573, 348, 224, 712, 263, 741, 117, 219, 717, 
614, 531, -82, -573, 348, 224, 712, 273, 741, 117, 219, 722, 
629, 531, -97, -580, 363, 217, 722, 278, 756, 122, 229, 722, 
629, 541, -87, -585, 358, 226, 722, 283, 761, 122, 229, 722, 
629, 541, -87, -585, 358, 226, 722, 287, 761, 131, 234, 727, 
629, 541, -87, -585, 358, 226, 722, 292, 761, 131, 244, 727, 
629, 531, -97, -580, 363, 217, 722, 297, 756, 131, 244, 717, 
629, 541, -87, -585, 358, 226, 722, 297, 756, 131, 244, 722, 
634, 546, -87, -590, 361, 229, 722, 302, 756, 136, 244, 722, 
639, 546, -92, -592, 366, 226, 717, 302, 756, 136, 248, 722, 
644, 551, -92, -597, 368, 229, 717, 307, 756, 136, 253, 712, 
644, 551, -92, -597, 368, 229, 717, 307, 756, 136, 253, 717, 
644, 551, -92, -597, 368, 229, 717, 307, 756, 141, 258, 717, 
644, 556, -87, -600, 366, 234, 717, 312, 761, 141, 258, 722, 
653, 566, -87, -610, 370, 239, 707, 322, 771, 146, 268, 712, 
658, 566, -92, -612, 375, 236, 702, 322, 771, 146, 263, 712, 
658, 566, -92, -612, 375, 236, 702, 322, 771, 146, 263, 712, 
658, 566, -92, -612, 375, 236, 697, 322, 766, 146, 268, 712, 
658, 556, -102, -607, 380, 226, 702, 312, 756, 146, 268, 722, 
658, 561, -97, -610, 378, 231, 697, 312, 756, 141, 268, 722, 
658, 561, -97, -610, 378, 231, 692, 302, 756, 141, 268, 722, 
658, 556, -102, -607, 380, 226, 688, 297, 751, 141, 268, 722, 
653, 556, -97, -605, 375, 229, 673, 283, 756, 141, 268, 732, 
653, 556, -97, -605, 375, 229, 668, 273, 751, 136, 268, 732, 
653, 556, -97, -605, 375, 229, 658, 258, 746, 136, 268, 736, 
649, 556, -92, -602, 370, 231, 653, 244, 741, 131, 268, 736, 
649, 556, -92, -602, 370, 231, 649, 239, 732, 122, 258, 746, 
649, 556, -92, -602, 370, 231, 639, 224, 727, 122, 258, 746, 
649, 551, -97, -600, 373, 226, 634, 209, 722, 117, 253, 746, 
649, 541, -107, -595, 378, 217, 624, 195, 712, 107, 253, 746, 
658, 551, -107, -605, 383, 222, 619, 170, 707, 117, 253, 746, 
658, 546, -112, -602, 385, 217, 614, 156, 697, 112, 248, 741, 
653, 546, -107, -600, 380, 219, 605, 141, 692, 112, 248, 741, 
653, 541, -112, -597, 383, 214, 600, 131, 683, 107, 244, 741, 
644, 546, -97, -595, 370, 224, 595, 126, 678, 102, 239, 746, 
639, 541, -97, -590, 368, 222, 595, 117, 673, 97, 239, 746, 
639, 536, -102, -588, 370, 217, 590, 102, 663, 92, 239, 751, 
639, 536, -102, -588, 370, 217, 580, 87, 658, 87, 239, 756, 
644, 527, -117, -585, 380, 204, 590, 78, 653, 73, 234, 761, 
644, 522, -122, -583, 383, 200, 585, 68, 644, 68, 229, 761, 
649, 517, -131, -583, 390, 192, 580, 63, 639, 58, 224, 756, 
653, 512, -141, -583, 397, 185, 580, 53, 634, 53, 224, 751, 
639, 497, -141, -568, 390, 178, 566, 34, 624, 53, 219, 756, 
639, 492, -146, -566, 392, 173, 561, 29, 619, 53, 214, 756, 
634, 492, -141, -563, 387, 175, 561, 24, 614, 48, 209, 756, 
634, 492, -141, -563, 387, 175, 561, 14, 610, 43, 209, 756, 
624, 478, -146, -551, 385, 165, 561, 14, 595, 48, 209, 761, 
624, 473, -151, -549, 387, 161, 556, 9, 590, 43, 209, 761, 
624, 473, -151, -549, 387, 161, 556, 0, 590, 43, 209, 761, 
619, 468, -151, -544, 385, 158, 556, -4, 590, 39, 204, 756, 
619, 463, -156, -541, 387, 153, 551, -4, 595, 34, 204, 766, 
619, 463, -156, -541, 387, 153, 551, -9, 590, 34, 204, 766, 
619, 458, -161, -539, 390, 148, 551, -9, 585, 29, 204, 766, 
619, 458, -161, -539, 390, 148, 546, -14, 580, 29, 195, 761, 
614, 468, -146, -541, 380, 161, 546, -19, 590, 34, 195, 761, 
614, 463, -151, -539, 383, 156, 546, -19, 590, 34, 195, 761, 
614, 463, -151, -539, 383, 156, 546, -19, 585, 29, 195, 761, 
614, 463, -151, -539, 383, 156, 541, -24, 585, 29, 185, 756, 
619, 463, -156, -541, 387, 153, 541, -24, 585, 19, 195, 756, 
619, 458, -161, -539, 390, 148, 541, -24, 580, 19, 195, 756, 
619, 453, -165, -536, 392, 143, 541, -24, 580, 14, 195, 756, 
619, 453, -165, -536, 392, 143, 536, -24, 575, 14, 190, 756, 
619, 458, -161, -539, 390, 148, 536, -29, 566, 9, 190, 751, 
619, 458, -161, -539, 390, 148, 536, -29, 566, 9, 190, 751, 
619, 458, -161, -539, 390, 148, 541, -29, 566, 9, 190, 751, 
614, 458, -156, -536, 385, 151, 541, -29, 566, 14, 190, 756, 
624, 453, -170, -539, 397, 141, 551, -29, 566, 14, 190, 756, 
624, 453, -170, -539, 397, 141, 551, -29, 566, 9, 190, 756, 
624, 453, -170, -539, 397, 141, 551, -24, 566, 9, 190, 756, 
624, 453, -170, -539, 397, 141, 551, -24, 566, 9, 190, 756, 
614, 444, -170, -529, 392, 136, 541, -29, 566, 9, 190, 751, 
614, 444, -170, -529, 392, 136, 541, -29, 566, 4, 190, 746, 
614, 444, -170, -529, 392, 136, 546, -24, 566, 4, 190, 741, 
614, 444, -170, -529, 392, 136, 546, -24, 566, 4, 190, 741, 
605, 439, -165, -522, 385, 136, 551, -24, 566, 14, 180, 741, 
605, 434, -170, -519, 387, 131, 551, -24, 566, 14, 180, 746, 
605, 429, -175, -517, 390, 126, 551, -24, 566, 14, 185, 746, 
600, 424, -175, -512, 387, 124, 551, -24, 566, 19, 185, 746, 
610, 434, -175, -522, 392, 129, 551, -24, 570, 9, 190, 746, 
614, 434, -180, -524, 397, 126, 551, -24, 570, 14, 190, 746, 
614, 434, -180, -524, 397, 126, 551, -29, 570, 14, 190, 746, 
614, 439, -175, -527, 395, 131, 551, -29, 570, 14, 190, 746, 
614, 439, -175, -527, 395, 131, 551, -24, 580, 24, 195, 741, 
614, 439, -175, -527, 395, 131, 551, -24, 580, 24, 200, 741, 
614, 439, -175, -527, 395, 131, 546, -24, 580, 24, 204, 741, 
614, 439, -175, -527, 395, 131, 546, -24, 585, 24, 209, 741, 
614, 439, -175, -527, 395, 131, 546, -34, 585, 24, 200, 732, 
614, 439, -175, -527, 395, 131, 546, -34, 590, 24, 200, 732, 
614, 439, -175, -527, 395, 131, 546, -39, 590, 24, 200, 732, 
614, 439, -175, -527, 395, 131, 546, -39, 590, 24, 200, 732, 
614, 439, -175, -527, 395, 131, 546, -24, 590, 29, 204, 722, 
614, 434, -180, -524, 397, 126, 546, -24, 590, 29, 204, 722, 
614, 429, -185, -522, 400, 122, 546, -29, 590, 29, 204, 722, 
614, 434, -180, -524, 397, 126, 546, -29, 590, 29, 204, 722, 
614, 434, -180, -524, 397, 126, 546, -29, 590, 34, 209, 717, 
614, 429, -185, -522, 400, 122, 546, -29, 590, 34, 214, 717, 
614, 429, -185, -522, 400, 122, 546, -29, 590, 34, 214, 712, 
614, 429, -185, -522, 400, 122, 546, -34, 595, 34, 214, 712, 
610, 424, -185, -517, 397, 119, 546, -34, 585, 34, 214, 722, 
605, 424, -180, -514, 392, 122, 546, -34, 585, 39, 219, 732, 
600, 424, -175, -512, 387, 124, 546, -34, 595, 43, 219, 732, 
595, 429, -165, -512, 380, 131, 546, -34, 595, 43, 219, 732, 
605, 434, -170, -519, 387, 131, 546, -43, 600, 43, 229, 732, 
605, 434, -170, -519, 387, 131, 546, -39, 600, 43, 229, 732, 
605, 434, -170, -519, 387, 131, 546, -39, 600, 43, 229, 736, 
605, 434, -170, -519, 387, 131, 546, -39, 600, 43, 229, 736, 
614, 444, -170, -529, 392, 136, 546, -39, 600, 48, 239, 732, 
614, 439, -175, -527, 395, 131, 546, -39, 610, 48, 239, 732, 
614, 439, -175, -527, 395, 131, 541, -39, 610, 48, 234, 732, 
614, 439, -175, -527, 395, 131, 541, -39, 610, 48, 234, 732, 
605, 448, -156, -527, 380, 146, 551, -39, 610, 58, 244, 741, 
605, 448, -156, -527, 380, 146, 551, -39, 610, 58, 244, 741, 
605, 453, -151, -529, 378, 151, 551, -39, 610, 58, 244, 741, 
605, 453, -151, -529, 378, 151, 551, -39, 610, 58, 244, 741, 
605, 448, -156, -527, 380, 146, 551, -39, 600, 58, 234, 732, 
605, 448, -156, -527, 380, 146, 551, -39, 600, 58, 234, 732, 
605, 448, -156, -527, 380, 146, 551, -43, 600, 58, 239, 736, 
605, 448, -156, -527, 380, 146, 551, -43, 600, 58, 239, 736, 
614, 453, -161, -534, 387, 146, 541, -43, 610, 58, 248, 736, 
614, 453, -161, -534, 387, 146, 541, -43, 610, 58, 248, 736, 
614, 453, -161, -534, 387, 146, 541, -43, 610, 63, 248, 736, 
614, 448, -165, -531, 390, 141, 541, -43, 610, 63, 248, 736, 
605, 439, -165, -522, 385, 136, 541, -34, 600, 53, 239, 736, 
600, 439, -161, -519, 380, 139, 541, -34, 600, 53, 239, 736, 
600, 439, -161, -519, 380, 139, 541, -34, 605, 53, 244, 736, 
600, 439, -161, -519, 380, 139, 541, -34, 605, 53, 244, 732, 
595, 439, -156, -517, 375, 141, 541, -43, 605, 63, 248, 736, 
595, 439, -156, -517, 375, 141, 541, -43, 600, 58, 248, 741, 
595, 439, -156, -517, 375, 141, 541, -43, 600, 58, 248, 746, 
595, 439, -156, -517, 375, 141, 541, -43, 600, 58, 248, 751, 
605, 448, -156, -527, 380, 146, 541, -43, 610, 58, 253, 751, 
605, 448, -156, -527, 380, 146, 541, -43, 610, 58, 253, 751, 
605, 448, -156, -527, 380, 146, 541, -43, 610, 58, 253, 751, 
605, 448, -156, -527, 380, 146, 541, -43, 610, 58, 248, 751, 
605, 448, -156, -527, 380, 146, 541, -34, 610, 68, 248, 741, 
605, 448, -156, -527, 380, 146, 541, -34, 610, 68, 248, 741, 
605, 448, -156, -527, 380, 146, 546, -39, 605, 68, 248, 741, 
605, 448, -156, -527, 380, 146, 546, -39, 605, 68, 248, 741, 
614, 434, -180, -524, 397, 126, 541, -39, 605, 58, 253, 751, 
610, 434, -175, -522, 392, 129, 541, -39, 605, 58, 253, 751, 
610, 434, -175, -522, 392, 129, 546, -39, 605, 58, 248, 751, 
605, 429, -175, -517, 390, 126, 546, -39, 605, 58, 248, 751, 
605, 429, -175, -517, 390, 126, 556, -39, 605, 58, 248, 751, 
605, 429, -175, -517, 390, 126, 551, -39, 605, 58, 248, 751, 
610, 429, -180, -519, 395, 124, 551, -39, 605, 58, 248, 751, 
610, 429, -180, -519, 395, 124, 551, -39, 605, 53, 248, 751, 
610, 429, -180, -519, 395, 124, 541, -48, 595, 63, 248, 751, 
610, 429, -180, -519, 395, 124, 541, -48, 595, 63, 248, 751, 
610, 429, -180, -519, 395, 124, 541, -48, 595, 63, 248, 751, 
610, 429, -180, -519, 395, 124, 541, -53, 595, 63, 248, 751, 
595, 429, -165, -512, 380, 131, 541, -43, 605, 53, 248, 761, 
595, 424, -170, -509, 383, 126, 546, -43, 600, 53, 248, 761, 
595, 424, -170, -509, 383, 126, 546, -43, 600, 53, 248, 756, 
600, 424, -175, -512, 387, 124, 546, -43, 600, 53, 248, 756, 
610, 424, -185, -517, 397, 119, 546, -43, 600, 53, 258, 766, 
605, 424, -180, -514, 392, 122, 546, -43, 600, 58, 258, 766, 
605, 424, -180, -514, 392, 122, 546, -43, 600, 63, 258, 766, 
605, 419, -185, -512, 395, 117, 541, -43, 600, 68, 253, 766, 
610, 429, -180, -519, 395, 124, 551, -43, 600, 68, 253, 766, 
610, 429, -180, -519, 395, 124, 551, -43, 605, 68, 253, 771, 
605, 429, -175, -517, 390, 126, 551, -43, 605, 68, 258, 771, 
605, 429, -175, -517, 390, 126, 551, -48, 605, 68, 258, 771, 
614, 419, -195, -517, 405, 112, 551, -48, 600, 68, 258, 771, 
614, 419, -195, -517, 405, 112, 551, -48, 600, 68, 258, 766, 
614, 419, -195, -517, 405, 112, 551, -48, 600, 68, 258, 766, 
614, 414, -200, -514, 407, 107, 551, -48, 600, 68, 253, 766, 
610, 414, -195, -512, 402, 109, 551, -53, 600, 68, 258, 766, 
605, 409, -195, -507, 400, 107, 551, -53, 600, 68, 258, 766, 
600, 409, -190, -505, 395, 109, 551, -53, 595, 68, 258, 761, 
590, 414, -175, -502, 383, 119, 551, -53, 595, 68, 248, 761, 
590, 405, -185, -497, 387, 109, 551, -48, 605, 63, 258, 771, 
590, 400, -190, -495, 390, 104, 551, -48, 605, 63, 258, 771, 
595, 400, -195, -497, 395, 102, 551, -53, 605, 63, 258, 771, 
595, 405, -190, -500, 392, 107, 546, -53, 600, 63, 258, 771, 
585, 405, -180, -495, 383, 112, 546, -53, 600, 63, 263, 780, 
585, 405, -180, -495, 383, 112, 551, -53, 600, 63, 263, 780, 
585, 405, -180, -495, 383, 112, 551, -53, 600, 63, 263, 780, 
585, 400, -185, -492, 385, 107, 551, -53, 600, 63, 258, 780, 
595, 409, -185, -502, 390, 112, 551, -53, 600, 73, 268, 785, 
595, 409, -185, -502, 390, 112, 551, -53, 600, 73, 268, 790, 
595, 414, -180, -505, 387, 117, 551, -48, 600, 78, 268, 800, 
595, 414, -180, -505, 387, 117, 551, -48, 600, 78, 273, 805, 
600, 414, -185, -507, 392, 114, 551, -39, 600, 68, 268, 805, 
605, 414, -190, -509, 397, 112, 551, -39, 600, 63, 268, 805, 
605, 414, -190, -509, 397, 112, 551, -43, 600, 63, 263, 805, 
610, 414, -195, -512, 402, 109, 551, -43, 600, 63, 253, 805, 
610, 414, -195, -512, 402, 109, 551, -43, 600, 63, 253, 795, 
610, 414, -195, -512, 402, 109, 551, -43, 600, 63, 258, 795, 
610, 409, -200, -509, 405, 104, 551, -43, 600, 63, 258, 795, 
610, 409, -200, -509, 405, 104, 551, -43, 600, 63, 258, 795, 
600, 405, -195, -502, 397, 104, 551, -53, 600, 73, 263, 805, 
600, 405, -195, -502, 397, 104, 551, -53, 600, 73, 263, 805, 
600, 405, -195, -502, 397, 104, 551, -53, 600, 73, 263, 805, 
600, 405, -195, -502, 397, 104, 551, -53, 600, 73, 258, 805, 
595, 414, -180, -505, 387, 117, 551, -53, 600, 68, 258, 814, 
595, 414, -180, -505, 387, 117, 551, -53, 600, 68, 258, 814, 
595, 419, -175, -507, 385, 122, 551, -53, 600, 68, 263, 814, 
590, 419, -170, -505, 380, 124, 551, -53, 600, 68, 263, 814, 
600, 409, -190, -505, 395, 109, 551, -43, 600, 68, 263, 819, 
605, 409, -195, -507, 400, 107, 551, -43, 605, 68, 263, 819, 
605, 409, -195, -507, 400, 107, 551, -43, 605, 68, 263, 819, 
605, 409, -195, -507, 400, 107, 551, -39, 605, 68, 263, 819, 
595, 419, -175, -507, 385, 122, 551, -39, 605, 73, 263, 829, 
595, 419, -175, -507, 385, 122, 551, -39, 605, 73, 263, 829, 
595, 419, -175, -507, 385, 122, 551, -43, 605, 73, 263, 829, 
595, 419, -175, -507, 385, 122, 551, -43, 605, 73, 263, 829, 
595, 414, -180, -505, 387, 117, 551, -43, 605, 73, 263, 829, 
595, 414, -180, -505, 387, 117, 551, -43, 605, 73, 268, 829, 
595, 414, -180, -505, 387, 117, 551, -43, 605, 78, 268, 829, 
595, 419, -175, -507, 385, 122, 551, -43, 610, 78, 268, 839, 
595, 419, -175, -507, 385, 122, 551, -39, 610, 73, 268, 839, 
595, 419, -175, -507, 385, 122, 551, -39, 610, 73, 273, 839, 
595, 419, -175, -507, 385, 122, 551, -39, 610, 82, 278, 844, 
595, 424, -170, -509, 383, 126, 551, -39, 610, 82, 283, 844, 
595, 424, -170, -509, 383, 126, 551, -39, 610, 87, 273, 834, 
595, 424, -170, -509, 383, 126, 551, -39, 614, 87, 278, 839, 
595, 424, -170, -509, 383, 126, 561, -39, 614, 87, 278, 844, 
595, 424, -170, -509, 383, 126, 561, -39, 614, 92, 278, 844, 
605, 429, -175, -517, 390, 126, 551, -39, 624, 92, 283, 849, 
610, 434, -175, -522, 392, 129, 561, -39, 634, 92, 283, 849, 
610, 434, -175, -522, 392, 129, 561, -34, 634, 97, 283, 849, 
614, 434, -180, -524, 397, 126, 566, -29, 634, 97, 287, 849, 
605, 448, -156, -527, 380, 146, 570, -34, 649, 102, 297, 863, 
605, 453, -151, -529, 378, 151, 570, -34, 653, 112, 297, 863, 
605, 463, -141, -534, 373, 161, 566, -39, 653, 122, 297, 863, 
610, 473, -136, -541, 373, 168, 561, -39, 653, 126, 302, 868, 
605, 468, -136, -536, 370, 165, 561, -24, 649, 122, 307, 868, 
610, 473, -136, -541, 373, 168, 566, -24, 649, 122, 307, 873, 
610, 478, -131, -544, 370, 173, 566, -24, 653, 126, 312, 873, 
614, 478, -136, -546, 375, 170, 561, -29, 653, 126, 312, 873, 
624, 488, -136, -556, 380, 175, 570, -19, 653, 131, 326, 888, 
624, 488, -136, -556, 380, 175, 570, -19, 653, 136, 326, 888, 
629, 488, -141, -558, 385, 173, 570, -24, 658, 136, 322, 888, 
629, 488, -141, -558, 385, 173, 566, -29, 663, 141, 322, 888, 
629, 478, -151, -553, 390, 163, 580, -9, 678, 151, 331, 888, 
634, 507, -126, -570, 380, 190, 575, -14, 678, 146, 331, 888, 
644, 517, -126, -580, 385, 195, 566, -19, 683, 146, 331, 888, 
644, 512, -131, -578, 387, 190, 551, -19, 678, 146, 331, 897, 
644, 507, -136, -575, 390, 185, 546, -19, 673, 146, 331, 897, 
644, 502, -141, -573, 392, 180, 541, -19, 668, 146, 331, 897, 
644, 497, -146, -570, 395, 175, 536, -19, 663, 146, 331, 897, 
644, 492, -151, -568, 397, 170, 531, -24, 658, 136, 331, 897, 
644, 488, -156, -566, 400, 165, 527, -29, 653, 136, 331, 897, 
644, 483, -161, -563, 402, 161, 522, -34, 649, 136, 331, 897, 
644, 478, -165, -561, 405, 156, 517, -39, 644, 136, 331, 897, 
653, 488, -165, -570, 409, 161, 507, -48, 634, 131, 322, 888, 
653, 488, -165, -570, 409, 161, 507, -48, 634, 126, 322, 888, 
653, 488, -165, -570, 409, 161, 507, -48, 634, 122, 322, 888, 
