I, II, III, aVR, aVL, aVF, V1, V2, V3, V4, V5, V6, 
-97, -507, -409, 302, 156, -458, -19, 175, 263, -165, 185, -419, 
-97, -507, -409, 302, 156, -458, -19, 175, 263, -165, 185, -419, 
-97, -507, -409, 302, 156, -458, -19, 175, 263, -165, 185, -419, 
-97, -507, -409, 302, 156, -458, -19, 175, 263, -165, 185, -419, 
-102, -517, -414, 309, 156, -466, -14, 175, 248, -170, 180, -429, 
-107, -527, -419, 317, 156, -473, -9, 175, 244, -175, 175, -429, 
-112, -536, -424, 324, 156, -480, -4, 175, 239, -180, 170, -429, 
-117, -546, -429, 331, 156, -488, 0, 175, 234, -185, 165, -429, 
-117, -551, -434, 334, 158, -492, 9, 175, 229, -200, 146, -439, 
-117, -556, -439, 336, 161, -497, 9, 175, 224, -204, 136, -448, 
-117, -561, -444, 339, 163, -502, 9, 175, 219, -209, 126, -458, 
-117, -566, -448, 341, 165, -507, 9, 175, 214, -214, 117, -468, 
-126, -575, -448, 351, 161, -512, 19, 175, 209, -219, 107, -478, 
-126, -575, -448, 351, 161, -512, 19, 175, 204, -224, 107, -478, 
-126, -575, -448, 351, 161, -512, 19, 175, 200, -229, 107, -478, 
-126, -575, -448, 351, 161, -512, 19, 175, 195, -234, 107, -478, 
-126, -585, -458, 356, 165, -522, 29, 185, 195, -224, 117, -473, 
-126, -585, -458, 356, 165, -522, 29, 185, 195, -224, 117, -468, 
-126, -585, -458, 356, 165, -522, 29, 185, 195, -224, 117, -463, 
-126, -585, -458, 356, 165, -522, 29, 185, 195, -224, 117, -458, 
-126, -585, -458, 356, 165, -522, 39, 185, 185, -224, 107, -463, 
-126, -585, -458, 356, 165, -522, 39, 185, 185, -224, 107, -468, 
-126, -585, -458, 356, 165, -522, 39, 185, 185, -224, 107, -473, 
-126, -585, -458, 356, 165, -522, 39, 185, 185, -224, 107, -478, 
-126, -585, -458, 356, 165, -522, 39, 185, 185, -224, 107, -478, 
-126, -585, -458, 356, 165, -522, 39, 185, 185, -224, 107, -478, 
-126, -585, -458, 356, 165, -522, 39, 185, 185, -224, 107, -478, 
-126, -585, -458, 356, 165, -522, 39, 185, 185, -224, 107, -478, 
-136, -585, -448, 361, 156, -517, 39, 185, 185, -224, 107, -468, 
-136, -585, -448, 361, 156, -517, 39, 185, 185, -224, 107, -468, 
-136, -585, -448, 361, 156, -517, 39, 185, 185, -224, 107, -468, 
-136, -585, -448, 361, 156, -517, 39, 185, 185, -224, 107, -468, 
-136, -595, -458, 366, 161, -527, 48, 185, 185, -224, 107, -458, 
-136, -595, -458, 366, 161, -527, 48, 185, 185, -224, 107, -458, 
-136, -595, -458, 366, 161, -527, 48, 185, 185, -224, 107, -458, 
-136, -595, -458, 366, 161, -527, 48, 185, 185, -224, 107, -458, 
-136, -590, -453, 363, 158, -522, 48, 185, 185, -224, 102, -463, 
-136, -585, -448, 361, 156, -517, 48, 185, 185, -224, 97, -468, 
-136, -580, -444, 358, 153, -512, 48, 185, 185, -224, 92, -473, 
-136, -575, -439, 356, 151, -507, 48, 185, 185, -224, 87, -478, 
-146, -585, -439, 366, 146, -512, 58, 185, 195, -214, 92, -468, 
-146, -585, -439, 366, 146, -512, 58, 185, 195, -214, 97, -468, 
-146, -585, -439, 366, 146, -512, 58, 185, 195, -214, 102, -468, 
-146, -585, -439, 366, 146, -512, 58, 185, 195, -214, 107, -468, 
-146, -595, -448, 370, 151, -522, 58, 195, 195, -214, 107, -468, 
-146, -595, -448, 370, 151, -522, 58, 195, 195, -214, 107, -468, 
-146, -595, -448, 370, 151, -522, 58, 195, 195, -214, 107, -468, 
-146, -595, -448, 370, 151, -522, 58, 195, 195, -214, 107, -468, 
-136, -585, -448, 361, 156, -517, 68, 195, 195, -204, 107, -458, 
-136, -585, -448, 361, 156, -517, 68, 195, 195, -204, 107, -458, 
-136, -585, -448, 361, 156, -517, 68, 195, 195, -204, 107, -458, 
-136, -585, -448, 361, 156, -517, 68, 195, 195, -204, 107, -458, 
-136, -585, -448, 361, 156, -517, 68, 195, 195, -204, 107, -458, 
-136, -585, -448, 361, 156, -517, 68, 195, 195, -204, 107, -458, 
-136, -585, -448, 361, 156, -517, 68, 195, 195, -204, 107, -458, 
-136, -585, -448, 361, 156, -517, 68, 195, 195, -204, 107, -458, 
-136, -585, -448, 361, 156, -517, 78, 195, 195, -214, 97, -448, 
-136, -585, -448, 361, 156, -517, 78, 195, 195, -214, 97, -448, 
-136, -585, -448, 361, 156, -517, 78, 195, 195, -214, 97, -448, 
-136, -585, -448, 361, 156, -517, 78, 195, 195, -214, 97, -448, 
-146, -575, -429, 361, 141, -502, 78, 195, 195, -204, 97, -448, 
-146, -575, -429, 361, 141, -502, 78, 195, 195, -204, 97, -448, 
-146, -575, -429, 361, 141, -502, 78, 195, 195, -204, 97, -448, 
-146, -575, -429, 361, 141, -502, 78, 195, 195, -204, 97, -448, 
-146, -575, -429, 361, 141, -502, 78, 195, 204, -200, 112, -439, 
-146, -575, -429, 361, 141, -502, 78, 195, 204, -195, 117, -439, 
-146, -575, -429, 361, 141, -502, 78, 195, 204, -190, 122, -439, 
-146, -575, -429, 361, 141, -502, 78, 195, 204, -185, 126, -439, 
-136, -585, -448, 361, 156, -517, 87, 204, 204, -185, 117, -434, 
-136, -585, -448, 361, 156, -517, 87, 204, 204, -185, 117, -429, 
-136, -585, -448, 361, 156, -517, 87, 204, 204, -185, 117, -424, 
-136, -585, -448, 361, 156, -517, 87, 204, 204, -185, 117, -419, 
-136, -580, -444, 358, 153, -512, 97, 214, 204, -195, 107, -419, 
-136, -575, -439, 356, 151, -507, 97, 214, 204, -195, 107, -419, 
-136, -570, -434, 353, 148, -502, 97, 214, 204, -195, 107, -419, 
-136, -566, -429, 351, 146, -497, 97, 214, 204, -195, 107, -419, 
-136, -566, -429, 351, 146, -497, 97, 204, 204, -185, 117, -419, 
-136, -566, -429, 351, 146, -497, 97, 204, 204, -185, 117, -419, 
-136, -566, -429, 351, 146, -497, 97, 204, 204, -185, 117, -419, 
-136, -566, -429, 351, 146, -497, 97, 204, 204, -185, 117, -419, 
-126, -556, -429, 341, 151, -492, 87, 204, 195, -185, 117, -409, 
-126, -556, -429, 341, 151, -492, 87, 204, 195, -185, 117, -409, 
-126, -556, -429, 341, 151, -492, 87, 204, 195, -185, 117, -409, 
-126, -556, -429, 341, 151, -492, 87, 204, 195, -185, 117, -409, 
-117, -556, -439, 336, 161, -497, 97, 204, 200, -185, 107, -419, 
-117, -556, -439, 336, 161, -497, 97, 204, 204, -185, 107, -419, 
-117, -556, -439, 336, 161, -497, 97, 204, 209, -185, 107, -419, 
-117, -556, -439, 336, 161, -497, 97, 204, 214, -185, 107, -419, 
-126, -566, -439, 346, 156, -502, 107, 214, 204, -185, 117, -405, 
-126, -566, -439, 346, 156, -502, 107, 214, 204, -185, 117, -400, 
-126, -566, -439, 346, 156, -502, 107, 214, 204, -185, 117, -395, 
-126, -566, -439, 346, 156, -502, 107, 214, 204, -185, 117, -390, 
-117, -566, -448, 341, 165, -507, 107, 214, 204, -180, 126, -380, 
-117, -566, -448, 341, 165, -507, 107, 214, 204, -175, 126, -380, 
-117, -566, -448, 341, 165, -507, 107, 214, 204, -170, 126, -380, 
-117, -566, -448, 341, 165, -507, 107, 214, 204, -165, 126, -380, 
-126, -556, -429, 341, 151, -492, 117, 204, 214, -165, 117, -385, 
-126, -556, -429, 341, 151, -492, 117, 204, 214, -165, 117, -390, 
-126, -556, -429, 341, 151, -492, 117, 204, 214, -165, 117, -395, 
-126, -556, -429, 341, 151, -492, 117, 204, 214, -165, 117, -400, 
-126, -566, -439, 346, 156, -502, 117, 214, 214, -175, 117, -390, 
-126, -566, -439, 346, 156, -502, 117, 214, 214, -175, 117, -390, 
-126, -566, -439, 346, 156, -502, 117, 214, 214, -175, 117, -390, 
-126, -566, -439, 346, 156, -502, 117, 214, 214, -175, 117, -390, 
-136, -575, -439, 356, 151, -507, 126, 204, 204, -175, 117, -380, 
-136, -575, -439, 356, 151, -507, 126, 204, 204, -175, 117, -380, 
-136, -575, -439, 356, 151, -507, 126, 204, 204, -175, 117, -380, 
-136, -575, -439, 356, 151, -507, 126, 204, 204, -175, 117, -380, 
-136, -575, -439, 356, 151, -507, 136, 214, 204, -165, 117, -390, 
-136, -575, -439, 356, 151, -507, 136, 214, 204, -165, 117, -390, 
-136, -575, -439, 356, 151, -507, 136, 214, 204, -165, 117, -390, 
-136, -575, -439, 356, 151, -507, 136, 214, 204, -165, 117, -390, 
-126, -566, -439, 346, 156, -502, 136, 214, 204, -175, 117, -380, 
-126, -566, -439, 346, 156, -502, 136, 214, 204, -175, 117, -380, 
-126, -566, -439, 346, 156, -502, 136, 214, 204, -175, 117, -380, 
-126, -566, -439, 346, 156, -502, 136, 214, 204, -175, 117, -380, 
-136, -566, -429, 351, 146, -497, 141, 214, 204, -175, 117, -375, 
-136, -566, -429, 351, 146, -497, 146, 214, 204, -175, 117, -370, 
-136, -566, -429, 351, 146, -497, 151, 214, 204, -175, 117, -366, 
-136, -566, -429, 351, 146, -497, 156, 214, 204, -175, 117, -361, 
-136, -556, -419, 346, 141, -488, 156, 214, 195, -165, 107, -366, 
-136, -556, -419, 346, 141, -488, 156, 214, 195, -165, 107, -370, 
-136, -556, -419, 346, 141, -488, 156, 214, 195, -165, 107, -375, 
-136, -556, -419, 346, 141, -488, 156, 214, 195, -165, 107, -380, 
-126, -556, -429, 341, 151, -492, 156, 214, 200, -151, 122, -375, 
-126, -556, -429, 341, 151, -492, 156, 214, 204, -146, 126, -370, 
-126, -556, -429, 341, 151, -492, 156, 214, 209, -141, 131, -366, 
-126, -556, -429, 341, 151, -492, 156, 214, 214, -136, 136, -361, 
-136, -566, -429, 351, 146, -497, 156, 214, 209, -151, 122, -361, 
-136, -566, -429, 351, 146, -497, 156, 214, 204, -156, 117, -361, 
-136, -566, -429, 351, 146, -497, 156, 214, 200, -161, 112, -361, 
-136, -566, -429, 351, 146, -497, 156, 214, 195, -165, 107, -361, 
-126, -566, -439, 346, 156, -502, 156, 214, 204, -165, 107, -361, 
-126, -566, -439, 346, 156, -502, 156, 214, 204, -165, 107, -361, 
-126, -566, -439, 346, 156, -502, 156, 214, 204, -165, 107, -361, 
-126, -566, -439, 346, 156, -502, 156, 214, 204, -165, 107, -361, 
-126, -556, -429, 341, 151, -492, 156, 214, 195, -165, 97, -361, 
-126, -556, -429, 341, 151, -492, 156, 214, 195, -165, 97, -361, 
-126, -556, -429, 341, 151, -492, 156, 214, 195, -165, 97, -361, 
-126, -556, -429, 341, 151, -492, 156, 214, 195, -165, 97, -361, 
-126, -556, -429, 341, 151, -492, 156, 214, 195, -161, 97, -351, 
-126, -556, -429, 341, 151, -492, 156, 214, 195, -156, 97, -351, 
-126, -556, -429, 341, 151, -492, 156, 214, 195, -151, 97, -351, 
-126, -556, -429, 341, 151, -492, 156, 214, 195, -146, 97, -351, 
-126, -566, -439, 346, 156, -502, 156, 214, 204, -146, 107, -351, 
-126, -566, -439, 346, 156, -502, 156, 214, 204, -146, 107, -351, 
-126, -566, -439, 346, 156, -502, 156, 214, 204, -146, 107, -351, 
-126, -566, -439, 346, 156, -502, 156, 214, 204, -146, 107, -351, 
-136, -556, -419, 346, 141, -488, 146, 214, 204, -146, 117, -341, 
-136, -556, -419, 346, 141, -488, 146, 214, 204, -146, 117, -341, 
-136, -556, -419, 346, 141, -488, 146, 214, 204, -146, 117, -341, 
-136, -556, -419, 346, 141, -488, 146, 214, 204, -146, 117, -341, 
-136, -556, -419, 346, 141, -488, 146, 214, 204, -146, 112, -341, 
-136, -556, -419, 346, 141, -488, 146, 214, 204, -146, 107, -341, 
-136, -556, -419, 346, 141, -488, 146, 214, 204, -146, 102, -341, 
-136, -556, -419, 346, 141, -488, 146, 214, 204, -146, 97, -341, 
-126, -546, -419, 336, 146, -483, 146, 204, 195, -156, 97, -341, 
-126, -546, -419, 336, 146, -483, 146, 204, 195, -156, 97, -341, 
-126, -546, -419, 336, 146, -483, 146, 204, 195, -156, 97, -341, 
-126, -546, -419, 336, 146, -483, 146, 204, 195, -156, 97, -341, 
-126, -546, -419, 336, 146, -483, 146, 214, 185, -156, 97, -331, 
-126, -546, -419, 336, 146, -483, 146, 214, 185, -156, 97, -331, 
-126, -546, -419, 336, 146, -483, 146, 214, 185, -156, 97, -331, 
-126, -546, -419, 336, 146, -483, 146, 214, 185, -156, 97, -331, 
-126, -546, -419, 336, 146, -483, 136, 214, 195, -151, 107, -322, 
-126, -546, -419, 336, 146, -483, 136, 214, 195, -146, 107, -322, 
-126, -546, -419, 336, 146, -483, 136, 214, 195, -141, 107, -322, 
-126, -546, -419, 336, 146, -483, 136, 214, 195, -136, 107, -322, 
-136, -556, -419, 346, 141, -488, 141, 224, 204, -126, 112, -317, 
-136, -556, -419, 346, 141, -488, 146, 224, 204, -126, 117, -312, 
-136, -556, -419, 346, 141, -488, 151, 224, 204, -126, 122, -307, 
-136, -556, -419, 346, 141, -488, 156, 224, 204, -126, 126, -302, 
-126, -541, -414, 334, 143, -478, 146, 214, 204, -126, 117, -312, 
-126, -536, -409, 331, 141, -473, 146, 214, 204, -126, 117, -312, 
-126, -531, -405, 329, 139, -468, 146, 214, 204, -126, 117, -312, 
-126, -527, -400, 326, 136, -463, 146, 214, 204, -126, 117, -312, 
-117, -517, -400, 317, 141, -458, 146, 214, 219, -122, 117, -302, 
-117, -507, -390, 312, 136, -448, 146, 214, 224, -117, 117, -302, 
-117, -497, -380, 307, 131, -439, 146, 214, 229, -112, 117, -302, 
-117, -488, -370, 302, 126, -429, 146, 214, 234, -107, 117, -302, 
-117, -488, -370, 302, 126, -429, 156, 224, 224, -107, 126, -302, 
-117, -483, -366, 300, 124, -424, 156, 224, 229, -107, 126, -297, 
-117, -483, -366, 300, 124, -424, 156, 224, 234, -102, 126, -297, 
-117, -483, -366, 300, 124, -424, 156, 224, 234, -102, 131, -297, 
-126, -483, -356, 305, 114, -419, 156, 224, 234, -92, 131, -287, 
-126, -488, -361, 307, 117, -424, 156, 224, 234, -87, 126, -287, 
-122, -488, -366, 305, 122, -427, 156, 224, 239, -87, 126, -287, 
-122, -488, -366, 305, 122, -427, 156, 224, 239, -92, 126, -287, 
-117, -478, -361, 297, 122, -419, 156, 224, 244, -102, 126, -278, 
-117, -478, -361, 297, 122, -419, 151, 224, 244, -92, 126, -278, 
-112, -468, -356, 290, 122, -412, 146, 224, 244, -92, 131, -273, 
-112, -468, -356, 290, 122, -412, 141, 224, 244, -92, 131, -273, 
-112, -463, -351, 287, 119, -407, 141, 219, 234, -107, 126, -287, 
-112, -463, -351, 287, 119, -407, 141, 209, 234, -107, 122, -287, 
-117, -463, -346, 290, 114, -405, 131, 195, 229, -107, 117, -283, 
-117, -463, -346, 290, 114, -405, 126, 185, 224, -107, 112, -283, 
-117, -453, -336, 285, 109, -395, 112, 175, 234, -97, 122, -273, 
-117, -453, -336, 285, 109, -395, 107, 165, 234, -92, 126, -268, 
-117, -453, -336, 285, 109, -395, 97, 161, 234, -87, 141, -263, 
-117, -453, -336, 285, 109, -395, 92, 156, 229, -82, 146, -258, 
-117, -453, -336, 285, 109, -395, 87, 156, 219, -73, 151, -248, 
-117, -453, -336, 285, 109, -395, 82, 156, 214, -73, 151, -244, 
-117, -453, -336, 285, 109, -395, 82, 156, 214, -73, 151, -244, 
-117, -453, -336, 285, 109, -395, 82, 156, 209, -73, 151, -244, 
-117, -453, -336, 285, 109, -395, 82, 165, 209, -82, 141, -253, 
-117, -453, -336, 285, 109, -395, 82, 165, 209, -78, 141, -248, 
-107, -453, -346, 280, 119, -400, 87, 170, 209, -78, 146, -244, 
-102, -453, -351, 278, 124, -402, 87, 170, 214, -78, 146, -244, 
-82, -444, -361, 263, 139, -402, 78, 165, 209, -87, 141, -244, 
-82, -448, -366, 265, 141, -407, 78, 165, 200, -87, 141, -244, 
-78, -453, -375, 265, 148, -414, 82, 165, 190, -87, 141, -244, 
-73, -453, -380, 263, 153, -417, 82, 175, 185, -87, 141, -244, 
-78, -453, -375, 265, 148, -414, 92, 185, 200, -73, 151, -224, 
-78, -458, -380, 268, 151, -419, 92, 195, 200, -73, 151, -224, 
-78, -473, -395, 275, 158, -434, 97, 195, 200, -73, 151, -229, 
-78, -478, -400, 278, 161, -439, 97, 195, 200, -73, 151, -229, 
-82, -483, -400, 283, 158, -441, 112, 195, 204, -63, 161, -214, 
-92, -483, -390, 287, 148, -436, 117, 200, 204, -63, 161, -214, 
-97, -483, -385, 290, 143, -434, 122, 200, 209, -63, 161, -219, 
-102, -488, -385, 295, 141, -436, 126, 204, 209, -63, 161, -224, 
-117, -478, -361, 297, 122, -419, 141, 204, 200, -63, 146, -234, 
-122, -478, -356, 300, 117, -417, 141, 204, 200, -68, 141, -239, 
-126, -492, -366, 309, 119, -429, 151, 214, 195, -78, 126, -248, 
-126, -507, -380, 317, 126, -444, 151, 214, 185, -97, 112, -253, 
-117, -507, -390, 312, 136, -448, 141, 209, 165, -107, 87, -268, 
-122, -517, -395, 319, 136, -456, 141, 209, 161, -117, 73, -283, 
-122, -522, -400, 322, 139, -461, 141, 209, 151, -126, 68, -297, 
-122, -531, -409, 326, 143, -470, 136, 209, 151, -141, 58, -312, 
-131, -541, -409, 336, 139, -475, 136, 209, 156, -146, 63, -307, 
-131, -546, -414, 339, 141, -480, 141, 209, 146, -146, 63, -302, 
-126, -546, -419, 336, 146, -483, 141, 209, 146, -141, 68, -297, 
-126, -546, -419, 336, 146, -483, 141, 209, 146, -136, 68, -292, 
-131, -556, -424, 344, 146, -490, 141, 219, 151, -117, 87, -273, 
-131, -561, -429, 346, 148, -495, 141, 219, 156, -112, 97, -263, 
-131, -561, -429, 346, 148, -495, 141, 219, 161, -102, 107, -258, 
-131, -561, -429, 346, 148, -495, 141, 219, 165, -97, 117, -248, 
-136, -570, -434, 353, 148, -502, 141, 219, 156, -107, 112, -248, 
-136, -570, -434, 353, 148, -502, 141, 219, 161, -107, 107, -253, 
-141, -570, -429, 356, 143, -500, 146, 219, 161, -112, 97, -258, 
-141, -575, -434, 358, 146, -505, 146, 219, 161, -112, 92, -268, 
-136, -570, -434, 353, 148, -502, 146, 214, 156, -117, 87, -278, 
-136, -561, -424, 348, 143, -492, 146, 214, 156, -122, 82, -278, 
-136, -556, -419, 346, 141, -488, 146, 214, 156, -126, 78, -278, 
-141, -556, -414, 348, 136, -485, 146, 214, 161, -126, 73, -278, 
-141, -556, -414, 348, 136, -485, 146, 214, 151, -126, 73, -287, 
-141, -556, -414, 348, 136, -485, 146, 219, 151, -126, 73, -287, 
-141, -556, -414, 348, 136, -485, 146, 219, 151, -126, 73, -287, 
-141, -556, -414, 348, 136, -485, 151, 219, 146, -126, 68, -287, 
-141, -546, -405, 344, 131, -475, 151, 219, 146, -126, 73, -278, 
-141, -546, -405, 344, 131, -475, 151, 219, 151, -126, 82, -273, 
-141, -546, -405, 344, 131, -475, 151, 219, 151, -126, 87, -273, 
-141, -546, -405, 344, 131, -475, 151, 219, 151, -126, 92, -273, 
-131, -541, -409, 336, 139, -475, 151, 219, 141, -126, 87, -273, 
-131, -541, -409, 336, 139, -475, 151, 219, 141, -126, 87, -273, 
-131, -541, -409, 336, 139, -475, 151, 219, 151, -117, 82, -273, 
-131, -541, -409, 336, 139, -475, 151, 219, 151, -117, 78, -273, 
-141, -541, -400, 341, 129, -470, 156, 229, 156, -107, 87, -273, 
-141, -541, -400, 341, 129, -470, 156, 229, 161, -107, 87, -273, 
-141, -541, -400, 341, 129, -470, 156, 229, 165, -107, 87, -273, 
-136, -541, -405, 339, 134, -473, 156, 229, 175, -102, 92, -273, 
-136, -541, -405, 339, 134, -473, 165, 239, 180, -102, 102, -263, 
-136, -551, -414, 344, 139, -483, 170, 239, 175, -102, 97, -268, 
-126, -551, -424, 339, 148, -488, 170, 248, 175, -102, 97, -263, 
-126, -556, -429, 341, 151, -492, 180, 268, 185, -92, 97, -273, 
-107, -575, -468, 341, 180, -522, 204, 317, 209, -73, 97, -273, 
-82, -600, -517, 341, 217, -558, 219, 356, 239, -63, 97, -273, 
-63, -610, -546, 336, 241, -578, 239, 390, 268, -53, 92, -283, 
-53, -619, -566, 336, 256, -592, 258, 429, 326, -39, 92, -283, 
-43, -610, -566, 326, 261, -588, 273, 453, 400, -4, 117, -268, 
-34, -551, -517, 292, 241, -534, 268, 463, 478, 58, 146, -248, 
-14, -492, -478, 253, 231, -485, 268, 473, 595, 146, 185, -224, 
19, -429, -448, 204, 234, -439, 258, 492, 741, 283, 283, -175, 
73, -331, -405, 129, 239, -368, 234, 527, 907, 448, 414, -97, 
126, -195, -322, 34, 224, -258, 185, 512, 1039, 644, 570, 14, 
170, -9, -180, -80, 175, -95, 78, 414, 1132, 854, 761, 170, 
214, 209, -4, -212, 109, 102, -68, 248, 1171, 1049, 995, 370, 
248, 400, 151, -324, 48, 275, -224, 73, 1151, 1215, 1195, 561, 
273, 561, 287, -417, -7, 424, -366, -92, 1117, 1366, 1371, 712, 
273, 697, 424, -485, -75, 561, -458, -224, 1122, 1522, 1532, 854, 
258, 849, 590, -553, -165, 719, -546, -356, 1122, 1683, 1688, 985, 
200, 1010, 810, -605, -305, 910, -668, -556, 1073, 1790, 1800, 1078, 
82, 1098, 1015, -590, -466, 1056, -771, -766, 927, 1737, 1781, 1093, 
-43, 1000, 1044, -478, -544, 1022, -751, -868, 663, 1464, 1566, 961, 
-136, 712, 849, -287, -492, 780, -649, -800, 331, 1015, 1185, 712, 
-239, 414, 653, -87, -446, 534, -561, -732, -63, 448, 736, 414, 
-346, 219, 566, 63, -456, 392, -507, -707, -517, -161, 322, 165, 
-444, 78, 522, 183, -483, 300, -463, -697, -936, -639, 34, 0, 
-473, -34, 439, 253, -456, 202, -434, -668, -1215, -902, -122, -87, 
-458, -117, 341, 287, -400, 112, -405, -629, -1307, -971, -170, -136, 
-424, -175, 248, 300, -336, 36, -385, -575, -1234, -932, -175, -161, 
-385, -234, 151, 309, -268, -41, -366, -507, -1098, -839, -151, -165, 
-341, -312, 29, 326, -185, -141, -331, -439, -961, -741, -131, -185, 
-307, -366, -58, 336, -124, -212, -312, -370, -829, -658, -102, -204, 
-278, -390, -112, 334, -82, -251, -268, -307, -712, -585, -97, -214, 
-253, -400, -146, 326, -53, -273, -224, -239, -590, -517, -78, -214, 
-229, -385, -156, 307, -36, -270, -170, -165, -473, -434, -39, -219, 
-219, -385, -165, 302, -26, -275, -126, -97, -375, -380, 0, -209, 
-200, -400, -200, 300, 0, -300, -68, -34, -278, -336, 29, -204, 
-190, -405, -214, 297, 12, -309, -14, 29, -185, -273, 53, -204, 
-180, -409, -229, 295, 24, -319, 14, 63, -82, -204, 82, -190, 
-161, -414, -253, 287, 46, -334, 48, 92, 9, -151, 92, -190, 
-146, -414, -268, 280, 61, -341, 58, 112, 82, -112, 97, -200, 
-146, -414, -268, 280, 61, -341, 58, 126, 131, -82, 102, -200, 
-136, -414, -278, 275, 70, -346, 68, 136, 151, -63, 107, -200, 
-112, -414, -302, 263, 95, -358, 87, 156, 170, -34, 126, -190, 
-107, -405, -297, 256, 95, -351, 102, 190, 200, -4, 161, -170, 
-102, -414, -312, 258, 104, -363, 126, 219, 204, 0, 180, -170, 
-102, -448, -346, 275, 122, -397, 146, 239, 219, 0, 180, -175, 
-107, -463, -356, 285, 124, -409, 156, 253, 224, 0, 180, -170, 
-107, -468, -361, 287, 126, -414, 156, 248, 229, -14, 161, -180, 
-92, -473, -380, 283, 143, -427, 161, 258, 234, -19, 141, -185, 
-87, -473, -385, 280, 148, -429, 151, 258, 239, -19, 131, -195, 
-97, -463, -366, 280, 134, -414, 151, 253, 253, -4, 131, -200, 
-97, -463, -366, 280, 134, -414, 151, 248, 263, 0, 136, -200, 
-92, -468, -375, 280, 141, -422, 151, 253, 268, 9, 141, -200, 
-92, -468, -375, 280, 141, -422, 156, 253, 268, 19, 141, -204, 
-97, -458, -361, 278, 131, -409, 161, 273, 268, 19, 151, -204, 
-97, -458, -361, 278, 131, -409, 165, 278, 278, 24, 156, -204, 
-97, -458, -361, 278, 131, -409, 170, 283, 283, 29, 156, -204, 
-92, -458, -366, 275, 136, -412, 175, 283, 292, 29, 156, -200, 
-92, -468, -375, 280, 141, -422, 165, 273, 287, 34, 156, -190, 
-92, -473, -380, 283, 143, -427, 165, 278, 297, 39, 161, -190, 
-87, -478, -390, 283, 151, -434, 161, 278, 297, 39, 161, -185, 
-87, -478, -390, 283, 151, -434, 161, 278, 302, 39, 161, -185, 
-87, -478, -390, 283, 151, -434, 170, 292, 312, 48, 161, -175, 
-87, -478, -390, 283, 151, -434, 170, 292, 317, 58, 161, -175, 
-87, -478, -390, 283, 151, -434, 170, 292, 322, 58, 161, -175, 
-87, -473, -385, 280, 148, -429, 175, 292, 326, 63, 161, -170, 
-92, -468, -375, 280, 141, -422, 165, 292, 317, 63, 161, -180, 
-87, -463, -375, 275, 143, -419, 165, 287, 317, 58, 156, -185, 
-87, -458, -370, 273, 141, -414, 165, 283, 326, 53, 151, -195, 
-87, -453, -366, 270, 139, -409, 161, 278, 331, 53, 146, -200, 
-78, -444, -366, 261, 143, -405, 161, 278, 341, 58, 161, -180, 
-78, -439, -361, 258, 141, -400, 161, 278, 341, 68, 170, -175, 
-78, -434, -356, 256, 139, -395, 161, 278, 346, 73, 180, -170, 
-78, -434, -356, 256, 139, -395, 161, 278, 351, 87, 195, -165, 
-78, -444, -366, 261, 143, -405, 165, 283, 361, 92, 209, -156, 
-78, -444, -366, 261, 143, -405, 170, 287, 366, 102, 209, -151, 
-78, -448, -370, 263, 146, -409, 175, 292, 370, 112, 214, -146, 
-73, -453, -380, 263, 153, -417, 180, 302, 375, 117, 214, -136, 
-82, -448, -366, 265, 141, -407, 170, 302, 370, 107, 204, -141, 
-78, -444, -366, 261, 143, -405, 170, 302, 370, 112, 214, -146, 
-78, -444, -366, 261, 143, -405, 170, 302, 375, 117, 214, -141, 
-73, -444, -370, 258, 148, -407, 170, 302, 380, 122, 219, -146, 
-63, -439, -375, 251, 156, -407, 161, 302, 375, 117, 209, -131, 
-63, -434, -370, 248, 153, -402, 161, 297, 375, 117, 209, -131, 
-58, -429, -370, 244, 156, -400, 156, 292, 375, 117, 209, -131, 
-58, -419, -361, 239, 151, -390, 156, 287, 380, 122, 214, -126, 
-48, -414, -366, 231, 158, -390, 156, 287, 385, 141, 229, -117, 
-48, -405, -356, 226, 153, -380, 156, 287, 390, 146, 234, -117, 
-48, -390, -341, 219, 146, -366, 156, 287, 395, 151, 239, -117, 
-48, -385, -336, 217, 143, -361, 156, 287, 400, 156, 244, -117, 
-43, -390, -346, 217, 151, -368, 161, 297, 405, 156, 234, -122, 
-43, -390, -346, 217, 151, -368, 161, 297, 409, 165, 239, -117, 
-43, -390, -346, 217, 151, -368, 161, 302, 414, 165, 244, -112, 
-43, -395, -351, 219, 153, -373, 161, 302, 419, 180, 248, -112, 
-43, -385, -341, 214, 148, -363, 146, 292, 424, 185, 253, -107, 
-34, -385, -351, 209, 158, -368, 146, 292, 429, 190, 258, -102, 
-34, -385, -351, 209, 158, -368, 141, 297, 434, 195, 258, -102, 
-29, -375, -346, 202, 158, -361, 141, 297, 439, 200, 263, -102, 
-24, -361, -336, 192, 156, -348, 131, 297, 448, 214, 278, -82, 
-24, -346, -322, 185, 148, -334, 131, 297, 448, 219, 283, -78, 
-19, -341, -322, 180, 151, -331, 126, 297, 448, 224, 287, -73, 
-19, -331, -312, 175, 146, -322, 126, 297, 458, 234, 297, -73, 
-19, -322, -302, 170, 141, -312, 122, 297, 463, 248, 307, -58, 
-14, -317, -302, 165, 143, -309, 122, 302, 473, 263, 317, -48, 
-14, -317, -302, 165, 143, -309, 122, 302, 478, 273, 331, -39, 
-4, -307, -302, 156, 148, -305, 117, 302, 488, 292, 341, -29, 
0, -297, -297, 148, 148, -297, 112, 292, 492, 292, 336, -24, 
0, -287, -287, 143, 143, -287, 107, 292, 497, 302, 346, -14, 
0, -278, -278, 139, 139, -278, 107, 292, 502, 312, 356, -9, 
9, -273, -283, 131, 146, -278, 107, 292, 517, 322, 366, -4, 
24, -273, -297, 124, 161, -285, 102, 302, 527, 331, 385, 14, 
29, -268, -297, 119, 163, -283, 97, 307, 527, 346, 400, 24, 
29, -253, -283, 112, 156, -268, 92, 307, 536, 370, 414, 29, 
29, -244, -273, 107, 151, -258, 92, 307, 546, 385, 434, 34, 
34, -234, -268, 100, 151, -251, 78, 307, 546, 400, 444, 53, 
39, -234, -273, 97, 156, -253, 73, 307, 556, 405, 444, 68, 
39, -224, -263, 92, 151, -244, 68, 307, 561, 419, 453, 73, 
43, -214, -258, 85, 151, -236, 68, 302, 566, 429, 473, 92, 
58, -195, -253, 68, 156, -224, 58, 292, 575, 439, 473, 92, 
63, -175, -239, 56, 151, -207, 48, 292, 580, 453, 483, 97, 
68, -161, -229, 46, 148, -195, 39, 287, 590, 468, 492, 107, 
73, -141, -214, 34, 143, -178, 29, 287, 595, 483, 512, 117, 
78, -117, -195, 19, 136, -156, 14, 278, 605, 488, 512, 117, 
82, -112, -195, 14, 139, -153, 9, 278, 605, 502, 527, 126, 
82, -97, -180, 7, 131, -139, 0, 278, 610, 517, 536, 141, 
87, -82, -170, -2, 129, -126, -9, 278, 614, 531, 556, 151, 
102, -78, -180, -12, 141, -129, -9, 273, 624, 551, 575, 170, 
107, -73, -180, -17, 143, -126, -14, 268, 629, 566, 595, 180, 
112, -63, -175, -24, 143, -119, -14, 268, 639, 580, 614, 195, 
117, -63, -180, -26, 148, -122, -14, 263, 653, 600, 629, 209, 
112, -58, -170, -26, 141, -114, -14, 268, 649, 610, 653, 219, 
112, -58, -170, -26, 141, -114, -19, 263, 649, 619, 658, 229, 
117, -43, -161, -36, 139, -102, -24, 258, 649, 624, 668, 234, 
122, -34, -156, -43, 139, -95, -29, 258, 653, 634, 678, 239, 
131, -19, -151, -56, 141, -85, -48, 244, 653, 634, 668, 244, 
131, -9, -141, -61, 136, -75, -53, 239, 653, 639, 673, 248, 
131, 0, -131, -65, 131, -65, -58, 234, 649, 644, 678, 248, 
136, 0, -136, -68, 136, -68, -63, 229, 644, 644, 673, 248, 
136, 0, -136, -68, 136, -68, -68, 219, 639, 639, 683, 263, 
136, 4, -131, -70, 134, -63, -68, 214, 634, 639, 683, 268, 
141, 14, -126, -78, 134, -56, -68, 209, 629, 649, 697, 273, 
141, 19, -122, -80, 131, -51, -73, 204, 624, 649, 697, 278, 
126, 19, -107, -73, 117, -43, -68, 209, 619, 649, 707, 287, 
126, 24, -102, -75, 114, -39, -68, 204, 619, 649, 712, 292, 
122, 24, -97, -73, 109, -36, -68, 195, 614, 649, 712, 292, 
122, 19, -102, -70, 112, -41, -73, 195, 605, 639, 707, 283, 
122, 14, -107, -68, 114, -46, -63, 200, 595, 629, 692, 268, 
117, 9, -107, -63, 112, -48, -68, 195, 585, 624, 678, 258, 
117, 9, -107, -63, 112, -48, -68, 195, 575, 605, 653, 248, 
112, 0, -112, -56, 112, -56, -68, 190, 566, 590, 634, 239, 
102, -24, -126, -39, 114, -75, -63, 185, 556, 561, 610, 214, 
92, -34, -126, -29, 109, -80, -58, 180, 536, 531, 585, 200, 
78, -48, -126, -14, 102, -87, -48, 180, 522, 507, 566, 180, 
73, -63, -136, -4, 104, -100, -34, 175, 502, 468, 541, 156, 
63, -78, -141, 7, 102, -109, -29, 185, 492, 458, 531, 151, 
58, -92, -151, 17, 104, -122, -19, 185, 473, 439, 512, 136, 
43, -117, -161, 36, 102, -139, -14, 185, 458, 414, 483, 117, 
39, -136, -175, 48, 107, -156, 0, 190, 439, 395, 468, 107, 
29, -151, -180, 61, 104, -165, 4, 190, 424, 366, 444, 92, 
19, -161, -180, 70, 100, -170, 14, 190, 414, 341, 414, 78, 
4, -185, -190, 90, 97, -187, 24, 190, 395, 317, 395, 53, 
-4, -204, -200, 104, 97, -202, 24, 185, 385, 297, 375, 39, 
4, -219, -224, 107, 114, -222, 39, 195, 370, 273, 361, 19, 
0, -229, -229, 114, 114, -229, 43, 195, 366, 253, 341, 9, 
-14, -253, -239, 134, 112, -246, 53, 195, 356, 239, 326, 4, 
-19, -273, -253, 146, 117, -263, 58, 195, 346, 219, 312, -9, 
-34, -283, -248, 158, 107, -265, 73, 209, 341, 209, 302, -24, 
-39, -307, -268, 173, 114, -287, 82, 209, 331, 204, 292, -39, 
-43, -317, -273, 180, 114, -295, 82, 209, 322, 200, 273, -53, 
-48, -326, -278, 187, 114, -302, 87, 209, 317, 195, 258, -68, 
-58, -331, -273, 195, 107, -302, 87, 200, 307, 175, 248, -78, 
-58, -341, -283, 200, 112, -312, 92, 204, 292, 161, 234, -78, 
-63, -351, -287, 207, 112, -319, 92, 204, 283, 141, 229, -82, 
-68, -356, -287, 212, 109, -322, 97, 204, 273, 117, 214, -87, 
-58, -351, -292, 204, 117, -322, 102, 204, 263, 97, 200, -102, 
-68, -356, -287, 212, 109, -322, 102, 204, 253, 92, 185, -107, 
-68, -366, -297, 217, 114, -331, 107, 204, 253, 87, 180, -122, 
-68, -366, -297, 217, 114, -331, 112, 204, 244, 82, 165, -131, 
-78, -380, -302, 229, 112, -341, 117, 204, 248, 87, 170, -131, 
-78, -385, -307, 231, 114, -346, 117, 204, 239, 87, 175, -131, 
-82, -395, -312, 239, 114, -353, 117, 204, 239, 87, 175, -136, 
-82, -395, -312, 239, 114, -353, 117, 204, 234, 92, 175, -136, 
-82, -405, -322, 244, 119, -363, 122, 204, 244, 87, 185, -136, 
-82, -409, -326, 246, 122, -368, 122, 204, 239, 87, 180, -136, 
-82, -409, -326, 246, 122, -368, 122, 204, 239, 87, 175, -136, 
-82, -414, -331, 248, 124, -373, 126, 204, 234, 87, 170, -131, 
-82, -429, -346, 256, 131, -387, 126, 204, 224, 78, 170, -136, 
-82, -429, -346, 256, 131, -387, 126, 204, 219, 78, 165, -136, 
-87, -434, -346, 261, 129, -390, 126, 204, 214, 73, 165, -136, 
-87, -434, -346, 261, 129, -390, 126, 204, 214, 73, 161, -136, 
-92, -419, -326, 256, 117, -373, 122, 195, 209, 63, 151, -151, 
-92, -419, -326, 256, 117, -373, 122, 195, 209, 58, 141, -161, 
-92, -424, -331, 258, 119, -378, 126, 195, 204, 53, 131, -165, 
-92, -429, -336, 261, 122, -383, 126, 195, 204, 53, 122, -170, 
-97, -419, -322, 258, 112, -370, 126, 195, 214, 63, 126, -170, 
-97, -419, -322, 258, 112, -370, 126, 195, 204, 63, 126, -170, 
-97, -419, -322, 258, 112, -370, 126, 195, 204, 58, 126, -170, 
-97, -419, -322, 258, 112, -370, 126, 195, 204, 53, 126, -170, 
-97, -424, -326, 261, 114, -375, 126, 195, 209, 53, 136, -161, 
-97, -424, -326, 261, 114, -375, 126, 195, 209, 58, 131, -161, 
-97, -424, -326, 261, 114, -375, 126, 195, 209, 63, 126, -161, 
-97, -424, -326, 261, 114, -375, 131, 190, 209, 68, 126, -161, 
-87, -419, -331, 253, 122, -375, 122, 200, 200, 58, 126, -170, 
-87, -419, -331, 253, 122, -375, 122, 200, 200, 58, 126, -170, 
-87, -419, -331, 253, 122, -375, 122, 200, 204, 58, 126, -170, 
-87, -419, -331, 253, 122, -375, 122, 204, 204, 68, 126, -170, 
-97, -419, -322, 258, 112, -370, 131, 195, 209, 58, 126, -165, 
-97, -419, -322, 258, 112, -370, 131, 195, 209, 63, 126, -165, 
-97, -419, -322, 258, 112, -370, 131, 195, 209, 68, 126, -165, 
-92, -419, -326, 256, 117, -373, 131, 195, 209, 68, 126, -165, 
-82, -429, -346, 256, 131, -387, 122, 204, 200, 78, 126, -165, 
-87, -429, -341, 258, 126, -385, 122, 204, 200, 78, 131, -165, 
-87, -429, -341, 258, 126, -385, 122, 204, 200, 78, 136, -165, 
-82, -424, -341, 253, 129, -383, 126, 204, 200, 73, 141, -165, 
-82, -434, -351, 258, 134, -392, 136, 195, 209, 78, 151, -156, 
-82, -439, -356, 261, 136, -397, 136, 195, 209, 82, 151, -156, 
-82, -439, -356, 261, 136, -397, 136, 195, 209, 87, 151, -156, 
-82, -434, -351, 258, 134, -392, 136, 195, 214, 92, 151, -156, 
-82, -429, -346, 256, 131, -387, 126, 195, 204, 87, 136, -156, 
-82, -424, -341, 253, 129, -383, 126, 195, 204, 87, 136, -156, 
-82, -419, -336, 251, 126, -378, 126, 195, 204, 87, 136, -156, 
-82, -419, -336, 251, 126, -378, 126, 195, 204, 82, 136, -161, 
-82, -419, -336, 251, 126, -378, 126, 195, 190, 82, 136, -170, 
-82, -414, -331, 248, 124, -373, 126, 195, 190, 87, 136, -170, 
-82, -409, -326, 246, 122, -368, 126, 195, 195, 87, 141, -170, 
-82, -405, -322, 244, 119, -363, 126, 195, 195, 82, 141, -170, 
-73, -395, -322, 234, 124, -358, 122, 195, 195, 82, 131, -170, 
-78, -400, -322, 239, 122, -361, 122, 195, 195, 87, 136, -170, 
-78, -400, -322, 239, 122, -361, 122, 195, 195, 87, 136, -170, 
-78, -400, -322, 239, 122, -361, 122, 195, 195, 87, 136, -170, 
-78, -390, -312, 234, 117, -351, 122, 195, 204, 97, 146, -161, 
-78, -390, -312, 234, 117, -351, 117, 195, 204, 97, 146, -161, 
-78, -390, -312, 234, 117, -351, 117, 195, 204, 97, 146, -161, 
-78, -390, -312, 234, 117, -351, 117, 195, 209, 97, 146, -161, 
-68, -390, -322, 229, 126, -356, 117, 185, 200, 102, 146, -161, 
-68, -390, -322, 229, 126, -356, 117, 185, 200, 102, 146, -161, 
-68, -390, -322, 229, 126, -356, 117, 185, 200, 102, 146, -161, 
-68, -390, -322, 229, 126, -356, 117, 185, 195, 102, 146, -161, 
-68, -390, -322, 229, 126, -356, 107, 185, 195, 92, 131, -170, 
-68, -385, -317, 226, 124, -351, 107, 185, 195, 82, 126, -170, 
-68, -385, -317, 226, 124, -351, 107, 185, 195, 82, 126, -170, 
-68, -385, -317, 226, 124, -351, 107, 185, 195, 82, 126, -170, 
-58, -375, -317, 217, 129, -346, 117, 175, 185, 82, 136, -161, 
-58, -380, -322, 219, 131, -351, 117, 175, 185, 87, 136, -161, 
-58, -380, -322, 219, 131, -351, 117, 175, 185, 87, 136, -165, 
-58, -380, -322, 219, 131, -351, 117, 175, 185, 87, 136, -170, 
-58, -390, -331, 224, 136, -361, 117, 185, 195, 92, 136, -161, 
-58, -390, -331, 224, 136, -361, 117, 185, 195, 97, 141, -161, 
-58, -390, -331, 224, 136, -361, 117, 185, 195, 102, 141, -161, 
-58, -390, -331, 224, 136, -361, 117, 185, 195, 102, 136, -165, 
-68, -380, -312, 224, 122, -346, 117, 185, 195, 97, 126, -175, 
-68, -380, -312, 224, 122, -346, 117, 185, 195, 97, 126, -170, 
-68, -380, -312, 224, 122, -346, 117, 185, 195, 102, 126, -170, 
-68, -380, -312, 224, 122, -346, 117, 185, 195, 102, 126, -170, 
-58, -380, -322, 219, 131, -351, 117, 180, 190, 107, 122, -180, 
-58, -380, -322, 219, 131, -351, 117, 180, 185, 102, 122, -180, 
-58, -380, -322, 219, 131, -351, 117, 180, 175, 97, 122, -175, 
-58, -380, -322, 219, 131, -351, 117, 185, 170, 92, 122, -175, 
-58, -380, -322, 219, 131, -351, 117, 175, 170, 97, 117, -185, 
-58, -375, -317, 217, 129, -346, 117, 175, 170, 97, 117, -185, 
-58, -375, -317, 217, 129, -346, 117, 175, 170, 97, 117, -190, 
-58, -375, -317, 217, 129, -346, 117, 175, 165, 97, 117, -190, 
-58, -366, -307, 212, 124, -336, 117, 170, 170, 97, 126, -190, 
-58, -366, -307, 212, 124, -336, 117, 170, 170, 97, 126, -200, 
-58, -370, -312, 214, 126, -341, 117, 170, 170, 92, 122, -200, 
-58, -370, -312, 214, 126, -341, 117, 170, 170, 92, 117, -200, 
-68, -370, -302, 219, 117, -336, 117, 170, 161, 82, 117, -200, 
-68, -370, -302, 219, 117, -336, 117, 165, 156, 82, 117, -195, 
-68, -370, -302, 219, 117, -336, 117, 165, 156, 82, 117, -195, 
-68, -370, -302, 219, 117, -336, 117, 165, 156, 82, 117, -200, 
-68, -370, -302, 219, 117, -336, 117, 165, 156, 82, 107, -200, 
-68, -375, -307, 222, 119, -341, 117, 165, 151, 82, 107, -200, 
-68, -375, -307, 222, 119, -341, 117, 165, 151, 82, 102, -200, 
-68, -375, -307, 222, 119, -341, 117, 165, 151, 82, 102, -200, 
-58, -380, -322, 219, 131, -351, 117, 165, 151, 92, 107, -209, 
-63, -380, -317, 222, 126, -348, 117, 165, 151, 92, 107, -209, 
-63, -380, -317, 222, 126, -348, 117, 165, 151, 87, 107, -209, 
-63, -385, -322, 224, 129, -353, 117, 165, 151, 87, 107, -209, 
-68, -375, -307, 222, 119, -341, 117, 170, 151, 92, 107, -209, 
-68, -375, -307, 222, 119, -341, 117, 170, 151, 92, 102, -209, 
-68, -375, -307, 222, 119, -341, 117, 170, 146, 87, 102, -209, 
-68, -375, -307, 222, 119, -341, 122, 170, 146, 87, 102, -209, 
-68, -366, -297, 217, 114, -331, 122, 161, 136, 82, 102, -219, 
-68, -366, -297, 217, 114, -331, 122, 161, 136, 82, 102, -219, 
-68, -366, -297, 217, 114, -331, 122, 161, 136, 78, 97, -224, 
-68, -366, -297, 217, 114, -331, 122, 161, 136, 78, 97, -224, 
-68, -385, -317, 226, 124, -351, 131, 170, 136, 78, 97, -219, 
-68, -385, -317, 226, 124, -351, 131, 170, 141, 78, 102, -219, 
-68, -380, -312, 224, 122, -346, 131, 170, 141, 78, 107, -219, 
-68, -380, -312, 224, 122, -346, 131, 170, 141, 78, 107, -219, 
-68, -385, -317, 226, 124, -351, 131, 170, 141, 87, 92, -224, 
-68, -385, -317, 226, 124, -351, 131, 170, 141, 87, 92, -224, 
-68, -385, -317, 226, 124, -351, 131, 170, 136, 82, 92, -229, 
-68, -380, -312, 224, 122, -346, 131, 170, 136, 82, 87, -234, 
-68, -380, -312, 224, 122, -346, 131, 170, 126, 82, 87, -234, 
-68, -380, -312, 224, 122, -346, 131, 170, 126, 82, 87, -239, 
-68, -380, -312, 224, 122, -346, 131, 170, 126, 82, 82, -239, 
-68, -380, -312, 224, 122, -346, 131, 165, 126, 82, 82, -239, 
-78, -380, -302, 229, 112, -341, 131, 156, 126, 92, 92, -239, 
-78, -380, -302, 229, 112, -341, 131, 156, 126, 92, 92, -239, 
-78, -380, -302, 229, 112, -341, 131, 156, 122, 92, 92, -239, 
-78, -380, -302, 229, 112, -341, 131, 156, 117, 92, 92, -239, 
-68, -370, -302, 219, 117, -336, 131, 161, 122, 102, 92, -239, 
-68, -375, -307, 222, 119, -341, 131, 161, 131, 107, 92, -234, 
-68, -375, -307, 222, 119, -341, 131, 161, 136, 107, 92, -224, 
-68, -375, -307, 222, 119, -341, 131, 161, 141, 107, 92, -219, 
-58, -385, -326, 222, 134, -356, 131, 161, 131, 107, 102, -229, 
-58, -385, -326, 222, 134, -356, 131, 161, 131, 112, 102, -229, 
-58, -385, -326, 222, 134, -356, 131, 161, 131, 112, 102, -229, 
-58, -385, -326, 222, 134, -356, 131, 161, 131, 107, 102, -229, 
-58, -375, -317, 217, 129, -346, 136, 161, 117, 117, 102, -239, 
-58, -375, -317, 217, 129, -346, 136, 161, 117, 117, 102, -239, 
-58, -375, -317, 217, 129, -346, 131, 156, 122, 117, 102, -239, 
-58, -375, -317, 217, 129, -346, 131, 156, 122, 117, 102, -239, 
-58, -366, -307, 212, 124, -336, 131, 156, 112, 107, 97, -239, 
-58, -370, -312, 214, 126, -341, 131, 156, 112, 107, 87, -239, 
-58, -370, -312, 214, 126, -341, 131, 156, 117, 107, 82, -244, 
-58, -370, -312, 214, 126, -341, 131, 156, 117, 107, 78, -244, 
-58, -361, -302, 209, 122, -331, 122, 151, 117, 117, 82, -239, 
-58, -361, -302, 209, 122, -331, 122, 151, 117, 117, 82, -239, 
-58, -356, -297, 207, 119, -326, 122, 151, 122, 117, 87, -239, 
-58, -356, -297, 207, 119, -326, 126, 151, 122, 117, 92, -239, 
-58, -356, -297, 207, 119, -326, 126, 161, 122, 117, 87, -234, 
-58, -361, -302, 209, 122, -331, 126, 161, 122, 117, 87, -234, 
-58, -361, -302, 209, 122, -331, 126, 161, 122, 117, 87, -234, 
-58, -361, -302, 209, 122, -331, 126, 161, 122, 117, 87, -234, 
-58, -356, -297, 207, 119, -326, 126, 161, 122, 117, 87, -244, 
-58, -356, -297, 207, 119, -326, 126, 161, 117, 117, 87, -244, 
-58, -356, -297, 207, 119, -326, 126, 161, 117, 117, 87, -244, 
-58, -356, -297, 207, 119, -326, 126, 161, 122, 117, 87, -244, 
-58, -341, -283, 200, 112, -312, 117, 161, 131, 126, 92, -244, 
-58, -336, -278, 197, 109, -307, 117, 161, 131, 131, 92, -244, 
-58, -331, -273, 195, 107, -302, 117, 161, 131, 131, 92, -244, 
-58, -326, -268, 192, 104, -297, 117, 161, 131, 131, 92, -244, 
-48, -317, -268, 183, 109, -292, 117, 165, 151, 146, 102, -244, 
-48, -312, -263, 180, 107, -287, 126, 165, 156, 146, 107, -234, 
-48, -302, -253, 175, 102, -278, 126, 156, 156, 146, 117, -224, 
-48, -302, -253, 175, 102, -278, 126, 156, 156, 146, 117, -224, 
-48, -302, -253, 175, 102, -278, 126, 156, 156, 146, 117, -224, 
-48, -302, -253, 175, 102, -278, 126, 156, 156, 146, 117, -224, 
-48, -297, -248, 173, 100, -273, 126, 156, 161, 146, 117, -219, 
-48, -297, -248, 173, 100, -273, 126, 156, 165, 151, 117, -219, 
-48, -297, -248, 173, 100, -273, 126, 156, 165, 151, 122, -219, 
-48, -292, -244, 170, 97, -268, 126, 156, 165, 151, 122, -219, 
-48, -292, -244, 170, 97, -268, 117, 165, 165, 161, 117, -219, 
-43, -287, -244, 165, 100, -265, 117, 165, 170, 165, 117, -219, 
-43, -283, -239, 163, 97, -261, 117, 165, 170, 165, 117, -219, 
-39, -283, -244, 161, 102, -263, 117, 165, 175, 170, 117, -219, 
-39, -273, -234, 156, 97, -253, 112, 156, 175, 180, 126, -229, 
-34, -263, -229, 148, 97, -246, 107, 156, 175, 180, 131, -224, 
-34, -263, -229, 148, 97, -246, 102, 156, 175, 180, 131, -224, 
-34, -268, -234, 151, 100, -251, 102, 156, 175, 175, 131, -229, 
-43, -273, -229, 158, 92, -251, 92, 141, 175, 185, 122, -229, 
-48, -278, -229, 163, 90, -253, 82, 131, 170, 185, 122, -224, 
-48, -283, -234, 165, 92, -258, 78, 126, 165, 185, 122, -224, 
-48, -287, -239, 168, 95, -263, 73, 117, 165, 180, 117, -219, 
-48, -287, -239, 168, 95, -263, 73, 117, 165, 170, 117, -229, 
-48, -287, -239, 168, 95, -263, 68, 112, 165, 170, 126, -229, 
-48, -287, -239, 168, 95, -263, 68, 107, 161, 170, 126, -229, 
-48, -287, -239, 168, 95, -263, 68, 107, 151, 170, 122, -229, 
-48, -278, -229, 163, 90, -253, 63, 97, 146, 180, 131, -214, 
-48, -278, -229, 163, 90, -253, 63, 97, 146, 180, 131, -214, 
-48, -278, -229, 163, 90, -253, 63, 97, 141, 180, 131, -214, 
-48, -278, -229, 163, 90, -253, 63, 97, 141, 180, 131, -214, 
-48, -268, -219, 158, 85, -244, 53, 107, 131, 175, 131, -209, 
-39, -268, -229, 153, 95, -248, 58, 112, 131, 175, 136, -204, 
-34, -268, -234, 151, 100, -251, 58, 112, 136, 175, 136, -204, 
-24, -268, -244, 146, 109, -256, 58, 117, 136, 175, 141, -204, 
-24, -273, -248, 148, 112, -261, 58, 107, 131, 175, 126, -214, 
-19, -278, -258, 148, 119, -268, 63, 107, 126, 175, 122, -214, 
-14, -278, -263, 146, 124, -270, 63, 117, 126, 175, 117, -214, 
-9, -273, -263, 141, 126, -268, 63, 117, 131, 180, 112, -204, 
-9, -283, -273, 146, 131, -278, 73, 126, 136, 185, 117, -204, 
-9, -292, -283, 151, 136, -287, 78, 126, 141, 190, 122, -209, 
-9, -292, -283, 151, 136, -287, 78, 126, 146, 195, 126, -209, 
-14, -297, -283, 156, 134, -290, 92, 126, 156, 200, 131, -204, 
-34, -297, -263, 165, 114, -280, 97, 141, 146, 200, 141, -195, 
-39, -297, -258, 168, 109, -278, 102, 141, 151, 200, 141, -200, 
-43, -302, -258, 173, 107, -280, 107, 146, 151, 200, 141, -204, 
-48, -302, -253, 175, 102, -278, 112, 146, 151, 204, 141, -204, 
-43, -302, -258, 173, 107, -280, 112, 146, 151, 200, 136, -219, 
-48, -317, -268, 183, 109, -292, 122, 156, 146, 190, 122, -229, 
-48, -331, -283, 190, 117, -307, 122, 156, 136, 170, 107, -234, 
-48, -341, -292, 195, 122, -317, 126, 161, 126, 161, 92, -239, 
-43, -361, -317, 202, 136, -339, 131, 151, 117, 165, 73, -253, 
-43, -366, -322, 204, 139, -344, 136, 151, 102, 161, 73, -258, 
-43, -375, -331, 209, 143, -353, 136, 151, 97, 151, 68, -263, 
-53, -385, -331, 219, 139, -358, 136, 151, 87, 141, 68, -273, 
-63, -390, -326, 226, 131, -358, 141, 151, 78, 136, 73, -263, 
-58, -390, -331, 224, 136, -361, 141, 151, 78, 136, 73, -263, 
-58, -390, -331, 224, 136, -361, 141, 151, 78, 136, 68, -263, 
-63, -390, -326, 226, 131, -358, 141, 151, 78, 141, 68, -263, 
-63, -390, -326, 226, 131, -358, 141, 151, 87, 141, 58, -273, 
-63, -385, -322, 224, 129, -353, 141, 151, 87, 146, 58, -278, 
-63, -380, -317, 222, 126, -348, 141, 151, 87, 146, 58, -278, 
-58, -375, -317, 217, 129, -346, 141, 151, 87, 146, 58, -273, 
-58, -375, -317, 217, 129, -346, 131, 151, 82, 146, 58, -283, 
-63, -375, -312, 219, 124, -344, 136, 151, 82, 141, 53, -283, 
-63, -380, -317, 222, 126, -348, 136, 151, 82, 141, 53, -287, 
-58, -380, -322, 219, 131, -351, 136, 156, 78, 141, 53, -287, 
-58, -380, -322, 219, 131, -351, 146, 165, 87, 146, 58, -273, 
-58, -385, -326, 222, 134, -356, 146, 165, 87, 151, 63, -268, 
-63, -395, -331, 229, 134, -363, 146, 165, 92, 161, 68, -263, 
-63, -400, -336, 231, 136, -368, 146, 165, 92, 165, 73, -258, 
-63, -395, -331, 229, 134, -363, 146, 161, 82, 156, 82, -258, 
-63, -390, -326, 226, 131, -358, 146, 161, 82, 156, 82, -258, 
-63, -385, -322, 224, 129, -353, 151, 161, 78, 156, 78, -258, 
-63, -380, -317, 222, 126, -348, 151, 161, 78, 156, 78, -258, 
-53, -380, -326, 217, 136, -353, 141, 161, 82, 156, 78, -258, 
-53, -380, -326, 217, 136, -353, 141, 161, 82, 156, 73, -263, 
-53, -380, -326, 217, 136, -353, 141, 161, 82, 156, 68, -268, 
-53, -375, -322, 214, 134, -348, 141, 161, 82, 156, 63, -273, 
-53, -385, -331, 219, 139, -358, 151, 161, 82, 156, 68, -263, 
-53, -385, -331, 219, 139, -358, 151, 161, 92, 165, 68, -263, 
-53, -385, -331, 219, 139, -358, 151, 161, 92, 165, 68, -263, 
-53, -385, -331, 219, 139, -358, 156, 161, 92, 165, 68, -263, 
-63, -375, -312, 219, 124, -344, 156, 161, 92, 175, 68, -273, 
-63, -375, -312, 219, 124, -344, 156, 161, 92, 175, 68, -273, 
-58, -375, -317, 217, 129, -346, 156, 161, 97, 180, 73, -273, 
-58, -375, -317, 217, 129, -346, 156, 170, 102, 180, 73, -273, 
-58, -385, -326, 222, 134, -356, 161, 170, 107, 180, 68, -278, 
-48, -385, -336, 217, 143, -361, 180, 190, 117, 180, 58, -283, 
-39, -409, -370, 224, 165, -390, 200, 239, 126, 180, 48, -292, 
-19, -429, -409, 224, 195, -419, 224, 278, 161, 180, 39, -302, 
-4, -434, -429, 219, 212, -431, 239, 317, 200, 209, 48, -302, 
4, -444, -448, 219, 226, -446, 258, 351, 258, 239, 53, -312, 
14, -434, -448, 209, 231, -441, 278, 390, 317, 263, 63, -302, 
34, -395, -429, 180, 231, -412, 292, 405, 419, 317, 87, -287, 
53, -317, -370, 131, 212, -344, 297, 424, 546, 409, 156, -248, 
92, -239, -331, 73, 212, -285, 287, 453, 692, 546, 244, -195, 
136, -136, -273, 0, 204, -204, 258, 463, 829, 702, 361, -117, 
180, 0, -180, -90, 180, -90, 214, 429, 956, 878, 512, -9, 
204, 185, -19, -195, 112, 82, 117, 326, 1049, 1083, 697, 141, 
239, 400, 161, -319, 39, 280, -29, 161, 1083, 1302, 927, 326, 
273, 629, 356, -451, -41, 492, -204, -34, 1093, 1517, 1161, 536, 
307, 819, 512, -563, -102, 666, -361, -209, 1093, 1722, 1371, 717, 
341, 951, 610, -646, -134, 780, -483, -346, 1088, 1883, 1537, 858, 
341, 1068, 727, -705, -192, 897, -585, -478, 1063, 2020, 1668, 961, 
317, 1210, 893, -763, -287, 1051, -732, -658, 1005, 2122, 1786, 1063, 
248, 1342, 1093, -795, -422, 1217, -863, -888, 917, 2142, 1839, 1137, 
141, 1312, 1171, -727, -514, 1241, -897, -1010, 722, 1961, 1722, 1083, 
53, 1078, 1024, -566, -485, 1051, -819, -966, 429, 1581, 1429, 893, 
-19, 771, 790, -375, -405, 780, -727, -878, 48, 1083, 1039, 653, 
-122, 522, 644, -200, -383, 583, -668, -839, -434, 488, 629, 414, 
-229, 346, 575, -58, -402, 461, -605, -824, -927, -102, 263, 214, 
-287, 214, 502, 36, -395, 358, -541, -775, -1288, -492, 34, 87, 
-297, 112, 409, 92, -353, 261, -502, -717, -1420, -619, -53, 19, 
-283, 29, 312, 126, -297, 170, -483, -668, -1366, -600, -82, -29, 
-239, -39, 200, 139, -219, 80, -453, -605, -1224, -522, -78, -53, 
-200, -87, 112, 143, -156, 12, -414, -536, -1068, -429, -53, -68, 
-165, -126, 39, 146, -102, -43, -380, -488, -922, -351, -34, -97, 
-151, -141, 9, 146, -80, -65, -341, -419, -780, -258, -24, -117, 
-131, -156, -24, 143, -53, -90, -278, -336, -644, -185, -9, -136, 
-126, -185, -58, 156, -34, -122, -214, -258, -541, -126, 0, -156, 
-112, -200, -87, 156, -12, -143, -151, -185, -444, -73, 9, -170, 
-102, -200, -97, 151, -2, -148, -87, -107, -336, -9, 29, -180, 
-102, -214, -112, 158, 4, -163, -39, -53, -229, 43, 48, -175, 
-92, -219, -126, 156, 17, -173, -4, -39, -136, 78, 63, -195, 
-82, -244, -161, 163, 39, -202, 24, -4, -53, 117, 63, -209, 
-82, -268, -185, 175, 51, -226, 39, 24, 0, 151, 73, -209, 
-68, -268, -200, 168, 65, -234, 58, 43, 53, 180, 87, -209, 
-48, -248, -200, 148, 75, -224, 68, 68, 82, 200, 92, -209, 
-48, -248, -200, 148, 75, -224, 87, 97, 92, 229, 97, -200, 
-43, -248, -204, 146, 80, -226, 107, 117, 102, 248, 107, -200, 
-39, -248, -209, 143, 85, -229, 131, 151, 122, 258, 122, -200, 
-24, -258, -234, 141, 104, -246, 146, 180, 136, 263, 131, -200, 
-24, -283, -258, 153, 117, -270, 165, 190, 151, 263, 122, -204, 
-19, -297, -278, 158, 129, -287, 165, 204, 165, 263, 112, -209, 
-19, -302, -283, 161, 131, -292, 165, 200, 180, 268, 122, -209, 
-14, -307, -292, 161, 139, -300, 170, 190, 185, 273, 122, -214, 
-19, -297, -278, 158, 129, -287, 161, 190, 190, 273, 112, -214, 
-19, -297, -278, 158, 129, -287, 161, 180, 195, 278, 112, -209, 
-19, -297, -278, 158, 129, -287, 161, 180, 204, 283, 117, -209, 
-14, -302, -287, 158, 136, -295, 161, 190, 209, 292, 122, -209, 
-14, -302, -287, 158, 136, -295, 165, 195, 209, 302, 122, -214, 
-9, -302, -292, 156, 141, -297, 170, 204, 209, 302, 122, -214, 
-9, -302, -292, 156, 141, -297, 175, 209, 219, 307, 126, -214, 
-9, -302, -292, 156, 141, -297, 180, 214, 224, 312, 126, -214, 
-4, -302, -297, 153, 146, -300, 185, 214, 234, 312, 126, -209, 
-14, -297, -283, 156, 134, -290, 185, 224, 239, 317, 126, -209, 
-14, -297, -283, 156, 134, -290, 185, 229, 248, 322, 131, -209, 
-9, -297, -287, 153, 139, -292, 180, 229, 248, 322, 131, -204, 
-9, -292, -283, 151, 136, -287, 180, 229, 253, 322, 131, -204, 
0, -283, -283, 141, 141, -283, 190, 234, 253, 322, 131, -204, 
0, -283, -283, 141, 141, -283, 190, 234, 258, 331, 131, -204, 
0, -283, -283, 141, 141, -283, 190, 234, 263, 331, 131, -204, 
0, -278, -278, 139, 139, -278, 195, 234, 268, 336, 131, -200, 
4, -278, -283, 136, 143, -280, 185, 229, 268, 341, 136, -195, 
9, -278, -287, 134, 148, -283, 185, 229, 268, 341, 136, -195, 
9, -278, -287, 134, 148, -283, 185, 229, 278, 341, 136, -200, 
9, -278, -287, 134, 148, -283, 180, 229, 283, 346, 136, -200, 
19, -268, -287, 124, 153, -278, 180, 219, 273, 356, 141, -185, 
19, -263, -283, 122, 151, -273, 180, 219, 273, 361, 141, -185, 
19, -258, -278, 119, 148, -268, 180, 219, 278, 361, 141, -185, 
19, -258, -278, 119, 148, -268, 180, 219, 283, 370, 146, -185, 
19, -253, -273, 117, 146, -263, 180, 229, 292, 370, 161, -170, 
19, -248, -268, 114, 143, -258, 180, 229, 297, 375, 161, -170, 
19, -248, -268, 114, 143, -258, 180, 229, 302, 380, 165, -170, 
24, -248, -273, 112, 148, -261, 180, 234, 307, 380, 165, -165, 
24, -244, -268, 109, 146, -256, 180, 224, 312, 390, 165, -175, 
29, -239, -268, 104, 148, -253, 180, 224, 312, 395, 175, -175, 
29, -239, -268, 104, 148, -253, 180, 224, 317, 400, 175, -165, 
34, -239, -273, 102, 153, -256, 180, 224, 322, 405, 180, -165, 
34, -229, -263, 97, 148, -246, 170, 229, 326, 409, 180, -161, 
34, -229, -263, 97, 148, -246, 170, 229, 326, 409, 180, -161, 
39, -229, -268, 95, 153, -248, 165, 229, 326, 409, 180, -161, 
39, -224, -263, 92, 151, -244, 165, 229, 331, 414, 185, -156, 
39, -234, -273, 97, 156, -253, 165, 239, 346, 414, 180, -156, 
39, -229, -268, 95, 153, -248, 165, 239, 351, 419, 185, -156, 
39, -219, -258, 90, 148, -239, 165, 239, 356, 424, 190, -156, 
39, -219, -258, 90, 148, -239, 165, 239, 361, 429, 195, -156, 
43, -209, -253, 82, 148, -231, 161, 229, 375, 434, 204, -141, 
43, -204, -248, 80, 146, -226, 161, 229, 380, 448, 209, -136, 
43, -200, -244, 78, 143, -222, 161, 234, 385, 453, 214, -131, 
43, -200, -244, 78, 143, -222, 161, 234, 390, 473, 219, -131, 
43, -190, -234, 73, 139, -212, 156, 234, 385, 468, 224, -126, 
53, -190, -244, 68, 148, -217, 156, 234, 390, 473, 229, -122, 
53, -190, -244, 68, 148, -217, 151, 239, 395, 478, 229, -122, 
58, -180, -239, 61, 148, -209, 151, 239, 400, 483, 234, -122, 
63, -161, -224, 48, 143, -192, 151, 239, 419, 497, 239, -112, 
63, -151, -214, 43, 139, -183, 151, 239, 419, 502, 244, -107, 
68, -151, -219, 41, 143, -185, 146, 239, 419, 507, 248, -102, 
68, -146, -214, 39, 141, -180, 146, 239, 429, 517, 258, -102, 
58, -146, -204, 43, 131, -175, 151, 239, 434, 527, 273, -92, 
63, -141, -204, 39, 134, -173, 151, 244, 444, 536, 278, -87, 
63, -141, -204, 39, 134, -173, 151, 244, 448, 541, 287, -82, 
73, -131, -204, 29, 139, -168, 146, 244, 458, 556, 292, -78, 
78, -122, -200, 21, 139, -161, 141, 244, 468, 570, 307, -68, 
78, -112, -190, 17, 134, -151, 136, 244, 478, 585, 317, -53, 
78, -102, -180, 12, 129, -141, 136, 244, 488, 600, 326, -43, 
87, -97, -185, 4, 136, -141, 136, 244, 507, 614, 336, -34, 
92, -78, -170, -7, 131, -124, 131, 244, 527, 629, 361, -14, 
97, -73, -170, -12, 134, -122, 126, 248, 527, 639, 370, -4, 
97, -58, -156, -19, 126, -107, 122, 248, 536, 658, 380, 0, 
97, -48, -146, -24, 122, -97, 122, 248, 546, 668, 395, 4, 
112, -29, -141, -41, 126, -85, 117, 248, 546, 683, 395, 19, 
117, -29, -146, -43, 131, -87, 112, 248, 556, 688, 395, 29, 
117, -19, -136, -48, 126, -78, 107, 248, 561, 702, 405, 29, 
122, -9, -131, -56, 126, -70, 107, 244, 566, 712, 424, 43, 
126, 4, -122, -65, 124, -58, 102, 244, 580, 736, 444, 53, 
131, 19, -112, -75, 122, -46, 97, 244, 590, 756, 453, 58, 
136, 29, -107, -82, 122, -39, 92, 239, 605, 775, 463, 68, 
141, 43, -97, -92, 119, -26, 87, 239, 614, 795, 483, 78, 
146, 58, -87, -102, 117, -14, 82, 229, 629, 800, 492, 87, 
151, 63, -87, -107, 119, -12, 78, 229, 634, 814, 507, 97, 
151, 78, -73, -114, 112, 2, 68, 229, 644, 829, 517, 112, 
156, 92, -63, -124, 109, 14, 58, 229, 653, 844, 536, 122, 
151, 102, -48, -126, 100, 26, 58, 224, 653, 858, 531, 126, 
156, 112, -43, -134, 100, 34, 53, 219, 658, 868, 546, 131, 
161, 126, -34, -143, 97, 46, 53, 219, 668, 878, 561, 141, 
165, 131, -34, -148, 100, 48, 53, 214, 683, 893, 570, 151, 
170, 141, -29, -156, 100, 56, 43, 209, 678, 893, 585, 151, 
170, 146, -24, -158, 97, 61, 39, 204, 678, 902, 590, 161, 
175, 165, -9, -170, 92, 78, 34, 200, 678, 907, 600, 165, 
180, 180, 0, -180, 90, 90, 29, 200, 683, 917, 610, 170, 
180, 175, -4, -178, 92, 85, 29, 204, 678, 922, 605, 180, 
180, 185, 4, -183, 87, 95, 24, 200, 683, 932, 614, 190, 
180, 195, 14, -187, 82, 104, 19, 195, 683, 941, 624, 195, 
185, 195, 9, -190, 87, 102, 14, 190, 683, 946, 624, 200, 
185, 195, 9, -190, 87, 102, 19, 180, 683, 951, 634, 214, 
185, 200, 14, -192, 85, 107, 19, 175, 683, 951, 634, 219, 
190, 209, 19, -200, 85, 114, 19, 170, 683, 961, 649, 224, 
190, 214, 24, -202, 82, 119, 14, 165, 683, 961, 649, 229, 
185, 204, 19, -195, 82, 112, 0, 156, 673, 951, 644, 219, 
185, 209, 24, -197, 80, 117, 0, 146, 668, 951, 644, 224, 
180, 209, 29, -195, 75, 119, 0, 131, 658, 951, 639, 224, 
180, 204, 24, -192, 78, 114, -4, 126, 644, 941, 629, 214, 
170, 200, 29, -185, 70, 114, 4, 126, 634, 932, 614, 214, 
165, 195, 29, -180, 68, 112, 0, 126, 624, 927, 610, 209, 
165, 195, 29, -180, 68, 112, 0, 131, 614, 907, 595, 204, 
161, 185, 24, -173, 68, 104, 0, 131, 605, 893, 585, 200, 
146, 161, 14, -153, 65, 87, 14, 136, 580, 868, 570, 185, 
141, 151, 9, -146, 65, 80, 19, 131, 556, 844, 546, 170, 
131, 136, 4, -134, 63, 70, 29, 131, 536, 824, 527, 151, 
131, 122, -9, -126, 70, 56, 43, 126, 512, 790, 502, 126, 
122, 97, -24, -109, 73, 36, 39, 126, 502, 761, 483, 122, 
117, 82, -34, -100, 75, 24, 48, 126, 483, 741, 463, 107, 
102, 58, -43, -80, 73, 7, 53, 126, 468, 717, 434, 87, 
97, 39, -58, -68, 78, -9, 68, 131, 448, 697, 419, 78, 
92, 14, -78, -53, 85, -31, 63, 122, 419, 668, 395, 53, 
87, 4, -82, -46, 85, -39, 73, 122, 405, 644, 366, 39, 
78, -19, -97, -29, 87, -58, 82, 122, 380, 619, 346, 14, 
73, -39, -112, -17, 92, -75, 82, 117, 366, 600, 326, 0, 
73, -48, -122, -12, 97, -85, 92, 117, 346, 585, 322, -9, 
68, -53, -122, -7, 95, -87, 92, 117, 336, 566, 302, -19, 
53, -73, -126, 9, 90, -100, 97, 117, 322, 551, 287, -24, 
48, -87, -136, 19, 92, -112, 97, 117, 307, 531, 273, -39, 
53, -97, -151, 21, 102, -124, 102, 122, 297, 502, 263, -43, 
48, -122, -170, 36, 109, -146, 112, 122, 283, 488, 253, -58, 
43, -131, -175, 43, 109, -153, 112, 122, 268, 473, 234, -73, 
39, -141, -180, 51, 109, -161, 117, 122, 258, 458, 219, -87, 
39, -146, -185, 53, 112, -165, 117, 122, 248, 453, 209, -97, 
39, -156, -195, 58, 117, -175, 122, 126, 234, 444, 195, -97, 
34, -165, -200, 65, 117, -183, 122, 126, 224, 429, 190, -102, 
29, -170, -200, 70, 114, -185, 126, 126, 214, 409, 175, -107, 
29, -180, -209, 75, 119, -195, 131, 126, 214, 409, 175, -117, 
19, -190, -209, 85, 114, -200, 131, 126, 204, 405, 165, -117, 
19, -204, -224, 92, 122, -214, 136, 126, 204, 400, 165, -126, 
19, -209, -229, 95, 124, -219, 141, 126, 195, 395, 156, -131, 
14, -204, -219, 95, 117, -212, 146, 126, 190, 395, 156, -131, 
19, -209, -229, 95, 124, -219, 146, 126, 180, 390, 156, -131, 
19, -219, -239, 100, 129, -229, 146, 126, 180, 385, 151, -136, 
24, -219, -244, 97, 134, -231, 146, 126, 175, 385, 146, -136, 
14, -219, -234, 102, 124, -226, 141, 126, 175, 385, 146, -131, 
14, -224, -239, 104, 126, -231, 141, 126, 170, 380, 141, -136, 
14, -224, -239, 104, 126, -231, 141, 126, 170, 375, 136, -141, 
14, -229, -244, 107, 129, -236, 146, 126, 165, 370, 131, -141, 
14, -224, -239, 104, 126, -231, 146, 126, 175, 370, 141, -136, 
14, -224, -239, 104, 126, -231, 146, 126, 170, 370, 136, -136, 
9, -229, -239, 109, 124, -234, 146, 126, 165, 366, 136, -136, 
9, -229, -239, 109, 124, -234, 146, 126, 165, 366, 131, -136, 
14, -224, -239, 104, 126, -231, 151, 126, 161, 361, 122, -136, 
14, -224, -239, 104, 126, -231, 151, 126, 161, 361, 122, -141, 
14, -229, -244, 107, 129, -236, 156, 126, 156, 361, 122, -141, 
14, -234, -248, 109, 131, -241, 156, 126, 156, 366, 122, -141, 
9, -234, -244, 112, 126, -239, 156, 126, 156, 366, 117, -151, 
9, -234, -244, 112, 126, -239, 156, 126, 146, 366, 117, -151, 
9, -234, -244, 112, 126, -239, 156, 126, 146, 361, 117, -151, 
9, -234, -244, 112, 126, -239, 156, 126, 146, 356, 117, -151, 
9, -239, -248, 114, 129, -244, 156, 126, 141, 351, 126, -151, 
9, -239, -248, 114, 129, -244, 156, 126, 141, 351, 122, -151, 
9, -239, -248, 114, 129, -244, 156, 126, 141, 351, 117, -151, 
9, -239, -248, 114, 129, -244, 161, 122, 141, 351, 117, -151, 
9, -234, -244, 112, 126, -239, 151, 131, 131, 351, 107, -151, 
9, -234, -244, 112, 126, -239, 151, 131, 131, 351, 107, -151, 
9, -234, -244, 112, 126, -239, 151, 131, 136, 351, 107, -151, 
9, -234, -244, 112, 126, -239, 151, 136, 136, 361, 107, -151, 
9, -224, -234, 107, 122, -229, 161, 126, 131, 351, 107, -165, 
9, -224, -234, 107, 122, -229, 161, 126, 131, 356, 107, -165, 
9, -224, -234, 107, 122, -229, 161, 126, 131, 361, 107, -165, 
14, -224, -239, 104, 126, -231, 161, 126, 131, 361, 107, -165, 
24, -234, -258, 104, 141, -246, 161, 126, 141, 361, 102, -165, 
19, -234, -253, 107, 136, -244, 161, 126, 141, 361, 102, -165, 
19, -234, -253, 107, 136, -244, 161, 126, 141, 361, 102, -165, 
24, -229, -253, 102, 139, -241, 165, 126, 141, 356, 102, -165, 
14, -229, -244, 107, 129, -236, 165, 126, 131, 356, 102, -165, 
14, -234, -248, 109, 131, -241, 165, 126, 131, 356, 102, -165, 
14, -234, -248, 109, 131, -241, 165, 126, 131, 356, 102, -165, 
14, -229, -244, 107, 129, -236, 165, 126, 136, 356, 102, -165, 
14, -229, -244, 107, 129, -236, 175, 126, 136, 361, 97, -156, 
14, -229, -244, 107, 129, -236, 175, 126, 136, 361, 97, -156, 
14, -229, -244, 107, 129, -236, 175, 126, 136, 361, 97, -156, 
14, -234, -248, 109, 131, -241, 175, 126, 136, 356, 97, -161, 
24, -229, -253, 102, 139, -241, 165, 126, 141, 356, 97, -161, 
24, -229, -253, 102, 139, -241, 165, 126, 141, 361, 97, -161, 
24, -229, -253, 102, 139, -241, 165, 126, 146, 361, 102, -161, 
24, -229, -253, 102, 139, -241, 165, 126, 146, 356, 102, -161, 
24, -219, -244, 97, 134, -231, 170, 126, 146, 366, 102, -161, 
19, -224, -244, 102, 131, -234, 170, 126, 146, 370, 107, -161, 
19, -224, -244, 102, 131, -234, 170, 126, 146, 370, 107, -161, 
19, -224, -244, 102, 131, -234, 170, 126, 146, 370, 107, -161, 
19, -224, -244, 102, 131, -234, 170, 136, 146, 370, 107, -161, 
19, -224, -244, 102, 131, -234, 165, 136, 146, 370, 107, -161, 
19, -224, -244, 102, 131, -234, 165, 136, 146, 370, 107, -161, 
19, -224, -244, 102, 131, -234, 165, 136, 151, 370, 107, -161, 
29, -214, -244, 92, 136, -229, 165, 136, 151, 375, 107, -151, 
29, -214, -244, 92, 136, -229, 165, 136, 151, 375, 107, -151, 
29, -214, -244, 92, 136, -229, 165, 136, 151, 375, 107, -151, 
29, -214, -244, 92, 136, -229, 165, 136, 146, 375, 107, -151, 
29, -214, -244, 92, 136, -229, 156, 136, 146, 385, 102, -151, 
29, -209, -239, 90, 134, -224, 156, 136, 146, 375, 97, -151, 
29, -209, -239, 90, 134, -224, 156, 136, 146, 375, 97, -151, 
29, -209, -239, 90, 134, -224, 156, 136, 146, 375, 97, -151, 
29, -209, -239, 90, 134, -224, 156, 136, 156, 375, 97, -151, 
29, -214, -244, 92, 136, -229, 156, 136, 156, 380, 97, -151, 
29, -214, -244, 92, 136, -229, 156, 136, 156, 380, 97, -156, 
29, -214, -244, 92, 136, -229, 156, 136, 156, 380, 97, -161, 
29, -224, -253, 97, 141, -239, 156, 126, 146, 380, 97, -151, 
29, -224, -253, 97, 141, -239, 156, 126, 146, 380, 102, -151, 
29, -224, -253, 97, 141, -239, 156, 126, 146, 380, 102, -151, 
29, -224, -253, 97, 141, -239, 156, 126, 146, 375, 97, -156, 
29, -214, -244, 92, 136, -229, 156, 126, 146, 380, 97, -146, 
29, -214, -244, 92, 136, -229, 156, 126, 146, 380, 97, -141, 
29, -214, -244, 92, 136, -229, 156, 126, 146, 385, 97, -141, 
29, -214, -244, 92, 136, -229, 156, 126, 146, 385, 97, -141, 
29, -224, -253, 97, 141, -239, 165, 131, 146, 385, 102, -141, 
29, -224, -253, 97, 141, -239, 165, 131, 146, 385, 102, -141, 
29, -224, -253, 97, 141, -239, 165, 131, 141, 385, 102, -136, 
29, -224, -253, 97, 141, -239, 165, 136, 141, 385, 102, -136, 
29, -214, -244, 92, 136, -229, 165, 126, 131, 380, 97, -136, 
29, -209, -239, 90, 134, -224, 165, 126, 131, 380, 97, -136, 
29, -209, -239, 90, 134, -224, 165, 126, 131, 380, 97, -141, 
29, -209, -239, 90, 134, -224, 165, 126, 126, 380, 97, -141, 
29, -219, -248, 95, 139, -234, 165, 122, 131, 380, 97, -141, 
29, -219, -248, 95, 139, -234, 165, 122, 131, 380, 97, -151, 
29, -224, -253, 97, 141, -239, 165, 122, 131, 375, 92, -151, 
29, -224, -253, 97, 141, -239, 165, 122, 131, 375, 87, -151, 
29, -224, -253, 97, 141, -239, 175, 122, 131, 385, 87, -151, 
29, -224, -253, 97, 141, -239, 175, 117, 126, 385, 87, -146, 
29, -224, -253, 97, 141, -239, 175, 117, 126, 385, 87, -146, 
29, -224, -253, 97, 141, -239, 175, 117, 126, 385, 87, -151, 
29, -234, -263, 102, 146, -248, 175, 126, 126, 385, 87, -141, 
29, -239, -268, 104, 148, -253, 175, 126, 122, 385, 87, -141, 
29, -239, -268, 104, 148, -253, 175, 126, 122, 385, 82, -141, 
29, -239, -268, 104, 148, -253, 175, 126, 122, 385, 82, -141, 
29, -234, -263, 102, 146, -248, 175, 126, 122, 385, 87, -141, 
24, -234, -258, 104, 141, -246, 175, 126, 122, 385, 87, -141, 
24, -234, -258, 104, 141, -246, 175, 126, 122, 380, 87, -141, 
24, -239, -263, 107, 143, -251, 175, 126, 122, 380, 87, -141, 
19, -239, -258, 109, 139, -248, 175, 122, 122, 385, 87, -146, 
19, -239, -258, 109, 139, -248, 175, 122, 122, 385, 82, -151, 
19, -239, -258, 109, 139, -248, 175, 122, 117, 380, 82, -156, 
19, -239, -258, 109, 139, -248, 180, 122, 117, 380, 82, -161, 
19, -239, -258, 109, 139, -248, 170, 122, 117, 375, 82, -151, 
19, -239, -258, 109, 139, -248, 170, 122, 117, 375, 82, -151, 
19, -239, -258, 109, 139, -248, 170, 122, 117, 370, 78, -156, 
19, -239, -258, 109, 139, -248, 170, 122, 117, 370, 78, -156, 
19, -248, -268, 114, 143, -258, 170, 131, 117, 380, 78, -151, 
19, -248, -268, 114, 143, -258, 170, 131, 122, 380, 82, -151, 
19, -244, -263, 112, 141, -253, 170, 131, 122, 380, 87, -151, 
19, -244, -263, 112, 141, -253, 170, 131, 122, 380, 87, -151, 
29, -248, -278, 109, 153, -263, 180, 122, 112, 380, 82, -136, 
29, -248, -278, 109, 153, -263, 180, 122, 112, 380, 82, -136, 
29, -248, -278, 109, 153, -263, 180, 122, 107, 375, 82, -141, 
29, -244, -273, 107, 151, -258, 180, 122, 107, 375, 78, -146, 
24, -244, -268, 109, 146, -256, 170, 131, 117, 375, 78, -136, 
19, -244, -263, 112, 141, -253, 170, 131, 117, 375, 78, -141, 
14, -244, -258, 114, 136, -251, 170, 131, 117, 375, 73, -141, 
9, -244, -253, 117, 131, -248, 170, 126, 117, 375, 73, -141, 
19, -253, -273, 117, 146, -263, 170, 126, 117, 375, 73, -151, 
19, -253, -273, 117, 146, -263, 170, 126, 117, 375, 73, -151, 
19, -253, -273, 117, 146, -263, 170, 126, 112, 375, 73, -151, 
19, -253, -273, 117, 146, -263, 170, 126, 107, 375, 73, -151, 
9, -253, -263, 122, 136, -258, 180, 122, 107, 366, 73, -156, 
9, -258, -268, 124, 139, -263, 180, 122, 112, 370, 73, -156, 
9, -258, -268, 124, 139, -263, 180, 122, 112, 370, 73, -151, 
9, -258, -268, 124, 139, -263, 180, 122, 112, 370, 73, -151, 
9, -258, -268, 124, 139, -263, 180, 131, 102, 370, 73, -151, 
9, -258, -268, 124, 139, -263, 180, 131, 102, 375, 73, -151, 
9, -258, -268, 124, 139, -263, 180, 131, 102, 375, 73, -151, 
9, -258, -268, 124, 139, -263, 180, 131, 102, 370, 73, -151, 
9, -258, -268, 124, 139, -263, 195, 122, 97, 380, 73, -151, 
9, -258, -268, 124, 139, -263, 195, 122, 97, 380, 73, -151, 
9, -258, -268, 124, 139, -263, 190, 117, 102, 380, 73, -151, 
9, -258, -268, 124, 139, -263, 190, 117, 102, 380, 73, -151, 
9, -258, -268, 124, 139, -263, 190, 117, 102, 380, 73, -151, 
9, -263, -273, 126, 141, -268, 190, 117, 102, 380, 68, -151, 
9, -263, -273, 126, 141, -268, 190, 117, 107, 380, 68, -156, 
9, -263, -273, 126, 141, -268, 190, 117, 107, 380, 68, -156, 
19, -273, -292, 126, 156, -283, 190, 122, 107, 380, 68, -151, 
19, -273, -292, 126, 156, -283, 190, 122, 107, 380, 63, -151, 
19, -268, -287, 124, 153, -278, 190, 122, 112, 380, 63, -151, 
19, -268, -287, 124, 153, -278, 195, 122, 112, 380, 63, -151, 
9, -268, -278, 129, 143, -273, 195, 122, 102, 380, 78, -146, 
9, -273, -283, 131, 146, -278, 195, 122, 102, 380, 78, -146, 
9, -273, -283, 131, 146, -278, 195, 122, 102, 380, 78, -146, 
9, -273, -283, 131, 146, -278, 195, 122, 102, 380, 78, -146, 
19, -258, -278, 119, 148, -268, 195, 122, 112, 390, 78, -136, 
19, -258, -278, 119, 148, -268, 195, 122, 107, 390, 78, -136, 
19, -258, -278, 119, 148, -268, 195, 122, 107, 390, 78, -136, 
19, -258, -278, 119, 148, -268, 195, 122, 112, 390, 78, -136, 
19, -248, -268, 114, 143, -258, 195, 122, 112, 390, 73, -146, 
19, -248, -268, 114, 143, -258, 195, 122, 112, 395, 73, -146, 
19, -248, -268, 114, 143, -258, 195, 122, 112, 395, 73, -146, 
19, -248, -268, 114, 143, -258, 195, 122, 112, 395, 73, -146, 
29, -248, -278, 109, 153, -263, 195, 126, 112, 390, 73, -136, 
29, -244, -273, 107, 151, -258, 195, 126, 112, 390, 68, -136, 
29, -244, -273, 107, 151, -258, 195, 126, 107, 390, 68, -136, 
29, -244, -273, 107, 151, -258, 195, 126, 107, 390, 68, -131, 
29, -248, -278, 109, 153, -263, 204, 126, 107, 390, 68, -131, 
29, -253, -283, 112, 156, -268, 204, 126, 107, 390, 73, -131, 
29, -258, -287, 114, 158, -273, 200, 126, 107, 395, 73, -131, 
29, -258, -287, 114, 158, -273, 200, 126, 107, 395, 73, -131, 
19, -248, -268, 114, 143, -258, 190, 126, 107, 405, 73, -131, 
19, -248, -268, 114, 143, -258, 190, 126, 107, 400, 73, -131, 
19, -248, -268, 114, 143, -258, 190, 126, 107, 400, 68, -131, 
19, -248, -268, 114, 143, -258, 190, 126, 107, 400, 68, -131, 
29, -248, -278, 109, 153, -263, 200, 126, 112, 400, 78, -131, 
29, -248, -278, 109, 153, -263, 200, 126, 112, 400, 78, -131, 
29, -248, -278, 109, 153, -263, 200, 126, 112, 400, 78, -131, 
29, -248, -278, 109, 153, -263, 200, 126, 112, 400, 82, -131, 
29, -239, -268, 104, 148, -253, 200, 126, 112, 405, 82, -131, 
29, -239, -268, 104, 148, -253, 200, 126, 112, 405, 82, -131, 
29, -234, -263, 102, 146, -248, 200, 126, 112, 400, 82, -131, 
29, -234, -263, 102, 146, -248, 200, 126, 112, 400, 82, -131, 
39, -224, -263, 92, 151, -244, 200, 136, 122, 409, 92, -131, 
39, -195, -234, 78, 136, -214, 185, 126, 126, 409, 97, -126, 
39, -185, -224, 73, 131, -204, 195, 126, 131, 414, 107, -122, 
39, -185, -224, 73, 131, -204, 195, 126, 136, 419, 107, -117, 
39, -185, -224, 73, 131, -204, 195, 126, 141, 424, 107, -112, 
39, -185, -224, 73, 131, -204, 195, 126, 146, 429, 107, -107, 
39, -175, -214, 68, 126, -195, 185, 126, 151, 434, 117, -92, 
39, -170, -209, 65, 124, -190, 185, 126, 156, 444, 117, -92, 
39, -165, -204, 63, 122, -185, 185, 126, 156, 448, 122, -92, 
39, -156, -195, 58, 117, -175, 185, 126, 156, 453, 122, -92, 
39, -165, -204, 63, 122, -185, 185, 126, 165, 458, 117, -92, 
43, -161, -204, 58, 124, -183, 185, 126, 170, 458, 117, -92, 
43, -156, -200, 56, 122, -178, 185, 126, 170, 453, 117, -92, 
48, -156, -204, 53, 126, -180, 185, 126, 175, 453, 117, -92, 
48, -146, -195, 48, 122, -170, 190, 136, 175, 463, 117, -92, 
53, -136, -190, 41, 122, -163, 185, 136, 175, 463, 122, -87, 
53, -136, -190, 41, 122, -163, 180, 136, 175, 463, 122, -87, 
53, -141, -195, 43, 124, -168, 180, 136, 175, 458, 122, -92, 
63, -131, -195, 34, 129, -163, 180, 131, 185, 468, 131, -92, 
58, -131, -190, 36, 124, -161, 170, 122, 180, 468, 131, -87, 
58, -131, -190, 36, 124, -161, 165, 117, 175, 468, 131, -87, 
58, -131, -190, 36, 124, -161, 161, 107, 175, 463, 126, -82, 
58, -141, -200, 41, 129, -170, 165, 107, 165, 453, 117, -82, 
58, -141, -200, 41, 129, -170, 156, 102, 165, 453, 126, -82, 
58, -141, -200, 41, 129, -170, 151, 97, 161, 453, 126, -82, 
58, -141, -200, 41, 129, -170, 146, 97, 151, 453, 122, -82, 
48, -151, -200, 51, 124, -175, 141, 87, 136, 444, 112, -87, 
48, -151, -200, 51, 124, -175, 141, 87, 136, 444, 112, -87, 
48, -151, -200, 51, 124, -175, 141, 87, 131, 444, 112, -87, 
48, -151, -200, 51, 124, -175, 141, 87, 131, 444, 112, -87, 
48, -161, -209, 56, 129, -185, 141, 87, 131, 448, 112, -82, 
58, -161, -219, 51, 139, -190, 146, 92, 131, 448, 117, -78, 
63, -161, -224, 48, 143, -192, 146, 92, 136, 448, 117, -78, 
73, -161, -234, 43, 153, -197, 146, 97, 136, 448, 122, -78, 
73, -161, -234, 43, 153, -197, 136, 107, 141, 453, 131, -73, 
78, -161, -239, 41, 158, -200, 141, 107, 136, 458, 131, -68, 
82, -156, -239, 36, 161, -197, 141, 117, 136, 463, 131, -63, 
87, -146, -234, 29, 161, -190, 141, 117, 141, 473, 131, -48, 
97, -156, -253, 29, 175, -204, 141, 117, 131, 463, 131, -58, 
97, -165, -263, 34, 180, -214, 146, 117, 131, 463, 131, -63, 
97, -165, -263, 34, 180, -214, 146, 117, 131, 463, 131, -63, 
92, -170, -263, 39, 178, -217, 161, 117, 136, 463, 131, -58, 
97, -165, -263, 34, 180, -214, 156, 112, 146, 463, 141, -48, 
97, -161, -258, 31, 178, -209, 161, 112, 151, 463, 141, -53, 
97, -161, -258, 31, 178, -209, 165, 117, 151, 463, 141, -58, 
97, -156, -253, 29, 175, -204, 170, 117, 151, 468, 141, -58, 
92, -146, -239, 26, 165, -192, 170, 126, 161, 473, 151, -53, 
87, -161, -248, 36, 168, -204, 180, 136, 156, 473, 141, -63, 
87, -175, -263, 43, 175, -219, 180, 136, 146, 463, 131, -68, 
87, -185, -273, 48, 180, -229, 185, 141, 136, 463, 122, -73, 
73, -195, -268, 61, 170, -231, 190, 151, 141, 468, 112, -68, 
73, -200, -273, 63, 173, -236, 195, 151, 131, 463, 112, -73, 
73, -209, -283, 68, 178, -246, 195, 151, 131, 453, 107, -78, 
63, -219, -283, 78, 173, -251, 195, 151, 126, 444, 107, -87, 
63, -229, -292, 82, 178, -261, 209, 151, 112, 429, 97, -92, 
68, -234, -302, 82, 185, -268, 209, 151, 107, 429, 92, -97, 
68, -239, -307, 85, 187, -273, 209, 151, 102, 429, 82, -102, 
63, -244, -307, 90, 185, -275, 209, 151, 97, 434, 78, -107, 
63, -258, -322, 97, 192, -290, 209, 151, 87, 429, 68, -117, 
63, -258, -322, 97, 192, -290, 209, 151, 87, 429, 68, -122, 
63, -258, -322, 97, 192, -290, 209, 151, 87, 424, 68, -122, 
68, -258, -326, 95, 197, -292, 209, 151, 87, 419, 68, -117, 
68, -258, -326, 95, 197, -292, 209, 151, 102, 429, 68, -107, 
63, -258, -322, 97, 192, -290, 214, 151, 102, 424, 63, -107, 
63, -263, -326, 100, 195, -295, 214, 151, 102, 424, 63, -112, 
68, -263, -331, 97, 200, -297, 214, 156, 97, 424, 63, -112, 
68, -258, -326, 95, 197, -292, 214, 146, 97, 424, 73, -112, 
68, -258, -326, 95, 197, -292, 214, 146, 97, 424, 73, -112, 
63, -263, -326, 100, 195, -295, 214, 146, 102, 429, 73, -112, 
63, -263, -326, 100, 195, -295, 214, 146, 102, 429, 73, -112, 
63, -253, -317, 95, 190, -285, 224, 161, 112, 429, 78, -102, 
63, -253, -317, 95, 190, -285, 224, 161, 112, 429, 82, -102, 
63, -253, -317, 95, 190, -285, 229, 161, 107, 429, 82, -102, 
63, -253, -317, 95, 190, -285, 229, 161, 107, 429, 87, -102, 
63, -263, -326, 100, 195, -295, 229, 161, 102, 439, 82, -107, 
63, -263, -326, 100, 195, -295, 229, 161, 102, 439, 82, -107, 
63, -263, -326, 100, 195, -295, 229, 161, 102, 439, 82, -107, 
63, -258, -322, 97, 192, -290, 229, 161, 102, 439, 82, -107, 
63, -258, -322, 97, 192, -290, 229, 170, 102, 429, 78, -107, 
63, -258, -322, 97, 192, -290, 229, 170, 112, 439, 78, -107, 
63, -258, -322, 97, 192, -290, 229, 170, 112, 439, 78, -107, 
63, -258, -322, 97, 192, -290, 234, 170, 112, 439, 78, -107, 
63, -258, -322, 97, 192, -290, 234, 161, 112, 439, 87, -97, 
63, -258, -322, 97, 192, -290, 234, 161, 112, 439, 87, -97, 
68, -258, -326, 95, 197, -292, 234, 161, 117, 444, 92, -97, 
68, -258, -326, 95, 197, -292, 234, 170, 122, 444, 92, -97, 
68, -248, -317, 90, 192, -283, 229, 161, 126, 444, 87, -102, 
68, -248, -317, 90, 192, -283, 229, 161, 126, 444, 87, -97, 
78, -263, -341, 92, 209, -302, 239, 170, 126, 444, 87, -97, 
78, -263, -341, 92, 209, -302, 244, 190, 141, 444, 87, -97, 
73, -278, -351, 102, 212, -314, 248, 200, 141, 444, 78, -117, 
73, -297, -370, 112, 222, -334, 278, 244, 161, 434, 63, -136, 
92, -307, -400, 107, 246, -353, 307, 283, 190, 458, 63, -136, 
112, -307, -419, 97, 265, -363, 322, 326, 244, 483, 58, -141, 
122, -307, -429, 92, 275, -368, 336, 356, 302, 497, 58, -151, 
131, -307, -439, 87, 285, -373, 356, 385, 361, 527, 58, -156, 
156, -273, -429, 58, 292, -351, 375, 414, 468, 585, 97, -136, 
170, -204, -375, 17, 273, -290, 390, 448, 605, 692, 161, -107, 
195, -107, -302, -43, 248, -204, 390, 483, 766, 829, 258, -43, 
239, 29, -209, -134, 224, -90, 361, 463, 897, 1000, 390, 53, 
273, 180, -92, -226, 183, 43, 273, 366, 966, 1176, 536, 175, 
287, 341, 53, -314, 117, 197, 136, 209, 985, 1351, 717, 317, 
312, 561, 248, -436, 31, 405, -34, 4, 980, 1551, 932, 497, 
351, 805, 453, -578, -51, 629, -224, -204, 985, 1776, 1180, 697, 
385, 1005, 619, -695, -117, 812, -400, -375, 985, 1986, 1385, 878, 
405, 1146, 741, -775, -168, 944, -522, -527, 946, 2122, 1546, 1019, 
405, 1263, 858, -834, -226, 1061, -653, -678, 868, 2225, 1664, 1132, 
385, 1410, 1024, -897, -319, 1217, -810, -868, 829, 2322, 1771, 1234, 
322, 1542, 1220, -932, -448, 1381, -951, -1073, 751, 2342, 1830, 1298, 
239, 1498, 1259, -868, -509, 1378, -1000, -1171, 541, 2156, 1722, 1263, 
161, 1215, 1054, -688, -446, 1134, -927, -1117, 224, 1771, 1434, 1093, 
112, 868, 756, -490, -322, 812, -805, -1010, -175, 1263, 1058, 878, 
24, 600, 575, -312, -275, 588, -697, -932, -658, 678, 668, 653, 
-68, 419, 488, -175, -278, 453, -600, -883, -1141, 102, 326, 458, 
-122, 302, 424, -90, -273, 363, -541, -829, -1468, -287, 107, 336, 
-112, 244, 356, -65, -234, 300, -512, -771, -1537, -400, 14, 273, 
-97, 175, 273, -39, -185, 224, -468, -702, -1410, -341, -4, 224, 
-73, 102, 175, -14, -124, 139, -419, -624, -1229, -248, -4, 175, 
-53, 58, 112, -2, -82, 85, -385, -561, -1063, -156, 19, 156, 
-29, 48, 78, -9, -53, 63, -351, -512, -883, -48, 39, 146, 
-14, 24, 39, -4, -26, 31, -278, -429, -717, 53, 48, 122, 
4, -4, -9, 0, 7, -7, -195, -331, -570, 136, 68, 92, 
24, -19, -43, -2, 34, -31, -126, -229, -444, 219, 78, 78, 
43, -43, -87, 0, 65, -65, -63, -156, -322, 273, 82, 58, 
34, -58, -92, 12, 63, -75, -14, -112, -229, 312, 82, 43, 
34, -73, -107, 19, 70, -90, 19, -73, -146, 336, 92, 24, 
39, -92, -131, 26, 85, -112, 48, -43, -82, 356, 97, 4, 
39, -122, -161, 41, 100, -141, 78, -9, -24, 375, 102, -14, 
39, -151, -190, 56, 114, -170, 107, 29, 24, 405, 97, -34, 
43, -170, -214, 63, 129, -192, 136, 58, 63, 434, 107, -43, 
48, -170, -219, 61, 134, -195, 151, 73, 92, 453, 112, -43, 
63, -161, -224, 48, 143, -192, 165, 92, 117, 488, 112, -34, 
82, -146, -229, 31, 156, -187, 175, 112, 141, 507, 122, -29, 
87, -141, -229, 26, 158, -185, 195, 146, 165, 527, 131, -24, 
87, -146, -234, 29, 161, -190, 204, 170, 170, 522, 122, -24, 
92, -151, -244, 29, 168, -197, 209, 170, 185, 517, 122, -29, 
97, -161, -258, 31, 178, -209, 209, 180, 190, 507, 131, -39, 
97, -170, -268, 36, 183, -219, 219, 170, 195, 502, 122, -53, 
97, -170, -268, 36, 183, -219, 219, 170, 204, 507, 126, -53, 
102, -175, -278, 36, 190, -226, 219, 180, 209, 517, 131, -53, 
102, -175, -278, 36, 190, -226, 224, 185, 209, 527, 131, -58, 
107, -185, -292, 39, 200, -239, 229, 195, 214, 536, 122, -58, 
107, -185, -292, 39, 200, -239, 234, 200, 229, 541, 126, -58, 
107, -185, -292, 39, 200, -239, 239, 204, 239, 546, 126, -58, 
112, -185, -297, 36, 204, -241, 244, 204, 253, 546, 126, -53, 
112, -180, -292, 34, 202, -236, 244, 214, 258, 551, 126, -53, 
112, -180, -292, 34, 202, -236, 244, 219, 268, 556, 131, -53, 
117, -180, -297, 31, 207, -239, 239, 219, 268, 556, 131, -48, 
117, -175, -292, 29, 204, -234, 239, 219, 273, 556, 131, -48, 
117, -185, -302, 34, 209, -244, 248, 224, 273, 556, 141, -48, 
117, -185, -302, 34, 209, -244, 248, 224, 278, 566, 141, -48, 
117, -185, -302, 34, 209, -244, 248, 224, 283, 566, 141, -48, 
117, -180, -297, 31, 207, -239, 253, 224, 287, 570, 141, -43, 
112, -170, -283, 29, 197, -226, 253, 239, 297, 585, 156, -29, 
117, -170, -287, 26, 202, -229, 253, 239, 297, 585, 156, -29, 
117, -170, -287, 26, 202, -229, 253, 239, 307, 585, 156, -34, 
117, -170, -287, 26, 202, -229, 248, 239, 312, 590, 156, -34, 
126, -161, -287, 17, 207, -224, 258, 239, 312, 590, 151, -29, 
126, -156, -283, 14, 204, -219, 258, 239, 312, 595, 151, -29, 
126, -151, -278, 12, 202, -214, 258, 239, 317, 595, 151, -29, 
126, -151, -278, 12, 202, -214, 258, 239, 322, 605, 156, -29, 
126, -156, -283, 14, 204, -219, 248, 239, 312, 605, 151, -34, 
126, -151, -278, 12, 202, -214, 248, 239, 317, 610, 151, -34, 
126, -151, -278, 12, 202, -214, 248, 239, 322, 614, 156, -34, 
131, -151, -283, 9, 207, -217, 248, 244, 326, 614, 156, -29, 
131, -146, -278, 7, 204, -212, 248, 244, 341, 614, 165, -29, 
136, -141, -278, 2, 207, -209, 248, 244, 341, 619, 175, -29, 
136, -141, -278, 2, 207, -209, 248, 244, 346, 624, 175, -19, 
141, -141, -283, 0, 212, -212, 248, 244, 351, 629, 180, -19, 
151, -131, -283, -9, 217, -207, 248, 248, 356, 644, 180, -14, 
151, -131, -283, -9, 217, -207, 248, 248, 356, 644, 180, -14, 
156, -131, -287, -12, 222, -209, 244, 248, 356, 644, 180, -14, 
156, -126, -283, -14, 219, -204, 244, 248, 361, 649, 185, -9, 
156, -136, -292, -9, 224, -214, 253, 248, 375, 649, 190, 0, 
156, -131, -287, -12, 222, -209, 253, 248, 380, 653, 195, 0, 
156, -122, -278, -17, 217, -200, 253, 248, 385, 658, 200, 0, 
156, -122, -278, -17, 217, -200, 253, 248, 390, 663, 204, 0, 
151, -122, -273, -14, 212, -197, 258, 258, 395, 663, 204, 4, 
151, -117, -268, -17, 209, -192, 258, 258, 400, 673, 209, 9, 
151, -112, -263, -19, 207, -187, 258, 263, 405, 673, 214, 14, 
151, -112, -263, -19, 207, -187, 258, 263, 409, 688, 219, 14, 
151, -92, -244, -29, 197, -168, 253, 258, 414, 692, 214, 19, 
161, -92, -253, -34, 207, -173, 253, 253, 419, 697, 219, 24, 
161, -92, -253, -34, 207, -173, 248, 253, 424, 702, 219, 24, 
165, -82, -248, -41, 207, -165, 248, 248, 429, 707, 224, 24, 
170, -82, -253, -43, 212, -168, 239, 248, 448, 712, 229, 34, 
170, -73, -244, -48, 207, -158, 239, 248, 448, 717, 234, 39, 
175, -73, -248, -51, 212, -161, 234, 248, 448, 722, 239, 43, 
175, -68, -244, -53, 209, -156, 234, 248, 458, 732, 248, 43, 
165, -53, -219, -56, 192, -136, 239, 258, 473, 741, 253, 53, 
170, -43, -214, -63, 192, -129, 239, 263, 483, 751, 258, 58, 
170, -39, -209, -65, 190, -124, 239, 263, 488, 756, 268, 63, 
180, -24, -204, -78, 192, -114, 234, 263, 497, 771, 273, 68, 
185, -24, -209, -80, 197, -117, 229, 263, 502, 780, 278, 63, 
185, -14, -200, -85, 192, -107, 224, 263, 507, 790, 287, 73, 
185, -4, -190, -90, 187, -97, 224, 263, 512, 800, 297, 78, 
195, 0, -195, -97, 195, -97, 224, 263, 527, 810, 307, 82, 
200, 9, -190, -104, 195, -90, 219, 263, 536, 805, 317, 82, 
204, 14, -190, -109, 197, -87, 214, 268, 536, 814, 322, 92, 
204, 29, -175, -117, 190, -73, 209, 268, 546, 834, 326, 97, 
204, 39, -165, -122, 185, -63, 209, 268, 556, 844, 336, 102, 
209, 48, -161, -129, 185, -56, 214, 258, 575, 858, 346, 107, 
214, 48, -165, -131, 190, -58, 209, 258, 585, 863, 346, 117, 
214, 58, -156, -136, 185, -48, 204, 258, 590, 878, 356, 117, 
219, 68, -151, -143, 185, -41, 204, 253, 595, 888, 375, 131, 
214, 92, -122, -153, 168, -14, 200, 263, 610, 917, 385, 141, 
219, 107, -112, -163, 165, -2, 195, 263, 619, 932, 395, 146, 
224, 117, -107, -170, 165, 4, 190, 258, 634, 946, 405, 156, 
229, 131, -97, -180, 163, 17, 185, 258, 644, 961, 424, 165, 
234, 146, -87, -190, 161, 29, 180, 258, 658, 966, 434, 170, 
239, 151, -87, -195, 163, 31, 175, 258, 663, 980, 448, 175, 
239, 165, -73, -202, 156, 46, 165, 258, 673, 995, 458, 185, 
244, 180, -63, -212, 153, 58, 156, 258, 683, 1010, 478, 190, 
248, 190, -58, -219, 153, 65, 161, 253, 692, 1034, 483, 214, 
253, 200, -53, -226, 153, 73, 151, 248, 697, 1044, 497, 219, 
258, 214, -43, -236, 151, 85, 146, 248, 707, 1054, 512, 229, 
263, 219, -43, -241, 153, 87, 141, 244, 722, 1068, 522, 239, 
258, 229, -29, -244, 143, 100, 141, 239, 736, 1078, 536, 239, 
258, 234, -24, -246, 141, 104, 136, 234, 736, 1088, 541, 248, 
263, 253, -9, -258, 136, 122, 131, 229, 736, 1093, 551, 253, 
268, 268, 0, -268, 134, 134, 126, 229, 741, 1102, 561, 258, 
278, 263, -14, -270, 146, 124, 117, 224, 746, 1112, 566, 278, 
278, 273, -4, -275, 141, 134, 112, 219, 751, 1127, 575, 287, 
278, 283, 4, -280, 136, 143, 107, 214, 751, 1141, 585, 292, 
283, 283, 0, -283, 141, 141, 102, 209, 751, 1151, 585, 297, 
283, 287, 4, -285, 139, 146, 87, 209, 761, 1166, 595, 292, 
283, 297, 14, -290, 134, 156, 87, 204, 761, 1166, 595, 297, 
287, 312, 24, -300, 131, 168, 87, 200, 761, 1176, 610, 302, 
287, 322, 34, -305, 126, 178, 82, 195, 761, 1176, 610, 307, 
283, 322, 39, -302, 122, 180, 78, 200, 761, 1185, 619, 317, 
283, 326, 43, -305, 119, 185, 78, 195, 766, 1185, 624, 322, 
278, 326, 48, -302, 114, 187, 78, 185, 766, 1185, 624, 322, 
278, 322, 43, -300, 117, 183, 73, 185, 761, 1176, 619, 312, 
287, 326, 39, -307, 124, 183, 63, 170, 761, 1180, 619, 317, 
283, 322, 39, -302, 122, 180, 58, 165, 751, 1180, 619, 317, 
283, 322, 39, -302, 122, 180, 58, 165, 741, 1166, 610, 317, 
278, 312, 34, -295, 122, 173, 58, 161, 732, 1156, 605, 317, 
283, 302, 19, -292, 131, 161, 58, 156, 722, 1141, 600, 312, 
278, 297, 19, -287, 129, 158, 58, 151, 702, 1127, 585, 307, 
268, 287, 19, -278, 124, 153, 63, 151, 688, 1117, 575, 297, 
268, 278, 9, -273, 129, 143, 73, 146, 668, 1093, 561, 283, 
248, 253, 4, -251, 122, 129, 78, 136, 653, 1073, 541, 278, 
244, 239, -4, -241, 124, 117, 87, 136, 629, 1054, 522, 263, 
229, 214, -14, -222, 122, 100, 92, 136, 610, 1029, 492, 244, 
224, 195, -29, -209, 126, 82, 107, 141, 585, 1010, 478, 234, 
219, 175, -43, -197, 131, 65, 107, 141, 556, 980, 458, 229, 
214, 170, -43, -192, 129, 63, 112, 141, 541, 956, 434, 214, 
204, 151, -53, -178, 129, 48, 117, 141, 517, 932, 419, 190, 
200, 136, -63, -168, 131, 36, 112, 136, 502, 912, 405, 175, 
200, 117, -82, -158, 141, 17, 126, 146, 478, 878, 390, 156, 
195, 102, -92, -148, 143, 4, 131, 146, 463, 858, 370, 146, 
180, 73, -107, -126, 143, -17, 141, 146, 444, 844, 356, 141, 
175, 48, -126, -112, 151, -39, 146, 146, 424, 824, 341, 126, 
170, 29, -141, -100, 156, -56, 151, 141, 405, 790, 312, 112, 
165, 4, -161, -85, 163, -78, 161, 141, 380, 771, 302, 97, 
161, -4, -165, -78, 163, -85, 161, 141, 356, 751, 283, 82, 
156, -14, -170, -70, 163, -92, 165, 141, 336, 732, 268, 68, 
156, -39, -195, -58, 175, -117, 165, 131, 317, 717, 258, 63, 
156, -48, -204, -53, 180, -126, 170, 136, 302, 707, 244, 58, 
151, -58, -209, -46, 180, -134, 170, 136, 292, 692, 239, 48, 
146, -63, -209, -41, 178, -136, 175, 136, 283, 673, 224, 39, 
146, -82, -229, -31, 187, -156, 180, 146, 263, 653, 204, 19, 
136, -92, -229, -21, 183, -161, 180, 146, 253, 649, 195, 19, 
136, -107, -244, -14, 190, -175, 185, 146, 253, 644, 195, 9, 
136, -112, -248, -12, 192, -180, 190, 146, 244, 639, 185, 4, 
126, -107, -234, -9, 180, -170, 195, 146, 229, 619, 175, 4, 
126, -112, -239, -7, 183, -175, 195, 146, 219, 614, 175, 4, 
122, -122, -244, 0, 183, -183, 195, 146, 219, 610, 170, 0, 
122, -122, -244, 0, 183, -183, 195, 146, 214, 610, 165, 0, 
112, -131, -244, 9, 178, -187, 200, 146, 214, 600, 165, -14, 
112, -136, -248, 12, 180, -192, 200, 146, 209, 595, 161, -19, 
112, -136, -248, 12, 180, -192, 200, 146, 209, 590, 156, -24, 
112, -141, -253, 14, 183, -197, 204, 146, 204, 585, 151, -24, 
112, -146, -258, 17, 185, -202, 204, 146, 204, 585, 151, -29, 
112, -146, -258, 17, 185, -202, 204, 146, 200, 585, 146, -29, 
107, -151, -258, 21, 183, -204, 204, 146, 195, 580, 146, -29, 
107, -151, -258, 21, 183, -204, 204, 146, 195, 580, 141, -29, 
122, -156, -278, 17, 200, -217, 209, 146, 180, 566, 131, -29, 
122, -156, -278, 17, 200, -217, 209, 146, 180, 566, 131, -34, 
122, -161, -283, 19, 202, -222, 214, 146, 175, 566, 131, -34, 
122, -165, -287, 21, 204, -226, 214, 146, 175, 570, 131, -34, 
117, -165, -283, 24, 200, -224, 204, 146, 185, 570, 136, -34, 
117, -165, -283, 24, 200, -224, 204, 146, 175, 570, 136, -34, 
117, -165, -283, 24, 200, -224, 204, 146, 175, 566, 136, -34, 
117, -165, -283, 24, 200, -224, 204, 146, 175, 561, 136, -34, 
117, -161, -278, 21, 197, -219, 204, 146, 170, 566, 136, -43, 
117, -161, -278, 21, 197, -219, 204, 146, 170, 566, 131, -43, 
117, -161, -278, 21, 197, -219, 204, 146, 170, 566, 126, -43, 
117, -161, -278, 21, 197, -219, 209, 141, 170, 566, 126, -43, 
117, -165, -283, 24, 200, -224, 209, 141, 180, 566, 126, -34, 
117, -165, -283, 24, 200, -224, 209, 141, 180, 566, 126, -34, 
117, -165, -283, 24, 200, -224, 209, 141, 185, 566, 126, -34, 
117, -165, -283, 24, 200, -224, 209, 146, 185, 575, 126, -34, 
117, -175, -292, 29, 204, -234, 219, 146, 180, 570, 126, -39, 
117, -175, -292, 29, 204, -234, 219, 146, 180, 570, 126, -39, 
117, -175, -292, 29, 204, -234, 219, 146, 180, 570, 126, -39, 
122, -175, -297, 26, 209, -236, 219, 146, 180, 566, 126, -39, 
122, -165, -287, 21, 204, -226, 219, 146, 180, 566, 131, -29, 
117, -165, -283, 24, 200, -224, 219, 146, 180, 566, 131, -29, 
117, -165, -283, 24, 200, -224, 219, 146, 180, 566, 131, -29, 
122, -161, -283, 19, 202, -222, 224, 146, 180, 561, 131, -29, 
122, -161, -283, 19, 202, -222, 214, 146, 170, 561, 122, -39, 
122, -165, -287, 21, 204, -226, 214, 146, 170, 561, 122, -39, 
122, -165, -287, 21, 204, -226, 214, 146, 170, 561, 122, -39, 
122, -161, -283, 19, 202, -222, 214, 146, 175, 561, 122, -39, 
112, -161, -273, 24, 192, -217, 224, 146, 185, 566, 117, -39, 
112, -161, -273, 24, 192, -217, 224, 146, 185, 566, 117, -39, 
112, -161, -273, 24, 192, -217, 224, 146, 185, 566, 117, -39, 
112, -165, -278, 26, 195, -222, 224, 146, 185, 561, 117, -43, 
122, -170, -292, 24, 207, -231, 234, 146, 170, 551, 117, -43, 
122, -170, -292, 24, 207, -231, 234, 146, 170, 556, 117, -43, 
122, -170, -292, 24, 207, -231, 234, 146, 175, 556, 122, -43, 
122, -170, -292, 24, 207, -231, 234, 146, 175, 551, 122, -43, 
122, -161, -283, 19, 202, -222, 229, 146, 175, 551, 112, -53, 
117, -165, -283, 24, 200, -224, 229, 146, 175, 556, 117, -53, 
117, -165, -283, 24, 200, -224, 229, 146, 175, 556, 117, -53, 
117, -165, -283, 24, 200, -224, 229, 146, 175, 556, 117, -53, 
117, -165, -283, 24, 200, -224, 239, 146, 185, 556, 117, -53, 
117, -165, -283, 24, 200, -224, 234, 146, 185, 556, 117, -53, 
117, -165, -283, 24, 200, -224, 234, 146, 185, 556, 117, -53, 
117, -165, -283, 24, 200, -224, 234, 146, 190, 556, 117, -53, 
107, -175, -283, 34, 195, -229, 244, 156, 190, 561, 117, -43, 
107, -175, -283, 34, 195, -229, 244, 156, 190, 561, 117, -43, 
107, -175, -283, 34, 195, -229, 244, 156, 190, 561, 117, -43, 
107, -175, -283, 34, 195, -229, 244, 156, 185, 561, 117, -43, 
107, -165, -273, 29, 190, -219, 234, 156, 185, 561, 112, -53, 
107, -161, -268, 26, 187, -214, 234, 156, 185, 551, 107, -53, 
107, -161, -268, 26, 187, -214, 234, 156, 185, 551, 107, -53, 
107, -161, -268, 26, 187, -214, 234, 156, 185, 551, 107, -53, 
117, -161, -278, 21, 197, -219, 234, 146, 185, 541, 97, -43, 
117, -165, -283, 24, 200, -224, 234, 146, 185, 546, 97, -43, 
117, -165, -283, 24, 200, -224, 234, 146, 185, 546, 97, -48, 
117, -165, -283, 24, 200, -224, 234, 146, 185, 546, 97, -53, 
117, -165, -283, 24, 200, -224, 234, 156, 185, 546, 107, -53, 
117, -165, -283, 24, 200, -224, 234, 156, 185, 546, 112, -53, 
117, -165, -283, 24, 200, -224, 234, 156, 185, 546, 112, -53, 
117, -165, -283, 24, 200, -224, 234, 156, 185, 541, 107, -58, 
126, -156, -283, 14, 204, -219, 234, 156, 175, 546, 97, -58, 
126, -156, -283, 14, 204, -219, 234, 156, 175, 546, 97, -53, 
126, -156, -283, 14, 204, -219, 234, 156, 175, 551, 97, -53, 
126, -156, -283, 14, 204, -219, 234, 156, 175, 551, 97, -53, 
117, -165, -283, 24, 200, -224, 234, 151, 175, 551, 102, -53, 
117, -165, -283, 24, 200, -224, 234, 151, 175, 551, 102, -53, 
117, -165, -283, 24, 200, -224, 234, 151, 170, 551, 102, -48, 
117, -165, -283, 24, 200, -224, 234, 156, 170, 551, 102, -48, 
117, -175, -292, 29, 204, -234, 234, 146, 180, 556, 107, -48, 
117, -170, -287, 26, 202, -229, 234, 146, 180, 556, 107, -48, 
117, -170, -287, 26, 202, -229, 234, 146, 180, 556, 107, -53, 
117, -170, -287, 26, 202, -229, 234, 146, 175, 556, 107, -53, 
117, -180, -297, 31, 207, -239, 234, 151, 170, 556, 117, -48, 
117, -180, -297, 31, 207, -239, 234, 151, 170, 556, 117, -53, 
117, -185, -302, 34, 209, -244, 234, 151, 170, 551, 112, -48, 
117, -185, -302, 34, 209, -244, 234, 151, 170, 551, 107, -43, 
117, -175, -292, 29, 204, -234, 234, 151, 170, 551, 97, -53, 
117, -175, -292, 29, 204, -234, 234, 146, 165, 551, 97, -48, 
117, -175, -292, 29, 204, -234, 234, 146, 165, 551, 97, -48, 
117, -175, -292, 29, 204, -234, 234, 146, 165, 551, 97, -53, 
117, -165, -283, 24, 200, -224, 234, 156, 165, 541, 107, -43, 
117, -170, -287, 26, 202, -229, 234, 156, 161, 541, 107, -43, 
117, -170, -287, 26, 202, -229, 234, 156, 161, 541, 102, -43, 
117, -170, -287, 26, 202, -229, 234, 156, 161, 541, 102, -43, 
117, -175, -292, 29, 204, -234, 244, 146, 161, 551, 107, -53, 
112, -175, -287, 31, 200, -231, 244, 146, 161, 551, 107, -53, 
112, -175, -287, 31, 200, -231, 244, 146, 161, 546, 107, -53, 
112, -180, -292, 34, 202, -236, 244, 146, 161, 546, 107, -53, 
107, -180, -287, 36, 197, -234, 239, 141, 161, 551, 107, -43, 
107, -180, -287, 36, 197, -234, 234, 141, 161, 551, 102, -43, 
107, -180, -287, 36, 197, -234, 229, 141, 156, 546, 102, -43, 
107, -180, -287, 36, 197, -234, 229, 141, 156, 546, 102, -43, 
112, -180, -292, 34, 202, -236, 239, 151, 156, 551, 102, -43, 
117, -180, -297, 31, 207, -239, 239, 151, 156, 551, 102, -43, 
122, -180, -302, 29, 212, -241, 239, 151, 156, 546, 97, -48, 
126, -180, -307, 26, 217, -244, 239, 151, 156, 546, 97, -48, 
117, -190, -307, 36, 212, -248, 248, 141, 146, 546, 87, -53, 
117, -190, -307, 36, 212, -248, 248, 141, 151, 546, 92, -53, 
117, -185, -302, 34, 209, -244, 248, 141, 151, 546, 97, -53, 
117, -185, -302, 34, 209, -244, 248, 141, 151, 546, 97, -53, 
117, -180, -297, 31, 207, -239, 239, 141, 151, 546, 92, -48, 
117, -180, -297, 31, 207, -239, 239, 141, 151, 546, 92, -48, 
117, -180, -297, 31, 207, -239, 239, 141, 146, 541, 92, -53, 
117, -175, -292, 29, 204, -234, 239, 141, 146, 541, 87, -58, 
117, -175, -292, 29, 204, -234, 239, 151, 156, 541, 87, -58, 
117, -175, -292, 29, 204, -234, 239, 151, 156, 541, 87, -63, 
117, -175, -292, 29, 204, -234, 239, 151, 156, 541, 82, -63, 
117, -175, -292, 29, 204, -234, 239, 146, 156, 541, 82, -63, 
117, -175, -292, 29, 204, -234, 248, 146, 156, 531, 82, -73, 
117, -175, -292, 29, 204, -234, 248, 146, 156, 531, 82, -73, 
117, -175, -292, 29, 204, -234, 248, 146, 151, 531, 82, -73, 
117, -175, -292, 29, 204, -234, 248, 146, 146, 531, 82, -73, 
117, -165, -283, 24, 200, -224, 244, 146, 146, 531, 92, -73, 
117, -170, -287, 26, 202, -229, 239, 141, 151, 536, 92, -68, 
117, -170, -287, 26, 202, -229, 234, 136, 151, 536, 92, -58, 
117, -170, -287, 26, 202, -229, 229, 131, 151, 536, 92, -53, 
126, -180, -307, 26, 217, -244, 239, 141, 161, 541, 97, -43, 
126, -180, -307, 26, 217, -244, 239, 141, 161, 551, 102, -43, 
126, -180, -307, 26, 217, -244, 239, 141, 161, 556, 107, -43, 
126, -180, -307, 26, 217, -244, 239, 141, 161, 556, 112, -43, 
117, -190, -307, 36, 212, -248, 253, 151, 146, 551, 102, -43, 
117, -190, -307, 36, 212, -248, 253, 151, 146, 546, 102, -43, 
117, -190, -307, 36, 212, -248, 248, 146, 151, 541, 102, -43, 
117, -190, -307, 36, 212, -248, 248, 146, 151, 536, 102, -43, 
126, -190, -317, 31, 222, -253, 248, 146, 151, 546, 92, -43, 
126, -195, -322, 34, 224, -258, 248, 146, 151, 546, 87, -43, 
126, -195, -322, 34, 224, -258, 248, 146, 156, 546, 87, -48, 
126, -195, -322, 34, 224, -258, 248, 146, 156, 546, 87, -48, 
126, -195, -322, 34, 224, -258, 239, 141, 146, 546, 92, -43, 
126, -195, -322, 34, 224, -258, 239, 141, 146, 546, 92, -43, 
126, -190, -317, 31, 222, -253, 239, 141, 151, 546, 97, -43, 
126, -190, -317, 31, 222, -253, 244, 141, 151, 546, 102, -43, 
117, -190, -307, 36, 212, -248, 244, 151, 151, 546, 107, -39, 
117, -195, -312, 39, 214, -253, 244, 151, 151, 546, 107, -39, 
117, -195, -312, 39, 214, -253, 244, 151, 151, 546, 107, -39, 
117, -195, -312, 39, 214, -253, 244, 151, 151, 546, 107, -39, 
126, -190, -317, 31, 222, -253, 244, 141, 151, 546, 97, -48, 
126, -190, -317, 31, 222, -253, 244, 141, 146, 546, 97, -48, 
126, -190, -317, 31, 222, -253, 244, 141, 146, 546, 97, -48, 
126, -190, -317, 31, 222, -253, 244, 141, 151, 546, 97, -48, 
126, -190, -317, 31, 222, -253, 244, 141, 151, 536, 92, -48, 
126, -190, -317, 31, 222, -253, 244, 141, 151, 541, 92, -48, 
126, -190, -317, 31, 222, -253, 244, 141, 151, 541, 92, -48, 
126, -190, -317, 31, 222, -253, 244, 141, 151, 541, 92, -48, 
126, -190, -317, 31, 222, -253, 244, 146, 161, 536, 92, -48, 
126, -185, -312, 29, 219, -248, 244, 146, 161, 536, 87, -48, 
126, -185, -312, 29, 219, -248, 244, 146, 156, 536, 87, -48, 
126, -185, -312, 29, 219, -248, 244, 146, 156, 536, 87, -43, 
136, -185, -322, 24, 229, -253, 234, 136, 146, 527, 87, -48, 
136, -185, -322, 24, 229, -253, 234, 136, 146, 527, 92, -53, 
136, -185, -322, 24, 229, -253, 229, 136, 146, 531, 92, -58, 
136, -180, -317, 21, 226, -248, 229, 136, 146, 531, 92, -63, 
136, -180, -317, 21, 226, -248, 239, 146, 156, 541, 92, -53, 
136, -180, -317, 21, 226, -248, 239, 146, 156, 536, 92, -53, 
136, -180, -317, 21, 226, -248, 239, 146, 156, 536, 87, -53, 
136, -180, -317, 21, 226, -248, 239, 146, 156, 536, 87, -53, 
136, -190, -326, 26, 231, -258, 239, 146, 161, 546, 92, -43, 
136, -190, -326, 26, 231, -258, 239, 146, 161, 546, 97, -43, 
136, -190, -326, 26, 231, -258, 239, 146, 161, 546, 102, -43, 
136, -190, -326, 26, 231, -258, 239, 146, 161, 546, 112, -43, 
146, -200, -346, 26, 246, -273, 239, 146, 151, 541, 102, -53, 
146, -200, -346, 26, 246, -273, 239, 146, 151, 541, 102, -53, 
146, -195, -341, 24, 244, -268, 239, 146, 151, 536, 102, -53, 
146, -195, -341, 24, 244, -268, 239, 146, 151, 536, 102, -53, 
146, -195, -341, 24, 244, -268, 248, 156, 161, 546, 92, -53, 
146, -195, -341, 24, 244, -268, 248, 156, 161, 546, 92, -53, 
146, -195, -341, 24, 244, -268, 248, 151, 161, 546, 92, -53, 
146, -195, -341, 24, 244, -268, 244, 151, 161, 551, 92, -53, 
141, -195, -336, 26, 239, -265, 244, 146, 151, 551, 92, -53, 
141, -190, -331, 24, 236, -261, 244, 146, 151, 556, 92, -53, 
141, -185, -326, 21, 234, -256, 244, 146, 151, 556, 92, -53, 
141, -180, -322, 19, 231, -251, 244, 146, 151, 556, 92, -53, 
141, -180, -322, 19, 231, -251, 234, 146, 151, 551, 92, -48, 
141, -180, -322, 19, 231, -251, 234, 146, 151, 546, 92, -53, 
136, -180, -317, 21, 226, -248, 234, 146, 151, 541, 92, -53, 
136, -175, -312, 19, 224, -244, 234, 146, 156, 546, 97, -58, 
151, -175, -326, 12, 239, -251, 239, 146, 170, 541, 97, -58, 
151, -180, -331, 14, 241, -256, 239, 146, 170, 546, 97, -58, 
151, -180, -331, 14, 241, -256, 239, 146, 165, 546, 102, -58, 
151, -175, -326, 12, 239, -251, 239, 146, 165, 541, 102, -58, 
151, -185, -336, 17, 244, -261, 239, 146, 175, 541, 107, -68, 
151, -180, -331, 14, 241, -256, 239, 141, 175, 541, 97, -68, 
161, -156, -317, -2, 239, -236, 239, 151, 185, 556, 112, -58, 
165, -136, -302, -14, 234, -219, 244, 156, 195, 566, 126, -48, 
156, -126, -283, -14, 219, -204, 244, 146, 195, 575, 126, -48, 
156, -126, -283, -14, 219, -204, 244, 146, 195, 575, 126, -48, 
156, -126, -283, -14, 219, -204, 244, 146, 195, 575, 126, -48, 
156, -126, -283, -14, 219, -204, 244, 146, 195, 575, 126, -48, 
156, -122, -278, -17, 217, -200, 244, 146, 209, 575, 126, -43, 
156, -122, -278, -17, 217, -200, 244, 146, 214, 580, 126, -43, 
156, -122, -278, -17, 217, -200, 244, 146, 214, 580, 131, -43, 
156, -117, -273, -19, 214, -195, 244, 146, 214, 580, 131, -43, 
156, -117, -273, -19, 214, -195, 234, 146, 214, 585, 126, -43, 
161, -112, -273, -24, 217, -192, 234, 146, 219, 585, 126, -43, 
161, -107, -268, -26, 214, -187, 234, 146, 219, 580, 126, -43, 
165, -107, -273, -29, 219, -190, 234, 146, 224, 580, 126, -43, 
156, -107, -263, -24, 209, -185, 239, 146, 224, 580, 117, -53, 
161, -97, -258, -31, 209, -178, 234, 146, 224, 580, 122, -48, 
161, -97, -258, -31, 209, -178, 229, 146, 224, 580, 122, -48, 
161, -102, -263, -29, 212, -183, 229, 146, 224, 575, 122, -53, 
170, -92, -263, -39, 217, -178, 229, 151, 234, 575, 131, -63, 
165, -92, -258, -36, 212, -175, 219, 141, 229, 575, 131, -58, 
165, -92, -258, -36, 212, -175, 214, 136, 224, 575, 131, -58, 
165, -92, -258, -36, 212, -175, 209, 126, 224, 570, 126, -53, 
156, -102, -258, -26, 207, -180, 214, 107, 214, 570, 117, -53, 
156, -102, -258, -26, 207, -180, 204, 102, 214, 570, 126, -53, 
156, -102, -258, -26, 207, -180, 200, 97, 209, 570, 126, -53, 
156, -102, -258, -26, 207, -180, 195, 97, 200, 570, 122, -53, 
156, -107, -263, -24, 209, -185, 190, 97, 195, 570, 131, -48, 
156, -112, -268, -21, 212, -190, 190, 97, 195, 570, 131, -48, 
156, -117, -273, -19, 214, -195, 190, 97, 190, 570, 131, -48, 
156, -122, -278, -17, 217, -200, 190, 97, 190, 570, 131, -48, 
146, -122, -268, -12, 207, -195, 190, 97, 190, 566, 131, -43, 
156, -122, -278, -17, 217, -200, 195, 102, 190, 566, 136, -39, 
161, -122, -283, -19, 222, -202, 195, 102, 195, 566, 136, -39, 
170, -122, -292, -24, 231, -207, 195, 107, 195, 566, 141, -39, 
175, -117, -292, -29, 234, -204, 185, 107, 190, 556, 131, -43, 
185, -122, -307, -31, 246, -214, 190, 107, 185, 556, 131, -48, 
195, -122, -317, -36, 256, -219, 190, 117, 185, 556, 131, -53, 
204, -117, -322, -43, 263, -219, 190, 117, 190, 561, 131, -48, 
204, -126, -331, -39, 268, -229, 190, 126, 180, 561, 131, -39, 
204, -136, -341, -34, 273, -239, 195, 126, 180, 561, 131, -43, 
204, -136, -341, -34, 273, -239, 195, 126, 180, 561, 131, -43, 
200, -141, -341, -29, 270, -241, 209, 126, 185, 561, 131, -39, 
200, -131, -331, -34, 265, -231, 204, 131, 195, 561, 131, -39, 
195, -131, -326, -31, 261, -229, 209, 131, 200, 561, 131, -43, 
190, -136, -326, -26, 258, -231, 214, 136, 200, 561, 131, -48, 
185, -136, -322, -24, 253, -229, 219, 136, 200, 566, 131, -48, 
180, -131, -312, -24, 246, -222, 229, 126, 209, 575, 136, -43, 
175, -141, -317, -17, 246, -229, 239, 136, 204, 570, 131, -53, 
175, -151, -326, -12, 251, -239, 239, 136, 195, 556, 126, -58, 
175, -156, -331, -9, 253, -244, 244, 141, 185, 551, 122, -63, 
170, -170, -341, 0, 256, -256, 248, 151, 190, 546, 112, -78, 
170, -180, -351, 4, 261, -265, 253, 151, 180, 541, 112, -82, 
170, -195, -366, 12, 268, -280, 253, 151, 180, 531, 107, -87, 
161, -209, -370, 24, 265, -290, 253, 151, 175, 522, 107, -97, 
151, -224, -375, 36, 263, -300, 268, 161, 161, 507, 97, -107, 
156, -224, -380, 34, 268, -302, 268, 161, 156, 507, 92, -107, 
156, -224, -380, 34, 268, -302, 268, 161, 151, 507, 82, -107, 
151, -224, -375, 36, 263, -300, 268, 161, 146, 512, 78, -107, 
161, -229, -390, 34, 275, -309, 268, 151, 146, 502, 78, -117, 
161, -229, -390, 34, 275, -309, 268, 151, 146, 507, 78, -122, 
161, -229, -390, 34, 275, -309, 268, 151, 146, 507, 78, -122, 
165, -229, -395, 31, 280, -312, 268, 151, 146, 507, 78, -117, 
165, -229, -395, 31, 280, -312, 268, 151, 141, 507, 78, -117, 
161, -229, -390, 34, 275, -309, 273, 151, 141, 502, 73, -117, 
161, -234, -395, 36, 278, -314, 273, 151, 141, 502, 73, -122, 
165, -234, -400, 34, 283, -317, 273, 156, 136, 502, 73, -122, 
156, -229, -385, 36, 270, -307, 263, 156, 136, 492, 63, -131, 
156, -229, -385, 36, 270, -307, 263, 156, 136, 492, 63, -131, 
151, -234, -385, 41, 268, -309, 263, 156, 141, 497, 63, -131, 
151, -234, -385, 41, 268, -309, 263, 156, 141, 497, 63, -131, 
151, -234, -385, 41, 268, -309, 273, 151, 151, 488, 63, -131, 
151, -234, -385, 41, 268, -309, 273, 151, 151, 488, 63, -131, 
151, -234, -385, 41, 268, -309, 278, 151, 146, 488, 58, -131, 
151, -234, -385, 41, 268, -309, 278, 151, 146, 488, 58, -131, 
151, -234, -385, 41, 268, -309, 278, 151, 151, 488, 53, -136, 
151, -234, -385, 41, 268, -309, 278, 151, 151, 488, 53, -136, 
151, -234, -385, 41, 268, -309, 278, 151, 151, 488, 53, -136, 
151, -229, -380, 39, 265, -305, 278, 151, 151, 488, 53, -136, 
151, -239, -390, 43, 270, -314, 287, 161, 151, 488, 68, -146, 
151, -239, -390, 43, 270, -314, 287, 161, 161, 497, 68, -146, 
151, -239, -390, 43, 270, -314, 287, 161, 161, 497, 68, -146, 
151, -239, -390, 43, 270, -314, 292, 161, 161, 497, 68, -146, 
141, -248, -390, 53, 265, -319, 292, 161, 161, 507, 78, -146, 
141, -248, -390, 53, 265, -319, 292, 161, 161, 507, 78, -146, 
146, -248, -395, 51, 270, -322, 292, 161, 165, 512, 82, -146, 
146, -248, -395, 51, 270, -322, 292, 170, 170, 512, 82, -146, 
156, -248, -405, 46, 280, -326, 297, 170, 165, 512, 78, -151, 
146, -239, -385, 46, 265, -312, 307, 161, 175, 512, 78, -146, 
136, -244, -380, 53, 258, -312, 317, 170, 185, 512, 78, -146, 
136, -263, -400, 63, 268, -331, 322, 190, 190, 512, 78, -156, 
141, -287, -429, 73, 285, -358, 346, 229, 200, 502, 58, -175, 
161, -307, -468, 73, 314, -387, 375, 273, 219, 502, 43, -204, 
180, -307, -488, 63, 334, -397, 395, 302, 258, 517, 34, -214, 
180, -307, -488, 63, 334, -397, 409, 336, 312, 531, 29, -219, 
200, -307, -507, 53, 353, -407, 414, 375, 361, 546, 39, -219, 
219, -268, -488, 24, 353, -378, 424, 405, 448, 595, 68, -204, 
244, -214, -458, -14, 351, -336, 444, 434, 575, 692, 126, -165, 
268, -136, -405, -65, 336, -270, 448, 478, 722, 810, 200, -117, 
312, -39, -351, -136, 331, -195, 439, 502, 854, 956, 317, -34, 
346, 78, -268, -212, 307, -95, 400, 463, 966, 1117, 458, 82, 
390, 229, -161, -309, 275, 34, 302, 336, 1024, 1312, 624, 214, 
424, 429, 4, -427, 209, 217, 146, 161, 1063, 1517, 854, 385, 
468, 668, 200, -568, 134, 434, -43, -43, 1078, 1747, 1098, 585, 
507, 863, 356, -685, 75, 610, -214, -234, 1102, 1952, 1317, 756, 
541, 1015, 473, -778, 34, 744, -361, -375, 1102, 2122, 1483, 907, 
551, 1127, 575, -839, -12, 851, -483, -517, 1063, 2249, 1615, 1019, 
531, 1273, 741, -902, -104, 1007, -634, -707, 1015, 2342, 1732, 1132, 
492, 1420, 927, -956, -217, 1173, -780, -936, 956, 2400, 1810, 1234, 
409, 1434, 1024, -922, -307, 1229, -844, -1063, 800, 2283, 1761, 1239, 
307, 1195, 888, -751, -290, 1041, -785, -1044, 522, 1932, 1498, 1068, 
219, 863, 644, -541, -212, 753, -683, -951, 156, 1449, 1112, 829, 
131, 614, 483, -373, -175, 549, -600, -902, -283, 902, 736, 605, 
14, 453, 439, -234, -212, 446, -522, -883, -756, 346, 395, 400, 
-58, 341, 400, -141, -229, 370, -463, -844, -1132, -73, 151, 263, 
-73, 253, 326, -90, -200, 290, -444, -800, -1302, -258, 29, 170, 
-53, 175, 229, -61, -141, 202, -414, -741, -1254, -263, -24, 126, 
-29, 107, 136, -39, -82, 122, -361, -653, -1107, -185, -24, 87, 
14, 73, 58, -43, -21, 65, -331, -595, -936, -102, -4, 68, 
53, 48, -4, -51, 29, 21, -297, -531, -790, -9, 19, 58, 
68, 29, -39, -48, 53, -4, -244, -453, -639, 78, 39, 39, 
82, 4, -78, -43, 80, -36, -170, -361, -502, 161, 48, 14, 
102, -14, -117, -43, 109, -65, -97, -273, -385, 234, 58, -4, 
122, -39, -161, -41, 141, -100, -29, -180, -278, 297, 68, -29, 
112, -53, -165, -29, 139, -109, 34, -107, -175, 341, 82, -48, 
102, -68, -170, -17, 136, -119, 73, -73, -92, 380, 102, -63, 
102, -82, -185, -9, 143, -134, 97, -43, -19, 405, 102, -73, 
107, -102, -209, -2, 158, -156, 136, -4, 34, 434, 107, -92, 
117, -131, -248, 7, 183, -190, 156, 9, 82, 444, 112, -102, 
126, -151, -278, 12, 202, -214, 185, 39, 131, 463, 117, -102, 
141, -151, -292, 4, 217, -222, 195, 68, 151, 483, 117, -112, 
156, -151, -307, -2, 231, -229, 209, 92, 170, 502, 122, -112, 
161, -141, -302, -9, 231, -222, 234, 122, 195, 527, 122, -112, 
161, -136, -297, -12, 229, -217, 253, 151, 209, 546, 131, -107, 
175, -141, -317, -17, 246, -229, 263, 165, 224, 556, 131, -112, 
165, -146, -312, -9, 239, -229, 263, 170, 229, 551, 131, -131, 
170, -161, -331, -4, 251, -246, 278, 180, 234, 546, 131, -146, 
165, -170, -336, 2, 251, -253, 278, 190, 239, 527, 131, -146, 
175, -170, -346, -2, 261, -258, 278, 190, 253, 522, 126, -141, 
175, -170, -346, -2, 261, -258, 278, 190, 263, 527, 126, -141, 
180, -175, -356, -2, 268, -265, 278, 200, 268, 536, 126, -141, 
180, -175, -356, -2, 268, -265, 283, 204, 268, 546, 122, -146, 
185, -175, -361, -4, 273, -268, 278, 204, 268, 546, 112, -156, 
185, -175, -361, -4, 273, -268, 283, 209, 278, 551, 117, -156, 
185, -175, -361, -4, 273, -268, 287, 214, 283, 556, 117, -156, 
190, -175, -366, -7, 278, -270, 292, 214, 292, 556, 117, -151, 
190, -170, -361, -9, 275, -265, 302, 224, 307, 561, 122, -151, 
190, -170, -361, -9, 275, -265, 302, 229, 317, 566, 131, -151, 
195, -170, -366, -12, 280, -268, 297, 229, 317, 566, 136, -146, 
195, -165, -361, -14, 278, -263, 297, 229, 322, 566, 141, -146, 
195, -165, -361, -14, 278, -263, 297, 224, 312, 566, 141, -146, 
195, -165, -361, -14, 278, -263, 297, 224, 317, 575, 141, -146, 
195, -165, -361, -14, 278, -263, 297, 224, 322, 575, 141, -146, 
195, -161, -356, -17, 275, -258, 302, 224, 326, 580, 141, -141, 
200, -161, -361, -19, 280, -261, 302, 229, 326, 585, 146, -146, 
204, -161, -366, -21, 285, -263, 302, 229, 326, 585, 146, -146, 
204, -161, -366, -21, 285, -263, 302, 229, 336, 585, 146, -151, 
204, -161, -366, -21, 285, -263, 297, 229, 341, 590, 146, -151, 
204, -161, -366, -21, 285, -263, 297, 239, 351, 590, 151, -156, 
204, -156, -361, -24, 283, -258, 297, 239, 351, 595, 151, -156, 
204, -151, -356, -26, 280, -253, 297, 239, 356, 595, 151, -156, 
204, -151, -356, -26, 280, -253, 297, 239, 361, 605, 156, -156, 
204, -146, -351, -29, 278, -248, 297, 239, 351, 595, 161, -141, 
204, -141, -346, -31, 275, -244, 297, 239, 356, 600, 161, -141, 
204, -141, -346, -31, 275, -244, 297, 239, 361, 605, 165, -141, 
209, -141, -351, -34, 280, -246, 297, 244, 366, 605, 165, -136, 
209, -146, -356, -31, 283, -251, 297, 244, 370, 605, 165, -146, 
214, -141, -356, -36, 285, -248, 297, 244, 370, 610, 175, -146, 
214, -141, -356, -36, 285, -248, 297, 244, 375, 614, 175, -136, 
219, -141, -361, -39, 290, -251, 297, 244, 380, 619, 180, -136, 
219, -141, -361, -39, 290, -251, 297, 248, 395, 614, 180, -131, 
219, -141, -361, -39, 290, -251, 297, 248, 395, 614, 180, -131, 
224, -141, -366, -41, 295, -253, 292, 248, 395, 614, 180, -131, 
224, -136, -361, -43, 292, -248, 292, 248, 400, 619, 185, -126, 
224, -136, -361, -43, 292, -248, 292, 248, 405, 629, 190, -122, 
224, -131, -356, -46, 290, -244, 292, 248, 409, 634, 195, -126, 
224, -122, -346, -51, 285, -234, 292, 248, 414, 639, 200, -131, 
224, -122, -346, -51, 285, -234, 292, 248, 419, 644, 204, -136, 
239, -122, -361, -58, 300, -241, 287, 248, 424, 644, 204, -122, 
239, -117, -356, -61, 297, -236, 287, 248, 429, 653, 209, -117, 
239, -112, -351, -63, 295, -231, 287, 253, 434, 653, 214, -112, 
239, -112, -351, -63, 295, -231, 287, 253, 439, 668, 219, -112, 
229, -102, -331, -63, 280, -217, 283, 253, 444, 663, 224, -117, 
239, -102, -341, -68, 290, -222, 283, 253, 448, 668, 229, -112, 
239, -102, -341, -68, 290, -222, 278, 258, 453, 673, 229, -112, 
244, -92, -336, -75, 290, -214, 278, 258, 458, 678, 234, -112, 
248, -82, -331, -82, 290, -207, 278, 258, 468, 683, 239, -112, 
248, -73, -322, -87, 285, -197, 278, 258, 468, 688, 244, -107, 
253, -73, -326, -90, 290, -200, 273, 258, 468, 692, 248, -102, 
253, -68, -322, -92, 287, -195, 273, 258, 478, 702, 258, -102, 
253, -48, -302, -102, 278, -175, 268, 258, 483, 707, 253, -102, 
258, -43, -302, -107, 280, -173, 268, 263, 492, 712, 258, -97, 
258, -43, -302, -107, 280, -173, 268, 263, 497, 712, 268, -92, 
268, -34, -302, -117, 285, -168, 263, 263, 507, 722, 273, -87, 
273, -24, -297, -124, 285, -161, 258, 263, 502, 722, 268, -87, 
273, -14, -287, -129, 280, -151, 253, 263, 507, 732, 278, -82, 
273, -4, -278, -134, 275, -141, 253, 263, 512, 741, 287, -82, 
283, 0, -283, -141, 283, -141, 253, 263, 527, 751, 297, -82, 
287, 9, -278, -148, 283, -134, 239, 253, 536, 756, 302, -73, 
292, 14, -278, -153, 285, -131, 234, 258, 536, 766, 312, -63, 
292, 29, -263, -161, 278, -117, 229, 258, 546, 785, 322, -58, 
292, 39, -253, -165, 273, -107, 229, 258, 556, 795, 336, -53, 
307, 58, -248, -183, 278, -95, 224, 268, 566, 805, 356, -39, 
312, 58, -253, -185, 283, -97, 219, 268, 575, 805, 356, -29, 
312, 68, -244, -190, 278, -87, 214, 268, 580, 814, 366, -29, 
317, 78, -239, -197, 278, -80, 214, 263, 585, 819, 385, -14, 
312, 82, -229, -197, 270, -73, 219, 273, 605, 849, 395, -4, 
317, 97, -219, -207, 268, -61, 214, 273, 610, 863, 405, 0, 
322, 107, -214, -214, 268, -53, 209, 268, 619, 878, 414, 9, 
326, 122, -204, -224, 265, -41, 204, 268, 624, 893, 434, 19, 
341, 136, -204, -239, 273, -34, 200, 258, 639, 897, 444, 29, 
346, 141, -204, -244, 275, -31, 195, 258, 644, 912, 458, 39, 
346, 156, -190, -251, 268, -17, 185, 258, 653, 927, 468, 53, 
351, 170, -180, -261, 265, -4, 175, 258, 663, 941, 488, 63, 
356, 190, -165, -273, 261, 12, 180, 253, 663, 946, 483, 68, 
361, 200, -161, -280, 261, 19, 170, 248, 668, 956, 497, 73, 
366, 214, -151, -290, 258, 31, 165, 248, 678, 966, 512, 82, 
370, 219, -151, -295, 261, 34, 161, 244, 692, 980, 522, 92, 
366, 219, -146, -292, 256, 36, 161, 248, 697, 1000, 536, 112, 
366, 224, -141, -295, 253, 41, 156, 244, 697, 1010, 541, 122, 
370, 244, -126, -307, 248, 58, 151, 239, 697, 1015, 551, 126, 
375, 258, -117, -317, 246, 70, 146, 239, 702, 1024, 561, 131, 
385, 263, -122, -324, 253, 70, 126, 224, 707, 1024, 566, 131, 
385, 273, -112, -329, 248, 80, 122, 219, 712, 1029, 575, 141, 
385, 283, -102, -334, 244, 90, 117, 214, 712, 1034, 585, 146, 
390, 283, -107, -336, 248, 87, 112, 209, 712, 1034, 585, 151, 
400, 297, -102, -348, 251, 97, 97, 209, 712, 1049, 600, 165, 
400, 307, -92, -353, 246, 107, 97, 204, 712, 1049, 605, 170, 
405, 322, -82, -363, 244, 119, 97, 200, 712, 1058, 624, 175, 
405, 331, -73, -368, 239, 129, 92, 195, 712, 1058, 629, 180, 
405, 322, -82, -363, 244, 119, 87, 200, 717, 1068, 629, 180, 
409, 326, -82, -368, 246, 122, 87, 195, 717, 1068, 634, 185, 
409, 326, -82, -368, 246, 122, 87, 185, 712, 1068, 634, 185, 
414, 322, -92, -368, 253, 114, 82, 185, 702, 1058, 629, 175, 
414, 322, -92, -368, 253, 114, 82, 170, 712, 1063, 629, 185, 
409, 322, -87, -366, 248, 117, 78, 165, 702, 1063, 629, 180, 
409, 326, -82, -368, 246, 122, 78, 165, 692, 1049, 619, 175, 
405, 322, -82, -363, 244, 119, 78, 161, 683, 1039, 614, 170, 
400, 317, -82, -358, 241, 117, 68, 156, 683, 1024, 610, 170, 
395, 307, -87, -351, 241, 109, 68, 151, 663, 1010, 595, 161, 
385, 292, -92, -339, 239, 100, 73, 151, 649, 1000, 585, 146, 
385, 278, -107, -331, 246, 85, 82, 146, 629, 976, 570, 126, 
385, 273, -112, -329, 248, 80, 78, 146, 610, 946, 551, 122, 
380, 258, -122, -319, 251, 68, 87, 146, 590, 927, 531, 107, 
366, 234, -131, -300, 248, 51, 92, 146, 575, 902, 502, 87, 
361, 214, -146, -287, 253, 34, 107, 151, 556, 883, 488, 78, 
351, 190, -161, -270, 256, 14, 112, 151, 546, 854, 473, 63, 
341, 180, -161, -261, 251, 9, 122, 151, 531, 829, 444, 48, 
326, 156, -170, -241, 248, -7, 131, 151, 507, 805, 424, 24, 
317, 136, -180, -226, 248, -21, 131, 146, 492, 785, 405, 9, 
317, 112, -204, -214, 261, -46, 146, 146, 473, 761, 400, -9, 
312, 102, -209, -207, 261, -53, 151, 146, 463, 741, 380, -19, 
297, 78, -219, -187, 258, -70, 161, 146, 448, 727, 366, -24, 
292, 58, -234, -175, 263, -87, 165, 146, 434, 707, 351, -39, 
287, 53, -234, -170, 261, -90, 161, 141, 424, 688, 322, -43, 
283, 34, -248, -158, 265, -107, 170, 141, 409, 673, 312, -58, 
278, 29, -248, -153, 263, -109, 170, 141, 395, 658, 292, -73, 
273, 24, -248, -148, 261, -112, 175, 141, 385, 644, 278, -87, 
263, 0, -263, -131, 263, -131, 185, 141, 366, 614, 258, -107, 
263, -9, -273, -126, 268, -141, 190, 146, 351, 600, 244, -117, 
258, -19, -278, -119, 268, -148, 190, 146, 341, 580, 239, -131, 
253, -24, -278, -114, 265, -151, 195, 146, 331, 556, 224, -146, 
244, -43, -287, -100, 265, -165, 209, 146, 312, 556, 224, -146, 
234, -53, -287, -90, 261, -170, 209, 146, 302, 551, 214, -146, 
234, -68, -302, -82, 268, -185, 214, 146, 302, 546, 214, -156, 
234, -73, -307, -80, 270, -190, 219, 146, 292, 541, 204, -161, 
234, -68, -302, -82, 268, -185, 224, 136, 287, 522, 195, -165, 
234, -73, -307, -80, 270, -190, 224, 136, 278, 517, 195, -170, 
229, -82, -312, -73, 270, -197, 224, 136, 278, 512, 190, -180, 
229, -82, -312, -73, 270, -197, 224, 136, 273, 512, 185, -185, 
219, -92, -312, -63, 265, -202, 229, 136, 273, 502, 175, -190, 
219, -97, -317, -61, 268, -207, 229, 136, 268, 497, 170, -195, 
219, -97, -317, -61, 268, -207, 229, 136, 268, 492, 165, -200, 
219, -102, -322, -58, 270, -212, 234, 136, 263, 488, 161, -200, 
229, -117, -346, -56, 287, -231, 234, 136, 253, 478, 151, -204, 
229, -117, -346, -56, 287, -231, 234, 136, 248, 478, 146, -204, 
224, -122, -346, -51, 285, -234, 234, 136, 244, 473, 146, -204, 
224, -122, -346, -51, 285, -234, 234, 136, 244, 473, 141, -204, 
219, -117, -336, -51, 278, -226, 229, 136, 248, 458, 151, -214, 
219, -117, -336, -51, 278, -226, 229, 136, 248, 458, 151, -219, 
219, -122, -341, -48, 280, -231, 234, 136, 244, 458, 151, -219, 
219, -126, -346, -46, 283, -236, 234, 136, 244, 463, 151, -219, 
214, -117, -331, -48, 273, -224, 234, 136, 253, 463, 156, -229, 
214, -117, -331, -48, 273, -224, 234, 136, 244, 463, 156, -229, 
214, -117, -331, -48, 273, -224, 234, 136, 244, 458, 156, -229, 
214, -117, -331, -48, 273, -224, 234, 136, 244, 453, 156, -229, 
214, -131, -346, -41, 280, -239, 234, 136, 239, 448, 156, -239, 
214, -131, -346, -41, 280, -239, 234, 136, 239, 448, 151, -239, 
214, -131, -346, -41, 280, -239, 234, 136, 239, 448, 146, -239, 
214, -131, -346, -41, 280, -239, 239, 131, 239, 448, 146, -239, 
214, -126, -341, -43, 278, -234, 239, 141, 239, 439, 136, -239, 
214, -126, -341, -43, 278, -234, 239, 141, 239, 439, 136, -239, 
214, -126, -341, -43, 278, -234, 239, 141, 244, 439, 136, -239, 
214, -126, -341, -43, 278, -234, 239, 146, 244, 448, 136, -239, 
214, -117, -331, -48, 273, -224, 239, 146, 239, 439, 146, -234, 
214, -117, -331, -48, 273, -224, 239, 146, 239, 444, 146, -234, 
214, -117, -331, -48, 273, -224, 239, 146, 239, 448, 146, -234, 
219, -117, -336, -51, 278, -226, 239, 146, 239, 448, 146, -234, 
219, -126, -346, -46, 283, -236, 239, 136, 239, 448, 151, -234, 
214, -126, -341, -43, 278, -234, 239, 136, 239, 448, 151, -234, 
214, -126, -341, -43, 278, -234, 239, 136, 239, 448, 151, -234, 
219, -122, -341, -48, 280, -231, 244, 136, 239, 444, 151, -234, 
219, -122, -341, -48, 280, -231, 234, 146, 248, 434, 151, -244, 
219, -126, -346, -46, 283, -236, 234, 146, 248, 434, 151, -244, 
219, -126, -346, -46, 283, -236, 234, 146, 248, 434, 151, -244, 
219, -122, -341, -48, 280, -231, 234, 146, 253, 434, 151, -244, 
229, -112, -341, -58, 285, -226, 244, 146, 244, 429, 146, -244, 
229, -112, -341, -58, 285, -226, 244, 146, 244, 429, 146, -244, 
229, -112, -341, -58, 285, -226, 244, 146, 244, 429, 146, -244, 
229, -117, -346, -56, 287, -231, 244, 146, 244, 424, 146, -248, 
229, -112, -341, -58, 285, -226, 234, 146, 239, 424, 136, -248, 
229, -112, -341, -58, 285, -226, 234, 146, 239, 429, 136, -248, 
229, -112, -341, -58, 285, -226, 234, 146, 244, 429, 141, -248, 
229, -112, -341, -58, 285, -226, 234, 146, 244, 424, 141, -248, 
229, -112, -341, -58, 285, -226, 248, 146, 244, 414, 141, -258, 
224, -117, -341, -53, 283, -229, 248, 146, 244, 419, 146, -258, 
224, -117, -341, -53, 283, -229, 248, 146, 244, 419, 146, -258, 
224, -117, -341, -53, 283, -229, 248, 146, 244, 419, 146, -258, 
224, -117, -341, -53, 283, -229, 258, 146, 253, 419, 136, -258, 
224, -117, -341, -53, 283, -229, 253, 146, 253, 419, 136, -258, 
224, -117, -341, -53, 283, -229, 253, 146, 253, 419, 136, -258, 
224, -117, -341, -53, 283, -229, 253, 146, 258, 419, 136, -258, 
224, -117, -341, -53, 283, -229, 253, 146, 258, 414, 136, -258, 
224, -117, -341, -53, 283, -229, 253, 146, 258, 414, 136, -258, 
224, -117, -341, -53, 283, -229, 253, 146, 258, 414, 136, -258, 
224, -117, -341, -53, 283, -229, 253, 146, 253, 414, 136, -258, 
224, -117, -341, -53, 283, -229, 253, 146, 253, 414, 141, -258, 
224, -112, -336, -56, 280, -224, 253, 146, 253, 405, 136, -258, 
224, -112, -336, -56, 280, -224, 253, 146, 253, 405, 136, -258, 
224, -112, -336, -56, 280, -224, 253, 146, 253, 405, 136, -258, 
224, -112, -336, -56, 280, -224, 244, 146, 244, 395, 136, -258, 
224, -117, -341, -53, 283, -229, 244, 146, 244, 400, 136, -258, 
224, -117, -341, -53, 283, -229, 244, 146, 244, 400, 136, -263, 
224, -117, -341, -53, 283, -229, 244, 146, 244, 400, 136, -268, 
224, -117, -341, -53, 283, -229, 244, 146, 244, 390, 126, -278, 
224, -117, -341, -53, 283, -229, 244, 146, 244, 390, 131, -278, 
224, -117, -341, -53, 283, -229, 244, 146, 244, 390, 131, -278, 
224, -117, -341, -53, 283, -229, 244, 146, 244, 385, 126, -283, 
224, -117, -341, -53, 283, -229, 244, 136, 244, 380, 136, -283, 
224, -117, -341, -53, 283, -229, 244, 136, 244, 380, 136, -278, 
224, -117, -341, -53, 283, -229, 244, 136, 244, 385, 136, -278, 
224, -117, -341, -53, 283, -229, 244, 136, 244, 385, 136, -278, 
214, -117, -331, -48, 273, -224, 244, 131, 244, 385, 131, -287, 
214, -117, -331, -48, 273, -224, 244, 131, 244, 385, 131, -287, 
214, -117, -331, -48, 273, -224, 244, 131, 239, 385, 131, -283, 
214, -117, -331, -48, 273, -224, 244, 136, 239, 385, 131, -283, 
214, -117, -331, -48, 273, -224, 244, 136, 239, 380, 126, -273, 
214, -112, -326, -51, 270, -219, 244, 136, 239, 380, 126, -273, 
214, -112, -326, -51, 270, -219, 244, 136, 239, 380, 126, -278, 
214, -112, -326, -51, 270, -219, 244, 136, 234, 380, 126, -278, 
214, -122, -336, -46, 275, -229, 234, 131, 229, 370, 126, -278, 
214, -122, -336, -46, 275, -229, 234, 131, 229, 370, 126, -287, 
214, -126, -341, -43, 278, -234, 234, 131, 229, 366, 122, -287, 
214, -126, -341, -43, 278, -234, 234, 131, 229, 366, 117, -287, 
214, -126, -341, -43, 278, -234, 234, 131, 229, 366, 126, -297, 
214, -126, -341, -43, 278, -234, 234, 126, 224, 366, 126, -292, 
214, -126, -341, -43, 278, -234, 234, 126, 224, 366, 126, -292, 
214, -126, -341, -43, 278, -234, 234, 126, 224, 366, 126, -297, 
214, -126, -341, -43, 278, -234, 234, 136, 234, 356, 126, -287, 
214, -131, -346, -41, 280, -239, 234, 136, 229, 356, 126, -287, 
214, -131, -346, -41, 280, -239, 234, 136, 229, 356, 122, -287, 
214, -131, -346, -41, 280, -239, 234, 136, 229, 356, 122, -287, 
214, -117, -331, -48, 273, -224, 234, 136, 229, 356, 126, -297, 
209, -117, -326, -46, 268, -222, 234, 136, 229, 356, 126, -297, 
209, -117, -326, -46, 268, -222, 234, 136, 229, 351, 126, -297, 
209, -122, -331, -43, 270, -226, 234, 136, 229, 351, 126, -297, 
204, -122, -326, -41, 265, -224, 234, 122, 219, 346, 126, -297, 
204, -122, -326, -41, 265, -224, 234, 122, 219, 346, 122, -297, 
204, -122, -326, -41, 265, -224, 234, 122, 214, 341, 122, -297, 
204, -122, -326, -41, 265, -224, 239, 122, 214, 341, 122, -297, 
204, -131, -336, -36, 270, -234, 229, 131, 214, 336, 112, -307, 
204, -131, -336, -36, 270, -234, 229, 131, 214, 336, 112, -307, 
204, -131, -336, -36, 270, -234, 229, 131, 214, 331, 107, -312, 
204, -131, -336, -36, 270, -234, 229, 131, 214, 331, 107, -312, 
204, -131, -336, -36, 270, -234, 229, 131, 214, 331, 107, -317, 
204, -131, -336, -36, 270, -234, 229, 131, 219, 331, 112, -317, 
204, -126, -331, -39, 268, -229, 229, 131, 219, 331, 117, -317, 
204, -126, -331, -39, 268, -229, 229, 131, 219, 331, 117, -317, 
204, -131, -336, -36, 270, -234, 239, 131, 219, 331, 112, -312, 
204, -131, -336, -36, 270, -234, 239, 131, 219, 331, 112, -312, 
204, -131, -336, -36, 270, -234, 239, 131, 214, 326, 112, -317, 
204, -126, -331, -39, 268, -229, 239, 131, 214, 326, 107, -322, 
204, -136, -341, -34, 273, -239, 229, 122, 214, 326, 107, -322, 
204, -136, -341, -34, 273, -239, 229, 122, 214, 326, 107, -326, 
204, -136, -341, -34, 273, -239, 229, 122, 214, 326, 102, -326, 
204, -136, -341, -34, 273, -239, 229, 117, 214, 326, 102, -326, 
214, -136, -351, -39, 283, -244, 239, 126, 214, 326, 112, -326, 
214, -136, -351, -39, 283, -244, 239, 126, 214, 326, 112, -326, 
214, -136, -351, -39, 283, -244, 239, 126, 209, 326, 112, -326, 
214, -136, -351, -39, 283, -244, 239, 126, 204, 326, 112, -326, 
214, -136, -351, -39, 283, -244, 239, 131, 214, 317, 112, -322, 
214, -141, -356, -36, 285, -248, 239, 131, 219, 322, 112, -322, 
214, -141, -356, -36, 285, -248, 239, 131, 219, 322, 112, -317, 
214, -141, -356, -36, 285, -248, 239, 131, 219, 322, 112, -317, 
214, -131, -346, -41, 280, -239, 239, 122, 209, 317, 112, -326, 
214, -131, -346, -41, 280, -239, 239, 122, 209, 317, 112, -326, 
214, -131, -346, -41, 280, -239, 239, 122, 209, 312, 112, -326, 
214, -131, -346, -41, 280, -239, 239, 122, 209, 302, 112, -326, 
214, -131, -346, -41, 280, -239, 234, 122, 204, 312, 102, -331, 
214, -131, -346, -41, 280, -239, 234, 122, 204, 312, 102, -336, 
214, -131, -346, -41, 280, -239, 229, 117, 209, 312, 102, -341, 
214, -131, -346, -41, 280, -239, 229, 117, 209, 312, 102, -346, 
214, -122, -336, -46, 275, -229, 239, 126, 209, 312, 102, -336, 
214, -126, -341, -43, 278, -234, 239, 126, 209, 312, 97, -336, 
214, -126, -341, -43, 278, -234, 239, 126, 214, 312, 97, -341, 
214, -126, -341, -43, 278, -234, 239, 126, 214, 312, 97, -341, 
214, -126, -341, -43, 278, -234, 239, 122, 204, 312, 107, -336, 
214, -126, -341, -43, 278, -234, 239, 122, 204, 312, 102, -336, 
214, -122, -336, -46, 275, -229, 239, 122, 209, 312, 102, -336, 
214, -122, -336, -46, 275, -229, 244, 122, 209, 312, 102, -336, 
214, -122, -336, -46, 275, -229, 244, 122, 209, 312, 117, -341, 
214, -126, -341, -43, 278, -234, 244, 122, 209, 312, 117, -341, 
214, -126, -341, -43, 278, -234, 244, 122, 209, 312, 117, -341, 
214, -126, -341, -43, 278, -234, 244, 122, 209, 312, 117, -341, 
214, -122, -336, -46, 275, -229, 244, 122, 219, 302, 107, -341, 
214, -122, -336, -46, 275, -229, 244, 122, 214, 302, 107, -341, 
214, -122, -336, -46, 275, -229, 244, 122, 214, 302, 107, -341, 
214, -122, -336, -46, 275, -229, 244, 122, 219, 302, 107, -341, 
214, -117, -331, -48, 273, -224, 244, 122, 214, 297, 107, -351, 
214, -112, -326, -51, 270, -219, 244, 122, 209, 297, 102, -351, 
214, -107, -322, -53, 268, -214, 244, 122, 204, 292, 97, -351, 
214, -102, -317, -56, 265, -209, 244, 122, 200, 287, 92, -351, 
214, -82, -297, -65, 256, -190, 229, 112, 195, 278, 87, -361, 
214, -68, -283, -73, 248, -175, 224, 107, 190, 273, 78, -370, 
214, -58, -273, -78, 244, -165, 219, 102, 180, 268, 73, -380, 
214, -48, -263, -82, 239, -156, 214, 97, 175, 263, 68, -385, 
214, -29, -244, -92, 229, -136, 209, 82, 165, 248, 53, -400, 
214, -9, -224, -102, 219, -117, 204, 78, 165, 244, 53, -405, 
214, 9, -204, -112, 209, -97, 195, 73, 165, 244, 48, -409, 
214, 34, -180, -124, 197, -73, 190, 68, 165, 239, 43, -414, 
214, 39, -175, -126, 195, -68, 190, 68, 165, 239, 53, -414, 
214, 43, -170, -129, 192, -63, 190, 68, 165, 234, 53, -414, 
214, 48, -165, -131, 190, -58, 190, 68, 165, 234, 48, -414, 
214, 53, -161, -134, 187, -53, 190, 68, 165, 234, 48, -414, 
214, 39, -175, -126, 195, -68, 200, 73, 170, 244, 39, -414, 
214, 34, -180, -124, 197, -73, 200, 78, 170, 244, 39, -414, 
214, 29, -185, -122, 200, -78, 200, 82, 170, 244, 39, -414, 
214, 24, -190, -119, 202, -82, 200, 87, 170, 244, 43, -414, 
214, 19, -195, -117, 204, -87, 200, 78, 170, 239, 43, -414, 
214, 14, -200, -114, 207, -92, 200, 78, 170, 239, 43, -414, 
214, 14, -200, -114, 207, -92, 200, 78, 170, 234, 43, -414, 
214, 9, -204, -112, 209, -97, 200, 78, 170, 234, 43, -414, 
214, 19, -195, -117, 204, -87, 200, 78, 161, 234, 53, -414, 
214, 19, -195, -117, 204, -87, 200, 78, 161, 234, 53, -414, 
214, 19, -195, -117, 204, -87, 200, 73, 161, 234, 53, -414, 
214, 19, -195, -117, 204, -87, 195, 73, 161, 239, 53, -414, 
209, 9, -200, -109, 204, -95, 200, 82, 170, 239, 53, -405, 
209, 4, -204, -107, 207, -100, 204, 87, 170, 244, 53, -405, 
209, 0, -209, -104, 209, -104, 209, 92, 170, 244, 53, -405, 
209, -4, -214, -102, 212, -109, 214, 97, 170, 244, 53, -405, 
219, -14, -234, -102, 226, -124, 214, 107, 180, 244, 58, -405, 
219, -24, -244, -97, 231, -134, 214, 107, 180, 244, 63, -405, 
214, -34, -248, -90, 231, -141, 214, 107, 180, 244, 68, -400, 
214, -39, -253, -87, 234, -146, 214, 107, 185, 253, 78, -400, 
209, -43, -253, -82, 231, -148, 219, 107, 200, 248, 78, -390, 
209, -53, -263, -78, 236, -158, 219, 107, 200, 253, 78, -390, 
209, -58, -268, -75, 239, -163, 219, 107, 195, 253, 82, -390, 
209, -58, -268, -75, 239, -163, 219, 107, 195, 248, 82, -390, 
209, -63, -273, -73, 241, -168, 229, 107, 195, 258, 78, -390, 
209, -53, -263, -78, 236, -158, 229, 112, 195, 258, 78, -390, 
209, -53, -263, -78, 236, -158, 229, 112, 204, 263, 82, -390, 
214, -53, -268, -80, 241, -161, 229, 112, 204, 263, 87, -390, 
224, -39, -263, -92, 244, -151, 219, 112, 195, 253, 82, -395, 
224, -39, -263, -92, 244, -151, 219, 107, 195, 248, 82, -395, 
224, -34, -258, -95, 241, -146, 219, 102, 195, 248, 82, -395, 
219, -29, -248, -95, 234, -139, 219, 97, 200, 253, 87, -395, 
229, -19, -248, -104, 239, -134, 229, 122, 219, 268, 102, -395, 
234, -19, -253, -107, 244, -136, 224, 126, 224, 273, 97, -390, 
229, -14, -244, -107, 236, -129, 224, 117, 224, 273, 97, -390, 
224, -9, -234, -107, 229, -122, 224, 117, 224, 273, 97, -390, 
219, -4, -224, -107, 222, -114, 224, 117, 224, 273, 97, -390, 
214, 0, -214, -107, 214, -107, 224, 117, 224, 273, 97, -390, 
214, 0, -214, -107, 214, -107, 224, 117, 229, 273, 97, -390, 
214, -4, -219, -104, 217, -112, 224, 117, 234, 278, 97, -395, 
214, -9, -224, -102, 219, -117, 224, 117, 234, 278, 102, -400, 
214, -9, -224, -102, 219, -117, 224, 117, 234, 278, 102, -405, 
224, -9, -234, -107, 229, -122, 224, 126, 234, 283, 107, -400, 
229, -4, -234, -112, 231, -119, 224, 126, 239, 283, 107, -395, 
229, 0, -229, -114, 229, -114, 224, 126, 239, 278, 107, -390, 
234, 0, -234, -117, 234, -117, 224, 126, 244, 278, 107, -385, 
234, -9, -244, -112, 239, -126, 229, 126, 253, 297, 117, -385, 
239, 0, -239, -119, 239, -119, 224, 126, 253, 297, 122, -380, 
239, 0, -239, -119, 239, -119, 219, 126, 253, 297, 122, -380, 
239, -4, -244, -117, 241, -124, 219, 126, 253, 292, 122, -385, 
239, -14, -253, -112, 246, -134, 219, 112, 263, 302, 131, -375, 
234, -14, -248, -109, 241, -131, 209, 102, 258, 302, 131, -370, 
234, -14, -248, -109, 241, -131, 204, 97, 253, 302, 131, -370, 
234, -14, -248, -109, 241, -131, 200, 87, 253, 297, 126, -366, 
224, -14, -239, -104, 231, -126, 185, 78, 248, 292, 122, -375, 
224, -14, -239, -104, 231, -126, 175, 73, 244, 287, 126, -375, 
224, -14, -239, -104, 231, -126, 170, 68, 234, 283, 122, -375, 
224, -14, -239, -104, 231, -126, 165, 68, 219, 278, 112, -375, 
234, -14, -248, -109, 241, -131, 161, 68, 219, 268, 112, -380, 
234, -14, -248, -109, 241, -131, 161, 68, 224, 268, 112, -380, 
234, -14, -248, -109, 241, -131, 161, 68, 224, 268, 112, -380, 
234, -14, -248, -109, 241, -131, 161, 68, 229, 268, 112, -380, 
244, -14, -258, -114, 251, -136, 170, 78, 229, 283, 117, -366, 
253, -14, -268, -119, 261, -141, 175, 82, 229, 283, 126, -361, 
258, -14, -273, -122, 265, -143, 175, 82, 234, 283, 131, -361, 
268, -14, -283, -126, 275, -148, 175, 87, 234, 283, 141, -361, 
268, -29, -297, -119, 283, -163, 185, 97, 229, 283, 131, -370, 
273, -34, -307, -119, 290, -170, 190, 97, 224, 283, 131, -370, 
278, -34, -312, -122, 295, -173, 190, 107, 224, 283, 131, -370, 
283, -29, -312, -126, 297, -170, 190, 107, 229, 287, 131, -361, 
273, -19, -292, -126, 283, -156, 190, 126, 229, 278, 131, -370, 
273, -29, -302, -122, 287, -165, 195, 126, 229, 278, 131, -375, 
273, -29, -302, -122, 287, -165, 195, 126, 229, 278, 131, -375, 
268, -34, -302, -117, 285, -168, 209, 126, 234, 278, 131, -370, 
248, -43, -292, -102, 270, -168, 214, 122, 234, 287, 131, -370, 
244, -43, -287, -100, 265, -165, 219, 122, 239, 287, 131, -375, 
239, -48, -287, -95, 263, -168, 224, 126, 239, 287, 131, -380, 
234, -48, -283, -92, 258, -165, 229, 126, 239, 292, 131, -380, 
239, -58, -297, -90, 268, -178, 239, 136, 239, 283, 126, -390, 
234, -73, -307, -80, 270, -190, 248, 146, 234, 278, 112, -405, 
234, -87, -322, -73, 278, -204, 248, 146, 224, 263, 97, -414, 
234, -97, -331, -68, 283, -214, 253, 151, 214, 258, 82, -424, 
219, -107, -326, -56, 273, -217, 248, 151, 209, 253, 82, -419, 
219, -112, -331, -53, 275, -222, 253, 151, 200, 248, 82, -424, 
219, -122, -341, -48, 280, -231, 253, 151, 200, 239, 78, -429, 
209, -131, -341, -39, 275, -236, 253, 151, 195, 229, 78, -439, 
219, -126, -346, -46, 283, -236, 268, 141, 195, 214, 73, -439, 
224, -126, -351, -48, 287, -239, 268, 141, 195, 214, 73, -439, 
224, -126, -351, -48, 287, -239, 268, 141, 195, 214, 68, -439, 
219, -126, -346, -46, 283, -236, 268, 141, 195, 219, 68, -439, 
219, -131, -351, -43, 285, -241, 278, 151, 195, 229, 78, -439, 
219, -131, -351, -43, 285, -241, 278, 151, 195, 234, 78, -444, 
219, -131, -351, -43, 285, -241, 278, 151, 195, 234, 78, -444, 
224, -131, -356, -46, 290, -244, 278, 151, 195, 234, 78, -439, 
224, -141, -366, -41, 295, -253, 268, 151, 200, 224, 78, -439, 
219, -141, -361, -39, 290, -251, 273, 151, 200, 219, 73, -439, 
219, -146, -366, -36, 292, -256, 273, 151, 200, 219, 73, -444, 
224, -146, -370, -39, 297, -258, 273, 156, 195, 219, 73, -444, 
224, -151, -375, -36, 300, -263, 283, 165, 204, 224, 82, -434, 
224, -151, -375, -36, 300, -263, 283, 165, 204, 229, 82, -434, 
219, -156, -375, -31, 297, -265, 283, 165, 209, 239, 82, -434, 
219, -156, -375, -31, 297, -265, 283, 165, 209, 244, 82, -434, 
219, -146, -366, -36, 292, -256, 283, 161, 209, 244, 92, -434, 
219, -146, -366, -36, 292, -256, 283, 161, 209, 244, 92, -434, 
219, -146, -366, -36, 292, -256, 287, 161, 204, 244, 87, -434, 
219, -146, -366, -36, 292, -256, 287, 161, 204, 244, 87, -434, 
219, -146, -366, -36, 292, -256, 287, 170, 209, 234, 92, -429, 
219, -146, -366, -36, 292, -256, 287, 170, 209, 234, 92, -429, 
219, -146, -366, -36, 292, -256, 287, 170, 209, 234, 92, -429, 
219, -141, -361, -39, 290, -251, 287, 170, 209, 234, 92, -429, 
219, -131, -351, -43, 285, -241, 287, 170, 209, 224, 92, -439, 
219, -131, -351, -43, 285, -241, 287, 170, 219, 234, 87, -439, 
219, -131, -351, -43, 285, -241, 287, 170, 219, 234, 82, -439, 
219, -131, -351, -43, 285, -241, 292, 170, 219, 234, 78, -439, 
219, -131, -351, -43, 285, -241, 292, 170, 219, 234, 78, -439, 
219, -131, -351, -43, 285, -241, 292, 170, 219, 234, 78, -439, 
224, -131, -356, -46, 290, -244, 292, 170, 224, 239, 82, -439, 
224, -131, -356, -46, 290, -244, 292, 180, 229, 239, 82, -439, 
214, -141, -356, -36, 285, -248, 297, 180, 234, 248, 87, -444, 
214, -151, -366, -31, 290, -258, 307, 190, 234, 248, 87, -448, 
224, -156, -380, -34, 302, -268, 317, 219, 244, 248, 78, -448, 
244, -175, -419, -34, 331, -297, 341, 268, 258, 258, 68, -458, 
248, -209, -458, -19, 353, -334, 375, 326, 287, 258, 68, -468, 
248, -229, -478, -9, 363, -353, 395, 361, 307, 258, 63, -488, 
268, -229, -497, -19, 383, -363, 405, 390, 346, 273, 63, -488, 
297, -200, -497, -48, 397, -348, 419, 424, 409, 307, 68, -483, 
307, -161, -468, -73, 387, -314, 434, 453, 507, 370, 97, -473, 
326, -112, -439, -107, 383, -275, 434, 473, 614, 458, 156, -448, 
380, -48, -429, -165, 405, -239, 444, 522, 751, 585, 244, -380, 
463, 48, -414, -256, 439, -183, 429, 566, 888, 732, 366, -292, 
517, 175, -341, -346, 429, -82, 380, 551, 1019, 897, 522, -180, 
551, 331, -219, -441, 385, 56, 283, 444, 1132, 1107, 722, -14, 
585, 531, -53, -558, 319, 239, 136, 268, 1200, 1332, 966, 185, 
639, 741, 102, -690, 268, 422, -39, 73, 1239, 1546, 1205, 385, 
692, 912, 219, -802, 236, 566, -190, -102, 1254, 1727, 1400, 566, 
712, 1039, 326, -875, 192, 683, -312, -253, 1268, 1883, 1561, 707, 
717, 1161, 444, -939, 136, 802, -439, -414, 1249, 2005, 1688, 829, 
688, 1312, 624, -1000, 31, 968, -590, -634, 1200, 2113, 1820, 951, 
590, 1429, 839, -1010, -124, 1134, -712, -873, 1112, 2137, 1878, 1034, 
463, 1361, 897, -912, -217, 1129, -702, -976, 907, 1932, 1732, 951, 
351, 1102, 751, -727, -200, 927, -600, -927, 566, 1503, 1390, 722, 
248, 814, 566, -531, -158, 690, -531, -868, 161, 995, 990, 463, 
122, 629, 507, -375, -192, 568, -488, -854, -253, 473, 624, 244, 
4, 497, 492, -251, -244, 495, -424, -854, -673, -14, 317, 68, 
-63, 395, 458, -165, -261, 427, -385, -824, -961, -326, 122, -58, 
-78, 302, 380, -112, -229, 341, -356, -785, -1073, -434, 34, -136, 
-43, 234, 278, -95, -161, 256, -336, -741, -1029, -434, 0, -180, 
14, 175, 161, -95, -73, 168, -307, -663, -912, -380, -4, -214, 
68, 117, 48, -92, 9, 82, -283, -585, -775, -312, -4, -234, 
73, 63, -9, -68, 41, 26, -244, -517, -644, -229, 4, -263, 
92, 29, -63, -61, 78, -17, -200, -434, -527, -146, 29, -283, 
126, 29, -97, -78, 112, -34, -146, -336, -414, -68, 48, -302, 
151, 24, -126, -87, 139, -51, -82, -234, -297, -4, 78, -307, 
151, 4, -146, -78, 148, -70, -9, -146, -209, 39, 87, -326, 
161, -19, -180, -70, 170, -100, 68, -63, -131, 82, 97, -341, 
170, -34, -204, -68, 187, -119, 131, -9, -48, 126, 102, -351, 
170, -39, -209, -65, 190, -124, 161, 14, 43, 156, 102, -366, 
170, -53, -224, -58, 197, -139, 185, 34, 107, 190, 102, -366, 
175, -73, -248, -51, 212, -161, 204, 63, 161, 209, 107, -375, 
195, -73, -268, -61, 231, -170, 204, 87, 190, 229, 122, -375, 
214, -63, -278, -75, 246, -170, 214, 107, 219, 248, 136, -366, 
229, -63, -292, -82, 261, -178, 234, 146, 239, 268, 136, -375, 
224, -63, -287, -80, 256, -175, 258, 170, 248, 287, 151, -375, 
239, -63, -302, -87, 270, -183, 273, 200, 263, 312, 170, -366, 
239, -68, -307, -85, 273, -187, 302, 229, 278, 322, 170, -370, 
234, -82, -317, -75, 275, -200, 312, 234, 283, 312, 161, -385, 
234, -87, -322, -73, 278, -204, 322, 239, 297, 317, 161, -385, 
239, -92, -331, -73, 285, -212, 336, 248, 322, 322, 161, -370, 
253, -112, -366, -70, 309, -239, 326, 248, 326, 312, 141, -390, 
244, -112, -356, -65, 300, -234, 322, 239, 336, 312, 136, -395, 
244, -112, -356, -65, 300, -234, 317, 239, 341, 312, 136, -395, 
248, -117, -366, -65, 307, -241, 312, 248, 341, 317, 136, -395, 
248, -117, -366, -65, 307, -241, 312, 253, 336, 322, 131, -400, 
263, -112, -375, -75, 319, -244, 317, 273, 326, 322, 141, -409, 
263, -107, -370, -78, 317, -239, 322, 278, 336, 326, 146, -409, 
263, -102, -366, -80, 314, -234, 326, 283, 341, 331, 146, -409, 
268, -97, -366, -85, 317, -231, 331, 283, 351, 331, 146, -405, 
258, -102, -361, -78, 309, -231, 336, 283, 366, 336, 146, -405, 
258, -102, -361, -78, 309, -231, 341, 287, 375, 341, 151, -405, 
263, -102, -366, -80, 314, -234, 341, 287, 375, 341, 151, -400, 
263, -97, -361, -82, 312, -229, 346, 287, 380, 341, 151, -400, 
263, -97, -361, -82, 312, -229, 346, 292, 380, 351, 165, -395, 
263, -97, -361, -82, 312, -229, 346, 292, 385, 361, 170, -390, 
263, -97, -361, -82, 312, -229, 346, 292, 390, 361, 175, -385, 
263, -92, -356, -85, 309, -224, 351, 292, 395, 366, 180, -375, 
268, -92, -361, -87, 314, -226, 341, 297, 385, 370, 185, -370, 
273, -92, -366, -90, 319, -229, 341, 297, 385, 370, 185, -370, 
273, -92, -366, -90, 319, -229, 341, 297, 395, 370, 185, -375, 
273, -92, -366, -90, 319, -229, 336, 297, 400, 375, 185, -375, 
283, -87, -370, -97, 326, -229, 336, 297, 409, 375, 190, -380, 
283, -78, -361, -102, 322, -219, 336, 297, 409, 380, 190, -380, 
283, -68, -351, -107, 317, -209, 336, 297, 414, 380, 190, -380, 
283, -63, -346, -109, 314, -204, 336, 297, 419, 390, 195, -380, 
283, -68, -351, -107, 317, -209, 336, 307, 409, 380, 195, -385, 
283, -63, -346, -109, 314, -204, 336, 307, 414, 385, 190, -385, 
283, -63, -346, -109, 314, -204, 336, 307, 419, 390, 190, -385, 
287, -63, -351, -112, 319, -207, 336, 312, 424, 390, 185, -380, 
287, -58, -346, -114, 317, -202, 336, 312, 429, 390, 195, -370, 
292, -53, -346, -119, 319, -200, 336, 312, 429, 395, 204, -370, 
292, -53, -346, -119, 319, -200, 336, 312, 434, 400, 204, -361, 
297, -53, -351, -122, 324, -202, 336, 312, 439, 405, 209, -361, 
297, -53, -351, -122, 324, -202, 336, 317, 444, 419, 214, -346, 
297, -53, -351, -122, 324, -202, 336, 317, 444, 419, 219, -346, 
302, -53, -356, -124, 329, -204, 331, 317, 444, 419, 224, -346, 
302, -48, -351, -126, 326, -200, 331, 317, 448, 424, 234, -341, 
302, -58, -361, -122, 331, -209, 331, 317, 444, 424, 229, -341, 
302, -53, -356, -124, 329, -204, 331, 317, 448, 429, 234, -341, 
302, -43, -346, -129, 324, -195, 331, 317, 453, 434, 239, -341, 
302, -43, -346, -129, 324, -195, 331, 317, 458, 439, 244, -341, 
307, -43, -351, -131, 329, -197, 326, 317, 463, 429, 239, -346, 
307, -39, -346, -134, 326, -192, 326, 317, 468, 439, 239, -341, 
307, -34, -341, -136, 324, -187, 326, 322, 473, 439, 239, -336, 
307, -34, -341, -136, 324, -187, 326, 322, 478, 453, 239, -336, 
297, -34, -331, -131, 314, -183, 331, 331, 492, 468, 253, -322, 
307, -34, -341, -136, 324, -187, 331, 331, 497, 473, 258, -317, 
307, -34, -341, -136, 324, -187, 326, 336, 502, 478, 258, -317, 
312, -24, -336, -143, 324, -180, 326, 336, 507, 483, 263, -317, 
326, -14, -341, -156, 334, -178, 317, 346, 507, 497, 278, -302, 
326, -4, -331, -161, 329, -168, 317, 346, 507, 502, 292, -292, 
331, -4, -336, -163, 334, -170, 312, 346, 507, 507, 307, -283, 
331, 0, -331, -165, 331, -165, 312, 346, 517, 517, 326, -278, 
331, 9, -322, -170, 326, -156, 317, 346, 531, 517, 326, -278, 
336, 14, -322, -175, 329, -153, 317, 351, 541, 527, 326, -273, 
336, 14, -322, -175, 329, -153, 317, 351, 546, 531, 331, -268, 
346, 24, -322, -185, 334, -148, 312, 351, 556, 546, 331, -263, 
351, 34, -317, -192, 334, -141, 297, 351, 551, 556, 336, -258, 
351, 43, -307, -197, 329, -131, 292, 351, 556, 566, 346, -248, 
351, 53, -297, -202, 324, -122, 292, 351, 561, 575, 356, -244, 
361, 58, -302, -209, 331, -122, 292, 351, 575, 585, 366, -239, 
366, 68, -297, -217, 331, -114, 287, 341, 575, 580, 375, -239, 
370, 73, -297, -222, 334, -112, 283, 346, 575, 590, 380, -229, 
370, 87, -283, -229, 326, -97, 278, 346, 585, 610, 385, -224, 
370, 97, -273, -234, 322, -87, 278, 346, 595, 619, 395, -219, 
375, 107, -268, -241, 322, -80, 283, 351, 605, 634, 405, -214, 
380, 107, -273, -244, 326, -82, 278, 356, 614, 639, 405, -204, 
380, 117, -263, -248, 322, -73, 273, 361, 619, 653, 414, -204, 
385, 126, -258, -256, 322, -65, 273, 361, 624, 663, 434, -190, 
390, 141, -248, -265, 319, -53, 258, 351, 644, 683, 453, -170, 
395, 156, -239, -275, 317, -41, 253, 351, 649, 697, 463, -165, 
400, 165, -234, -283, 317, -34, 248, 346, 658, 712, 473, -156, 
405, 180, -224, -292, 314, -21, 244, 346, 663, 727, 492, -146, 
419, 185, -234, -302, 326, -24, 239, 346, 678, 751, 517, -131, 
424, 190, -234, -307, 329, -21, 234, 346, 683, 766, 536, -117, 
424, 204, -219, -314, 322, -7, 224, 346, 692, 780, 551, -97, 
429, 219, -209, -324, 319, 4, 214, 346, 702, 795, 575, -82, 
444, 239, -204, -341, 324, 17, 200, 331, 692, 805, 575, -78, 
448, 248, -200, -348, 324, 24, 190, 326, 697, 810, 585, -73, 
453, 263, -190, -358, 322, 36, 185, 326, 707, 814, 595, -63, 
458, 268, -190, -363, 324, 39, 180, 322, 722, 824, 600, -53, 
453, 278, -175, -366, 314, 51, 180, 307, 717, 834, 614, -34, 
453, 283, -170, -368, 312, 56, 175, 302, 717, 844, 619, -24, 
458, 302, -156, -380, 307, 73, 170, 297, 717, 849, 629, -19, 
463, 317, -146, -390, 305, 85, 165, 297, 722, 858, 639, -14, 
463, 307, -156, -385, 309, 75, 161, 302, 736, 873, 653, -4, 
463, 312, -151, -387, 307, 80, 161, 297, 741, 883, 663, 4, 
463, 317, -146, -390, 305, 85, 161, 292, 741, 893, 673, 9, 
468, 312, -156, -390, 312, 78, 161, 287, 741, 897, 673, 14, 
468, 312, -156, -390, 312, 78, 146, 287, 741, 902, 683, 19, 
468, 317, -151, -392, 309, 82, 146, 283, 741, 902, 683, 24, 
473, 326, -146, -400, 309, 90, 146, 278, 741, 912, 697, 29, 
473, 331, -141, -402, 307, 95, 141, 273, 741, 912, 697, 34, 
468, 331, -136, -400, 302, 97, 136, 268, 736, 902, 688, 34, 
468, 336, -131, -402, 300, 102, 136, 263, 736, 902, 692, 39, 
463, 336, -126, -400, 295, 104, 136, 253, 732, 902, 692, 39, 
463, 331, -131, -397, 297, 100, 131, 253, 722, 893, 688, 29, 
453, 331, -122, -392, 287, 104, 141, 248, 722, 897, 683, 29, 
448, 331, -117, -390, 283, 107, 136, 244, 712, 897, 678, 24, 
448, 336, -112, -392, 280, 112, 136, 244, 702, 883, 663, 19, 
444, 331, -112, -387, 278, 109, 136, 239, 692, 873, 653, 14, 
429, 317, -112, -373, 270, 102, 146, 234, 697, 858, 653, 4, 
424, 307, -117, -366, 270, 95, 146, 229, 683, 844, 634, -4, 
414, 292, -122, -353, 268, 85, 151, 229, 673, 834, 619, -19, 
414, 278, -136, -346, 275, 70, 161, 224, 658, 810, 600, -39, 
405, 253, -151, -329, 278, 51, 175, 229, 658, 800, 600, -43, 
400, 239, -161, -319, 280, 39, 185, 234, 639, 780, 580, -58, 
385, 214, -170, -300, 278, 21, 190, 239, 624, 756, 551, -78, 
380, 195, -185, -287, 283, 4, 204, 248, 605, 736, 536, -87, 
370, 180, -190, -275, 280, -4, 209, 239, 590, 707, 502, -112, 
361, 170, -190, -265, 275, -9, 219, 239, 580, 683, 473, -126, 
346, 146, -200, -246, 273, -26, 229, 239, 561, 658, 453, -151, 
336, 126, -209, -231, 273, -41, 229, 234, 551, 639, 434, -165, 
336, 102, -234, -219, 285, -65, 244, 239, 522, 600, 409, -175, 
331, 92, -239, -212, 285, -73, 248, 244, 512, 575, 390, -185, 
317, 68, -248, -192, 283, -90, 258, 248, 497, 556, 375, -190, 
312, 48, -263, -180, 287, -107, 263, 253, 483, 531, 361, -204, 
297, 48, -248, -173, 273, -100, 278, 258, 478, 527, 341, -219, 
292, 24, -268, -158, 280, -122, 287, 258, 468, 517, 331, -234, 
287, 14, -273, -151, 280, -129, 287, 258, 458, 507, 312, -248, 
283, 4, -278, -143, 280, -136, 292, 258, 453, 497, 297, -263, 
283, -4, -287, -139, 285, -146, 302, 248, 444, 473, 287, -278, 
283, -9, -292, -136, 287, -151, 307, 253, 429, 463, 273, -283, 
278, -14, -292, -131, 285, -153, 307, 253, 419, 448, 268, -292, 
273, -14, -287, -129, 280, -151, 312, 253, 409, 429, 253, -302, 
263, -29, -292, -117, 278, -161, 326, 263, 400, 424, 253, -302, 
253, -43, -297, -104, 275, -170, 326, 263, 390, 424, 244, -302, 
253, -63, -317, -95, 285, -190, 331, 263, 390, 424, 244, -312, 
253, -73, -326, -90, 290, -200, 336, 263, 380, 424, 234, -317, 
244, -78, -322, -82, 283, -200, 341, 263, 385, 405, 224, -317, 
244, -82, -326, -80, 285, -204, 341, 263, 375, 400, 224, -317, 
239, -92, -331, -73, 285, -212, 341, 263, 375, 395, 219, -322, 
239, -92, -331, -73, 285, -212, 341, 263, 370, 395, 214, -322, 
239, -82, -322, -78, 280, -202, 346, 253, 366, 375, 204, -336, 
239, -87, -326, -75, 283, -207, 346, 253, 356, 370, 200, -341, 
239, -87, -326, -75, 283, -207, 346, 253, 351, 366, 195, -346, 
239, -92, -331, -73, 285, -212, 351, 253, 341, 361, 190, -346, 
229, -97, -326, -65, 278, -212, 351, 263, 341, 370, 190, -351, 
229, -97, -326, -65, 278, -212, 351, 263, 336, 370, 185, -351, 
224, -102, -326, -61, 275, -214, 351, 263, 331, 366, 185, -351, 
224, -102, -326, -61, 275, -214, 351, 263, 331, 366, 180, -351, 
239, -97, -336, -70, 287, -217, 356, 253, 336, 361, 190, -351, 
239, -97, -336, -70, 287, -217, 356, 253, 336, 361, 190, -356, 
239, -102, -341, -68, 290, -222, 361, 253, 331, 361, 190, -356, 
239, -107, -346, -65, 292, -226, 361, 253, 331, 366, 190, -356, 
234, -107, -341, -63, 287, -224, 361, 253, 331, 356, 175, -356, 
234, -107, -341, -63, 287, -224, 361, 253, 322, 356, 175, -356, 
234, -107, -341, -63, 287, -224, 361, 253, 322, 351, 175, -356, 
234, -107, -341, -63, 287, -224, 361, 253, 322, 346, 175, -356, 
234, -112, -346, -61, 290, -229, 361, 258, 322, 341, 165, -366, 
234, -112, -346, -61, 290, -229, 361, 263, 326, 341, 161, -366, 
234, -112, -346, -61, 290, -229, 361, 268, 331, 341, 156, -366, 
234, -112, -346, -61, 290, -229, 366, 268, 336, 341, 156, -366, 
224, -112, -336, -56, 280, -224, 375, 268, 336, 346, 170, -361, 
224, -117, -341, -53, 283, -229, 375, 268, 336, 351, 175, -356, 
224, -122, -346, -51, 285, -234, 375, 268, 341, 356, 180, -351, 
224, -126, -351, -48, 287, -239, 375, 273, 341, 370, 185, -346, 
224, -136, -361, -43, 292, -248, 375, 273, 346, 366, 175, -341, 
224, -136, -361, -43, 292, -248, 375, 273, 346, 366, 175, -341, 
224, -136, -361, -43, 292, -248, 375, 273, 346, 366, 175, -341, 
229, -136, -366, -46, 297, -251, 375, 273, 346, 361, 175, -341, 
229, -136, -366, -46, 297, -251, 366, 273, 336, 351, 170, -351, 
224, -136, -361, -43, 292, -248, 366, 273, 336, 351, 170, -351, 
224, -136, -361, -43, 292, -248, 366, 273, 336, 351, 170, -351, 
229, -131, -361, -48, 295, -246, 370, 273, 336, 346, 170, -351, 
239, -131, -370, -53, 305, -251, 370, 283, 326, 346, 170, -361, 
239, -136, -375, -51, 307, -256, 370, 283, 326, 346, 170, -361, 
239, -136, -375, -51, 307, -256, 370, 283, 326, 346, 170, -361, 
239, -131, -370, -53, 305, -251, 370, 283, 331, 346, 170, -361, 
229, -131, -361, -48, 295, -246, 370, 278, 331, 361, 170, -356, 
229, -131, -361, -48, 295, -246, 370, 273, 331, 361, 175, -351, 
229, -131, -361, -48, 295, -246, 370, 268, 331, 361, 180, -346, 
229, -136, -366, -46, 297, -251, 370, 263, 331, 356, 185, -346, 
219, -131, -351, -43, 285, -241, 380, 273, 336, 356, 185, -336, 
219, -131, -351, -43, 285, -241, 380, 273, 336, 361, 185, -336, 
219, -131, -351, -43, 285, -241, 380, 273, 341, 361, 190, -336, 
219, -131, -351, -43, 285, -241, 380, 273, 341, 356, 190, -336, 
224, -122, -346, -51, 285, -234, 375, 273, 331, 346, 185, -346, 
224, -126, -351, -48, 287, -239, 375, 273, 331, 351, 185, -346, 
229, -126, -356, -51, 292, -241, 375, 273, 331, 351, 180, -346, 
234, -126, -361, -53, 297, -244, 375, 273, 331, 351, 175, -346, 
224, -117, -341, -53, 283, -229, 375, 273, 341, 356, 185, -341, 
224, -117, -341, -53, 283, -229, 370, 273, 341, 361, 185, -336, 
224, -117, -341, -53, 283, -229, 370, 273, 341, 366, 185, -331, 
224, -117, -341, -53, 283, -229, 370, 273, 346, 370, 185, -326, 
234, -122, -356, -56, 295, -239, 380, 283, 336, 375, 190, -317, 
234, -126, -361, -53, 297, -244, 380, 283, 336, 375, 195, -317, 
234, -131, -366, -51, 300, -248, 380, 283, 336, 375, 200, -317, 
234, -136, -370, -48, 302, -253, 380, 283, 331, 375, 204, -317, 
224, -126, -351, -48, 287, -239, 370, 273, 331, 370, 185, -331, 
224, -122, -346, -51, 285, -234, 370, 273, 331, 356, 175, -336, 
224, -122, -346, -51, 285, -234, 370, 273, 331, 351, 170, -341, 
224, -122, -346, -51, 285, -234, 370, 273, 331, 346, 165, -346, 
224, -122, -346, -51, 285, -234, 380, 273, 331, 351, 180, -336, 
224, -126, -351, -48, 287, -239, 380, 273, 331, 361, 185, -326, 
224, -126, -351, -48, 287, -239, 380, 273, 331, 366, 190, -322, 
224, -126, -351, -48, 287, -239, 380, 273, 331, 370, 195, -317, 
224, -136, -361, -43, 292, -248, 390, 283, 341, 380, 204, -312, 
224, -136, -361, -43, 292, -248, 390, 283, 341, 380, 209, -307, 
224, -136, -361, -43, 292, -248, 390, 283, 341, 380, 209, -302, 
224, -136, -361, -43, 292, -248, 390, 283, 341, 375, 204, -302, 
224, -126, -351, -48, 287, -239, 380, 273, 331, 361, 190, -307, 
224, -126, -351, -48, 287, -239, 380, 273, 331, 361, 185, -307, 
224, -126, -351, -48, 287, -239, 380, 273, 331, 366, 180, -312, 
224, -126, -351, -48, 287, -239, 380, 273, 331, 366, 175, -317, 
224, -126, -351, -48, 287, -239, 380, 278, 331, 370, 190, -317, 
224, -126, -351, -48, 287, -239, 380, 278, 331, 366, 190, -317, 
224, -126, -351, -48, 287, -239, 380, 278, 326, 361, 190, -312, 
224, -126, -351, -48, 287, -239, 380, 283, 326, 356, 190, -312, 
224, -126, -351, -48, 287, -239, 380, 273, 326, 351, 175, -322, 
224, -122, -346, -51, 285, -234, 380, 273, 326, 351, 175, -322, 
224, -122, -346, -51, 285, -234, 380, 273, 326, 351, 175, -326, 
224, -122, -346, -51, 285, -234, 380, 273, 322, 351, 175, -326, 
224, -122, -346, -51, 285, -234, 380, 268, 326, 361, 175, -317, 
224, -122, -346, -51, 285, -234, 380, 268, 326, 361, 175, -326, 
224, -126, -351, -48, 287, -239, 380, 268, 326, 356, 170, -326, 
224, -126, -351, -48, 287, -239, 380, 268, 326, 356, 165, -326, 
224, -136, -361, -43, 292, -248, 390, 273, 336, 366, 180, -317, 
224, -136, -361, -43, 292, -248, 390, 273, 331, 366, 185, -312, 
224, -136, -361, -43, 292, -248, 390, 278, 331, 366, 190, -312, 
224, -136, -361, -43, 292, -248, 390, 283, 331, 366, 195, -317, 
214, -136, -351, -39, 283, -244, 390, 283, 322, 356, 190, -317, 
214, -141, -356, -36, 285, -248, 390, 283, 317, 356, 185, -317, 
214, -141, -356, -36, 285, -248, 390, 283, 317, 356, 175, -317, 
214, -141, -356, -36, 285, -248, 390, 283, 317, 356, 170, -317, 
214, -136, -351, -39, 283, -244, 390, 273, 307, 346, 170, -326, 
209, -136, -346, -36, 278, -241, 390, 273, 307, 346, 165, -326, 
209, -136, -346, -36, 278, -241, 390, 273, 307, 341, 161, -326, 
209, -141, -351, -34, 280, -246, 390, 273, 307, 341, 156, -326, 
214, -131, -346, -41, 280, -239, 390, 268, 317, 356, 161, -326, 
214, -131, -346, -41, 280, -239, 390, 268, 317, 356, 161, -326, 
214, -131, -346, -41, 280, -239, 390, 268, 312, 351, 165, -326, 
214, -131, -346, -41, 280, -239, 395, 268, 312, 351, 170, -326, 
214, -141, -356, -36, 285, -248, 385, 278, 312, 346, 170, -326, 
214, -141, -356, -36, 285, -248, 385, 278, 312, 346, 170, -326, 
214, -141, -356, -36, 285, -248, 385, 278, 312, 341, 165, -331, 
214, -141, -356, -36, 285, -248, 385, 278, 312, 341, 165, -331, 
214, -146, -361, -34, 287, -253, 385, 278, 302, 351, 156, -326, 
214, -141, -356, -36, 285, -248, 385, 278, 307, 351, 161, -326, 
214, -131, -346, -41, 280, -239, 385, 278, 307, 351, 165, -326, 
214, -126, -341, -43, 278, -234, 385, 278, 307, 351, 165, -326, 
204, -146, -351, -29, 278, -248, 395, 268, 307, 351, 170, -322, 
204, -151, -356, -26, 280, -253, 395, 268, 307, 351, 170, -322, 
204, -156, -361, -24, 283, -258, 395, 268, 302, 346, 170, -326, 
204, -156, -361, -24, 283, -258, 395, 268, 302, 346, 165, -331, 
204, -151, -356, -26, 280, -253, 395, 278, 312, 356, 175, -326, 
204, -146, -351, -29, 278, -248, 395, 278, 312, 356, 175, -326, 
204, -141, -346, -31, 275, -244, 395, 278, 312, 356, 170, -322, 
204, -136, -341, -34, 273, -239, 395, 273, 312, 356, 170, -317, 
204, -146, -351, -29, 278, -248, 395, 273, 312, 346, 161, -326, 
204, -146, -351, -29, 278, -248, 395, 273, 312, 346, 161, -326, 
204, -146, -351, -29, 278, -248, 395, 273, 307, 346, 161, -326, 
204, -146, -351, -29, 278, -248, 395, 273, 302, 346, 161, -326, 
204, -156, -361, -24, 283, -258, 405, 278, 302, 356, 165, -326, 
204, -161, -366, -21, 285, -263, 405, 278, 307, 361, 170, -322, 
204, -161, -366, -21, 285, -263, 405, 278, 307, 361, 175, -312, 
204, -161, -366, -21, 285, -263, 405, 278, 307, 361, 180, -307, 
195, -161, -356, -17, 275, -258, 405, 278, 307, 351, 170, -307, 
195, -161, -356, -17, 275, -258, 405, 278, 307, 356, 170, -307, 
195, -161, -356, -17, 275, -258, 405, 278, 307, 356, 170, -307, 
195, -161, -356, -17, 275, -258, 405, 278, 307, 351, 170, -307, 
204, -151, -356, -26, 280, -253, 400, 287, 302, 351, 170, -307, 
204, -151, -356, -26, 280, -253, 400, 287, 302, 351, 170, -307, 
204, -151, -356, -26, 280, -253, 395, 283, 307, 351, 170, -307, 
204, -151, -356, -26, 280, -253, 395, 283, 307, 351, 170, -307, 
204, -151, -356, -26, 280, -253, 405, 283, 307, 361, 170, -307, 
204, -156, -361, -24, 283, -258, 405, 283, 307, 361, 165, -307, 
204, -156, -361, -24, 283, -258, 405, 283, 312, 361, 165, -312, 
204, -156, -361, -24, 283, -258, 405, 283, 312, 361, 165, -312, 
195, -156, -351, -19, 273, -253, 395, 278, 302, 351, 156, -317, 
195, -156, -351, -19, 273, -253, 395, 278, 302, 351, 151, -317, 
195, -151, -346, -21, 270, -248, 395, 278, 307, 351, 151, -317, 
195, -151, -346, -21, 270, -248, 400, 278, 307, 351, 151, -317, 
204, -141, -346, -31, 275, -244, 400, 287, 307, 341, 151, -322, 
204, -146, -351, -29, 278, -248, 400, 287, 307, 341, 146, -322, 
204, -146, -351, -29, 278, -248, 400, 287, 307, 341, 141, -322, 
204, -146, -351, -29, 278, -248, 400, 287, 307, 341, 136, -322, 
204, -146, -351, -29, 278, -248, 400, 287, 307, 351, 151, -317, 
204, -151, -356, -26, 280, -253, 400, 287, 302, 351, 156, -312, 
204, -156, -361, -24, 283, -258, 400, 287, 302, 351, 161, -307, 
204, -161, -366, -21, 285, -263, 400, 287, 307, 351, 165, -302, 
195, -151, -346, -21, 270, -248, 400, 278, 307, 361, 161, -302, 
195, -151, -346, -21, 270, -248, 400, 278, 307, 366, 161, -302, 
195, -151, -346, -21, 270, -248, 400, 278, 307, 366, 161, -302, 
195, -151, -346, -21, 270, -248, 400, 278, 307, 366, 161, -302, 
204, -161, -366, -21, 285, -263, 409, 283, 317, 370, 170, -292, 
204, -156, -361, -24, 283, -258, 409, 283, 317, 370, 165, -292, 
204, -156, -361, -24, 283, -258, 409, 283, 312, 370, 165, -292, 
204, -156, -361, -24, 283, -258, 409, 283, 312, 370, 165, -287, 
195, -165, -361, -14, 278, -263, 409, 283, 312, 370, 175, -287, 
195, -165, -361, -14, 278, -263, 409, 283, 312, 370, 180, -287, 
195, -165, -361, -14, 278, -263, 405, 283, 312, 375, 180, -287, 
195, -161, -356, -17, 275, -258, 405, 283, 312, 375, 180, -287, 
195, -161, -356, -17, 275, -258, 405, 283, 302, 370, 165, -292, 
195, -161, -356, -17, 275, -258, 405, 283, 302, 361, 161, -297, 
195, -161, -356, -17, 275, -258, 405, 283, 302, 356, 151, -302, 
195, -161, -356, -17, 275, -258, 405, 283, 302, 351, 146, -307, 
185, -161, -346, -12, 265, -253, 405, 283, 307, 356, 156, -307, 
185, -161, -346, -12, 265, -253, 405, 283, 307, 361, 156, -307, 
185, -161, -346, -12, 265, -253, 405, 283, 307, 366, 156, -307, 
185, -161, -346, -12, 265, -253, 405, 283, 307, 370, 161, -307, 
195, -151, -346, -21, 270, -248, 405, 283, 307, 375, 151, -297, 
195, -151, -346, -21, 270, -248, 405, 283, 307, 375, 151, -297, 
195, -146, -341, -24, 268, -244, 405, 283, 307, 370, 151, -297, 
195, -146, -341, -24, 268, -244, 405, 283, 307, 370, 151, -297, 
195, -141, -336, -26, 265, -239, 405, 283, 312, 370, 151, -297, 
195, -136, -331, -29, 263, -234, 405, 283, 317, 370, 151, -297, 
195, -131, -326, -31, 261, -229, 405, 278, 322, 370, 151, -297, 
195, -126, -322, -34, 258, -224, 400, 278, 326, 375, 151, -297, 
209, -112, -322, -48, 265, -217, 409, 283, 336, 390, 161, -287, 
204, -107, -312, -48, 258, -209, 409, 283, 341, 409, 165, -283, 
195, -107, -302, -43, 248, -204, 409, 283, 341, 400, 170, -283, 
195, -107, -302, -43, 248, -204, 409, 283, 341, 400, 175, -283, 
195, -107, -302, -43, 248, -204, 409, 283, 341, 400, 180, -283, 
195, -107, -302, -43, 248, -204, 409, 283, 341, 400, 185, -283, 
195, -102, -297, -46, 246, -200, 419, 292, 356, 409, 185, -287, 
195, -102, -297, -46, 246, -200, 419, 292, 361, 414, 185, -287, 
195, -102, -297, -46, 246, -200, 419, 292, 361, 414, 190, -287, 
195, -97, -292, -48, 244, -195, 419, 292, 361, 414, 190, -287, 
195, -97, -292, -48, 244, -195, 409, 292, 356, 409, 195, -283, 
200, -92, -292, -53, 246, -192, 409, 292, 356, 409, 195, -278, 
200, -87, -287, -56, 244, -187, 409, 292, 351, 405, 195, -273, 
204, -87, -292, -58, 248, -190, 409, 292, 351, 405, 195, -268, 
195, -87, -283, -53, 239, -185, 405, 283, 361, 405, 190, -268, 
200, -78, -278, -61, 239, -178, 400, 283, 361, 405, 190, -263, 
200, -78, -278, -61, 239, -178, 395, 283, 361, 405, 185, -263, 
200, -82, -283, -58, 241, -183, 395, 283, 361, 400, 180, -268, 
200, -82, -283, -58, 241, -183, 395, 287, 370, 409, 190, -268, 
195, -82, -278, -56, 236, -180, 385, 278, 366, 409, 190, -263, 
195, -82, -278, -56, 236, -180, 380, 273, 361, 409, 190, -263, 
195, -82, -278, -56, 236, -180, 375, 263, 361, 405, 185, -258, 
204, -82, -287, -61, 246, -185, 380, 244, 361, 409, 190, -248, 
204, -82, -287, -61, 246, -185, 370, 239, 361, 414, 204, -248, 
204, -82, -287, -61, 246, -185, 366, 234, 356, 419, 209, -248, 
204, -82, -287, -61, 246, -185, 361, 234, 346, 424, 209, -248, 
195, -73, -268, -61, 231, -170, 346, 234, 341, 419, 200, -244, 
195, -73, -268, -61, 231, -170, 346, 234, 341, 414, 200, -244, 
195, -73, -268, -61, 231, -170, 346, 234, 336, 409, 200, -244, 
195, -73, -268, -61, 231, -170, 346, 234, 336, 405, 200, -244, 
200, -63, -263, -68, 231, -163, 336, 234, 336, 409, 190, -244, 
214, -63, -278, -75, 246, -170, 341, 239, 336, 409, 195, -244, 
224, -63, -287, -80, 256, -175, 341, 239, 341, 409, 195, -248, 
239, -63, -302, -87, 270, -183, 341, 244, 341, 409, 200, -253, 
234, -82, -317, -75, 275, -200, 351, 244, 336, 419, 214, -244, 
234, -92, -326, -70, 280, -209, 356, 244, 331, 419, 219, -234, 
234, -97, -331, -68, 283, -214, 356, 253, 331, 419, 224, -224, 
234, -97, -331, -68, 283, -214, 356, 253, 336, 424, 229, -204, 
224, -87, -312, -68, 268, -200, 366, 263, 336, 414, 219, -214, 
224, -97, -322, -63, 273, -209, 370, 263, 336, 414, 219, -219, 
224, -97, -322, -63, 273, -209, 370, 263, 336, 414, 219, -219, 
219, -102, -322, -58, 270, -212, 385, 263, 341, 414, 219, -214, 
219, -92, -312, -63, 265, -202, 390, 278, 341, 414, 214, -219, 
214, -92, -307, -61, 261, -200, 395, 278, 346, 414, 209, -229, 
209, -97, -307, -56, 258, -202, 400, 283, 346, 414, 204, -239, 
204, -97, -302, -53, 253, -200, 405, 283, 346, 419, 200, -244, 
190, -102, -292, -43, 241, -197, 414, 283, 346, 429, 204, -239, 
185, -122, -307, -31, 246, -214, 424, 292, 341, 424, 200, -248, 
185, -141, -326, -21, 256, -234, 424, 292, 331, 409, 195, -253, 
185, -156, -341, -14, 263, -248, 429, 297, 322, 405, 190, -258, 
185, -165, -351, -9, 268, -258, 424, 287, 317, 400, 180, -263, 
190, -170, -361, -9, 275, -265, 429, 287, 307, 395, 180, -268, 
195, -180, -375, -7, 285, -278, 429, 287, 307, 385, 175, -273, 
190, -190, -380, 0, 285, -285, 429, 287, 302, 375, 175, -283, 
180, -195, -375, 7, 278, -285, 434, 287, 283, 361, 165, -283, 
185, -195, -380, 4, 283, -287, 434, 287, 283, 361, 161, -283, 
185, -195, -380, 4, 283, -287, 434, 287, 283, 361, 151, -283, 
180, -195, -375, 7, 278, -285, 434, 287, 283, 366, 146, -283, 
180, -195, -375, 7, 278, -285, 434, 287, 292, 356, 146, -283, 
180, -190, -370, 4, 275, -280, 434, 287, 292, 361, 146, -287, 
180, -185, -366, 2, 273, -275, 434, 287, 292, 361, 146, -287, 
185, -180, -366, -2, 275, -273, 434, 287, 292, 361, 146, -283, 
185, -180, -366, -2, 275, -273, 424, 287, 297, 366, 151, -283, 
180, -180, -361, 0, 270, -270, 429, 287, 297, 366, 151, -283, 
180, -185, -366, 2, 273, -275, 429, 287, 297, 370, 156, -287, 
185, -185, -370, 0, 278, -278, 429, 292, 292, 375, 161, -287, 
185, -180, -366, -2, 275, -273, 429, 302, 302, 375, 161, -278, 
185, -180, -366, -2, 275, -273, 429, 302, 302, 375, 161, -278, 
180, -185, -366, 2, 273, -275, 429, 302, 307, 380, 161, -278, 
180, -185, -366, 2, 273, -275, 429, 302, 307, 380, 161, -278, 
180, -175, -356, -2, 268, -265, 439, 307, 297, 370, 151, -287, 
180, -175, -356, -2, 268, -265, 439, 307, 297, 370, 151, -287, 
180, -175, -356, -2, 268, -265, 444, 307, 292, 370, 146, -287, 
180, -175, -356, -2, 268, -265, 444, 307, 292, 370, 146, -287, 
180, -185, -366, 2, 273, -275, 444, 297, 307, 380, 161, -283, 
180, -185, -366, 2, 273, -275, 444, 297, 307, 380, 161, -283, 
180, -185, -366, 2, 273, -275, 444, 297, 307, 380, 161, -283, 
180, -180, -361, 0, 270, -270, 444, 297, 307, 380, 161, -283, 
180, -180, -361, 0, 270, -270, 444, 307, 317, 390, 170, -278, 
180, -180, -361, 0, 270, -270, 444, 307, 326, 400, 175, -273, 
180, -180, -361, 0, 270, -270, 444, 307, 326, 400, 180, -268, 
180, -180, -361, 0, 270, -270, 448, 307, 326, 400, 185, -263, 
180, -165, -346, -7, 263, -256, 439, 297, 326, 409, 185, -263, 
180, -161, -341, -9, 261, -251, 439, 297, 326, 409, 185, -263, 
185, -156, -341, -14, 263, -248, 439, 297, 331, 414, 190, -263, 
185, -151, -336, -17, 261, -244, 439, 307, 336, 414, 190, -263, 
195, -170, -366, -12, 280, -268, 453, 307, 331, 405, 185, -258, 
185, -190, -375, 2, 280, -283, 463, 317, 331, 405, 175, -263, 
185, -204, -390, 9, 287, -297, 473, 356, 341, 405, 156, -283, 
214, -234, -448, 9, 331, -341, 497, 405, 356, 395, 126, -302, 
229, -239, -468, 4, 348, -353, 531, 444, 385, 405, 126, -302, 
239, -248, -488, 4, 363, -368, 541, 468, 424, 414, 122, -312, 
248, -248, -497, 0, 373, -373, 551, 497, 473, 429, 122, -331, 
248, -229, -478, -9, 363, -353, 556, 522, 556, 473, 146, -326, 
278, -170, -448, -53, 363, -309, 561, 531, 653, 556, 204, -287, 
307, -102, -409, -102, 358, -256, 551, 551, 780, 663, 283, -234, 
331, -29, -361, -151, 346, -195, 551, 600, 917, 800, 370, -165, 
385, 48, -336, -217, 361, -143, 536, 634, 1073, 966, 502, -78, 
439, 175, -263, -307, 351, -43, 478, 600, 1215, 1151, 668, 43, 
492, 380, -112, -436, 302, 134, 370, 492, 1307, 1371, 878, 209, 
527, 610, 82, -568, 222, 346, 224, 307, 1346, 1605, 1112, 409, 
561, 810, 248, -685, 156, 529, 58, 112, 1346, 1790, 1342, 600, 
575, 971, 395, -773, 90, 683, -82, -53, 1322, 1942, 1517, 751, 
566, 1107, 541, -836, 12, 824, -185, -185, 1327, 2108, 1668, 873, 
541, 1259, 717, -900, -87, 988, -273, -317, 1317, 2269, 1815, 995, 
492, 1420, 927, -956, -217, 1173, -414, -517, 1259, 2366, 1937, 1107, 
395, 1517, 1122, -956, -363, 1320, -527, -736, 1122, 2313, 1908, 1122, 
278, 1400, 1122, -839, -422, 1261, -497, -810, 888, 2049, 1693, 990, 
204, 1093, 888, -649, -341, 990, -385, -722, 556, 1590, 1312, 751, 
102, 795, 692, -448, -295, 744, -307, -673, 131, 1024, 873, 473, 
-34, 600, 634, -283, -334, 617, -253, -658, -322, 405, 458, 224, 
-122, 458, 580, -168, -351, 519, -190, -639, -761, -102, 161, 48, 
-151, 346, 497, -97, -324, 422, -151, -600, -1058, -375, 4, -58, 
-146, 253, 400, -53, -273, 326, -141, -570, -1141, -444, -53, -107, 
-112, 175, 287, -31, -200, 231, -122, -517, -1049, -395, -48, -122, 
-53, 117, 170, -31, -112, 143, -82, -439, -922, -302, -14, -126, 
-19, 58, 78, -19, -48, 68, -58, -361, -795, -204, -4, -146, 
14, -4, -19, -4, 17, -12, -29, -302, -653, -141, 4, -165, 
43, -39, -82, -2, 63, -61, 14, -229, -517, -58, 29, -175, 
58, -48, -107, -4, 82, -78, 68, -151, -385, 19, 48, -185, 
73, -34, -107, -19, 90, -70, 122, -78, -268, 82, 48, -200, 
92, -34, -126, -29, 109, -80, 165, -29, -180, 117, 58, -219, 
102, -29, -131, -36, 117, -80, 224, 43, -102, 161, 78, -214, 
122, -24, -146, -48, 134, -85, 268, 97, 0, 234, 122, -204, 
131, -29, -161, -51, 146, -95, 297, 131, 102, 292, 151, -200, 
131, -53, -185, -39, 158, -119, 322, 161, 185, 346, 180, -200, 
146, -63, -209, -41, 178, -136, 341, 190, 248, 385, 204, -190, 
175, -63, -239, -56, 207, -151, 341, 204, 297, 424, 229, -180, 
185, -63, -248, -61, 217, -156, 370, 224, 326, 453, 244, -170, 
180, -63, -244, -58, 212, -153, 380, 244, 346, 473, 253, -161, 
195, -53, -248, -70, 222, -151, 395, 268, 356, 473, 248, -170, 
200, -63, -263, -68, 231, -163, 419, 287, 370, 478, 239, -180, 
190, -78, -268, -56, 229, -173, 439, 317, 375, 478, 248, -175, 
195, -102, -297, -46, 246, -200, 439, 331, 380, 468, 248, -170, 
204, -107, -312, -48, 258, -209, 448, 326, 385, 473, 219, -190, 
200, -102, -302, -48, 251, -202, 444, 326, 390, 468, 200, -195, 
204, -92, -297, -56, 251, -195, 434, 326, 405, 468, 200, -204, 
204, -102, -307, -51, 256, -204, 434, 326, 419, 483, 209, -209, 
204, -102, -307, -51, 256, -204, 434, 326, 429, 488, 214, -209, 
209, -107, -317, -51, 263, -212, 434, 336, 434, 497, 219, -209, 
209, -107, -317, -51, 263, -212, 439, 341, 434, 507, 219, -214, 
214, -107, -322, -53, 268, -214, 453, 341, 439, 517, 229, -204, 
214, -107, -322, -53, 268, -214, 458, 346, 453, 522, 244, -195, 
214, -107, -322, -53, 268, -214, 463, 351, 463, 527, 253, -185, 
219, -107, -326, -56, 273, -217, 468, 351, 478, 527, 263, -170, 
209, -117, -326, -46, 268, -222, 468, 361, 478, 531, 258, -170, 
209, -122, -331, -43, 270, -226, 468, 366, 483, 536, 258, -170, 
214, -126, -341, -43, 278, -234, 463, 366, 478, 536, 253, -165, 
214, -126, -341, -43, 278, -234, 463, 366, 478, 536, 248, -165, 
224, -122, -346, -51, 285, -234, 453, 370, 478, 527, 248, -175, 
224, -117, -341, -53, 283, -229, 453, 370, 483, 536, 248, -175, 
224, -112, -336, -56, 280, -224, 453, 370, 488, 536, 248, -175, 
224, -102, -326, -61, 275, -214, 458, 370, 492, 541, 248, -170, 
219, -92, -312, -63, 265, -202, 468, 375, 497, 551, 268, -161, 
224, -92, -317, -65, 270, -204, 468, 375, 502, 556, 273, -156, 
224, -92, -317, -65, 270, -204, 468, 375, 517, 561, 278, -156, 
224, -92, -317, -65, 270, -204, 463, 375, 527, 570, 283, -151, 
234, -92, -326, -70, 280, -209, 463, 366, 517, 561, 278, -146, 
234, -87, -322, -73, 278, -204, 463, 366, 517, 566, 278, -146, 
234, -82, -317, -75, 275, -200, 463, 366, 522, 566, 278, -146, 
234, -82, -317, -75, 275, -200, 463, 366, 527, 575, 283, -146, 
224, -78, -302, -73, 263, -190, 463, 375, 517, 566, 278, -151, 
224, -73, -297, -75, 261, -185, 463, 375, 522, 570, 278, -151, 
224, -73, -297, -75, 261, -185, 463, 375, 527, 575, 283, -151, 
229, -73, -302, -78, 265, -187, 463, 380, 531, 575, 283, -146, 
239, -58, -297, -90, 268, -178, 453, 370, 536, 585, 283, -146, 
244, -53, -297, -95, 270, -175, 453, 370, 536, 590, 292, -146, 
244, -53, -297, -95, 270, -175, 453, 370, 541, 595, 292, -136, 
248, -53, -302, -97, 275, -178, 453, 370, 546, 600, 297, -136, 
239, -53, -292, -92, 265, -173, 453, 375, 541, 595, 307, -131, 
239, -53, -292, -92, 265, -173, 453, 375, 541, 595, 307, -131, 
244, -53, -297, -95, 270, -175, 448, 375, 541, 595, 307, -131, 
244, -48, -292, -97, 268, -170, 448, 375, 546, 600, 312, -126, 
244, -48, -292, -97, 268, -170, 448, 375, 561, 610, 307, -117, 
244, -43, -287, -100, 265, -165, 448, 375, 566, 614, 312, -117, 
244, -34, -278, -104, 261, -156, 448, 375, 570, 619, 317, -117, 
244, -34, -278, -104, 261, -156, 448, 375, 575, 624, 322, -117, 
258, -34, -292, -112, 275, -163, 434, 375, 580, 629, 326, -107, 
258, -29, -287, -114, 273, -158, 434, 375, 585, 644, 336, -97, 
258, -24, -283, -117, 270, -153, 434, 380, 590, 649, 346, -87, 
258, -24, -283, -117, 270, -153, 434, 380, 595, 668, 356, -82, 
248, -14, -263, -117, 256, -139, 439, 370, 600, 673, 361, -78, 
258, -14, -273, -122, 265, -143, 439, 370, 605, 678, 366, -73, 
258, -14, -273, -122, 265, -143, 434, 375, 610, 683, 366, -73, 
263, -4, -268, -129, 265, -136, 434, 375, 614, 688, 370, -73, 
268, -4, -273, -131, 270, -139, 434, 385, 624, 692, 375, -73, 
268, 4, -263, -136, 265, -129, 434, 385, 624, 697, 380, -68, 
273, 4, -268, -139, 270, -131, 429, 385, 624, 702, 385, -63, 
273, 9, -263, -141, 268, -126, 429, 385, 634, 712, 395, -63, 
273, 19, -253, -146, 263, -117, 414, 375, 629, 712, 390, -53, 
278, 24, -253, -151, 265, -114, 414, 380, 639, 722, 395, -48, 
278, 24, -253, -151, 265, -114, 414, 380, 644, 727, 405, -43, 
287, 34, -253, -161, 270, -109, 409, 380, 653, 741, 409, -39, 
292, 53, -239, -173, 265, -92, 405, 380, 649, 751, 414, -34, 
292, 73, -219, -183, 256, -73, 400, 380, 653, 761, 424, -24, 
292, 92, -200, -192, 246, -53, 400, 380, 658, 771, 434, -19, 
302, 107, -195, -204, 248, -43, 400, 380, 673, 780, 444, -14, 
297, 102, -195, -200, 246, -46, 385, 370, 692, 785, 458, 0, 
302, 102, -200, -202, 251, -48, 380, 375, 692, 795, 468, 14, 
302, 112, -190, -207, 246, -39, 375, 375, 702, 814, 478, 24, 
302, 117, -185, -209, 244, -34, 375, 375, 712, 824, 492, 34, 
317, 117, -200, -217, 258, -41, 370, 385, 722, 854, 517, 53, 
322, 117, -204, -219, 263, -43, 366, 385, 732, 863, 522, 68, 
322, 126, -195, -224, 258, -34, 361, 385, 736, 883, 536, 73, 
326, 136, -190, -231, 258, -26, 361, 380, 741, 897, 561, 92, 
331, 151, -180, -241, 256, -14, 356, 370, 746, 912, 566, 92, 
336, 165, -170, -251, 253, -2, 351, 370, 746, 922, 570, 97, 
341, 175, -165, -258, 253, 4, 346, 366, 751, 932, 575, 107, 
346, 190, -156, -268, 251, 17, 341, 366, 751, 941, 590, 117, 
351, 214, -136, -283, 244, 39, 326, 356, 766, 951, 595, 117, 
356, 219, -136, -287, 246, 41, 322, 356, 771, 961, 605, 126, 
356, 234, -122, -295, 239, 56, 312, 356, 780, 971, 610, 141, 
361, 248, -112, -305, 236, 68, 302, 356, 790, 980, 624, 151, 
366, 248, -117, -307, 241, 65, 307, 351, 800, 1010, 634, 165, 
370, 258, -112, -314, 241, 73, 297, 346, 805, 1024, 653, 170, 
375, 273, -102, -324, 239, 85, 292, 346, 814, 1039, 673, 180, 
380, 278, -102, -329, 241, 87, 287, 341, 829, 1058, 688, 190, 
375, 287, -87, -331, 231, 100, 287, 336, 824, 1063, 702, 209, 
375, 292, -82, -334, 229, 104, 283, 331, 824, 1068, 707, 219, 
380, 312, -68, -346, 224, 122, 278, 326, 824, 1068, 717, 224, 
385, 326, -58, -356, 222, 134, 273, 326, 829, 1073, 727, 229, 
385, 331, -53, -358, 219, 139, 258, 312, 824, 1088, 732, 239, 
385, 341, -43, -363, 214, 148, 248, 307, 829, 1098, 741, 248, 
385, 351, -34, -368, 209, 158, 239, 302, 829, 1107, 751, 253, 
390, 351, -39, -370, 214, 156, 229, 297, 829, 1112, 751, 258, 
390, 341, -48, -366, 219, 146, 234, 307, 819, 1107, 751, 253, 
390, 346, -43, -368, 217, 151, 234, 302, 819, 1107, 751, 258, 
395, 356, -39, -375, 217, 158, 234, 297, 819, 1117, 766, 263, 
395, 361, -34, -378, 214, 163, 229, 292, 819, 1117, 766, 268, 
380, 361, -19, -370, 200, 170, 224, 278, 805, 1117, 756, 268, 
380, 366, -14, -373, 197, 175, 224, 273, 805, 1117, 761, 273, 
375, 366, -9, -370, 192, 178, 224, 263, 800, 1117, 761, 273, 
375, 361, -14, -368, 195, 173, 219, 263, 790, 1107, 756, 263, 
385, 346, -39, -366, 212, 153, 229, 268, 800, 1093, 761, 263, 
380, 341, -39, -361, 209, 151, 224, 263, 790, 1093, 756, 258, 
380, 341, -39, -361, 209, 151, 224, 263, 780, 1078, 741, 253, 
375, 331, -43, -353, 209, 143, 224, 258, 771, 1068, 732, 248, 
366, 307, -58, -336, 212, 124, 229, 258, 761, 1044, 707, 229, 
356, 297, -58, -326, 207, 119, 234, 258, 741, 1019, 683, 219, 
341, 283, -58, -312, 200, 112, 244, 263, 727, 1000, 663, 204, 
336, 268, -68, -302, 202, 100, 258, 263, 707, 966, 639, 185, 
322, 253, -68, -287, 195, 92, 273, 253, 688, 936, 639, 180, 
312, 239, -73, -275, 192, 82, 283, 253, 668, 917, 619, 165, 
292, 214, -78, -253, 185, 68, 287, 253, 653, 893, 590, 146, 
283, 195, -87, -239, 185, 53, 302, 258, 634, 873, 575, 136, 
283, 175, -107, -229, 195, 34, 297, 268, 619, 844, 541, 102, 
273, 170, -102, -222, 187, 34, 307, 268, 610, 819, 502, 78, 
258, 151, -107, -204, 183, 21, 317, 268, 590, 795, 473, 43, 
248, 136, -112, -192, 180, 12, 317, 263, 580, 775, 444, 19, 
248, 122, -126, -185, 187, -2, 341, 273, 570, 761, 439, 9, 
244, 112, -131, -178, 187, -9, 346, 273, 561, 741, 419, 0, 
229, 87, -141, -158, 185, -26, 356, 273, 546, 727, 405, -4, 
224, 68, -156, -146, 190, -43, 361, 273, 531, 707, 390, -19, 
219, 58, -161, -139, 190, -51, 366, 268, 522, 688, 375, -24, 
214, 34, -180, -124, 197, -73, 375, 268, 507, 673, 370, -29, 
209, 24, -185, -117, 197, -80, 375, 268, 492, 658, 356, -34, 
204, 14, -190, -109, 197, -87, 380, 268, 483, 644, 346, -39, 
195, -9, -204, -92, 200, -107, 400, 278, 483, 629, 331, -63, 
195, -19, -214, -87, 204, -117, 405, 283, 468, 619, 312, -68, 
190, -29, -219, -80, 204, -124, 405, 283, 458, 605, 302, -78, 
185, -34, -219, -75, 202, -126, 409, 283, 448, 585, 283, -87, 
185, -34, -219, -75, 202, -126, 405, 273, 439, 575, 283, -87, 
175, -43, -219, -65, 197, -131, 405, 273, 429, 570, 273, -87, 
175, -58, -234, -58, 204, -146, 409, 273, 429, 566, 273, -97, 
175, -63, -239, -56, 207, -151, 414, 273, 419, 561, 263, -102, 
175, -63, -239, -56, 207, -151, 419, 283, 424, 541, 244, -112, 
175, -63, -239, -56, 207, -151, 419, 283, 414, 536, 244, -112, 
170, -68, -239, -51, 204, -153, 419, 283, 414, 531, 239, -117, 
170, -63, -234, -53, 202, -148, 419, 283, 409, 531, 234, -117, 
170, -63, -234, -53, 202, -148, 424, 283, 409, 527, 244, -112, 
170, -68, -239, -51, 204, -153, 424, 283, 405, 527, 239, -117, 
170, -68, -239, -51, 204, -153, 424, 283, 405, 527, 234, -122, 
170, -73, -244, -48, 207, -158, 429, 283, 400, 527, 229, -122, 
161, -87, -248, -36, 204, -168, 429, 283, 409, 536, 239, -126, 
161, -87, -248, -36, 204, -168, 429, 283, 405, 536, 234, -126, 
156, -92, -248, -31, 202, -170, 429, 283, 400, 531, 234, -126, 
156, -92, -248, -31, 202, -170, 429, 283, 400, 531, 229, -126, 
170, -78, -248, -46, 209, -163, 424, 273, 385, 517, 229, -126, 
170, -78, -248, -46, 209, -163, 424, 273, 385, 517, 229, -131, 
170, -82, -253, -43, 212, -168, 429, 273, 380, 517, 229, -131, 
170, -87, -258, -41, 214, -173, 429, 273, 380, 522, 229, -131, 
156, -92, -248, -31, 202, -170, 439, 283, 400, 531, 214, -141, 
156, -97, -253, -29, 204, -175, 439, 283, 390, 531, 214, -141, 
156, -102, -258, -26, 207, -180, 439, 283, 390, 527, 214, -141, 
156, -107, -263, -24, 209, -185, 439, 283, 390, 522, 214, -141, 
156, -102, -258, -26, 207, -180, 439, 283, 385, 517, 214, -131, 
156, -102, -258, -26, 207, -180, 439, 283, 385, 517, 209, -131, 
156, -102, -258, -26, 207, -180, 439, 283, 385, 517, 204, -131, 
156, -102, -258, -26, 207, -180, 444, 278, 385, 517, 204, -131, 
156, -87, -244, -34, 200, -165, 434, 268, 375, 512, 200, -141, 
156, -87, -244, -34, 200, -165, 434, 268, 375, 507, 195, -141, 
156, -87, -244, -34, 200, -165, 434, 268, 380, 502, 190, -141, 
156, -87, -244, -34, 200, -165, 434, 273, 380, 507, 185, -141, 
156, -97, -253, -29, 204, -175, 434, 273, 385, 507, 190, -141, 
156, -97, -253, -29, 204, -175, 434, 273, 385, 512, 195, -136, 
156, -97, -253, -29, 204, -175, 434, 273, 385, 517, 200, -131, 
161, -97, -258, -31, 209, -178, 434, 273, 385, 517, 204, -126, 
151, -97, -248, -26, 200, -173, 434, 273, 375, 517, 209, -126, 
146, -97, -244, -24, 195, -170, 434, 273, 375, 517, 209, -126, 
146, -97, -244, -24, 195, -170, 434, 273, 375, 517, 209, -126, 
151, -92, -244, -29, 197, -168, 439, 273, 375, 512, 209, -126, 
151, -102, -253, -24, 202, -178, 429, 273, 366, 512, 200, -126, 
151, -107, -258, -21, 204, -183, 429, 273, 366, 512, 200, -126, 
151, -107, -258, -21, 204, -183, 429, 273, 366, 512, 200, -126, 
151, -102, -253, -24, 202, -178, 429, 273, 370, 512, 200, -126, 
151, -97, -248, -26, 200, -173, 429, 273, 380, 527, 204, -126, 
151, -92, -244, -29, 197, -168, 429, 273, 380, 527, 204, -126, 
151, -87, -239, -31, 195, -163, 429, 273, 380, 527, 204, -126, 
151, -87, -239, -31, 195, -163, 429, 273, 380, 522, 204, -131, 
151, -82, -234, -34, 192, -158, 429, 273, 375, 531, 214, -126, 
151, -82, -234, -34, 192, -158, 429, 273, 375, 536, 214, -122, 
151, -82, -234, -34, 192, -158, 429, 273, 380, 536, 219, -117, 
151, -82, -234, -34, 192, -158, 429, 273, 380, 531, 219, -112, 
161, -73, -234, -43, 197, -153, 424, 263, 380, 522, 209, -112, 
156, -78, -234, -39, 195, -156, 424, 263, 380, 527, 214, -112, 
156, -78, -234, -39, 195, -156, 424, 263, 380, 527, 214, -112, 
156, -78, -234, -39, 195, -156, 424, 263, 380, 527, 214, -112, 
156, -78, -234, -39, 195, -156, 434, 273, 380, 536, 214, -112, 
156, -78, -234, -39, 195, -156, 429, 273, 380, 536, 214, -112, 
156, -78, -234, -39, 195, -156, 429, 273, 380, 536, 214, -112, 
156, -78, -234, -39, 195, -156, 429, 273, 385, 536, 214, -112, 
156, -87, -244, -34, 200, -165, 429, 273, 385, 531, 224, -102, 
156, -87, -244, -34, 200, -165, 429, 273, 385, 531, 224, -102, 
156, -87, -244, -34, 200, -165, 429, 273, 385, 531, 224, -102, 
156, -87, -244, -34, 200, -165, 429, 273, 380, 531, 224, -102, 
156, -82, -239, -36, 197, -161, 429, 263, 380, 541, 229, -102, 
156, -73, -229, -41, 192, -151, 429, 263, 380, 531, 224, -102, 
156, -68, -224, -43, 190, -146, 429, 263, 380, 531, 224, -102, 
156, -63, -219, -46, 187, -141, 429, 263, 380, 531, 224, -102, 
156, -63, -219, -46, 187, -141, 419, 263, 390, 541, 224, -102, 
156, -68, -224, -43, 190, -146, 419, 263, 390, 546, 224, -102, 
156, -68, -224, -43, 190, -146, 419, 263, 390, 546, 224, -107, 
156, -68, -224, -43, 190, -146, 419, 263, 390, 546, 224, -112, 
156, -78, -234, -39, 195, -156, 429, 263, 380, 536, 219, -112, 
156, -78, -234, -39, 195, -156, 429, 263, 380, 536, 219, -112, 
156, -78, -234, -39, 195, -156, 429, 263, 380, 536, 214, -112, 
156, -78, -234, -39, 195, -156, 429, 263, 380, 531, 204, -117, 
156, -78, -234, -39, 195, -156, 419, 263, 370, 527, 204, -107, 
156, -78, -234, -39, 195, -156, 419, 263, 370, 527, 204, -102, 
156, -78, -234, -39, 195, -156, 419, 263, 370, 531, 204, -102, 
156, -78, -234, -39, 195, -156, 419, 263, 370, 531, 204, -102, 
156, -78, -234, -39, 195, -156, 429, 258, 380, 531, 219, -102, 
156, -78, -234, -39, 195, -156, 429, 258, 380, 531, 219, -102, 
156, -78, -234, -39, 195, -156, 429, 258, 375, 531, 219, -97, 
156, -78, -234, -39, 195, -156, 429, 263, 375, 531, 219, -97, 
156, -87, -244, -34, 200, -165, 429, 263, 366, 527, 214, -107, 
156, -82, -239, -36, 197, -161, 429, 263, 366, 527, 214, -107, 
156, -82, -239, -36, 197, -161, 429, 263, 366, 527, 214, -112, 
156, -82, -239, -36, 197, -161, 429, 263, 361, 527, 214, -112, 
156, -73, -229, -41, 192, -151, 419, 258, 366, 536, 214, -102, 
156, -73, -229, -41, 192, -151, 419, 258, 366, 536, 214, -112, 
156, -78, -234, -39, 195, -156, 419, 258, 366, 531, 209, -112, 
156, -78, -234, -39, 195, -156, 419, 258, 366, 531, 204, -112, 
156, -78, -234, -39, 195, -156, 419, 258, 366, 522, 204, -112, 
156, -78, -234, -39, 195, -156, 419, 253, 361, 522, 204, -107, 
156, -78, -234, -39, 195, -156, 419, 253, 361, 522, 204, -107, 
156, -78, -234, -39, 195, -156, 419, 253, 361, 522, 204, -112, 
156, -78, -234, -39, 195, -156, 419, 253, 361, 522, 195, -122, 
156, -82, -239, -36, 197, -161, 419, 253, 356, 522, 195, -122, 
156, -82, -239, -36, 197, -161, 419, 253, 356, 522, 190, -122, 
156, -82, -239, -36, 197, -161, 419, 253, 356, 522, 190, -122, 
146, -87, -234, -29, 190, -161, 419, 253, 356, 531, 195, -112, 
141, -87, -229, -26, 185, -158, 419, 253, 356, 531, 195, -112, 
141, -87, -229, -26, 185, -158, 419, 253, 356, 527, 195, -112, 
141, -92, -234, -24, 187, -163, 419, 253, 356, 527, 195, -112, 
156, -82, -239, -36, 197, -161, 419, 258, 356, 522, 185, -122, 
156, -82, -239, -36, 197, -161, 419, 258, 356, 522, 180, -122, 
156, -82, -239, -36, 197, -161, 419, 258, 351, 517, 180, -122, 
156, -82, -239, -36, 197, -161, 424, 258, 351, 517, 180, -122, 
146, -82, -229, -31, 187, -156, 424, 248, 351, 522, 190, -122, 
146, -82, -229, -31, 187, -156, 424, 248, 351, 522, 190, -122, 
146, -82, -229, -31, 187, -156, 424, 248, 351, 517, 185, -126, 
146, -82, -229, -31, 187, -156, 424, 248, 351, 517, 185, -126, 
146, -102, -248, -21, 197, -175, 424, 248, 351, 527, 185, -122, 
146, -102, -248, -21, 197, -175, 424, 248, 356, 527, 190, -122, 
146, -97, -244, -24, 195, -170, 424, 248, 356, 527, 195, -122, 
146, -97, -244, -24, 195, -170, 424, 248, 356, 527, 195, -122, 
146, -102, -248, -21, 197, -175, 424, 258, 356, 536, 190, -112, 
146, -102, -248, -21, 197, -175, 424, 258, 356, 536, 190, -107, 
146, -102, -248, -21, 197, -175, 424, 258, 351, 531, 190, -107, 
146, -97, -244, -24, 195, -170, 424, 258, 351, 531, 185, -107, 
136, -107, -244, -14, 190, -175, 424, 258, 351, 531, 185, -112, 
136, -107, -244, -14, 190, -175, 424, 258, 351, 531, 185, -122, 
136, -107, -244, -14, 190, -175, 424, 258, 351, 531, 180, -126, 
136, -107, -244, -14, 190, -175, 424, 253, 351, 531, 180, -131, 
126, -107, -234, -9, 180, -170, 414, 244, 341, 527, 170, -122, 
126, -107, -234, -9, 180, -170, 414, 244, 341, 522, 170, -122, 
126, -107, -234, -9, 180, -170, 414, 244, 336, 517, 170, -122, 
126, -107, -234, -9, 180, -170, 414, 244, 331, 512, 170, -122, 
131, -97, -229, -17, 180, -163, 414, 248, 341, 512, 161, -136, 
136, -102, -239, -17, 187, -170, 414, 248, 346, 517, 161, -136, 
141, -102, -244, -19, 192, -173, 414, 248, 346, 517, 161, -131, 
146, -102, -248, -21, 197, -175, 414, 248, 346, 517, 161, -131, 
146, -112, -258, -17, 202, -185, 414, 248, 346, 522, 170, -131, 
146, -112, -258, -17, 202, -185, 414, 248, 346, 531, 170, -131, 
146, -112, -258, -17, 202, -185, 414, 248, 346, 536, 170, -131, 
146, -112, -258, -17, 202, -185, 414, 248, 346, 536, 170, -131, 
146, -122, -268, -12, 207, -195, 419, 258, 351, 546, 180, -122, 
146, -122, -268, -12, 207, -195, 419, 258, 351, 546, 180, -122, 
146, -122, -268, -12, 207, -195, 414, 253, 356, 546, 180, -122, 
146, -122, -268, -12, 207, -195, 414, 253, 356, 546, 180, -122, 
136, -112, -248, -12, 192, -180, 414, 253, 351, 536, 180, -131, 
136, -117, -253, -9, 195, -185, 414, 253, 346, 536, 175, -131, 
136, -117, -253, -9, 195, -185, 414, 253, 346, 536, 175, -136, 
136, -117, -253, -9, 195, -185, 414, 253, 341, 536, 175, -136, 
136, -117, -253, -9, 195, -185, 414, 253, 331, 527, 165, -141, 
136, -117, -253, -9, 195, -185, 414, 248, 331, 527, 161, -141, 
136, -112, -248, -12, 192, -180, 414, 244, 336, 527, 161, -141, 
136, -112, -248, -12, 192, -180, 419, 239, 336, 527, 161, -141, 
136, -112, -248, -12, 192, -180, 419, 248, 346, 536, 165, -136, 
136, -117, -253, -9, 195, -185, 419, 248, 346, 536, 165, -136, 
136, -117, -253, -9, 195, -185, 419, 248, 346, 536, 165, -136, 
136, -117, -253, -9, 195, -185, 419, 248, 346, 536, 165, -136, 
146, -112, -258, -17, 202, -185, 419, 239, 336, 536, 175, -146, 
146, -112, -258, -17, 202, -185, 419, 239, 331, 536, 175, -146, 
146, -112, -258, -17, 202, -185, 419, 239, 331, 536, 175, -146, 
146, -112, -258, -17, 202, -185, 419, 239, 336, 536, 175, -146, 
136, -122, -258, -7, 197, -190, 409, 248, 346, 536, 180, -136, 
136, -122, -258, -7, 197, -190, 409, 248, 346, 541, 180, -136, 
136, -122, -258, -7, 197, -190, 409, 248, 346, 541, 180, -136, 
136, -122, -258, -7, 197, -190, 409, 248, 346, 541, 180, -136, 
136, -112, -248, -12, 192, -180, 419, 244, 346, 546, 180, -136, 
136, -107, -244, -14, 190, -175, 419, 244, 346, 546, 175, -136, 
136, -107, -244, -14, 190, -175, 419, 244, 341, 546, 175, -136, 
136, -107, -244, -14, 190, -175, 419, 244, 341, 546, 175, -131, 
146, -107, -253, -19, 200, -180, 419, 244, 341, 546, 175, -141, 
146, -97, -244, -24, 195, -170, 409, 234, 341, 536, 170, -151, 
146, -78, -224, -34, 185, -151, 405, 234, 351, 541, 180, -151, 
146, -73, -219, -36, 183, -146, 405, 234, 361, 570, 190, -141, 
146, -68, -214, -39, 180, -141, 409, 244, 380, 585, 204, -136, 
136, -68, -204, -34, 170, -136, 409, 244, 390, 585, 195, -126, 
136, -68, -204, -34, 170, -136, 409, 244, 390, 585, 195, -126, 
136, -68, -204, -34, 170, -136, 409, 244, 390, 585, 195, -126, 
136, -68, -204, -34, 170, -136, 409, 244, 390, 585, 195, -126, 
136, -73, -209, -31, 173, -141, 419, 234, 390, 575, 195, -122, 
136, -73, -209, -31, 173, -141, 419, 234, 390, 580, 195, -122, 
136, -73, -209, -31, 173, -141, 419, 234, 385, 580, 200, -122, 
136, -68, -204, -34, 170, -136, 419, 234, 380, 580, 200, -122, 
136, -68, -204, -34, 170, -136, 409, 234, 380, 585, 185, -122, 
141, -63, -204, -39, 173, -134, 409, 234, 385, 585, 185, -122, 
141, -58, -200, -41, 170, -129, 409, 234, 385, 580, 185, -122, 
146, -58, -204, -43, 175, -131, 409, 234, 390, 580, 185, -122, 
136, -48, -185, -43, 161, -117, 405, 224, 390, 580, 185, -131, 
141, -39, -180, -51, 161, -109, 400, 224, 390, 580, 190, -126, 
141, -39, -180, -51, 161, -109, 395, 224, 390, 580, 190, -126, 
141, -43, -185, -48, 163, -114, 395, 224, 390, 575, 190, -131, 
141, -43, -185, -48, 163, -114, 385, 209, 380, 585, 180, -141, 
136, -43, -180, -46, 158, -112, 375, 200, 375, 585, 180, -136, 
136, -43, -180, -46, 158, -112, 370, 195, 370, 585, 180, -136, 
136, -43, -180, -46, 158, -112, 366, 185, 370, 580, 175, -131, 
136, -34, -170, -51, 153, -102, 370, 185, 370, 580, 185, -122, 
136, -34, -170, -51, 153, -102, 361, 180, 370, 580, 195, -122, 
136, -34, -170, -51, 153, -102, 356, 175, 366, 580, 195, -122, 
136, -34, -170, -51, 153, -102, 351, 175, 356, 580, 190, -122, 
136, -43, -180, -46, 158, -112, 336, 165, 351, 580, 190, -117, 
136, -43, -180, -46, 158, -112, 336, 165, 351, 580, 190, -117, 
136, -43, -180, -46, 158, -112, 336, 165, 346, 580, 190, -117, 
136, -43, -180, -46, 158, -112, 336, 165, 346, 580, 190, -117, 
136, -43, -180, -46, 158, -112, 346, 165, 346, 585, 190, -122, 
146, -43, -190, -51, 168, -117, 351, 170, 346, 585, 195, -117, 
151, -43, -195, -53, 173, -119, 351, 170, 351, 585, 195, -117, 
161, -43, -204, -58, 183, -124, 351, 175, 351, 585, 200, -117, 
161, -48, -209, -56, 185, -129, 341, 175, 346, 585, 200, -117, 
165, -53, -219, -56, 192, -136, 346, 175, 341, 585, 200, -117, 
170, -53, -224, -58, 197, -139, 346, 185, 341, 585, 200, -117, 
175, -48, -224, -63, 200, -136, 346, 185, 346, 590, 200, -107, 
175, -48, -224, -63, 200, -136, 356, 204, 346, 600, 209, -107, 
175, -58, -234, -58, 204, -146, 361, 204, 346, 600, 209, -112, 
175, -58, -234, -58, 204, -146, 361, 204, 346, 600, 209, -112, 
170, -63, -234, -53, 202, -148, 375, 204, 351, 600, 209, -107, 
151, -73, -224, -39, 187, -148, 370, 200, 351, 600, 200, -117, 
146, -73, -219, -36, 183, -146, 375, 200, 356, 600, 200, -122, 
141, -78, -219, -31, 180, -148, 380, 204, 356, 600, 200, -126, 
136, -78, -214, -29, 175, -146, 385, 204, 356, 605, 200, -126, 
141, -78, -219, -31, 180, -148, 385, 204, 356, 595, 190, -141, 
136, -92, -229, -21, 183, -161, 395, 214, 351, 590, 180, -151, 
136, -107, -244, -14, 190, -175, 395, 214, 341, 575, 170, -156, 
136, -117, -253, -9, 195, -185, 400, 219, 331, 570, 161, -161, 
131, -126, -258, -2, 195, -192, 405, 219, 326, 566, 151, -165, 
131, -131, -263, 0, 197, -197, 409, 219, 317, 561, 151, -170, 
131, -141, -273, 4, 202, -207, 409, 219, 317, 551, 146, -175, 
122, -151, -273, 14, 197, -212, 409, 219, 312, 541, 146, -185, 
122, -146, -268, 12, 195, -207, 405, 219, 302, 536, 141, -185, 
126, -146, -273, 9, 200, -209, 405, 219, 302, 536, 141, -185, 
126, -146, -273, 9, 200, -209, 405, 219, 302, 536, 136, -185, 
122, -146, -268, 12, 195, -207, 405, 219, 302, 541, 136, -185, 
131, -151, -283, 9, 207, -217, 405, 219, 302, 541, 126, -195, 
131, -151, -283, 9, 207, -217, 405, 219, 302, 546, 126, -200, 
131, -151, -283, 9, 207, -217, 405, 219, 302, 546, 126, -200, 
136, -151, -287, 7, 212, -219, 405, 219, 302, 546, 126, -195, 
136, -141, -278, 2, 207, -209, 405, 219, 297, 556, 136, -185, 
131, -141, -273, 4, 202, -207, 409, 219, 297, 551, 131, -185, 
131, -146, -278, 7, 204, -212, 409, 219, 297, 551, 131, -190, 
136, -146, -283, 4, 209, -214, 409, 224, 292, 551, 131, -190, 
126, -141, -268, 7, 197, -204, 409, 234, 302, 551, 141, -190, 
126, -141, -268, 7, 197, -204, 409, 234, 302, 551, 141, -190, 
122, -146, -268, 12, 195, -207, 409, 234, 307, 556, 141, -190, 
122, -146, -268, 12, 195, -207, 409, 234, 307, 556, 141, -190, 
122, -146, -268, 12, 195, -207, 400, 229, 307, 566, 141, -180, 
122, -146, -268, 12, 195, -207, 400, 229, 307, 566, 141, -180, 
122, -146, -268, 12, 195, -207, 405, 229, 302, 566, 136, -180, 
122, -146, -268, 12, 195, -207, 405, 229, 302, 566, 136, -180, 
131, -146, -278, 7, 204, -212, 405, 219, 307, 566, 141, -185, 
131, -146, -278, 7, 204, -212, 405, 219, 307, 566, 141, -185, 
131, -146, -278, 7, 204, -212, 405, 219, 307, 566, 141, -185, 
131, -141, -273, 4, 202, -207, 405, 219, 307, 566, 141, -185, 
131, -141, -273, 4, 202, -207, 405, 229, 307, 566, 136, -185, 
131, -141, -273, 4, 202, -207, 405, 229, 317, 575, 136, -185, 
131, -141, -273, 4, 202, -207, 405, 229, 317, 575, 136, -185, 
131, -141, -273, 4, 202, -207, 409, 229, 317, 575, 136, -185, 
122, -131, -253, 4, 187, -192, 409, 229, 307, 585, 136, -185, 
122, -131, -253, 4, 187, -192, 409, 229, 307, 585, 136, -185, 
126, -131, -258, 2, 192, -195, 409, 229, 312, 590, 141, -185, 
126, -131, -258, 2, 192, -195, 409, 239, 317, 590, 141, -185, 
136, -131, -268, -2, 202, -200, 424, 248, 322, 590, 146, -190, 
136, -151, -287, 7, 212, -219, 434, 258, 331, 580, 136, -195, 
146, -165, -312, 9, 229, -239, 463, 297, 351, 580, 126, -214, 
165, -185, -351, 9, 258, -268, 478, 326, 385, 600, 126, -214, 
170, -190, -361, 9, 265, -275, 483, 366, 414, 610, 117, -224, 
180, -200, -380, 9, 280, -290, 502, 400, 453, 619, 112, -234, 
200, -180, -380, -9, 290, -280, 522, 429, 522, 644, 122, -234, 
209, -141, -351, -34, 280, -246, 527, 453, 614, 697, 156, -219, 
229, -73, -302, -78, 265, -187, 531, 483, 741, 800, 214, -190, 
258, -4, -263, -126, 261, -134, 531, 512, 888, 936, 302, -126, 
312, 87, -224, -200, 268, -68, 522, 541, 1044, 1102, 429, -48, 
375, 214, -161, -295, 268, 26, 488, 536, 1180, 1288, 570, 58, 
419, 390, -29, -405, 224, 180, 390, 434, 1283, 1493, 766, 200, 
444, 605, 161, -524, 141, 383, 234, 258, 1337, 1722, 995, 395, 
478, 834, 356, -656, 61, 595, 58, 63, 1346, 1927, 1229, 595, 
512, 1034, 522, -773, -4, 778, -87, -112, 1356, 2113, 1439, 785, 
536, 1185, 649, -861, -56, 917, -209, -239, 1361, 2274, 1605, 917, 
536, 1312, 775, -924, -119, 1044, -312, -370, 1346, 2420, 1737, 1029, 
502, 1464, 961, -983, -229, 1212, -439, -551, 1298, 2532, 1854, 1132, 
424, 1595, 1171, -1010, -373, 1383, -570, -780, 1200, 2571, 1908, 1205, 
317, 1586, 1268, -951, -475, 1427, -614, -922, 1024, 2420, 1810, 1161, 
229, 1351, 1122, -790, -446, 1237, -536, -897, 741, 2069, 1527, 980, 
156, 1015, 858, -585, -351, 936, -444, -800, 380, 1590, 1146, 732, 
53, 766, 712, -409, -329, 739, -395, -771, -73, 995, 736, 483, 
-53, 610, 663, -278, -358, 636, -341, -766, -575, 385, 361, 273, 
-112, 478, 590, -183, -351, 534, -278, -717, -966, -34, 122, 136, 
-122, 356, 478, -117, -300, 417, -239, -658, -1137, -200, 14, 68, 
-107, 273, 380, -82, -244, 326, -209, -600, -1102, -190, -14, 19, 
-82, 204, 287, -61, -185, 246, -180, -536, -971, -122, -9, -14, 
-43, 136, 180, -46, -112, 158, -131, -458, -824, -29, 4, -19, 
-9, 87, 97, -39, -53, 92, -97, -390, -688, 58, 24, -39, 
24, 53, 29, -39, -2, 41, -68, -341, -556, 141, 24, -68, 
53, 29, -24, -41, 39, 2, -24, -278, -439, 214, 39, -78, 
68, 19, -48, -43, 58, -14, 29, -200, -317, 292, 68, -87, 
73, 14, -58, -43, 65, -21, 82, -136, -209, 346, 87, -92, 
92, 24, -68, -58, 80, -21, 136, -58, -122, 390, 107, -102, 
92, 9, -82, -51, 87, -36, 195, 4, -14, 444, 126, -107, 
92, -4, -97, -43, 95, -51, 239, 39, 78, 478, 141, -117, 
92, -29, -122, -31, 107, -75, 268, 63, 151, 517, 141, -122, 
112, -34, -146, -39, 129, -90, 292, 92, 214, 551, 151, -131, 
117, -34, -151, -41, 134, -92, 322, 122, 258, 590, 156, -141, 
126, -43, -170, -41, 148, -107, 331, 136, 297, 610, 161, -131, 
126, -43, -170, -41, 148, -107, 341, 146, 317, 629, 165, -131, 
151, -34, -185, -58, 168, -109, 341, 165, 336, 649, 185, -131, 
156, -24, -180, -65, 168, -102, 366, 190, 346, 668, 190, -131, 
151, -34, -185, -58, 168, -109, 390, 219, 361, 673, 190, -131, 
151, -39, -190, -56, 170, -114, 390, 239, 375, 673, 200, -136, 
146, -43, -190, -51, 168, -117, 400, 244, 380, 673, 200, -141, 
165, -48, -214, -58, 190, -131, 409, 258, 395, 678, 190, -131, 
170, -63, -234, -53, 202, -148, 414, 258, 409, 673, 190, -136, 
165, -73, -239, -46, 202, -156, 405, 258, 414, 683, 190, -146, 
165, -73, -239, -46, 202, -156, 405, 248, 419, 688, 190, -151, 
165, -73, -239, -46, 202, -156, 405, 248, 429, 692, 195, -151, 
170, -78, -248, -46, 209, -163, 405, 258, 434, 702, 200, -151, 
170, -78, -248, -46, 209, -163, 409, 263, 434, 712, 200, -156, 
165, -68, -234, -48, 200, -151, 405, 273, 434, 702, 200, -146, 
165, -68, -234, -48, 200, -151, 409, 278, 444, 707, 204, -146, 
165, -68, -234, -48, 200, -151, 414, 283, 448, 712, 204, -146, 
170, -68, -239, -51, 204, -153, 419, 283, 458, 712, 204, -141, 
170, -73, -244, -48, 207, -158, 429, 273, 463, 717, 204, -141, 
170, -73, -244, -48, 207, -158, 429, 278, 473, 722, 209, -141, 
175, -73, -248, -51, 212, -161, 424, 278, 473, 722, 209, -136, 
175, -68, -244, -53, 209, -156, 424, 278, 478, 722, 209, -136, 
175, -58, -234, -58, 204, -146, 414, 273, 478, 727, 229, -136, 
175, -58, -234, -58, 204, -146, 414, 273, 483, 741, 229, -136, 
175, -58, -234, -58, 204, -146, 414, 273, 488, 746, 229, -136, 
175, -53, -229, -61, 202, -141, 419, 273, 492, 756, 229, -131, 
170, -53, -224, -58, 197, -139, 419, 287, 492, 761, 224, -126, 
175, -53, -229, -61, 202, -141, 419, 287, 492, 761, 224, -126, 
175, -53, -229, -61, 202, -141, 419, 287, 502, 761, 224, -131, 
175, -53, -229, -61, 202, -141, 414, 287, 507, 766, 224, -131, 
185, -43, -229, -70, 207, -136, 414, 287, 497, 766, 229, -136, 
185, -39, -224, -73, 204, -131, 414, 287, 497, 771, 229, -136, 
185, -34, -219, -75, 202, -126, 414, 287, 502, 771, 229, -136, 
185, -34, -219, -75, 202, -126, 414, 287, 507, 780, 234, -136, 
185, -39, -224, -73, 204, -131, 414, 287, 507, 771, 229, -122, 
185, -34, -219, -75, 202, -126, 414, 287, 512, 775, 229, -122, 
185, -34, -219, -75, 202, -126, 414, 287, 517, 780, 234, -122, 
190, -34, -224, -78, 207, -129, 414, 292, 522, 780, 234, -117, 
180, -29, -209, -75, 195, -119, 414, 283, 527, 790, 234, -117, 
185, -24, -209, -80, 197, -117, 414, 283, 527, 795, 244, -117, 
185, -24, -209, -80, 197, -117, 414, 283, 531, 800, 244, -107, 
190, -24, -214, -82, 202, -119, 414, 283, 536, 805, 248, -107, 
200, -14, -214, -92, 207, -114, 405, 278, 541, 810, 258, -102, 
200, -14, -214, -92, 207, -114, 405, 278, 541, 810, 258, -102, 
204, -14, -219, -95, 212, -117, 400, 278, 541, 810, 258, -102, 
204, -9, -214, -97, 209, -112, 400, 278, 546, 814, 263, -97, 
204, -9, -214, -97, 209, -112, 409, 287, 551, 824, 268, -97, 
204, -4, -209, -100, 207, -107, 409, 287, 556, 829, 273, -97, 
204, 4, -200, -104, 202, -97, 409, 287, 561, 834, 278, -97, 
204, 4, -200, -104, 202, -97, 409, 287, 566, 839, 283, -97, 
209, -4, -214, -102, 212, -109, 405, 287, 580, 844, 292, -82, 
209, 0, -209, -104, 209, -104, 405, 287, 585, 858, 297, -78, 
209, 4, -204, -107, 207, -100, 405, 292, 590, 863, 302, -73, 
209, 4, -204, -107, 207, -100, 405, 292, 595, 883, 307, -73, 
209, 24, -185, -117, 197, -80, 400, 302, 590, 888, 322, -63, 
219, 24, -195, -122, 207, -85, 400, 302, 595, 893, 326, -53, 
219, 24, -195, -122, 207, -85, 395, 307, 600, 897, 326, -48, 
224, 34, -190, -129, 207, -78, 395, 307, 605, 902, 331, -43, 
219, 34, -185, -126, 202, -75, 395, 297, 614, 907, 326, -43, 
219, 43, -175, -131, 197, -65, 395, 297, 614, 912, 331, -39, 
224, 43, -180, -134, 202, -68, 390, 297, 614, 917, 336, -34, 
224, 48, -175, -136, 200, -63, 390, 297, 624, 927, 346, -34, 
224, 68, -156, -146, 190, -43, 385, 297, 629, 927, 341, -29, 
229, 73, -156, -151, 192, -41, 385, 302, 639, 936, 346, -29, 
229, 73, -156, -151, 192, -41, 385, 302, 644, 941, 356, -29, 
239, 82, -156, -161, 197, -36, 380, 302, 653, 956, 361, -29, 
244, 92, -151, -168, 197, -29, 366, 302, 658, 966, 366, -14, 
244, 102, -141, -173, 192, -19, 361, 302, 663, 976, 375, -4, 
244, 112, -131, -178, 187, -9, 361, 302, 668, 985, 385, 0, 
253, 117, -136, -185, 195, -9, 361, 302, 683, 995, 395, 4, 
258, 126, -131, -192, 195, -2, 356, 302, 702, 1005, 409, 24, 
263, 131, -131, -197, 197, 0, 351, 307, 702, 1019, 419, 34, 
263, 146, -117, -204, 190, 14, 346, 307, 712, 1044, 429, 39, 
263, 156, -107, -209, 185, 24, 346, 307, 722, 1058, 444, 43, 
278, 165, -112, -222, 195, 26, 341, 307, 722, 1063, 453, 58, 
283, 165, -117, -224, 200, 24, 336, 307, 732, 1068, 453, 68, 
283, 175, -107, -229, 195, 34, 331, 307, 736, 1083, 463, 68, 
287, 185, -102, -236, 195, 41, 331, 302, 741, 1093, 483, 82, 
292, 209, -82, -251, 187, 63, 317, 302, 751, 1102, 492, 82, 
297, 224, -73, -261, 185, 75, 312, 302, 756, 1117, 502, 87, 
302, 234, -68, -268, 185, 82, 307, 297, 766, 1132, 512, 97, 
307, 248, -58, -278, 183, 95, 302, 297, 771, 1146, 531, 107, 
302, 253, -48, -278, 175, 102, 297, 292, 785, 1171, 551, 126, 
307, 258, -48, -283, 178, 104, 292, 287, 790, 1185, 566, 136, 
307, 273, -34, -290, 170, 119, 283, 283, 800, 1200, 575, 151, 
312, 287, -24, -300, 168, 131, 273, 278, 810, 1215, 595, 161, 
317, 287, -29, -302, 173, 129, 278, 283, 810, 1239, 600, 175, 
322, 297, -24, -309, 173, 136, 268, 278, 814, 1249, 614, 180, 
326, 312, -14, -319, 170, 148, 263, 278, 824, 1259, 629, 190, 
331, 317, -14, -324, 173, 151, 258, 273, 839, 1273, 639, 200, 
336, 336, 0, -336, 168, 168, 248, 268, 834, 1283, 644, 209, 
336, 341, 4, -339, 165, 173, 244, 263, 834, 1293, 649, 219, 
341, 361, 19, -351, 161, 190, 239, 258, 834, 1298, 658, 224, 
346, 375, 29, -361, 158, 202, 234, 258, 839, 1307, 668, 229, 
336, 370, 34, -353, 151, 202, 229, 263, 834, 1302, 673, 229, 
336, 380, 43, -358, 146, 212, 229, 258, 839, 1312, 683, 239, 
336, 390, 53, -363, 141, 222, 229, 253, 839, 1322, 692, 244, 
341, 390, 48, -366, 146, 219, 229, 248, 839, 1327, 692, 248, 
341, 380, 39, -361, 151, 209, 214, 239, 839, 1332, 692, 253, 
341, 385, 43, -363, 148, 214, 214, 234, 839, 1332, 692, 258, 
346, 395, 48, -370, 148, 222, 214, 229, 839, 1342, 707, 263, 
346, 400, 53, -373, 146, 226, 209, 224, 839, 1342, 707, 268, 
341, 390, 48, -366, 146, 219, 214, 219, 834, 1342, 697, 258, 
341, 395, 53, -368, 143, 224, 214, 214, 834, 1342, 702, 263, 
336, 395, 58, -366, 139, 226, 214, 204, 829, 1342, 702, 263, 
336, 390, 53, -363, 141, 222, 209, 204, 819, 1332, 697, 253, 
336, 385, 48, -361, 143, 217, 219, 200, 814, 1312, 688, 253, 
331, 380, 48, -356, 141, 214, 214, 195, 800, 1307, 678, 248, 
331, 380, 48, -356, 141, 214, 214, 195, 785, 1288, 658, 244, 
326, 370, 43, -348, 141, 207, 214, 190, 771, 1273, 644, 239, 
312, 356, 43, -334, 134, 200, 224, 185, 751, 1254, 624, 224, 
307, 346, 39, -326, 134, 192, 224, 180, 732, 1234, 605, 209, 
297, 331, 34, -314, 131, 183, 229, 180, 717, 1220, 590, 190, 
297, 317, 19, -307, 139, 168, 239, 175, 697, 1190, 570, 165, 
283, 287, 4, -285, 139, 146, 244, 175, 678, 1166, 551, 161, 
273, 268, -4, -270, 139, 131, 253, 175, 658, 1141, 531, 146, 
253, 239, -14, -246, 134, 112, 258, 175, 644, 1112, 502, 126, 
244, 214, -29, -229, 136, 92, 273, 180, 624, 1088, 488, 117, 
244, 190, -53, -217, 148, 68, 278, 180, 605, 1068, 473, 112, 
234, 180, -53, -207, 143, 63, 287, 180, 590, 1044, 444, 97, 
219, 156, -63, -187, 141, 46, 297, 180, 566, 1019, 424, 73, 
209, 136, -73, -173, 141, 31, 297, 175, 551, 1000, 405, 58, 
209, 122, -87, -165, 148, 17, 302, 185, 541, 985, 390, 39, 
204, 112, -92, -158, 148, 9, 307, 185, 531, 966, 370, 29, 
190, 87, -102, -139, 146, -7, 317, 185, 517, 951, 356, 24, 
185, 68, -117, -126, 151, -24, 322, 185, 502, 932, 341, 9, 
170, 68, -102, -119, 136, -17, 326, 180, 492, 902, 322, -4, 
165, 43, -122, -104, 143, -39, 336, 180, 478, 888, 312, -19, 
161, 34, -126, -97, 143, -46, 336, 180, 463, 873, 292, -34, 
156, 24, -131, -90, 143, -53, 341, 180, 453, 858, 278, -48, 
151, 19, -131, -85, 141, -56, 351, 180, 453, 854, 278, -53, 
156, 9, -146, -82, 151, -68, 356, 185, 439, 844, 263, -58, 
156, 0, -156, -78, 156, -78, 356, 185, 429, 829, 258, -68, 
156, -4, -161, -75, 158, -82, 361, 185, 419, 810, 244, -78, 
156, -14, -170, -70, 163, -92, 356, 185, 409, 810, 234, -78, 
146, -24, -170, -61, 158, -97, 356, 185, 400, 805, 224, -78, 
146, -39, -185, -53, 165, -112, 361, 185, 400, 800, 224, -87, 
146, -43, -190, -51, 168, -117, 366, 185, 390, 795, 214, -92, 
136, -39, -175, -48, 156, -107, 370, 185, 385, 785, 214, -92, 
136, -43, -180, -46, 158, -112, 370, 185, 375, 780, 214, -92, 
131, -53, -185, -39, 158, -119, 370, 185, 375, 775, 209, -97, 
131, -53, -185, -39, 158, -119, 370, 185, 370, 775, 204, -97, 
131, -53, -185, -39, 158, -119, 366, 175, 380, 771, 204, -92, 
131, -58, -190, -36, 161, -124, 366, 175, 375, 771, 200, -97, 
131, -58, -190, -36, 161, -124, 366, 175, 375, 771, 195, -102, 
131, -63, -195, -34, 163, -129, 370, 175, 370, 771, 190, -102, 
122, -68, -190, -26, 156, -129, 370, 175, 370, 771, 200, -97, 
122, -68, -190, -26, 156, -129, 370, 175, 366, 771, 195, -97, 
117, -73, -190, -21, 153, -131, 370, 175, 361, 766, 195, -97, 
117, -73, -190, -21, 153, -131, 370, 175, 361, 766, 190, -97, 
122, -78, -200, -21, 161, -139, 366, 185, 366, 761, 190, -97, 
122, -78, -200, -21, 161, -139, 366, 185, 366, 761, 190, -102, 
122, -82, -204, -19, 163, -143, 370, 185, 361, 761, 190, -102, 
122, -87, -209, -17, 165, -148, 370, 185, 361, 766, 190, -102, 
126, -78, -204, -24, 165, -141, 370, 175, 366, 756, 175, -102, 
126, -78, -204, -24, 165, -141, 370, 175, 351, 756, 175, -102, 
126, -78, -204, -24, 165, -141, 370, 175, 346, 751, 175, -102, 
126, -78, -204, -24, 165, -141, 370, 175, 341, 746, 175, -102, 
126, -73, -200, -26, 163, -136, 380, 185, 336, 741, 175, -112, 
126, -73, -200, -26, 163, -136, 380, 185, 336, 741, 170, -112, 
126, -73, -200, -26, 163, -136, 380, 185, 336, 741, 165, -112, 
126, -73, -200, -26, 163, -136, 385, 180, 336, 741, 165, -112, 
126, -78, -204, -24, 165, -141, 385, 180, 346, 741, 165, -112, 
126, -78, -204, -24, 165, -141, 385, 180, 346, 741, 165, -112, 
126, -78, -204, -24, 165, -141, 385, 180, 351, 741, 165, -112, 
126, -78, -204, -24, 165, -141, 385, 185, 351, 751, 165, -112, 
126, -87, -214, -19, 170, -151, 385, 175, 336, 741, 165, -107, 
126, -87, -214, -19, 170, -151, 385, 175, 336, 746, 165, -107, 
126, -87, -214, -19, 170, -151, 385, 175, 336, 751, 165, -107, 
131, -87, -219, -21, 175, -153, 385, 175, 336, 751, 165, -107, 
131, -87, -219, -21, 175, -153, 385, 185, 346, 761, 161, -107, 
126, -87, -214, -19, 170, -151, 385, 185, 346, 761, 161, -107, 
126, -87, -214, -19, 170, -151, 385, 185, 346, 761, 161, -107, 
131, -82, -214, -24, 173, -148, 390, 185, 346, 756, 161, -107, 
122, -82, -204, -19, 163, -143, 380, 185, 346, 756, 170, -107, 
122, -87, -209, -17, 165, -148, 380, 185, 346, 756, 170, -107, 
122, -87, -209, -17, 165, -148, 380, 185, 346, 756, 170, -107, 
122, -82, -204, -19, 163, -143, 380, 185, 351, 756, 170, -107, 
122, -82, -204, -19, 163, -143, 380, 185, 341, 761, 165, -97, 
122, -82, -204, -19, 163, -143, 380, 185, 341, 761, 165, -97, 
122, -82, -204, -19, 163, -143, 380, 185, 341, 761, 165, -97, 
122, -87, -209, -17, 165, -148, 380, 185, 341, 756, 165, -102, 
131, -82, -214, -24, 173, -148, 380, 175, 346, 766, 156, -102, 
131, -82, -214, -24, 173, -148, 380, 175, 346, 771, 156, -102, 
131, -82, -214, -24, 173, -148, 380, 175, 351, 771, 161, -102, 
131, -82, -214, -24, 173, -148, 380, 175, 351, 766, 161, -102, 
131, -73, -204, -29, 168, -139, 385, 175, 361, 775, 170, -92, 
126, -78, -204, -24, 165, -141, 385, 175, 361, 780, 175, -92, 
126, -78, -204, -24, 165, -141, 385, 175, 361, 780, 175, -92, 
126, -78, -204, -24, 165, -141, 385, 175, 361, 780, 175, -92, 
126, -68, -195, -29, 161, -131, 385, 175, 361, 780, 175, -92, 
126, -68, -195, -29, 161, -131, 380, 175, 361, 780, 175, -92, 
126, -68, -195, -29, 161, -131, 380, 175, 361, 780, 175, -92, 
126, -68, -195, -29, 161, -131, 380, 175, 366, 780, 175, -92, 
126, -68, -195, -29, 161, -131, 380, 185, 366, 795, 185, -82, 
126, -68, -195, -29, 161, -131, 380, 185, 366, 795, 185, -82, 
126, -68, -195, -29, 161, -131, 380, 185, 366, 795, 185, -82, 
126, -68, -195, -29, 161, -131, 380, 185, 361, 795, 185, -82, 
126, -68, -195, -29, 161, -131, 380, 175, 370, 805, 190, -82, 
126, -63, -190, -31, 158, -126, 380, 175, 370, 795, 185, -82, 
126, -63, -190, -31, 158, -126, 380, 175, 370, 795, 185, -82, 
126, -63, -190, -31, 158, -126, 380, 175, 370, 795, 185, -82, 
136, -63, -200, -36, 168, -131, 380, 175, 361, 795, 185, -73, 
136, -68, -204, -34, 170, -136, 380, 175, 361, 800, 185, -73, 
136, -68, -204, -34, 170, -136, 380, 175, 361, 800, 185, -78, 
136, -68, -204, -34, 170, -136, 380, 175, 361, 800, 185, -82, 
136, -78, -214, -29, 175, -146, 380, 175, 361, 790, 185, -78, 
136, -78, -214, -29, 175, -146, 380, 175, 361, 790, 190, -73, 
136, -78, -214, -29, 175, -146, 380, 175, 361, 790, 190, -68, 
136, -78, -214, -29, 175, -146, 380, 175, 361, 785, 185, -68, 
126, -68, -195, -29, 161, -131, 380, 175, 361, 790, 175, -78, 
126, -68, -195, -29, 161, -131, 380, 175, 361, 790, 175, -73, 
126, -68, -195, -29, 161, -131, 380, 175, 361, 795, 175, -73, 
126, -68, -195, -29, 161, -131, 380, 175, 361, 795, 175, -73, 
136, -68, -204, -34, 170, -136, 380, 170, 361, 795, 180, -82, 
136, -68, -204, -34, 170, -136, 380, 170, 361, 795, 180, -82, 
136, -68, -204, -34, 170, -136, 380, 170, 356, 795, 180, -78, 
136, -68, -204, -34, 170, -136, 380, 175, 356, 795, 180, -78, 
126, -68, -195, -29, 161, -131, 380, 175, 346, 800, 185, -73, 
126, -63, -190, -31, 158, -126, 380, 175, 346, 800, 185, -68, 
126, -63, -190, -31, 158, -126, 380, 175, 346, 800, 185, -68, 
126, -63, -190, -31, 158, -126, 380, 175, 341, 800, 185, -63, 
126, -73, -200, -26, 163, -136, 380, 170, 346, 800, 185, -63, 
126, -73, -200, -26, 163, -136, 380, 170, 346, 800, 185, -73, 
126, -78, -204, -24, 165, -141, 380, 170, 346, 795, 180, -73, 
126, -78, -204, -24, 165, -141, 380, 170, 346, 795, 175, -73, 
126, -78, -204, -24, 165, -141, 380, 170, 346, 795, 175, -82, 
126, -78, -204, -24, 165, -141, 380, 165, 341, 795, 175, -78, 
126, -78, -204, -24, 165, -141, 380, 165, 341, 795, 175, -78, 
126, -78, -204, -24, 165, -141, 380, 165, 341, 795, 175, -82, 
126, -68, -195, -29, 161, -131, 380, 165, 341, 795, 165, -82, 
126, -73, -200, -26, 163, -136, 380, 165, 336, 795, 165, -82, 
126, -73, -200, -26, 163, -136, 380, 165, 336, 795, 161, -82, 
126, -73, -200, -26, 163, -136, 380, 165, 336, 795, 161, -82, 
126, -78, -204, -24, 165, -141, 380, 175, 346, 795, 175, -73, 
122, -78, -200, -21, 161, -139, 380, 175, 346, 795, 175, -73, 
122, -78, -200, -21, 161, -139, 380, 175, 346, 790, 175, -73, 
122, -82, -204, -19, 163, -143, 380, 175, 346, 790, 175, -73, 
126, -92, -219, -17, 173, -156, 390, 180, 346, 795, 175, -63, 
126, -92, -219, -17, 173, -156, 390, 180, 346, 795, 170, -63, 
126, -92, -219, -17, 173, -156, 390, 180, 341, 790, 170, -63, 
126, -92, -219, -17, 173, -156, 395, 180, 341, 790, 170, -63, 
117, -82, -200, -17, 158, -141, 385, 170, 341, 805, 170, -63, 
117, -82, -200, -17, 158, -141, 385, 170, 341, 805, 170, -63, 
117, -82, -200, -17, 158, -141, 385, 170, 341, 800, 165, -68, 
117, -82, -200, -17, 158, -141, 385, 170, 341, 800, 165, -68, 
117, -92, -209, -12, 163, -151, 375, 170, 331, 790, 156, -63, 
117, -92, -209, -12, 163, -151, 375, 170, 336, 790, 161, -63, 
117, -87, -204, -14, 161, -146, 375, 170, 336, 790, 165, -63, 
117, -87, -204, -14, 161, -146, 375, 170, 336, 790, 165, -63, 
126, -92, -219, -17, 173, -156, 385, 170, 336, 800, 161, -68, 
126, -92, -219, -17, 173, -156, 385, 170, 336, 800, 161, -68, 
126, -92, -219, -17, 173, -156, 385, 170, 331, 795, 161, -73, 
126, -87, -214, -19, 170, -151, 385, 170, 331, 795, 156, -78, 
126, -87, -214, -19, 170, -151, 385, 170, 322, 785, 156, -68, 
126, -87, -214, -19, 170, -151, 385, 170, 322, 785, 156, -73, 
126, -87, -214, -19, 170, -151, 385, 170, 322, 785, 151, -73, 
126, -87, -214, -19, 170, -151, 385, 165, 322, 785, 151, -73, 
126, -87, -214, -19, 170, -151, 385, 175, 326, 795, 151, -63, 
126, -87, -214, -19, 170, -151, 385, 175, 331, 795, 151, -63, 
126, -87, -214, -19, 170, -151, 385, 175, 331, 795, 151, -63, 
126, -87, -214, -19, 170, -151, 385, 175, 331, 795, 151, -63, 
126, -87, -214, -19, 170, -151, 395, 180, 322, 795, 161, -58, 
126, -92, -219, -17, 173, -156, 395, 180, 326, 800, 161, -58, 
126, -92, -219, -17, 173, -156, 395, 180, 326, 800, 161, -53, 
126, -92, -219, -17, 173, -156, 395, 180, 326, 800, 161, -53, 
117, -92, -209, -12, 163, -151, 385, 170, 326, 800, 151, -63, 
117, -92, -209, -12, 163, -151, 385, 170, 326, 805, 151, -63, 
117, -92, -209, -12, 163, -151, 385, 170, 326, 805, 151, -63, 
117, -92, -209, -12, 163, -151, 385, 170, 326, 800, 151, -63, 
117, -92, -209, -12, 163, -151, 390, 170, 322, 800, 151, -53, 
117, -92, -209, -12, 163, -151, 390, 170, 322, 800, 151, -53, 
117, -92, -209, -12, 163, -151, 385, 165, 326, 800, 151, -53, 
117, -92, -209, -12, 163, -151, 385, 165, 326, 800, 151, -53, 
117, -92, -209, -12, 163, -151, 385, 165, 317, 790, 141, -53, 
117, -97, -214, -9, 165, -156, 385, 165, 317, 790, 136, -53, 
117, -97, -214, -9, 165, -156, 385, 165, 322, 790, 136, -58, 
117, -97, -214, -9, 165, -156, 385, 165, 322, 790, 136, -58, 
117, -97, -214, -9, 165, -156, 385, 170, 322, 800, 146, -63, 
117, -97, -214, -9, 165, -156, 385, 170, 322, 800, 141, -63, 
117, -92, -209, -12, 163, -151, 385, 170, 326, 800, 141, -63, 
117, -92, -209, -12, 163, -151, 390, 170, 326, 800, 141, -63, 
117, -92, -209, -12, 163, -151, 380, 170, 326, 810, 156, -58, 
117, -97, -214, -9, 165, -156, 380, 170, 326, 810, 156, -58, 
117, -97, -214, -9, 165, -156, 380, 170, 326, 810, 156, -58, 
117, -97, -214, -9, 165, -156, 380, 170, 326, 810, 156, -58, 
107, -92, -200, -7, 153, -146, 380, 170, 326, 810, 146, -48, 
107, -92, -200, -7, 153, -146, 380, 170, 322, 810, 146, -48, 
107, -92, -200, -7, 153, -146, 380, 170, 322, 810, 146, -48, 
107, -92, -200, -7, 153, -146, 380, 170, 326, 810, 146, -48, 
117, -102, -219, -7, 168, -161, 390, 170, 317, 800, 141, -48, 
117, -102, -219, -7, 168, -161, 390, 170, 317, 805, 141, -48, 
117, -102, -219, -7, 168, -161, 390, 170, 317, 805, 141, -48, 
117, -102, -219, -7, 168, -161, 390, 170, 317, 805, 141, -48, 
126, -102, -229, -12, 178, -165, 380, 175, 326, 810, 151, -39, 
126, -97, -224, -14, 175, -161, 380, 175, 326, 810, 146, -39, 
126, -97, -224, -14, 175, -161, 380, 175, 322, 810, 146, -39, 
126, -97, -224, -14, 175, -161, 380, 175, 322, 810, 146, -34, 
117, -97, -214, -9, 165, -156, 380, 175, 322, 800, 136, -34, 
117, -97, -214, -9, 165, -156, 380, 175, 322, 800, 141, -34, 
117, -97, -214, -9, 165, -156, 375, 175, 322, 805, 141, -34, 
117, -92, -209, -12, 163, -151, 375, 175, 322, 805, 141, -34, 
117, -92, -209, -12, 163, -151, 375, 165, 322, 814, 151, -43, 
117, -92, -209, -12, 163, -151, 375, 165, 322, 810, 151, -43, 
117, -92, -209, -12, 163, -151, 375, 165, 322, 810, 146, -43, 
117, -92, -209, -12, 163, -151, 375, 165, 322, 810, 146, -43, 
117, -92, -209, -12, 163, -151, 385, 165, 317, 810, 146, -43, 
117, -92, -209, -12, 163, -151, 385, 165, 317, 810, 146, -43, 
117, -92, -209, -12, 163, -151, 385, 165, 317, 810, 146, -43, 
117, -92, -209, -12, 163, -151, 385, 165, 317, 810, 151, -43, 
126, -92, -219, -17, 173, -156, 385, 165, 326, 824, 151, -34, 
126, -92, -219, -17, 173, -156, 385, 165, 326, 824, 151, -34, 
126, -87, -214, -19, 170, -151, 385, 165, 326, 819, 151, -34, 
126, -87, -214, -19, 170, -151, 385, 165, 326, 819, 151, -34, 
126, -87, -214, -19, 170, -151, 385, 165, 317, 814, 141, -43, 
126, -87, -214, -19, 170, -151, 385, 165, 317, 810, 141, -43, 
126, -87, -214, -19, 170, -151, 385, 161, 317, 805, 141, -43, 
126, -87, -214, -19, 170, -151, 380, 161, 317, 805, 141, -43, 
122, -92, -214, -14, 168, -153, 380, 165, 317, 800, 141, -34, 
122, -92, -214, -14, 168, -153, 380, 165, 317, 810, 141, -34, 
122, -92, -214, -14, 168, -153, 380, 165, 317, 814, 141, -34, 
122, -92, -214, -14, 168, -153, 380, 165, 317, 819, 141, -34, 
122, -92, -214, -14, 168, -153, 390, 165, 317, 819, 141, -34, 
122, -92, -214, -14, 168, -153, 390, 165, 317, 819, 141, -34, 
117, -92, -209, -12, 163, -151, 390, 165, 317, 819, 141, -29, 
117, -87, -204, -14, 161, -146, 390, 165, 322, 829, 146, -29, 
122, -82, -204, -19, 163, -143, 385, 175, 336, 834, 146, -19, 
122, -82, -204, -19, 163, -143, 385, 175, 336, 839, 146, -19, 
122, -78, -200, -21, 161, -139, 385, 175, 331, 839, 151, -19, 
122, -68, -190, -26, 156, -129, 385, 175, 331, 834, 151, -19, 
131, -39, -170, -46, 151, -104, 385, 165, 351, 854, 156, -9, 
122, -34, -156, -43, 139, -95, 385, 161, 361, 854, 165, 0, 
126, -29, -156, -48, 141, -92, 390, 165, 361, 858, 175, 0, 
126, -39, -165, -43, 146, -102, 380, 165, 361, 858, 185, 0, 
126, -39, -165, -43, 146, -102, 380, 165, 361, 858, 185, 0, 
126, -39, -165, -43, 146, -102, 380, 165, 361, 858, 185, 0, 
126, -39, -165, -43, 146, -102, 380, 165, 361, 858, 185, 0, 
126, -34, -161, -46, 143, -97, 390, 165, 375, 868, 185, 4, 
126, -34, -161, -46, 143, -97, 390, 165, 380, 873, 185, 4, 
126, -34, -161, -46, 143, -97, 390, 165, 380, 873, 190, 4, 
126, -29, -156, -48, 141, -92, 390, 165, 380, 873, 190, 4, 
117, -19, -136, -48, 126, -78, 380, 175, 380, 878, 185, 9, 
122, -14, -136, -53, 129, -75, 380, 175, 385, 878, 185, 14, 
122, -9, -131, -56, 126, -70, 380, 175, 385, 873, 185, 19, 
126, -9, -136, -58, 131, -73, 380, 175, 390, 873, 185, 24, 
126, -19, -146, -53, 136, -82, 375, 170, 380, 883, 185, 24, 
131, -9, -141, -61, 136, -75, 370, 165, 380, 883, 190, 29, 
131, -9, -141, -61, 136, -75, 366, 161, 380, 883, 190, 29, 
131, -14, -146, -58, 139, -80, 366, 156, 380, 878, 190, 24, 
131, -14, -146, -58, 139, -80, 356, 141, 370, 878, 180, 14, 
126, -14, -141, -56, 134, -78, 346, 131, 366, 878, 180, 19, 
126, -14, -141, -56, 134, -78, 341, 126, 361, 878, 180, 19, 
126, -14, -141, -56, 134, -78, 336, 117, 361, 873, 175, 24, 
126, -14, -141, -56, 134, -78, 341, 117, 361, 863, 175, 24, 
126, -14, -141, -56, 134, -78, 331, 112, 361, 863, 185, 24, 
126, -14, -141, -56, 134, -78, 326, 107, 356, 863, 185, 24, 
126, -14, -141, -56, 134, -78, 322, 107, 346, 863, 180, 24, 
126, -24, -151, -51, 139, -87, 326, 107, 341, 854, 180, 29, 
126, -24, -151, -51, 139, -87, 326, 107, 341, 854, 180, 29, 
126, -24, -151, -51, 139, -87, 326, 107, 336, 854, 180, 29, 
126, -24, -151, -51, 139, -87, 326, 107, 336, 854, 180, 29, 
136, -24, -161, -56, 148, -92, 326, 117, 346, 863, 180, 39, 
146, -24, -170, -61, 158, -97, 331, 122, 346, 868, 185, 48, 
151, -24, -175, -63, 163, -100, 331, 122, 351, 873, 185, 53, 
161, -24, -185, -68, 173, -104, 331, 126, 351, 878, 190, 58, 
161, -29, -190, -65, 175, -109, 331, 126, 336, 868, 190, 48, 
165, -34, -200, -65, 183, -117, 336, 126, 331, 868, 190, 48, 
170, -34, -204, -68, 187, -119, 336, 136, 331, 868, 190, 48, 
175, -29, -204, -73, 190, -117, 336, 136, 336, 873, 190, 58, 
170, -29, -200, -70, 185, -114, 336, 146, 346, 883, 200, 68, 
165, -39, -204, -63, 185, -122, 341, 146, 346, 883, 200, 63, 
161, -39, -200, -61, 180, -119, 341, 146, 346, 883, 200, 63, 
151, -43, -195, -53, 173, -119, 356, 146, 351, 883, 200, 68, 
141, -34, -175, -53, 158, -104, 361, 151, 351, 883, 195, 58, 
136, -34, -170, -51, 153, -102, 366, 151, 356, 883, 190, 53, 
131, -39, -170, -46, 151, -104, 370, 156, 356, 883, 185, 48, 
126, -39, -165, -43, 146, -102, 375, 156, 356, 888, 180, 48, 
122, -43, -165, -39, 143, -104, 385, 156, 351, 883, 170, 34, 
117, -63, -180, -26, 148, -122, 395, 165, 341, 873, 161, 24, 
117, -82, -200, -17, 158, -141, 395, 165, 326, 854, 151, 19, 
117, -97, -214, -9, 165, -156, 400, 170, 312, 844, 141, 14, 
122, -107, -229, -7, 175, -168, 395, 161, 317, 839, 141, 14, 
122, -112, -234, -4, 178, -173, 400, 161, 307, 834, 141, 14, 
122, -122, -244, 0, 183, -183, 400, 161, 307, 824, 136, 14, 
112, -131, -244, 9, 178, -187, 400, 161, 302, 814, 136, 9, 
112, -136, -248, 12, 180, -192, 405, 170, 302, 814, 131, 9, 
117, -136, -253, 9, 185, -195, 405, 170, 302, 819, 131, 9, 
117, -136, -253, 9, 185, -195, 405, 170, 302, 824, 126, 9, 
112, -136, -248, 12, 180, -192, 405, 170, 302, 834, 126, 9, 
112, -141, -253, 14, 183, -197, 405, 170, 302, 834, 126, 9, 
112, -141, -253, 14, 183, -197, 405, 170, 302, 839, 126, 4, 
112, -141, -253, 14, 183, -197, 405, 170, 302, 839, 126, 4, 
117, -141, -258, 12, 187, -200, 405, 170, 302, 839, 126, 9, 
107, -131, -239, 12, 173, -185, 405, 170, 297, 829, 126, 9, 
102, -131, -234, 14, 168, -183, 409, 170, 297, 824, 122, 9, 
102, -136, -239, 17, 170, -187, 409, 170, 297, 824, 122, 4, 
107, -136, -244, 14, 175, -190, 409, 175, 292, 824, 122, 4, 
117, -131, -248, 7, 183, -190, 409, 175, 292, 834, 122, 14, 
117, -131, -248, 7, 183, -190, 409, 175, 292, 834, 122, 14, 
112, -136, -248, 12, 180, -192, 409, 175, 297, 839, 122, 14, 
112, -136, -248, 12, 180, -192, 409, 175, 297, 839, 122, 14, 
112, -136, -248, 12, 180, -192, 400, 180, 307, 839, 131, 14, 
112, -136, -248, 12, 180, -192, 400, 180, 307, 839, 131, 14, 
112, -136, -248, 12, 180, -192, 405, 180, 302, 839, 126, 14, 
112, -136, -248, 12, 180, -192, 405, 180, 302, 839, 126, 14, 
112, -146, -258, 17, 185, -202, 405, 180, 307, 849, 131, 29, 
112, -146, -258, 17, 185, -202, 405, 180, 307, 849, 131, 29, 
112, -146, -258, 17, 185, -202, 405, 180, 307, 849, 131, 29, 
112, -141, -253, 14, 183, -197, 405, 180, 307, 849, 131, 29, 
112, -141, -253, 14, 183, -197, 405, 170, 307, 839, 136, 29, 
112, -141, -253, 14, 183, -197, 405, 170, 317, 849, 136, 29, 
112, -141, -253, 14, 183, -197, 405, 170, 317, 849, 136, 29, 
112, -141, -253, 14, 183, -197, 409, 170, 317, 849, 136, 29, 
112, -141, -253, 14, 183, -197, 409, 180, 317, 849, 126, 29, 
112, -141, -253, 14, 183, -197, 409, 180, 317, 849, 126, 29, 
117, -141, -258, 12, 187, -200, 409, 180, 322, 854, 131, 29, 
117, -141, -258, 12, 187, -200, 409, 190, 326, 854, 131, 29, 
117, -141, -258, 12, 187, -200, 424, 200, 341, 854, 117, 14, 
117, -170, -287, 26, 202, -229, 453, 239, 351, 854, 107, -9, 
136, -175, -312, 19, 224, -244, 483, 278, 370, 854, 97, -19, 
146, -185, -331, 19, 239, -258, 497, 326, 414, 873, 97, -29, 
161, -180, -341, 9, 251, -261, 522, 356, 473, 893, 97, -29, 
170, -180, -351, 4, 261, -265, 541, 380, 531, 912, 102, -29, 
190, -151, -341, -19, 265, -246, 551, 409, 610, 956, 122, -19, 
200, -92, -292, -53, 246, -192, 546, 434, 732, 1039, 185, 24, 
229, -24, -253, -102, 241, -139, 551, 473, 878, 1161, 263, 73, 
268, 73, -195, -170, 231, -61, 541, 492, 1024, 1327, 370, 146, 
302, 204, -97, -253, 200, 53, 502, 444, 1141, 1503, 527, 244, 
326, 370, 43, -348, 141, 207, 409, 331, 1210, 1688, 707, 370, 
361, 575, 214, -468, 73, 395, 273, 161, 1244, 1893, 912, 541, 
395, 810, 414, -602, -9, 612, 87, -43, 1259, 2122, 1141, 736, 
429, 1019, 590, -724, -80, 805, -97, -239, 1268, 2337, 1366, 927, 
463, 1190, 727, -827, -131, 958, -244, -385, 1268, 2522, 1546, 1088, 
478, 1322, 844, -900, -183, 1083, -375, -531, 1244, 2654, 1693, 1210, 
458, 1449, 990, -954, -265, 1220, -517, -702, 1200, 2771, 1805, 1322, 
424, 1590, 1166, -1007, -370, 1378, -673, -902, 1151, 2854, 1893, 1405, 
356, 1634, 1278, -995, -461, 1456, -766, -1063, 1015, 2786, 1878, 1429, 
268, 1449, 1180, -858, -456, 1315, -722, -1068, 771, 2488, 1664, 1307, 
190, 1117, 927, -653, -368, 1022, -605, -966, 429, 2030, 1322, 1098, 
117, 810, 692, -463, -287, 751, -512, -897, -19, 1473, 932, 858, 
14, 600, 585, -307, -285, 592, -414, -849, -541, 849, 551, 658, 
-82, 463, 546, -190, -314, 505, -341, -805, -985, 326, 253, 497, 
-112, 370, 483, -129, -297, 427, -287, -756, -1210, 73, 82, 390, 
-92, 278, 370, -92, -231, 324, -268, -697, -1195, 43, 24, 331, 
-78, 214, 292, -68, -185, 253, -239, -629, -1044, 131, 24, 292, 
-43, 165, 209, -61, -126, 187, -209, -566, -863, 229, 29, 268, 
-4, 136, 141, -65, -73, 139, -180, -517, -717, 331, 63, 253, 
19, 117, 97, -68, -39, 107, -136, -448, -561, 429, 82, 234, 
34, 92, 58, -63, -12, 75, -68, -361, -409, 512, 92, 204, 
53, 68, 14, -61, 19, 41, 24, -268, -292, 575, 107, 185, 
68, 48, -19, -58, 43, 14, 97, -170, -170, 624, 126, 175, 
73, 43, -29, -58, 51, 7, 161, -97, -63, 678, 126, 161, 
73, 34, -39, -53, 56, -2, 195, -68, 24, 702, 126, 141, 
73, 9, -63, -41, 68, -26, 224, -43, 92, 717, 117, 117, 
73, -14, -87, -29, 80, -51, 248, -9, 146, 741, 122, 107, 
82, -29, -112, -26, 97, -70, 268, 14, 200, 780, 122, 82, 
92, -34, -126, -29, 109, -80, 292, 34, 244, 805, 131, 73, 
97, -43, -141, -26, 119, -92, 312, 63, 278, 834, 126, 73, 
107, -43, -151, -31, 129, -97, 331, 87, 307, 863, 131, 73, 
117, -34, -151, -41, 134, -92, 351, 117, 326, 883, 156, 82, 
131, -34, -165, -48, 148, -100, 370, 146, 346, 902, 165, 82, 
136, -34, -170, -51, 153, -102, 385, 170, 366, 912, 180, 82, 
131, -34, -165, -48, 148, -100, 390, 190, 370, 907, 170, 82, 
131, -39, -170, -46, 151, -104, 390, 190, 375, 907, 170, 78, 
136, -53, -190, -41, 163, -122, 390, 185, 380, 907, 170, 73, 
136, -58, -195, -39, 165, -126, 390, 180, 395, 902, 170, 73, 
141, -63, -204, -39, 173, -134, 395, 180, 409, 907, 170, 68, 
136, -73, -209, -31, 173, -141, 395, 190, 424, 917, 161, 68, 
136, -73, -209, -31, 173, -141, 400, 200, 434, 922, 161, 73, 
136, -73, -209, -31, 173, -141, 405, 200, 439, 927, 165, 73, 
141, -78, -219, -31, 180, -148, 409, 209, 439, 936, 170, 73, 
141, -78, -219, -31, 180, -148, 419, 214, 434, 946, 170, 68, 
136, -78, -214, -29, 175, -146, 414, 224, 434, 946, 180, 78, 
136, -78, -214, -29, 175, -146, 419, 229, 444, 951, 185, 78, 
136, -78, -214, -29, 175, -146, 424, 234, 448, 956, 185, 78, 
141, -78, -219, -31, 180, -148, 429, 234, 458, 956, 185, 82, 
151, -63, -214, -43, 183, -139, 424, 224, 463, 951, 175, 73, 
151, -63, -214, -43, 183, -139, 419, 229, 473, 956, 180, 73, 
156, -63, -219, -46, 187, -141, 409, 229, 473, 956, 180, 78, 
156, -58, -214, -48, 185, -136, 405, 229, 478, 956, 180, 78, 
156, -68, -224, -43, 190, -146, 414, 244, 488, 956, 190, 78, 
156, -68, -224, -43, 190, -146, 414, 244, 492, 966, 190, 78, 
156, -68, -224, -43, 190, -146, 414, 244, 497, 966, 190, 78, 
156, -63, -219, -46, 187, -141, 419, 244, 502, 971, 190, 82, 
156, -63, -219, -46, 187, -141, 419, 239, 492, 976, 185, 87, 
156, -63, -219, -46, 187, -141, 419, 239, 492, 976, 185, 87, 
151, -63, -214, -43, 183, -139, 419, 239, 502, 976, 185, 82, 
146, -63, -209, -41, 178, -136, 414, 239, 507, 980, 185, 82, 
156, -53, -209, -51, 183, -131, 414, 239, 497, 971, 190, 87, 
156, -48, -204, -53, 180, -126, 414, 239, 497, 976, 190, 87, 
156, -43, -200, -56, 178, -122, 414, 239, 502, 976, 190, 87, 
156, -43, -200, -56, 178, -122, 414, 239, 507, 985, 195, 87, 
156, -48, -204, -53, 180, -126, 405, 239, 517, 985, 209, 92, 
156, -43, -200, -56, 178, -122, 405, 239, 522, 990, 209, 92, 
156, -43, -200, -56, 178, -122, 405, 239, 527, 995, 214, 92, 
161, -43, -204, -58, 183, -124, 405, 244, 531, 995, 214, 97, 
161, -48, -209, -56, 185, -129, 405, 244, 536, 1005, 214, 97, 
165, -43, -209, -61, 187, -126, 405, 244, 536, 1010, 224, 97, 
165, -43, -209, -61, 187, -126, 405, 244, 541, 1015, 224, 107, 
170, -43, -214, -63, 192, -129, 405, 244, 546, 1019, 229, 107, 
170, -34, -204, -68, 187, -119, 405, 248, 551, 1024, 229, 112, 
170, -34, -204, -68, 187, -119, 405, 248, 551, 1024, 229, 112, 
175, -34, -209, -70, 192, -122, 400, 248, 551, 1024, 229, 112, 
175, -29, -204, -73, 190, -117, 400, 248, 556, 1029, 234, 117, 
175, -29, -204, -73, 190, -117, 409, 248, 570, 1039, 229, 117, 
175, -24, -200, -75, 187, -112, 409, 248, 575, 1044, 234, 117, 
175, -14, -190, -80, 183, -102, 409, 248, 580, 1049, 239, 117, 
175, -14, -190, -80, 183, -102, 409, 248, 585, 1054, 244, 117, 
170, -14, -185, -78, 178, -100, 405, 248, 600, 1063, 253, 131, 
170, -9, -180, -80, 175, -95, 405, 248, 605, 1073, 258, 136, 
170, -4, -175, -82, 173, -90, 405, 253, 610, 1073, 263, 141, 
170, -4, -175, -82, 173, -90, 405, 253, 614, 1088, 268, 141, 
180, 4, -175, -92, 178, -85, 400, 253, 619, 1093, 273, 146, 
190, 4, -185, -97, 187, -90, 400, 253, 624, 1098, 278, 151, 
190, 4, -185, -97, 187, -90, 395, 258, 629, 1102, 278, 151, 
195, 14, -180, -104, 187, -82, 395, 258, 634, 1107, 283, 151, 
190, 14, -175, -102, 183, -80, 395, 258, 644, 1102, 287, 161, 
190, 24, -165, -107, 178, -70, 395, 258, 644, 1107, 292, 165, 
195, 24, -170, -109, 183, -73, 390, 258, 644, 1112, 297, 170, 
195, 29, -165, -112, 180, -68, 390, 258, 653, 1122, 307, 170, 
195, 48, -146, -122, 170, -48, 375, 248, 649, 1122, 312, 175, 
200, 53, -146, -126, 173, -46, 375, 253, 658, 1132, 317, 175, 
200, 53, -146, -126, 173, -46, 375, 253, 663, 1137, 326, 175, 
209, 63, -146, -136, 178, -41, 370, 253, 673, 1151, 331, 175, 
214, 82, -131, -148, 173, -24, 375, 253, 688, 1161, 326, 170, 
214, 92, -122, -153, 168, -14, 370, 253, 692, 1171, 336, 180, 
214, 102, -112, -158, 163, -4, 370, 253, 697, 1180, 346, 185, 
224, 107, -117, -165, 170, -4, 370, 253, 712, 1190, 356, 190, 
219, 117, -102, -168, 161, 7, 366, 253, 732, 1205, 361, 200, 
224, 122, -102, -173, 163, 9, 361, 258, 732, 1215, 370, 209, 
224, 136, -87, -180, 156, 24, 356, 258, 741, 1234, 380, 214, 
224, 146, -78, -185, 151, 34, 356, 258, 751, 1244, 395, 219, 
239, 161, -78, -200, 158, 41, 341, 258, 761, 1259, 409, 244, 
244, 165, -78, -204, 161, 43, 336, 258, 771, 1263, 414, 253, 
244, 180, -63, -212, 153, 58, 331, 258, 775, 1278, 429, 253, 
248, 195, -53, -222, 151, 70, 331, 253, 780, 1288, 453, 268, 
253, 204, -48, -229, 151, 78, 336, 263, 800, 1307, 463, 278, 
258, 214, -43, -236, 151, 85, 331, 263, 805, 1322, 473, 283, 
263, 219, -43, -241, 153, 87, 326, 258, 814, 1337, 483, 292, 
268, 229, -39, -248, 153, 95, 322, 258, 819, 1351, 502, 302, 
273, 234, -39, -253, 156, 97, 317, 248, 844, 1366, 522, 312, 
278, 239, -39, -258, 158, 100, 312, 248, 849, 1381, 536, 322, 
278, 253, -24, -265, 151, 114, 302, 248, 858, 1395, 546, 336, 
283, 268, -14, -275, 148, 126, 292, 248, 868, 1410, 566, 346, 
278, 287, 9, -283, 134, 148, 278, 234, 858, 1415, 561, 361, 
283, 297, 14, -290, 134, 156, 268, 229, 863, 1424, 575, 366, 
287, 312, 24, -300, 131, 168, 263, 229, 873, 1434, 590, 375, 
292, 317, 24, -305, 134, 170, 258, 224, 888, 1449, 600, 385, 
297, 326, 29, -312, 134, 178, 258, 229, 893, 1449, 610, 380, 
297, 331, 34, -314, 131, 183, 253, 224, 893, 1459, 610, 385, 
302, 351, 48, -326, 126, 200, 248, 219, 893, 1464, 614, 385, 
307, 366, 58, -336, 124, 212, 244, 219, 897, 1473, 619, 385, 
307, 370, 63, -339, 122, 217, 234, 204, 902, 1488, 634, 395, 
307, 380, 73, -344, 117, 226, 229, 200, 907, 1498, 644, 405, 
307, 390, 82, -348, 112, 236, 224, 195, 907, 1507, 653, 409, 
312, 390, 78, -351, 117, 234, 219, 190, 907, 1512, 653, 414, 
302, 380, 78, -341, 112, 229, 224, 200, 907, 1517, 653, 419, 
302, 385, 82, -344, 109, 234, 224, 195, 907, 1517, 653, 424, 
307, 395, 87, -351, 109, 241, 224, 190, 907, 1527, 668, 429, 
307, 400, 92, -353, 107, 246, 219, 185, 907, 1527, 668, 434, 
312, 395, 82, -353, 114, 239, 214, 170, 893, 1517, 658, 424, 
312, 395, 82, -353, 114, 239, 214, 165, 893, 1517, 663, 429, 
307, 390, 82, -348, 112, 236, 214, 156, 888, 1517, 663, 429, 
307, 380, 73, -344, 117, 226, 209, 156, 878, 1507, 658, 419, 
307, 375, 68, -341, 119, 222, 209, 141, 868, 1498, 653, 429, 
302, 370, 68, -336, 117, 219, 204, 136, 858, 1493, 649, 424, 
302, 370, 68, -336, 117, 219, 204, 136, 849, 1473, 634, 419, 
297, 361, 63, -329, 117, 212, 204, 131, 839, 1459, 624, 414, 
283, 346, 63, -314, 109, 204, 214, 136, 819, 1429, 605, 400, 
278, 336, 58, -307, 109, 197, 214, 131, 800, 1410, 585, 385, 
268, 322, 53, -295, 107, 187, 219, 131, 785, 1395, 570, 366, 
268, 307, 39, -287, 114, 173, 229, 126, 766, 1366, 551, 341, 
258, 287, 29, -273, 114, 158, 234, 117, 751, 1337, 541, 336, 
253, 268, 14, -261, 119, 141, 244, 117, 727, 1317, 522, 322, 
239, 239, 0, -239, 119, 119, 248, 117, 707, 1293, 492, 302, 
234, 214, -19, -224, 126, 97, 263, 122, 683, 1273, 478, 292, 
234, 190, -43, -212, 139, 73, 258, 131, 663, 1244, 463, 287, 
224, 180, -43, -202, 134, 68, 268, 131, 649, 1220, 434, 273, 
209, 156, -53, -183, 131, 51, 278, 131, 624, 1195, 414, 248, 
200, 136, -63, -168, 131, 36, 278, 126, 610, 1176, 395, 234, 
209, 112, -97, -161, 153, 7, 292, 126, 580, 1151, 380, 214, 
204, 102, -102, -153, 153, 0, 297, 126, 570, 1132, 361, 204, 
190, 78, -112, -134, 151, -17, 307, 126, 556, 1117, 346, 200, 
185, 58, -126, -122, 156, -34, 312, 126, 541, 1098, 331, 185, 
180, 48, -131, -114, 156, -41, 307, 141, 531, 1078, 317, 180, 
175, 24, -151, -100, 163, -63, 317, 141, 517, 1063, 312, 165, 
170, 14, -156, -92, 163, -70, 317, 141, 502, 1049, 297, 151, 
165, 4, -161, -85, 163, -78, 322, 141, 492, 1034, 287, 136, 
156, 0, -156, -78, 156, -78, 322, 136, 483, 1010, 268, 122, 
156, -9, -165, -73, 161, -87, 326, 136, 468, 1000, 253, 117, 
151, -19, -170, -65, 161, -95, 326, 131, 458, 985, 248, 107, 
146, -24, -170, -61, 158, -97, 331, 126, 448, 966, 234, 97, 
146, -34, -180, -56, 163, -107, 336, 126, 439, 956, 224, 78, 
136, -43, -180, -46, 158, -112, 336, 126, 429, 951, 214, 78, 
136, -58, -195, -39, 165, -126, 341, 126, 429, 946, 214, 68, 
136, -63, -200, -36, 168, -131, 346, 126, 419, 941, 204, 63, 
136, -58, -195, -39, 165, -126, 351, 136, 414, 922, 195, 63, 
136, -63, -200, -36, 168, -131, 351, 136, 405, 917, 195, 63, 
131, -73, -204, -29, 168, -139, 351, 136, 405, 912, 190, 58, 
131, -73, -204, -29, 168, -139, 351, 136, 400, 912, 185, 58, 
131, -82, -214, -24, 173, -148, 356, 136, 400, 912, 185, 53, 
131, -87, -219, -21, 175, -153, 356, 136, 395, 907, 180, 48, 
131, -87, -219, -21, 175, -153, 356, 136, 395, 902, 175, 43, 
131, -92, -224, -19, 178, -158, 361, 136, 390, 897, 170, 43, 
131, -107, -239, -12, 185, -173, 361, 136, 400, 902, 175, 48, 
131, -107, -239, -12, 185, -173, 361, 136, 395, 907, 175, 48, 
126, -112, -239, -7, 183, -175, 361, 136, 390, 907, 180, 48, 
126, -112, -239, -7, 183, -175, 361, 136, 390, 912, 180, 48, 
131, -107, -239, -12, 185, -173, 356, 126, 385, 897, 180, 39, 
131, -107, -239, -12, 185, -173, 356, 126, 385, 897, 180, 34, 
131, -112, -244, -9, 187, -178, 361, 126, 380, 897, 180, 34, 
131, -117, -248, -7, 190, -183, 361, 126, 380, 902, 180, 34, 
126, -107, -234, -9, 180, -170, 361, 126, 390, 893, 165, 24, 
126, -107, -234, -9, 180, -170, 361, 126, 380, 893, 165, 24, 
126, -107, -234, -9, 180, -170, 361, 126, 380, 888, 165, 24, 
126, -107, -234, -9, 180, -170, 361, 126, 380, 883, 165, 24, 
126, -102, -229, -12, 178, -165, 351, 126, 375, 878, 156, 14, 
126, -102, -229, -12, 178, -165, 351, 126, 375, 878, 151, 14, 
126, -102, -229, -12, 178, -165, 351, 126, 375, 878, 146, 14, 
126, -102, -229, -12, 178, -165, 356, 122, 375, 878, 146, 14, 
126, -107, -234, -9, 180, -170, 356, 131, 375, 878, 156, 14, 
126, -107, -234, -9, 180, -170, 356, 131, 375, 878, 156, 14, 
126, -107, -234, -9, 180, -170, 356, 131, 380, 878, 156, 14, 
126, -107, -234, -9, 180, -170, 356, 136, 380, 888, 156, 14, 
126, -107, -234, -9, 180, -170, 356, 126, 375, 883, 146, 9, 
126, -107, -234, -9, 180, -170, 356, 126, 375, 883, 146, 9, 
126, -107, -234, -9, 180, -170, 356, 126, 375, 883, 146, 9, 
131, -107, -239, -12, 185, -173, 356, 126, 375, 878, 146, 9, 
131, -107, -239, -12, 185, -173, 366, 136, 375, 868, 146, 9, 
126, -107, -234, -9, 180, -170, 366, 136, 375, 868, 151, 9, 
126, -107, -234, -9, 180, -170, 366, 136, 375, 868, 156, 9, 
131, -102, -234, -14, 183, -168, 370, 136, 375, 863, 161, 9, 
122, -112, -234, -4, 178, -173, 361, 136, 375, 873, 161, 9, 
122, -117, -239, -2, 180, -178, 361, 136, 375, 873, 161, 9, 
122, -117, -239, -2, 180, -178, 361, 136, 375, 873, 161, 9, 
122, -112, -234, -4, 178, -173, 361, 136, 380, 873, 161, 9, 
131, -112, -244, -9, 187, -178, 361, 136, 380, 868, 156, 0, 
131, -112, -244, -9, 187, -178, 361, 136, 380, 868, 156, 0, 
131, -112, -244, -9, 187, -178, 361, 136, 380, 868, 156, 0, 
131, -117, -248, -7, 190, -183, 361, 136, 380, 863, 156, -4, 
131, -122, -253, -4, 192, -187, 361, 126, 375, 854, 146, -14, 
131, -122, -253, -4, 192, -187, 361, 126, 375, 858, 146, -14, 
131, -122, -253, -4, 192, -187, 361, 126, 380, 858, 151, -14, 
131, -122, -253, -4, 192, -187, 361, 126, 380, 854, 151, -14, 
131, -122, -253, -4, 192, -187, 366, 136, 390, 863, 151, -4, 
126, -126, -253, 0, 190, -190, 366, 136, 390, 868, 156, -4, 
126, -126, -253, 0, 190, -190, 366, 136, 390, 868, 156, -4, 
126, -126, -253, 0, 190, -190, 366, 136, 390, 868, 156, -4, 
126, -126, -253, 0, 190, -190, 366, 136, 390, 868, 156, -14, 
126, -126, -253, 0, 190, -190, 361, 136, 390, 868, 156, -14, 
126, -126, -253, 0, 190, -190, 361, 136, 390, 868, 156, -14, 
126, -126, -253, 0, 190, -190, 361, 136, 395, 868, 156, -14, 
126, -126, -253, 0, 190, -190, 361, 136, 395, 868, 146, -14, 
126, -126, -253, 0, 190, -190, 361, 136, 395, 863, 146, -14, 
126, -126, -253, 0, 190, -190, 361, 136, 395, 858, 146, -14, 
126, -126, -253, 0, 190, -190, 361, 136, 390, 854, 146, -14, 
126, -117, -244, -4, 185, -180, 361, 136, 380, 854, 141, -24, 
126, -112, -239, -7, 183, -175, 361, 136, 380, 844, 136, -24, 
126, -112, -239, -7, 183, -175, 361, 136, 380, 844, 136, -24, 
126, -112, -239, -7, 183, -175, 361, 136, 380, 844, 136, -24, 
126, -122, -248, -2, 187, -185, 351, 136, 380, 844, 136, -34, 
126, -126, -253, 0, 190, -190, 351, 136, 380, 849, 136, -34, 
126, -126, -253, 0, 190, -190, 351, 136, 380, 849, 136, -39, 
126, -126, -253, 0, 190, -190, 351, 136, 380, 849, 136, -43, 
126, -126, -253, 0, 190, -190, 351, 136, 390, 839, 146, -34, 
126, -126, -253, 0, 190, -190, 351, 136, 390, 839, 151, -34, 
126, -126, -253, 0, 190, -190, 351, 136, 390, 839, 151, -34, 
126, -126, -253, 0, 190, -190, 351, 136, 390, 834, 146, -39, 
126, -117, -244, -4, 185, -180, 361, 126, 380, 839, 146, -39, 
126, -117, -244, -4, 185, -180, 361, 126, 380, 839, 146, -34, 
126, -117, -244, -4, 185, -180, 361, 126, 380, 844, 146, -34, 
126, -117, -244, -4, 185, -180, 361, 126, 380, 844, 146, -34, 
136, -126, -263, -4, 200, -195, 351, 122, 370, 849, 141, -43, 
136, -126, -263, -4, 200, -195, 351, 122, 370, 844, 141, -43, 
136, -126, -263, -4, 200, -195, 351, 122, 366, 839, 141, -39, 
136, -126, -263, -4, 200, -195, 351, 126, 366, 834, 141, -39, 
136, -126, -263, -4, 200, -195, 351, 126, 375, 829, 136, -48, 
136, -122, -258, -7, 197, -190, 351, 126, 375, 829, 136, -48, 
136, -122, -258, -7, 197, -190, 351, 126, 375, 829, 136, -53, 
136, -122, -258, -7, 197, -190, 351, 126, 370, 829, 136, -53, 
136, -122, -258, -7, 197, -190, 361, 122, 366, 829, 146, -43, 
136, -122, -258, -7, 197, -190, 361, 122, 366, 829, 146, -53, 
136, -126, -263, -4, 200, -195, 361, 122, 366, 824, 141, -53, 
136, -126, -263, -4, 200, -195, 361, 122, 366, 824, 136, -53, 
136, -117, -253, -9, 195, -185, 351, 122, 366, 814, 126, -63, 
136, -117, -253, -9, 195, -185, 351, 117, 361, 814, 126, -58, 
136, -117, -253, -9, 195, -185, 351, 117, 361, 814, 126, -58, 
136, -117, -253, -9, 195, -185, 351, 117, 361, 814, 126, -63, 
136, -117, -253, -9, 195, -185, 361, 126, 370, 814, 136, -63, 
136, -122, -258, -7, 197, -190, 361, 126, 366, 814, 136, -63, 
136, -122, -258, -7, 197, -190, 361, 126, 366, 814, 131, -63, 
136, -122, -258, -7, 197, -190, 361, 126, 366, 814, 131, -63, 
136, -126, -263, -4, 200, -195, 351, 117, 356, 814, 136, -63, 
131, -126, -258, -2, 195, -192, 351, 117, 356, 814, 136, -63, 
131, -126, -258, -2, 195, -192, 351, 117, 356, 810, 136, -63, 
131, -131, -263, 0, 197, -197, 351, 117, 356, 810, 136, -63, 
136, -131, -268, -2, 202, -200, 351, 122, 356, 805, 136, -63, 
136, -131, -268, -2, 202, -200, 351, 122, 356, 805, 131, -63, 
136, -131, -268, -2, 202, -200, 351, 122, 351, 800, 131, -63, 
136, -131, -268, -2, 202, -200, 356, 122, 351, 800, 131, -63, 
136, -122, -258, -7, 197, -190, 356, 122, 361, 795, 131, -73, 
136, -122, -258, -7, 197, -190, 356, 122, 361, 795, 131, -73, 
136, -122, -258, -7, 197, -190, 356, 122, 361, 790, 126, -78, 
136, -122, -258, -7, 197, -190, 356, 122, 361, 790, 126, -78, 
136, -131, -268, -2, 202, -200, 356, 112, 351, 790, 117, -73, 
136, -131, -268, -2, 202, -200, 356, 112, 356, 790, 122, -73, 
136, -126, -263, -4, 200, -195, 356, 112, 356, 790, 126, -73, 
136, -126, -263, -4, 200, -195, 356, 112, 356, 790, 126, -73, 
136, -131, -268, -2, 202, -200, 346, 122, 356, 790, 131, -68, 
136, -131, -268, -2, 202, -200, 346, 122, 356, 790, 131, -68, 
136, -131, -268, -2, 202, -200, 346, 122, 351, 785, 131, -73, 
136, -126, -263, -4, 200, -195, 346, 122, 351, 785, 126, -78, 
136, -136, -273, 0, 204, -204, 346, 122, 341, 785, 126, -68, 
136, -136, -273, 0, 204, -204, 346, 122, 341, 785, 126, -73, 
136, -136, -273, 0, 204, -204, 346, 122, 341, 785, 122, -73, 
136, -136, -273, 0, 204, -204, 346, 117, 341, 785, 122, -73, 
136, -136, -273, 0, 204, -204, 356, 117, 341, 775, 122, -73, 
136, -136, -273, 0, 204, -204, 356, 117, 341, 775, 122, -73, 
136, -136, -273, 0, 204, -204, 356, 117, 336, 775, 122, -73, 
136, -136, -273, 0, 204, -204, 356, 117, 331, 775, 122, -73, 
126, -136, -263, 4, 195, -200, 346, 112, 331, 766, 112, -87, 
126, -141, -268, 7, 197, -204, 346, 112, 336, 771, 112, -87, 
126, -141, -268, 7, 197, -204, 346, 112, 336, 771, 112, -82, 
126, -141, -268, 7, 197, -204, 346, 112, 336, 771, 112, -82, 
136, -141, -278, 2, 207, -209, 346, 112, 336, 771, 112, -87, 
136, -141, -278, 2, 207, -209, 346, 112, 336, 775, 112, -92, 
136, -141, -278, 2, 207, -209, 346, 112, 336, 775, 112, -97, 
136, -141, -278, 2, 207, -209, 346, 112, 336, 771, 112, -102, 
126, -141, -268, 7, 197, -204, 351, 112, 331, 771, 122, -92, 
126, -141, -268, 7, 197, -204, 351, 112, 331, 771, 122, -92, 
126, -141, -268, 7, 197, -204, 346, 107, 336, 771, 122, -92, 
126, -141, -268, 7, 197, -204, 346, 107, 336, 771, 122, -92, 
136, -141, -278, 2, 207, -209, 346, 107, 336, 771, 131, -82, 
136, -146, -283, 4, 209, -214, 346, 107, 336, 771, 126, -82, 
136, -146, -283, 4, 209, -214, 346, 107, 341, 771, 126, -87, 
136, -146, -283, 4, 209, -214, 346, 107, 341, 771, 126, -87, 
136, -146, -283, 4, 209, -214, 356, 112, 341, 771, 126, -82, 
136, -146, -283, 4, 209, -214, 356, 112, 341, 771, 122, -82, 
136, -141, -278, 2, 207, -209, 356, 112, 346, 771, 122, -82, 
136, -141, -278, 2, 207, -209, 361, 112, 346, 771, 122, -82, 
126, -151, -278, 12, 202, -214, 361, 122, 336, 761, 126, -87, 
126, -156, -283, 14, 204, -219, 361, 122, 336, 761, 126, -87, 
126, -156, -283, 14, 204, -219, 361, 122, 336, 761, 126, -87, 
126, -156, -283, 14, 204, -219, 361, 122, 336, 761, 126, -87, 
126, -151, -278, 12, 202, -214, 351, 112, 336, 761, 117, -97, 
126, -151, -278, 12, 202, -214, 351, 112, 331, 761, 117, -97, 
126, -151, -278, 12, 202, -214, 351, 112, 331, 761, 117, -97, 
126, -151, -278, 12, 202, -214, 351, 112, 336, 761, 117, -97, 
126, -141, -268, 7, 197, -204, 351, 102, 336, 751, 117, -107, 
126, -141, -268, 7, 197, -204, 351, 102, 336, 756, 112, -107, 
126, -141, -268, 7, 197, -204, 351, 102, 336, 756, 107, -107, 
126, -141, -268, 7, 197, -204, 351, 102, 336, 756, 102, -107, 
136, -151, -287, 7, 212, -219, 351, 107, 336, 751, 112, -107, 
136, -146, -283, 4, 209, -214, 351, 107, 336, 751, 107, -107, 
136, -146, -283, 4, 209, -214, 351, 107, 331, 751, 107, -107, 
136, -146, -283, 4, 209, -214, 351, 107, 331, 751, 107, -102, 
136, -156, -292, 9, 214, -224, 351, 107, 341, 751, 107, -102, 
136, -156, -292, 9, 214, -224, 351, 107, 341, 751, 112, -102, 
136, -156, -292, 9, 214, -224, 346, 107, 341, 756, 112, -102, 
136, -151, -287, 7, 212, -219, 346, 107, 341, 756, 112, -102, 
126, -161, -287, 17, 207, -224, 356, 107, 331, 746, 122, -112, 
126, -161, -287, 17, 207, -224, 356, 107, 331, 741, 122, -112, 
126, -161, -287, 17, 207, -224, 356, 107, 331, 741, 117, -112, 
126, -161, -287, 17, 207, -224, 356, 107, 331, 741, 117, -112, 
126, -161, -287, 17, 207, -224, 356, 107, 336, 751, 107, -112, 
126, -161, -287, 17, 207, -224, 356, 107, 336, 751, 107, -112, 
126, -161, -287, 17, 207, -224, 356, 107, 336, 751, 107, -112, 
126, -161, -287, 17, 207, -224, 356, 107, 336, 751, 112, -112, 
136, -161, -297, 12, 217, -229, 346, 107, 336, 746, 112, -122, 
136, -161, -297, 12, 217, -229, 346, 107, 336, 746, 112, -122, 
136, -156, -292, 9, 214, -224, 346, 107, 336, 741, 112, -122, 
136, -156, -292, 9, 214, -224, 346, 107, 336, 741, 112, -122, 
136, -146, -283, 4, 209, -214, 356, 107, 336, 741, 112, -122, 
136, -146, -283, 4, 209, -214, 356, 107, 336, 741, 112, -122, 
136, -146, -283, 4, 209, -214, 356, 102, 336, 741, 112, -122, 
136, -146, -283, 4, 209, -214, 351, 102, 336, 746, 112, -122, 
131, -151, -283, 9, 207, -217, 351, 107, 336, 746, 112, -131, 
131, -151, -283, 9, 207, -217, 351, 107, 336, 751, 112, -131, 
131, -151, -283, 9, 207, -217, 351, 107, 336, 751, 112, -131, 
131, -151, -283, 9, 207, -217, 351, 107, 336, 751, 112, -131, 
141, -151, -292, 4, 217, -222, 351, 107, 326, 746, 102, -131, 
141, -151, -292, 4, 217, -222, 351, 107, 326, 741, 102, -131, 
136, -151, -287, 7, 212, -219, 351, 107, 326, 736, 102, -126, 
136, -146, -283, 4, 209, -214, 351, 107, 331, 741, 107, -126, 
131, -146, -278, 7, 204, -212, 346, 107, 326, 741, 102, -126, 
131, -151, -283, 9, 207, -217, 346, 107, 326, 741, 97, -126, 
131, -151, -283, 9, 207, -217, 346, 107, 322, 736, 97, -126, 
131, -146, -278, 7, 204, -212, 346, 107, 322, 727, 92, -126, 
131, -156, -287, 12, 209, -222, 346, 107, 322, 727, 87, -136, 
131, -141, -273, 4, 202, -207, 346, 112, 322, 727, 87, -136, 
131, -136, -268, 2, 200, -202, 346, 112, 331, 732, 92, -136, 
136, -131, -268, -2, 202, -200, 346, 112, 331, 732, 97, -136, 
136, -141, -278, 2, 207, -209, 356, 112, 331, 722, 102, -131, 
136, -146, -283, 4, 209, -214, 356, 107, 331, 717, 102, -131, 
136, -146, -283, 4, 209, -214, 356, 102, 331, 717, 102, -131, 
131, -146, -278, 7, 204, -212, 356, 97, 336, 722, 107, -131, 
141, -136, -278, -2, 209, -207, 356, 102, 336, 736, 112, -122, 
141, -136, -278, -2, 209, -207, 356, 102, 341, 732, 112, -117, 
136, -136, -273, 0, 204, -204, 361, 107, 341, 741, 117, -117, 
136, -131, -268, -2, 202, -200, 361, 107, 351, 741, 117, -117, 
136, -126, -263, -4, 200, -195, 361, 107, 351, 741, 117, -117, 
136, -122, -258, -7, 197, -190, 361, 107, 351, 741, 117, -117, 
136, -117, -253, -9, 195, -185, 361, 107, 351, 741, 117, -117, 
136, -112, -248, -12, 192, -180, 361, 107, 356, 751, 126, -117, 
136, -107, -244, -14, 190, -175, 361, 107, 361, 751, 126, -117, 
136, -102, -239, -17, 187, -170, 361, 107, 366, 751, 126, -117, 
136, -92, -229, -21, 183, -161, 361, 107, 375, 751, 126, -112, 
136, -92, -229, -21, 183, -161, 361, 117, 380, 766, 136, -102, 
136, -92, -229, -21, 183, -161, 361, 117, 380, 766, 141, -102, 
136, -87, -224, -24, 180, -156, 361, 117, 380, 766, 141, -102, 
136, -87, -224, -24, 180, -156, 361, 117, 380, 771, 136, -102, 
131, -82, -214, -24, 173, -148, 361, 117, 385, 761, 136, -112, 
131, -78, -209, -26, 170, -143, 361, 117, 385, 756, 136, -112, 
136, -78, -214, -29, 175, -146, 361, 117, 390, 756, 136, -112, 
136, -78, -214, -29, 175, -146, 356, 117, 390, 766, 136, -112, 
141, -68, -209, -36, 175, -139, 341, 107, 390, 766, 141, -97, 
141, -68, -209, -36, 175, -139, 336, 107, 390, 766, 141, -97, 
141, -73, -214, -34, 178, -143, 336, 107, 390, 761, 141, -102, 
141, -73, -214, -34, 178, -143, 336, 102, 390, 761, 141, -102, 
136, -82, -219, -26, 178, -151, 326, 102, 385, 761, 141, -97, 
136, -82, -219, -26, 178, -151, 322, 97, 380, 761, 141, -97, 
136, -82, -219, -26, 178, -151, 317, 87, 380, 756, 136, -92, 
136, -82, -219, -26, 178, -151, 312, 78, 380, 756, 136, -92, 
136, -73, -209, -31, 173, -141, 302, 63, 380, 756, 146, -92, 
136, -73, -209, -31, 173, -141, 297, 58, 375, 756, 146, -92, 
136, -73, -209, -31, 173, -141, 292, 58, 366, 756, 141, -92, 
136, -73, -209, -31, 173, -141, 287, 58, 361, 756, 141, -87, 
146, -82, -229, -31, 187, -156, 287, 48, 361, 746, 141, -97, 
146, -82, -229, -31, 187, -156, 287, 48, 356, 746, 141, -97, 
146, -82, -229, -31, 187, -156, 287, 48, 356, 746, 141, -97, 
146, -82, -229, -31, 187, -156, 287, 48, 356, 751, 141, -92, 
156, -82, -239, -36, 197, -161, 302, 58, 346, 741, 136, -87, 
161, -82, -244, -39, 202, -163, 302, 63, 351, 741, 136, -87, 
170, -82, -253, -43, 212, -168, 302, 73, 351, 741, 141, -87, 
170, -87, -258, -41, 214, -173, 302, 78, 346, 741, 141, -87, 
175, -82, -258, -46, 217, -170, 297, 73, 331, 736, 141, -97, 
180, -82, -263, -48, 222, -173, 297, 78, 331, 732, 141, -97, 
185, -78, -263, -53, 224, -170, 297, 73, 336, 732, 141, -87, 
185, -78, -263, -53, 224, -170, 297, 78, 336, 727, 141, -87, 
195, -87, -283, -53, 239, -185, 292, 78, 336, 736, 151, -92, 
195, -87, -283, -53, 239, -185, 292, 78, 336, 736, 151, -92, 
190, -92, -283, -48, 236, -187, 307, 78, 341, 736, 151, -87, 
180, -92, -273, -43, 226, -183, 312, 82, 341, 736, 151, -87, 
175, -92, -268, -41, 222, -180, 317, 92, 356, 736, 151, -82, 
170, -97, -268, -36, 219, -183, 322, 97, 356, 736, 151, -87, 
165, -97, -263, -34, 214, -180, 326, 97, 356, 741, 151, -87, 
161, -97, -258, -31, 209, -178, 326, 97, 356, 741, 151, -92, 
146, -107, -253, -19, 200, -180, 346, 97, 361, 736, 151, -92, 
146, -117, -263, -14, 204, -190, 346, 97, 351, 722, 141, -97, 
146, -122, -268, -12, 207, -195, 351, 102, 341, 717, 131, -102, 
141, -126, -268, -7, 204, -197, 356, 102, 336, 712, 122, -107, 
141, -136, -278, -2, 209, -207, 361, 112, 317, 707, 117, -122, 
141, -151, -292, 4, 217, -222, 361, 112, 317, 697, 107, -126, 
131, -165, -297, 17, 214, -231, 361, 112, 312, 688, 102, -136, 
131, -175, -307, 21, 219, -241, 366, 112, 302, 683, 92, -136, 
136, -175, -312, 19, 224, -244, 366, 112, 302, 673, 92, -146, 
136, -175, -312, 19, 224, -244, 366, 112, 302, 673, 87, -146, 
131, -175, -307, 21, 219, -241, 366, 112, 302, 678, 87, -146, 
131, -180, -312, 24, 222, -246, 366, 112, 302, 678, 87, -146, 
131, -180, -312, 24, 222, -246, 366, 102, 292, 673, 87, -141, 
131, -180, -312, 24, 222, -246, 366, 102, 292, 673, 87, -141, 
136, -180, -317, 21, 226, -248, 366, 102, 292, 673, 87, -136, 
136, -180, -317, 21, 226, -248, 366, 102, 297, 673, 87, -136, 
141, -180, -322, 19, 231, -251, 370, 107, 297, 668, 82, -136, 
141, -185, -326, 21, 234, -256, 370, 112, 297, 668, 82, -141, 
146, -185, -331, 19, 239, -258, 370, 122, 292, 668, 82, -141, 
146, -180, -326, 17, 236, -253, 370, 126, 292, 668, 82, -141, 
141, -180, -322, 19, 231, -251, 370, 122, 302, 668, 82, -141, 
131, -185, -317, 26, 224, -251, 370, 117, 307, 673, 82, -141, 
126, -185, -312, 29, 219, -248, 370, 112, 307, 673, 82, -141, 
122, -185, -307, 31, 214, -246, 370, 112, 307, 673, 82, -141, 
131, -185, -317, 26, 224, -251, 370, 112, 307, 673, 92, -141, 
131, -185, -317, 26, 224, -251, 375, 112, 302, 673, 87, -141, 
131, -185, -317, 26, 224, -251, 375, 112, 302, 673, 87, -141, 
131, -185, -317, 26, 224, -251, 375, 112, 307, 673, 92, -136, 
141, -185, -326, 21, 234, -256, 375, 122, 307, 663, 82, -146, 
141, -185, -326, 21, 234, -256, 375, 122, 307, 663, 82, -146, 
141, -180, -322, 19, 231, -251, 375, 122, 307, 663, 82, -146, 
141, -180, -322, 19, 231, -251, 375, 122, 307, 663, 87, -146, 
131, -190, -322, 29, 226, -256, 385, 131, 317, 673, 87, -146, 
131, -190, -322, 29, 226, -256, 385, 131, 317, 673, 87, -146, 
131, -190, -322, 29, 226, -256, 390, 131, 317, 673, 87, -146, 
131, -190, -322, 29, 226, -256, 390, 131, 317, 673, 87, -146, 
122, -190, -312, 34, 217, -251, 380, 131, 317, 683, 97, -146, 
126, -190, -317, 31, 222, -253, 380, 131, 312, 688, 92, -136, 
146, -190, -336, 21, 241, -263, 380, 131, 317, 688, 102, -126, 
146, -190, -336, 21, 241, -263, 385, 131, 312, 688, 97, -131, 
136, -190, -326, 26, 231, -258, 385, 131, 322, 688, 87, -146, 
136, -204, -341, 34, 239, -273, 395, 141, 331, 688, 87, -146, 
136, -214, -351, 39, 244, -283, 409, 151, 336, 688, 87, -146, 
141, -229, -370, 43, 256, -300, 424, 180, 346, 688, 78, -156, 
151, -248, -400, 48, 275, -324, 453, 234, 375, 688, 73, -165, 
161, -268, -429, 53, 295, -348, 483, 283, 414, 702, 73, -165, 
170, -268, -439, 48, 305, -353, 507, 317, 468, 717, 78, -170, 
190, -258, -448, 34, 319, -353, 512, 356, 527, 741, 68, -180, 
209, -229, -439, 9, 324, -334, 531, 395, 614, 790, 87, -156, 
244, -165, -409, -39, 326, -287, 541, 434, 751, 888, 156, -126, 
278, -97, -375, -90, 326, -236, 546, 468, 888, 1015, 248, -78, 
331, -9, -341, -161, 336, -175, 527, 483, 1029, 1171, 356, -4, 
366, 117, -248, -241, 307, -65, 468, 434, 1151, 1361, 507, 112, 
400, 297, -102, -348, 251, 97, 370, 317, 1239, 1566, 712, 263, 
434, 517, 82, -475, 175, 300, 214, 131, 1288, 1781, 941, 453, 
478, 727, 248, -602, 114, 488, 43, -73, 1293, 2010, 1195, 673, 
507, 893, 385, -700, 61, 639, -117, -244, 1298, 2205, 1415, 873, 
531, 1034, 502, -783, 14, 768, -253, -395, 1288, 2386, 1600, 1034, 
551, 1146, 595, -849, -21, 871, -375, -536, 1249, 2513, 1732, 1146, 
541, 1273, 732, -907, -95, 1002, -527, -727, 1180, 2615, 1849, 1259, 
483, 1400, 917, -941, -217, 1159, -663, -946, 1102, 2664, 1937, 1351, 
380, 1405, 1024, -893, -322, 1215, -707, -1093, 946, 2547, 1878, 1337, 
278, 1185, 907, -732, -314, 1046, -639, -1063, 678, 2205, 1615, 1166, 
190, 883, 692, -536, -251, 788, -546, -990, 322, 1722, 1229, 927, 
92, 624, 531, -358, -219, 578, -483, -941, -136, 1146, 834, 692, 
-24, 453, 478, -214, -251, 466, -405, -902, -619, 561, 463, 488, 
-97, 322, 419, -112, -258, 370, -326, -854, -985, 112, 200, 341, 
-102, 214, 317, -56, -209, 265, -287, -790, -1137, -82, 68, 248, 
-82, 146, 229, -31, -156, 187, -268, -732, -1088, -78, 24, 195, 
-58, 87, 146, -14, -102, 117, -234, -653, -941, 0, 24, 156, 
-24, 43, 68, -9, -46, 56, -195, -585, -780, 92, 43, 136, 
14, 9, -4, -12, 9, 2, -161, -531, -634, 185, 58, 117, 
39, 0, -39, -19, 39, -19, -117, -473, -492, 283, 68, 97, 
63, -14, -78, -24, 70, -46, -63, -400, -366, 356, 87, 73, 
73, -34, -107, -19, 90, -70, 9, -302, -258, 419, 87, 53, 
82, -68, -151, -7, 117, -109, 87, -209, -151, 463, 97, 29, 
82, -82, -165, 0, 124, -124, 151, -136, -48, 517, 112, 19, 
82, -87, -170, 2, 126, -129, 190, -92, 43, 556, 131, 14, 
82, -102, -185, 9, 134, -143, 224, -73, 126, 590, 131, -14, 
87, -122, -209, 17, 148, -165, 253, -34, 190, 610, 136, -34, 
87, -141, -229, 26, 158, -185, 273, -9, 248, 629, 131, -53, 
97, -151, -248, 26, 173, -200, 292, 9, 278, 649, 126, -63, 
112, -141, -253, 14, 183, -197, 302, 29, 297, 668, 136, -63, 
117, -141, -258, 12, 187, -200, 317, 53, 326, 697, 141, -53, 
122, -141, -263, 9, 192, -202, 341, 82, 351, 722, 141, -53, 
131, -136, -268, 2, 200, -202, 361, 122, 366, 732, 151, -48, 
136, -141, -278, 2, 207, -209, 370, 146, 380, 741, 151, -53, 
126, -156, -283, 14, 204, -219, 380, 151, 385, 727, 161, -53, 
141, -161, -302, 9, 222, -231, 385, 161, 400, 722, 161, -58, 
156, -170, -326, 7, 241, -248, 385, 161, 424, 722, 161, -58, 
146, -180, -326, 17, 236, -253, 385, 161, 429, 727, 151, -63, 
146, -180, -326, 17, 236, -253, 385, 161, 439, 732, 156, -63, 
151, -185, -336, 17, 244, -261, 385, 170, 444, 741, 161, -63, 
151, -185, -336, 17, 244, -261, 390, 175, 444, 751, 161, -68, 
165, -175, -341, 4, 253, -258, 395, 175, 444, 761, 161, -58, 
165, -175, -341, 4, 253, -258, 400, 180, 453, 766, 165, -58, 
165, -175, -341, 4, 253, -258, 405, 185, 458, 771, 165, -58, 
170, -175, -346, 2, 258, -261, 409, 185, 468, 771, 165, -53, 
161, -180, -341, 9, 251, -261, 419, 195, 463, 771, 165, -58, 
161, -180, -341, 9, 251, -261, 419, 200, 473, 771, 170, -63, 
165, -180, -346, 7, 256, -263, 414, 200, 473, 766, 170, -63, 
165, -175, -341, 4, 253, -258, 414, 200, 478, 761, 170, -68, 
175, -175, -351, 0, 263, -263, 405, 195, 488, 751, 175, -68, 
175, -175, -351, 0, 263, -263, 405, 195, 492, 761, 170, -68, 
175, -175, -351, 0, 263, -263, 405, 195, 497, 761, 165, -68, 
175, -170, -346, -2, 261, -258, 409, 195, 502, 766, 161, -63, 
170, -161, -331, -4, 251, -246, 409, 200, 492, 771, 175, -48, 
175, -161, -336, -7, 256, -248, 409, 200, 492, 771, 175, -48, 
175, -161, -336, -7, 256, -248, 409, 200, 502, 771, 175, -53, 
175, -161, -336, -7, 256, -248, 405, 200, 507, 775, 175, -53, 
185, -161, -346, -12, 265, -253, 395, 209, 517, 766, 180, -58, 
185, -156, -341, -14, 263, -248, 395, 209, 517, 771, 180, -58, 
185, -151, -336, -17, 261, -244, 395, 209, 522, 771, 180, -58, 
185, -151, -336, -17, 261, -244, 395, 209, 527, 780, 185, -58, 
185, -146, -331, -19, 258, -239, 395, 200, 517, 780, 190, -53, 
185, -141, -326, -21, 256, -234, 395, 200, 522, 785, 190, -53, 
185, -141, -326, -21, 256, -234, 395, 200, 527, 790, 195, -53, 
190, -141, -331, -24, 261, -236, 395, 204, 531, 790, 195, -48, 
180, -146, -326, -17, 253, -236, 395, 204, 527, 780, 185, -48, 
185, -141, -326, -21, 256, -234, 395, 204, 527, 785, 195, -48, 
185, -141, -326, -21, 256, -234, 395, 204, 531, 790, 195, -39, 
190, -141, -331, -24, 261, -236, 395, 204, 536, 795, 200, -39, 
190, -146, -336, -21, 263, -241, 395, 219, 546, 800, 209, -34, 
190, -151, -341, -19, 265, -246, 395, 219, 551, 800, 209, -34, 
195, -156, -351, -19, 273, -253, 390, 219, 556, 800, 209, -34, 
195, -156, -351, -19, 273, -253, 390, 219, 566, 805, 214, -29, 
195, -141, -336, -26, 265, -239, 390, 209, 561, 814, 209, -29, 
195, -131, -326, -31, 261, -229, 390, 209, 566, 819, 214, -29, 
195, -117, -312, -39, 253, -214, 390, 209, 570, 824, 219, -29, 
195, -112, -307, -41, 251, -209, 390, 209, 575, 829, 224, -29, 
200, -102, -302, -48, 251, -202, 375, 209, 580, 819, 224, -34, 
200, -97, -297, -51, 248, -197, 375, 209, 585, 829, 229, -29, 
200, -92, -292, -53, 246, -192, 375, 214, 590, 829, 234, -24, 
200, -92, -292, -53, 246, -192, 375, 214, 595, 844, 239, -24, 
209, -82, -292, -63, 251, -187, 370, 214, 600, 839, 244, -19, 
219, -82, -302, -68, 261, -192, 370, 214, 605, 844, 248, -14, 
219, -82, -302, -68, 261, -192, 366, 219, 610, 849, 248, -14, 
224, -73, -297, -75, 261, -185, 366, 219, 614, 854, 253, -14, 
224, -78, -302, -73, 263, -190, 375, 219, 624, 858, 268, -4, 
219, -73, -292, -73, 256, -183, 375, 219, 624, 863, 273, 0, 
219, -78, -297, -70, 258, -187, 370, 219, 624, 868, 278, 4, 
214, -78, -292, -68, 253, -185, 370, 219, 634, 878, 287, 4, 
224, -68, -292, -78, 258, -180, 375, 229, 639, 888, 292, 24, 
229, -63, -292, -82, 261, -178, 375, 234, 649, 897, 297, 29, 
229, -63, -292, -82, 261, -178, 375, 234, 653, 902, 307, 34, 
239, -53, -292, -92, 265, -173, 370, 234, 663, 917, 312, 39, 
239, -58, -297, -90, 268, -178, 370, 244, 668, 917, 317, 34, 
234, -53, -287, -90, 261, -170, 370, 244, 673, 927, 326, 43, 
229, -48, -278, -90, 253, -163, 375, 244, 678, 936, 336, 48, 
234, -48, -283, -92, 258, -165, 380, 244, 692, 946, 346, 53, 
239, -48, -287, -95, 263, -168, 375, 244, 712, 961, 351, 73, 
244, -43, -287, -100, 265, -165, 370, 248, 712, 971, 361, 82, 
244, -29, -273, -107, 258, -151, 366, 248, 722, 990, 370, 87, 
244, -19, -263, -112, 253, -141, 366, 248, 732, 1000, 385, 92, 
258, -9, -268, -124, 263, -139, 370, 248, 732, 1005, 395, 97, 
263, -9, -273, -126, 268, -141, 366, 248, 741, 1010, 395, 107, 
263, 0, -263, -131, 263, -131, 361, 248, 746, 1024, 405, 107, 
268, 9, -258, -139, 263, -124, 361, 244, 751, 1034, 424, 122, 
273, 14, -258, -143, 265, -122, 356, 253, 771, 1044, 434, 131, 
278, 29, -248, -153, 263, -109, 351, 253, 775, 1058, 444, 136, 
283, 39, -244, -161, 263, -102, 346, 248, 785, 1073, 453, 146, 
287, 53, -234, -170, 261, -90, 341, 248, 790, 1088, 473, 156, 
292, 58, -234, -175, 263, -87, 336, 258, 805, 1112, 483, 175, 
297, 63, -234, -180, 265, -85, 331, 258, 810, 1127, 497, 185, 
297, 78, -219, -187, 258, -70, 322, 258, 819, 1141, 507, 200, 
302, 92, -209, -197, 256, -58, 312, 258, 829, 1156, 527, 209, 
307, 112, -195, -209, 251, -41, 317, 244, 834, 1171, 541, 214, 
312, 122, -190, -217, 251, -34, 307, 239, 844, 1180, 556, 219, 
317, 136, -180, -226, 248, -21, 302, 239, 858, 1190, 570, 229, 
322, 141, -180, -231, 251, -19, 297, 234, 878, 1205, 580, 239, 
317, 151, -165, -234, 241, -7, 287, 239, 883, 1215, 585, 248, 
317, 156, -161, -236, 239, -2, 283, 234, 883, 1224, 590, 258, 
322, 175, -146, -248, 234, 14, 278, 229, 883, 1229, 600, 263, 
326, 190, -136, -258, 231, 26, 273, 229, 888, 1239, 610, 268, 
336, 195, -141, -265, 239, 26, 273, 224, 893, 1254, 614, 283, 
336, 204, -131, -270, 234, 36, 268, 219, 897, 1263, 624, 297, 
336, 214, -122, -275, 229, 46, 263, 214, 897, 1273, 634, 307, 
341, 214, -126, -278, 234, 43, 258, 209, 897, 1278, 634, 317, 
351, 224, -126, -287, 239, 48, 244, 200, 897, 1283, 644, 322, 
351, 229, -122, -290, 236, 53, 244, 195, 897, 1283, 644, 326, 
356, 239, -117, -297, 236, 61, 244, 190, 897, 1293, 658, 331, 
356, 244, -112, -300, 234, 65, 239, 185, 897, 1293, 658, 336, 
351, 244, -107, -297, 229, 68, 224, 190, 902, 1302, 663, 346, 
351, 248, -102, -300, 226, 73, 224, 185, 902, 1302, 673, 351, 
346, 248, -97, -297, 222, 75, 224, 175, 897, 1302, 678, 351, 
346, 244, -102, -295, 224, 70, 219, 175, 888, 1293, 678, 341, 
346, 244, -102, -295, 224, 70, 219, 161, 888, 1298, 683, 351, 
341, 244, -97, -292, 219, 73, 214, 156, 878, 1298, 678, 346, 
341, 248, -92, -295, 217, 78, 214, 156, 868, 1283, 663, 341, 
336, 244, -92, -290, 214, 75, 214, 151, 858, 1273, 653, 336, 
331, 239, -92, -285, 212, 73, 204, 146, 854, 1263, 649, 336, 
326, 229, -97, -278, 212, 65, 204, 141, 839, 1244, 634, 326, 
317, 214, -102, -265, 209, 56, 209, 141, 829, 1229, 624, 312, 
317, 200, -117, -258, 217, 41, 219, 136, 814, 1200, 610, 292, 
307, 185, -122, -246, 214, 31, 214, 126, 795, 1180, 600, 287, 
302, 170, -131, -236, 217, 19, 224, 126, 775, 1161, 580, 273, 
287, 146, -141, -217, 214, 2, 229, 126, 761, 1137, 551, 253, 
283, 126, -156, -204, 219, -14, 244, 131, 741, 1117, 536, 244, 
273, 112, -161, -192, 217, -24, 248, 122, 722, 1098, 517, 239, 
263, 102, -161, -183, 212, -29, 258, 122, 707, 1073, 492, 224, 
248, 78, -170, -163, 209, -46, 268, 122, 683, 1049, 478, 200, 
239, 58, -180, -148, 209, -61, 268, 117, 668, 1029, 463, 185, 
248, 43, -204, -146, 226, -80, 273, 117, 644, 990, 444, 170, 
244, 34, -209, -139, 226, -87, 278, 117, 629, 966, 419, 156, 
229, 9, -219, -119, 224, -104, 287, 117, 610, 946, 400, 146, 
224, -9, -234, -107, 229, -122, 292, 117, 590, 922, 380, 126, 
214, -24, -239, -95, 226, -131, 297, 122, 570, 902, 351, 112, 
204, -53, -258, -75, 231, -156, 307, 122, 556, 888, 341, 97, 
195, -68, -263, -63, 229, -165, 307, 122, 541, 873, 322, 82, 
185, -82, -268, -51, 226, -175, 312, 122, 531, 858, 307, 68, 
185, -107, -292, -39, 239, -200, 322, 112, 522, 839, 287, 63, 
185, -117, -302, -34, 244, -209, 326, 117, 507, 824, 273, 58, 
180, -126, -307, -26, 244, -217, 326, 117, 497, 805, 268, 48, 
175, -131, -307, -21, 241, -219, 331, 117, 488, 780, 253, 39, 
165, -141, -307, -12, 236, -224, 336, 117, 468, 766, 239, 14, 
156, -151, -307, -2, 231, -229, 336, 117, 458, 756, 224, 9, 
156, -165, -322, 4, 239, -244, 341, 117, 458, 746, 219, -4, 
156, -170, -326, 7, 241, -248, 346, 117, 448, 736, 204, -14, 
156, -185, -341, 14, 248, -263, 361, 117, 444, 717, 204, -4, 
156, -190, -346, 17, 251, -268, 361, 117, 434, 712, 204, -4, 
151, -200, -351, 24, 251, -275, 361, 117, 434, 707, 200, -9, 
151, -200, -351, 24, 251, -275, 361, 117, 429, 707, 195, -9, 
141, -190, -331, 24, 236, -261, 356, 117, 419, 697, 185, -14, 
141, -195, -336, 26, 239, -265, 356, 117, 414, 692, 180, -19, 
141, -195, -336, 26, 239, -265, 356, 117, 414, 688, 175, -24, 
141, -200, -341, 29, 241, -270, 361, 117, 409, 683, 170, -24, 
151, -204, -356, 26, 253, -280, 361, 117, 409, 683, 170, -39, 
151, -204, -356, 26, 253, -280, 361, 117, 405, 683, 165, -39, 
146, -209, -356, 31, 251, -283, 361, 117, 400, 678, 165, -39, 
146, -209, -356, 31, 251, -283, 361, 117, 400, 678, 161, -39, 
141, -214, -356, 36, 248, -285, 366, 107, 385, 663, 151, -48, 
141, -214, -356, 36, 248, -285, 366, 107, 385, 663, 151, -53, 
141, -219, -361, 39, 251, -290, 370, 107, 380, 663, 151, -53, 
141, -224, -366, 41, 253, -295, 370, 107, 380, 668, 151, -53, 
136, -224, -361, 43, 248, -292, 370, 117, 390, 658, 156, -43, 
136, -224, -361, 43, 248, -292, 370, 117, 380, 658, 156, -43, 
136, -224, -361, 43, 248, -292, 370, 117, 380, 653, 156, -43, 
136, -224, -361, 43, 248, -292, 370, 117, 380, 649, 156, -43, 
136, -219, -356, 41, 246, -287, 370, 117, 375, 653, 156, -53, 
136, -219, -356, 41, 246, -287, 370, 117, 375, 653, 151, -53, 
136, -219, -356, 41, 246, -287, 370, 117, 375, 653, 146, -53, 
136, -219, -356, 41, 246, -287, 375, 112, 375, 653, 146, -53, 
146, -224, -370, 39, 258, -297, 366, 112, 375, 644, 146, -53, 
146, -224, -370, 39, 258, -297, 366, 112, 375, 644, 146, -53, 
146, -224, -370, 39, 258, -297, 366, 112, 380, 644, 146, -53, 
146, -224, -370, 39, 258, -297, 366, 117, 380, 653, 146, -53, 
136, -224, -361, 43, 248, -292, 375, 117, 375, 644, 146, -58, 
136, -224, -361, 43, 248, -292, 375, 117, 375, 649, 146, -58, 
136, -224, -361, 43, 248, -292, 375, 117, 375, 653, 146, -58, 
141, -224, -366, 41, 253, -295, 375, 117, 375, 653, 146, -58, 
141, -234, -375, 46, 258, -305, 375, 117, 385, 653, 151, -48, 
136, -234, -370, 48, 253, -302, 375, 117, 385, 653, 151, -48, 
136, -234, -370, 48, 253, -302, 375, 117, 385, 653, 151, -48, 
141, -229, -370, 43, 256, -300, 380, 117, 385, 649, 151, -48, 
141, -229, -370, 43, 256, -300, 370, 117, 385, 649, 141, -58, 
141, -234, -375, 46, 258, -305, 370, 117, 385, 649, 141, -58, 
141, -234, -375, 46, 258, -305, 370, 117, 385, 649, 141, -58, 
141, -229, -370, 43, 256, -300, 370, 117, 390, 649, 141, -58, 
136, -239, -375, 51, 256, -307, 380, 126, 390, 653, 136, -68, 
131, -239, -370, 53, 251, -305, 380, 126, 390, 653, 136, -68, 
126, -239, -366, 56, 246, -302, 380, 126, 390, 653, 136, -68, 
122, -244, -366, 61, 244, -305, 380, 126, 390, 649, 136, -73, 
122, -248, -370, 63, 246, -309, 390, 136, 385, 639, 136, -73, 
122, -248, -370, 63, 246, -309, 390, 136, 385, 644, 136, -73, 
122, -248, -370, 63, 246, -309, 390, 136, 390, 644, 141, -73, 
122, -248, -370, 63, 246, -309, 390, 136, 390, 639, 141, -73, 
126, -248, -375, 61, 251, -312, 385, 136, 390, 629, 131, -73, 
126, -253, -380, 63, 253, -317, 385, 136, 390, 634, 136, -73, 
131, -253, -385, 61, 258, -319, 385, 136, 390, 634, 136, -73, 
136, -253, -390, 58, 263, -322, 385, 136, 390, 634, 136, -73, 
136, -244, -380, 53, 258, -312, 385, 136, 390, 634, 146, -73, 
136, -244, -380, 53, 258, -312, 380, 136, 390, 634, 146, -73, 
136, -244, -380, 53, 258, -312, 380, 136, 390, 634, 146, -73, 
136, -244, -380, 53, 258, -312, 380, 136, 395, 634, 146, -73, 
136, -244, -380, 53, 258, -312, 380, 126, 395, 629, 136, -73, 
136, -244, -380, 53, 258, -312, 380, 126, 395, 629, 136, -73, 
136, -244, -380, 53, 258, -312, 380, 126, 395, 629, 136, -73, 
136, -244, -380, 53, 258, -312, 380, 126, 390, 629, 136, -73, 
126, -244, -370, 58, 248, -307, 380, 126, 390, 629, 131, -73, 
126, -239, -366, 56, 246, -302, 380, 126, 390, 619, 126, -73, 
126, -239, -366, 56, 246, -302, 380, 126, 390, 619, 126, -73, 
126, -239, -366, 56, 246, -302, 380, 126, 390, 619, 126, -73, 
136, -239, -375, 51, 256, -307, 380, 126, 390, 619, 126, -73, 
136, -244, -380, 53, 258, -312, 380, 126, 390, 624, 126, -73, 
136, -244, -380, 53, 258, -312, 380, 126, 390, 624, 126, -78, 
136, -244, -380, 53, 258, -312, 380, 126, 390, 624, 126, -82, 
136, -253, -390, 58, 263, -322, 390, 126, 390, 614, 126, -82, 
136, -253, -390, 58, 263, -322, 390, 126, 390, 614, 131, -82, 
136, -253, -390, 58, 263, -322, 390, 126, 390, 614, 131, -82, 
136, -253, -390, 58, 263, -322, 390, 126, 390, 610, 126, -87, 
136, -253, -390, 58, 263, -322, 380, 126, 390, 614, 126, -87, 
136, -253, -390, 58, 263, -322, 380, 126, 390, 614, 126, -82, 
136, -253, -390, 58, 263, -322, 380, 126, 390, 619, 126, -82, 
136, -253, -390, 58, 263, -322, 380, 126, 390, 619, 126, -82, 
136, -244, -380, 53, 258, -312, 380, 122, 390, 624, 131, -82, 
136, -244, -380, 53, 258, -312, 380, 122, 390, 619, 131, -82, 
136, -244, -380, 53, 258, -312, 380, 122, 385, 614, 131, -78, 
136, -244, -380, 53, 258, -312, 380, 126, 385, 610, 131, -78, 
136, -253, -390, 58, 263, -322, 380, 126, 375, 595, 126, -78, 
136, -248, -385, 56, 261, -317, 380, 126, 375, 595, 126, -78, 
136, -248, -385, 56, 261, -317, 380, 126, 375, 595, 126, -82, 
136, -248, -385, 56, 261, -317, 380, 126, 370, 595, 126, -82, 
136, -239, -375, 51, 256, -307, 380, 112, 375, 595, 126, -82, 
136, -239, -375, 51, 256, -307, 380, 112, 375, 595, 126, -92, 
136, -244, -380, 53, 258, -312, 380, 112, 375, 590, 122, -92, 
136, -244, -380, 53, 258, -312, 380, 112, 375, 590, 117, -92, 
136, -244, -380, 53, 258, -312, 380, 122, 385, 600, 126, -82, 
136, -244, -380, 53, 258, -312, 380, 117, 380, 600, 126, -78, 
136, -244, -380, 53, 258, -312, 380, 117, 380, 600, 126, -78, 
136, -244, -380, 53, 258, -312, 380, 117, 380, 600, 126, -82, 
136, -244, -380, 53, 258, -312, 370, 126, 380, 595, 117, -82, 
136, -248, -385, 56, 261, -317, 370, 126, 375, 590, 117, -82, 
136, -248, -385, 56, 261, -317, 370, 126, 375, 585, 112, -82, 
136, -248, -385, 56, 261, -317, 370, 126, 375, 580, 112, -82, 
136, -244, -380, 53, 258, -312, 380, 117, 366, 590, 117, -92, 
131, -244, -375, 56, 253, -309, 380, 117, 366, 590, 117, -92, 
131, -244, -375, 56, 253, -309, 380, 117, 366, 585, 117, -92, 
131, -248, -380, 58, 256, -314, 380, 117, 366, 585, 117, -92, 
136, -239, -375, 51, 256, -307, 370, 112, 366, 580, 117, -92, 
136, -239, -375, 51, 256, -307, 370, 112, 366, 580, 112, -92, 
136, -239, -375, 51, 256, -307, 370, 112, 361, 575, 112, -92, 
136, -239, -375, 51, 256, -307, 375, 112, 361, 575, 112, -92, 
136, -239, -375, 51, 256, -307, 375, 122, 361, 580, 102, -92, 
136, -239, -375, 51, 256, -307, 375, 122, 361, 580, 102, -92, 
136, -239, -375, 51, 256, -307, 375, 122, 361, 575, 97, -97, 
136, -239, -375, 51, 256, -307, 375, 122, 361, 575, 97, -97, 
136, -248, -385, 56, 261, -317, 375, 122, 361, 575, 97, -92, 
136, -248, -385, 56, 261, -317, 375, 122, 366, 575, 102, -92, 
136, -244, -380, 53, 258, -312, 375, 122, 366, 575, 107, -92, 
136, -244, -380, 53, 258, -312, 375, 122, 366, 575, 107, -92, 
136, -248, -385, 56, 261, -317, 375, 122, 356, 566, 102, -87, 
136, -248, -385, 56, 261, -317, 375, 122, 356, 566, 102, -87, 
136, -248, -385, 56, 261, -317, 375, 122, 351, 561, 102, -92, 
136, -244, -380, 53, 258, -312, 375, 122, 351, 561, 97, -97, 
126, -244, -370, 58, 248, -307, 375, 122, 361, 551, 97, -97, 
126, -244, -370, 58, 248, -307, 375, 122, 361, 551, 97, -102, 
126, -244, -370, 58, 248, -307, 375, 122, 361, 551, 92, -102, 
126, -244, -370, 58, 248, -307, 375, 117, 361, 551, 92, -102, 
136, -244, -380, 53, 258, -312, 375, 117, 351, 551, 102, -102, 
136, -244, -380, 53, 258, -312, 375, 117, 351, 551, 102, -102, 
136, -244, -380, 53, 258, -312, 375, 117, 346, 551, 102, -102, 
136, -244, -380, 53, 258, -312, 375, 117, 341, 551, 102, -102, 
136, -234, -370, 48, 253, -302, 375, 122, 341, 551, 92, -107, 
136, -239, -375, 51, 256, -307, 375, 122, 346, 556, 92, -107, 
136, -239, -375, 51, 256, -307, 375, 122, 346, 556, 92, -102, 
136, -239, -375, 51, 256, -307, 375, 122, 346, 556, 92, -102, 
136, -248, -385, 56, 261, -317, 375, 122, 346, 551, 92, -102, 
136, -248, -385, 56, 261, -317, 375, 122, 346, 551, 92, -102, 
136, -248, -385, 56, 261, -317, 375, 122, 346, 546, 92, -102, 
136, -248, -385, 56, 261, -317, 375, 122, 346, 536, 92, -102, 
126, -239, -366, 56, 246, -302, 380, 122, 351, 546, 82, -102, 
126, -239, -366, 56, 246, -302, 380, 122, 351, 546, 82, -102, 
126, -239, -366, 56, 246, -302, 375, 117, 356, 546, 82, -102, 
126, -239, -366, 56, 246, -302, 375, 117, 356, 546, 82, -102, 
136, -229, -366, 46, 251, -297, 385, 117, 356, 546, 92, -102, 
136, -234, -370, 48, 253, -302, 385, 117, 356, 546, 87, -102, 
136, -234, -370, 48, 253, -302, 385, 117, 361, 546, 87, -107, 
136, -234, -370, 48, 253, -302, 385, 117, 361, 546, 87, -107, 
126, -244, -370, 58, 248, -307, 375, 122, 351, 556, 97, -102, 
126, -244, -370, 58, 248, -307, 375, 122, 351, 556, 92, -102, 
126, -239, -366, 56, 246, -302, 375, 122, 356, 556, 92, -102, 
126, -239, -366, 56, 246, -302, 380, 122, 356, 556, 92, -102, 
126, -239, -366, 56, 246, -302, 380, 122, 346, 546, 87, -107, 
126, -244, -370, 58, 248, -307, 380, 122, 346, 546, 87, -107, 
126, -244, -370, 58, 248, -307, 380, 122, 346, 546, 87, -107, 
126, -244, -370, 58, 248, -307, 380, 122, 346, 546, 87, -107, 
126, -248, -375, 61, 251, -312, 380, 122, 356, 536, 87, -107, 
126, -248, -375, 61, 251, -312, 380, 122, 351, 536, 87, -107, 
126, -248, -375, 61, 251, -312, 380, 122, 351, 536, 87, -107, 
126, -248, -375, 61, 251, -312, 380, 122, 356, 536, 87, -107, 
136, -258, -395, 61, 265, -326, 380, 122, 346, 527, 92, -107, 
136, -258, -395, 61, 265, -326, 380, 122, 346, 531, 92, -107, 
136, -258, -395, 61, 265, -326, 380, 122, 346, 531, 92, -107, 
136, -258, -395, 61, 265, -326, 380, 122, 346, 531, 92, -107, 
126, -258, -385, 65, 256, -322, 390, 126, 346, 527, 92, -97, 
126, -253, -380, 63, 253, -317, 390, 126, 346, 527, 87, -97, 
126, -253, -380, 63, 253, -317, 390, 126, 341, 527, 87, -97, 
126, -253, -380, 63, 253, -317, 390, 126, 341, 527, 87, -92, 
126, -263, -390, 68, 258, -326, 380, 126, 351, 527, 78, -102, 
126, -263, -390, 68, 258, -326, 380, 126, 351, 527, 82, -102, 
126, -263, -390, 68, 258, -326, 375, 126, 351, 531, 82, -102, 
126, -258, -385, 65, 256, -322, 375, 126, 351, 531, 82, -102, 
136, -248, -385, 56, 261, -317, 385, 117, 341, 522, 82, -112, 
136, -248, -385, 56, 261, -317, 385, 117, 341, 517, 82, -112, 
136, -248, -385, 56, 261, -317, 385, 117, 341, 517, 78, -112, 
136, -248, -385, 56, 261, -317, 385, 117, 341, 517, 78, -112, 
136, -239, -375, 51, 256, -307, 375, 126, 346, 527, 78, -102, 
136, -239, -375, 51, 256, -307, 375, 126, 346, 527, 78, -102, 
136, -239, -375, 51, 256, -307, 375, 126, 346, 527, 78, -102, 
136, -239, -375, 51, 256, -307, 375, 126, 346, 527, 82, -102, 
126, -248, -375, 61, 251, -312, 385, 126, 346, 531, 82, -102, 
126, -248, -375, 61, 251, -312, 385, 126, 346, 531, 82, -102, 
126, -244, -370, 58, 248, -307, 385, 126, 346, 527, 82, -102, 
126, -244, -370, 58, 248, -307, 385, 126, 346, 527, 82, -102, 
126, -244, -370, 58, 248, -307, 385, 126, 346, 517, 73, -102, 
126, -244, -370, 58, 248, -307, 385, 126, 346, 517, 73, -102, 
126, -244, -370, 58, 248, -307, 385, 122, 346, 517, 73, -102, 
126, -244, -370, 58, 248, -307, 380, 122, 346, 522, 73, -102, 
131, -239, -370, 53, 251, -305, 370, 126, 336, 512, 73, -102, 
131, -239, -370, 53, 251, -305, 370, 126, 336, 517, 73, -102, 
131, -239, -370, 53, 251, -305, 370, 126, 336, 517, 73, -102, 
131, -239, -370, 53, 251, -305, 370, 126, 336, 517, 73, -102, 
131, -239, -370, 53, 251, -305, 370, 126, 326, 507, 73, -102, 
131, -239, -370, 53, 251, -305, 370, 126, 326, 507, 73, -102, 
126, -239, -366, 56, 246, -302, 370, 126, 326, 507, 73, -97, 
126, -234, -361, 53, 244, -297, 370, 126, 331, 517, 78, -97, 
141, -234, -375, 46, 258, -305, 366, 117, 336, 517, 68, -107, 
141, -239, -380, 48, 261, -309, 366, 117, 336, 517, 68, -107, 
141, -239, -380, 48, 261, -309, 366, 117, 331, 512, 73, -107, 
141, -234, -375, 46, 258, -305, 366, 117, 331, 502, 73, -107, 
131, -244, -375, 56, 253, -309, 366, 126, 331, 502, 68, -112, 
131, -229, -361, 48, 246, -295, 366, 131, 331, 502, 68, -107, 
131, -224, -356, 46, 244, -290, 366, 131, 341, 507, 73, -102, 
136, -219, -356, 41, 246, -287, 366, 131, 341, 507, 78, -97, 
136, -219, -356, 41, 246, -287, 375, 131, 331, 497, 73, -102, 
136, -224, -361, 43, 248, -292, 375, 126, 331, 492, 73, -102, 
136, -224, -361, 43, 248, -292, 375, 122, 331, 492, 73, -102, 
131, -224, -356, 46, 244, -290, 375, 117, 336, 497, 78, -102, 
141, -234, -375, 46, 258, -305, 375, 122, 336, 502, 73, -102, 
141, -234, -375, 46, 258, -305, 366, 122, 341, 507, 73, -97, 
136, -234, -370, 48, 253, -302, 370, 117, 331, 497, 78, -107, 
126, -234, -361, 53, 244, -297, 370, 126, 331, 497, 68, -97, 
126, -234, -361, 53, 244, -297, 370, 126, 331, 497, 68, -97, 
126, -234, -361, 53, 244, -297, 370, 126, 331, 497, 68, -97, 
126, -234, -361, 53, 244, -297, 370, 126, 331, 497, 68, -97, 
136, -244, -380, 53, 258, -312, 370, 126, 331, 497, 68, -97, 
136, -244, -380, 53, 258, -312, 370, 126, 331, 497, 68, -97, 
136, -244, -380, 53, 258, -312, 370, 126, 331, 497, 68, -97, 
136, -244, -380, 53, 258, -312, 370, 126, 331, 497, 68, -97, 
136, -239, -375, 51, 256, -307, 370, 126, 341, 507, 78, -97, 
136, -234, -370, 48, 253, -302, 370, 126, 341, 507, 78, -97, 
136, -229, -366, 46, 251, -297, 370, 126, 341, 507, 78, -97, 
136, -224, -361, 43, 248, -292, 370, 126, 341, 507, 78, -97, 
146, -219, -366, 36, 256, -292, 361, 117, 346, 512, 87, -92, 
146, -214, -361, 34, 253, -287, 361, 117, 351, 517, 87, -87, 
146, -209, -356, 31, 251, -283, 361, 117, 356, 522, 87, -82, 
146, -204, -351, 29, 248, -278, 361, 117, 361, 527, 87, -78, 
146, -190, -336, 21, 241, -263, 370, 126, 366, 531, 92, -78, 
146, -185, -331, 19, 239, -258, 370, 126, 370, 536, 97, -78, 
146, -180, -326, 17, 236, -253, 370, 126, 375, 541, 102, -78, 
146, -170, -317, 12, 231, -244, 370, 126, 385, 546, 107, -73, 
146, -170, -317, 12, 231, -244, 361, 117, 380, 541, 97, -73, 
146, -170, -317, 12, 231, -244, 361, 117, 380, 541, 102, -73, 
146, -165, -312, 9, 229, -239, 361, 117, 380, 541, 102, -73, 
146, -165, -312, 9, 229, -239, 361, 117, 380, 546, 97, -73, 
141, -151, -292, 4, 217, -222, 370, 126, 395, 546, 107, -73, 
141, -146, -287, 2, 214, -217, 370, 126, 395, 541, 107, -73, 
146, -146, -292, 0, 219, -219, 370, 126, 400, 541, 107, -73, 
146, -146, -292, 0, 219, -219, 366, 126, 400, 551, 107, -73, 
151, -146, -297, -2, 224, -222, 361, 126, 400, 551, 102, -68, 
151, -146, -297, -2, 224, -222, 356, 126, 400, 551, 102, -68, 
151, -151, -302, 0, 226, -226, 356, 126, 400, 546, 102, -73, 
151, -151, -302, 0, 226, -226, 356, 122, 400, 546, 102, -73, 
156, -151, -307, -2, 231, -229, 346, 122, 395, 546, 112, -58, 
156, -151, -307, -2, 231, -229, 341, 117, 390, 546, 112, -58, 
156, -151, -307, -2, 231, -229, 336, 107, 390, 541, 107, -53, 
156, -151, -307, -2, 231, -229, 331, 97, 390, 541, 107, -53, 
146, -151, -297, 2, 222, -224, 322, 82, 390, 541, 107, -58, 
146, -151, -297, 2, 222, -224, 317, 78, 385, 541, 107, -63, 
146, -151, -297, 2, 222, -224, 312, 78, 375, 541, 102, -68, 
146, -151, -297, 2, 222, -224, 307, 78, 370, 541, 102, -68, 
146, -165, -312, 9, 229, -239, 297, 68, 361, 531, 102, -58, 
146, -170, -317, 12, 231, -244, 297, 68, 356, 531, 102, -58, 
146, -175, -322, 14, 234, -248, 297, 68, 356, 531, 102, -58, 
146, -180, -326, 17, 236, -253, 297, 68, 356, 536, 102, -53, 
156, -180, -336, 12, 246, -258, 307, 73, 356, 536, 117, -39, 
161, -180, -341, 9, 251, -261, 312, 73, 361, 536, 117, -39, 
170, -180, -351, 4, 261, -265, 317, 78, 361, 536, 122, -39, 
170, -185, -356, 7, 263, -270, 322, 78, 356, 536, 122, -39, 
185, -180, -366, -2, 275, -273, 317, 82, 361, 546, 122, -39, 
190, -180, -370, -4, 280, -275, 317, 97, 361, 546, 122, -39, 
195, -175, -370, -9, 283, -273, 317, 102, 366, 551, 122, -29, 
195, -175, -370, -9, 283, -273, 317, 117, 366, 551, 122, -29, 
204, -195, -400, -4, 302, -297, 312, 112, 356, 551, 112, -43, 
204, -195, -400, -4, 302, -297, 312, 107, 356, 551, 112, -43, 
200, -200, -400, 0, 300, -300, 326, 102, 361, 551, 112, -39, 
190, -200, -390, 4, 290, -295, 331, 102, 361, 551, 112, -39, 
175, -209, -385, 17, 280, -297, 336, 102, 366, 551, 122, -34, 
170, -214, -385, 21, 278, -300, 341, 107, 366, 551, 122, -39, 
165, -214, -380, 24, 273, -297, 346, 107, 366, 556, 122, -39, 
161, -214, -375, 26, 268, -295, 346, 107, 366, 556, 122, -43, 
156, -224, -380, 34, 268, -302, 366, 107, 366, 561, 117, -43, 
156, -234, -390, 39, 273, -312, 366, 107, 361, 546, 112, -48, 
156, -239, -395, 41, 275, -317, 370, 112, 356, 541, 107, -53, 
151, -244, -395, 46, 273, -319, 375, 112, 356, 536, 102, -58, 
151, -248, -400, 48, 275, -324, 390, 122, 346, 531, 97, -73, 
151, -258, -409, 53, 280, -334, 390, 122, 346, 522, 87, -78, 
141, -268, -409, 63, 275, -339, 390, 122, 341, 512, 82, -87, 
141, -273, -414, 65, 278, -344, 395, 122, 331, 507, 73, -87, 
136, -283, -419, 73, 278, -351, 395, 131, 326, 502, 68, -92, 
136, -292, -429, 78, 283, -361, 395, 131, 322, 497, 58, -97, 
131, -302, -434, 85, 283, -368, 395, 131, 317, 497, 53, -102, 
131, -317, -448, 92, 290, -383, 395, 131, 312, 492, 48, -107, 
131, -307, -439, 87, 285, -373, 395, 131, 312, 492, 58, -112, 
131, -307, -439, 87, 285, -373, 395, 131, 312, 488, 58, -112, 
136, -307, -444, 85, 290, -375, 395, 131, 312, 483, 58, -107, 
136, -307, -444, 85, 290, -375, 395, 131, 317, 478, 58, -107, 
131, -297, -429, 82, 280, -363, 400, 131, 317, 483, 53, -107, 
131, -302, -434, 85, 283, -368, 400, 131, 317, 483, 53, -112, 
136, -302, -439, 82, 287, -370, 400, 136, 312, 483, 53, -112, 
136, -297, -434, 80, 285, -366, 400, 136, 312, 483, 53, -112, 
136, -307, -444, 85, 290, -375, 400, 126, 312, 483, 53, -112, 
131, -312, -444, 90, 287, -378, 400, 126, 317, 488, 53, -112, 
131, -312, -444, 90, 287, -378, 400, 126, 317, 488, 53, -112, 
131, -312, -444, 90, 287, -378, 400, 131, 317, 488, 53, -112, 
131, -302, -434, 85, 283, -368, 400, 131, 317, 478, 43, -122, 
131, -302, -434, 85, 283, -368, 405, 131, 312, 478, 39, -122, 
131, -302, -434, 85, 283, -368, 405, 131, 312, 478, 39, -122, 
131, -302, -434, 85, 283, -368, 405, 131, 317, 478, 43, -117, 
122, -312, -434, 95, 278, -373, 395, 141, 326, 488, 53, -117, 
122, -312, -434, 95, 278, -373, 395, 141, 326, 488, 53, -117, 
122, -307, -429, 92, 275, -368, 395, 141, 326, 488, 53, -117, 
122, -307, -429, 92, 275, -368, 395, 141, 326, 488, 58, -117, 
122, -297, -419, 87, 270, -358, 385, 131, 326, 488, 58, -117, 
122, -297, -419, 87, 270, -358, 385, 131, 326, 488, 58, -117, 
122, -297, -419, 87, 270, -358, 390, 131, 326, 488, 58, -117, 
122, -297, -419, 87, 270, -358, 390, 131, 326, 488, 58, -117, 
122, -287, -409, 82, 265, -348, 400, 141, 336, 497, 68, -107, 
126, -297, -424, 85, 275, -361, 400, 151, 341, 502, 73, -107, 
136, -297, -434, 80, 285, -366, 400, 141, 336, 492, 63, -107, 
136, -287, -424, 75, 280, -356, 405, 141, 331, 492, 68, -102, 
136, -287, -424, 75, 280, -356, 405, 141, 331, 483, 58, -107, 
136, -302, -439, 82, 287, -370, 405, 151, 331, 483, 48, -126, 
136, -312, -448, 87, 292, -380, 409, 161, 336, 483, 29, -136, 
141, -326, -468, 92, 305, -397, 424, 200, 346, 473, 19, -156, 
141, -336, -478, 97, 309, -407, 463, 253, 375, 473, 14, -165, 
151, -336, -488, 92, 319, -412, 483, 292, 405, 478, 4, -175, 
170, -336, -507, 82, 339, -422, 497, 326, 448, 483, 0, -180, 
190, -326, -517, 68, 353, -422, 512, 366, 507, 507, 9, -190, 
209, -297, -507, 43, 358, -402, 531, 405, 605, 556, 39, -185, 
234, -253, -488, 9, 361, -370, 551, 444, 732, 653, 87, -156, 
268, -185, -453, -41, 361, -319, 566, 497, 888, 780, 161, -107, 
322, -87, -409, -117, 366, -248, 546, 522, 1019, 927, 268, -24, 
366, 29, -336, -197, 351, -153, 488, 473, 1132, 1107, 409, 92, 
390, 190, -200, -290, 295, -4, 390, 336, 1190, 1283, 595, 234, 
424, 390, -34, -407, 229, 178, 244, 151, 1210, 1478, 814, 414, 
468, 600, 131, -534, 168, 366, 63, -73, 1195, 1688, 1068, 624, 
507, 775, 268, -641, 119, 522, -126, -273, 1190, 1912, 1307, 834, 
551, 917, 366, -734, 92, 641, -273, -434, 1161, 2074, 1503, 995, 
570, 1019, 448, -795, 61, 734, -405, -595, 1093, 2191, 1644, 1127, 
561, 1137, 575, -849, -7, 856, -546, -785, 1015, 2293, 1761, 1239, 
522, 1273, 751, -897, -114, 1012, -692, -1005, 946, 2371, 1859, 1342, 
439, 1307, 868, -873, -214, 1088, -785, -1161, 800, 2293, 1839, 1366, 
326, 1117, 790, -722, -231, 954, -727, -1161, 531, 1981, 1605, 1244, 
229, 795, 566, -512, -168, 680, -614, -1058, 195, 1507, 1239, 995, 
131, 517, 385, -324, -126, 451, -512, -980, -214, 961, 844, 751, 
14, 346, 331, -180, -158, 339, -424, -941, -649, 405, 492, 546, 
-68, 224, 292, -78, -180, 258, -356, -893, -995, -43, 229, 400, 
-82, 126, 209, -21, -146, 168, -317, -839, -1146, -278, 68, 297, 
-73, 39, 112, 17, -92, 75, -287, -761, -1117, -302, -4, 214, 
-48, -29, 19, 39, -34, -4, -244, -683, -961, -234, -24, 165, 
-4, -63, -58, 34, 26, -61, -214, -624, -790, -122, -14, 146, 
34, -68, -102, 17, 68, -85, -200, -561, -624, -9, 9, 126, 
48, -78, -126, 14, 87, -102, -136, -483, -463, 87, 29, 107, 
63, -82, -146, 9, 104, -114, -63, -390, -336, 161, 48, 82, 
92, -102, -195, 4, 143, -148, 19, -283, -219, 224, 58, 63, 
102, -126, -229, 12, 165, -178, 87, -190, -112, 278, 68, 48, 
92, -131, -224, 19, 158, -178, 151, -136, -9, 322, 82, 39, 
82, -136, -219, 26, 151, -178, 180, -102, 73, 361, 92, 24, 
82, -161, -244, 39, 163, -202, 214, -63, 146, 385, 102, 4, 
87, -180, -268, 46, 178, -224, 244, -34, 200, 405, 97, -24, 
97, -200, -297, 51, 197, -248, 263, -9, 239, 414, 82, -53, 
97, -219, -317, 61, 207, -268, 283, 9, 268, 434, 78, -73, 
112, -209, -322, 48, 217, -265, 302, 39, 307, 463, 78, -82, 
117, -190, -307, 36, 212, -248, 317, 63, 326, 483, 82, -82, 
122, -190, -312, 34, 217, -251, 341, 92, 331, 497, 82, -82, 
131, -185, -317, 26, 224, -251, 361, 122, 346, 507, 82, -78, 
136, -190, -326, 26, 231, -258, 370, 146, 361, 507, 82, -73, 
136, -195, -331, 29, 234, -263, 370, 161, 375, 512, 92, -73, 
131, -200, -331, 34, 231, -265, 375, 170, 390, 507, 92, -78, 
136, -219, -356, 41, 246, -287, 395, 170, 405, 517, 92, -78, 
146, -229, -375, 41, 261, -302, 395, 170, 419, 522, 92, -92, 
146, -229, -375, 41, 261, -302, 395, 170, 429, 527, 97, -92, 
151, -234, -385, 41, 268, -309, 395, 180, 434, 536, 102, -92, 
151, -234, -385, 41, 268, -309, 400, 185, 434, 546, 102, -97, 
156, -224, -380, 34, 268, -302, 395, 195, 424, 541, 97, -97, 
156, -224, -380, 34, 268, -302, 400, 200, 434, 541, 97, -97, 
156, -224, -380, 34, 268, -302, 405, 204, 439, 541, 92, -97, 
161, -224, -385, 31, 273, -305, 409, 204, 448, 536, 87, -92, 
151, -219, -370, 34, 261, -295, 409, 204, 448, 531, 78, -102, 
151, -219, -370, 34, 261, -295, 409, 209, 453, 536, 82, -102, 
156, -219, -375, 31, 265, -297, 405, 209, 448, 536, 82, -97, 
156, -214, -370, 29, 263, -292, 405, 209, 448, 536, 82, -97, 
165, -214, -380, 24, 273, -297, 405, 214, 453, 546, 82, -107, 
165, -214, -380, 24, 273, -297, 405, 214, 463, 556, 82, -107, 
165, -214, -380, 24, 273, -297, 405, 214, 473, 556, 82, -107, 
165, -209, -375, 21, 270, -292, 409, 214, 483, 561, 82, -102, 
170, -200, -370, 14, 270, -285, 409, 219, 473, 556, 97, -97, 
175, -200, -375, 12, 275, -287, 409, 219, 473, 556, 97, -97, 
175, -200, -375, 12, 275, -287, 409, 219, 483, 556, 97, -102, 
175, -200, -375, 12, 275, -287, 405, 219, 488, 561, 97, -102, 
175, -209, -385, 17, 280, -297, 405, 229, 497, 566, 107, -92, 
175, -204, -380, 14, 278, -292, 405, 229, 497, 575, 112, -87, 
175, -200, -375, 12, 275, -287, 405, 229, 502, 580, 117, -82, 
175, -200, -375, 12, 275, -287, 405, 229, 507, 595, 126, -78, 
165, -204, -370, 19, 268, -287, 405, 239, 507, 595, 122, -73, 
165, -200, -366, 17, 265, -283, 405, 239, 512, 600, 122, -73, 
165, -200, -366, 17, 265, -283, 405, 239, 517, 605, 126, -73, 
170, -200, -370, 14, 270, -285, 405, 244, 522, 605, 126, -68, 
180, -190, -370, 4, 275, -280, 395, 244, 517, 600, 117, -78, 
185, -180, -366, -2, 275, -273, 395, 244, 517, 600, 126, -78, 
185, -175, -361, -4, 273, -268, 395, 244, 522, 600, 126, -68, 
190, -170, -361, -9, 275, -265, 395, 244, 527, 600, 131, -68, 
180, -170, -351, -4, 265, -261, 395, 239, 531, 605, 131, -73, 
180, -170, -351, -4, 265, -261, 395, 239, 531, 605, 131, -73, 
185, -170, -356, -7, 270, -263, 390, 239, 531, 605, 131, -73, 
185, -165, -351, -9, 268, -258, 390, 239, 536, 610, 136, -68, 
195, -156, -351, -19, 273, -253, 390, 239, 541, 619, 131, -58, 
195, -151, -346, -21, 270, -248, 390, 239, 546, 624, 136, -58, 
195, -141, -336, -26, 265, -239, 390, 239, 551, 629, 141, -58, 
195, -141, -336, -26, 265, -239, 390, 239, 556, 634, 146, -58, 
200, -151, -351, -24, 275, -251, 385, 248, 561, 634, 146, -43, 
200, -146, -346, -26, 273, -246, 385, 248, 566, 644, 151, -39, 
200, -141, -341, -29, 270, -241, 385, 253, 570, 644, 156, -34, 
200, -141, -341, -29, 270, -241, 385, 253, 575, 658, 161, -34, 
190, -141, -331, -24, 261, -236, 380, 253, 580, 663, 175, -29, 
200, -141, -341, -29, 270, -241, 380, 253, 585, 668, 180, -24, 
200, -141, -341, -29, 270, -241, 375, 258, 590, 673, 180, -24, 
204, -131, -336, -36, 270, -234, 375, 258, 595, 678, 185, -24, 
209, -112, -322, -48, 265, -217, 375, 248, 595, 683, 180, -24, 
209, -102, -312, -53, 261, -207, 375, 248, 595, 688, 185, -19, 
214, -102, -317, -56, 265, -209, 370, 248, 595, 692, 190, -14, 
214, -97, -312, -58, 263, -204, 370, 248, 605, 702, 200, -14, 
214, -87, -302, -63, 258, -195, 375, 258, 600, 707, 195, -14, 
219, -82, -302, -68, 261, -192, 375, 263, 610, 712, 200, -9, 
219, -82, -302, -68, 261, -192, 375, 263, 614, 712, 209, -4, 
229, -73, -302, -78, 265, -187, 370, 263, 624, 722, 214, 0, 
224, -68, -292, -78, 258, -180, 366, 273, 634, 741, 219, 14, 
224, -63, -287, -80, 256, -175, 361, 273, 644, 751, 229, 24, 
224, -58, -283, -82, 253, -170, 361, 273, 653, 761, 239, 29, 
234, -58, -292, -87, 263, -175, 361, 273, 673, 771, 248, 34, 
248, -48, -297, -100, 273, -173, 356, 273, 673, 775, 253, 43, 
253, -43, -297, -104, 275, -170, 351, 278, 673, 785, 263, 53, 
253, -29, -283, -112, 268, -156, 346, 278, 683, 805, 273, 58, 
253, -19, -273, -117, 263, -146, 346, 278, 692, 814, 287, 63, 
258, -19, -278, -119, 268, -148, 341, 278, 702, 829, 307, 78, 
263, -19, -283, -122, 273, -151, 336, 278, 712, 834, 307, 87, 
263, -9, -273, -126, 268, -141, 331, 278, 717, 849, 317, 87, 
268, 0, -268, -134, 268, -134, 331, 273, 722, 858, 336, 102, 
273, 14, -258, -143, 265, -122, 326, 273, 732, 873, 336, 102, 
278, 29, -248, -153, 263, -109, 322, 273, 736, 883, 346, 107, 
283, 39, -244, -161, 263, -102, 317, 268, 746, 893, 356, 117, 
287, 53, -234, -170, 261, -90, 312, 268, 751, 902, 375, 126, 
302, 82, -219, -192, 261, -68, 297, 258, 756, 917, 385, 136, 
307, 92, -214, -200, 261, -61, 292, 258, 761, 932, 400, 146, 
307, 112, -195, -209, 251, -41, 283, 258, 771, 946, 409, 161, 
312, 131, -180, -222, 246, -24, 273, 258, 780, 961, 429, 170, 
307, 141, -165, -224, 236, -12, 278, 263, 785, 966, 429, 175, 
312, 151, -161, -231, 236, -4, 268, 258, 795, 976, 439, 180, 
317, 165, -151, -241, 234, 7, 263, 258, 810, 985, 448, 190, 
322, 170, -151, -246, 236, 9, 258, 253, 829, 1000, 453, 200, 
336, 170, -165, -253, 251, 2, 248, 248, 834, 1024, 478, 219, 
336, 175, -161, -256, 248, 7, 244, 244, 834, 1039, 483, 229, 
341, 195, -146, -268, 244, 24, 239, 239, 834, 1049, 492, 234, 
346, 209, -136, -278, 241, 36, 234, 239, 839, 1063, 502, 239, 
356, 204, -151, -280, 253, 26, 224, 224, 854, 1078, 522, 253, 
356, 214, -141, -285, 248, 36, 219, 219, 858, 1088, 536, 268, 
356, 224, -131, -290, 244, 46, 214, 214, 858, 1098, 551, 278, 
361, 224, -136, -292, 248, 43, 209, 209, 858, 1102, 556, 287, 
351, 234, -117, -292, 234, 58, 204, 219, 868, 1098, 556, 302, 
351, 239, -112, -295, 231, 63, 204, 214, 868, 1098, 556, 307, 
356, 248, -107, -302, 231, 70, 204, 209, 868, 1107, 570, 312, 
356, 253, -102, -305, 229, 75, 200, 204, 868, 1107, 570, 317, 
361, 258, -102, -309, 231, 78, 190, 200, 873, 1112, 570, 317, 
361, 268, -92, -314, 226, 87, 185, 195, 873, 1117, 575, 322, 
356, 273, -82, -314, 219, 95, 180, 185, 868, 1122, 575, 322, 
356, 273, -82, -314, 219, 95, 170, 185, 858, 1117, 570, 312, 
366, 278, -87, -322, 226, 95, 170, 170, 868, 1127, 580, 322, 
361, 273, -87, -317, 224, 92, 165, 165, 858, 1132, 580, 317, 
361, 273, -87, -317, 224, 92, 165, 165, 849, 1122, 570, 312, 
356, 263, -92, -309, 224, 85, 165, 161, 839, 1117, 566, 307, 
351, 253, -97, -302, 224, 78, 156, 146, 834, 1112, 570, 312, 
346, 248, -97, -297, 222, 75, 156, 141, 819, 1098, 556, 307, 
336, 239, -97, -287, 217, 70, 161, 141, 810, 1088, 546, 297, 
336, 229, -107, -283, 222, 61, 170, 136, 795, 1063, 531, 283, 
326, 224, -102, -275, 214, 61, 175, 136, 795, 1054, 512, 268, 
322, 209, -112, -265, 217, 48, 185, 136, 775, 1034, 492, 253, 
307, 185, -122, -246, 214, 31, 190, 136, 761, 1010, 463, 234, 
302, 165, -136, -234, 219, 14, 204, 141, 741, 990, 448, 224, 
292, 141, -151, -217, 222, -4, 209, 131, 722, 961, 424, 204, 
283, 131, -151, -207, 217, -9, 219, 131, 707, 936, 395, 185, 
268, 107, -161, -187, 214, -26, 229, 131, 683, 912, 375, 156, 
258, 87, -170, -173, 214, -41, 229, 126, 668, 893, 356, 136, 
258, 82, -175, -170, 217, -46, 234, 136, 658, 868, 341, 126, 
253, 73, -180, -163, 217, -53, 239, 136, 649, 849, 322, 117, 
239, 48, -190, -143, 214, -70, 248, 136, 634, 834, 307, 112, 
234, 29, -204, -131, 219, -87, 253, 136, 619, 814, 292, 97, 
229, 4, -224, -117, 226, -109, 268, 131, 595, 795, 273, 82, 
224, -24, -248, -100, 236, -136, 278, 131, 575, 780, 263, 68, 
219, -39, -258, -90, 239, -148, 278, 131, 556, 766, 244, 53, 
214, -53, -268, -80, 241, -161, 283, 131, 541, 751, 229, 39, 
195, -78, -273, -58, 234, -175, 302, 131, 541, 746, 229, 29, 
195, -87, -283, -53, 239, -185, 307, 136, 527, 736, 214, 29, 
190, -97, -287, -46, 239, -192, 307, 136, 517, 722, 209, 24, 
185, -102, -287, -41, 236, -195, 312, 136, 507, 702, 195, 19, 
185, -112, -297, -36, 241, -204, 317, 136, 492, 678, 180, 4, 
175, -122, -297, -26, 236, -209, 317, 136, 478, 668, 165, 0, 
175, -136, -312, -19, 244, -224, 322, 136, 473, 658, 161, -14, 
175, -141, -317, -17, 246, -229, 326, 136, 458, 649, 146, -24, 
156, -156, -312, 0, 234, -234, 341, 136, 444, 629, 131, -39, 
156, -161, -317, 2, 236, -239, 341, 136, 434, 624, 126, -43, 
151, -170, -322, 9, 236, -246, 341, 136, 434, 619, 117, -53, 
151, -170, -322, 9, 236, -246, 341, 136, 429, 619, 107, -58, 
161, -180, -341, 9, 251, -261, 346, 146, 429, 619, 107, -63, 
161, -185, -346, 12, 253, -265, 346, 146, 424, 614, 102, -68, 
161, -185, -346, 12, 253, -265, 346, 146, 424, 610, 97, -73, 
161, -190, -351, 14, 256, -270, 351, 146, 419, 605, 92, -73, 
151, -195, -346, 21, 248, -270, 351, 146, 419, 605, 92, -68, 
151, -195, -346, 21, 248, -270, 351, 146, 414, 605, 87, -68, 
146, -200, -346, 26, 246, -273, 351, 146, 409, 600, 87, -68, 
146, -200, -346, 26, 246, -273, 351, 146, 409, 600, 82, -68, 
141, -195, -336, 26, 239, -265, 356, 146, 414, 595, 82, -68, 
141, -195, -336, 26, 239, -265, 356, 146, 414, 595, 82, -73, 
141, -200, -341, 29, 241, -270, 361, 146, 409, 595, 82, -73, 
141, -204, -346, 31, 244, -275, 361, 146, 409, 600, 82, -73, 
146, -204, -351, 29, 248, -278, 361, 146, 419, 600, 87, -73, 
146, -204, -351, 29, 248, -278, 361, 146, 409, 600, 87, -73, 
146, -204, -351, 29, 248, -278, 361, 146, 409, 595, 87, -73, 
146, -204, -351, 29, 248, -278, 361, 146, 409, 590, 87, -73, 
146, -209, -356, 31, 251, -283, 361, 146, 395, 595, 87, -73, 
146, -209, -356, 31, 251, -283, 361, 146, 395, 595, 82, -73, 
146, -209, -356, 31, 251, -283, 361, 146, 395, 595, 78, -73, 
146, -209, -356, 31, 251, -283, 366, 141, 395, 595, 78, -73, 
146, -204, -351, 29, 248, -278, 366, 151, 405, 595, 78, -82, 
146, -204, -351, 29, 248, -278, 366, 151, 405, 595, 78, -82, 
146, -204, -351, 29, 248, -278, 366, 151, 409, 595, 78, -82, 
146, -204, -351, 29, 248, -278, 366, 156, 409, 605, 78, -82, 
136, -214, -351, 39, 244, -283, 366, 156, 405, 595, 78, -87, 
136, -214, -351, 39, 244, -283, 366, 156, 405, 600, 78, -87, 
136, -214, -351, 39, 244, -283, 366, 156, 405, 605, 78, -87, 
141, -214, -356, 36, 248, -285, 366, 156, 405, 605, 78, -87, 
141, -214, -356, 36, 248, -285, 375, 156, 405, 605, 63, -97, 
136, -214, -351, 39, 244, -283, 375, 156, 405, 605, 63, -97, 
136, -214, -351, 39, 244, -283, 375, 156, 405, 605, 63, -97, 
141, -209, -351, 34, 246, -280, 380, 156, 405, 600, 63, -97, 
141, -209, -351, 34, 246, -280, 370, 156, 395, 590, 73, -87, 
141, -214, -356, 36, 248, -285, 370, 156, 395, 590, 73, -87, 
141, -214, -356, 36, 248, -285, 370, 156, 395, 590, 73, -87, 
141, -209, -351, 34, 246, -280, 370, 156, 400, 590, 73, -87, 
141, -219, -361, 39, 251, -290, 370, 165, 400, 605, 78, -87, 
141, -219, -361, 39, 251, -290, 370, 165, 400, 605, 78, -87, 
141, -219, -361, 39, 251, -290, 370, 165, 400, 605, 78, -87, 
141, -224, -366, 41, 253, -295, 370, 165, 400, 600, 78, -92, 
141, -229, -370, 43, 256, -300, 380, 175, 405, 610, 78, -92, 
141, -229, -370, 43, 256, -300, 380, 175, 405, 614, 78, -92, 
141, -229, -370, 43, 256, -300, 380, 175, 409, 614, 82, -92, 
141, -229, -370, 43, 256, -300, 380, 175, 409, 610, 82, -92, 
151, -229, -380, 39, 265, -305, 385, 175, 400, 600, 78, -92, 
146, -234, -380, 43, 263, -307, 385, 175, 400, 605, 78, -92, 
146, -234, -380, 43, 263, -307, 385, 175, 400, 605, 73, -92, 
146, -234, -380, 43, 263, -307, 385, 175, 400, 605, 68, -92, 
136, -224, -361, 43, 248, -292, 395, 175, 400, 605, 58, -102, 
136, -224, -361, 43, 248, -292, 390, 175, 400, 605, 58, -102, 
136, -224, -361, 43, 248, -292, 390, 175, 400, 605, 58, -102, 
136, -224, -361, 43, 248, -292, 390, 175, 405, 605, 58, -102, 
136, -224, -361, 43, 248, -292, 390, 175, 405, 619, 68, -102, 
136, -224, -361, 43, 248, -292, 390, 175, 405, 619, 68, -102, 
136, -224, -361, 43, 248, -292, 390, 175, 405, 619, 68, -102, 
136, -224, -361, 43, 248, -292, 390, 175, 400, 619, 68, -102, 
146, -224, -370, 39, 258, -297, 390, 175, 409, 629, 63, -112, 
146, -219, -366, 36, 256, -292, 390, 175, 409, 619, 58, -112, 
146, -219, -366, 36, 256, -292, 390, 175, 409, 619, 58, -112, 
146, -219, -366, 36, 256, -292, 390, 175, 409, 619, 58, -112, 
136, -219, -356, 41, 246, -287, 390, 175, 409, 619, 58, -112, 
136, -224, -361, 43, 248, -292, 390, 175, 409, 624, 58, -112, 
136, -224, -361, 43, 248, -292, 390, 175, 409, 624, 58, -117, 
136, -224, -361, 43, 248, -292, 390, 175, 409, 624, 58, -122, 
136, -214, -351, 39, 244, -283, 390, 175, 400, 614, 53, -122, 
136, -214, -351, 39, 244, -283, 390, 175, 400, 614, 53, -122, 
136, -214, -351, 39, 244, -283, 390, 175, 400, 614, 48, -122, 
136, -214, -351, 39, 244, -283, 390, 175, 400, 610, 39, -126, 
136, -219, -356, 41, 246, -287, 390, 185, 409, 610, 43, -126, 
136, -224, -361, 43, 248, -292, 390, 185, 409, 614, 48, -122, 
136, -229, -366, 46, 251, -297, 390, 185, 409, 624, 53, -122, 
136, -234, -370, 48, 253, -302, 390, 185, 409, 629, 58, -122, 
136, -234, -370, 48, 253, -302, 390, 180, 419, 639, 73, -117, 
136, -234, -370, 48, 253, -302, 390, 180, 419, 639, 73, -112, 
136, -234, -370, 48, 253, -302, 390, 180, 414, 639, 73, -102, 
136, -234, -370, 48, 253, -302, 390, 185, 414, 639, 73, -97, 
136, -244, -380, 53, 258, -312, 395, 185, 424, 644, 73, -87, 
136, -239, -375, 51, 256, -307, 400, 185, 424, 644, 78, -87, 
136, -239, -375, 51, 256, -307, 405, 185, 424, 644, 82, -92, 
136, -239, -375, 51, 256, -307, 409, 185, 419, 644, 87, -92, 
136, -239, -375, 51, 256, -307, 400, 180, 405, 639, 82, -102, 
136, -239, -375, 51, 256, -307, 400, 180, 405, 634, 78, -112, 
136, -244, -380, 53, 258, -312, 400, 180, 405, 624, 68, -112, 
136, -244, -380, 53, 258, -312, 400, 180, 405, 619, 58, -112, 
136, -234, -370, 48, 253, -302, 390, 190, 405, 629, 58, -122, 
136, -234, -370, 48, 253, -302, 390, 185, 400, 629, 58, -117, 
136, -234, -370, 48, 253, -302, 390, 185, 400, 629, 58, -117, 
136, -234, -370, 48, 253, -302, 390, 185, 400, 629, 58, -122, 
136, -224, -361, 43, 248, -292, 400, 185, 400, 639, 58, -122, 
136, -229, -366, 46, 251, -297, 400, 185, 395, 639, 58, -122, 
136, -229, -366, 46, 251, -297, 400, 185, 395, 639, 53, -122, 
136, -229, -366, 46, 251, -297, 400, 185, 395, 639, 53, -122, 
136, -234, -370, 48, 253, -302, 400, 185, 395, 639, 58, -131, 
131, -234, -366, 51, 248, -300, 400, 185, 395, 639, 58, -131, 
131, -234, -366, 51, 248, -300, 400, 185, 395, 634, 58, -131, 
131, -239, -370, 53, 251, -305, 400, 185, 395, 634, 58, -131, 
136, -239, -375, 51, 256, -307, 400, 190, 395, 639, 68, -122, 
136, -239, -375, 51, 256, -307, 400, 190, 395, 639, 63, -122, 
136, -239, -375, 51, 256, -307, 400, 190, 390, 634, 63, -122, 
136, -239, -375, 51, 256, -307, 405, 190, 390, 634, 63, -122, 
146, -239, -385, 46, 265, -312, 405, 180, 390, 649, 63, -112, 
146, -239, -385, 46, 265, -312, 405, 180, 390, 649, 63, -112, 
146, -239, -385, 46, 265, -312, 405, 180, 390, 644, 58, -117, 
146, -239, -385, 46, 265, -312, 405, 180, 390, 644, 58, -117, 
141, -248, -390, 53, 265, -319, 405, 190, 390, 649, 68, -112, 
136, -248, -385, 56, 261, -317, 405, 190, 395, 653, 73, -112, 
131, -244, -375, 56, 253, -309, 405, 190, 395, 658, 78, -112, 
126, -244, -370, 58, 248, -307, 405, 190, 395, 663, 78, -112, 
136, -239, -375, 51, 256, -307, 414, 190, 395, 658, 63, -117, 
136, -239, -375, 51, 256, -307, 414, 190, 395, 653, 63, -117, 
136, -239, -375, 51, 256, -307, 414, 190, 390, 644, 63, -122, 
136, -234, -370, 48, 253, -302, 414, 190, 390, 639, 58, -126, 
136, -244, -380, 53, 258, -312, 414, 190, 400, 649, 68, -126, 
136, -244, -380, 53, 258, -312, 414, 190, 400, 649, 68, -131, 
136, -244, -380, 53, 258, -312, 414, 190, 400, 649, 63, -131, 
136, -244, -380, 53, 258, -312, 414, 185, 400, 649, 63, -131, 
126, -253, -380, 63, 253, -317, 414, 195, 400, 653, 73, -126, 
126, -253, -380, 63, 253, -317, 414, 195, 400, 658, 73, -122, 
126, -253, -380, 63, 253, -317, 414, 195, 395, 663, 73, -117, 
126, -253, -380, 63, 253, -317, 414, 195, 390, 668, 73, -112, 
136, -244, -380, 53, 258, -312, 414, 190, 380, 663, 68, -126, 
136, -248, -385, 56, 261, -317, 414, 190, 385, 663, 63, -126, 
136, -248, -385, 56, 261, -317, 414, 190, 385, 658, 58, -122, 
136, -248, -385, 56, 261, -317, 414, 190, 385, 653, 53, -122, 
126, -239, -366, 56, 246, -302, 414, 190, 395, 663, 53, -131, 
126, -239, -366, 56, 246, -302, 414, 190, 395, 668, 53, -131, 
126, -239, -366, 56, 246, -302, 414, 190, 395, 668, 53, -131, 
126, -239, -366, 56, 246, -302, 414, 190, 395, 663, 53, -131, 
136, -248, -385, 56, 261, -317, 419, 190, 390, 673, 53, -131, 
136, -248, -385, 56, 261, -317, 419, 190, 390, 673, 53, -131, 
136, -248, -385, 56, 261, -317, 414, 185, 395, 673, 53, -131, 
136, -248, -385, 56, 261, -317, 414, 185, 395, 673, 53, -131, 
136, -248, -385, 56, 261, -317, 414, 195, 385, 673, 63, -122, 
136, -253, -390, 58, 263, -322, 414, 195, 385, 673, 58, -122, 
136, -253, -390, 58, 263, -322, 414, 195, 390, 673, 58, -126, 
136, -253, -390, 58, 263, -322, 414, 195, 390, 673, 58, -126, 
136, -244, -380, 53, 258, -312, 414, 190, 390, 663, 48, -141, 
136, -244, -380, 53, 258, -312, 414, 190, 390, 663, 43, -141, 
136, -239, -375, 51, 256, -307, 414, 190, 395, 663, 43, -141, 
136, -239, -375, 51, 256, -307, 419, 190, 395, 663, 43, -141, 
136, -229, -366, 46, 251, -297, 419, 200, 385, 673, 58, -126, 
136, -234, -370, 48, 253, -302, 419, 200, 385, 673, 58, -126, 
136, -234, -370, 48, 253, -302, 419, 200, 385, 673, 58, -126, 
136, -234, -370, 48, 253, -302, 419, 200, 385, 673, 58, -126, 
136, -239, -375, 51, 256, -307, 419, 200, 395, 673, 58, -126, 
136, -239, -375, 51, 256, -307, 419, 200, 390, 673, 58, -126, 
136, -239, -375, 51, 256, -307, 419, 200, 390, 673, 58, -126, 
136, -239, -375, 51, 256, -307, 419, 200, 395, 673, 58, -126, 
126, -248, -375, 61, 251, -312, 419, 200, 405, 683, 63, -126, 
126, -248, -375, 61, 251, -312, 419, 200, 405, 688, 63, -126, 
126, -248, -375, 61, 251, -312, 419, 200, 405, 688, 63, -126, 
126, -248, -375, 61, 251, -312, 419, 200, 405, 688, 63, -126, 
126, -258, -385, 65, 256, -322, 429, 204, 395, 692, 73, -117, 
126, -253, -380, 63, 253, -317, 429, 204, 395, 692, 68, -117, 
126, -253, -380, 63, 253, -317, 429, 204, 390, 692, 68, -117, 
126, -253, -380, 63, 253, -317, 429, 204, 390, 692, 68, -112, 
136, -253, -390, 58, 263, -322, 429, 204, 390, 683, 58, -112, 
136, -253, -390, 58, 263, -322, 429, 204, 390, 683, 63, -112, 
136, -253, -390, 58, 263, -322, 424, 204, 390, 688, 63, -112, 
136, -248, -385, 56, 261, -317, 424, 204, 390, 688, 63, -112, 
136, -248, -385, 56, 261, -317, 424, 204, 390, 688, 53, -117, 
136, -248, -385, 56, 261, -317, 424, 204, 390, 683, 53, -122, 
136, -248, -385, 56, 261, -317, 424, 204, 390, 683, 48, -126, 
136, -248, -385, 56, 261, -317, 424, 204, 390, 683, 48, -131, 
126, -239, -366, 56, 246, -302, 434, 195, 395, 692, 58, -122, 
126, -239, -366, 56, 246, -302, 434, 195, 395, 692, 58, -122, 
126, -239, -366, 56, 246, -302, 434, 195, 395, 692, 58, -122, 
126, -239, -366, 56, 246, -302, 434, 195, 395, 692, 63, -122, 
126, -248, -375, 61, 251, -312, 434, 204, 395, 697, 63, -112, 
126, -248, -375, 61, 251, -312, 434, 204, 395, 697, 63, -112, 
126, -244, -370, 58, 248, -307, 434, 204, 395, 692, 63, -112, 
126, -244, -370, 58, 248, -307, 434, 204, 395, 692, 63, -112, 
126, -244, -370, 58, 248, -307, 434, 204, 385, 692, 53, -122, 
126, -244, -370, 58, 248, -307, 434, 204, 385, 692, 53, -122, 
126, -244, -370, 58, 248, -307, 434, 200, 385, 692, 53, -122, 
126, -244, -370, 58, 248, -307, 429, 200, 385, 697, 53, -122, 
141, -248, -390, 53, 265, -319, 429, 204, 385, 692, 53, -131, 
141, -248, -390, 53, 265, -319, 429, 204, 385, 702, 53, -131, 
141, -248, -390, 53, 265, -319, 429, 204, 385, 707, 53, -131, 
141, -248, -390, 53, 265, -319, 429, 204, 385, 712, 53, -131, 
141, -248, -390, 53, 265, -319, 429, 204, 390, 712, 63, -122, 
141, -248, -390, 53, 265, -319, 429, 204, 395, 712, 63, -122, 
136, -248, -385, 56, 261, -317, 429, 204, 400, 712, 63, -117, 
136, -244, -380, 53, 258, -312, 429, 204, 409, 722, 68, -117, 
131, -244, -375, 56, 253, -309, 429, 214, 405, 722, 58, -117, 
131, -248, -380, 58, 256, -314, 434, 214, 405, 722, 58, -117, 
131, -248, -380, 58, 256, -314, 439, 214, 400, 717, 63, -117, 
131, -244, -375, 56, 253, -309, 444, 214, 400, 707, 63, -117, 
131, -248, -380, 58, 256, -314, 444, 204, 390, 707, 48, -117, 
131, -239, -370, 53, 251, -305, 444, 209, 390, 707, 48, -117, 
131, -239, -370, 53, 251, -305, 444, 209, 400, 712, 53, -117, 
136, -239, -375, 51, 256, -307, 444, 209, 400, 712, 58, -117, 
146, -234, -380, 43, 263, -307, 444, 219, 400, 722, 73, -102, 
136, -224, -361, 43, 248, -292, 444, 214, 419, 727, 82, -92, 
136, -219, -356, 41, 246, -287, 444, 219, 429, 736, 92, -92, 
136, -224, -361, 43, 248, -292, 448, 214, 439, 741, 97, -97, 
136, -214, -351, 39, 244, -283, 448, 224, 439, 751, 97, -87, 
136, -214, -351, 39, 244, -283, 448, 224, 439, 751, 97, -87, 
136, -214, -351, 39, 244, -283, 448, 224, 439, 751, 97, -87, 
136, -214, -351, 39, 244, -283, 448, 224, 439, 751, 97, -87, 
136, -209, -346, 36, 241, -278, 448, 224, 444, 761, 97, -82, 
136, -209, -346, 36, 241, -278, 448, 224, 448, 766, 97, -82, 
136, -209, -346, 36, 241, -278, 448, 224, 448, 766, 102, -82, 
136, -204, -341, 34, 239, -273, 448, 224, 448, 766, 102, -82, 
136, -195, -331, 29, 234, -263, 439, 214, 439, 761, 97, -82, 
141, -190, -331, 24, 236, -261, 439, 214, 444, 761, 97, -82, 
141, -185, -326, 21, 234, -256, 439, 214, 444, 756, 97, -82, 
146, -185, -331, 19, 239, -258, 439, 214, 448, 756, 97, -82, 
136, -175, -312, 19, 224, -244, 444, 224, 458, 775, 97, -92, 
141, -165, -307, 12, 224, -236, 439, 224, 458, 775, 102, -87, 
141, -165, -307, 12, 224, -236, 434, 224, 458, 775, 102, -87, 
141, -170, -312, 14, 226, -241, 434, 224, 458, 771, 102, -92, 
141, -175, -317, 17, 229, -246, 434, 219, 458, 775, 112, -82, 
136, -180, -317, 21, 226, -248, 424, 209, 453, 780, 112, -78, 
136, -185, -322, 24, 229, -253, 419, 204, 448, 785, 112, -78, 
136, -190, -326, 26, 231, -258, 414, 195, 448, 785, 107, -73, 
136, -180, -317, 21, 226, -248, 400, 175, 458, 785, 107, -73, 
136, -180, -317, 21, 226, -248, 390, 170, 458, 785, 117, -73, 
136, -180, -317, 21, 226, -248, 385, 165, 453, 785, 117, -73, 
136, -180, -317, 21, 226, -248, 380, 165, 444, 785, 112, -73, 
146, -170, -317, 12, 231, -244, 366, 161, 429, 775, 112, -68, 
146, -170, -317, 12, 231, -244, 366, 156, 429, 775, 112, -68, 
146, -170, -317, 12, 231, -244, 366, 151, 424, 775, 112, -68, 
146, -170, -317, 12, 231, -244, 366, 146, 424, 775, 112, -68, 
136, -170, -307, 17, 222, -239, 366, 156, 424, 790, 112, -63, 
146, -170, -317, 12, 231, -244, 370, 161, 424, 790, 117, -58, 
151, -170, -322, 9, 236, -246, 370, 161, 429, 790, 117, -58, 
161, -170, -331, 4, 246, -251, 370, 165, 429, 790, 122, -58, 
161, -165, -326, 2, 244, -246, 380, 175, 424, 785, 112, -58, 
165, -170, -336, 2, 251, -253, 385, 175, 419, 780, 112, -58, 
170, -170, -341, 0, 256, -256, 385, 185, 419, 775, 112, -58, 
175, -165, -341, -4, 258, -253, 385, 185, 424, 775, 112, -48, 
185, -175, -361, -4, 273, -268, 385, 195, 414, 785, 102, -48, 
185, -185, -370, 0, 278, -278, 390, 195, 414, 785, 102, -53, 
185, -185, -370, 0, 278, -278, 390, 195, 414, 785, 102, -53, 
180, -190, -370, 4, 275, -280, 405, 195, 419, 785, 102, -48, 
161, -200, -361, 19, 261, -280, 419, 209, 429, 790, 107, -48, 
156, -200, -356, 21, 256, -278, 424, 209, 434, 795, 112, -53, 
151, -204, -356, 26, 253, -280, 429, 214, 434, 800, 117, -58, 
146, -204, -351, 29, 248, -278, 434, 214, 434, 810, 122, -58, 
141, -214, -356, 36, 248, -285, 444, 214, 434, 800, 112, -73, 
136, -229, -366, 46, 251, -297, 453, 224, 429, 795, 102, -82, 
136, -244, -380, 53, 258, -312, 453, 224, 419, 780, 92, -87, 
136, -253, -390, 58, 263, -322, 458, 229, 409, 775, 82, -92, 
141, -258, -400, 58, 270, -329, 463, 229, 405, 761, 58, -102, 
141, -258, -400, 58, 270, -329, 468, 229, 395, 756, 53, -112, 
141, -263, -405, 61, 273, -334, 468, 229, 395, 746, 43, -122, 
131, -268, -400, 68, 265, -334, 468, 229, 390, 736, 39, -136, 
122, -263, -385, 70, 253, -324, 463, 219, 380, 741, 39, -131, 
126, -263, -390, 68, 258, -326, 463, 219, 380, 741, 43, -126, 
126, -263, -390, 68, 258, -326, 463, 219, 380, 741, 43, -122, 
122, -263, -385, 70, 253, -324, 463, 219, 380, 746, 48, -117, 
131, -268, -400, 68, 265, -334, 463, 229, 390, 751, 63, -112, 
131, -268, -400, 68, 265, -334, 463, 229, 390, 761, 68, -112, 
131, -268, -400, 68, 265, -334, 463, 229, 390, 766, 73, -107, 
136, -268, -405, 65, 270, -336, 463, 229, 390, 771, 78, -97, 
126, -278, -405, 75, 265, -341, 463, 239, 395, 780, 78, -87, 
122, -278, -400, 78, 261, -339, 468, 239, 395, 775, 73, -87, 
122, -283, -405, 80, 263, -344, 468, 239, 395, 775, 73, -92, 
126, -283, -409, 78, 268, -346, 468, 244, 390, 775, 73, -92, 
126, -268, -395, 70, 261, -331, 468, 234, 380, 771, 63, -107, 
126, -268, -395, 70, 261, -331, 468, 234, 380, 766, 63, -112, 
122, -273, -395, 75, 258, -334, 468, 234, 385, 766, 63, -117, 
122, -273, -395, 75, 258, -334, 468, 234, 385, 761, 63, -122, 
131, -273, -405, 70, 268, -339, 468, 229, 385, 756, 53, -131, 
131, -273, -405, 70, 268, -339, 468, 229, 385, 751, 53, -131, 
131, -273, -405, 70, 268, -339, 473, 229, 380, 746, 48, -131, 
131, -273, -405, 70, 268, -339, 473, 229, 380, 741, 48, -131, 
122, -263, -385, 70, 253, -324, 463, 239, 395, 746, 53, -126, 
122, -263, -385, 70, 253, -324, 463, 239, 395, 751, 53, -126, 
122, -263, -385, 70, 253, -324, 463, 239, 395, 756, 53, -126, 
122, -258, -380, 68, 251, -319, 463, 239, 395, 761, 53, -126, 
122, -268, -390, 73, 256, -329, 473, 248, 395, 766, 63, -117, 
122, -268, -390, 73, 256, -329, 473, 248, 405, 780, 68, -117, 
122, -268, -390, 73, 256, -329, 473, 248, 405, 785, 73, -117, 
122, -268, -390, 73, 256, -329, 478, 248, 405, 790, 78, -117, 
122, -268, -390, 73, 256, -329, 478, 239, 405, 790, 78, -112, 
122, -268, -390, 73, 256, -329, 478, 239, 405, 790, 78, -107, 
126, -268, -395, 70, 261, -331, 478, 239, 409, 795, 82, -102, 
126, -268, -395, 70, 261, -331, 478, 248, 414, 795, 82, -97, 
146, -268, -414, 61, 280, -341, 492, 258, 429, 795, 78, -102, 
136, -287, -424, 75, 280, -356, 502, 278, 429, 785, 68, -126, 
146, -302, -448, 78, 297, -375, 512, 297, 429, 785, 48, -146, 
156, -312, -468, 78, 312, -390, 536, 336, 444, 775, 29, -165, 
161, -317, -478, 78, 319, -397, 561, 375, 463, 785, 39, -175, 
170, -317, -488, 73, 329, -402, 580, 419, 502, 805, 34, -175, 
190, -317, -507, 63, 348, -412, 590, 448, 551, 819, 24, -175, 
209, -297, -507, 43, 358, -402, 595, 483, 614, 854, 39, -180, 
219, -258, -478, 19, 348, -368, 590, 502, 722, 917, 87, -151, 
248, -219, -468, -14, 358, -344, 590, 531, 849, 1024, 156, -117, 
292, -156, -448, -68, 370, -302, 600, 580, 995, 1161, 253, -58, 
356, -58, -414, -148, 385, -236, 585, 605, 1141, 1327, 375, 39, 
409, 78, -331, -244, 370, -126, 517, 570, 1263, 1512, 541, 161, 
453, 263, -190, -358, 322, 36, 400, 444, 1346, 1722, 761, 356, 
497, 483, -14, -490, 256, 234, 244, 248, 1385, 1956, 1005, 566, 
541, 692, 151, -617, 195, 422, 78, 63, 1405, 2152, 1234, 766, 
566, 844, 278, -705, 143, 561, -63, -102, 1400, 2322, 1429, 927, 
575, 980, 405, -778, 85, 692, -175, -244, 1405, 2488, 1590, 1068, 
561, 1122, 561, -841, 0, 841, -283, -395, 1395, 2640, 1727, 1180, 
512, 1273, 761, -893, -124, 1017, -424, -624, 1346, 2747, 1849, 1283, 
395, 1361, 966, -878, -285, 1163, -527, -844, 1239, 2732, 1869, 1327, 
268, 1234, 966, -751, -348, 1100, -488, -917, 1015, 2488, 1673, 1205, 
165, 927, 761, -546, -297, 844, -375, -829, 663, 2010, 1283, 946, 
63, 658, 595, -361, -265, 627, -297, -771, 229, 1444, 844, 668, 
-63, 483, 546, -209, -305, 514, -234, -766, -234, 844, 429, 429, 
-170, 351, 522, -90, -346, 436, -180, -746, -644, 336, 112, 244, 
-209, 239, 448, -14, -329, 344, -141, -697, -902, 82, -53, 146, 
-204, 146, 351, 29, -278, 248, -112, -649, -966, 24, -102, 87, 
-170, 68, 239, 51, -204, 153, -92, -595, -883, 73, -97, 63, 
-112, 9, 122, 51, -117, 65, -63, -517, -756, 146, -82, 39, 
-48, -48, 0, 48, -24, -24, -39, -439, -629, 234, -63, 29, 
-24, -82, -58, 53, 17, -70, -9, -380, -497, 317, -43, 9, 
-4, -117, -112, 61, 53, -114, 34, -307, -380, 390, -29, -9, 
19, -126, -146, 53, 82, -136, 87, -229, -258, 458, -9, -9, 
34, -112, -146, 39, 90, -129, 141, -156, -151, 522, 19, -4, 
43, -122, -165, 39, 104, -143, 195, -87, -63, 575, 39, -14, 
53, -136, -190, 41, 122, -163, 253, -14, 34, 629, 58, -19, 
63, -141, -204, 39, 134, -173, 297, 48, 126, 683, 73, -19, 
63, -156, -219, 46, 141, -187, 336, 73, 219, 722, 82, -34, 
82, -180, -263, 48, 173, -222, 361, 112, 292, 746, 82, -53, 
107, -190, -297, 41, 202, -244, 380, 141, 356, 785, 97, -53, 
126, -180, -307, 26, 217, -244, 390, 156, 385, 805, 102, -53, 
126, -170, -297, 21, 212, -234, 400, 175, 395, 814, 97, -63, 
131, -161, -292, 14, 212, -226, 409, 195, 414, 834, 107, -73, 
136, -161, -297, 12, 217, -229, 424, 219, 434, 863, 122, -63, 
131, -161, -292, 14, 212, -226, 448, 239, 448, 878, 131, -53, 
131, -165, -297, 17, 214, -231, 468, 268, 463, 878, 131, -48, 
126, -170, -297, 21, 212, -234, 478, 273, 478, 888, 131, -53, 
136, -185, -322, 24, 229, -253, 488, 278, 483, 883, 122, -53, 
141, -200, -341, 29, 241, -270, 492, 287, 497, 888, 131, -58, 
146, -219, -366, 36, 256, -292, 492, 297, 512, 888, 141, -58, 
146, -229, -375, 41, 261, -302, 483, 297, 517, 893, 136, -73, 
146, -229, -375, 41, 261, -302, 483, 297, 527, 897, 136, -73, 
151, -234, -385, 41, 268, -309, 483, 307, 531, 907, 136, -73, 
151, -234, -385, 41, 268, -309, 488, 312, 531, 917, 131, -78, 
156, -229, -385, 36, 270, -307, 492, 312, 522, 917, 131, -78, 
156, -224, -380, 34, 268, -302, 497, 317, 531, 922, 136, -78, 
156, -219, -375, 31, 265, -297, 502, 322, 536, 927, 136, -78, 
161, -214, -375, 26, 268, -295, 507, 322, 546, 927, 136, -73, 
170, -200, -370, 14, 270, -285, 502, 312, 551, 932, 136, -73, 
170, -200, -370, 14, 270, -285, 497, 317, 561, 936, 141, -73, 
175, -200, -375, 12, 275, -287, 488, 317, 561, 936, 141, -68, 
175, -195, -370, 9, 273, -283, 483, 317, 566, 936, 141, -68, 
165, -204, -370, 19, 268, -287, 492, 331, 566, 946, 161, -58, 
165, -204, -370, 19, 268, -287, 492, 331, 570, 956, 161, -58, 
165, -204, -370, 19, 268, -287, 492, 331, 575, 956, 161, -58, 
165, -200, -366, 17, 265, -283, 497, 331, 580, 961, 161, -53, 
170, -200, -370, 14, 270, -285, 507, 336, 580, 966, 156, -58, 
175, -200, -375, 12, 275, -287, 507, 336, 580, 966, 156, -58, 
175, -200, -375, 12, 275, -287, 507, 336, 590, 966, 156, -63, 
175, -200, -375, 12, 275, -287, 502, 336, 595, 971, 156, -63, 
175, -200, -375, 12, 275, -287, 492, 336, 595, 961, 161, -58, 
175, -195, -370, 9, 273, -283, 492, 336, 595, 966, 161, -58, 
175, -190, -366, 7, 270, -278, 492, 336, 600, 966, 161, -58, 
175, -190, -366, 7, 270, -278, 492, 336, 605, 976, 165, -58, 
185, -180, -366, -2, 275, -273, 492, 336, 605, 985, 170, -53, 
185, -170, -356, -7, 270, -263, 492, 336, 610, 990, 170, -53, 
185, -165, -351, -9, 268, -258, 492, 336, 614, 995, 175, -53, 
190, -161, -351, -14, 270, -256, 492, 341, 619, 995, 175, -48, 
190, -161, -351, -14, 270, -256, 502, 351, 624, 1005, 185, -39, 
195, -161, -356, -17, 275, -258, 502, 351, 624, 1010, 195, -39, 
195, -165, -361, -14, 278, -263, 502, 351, 629, 1015, 195, -29, 
200, -170, -370, -14, 285, -270, 502, 351, 634, 1019, 200, -29, 
190, -170, -361, -9, 275, -265, 502, 346, 639, 1024, 209, -24, 
190, -170, -361, -9, 275, -265, 502, 346, 639, 1024, 209, -24, 
195, -170, -366, -12, 280, -268, 497, 346, 639, 1024, 209, -24, 
195, -165, -361, -14, 278, -263, 497, 346, 644, 1029, 214, -19, 
195, -156, -351, -19, 273, -253, 497, 346, 649, 1039, 219, -19, 
195, -151, -346, -21, 270, -248, 497, 346, 653, 1044, 224, -19, 
195, -141, -336, -26, 265, -239, 497, 346, 658, 1049, 229, -19, 
195, -141, -336, -26, 265, -239, 497, 346, 663, 1054, 234, -19, 
209, -151, -361, -29, 285, -256, 492, 346, 668, 1063, 224, -14, 
209, -146, -356, -31, 283, -251, 492, 346, 673, 1073, 229, -9, 
209, -141, -351, -34, 280, -246, 492, 351, 678, 1073, 234, -4, 
209, -141, -351, -34, 280, -246, 492, 351, 683, 1088, 239, -4, 
209, -131, -341, -39, 275, -236, 488, 361, 688, 1088, 244, 9, 
219, -131, -351, -43, 285, -241, 488, 361, 692, 1088, 248, 14, 
219, -131, -351, -43, 285, -241, 483, 366, 697, 1088, 248, 14, 
224, -122, -346, -51, 285, -234, 483, 366, 702, 1088, 253, 14, 
229, -102, -331, -63, 280, -217, 473, 356, 702, 1102, 258, 24, 
229, -92, -322, -68, 275, -207, 473, 356, 702, 1107, 263, 29, 
234, -92, -326, -70, 280, -209, 468, 356, 702, 1112, 268, 34, 
234, -87, -322, -73, 278, -204, 468, 356, 712, 1122, 278, 34, 
234, -87, -322, -73, 278, -204, 463, 356, 727, 1137, 287, 43, 
239, -82, -322, -78, 280, -202, 463, 361, 736, 1151, 297, 48, 
239, -82, -322, -78, 280, -202, 463, 361, 741, 1161, 312, 53, 
248, -73, -322, -87, 285, -197, 458, 361, 751, 1180, 322, 58, 
244, -63, -307, -90, 275, -185, 453, 370, 756, 1190, 336, 68, 
244, -53, -297, -95, 270, -175, 448, 370, 761, 1200, 346, 82, 
244, -43, -287, -100, 265, -165, 448, 370, 766, 1210, 356, 92, 
253, -39, -292, -107, 273, -165, 448, 370, 780, 1220, 366, 102, 
258, -39, -297, -109, 278, -168, 444, 361, 780, 1215, 370, 102, 
263, -34, -297, -114, 280, -165, 439, 366, 780, 1224, 380, 112, 
263, -19, -283, -122, 273, -151, 434, 366, 790, 1244, 390, 117, 
263, -9, -273, -126, 268, -141, 434, 366, 800, 1254, 405, 122, 
273, 9, -263, -141, 268, -126, 429, 366, 805, 1259, 405, 126, 
283, 9, -273, -146, 278, -131, 424, 366, 810, 1263, 405, 136, 
287, 19, -268, -153, 278, -124, 419, 366, 810, 1278, 414, 136, 
297, 29, -268, -163, 283, -119, 419, 361, 810, 1288, 434, 151, 
292, 53, -239, -173, 265, -92, 409, 361, 829, 1312, 448, 161, 
297, 68, -229, -183, 263, -80, 400, 361, 834, 1332, 463, 165, 
302, 78, -224, -190, 263, -73, 390, 356, 844, 1351, 478, 175, 
307, 92, -214, -200, 261, -61, 380, 356, 849, 1371, 502, 185, 
322, 102, -219, -212, 270, -58, 385, 346, 863, 1376, 502, 204, 
326, 102, -224, -214, 275, -61, 380, 346, 868, 1390, 517, 214, 
326, 112, -214, -219, 270, -51, 370, 346, 878, 1405, 527, 229, 
331, 122, -209, -226, 270, -43, 361, 346, 888, 1420, 546, 239, 
336, 131, -204, -234, 270, -36, 356, 341, 888, 1444, 566, 263, 
341, 141, -200, -241, 270, -29, 346, 336, 893, 1454, 585, 268, 
346, 156, -190, -251, 268, -17, 341, 336, 902, 1464, 605, 278, 
351, 161, -190, -256, 270, -14, 336, 331, 917, 1478, 619, 287, 
356, 161, -195, -258, 275, -17, 336, 326, 922, 1493, 634, 307, 
356, 165, -190, -261, 273, -12, 331, 322, 922, 1507, 639, 317, 
361, 185, -175, -273, 268, 4, 326, 317, 922, 1517, 649, 322, 
366, 200, -165, -283, 265, 17, 322, 317, 927, 1532, 658, 326, 
366, 214, -151, -290, 258, 31, 302, 322, 922, 1532, 653, 326, 
366, 224, -141, -295, 253, 41, 297, 317, 927, 1537, 663, 336, 
366, 234, -131, -300, 248, 51, 292, 312, 927, 1542, 673, 341, 
370, 234, -136, -302, 253, 48, 287, 307, 927, 1542, 673, 346, 
370, 244, -126, -307, 248, 58, 283, 307, 927, 1556, 683, 361, 
370, 248, -122, -309, 246, 63, 283, 302, 927, 1556, 683, 366, 
375, 258, -117, -317, 246, 70, 283, 297, 927, 1566, 697, 370, 
375, 263, -112, -319, 244, 75, 278, 292, 927, 1566, 697, 375, 
380, 253, -126, -317, 253, 63, 273, 287, 922, 1566, 697, 375, 
380, 258, -122, -319, 251, 68, 273, 283, 922, 1566, 702, 380, 
375, 258, -117, -317, 246, 70, 273, 273, 917, 1566, 702, 380, 
375, 253, -122, -314, 248, 65, 268, 273, 907, 1556, 697, 370, 
370, 248, -122, -309, 246, 63, 278, 258, 907, 1551, 692, 361, 
361, 244, -117, -302, 239, 63, 273, 253, 897, 1551, 688, 356, 
356, 244, -112, -300, 234, 65, 273, 253, 888, 1537, 673, 351, 
346, 234, -112, -290, 229, 61, 273, 248, 878, 1527, 663, 346, 
341, 219, -122, -280, 231, 48, 283, 253, 878, 1507, 653, 326, 
336, 209, -126, -273, 231, 41, 283, 248, 858, 1488, 634, 317, 
326, 195, -131, -261, 229, 31, 287, 248, 844, 1473, 619, 302, 
326, 180, -146, -253, 236, 17, 297, 244, 824, 1444, 600, 283, 
317, 175, -141, -246, 229, 17, 312, 253, 824, 1434, 580, 278, 
312, 161, -151, -236, 231, 4, 322, 253, 805, 1415, 561, 263, 
297, 136, -161, -217, 229, -12, 326, 253, 790, 1390, 531, 244, 
292, 117, -175, -204, 234, -29, 341, 258, 771, 1371, 517, 234, 
278, 82, -195, -180, 236, -56, 356, 258, 756, 1342, 492, 214, 
263, 73, -190, -168, 226, -58, 366, 258, 746, 1317, 463, 195, 
244, 48, -195, -146, 219, -73, 375, 258, 727, 1293, 444, 165, 
229, 29, -200, -129, 214, -85, 375, 253, 717, 1273, 424, 146, 
239, 24, -214, -131, 226, -95, 390, 253, 697, 1249, 409, 146, 
234, 14, -219, -124, 226, -102, 395, 253, 688, 1229, 390, 136, 
219, -9, -229, -104, 224, -119, 405, 253, 673, 1215, 375, 131, 
214, -29, -244, -92, 229, -136, 409, 253, 658, 1195, 361, 117, 
209, -39, -248, -85, 229, -143, 424, 268, 658, 1166, 331, 92, 
204, -63, -268, -70, 236, -165, 434, 268, 644, 1151, 322, 78, 
200, -73, -273, -63, 236, -173, 434, 268, 629, 1137, 302, 63, 
195, -82, -278, -56, 236, -180, 439, 268, 619, 1122, 287, 48, 
175, -97, -273, -39, 224, -185, 448, 258, 619, 1112, 278, 43, 
175, -107, -283, -34, 229, -195, 453, 263, 605, 1107, 263, 39, 
170, -117, -287, -26, 229, -202, 453, 263, 595, 1098, 258, 29, 
165, -122, -287, -21, 226, -204, 458, 263, 585, 1083, 244, 19, 
175, -131, -307, -21, 241, -219, 463, 263, 575, 1083, 244, 9, 
165, -141, -307, -12, 236, -224, 463, 263, 566, 1078, 234, 9, 
165, -156, -322, -4, 244, -239, 468, 263, 566, 1073, 234, 0, 
165, -161, -326, -2, 246, -244, 473, 263, 556, 1068, 224, -4, 
156, -165, -322, 4, 239, -244, 478, 263, 561, 1049, 214, -4, 
156, -170, -326, 7, 241, -248, 478, 263, 551, 1044, 214, -4, 
151, -180, -331, 14, 241, -256, 478, 263, 551, 1039, 209, -9, 
151, -180, -331, 14, 241, -256, 478, 263, 546, 1039, 204, -9, 
141, -180, -322, 19, 231, -251, 483, 273, 546, 1029, 195, -24, 
141, -185, -326, 21, 234, -256, 483, 273, 541, 1024, 190, -29, 
141, -185, -326, 21, 234, -256, 483, 273, 541, 1019, 185, -34, 
141, -190, -331, 24, 236, -261, 488, 273, 536, 1015, 180, -34, 
151, -185, -336, 17, 244, -261, 488, 263, 536, 1015, 180, -39, 
151, -185, -336, 17, 244, -261, 488, 263, 531, 1015, 175, -39, 
146, -190, -336, 21, 241, -263, 488, 263, 527, 1010, 175, -39, 
146, -190, -336, 21, 241, -263, 488, 263, 527, 1010, 170, -39, 
151, -195, -346, 21, 248, -270, 483, 263, 522, 1010, 175, -29, 
151, -195, -346, 21, 248, -270, 483, 263, 522, 1015, 180, -34, 
151, -200, -351, 24, 251, -275, 488, 263, 517, 1019, 185, -34, 
151, -204, -356, 26, 253, -280, 488, 263, 517, 1029, 190, -34, 
136, -204, -341, 34, 239, -273, 488, 263, 527, 1019, 185, -34, 
136, -204, -341, 34, 239, -273, 488, 263, 517, 1019, 185, -34, 
136, -204, -341, 34, 239, -273, 488, 263, 517, 1015, 185, -34, 
136, -204, -341, 34, 239, -273, 488, 263, 517, 1010, 185, -34, 
136, -219, -356, 41, 246, -287, 478, 263, 522, 1010, 185, -34, 
136, -219, -356, 41, 246, -287, 478, 263, 522, 1015, 180, -34, 
136, -219, -356, 41, 246, -287, 478, 263, 522, 1019, 175, -34, 
136, -219, -356, 41, 246, -287, 483, 258, 522, 1024, 175, -34, 
126, -214, -341, 43, 234, -278, 492, 268, 522, 1024, 185, -34, 
126, -214, -341, 43, 234, -278, 492, 268, 522, 1024, 185, -34, 
126, -214, -341, 43, 234, -278, 492, 268, 527, 1024, 185, -34, 
126, -214, -341, 43, 234, -278, 492, 273, 527, 1034, 185, -34, 
117, -204, -322, 43, 219, -263, 502, 273, 531, 1024, 175, -48, 
117, -204, -322, 43, 219, -263, 502, 263, 522, 1029, 175, -48, 
