I, II, III, aVR, aVL, aVF, V1, V2, V3, V4, V5, V6, 
-390, -58, 331, 224, -361, 136, 175, 322, 204, -29, 117, 146, 
-390, -58, 331, 224, -361, 136, 175, 322, 204, -29, 117, 146, 
-390, -58, 331, 224, -361, 136, 175, 322, 204, -29, 117, 146, 
-390, -58, 331, 224, -361, 136, 175, 322, 204, -29, 117, 146, 
-380, -48, 331, 214, -356, 141, 165, 326, 204, -19, 117, 136, 
-380, -48, 331, 214, -356, 141, 165, 331, 204, -19, 117, 136, 
-380, -48, 331, 214, -356, 141, 165, 336, 204, -19, 117, 136, 
-380, -48, 331, 214, -356, 141, 165, 341, 204, -19, 117, 136, 
-395, -58, 336, 226, -366, 139, 180, 331, 209, -29, 107, 136, 
-400, -58, 341, 229, -370, 141, 185, 331, 214, -29, 107, 136, 
-405, -58, 346, 231, -375, 143, 190, 331, 219, -29, 107, 136, 
-409, -58, 351, 234, -380, 146, 195, 331, 224, -29, 107, 136, 
-419, -68, 351, 244, -385, 141, 200, 322, 219, -39, 117, 131, 
-419, -68, 351, 244, -385, 141, 204, 322, 214, -39, 117, 126, 
-419, -68, 351, 244, -385, 141, 209, 322, 209, -39, 117, 122, 
-419, -68, 351, 244, -385, 141, 214, 322, 204, -39, 117, 117, 
-424, -78, 346, 251, -385, 134, 219, 336, 209, -29, 107, 117, 
-429, -78, 351, 253, -390, 136, 224, 341, 214, -29, 107, 117, 
-434, -78, 356, 256, -395, 139, 229, 346, 219, -29, 107, 117, 
-439, -78, 361, 258, -400, 141, 234, 351, 224, -29, 107, 117, 
-434, -73, 361, 253, -397, 143, 229, 361, 224, -29, 117, 117, 
-429, -68, 361, 248, -395, 146, 224, 361, 224, -29, 117, 117, 
-424, -63, 361, 244, -392, 148, 219, 361, 224, -29, 117, 117, 
-419, -58, 361, 239, -390, 151, 214, 361, 224, -29, 117, 117, 
-429, -63, 366, 246, -397, 151, 200, 351, 219, -34, 112, 112, 
-429, -68, 361, 248, -395, 146, 195, 341, 214, -39, 107, 107, 
-429, -73, 356, 251, -392, 141, 190, 331, 209, -43, 102, 102, 
-429, -78, 351, 253, -390, 136, 185, 322, 204, -48, 97, 97, 
-434, -68, 366, 251, -400, 148, 190, 331, 214, -43, 102, 102, 
-439, -68, 370, 253, -405, 151, 195, 341, 224, -39, 107, 107, 
-444, -68, 375, 256, -409, 153, 200, 351, 234, -34, 112, 112, 
-448, -68, 380, 258, -414, 156, 204, 361, 244, -29, 117, 117, 
-448, -58, 390, 253, -419, 165, 195, 356, 239, -34, 107, 107, 
-448, -58, 390, 253, -419, 165, 195, 351, 234, -39, 107, 107, 
-448, -58, 390, 253, -419, 165, 195, 346, 229, -43, 107, 107, 
-448, -58, 390, 253, -419, 165, 195, 341, 224, -48, 107, 107, 
-463, -73, 390, 268, -427, 158, 204, 346, 239, -43, 117, 107, 
-478, -78, 400, 278, -439, 161, 214, 351, 244, -39, 117, 107, 
-492, -82, 409, 287, -451, 163, 224, 356, 248, -34, 117, 107, 
-507, -87, 419, 297, -463, 165, 234, 361, 253, -29, 117, 107, 
-502, -82, 419, 292, -461, 168, 234, 361, 263, -19, 126, 107, 
-497, -78, 419, 287, -458, 170, 234, 361, 263, -19, 126, 107, 
-492, -73, 419, 283, -456, 173, 234, 361, 263, -19, 126, 107, 
-488, -68, 419, 278, -453, 175, 234, 361, 263, -19, 126, 107, 
-502, -82, 419, 292, -461, 168, 229, 361, 263, -29, 122, 92, 
-507, -87, 419, 297, -463, 165, 224, 361, 263, -29, 117, 87, 
-512, -92, 419, 302, -466, 163, 219, 361, 263, -29, 112, 82, 
-517, -97, 419, 307, -468, 161, 214, 361, 263, -29, 107, 78, 
-502, -78, 424, 290, -463, 173, 224, 375, 283, -14, 122, 92, 
-497, -68, 429, 283, -463, 180, 234, 380, 292, -9, 126, 97, 
-492, -58, 434, 275, -463, 187, 244, 385, 302, -4, 131, 102, 
-488, -48, 439, 268, -463, 195, 253, 390, 312, 0, 136, 107, 
-497, -58, 439, 278, -468, 190, 253, 380, 312, 0, 146, 112, 
-507, -58, 448, 283, -478, 195, 253, 380, 312, 0, 146, 117, 
-517, -58, 458, 287, -488, 200, 253, 380, 312, 0, 146, 122, 
-527, -58, 468, 292, -497, 204, 253, 380, 312, 0, 146, 126, 
-536, -58, 478, 297, -507, 209, 244, 390, 326, 4, 156, 131, 
-546, -58, 488, 302, -517, 214, 244, 390, 331, 9, 156, 136, 
-556, -58, 497, 307, -527, 219, 244, 390, 336, 14, 156, 141, 
-566, -58, 507, 312, -536, 224, 244, 390, 341, 19, 156, 146, 
-556, -39, 517, 297, -536, 239, 258, 405, 346, 24, 170, 146, 
-546, -29, 517, 287, -531, 244, 263, 409, 351, 29, 175, 146, 
-536, -19, 517, 278, -527, 248, 268, 414, 356, 34, 180, 146, 
-527, -9, 517, 268, -522, 253, 273, 419, 361, 39, 185, 146, 
-527, 0, 527, 263, -527, 263, 263, 409, 370, 48, 185, 146, 
-527, 0, 527, 263, -527, 263, 263, 409, 370, 48, 185, 146, 
-527, 0, 527, 263, -527, 263, 263, 409, 370, 48, 185, 146, 
-527, 0, 527, 263, -527, 263, 263, 409, 370, 48, 185, 146, 
-527, 9, 536, 258, -531, 273, 263, 414, 385, 58, 185, 146, 
-527, 9, 536, 258, -531, 273, 263, 419, 390, 58, 185, 146, 
-527, 9, 536, 258, -531, 273, 263, 424, 395, 58, 185, 146, 
-527, 9, 536, 258, -531, 273, 263, 429, 400, 58, 185, 146, 
-541, 19, 561, 261, -551, 290, 268, 429, 409, 68, 190, 156, 
-546, 19, 566, 263, -556, 292, 273, 429, 409, 68, 195, 156, 
-551, 19, 570, 265, -561, 295, 278, 429, 409, 68, 200, 156, 
-556, 19, 575, 268, -566, 297, 283, 429, 409, 68, 204, 156, 
-570, 14, 585, 278, -578, 300, 292, 419, 419, 78, 214, 161, 
-585, 9, 595, 287, -590, 302, 292, 419, 419, 78, 214, 165, 
-600, 4, 605, 297, -602, 305, 292, 419, 419, 78, 214, 170, 
-614, 0, 614, 307, -614, 307, 292, 419, 419, 78, 214, 175, 
-614, 9, 624, 302, -619, 317, 297, 429, 429, 87, 224, 175, 
-614, 9, 624, 302, -619, 317, 302, 429, 429, 87, 224, 175, 
-614, 9, 624, 302, -619, 317, 307, 429, 429, 87, 224, 175, 
-614, 9, 624, 302, -619, 317, 312, 429, 429, 87, 224, 175, 
-624, 19, 644, 302, -634, 331, 312, 429, 429, 87, 224, 165, 
-624, 19, 644, 302, -634, 331, 312, 429, 429, 87, 224, 165, 
-624, 19, 644, 302, -634, 331, 312, 429, 429, 87, 224, 165, 
-624, 19, 644, 302, -634, 331, 312, 429, 429, 87, 224, 165, 
-614, 24, 639, 295, -627, 331, 326, 429, 439, 97, 229, 170, 
-614, 29, 644, 292, -629, 336, 331, 429, 439, 97, 234, 175, 
-614, 34, 649, 290, -631, 341, 336, 429, 439, 97, 239, 180, 
-614, 39, 653, 287, -634, 346, 341, 429, 439, 97, 244, 185, 
-624, 29, 653, 297, -639, 341, 326, 419, 424, 92, 239, 175, 
-624, 19, 644, 302, -634, 331, 322, 409, 419, 87, 234, 175, 
-624, 9, 634, 307, -629, 322, 317, 400, 414, 82, 229, 175, 
-624, 0, 624, 312, -624, 312, 312, 390, 409, 78, 224, 175, 
-614, 4, 619, 305, -617, 312, 302, 390, 400, 78, 234, 180, 
-614, 9, 624, 302, -619, 317, 302, 390, 400, 78, 234, 185, 
-614, 14, 629, 300, -622, 322, 302, 390, 400, 78, 234, 190, 
-614, 19, 634, 297, -624, 326, 302, 390, 400, 78, 234, 195, 
-610, 24, 634, 292, -622, 329, 292, 385, 390, 68, 239, 200, 
-605, 29, 634, 287, -619, 331, 292, 380, 390, 68, 244, 204, 
-600, 34, 634, 283, -617, 334, 292, 375, 390, 68, 248, 209, 
-595, 39, 634, 278, -614, 336, 292, 370, 390, 68, 253, 214, 
-590, 29, 619, 280, -605, 324, 287, 361, 375, 58, 253, 224, 
-585, 29, 614, 278, -600, 322, 283, 351, 370, 58, 253, 224, 
-580, 29, 610, 275, -595, 319, 278, 341, 366, 58, 253, 224, 
-575, 29, 605, 273, -590, 317, 273, 331, 361, 58, 253, 224, 
-585, 24, 610, 280, -597, 317, 263, 317, 346, 53, 244, 214, 
-585, 19, 605, 283, -595, 312, 263, 312, 341, 48, 244, 214, 
-585, 14, 600, 285, -592, 307, 263, 307, 336, 43, 244, 214, 
-585, 9, 595, 287, -590, 302, 263, 302, 331, 39, 244, 214, 
-570, 14, 585, 278, -578, 300, 253, 297, 317, 29, 244, 214, 
-566, 19, 585, 273, -575, 302, 253, 292, 312, 29, 244, 214, 
-561, 24, 585, 268, -573, 305, 253, 287, 307, 29, 244, 214, 
-556, 29, 585, 263, -570, 307, 253, 283, 302, 29, 244, 214, 
-556, 19, 575, 268, -566, 297, 239, 268, 297, 24, 244, 224, 
-556, 19, 575, 268, -566, 297, 234, 253, 292, 19, 244, 224, 
-556, 19, 575, 268, -566, 297, 229, 239, 287, 14, 244, 224, 
-556, 19, 575, 268, -566, 297, 224, 224, 283, 9, 244, 224, 
-546, 14, 561, 265, -553, 287, 219, 224, 273, 0, 253, 234, 
-546, 9, 556, 268, -551, 283, 214, 224, 273, 0, 253, 234, 
-546, 4, 551, 270, -549, 278, 209, 224, 273, 0, 253, 234, 
-546, 0, 546, 273, -546, 273, 204, 224, 273, 0, 253, 234, 
-536, -9, 527, 273, -531, 258, 200, 209, 263, -4, 239, 224, 
-527, -9, 517, 268, -522, 253, 195, 204, 253, -9, 234, 224, 
-517, -9, 507, 263, -512, 248, 190, 200, 244, -14, 229, 224, 
-507, -9, 497, 258, -502, 244, 185, 195, 234, -19, 224, 224, 
-488, -9, 478, 248, -483, 234, 175, 190, 229, -24, 224, 214, 
-478, -9, 468, 244, -473, 229, 165, 185, 224, -29, 224, 214, 
-468, -9, 458, 239, -463, 224, 156, 180, 219, -34, 224, 214, 
-458, -9, 448, 234, -453, 219, 146, 175, 214, -39, 224, 214, 
-439, 0, 439, 219, -439, 219, 156, 180, 204, -48, 224, 224, 
-419, 9, 429, 204, -424, 219, 156, 185, 204, -48, 224, 224, 
-400, 19, 419, 190, -409, 219, 156, 190, 204, -48, 224, 224, 
-380, 29, 409, 175, -395, 219, 156, 195, 204, -48, 224, 224, 
-380, 9, 390, 185, -385, 200, 146, 180, 195, -63, 214, 209, 
-380, 0, 380, 190, -380, 190, 136, 175, 185, -68, 204, 204, 
-380, -9, 370, 195, -375, 180, 126, 170, 175, -73, 195, 200, 
-380, -19, 361, 200, -370, 170, 117, 165, 165, -78, 185, 195, 
-380, -24, 356, 202, -368, 165, 117, 165, 161, -82, 185, 195, 
-380, -29, 351, 204, -366, 161, 117, 165, 156, -87, 185, 195, 
-380, -34, 346, 207, -363, 156, 117, 165, 151, -92, 185, 195, 
-380, -39, 341, 209, -361, 151, 117, 165, 146, -97, 185, 195, 
-370, -48, 322, 209, -346, 136, 117, 170, 146, -107, 180, 185, 
-370, -48, 322, 209, -346, 136, 117, 175, 146, -107, 175, 185, 
-370, -48, 322, 209, -346, 136, 117, 180, 146, -107, 170, 185, 
-370, -48, 322, 209, -346, 136, 117, 185, 146, -107, 165, 185, 
-346, -34, 312, 190, -329, 139, 117, 180, 141, -112, 156, 185, 
-331, -29, 302, 180, -317, 136, 117, 175, 136, -117, 156, 185, 
-317, -24, 292, 170, -305, 134, 117, 170, 131, -122, 156, 185, 
-302, -19, 283, 161, -292, 131, 117, 165, 126, -126, 156, 185, 
-317, -29, 287, 173, -302, 129, 122, 170, 126, -117, 156, 175, 
-322, -29, 292, 175, -307, 131, 126, 175, 126, -117, 156, 175, 
-326, -29, 297, 178, -312, 134, 131, 180, 126, -117, 156, 175, 
-331, -29, 302, 180, -317, 136, 136, 185, 126, -117, 156, 175, 
-322, -34, 287, 178, -305, 126, 131, 190, 117, -122, 151, 170, 
-322, -39, 283, 180, -302, 122, 126, 195, 117, -126, 146, 165, 
-322, -43, 278, 183, -300, 117, 122, 200, 117, -131, 141, 161, 
-322, -48, 273, 185, -297, 112, 117, 204, 117, -136, 136, 156, 
-331, -53, 278, 192, -305, 112, 107, 195, 117, -141, 126, 156, 
-331, -58, 273, 195, -302, 107, 107, 195, 117, -146, 126, 156, 
-331, -63, 268, 197, -300, 102, 107, 195, 117, -151, 126, 156, 
-331, -68, 263, 200, -297, 97, 107, 195, 117, -156, 126, 156, 
-331, -78, 253, 204, -292, 87, 107, 204, 117, -146, 126, 146, 
-331, -78, 253, 204, -292, 87, 107, 204, 117, -146, 126, 146, 
-331, -78, 253, 204, -292, 87, 107, 204, 117, -146, 126, 146, 
-331, -78, 253, 204, -292, 87, 107, 204, 117, -146, 126, 146, 
-322, -73, 248, 197, -285, 87, 97, 219, 126, -146, 126, 146, 
-312, -68, 244, 190, -278, 87, 97, 224, 126, -146, 126, 146, 
-302, -63, 239, 183, -270, 87, 97, 229, 126, -146, 126, 146, 
-292, -58, 234, 175, -263, 87, 97, 234, 126, -146, 126, 146, 
-297, -68, 229, 183, -263, 80, 82, 224, 117, -146, 117, 136, 
-302, -68, 234, 185, -268, 82, 78, 224, 117, -146, 117, 136, 
-307, -68, 239, 187, -273, 85, 73, 224, 117, -146, 117, 136, 
-312, -68, 244, 190, -278, 87, 68, 224, 117, -146, 117, 136, 
-302, -68, 234, 185, -268, 82, 78, 239, 122, -146, 117, 126, 
-302, -68, 234, 185, -268, 82, 78, 244, 126, -146, 117, 126, 
-302, -68, 234, 185, -268, 82, 78, 248, 131, -146, 117, 126, 
-302, -68, 234, 185, -268, 82, 78, 253, 136, -146, 117, 126, 
-302, -58, 244, 180, -273, 92, 87, 263, 141, -131, 126, 131, 
-302, -58, 244, 180, -273, 92, 87, 263, 146, -126, 126, 136, 
-302, -58, 244, 180, -273, 92, 87, 263, 151, -122, 126, 141, 
-302, -58, 244, 180, -273, 92, 87, 263, 156, -117, 126, 146, 
-322, -63, 258, 192, -290, 97, 102, 278, 165, -126, 126, 141, 
-331, -68, 263, 200, -297, 97, 107, 283, 165, -126, 126, 136, 
-341, -73, 268, 207, -305, 97, 112, 287, 165, -126, 126, 131, 
-351, -78, 273, 214, -312, 97, 117, 292, 165, -126, 126, 126, 
-346, -68, 278, 207, -312, 104, 126, 292, 175, -117, 126, 126, 
-341, -68, 273, 204, -307, 102, 126, 292, 175, -117, 126, 126, 
-336, -68, 268, 202, -302, 100, 126, 292, 175, -117, 126, 126, 
-331, -68, 263, 200, -297, 97, 126, 292, 175, -117, 126, 126, 
-341, -68, 273, 204, -307, 102, 136, 312, 180, -117, 126, 136, 
-341, -68, 273, 204, -307, 102, 136, 322, 185, -117, 126, 136, 
-341, -68, 273, 204, -307, 102, 136, 331, 190, -117, 126, 136, 
-341, -68, 273, 204, -307, 102, 136, 341, 195, -117, 126, 136, 
-331, -78, 253, 204, -292, 87, 136, 331, 195, -117, 117, 126, 
-331, -78, 253, 204, -292, 87, 136, 322, 195, -117, 117, 126, 
-331, -78, 253, 204, -292, 87, 136, 312, 195, -117, 117, 126, 
-331, -78, 253, 204, -292, 87, 136, 302, 195, -117, 117, 126, 
-341, -87, 253, 214, -297, 82, 126, 307, 204, -117, 117, 117, 
-351, -87, 263, 219, -307, 87, 126, 312, 204, -117, 117, 117, 
-361, -87, 273, 224, -317, 92, 126, 317, 204, -117, 117, 117, 
-370, -87, 283, 229, -326, 97, 126, 322, 204, -117, 117, 117, 
-366, -73, 292, 219, -329, 109, 136, 331, 214, -107, 126, 107, 
-361, -68, 292, 214, -326, 112, 136, 331, 214, -97, 126, 107, 
-356, -63, 292, 209, -324, 114, 136, 331, 214, -87, 126, 107, 
-351, -58, 292, 204, -322, 117, 136, 331, 214, -78, 126, 107, 
-351, -48, 302, 200, -326, 126, 126, 331, 224, -68, 131, 112, 
-351, -48, 302, 200, -326, 126, 126, 331, 224, -58, 136, 117, 
-351, -48, 302, 200, -326, 126, 126, 331, 224, -48, 141, 122, 
-351, -48, 302, 200, -326, 126, 126, 331, 224, -39, 146, 126, 
-361, -48, 312, 204, -336, 131, 126, 322, 224, -43, 136, 126, 
-361, -48, 312, 204, -336, 131, 126, 322, 224, -48, 136, 126, 
-361, -48, 312, 204, -336, 131, 126, 322, 224, -53, 136, 126, 
-361, -48, 312, 204, -336, 131, 126, 322, 224, -58, 136, 126, 
-356, -48, 307, 202, -331, 129, 126, 326, 224, -68, 131, 117, 
-351, -48, 302, 200, -326, 126, 126, 331, 224, -78, 126, 117, 
-346, -48, 297, 197, -322, 124, 126, 336, 224, -87, 122, 117, 
-341, -48, 292, 195, -317, 122, 126, 341, 224, -97, 117, 117, 
-322, -58, 263, 190, -292, 102, 126, 346, 214, -107, 117, 107, 
-312, -58, 253, 185, -283, 97, 126, 351, 214, -107, 117, 107, 
-302, -58, 244, 180, -273, 92, 126, 356, 214, -107, 117, 107, 
-292, -58, 234, 175, -263, 87, 126, 361, 214, -107, 117, 107, 
-302, -48, 253, 175, -278, 102, 141, 361, 219, -97, 126, 112, 
-312, -48, 263, 180, -287, 107, 146, 361, 224, -97, 126, 117, 
-322, -48, 273, 185, -297, 112, 151, 361, 229, -97, 126, 122, 
-331, -48, 283, 190, -307, 117, 156, 361, 234, -97, 126, 126, 
-326, -58, 268, 192, -297, 104, 161, 361, 229, -102, 126, 126, 
-322, -58, 263, 190, -292, 102, 165, 361, 224, -107, 126, 126, 
-317, -58, 258, 187, -287, 100, 170, 361, 219, -112, 126, 126, 
-312, -58, 253, 185, -283, 97, 175, 361, 214, -117, 126, 126, 
-307, -68, 239, 187, -273, 85, 170, 346, 209, -117, 126, 126, 
-302, -68, 234, 185, -268, 82, 165, 341, 204, -117, 126, 126, 
-297, -68, 229, 183, -263, 80, 161, 336, 200, -117, 126, 126, 
-292, -68, 224, 180, -258, 78, 156, 331, 195, -117, 126, 126, 
-307, -78, 229, 192, -268, 75, 156, 341, 204, -107, 136, 136, 
-312, -78, 234, 195, -273, 78, 156, 341, 204, -107, 136, 136, 
-317, -78, 239, 197, -278, 80, 156, 341, 204, -107, 136, 136, 
-322, -78, 244, 200, -283, 82, 156, 341, 204, -107, 136, 136, 
-312, -63, 248, 187, -280, 92, 141, 331, 200, -112, 126, 126, 
-302, -58, 244, 180, -273, 92, 136, 331, 195, -117, 126, 126, 
-292, -53, 239, 173, -265, 92, 131, 331, 190, -122, 126, 126, 
-283, -48, 234, 165, -258, 92, 126, 331, 185, -126, 126, 126, 
-292, -63, 229, 178, -261, 82, 117, 322, 175, -131, 117, 126, 
-292, -68, 224, 180, -258, 78, 117, 322, 175, -136, 117, 126, 
-292, -73, 219, 183, -256, 73, 117, 322, 175, -141, 117, 126, 
-292, -78, 214, 185, -253, 68, 117, 322, 175, -146, 117, 126, 
-292, -82, 209, 187, -251, 63, 117, 312, 161, -136, 117, 136, 
-292, -87, 204, 190, -248, 58, 117, 302, 156, -136, 117, 136, 
-292, -92, 200, 192, -246, 53, 117, 292, 151, -136, 117, 136, 
-292, -97, 195, 195, -244, 48, 117, 283, 146, -136, 117, 136, 
-273, -82, 190, 178, -231, 53, 112, 283, 136, -136, 107, 131, 
-263, -78, 185, 170, -224, 53, 107, 283, 136, -136, 107, 126, 
-253, -73, 180, 163, -217, 53, 102, 283, 136, -136, 107, 122, 
-244, -68, 175, 156, -209, 53, 97, 283, 136, -136, 107, 117, 
-244, -58, 185, 151, -214, 63, 102, 292, 136, -126, 117, 126, 
-244, -58, 185, 151, -214, 63, 107, 292, 136, -126, 117, 126, 
-244, -58, 185, 151, -214, 63, 112, 292, 136, -126, 117, 126, 
-244, -58, 185, 151, -214, 63, 117, 292, 136, -126, 117, 126, 
-253, -73, 180, 163, -217, 53, 107, 278, 126, -146, 102, 112, 
-263, -87, 175, 175, -219, 43, 97, 273, 117, -156, 97, 107, 
-273, -102, 170, 187, -222, 34, 87, 268, 107, -165, 92, 102, 
-283, -117, 165, 200, -224, 24, 78, 263, 97, -175, 87, 97, 
-253, -102, 151, 178, -202, 24, 68, 263, 107, -165, 78, 87, 
-234, -97, 136, 165, -185, 19, 68, 263, 107, -165, 78, 87, 
-214, -92, 122, 153, -168, 14, 68, 263, 107, -165, 78, 87, 
-195, -87, 107, 141, -151, 9, 68, 263, 107, -165, 78, 87, 
-204, -73, 131, 139, -168, 29, 73, 263, 117, -156, 92, 97, 
-214, -68, 146, 141, -180, 39, 78, 263, 117, -146, 97, 97, 
-224, -63, 161, 143, -192, 48, 82, 263, 117, -136, 102, 97, 
-234, -58, 175, 146, -204, 58, 87, 263, 117, -126, 107, 97, 
-214, -53, 161, 134, -187, 53, 97, 268, 112, -136, 97, 87, 
-200, -58, 141, 129, -170, 41, 87, 273, 112, -136, 97, 87, 
-195, -63, 131, 129, -163, 34, 87, 283, 117, -136, 97, 87, 
-190, -73, 117, 131, -153, 21, 87, 287, 117, -136, 97, 87, 
-200, -82, 117, 141, -158, 17, 92, 297, 126, -126, 107, 92, 
-209, -87, 122, 148, -165, 17, 97, 292, 126, -126, 107, 97, 
-219, -87, 131, 153, -175, 21, 102, 292, 122, -126, 102, 102, 
-229, -82, 146, 156, -187, 31, 107, 283, 122, -126, 102, 107, 
-229, -97, 131, 163, -180, 17, 97, 258, 107, -141, 97, 92, 
-244, -102, 141, 173, -192, 19, 92, 248, 102, -146, 92, 87, 
-234, -102, 131, 168, -183, 14, 92, 248, 97, -146, 87, 82, 
-234, -107, 126, 170, -180, 9, 92, 239, 92, -151, 82, 78, 
-229, -102, 126, 165, -178, 12, 92, 239, 102, -151, 92, 87, 
-229, -97, 131, 163, -180, 17, 92, 239, 102, -151, 92, 87, 
-219, -92, 126, 156, -173, 17, 92, 244, 102, -151, 92, 97, 
-219, -92, 126, 156, -173, 17, 87, 244, 102, -165, 92, 87, 
-229, -92, 136, 161, -183, 21, 78, 239, 102, -175, 82, 78, 
-229, -92, 136, 161, -183, 21, 68, 239, 102, -170, 82, 78, 
-224, -92, 131, 158, -178, 19, 63, 248, 102, -170, 82, 78, 
-214, -97, 117, 156, -165, 9, 53, 253, 102, -170, 82, 78, 
-204, -97, 107, 151, -156, 4, 63, 234, 102, -161, 92, 78, 
-204, -92, 112, 148, -158, 9, 63, 229, 102, -156, 92, 82, 
-195, -78, 117, 136, -156, 19, 63, 234, 102, -151, 92, 82, 
-185, -73, 112, 129, -148, 19, 63, 209, 97, -146, 92, 82, 
-200, -68, 131, 134, -165, 31, 53, 200, 107, -141, 102, 92, 
-214, -63, 151, 139, -183, 43, 53, 204, 107, -146, 102, 92, 
-200, -48, 151, 124, -175, 51, 53, 204, 107, -141, 102, 92, 
-200, -43, 156, 122, -178, 56, 53, 209, 107, -131, 102, 92, 
-209, -63, 146, 136, -178, 41, 53, 214, 102, -141, 92, 87, 
-209, -78, 131, 143, -170, 26, 53, 219, 97, -156, 82, 78, 
-214, -87, 126, 151, -170, 19, 53, 219, 87, -165, 68, 68, 
-214, -97, 117, 156, -165, 9, 53, 219, 82, -165, 58, 63, 
-204, -87, 117, 146, -161, 14, 43, 219, 97, -165, 68, 68, 
-200, -87, 112, 143, -156, 12, 43, 219, 97, -161, 73, 68, 
-200, -87, 112, 143, -156, 12, 43, 219, 97, -161, 73, 68, 
-195, -92, 102, 143, -148, 4, 43, 219, 97, -161, 73, 63, 
-180, -97, 82, 139, -131, -7, 53, 229, 87, -165, 63, 73, 
-180, -107, 73, 143, -126, -17, 58, 229, 87, -165, 63, 73, 
-185, -112, 73, 148, -129, -19, 68, 229, 87, -165, 68, 78, 
-195, -112, 82, 153, -139, -14, 82, 229, 87, -165, 68, 78, 
-190, -102, 87, 146, -139, -7, 78, 224, 87, -165, 63, 68, 
-195, -107, 87, 151, -141, -9, 73, 224, 92, -170, 63, 68, 
-204, -107, 97, 156, -151, -4, 68, 234, 102, -170, 63, 68, 
-209, -107, 102, 158, -156, -2, 63, 234, 107, -170, 68, 68, 
-185, -102, 82, 143, -134, -9, 73, 234, 102, -165, 68, 78, 
-185, -107, 78, 146, -131, -14, 73, 229, 97, -165, 63, 78, 
-170, -102, 68, 136, -119, -17, 73, 224, 97, -165, 63, 78, 
-156, -92, 63, 124, -109, -14, 73, 224, 97, -161, 63, 78, 
-161, -87, 73, 124, -117, -7, 58, 214, 87, -141, 73, 78, 
-170, -82, 87, 126, -129, 2, 48, 214, 87, -136, 78, 78, 
-175, -78, 97, 126, -136, 9, 39, 214, 87, -136, 82, 78, 
-170, -73, 97, 122, -134, 12, 29, 214, 92, -131, 87, 82, 
-161, -78, 82, 119, -122, 2, 43, 219, 97, -146, 87, 73, 
-161, -73, 87, 117, -124, 7, 43, 219, 102, -156, 82, 73, 
-151, -73, 78, 112, -114, 2, 43, 224, 107, -161, 73, 68, 
-151, -78, 73, 114, -112, -2, 43, 229, 112, -165, 68, 68, 
-156, -82, 73, 119, -114, -4, 34, 224, 97, -185, 58, 68, 
-165, -97, 68, 131, -117, -14, 34, 219, 92, -195, 58, 63, 
-156, -92, 63, 124, -109, -14, 39, 214, 87, -204, 58, 63, 
-146, -87, 58, 117, -102, -14, 39, 214, 82, -209, 58, 68, 
-136, -78, 58, 107, -97, -9, 39, 224, 73, -204, 48, 58, 
-126, -78, 48, 102, -87, -14, 34, 224, 73, -204, 48, 58, 
-117, -78, 39, 97, -78, -19, 34, 219, 73, -204, 48, 58, 
-112, -78, 34, 95, -73, -21, 34, 219, 73, -204, 48, 58, 
-126, -87, 39, 107, -82, -24, 29, 209, 82, -195, 48, 48, 
-136, -92, 43, 114, -90, -24, 24, 204, 82, -190, 53, 48, 
-141, -97, 43, 119, -92, -26, 19, 200, 82, -180, 58, 53, 
-151, -102, 48, 126, -100, -26, 14, 195, 82, -170, 63, 53, 
-161, -107, 53, 134, -107, -26, 29, 200, 73, -185, 53, 63, 
-170, -107, 63, 139, -117, -21, 34, 200, 73, -190, 53, 63, 
-170, -107, 63, 139, -117, -21, 39, 200, 73, -195, 58, 73, 
-170, -102, 68, 136, -119, -17, 43, 200, 82, -200, 58, 73, 
-136, -73, 63, 104, -100, -4, 14, 229, 102, -180, 58, 68, 
-141, -92, 48, 117, -95, -21, 29, 239, 126, -175, 48, 43, 
-136, -97, 39, 117, -87, -29, 63, 253, 151, -161, 43, 43, 
-161, -107, 53, 134, -107, -26, 68, 278, 161, -161, 53, 34, 
-175, -122, 53, 148, -114, -34, 92, 326, 175, -146, 63, 43, 
-180, -122, 58, 151, -119, -31, 122, 375, 204, -102, 78, 53, 
-204, -102, 102, 153, -153, 0, 161, 429, 258, -58, 102, 53, 
-234, -92, 141, 163, -187, 24, 190, 492, 346, 4, 126, 58, 
-239, -92, 146, 165, -192, 26, 195, 556, 424, 78, 156, 68, 
-209, -58, 151, 134, -180, 46, 185, 570, 478, 141, 204, 82, 
-161, 0, 161, 80, -161, 80, 175, 561, 536, 229, 278, 117, 
-78, 48, 126, 14, -102, 87, 151, 512, 566, 317, 375, 180, 
-48, 48, 97, 0, -73, 73, 92, 361, 507, 361, 458, 234, 
-9, 48, 58, -19, -34, 53, 34, 190, 380, 385, 527, 273, 
92, 73, -19, -82, 56, 26, -34, 43, 209, 361, 580, 322, 
185, 82, -102, -134, 143, -9, -117, -165, -14, 302, 595, 356, 
165, 78, -87, -122, 126, -4, -234, -468, -244, 209, 585, 395, 
146, 82, -63, -114, 104, 9, -356, -829, -453, 107, 575, 444, 
244, 102, -141, -173, 192, -19, -468, -1215, -697, -14, 561, 478, 
361, 102, -258, -231, 309, -78, -600, -1537, -966, -161, 527, 507, 
395, 68, -326, -231, 361, -129, -741, -1810, -1229, -346, 458, 507, 
419, 34, -385, -226, 402, -175, -863, -2044, -1420, -546, 366, 488, 
468, -4, -473, -231, 470, -239, -956, -2230, -1605, -771, 248, 453, 
507, -73, -580, -217, 544, -326, -1054, -2396, -1790, -1005, 117, 395, 
546, -131, -678, -207, 612, -405, -1141, -2518, -1971, -1239, -19, 351, 
614, -175, -790, -219, 702, -483, -1224, -2532, -2069, -1385, -107, 346, 
727, -185, -912, -270, 819, -549, -1293, -2440, -2083, -1439, -151, 366, 
849, -204, -1054, -322, 951, -629, -1356, -2352, -2078, -1454, -175, 385, 
912, -268, -1180, -322, 1046, -724, -1385, -2259, -2069, -1473, -219, 370, 
932, -326, -1259, -302, 1095, -793, -1366, -2103, -2044, -1493, -278, 341, 
971, -331, -1302, -319, 1137, -817, -1327, -1952, -1981, -1493, -317, 326, 
1034, -346, -1381, -344, 1207, -863, -1302, -1810, -1908, -1473, -336, 317, 
1088, -356, -1444, -366, 1266, -900, -1283, -1688, -1830, -1449, -351, 292, 
1137, -336, -1473, -400, 1305, -905, -1244, -1546, -1737, -1444, -370, 273, 
1146, -331, -1478, -407, 1312, -905, -1190, -1424, -1634, -1429, -385, 244, 
1107, -341, -1449, -383, 1278, -895, -1141, -1322, -1561, -1410, -409, 204, 
1073, -366, -1439, -353, 1256, -902, -1088, -1234, -1512, -1400, -439, 161, 
1063, -390, -1454, -336, 1259, -922, -1015, -1156, -1468, -1366, -458, 126, 
1044, -400, -1444, -322, 1244, -922, -936, -1068, -1410, -1342, -497, 78, 
966, -434, -1400, -265, 1183, -917, -878, -990, -1332, -1317, -507, 29, 
810, -463, -1273, -173, 1041, -868, -810, -922, -1234, -1263, -488, 14, 
683, -478, -1161, -102, 922, -819, -712, -839, -1132, -1210, -463, 24, 
629, -458, -1088, -85, 858, -773, -610, -712, -1024, -1161, -439, 19, 
629, -429, -1058, -100, 844, -744, -551, -575, -922, -1098, -434, 0, 
610, -419, -1029, -95, 819, -724, -517, -492, -839, -1039, -424, -9, 
585, -419, -1005, -82, 795, -712, -483, -434, -780, -980, -419, -39, 
585, -419, -1005, -82, 795, -712, -448, -366, -736, -951, -429, -92, 
561, -414, -976, -73, 768, -695, -405, -297, -678, -902, -429, -131, 
492, -419, -912, -36, 702, -666, -356, -229, -610, -844, -419, -156, 
419, -424, -844, 2, 631, -634, -307, -190, -556, -810, -409, -180, 
351, -429, -780, 39, 566, -605, -273, -146, -512, -790, -409, -214, 
287, -400, -688, 56, 488, -544, -204, -63, -429, -756, -390, -214, 
239, -361, -600, 61, 419, -480, -141, 14, -351, -712, -370, -195, 
185, -346, -531, 80, 358, -439, -117, 48, -292, -673, -361, -195, 
131, -326, -458, 97, 295, -392, -97, 73, -239, -619, -326, -185, 
107, -297, -405, 95, 256, -351, -53, 97, -175, -575, -283, -151, 
68, -283, -351, 107, 209, -317, -34, 97, -151, -531, -239, -122, 
29, -258, -287, 114, 158, -273, -34, 97, -136, -497, -219, -112, 
9, -239, -248, 114, 129, -244, -14, 122, -112, -453, -180, -87, 
-9, -229, -219, 119, 104, -224, 4, 136, -92, -409, -141, -82, 
-43, -229, -185, 136, 70, -207, 4, 151, -73, -375, -126, -82, 
-92, -244, -151, 168, 29, -197, 9, 170, -43, -356, -112, -78, 
-117, -219, -102, 168, -7, -161, 29, 224, 4, -326, -87, -53, 
-97, -165, -68, 131, -14, -117, 58, 273, 63, -297, -58, -24, 
-102, -136, -34, 119, -34, -85, 73, 312, 97, -273, -39, -9, 
-126, -156, -29, 141, -48, -92, 78, 331, 122, -263, -34, -9, 
-122, -151, -29, 136, -46, -90, 82, 351, 131, -253, -24, 0, 
-117, -151, -34, 134, -41, -92, 82, 336, 122, -244, -34, -9, 
-131, -156, -24, 143, -53, -90, 82, 331, 117, -239, -29, -14, 
-126, -156, -29, 141, -48, -92, 82, 322, 112, -229, -29, -24, 
-92, -146, -53, 119, -19, -100, 82, 322, 107, -229, -29, -39, 
-107, -156, -48, 131, -29, -102, 63, 312, 117, -219, -19, -39, 
-126, -156, -29, 141, -48, -92, 58, 322, 117, -209, -19, -39, 
-146, -161, -14, 153, -65, -87, 53, 322, 126, -209, -19, -43, 
-161, -165, -4, 163, -78, -85, 43, 326, 136, -200, -19, -43, 
-180, -170, 9, 175, -95, -80, 34, 317, 136, -204, -29, -34, 
-165, -175, -9, 170, -78, -92, 43, 317, 141, -209, -24, -34, 
-146, -156, -9, 151, -68, -82, 48, 307, 151, -200, -24, -29, 
-156, -161, -4, 158, -75, -82, 53, 307, 151, -200, -14, -29, 
-165, -175, -9, 170, -78, -92, 53, 312, 136, -200, -29, -24, 
-165, -175, -9, 170, -78, -92, 58, 312, 126, -200, -34, -24, 
-161, -170, -9, 165, -75, -90, 68, 312, 122, -204, -34, -19, 
-161, -170, -9, 165, -75, -90, 68, 322, 117, -209, -39, -19, 
-165, -170, -4, 168, -80, -87, 53, 326, 126, -204, -34, -24, 
-161, -170, -9, 165, -75, -90, 53, 326, 136, -204, -34, -24, 
-156, -165, -9, 161, -73, -87, 58, 326, 151, -209, -29, -24, 
-156, -161, -4, 158, -75, -82, 58, 317, 146, -209, -24, -34, 
-146, -180, -34, 163, -56, -107, 48, 307, 141, -209, -39, -39, 
-141, -170, -29, 156, -56, -100, 58, 312, 146, -209, -43, -43, 
-146, -165, -19, 156, -63, -92, 58, 326, 141, -209, -48, -48, 
-141, -165, -24, 153, -58, -95, 58, 317, 131, -204, -53, -53, 
-131, -165, -34, 148, -48, -100, 43, 317, 131, -190, -43, -53, 
-131, -161, -29, 146, -51, -95, 43, 326, 131, -190, -43, -53, 
-131, -161, -29, 146, -51, -95, 48, 331, 136, -185, -43, -48, 
-131, -161, -29, 146, -51, -95, 53, 331, 141, -180, -43, -48, 
-156, -170, -14, 163, -70, -92, 43, 326, 131, -180, -53, -68, 
-165, -180, -14, 173, -75, -97, 43, 326, 131, -180, -48, -73, 
-175, -190, -14, 183, -80, -102, 48, 331, 146, -175, -43, -68, 
-190, -200, -9, 195, -90, -104, 48, 331, 146, -175, -43, -73, 
-180, -195, -14, 187, -82, -104, 48, 322, 146, -175, -34, -68, 
-180, -190, -9, 185, -85, -100, 48, 317, 151, -175, -39, -63, 
-180, -195, -14, 187, -82, -104, 53, 317, 156, -170, -39, -63, 
-175, -190, -14, 183, -80, -102, 53, 317, 156, -170, -34, -58, 
-185, -180, 4, 183, -95, -87, 58, 322, 156, -161, -34, -58, 
-185, -170, 14, 178, -100, -78, 58, 326, 170, -161, -34, -58, 
-190, -170, 19, 180, -104, -75, 58, 326, 170, -161, -34, -58, 
-195, -175, 19, 185, -107, -78, 58, 331, 170, -161, -34, -63, 
-180, -161, 19, 170, -100, -70, 68, 336, 175, -136, -24, -53, 
-165, -131, 34, 148, -100, -48, 78, 351, 190, -126, -9, -48, 
-151, -126, 24, 139, -87, -51, 97, 361, 200, -117, -9, -48, 
-146, -131, 14, 139, -80, -58, 107, 370, 204, -112, -9, -48, 
-156, -156, 0, 156, -78, -78, 107, 366, 204, -122, -24, -58, 
-151, -156, -4, 153, -73, -80, 107, 375, 200, -126, -29, -63, 
-136, -156, -19, 146, -58, -87, 107, 375, 200, -126, -34, -63, 
-131, -151, -19, 141, -56, -85, 107, 366, 200, -122, -34, -58, 
-146, -141, 4, 143, -75, -68, 107, 380, 204, -117, -29, -53, 
-151, -136, 14, 143, -82, -61, 107, 380, 214, -107, -24, -48, 
-156, -136, 19, 146, -87, -58, 107, 375, 224, -102, -19, -48, 
-161, -136, 24, 148, -92, -56, 107, 375, 229, -97, -14, -43, 
-180, -131, 48, 156, -114, -41, 112, 400, 229, -87, -9, -58, 
-195, -136, 58, 165, -126, -39, 117, 405, 239, -82, -4, -53, 
-190, -136, 53, 163, -122, -41, 122, 405, 244, -78, -4, -58, 
-195, -141, 53, 168, -124, -43, 122, 409, 248, -78, -4, -73, 
-190, -136, 53, 163, -122, -41, 131, 429, 258, -78, -4, -68, 
-185, -131, 53, 158, -119, -39, 131, 429, 263, -78, -9, -68, 
-200, -131, 68, 165, -134, -31, 131, 434, 268, -78, -9, -68, 
-200, -126, 73, 163, -136, -26, 131, 439, 273, -63, -9, -68, 
-190, -131, 58, 161, -124, -36, 151, 439, 278, -48, 9, -63, 
-175, -117, 58, 146, -117, -29, 161, 444, 283, -39, 14, -58, 
-195, -117, 78, 156, -136, -19, 161, 448, 287, -29, 24, -58, 
-195, -117, 78, 156, -136, -19, 156, 453, 292, -19, 24, -53, 
-165, -107, 58, 136, -112, -24, 165, 468, 297, -14, 19, -53, 
-175, -112, 63, 143, -119, -24, 165, 468, 302, -14, 14, -53, 
-185, -112, 73, 148, -129, -19, 165, 463, 302, -19, 9, -53, 
-190, -107, 82, 148, -136, -12, 165, 453, 302, -19, 4, -53, 
-209, -112, 97, 161, -153, -7, 156, 463, 302, -14, -4, -53, 
-219, -122, 97, 170, -158, -12, 161, 478, 307, -9, 0, -53, 
-244, -131, 112, 187, -178, -9, 161, 478, 317, -9, 4, -58, 
-258, -146, 112, 202, -185, -17, 161, 473, 317, -9, 4, -63, 
-248, -131, 117, 190, -183, -7, 156, 488, 322, 9, 14, -53, 
-239, -112, 126, 175, -183, 7, 156, 483, 336, 34, 19, -53, 
-229, -102, 126, 165, -178, 12, 156, 488, 341, 58, 34, -58, 
-204, -92, 112, 148, -158, 9, 165, 497, 351, 82, 39, -58, 
-204, -87, 117, 146, -161, 14, 170, 497, 346, 73, 34, -63, 
-224, -87, 136, 156, -180, 24, 175, 497, 356, 63, 29, -68, 
-253, -87, 165, 170, -209, 39, 185, 497, 356, 68, 34, -63, 
-253, -87, 165, 170, -209, 39, 190, 497, 356, 63, 29, -63, 
-248, -97, 151, 173, -200, 26, 200, 507, 370, 73, 29, -73, 
-248, -107, 141, 178, -195, 17, 200, 507, 370, 82, 34, -73, 
-263, -122, 141, 192, -202, 9, 204, 507, 370, 97, 34, -63, 
-278, -131, 146, 204, -212, 7, 204, 497, 370, 107, 39, -63, 
-268, -107, 161, 187, -214, 26, 204, 507, 380, 102, 48, -53, 
-253, -102, 151, 178, -202, 24, 209, 507, 380, 112, 48, -53, 
-239, -92, 146, 165, -192, 26, 209, 507, 380, 112, 48, -58, 
-229, -87, 141, 158, -185, 26, 209, 492, 380, 107, 48, -58, 
-224, -87, 136, 156, -180, 24, 200, 492, 370, 107, 48, -43, 
-224, -82, 141, 153, -183, 29, 195, 502, 370, 117, 63, -43, 
-224, -73, 151, 148, -187, 39, 190, 502, 370, 117, 63, -34, 
-234, -73, 161, 153, -197, 43, 180, 497, 366, 117, 58, -34, 
-244, -78, 165, 161, -204, 43, 165, 473, 370, 126, 63, -29, 
-253, -92, 161, 173, -207, 34, 161, 448, 366, 126, 63, -39, 
-239, -78, 161, 158, -200, 41, 161, 453, 366, 126, 63, -29, 
-239, -78, 161, 158, -200, 41, 165, 453, 366, 131, 63, -24, 
-263, -102, 161, 183, -212, 29, 156, 448, 336, 112, 48, -39, 
-263, -107, 156, 185, -209, 24, 151, 434, 326, 97, 43, -43, 
-224, -107, 117, 165, -170, 4, 146, 434, 317, 87, 43, -48, 
-200, -87, 112, 143, -156, 12, 146, 434, 312, 87, 43, -48, 
-204, -97, 107, 151, -156, 4, 136, 419, 307, 102, 53, -39, 
-204, -97, 107, 151, -156, 4, 131, 409, 297, 107, 53, -39, 
-190, -97, 92, 143, -141, -2, 131, 390, 287, 102, 48, -39, 
-190, -97, 92, 143, -141, -2, 131, 380, 283, 107, 48, -34, 
-209, -97, 112, 153, -161, 7, 122, 370, 283, 117, 58, -39, 
-214, -102, 112, 158, -163, 4, 112, 351, 273, 117, 58, -43, 
-214, -102, 112, 158, -163, 4, 112, 351, 268, 126, 63, -43, 
-200, -92, 107, 146, -153, 7, 112, 351, 263, 141, 63, -43, 
-200, -82, 117, 141, -158, 17, 122, 336, 258, 156, 58, -29, 
-200, -87, 112, 143, -156, 12, 122, 317, 253, 156, 58, -29, 
-200, -97, 102, 148, -151, 2, 107, 312, 244, 156, 53, -29, 
-190, -87, 102, 139, -146, 7, 107, 307, 239, 156, 53, -29, 
-180, -87, 92, 134, -136, 2, 87, 307, 224, 141, 43, -34, 
-175, -92, 82, 134, -129, -4, 73, 302, 214, 126, 39, -34, 
-180, -107, 73, 143, -126, -17, 58, 283, 200, 112, 39, -34, 
-170, -112, 58, 141, -114, -26, 53, 278, 180, 92, 39, -34, 
-146, -112, 34, 129, -90, -39, 63, 292, 190, 78, 43, -24, 
-141, -117, 24, 129, -82, -46, 53, 278, 175, 73, 43, -19, 
-136, -126, 9, 131, -73, -58, 43, 273, 165, 73, 43, -19, 
-126, -131, -4, 129, -61, -68, 43, 273, 165, 73, 43, -14, 
-112, -131, -19, 122, -46, -75, 19, 258, 156, 78, 34, -19, 
-102, -126, -24, 114, -39, -75, 14, 248, 141, 78, 34, -19, 
-102, -122, -19, 112, -41, -70, 9, 239, 126, 87, 29, -24, 
-97, -122, -24, 109, -36, -73, 9, 239, 117, 92, 29, -24, 
-92, -136, -43, 114, -24, -90, -4, 229, 112, 102, 19, -14, 
-73, -141, -68, 107, -2, -104, -19, 219, 92, 107, 14, -19, 
-63, -146, -82, 104, 9, -114, -19, 214, 78, 112, 9, -24, 
-63, -146, -82, 104, 9, -114, -19, 204, 73, 122, 9, -24, 
-68, -151, -82, 109, 7, -117, -19, 185, 63, 117, 0, -34, 
-63, -151, -87, 107, 12, -119, -29, 170, 53, 107, 0, -34, 
-58, -161, -102, 109, 21, -131, -34, 165, 43, 92, -4, -34, 
-58, -161, -102, 109, 21, -131, -34, 165, 34, 92, -9, -39, 
-39, -151, -112, 95, 36, -131, -48, 151, 29, 68, -14, -39, 
-39, -156, -117, 97, 39, -136, -53, 151, 19, 63, -14, -39, 
-29, -156, -126, 92, 48, -141, -58, 151, 9, 58, -19, -39, 
-19, -156, -136, 87, 58, -146, -68, 151, 0, 43, -24, -43, 
-4, -151, -146, 78, 70, -148, -73, 131, -9, 43, -24, -34, 
0, -156, -156, 78, 78, -156, -68, 126, -19, 43, -29, -29, 
4, -156, -161, 75, 82, -158, -68, 126, -19, 48, -34, -24, 
14, -146, -161, 65, 87, -153, -63, 122, -29, 53, -34, -19, 
14, -151, -165, 68, 90, -158, -58, 131, -29, 58, -29, -19, 
14, -156, -170, 70, 92, -163, -58, 131, -24, 53, -34, -19, 
9, -175, -185, 82, 97, -180, -53, 131, -29, 58, -39, -34, 
9, -190, -200, 90, 104, -195, -53, 126, -34, 63, -39, -39, 
9, -185, -195, 87, 102, -190, -53, 112, -39, 68, -48, -48, 
19, -170, -190, 75, 104, -180, -58, 107, -53, 68, -48, -48, 
34, -156, -190, 61, 112, -173, -58, 97, -63, 63, -53, -53, 
34, -170, -204, 68, 119, -187, -58, 92, -78, 68, -63, -58, 
39, -175, -214, 68, 126, -195, -63, 92, -78, 73, -68, -63, 
48, -175, -224, 63, 136, -200, -68, 97, -78, 82, -68, -68, 
48, -175, -224, 63, 136, -200, -78, 97, -78, 97, -73, -73, 
48, -200, -248, 75, 148, -224, -82, 97, -82, 107, -73, -82, 
48, -195, -244, 73, 146, -219, -68, 97, -78, 117, -63, -73, 
39, -175, -214, 68, 126, -195, -63, 102, -73, 122, -53, -63, 
19, -175, -195, 78, 107, -185, -58, 102, -68, 122, -63, -73, 
0, -175, -175, 87, 87, -175, -53, 102, -68, 117, -73, -78, 
14, -156, -170, 70, 92, -163, -68, 87, -58, 126, -68, -63, 
34, -141, -175, 53, 104, -158, -78, 87, -58, 126, -63, -58, 
48, -126, -175, 39, 112, -151, -87, 82, -63, 131, -58, -53, 
58, -131, -190, 36, 124, -161, -97, 63, -63, 136, -53, -48, 
53, -136, -190, 41, 122, -163, -87, 63, -53, 122, -63, -48, 
48, -141, -190, 46, 119, -165, -78, 78, -53, 122, -63, -48, 
43, -151, -195, 53, 119, -173, -68, 78, -53, 126, -63, -48, 
29, -170, -200, 70, 114, -185, -63, 78, -53, 122, -68, -58, 
53, -175, -229, 61, 141, -202, -68, 82, -63, 136, -58, -68, 
68, -180, -248, 56, 158, -214, -68, 87, -58, 146, -58, -63, 
48, -185, -234, 68, 141, -209, -73, 92, -58, 165, -58, -63, 
39, -185, -224, 73, 131, -204, -78, 102, -58, 180, -58, -58, 
29, -175, -204, 73, 117, -190, -63, 97, -48, 185, -68, -58, 
29, -175, -204, 73, 117, -190, -58, 92, -39, 190, -68, -58, 
29, -175, -204, 73, 117, -190, -53, 92, -39, 195, -63, -63, 
34, -175, -209, 70, 122, -192, -53, 102, -39, 200, -63, -63, 
53, -170, -224, 58, 139, -197, -53, 112, -43, 204, -58, -63, 
63, -161, -224, 48, 143, -192, -53, 122, -43, 209, -63, -68, 
68, -156, -224, 43, 146, -190, -53, 126, -39, 214, -63, -68, 
68, -151, -219, 41, 143, -185, -53, 126, -39, 219, -63, -68, 
68, -136, -204, 34, 136, -170, -63, 126, -29, 224, -58, -63, 
68, -131, -200, 31, 134, -165, -58, 126, -24, 234, -58, -53, 
68, -126, -195, 29, 131, -161, -48, 131, -24, 234, -58, -48, 
68, -126, -195, 29, 131, -161, -48, 136, -14, 234, -58, -43, 
68, -126, -195, 29, 131, -161, -39, 156, 4, 258, -53, -48, 
68, -131, -200, 31, 134, -165, -39, 156, 4, 278, -48, -48, 
58, -136, -195, 39, 126, -165, -34, 156, 4, 287, -48, -48, 
58, -146, -204, 43, 131, -175, -29, 165, 4, 297, -48, -48, 
43, -165, -209, 61, 126, -187, -19, 165, 0, 302, -53, -58, 
43, -175, -219, 65, 131, -197, -19, 165, 4, 297, -58, -58, 
39, -195, -234, 78, 136, -214, -19, 170, 4, 292, -68, -58, 
24, -214, -239, 95, 131, -226, -19, 175, 4, 287, -73, -68, 
34, -204, -239, 85, 136, -222, -14, 180, 19, 302, -63, -58, 
43, -165, -209, 61, 126, -187, 0, 185, 29, 312, -63, -53, 
43, -146, -190, 51, 117, -168, 4, 195, 39, 312, -53, -53, 
39, -146, -185, 53, 112, -165, 4, 209, 43, 312, -53, -53, 
24, -170, -195, 73, 109, -183, 4, 214, 34, 322, -68, -68, 
34, -180, -214, 73, 124, -197, 9, 219, 39, 322, -73, -68, 
34, -185, -219, 75, 126, -202, 9, 219, 39, 326, -73, -73, 
29, -190, -219, 80, 124, -204, 9, 219, 43, 331, -68, -73, 
34, -180, -214, 73, 124, -197, -14, 234, 39, 351, -58, -78, 
48, -170, -219, 61, 134, -195, -29, 244, 43, 375, -58, -78, 
43, -161, -204, 58, 124, -183, -39, 244, 43, 395, -58, -82, 
48, -161, -209, 56, 129, -185, -53, 244, 43, 409, -58, -82, 
48, -161, -209, 56, 129, -185, -43, 224, 29, 414, -58, -92, 
43, -165, -209, 61, 126, -187, -39, 219, 19, 424, -58, -92, 
39, -180, -219, 70, 129, -200, -39, 209, 0, 429, -63, -97, 
29, -200, -229, 85, 129, -214, -34, 200, -9, 439, -63, -97, 
48, -185, -234, 68, 141, -209, -14, 224, 14, 434, -68, -87, 
58, -175, -234, 58, 146, -204, -4, 229, 14, 424, -58, -82, 
68, -165, -234, 48, 151, -200, 0, 234, 14, 414, -68, -82, 
82, -161, -244, 39, 163, -202, 4, 244, 14, 400, -68, -82, 
68, -180, -248, 56, 158, -214, 24, 248, 19, 385, -73, -68, 
63, -195, -258, 65, 161, -226, 34, 253, 24, 370, -78, -63, 
48, -209, -258, 80, 153, -234, 39, 258, 24, 356, -82, -63, 
24, -229, -253, 102, 139, -241, 43, 258, 24, 351, -87, -58, 
39, -214, -253, 87, 146, -234, 29, 248, 9, 370, -82, -48, 
48, -214, -263, 82, 156, -239, 24, 244, 9, 380, -78, -53, 
63, -195, -258, 65, 161, -226, 19, 234, 4, 390, -73, -58, 
78, -185, -263, 53, 170, -224, 14, 224, 4, 400, -68, -58, 
58, -200, -258, 70, 158, -229, 4, 219, 0, 409, -73, -68, 
39, -209, -248, 85, 143, -229, 0, 214, -4, 419, -73, -78, 
19, -214, -234, 97, 126, -224, -4, 209, -9, 424, -78, -87, 
9, -219, -229, 104, 119, -224, -9, 190, -14, 434, -78, -102, 
29, -204, -234, 87, 131, -219, -24, 180, -19, 448, -78, -92, 
29, -200, -229, 85, 129, -214, -29, 190, -29, 458, -73, -87, 
39, -185, -224, 73, 131, -204, -34, 190, -34, 463, -73, -82, 
43, -180, -224, 68, 134, -202, -48, 185, -39, 468, -73, -82, 
48, -180, -229, 65, 139, -204, -58, 185, -34, 463, -78, -68, 
48, -190, -239, 70, 143, -214, -53, 190, -39, 463, -78, -63, 
34, -195, -229, 80, 131, -212, -53, 190, -39, 468, -78, -63, 
34, -195, -229, 80, 131, -212, -48, 180, -43, 468, -78, -58, 
48, -190, -239, 70, 143, -214, -29, 190, -34, 488, -73, -53, 
48, -180, -229, 65, 139, -204, -29, 190, -24, 497, -73, -53, 
43, -195, -239, 75, 141, -217, -34, 190, -34, 502, -73, -53, 
43, -204, -248, 80, 146, -226, -53, 175, -39, 512, -78, -53, 
48, -185, -234, 68, 141, -209, -58, 175, -43, 522, -78, -68, 
48, -180, -229, 65, 139, -204, -58, 175, -48, 522, -78, -68, 
43, -180, -224, 68, 134, -202, -58, 165, -58, 522, -78, -68, 
43, -175, -219, 65, 131, -197, -63, 161, -63, 522, -78, -63, 
43, -161, -204, 58, 124, -183, -73, 146, -58, 541, -87, -73, 
39, -156, -195, 58, 117, -175, -68, 146, -58, 546, -87, -73, 
29, -161, -190, 65, 109, -175, -63, 146, -58, 546, -92, -78, 
24, -161, -185, 68, 104, -173, -63, 146, -63, 551, -92, -78, 
39, -151, -190, 56, 114, -170, -53, 151, -53, 570, -87, -78, 
43, -161, -204, 58, 124, -183, -53, 156, -53, 575, -82, -78, 
48, -161, -209, 56, 129, -185, -58, 156, -53, 585, -78, -78, 
63, -161, -224, 48, 143, -192, -58, 161, -63, 595, -73, -78, 
53, -151, -204, 48, 129, -178, -63, 165, -58, 600, -78, -78, 
53, -146, -200, 46, 126, -173, -63, 156, -58, 605, -78, -78, 
53, -136, -190, 41, 122, -163, -63, 156, -58, 610, -78, -78, 
48, -136, -185, 43, 117, -161, -63, 156, -58, 619, -73, -73, 
58, -146, -204, 43, 131, -175, -63, 156, -68, 619, -78, -82, 
53, -146, -200, 46, 126, -173, -63, 156, -68, 619, -82, -87, 
53, -151, -204, 48, 129, -178, -68, 146, -73, 614, -92, -87, 
39, -165, -204, 63, 122, -185, -82, 136, -82, 605, -102, -87, 
34, -170, -204, 68, 119, -187, -73, 122, -82, 605, -102, -82, 
29, -170, -200, 70, 114, -185, -73, 122, -78, 614, -97, -78, 
24, -170, -195, 73, 109, -183, -68, 126, -78, 614, -97, -73, 
19, -175, -195, 78, 107, -185, -68, 112, -78, 610, -97, -73, 
24, -170, -195, 73, 109, -183, -63, 122, -68, 619, -87, -63, 
34, -161, -195, 63, 114, -178, -58, 131, -68, 629, -82, -63, 
39, -156, -195, 58, 117, -175, -53, 141, -68, 639, -82, -68, 
43, -161, -204, 58, 124, -183, -48, 156, -73, 644, -87, -68, 
39, -151, -190, 56, 114, -170, -58, 146, -73, 644, -97, -78, 
43, -141, -185, 48, 114, -163, -58, 141, -73, 649, -97, -78, 
39, -141, -180, 51, 109, -161, -63, 126, -78, 653, -102, -78, 
34, -151, -185, 58, 109, -168, -68, 126, -82, 653, -107, -82, 
19, -156, -175, 68, 97, -165, -78, 126, -92, 653, -107, -92, 
14, -161, -175, 73, 95, -168, -73, 126, -92, 649, -102, -92, 
14, -165, -180, 75, 97, -173, -73, 122, -87, 649, -102, -92, 
14, -161, -175, 73, 95, -168, -73, 122, -82, 653, -102, -87, 
48, -151, -200, 51, 124, -175, -68, 126, -78, 673, -92, -82, 
53, -146, -200, 46, 126, -173, -68, 117, -82, 678, -92, -78, 
39, -136, -175, 48, 107, -156, -63, 122, -78, 678, -92, -73, 
39, -122, -161, 41, 100, -141, -58, 126, -73, 683, -92, -68, 
43, -112, -156, 34, 100, -134, -58, 131, -68, 688, -97, -73, 
43, -112, -156, 34, 100, -134, -58, 126, -63, 688, -97, -73, 
48, -112, -161, 31, 104, -136, -58, 122, -58, 688, -97, -73, 
58, -112, -170, 26, 114, -141, -58, 112, -53, 688, -92, -73, 
58, -126, -185, 34, 122, -156, -53, 112, -63, 678, -102, -87, 
53, -136, -190, 41, 122, -163, -53, 117, -68, 678, -102, -87, 
48, -141, -190, 46, 119, -165, -48, 126, -63, 678, -102, -82, 
48, -141, -190, 46, 119, -165, -48, 136, -68, 678, -97, -78, 
58, -131, -190, 36, 124, -161, -53, 146, -58, 683, -97, -78, 
58, -131, -190, 36, 124, -161, -53, 141, -58, 688, -97, -78, 
53, -136, -190, 41, 122, -163, -53, 136, -58, 692, -102, -82, 
53, -136, -190, 41, 122, -163, -58, 136, -68, 697, -102, -82, 
43, -122, -165, 39, 104, -143, -48, 131, -53, 707, -97, -73, 
43, -122, -165, 39, 104, -143, -39, 131, -48, 712, -102, -78, 
29, -131, -161, 51, 95, -146, -29, 126, -48, 712, -97, -78, 
19, -136, -156, 58, 87, -146, -19, 126, -43, 712, -92, -73, 
14, -151, -165, 68, 90, -158, -9, 131, -43, 702, -87, -73, 
19, -156, -175, 68, 97, -165, -9, 136, -43, 702, -82, -73, 
29, -141, -170, 56, 100, -156, -9, 146, -43, 702, -87, -73, 
34, -136, -170, 51, 102, -153, -9, 170, -43, 702, -92, -73, 
43, -146, -190, 51, 117, -168, -9, 165, -34, 692, -102, -78, 
34, -146, -180, 56, 107, -163, -9, 151, -34, 688, -102, -78, 
29, -146, -175, 58, 102, -161, -9, 146, -34, 683, -102, -73, 
29, -146, -175, 58, 102, -161, -9, 141, -34, 683, -102, -73, 
43, -136, -180, 46, 112, -158, -14, 151, -24, 692, -87, -63, 
43, -131, -175, 43, 109, -153, -14, 146, -24, 697, -87, -63, 
43, -131, -175, 43, 109, -153, -14, 141, -24, 697, -87, -68, 
43, -126, -170, 41, 107, -148, -14, 141, -24, 697, -87, -68, 
58, -141, -200, 41, 129, -170, -24, 136, -39, 688, -97, -73, 
48, -156, -204, 53, 126, -180, -34, 131, -39, 683, -97, -82, 
48, -161, -209, 56, 129, -185, -34, 117, -39, 683, -112, -97, 
48, -165, -214, 58, 131, -190, -29, 122, -39, 683, -102, -92, 
43, -141, -185, 48, 114, -163, -19, 136, -34, 683, -87, -73, 
39, -136, -175, 48, 107, -156, -14, 136, -34, 688, -87, -68, 
9, -146, -156, 68, 82, -151, -19, 136, -29, 683, -82, -73, 
4, -141, -146, 68, 75, -143, -14, 136, -24, 697, -73, -68, 
4, -141, -146, 68, 75, -143, -14, 131, -29, 688, -82, -58, 
4, -146, -151, 70, 78, -148, -19, 126, -34, 688, -82, -53, 
0, -146, -146, 73, 73, -146, -34, 112, -39, 683, -82, -58, 
4, -146, -151, 70, 78, -148, -39, 107, -43, 683, -82, -53, 
-4, -146, -141, 75, 68, -143, -39, 107, -34, 678, -73, -48, 
-9, -165, -156, 87, 73, -161, -39, 107, -34, 668, -78, -48, 
-19, -175, -156, 97, 68, -165, -43, 107, -43, 663, -82, -53, 
-19, -175, -156, 97, 68, -165, -43, 112, -43, 663, -82, -53, 
0, -175, -175, 87, 87, -175, -48, 107, -39, 658, -87, -53, 
0, -175, -175, 87, 87, -175, -48, 112, -43, 663, -82, -53, 
0, -175, -175, 87, 87, -175, -48, 97, -53, 658, -87, -58, 
-9, -185, -175, 97, 82, -180, -48, 82, -63, 649, -97, -68, 
9, -180, -190, 85, 100, -185, -48, 82, -68, 649, -107, -73, 
-29, -195, -165, 112, 68, -180, -43, 102, -58, 649, -97, -73, 
-68, -195, -126, 131, 29, -161, -29, 117, -48, 644, -97, -68, 
-48, -185, -136, 117, 43, -161, -39, 107, -58, 639, -97, -68, 
-39, -185, -146, 112, 53, -165, -39, 97, -58, 634, -97, -68, 
-29, -185, -156, 107, 63, -170, -39, 87, -58, 629, -97, -68, 
-19, -185, -165, 102, 73, -175, -39, 78, -58, 624, -97, -68, 
-9, -180, -170, 95, 80, -175, -39, 78, -58, 619, -107, -68, 
-9, -175, -165, 92, 78, -170, -39, 78, -58, 614, -107, -68, 
-9, -170, -161, 90, 75, -165, -39, 78, -58, 610, -107, -68, 
-9, -165, -156, 87, 73, -161, -39, 78, -58, 605, -107, -68, 
-19, -165, -146, 92, 63, -156, -29, 87, -53, 595, -97, -58, 
-19, -165, -146, 92, 63, -156, -29, 87, -48, 595, -97, -58, 
-19, -165, -146, 92, 63, -156, -29, 87, -43, 595, -97, -58, 
-19, -165, -146, 92, 63, -156, -29, 87, -39, 595, -97, -58, 
-34, -180, -146, 107, 56, -163, -29, 82, -48, 590, -102, -68, 
-39, -185, -146, 112, 53, -165, -29, 78, -48, 585, -107, -68, 
-43, -190, -146, 117, 51, -168, -29, 73, -48, 580, -112, -68, 
-48, -195, -146, 122, 48, -170, -29, 68, -48, 575, -117, -68, 
-39, -185, -146, 112, 53, -165, -39, 78, -39, 566, -112, -58, 
-29, -185, -156, 107, 63, -170, -39, 78, -39, 566, -107, -58, 
-19, -185, -165, 102, 73, -175, -39, 78, -39, 566, -102, -58, 
-9, -185, -175, 97, 82, -180, -39, 78, -39, 566, -97, -58, 
-9, -175, -165, 92, 78, -170, -29, 87, -34, 566, -97, -48, 
-9, -175, -165, 92, 78, -170, -29, 87, -29, 566, -97, -48, 
-9, -175, -165, 92, 78, -170, -29, 87, -24, 566, -97, -48, 
-9, -175, -165, 92, 78, -170, -29, 87, -19, 566, -97, -48, 
-9, -185, -175, 97, 82, -180, -39, 87, -29, 561, -97, -48, 
-9, -185, -175, 97, 82, -180, -39, 87, -29, 556, -97, -48, 
-9, -185, -175, 97, 82, -180, -39, 87, -29, 551, -97, -48, 
-9, -185, -175, 97, 82, -180, -39, 87, -29, 546, -97, -48, 
-4, -170, -165, 87, 80, -168, -48, 82, -19, 536, -87, -39, 
0, -165, -165, 82, 82, -165, -48, 78, -19, 536, -87, -39, 
4, -161, -165, 78, 85, -163, -48, 73, -19, 536, -87, -39, 
9, -156, -165, 73, 87, -161, -48, 68, -19, 536, -87, -39, 
-4, -161, -156, 82, 75, -158, -43, 68, -29, 527, -87, -48, 
-19, -165, -146, 92, 63, -156, -39, 68, -29, 527, -87, -48, 
-34, -170, -136, 102, 51, -153, -34, 68, -29, 527, -87, -48, 
-48, -175, -126, 112, 39, -151, -29, 68, -29, 527, -87, -48, 
-43, -165, -122, 104, 39, -143, -19, 58, -19, 522, -87, -48, 
-39, -165, -126, 102, 43, -146, -19, 58, -19, 517, -87, -48, 
-34, -165, -131, 100, 48, -148, -19, 58, -19, 512, -87, -48, 
-29, -165, -136, 97, 53, -151, -19, 58, -19, 507, -87, -48, 
-19, -151, -131, 85, 56, -141, -4, 68, -19, 502, -82, -43, 
-9, -146, -136, 78, 63, -141, 0, 68, -19, 497, -78, -39, 
0, -141, -141, 70, 70, -141, 4, 68, -19, 492, -73, -34, 
9, -136, -146, 63, 78, -141, 9, 68, -19, 488, -68, -29, 
0, -146, -146, 73, 73, -146, 9, 82, -19, 483, -73, -34, 
0, -146, -146, 73, 73, -146, 9, 87, -19, 478, -78, -39, 
0, -146, -146, 73, 73, -146, 9, 92, -19, 473, -82, -43, 
0, -146, -146, 73, 73, -146, 9, 97, -19, 468, -87, -48, 
-14, -151, -136, 82, 61, -143, 4, 82, -29, 463, -87, -48, 
-19, -156, -136, 87, 58, -146, 0, 78, -29, 458, -87, -48, 
-24, -161, -136, 92, 56, -148, -4, 73, -29, 453, -87, -48, 
-29, -165, -136, 97, 53, -151, -9, 68, -29, 448, -87, -48, 
-39, -175, -136, 107, 48, -156, -19, 73, -29, 444, -78, -39, 
-39, -175, -136, 107, 48, -156, -19, 78, -29, 439, -78, -39, 
-39, -175, -136, 107, 48, -156, -19, 82, -29, 434, -78, -39, 
-39, -175, -136, 107, 48, -156, -19, 87, -29, 429, -78, -39, 
-29, -165, -136, 97, 53, -151, -19, 87, -29, 419, -87, -48, 
-29, -165, -136, 97, 53, -151, -19, 87, -29, 419, -87, -48, 
-29, -165, -136, 97, 53, -151, -19, 87, -29, 419, -87, -48, 
-29, -165, -136, 97, 53, -151, -19, 87, -29, 419, -87, -48, 
-43, -175, -131, 109, 43, -153, -29, 78, -39, 414, -78, -43, 
-48, -175, -126, 112, 39, -151, -29, 78, -39, 409, -78, -39, 
-53, -175, -122, 114, 34, -148, -29, 78, -39, 405, -78, -34, 
-58, -175, -117, 117, 29, -146, -29, 78, -39, 400, -78, -29, 
-58, -165, -107, 112, 24, -136, -24, 82, -34, 400, -63, -14, 
-58, -156, -97, 107, 19, -126, -19, 87, -29, 400, -58, -9, 
-58, -146, -87, 102, 14, -117, -14, 92, -24, 400, -53, -4, 
-58, -136, -78, 97, 9, -107, -9, 97, -19, 400, -48, 0, 
-63, -151, -87, 107, 12, -119, -19, 97, -29, 385, -58, -4, 
-68, -156, -87, 112, 9, -122, -19, 97, -29, 380, -58, -9, 
-73, -161, -87, 117, 7, -124, -19, 97, -29, 375, -58, -14, 
-78, -165, -87, 122, 4, -126, -19, 97, -29, 370, -58, -19, 
-53, -161, -107, 107, 26, -134, -19, 97, -29, 361, -48, -19, 
-39, -156, -117, 97, 39, -136, -19, 97, -29, 361, -48, -19, 
-24, -151, -126, 87, 51, -139, -19, 97, -29, 361, -48, -19, 
-9, -146, -136, 78, 63, -141, -19, 97, -29, 361, -48, -19, 
-24, -161, -136, 92, 56, -148, -19, 82, -39, 356, -58, -19, 
-39, -165, -126, 102, 43, -146, -19, 78, -39, 351, -58, -19, 
-53, -170, -117, 112, 31, -143, -19, 73, -39, 346, -58, -19, 
-63, -165, -102, 114, 19, -134, -19, 68, -43, 341, -58, -19, 
-34, -156, -122, 95, 43, -139, -19, 82, -39, 331, -58, -9, 
-14, -146, -131, 80, 58, -139, -19, 92, -29, 331, -58, -9, 
4, -141, -146, 68, 75, -143, -19, 97, -24, 331, -58, -9, 
24, -131, -156, 53, 90, -143, -19, 102, -19, 331, -58, -9, 
0, -146, -146, 73, 73, -146, -29, 87, -19, 326, -53, 0, 
-14, -146, -131, 80, 58, -139, -29, 87, -24, 322, -53, 0, 
-29, -141, -112, 85, 41, -126, -29, 78, -24, 317, -48, 0, 
-43, -141, -97, 92, 26, -119, -34, 73, -24, 312, -43, 0, 
-53, -131, -78, 92, 12, -104, -43, 73, -34, 302, -43, 0, 
-39, -126, -87, 82, 24, -107, -39, 82, -34, 307, -43, 0, 
-34, -126, -92, 80, 29, -109, -34, 82, -34, 307, -43, 0, 
-34, -126, -92, 80, 29, -109, -34, 82, -34, 307, -43, 0, 
-34, -136, -102, 85, 34, -119, -34, 82, -43, 302, -43, 0, 
-24, -136, -112, 80, 43, -124, -34, 87, -43, 297, -43, 9, 
-24, -141, -117, 82, 46, -129, -39, 87, -43, 278, -43, 0, 
-39, -141, -102, 90, 31, -122, -39, 73, -43, 273, -43, 0, 
-43, -151, -107, 97, 31, -129, -53, 63, -43, 273, -53, -9, 
-43, -151, -107, 97, 31, -129, -53, 73, -43, 268, -53, -9, 
-39, -156, -117, 97, 39, -136, -58, 78, -43, 263, -53, -9, 
-39, -161, -122, 100, 41, -141, -63, 78, -43, 253, -53, -9, 
-39, -151, -112, 95, 36, -131, -53, 78, -43, 248, -53, -14, 
-29, -141, -112, 85, 41, -126, -53, 87, -43, 244, -53, -14, 
-19, -141, -122, 80, 51, -131, -53, 68, -48, 239, -53, -14, 
-34, -151, -117, 92, 41, -134, -53, 48, -48, 234, -53, -14, 
-53, -141, -87, 97, 17, -114, -43, 68, -34, 229, -39, 0, 
-43, -131, -87, 87, 21, -109, -43, 73, -29, 234, -34, 4, 
-48, -131, -82, 90, 17, -107, -43, 82, -24, 244, -29, 9, 
-53, -131, -78, 92, 12, -104, -43, 97, -19, 248, -24, 14, 
-53, -136, -82, 95, 14, -109, -34, 102, -19, 224, -34, 19, 
-58, -136, -78, 97, 9, -107, -34, 102, -24, 214, -39, 14, 
-58, -136, -78, 97, 9, -107, -34, 102, -24, 214, -39, 14, 
-53, -136, -82, 95, 14, -109, -34, 102, -19, 224, -39, 19, 
-53, -146, -92, 100, 19, -119, -34, 97, -24, 224, -43, 9, 
-58, -146, -87, 102, 14, -117, -34, 92, -29, 219, -43, 9, 
-58, -151, -92, 104, 17, -122, -34, 87, -34, 214, -43, 4, 
-43, -151, -107, 97, 31, -129, -34, 82, -39, 204, -53, 4, 
-48, -156, -107, 102, 29, -131, -29, 92, -29, 204, -43, 4, 
-58, -156, -97, 107, 19, -126, -29, 92, -29, 204, -39, 9, 
-73, -151, -78, 112, 2, -114, -24, 92, -29, 204, -39, 9, 
-68, -151, -82, 109, 7, -117, -24, 87, -34, 195, -43, 9, 
-78, -165, -87, 122, 4, -126, -19, 97, -43, 180, -53, 0, 
-82, -165, -82, 124, 0, -124, -14, 107, -39, 180, -53, 0, 
-82, -165, -82, 124, 0, -124, -9, 107, -39, 180, -48, 0, 
-73, -165, -92, 119, 9, -129, -4, 107, -43, 175, -48, 0, 
-82, -165, -82, 124, 0, -124, 4, 102, -39, 165, -53, 0, 
-78, -165, -87, 122, 4, -126, 4, 97, -39, 165, -53, 0, 
-73, -161, -87, 117, 7, -124, 4, 97, -39, 170, -53, 0, 
-68, -161, -92, 114, 12, -126, 0, 97, -39, 175, -48, 0, 
-68, -151, -82, 109, 7, -117, 0, 112, -39, 175, -39, 0, 
-63, -151, -87, 107, 12, -119, 0, 117, -39, 170, -39, 0, 
-48, -151, -102, 100, 26, -126, 0, 122, -34, 170, -39, 4, 
-43, -146, -102, 95, 29, -124, 4, 122, -34, 170, -34, 4, 
-58, -151, -92, 104, 17, -122, 14, 117, -24, 156, -34, 14, 
-53, -151, -97, 102, 21, -124, 14, 117, -24, 156, -39, 9, 
-58, -156, -97, 107, 19, -126, 14, 117, -24, 156, -39, 9, 
-68, -156, -87, 112, 9, -122, 14, 112, -24, 156, -39, 9, 
-87, -175, -87, 131, 0, -131, 19, 112, -34, 156, -39, 14, 
-78, -165, -87, 122, 4, -126, 29, 112, -34, 156, -39, 14, 
-68, -156, -87, 112, 9, -122, 34, 117, -34, 161, -39, 19, 
-68, -156, -87, 112, 9, -122, 39, 117, -34, 161, -39, 19, 
-78, -156, -78, 117, 0, -117, 43, 117, -24, 156, -29, 19, 
-78, -156, -78, 117, 0, -117, 43, 112, -24, 151, -29, 19, 
-82, -156, -73, 119, -4, -114, 43, 112, -24, 146, -29, 19, 
-87, -161, -73, 124, -7, -117, 43, 107, -24, 141, -34, 9, 
-87, -151, -63, 119, -12, -107, 39, 107, -29, 136, -43, 0, 
-82, -151, -68, 117, -7, -109, 34, 107, -34, 136, -43, 4, 
-82, -151, -68, 117, -7, -109, 29, 107, -39, 136, -43, 4, 
-82, -156, -73, 119, -4, -114, 24, 112, -43, 131, -43, 4, 
-122, -165, -43, 143, -39, -104, 43, 112, -34, 131, -43, 4, 
-122, -165, -43, 143, -39, -104, 43, 112, -24, 141, -39, 14, 
-92, -151, -58, 122, -17, -104, 43, 102, -24, 131, -39, 24, 
-107, -161, -53, 134, -26, -107, 34, 92, -24, 122, -39, 9, 
-151, -161, -9, 156, -70, -85, 58, 112, -9, 126, -48, -4, 
-146, -146, 0, 146, -73, -73, 73, 146, 14, 141, -43, -14, 
-112, -117, -4, 114, -53, -61, 78, 151, 34, 141, -43, -14, 
-117, -112, 4, 114, -61, -53, 82, 180, 58, 156, -43, -14, 
-151, -131, 19, 141, -85, -56, 102, 209, 78, 170, -29, -4, 
-156, -131, 24, 143, -90, -53, 122, 244, 112, 195, -4, -4, 
-175, -102, 73, 139, -124, -14, 170, 287, 180, 258, 29, 9, 
-229, -73, 156, 151, -192, 41, 204, 351, 278, 341, 78, 39, 
-258, -78, 180, 168, -219, 51, 204, 366, 341, 434, 126, 53, 
-239, -58, 180, 148, -209, 61, 195, 346, 380, 512, 180, 78, 
-195, -19, 175, 107, -185, 78, 170, 356, 419, 619, 278, 131, 
-156, 39, 195, 58, -175, 117, 131, 312, 400, 732, 400, 214, 
-87, 87, 175, 0, -131, 131, 63, 151, 292, 795, 517, 302, 
-4, 122, 126, -58, -65, 124, -14, -14, 151, 810, 600, 370, 
39, 112, 73, -75, -17, 92, -107, -185, -14, 800, 663, 434, 
78, 117, 39, -97, 19, 78, -224, -439, -224, 736, 683, 483, 
146, 131, -14, -139, 80, 58, -346, -741, -453, 614, 673, 512, 
214, 141, -73, -178, 143, 34, -448, -1029, -678, 473, 649, 546, 
273, 122, -151, -197, 212, -14, -561, -1293, -936, 317, 624, 566, 
336, 87, -248, -212, 292, -80, -702, -1566, -1220, 131, 556, 566, 
390, 63, -326, -226, 358, -131, -824, -1810, -1459, -68, 473, 566, 
439, 53, -385, -246, 412, -165, -927, -2025, -1634, -273, 366, 561, 
478, 4, -473, -241, 475, -234, -1034, -2181, -1790, -497, 244, 541, 
507, -53, -561, -226, 534, -307, -1112, -2274, -1961, -722, 117, 517, 
566, -136, -702, -214, 634, -419, -1166, -2298, -2098, -917, -29, 463, 
688, -224, -912, -231, 800, -568, -1215, -2225, -2152, -1058, -161, 405, 
839, -292, -1132, -273, 985, -712, -1268, -2088, -2137, -1132, -253, 356, 
971, -336, -1307, -317, 1139, -822, -1298, -1947, -2098, -1161, -317, 322, 
1029, -346, -1376, -341, 1202, -861, -1307, -1810, -2044, -1171, -356, 292, 
1049, -351, -1400, -348, 1224, -875, -1288, -1668, -1971, -1161, -366, 268, 
1102, -375, -1478, -363, 1290, -927, -1263, -1517, -1878, -1132, -385, 248, 
1156, -395, -1551, -380, 1354, -973, -1244, -1395, -1781, -1117, -400, 244, 
1166, -395, -1561, -385, 1363, -978, -1195, -1322, -1698, -1102, -429, 224, 
1146, -409, -1556, -368, 1351, -983, -1141, -1239, -1625, -1088, -453, 195, 
1137, -419, -1556, -358, 1346, -988, -1083, -1156, -1551, -1068, -468, 165, 
1112, -444, -1556, -334, 1334, -1000, -1019, -1078, -1483, -1039, -507, 112, 
1083, -458, -1542, -312, 1312, -1000, -966, -1000, -1410, -1024, -536, 68, 
1063, -468, -1532, -297, 1298, -1000, -917, -922, -1351, -990, -536, 29, 
1015, -492, -1507, -261, 1261, -1000, -849, -844, -1283, -956, -536, 0, 
927, -512, -1439, -207, 1183, -976, -790, -766, -1215, -922, -546, -43, 
829, -507, -1337, -161, 1083, -922, -712, -692, -1122, -858, -531, -73, 
746, -507, -1254, -119, 1000, -880, -619, -595, -1034, -810, -517, -87, 
649, -507, -1156, -70, 902, -832, -531, -517, -941, -766, -512, -117, 
590, -488, -1078, -51, 834, -783, -468, -444, -858, -727, -522, -146, 
575, -458, -1034, -58, 805, -746, -395, -356, -761, -678, -517, -175, 
546, -439, -985, -53, 766, -712, -322, -278, -668, -619, -507, -200, 
502, -453, -956, -24, 729, -705, -287, -219, -619, -561, -497, -229, 
463, -458, -922, -2, 692, -690, -258, -170, -590, -531, -507, -263, 
380, -453, -834, 36, 607, -644, -229, -122, -546, -497, -488, -268, 
302, -439, -741, 68, 522, -590, -195, -78, -492, -458, -448, -263, 
268, -419, -688, 75, 478, -553, -175, -34, -448, -424, -419, -263, 
200, -409, -610, 104, 405, -509, -131, 4, -390, -380, -390, -244, 
107, -405, -512, 148, 309, -458, -97, 9, -331, -341, -361, -214, 
43, -375, -419, 165, 231, -397, -58, 34, -278, -297, -326, -195, 
-29, -356, -326, 192, 148, -341, -24, 68, -224, -253, -292, -170, 
-78, -351, -273, 214, 97, -312, -14, 58, -200, -229, -278, -151, 
-97, -317, -219, 207, 61, -268, -4, 48, -175, -195, -239, -122, 
-87, -239, -151, 163, 31, -195, 34, 82, -122, -122, -180, -68, 
-87, -170, -82, 129, -2, -126, 63, 117, -92, -78, -131, -24, 
-122, -180, -58, 151, -31, -119, 63, 112, -73, -53, -107, -14, 
-180, -195, -14, 187, -82, -104, 68, 131, -43, -43, -82, -9, 
-204, -180, 24, 192, -114, -78, 78, 185, -4, -14, -58, -4, 
-204, -165, 39, 185, -122, -63, 97, 234, 34, 4, -48, 14, 
-209, -175, 34, 192, -122, -70, 131, 253, 78, 29, -29, 29, 
-204, -165, 39, 185, -122, -63, 156, 263, 92, 39, -24, 29, 
-219, -151, 68, 185, -143, -41, 161, 253, 92, 39, -34, 29, 
-214, -151, 63, 183, -139, -43, 161, 258, 92, 39, -34, 19, 
-239, -156, 82, 197, -161, -36, 161, 253, 87, 43, -29, 24, 
-244, -156, 87, 200, -165, -34, 161, 244, 82, 53, -29, 24, 
-219, -146, 73, 183, -146, -36, 161, 244, 78, 53, -29, 19, 
-224, -161, 63, 192, -143, -48, 141, 239, 78, 48, -29, 9, 
-244, -165, 78, 204, -161, -43, 136, 253, 78, 43, -29, 9, 
-263, -175, 87, 219, -175, -43, 131, 258, 87, 29, -29, 4, 
-278, -185, 92, 231, -185, -46, 122, 268, 97, 24, -29, 4, 
-302, -185, 117, 244, -209, -34, 117, 258, 97, 34, -19, 19, 
-292, -185, 107, 239, -200, -39, 122, 248, 102, 34, -14, 24, 
-278, -161, 117, 219, -197, -21, 122, 229, 112, 48, -14, 34, 
-292, -161, 131, 226, -212, -14, 122, 219, 112, 53, -4, 39, 
-292, -156, 136, 224, -214, -9, 112, 214, 107, 53, 4, 34, 
-292, -156, 136, 224, -214, -9, 107, 214, 97, 53, 4, 34, 
-287, -151, 136, 219, -212, -7, 107, 214, 92, 48, 9, 39, 
-287, -151, 136, 219, -212, -7, 97, 224, 87, 43, 9, 39, 
-292, -156, 136, 224, -214, -9, 92, 229, 102, 29, 0, 34, 
-287, -161, 126, 224, -207, -17, 92, 229, 107, 29, -4, 34, 
-283, -161, 122, 222, -202, -19, 97, 229, 117, 24, -4, 34, 
-283, -161, 122, 222, -202, -19, 97, 219, 107, 24, -4, 24, 
-287, -170, 117, 229, -202, -26, 97, 209, 107, 24, -14, 24, 
-287, -161, 126, 224, -207, -17, 107, 204, 117, 24, -14, 24, 
-297, -156, 141, 226, -219, -7, 107, 209, 117, 24, -14, 24, 
-297, -156, 141, 226, -219, -7, 107, 190, 112, 29, -14, 24, 
-297, -146, 151, 222, -224, 2, 102, 195, 112, 29, -9, 34, 
-297, -141, 156, 219, -226, 7, 102, 209, 112, 24, -4, 34, 
-297, -141, 156, 219, -226, 7, 107, 219, 117, 24, 0, 39, 
-297, -141, 156, 219, -226, 7, 112, 224, 122, 24, 4, 39, 
-322, -131, 190, 226, -256, 29, 112, 209, 112, 24, -4, 24, 
-322, -131, 190, 226, -256, 29, 112, 209, 112, 24, 0, 24, 
-322, -131, 190, 226, -256, 29, 117, 214, 126, 29, 4, 34, 
-326, -131, 195, 229, -261, 31, 117, 214, 126, 29, 4, 34, 
-326, -122, 204, 224, -265, 41, 117, 219, 126, 29, 14, 43, 
-326, -122, 204, 224, -265, 41, 117, 219, 131, 29, 9, 43, 
-326, -131, 195, 229, -261, 31, 122, 224, 136, 34, 9, 39, 
-322, -131, 190, 226, -256, 29, 122, 229, 136, 34, 14, 39, 
-326, -136, 190, 231, -258, 26, 126, 239, 141, 43, 14, 48, 
-331, -131, 200, 231, -265, 34, 126, 239, 161, 43, 14, 48, 
-341, -136, 204, 239, -273, 34, 126, 234, 165, 43, 14, 48, 
-351, -146, 204, 248, -278, 29, 126, 234, 170, 43, 14, 43, 
-361, -146, 214, 253, -287, 34, 136, 234, 180, 53, 24, 43, 
-361, -122, 239, 241, -300, 58, 136, 244, 190, 58, 39, 48, 
-361, -122, 239, 241, -300, 58, 146, 248, 195, 63, 39, 48, 
-370, -131, 239, 251, -305, 53, 146, 253, 195, 63, 39, 48, 
-375, -131, 244, 253, -309, 56, 146, 258, 200, 63, 39, 53, 
-366, -126, 239, 246, -302, 56, 146, 268, 200, 58, 39, 53, 
-346, -122, 224, 234, -285, 51, 146, 268, 204, 58, 39, 58, 
-336, -112, 224, 224, -280, 56, 146, 258, 209, 63, 43, 68, 
-331, -97, 234, 214, -283, 68, 165, 278, 219, 73, 43, 58, 
-326, -87, 239, 207, -283, 75, 165, 283, 224, 78, 43, 58, 
-322, -82, 239, 202, -280, 78, 165, 283, 229, 78, 43, 53, 
-317, -78, 239, 197, -278, 80, 165, 287, 229, 78, 43, 53, 
-336, -78, 258, 207, -297, 90, 165, 287, 229, 78, 39, 53, 
-361, -87, 273, 224, -317, 92, 165, 287, 239, 82, 43, 63, 
-366, -92, 273, 229, -319, 90, 165, 283, 244, 87, 43, 63, 
-380, -102, 278, 241, -329, 87, 161, 283, 248, 87, 43, 53, 
-366, -92, 273, 229, -319, 90, 170, 297, 258, 97, 58, 53, 
-361, -92, 268, 226, -314, 87, 170, 302, 263, 97, 58, 58, 
-375, -97, 278, 236, -326, 90, 170, 312, 268, 97, 63, 63, 
-375, -97, 278, 236, -326, 90, 170, 322, 273, 112, 68, 68, 
-361, -87, 273, 224, -317, 92, 190, 322, 278, 112, 68, 63, 
-341, -68, 273, 204, -307, 102, 200, 326, 283, 117, 73, 68, 
-356, -63, 292, 209, -324, 114, 200, 331, 287, 122, 82, 68, 
-351, -58, 292, 204, -322, 117, 195, 336, 292, 126, 82, 73, 
-331, -58, 273, 195, -302, 107, 185, 331, 287, 131, 82, 73, 
-341, -63, 278, 202, -309, 107, 185, 331, 292, 131, 82, 73, 
-351, -63, 287, 207, -319, 112, 185, 326, 292, 126, 82, 73, 
-356, -58, 297, 207, -326, 119, 185, 317, 292, 126, 82, 73, 
-370, -63, 307, 217, -339, 122, 195, 326, 302, 136, 92, 82, 
-375, -63, 312, 219, -344, 124, 200, 341, 307, 136, 97, 92, 
-395, -63, 331, 229, -363, 134, 200, 341, 317, 131, 102, 97, 
-405, -68, 336, 236, -370, 134, 200, 336, 317, 126, 102, 102, 
-409, -78, 331, 244, -370, 126, 200, 351, 326, 136, 117, 112, 
-414, -63, 351, 239, -383, 143, 204, 346, 336, 141, 117, 112, 
-419, -58, 361, 239, -390, 151, 209, 351, 336, 146, 126, 107, 
-409, -53, 356, 231, -383, 151, 224, 361, 341, 151, 126, 107, 
-390, -43, 346, 217, -368, 151, 224, 361, 336, 141, 117, 97, 
-400, -39, 361, 219, -380, 161, 224, 361, 346, 141, 117, 97, 
-419, -34, 385, 226, -402, 175, 229, 361, 346, 156, 126, 107, 
-409, -29, 380, 219, -395, 175, 229, 361, 346, 161, 126, 112, 
-395, -34, 361, 214, -378, 163, 229, 356, 341, 156, 122, 97, 
-395, -39, 356, 217, -375, 158, 229, 351, 341, 151, 122, 92, 
-409, -48, 361, 229, -385, 156, 234, 346, 341, 151, 117, 97, 
-424, -53, 370, 239, -397, 158, 234, 331, 341, 146, 117, 92, 
-448, -48, 400, 248, -424, 175, 248, 341, 341, 146, 126, 112, 
-458, -53, 405, 256, -431, 175, 258, 341, 341, 151, 126, 112, 
-468, -53, 414, 261, -441, 180, 263, 341, 341, 146, 126, 107, 
-483, -58, 424, 270, -453, 183, 268, 326, 341, 136, 126, 107, 
-478, -58, 419, 268, -448, 180, 268, 336, 331, 146, 136, 112, 
-478, -53, 424, 265, -451, 185, 273, 346, 331, 156, 151, 112, 
-478, -43, 434, 261, -456, 195, 278, 346, 331, 156, 151, 122, 
-488, -43, 444, 265, -466, 200, 278, 341, 326, 156, 146, 122, 
-483, -53, 429, 268, -456, 187, 263, 322, 317, 151, 141, 117, 
-478, -63, 414, 270, -446, 175, 248, 292, 307, 146, 141, 107, 
-448, -43, 405, 246, -427, 180, 239, 292, 302, 141, 141, 117, 
-434, -39, 395, 236, -414, 178, 234, 287, 297, 141, 141, 122, 
-478, -53, 424, 265, -451, 185, 239, 283, 297, 131, 151, 126, 
-497, -58, 439, 278, -468, 190, 239, 268, 297, 126, 151, 131, 
-478, -58, 419, 268, -448, 180, 239, 268, 297, 126, 156, 136, 
-473, -39, 434, 256, -453, 197, 244, 268, 302, 136, 161, 146, 
-502, -48, 453, 275, -478, 202, 244, 278, 297, 131, 151, 146, 
-507, -58, 448, 283, -478, 195, 239, 273, 287, 126, 151, 146, 
-497, -68, 429, 283, -463, 180, 239, 258, 278, 112, 146, 146, 
-502, -78, 424, 290, -463, 173, 239, 253, 273, 107, 146, 151, 
-507, -73, 434, 290, -470, 180, 229, 234, 268, 102, 136, 146, 
-507, -73, 434, 290, -470, 180, 219, 204, 253, 87, 136, 141, 
-502, -68, 434, 285, -468, 183, 219, 195, 244, 82, 141, 141, 
-483, -53, 429, 268, -456, 187, 219, 185, 234, 82, 141, 141, 
-483, -53, 429, 268, -456, 187, 229, 165, 234, 78, 156, 156, 
-483, -58, 424, 270, -453, 183, 229, 151, 234, 78, 156, 156, 
-483, -68, 414, 275, -448, 173, 214, 151, 229, 78, 151, 156, 
-473, -58, 414, 265, -444, 178, 214, 151, 229, 78, 151, 156, 
-458, -34, 424, 246, -441, 195, 200, 156, 229, 82, 151, 151, 
-448, -34, 414, 241, -431, 190, 190, 156, 224, 78, 146, 151, 
-448, -43, 405, 246, -427, 180, 180, 141, 214, 73, 146, 151, 
-434, -43, 390, 239, -412, 173, 180, 141, 200, 63, 146, 151, 
-414, -34, 380, 224, -397, 173, 190, 151, 209, 58, 146, 151, 
-414, -39, 375, 226, -395, 168, 180, 131, 195, 53, 151, 156, 
-414, -48, 366, 231, -390, 158, 170, 122, 185, 53, 156, 156, 
-409, -53, 356, 231, -383, 151, 170, 117, 185, 53, 161, 161, 
-405, -43, 361, 224, -383, 158, 156, 122, 190, 39, 161, 165, 
-395, -39, 356, 217, -375, 158, 151, 112, 180, 39, 161, 165, 
-395, -34, 361, 214, -378, 163, 146, 102, 170, 48, 156, 161, 
-390, -34, 356, 212, -373, 161, 146, 102, 165, 53, 156, 161, 
-385, -34, 351, 209, -368, 158, 151, 107, 170, 53, 165, 165, 
-366, -34, 331, 200, -348, 148, 136, 102, 161, 48, 161, 165, 
-356, -34, 322, 195, -339, 143, 136, 102, 156, 43, 156, 165, 
-356, -29, 326, 192, -341, 148, 136, 97, 161, 43, 156, 170, 
-370, -39, 331, 204, -351, 146, 136, 87, 151, 29, 146, 170, 
-366, -43, 322, 204, -344, 139, 126, 73, 141, 19, 146, 170, 
-361, -58, 302, 209, -331, 122, 122, 68, 131, 4, 141, 170, 
-361, -63, 297, 212, -329, 117, 122, 68, 122, 4, 136, 165, 
-341, -63, 278, 202, -309, 107, 102, 68, 131, 4, 131, 156, 
-341, -68, 273, 204, -307, 102, 102, 73, 126, 4, 131, 156, 
-331, -68, 263, 200, -297, 97, 102, 78, 122, 4, 126, 156, 
-322, -68, 253, 195, -287, 92, 97, 82, 117, -4, 122, 151, 
-317, -78, 239, 197, -278, 80, 87, 68, 97, -14, 117, 136, 
-312, -87, 224, 200, -268, 68, 87, 68, 87, -24, 107, 136, 
-307, -92, 214, 200, -261, 61, 82, 73, 87, -29, 97, 136, 
-297, -87, 209, 192, -253, 61, 82, 73, 78, -34, 92, 136, 
-273, -87, 185, 180, -229, 48, 87, 78, 78, -43, 97, 136, 
-268, -87, 180, 178, -224, 46, 87, 82, 82, -53, 92, 136, 
-268, -102, 165, 185, -217, 31, 92, 87, 78, -53, 87, 122, 
-263, -112, 151, 187, -207, 19, 92, 87, 73, -53, 87, 117, 
-258, -107, 151, 183, -204, 21, 92, 97, 82, -53, 87, 117, 
-244, -92, 151, 168, -197, 29, 87, 97, 73, -58, 87, 117, 
-224, -78, 146, 151, -185, 34, 87, 92, 68, -68, 82, 112, 
-219, -92, 126, 156, -173, 17, 87, 92, 58, -68, 73, 107, 
-214, -92, 122, 153, -168, 14, 97, 102, 63, -73, 73, 122, 
-214, -87, 126, 151, -170, 19, 97, 107, 68, -73, 78, 126, 
-224, -82, 141, 153, -183, 29, 92, 107, 73, -68, 78, 131, 
-234, -102, 131, 168, -183, 14, 92, 107, 73, -68, 82, 131, 
-224, -97, 126, 161, -175, 14, 92, 117, 63, -82, 68, 117, 
-214, -87, 126, 151, -170, 19, 92, 122, 63, -82, 73, 122, 
-214, -97, 117, 156, -165, 9, 92, 122, 63, -87, 58, 107, 
-214, -107, 107, 161, -161, 0, 92, 122, 58, -97, 43, 97, 
-224, -107, 117, 165, -170, 4, 97, 102, 53, -112, 43, 97, 
-219, -112, 107, 165, -163, -2, 97, 97, 48, -117, 43, 97, 
-219, -117, 102, 168, -161, -7, 97, 87, 39, -117, 43, 97, 
-224, -141, 82, 183, -153, -29, 97, 63, 34, -117, 43, 97, 
-219, -126, 92, 173, -156, -17, 117, 92, 48, -112, 58, 102, 
-214, -112, 102, 163, -158, -4, 126, 117, 53, -102, 63, 107, 
-209, -102, 107, 156, -158, 2, 136, 126, 58, -87, 68, 112, 
-214, -102, 112, 158, -163, 4, 141, 136, 63, -82, 68, 107, 
-200, -102, 97, 151, -148, -2, 141, 141, 73, -82, 58, 107, 
-185, -102, 82, 143, -134, -9, 146, 146, 78, -87, 58, 112, 
-204, -102, 102, 153, -153, 0, 146, 151, 78, -82, 58, 112, 
-214, -97, 117, 156, -165, 9, 146, 161, 78, -82, 58, 117, 
-204, -97, 107, 151, -156, 4, 136, 151, 68, -87, 58, 107, 
-195, -97, 97, 146, -146, 0, 126, 151, 78, -92, 58, 107, 
-185, -97, 87, 141, -136, -4, 117, 156, 78, -97, 63, 102, 
-170, -97, 73, 134, -122, -12, 102, 170, 78, -102, 63, 102, 
-175, -107, 68, 141, -122, -19, 97, 175, 82, -102, 58, 102, 
-180, -112, 68, 146, -124, -21, 92, 180, 82, -102, 53, 97, 
-190, -122, 68, 156, -129, -26, 87, 180, 87, -102, 53, 97, 
-204, -131, 73, 168, -139, -29, 82, 175, 87, -102, 53, 97, 
-204, -141, 63, 173, -134, -39, 63, 161, 73, -112, 53, 92, 
-204, -141, 63, 173, -134, -39, 58, 156, 73, -107, 48, 92, 
-204, -141, 63, 173, -134, -39, 58, 156, 68, -112, 43, 87, 
-204, -146, 58, 175, -131, -43, 48, 156, 73, -117, 39, 82, 
-200, -126, 73, 163, -136, -26, 34, 156, 82, -122, 43, 92, 
-195, -122, 73, 158, -134, -24, 29, 156, 82, -112, 48, 97, 
-200, -117, 82, 158, -141, -17, 29, 156, 82, -112, 48, 102, 
-195, -117, 78, 156, -136, -19, 29, 165, 82, -112, 48, 107, 
-204, -117, 87, 161, -146, -14, 39, 175, 87, -102, 58, 107, 
-200, -117, 82, 158, -141, -17, 39, 175, 92, -102, 58, 107, 
-200, -126, 73, 163, -136, -26, 39, 180, 92, -102, 53, 107, 
-209, -136, 73, 173, -141, -31, 39, 185, 92, -102, 53, 97, 
-214, -141, 73, 178, -143, -34, 34, 185, 97, -102, 43, 87, 
-209, -117, 92, 163, -151, -12, 39, 185, 97, -97, 43, 92, 
-214, -112, 102, 163, -158, -4, 34, 190, 97, -102, 53, 92, 
-224, -126, 97, 175, -161, -14, 24, 200, 92, -107, 53, 92, 
-229, -146, 82, 187, -156, -31, 14, 204, 102, -117, 39, 87, 
-219, -151, 68, 185, -143, -41, 19, 209, 107, -117, 34, 87, 
-219, -151, 68, 185, -143, -41, 19, 209, 107, -112, 34, 82, 
-224, -151, 73, 187, -148, -39, 19, 209, 112, -107, 39, 82, 
-214, -146, 68, 180, -141, -39, 19, 204, 117, -102, 48, 78, 
-204, -141, 63, 173, -134, -39, 19, 214, 122, -92, 48, 78, 
-214, -136, 78, 175, -146, -29, 24, 214, 122, -87, 48, 73, 
-214, -141, 73, 178, -143, -34, 24, 214, 122, -87, 48, 73, 
-214, -122, 92, 168, -153, -14, 39, 214, 136, -78, 58, 82, 
-219, -117, 102, 168, -161, -7, 39, 219, 136, -73, 58, 82, 
-224, -122, 102, 173, -163, -9, 34, 219, 126, -73, 53, 78, 
-234, -131, 102, 183, -168, -14, 34, 219, 126, -68, 53, 78, 
-224, -112, 112, 168, -168, 0, 29, 229, 141, -68, 53, 63, 
-214, -107, 107, 161, -161, 0, 34, 229, 141, -73, 58, 63, 
-204, -102, 102, 153, -153, 0, 34, 229, 141, -78, 43, 58, 
-190, -102, 87, 146, -139, -7, 34, 234, 141, -87, 39, 53, 
-204, -97, 107, 151, -156, 4, 53, 234, 156, -82, 48, 68, 
-209, -97, 112, 153, -161, 7, 53, 234, 161, -78, 58, 82, 
-224, -97, 126, 161, -175, 14, 48, 234, 161, -73, 68, 92, 
-248, -102, 146, 175, -197, 21, 43, 229, 161, -58, 78, 107, 
-263, -117, 146, 190, -204, 14, 48, 229, 165, -63, 78, 112, 
-263, -126, 136, 195, -200, 4, 53, 234, 165, -68, 78, 112, 
-258, -117, 141, 187, -200, 12, 58, 234, 161, -73, 78, 112, 
-253, -117, 136, 185, -195, 9, 63, 234, 161, -78, 78, 117, 
-248, -107, 141, 178, -195, 17, 68, 239, 151, -68, 82, 107, 
-253, -112, 141, 183, -197, 14, 68, 244, 151, -68, 82, 107, 
-258, -112, 146, 185, -202, 17, 68, 248, 151, -73, 78, 107, 
-253, -112, 141, 183, -197, 14, 68, 239, 151, -73, 78, 102, 
-234, -126, 107, 180, -170, -9, 68, 239, 151, -78, 73, 97, 
-234, -131, 102, 183, -168, -14, 68, 248, 146, -78, 73, 97, 
-224, -126, 97, 175, -161, -14, 68, 248, 146, -82, 68, 97, 
-219, -131, 87, 175, -153, -21, 58, 244, 146, -87, 63, 92, 
-219, -122, 97, 170, -158, -12, 48, 244, 141, -92, 58, 82, 
-224, -131, 92, 178, -158, -19, 53, 248, 136, -92, 58, 82, 
-244, -136, 107, 190, -175, -14, 53, 248, 136, -87, 58, 78, 
-248, -136, 112, 192, -180, -12, 58, 239, 131, -87, 58, 78, 
-224, -131, 92, 178, -158, -19, 78, 248, 131, -87, 53, 82, 
-224, -122, 102, 173, -163, -9, 78, 248, 141, -87, 53, 82, 
-229, -136, 92, 183, -161, -21, 73, 248, 131, -92, 53, 82, 
-229, -146, 82, 187, -156, -31, 53, 234, 126, -92, 48, 82, 
-219, -136, 82, 178, -151, -26, 48, 244, 126, -102, 58, 87, 
-224, -131, 92, 178, -158, -19, 48, 244, 126, -102, 58, 87, 
-234, -131, 102, 183, -168, -14, 48, 234, 122, -102, 58, 87, 
-239, -126, 112, 183, -175, -7, 43, 229, 122, -102, 58, 92, 
-219, -107, 112, 163, -165, 2, 43, 234, 126, -87, 68, 92, 
-214, -107, 107, 161, -161, 0, 48, 234, 126, -87, 68, 92, 
-214, -117, 97, 165, -156, -9, 53, 234, 126, -92, 63, 87, 
-209, -122, 87, 165, -148, -17, 53, 234, 122, -92, 63, 87, 
-200, -122, 78, 161, -139, -21, 58, 224, 117, -102, 58, 78, 
-200, -131, 68, 165, -134, -31, 63, 224, 112, -117, 53, 78, 
-200, -131, 68, 165, -134, -31, 63, 219, 107, -126, 48, 78, 
-190, -131, 58, 161, -124, -36, 68, 219, 92, -136, 43, 78, 
-200, -141, 58, 170, -129, -41, 82, 219, 97, -136, 48, 87, 
-200, -136, 63, 168, -131, -36, 92, 214, 97, -136, 48, 87, 
-200, -126, 73, 163, -136, -26, 102, 219, 97, -136, 48, 87, 
-204, -126, 78, 165, -141, -24, 112, 224, 97, -131, 53, 92, 
-200, -117, 82, 158, -141, -17, 112, 214, 97, -122, 53, 82, 
-200, -117, 82, 158, -141, -17, 112, 214, 97, -122, 53, 78, 
-195, -122, 73, 158, -134, -24, 107, 204, 92, -126, 48, 78, 
-204, -136, 68, 170, -136, -34, 92, 195, 82, -136, 43, 78, 
-195, -131, 63, 163, -129, -34, 97, 204, 82, -136, 53, 92, 
-195, -122, 73, 158, -134, -24, 102, 209, 87, -126, 58, 97, 
-195, -112, 82, 153, -139, -14, 112, 219, 87, -126, 58, 102, 
-195, -107, 87, 151, -141, -9, 117, 209, 87, -131, 58, 102, 
-209, -117, 92, 163, -151, -12, 117, 204, 78, -136, 53, 97, 
-209, -122, 87, 165, -148, -17, 117, 200, 78, -141, 53, 92, 
-214, -131, 82, 173, -148, -24, 117, 195, 78, -146, 48, 82, 
-219, -151, 68, 185, -143, -41, 117, 195, 73, -156, 39, 78, 
-200, -136, 63, 168, -131, -36, 117, 200, 63, -161, 39, 78, 
-180, -122, 58, 151, -119, -31, 117, 200, 63, -161, 39, 78, 
-170, -117, 53, 143, -112, -31, 112, 190, 58, -161, 34, 78, 
-161, -122, 39, 141, -100, -41, 107, 195, 53, -165, 29, 73, 
-175, -122, 53, 148, -114, -34, 117, 204, 58, -156, 39, 73, 
-180, -122, 58, 151, -119, -31, 122, 204, 63, -161, 43, 73, 
-180, -122, 58, 151, -119, -31, 122, 200, 73, -161, 43, 73, 
-180, -112, 68, 146, -124, -21, 122, 200, 82, -156, 43, 78, 
-170, -117, 53, 143, -112, -31, 112, 190, 78, -161, 34, 73, 
-170, -126, 43, 148, -107, -41, 107, 165, 63, -161, 34, 68, 
-190, -131, 58, 161, -124, -36, 107, 156, 58, -165, 34, 63, 
-195, -131, 63, 163, -129, -34, 107, 146, 53, -165, 34, 58, 
-204, -122, 82, 163, -143, -19, 97, 146, 43, -161, 29, 63, 
-209, -122, 87, 165, -148, -17, 97, 146, 43, -161, 29, 63, 
-209, -122, 87, 165, -148, -17, 97, 146, 43, -161, 29, 63, 
-204, -122, 82, 163, -143, -19, 97, 141, 43, -161, 34, 63, 
-204, -112, 92, 158, -148, -9, 102, 146, 53, -146, 48, 68, 
-209, -117, 92, 163, -151, -12, 102, 156, 58, -141, 53, 78, 
-214, -117, 97, 165, -156, -9, 107, 170, 73, -136, 58, 92, 
-214, -112, 102, 163, -158, -4, 107, 185, 78, -131, 68, 107, 
-204, -107, 97, 156, -151, -4, 92, 180, 68, -131, 68, 97, 
-195, -102, 92, 148, -143, -4, 92, 170, 68, -131, 68, 97, 
-190, -102, 87, 146, -139, -7, 92, 161, 68, -131, 63, 92, 
-180, -97, 82, 139, -131, -7, 87, 156, 58, -131, 63, 92, 
-165, -92, 73, 129, -119, -9, 82, 185, 48, -146, 48, 78, 
-151, -92, 58, 122, -104, -17, 78, 200, 48, -146, 34, 68, 
-151, -102, 48, 126, -100, -26, 73, 209, 43, -151, 29, 63, 
-146, -107, 39, 126, -92, -34, 68, 224, 43, -156, 24, 63, 
-175, -126, 48, 151, -112, -39, 78, 190, 53, -156, 43, 78, 
-195, -136, 58, 165, -126, -39, 78, 156, 53, -156, 53, 82, 
-209, -126, 82, 168, -146, -21, 78, 126, 53, -156, 53, 87, 
-229, -126, 102, 178, -165, -12, 78, 112, 53, -156, 53, 92, 
-214, -126, 87, 170, -151, -19, 82, 136, 63, -156, 43, 87, 
-219, -126, 92, 173, -156, -17, 87, 141, 63, -161, 43, 87, 
-219, -126, 92, 173, -156, -17, 92, 156, 63, -165, 43, 92, 
-214, -126, 87, 170, -151, -19, 97, 170, 63, -165, 43, 92, 
-200, -122, 78, 161, -139, -21, 112, 161, 73, -170, 58, 112, 
-200, -122, 78, 161, -139, -21, 112, 156, 73, -170, 58, 112, 
-200, -126, 73, 163, -136, -26, 112, 151, 73, -175, 58, 107, 
-200, -126, 73, 163, -136, -26, 112, 151, 73, -180, 58, 107, 
-180, -117, 63, 148, -122, -26, 112, 151, 58, -180, 48, 97, 
-185, -126, 58, 156, -122, -34, 102, 151, 58, -185, 48, 92, 
-180, -126, 53, 153, -117, -36, 102, 141, 58, -185, 34, 82, 
-175, -126, 48, 151, -112, -39, 107, 151, 58, -185, 43, 92, 
-175, -131, 43, 153, -109, -43, 107, 165, 58, -190, 34, 87, 
-175, -136, 39, 156, -107, -48, 102, 165, 53, -190, 29, 87, 
-200, -156, 43, 178, -122, -56, 87, 165, 53, -200, 29, 78, 
-200, -161, 39, 180, -119, -61, 82, 165, 53, -190, 34, 78, 
-180, -141, 39, 161, -109, -51, 82, 156, 53, -180, 43, 82, 
-170, -136, 34, 153, -102, -51, 78, 156, 53, -180, 43, 82, 
-165, -126, 39, 146, -102, -43, 63, 146, 53, -185, 43, 73, 
-151, -117, 34, 134, -92, -41, 58, 146, 53, -185, 43, 73, 
-146, -107, 39, 126, -92, -34, 58, 146, 48, -190, 39, 73, 
-146, -126, 19, 136, -82, -53, 58, 146, 43, -200, 29, 68, 
-151, -136, 14, 143, -82, -61, 53, 146, 29, -204, 19, 58, 
-146, -136, 9, 141, -78, -63, 53, 151, 24, -204, 14, 53, 
-146, -131, 14, 139, -80, -58, 48, 151, 43, -195, 24, 58, 
-146, -136, 9, 141, -78, -63, 48, 161, 43, -185, 34, 63, 
-146, -141, 4, 143, -75, -68, 48, 151, 39, -185, 34, 63, 
-156, -156, 0, 156, -78, -78, 48, 141, 34, -190, 29, 58, 
-156, -151, 4, 153, -80, -73, 39, 131, 29, -200, 19, 63, 
-165, -165, 0, 165, -82, -82, 43, 141, 29, -219, 19, 63, 
-156, -146, 9, 151, -82, -68, 48, 146, 29, -214, 19, 78, 
-161, -156, 4, 158, -82, -75, 48, 136, 19, -214, 9, 78, 
-165, -156, 9, 161, -87, -73, 48, 136, 19, -214, 9, 78, 
-170, -156, 14, 163, -92, -70, 48, 136, 19, -214, 9, 78, 
-175, -156, 19, 165, -97, -68, 48, 136, 19, -214, 9, 78, 
-170, -165, 4, 168, -87, -80, 39, 136, 9, -204, 0, 68, 
-165, -165, 0, 165, -82, -82, 39, 136, 9, -204, 0, 58, 
-161, -165, -4, 163, -78, -85, 39, 136, 9, -204, 0, 48, 
-156, -165, -9, 161, -73, -87, 39, 136, 9, -204, 0, 39, 
-161, -156, 4, 158, -82, -75, 48, 136, 19, -200, 9, 48, 
-165, -156, 9, 161, -87, -73, 48, 136, 19, -195, 9, 48, 
-170, -156, 14, 163, -92, -70, 48, 136, 19, -190, 9, 48, 
-175, -156, 19, 165, -97, -68, 48, 136, 19, -185, 9, 48, 
-175, -146, 29, 161, -102, -58, 39, 136, 19, -175, 14, 58, 
-175, -136, 39, 156, -107, -48, 39, 136, 19, -165, 19, 68, 
-175, -126, 48, 151, -112, -39, 39, 136, 19, -156, 24, 78, 
-175, -117, 58, 146, -117, -29, 39, 136, 19, -146, 29, 87, 
-185, -131, 53, 158, -119, -39, 29, 122, 9, -156, 19, 78, 
-180, -126, 53, 153, -117, -36, 29, 117, 4, -156, 19, 68, 
-170, -131, 39, 151, -104, -46, 19, 112, 4, -156, 19, 58, 
-170, -136, 34, 153, -102, -51, 19, 112, 9, -156, 19, 48, 
-151, -136, 14, 143, -82, -61, 19, 117, 19, -165, 9, 58, 
-141, -131, 9, 136, -75, -61, 19, 122, 19, -165, 9, 58, 
-131, -131, 0, 131, -65, -65, 19, 122, 19, -165, 9, 58, 
-122, -126, -4, 124, -58, -65, 19, 126, 14, -165, 4, 58, 
-131, -131, 0, 131, -65, -65, 19, 112, 9, -175, 4, 58, 
-131, -131, 0, 131, -65, -65, 14, 102, 4, -175, 4, 58, 
-146, -131, 14, 139, -80, -58, 14, 97, 0, -175, 4, 58, 
-136, -126, 9, 131, -73, -58, 19, 102, -4, -170, 4, 58, 
-141, -136, 4, 139, -73, -65, 14, 112, -4, -170, 4, 48, 
-151, -136, 14, 143, -82, -61, 14, 112, -4, -170, 4, 48, 
-156, -136, 19, 146, -87, -58, 14, 112, -4, -170, 4, 48, 
-151, -136, 14, 143, -82, -61, 14, 117, -4, -170, 4, 58, 
-141, -141, 0, 141, -70, -70, 14, 112, 4, -190, -4, 48, 
-156, -141, 14, 148, -85, -63, 19, 92, 4, -195, -4, 48, 
-161, -141, 19, 151, -90, -61, 24, 87, 4, -195, -4, 48, 
-161, -141, 19, 151, -90, -61, 34, 92, 4, -200, -4, 48, 
-141, -131, 9, 136, -75, -61, 34, 107, 14, -195, 4, 58, 
-136, -131, 4, 134, -70, -63, 34, 107, 14, -195, 4, 58, 
-131, -126, 4, 129, -68, -61, 34, 112, 14, -190, 4, 63, 
-117, -112, 4, 114, -61, -53, 34, 126, 14, -185, 4, 63, 
-117, -112, 4, 114, -61, -53, 39, 126, 19, -175, 4, 63, 
-131, -122, 9, 126, -70, -56, 43, 117, 19, -175, 4, 63, 
-146, -122, 24, 134, -85, -48, 48, 122, 19, -185, 4, 63, 
-131, -112, 19, 122, -75, -46, 53, 122, 19, -185, 4, 63, 
-117, -112, 4, 114, -61, -53, 63, 126, 29, -170, 14, 53, 
-112, -112, 0, 112, -56, -56, 63, 136, 29, -161, 14, 53, 
-107, -117, -9, 112, -48, -63, 63, 146, 29, -165, 14, 48, 
-107, -117, -9, 112, -48, -63, 63, 151, 24, -165, 9, 43, 
-112, -126, -14, 119, -48, -70, 48, 141, 14, -156, 0, 43, 
-112, -126, -14, 119, -48, -70, 43, 131, 19, -146, 0, 48, 
-117, -126, -9, 122, -53, -68, 39, 122, 19, -141, 4, 48, 
-126, -126, 0, 126, -63, -63, 34, 112, 19, -141, 4, 48, 
-141, -131, 9, 136, -75, -61, 43, 122, 29, -146, 4, 43, 
-131, -131, 0, 131, -65, -65, 43, 122, 29, -156, -4, 43, 
-136, -136, 0, 136, -68, -68, 39, 122, 29, -161, -4, 43, 
-146, -136, 9, 141, -78, -63, 39, 122, 29, -165, 0, 48, 
-141, -122, 19, 131, -80, -51, 39, 136, 19, -165, 14, 53, 
-126, -122, 4, 124, -65, -58, 34, 136, 14, -175, 14, 58, 
-122, -126, -4, 124, -58, -65, 29, 141, 14, -180, 19, 63, 
-122, -126, -4, 124, -58, -65, 24, 156, 19, -180, 24, 68, 
-131, -131, 0, 131, -65, -65, 24, 151, 19, -175, 19, 68, 
-122, -136, -14, 129, -53, -75, 24, 146, 14, -175, 19, 68, 
-136, -151, -14, 143, -61, -82, 24, 136, 9, -170, 14, 68, 
-136, -156, -19, 146, -58, -87, 24, 126, 9, -165, 14, 68, 
-146, -156, -9, 151, -68, -82, 29, 117, 19, -170, 14, 58, 
-156, -161, -4, 158, -75, -82, 29, 117, 19, -165, 19, 58, 
-170, -165, 4, 168, -87, -80, 34, 117, 19, -165, 19, 58, 
-180, -170, 9, 175, -95, -80, 39, 117, 19, -170, 19, 58, 
-151, -165, -14, 158, -68, -90, 29, 126, 14, -175, 14, 63, 
-141, -156, -14, 148, -63, -85, 34, 122, 14, -180, 14, 63, 
-131, -146, -14, 139, -58, -80, 34, 122, 14, -190, 9, 63, 
-112, -141, -29, 126, -41, -85, 34, 126, 14, -195, 0, 58, 
-122, -156, -34, 139, -43, -95, 34, 122, 14, -185, 0, 48, 
-126, -156, -29, 141, -48, -92, 34, 122, 14, -185, 0, 48, 
-136, -165, -29, 151, -53, -97, 34, 122, 14, -185, 0, 43, 
-126, -156, -29, 141, -48, -92, 39, 122, 14, -185, 0, 43, 
-112, -131, -19, 122, -46, -75, 39, 136, 14, -170, 9, 58, 
-107, -126, -19, 117, -43, -73, 39, 136, 14, -170, 9, 58, 
-102, -122, -19, 112, -41, -70, 34, 136, 14, -175, 9, 58, 
-97, -117, -19, 107, -39, -68, 34, 131, 14, -180, 9, 58, 
-102, -131, -29, 117, -36, -80, 43, 136, 14, -180, 0, 48, 
-107, -141, -34, 124, -36, -87, 53, 136, 14, -180, -4, 39, 
-107, -146, -39, 126, -34, -92, 63, 141, 14, -175, -4, 39, 
-102, -151, -48, 126, -26, -100, 73, 146, 14, -165, -4, 43, 
-92, -131, -39, 112, -26, -85, 78, 146, 24, -170, 0, 53, 
-82, -126, -43, 104, -19, -85, 82, 151, 24, -170, 4, 53, 
-82, -117, -34, 100, -24, -75, 87, 151, 24, -170, 9, 53, 
-73, -107, -34, 90, -19, -70, 92, 151, 24, -170, 19, 63, 
-102, -122, -19, 112, -41, -70, 73, 151, 14, -180, 9, 63, 
-126, -141, -14, 134, -56, -78, 73, 170, 24, -180, 9, 58, 
-151, -151, 0, 151, -75, -75, 78, 180, 48, -175, 0, 53, 
-136, -136, 0, 136, -68, -68, 73, 165, 63, -170, -4, 43, 
-131, -126, 4, 129, -68, -61, 87, 180, 82, -161, -4, 34, 
-156, -131, 24, 143, -90, -53, 112, 239, 107, -136, 4, 24, 
-170, -151, 19, 161, -95, -65, 141, 307, 126, -112, 9, 34, 
-146, -151, -4, 148, -70, -78, 141, 322, 131, -107, -4, 14, 
-126, -112, 14, 119, -70, -48, 141, 326, 161, -82, 0, 0, 
-170, -82, 87, 126, -129, 2, 185, 370, 258, 9, 68, 19, 
-239, -78, 161, 158, -200, 41, 224, 375, 351, 112, 136, 63, 
-268, -68, 200, 168, -234, 65, 234, 356, 409, 180, 190, 78, 
-234, -39, 195, 136, -214, 78, 209, 395, 478, 278, 268, 112, 
-175, 0, 175, 87, -175, 87, 180, 400, 517, 380, 361, 185, 
-87, 19, 107, 34, -97, 63, 122, 258, 448, 434, 448, 253, 
-14, 34, 48, -9, -31, 41, 24, 43, 307, 458, 522, 322, 
48, 43, -4, -46, 26, 19, -78, -146, 141, 458, 575, 375, 
117, 48, -68, -82, 92, -9, -175, -370, -78, 405, 595, 424, 
185, 73, -112, -129, 148, -19, -287, -683, -297, 292, 585, 444, 
234, 102, -131, -168, 183, -14, -409, -990, -512, 161, 570, 468, 
253, 112, -141, -183, 197, -14, -512, -1302, -751, 34, 556, 507, 
326, 78, -248, -202, 287, -85, -644, -1654, -1015, -131, 517, 527, 
390, 53, -336, -222, 363, -141, -785, -1976, -1273, -331, 434, 507, 
409, 34, -375, -222, 392, -170, -897, -2200, -1468, -517, 336, 502, 
439, -14, -453, -212, 446, -234, -1005, -2396, -1654, -732, 224, 483, 
478, -82, -561, -197, 519, -322, -1122, -2566, -1844, -946, 107, 458, 
527, -156, -683, -185, 605, -419, -1215, -2669, -2010, -1141, -29, 424, 
629, -234, -863, -197, 746, -549, -1263, -2625, -2122, -1312, -180, 366, 
771, -292, -1063, -239, 917, -678, -1317, -2479, -2156, -1424, -302, 307, 
883, -356, -1239, -263, 1061, -797, -1366, -2327, -2156, -1483, -385, 253, 
961, -395, -1356, -283, 1159, -875, -1395, -2171, -2132, -1503, -444, 214, 
1019, -400, -1420, -309, 1220, -910, -1376, -1981, -2049, -1493, -463, 180, 
1073, -395, -1468, -339, 1271, -932, -1332, -1820, -1966, -1483, -473, 170, 
1117, -424, -1542, -346, 1329, -983, -1332, -1708, -1888, -1498, -497, 146, 
1146, -473, -1620, -336, 1383, -1046, -1302, -1605, -1805, -1503, -527, 126, 
1146, -488, -1634, -329, 1390, -1061, -1239, -1473, -1722, -1498, -551, 107, 
1146, -468, -1615, -339, 1381, -1041, -1180, -1342, -1639, -1459, -556, 97, 
1180, -444, -1625, -368, 1403, -1034, -1117, -1244, -1561, -1420, -566, 73, 
1180, -468, -1649, -356, 1415, -1058, -1054, -1166, -1498, -1395, -585, 29, 
1122, -507, -1629, -307, 1376, -1068, -995, -1078, -1449, -1361, -614, -9, 
1044, -502, -1546, -270, 1295, -1024, -927, -990, -1371, -1307, -605, -58, 
956, -502, -1459, -226, 1207, -980, -849, -912, -1273, -1244, -595, -82, 
839, -507, -1346, -165, 1093, -927, -751, -819, -1171, -1180, -580, -102, 
746, -507, -1254, -119, 1000, -880, -668, -741, -1093, -1141, -566, -117, 
688, -507, -1195, -90, 941, -851, -590, -653, -1010, -1107, -551, -146, 
629, -497, -1127, -65, 878, -812, -507, -541, -927, -1049, -541, -165, 
575, -497, -1073, -39, 824, -785, -444, -434, -829, -990, -536, -185, 
517, -497, -1015, -9, 766, -756, -400, -356, -756, -932, -536, -219, 
492, -473, -966, -9, 729, -719, -375, -317, -688, -883, -527, -229, 
483, -448, -932, -17, 707, -690, -336, -268, -639, -824, -527, -253, 
429, -434, -863, 2, 646, -649, -287, -209, -595, -761, -517, -278, 
361, -419, -780, 29, 570, -600, -244, -165, -541, -712, -488, -283, 
287, -409, -697, 61, 492, -553, -195, -122, -488, -658, -458, -273, 
190, -400, -590, 104, 390, -495, -151, -92, -419, -605, -409, -244, 
136, -385, -522, 124, 329, -453, -117, -68, -361, -566, -370, -224, 
141, -336, -478, 97, 309, -407, -97, -24, -317, -541, -326, -195, 
146, -268, -414, 61, 280, -341, -63, 29, -263, -507, -292, -161, 
117, -224, -341, 53, 229, -283, -24, 58, -209, -473, -258, -141, 
58, -219, -278, 80, 168, -248, -14, 48, -175, -429, -229, -122, 
-9, -229, -219, 119, 104, -224, -4, 53, -151, -395, -200, -97, 
-48, -209, -161, 129, 56, -185, 14, 78, -122, -351, -170, -73, 
-53, -180, -126, 117, 36, -153, 24, 102, -92, -317, -146, -53, 
-92, -185, -92, 139, 0, -139, 19, 122, -73, -278, -112, -29, 
-107, -190, -82, 148, -12, -136, 48, 165, -43, -258, -87, -14, 
-78, -165, -87, 122, 4, -126, 78, 204, -14, -239, -68, 4, 
-112, -136, -24, 124, -43, -80, 102, 253, 29, -214, -39, 19, 
-156, -146, 9, 151, -82, -68, 126, 302, 73, -175, -4, 29, 
-141, -122, 19, 131, -80, -51, 131, 292, 92, -156, 4, 39, 
-136, -126, 9, 131, -73, -58, 131, 268, 87, -161, -9, 24, 
-161, -136, 24, 148, -92, -56, 122, 253, 78, -161, -9, 24, 
-165, -141, 24, 153, -95, -58, 112, 234, 68, -156, -14, 19, 
-141, -136, 4, 139, -73, -65, 102, 224, 58, -161, -19, 9, 
-136, -136, 0, 136, -68, -68, 87, 239, 58, -175, -29, 9, 
-146, -136, 9, 141, -78, -63, 87, 253, 58, -180, -29, 9, 
-156, -141, 14, 148, -85, -63, 87, 258, 68, -195, -29, 4, 
-161, -146, 14, 153, -87, -65, 82, 268, 78, -200, -29, 4, 
-156, -151, 4, 153, -80, -73, 73, 258, 82, -209, -39, 4, 
-136, -156, -19, 146, -58, -87, 82, 258, 82, -209, -34, 4, 
-112, -136, -24, 124, -43, -80, 87, 248, 87, -195, -34, 9, 
-117, -141, -24, 129, -46, -82, 92, 248, 82, -190, -24, 9, 
-141, -151, -9, 146, -65, -80, 102, 244, 92, -180, -14, 4, 
-156, -156, 0, 156, -78, -78, 117, 244, 87, -170, -14, 4, 
-165, -156, 9, 161, -87, -73, 136, 244, 87, -165, -9, 9, 
-180, -161, 19, 170, -100, -70, 146, 253, 87, -161, -9, 9, 
-180, -175, 4, 178, -92, -85, 156, 258, 82, -180, -14, -4, 
-180, -180, 0, 180, -90, -90, 161, 258, 87, -185, -24, -4, 
-180, -180, 0, 180, -90, -90, 170, 258, 97, -195, -29, -4, 
-185, -180, 4, 183, -95, -87, 175, 248, 87, -200, -34, -14, 
-190, -185, 4, 187, -97, -90, 175, 263, 97, -190, -24, -9, 
-190, -170, 19, 180, -104, -75, 185, 273, 107, -180, -24, -4, 
-200, -161, 39, 180, -119, -61, 185, 292, 107, -170, -24, 0, 
-200, -156, 43, 178, -122, -56, 185, 287, 102, -156, -24, 4, 
-190, -156, 34, 173, -112, -61, 165, 283, 102, -141, -9, 9, 
-190, -151, 39, 170, -114, -56, 161, 287, 102, -141, -4, 14, 
-190, -151, 39, 170, -114, -56, 161, 287, 107, -136, 0, 24, 
-190, -151, 39, 170, -114, -56, 161, 283, 112, -131, 4, 29, 
-214, -161, 53, 187, -134, -53, 151, 283, 102, -141, -9, 4, 
-214, -161, 53, 187, -134, -53, 151, 287, 102, -151, -9, -4, 
-214, -161, 53, 187, -134, -53, 156, 297, 117, -156, -9, -4, 
-219, -161, 58, 190, -139, -51, 156, 302, 117, -165, -14, -14, 
-229, -170, 58, 200, -143, -56, 146, 278, 112, -175, -24, -4, 
-239, -180, 58, 209, -148, -61, 146, 268, 112, -175, -29, -4, 
-248, -200, 48, 224, -148, -75, 151, 263, 112, -170, -29, -9, 
-253, -209, 43, 231, -148, -82, 151, 258, 107, -170, -24, -9, 
-248, -200, 48, 224, -148, -75, 156, 268, 107, -156, -14, 0, 
-244, -180, 63, 212, -153, -58, 156, 268, 122, -151, -14, 0, 
-244, -170, 73, 207, -158, -48, 156, 263, 122, -146, -14, 0, 
-244, -165, 78, 204, -161, -43, 156, 263, 122, -141, -14, -4, 
-229, -156, 73, 192, -151, -41, 146, 273, 122, -141, -24, -4, 
-224, -131, 92, 178, -158, -19, 146, 283, 131, -136, -9, 0, 
-219, -131, 87, 175, -153, -21, 156, 287, 136, -131, -9, 0, 
-224, -141, 82, 183, -153, -29, 156, 292, 136, -131, -9, 0, 
-229, -161, 68, 195, -148, -46, 165, 307, 151, -126, -9, -4, 
-229, -165, 63, 197, -146, -51, 165, 317, 151, -126, -9, -4, 
-219, -170, 48, 195, -134, -61, 165, 317, 156, -122, -9, 0, 
-219, -170, 48, 195, -134, -61, 165, 307, 161, -112, -4, 9, 
-224, -170, 53, 197, -139, -58, 165, 317, 161, -117, -4, 0, 
-229, -165, 63, 197, -146, -51, 165, 312, 165, -117, -4, 0, 
-234, -165, 68, 200, -151, -48, 165, 302, 170, -122, -4, -4, 
-239, -165, 73, 202, -156, -46, 165, 297, 170, -126, -4, -4, 
-239, -151, 87, 195, -163, -31, 175, 317, 170, -117, 9, 4, 
-244, -146, 97, 195, -170, -24, 175, 317, 180, -112, 14, 14, 
-229, -136, 92, 183, -161, -21, 175, 312, 185, -107, 14, 14, 
-224, -131, 92, 178, -158, -19, 170, 312, 190, -107, 14, 4, 
-239, -136, 102, 187, -170, -17, 156, 317, 190, -92, 14, -9, 
-253, -141, 112, 197, -183, -14, 151, 312, 195, -87, 9, -9, 
-287, -151, 136, 219, -212, -7, 146, 312, 200, -82, 9, -9, 
-307, -156, 151, 231, -229, -2, 141, 312, 204, -63, 9, -9, 
-292, -141, 151, 217, -222, 4, 141, 322, 200, -43, 19, -14, 
-263, -117, 146, 190, -204, 14, 151, 326, 204, -39, 24, -9, 
-268, -107, 161, 187, -214, 26, 151, 331, 209, -34, 34, -9, 
-253, -97, 156, 175, -204, 29, 146, 336, 214, -29, 34, -4, 
-244, -107, 136, 175, -190, 14, 161, 351, 229, -34, 24, 9, 
-253, -112, 141, 183, -197, 14, 165, 351, 234, -34, 24, 14, 
-263, -112, 151, 187, -207, 19, 170, 346, 234, -39, 24, 19, 
-268, -107, 161, 187, -214, 26, 175, 336, 234, -39, 24, 24, 
-278, -92, 185, 185, -231, 46, 165, 346, 244, -19, 29, 19, 
-278, -92, 185, 185, -231, 46, 170, 361, 248, -9, 39, 24, 
-292, -92, 200, 192, -246, 53, 170, 361, 258, -4, 48, 24, 
-297, -97, 200, 197, -248, 51, 170, 356, 258, 0, 53, 24, 
-302, -97, 204, 200, -253, 53, 170, 346, 263, -9, 58, 34, 
-307, -82, 224, 195, -265, 70, 175, 336, 278, -4, 58, 34, 
-312, -78, 234, 195, -273, 78, 180, 336, 283, 0, 68, 29, 
-302, -73, 229, 187, -265, 78, 195, 341, 292, 4, 68, 29, 
-292, -73, 219, 183, -256, 73, 175, 351, 287, 4, 58, 29, 
-312, -78, 234, 195, -273, 78, 165, 351, 297, 4, 58, 29, 
-341, -82, 258, 212, -300, 87, 161, 351, 297, 19, 68, 39, 
-341, -87, 253, 214, -297, 82, 151, 351, 297, 24, 68, 43, 
-317, -78, 239, 197, -278, 80, 161, 341, 292, 34, 73, 34, 
-317, -68, 248, 192, -283, 90, 161, 341, 292, 43, 82, 34, 
-331, -63, 268, 197, -300, 102, 165, 341, 292, 58, 87, 43, 
-346, -53, 292, 200, -319, 119, 165, 331, 292, 68, 97, 43, 
-356, -43, 312, 200, -334, 134, 175, 331, 297, 68, 97, 53, 
-351, -43, 307, 197, -329, 131, 180, 331, 302, 73, 97, 53, 
-346, -39, 307, 192, -326, 134, 180, 331, 307, 68, 97, 48, 
-346, -39, 307, 192, -326, 134, 180, 317, 312, 58, 97, 48, 
-356, -48, 307, 202, -331, 129, 185, 307, 312, 73, 107, 63, 
-361, -43, 317, 202, -339, 136, 195, 317, 312, 87, 122, 63, 
-366, -34, 331, 200, -348, 148, 204, 317, 312, 92, 122, 73, 
-380, -34, 346, 207, -363, 156, 209, 312, 307, 97, 117, 73, 
-370, -58, 312, 214, -341, 126, 219, 297, 292, 82, 107, 53, 
-370, -73, 297, 222, -334, 112, 219, 283, 287, 78, 102, 39, 
-346, -58, 287, 202, -317, 114, 224, 297, 287, 73, 97, 43, 
-336, -58, 278, 197, -307, 109, 234, 307, 287, 73, 92, 43, 
-390, -78, 312, 234, -351, 117, 244, 283, 278, 78, 102, 48, 
-419, -87, 331, 253, -375, 122, 239, 268, 278, 78, 102, 53, 
-409, -92, 317, 251, -363, 112, 234, 268, 278, 82, 107, 58, 
-414, -78, 336, 246, -375, 129, 234, 268, 283, 97, 112, 68, 
-424, -73, 351, 248, -387, 139, 234, 268, 283, 87, 122, 68, 
-419, -68, 351, 244, -385, 141, 229, 263, 278, 87, 122, 68, 
-400, -63, 336, 231, -368, 136, 229, 248, 273, 78, 117, 68, 
-395, -58, 336, 226, -366, 139, 229, 244, 273, 78, 117, 73, 
-395, -63, 331, 229, -363, 134, 239, 248, 263, 68, 107, 73, 
-400, -73, 326, 236, -363, 126, 229, 234, 253, 48, 107, 73, 
-400, -78, 322, 239, -361, 122, 229, 239, 248, 39, 112, 78, 
-385, -73, 312, 229, -348, 119, 229, 244, 244, 34, 112, 82, 
-370, -78, 292, 224, -331, 107, 219, 234, 229, 29, 107, 97, 
-366, -87, 278, 226, -322, 95, 219, 219, 224, 29, 107, 97, 
-361, -102, 258, 231, -309, 78, 204, 219, 214, 29, 102, 97, 
-346, -97, 248, 222, -297, 75, 204, 219, 209, 29, 102, 97, 
-307, -58, 248, 183, -278, 95, 190, 234, 214, 63, 112, 102, 
-283, -34, 248, 158, -265, 107, 180, 234, 214, 87, 117, 102, 
-268, -19, 248, 143, -258, 114, 170, 219, 209, 112, 126, 102, 
-239, 4, 244, 117, -241, 124, 170, 219, 200, 131, 136, 102, 
-239, -4, 234, 122, -236, 114, 165, 204, 190, 107, 126, 97, 
-239, -9, 229, 124, -234, 109, 151, 170, 175, 92, 122, 97, 
-239, -19, 219, 129, -229, 100, 136, 146, 165, 82, 117, 92, 
-234, -24, 209, 129, -222, 92, 131, 126, 165, 73, 112, 92, 
-234, -39, 195, 136, -214, 78, 126, 131, 151, 58, 102, 97, 
-229, -48, 180, 139, -204, 65, 122, 122, 141, 48, 102, 97, 
-234, -58, 175, 146, -204, 58, 117, 112, 131, 48, 97, 92, 
-234, -73, 161, 153, -197, 43, 117, 112, 126, 43, 97, 92, 
-234, -78, 156, 156, -195, 39, 122, 107, 117, 48, 97, 92, 
-219, -82, 136, 151, -178, 26, 107, 102, 102, 48, 92, 87, 
-214, -87, 126, 151, -170, 19, 107, 102, 92, 48, 87, 82, 
-219, -87, 131, 153, -175, 21, 107, 97, 92, 53, 87, 82, 
-224, -82, 141, 153, -183, 29, 97, 82, 92, 39, 78, 82, 
-219, -82, 136, 151, -178, 26, 87, 63, 82, 29, 78, 82, 
-214, -92, 122, 153, -168, 14, 82, 53, 73, 14, 73, 82, 
-214, -92, 122, 153, -168, 14, 82, 48, 63, 14, 68, 78, 
-200, -97, 102, 148, -151, 2, 73, 58, 63, -4, 53, 78, 
-195, -107, 87, 151, -141, -9, 73, 63, 58, -4, 53, 78, 
-180, -112, 68, 146, -124, -21, 73, 68, 53, -4, 48, 78, 
-165, -117, 48, 141, -107, -34, 68, 73, 48, -14, 43, 73, 
-161, -117, 43, 139, -102, -36, 58, 43, 39, 0, 53, 68, 
-156, -117, 39, 136, -97, -39, 58, 39, 29, 14, 48, 68, 
-151, -112, 39, 131, -95, -36, 53, 39, 29, 34, 43, 68, 
-141, -97, 43, 119, -92, -26, 53, 34, 19, 53, 43, 68, 
-136, -102, 34, 119, -85, -34, 53, 39, 4, 39, 34, 58, 
-131, -107, 24, 119, -78, -41, 48, 43, 4, 14, 24, 58, 
-131, -126, 4, 129, -68, -61, 48, 48, -4, 0, 14, 43, 
-126, -141, -14, 134, -56, -78, 43, 48, -14, -14, 9, 39, 
-136, -151, -14, 143, -61, -82, 43, 39, -14, -9, 0, 48, 
-126, -141, -14, 134, -56, -78, 39, 39, -24, -9, 0, 48, 
-112, -131, -19, 122, -46, -75, 39, 34, -29, -14, -4, 43, 
-112, -151, -39, 131, -36, -95, 39, 34, -39, -9, -14, 39, 
-112, -161, -48, 136, -31, -104, 48, 34, -29, -4, -14, 39, 
-107, -156, -48, 131, -29, -102, 48, 39, -29, 4, -9, 39, 
-112, -151, -39, 131, -36, -95, 43, 39, -29, 19, -9, 39, 
-117, -170, -53, 143, -31, -112, 43, 39, -34, 29, -4, 34, 
-107, -146, -39, 126, -34, -92, 29, 48, -24, 19, -4, 34, 
-97, -126, -29, 112, -34, -78, 24, 53, -24, 24, 4, 43, 
-97, -126, -29, 112, -34, -78, 19, 53, -24, 24, -4, 34, 
-97, -126, -29, 112, -34, -78, 14, 53, -29, 19, -14, 29, 
-97, -126, -29, 112, -34, -78, 24, 39, -29, 0, -24, 24, 
-92, -131, -39, 112, -26, -85, 29, 39, -29, -9, -24, 19, 
-92, -136, -43, 114, -24, -90, 34, 34, -34, -14, -24, 14, 
-97, -161, -63, 129, -17, -112, 39, 14, -34, -19, -24, 9, 
-107, -156, -48, 131, -29, -102, 48, 24, -34, -4, -14, 14, 
-107, -151, -43, 129, -31, -97, 48, 39, -34, 14, -14, 19, 
-107, -151, -43, 129, -31, -97, 48, 39, -34, 39, -14, 24, 
-117, -161, -43, 139, -36, -102, 43, 39, -34, 53, -19, 19, 
-117, -161, -43, 139, -36, -102, 48, 39, -24, 53, -19, 19, 
-117, -161, -43, 139, -36, -102, 58, 39, -19, 48, -19, 24, 
-151, -161, -9, 156, -70, -85, 63, 39, -19, 53, -19, 24, 
-175, -156, 19, 165, -97, -68, 68, 43, -19, 53, -19, 29, 
-165, -156, 9, 161, -87, -73, 78, 58, -29, 68, -29, 39, 
-156, -156, 0, 156, -78, -78, 78, 63, -19, 73, -29, 39, 
-146, -156, -9, 151, -68, -82, 78, 73, -19, 78, -24, 34, 
-131, -156, -24, 143, -53, -90, 73, 92, -19, 82, -24, 34, 
-107, -156, -48, 131, -29, -102, 68, 107, -4, 97, -24, 34, 
-92, -151, -58, 122, -17, -104, 63, 112, -4, 102, -24, 29, 
-82, -151, -68, 117, -7, -109, 58, 112, 0, 107, -19, 29, 
-78, -151, -73, 114, -2, -112, 53, 107, 0, 112, -14, 29, 
-73, -126, -53, 100, -9, -90, 53, 102, 0, 112, -9, 19, 
-68, -112, -43, 90, -12, -78, 58, 97, 4, 117, -9, 24, 
-63, -97, -34, 80, -14, -65, 68, 97, 4, 112, -9, 24, 
-58, -87, -29, 73, -14, -58, 68, 97, 14, 107, -9, 24, 
-82, -102, -19, 92, -31, -61, 73, 97, 14, 107, -14, 29, 
-107, -122, -14, 114, -46, -68, 68, 97, 14, 112, -9, 29, 
-141, -141, 0, 141, -70, -70, 68, 97, 14, 107, -9, 29, 
-165, -165, 0, 165, -82, -82, 68, 107, 14, 102, -9, 29, 
-156, -156, 0, 156, -78, -78, 58, 107, 19, 117, -19, 29, 
-141, -156, -14, 148, -63, -85, 58, 107, 24, 122, -19, 29, 
-131, -165, -34, 148, -48, -100, 58, 112, 24, 126, -24, 29, 
-131, -175, -43, 153, -43, -109, 58, 117, 24, 131, -24, 19, 
-122, -170, -48, 146, -36, -109, 68, 122, 34, 141, -14, 19, 
-112, -136, -24, 124, -43, -80, 78, 126, 39, 156, -14, 24, 
-112, -122, -9, 117, -51, -65, 78, 136, 43, 161, -4, 24, 
-117, -126, -9, 122, -53, -68, 73, 151, 43, 165, -4, 24, 
-151, -141, 9, 146, -80, -65, 82, 151, 53, 180, 0, 24, 
-151, -151, 0, 151, -75, -75, 87, 151, 58, 185, -4, 29, 
-161, -156, 4, 158, -82, -75, 87, 146, 58, 195, -4, 29, 
-175, -161, 14, 168, -95, -73, 87, 141, 63, 204, 0, 34, 
-175, -161, 14, 168, -95, -73, 97, 136, 68, 204, -9, 29, 
-165, -161, 4, 163, -85, -78, 97, 146, 73, 209, -9, 29, 
-175, -161, 14, 168, -95, -73, 102, 146, 73, 209, -9, 24, 
-175, -170, 4, 173, -90, -82, 102, 146, 73, 204, -9, 24, 
-161, -141, 19, 151, -90, -61, 117, 151, 78, 204, 0, 34, 
-161, -136, 24, 148, -92, -56, 117, 161, 78, 209, 0, 34, 
-161, -141, 19, 151, -90, -61, 112, 165, 68, 209, -4, 29, 
-165, -151, 14, 158, -90, -68, 112, 170, 68, 214, -4, 29, 
-146, -136, 9, 141, -78, -63, 117, 175, 87, 239, 9, 39, 
-136, -126, 9, 131, -73, -58, 122, 170, 92, 248, 19, 43, 
-126, -117, 9, 122, -68, -53, 122, 165, 97, 258, 9, 43, 
-112, -112, 0, 112, -56, -56, 122, 165, 102, 263, 9, 43, 
-117, -107, 9, 112, -63, -48, 122, 165, 102, 268, 0, 34, 
-112, -107, 4, 109, -58, -51, 122, 165, 102, 273, 0, 34, 
-117, -107, 9, 112, -63, -48, 117, 165, 97, 278, 0, 29, 
-131, -112, 19, 122, -75, -46, 112, 161, 92, 292, 0, 29, 
-136, -126, 9, 131, -73, -58, 102, 170, 87, 312, 9, 39, 
-136, -136, 0, 136, -68, -68, 102, 175, 87, 322, 9, 34, 
-131, -126, 4, 129, -68, -61, 102, 175, 82, 331, 9, 29, 
-126, -126, 0, 126, -63, -63, 102, 175, 82, 341, 9, 29, 
-141, -112, 29, 126, -85, -41, 117, 175, 82, 336, 24, 39, 
-156, -112, 43, 134, -100, -34, 117, 175, 82, 331, 24, 39, 
-170, -107, 63, 139, -117, -21, 117, 175, 82, 322, 19, 39, 
-175, -102, 73, 139, -124, -14, 117, 161, 82, 317, 19, 34, 
-146, -92, 53, 119, -100, -19, 126, 165, 87, 317, 29, 43, 
-136, -82, 53, 109, -95, -14, 126, 180, 87, 322, 34, 48, 
-117, -63, 53, 90, -85, -4, 126, 185, 92, 322, 34, 53, 
-102, -53, 48, 78, -75, -2, 117, 185, 97, 322, 34, 53, 
-102, -73, 29, 87, -65, -21, 107, 180, 87, 326, 24, 48, 
-107, -92, 14, 100, -61, -39, 112, 180, 78, 326, 19, 43, 
-126, -107, 19, 117, -73, -43, 112, 175, 73, 331, 14, 34, 
-131, -117, 14, 124, -73, -51, 117, 161, 63, 331, 9, 29, 
-117, -97, 19, 107, -68, -39, 126, 175, 73, 341, 14, 34, 
-117, -82, 34, 100, -75, -24, 126, 180, 82, 351, 14, 34, 
-122, -92, 29, 107, -75, -31, 122, 185, 73, 356, 14, 34, 
-122, -97, 24, 109, -73, -36, 102, 175, 68, 366, 9, 34, 
-97, -87, 9, 92, -53, -39, 107, 170, 78, 375, 9, 29, 
-97, -82, 14, 90, -56, -34, 107, 165, 78, 375, 9, 29, 
-102, -82, 19, 92, -61, -31, 107, 151, 73, 375, 9, 29, 
-102, -78, 24, 90, -63, -26, 102, 141, 73, 375, 9, 34, 
-112, -78, 34, 95, -73, -21, 92, 146, 63, 390, 0, 43, 
-117, -78, 39, 97, -78, -19, 97, 146, 58, 390, 0, 43, 
-126, -87, 39, 107, -82, -24, 102, 146, 53, 385, -4, 39, 
-131, -92, 39, 112, -85, -26, 102, 146, 43, 385, -4, 39, 
-122, -82, 39, 102, -80, -21, 102, 141, 43, 385, -4, 39, 
-122, -92, 29, 107, -75, -31, 102, 136, 43, 380, -4, 39, 
-122, -92, 29, 107, -75, -31, 97, 126, 43, 380, -4, 39, 
-112, -92, 19, 102, -65, -36, 97, 122, 34, 380, -4, 39, 
-126, -97, 29, 112, -78, -34, 82, 122, 29, 395, 0, 39, 
-131, -97, 34, 114, -82, -31, 82, 117, 29, 400, 0, 39, 
-136, -92, 43, 114, -90, -24, 82, 122, 29, 405, 0, 39, 
-146, -97, 48, 122, -97, -24, 82, 126, 29, 414, 4, 43, 
-156, -92, 63, 124, -109, -14, 87, 117, 29, 424, -4, 43, 
-161, -87, 73, 124, -117, -7, 92, 117, 29, 424, -4, 39, 
-161, -87, 73, 124, -117, -7, 92, 107, 24, 419, -9, 39, 
-175, -97, 78, 136, -126, -9, 82, 97, 14, 409, -14, 39, 
-151, -87, 63, 119, -107, -12, 82, 92, 14, 419, -9, 43, 
-136, -82, 53, 109, -95, -14, 82, 92, 19, 429, 0, 48, 
-122, -78, 43, 100, -82, -17, 87, 97, 19, 429, 4, 53, 
-107, -78, 29, 92, -68, -24, 87, 82, 19, 424, 9, 53, 
-136, -87, 48, 112, -92, -19, 78, 73, 9, 419, 4, 43, 
-151, -92, 58, 122, -104, -17, 78, 73, 9, 414, 4, 43, 
-170, -102, 68, 136, -119, -17, 78, 73, 9, 409, 0, 39, 
-190, -122, 68, 156, -129, -26, 78, 78, 4, 400, -9, 39, 
-185, -117, 68, 151, -126, -24, 92, 87, 14, 409, 0, 48, 
-170, -102, 68, 136, -119, -17, 97, 92, 14, 414, 0, 48, 
-165, -97, 68, 131, -117, -14, 97, 87, 9, 419, -4, 48, 
-161, -102, 58, 131, -109, -21, 97, 97, 4, 419, -9, 43, 
-151, -97, 53, 124, -102, -21, 97, 107, 9, 434, 0, 53, 
-151, -92, 58, 122, -104, -17, 102, 107, 14, 434, 4, 53, 
-146, -87, 58, 117, -102, -14, 102, 102, 24, 439, 4, 53, 
-141, -73, 68, 107, -104, -2, 102, 102, 34, 448, 4, 58, 
-122, -82, 39, 102, -80, -21, 102, 92, 29, 439, -4, 48, 
-122, -87, 34, 104, -78, -26, 97, 78, 14, 434, -4, 48, 
-141, -87, 53, 114, -97, -17, 97, 78, 9, 424, -4, 48, 
-146, -82, 63, 114, -104, -9, 97, 78, 4, 419, -4, 48, 
-151, -97, 53, 124, -102, -21, 87, 87, 4, 419, -19, 43, 
-161, -102, 58, 131, -109, -21, 87, 87, 4, 424, -19, 43, 
-165, -107, 58, 136, -112, -24, 87, 87, 4, 429, -19, 43, 
-165, -112, 53, 139, -109, -29, 87, 82, 4, 434, -14, 43, 
-165, -117, 48, 141, -107, -34, 87, 73, 0, 434, -24, 39, 
-170, -126, 43, 148, -107, -41, 82, 68, 0, 434, -24, 39, 
-175, -131, 43, 153, -109, -43, 82, 68, 9, 434, -24, 43, 
-175, -131, 43, 153, -109, -43, 78, 68, 9, 434, -19, 48, 
-170, -112, 58, 141, -114, -26, 73, 73, 9, 439, -9, 39, 
-165, -102, 63, 134, -114, -19, 73, 73, 9, 444, -9, 39, 
-165, -97, 68, 131, -117, -14, 73, 73, 9, 448, -14, 34, 
-161, -87, 73, 124, -117, -7, 68, 78, 0, 453, -14, 34, 
-151, -73, 78, 112, -114, 2, 78, 73, 4, 458, -4, 39, 
-151, -73, 78, 112, -114, 2, 78, 73, 9, 458, -14, 39, 
-165, -82, 82, 124, -124, 0, 78, 68, 9, 453, -14, 43, 
-175, -87, 87, 131, -131, 0, 78, 68, 14, 448, -14, 53, 
-126, -48, 78, 87, -102, 14, 97, 63, 24, 458, -4, 53, 
-87, -9, 78, 48, -82, 34, 107, 87, 34, 478, 4, 53, 
-117, -39, 78, 78, -97, 19, 117, 107, 39, 478, 9, 48, 
-117, -48, 68, 82, -92, 9, 112, 97, 29, 468, 4, 39, 
-117, -58, 58, 87, -87, 0, 107, 97, 29, 468, 0, 39, 
-117, -68, 48, 92, -82, -9, 102, 97, 29, 468, -4, 39, 
-117, -78, 39, 97, -78, -19, 97, 97, 29, 468, -9, 39, 
-122, -73, 48, 97, -85, -12, 107, 82, 14, 463, -19, 39, 
-122, -78, 43, 100, -82, -17, 97, 78, 14, 458, -19, 39, 
-131, -82, 48, 107, -90, -17, 97, 78, 19, 453, -19, 39, 
-141, -92, 48, 117, -95, -21, 97, 73, 19, 448, -19, 39, 
-141, -92, 48, 117, -95, -21, 107, 78, 29, 439, -9, 39, 
-141, -97, 43, 119, -92, -26, 107, 78, 29, 439, -9, 39, 
-141, -97, 43, 119, -92, -26, 107, 82, 24, 439, -14, 39, 
-141, -92, 48, 117, -95, -21, 107, 78, 24, 439, -14, 39, 
-136, -92, 43, 114, -90, -24, 107, 78, 24, 429, -24, 48, 
-146, -92, 53, 119, -100, -19, 112, 82, 24, 429, -24, 48, 
-131, -87, 43, 109, -87, -21, 122, 97, 24, 434, -24, 48, 
-126, -87, 39, 107, -82, -24, 131, 102, 24, 434, -24, 48, 
-136, -97, 39, 117, -87, -29, 126, 97, 34, 434, -19, 58, 
-141, -97, 43, 119, -92, -26, 122, 92, 34, 434, -14, 58, 
-136, -97, 39, 117, -87, -29, 117, 92, 34, 434, -9, 68, 
-141, -102, 39, 122, -90, -31, 107, 87, 34, 419, -4, 58, 
-146, -97, 48, 122, -97, -24, 97, 82, 24, 419, -4, 48, 
-151, -92, 58, 122, -104, -17, 97, 82, 24, 424, -4, 48, 
-151, -87, 63, 119, -107, -12, 102, 92, 24, 424, -4, 48, 
-146, -87, 58, 117, -102, -14, 102, 97, 24, 424, -4, 48, 
-156, -97, 58, 126, -107, -19, 92, 97, 24, 409, -9, 39, 
-156, -102, 53, 129, -104, -24, 92, 102, 24, 409, -14, 43, 
-146, -97, 48, 122, -97, -24, 92, 117, 24, 409, -19, 43, 
-136, -102, 34, 119, -85, -34, 92, 102, 19, 409, -24, 43, 
-170, -126, 43, 148, -107, -41, 87, 82, 9, 400, -24, 43, 
-195, -131, 63, 163, -129, -34, 82, 78, 9, 390, -24, 43, 
-190, -126, 63, 158, -126, -31, 78, 68, 9, 390, -24, 43, 
-200, -131, 68, 165, -134, -31, 73, 63, 9, 395, -24, 43, 
-170, -107, 63, 139, -117, -21, 78, 68, 14, 409, -9, 58, 
-151, -97, 53, 124, -102, -21, 82, 73, 19, 400, -4, 58, 
-136, -82, 53, 109, -95, -14, 87, 73, 19, 395, -4, 58, 
-117, -68, 48, 92, -82, -9, 92, 73, 24, 400, 0, 63, 
-126, -78, 48, 102, -87, -14, 92, 63, 29, 400, -9, 78, 
-131, -78, 53, 104, -92, -12, 92, 63, 29, 405, -4, 78, 
-141, -78, 63, 109, -102, -7, 92, 63, 29, 405, -4, 78, 
-146, -82, 63, 114, -104, -9, 92, 63, 29, 405, -4, 73, 
-131, -73, 58, 102, -95, -7, 82, 63, 19, 385, -24, 68, 
-131, -78, 53, 104, -92, -12, 78, 63, 19, 380, -24, 63, 
-136, -78, 58, 107, -97, -9, 78, 63, 19, 375, -19, 63, 
-146, -73, 73, 109, -109, 0, 82, 63, 19, 370, -19, 58, 
-126, -82, 43, 104, -85, -19, 82, 58, 14, 361, -24, 53, 
-126, -87, 39, 107, -82, -24, 82, 58, 14, 356, -24, 48, 
-131, -87, 43, 109, -87, -21, 82, 68, 19, 356, -24, 43, 
-131, -87, 43, 109, -87, -21, 82, 68, 19, 356, -19, 39, 
-131, -92, 39, 112, -85, -26, 92, 68, 24, 361, -9, 43, 
-156, -107, 48, 131, -102, -29, 92, 63, 19, 361, -14, 48, 
-165, -112, 53, 139, -109, -29, 92, 58, 19, 361, -14, 53, 
-175, -112, 63, 143, -119, -24, 92, 58, 19, 366, -14, 58, 
-185, -122, 63, 153, -124, -29, 78, 58, 19, 356, -19, 58, 
-190, -122, 68, 156, -129, -26, 78, 58, 19, 351, -19, 58, 
-190, -122, 68, 156, -129, -26, 78, 58, 19, 341, -19, 58, 
-180, -122, 58, 151, -119, -31, 78, 58, 24, 336, -19, 63, 
-165, -107, 58, 136, -112, -24, 73, 43, 14, 331, -14, 53, 
-161, -102, 58, 131, -109, -21, 73, 43, 14, 322, -14, 53, 
-146, -102, 43, 124, -95, -29, 73, 48, 14, 317, -19, 48, 
-141, -107, 34, 124, -87, -36, 73, 53, 14, 312, -19, 48, 
-156, -92, 63, 124, -109, -14, 87, 63, 19, 312, -9, 58, 
-165, -97, 68, 131, -117, -14, 92, 63, 24, 312, -9, 53, 
-156, -82, 73, 119, -114, -4, 102, 63, 29, 312, -9, 53, 
-146, -68, 78, 107, -112, 4, 107, 68, 34, 317, -9, 58, 
-146, -73, 73, 109, -109, 0, 107, 53, 24, 302, -19, 48, 
-146, -78, 68, 112, -107, -4, 102, 48, 24, 292, -19, 48, 
-146, -82, 63, 114, -104, -9, 102, 39, 24, 283, -19, 48, 
-151, -87, 63, 119, -107, -12, 102, 34, 24, 273, -19, 48, 
-165, -97, 68, 131, -117, -14, 97, 34, 14, 268, -24, 34, 
-165, -102, 63, 134, -114, -19, 92, 39, 14, 268, -24, 29, 
-161, -107, 53, 134, -107, -26, 87, 43, 14, 273, -24, 29, 
-161, -112, 48, 136, -104, -31, 82, 48, 14, 278, -24, 24, 
-151, -102, 48, 126, -100, -26, 82, 48, 19, 268, -14, 34, 
-161, -97, 63, 129, -112, -17, 82, 43, 24, 268, -14, 43, 
-161, -92, 68, 126, -114, -12, 82, 39, 29, 268, -9, 63, 
-161, -82, 78, 122, -119, -2, 82, 34, 43, 268, -9, 73, 
-156, -102, 53, 129, -104, -24, 73, 14, 43, 268, -9, 48, 
-170, -102, 68, 136, -119, -17, 97, 53, 68, 283, 0, 53, 
-185, -97, 87, 141, -136, -4, 112, 68, 73, 287, -4, 53, 
-219, -97, 122, 158, -170, 12, 117, 82, 82, 297, -14, 43, 
-204, -82, 122, 143, -163, 19, 131, 122, 126, 322, 4, 34, 
-200, -73, 126, 136, -163, 26, 141, 161, 156, 326, 9, 43, 
-244, -112, 131, 178, -187, 9, 141, 175, 161, 322, 4, 34, 
-263, -122, 141, 192, -202, 9, 180, 200, 209, 346, 19, 29, 
-209, -43, 165, 126, -187, 61, 224, 273, 297, 429, 58, 48, 
-209, 9, 219, 100, -214, 114, 253, 336, 380, 512, 107, 63, 
-248, -9, 239, 129, -244, 114, 273, 366, 439, 600, 161, 78, 
-224, 9, 234, 107, -229, 122, 258, 366, 488, 697, 248, 122, 
-165, 87, 253, 39, -209, 170, 229, 341, 507, 800, 341, 185, 
-97, 146, 244, -24, -170, 195, 170, 248, 448, 883, 439, 244, 
-34, 151, 185, -58, -109, 168, 82, 92, 336, 917, 541, 312, 
19, 141, 122, -80, -51, 131, -9, -87, 161, 917, 605, 375, 
39, 107, 68, -73, -14, 87, -97, -263, -39, 854, 653, 424, 
87, 122, 34, -104, 26, 78, -170, -507, -248, 761, 653, 473, 
156, 161, 4, -158, 75, 82, -273, -814, -463, 629, 629, 507, 
244, 180, -63, -212, 153, 58, -375, -1127, -722, 473, 605, 536, 
317, 175, -141, -246, 229, 17, -497, -1410, -995, 307, 575, 575, 
361, 131, -229, -246, 295, -48, -619, -1673, -1273, 107, 492, 575, 
409, 92, -317, -251, 363, -112, -761, -1956, -1527, -126, 366, 531, 
478, 63, -414, -270, 446, -175, -888, -2200, -1732, -341, 253, 512, 
497, 43, -453, -270, 475, -204, -966, -2332, -1883, -527, 175, 527, 
488, 9, -478, -248, 483, -234, -1019, -2415, -2020, -712, 78, 522, 
561, -58, -619, -251, 590, -339, -1078, -2440, -2122, -893, -53, 483, 
712, -165, -878, -273, 795, -522, -1132, -2371, -2176, -1034, -175, 424, 
844, -248, -1093, -297, 968, -671, -1190, -2220, -2186, -1112, -287, 390, 
941, -287, -1229, -326, 1085, -758, -1239, -2074, -2152, -1141, -366, 351, 
1019, -312, -1332, -353, 1176, -822, -1259, -1942, -2108, -1161, -414, 317, 
1024, -346, -1371, -339, 1198, -858, -1263, -1839, -2044, -1161, -434, 287, 
1049, -375, -1424, -336, 1237, -900, -1273, -1737, -1986, -1156, -448, 273, 
1137, -346, -1483, -395, 1310, -915, -1244, -1595, -1873, -1122, -458, 253, 
1205, -331, -1537, -436, 1371, -934, -1190, -1464, -1751, -1088, -463, 234, 
1185, -361, -1546, -412, 1366, -954, -1132, -1361, -1659, -1078, -488, 195, 
1141, -395, -1537, -373, 1339, -966, -1078, -1293, -1590, -1058, -527, 151, 
1112, -409, -1522, -351, 1317, -966, -1015, -1215, -1517, -1034, -556, 107, 
1083, -439, -1522, -322, 1302, -980, -956, -1117, -1459, -1000, -566, 78, 
1054, -444, -1498, -305, 1276, -971, -907, -1029, -1390, -956, -566, 68, 
1015, -395, -1410, -309, 1212, -902, -829, -951, -1312, -912, -546, 53, 
917, -409, -1327, -253, 1122, -868, -751, -878, -1220, -868, -531, 34, 
766, -478, -1244, -143, 1005, -861, -668, -819, -1141, -819, -527, -9, 
649, -497, -1146, -75, 897, -822, -590, -741, -1049, -775, -522, -58, 
639, -439, -1078, -100, 858, -758, -517, -639, -936, -707, -512, -78, 
653, -380, -1034, -136, 844, -707, -453, -522, -839, -639, -488, -107, 
585, -400, -985, -92, 785, -692, -390, -444, -746, -590, -497, -151, 
512, -414, -927, -48, 719, -671, -346, -375, -678, -541, -507, -200, 
492, -409, -902, -41, 697, -656, -297, -307, -629, -502, -507, -234, 
458, -395, -854, -31, 656, -624, -248, -239, -585, -468, -497, -239, 
380, -409, -790, 14, 585, -600, -204, -195, -541, -448, -488, -244, 
278, -409, -688, 65, 483, -549, -175, -161, -497, -414, -458, -234, 
200, -400, -600, 100, 400, -500, -131, -122, -448, -370, -429, -224, 
146, -385, -531, 119, 339, -458, -97, -97, -390, -331, -400, -224, 
73, -366, -439, 146, 256, -402, -78, -73, -336, -287, -366, -214, 
19, -326, -346, 153, 183, -336, -53, -48, -273, -253, -341, -190, 
9, -292, -302, 141, 156, -297, -14, -48, -229, -200, -307, -170, 
19, -258, -278, 119, 148, -268, 4, -58, -185, -156, -268, -141, 
-9, -239, -229, 124, 109, -234, 14, -34, -151, -112, -219, -107, 
-58, -209, -151, 134, 46, -180, 24, 0, -112, -78, -180, -73, 
-102, -190, -87, 146, -7, -139, 34, 4, -92, -53, -146, -43, 
-122, -175, -53, 148, -34, -114, 39, 14, -82, -34, -122, -19, 
-146, -151, -4, 148, -70, -78, 48, 58, -63, -14, -97, -4, 
-146, -146, 0, 146, -73, -73, 68, 97, -24, 14, -78, -4, 
-170, -165, 4, 168, -87, -80, 82, 126, 9, 29, -68, 0, 
-204, -185, 19, 195, -112, -82, 87, 146, 43, 39, -63, -9, 
-190, -170, 19, 180, -104, -75, 102, 156, 82, 58, -63, -9, 
-185, -151, 34, 168, -109, -58, 122, 151, 87, 78, -48, -4, 
-209, -146, 63, 178, -136, -41, 122, 146, 87, 82, -39, 4, 
-214, -136, 78, 175, -146, -29, 122, 136, 87, 92, -34, 9, 
-190, -117, 73, 153, -131, -21, 122, 136, 87, 92, -29, 9, 
-200, -117, 82, 158, -141, -17, 122, 141, 82, 82, -19, 24, 
-214, -117, 97, 165, -156, -9, 126, 156, 78, 82, -19, 29, 
-229, -122, 107, 175, -168, -7, 131, 161, 82, 73, -19, 29, 
-239, -126, 112, 183, -175, -7, 131, 170, 87, 73, -19, 34, 
-263, -131, 131, 197, -197, 0, 131, 175, 87, 63, -29, 29, 
-253, -136, 117, 195, -185, -9, 141, 180, 92, 63, -24, 24, 
-239, -117, 122, 178, -180, 2, 146, 175, 102, 78, -24, 24, 
-253, -122, 131, 187, -192, 4, 151, 180, 102, 82, -14, 19, 
-248, -117, 131, 183, -190, 7, 136, 161, 102, 78, -24, 24, 
-244, -117, 126, 180, -185, 4, 136, 156, 97, 82, -24, 24, 
-234, -112, 122, 173, -178, 4, 141, 151, 97, 82, -19, 29, 
-229, -112, 117, 170, -173, 2, 136, 156, 97, 82, -19, 29, 
-253, -122, 131, 187, -192, 4, 141, 151, 102, 68, -19, 14, 
-258, -131, 126, 195, -192, -2, 141, 151, 107, 68, -24, 14, 
-263, -136, 126, 200, -195, -4, 146, 151, 117, 63, -24, 14, 
-273, -141, 131, 207, -202, -4, 146, 141, 107, 63, -24, 4, 
-283, -151, 131, 217, -207, -9, 136, 141, 117, 58, -14, 9, 
-287, -141, 146, 214, -217, 2, 146, 146, 126, 63, -14, 14, 
-302, -136, 165, 219, -234, 14, 146, 161, 126, 68, -14, 19, 
-307, -136, 170, 222, -239, 17, 146, 151, 122, 78, -14, 24, 
-283, -126, 156, 204, -219, 14, 151, 156, 122, 78, -9, 29, 
-278, -122, 156, 200, -217, 17, 151, 170, 122, 73, -4, 34, 
-273, -122, 151, 197, -212, 14, 156, 180, 126, 73, 0, 43, 
-268, -122, 146, 195, -207, 12, 161, 185, 131, 73, 4, 48, 
-263, -117, 146, 190, -204, 14, 151, 180, 141, 73, 4, 34, 
-253, -112, 141, 183, -197, 14, 151, 180, 141, 73, 9, 34, 
-244, -107, 136, 175, -190, 14, 156, 185, 156, 78, 14, 43, 
-239, -102, 136, 170, -187, 17, 156, 185, 156, 78, 14, 43, 
-253, -92, 161, 173, -207, 34, 156, 185, 146, 78, 4, 43, 
-258, -92, 165, 175, -212, 36, 156, 190, 151, 78, 0, 43, 
-263, -102, 161, 183, -212, 29, 161, 200, 156, 82, 0, 39, 
-263, -102, 161, 183, -212, 29, 161, 209, 156, 82, 4, 39, 
-253, -92, 161, 173, -207, 34, 156, 200, 151, 87, 4, 39, 
-244, -82, 161, 163, -202, 39, 156, 200, 161, 82, 4, 39, 
-239, -82, 156, 161, -197, 36, 156, 195, 156, 78, 4, 39, 
-234, -87, 146, 161, -190, 29, 156, 195, 151, 73, 4, 34, 
-253, -102, 151, 178, -202, 24, 161, 185, 156, 82, 4, 34, 
-263, -82, 180, 173, -222, 48, 165, 195, 170, 87, 19, 39, 
-273, -87, 185, 180, -229, 48, 180, 200, 180, 92, 19, 39, 
-292, -102, 190, 197, -241, 43, 185, 204, 185, 92, 19, 39, 
-297, -117, 180, 207, -239, 31, 180, 209, 175, 87, 14, 29, 
-297, -117, 180, 207, -239, 31, 175, 219, 170, 78, 9, 24, 
-287, -117, 170, 202, -229, 26, 170, 219, 170, 73, 4, 24, 
-287, -112, 175, 200, -231, 31, 165, 209, 170, 73, 4, 29, 
-278, -107, 170, 192, -224, 31, 185, 234, 175, 82, 9, 34, 
-278, -97, 180, 187, -229, 41, 185, 234, 185, 87, 14, 39, 
-278, -92, 185, 185, -231, 46, 185, 229, 195, 87, 19, 39, 
-278, -87, 190, 183, -234, 51, 185, 229, 200, 87, 24, 43, 
-283, -78, 204, 180, -244, 63, 175, 239, 200, 87, 19, 43, 
-292, -78, 214, 185, -253, 68, 175, 239, 209, 92, 24, 53, 
-283, -73, 209, 178, -246, 68, 175, 234, 214, 97, 24, 53, 
-283, -73, 209, 178, -246, 68, 170, 234, 219, 97, 24, 43, 
-273, -63, 209, 168, -241, 73, 180, 244, 219, 87, 34, 39, 
-263, -63, 200, 163, -231, 68, 180, 244, 224, 87, 29, 39, 
-273, -68, 204, 170, -239, 68, 180, 248, 229, 87, 29, 39, 
-268, -68, 200, 168, -234, 65, 180, 253, 234, 102, 29, 39, 
-278, -68, 209, 173, -244, 70, 200, 253, 239, 102, 39, 53, 
-273, -58, 214, 165, -244, 78, 209, 258, 244, 107, 43, 58, 
-302, -63, 239, 183, -270, 87, 209, 263, 248, 112, 53, 58, 
-312, -68, 244, 190, -278, 87, 204, 268, 253, 117, 53, 63, 
-302, -73, 229, 187, -265, 78, 204, 283, 258, 122, 63, 58, 
-322, -82, 239, 202, -280, 78, 204, 283, 263, 122, 63, 53, 
-341, -87, 253, 214, -297, 82, 204, 278, 263, 117, 63, 48, 
-356, -87, 268, 222, -312, 90, 204, 268, 263, 117, 63, 43, 
-346, -78, 268, 212, -307, 95, 219, 283, 273, 122, 58, 39, 
-336, -73, 263, 204, -300, 95, 229, 292, 278, 126, 58, 43, 
-341, -68, 273, 204, -307, 102, 234, 287, 287, 126, 58, 43, 
-336, -68, 268, 202, -302, 100, 239, 278, 287, 126, 53, 43, 
-351, -58, 292, 204, -322, 117, 239, 283, 292, 136, 63, 48, 
-356, -43, 312, 200, -334, 134, 244, 278, 307, 141, 68, 53, 
-361, -39, 322, 200, -341, 141, 248, 283, 312, 146, 82, 53, 
-351, -34, 317, 192, -334, 141, 263, 292, 322, 151, 87, 58, 
-366, -34, 331, 200, -348, 148, 258, 297, 322, 141, 78, 58, 
-390, -39, 351, 214, -370, 156, 253, 292, 326, 141, 78, 58, 
-424, -43, 380, 234, -402, 168, 253, 287, 322, 156, 87, 68, 
-429, -48, 380, 239, -405, 165, 248, 283, 317, 161, 87, 73, 
-400, -29, 370, 214, -385, 170, 258, 297, 336, 175, 102, 87, 
-385, -19, 366, 202, -375, 173, 258, 302, 341, 180, 112, 92, 
-385, -14, 370, 200, -378, 178, 263, 307, 346, 190, 117, 107, 
-385, -4, 380, 195, -383, 187, 263, 302, 351, 195, 126, 112, 
-390, -9, 380, 200, -385, 185, 258, 292, 346, 190, 126, 117, 
-390, -14, 375, 202, -383, 180, 258, 292, 341, 190, 126, 112, 
-390, -14, 375, 202, -383, 180, 253, 292, 336, 180, 126, 102, 
-395, -19, 375, 207, -385, 178, 248, 278, 331, 165, 126, 97, 
-409, -24, 385, 217, -397, 180, 234, 268, 331, 156, 122, 92, 
-409, -24, 385, 217, -397, 180, 234, 268, 331, 165, 131, 92, 
-409, -19, 390, 214, -400, 185, 234, 258, 331, 165, 126, 102, 
-419, -24, 395, 222, -407, 185, 229, 244, 326, 165, 117, 102, 
-424, -34, 390, 229, -407, 178, 214, 229, 331, 165, 122, 107, 
-429, -43, 385, 236, -407, 170, 209, 214, 326, 165, 122, 97, 
-409, -24, 385, 217, -397, 180, 209, 229, 326, 165, 122, 107, 
-405, -19, 385, 212, -395, 183, 214, 239, 326, 170, 122, 112, 
-434, -19, 414, 226, -424, 197, 214, 234, 312, 165, 131, 112, 
-439, -19, 419, 229, -429, 200, 209, 219, 307, 156, 131, 112, 
-405, -14, 390, 209, -397, 187, 204, 219, 302, 151, 136, 112, 
-385, 9, 395, 187, -390, 202, 204, 219, 302, 156, 141, 117, 
-405, 4, 409, 200, -407, 207, 214, 219, 292, 156, 141, 126, 
-409, 0, 409, 204, -409, 204, 209, 214, 287, 156, 141, 126, 
-400, -4, 395, 202, -397, 195, 209, 200, 283, 146, 136, 126, 
-405, -9, 395, 207, -400, 192, 209, 195, 283, 146, 136, 131, 
-405, -19, 385, 212, -395, 183, 204, 185, 283, 136, 136, 131, 
-409, -24, 385, 217, -397, 180, 190, 165, 273, 126, 136, 131, 
-409, -24, 385, 217, -397, 180, 185, 165, 268, 126, 141, 136, 
-395, -14, 380, 204, -387, 183, 180, 165, 263, 131, 141, 141, 
-370, 0, 370, 185, -370, 185, 190, 165, 258, 126, 146, 156, 
-366, 0, 366, 183, -366, 183, 190, 151, 253, 126, 146, 156, 
-361, -4, 356, 183, -358, 175, 175, 151, 244, 126, 141, 156, 
-346, 9, 356, 168, -351, 183, 175, 151, 239, 126, 141, 156, 
-346, 14, 361, 165, -353, 187, 170, 151, 248, 122, 141, 141, 
-341, 4, 346, 168, -344, 175, 161, 146, 244, 117, 136, 141, 
-346, -14, 331, 180, -339, 158, 151, 126, 234, 112, 136, 141, 
-336, -24, 312, 180, -324, 143, 151, 122, 219, 102, 136, 141, 
-317, -19, 297, 168, -307, 139, 151, 122, 209, 87, 122, 131, 
-317, -19, 297, 168, -307, 139, 141, 102, 195, 82, 122, 136, 
-317, -24, 292, 170, -305, 134, 131, 92, 185, 82, 122, 136, 
-312, -24, 287, 168, -300, 131, 131, 87, 185, 82, 122, 141, 
-292, -24, 268, 158, -280, 122, 117, 92, 180, 73, 122, 136, 
-278, -19, 258, 148, -268, 119, 112, 82, 170, 68, 122, 136, 
-273, -14, 258, 143, -265, 122, 107, 73, 161, 73, 117, 131, 
-263, -14, 248, 139, -256, 117, 107, 73, 156, 73, 117, 131, 
-263, -24, 239, 143, -251, 107, 102, 73, 156, 68, 107, 131, 
-248, -34, 214, 141, -231, 90, 87, 73, 141, 58, 102, 126, 
-244, -43, 200, 143, -222, 78, 87, 78, 131, 48, 97, 122, 
-248, -48, 200, 148, -224, 75, 87, 78, 131, 43, 97, 122, 
-248, -43, 204, 146, -226, 80, 97, 58, 131, 39, 92, 126, 
-239, -43, 195, 141, -217, 75, 87, 43, 122, 29, 97, 131, 
-229, -53, 175, 141, -202, 61, 82, 39, 112, 14, 97, 136, 
-224, -53, 170, 139, -197, 58, 82, 39, 102, 14, 97, 136, 
-224, -53, 170, 139, -197, 58, 82, 39, 92, 14, 92, 136, 
-224, -58, 165, 141, -195, 53, 82, 43, 87, 14, 92, 136, 
-214, -58, 156, 136, -185, 48, 82, 48, 82, 14, 87, 136, 
-204, -58, 146, 131, -175, 43, 78, 53, 78, 4, 82, 131, 
-195, -53, 141, 124, -168, 43, 73, 48, 78, -9, 82, 126, 
-185, -58, 126, 122, -156, 34, 78, 48, 68, -14, 78, 126, 
-175, -58, 117, 117, -146, 29, 78, 53, 68, -14, 73, 126, 
-161, -48, 112, 104, -136, 31, 82, 53, 58, -14, 73, 126, 
-146, -63, 82, 104, -114, 9, 68, 39, 48, -29, 58, 112, 
-141, -68, 73, 104, -107, 2, 58, 34, 43, -43, 43, 107, 
-141, -87, 53, 114, -97, -17, 53, 29, 29, -48, 29, 87, 
-136, -102, 34, 119, -85, -34, 43, 19, 14, -53, 19, 78, 
-141, -112, 29, 126, -85, -41, 58, 24, 24, -53, 29, 78, 
-136, -102, 34, 119, -85, -34, 58, 29, 14, -58, 29, 78, 
-126, -92, 34, 109, -80, -29, 63, 29, 9, -68, 24, 73, 
-131, -112, 19, 122, -75, -46, 68, 34, 0, -68, 14, 68, 
-146, -122, 24, 134, -85, -48, 73, 39, 9, -82, 19, 78, 
-146, -117, 29, 131, -87, -43, 78, 48, 9, -82, 19, 78, 
-156, -112, 43, 134, -100, -34, 78, 53, 9, -78, 14, 78, 
-165, -131, 34, 148, -100, -48, 82, 58, 4, -78, 14, 73, 
-156, -117, 39, 136, -97, -39, 92, 43, 4, -87, 4, 78, 
-146, -97, 48, 122, -97, -24, 92, 43, 4, -82, 14, 92, 
-146, -97, 48, 122, -97, -24, 92, 39, 4, -82, 4, 87, 
-146, -97, 48, 122, -97, -24, 92, 34, 0, -87, -4, 87, 
-136, -82, 53, 109, -95, -14, 87, 34, 9, -87, 0, 87, 
-131, -82, 48, 107, -90, -17, 87, 39, 9, -87, 4, 87, 
-131, -82, 48, 107, -90, -17, 87, 39, 4, -82, 9, 87, 
-136, -102, 34, 119, -85, -34, 87, 24, 4, -78, 14, 87, 
-146, -107, 39, 126, -92, -34, 73, 29, -4, -92, 4, 82, 
-146, -112, 34, 129, -90, -39, 68, 39, -4, -92, 4, 78, 
-146, -122, 24, 134, -85, -48, 63, 34, -4, -87, 4, 73, 
-156, -141, 14, 148, -85, -63, 53, 29, -4, -92, 0, 58, 
-151, -136, 14, 143, -82, -61, 39, 29, -14, -92, -9, 58, 
-136, -141, -4, 139, -65, -73, 39, 29, -9, -97, -9, 63, 
-156, -146, 9, 151, -82, -68, 34, 29, -9, -92, -9, 63, 
-165, -146, 19, 156, -92, -63, 29, 34, -9, -92, -9, 68, 
-156, -136, 19, 146, -87, -58, 29, 29, -19, -102, -9, 58, 
-156, -136, 19, 146, -87, -58, 29, 24, -9, -102, -9, 58, 
-156, -136, 19, 146, -87, -58, 29, 24, -9, -102, -4, 53, 
-151, -136, 14, 143, -82, -61, 24, 34, -9, -102, -4, 53, 
-126, -122, 4, 124, -65, -58, 24, 39, 4, -92, -4, 58, 
-122, -112, 9, 117, -65, -51, 24, 43, 4, -92, -4, 58, 
-122, -107, 14, 114, -68, -46, 24, 43, 9, -92, 0, 63, 
-126, -102, 24, 114, -75, -39, 24, 39, 9, -92, 4, 68, 
-141, -107, 34, 124, -87, -36, 24, 48, 9, -97, 9, 68, 
-146, -112, 34, 129, -90, -39, 29, 48, 14, -87, 9, 73, 
-151, -117, 34, 134, -92, -41, 39, 53, 14, -87, 9, 73, 
-156, -126, 29, 141, -92, -48, 39, 58, 24, -87, 9, 73, 
-146, -131, 14, 139, -80, -58, 24, 68, 29, -87, 9, 68, 
-146, -131, 14, 139, -80, -58, 19, 68, 24, -82, 9, 68, 
-156, -131, 24, 143, -90, -53, 19, 68, 19, -87, 4, 68, 
-156, -136, 19, 146, -87, -58, 19, 78, 14, -92, 0, 68, 
-161, -126, 34, 143, -97, -46, 24, 82, 29, -92, 9, 78, 
-161, -126, 34, 143, -97, -46, 29, 78, 34, -92, 9, 78, 
-165, -136, 29, 151, -97, -53, 34, 78, 34, -92, 4, 78, 
-180, -146, 34, 163, -107, -56, 39, 78, 34, -92, 4, 68, 
-175, -156, 19, 165, -97, -68, 34, 87, 43, -87, 4, 78, 
-161, -126, 34, 143, -97, -46, 39, 87, 48, -78, 4, 82, 
-156, -117, 39, 136, -97, -39, 34, 92, 53, -78, 14, 82, 
-156, -126, 29, 141, -92, -48, 24, 102, 53, -78, 14, 82, 
-146, -131, 14, 139, -80, -58, 19, 117, 43, -82, 0, 58, 
-122, -131, -9, 126, -56, -70, 19, 122, 48, -87, -4, 48, 
-107, -126, -19, 117, -43, -73, 14, 122, 48, -87, -4, 34, 
-97, -122, -24, 109, -36, -73, 9, 122, 53, -87, 0, 24, 
-117, -131, -14, 124, -51, -73, 19, 126, 63, -73, 9, 48, 
-126, -131, -4, 129, -61, -68, 29, 136, 73, -63, 9, 58, 
-156, -131, 24, 143, -90, -53, 43, 136, 78, -58, 9, 63, 
-175, -141, 34, 158, -104, -53, 53, 136, 82, -58, 9, 73, 
-156, -112, 43, 134, -100, -34, 48, 136, 87, -58, 14, 82, 
-151, -107, 43, 129, -97, -31, 48, 141, 87, -53, 19, 82, 
-146, -112, 34, 129, -90, -39, 43, 141, 78, -53, 19, 78, 
-146, -122, 24, 134, -85, -48, 43, 141, 78, -48, 24, 78, 
-165, -122, 43, 143, -104, -39, 58, 151, 92, -53, 29, 78, 
-175, -126, 48, 151, -112, -39, 63, 151, 92, -53, 39, 82, 
-185, -131, 53, 158, -119, -39, 63, 151, 92, -53, 29, 82, 
-190, -141, 48, 165, -119, -46, 63, 156, 92, -58, 29, 82, 
-180, -126, 53, 153, -117, -36, 82, 170, 107, -53, 39, 87, 
-161, -117, 43, 139, -102, -36, 82, 175, 112, -48, 39, 92, 
-151, -107, 43, 129, -97, -31, 78, 180, 112, -43, 39, 92, 
-151, -102, 48, 126, -100, -26, 73, 180, 112, -29, 39, 97, 
-146, -122, 24, 134, -85, -48, 73, 170, 97, -39, 24, 82, 
-146, -136, 9, 141, -78, -63, 73, 175, 97, -48, 19, 73, 
-141, -131, 9, 136, -75, -61, 73, 175, 92, -58, 14, 63, 
-136, -136, 0, 136, -68, -68, 73, 175, 92, -68, 9, 58, 
-146, -126, 19, 136, -82, -53, 82, 180, 102, -63, 24, 58, 
-156, -131, 24, 143, -90, -53, 87, 185, 102, -58, 24, 58, 
-165, -131, 34, 148, -100, -48, 92, 190, 102, -58, 19, 58, 
-165, -131, 34, 148, -100, -48, 97, 180, 102, -53, 19, 53, 
-170, -141, 29, 156, -100, -56, 107, 161, 102, -53, 29, 58, 
-175, -141, 34, 158, -104, -53, 107, 161, 97, -48, 34, 68, 
-170, -131, 39, 151, -104, -46, 107, 151, 97, -48, 34, 78, 
-170, -131, 39, 151, -104, -46, 97, 136, 97, -48, 34, 82, 
-175, -126, 48, 151, -112, -39, 102, 146, 102, -43, 39, 87, 
-175, -131, 43, 153, -109, -43, 112, 161, 97, -43, 39, 92, 
-190, -131, 58, 161, -124, -36, 117, 170, 97, -39, 39, 92, 
-190, -126, 63, 158, -126, -31, 126, 170, 92, -39, 39, 97, 
-165, -97, 68, 131, -117, -14, 136, 170, 92, -48, 43, 102, 
-156, -82, 73, 119, -114, -4, 136, 170, 102, -48, 43, 102, 
-151, -92, 58, 122, -104, -17, 131, 170, 92, -53, 43, 102, 
-141, -97, 43, 119, -92, -26, 112, 156, 87, -53, 39, 102, 
-112, -92, 19, 102, -65, -36, 97, 165, 78, -68, 34, 82, 
-107, -92, 14, 100, -61, -39, 97, 165, 78, -73, 29, 78, 
-107, -97, 9, 102, -58, -43, 97, 156, 73, -78, 24, 73, 
-102, -97, 4, 100, -53, -46, 92, 151, 73, -82, 19, 73, 
-112, -97, 14, 104, -63, -41, 92, 156, 78, -68, 24, 78, 
-117, -97, 19, 107, -68, -39, 97, 156, 78, -68, 29, 82, 
-126, -107, 19, 117, -73, -43, 102, 156, 78, -73, 29, 82, 
-131, -112, 19, 122, -75, -46, 102, 156, 73, -73, 34, 87, 
-131, -122, 9, 126, -70, -56, 97, 151, 63, -73, 24, 82, 
-131, -131, 0, 131, -65, -65, 92, 146, 63, -78, 24, 78, 
-131, -131, 0, 131, -65, -65, 82, 136, 63, -78, 24, 73, 
-122, -131, -9, 126, -56, -70, 78, 131, 53, -78, 24, 68, 
-131, -131, 0, 131, -65, -65, 73, 131, 39, -82, 14, 58, 
-131, -126, 4, 129, -68, -61, 73, 126, 39, -87, 9, 58, 
-131, -117, 14, 124, -73, -51, 73, 131, 39, -92, 4, 58, 
-136, -117, 19, 126, -78, -48, 73, 136, 39, -92, 4, 63, 
-126, -126, 0, 126, -63, -63, 68, 126, 29, -102, -4, 53, 
-131, -126, 4, 129, -68, -61, 63, 117, 29, -102, -4, 48, 
-131, -131, 0, 131, -65, -65, 53, 97, 24, -107, -9, 48, 
-146, -146, 0, 146, -73, -73, 34, 78, 14, -117, -14, 48, 
-146, -146, 0, 146, -73, -73, 43, 78, 14, -107, -9, 53, 
-146, -141, 4, 143, -75, -68, 43, 82, 19, -97, 0, 58, 
-146, -136, 9, 141, -78, -63, 48, 92, 19, -97, 4, 63, 
-146, -136, 9, 141, -78, -63, 48, 82, 19, -102, 9, 63, 
-136, -122, 14, 129, -75, -53, 58, 92, 24, -97, 14, 82, 
-131, -112, 19, 122, -75, -46, 58, 102, 29, -92, 24, 92, 
-131, -107, 24, 119, -78, -41, 58, 112, 34, -87, 29, 97, 
-131, -112, 19, 122, -75, -46, 58, 126, 34, -87, 29, 107, 
-141, -117, 24, 129, -82, -46, 53, 112, 34, -92, 29, 97, 
-131, -112, 19, 122, -75, -46, 48, 102, 34, -92, 29, 97, 
-131, -117, 14, 124, -73, -51, 39, 82, 29, -92, 24, 97, 
-131, -131, 0, 131, -65, -65, 29, 78, 24, -97, 19, 92, 
-131, -126, 4, 129, -68, -61, 39, 92, 14, -107, 9, 82, 
-131, -122, 9, 126, -70, -56, 43, 97, 14, -112, 14, 82, 
-126, -117, 9, 122, -68, -53, 43, 97, 19, -112, 14, 82, 
-122, -102, 19, 112, -70, -41, 43, 102, 24, -107, 14, 87, 
-87, -102, -14, 95, -36, -58, 39, 102, 24, -102, 4, 78, 
-82, -107, -24, 95, -29, -65, 29, 87, 14, -102, 4, 78, 
-97, -107, -9, 102, -43, -58, 24, 87, 14, -107, 4, 78, 
-97, -102, -4, 100, -46, -53, 19, 87, 14, -107, 4, 78, 
-107, -117, -9, 112, -48, -63, 14, 87, 0, -117, -9, 63, 
-112, -122, -9, 117, -51, -65, 9, 78, -4, -122, -9, 63, 
-112, -126, -14, 119, -48, -70, 4, 68, -9, -126, -9, 63, 
-107, -131, -24, 119, -41, -78, 0, 53, -14, -131, -4, 63, 
-122, -126, -4, 124, -58, -65, 19, 63, -4, -126, 9, 63, 
-131, -126, 4, 129, -68, -61, 24, 68, 0, -122, 14, 68, 
-141, -122, 19, 131, -80, -51, 34, 78, 14, -117, 19, 78, 
-146, -112, 34, 129, -90, -39, 39, 87, 19, -112, 29, 87, 
-151, -117, 34, 134, -92, -41, 39, 82, 19, -102, 39, 102, 
-156, -122, 34, 139, -95, -43, 43, 73, 19, -102, 39, 107, 
-165, -131, 34, 148, -100, -48, 48, 63, 19, -102, 34, 107, 
-170, -136, 34, 153, -102, -51, 48, 58, 9, -102, 34, 112, 
-156, -122, 34, 139, -95, -43, 39, 73, 9, -107, 24, 107, 
-151, -122, 29, 136, -90, -46, 39, 73, 9, -107, 14, 97, 
-161, -131, 29, 146, -95, -51, 39, 68, 4, -112, 14, 92, 
-165, -136, 29, 151, -97, -53, 39, 68, 4, -117, 14, 92, 
-161, -146, 14, 153, -87, -65, 39, 63, 14, -117, 19, 82, 
-156, -146, 9, 151, -82, -68, 39, 58, 14, -117, 24, 82, 
-146, -126, 19, 136, -82, -53, 39, 58, 14, -117, 19, 82, 
-141, -117, 24, 129, -82, -46, 39, 73, 14, -117, 14, 82, 
-136, -117, 19, 126, -78, -48, 39, 82, 14, -117, 4, 82, 
-141, -117, 24, 129, -82, -46, 39, 73, 14, -122, 4, 78, 
-141, -117, 24, 129, -82, -46, 39, 73, 14, -126, 4, 78, 
-136, -117, 19, 126, -78, -48, 39, 73, 14, -126, 4, 73, 
-131, -112, 19, 122, -75, -46, 53, 82, 4, -122, 0, 73, 
-131, -112, 19, 122, -75, -46, 53, 78, 4, -122, 0, 73, 
-131, -117, 14, 124, -73, -51, 53, 73, 4, -126, 0, 68, 
-131, -117, 14, 124, -73, -51, 53, 73, 4, -131, 0, 68, 
-122, -122, 0, 122, -61, -61, 63, 73, 9, -126, 4, 68, 
-136, -136, 0, 136, -68, -68, 53, 73, 9, -126, 9, 63, 
-141, -141, 0, 141, -70, -70, 53, 63, 9, -122, 0, 53, 
-146, -146, 0, 146, -73, -73, 58, 73, 9, -117, 14, 63, 
-141, -126, 14, 134, -78, -56, 63, 68, 9, -122, 4, 68, 
-136, -126, 9, 131, -73, -58, 63, 68, 4, -122, 0, 68, 
-156, -141, 14, 148, -85, -63, 53, 68, 4, -131, 0, 58, 
-151, -141, 9, 146, -80, -65, 53, 68, 4, -122, 4, 58, 
-146, -126, 19, 136, -82, -53, 68, 68, 4, -122, 4, 78, 
-141, -126, 14, 134, -78, -56, 68, 68, 4, -122, 4, 82, 
-141, -122, 19, 131, -80, -51, 58, 58, 4, -126, 4, 78, 
-131, -117, 14, 124, -73, -51, 58, 58, 4, -126, 4, 82, 
-151, -136, 14, 143, -82, -61, 68, 58, 4, -131, 4, 73, 
-165, -165, 0, 165, -82, -82, 68, 58, 4, -141, 0, 68, 
-185, -185, 0, 185, -92, -92, 63, 58, -4, -146, -4, 58, 
-195, -195, 0, 195, -97, -97, 63, 63, -4, -146, -4, 53, 
-180, -170, 9, 175, -95, -80, 68, 73, -4, -136, -14, 68, 
-175, -165, 9, 170, -92, -78, 68, 82, -4, -126, -4, 73, 
-170, -161, 9, 165, -90, -75, 68, 73, -9, -126, -4, 73, 
-175, -165, 9, 170, -92, -78, 68, 63, -14, -131, -9, 68, 
-185, -170, 14, 178, -100, -78, 68, 53, 0, -131, -9, 53, 
-146, -136, 9, 141, -78, -63, 82, 73, 9, -122, 0, 53, 
-78, -87, -9, 82, -34, -48, 87, 97, 19, -117, 9, 68, 
-92, -102, -9, 97, -41, -56, 78, 87, 9, -122, 4, 58, 
-97, -107, -9, 102, -43, -58, 78, 87, 9, -126, 0, 58, 
-102, -112, -9, 107, -46, -61, 78, 87, 9, -131, -4, 58, 
-107, -117, -9, 112, -48, -63, 78, 87, 9, -136, -9, 58, 
-117, -122, -4, 119, -56, -63, 73, 73, 4, -136, -9, 58, 
-126, -126, 0, 126, -63, -63, 68, 68, 0, -136, -9, 58, 
-136, -131, 4, 134, -70, -63, 63, 63, -4, -136, -9, 58, 
-146, -136, 9, 141, -78, -63, 58, 58, -9, -136, -9, 58, 
-141, -131, 9, 136, -75, -61, 58, 68, 0, -136, 0, 58, 
-136, -126, 9, 131, -73, -58, 58, 68, 0, -136, 0, 58, 
-131, -122, 9, 126, -70, -56, 58, 68, 0, -136, 0, 58, 
-126, -117, 9, 122, -68, -53, 58, 68, 0, -136, 0, 58, 
-136, -117, 19, 126, -78, -48, 58, 58, 9, -126, 14, 68, 
-136, -117, 19, 126, -78, -48, 58, 58, 9, -126, 19, 78, 
-136, -117, 19, 126, -78, -48, 58, 58, 9, -126, 24, 87, 
-136, -117, 19, 126, -78, -48, 58, 58, 9, -126, 29, 97, 
-141, -126, 14, 134, -78, -56, 63, 58, 9, -117, 19, 87, 
-146, -126, 19, 136, -82, -53, 68, 58, 9, -117, 19, 87, 
-151, -126, 24, 139, -87, -51, 73, 58, 9, -117, 19, 87, 
-156, -126, 29, 141, -92, -48, 78, 58, 9, -117, 19, 87, 
-146, -126, 19, 136, -82, -53, 68, 58, 0, -122, 9, 87, 
-146, -126, 19, 136, -82, -53, 68, 58, 0, -126, 9, 87, 
-146, -126, 19, 136, -82, -53, 68, 58, 0, -131, 9, 87, 
-146, -126, 19, 136, -82, -53, 68, 58, 0, -136, 9, 87, 
-146, -136, 9, 141, -78, -63, 58, 58, -9, -136, 0, 82, 
-146, -136, 9, 141, -78, -63, 58, 58, -9, -136, 0, 78, 
-146, -136, 9, 141, -78, -63, 58, 58, -9, -136, 0, 73, 
-146, -136, 9, 141, -78, -63, 58, 58, -9, -136, 0, 68, 
-146, -136, 9, 141, -78, -63, 58, 58, 0, -136, 9, 68, 
-146, -136, 9, 141, -78, -63, 58, 58, 0, -136, 9, 68, 
-146, -136, 9, 141, -78, -63, 58, 58, 0, -136, 9, 68, 
-146, -136, 9, 141, -78, -63, 58, 58, 0, -136, 9, 68, 
-156, -146, 9, 151, -82, -68, 48, 58, 0, -136, 0, 73, 
-156, -146, 9, 151, -82, -68, 48, 58, 0, -136, 0, 78, 
-156, -146, 9, 151, -82, -68, 48, 58, 0, -136, 0, 82, 
-156, -146, 9, 151, -82, -68, 48, 58, 0, -136, 0, 87, 
-151, -156, -4, 153, -73, -80, 39, 68, -9, -141, 0, 78, 
-146, -156, -9, 151, -68, -82, 39, 68, -9, -146, 0, 78, 
-141, -156, -14, 148, -63, -85, 39, 68, -9, -151, 0, 78, 
-136, -156, -19, 146, -58, -87, 39, 68, -9, -156, 0, 78, 
-136, -151, -14, 143, -61, -82, 43, 68, 0, -151, 9, 78, 
-136, -146, -9, 141, -63, -78, 48, 68, 0, -146, 9, 78, 
-136, -141, -4, 139, -65, -73, 53, 68, 0, -141, 9, 78, 
-136, -136, 0, 136, -68, -68, 58, 68, 0, -136, 9, 78, 
-136, -126, 9, 131, -73, -58, 68, 68, 9, -136, 9, 87, 
-136, -126, 9, 131, -73, -58, 68, 68, 9, -136, 9, 87, 
-136, -126, 9, 131, -73, -58, 68, 68, 9, -136, 9, 87, 
-136, -126, 9, 131, -73, -58, 68, 68, 9, -136, 9, 87, 
-136, -126, 9, 131, -73, -58, 63, 68, 9, -146, 9, 78, 
-136, -126, 9, 131, -73, -58, 58, 68, 9, -146, 9, 78, 
-136, -126, 9, 131, -73, -58, 53, 68, 9, -146, 9, 78, 
-136, -126, 9, 131, -73, -58, 48, 68, 9, -146, 9, 78, 
-126, -136, -9, 131, -58, -73, 58, 68, 0, -146, 0, 78, 
-126, -136, -9, 131, -58, -73, 58, 68, 0, -146, 0, 78, 
-126, -136, -9, 131, -58, -73, 58, 68, 0, -146, 0, 78, 
-126, -136, -9, 131, -58, -73, 58, 68, 0, -146, 0, 78, 
-122, -126, -4, 124, -58, -65, 48, 68, -9, -146, 0, 68, 
-117, -126, -9, 122, -53, -68, 48, 68, -9, -146, 0, 68, 
-112, -126, -14, 119, -48, -70, 48, 68, -9, -146, 0, 68, 
-107, -126, -19, 117, -43, -73, 48, 68, -9, -146, 0, 68, 
-117, -117, 0, 117, -58, -58, 58, 68, 0, -146, 9, 68, 
-117, -117, 0, 117, -58, -58, 58, 68, 0, -146, 9, 68, 
-117, -117, 0, 117, -58, -58, 58, 68, 0, -146, 9, 68, 
-117, -117, 0, 117, -58, -58, 58, 68, 0, -146, 9, 68, 
-117, -117, 0, 117, -58, -58, 63, 68, 0, -156, 0, 78, 
-117, -117, 0, 117, -58, -58, 68, 68, 0, -156, 0, 78, 
-117, -117, 0, 117, -58, -58, 73, 68, 0, -156, 0, 78, 
-117, -117, 0, 117, -58, -58, 78, 68, 0, -156, 0, 78, 
-112, -122, -9, 117, -51, -65, 73, 68, -9, -165, -9, 63, 
-107, -126, -19, 117, -43, -73, 68, 68, -9, -165, -9, 58, 
-102, -131, -29, 117, -36, -80, 63, 68, -9, -165, -9, 53, 
-97, -136, -39, 117, -29, -87, 58, 68, -9, -165, -9, 48, 
-102, -136, -34, 119, -34, -85, 63, 58, -9, -156, -9, 58, 
-107, -136, -29, 122, -39, -82, 68, 58, -9, -156, -9, 58, 
-112, -136, -24, 124, -43, -80, 73, 58, -9, -156, -9, 58, 
-117, -136, -19, 126, -48, -78, 78, 58, -9, -156, -9, 58, 
-131, -141, -9, 136, -61, -75, 78, 48, -9, -146, 0, 68, 
-146, -146, 0, 146, -73, -73, 78, 48, -9, -146, 0, 68, 
-161, -151, 9, 156, -85, -70, 78, 48, -9, -146, 0, 68, 
-175, -156, 19, 165, -97, -68, 78, 48, -9, -146, 0, 68, 
-156, -141, 14, 148, -85, -63, 73, 63, 0, -146, 9, 78, 
-146, -136, 9, 141, -78, -63, 68, 68, 0, -146, 9, 78, 
-136, -131, 4, 134, -70, -63, 63, 73, 0, -146, 9, 78, 
-126, -126, 0, 126, -63, -63, 58, 78, 0, -146, 9, 78, 
-131, -136, -4, 134, -63, -70, 63, 73, -9, -151, 0, 68, 
-136, -136, 0, 136, -68, -68, 68, 68, -9, -156, 0, 68, 
-141, -136, 4, 139, -73, -65, 73, 63, -9, -161, 0, 68, 
-146, -136, 9, 141, -78, -63, 78, 58, -9, -165, 0, 68, 
-161, -151, 9, 156, -85, -70, 68, 58, -9, -156, 0, 68, 
-165, -156, 9, 161, -87, -73, 68, 58, -9, -156, 0, 68, 
-170, -161, 9, 165, -90, -75, 68, 58, -9, -156, 0, 68, 
-175, -165, 9, 170, -92, -78, 68, 58, -9, -156, 0, 68, 
-165, -156, 9, 161, -87, -73, 63, 58, -9, -161, -9, 68, 
-156, -156, 0, 156, -78, -78, 58, 58, -9, -165, -9, 68, 
-146, -156, -9, 151, -68, -82, 53, 58, -9, -170, -9, 68, 
-136, -156, -19, 146, -58, -87, 48, 58, -9, -175, -9, 68, 
-136, -151, -14, 143, -61, -82, 48, 58, -9, -175, -9, 63, 
-136, -146, -9, 141, -63, -78, 48, 58, -9, -175, -9, 58, 
-136, -141, -4, 139, -65, -73, 48, 58, -9, -175, -9, 53, 
-136, -136, 0, 136, -68, -68, 48, 58, -9, -175, -9, 48, 
-131, -126, 4, 129, -68, -61, 39, 48, 0, -170, 0, 63, 
-126, -126, 0, 126, -63, -63, 39, 48, 0, -165, 0, 68, 
-122, -126, -4, 124, -58, -65, 39, 48, 0, -161, 0, 73, 
-117, -126, -9, 122, -53, -68, 39, 48, 0, -156, 0, 78, 
-131, -131, 0, 131, -65, -65, 48, 58, 0, -165, 0, 78, 
-136, -136, 0, 136, -68, -68, 48, 58, 0, -165, 0, 78, 
-141, -141, 0, 141, -70, -70, 48, 58, 0, -165, 0, 78, 
-146, -146, 0, 146, -73, -73, 48, 58, 0, -165, 0, 78, 
-141, -136, 4, 139, -73, -65, 48, 53, -4, -175, -9, 73, 
-136, -136, 0, 136, -68, -68, 48, 48, -9, -175, -9, 68, 
-131, -136, -4, 134, -63, -70, 48, 43, -14, -175, -9, 63, 
-126, -136, -9, 131, -58, -73, 48, 39, -19, -175, -9, 58, 
-126, -141, -14, 134, -56, -78, 43, 39, -19, -175, -9, 68, 
-126, -146, -19, 136, -53, -82, 39, 39, -19, -175, -9, 68, 
-126, -151, -24, 139, -51, -87, 34, 39, -19, -175, -9, 68, 
-126, -156, -29, 141, -48, -92, 29, 39, -19, -175, -9, 68, 
-131, -151, -19, 141, -56, -85, 43, 43, -14, -170, -4, 73, 
-136, -146, -9, 141, -63, -78, 48, 48, -9, -165, 0, 78, 
-141, -141, 0, 141, -70, -70, 53, 53, -4, -161, 4, 82, 
-146, -136, 9, 141, -78, -63, 58, 58, 0, -156, 9, 87, 
-156, -136, 19, 146, -87, -58, 53, 48, -9, -156, 9, 78, 
-156, -136, 19, 146, -87, -58, 48, 48, -9, -156, 9, 78, 
-156, -136, 19, 146, -87, -58, 43, 48, -9, -156, 9, 78, 
-156, -136, 19, 146, -87, -58, 39, 48, -9, -156, 9, 78, 
-141, -122, 19, 131, -80, -51, 39, 58, 0, -156, 9, 78, 
-136, -117, 19, 126, -78, -48, 39, 58, 0, -156, 9, 78, 
-131, -112, 19, 122, -75, -46, 39, 58, 0, -156, 9, 78, 
-126, -107, 19, 117, -73, -43, 39, 58, 0, -156, 9, 78, 
-136, -112, 24, 124, -80, -43, 29, 48, -9, -156, 9, 68, 
-136, -117, 19, 126, -78, -48, 29, 48, -9, -156, 9, 68, 
-136, -122, 14, 129, -75, -53, 29, 48, -9, -156, 9, 68, 
-136, -126, 9, 131, -73, -58, 29, 48, -9, -156, 9, 68, 
-136, -117, 19, 126, -78, -48, 19, 53, -9, -146, 19, 78, 
-136, -117, 19, 126, -78, -48, 19, 58, -9, -146, 19, 78, 
-136, -117, 19, 126, -78, -48, 19, 63, -9, -146, 19, 78, 
-136, -117, 19, 126, -78, -48, 19, 68, -9, -146, 19, 78, 
-126, -117, 9, 122, -68, -53, 19, 53, 0, -146, 19, 78, 
-126, -117, 9, 122, -68, -53, 19, 48, 0, -146, 19, 78, 
-126, -117, 9, 122, -68, -53, 19, 43, 0, -146, 19, 78, 
-126, -117, 9, 122, -68, -53, 19, 39, 0, -146, 19, 78, 
-122, -112, 9, 117, -65, -51, 29, 43, -9, -141, 9, 68, 
-117, -107, 9, 112, -63, -48, 29, 48, -9, -136, 9, 68, 
-112, -102, 9, 107, -61, -46, 29, 53, -9, -131, 9, 68, 
-107, -97, 9, 102, -58, -43, 29, 58, -9, -126, 9, 68, 
-112, -102, 9, 107, -61, -46, 29, 58, -9, -136, 9, 58, 
-117, -107, 9, 112, -63, -48, 29, 58, -9, -146, 9, 58, 
-122, -112, 9, 117, -65, -51, 29, 58, -9, -156, 9, 58, 
-126, -117, 9, 122, -68, -53, 29, 58, -9, -165, 9, 58, 
-131, -131, 0, 131, -65, -65, 39, 48, -9, -180, 4, 48, 
-136, -146, -9, 141, -63, -78, 39, 48, -9, -185, 0, 48, 
-141, -161, -19, 151, -61, -90, 39, 48, -9, -190, -4, 48, 
-146, -175, -29, 161, -58, -102, 39, 48, -9, -195, -9, 48, 
-136, -165, -29, 151, -53, -97, 39, 53, -9, -185, -9, 53, 
-126, -156, -29, 141, -48, -92, 39, 58, -9, -185, -9, 58, 
-117, -146, -29, 131, -43, -87, 39, 63, -9, -185, -9, 63, 
-107, -136, -29, 122, -39, -82, 39, 68, -9, -185, -9, 68, 
-117, -146, -29, 131, -43, -87, 43, 58, -9, -175, 0, 58, 
-117, -146, -29, 131, -43, -87, 48, 58, -9, -175, 0, 58, 
-117, -146, -29, 131, -43, -87, 53, 58, -9, -175, 0, 58, 
-117, -146, -29, 131, -43, -87, 58, 58, -9, -175, 0, 58, 
-122, -136, -14, 129, -53, -75, 58, 58, -9, -175, 0, 63, 
-126, -136, -9, 131, -58, -73, 58, 58, -9, -175, 0, 68, 
-131, -136, -4, 134, -63, -70, 58, 58, -9, -175, 0, 73, 
-136, -136, 0, 136, -68, -68, 58, 58, -9, -175, 0, 78, 
-131, -126, 4, 129, -68, -61, 48, 58, -9, -175, 9, 68, 
-126, -126, 0, 126, -63, -63, 48, 58, -9, -175, 9, 68, 
-122, -126, -4, 124, -58, -65, 48, 58, -9, -175, 9, 68, 
-117, -126, -9, 122, -53, -68, 48, 58, -9, -175, 9, 68, 
-131, -141, -9, 136, -61, -75, 39, 43, -9, -185, 4, 58, 
-136, -146, -9, 141, -63, -78, 39, 39, -9, -185, 0, 58, 
-141, -151, -9, 146, -65, -80, 39, 34, -9, -185, -4, 58, 
-146, -156, -9, 151, -68, -82, 39, 29, -9, -185, -9, 58, 
-131, -146, -14, 139, -58, -80, 29, 43, -9, -175, -4, 68, 
-126, -136, -9, 131, -58, -73, 29, 48, -9, -175, 0, 68, 
-122, -126, -4, 124, -58, -65, 29, 53, -9, -175, 4, 68, 
-117, -117, 0, 117, -58, -58, 29, 58, -9, -175, 9, 68, 
-117, -122, -4, 119, -56, -63, 29, 48, -19, -175, 0, 63, 
-117, -126, -9, 122, -53, -68, 29, 48, -19, -175, 0, 58, 
-117, -131, -14, 124, -51, -73, 29, 48, -19, -175, 0, 53, 
-117, -136, -19, 126, -48, -78, 29, 48, -19, -175, 0, 48, 
-102, -146, -43, 124, -29, -95, 29, 58, -19, -175, -4, 58, 
-97, -146, -48, 122, -24, -97, 29, 58, -19, -175, -9, 58, 
-92, -146, -53, 119, -19, -100, 29, 58, -19, -175, -14, 58, 
-87, -146, -58, 117, -14, -102, 29, 58, -19, -175, -19, 58, 
-97, -156, -58, 126, -19, -107, 19, 68, -19, -185, -9, 48, 
-107, -156, -48, 131, -29, -102, 19, 68, -19, -185, -9, 48, 
-117, -156, -39, 136, -39, -97, 19, 68, -19, -185, -9, 48, 
-126, -156, -29, 141, -48, -92, 19, 68, -19, -185, -9, 48, 
-122, -141, -19, 131, -51, -80, 29, 68, -9, -185, -9, 53, 
-117, -136, -19, 126, -48, -78, 39, 68, -9, -185, -9, 58, 
-112, -131, -19, 122, -46, -75, 48, 68, -9, -185, -9, 63, 
-107, -126, -19, 117, -43, -73, 58, 68, -9, -185, -9, 68, 
-102, -136, -34, 119, -34, -85, 48, 78, -9, -185, -9, 58, 
-97, -136, -39, 117, -29, -87, 48, 78, -9, -185, -9, 58, 
-92, -136, -43, 114, -24, -90, 48, 78, -9, -185, -9, 58, 
-87, -136, -48, 112, -19, -92, 48, 78, -9, -185, -9, 58, 
-102, -146, -43, 124, -29, -95, 58, 73, -19, -195, -9, 58, 
-107, -146, -39, 126, -34, -92, 58, 68, -19, -195, -9, 58, 
-112, -146, -34, 129, -39, -90, 58, 63, -19, -195, -9, 58, 
-117, -146, -29, 131, -43, -87, 58, 58, -19, -195, -9, 58, 
-102, -136, -34, 119, -34, -85, 58, 48, -19, -204, -19, 58, 
-97, -136, -39, 117, -29, -87, 58, 48, -19, -204, -19, 58, 
-92, -136, -43, 114, -24, -90, 58, 48, -19, -204, -19, 58, 
-87, -136, -48, 112, -19, -92, 58, 48, -19, -204, -19, 58, 
-97, -146, -48, 122, -24, -97, 68, 58, -9, -195, -14, 68, 
-107, -146, -39, 126, -34, -92, 68, 68, -9, -195, -9, 68, 
-117, -146, -29, 131, -43, -87, 68, 78, -9, -195, -4, 68, 
-126, -146, -19, 136, -53, -82, 68, 87, -9, -195, 0, 68, 
-122, -156, -34, 139, -43, -95, 63, 68, -24, -195, -9, 63, 
-117, -156, -39, 136, -39, -97, 58, 58, -29, -195, -9, 58, 
-112, -156, -43, 134, -34, -100, 53, 48, -34, -195, -9, 53, 
-107, -156, -48, 131, -29, -102, 48, 39, -39, -195, -9, 48, 
-122, -151, -29, 136, -46, -90, 48, 29, -34, -185, 0, 58, 
-126, -146, -19, 136, -53, -82, 48, 29, -29, -175, 0, 58, 
-131, -141, -9, 136, -61, -75, 48, 29, -24, -165, 0, 58, 
-136, -136, 0, 136, -68, -68, 48, 29, -19, -156, 0, 58, 
-131, -141, -9, 136, -61, -75, 48, 39, -19, -170, -9, 48, 
-126, -146, -19, 136, -53, -82, 48, 48, -19, -175, -9, 48, 
-122, -151, -29, 136, -46, -90, 48, 58, -19, -180, -9, 48, 
-117, -156, -39, 136, -39, -97, 48, 68, -19, -185, -9, 48, 
-126, -170, -43, 148, -41, -107, 48, 58, -24, -195, -14, 39, 
-136, -175, -39, 156, -48, -107, 48, 48, -29, -204, -19, 39, 
-146, -180, -34, 163, -56, -107, 48, 39, -34, -214, -24, 39, 
-156, -185, -29, 170, -63, -107, 48, 29, -39, -224, -29, 39, 
-141, -175, -34, 158, -53, -104, 53, 43, -34, -209, -24, 43, 
-126, -165, -39, 146, -43, -102, 58, 48, -29, -204, -19, 48, 
-112, -156, -43, 134, -34, -100, 63, 53, -24, -200, -14, 53, 
-97, -146, -48, 122, -24, -97, 68, 58, -19, -195, -9, 58, 
-87, -136, -48, 112, -19, -92, 68, 58, -19, -185, -9, 48, 
-87, -136, -48, 112, -19, -92, 68, 58, -19, -185, -9, 48, 
-87, -136, -48, 112, -19, -92, 68, 58, -19, -185, -9, 48, 
-87, -136, -48, 112, -19, -92, 68, 58, -19, -185, -9, 48, 
-87, -146, -58, 117, -14, -102, 68, 58, -19, -190, -19, 48, 
-87, -146, -58, 117, -14, -102, 68, 58, -19, -195, -19, 48, 
-87, -146, -58, 117, -14, -102, 68, 58, -19, -200, -19, 48, 
-87, -146, -58, 117, -14, -102, 68, 58, -19, -204, -19, 48, 
-102, -165, -63, 134, -19, -114, 58, 48, -29, -204, -19, 39, 
-107, -175, -68, 141, -19, -122, 58, 48, -29, -204, -19, 39, 
-112, -185, -73, 148, -19, -129, 58, 48, -29, -204, -19, 39, 
-117, -195, -78, 156, -19, -136, 58, 48, -29, -204, -19, 39, 
-97, -175, -78, 136, -9, -126, 68, 63, -24, -200, -19, 48, 
-87, -156, -68, 122, -9, -112, 68, 68, -19, -195, -19, 48, 
-78, -136, -58, 107, -9, -97, 68, 73, -14, -190, -19, 48, 
-68, -117, -48, 92, -9, -82, 68, 78, -9, -185, -19, 48, 
-82, -131, -48, 107, -17, -90, 68, 63, -9, -185, -9, 39, 
-87, -136, -48, 112, -19, -92, 68, 58, -9, -185, -9, 39, 
-92, -141, -48, 117, -21, -95, 68, 53, -9, -185, -9, 39, 
-92, -136, -43, 114, -24, -90, 68, 48, -14, -185, -9, 39, 
-82, -122, -39, 102, -21, -80, 58, 53, -4, -195, -9, 43, 
-82, -117, -34, 100, -24, -75, 58, 63, 0, -195, -9, 48, 
-82, -117, -34, 100, -24, -75, 58, 68, 0, -195, -9, 53, 
-82, -112, -29, 97, -26, -70, 58, 73, 0, -195, -9, 58, 
-92, -122, -29, 107, -31, -75, 48, 53, -4, -200, -19, 53, 
-92, -126, -34, 109, -29, -80, 39, 48, -14, -204, -24, 48, 
-92, -126, -34, 109, -29, -80, 29, 34, -19, -209, -24, 43, 
-92, -131, -39, 112, -26, -85, 14, 24, -24, -214, -24, 39, 
-102, -122, -19, 112, -41, -70, 4, 34, -14, -204, -19, 48, 
-87, -117, -29, 102, -29, -73, 9, 43, -14, -190, -14, 48, 
-82, -117, -34, 100, -24, -75, 14, 43, -14, -180, -9, 48, 
-82, -117, -34, 100, -24, -75, 14, 43, -14, -170, -4, 48, 
-68, -112, -43, 90, -12, -78, 9, 43, -14, -180, -9, 34, 
-53, -107, -53, 80, 0, -80, 4, 48, -14, -180, -14, 39, 
-48, -107, -58, 78, 4, -82, -4, 48, -14, -195, -19, 24, 
-58, -102, -43, 80, -7, -73, -9, 34, -14, -195, -24, 19, 
-73, -117, -43, 95, -14, -80, 0, 34, -14, -180, -14, 29, 
-82, -122, -39, 102, -21, -80, 14, 43, -14, -180, -14, 39, 
-87, -131, -43, 109, -21, -87, 24, 48, -14, -180, -14, 48, 
-97, -141, -43, 119, -26, -92, 34, 48, -14, -185, -14, 58, 
-102, -141, -39, 122, -31, -90, 24, 43, -24, -180, -9, 63, 
-97, -131, -34, 114, -31, -82, 24, 58, -24, -175, -4, 63, 
-92, -131, -39, 112, -26, -85, 24, 43, -29, -170, 0, 63, 
-112, -141, -29, 126, -41, -85, 24, 29, -29, -165, 4, 63, 
-122, -141, -19, 131, -51, -80, 24, 43, -24, -175, -4, 53, 
-102, -131, -29, 117, -36, -80, 24, 43, -19, -175, -4, 53, 
-97, -131, -34, 114, -31, -82, 24, 48, -14, -170, -4, 53, 
-92, -131, -39, 112, -26, -85, 24, 58, -9, -170, -4, 53, 
-82, -126, -43, 104, -19, -85, 14, 53, -14, -200, -9, 39, 
-78, -126, -48, 102, -14, -87, 14, 53, -24, -214, -19, 34, 
-68, -126, -58, 97, -4, -92, 14, 53, -29, -219, -24, 34, 
-53, -126, -73, 90, 9, -100, 14, 53, -29, -214, -29, 39, 
-73, -131, -58, 102, -7, -95, 29, 53, -19, -200, -14, 43, 
-87, -136, -48, 112, -19, -92, 34, 53, -19, -200, -14, 48, 
-97, -146, -48, 122, -24, -97, 39, 53, -19, -200, -14, 48, 
-92, -151, -58, 122, -17, -104, 43, 53, -19, -204, -24, 53, 
-78, -146, -68, 112, -4, -107, 29, 43, -9, -200, -14, 43, 
-78, -146, -68, 112, -4, -107, 29, 43, -9, -195, -9, 48, 
-82, -141, -58, 112, -12, -100, 34, 43, -9, -190, -9, 48, 
-68, -141, -73, 104, 2, -107, 34, 39, -14, -195, -14, 48, 
-58, -146, -87, 102, 14, -117, 43, 39, -19, -214, -24, 39, 
-63, -146, -82, 104, 9, -114, 43, 48, -19, -219, -24, 39, 
-63, -146, -82, 104, 9, -114, 43, 48, -24, -224, -19, 39, 
-53, -146, -92, 100, 19, -119, 43, 48, -34, -234, -19, 39, 
-68, -161, -92, 114, 12, -126, 43, 53, -39, -219, -24, 29, 
-68, -165, -97, 117, 14, -131, 43, 48, -39, -214, -24, 29, 
-68, -165, -97, 117, 14, -131, 43, 48, -39, -204, -24, 29, 
-68, -170, -102, 119, 17, -136, 39, 48, -39, -195, -19, 29, 
-82, -161, -78, 122, -2, -119, 43, 39, -39, -204, -19, 34, 
-92, -161, -68, 126, -12, -114, 48, 39, -39, -209, -19, 39, 
-92, -161, -68, 126, -12, -114, 53, 39, -34, -209, -19, 48, 
-102, -156, -53, 129, -24, -104, 63, 34, -34, -209, -14, 53, 
-82, -141, -58, 112, -12, -100, 53, 39, -34, -204, -24, 48, 
-63, -141, -78, 102, 7, -109, 53, 48, -34, -204, -29, 39, 
-53, -146, -92, 100, 19, -119, 53, 58, -34, -204, -29, 34, 
-48, -146, -97, 97, 24, -122, 53, 63, -34, -204, -29, 29, 
-48, -165, -117, 107, 34, -141, 43, 73, -24, -195, -34, 24, 
-39, -156, -117, 97, 39, -136, 48, 73, -24, -195, -39, 24, 
-29, -146, -117, 87, 43, -131, 48, 78, -24, -190, -43, 29, 
-29, -146, -117, 87, 43, -131, 48, 78, -24, -190, -48, 29, 
-53, -161, -107, 107, 26, -134, 53, 78, -34, -204, -43, 39, 
-68, -165, -97, 117, 14, -131, 53, 73, -34, -209, -39, 39, 
-87, -170, -82, 129, -2, -126, 53, 73, -34, -214, -34, 39, 
-107, -180, -73, 143, -17, -126, 53, 68, -34, -219, -34, 29, 
-92, -175, -82, 134, -4, -129, 39, 63, -34, -219, -34, 29, 
-82, -170, -87, 126, 2, -129, 34, 58, -34, -214, -34, 34, 
-78, -165, -87, 122, 4, -126, 29, 53, -34, -209, -34, 34, 
-73, -165, -92, 119, 9, -129, 24, 53, -34, -209, -34, 34, 
-63, -156, -92, 109, 14, -124, 24, 53, -24, -209, -24, 24, 
-82, -146, -63, 114, -9, -104, 34, 73, -14, -200, -19, 34, 
-82, -122, -39, 102, -21, -80, 34, 92, -4, -200, -19, 43, 
-78, -122, -43, 100, -17, -82, 43, 102, -4, -200, -19, 48, 
-92, -141, -48, 117, -21, -95, 48, 92, 9, -204, -9, 34, 
-87, -136, -48, 112, -19, -92, 43, 58, 14, -200, -14, 34, 
-122, -156, -34, 139, -43, -95, 48, 53, 24, -190, -24, 34, 
-156, -161, -4, 158, -75, -82, 73, 131, 58, -156, -14, 43, 
-161, -141, 19, 151, -90, -61, 102, 229, 97, -131, 0, 43, 
-165, -131, 34, 148, -100, -48, 122, 253, 112, -117, -4, 24, 
-195, -141, 53, 168, -124, -43, 151, 278, 170, -73, 9, 19, 
-190, -82, 107, 136, -148, 12, 204, 312, 268, 9, 68, 58, 
-170, -19, 151, 95, -161, 65, 234, 317, 331, 102, 126, 92, 
-170, -9, 161, 90, -165, 75, 214, 307, 361, 180, 170, 97, 
-175, -19, 156, 97, -165, 68, 180, 307, 370, 258, 229, 122, 
-126, -9, 117, 68, -122, 53, 122, 234, 351, 312, 302, 165, 
-39, 29, 68, 4, -53, 48, 43, 43, 263, 366, 380, 224, 
73, 63, -9, -68, 41, 26, -24, -112, 170, 409, 473, 292, 
165, 112, -53, -139, 109, 29, -97, -244, 34, 419, 556, 375, 
253, 136, -117, -195, 185, 9, -224, -517, -136, 385, 605, 444, 
292, 141, -151, -217, 222, -4, -375, -907, -317, 312, 634, 492, 
283, 161, -122, -222, 202, 19, -478, -1263, -512, 209, 629, 527, 
312, 161, -151, -236, 231, 4, -600, -1595, -771, 82, 614, 575, 
356, 146, -209, -251, 283, -31, -741, -1937, -1044, -63, 585, 595, 
419, 141, -278, -280, 348, -68, -883, -2220, -1283, -244, 531, 595, 
478, 112, -366, -295, 422, -126, -995, -2444, -1498, -468, 405, 561, 
536, 24, -512, -280, 524, -244, -1093, -2591, -1693, -732, 234, 512, 
624, -82, -707, -270, 666, -395, -1180, -2635, -1883, -1005, 58, 448, 
702, -185, -888, -258, 795, -536, -1263, -2620, -2059, -1249, -107, 375, 
785, -283, -1068, -251, 927, -675, -1332, -2586, -2152, -1400, -248, 317, 
936, -331, -1268, -302, 1102, -800, -1376, -2469, -2147, -1444, -312, 297, 
1039, -356, -1395, -341, 1217, -875, -1415, -2327, -2108, -1454, -366, 273, 
1058, -385, -1444, -336, 1251, -915, -1424, -2181, -2064, -1473, -414, 234, 
1088, -400, -1488, -344, 1288, -944, -1376, -2049, -2000, -1473, -453, 200, 
1171, -414, -1586, -378, 1378, -1000, -1342, -1878, -1947, -1454, -473, 180, 
1244, -405, -1649, -419, 1446, -1027, -1332, -1727, -1878, -1449, -497, 156, 
1234, -414, -1649, -409, 1442, -1032, -1293, -1615, -1795, -1434, -517, 126, 
1224, -419, -1644, -402, 1434, -1032, -1229, -1512, -1703, -1400, -531, 107, 
1244, -419, -1664, -412, 1454, -1041, -1180, -1410, -1620, -1371, -546, 97, 
1239, -434, -1673, -402, 1456, -1054, -1146, -1332, -1551, -1361, -575, 53, 
1190, -468, -1659, -361, 1424, -1063, -1093, -1254, -1488, -1327, -605, 9, 
1141, -478, -1620, -331, 1381, -1049, -1015, -1156, -1429, -1283, -605, -19, 
1102, -473, -1576, -314, 1339, -1024, -946, -1088, -1381, -1259, -614, -58, 
1034, -483, -1517, -275, 1276, -1000, -878, -1019, -1312, -1244, -624, -92, 
936, -497, -1434, -219, 1185, -966, -790, -927, -1220, -1200, -610, -112, 
844, -497, -1342, -173, 1093, -919, -688, -819, -1132, -1151, -595, -126, 
756, -507, -1263, -124, 1010, -885, -600, -722, -1039, -1107, -590, -146, 
668, -527, -1195, -70, 932, -861, -507, -610, -946, -1058, -590, -165, 
595, -527, -1122, -34, 858, -824, -444, -512, -858, -1029, -585, -195, 
556, -517, -1073, -19, 814, -795, -390, -424, -775, -971, -575, -219, 
522, -512, -1034, -4, 778, -773, -336, -356, -707, -902, -566, -239, 
512, -507, -1019, -2, 766, -763, -307, -307, -658, -854, -556, -253, 
497, -492, -990, -2, 744, -741, -287, -268, -624, -810, -546, -278, 
400, -488, -888, 43, 644, -688, -253, -224, -590, -761, -517, -292, 
297, -478, -775, 90, 536, -627, -204, -209, -546, -717, -478, -283, 
248, -448, -697, 100, 473, -573, -151, -200, -497, -692, -439, -263, 
204, -414, -619, 104, 412, -517, -87, -136, -439, -673, -409, -244, 
131, -395, -527, 131, 329, -461, -39, -73, -375, -639, -385, -224, 
87, -375, -463, 143, 275, -419, -14, -48, -322, -595, -351, -200, 
87, -331, -419, 122, 253, -375, -24, -29, -258, -522, -317, -161, 
87, -297, -385, 104, 236, -341, -34, -29, -224, -468, -278, -122, 
58, -278, -336, 109, 197, -307, -4, -43, -200, -424, -248, -107, 
9, -268, -278, 129, 143, -273, 24, -29, -180, -390, -229, -102, 
-24, -268, -244, 146, 109, -256, 43, 14, -151, -356, -185, -73, 
-34, -244, -209, 139, 87, -226, 48, 53, -131, -336, -151, -58, 
-39, -200, -161, 119, 61, -180, 58, 87, -102, -317, -126, -53, 
-58, -195, -136, 126, 39, -165, 78, 136, -63, -297, -117, -53, 
-43, -195, -151, 119, 53, -173, 73, 165, -39, -283, -117, -58, 
-29, -185, -156, 107, 63, -170, 68, 185, -14, -273, -122, -68, 
-122, -190, -68, 156, -26, -129, 92, 185, 14, -234, -102, -39, 
-141, -200, -58, 170, -41, -129, 112, 190, 29, -214, -92, -29, 
-180, -204, -24, 192, -78, -114, 122, 185, 29, -200, -78, -14, 
-200, -204, -4, 202, -97, -104, 131, 175, 29, -180, -68, -4, 
-190, -195, -4, 192, -92, -100, 141, 175, 29, -170, -58, 0, 
-175, -195, -19, 185, -78, -107, 136, 170, 24, -175, -68, -4, 
-185, -195, -9, 190, -87, -102, 136, 185, 19, -180, -68, -9, 
-195, -200, -4, 197, -95, -102, 136, 190, 24, -195, -68, -19, 
-200, -204, -4, 202, -97, -104, 131, 200, 29, -200, -68, -24, 
-200, -190, 9, 195, -104, -90, 136, 209, 43, -195, -58, -14, 
-175, -185, -9, 180, -82, -97, 151, 209, 53, -190, -53, -14, 
-146, -156, -9, 151, -68, -82, 161, 200, 68, -170, -53, -9, 
-146, -151, -4, 148, -70, -78, 170, 200, 73, -161, -43, -9, 
-161, -165, -4, 163, -78, -85, 165, 204, 82, -165, -53, -14, 
-165, -165, 0, 165, -82, -82, 165, 204, 78, -161, -53, -14, 
-165, -161, 4, 163, -85, -78, 170, 204, 78, -161, -48, -9, 
-170, -161, 9, 165, -90, -75, 165, 214, 78, -161, -48, -9, 
-165, -175, -9, 170, -78, -92, 151, 204, 68, -165, -53, -19, 
-161, -180, -19, 170, -70, -100, 141, 200, 68, -165, -63, -24, 
-156, -180, -24, 168, -65, -102, 136, 195, 73, -170, -68, -29, 
-156, -180, -24, 168, -65, -102, 126, 180, 58, -170, -73, -43, 
-170, -190, -19, 180, -75, -104, 126, 180, 68, -175, -63, -34, 
-170, -180, -9, 175, -80, -95, 136, 185, 78, -170, -63, -34, 
-180, -175, 4, 178, -92, -85, 136, 200, 78, -165, -63, -34, 
-180, -175, 4, 178, -92, -85, 136, 190, 73, -156, -63, -34, 
-161, -161, 0, 161, -80, -80, 131, 195, 78, -151, -48, -24, 
-161, -151, 9, 156, -85, -70, 131, 209, 82, -151, -43, -14, 
-161, -146, 14, 153, -87, -65, 136, 219, 92, -146, -39, 0, 
-161, -141, 19, 151, -90, -61, 141, 224, 102, -141, -34, 9, 
-165, -141, 24, 153, -95, -58, 151, 219, 102, -146, -43, 4, 
-165, -141, 24, 153, -95, -58, 151, 219, 102, -151, -39, 4, 
-165, -141, 24, 153, -95, -58, 156, 224, 117, -151, -34, 14, 
-170, -141, 29, 156, -100, -56, 156, 224, 117, -156, -34, 14, 
-180, -151, 29, 165, -104, -61, 151, 214, 117, -141, -34, 14, 
-190, -151, 39, 170, -114, -56, 146, 209, 122, -136, -39, 14, 
-200, -161, 39, 180, -119, -61, 146, 209, 126, -126, -39, 9, 
-204, -161, 43, 183, -124, -58, 141, 209, 126, -122, -34, 9, 
-190, -170, 19, 180, -104, -75, 141, 209, 112, -122, -43, -4, 
-185, -161, 24, 173, -104, -68, 136, 209, 122, -122, -43, -9, 
-185, -161, 24, 173, -104, -68, 131, 204, 117, -122, -43, -14, 
-185, -165, 19, 175, -102, -73, 126, 204, 112, -122, -43, -24, 
-190, -156, 34, 173, -112, -61, 141, 195, 112, -102, -34, -14, 
-195, -131, 63, 163, -129, -34, 146, 204, 122, -97, -19, -9, 
-200, -131, 68, 165, -134, -31, 161, 209, 126, -92, -19, -9, 
-214, -141, 73, 178, -143, -34, 165, 214, 126, -92, -19, -9, 
-239, -156, 82, 197, -161, -36, 161, 209, 141, -73, -19, -4, 
-239, -156, 82, 197, -161, -36, 156, 219, 141, -68, -19, -4, 
-229, -156, 73, 192, -151, -41, 151, 219, 146, -58, -19, 0, 
-229, -151, 78, 190, -153, -36, 146, 209, 151, -43, -14, 9, 
-214, -151, 63, 183, -139, -43, 165, 229, 151, -58, -19, 0, 
-209, -146, 63, 178, -136, -41, 165, 234, 156, -68, -24, 0, 
-204, -146, 58, 175, -131, -43, 165, 234, 161, -82, -29, -4, 
-200, -146, 53, 173, -126, -46, 165, 239, 161, -97, -34, -4, 
-214, -136, 78, 175, -146, -29, 170, 239, 161, -97, -29, -14, 
-224, -136, 87, 180, -156, -24, 175, 239, 170, -92, -24, -4, 
-214, -131, 82, 173, -148, -24, 180, 234, 175, -87, -24, -4, 
-214, -131, 82, 173, -148, -24, 180, 234, 180, -87, -24, -14, 
-219, -141, 78, 180, -148, -31, 185, 244, 170, -87, -14, -19, 
-224, -141, 82, 183, -153, -29, 190, 244, 175, -87, -19, -19, 
-248, -146, 102, 197, -175, -21, 195, 248, 180, -87, -19, -19, 
-258, -146, 112, 202, -185, -17, 200, 253, 185, -73, -19, -19, 
-268, -151, 117, 209, -192, -17, 214, 244, 180, -63, -14, -14, 
-253, -136, 117, 195, -185, -9, 229, 248, 185, -58, -14, -9, 
-273, -136, 136, 204, -204, 0, 234, 253, 190, -53, -9, -9, 
-273, -136, 136, 204, -204, 0, 234, 258, 195, -48, -14, -4, 
-244, -126, 117, 185, -180, -4, 224, 273, 214, -39, -9, 9, 
-244, -122, 122, 183, -183, 0, 224, 273, 224, -34, -4, 14, 
-244, -112, 131, 178, -187, 9, 224, 268, 229, -34, 0, 19, 
-239, -97, 141, 168, -190, 21, 224, 258, 234, -29, 4, 24, 
-234, -102, 131, 168, -183, 14, 214, 273, 234, -9, -4, 14, 
-229, -102, 126, 165, -178, 12, 209, 283, 229, 0, 0, 14, 
-239, -102, 136, 170, -187, 17, 200, 278, 229, 4, 4, 9, 
-239, -107, 131, 173, -185, 12, 190, 268, 219, 9, 4, 4, 
-253, -117, 136, 185, -195, 9, 170, 263, 209, 9, 0, -4, 
-258, -102, 156, 180, -207, 26, 165, 248, 219, 14, 0, -4, 
-263, -97, 165, 180, -214, 34, 161, 244, 219, 19, 9, -9, 
-253, -92, 161, 173, -207, 34, 165, 244, 224, 24, 9, -9, 
-253, -102, 151, 178, -202, 24, 175, 244, 219, 4, 4, -4, 
-273, -107, 165, 190, -219, 29, 175, 244, 229, -4, 0, 0, 
-302, -112, 190, 207, -246, 39, 180, 244, 229, 0, 4, 14, 
-302, -117, 185, 209, -244, 34, 180, 244, 229, -4, 0, 24, 
-302, -126, 175, 214, -239, 24, 175, 244, 229, 9, 0, 9, 
-307, -126, 180, 217, -244, 26, 170, 244, 224, 14, 4, 4, 
-326, -131, 195, 229, -261, 31, 170, 244, 219, 24, 4, 9, 
-346, -131, 214, 239, -280, 41, 165, 234, 214, 29, 9, 4, 
-336, -122, 214, 229, -275, 46, 161, 224, 224, 39, 9, 9, 
-322, -122, 200, 222, -261, 39, 161, 224, 224, 53, 9, 4, 
-307, -117, 190, 212, -248, 36, 156, 224, 224, 58, 9, -4, 
-297, -117, 180, 207, -239, 31, 151, 209, 224, 58, 9, -9, 
-307, -107, 200, 207, -253, 46, 156, 219, 234, 43, 14, 4, 
-312, -102, 209, 207, -261, 53, 165, 229, 244, 48, 34, 14, 
-317, -92, 224, 204, -270, 65, 175, 229, 253, 43, 39, 34, 
-331, -92, 239, 212, -285, 73, 180, 224, 258, 39, 39, 43, 
-351, -102, 248, 226, -300, 73, 180, 204, 253, 53, 48, 43, 
-361, -112, 248, 236, -305, 68, 180, 185, 248, 58, 53, 39, 
-346, -92, 253, 219, -300, 80, 185, 195, 248, 63, 58, 53, 
-346, -87, 258, 217, -302, 85, 195, 200, 248, 73, 63, 63, 
-361, -87, 273, 224, -317, 92, 180, 190, 244, 97, 68, 53, 
-361, -78, 283, 219, -322, 102, 170, 180, 239, 117, 73, 53, 
-322, -63, 258, 192, -290, 97, 161, 185, 234, 141, 82, 53, 
-297, -29, 268, 163, -283, 119, 156, 190, 234, 175, 92, 58, 
-326, -19, 307, 173, -317, 143, 170, 180, 244, 165, 92, 48, 
-331, -19, 312, 175, -322, 146, 170, 175, 239, 165, 92, 48, 
-322, -19, 302, 170, -312, 141, 175, 161, 234, 156, 87, 48, 
-326, -19, 307, 173, -317, 143, 180, 156, 234, 156, 87, 53, 
-326, -39, 287, 183, -307, 124, 195, 136, 234, 136, 82, 63, 
-331, -53, 278, 192, -305, 112, 190, 117, 224, 117, 78, 63, 
-331, -63, 268, 197, -300, 102, 195, 117, 219, 107, 78, 68, 
-317, -63, 253, 190, -285, 95, 200, 117, 214, 102, 73, 73, 
-297, -48, 248, 173, -273, 100, 190, 112, 219, 112, 82, 78, 
-297, -48, 248, 173, -273, 100, 190, 102, 214, 117, 87, 78, 
-297, -53, 244, 175, -270, 95, 175, 107, 204, 122, 87, 78, 
-287, -39, 248, 163, -268, 104, 175, 112, 200, 126, 92, 78, 
-273, -29, 244, 151, -258, 107, 175, 102, 195, 107, 78, 63, 
-263, -34, 229, 148, -246, 97, 170, 97, 185, 97, 68, 63, 
-263, -48, 214, 156, -239, 82, 165, 78, 170, 87, 63, 63, 
-248, -53, 195, 151, -222, 70, 170, 73, 151, 73, 58, 63, 
-244, -63, 180, 153, -212, 58, 175, 82, 165, 63, 58, 68, 
-248, -68, 180, 158, -214, 56, 170, 63, 156, 63, 63, 78, 
-253, -78, 175, 165, -214, 48, 165, 53, 151, 68, 68, 82, 
-253, -82, 170, 168, -212, 43, 170, 48, 156, 73, 73, 92, 
-268, -73, 195, 170, -231, 61, 170, 43, 161, 73, 82, 107, 
-268, -68, 200, 168, -234, 65, 170, 34, 151, 78, 82, 107, 
-278, -63, 214, 170, -246, 75, 170, 24, 141, 92, 78, 102, 
-283, -63, 219, 173, -251, 78, 175, 24, 136, 102, 78, 102, 
-278, -68, 209, 173, -244, 70, 175, 9, 126, 117, 87, 112, 
-258, -73, 185, 165, -222, 56, 165, 4, 112, 117, 82, 107, 
-248, -78, 170, 163, -209, 46, 170, 4, 102, 117, 78, 102, 
-248, -78, 170, 163, -209, 46, 175, 0, 102, 122, 78, 102, 
-239, -92, 146, 165, -192, 26, 165, 0, 102, 117, 63, 87, 
-229, -92, 136, 161, -183, 21, 156, -14, 92, 107, 58, 82, 
-219, -102, 117, 161, -168, 7, 151, -19, 82, 92, 48, 78, 
-214, -102, 112, 158, -163, 4, 151, -19, 73, 92, 39, 68, 
-204, -102, 102, 153, -153, 0, 151, -24, 73, 73, 43, 68, 
-204, -107, 97, 156, -151, -4, 151, -24, 68, 73, 43, 68, 
-195, -107, 87, 151, -141, -9, 151, -24, 63, 73, 39, 68, 
-185, -107, 78, 146, -131, -14, 146, -24, 58, 63, 34, 63, 
-175, -102, 73, 139, -124, -14, 122, -48, 48, 58, 34, 68, 
-165, -107, 58, 136, -112, -24, 117, -48, 39, 53, 29, 68, 
-156, -107, 48, 131, -102, -29, 107, -43, 39, 53, 24, 68, 
-141, -97, 43, 119, -92, -26, 102, -43, 29, 53, 24, 68, 
-136, -97, 39, 117, -87, -29, 112, -34, 34, 63, 24, 68, 
-131, -97, 34, 114, -82, -31, 107, -34, 34, 53, 14, 68, 
-131, -112, 19, 122, -75, -46, 107, -34, 24, 53, 4, 53, 
-126, -122, 4, 124, -65, -58, 102, -39, 14, 53, 0, 48, 
-117, -131, -14, 124, -51, -73, 97, -48, 14, 53, -9, 58, 
-107, -122, -14, 114, -46, -68, 87, -48, 4, 48, -9, 58, 
-92, -112, -19, 102, -36, -65, 82, -53, 0, 39, -14, 53, 
-92, -131, -39, 112, -26, -85, 78, -53, -9, 39, -24, 48, 
-82, -141, -58, 112, -12, -100, 68, -53, -9, 43, -19, 48, 
-78, -136, -58, 107, -9, -97, 68, -48, -9, 43, -19, 48, 
-82, -131, -48, 107, -17, -90, 63, -48, -9, 48, -24, 48, 
-87, -151, -63, 119, -12, -107, 63, -48, -14, 48, -24, 43, 
-68, -136, -68, 102, 0, -102, 73, -48, -19, 58, -24, 34, 
-58, -117, -58, 87, 0, -87, 73, -43, -24, 73, -14, 43, 
-58, -117, -58, 87, 0, -87, 73, -43, -29, 82, -24, 34, 
-58, -117, -58, 87, 0, -87, 73, -43, -39, 87, -34, 29, 
-48, -122, -73, 85, 12, -97, 73, -48, -48, 68, -39, 19, 
-43, -122, -78, 82, 17, -100, 68, -48, -48, 58, -43, 19, 
-43, -122, -78, 82, 17, -100, 63, -53, -53, 53, -48, 19, 
-48, -141, -92, 95, 21, -117, 58, -73, -53, 48, -53, 19, 
-48, -141, -92, 95, 21, -117, 48, -58, -43, 43, -63, 19, 
-48, -141, -92, 95, 21, -117, 48, -39, -43, 43, -63, 19, 
-48, -146, -97, 97, 24, -122, 48, -34, -43, 48, -63, 19, 
-58, -161, -102, 109, 21, -131, 43, -29, -43, 43, -68, 9, 
-43, -156, -112, 100, 34, -134, 39, -43, -58, 58, -68, -4, 
-29, -161, -131, 95, 51, -146, 39, -48, -58, 58, -68, -4, 
-48, -165, -117, 107, 34, -141, 34, -53, -63, 68, -68, -9, 
-58, -165, -107, 112, 24, -136, 29, -53, -68, 73, -68, -9, 
-73, -170, -97, 122, 12, -134, 19, -58, -68, 68, -73, -9, 
-87, -175, -87, 131, 0, -131, 19, -63, -58, 63, -78, -9, 
-102, -180, -78, 141, -12, -129, 19, -63, -58, 58, -78, -14, 
-112, -185, -73, 148, -19, -129, 14, -53, -58, 53, -82, -14, 
-97, -175, -78, 136, -9, -126, 24, -39, -53, 53, -82, 0, 
-92, -170, -78, 131, -7, -124, 24, -34, -53, 53, -82, 0, 
-92, -170, -78, 131, -7, -124, 24, -34, -48, 53, -78, 4, 
-97, -170, -73, 134, -12, -122, 24, -39, -48, 53, -73, 9, 
-82, -161, -78, 122, -2, -119, 14, -29, -39, 63, -68, 0, 
-78, -151, -73, 114, -2, -112, 19, -29, -34, 78, -68, 4, 
-73, -141, -68, 107, -2, -104, 29, -24, -34, 82, -68, 4, 
-68, -136, -68, 102, 0, -102, 29, -19, -24, 87, -68, 4, 
-58, -126, -68, 92, 4, -97, 14, -9, -14, 107, -53, 14, 
-58, -122, -63, 90, 2, -92, 9, -9, -14, 122, -48, 19, 
-68, -117, -48, 92, -9, -82, 9, -9, -14, 126, -48, 24, 
-68, -117, -48, 92, -9, -82, 9, 0, -14, 131, -48, 29, 
-68, -107, -39, 87, -14, -73, 14, 19, -9, 151, -39, 29, 
-63, -107, -43, 85, -9, -75, 19, 19, -4, 151, -39, 29, 
-63, -117, -53, 90, -4, -85, 24, 24, -4, 151, -43, 29, 
-73, -126, -53, 100, -9, -90, 29, 29, -4, 151, -43, 19, 
-78, -141, -63, 109, -7, -102, 34, 19, 14, 146, -48, 14, 
-73, -117, -43, 95, -14, -80, 48, 19, 19, 156, -53, 14, 
-78, -112, -34, 95, -21, -73, 53, 24, 24, 156, -48, 9, 
-87, -126, -39, 107, -24, -82, 53, 34, 24, 156, -53, 4, 
-112, -126, -14, 119, -48, -70, 63, 48, 24, 161, -58, 9, 
-102, -131, -29, 117, -36, -80, 68, 53, 29, 165, -63, 9, 
-102, -131, -29, 117, -36, -80, 68, 53, 29, 175, -63, 4, 
-107, -131, -24, 119, -41, -78, 68, 53, 34, 185, -58, 4, 
-102, -126, -24, 114, -39, -75, 78, 58, 39, 190, -48, 0, 
-87, -122, -34, 104, -26, -78, 78, 68, 43, 200, -48, 0, 
-92, -117, -24, 104, -34, -70, 82, 68, 43, 204, -48, -4, 
-87, -122, -34, 104, -26, -78, 82, 68, 43, 204, -48, -4, 
-92, -107, -14, 100, -39, -61, 92, 68, 53, 214, -58, -4, 
-92, -107, -14, 100, -39, -61, 97, 73, 58, 219, -58, -4, 
-92, -117, -24, 104, -34, -70, 97, 73, 53, 219, -63, -9, 
-97, -131, -34, 114, -31, -82, 102, 73, 58, 224, -63, -9, 
-102, -131, -29, 117, -36, -80, 107, 82, 73, 229, -58, -19, 
-107, -126, -19, 117, -43, -73, 112, 82, 73, 229, -48, -14, 
-112, -122, -9, 117, -51, -65, 112, 82, 73, 229, -58, -14, 
-112, -122, -9, 117, -51, -65, 112, 87, 73, 224, -58, -14, 
-97, -97, 0, 97, -48, -48, 112, 92, 92, 229, -53, -4, 
-82, -87, -4, 85, -39, -46, 112, 97, 102, 234, -48, 4, 
-78, -78, 0, 78, -39, -39, 107, 102, 107, 239, -43, 9, 
-82, -73, 9, 78, -46, -31, 102, 102, 112, 253, -39, 19, 
-92, -78, 14, 85, -53, -31, 102, 112, 107, 253, -39, 19, 
-97, -87, 9, 92, -53, -39, 102, 117, 107, 253, -39, 14, 
-97, -78, 19, 87, -58, -29, 102, 117, 102, 253, -39, 9, 
-97, -78, 19, 87, -58, -29, 102, 117, 102, 253, -39, 9, 
-82, -78, 4, 80, -43, -36, 97, 126, 112, 263, -43, 9, 
-87, -82, 4, 85, -46, -39, 97, 126, 112, 263, -43, 9, 
-92, -82, 9, 87, -51, -36, 97, 126, 112, 258, -48, 9, 
-87, -82, 4, 85, -46, -39, 97, 112, 112, 258, -48, 4, 
-87, -82, 4, 85, -46, -39, 87, 112, 112, 248, -48, 4, 
-87, -82, 4, 85, -46, -39, 87, 122, 107, 253, -43, 9, 
-78, -73, 4, 75, -41, -34, 87, 122, 107, 253, -43, 14, 
-73, -73, 0, 73, -36, -36, 78, 117, 107, 253, -43, 14, 
-73, -82, -9, 78, -31, -46, 78, 107, 102, 248, -39, 4, 
-78, -92, -14, 85, -31, -53, 82, 112, 97, 248, -39, 4, 
-97, -97, 0, 97, -48, -48, 82, 112, 97, 253, -39, 0, 
-102, -97, 4, 100, -53, -46, 87, 102, 92, 253, -39, 0, 
-73, -73, 0, 73, -36, -36, 87, 117, 102, 244, -43, 4, 
-68, -63, 4, 65, -36, -29, 87, 122, 112, 244, -43, 4, 
-68, -78, -9, 73, -29, -43, 82, 126, 102, 239, -43, 4, 
-63, -87, -24, 75, -19, -56, 63, 117, 97, 239, -48, 4, 
-53, -78, -24, 65, -14, -51, 63, 122, 97, 229, -48, 0, 
-58, -73, -14, 65, -21, -43, 68, 117, 97, 229, -48, 0, 
-68, -73, -4, 70, -31, -39, 73, 102, 92, 229, -48, 0, 
-73, -68, 4, 70, -39, -31, 73, 92, 92, 229, -48, 4, 
-58, -63, -4, 61, -26, -34, 73, 78, 78, 234, -39, 14, 
-58, -68, -9, 63, -24, -39, 78, 78, 78, 234, -39, 14, 
-63, -82, -19, 73, -21, -51, 82, 78, 78, 229, -43, 9, 
-63, -92, -29, 78, -17, -61, 82, 78, 73, 229, -43, 9, 
-82, -107, -24, 95, -29, -65, 73, 68, 73, 214, -53, 4, 
-102, -122, -19, 112, -41, -70, 73, 68, 73, 204, -53, 0, 
-122, -126, -4, 124, -58, -65, 68, 63, 73, 200, -53, -4, 
-131, -131, 0, 131, -65, -65, 68, 63, 63, 195, -53, -9, 
-122, -117, 4, 119, -63, -56, 68, 68, 48, 204, -48, -4, 
-112, -107, 4, 109, -58, -51, 73, 58, 48, 204, -48, 0, 
-102, -92, 9, 97, -56, -41, 78, 58, 48, 204, -48, 4, 
-97, -87, 9, 92, -53, -39, 82, 58, 48, 209, -43, 14, 
-87, -87, 0, 87, -43, -43, 87, 58, 53, 200, -43, 24, 
-92, -87, 4, 90, -48, -41, 92, 58, 58, 200, -43, 19, 
-92, -92, 0, 92, -46, -46, 92, 48, 58, 195, -48, 19, 
-107, -107, 0, 107, -53, -53, 82, 39, 53, 185, -53, 19, 
-117, -117, 0, 117, -58, -58, 78, 34, 48, 170, -63, 19, 
-126, -112, 14, 119, -70, -48, 73, 34, 48, 175, -58, 19, 
-136, -107, 29, 122, -82, -39, 73, 39, 43, 170, -58, 19, 
-146, -107, 39, 126, -92, -34, 68, 24, 39, 161, -58, 14, 
-131, -92, 39, 112, -85, -26, 68, 24, 48, 170, -53, 24, 
-112, -82, 29, 97, -70, -26, 68, 24, 48, 170, -43, 24, 
-97, -78, 19, 87, -58, -29, 68, 24, 48, 170, -39, 19, 
-82, -82, 0, 82, -41, -41, 68, 29, 43, 165, -39, 19, 
-92, -73, 19, 82, -56, -26, 58, 24, 43, 156, -48, 19, 
-82, -63, 19, 73, -51, -21, 58, 14, 43, 151, -48, 19, 
-82, -63, 19, 73, -51, -21, 53, -4, 39, 146, -53, 19, 
-82, -73, 9, 78, -46, -31, 48, -9, 34, 136, -58, 14, 
-78, -73, 4, 75, -41, -34, 43, -9, 24, 126, -68, 9, 
-82, -73, 9, 78, -46, -31, 43, -9, 24, 122, -63, 4, 
-82, -73, 9, 78, -46, -31, 39, -14, 29, 122, -63, 0, 
-82, -63, 19, 73, -51, -21, 34, -14, 34, 126, -63, 0, 
-78, -78, 0, 78, -39, -39, 48, -9, 43, 122, -53, 4, 
-82, -87, -4, 85, -39, -46, 48, -19, 34, 122, -53, 9, 
-107, -92, 14, 100, -61, -39, 53, -14, 34, 117, -53, 14, 
-117, -92, 24, 104, -70, -34, 58, -9, 34, 117, -53, 19, 
-102, -78, 24, 90, -63, -26, 58, 0, 34, 112, -58, 14, 
-102, -73, 29, 87, -65, -21, 58, 0, 34, 112, -58, 14, 
-97, -68, 29, 82, -63, -19, 58, 0, 34, 112, -58, 14, 
-87, -63, 24, 75, -56, -19, 58, -4, 34, 112, -53, 14, 
-97, -78, 19, 87, -58, -29, 73, -19, 19, 107, -63, 9, 
-102, -87, 14, 95, -58, -36, 73, -19, 19, 102, -63, 9, 
-107, -92, 14, 100, -61, -39, 78, -14, 29, 97, -63, 14, 
-107, -92, 14, 100, -61, -39, 78, -9, 29, 92, -58, 19, 
-122, -102, 19, 112, -70, -41, 78, 0, 39, 82, -58, 29, 
-126, -102, 24, 114, -75, -39, 82, -4, 39, 82, -58, 29, 
-136, -107, 29, 122, -82, -39, 87, -9, 39, 82, -63, 24, 
-141, -107, 34, 124, -87, -36, 87, -9, 29, 82, -63, 24, 
-126, -87, 39, 107, -82, -24, 87, -9, 29, 78, -53, 34, 
-112, -73, 39, 92, -75, -17, 87, -14, 29, 78, -63, 29, 
-112, -68, 43, 90, -78, -12, 87, -24, 24, 73, -63, 29, 
-107, -58, 48, 82, -78, -4, 87, -29, 24, 68, -63, 34, 
-107, -73, 34, 90, -70, -19, 87, -29, 34, 68, -58, 34, 
-107, -78, 29, 92, -68, -24, 87, -29, 34, 68, -53, 34, 
-102, -63, 39, 82, -70, -12, 87, -24, 34, 68, -58, 34, 
-102, -58, 43, 80, -73, -7, 87, -4, 34, 68, -63, 34, 
-117, -82, 34, 100, -75, -24, 82, -14, 24, 58, -53, 39, 
-141, -87, 53, 114, -97, -17, 78, -34, 24, 53, -53, 39, 
-161, -92, 68, 126, -114, -12, 73, -43, 24, 48, -53, 43, 
-175, -97, 78, 136, -126, -9, 68, -53, 24, 48, -53, 43, 
-156, -78, 78, 117, -117, 0, 63, -43, 34, 63, -39, 43, 
-141, -73, 68, 107, -104, -2, 63, -39, 34, 63, -39, 43, 
-126, -73, 53, 100, -90, -9, 63, -34, 34, 58, -39, 39, 
-112, -68, 43, 90, -78, -12, 63, -24, 34, 53, -39, 39, 
-112, -78, 34, 95, -73, -21, 63, -34, 39, 43, -48, 43, 
-126, -87, 39, 107, -82, -24, 53, -34, 39, 39, -48, 43, 
-131, -87, 43, 109, -87, -21, 53, -43, 39, 39, -63, 39, 
-136, -87, 48, 112, -92, -19, 58, -34, 39, 39, -53, 53, 
-146, -92, 53, 119, -100, -19, 58, -34, 24, 29, -53, 53, 
-146, -97, 48, 122, -97, -24, 53, -39, 14, 24, -58, 48, 
-170, -117, 53, 143, -112, -31, 39, -43, 9, 9, -58, 34, 
-170, -122, 48, 146, -109, -36, 34, -48, 4, 14, -53, 29, 
-151, -126, 24, 139, -87, -51, 48, -43, 4, 9, -58, 34, 
-141, -126, 14, 134, -78, -56, 48, -39, 4, 4, -63, 34, 
-136, -122, 14, 129, -75, -53, 39, -43, 4, -4, -68, 24, 
-122, -117, 4, 119, -63, -56, 39, -39, 4, -9, -73, 24, 
-117, -92, 24, 104, -70, -34, 53, -29, 14, -4, -58, 34, 
-117, -97, 19, 107, -68, -39, 58, -29, 14, -14, -58, 39, 
-122, -92, 29, 107, -75, -31, 58, -29, 4, -19, -58, 39, 
-117, -78, 39, 97, -78, -19, 63, -24, 4, -19, -53, 43, 
-107, -73, 34, 90, -70, -19, 58, -34, 4, -29, -53, 39, 
-107, -78, 29, 92, -68, -24, 58, -24, 4, -19, -43, 43, 
-107, -82, 24, 95, -65, -29, 58, -34, 0, -19, -43, 43, 
-117, -97, 19, 107, -68, -39, 58, -43, -4, -24, -48, 39, 
-146, -122, 24, 134, -85, -48, 48, -43, -9, -53, -78, 14, 
-107, -68, 39, 87, -73, -14, 82, -24, 9, -34, -48, 43, 
-78, -39, 39, 58, -58, 0, 97, 0, 29, -19, -29, 58, 
-92, -48, 43, 70, -68, -2, 82, -14, 14, -24, -34, 53, 
-97, -58, 39, 78, -68, -9, 78, -19, 9, -29, -39, 48, 
-102, -68, 34, 85, -68, -17, 73, -24, 4, -34, -43, 43, 
-107, -78, 29, 92, -68, -24, 68, -29, 0, -39, -48, 39, 
-107, -78, 29, 92, -68, -24, 78, -29, 0, -48, -58, 29, 
-107, -78, 29, 92, -68, -24, 78, -29, 0, -48, -58, 29, 
-107, -78, 29, 92, -68, -24, 78, -29, 0, -48, -58, 29, 
-107, -78, 29, 92, -68, -24, 78, -29, 0, -48, -58, 29, 
-122, -87, 34, 104, -78, -26, 78, -34, -9, -58, -58, 29, 
-126, -87, 39, 107, -82, -24, 78, -39, -9, -58, -58, 29, 
-131, -87, 43, 109, -87, -21, 78, -43, -9, -58, -58, 29, 
-136, -87, 48, 112, -92, -19, 78, -48, -9, -58, -58, 29, 
-156, -92, 63, 124, -109, -14, 87, -48, -9, -68, -58, 29, 
-165, -97, 68, 131, -117, -14, 87, -48, -9, -68, -58, 29, 
-175, -102, 73, 139, -124, -14, 87, -48, -9, -68, -58, 29, 
-185, -107, 78, 146, -131, -14, 87, -48, -9, -68, -58, 29, 
-170, -92, 78, 131, -124, -7, 87, -39, 0, -58, -48, 34, 
-165, -87, 78, 126, -122, -4, 87, -39, 0, -58, -48, 39, 
-161, -82, 78, 122, -119, -2, 87, -39, 0, -58, -48, 43, 
-156, -78, 78, 117, -117, 0, 87, -39, 0, -58, -48, 48, 
-156, -82, 73, 119, -114, -4, 97, -39, 0, -58, -48, 48, 
-156, -87, 68, 122, -112, -9, 97, -39, 0, -58, -48, 48, 
-156, -92, 63, 124, -109, -14, 97, -39, 0, -58, -48, 48, 
-156, -97, 58, 126, -107, -19, 97, -39, 0, -58, -48, 48, 
-156, -97, 58, 126, -107, -19, 87, -48, -9, -63, -48, 43, 
-156, -97, 58, 126, -107, -19, 87, -48, -9, -68, -48, 39, 
-156, -97, 58, 126, -107, -19, 87, -48, -9, -73, -48, 34, 
-156, -97, 58, 126, -107, -19, 87, -48, -9, -78, -48, 29, 
-170, -97, 73, 134, -122, -12, 97, -39, 0, -87, -48, 39, 
-175, -97, 78, 136, -126, -9, 97, -39, 0, -87, -48, 39, 
-180, -97, 82, 139, -131, -7, 97, -39, 0, -87, -48, 39, 
-185, -97, 87, 141, -136, -4, 97, -39, 0, -87, -48, 39, 
-180, -92, 87, 136, -134, -2, 87, -34, 0, -78, -48, 48, 
-175, -87, 87, 131, -131, 0, 87, -29, 0, -78, -48, 48, 
-170, -82, 87, 126, -129, 2, 87, -24, 0, -78, -48, 48, 
-165, -78, 87, 122, -126, 4, 87, -19, 0, -78, -48, 48, 
-161, -73, 87, 117, -124, 7, 87, -14, 9, -87, -39, 39, 
-156, -68, 87, 112, -122, 9, 87, -9, 9, -87, -39, 39, 
-151, -63, 87, 107, -119, 12, 87, -4, 9, -87, -39, 39, 
-146, -58, 87, 102, -117, 14, 87, 0, 9, -87, -39, 39, 
-165, -63, 102, 114, -134, 19, 78, -19, 19, -78, -29, 43, 
-175, -68, 107, 122, -141, 19, 78, -29, 19, -78, -29, 48, 
-185, -73, 112, 129, -148, 19, 78, -39, 19, -78, -29, 53, 
-195, -78, 117, 136, -156, 19, 78, -48, 19, -78, -29, 58, 
-200, -87, 112, 143, -156, 12, 78, -39, 19, -78, -19, 68, 
-204, -87, 117, 146, -161, 14, 78, -39, 19, -78, -19, 68, 
-209, -87, 122, 148, -165, 17, 78, -39, 19, -78, -19, 68, 
-214, -87, 126, 151, -170, 19, 78, -39, 19, -78, -19, 68, 
-219, -87, 131, 153, -175, 21, 68, -43, 9, -82, -29, 63, 
-224, -87, 136, 156, -180, 24, 68, -48, 9, -87, -29, 58, 
-229, -87, 141, 158, -185, 26, 68, -53, 9, -92, -29, 53, 
-234, -87, 146, 161, -190, 29, 68, -58, 9, -97, -29, 48, 
-219, -82, 136, 151, -178, 26, 68, -53, 9, -97, -29, 58, 
-214, -78, 136, 146, -175, 29, 68, -48, 9, -97, -29, 58, 
-209, -73, 136, 141, -173, 31, 68, -43, 9, -97, -29, 58, 
-204, -68, 136, 136, -170, 34, 68, -39, 9, -97, -29, 58, 
-195, -58, 136, 126, -165, 39, 78, -29, 9, -97, -19, 68, 
-185, -48, 136, 117, -161, 43, 78, -29, 9, -97, -19, 68, 
-175, -39, 136, 107, -156, 48, 78, -29, 9, -97, -19, 68, 
-165, -29, 136, 97, -151, 53, 78, -29, 9, -97, -19, 68, 
-170, -39, 131, 104, -151, 46, 68, -39, 14, -97, -9, 68, 
-175, -39, 136, 107, -156, 48, 68, -39, 19, -97, -9, 68, 
-180, -39, 141, 109, -161, 51, 68, -39, 24, -97, -9, 68, 
-185, -39, 146, 112, -165, 53, 68, -39, 29, -97, -9, 68, 
-185, -53, 131, 119, -158, 39, 68, -34, 24, -102, -14, 58, 
-185, -58, 126, 122, -156, 34, 68, -29, 19, -107, -19, 58, 
-185, -63, 122, 124, -153, 29, 68, -24, 14, -112, -24, 58, 
-185, -68, 117, 126, -151, 24, 68, -19, 9, -117, -29, 58, 
-195, -68, 126, 131, -161, 29, 58, -24, 0, -126, -29, 58, 
-195, -68, 126, 131, -161, 29, 58, -29, 0, -126, -29, 58, 
-195, -68, 126, 131, -161, 29, 58, -34, 0, -126, -29, 58, 
-195, -68, 126, 131, -161, 29, 58, -39, 0, -126, -29, 58, 
-200, -78, 122, 139, -161, 21, 48, -48, 0, -126, -29, 48, 
-204, -78, 126, 141, -165, 24, 48, -48, 0, -126, -29, 48, 
-209, -78, 131, 143, -170, 26, 48, -48, 0, -126, -29, 48, 
-214, -78, 136, 146, -175, 29, 48, -48, 0, -126, -29, 48, 
-200, -73, 126, 136, -163, 26, 48, -48, 0, -136, -29, 58, 
-195, -68, 126, 131, -161, 29, 48, -48, 0, -136, -29, 58, 
-190, -63, 126, 126, -158, 31, 48, -48, 0, -136, -29, 58, 
-185, -58, 126, 122, -156, 34, 48, -48, 0, -136, -29, 58, 
-175, -43, 131, 109, -153, 43, 39, -43, 4, -131, -14, 63, 
-175, -39, 136, 107, -156, 48, 39, -39, 9, -126, -9, 68, 
-175, -34, 141, 104, -158, 53, 39, -34, 14, -122, -4, 73, 
-175, -29, 146, 102, -161, 58, 39, -29, 19, -117, 0, 78, 
-175, -39, 136, 107, -156, 48, 48, -29, 9, -122, -9, 68, 
-175, -39, 136, 107, -156, 48, 48, -29, 9, -126, -9, 68, 
-175, -39, 136, 107, -156, 48, 48, -29, 9, -131, -9, 68, 
-175, -39, 136, 107, -156, 48, 48, -29, 9, -136, -9, 68, 
-190, -53, 136, 122, -163, 41, 48, -39, 9, -136, -14, 58, 
-195, -58, 136, 126, -165, 39, 48, -39, 9, -136, -19, 58, 
-200, -63, 136, 131, -168, 36, 48, -39, 9, -136, -24, 58, 
-204, -68, 136, 136, -170, 34, 48, -39, 9, -136, -29, 58, 
-209, -73, 136, 141, -173, 31, 48, -48, 0, -136, -39, 53, 
-214, -78, 136, 146, -175, 29, 48, -48, 0, -136, -39, 48, 
-219, -82, 136, 151, -178, 26, 48, -48, 0, -136, -39, 43, 
-224, -87, 136, 156, -180, 24, 48, -48, 0, -136, -39, 39, 
-224, -78, 146, 151, -185, 34, 53, -43, 4, -136, -24, 48, 
-219, -68, 151, 143, -185, 41, 58, -39, 4, -136, -19, 58, 
-209, -68, 141, 139, -175, 36, 53, -34, 9, -136, -14, 68, 
-209, -68, 141, 139, -175, 36, 58, -24, 19, -136, -9, 78, 
-195, -68, 126, 131, -161, 29, 68, -14, 19, -136, -14, 73, 
-190, -63, 126, 126, -158, 31, 68, -4, 19, -136, -19, 68, 
-185, -63, 122, 124, -153, 29, 68, 0, 19, -136, -24, 63, 
-180, -58, 122, 119, -151, 31, 68, 9, 14, -136, -34, 58, 
-195, -58, 136, 126, -165, 39, 87, -14, 14, -136, -29, 58, 
-209, -63, 146, 136, -178, 41, 92, -24, 14, -136, -24, 58, 
-239, -68, 170, 153, -204, 51, 102, -29, 14, -136, -19, 58, 
-244, -68, 175, 156, -209, 53, 117, -24, 14, -131, -14, 58, 
-248, -78, 170, 163, -209, 46, 131, -14, 24, -131, -4, 68, 
-258, -78, 180, 168, -219, 51, 131, -14, 24, -131, -4, 68, 
-263, -78, 185, 170, -224, 53, 131, -14, 24, -131, -4, 68, 
-258, -78, 180, 168, -219, 51, 131, -9, 24, -131, -4, 78, 
-258, -92, 165, 175, -212, 36, 136, -19, 24, -146, -14, 68, 
-273, -92, 180, 183, -226, 43, 136, -34, 24, -146, -14, 68, 
-278, -92, 185, 185, -231, 46, 136, -34, 24, -141, -14, 68, 
-278, -92, 185, 185, -231, 46, 141, -24, 24, -141, -14, 68, 
-268, -92, 175, 180, -222, 41, 131, -14, 24, -151, -4, 73, 
-263, -92, 170, 178, -217, 39, 131, -9, 24, -156, -4, 78, 
-258, -87, 170, 173, -214, 41, 131, 0, 24, -156, -4, 87, 
-244, -73, 170, 158, -207, 48, 131, 19, 24, -156, -4, 92, 
-244, -73, 170, 158, -207, 48, 122, 4, 19, -151, -4, 82, 
-258, -82, 175, 170, -217, 46, 122, -9, 19, -146, -4, 82, 
-273, -82, 190, 178, -231, 53, 122, -9, 19, -151, -4, 82, 
-258, -73, 185, 165, -222, 56, 122, -14, 19, -146, -4, 82, 
-258, -73, 185, 165, -222, 56, 122, -4, 29, -141, -4, 73, 
-258, -73, 185, 165, -222, 56, 122, 0, 29, -141, -4, 73, 
-258, -78, 180, 168, -219, 51, 122, 4, 29, -156, -4, 68, 
-263, -78, 185, 170, -224, 53, 122, 4, 24, -165, -9, 63, 
-263, -78, 185, 170, -224, 53, 112, 14, 24, -165, -9, 68, 
-258, -78, 180, 168, -219, 51, 112, 14, 29, -156, -9, 78, 
-258, -78, 180, 168, -219, 51, 112, 14, 29, -151, -4, 82, 
-263, -78, 185, 170, -224, 53, 112, 14, 29, -151, -4, 87, 
-253, -68, 185, 161, -219, 58, 122, 14, 29, -151, -4, 78, 
-229, -63, 165, 146, -197, 51, 122, 14, 29, -156, -14, 73, 
-219, -63, 156, 141, -187, 46, 117, 14, 29, -156, -14, 68, 
-214, -58, 156, 136, -185, 48, 117, 14, 29, -156, -9, 68, 
-244, -58, 185, 151, -214, 63, 122, 4, 39, -146, -9, 78, 
-244, -63, 180, 153, -212, 58, 122, 0, 34, -156, -14, 78, 
-253, -73, 180, 163, -217, 53, 122, 0, 34, -161, -14, 78, 
-268, -78, 190, 173, -229, 56, 122, 9, 39, -161, -14, 78, 
-253, -58, 195, 156, -224, 68, 122, 19, 39, -146, 4, 82, 
-239, -48, 190, 143, -214, 70, 122, 19, 34, -146, 9, 87, 
-248, -48, 200, 148, -224, 75, 122, 14, 29, -141, 9, 92, 
-244, -39, 204, 141, -224, 82, 122, 9, 29, -136, 14, 97, 
-253, -43, 209, 148, -231, 82, 112, 4, 29, -136, 0, 92, 
-253, -53, 200, 153, -226, 73, 107, 0, 29, -136, 0, 87, 
-258, -63, 195, 161, -226, 65, 107, -4, 29, -141, -4, 82, 
-258, -73, 185, 165, -222, 56, 107, -9, 29, -151, -9, 78, 
-239, -63, 175, 151, -207, 56, 107, 0, 24, -151, -9, 73, 
-239, -58, 180, 148, -209, 61, 112, -4, 24, -151, -4, 73, 
-239, -53, 185, 146, -212, 65, 112, -4, 24, -156, -4, 73, 
-229, -53, 175, 141, -202, 61, 112, 0, 24, -156, -9, 68, 
-234, -48, 185, 141, -209, 68, 102, -4, 24, -146, -9, 78, 
-244, -48, 195, 146, -219, 73, 102, -4, 24, -146, -9, 78, 
-258, -58, 200, 158, -229, 70, 102, -4, 24, -146, -9, 73, 
-253, -48, 204, 151, -229, 78, 107, -4, 24, -146, -9, 73, 
-239, -39, 200, 139, -219, 80, 117, 9, 29, -141, 0, 87, 
-234, -39, 195, 136, -214, 78, 117, 9, 34, -141, 0, 87, 
-229, -39, 190, 134, -209, 75, 112, 9, 39, -146, 0, 87, 
-224, -39, 185, 131, -204, 73, 112, 4, 43, -151, 0, 87, 
-229, -29, 200, 129, -214, 85, 102, 4, 39, -146, 9, 78, 
-234, -34, 200, 134, -217, 82, 102, 0, 34, -151, 4, 68, 
-234, -34, 200, 134, -217, 82, 102, 0, 29, -151, 4, 68, 
-229, -34, 195, 131, -212, 80, 102, 0, 24, -146, 4, 73, 
-239, -48, 190, 143, -214, 70, 102, 0, 24, -146, 0, 63, 
-239, -58, 180, 148, -209, 61, 102, 4, 24, -151, -4, 63, 
-248, -63, 185, 156, -217, 61, 102, 4, 24, -156, -9, 63, 
-248, -68, 180, 158, -214, 56, 102, 4, 24, -161, -9, 73, 
-297, -73, 224, 185, -261, 75, 122, 4, 43, -141, 0, 82, 
-273, -63, 209, 168, -241, 73, 122, -24, 24, -151, 0, 68, 
-268, -24, 244, 146, -256, 109, 156, 24, 68, -136, 19, 73, 
-263, 0, 263, 131, -263, 131, 180, 58, 102, -112, 34, 73, 
-258, -9, 248, 134, -253, 119, 175, 53, 102, -102, 24, 63, 
-283, -14, 268, 148, -275, 126, 190, 53, 117, -107, 14, 73, 
-297, -14, 283, 156, -290, 134, 200, 92, 136, -92, 9, 63, 
-292, -14, 278, 153, -285, 131, 229, 136, 170, -68, 14, 63, 
-302, -4, 297, 153, -300, 146, 248, 170, 209, -24, 39, 78, 
-326, 14, 341, 156, -334, 178, 292, 224, 278, 29, 68, 87, 
-356, 39, 395, 158, -375, 217, 322, 278, 361, 102, 117, 102, 
-356, 48, 405, 153, -380, 226, 351, 307, 429, 190, 170, 126, 
-351, 68, 419, 141, -385, 244, 336, 307, 468, 278, 239, 151, 
-341, 117, 458, 112, -400, 287, 307, 302, 507, 380, 331, 204, 
-273, 175, 448, 48, -361, 312, 258, 239, 488, 473, 448, 283, 
-219, 190, 409, 14, -314, 300, 170, 63, 366, 527, 541, 351, 
-185, 170, 356, 7, -270, 263, 58, -117, 200, 536, 605, 405, 
-126, 175, 302, -24, -214, 239, -48, -283, 19, 512, 653, 473, 
-19, 229, 248, -104, -134, 239, -151, -507, -161, 458, 673, 531, 
87, 278, 190, -183, -51, 234, -273, -785, -366, 346, 658, 556, 
146, 268, 122, -207, 12, 195, -385, -1078, -614, 190, 634, 585, 
200, 234, 34, -217, 82, 134, -497, -1361, -878, 24, 614, 595, 
283, 209, -73, -246, 178, 68, -629, -1634, -1137, -156, 551, 605, 
312, 180, -131, -246, 222, 24, -771, -1908, -1381, -351, 463, 590, 
312, 131, -180, -222, 246, -24, -907, -2152, -1586, -566, 351, 570, 
341, 82, -258, -212, 300, -87, -1024, -2303, -1766, -771, 234, 556, 
400, 9, -390, -204, 395, -190, -1098, -2396, -1932, -976, 107, 541, 
483, -68, -551, -207, 517, -309, -1146, -2410, -2064, -1166, -43, 492, 
605, -146, -751, -229, 678, -448, -1210, -2322, -2117, -1307, -175, 434, 
746, -209, -956, -268, 851, -583, -1259, -2181, -2108, -1376, -268, 390, 
854, -278, -1132, -287, 993, -705, -1317, -2044, -2083, -1415, -326, 341, 
922, -331, -1254, -295, 1088, -793, -1327, -1903, -2030, -1424, -375, 287, 
976, -336, -1312, -319, 1144, -824, -1302, -1781, -1956, -1415, -395, 258, 
1039, -326, -1366, -356, 1202, -846, -1273, -1659, -1878, -1400, -409, 234, 
1078, -336, -1415, -370, 1246, -875, -1254, -1537, -1805, -1405, -439, 214, 
1058, -361, -1420, -348, 1239, -890, -1210, -1444, -1712, -1390, -463, 195, 
1029, -380, -1410, -324, 1220, -895, -1161, -1351, -1629, -1371, -497, 165, 
1034, -385, -1420, -324, 1227, -902, -1107, -1273, -1551, -1351, -527, 151, 
1044, -370, -1415, -336, 1229, -893, -1034, -1176, -1478, -1327, -536, 136, 
1024, -380, -1405, -322, 1215, -893, -956, -1078, -1410, -1293, -546, 107, 
976, -414, -1390, -280, 1183, -902, -897, -1010, -1361, -1249, -556, 68, 
927, -434, -1361, -246, 1144, -897, -829, -941, -1293, -1205, -556, 24, 
849, -429, -1278, -209, 1063, -854, -741, -858, -1200, -1141, -531, -4, 
746, -439, -1185, -153, 966, -812, -668, -800, -1112, -1093, -517, -29, 
619, -448, -1068, -85, 844, -758, -610, -751, -1039, -1049, -522, -58, 
531, -439, -971, -46, 751, -705, -546, -668, -956, -1010, -531, -97, 
488, -429, -917, -29, 702, -673, -483, -570, -858, -951, -527, -126, 
468, -409, -878, -29, 673, -644, -409, -483, -766, -893, -517, -141, 
414, -405, -819, -4, 617, -612, -356, -405, -688, -844, -517, -161, 
366, -419, -785, 26, 575, -602, -317, -356, -629, -814, -507, -185, 
331, -414, -746, 41, 539, -580, -278, -307, -585, -780, -497, -219, 
312, -380, -692, 34, 502, -536, -224, -244, -541, -732, -468, -234, 
258, -341, -600, 41, 429, -470, -175, -200, -488, -688, -429, -234, 
170, -331, -502, 80, 336, -417, -141, -170, -439, -644, -409, -224, 
87, -307, -395, 109, 241, -351, -107, -146, -390, -605, -380, -204, 
14, -287, -302, 136, 158, -295, -68, -122, -336, -561, -356, -185, 
-68, -297, -229, 183, 80, -263, -63, -97, -292, -527, -341, -170, 
-126, -292, -165, 209, 19, -229, -43, -78, -239, -483, -307, -141, 
-126, -248, -122, 187, -2, -185, -14, -78, -195, -439, -268, -122, 
-146, -248, -102, 197, -21, -175, -14, -82, -180, -414, -248, -107, 
-185, -239, -53, 212, -65, -146, -4, -58, -151, -390, -229, -92, 
-170, -180, -9, 175, -80, -95, 34, -24, -112, -346, -175, -63, 
-170, -126, 43, 148, -107, -41, 58, -14, -73, -297, -131, -29, 
-224, -122, 102, 173, -163, -9, 68, -9, -63, -268, -107, -14, 
-253, -107, 146, 180, -200, 19, 97, 48, -14, -239, -78, 4, 
-248, -68, 180, 158, -214, 56, 112, 97, 29, -214, -48, 39, 
-263, -68, 195, 165, -229, 63, 117, 126, 63, -195, -34, 58, 
-287, -82, 204, 185, -246, 61, 131, 136, 82, -185, -43, 68, 
-287, -82, 204, 185, -246, 61, 151, 131, 92, -175, -34, 58, 
-317, -87, 229, 202, -273, 70, 151, 126, 87, -170, -29, 63, 
-326, -87, 239, 207, -283, 75, 151, 117, 82, -161, -29, 63, 
-307, -78, 229, 192, -268, 75, 151, 117, 78, -161, -29, 58, 
-297, -78, 219, 187, -258, 70, 156, 107, 68, -170, -29, 43, 
-312, -78, 234, 195, -273, 78, 156, 117, 68, -170, -29, 39, 
-326, -82, 244, 204, -285, 80, 156, 117, 78, -180, -29, 29, 
-336, -87, 248, 212, -292, 80, 151, 122, 87, -180, -29, 24, 
-341, -87, 253, 214, -297, 82, 165, 136, 97, -170, -29, 29, 
-322, -87, 234, 204, -278, 73, 180, 141, 102, -170, -24, 34, 
-297, -63, 234, 180, -265, 85, 190, 136, 112, -156, -24, 43, 
-302, -63, 239, 183, -270, 87, 200, 141, 112, -151, -14, 48, 
-326, -58, 268, 192, -297, 104, 204, 136, 122, -146, -4, 53, 
-331, -58, 273, 195, -302, 107, 214, 136, 117, -141, -4, 53, 
-331, -53, 278, 192, -305, 112, 229, 136, 117, -141, 0, 58, 
-336, -53, 283, 195, -309, 114, 234, 146, 117, -141, 0, 58, 
-351, -58, 292, 204, -322, 117, 239, 151, 112, -146, 0, 63, 
-356, -63, 292, 209, -324, 114, 239, 151, 117, -146, -4, 63, 
-361, -63, 297, 212, -329, 117, 244, 151, 126, -151, -4, 63, 
-370, -63, 307, 217, -339, 122, 244, 141, 117, -151, -4, 53, 
-366, -68, 297, 217, -331, 114, 253, 141, 122, -146, 4, 53, 
-366, -53, 312, 209, -339, 129, 263, 146, 136, -141, 4, 53, 
-375, -43, 331, 209, -353, 143, 263, 161, 141, -136, 4, 53, 
-375, -39, 336, 207, -356, 148, 263, 151, 141, -126, 4, 53, 
-356, -43, 312, 200, -334, 134, 248, 151, 141, -126, -4, 39, 
-356, -43, 312, 200, -334, 134, 248, 161, 141, -131, -4, 34, 
-356, -48, 307, 202, -331, 129, 253, 165, 146, -131, -4, 34, 
-356, -53, 302, 204, -329, 124, 258, 165, 151, -131, -4, 29, 
-375, -58, 317, 217, -346, 129, 248, 156, 151, -131, -14, 34, 
-380, -63, 317, 222, -348, 126, 248, 151, 151, -131, -9, 34, 
-385, -68, 317, 226, -351, 124, 253, 151, 165, -126, -4, 43, 
-395, -73, 322, 234, -358, 124, 253, 146, 165, -126, -4, 43, 
-405, -73, 331, 239, -368, 129, 244, 151, 156, -126, -14, 34, 
-405, -73, 331, 239, -368, 129, 244, 151, 161, -126, -19, 34, 
-405, -82, 322, 244, -363, 119, 248, 156, 165, -122, -19, 29, 
-400, -82, 317, 241, -358, 117, 248, 161, 165, -122, -14, 29, 
-395, -68, 326, 231, -361, 129, 253, 170, 165, -112, -9, 39, 
-390, -53, 336, 222, -363, 141, 253, 170, 180, -112, -4, 39, 
-390, -48, 341, 219, -366, 146, 253, 165, 180, -112, 0, 39, 
-390, -48, 341, 219, -366, 146, 253, 165, 180, -112, 4, 34, 
-380, -48, 331, 214, -356, 141, 244, 156, 180, -112, -4, 39, 
-380, -24, 356, 202, -368, 165, 244, 165, 190, -107, 9, 48, 
-380, -24, 356, 202, -368, 165, 253, 170, 195, -102, 9, 53, 
-390, -34, 356, 212, -373, 161, 253, 175, 195, -102, 9, 58, 
-395, -43, 351, 219, -373, 153, 244, 180, 209, -92, 19, 43, 
-395, -39, 356, 217, -375, 158, 244, 190, 209, -97, 19, 43, 
-385, -34, 351, 209, -368, 158, 244, 190, 214, -97, 19, 48, 
-385, -24, 361, 204, -373, 168, 244, 180, 219, -92, 24, 58, 
-375, -34, 341, 204, -358, 153, 244, 195, 209, -92, 24, 48, 
-375, -29, 346, 202, -361, 158, 244, 195, 214, -87, 24, 48, 
-375, -29, 346, 202, -361, 158, 244, 190, 219, -87, 24, 43, 
-375, -29, 346, 202, -361, 158, 244, 190, 219, -87, 24, 43, 
-380, -24, 356, 202, -368, 165, 234, 209, 219, -87, 19, 34, 
-390, -29, 361, 209, -375, 165, 234, 209, 229, -82, 24, 43, 
-380, -29, 351, 204, -366, 161, 234, 204, 234, -78, 24, 43, 
-380, -34, 346, 207, -363, 156, 229, 204, 239, -78, 24, 34, 
-380, -34, 346, 207, -363, 156, 229, 204, 229, -78, 24, 39, 
-380, -34, 346, 207, -363, 156, 229, 204, 234, -78, 19, 39, 
-400, -39, 361, 219, -380, 161, 229, 209, 239, -78, 19, 39, 
-405, -39, 366, 222, -385, 163, 229, 214, 244, -63, 19, 39, 
-414, -43, 370, 229, -392, 163, 234, 204, 258, -43, 39, 53, 
-409, -29, 380, 219, -395, 175, 239, 209, 263, -39, 43, 58, 
-439, -29, 409, 234, -424, 190, 234, 214, 268, -34, 53, 58, 
-448, -29, 419, 239, -434, 195, 224, 219, 273, -29, 53, 63, 
-439, -29, 409, 234, -424, 190, 234, 224, 268, -34, 53, 63, 
-448, -34, 414, 241, -431, 190, 234, 224, 273, -34, 53, 63, 
-458, -34, 424, 246, -441, 195, 234, 219, 273, -39, 53, 63, 
-463, -29, 434, 246, -448, 202, 234, 209, 273, -39, 53, 63, 
-453, -14, 439, 234, -446, 212, 244, 234, 283, -24, 53, 58, 
-444, -14, 429, 229, -436, 207, 248, 253, 287, -19, 58, 63, 
-448, -14, 434, 231, -441, 209, 248, 258, 297, -19, 63, 63, 
-444, -19, 424, 231, -434, 202, 248, 258, 297, -19, 63, 63, 
-434, -19, 414, 226, -424, 197, 234, 268, 287, -29, 58, 63, 
-434, -4, 429, 219, -431, 212, 234, 258, 297, -24, 58, 63, 
-434, 0, 434, 217, -434, 217, 234, 258, 297, -19, 68, 58, 
-419, 4, 424, 207, -422, 214, 244, 263, 302, -14, 68, 58, 
-409, 9, 419, 200, -414, 214, 244, 283, 317, -14, 78, 68, 
-429, 9, 439, 209, -434, 224, 244, 283, 326, -14, 78, 68, 
-458, 9, 468, 224, -463, 239, 248, 283, 326, 0, 87, 78, 
-458, 9, 468, 224, -463, 239, 248, 283, 326, 4, 87, 82, 
-453, 4, 458, 224, -456, 231, 248, 268, 322, -4, 78, 82, 
-453, 0, 453, 226, -453, 226, 248, 263, 322, -4, 82, 82, 
-468, -9, 458, 239, -463, 224, 253, 258, 322, 0, 82, 92, 
-483, -14, 468, 248, -475, 226, 253, 244, 322, 0, 87, 92, 
-473, 9, 483, 231, -478, 246, 263, 248, 326, -4, 97, 102, 
-468, 14, 483, 226, -475, 248, 268, 253, 331, 4, 97, 102, 
-463, 24, 488, 219, -475, 256, 268, 258, 336, 4, 97, 97, 
-463, 29, 492, 217, -478, 261, 268, 248, 341, 0, 97, 97, 
-468, 19, 488, 224, -478, 253, 273, 253, 341, 9, 97, 92, 
-468, 24, 492, 222, -480, 258, 283, 268, 341, 19, 112, 92, 
-468, 34, 502, 217, -485, 268, 292, 273, 341, 19, 112, 102, 
-478, 34, 512, 222, -495, 273, 297, 273, 336, 19, 107, 102, 
-502, 9, 512, 246, -507, 261, 297, 253, 341, 29, 112, 97, 
-517, -4, 512, 261, -514, 253, 297, 224, 336, 29, 112, 87, 
-507, 9, 517, 248, -512, 263, 302, 224, 336, 29, 112, 97, 
-512, 9, 522, 251, -517, 265, 312, 219, 336, 34, 112, 102, 
-536, -4, 531, 270, -534, 263, 302, 214, 322, 29, 102, 92, 
-536, -9, 527, 273, -531, 258, 297, 200, 317, 19, 102, 92, 
-497, -9, 488, 253, -492, 239, 292, 200, 312, 14, 107, 92, 
-473, 9, 483, 231, -478, 246, 292, 200, 312, 19, 112, 97, 
-478, 29, 507, 224, -492, 268, 287, 209, 322, 29, 117, 102, 
-468, 39, 507, 214, -488, 273, 278, 204, 317, 29, 122, 107, 
-444, 48, 492, 197, -468, 270, 273, 190, 312, 19, 122, 112, 
-434, 58, 492, 187, -463, 275, 268, 185, 312, 19, 126, 122, 
-463, 48, 512, 207, -488, 280, 268, 175, 322, 29, 136, 136, 
-488, 43, 531, 222, -509, 287, 258, 156, 312, 19, 136, 141, 
-507, 43, 551, 231, -529, 297, 258, 156, 307, 19, 141, 151, 
-512, 53, 566, 229, -539, 309, 258, 156, 302, 24, 141, 161, 
-517, 43, 561, 236, -539, 302, 244, 141, 292, 24, 136, 156, 
-522, 29, 551, 246, -536, 290, 239, 122, 283, 19, 136, 156, 
-527, 9, 536, 258, -531, 273, 219, 117, 268, 14, 131, 156, 
-522, 9, 531, 256, -527, 270, 214, 112, 258, 9, 131, 156, 
-492, 34, 527, 229, -509, 280, 209, 112, 258, 0, 131, 141, 
-478, 34, 512, 222, -495, 273, 200, 107, 253, -9, 126, 141, 
-473, 24, 497, 224, -485, 261, 190, 87, 244, -19, 126, 141, 
-453, 24, 478, 214, -466, 251, 190, 82, 229, -34, 126, 141, 
-444, 24, 468, 209, -456, 246, 200, 82, 229, -39, 112, 136, 
-444, 19, 463, 212, -453, 241, 190, 63, 214, -43, 112, 136, 
-444, 9, 453, 217, -448, 231, 180, 53, 204, -43, 112, 131, 
-439, 4, 444, 217, -441, 224, 180, 48, 204, -43, 112, 131, 
-424, 19, 444, 202, -434, 231, 156, 43, 200, -58, 122, 146, 
-405, 29, 434, 187, -419, 231, 151, 34, 190, -58, 122, 146, 
-395, 39, 434, 178, -414, 236, 146, 24, 180, -48, 117, 141, 
-380, 43, 424, 168, -402, 234, 146, 24, 175, -43, 117, 141, 
-380, 34, 414, 173, -397, 224, 151, 9, 175, -48, 107, 131, 
-366, 24, 390, 170, -378, 207, 136, 4, 161, -58, 102, 126, 
-361, 14, 375, 173, -368, 195, 136, 4, 151, -68, 97, 122, 
-366, 9, 375, 178, -370, 192, 136, 0, 151, -73, 97, 122, 
-361, 9, 370, 175, -366, 190, 136, -9, 151, -68, 87, 131, 
-346, 14, 361, 165, -353, 187, 126, -24, 141, -78, 87, 131, 
-331, 9, 341, 161, -336, 175, 122, -29, 131, -92, 82, 131, 
-322, 14, 336, 153, -329, 175, 122, -29, 122, -92, 78, 126, 
-302, 9, 312, 146, -307, 161, 122, -29, 112, -112, 82, 117, 
-302, 0, 302, 151, -302, 151, 122, -24, 107, -112, 82, 117, 
-292, -4, 287, 148, -290, 141, 122, -19, 102, -112, 78, 117, 
-283, -9, 273, 146, -278, 131, 117, -14, 97, -122, 73, 112, 
-263, -4, 258, 134, -261, 126, 107, -14, 92, -126, 73, 107, 
-253, -9, 244, 131, -248, 117, 107, -9, 87, -131, 68, 107, 
-244, -9, 234, 126, -239, 112, 102, 0, 92, -131, 63, 107, 
-229, 0, 229, 114, -229, 114, 102, 4, 87, -131, 63, 107, 
-204, 0, 204, 102, -204, 102, 82, -4, 78, -141, 63, 107, 
-200, 0, 200, 100, -200, 100, 68, -14, 73, -151, 53, 107, 
-200, -14, 185, 107, -192, 85, 58, -24, 58, -151, 43, 92, 
-195, -24, 170, 109, -183, 73, 43, -39, 43, -151, 39, 87, 
-180, -19, 161, 100, -170, 70, 48, -29, 48, -161, 39, 87, 
-156, -4, 151, 80, -153, 73, 48, -19, 43, -165, 39, 87, 
-126, 9, 136, 58, -131, 73, 53, -14, 43, -175, 34, 82, 
-112, -4, 107, 58, -109, 51, 58, -4, 39, -175, 24, 78, 
-146, -39, 107, 92, -126, 34, 58, -24, 34, -190, 19, 87, 
-175, -48, 126, 112, -151, 39, 58, -29, 29, -190, 19, 87, 
-214, -58, 156, 136, -185, 48, 53, -39, 24, -185, 14, 87, 
-253, -92, 161, 173, -207, 34, 53, -48, 14, -185, 14, 82, 
-209, -68, 141, 139, -175, 36, 43, -48, 4, -195, 14, 73, 
-185, -48, 136, 117, -161, 43, 43, -43, 4, -190, 24, 82, 
-170, -48, 122, 109, -146, 36, 43, -43, 4, -190, 14, 73, 
-156, -48, 107, 102, -131, 29, 43, -43, 0, -195, 4, 68, 
-161, -58, 102, 109, -131, 21, 39, -43, -9, -204, 0, 58, 
-161, -63, 97, 112, -129, 17, 39, -39, -9, -214, -4, 58, 
-165, -68, 97, 117, -131, 14, 39, -39, -14, -219, -9, 58, 
-175, -92, 82, 134, -129, -4, 39, -53, -14, -224, -14, 58, 
-161, -87, 73, 124, -117, -7, 39, -34, -14, -224, -14, 53, 
-156, -82, 73, 119, -114, -4, 39, -19, -14, -219, -14, 48, 
-151, -82, 68, 117, -109, -7, 39, -19, -14, -209, -14, 43, 
-156, -92, 63, 124, -109, -14, 34, -19, -14, -209, -19, 29, 
-141, -92, 48, 117, -95, -21, 43, -19, -4, -204, -9, 39, 
-126, -92, 34, 109, -80, -29, 48, -19, 0, -204, -9, 43, 
-146, -92, 53, 119, -100, -19, 48, -19, 0, -195, -9, 43, 
-156, -87, 68, 122, -112, -9, 48, -14, 0, -190, -9, 48, 
-161, -87, 73, 124, -117, -7, 53, -24, -9, -200, -9, 48, 
-165, -87, 78, 126, -122, -4, 58, -24, 0, -200, -9, 48, 
-170, -87, 82, 129, -126, -2, 63, -19, 0, -200, -4, 43, 
-170, -87, 82, 129, -126, -2, 63, -4, 0, -200, -4, 43, 
-151, -97, 53, 124, -102, -21, 73, 9, 4, -204, -14, 39, 
-141, -92, 48, 117, -95, -21, 82, 14, 4, -209, -24, 29, 
-136, -92, 43, 114, -90, -24, 92, 14, 9, -214, -29, 24, 
-136, -92, 43, 114, -90, -24, 102, 9, 9, -219, -34, 19, 
-146, -92, 53, 119, -100, -19, 112, 19, 19, -209, -19, 29, 
-146, -92, 53, 119, -100, -19, 117, 29, 24, -195, -19, 34, 
-146, -92, 53, 119, -100, -19, 126, 43, 24, -190, -19, 34, 
-146, -97, 48, 122, -97, -24, 126, 58, 34, -185, -19, 34, 
-136, -102, 34, 119, -85, -34, 117, 63, 39, -185, -19, 29, 
-136, -102, 34, 119, -85, -34, 107, 58, 34, -180, -19, 29, 
-146, -102, 43, 124, -95, -29, 102, 53, 29, -185, -24, 29, 
-146, -107, 39, 126, -92, -34, 97, 58, 24, -190, -29, 29, 
-136, -97, 39, 117, -87, -29, 87, 58, 29, -180, -19, 39, 
-131, -97, 34, 114, -82, -31, 87, 58, 34, -180, -19, 39, 
-131, -107, 24, 119, -78, -41, 87, 63, 34, -180, -24, 39, 
-141, -117, 24, 129, -82, -46, 87, 68, 34, -180, -24, 29, 
-151, -126, 24, 139, -87, -51, 82, 73, 53, -175, -34, 29, 
-141, -97, 43, 119, -92, -26, 87, 78, 58, -165, -34, 34, 
-141, -87, 53, 114, -97, -17, 82, 87, 63, -165, -24, 34, 
-146, -97, 48, 122, -97, -24, 73, 102, 63, -165, -24, 34, 
-146, -97, 48, 122, -97, -24, 82, 92, 53, -170, -19, 39, 
-131, -102, 29, 117, -80, -36, 87, 92, 58, -175, -24, 39, 
-126, -102, 24, 114, -75, -39, 87, 87, 58, -175, -24, 34, 
-126, -102, 24, 114, -75, -39, 87, 82, 63, -175, -19, 34, 
-136, -112, 24, 124, -80, -43, 97, 92, 78, -185, -19, 39, 
-126, -112, 14, 119, -70, -48, 97, 107, 82, -180, -19, 39, 
-136, -112, 24, 124, -80, -43, 102, 112, 82, -180, -19, 34, 
-136, -122, 14, 129, -75, -53, 102, 117, 82, -185, -19, 34, 
-122, -97, 24, 109, -73, -36, 87, 117, 78, -175, -29, 29, 
-112, -97, 14, 104, -63, -41, 78, 122, 78, -170, -29, 24, 
-102, -107, -4, 104, -48, -56, 63, 122, 68, -170, -34, 14, 
-97, -122, -24, 109, -36, -73, 53, 122, 68, -165, -34, 9, 
-117, -122, -4, 119, -56, -63, 68, 117, 82, -170, -29, 9, 
-126, -117, 9, 122, -68, -53, 73, 112, 82, -170, -19, 14, 
-136, -112, 24, 124, -80, -43, 73, 107, 82, -170, -29, 14, 
-141, -112, 29, 126, -85, -41, 73, 107, 82, -175, -29, 14, 
-131, -107, 24, 119, -78, -41, 82, 122, 87, -165, -29, 19, 
-122, -107, 14, 114, -68, -46, 82, 126, 92, -165, -29, 24, 
-122, -107, 14, 114, -68, -46, 78, 131, 92, -165, -29, 24, 
-131, -112, 19, 122, -75, -46, 73, 131, 92, -156, -29, 29, 
-131, -126, 4, 129, -68, -61, 63, 122, 78, -156, -39, 24, 
-126, -136, -9, 131, -58, -73, 63, 126, 78, -156, -39, 14, 
-117, -126, -9, 122, -53, -68, 63, 126, 73, -156, -39, 4, 
-107, -126, -19, 117, -43, -73, 63, 126, 73, -156, -39, 0, 
-107, -136, -29, 122, -39, -82, 68, 126, 73, -170, -43, 0, 
-117, -141, -24, 129, -46, -82, 68, 126, 73, -175, -43, 0, 
-126, -141, -14, 134, -56, -78, 68, 126, 73, -185, -48, 0, 
-126, -141, -14, 134, -56, -78, 68, 112, 73, -190, -48, -4, 
-107, -136, -29, 122, -39, -82, 73, 122, 78, -190, -43, 0, 
-107, -131, -24, 119, -41, -78, 78, 131, 78, -185, -34, 9, 
-97, -117, -19, 107, -39, -68, 82, 131, 82, -185, -29, 19, 
-92, -112, -19, 102, -36, -65, 78, 126, 87, -185, -24, 24, 
-73, -112, -39, 92, -17, -75, 68, 131, 82, -190, -39, 14, 
-68, -122, -53, 95, -7, -87, 73, 141, 78, -190, -39, 14, 
-78, -126, -48, 102, -14, -87, 73, 146, 78, -185, -39, 9, 
-73, -126, -53, 100, -9, -90, 78, 141, 73, -185, -39, 9, 
-78, -117, -39, 97, -19, -78, 78, 136, 63, -185, -24, 19, 
-87, -112, -24, 100, -31, -68, 78, 131, 73, -185, -24, 24, 
-102, -131, -29, 117, -36, -80, 73, 126, 63, -190, -24, 29, 
-112, -146, -34, 129, -39, -90, 53, 107, 58, -190, -29, 34, 
-87, -146, -58, 117, -14, -102, 39, 97, 48, -209, -39, 19, 
-68, -131, -63, 100, -2, -97, 48, 126, 48, -200, -39, 19, 
-107, -156, -48, 131, -29, -102, 48, 126, 58, -204, -39, 9, 
-82, -141, -58, 112, -12, -100, 39, 107, 43, -200, -29, 9, 
-68, -126, -58, 97, -4, -92, 39, 97, 39, -195, -29, 9, 
-53, -112, -58, 82, 2, -85, 39, 87, 34, -190, -29, 9, 
-39, -97, -58, 68, 9, -78, 39, 78, 29, -185, -29, 9, 
-48, -97, -48, 73, 0, -73, 48, 87, 34, -180, -19, 14, 
-43, -97, -53, 70, 4, -75, 39, 97, 34, -175, -19, 19, 
-48, -97, -48, 73, 0, -73, 39, 112, 39, -170, -19, 24, 
-53, -102, -48, 78, -2, -75, 39, 122, 39, -165, -19, 29, 
-53, -107, -53, 80, 0, -80, 29, 102, 24, -175, -24, 24, 
-53, -117, -63, 85, 4, -90, 19, 87, 19, -175, -29, 19, 
-53, -122, -68, 87, 7, -95, 9, 78, 9, -175, -39, 14, 
-53, -122, -68, 87, 7, -95, 0, 58, 4, -175, -43, 9, 
-48, -117, -68, 82, 9, -92, 4, 58, 14, -165, -34, 9, 
-58, -112, -53, 85, -2, -82, 4, 63, 14, -165, -34, 9, 
-43, -102, -58, 73, 7, -80, 9, 78, 14, -161, -34, 9, 
-39, -97, -58, 68, 9, -78, 14, 82, 14, -161, -34, 9, 
-53, -112, -58, 82, 2, -85, 24, 68, 9, -165, -34, 0, 
-53, -117, -63, 85, 4, -90, 24, 63, 4, -170, -34, 0, 
-43, -122, -78, 82, 17, -100, 24, 63, 0, -175, -34, 9, 
-43, -131, -87, 87, 21, -109, 19, 58, -4, -195, -34, 0, 
-48, -117, -68, 82, 9, -92, 24, 58, 4, -180, -34, 4, 
-53, -112, -58, 82, 2, -85, 29, 63, 4, -170, -34, 9, 
-53, -107, -53, 80, 0, -80, 39, 78, 4, -165, -34, 14, 
-48, -107, -58, 78, 4, -82, 43, 87, 4, -161, -34, 19, 
-39, -122, -82, 80, 21, -102, 34, 78, 4, -175, -34, 19, 
-39, -122, -82, 80, 21, -102, 34, 82, 4, -185, -34, 24, 
-29, -112, -82, 70, 26, -97, 34, 97, 4, -195, -34, 24, 
-19, -112, -92, 65, 36, -102, 34, 82, 0, -204, -34, 24, 
-29, -126, -97, 78, 34, -112, 43, 63, -4, -219, -39, 19, 
-39, -131, -92, 85, 26, -112, 43, 58, -9, -234, -43, 14, 
-19, -126, -107, 73, 43, -117, 43, 48, -14, -239, -48, 9, 
-14, -131, -117, 73, 51, -124, 43, 43, -19, -239, -53, 4, 
-34, -146, -112, 90, 39, -129, 34, 48, -29, -224, -53, 4, 
-43, -156, -112, 100, 34, -134, 34, 53, -29, -234, -53, 0, 
-58, -161, -102, 109, 21, -131, 34, 53, -34, -239, -58, -4, 
-68, -165, -97, 117, 14, -131, 34, 53, -34, -234, -58, -4, 
-53, -156, -102, 104, 24, -129, 43, 68, -19, -214, -48, 9, 
-43, -146, -102, 95, 29, -124, 43, 73, -19, -209, -43, 9, 
-39, -136, -97, 87, 29, -117, 43, 78, -19, -209, -43, 9, 
-29, -131, -102, 80, 36, -117, 43, 82, -19, -209, -43, 4, 
-9, -126, -117, 68, 53, -122, 39, 68, -29, -214, -63, -4, 
-4, -126, -122, 65, 58, -124, 29, 63, -29, -214, -63, -4, 
-4, -122, -117, 63, 56, -119, 24, 58, -29, -214, -58, 0, 
-9, -112, -102, 61, 46, -107, 24, 53, -29, -214, -58, 0, 
-14, -117, -102, 65, 43, -109, 39, 39, -43, -214, -63, 0, 
-19, -126, -107, 73, 43, -117, 43, 39, -43, -219, -63, 0, 
-29, -131, -102, 80, 36, -117, 48, 48, -39, -219, -63, 0, 
-34, -136, -102, 85, 34, -119, 53, 48, -39, -219, -58, 0, 
-24, -141, -117, 82, 46, -129, 39, 34, -53, -239, -68, -14, 
-39, -156, -117, 97, 39, -136, 34, 24, -58, -244, -73, -19, 
-39, -161, -122, 100, 41, -141, 29, 14, -58, -248, -73, -24, 
-39, -161, -122, 100, 41, -141, 24, 9, -58, -248, -73, -29, 
-48, -170, -122, 109, 36, -146, 24, 14, -58, -239, -68, -14, 
-53, -170, -117, 112, 31, -143, 29, 19, -58, -234, -68, -9, 
-53, -170, -117, 112, 31, -143, 34, 24, -58, -234, -68, -4, 
-43, -170, -126, 107, 41, -148, 39, 29, -53, -229, -68, 4, 
-43, -180, -136, 112, 46, -158, 34, 34, -68, -234, -68, -4, 
-43, -180, -136, 112, 46, -158, 34, 34, -73, -244, -73, -14, 
-34, -185, -151, 109, 58, -168, 34, 39, -78, -248, -82, -29, 
-34, -195, -161, 114, 63, -178, 34, 43, -82, -253, -87, -39, 
-24, -175, -151, 100, 63, -163, 34, 34, -78, -248, -87, -39, 
-29, -175, -146, 102, 58, -161, 34, 34, -73, -244, -87, -43, 
-14, -156, -141, 85, 63, -148, 39, 34, -68, -239, -87, -43, 
0, -136, -136, 68, 68, -136, 39, 39, -63, -229, -87, -39, 
-14, -146, -131, 80, 58, -139, 39, 29, -63, -239, -87, -29, 
-29, -156, -126, 92, 48, -141, 34, 29, -63, -244, -87, -29, 
-43, -165, -122, 104, 39, -143, 34, 24, -63, -248, -87, -29, 
-63, -175, -112, 119, 24, -143, 34, 24, -63, -253, -87, -29, 
-63, -180, -117, 122, 26, -148, 43, 19, -73, -268, -92, -39, 
-58, -180, -122, 119, 31, -151, 43, 19, -73, -268, -92, -39, 
-48, -180, -131, 114, 41, -156, 43, 19, -73, -263, -92, -34, 
-43, -180, -136, 112, 46, -158, 43, 19, -73, -258, -92, -34, 
-29, -180, -151, 104, 61, -165, 43, 39, -63, -258, -102, -43, 
-24, -175, -151, 100, 63, -163, 43, 43, -63, -258, -102, -43, 
-9, -170, -161, 90, 75, -165, 43, 48, -63, -258, -97, -34, 
4, -161, -165, 78, 85, -163, 43, 53, -53, -258, -97, -34, 
-39, -170, -131, 104, 46, -151, 63, 63, -34, -229, -78, -29, 
-73, -170, -97, 122, 12, -134, 87, 92, -19, -204, -87, -34, 
-78, -175, -97, 126, 9, -136, 92, 68, -14, -200, -82, -43, 
-122, -175, -53, 148, -34, -114, 117, 82, 14, -190, -73, -34, 
-136, -161, -24, 148, -56, -92, 122, 131, 48, -165, -63, -24, 
-122, -131, -9, 126, -56, -70, 122, 180, 68, -141, -68, -43, 
-126, -131, -4, 129, -61, -68, 151, 244, 122, -97, -53, -43, 
-146, -131, 14, 139, -80, -58, 200, 297, 209, -34, -19, -29, 
-122, -112, 9, 117, -65, -51, 214, 341, 287, 39, 19, -19, 
-112, -87, 24, 100, -68, -31, 224, 356, 351, 112, 78, 4, 
-102, -48, 53, 75, -78, 2, 224, 346, 409, 209, 170, 48, 
-87, -29, 58, 58, -73, 14, 219, 326, 429, 297, 268, 112, 
-58, -19, 39, 39, -48, 9, 170, 234, 380, 351, 341, 165, 
-9, -9, 0, 9, -4, -4, 92, 63, 253, 366, 409, 204, 
63, -14, -78, -24, 70, -46, 14, -112, 102, 351, 453, 244, 
146, -4, -151, -70, 148, -78, -87, -312, -102, 283, 458, 287, 
204, 9, -195, -107, 200, -92, -185, -595, -322, 170, 439, 317, 
234, 4, -229, -119, 231, -112, -287, -927, -531, 48, 409, 336, 
263, -14, -278, -124, 270, -146, -400, -1254, -775, -53, 414, 380, 
361, -4, -366, -178, 363, -185, -531, -1566, -1054, -180, 419, 429, 
483, 39, -444, -261, 463, -202, -673, -1849, -1307, -336, 390, 468, 
566, 43, -522, -305, 544, -239, -805, -2122, -1537, -517, 307, 458, 
614, -4, -619, -305, 617, -312, -927, -2366, -1732, -702, 190, 424, 
653, -63, -717, -295, 685, -390, -1015, -2513, -1908, -917, 58, 395, 
663, -102, -766, -280, 714, -434, -1073, -2596, -2049, -1112, -78, 361, 
683, -146, -829, -268, 756, -488, -1166, -2669, -2156, -1268, -175, 336, 
795, -195, -990, -300, 893, -592, -1283, -2674, -2220, -1381, -248, 307, 
936, -224, -1161, -356, 1049, -692, -1376, -2596, -2244, -1434, -292, 307, 
1049, -248, -1298, -400, 1173, -773, -1415, -2464, -2215, -1444, -317, 302, 
1088, -278, -1366, -405, 1227, -822, -1415, -2318, -2181, -1454, -356, 273, 
1107, -312, -1420, -397, 1263, -866, -1405, -2176, -2137, -1464, -395, 258, 
1161, -326, -1488, -417, 1324, -907, -1390, -2025, -2064, -1454, -405, 248, 
1224, -336, -1561, -444, 1393, -949, -1371, -1864, -1976, -1449, -439, 234, 
1263, -346, -1610, -458, 1437, -978, -1322, -1712, -1883, -1444, -468, 214, 
1263, -351, -1615, -456, 1439, -983, -1278, -1610, -1790, -1439, -492, 195, 
1244, -380, -1625, -431, 1434, -1002, -1229, -1556, -1727, -1420, -517, 165, 
1200, -385, -1586, -407, 1393, -985, -1176, -1498, -1659, -1400, -546, 122, 
1171, -400, -1571, -385, 1371, -985, -1112, -1410, -1595, -1366, -566, 78, 
1141, -409, -1551, -366, 1346, -980, -1044, -1302, -1527, -1322, -585, 29, 
1093, -424, -1517, -334, 1305, -971, -966, -1195, -1459, -1278, -585, -9, 
976, -434, -1410, -270, 1193, -922, -888, -1088, -1371, -1215, -575, -34, 
868, -429, -1298, -219, 1083, -863, -810, -976, -1278, -1141, -551, -24, 
805, -448, -1254, -178, 1029, -851, -746, -897, -1200, -1102, -546, -39, 
766, -468, -1234, -148, 1000, -851, -668, -810, -1107, -1078, -551, -48, 
688, -488, -1176, -100, 932, -832, -605, -707, -1024, -1029, -551, -68, 
644, -468, -1112, -87, 878, -790, -551, -639, -946, -971, -527, -78, 
663, -439, -1102, -112, 883, -771, -507, -580, -863, -932, -527, -102, 
619, -483, -1102, -68, 861, -793, -473, -522, -805, -902, -536, -170, 
531, -536, -1068, 2, 800, -802, -434, -453, -756, -863, -556, -234, 
517, -512, -1029, -2, 773, -771, -366, -385, -702, -810, -546, -268, 
527, -439, -966, -43, 746, -702, -302, -312, -629, -751, -517, -273, 
444, -409, -854, -17, 649, -631, -234, -200, -566, -678, -478, -263, 
287, -419, -707, 65, 497, -563, -170, -131, -497, -624, -429, -244, 
175, -444, -619, 134, 397, -531, -156, -146, -448, -585, -409, -234, 
161, -405, -566, 122, 363, -485, -146, -151, -395, -541, -395, -214, 
165, -336, -502, 85, 334, -419, -102, -87, -331, -478, -361, -190, 
146, -302, -448, 78, 297, -375, -92, -68, -297, -444, -346, -180, 
126, -307, -434, 90, 280, -370, -92, -107, -273, -439, -336, -170, 
117, -297, -414, 90, 265, -356, -82, -112, -248, -414, -317, -165, 
58, -297, -356, 119, 207, -326, -73, -78, -229, -390, -287, -161, 
-4, -307, -302, 156, 148, -305, -53, -43, -219, -366, -253, -151, 
-24, -292, -268, 158, 122, -280, -19, -14, -190, -317, -229, -126, 
-9, -258, -248, 134, 119, -253, 0, 39, -141, -278, -185, -102, 
-29, -234, -204, 131, 87, -219, 29, 107, -82, -239, -146, -73, 
-34, -204, -170, 119, 68, -187, 53, 136, -29, -195, -117, -48, 
-39, -195, -156, 117, 58, -175, 68, 146, -14, -185, -122, -58, 
-34, -200, -165, 117, 65, -183, 63, 146, -4, -175, -131, -78, 
-34, -209, -175, 122, 70, -192, 73, 141, -4, -175, -131, -82, 
-63, -214, -151, 139, 43, -183, 73, 136, -9, -170, -126, -82, 
-73, -214, -141, 143, 34, -178, 73, 126, -14, -161, -126, -87, 
-53, -204, -151, 129, 48, -178, 73, 126, -19, -161, -126, -97, 
-63, -204, -141, 134, 39, -173, 78, 146, -4, -151, -122, -78, 
-78, -204, -126, 141, 24, -165, 78, 165, 0, -141, -117, -68, 
-92, -209, -117, 151, 12, -163, 78, 175, 14, -141, -112, -63, 
-102, -214, -112, 158, 4, -163, 73, 190, 29, -131, -107, -53, 
-97, -204, -107, 151, 4, -156, 78, 190, 34, -131, -112, -68, 
-78, -204, -126, 141, 24, -165, 92, 190, 34, -131, -112, -73, 
-53, -180, -126, 117, 36, -153, 102, 180, 39, -117, -117, -73, 
-58, -180, -122, 119, 31, -151, 112, 180, 34, -112, -112, -78, 
-68, -175, -107, 122, 19, -141, 112, 175, 34, -107, -102, -82, 
-68, -175, -107, 122, 19, -141, 117, 175, 29, -102, -102, -82, 
-63, -170, -107, 117, 21, -139, 126, 175, 29, -102, -97, -78, 
-63, -170, -107, 117, 21, -139, 126, 185, 29, -102, -97, -78, 
-73, -185, -112, 129, 19, -148, 117, 204, 43, -102, -97, -78, 
-73, -190, -117, 131, 21, -153, 112, 209, 48, -97, -102, -73, 
-73, -190, -117, 131, 21, -153, 112, 214, 58, -97, -102, -68, 
-78, -190, -112, 134, 17, -151, 107, 209, 48, -92, -102, -73, 
-73, -190, -117, 131, 21, -153, 97, 204, 48, -78, -102, -82, 
-73, -180, -107, 126, 17, -143, 107, 204, 58, -73, -102, -82, 
-82, -175, -92, 129, 4, -134, 107, 214, 58, -68, -102, -82, 
-82, -175, -92, 129, 4, -134, 107, 200, 53, -58, -102, -82, 
-87, -185, -97, 136, 4, -141, 107, 185, 43, -68, -112, -82, 
-102, -190, -87, 146, -7, -139, 112, 190, 43, -73, -112, -82, 
-117, -200, -82, 158, -17, -141, 122, 190, 48, -73, -112, -78, 
-131, -209, -78, 170, -26, -143, 131, 185, 53, -73, -112, -78, 
-151, -209, -58, 180, -46, -134, 136, 170, 53, -58, -102, -73, 
-156, -209, -53, 183, -51, -131, 141, 170, 53, -53, -97, -73, 
-161, -209, -48, 185, -56, -129, 151, 175, 68, -43, -92, -63, 
-170, -209, -39, 190, -65, -124, 156, 175, 68, -39, -92, -63, 
-156, -209, -53, 183, -51, -131, 146, 175, 58, -43, -102, -78, 
-151, -209, -58, 180, -46, -134, 146, 180, 63, -48, -107, -82, 
-146, -219, -73, 183, -36, -146, 151, 190, 68, -48, -107, -92, 
-136, -219, -82, 178, -26, -151, 151, 200, 68, -53, -102, -97, 
-131, -204, -73, 168, -29, -139, 151, 209, 82, -39, -92, -92, 
-126, -190, -63, 158, -31, -126, 146, 219, 102, -34, -92, -87, 
-126, -185, -58, 156, -34, -122, 141, 224, 107, -29, -92, -82, 
-126, -185, -58, 156, -34, -122, 136, 234, 112, -24, -92, -82, 
-122, -190, -68, 156, -26, -129, 126, 229, 102, -4, -102, -92, 
-117, -170, -53, 143, -31, -112, 126, 234, 112, 9, -87, -87, 
-112, -175, -63, 143, -24, -119, 136, 234, 117, 24, -87, -87, 
-117, -190, -73, 153, -21, -131, 136, 234, 117, 34, -87, -87, 
-126, -214, -87, 170, -19, -151, 131, 248, 107, 29, -92, -102, 
-122, -214, -92, 168, -14, -153, 126, 258, 102, 19, -97, -102, 
-107, -214, -107, 161, 0, -161, 122, 258, 102, 14, -102, -97, 
-102, -209, -107, 156, 2, -158, 117, 248, 102, 14, -102, -87, 
-126, -209, -82, 168, -21, -146, 131, 248, 107, 24, -97, -78, 
-141, -204, -63, 173, -39, -134, 136, 244, 117, 29, -92, -78, 
-156, -204, -48, 180, -53, -126, 141, 234, 126, 29, -87, -82, 
-170, -204, -34, 187, -68, -119, 146, 229, 131, 29, -82, -82, 
-156, -180, -24, 168, -65, -102, 156, 253, 141, 53, -68, -82, 
-156, -175, -19, 165, -68, -97, 156, 258, 151, 63, -63, -73, 
-136, -165, -29, 151, -53, -97, 156, 258, 156, 73, -63, -73, 
-126, -161, -34, 143, -46, -97, 151, 263, 161, 78, -63, -82, 
-156, -170, -14, 163, -70, -92, 141, 263, 170, 78, -73, -97, 
-175, -180, -4, 178, -85, -92, 141, 263, 175, 78, -78, -97, 
-214, -195, 19, 204, -117, -87, 141, 268, 180, 78, -78, -97, 
-239, -204, 34, 222, -136, -85, 141, 273, 185, 92, -78, -97, 
-214, -190, 24, 202, -119, -82, 156, 283, 190, 102, -78, -92, 
-185, -175, 9, 180, -97, -82, 170, 287, 195, 107, -73, -87, 
-190, -175, 14, 183, -102, -80, 175, 292, 200, 112, -63, -87, 
-175, -175, 0, 175, -87, -87, 175, 297, 204, 117, -63, -82, 
-156, -165, -9, 161, -73, -87, 165, 307, 219, 131, -73, -82, 
-165, -170, -4, 168, -80, -87, 165, 312, 224, 141, -73, -82, 
-175, -170, 4, 173, -90, -82, 165, 312, 224, 146, -73, -82, 
-180, -165, 14, 173, -97, -75, 165, 307, 224, 156, -73, -82, 
-190, -151, 39, 170, -114, -56, 175, 331, 248, 170, -58, -68, 
-190, -151, 39, 170, -114, -56, 180, 351, 258, 175, -48, -53, 
-204, -151, 53, 178, -129, -48, 180, 356, 273, 175, -39, -43, 
-209, -156, 53, 183, -131, -51, 180, 356, 278, 175, -34, -34, 
-200, -146, 53, 173, -126, -46, 180, 356, 268, 195, -29, -39, 
-200, -131, 68, 165, -134, -31, 185, 346, 278, 209, -29, -43, 
-200, -126, 73, 163, -136, -26, 190, 346, 278, 224, -19, -53, 
-185, -122, 63, 153, -124, -29, 204, 351, 283, 239, -19, -58, 
-170, -107, 63, 139, -117, -21, 204, 366, 302, 244, -29, -73, 
-185, -107, 78, 146, -131, -14, 204, 370, 317, 248, -29, -78, 
-209, -107, 102, 158, -156, -2, 209, 375, 322, 268, -19, -73, 
-204, -107, 97, 156, -151, -4, 209, 380, 326, 278, -19, -73, 
-190, -117, 73, 153, -131, -21, 219, 385, 331, 268, -29, -73, 
-190, -117, 73, 153, -131, -21, 219, 390, 331, 258, -24, -73, 
-204, -122, 82, 163, -143, -19, 224, 395, 331, 253, -24, -63, 
-219, -122, 97, 170, -158, -12, 224, 390, 331, 244, -19, -63, 
-239, -117, 122, 178, -180, 2, 229, 375, 331, 268, 0, -63, 
-244, -122, 122, 183, -183, 0, 239, 370, 331, 297, 0, -63, 
-248, -122, 126, 185, -187, 2, 244, 366, 331, 317, 0, -68, 
-258, -126, 131, 192, -195, 2, 248, 346, 331, 331, 0, -68, 
-253, -122, 131, 187, -192, 4, 239, 346, 331, 336, -9, -53, 
-253, -112, 141, 183, -197, 14, 244, 356, 331, 351, 4, -53, 
-253, -97, 156, 175, -204, 29, 248, 356, 331, 356, 4, -43, 
-263, -92, 170, 178, -217, 39, 248, 351, 326, 361, 0, -43, 
-278, -122, 156, 200, -217, 17, 248, 336, 322, 341, -4, -39, 
-292, -141, 151, 217, -222, 4, 248, 312, 317, 331, -4, -48, 
-283, -131, 151, 207, -217, 9, 253, 317, 317, 322, -4, -39, 
-287, -136, 151, 212, -219, 7, 263, 317, 317, 317, -4, -34, 
-307, -136, 170, 222, -239, 17, 253, 307, 302, 326, -4, -39, 
-302, -136, 165, 219, -234, 14, 248, 297, 297, 322, -4, -43, 
-258, -131, 126, 195, -192, -2, 244, 302, 292, 322, 0, -48, 
-229, -107, 122, 168, -175, 7, 244, 307, 292, 331, 4, -48, 
-248, -117, 131, 183, -190, 7, 258, 317, 302, 331, 4, -58, 
-253, -117, 136, 185, -195, 9, 258, 312, 297, 331, 4, -58, 
-244, -117, 126, 180, -185, 4, 263, 297, 292, 322, 0, -58, 
-248, -117, 131, 183, -190, 7, 268, 292, 292, 322, 0, -53, 
-253, -107, 146, 180, -200, 19, 258, 283, 283, 336, 4, -39, 
-253, -102, 151, 178, -202, 24, 248, 263, 273, 341, 9, -34, 
-248, -92, 156, 170, -202, 31, 248, 263, 268, 356, 19, -24, 
-229, -73, 156, 151, -192, 41, 248, 263, 263, 375, 24, -14, 
-209, -82, 126, 146, -168, 21, 244, 263, 268, 395, 29, -19, 
-209, -87, 122, 148, -165, 17, 239, 248, 263, 400, 29, -19, 
-209, -97, 112, 153, -161, 7, 219, 248, 253, 405, 24, -19, 
-200, -87, 112, 143, -156, 12, 214, 248, 248, 409, 24, -19, 
-175, -82, 92, 129, -134, 4, 219, 248, 239, 395, 19, -34, 
-165, -82, 82, 124, -124, 0, 209, 244, 234, 380, 9, -34, 
-165, -92, 73, 129, -119, -9, 200, 224, 224, 366, 4, -34, 
-151, -92, 58, 122, -104, -17, 200, 219, 209, 346, 0, -34, 
-131, -82, 48, 107, -90, -17, 185, 204, 204, 331, -4, -29, 
-131, -87, 43, 109, -87, -21, 170, 180, 185, 326, -4, -19, 
-131, -97, 34, 114, -82, -31, 156, 165, 170, 326, -4, -14, 
-126, -102, 24, 114, -75, -39, 151, 156, 165, 326, -4, -4, 
-131, -117, 14, 124, -73, -51, 131, 146, 151, 336, 0, 0, 
-131, -117, 14, 124, -73, -51, 122, 131, 141, 351, 4, 0, 
-141, -117, 24, 129, -82, -46, 112, 117, 131, 375, 4, -4, 
-146, -122, 24, 134, -85, -48, 107, 112, 126, 395, 9, -4, 
-131, -122, 9, 126, -70, -56, 97, 117, 122, 380, -4, -9, 
-102, -122, -19, 112, -41, -70, 78, 112, 102, 370, -14, -19, 
-82, -122, -39, 102, -21, -80, 73, 112, 87, 361, -24, -29, 
-73, -117, -43, 95, -14, -80, 68, 107, 82, 356, -29, -34, 
-82, -131, -48, 107, -17, -90, 63, 92, 63, 341, -39, -24, 
-73, -131, -58, 102, -7, -95, 48, 73, 53, 331, -39, -24, 
-63, -141, -78, 102, 7, -109, 39, 63, 43, 317, -43, -24, 
-58, -141, -82, 100, 12, -112, 34, 58, 34, 317, -48, -29, 
-48, -131, -82, 90, 17, -107, 24, 53, 34, 307, -43, -24, 
-48, -136, -87, 92, 19, -112, 24, 53, 29, 307, -43, -19, 
-39, -136, -97, 87, 29, -117, 24, 53, 24, 307, -48, -14, 
-29, -136, -107, 82, 39, -122, 19, 53, 19, 297, -53, -14, 
-43, -161, -117, 102, 36, -139, 19, 34, -4, 283, -58, -19, 
-48, -175, -126, 112, 39, -151, 19, 29, -19, 278, -68, -19, 
-53, -185, -131, 119, 39, -158, 14, 29, -24, 278, -78, -19, 
-53, -185, -131, 119, 39, -158, 14, 24, -39, 278, -82, -19, 
-43, -175, -131, 109, 43, -153, 24, 14, -34, 287, -78, -19, 
-43, -175, -131, 109, 43, -153, 19, 14, -34, 287, -82, -19, 
-48, -190, -141, 119, 46, -165, 19, 14, -43, 297, -87, -34, 
-48, -200, -151, 124, 51, -175, 14, 9, -53, 307, -87, -39, 
-48, -209, -161, 129, 56, -185, 4, -4, -63, 307, -92, -39, 
-39, -200, -161, 119, 61, -180, 0, -9, -73, 302, -97, -39, 
-24, -190, -165, 107, 70, -178, 0, -19, -78, 292, -107, -43, 
-24, -209, -185, 117, 80, -197, 0, -24, -87, 292, -122, -48, 
-24, -209, -185, 117, 80, -197, 9, -34, -87, 278, -117, -48, 
-19, -204, -185, 112, 82, -195, 9, -29, -87, 278, -117, -48, 
-24, -200, -175, 112, 75, -187, 4, -29, -87, 283, -122, -48, 
-29, -219, -190, 124, 80, -204, 4, -29, -92, 283, -122, -53, 
-9, -214, -204, 112, 97, -209, 4, -29, -102, 287, -131, -58, 
0, -195, -195, 97, 97, -195, 4, -24, -102, 297, -122, -53, 
0, -195, -195, 97, 97, -195, 4, -24, -102, 302, -131, -68, 
0, -195, -195, 97, 97, -195, 4, -24, -107, 302, -141, -78, 
-14, -200, -185, 107, 85, -192, 19, -29, -102, 302, -136, -68, 
-14, -200, -185, 107, 85, -192, 19, -29, -97, 302, -131, -68, 
-19, -200, -180, 109, 80, -190, 19, -34, -97, 307, -126, -68, 
-29, -219, -190, 124, 80, -204, 19, -53, -92, 312, -122, -68, 
-39, -214, -175, 126, 68, -195, 29, -48, -82, 317, -112, -63, 
-39, -209, -170, 124, 65, -190, 29, -39, -82, 326, -112, -58, 
-39, -209, -170, 124, 65, -190, 29, -43, -82, 341, -112, -53, 
-48, -219, -170, 134, 61, -195, 24, -48, -82, 346, -117, -58, 
-29, -200, -170, 114, 70, -185, 34, -34, -82, 366, -112, -48, 
-9, -190, -180, 100, 85, -185, 39, -29, -78, 370, -107, -43, 
-24, -180, -156, 102, 65, -168, 39, -24, -78, 385, -102, -43, 
-29, -165, -136, 97, 53, -151, 39, -14, -78, 395, -97, -39, 
-19, -165, -146, 92, 63, -156, 53, -4, -63, 409, -87, -29, 
-19, -165, -146, 92, 63, -156, 58, -4, -48, 414, -87, -29, 
-19, -165, -146, 92, 63, -156, 63, 0, -43, 419, -82, -34, 
-14, -165, -151, 90, 68, -158, 63, 14, -39, 424, -82, -34, 
-4, -170, -165, 87, 80, -168, 48, 9, -39, 419, -97, -43, 
-4, -170, -165, 87, 80, -168, 43, 4, -43, 414, -102, -48, 
-9, -175, -165, 92, 78, -170, 39, -4, -43, 409, -102, -48, 
-19, -180, -161, 100, 70, -170, 34, -19, -48, 405, -102, -48, 
-4, -165, -161, 85, 78, -163, 24, -14, -43, 419, -87, -39, 
0, -161, -161, 80, 80, -161, 29, -9, -34, 429, -87, -34, 
4, -156, -161, 75, 82, -158, 39, 0, -29, 429, -87, -34, 
9, -156, -165, 73, 87, -161, 39, 9, -14, 429, -87, -34, 
19, -161, -180, 70, 100, -170, 43, 19, -4, 444, -82, -29, 
19, -161, -180, 70, 100, -170, 39, 19, -4, 453, -78, -29, 
9, -161, -170, 75, 90, -165, 39, 19, -4, 453, -78, -29, 
9, -165, -175, 78, 92, -170, 39, 29, -4, 453, -78, -29, 
0, -156, -156, 78, 78, -156, 29, 39, 0, 473, -78, -29, 
4, -156, -161, 75, 82, -158, 29, 39, 4, 473, -78, -29, 
4, -165, -170, 80, 87, -168, 29, 43, 4, 473, -82, -29, 
-4, -175, -170, 90, 82, -173, 29, 48, 4, 473, -82, -39, 
-4, -165, -161, 85, 78, -163, 39, 58, 4, 468, -82, -39, 
4, -136, -141, 65, 73, -139, 48, 58, 9, 478, -82, -34, 
4, -126, -131, 61, 68, -129, 48, 63, 14, 478, -73, -34, 
0, -136, -136, 68, 68, -136, 43, 73, 14, 478, -73, -34, 
-4, -151, -146, 78, 70, -148, 29, 78, 14, 478, -78, -29, 
4, -161, -165, 78, 85, -163, 29, 82, 19, 478, -82, -29, 
4, -165, -170, 80, 87, -168, 24, 82, 19, 483, -82, -34, 
0, -170, -170, 85, 85, -170, 19, 82, 24, 488, -78, -34, 
4, -156, -161, 75, 82, -158, 19, 87, 29, 492, -78, -29, 
19, -151, -170, 65, 95, -161, 19, 97, 34, 502, -78, -29, 
14, -146, -161, 65, 87, -153, 24, 97, 34, 507, -78, -34, 
19, -151, -170, 65, 95, -161, 24, 97, 34, 507, -78, -34, 
24, -141, -165, 58, 95, -153, 39, 87, 29, 497, -78, -34, 
24, -146, -170, 61, 97, -158, 39, 92, 29, 502, -78, -34, 
24, -161, -185, 68, 104, -173, 34, 92, 19, 502, -82, -39, 
19, -180, -200, 80, 109, -190, 34, 92, 19, 507, -82, -39, 
9, -161, -170, 75, 90, -165, 24, 102, 24, 502, -87, -39, 
9, -156, -165, 73, 87, -161, 24, 102, 24, 502, -78, -34, 
9, -151, -161, 70, 85, -156, 19, 102, 24, 502, -87, -34, 
14, -151, -165, 68, 90, -158, 14, 107, 24, 497, -87, -34, 
14, -151, -165, 68, 90, -158, 19, 87, 24, 488, -97, -34, 
24, -156, -180, 65, 102, -168, 14, 78, 24, 488, -97, -34, 
24, -161, -185, 68, 104, -173, 4, 68, 19, 488, -97, -39, 
14, -170, -185, 78, 100, -178, -4, 53, 14, 497, -97, -39, 
0, -165, -165, 82, 82, -165, 9, 63, 14, 488, -87, -24, 
-9, -175, -165, 92, 78, -170, 14, 78, 19, 488, -87, -24, 
-14, -165, -151, 90, 68, -158, 19, 87, 19, 488, -87, -24, 
-19, -165, -146, 92, 63, -156, 24, 97, 24, 488, -87, -19, 
-19, -175, -156, 97, 68, -165, 19, 92, 24, 483, -82, -19, 
-29, -180, -151, 104, 61, -165, 19, 87, 24, 478, -82, -19, 
-39, -180, -141, 109, 51, -161, 19, 82, 24, 468, -87, -19, 
-39, -180, -141, 109, 51, -161, 19, 63, 24, 463, -87, -24, 
-39, -185, -146, 112, 53, -165, 19, 63, 19, 463, -97, -24, 
-39, -190, -151, 114, 56, -170, 19, 73, 9, 468, -92, -19, 
-29, -185, -156, 107, 63, -170, 19, 73, 4, 468, -92, -14, 
-24, -190, -165, 107, 70, -178, 9, 68, 0, 468, -92, -14, 
-4, -185, -180, 95, 87, -183, 9, 63, 4, 463, -97, -24, 
0, -190, -190, 95, 95, -190, 14, 63, 0, 463, -97, -24, 
-9, -190, -180, 100, 85, -185, 14, 58, 0, 468, -97, -29, 
-4, -185, -180, 95, 87, -183, 19, 43, -4, 468, -97, -29, 
0, -170, -170, 85, 85, -170, 19, 48, 4, 463, -92, -24, 
0, -161, -161, 80, 80, -161, 19, 53, 14, 458, -92, -24, 
-4, -175, -170, 90, 82, -173, 14, 58, 4, 448, -92, -24, 
-4, -185, -180, 95, 87, -183, -4, 48, 0, 444, -97, -24, 
-9, -180, -170, 95, 80, -175, 4, 58, 0, 444, -97, -19, 
-19, -180, -161, 100, 70, -170, 9, 58, 0, 444, -97, -19, 
-34, -185, -151, 109, 58, -168, 14, 48, -4, 444, -97, -19, 
-43, -185, -141, 114, 48, -163, 14, 43, -4, 444, -97, -14, 
-29, -165, -136, 97, 53, -151, 19, 43, 0, 444, -97, -14, 
-19, -165, -146, 92, 63, -156, 29, 48, 0, 439, -97, -14, 
-14, -175, -161, 95, 73, -168, 39, 53, 0, 429, -102, -19, 
-4, -180, -175, 92, 85, -178, 43, 58, -4, 424, -102, -19, 
-4, -175, -170, 90, 82, -173, 43, 53, -4, 424, -102, -29, 
-4, -180, -175, 92, 85, -178, 43, 48, -4, 419, -102, -29, 
-4, -175, -170, 90, 82, -173, 39, 39, -4, 419, -102, -29, 
4, -170, -175, 82, 90, -173, 39, 34, -14, 419, -102, -29, 
4, -161, -165, 78, 85, -163, 39, 34, -14, 409, -107, -29, 
4, -156, -161, 75, 82, -158, 43, 29, -9, 409, -107, -29, 
4, -146, -151, 70, 78, -148, 48, 34, -4, 409, -107, -29, 
0, -146, -146, 73, 73, -146, 53, 39, 0, 414, -102, -24, 
0, -151, -151, 75, 75, -151, 68, 43, 4, 405, -92, -14, 
-4, -156, -151, 80, 73, -153, 73, 48, 9, 405, -92, -19, 
-4, -165, -161, 85, 78, -163, 73, 43, 9, 400, -97, -19, 
-19, -185, -165, 102, 73, -175, 63, 39, 4, 390, -102, -19, 
-19, -185, -165, 102, 73, -175, 73, 39, -4, 390, -112, -19, 
-19, -180, -161, 100, 70, -170, 73, 43, 0, 400, -107, -19, 
-19, -175, -156, 97, 68, -165, 78, 53, 0, 400, -107, -19, 
-19, -175, -156, 97, 68, -165, 78, 43, 0, 395, -107, -24, 
-29, -175, -146, 102, 58, -161, 87, 43, 9, 385, -107, -24, 
-24, -170, -146, 97, 61, -158, 87, 43, 9, 385, -102, -24, 
-24, -170, -146, 97, 61, -158, 87, 43, 9, 385, -102, -29, 
-24, -180, -156, 102, 65, -168, 87, 48, 4, 380, -107, -29, 
-24, -180, -156, 102, 65, -168, 87, 58, 4, 375, -107, -19, 
-14, -170, -156, 92, 70, -163, 87, 53, 4, 375, -107, -19, 
-14, -170, -156, 92, 70, -163, 82, 39, 0, 375, -112, -19, 
-14, -180, -165, 97, 75, -173, 78, 39, -4, 370, -117, -24, 
-24, -185, -161, 104, 68, -173, 78, 39, -4, 361, -117, -34, 
-34, -190, -156, 112, 61, -173, 82, 39, -4, 356, -112, -34, 
-39, -195, -156, 117, 58, -175, 82, 34, 0, 356, -112, -34, 
-43, -190, -146, 117, 51, -168, 82, 34, 4, 361, -112, -29, 
-14, -175, -161, 95, 73, -168, 78, 43, 9, 366, -107, -14, 
-14, -175, -161, 95, 73, -168, 68, 29, 4, 366, -102, -9, 
-34, -170, -136, 102, 51, -153, 63, 29, 9, 361, -97, -4, 
-39, -161, -122, 100, 41, -141, 58, 29, 14, 361, -92, 0, 
-29, -151, -122, 90, 46, -136, 58, 48, 14, 366, -87, -4, 
-34, -151, -117, 92, 41, -134, 58, 48, 14, 366, -87, -4, 
-34, -151, -117, 92, 41, -134, 58, 48, 14, 366, -87, -4, 
-29, -151, -122, 90, 46, -136, 58, 43, 14, 366, -82, -4, 
-19, -141, -122, 80, 51, -131, 53, 48, 9, 361, -82, -9, 
-14, -146, -131, 80, 58, -139, 53, 48, 9, 356, -82, -9, 
-9, -146, -136, 78, 63, -141, 58, 53, 19, 351, -82, -4, 
0, -141, -141, 70, 70, -141, 58, 58, 19, 346, -78, 0, 
0, -151, -151, 75, 75, -151, 53, 48, 19, 336, -78, 9, 
0, -151, -151, 75, 75, -151, 53, 43, 19, 336, -78, 9, 
-4, -156, -151, 80, 73, -153, 53, 39, 19, 336, -82, 4, 
-4, -156, -151, 80, 73, -153, 48, 39, 9, 336, -82, 4, 
-14, -161, -146, 87, 65, -153, 43, 34, 19, 322, -82, 14, 
-24, -161, -136, 92, 56, -148, 39, 34, 19, 322, -92, 9, 
-48, -170, -122, 109, 36, -146, 34, 29, 14, 317, -92, 9, 
-68, -175, -107, 122, 19, -141, 29, 29, 14, 312, -92, 14, 
-39, -170, -131, 104, 46, -151, 19, 34, 4, 302, -97, 4, 
-19, -165, -146, 92, 63, -156, 19, 29, 4, 302, -92, -4, 
4, -141, -146, 68, 75, -143, 19, 29, 4, 302, -97, -14, 
24, -126, -151, 51, 87, -139, 19, 43, 4, 302, -102, -24, 
4, -126, -131, 61, 68, -129, 29, 48, 19, 312, -92, 0, 
-14, -126, -112, 70, 48, -119, 39, 34, 24, 317, -82, 9, 
-29, -126, -97, 78, 34, -112, 48, 29, 29, 322, -73, 24, 
-39, -126, -87, 82, 24, -107, 58, 24, 34, 331, -63, 34, 
-43, -126, -82, 85, 19, -104, 53, 34, 29, 331, -58, 43, 
-43, -131, -87, 87, 21, -109, 53, 29, 24, 326, -58, 43, 
-43, -141, -97, 92, 26, -119, 53, 24, 19, 317, -58, 39, 
-43, -146, -102, 95, 29, -124, 53, 24, 14, 307, -58, 39, 
-39, -136, -97, 87, 29, -117, 43, 34, 9, 297, -58, 29, 
-48, -146, -97, 97, 24, -122, 34, 34, 9, 292, -58, 24, 
-48, -146, -97, 97, 24, -122, 34, 24, 9, 292, -73, 14, 
-48, -146, -97, 97, 24, -122, 39, 34, 9, 292, -63, 24, 
-43, -136, -92, 90, 24, -114, 34, 34, 9, 287, -63, 29, 
-39, -136, -97, 87, 29, -117, 34, 29, 4, 287, -68, 29, 
-58, -151, -92, 104, 17, -122, 24, 24, 4, 278, -68, 19, 
-53, -151, -97, 102, 21, -124, 24, 19, 4, 287, -63, 19, 
-48, -156, -107, 102, 29, -131, 19, 29, -4, 283, -73, 19, 
-43, -156, -112, 100, 34, -134, 19, 29, -4, 278, -73, 14, 
-43, -151, -107, 97, 31, -129, 9, 19, -4, 268, -73, 0, 
-34, -146, -112, 90, 39, -129, 9, 19, -4, 263, -73, -4, 
-29, -146, -117, 87, 43, -131, 9, 9, -14, 248, -78, -9, 
-29, -165, -136, 97, 53, -151, 9, 9, -14, 239, -87, -9, 
-34, -175, -141, 104, 53, -158, 4, 9, -24, 234, -97, -14, 
-29, -175, -146, 102, 58, -161, 4, 14, -24, 234, -102, -14, 
-39, -156, -117, 97, 39, -136, 14, 0, -24, 244, -97, -4, 
-48, -156, -107, 102, 29, -131, 19, 4, -24, 253, -82, 4, 
-58, -156, -97, 107, 19, -126, 24, -9, -29, 253, -78, 9, 
-78, -165, -87, 122, 4, -126, 29, -24, -34, 248, -78, 9, 
-87, -170, -82, 129, -2, -126, 29, 4, -19, 248, -68, 14, 
-97, -175, -78, 136, -9, -126, 34, 14, -9, 248, -68, 14, 
-97, -185, -87, 141, -4, -136, 29, 9, -19, 234, -68, 9, 
-87, -185, -97, 136, 4, -141, 39, 14, -29, 234, -68, 19, 
-87, -185, -97, 136, 4, -141, 39, 19, -29, 234, -68, 19, 
-87, -185, -97, 136, 4, -141, 39, 24, -29, 234, -68, 19, 
-87, -185, -97, 136, 4, -141, 39, 29, -29, 234, -68, 19, 
-82, -175, -92, 129, 4, -134, 48, 29, -19, 224, -68, 19, 
-78, -165, -87, 122, 4, -126, 48, 29, -19, 224, -68, 19, 
-73, -156, -82, 114, 4, -119, 48, 29, -19, 224, -68, 19, 
-68, -146, -78, 107, 4, -112, 48, 29, -19, 224, -68, 19, 
-82, -156, -73, 119, -4, -114, 43, 14, -24, 219, -78, 9, 
-87, -165, -78, 126, -4, -122, 39, 9, -29, 214, -78, 9, 
-87, -165, -78, 126, -4, -122, 34, 4, -39, 209, -78, 9, 
-82, -175, -92, 129, 4, -134, 19, 0, -43, 204, -78, 9, 
-68, -165, -97, 117, 14, -131, 29, 9, -39, 204, -68, 14, 
-63, -161, -97, 112, 17, -129, 39, 14, -39, 204, -68, 19, 
-58, -151, -92, 104, 17, -122, 48, 19, -39, 204, -68, 24, 
-53, -146, -92, 100, 19, -119, 58, 19, -39, 204, -68, 29, 
-68, -151, -82, 109, 7, -117, 58, 29, -34, 195, -63, 19, 
-73, -151, -78, 112, 2, -114, 58, 19, -34, 195, -63, 19, 
-78, -156, -78, 117, 0, -117, 53, 14, -34, 195, -63, 19, 
-97, -161, -63, 129, -17, -112, 53, 14, -34, 195, -63, 19, 
-73, -146, -73, 109, 0, -109, 58, 29, -24, 200, -63, 19, 
-68, -146, -78, 107, 4, -112, 63, 34, -24, 200, -63, 19, 
-68, -146, -78, 107, 4, -112, 63, 39, -24, 200, -63, 19, 
-63, -146, -82, 104, 9, -114, 63, 43, -24, 200, -63, 19, 
-53, -156, -102, 104, 24, -129, 53, 48, -34, 190, -73, 29, 
-53, -161, -107, 107, 26, -134, 48, 48, -34, 175, -73, 19, 
-68, -161, -92, 114, 12, -126, 48, 34, -34, 175, -73, 19, 
-73, -161, -87, 117, 7, -124, 48, 34, -34, 180, -73, 19, 
-58, -151, -92, 104, 17, -122, 63, 43, -24, 190, -68, 24, 
-48, -146, -97, 97, 24, -122, 63, 48, -24, 190, -63, 29, 
-43, -141, -97, 92, 26, -119, 63, 48, -24, 185, -58, 34, 
-39, -131, -92, 85, 26, -112, 63, 53, -24, 185, -53, 43, 
-43, -131, -87, 87, 21, -109, 73, 78, -19, 190, -48, 53, 
-48, -131, -82, 90, 17, -107, 73, 63, -19, 195, -43, 53, 
-78, -141, -63, 109, -7, -102, 73, 48, -14, 200, -39, 53, 
-107, -141, -34, 124, -36, -87, 73, 48, -9, 195, -34, 53, 
-92, -131, -39, 112, -26, -85, 73, 34, -9, 185, -34, 53, 
-92, -131, -39, 112, -26, -85, 73, 34, -9, 190, -34, 53, 
-92, -131, -39, 112, -26, -85, 73, 39, -9, 190, -34, 53, 
-92, -136, -43, 114, -24, -90, 73, 43, -9, 175, -34, 48, 
-87, -126, -39, 107, -24, -82, 73, 53, -24, 175, -48, 43, 
-87, -126, -39, 107, -24, -82, 73, 53, -24, 175, -48, 43, 
-82, -126, -43, 104, -19, -85, 73, 53, -19, 185, -48, 48, 
-82, -126, -43, 104, -19, -85, 73, 53, -19, 190, -43, 48, 
-92, -136, -43, 114, -24, -90, 73, 43, -9, 180, -34, 48, 
-97, -141, -43, 119, -26, -92, 73, 43, -9, 180, -34, 43, 
-87, -141, -53, 114, -17, -97, 73, 43, -9, 175, -43, 43, 
-92, -146, -53, 119, -19, -100, 68, 43, -9, 175, -43, 43, 
-112, -151, -39, 131, -36, -95, 68, 43, -9, 175, -39, 39, 
-126, -151, -24, 139, -51, -87, 73, 43, -9, 175, -39, 39, 
-122, -156, -34, 139, -43, -95, 73, 39, -14, 165, -43, 39, 
-126, -165, -39, 146, -43, -102, 73, 39, -14, 161, -43, 39, 
-102, -141, -39, 122, -31, -90, 78, 53, 0, 170, -43, 39, 
-82, -126, -43, 104, -19, -85, 82, 58, 0, 170, -39, 39, 
-53, -112, -58, 82, 2, -85, 87, 63, -4, 165, -39, 39, 
-48, -107, -58, 78, 4, -82, 92, 63, -9, 165, -43, 39, 
-53, -122, -68, 87, 7, -95, 92, 48, -9, 161, -34, 48, 
-58, -122, -63, 90, 2, -92, 92, 48, -9, 161, -34, 48, 
-63, -126, -63, 95, 0, -95, 87, 48, -9, 161, -29, 48, 
-73, -131, -58, 102, -7, -95, 87, 48, -9, 156, -29, 48, 
-82, -141, -58, 112, -12, -100, 78, 39, -9, 151, -29, 48, 
-82, -141, -58, 112, -12, -100, 78, 39, -4, 151, -29, 53, 
-92, -136, -43, 114, -24, -90, 82, 34, -4, 151, -24, 53, 
-102, -131, -29, 117, -36, -80, 82, 34, -4, 146, -24, 53, 
-82, -126, -43, 104, -19, -85, 82, 39, -14, 146, -39, 48, 
-73, -126, -53, 100, -9, -90, 82, 43, -14, 146, -39, 48, 
-68, -122, -53, 95, -7, -87, 82, 43, -14, 146, -39, 48, 
-68, -126, -58, 97, -4, -92, 82, 43, -14, 146, -39, 43, 
-73, -126, -53, 100, -9, -90, 78, 53, -4, 146, -29, 43, 
-68, -117, -48, 92, -9, -82, 78, 58, -4, 151, -29, 48, 
-73, -117, -43, 95, -14, -80, 78, 58, -4, 151, -29, 48, 
-78, -117, -39, 97, -19, -78, 73, 58, -4, 146, -29, 48, 
-73, -102, -29, 87, -21, -65, 82, 53, 4, 156, -19, 53, 
-73, -97, -24, 85, -24, -61, 82, 53, 4, 156, -19, 58, 
-73, -97, -24, 85, -24, -61, 82, 48, 4, 156, -24, 53, 
-68, -92, -24, 80, -21, -58, 82, 48, 4, 161, -24, 58, 
-63, -92, -29, 78, -17, -61, 73, 58, -4, 161, -24, 53, 
-63, -92, -29, 78, -17, -61, 73, 58, -4, 161, -24, 53, 
-63, -97, -34, 80, -14, -65, 73, 63, -4, 156, -24, 53, 
-73, -97, -24, 85, -24, -61, 73, 63, -4, 151, -24, 53, 
-63, -97, -34, 80, -14, -65, 53, 34, -14, 122, -48, 34, 
-102, -122, -19, 112, -41, -70, 53, 34, -4, 122, -39, 34, 
-146, -131, 14, 139, -80, -58, 73, 53, 14, 131, -19, 48, 
-141, -122, 19, 131, -80, -51, 87, 73, 29, 146, -19, 53, 
-146, -117, 29, 131, -87, -43, 92, 87, 43, 151, -24, 53, 
-190, -126, 63, 158, -126, -31, 117, 102, 63, 170, -24, 53, 
-204, -122, 82, 163, -143, -19, 131, 112, 78, 185, -14, 63, 
-180, -122, 58, 151, -119, -31, 131, 122, 87, 190, -9, 53, 
-165, -112, 53, 139, -109, -29, 161, 175, 122, 214, 4, 63, 
-204, -102, 102, 153, -153, 0, 200, 219, 170, 248, 19, 68, 
-219, -82, 136, 151, -178, 26, 244, 263, 239, 312, 48, 68, 
-200, -39, 161, 119, -180, 61, 283, 297, 331, 395, 97, 82, 
-190, -9, 180, 100, -185, 85, 292, 317, 390, 483, 151, 107, 
-204, 9, 214, 97, -209, 112, 258, 307, 429, 561, 209, 131, 
-185, 48, 234, 68, -209, 141, 219, 283, 448, 653, 292, 185, 
-117, 97, 214, 9, -165, 156, 170, 209, 409, 746, 400, 253, 
-53, 122, 175, -34, -114, 148, 92, 63, 287, 790, 492, 312, 
19, 141, 122, -80, -51, 131, -9, -87, 141, 810, 566, 375, 
97, 136, 39, -117, 29, 87, -97, -263, -29, 785, 624, 444, 
156, 151, -4, -153, 80, 73, -209, -517, -219, 712, 644, 492, 
214, 170, -43, -192, 129, 63, -322, -824, -424, 590, 619, 517, 
253, 170, -82, -212, 168, 43, -424, -1137, -673, 434, 585, 536, 
287, 136, -151, -212, 219, -7, -536, -1449, -946, 287, 566, 575, 
370, 102, -268, -236, 319, -82, -668, -1732, -1224, 107, 512, 575, 
429, 82, -346, -256, 387, -131, -800, -1966, -1449, -97, 414, 561, 
458, 53, -405, -256, 431, -175, -907, -2171, -1644, -292, 302, 541, 
468, -4, -473, -231, 470, -239, -1005, -2313, -1805, -497, 185, 536, 
497, -78, -575, -209, 536, -326, -1088, -2376, -1961, -683, 78, 522, 
561, -146, -707, -207, 634, -427, -1166, -2400, -2083, -873, -53, 483, 
663, -234, -897, -214, 780, -566, -1220, -2342, -2137, -1034, -195, 424, 
805, -297, -1102, -253, 954, -700, -1259, -2191, -2117, -1093, -278, 380, 
961, -297, -1259, -331, 1110, -778, -1288, -2025, -2054, -1093, -317, 361, 
1058, -312, -1371, -373, 1215, -841, -1278, -1893, -2000, -1093, -356, 317, 
1083, -346, -1429, -368, 1256, -888, -1263, -1781, -1937, -1093, -395, 278, 
1098, -375, -1473, -361, 1285, -924, -1263, -1659, -1888, -1088, -419, 253, 
1146, -385, -1532, -380, 1339, -958, -1244, -1527, -1815, -1073, -439, 234, 
1176, -390, -1566, -392, 1371, -978, -1190, -1405, -1722, -1068, -463, 224, 
1185, -400, -1586, -392, 1385, -993, -1132, -1302, -1629, -1058, -478, 195, 
1161, -414, -1576, -373, 1368, -995, -1078, -1215, -1551, -1039, -507, 170, 
1141, -439, -1581, -351, 1361, -1010, -1024, -1137, -1488, -1015, -546, 126, 
1112, -458, -1571, -326, 1342, -1015, -966, -1058, -1410, -1000, -566, 68, 
1073, -492, -1566, -290, 1320, -1029, -897, -1000, -1351, -966, -575, 19, 
1015, -502, -1517, -256, 1266, -1010, -829, -941, -1293, -922, -585, -24, 
917, -507, -1424, -204, 1171, -966, -751, -868, -1210, -858, -561, -43, 
805, -507, -1312, -148, 1058, -910, -658, -790, -1122, -800, -536, -58, 
717, -507, -1224, -104, 971, -866, -580, -712, -1039, -756, -522, -68, 
649, -497, -1146, -75, 897, -822, -507, -610, -946, -717, -522, -87, 
575, -497, -1073, -39, 824, -785, -424, -492, -849, -658, -507, -97, 
536, -497, -1034, -19, 785, -766, -361, -395, -746, -610, -507, -122, 
512, -473, -985, -19, 749, -729, -317, -326, -668, -561, -507, -161, 
483, -458, -941, -12, 712, -700, -287, -297, -600, -512, -507, -204, 
439, -434, -873, -2, 656, -653, -258, -258, -556, -468, -497, -239, 
400, -429, -829, 14, 614, -629, -214, -204, -512, -419, -488, -244, 
326, -429, -756, 51, 541, -592, -175, -170, -478, -375, -468, -253, 
258, -419, -678, 80, 468, -549, -141, -122, -439, -341, -439, -244, 
185, -385, -570, 100, 378, -478, -97, -58, -380, -292, -409, -214, 
122, -356, -478, 117, 300, -417, -48, -34, -326, -248, -366, -185, 
68, -326, -395, 129, 231, -361, -24, -29, -273, -224, -331, -151, 
19, -312, -331, 146, 175, -322, 4, -9, -229, -190, -297, -122, 
-29, -297, -268, 163, 119, -283, 24, 0, -175, -146, -258, -92, 
-78, -258, -180, 168, 51, -219, 43, 4, -122, -92, -209, -48, 
-87, -229, -141, 158, 26, -185, 53, 0, -92, -48, -170, -34, 
-102, -219, -117, 161, 7, -168, 53, 4, -92, -24, -156, -43, 
-131, -224, -92, 178, -19, -158, 68, 24, -73, -4, -151, -29, 
-156, -219, -63, 187, -46, -141, 97, 58, -53, 34, -117, -4, 
-146, -165, -19, 156, -63, -92, 136, 126, -4, 63, -78, 24, 
-141, -107, 34, 124, -87, -36, 161, 185, 48, 97, -48, 48, 
-165, -87, 78, 126, -122, -4, 175, 224, 82, 117, -24, 68, 
-170, -102, 68, 136, -119, -17, 180, 214, 102, 136, -14, 78, 
-170, -112, 58, 141, -114, -26, 180, 200, 107, 136, -14, 73, 
-200, -117, 82, 158, -141, -17, 180, 195, 107, 141, -9, 73, 
-209, -117, 92, 163, -151, -12, 180, 185, 107, 151, -9, 68, 
-190, -107, 82, 148, -136, -12, 180, 185, 107, 151, -9, 58, 
-185, -92, 92, 139, -139, 0, 185, 180, 97, 161, -9, 68, 
-195, -87, 107, 141, -151, 9, 185, 185, 97, 161, -9, 68, 
-204, -87, 117, 146, -161, 14, 185, 180, 107, 151, -9, 63, 
-209, -87, 122, 148, -165, 17, 180, 180, 117, 151, -9, 63, 
-234, -92, 141, 163, -187, 24, 185, 200, 126, 151, -9, 63, 
-224, -97, 126, 161, -175, 14, 200, 209, 131, 151, -4, 63, 
-209, -78, 131, 143, -170, 26, 209, 209, 141, 165, -4, 68, 
-224, -82, 141, 153, -183, 29, 219, 219, 141, 170, 4, 68, 
-244, -97, 146, 170, -195, 24, 209, 209, 146, 165, 4, 63, 
-244, -97, 146, 170, -195, 24, 214, 204, 146, 170, 4, 63, 
-239, -92, 146, 165, -192, 26, 224, 200, 151, 170, 9, 68, 
-239, -92, 146, 165, -192, 26, 224, 204, 156, 170, 9, 68, 
-239, -82, 156, 161, -197, 36, 219, 219, 151, 165, 9, 68, 
-239, -82, 156, 161, -197, 36, 219, 219, 156, 165, 4, 73, 
-239, -78, 161, 158, -200, 41, 224, 219, 165, 161, 4, 78, 
-244, -73, 170, 158, -207, 48, 224, 209, 156, 161, 4, 73, 
-258, -87, 170, 173, -214, 41, 229, 219, 156, 156, 4, 63, 
-258, -82, 175, 170, -217, 46, 244, 224, 165, 161, 4, 63, 
-268, -82, 185, 175, -226, 51, 248, 239, 165, 165, 4, 63, 
-268, -87, 180, 178, -224, 46, 253, 229, 161, 175, 4, 63, 
-268, -102, 165, 185, -217, 31, 239, 224, 161, 170, 0, 53, 
-268, -102, 165, 185, -217, 31, 239, 229, 161, 161, -4, 53, 
-268, -107, 161, 187, -214, 26, 244, 229, 165, 156, -9, 58, 
-268, -112, 156, 190, -212, 21, 248, 224, 170, 151, -14, 58, 
-292, -122, 170, 207, -231, 24, 244, 229, 161, 151, -14, 43, 
-292, -122, 170, 207, -231, 24, 239, 229, 161, 151, -9, 43, 
-292, -122, 170, 207, -231, 24, 239, 234, 175, 156, -4, 53, 
-297, -122, 175, 209, -236, 26, 234, 234, 175, 156, -4, 53, 
-302, -112, 190, 207, -246, 39, 234, 229, 180, 170, 9, 68, 
-307, -102, 204, 204, -256, 51, 234, 229, 190, 175, 9, 73, 
-312, -102, 209, 207, -261, 53, 239, 234, 200, 185, 14, 73, 
-312, -92, 219, 202, -265, 63, 239, 239, 204, 190, 24, 78, 
-322, -107, 214, 214, -268, 53, 234, 229, 195, 195, 14, 78, 
-331, -102, 229, 217, -280, 63, 224, 229, 209, 190, 14, 78, 
-346, -107, 239, 226, -292, 65, 214, 224, 209, 185, 14, 78, 
-361, -117, 244, 239, -302, 63, 204, 224, 209, 180, 14, 73, 
-341, -107, 234, 224, -287, 63, 204, 219, 209, 180, 24, 73, 
-331, -73, 258, 202, -295, 92, 204, 224, 219, 185, 39, 78, 
-322, -63, 258, 192, -290, 97, 214, 224, 224, 190, 39, 78, 
-322, -63, 258, 192, -290, 97, 214, 224, 224, 190, 39, 78, 
-346, -87, 258, 217, -302, 85, 204, 224, 224, 200, 29, 63, 
-346, -87, 258, 217, -302, 85, 204, 229, 219, 195, 29, 63, 
-336, -87, 248, 212, -292, 80, 204, 224, 219, 195, 29, 68, 
-336, -82, 253, 209, -295, 85, 204, 209, 219, 200, 34, 78, 
-341, -92, 248, 217, -295, 78, 224, 229, 229, 200, 43, 87, 
-346, -87, 258, 217, -302, 85, 224, 234, 234, 204, 43, 87, 
-351, -87, 263, 219, -307, 87, 224, 234, 239, 204, 43, 82, 
-356, -87, 268, 222, -312, 90, 224, 239, 239, 204, 43, 82, 
-370, -87, 283, 229, -326, 97, 224, 239, 239, 204, 48, 73, 
-380, -87, 292, 234, -336, 102, 224, 239, 248, 209, 53, 82, 
-370, -82, 287, 226, -329, 102, 224, 234, 253, 214, 53, 82, 
-370, -82, 287, 226, -329, 102, 219, 234, 258, 214, 53, 73, 
-385, -102, 283, 244, -334, 90, 219, 244, 248, 214, 48, 68, 
-390, -112, 278, 251, -334, 82, 219, 244, 253, 214, 39, 68, 
-414, -126, 287, 270, -351, 80, 219, 248, 258, 214, 34, 68, 
-424, -136, 287, 280, -356, 75, 219, 253, 263, 229, 29, 68, 
-405, -117, 287, 261, -346, 85, 229, 263, 278, 229, 48, 82, 
-380, -87, 292, 234, -336, 102, 239, 268, 283, 234, 53, 87, 
-390, -73, 317, 231, -353, 122, 239, 273, 287, 239, 63, 87, 
-380, -58, 322, 219, -351, 131, 234, 278, 292, 244, 63, 92, 
-366, -58, 307, 212, -336, 124, 224, 273, 297, 248, 73, 92, 
-380, -63, 317, 222, -348, 126, 224, 273, 302, 248, 73, 92, 
-395, -63, 331, 229, -363, 134, 224, 268, 302, 244, 73, 92, 
-405, -58, 346, 231, -375, 143, 224, 258, 302, 244, 73, 92, 
-395, -53, 341, 224, -368, 143, 239, 287, 322, 258, 82, 107, 
-385, -53, 331, 219, -358, 139, 248, 302, 326, 263, 87, 112, 
-390, -53, 336, 222, -363, 141, 253, 302, 336, 263, 92, 112, 
-385, -58, 326, 222, -356, 134, 258, 297, 336, 263, 92, 112, 
-395, -68, 326, 231, -361, 129, 244, 292, 322, 258, 82, 97, 
-395, -53, 341, 224, -368, 143, 234, 278, 326, 258, 78, 92, 
-395, -48, 346, 222, -370, 148, 224, 273, 322, 258, 82, 82, 
-380, -43, 336, 212, -358, 146, 224, 273, 322, 258, 78, 78, 
-361, -29, 331, 195, -346, 151, 229, 287, 336, 258, 87, 82, 
-370, -29, 341, 200, -356, 156, 234, 292, 346, 258, 87, 87, 
-390, -29, 361, 209, -375, 165, 244, 297, 346, 273, 97, 102, 
-380, -29, 351, 204, -366, 161, 248, 302, 346, 278, 97, 112, 
-380, -24, 356, 202, -368, 165, 263, 312, 356, 297, 112, 126, 
-395, -19, 375, 207, -385, 178, 268, 312, 361, 307, 122, 131, 
-424, -19, 405, 222, -414, 192, 278, 312, 366, 322, 126, 146, 
-453, -14, 439, 234, -446, 212, 283, 302, 370, 331, 136, 151, 
-458, -4, 453, 231, -456, 224, 273, 297, 370, 326, 146, 161, 
-458, -4, 453, 231, -456, 224, 278, 292, 370, 336, 146, 161, 
-458, 0, 458, 229, -458, 229, 278, 287, 370, 336, 146, 156, 
-463, 0, 463, 231, -463, 231, 278, 268, 370, 331, 146, 156, 
-468, -4, 463, 236, -466, 229, 287, 278, 380, 326, 136, 156, 
-468, -4, 463, 236, -466, 229, 292, 287, 380, 331, 151, 151, 
-468, 0, 468, 234, -468, 234, 297, 287, 380, 326, 151, 156, 
-478, -4, 473, 241, -475, 234, 297, 283, 375, 322, 146, 151, 
-473, -9, 463, 241, -468, 226, 283, 263, 370, 312, 151, 151, 
-478, -14, 463, 246, -470, 224, 278, 244, 366, 312, 151, 146, 
-458, 9, 468, 224, -463, 239, 278, 253, 366, 312, 151, 161, 
-453, 19, 473, 217, -463, 246, 283, 258, 366, 317, 151, 170, 
-497, 14, 512, 241, -505, 263, 287, 234, 361, 326, 161, 180, 
-507, 9, 517, 248, -512, 263, 287, 219, 356, 322, 161, 180, 
-478, 9, 488, 234, -483, 248, 287, 219, 351, 322, 165, 180, 
-463, 29, 492, 217, -478, 261, 292, 219, 351, 331, 170, 185, 
-478, 14, 492, 231, -485, 253, 302, 219, 361, 326, 161, 175, 
-478, 9, 488, 234, -483, 248, 297, 214, 356, 322, 161, 175, 
-463, 4, 468, 229, -466, 236, 297, 200, 351, 307, 156, 175, 
-463, 0, 463, 231, -463, 231, 297, 195, 351, 302, 156, 180, 
-478, -4, 473, 241, -475, 234, 287, 185, 336, 297, 146, 175, 
-488, -14, 473, 251, -480, 229, 278, 165, 322, 283, 146, 170, 
-492, -19, 473, 256, -483, 226, 278, 165, 312, 278, 151, 170, 
-483, -14, 468, 248, -475, 226, 278, 165, 302, 278, 151, 170, 
-463, -4, 458, 234, -461, 226, 283, 165, 302, 273, 156, 185, 
-463, -9, 453, 236, -458, 222, 287, 151, 302, 273, 156, 185, 
-463, -19, 444, 241, -453, 212, 278, 151, 297, 273, 151, 185, 
-453, -9, 444, 231, -448, 217, 283, 151, 297, 273, 151, 185, 
-434, 14, 448, 209, -441, 231, 283, 151, 297, 278, 161, 180, 
-419, 14, 434, 202, -427, 224, 278, 146, 292, 273, 156, 180, 
-414, 4, 419, 204, -417, 212, 273, 126, 283, 268, 156, 180, 
-395, 4, 400, 195, -397, 202, 278, 122, 268, 258, 156, 180, 
-395, -4, 390, 200, -392, 192, 273, 131, 258, 234, 141, 175, 
-395, -9, 385, 202, -390, 187, 258, 112, 244, 229, 141, 175, 
-395, -19, 375, 207, -385, 178, 244, 102, 234, 229, 141, 170, 
-390, -24, 366, 207, -378, 170, 239, 97, 234, 229, 141, 170, 
-375, -19, 356, 197, -366, 168, 239, 102, 244, 229, 156, 185, 
-366, -9, 356, 187, -361, 173, 239, 102, 239, 234, 161, 195, 
-366, 0, 366, 183, -366, 183, 239, 102, 234, 248, 161, 200, 
-361, 4, 366, 178, -363, 185, 244, 112, 234, 258, 165, 209, 
-346, 9, 356, 168, -351, 183, 234, 102, 224, 248, 161, 200, 
-326, 4, 331, 161, -329, 168, 214, 92, 209, 234, 151, 195, 
-317, 0, 317, 158, -317, 158, 209, 87, 200, 219, 141, 190, 
-317, 0, 317, 158, -317, 158, 204, 78, 200, 209, 136, 190, 
-326, -14, 312, 170, -319, 148, 204, 68, 200, 214, 136, 190, 
-317, -14, 302, 165, -309, 143, 195, 53, 190, 204, 136, 190, 
-307, -24, 283, 165, -295, 129, 190, 48, 180, 190, 131, 190, 
-302, -24, 278, 163, -290, 126, 190, 48, 170, 190, 126, 185, 
-297, -34, 263, 165, -280, 114, 170, 34, 165, 170, 122, 175, 
-302, -39, 263, 170, -283, 112, 161, 34, 156, 170, 122, 175, 
-297, -39, 258, 168, -278, 109, 151, 34, 146, 170, 117, 175, 
-292, -39, 253, 165, -273, 107, 136, 34, 136, 161, 112, 170, 
-283, -58, 224, 170, -253, 82, 117, 4, 117, 151, 107, 161, 
-273, -68, 204, 170, -239, 68, 117, 0, 107, 141, 97, 156, 
-263, -73, 190, 168, -226, 58, 112, 0, 107, 136, 87, 151, 
-248, -68, 180, 158, -214, 56, 112, -4, 97, 131, 82, 146, 
-234, -63, 170, 148, -202, 53, 112, 4, 97, 141, 87, 161, 
-229, -58, 170, 143, -200, 56, 107, 4, 102, 131, 82, 165, 
-229, -68, 161, 148, -195, 46, 107, 4, 97, 131, 78, 156, 
-224, -73, 151, 148, -187, 39, 102, 0, 92, 131, 78, 156, 
-234, -87, 146, 161, -190, 29, 92, 0, 82, 117, 78, 156, 
-224, -82, 141, 153, -183, 29, 87, 0, 73, 107, 78, 156, 
-209, -78, 131, 143, -170, 26, 87, -4, 68, 92, 73, 151, 
-209, -102, 107, 156, -158, 2, 87, -4, 58, 87, 63, 146, 
-224, -131, 92, 178, -158, -19, 82, -4, 53, 78, 53, 141, 
-224, -136, 87, 180, -156, -24, 78, 0, 48, 73, 48, 136, 
-234, -141, 92, 187, -163, -24, 68, 0, 43, 73, 39, 131, 
-244, -170, 73, 207, -158, -48, 63, 0, 34, 68, 34, 122, 
-209, -146, 63, 178, -136, -41, 73, 4, 39, 68, 43, 122, 
-195, -117, 78, 156, -136, -19, 73, 14, 43, 73, 53, 131, 
-190, -107, 82, 148, -136, -12, 73, 19, 48, 73, 43, 122, 
-185, -97, 87, 141, -136, -4, 73, 24, 48, 68, 34, 117, 
-185, -107, 78, 146, -131, -14, 78, 19, 39, 53, 34, 117, 
-180, -112, 68, 146, -124, -21, 78, 19, 39, 48, 34, 117, 
-180, -117, 63, 148, -122, -26, 78, 14, 34, 48, 34, 117, 
-185, -141, 43, 163, -114, -48, 78, -4, 34, 48, 34, 117, 
-185, -131, 53, 158, -119, -39, 78, 9, 43, 39, 29, 107, 
-185, -131, 53, 158, -119, -39, 78, 29, 43, 43, 24, 107, 
-185, -136, 48, 161, -117, -43, 78, 34, 43, 53, 19, 107, 
-195, -151, 43, 173, -119, -53, 73, 39, 43, 53, 9, 97, 
-175, -136, 39, 156, -107, -48, 73, 29, 43, 53, 14, 97, 
-156, -131, 24, 143, -90, -53, 78, 29, 48, 48, 19, 102, 
-170, -126, 43, 148, -107, -41, 78, 29, 48, 53, 24, 102, 
-175, -117, 58, 146, -117, -29, 78, 34, 48, 53, 29, 107, 
-170, -117, 53, 143, -112, -31, 78, 43, 48, 43, 19, 117, 
-165, -117, 48, 141, -107, -34, 78, 43, 58, 43, 19, 117, 
-161, -117, 43, 139, -102, -36, 78, 48, 58, 43, 24, 112, 
-151, -117, 34, 134, -92, -41, 73, 63, 58, 43, 24, 112, 
-151, -117, 34, 134, -92, -41, 82, 68, 63, 43, 19, 112, 
-151, -112, 39, 131, -95, -36, 82, 73, 63, 43, 14, 107, 
-156, -112, 43, 134, -100, -34, 82, 73, 68, 43, 14, 107, 
-165, -112, 53, 139, -109, -29, 82, 68, 68, 43, 14, 107, 
-180, -117, 63, 148, -122, -26, 82, 68, 68, 48, 19, 97, 
-185, -122, 63, 153, -124, -29, 87, 68, 73, 58, 19, 102, 
-190, -126, 63, 158, -126, -31, 97, 73, 73, 58, 19, 102, 
-195, -136, 58, 165, -126, -39, 97, 78, 82, 58, 19, 102, 
-180, -117, 63, 148, -122, -26, 97, 97, 97, 63, 34, 107, 
-175, -112, 63, 143, -119, -24, 97, 97, 102, 73, 39, 107, 
-180, -107, 73, 143, -126, -17, 102, 97, 107, 73, 39, 107, 
-175, -107, 68, 141, -122, -19, 107, 107, 112, 73, 39, 107, 
-170, -117, 53, 143, -112, -31, 117, 107, 107, 73, 34, 107, 
-161, -117, 43, 139, -102, -36, 117, 107, 112, 73, 29, 107, 
-156, -126, 29, 141, -92, -48, 117, 112, 112, 73, 19, 107, 
-161, -136, 24, 148, -92, -56, 117, 117, 112, 73, 14, 97, 
-170, -146, 24, 158, -97, -61, 117, 117, 122, 68, 24, 107, 
-161, -117, 43, 139, -102, -36, 126, 117, 126, 78, 24, 112, 
-161, -107, 53, 134, -107, -26, 126, 122, 131, 78, 34, 112, 
-165, -117, 48, 141, -107, -34, 122, 131, 131, 78, 34, 112, 
-185, -126, 58, 156, -122, -34, 131, 146, 131, 78, 39, 97, 
-180, -131, 48, 156, -114, -41, 136, 151, 136, 78, 34, 97, 
-185, -131, 53, 158, -119, -39, 136, 151, 136, 82, 34, 92, 
-195, -131, 63, 163, -129, -34, 136, 151, 141, 87, 39, 92, 
-195, -122, 73, 158, -134, -24, 141, 161, 156, 82, 39, 107, 
-185, -122, 63, 153, -124, -29, 146, 175, 161, 92, 39, 107, 
-195, -122, 73, 158, -134, -24, 156, 180, 161, 97, 39, 102, 
-195, -131, 63, 163, -129, -34, 161, 185, 161, 97, 39, 102, 
-175, -117, 58, 146, -117, -29, 165, 175, 175, 87, 39, 92, 
-170, -117, 53, 143, -112, -31, 165, 180, 175, 92, 39, 92, 
-165, -126, 39, 146, -102, -43, 161, 180, 165, 92, 34, 87, 
-165, -141, 24, 153, -95, -58, 161, 180, 165, 97, 34, 87, 
-180, -131, 48, 156, -114, -41, 156, 200, 170, 112, 39, 92, 
-185, -126, 58, 156, -122, -34, 161, 200, 170, 112, 48, 102, 
-190, -122, 68, 156, -129, -26, 161, 200, 170, 112, 39, 107, 
-190, -122, 68, 156, -129, -26, 161, 204, 170, 107, 39, 112, 
-185, -126, 58, 156, -122, -34, 156, 195, 175, 97, 39, 112, 
-170, -126, 43, 148, -107, -41, 151, 195, 180, 97, 39, 112, 
-165, -126, 39, 146, -102, -43, 141, 195, 180, 97, 39, 107, 
-170, -131, 39, 151, -104, -46, 131, 190, 180, 107, 39, 107, 
-175, -126, 48, 151, -112, -39, 141, 185, 175, 97, 39, 107, 
-175, -136, 39, 156, -107, -48, 141, 185, 175, 97, 39, 102, 
-170, -126, 43, 148, -107, -41, 141, 180, 170, 97, 39, 97, 
-165, -126, 39, 146, -102, -43, 141, 175, 170, 97, 39, 97, 
-151, -117, 34, 134, -92, -41, 141, 165, 165, 87, 34, 97, 
-156, -122, 34, 139, -95, -43, 136, 165, 161, 87, 34, 97, 
-161, -122, 39, 141, -100, -41, 131, 165, 156, 82, 29, 97, 
-156, -122, 34, 139, -95, -43, 126, 151, 151, 82, 29, 92, 
-151, -122, 29, 136, -90, -46, 117, 151, 151, 82, 29, 92, 
-156, -122, 34, 139, -95, -43, 117, 161, 146, 87, 34, 97, 
-151, -112, 39, 131, -95, -36, 117, 161, 146, 87, 34, 102, 
-151, -112, 39, 131, -95, -36, 107, 156, 146, 87, 34, 102, 
-151, -122, 29, 136, -90, -46, 97, 141, 136, 73, 19, 97, 
-156, -131, 24, 143, -90, -53, 102, 141, 126, 73, 19, 92, 
-175, -136, 39, 156, -107, -48, 102, 136, 122, 78, 19, 82, 
-180, -136, 43, 158, -112, -46, 107, 122, 112, 78, 19, 78, 
-151, -131, 19, 141, -85, -56, 112, 122, 102, 73, 24, 82, 
-146, -122, 24, 134, -85, -48, 107, 122, 112, 68, 24, 82, 
-146, -136, 9, 141, -78, -63, 97, 122, 102, 58, 24, 82, 
-141, -146, -4, 143, -68, -75, 73, 107, 97, 53, 19, 82, 
-126, -131, -4, 129, -61, -68, 82, 126, 102, 63, 24, 92, 
-126, -122, 4, 124, -65, -58, 87, 126, 107, 63, 29, 97, 
-131, -117, 14, 124, -73, -51, 92, 117, 107, 63, 34, 102, 
-131, -107, 24, 119, -78, -41, 92, 112, 112, 63, 39, 112, 
-136, -102, 34, 119, -85, -34, 82, 97, 97, 53, 34, 102, 
-136, -107, 29, 122, -82, -39, 87, 97, 97, 48, 29, 102, 
-141, -122, 19, 131, -80, -51, 92, 97, 97, 39, 19, 97, 
-141, -131, 9, 136, -75, -61, 92, 97, 92, 34, 14, 97, 
-141, -141, 0, 141, -70, -70, 87, 107, 82, 24, 4, 92, 
-141, -151, -9, 146, -65, -80, 82, 107, 82, 19, 4, 87, 
-141, -151, -9, 146, -65, -80, 73, 102, 82, 19, 4, 82, 
-131, -151, -19, 141, -56, -85, 68, 102, 73, 19, 4, 78, 
-122, -141, -19, 131, -51, -80, 63, 82, 68, 9, -9, 68, 
-112, -136, -24, 124, -43, -80, 63, 68, 68, 9, -9, 68, 
-102, -126, -24, 114, -39, -75, 63, 63, 68, 9, -9, 68, 
-97, -126, -29, 112, -34, -78, 63, 58, 68, 14, -4, 73, 
-112, -126, -14, 119, -48, -70, 82, 63, 73, 24, 14, 92, 
-131, -126, 4, 129, -68, -61, 92, 68, 78, 34, 24, 97, 
-146, -131, 14, 139, -80, -58, 97, 63, 78, 39, 29, 107, 
-175, -146, 29, 161, -102, -58, 92, 58, 73, 39, 34, 117, 
-161, -146, 14, 153, -87, -65, 102, 63, 73, 34, 24, 117, 
-156, -141, 14, 148, -85, -63, 102, 73, 78, 39, 29, 117, 
-151, -136, 14, 143, -82, -61, 107, 87, 78, 34, 29, 117, 
-146, -136, 9, 141, -78, -63, 107, 82, 78, 24, 29, 112, 
-156, -136, 19, 146, -87, -58, 97, 73, 68, 14, 24, 107, 
-151, -131, 19, 141, -85, -56, 97, 73, 68, 14, 24, 102, 
-151, -131, 19, 141, -85, -56, 97, 73, 68, 14, 19, 92, 
-151, -141, 9, 146, -80, -65, 97, 78, 63, 9, 9, 87, 
-161, -156, 4, 158, -82, -75, 97, 73, 53, 4, 19, 97, 
-151, -151, 0, 151, -75, -75, 97, 63, 53, 4, 19, 97, 
-151, -156, -4, 153, -73, -80, 92, 43, 48, 4, 14, 97, 
-151, -170, -19, 161, -65, -95, 87, 39, 43, 0, 9, 92, 
-146, -161, -14, 153, -65, -87, 102, 63, 53, 0, 0, 102, 
-151, -161, -9, 156, -70, -85, 112, 68, 53, -4, 4, 102, 
-151, -161, -9, 156, -70, -85, 117, 68, 58, -4, 4, 102, 
-151, -151, 0, 151, -75, -75, 122, 73, 63, 0, 4, 107, 
-131, -141, -9, 136, -61, -75, 107, 58, 53, 4, 4, 102, 
-131, -146, -14, 139, -58, -80, 97, 39, 43, 4, 4, 97, 
-151, -146, 4, 148, -78, -70, 92, 34, 43, 0, 4, 92, 
-156, -141, 14, 148, -85, -63, 87, 29, 43, 0, 4, 87, 
-141, -151, -9, 146, -65, -80, 97, 48, 43, -14, 0, 92, 
-141, -151, -9, 146, -65, -80, 97, 48, 43, -14, 0, 92, 
-136, -151, -14, 143, -61, -82, 97, 48, 43, -14, 0, 92, 
-126, -151, -24, 139, -51, -87, 97, 43, 43, -14, 4, 92, 
-131, -151, -19, 141, -56, -85, 102, 48, 39, -14, 4, 87, 
-131, -156, -24, 143, -53, -90, 102, 48, 39, -14, 4, 87, 
-131, -156, -24, 143, -53, -90, 107, 53, 48, -14, 4, 92, 
-126, -151, -24, 139, -51, -87, 107, 58, 48, -14, 9, 97, 
-117, -146, -29, 131, -43, -87, 112, 48, 48, -14, 9, 97, 
-117, -141, -24, 129, -46, -82, 112, 43, 48, -14, 9, 97, 
-122, -141, -19, 131, -51, -80, 112, 39, 48, -14, 4, 92, 
-122, -136, -14, 129, -53, -75, 107, 39, 39, -14, 4, 92, 
-126, -141, -14, 134, -56, -78, 102, 53, 29, -29, 0, 87, 
-131, -151, -19, 141, -56, -85, 97, 53, 29, -29, -14, 78, 
-151, -170, -19, 161, -65, -95, 92, 48, 24, -34, -19, 73, 
-165, -185, -19, 175, -73, -102, 87, 48, 24, -39, -24, 73, 
-136, -175, -39, 156, -48, -107, 78, 39, 24, -39, -14, 63, 
-117, -175, -58, 146, -29, -117, 78, 29, 24, -39, -4, 63, 
-92, -156, -63, 124, -14, -109, 78, 24, 24, -39, -4, 63, 
-73, -146, -73, 109, 0, -109, 78, 34, 24, -39, -4, 63, 
-78, -165, -87, 122, 4, -126, 63, 43, 14, -29, -14, 78, 
-92, -165, -73, 129, -9, -119, 58, 34, 14, -34, -14, 78, 
-102, -165, -63, 134, -19, -114, 53, 34, 14, -39, -14, 82, 
-107, -165, -58, 136, -24, -112, 48, 34, 14, -39, -14, 82, 
-107, -151, -43, 129, -31, -97, 53, 43, 4, -34, -9, 82, 
-112, -151, -39, 131, -36, -95, 53, 39, 4, -34, -9, 82, 
-117, -156, -39, 136, -39, -97, 53, 34, 4, -39, -9, 78, 
-122, -156, -34, 139, -43, -95, 53, 34, 4, -43, -9, 78, 
-97, -165, -68, 131, -14, -117, 43, 29, -9, -53, -19, 68, 
-107, -175, -68, 141, -19, -122, 34, 24, -9, -58, -19, 63, 
-107, -175, -68, 141, -19, -122, 34, 9, -9, -58, -34, 53, 
-107, -175, -68, 141, -19, -122, 39, 14, -9, -58, -24, 63, 
-126, -180, -53, 153, -36, -117, 43, 19, -9, -73, -34, 68, 
-136, -185, -48, 161, -43, -117, 43, 19, -14, -73, -39, 68, 
-170, -204, -34, 187, -68, -119, 34, 19, -14, -82, -39, 58, 
-180, -209, -29, 195, -75, -119, 34, 19, -14, -73, -34, 58, 
-156, -190, -34, 173, -61, -112, 53, 29, -9, -58, -29, 68, 
-141, -185, -43, 163, -48, -114, 68, 29, -4, -53, -24, 73, 
-131, -175, -43, 153, -43, -109, 73, 19, 0, -53, -19, 68, 
-112, -165, -53, 139, -29, -109, 87, 19, 4, -48, -14, 73, 
-107, -165, -58, 136, -24, -112, 78, 9, 0, -63, -19, 73, 
-107, -185, -78, 146, -14, -131, 68, 9, -4, -73, -29, 68, 
-112, -195, -82, 153, -14, -139, 53, 9, -19, -78, -39, 58, 
-107, -195, -87, 151, -9, -141, 43, 14, -24, -78, -43, 53, 
-107, -180, -73, 143, -17, -126, 58, 14, -4, -68, -39, 68, 
-107, -175, -68, 141, -19, -122, 58, 24, -4, -58, -24, 73, 
-107, -170, -63, 139, -21, -117, 58, 14, -9, -58, -19, 73, 
-117, -175, -58, 146, -29, -117, 58, 4, -14, -63, -19, 68, 
-146, -170, -24, 158, -61, -97, 68, 34, 0, -43, -9, 73, 
-185, -156, 29, 170, -107, -63, 82, 14, 9, -34, 9, 92, 
-175, -146, 29, 161, -102, -58, 78, -19, 19, -29, 19, 97, 
-161, -161, 0, 161, -80, -80, 73, -14, 4, -34, 4, 92, 
-156, -165, -9, 161, -73, -87, 68, -9, 0, -39, 0, 87, 
-151, -170, -19, 161, -65, -95, 63, -4, -4, -43, -4, 82, 
-146, -175, -29, 161, -58, -102, 58, 0, -9, -48, -9, 78, 
-156, -180, -24, 168, -65, -102, 68, -9, -9, -58, -9, 68, 
-156, -185, -29, 170, -63, -107, 68, -9, -9, -58, -9, 68, 
-156, -190, -34, 173, -61, -112, 68, -9, -9, -58, -9, 68, 
-156, -195, -39, 175, -58, -117, 68, -9, -9, -58, -9, 68, 
-141, -185, -43, 163, -48, -114, 58, 0, -9, -58, -19, 68, 
-136, -185, -48, 161, -43, -117, 58, 0, -9, -58, -19, 68, 
-131, -185, -53, 158, -39, -119, 58, 0, -9, -58, -19, 68, 
-126, -185, -58, 156, -34, -122, 58, 0, -9, -58, -19, 68, 
-136, -175, -39, 156, -48, -107, 58, 0, -19, -68, -29, 63, 
-136, -175, -39, 156, -48, -107, 58, 0, -19, -68, -29, 58, 
-136, -175, -39, 156, -48, -107, 58, 0, -19, -68, -29, 53, 
-136, -175, -39, 156, -48, -107, 58, 0, -19, -68, -29, 48, 
-156, -195, -39, 175, -58, -117, 58, -9, -19, -78, -29, 39, 
-165, -204, -39, 185, -63, -122, 58, -9, -19, -78, -29, 39, 
-175, -214, -39, 195, -68, -126, 58, -9, -19, -78, -29, 39, 
-185, -224, -39, 204, -73, -131, 58, -9, -19, -78, -29, 39, 
-156, -209, -53, 183, -51, -131, 58, 4, -9, -68, -19, 43, 
-136, -195, -58, 165, -39, -126, 58, 9, -9, -58, -19, 48, 
-117, -180, -63, 148, -26, -122, 58, 14, -9, -48, -19, 53, 
-97, -165, -68, 131, -14, -117, 58, 19, -9, -39, -19, 58, 
-107, -165, -58, 136, -24, -112, 48, 14, 0, -29, -9, 58, 
-107, -165, -58, 136, -24, -112, 48, 9, 0, -29, -9, 58, 
-107, -165, -58, 136, -24, -112, 48, 4, 0, -29, -9, 58, 
-107, -165, -58, 136, -24, -112, 48, 0, 0, -29, -9, 58, 
-102, -165, -63, 134, -19, -114, 58, 4, 0, -39, -9, 58, 
-92, -156, -63, 124, -14, -109, 58, 9, -4, -39, -9, 58, 
-78, -156, -78, 117, 0, -117, 48, 14, -4, -39, -9, 58, 
-73, -156, -82, 114, 4, -119, 48, 24, 0, -39, -9, 58, 
-78, -170, -92, 124, 7, -131, 58, 14, -9, -53, -14, 48, 
-82, -170, -87, 126, 2, -129, 68, 14, -9, -58, -19, 48, 
-87, -175, -87, 131, 0, -131, 78, 9, -9, -63, -24, 48, 
-92, -175, -82, 134, -4, -129, 87, 9, -14, -68, -34, 48, 
-92, -180, -87, 136, -2, -134, 97, -9, -24, -68, -34, 43, 
-92, -180, -87, 136, -2, -134, 92, -14, -24, -68, -34, 39, 
-107, -180, -73, 143, -17, -126, 92, -14, -24, -68, -34, 34, 
-97, -175, -78, 136, -9, -126, 97, -4, -24, -63, -34, 29, 
-102, -185, -82, 143, -9, -134, 97, 0, -14, -53, -24, 43, 
-112, -185, -73, 148, -19, -129, 92, 4, -14, -53, -24, 48, 
-117, -185, -68, 151, -24, -126, 87, 9, -14, -53, -24, 53, 
-112, -185, -73, 148, -19, -129, 82, 19, -14, -53, -24, 68, 
-97, -175, -78, 136, -9, -126, 87, 19, -9, -63, -19, 73, 
-107, -170, -63, 139, -21, -117, 87, 4, -4, -58, -14, 78, 
-107, -165, -58, 136, -24, -112, 87, 4, 0, -48, -9, 82, 
-102, -161, -58, 131, -21, -109, 92, 14, 4, -43, -4, 87, 
-112, -170, -58, 141, -26, -114, 87, 24, 0, -43, -4, 82, 
-117, -180, -63, 148, -26, -122, 82, 29, -4, -48, -4, 78, 
-122, -185, -63, 153, -29, -124, 78, 39, -9, -48, -4, 78, 
-117, -180, -63, 148, -26, -122, 73, 58, -14, -48, -4, 73, 
-107, -185, -78, 146, -14, -131, 58, 19, -34, -53, -14, 53, 
-122, -200, -78, 161, -21, -139, 53, -9, -39, -58, -24, 43, 
-136, -204, -68, 170, -34, -136, 48, -24, -43, -73, -34, 34, 
-122, -200, -78, 161, -21, -139, 43, -43, -48, -78, -43, 24, 
-131, -204, -73, 168, -29, -139, 53, -34, -39, -82, -43, 29, 
-131, -209, -78, 170, -26, -143, 53, -29, -39, -82, -43, 34, 
-131, -219, -87, 175, -21, -153, 53, -24, -39, -97, -43, 34, 
-136, -224, -87, 180, -24, -156, 53, -24, -43, -107, -48, 34, 
-136, -214, -78, 175, -29, -146, 63, -24, -53, -107, -48, 43, 
-131, -214, -82, 173, -24, -148, 63, -24, -48, -97, -48, 48, 
-131, -214, -82, 173, -24, -148, 63, -24, -48, -92, -43, 48, 
-136, -214, -78, 175, -29, -146, 63, -24, -48, -92, -43, 48, 
-136, -224, -87, 180, -24, -156, 58, -14, -48, -82, -43, 34, 
-122, -229, -107, 175, -7, -168, 53, -14, -48, -87, -53, 34, 
-122, -239, -117, 180, -2, -178, 43, -14, -48, -87, -53, 34, 
-126, -244, -117, 185, -4, -180, 39, -14, -48, -87, -48, 39, 
-126, -224, -97, 175, -14, -161, 48, 0, -43, -87, -48, 29, 
-107, -219, -112, 163, 2, -165, 53, 0, -43, -97, -53, 29, 
-97, -219, -122, 158, 12, -170, 58, 4, -39, -102, -53, 29, 
-92, -214, -122, 153, 14, -168, 63, 19, -29, -102, -53, 29, 
-107, -224, -117, 165, 4, -170, 53, 9, -43, -112, -58, 29, 
-112, -234, -122, 173, 4, -178, 53, 0, -53, -117, -58, 29, 
-141, -253, -112, 197, -14, -183, 53, -14, -63, -117, -63, 29, 
-156, -263, -107, 209, -24, -185, 53, -29, -68, -117, -63, 29, 
-131, -253, -122, 192, -4, -187, 43, -24, -68, -102, -63, 24, 
-117, -248, -131, 183, 7, -190, 39, -19, -68, -97, -58, 19, 
-107, -244, -136, 175, 14, -190, 39, -14, -68, -97, -58, 14, 
-92, -239, -146, 165, 26, -192, 39, -9, -68, -102, -58, 9, 
-97, -229, -131, 163, 17, -180, 48, -19, -58, -82, -53, 19, 
-112, -224, -112, 168, 0, -168, 53, -24, -53, -73, -43, 24, 
-126, -219, -92, 173, -17, -156, 53, -24, -48, -68, -39, 29, 
-131, -219, -87, 175, -21, -153, 53, -19, -43, -58, -39, 29, 
-126, -214, -87, 170, -19, -151, 63, -4, -34, -48, -34, 43, 
-126, -204, -78, 165, -24, -141, 63, -4, -34, -48, -29, 48, 
-131, -204, -73, 168, -29, -139, 63, -4, -34, -48, -24, 48, 
-117, -185, -68, 151, -24, -126, 68, -4, -34, -48, -19, 53, 
-107, -180, -73, 143, -17, -126, 68, 0, -34, -53, -29, 58, 
-107, -185, -78, 146, -14, -131, 68, 0, -34, -53, -29, 58, 
-107, -190, -82, 148, -12, -136, 63, 0, -34, -58, -29, 58, 
-107, -195, -87, 151, -9, -141, 63, -4, -34, -63, -29, 58, 
-92, -190, -97, 141, 2, -143, 63, 4, -34, -73, -39, 48, 
-87, -190, -102, 139, 7, -146, 63, 0, -34, -82, -43, 39, 
-78, -185, -107, 131, 14, -146, 63, 0, -34, -87, -43, 39, 
-63, -180, -117, 122, 26, -148, 63, 0, -34, -87, -43, 43, 
-73, -185, -112, 129, 19, -148, 63, 9, -34, -82, -34, 53, 
-73, -195, -122, 134, 24, -158, 63, 14, -34, -82, -34, 53, 
-82, -200, -117, 141, 17, -158, 63, 14, -34, -82, -34, 53, 
-82, -204, -122, 143, 19, -163, 63, 14, -34, -82, -29, 63, 
-82, -200, -117, 141, 17, -158, 63, -4, -43, -73, -48, 43, 
-97, -209, -112, 153, 7, -161, 73, -14, -24, -63, -39, 39, 
-92, -209, -117, 151, 12, -163, 78, 4, -9, -48, -39, 34, 
-97, -185, -87, 141, -4, -136, 102, 48, 24, -24, -34, 34, 
-122, -195, -73, 158, -24, -134, 126, 92, 53, -14, -24, 34, 
-156, -229, -73, 192, -41, -151, 131, 131, 68, -9, -14, 24, 
-161, -219, -58, 190, -51, -139, 131, 161, 87, 4, -19, 24, 
-165, -200, -34, 183, -65, -117, 151, 185, 141, 48, 4, 24, 
-165, -170, -4, 168, -80, -87, 200, 229, 219, 112, 39, 39, 
-170, -141, 29, 156, -100, -56, 244, 283, 297, 195, 87, 58, 
-180, -117, 63, 148, -122, -26, 234, 307, 361, 278, 126, 73, 
-170, -97, 73, 134, -122, -12, 214, 297, 400, 366, 190, 97, 
-136, -68, 68, 102, -102, 0, 200, 278, 439, 463, 278, 151, 
-68, -9, 58, 39, -63, 24, 151, 185, 409, 546, 390, 234, 
0, 19, 19, -9, -9, 19, 63, -4, 302, 580, 468, 302, 
92, 34, -58, -63, 75, -12, -43, -219, 141, 575, 531, 361, 
165, 43, -122, -104, 143, -39, -126, -429, -43, 536, 575, 414, 
185, 48, -136, -117, 161, -43, -204, -683, -234, 444, 585, 453, 
214, 34, -180, -124, 197, -73, -336, -1015, -453, 302, 536, 453, 
263, 24, -239, -143, 251, -107, -448, -1371, -727, 151, 492, 468, 
322, 4, -317, -163, 319, -156, -541, -1712, -995, 4, 468, 497, 
375, -19, -395, -178, 385, -207, -663, -2015, -1249, -161, 409, 507, 
419, -63, -483, -178, 451, -273, -805, -2278, -1468, -351, 297, 468, 
458, -102, -561, -178, 509, -331, -936, -2474, -1673, -556, 180, 444, 
536, -122, -658, -207, 597, -390, -1054, -2610, -1830, -741, 87, 444, 
605, -161, -766, -222, 685, -463, -1141, -2703, -1971, -917, -9, 439, 
653, -263, -917, -195, 785, -590, -1205, -2727, -2108, -1102, -146, 375, 
756, -361, -1117, -197, 936, -739, -1273, -2615, -2161, -1263, -297, 297, 
888, -380, -1268, -253, 1078, -824, -1337, -2469, -2156, -1327, -380, 258, 
980, -395, -1376, -292, 1178, -885, -1376, -2337, -2127, -1366, -434, 244, 
1010, -463, -1473, -273, 1241, -968, -1376, -2171, -2074, -1376, -473, 214, 
1049, -507, -1556, -270, 1302, -1032, -1346, -2000, -2010, -1366, -502, 200, 
1132, -502, -1634, -314, 1383, -1068, -1332, -1859, -1937, -1346, -512, 180, 
1176, -502, -1678, -336, 1427, -1090, -1312, -1717, -1849, -1322, -517, 165, 
1195, -512, -1708, -341, 1451, -1110, -1273, -1586, -1756, -1307, -536, 136, 
1205, -497, -1703, -353, 1454, -1100, -1229, -1473, -1664, -1293, -561, 97, 
1205, -517, -1722, -344, 1464, -1119, -1190, -1390, -1590, -1273, -585, 48, 
1171, -541, -1712, -314, 1442, -1127, -1127, -1293, -1532, -1244, -614, 4, 
1132, -566, -1698, -283, 1415, -1132, -1063, -1234, -1478, -1220, -624, -29, 
1054, -595, -1649, -229, 1351, -1122, -1005, -1205, -1429, -1195, -644, -68, 
956, -629, -1586, -163, 1271, -1107, -917, -1127, -1361, -1132, -653, -107, 
878, -600, -1478, -139, 1178, -1039, -819, -1000, -1263, -1049, -624, -122, 
819, -566, -1385, -126, 1102, -976, -741, -888, -1161, -985, -600, -112, 
736, -566, -1302, -85, 1019, -934, -668, -810, -1073, -946, -595, -136, 
668, -566, -1234, -51, 951, -900, -580, -732, -980, -902, -590, -165, 
610, -566, -1176, -21, 893, -871, -507, -629, -888, -854, -570, -185, 
556, -575, -1132, 9, 844, -854, -444, -531, -810, -814, -566, -204, 
527, -566, -1093, 19, 810, -829, -390, -453, -746, -775, -556, -239, 
502, -551, -1054, 24, 778, -802, -366, -375, -688, -736, -556, -278, 
453, -536, -990, 41, 722, -763, -326, -326, -639, -668, -536, -283, 
390, -522, -912, 65, 651, -717, -287, -317, -595, -614, -517, -278, 
283, -507, -790, 112, 536, -649, -234, -283, -551, -556, -497, -273, 
190, -507, -697, 158, 444, -602, -195, -239, -497, -522, -478, -273, 
131, -507, -639, 187, 385, -573, -161, -219, -458, -497, -458, -253, 
78, -502, -580, 212, 329, -541, -136, -185, -409, -468, -409, -224, 
34, -473, -507, 219, 270, -490, -97, -141, -356, -434, -366, -195, 
39, -385, -424, 173, 231, -405, -63, -136, -283, -390, -312, -170, 
48, -322, -370, 136, 209, -346, -43, -136, -229, -336, -268, -131, 
9, -307, -317, 148, 163, -312, -24, -117, -204, -302, -239, -102, 
-9, -287, -278, 148, 134, -283, -14, -102, -170, -258, -209, -78, 
-48, -278, -229, 163, 90, -253, 14, -68, -131, -204, -170, -53, 
-92, -297, -204, 195, 56, -251, 34, -34, -122, -180, -156, -43, 
-102, -283, -180, 192, 39, -231, 48, -4, -112, -170, -161, -39, 
-107, -258, -151, 183, 21, -204, 68, 58, -63, -131, -126, -14, 
-146, -263, -117, 204, -14, -190, 97, 107, -14, -92, -87, 24, 
-170, -263, -92, 217, -39, -178, 102, 107, 9, -87, -68, 29, 
-165, -234, -68, 200, -48, -151, 107, 107, 24, -87, -53, 29, 
-180, -229, -48, 204, -65, -139, 122, 107, 43, -78, -43, 29, 
-175, -234, -58, 204, -58, -146, 117, 92, 39, -73, -58, 19, 
-200, -244, -43, 222, -78, -143, 112, 87, 29, -73, -58, 14, 
-204, -248, -43, 226, -80, -146, 107, 78, 19, -68, -63, 4, 
-180, -244, -63, 212, -58, -153, 102, 78, 9, -73, -68, -9, 
-190, -253, -63, 222, -63, -158, 97, 82, 0, -68, -68, -19, 
-204, -253, -48, 229, -78, -151, 97, 97, 0, -63, -68, -19, 
-219, -258, -39, 239, -90, -148, 97, 102, 9, -68, -68, -24, 
-229, -263, -34, 246, -97, -148, 92, 112, 19, -63, -68, -24, 
-234, -253, -19, 244, -107, -136, 92, 102, 39, -63, -58, -14, 
-214, -244, -29, 229, -92, -136, 102, 102, 43, -63, -53, -14, 
-190, -209, -19, 200, -85, -114, 107, 92, 53, -48, -53, -9, 
-195, -200, -4, 197, -95, -102, 112, 92, 53, -43, -43, -9, 
-190, -214, -24, 202, -82, -119, 102, 92, 43, -34, -53, 4, 
-185, -214, -29, 200, -78, -122, 107, 97, 39, -24, -53, 4, 
-175, -209, -34, 192, -70, -122, 117, 102, 39, -19, -48, 9, 
-170, -209, -39, 190, -65, -124, 117, 117, 39, -14, -48, 9, 
-185, -219, -34, 202, -75, -126, 112, 112, 43, -9, -58, -4, 
-190, -229, -39, 209, -75, -134, 112, 112, 48, -9, -63, -4, 
-195, -234, -39, 214, -78, -136, 117, 112, 58, -14, -63, -4, 
-204, -239, -34, 222, -85, -136, 117, 102, 48, -14, -63, -14, 
-200, -239, -39, 219, -80, -139, 126, 112, 58, -24, -63, -24, 
-200, -229, -29, 214, -85, -129, 136, 117, 68, -24, -63, -24, 
-209, -224, -14, 217, -97, -119, 136, 131, 68, -24, -63, -24, 
-209, -224, -14, 217, -97, -119, 136, 122, 63, -19, -63, -24, 
-195, -234, -39, 214, -78, -136, 131, 131, 63, -29, -63, -14, 
-190, -229, -39, 209, -75, -134, 131, 141, 63, -43, -63, -14, 
-185, -229, -43, 207, -70, -136, 136, 146, 68, -53, -63, -9, 
-180, -229, -48, 204, -65, -139, 141, 146, 73, -63, -63, -9, 
-209, -214, -4, 212, -102, -109, 146, 131, 82, -43, -48, 0, 
-214, -209, 4, 212, -109, -102, 151, 131, 82, -34, -39, 4, 
-219, -204, 14, 212, -117, -95, 161, 136, 97, -19, -29, 19, 
-229, -200, 29, 214, -129, -85, 165, 136, 97, -9, -24, 24, 
-239, -214, 24, 226, -131, -95, 165, 131, 92, -9, -29, 14, 
-239, -219, 19, 229, -129, -100, 165, 131, 92, -9, -39, 4, 
-239, -234, 4, 236, -122, -114, 170, 136, 92, -4, -43, -9, 
-234, -239, -4, 236, -114, -122, 170, 141, 87, -4, -43, -19, 
-244, -239, 4, 241, -124, -117, 175, 146, 97, 4, -43, -9, 
-253, -229, 24, 241, -139, -102, 175, 151, 112, 4, -43, -9, 
-268, -229, 39, 248, -153, -95, 175, 151, 112, 4, -43, -9, 
-283, -234, 48, 258, -165, -92, 175, 156, 112, 4, -43, -14, 
-278, -248, 29, 263, -153, -109, 165, 146, 112, 14, -53, -14, 
-273, -229, 43, 251, -158, -92, 165, 156, 122, 19, -39, -9, 
-268, -234, 34, 251, -151, -100, 175, 161, 126, 24, -39, -9, 
-273, -248, 24, 261, -148, -112, 175, 165, 126, 24, -39, -9, 
-283, -263, 19, 273, -151, -122, 185, 170, 131, 14, -48, -14, 
-278, -263, 14, 270, -146, -124, 185, 180, 131, 9, -48, -14, 
-263, -263, 0, 263, -131, -131, 185, 180, 136, 9, -48, -9, 
-258, -258, 0, 258, -129, -129, 185, 170, 141, 14, -43, 0, 
-258, -244, 14, 251, -136, -114, 209, 185, 151, 14, -43, 0, 
-258, -234, 24, 246, -141, -104, 214, 185, 156, 19, -43, 0, 
-258, -229, 29, 244, -143, -100, 219, 180, 161, 19, -43, -4, 
-258, -224, 34, 241, -146, -95, 224, 180, 161, 19, -43, -4, 
-268, -214, 53, 241, -161, -80, 234, 180, 151, 39, -29, 4, 
-283, -214, 68, 248, -175, -73, 244, 180, 161, 53, -24, 14, 
-278, -209, 68, 244, -173, -70, 253, 175, 165, 68, -24, 14, 
-283, -209, 73, 246, -178, -68, 258, 175, 170, 78, -24, 4, 
-273, -209, 63, 241, -168, -73, 248, 200, 180, 87, -14, 9, 
-273, -209, 63, 241, -168, -73, 248, 204, 185, 87, -19, 9, 
-292, -214, 78, 253, -185, -68, 248, 214, 190, 87, -19, 9, 
-297, -214, 82, 256, -190, -65, 248, 224, 195, 102, -19, 9, 
-287, -200, 87, 244, -187, -56, 244, 224, 209, 92, -14, 4, 
-273, -185, 87, 229, -180, -48, 239, 229, 214, 87, -14, 9, 
-292, -185, 107, 239, -200, -39, 224, 234, 219, 82, -9, 9, 
-292, -185, 107, 239, -200, -39, 204, 239, 224, 78, -14, 14, 
-287, -190, 97, 239, -192, -46, 214, 258, 239, 87, -9, 4, 
-302, -200, 102, 251, -202, -48, 214, 263, 244, 92, -4, 4, 
-317, -204, 112, 261, -214, -46, 214, 263, 244, 92, 0, 4, 
-326, -204, 122, 265, -224, -41, 214, 258, 244, 97, 4, 4, 
-312, -195, 117, 253, -214, -39, 200, 258, 239, 122, 0, -4, 
-307, -190, 117, 248, -212, -36, 200, 253, 239, 126, 0, -4, 
-317, -185, 131, 251, -224, -26, 195, 234, 244, 126, 0, -9, 
-317, -185, 131, 251, -224, -26, 190, 209, 239, 126, -4, -14, 
-336, -195, 141, 265, -239, -26, 185, 219, 239, 131, 4, 4, 
-346, -180, 165, 263, -256, -7, 185, 209, 248, 141, 9, 14, 
-356, -175, 180, 265, -268, 2, 185, 209, 248, 151, 24, 19, 
-351, -170, 180, 261, -265, 4, 195, 214, 253, 161, 29, 29, 
-341, -175, 165, 258, -253, -4, 195, 219, 253, 170, 29, 19, 
-361, -175, 185, 268, -273, 4, 195, 214, 258, 170, 29, 19, 
-390, -175, 214, 283, -302, 19, 200, 209, 253, 185, 39, 29, 
-390, -175, 214, 283, -302, 19, 200, 204, 248, 190, 39, 34, 
-366, -170, 195, 268, -280, 12, 190, 195, 253, 180, 29, 24, 
-356, -165, 190, 261, -273, 12, 180, 195, 253, 170, 34, 24, 
-361, -165, 195, 263, -278, 14, 175, 195, 253, 165, 34, 34, 
-366, -161, 204, 263, -285, 21, 165, 185, 253, 156, 39, 34, 
-366, -151, 214, 258, -290, 31, 170, 185, 263, 170, 58, 58, 
-361, -151, 209, 256, -285, 29, 180, 185, 263, 180, 58, 63, 
-356, -146, 209, 251, -283, 31, 185, 185, 263, 180, 58, 63, 
-356, -146, 209, 251, -283, 31, 190, 170, 263, 175, 58, 68, 
-370, -146, 224, 258, -297, 39, 180, 161, 263, 175, 58, 63, 
-370, -141, 229, 256, -300, 43, 185, 170, 263, 185, 73, 63, 
-370, -131, 239, 251, -305, 53, 190, 170, 263, 185, 73, 73, 
-380, -131, 248, 256, -314, 58, 190, 165, 258, 185, 68, 73, 
-390, -141, 248, 265, -319, 53, 185, 151, 263, 190, 73, 78, 
-400, -151, 248, 275, -324, 48, 180, 126, 258, 195, 73, 68, 
-385, -131, 253, 258, -319, 61, 180, 131, 258, 200, 73, 78, 
-385, -126, 258, 256, -322, 65, 185, 131, 258, 209, 73, 82, 
-429, -156, 273, 292, -351, 58, 190, 107, 239, 204, 63, 73, 
-448, -165, 283, 307, -366, 58, 190, 92, 229, 195, 63, 73, 
-429, -170, 258, 300, -344, 43, 190, 92, 219, 190, 68, 73, 
-424, -156, 268, 290, -346, 56, 195, 92, 214, 195, 73, 78, 
-419, -156, 263, 287, -341, 53, 195, 102, 214, 190, 63, 78, 
-409, -156, 253, 283, -331, 48, 190, 97, 209, 185, 63, 78, 
-385, -156, 229, 270, -307, 36, 190, 82, 204, 170, 58, 78, 
-375, -156, 219, 265, -297, 31, 190, 78, 204, 165, 58, 82, 
-370, -146, 224, 258, -297, 39, 180, 58, 204, 175, 63, 73, 
-370, -141, 229, 256, -300, 43, 170, 39, 195, 175, 68, 73, 
-366, -131, 234, 248, -300, 51, 170, 39, 190, 185, 78, 78, 
-346, -112, 234, 229, -290, 61, 170, 39, 185, 200, 82, 82, 
-346, -112, 234, 229, -290, 61, 175, 43, 185, 204, 78, 87, 
-356, -117, 239, 236, -297, 61, 180, 34, 185, 204, 78, 87, 
-366, -126, 239, 246, -302, 56, 170, 39, 180, 204, 73, 87, 
-366, -117, 248, 241, -307, 65, 175, 43, 180, 204, 73, 87, 
-361, -112, 248, 236, -305, 68, 180, 34, 170, 190, 73, 87, 
-351, -122, 229, 236, -290, 53, 170, 19, 165, 185, 68, 92, 
-351, -141, 209, 246, -280, 34, 161, -9, 156, 180, 68, 97, 
-336, -151, 185, 244, -261, 17, 161, -24, 141, 170, 68, 102, 
-331, -146, 185, 239, -258, 19, 161, -14, 131, 165, 73, 102, 
-336, -146, 190, 241, -263, 21, 151, -34, 117, 161, 73, 107, 
-341, -151, 190, 246, -265, 19, 141, -43, 107, 161, 73, 107, 
-341, -151, 190, 246, -265, 19, 141, -48, 107, 161, 73, 112, 
-322, -161, 161, 241, -241, 0, 117, -63, 92, 151, 58, 102, 
-307, -156, 151, 231, -229, -2, 112, -73, 82, 146, 53, 97, 
-302, -151, 151, 226, -226, 0, 107, -82, 73, 151, 43, 87, 
-292, -151, 141, 222, -217, -4, 107, -82, 68, 151, 39, 82, 
-278, -146, 131, 212, -204, -7, 112, -78, 73, 161, 39, 82, 
-258, -151, 107, 204, -183, -21, 97, -82, 63, 156, 34, 78, 
-248, -156, 92, 202, -170, -31, 97, -82, 58, 151, 29, 73, 
-248, -156, 92, 202, -170, -31, 97, -87, 63, 151, 29, 73, 
-239, -151, 87, 195, -163, -31, 97, -82, 63, 156, 29, 73, 
-229, -151, 78, 190, -153, -36, 87, -92, 53, 146, 29, 73, 
-219, -161, 58, 190, -139, -51, 82, -92, 43, 131, 24, 73, 
-214, -161, 53, 187, -134, -53, 82, -87, 34, 131, 19, 68, 
-214, -170, 43, 192, -129, -63, 87, -92, 34, 131, 14, 68, 
-214, -175, 39, 195, -126, -68, 92, -92, 29, 131, 14, 68, 
-204, -175, 29, 190, -117, -73, 97, -92, 24, 131, 9, 68, 
-195, -175, 19, 185, -107, -78, 97, -92, 19, 122, 4, 63, 
-204, -185, 19, 195, -112, -82, 92, -92, 9, 126, 4, 58, 
-204, -195, 9, 200, -107, -92, 97, -87, 0, 122, 0, 58, 
-204, -200, 4, 202, -104, -97, 97, -78, 0, 122, -4, 58, 
-200, -195, 4, 197, -102, -95, 102, -73, -9, 122, -4, 58, 
-170, -180, -9, 175, -80, -95, 102, -73, -4, 131, -4, 68, 
-161, -175, -14, 168, -73, -95, 97, -73, -4, 122, -14, 68, 
-156, -185, -29, 170, -63, -107, 97, -73, -14, 122, -24, 53, 
-146, -190, -43, 168, -51, -117, 92, -78, -24, 122, -29, 48, 
-151, -209, -58, 180, -46, -134, 92, -73, -19, 122, -19, 48, 
-146, -200, -53, 173, -46, -126, 87, -68, -24, 117, -19, 48, 
-136, -190, -53, 163, -41, -122, 87, -68, -24, 107, -24, 43, 
-141, -209, -68, 175, -36, -139, 87, -63, -29, 107, -34, 39, 
-156, -229, -73, 192, -41, -151, 78, -73, -43, 87, -43, 34, 
-156, -234, -78, 195, -39, -156, 78, -68, -48, 82, -48, 29, 
-165, -239, -73, 202, -46, -156, 73, -68, -53, 82, -58, 24, 
-175, -268, -92, 222, -41, -180, 73, -68, -63, 78, -63, 14, 
-146, -239, -92, 192, -26, -165, 82, -58, -58, 82, -53, 24, 
-126, -214, -87, 170, -19, -151, 82, -53, -53, 92, -43, 34, 
-117, -209, -92, 163, -12, -151, 82, -53, -48, 97, -53, 24, 
-107, -204, -97, 156, -4, -151, 82, -53, -48, 97, -63, 19, 
-122, -200, -78, 161, -21, -139, 78, -63, -48, 92, -53, 24, 
-122, -200, -78, 161, -21, -139, 78, -68, -48, 87, -53, 29, 
-126, -200, -73, 163, -26, -136, 78, -78, -53, 87, -53, 34, 
-136, -219, -82, 178, -26, -151, 78, -102, -53, 87, -53, 39, 
-131, -219, -87, 175, -21, -153, 73, -92, -63, 78, -63, 29, 
-126, -219, -92, 173, -17, -156, 68, -78, -63, 82, -63, 29, 
-122, -224, -102, 173, -9, -163, 63, -78, -63, 92, -63, 29, 
-126, -239, -112, 183, -7, -175, 53, -78, -63, 92, -68, 19, 
-126, -239, -112, 183, -7, -175, 58, -78, -53, 87, -68, 29, 
-117, -239, -122, 178, 2, -180, 68, -78, -48, 87, -68, 34, 
-141, -239, -97, 190, -21, -168, 73, -78, -48, 97, -68, 34, 
-156, -234, -78, 195, -39, -156, 78, -73, -48, 102, -68, 39, 
-165, -234, -68, 200, -48, -151, 78, -73, -48, 112, -58, 39, 
-165, -234, -68, 200, -48, -151, 78, -73, -39, 112, -58, 39, 
-165, -234, -68, 200, -48, -151, 78, -68, -39, 112, -53, 34, 
-161, -234, -73, 197, -43, -153, 73, -53, -39, 112, -53, 34, 
-141, -224, -82, 183, -29, -153, 63, -58, -43, 112, -68, 24, 
-131, -219, -87, 175, -21, -153, 63, -53, -43, 112, -73, 19, 
-126, -219, -92, 173, -17, -156, 63, -53, -39, 112, -73, 19, 
-126, -219, -92, 173, -17, -156, 63, -58, -39, 112, -73, 19, 
-117, -214, -97, 165, -9, -156, 58, -68, -39, 112, -68, 9, 
-117, -209, -92, 163, -12, -151, 58, -68, -34, 117, -68, 14, 
-117, -204, -87, 161, -14, -146, 63, -63, -34, 112, -68, 14, 
-117, -204, -87, 161, -14, -146, 58, -58, -24, 107, -68, 14, 
-117, -209, -92, 163, -12, -151, 58, -39, -4, 112, -53, 19, 
-117, -209, -92, 163, -12, -151, 58, -39, -4, 122, -48, 19, 
-126, -209, -82, 168, -21, -146, 63, -39, -4, 122, -48, 19, 
-126, -214, -87, 170, -19, -151, 68, -29, -4, 122, -48, 19, 
-136, -209, -73, 173, -31, -141, 73, -9, 4, 141, -39, 29, 
-131, -204, -73, 168, -29, -139, 78, 0, 14, 141, -39, 29, 
-131, -209, -78, 170, -26, -143, 82, 14, 19, 141, -43, 29, 
-141, -214, -73, 178, -34, -143, 87, 29, 24, 141, -43, 19, 
-141, -214, -73, 178, -34, -143, 78, 24, 24, 146, -43, 29, 
-131, -185, -53, 158, -39, -119, 87, 19, 29, 156, -43, 34, 
-131, -175, -43, 153, -43, -109, 87, 19, 34, 156, -34, 34, 
-136, -185, -48, 161, -43, -117, 82, 24, 34, 156, -34, 34, 
-161, -195, -34, 178, -63, -114, 82, 14, 43, 156, -39, 29, 
-151, -200, -48, 175, -51, -124, 87, 14, 48, 156, -43, 29, 
-151, -200, -48, 175, -51, -124, 87, 9, 48, 161, -43, 24, 
-156, -200, -43, 178, -56, -122, 87, 4, 53, 165, -39, 24, 
-161, -209, -48, 185, -56, -129, 87, 0, 53, 161, -43, 19, 
-156, -219, -63, 187, -46, -141, 87, 9, 53, 161, -48, 19, 
-170, -229, -58, 200, -56, -143, 92, 9, 48, 156, -53, 14, 
-175, -248, -73, 212, -51, -161, 92, 9, 43, 146, -58, 14, 
-175, -234, -58, 204, -58, -146, 97, 14, 48, 146, -58, 14, 
-180, -234, -53, 207, -63, -143, 97, 24, 48, 151, -58, 14, 
-185, -244, -58, 214, -63, -151, 92, 29, 39, 151, -63, 9, 
-195, -258, -63, 226, -65, -161, 92, 34, 39, 156, -63, 9, 
-185, -239, -53, 212, -65, -146, 97, 43, 63, 161, -58, 9, 
-175, -224, -48, 200, -63, -136, 102, 43, 63, 161, -48, 14, 
-165, -209, -43, 187, -61, -126, 102, 43, 63, 161, -58, 14, 
-151, -200, -48, 175, -51, -124, 102, 48, 63, 156, -58, 14, 
-151, -185, -34, 168, -58, -109, 112, 58, 58, 156, -48, 19, 
-141, -185, -43, 163, -48, -114, 112, 58, 63, 156, -48, 24, 
-141, -185, -43, 163, -48, -114, 107, 58, 63, 156, -48, 24, 
-151, -190, -39, 170, -56, -114, 102, 53, 63, 165, -48, 29, 
-161, -209, -48, 185, -56, -129, 107, 53, 68, 175, -48, 19, 
-165, -224, -58, 195, -53, -141, 112, 58, 68, 175, -48, 14, 
-165, -219, -53, 192, -56, -136, 117, 58, 63, 175, -48, 9, 
-165, -224, -58, 195, -53, -141, 122, 58, 63, 175, -48, 9, 
-161, -224, -63, 192, -48, -143, 136, 58, 53, 170, -53, 9, 
-165, -229, -63, 197, -51, -146, 136, 58, 53, 165, -53, 9, 
-170, -229, -58, 200, -56, -143, 136, 58, 53, 156, -58, 9, 
-165, -229, -63, 197, -51, -146, 136, 43, 53, 151, -58, 4, 
-165, -229, -63, 197, -51, -146, 126, 48, 53, 146, -58, -4, 
-165, -229, -63, 197, -51, -146, 126, 63, 48, 146, -53, 0, 
-156, -219, -63, 187, -46, -141, 126, 68, 48, 141, -53, 4, 
-151, -219, -68, 185, -41, -143, 117, 68, 48, 136, -53, 4, 
-126, -204, -78, 165, -24, -141, 102, 78, 53, 131, -58, 14, 
-117, -209, -92, 163, -12, -151, 102, 82, 48, 131, -58, 14, 
-122, -209, -87, 165, -17, -148, 97, 82, 48, 136, -58, 9, 
-112, -204, -92, 158, -9, -148, 97, 73, 43, 136, -58, 9, 
-107, -204, -97, 156, -4, -151, 87, 58, 39, 126, -53, 14, 
-117, -200, -82, 158, -17, -141, 78, 53, 43, 126, -53, 14, 
-131, -219, -87, 175, -21, -153, 63, 48, 29, 122, -53, 14, 
-141, -234, -92, 187, -24, -163, 34, 29, 19, 122, -58, 14, 
-126, -224, -97, 175, -14, -161, 34, 39, 19, 122, -58, 9, 
-126, -219, -92, 173, -17, -156, 39, 39, 19, 122, -58, 9, 
-131, -219, -87, 175, -21, -153, 43, 29, 14, 122, -58, 9, 
-131, -214, -82, 173, -24, -148, 43, 24, 14, 122, -58, 14, 
-141, -214, -73, 178, -34, -143, 48, 19, 19, 126, -53, 29, 
-146, -214, -68, 180, -39, -141, 58, 19, 19, 126, -48, 34, 
-156, -224, -68, 190, -43, -146, 68, 19, 19, 122, -48, 34, 
-161, -229, -68, 195, -46, -148, 73, 19, 14, 122, -43, 39, 
-156, -214, -58, 185, -48, -136, 73, 29, 24, 112, -43, 29, 
-151, -219, -68, 185, -41, -143, 73, 29, 24, 107, -43, 29, 
-146, -214, -68, 180, -39, -141, 68, 24, 24, 107, -43, 29, 
-131, -209, -78, 170, -26, -143, 68, 24, 14, 107, -43, 29, 
-122, -214, -92, 168, -14, -153, 53, 9, 0, 102, -48, 39, 
-122, -214, -92, 168, -14, -153, 53, 0, 0, 97, -48, 39, 
-122, -209, -87, 165, -17, -148, 53, 0, 0, 92, -48, 39, 
-126, -214, -87, 170, -19, -151, 53, 0, 0, 92, -43, 43, 
-117, -209, -92, 163, -12, -151, 48, 0, 0, 82, -53, 39, 
-122, -204, -82, 163, -19, -143, 53, 0, 0, 82, -53, 29, 
-122, -204, -82, 163, -19, -143, 53, -9, -4, 78, -58, 24, 
-136, -214, -78, 175, -29, -146, 43, -19, -14, 68, -63, 19, 
-141, -219, -78, 180, -31, -148, 34, -29, -14, 68, -63, 34, 
-146, -219, -73, 183, -36, -146, 34, -24, -9, 78, -58, 39, 
-151, -219, -68, 185, -41, -143, 39, -14, -9, 78, -58, 43, 
-156, -224, -68, 190, -43, -146, 39, -24, -9, 73, -58, 43, 
-146, -209, -63, 178, -41, -136, 48, -14, -9, 82, -58, 43, 
-131, -200, -68, 165, -31, -134, 48, -14, -9, 82, -53, 43, 
-122, -195, -73, 158, -24, -134, 48, -14, -9, 82, -53, 39, 
-112, -200, -87, 156, -12, -143, 48, -9, -14, 78, -58, 39, 
-112, -200, -87, 156, -12, -143, 39, -19, -14, 73, -48, 34, 
-102, -190, -87, 146, -7, -139, 39, -24, -14, 73, -48, 29, 
-102, -190, -87, 146, -7, -139, 34, -39, -19, 73, -53, 24, 
-102, -200, -97, 151, -2, -148, 29, -39, -24, 68, -58, 14, 
-117, -209, -92, 163, -12, -151, 34, -29, -34, 68, -58, 29, 
-122, -209, -87, 165, -17, -148, 43, -29, -34, 63, -53, 34, 
-122, -209, -87, 165, -17, -148, 48, -34, -29, 63, -53, 39, 
-122, -200, -78, 161, -21, -139, 53, -34, -24, 68, -53, 48, 
-102, -209, -107, 156, 2, -158, 43, -43, -24, 68, -53, 39, 
-102, -214, -112, 158, 4, -163, 39, -58, -34, 63, -53, 39, 
-122, -214, -92, 168, -14, -153, 39, -58, -34, 53, -53, 39, 
-126, -209, -82, 168, -21, -146, 39, -58, -34, 48, -53, 39, 
-126, -209, -82, 168, -21, -146, 48, -43, -24, 48, -48, 43, 
-131, -209, -78, 170, -26, -143, 48, -39, -24, 53, -48, 43, 
-131, -209, -78, 170, -26, -143, 48, -34, -24, 58, -48, 43, 
-126, -209, -82, 168, -21, -146, 48, -34, -24, 63, -43, 43, 
-131, -209, -78, 170, -26, -143, 43, -39, -39, 48, -48, 34, 
-131, -214, -82, 173, -24, -148, 43, -39, -39, 43, -53, 29, 
-131, -214, -82, 173, -24, -148, 48, -34, -29, 39, -58, 29, 
-126, -209, -82, 168, -21, -146, 48, -29, -29, 34, -58, 29, 
-141, -214, -73, 178, -34, -143, 34, -39, -29, 34, -63, 19, 
-146, -219, -73, 183, -36, -146, 34, -43, -29, 34, -68, 19, 
-156, -229, -73, 192, -41, -151, 34, -48, -29, 34, -78, 14, 
-161, -234, -73, 197, -43, -153, 29, -48, -39, 34, -82, 14, 
-151, -239, -87, 195, -31, -163, 34, -48, -39, 29, -78, 24, 
-151, -239, -87, 195, -31, -163, 39, -53, -39, 29, -82, 19, 
-165, -248, -82, 207, -41, -165, 43, -63, -43, 24, -78, 19, 
-175, -253, -78, 214, -48, -165, 48, -68, -43, 19, -73, 24, 
-175, -273, -97, 224, -39, -185, 58, -73, -43, 19, -73, 34, 
-185, -263, -78, 224, -53, -170, 58, -68, -48, 19, -68, 39, 
-180, -244, -63, 212, -58, -153, 48, -58, -39, 9, -68, 29, 
-175, -234, -58, 204, -58, -146, 48, -58, -39, 9, -68, 29, 
-170, -224, -53, 197, -58, -139, 48, -58, -39, 9, -68, 29, 
-165, -214, -48, 190, -58, -131, 48, -58, -39, 9, -68, 29, 
-170, -214, -43, 192, -63, -129, 48, -68, -53, 4, -73, 19, 
-161, -224, -63, 192, -48, -143, 39, -68, -53, 0, -78, 19, 
-161, -234, -73, 197, -43, -153, 39, -63, -48, -4, -82, 19, 
-161, -248, -87, 204, -36, -168, 39, -63, -48, -9, -87, 19, 
-146, -239, -92, 192, -26, -165, 48, -63, -39, 0, -82, 19, 
-141, -234, -92, 187, -24, -163, 48, -68, -39, 0, -78, 19, 
-136, -224, -87, 180, -24, -156, 48, -68, -43, 0, -78, 19, 
-131, -209, -78, 170, -26, -143, 48, -78, -43, 0, -73, 19, 
-122, -209, -87, 165, -17, -148, 58, -78, -34, -9, -63, 29, 
-136, -209, -73, 173, -31, -141, 63, -73, -34, -9, -63, 29, 
-126, -204, -78, 165, -24, -141, 73, -58, -34, -4, -63, 29, 
-126, -204, -78, 165, -24, -141, 82, -53, -34, -4, -63, 29, 
-146, -214, -68, 180, -39, -141, 92, -53, -43, 0, -63, 29, 
-151, -214, -63, 183, -43, -139, 92, -53, -43, 4, -63, 29, 
-146, -214, -68, 180, -39, -141, 92, -48, -43, 9, -63, 39, 
-151, -219, -68, 185, -41, -143, 87, -48, -43, 0, -63, 29, 
-165, -219, -53, 192, -56, -136, 82, -53, -34, -9, -53, 29, 
-170, -219, -48, 195, -61, -134, 78, -53, -34, -4, -53, 29, 
-170, -219, -48, 195, -61, -134, 78, -43, -34, -4, -53, 29, 
-165, -224, -58, 195, -53, -141, 73, -39, -34, -4, -53, 29, 
-170, -234, -63, 202, -53, -148, 68, -43, -39, -19, -58, 19, 
-175, -239, -63, 207, -56, -151, 63, -43, -43, -19, -63, 24, 
-170, -234, -63, 202, -53, -148, 58, -34, -48, -19, -68, 24, 
-165, -239, -73, 202, -46, -156, 53, -53, -58, -19, -73, 24, 
-175, -239, -63, 207, -56, -151, 63, -63, -58, -14, -63, 24, 
-185, -239, -53, 212, -65, -146, 63, -58, -58, -19, -63, 24, 
-165, -229, -63, 197, -51, -146, 63, -58, -58, -14, -63, 24, 
-161, -229, -68, 195, -46, -148, 63, -53, -58, -4, -63, 24, 
-151, -229, -78, 190, -36, -153, 53, -48, -58, -14, -73, 24, 
-141, -234, -92, 187, -24, -163, 53, -43, -58, -29, -73, 19, 
-136, -234, -97, 185, -19, -165, 53, -43, -63, -39, -78, 14, 
-126, -234, -107, 180, -9, -170, 53, -43, -63, -39, -78, 14, 
-131, -224, -92, 178, -19, -158, 43, -53, -58, -29, -68, 29, 
-131, -224, -92, 178, -19, -158, 43, -53, -58, -24, -63, 29, 
-136, -224, -87, 180, -24, -156, 43, -53, -58, -24, -63, 29, 
-136, -229, -92, 183, -21, -161, 43, -53, -58, -24, -63, 24, 
-131, -239, -107, 185, -12, -173, 43, -58, -68, -29, -63, 34, 
-141, -244, -102, 192, -19, -173, 39, -63, -68, -29, -63, 34, 
-156, -244, -87, 200, -34, -165, 39, -68, -68, -29, -58, 39, 
-175, -239, -63, 207, -56, -151, 43, -73, -68, -29, -58, 39, 
-151, -234, -82, 192, -34, -158, 48, -73, -68, -29, -63, 39, 
-146, -234, -87, 190, -29, -161, 53, -68, -63, -34, -63, 39, 
-146, -229, -82, 187, -31, -156, 58, -53, -53, -34, -63, 39, 
-141, -224, -82, 183, -29, -153, 63, -48, -48, -34, -58, 39, 
-141, -239, -97, 190, -21, -168, 48, -53, -58, -43, -63, 34, 
-165, -253, -87, 209, -39, -170, 43, -63, -68, -48, -73, 29, 
-175, -258, -82, 217, -46, -170, 39, -73, -73, -53, -78, 24, 
-185, -258, -73, 222, -56, -165, 34, -78, -78, -53, -82, 19, 
-175, -244, -68, 209, -53, -156, 39, -78, -78, -58, -78, 19, 
-170, -239, -68, 204, -51, -153, 39, -78, -78, -58, -78, 19, 
-161, -234, -73, 197, -43, -153, 39, -78, -78, -63, -78, 19, 
-141, -229, -87, 185, -26, -158, 39, -78, -73, -63, -78, 24, 
-146, -234, -87, 190, -29, -161, 43, -73, -63, -58, -63, 34, 
-151, -229, -78, 190, -36, -153, 43, -73, -63, -58, -63, 34, 
-146, -229, -82, 187, -31, -156, 43, -68, -63, -53, -68, 29, 
-151, -234, -82, 192, -34, -158, 43, -63, -63, -48, -68, 29, 
-165, -244, -78, 204, -43, -161, 43, -73, -73, -58, -68, 29, 
-175, -253, -78, 214, -48, -165, 43, -73, -73, -58, -68, 24, 
-165, -244, -78, 204, -43, -161, 48, -73, -73, -58, -68, 24, 
-156, -234, -78, 195, -39, -156, 48, -68, -73, -53, -68, 29, 
-146, -229, -82, 187, -31, -156, 48, -58, -63, -63, -68, 19, 
-146, -224, -78, 185, -34, -151, 43, -58, -63, -68, -68, 19, 
-146, -219, -73, 183, -36, -146, 43, -63, -63, -73, -68, 19, 
-151, -214, -63, 183, -43, -139, 43, -63, -63, -78, -68, 19, 
-170, -224, -53, 197, -58, -139, 43, -73, -73, -73, -73, 19, 
-175, -229, -53, 202, -61, -141, 43, -78, -73, -73, -73, 19, 
-175, -234, -58, 204, -58, -146, 43, -82, -73, -68, -73, 24, 
-180, -239, -58, 209, -61, -148, 43, -87, -73, -63, -73, 24, 
-190, -234, -43, 212, -73, -139, 48, -73, -63, -53, -68, 29, 
-200, -234, -34, 217, -82, -134, 53, -73, -63, -53, -63, 34, 
-200, -234, -34, 217, -82, -134, 58, -73, -63, -53, -53, 48, 
-200, -229, -29, 214, -85, -129, 63, -73, -53, -53, -48, 53, 
-195, -229, -34, 212, -80, -131, 73, -63, -63, -63, -68, 39, 
-209, -248, -39, 229, -85, -143, 87, -43, -39, -58, -68, 24, 
-185, -234, -48, 209, -68, -141, 102, -19, -4, -53, -63, 24, 
-180, -204, -24, 192, -78, -114, 107, 4, 24, -34, -53, 24, 
-175, -170, 4, 173, -90, -82, 122, 43, 58, -19, -43, 14, 
-180, -180, 0, 180, -90, -90, 122, 82, 68, -4, -39, 14, 
-214, -229, -14, 222, -100, -122, 122, 97, 73, 19, -53, 4, 
-273, -248, 24, 261, -148, -112, 151, 131, 112, 43, -48, 9, 
-287, -209, 78, 248, -183, -65, 195, 195, 200, 117, -9, 19, 
-239, -146, 92, 192, -165, -26, 224, 248, 292, 209, 58, 53, 
-200, -97, 102, 148, -151, 2, 234, 268, 351, 297, 131, 87, 
-234, -117, 117, 175, -175, 0, 219, 239, 390, 375, 200, 112, 
-234, -117, 117, 175, -175, 0, 180, 175, 390, 458, 283, 156, 
-156, -58, 97, 107, -126, 19, 122, 53, 331, 522, 380, 224, 
-112, -14, 97, 63, -104, 41, 53, -92, 219, 575, 483, 302, 
-87, -14, 73, 51, -80, 29, -19, -253, 63, 585, 556, 375, 
-19, -19, 0, 19, -9, -9, -107, -478, -156, 531, 585, 434, 
39, -24, -63, -7, 51, -43, -209, -771, -385, 419, 566, 453, 
58, -24, -82, -17, 70, -53, -322, -1068, -610, 268, 522, 468, 
107, -14, -122, -46, 114, -68, -414, -1371, -849, 122, 497, 497, 
200, -29, -229, -85, 214, -129, -527, -1644, -1112, -43, 458, 517, 
273, -73, -346, -100, 309, -209, -658, -1908, -1371, -244, 385, 507, 
312, -102, -414, -104, 363, -258, -780, -2161, -1576, -448, 278, 502, 
380, -102, -483, -139, 431, -292, -858, -2357, -1722, -644, 175, 492, 
429, -131, -561, -148, 495, -346, -927, -2479, -1883, -839, 68, 468, 
468, -195, -663, -136, 566, -429, -1010, -2562, -2039, -1024, -48, 434, 
541, -273, -814, -134, 678, -544, -1098, -2586, -2161, -1185, -180, 395, 
653, -351, -1005, -151, 829, -678, -1161, -2488, -2205, -1298, -302, 346, 
756, -405, -1161, -175, 958, -783, -1210, -2357, -2215, -1356, -385, 292, 
873, -414, -1288, -229, 1080, -851, -1239, -2200, -2181, -1385, -434, 253, 
971, -439, -1410, -265, 1190, -924, -1259, -2030, -2117, -1395, -483, 229, 
1015, -512, -1527, -251, 1271, -1019, -1234, -1888, -2034, -1385, -492, 209, 
1049, -551, -1600, -248, 1324, -1076, -1215, -1776, -1937, -1361, -488, 204, 
1088, -531, -1620, -278, 1354, -1076, -1195, -1644, -1825, -1327, -507, 195, 
1088, -536, -1625, -275, 1356, -1080, -1151, -1512, -1722, -1312, -531, 175, 
1058, -556, -1615, -251, 1337, -1085, -1122, -1429, -1659, -1293, -556, 136, 
1034, -561, -1595, -236, 1315, -1078, -1088, -1371, -1590, -1263, -575, 102, 
1024, -566, -1590, -229, 1307, -1078, -1054, -1293, -1537, -1229, -595, 68, 
1015, -556, -1571, -229, 1293, -1063, -1024, -1205, -1478, -1195, -605, 39, 
985, -561, -1546, -212, 1266, -1054, -956, -1127, -1429, -1161, -595, 29, 
907, -590, -1498, -158, 1202, -1044, -858, -1058, -1351, -1127, -595, -14, 
790, -614, -1405, -87, 1098, -1010, -780, -995, -1259, -1093, -600, -53, 
678, -624, -1302, -26, 990, -963, -697, -907, -1171, -1044, -595, -87, 
590, -634, -1224, 21, 907, -929, -619, -810, -1068, -980, -580, -107, 
551, -605, -1156, 26, 854, -880, -546, -707, -966, -922, -561, -126, 
517, -585, -1102, 34, 810, -844, -473, -619, -888, -863, -566, -156, 
478, -575, -1054, 48, 766, -814, -419, -541, -805, -814, -556, -190, 
463, -551, -1015, 43, 739, -783, -366, -473, -727, -756, -536, -200, 
444, -546, -990, 51, 717, -768, -336, -424, -688, -727, -536, -234, 
370, -570, -941, 100, 656, -756, -307, -375, -653, -692, -536, -268, 
302, -566, -868, 131, 585, -717, -253, -331, -610, -653, -517, -283, 
239, -546, -785, 153, 512, -666, -224, -287, -566, -610, -497, -283, 
170, -536, -707, 183, 439, -622, -190, -239, -507, -585, -478, -292, 
97, -512, -610, 207, 353, -561, -136, -195, -439, -546, -458, -283, 
24, -483, -507, 229, 265, -495, -97, -180, -385, -512, -414, -263, 
-19, -444, -424, 231, 202, -434, -82, -165, -331, -458, -380, -219, 
-58, -429, -370, 244, 156, -400, -82, -146, -287, -414, -346, -190, 
-107, -424, -317, 265, 104, -370, -63, -126, -253, -370, -317, -161, 
-126, -375, -248, 251, 61, -312, -34, -131, -229, -326, -278, -126, 
-146, -346, -200, 246, 26, -273, -14, -175, -209, -292, -229, -82, 
-209, -346, -136, 278, -36, -241, 14, -161, -170, -239, -185, -53, 
-287, -361, -73, 324, -107, -217, 29, -102, -141, -209, -151, -29, 
-283, -326, -43, 305, -119, -185, 19, -48, -112, -200, -126, -24, 
-234, -273, -39, 253, -97, -156, 29, -9, -73, -180, -107, -14, 
-239, -253, -14, 246, -112, -134, 53, 19, -29, -146, -87, 0, 
-302, -283, 19, 292, -161, -131, 68, 39, 14, -126, -82, 9, 
-307, -258, 48, 283, -178, -104, 92, 58, 43, -97, -53, 29, 
-297, -253, 43, 275, -170, -104, 102, 53, 34, -87, -63, 19, 
-317, -253, 63, 285, -190, -95, 102, 48, 29, -82, -58, 24, 
-317, -248, 68, 283, -192, -90, 102, 39, 24, -73, -58, 24, 
-287, -234, 53, 261, -170, -90, 102, 39, 19, -73, -58, 19, 
-278, -224, 53, 251, -165, -85, 97, 53, 19, -78, -58, 19, 
-283, -224, 58, 253, -170, -82, 97, 68, 19, -82, -58, 19, 
-287, -229, 58, 258, -173, -85, 97, 73, 29, -97, -58, 14, 
-287, -234, 53, 261, -170, -90, 92, 82, 39, -102, -58, 14, 
-307, -253, 53, 280, -180, -100, 82, 73, 39, -102, -68, 4, 
-302, -263, 39, 283, -170, -112, 92, 73, 43, -102, -63, 4, 
-292, -248, 43, 270, -168, -102, 97, 63, 53, -87, -63, 9, 
-312, -258, 53, 285, -183, -102, 102, 63, 53, -82, -53, 9, 
-307, -258, 48, 283, -178, -104, 112, 68, 53, -78, -53, 14, 
-302, -253, 48, 278, -175, -102, 117, 68, 48, -73, -53, 14, 
-292, -244, 48, 268, -170, -97, 126, 68, 48, -73, -48, 19, 
-287, -239, 48, 263, -168, -95, 126, 78, 48, -73, -48, 19, 
-312, -248, 63, 280, -187, -92, 112, 82, 53, -78, -48, 24, 
-317, -258, 58, 287, -187, -100, 112, 82, 58, -78, -53, 24, 
-322, -263, 58, 292, -190, -102, 117, 82, 68, -82, -53, 24, 
-331, -268, 63, 300, -197, -102, 117, 73, 58, -82, -53, 14, 
-336, -268, 68, 302, -202, -100, 117, 63, 68, -78, -53, 14, 
-336, -258, 78, 297, -207, -90, 126, 68, 78, -73, -53, 14, 
-346, -253, 92, 300, -219, -80, 126, 82, 78, -68, -53, 14, 
-346, -253, 92, 300, -219, -80, 126, 73, 73, -58, -53, 14, 
-346, -258, 87, 302, -217, -85, 131, 73, 63, -63, -53, 4, 
-346, -258, 87, 302, -217, -85, 131, 82, 63, -73, -53, 4, 
-346, -263, 82, 305, -214, -90, 136, 87, 68, -78, -53, 9, 
-346, -268, 78, 307, -212, -95, 141, 87, 73, -82, -53, 9, 
-346, -263, 82, 305, -214, -90, 131, 87, 82, -78, -63, -4, 
-341, -258, 82, 300, -212, -87, 131, 92, 82, -73, -58, -4, 
-336, -253, 82, 295, -209, -85, 136, 102, 97, -63, -53, 4, 
-336, -248, 87, 292, -212, -80, 136, 107, 97, -58, -53, 4, 
-336, -244, 92, 290, -214, -75, 141, 112, 107, -48, -48, 14, 
-336, -239, 97, 287, -217, -70, 146, 112, 112, -48, -48, 14, 
-336, -244, 92, 290, -214, -75, 156, 117, 117, -43, -43, 9, 
-331, -239, 92, 285, -212, -73, 161, 122, 117, -43, -34, 9, 
-341, -248, 92, 295, -217, -78, 165, 131, 117, -43, -43, 9, 
-341, -239, 102, 290, -222, -68, 165, 131, 131, -43, -43, 9, 
-346, -239, 107, 292, -226, -65, 165, 126, 131, -43, -43, 9, 
-351, -244, 107, 297, -229, -68, 165, 126, 131, -43, -43, 4, 
-341, -253, 87, 297, -214, -82, 165, 131, 131, -34, -43, 4, 
-341, -229, 112, 285, -226, -58, 165, 146, 141, -29, -29, 9, 
-341, -229, 112, 285, -226, -58, 175, 156, 146, -24, -29, 9, 
-351, -239, 112, 295, -231, -63, 175, 165, 146, -24, -29, 9, 
-370, -248, 122, 309, -246, -63, 185, 170, 156, -19, -24, 14, 
-375, -244, 131, 309, -253, -56, 195, 180, 161, -19, -19, 24, 
-370, -239, 131, 305, -251, -53, 204, 180, 170, -14, -14, 39, 
-375, -229, 146, 302, -261, -41, 214, 170, 180, -4, -4, 58, 
-395, -253, 141, 324, -268, -56, 219, 180, 165, -9, -9, 43, 
-414, -263, 151, 339, -283, -56, 214, 175, 165, -9, -14, 39, 
-434, -278, 156, 356, -295, -61, 209, 165, 165, -14, -19, 29, 
-453, -292, 161, 373, -307, -65, 204, 161, 161, -19, -24, 24, 
-424, -258, 165, 341, -295, -46, 214, 175, 165, -4, -14, 29, 
-409, -234, 175, 322, -292, -29, 214, 180, 180, 4, -4, 43, 
-375, -204, 170, 290, -273, -17, 214, 180, 190, 14, 0, 48, 
-351, -180, 170, 265, -261, -4, 209, 185, 200, 19, 4, 43, 
-366, -195, 170, 280, -268, -12, 200, 185, 190, 9, -4, 29, 
-370, -200, 170, 285, -270, -14, 200, 185, 195, 9, -9, 29, 
-395, -209, 185, 302, -290, -12, 200, 190, 200, 9, -9, 29, 
-405, -214, 190, 309, -297, -12, 200, 195, 204, 24, -9, 29, 
-405, -214, 190, 309, -297, -12, 200, 195, 204, 29, -9, 34, 
-390, -204, 185, 297, -287, -9, 209, 200, 204, 29, -4, 39, 
-409, -209, 200, 309, -305, -4, 209, 204, 204, 29, 4, 39, 
-409, -214, 195, 312, -302, -9, 204, 209, 204, 29, 4, 43, 
-400, -219, 180, 309, -290, -19, 214, 224, 200, 24, 0, 24, 
-409, -229, 180, 319, -295, -24, 214, 224, 204, 24, -4, 14, 
-419, -234, 185, 326, -302, -24, 214, 219, 204, 19, -9, 4, 
-424, -234, 190, 329, -307, -21, 214, 209, 204, 19, -14, -4, 
-414, -229, 185, 322, -300, -21, 204, 219, 214, 34, -4, 9, 
-414, -229, 185, 322, -300, -21, 209, 224, 219, 39, 0, 14, 
-429, -229, 200, 329, -314, -14, 209, 214, 229, 39, 4, 14, 
-434, -234, 200, 334, -317, -17, 209, 200, 229, 39, 4, 14, 
-439, -234, 204, 336, -322, -14, 214, 195, 219, 39, 9, 29, 
-444, -219, 224, 331, -334, 2, 214, 180, 229, 43, 9, 34, 
-448, -214, 234, 331, -341, 9, 214, 175, 229, 48, 19, 34, 
-439, -209, 229, 324, -334, 9, 224, 175, 234, 53, 19, 39, 
-444, -200, 244, 322, -344, 21, 229, 195, 244, 58, 24, 43, 
-468, -195, 273, 331, -370, 39, 234, 195, 258, 63, 29, 48, 
-502, -190, 312, 346, -407, 61, 244, 195, 263, 82, 43, 63, 
-507, -185, 322, 346, -414, 68, 248, 195, 268, 92, 48, 73, 
-492, -195, 297, 344, -395, 51, 239, 195, 263, 82, 48, 63, 
-492, -195, 297, 344, -395, 51, 229, 195, 263, 82, 53, 63, 
-507, -200, 307, 353, -407, 53, 224, 195, 263, 87, 53, 73, 
-522, -200, 322, 361, -422, 61, 214, 185, 263, 87, 58, 73, 
-531, -195, 336, 363, -434, 70, 214, 175, 253, 82, 63, 73, 
-527, -200, 326, 363, -427, 63, 219, 175, 253, 92, 58, 73, 
-522, -200, 322, 361, -422, 61, 219, 175, 253, 92, 53, 68, 
-522, -204, 317, 363, -419, 56, 219, 161, 253, 87, 48, 68, 
-517, -190, 326, 353, -422, 68, 229, 170, 258, 78, 48, 63, 
-517, -180, 336, 348, -427, 78, 234, 180, 263, 87, 63, 63, 
-517, -165, 351, 341, -434, 92, 239, 180, 268, 87, 63, 73, 
-527, -161, 366, 344, -446, 102, 239, 175, 268, 87, 58, 73, 
-517, -185, 331, 351, -424, 73, 234, 165, 244, 87, 53, 78, 
