I, II, III, aVR, aVL, aVF, V1, V2, V3, V4, V5, V6, 
4, -14, -19, 4, 12, -17, -14, -24, -39, -34, -39, -24, 
0, -24, -24, 12, 12, -24, -29, -39, -53, -53, -53, -39, 
0, -43, -43, 21, 21, -43, -34, -43, -68, -63, -63, -43, 
-14, -53, -39, 34, 12, -46, -29, -34, -68, -63, -53, -43, 
-34, -43, -9, 39, -12, -26, -19, -29, -63, -58, -53, -34, 
-24, -24, 0, 24, -12, -12, -19, -39, -68, -63, -63, -39, 
24, -24, -48, 0, 36, -36, -19, -43, -73, -73, -73, -48, 
39, -29, -68, -4, 53, -48, -14, -39, -73, -73, -73, -43, 
14, -24, -39, 4, 26, -31, -9, -34, -68, -78, -73, -34, 
0, -29, -29, 14, 14, -29, 4, -24, -58, -68, -68, -29, 
9, -43, -53, 17, 31, -48, 14, -19, -48, -63, -68, -19, 
9, -43, -53, 17, 31, -48, 9, -24, -53, -63, -68, -24, 
9, -39, -48, 14, 29, -43, 9, -34, -58, -68, -73, -34, 
9, -24, -34, 7, 21, -29, 14, -29, -63, -68, -68, -39, 
14, -24, -39, 4, 26, -31, 19, -19, -63, -73, -73, -34, 
14, -43, -58, 14, 36, -51, 24, -14, -63, -73, -73, -34, 
0, -53, -53, 26, 26, -53, 24, -19, -63, -68, -78, -43, 
-24, -34, -9, 29, -7, -21, 29, -19, -53, -58, -68, -39, 
-29, -34, -4, 31, -12, -19, 34, -14, -43, -43, -58, -29, 
-29, -53, -24, 41, -2, -39, 24, -29, -58, -53, -63, -43, 
-24, -58, -34, 41, 4, -46, 19, -34, -68, -68, -68, -53, 
-24, -39, -14, 31, -4, -26, 29, -24, -53, -63, -63, -39, 
-19, -24, -4, 21, -7, -14, 39, -9, -48, -58, -63, -39, 
0, -14, -14, 7, 7, -14, 48, 4, -48, -43, -48, -34, 
9, -9, -19, 0, 14, -14, 58, 9, -48, -34, -43, -24, 
19, 0, -19, -9, 19, -9, 53, 9, -43, -34, -48, -24, 
14, -19, -34, 2, 24, -26, 48, 9, -43, -34, -53, -29, 
-9, -48, -39, 29, 14, -43, 39, 0, -43, -39, -53, -39, 
-24, -63, -39, 43, 7, -51, 39, -14, -48, -48, -58, -43, 
-14, -43, -29, 29, 7, -36, 34, -9, -48, -43, -48, -43, 
4, -19, -24, 7, 14, -21, 34, -9, -48, -34, -43, -29, 
4, -19, -24, 7, 14, -21, 34, -9, -48, -39, -48, -34, 
-9, -34, -24, 21, 7, -29, 34, -9, -48, -43, -48, -34, 
0, -24, -24, 12, 12, -24, 24, 0, -48, -43, -43, -34, 
0, -19, -19, 9, 9, -19, 19, 0, -43, -39, -43, -24, 
-9, -29, -19, 19, 4, -24, 19, 0, -48, -53, -53, -34, 
-9, -53, -43, 31, 17, -48, 4, -19, -63, -68, -68, -43, 
0, -58, -58, 29, 29, -58, -14, -29, -63, -73, -73, -39, 
-9, -43, -34, 26, 12, -39, -14, -29, -53, -63, -58, -29, 
-14, -29, -14, 21, 0, -21, -14, -24, -43, -58, -48, -24, 
-9, -29, -19, 19, 4, -24, -14, -29, -43, -48, -48, -19, 
0, -24, -24, 12, 12, -24, -14, -34, -43, -53, -53, -24, 
-24, -39, -14, 31, -4, -26, -24, -43, -63, -68, -68, -39, 
-29, -58, -29, 43, 0, -43, -43, -63, -82, -78, -82, -53, 
-14, -58, -43, 36, 14, -51, -48, -63, -82, -63, -73, -48, 
-19, -63, -43, 41, 12, -53, -43, -58, -73, -58, -63, -39, 
-48, -82, -34, 65, -7, -58, -48, -68, -82, -68, -73, -43, 
-29, -87, -58, 58, 14, -73, -73, -97, -102, -87, -97, -63, 
-9, -73, -63, 41, 26, -68, -82, -107, -107, -97, -102, -63, 
-29, -63, -34, 46, 2, -48, -68, -87, -87, -78, -78, -48, 
-39, -53, -14, 46, -12, -34, -58, -78, -78, -63, -63, -39, 
4, -39, -43, 17, 24, -41, -58, -78, -78, -63, -63, -39, 
34, -34, -68, 0, 51, -51, -53, -73, -82, -58, -63, -34, 
24, -19, -43, -2, 34, -31, -43, -63, -82, -48, -53, -29, 
4, -19, -24, 7, 14, -21, -53, -78, -92, -48, -58, -39, 
0, -43, -43, 21, 21, -43, -58, -82, -102, -63, -78, -58, 
-34, -63, -29, 48, -2, -46, -58, -87, -107, -78, -82, -68, 
-58, -68, -9, 63, -24, -39, -63, -97, -112, -78, -87, -63, 
-48, -73, -24, 61, -12, -48, -73, -112, -122, -78, -87, -63, 
-24, -63, -39, 43, 7, -51, -63, -102, -117, -78, -82, -68, 
-24, -53, -29, 39, 2, -41, -48, -102, -117, -68, -78, -68, 
-43, -68, -24, 56, -9, -46, -43, -112, -131, -73, -82, -58, 
-48, -73, -24, 61, -12, -48, -48, -112, -141, -82, -92, -63, 
-48, -63, -14, 56, -17, -39, -39, -102, -141, -97, -92, -63, 
-53, -58, -4, 56, -24, -31, -19, -102, -141, -97, -87, -48, 
-39, -48, -9, 43, -14, -29, -29, -117, -161, -102, -97, -53, 
-29, -48, -19, 39, -4, -34, -29, -117, -165, -102, -102, -58, 
-39, -68, -29, 53, -4, -48, -34, -131, -175, -112, -117, -68, 
-63, -102, -39, 82, -12, -70, -43, -156, -195, -126, -136, -82, 
-78, -112, -34, 95, -21, -73, -48, -156, -200, -126, -141, -87, 
-78, -107, -29, 92, -24, -68, -43, -151, -200, -122, -131, -82, 
-73, -107, -34, 90, -19, -70, -43, -156, -219, -131, -131, -97, 
-87, -107, -19, 97, -34, -63, -29, -141, -224, -126, -126, -97, 
-102, -97, 4, 100, -53, -46, -19, -136, -214, -122, -126, -97, 
-82, -87, -4, 85, -39, -46, -14, -141, -224, -126, -131, -107, 
-53, -82, -29, 68, -12, -56, -9, -126, -219, -117, -122, -102, 
-48, -73, -24, 61, -12, -48, 4, -112, -209, -112, -112, -92, 
-68, -73, -4, 70, -31, -39, 0, -122, -209, -112, -117, -92, 
-87, -87, 0, 87, -43, -43, -9, -131, -219, -112, -122, -102, 
-97, -102, -4, 100, -46, -53, -14, -131, -219, -112, -122, -112, 
-107, -112, -4, 109, -51, -58, -24, -136, -229, -122, -131, -117, 
-92, -126, -34, 109, -29, -80, -34, -141, -244, -126, -146, -131, 
-58, -117, -58, 87, 0, -87, -34, -136, -234, -122, -146, -136, 
-53, -97, -43, 75, -4, -70, -19, -117, -214, -102, -122, -112, 
-92, -102, -9, 97, -41, -56, 0, -102, -200, -97, -102, -102, 
-107, -97, 9, 102, -58, -43, 9, -97, -190, -102, -102, -102, 
-48, -68, -19, 58, -14, -43, 4, -97, -175, -97, -107, -102, 
0, -48, -48, 24, 24, -48, -14, -107, -190, -112, -122, -117, 
-19, -73, -53, 46, 17, -63, -19, -112, -200, -122, -122, -122, 
-39, -92, -53, 65, 7, -73, -9, -102, -185, -117, -117, -117, 
-48, -78, -29, 63, -9, -53, 0, -97, -170, -112, -112, -112, 
-53, -92, -39, 73, -7, -65, 9, -87, -165, -117, -112, -107, 
-68, -112, -43, 90, -12, -78, 4, -92, -170, -126, -122, -112, 
-58, -97, -39, 78, -9, -68, 0, -97, -175, -131, -122, -117, 
-48, -92, -43, 70, -2, -68, 9, -92, -165, -122, -112, -102, 
-34, -92, -58, 63, 12, -75, 19, -82, -151, -117, -107, -92, 
-34, -82, -48, 58, 7, -65, 19, -82, -151, -117, -107, -87, 
-29, -78, -48, 53, 9, -63, 14, -82, -151, -122, -112, -87, 
-19, -92, -73, 56, 26, -82, 4, -92, -161, -131, -126, -102, 
-39, -126, -87, 82, 24, -107, -9, -97, -165, -146, -141, -112, 
-73, -141, -68, 107, -2, -104, -9, -97, -156, -151, -131, -97, 
-82, -117, -34, 100, -24, -75, 0, -92, -151, -151, -131, -92, 
-68, -87, -19, 78, -24, -53, 0, -92, -151, -146, -126, -87, 
-53, -82, -29, 68, -12, -56, 4, -82, -146, -141, -126, -78, 
-43, -92, -48, 68, 2, -70, 14, -78, -141, -136, -122, -78, 
-39, -87, -48, 63, 4, -68, 24, -73, -131, -131, -122, -78, 
-34, -78, -43, 56, 4, -61, 14, -73, -136, -126, -126, -82, 
-34, -73, -39, 53, 2, -56, 14, -68, -131, -122, -117, -87, 
-29, -68, -39, 48, 4, -53, 29, -68, -126, -117, -102, -87, 
-34, -73, -39, 53, 2, -56, 24, -63, -122, -122, -107, -82, 
-48, -82, -34, 65, -7, -58, 19, -63, -122, -131, -112, -78, 
-68, -78, -9, 73, -29, -43, 24, -63, -117, -126, -107, -73, 
-53, -73, -19, 63, -17, -46, 24, -68, -117, -112, -97, -63, 
-14, -53, -39, 34, 12, -46, 24, -63, -122, -117, -107, -58, 
9, -39, -48, 14, 29, -43, 24, -53, -117, -107, -97, -58, 
-9, -43, -34, 26, 12, -39, 19, -63, -122, -112, -107, -68, 
-34, -68, -34, 51, 0, -51, 0, -82, -141, -117, -131, -87, 
-29, -82, -53, 56, 12, -68, 0, -92, -136, -117, -131, -92, 
-19, -87, -68, 53, 24, -78, -14, -87, -126, -102, -122, -92, 
-29, -92, -63, 61, 17, -78, -9, -87, -117, -97, -122, -92, 
-29, -92, -63, 61, 17, -78, 0, -78, -117, -92, -117, -92, 
-19, -78, -58, 48, 19, -68, 0, -82, -117, -97, -117, -92, 
-14, -73, -58, 43, 21, -65, 0, -73, -112, -92, -112, -87, 
-14, -63, -48, 39, 17, -56, 0, -68, -112, -92, -107, -87, 
-9, -58, -48, 34, 19, -53, 4, -58, -107, -87, -97, -82, 
-19, -58, -39, 39, 9, -48, 4, -58, -102, -92, -102, -78, 
-43, -78, -34, 61, -4, -56, -9, -58, -97, -97, -112, -78, 
-53, -78, -24, 65, -14, -51, -9, -63, -97, -97, -102, -78, 
-34, -63, -29, 48, -2, -46, -9, -63, -102, -92, -107, -78, 
-19, -53, -34, 36, 7, -43, -9, -63, -97, -92, -107, -68, 
-9, -53, -43, 31, 17, -48, -19, -63, -107, -92, -112, -73, 
0, -43, -43, 21, 21, -43, -24, -68, -102, -87, -107, -68, 
0, -53, -53, 26, 26, -53, -19, -68, -107, -87, -112, -73, 
-14, -73, -58, 43, 21, -65, -29, -82, -122, -97, -117, -87, 
-24, -78, -53, 51, 14, -65, -29, -78, -122, -102, -112, -87, 
-24, -63, -39, 43, 7, -51, -24, -68, -112, -102, -107, -78, 
0, -58, -58, 29, 29, -58, -24, -73, -107, -102, -112, -78, 
9, -58, -68, 24, 39, -63, -19, -68, -102, -87, -102, -73, 
4, -48, -53, 21, 29, -51, -24, -73, -102, -87, -102, -73, 
-24, -48, -24, 36, 0, -36, -24, -73, -102, -82, -97, -68, 
-29, -63, -34, 46, 2, -48, -29, -82, -117, -92, -107, -82, 
-29, -73, -43, 51, 7, -58, -34, -87, -117, -92, -112, -87, 
-39, -78, -39, 58, 0, -58, -29, -82, -112, -92, -112, -87, 
-29, -63, -34, 46, 2, -48, -14, -68, -107, -87, -107, -78, 
-9, -53, -43, 31, 17, -48, -9, -68, -107, -92, -102, -78, 
-14, -68, -53, 41, 19, -61, -14, -68, -107, -107, -107, -82, 
-24, -73, -48, 48, 12, -61, -14, -68, -117, -117, -112, -82, 
-24, -68, -43, 46, 9, -56, -14, -68, -112, -117, -97, -73, 
-19, -68, -48, 43, 14, -58, -14, -78, -117, -112, -97, -68, 
4, -58, -63, 26, 34, -61, 0, -73, -112, -112, -97, -68, 
0, -58, -58, 29, 29, -58, 0, -68, -112, -112, -102, -73, 
-19, -58, -39, 39, 9, -48, 0, -68, -112, -122, -112, -78, 
14, -43, -58, 14, 36, -51, 0, -63, -112, -117, -112, -73, 
29, -29, -58, 0, 43, -43, 9, -58, -107, -112, -102, -63, 
0, -53, -53, 26, 26, -53, 9, -58, -112, -112, -97, -68, 
0, -48, -48, 24, 24, -48, 4, -53, -107, -117, -97, -68, 
43, -24, -68, -9, 56, -46, 14, -43, -102, -102, -97, -58, 
63, -14, -78, -24, 70, -46, 9, -53, -97, -97, -87, -68, 
34, -19, -53, -7, 43, -36, 9, -53, -97, -97, -87, -68, 
14, -29, -43, 7, 29, -36, 0, -58, -102, -97, -97, -73, 
19, -39, -58, 9, 39, -48, 4, -53, -107, -92, -92, -78, 
14, -53, -68, 19, 41, -61, 0, -58, -102, -97, -87, -78, 
-24, -68, -43, 46, 9, -56, -9, -58, -107, -107, -92, -82, 
-39, -78, -39, 58, 0, -58, -14, -58, -112, -117, -107, -82, 
-19, -63, -43, 41, 12, -53, -9, -58, -112, -122, -97, -78, 
9, -39, -48, 14, 29, -43, 0, -48, -102, -117, -92, -63, 
29, -29, -58, 0, 43, -43, 0, -53, -102, -117, -102, -63, 
39, -19, -58, -9, 48, -39, 4, -58, -97, -102, -92, -63, 
53, 14, -39, -34, 46, -12, 0, -58, -97, -97, -92, -58, 
58, 4, -53, -31, 56, -24, 0, -58, -97, -97, -92, -63, 
19, -43, -63, 12, 41, -53, -14, -68, -107, -112, -102, -82, 
-29, -78, -48, 53, 9, -63, -24, -78, -107, -117, -102, -92, 
-34, -92, -58, 63, 12, -75, -39, -87, -122, -131, -112, -97, 
-43, -112, -68, 78, 12, -90, -34, -92, -126, -131, -117, -102, 
-68, -107, -39, 87, -14, -73, -24, -87, -117, -122, -112, -92, 
-58, -87, -29, 73, -14, -58, -19, -82, -112, -117, -107, -92, 
-24, -58, -34, 41, 4, -46, -24, -82, -112, -122, -107, -92, 
-19, -58, -39, 39, 9, -48, -19, -87, -112, -126, -107, -92, 
-34, -63, -29, 48, -2, -46, -14, -78, -102, -122, -102, -87, 
-29, -68, -39, 48, 4, -53, -9, -73, -97, -122, -102, -82, 
-29, -58, -29, 43, 0, -43, -19, -82, -102, -122, -102, -87, 
-24, -63, -39, 43, 7, -51, -14, -92, -97, -122, -102, -87, 
-24, -68, -43, 46, 9, -56, -14, -82, -102, -131, -107, -87, 
-19, -68, -48, 43, 14, -58, -14, -87, -117, -146, -117, -97, 
0, -48, -48, 24, 24, -48, -14, -87, -117, -156, -122, -92, 
4, -58, -63, 26, 34, -61, -19, -97, -117, -161, -126, -92, 
-29, -78, -48, 53, 9, -63, -19, -97, -126, -165, -131, -87, 
-29, -78, -48, 53, 9, -63, -14, -97, -126, -165, -136, -92, 
-14, -58, -43, 36, 14, -51, -14, -97, -117, -156, -136, -87, 
-19, -58, -39, 39, 9, -48, -9, -92, -112, -151, -131, -82, 
-29, -53, -24, 41, -2, -39, -14, -92, -107, -141, -126, -82, 
-29, -68, -39, 48, 4, -53, 0, -97, -107, -126, -126, -92, 
-9, -68, -58, 39, 24, -63, -9, -102, -126, -146, -136, -107, 
4, -68, -73, 31, 39, -70, -14, -107, -131, -156, -136, -107, 
-19, -68, -48, 43, 14, -58, -14, -107, -131, -146, -136, -107, 
-43, -78, -34, 61, -4, -56, 4, -97, -117, -131, -122, -102, 
-43, -73, -29, 58, -7, -51, 4, -102, -126, -136, -126, -107, 
-39, -68, -29, 53, -4, -48, 14, -97, -117, -146, -122, -107, 
-34, -53, -19, 43, -7, -36, 9, -97, -112, -156, -126, -102, 
-14, -39, -24, 26, 4, -31, 9, -102, -112, -161, -131, -87, 
9, -34, -43, 12, 26, -39, 4, -102, -117, -170, -136, -82, 
14, -48, -63, 17, 39, -56, -9, -112, -136, -185, -146, -97, 
-34, -78, -43, 56, 4, -61, -9, -107, -136, -175, -146, -102, 
-63, -97, -34, 80, -14, -65, 0, -107, -131, -161, -136, -102, 
-48, -87, -39, 68, -4, -63, -9, -107, -131, -151, -131, -102, 
-43, -82, -39, 63, -2, -61, 9, -102, -126, -141, -131, -107, 
-58, -92, -34, 75, -12, -63, 4, -107, -131, -146, -141, -122, 
-68, -102, -34, 85, -17, -68, 14, -102, -122, -136, -126, -122, 
-78, -87, -9, 82, -34, -48, 14, -92, -112, -131, -112, -117, 
-68, -87, -19, 78, -24, -53, 19, -92, -112, -122, -102, -112, 
-34, -87, -53, 61, 9, -70, -9, -112, -126, -136, -117, -126, 
0, -78, -78, 39, 39, -78, -9, -112, -136, -151, -131, -136, 
0, -63, -63, 31, 31, -63, 9, -92, -122, -151, -126, -122, 
-34, -63, -29, 48, -2, -46, 24, -82, -112, -141, -122, -102, 
-39, -58, -19, 48, -9, -39, 19, -82, -117, -151, -126, -102, 
-24, -68, -43, 46, 9, -56, 19, -92, -126, -170, -146, -107, 
-24, -78, -53, 51, 14, -65, 9, -97, -131, -185, -151, -112, 
-43, -78, -34, 61, -4, -56, 4, -102, -136, -175, -146, -107, 
-53, -68, -14, 61, -19, -41, 4, -102, -126, -161, -136, -87, 
-48, -68, -19, 58, -14, -43, 14, -87, -117, -151, -136, -87, 
-34, -48, -14, 41, -9, -31, 19, -73, -107, -151, -131, -82, 
-24, -39, -14, 31, -4, -26, 34, -63, -97, -136, -117, -82, 
-14, -43, -29, 29, 7, -36, 24, -73, -107, -126, -117, -92, 
-19, -87, -68, 53, 24, -78, 14, -87, -122, -136, -126, -102, 
-19, -97, -78, 58, 29, -87, 9, -87, -122, -146, -136, -107, 
-19, -92, -73, 56, 26, -82, 14, -78, -117, -146, -141, -97, 
-24, -87, -63, 56, 19, -75, 4, -97, -131, -141, -141, -107, 
-43, -87, -43, 65, 0, -65, 9, -92, -131, -141, -141, -107, 
-34, -63, -29, 48, -2, -46, 19, -82, -122, -131, -136, -102, 
-14, -53, -39, 34, 12, -46, 19, -78, -112, -122, -131, -97, 
-9, -68, -58, 39, 24, -63, 14, -82, -117, -122, -131, -107, 
-29, -78, -48, 53, 9, -63, 29, -68, -107, -117, -126, -107, 
-48, -68, -19, 58, -14, -43, 48, -53, -97, -92, -112, -92, 
-43, -48, -4, 46, -19, -26, 53, -48, -87, -87, -107, -87, 
-14, -29, -14, 21, 0, -21, 48, -43, -82, -78, -102, -87, 
4, -19, -24, 7, 14, -21, 53, -34, -82, -73, -97, -82, 
0, -24, -24, 12, 12, -24, 48, -29, -73, -68, -92, -78, 
-24, -29, -4, 26, -9, -17, 53, -24, -63, -63, -92, -73, 
-29, -34, -4, 31, -12, -19, 58, -29, -63, -58, -87, -78, 
-19, -24, -4, 21, -7, -14, 78, -14, -48, -43, -73, -53, 
0, 4, 4, -2, -2, 4, 78, -9, -39, -43, -73, -48, 
14, 14, 0, -14, 7, 7, 78, -14, -48, -53, -87, -53, 
29, 19, -9, -24, 19, 4, 78, -19, -43, -48, -78, -53, 
14, 19, 4, -17, 4, 12, 87, 0, -39, -34, -68, -39, 
4, 29, 24, -17, -9, 26, 78, -9, -48, -34, -68, -43, 
9, 24, 14, -17, -2, 19, 73, -9, -53, -34, -73, -53, 
29, 9, -19, -19, 24, -4, 58, -14, -53, -34, -68, -53, 
34, 9, -24, -21, 29, -7, 39, -19, -53, -29, -58, -58, 
24, 14, -9, -19, 17, 2, 19, -19, -48, -19, -58, -58, 
39, 24, -14, -31, 26, 4, 0, -24, -48, -14, -58, -63, 
48, 43, -4, -46, 26, 19, -19, -39, -43, 0, -48, -48, 
24, 39, 14, -31, 4, 26, -19, -53, -39, 9, -39, -39, 
9, 19, 9, -14, 0, 14, -39, -78, -53, 0, -48, -48, 
9, 0, -9, -4, 9, -4, -58, -92, -78, -34, -68, -68, 
4, -14, -19, 4, 12, -17, -68, -102, -97, -58, -78, -68, 
0, 0, 0, 0, 0, 0, -53, -92, -97, -58, -63, -58, 
29, 14, -14, -21, 21, 0, -43, -87, -97, -58, -58, -53, 
43, 19, -24, -31, 34, -2, -29, -87, -102, -53, -63, -48, 
48, 19, -29, -34, 39, -4, -34, -92, -112, -63, -68, -53, 
43, 19, -24, -31, 34, -2, -39, -97, -122, -68, -78, -58, 
48, -9, -58, -19, 53, -34, -48, -107, -141, -78, -97, -73, 
34, -19, -53, -7, 43, -36, -34, -97, -136, -78, -92, -73, 
34, 0, -34, -17, 34, -17, -29, -87, -126, -63, -73, -58, 
39, 14, -24, -26, 31, -4, -14, -63, -102, -43, -53, -43, 
39, 19, -19, -29, 29, 0, -9, -63, -97, -39, -43, -34, 
29, 24, -4, -26, 17, 9, -14, -68, -107, -48, -43, -24, 
29, 24, -4, -26, 17, 9, -24, -78, -112, -53, -43, -19, 
34, 29, -4, -31, 19, 12, -24, -78, -117, -53, -43, -19, 
58, 34, -24, -46, 41, 4, -34, -87, -122, -53, -48, -19, 
68, 24, -43, -46, 56, -9, -43, -87, -131, -63, -53, -29, 
58, -14, -73, -21, 65, -43, -43, -92, -146, -73, -73, -48, 
34, -39, -73, 2, 53, -56, -34, -97, -156, -82, -87, -73, 
0, -58, -58, 29, 29, -58, -19, -92, -156, -92, -87, -73, 
-24, -68, -43, 46, 9, -56, -14, -107, -161, -92, -92, -82, 
-19, -63, -43, 41, 12, -53, -14, -117, -175, -97, -92, -87, 
-9, -53, -43, 31, 17, -48, -14, -117, -170, -97, -87, -87, 
4, -43, -48, 19, 26, -46, -29, -126, -175, -102, -102, -92, 
9, -43, -53, 17, 31, -48, -29, -136, -185, -112, -97, -97, 
19, -53, -73, 17, 46, -63, -34, -131, -185, -112, -97, -97, 
29, -58, -87, 14, 58, -73, -34, -131, -185, -107, -97, -97, 
39, -58, -97, 9, 68, -78, -29, -131, -180, -102, -92, -97, 
34, -48, -82, 7, 58, -65, -29, -126, -180, -102, -87, -92, 
19, -58, -78, 19, 48, -68, -24, -117, -175, -97, -78, -87, 
-9, -68, -58, 39, 24, -63, -19, -112, -170, -97, -78, -82, 
-24, -58, -34, 41, 4, -46, -14, -112, -170, -97, -73, -82, 
-19, -43, -24, 31, 2, -34, -14, -112, -165, -97, -78, -82, 
9, -39, -48, 14, 29, -43, -19, -117, -170, -102, -82, -82, 
43, -29, -73, -7, 58, -51, -19, -122, -175, -117, -92, -82, 
53, -24, -78, -14, 65, -51, -24, -117, -170, -126, -87, -78, 
39, -24, -63, -7, 51, -43, -29, -126, -175, -131, -92, -82, 
29, -29, -58, 0, 43, -43, -34, -131, -175, -131, -97, -82, 
43, -24, -68, -9, 56, -46, -34, -122, -170, -122, -92, -78, 
63, -24, -87, -19, 75, -56, -29, -112, -165, -117, -92, -73, 
48, -29, -78, -9, 63, -53, -24, -117, -165, -117, -92, -78, 
14, -34, -48, 9, 31, -41, -24, -112, -161, -107, -87, -73, 
-9, -34, -24, 21, 7, -29, -24, -107, -161, -112, -82, -73, 
0, -43, -43, 21, 21, -43, -29, -117, -165, -117, -87, -73, 
0, -53, -53, 26, 26, -53, -29, -126, -165, -122, -87, -78, 
4, -58, -63, 26, 34, -61, -29, -117, -161, -112, -87, -82, 
14, -63, -78, 24, 46, -70, 0, -87, -146, -112, -87, -87, 
9, -87, -97, 39, 53, -92, 39, -43, -122, -117, -102, -97, 
-14, -117, -102, 65, 43, -109, 73, 19, -97, -131, -117, -117, 
-19, -122, -102, 70, 41, -112, 117, 78, -63, -126, -117, -122, 
-14, -122, -107, 68, 46, -114, 170, 146, 4, -97, -97, -122, 
-39, -112, -73, 75, 17, -92, 234, 224, 78, -48, -68, -107, 
-63, -112, -48, 87, -7, -80, 307, 307, 161, 9, -39, -92, 
-48, -107, -58, 78, 4, -82, 409, 458, 273, 73, 0, -73, 
-19, -107, -87, 63, 34, -97, 527, 658, 409, 131, 53, -43, 
29, -78, -107, 24, 68, -92, 595, 771, 507, 214, 126, 14, 
73, 14, -58, -43, 65, -21, 600, 732, 580, 326, 239, 102, 
87, 107, 19, -97, 34, 63, 570, 624, 673, 488, 385, 229, 
107, 190, 82, -148, 12, 136, 502, 492, 756, 668, 546, 361, 
151, 287, 136, -219, 7, 212, 414, 370, 854, 839, 712, 497, 
185, 380, 195, -283, -4, 287, 287, 248, 961, 1034, 897, 634, 
229, 492, 263, -361, -17, 378, 78, 78, 1058, 1229, 1088, 790, 
283, 629, 346, -456, -31, 488, -234, -161, 1102, 1385, 1273, 951, 
297, 717, 419, -507, -61, 568, -570, -473, 1044, 1415, 1346, 1044, 
273, 712, 439, -492, -82, 575, -819, -839, 844, 1268, 1254, 1005, 
273, 658, 385, -466, -56, 522, -966, -1112, 570, 1000, 1049, 888, 
283, 585, 302, -434, -9, 444, -1054, -1239, 297, 712, 824, 761, 
248, 531, 283, -390, -17, 407, -1176, -1449, -97, 380, 566, 614, 
185, 507, 322, -346, -68, 414, -1317, -1761, -570, 58, 307, 448, 
141, 488, 346, -314, -102, 417, -1381, -1927, -922, -195, 82, 307, 
107, 453, 346, -280, -119, 400, -1390, -1942, -1166, -395, -102, 165, 
92, 439, 346, -265, -126, 392, -1390, -1912, -1263, -473, -185, 97, 
107, 439, 331, -273, -112, 385, -1322, -1742, -1098, -366, -131, 122, 
126, 400, 273, -263, -73, 336, -1141, -1444, -858, -263, -82, 126, 
131, 351, 219, -241, -43, 285, -922, -1176, -722, -244, -92, 82, 
126, 317, 190, -222, -31, 253, -732, -951, -600, -224, -97, 48, 
107, 273, 165, -190, -29, 219, -570, -736, -453, -156, -53, 48, 
97, 204, 107, -151, -4, 156, -444, -556, -336, -117, -34, 43, 
68, 136, 68, -102, 0, 102, -346, -453, -287, -112, -39, 24, 
29, 87, 58, -58, -14, 73, -283, -375, -234, -107, -43, 14, 
-14, 43, 58, -14, -36, 51, -219, -302, -175, -78, -24, 14, 
-34, 14, 48, 9, -41, 31, -161, -248, -146, -68, -24, 19, 
-34, 9, 43, 12, -39, 26, -107, -190, -117, -53, -9, 24, 
-24, 4, 29, 9, -26, 17, -73, -146, -87, -39, -14, 19, 
-14, 0, 14, 7, -14, 7, -58, -136, -82, -34, -14, 14, 
0, -9, -9, 4, 4, -9, -58, -131, -92, -48, -34, 4, 
-19, -29, -9, 24, -4, -19, -53, -122, -97, -48, -39, 0, 
-39, -53, -14, 46, -12, -34, -48, -107, -87, -43, -39, -9, 
-53, -63, -9, 58, -21, -36, -29, -92, -73, -24, -29, -14, 
-63, -53, 9, 58, -36, -21, -14, -68, -68, -19, -24, -19, 
-53, -43, 9, 48, -31, -17, 9, -48, -68, -9, -14, -14, 
-29, -39, -9, 34, -9, -24, 24, -29, -53, -14, -14, -14, 
-29, -39, -9, 34, -9, -24, 34, -14, -43, -14, -14, -19, 
-29, -29, 0, 29, -14, -14, 34, -9, -39, -14, -24, -34, 
-19, -29, -9, 24, -4, -19, 34, -9, -39, -14, -19, -43, 
4, -29, -34, 12, 19, -31, 24, -14, -34, -29, -39, -58, 
14, -19, -34, 2, 24, -26, 34, -9, -29, -29, -34, -48, 
9, 0, -9, -4, 9, -4, 39, 14, -19, -19, -29, -39, 
-34, -19, 14, 26, -24, -2, 58, 34, 0, 0, 0, -19, 
-68, -24, 43, 46, -56, 9, 63, 43, 0, 0, 0, -14, 
-58, 0, 58, 29, -58, 29, 73, 53, 0, 0, 9, 0, 
-14, 14, 29, 0, -21, 21, 68, 53, 4, -9, 4, 0, 
0, -14, -14, 7, 7, -14, 58, 43, -19, -34, -19, -24, 
-29, -39, -9, 34, -9, -24, 48, 39, -24, -48, -34, -34, 
-34, -34, 0, 34, -17, -17, 63, 53, 0, -34, -19, -19, 
-24, -14, 9, 19, -17, -2, 73, 58, 19, -14, -14, -14, 
-19, 4, 24, 7, -21, 14, 78, 58, 24, 4, 0, -9, 
-14, 4, 19, 4, -17, 12, 73, 63, 34, 19, 4, 0, 
9, 14, 4, -12, 2, 9, 82, 78, 43, 29, 9, 0, 
19, 34, 14, -26, 2, 24, 92, 87, 48, 34, 14, 0, 
43, 53, 9, -48, 17, 31, 97, 97, 48, 39, 29, 0, 
68, 58, -9, -63, 39, 24, 92, 102, 48, 39, 24, -9, 
68, 43, -24, -56, 46, 9, 102, 107, 48, 29, 19, -19, 
48, 39, -9, -43, 29, 14, 97, 112, 63, 29, 24, -14, 
29, 34, 4, -31, 12, 19, 102, 117, 78, 34, 34, 0, 
19, 29, 9, -24, 4, 19, 102, 122, 82, 29, 34, 9, 
9, 34, 24, -21, -7, 29, 92, 122, 78, 24, 34, 9, 
9, 34, 24, -21, -7, 29, 87, 122, 78, 24, 39, 19, 
4, 19, 14, -12, -4, 17, 97, 131, 87, 39, 48, 29, 
14, 14, 0, -14, 7, 7, 102, 141, 87, 43, 43, 29, 
34, 9, -24, -21, 29, -7, 92, 136, 78, 39, 39, 14, 
29, -9, -39, -9, 34, -24, 97, 136, 92, 48, 29, 9, 
14, -9, -24, -2, 19, -17, 112, 151, 112, 58, 34, 14, 
24, 19, -4, -21, 14, 7, 117, 165, 117, 73, 43, 24, 
24, 39, 14, -31, 4, 26, 126, 180, 136, 87, 68, 43, 
53, 58, 4, -56, 24, 31, 136, 185, 156, 97, 78, 48, 
78, 78, 0, -78, 39, 39, 131, 190, 161, 102, 87, 53, 
53, 68, 14, -61, 19, 41, 131, 195, 170, 112, 97, 63, 
4, 48, 43, -26, -19, 46, 141, 214, 185, 131, 117, 73, 
4, 39, 34, -21, -14, 36, 141, 219, 185, 131, 117, 68, 
39, 58, 19, -48, 9, 39, 146, 229, 190, 126, 122, 73, 
48, 73, 24, -61, 12, 48, 141, 244, 195, 122, 117, 73, 
24, 48, 24, -36, 0, 36, 141, 244, 204, 122, 112, 68, 
-9, 14, 24, -2, -17, 19, 122, 234, 195, 122, 97, 53, 
-29, -29, 0, 29, -14, -14, 107, 229, 185, 107, 92, 48, 
-58, -58, 0, 58, -29, -29, 102, 224, 190, 107, 87, 48, 
-78, -73, 4, 75, -41, -34, 107, 234, 195, 122, 102, 53, 
-87, -68, 19, 78, -53, -24, 102, 234, 209, 141, 107, 58, 
-73, -39, 34, 56, -53, -2, 107, 253, 219, 146, 117, 53, 
-53, -14, 39, 34, -46, 12, 107, 258, 219, 141, 112, 58, 
-53, -29, 24, 41, -39, -2, 102, 263, 219, 131, 117, 58, 
-63, -39, 24, 51, -43, -7, 112, 273, 234, 136, 126, 78, 
-68, -29, 39, 48, -53, 4, 112, 283, 244, 136, 126, 82, 
-73, -29, 43, 51, -58, 7, 112, 292, 253, 146, 122, 82, 
-87, -48, 39, 68, -63, -4, 102, 287, 253, 141, 117, 73, 
-107, -73, 34, 90, -70, -19, 97, 297, 263, 146, 117, 68, 
-131, -97, 34, 114, -82, -31, 102, 307, 273, 165, 126, 73, 
-146, -97, 48, 122, -97, -24, 107, 317, 287, 175, 146, 82, 
-117, -78, 39, 97, -78, -19, 112, 331, 302, 185, 156, 92, 
-68, -53, 14, 61, -41, -19, 122, 351, 307, 195, 165, 97, 
-24, -29, -4, 26, -9, -17, 126, 366, 317, 209, 170, 102, 
-24, -24, 0, 24, -12, -12, 126, 375, 331, 209, 170, 102, 
-43, -29, 14, 36, -29, -7, 126, 390, 341, 229, 180, 107, 
-63, -29, 34, 46, -48, 2, 131, 400, 356, 244, 190, 107, 
-78, -48, 29, 63, -53, -9, 126, 409, 370, 244, 190, 112, 
-112, -78, 34, 95, -73, -21, 122, 414, 375, 244, 190, 102, 
-146, -82, 63, 114, -104, -9, 117, 419, 385, 258, 209, 112, 
-151, -73, 78, 112, -114, 2, 126, 444, 409, 268, 229, 122, 
-136, -68, 68, 102, -102, 0, 126, 453, 419, 268, 224, 126, 
-117, -78, 39, 97, -78, -19, 126, 463, 419, 263, 224, 131, 
-97, -68, 29, 82, -63, -19, 122, 473, 419, 263, 224, 136, 
-102, -53, 48, 78, -75, -2, 141, 497, 439, 273, 244, 156, 
-122, -53, 68, 87, -95, 7, 151, 522, 463, 292, 263, 175, 
-117, -63, 53, 90, -85, -4, 146, 531, 478, 297, 273, 180, 
-82, -48, 34, 65, -58, -7, 131, 527, 483, 297, 273, 180, 
-68, -24, 43, 46, -56, 9, 131, 546, 497, 307, 283, 195, 
-87, -9, 78, 48, -82, 34, 136, 561, 512, 336, 297, 214, 
-92, -9, 82, 51, -87, 36, 146, 575, 531, 361, 322, 224, 
-63, 24, 87, 19, -75, 56, 156, 600, 551, 380, 341, 248, 
-34, 63, 97, -14, -65, 80, 170, 629, 570, 395, 361, 263, 
-34, 58, 92, -12, -63, 75, 165, 629, 575, 395, 361, 258, 
-63, 29, 92, 17, -78, 61, 161, 634, 575, 390, 361, 258, 
-73, 14, 87, 29, -80, 51, 146, 634, 575, 400, 370, 258, 
-73, 4, 78, 34, -75, 41, 136, 629, 585, 409, 380, 258, 
-68, 0, 68, 34, -68, 34, 131, 629, 595, 419, 385, 263, 
-78, 9, 87, 34, -82, 48, 141, 644, 614, 424, 390, 283, 
-87, 14, 102, 36, -95, 58, 136, 639, 614, 424, 395, 287, 
-92, 9, 102, 41, -97, 56, 136, 634, 614, 429, 400, 292, 
-73, 19, 92, 26, -82, 56, 136, 639, 619, 434, 400, 302, 
-53, 39, 92, 7, -73, 65, 126, 644, 614, 439, 400, 307, 
-53, 43, 97, 4, -75, 70, 122, 634, 610, 439, 409, 307, 
-68, 43, 112, 12, -90, 78, 122, 629, 600, 448, 419, 307, 
-73, 63, 136, 4, -104, 100, 126, 624, 610, 463, 434, 317, 
-68, 87, 156, -9, -112, 122, 122, 614, 614, 478, 448, 326, 
-58, 82, 141, -12, -100, 112, 107, 590, 600, 473, 444, 326, 
-53, 73, 126, -9, -90, 100, 87, 556, 580, 453, 424, 307, 
-48, 58, 107, -4, -78, 82, 63, 522, 556, 439, 409, 292, 
-29, 78, 107, -24, -68, 92, 39, 488, 522, 409, 390, 287, 
-14, 112, 126, -48, -70, 119, 43, 468, 507, 385, 380, 302, 
-34, 107, 141, -36, -87, 124, 43, 448, 483, 370, 375, 297, 
-48, 92, 141, -21, -95, 117, 39, 429, 463, 361, 366, 302, 
-29, 107, 136, -39, -82, 122, 29, 400, 439, 341, 356, 292, 
-29, 97, 126, -34, -78, 112, 29, 375, 409, 326, 326, 273, 
-43, 78, 122, -17, -82, 100, 9, 331, 370, 302, 302, 244, 
-29, 68, 97, -19, -63, 82, -19, 283, 331, 287, 273, 214, 
-14, 68, 82, -26, -48, 75, -39, 244, 297, 268, 239, 175, 
-19, 48, 68, -14, -43, 58, -43, 209, 268, 244, 209, 146, 
-43, 24, 68, 9, -56, 46, -48, 175, 234, 214, 185, 122, 
-63, 0, 63, 31, -63, 31, -39, 151, 204, 185, 170, 107, 
-87, -9, 78, 48, -82, 34, -39, 136, 175, 165, 161, 97, 
-107, -14, 92, 61, -100, 39, -24, 122, 156, 156, 146, 92, 
-107, -14, 92, 61, -100, 39, -34, 87, 122, 122, 112, 68, 
-87, -24, 63, 56, -75, 19, -39, 58, 92, 92, 82, 39, 
-97, -48, 48, 73, -73, 0, -48, 34, 68, 68, 53, 19, 
-131, -73, 58, 102, -95, -7, -53, 19, 48, 39, 34, 4, 
-146, -97, 48, 122, -97, -24, -58, -9, 24, 19, 14, -19, 
-151, -112, 39, 131, -95, -36, -68, -43, -9, -9, -9, -43, 
-151, -136, 14, 143, -82, -61, -78, -63, -34, -29, -29, -58, 
-170, -165, 4, 168, -87, -80, -78, -73, -63, -63, -58, -68, 
-214, -180, 34, 197, -124, -73, -73, -82, -78, -82, -73, -73, 
-214, -195, 19, 204, -117, -87, -73, -92, -92, -102, -87, -78, 
-175, -190, -14, 183, -80, -102, -87, -117, -117, -136, -112, -92, 
-161, -185, -24, 173, -68, -104, -92, -126, -126, -136, -122, -107, 
-200, -209, -9, 204, -95, -109, -78, -131, -131, -126, -126, -117, 
-239, -234, 4, 236, -122, -114, -73, -131, -131, -122, -122, -117, 
-234, -244, -9, 239, -112, -126, -78, -136, -131, -126, -126, -122, 
-234, -248, -14, 241, -109, -131, -78, -146, -136, -131, -126, -126, 
-248, -258, -9, 253, -119, -134, -87, -156, -151, -141, -131, -136, 
-239, -263, -24, 251, -107, -143, -87, -161, -161, -146, -136, -146, 
-239, -278, -39, 258, -100, -158, -82, -161, -165, -151, -136, -146, 
-258, -292, -34, 275, -112, -163, -82, -161, -165, -161, -136, -141, 
-273, -307, -34, 290, -119, -170, -82, -165, -175, -175, -151, -146, 
-292, -331, -39, 312, -126, -185, -87, -175, -190, -185, -161, -161, 
-312, -346, -34, 329, -139, -190, -87, -175, -195, -185, -161, -156, 
-317, -336, -19, 326, -148, -178, -102, -190, -200, -185, -175, -161, 
-331, -351, -19, 341, -156, -185, -102, -190, -185, -175, -175, -161, 
-326, -356, -29, 341, -148, -192, -97, -195, -185, -175, -170, -170, 
-302, -326, -24, 314, -139, -175, -92, -190, -180, -161, -161, -156, 
-283, -307, -24, 295, -129, -165, -82, -180, -175, -165, -156, -156, 
-287, -317, -29, 302, -129, -173, -87, -180, -185, -161, -151, -161, 
-287, -326, -39, 307, -124, -183, -82, -175, -180, -161, -151, -156, 
-253, -302, -48, 278, -102, -175, -82, -175, -185, -170, -156, -146, 
-219, -292, -73, 256, -73, -183, -73, -170, -185, -175, -165, -146, 
-209, -287, -78, 248, -65, -183, -73, -165, -180, -170, -165, -146, 
-224, -283, -58, 253, -82, -170, -68, -165, -170, -170, -156, -136, 
-234, -253, -19, 244, -107, -136, -63, -161, -165, -165, -151, -131, 
-224, -234, -9, 229, -107, -122, -43, -151, -156, -146, -131, -122, 
-190, -229, -39, 209, -75, -134, -48, -146, -151, -141, -131, -117, 
-151, -224, -73, 187, -39, -148, -53, -151, -156, -146, -141, -117, 
-131, -200, -68, 165, -31, -134, -48, -146, -161, -141, -136, -117, 
-136, -175, -39, 156, -48, -107, -43, -146, -156, -141, -136, -117, 
-151, -175, -24, 163, -63, -100, -29, -122, -136, -131, -122, -102, 
-146, -165, -19, 156, -63, -92, -14, -107, -126, -122, -122, -97, 
-102, -136, -34, 119, -34, -85, -14, -112, -122, -117, -117, -97, 
-58, -107, -48, 82, -4, -78, -9, -107, -117, -122, -117, -87, 
-34, -78, -43, 56, 4, -61, 0, -102, -112, -126, -112, -82, 
-14, -53, -39, 34, 12, -46, 14, -87, -102, -112, -102, -68, 
4, -29, -34, 12, 19, -31, 14, -87, -102, -117, -97, -63, 
14, -29, -43, 7, 29, -36, 19, -82, -102, -122, -97, -58, 
4, -43, -48, 19, 26, -46, 24, -82, -107, -117, -97, -58, 
-14, -48, -34, 31, 9, -41, 24, -78, -107, -102, -87, -58, 
9, -39, -48, 14, 29, -43, 29, -73, -107, -97, -82, -58, 
63, 0, -63, -31, 63, -31, 39, -63, -97, -92, -82, -53, 
107, 39, -68, -73, 87, -14, 43, -53, -82, -82, -73, -48, 
117, 68, -48, -92, 82, 9, 68, -34, -53, -53, -43, -19, 
151, 117, -34, -134, 92, 41, 78, -19, -34, -29, -19, 9, 
209, 185, -24, -197, 117, 80, 97, 0, -9, 4, 4, 24, 
268, 229, -39, -248, 153, 95, 107, 14, 0, 19, 14, 24, 
307, 248, -58, -278, 183, 95, 117, 19, 9, 29, 14, 29, 
341, 287, -53, -314, 197, 117, 131, 34, 19, 39, 29, 43, 
366, 326, -39, -346, 202, 143, 136, 48, 29, 48, 48, 58, 
336, 312, -24, -324, 180, 143, 141, 48, 24, 39, 53, 53, 
278, 258, -19, -268, 148, 119, 126, 34, 14, 19, 39, 34, 
253, 219, -34, -236, 143, 92, 107, 14, 0, 0, 14, 24, 
234, 190, -43, -212, 139, 73, 97, -9, -14, -9, 4, 19, 
185, 151, -34, -168, 109, 58, 92, -14, -14, -14, 0, 9, 
175, 136, -39, -156, 107, 48, 87, -19, -24, -14, -14, 0, 
185, 161, -24, -173, 104, 68, 82, -19, -24, -24, -19, 0, 
170, 165, -4, -168, 87, 80, 82, -19, -29, -24, -14, 4, 
141, 136, -4, -139, 73, 65, 73, -24, -34, -29, -14, -9, 
126, 112, -14, -119, 70, 48, 68, -19, -34, -24, -19, -19, 
126, 107, -19, -117, 73, 43, 58, -34, -48, -34, -34, -24, 
107, 87, -19, -97, 63, 34, 58, -34, -53, -34, -34, -24, 
92, 78, -14, -85, 53, 31, 53, -39, -48, -34, -29, -29, 
97, 82, -14, -90, 56, 34, 58, -39, -43, -29, -34, -34, 
107, 87, -19, -97, 63, 34, 53, -34, -48, -39, -34, -34, 
92, 73, -19, -82, 56, 26, 48, -39, -58, -43, -39, -39, 
68, 63, -4, -65, 36, 29, 43, -43, -58, -48, -34, -34, 
63, 68, 4, -65, 29, 36, 58, -34, -48, -39, -24, -24, 
68, 73, 4, -70, 31, 39, 48, -29, -48, -43, -34, -29, 
73, 63, -9, -68, 41, 26, 34, -48, -63, -53, -48, -39, 
82, 58, -24, -70, 53, 17, 29, -63, -78, -73, -53, -43, 
92, 58, -34, -75, 63, 12, 34, -58, -78, -78, -63, -39, 
73, 53, -19, -63, 46, 17, 29, -58, -78, -87, -63, -39, 
34, 39, 4, -36, 14, 21, 24, -68, -78, -82, -68, -48, 
19, 34, 14, -26, 2, 24, 19, -68, -78, -82, -68, -43, 
34, 43, 9, -39, 12, 26, 24, -68, -82, -82, -63, -43, 
48, 53, 4, -51, 21, 29, 24, -73, -82, -87, -58, -34, 
58, 58, 0, -58, 29, 29, 29, -68, -82, -87, -58, -34, 
78, 63, -14, -70, 46, 24, 24, -78, -92, -92, -68, -43, 
73, 43, -29, -58, 51, 7, 24, -73, -92, -92, -63, -39, 
43, 29, -14, -36, 29, 7, 24, -73, -92, -92, -63, -39, 
39, 19, -19, -29, 29, 0, 29, -63, -87, -82, -63, -39, 
48, 24, -24, -36, 36, 0, 24, -68, -87, -78, -53, -39, 
48, 19, -29, -34, 39, -4, 29, -68, -82, -78, -58, -39, 
53, 19, -34, -36, 43, -7, 29, -73, -82, -82, -68, -43, 
82, 53, -29, -68, 56, 12, 19, -78, -82, -78, -63, -39, 
112, 78, -34, -95, 73, 21, 14, -78, -82, -73, -58, -34, 
102, 68, -34, -85, 68, 17, 24, -68, -82, -68, -58, -34, 
92, 63, -29, -78, 61, 17, 34, -58, -78, -63, -53, -34, 
92, 78, -14, -85, 53, 31, 39, -48, -78, -58, -48, -34, 
82, 63, -19, -73, 51, 21, 43, -53, -78, -63, -48, -24, 
39, 9, -29, -24, 34, -9, 39, -63, -82, -78, -58, -39, 
0, -39, -39, 19, 19, -39, 24, -82, -102, -92, -78, -58, 
-9, -43, -34, 26, 12, -39, 9, -87, -112, -97, -82, -58, 
34, -14, -48, -9, 41, -31, 4, -92, -112, -97, -87, -53, 
63, 4, -58, -34, 61, -26, 9, -82, -107, -102, -87, -48, 
53, 4, -48, -29, 51, -21, 9, -82, -102, -107, -82, -43, 
34, 4, -29, -19, 31, -12, 14, -78, -107, -112, -78, -29, 
29, 0, -29, -14, 29, -14, 29, -78, -107, -117, -82, -19, 
34, -9, -43, -12, 39, -26, 19, -78, -112, -131, -102, -24, 
29, -29, -58, 0, 43, -43, 14, -82, -117, -131, -117, -34, 
14, -39, -53, 12, 34, -46, 14, -82, -117, -112, -112, -48, 
9, -43, -53, 17, 31, -48, 19, -82, -112, -92, -92, -58, 
9, -43, -53, 17, 31, -48, 14, -82, -102, -73, -68, -58, 
4, -48, -53, 21, 29, -51, 14, -82, -97, -58, -58, -63, 
-14, -48, -34, 31, 9, -41, 14, -82, -92, -53, -58, -73, 
-19, -39, -19, 29, 0, -29, 9, -82, -97, -53, -53, -78, 
-9, -29, -19, 19, 4, -24, 4, -78, -97, -53, -48, -78, 
14, -39, -53, 12, 34, -46, 9, -87, -107, -63, -58, -87, 
24, -43, -68, 9, 46, -56, 9, -92, -112, -73, -68, -82, 
29, -34, -63, 2, 46, -48, 4, -92, -112, -73, -68, -78, 
19, -34, -53, 7, 36, -43, 0, -92, -112, -78, -78, -82, 
-9, -43, -34, 26, 12, -39, 4, -92, -112, -82, -78, -78, 
-19, -39, -19, 29, 0, -29, 4, -92, -112, -87, -78, -73, 
0, -24, -24, 12, 12, -24, 4, -97, -112, -97, -78, -68, 
24, -29, -53, 2, 39, -41, -9, -102, -122, -117, -92, -78, 
24, -39, -63, 7, 43, -51, -24, -112, -131, -126, -102, -87, 
0, -43, -43, 21, 21, -43, -14, -102, -126, -117, -92, -78, 
-9, -53, -43, 31, 17, -48, 0, -97, -126, -102, -87, -73, 
-29, -63, -34, 46, 2, -48, 0, -97, -126, -97, -87, -78, 
-53, -73, -19, 63, -17, -46, 9, -87, -122, -97, -87, -82, 
-53, -78, -24, 65, -14, -51, 4, -92, -122, -97, -92, -87, 
-53, -78, -24, 65, -14, -51, 0, -102, -126, -112, -97, -82, 
-53, -68, -14, 61, -19, -41, -9, -102, -126, -122, -92, -78, 
-34, -63, -29, 48, -2, -46, -9, -97, -122, -112, -87, -78, 
-14, -48, -34, 31, 9, -41, 0, -92, -117, -102, -82, -78, 
-19, -48, -29, 34, 4, -39, 4, -97, -122, -97, -82, -73, 
-29, -48, -19, 39, -4, -34, 0, -92, -122, -102, -87, -73, 
-24, -53, -29, 39, 2, -41, 0, -97, -126, -102, -92, -78, 
-14, -39, -24, 26, 4, -31, 4, -87, -122, -97, -82, -73, 
-14, -34, -19, 24, 2, -26, 4, -92, -122, -92, -78, -73, 
-19, -39, -19, 29, 0, -29, 4, -92, -126, -92, -82, -82, 
-34, -48, -14, 41, -9, -31, 4, -97, -131, -102, -97, -87, 
-48, -58, -9, 53, -19, -34, 4, -102, -131, -102, -97, -82, 
-39, -48, -9, 43, -14, -29, 9, -102, -122, -97, -92, -78, 
-24, -58, -34, 41, 4, -46, 0, -102, -126, -107, -97, -82, 
-9, -68, -58, 39, 24, -63, -14, -112, -141, -117, -107, -87, 
-14, -63, -48, 39, 17, -56, -14, -112, -141, -122, -107, -87, 
-34, -58, -24, 46, -4, -41, -9, -112, -141, -131, -112, -87, 
-48, -58, -9, 53, -19, -34, -14, -112, -141, -141, -117, -82, 
-34, -43, -9, 39, -12, -26, -9, -107, -136, -136, -112, -73, 
-14, -24, -9, 19, -2, -17, -9, -107, -141, -126, -112, -73, 
14, -24, -39, 4, 26, -31, -14, -112, -141, -122, -107, -68, 
34, 4, -29, -19, 31, -12, -14, -102, -136, -112, -102, -68, 
48, 24, -24, -36, 36, 0, 0, -97, -126, -102, -92, -58, 
43, 19, -24, -31, 34, -2, -9, -102, -131, -112, -97, -68, 
34, 0, -34, -17, 34, -17, -19, -107, -131, -112, -92, -73, 
39, 0, -39, -19, 39, -19, -19, -102, -131, -112, -92, -78, 
48, 9, -39, -29, 43, -14, -19, -112, -141, -117, -102, -82, 
48, 9, -39, -29, 43, -14, -19, -112, -146, -117, -102, -82, 
48, 4, -43, -26, 46, -19, -19, -112, -146, -122, -102, -78, 
39, 9, -29, -24, 34, -9, -14, -107, -146, -122, -102, -82, 
39, 19, -19, -29, 29, 0, 0, -102, -136, -112, -97, -73, 
53, 34, -19, -43, 36, 7, 4, -92, -126, -107, -87, -63, 
48, 34, -14, -41, 31, 9, 9, -97, -126, -107, -92, -63, 
29, 14, -14, -21, 21, 0, 0, -102, -136, -117, -102, -73, 
14, -19, -34, 2, 24, -26, -24, -117, -141, -126, -107, -82, 
0, -29, -29, 14, 14, -29, -34, -122, -151, -131, -112, -92, 
-9, -39, -29, 24, 9, -34, -34, -126, -156, -141, -117, -97, 
-14, -58, -43, 36, 14, -51, -39, -126, -165, -141, -117, -97, 
-19, -68, -48, 43, 14, -58, -34, -126, -161, -141, -122, -97, 
-34, -58, -24, 46, -4, -41, -19, -112, -146, -122, -112, -87, 
-14, -34, -19, 24, 2, -26, -24, -112, -141, -112, -107, -82, 
14, -14, -29, 0, 21, -21, -24, -117, -146, -117, -112, -92, 
24, -19, -43, -2, 34, -31, -24, -126, -146, -112, -117, -102, 
24, -19, -43, -2, 34, -31, -19, -122, -141, -102, -107, -97, 
24, 0, -24, -12, 24, -12, -14, -112, -126, -92, -97, -82, 
0, -9, -9, 4, 4, -9, -9, -97, -122, -92, -92, -73, 
-19, -43, -24, 31, 2, -34, -14, -112, -136, -107, -102, -82, 
-29, -63, -34, 46, 2, -48, -19, -117, -151, -112, -112, -92, 
-29, -58, -29, 43, 0, -43, -19, -117, -141, -117, -117, -92, 
-39, -53, -14, 46, -12, -34, -19, -117, -141, -112, -112, -92, 
-34, -58, -24, 46, -4, -41, -9, -112, -136, -107, -102, -87, 
-29, -39, -9, 34, -9, -24, -9, -107, -131, -107, -102, -78, 
-43, -39, 4, 41, -24, -17, -14, -107, -126, -107, -107, -78, 
-39, -53, -14, 46, -12, -34, -19, -112, -141, -112, -112, -92, 
-19, -53, -34, 36, 7, -43, -19, -117, -141, -112, -117, -92, 
-19, -48, -29, 34, 4, -39, -19, -117, -141, -122, -117, -87, 
-63, -73, -9, 68, -26, -41, -14, -117, -146, -122, -117, -82, 
-73, -78, -4, 75, -34, -41, -9, -112, -151, -122, -117, -82, 
-29, -53, -24, 41, -2, -39, -14, -112, -156, -136, -126, -82, 
9, -53, -63, 21, 36, -58, -24, -126, -170, -151, -146, -92, 
0, -73, -73, 36, 36, -73, -19, -126, -165, -141, -136, -87, 
0, -58, -58, 29, 29, -58, -19, -117, -151, -126, -122, -82, 
19, -34, -53, 7, 36, -43, -19, -117, -146, -122, -117, -82, 
24, -39, -63, 7, 43, -51, -29, -126, -156, -122, -117, -82, 
14, -48, -63, 17, 39, -56, -34, -131, -156, -117, -117, -87, 
29, -29, -58, 0, 43, -43, -29, -126, -151, -117, -112, -97, 
29, -14, -43, -7, 36, -29, -14, -112, -141, -107, -102, -92, 
24, -9, -34, -7, 29, -21, 4, -97, -131, -97, -87, -78, 
34, -19, -53, -7, 43, -36, 9, -97, -131, -92, -87, -73, 
58, -9, -68, -24, 63, -39, -14, -112, -146, -112, -102, -92, 
43, -24, -68, -9, 56, -46, -19, -122, -156, -117, -112, -92, 
24, -48, -73, 12, 48, -61, -24, -126, -156, -122, -117, -97, 
4, -63, -68, 29, 36, -65, -24, -126, -151, -126, -122, -102, 
0, -58, -58, 29, 29, -58, -34, -146, -156, -126, -122, -102, 
0, -63, -63, 31, 31, -63, -48, -146, -165, -131, -126, -102, 
0, -73, -73, 36, 36, -73, -43, -146, -170, -146, -136, -117, 
-14, -82, -68, 48, 26, -75, -39, -141, -170, -146, -136, -112, 
-29, -92, -63, 61, 17, -78, -48, -151, -185, -156, -141, -112, 
-48, -102, -53, 75, 2, -78, -53, -146, -180, -156, -141, -117, 
-48, -102, -53, 75, 2, -78, -39, -136, -170, -146, -131, -107, 
-39, -97, -58, 68, 9, -78, -39, -136, -165, -136, -126, -102, 
-43, -78, -34, 61, -4, -56, -34, -131, -161, -136, -126, -97, 
-48, -82, -34, 65, -7, -58, -34, -131, -161, -141, -131, -97, 
-53, -92, -39, 73, -7, -65, -29, -126, -156, -146, -131, -97, 
-43, -97, -53, 70, 4, -75, -34, -131, -161, -151, -136, -97, 
-39, -92, -53, 65, 7, -73, -39, -131, -170, -151, -136, -102, 
-43, -82, -39, 63, -2, -61, -24, -126, -161, -136, -126, -92, 
-39, -73, -34, 56, -2, -53, -19, -122, -151, -117, -117, -87, 
-34, -73, -39, 53, 2, -56, -24, -122, -161, -117, -122, -102, 
-19, -73, -53, 46, 17, -63, -24, -131, -165, -126, -122, -107, 
-19, -73, -53, 46, 17, -63, -24, -131, -165, -126, -122, -107, 
-34, -78, -43, 56, 4, -61, -24, -126, -156, -117, -117, -102, 
-39, -73, -34, 56, -2, -53, -29, -131, -156, -122, -122, -107, 
-24, -63, -39, 43, 7, -51, -19, -126, -156, -126, -117, -102, 
-34, -68, -34, 51, 0, -51, -19, -131, -156, -131, -117, -97, 
-48, -78, -29, 63, -9, -53, -24, -131, -165, -141, -122, -97, 
-43, -82, -39, 63, -2, -61, -39, -136, -180, -146, -126, -107, 
-19, -78, -58, 48, 19, -68, -39, -136, -175, -131, -122, -102, 
0, -63, -63, 31, 31, -63, -29, -131, -161, -122, -112, -92, 
-9, -43, -34, 26, 12, -39, -14, -112, -151, -112, -97, -87, 
-9, -39, -29, 24, 9, -34, -14, -112, -141, -102, -97, -87, 
9, -39, -48, 14, 29, -43, -19, -117, -146, -107, -107, -87, 
9, -39, -48, 14, 29, -43, -19, -122, -151, -112, -107, -87, 
9, -29, -39, 9, 24, -34, -19, -117, -151, -112, -107, -87, 
4, -34, -39, 14, 21, -36, -14, -117, -141, -107, -112, -82, 
-9, -48, -39, 29, 14, -43, -19, -122, -156, -126, -126, -97, 
-24, -68, -43, 46, 9, -56, -24, -117, -161, -131, -131, -107, 
-29, -68, -39, 48, 4, -53, -29, -117, -156, -141, -126, -102, 
-39, -78, -39, 58, 0, -58, -24, -117, -165, -151, -131, -97, 
-53, -82, -29, 68, -12, -56, -29, -122, -170, -151, -136, -97, 
-39, -82, -43, 61, 2, -63, -39, -131, -175, -146, -131, -102, 
-9, -48, -39, 29, 14, -43, -34, -126, -161, -126, -122, -97, 
4, -43, -48, 19, 26, -46, -24, -112, -151, -107, -112, -87, 
-14, -53, -39, 34, 12, -46, -29, -112, -151, -107, -112, -92, 
-19, -48, -29, 34, 4, -39, -24, -112, -146, -107, -112, -97, 
0, -29, -29, 14, 14, -29, -19, -107, -146, -107, -112, -97, 
-9, -29, -19, 19, 4, -24, -9, -92, -136, -92, -97, -82, 
4, -19, -24, 7, 14, -21, 0, -97, -136, -92, -97, -87, 
34, 0, -34, -17, 34, -17, 9, -87, -131, -92, -92, -82, 
53, 14, -39, -34, 46, -12, 0, -97, -136, -97, -97, -82, 
19, 0, -19, -9, 19, -9, -14, -107, -146, -97, -102, -92, 
-29, -43, -14, 36, -7, -29, -14, -112, -141, -102, -102, -97, 
-53, -87, -34, 70, -9, -61, -19, -117, -146, -107, -107, -97, 
-53, -102, -48, 78, -2, -75, -29, -126, -161, -117, -117, -107, 
-53, -102, -48, 78, -2, -75, -29, -126, -156, -122, -117, -107, 
-39, -73, -34, 56, -2, -53, -9, -102, -131, -107, -107, -92, 
-14, -39, -24, 26, 4, -31, 14, -82, -112, -87, -87, -68, 
19, -24, -43, 2, 31, -34, 14, -82, -117, -92, -87, -63, 
24, -14, -39, -4, 31, -26, 14, -78, -112, -97, -92, -58, 
24, 0, -24, -12, 24, -12, 24, -73, -102, -102, -87, -53, 
29, 9, -19, -19, 24, -4, 29, -68, -102, -107, -82, -43, 
34, 19, -14, -26, 24, 2, 34, -68, -97, -102, -82, -43, 
39, 24, -14, -31, 26, 4, 29, -73, -97, -97, -92, -53, 
39, 9, -29, -24, 34, -9, 29, -68, -97, -82, -87, -53, 
19, -9, -29, -4, 24, -19, 39, -58, -87, -73, -82, -58, 
-14, -29, -14, 21, 0, -21, 53, -39, -68, -58, -73, -53, 
-24, -29, -4, 26, -9, -17, 58, -29, -63, -53, -73, -48, 
-9, -14, -4, 12, -2, -9, 68, -19, -53, -39, -58, -43, 
9, 4, -4, -7, 7, 0, 68, -9, -43, -19, -34, -43, 
29, 14, -14, -21, 21, 0, 53, -9, -43, -24, -34, -43, 
34, 4, -29, -19, 31, -12, 43, -14, -53, -39, -39, -43, 
29, -14, -43, -7, 36, -29, 39, -14, -58, -43, -53, -53, 
43, 9, -34, -26, 39, -12, 24, -19, -53, -43, -43, -48, 
58, 39, -19, -48, 39, 9, 9, -14, -53, -34, -34, -34, 
58, 39, -19, -48, 39, 9, -14, -19, -58, -34, -34, -34, 
53, 24, -29, -39, 41, -2, -34, -29, -63, -43, -39, -34, 
39, 19, -19, -29, 29, 0, -43, -43, -68, -53, -43, -34, 
14, -14, -29, 0, 21, -21, -53, -68, -82, -58, -53, -39, 
0, -39, -39, 19, 19, -39, -63, -87, -97, -73, -63, -53, 
-14, -39, -24, 26, 4, -31, -68, -97, -112, -82, -63, -53, 
-19, -39, -19, 29, 0, -29, -82, -107, -131, -107, -82, -58, 
-29, -48, -19, 39, -4, -34, -87, -136, -161, -122, -107, -78, 
-29, -58, -29, 43, 0, -43, -82, -151, -180, -122, -117, -87, 
0, -48, -48, 24, 24, -48, -78, -151, -175, -112, -112, -87, 
29, -29, -58, 0, 43, -43, -73, -146, -170, -112, -117, -82, 
34, -19, -53, -7, 43, -36, -58, -131, -165, -112, -112, -82, 
29, -24, -53, -2, 41, -39, -48, -117, -161, -112, -107, -78, 
43, -34, -78, -4, 61, -56, -43, -102, -156, -102, -97, -73, 
34, -34, -68, 0, 51, -51, -34, -82, -131, -82, -82, -63, 
14, -29, -43, 7, 29, -36, -29, -73, -117, -68, -68, -53, 
4, -29, -34, 12, 19, -31, -29, -82, -122, -68, -63, -43, 
4, -34, -39, 14, 21, -36, -53, -102, -131, -82, -78, -53, 
9, -34, -43, 12, 26, -39, -58, -107, -141, -92, -87, -63, 
29, -19, -48, -4, 39, -34, -58, -107, -141, -97, -87, -53, 
43, -9, -53, -17, 48, -31, -48, -92, -131, -87, -78, -39, 
43, 4, -39, -24, 41, -17, -48, -92, -136, -97, -78, -39, 
19, -24, -43, 2, 31, -34, -48, -97, -146, -112, -87, -43, 
0, -58, -58, 29, 29, -58, -34, -92, -151, -112, -92, -48, 
-29, -78, -48, 53, 9, -63, -24, -97, -161, -126, -107, -68, 
-48, -82, -34, 65, -7, -58, -39, -131, -180, -141, -122, -82, 
-53, -97, -43, 75, -4, -70, -39, -136, -180, -131, -126, -87, 
-48, -97, -48, 73, 0, -73, -43, -136, -180, -126, -131, -92, 
-53, -102, -48, 78, -2, -75, -48, -136, -175, -126, -131, -92, 
-68, -107, -39, 87, -14, -73, -68, -165, -195, -141, -141, -107, 
-87, -126, -39, 107, -24, -82, -58, -161, -195, -141, -151, -112, 
-68, -112, -43, 90, -12, -78, -53, -151, -190, -146, -146, -107, 
-34, -78, -43, 56, 4, -61, -43, -141, -185, -141, -141, -97, 
-29, -78, -48, 53, 9, -63, -43, -141, -190, -146, -131, -87, 
-63, -102, -39, 82, -12, -70, -34, -131, -190, -151, -131, -92, 
-73, -102, -29, 87, -21, -65, -39, -131, -190, -146, -136, -97, 
-48, -82, -34, 65, -7, -58, -43, -131, -190, -131, -131, -97, 
-24, -78, -53, 51, 14, -65, -39, -126, -180, -117, -126, -92, 
0, -53, -53, 26, 26, -53, -34, -122, -170, -112, -122, -87, 
14, -39, -53, 12, 34, -46, -29, -122, -161, -97, -112, -87, 
9, -48, -58, 19, 34, -53, -24, -122, -165, -97, -102, -92, 
-24, -82, -58, 53, 17, -70, -29, -122, -165, -97, -102, -102, 
-48, -107, -58, 78, 4, -82, -39, -136, -170, -117, -117, -112, 
-53, -117, -63, 85, 4, -90, -43, -141, -175, -126, -122, -112, 
-43, -107, -63, 75, 9, -85, -39, -136, -175, -131, -126, -102, 
-29, -92, -63, 61, 17, -78, -43, -136, -175, -131, -122, -97, 
-39, -87, -48, 63, 4, -68, -34, -126, -165, -122, -117, -87, 
-48, -87, -39, 68, -4, -63, -24, -117, -156, -122, -117, -87, 
-68, -92, -24, 80, -21, -58, -19, -117, -156, -122, -117, -97, 
-82, -102, -19, 92, -31, -61, -14, -102, -156, -126, -117, -102, 
-92, -117, -24, 104, -34, -70, 24, -63, -131, -122, -112, -97, 
-63, -112, -48, 87, -7, -80, 68, 9, -97, -107, -112, -102, 
-34, -112, -78, 73, 21, -95, 122, 73, -63, -102, -112, -112, 
-39, -112, -73, 75, 17, -92, 165, 126, -24, -92, -112, -117, 
-78, -126, -48, 102, -14, -87, 229, 195, 48, -63, -92, -107, 
-87, -131, -43, 109, -21, -87, 287, 283, 126, -24, -68, -102, 
-78, -126, -48, 102, -14, -87, 390, 429, 239, 43, -29, -87, 
-53, -117, -63, 85, 4, -90, 512, 624, 361, 112, 24, -68, 
-39, -117, -78, 78, 19, -97, 595, 771, 473, 185, 87, -24, 
-24, -63, -39, 43, 7, -51, 619, 790, 566, 297, 185, 58, 
-9, 24, 34, -7, -21, 29, 614, 732, 668, 453, 336, 180, 
34, 112, 78, -73, -21, 95, 551, 600, 736, 610, 488, 307, 
87, 195, 107, -141, -9, 151, 448, 444, 805, 746, 629, 424, 
146, 292, 146, -219, 0, 219, 331, 307, 917, 912, 790, 566, 
214, 429, 214, -322, 0, 322, 141, 151, 1034, 1107, 990, 732, 
278, 570, 292, -424, -7, 431, -156, -73, 1083, 1268, 1166, 902, 
317, 678, 361, -497, -21, 519, -507, -380, 1054, 1312, 1254, 1000, 
312, 697, 385, -505, -36, 541, -771, -741, 907, 1195, 1195, 990, 
278, 644, 366, -461, -43, 505, -932, -1024, 697, 971, 1034, 897, 
248, 536, 287, -392, -19, 412, -1044, -1161, 453, 702, 805, 761, 
234, 473, 239, -353, -2, 356, -1171, -1346, 97, 390, 556, 610, 
190, 448, 258, -319, -34, 353, -1317, -1659, -356, 78, 302, 453, 
136, 429, 292, -283, -78, 361, -1410, -1908, -780, -200, 63, 297, 
112, 414, 302, -263, -95, 358, -1444, -2030, -1107, -424, -146, 161, 
112, 419, 307, -265, -97, 363, -1439, -2005, -1190, -468, -195, 117, 
112, 429, 317, -270, -102, 373, -1366, -1790, -990, -341, -117, 156, 
131, 390, 258, -261, -63, 324, -1200, -1488, -775, -248, -58, 161, 
141, 326, 185, -234, -21, 256, -990, -1224, -673, -253, -82, 107, 
122, 268, 146, -195, -12, 207, -790, -980, -561, -234, -97, 63, 
87, 219, 131, -153, -21, 175, -619, -746, -400, -165, -58, 63, 
63, 156, 92, -109, -14, 124, -478, -566, -302, -141, -43, 53, 
39, 102, 63, -70, -12, 82, -370, -448, -258, -136, -48, 43, 
29, 82, 53, -56, -12, 68, -283, -341, -200, -107, -34, 34, 
24, 102, 78, -63, -26, 90, -209, -258, -126, -58, -9, 43, 
34, 92, 58, -63, -12, 75, -141, -190, -92, -39, 9, 53, 
34, 73, 39, -53, -2, 56, -97, -141, -73, -34, 4, 53, 
24, 63, 39, -43, -7, 51, -58, -102, -43, -19, 9, 43, 
14, 58, 43, -36, -14, 51, -43, -82, -39, 0, 9, 39, 
9, 43, 34, -26, -12, 39, -43, -87, -48, -9, 0, 19, 
-9, 24, 34, -7, -21, 29, -39, -82, -48, -14, -14, 4, 
-24, 14, 39, 4, -31, 26, -34, -73, -58, -24, -24, -14, 
-39, -14, 24, 26, -31, 4, -24, -63, -58, -29, -29, -24, 
-39, -29, 9, 34, -24, -9, -14, -43, -63, -34, -34, -34, 
-24, -19, 4, 21, -14, -7, 4, -29, -58, -39, -29, -34, 
-14, -9, 4, 12, -9, -2, 24, -9, -43, -29, -19, -24, 
-14, -19, -4, 17, -4, -12, 39, 14, -34, -34, -24, -14, 
-24, -19, 4, 21, -14, -7, 34, 19, -39, -48, -39, -29, 
-34, -29, 4, 31, -19, -12, 43, 24, -24, -39, -34, -24, 
-39, -39, 0, 39, -19, -19, 48, 34, -14, -29, -24, -19, 
-43, -34, 9, 39, -26, -12, 48, 39, -9, -14, -14, -14, 
-39, -34, 4, 36, -21, -14, 43, 48, -9, -14, 0, -19, 
-34, -39, -4, 36, -14, -21, 53, 53, -9, -14, -9, -19, 
-29, -29, 0, 29, -14, -14, 68, 58, -14, -19, -14, -24, 
-19, -29, -9, 24, -4, -19, 68, 63, 0, -14, -19, -29, 
-14, -39, -24, 26, 4, -31, 78, 82, 14, -14, -14, -29, 
-34, -43, -9, 39, -12, -26, 82, 92, 9, -14, -14, -24, 
-29, -43, -14, 36, -7, -29, 87, 92, 14, -9, -9, -24, 
-29, -43, -14, 36, -7, -29, 87, 92, 34, 4, -9, -19, 
-34, -39, -4, 36, -14, -21, 82, 102, 39, 14, 0, -9, 
-29, -29, 0, 29, -14, -14, 78, 97, 34, 14, 4, -9, 
-9, -29, -19, 19, 4, -24, 78, 102, 39, 14, 4, -9, 
14, -24, -39, 4, 26, -31, 78, 102, 43, 9, 0, -9, 
24, -9, -34, -7, 29, -21, 92, 122, 43, 19, 9, -9, 
24, 0, -24, -12, 24, -12, 97, 126, 48, 24, 14, -9, 
14, -9, -24, -2, 19, -17, 102, 136, 53, 19, 14, 0, 
-19, -14, 4, 17, -12, -4, 112, 151, 68, 34, 34, 19, 
-34, -14, 19, 24, -26, 2, 107, 156, 73, 43, 43, 14, 
-29, -14, 14, 21, -21, 0, 102, 151, 78, 43, 39, 9, 
-9, -9, 0, 9, -4, -4, 97, 156, 82, 43, 39, 9, 
-9, -19, -9, 14, 0, -14, 97, 156, 82, 43, 39, 9, 
-9, -24, -14, 17, 2, -19, 82, 146, 73, 29, 29, 0, 
-14, -29, -14, 21, 0, -21, 82, 151, 78, 29, 29, 14, 
-29, -29, 0, 29, -14, -14, 87, 165, 82, 39, 39, 24, 
-34, -24, 9, 29, -21, -7, 92, 170, 82, 39, 29, 14, 
-19, -14, 4, 17, -12, -4, 102, 180, 87, 43, 39, 19, 
9, -9, -19, 0, 14, -14, 97, 195, 102, 58, 43, 29, 
9, 4, -4, -7, 7, 0, 102, 209, 107, 63, 53, 29, 
0, 4, 4, -2, -2, 4, 102, 209, 117, 58, 48, 29, 
0, 14, 14, -7, -7, 14, 117, 229, 141, 78, 63, 43, 
19, 34, 14, -26, 2, 24, 117, 229, 151, 82, 73, 53, 
43, 53, 9, -48, 17, 31, 112, 229, 141, 87, 78, 53, 
58, 48, -9, -53, 34, 19, 112, 239, 146, 97, 82, 58, 
43, 43, 0, -43, 21, 21, 122, 253, 151, 107, 87, 48, 
24, 29, 4, -26, 9, 17, 117, 253, 151, 117, 87, 53, 
24, 29, 4, -26, 9, 17, 117, 253, 156, 112, 92, 58, 
9, 14, 4, -12, 2, 9, 117, 263, 165, 107, 92, 58, 
-24, -19, 4, 21, -14, -7, 112, 268, 165, 92, 82, 48, 
-29, -29, 0, 29, -14, -14, 107, 258, 165, 78, 73, 53, 
0, 4, 4, -2, -2, 4, 102, 263, 175, 73, 78, 68, 
9, 39, 29, -24, -9, 34, 107, 268, 185, 87, 82, 78, 
9, 48, 39, -29, -14, 43, 112, 283, 185, 97, 87, 82, 
19, 48, 29, -34, -4, 39, 117, 287, 190, 112, 92, 92, 
48, 82, 34, -65, 7, 58, 122, 312, 214, 136, 112, 112, 
73, 107, 34, -90, 19, 70, 141, 336, 239, 161, 131, 122, 
82, 102, 19, -92, 31, 61, 146, 346, 239, 165, 131, 107, 
73, 73, 0, -73, 36, 36, 136, 336, 239, 156, 122, 87, 
53, 58, 4, -56, 24, 31, 126, 336, 239, 156, 126, 87, 
34, 53, 19, -43, 7, 36, 122, 341, 253, 165, 136, 87, 
9, 34, 24, -21, -7, 29, 117, 351, 263, 170, 136, 87, 
4, 34, 29, -19, -12, 31, 112, 356, 268, 175, 131, 82, 
0, 48, 48, -24, -24, 48, 131, 375, 278, 190, 151, 97, 
-14, 43, 58, -14, -36, 51, 141, 395, 302, 204, 161, 112, 
4, 43, 39, -24, -17, 41, 136, 414, 307, 195, 165, 126, 
29, 68, 39, -48, -4, 53, 136, 424, 307, 209, 175, 126, 
43, 82, 39, -63, 2, 61, 156, 453, 331, 234, 204, 141, 
43, 87, 43, -65, 0, 65, 165, 473, 351, 244, 214, 151, 
53, 102, 48, -78, 2, 75, 170, 488, 361, 244, 224, 161, 
68, 112, 43, -90, 12, 78, 165, 488, 366, 234, 219, 161, 
58, 107, 48, -82, 4, 78, 165, 507, 385, 244, 224, 175, 
39, 107, 68, -73, -14, 87, 161, 517, 400, 253, 234, 185, 
43, 117, 73, -80, -14, 95, 165, 527, 414, 263, 244, 190, 
48, 126, 78, -87, -14, 102, 175, 551, 429, 283, 258, 195, 
48, 131, 82, -90, -17, 107, 190, 585, 453, 312, 273, 209, 
58, 126, 68, -92, -4, 97, 204, 610, 468, 331, 283, 214, 
73, 126, 53, -100, 9, 90, 204, 619, 478, 331, 287, 214, 
73, 146, 73, -109, 0, 109, 204, 634, 492, 331, 292, 214, 
82, 161, 78, -122, 2, 119, 214, 649, 507, 341, 312, 239, 
82, 161, 78, -122, 2, 119, 209, 653, 517, 356, 326, 248, 
82, 151, 68, -117, 7, 109, 209, 663, 527, 361, 322, 248, 
87, 161, 73, -124, 7, 117, 204, 678, 531, 366, 322, 244, 
102, 180, 78, -141, 12, 129, 209, 688, 551, 380, 351, 263, 
107, 195, 87, -151, 9, 141, 214, 707, 566, 400, 370, 287, 
117, 224, 107, -170, 4, 165, 219, 717, 566, 414, 375, 297, 
131, 234, 102, -183, 14, 168, 229, 732, 575, 419, 385, 307, 
131, 219, 87, -175, 21, 153, 229, 732, 575, 419, 380, 302, 
117, 195, 78, -156, 19, 136, 219, 732, 580, 424, 375, 297, 
102, 195, 92, -148, 4, 143, 214, 741, 585, 434, 390, 302, 
87, 204, 117, -146, -14, 161, 214, 736, 590, 439, 400, 317, 
78, 190, 112, -134, -17, 151, 209, 736, 600, 439, 400, 317, 
73, 175, 102, -124, -14, 139, 195, 732, 600, 434, 395, 312, 
73, 175, 102, -124, -14, 139, 185, 732, 595, 434, 400, 312, 
82, 195, 112, -139, -14, 153, 190, 741, 595, 444, 414, 326, 
112, 224, 112, -168, 0, 168, 209, 766, 619, 463, 434, 346, 
131, 244, 112, -187, 9, 178, 214, 766, 629, 473, 439, 351, 
136, 258, 122, -197, 7, 190, 209, 761, 629, 473, 444, 356, 
131, 248, 117, -190, 7, 183, 209, 756, 619, 478, 448, 361, 
122, 234, 112, -178, 4, 173, 195, 741, 614, 468, 448, 351, 
117, 229, 112, -173, 2, 170, 185, 712, 600, 458, 439, 346, 
136, 239, 102, -187, 17, 170, 161, 688, 580, 439, 429, 336, 
131, 234, 102, -183, 14, 168, 151, 663, 566, 444, 419, 336, 
102, 219, 117, -161, -7, 168, 141, 639, 556, 434, 419, 341, 
112, 234, 122, -173, -4, 178, 126, 614, 536, 424, 419, 346, 
141, 258, 117, -200, 12, 187, 117, 595, 517, 409, 395, 341, 
117, 244, 126, -180, -4, 185, 112, 566, 497, 409, 395, 341, 
87, 219, 131, -153, -21, 175, 107, 531, 473, 385, 385, 331, 
102, 214, 112, -158, -4, 163, 87, 497, 439, 361, 361, 307, 
117, 204, 87, -161, 14, 146, 68, 458, 414, 346, 336, 283, 
102, 180, 78, -141, 12, 129, 58, 414, 380, 331, 322, 268, 
78, 161, 82, -119, -2, 122, 43, 380, 356, 317, 302, 248, 
68, 146, 78, -107, -4, 112, 43, 346, 331, 297, 283, 239, 
68, 136, 68, -102, 0, 102, 24, 307, 292, 248, 253, 209, 
48, 107, 58, -78, -4, 82, 14, 273, 253, 209, 219, 180, 
34, 92, 58, -63, -12, 75, 14, 248, 224, 185, 190, 165, 
24, 82, 58, -53, -17, 70, 14, 229, 204, 170, 180, 156, 
9, 73, 63, -41, -26, 68, 24, 214, 180, 156, 165, 146, 
14, 73, 58, -43, -21, 65, 24, 175, 151, 136, 141, 126, 
39, 78, 39, -58, 0, 58, 24, 156, 141, 126, 126, 112, 
48, 82, 34, -65, 7, 58, 19, 131, 117, 112, 112, 92, 
68, 82, 14, -75, 26, 48, 4, 107, 92, 92, 92, 73, 
73, 58, -14, -65, 43, 21, -9, 78, 63, 63, 68, 53, 
58, 34, -24, -46, 41, 4, -24, 48, 39, 34, 39, 29, 
19, 19, 0, -19, 9, 9, -14, 43, 24, 24, 29, 29, 
0, 14, 14, -7, -7, 14, 0, 34, 19, 19, 24, 24, 
0, 9, 9, -4, -4, 9, 0, 24, 4, 9, 14, 9, 
4, 0, -4, -2, 4, -2, 0, 9, -19, -14, -9, 0, 
0, -14, -14, 7, 7, -14, 0, 4, -34, -24, -14, 0, 
4, -9, -14, 2, 9, -12, -9, -9, -34, -29, -19, -9, 
0, 4, 4, -2, -2, 4, 4, -14, -34, -24, -19, -9, 
-9, 0, 9, 4, -9, 4, 4, -19, -39, -29, -29, -19, 
-14, -29, -14, 21, 0, -21, 0, -34, -53, -43, -43, -29, 
-14, -43, -29, 29, 7, -36, -14, -48, -63, -53, -53, -39, 
-29, -53, -24, 41, -2, -39, -14, -48, -78, -63, -63, -43, 
-48, -58, -9, 53, -19, -34, -14, -53, -87, -68, -63, -48, 
-48, -58, -9, 53, -19, -34, -9, -58, -87, -63, -58, -43, 
-29, -48, -19, 39, -4, -34, -9, -58, -87, -68, -68, -43, 
-24, -39, -14, 31, -4, -26, 4, -53, -82, -68, -63, -43, 
-24, -29, -4, 26, -9, -17, 4, -58, -82, -78, -58, -43, 
-34, -39, -4, 36, -14, -21, 9, -53, -78, -73, -53, -39, 
-29, -43, -14, 36, -7, -29, 0, -63, -87, -82, -68, -48, 
-14, -34, -19, 24, 2, -26, -9, -68, -92, -87, -73, -48, 
0, -29, -29, 14, 14, -29, -14, -73, -92, -97, -68, -43, 
0, -34, -34, 17, 17, -34, -9, -68, -97, -102, -73, -43, 
-14, -39, -24, 26, 4, -31, -9, -68, -107, -97, -82, -48, 
-14, -39, -24, 26, 4, -31, -9, -68, -107, -92, -78, -48, 
0, -34, -34, 17, 17, -34, 0, -68, -102, -92, -78, -53, 
14, -29, -43, 7, 29, -36, 9, -58, -97, -82, -73, -53, 
24, -19, -43, -2, 34, -31, 4, -63, -92, -73, -63, -58, 
0, -19, -19, 9, 9, -19, 4, -68, -97, -73, -63, -53, 
-29, -29, 0, 29, -14, -14, 14, -58, -82, -68, -63, -39, 
-43, -39, 4, 41, -24, -17, 9, -63, -78, -58, -63, -43, 
-39, -43, -4, 41, -17, -24, -9, -68, -87, -68, -68, -58, 
-29, -63, -34, 46, 2, -48, -14, -73, -102, -82, -82, -63, 
-43, -78, -34, 61, -4, -56, -14, -78, -112, -97, -92, -73, 
-63, -87, -24, 75, -19, -56, -9, -73, -107, -97, -87, -68, 
-43, -68, -24, 56, -9, -46, 0, -63, -97, -102, -73, -53, 
-24, -48, -24, 36, 0, -36, 9, -48, -97, -102, -82, -48, 
-34, -58, -24, 46, -4, -41, 0, -58, -92, -102, -92, -58, 
-43, -73, -29, 58, -7, -51, -14, -68, -102, -107, -97, -63, 
-29, -53, -24, 41, -2, -39, -14, -73, -102, -97, -97, -63, 
-48, -53, -4, 51, -21, -29, -9, -63, -92, -82, -92, -58, 
-58, -78, -19, 68, -19, -48, -14, -63, -82, -68, -78, -63, 
-43, -87, -43, 65, 0, -65, -9, -68, -87, -68, -78, -68, 
-19, -73, -53, 46, 17, -63, -9, -68, -97, -73, -82, -82, 
-9, -53, -43, 31, 17, -48, 4, -63, -97, -68, -78, -78, 
4, -34, -39, 14, 21, -36, 4, -58, -87, -63, -68, -68, 
4, -29, -34, 12, 19, -31, 14, -58, -82, -68, -63, -58, 
-9, -34, -24, 21, 7, -29, 9, -58, -82, -68, -63, -63, 
-39, -43, -4, 41, -17, -24, 9, -53, -82, -63, -63, -58, 
-48, -39, 9, 43, -29, -14, 14, -48, -68, -58, -58, -48, 
-43, -34, 9, 39, -26, -12, 14, -48, -68, -68, -63, -48, 
-24, -29, -4, 26, -9, -17, 4, -53, -73, -82, -63, -48, 
4, -24, -29, 9, 17, -26, 9, -53, -87, -87, -63, -43, 
4, -24, -29, 9, 17, -26, 14, -48, -87, -78, -63, -43, 
-19, -34, -14, 26, -2, -24, 9, -53, -97, -78, -68, -48, 
-29, -43, -14, 36, -7, -29, 14, -43, -92, -78, -68, -48, 
-19, -39, -19, 29, 0, -29, 24, -39, -82, -63, -68, -48, 
-19, -43, -24, 31, 2, -34, 24, -39, -73, -58, -68, -53, 
-29, -53, -24, 41, -2, -39, 19, -39, -73, -68, -73, -58, 
-29, -43, -14, 36, -7, -29, 19, -39, -73, -78, -73, -63, 
-39, -43, -4, 41, -17, -24, 14, -39, -63, -68, -68, -58, 
-53, -53, 0, 53, -26, -26, 9, -43, -63, -58, -58, -53, 
-53, -58, -4, 56, -24, -31, 9, -53, -78, -68, -68, -53, 
-39, -58, -19, 48, -9, -39, 4, -53, -87, -73, -73, -58, 
-43, -58, -14, 51, -14, -36, 14, -43, -82, -63, -63, -53, 
-39, -48, -9, 43, -14, -29, 19, -43, -78, -58, -58, -53, 
-34, -48, -14, 41, -9, -31, 14, -43, -78, -63, -63, -53, 
-58, -48, 9, 53, -34, -19, 19, -34, -73, -58, -58, -48, 
-63, -58, 4, 61, -34, -26, 14, -39, -73, -58, -58, -48, 
-43, -68, -24, 56, -9, -46, 0, -48, -78, -68, -68, -58, 
-34, -68, -34, 51, 0, -51, 0, -53, -82, -73, -68, -63, 
-29, -58, -29, 43, 0, -43, 4, -48, -82, -68, -63, -63, 
0, -39, -39, 19, 19, -39, 9, -39, -78, -58, -53, -48, 
14, -24, -39, 4, 26, -31, 14, -39, -78, -63, -58, -48, 
0, -24, -24, 12, 12, -24, 4, -48, -82, -78, -68, -53, 
-19, -34, -14, 26, -2, -24, 0, -43, -92, -87, -78, -48, 
-24, -39, -14, 31, -4, -26, 4, -43, -92, -87, -78, -53, 
-14, -24, -9, 19, -2, -17, 14, -34, -73, -68, -68, -48, 
0, -24, -24, 12, 12, -24, 14, -39, -68, -58, -58, -43, 
-24, -39, -14, 31, -4, -26, 4, -53, -82, -63, -73, -58, 
-48, -63, -14, 56, -17, -39, 0, -58, -87, -68, -78, -68, 
-48, -58, -9, 53, -19, -34, 4, -53, -82, -63, -68, -58, 
-34, -43, -9, 39, -12, -26, 0, -58, -87, -68, -73, -58, 
-24, -43, -19, 34, -2, -31, 0, -63, -102, -82, -82, -58, 
-19, -58, -39, 39, 9, -48, -9, -63, -102, -87, -82, -58, 
-19, -53, -34, 36, 7, -43, 0, -53, -97, -92, -82, -58, 
-14, -34, -19, 24, 2, -26, 4, -48, -92, -82, -73, -48, 
0, -24, -24, 12, 12, -24, 14, -39, -87, -68, -58, -34, 
9, -14, -24, 2, 17, -19, 4, -48, -92, -68, -63, -39, 
9, -19, -29, 4, 19, -24, 0, -53, -87, -73, -73, -53, 
-9, -29, -19, 19, 4, -24, -14, -63, -97, -73, -78, -58, 
-14, -48, -34, 31, 9, -41, -14, -68, -97, -68, -82, -58, 
-39, -68, -29, 53, -4, -48, -14, -73, -102, -73, -82, -68, 
-58, -82, -24, 70, -17, -53, -9, -68, -102, -73, -82, -73, 
-58, -63, -4, 61, -26, -34, 0, -63, -97, -68, -73, -73, 
-53, -58, -4, 56, -24, -31, 9, -53, -97, -63, -73, -63, 
-53, -48, 4, 51, -29, -21, 14, -43, -87, -63, -63, -63, 
-9, -19, -9, 14, 0, -14, 9, -43, -87, -63, -63, -58, 
14, -14, -29, 0, 21, -21, 4, -48, -87, -63, -63, -58, 
-34, -48, -14, 41, -9, -31, 4, -58, -97, -73, -73, -63, 
-58, -68, -9, 63, -24, -39, -19, -73, -107, -92, -87, -73, 
-39, -73, -34, 56, -2, -53, -29, -82, -112, -102, -87, -78, 
-24, -68, -43, 46, 9, -56, -29, -78, -117, -107, -92, -82, 
-29, -63, -34, 46, 2, -48, -14, -68, -117, -102, -92, -68, 
-19, -43, -24, 31, 2, -34, -19, -73, -117, -107, -97, -58, 
-9, -34, -24, 21, 7, -29, -14, -68, -122, -107, -92, -53, 
9, -34, -43, 12, 26, -39, -14, -68, -122, -107, -87, -58, 
-14, -43, -29, 29, 7, -36, 0, -63, -117, -97, -87, -53, 
-29, -43, -14, 36, -7, -29, 0, -58, -102, -87, -87, -58, 
-43, -43, 0, 43, -21, -21, 9, -53, -97, -78, -82, -53, 
-53, -53, 0, 53, -26, -26, 4, -53, -92, -78, -78, -58, 
-53, -68, -14, 61, -19, -41, -9, -73, -112, -87, -92, -68, 
-34, -58, -24, 46, -4, -41, -19, -78, -126, -92, -97, -78, 
-14, -48, -34, 31, 9, -41, -19, -78, -122, -87, -92, -78, 
-19, -43, -24, 31, 2, -34, -19, -78, -117, -92, -92, -82, 
-48, -63, -14, 56, -17, -39, -19, -78, -122, -92, -87, -82, 
-63, -87, -24, 75, -19, -56, -24, -78, -131, -112, -92, -87, 
-58, -87, -29, 73, -14, -58, -24, -82, -131, -122, -97, -82, 
-48, -68, -19, 58, -14, -43, -19, -82, -131, -112, -97, -82, 
-34, -58, -24, 46, -4, -41, -14, -78, -131, -97, -92, -73, 
-24, -58, -34, 41, 4, -46, -9, -73, -112, -92, -82, -68, 
-19, -58, -39, 39, 9, -48, -9, -73, -117, -87, -87, -68, 
-39, -53, -14, 46, -12, -34, -9, -73, -122, -82, -82, -68, 
-48, -53, -4, 51, -21, -29, -9, -78, -122, -82, -82, -73, 
-19, -53, -34, 36, 7, -43, -14, -78, -122, -82, -92, -78, 
-9, -68, -58, 39, 24, -63, -9, -73, -126, -87, -97, -78, 
-43, -97, -53, 70, 4, -75, -9, -73, -131, -97, -92, -82, 
-58, -92, -34, 75, -12, -63, 0, -78, -126, -92, -92, -78, 
-14, -63, -48, 39, 17, -56, -14, -78, -126, -92, -92, -73, 
9, -58, -68, 24, 39, -63, -14, -82, -131, -97, -97, -68, 
-19, -68, -48, 43, 14, -58, -19, -87, -131, -112, -102, -68, 
-29, -63, -34, 46, 2, -48, -24, -87, -131, -102, -107, -63, 
-9, -58, -48, 34, 19, -53, -19, -82, -126, -97, -97, -63, 
-24, -68, -43, 46, 9, -56, -14, -82, -131, -102, -92, -63, 
-58, -78, -19, 68, -19, -48, -24, -82, -136, -107, -102, -68, 
-73, -78, -4, 75, -34, -41, -19, -73, -131, -107, -107, -73, 
-53, -78, -24, 65, -14, -51, -19, -73, -131, -97, -102, -73, 
-43, -92, -48, 68, 2, -70, -24, -82, -141, -102, -107, -78, 
-43, -97, -53, 70, 4, -75, -39, -97, -151, -112, -117, -92, 
-58, -92, -34, 75, -12, -63, -34, -92, -141, -102, -117, -87, 
-63, -82, -19, 73, -21, -51, -29, -87, -131, -87, -107, -87, 
-68, -92, -24, 80, -21, -58, -29, -87, -126, -87, -97, -92, 
-48, -92, -43, 70, -2, -68, -39, -102, -146, -107, -107, -97, 
-29, -82, -53, 56, 12, -68, -39, -102, -151, -117, -112, -102, 
-34, -63, -29, 48, -2, -46, -34, -87, -146, -117, -102, -87, 
-29, -53, -24, 41, -2, -39, -19, -73, -131, -102, -87, -68, 
-9, -53, -43, 31, 17, -48, -14, -78, -131, -102, -92, -68, 
-9, -63, -53, 36, 21, -58, -14, -78, -141, -102, -92, -68, 
-24, -78, -53, 51, 14, -65, -29, -87, -146, -107, -102, -73, 
-29, -82, -53, 56, 12, -68, -39, -97, -146, -112, -112, -82, 
-34, -78, -43, 56, 4, -61, -34, -92, -131, -107, -102, -78, 
-48, -78, -29, 63, -9, -53, -24, -82, -131, -97, -87, -68, 
-58, -78, -19, 68, -19, -48, -14, -78, -126, -92, -87, -68, 
-43, -63, -19, 53, -12, -41, -14, -78, -126, -87, -97, -73, 
-34, -53, -19, 43, -7, -36, -14, -78, -131, -87, -97, -68, 
-39, -63, -24, 51, -7, -43, -14, -78, -136, -92, -97, -68, 
-43, -68, -24, 56, -9, -46, -14, -78, -136, -97, -97, -78, 
-43, -73, -29, 58, -7, -51, -19, -87, -136, -92, -92, -78, 
-39, -87, -48, 63, 4, -68, -39, -102, -151, -102, -107, -92, 
-43, -97, -53, 70, 4, -75, -43, -107, -156, -107, -112, -102, 
-43, -92, -48, 68, 2, -70, -29, -97, -136, -102, -102, -92, 
-39, -78, -39, 58, 0, -58, -24, -92, -136, -97, -97, -78, 
-24, -63, -39, 43, 7, -51, -24, -92, -141, -102, -107, -87, 
-14, -58, -43, 36, 14, -51, -24, -97, -146, -107, -112, -92, 
-24, -58, -34, 41, 4, -46, -14, -82, -141, -102, -97, -82, 
-34, -43, -9, 39, -12, -26, 4, -68, -126, -92, -82, -68, 
-19, -39, -19, 29, 0, -29, -9, -73, -136, -97, -92, -78, 
-19, -48, -29, 34, 4, -39, -19, -87, -141, -107, -107, -78, 
-29, -63, -34, 46, 2, -48, -19, -87, -141, -122, -107, -78, 
-58, -87, -29, 73, -14, -58, -29, -97, -141, -126, -112, -82, 
-73, -122, -48, 97, -12, -85, -43, -112, -161, -136, -122, -92, 
-68, -122, -53, 95, -7, -87, -43, -112, -170, -141, -126, -92, 
-63, -107, -43, 85, -9, -75, -34, -107, -161, -126, -122, -87, 
-73, -117, -43, 95, -14, -80, -43, -107, -161, -126, -126, -92, 
-73, -126, -53, 100, -9, -90, -48, -112, -170, -131, -131, -97, 
-63, -107, -43, 85, -9, -75, -39, -107, -165, -131, -141, -92, 
-53, -92, -39, 73, -7, -65, -39, -102, -161, -131, -136, -87, 
-48, -92, -43, 70, -2, -68, -29, -102, -156, -131, -122, -87, 
-39, -73, -34, 56, -2, -53, -29, -102, -161, -136, -117, -82, 
-29, -68, -39, 48, 4, -53, -24, -92, -151, -131, -112, -73, 
-19, -63, -43, 41, 12, -53, -29, -97, -151, -131, -117, -68, 
-14, -68, -53, 41, 19, -61, -34, -102, -156, -131, -117, -82, 
-24, -68, -43, 46, 9, -56, -29, -102, -156, -117, -112, -87, 
-58, -78, -19, 68, -19, -48, -24, -97, -146, -107, -112, -87, 
-92, -92, 0, 92, -46, -46, -14, -87, -136, -97, -107, -82, 
-87, -87, 0, 87, -43, -43, -19, -92, -146, -92, -107, -92, 
-48, -78, -29, 63, -9, -53, -24, -97, -156, -92, -107, -107, 
-9, -73, -63, 41, 26, -68, -29, -102, -156, -97, -117, -102, 
9, -73, -82, 31, 46, -78, -39, -107, -156, -107, -126, -107, 
0, -82, -82, 41, 41, -82, -43, -112, -161, -107, -126, -107, 
-24, -92, -68, 58, 21, -80, -34, -117, -156, -107, -122, -107, 
-63, -97, -34, 80, -14, -65, -24, -107, -146, -102, -112, -87, 
-87, -87, 0, 87, -43, -43, -24, -97, -141, -102, -102, -82, 
-68, -82, -14, 75, -26, -48, -29, -107, -156, -107, -112, -92, 
-43, -78, -34, 61, -4, -56, -24, -112, -156, -112, -122, -92, 
-43, -68, -24, 56, -9, -46, -19, -102, -156, -107, -112, -92, 
-63, -73, -9, 68, -26, -41, -9, -87, -136, -97, -97, -82, 
-63, -82, -19, 73, -21, -51, -19, -102, -141, -102, -112, -92, 
-43, -87, -43, 65, 0, -65, -24, -112, -151, -112, -117, -97, 
-24, -87, -63, 56, 19, -75, -34, -117, -156, -117, -122, -107, 
-34, -87, -53, 61, 9, -70, -43, -126, -161, -122, -122, -117, 
-43, -102, -58, 73, 7, -80, -43, -131, -170, -126, -126, -117, 
-39, -92, -53, 65, 7, -73, -34, -112, -165, -126, -117, -107, 
-43, -82, -39, 63, -2, -61, -29, -107, -161, -131, -117, -97, 
-68, -87, -19, 78, -24, -53, -24, -112, -161, -136, -122, -87, 
-58, -97, -39, 78, -9, -68, -29, -112, -170, -151, -131, -87, 
-48, -92, -43, 70, -2, -68, -29, -107, -165, -151, -131, -78, 
-43, -92, -48, 68, 2, -70, -43, -122, -180, -151, -136, -87, 
-53, -107, -53, 80, 0, -80, -43, -122, -185, -146, -136, -92, 
-39, -92, -53, 65, 7, -73, -39, -117, -170, -136, -126, -87, 
-14, -48, -34, 31, 9, -41, -29, -107, -156, -112, -107, -82, 
-9, -24, -14, 17, 2, -19, -14, -102, -141, -92, -102, -87, 
-34, -34, 0, 34, -17, -17, 0, -87, -131, -82, -97, -82, 
-58, -58, 0, 58, -29, -29, -19, -97, -141, -92, -102, -92, 
-73, -87, -14, 80, -29, -51, -19, -97, -146, -97, -112, -97, 
-92, -107, -14, 100, -39, -61, -19, -102, -151, -102, -117, -102, 
-107, -117, -9, 112, -48, -63, -24, -102, -156, -107, -117, -112, 
-97, -117, -19, 107, -39, -68, -29, -112, -165, -117, -117, -112, 
-58, -107, -48, 82, -4, -78, -39, -122, -170, -131, -131, -117, 
-39, -107, -68, 73, 14, -87, -39, -126, -170, -136, -136, -117, 
-48, -107, -58, 78, 4, -82, -43, -126, -175, -146, -136, -117, 
-39, -92, -53, 65, 7, -73, -34, -117, -161, -136, -126, -102, 
0, -63, -63, 31, 31, -63, -19, -112, -156, -122, -117, -92, 
19, -34, -53, 7, 36, -43, -9, -102, -156, -117, -112, -87, 
29, -24, -53, -2, 41, -39, -9, -97, -156, -117, -112, -82, 
48, -9, -58, -19, 53, -34, 4, -92, -151, -112, -107, -78, 
82, 19, -63, -51, 73, -21, 9, -87, -141, -102, -107, -73, 
87, 43, -43, -65, 65, 0, 9, -82, -131, -102, -102, -68, 
14, 14, 0, -14, 7, 7, 14, -82, -131, -102, -92, -58, 
-63, -48, 14, 56, -39, -17, 0, -92, -136, -112, -107, -78, 
-78, -107, -29, 92, -24, -68, -34, -122, -165, -131, -136, -102, 
-92, -151, -58, 122, -17, -104, -53, -146, -190, -151, -156, -122, 
-151, -175, -24, 163, -63, -100, -63, -151, -190, -161, -161, -131, 
-175, -180, -4, 178, -85, -92, -58, -151, -190, -161, -156, -131, 
-151, -180, -29, 165, -61, -104, -58, -146, -195, -151, -146, -126, 
-122, -175, -53, 148, -34, -114, -58, -146, -190, -151, -146, -131, 
-92, -156, -63, 124, -14, -109, -58, -151, -195, -151, -156, -131, 
-82, -146, -63, 114, -9, -104, -53, -146, -190, -146, -151, -126, 
-87, -151, -63, 119, -12, -107, -43, -131, -175, -131, -136, -117, 
-97, -131, -34, 114, -31, -82, -24, -117, -156, -122, -131, -112, 
-97, -107, -9, 102, -43, -58, -14, -107, -146, -112, -117, -102, 
-82, -97, -14, 90, -34, -56, 4, -92, -136, -107, -102, -92, 
-63, -87, -24, 75, -19, -56, 4, -97, -136, -102, -102, -92, 
-63, -78, -14, 70, -24, -46, 9, -87, -131, -102, -102, -92, 
-68, -68, 0, 68, -34, -34, 29, -68, -112, -87, -87, -78, 
-63, -63, 0, 63, -31, -31, 39, -53, -107, -78, -82, -63, 
-58, -48, 9, 53, -34, -19, 39, -63, -107, -73, -78, -63, 
-34, -29, 4, 31, -19, -12, 29, -68, -107, -73, -82, -68, 
9, -24, -34, 7, 21, -29, 19, -68, -107, -87, -87, -73, 
0, -39, -39, 19, 19, -39, 14, -63, -97, -87, -82, -68, 
-34, -39, -4, 36, -14, -21, 19, -68, -97, -82, -78, -63, 
-34, -43, -9, 39, -12, -26, 34, -53, -92, -78, -73, -63, 
-24, -43, -19, 34, -2, -31, 48, -34, -82, -78, -73, -58, 
-29, -34, -4, 31, -12, -19, 53, -29, -73, -73, -68, -53, 
-19, -19, 0, 19, -9, -9, 48, -29, -73, -63, -68, -53, 
0, -29, -29, 14, 14, -29, 43, -29, -73, -63, -68, -58, 
-14, -48, -34, 31, 9, -41, 39, -29, -68, -58, -68, -53, 
-24, -43, -19, 34, -2, -31, 24, -29, -73, -63, -68, -53, 
-19, -29, -9, 24, -4, -19, 14, -34, -78, -73, -73, -58, 
0, -19, -19, 9, 9, -19, -9, -43, -82, -78, -78, -58, 
9, 0, -9, -4, 9, -4, -29, -39, -73, -73, -63, -39, 
19, 14, -4, -17, 12, 4, -48, -43, -78, -78, -63, -43, 
29, 9, -19, -19, 24, -4, -58, -58, -82, -82, -68, -48, 
39, 19, -19, -29, 29, 0, -58, -73, -78, -68, -63, -39, 
34, 29, -4, -31, 19, 12, -53, -78, -82, -63, -58, -34, 
34, 14, -19, -24, 26, -2, -48, -78, -92, -63, -68, -48, 
29, 0, -29, -14, 29, -14, -53, -78, -97, -58, -63, -48, 
29, 4, -24, -17, 26, -9, -73, -102, -117, -78, -73, -58, 
29, 0, -29, -14, 29, -14, -82, -122, -136, -97, -87, -68, 
9, -19, -29, 4, 19, -24, -87, -146, -165, -126, -107, -82, 
-14, -34, -19, 24, 2, -26, -87, -161, -185, -146, -117, -87, 
-19, -48, -29, 34, 4, -39, -87, -161, -195, -161, -131, -87, 
-34, -78, -43, 56, 4, -61, -82, -156, -190, -161, -136, -87, 
-48, -82, -34, 65, -7, -58, -68, -136, -175, -141, -131, -82, 
-39, -68, -29, 53, -4, -48, -53, -107, -156, -117, -112, -68, 
-24, -58, -34, 41, 4, -46, -43, -92, -141, -97, -102, -58, 
-29, -63, -34, 46, 2, -48, -48, -97, -141, -92, -102, -63, 
-39, -68, -29, 53, -4, -48, -63, -117, -156, -102, -107, -78, 
-34, -58, -24, 46, -4, -41, -78, -131, -156, -102, -97, -82, 
-24, -53, -29, 39, 2, -41, -73, -122, -146, -92, -87, -78, 
-34, -34, 0, 34, -17, -17, -58, -112, -136, -87, -78, -68, 
-19, -29, -9, 24, -4, -19, -58, -112, -131, -82, -73, -63, 
4, -29, -34, 12, 19, -31, -58, -107, -136, -87, -73, -63, 
14, -34, -48, 9, 31, -41, -48, -107, -146, -97, -82, -73, 
-19, -43, -24, 31, 2, -34, -29, -92, -146, -102, -92, -78, 
-48, -68, -19, 58, -14, -43, -24, -107, -156, -117, -107, -92, 
-63, -82, -19, 73, -21, -51, -19, -117, -165, -131, -122, -97, 
-48, -73, -24, 61, -12, -48, -19, -126, -175, -136, -131, -102, 
-48, -73, -24, 61, -12, -48, -24, -131, -170, -141, -126, -97, 
-43, -68, -24, 56, -9, -46, -34, -141, -180, -151, -131, -97, 
-24, -58, -34, 41, 4, -46, -43, -151, -190, -151, -131, -92, 
-14, -68, -53, 41, 19, -61, -58, -161, -209, -161, -141, -107, 
-19, -78, -58, 48, 19, -68, -63, -161, -209, -161, -151, -122, 
-24, -82, -58, 53, 17, -70, -58, -151, -209, -161, -146, -122, 
-43, -87, -43, 65, 0, -65, -53, -141, -195, -161, -141, -107, 
-48, -82, -34, 65, -7, -58, -43, -141, -190, -161, -146, -107, 
-39, -73, -34, 56, -2, -53, -53, -146, -190, -156, -146, -107, 
-24, -78, -53, 51, 14, -65, -53, -146, -190, -161, -136, -102, 
-29, -87, -58, 58, 14, -73, -53, -141, -190, -165, -141, -107, 
-39, -82, -43, 61, 2, -63, -43, -141, -185, -161, -136, -102, 
-43, -82, -39, 63, -2, -61, -43, -131, -170, -141, -131, -92, 
-34, -82, -48, 58, 7, -65, -43, -131, -175, -151, -136, -92, 
-34, -87, -53, 61, 9, -70, -48, -136, -185, -156, -141, -97, 
-53, -87, -34, 70, -9, -61, -43, -131, -175, -141, -126, -97, 
-63, -63, 0, 63, -31, -31, -34, -122, -161, -122, -107, -92, 
-34, -53, -19, 43, -7, -36, -34, -131, -165, -122, -107, -92, 
-9, -63, -53, 36, 21, -58, -43, -136, -170, -122, -112, -92, 
-24, -73, -48, 48, 12, -61, -39, -131, -165, -122, -117, -97, 
-58, -82, -24, 70, -17, -53, -24, -117, -156, -122, -117, -97, 
-82, -107, -24, 95, -29, -65, 0, -102, -156, -136, -126, -107, 
-82, -136, -53, 109, -14, -95, 29, -48, -126, -136, -131, -117, 
-68, -131, -63, 100, -2, -97, 73, 19, -92, -136, -136, -122, 
-63, -117, -53, 90, -4, -85, 131, 87, -39, -107, -122, -117, 
-48, -107, -58, 78, 4, -82, 185, 156, 34, -68, -102, -107, 
-34, -82, -48, 58, 7, -65, 248, 244, 102, -19, -68, -92, 
-34, -78, -43, 56, 4, -61, 317, 341, 185, 29, -43, -82, 
-43, -97, -53, 70, 4, -75, 434, 512, 297, 82, -14, -73, 
-53, -117, -63, 85, 4, -90, 541, 712, 419, 151, 43, -53, 
-53, -102, -48, 78, -2, -75, 600, 824, 527, 244, 122, 4, 
-34, -34, 0, 34, -17, -17, 614, 834, 629, 370, 253, 97, 
9, 63, 53, -36, -21, 58, 580, 756, 727, 522, 400, 229, 
39, 136, 97, -87, -29, 117, 507, 619, 800, 673, 551, 351, 
58, 204, 146, -131, -43, 175, 400, 453, 873, 814, 692, 478, 
107, 307, 200, -207, -46, 253, 268, 287, 966, 980, 863, 624, 
185, 473, 287, -329, -51, 380, 53, 78, 1049, 1146, 1049, 790, 
263, 619, 356, -441, -46, 488, -263, -195, 1044, 1259, 1185, 941, 
302, 678, 375, -490, -36, 527, -600, -556, 922, 1220, 1190, 985, 
273, 668, 395, -470, -61, 531, -834, -917, 741, 1054, 1078, 927, 
239, 590, 351, -414, -56, 470, -951, -1141, 541, 819, 893, 814, 
224, 502, 278, -363, -26, 390, -1049, -1263, 268, 541, 673, 683, 
214, 478, 263, -346, -24, 370, -1190, -1503, -122, 229, 419, 531, 
175, 478, 302, -326, -63, 390, -1332, -1820, -561, -68, 165, 380, 
146, 458, 312, -302, -82, 385, -1415, -2054, -971, -341, -82, 219, 
126, 434, 307, -280, -90, 370, -1444, -2117, -1224, -502, -234, 107, 
102, 439, 336, -270, -117, 387, -1439, -1995, -1151, -444, -200, 117, 
102, 434, 331, -268, -114, 383, -1346, -1737, -907, -297, -102, 165, 
126, 370, 244, -248, -58, 307, -1151, -1439, -751, -253, -92, 136, 
126, 317, 190, -222, -31, 253, -922, -1166, -653, -253, -117, 82, 
117, 307, 190, -212, -36, 248, -707, -907, -488, -180, -78, 78, 
131, 287, 156, -209, -12, 222, -546, -673, -341, -112, -39, 87, 
122, 214, 92, -168, 14, 153, -434, -517, -278, -112, -39, 68, 
73, 141, 68, -107, 2, 104, -331, -405, -234, -107, -43, 43, 
43, 122, 78, -82, -17, 100, -244, -307, -165, -68, -24, 48, 
39, 112, 73, -75, -17, 92, -170, -234, -107, -39, 0, 58, 
19, 87, 68, -53, -24, 78, -126, -180, -82, -34, 0, 58, 
0, 68, 68, -34, -34, 68, -92, -141, -68, -29, -9, 43, 
-14, 34, 48, -9, -31, 41, -73, -117, -53, -29, -19, 29, 
-24, 9, 34, 7, -29, 21, -63, -107, -58, -29, -34, 14, 
-29, 14, 43, 7, -36, 29, -58, -107, -58, -34, -43, 0, 
-34, 4, 39, 14, -36, 21, -53, -92, -63, -39, -48, -19, 
-48, -19, 29, 34, -39, 4, -48, -87, -68, -39, -48, -24, 
-73, -39, 34, 56, -53, -2, -34, -63, -63, -29, -34, -34, 
-92, -43, 48, 68, -70, 2, -9, -39, -53, -24, -29, -29, 
-82, -39, 43, 61, -63, 2, 9, -24, -48, -34, -24, -29, 
-68, -48, 19, 58, -43, -14, 9, -14, -43, -39, -29, -34, 
-68, -48, 19, 58, -43, -14, 29, 0, -34, -34, -34, -34, 
-48, -39, 9, 43, -29, -14, 34, 9, -29, -39, -39, -39, 
-53, -43, 9, 48, -31, -17, 39, 24, -14, -29, -34, -34, 
-63, -39, 24, 51, -43, -7, 43, 29, -9, -24, -39, -34, 
-53, -19, 34, 36, -43, 7, 48, 34, -9, -24, -29, -24, 
-39, -19, 19, 29, -29, 0, 48, 43, 0, -24, -24, -19, 
-39, -34, 4, 36, -21, -14, 53, 48, 4, -24, -24, -19, 
-34, -29, 4, 31, -19, -12, 68, 58, 0, -24, -29, -19, 
-29, -24, 4, 26, -17, -9, 78, 73, 4, -24, -14, -9, 
-24, -24, 0, 24, -12, -12, 73, 82, 9, -29, -24, -19, 
-14, -14, 0, 14, -7, -7, 87, 92, 24, -24, -19, -14, 
-14, 0, 14, 7, -14, 7, 92, 97, 34, -14, -9, 0, 
-34, 0, 34, 17, -34, 17, 92, 97, 43, -9, 0, 9, 
-48, -19, 29, 34, -39, 4, 82, 102, 43, -14, -9, 9, 
-39, -14, 24, 26, -31, 4, 87, 97, 48, -19, -9, 9, 
0, 0, 0, 0, 0, 0, 92, 107, 48, 0, 4, 9, 
9, 14, 4, -12, 2, 9, 92, 117, 53, 14, 4, 14, 
-14, 0, 14, 7, -14, 7, 97, 126, 48, 19, 9, 14, 
-43, -24, 19, 34, -31, -2, 102, 126, 53, 24, 14, 14, 
-39, -34, 4, 36, -21, -14, 92, 131, 58, 39, 14, 0, 
-34, -19, 14, 26, -24, -2, 102, 146, 78, 53, 29, 4, 
-29, 0, 29, 14, -29, 14, 107, 151, 82, 53, 39, 9, 
-29, 9, 39, 9, -34, 24, 112, 161, 97, 63, 48, 24, 
-19, 24, 43, -2, -31, 34, 107, 165, 102, 58, 48, 24, 
-14, 34, 48, -9, -31, 41, 107, 165, 112, 63, 58, 39, 
-14, 43, 58, -14, -36, 51, 117, 180, 117, 73, 68, 43, 
-9, 43, 53, -17, -31, 48, 126, 190, 122, 87, 73, 48, 
19, 34, 14, -26, 2, 24, 122, 185, 107, 73, 58, 39, 
29, 29, 0, -29, 14, 14, 107, 175, 107, 58, 43, 29, 
24, 34, 9, -29, 7, 21, 107, 185, 107, 63, 43, 24, 
14, 34, 19, -24, -2, 26, 122, 204, 126, 82, 63, 29, 
24, 39, 14, -31, 4, 26, 117, 209, 131, 87, 68, 34, 
39, 39, 0, -39, 19, 19, 112, 204, 141, 82, 68, 29, 
58, 43, -14, -51, 36, 14, 112, 209, 136, 82, 63, 24, 
63, 58, -4, -61, 34, 26, 122, 224, 161, 97, 82, 48, 
29, 58, 29, -43, 0, 43, 117, 229, 165, 107, 87, 53, 
4, 39, 34, -21, -14, 36, 107, 224, 156, 97, 82, 39, 
4, 24, 19, -14, -7, 21, 102, 229, 146, 92, 73, 39, 
-24, 14, 39, 4, -31, 26, 107, 234, 156, 102, 82, 43, 
-43, 9, 53, 17, -48, 31, 107, 239, 151, 97, 73, 43, 
-48, 4, 53, 21, -51, 29, 102, 244, 165, 102, 78, 43, 
-53, -9, 43, 31, -48, 17, 107, 248, 170, 107, 87, 53, 
-53, -14, 39, 34, -46, 12, 102, 248, 175, 102, 78, 43, 
-48, -19, 29, 34, -39, 4, 102, 258, 180, 102, 68, 48, 
-39, -9, 29, 24, -34, 9, 107, 273, 195, 102, 87, 63, 
-24, 24, 48, 0, -36, 36, 112, 283, 209, 97, 92, 73, 
0, 43, 43, -21, -21, 43, 122, 297, 214, 102, 97, 82, 
9, 48, 39, -29, -14, 43, 131, 312, 224, 112, 102, 97, 
39, 58, 19, -48, 9, 39, 131, 317, 229, 122, 102, 97, 
68, 73, 4, -70, 31, 39, 131, 331, 234, 141, 107, 97, 
68, 73, 4, -70, 31, 39, 131, 341, 248, 156, 117, 107, 
29, 58, 29, -43, 0, 43, 131, 351, 263, 175, 126, 97, 
0, 53, 53, -26, -26, 53, 131, 361, 283, 190, 136, 92, 
29, 78, 48, -53, -9, 63, 136, 375, 307, 219, 156, 97, 
63, 97, 34, -80, 14, 65, 146, 390, 317, 234, 175, 107, 
48, 92, 43, -70, 2, 68, 151, 414, 331, 234, 185, 117, 
34, 102, 68, -68, -17, 85, 161, 434, 346, 239, 195, 122, 
53, 112, 58, -82, -2, 85, 161, 448, 346, 244, 204, 136, 
78, 122, 43, -100, 17, 82, 165, 458, 351, 239, 209, 141, 
87, 126, 39, -107, 24, 82, 165, 468, 356, 234, 209, 146, 
73, 112, 39, -92, 17, 75, 165, 483, 366, 239, 209, 161, 
39, 87, 48, -63, -4, 68, 156, 483, 370, 244, 209, 161, 
24, 78, 53, -51, -14, 65, 156, 497, 385, 244, 219, 165, 
39, 87, 48, -63, -4, 68, 161, 502, 400, 258, 224, 165, 
39, 97, 58, -68, -9, 78, 161, 517, 414, 268, 224, 165, 
39, 102, 63, -70, -12, 82, 161, 536, 434, 287, 234, 175, 
48, 122, 73, -85, -12, 97, 175, 561, 448, 307, 253, 180, 
73, 141, 68, -107, 2, 104, 190, 580, 468, 322, 278, 190, 
92, 161, 68, -126, 12, 114, 195, 610, 483, 336, 297, 209, 
97, 156, 58, -126, 19, 107, 195, 624, 492, 346, 302, 214, 
73, 131, 58, -102, 7, 95, 190, 624, 497, 346, 297, 204, 
63, 122, 58, -92, 2, 90, 190, 634, 512, 361, 307, 214, 
78, 136, 58, -107, 9, 97, 185, 649, 527, 375, 326, 229, 
92, 151, 58, -122, 17, 104, 185, 653, 536, 375, 331, 229, 
92, 165, 73, -129, 9, 119, 185, 673, 551, 385, 336, 244, 
97, 185, 87, -141, 4, 136, 195, 688, 566, 395, 361, 263, 
97, 180, 82, -139, 7, 131, 214, 702, 575, 409, 375, 273, 
87, 170, 82, -129, 2, 126, 209, 707, 575, 390, 366, 278, 
82, 185, 102, -134, -9, 143, 214, 727, 585, 409, 375, 292, 
107, 209, 102, -158, 2, 156, 214, 741, 610, 429, 390, 307, 
122, 214, 92, -168, 14, 153, 214, 741, 610, 434, 390, 307, 
131, 224, 92, -178, 19, 158, 214, 746, 614, 439, 385, 307, 
136, 239, 102, -187, 17, 170, 214, 761, 629, 453, 400, 312, 
126, 234, 107, -180, 9, 170, 219, 761, 644, 463, 414, 317, 
102, 229, 126, -165, -12, 178, 214, 766, 649, 473, 424, 322, 
107, 229, 122, -168, -7, 175, 214, 766, 649, 473, 424, 331, 
112, 224, 112, -168, 0, 168, 214, 766, 649, 473, 429, 326, 
112, 214, 102, -163, 4, 158, 204, 756, 639, 463, 429, 322, 
112, 229, 117, -170, -2, 173, 204, 761, 639, 468, 434, 336, 
126, 253, 126, -190, 0, 190, 204, 751, 639, 473, 439, 351, 
117, 239, 122, -178, -2, 180, 185, 732, 619, 458, 424, 341, 
112, 214, 102, -163, 4, 158, 156, 702, 595, 439, 400, 326, 
126, 214, 87, -170, 19, 151, 151, 688, 580, 424, 395, 326, 
126, 234, 107, -180, 9, 170, 156, 673, 590, 434, 419, 336, 
107, 239, 131, -173, -12, 185, 151, 658, 585, 444, 429, 336, 
102, 229, 126, -165, -12, 178, 131, 629, 566, 439, 424, 331, 
102, 219, 117, -161, -7, 168, 126, 610, 556, 434, 419, 326, 
97, 229, 131, -163, -17, 180, 126, 585, 536, 434, 409, 331, 
102, 224, 122, -163, -9, 173, 107, 556, 502, 414, 395, 322, 
107, 204, 97, -156, 4, 151, 87, 507, 468, 375, 370, 302, 
97, 185, 87, -141, 4, 136, 78, 473, 439, 356, 346, 283, 
112, 190, 78, -151, 17, 134, 63, 434, 409, 336, 322, 268, 
122, 175, 53, -148, 34, 114, 48, 385, 370, 302, 292, 244, 
87, 146, 58, -117, 14, 102, 34, 341, 336, 273, 268, 219, 
53, 122, 68, -87, -7, 95, 34, 312, 312, 253, 248, 195, 
48, 112, 63, -80, -7, 87, 34, 287, 287, 244, 229, 185, 
43, 107, 63, -75, -9, 85, 29, 263, 263, 229, 209, 170, 
43, 112, 68, -78, -12, 90, 24, 234, 224, 195, 175, 151, 
68, 107, 39, -87, 14, 73, 24, 214, 204, 175, 161, 136, 
97, 107, 9, -102, 43, 58, 29, 180, 175, 151, 141, 117, 
97, 102, 4, -100, 46, 53, 29, 156, 151, 131, 122, 92, 
97, 102, 4, -100, 46, 53, 19, 136, 126, 107, 102, 82, 
92, 92, 0, -92, 46, 46, 19, 117, 112, 97, 92, 68, 
39, 43, 4, -41, 17, 24, 19, 102, 87, 82, 78, 63, 
-19, 0, 19, 9, -19, 9, 0, 63, 53, 43, 39, 29, 
4, 0, -4, -2, 4, -2, -14, 34, 29, 19, 19, 9, 
29, 14, -14, -21, 21, 0, -19, 19, 9, 4, 4, 0, 
14, -9, -24, -2, 19, -17, -14, 9, -9, 0, -9, -9, 
-14, -14, 0, 14, -7, -7, 0, 9, -19, -9, -9, -9, 
-9, 0, 9, 4, -9, 4, 4, 9, -19, -14, -9, -14, 
9, 4, -4, -7, 7, 0, 14, 4, -19, -19, -9, -9, 
24, 4, -19, -14, 21, -7, 14, 0, -19, -19, -19, -9, 
19, 4, -14, -12, 17, -4, 19, -9, -24, -34, -29, -19, 
9, -14, -24, 2, 17, -19, 19, -19, -39, -48, -39, -24, 
4, -19, -24, 7, 14, -21, 14, -24, -48, -53, -43, -29, 
9, -34, -43, 12, 26, -39, 4, -39, -63, -68, -53, -34, 
-14, -53, -39, 34, 12, -46, 4, -39, -73, -68, -58, -48, 
-24, -68, -43, 46, 9, -56, 4, -39, -73, -68, -63, -53, 
-14, -39, -24, 26, 4, -31, 9, -39, -78, -68, -68, -48, 
9, -19, -29, 4, 19, -24, 14, -39, -73, -73, -73, -43, 
14, -24, -39, 4, 26, -31, 19, -39, -73, -78, -78, -48, 
19, -39, -58, 9, 39, -48, 19, -43, -78, -73, -78, -58, 
24, -43, -68, 9, 46, -56, 4, -63, -92, -82, -82, -73, 
4, -48, -53, 21, 29, -51, -14, -73, -102, -87, -87, -78, 
-19, -39, -19, 29, 0, -29, 0, -58, -87, -73, -73, -68, 
-14, -34, -19, 24, 2, -26, 4, -53, -82, -63, -73, -63, 
-19, -43, -24, 31, 2, -34, 0, -58, -87, -68, -73, -78, 
-19, -58, -39, 39, 9, -48, 4, -48, -82, -58, -63, -68, 
-9, -48, -39, 29, 14, -43, 19, -39, -78, -53, -58, -68, 
-14, -39, -24, 26, 4, -31, 24, -39, -73, -53, -58, -53, 
-24, -48, -24, 36, 0, -36, 9, -53, -87, -73, -73, -68, 
-43, -82, -39, 63, -2, -61, 0, -68, -97, -78, -78, -82, 
-58, -107, -48, 82, -4, -78, -9, -78, -102, -87, -78, -92, 
-43, -92, -48, 68, 2, -70, -14, -78, -102, -97, -78, -87, 
-14, -63, -48, 39, 17, -56, -19, -78, -102, -97, -78, -82, 
4, -43, -48, 19, 26, -46, -9, -73, -102, -102, -78, -68, 
-34, -53, -19, 43, -7, -36, 9, -53, -92, -92, -68, -58, 
-68, -82, -14, 75, -26, -48, 4, -63, -97, -92, -73, -58, 
-73, -97, -24, 85, -24, -61, 0, -63, -112, -97, -82, -68, 
-53, -97, -43, 75, -4, -70, 0, -68, -112, -102, -92, -78, 
-39, -82, -43, 61, 2, -63, 9, -53, -97, -92, -87, -78, 
-24, -73, -48, 48, 12, -61, 14, -53, -92, -82, -82, -73, 
-24, -68, -43, 46, 9, -56, 9, -63, -102, -82, -87, -92, 
-53, -73, -19, 63, -17, -46, 19, -53, -87, -68, -73, -78, 
-63, -68, -4, 65, -29, -36, 24, -43, -78, -68, -68, -78, 
-24, -53, -29, 39, 2, -41, 4, -63, -97, -87, -87, -87, 
24, -43, -68, 9, 46, -56, 9, -58, -97, -87, -78, -82, 
39, -19, -58, -9, 48, -39, 24, -34, -78, -68, -58, -58, 
34, 4, -29, -19, 31, -12, 39, -24, -58, -58, -48, -53, 
29, 9, -19, -19, 24, -4, 39, -29, -68, -68, -58, -58, 
24, -9, -34, -7, 29, -21, 39, -29, -73, -68, -58, -53, 
24, -24, -48, 0, 36, -36, 24, -34, -78, -82, -73, -63, 
0, -39, -39, 19, 19, -39, 19, -43, -82, -92, -87, -78, 
-29, -58, -29, 43, 0, -43, 9, -48, -82, -87, -87, -82, 
-14, -53, -39, 34, 12, -46, 9, -43, -82, -73, -78, -68, 
34, -14, -48, -9, 41, -31, 14, -39, -73, -58, -73, -58, 
43, 9, -34, -26, 39, -12, 29, -24, -63, -53, -58, -53, 
14, -29, -43, 7, 29, -36, 9, -43, -78, -73, -78, -68, 
-34, -73, -39, 53, 2, -56, 0, -53, -92, -82, -82, -78, 
-48, -92, -43, 70, -2, -68, -9, -58, -97, -92, -87, -82, 
-68, -97, -29, 82, -19, -63, -14, -63, -102, -97, -92, -92, 
-97, -107, -9, 102, -43, -58, 0, -53, -92, -82, -82, -82, 
-87, -87, 0, 87, -43, -43, 19, -39, -78, -68, -68, -73, 
-24, -43, -19, 34, -2, -31, 19, -39, -73, -63, -53, -63, 
29, -14, -43, -7, 36, -29, 9, -48, -78, -63, -53, -53, 
39, -19, -58, -9, 48, -39, 4, -48, -87, -68, -63, -58, 
-14, -63, -48, 39, 17, -56, 9, -43, -87, -68, -63, -63, 
-48, -92, -43, 70, -2, -68, 0, -53, -92, -82, -73, -73, 
-53, -87, -34, 70, -9, -61, 0, -53, -97, -87, -73, -68, 
-53, -63, -9, 58, -21, -36, 4, -53, -92, -82, -73, -53, 
-73, -68, 4, 70, -39, -31, 14, -39, -87, -78, -63, -53, 
-63, -73, -9, 68, -26, -41, 9, -43, -92, -82, -68, -63, 
-19, -53, -34, 36, 7, -43, 9, -39, -87, -78, -63, -58, 
19, -34, -53, 7, 36, -43, 4, -48, -87, -78, -68, -63, 
14, -34, -48, 9, 31, -41, 0, -53, -92, -78, -73, -68, 
-9, -34, -24, 21, 7, -29, 9, -48, -87, -73, -68, -58, 
-14, -29, -14, 21, 0, -21, 14, -39, -78, -58, -58, -53, 
-19, -34, -14, 26, -2, -24, 14, -39, -82, -63, -58, -58, 
-48, -68, -19, 58, -14, -43, 4, -48, -92, -78, -73, -73, 
-68, -92, -24, 80, -21, -58, 0, -58, -102, -97, -82, -73, 
-43, -73, -29, 58, -7, -51, 0, -53, -97, -97, -78, -73, 
-34, -63, -29, 48, -2, -46, 9, -48, -87, -92, -73, -68, 
-43, -63, -19, 53, -12, -41, 4, -53, -92, -97, -78, -68, 
-24, -43, -19, 34, -2, -31, 9, -48, -87, -92, -68, -58, 
4, -24, -29, 9, 17, -26, 4, -48, -92, -87, -68, -58, 
-19, -53, -34, 36, 7, -43, 0, -53, -97, -97, -82, -68, 
-34, -73, -39, 53, 2, -56, -9, -53, -107, -107, -92, -78, 
-24, -63, -39, 43, 7, -51, 0, -53, -102, -107, -87, -73, 
0, -43, -43, 21, 21, -43, 4, -53, -102, -107, -97, -73, 
-9, -43, -34, 26, 12, -39, 4, -53, -112, -112, -97, -68, 
-19, -48, -29, 34, 4, -39, 0, -53, -117, -117, -97, -68, 
-29, -58, -29, 43, 0, -43, 4, -53, -107, -97, -82, -63, 
-34, -63, -29, 48, -2, -46, 0, -53, -102, -82, -78, -68, 
-43, -68, -24, 56, -9, -46, 0, -63, -102, -78, -68, -73, 
-39, -68, -29, 53, -4, -48, -14, -68, -107, -82, -78, -78, 
-34, -63, -29, 48, -2, -46, -19, -73, -107, -82, -78, -78, 
-29, -53, -24, 41, -2, -39, -9, -58, -107, -82, -78, -78, 
-39, -53, -14, 46, -12, -34, 9, -43, -97, -68, -68, -73, 
-43, -63, -19, 53, -12, -41, 14, -39, -92, -68, -58, -68, 
-29, -58, -29, 43, 0, -43, 4, -58, -112, -82, -63, -73, 
9, -34, -43, 12, 26, -39, 9, -58, -117, -92, -78, -78, 
19, -19, -39, 0, 29, -29, 14, -53, -107, -82, -68, -63, 
9, -29, -39, 9, 24, -34, 0, -58, -107, -87, -68, -68, 
-19, -48, -29, 34, 4, -39, -9, -68, -112, -97, -82, -82, 
-14, -39, -24, 26, 4, -31, -9, -68, -107, -97, -82, -82, 
-19, -14, 4, 17, -12, -4, 4, -58, -97, -73, -63, -58, 
-19, -19, 0, 19, -9, -9, 0, -58, -97, -78, -73, -63, 
-14, -48, -34, 31, 9, -41, -14, -68, -112, -97, -92, -78, 
-19, -78, -58, 48, 19, -68, -19, -82, -131, -112, -112, -92, 
-34, -87, -53, 61, 9, -70, -14, -78, -131, -112, -107, -92, 
-14, -53, -39, 34, 12, -46, 0, -63, -117, -102, -92, -78, 
39, -14, -53, -12, 46, -34, 4, -58, -112, -92, -78, -68, 
53, 4, -48, -29, 51, -21, 9, -53, -102, -82, -78, -63, 
39, -14, -53, -12, 46, -34, 0, -63, -117, -97, -82, -73, 
9, -24, -34, 7, 21, -29, 0, -63, -112, -97, -82, -73, 
-19, -39, -19, 29, 0, -29, -9, -63, -112, -102, -82, -73, 
-24, -48, -24, 36, 0, -36, -14, -68, -122, -112, -92, -82, 
-24, -63, -39, 43, 7, -51, -19, -68, -131, -117, -92, -87, 
-14, -58, -43, 36, 14, -51, -19, -73, -136, -117, -92, -82, 
0, -43, -43, 21, 21, -43, -14, -68, -126, -97, -82, -63, 
-14, -39, -24, 26, 4, -31, -9, -68, -117, -92, -82, -68, 
-39, -73, -34, 56, -2, -53, -24, -82, -122, -97, -97, -82, 
-58, -107, -48, 82, -4, -78, -34, -92, -131, -117, -112, -97, 
-68, -117, -48, 92, -9, -82, -24, -92, -136, -117, -112, -97, 
-87, -126, -39, 107, -24, -82, -24, -87, -136, -117, -107, -107, 
-102, -131, -29, 117, -36, -80, -24, -87, -141, -107, -107, -102, 
-97, -117, -19, 107, -39, -68, -19, -82, -136, -112, -107, -97, 
-73, -92, -19, 82, -26, -56, -14, -78, -131, -102, -97, -92, 
-68, -78, -9, 73, -29, -43, -9, -68, -122, -87, -87, -87, 
-68, -73, -4, 70, -31, -39, 0, -68, -126, -82, -82, -82, 
-53, -63, -9, 58, -21, -36, 4, -63, -117, -87, -82, -82, 
-24, -43, -19, 34, -2, -31, -9, -68, -117, -87, -78, -82, 
9, -48, -58, 19, 34, -53, -14, -78, -126, -102, -92, -82, 
14, -53, -68, 19, 41, -61, -24, -87, -141, -122, -102, -92, 
-9, -53, -43, 31, 17, -48, -14, -82, -131, -112, -102, -82, 
4, -43, -48, 19, 26, -46, -9, -78, -126, -102, -92, -73, 
24, -34, -58, 4, 41, -46, -9, -82, -136, -122, -102, -78, 
34, -53, -87, 9, 61, -70, -19, -92, -146, -131, -117, -82, 
19, -73, -92, 26, 56, -82, -34, -102, -161, -146, -131, -97, 
-9, -82, -73, 46, 31, -78, -29, -102, -161, -146, -131, -97, 
-24, -87, -63, 56, 19, -75, -24, -92, -156, -122, -117, -97, 
-24, -82, -58, 53, 17, -70, -24, -97, -151, -112, -112, -97, 
-19, -78, -58, 48, 19, -68, -29, -107, -151, -122, -112, -102, 
-19, -63, -43, 41, 12, -53, -29, -102, -146, -117, -107, -87, 
-24, -53, -29, 39, 2, -41, -19, -92, -131, -112, -102, -87, 
-34, -58, -24, 46, -4, -41, -24, -102, -141, -126, -102, -87, 
-43, -78, -34, 61, -4, -56, -24, -102, -151, -131, -102, -97, 
-39, -78, -39, 58, 0, -58, -24, -102, -151, -126, -97, -92, 
-14, -58, -43, 36, 14, -51, -19, -97, -156, -126, -97, -87, 
-14, -53, -39, 34, 12, -46, -19, -102, -151, -122, -97, -82, 
-34, -82, -48, 58, 7, -65, -24, -107, -156, -126, -102, -92, 
-39, -97, -58, 68, 9, -78, -34, -117, -161, -131, -107, -97, 
-24, -87, -63, 56, 19, -75, -29, -107, -161, -136, -117, -92, 
4, -53, -58, 24, 31, -56, -19, -107, -151, -122, -117, -87, 
19, -34, -53, 7, 36, -43, -19, -97, -141, -117, -112, -87, 
19, -43, -63, 12, 41, -53, -24, -102, -146, -112, -107, -87, 
4, -63, -68, 29, 36, -65, -14, -102, -151, -112, -112, -92, 
-19, -68, -48, 43, 14, -58, -24, -112, -161, -117, -117, -102, 
-48, -78, -29, 63, -9, -53, -24, -107, -161, -122, -117, -102, 
-73, -97, -24, 85, -24, -61, -29, -112, -156, -117, -112, -102, 
-48, -92, -43, 70, -2, -68, -29, -112, -165, -126, -117, -102, 
4, -63, -68, 29, 36, -65, -24, -112, -156, -122, -117, -102, 
19, -34, -53, 7, 36, -43, -19, -102, -146, -122, -117, -97, 
-19, -43, -24, 31, 2, -34, -24, -107, -146, -117, -122, -97, 
-58, -82, -24, 70, -17, -53, -24, -112, -151, -122, -126, -102, 
-78, -112, -34, 95, -21, -73, -34, -122, -161, -131, -136, -117, 
-68, -122, -53, 95, -7, -87, -43, -131, -175, -146, -146, -131, 
-63, -122, -58, 92, -2, -90, -53, -136, -185, -146, -146, -146, 
-53, -112, -58, 82, 2, -85, -39, -122, -175, -141, -131, -131, 
-34, -87, -53, 61, 9, -70, -34, -117, -165, -126, -117, -117, 
-24, -73, -48, 48, 12, -61, -34, -112, -165, -131, -117, -112, 
-29, -68, -39, 48, 4, -53, -29, -107, -156, -131, -117, -102, 
-19, -58, -39, 39, 9, -48, -24, -102, -151, -131, -117, -97, 
-19, -53, -34, 36, 7, -43, -19, -107, -151, -136, -112, -92, 
-29, -68, -39, 48, 4, -53, -24, -112, -161, -136, -117, -92, 
-19, -78, -58, 48, 19, -68, -43, -126, -175, -146, -131, -102, 
-9, -82, -73, 46, 31, -78, -43, -131, -180, -151, -136, -117, 
-14, -78, -63, 46, 24, -70, -34, -122, -175, -146, -131, -107, 
-29, -63, -34, 46, 2, -48, -29, -107, -165, -136, -122, -97, 
-39, -68, -29, 53, -4, -48, -29, -112, -161, -136, -126, -102, 
-34, -73, -39, 53, 2, -56, -34, -117, -170, -146, -136, -112, 
-34, -82, -48, 58, 7, -65, -39, -122, -170, -146, -136, -112, 
-43, -92, -48, 68, 2, -70, -48, -136, -175, -146, -136, -117, 
-58, -112, -53, 85, -2, -82, -43, -136, -175, -141, -126, -117, 
-58, -107, -48, 82, -4, -78, -43, -136, -180, -146, -131, -122, 
-53, -102, -48, 78, -2, -75, -39, -136, -175, -141, -131, -122, 
-53, -97, -43, 75, -4, -70, -39, -136, -180, -146, -141, -126, 
-48, -97, -48, 73, 0, -73, -34, -131, -175, -146, -131, -117, 
-39, -87, -48, 63, 4, -68, -29, -126, -175, -146, -131, -112, 
-29, -82, -53, 56, 12, -68, -43, -136, -180, -161, -146, -126, 
-39, -97, -58, 68, 9, -78, -39, -136, -185, -161, -151, -131, 
-48, -112, -63, 80, 7, -87, -43, -141, -190, -161, -151, -131, 
-43, -97, -53, 70, 4, -75, -43, -146, -185, -161, -141, -136, 
-24, -73, -48, 48, 12, -61, -34, -131, -170, -146, -126, -122, 
-29, -63, -34, 46, 2, -48, -14, -112, -161, -126, -107, -107, 
-34, -63, -29, 48, -2, -46, -14, -117, -161, -126, -102, -97, 
-24, -63, -39, 43, 7, -51, -24, -117, -170, -136, -112, -97, 
-9, -68, -58, 39, 24, -63, -29, -131, -180, -151, -141, -107, 
-19, -92, -73, 56, 26, -82, -29, -136, -180, -165, -146, -117, 
-48, -102, -53, 75, 2, -78, -34, -136, -175, -170, -146, -122, 
-73, -107, -34, 90, -19, -70, -34, -136, -180, -165, -146, -117, 
-68, -107, -39, 87, -14, -73, -39, -146, -185, -170, -151, -122, 
-58, -107, -48, 82, -4, -78, -39, -151, -185, -175, -156, -126, 
-58, -112, -53, 85, -2, -82, -43, -151, -185, -175, -161, -131, 
-58, -112, -53, 85, -2, -82, -34, -146, -185, -161, -151, -126, 
-48, -107, -58, 78, 4, -82, -29, -141, -175, -151, -141, -126, 
-39, -92, -53, 65, 7, -73, -24, -131, -170, -141, -141, -126, 
-43, -82, -39, 63, -2, -61, -24, -126, -170, -126, -131, -126, 
-48, -92, -43, 70, -2, -68, -19, -131, -170, -126, -126, -126, 
-43, -87, -43, 65, 0, -65, -19, -136, -170, -136, -131, -136, 
-29, -78, -48, 53, 9, -63, -19, -131, -175, -136, -131, -131, 
-39, -82, -43, 61, 2, -63, -24, -131, -175, -136, -126, -131, 
-43, -78, -34, 61, -4, -56, -19, -131, -170, -146, -131, -126, 
-29, -58, -29, 43, 0, -43, -9, -122, -161, -141, -126, -117, 
-39, -68, -29, 53, -4, -48, -14, -117, -165, -141, -126, -112, 
-73, -107, -34, 90, -19, -70, -24, -136, -175, -151, -136, -126, 
-78, -122, -43, 100, -17, -82, -24, -136, -185, -161, -151, -131, 
-63, -107, -43, 85, -9, -75, -14, -117, -175, -141, -141, -117, 
-63, -102, -39, 82, -12, -70, 0, -112, -165, -136, -131, -112, 
-63, -97, -34, 80, -14, -65, -14, -122, -165, -136, -131, -117, 
-39, -78, -39, 58, 0, -58, 4, -102, -151, -126, -122, -107, 
-9, -53, -43, 31, 17, -48, 9, -87, -136, -112, -112, -92, 
0, -39, -39, 19, 19, -39, 9, -92, -126, -117, -107, -92, 
0, -43, -43, 21, 21, -43, 14, -87, -126, -112, -107, -87, 
4, -39, -43, 17, 24, -41, 9, -92, -131, -122, -107, -82, 
-9, -43, -34, 26, 12, -39, -9, -102, -136, -126, -107, -87, 
-39, -48, -9, 43, -14, -29, 9, -97, -131, -117, -107, -82, 
-34, -53, -19, 43, -7, -36, 19, -87, -122, -112, -107, -78, 
-14, -34, -19, 24, 2, -26, 19, -82, -126, -107, -102, -78, 
0, -24, -24, 12, 12, -24, 24, -82, -117, -102, -102, -78, 
-14, -39, -24, 26, 4, -31, 34, -78, -112, -97, -102, -78, 
-24, -53, -29, 39, 2, -41, 34, -73, -112, -97, -107, -87, 
-19, -43, -24, 31, 2, -34, 29, -68, -107, -87, -92, -87, 
-19, -43, -24, 31, 2, -34, 29, -63, -92, -82, -87, -87, 
-34, -48, -14, 41, -9, -31, 29, -53, -82, -78, -82, -82, 
-43, -43, 0, 43, -21, -21, 14, -63, -82, -78, -78, -78, 
-29, -39, -9, 34, -9, -24, -9, -68, -97, -87, -78, -73, 
4, -34, -39, 14, 21, -36, -34, -73, -102, -102, -87, -73, 
9, -34, -43, 12, 26, -39, -48, -73, -112, -97, -82, -68, 
9, -24, -34, 7, 21, -29, -48, -82, -102, -92, -78, -58, 
24, -9, -34, -7, 29, -21, -48, -87, -97, -87, -78, -53, 
39, 9, -29, -24, 34, -9, -53, -102, -97, -87, -78, -53, 
29, 9, -19, -19, 24, -4, -53, -117, -117, -87, -82, -58, 
24, -9, -34, -7, 29, -21, -48, -112, -117, -107, -87, -58, 
19, 4, -14, -12, 17, -4, -58, -126, -126, -126, -97, -63, 
19, -9, -29, -4, 24, -19, -82, -151, -146, -136, -112, -68, 
29, -19, -48, -4, 39, -34, -92, -165, -175, -141, -126, -78, 
24, -14, -39, -4, 31, -26, -82, -161, -180, -136, -126, -82, 
-14, -29, -14, 21, 0, -21, -78, -170, -195, -136, -131, -87, 
-39, -73, -34, 56, -2, -53, -87, -180, -219, -151, -151, -112, 
-48, -107, -58, 78, 4, -82, -87, -180, -224, -156, -165, -131, 
-53, -102, -48, 78, -2, -75, -78, -165, -209, -146, -156, -126, 
-39, -82, -43, 61, 2, -63, -63, -146, -175, -126, -126, -107, 
-19, -63, -43, 41, 12, -53, -58, -126, -156, -107, -97, -92, 
4, -48, -53, 21, 29, -51, -48, -122, -146, -92, -87, -82, 
19, -29, -48, 4, 34, -39, -43, -117, -141, -92, -87, -73, 
19, -19, -39, 0, 29, -29, -53, -122, -146, -97, -82, -68, 
29, -24, -53, -2, 41, -39, -58, -117, -146, -102, -87, -58, 
24, -24, -48, 0, 36, -36, -58, -122, -156, -112, -92, -63, 
4, -34, -39, 14, 21, -36, -48, -122, -161, -122, -107, -68, 
-14, -43, -29, 29, 7, -36, -34, -112, -161, -126, -112, -68, 
-19, -43, -24, 31, 2, -34, -19, -107, -151, -117, -112, -78, 
-19, -48, -29, 34, 4, -39, -14, -117, -156, -122, -117, -87, 
-19, -63, -43, 41, 12, -53, -19, -136, -165, -136, -126, -97, 
-29, -63, -34, 46, 2, -48, -29, -151, -175, -141, -131, -92, 
-29, -68, -39, 48, 4, -53, -39, -156, -185, -146, -141, -102, 
-24, -87, -63, 56, 19, -75, -48, -161, -200, -165, -156, -112, 
-19, -92, -73, 56, 26, -82, -48, -165, -214, -175, -161, -117, 
-24, -97, -73, 61, 24, -85, -48, -161, -219, -175, -165, -117, 
-43, -122, -78, 82, 17, -100, -58, -170, -229, -180, -180, -131, 
-58, -122, -63, 90, 2, -92, -53, -170, -219, -170, -165, -131, 
-48, -82, -34, 65, -7, -58, -43, -161, -200, -151, -156, -122, 
-43, -58, -14, 51, -14, -36, -29, -146, -185, -131, -136, -112, 
-34, -63, -29, 48, -2, -46, -24, -141, -180, -126, -126, -112, 
-19, -68, -48, 43, 14, -58, -34, -146, -190, -136, -131, -112, 
-39, -82, -43, 61, 2, -63, -29, -141, -190, -136, -136, -117, 
-68, -97, -29, 82, -19, -63, -24, -131, -180, -131, -131, -112, 
-63, -87, -24, 75, -19, -56, -24, -131, -175, -131, -131, -112, 
-29, -73, -43, 51, 7, -58, -29, -141, -185, -141, -136, -117, 
-29, -78, -48, 53, 9, -63, -29, -131, -180, -141, -136, -112, 
-39, -87, -48, 63, 4, -68, -34, -136, -175, -146, -131, -112, 
-39, -78, -39, 58, 0, -58, -29, -136, -175, -141, -136, -102, 
-19, -63, -43, 41, 12, -53, -24, -136, -175, -136, -136, -97, 
-14, -68, -53, 41, 19, -61, -24, -126, -175, -146, -146, -97, 
-19, -78, -58, 48, 19, -68, -24, -131, -175, -151, -146, -97, 
-19, -78, -58, 48, 19, -68, -9, -117, -165, -146, -146, -102, 
-24, -87, -63, 56, 19, -75, 19, -73, -151, -151, -136, -112, 
-48, -117, -68, 82, 9, -92, 63, -14, -122, -151, -146, -122, 
-68, -136, -68, 102, 0, -102, 97, 48, -82, -146, -151, -131, 
-68, -136, -68, 102, 0, -102, 151, 112, -29, -126, -141, -126, 
-68, -126, -58, 97, -4, -92, 195, 175, 53, -87, -117, -107, 
-68, -131, -63, 100, -2, -97, 244, 253, 122, -43, -102, -107, 
-58, -141, -82, 100, 12, -112, 317, 370, 219, 9, -73, -102, 
-53, -146, -92, 100, 19, -119, 434, 551, 356, 82, -29, -82, 
-68, -141, -73, 104, 2, -107, 536, 741, 492, 190, 58, -39, 
-73, -102, -29, 87, -21, -65, 561, 800, 590, 322, 161, 29, 
-34, -14, 19, 24, -26, 2, 546, 741, 688, 463, 302, 136, 
34, 97, 63, -65, -14, 80, 497, 619, 766, 614, 453, 263, 
87, 180, 92, -134, -2, 136, 429, 483, 849, 756, 610, 385, 
122, 268, 146, -195, -12, 207, 326, 346, 941, 932, 785, 536, 
156, 380, 224, -268, -34, 302, 175, 156, 1039, 1117, 980, 702, 
195, 522, 326, -358, -65, 424, -53, -102, 1058, 1273, 1161, 873, 
229, 624, 395, -427, -82, 509, -370, -400, 966, 1312, 1263, 995, 
239, 658, 419, -448, -90, 539, -668, -771, 780, 1200, 1200, 1005, 
234, 634, 400, -434, -82, 517, -834, -1083, 556, 985, 1049, 922, 
248, 566, 317, -407, -34, 441, -912, -1239, 312, 727, 829, 780, 
248, 507, 258, -378, -4, 383, -1015, -1395, -39, 419, 570, 624, 
195, 468, 273, -331, -39, 370, -1156, -1683, -497, 78, 297, 458, 
126, 429, 302, -278, -87, 366, -1263, -1922, -878, -209, 48, 287, 
68, 375, 307, -222, -119, 341, -1278, -1966, -1122, -414, -146, 151, 
29, 380, 351, -204, -161, 366, -1278, -1937, -1244, -497, -244, 78, 
29, 419, 390, -224, -180, 405, -1273, -1815, -1122, -385, -161, 112, 
43, 390, 346, -217, -151, 368, -1190, -1571, -888, -244, -68, 131, 
48, 297, 248, -173, -100, 273, -1015, -1317, -741, -234, -92, 78, 
39, 234, 195, -136, -78, 214, -810, -1073, -634, -239, -126, 24, 
48, 224, 175, -136, -63, 200, -644, -844, -488, -175, -87, 24, 
48, 180, 131, -114, -41, 156, -488, -634, -351, -112, -29, 43, 
29, 122, 92, -75, -31, 107, -366, -483, -278, -107, -34, 29, 
24, 82, 58, -53, -17, 70, -273, -361, -224, -97, -39, 14, 
24, 82, 58, -53, -17, 70, -200, -283, -156, -58, -19, 19, 
24, 78, 53, -51, -14, 65, -151, -224, -102, -29, 4, 29, 
19, 68, 48, -43, -14, 58, -102, -170, -73, -19, 14, 29, 
29, 73, 43, -51, -7, 58, -63, -126, -53, 0, 24, 29, 
24, 73, 48, -48, -12, 61, -39, -112, -39, 0, 24, 39, 
0, 48, 48, -24, -24, 48, -39, -102, -48, -24, 4, 24, 
-24, 24, 48, 0, -36, 36, -39, -92, -48, -34, -19, 9, 
-34, 9, 43, 12, -39, 26, -29, -82, -48, -39, -24, -9, 
-34, 0, 34, 17, -34, 17, -19, -68, -48, -43, -34, -9, 
-24, -14, 9, 19, -17, -2, -9, -48, -48, -48, -39, -19, 
-9, -14, -4, 12, -2, -9, 9, -34, -43, -43, -43, -24, 
19, 9, -9, -14, 14, 0, 29, -9, -29, -34, -34, -19, 
48, 24, -24, -36, 36, 0, 39, 9, -19, -24, -29, -14, 
39, 19, -19, -29, 29, 0, 43, 14, -14, -24, -29, -24, 
0, 4, 4, -2, -2, 4, 43, 14, -14, -24, -29, -29, 
-29, 0, 29, 14, -29, 14, 53, 19, 4, -24, -24, -24, 
-34, -19, 14, 26, -24, -2, 48, 24, 4, -29, -29, -24, 
-39, -29, 9, 34, -24, -9, 43, 29, 0, -43, -39, -34, 
-39, -34, 4, 36, -21, -14, 48, 39, 0, -43, -34, -29, 
-24, -29, -4, 26, -9, -17, 53, 53, 4, -39, -34, -29, 
-19, -29, -9, 24, -4, -19, 63, 63, 9, -24, -39, -29, 
0, -9, -9, 4, 4, -9, 82, 73, 19, -9, -24, -24, 
4, -9, -14, 2, 9, -12, 92, 87, 39, 14, -9, -14, 
-9, -24, -14, 17, 2, -19, 82, 78, 34, 14, -14, -29, 
-24, -39, -14, 31, -4, -26, 78, 73, 34, 19, -14, -39, 
-24, -29, -4, 26, -9, -17, 78, 78, 48, 19, 0, -39, 
-34, -39, -4, 36, -14, -21, 78, 82, 58, 24, 0, -34, 
-48, -48, 0, 48, -24, -24, 73, 82, 53, 14, 0, -34, 
-24, -43, -19, 34, -2, -31, 78, 92, 53, 14, -9, -34, 
14, -9, -24, -2, 19, -17, 87, 112, 63, 24, 4, -19, 
14, 14, 0, -14, 7, 7, 102, 131, 78, 34, 19, 9, 
-14, -9, 4, 12, -9, -2, 102, 126, 68, 19, 19, 4, 
-29, -39, -9, 34, -9, -24, 92, 126, 63, 14, 14, 0, 
-29, -53, -24, 41, -2, -39, 87, 122, 68, 9, 4, -9, 
-24, -34, -9, 29, -7, -21, 87, 117, 68, 19, -9, -14, 
0, 0, 0, 0, 0, 0, 97, 131, 87, 39, 9, 0, 
14, 19, 4, -17, 4, 12, 92, 136, 102, 58, 24, 14, 
14, 14, 0, -14, 7, 7, 87, 131, 102, 58, 24, 9, 
-19, -14, 4, 17, -12, -4, 92, 141, 102, 58, 24, 14, 
-24, -14, 9, 19, -17, -2, 107, 161, 117, 63, 34, 24, 
0, 14, 14, -7, -7, 14, 112, 180, 126, 78, 48, 34, 
14, 24, 9, -19, 2, 17, 112, 175, 126, 73, 48, 29, 
9, 14, 4, -12, 2, 9, 112, 175, 126, 63, 43, 29, 
14, 14, 0, -14, 7, 7, 107, 180, 131, 53, 43, 34, 
24, 24, 0, -24, 12, 12, 102, 175, 131, 68, 53, 43, 
19, 24, 4, -21, 7, 14, 97, 175, 136, 68, 48, 39, 
0, 14, 14, -7, -7, 14, 97, 185, 146, 78, 53, 39, 
9, 14, 4, -12, 2, 9, 97, 190, 151, 82, 58, 43, 
14, 29, 14, -21, 0, 21, 112, 209, 165, 97, 68, 58, 
24, 39, 14, -31, 4, 26, 117, 219, 170, 97, 68, 58, 
24, 43, 19, -34, 2, 31, 117, 229, 180, 112, 78, 63, 
29, 48, 19, -39, 4, 34, 122, 239, 185, 117, 87, 68, 
24, 43, 19, -34, 2, 31, 122, 248, 195, 126, 87, 73, 
29, 39, 9, -34, 9, 24, 117, 244, 204, 131, 87, 63, 
29, 39, 9, -34, 9, 24, 107, 244, 209, 131, 97, 58, 
9, 29, 19, -19, -4, 24, 107, 244, 219, 126, 107, 58, 
-39, 4, 43, 17, -41, 24, 107, 244, 229, 131, 112, 63, 
-24, 9, 34, 7, -29, 21, 102, 248, 229, 126, 112, 68, 
24, 39, 14, -31, 4, 26, 107, 263, 234, 146, 122, 82, 
29, 48, 19, -39, 4, 34, 112, 273, 244, 151, 122, 87, 
-14, 34, 48, -9, -31, 41, 117, 287, 248, 165, 126, 97, 
-24, 34, 58, -4, -41, 46, 117, 302, 253, 170, 126, 97, 
-9, 43, 53, -17, -31, 48, 131, 317, 273, 180, 141, 107, 
4, 43, 39, -24, -17, 41, 122, 312, 278, 180, 136, 92, 
0, 29, 29, -14, -14, 29, 112, 317, 283, 175, 141, 92, 
24, 39, 14, -31, 4, 26, 117, 326, 297, 180, 146, 92, 
48, 68, 19, -58, 14, 43, 122, 336, 312, 195, 161, 112, 
73, 102, 29, -87, 21, 65, 126, 356, 326, 209, 175, 131, 
87, 126, 39, -107, 24, 82, 146, 380, 356, 234, 195, 146, 
82, 117, 34, -100, 24, 75, 146, 395, 351, 239, 204, 151, 
48, 82, 34, -65, 7, 58, 141, 400, 356, 244, 209, 151, 
29, 78, 48, -53, -9, 63, 141, 424, 370, 239, 219, 156, 
39, 78, 39, -58, 0, 58, 141, 434, 380, 244, 214, 151, 
34, 63, 29, -48, 2, 46, 146, 444, 395, 258, 219, 151, 
19, 48, 29, -34, -4, 39, 136, 448, 409, 268, 219, 151, 
24, 63, 39, -43, -7, 51, 131, 458, 419, 278, 224, 161, 
43, 92, 48, -68, -2, 70, 146, 483, 448, 312, 253, 180, 
53, 126, 73, -90, -9, 100, 161, 512, 473, 331, 273, 204, 
53, 141, 87, -97, -17, 114, 170, 531, 488, 341, 278, 219, 
73, 136, 63, -104, 4, 100, 165, 546, 492, 336, 283, 219, 
82, 126, 43, -104, 19, 85, 161, 551, 492, 336, 287, 219, 
82, 122, 39, -102, 21, 80, 156, 561, 497, 331, 292, 219, 
73, 122, 48, -97, 12, 85, 165, 575, 512, 341, 297, 234, 
82, 136, 53, -109, 14, 95, 165, 585, 527, 346, 312, 244, 
97, 165, 68, -131, 14, 117, 170, 610, 551, 370, 336, 263, 
107, 185, 78, -146, 14, 131, 180, 629, 575, 409, 356, 283, 
102, 190, 87, -146, 7, 139, 190, 649, 590, 419, 356, 292, 
102, 190, 87, -146, 7, 139, 190, 658, 600, 419, 366, 302, 
107, 195, 87, -151, 9, 141, 185, 668, 600, 424, 366, 302, 
102, 195, 92, -148, 4, 143, 185, 683, 610, 434, 380, 307, 
112, 195, 82, -153, 14, 139, 180, 683, 614, 429, 385, 312, 
117, 209, 92, -163, 12, 151, 190, 697, 629, 434, 390, 317, 
107, 204, 97, -156, 4, 151, 204, 712, 634, 453, 400, 326, 
117, 209, 92, -163, 12, 151, 190, 712, 639, 468, 409, 326, 
141, 229, 87, -185, 26, 158, 185, 717, 658, 483, 419, 336, 
156, 253, 97, -204, 29, 175, 204, 736, 678, 492, 439, 346, 
156, 253, 97, -204, 29, 175, 209, 736, 688, 502, 448, 346, 
141, 253, 112, -197, 14, 183, 195, 732, 683, 502, 458, 346, 
122, 248, 126, -185, -2, 187, 190, 736, 678, 512, 463, 351, 
107, 229, 122, -168, -7, 175, 180, 732, 663, 507, 458, 346, 
102, 204, 102, -153, 0, 153, 170, 717, 653, 492, 448, 346, 
92, 180, 87, -136, 2, 134, 161, 707, 649, 483, 444, 341, 
78, 175, 97, -126, -9, 136, 161, 702, 639, 483, 444, 346, 
73, 185, 112, -129, -19, 148, 161, 697, 639, 492, 458, 351, 
73, 195, 122, -134, -24, 158, 156, 683, 644, 502, 463, 361, 
78, 209, 131, -143, -26, 170, 141, 663, 629, 492, 453, 356, 
97, 219, 122, -158, -12, 170, 131, 639, 614, 488, 444, 351, 
131, 239, 107, -185, 12, 173, 117, 614, 590, 483, 439, 341, 
151, 258, 107, -204, 21, 183, 117, 585, 580, 468, 434, 346, 
141, 263, 122, -202, 9, 192, 122, 575, 561, 458, 429, 351, 
126, 239, 112, -183, 7, 175, 102, 541, 527, 434, 409, 341, 
117, 224, 107, -170, 4, 165, 87, 502, 492, 409, 380, 326, 
112, 214, 102, -163, 4, 158, 78, 463, 458, 370, 356, 312, 
112, 204, 92, -158, 9, 148, 63, 429, 429, 346, 331, 292, 
117, 204, 87, -161, 14, 146, 48, 390, 400, 322, 312, 273, 
97, 175, 78, -136, 9, 126, 43, 356, 366, 307, 292, 258, 
58, 136, 78, -97, -9, 107, 39, 317, 331, 283, 268, 234, 
43, 117, 73, -80, -14, 95, 34, 292, 302, 263, 248, 214, 
39, 131, 92, -85, -26, 112, 29, 258, 268, 234, 219, 195, 
29, 122, 92, -75, -31, 107, 29, 234, 239, 209, 185, 180, 
34, 102, 68, -68, -17, 85, 29, 209, 204, 165, 161, 151, 
58, 102, 43, -80, 7, 73, 24, 180, 170, 146, 141, 141, 
48, 92, 43, -70, 2, 68, 29, 161, 146, 136, 122, 131, 
19, 78, 58, -48, -19, 68, 24, 136, 131, 126, 112, 107, 
24, 63, 39, -43, -7, 51, 29, 122, 112, 122, 102, 87, 
43, 73, 29, -58, 7, 51, 29, 107, 97, 112, 82, 73, 
53, 73, 19, -63, 17, 46, 24, 82, 78, 92, 68, 63, 
58, 68, 9, -63, 24, 39, 24, 63, 58, 73, 53, 53, 
43, 53, 9, -48, 17, 31, 19, 53, 39, 48, 39, 39, 
9, 19, 9, -14, 0, 14, 19, 43, 19, 24, 24, 24, 
-29, -14, 14, 21, -21, 0, 19, 24, 0, -9, 0, 9, 
-34, -29, 4, 31, -19, -12, 14, 14, -19, -34, -19, 9, 
-9, -14, -4, 12, -2, -9, 14, 9, -39, -48, -34, 4, 
14, 14, 0, -14, 7, 7, 24, 14, -29, -29, -24, 9, 
14, 4, -9, -9, 12, -2, 19, 0, -39, -29, -34, 0, 
0, -29, -29, 14, 14, -29, 9, -24, -53, -43, -53, -24, 
-19, -43, -24, 31, 2, -34, -9, -43, -68, -48, -58, -34, 
-39, -53, -14, 46, -12, -34, -9, -48, -73, -53, -58, -43, 
-43, -68, -24, 56, -9, -46, -9, -53, -82, -68, -73, -58, 
-43, -78, -34, 61, -4, -56, 4, -48, -87, -78, -82, -63, 
-39, -73, -34, 56, -2, -53, 9, -48, -87, -82, -82, -63, 
-39, -63, -24, 51, -7, -43, 9, -48, -92, -87, -82, -58, 
-58, -73, -14, 65, -21, -43, 9, -48, -92, -87, -87, -58, 
-78, -78, 0, 78, -39, -39, 9, -53, -92, -87, -87, -58, 
-78, -78, 0, 78, -39, -39, 9, -48, -92, -82, -82, -53, 
-53, -63, -9, 58, -21, -36, 4, -63, -97, -97, -92, -63, 
-53, -58, -4, 56, -24, -31, 0, -73, -102, -102, -87, -63, 
-63, -63, 0, 63, -31, -31, 4, -68, -102, -97, -82, -58, 
-29, -48, -19, 39, -4, -34, 9, -58, -92, -82, -82, -53, 
34, -24, -58, -4, 46, -41, 19, -53, -92, -78, -78, -48, 
29, -24, -53, -2, 41, -39, 24, -48, -92, -73, -73, -48, 
-19, -43, -24, 31, 2, -34, 19, -43, -87, -68, -73, -63, 
-39, -58, -19, 48, -9, -39, 19, -48, -92, -73, -82, -73, 
-24, -53, -29, 39, 2, -41, 19, -48, -92, -78, -87, -73, 
-19, -48, -29, 34, 4, -39, 14, -58, -87, -82, -87, -68, 
-43, -53, -9, 48, -17, -31, 9, -63, -87, -87, -87, -68, 
-58, -63, -4, 61, -26, -34, 9, -58, -92, -78, -82, -58, 
-34, -58, -24, 46, -4, -41, 9, -63, -97, -87, -82, -58, 
-19, -53, -34, 36, 7, -43, 4, -68, -102, -97, -87, -58, 
-34, -63, -29, 48, -2, -46, 9, -63, -107, -102, -82, -63, 
-39, -58, -19, 48, -9, -39, 19, -53, -97, -92, -78, -53, 
-29, -39, -9, 34, -9, -24, 29, -43, -87, -87, -73, -43, 
-34, -43, -9, 39, -12, -26, 19, -53, -97, -107, -97, -58, 
-39, -68, -29, 53, -4, -48, 4, -68, -112, -126, -122, -73, 
-39, -68, -29, 53, -4, -48, 0, -73, -107, -122, -117, -68, 
-39, -48, -9, 43, -14, -29, 9, -63, -92, -102, -97, -63, 
-29, -29, 0, 29, -14, -14, 19, -48, -87, -82, -78, -58, 
9, -14, -24, 2, 17, -19, 24, -43, -82, -73, -73, -48, 
14, -14, -29, 0, 21, -21, 29, -39, -78, -68, -73, -48, 
9, -24, -34, 7, 21, -29, 19, -48, -92, -87, -87, -63, 
-14, -34, -19, 24, 2, -26, 24, -48, -92, -87, -87, -58, 
-34, -48, -14, 41, -9, -31, 14, -53, -92, -97, -82, -58, 
-63, -73, -9, 68, -26, -41, 9, -63, -92, -107, -92, -68, 
-53, -68, -14, 61, -19, -41, 14, -58, -92, -102, -92, -68, 
-34, -39, -4, 36, -14, -21, 19, -48, -78, -92, -78, -58, 
-43, -53, -9, 48, -17, -31, 9, -53, -82, -97, -87, -58, 
-73, -87, -14, 80, -29, -51, -9, -73, -102, -112, -107, -73, 
-87, -102, -14, 95, -36, -58, -9, -73, -97, -112, -107, -78, 
-78, -92, -14, 85, -31, -53, 4, -63, -92, -102, -92, -78, 
-39, -73, -34, 56, -2, -53, 9, -53, -92, -92, -82, -68, 
0, -43, -43, 21, 21, -43, 14, -43, -82, -82, -68, -53, 
-19, -34, -14, 26, -2, -24, 14, -39, -73, -78, -63, -48, 
-43, -48, -4, 46, -19, -26, 19, -39, -78, -73, -68, -53, 
-53, -73, -19, 63, -17, -46, 14, -43, -82, -73, -78, -58, 
-58, -78, -19, 68, -19, -48, 9, -53, -87, -87, -92, -63, 
-58, -78, -19, 68, -19, -48, 0, -53, -87, -87, -92, -63, 
-58, -68, -9, 63, -24, -39, 9, -53, -78, -73, -82, -63, 
-68, -63, 4, 65, -36, -29, 14, -48, -73, -73, -78, -58, 
-58, -58, 0, 58, -29, -29, 19, -39, -73, -78, -68, -53, 
-43, -48, -4, 46, -19, -26, 14, -39, -78, -73, -68, -48, 
-29, -34, -4, 31, -12, -19, 14, -48, -87, -78, -78, -53, 
-24, -34, -9, 29, -7, -21, 14, -48, -97, -92, -92, -48, 
-9, -29, -19, 19, 4, -24, 19, -43, -92, -92, -97, -53, 
-9, -14, -4, 12, -2, -9, 14, -43, -87, -73, -87, -53, 
-9, -14, -4, 12, -2, -9, 9, -48, -92, -73, -82, -53, 
-14, -24, -9, 19, -2, -17, 4, -53, -87, -68, -82, -53, 
-19, -29, -9, 24, -4, -19, 14, -48, -78, -53, -73, -58, 
-24, -34, -9, 29, -7, -21, 14, -43, -73, -43, -58, -53, 
-34, -43, -9, 39, -12, -26, 4, -48, -78, -53, -68, -58, 
-53, -58, -4, 56, -24, -31, 0, -58, -97, -73, -82, -68, 
-63, -58, 4, 61, -34, -26, 14, -53, -87, -68, -73, -63, 
-34, -34, 0, 34, -17, -17, 14, -53, -82, -68, -68, -53, 
0, -24, -24, 12, 12, -24, 9, -53, -97, -78, -73, -58, 
-9, -39, -29, 24, 9, -34, 4, -58, -107, -97, -87, -68, 
-9, -34, -24, 21, 7, -29, 9, -58, -87, -92, -82, -58, 
19, 4, -14, -12, 17, -4, 19, -48, -82, -82, -82, -43, 
19, 9, -9, -14, 14, 0, 24, -43, -82, -73, -73, -43, 
-14, -24, -9, 19, -2, -17, 9, -53, -87, -73, -78, -53, 
-29, -43, -14, 36, -7, -29, 9, -53, -92, -78, -78, -53, 
-34, -39, -4, 36, -14, -21, 14, -53, -97, -73, -78, -53, 
-43, -43, 0, 43, -21, -21, 0, -53, -102, -82, -82, -58, 
-43, -63, -19, 53, -12, -41, -14, -63, -107, -92, -92, -63, 
-48, -78, -29, 63, -9, -53, -19, -73, -126, -107, -102, -78, 
-73, -78, -4, 75, -34, -41, -19, -73, -126, -107, -102, -78, 
-68, -73, -4, 70, -31, -39, -24, -78, -117, -112, -102, -73, 
-63, -78, -14, 70, -24, -46, -24, -78, -117, -122, -112, -78, 
-68, -82, -14, 75, -26, -48, -24, -82, -122, -122, -112, -73, 
-58, -73, -14, 65, -21, -43, -24, -82, -122, -122, -112, -73, 
-48, -68, -19, 58, -14, -43, -14, -78, -122, -122, -112, -73, 
-53, -87, -34, 70, -9, -61, -24, -82, -131, -126, -122, -68, 
-63, -97, -34, 80, -14, -65, -29, -92, -141, -131, -126, -73, 
-68, -82, -14, 75, -26, -48, -24, -87, -131, -126, -117, -73, 
-63, -78, -14, 70, -24, -46, -9, -78, -126, -112, -112, -78, 
-68, -82, -14, 75, -26, -48, 0, -73, -117, -97, -102, -73, 
-48, -73, -24, 61, -12, -48, -9, -78, -117, -97, -97, -78, 
-14, -48, -34, 31, 9, -41, -19, -82, -117, -102, -97, -82, 
-9, -53, -43, 31, 17, -48, -19, -87, -122, -112, -107, -87, 
-34, -78, -43, 56, 4, -61, -24, -92, -131, -117, -117, -82, 
-29, -73, -43, 51, 7, -58, -29, -97, -141, -122, -117, -87, 
-34, -53, -19, 43, -7, -36, -14, -82, -131, -112, -112, -73, 
-48, -58, -9, 53, -19, -34, -9, -78, -126, -107, -102, -63, 
-29, -58, -29, 43, 0, -43, -9, -82, -126, -117, -102, -63, 
0, -43, -43, 21, 21, -43, 4, -68, -122, -117, -102, -68, 
-9, -39, -29, 24, 9, -34, 9, -68, -112, -112, -92, -58, 
-14, -48, -34, 31, 9, -41, 4, -78, -122, -122, -97, -63, 
0, -39, -39, 19, 19, -39, -19, -92, -136, -131, -112, -73, 
-24, -48, -24, 36, 0, -36, -14, -82, -131, -122, -107, -68, 
-63, -73, -9, 68, -26, -41, -19, -82, -126, -117, -112, -68, 
-82, -87, -4, 85, -39, -46, -14, -87, -126, -117, -112, -73, 
-73, -78, -4, 75, -34, -41, -9, -82, -126, -107, -112, -82, 
-53, -78, -24, 65, -14, -51, -9, -82, -131, -102, -112, -82, 
-29, -68, -39, 48, 4, -53, -19, -92, -131, -102, -112, -87, 
-19, -53, -34, 36, 7, -43, 4, -82, -117, -87, -97, -82, 
-24, -48, -24, 36, 0, -36, 0, -82, -122, -97, -97, -92, 
-43, -63, -19, 53, -12, -41, -19, -97, -136, -117, -112, -92, 
-53, -78, -24, 65, -14, -51, -34, -107, -146, -126, -122, -92, 
-53, -82, -29, 68, -12, -56, -24, -102, -146, -117, -122, -87, 
-73, -92, -19, 82, -26, -56, -29, -102, -141, -126, -126, -92, 
-102, -112, -9, 107, -46, -61, -29, -107, -141, -131, -136, -87, 
-87, -102, -14, 95, -36, -58, -29, -107, -146, -136, -136, -97, 
-53, -82, -29, 68, -12, -56, -29, -107, -151, -126, -126, -92, 
-34, -68, -34, 51, 0, -51, -34, -112, -156, -126, -131, -97, 
-43, -63, -19, 53, -12, -41, -14, -92, -136, -112, -117, -82, 
-39, -58, -19, 48, -9, -39, -9, -82, -131, -112, -107, -78, 
-39, -58, -19, 48, -9, -39, -14, -92, -136, -122, -112, -82, 
-43, -63, -19, 53, -12, -41, -24, -107, -146, -131, -122, -87, 
-48, -73, -24, 61, -12, -48, -24, -107, -151, -136, -126, -82, 
-63, -82, -19, 73, -21, -51, -34, -117, -156, -141, -131, -87, 
-63, -97, -34, 80, -14, -65, -34, -122, -165, -156, -141, -97, 
-48, -82, -34, 65, -7, -58, -34, -117, -165, -151, -141, -92, 
-24, -63, -39, 43, 7, -51, -29, -107, -161, -141, -136, -82, 
-14, -58, -43, 36, 14, -51, -24, -107, -151, -146, -136, -82, 
-24, -78, -53, 51, 14, -65, -24, -112, -165, -161, -151, -87, 
-63, -102, -39, 82, -12, -70, -24, -107, -170, -146, -141, -92, 
-87, -102, -14, 95, -36, -58, -24, -112, -165, -131, -126, -92, 
-73, -92, -19, 82, -26, -56, -34, -117, -156, -126, -131, -112, 
-53, -87, -34, 70, -9, -61, -34, -122, -165, -136, -136, -117, 
-48, -82, -34, 65, -7, -58, -34, -117, -161, -136, -131, -112, 
-53, -87, -34, 70, -9, -61, -34, -126, -170, -146, -136, -107, 
-63, -97, -34, 80, -14, -65, -29, -126, -170, -151, -141, -102, 
-58, -87, -29, 73, -14, -58, -24, -122, -170, -146, -136, -97, 
-43, -63, -19, 53, -12, -41, -19, -122, -165, -136, -122, -87, 
-34, -58, -24, 46, -4, -41, -9, -112, -165, -131, -126, -87, 
-24, -73, -48, 48, 12, -61, -19, -112, -161, -136, -131, -92, 
-9, -68, -58, 39, 24, -63, -24, -117, -161, -136, -136, -87, 
24, -39, -63, 7, 43, -51, -24, -117, -156, -131, -136, -78, 
39, -19, -58, -9, 48, -39, -9, -102, -146, -112, -117, -78, 
24, -24, -48, 0, 36, -36, -9, -102, -136, -107, -112, -78, 
4, -39, -43, 17, 24, -41, -19, -107, -151, -126, -126, -87, 
-9, -43, -34, 26, 12, -39, -19, -107, -156, -131, -131, -97, 
-29, -43, -14, 36, -7, -29, -24, -112, -165, -131, -126, -102, 
-58, -78, -19, 68, -19, -48, -34, -117, -165, -131, -131, -112, 
-78, -107, -29, 92, -24, -68, -29, -122, -165, -122, -136, -117, 
-73, -107, -34, 90, -19, -70, -29, -117, -165, -122, -122, -112, 
-68, -97, -29, 82, -19, -63, -34, -122, -165, -126, -131, -107, 
-82, -107, -24, 95, -29, -65, -39, -126, -165, -141, -141, -107, 
-102, -136, -34, 119, -34, -85, -53, -151, -190, -161, -151, -122, 
-117, -161, -43, 139, -36, -102, -63, -156, -200, -175, -161, -141, 
-97, -146, -48, 122, -24, -97, -53, -151, -195, -165, -156, -136, 
-58, -97, -39, 78, -9, -68, -39, -131, -180, -151, -146, -117, 
-43, -87, -43, 65, 0, -65, -39, -126, -185, -151, -146, -107, 
-68, -107, -39, 87, -14, -73, -43, -136, -185, -161, -156, -117, 
-87, -131, -43, 109, -21, -87, -43, -136, -190, -165, -165, -122, 
-78, -122, -43, 100, -17, -82, -48, -136, -190, -170, -161, -122, 
-68, -112, -43, 90, -12, -78, -53, -146, -195, -170, -156, -122, 
-68, -122, -53, 95, -7, -87, -53, -151, -190, -170, -161, -122, 
-73, -117, -43, 95, -14, -80, -48, -146, -185, -156, -156, -126, 
-53, -92, -39, 73, -7, -65, -43, -131, -175, -146, -146, -122, 
-39, -78, -39, 58, 0, -58, -39, -126, -175, -141, -146, -117, 
-48, -97, -48, 73, 0, -73, -39, -131, -180, -141, -141, -126, 
-82, -122, -39, 102, -21, -80, -39, -136, -190, -146, -141, -131, 
-87, -126, -39, 107, -24, -82, -43, -141, -190, -161, -151, -131, 
-97, -126, -29, 112, -34, -78, -39, -141, -190, -165, -165, -131, 
-97, -126, -29, 112, -34, -78, -43, -141, -200, -175, -175, -136, 
-87, -126, -39, 107, -24, -82, -53, -151, -200, -180, -175, -136, 
-73, -102, -29, 87, -21, -65, -48, -146, -185, -175, -161, -126, 
-53, -82, -29, 68, -12, -56, -43, -146, -185, -170, -156, -112, 
-34, -82, -48, 58, 7, -65, -43, -141, -185, -165, -156, -107, 
-29, -82, -53, 56, 12, -68, -39, -146, -185, -175, -170, -122, 
-24, -82, -58, 53, 17, -70, -39, -146, -185, -175, -170, -131, 
-29, -87, -58, 58, 14, -73, -34, -141, -195, -165, -165, -122, 
-39, -78, -39, 58, 0, -58, -29, -141, -190, -170, -165, -126, 
-48, -78, -29, 63, -9, -53, -29, -141, -185, -180, -165, -122, 
-43, -82, -39, 63, -2, -61, -29, -141, -190, -190, -156, -117, 
-19, -73, -53, 46, 17, -63, -19, -136, -175, -170, -146, -112, 
4, -48, -53, 21, 29, -51, -19, -131, -165, -151, -146, -102, 
0, -43, -43, 21, 21, -43, -14, -126, -161, -146, -146, -92, 
14, -29, -43, 7, 29, -36, -19, -126, -161, -146, -146, -82, 
34, -14, -48, -9, 41, -31, -24, -131, -165, -146, -141, -87, 
4, -48, -53, 21, 29, -51, -29, -141, -185, -161, -161, -112, 
-48, -107, -58, 78, 4, -82, -39, -151, -190, -161, -161, -122, 
-78, -136, -58, 107, -9, -97, -43, -161, -195, -161, -161, -131, 
-102, -151, -48, 126, -26, -100, -43, -156, -200, -175, -170, -136, 
-141, -170, -29, 156, -56, -100, -53, -161, -209, -195, -180, -141, 
-151, -175, -24, 163, -63, -100, -48, -161, -209, -200, -180, -141, 
-117, -151, -34, 134, -41, -92, -34, -146, -185, -190, -170, -131, 
-68, -107, -39, 87, -14, -73, -34, -146, -185, -185, -161, -117, 
-53, -92, -39, 73, -7, -65, -29, -136, -180, -165, -141, -107, 
-48, -87, -39, 68, -4, -63, -14, -122, -170, -141, -131, -112, 
-43, -78, -34, 61, -4, -56, 0, -107, -151, -117, -122, -107, 
-29, -63, -34, 46, 2, -48, 4, -102, -146, -112, -126, -97, 
-14, -53, -39, 34, 12, -46, 14, -97, -141, -122, -126, -97, 
-24, -53, -29, 39, 2, -41, 14, -97, -146, -126, -126, -102, 
-48, -68, -19, 58, -14, -43, 4, -107, -146, -122, -122, -107, 
-63, -82, -19, 73, -21, -51, -9, -112, -151, -117, -126, -112, 
-53, -78, -24, 65, -14, -51, -14, -117, -136, -102, -122, -112, 
-43, -58, -14, 51, -14, -36, 4, -102, -126, -92, -112, -107, 
-43, -43, 0, 43, -21, -21, 19, -87, -112, -87, -102, -87, 
-34, -19, 14, 26, -24, -2, 39, -68, -102, -87, -87, -73, 
-19, -14, 4, 17, -12, -4, 48, -63, -102, -82, -73, -68, 
-24, -19, 4, 21, -14, -7, 53, -58, -107, -87, -82, -73, 
-34, -24, 9, 29, -21, -7, 53, -53, -92, -87, -87, -73, 
-48, -39, 9, 43, -29, -14, 53, -48, -87, -92, -92, -73, 
-53, -68, -14, 61, -19, -41, 29, -63, -97, -102, -107, -78, 
-48, -68, -19, 58, -14, -43, 4, -68, -112, -102, -117, -82, 
-39, -63, -24, 51, -7, -43, -34, -82, -122, -102, -112, -87, 
-39, -73, -34, 56, -2, -53, -58, -87, -122, -102, -107, -87, 
-39, -68, -29, 53, -4, -48, -73, -107, -122, -102, -112, -97, 
-43, -43, 0, 43, -21, -21, -63, -112, -117, -92, -102, -92, 
-39, -29, 9, 34, -24, -9, -58, -117, -122, -87, -92, -78, 
-24, -14, 9, 19, -17, -2, -68, -122, -131, -97, -97, -68, 
-19, -19, 0, 19, -9, -9, -63, -131, -131, -107, -102, -73, 
-9, -29, -19, 19, 4, -24, -68, -146, -151, -126, -122, -87, 
19, -34, -53, 7, 36, -43, -82, -151, -165, -136, -131, -92, 
24, -39, -63, 7, 43, -51, -92, -165, -185, -151, -141, -87, 
9, -53, -63, 21, 36, -58, -97, -185, -195, -161, -146, -92, 
4, -53, -58, 24, 31, -56, -102, -190, -219, -170, -156, -102, 
-9, -58, -48, 34, 19, -53, -102, -209, -239, -185, -161, -107, 
-19, -63, -43, 41, 12, -53, -92, -195, -234, -190, -165, -117, 
0, -58, -58, 29, 29, -58, -78, -175, -219, -165, -151, -107, 
24, -19, -43, -2, 34, -31, -73, -151, -190, -131, -126, -78, 
34, 9, -24, -21, 29, -7, -58, -141, -170, -102, -107, -63, 
9, -14, -24, 2, 17, -19, -58, -136, -170, -112, -117, -73, 
-24, -58, -34, 41, 4, -46, -63, -141, -180, -131, -126, -87, 
-39, -63, -24, 51, -7, -43, -68, -141, -180, -131, -126, -92, 
-34, -53, -19, 43, -7, -36, -68, -136, -170, -122, -112, -82, 
-24, -58, -34, 41, 4, -46, -68, -141, -170, -122, -117, -87, 
-19, -73, -53, 46, 17, -63, -68, -146, -185, -146, -131, -87, 
-43, -87, -43, 65, 0, -65, -39, -126, -175, -146, -131, -87, 
-63, -97, -34, 80, -14, -65, -14, -117, -170, -146, -136, -92, 
-53, -92, -39, 73, -7, -65, -14, -131, -180, -151, -146, -112, 
-14, -73, -58, 43, 21, -65, -19, -146, -190, -161, -151, -112, 
9, -63, -73, 26, 41, -68, -19, -146, -190, -161, -156, -107, 
-14, -78, -63, 46, 24, -70, -24, -151, -200, -180, -161, -112, 
-39, -92, -53, 65, 7, -73, -39, -165, -224, -200, -175, -117, 
-53, -107, -53, 80, 0, -80, -43, -180, -229, -209, -165, -112, 
-68, -107, -39, 87, -14, -73, -43, -170, -219, -190, -161, -107, 
-73, -97, -24, 85, -24, -61, -29, -161, -214, -170, -161, -102, 
-58, -92, -34, 75, -12, -63, -34, -161, -214, -170, -165, -107, 
-43, -92, -48, 68, 2, -70, -39, -161, -214, -161, -161, -112, 
-29, -87, -58, 58, 14, -73, -39, -161, -209, -156, -156, -112, 
-24, -73, -48, 48, 12, -61, -34, -156, -209, -156, -151, -117, 
-34, -73, -39, 53, 2, -56, -39, -161, -214, -165, -156, -126, 
-48, -92, -43, 70, -2, -68, -34, -151, -209, -161, -141, -107, 
-34, -97, -63, 65, 14, -80, -39, -156, -209, -161, -146, -117, 
-34, -97, -63, 65, 14, -80, -39, -151, -195, -165, -141, -122, 
-29, -78, -48, 53, 9, -63, -34, -151, -185, -170, -141, -112, 
-14, -63, -48, 39, 17, -56, -34, -146, -180, -175, -141, -97, 
-9, -63, -53, 36, 21, -58, -39, -151, -195, -175, -146, -97, 
-24, -73, -48, 48, 12, -61, -29, -146, -190, -165, -151, -97, 
-48, -78, -29, 63, -9, -53, -24, -141, -180, -156, -146, -97, 
-68, -87, -19, 78, -24, -53, -24, -141, -180, -156, -141, -97, 
-53, -97, -43, 75, -4, -70, -39, -151, -190, -156, -151, -107, 
-53, -107, -53, 80, 0, -80, -24, -126, -180, -156, -146, -112, 
-53, -122, -68, 87, 7, -95, 9, -87, -161, -146, -146, -122, 
-43, -117, -73, 80, 14, -95, 53, -24, -126, -136, -141, -126, 
-24, -112, -87, 68, 31, -100, 97, 48, -82, -122, -146, -136, 
-39, -131, -92, 85, 26, -112, 156, 117, -24, -102, -131, -136, 
-48, -146, -97, 97, 24, -122, 209, 180, 48, -58, -107, -136, 
-24, -117, -92, 70, 34, -104, 278, 283, 141, 4, -63, -107, 
-14, -87, -73, 51, 29, -80, 375, 448, 258, 58, -19, -82, 
-39, -107, -68, 73, 14, -87, 507, 658, 390, 126, 39, -48, 
-34, -102, -68, 68, 17, -85, 600, 834, 512, 224, 102, 0, 
4, -34, -39, 14, 21, -36, 634, 883, 634, 346, 219, 87, 
24, 48, 24, -36, 0, 36, 610, 819, 732, 488, 351, 204, 
48, 117, 68, -82, -9, 92, 536, 683, 800, 624, 497, 326, 
107, 209, 102, -158, 2, 156, 453, 517, 863, 746, 639, 448, 
156, 307, 151, -231, 2, 229, 322, 346, 946, 897, 795, 590, 
204, 429, 224, -317, -9, 326, 131, 136, 1010, 1078, 980, 751, 
263, 570, 307, -417, -21, 439, -141, -117, 1034, 1220, 1141, 912, 
322, 678, 356, -500, -17, 517, -478, -439, 956, 1229, 1195, 995, 
317, 688, 370, -502, -26, 529, -741, -819, 785, 1112, 1117, 971, 
273, 624, 351, -448, -39, 488, -907, -1098, 575, 893, 951, 873, 
244, 522, 278, -383, -17, 400, -1010, -1249, 326, 614, 736, 732, 
219, 458, 239, -339, -9, 348, -1146, -1449, -39, 283, 473, 570, 
185, 439, 253, -312, -34, 346, -1302, -1751, -478, -29, 204, 419, 
136, 419, 283, -278, -73, 351, -1390, -2010, -902, -307, -39, 263, 
92, 400, 307, -246, -107, 353, -1429, -2127, -1210, -512, -229, 126, 
82, 424, 341, -253, -129, 383, -1429, -2069, -1234, -512, -248, 97, 
97, 429, 331, -263, -117, 380, -1366, -1839, -1005, -346, -141, 151, 
87, 361, 273, -224, -92, 317, -1215, -1537, -810, -263, -97, 141, 
63, 268, 204, -165, -70, 236, -1005, -1278, -717, -283, -136, 73, 
58, 214, 156, -136, -48, 185, -810, -1034, -595, -268, -136, 34, 
48, 170, 122, -109, -36, 146, -649, -800, -458, -195, -97, 34, 
29, 112, 82, -70, -26, 97, -497, -605, -341, -156, -73, 39, 
24, 92, 68, -58, -21, 80, -385, -468, -278, -131, -73, 29, 
43, 97, 53, -70, -4, 75, -283, -341, -195, -87, -43, 34, 
39, 82, 43, -61, -2, 63, -200, -258, -126, -39, -9, 34, 
29, 68, 39, -48, -4, 53, -146, -190, -82, -9, 14, 34, 
14, 63, 48, -39, -17, 56, -97, -141, -53, 9, 24, 34, 
4, 48, 43, -26, -19, 46, -63, -97, -39, 9, 24, 29, 
4, 24, 19, -14, -7, 21, -58, -97, -53, -29, -9, 14, 
-14, -9, 4, 12, -9, -2, -63, -102, -78, -58, -34, 0, 
-53, -29, 24, 41, -39, -2, -63, -92, -78, -53, -29, -14, 
-63, -24, 39, 43, -51, 7, -48, -73, -68, -43, -29, -14, 
-39, -9, 29, 24, -34, 9, -34, -58, -63, -39, -29, -9, 
-24, -14, 9, 19, -17, -2, -9, -39, -48, -29, -29, -9, 
-29, -9, 19, 19, -24, 4, 14, -14, -34, -29, -24, -9, 
0, -9, -9, 4, 4, -9, 24, 9, -24, -39, -29, -14, 
29, 9, -19, -19, 24, -4, 39, 24, -29, -39, -24, -9, 
29, 24, -4, -26, 17, 9, 43, 34, -29, -43, -29, -9, 
9, 24, 14, -17, -2, 19, 43, 43, -24, -39, -29, 0, 
14, 24, 9, -19, 2, 17, 58, 58, 0, -24, -19, 0, 
19, 24, 4, -21, 7, 14, 68, 73, 24, 14, 4, 4, 
-14, 4, 19, 4, -17, 12, 63, 68, 14, 0, -14, -14, 
-24, -24, 0, 24, -12, -12, 58, 58, 0, -14, -19, -24, 
9, -9, -19, 0, 14, -14, 68, 73, 9, 4, -9, -14, 
34, 19, -14, -26, 24, 2, 82, 92, 19, 19, 4, 4, 
0, 4, 4, -2, -2, 4, 92, 107, 34, 19, 0, 9, 
-34, -34, 0, 34, -17, -17, 87, 97, 14, -14, -19, -24, 
-39, -39, 0, 39, -19, -19, 82, 102, 14, -19, -19, -34, 
-34, -39, -4, 36, -14, -21, 73, 97, 24, -24, -19, -29, 
-34, -43, -9, 39, -12, -26, 78, 102, 29, -19, -24, -29, 
-29, -29, 0, 29, -14, -14, 87, 117, 39, 0, -14, -14, 
-29, -19, 9, 24, -19, -4, 92, 122, 48, 14, 0, 4, 
-39, -34, 4, 36, -21, -14, 87, 112, 43, 9, -9, 4, 
-34, -29, 4, 31, -19, -12, 92, 126, 48, 14, 9, 4, 
-9, -9, 0, 9, -4, -4, 97, 141, 58, 24, 24, 9, 
14, 9, -4, -12, 9, 2, 97, 146, 63, 29, 24, 0, 
24, 4, -19, -14, 21, -7, 102, 156, 63, 34, 29, 9, 
24, 4, -19, -14, 21, -7, 107, 165, 73, 39, 34, 19, 
9, 0, -9, -4, 9, -4, 97, 156, 73, 34, 19, 14, 
4, 0, -4, -2, 4, -2, 97, 156, 73, 19, 9, 14, 
14, 19, 4, -17, 4, 12, 92, 161, 82, 19, 19, 34, 
24, 24, 0, -24, 12, 12, 92, 170, 87, 19, 14, 34, 
24, 19, -4, -21, 14, 7, 102, 185, 102, 39, 34, 39, 
9, 9, 0, -9, 4, 4, 102, 190, 107, 58, 43, 34, 
-19, -19, 0, 19, -9, -9, 102, 195, 107, 68, 48, 34, 
-53, -39, 14, 46, -34, -12, 97, 209, 112, 63, 34, 19, 
-63, -48, 14, 56, -39, -17, 97, 209, 102, 58, 29, 9, 
-68, -39, 29, 53, -48, -4, 97, 209, 102, 53, 34, 14, 
-58, -34, 24, 46, -41, -4, 102, 209, 117, 58, 43, 19, 
-19, -19, 0, 19, -9, -9, 107, 219, 131, 73, 53, 24, 
24, 14, -9, -19, 17, 2, 102, 229, 136, 78, 58, 34, 
53, 43, -9, -48, 31, 17, 107, 239, 151, 82, 68, 48, 
63, 53, -9, -58, 36, 21, 117, 253, 165, 97, 82, 63, 
34, 39, 4, -36, 14, 21, 122, 263, 165, 102, 87, 63, 
19, 39, 19, -29, 0, 29, 122, 273, 165, 97, 87, 63, 
29, 53, 24, -41, 2, 39, 131, 283, 175, 107, 87, 73, 
24, 53, 29, -39, -2, 41, 131, 287, 180, 122, 92, 73, 
4, 29, 24, -17, -9, 26, 122, 287, 185, 117, 87, 68, 
0, 14, 14, -7, -7, 14, 112, 283, 185, 112, 87, 58, 
29, 24, -4, -26, 17, 9, 112, 287, 185, 117, 87, 58, 
63, 53, -9, -58, 36, 21, 117, 297, 214, 141, 107, 68, 
78, 87, 9, -82, 34, 48, 122, 307, 229, 156, 122, 82, 
53, 87, 34, -70, 9, 61, 131, 317, 244, 161, 131, 92, 
39, 63, 24, -51, 7, 43, 136, 336, 244, 161, 126, 92, 
39, 58, 19, -48, 9, 39, 136, 346, 248, 156, 141, 97, 
34, 68, 34, -51, 0, 51, 146, 356, 253, 156, 141, 112, 
9, 53, 43, -31, -17, 48, 136, 351, 248, 146, 131, 102, 
19, 53, 34, -36, -7, 43, 136, 361, 258, 136, 136, 107, 
43, 73, 29, -58, 7, 51, 141, 375, 278, 146, 151, 122, 
34, 73, 39, -53, -2, 56, 146, 385, 283, 165, 151, 117, 
19, 68, 48, -43, -14, 58, 141, 395, 292, 195, 161, 117, 
43, 87, 43, -65, 0, 65, 141, 409, 312, 204, 170, 126, 
48, 92, 43, -70, 2, 68, 146, 429, 326, 219, 185, 136, 
24, 68, 43, -46, -9, 56, 151, 448, 331, 234, 180, 131, 
9, 68, 58, -39, -24, 63, 151, 458, 346, 239, 185, 126, 
39, 82, 43, -61, -2, 63, 156, 473, 356, 244, 195, 131, 
43, 97, 53, -70, -4, 75, 170, 497, 375, 258, 224, 146, 
39, 107, 68, -73, -14, 87, 180, 512, 385, 263, 239, 165, 
68, 122, 53, -95, 7, 87, 170, 522, 395, 253, 239, 175, 
102, 136, 34, -119, 34, 85, 161, 527, 395, 239, 229, 170, 
92, 136, 43, -114, 24, 90, 170, 546, 419, 268, 244, 180, 
92, 136, 43, -114, 24, 90, 175, 561, 444, 287, 253, 195, 
78, 131, 53, -104, 12, 92, 175, 570, 448, 297, 263, 209, 
58, 126, 68, -92, -4, 97, 185, 595, 463, 317, 283, 224, 
58, 146, 87, -102, -14, 117, 185, 614, 473, 336, 287, 219, 
63, 141, 78, -102, -7, 109, 195, 629, 488, 346, 297, 214, 
43, 112, 68, -78, -12, 90, 195, 639, 502, 356, 307, 209, 
29, 102, 73, -65, -21, 87, 185, 649, 502, 356, 317, 209, 
34, 117, 82, -75, -24, 100, 190, 668, 527, 375, 336, 234, 
63, 151, 87, -107, -12, 119, 195, 678, 536, 375, 336, 248, 
87, 170, 82, -129, 2, 126, 204, 692, 556, 385, 346, 268, 
97, 190, 92, -143, 2, 141, 209, 712, 566, 385, 361, 278, 
107, 209, 102, -158, 2, 156, 219, 722, 575, 400, 366, 287, 
141, 229, 87, -185, 26, 158, 214, 732, 580, 409, 370, 292, 
175, 248, 73, -212, 51, 161, 209, 736, 580, 400, 370, 297, 
156, 229, 73, -192, 41, 151, 214, 746, 585, 400, 375, 302, 
122, 204, 82, -163, 19, 143, 204, 751, 580, 400, 375, 297, 
117, 195, 78, -156, 19, 136, 209, 756, 590, 414, 385, 307, 
122, 209, 87, -165, 17, 148, 204, 751, 600, 419, 390, 317, 
87, 195, 107, -141, -9, 151, 204, 756, 610, 429, 400, 322, 
68, 195, 126, -131, -29, 161, 190, 761, 610, 448, 409, 317, 
87, 214, 126, -151, -19, 170, 190, 761, 619, 458, 419, 326, 
97, 219, 122, -158, -12, 170, 190, 761, 624, 463, 419, 331, 
97, 224, 126, -161, -14, 175, 204, 775, 629, 463, 424, 336, 
112, 234, 122, -173, -4, 178, 209, 775, 624, 468, 434, 341, 
126, 248, 122, -187, 2, 185, 195, 771, 624, 463, 434, 351, 
131, 248, 117, -190, 7, 183, 195, 761, 619, 468, 434, 346, 
126, 248, 122, -187, 2, 185, 190, 746, 614, 458, 439, 356, 
131, 263, 131, -197, 0, 197, 175, 732, 600, 439, 434, 361, 
161, 273, 112, -217, 24, 192, 161, 707, 585, 429, 429, 361, 
175, 273, 97, -224, 39, 185, 151, 673, 561, 434, 424, 361, 
165, 263, 97, -214, 34, 180, 136, 653, 541, 429, 414, 356, 
151, 258, 107, -204, 21, 183, 126, 629, 536, 424, 400, 346, 
141, 248, 107, -195, 17, 178, 122, 600, 517, 424, 395, 331, 
126, 229, 102, -178, 12, 165, 112, 561, 483, 414, 385, 317, 
117, 224, 107, -170, 4, 165, 97, 522, 453, 375, 366, 302, 
107, 204, 97, -156, 4, 151, 87, 492, 429, 351, 341, 287, 
107, 190, 82, -148, 12, 136, 78, 453, 390, 322, 317, 268, 
102, 185, 82, -143, 9, 134, 73, 414, 366, 312, 307, 258, 
107, 185, 78, -146, 14, 131, 68, 380, 341, 287, 278, 244, 
117, 185, 68, -151, 24, 126, 58, 346, 312, 263, 253, 234, 
117, 175, 58, -146, 29, 117, 53, 312, 287, 244, 234, 214, 
92, 146, 53, -119, 19, 100, 43, 278, 253, 214, 209, 185, 
68, 117, 48, -92, 9, 82, 43, 248, 214, 185, 180, 161, 
48, 87, 39, -68, 4, 63, 29, 209, 170, 151, 156, 131, 
0, 39, 39, -19, -19, 39, 14, 165, 141, 107, 126, 102, 
-29, 9, 39, 9, -34, 24, 4, 141, 126, 87, 102, 92, 
14, 43, 29, -29, -7, 36, 14, 131, 107, 82, 87, 97, 
39, 63, 24, -51, 7, 43, 24, 112, 97, 73, 78, 92, 
19, 24, 4, -21, 7, 14, 19, 92, 73, 53, 58, 63, 
-9, -14, -4, 12, -2, -9, 9, 73, 53, 48, 39, 39, 
-14, -14, 0, 14, -7, -7, 19, 63, 53, 53, 34, 34, 
-19, -24, -4, 21, -7, -14, 9, 43, 34, 39, 14, 19, 
-29, -34, -4, 31, -12, -19, 0, 29, 9, 19, -9, 0, 
-9, -14, -4, 12, -2, -9, 4, 19, -9, 9, -9, -9, 
4, 4, 0, -4, 2, 2, 14, 14, -14, -9, -14, -9, 
-9, -14, -4, 12, -2, -9, 14, 0, -29, -24, -24, -24, 
-19, -34, -14, 26, -2, -24, 19, 4, -34, -29, -34, -34, 
-19, -34, -14, 26, -2, -24, 14, -9, -34, -39, -39, -34, 
-9, -34, -24, 21, 7, -29, 14, -14, -43, -53, -43, -29, 
4, -29, -34, 12, 19, -31, 14, -19, -53, -58, -43, -29, 
14, -19, -34, 2, 24, -26, 14, -29, -58, -58, -48, -34, 
14, -19, -34, 2, 24, -26, 9, -24, -53, -58, -43, -34, 
-9, -29, -19, 19, 4, -24, 14, -29, -58, -58, -53, -34, 
-34, -48, -14, 41, -9, -31, 19, -34, -63, -58, -63, -43, 
-29, -53, -24, 41, -2, -39, 9, -43, -78, -73, -68, -53, 
-9, -48, -39, 29, 14, -43, 9, -43, -78, -58, -68, -58, 
0, -39, -39, 19, 19, -39, 19, -43, -73, -48, -58, -58, 
-19, -43, -24, 31, 2, -34, 19, -43, -68, -48, -58, -63, 
-34, -63, -29, 48, -2, -46, 14, -48, -73, -58, -73, -78, 
-63, -102, -39, 82, -12, -70, -9, -63, -87, -73, -87, -87, 
-97, -136, -39, 117, -29, -87, -19, -87, -102, -82, -102, -97, 
-97, -131, -34, 114, -31, -82, -24, -87, -107, -92, -107, -92, 
-68, -92, -24, 80, -21, -58, 0, -68, -97, -87, -92, -73, 
-34, -63, -29, 48, -2, -46, 4, -58, -92, -87, -78, -58, 
0, -39, -39, 19, 19, -39, 9, -53, -92, -102, -78, -53, 
4, -34, -39, 14, 21, -36, 19, -43, -82, -87, -73, -43, 
-9, -43, -34, 26, 12, -39, 19, -43, -87, -82, -82, -58, 
-19, -53, -34, 36, 7, -43, 14, -53, -87, -73, -82, -68, 
-24, -53, -29, 39, 2, -41, 14, -53, -82, -68, -78, -58, 
-29, -53, -24, 41, -2, -39, 9, -58, -87, -68, -82, -58, 
-29, -63, -34, 46, 2, -48, 0, -68, -97, -78, -92, -73, 
-24, -63, -39, 43, 7, -51, 0, -68, -87, -73, -82, -73, 
-24, -63, -39, 43, 7, -51, 9, -53, -87, -82, -73, -63, 
-24, -63, -39, 43, 7, -51, 14, -58, -92, -102, -78, -63, 
-24, -63, -39, 43, 7, -51, 9, -63, -97, -122, -92, -58, 
-48, -68, -19, 58, -14, -43, 19, -58, -92, -112, -92, -53, 
-39, -53, -14, 46, -12, -34, 24, -48, -87, -107, -87, -43, 
-14, -39, -24, 26, 4, -31, 19, -53, -82, -97, -87, -39, 
-19, -39, -19, 29, 0, -29, 9, -58, -97, -102, -92, -48, 
-58, -73, -14, 65, -21, -43, 9, -58, -92, -87, -92, -63, 
-58, -78, -19, 68, -19, -48, 4, -48, -87, -82, -92, -58, 
-43, -63, -19, 53, -12, -41, 9, -43, -78, -78, -87, -58, 
-34, -43, -9, 39, -12, -26, 19, -34, -78, -87, -78, -48, 
-19, -34, -14, 26, -2, -24, 29, -29, -68, -92, -68, -34, 
19, -9, -29, -4, 24, -19, 34, -24, -68, -92, -63, -29, 
34, 14, -19, -24, 26, -2, 39, -24, -68, -78, -58, -34, 
29, 19, -9, -24, 19, 4, 39, -19, -58, -58, -53, -29, 
34, 9, -24, -21, 29, -7, 39, -19, -48, -43, -58, -34, 
14, -9, -24, -2, 19, -17, 24, -34, -63, -53, -68, -48, 
-43, -48, -4, 46, -19, -26, 14, -48, -78, -63, -73, -68, 
-73, -82, -9, 78, -31, -46, 0, -58, -82, -68, -78, -73, 
-78, -97, -19, 87, -29, -58, 0, -73, -92, -82, -87, -82, 
-102, -122, -19, 112, -41, -70, 0, -68, -97, -92, -92, -87, 
-126, -141, -14, 134, -56, -78, -9, -68, -102, -102, -102, -97, 
-102, -126, -24, 114, -39, -75, 4, -58, -97, -92, -97, -87, 
-68, -97, -29, 82, -19, -63, 24, -43, -87, -78, -78, -63, 
-58, -82, -24, 70, -17, -53, 19, -48, -82, -73, -68, -63, 
-58, -78, -19, 68, -19, -48, 9, -53, -87, -73, -78, -73, 
-78, -97, -19, 87, -29, -58, 0, -53, -82, -63, -78, -82, 
-97, -112, -14, 104, -41, -63, 0, -58, -87, -63, -87, -87, 
-87, -87, 0, 87, -43, -43, 0, -53, -82, -58, -82, -78, 
-58, -58, 0, 58, -29, -29, 14, -34, -78, -53, -68, -58, 
-39, -53, -14, 46, -12, -34, 19, -34, -68, -48, -58, -58, 
-29, -53, -24, 41, -2, -39, 19, -29, -63, -48, -48, -53, 
-9, -39, -29, 24, 9, -34, 19, -29, -63, -43, -48, -63, 
14, -29, -43, 7, 29, -36, 24, -24, -68, -53, -53, -58, 
-9, -39, -29, 24, 9, -34, 19, -34, -78, -73, -68, -58, 
-48, -68, -19, 58, -14, -43, 14, -43, -87, -87, -78, -63, 
-63, -73, -9, 68, -26, -41, 14, -39, -78, -73, -68, -63, 
-53, -63, -9, 58, -21, -36, 4, -48, -78, -68, -68, -58, 
-48, -53, -4, 51, -21, -29, 9, -43, -73, -63, -73, -58, 
-34, -39, -4, 36, -14, -21, 19, -34, -68, -58, -63, -48, 
0, -24, -24, 12, 12, -24, 14, -34, -68, -58, -63, -48, 
9, -24, -34, 7, 21, -29, 4, -39, -82, -68, -68, -43, 
-9, -39, -29, 24, 9, -34, 9, -43, -92, -73, -68, -48, 
-14, -48, -34, 31, 9, -41, 9, -43, -92, -87, -73, -53, 
-9, -48, -39, 29, 14, -43, 9, -48, -87, -92, -78, -63, 
-14, -39, -24, 26, 4, -31, 0, -48, -92, -82, -73, -63, 
-14, -39, -24, 26, 4, -31, 4, -48, -87, -63, -68, -63, 
4, -34, -39, 14, 21, -36, 4, -48, -82, -73, -78, -73, 
4, -29, -34, 12, 19, -31, 4, -53, -82, -73, -78, -68, 
-9, -29, -19, 19, 4, -24, 9, -43, -87, -58, -73, -63, 
0, -24, -24, 12, 12, -24, 24, -34, -78, -43, -63, -53, 
-14, -34, -19, 24, 2, -26, 19, -39, -82, -48, -63, -58, 
-39, -53, -14, 46, -12, -34, 14, -39, -87, -48, -63, -63, 
-39, -63, -24, 51, -7, -43, 9, -39, -82, -58, -73, -73, 
-9, -43, -34, 26, 12, -39, 14, -43, -82, -78, -73, -68, 
19, -24, -43, 2, 31, -34, 9, -39, -87, -87, -73, -58, 
4, -39, -43, 17, 24, -41, 4, -48, -97, -102, -82, -53, 
-39, -73, -34, 56, -2, -53, -19, -73, -122, -126, -107, -78, 
-68, -92, -24, 80, -21, -58, -19, -82, -126, -131, -117, -82, 
-73, -82, -9, 78, -31, -46, -24, -82, -131, -122, -112, -87, 
-73, -82, -9, 78, -31, -46, -24, -87, -126, -112, -102, -82, 
-78, -97, -19, 87, -29, -58, -19, -87, -126, -97, -107, -87, 
-82, -107, -24, 95, -29, -65, -19, -82, -126, -102, -107, -87, 
-63, -82, -19, 73, -21, -51, -14, -68, -112, -97, -97, -73, 
-53, -53, 0, 53, -26, -26, 0, -58, -112, -97, -73, -63, 
-48, -63, -14, 56, -17, -39, 0, -68, -117, -97, -82, -68, 
-39, -78, -39, 58, 0, -58, -14, -82, -136, -102, -92, -87, 
-29, -82, -53, 56, 12, -68, -34, -92, -141, -97, -102, -97, 
-53, -87, -34, 70, -9, -61, -43, -97, -141, -112, -97, -112, 
-53, -92, -39, 73, -7, -65, -34, -92, -136, -112, -97, -107, 
-29, -63, -34, 46, 2, -48, -9, -73, -122, -87, -82, -87, 
0, -39, -39, 19, 19, -39, 0, -68, -117, -78, -73, -68, 
0, -48, -48, 24, 24, -48, 4, -73, -122, -92, -73, -68, 
-9, -58, -48, 34, 19, -53, 0, -68, -126, -107, -92, -73, 
-34, -73, -39, 53, 2, -56, 0, -73, -131, -107, -97, -82, 
-43, -87, -43, 65, 0, -65, -24, -92, -141, -117, -112, -92, 
-43, -78, -34, 61, -4, -56, -24, -97, -141, -122, -126, -92, 
-24, -63, -39, 43, 7, -51, -19, -92, -131, -117, -122, -82, 
-29, -68, -39, 48, 4, -53, -19, -92, -131, -122, -117, -82, 
-34, -68, -34, 51, 0, -51, -19, -92, -136, -112, -117, -78, 
-39, -68, -29, 53, -4, -48, -24, -92, -146, -112, -117, -92, 
-53, -92, -39, 73, -7, -65, -34, -107, -156, -117, -126, -107, 
-73, -122, -48, 97, -12, -85, -34, -102, -156, -122, -122, -112, 
-39, -92, -53, 65, 7, -73, -24, -92, -141, -112, -117, -102, 
-9, -58, -48, 34, 19, -53, -14, -78, -136, -92, -97, -97, 
-19, -68, -48, 43, 14, -58, -29, -92, -146, -92, -97, -107, 
-48, -97, -48, 73, 0, -73, -34, -102, -146, -97, -97, -122, 
-53, -102, -48, 78, -2, -75, -29, -102, -141, -107, -102, -117, 
-58, -78, -19, 68, -19, -48, -19, -92, -131, -107, -102, -102, 
-43, -53, -9, 48, -17, -31, -24, -87, -136, -112, -97, -82, 
-29, -34, -4, 31, -12, -19, -14, -82, -136, -107, -92, -73, 
0, -43, -43, 21, 21, -43, -14, -82, -136, -112, -102, -78, 
9, -53, -63, 21, 36, -58, -9, -82, -146, -122, -112, -82, 
9, -48, -58, 19, 34, -53, -19, -87, -151, -126, -117, -87, 
0, -53, -53, 26, 26, -53, -19, -97, -146, -117, -117, -87, 
-14, -63, -48, 39, 17, -56, -29, -107, -151, -126, -117, -87, 
-39, -73, -34, 56, -2, -53, -19, -102, -151, -131, -122, -92, 
-63, -87, -24, 75, -19, -56, -29, -107, -151, -131, -131, -107, 
-73, -97, -24, 85, -24, -61, -39, -117, -165, -136, -131, -117, 
-63, -92, -29, 78, -17, -61, -48, -117, -175, -136, -136, -112, 
-68, -92, -24, 80, -21, -58, -39, -112, -170, -136, -141, -117, 
-68, -107, -39, 87, -14, -73, -43, -122, -170, -131, -141, -126, 
-53, -107, -53, 80, 0, -80, -48, -131, -180, -141, -141, -126, 
-34, -97, -63, 65, 14, -80, -39, -126, -185, -151, -136, -122, 
-34, -87, -53, 61, 9, -70, -39, -122, -180, -161, -131, -112, 
-43, -97, -53, 70, 4, -75, -53, -131, -185, -175, -136, -102, 
-58, -102, -43, 80, -7, -73, -48, -126, -190, -175, -136, -102, 
-53, -82, -29, 68, -12, -56, -43, -131, -190, -165, -146, -107, 
-48, -82, -34, 65, -7, -58, -48, -131, -190, -161, -146, -102, 
-48, -92, -43, 70, -2, -68, -48, -131, -185, -151, -141, -107, 
-39, -73, -34, 56, -2, -53, -34, -126, -175, -131, -131, -117, 
-29, -68, -39, 48, 4, -53, -34, -126, -170, -107, -122, -117, 
-39, -92, -53, 65, 7, -73, -39, -126, -170, -117, -126, -117, 
-48, -97, -48, 73, 0, -73, -39, -126, -175, -136, -136, -107, 
-58, -92, -34, 75, -12, -63, -39, -131, -185, -146, -141, -117, 
-43, -87, -43, 65, 0, -65, -43, -131, -185, -136, -131, -112, 
-19, -68, -48, 43, 14, -58, -43, -126, -180, -131, -126, -102, 
-24, -78, -53, 51, 14, -65, -48, -131, -180, -141, -141, -112, 
-68, -122, -53, 95, -7, -87, -58, -151, -190, -151, -156, -136, 
-78, -117, -39, 97, -19, -78, -58, -151, -190, -151, -146, -126, 
-34, -73, -39, 53, 2, -56, -39, -131, -180, -131, -131, -112, 
-14, -68, -53, 41, 19, -61, -43, -141, -185, -131, -131, -117, 
-48, -102, -53, 75, 2, -78, -48, -141, -190, -146, -136, -131, 
-73, -112, -39, 92, -17, -75, -39, -136, -190, -146, -136, -131, 
-63, -92, -29, 78, -17, -61, -43, -136, -195, -156, -136, -126, 
-39, -82, -43, 61, 2, -63, -39, -136, -190, -165, -136, -107, 
0, -48, -48, 24, 24, -48, -29, -131, -180, -170, -131, -87, 
19, -14, -34, -2, 26, -24, -19, -122, -170, -151, -122, -78, 
-9, -19, -9, 14, 0, -14, -24, -126, -170, -151, -122, -82, 
-43, -68, -24, 56, -9, -46, -29, -141, -175, -175, -136, -97, 
-53, -97, -43, 75, -4, -70, -53, -156, -200, -195, -170, -122, 
-53, -97, -43, 75, -4, -70, -58, -165, -214, -195, -170, -122, 
-58, -92, -34, 75, -12, -63, -43, -156, -209, -180, -156, -112, 
-63, -97, -34, 80, -14, -65, -34, -141, -200, -165, -156, -107, 
-58, -87, -29, 73, -14, -58, -39, -136, -190, -136, -146, -107, 
-48, -73, -24, 61, -12, -48, -34, -131, -175, -122, -126, -97, 
-39, -68, -29, 53, -4, -48, -24, -126, -175, -126, -117, -97, 
-14, -73, -58, 43, 21, -65, -39, -151, -195, -156, -136, -126, 
9, -63, -73, 26, 41, -68, -43, -156, -195, -165, -146, -126, 
24, -39, -63, 7, 43, -51, -34, -146, -180, -151, -131, -107, 
9, -43, -53, 17, 31, -48, -29, -141, -180, -136, -136, -102, 
-24, -82, -58, 53, 17, -70, -43, -156, -200, -156, -151, -122, 
-53, -102, -48, 78, -2, -75, -48, -156, -195, -156, -156, -136, 
-68, -107, -39, 87, -14, -73, -39, -151, -195, -151, -151, -131, 
-87, -117, -29, 102, -29, -73, -34, -141, -185, -146, -156, -122, 
-97, -112, -14, 104, -41, -63, -43, -151, -190, -170, -161, -117, 
-97, -117, -19, 107, -39, -68, -39, -156, -195, -209, -170, -112, 
-92, -126, -34, 109, -29, -80, -39, -165, -214, -239, -180, -117, 
-102, -136, -34, 119, -34, -85, -53, -170, -224, -244, -190, -122, 
-82, -126, -43, 104, -19, -85, -63, -180, -224, -224, -195, -122, 
-48, -107, -58, 78, 4, -82, -58, -170, -214, -195, -185, -117, 
-43, -107, -63, 75, 9, -85, -53, -161, -214, -170, -180, -117, 
-53, -112, -58, 82, 2, -85, -43, -161, -209, -161, -165, -131, 
-43, -97, -53, 70, 4, -75, -34, -161, -195, -146, -151, -136, 
-68, -117, -48, 92, -9, -82, -43, -161, -195, -146, -151, -141, 
-97, -151, -53, 124, -21, -102, -58, -180, -214, -170, -165, -151, 
-97, -151, -53, 124, -21, -102, -48, -180, -219, -180, -161, -146, 
-92, -136, -43, 114, -24, -90, -43, -170, -209, -170, -146, -136, 
-102, -136, -34, 119, -34, -85, -53, -165, -209, -175, -151, -136, 
-97, -141, -43, 119, -26, -92, -58, -175, -214, -185, -161, -141, 
-87, -136, -48, 112, -19, -92, -43, -170, -219, -209, -165, -131, 
-68, -117, -48, 92, -9, -82, -39, -170, -209, -214, -170, -122, 
-48, -102, -53, 75, 2, -78, -34, -161, -200, -200, -165, -122, 
-39, -102, -63, 70, 12, -82, -24, -161, -214, -180, -161, -117, 
-39, -97, -58, 68, 9, -78, -14, -151, -200, -151, -146, -117, 
-29, -82, -53, 56, 12, -68, -24, -146, -180, -126, -141, -122, 
-34, -82, -48, 58, 7, -65, -9, -131, -165, -117, -131, -122, 
-58, -87, -29, 73, -14, -58, 9, -117, -161, -107, -122, -122, 
-73, -78, -4, 75, -34, -41, 14, -117, -146, -112, -112, -117, 
-58, -63, -4, 61, -26, -34, 19, -112, -136, -107, -112, -102, 
-39, -48, -9, 43, -14, -29, 19, -102, -141, -112, -107, -92, 
-39, -43, -4, 41, -17, -24, 14, -97, -141, -112, -102, -87, 
-29, -39, -9, 34, -9, -24, 14, -107, -136, -112, -97, -92, 
0, -29, -29, 14, 14, -29, 24, -97, -131, -97, -92, -82, 
4, -14, -19, 4, 12, -17, 24, -92, -131, -97, -87, -78, 
-19, -14, 4, 17, -12, -4, 34, -87, -122, -97, -82, -68, 
-34, -24, 9, 29, -21, -7, 43, -78, -107, -107, -92, -63, 
-43, -43, 0, 43, -21, -21, 39, -82, -117, -122, -107, -73, 
-53, -73, -19, 63, -17, -46, 29, -82, -112, -126, -107, -73, 
-58, -82, -24, 70, -17, -53, 29, -82, -117, -122, -112, -78, 
-53, -68, -14, 61, -19, -41, 24, -78, -122, -122, -122, -87, 
-39, -53, -14, 46, -12, -34, 14, -73, -117, -107, -122, -82, 
-24, -39, -14, 31, -4, -26, -14, -82, -122, -102, -107, -78, 
-24, -43, -19, 34, -2, -31, -34, -82, -126, -97, -107, -82, 
-34, -53, -19, 43, -7, -36, -63, -97, -136, -102, -107, -87, 
-29, -58, -29, 43, 0, -43, -78, -122, -136, -102, -102, -87, 
0, -34, -34, 17, 17, -34, -78, -126, -126, -92, -97, -87, 
39, 19, -19, -29, 29, 0, -63, -126, -122, -82, -97, -73, 
53, 48, -4, -51, 29, 21, -63, -131, -122, -82, -92, -68, 
24, 34, 9, -29, 7, 21, -73, -141, -131, -92, -92, -68, 
9, 19, 9, -14, 0, 14, -73, -146, -146, -102, -92, -78, 
14, 4, -9, -9, 12, -2, -87, -170, -175, -131, -117, -87, 
-19, -43, -24, 31, 2, -34, -107, -190, -219, -170, -151, -107, 
-48, -82, -34, 65, -7, -58, -112, -209, -239, -190, -170, -117, 
-29, -73, -43, 51, 7, -58, -107, -219, -244, -195, -170, -117, 
4, -53, -58, 24, 31, -56, -102, -229, -248, -209, -175, -117, 
0, -68, -68, 34, 34, -68, -92, -224, -248, -224, -190, -117, 
-14, -68, -53, 41, 19, -61, -92, -209, -239, -224, -170, -107, 
-9, -48, -39, 29, 14, -43, -82, -180, -219, -190, -146, -82, 
14, -24, -39, 4, 26, -31, -78, -170, -200, -165, -131, -82, 
29, -9, -39, -9, 34, -24, -58, -156, -185, -146, -126, -78, 
34, 0, -34, -17, 34, -17, -53, -146, -175, -126, -122, -78, 
19, -14, -34, -2, 26, -24, -68, -151, -180, -122, -112, -78, 
-14, -34, -19, 24, 2, -26, -78, -170, -195, -122, -117, -87, 
-29, -53, -24, 41, -2, -39, -92, -175, -209, -131, -131, -97, 
-24, -53, -29, 39, 2, -41, -78, -161, -195, -136, -131, -102, 
0, -34, -34, 17, 17, -34, -43, -136, -180, -126, -112, -97, 
4, -39, -43, 17, 24, -41, -19, -126, -180, -131, -122, -102, 
-29, -78, -48, 53, 9, -63, -29, -151, -200, -151, -146, -117, 
-48, -97, -48, 73, 0, -73, -43, -175, -224, -180, -170, -131, 
-58, -97, -39, 78, -9, -68, -48, -180, -224, -185, -165, -126, 
-68, -107, -39, 87, -14, -73, -63, -195, -234, -195, -180, -136, 
-78, -117, -39, 97, -19, -78, -73, -200, -244, -200, -185, -131, 
-73, -107, -34, 90, -19, -70, -63, -195, -239, -195, -170, -126, 
-43, -82, -39, 63, -2, -61, -53, -190, -234, -185, -165, -126, 
-34, -68, -34, 51, 0, -51, -53, -185, -229, -175, -161, -126, 
-39, -82, -43, 61, 2, -63, -58, -190, -234, -170, -161, -131, 
-48, -107, -58, 78, 4, -82, -73, -209, -244, -175, -170, -151, 
-63, -117, -53, 90, -4, -85, -68, -209, -239, -170, -170, -156, 
-48, -92, -43, 70, -2, -68, -58, -190, -234, -165, -161, -151, 
-29, -58, -29, 43, 0, -43, -39, -165, -214, -156, -136, -112, 
-19, -43, -24, 31, 2, -34, -29, -151, -195, -151, -131, -102, 
0, -34, -34, 17, 17, -34, -24, -151, -190, -161, -136, -102, 
9, -39, -48, 14, 29, -43, -34, -165, -209, -175, -141, -107, 
-9, -53, -43, 31, 17, -48, -43, -170, -219, -180, -156, -117, 
-29, -78, -48, 53, 9, -63, -48, -170, -219, -190, -165, -122, 
-34, -82, -48, 58, 7, -65, -48, -170, -219, -200, -170, -122, 
-39, -82, -43, 61, 2, -63, -43, -165, -214, -185, -165, -117, 
-53, -82, -29, 68, -12, -56, -48, -165, -219, -175, -156, -117, 
-78, -87, -9, 82, -34, -48, -48, -165, -219, -165, -151, -107, 
-78, -87, -9, 82, -34, -48, -39, -156, -195, -161, -146, -107, 
-78, -92, -14, 85, -31, -53, -19, -136, -180, -165, -146, -112, 
-53, -87, -34, 70, -9, -61, 9, -102, -170, -185, -161, -126, 
-29, -78, -48, 53, 9, -63, 58, -34, -146, -165, -161, -117, 
-39, -82, -43, 61, 2, -63, 107, 39, -92, -136, -146, -122, 
-63, -102, -39, 82, -12, -70, 156, 97, -39, -97, -136, -126, 
-58, -102, -43, 80, -7, -73, 195, 156, 29, -63, -122, -122, 
-43, -82, -39, 63, -2, -61, 258, 258, 117, -9, -82, -102, 
-53, -87, -34, 70, -9, -61, 336, 395, 224, 39, -39, -97, 
-73, -122, -48, 97, -12, -85, 468, 614, 346, 107, 14, -68, 
-53, -107, -53, 80, 0, -80, 566, 795, 468, 195, 82, -24, 
-14, -39, -24, 26, 4, -31, 624, 902, 595, 322, 209, 82, 
24, 48, 24, -36, 0, 36, 619, 912, 732, 468, 351, 204, 
78, 136, 58, -107, 9, 97, 580, 873, 849, 624, 512, 336, 
141, 234, 92, -187, 24, 163, 507, 756, 917, 756, 653, 463, 
165, 312, 146, -239, 9, 229, 370, 570, 966, 883, 785, 590, 
170, 385, 214, -278, -21, 300, 190, 312, 1010, 1019, 932, 727, 
214, 502, 287, -358, -36, 395, -68, 14, 990, 1132, 1073, 863, 
292, 610, 317, -451, -12, 463, -400, -351, 878, 1117, 1112, 936, 
317, 649, 331, -483, -7, 490, -683, -761, 697, 990, 1029, 912, 
292, 619, 326, -456, -17, 473, -839, -1093, 517, 814, 888, 834, 
287, 570, 283, -429, 2, 427, -946, -1278, 287, 570, 688, 702, 
278, 517, 239, -397, 19, 378, -1078, -1459, -43, 273, 434, 541, 
224, 473, 248, -348, -12, 361, -1210, -1751, -429, -19, 170, 380, 
151, 448, 297, -300, -73, 373, -1327, -2049, -849, -292, -63, 219, 
107, 419, 312, -263, -102, 366, -1390, -2200, -1176, -497, -244, 87, 
82, 424, 341, -253, -129, 383, -1420, -2166, -1229, -507, -273, 48, 
97, 444, 346, -270, -124, 395, -1385, -1952, -1015, -366, -170, 97, 
112, 409, 297, -261, -92, 353, -1239, -1644, -819, -268, -107, 126, 
112, 331, 219, -222, -53, 275, -1034, -1351, -712, -278, -131, 73, 
107, 283, 175, -195, -34, 229, -829, -1098, -600, -248, -136, 39, 
107, 258, 151, -183, -21, 204, -649, -844, -453, -180, -92, 48, 
102, 214, 112, -158, -4, 163, -492, -629, -346, -151, -68, 48, 
78, 161, 82, -119, -2, 122, -370, -473, -287, -146, -63, 39, 
43, 122, 78, -82, -17, 100, -283, -370, -234, -112, -53, 19, 
14, 82, 68, -48, -26, 75, -209, -292, -165, -58, -34, 24, 
4, 73, 68, -39, -31, 70, -161, -234, -122, -34, -19, 24, 
9, 73, 63, -41, -26, 68, -107, -175, -97, -29, 0, 29, 
9, 63, 53, -36, -21, 58, -58, -131, -73, -24, 0, 19, 
4, 53, 48, -29, -21, 51, -43, -107, -63, -39, -9, 9, 
4, 48, 43, -26, -19, 46, -43, -97, -58, -58, -19, 9, 
4, 48, 43, -26, -19, 46, -34, -82, -73, -63, -24, 14, 
4, 43, 39, -24, -17, 41, -24, -68, -73, -58, -29, 4, 
-9, 34, 43, -12, -26, 39, -9, -43, -58, -39, -29, 4, 
-19, 19, 39, 0, -29, 29, 4, -34, -68, -29, -43, -14, 
-24, 4, 29, 9, -26, 17, 14, -29, -63, -34, -53, -29, 
-24, 9, 34, 7, -29, 21, 29, -9, -53, -48, -48, -34, 
-14, 24, 39, -4, -26, 31, 48, 19, -39, -34, -39, -34, 
-9, 24, 34, -7, -21, 29, 48, 24, -39, -34, -34, -39, 
-29, 4, 34, 12, -31, 19, 34, 19, -39, -48, -39, -39, 
-43, -34, 9, 39, -26, -12, 39, 24, -48, -63, -48, -34, 
-53, -43, 9, 48, -31, -17, 48, 29, -39, -53, -48, -43, 
-43, -24, 19, 34, -31, -2, 53, 34, -29, -48, -43, -34, 
-29, 0, 29, 14, -29, 14, 63, 58, -14, -43, -29, -14, 
-19, -9, 9, 14, -14, 0, 78, 73, -9, -29, -24, -9, 
-19, 9, 29, 4, -24, 19, 82, 78, -9, -14, -19, 0, 
-19, 14, 34, 2, -26, 24, 87, 87, 4, 0, -9, 0, 
-19, 0, 19, 9, -19, 9, 87, 92, 14, 19, 9, -9, 
-14, -14, 0, 14, -7, -7, 82, 92, 14, 19, 4, -24, 
-9, -9, 0, 9, -4, -4, 87, 102, 24, 24, 0, -29, 
4, 9, 4, -7, 0, 7, 92, 107, 39, 34, 4, -24, 
-9, 9, 19, 0, -14, 14, 97, 112, 48, 39, 24, 0, 
-48, -34, 14, 41, -31, -9, 87, 107, 34, 19, 9, -14, 
-82, -73, 9, 78, -46, -31, 78, 102, 24, 4, -9, -29, 
-68, -73, -4, 70, -31, -39, 82, 107, 19, 4, -9, -29, 
-39, -34, 4, 36, -21, -14, 97, 122, 34, 19, 4, -14, 
-34, -19, 14, 26, -24, -2, 102, 131, 48, 24, 9, 0, 
-34, -24, 9, 29, -21, -7, 102, 141, 58, 24, 14, 4, 
-29, -24, 4, 26, -17, -9, 92, 136, 53, 14, 14, -9, 
-34, -24, 9, 29, -21, -7, 82, 136, 53, 14, 9, -14, 
-43, -29, 14, 36, -29, -7, 82, 141, 58, 14, 9, -14, 
-34, -9, 24, 21, -29, 7, 87, 151, 68, 29, 24, 4, 
-19, 14, 34, 2, -26, 24, 92, 165, 78, 34, 29, 9, 
-19, 19, 39, 0, -29, 29, 102, 175, 92, 39, 39, 24, 
4, 29, 24, -17, -9, 26, 122, 190, 97, 43, 53, 43, 
43, 43, 0, -43, 21, 21, 122, 190, 92, 43, 53, 48, 
39, 34, -4, -36, 21, 14, 126, 195, 97, 48, 53, 53, 
14, 14, 0, -14, 7, 7, 122, 204, 107, 48, 53, 53, 
4, 4, 0, -4, 2, 2, 117, 204, 112, 48, 53, 58, 
24, 9, -14, -17, 19, -2, 92, 185, 102, 34, 43, 48, 
34, 14, -19, -24, 26, -2, 97, 190, 107, 39, 48, 48, 
29, 29, 0, -29, 14, 14, 107, 204, 117, 58, 53, 53, 
24, 53, 29, -39, -2, 41, 112, 219, 131, 87, 68, 58, 
19, 73, 53, -46, -17, 63, 122, 239, 156, 122, 87, 63, 
0, 68, 68, -34, -34, 68, 136, 258, 170, 136, 97, 68, 
-9, 43, 53, -17, -31, 48, 126, 248, 161, 117, 78, 53, 
-19, 14, 34, 2, -26, 24, 117, 244, 151, 87, 63, 48, 
-24, 4, 29, 9, -26, 17, 107, 244, 146, 73, 68, 53, 
-14, 14, 29, 0, -21, 21, 107, 248, 151, 73, 78, 58, 
0, 14, 14, -7, -7, 14, 112, 253, 161, 78, 78, 63, 
0, 24, 24, -12, -12, 24, 107, 258, 170, 78, 73, 68, 
9, 43, 34, -26, -12, 39, 112, 268, 180, 92, 82, 78, 
24, 68, 43, -46, -9, 56, 122, 287, 204, 107, 102, 92, 
29, 73, 43, -51, -7, 58, 126, 307, 214, 112, 122, 97, 
24, 63, 39, -43, -7, 51, 122, 317, 214, 126, 122, 92, 
14, 48, 34, -31, -9, 41, 122, 322, 219, 141, 126, 87, 
4, 34, 29, -19, -12, 31, 126, 331, 229, 146, 122, 87, 
4, 34, 29, -19, -12, 31, 122, 336, 239, 161, 131, 92, 
19, 53, 34, -36, -7, 43, 117, 341, 239, 175, 136, 87, 
29, 68, 39, -48, -4, 53, 122, 351, 258, 180, 151, 102, 
24, 68, 43, -46, -9, 56, 131, 375, 283, 195, 161, 117, 
9, 58, 48, -34, -19, 53, 131, 375, 287, 190, 161, 112, 
9, 63, 53, -36, -21, 58, 126, 385, 292, 195, 165, 112, 
29, 78, 48, -53, -9, 63, 136, 414, 312, 214, 180, 136, 
43, 92, 48, -68, -2, 70, 146, 439, 322, 224, 185, 141, 
43, 92, 48, -68, -2, 70, 151, 448, 331, 229, 190, 146, 
53, 87, 34, -70, 9, 61, 146, 453, 336, 214, 180, 136, 
68, 92, 24, -80, 21, 58, 156, 478, 351, 224, 195, 151, 
78, 126, 48, -102, 14, 87, 156, 488, 366, 239, 209, 161, 
78, 131, 53, -104, 12, 92, 151, 488, 375, 248, 214, 170, 
73, 117, 43, -95, 14, 80, 156, 507, 390, 258, 219, 175, 
78, 112, 34, -95, 21, 73, 165, 522, 400, 268, 234, 180, 
87, 131, 43, -109, 21, 87, 165, 536, 419, 283, 244, 185, 
87, 136, 48, -112, 19, 92, 170, 561, 439, 292, 258, 204, 
82, 136, 53, -109, 14, 95, 180, 585, 453, 307, 278, 224, 
68, 141, 73, -104, -2, 107, 185, 600, 463, 317, 283, 229, 
29, 136, 107, -82, -39, 122, 190, 619, 483, 326, 287, 229, 
19, 117, 97, -68, -39, 107, 190, 629, 492, 331, 292, 234, 
48, 117, 68, -82, -9, 92, 180, 634, 497, 331, 297, 234, 
78, 136, 58, -107, 9, 97, 180, 639, 507, 346, 307, 244, 
92, 151, 58, -122, 17, 104, 180, 653, 522, 356, 312, 244, 
97, 165, 68, -131, 14, 117, 185, 673, 531, 366, 331, 258, 
107, 185, 78, -146, 14, 131, 195, 683, 546, 375, 341, 273, 
82, 185, 102, -134, -9, 143, 204, 697, 556, 385, 356, 292, 
68, 175, 107, -122, -19, 141, 204, 712, 566, 390, 356, 297, 
82, 195, 112, -139, -14, 153, 204, 717, 566, 400, 366, 302, 
102, 209, 107, -156, -2, 158, 204, 732, 575, 409, 375, 307, 
112, 204, 92, -158, 9, 148, 204, 741, 580, 414, 375, 312, 
126, 190, 63, -158, 31, 126, 209, 746, 590, 419, 375, 322, 
131, 195, 63, -163, 34, 129, 214, 751, 610, 434, 395, 336, 
117, 204, 87, -161, 14, 146, 190, 746, 600, 434, 395, 341, 
102, 224, 122, -163, -9, 173, 180, 736, 590, 419, 390, 331, 
102, 229, 126, -165, -12, 178, 180, 741, 600, 424, 395, 331, 
102, 219, 117, -161, -7, 168, 180, 741, 600, 424, 400, 341, 
117, 214, 97, -165, 9, 156, 170, 741, 585, 400, 395, 336, 
141, 234, 92, -187, 24, 163, 170, 732, 575, 385, 390, 341, 
156, 248, 92, -202, 31, 170, 170, 732, 570, 380, 390, 351, 
151, 253, 102, -202, 24, 178, 165, 727, 566, 385, 390, 361, 
156, 258, 102, -207, 26, 180, 156, 712, 561, 400, 395, 366, 
165, 263, 97, -214, 34, 180, 151, 692, 561, 414, 395, 366, 
141, 239, 97, -190, 21, 168, 141, 673, 556, 414, 390, 356, 
107, 214, 107, -161, 0, 161, 131, 644, 536, 414, 390, 346, 
97, 204, 107, -151, -4, 156, 122, 619, 522, 414, 380, 331, 
97, 209, 112, -153, -7, 161, 107, 590, 497, 395, 375, 326, 
87, 190, 102, -139, -7, 146, 87, 556, 473, 380, 366, 317, 
82, 185, 102, -134, -9, 143, 78, 517, 448, 361, 351, 302, 
92, 190, 97, -141, -2, 143, 73, 488, 434, 341, 336, 292, 
92, 180, 87, -136, 2, 134, 68, 458, 409, 331, 317, 278, 
78, 165, 87, -122, -4, 126, 48, 414, 370, 317, 292, 258, 
73, 156, 82, -114, -4, 119, 34, 375, 351, 287, 273, 234, 
82, 146, 63, -114, 9, 104, 29, 341, 322, 268, 253, 214, 
78, 136, 58, -107, 9, 97, 24, 307, 292, 253, 229, 195, 
68, 117, 48, -92, 9, 82, 19, 278, 263, 224, 204, 175, 
53, 92, 39, -73, 7, 65, 14, 248, 229, 204, 180, 161, 
34, 68, 34, -51, 0, 51, 4, 214, 204, 175, 161, 141, 
14, 48, 34, -31, -9, 41, 0, 180, 170, 146, 141, 117, 
19, 39, 19, -29, 0, 29, 0, 161, 146, 126, 117, 107, 
29, 19, -9, -24, 19, 4, 19, 151, 136, 122, 102, 102, 
24, 9, -14, -17, 19, -2, 19, 131, 112, 102, 82, 82, 
14, -14, -29, 0, 21, -21, 14, 102, 87, 78, 63, 63, 
19, 9, -9, -14, 14, 0, 14, 82, 73, 58, 48, 53, 
24, 24, 0, -24, 12, 12, 34, 78, 73, 58, 53, 68, 
4, 19, 14, -12, -4, 17, 43, 78, 68, 58, 53, 68, 
0, 19, 19, -9, -9, 19, 43, 63, 43, 39, 29, 53, 
19, 29, 9, -24, 4, 19, 34, 43, 24, 19, 14, 39, 
39, 24, -14, -31, 26, 4, 29, 29, 14, 9, 4, 34, 
53, 14, -39, -34, 46, -12, 29, 9, 0, -14, -14, 19, 
48, 19, -29, -34, 39, -4, 24, 0, -19, -24, -29, 4, 
53, 29, -24, -41, 39, 2, 24, -9, -24, -24, -39, 0, 
58, 29, -29, -43, 43, 0, 24, -9, -14, -19, -34, 9, 
58, 39, -19, -48, 39, 9, 24, -19, -19, -24, -39, 4, 
39, 48, 9, -43, 14, 29, 24, -24, -29, -34, -39, 0, 
24, 39, 14, -31, 4, 26, 19, -29, -39, -43, -48, -14, 
34, 29, -4, -31, 19, 12, 4, -43, -58, -53, -68, -24, 
39, 19, -19, -29, 29, 0, 0, -53, -63, -58, -73, -29, 
19, 0, -19, -9, 19, -9, 0, -53, -68, -58, -68, -34, 
-14, -39, -24, 26, 4, -31, 4, -58, -73, -73, -82, -43, 
-39, -48, -9, 43, -14, -29, 4, -58, -73, -73, -82, -48, 
-34, -43, -9, 39, -12, -26, 4, -63, -78, -73, -82, -43, 
-24, -39, -14, 31, -4, -26, -9, -68, -78, -82, -87, -48, 
-19, -39, -19, 29, 0, -29, 4, -63, -73, -87, -82, -43, 
-9, -29, -19, 19, 4, -24, 4, -63, -68, -92, -78, -43, 
0, -29, -29, 14, 14, -29, 4, -63, -73, -97, -82, -39, 
4, -29, -34, 12, 19, -31, 14, -53, -73, -82, -78, -34, 
0, -24, -24, 12, 12, -24, 19, -43, -68, -68, -68, -29, 
-19, -29, -9, 24, -4, -19, 24, -48, -73, -63, -68, -34, 
-19, -39, -19, 29, 0, -29, 14, -58, -73, -63, -73, -48, 
-24, -43, -19, 34, -2, -31, 4, -63, -78, -68, -73, -58, 
-39, -58, -19, 48, -9, -39, 4, -63, -82, -78, -73, -53, 
-43, -58, -14, 51, -14, -36, 0, -68, -82, -78, -78, -58, 
-29, -53, -24, 41, -2, -39, 0, -63, -78, -78, -78, -58, 
-43, -63, -19, 53, -12, -41, -9, -73, -82, -82, -82, -68, 
-63, -87, -24, 75, -19, -56, -14, -73, -87, -97, -92, -73, 
-63, -87, -24, 75, -19, -56, -9, -68, -92, -97, -97, -78, 
-48, -73, -24, 61, -12, -48, 4, -58, -87, -97, -97, -73, 
-53, -68, -14, 61, -19, -41, 9, -58, -87, -87, -87, -68, 
-53, -78, -24, 65, -14, -51, 9, -53, -82, -87, -82, -68, 
-43, -73, -29, 58, -7, -51, 14, -48, -78, -87, -87, -68, 
-29, -63, -34, 46, 2, -48, 14, -48, -78, -87, -87, -73, 
-29, -63, -34, 46, 2, -48, 14, -53, -78, -87, -82, -68, 
-24, -73, -48, 48, 12, -61, 14, -48, -68, -82, -82, -68, 
-29, -73, -43, 51, 7, -58, 9, -48, -68, -78, -78, -68, 
-34, -82, -48, 58, 7, -65, 14, -53, -78, -82, -82, -73, 
-63, -97, -34, 80, -14, -65, 19, -53, -78, -87, -87, -78, 
-97, -117, -19, 107, -39, -68, 19, -43, -73, -78, -87, -78, 
-102, -107, -4, 104, -48, -56, 24, -43, -73, -82, -78, -68, 
-92, -92, 0, 92, -46, -46, 24, -39, -68, -78, -78, -68, 
-68, -78, -9, 73, -29, -43, 14, -43, -73, -87, -82, -73, 
-43, -68, -24, 56, -9, -46, 9, -48, -73, -87, -87, -68, 
-29, -63, -34, 46, 2, -48, 14, -53, -68, -92, -87, -68, 
-29, -63, -34, 46, 2, -48, 9, -53, -63, -87, -87, -68, 
-14, -53, -39, 34, 12, -46, 9, -53, -63, -92, -92, -73, 
-14, -48, -34, 31, 9, -41, 14, -48, -58, -82, -82, -58, 
-14, -48, -34, 31, 9, -41, 24, -39, -53, -82, -78, -53, 
9, -43, -53, 17, 31, -48, 19, -39, -68, -82, -78, -58, 
19, -29, -48, 4, 34, -39, 19, -43, -63, -87, -78, -58, 
-24, -29, -4, 26, -9, -17, 24, -34, -53, -73, -73, -43, 
-53, -39, 14, 46, -34, -12, 24, -29, -48, -73, -73, -43, 
-39, -48, -9, 43, -14, -29, 14, -43, -58, -87, -82, -53, 
-14, -48, -34, 31, 9, -41, 4, -58, -68, -112, -92, -58, 
-19, -58, -39, 39, 9, -48, -9, -63, -78, -126, -97, -58, 
-39, -58, -19, 48, -9, -39, -9, -63, -78, -117, -92, -58, 
-43, -53, -9, 48, -17, -31, 4, -48, -63, -92, -82, -53, 
-43, -43, 0, 43, -21, -21, 9, -43, -58, -73, -82, -48, 
-48, -43, 4, 46, -26, -19, 9, -39, -53, -63, -73, -48, 
-53, -53, 0, 53, -26, -26, 14, -39, -53, -53, -68, -43, 
-34, -48, -14, 41, -9, -31, 9, -43, -63, -68, -78, -63, 
-19, -34, -14, 26, -2, -24, 4, -53, -73, -78, -87, -73, 
-24, -29, -4, 26, -9, -17, 9, -53, -68, -78, -87, -78, 
-19, -19, 0, 19, -9, -9, 9, -53, -63, -73, -78, -68, 
4, 4, 0, -4, 2, 2, 9, -48, -53, -63, -73, -53, 
4, -14, -19, 4, 12, -17, 14, -43, -48, -68, -63, -53, 
-19, -48, -29, 34, 4, -39, 19, -43, -53, -82, -73, -53, 
-24, -39, -14, 31, -4, -26, 9, -53, -68, -112, -87, -63, 
-19, -14, 4, 17, -12, -4, 9, -48, -73, -126, -87, -43, 
-14, -19, -4, 17, -4, -12, 9, -58, -87, -131, -107, -39, 
0, -39, -39, 19, 19, -39, 0, -63, -97, -146, -122, -39, 
0, -29, -29, 14, 14, -29, -9, -68, -102, -146, -131, -48, 
-19, -14, 4, 17, -12, -4, 0, -63, -92, -126, -126, -39, 
-39, -19, 19, 29, -29, 0, 9, -53, -73, -102, -102, -29, 
-34, -19, 14, 26, -24, -2, 0, -53, -73, -78, -82, -43, 
-14, 0, 14, 7, -14, 7, -14, -63, -78, -82, -82, -63, 
0, 4, 4, -2, -2, 4, -19, -63, -78, -82, -82, -68, 
-9, -9, 0, 9, -4, -4, 0, -58, -73, -82, -78, -63, 
-19, -24, -4, 21, -7, -14, 4, -48, -63, -63, -68, -68, 
-19, -34, -14, 26, -2, -24, 0, -58, -68, -63, -73, -78, 
-19, -43, -24, 31, 2, -34, -14, -68, -78, -68, -73, -92, 
-39, -48, -9, 43, -14, -29, -9, -73, -82, -63, -78, -92, 
-58, -63, -4, 61, -26, -34, -9, -78, -87, -68, -78, -97, 
-53, -73, -19, 63, -17, -46, -14, -87, -87, -78, -82, -97, 
-43, -58, -14, 51, -14, -36, -19, -82, -87, -82, -82, -82, 
-53, -48, 4, 51, -29, -21, -14, -73, -82, -78, -82, -73, 
-48, -63, -14, 56, -17, -39, -19, -82, -87, -92, -92, -82, 
-34, -78, -43, 56, 4, -61, -29, -92, -107, -107, -107, -92, 
-43, -78, -34, 61, -4, -56, -24, -92, -102, -102, -102, -87, 
-63, -68, -4, 65, -29, -36, -19, -87, -97, -97, -102, -82, 
-78, -68, 9, 73, -43, -29, -14, -82, -92, -97, -102, -82, 
-73, -68, 4, 70, -39, -31, -14, -82, -102, -102, -102, -82, 
-68, -68, 0, 68, -34, -34, -19, -82, -102, -107, -97, -78, 
-63, -68, -4, 65, -29, -36, -19, -92, -97, -112, -102, -82, 
-53, -78, -24, 65, -14, -51, -34, -97, -107, -117, -112, -92, 
-53, -82, -29, 68, -12, -56, -29, -102, -117, -117, -112, -92, 
-48, -73, -24, 61, -12, -48, -19, -97, -97, -112, -102, -78, 
-34, -48, -14, 41, -9, -31, -14, -87, -92, -102, -102, -73, 
-19, -39, -19, 29, 0, -29, -9, -87, -92, -102, -97, -68, 
-19, -34, -14, 26, -2, -24, 4, -78, -87, -97, -87, -63, 
-24, -43, -19, 34, -2, -31, 0, -78, -82, -97, -92, -63, 
-43, -58, -14, 51, -14, -36, -14, -82, -97, -107, -107, -73, 
-48, -78, -29, 63, -9, -53, -19, -97, -117, -117, -112, -87, 
-58, -82, -24, 70, -17, -53, -24, -97, -112, -126, -117, -92, 
-58, -78, -19, 68, -19, -48, -24, -97, -107, -126, -122, -87, 
-43, -68, -24, 56, -9, -46, -19, -97, -112, -126, -122, -87, 
-34, -63, -29, 48, -2, -46, -19, -102, -117, -126, -126, -87, 
-34, -68, -34, 51, 0, -51, -19, -97, -117, -122, -126, -87, 
-29, -78, -48, 53, 9, -63, -19, -97, -117, -126, -131, -87, 
-43, -92, -48, 68, 2, -70, -14, -97, -122, -136, -131, -87, 
-63, -117, -53, 90, -4, -85, -14, -97, -122, -136, -136, -92, 
-68, -122, -53, 95, -7, -87, -9, -97, -126, -131, -126, -97, 
-58, -92, -34, 75, -12, -63, -9, -92, -112, -126, -112, -82, 
-34, -39, -4, 36, -14, -21, 4, -78, -97, -112, -97, -58, 
19, -14, -34, -2, 26, -24, 4, -78, -92, -102, -92, -48, 
43, -19, -63, -12, 53, -41, 0, -82, -102, -107, -107, -58, 
29, -43, -73, 7, 51, -58, -9, -92, -112, -107, -102, -63, 
4, -63, -68, 29, 36, -65, -19, -112, -122, -117, -112, -78, 
-19, -78, -58, 48, 19, -68, -34, -126, -131, -141, -126, -87, 
-39, -87, -48, 63, 4, -68, -34, -122, -141, -151, -131, -87, 
-48, -107, -58, 78, 4, -82, -29, -117, -136, -146, -131, -78, 
-58, -102, -43, 80, -7, -73, -29, -117, -136, -136, -131, -82, 
-48, -82, -34, 65, -7, -58, -24, -112, -136, -131, -122, -78, 
-48, -78, -29, 63, -9, -53, -14, -112, -126, -126, -117, -73, 
-53, -87, -34, 70, -9, -61, -24, -117, -131, -122, -117, -82, 
-58, -87, -29, 73, -14, -58, -24, -122, -136, -112, -112, -82, 
-48, -78, -29, 63, -9, -53, -19, -117, -136, -112, -107, -82, 
-34, -87, -53, 61, 9, -70, -24, -122, -146, -122, -117, -102, 
-39, -97, -58, 68, 9, -78, -29, -117, -146, -122, -122, -102, 
-43, -92, -48, 68, 2, -70, -19, -112, -136, -117, -122, -92, 
-53, -92, -39, 73, -7, -65, -14, -107, -131, -117, -117, -82, 
-68, -107, -39, 87, -14, -73, -19, -107, -131, -117, -122, -92, 
-58, -87, -29, 73, -14, -58, -24, -117, -141, -122, -126, -102, 
-29, -68, -39, 48, 4, -53, -24, -126, -146, -122, -126, -107, 
-14, -63, -48, 39, 17, -56, -29, -122, -151, -122, -122, -107, 
-19, -58, -39, 39, 9, -48, -24, -117, -141, -112, -112, -102, 
-29, -63, -34, 46, 2, -48, -29, -122, -141, -112, -112, -107, 
-43, -97, -53, 70, 4, -75, -34, -131, -146, -126, -126, -122, 
-68, -117, -48, 92, -9, -82, -39, -131, -156, -136, -131, -131, 
-92, -112, -19, 102, -36, -65, -39, -141, -161, -136, -131, -126, 
-102, -117, -14, 109, -43, -65, -43, -146, -165, -146, -141, -126, 
-82, -117, -34, 100, -24, -75, -43, -141, -165, -146, -146, -131, 
-58, -97, -39, 78, -9, -68, -43, -146, -165, -141, -146, -136, 
-63, -92, -29, 78, -17, -61, -53, -156, -170, -146, -146, -141, 
-73, -107, -34, 90, -19, -70, -53, -156, -170, -156, -146, -136, 
-68, -97, -29, 82, -19, -63, -39, -141, -161, -146, -141, -131, 
-48, -82, -34, 65, -7, -58, -34, -136, -156, -136, -131, -122, 
-34, -82, -48, 58, 7, -65, -29, -131, -151, -136, -131, -117, 
-9, -63, -53, 36, 21, -58, -29, -136, -156, -141, -126, -112, 
0, -43, -43, 21, 21, -43, -29, -141, -156, -136, -131, -112, 
-39, -58, -19, 48, -9, -39, -34, -136, -161, -136, -136, -112, 
-78, -97, -19, 87, -29, -58, -34, -141, -165, -136, -136, -112, 
-87, -112, -24, 100, -31, -68, -39, -151, -175, -151, -141, -131, 
-73, -102, -29, 87, -21, -65, -43, -151, -175, -156, -146, -131, 
-73, -92, -19, 82, -26, -56, -43, -156, -170, -151, -146, -131, 
-68, -87, -19, 78, -24, -53, -34, -146, -165, -146, -136, -122, 
-43, -68, -24, 56, -9, -46, -24, -141, -165, -146, -131, -112, 
-39, -63, -24, 51, -7, -43, -19, -141, -165, -151, -141, -117, 
-48, -78, -29, 63, -9, -53, -29, -146, -170, -165, -151, -122, 
-39, -78, -39, 58, 0, -58, -39, -151, -175, -165, -151, -122, 
-34, -78, -43, 56, 4, -61, -39, -161, -180, -170, -151, -126, 
-53, -107, -53, 80, 0, -80, -43, -156, -180, -180, -156, -131, 
-73, -122, -48, 97, -12, -85, -48, -161, -185, -190, -165, -141, 
-68, -102, -34, 85, -17, -68, -39, -156, -175, -180, -156, -126, 
-78, -87, -9, 82, -34, -48, -34, -156, -170, -170, -151, -126, 
-92, -112, -19, 102, -36, -65, -48, -161, -185, -180, -165, -136, 
-92, -126, -34, 109, -29, -80, -48, -165, -185, -180, -175, -141, 
-92, -126, -34, 109, -29, -80, -43, -161, -185, -175, -165, -136, 
-87, -117, -29, 102, -29, -73, -43, -161, -180, -165, -161, -136, 
-58, -97, -39, 78, -9, -68, -29, -141, -170, -151, -141, -122, 
-34, -73, -39, 53, 2, -56, -24, -136, -161, -146, -141, -117, 
-29, -68, -39, 48, 4, -53, -19, -141, -165, -156, -151, -117, 
-34, -87, -53, 61, 9, -70, -24, -146, -170, -161, -151, -131, 
-39, -107, -68, 73, 14, -87, -19, -141, -165, -156, -146, -131, 
-58, -122, -63, 90, 2, -92, -34, -156, -170, -165, -156, -141, 
-82, -126, -43, 104, -19, -85, -43, -165, -185, -175, -165, -146, 
-87, -131, -43, 109, -21, -87, -39, -165, -190, -180, -165, -146, 
-73, -136, -63, 104, -4, -100, -39, -161, -190, -180, -165, -141, 
-58, -122, -63, 90, 2, -92, -29, -156, -180, -175, -161, -131, 
-53, -102, -48, 78, -2, -75, -29, -151, -175, -165, -151, -117, 
-58, -102, -43, 80, -7, -73, -19, -146, -170, -156, -151, -112, 
-39, -92, -53, 65, 7, -73, -19, -141, -165, -156, -151, -112, 
4, -58, -63, 26, 34, -61, -24, -141, -165, -161, -146, -112, 
29, -39, -68, 4, 48, -53, -29, -146, -170, -165, -151, -107, 
9, -63, -73, 26, 41, -68, -34, -156, -175, -175, -161, -112, 
-19, -68, -48, 43, 14, -58, -39, -161, -175, -185, -161, -112, 
-24, -63, -39, 43, 7, -51, -43, -161, -185, -190, -161, -102, 
-29, -82, -53, 56, 12, -68, -43, -165, -195, -195, -175, -117, 
-39, -107, -68, 73, 14, -87, -43, -161, -200, -190, -175, -122, 
-48, -97, -48, 73, 0, -73, -34, -156, -190, -175, -165, -122, 
-48, -102, -53, 75, 2, -78, -24, -151, -185, -161, -165, -126, 
-39, -102, -63, 70, 12, -82, -19, -151, -180, -156, -170, -141, 
-24, -82, -58, 53, 17, -70, -24, -151, -175, -151, -165, -131, 
-24, -73, -48, 48, 12, -61, -24, -146, -170, -146, -156, -126, 
-39, -92, -53, 65, 7, -73, -14, -141, -161, -141, -146, -126, 
-39, -102, -63, 70, 12, -82, -9, -131, -151, -136, -146, -126, 
-39, -107, -68, 73, 14, -87, -19, -131, -156, -136, -146, -131, 
-58, -112, -53, 85, -2, -82, -24, -136, -161, -136, -146, -136, 
-73, -112, -39, 92, -17, -75, -9, -122, -151, -141, -146, -126, 
-63, -92, -29, 78, -17, -61, 14, -112, -141, -136, -146, -122, 
-48, -78, -29, 63, -9, -53, 14, -107, -131, -122, -136, -107, 
-29, -58, -29, 43, 0, -43, 4, -112, -131, -122, -136, -107, 
-14, -53, -39, 34, 12, -46, 9, -107, -122, -112, -136, -107, 
-14, -53, -39, 34, 12, -46, 14, -102, -117, -112, -131, -107, 
-9, -34, -24, 21, 7, -29, 14, -97, -117, -107, -126, -112, 
-19, -14, 4, 17, -12, -4, 24, -82, -107, -97, -107, -102, 
-24, -29, -4, 26, -9, -17, 34, -78, -102, -102, -102, -97, 
-29, -48, -19, 39, -4, -34, 43, -68, -97, -102, -102, -92, 
-24, -34, -9, 29, -7, -21, 43, -68, -92, -97, -102, -92, 
0, -19, -19, 9, 9, -19, 43, -58, -82, -87, -87, -78, 
24, -9, -34, -7, 29, -21, 34, -53, -82, -87, -87, -73, 
34, -9, -43, -12, 39, -26, 14, -58, -92, -102, -102, -68, 
24, -19, -43, -2, 34, -31, -29, -78, -112, -117, -122, -82, 
-19, -58, -39, 39, 9, -48, -58, -102, -117, -122, -126, -97, 
-29, -63, -34, 46, 2, -48, -73, -112, -122, -107, -117, -97, 
4, -24, -29, 9, 17, -26, -63, -117, -107, -87, -102, -87, 
29, 0, -29, -14, 29, -14, -58, -131, -122, -97, -107, -82, 
29, -19, -48, -4, 39, -34, -78, -146, -141, -117, -117, -92, 
34, -9, -43, -12, 39, -26, -92, -151, -146, -126, -107, -87, 
34, 9, -24, -21, 29, -7, -92, -165, -156, -146, -112, -82, 
14, -9, -24, -2, 19, -17, -92, -170, -165, -156, -126, -78, 
24, -19, -43, -2, 34, -31, -92, -170, -185, -170, -141, -92, 
48, -9, -58, -19, 53, -34, -92, -180, -195, -170, -151, -102, 
43, -9, -53, -17, 48, -31, -73, -180, -195, -165, -151, -97, 
39, -19, -58, -9, 48, -39, -78, -190, -214, -165, -161, -102, 
43, -24, -68, -9, 56, -46, -82, -190, -224, -170, -175, -117, 
9, -43, -53, 17, 31, -48, -87, -185, -219, -165, -175, -126, 
-29, -73, -43, 51, 7, -58, -82, -175, -200, -156, -151, -117, 
-24, -58, -34, 41, 4, -46, -78, -165, -195, -146, -131, -112, 
-9, -48, -39, 29, 14, -43, -68, -165, -185, -136, -122, -107, 
-34, -87, -53, 61, 9, -70, -68, -156, -180, -141, -126, -117, 
-68, -107, -39, 87, -14, -73, -73, -156, -175, -141, -126, -107, 
-53, -82, -29, 68, -12, -56, -73, -161, -175, -136, -122, -92, 
-29, -58, -29, 43, 0, -43, -73, -156, -175, -136, -122, -92, 
-24, -68, -43, 46, 9, -56, -68, -156, -185, -151, -136, -107, 
-24, -82, -58, 53, 17, -70, -53, -146, -190, -156, -146, -117, 
-19, -78, -58, 48, 19, -68, -24, -131, -170, -141, -146, -117, 
-24, -78, -53, 51, 14, -65, -19, -141, -180, -146, -146, -122, 
-39, -82, -43, 61, 2, -63, -24, -156, -185, -156, -151, -131, 
-43, -82, -39, 63, -2, -61, -29, -156, -185, -146, -146, -122, 
-43, -82, -39, 63, -2, -61, -34, -165, -190, -146, -146, -126, 
-48, -112, -63, 80, 7, -87, -43, -175, -214, -170, -161, -161, 
-63, -126, -63, 95, 0, -95, -53, -190, -234, -185, -175, -170, 
-63, -122, -58, 92, -2, -90, -48, -185, -224, -175, -170, -151, 
-48, -102, -53, 75, 2, -78, -48, -185, -214, -175, -170, -151, 
-34, -102, -68, 68, 17, -85, -53, -180, -219, -180, -175, -151, 
-29, -97, -68, 63, 19, -82, -43, -175, -219, -175, -170, -146, 
-24, -97, -73, 61, 24, -85, -43, -170, -219, -175, -161, -141, 
-24, -97, -73, 61, 24, -85, -43, -165, -219, -170, -156, -131, 
-34, -92, -58, 63, 12, -75, -34, -165, -214, -165, -161, -126, 
-39, -87, -48, 63, 4, -68, -39, -161, -195, -170, -156, -122, 
-48, -92, -43, 70, -2, -68, -29, -156, -195, -165, -156, -112, 
-68, -87, -19, 78, -24, -53, -19, -146, -185, -165, -151, -107, 
-68, -82, -14, 75, -26, -48, -19, -151, -185, -170, -156, -112, 
-48, -78, -29, 63, -9, -53, -29, -141, -180, -161, -146, -112, 
-29, -68, -39, 48, 4, -53, -24, -141, -170, -151, -141, -107, 
-14, -48, -34, 31, 9, -41, -19, -136, -175, -146, -146, -102, 
0, -39, -39, 19, 19, -39, -19, -136, -170, -151, -146, -97, 
0, -53, -53, 26, 26, -53, -29, -136, -180, -156, -151, -102, 
-9, -63, -53, 36, 21, -58, -34, -156, -190, -170, -161, -112, 
-14, -73, -58, 43, 21, -65, -29, -146, -185, -175, -161, -117, 
-19, -92, -73, 56, 26, -82, -14, -112, -175, -175, -161, -122, 
-19, -107, -87, 63, 34, -97, 19, -63, -151, -165, -156, -131, 
-34, -112, -78, 73, 21, -95, 73, 9, -112, -151, -146, -141, 
-53, -117, -63, 85, 4, -90, 136, 82, -43, -122, -131, -136, 
-63, -122, -58, 92, -2, -90, 180, 146, 19, -97, -122, -131, 
-58, -126, -68, 92, 4, -97, 224, 214, 92, -63, -107, -126, 
-39, -126, -87, 82, 24, -107, 278, 302, 165, -19, -82, -126, 
-34, -131, -97, 82, 31, -114, 390, 483, 292, 43, -43, -102, 
-39, -126, -87, 82, 24, -107, 512, 697, 434, 131, 24, -63, 
-19, -92, -73, 56, 26, -82, 575, 824, 541, 244, 122, 0, 
19, -14, -34, -2, 26, -24, 580, 819, 644, 380, 248, 102, 
58, 78, 19, -68, 19, 48, 541, 707, 732, 527, 395, 224, 
92, 151, 58, -122, 17, 104, 478, 566, 805, 683, 551, 356, 
126, 234, 107, -180, 9, 170, 380, 409, 883, 839, 712, 488, 
156, 341, 185, -248, -14, 263, 258, 239, 980, 1019, 902, 644, 
204, 468, 263, -336, -29, 366, 39, 0, 1024, 1176, 1083, 805, 
258, 585, 326, -422, -34, 456, -273, -287, 971, 1263, 1205, 941, 
302, 658, 356, -480, -26, 507, -590, -644, 819, 1195, 1195, 980, 
317, 649, 331, -483, -7, 490, -795, -990, 624, 1029, 1078, 932, 
307, 570, 263, -439, 21, 417, -902, -1190, 409, 785, 888, 805, 
292, 497, 204, -395, 43, 351, -995, -1322, 122, 497, 653, 653, 
263, 463, 200, -363, 31, 331, -1132, -1571, -287, 180, 395, 507, 
209, 448, 239, -329, -14, 344, -1263, -1864, -697, -107, 146, 351, 
136, 400, 263, -268, -63, 331, -1307, -2000, -1024, -346, -78, 195, 
87, 370, 283, -229, -97, 326, -1312, -2025, -1234, -507, -234, 87, 
82, 380, 297, -231, -107, 339, -1307, -1932, -1166, -444, -190, 102, 
97, 380, 283, -239, -92, 331, -1244, -1693, -922, -283, -82, 156, 
92, 326, 234, -209, -70, 280, -1088, -1405, -751, -239, -73, 122, 
82, 263, 180, -173, -48, 222, -897, -1171, -678, -273, -131, 43, 
68, 195, 126, -131, -29, 161, -717, -941, -546, -244, -136, 14, 
39, 131, 92, -85, -26, 112, -546, -707, -385, -156, -73, 39, 
19, 102, 82, -61, -31, 92, -419, -531, -302, -131, -48, 29, 
24, 92, 68, -58, -21, 80, -317, -414, -253, -131, -58, 9, 
34, 82, 48, -58, -7, 65, -244, -322, -190, -97, -48, 0, 
34, 68, 34, -51, 0, 51, -170, -258, -136, -58, -14, 19, 
19, 58, 39, -39, -9, 48, -126, -195, -92, -34, 9, 29, 
0, 48, 48, -24, -24, 48, -82, -146, -68, -19, 9, 29, 
4, 34, 29, -19, -12, 31, -53, -112, -53, -24, 4, 24, 
34, 48, 14, -41, 9, 31, -34, -102, -48, -34, -9, 19, 
39, 63, 24, -51, 7, 43, -29, -87, -48, -34, -9, 14, 
19, 53, 34, -36, -7, 43, -24, -78, -48, -34, -19, 0, 
0, 24, 24, -12, -12, 24, -19, -73, -58, -53, -34, -14, 
0, 9, 9, -4, -4, 9, -14, -63, -58, -63, -48, -24, 
0, 4, 4, -2, -2, 4, 9, -34, -48, -58, -39, -24, 
0, -9, -9, 4, 4, -9, 19, -19, -39, -58, -39, -24, 
-14, -19, -4, 17, -4, -12, 39, 4, -29, -48, -34, -19, 
0, -29, -29, 14, 14, -29, 48, 14, -24, -43, -29, -24, 
4, -48, -53, 21, 29, -51, 63, 29, -14, -34, -24, -24, 
-14, -68, -53, 41, 19, -61, 68, 39, 9, -24, -14, -19, 
-34, -63, -29, 48, -2, -46, 68, 43, 14, -14, -14, -24, 
-29, -53, -24, 41, -2, -39, 68, 48, 14, -14, -19, -29, 
-19, -53, -34, 36, 7, -43, 68, 58, 14, -19, -24, -24, 
-19, -39, -19, 29, 0, -29, 68, 68, 19, -14, -14, -19, 
-19, -29, -9, 24, -4, -19, 78, 68, 19, -14, -19, -19, 
0, -34, -34, 17, 17, -34, 82, 82, 24, -24, -24, -19, 
9, -9, -19, 0, 14, -14, 97, 97, 34, -14, -14, 4, 
24, 39, 14, -31, 4, 26, 102, 102, 39, -14, -14, 4, 
34, 48, 14, -41, 9, 31, 92, 97, 34, -24, -14, 9, 
24, 19, -4, -21, 14, 7, 92, 107, 48, -24, 0, 24, 
9, -14, -24, 2, 17, -19, 87, 102, 39, -29, -19, 14, 
4, -19, -24, 7, 14, -21, 73, 87, 24, -34, -34, -14, 
-14, -24, -9, 19, -2, -17, 78, 97, 39, -14, -14, 9, 
-29, -19, 9, 24, -19, -4, 87, 112, 53, 9, 4, 14, 
-14, 0, 14, 7, -14, 7, 97, 122, 58, 19, 0, 9, 
19, 9, -9, -14, 14, 0, 102, 126, 68, 19, 0, 9, 
29, 9, -19, -19, 24, -4, 107, 136, 73, 24, 0, 19, 
29, 24, -4, -26, 17, 9, 112, 146, 82, 29, 9, 29, 
19, 29, 9, -24, 4, 19, 102, 141, 82, 34, 19, 34, 
0, 9, 9, -4, -4, 9, 97, 141, 87, 39, 29, 29, 
-19, -9, 9, 14, -14, 0, 92, 136, 82, 39, 24, 14, 
-14, 9, 24, 2, -19, 17, 82, 136, 82, 43, 19, 9, 
4, 9, 4, -7, 0, 7, 82, 141, 92, 53, 29, 19, 
14, 0, -14, -7, 14, -7, 97, 165, 107, 73, 43, 39, 
9, 0, -9, -4, 9, -4, 107, 180, 117, 78, 48, 34, 
9, -14, -24, 2, 17, -19, 107, 180, 112, 63, 39, 14, 
0, -29, -29, 14, 14, -29, 107, 170, 102, 48, 34, 4, 
0, -24, -24, 12, 12, -24, 107, 175, 107, 43, 29, 4, 
9, 4, -4, -7, 7, 0, 107, 190, 117, 48, 34, 14, 
4, 29, 24, -17, -9, 26, 117, 209, 136, 58, 43, 29, 
-19, 29, 48, -4, -34, 39, 122, 219, 156, 92, 68, 48, 
-29, 24, 53, 2, -41, 39, 122, 224, 165, 107, 73, 48, 
0, 24, 24, -12, -12, 24, 117, 224, 170, 102, 68, 58, 
34, 24, -9, -29, 21, 7, 107, 219, 156, 97, 68, 58, 
34, 9, -24, -21, 29, -7, 107, 224, 161, 107, 78, 53, 
19, 14, -4, -17, 12, 4, 112, 229, 170, 122, 92, 63, 
4, 14, 9, -9, -2, 12, 126, 248, 195, 126, 102, 73, 
4, 34, 29, -19, -12, 31, 131, 258, 209, 136, 107, 53, 
19, 53, 34, -36, -7, 43, 117, 253, 209, 136, 107, 48, 
39, 48, 9, -43, 14, 29, 117, 263, 219, 136, 112, 63, 
39, 43, 4, -41, 17, 24, 126, 273, 229, 146, 117, 73, 
39, 68, 29, -53, 4, 48, 122, 278, 239, 161, 126, 68, 
34, 92, 58, -63, -12, 75, 131, 297, 263, 180, 151, 92, 
14, 82, 68, -48, -26, 75, 141, 312, 268, 180, 156, 102, 
4, 48, 43, -26, -19, 46, 131, 312, 268, 165, 141, 87, 
24, 34, 9, -29, 7, 21, 122, 307, 258, 141, 122, 78, 
39, 34, -4, -36, 21, 14, 122, 312, 263, 131, 117, 82, 
34, 29, -4, -31, 19, 12, 131, 326, 278, 141, 122, 92, 
24, 29, 4, -26, 9, 17, 126, 336, 283, 151, 131, 97, 
34, 34, 0, -34, 17, 17, 126, 346, 292, 165, 136, 102, 
43, 53, 9, -48, 17, 31, 117, 356, 307, 190, 151, 107, 
43, 78, 34, -61, 4, 56, 126, 375, 326, 224, 175, 122, 
43, 87, 43, -65, 0, 65, 136, 390, 351, 234, 190, 131, 
48, 92, 43, -70, 2, 68, 151, 414, 366, 244, 204, 136, 
58, 102, 43, -80, 7, 73, 151, 424, 375, 248, 209, 136, 
73, 97, 24, -85, 24, 61, 141, 434, 370, 234, 204, 141, 
78, 97, 19, -87, 29, 58, 151, 448, 385, 244, 214, 156, 
78, 117, 39, -97, 19, 78, 170, 478, 419, 273, 239, 170, 
68, 117, 48, -92, 9, 82, 165, 488, 439, 292, 248, 180, 
58, 87, 29, -73, 14, 58, 161, 492, 448, 297, 253, 180, 
73, 78, 4, -75, 34, 41, 156, 497, 448, 302, 258, 180, 
82, 82, 0, -82, 41, 41, 161, 512, 463, 312, 268, 180, 
68, 97, 29, -82, 19, 63, 165, 531, 478, 317, 273, 190, 
58, 112, 53, -85, 2, 82, 175, 556, 492, 331, 292, 209, 
63, 126, 63, -95, 0, 95, 170, 566, 507, 341, 302, 224, 
87, 122, 34, -104, 26, 78, 165, 570, 507, 331, 292, 219, 
107, 131, 24, -119, 41, 78, 165, 580, 522, 341, 287, 219, 
97, 131, 34, -114, 31, 82, 175, 610, 546, 361, 312, 229, 
87, 126, 39, -107, 24, 82, 175, 624, 561, 375, 326, 234, 
82, 122, 39, -102, 21, 80, 170, 629, 570, 375, 331, 239, 
78, 122, 43, -100, 17, 82, 165, 629, 570, 380, 326, 244, 
58, 122, 63, -90, -2, 92, 165, 639, 585, 395, 341, 258, 
48, 126, 78, -87, -14, 102, 175, 653, 600, 419, 361, 278, 
63, 146, 82, -104, -9, 114, 175, 678, 624, 434, 375, 292, 
73, 161, 87, -117, -7, 124, 170, 678, 629, 439, 380, 297, 
73, 165, 92, -119, -9, 129, 170, 683, 629, 439, 390, 307, 
97, 175, 78, -136, 9, 126, 170, 697, 639, 448, 400, 317, 
117, 195, 78, -156, 19, 136, 175, 712, 658, 463, 419, 326, 
122, 204, 82, -163, 19, 143, 180, 717, 668, 473, 434, 336, 
122, 204, 82, -163, 19, 143, 180, 722, 673, 473, 434, 331, 
126, 209, 82, -168, 21, 146, 180, 727, 678, 483, 434, 336, 
122, 214, 92, -168, 14, 153, 180, 722, 683, 483, 434, 346, 
117, 209, 92, -163, 12, 151, 180, 722, 688, 478, 429, 356, 
122, 214, 92, -168, 14, 153, 175, 722, 678, 478, 429, 366, 
131, 229, 97, -180, 17, 163, 170, 722, 683, 478, 439, 370, 
146, 229, 82, -187, 31, 156, 165, 712, 673, 468, 439, 370, 
151, 224, 73, -187, 39, 148, 161, 712, 668, 463, 434, 370, 
146, 234, 87, -190, 29, 161, 151, 697, 658, 468, 424, 370, 
131, 229, 97, -180, 17, 163, 146, 683, 653, 473, 424, 375, 
107, 214, 107, -161, 0, 161, 141, 663, 649, 468, 424, 366, 
102, 219, 117, -161, -7, 168, 136, 644, 644, 488, 439, 366, 
131, 248, 117, -190, 7, 183, 126, 619, 629, 507, 458, 361, 
156, 263, 107, -209, 24, 185, 126, 610, 624, 512, 468, 361, 
165, 258, 92, -212, 36, 175, 117, 575, 595, 497, 458, 346, 
165, 248, 82, -207, 41, 165, 107, 531, 551, 468, 439, 331, 
161, 244, 82, -202, 39, 163, 92, 502, 527, 444, 424, 326, 
165, 258, 92, -212, 36, 175, 92, 483, 507, 434, 400, 317, 
151, 248, 97, -200, 26, 173, 92, 458, 478, 414, 375, 307, 
117, 209, 92, -163, 12, 151, 82, 414, 439, 375, 346, 287, 
87, 165, 78, -126, 4, 122, 68, 361, 395, 341, 322, 263, 
82, 146, 63, -114, 9, 104, 53, 326, 361, 312, 283, 234, 
73, 136, 63, -104, 4, 100, 34, 287, 317, 268, 244, 204, 
63, 112, 48, -87, 7, 80, 29, 253, 283, 234, 219, 175, 
58, 87, 29, -73, 14, 58, 19, 214, 244, 195, 185, 146, 
43, 68, 24, -56, 9, 46, 14, 185, 209, 170, 151, 122, 
24, 43, 19, -34, 2, 31, 19, 165, 175, 156, 131, 117, 
14, 34, 19, -24, -2, 26, 19, 141, 156, 136, 117, 107, 
14, 43, 29, -29, -7, 36, 19, 131, 136, 117, 97, 92, 
14, 53, 39, -34, -12, 46, 24, 117, 131, 112, 92, 87, 
4, 39, 34, -21, -14, 36, 19, 92, 107, 92, 73, 68, 
0, 4, 4, -2, -2, 4, 14, 68, 78, 68, 43, 43, 
-24, -29, -4, 26, -9, -17, 9, 43, 43, 43, 14, 24, 
-29, -39, -9, 34, -9, -24, 9, 34, 29, 24, -9, 9, 
-14, -14, 0, 14, -7, -7, 9, 29, 19, 9, -19, 0, 
-14, -9, 4, 12, -9, -2, 9, 14, 0, 4, -29, -19, 
-34, -29, 4, 31, -19, -12, 14, 4, -14, 0, -29, -24, 
-19, -43, -24, 31, 2, -34, 4, -9, -34, -19, -39, -34, 
4, -48, -53, 21, 29, -51, 9, -14, -39, -24, -53, -43, 
0, -39, -39, 19, 19, -39, 9, -24, -39, -24, -53, -48, 
-19, -39, -19, 29, 0, -29, 14, -24, -34, -19, -48, -48, 
-19, -39, -19, 29, 0, -29, 19, -24, -34, -19, -53, -48, 
-24, -39, -14, 31, -4, -26, 24, -29, -43, -34, -58, -53, 
-19, -53, -34, 36, 7, -43, 19, -39, -53, -39, -63, -58, 
4, -58, -63, 26, 34, -61, 19, -39, -58, -43, -68, -63, 
29, -34, -63, 2, 46, -48, 14, -43, -73, -48, -73, -68, 
29, -9, -39, -9, 34, -24, 14, -43, -73, -58, -73, -68, 
19, -19, -39, 0, 29, -29, 9, -43, -73, -68, -82, -78, 
14, -19, -34, 2, 24, -26, 14, -48, -78, -68, -87, -82, 
4, -24, -29, 9, 17, -26, 14, -53, -78, -68, -87, -78, 
-19, -29, -9, 24, -4, -19, 9, -53, -82, -78, -87, -73, 
-14, -43, -29, 29, 7, -36, 0, -58, -82, -92, -92, -78, 
-9, -53, -43, 31, 17, -48, 0, -73, -97, -112, -102, -78, 
-19, -53, -34, 36, 7, -43, 0, -78, -97, -126, -117, -78, 
-29, -53, -24, 41, -2, -39, -9, -73, -102, -126, -117, -78, 
-34, -68, -34, 51, 0, -51, 4, -63, -92, -107, -112, -73, 
-34, -78, -43, 56, 4, -61, 14, -58, -97, -107, -112, -68, 
-29, -78, -48, 53, 9, -63, 4, -63, -107, -122, -126, -78, 
-19, -78, -58, 48, 19, -68, 4, -63, -112, -122, -131, -87, 
-24, -82, -58, 53, 17, -70, 19, -53, -82, -97, -107, -87, 
-43, -92, -48, 68, 2, -70, 34, -34, -73, -78, -87, -82, 
-39, -82, -43, 61, 2, -63, 19, -48, -82, -82, -92, -87, 
-24, -68, -43, 46, 9, -56, 14, -63, -92, -92, -97, -92, 
-14, -63, -48, 39, 17, -56, 9, -63, -82, -97, -102, -92, 
-14, -63, -48, 39, 17, -56, 14, -48, -78, -92, -92, -78, 
-19, -53, -34, 36, 7, -43, 14, -43, -73, -97, -87, -78, 
-39, -68, -29, 53, -4, -48, 14, -48, -87, -112, -97, -82, 
-48, -87, -39, 68, -4, -63, 14, -43, -82, -107, -107, -82, 
-39, -82, -43, 61, 2, -63, 19, -39, -87, -102, -102, -78, 
-24, -73, -48, 48, 12, -61, 19, -39, -78, -87, -97, -73, 
-9, -63, -53, 36, 21, -58, 9, -48, -82, -92, -102, -82, 
9, -58, -68, 24, 39, -63, 4, -53, -82, -87, -102, -78, 
0, -48, -48, 24, 24, -48, 14, -43, -73, -78, -82, -68, 
-24, -48, -24, 36, 0, -36, 29, -34, -63, -68, -68, -63, 
-34, -48, -14, 41, -9, -31, 34, -24, -58, -68, -63, -68, 
-39, -48, -9, 43, -14, -29, 29, -29, -68, -78, -73, -68, 
-43, -48, -4, 46, -19, -26, 19, -39, -78, -87, -87, -78, 
-34, -68, -34, 51, 0, -51, 19, -39, -78, -87, -97, -87, 
-19, -73, -53, 46, 17, -63, 29, -24, -68, -82, -82, -82, 
-14, -58, -43, 36, 14, -51, 29, -24, -63, -82, -78, -78, 
-9, -53, -43, 31, 17, -48, 14, -34, -68, -102, -97, -82, 
9, -43, -53, 17, 31, -48, 14, -39, -73, -107, -97, -82, 
19, -43, -63, 12, 41, -53, 9, -39, -68, -97, -87, -73, 
14, -48, -63, 17, 39, -56, 9, -48, -73, -107, -97, -78, 
-14, -68, -53, 41, 19, -61, 0, -53, -87, -112, -117, -87, 
-43, -87, -43, 65, 0, -65, 0, -53, -102, -112, -117, -87, 
-68, -102, -34, 85, -17, -68, 4, -43, -92, -102, -102, -82, 
-68, -87, -19, 78, -24, -53, 14, -34, -82, -92, -102, -78, 
-48, -68, -19, 58, -14, -43, 24, -29, -78, -92, -102, -78, 
-29, -58, -29, 43, 0, -43, 14, -39, -82, -92, -102, -82, 
-24, -58, -34, 41, 4, -46, 9, -39, -78, -87, -102, -78, 
-24, -53, -29, 39, 2, -41, 9, -39, -73, -87, -102, -78, 
-29, -58, -29, 43, 0, -43, 14, -34, -78, -82, -97, -73, 
-34, -63, -29, 48, -2, -46, 14, -39, -78, -78, -102, -68, 
-29, -48, -19, 39, -4, -34, 4, -39, -82, -73, -107, -73, 
-14, -24, -9, 19, -2, -17, 9, -34, -73, -63, -102, -68, 
-9, -19, -9, 14, 0, -14, 19, -34, -73, -58, -97, -63, 
-14, -29, -14, 21, 0, -21, 24, -29, -78, -68, -102, -68, 
-19, -39, -19, 29, 0, -29, 19, -19, -78, -73, -102, -73, 
-24, -29, -4, 26, -9, -17, 9, -29, -87, -73, -107, -63, 
-24, -14, 9, 19, -17, -2, 9, -29, -82, -63, -102, -58, 
-9, -14, -4, 12, -2, -9, 14, -29, -73, -48, -92, -58, 
9, 0, -9, -4, 9, -4, 19, -19, -63, -34, -82, -58, 
14, 9, -4, -12, 9, 2, 19, -24, -68, -34, -87, -58, 
4, 4, 0, -4, 2, 2, 14, -24, -68, -39, -87, -58, 
-9, 4, 14, 2, -12, 9, 9, -29, -78, -39, -92, -63, 
-24, -14, 9, 19, -17, -2, 9, -34, -87, -39, -92, -68, 
-53, -39, 14, 46, -34, -12, 4, -43, -97, -48, -107, -78, 
-87, -63, 24, 75, -56, -19, -9, -43, -92, -48, -107, -73, 
-82, -63, 19, 73, -51, -21, -9, -43, -92, -48, -102, -78, 
-68, -53, 14, 61, -41, -19, 4, -43, -92, -48, -102, -78, 
-58, -43, 14, 51, -36, -14, -9, -53, -102, -63, -122, -92, 
-48, -34, 14, 41, -31, -9, -14, -58, -102, -63, -117, -87, 
-39, -29, 9, 34, -24, -9, -9, -58, -102, -63, -112, -78, 
-29, -34, -4, 31, -12, -19, -9, -58, -107, -73, -117, -73, 
-19, -24, -4, 21, -7, -14, 0, -53, -107, -78, -122, -68, 
-29, -14, 14, 21, -21, 0, 9, -53, -102, -78, -117, -58, 
-53, -24, 29, 39, -41, 2, 14, -48, -97, -82, -126, -53, 
-63, -34, 29, 48, -46, -2, 14, -39, -92, -78, -126, -53, 
-43, -29, 14, 36, -29, -7, 14, -48, -92, -68, -122, -53, 
0, -9, -9, 4, 4, -9, 9, -53, -87, -63, -117, -63, 
9, 4, -4, -7, 7, 0, 14, -43, -78, -48, -102, -63, 
4, -14, -19, 4, 12, -17, 4, -53, -87, -53, -102, -68, 
-34, -58, -24, 46, -4, -41, -14, -73, -107, -73, -107, -78, 
-63, -97, -34, 80, -14, -65, -9, -73, -117, -82, -117, -87, 
-82, -117, -34, 100, -24, -75, -9, -68, -117, -87, -117, -87, 
-82, -122, -39, 102, -21, -80, -19, -73, -122, -92, -117, -92, 
-73, -102, -29, 87, -21, -65, -19, -82, -122, -92, -117, -92, 
-63, -87, -24, 75, -19, -56, -19, -82, -122, -92, -122, -102, 
-68, -97, -29, 82, -19, -63, -14, -82, -117, -92, -117, -97, 
-78, -112, -34, 95, -21, -73, -14, -87, -117, -92, -117, -97, 
-78, -112, -34, 95, -21, -73, -14, -92, -117, -97, -122, -107, 
-73, -97, -24, 85, -24, -61, -14, -87, -122, -97, -122, -102, 
-58, -92, -34, 75, -12, -63, -14, -87, -122, -102, -117, -102, 
-48, -78, -29, 63, -9, -53, -9, -78, -112, -97, -107, -97, 
-43, -58, -14, 51, -14, -36, 0, -78, -112, -97, -107, -97, 
-43, -68, -24, 56, -9, -46, 0, -78, -122, -97, -107, -97, 
-53, -87, -34, 70, -9, -61, -9, -78, -126, -112, -112, -102, 
-53, -92, -39, 73, -7, -65, -24, -92, -131, -126, -126, -122, 
-58, -102, -43, 80, -7, -73, -24, -102, -141, -141, -131, -122, 
-68, -97, -29, 82, -19, -63, -34, -107, -151, -151, -131, -122, 
-53, -92, -39, 73, -7, -65, -34, -107, -146, -161, -136, -122, 
-53, -92, -39, 73, -7, -65, -24, -107, -146, -165, -141, -117, 
-68, -97, -29, 82, -19, -63, -19, -102, -141, -161, -136, -112, 
-58, -87, -29, 73, -14, -58, -34, -112, -151, -175, -151, -122, 
-53, -92, -39, 73, -7, -65, -34, -112, -165, -180, -151, -122, 
-68, -92, -24, 80, -21, -58, -29, -117, -165, -180, -156, -126, 
-68, -78, -9, 73, -29, -43, -24, -107, -161, -175, -151, -117, 
-39, -58, -19, 48, -9, -39, -19, -102, -151, -175, -151, -122, 
-19, -63, -43, 41, 12, -53, -14, -102, -146, -175, -151, -122, 
-34, -68, -34, 51, 0, -51, -14, -102, -146, -175, -141, -126, 
-58, -63, -4, 61, -26, -34, -19, -107, -141, -185, -146, -126, 
-63, -63, 0, 63, -31, -31, -14, -107, -146, -185, -146, -122, 
-48, -68, -19, 58, -14, -43, -19, -117, -161, -195, -146, -122, 
-48, -78, -29, 63, -9, -53, -14, -107, -151, -185, -146, -117, 
-39, -73, -34, 56, -2, -53, -9, -102, -141, -175, -141, -117, 
-19, -58, -39, 39, 9, -48, -9, -107, -151, -170, -141, -122, 
-24, -58, -34, 41, 4, -46, -19, -107, -151, -175, -141, -117, 
-58, -73, -14, 65, -21, -43, -24, -107, -156, -190, -151, -122, 
-78, -82, -4, 80, -36, -43, -19, -112, -161, -190, -146, -122, 
-53, -78, -24, 65, -14, -51, -9, -112, -151, -185, -136, -112, 
-29, -63, -34, 46, 2, -48, -19, -112, -151, -195, -146, -112, 
-29, -48, -19, 39, -4, -34, -29, -122, -161, -200, -161, -117, 
-43, -58, -14, 51, -14, -36, -29, -126, -161, -200, -156, -112, 
-48, -92, -43, 70, -2, -68, -39, -131, -170, -200, -170, -117, 
-58, -117, -58, 87, 0, -87, -39, -136, -180, -214, -175, -122, 
-53, -112, -58, 82, 2, -85, -43, -141, -195, -224, -180, -131, 
-63, -102, -39, 82, -12, -70, -39, -136, -190, -219, -170, -126, 
-63, -87, -24, 75, -19, -56, -39, -126, -180, -195, -156, -131, 
-53, -73, -19, 63, -17, -46, -29, -126, -165, -175, -146, -122, 
-48, -73, -24, 61, -12, -48, -29, -117, -161, -165, -141, -122, 
-48, -68, -19, 58, -14, -43, -24, -126, -161, -156, -146, -117, 
-53, -68, -14, 61, -19, -41, -29, -126, -161, -151, -151, -126, 
-48, -82, -34, 65, -7, -58, -39, -136, -170, -156, -156, -136, 
-48, -92, -43, 70, -2, -68, -39, -131, -175, -156, -151, -136, 
-48, -87, -39, 68, -4, -63, -29, -126, -165, -146, -141, -131, 
-43, -92, -48, 68, 2, -70, -24, -122, -170, -141, -141, -131, 
-48, -97, -48, 73, 0, -73, -24, -122, -175, -151, -141, -131, 
-58, -97, -39, 78, -9, -68, -29, -126, -180, -161, -151, -131, 
-48, -102, -53, 75, 2, -78, -29, -131, -180, -170, -161, -122, 
-48, -117, -68, 82, 9, -92, -39, -141, -190, -180, -175, -122, 
-58, -126, -68, 92, 4, -97, -39, -141, -185, -175, -180, -117, 
-63, -126, -63, 95, 0, -95, -34, -136, -185, -165, -180, -122, 
-58, -131, -73, 95, 7, -102, -24, -136, -180, -156, -175, -122, 
-48, -126, -78, 87, 14, -102, -24, -131, -185, -146, -175, -126, 
-48, -126, -78, 87, 14, -102, -24, -136, -185, -151, -170, -126, 
-82, -136, -53, 109, -14, -95, -24, -136, -180, -141, -165, -126, 
-112, -156, -43, 134, -34, -100, -19, -131, -175, -126, -151, -122, 
-112, -180, -68, 146, -21, -124, -19, -126, -175, -122, -146, -122, 
-102, -180, -78, 141, -12, -129, -29, -141, -185, -131, -156, -131, 
-92, -161, -68, 126, -12, -114, -34, -141, -190, -126, -156, -126, 
-68, -151, -82, 109, 7, -117, -24, -146, -180, -122, -156, -117, 
-58, -146, -87, 102, 14, -117, -29, -141, -180, -117, -156, -117, 
-68, -146, -78, 107, 4, -112, -39, -146, -180, -122, -151, -126, 
-78, -146, -68, 112, -4, -107, -24, -136, -170, -126, -146, -117, 
-63, -126, -63, 95, 0, -95, -19, -141, -170, -126, -146, -107, 
-43, -107, -63, 75, 9, -85, -19, -136, -170, -122, -141, -107, 
-48, -112, -63, 80, 7, -87, -9, -131, -170, -122, -136, -102, 
-68, -122, -53, 95, -7, -87, -14, -131, -175, -126, -146, -112, 
-73, -122, -48, 97, -12, -85, -24, -141, -180, -131, -156, -117, 
-68, -126, -58, 97, -4, -92, -34, -151, -190, -141, -165, -126, 
-78, -141, -63, 109, -7, -102, -39, -161, -195, -146, -165, -131, 
-78, -131, -53, 104, -12, -92, -39, -161, -195, -146, -156, -126, 
-73, -122, -48, 97, -12, -85, -39, -165, -195, -151, -161, -122, 
-68, -117, -48, 92, -9, -82, -39, -161, -195, -156, -165, -126, 
-58, -107, -48, 82, -4, -78, -34, -161, -200, -156, -165, -122, 
-53, -92, -39, 73, -7, -65, -34, -161, -200, -165, -161, -117, 
-43, -78, -34, 61, -4, -56, -19, -146, -185, -165, -161, -112, 
-24, -53, -29, 39, 2, -41, -19, -151, -185, -165, -161, -117, 
-14, -53, -39, 34, 12, -46, -14, -151, -190, -165, -161, -117, 
-24, -73, -48, 48, 12, -61, -24, -156, -185, -165, -156, -126, 
-48, -87, -39, 68, -4, -63, -19, -151, -180, -161, -156, -131, 
-58, -87, -29, 73, -14, -58, -19, -156, -185, -170, -161, -136, 
-53, -92, -39, 73, -7, -65, -24, -156, -195, -175, -170, -131, 
-68, -97, -29, 82, -19, -63, -34, -161, -200, -185, -180, -136, 
-63, -97, -34, 80, -14, -65, -34, -161, -195, -185, -180, -136, 
-34, -82, -48, 58, 7, -65, -24, -146, -190, -175, -165, -131, 
-19, -63, -43, 41, 12, -53, 0, -131, -175, -165, -156, -122, 
-14, -48, -34, 31, 9, -41, 0, -136, -170, -165, -161, -122, 
-24, -39, -14, 31, -4, -26, 4, -131, -161, -161, -151, -122, 
-43, -39, 4, 41, -24, -17, 4, -126, -156, -156, -141, -117, 
-48, -39, 9, 43, -29, -14, 0, -136, -156, -165, -141, -112, 
-29, -34, -4, 31, -12, -19, -9, -146, -165, -180, -146, -107, 
-19, -29, -9, 24, -4, -19, -9, -146, -165, -175, -151, -107, 
-29, -29, 0, 29, -14, -14, -9, -141, -156, -161, -141, -112, 
-48, -29, 19, 39, -34, -4, 4, -122, -141, -146, -131, -97, 
-53, -39, 14, 46, -34, -12, 9, -117, -141, -156, -126, -97, 
-43, -34, 9, 39, -26, -12, 19, -112, -141, -156, -131, -102, 
-19, -19, 0, 19, -9, -9, 14, -107, -146, -151, -126, -107, 
-19, -19, 0, 19, -9, -9, 14, -102, -136, -136, -117, -102, 
-34, -39, -4, 36, -14, -21, 4, -112, -136, -136, -112, -102, 
-29, -39, -9, 34, -9, -24, -19, -117, -131, -136, -112, -102, 
-9, -29, -19, 19, 4, -24, -48, -122, -146, -141, -117, -102, 
0, -29, -29, 14, 14, -29, -53, -122, -151, -141, -126, -102, 
4, -24, -29, 9, 17, -26, -58, -131, -151, -141, -131, -102, 
0, -14, -14, 7, 7, -14, -63, -141, -151, -136, -122, -97, 
-29, -34, -4, 31, -12, -19, -68, -165, -161, -141, -122, -97, 
-34, -39, -4, 36, -14, -21, -82, -180, -175, -151, -136, -107, 
-9, -19, -9, 14, 0, -14, -82, -185, -175, -146, -141, -112, 
0, -19, -19, 9, 9, -19, -82, -185, -180, -151, -146, -107, 
-24, -43, -19, 34, -2, -31, -87, -195, -190, -170, -156, -112, 
-24, -53, -29, 39, 2, -41, -97, -195, -214, -190, -165, -117, 
-9, -53, -43, 31, 17, -48, -112, -214, -229, -200, -170, -122, 
-14, -63, -48, 39, 17, -56, -102, -209, -234, -200, -170, -117, 
-29, -68, -39, 48, 4, -53, -87, -195, -239, -195, -170, -117, 
-19, -63, -43, 41, 12, -53, -87, -200, -244, -195, -175, -122, 
-9, -63, -53, 36, 21, -58, -87, -195, -244, -190, -175, -107, 
0, -68, -68, 34, 34, -68, -87, -185, -234, -175, -175, -97, 
0, -63, -63, 31, 31, -63, -82, -180, -224, -161, -165, -102, 
0, -58, -58, 29, 29, -58, -68, -175, -214, -146, -156, -102, 
4, -48, -53, 21, 29, -51, -48, -156, -185, -131, -141, -87, 
14, -29, -43, 7, 29, -36, -34, -131, -170, -107, -117, -68, 
29, -19, -48, -4, 39, -34, -48, -136, -170, -112, -112, -73, 
34, -29, -63, -2, 48, -46, -58, -141, -185, -122, -122, -73, 
24, -48, -73, 12, 48, -61, -43, -141, -190, -141, -126, -78, 
-9, -78, -68, 43, 29, -73, -19, -126, -190, -131, -126, -87, 
-43, -107, -63, 75, 9, -85, -19, -136, -190, -141, -136, -97, 
-63, -122, -58, 92, -2, -90, -19, -156, -209, -156, -151, -107, 
-78, -126, -48, 102, -14, -87, -19, -151, -200, -146, -146, -107, 
-73, -122, -48, 97, -12, -85, -29, -156, -209, -151, -151, -107, 
-48, -122, -73, 85, 12, -97, -29, -161, -214, -161, -156, -107, 
-29, -117, -87, 73, 29, -102, -39, -175, -234, -165, -175, -112, 
-34, -122, -87, 78, 26, -104, -43, -180, -239, -165, -190, -122, 
-43, -122, -78, 82, 17, -100, -43, -175, -239, -170, -185, -126, 
-48, -117, -68, 82, 9, -92, -34, -165, -229, -165, -165, -122, 
-48, -112, -63, 80, 7, -87, -29, -156, -224, -161, -161, -117, 
-39, -112, -73, 75, 17, -92, -19, -156, -219, -156, -156, -117, 
-14, -112, -97, 63, 41, -104, -14, -161, -224, -156, -151, -122, 
9, -97, -107, 43, 58, -102, -19, -156, -214, -161, -156, -112, 
4, -97, -102, 46, 53, -100, -19, -161, -219, -170, -165, -112, 
-19, -112, -92, 65, 36, -102, -14, -156, -219, -170, -165, -112, 
-29, -112, -82, 70, 26, -97, 0, -146, -209, -161, -151, -102, 
-24, -92, -68, 58, 21, -80, -14, -151, -209, -161, -156, -107, 
-24, -97, -73, 61, 24, -85, -19, -151, -214, -161, -156, -112, 
-53, -131, -78, 92, 12, -104, -29, -165, -219, -165, -161, -122, 
-87, -151, -63, 119, -12, -107, -24, -161, -200, -161, -146, -107, 
-73, -131, -58, 102, -7, -95, -29, -161, -209, -161, -141, -107, 
-53, -122, -68, 87, 7, -95, -24, -156, -214, -170, -146, -107, 
-63, -131, -68, 97, 2, -100, -19, -151, -209, -165, -156, -112, 
-58, -126, -68, 92, 4, -97, -19, -151, -209, -165, -156, -117, 
-39, -107, -68, 73, 14, -87, -19, -156, -200, -165, -141, -117, 
-34, -102, -68, 68, 17, -85, -14, -151, -195, -165, -141, -122, 
-48, -117, -68, 82, 9, -92, 9, -122, -180, -165, -151, -126, 
-43, -126, -82, 85, 19, -104, 39, -73, -161, -175, -161, -131, 
-24, -126, -102, 75, 39, -114, 82, 0, -117, -170, -165, -136, 
-14, -122, -107, 68, 46, -114, 131, 63, -78, -156, -165, -146, 
-14, -112, -97, 63, 41, -104, 170, 122, -19, -126, -146, -141, 
-29, -122, -92, 75, 31, -107, 219, 175, 53, -97, -126, -131, 
-58, -151, -92, 104, 17, -122, 273, 258, 126, -63, -112, -131, 
-73, -170, -97, 122, 12, -134, 356, 385, 234, -14, -87, -126, 
-63, -170, -107, 117, 21, -139, 458, 575, 366, 63, -34, -97, 
-43, -131, -87, 87, 21, -109, 527, 717, 492, 165, 58, -34, 
-19, -58, -39, 39, 9, -48, 536, 732, 585, 297, 180, 73, 
29, 43, 14, -36, 7, 29, 497, 653, 697, 463, 351, 209, 
78, 141, 63, -109, 7, 102, 448, 551, 800, 649, 527, 341, 
126, 244, 117, -185, 4, 180, 380, 458, 912, 834, 707, 478, 
170, 346, 175, -258, -2, 261, 278, 317, 1029, 1034, 893, 639, 
204, 473, 268, -339, -31, 370, 87, 63, 1078, 1220, 1088, 790, 
239, 575, 336, -407, -48, 456, -185, -239, 1024, 1332, 1229, 932, 
273, 639, 366, -456, -46, 502, -488, -580, 858, 1288, 1244, 985, 
258, 658, 400, -458, -70, 529, -707, -927, 624, 1102, 1122, 946, 
209, 610, 400, -409, -95, 505, -805, -1137, 400, 844, 932, 839, 
180, 507, 326, -344, -73, 417, -873, -1273, 112, 522, 673, 683, 
165, 453, 287, -309, -61, 370, -1000, -1507, -322, 161, 380, 507, 
117, 419, 302, -268, -92, 361, -1127, -1800, -771, -156, 112, 336, 
63, 366, 302, -214, -119, 334, -1171, -1927, -1093, -395, -117, 170, 
43, 331, 287, -187, -122, 309, -1190, -1922, -1268, -561, -283, 53, 
58, 356, 297, -207, -119, 326, -1215, -1844, -1263, -541, -268, 39, 
68, 375, 307, -222, -119, 341, -1205, -1683, -1063, -370, -146, 87, 
78, 326, 248, -202, -85, 287, -1093, -1459, -858, -273, -97, 82, 
53, 258, 204, -156, -75, 231, -907, -1205, -732, -278, -136, 19, 
9, 195, 185, -102, -87, 190, -727, -971, -600, -248, -141, -14, 
-19, 156, 175, -68, -97, 165, -561, -751, -453, -165, -82, 9, 
-9, 112, 122, -51, -65, 117, -434, -575, -341, -126, -58, 19, 
14, 73, 58, -43, -21, 65, -322, -444, -273, -122, -63, 0, 
19, 63, 43, -41, -12, 53, -229, -326, -200, -87, -34, 14, 
19, 68, 48, -43, -14, 58, -170, -258, -141, -53, -14, 39, 
24, 73, 48, -48, -12, 61, -122, -200, -102, -34, 0, 39, 
43, 73, 29, -58, 7, 51, -87, -156, -87, -34, -14, 29, 
58, 68, 9, -63, 24, 39, -63, -126, -73, -39, -19, 34, 
58, 58, 0, -58, 29, 29, -53, -117, -68, -48, -29, 19, 
43, 53, 9, -48, 17, 31, -39, -97, -63, -43, -34, 14, 
29, 48, 19, -39, 4, 34, -24, -82, -58, -39, -29, 9, 
4, 39, 34, -21, -14, 36, -19, -73, -53, -29, -29, 4, 
-19, 19, 39, 0, -29, 29, -9, -63, -53, -29, -34, -14, 
-24, -9, 14, 17, -19, 2, 0, -48, -58, -24, -29, -19, 
-19, -24, -4, 21, -7, -14, 9, -34, -53, -14, -19, -19, 
-34, -39, -4, 36, -14, -21, 24, 0, -43, -14, -24, -24, 
-48, -58, -9, 53, -19, -34, 34, 14, -39, -14, -34, -34, 
-39, -53, -14, 46, -12, -34, 43, 24, -29, 0, -29, -39, 
-24, -29, -4, 26, -9, -17, 53, 29, -9, 9, -19, -34, 
-34, -24, 9, 29, -21, -7, 68, 39, 14, 14, 0, -24, 
-29, -24, 4, 26, -17, -9, 53, 34, 0, 4, -9, -24, 
-14, -29, -14, 21, 0, -21, 53, 43, 4, -9, -19, -19, 
-24, -39, -14, 31, -4, -26, 48, 43, 0, -29, -34, -29, 
-39, -58, -19, 48, -9, -39, 53, 43, -9, -24, -34, -29, 
-29, -58, -29, 43, 0, -43, 68, 63, 9, 4, -24, -14, 
-34, -43, -9, 39, -12, -26, 82, 82, 24, 9, -14, -9, 
-43, -29, 14, 36, -29, -7, 92, 97, 34, 9, -9, -9, 
-34, -19, 14, 26, -24, -2, 92, 97, 39, 9, -9, 4, 
-9, 0, 9, 4, -9, 4, 97, 102, 53, 19, 9, 14, 
19, 4, -14, -12, 17, -4, 92, 97, 53, 24, 9, 9, 
34, 0, -34, -17, 34, -17, 87, 97, 53, 24, 0, 0, 
39, 0, -39, -19, 39, -19, 92, 102, 63, 24, 4, 0, 
29, 4, -24, -17, 26, -9, 97, 112, 68, 24, 9, 4, 
24, -19, -43, -2, 34, -31, 102, 117, 63, 34, 9, 4, 
19, -19, -39, 0, 29, -29, 97, 122, 73, 39, 14, 0, 
4, -24, -29, 9, 17, -26, 92, 122, 68, 39, 14, -9, 
-19, -39, -19, 29, 0, -29, 97, 126, 78, 48, 14, -9, 
-19, -48, -29, 34, 4, -39, 97, 126, 78, 43, 9, -9, 
-14, -29, -14, 21, 0, -21, 92, 131, 87, 43, 9, 4, 
-9, -19, -9, 14, 0, -14, 97, 131, 102, 48, 24, 9, 
-9, -9, 0, 9, -4, -4, 87, 136, 97, 53, 29, 9, 
-9, -14, -4, 12, -2, -9, 82, 136, 102, 58, 29, 14, 
-24, -19, 4, 21, -14, -7, 92, 156, 117, 68, 34, 19, 
-34, -24, 9, 29, -21, -7, 97, 161, 117, 68, 48, 24, 
-29, -9, 19, 19, -24, 4, 102, 170, 122, 73, 63, 24, 
-14, 9, 24, 2, -19, 17, 112, 185, 131, 82, 73, 29, 
4, 19, 14, -12, -4, 17, 117, 190, 136, 92, 73, 34, 
24, 19, -4, -21, 14, 7, 107, 190, 141, 87, 73, 39, 
34, 29, -4, -31, 19, 12, 102, 190, 151, 87, 68, 43, 
39, 34, -4, -36, 21, 14, 92, 185, 156, 82, 63, 43, 
29, 19, -9, -24, 19, 4, 87, 180, 151, 78, 68, 48, 
4, 9, 4, -7, 0, 7, 82, 175, 146, 68, 68, 48, 
-24, 14, 39, 4, -31, 26, 87, 190, 156, 73, 73, 53, 
-19, 4, 24, 7, -21, 14, 102, 214, 165, 92, 87, 68, 
19, 14, -4, -17, 12, 4, 102, 219, 175, 97, 82, 58, 
48, 24, -24, -36, 36, 0, 112, 229, 180, 97, 78, 53, 
29, 34, 4, -31, 12, 19, 112, 234, 195, 112, 97, 53, 
14, 39, 24, -26, -4, 31, 117, 234, 204, 131, 112, 58, 
14, 58, 43, -36, -14, 51, 126, 253, 234, 161, 131, 78, 
9, 63, 53, -36, -21, 58, 141, 268, 253, 175, 141, 92, 
0, 58, 58, -29, -29, 58, 126, 268, 253, 170, 146, 92, 
19, 39, 19, -29, 0, 29, 107, 258, 248, 161, 131, 82, 
19, 48, 29, -34, -4, 39, 102, 268, 248, 165, 136, 78, 
4, 53, 48, -29, -21, 51, 112, 283, 253, 175, 141, 92, 
4, 48, 43, -26, -19, 46, 112, 292, 258, 170, 141, 87, 
19, 34, 14, -26, 2, 24, 117, 297, 268, 165, 136, 87, 
14, 34, 19, -24, -2, 26, 117, 307, 278, 180, 136, 92, 
14, 39, 24, -26, -4, 31, 112, 312, 287, 185, 151, 102, 
19, 58, 39, -39, -9, 48, 107, 317, 297, 204, 161, 107, 
24, 78, 53, -51, -14, 65, 126, 341, 322, 219, 175, 126, 
43, 97, 53, -70, -4, 75, 122, 351, 336, 229, 185, 136, 
63, 117, 53, -90, 4, 85, 117, 361, 336, 224, 185, 136, 
63, 117, 53, -90, 4, 85, 136, 385, 366, 248, 209, 146, 
63, 122, 58, -92, 2, 90, 151, 414, 380, 258, 219, 161, 
58, 117, 58, -87, 0, 87, 151, 429, 385, 253, 219, 161, 
43, 107, 63, -75, -9, 85, 151, 439, 395, 263, 219, 161, 
34, 97, 63, -65, -14, 80, 151, 448, 409, 278, 224, 161, 
53, 112, 58, -82, -2, 85, 141, 453, 419, 283, 229, 175, 
68, 122, 53, -95, 7, 87, 136, 458, 434, 292, 239, 180, 
53, 117, 63, -85, -4, 90, 141, 478, 448, 312, 258, 195, 
53, 112, 58, -82, -2, 85, 136, 488, 458, 322, 268, 204, 
73, 126, 53, -100, 9, 90, 136, 502, 473, 322, 278, 209, 
73, 131, 58, -102, 7, 95, 146, 517, 492, 336, 287, 219, 
68, 141, 73, -104, -2, 107, 161, 546, 512, 366, 312, 239, 
87, 161, 73, -124, 7, 117, 165, 566, 531, 375, 322, 248, 
102, 170, 68, -136, 17, 119, 175, 585, 551, 395, 331, 258, 
107, 170, 63, -139, 21, 117, 170, 595, 551, 409, 336, 253, 
102, 175, 73, -139, 14, 124, 165, 595, 566, 424, 356, 253, 
92, 175, 82, -134, 4, 129, 165, 610, 585, 439, 380, 263, 
73, 165, 92, -119, -9, 129, 165, 624, 600, 453, 395, 268, 
68, 161, 92, -114, -12, 126, 156, 624, 614, 458, 400, 268, 
92, 175, 82, -134, 4, 129, 161, 634, 619, 463, 414, 283, 
122, 204, 82, -163, 19, 143, 170, 658, 639, 483, 429, 302, 
126, 195, 68, -161, 29, 131, 170, 678, 644, 492, 444, 317, 
107, 185, 78, -146, 14, 131, 170, 683, 663, 497, 448, 326, 
97, 204, 107, -151, -4, 156, 165, 692, 678, 507, 458, 336, 
92, 224, 131, -158, -19, 178, 161, 688, 673, 507, 458, 341, 
87, 204, 117, -146, -14, 161, 146, 683, 663, 502, 458, 331, 
87, 175, 87, -131, 0, 131, 151, 688, 678, 512, 463, 336, 
97, 185, 87, -141, 4, 136, 146, 688, 683, 512, 473, 341, 
112, 214, 102, -163, 4, 158, 151, 692, 692, 522, 483, 361, 
131, 234, 102, -183, 14, 168, 151, 697, 692, 522, 492, 370, 
136, 239, 102, -187, 17, 170, 151, 697, 692, 517, 488, 375, 
131, 234, 102, -183, 14, 168, 141, 692, 683, 507, 488, 375, 
126, 234, 107, -180, 9, 170, 136, 683, 678, 502, 478, 375, 
126, 234, 107, -180, 9, 170, 141, 683, 683, 507, 478, 380, 
131, 239, 107, -185, 12, 173, 141, 678, 678, 517, 483, 390, 
126, 244, 117, -185, 4, 180, 131, 663, 673, 531, 497, 400, 
126, 244, 117, -185, 4, 180, 117, 639, 658, 527, 497, 395, 
126, 244, 117, -185, 4, 180, 107, 614, 649, 522, 492, 380, 
136, 258, 122, -197, 7, 190, 102, 585, 634, 522, 483, 370, 
131, 258, 126, -195, 2, 192, 92, 566, 614, 512, 483, 370, 
102, 239, 136, -170, -17, 187, 87, 541, 580, 492, 473, 361, 
87, 219, 131, -153, -21, 175, 68, 502, 536, 453, 444, 346, 
97, 204, 107, -151, -4, 156, 63, 463, 497, 414, 400, 322, 
117, 190, 73, -153, 21, 131, 58, 434, 463, 375, 370, 302, 
107, 190, 82, -148, 12, 136, 53, 395, 434, 346, 346, 283, 
97, 195, 97, -146, 0, 146, 53, 370, 400, 331, 326, 273, 
97, 180, 82, -139, 7, 131, 43, 336, 370, 307, 292, 248, 
82, 161, 78, -122, 2, 119, 48, 307, 346, 292, 278, 234, 
58, 131, 73, -95, -7, 102, 43, 283, 317, 273, 253, 209, 
58, 112, 53, -85, 2, 82, 34, 239, 273, 234, 214, 165, 
53, 92, 39, -73, 7, 65, 19, 204, 219, 185, 170, 131, 
34, 78, 43, -56, -4, 61, 24, 180, 190, 165, 151, 122, 
24, 63, 39, -43, -7, 51, 24, 156, 161, 146, 136, 102, 
19, 34, 14, -26, 2, 24, 14, 131, 131, 117, 112, 78, 
19, 24, 4, -21, 7, 14, 4, 107, 97, 78, 78, 58, 
19, 29, 9, -24, 4, 19, 4, 87, 82, 43, 58, 48, 
24, 29, 4, -26, 9, 17, 0, 63, 58, 19, 34, 39, 
19, 19, 0, -19, 9, 9, 4, 43, 39, 4, 14, 29, 
4, 4, 0, -4, 2, 2, 9, 39, 29, 0, 9, 29, 
-14, 0, 14, 7, -14, 7, 14, 29, 19, 4, 9, 19, 
0, -14, -14, 7, 7, -14, 14, 19, -9, -9, -14, 9, 
9, -19, -29, 4, 19, -24, 9, 9, -24, -14, -29, -9, 
0, -19, -19, 9, 9, -19, 14, 0, -24, -9, -24, -24, 
-14, -19, -4, 17, -4, -12, 19, 0, -29, -19, -29, -34, 
0, -29, -29, 14, 14, -29, 19, -14, -43, -24, -43, -39, 
4, -24, -29, 9, 17, -26, 19, -19, -48, -24, -43, -39, 
-9, -29, -19, 19, 4, -24, 14, -29, -48, -24, -48, -48, 
-29, -43, -14, 36, -7, -29, 9, -34, -58, -34, -53, -63, 
-24, -48, -24, 36, 0, -36, 4, -43, -68, -43, -58, -68, 
4, -34, -39, 14, 21, -36, 4, -53, -73, -53, -58, -73, 
4, -24, -29, 9, 17, -26, 14, -53, -73, -53, -58, -58, 
-9, -29, -19, 19, 4, -24, 14, -53, -87, -73, -68, -63, 
0, -34, -34, 17, 17, -34, 14, -53, -92, -82, -73, -63, 
14, -29, -43, 7, 29, -36, 9, -58, -87, -87, -82, -68, 
4, -34, -39, 14, 21, -36, 14, -58, -87, -82, -82, -68, 
-9, -43, -34, 26, 12, -39, 9, -63, -97, -87, -92, -68, 
-24, -58, -34, 41, 4, -46, 9, -63, -97, -87, -97, -68, 
-39, -63, -24, 51, -7, -43, 9, -68, -97, -87, -97, -68, 
-34, -68, -34, 51, 0, -51, 4, -78, -107, -92, -102, -73, 
-34, -73, -39, 53, 2, -56, -9, -82, -112, -112, -107, -87, 
-48, -82, -34, 65, -7, -58, -9, -82, -117, -122, -107, -87, 
-53, -78, -24, 65, -14, -51, 0, -78, -122, -117, -97, -78, 
-43, -63, -19, 53, -12, -41, 0, -78, -122, -112, -102, -73, 
-43, -68, -24, 56, -9, -46, 4, -73, -122, -107, -107, -73, 
-39, -63, -24, 51, -7, -43, 9, -78, -122, -102, -112, -78, 
-19, -53, -34, 36, 7, -43, 4, -78, -122, -107, -117, -82, 
4, -48, -53, 21, 29, -51, 4, -78, -112, -102, -117, -82, 
0, -48, -48, 24, 24, -48, 14, -73, -102, -87, -112, -78, 
0, -34, -34, 17, 17, -34, 14, -78, -107, -82, -107, -78, 
4, -29, -34, 12, 19, -31, 9, -73, -102, -82, -102, -78, 
4, -29, -34, 12, 19, -31, 9, -68, -97, -73, -87, -78, 
-24, -34, -9, 29, -7, -21, 19, -63, -97, -63, -78, -68, 
-43, -58, -14, 51, -14, -36, 14, -68, -102, -78, -82, -73, 
-58, -87, -29, 73, -14, -58, 4, -68, -112, -97, -97, -92, 
-68, -107, -39, 87, -14, -73, 4, -73, -112, -107, -107, -102, 
-63, -102, -39, 82, -12, -70, 0, -82, -112, -112, -107, -102, 
-68, -102, -34, 85, -17, -68, 4, -78, -102, -102, -102, -97, 
-82, -117, -34, 100, -24, -75, 9, -63, -97, -92, -92, -87, 
-87, -102, -14, 95, -36, -58, 9, -68, -102, -92, -87, -78, 
-73, -73, 0, 73, -36, -36, 14, -63, -92, -87, -87, -73, 
-43, -63, -19, 53, -12, -41, 14, -63, -92, -92, -97, -78, 
-34, -73, -39, 53, 2, -56, 14, -58, -97, -107, -102, -78, 
-39, -82, -43, 61, 2, -63, 14, -63, -107, -126, -107, -78, 
-48, -78, -29, 63, -9, -53, 19, -53, -102, -126, -107, -68, 
-53, -73, -19, 63, -17, -46, 19, -53, -97, -112, -97, -58, 
-43, -73, -29, 58, -7, -51, 19, -53, -92, -112, -102, -68, 
-29, -73, -43, 51, 7, -58, 9, -58, -92, -102, -97, -68, 
-24, -63, -39, 43, 7, -51, 14, -53, -87, -87, -87, -58, 
-14, -48, -34, 31, 9, -41, 14, -58, -92, -92, -82, -58, 
-24, -48, -24, 36, 0, -36, 9, -58, -92, -92, -87, -68, 
-19, -53, -34, 36, 7, -43, 4, -53, -92, -97, -92, -68, 
-19, -53, -34, 36, 7, -43, 14, -48, -87, -107, -92, -63, 
-24, -53, -29, 39, 2, -41, 9, -53, -92, -122, -97, -58, 
-39, -58, -19, 48, -9, -39, 19, -43, -87, -122, -97, -53, 
-43, -68, -24, 56, -9, -46, 14, -43, -92, -117, -97, -53, 
-58, -82, -24, 70, -17, -53, 14, -48, -92, -102, -97, -58, 
-53, -87, -34, 70, -9, -61, 4, -53, -97, -92, -87, -68, 
-24, -73, -48, 48, 12, -61, 4, -58, -97, -82, -78, -73, 
-9, -58, -48, 34, 19, -53, 4, -53, -92, -87, -68, -68, 
0, -48, -48, 24, 24, -48, 0, -53, -87, -92, -82, -73, 
-19, -58, -39, 39, 9, -48, 0, -48, -87, -87, -87, -68, 
-39, -53, -14, 46, -12, -34, 9, -39, -82, -73, -78, -53, 
-29, -48, -19, 39, -4, -34, 14, -39, -78, -73, -63, -48, 
-19, -34, -14, 26, -2, -24, 19, -39, -78, -68, -63, -53, 
-14, -43, -29, 29, 7, -36, 14, -43, -87, -73, -73, -63, 
-19, -48, -29, 34, 4, -39, 14, -53, -87, -73, -68, -73, 
-14, -43, -29, 29, 7, -36, 4, -58, -87, -73, -68, -78, 
-19, -29, -9, 24, -4, -19, 0, -58, -87, -68, -58, -68, 
-34, -39, -4, 36, -14, -21, 4, -53, -82, -68, -58, -63, 
-43, -53, -9, 48, -17, -31, -9, -58, -87, -78, -68, -78, 
-39, -63, -24, 51, -7, -43, -9, -53, -87, -78, -68, -68, 
-43, -43, 0, 43, -21, -21, 4, -43, -82, -68, -63, -53, 
-43, -39, 4, 41, -24, -17, 19, -39, -73, -63, -48, -48, 
-34, -29, 4, 31, -19, -12, 14, -39, -73, -68, -58, -53, 
-9, -29, -19, 19, 4, -24, 14, -43, -82, -73, -68, -53, 
-14, -29, -14, 21, 0, -21, 9, -53, -87, -73, -63, -53, 
-34, -48, -14, 41, -9, -31, 4, -63, -87, -78, -68, -63, 
-48, -53, -4, 51, -21, -29, -14, -68, -92, -92, -82, -73, 
-48, -48, 0, 48, -24, -24, 0, -68, -92, -87, -73, -63, 
-43, -34, 9, 39, -26, -12, 0, -58, -87, -73, -63, -53, 
-24, -29, -4, 26, -9, -17, 4, -53, -87, -73, -63, -53, 
-9, -14, -4, 12, -2, -9, 9, -48, -82, -68, -58, -48, 
-19, -9, 9, 14, -14, 0, 19, -43, -82, -68, -63, -39, 
-29, -19, 9, 24, -19, -4, 9, -43, -87, -78, -68, -48, 
-34, -43, -9, 39, -12, -26, 4, -53, -97, -87, -78, -58, 
-29, -43, -14, 36, -7, -29, -14, -68, -107, -92, -82, -68, 
-14, -39, -24, 26, 4, -31, 0, -63, -97, -82, -78, -58, 
-9, -24, -14, 17, 2, -19, 0, -58, -92, -78, -68, -58, 
0, -19, -19, 9, 9, -19, 4, -53, -87, -78, -68, -53, 
-9, -34, -24, 21, 7, -29, -9, -63, -92, -87, -73, -68, 
-19, -58, -39, 39, 9, -48, -14, -73, -107, -92, -82, -68, 
-48, -68, -19, 58, -14, -43, -14, -63, -107, -92, -82, -63, 
-68, -73, -4, 70, -31, -39, 0, -63, -102, -102, -82, -58, 
-68, -68, 0, 68, -34, -34, -14, -68, -117, -122, -97, -73, 
-48, -63, -14, 56, -17, -39, -9, -73, -117, -126, -107, -68, 
-19, -43, -24, 31, 2, -34, -14, -68, -112, -117, -102, -63, 
-29, -48, -19, 39, -4, -34, -14, -78, -117, -107, -97, -73, 
-58, -78, -19, 68, -19, -48, -24, -82, -126, -107, -107, -87, 
-68, -92, -24, 80, -21, -58, -24, -82, -126, -107, -112, -87, 
-48, -87, -39, 68, -4, -63, -34, -87, -122, -107, -117, -97, 
-39, -87, -48, 63, 4, -68, -29, -82, -122, -97, -107, -92, 
-39, -73, -34, 56, -2, -53, -24, -73, -117, -92, -97, -92, 
-34, -58, -24, 46, -4, -41, 0, -68, -107, -92, -92, -73, 
-19, -34, -14, 26, -2, -24, 4, -63, -102, -97, -87, -63, 
-14, -24, -9, 19, -2, -17, 14, -58, -102, -97, -87, -58, 
-19, -24, -4, 21, -7, -14, 9, -63, -102, -102, -87, -63, 
-9, -34, -24, 21, 7, -29, 0, -78, -107, -102, -97, -73, 
0, -34, -34, 17, 17, -34, -14, -82, -117, -102, -102, -73, 
-19, -43, -24, 31, 2, -34, -9, -78, -112, -92, -97, -68, 
-43, -58, -14, 51, -14, -36, -9, -73, -112, -92, -102, -63, 
-48, -68, -19, 58, -14, -43, -14, -82, -122, -112, -112, -73, 
-58, -82, -24, 70, -17, -53, -9, -78, -122, -117, -97, -68, 
-73, -92, -19, 82, -26, -56, -9, -78, -122, -117, -92, -73, 
-73, -102, -29, 87, -21, -65, -14, -78, -136, -122, -107, -87, 
-58, -102, -43, 80, -7, -73, -19, -97, -146, -141, -122, -97, 
-48, -87, -39, 68, -4, -63, -24, -97, -146, -131, -112, -87, 
-58, -78, -19, 68, -19, -48, -24, -97, -131, -117, -102, -87, 
-53, -87, -34, 70, -9, -61, -19, -97, -131, -117, -107, -87, 
-58, -87, -29, 73, -14, -58, -19, -97, -136, -131, -117, -82, 
-53, -73, -19, 63, -17, -46, -19, -92, -131, -126, -112, -78, 
-34, -63, -29, 48, -2, -46, -14, -92, -136, -122, -107, -82, 
-19, -53, -34, 36, 7, -43, -9, -87, -136, -117, -112, -82, 
-29, -53, -24, 41, -2, -39, 4, -78, -122, -97, -97, -68, 
-24, -48, -24, 36, 0, -36, -9, -82, -122, -97, -97, -78, 
-19, -68, -48, 43, 14, -58, -9, -87, -136, -107, -107, -87, 
-29, -78, -48, 53, 9, -63, -9, -92, -136, -112, -112, -92, 
-43, -73, -29, 58, -7, -51, -9, -87, -126, -102, -92, -87, 
-53, -68, -14, 61, -19, -41, -9, -87, -126, -97, -87, -87, 
-73, -78, -4, 75, -34, -41, -9, -92, -126, -102, -92, -87, 
-82, -87, -4, 85, -39, -46, -19, -92, -126, -102, -97, -82, 
-63, -78, -14, 70, -24, -46, -19, -92, -131, -102, -102, -82, 
-34, -68, -34, 51, 0, -51, -14, -92, -131, -107, -102, -82, 
-24, -73, -48, 48, 12, -61, -14, -102, -141, -122, -117, -87, 
-34, -82, -48, 58, 7, -65, -24, -102, -156, -126, -126, -97, 
-39, -82, -43, 61, 2, -63, -24, -107, -151, -131, -126, -97, 
-43, -82, -39, 63, -2, -61, -29, -112, -151, -131, -122, -97, 
-48, -92, -43, 70, -2, -68, -29, -112, -146, -131, -112, -102, 
-53, -97, -43, 75, -4, -70, -29, -112, -146, -136, -117, -97, 
-53, -82, -29, 68, -12, -56, -29, -117, -146, -136, -122, -92, 
-43, -63, -19, 53, -12, -41, -29, -112, -146, -126, -117, -82, 
-24, -53, -29, 39, 2, -41, -24, -107, -141, -126, -122, -92, 
-19, -58, -39, 39, 9, -48, -24, -97, -141, -122, -122, -97, 
-29, -63, -34, 46, 2, -48, -9, -92, -136, -122, -117, -82, 
-34, -58, -24, 46, -4, -41, 0, -92, -136, -112, -107, -78, 
-14, -48, -34, 31, 9, -41, -9, -97, -146, -112, -102, -92, 
9, -58, -68, 24, 39, -63, -14, -102, -146, -112, -107, -97, 
9, -53, -63, 21, 36, -58, -14, -112, -146, -112, -112, -97, 
9, -43, -53, 17, 31, -48, -14, -107, -141, -112, -112, -92, 
9, -43, -53, 17, 31, -48, -14, -102, -141, -117, -117, -92, 
-24, -63, -39, 43, 7, -51, -14, -102, -141, -122, -117, -87, 
-48, -78, -29, 63, -9, -53, -24, -112, -156, -141, -136, -97, 
-73, -82, -9, 78, -31, -46, -29, -112, -156, -146, -136, -102, 
-78, -92, -14, 85, -31, -53, -24, -112, -156, -146, -136, -92, 
-63, -92, -29, 78, -17, -61, -24, -112, -156, -141, -126, -92, 
-43, -73, -29, 58, -7, -51, -19, -102, -151, -136, -122, -92, 
-34, -68, -34, 51, 0, -51, -14, -97, -141, -126, -117, -87, 
-48, -78, -29, 63, -9, -53, -24, -112, -151, -126, -126, -102, 
-43, -92, -48, 68, 2, -70, -43, -126, -170, -146, -136, -117, 
-43, -87, -43, 65, 0, -65, -39, -126, -170, -136, -131, -112, 
-48, -82, -34, 65, -7, -58, -39, -122, -165, -136, -131, -107, 
-53, -92, -39, 73, -7, -65, -39, -122, -165, -141, -136, -112, 
-43, -92, -48, 68, 2, -70, -39, -122, -170, -151, -131, -112, 
-34, -87, -53, 61, 9, -70, -29, -117, -165, -146, -122, -107, 
-29, -78, -48, 53, 9, -63, -24, -112, -156, -136, -122, -102, 
-34, -73, -39, 53, 2, -56, -19, -107, -161, -146, -122, -102, 
-43, -78, -34, 61, -4, -56, -24, -117, -161, -146, -117, -97, 
-68, -87, -19, 78, -24, -53, -29, -122, -156, -146, -126, -102, 
-63, -82, -19, 73, -21, -51, -34, -122, -156, -146, -136, -107, 
-34, -68, -34, 51, 0, -51, -34, -117, -161, -151, -146, -107, 
-9, -63, -53, 36, 21, -58, -34, -122, -161, -156, -141, -107, 
-19, -73, -53, 46, 17, -63, -34, -122, -165, -161, -141, -107, 
-34, -82, -48, 58, 7, -65, -39, -122, -175, -165, -146, -107, 
-39, -97, -58, 68, 9, -78, -39, -126, -175, -161, -156, -117, 
-58, -102, -43, 80, -7, -73, -34, -126, -170, -151, -146, -122, 
-78, -97, -19, 87, -29, -58, -19, -112, -165, -146, -136, -112, 
-68, -78, -9, 73, -29, -43, -19, -107, -151, -136, -122, -102, 
-43, -73, -29, 58, -7, -51, -24, -112, -151, -126, -117, -107, 
-34, -78, -43, 56, 4, -61, -24, -122, -156, -131, -122, -112, 
-24, -73, -48, 48, 12, -61, -24, -126, -161, -146, -122, -112, 
-14, -68, -53, 41, 19, -61, -29, -122, -161, -151, -122, -107, 
-9, -63, -53, 36, 21, -58, -19, -112, -151, -141, -117, -102, 
-9, -53, -43, 31, 17, -48, -14, -112, -151, -141, -122, -97, 
-9, -58, -48, 34, 19, -53, -24, -122, -165, -156, -141, -112, 
-34, -92, -58, 63, 12, -75, -34, -131, -175, -165, -161, -122, 
-48, -107, -58, 78, 4, -82, -34, -131, -185, -170, -165, -117, 
-34, -73, -39, 53, 2, -56, -29, -131, -175, -161, -161, -112, 
-29, -63, -34, 46, 2, -48, -34, -131, -175, -156, -151, -112, 
-43, -73, -29, 58, -7, -51, -34, -122, -161, -146, -136, -112, 
-43, -78, -34, 61, -4, -56, -24, -122, -161, -146, -131, -107, 
-29, -68, -39, 48, 4, -53, -24, -126, -165, -156, -136, -112, 
-19, -73, -53, 46, 17, -63, -43, -136, -180, -165, -151, -126, 
-39, -92, -53, 65, 7, -73, -48, -136, -180, -161, -151, -126, 
-48, -102, -53, 75, 2, -78, -48, -141, -185, -161, -156, -131, 
-34, -97, -63, 65, 14, -80, -43, -136, -190, -161, -151, -131, 
-19, -102, -82, 61, 31, -92, -34, -131, -180, -146, -141, -126, 
-39, -107, -68, 73, 14, -87, -29, -136, -165, -146, -146, -122, 
-73, -122, -48, 97, -12, -85, -34, -141, -170, -156, -151, -131, 
-87, -131, -43, 109, -21, -87, -29, -141, -170, -151, -136, -126, 
-73, -122, -48, 97, -12, -85, -29, -146, -170, -151, -136, -122, 
-53, -112, -58, 82, 2, -85, -34, -141, -170, -151, -146, -126, 
-53, -107, -53, 80, 0, -80, -24, -136, -175, -156, -146, -126, 
-58, -97, -39, 78, -9, -68, -19, -131, -170, -151, -141, -122, 
-48, -87, -39, 68, -4, -63, -9, -122, -161, -146, -136, -112, 
-34, -68, -34, 51, 0, -51, -14, -126, -165, -156, -151, -112, 
-34, -73, -39, 53, 2, -56, -9, -122, -165, -156, -151, -107, 
-29, -92, -63, 61, 17, -78, -24, -136, -175, -170, -165, -117, 
-29, -112, -82, 70, 26, -97, -34, -151, -180, -175, -165, -122, 
-48, -107, -58, 78, 4, -82, -34, -146, -175, -165, -161, -117, 
-63, -112, -48, 87, -7, -80, -34, -141, -180, -170, -151, -117, 
-58, -112, -53, 85, -2, -82, -43, -151, -180, -175, -156, -122, 
-53, -102, -48, 78, -2, -75, -34, -141, -180, -170, -146, -122, 
-43, -87, -43, 65, 0, -65, -24, -131, -180, -165, -151, -117, 
-39, -92, -53, 65, 7, -73, -19, -131, -185, -170, -151, -117, 
-48, -102, -53, 75, 2, -78, -29, -141, -185, -170, -156, -122, 
-53, -112, -58, 82, 2, -85, -19, -131, -175, -165, -151, -122, 
-43, -102, -58, 73, 7, -80, -24, -131, -170, -165, -156, -117, 
-39, -97, -58, 68, 9, -78, -34, -146, -180, -175, -156, -117, 
-43, -87, -43, 65, 0, -65, -34, -146, -180, -175, -151, -112, 
-43, -92, -48, 68, 2, -70, -24, -136, -180, -175, -146, -112, 
-48, -87, -39, 68, -4, -63, -19, -131, -170, -165, -146, -102, 
-39, -87, -48, 63, 4, -68, -9, -117, -161, -156, -136, -102, 
-24, -82, -58, 53, 17, -70, -14, -117, -161, -151, -146, -107, 
-14, -73, -58, 43, 21, -65, -9, -112, -156, -146, -146, -102, 
-9, -58, -48, 34, 19, -53, 4, -102, -146, -136, -136, -102, 
-19, -68, -48, 43, 14, -58, 19, -87, -131, -117, -117, -102, 
-24, -73, -48, 48, 12, -61, 24, -87, -122, -97, -107, -102, 
-14, -63, -48, 39, 17, -56, 19, -87, -122, -92, -107, -102, 
4, -39, -43, 17, 24, -41, 19, -92, -122, -97, -107, -102, 
0, -24, -24, 12, 12, -24, 29, -82, -117, -87, -92, -92, 
4, -14, -19, 4, 12, -17, 24, -82, -102, -82, -82, -87, 
24, 0, -24, -12, 24, -12, 24, -87, -107, -92, -92, -87, 
34, -9, -43, -12, 39, -26, 24, -73, -102, -97, -92, -78, 
24, -14, -39, -4, 31, -26, 43, -58, -92, -92, -82, -68, 
19, -9, -29, -4, 24, -19, 48, -53, -87, -87, -87, -68, 
4, -24, -29, 9, 17, -26, 48, -53, -87, -92, -87, -63, 
-24, -43, -19, 34, -2, -31, 39, -58, -87, -92, -87, -68, 
-29, -39, -9, 34, -9, -24, 39, -43, -78, -92, -78, -63, 
-14, -24, -9, 19, -2, -17, 34, -39, -73, -92, -78, -58, 
4, -34, -39, 14, 21, -36, 19, -48, -87, -97, -87, -63, 
0, -48, -48, 24, 24, -48, -14, -58, -97, -97, -97, -78, 
-9, -53, -43, 31, 17, -48, -24, -53, -92, -87, -87, -68, 
4, -43, -48, 19, 26, -46, -43, -68, -97, -87, -87, -73, 
14, -34, -48, 9, 31, -41, -48, -68, -87, -82, -87, -73, 
24, -14, -39, -4, 31, -26, -53, -92, -87, -82, -87, -68, 
29, 0, -29, -14, 29, -14, -53, -107, -97, -92, -82, -68, 
24, -14, -39, -4, 31, -26, -63, -112, -112, -107, -97, -68, 
4, -39, -43, 17, 24, -41, -73, -126, -131, -122, -112, -78, 
-14, -53, -39, 34, 12, -46, -92, -146, -151, -126, -122, -87, 
-9, -53, -43, 31, 17, -48, -92, -151, -156, -131, -126, -97, 
-9, -53, -43, 31, 17, -48, -92, -161, -175, -141, -126, -102, 
-19, -63, -43, 41, 12, -53, -87, -170, -200, -156, -136, -112, 
-19, -48, -29, 34, 4, -39, -82, -175, -209, -156, -136, -112, 
-9, -39, -29, 24, 9, -34, -68, -161, -195, -151, -126, -97, 
4, -39, -43, 17, 24, -41, -58, -146, -190, -151, -126, -92, 
24, -43, -68, 9, 46, -56, -58, -136, -180, -141, -126, -97, 
29, -34, -63, 2, 46, -48, -53, -122, -165, -122, -112, -82, 
24, -24, -48, 0, 36, -36, -39, -102, -136, -102, -92, -68, 
39, -14, -53, -12, 46, -34, -43, -107, -141, -107, -92, -68, 
58, -9, -68, -24, 63, -39, -53, -122, -146, -102, -97, -73, 
48, -14, -63, -17, 56, -39, -58, -126, -151, -107, -92, -63, 
39, -9, -48, -14, 43, -29, -63, -126, -151, -112, -97, -58, 
34, 0, -34, -17, 34, -17, -58, -122, -165, -117, -92, -58, 
19, -19, -39, 0, 29, -29, -58, -117, -161, -122, -102, -68, 
-19, -53, -34, 36, 7, -43, -39, -112, -161, -131, -117, -78, 
-63, -92, -29, 78, -17, -61, -34, -107, -165, -146, -136, -97, 
-87, -112, -24, 100, -31, -68, -29, -122, -180, -156, -146, -102, 
-58, -102, -43, 80, -7, -73, -39, -141, -195, -175, -156, -107, 
-29, -82, -53, 56, 12, -68, -39, -151, -200, -175, -165, -97, 
-39, -87, -48, 63, 4, -68, -39, -146, -195, -161, -156, -97, 
-58, -82, -24, 70, -17, -53, -43, -151, -195, -161, -156, -107, 
-43, -92, -48, 68, 2, -70, -48, -161, -219, -170, -165, -122, 
-34, -97, -63, 65, 14, -80, -48, -165, -219, -180, -161, -122, 
-43, -102, -58, 73, 7, -80, -48, -156, -200, -165, -146, -107, 
-48, -92, -43, 70, -2, -68, -43, -151, -195, -151, -136, -102, 
-34, -92, -58, 63, 12, -75, -48, -151, -209, -156, -141, -117, 
-34, -87, -53, 61, 9, -70, -43, -156, -200, -156, -141, -112, 
-48, -87, -39, 68, -4, -63, -39, -151, -190, -146, -131, -107, 
-48, -87, -39, 68, -4, -63, -29, -146, -190, -151, -136, -112, 
-43, -82, -39, 63, -2, -61, -29, -146, -190, -161, -141, -112, 
-39, -82, -43, 61, 2, -63, -29, -146, -185, -161, -146, -107, 
-29, -78, -48, 53, 9, -63, -34, -141, -190, -161, -141, -102, 
-24, -68, -43, 46, 9, -56, -24, -141, -195, -156, -141, -107, 
-19, -58, -39, 39, 9, -48, -19, -136, -185, -141, -141, -97, 
-14, -53, -39, 34, 12, -46, -19, -126, -170, -141, -141, -87, 
-19, -63, -43, 41, 12, -53, -24, -131, -185, -165, -146, -92, 
-34, -68, -34, 51, 0, -51, -29, -136, -185, -170, -141, -97, 
-39, -63, -24, 51, -7, -43, -24, -131, -180, -161, -141, -92, 
-39, -68, -29, 53, -4, -48, -34, -141, -185, -161, -151, -102, 
-34, -82, -48, 58, 7, -65, -43, -151, -185, -161, -151, -107, 
-39, -87, -48, 63, 4, -68, -39, -146, -180, -141, -141, -97, 
-34, -73, -39, 53, 2, -56, -19, -131, -170, -126, -126, -92, 
-24, -63, -39, 43, 7, -51, -14, -131, -170, -131, -126, -92, 
-39, -78, -39, 58, 0, -58, -19, -131, -175, -131, -131, -97, 
-63, -102, -39, 82, -12, -70, -19, -126, -170, -131, -131, -102, 
-53, -102, -48, 78, -2, -75, 0, -107, -161, -136, -136, -112, 
-34, -82, -48, 58, 7, -65, 34, -58, -131, -136, -131, -112, 
-39, -97, -58, 68, 9, -78, 78, 14, -97, -131, -136, -117, 
-43, -122, -78, 82, 17, -100, 117, 68, -73, -141, -146, -136, 
-48, -126, -78, 87, 14, -102, 165, 122, -24, -126, -146, -146, 
-63, -131, -68, 97, 2, -100, 229, 185, 58, -78, -122, -131, 
-73, -131, -58, 102, -7, -95, 273, 258, 122, -43, -102, -122, 
-68, -131, -63, 100, -2, -97, 361, 385, 219, 4, -78, -112, 
-68, -136, -68, 102, 0, -102, 488, 590, 356, 82, -19, -87, 
-53, -112, -58, 82, 2, -85, 575, 756, 483, 190, 73, -29, 
-9, -34, -24, 21, 7, -29, 590, 751, 566, 302, 170, 53, 
48, 63, 14, -56, 17, 39, 546, 639, 649, 434, 307, 161, 
82, 146, 63, -114, 9, 104, 478, 502, 727, 595, 463, 287, 
112, 219, 107, -165, 2, 163, 390, 375, 824, 761, 629, 429, 
146, 292, 146, -219, 0, 219, 283, 263, 936, 946, 814, 570, 
195, 429, 234, -312, -19, 331, 107, 87, 1049, 1151, 1010, 746, 
258, 614, 356, -436, -48, 485, -161, -146, 1107, 1346, 1220, 927, 
297, 732, 434, -514, -68, 583, -478, -429, 1063, 1424, 1337, 1049, 
297, 751, 453, -524, -78, 602, -751, -780, 873, 1298, 1268, 1039, 
283, 692, 409, -488, -63, 551, -893, -1058, 634, 1058, 1088, 932, 
258, 585, 326, -422, -34, 456, -971, -1190, 366, 766, 863, 790, 
214, 492, 278, -353, -31, 385, -1102, -1390, -34, 429, 590, 624, 
151, 444, 292, -297, -70, 368, -1249, -1717, -512, 82, 317, 458, 
87, 409, 322, -248, -117, 366, -1337, -1927, -893, -200, 73, 292, 
43, 361, 317, -202, -136, 339, -1337, -1937, -1132, -395, -107, 161, 
43, 366, 322, -204, -139, 344, -1337, -1903, -1239, -473, -190, 102, 
68, 385, 317, -226, -124, 351, -1312, -1766, -1112, -380, -141, 122, 
78, 341, 263, -209, -92, 302, -1176, -1503, -878, -278, -78, 126, 
68, 273, 204, -170, -68, 239, -976, -1239, -736, -263, -97, 87, 
63, 234, 170, -148, -53, 202, -775, -1000, -619, -253, -117, 48, 
73, 214, 141, -143, -34, 178, -605, -780, -463, -185, -87, 43, 
68, 170, 102, -119, -17, 136, -468, -585, -341, -141, -58, 43, 
48, 126, 78, -87, -14, 102, -356, -453, -268, -126, -53, 43, 
34, 102, 68, -68, -17, 85, -273, -341, -200, -97, -39, 34, 
19, 87, 68, -53, -24, 78, -200, -273, -131, -48, -14, 34, 
9, 82, 73, -46, -31, 78, -146, -214, -92, -29, 0, 39, 
14, 87, 73, -51, -29, 80, -102, -156, -63, -24, 0, 39, 
29, 87, 58, -58, -14, 73, -68, -112, -48, -24, -9, 39, 
24, 68, 43, -46, -9, 56, -48, -102, -48, -29, -14, 29, 
14, 43, 29, -29, -7, 36, -43, -92, -58, -43, -34, 4, 
14, 34, 19, -24, -2, 26, -39, -87, -63, -48, -43, 0, 
0, 24, 24, -12, -12, 24, -29, -78, -63, -58, -39, 0, 
-14, 24, 39, -4, -26, 31, -19, -63, -58, -58, -39, -9, 
-19, 19, 39, 0, -29, 29, 4, -39, -43, -58, -34, -9, 
-24, 14, 39, 4, -31, 26, 14, -29, -48, -58, -34, -9, 
-24, 14, 39, 4, -31, 26, 29, -14, -43, -63, -34, -9, 
-14, 19, 34, -2, -24, 26, 39, 9, -34, -53, -29, 0, 
-14, 4, 19, 4, -17, 12, 48, 29, -19, -39, -29, -9, 
-39, -14, 24, 26, -31, 4, 53, 34, -9, -24, -34, -9, 
-43, -24, 19, 34, -31, -2, 58, 39, 9, -24, -39, -19, 
-34, -19, 14, 26, -24, -2, 63, 43, 9, -19, -34, -24, 
-19, -34, -14, 26, -2, -24, 58, 39, 0, -29, -43, -29, 
0, -34, -34, 17, 17, -34, 53, 39, 0, -34, -39, -34, 
9, -24, -34, 7, 21, -29, 63, 53, 14, -29, -34, -29, 
-9, -14, -4, 12, -2, -9, 82, 73, 24, -9, -14, -9, 
-24, -14, 9, 19, -17, -2, 97, 82, 39, 0, -9, -9, 
-24, -14, 9, 19, -17, -2, 92, 87, 43, 14, 0, -19, 
-14, -9, 4, 12, -9, -2, 92, 92, 48, 24, 14, -14, 
-14, 4, 19, 4, -17, 12, 92, 97, 53, 39, 24, 4, 
-9, 9, 19, 0, -14, 14, 92, 97, 63, 29, 14, -9, 
9, 14, 4, -12, 2, 9, 92, 102, 63, 29, 14, -14, 
14, 19, 4, -17, 4, 12, 87, 97, 63, 24, 19, -9, 
9, 19, 9, -14, 0, 14, 92, 107, 68, 29, 24, 0, 
4, 4, 0, -4, 2, 2, 97, 122, 78, 34, 24, -9, 
0, -9, -9, 4, 4, -9, 97, 117, 63, 29, 19, -9, 
-9, -9, 0, 9, -4, -4, 102, 122, 78, 24, 19, 0, 
-9, 0, 9, 4, -9, 4, 102, 141, 87, 29, 24, 9, 
-14, -9, 4, 12, -9, -2, 102, 146, 92, 34, 29, 9, 
-19, -9, 9, 14, -14, 0, 107, 151, 97, 39, 29, 19, 
-9, 9, 19, 0, -14, 14, 97, 146, 102, 29, 24, 14, 
0, 19, 19, -9, -9, 19, 97, 156, 102, 34, 39, 19, 
4, 24, 19, -14, -7, 21, 102, 161, 112, 43, 48, 29, 
9, 24, 14, -17, -2, 19, 112, 165, 122, 58, 53, 34, 
9, 14, 4, -12, 2, 9, 107, 170, 117, 53, 48, 29, 
0, 14, 14, -7, -7, 14, 102, 170, 112, 58, 48, 29, 
4, 19, 14, -12, -4, 17, 97, 170, 117, 53, 43, 24, 
4, 9, 4, -7, 0, 7, 97, 175, 122, 58, 43, 19, 
0, 0, 0, 0, 0, 0, 97, 175, 122, 53, 43, 19, 
9, 19, 9, -14, 0, 14, 97, 180, 126, 58, 53, 29, 
29, 43, 14, -36, 7, 29, 102, 195, 146, 63, 58, 39, 
19, 48, 29, -34, -4, 39, 107, 209, 151, 68, 58, 43, 
4, 29, 24, -17, -9, 26, 112, 214, 165, 82, 63, 48, 
-9, 14, 24, -2, -17, 19, 102, 209, 161, 82, 58, 43, 
0, 0, 0, 0, 0, 0, 102, 219, 165, 92, 63, 43, 
4, 9, 4, -7, 0, 7, 102, 224, 170, 102, 68, 43, 
4, 19, 14, -12, -4, 17, 102, 229, 175, 97, 68, 39, 
14, 24, 9, -19, 2, 17, 102, 234, 180, 107, 73, 43, 
14, 39, 24, -26, -4, 31, 112, 248, 195, 122, 87, 53, 
9, 43, 34, -26, -12, 39, 117, 253, 214, 126, 102, 63, 
19, 39, 19, -29, 0, 29, 112, 253, 224, 122, 97, 58, 
19, 34, 14, -26, 2, 24, 112, 258, 229, 126, 102, 68, 
4, 34, 29, -19, -12, 31, 117, 268, 234, 131, 107, 82, 
4, 43, 39, -24, -17, 41, 122, 278, 244, 131, 112, 92, 
29, 53, 24, -41, 2, 39, 126, 292, 253, 126, 117, 92, 
39, 58, 19, -48, 9, 39, 122, 297, 253, 131, 117, 102, 
34, 63, 29, -48, 2, 46, 126, 307, 258, 146, 117, 107, 
24, 63, 39, -43, -7, 51, 126, 312, 273, 165, 131, 107, 
14, 63, 48, -39, -17, 56, 131, 326, 292, 180, 146, 117, 
24, 78, 53, -51, -14, 65, 126, 331, 302, 190, 156, 117, 
39, 97, 58, -68, -9, 78, 136, 346, 317, 209, 175, 126, 
39, 97, 58, -68, -9, 78, 141, 370, 336, 224, 190, 141, 
34, 87, 53, -61, -9, 70, 141, 375, 346, 229, 190, 141, 
43, 92, 48, -68, -2, 70, 136, 375, 346, 234, 190, 136, 
53, 97, 43, -75, 4, 70, 141, 395, 356, 234, 185, 136, 
43, 92, 48, -68, -2, 70, 156, 414, 375, 239, 204, 151, 
43, 97, 53, -70, -4, 75, 161, 434, 390, 248, 219, 161, 
48, 97, 48, -73, 0, 73, 156, 444, 390, 248, 219, 161, 
48, 97, 48, -73, 0, 73, 165, 458, 409, 263, 234, 165, 
48, 112, 63, -80, -7, 87, 165, 463, 429, 278, 248, 165, 
39, 122, 82, -80, -21, 102, 170, 483, 444, 292, 253, 175, 
43, 126, 82, -85, -19, 104, 170, 502, 458, 312, 263, 185, 
68, 131, 63, -100, 2, 97, 165, 502, 463, 317, 268, 190, 
87, 141, 53, -114, 17, 97, 161, 507, 468, 312, 268, 190, 
97, 146, 48, -122, 24, 97, 161, 531, 483, 322, 273, 190, 
107, 151, 43, -129, 31, 97, 170, 551, 502, 336, 292, 209, 
97, 175, 78, -136, 9, 126, 195, 585, 536, 370, 331, 239, 
92, 204, 112, -148, -9, 158, 209, 614, 561, 395, 356, 253, 
82, 185, 102, -134, -9, 143, 195, 619, 566, 395, 361, 253, 
78, 165, 87, -122, -4, 126, 185, 619, 570, 395, 356, 253, 
78, 165, 87, -122, -4, 126, 185, 629, 580, 390, 356, 253, 
78, 175, 97, -126, -9, 136, 185, 644, 590, 409, 366, 273, 
82, 185, 102, -134, -9, 143, 185, 653, 610, 419, 385, 292, 
92, 209, 117, -151, -12, 163, 190, 663, 624, 434, 395, 302, 
112, 224, 112, -168, 0, 168, 204, 683, 639, 453, 409, 307, 
126, 239, 112, -183, 7, 175, 209, 697, 649, 478, 424, 317, 
126, 239, 112, -183, 7, 175, 214, 712, 663, 492, 434, 326, 
117, 229, 112, -173, 2, 170, 204, 707, 663, 488, 429, 317, 
97, 214, 117, -156, -9, 165, 195, 707, 663, 488, 434, 317, 
107, 214, 107, -161, 0, 161, 190, 712, 678, 502, 453, 331, 
136, 239, 102, -187, 17, 170, 180, 707, 688, 507, 463, 331, 
141, 248, 107, -195, 17, 178, 180, 712, 683, 512, 463, 336, 
107, 239, 131, -173, -12, 185, 180, 712, 688, 512, 458, 346, 
87, 234, 146, -161, -29, 190, 180, 717, 692, 512, 468, 361, 
82, 239, 156, -161, -36, 197, 180, 722, 697, 517, 483, 375, 
87, 239, 151, -163, -31, 195, 170, 712, 688, 517, 483, 375, 
107, 244, 136, -175, -14, 190, 165, 702, 688, 517, 488, 375, 
131, 268, 136, -200, -2, 202, 165, 697, 688, 527, 492, 380, 
136, 283, 146, -209, -4, 214, 156, 688, 683, 527, 497, 385, 
136, 268, 131, -202, 2, 200, 141, 658, 658, 522, 488, 385, 
141, 273, 131, -207, 4, 202, 126, 639, 649, 517, 478, 375, 
141, 283, 141, -212, 0, 212, 126, 634, 653, 527, 483, 385, 
117, 273, 156, -195, -19, 214, 117, 600, 639, 522, 478, 380, 
107, 253, 146, -180, -19, 200, 102, 566, 600, 492, 458, 366, 
117, 248, 131, -183, -7, 190, 87, 536, 570, 468, 444, 351, 
126, 244, 117, -185, 4, 180, 78, 507, 551, 444, 434, 336, 
122, 239, 117, -180, 2, 178, 63, 468, 517, 414, 400, 322, 
107, 234, 126, -170, -9, 180, 68, 448, 483, 385, 385, 317, 
87, 224, 136, -156, -24, 180, 58, 414, 444, 375, 361, 302, 
78, 209, 131, -143, -26, 170, 39, 370, 414, 356, 331, 273, 
68, 180, 112, -124, -21, 146, 39, 346, 385, 341, 302, 258, 
68, 165, 97, -117, -14, 131, 34, 307, 346, 307, 273, 234, 
78, 161, 82, -119, -2, 122, 24, 268, 307, 268, 244, 204, 
82, 151, 68, -117, 7, 109, 14, 239, 278, 244, 224, 175, 
58, 122, 63, -90, -2, 92, 14, 219, 248, 214, 204, 156, 
43, 107, 63, -75, -9, 85, 19, 195, 214, 185, 180, 141, 
53, 102, 48, -78, 2, 75, 14, 170, 180, 156, 161, 126, 
48, 87, 39, -68, 4, 63, 9, 146, 156, 136, 126, 107, 
29, 68, 39, -48, -4, 53, 14, 126, 131, 122, 117, 97, 
9, 58, 48, -34, -19, 53, 4, 97, 107, 92, 92, 73, 
4, 39, 34, -21, -14, 36, 0, 73, 82, 73, 68, 53, 
19, 14, -4, -17, 12, 4, 0, 53, 58, 53, 39, 39, 
24, 19, -4, -21, 14, 7, -9, 39, 39, 34, 19, 29, 
14, 29, 14, -21, 0, 21, -9, 29, 34, 24, 24, 29, 
19, 34, 14, -26, 2, 24, 0, 24, 14, 9, 19, 14, 
29, 9, -19, -19, 24, -4, 0, 9, -14, -9, -9, -9, 
4, -9, -14, 2, 9, -12, -14, -14, -39, -29, -29, -19, 
-29, -14, 14, 21, -21, 0, 0, -14, -34, -39, -34, -14, 
-24, -19, 4, 21, -14, -7, 4, -24, -39, -43, -34, -24, 
-14, -19, -4, 17, -4, -12, 0, -34, -58, -73, -53, -34, 
-9, -29, -19, 19, 4, -24, -9, -43, -68, -78, -68, -39, 
4, -29, -34, 12, 19, -31, -9, -53, -73, -78, -73, -48, 
4, -29, -34, 12, 19, -31, -14, -58, -78, -73, -73, -58, 
-9, -39, -29, 24, 9, -34, -9, -58, -78, -63, -68, -53, 
-19, -43, -24, 31, 2, -34, 4, -58, -82, -68, -68, -53, 
-9, -39, -29, 24, 9, -34, 4, -58, -78, -73, -68, -58, 
-14, -29, -14, 21, 0, -21, 0, -68, -78, -68, -68, -68, 
-29, -29, 0, 29, -14, -14, 4, -63, -78, -63, -68, -63, 
-24, -34, -9, 29, -7, -21, 4, -68, -82, -73, -68, -53, 
-19, -43, -24, 31, 2, -34, 0, -73, -92, -92, -87, -58, 
-34, -58, -24, 46, -4, -41, -9, -73, -97, -97, -92, -68, 
-39, -58, -19, 48, -9, -39, 4, -68, -92, -87, -82, -63, 
-24, -48, -24, 36, 0, -36, 0, -78, -92, -87, -82, -68, 
-14, -39, -24, 26, 4, -31, 0, -73, -92, -82, -82, -73, 
-9, -48, -39, 29, 14, -43, 4, -73, -97, -87, -92, -78, 
0, -48, -48, 24, 24, -48, 4, -73, -107, -92, -97, -78, 
-9, -43, -34, 26, 12, -39, 4, -73, -102, -97, -97, -78, 
-9, -34, -24, 21, 7, -29, 9, -68, -102, -97, -97, -78, 
-9, -34, -24, 21, 7, -29, 14, -63, -97, -92, -82, -73, 
-9, -29, -19, 19, 4, -24, 9, -63, -92, -82, -78, -63, 
0, -24, -24, 12, 12, -24, 9, -63, -92, -87, -87, -68, 
0, -29, -29, 14, 14, -29, 9, -68, -102, -92, -87, -73, 
-29, -58, -29, 43, 0, -43, -9, -78, -107, -102, -87, -78, 
-53, -82, -29, 68, -12, -56, -24, -82, -117, -117, -107, -87, 
-58, -87, -29, 73, -14, -58, -14, -78, -122, -117, -117, -87, 
-43, -82, -39, 63, -2, -61, -9, -73, -117, -107, -117, -82, 
-29, -73, -43, 51, 7, -58, 0, -73, -112, -97, -107, -82, 
-9, -53, -43, 31, 17, -48, 9, -58, -102, -87, -102, -78, 
4, -43, -48, 19, 26, -46, 9, -63, -102, -92, -97, -78, 
-19, -53, -34, 36, 7, -43, 4, -58, -112, -102, -97, -82, 
-58, -68, -9, 63, -24, -39, 4, -63, -102, -102, -97, -82, 
-68, -73, -4, 70, -31, -39, 9, -58, -97, -97, -102, -78, 
-63, -73, -9, 68, -26, -41, 9, -58, -97, -92, -97, -78, 
-58, -78, -19, 68, -19, -48, 4, -53, -97, -97, -97, -78, 
-53, -73, -19, 63, -17, -46, 9, -58, -92, -92, -97, -78, 
-43, -53, -9, 48, -17, -31, 14, -58, -92, -102, -97, -63, 
-24, -39, -14, 31, -4, -26, 14, -53, -97, -112, -102, -58, 
0, -29, -29, 14, 14, -29, 19, -43, -92, -117, -102, -53, 
-9, -29, -19, 19, 4, -24, 14, -53, -97, -107, -97, -58, 
-34, -43, -9, 39, -12, -26, 9, -63, -102, -107, -92, -73, 
-34, -53, -19, 43, -7, -36, 0, -68, -107, -107, -102, -78, 
-9, -48, -39, 29, 14, -43, 0, -58, -102, -97, -97, -73, 
9, -34, -43, 12, 26, -39, -9, -68, -97, -92, -97, -82, 
4, -43, -48, 19, 26, -46, 0, -63, -97, -97, -97, -87, 
0, -58, -58, 29, 29, -58, 4, -63, -97, -97, -102, -82, 
0, -48, -48, 24, 24, -48, 14, -53, -97, -92, -87, -73, 
-14, -43, -29, 29, 7, -36, 14, -53, -97, -92, -87, -78, 
-29, -53, -24, 41, -2, -39, 19, -48, -87, -82, -87, -78, 
-29, -58, -29, 43, 0, -43, 14, -48, -82, -82, -78, -78, 
-9, -48, -39, 29, 14, -43, 14, -48, -97, -92, -82, -78, 
-9, -39, -29, 24, 9, -34, 9, -53, -102, -97, -92, -78, 
-19, -39, -19, 29, 0, -29, 19, -43, -92, -87, -82, -68, 
-24, -24, 0, 24, -12, -12, 24, -34, -78, -82, -63, -58, 
-24, -9, 14, 17, -19, 2, 39, -24, -63, -78, -53, -48, 
-19, -19, 0, 19, -9, -9, 29, -19, -63, -68, -58, -39, 
-9, -34, -24, 21, 7, -29, 19, -34, -82, -73, -73, -58, 
-9, -48, -39, 29, 14, -43, 14, -43, -92, -82, -78, -68, 
-24, -53, -29, 39, 2, -41, 4, -53, -97, -87, -87, -73, 
-43, -58, -14, 51, -14, -36, 0, -58, -97, -87, -87, -78, 
-39, -53, -14, 46, -12, -34, 0, -58, -102, -82, -87, -82, 
-29, -53, -24, 41, -2, -39, 4, -58, -92, -78, -78, -78, 
-24, -53, -29, 39, 2, -41, 4, -53, -97, -82, -87, -78, 
-39, -43, -4, 41, -17, -24, 14, -43, -87, -78, -78, -68, 
-43, -29, 14, 36, -29, -7, 24, -29, -82, -63, -68, -63, 
-34, -34, 0, 34, -17, -17, 9, -43, -87, -73, -68, -73, 
-29, -39, -9, 34, -9, -24, 4, -43, -92, -78, -68, -73, 
-14, -43, -29, 29, 7, -36, 4, -53, -92, -87, -78, -78, 
4, -39, -43, 17, 24, -41, 4, -53, -97, -92, -82, -73, 
14, -29, -43, 7, 29, -36, 14, -53, -87, -82, -73, -58, 
9, -19, -29, 4, 19, -24, 4, -53, -92, -82, -78, -58, 
0, -24, -24, 12, 12, -24, 9, -53, -92, -87, -82, -63, 
-9, -24, -14, 17, 2, -19, 14, -43, -87, -78, -73, -53, 
-9, -24, -14, 17, 2, -19, 14, -48, -82, -68, -63, -53, 
-9, -29, -19, 19, 4, -24, 9, -53, -87, -73, -73, -63, 
-19, -43, -24, 31, 2, -34, 4, -63, -92, -78, -78, -68, 
-39, -58, -19, 48, -9, -39, 4, -58, -87, -73, -73, -68, 
-53, -63, -9, 58, -21, -36, 4, -58, -92, -78, -73, -73, 
-39, -53, -14, 46, -12, -34, 4, -58, -92, -82, -78, -73, 
-29, -48, -19, 39, -4, -34, 4, -63, -92, -82, -78, -68, 
-43, -48, -4, 46, -19, -26, 4, -63, -92, -82, -78, -68, 
-48, -53, -4, 51, -21, -29, 0, -68, -102, -92, -87, -73, 
-34, -48, -14, 41, -9, -31, -9, -73, -107, -102, -92, -68, 
-19, -48, -29, 34, 4, -39, 0, -73, -102, -102, -92, -68, 
-9, -43, -34, 26, 12, -39, 0, -68, -102, -97, -92, -68, 
9, -39, -48, 14, 29, -43, 0, -68, -107, -97, -92, -73, 
4, -48, -53, 21, 29, -51, -9, -73, -112, -102, -102, -78, 
-29, -68, -39, 48, 4, -53, -14, -78, -112, -102, -107, -78, 
-43, -68, -24, 56, -9, -46, 0, -73, -107, -97, -97, -78, 
-48, -63, -14, 56, -17, -39, 9, -73, -107, -92, -87, -68, 
-43, -63, -19, 53, -12, -41, 0, -78, -107, -92, -87, -73, 
-34, -63, -29, 48, -2, -46, -14, -78, -107, -97, -87, -78, 
-19, -53, -34, 36, 7, -43, -14, -78, -107, -97, -82, -68, 
0, -39, -39, 19, 19, -39, -14, -73, -112, -102, -87, -68, 
4, -29, -34, 12, 19, -31, -9, -73, -107, -102, -92, -68, 
9, -29, -39, 9, 24, -34, -9, -73, -112, -112, -102, -73, 
0, -39, -39, 19, 19, -39, 4, -68, -107, -107, -97, -68, 
-19, -58, -39, 39, 9, -48, 4, -68, -122, -112, -102, -78, 
-34, -68, -34, 51, 0, -51, 4, -68, -122, -112, -97, -78, 
-39, -53, -14, 46, -12, -34, 0, -68, -117, -112, -97, -73, 
-43, -48, -4, 46, -19, -26, 4, -68, -107, -107, -87, -63, 
-43, -48, -4, 46, -19, -26, 4, -68, -107, -107, -87, -63, 
-43, -48, -4, 46, -19, -26, 0, -73, -107, -107, -87, -58, 
-19, -53, -34, 36, 7, -43, -9, -78, -117, -112, -102, -68, 
-19, -63, -43, 41, 12, -53, -19, -87, -126, -117, -112, -78, 
-34, -68, -34, 51, 0, -51, -9, -78, -117, -107, -107, -78, 
-39, -68, -29, 53, -4, -48, -9, -78, -126, -97, -102, -82, 
-29, -73, -43, 51, 7, -58, -9, -82, -126, -97, -107, -82, 
-19, -58, -39, 39, 9, -48, 9, -68, -112, -82, -97, -82, 
-9, -58, -48, 34, 19, -53, 9, -68, -112, -82, -87, -78, 
-14, -58, -43, 36, 14, -51, 0, -73, -117, -92, -87, -78, 
-9, -53, -43, 31, 17, -48, -9, -82, -126, -97, -97, -87, 
0, -43, -43, 21, 21, -43, 0, -78, -117, -92, -92, -78, 
9, -29, -39, 9, 24, -34, 0, -73, -112, -87, -92, -68, 
14, -24, -39, 4, 26, -31, -9, -78, -117, -97, -102, -73, 
9, -29, -39, 9, 24, -34, 0, -73, -117, -97, -107, -73, 
9, -39, -48, 14, 29, -43, -9, -78, -122, -112, -112, -73, 
-9, -53, -43, 31, 17, -48, -9, -82, -131, -131, -126, -82, 
-43, -73, -29, 58, -7, -51, 0, -82, -126, -122, -117, -78, 
-58, -73, -14, 65, -21, -43, 0, -78, -126, -107, -107, -82, 
-58, -78, -19, 68, -19, -48, -9, -87, -122, -102, -102, -87, 
-53, -82, -29, 68, -12, -56, -24, -97, -136, -107, -112, -97, 
-53, -82, -29, 68, -12, -56, -24, -102, -136, -102, -107, -102, 
-34, -68, -34, 51, 0, -51, -9, -87, -122, -87, -97, -87, 
-14, -53, -39, 34, 12, -46, 0, -82, -112, -82, -87, -73, 
-19, -58, -39, 39, 9, -48, -9, -87, -122, -92, -92, -82, 
-29, -78, -48, 53, 9, -63, -14, -87, -126, -97, -92, -87, 
-14, -78, -63, 46, 24, -70, -9, -87, -126, -102, -97, -82, 
-24, -63, -39, 43, 7, -51, 4, -82, -122, -92, -97, -68, 
-43, -63, -19, 53, -12, -41, 0, -82, -122, -97, -102, -73, 
-68, -82, -14, 75, -26, -48, -9, -87, -126, -107, -107, -82, 
-73, -92, -19, 82, -26, -56, -14, -87, -122, -112, -112, -82, 
-53, -87, -34, 70, -9, -61, -19, -92, -126, -102, -112, -87, 
-48, -87, -39, 68, -4, -63, -19, -92, -126, -102, -112, -92, 
-48, -92, -43, 70, -2, -68, -24, -102, -136, -112, -107, -87, 
-39, -87, -48, 63, 4, -68, -29, -107, -141, -117, -112, -97, 
-43, -97, -53, 70, 4, -75, -34, -107, -146, -117, -126, -97, 
-58, -97, -39, 78, -9, -68, -34, -107, -146, -131, -126, -92, 
-58, -87, -29, 73, -14, -58, -24, -102, -146, -136, -122, -87, 
-43, -73, -29, 58, -7, -51, -24, -92, -141, -126, -112, -87, 
-34, -73, -39, 53, 2, -56, -14, -87, -126, -112, -102, -78, 
-34, -63, -29, 48, -2, -46, -14, -82, -122, -122, -112, -78, 
-43, -63, -19, 53, -12, -41, -14, -92, -122, -122, -107, -78, 
-48, -63, -14, 56, -17, -39, -14, -87, -122, -112, -102, -73, 
-48, -63, -14, 56, -17, -39, -9, -82, -122, -112, -102, -63, 
-43, -58, -14, 51, -14, -36, -9, -82, -126, -122, -102, -68, 
-39, -63, -24, 51, -7, -43, -9, -87, -131, -122, -107, -73, 
-29, -68, -39, 48, 4, -53, -9, -87, -136, -122, -112, -78, 
-19, -68, -48, 43, 14, -58, -14, -92, -136, -122, -112, -82, 
-14, -68, -53, 41, 19, -61, -14, -87, -131, -117, -107, -78, 
-9, -63, -53, 36, 21, -58, -19, -97, -136, -117, -107, -78, 
-9, -63, -53, 36, 21, -58, -14, -102, -136, -117, -117, -78, 
-24, -78, -53, 51, 14, -65, -19, -102, -136, -112, -117, -87, 
-43, -87, -43, 65, 0, -65, -19, -97, -131, -112, -112, -82, 
-43, -82, -39, 63, -2, -61, -14, -97, -126, -112, -102, -78, 
-34, -73, -39, 53, 2, -56, -14, -97, -131, -112, -107, -82, 
-39, -68, -29, 53, -4, -48, -14, -97, -126, -102, -97, -82, 
-48, -73, -24, 61, -12, -48, -9, -87, -117, -92, -97, -78, 
-48, -73, -24, 61, -12, -48, 4, -82, -122, -92, -97, -82, 
-58, -78, -19, 68, -19, -48, 4, -82, -117, -92, -92, -82, 
-68, -92, -24, 80, -21, -58, 0, -82, -117, -97, -97, -82, 
-63, -97, -34, 80, -14, -65, -9, -92, -122, -112, -107, -78, 
-43, -87, -43, 65, 0, -65, -14, -87, -131, -117, -102, -78, 
-24, -73, -48, 48, 12, -61, -24, -102, -136, -112, -107, -82, 
-24, -73, -48, 48, 12, -61, -14, -102, -131, -107, -107, -82, 
-24, -73, -48, 48, 12, -61, -14, -97, -136, -107, -107, -92, 
-24, -78, -53, 51, 14, -65, -19, -97, -136, -102, -107, -92, 
-19, -68, -48, 43, 14, -58, -14, -92, -136, -107, -102, -87, 
-19, -63, -43, 41, 12, -53, 0, -87, -131, -102, -92, -78, 
-24, -63, -39, 43, 7, -51, 0, -82, -126, -97, -87, -78, 
-39, -68, -29, 53, -4, -48, 0, -78, -117, -87, -82, -73, 
-63, -73, -9, 68, -26, -41, 14, -73, -107, -82, -73, -63, 
-68, -78, -9, 73, -29, -43, 4, -82, -117, -92, -87, -73, 
-43, -82, -39, 63, -2, -61, -14, -92, -122, -107, -97, -78, 
-19, -73, -53, 46, 17, -63, -14, -87, -126, -112, -97, -78, 
0, -58, -58, 29, 29, -58, -9, -87, -126, -112, -97, -78, 
-9, -58, -48, 34, 19, -53, -9, -82, -122, -107, -97, -82, 
-14, -58, -43, 36, 14, -51, 0, -82, -117, -112, -97, -82, 
-14, -63, -48, 39, 17, -56, 4, -78, -117, -112, -97, -82, 
-14, -58, -43, 36, 14, -51, 0, -92, -131, -122, -112, -87, 
-24, -63, -39, 43, 7, -51, -9, -92, -131, -122, -112, -82, 
-43, -78, -34, 61, -4, -56, 0, -82, -126, -117, -107, -82, 
-68, -102, -34, 85, -17, -68, -9, -92, -136, -117, -117, -97, 
-73, -117, -43, 95, -14, -80, -24, -107, -146, -126, -131, -112, 
-58, -112, -53, 85, -2, -82, -19, -97, -141, -122, -122, -102, 
-39, -78, -39, 58, 0, -58, -9, -87, -131, -107, -102, -87, 
-39, -73, -34, 56, -2, -53, 0, -87, -126, -97, -92, -87, 
-48, -97, -48, 73, 0, -73, -9, -97, -136, -117, -107, -97, 
-48, -102, -53, 75, 2, -78, -14, -102, -136, -122, -112, -102, 
-34, -92, -58, 63, 12, -75, -24, -102, -131, -117, -107, -97, 
-29, -73, -43, 51, 7, -58, -9, -92, -131, -112, -97, -87, 
-34, -58, -24, 46, -4, -41, 0, -87, -122, -112, -97, -78, 
-34, -48, -14, 41, -9, -31, -9, -82, -122, -117, -102, -73, 
-19, -53, -34, 36, 7, -43, -19, -92, -126, -126, -107, -73, 
-24, -63, -39, 43, 7, -51, -19, -92, -136, -136, -117, -73, 
-39, -68, -29, 53, -4, -48, -14, -92, -136, -136, -117, -78, 
-34, -63, -29, 48, -2, -46, -19, -97, -141, -141, -122, -82, 
-24, -58, -34, 41, 4, -46, -14, -97, -146, -146, -122, -82, 
-24, -58, -34, 41, 4, -46, -9, -92, -146, -146, -112, -73, 
-19, -58, -39, 39, 9, -48, 0, -92, -136, -126, -102, -68, 
-14, -48, -34, 31, 9, -41, -9, -87, -131, -117, -102, -73, 
-24, -53, -29, 39, 2, -41, -14, -87, -122, -107, -97, -73, 
-48, -73, -24, 61, -12, -48, 0, -82, -117, -97, -92, -82, 
-53, -92, -39, 73, -7, -65, -14, -87, -126, -102, -102, -87, 
-53, -102, -48, 78, -2, -75, -24, -97, -136, -112, -112, -102, 
-58, -112, -53, 85, -2, -82, -29, -97, -136, -112, -112, -102, 
-58, -102, -43, 80, -7, -73, -29, -97, -131, -107, -107, -102, 
-43, -87, -43, 65, 0, -65, -24, -92, -136, -112, -107, -92, 
-29, -73, -43, 51, 7, -58, -9, -87, -131, -112, -107, -92, 
-29, -63, -34, 46, 2, -48, -9, -82, -122, -102, -102, -82, 
-34, -58, -24, 46, -4, -41, 0, -78, -122, -107, -97, -82, 
-19, -63, -43, 41, 12, -53, -14, -92, -136, -131, -117, -92, 
-9, -63, -53, 36, 21, -58, -14, -92, -136, -126, -117, -87, 
-9, -48, -39, 29, 14, -43, -14, -87, -122, -117, -102, -78, 
-14, -34, -19, 24, 2, -26, -9, -82, -117, -112, -92, -73, 
-19, -48, -29, 34, 4, -39, -9, -82, -122, -112, -92, -68, 
-19, -53, -34, 36, 7, -43, -14, -78, -122, -102, -92, -68, 
0, -43, -43, 21, 21, -43, -14, -82, -126, -107, -92, -78, 
9, -39, -48, 14, 29, -43, -9, -87, -126, -112, -102, -87, 
4, -58, -63, 26, 34, -61, -14, -87, -126, -112, -102, -82, 
-34, -78, -43, 56, 4, -61, -19, -92, -126, -117, -107, -87, 
-53, -92, -39, 73, -7, -65, -29, -97, -136, -126, -112, -97, 
-48, -87, -39, 68, -4, -63, -24, -97, -136, -126, -107, -97, 
-34, -78, -43, 56, 4, -61, -24, -97, -131, -117, -102, -82, 
-29, -68, -39, 48, 4, -53, -24, -97, -131, -122, -112, -82, 
-43, -78, -34, 61, -4, -56, -29, -102, -136, -131, -117, -87, 
-43, -82, -39, 63, -2, -61, -19, -97, -136, -131, -117, -87, 
-24, -78, -53, 51, 14, -65, -29, -97, -141, -136, -117, -87, 
0, -73, -73, 36, 36, -73, -24, -102, -146, -136, -122, -87, 
-9, -73, -63, 41, 26, -68, -19, -102, -136, -126, -117, -87, 
-24, -73, -48, 48, 12, -61, -14, -97, -131, -117, -112, -82, 
-34, -63, -29, 48, -2, -46, -19, -92, -131, -112, -102, -78, 
-34, -63, -29, 48, -2, -46, -19, -92, -122, -102, -97, -78, 
-34, -68, -34, 51, 0, -51, -19, -92, -122, -102, -92, -82, 
-34, -53, -19, 43, -7, -36, -9, -87, -117, -102, -87, -82, 
-19, -39, -19, 29, 0, -29, 0, -87, -112, -102, -87, -78, 
9, -34, -43, 12, 26, -39, -9, -87, -117, -102, -97, -82, 
0, -43, -43, 21, 21, -43, -9, -87, -117, -107, -92, -78, 
-24, -48, -24, 36, 0, -36, 0, -82, -117, -102, -92, -73, 
-24, -53, -29, 39, 2, -41, -14, -87, -122, -107, -97, -73, 
-9, -63, -53, 36, 21, -58, -24, -102, -131, -122, -107, -82, 
-19, -78, -58, 48, 19, -68, -24, -102, -131, -126, -112, -87, 
-34, -78, -43, 56, 4, -61, -24, -97, -136, -122, -117, -92, 
-29, -68, -39, 48, 4, -53, -19, -92, -122, -117, -107, -82, 
-19, -68, -48, 43, 14, -58, -14, -92, -126, -126, -117, -87, 
-43, -78, -34, 61, -4, -56, -19, -92, -131, -136, -122, -82, 
-53, -87, -34, 70, -9, -61, -29, -97, -146, -141, -126, -87, 
-43, -92, -48, 68, 2, -70, -29, -102, -141, -146, -122, -92, 
-39, -92, -53, 65, 7, -73, -34, -102, -146, -146, -131, -97, 
-43, -87, -43, 65, 0, -65, -24, -102, -141, -141, -126, -87, 
-39, -78, -39, 58, 0, -58, -29, -102, -136, -146, -131, -82, 
-34, -68, -34, 51, 0, -51, -34, -102, -146, -161, -131, -87, 
-39, -73, -34, 56, -2, -53, -29, -97, -141, -146, -126, -82, 
-39, -73, -34, 56, -2, -53, -24, -97, -136, -131, -117, -78, 
-34, -58, -24, 46, -4, -41, -9, -82, -126, -117, -107, -78, 
-39, -48, -9, 43, -14, -29, 4, -68, -107, -97, -87, -68, 
-34, -39, -4, 36, -14, -21, 14, -63, -97, -78, -78, -68, 
-19, -34, -14, 26, -2, -24, 14, -58, -87, -78, -78, -68, 
-9, -34, -24, 21, 7, -29, 14, -53, -92, -82, -82, -73, 
-24, -39, -14, 31, -4, -26, 19, -48, -82, -73, -73, -53, 
-34, -39, -4, 36, -14, -21, 19, -53, -87, -73, -82, -53, 
-34, -34, 0, 34, -17, -17, 24, -43, -78, -73, -78, -48, 
-29, -29, 0, 29, -14, -14, 24, -39, -78, -73, -73, -53, 
-9, -14, -4, 12, -2, -9, 29, -39, -78, -73, -68, -43, 
19, 0, -19, -9, 19, -9, 24, -43, -82, -73, -78, -53, 
14, -14, -29, 0, 21, -21, 39, -34, -68, -68, -68, -48, 
-9, -9, 0, 9, -4, -4, 58, -9, -48, -48, -48, -43, 
-14, 4, 19, 4, -17, 12, 73, 4, -39, -43, -43, -34, 
0, -9, -9, 4, 4, -9, 68, 4, -39, -48, -53, -39, 
19, -14, -34, -2, 26, -24, 43, -14, -43, -53, -58, -48, 
34, -19, -53, -7, 43, -36, 43, -14, -48, -48, -58, -48, 
39, -14, -53, -12, 46, -34, 39, -9, -53, -58, -58, -43, 
29, -14, -43, -7, 36, -29, 29, -9, -53, -63, -63, -43, 
14, -14, -29, 0, 21, -21, 24, 0, -43, -53, -53, -34, 
4, 0, -4, -2, 4, -2, 14, 0, -39, -43, -43, -24, 
9, 9, 0, -9, 4, 4, -9, 0, -34, -43, -43, -14, 
34, 24, -9, -29, 21, 7, -29, -19, -39, -53, -43, -19, 
53, 39, -14, -46, 34, 12, -43, -39, -39, -48, -43, -14, 
43, 34, -9, -39, 26, 12, -63, -63, -48, -58, -53, -24, 
19, 14, -4, -17, 12, 4, -68, -78, -73, -73, -68, -39, 
9, -14, -24, 2, 17, -19, -78, -92, -97, -92, -82, -58, 
9, -34, -43, 12, 26, -39, -87, -107, -122, -102, -97, -68, 
4, -48, -53, 21, 29, -51, -92, -122, -136, -112, -107, -78, 
-24, -63, -39, 43, 7, -51, -82, -131, -156, -122, -112, -82, 
-24, -63, -39, 43, 7, -51, -82, -141, -161, -117, -107, -87, 
-14, -39, -24, 26, 4, -31, -73, -131, -161, -107, -97, -82, 
4, -34, -39, 14, 21, -36, -58, -112, -151, -112, -97, -82, 
19, -34, -53, 7, 36, -43, -43, -87, -141, -112, -97, -73, 
34, -14, -48, -9, 41, -31, -39, -78, -122, -97, -92, -63, 
63, 14, -48, -39, 56, -17, -34, -68, -112, -78, -78, -48, 
58, 19, -39, -39, 48, -9, -39, -73, -112, -78, -73, -39, 
29, -9, -39, -9, 34, -24, -48, -92, -122, -82, -78, -48, 
9, -29, -39, 9, 24, -34, -63, -112, -131, -87, -82, -63, 
0, -43, -43, 21, 21, -43, -68, -112, -136, -92, -82, -68, 
-19, -58, -39, 39, 9, -48, -73, -112, -136, -92, -78, -73, 
-19, -63, -43, 41, 12, -53, -68, -107, -136, -97, -78, -73, 
-19, -63, -43, 41, 12, -53, -63, -102, -141, -107, -92, -73, 
-24, -63, -39, 43, 7, -51, -43, -87, -146, -112, -97, -68, 
-19, -58, -39, 39, 9, -48, -29, -87, -146, -122, -102, -68, 
-29, -73, -43, 51, 7, -58, -29, -102, -156, -141, -117, -87, 
-43, -87, -43, 65, 0, -65, -39, -126, -175, -161, -136, -102, 
-53, -92, -39, 73, -7, -65, -39, -126, -175, -170, -136, -92, 
-53, -92, -39, 73, -7, -65, -43, -136, -175, -170, -141, -92, 
-48, -87, -39, 68, -4, -63, -53, -146, -190, -180, -146, -97, 
-43, -82, -39, 63, -2, -61, -53, -136, -185, -170, -146, -92, 
-43, -82, -39, 63, -2, -61, -53, -131, -185, -165, -146, -92, 
-39, -92, -53, 65, 7, -73, -63, -136, -190, -175, -151, -107, 
-34, -102, -68, 68, 17, -85, -58, -141, -195, -180, -156, -112, 
-43, -87, -43, 65, 0, -65, -53, -136, -190, -165, -146, -112, 
-53, -73, -19, 63, -17, -46, -43, -122, -175, -141, -126, -107, 
-48, -73, -24, 61, -12, -48, -39, -117, -161, -136, -117, -92, 
-34, -68, -34, 51, 0, -51, -34, -112, -156, -131, -112, -87, 
-9, -63, -53, 36, 21, -58, -39, -122, -165, -126, -112, -92, 
0, -68, -68, 34, 34, -68, -39, -122, -165, -126, -112, -97, 
-24, -78, -53, 51, 14, -65, -39, -117, -161, -126, -107, -97, 
-34, -68, -34, 51, 0, -51, -29, -112, -156, -131, -107, -92, 
-14, -63, -48, 39, 17, -56, -34, -122, -165, -141, -122, -92, 
0, -68, -68, 34, 34, -68, -39, -122, -175, -156, -126, -92, 
-9, -68, -58, 39, 24, -63, -43, -122, -170, -156, -131, -92, 
-14, -58, -43, 36, 14, -51, -29, -112, -165, -151, -122, -82, 
0, -53, -53, 26, 26, -53, -34, -117, -165, -146, -122, -82, 
0, -63, -63, 31, 31, -63, -39, -126, -170, -151, -131, -87, 
-19, -78, -58, 48, 19, -68, -39, -126, -165, -141, -131, -92, 
-19, -73, -53, 46, 17, -63, -34, -117, -161, -136, -122, -92, 
-24, -58, -34, 41, 4, -46, -39, -117, -156, -122, -122, -92, 
-48, -78, -29, 63, -9, -53, -39, -117, -151, -126, -126, -97, 
-53, -97, -43, 75, -4, -70, -43, -122, -161, -136, -131, -107, 
-48, -102, -53, 75, 2, -78, -39, -122, -165, -136, -126, -107, 
-53, -107, -53, 80, 0, -80, -39, -126, -161, -126, -122, -112, 
-73, -122, -48, 97, -12, -85, -24, -117, -156, -122, -112, -107, 
-78, -136, -58, 107, -9, -97, -9, -92, -156, -136, -122, -117, 
-78, -141, -63, 109, -7, -102, 14, -53, -136, -161, -141, -126, 
-73, -141, -68, 107, -2, -104, 63, 9, -97, -165, -156, -131, 
-48, -131, -82, 90, 17, -107, 117, 78, -58, -151, -151, -131, 
-34, -112, -78, 73, 21, -95, 165, 141, 4, -122, -131, -131, 
-24, -92, -68, 58, 21, -80, 219, 204, 63, -82, -117, -122, 
-29, -87, -58, 58, 14, -73, 292, 287, 141, -43, -92, -107, 
-34, -97, -63, 65, 14, -80, 395, 448, 258, 19, -53, -82, 
-43, -107, -63, 75, 9, -85, 517, 653, 385, 97, 4, -58, 
-43, -92, -48, 68, 2, -70, 590, 771, 492, 190, 78, -14, 
-39, -53, -14, 46, -12, -34, 590, 727, 556, 297, 175, 58, 
-24, -9, 14, 17, -19, 2, 541, 585, 624, 429, 297, 151, 
24, 82, 58, -53, -17, 70, 473, 439, 697, 575, 448, 268, 
82, 185, 102, -134, -9, 143, 385, 312, 790, 751, 619, 419, 
126, 302, 175, -214, -24, 239, 263, 204, 912, 936, 814, 580, 
175, 439, 263, -307, -43, 351, 58, 39, 1024, 1141, 1024, 751, 
248, 590, 341, -419, -46, 466, -253, -200, 1073, 1327, 1220, 927, 
307, 692, 385, -500, -39, 539, -600, -512, 1034, 1381, 1312, 1034, 
326, 707, 380, -517, -26, 544, -868, -883, 854, 1249, 1239, 1010, 
307, 663, 356, -485, -24, 509, -995, -1146, 619, 1010, 1063, 917, 
287, 575, 287, -431, 0, 431, -1093, -1259, 351, 732, 844, 785, 
268, 512, 244, -390, 12, 378, -1210, -1444, -24, 419, 580, 634, 
219, 488, 268, -353, -24, 378, -1342, -1732, -473, 97, 331, 478, 
165, 463, 297, -314, -65, 380, -1410, -1922, -849, -170, 97, 326, 
122, 419, 297, -270, -87, 358, -1415, -1952, -1112, -380, -97, 195, 
107, 409, 302, -258, -97, 356, -1410, -1937, -1239, -463, -185, 122, 
112, 424, 312, -268, -100, 368, -1342, -1771, -1093, -366, -131, 141, 
126, 390, 263, -258, -68, 326, -1156, -1444, -839, -253, -58, 161, 
126, 331, 204, -229, -39, 268, -932, -1151, -683, -234, -73, 117, 
97, 273, 175, -185, -39, 224, -751, -946, -575, -229, -102, 58, 
68, 214, 146, -141, -39, 180, -600, -736, -434, -161, -73, 48, 
39, 141, 102, -90, -31, 122, -463, -546, -322, -122, -39, 43, 
19, 82, 63, -51, -21, 73, -361, -429, -263, -107, -43, 24, 
19, 68, 48, -43, -14, 58, -283, -346, -200, -78, -39, 14, 
34, 73, 39, -53, -2, 56, -224, -278, -136, -48, -14, 24, 
34, 58, 24, -46, 4, 41, -156, -209, -97, -39, 4, 24, 
14, 39, 24, -26, -4, 31, -107, -151, -78, -24, 0, 19, 
0, 34, 34, -17, -17, 34, -68, -117, -48, -14, 4, 29, 
4, 39, 34, -21, -14, 36, -58, -102, -48, -24, -9, 19, 
14, 43, 29, -29, -7, 36, -53, -97, -63, -39, -29, 4, 
9, 29, 19, -19, -4, 24, -48, -87, -63, -39, -39, -9, 
-14, 14, 29, 0, -21, 21, -29, -63, -48, -34, -29, -9, 
-9, 19, 29, -4, -19, 24, -14, -43, -39, -29, -24, -9, 
14, 29, 14, -21, 0, 21, 4, -24, -39, -29, -24, -9, 
29, 19, -9, -24, 19, 4, 14, -14, -43, -34, -24, -9, 
14, 14, 0, -14, 7, 7, 24, 9, -34, -39, -29, -14, 
9, 9, 0, -9, 4, 4, 39, 24, -24, -34, -29, -24, 
0, 4, 4, -2, -2, 4, 43, 29, -19, -29, -29, -19, 
-19, 4, 24, 7, -21, 14, 53, 34, -9, -19, -29, -19, 
-29, 4, 34, 12, -31, 19, 63, 48, 14, -14, -24, -14, 
-19, 0, 19, 9, -19, 9, 73, 63, 24, -9, -19, -14, 
0, 0, 0, 0, 0, 0, 68, 58, 14, -19, -19, -14, 
4, 4, 0, -4, 2, 2, 68, 63, 14, -29, -29, -14, 
9, 4, -4, -7, 7, 0, 82, 78, 24, -19, -24, -9, 
14, 4, -9, -9, 12, -2, 87, 87, 24, -9, -19, 0, 
-9, -14, -4, 12, -2, -9, 87, 92, 24, -19, -19, 0, 
-34, -29, 4, 31, -19, -12, 87, 92, 29, -24, -29, -14, 
-53, -43, 9, 48, -31, -17, 87, 92, 29, -24, -29, -9, 
-58, -48, 9, 53, -34, -19, 92, 87, 29, -19, -24, -14, 
-39, -48, -9, 43, -14, -29, 73, 82, 29, -14, -19, -24, 
-9, -34, -24, 21, 7, -29, 78, 97, 43, 9, -9, -19, 
0, -19, -19, 9, 9, -19, 82, 107, 58, 19, 0, 0, 
0, -9, -9, 4, 4, -9, 92, 112, 63, 19, 0, 4, 
9, -9, -19, 0, 14, -14, 87, 122, 63, 19, 0, 0, 
0, -29, -29, 14, 14, -29, 92, 131, 58, 24, 4, 0, 
-29, -43, -14, 36, -7, -29, 97, 136, 68, 24, 14, 4, 
-19, -24, -4, 21, -7, -14, 102, 141, 78, 29, 9, 0, 
4, 4, 0, -4, 2, 2, 102, 146, 82, 34, 9, 4, 
4, 9, 4, -7, 0, 7, 102, 146, 92, 34, 9, 14, 
-9, 4, 14, 2, -12, 9, 102, 151, 97, 34, 14, 14, 
-19, 9, 29, 4, -24, 19, 107, 161, 112, 48, 24, 19, 
-19, 9, 29, 4, -24, 19, 102, 165, 112, 48, 29, 29, 
-14, 4, 19, 4, -17, 12, 102, 170, 112, 43, 34, 29, 
0, 0, 0, 0, 0, 0, 97, 170, 107, 39, 29, 24, 
9, 4, -4, -7, 7, 0, 97, 175, 107, 43, 34, 24, 
14, 14, 0, -14, 7, 7, 102, 180, 117, 53, 39, 34, 
9, 19, 9, -14, 0, 14, 112, 190, 126, 63, 43, 39, 
9, 4, -4, -7, 7, 0, 107, 195, 126, 63, 39, 34, 
14, 4, -9, -9, 12, -2, 107, 195, 136, 58, 39, 29, 
14, 19, 4, -17, 4, 12, 107, 209, 151, 73, 48, 34, 
9, 29, 19, -19, -4, 24, 122, 219, 165, 102, 68, 48, 
14, 24, 9, -19, 2, 17, 112, 224, 165, 107, 78, 53, 
14, 24, 9, -19, 2, 17, 112, 224, 165, 107, 78, 43, 
19, 24, 4, -21, 7, 14, 107, 234, 170, 107, 82, 39, 
24, 29, 4, -26, 9, 17, 122, 244, 175, 117, 92, 43, 
24, 24, 0, -24, 12, 12, 117, 244, 180, 117, 92, 43, 
9, 14, 4, -12, 2, 9, 117, 248, 185, 112, 92, 48, 
9, 24, 14, -17, -2, 19, 122, 263, 204, 122, 97, 58, 
29, 48, 19, -39, 4, 34, 117, 258, 209, 112, 92, 58, 
39, 58, 19, -48, 9, 39, 117, 273, 224, 117, 102, 68, 
34, 58, 24, -46, 4, 41, 122, 283, 234, 131, 112, 73, 
34, 63, 29, -48, 2, 46, 126, 297, 248, 146, 126, 82, 
39, 78, 39, -58, 0, 58, 136, 307, 258, 156, 126, 97, 
39, 82, 43, -61, -2, 63, 131, 317, 263, 161, 126, 97, 
29, 73, 43, -51, -7, 58, 141, 326, 268, 165, 131, 102, 
24, 53, 29, -39, -2, 41, 136, 331, 268, 156, 126, 97, 
29, 58, 29, -43, 0, 43, 136, 336, 273, 156, 122, 97, 
39, 68, 29, -53, 4, 48, 131, 341, 283, 161, 136, 92, 
58, 78, 19, -68, 19, 48, 136, 356, 302, 170, 151, 107, 
78, 107, 29, -92, 24, 68, 141, 366, 317, 180, 156, 117, 
82, 126, 43, -104, 19, 85, 151, 380, 336, 195, 165, 131, 
78, 122, 43, -100, 17, 82, 146, 390, 341, 219, 180, 126, 
58, 92, 34, -75, 12, 63, 146, 395, 341, 224, 175, 126, 
53, 82, 29, -68, 12, 56, 141, 409, 346, 224, 170, 122, 
53, 68, 14, -61, 19, 41, 146, 419, 361, 224, 175, 122, 
39, 48, 9, -43, 14, 29, 146, 434, 361, 229, 185, 122, 
14, 43, 29, -29, -7, 36, 151, 448, 375, 244, 190, 126, 
14, 58, 43, -36, -14, 51, 151, 458, 390, 248, 204, 126, 
29, 63, 34, -46, -2, 48, 156, 463, 409, 258, 214, 136, 
19, 78, 58, -48, -19, 68, 161, 488, 434, 278, 224, 151, 
14, 87, 73, -51, -29, 80, 170, 507, 458, 297, 244, 165, 
24, 112, 87, -68, -31, 100, 165, 522, 463, 297, 258, 170, 
39, 112, 73, -75, -17, 92, 175, 536, 478, 307, 263, 175, 
34, 102, 68, -68, -17, 85, 180, 561, 492, 322, 273, 190, 
34, 102, 68, -68, -17, 85, 190, 580, 507, 331, 278, 209, 
58, 112, 53, -85, 2, 82, 190, 595, 512, 336, 283, 214, 
73, 126, 53, -100, 9, 90, 195, 610, 527, 341, 287, 224, 
73, 141, 68, -107, 2, 104, 195, 624, 546, 356, 307, 239, 
78, 151, 73, -114, 2, 112, 209, 639, 566, 380, 322, 248, 
78, 146, 68, -112, 4, 107, 204, 649, 580, 385, 326, 248, 
73, 161, 87, -117, -7, 124, 204, 663, 595, 400, 336, 253, 
82, 190, 107, -136, -12, 148, 209, 678, 614, 424, 366, 273, 
112, 195, 82, -153, 14, 139, 214, 692, 629, 439, 385, 287, 
131, 214, 82, -173, 24, 148, 209, 702, 639, 444, 385, 287, 
131, 214, 82, -173, 24, 148, 219, 712, 649, 448, 390, 297, 
112, 214, 102, -163, 4, 158, 214, 727, 653, 453, 395, 307, 
97, 209, 112, -153, -7, 161, 219, 732, 663, 458, 400, 312, 
102, 219, 117, -161, -7, 168, 214, 732, 673, 463, 414, 317, 
107, 229, 122, -168, -7, 175, 214, 736, 678, 468, 424, 331, 
102, 234, 131, -168, -14, 183, 209, 741, 688, 473, 434, 341, 
112, 239, 126, -175, -7, 183, 209, 746, 692, 492, 439, 341, 
131, 234, 102, -183, 14, 168, 195, 732, 692, 492, 448, 336, 
122, 224, 102, -173, 9, 163, 204, 746, 697, 507, 458, 346, 
112, 239, 126, -175, -7, 183, 204, 756, 692, 517, 468, 356, 
126, 258, 131, -192, -2, 195, 214, 761, 702, 536, 483, 366, 
156, 268, 112, -212, 21, 190, 195, 751, 707, 531, 478, 366, 
156, 268, 112, -212, 21, 190, 190, 741, 692, 522, 473, 370, 
131, 268, 136, -200, -2, 202, 175, 722, 692, 512, 473, 370, 
122, 258, 136, -190, -7, 197, 170, 702, 683, 502, 463, 370, 
151, 263, 112, -207, 19, 187, 146, 678, 668, 492, 453, 361, 
161, 268, 107, -214, 26, 187, 136, 658, 658, 492, 448, 366, 
151, 268, 117, -209, 17, 192, 126, 639, 649, 488, 458, 370, 
141, 273, 131, -207, 4, 202, 126, 619, 624, 478, 453, 370, 
141, 268, 126, -204, 7, 197, 112, 585, 600, 468, 444, 356, 
141, 258, 117, -200, 12, 187, 102, 561, 580, 468, 444, 356, 
151, 263, 112, -207, 19, 187, 97, 536, 556, 453, 444, 351, 
156, 268, 112, -212, 21, 190, 97, 507, 531, 439, 424, 341, 
146, 253, 107, -200, 19, 180, 82, 473, 502, 419, 400, 326, 
126, 234, 107, -180, 9, 170, 58, 424, 463, 380, 366, 297, 
117, 209, 92, -163, 12, 151, 39, 385, 429, 351, 331, 268, 
107, 170, 63, -139, 21, 117, 29, 341, 380, 326, 297, 239, 
87, 136, 48, -112, 19, 92, 14, 302, 336, 283, 268, 209, 
53, 107, 53, -80, 0, 80, 19, 283, 307, 263, 244, 190, 
34, 102, 68, -68, -17, 85, 19, 258, 278, 239, 229, 170, 
29, 102, 73, -65, -21, 87, 19, 234, 253, 214, 209, 161, 
39, 97, 58, -68, -9, 78, 14, 204, 219, 180, 175, 141, 
29, 87, 58, -58, -14, 73, 9, 170, 180, 146, 146, 122, 
19, 78, 58, -48, -19, 68, 19, 151, 161, 126, 126, 112, 
29, 63, 34, -46, -2, 48, 4, 122, 131, 102, 97, 87, 
29, 43, 14, -36, 7, 29, -9, 97, 107, 78, 73, 73, 
19, 24, 4, -21, 7, 14, -9, 73, 82, 63, 53, 53, 
14, 14, 0, -14, 7, 7, -14, 53, 53, 43, 39, 34, 
14, 9, -4, -12, 9, 2, -9, 48, 39, 29, 29, 24, 
9, 9, 0, -9, 4, 4, -9, 39, 29, 19, 19, 9, 
9, 0, -9, -4, 9, -4, 0, 34, 19, 14, 14, 9, 
14, 0, -14, -7, 14, -7, 4, 24, 4, 4, -9, 0, 
24, 9, -14, -17, 19, -2, 4, 9, -9, -9, -19, -19, 
29, 9, -19, -19, 24, -4, 9, 4, -14, -19, -19, -19, 
14, -9, -24, -2, 19, -17, 4, -9, -24, -24, -29, -24, 
-24, -19, 4, 21, -14, -7, 14, -19, -29, -29, -34, -24, 
-34, -29, 4, 31, -19, -12, 4, -29, -39, -43, -48, -34, 
-29, -53, -24, 41, -2, -39, -9, -43, -58, -63, -58, -48, 
-34, -63, -29, 48, -2, -46, -14, -53, -73, -73, -63, -53, 
-34, -58, -24, 46, -4, -41, 0, -43, -73, -68, -58, -53, 
-34, -58, -24, 46, -4, -41, 4, -39, -68, -68, -53, -43, 
-24, -63, -39, 43, 7, -51, 0, -48, -78, -73, -68, -53, 
-14, -63, -48, 39, 17, -56, -9, -58, -87, -78, -73, -68, 
-19, -73, -53, 46, 17, -63, -14, -68, -92, -87, -78, -73, 
-34, -73, -39, 53, 2, -56, -14, -68, -92, -87, -87, -73, 
-39, -63, -24, 51, -7, -43, -14, -58, -92, -87, -82, -68, 
-24, -53, -29, 39, 2, -41, -9, -53, -87, -78, -78, -63, 
-24, -58, -34, 41, 4, -46, 0, -53, -87, -82, -78, -68, 
-19, -58, -39, 39, 9, -48, 0, -63, -87, -82, -78, -68, 
-9, -58, -48, 34, 19, -53, 0, -58, -87, -82, -78, -73, 
-9, -58, -48, 34, 19, -53, -9, -53, -92, -82, -78, -73, 
-19, -53, -34, 36, 7, -43, 0, -53, -97, -87, -87, -68, 
-9, -53, -43, 31, 17, -48, 0, -58, -97, -87, -87, -68, 
-9, -63, -53, 36, 21, -58, 0, -58, -97, -92, -87, -78, 
-19, -63, -43, 41, 12, -53, -14, -63, -97, -97, -92, -73, 
-14, -63, -48, 39, 17, -56, 0, -63, -97, -102, -92, -68, 
4, -58, -63, 26, 34, -61, -14, -73, -102, -112, -102, -73, 
0, -53, -53, 26, 26, -53, -14, -68, -97, -112, -102, -73, 
-9, -39, -29, 24, 9, -34, -9, -63, -97, -102, -97, -68, 
0, -34, -34, 17, 17, -34, 4, -48, -82, -82, -82, -58, 
-9, -39, -29, 24, 9, -34, 9, -43, -82, -73, -82, -58, 
-19, -39, -19, 29, 0, -29, 19, -39, -78, -68, -82, -53, 
-19, -39, -19, 29, 0, -29, 14, -43, -87, -78, -82, -58, 
-29, -53, -24, 41, -2, -39, 19, -43, -82, -78, -82, -68, 
-39, -68, -29, 53, -4, -48, 9, -53, -82, -78, -82, -82, 
-39, -78, -39, 58, 0, -58, 0, -58, -92, -78, -78, -87, 
-34, -68, -34, 51, 0, -51, -14, -63, -92, -82, -78, -87, 
-19, -58, -39, 39, 9, -48, 0, -58, -87, -82, -82, -78, 
-14, -48, -34, 31, 9, -41, 4, -53, -82, -87, -82, -73, 
-19, -53, -34, 36, 7, -43, 14, -43, -87, -92, -78, -68, 
-19, -43, -24, 31, 2, -34, 14, -48, -92, -97, -82, -58, 
-19, -58, -39, 39, 9, -48, 14, -39, -87, -97, -87, -53, 
-39, -68, -29, 53, -4, -48, 19, -39, -87, -97, -92, -58, 
-48, -58, -9, 53, -19, -34, 24, -39, -82, -87, -82, -58, 
-48, -43, 4, 46, -26, -19, 14, -48, -92, -92, -87, -63, 
-43, -63, -19, 53, -12, -41, 9, -48, -92, -92, -92, -73, 
-34, -68, -34, 51, 0, -51, 4, -53, -87, -87, -87, -73, 
-19, -68, -48, 43, 14, -58, 4, -58, -92, -92, -92, -73, 
-19, -68, -48, 43, 14, -58, 4, -58, -92, -97, -97, -73, 
-24, -63, -39, 43, 7, -51, 4, -53, -97, -97, -97, -73, 
-34, -63, -29, 48, -2, -46, 9, -53, -97, -102, -92, -68, 
-39, -73, -34, 56, -2, -53, 19, -48, -97, -107, -92, -68, 
-39, -78, -39, 58, 0, -58, 19, -48, -97, -102, -92, -73, 
-39, -78, -39, 58, 0, -58, 14, -48, -92, -92, -87, -73, 
-39, -68, -29, 53, -4, -48, 14, -53, -87, -92, -82, -68, 
-34, -68, -34, 51, 0, -51, 9, -48, -92, -87, -82, -78, 
-39, -68, -29, 53, -4, -48, 4, -53, -92, -87, -78, -73, 
-39, -68, -29, 53, -4, -48, 14, -43, -82, -87, -73, -58, 
-24, -48, -24, 36, 0, -36, 19, -39, -82, -87, -73, -58, 
0, -34, -34, 17, 17, -34, 19, -39, -87, -92, -82, -63, 
-9, -34, -24, 21, 7, -29, 19, -39, -87, -87, -78, -53, 
-24, -43, -19, 34, -2, -31, 24, -34, -82, -82, -78, -48, 
-34, -53, -19, 43, -7, -36, 19, -39, -87, -82, -87, -58, 
-39, -58, -19, 48, -9, -39, 14, -43, -87, -87, -87, -73, 
-34, -58, -24, 46, -4, -41, 9, -43, -82, -78, -87, -68, 
-24, -53, -29, 39, 2, -41, 9, -43, -82, -82, -87, -68, 
-24, -43, -19, 34, -2, -31, 9, -48, -82, -87, -82, -68, 
-14, -34, -19, 24, 2, -26, 19, -34, -73, -78, -73, -53, 
0, -29, -29, 14, 14, -29, 24, -29, -68, -68, -73, -53, 
-14, -29, -14, 21, 0, -21, 19, -34, -78, -78, -73, -63, 
-19, -29, -9, 24, -4, -19, 19, -34, -73, -73, -68, -58, 
9, -24, -34, 7, 21, -29, 19, -29, -78, -78, -73, -58, 
19, -24, -43, 2, 31, -34, 14, -34, -82, -87, -73, -58, 
9, -34, -43, 12, 26, -39, 9, -39, -87, -102, -82, -63, 
-14, -43, -29, 29, 7, -36, 14, -43, -82, -97, -82, -58, 
-39, -48, -9, 43, -14, -29, 14, -43, -82, -87, -82, -58, 
-39, -43, -4, 41, -17, -24, 9, -43, -87, -82, -78, -58, 
-29, -39, -9, 34, -9, -24, 14, -39, -78, -78, -68, -53, 
-24, -39, -14, 31, -4, -26, 14, -39, -78, -78, -68, -63, 
-29, -53, -24, 41, -2, -39, 14, -43, -82, -82, -73, -68, 
-39, -73, -34, 56, -2, -53, 4, -53, -92, -87, -82, -78, 
-63, -87, -24, 75, -19, -56, 4, -53, -97, -87, -82, -78, 
-68, -87, -19, 78, -24, -53, 4, -48, -97, -92, -82, -68, 
-58, -82, -24, 70, -17, -53, 0, -58, -107, -102, -92, -68, 
-53, -78, -24, 65, -14, -51, -9, -63, -102, -102, -97, -63, 
-39, -68, -29, 53, -4, -48, -14, -63, -102, -102, -92, -63, 
-29, -63, -34, 46, 2, -48, -19, -68, -102, -97, -92, -68, 
-34, -68, -34, 51, 0, -51, -14, -63, -97, -92, -87, -63, 
-39, -73, -34, 56, -2, -53, -9, -63, -107, -97, -97, -68, 
-43, -73, -29, 58, -7, -51, 0, -58, -102, -97, -92, -68, 
-48, -63, -14, 56, -17, -39, 0, -63, -102, -97, -92, -68, 
-43, -53, -9, 48, -17, -31, 4, -48, -97, -87, -78, -58, 
-43, -43, 0, 43, -21, -21, 19, -39, -92, -87, -78, -53, 
-53, -48, 4, 51, -29, -21, 19, -39, -82, -78, -73, -53, 
-39, -43, -4, 41, -17, -24, 9, -48, -82, -73, -73, -63, 
-14, -34, -19, 24, 2, -26, 4, -53, -87, -73, -68, -63, 
-19, -34, -14, 26, -2, -24, -9, -63, -92, -82, -73, -63, 
-29, -48, -19, 39, -4, -34, 0, -63, -97, -87, -82, -68, 
-29, -68, -39, 48, 4, -53, -9, -78, -112, -102, -97, -82, 
-53, -87, -34, 70, -9, -61, -9, -73, -117, -112, -97, -78, 
-58, -82, -24, 70, -17, -53, -9, -68, -112, -112, -97, -68, 
-43, -78, -34, 61, -4, -56, 4, -58, -112, -112, -87, -63, 
-34, -73, -39, 53, 2, -56, 0, -63, -117, -112, -92, -68, 
-34, -68, -34, 51, 0, -51, -9, -68, -117, -107, -92, -73, 
-34, -63, -29, 48, -2, -46, 4, -63, -107, -97, -82, -73, 
-34, -58, -24, 46, -4, -41, 4, -68, -102, -97, -82, -73, 
-39, -58, -19, 48, -9, -39, -9, -78, -107, -102, -87, -73, 
-39, -63, -24, 51, -7, -43, -14, -73, -112, -102, -92, -78, 
-34, -68, -34, 51, 0, -51, -14, -73, -107, -97, -92, -78, 
-34, -63, -29, 48, -2, -46, -9, -68, -112, -97, -92, -68, 
-24, -63, -39, 43, 7, -51, -9, -73, -117, -102, -97, -73, 
-24, -63, -39, 43, 7, -51, -9, -73, -122, -117, -107, -78, 
-34, -58, -24, 46, -4, -41, 0, -63, -112, -107, -97, -68, 
-24, -43, -19, 34, -2, -31, 9, -58, -112, -107, -97, -63, 
4, -43, -48, 19, 26, -46, 9, -63, -112, -112, -97, -73, 
9, -48, -58, 19, 34, -53, 0, -68, -117, -112, -102, -82, 
-9, -48, -39, 29, 14, -43, -14, -73, -117, -107, -97, -87, 
-9, -48, -39, 29, 14, -43, -19, -78, -117, -102, -97, -92, 
0, -53, -53, 26, 26, -53, -14, -78, -122, -102, -97, -82, 
-9, -48, -39, 29, 14, -43, -14, -78, -126, -107, -102, -87, 
-29, -58, -29, 43, 0, -43, -9, -78, -122, -102, -97, -78, 
-34, -68, -34, 51, 0, -51, -9, -78, -122, -112, -107, -78, 
-29, -78, -48, 53, 9, -63, -9, -73, -126, -117, -102, -87, 
-19, -68, -48, 43, 14, -58, -14, -78, -131, -117, -102, -97, 
-24, -73, -48, 48, 12, -61, -9, -73, -122, -107, -97, -87, 
-29, -68, -39, 48, 4, -53, 0, -63, -117, -97, -97, -87, 
-14, -48, -34, 31, 9, -41, -9, -73, -107, -97, -102, -82, 
0, -39, -39, 19, 19, -39, 4, -68, -107, -102, -92, -73, 
-14, -53, -39, 34, 12, -46, 4, -68, -112, -112, -92, -78, 
-24, -73, -48, 48, 12, -61, -9, -73, -117, -117, -97, -78, 
-43, -78, -34, 61, -4, -56, -14, -82, -126, -122, -102, -78, 
-68, -82, -14, 75, -26, -48, 0, -68, -122, -122, -97, -73, 
-68, -87, -19, 78, -24, -53, 0, -73, -117, -117, -102, -78, 
-53, -87, -34, 70, -9, -61, -14, -82, -126, -126, -112, -82, 
-48, -97, -48, 73, 0, -73, -29, -92, -136, -131, -117, -92, 
-48, -87, -39, 68, -4, -63, -24, -87, -136, -122, -112, -92, 
-29, -58, -29, 43, 0, -43, -19, -82, -122, -97, -102, -82, 
-14, -39, -24, 26, 4, -31, -9, -73, -122, -92, -92, -78, 
-9, -48, -39, 29, 14, -43, -9, -78, -126, -102, -92, -82, 
-14, -53, -39, 34, 12, -46, 0, -73, -122, -102, -87, -82, 
-14, -48, -34, 31, 9, -41, 0, -78, -117, -97, -82, -82, 
-24, -58, -34, 41, 4, -46, -9, -73, -112, -92, -78, -78, 
-48, -87, -39, 68, -4, -63, -9, -73, -112, -92, -87, -78, 
-63, -92, -29, 78, -17, -61, -14, -82, -117, -102, -97, -78, 
-58, -78, -19, 68, -19, -48, -14, -82, -117, -112, -102, -78, 
-39, -73, -34, 56, -2, -53, -19, -82, -122, -122, -107, -78, 
-19, -78, -58, 48, 19, -68, -24, -92, -126, -126, -112, -87, 
-19, -78, -58, 48, 19, -68, -19, -97, -131, -126, -112, -87, 
-29, -78, -48, 53, 9, -63, -14, -87, -126, -122, -112, -87, 
-24, -73, -48, 48, 12, -61, -14, -82, -126, -117, -112, -92, 
-14, -58, -43, 36, 14, -51, -14, -82, -117, -117, -107, -82, 
-19, -43, -24, 31, 2, -34, 0, -78, -117, -117, -102, -68, 
-34, -43, -9, 39, -12, -26, 9, -73, -112, -112, -102, -58, 
-48, -48, 0, 48, -24, -24, 9, -63, -112, -107, -82, -58, 
-39, -53, -14, 46, -12, -34, 4, -68, -112, -107, -87, -63, 
-39, -73, -34, 56, -2, -53, -9, -82, -122, -117, -92, -78, 
-43, -92, -48, 68, 2, -70, -19, -87, -126, -122, -102, -87, 
-29, -87, -58, 58, 14, -73, -24, -92, -126, -126, -107, -87, 
-24, -82, -58, 53, 17, -70, -24, -92, -126, -122, -117, -87, 
-53, -87, -34, 70, -9, -61, -19, -92, -126, -122, -107, -82, 
-53, -82, -29, 68, -12, -56, -19, -92, -126, -117, -107, -78, 
-39, -78, -39, 58, 0, -58, -19, -87, -131, -112, -102, -82, 
-48, -78, -29, 63, -9, -53, -19, -87, -122, -102, -107, -82, 
-53, -78, -24, 65, -14, -51, -14, -82, -117, -107, -107, -87, 
-43, -68, -24, 56, -9, -46, -14, -82, -112, -102, -102, -92, 
-29, -63, -34, 46, 2, -48, -9, -78, -112, -97, -92, -82, 
-34, -68, -34, 51, 0, -51, -19, -87, -122, -102, -97, -87, 
-43, -82, -39, 63, -2, -61, -14, -82, -122, -102, -97, -92, 
-39, -78, -39, 58, 0, -58, -14, -82, -122, -102, -92, -92, 
-29, -63, -34, 46, 2, -48, -9, -78, -112, -102, -87, -87, 
-29, -68, -39, 48, 4, -53, -14, -78, -122, -112, -87, -87, 
-24, -58, -34, 41, 4, -46, -9, -73, -122, -112, -97, -82, 
-19, -48, -29, 34, 4, -39, 4, -68, -107, -97, -87, -68, 
-14, -43, -29, 29, 7, -36, 4, -63, -112, -97, -87, -63, 
-24, -58, -34, 41, 4, -46, 4, -63, -107, -97, -92, -68, 
-29, -63, -34, 46, 2, -48, -9, -78, -117, -122, -107, -78, 
-24, -63, -39, 43, 7, -51, -9, -87, -117, -122, -102, -78, 
-29, -78, -48, 53, 9, -63, -14, -82, -122, -131, -102, -82, 
-43, -87, -43, 65, 0, -65, -19, -92, -126, -131, -107, -82, 
-39, -78, -39, 58, 0, -58, -14, -92, -126, -131, -112, -78, 
-19, -48, -29, 34, 4, -39, 0, -82, -126, -122, -107, -73, 
-14, -48, -34, 31, 9, -41, 9, -68, -122, -112, -102, -73, 
-9, -48, -39, 29, 14, -43, 4, -68, -112, -102, -97, -78, 
-19, -48, -29, 34, 4, -39, 9, -68, -112, -87, -92, -78, 
-34, -63, -29, 48, -2, -46, 4, -82, -112, -92, -92, -82, 
-48, -73, -24, 61, -12, -48, -9, -87, -117, -97, -92, -87, 
-48, -78, -29, 63, -9, -53, -19, -97, -126, -112, -102, -87, 
-58, -92, -34, 75, -12, -63, -24, -102, -141, -122, -112, -97, 
-58, -102, -43, 80, -7, -73, -19, -92, -131, -112, -112, -97, 
-39, -82, -43, 61, 2, -63, -29, -92, -131, -107, -107, -92, 
-24, -63, -39, 43, 7, -51, -24, -97, -136, -107, -107, -87, 
-39, -73, -34, 56, -2, -53, -9, -82, -126, -102, -97, -82, 
-53, -73, -19, 63, -17, -46, 4, -78, -117, -97, -97, -78, 
-48, -68, -19, 58, -14, -43, 0, -87, -117, -102, -102, -82, 
-39, -78, -39, 58, 0, -58, -19, -92, -131, -117, -112, -92, 
-39, -87, -48, 63, 4, -68, -9, -87, -126, -117, -112, -87, 
-39, -73, -34, 56, -2, -53, -9, -92, -126, -117, -117, -82, 
-43, -68, -24, 56, -9, -46, -9, -87, -122, -107, -107, -78, 
-48, -73, -24, 61, -12, -48, -14, -92, -131, -117, -112, -87, 
-48, -78, -29, 63, -9, -53, -14, -92, -131, -117, -112, -92, 
-34, -73, -39, 53, 2, -56, -19, -97, -131, -117, -117, -97, 
-29, -68, -39, 48, 4, -53, -14, -92, -126, -117, -112, -92, 
-34, -68, -34, 51, 0, -51, -9, -82, -126, -117, -112, -82, 
-43, -73, -29, 58, -7, -51, 0, -87, -117, -122, -112, -78, 
-29, -73, -43, 51, 7, -58, -19, -97, -122, -131, -122, -87, 
-24, -68, -43, 46, 9, -56, -14, -87, -117, -117, -107, -78, 
-39, -63, -24, 51, -7, -43, -9, -82, -117, -112, -102, -73, 
-48, -73, -24, 61, -12, -48, -9, -82, -117, -112, -102, -73, 
-43, -78, -34, 61, -4, -56, -19, -78, -122, -117, -107, -82, 
-34, -73, -39, 53, 2, -56, -14, -78, -117, -112, -102, -82, 
-24, -63, -39, 43, 7, -51, -14, -82, -117, -117, -97, -82, 
-19, -63, -43, 41, 12, -53, -14, -78, -117, -117, -92, -82, 
-29, -68, -39, 48, 4, -53, -14, -78, -122, -122, -97, -82, 
-34, -78, -43, 56, 4, -61, -14, -82, -122, -117, -97, -82, 
-34, -82, -48, 58, 7, -65, -19, -87, -126, -117, -102, -82, 
-39, -78, -39, 58, 0, -58, -14, -82, -117, -107, -97, -87, 
-39, -68, -29, 53, -4, -48, 0, -73, -107, -97, -97, -82, 
-24, -63, -39, 43, 7, -51, -9, -82, -107, -97, -97, -82, 
-14, -58, -43, 36, 14, -51, -9, -78, -112, -102, -97, -87, 
4, -43, -48, 19, 26, -46, -9, -78, -112, -112, -102, -82, 
14, -29, -43, 7, 29, -36, -9, -82, -117, -112, -102, -78, 
9, -43, -53, 17, 31, -48, 0, -78, -117, -107, -97, -78, 
4, -53, -58, 24, 31, -56, 4, -73, -117, -107, -102, -78, 
0, -58, -58, 29, 29, -58, 4, -73, -107, -107, -97, -73, 
-14, -53, -39, 34, 12, -46, -9, -78, -117, -117, -107, -82, 
-29, -63, -34, 46, 2, -48, 0, -78, -112, -107, -102, -78, 
-39, -73, -34, 56, -2, -53, -9, -82, -117, -107, -107, -87, 
-68, -102, -34, 85, -17, -68, -24, -97, -122, -112, -112, -92, 
-87, -117, -29, 102, -29, -73, -34, -102, -131, -117, -112, -102, 
-78, -107, -29, 92, -24, -68, -19, -92, -122, -107, -102, -87, 
-48, -87, -39, 68, -4, -63, -24, -97, -131, -122, -112, -97, 
-39, -82, -43, 61, 2, -63, -29, -102, -131, -126, -107, -97, 
-39, -68, -29, 53, -4, -48, -14, -92, -131, -122, -102, -92, 
-39, -73, -34, 56, -2, -53, -14, -87, -126, -112, -92, -82, 
-19, -82, -63, 51, 21, -73, -24, -97, -131, -122, -107, -97, 
4, -73, -78, 34, 41, -75, -19, -92, -122, -117, -102, -92, 
14, -53, -68, 19, 41, -61, -9, -82, -112, -102, -92, -82, 
4, -48, -53, 21, 29, -51, -9, -87, -107, -92, -87, -82, 
-19, -48, -29, 34, 4, -39, -9, -82, -112, -97, -92, -92, 
-29, -58, -29, 43, 0, -43, 0, -82, -112, -97, -92, -92, 
-34, -73, -39, 53, 2, -56, -14, -87, -122, -107, -97, -92, 
-53, -82, -29, 68, -12, -56, -9, -82, -122, -112, -97, -82, 
-68, -97, -29, 82, -19, -63, -9, -87, -122, -117, -102, -87, 
-73, -112, -39, 92, -17, -75, -19, -92, -122, -122, -107, -92, 
-68, -97, -29, 82, -19, -63, -19, -92, -122, -122, -107, -92, 
-53, -82, -29, 68, -12, -56, -14, -87, -112, -107, -102, -78, 
-34, -73, -39, 53, 2, -56, -19, -97, -117, -107, -102, -78, 
-24, -63, -39, 43, 7, -51, -19, -97, -122, -112, -102, -78, 
-29, -53, -24, 41, -2, -39, -24, -87, -122, -117, -102, -82, 
-43, -63, -19, 53, -12, -41, -14, -82, -112, -112, -97, -73, 
-43, -78, -34, 61, -4, -56, -14, -87, -117, -117, -112, -87, 
-48, -82, -34, 65, -7, -58, -14, -82, -122, -117, -107, -92, 
-53, -78, -24, 65, -14, -51, -14, -82, -122, -112, -102, -92, 
-58, -92, -34, 75, -12, -63, -14, -87, -122, -112, -102, -87, 
-39, -87, -48, 63, 4, -68, -24, -97, -126, -117, -117, -92, 
-24, -82, -58, 53, 17, -70, -24, -97, -122, -117, -112, -97, 
-19, -73, -53, 46, 17, -63, -19, -87, -117, -107, -102, -87, 
-19, -58, -39, 39, 9, -48, -9, -78, -112, -97, -87, -78, 
-19, -58, -39, 39, 9, -48, -14, -78, -112, -107, -92, -73, 
-29, -78, -48, 53, 9, -63, -19, -92, -126, -136, -112, -78, 
-48, -87, -39, 68, -4, -63, -19, -92, -126, -136, -112, -73, 
-63, -92, -29, 78, -17, -61, -14, -82, -117, -122, -107, -73, 
-53, -92, -39, 73, -7, -65, -14, -82, -117, -112, -107, -78, 
-34, -78, -43, 56, 4, -61, -9, -82, -117, -112, -102, -78, 
-29, -53, -24, 41, -2, -39, 0, -73, -102, -92, -87, -63, 
-14, -39, -24, 26, 4, -31, -9, -73, -107, -102, -87, -63, 
0, -48, -48, 24, 24, -48, -19, -82, -117, -107, -97, -78, 
-14, -53, -39, 34, 12, -46, -14, -78, -112, -102, -92, -78, 
-24, -63, -39, 43, 7, -51, 0, -68, -97, -87, -87, -73, 
-43, -73, -29, 58, -7, -51, 0, -73, -102, -87, -92, -82, 
-58, -87, -29, 73, -14, -58, -9, -73, -102, -82, -92, -87, 
-48, -78, -29, 63, -9, -53, 4, -63, -97, -73, -92, -82, 
-24, -58, -34, 41, 4, -46, 9, -53, -82, -68, -82, -78, 
0, -39, -39, 19, 19, -39, 9, -53, -87, -78, -78, -82, 
-24, -53, -29, 39, 2, -41, 19, -48, -82, -73, -68, -73, 
-29, -53, -24, 41, -2, -39, 19, -53, -78, -68, -63, -73, 
-19, -43, -24, 31, 2, -34, 19, -48, -73, -73, -68, -73, 
9, -29, -39, 9, 24, -34, 19, -43, -73, -78, -63, -68, 
14, -19, -34, 2, 24, -26, 29, -34, -63, -68, -68, -58, 
14, -14, -29, 0, 21, -21, 43, -29, -53, -63, -63, -58, 
9, -24, -34, 7, 21, -29, 58, -14, -39, -48, -48, -48, 
-9, -19, -9, 14, 0, -14, 78, 4, -29, -43, -43, -39, 
-19, -14, 4, 17, -12, -4, 82, 14, -19, -34, -34, -29, 
-14, 9, 24, 2, -19, 17, 78, 24, -9, -24, -34, -34, 
0, 9, 9, -4, -4, 9, 73, 24, -9, -24, -34, -29, 
9, -9, -19, 0, 14, -14, 58, 9, -29, -53, -53, -39, 
9, -19, -29, 4, 19, -24, 34, -9, -43, -58, -63, -48, 
0, -29, -29, 14, 14, -29, 14, -14, -48, -63, -58, -48, 
0, -43, -43, 21, 21, -43, 0, -9, -43, -53, -48, -43, 
9, -39, -48, 14, 29, -43, -14, -9, -39, -53, -53, -43, 
14, -19, -34, 2, 24, -26, -29, -19, -29, -43, -43, -39, 
24, 4, -19, -14, 21, -7, -48, -29, -29, -39, -34, -24, 
43, 4, -39, -24, 41, -17, -63, -53, -48, -48, -39, -34, 
43, -14, -58, -14, 51, -36, -73, -78, -73, -73, -58, -53, 
14, -19, -34, 2, 24, -26, -73, -82, -87, -78, -68, -53, 
0, -14, -14, 7, 7, -14, -68, -92, -97, -78, -63, -53, 
0, -29, -29, 14, 14, -29, -78, -112, -117, -92, -78, -63, 
9, -43, -53, 17, 31, -48, -87, -141, -151, -122, -117, -87, 
4, -34, -39, 14, 21, -36, -82, -141, -161, -131, -122, -87, 
-9, -39, -29, 24, 9, -34, -68, -131, -156, -122, -112, -78, 
-24, -58, -34, 41, 4, -46, -68, -126, -156, -131, -122, -87, 
-34, -78, -43, 56, 4, -61, -63, -117, -151, -136, -117, -87, 
-34, -73, -39, 53, 2, -56, -53, -92, -131, -117, -92, -78, 
0, -53, -53, 26, 26, -53, -53, -82, -117, -102, -82, -73, 
4, -39, -43, 17, 24, -41, -53, -82, -107, -87, -73, -58, 
0, -29, -29, 14, 14, -29, -63, -97, -117, -87, -78, -58, 
9, -29, -39, 9, 24, -34, -63, -102, -107, -82, -68, -53, 
14, -24, -39, 4, 26, -31, -63, -97, -112, -87, -73, -48, 
14, -19, -34, 2, 24, -26, -53, -82, -107, -87, -68, -43, 
19, 0, -19, -9, 19, -9, -48, -78, -107, -87, -68, -39, 
39, 9, -29, -24, 34, -9, -43, -73, -107, -87, -73, -39, 
48, 4, -43, -26, 46, -19, -29, -68, -112, -97, -82, -48, 
29, -24, -53, -2, 41, -39, -24, -78, -126, -117, -97, -68, 
-19, -63, -43, 41, 12, -53, -34, -102, -141, -126, -117, -82, 
-48, -92, -43, 70, -2, -68, -43, -122, -161, -151, -141, -102, 
-68, -112, -43, 90, -12, -78, -53, -136, -170, -165, -156, -112, 
-68, -122, -53, 95, -7, -87, -68, -151, -180, -170, -161, -117, 
-43, -102, -58, 73, 7, -80, -68, -156, -190, -170, -151, -122, 
-39, -92, -53, 65, 7, -73, -53, -136, -175, -161, -141, -102, 
-48, -97, -48, 73, 0, -73, -43, -136, -175, -156, -141, -102, 
-48, -87, -39, 68, -4, -63, -48, -136, -180, -156, -141, -102, 
-43, -78, -34, 61, -4, -56, -53, -136, -175, -146, -131, -102, 
-43, -78, -34, 61, -4, -56, -48, -136, -175, -136, -126, -102, 
-43, -82, -39, 63, -2, -61, -43, -131, -175, -136, -126, -102, 
-34, -68, -34, 51, 0, -51, -39, -126, -165, -141, -126, -92, 
-43, -73, -29, 58, -7, -51, -29, -122, -151, -136, -117, -92, 
-34, -68, -34, 51, 0, -51, -34, -122, -161, -131, -117, -97, 
-19, -53, -34, 36, 7, -43, -39, -117, -156, -126, -112, -92, 
-19, -48, -29, 34, 4, -39, -34, -117, -156, -126, -117, -87, 
-19, -58, -39, 39, 9, -48, -34, -122, -161, -131, -126, -97, 
-24, -68, -43, 46, 9, -56, -39, -131, -170, -146, -141, -107, 
-39, -82, -43, 61, 2, -63, -39, -131, -170, -146, -136, -107, 
-43, -92, -48, 68, 2, -70, -39, -131, -170, -151, -141, -112, 
-39, -87, -48, 63, 4, -68, -43, -136, -170, -151, -146, -112, 
-29, -78, -48, 53, 9, -63, -29, -126, -161, -141, -131, -97, 
-14, -58, -43, 36, 14, -51, -34, -122, -156, -131, -126, -97, 
-14, -63, -48, 39, 17, -56, -29, -112, -141, -122, -112, -92, 
-29, -73, -43, 51, 7, -58, -29, -112, -146, -122, -112, -87, 
-53, -78, -24, 65, -14, -51, -24, -117, -151, -131, -112, -87, 
-63, -87, -24, 75, -19, -56, -39, -122, -161, -141, -117, -102, 
-53, -92, -39, 73, -7, -65, -48, -136, -161, -141, -126, -112, 
-43, -92, -48, 68, 2, -70, -39, -126, -161, -141, -126, -102, 
-48, -97, -48, 73, 0, -73, -24, -107, -165, -151, -131, -102, 
-68, -107, -39, 87, -14, -73, 9, -73, -141, -141, -136, -112, 
-68, -122, -53, 95, -7, -87, 48, -14, -102, -126, -146, -122, 
-53, -122, -68, 87, 7, -95, 102, 58, -63, -126, -146, -131, 
-43, -117, -73, 80, 14, -95, 161, 122, -9, -112, -136, -126, 
-43, -102, -58, 73, 7, -80, 214, 185, 63, -82, -117, -117, 
-58, -102, -43, 80, -7, -73, 278, 273, 136, -39, -87, -107, 
-63, -117, -53, 90, -4, -85, 375, 409, 234, 19, -58, -92, 
-63, -122, -58, 92, -2, -90, 497, 610, 356, 87, -14, -73, 
-43, -107, -63, 75, 9, -85, 590, 761, 473, 165, 53, -39, 
-9, -48, -39, 29, 14, -43, 619, 771, 561, 283, 146, 39, 
43, 53, 9, -48, 17, 31, 595, 673, 634, 414, 278, 136, 
82, 146, 63, -114, 9, 104, 536, 522, 702, 566, 439, 258, 
117, 229, 112, -173, 2, 170, 444, 370, 780, 727, 590, 385, 
156, 317, 161, -236, -2, 239, 322, 253, 888, 902, 766, 531, 
190, 429, 239, -309, -24, 334, 141, 112, 1000, 1093, 961, 697, 
234, 566, 331, -400, -48, 448, -161, -112, 1063, 1268, 1151, 858, 
268, 653, 385, -461, -58, 519, -531, -429, 1029, 1346, 1268, 976, 
263, 678, 414, -470, -75, 546, -829, -795, 888, 1273, 1244, 1000, 
258, 663, 405, -461, -73, 534, -985, -1093, 678, 1073, 1107, 936, 
268, 610, 341, -439, -36, 475, -1083, -1239, 439, 814, 902, 824, 
244, 502, 258, -373, -7, 380, -1190, -1381, 112, 502, 658, 678, 
190, 448, 258, -319, -34, 353, -1337, -1664, -336, 170, 390, 512, 
156, 439, 283, -297, -63, 361, -1444, -1912, -746, -117, 146, 366, 
126, 434, 307, -280, -90, 370, -1459, -1991, -1049, -341, -68, 234, 
107, 429, 322, -268, -107, 375, -1449, -2000, -1234, -478, -195, 141, 
117, 439, 322, -278, -102, 380, -1390, -1869, -1156, -419, -165, 141, 
131, 419, 287, -275, -78, 353, -1234, -1556, -902, -292, -82, 161, 
117, 351, 234, -234, -58, 292, -1005, -1249, -717, -248, -78, 131, 
102, 278, 175, -190, -36, 226, -805, -1010, -605, -244, -102, 82, 
87, 224, 136, -156, -24, 180, -649, -795, -473, -195, -92, 48, 
68, 170, 102, -119, -17, 136, -502, -600, -341, -141, -63, 43, 
48, 126, 78, -87, -14, 102, -395, -463, -278, -122, -58, 34, 
29, 97, 68, -63, -19, 82, -307, -366, -214, -92, -53, 34, 
4, 73, 68, -39, -31, 70, -229, -287, -146, -58, -34, 29, 
-19, 58, 78, -19, -48, 68, -170, -229, -102, -34, -19, 29, 
-19, 53, 73, -17, -46, 63, -122, -170, -73, -24, -19, 24, 
-24, 48, 73, -12, -48, 61, -73, -117, -43, -14, -9, 19, 
-24, 29, 53, -2, -39, 41, -53, -97, -34, -14, -9, 9, 
-9, 24, 34, -7, -21, 29, -48, -92, -43, -19, -14, 0, 
9, 29, 19, -19, -4, 24, -48, -82, -48, -24, -24, -9, 
19, 34, 14, -26, 2, 24, -39, -68, -43, -24, -19, -14, 
34, 34, 0, -34, 17, 17, -29, -53, -43, -34, -29, -19, 
14, 34, 19, -24, -2, 26, 0, -24, -29, -24, -24, -14, 
-14, 34, 48, -9, -31, 41, 14, -9, -29, -24, -24, -14, 
-24, 14, 39, 4, -31, 26, 29, 9, -19, -24, -24, -14, 
-19, 4, 24, 7, -21, 14, 43, 24, -14, -29, -29, -14, 
-19, -9, 9, 14, -14, 0, 39, 24, -19, -34, -39, -29, 
-29, -19, 9, 24, -19, -4, 43, 34, -14, -34, -39, -24, 
-39, -29, 9, 34, -24, -9, 58, 43, 4, -24, -29, -19, 
-29, -14, 14, 21, -21, 0, 58, 53, 9, -24, -24, -19, 
0, 0, 0, 0, 0, 0, 53, 58, 14, -19, -24, -19, 
4, 4, 0, -4, 2, 2, 53, 63, 14, -24, -29, -19, 
0, 0, 0, 0, 0, 0, 68, 73, 24, -19, -24, -14, 
9, 0, -9, -4, 9, -4, 73, 82, 19, -24, -29, -14, 
4, -14, -19, 4, 12, -17, 73, 92, 19, -24, -29, -19, 
-19, -29, -9, 24, -4, -19, 82, 97, 24, -29, -39, -19, 
-34, -19, 14, 26, -24, -2, 92, 107, 43, -14, -19, 0, 
-19, 14, 34, 2, -26, 24, 97, 117, 53, 9, 0, 4, 
4, 19, 14, -12, -4, 17, 97, 126, 63, 19, 4, 9, 
9, 14, 4, -12, 2, 9, 97, 117, 58, 9, 0, 4, 
9, 14, 4, -12, 2, 9, 78, 107, 48, 0, -14, -14, 
-9, 0, 9, 4, -9, 4, 82, 117, 53, 4, -9, -9, 
-14, -14, 0, 14, -7, -7, 92, 131, 63, 14, 4, 4, 
0, 4, 4, -2, -2, 4, 97, 141, 63, 24, 9, 4, 
29, 39, 9, -34, 9, 24, 107, 151, 78, 34, 19, 9, 
58, 58, 0, -58, 29, 29, 122, 165, 87, 34, 29, 19, 
48, 48, 0, -48, 24, 24, 117, 170, 92, 34, 34, 19, 
4, 24, 19, -14, -7, 21, 107, 165, 92, 39, 29, 9, 
-29, 9, 39, 9, -34, 24, 107, 165, 97, 43, 29, 9, 
-43, -9, 34, 26, -39, 12, 97, 156, 97, 43, 29, 4, 
-48, -24, 24, 36, -36, 0, 92, 151, 92, 39, 29, -9, 
-43, -24, 19, 34, -31, -2, 87, 161, 97, 39, 24, 0, 
-29, -19, 9, 24, -19, -4, 92, 175, 107, 53, 34, 4, 
-14, -9, 4, 12, -9, -2, 87, 180, 102, 53, 39, 0, 
4, 4, 0, -4, 2, 2, 97, 190, 112, 53, 48, 9, 
0, 4, 4, -2, -2, 4, 107, 209, 122, 53, 43, 19, 
-14, -14, 0, 14, -7, -7, 112, 204, 126, 48, 43, 14, 
-9, -9, 0, 9, -4, -4, 102, 195, 122, 43, 43, 19, 
9, 9, 0, -9, 4, 4, 107, 209, 131, 39, 48, 29, 
9, 19, 9, -14, 0, 14, 107, 219, 141, 43, 48, 34, 
14, 24, 9, -19, 2, 17, 112, 224, 146, 58, 58, 39, 
19, 34, 14, -26, 2, 24, 112, 224, 161, 73, 63, 43, 
19, 39, 19, -29, 0, 29, 112, 239, 170, 82, 63, 48, 
14, 39, 24, -26, -4, 31, 117, 244, 175, 92, 68, 48, 
4, 34, 29, -19, -12, 31, 122, 253, 185, 102, 68, 48, 
0, 29, 29, -14, -14, 29, 122, 258, 185, 112, 63, 43, 
-9, 24, 34, -7, -21, 29, 122, 258, 190, 112, 73, 43, 
4, 34, 29, -19, -12, 31, 122, 263, 209, 122, 87, 48, 
9, 48, 39, -29, -14, 43, 126, 273, 229, 131, 102, 53, 
14, 53, 39, -34, -12, 46, 126, 278, 229, 136, 102, 48, 
14, 48, 34, -31, -9, 41, 122, 278, 229, 136, 107, 48, 
24, 48, 24, -36, 0, 36, 117, 287, 239, 141, 107, 63, 
24, 48, 24, -36, 0, 36, 122, 297, 248, 146, 112, 63, 
9, 53, 43, -31, -17, 48, 122, 312, 248, 151, 117, 68, 
4, 58, 53, -31, -24, 56, 131, 322, 263, 151, 122, 78, 
14, 58, 43, -36, -14, 51, 136, 341, 273, 156, 126, 87, 
14, 58, 43, -36, -14, 51, 146, 346, 283, 165, 141, 92, 
24, 68, 43, -46, -9, 56, 136, 346, 283, 165, 141, 92, 
29, 68, 39, -48, -4, 53, 136, 356, 302, 175, 141, 97, 
24, 68, 43, -46, -9, 56, 136, 375, 317, 185, 146, 102, 
29, 82, 53, -56, -12, 68, 146, 390, 331, 195, 161, 112, 
53, 97, 43, -75, 4, 70, 146, 390, 336, 204, 161, 117, 
58, 97, 39, -78, 9, 68, 151, 414, 346, 204, 165, 122, 
58, 102, 43, -80, 7, 73, 156, 429, 356, 209, 165, 131, 
68, 107, 39, -87, 14, 73, 161, 444, 370, 219, 180, 146, 
63, 112, 48, -87, 7, 80, 165, 463, 380, 229, 190, 151, 
53, 112, 58, -82, -2, 85, 165, 473, 385, 244, 209, 151, 
63, 131, 68, -97, -2, 100, 165, 492, 414, 263, 224, 161, 
78, 141, 63, -109, 7, 102, 175, 517, 444, 283, 239, 170, 
73, 131, 58, -102, 7, 95, 180, 531, 453, 302, 248, 170, 
73, 122, 48, -97, 12, 85, 180, 536, 458, 307, 258, 170, 
78, 131, 53, -104, 12, 92, 180, 551, 473, 317, 273, 180, 
58, 126, 68, -92, -4, 97, 190, 580, 492, 326, 283, 190, 
34, 117, 82, -75, -24, 100, 190, 595, 502, 326, 283, 195, 
43, 126, 82, -85, -19, 104, 190, 600, 507, 326, 287, 204, 
73, 151, 78, -112, -2, 114, 204, 629, 527, 336, 302, 219, 
87, 165, 78, -126, 4, 122, 214, 644, 546, 356, 317, 234, 
87, 170, 82, -129, 2, 126, 214, 649, 561, 366, 326, 248, 
92, 165, 73, -129, 9, 119, 214, 658, 570, 370, 336, 253, 
97, 161, 63, -129, 17, 112, 204, 658, 575, 370, 336, 253, 
102, 161, 58, -131, 21, 109, 195, 668, 585, 385, 341, 263, 
92, 165, 73, -129, 9, 119, 190, 678, 595, 395, 351, 273, 
78, 161, 82, -119, -2, 122, 209, 702, 619, 419, 366, 283, 
87, 170, 82, -129, 2, 126, 204, 712, 629, 429, 370, 287, 
97, 185, 87, -141, 4, 136, 214, 722, 639, 444, 385, 297, 
87, 185, 97, -136, -4, 141, 219, 732, 653, 448, 395, 302, 
73, 195, 122, -134, -24, 158, 234, 756, 673, 473, 424, 312, 
87, 224, 136, -156, -24, 180, 229, 761, 688, 488, 439, 326, 
107, 229, 122, -168, -7, 175, 229, 756, 697, 492, 448, 336, 
126, 244, 117, -185, 4, 180, 224, 761, 697, 492, 444, 336, 
141, 263, 122, -202, 9, 192, 219, 771, 702, 502, 453, 346, 
131, 263, 131, -197, 0, 197, 214, 766, 702, 502, 453, 356, 
131, 253, 122, -192, 4, 187, 214, 771, 702, 497, 453, 356, 
141, 253, 112, -197, 14, 183, 214, 761, 697, 502, 453, 361, 
131, 253, 122, -192, 4, 187, 209, 756, 692, 517, 463, 361, 
122, 244, 122, -183, 0, 183, 204, 751, 697, 517, 473, 361, 
112, 248, 136, -180, -12, 192, 204, 746, 697, 527, 478, 366, 
102, 248, 146, -175, -21, 197, 185, 727, 688, 522, 478, 361, 
97, 239, 141, -168, -21, 190, 170, 707, 678, 517, 473, 361, 
112, 234, 122, -173, -4, 178, 161, 688, 663, 507, 463, 356, 
122, 234, 112, -178, 4, 173, 151, 653, 649, 502, 458, 351, 
107, 234, 126, -170, -9, 180, 136, 634, 629, 492, 458, 351, 
97, 239, 141, -168, -21, 190, 122, 600, 610, 483, 448, 346, 
97, 239, 141, -168, -21, 190, 112, 570, 585, 463, 434, 341, 
97, 239, 141, -168, -21, 190, 102, 551, 556, 444, 419, 336, 
97, 234, 136, -165, -19, 185, 97, 527, 531, 419, 400, 336, 
107, 239, 131, -173, -12, 185, 87, 497, 507, 400, 385, 322, 
117, 234, 117, -175, 0, 175, 73, 453, 478, 385, 370, 307, 
117, 224, 107, -170, 4, 165, 53, 409, 439, 361, 341, 283, 
102, 214, 112, -158, -4, 163, 48, 370, 409, 341, 317, 268, 
97, 204, 107, -151, -4, 156, 43, 336, 375, 312, 287, 253, 
92, 180, 87, -136, 2, 134, 29, 302, 341, 278, 263, 229, 
78, 156, 78, -117, 0, 117, 19, 268, 292, 248, 234, 195, 
53, 136, 82, -95, -14, 109, 19, 244, 263, 224, 219, 185, 
53, 122, 68, -87, -7, 95, 19, 214, 234, 185, 185, 165, 
73, 102, 29, -87, 21, 65, 9, 180, 190, 146, 151, 136, 
82, 92, 9, -87, 36, 51, 4, 151, 161, 117, 126, 117, 
63, 87, 24, -75, 19, 56, 9, 131, 146, 112, 117, 112, 
53, 73, 19, -63, 17, 46, 4, 112, 131, 97, 92, 87, 
39, 53, 14, -46, 12, 34, 4, 87, 102, 87, 73, 63, 
14, 34, 19, -24, -2, 26, 4, 73, 82, 78, 58, 48, 
-9, 24, 34, -7, -21, 29, 4, 58, 63, 68, 53, 39, 
-9, 19, 29, -4, -19, 24, -9, 43, 43, 48, 34, 24, 
