I, II, III, aVR, aVL, aVF, V1, V2, V3, V4, V5, V6, 
78, -78, -156, 0, 117, -117, -39, -19, -39, -39, -58, -19, 
78, -78, -156, 0, 117, -117, -39, -19, -39, -39, -58, -19, 
78, -78, -156, 0, 117, -117, -39, -19, -39, -39, -58, -19, 
78, -78, -156, 0, 117, -117, -39, -19, -39, -39, -58, -19, 
68, -92, -161, 12, 114, -126, -29, -19, -34, -39, -68, -24, 
68, -97, -165, 14, 117, -131, -29, -19, -29, -39, -68, -29, 
68, -102, -170, 17, 119, -136, -29, -19, -24, -39, -68, -34, 
68, -107, -175, 19, 122, -141, -29, -19, -19, -39, -68, -39, 
58, -117, -175, 29, 117, -146, -19, -19, -9, -39, -68, -48, 
58, -117, -175, 29, 117, -146, -19, -19, -9, -39, -68, -48, 
58, -117, -175, 29, 117, -146, -19, -19, -9, -39, -68, -48, 
58, -117, -175, 29, 117, -146, -19, -19, -9, -39, -68, -48, 
48, -126, -175, 39, 112, -151, -14, -9, -9, -48, -78, -39, 
48, -136, -185, 43, 117, -161, -9, -9, -9, -48, -78, -39, 
48, -146, -195, 48, 122, -170, -4, -9, -9, -48, -78, -39, 
48, -156, -204, 53, 126, -180, 0, -9, -9, -48, -78, -39, 
39, -156, -195, 58, 117, -175, 0, -9, 0, -58, -87, -43, 
39, -156, -195, 58, 117, -175, 0, -9, 0, -58, -87, -48, 
39, -156, -195, 58, 117, -175, 0, -9, 0, -58, -87, -53, 
39, -156, -195, 58, 117, -175, 0, -9, 0, -58, -87, -58, 
39, -156, -195, 58, 117, -175, 0, -9, 9, -58, -97, -58, 
39, -156, -195, 58, 117, -175, 0, -9, 9, -58, -97, -58, 
39, -156, -195, 58, 117, -175, 0, -9, 9, -58, -97, -58, 
39, -156, -195, 58, 117, -175, 0, -9, 9, -58, -97, -58, 
39, -151, -190, 56, 114, -170, -9, -19, 0, -68, -107, -63, 
39, -146, -185, 53, 112, -165, -9, -19, 0, -68, -107, -68, 
39, -141, -180, 51, 109, -161, -9, -19, 0, -68, -107, -73, 
39, -136, -175, 48, 107, -156, -9, -19, 0, -68, -107, -78, 
29, -146, -175, 58, 102, -161, -4, -14, 0, -63, -102, -68, 
29, -156, -185, 63, 107, -170, 0, -9, 0, -58, -97, -68, 
29, -165, -195, 68, 112, -180, 4, -4, 0, -53, -92, -68, 
29, -175, -204, 73, 117, -190, 9, 0, 0, -48, -87, -68, 
29, -175, -204, 73, 117, -190, 9, 0, 0, -48, -87, -78, 
29, -175, -204, 73, 117, -190, 9, 0, 0, -48, -87, -78, 
29, -175, -204, 73, 117, -190, 9, 0, 0, -48, -87, -78, 
29, -175, -204, 73, 117, -190, 9, 0, 0, -48, -87, -78, 
39, -165, -204, 63, 122, -185, 9, 0, 0, -58, -92, -73, 
39, -165, -204, 63, 122, -185, 9, 0, 0, -58, -97, -68, 
39, -165, -204, 63, 122, -185, 9, 0, 0, -58, -102, -63, 
39, -165, -204, 63, 122, -185, 9, 0, 0, -58, -107, -58, 
39, -170, -209, 65, 124, -190, 9, 0, 9, -58, -97, -58, 
39, -175, -214, 68, 126, -195, 9, 0, 9, -58, -97, -58, 
39, -180, -219, 70, 129, -200, 9, 0, 9, -58, -97, -58, 
39, -185, -224, 73, 131, -204, 9, 0, 9, -58, -97, -58, 
39, -175, -214, 68, 126, -195, 9, 0, 9, -48, -87, -68, 
39, -175, -214, 68, 126, -195, 9, 0, 9, -48, -87, -68, 
39, -175, -214, 68, 126, -195, 9, 0, 9, -48, -87, -68, 
39, -175, -214, 68, 126, -195, 9, 0, 9, -48, -87, -68, 
39, -161, -200, 61, 119, -180, 4, -9, 4, -53, -97, -73, 
39, -156, -195, 58, 117, -175, 0, -9, 0, -58, -97, -78, 
39, -151, -190, 56, 114, -170, -4, -9, -4, -63, -97, -82, 
39, -146, -185, 53, 112, -165, -9, -9, -9, -68, -97, -87, 
48, -151, -200, 51, 124, -175, 0, 0, 0, -58, -97, -73, 
48, -156, -204, 53, 126, -180, 0, 0, 0, -58, -97, -68, 
48, -161, -209, 56, 129, -185, 0, 0, 0, -58, -97, -63, 
48, -165, -214, 58, 131, -190, 0, 0, 0, -58, -97, -58, 
48, -175, -224, 63, 136, -200, 0, 0, 9, -48, -87, -58, 
48, -175, -224, 63, 136, -200, 0, 0, 9, -48, -87, -58, 
48, -175, -224, 63, 136, -200, 0, 0, 9, -48, -87, -58, 
48, -175, -224, 63, 136, -200, 0, 0, 9, -48, -87, -58, 
48, -165, -214, 58, 131, -190, 0, 0, 0, -48, -87, -58, 
48, -165, -214, 58, 131, -190, 0, 0, 0, -48, -87, -58, 
48, -165, -214, 58, 131, -190, 0, 0, 0, -48, -87, -58, 
48, -165, -214, 58, 131, -190, 0, 0, 0, -48, -87, -58, 
39, -161, -200, 61, 119, -180, -9, -9, -4, -58, -92, -68, 
39, -156, -195, 58, 117, -175, -9, -9, -9, -58, -97, -68, 
39, -151, -190, 56, 114, -170, -9, -9, -14, -58, -102, -68, 
39, -146, -185, 53, 112, -165, -9, -9, -19, -58, -107, -68, 
48, -141, -190, 46, 119, -165, -9, -9, -19, -58, -97, -68, 
48, -136, -185, 43, 117, -161, -9, -9, -19, -58, -97, -68, 
48, -131, -180, 41, 114, -156, -9, -9, -19, -58, -97, -68, 
48, -126, -175, 39, 112, -151, -9, -9, -19, -58, -97, -68, 
48, -136, -185, 43, 117, -161, -9, -9, -9, -68, -87, -68, 
48, -136, -185, 43, 117, -161, -9, -9, -9, -68, -87, -68, 
48, -136, -185, 43, 117, -161, -9, -9, -9, -68, -87, -68, 
48, -136, -185, 43, 117, -161, -9, -9, -9, -68, -87, -68, 
48, -141, -190, 46, 119, -165, -9, 0, 0, -58, -87, -58, 
48, -146, -195, 48, 122, -170, -9, 0, 0, -58, -87, -58, 
48, -151, -200, 51, 124, -175, -9, 0, 0, -58, -87, -58, 
48, -156, -204, 53, 126, -180, -9, 0, 0, -58, -87, -58, 
58, -151, -209, 46, 134, -180, -9, -9, -4, -58, -87, -58, 
58, -146, -204, 43, 131, -175, -9, -9, -9, -58, -87, -58, 
58, -141, -200, 41, 129, -170, -9, -9, -14, -58, -87, -58, 
58, -136, -195, 39, 126, -165, -9, -9, -19, -58, -87, -58, 
48, -141, -190, 46, 119, -165, -9, -9, -19, -48, -87, -58, 
48, -146, -195, 48, 122, -170, -9, -9, -19, -48, -87, -58, 
48, -151, -200, 51, 124, -175, -9, -9, -19, -48, -87, -58, 
48, -156, -204, 53, 126, -180, -9, -9, -19, -48, -87, -58, 
48, -165, -214, 58, 131, -190, 0, 0, -9, -58, -87, -68, 
48, -165, -214, 58, 131, -190, 0, 0, -9, -58, -87, -68, 
48, -165, -214, 58, 131, -190, 0, 0, -9, -58, -87, -68, 
48, -165, -214, 58, 131, -190, 0, 0, -9, -58, -87, -68, 
48, -151, -200, 51, 124, -175, -9, -9, -9, -68, -97, -68, 
48, -146, -195, 48, 122, -170, -9, -9, -9, -68, -97, -68, 
48, -141, -190, 46, 119, -165, -9, -9, -9, -68, -97, -68, 
48, -136, -185, 43, 117, -161, -9, -9, -9, -68, -97, -68, 
48, -146, -195, 48, 122, -170, 0, 0, 0, -68, -107, -63, 
48, -156, -204, 53, 126, -180, 0, 0, 0, -68, -107, -58, 
48, -165, -214, 58, 131, -190, 0, 0, 0, -68, -107, -53, 
48, -175, -224, 63, 136, -200, 0, 0, 0, -68, -107, -48, 
48, -185, -234, 68, 141, -209, 9, 0, 0, -78, -107, -39, 
48, -185, -234, 68, 141, -209, 9, 0, 0, -78, -107, -39, 
48, -185, -234, 68, 141, -209, 9, 0, 0, -78, -107, -39, 
48, -185, -234, 68, 141, -209, 9, 0, 0, -78, -107, -39, 
58, -175, -234, 58, 146, -204, 0, 0, -9, -87, -107, -53, 
58, -175, -234, 58, 146, -204, 0, 0, -9, -87, -107, -58, 
58, -175, -234, 58, 146, -204, 0, 0, -9, -87, -107, -63, 
58, -175, -234, 58, 146, -204, 0, 0, -9, -87, -107, -68, 
48, -165, -214, 58, 131, -190, -9, -9, -19, -87, -117, -73, 
48, -156, -204, 53, 126, -180, -9, -9, -19, -87, -117, -78, 
48, -146, -195, 48, 122, -170, -9, -9, -19, -87, -117, -82, 
48, -136, -185, 43, 117, -161, -9, -9, -19, -87, -117, -87, 
48, -141, -190, 46, 119, -165, 0, -9, -9, -97, -126, -87, 
48, -146, -195, 48, 122, -170, 0, -9, -9, -97, -126, -87, 
48, -151, -200, 51, 124, -175, 0, -9, -9, -97, -126, -87, 
48, -156, -204, 53, 126, -180, 0, -9, -9, -97, -126, -87, 
48, -161, -209, 56, 129, -185, 0, -9, -9, -97, -117, -78, 
48, -165, -214, 58, 131, -190, 0, -9, -9, -97, -117, -78, 
48, -170, -219, 61, 134, -195, 0, -9, -9, -97, -117, -78, 
48, -175, -224, 63, 136, -200, 0, -9, -9, -97, -117, -78, 
48, -185, -234, 68, 141, -209, 0, 0, -9, -107, -117, -87, 
48, -185, -234, 68, 141, -209, 0, 0, -9, -107, -117, -87, 
48, -185, -234, 68, 141, -209, 0, 0, -9, -107, -117, -87, 
48, -185, -234, 68, 141, -209, 0, 0, -9, -107, -117, -87, 
39, -175, -214, 68, 126, -195, 0, 0, -9, -97, -117, -82, 
39, -175, -214, 68, 126, -195, 0, 0, -9, -97, -117, -78, 
39, -175, -214, 68, 126, -195, 0, 0, -9, -97, -117, -73, 
39, -175, -214, 68, 126, -195, 0, 0, -9, -97, -117, -68, 
39, -185, -224, 73, 131, -204, 9, 0, -9, -97, -117, -73, 
39, -185, -224, 73, 131, -204, 9, 0, -9, -97, -117, -78, 
39, -185, -224, 73, 131, -204, 9, 0, -9, -97, -117, -82, 
39, -185, -224, 73, 131, -204, 9, 0, -9, -97, -117, -87, 
39, -185, -224, 73, 131, -204, 9, 9, -9, -87, -107, -78, 
39, -185, -224, 73, 131, -204, 9, 9, -9, -87, -107, -78, 
39, -185, -224, 73, 131, -204, 9, 9, -9, -87, -107, -78, 
39, -185, -224, 73, 131, -204, 9, 9, -9, -87, -107, -78, 
39, -185, -224, 73, 131, -204, 9, 9, 0, -97, -117, -78, 
39, -185, -224, 73, 131, -204, 9, 9, 0, -97, -117, -78, 
39, -185, -224, 73, 131, -204, 9, 9, 0, -97, -117, -78, 
39, -185, -224, 73, 131, -204, 9, 9, 0, -97, -117, -78, 
39, -195, -234, 78, 136, -214, 9, 19, 9, -102, -126, -78, 
39, -195, -234, 78, 136, -214, 9, 19, 9, -107, -126, -78, 
39, -195, -234, 78, 136, -214, 9, 19, 9, -112, -126, -78, 
39, -195, -234, 78, 136, -214, 9, 19, 9, -117, -126, -78, 
48, -195, -244, 73, 146, -219, 9, 29, 0, -117, -136, -78, 
48, -195, -244, 73, 146, -219, 9, 29, 0, -117, -136, -78, 
48, -195, -244, 73, 146, -219, 9, 29, 0, -117, -136, -78, 
48, -195, -244, 73, 146, -219, 9, 29, 0, -117, -136, -78, 
48, -185, -234, 68, 141, -209, 0, 19, 0, -117, -146, -78, 
48, -185, -234, 68, 141, -209, 0, 19, 0, -117, -146, -78, 
48, -185, -234, 68, 141, -209, 0, 19, 0, -117, -146, -78, 
48, -185, -234, 68, 141, -209, 0, 19, 0, -117, -146, -78, 
48, -180, -229, 65, 139, -204, 0, 19, 9, -117, -136, -87, 
48, -175, -224, 63, 136, -200, 0, 19, 9, -117, -136, -87, 
48, -170, -219, 61, 134, -195, 0, 19, 9, -117, -136, -87, 
48, -165, -214, 58, 131, -190, 0, 19, 9, -117, -136, -87, 
48, -175, -224, 63, 136, -200, 9, 29, 9, -117, -131, -97, 
48, -175, -224, 63, 136, -200, 9, 29, 9, -117, -126, -97, 
48, -175, -224, 63, 136, -200, 9, 29, 9, -117, -122, -97, 
48, -175, -224, 63, 136, -200, 9, 29, 9, -117, -117, -97, 
48, -180, -229, 65, 139, -204, 19, 39, 9, -117, -126, -92, 
48, -185, -234, 68, 141, -209, 19, 39, 9, -117, -126, -87, 
48, -190, -239, 70, 143, -214, 19, 39, 9, -117, -126, -82, 
48, -195, -244, 73, 146, -219, 19, 39, 9, -117, -126, -78, 
48, -204, -253, 78, 151, -229, 19, 48, 9, -117, -126, -78, 
48, -204, -253, 78, 151, -229, 19, 48, 9, -117, -126, -78, 
48, -204, -253, 78, 151, -229, 19, 48, 9, -117, -126, -78, 
48, -204, -253, 78, 151, -229, 19, 48, 9, -117, -126, -78, 
48, -204, -253, 78, 151, -229, 19, 39, 9, -117, -126, -87, 
48, -204, -253, 78, 151, -229, 19, 39, 9, -117, -126, -87, 
48, -204, -253, 78, 151, -229, 19, 39, 9, -117, -126, -87, 
48, -204, -253, 78, 151, -229, 19, 39, 9, -117, -126, -87, 
48, -190, -239, 70, 143, -214, 14, 29, 0, -126, -136, -97, 
48, -185, -234, 68, 141, -209, 9, 29, 0, -126, -136, -97, 
48, -180, -229, 65, 139, -204, 4, 29, 0, -126, -136, -97, 
48, -175, -224, 63, 136, -200, 0, 29, 0, -126, -136, -97, 
48, -165, -214, 58, 131, -190, 0, 29, -9, -136, -136, -97, 
48, -165, -214, 58, 131, -190, 0, 29, -9, -136, -136, -97, 
48, -165, -214, 58, 131, -190, 0, 29, -9, -136, -136, -97, 
48, -165, -214, 58, 131, -190, 0, 29, -9, -136, -136, -97, 
39, -170, -209, 65, 124, -190, 9, 29, -4, -126, -136, -87, 
39, -175, -214, 68, 126, -195, 9, 29, 0, -126, -136, -87, 
39, -180, -219, 70, 129, -200, 9, 29, 4, -126, -136, -87, 
39, -185, -224, 73, 131, -204, 9, 29, 9, -126, -136, -87, 
48, -190, -239, 70, 143, -214, 9, 39, 19, -126, -136, -78, 
48, -195, -244, 73, 146, -219, 9, 39, 19, -126, -136, -78, 
48, -200, -248, 75, 148, -224, 9, 39, 19, -126, -136, -78, 
48, -204, -253, 78, 151, -229, 9, 39, 19, -126, -136, -78, 
58, -195, -253, 68, 156, -224, 0, 29, 19, -126, -136, -78, 
58, -195, -253, 68, 156, -224, 0, 29, 19, -126, -136, -78, 
58, -195, -253, 68, 156, -224, 0, 29, 19, -126, -136, -78, 
58, -195, -253, 68, 156, -224, 0, 29, 19, -126, -136, -78, 
53, -195, -248, 70, 151, -222, 0, 29, 29, -107, -136, -68, 
53, -190, -244, 68, 148, -217, -4, 29, 29, -107, -131, -68, 
48, -185, -234, 68, 141, -209, -4, 24, 34, -102, -126, -68, 
48, -175, -224, 63, 136, -200, -14, 24, 39, -97, -117, -63, 
53, -165, -219, 56, 136, -192, -9, 19, 48, -92, -117, -63, 
53, -161, -214, 53, 134, -187, -9, 19, 53, -87, -117, -63, 
53, -156, -209, 51, 131, -183, -9, 19, 53, -82, -117, -63, 
58, -151, -209, 46, 134, -180, -9, 19, 53, -82, -117, -58, 
58, -156, -214, 48, 136, -185, -19, 19, 43, -82, -97, -58, 
63, -151, -214, 43, 139, -183, -29, 19, 48, -82, -97, -53, 
68, -151, -219, 41, 143, -185, -29, 19, 48, -82, -97, -53, 
73, -146, -219, 36, 146, -183, -29, 19, 48, -82, -97, -58, 
78, -136, -214, 29, 146, -175, -29, 19, 48, -78, -92, -68, 
78, -126, -204, 24, 141, -165, -29, 19, 48, -73, -92, -68, 
78, -117, -195, 19, 136, -156, -34, 19, 48, -68, -82, -58, 
82, -107, -190, 12, 136, -148, -39, 19, 48, -63, -78, -53, 
82, -117, -200, 17, 141, -158, -43, 19, 63, -48, -68, -34, 
82, -112, -195, 14, 139, -153, -48, 14, 68, -43, -63, -24, 
92, -107, -200, 7, 146, -153, -53, 9, 68, -39, -53, -24, 
92, -87, -180, -2, 136, -134, -68, 0, 68, -29, -48, -9, 
87, -73, -161, -7, 124, -117, -87, -9, 63, -24, -39, -4, 
82, -58, -141, -12, 112, -100, -87, -19, 73, -24, -39, -4, 
78, -48, -126, -14, 102, -87, -87, -34, 82, -24, -39, -4, 
78, -39, -117, -19, 97, -78, -87, -39, 87, -24, -39, 0, 
87, -14, -102, -36, 95, -58, -102, -53, 78, -34, -39, 0, 
87, 0, -87, -43, 87, -43, -107, -58, 73, -24, -39, 0, 
87, 9, -78, -48, 82, -34, -112, -73, 73, -19, -43, 0, 
87, 19, -68, -53, 78, -24, -112, -78, 73, -19, -43, -4, 
87, 14, -73, -51, 80, -29, -112, -78, 78, -4, -34, 4, 
87, 24, -63, -56, 75, -19, -117, -78, 82, 0, -24, 14, 
87, 29, -58, -58, 73, -14, -117, -78, 87, 0, -14, 19, 
87, 39, -48, -63, 68, -4, -117, -78, 87, 4, -9, 24, 
87, 34, -53, -61, 70, -9, -112, -68, 87, 4, 0, 29, 
87, 29, -58, -58, 73, -14, -112, -68, 87, 9, 0, 34, 
87, 29, -58, -58, 73, -14, -112, -63, 87, 9, 4, 39, 
87, 24, -63, -56, 75, -19, -112, -63, 82, 9, 4, 39, 
97, 19, -78, -58, 87, -29, -97, -63, 82, 0, 9, 39, 
97, 9, -87, -53, 92, -39, -92, -63, 73, 0, 9, 29, 
97, 0, -97, -48, 97, -48, -87, -58, 68, 0, 4, 29, 
97, -9, -107, -43, 102, -58, -82, -53, 63, -14, 0, 29, 
87, -29, -117, -29, 102, -73, -68, -48, 43, -29, -14, 29, 
87, -39, -126, -24, 107, -82, -58, -43, 34, -34, -24, 19, 
87, -39, -126, -24, 107, -82, -58, -43, 34, -34, -34, 19, 
87, -39, -126, -24, 107, -82, -53, -43, 29, -39, -39, 19, 
87, -39, -126, -24, 107, -82, -53, -39, 39, -34, -43, 9, 
82, -53, -136, -14, 109, -95, -43, -34, 34, -39, -48, 0, 
82, -63, -146, -9, 114, -104, -39, -29, 34, -39, -53, -4, 
73, -78, -151, 2, 112, -114, -29, -24, 29, -48, -63, -9, 
68, -102, -170, 17, 119, -136, -24, -14, 24, -63, -68, -24, 
63, -112, -175, 24, 119, -143, -14, -9, 24, -73, -73, -29, 
63, -122, -185, 29, 124, -153, -4, -9, 29, -73, -73, -34, 
63, -126, -190, 31, 126, -158, 0, -4, 29, -78, -78, -34, 
53, -156, -209, 51, 131, -183, 4, 9, 19, -87, -87, -34, 
48, -165, -214, 58, 131, -190, 9, 14, 14, -97, -102, -43, 
48, -180, -229, 65, 139, -204, 19, 19, 14, -97, -107, -48, 
48, -190, -239, 70, 143, -214, 19, 24, 14, -112, -117, -48, 
58, -200, -258, 70, 158, -229, 24, 19, 14, -131, -136, -58, 
53, -209, -263, 78, 158, -236, 29, 24, 14, -146, -141, -68, 
53, -219, -273, 82, 163, -246, 34, 24, 9, -151, -161, -82, 
53, -219, -273, 82, 163, -246, 34, 29, 4, -161, -170, -87, 
53, -209, -263, 78, 158, -236, 34, 29, 4, -151, -161, -87, 
53, -214, -268, 80, 161, -241, 29, 29, -4, -151, -170, -92, 
53, -214, -268, 80, 161, -241, 24, 29, -4, -156, -170, -87, 
48, -219, -268, 85, 158, -244, 19, 29, -4, -161, -170, -82, 
48, -219, -268, 85, 158, -244, 19, 34, 0, -151, -170, -87, 
48, -219, -268, 85, 158, -244, 19, 34, 4, -151, -170, -97, 
48, -219, -268, 85, 158, -244, 24, 34, 9, -151, -170, -112, 
48, -219, -268, 85, 158, -244, 24, 34, 14, -151, -170, -117, 
48, -219, -268, 85, 158, -244, 24, 24, 4, -161, -170, -107, 
48, -219, -268, 85, 158, -244, 29, 29, 4, -165, -165, -102, 
48, -224, -273, 87, 161, -248, 29, 29, 4, -170, -161, -102, 
48, -224, -273, 87, 161, -248, 29, 29, 4, -170, -161, -117, 
39, -214, -253, 87, 146, -234, 19, 29, -9, -170, -161, -126, 
39, -209, -248, 85, 143, -229, 19, 29, -14, -175, -161, -126, 
39, -209, -248, 85, 143, -229, 24, 29, -14, -175, -161, -126, 
39, -219, -258, 90, 148, -239, 24, 29, -9, -170, -161, -126, 
39, -224, -263, 92, 151, -244, 19, 29, -9, -170, -170, -112, 
34, -224, -258, 95, 146, -241, 19, 34, -9, -170, -170, -107, 
34, -229, -263, 97, 148, -246, 24, 34, -9, -175, -175, -102, 
34, -229, -263, 97, 148, -246, 24, 39, -9, -175, -175, -97, 
48, -253, -302, 102, 175, -278, 43, 43, 0, -165, -175, -102, 
53, -258, -312, 102, 183, -285, 43, 58, 0, -156, -180, -97, 
53, -248, -302, 97, 178, -275, 48, 73, 4, -161, -180, -112, 
63, -273, -336, 104, 200, -305, 63, 102, 9, -151, -175, -131, 
68, -307, -375, 119, 222, -341, 87, 136, 9, -131, -161, -165, 
87, -307, -395, 109, 241, -351, 97, 161, 9, -102, -136, -200, 
112, -297, -409, 92, 261, -353, 87, 185, 4, -53, -97, -209, 
131, -278, -409, 73, 270, -344, 82, 200, -9, -9, -53, -190, 
156, -278, -434, 61, 295, -356, 78, 219, -19, 34, -24, -180, 
175, -258, -434, 41, 305, -346, 68, 239, -34, 58, 4, -161, 
204, -190, -395, -7, 300, -292, 39, 214, -43, 97, 53, -107, 
234, -97, -331, -68, 283, -214, -4, 175, -43, 151, 126, -19, 
239, 19, -219, -129, 229, -100, -58, 126, -34, 214, 229, 87, 
248, 165, -82, -207, 165, 41, -122, 48, -43, 283, 346, 244, 
263, 336, 73, -300, 95, 204, -209, -48, -58, 336, 453, 414, 
287, 492, 204, -390, 41, 348, -292, -141, -68, 370, 536, 575, 
317, 634, 317, -475, 0, 475, -366, -209, -68, 409, 614, 727, 
336, 775, 439, -556, -51, 607, -434, -292, -53, 463, 702, 878, 
336, 922, 585, -629, -124, 753, -512, -390, -39, 522, 800, 1015, 
346, 1044, 697, -695, -175, 871, -580, -497, -29, 546, 854, 1127, 
341, 1156, 814, -749, -236, 985, -644, -605, -29, 536, 893, 1239, 
322, 1205, 883, -763, -280, 1044, -673, -668, -14, 497, 868, 1298, 
278, 1146, 868, -712, -295, 1007, -634, -673, 19, 385, 741, 1234, 
204, 1019, 814, -612, -305, 917, -575, -663, 58, 273, 580, 1083, 
136, 893, 756, -514, -309, 824, -517, -639, 102, 185, 458, 946, 
68, 761, 692, -414, -312, 727, -458, -605, 117, 102, 331, 829, 
19, 610, 590, -314, -285, 600, -385, -556, 141, -4, 200, 683, 
-39, 439, 478, -200, -258, 458, -302, -497, 170, -58, 92, 541, 
-92, 278, 370, -92, -231, 324, -209, -419, 204, -63, 24, 385, 
-141, 131, 273, 4, -207, 202, -131, -351, 234, -73, -29, 224, 
-195, 14, 209, 90, -202, 112, -63, -302, 253, -97, -82, 92, 
-234, -78, 156, 156, -195, 39, 4, -248, 283, -112, -122, -4, 
-239, -161, 78, 200, -158, -41, 63, -200, 297, -136, -170, -82, 
-239, -229, 9, 234, -124, -109, 102, -146, 287, -204, -224, -131, 
-229, -312, -82, 270, -73, -197, 146, -78, 263, -287, -292, -180, 
-214, -429, -214, 322, 0, -322, 209, 24, 239, -380, -409, -248, 
-195, -517, -322, 356, 63, -419, 253, 112, 214, -453, -492, -302, 
-180, -536, -356, 358, 87, -446, 263, 146, 195, -473, -512, -307, 
-165, -546, -380, 356, 107, -463, 258, 161, 180, -478, -502, -302, 
-141, -546, -405, 344, 131, -475, 253, 165, 175, -488, -502, -322, 
-112, -551, -439, 331, 163, -495, 234, 175, 165, -463, -488, -331, 
-82, -541, -458, 312, 187, -500, 229, 180, 156, -444, -468, -336, 
-53, -497, -444, 275, 195, -470, 209, 180, 151, -414, -444, -317, 
-39, -448, -409, 244, 185, -429, 180, 175, 131, -395, -409, -307, 
-24, -395, -370, 209, 173, -383, 151, 156, 112, -346, -356, -268, 
-14, -336, -322, 175, 153, -329, 126, 146, 97, -302, -297, -219, 
-4, -287, -283, 146, 139, -285, 102, 131, 92, -268, -263, -180, 
0, -263, -263, 131, 131, -263, 87, 112, 87, -229, -239, -156, 
19, -273, -292, 126, 156, -283, 87, 102, 78, -209, -229, -156, 
39, -297, -336, 129, 187, -317, 82, 102, 78, -204, -234, -161, 
48, -307, -356, 129, 202, -331, 78, 92, 63, -195, -229, -170, 
58, -307, -366, 124, 212, -336, 82, 92, 43, -195, -219, -170, 
68, -292, -361, 112, 214, -326, 78, 87, 39, -190, -204, -156, 
68, -283, -351, 107, 209, -317, 68, 82, 39, -180, -190, -151, 
63, -287, -351, 112, 207, -319, 58, 73, 43, -170, -175, -151, 
63, -273, -336, 104, 200, -305, 58, 73, 43, -156, -175, -131, 
58, -273, -331, 107, 195, -302, 58, 73, 43, -156, -170, -131, 
58, -273, -331, 107, 195, -302, 58, 78, 48, -156, -170, -131, 
58, -273, -331, 107, 195, -302, 58, 78, 53, -156, -175, -136, 
63, -273, -336, 104, 200, -305, 58, 68, 53, -156, -195, -136, 
63, -273, -336, 104, 200, -305, 58, 68, 53, -156, -195, -146, 
73, -273, -346, 100, 209, -309, 58, 68, 48, -156, -195, -146, 
73, -273, -346, 100, 209, -309, 58, 68, 43, -156, -190, -146, 
63, -263, -326, 100, 195, -295, 48, 68, 34, -151, -180, -136, 
68, -253, -322, 92, 195, -287, 43, 68, 29, -151, -175, -126, 
73, -248, -322, 87, 197, -285, 43, 63, 29, -156, -170, -122, 
73, -239, -312, 82, 192, -275, 43, 63, 29, -161, -161, -117, 
73, -239, -312, 82, 192, -275, 34, 63, 39, -151, -156, -117, 
73, -239, -312, 82, 192, -275, 34, 63, 39, -146, -156, -117, 
73, -239, -312, 82, 192, -275, 34, 63, 43, -146, -161, -107, 
73, -239, -312, 82, 192, -275, 34, 63, 43, -146, -161, -107, 
73, -248, -322, 87, 197, -285, 39, 68, 53, -136, -161, -112, 
78, -253, -331, 87, 204, -292, 39, 73, 53, -131, -161, -112, 
78, -258, -336, 90, 207, -297, 39, 73, 58, -126, -151, -102, 
78, -253, -331, 87, 204, -292, 39, 78, 58, -126, -151, -102, 
87, -244, -331, 78, 209, -287, 24, 68, 43, -131, -161, -102, 
87, -234, -322, 73, 204, -278, 24, 63, 43, -136, -156, -92, 
87, -229, -317, 70, 202, -273, 19, 63, 43, -141, -156, -102, 
87, -224, -312, 68, 200, -268, 19, 63, 43, -146, -161, -102, 
92, -224, -317, 65, 204, -270, 24, 68, 43, -136, -151, -112, 
92, -224, -317, 65, 204, -270, 24, 68, 43, -131, -151, -107, 
92, -229, -322, 68, 207, -275, 24, 68, 43, -126, -141, -107, 
97, -229, -326, 65, 212, -278, 24, 68, 43, -126, -141, -107, 
87, -239, -326, 75, 207, -283, 34, 78, 43, -122, -131, -102, 
87, -234, -322, 73, 204, -278, 29, 78, 43, -117, -131, -102, 
87, -234, -322, 73, 204, -278, 29, 73, 43, -117, -131, -102, 
87, -229, -317, 70, 202, -273, 29, 73, 43, -117, -131, -97, 
87, -214, -302, 63, 195, -258, 14, 63, 34, -117, -126, -92, 
92, -209, -302, 58, 197, -256, 14, 58, 29, -117, -126, -92, 
92, -200, -292, 53, 192, -246, 4, 58, 24, -117, -126, -97, 
92, -185, -278, 46, 185, -231, 4, 58, 19, -112, -126, -97, 
107, -170, -278, 31, 192, -224, -9, 58, 19, -112, -131, -97, 
107, -165, -273, 29, 190, -219, -9, 58, 14, -112, -126, -97, 
107, -161, -268, 26, 187, -214, -9, 53, 14, -107, -126, -97, 
107, -161, -268, 26, 187, -214, -9, 53, 14, -102, -126, -97, 
122, -170, -292, 24, 207, -231, -9, 58, 24, -87, -117, -87, 
122, -180, -302, 29, 212, -241, -4, 63, 29, -82, -117, -73, 
122, -185, -307, 31, 214, -246, 0, 63, 29, -78, -107, -63, 
122, -195, -317, 36, 219, -256, 4, 68, 29, -78, -107, -58, 
112, -190, -302, 39, 207, -246, 0, 63, 19, -87, -97, -68, 
117, -185, -302, 34, 209, -244, 0, 63, 19, -87, -97, -68, 
126, -170, -297, 21, 212, -234, 0, 63, 14, -78, -97, -68, 
126, -165, -292, 19, 209, -229, 0, 63, 14, -73, -92, -63, 
126, -165, -292, 19, 209, -229, -4, 58, 14, -73, -87, -63, 
126, -161, -287, 17, 207, -224, -4, 58, 14, -73, -82, -63, 
126, -151, -278, 12, 202, -214, -9, 53, 19, -68, -78, -63, 
126, -141, -268, 7, 197, -204, -9, 53, 19, -63, -73, -53, 
141, -126, -268, -7, 204, -197, -14, 53, 24, -73, -73, -43, 
141, -122, -263, -9, 202, -192, -19, 53, 24, -63, -73, -43, 
146, -117, -263, -14, 204, -190, -19, 43, 24, -63, -73, -43, 
156, -112, -268, -21, 212, -190, -24, 43, 14, -63, -68, -43, 
161, -117, -278, -21, 219, -197, -29, 43, 14, -63, -63, -48, 
161, -112, -273, -24, 217, -192, -29, 43, 14, -58, -63, -39, 
165, -102, -268, -31, 217, -185, -34, 43, 14, -53, -63, -34, 
170, -102, -273, -34, 222, -187, -39, 39, 14, -53, -63, -34, 
175, -107, -283, -34, 229, -195, -39, 39, 14, -39, -43, -19, 
185, -102, -287, -41, 236, -195, -43, 39, 9, -34, -39, -14, 
190, -87, -278, -51, 234, -183, -48, 39, 4, -34, -29, -14, 
195, -87, -283, -53, 239, -185, -53, 39, 0, -29, -19, -4, 
195, -82, -278, -56, 236, -180, -68, 39, -9, -29, -24, -9, 
200, -78, -278, -61, 239, -178, -73, 39, -9, -29, -19, 0, 
204, -68, -273, -68, 239, -170, -73, 39, -14, -29, -14, 4, 
209, -58, -268, -75, 239, -163, -78, 34, -19, -34, -9, 4, 
204, -68, -273, -68, 239, -170, -73, 29, -24, -24, -14, 29, 
214, -48, -263, -82, 239, -156, -78, 29, -29, -29, -14, 29, 
219, -34, -253, -92, 236, -143, -87, 29, -34, -29, -19, 34, 
224, -29, -253, -97, 239, -141, -87, 29, -39, -24, -19, 39, 
229, -39, -268, -95, 248, -153, -97, 39, -34, -29, -24, 34, 
239, -34, -273, -102, 256, -153, -107, 39, -39, -34, -19, 43, 
248, -14, -263, -117, 256, -139, -107, 34, -39, -39, -24, 53, 
248, -14, -263, -117, 256, -139, -112, 34, -43, -43, -24, 63, 
263, -14, -278, -124, 270, -146, -117, 39, -58, -43, -9, 53, 
268, -4, -273, -131, 270, -139, -117, 39, -58, -39, -9, 58, 
273, 0, -273, -136, 273, -136, -122, 39, -58, -39, -4, 63, 
278, 4, -273, -141, 275, -134, -126, 34, -58, -39, 0, 73, 
283, 24, -258, -153, 270, -117, -146, 29, -68, -39, 4, 78, 
292, 39, -253, -165, 273, -107, -151, 24, -78, -43, 9, 78, 
297, 48, -248, -173, 273, -100, -151, 19, -87, -43, 14, 82, 
297, 63, -234, -180, 265, -85, -151, 14, -97, -43, 19, 92, 
292, 58, -234, -175, 263, -87, -151, 19, -97, -29, 14, 107, 
292, 53, -239, -173, 265, -92, -151, 14, -92, -29, 14, 117, 
292, 58, -234, -175, 263, -87, -151, 14, -87, -29, 14, 122, 
292, 63, -229, -178, 261, -82, -151, 14, -82, -34, 14, 131, 
292, 53, -239, -173, 265, -92, -151, 19, -82, -34, 9, 126, 
292, 58, -234, -175, 263, -87, -146, 19, -82, -34, 9, 126, 
292, 58, -234, -175, 263, -87, -146, 19, -78, -34, 4, 126, 
292, 58, -234, -175, 263, -87, -146, 19, -78, -34, 4, 126, 
297, 68, -229, -183, 263, -80, -146, 19, -73, -34, 4, 117, 
297, 68, -229, -183, 263, -80, -146, 19, -73, -39, 4, 112, 
297, 73, -224, -185, 261, -75, -151, 14, -73, -39, 4, 112, 
297, 73, -224, -185, 261, -75, -151, 14, -73, -39, 4, 117, 
283, 73, -209, -178, 246, -68, -151, 14, -63, -39, 14, 107, 
278, 78, -200, -178, 239, -61, -146, 14, -58, -39, 14, 107, 
278, 78, -200, -178, 239, -61, -146, 14, -58, -39, 14, 102, 
268, 78, -190, -173, 229, -56, -146, 14, -58, -39, 9, 102, 
253, 82, -170, -168, 212, -43, -141, 14, -58, -39, 19, 92, 
248, 82, -165, -165, 207, -41, -141, 14, -53, -39, 19, 82, 
244, 78, -165, -161, 204, -43, -136, 14, -53, -39, 19, 82, 
234, 68, -165, -151, 200, -48, -136, 9, -48, -43, 14, 82, 
234, 63, -170, -148, 202, -53, -126, 0, -43, -43, 4, 87, 
219, 53, -165, -136, 192, -56, -122, 4, -39, -43, 0, 78, 
209, 48, -161, -129, 185, -56, -117, 4, -34, -43, -9, 73, 
204, 48, -156, -126, 180, -53, -112, 4, -29, -43, -9, 68, 
185, 34, -151, -109, 168, -58, -107, 14, -14, -39, -4, 63, 
185, 29, -156, -107, 170, -63, -102, 14, -9, -39, -9, 58, 
175, 9, -165, -92, 170, -78, -92, 14, -4, -39, -9, 53, 
170, 0, -170, -85, 170, -85, -87, 14, 0, -39, -9, 53, 
156, -14, -170, -70, 163, -92, -73, 14, 4, -39, -9, 48, 
151, -24, -175, -63, 163, -100, -73, 14, 9, -43, -4, 39, 
141, -34, -175, -53, 158, -104, -58, 14, 14, -39, 0, 34, 
136, -43, -180, -46, 158, -112, -58, 14, 19, -34, -4, 29, 
131, -53, -185, -39, 158, -119, -58, 14, 34, -34, -9, 29, 
126, -58, -185, -34, 156, -122, -53, 14, 39, -43, -14, 29, 
122, -63, -185, -29, 153, -124, -48, 19, 43, -43, -19, 24, 
117, -68, -185, -24, 151, -126, -48, 24, 48, -53, -19, 19, 
102, -58, -161, -21, 131, -109, -48, 14, 53, -43, -24, 4, 
97, -63, -161, -17, 129, -112, -48, 14, 53, -43, -34, -4, 
92, -63, -156, -14, 124, -109, -43, 14, 58, -43, -39, -9, 
87, -68, -156, -9, 122, -112, -43, 14, 58, -43, -43, -19, 
92, -82, -175, -4, 134, -129, -39, 14, 58, -53, -43, -29, 
87, -82, -170, -2, 129, -126, -34, 14, 58, -53, -48, -29, 
82, -87, -170, 2, 126, -129, -29, 14, 58, -63, -53, -29, 
78, -92, -170, 7, 124, -131, -24, 14, 68, -63, -53, -34, 
87, -107, -195, 9, 141, -151, -24, 19, 68, -58, -58, -34, 
82, -117, -200, 17, 141, -158, -24, 19, 73, -58, -63, -34, 
78, -117, -195, 19, 136, -156, -14, 24, 82, -58, -63, -29, 
78, -117, -195, 19, 136, -156, -14, 24, 82, -58, -63, -24, 
78, -102, -180, 12, 129, -141, -24, 14, 73, -63, -63, -34, 
82, -102, -185, 9, 134, -143, -24, 19, 73, -68, -68, -43, 
82, -107, -190, 12, 136, -148, -19, 19, 73, -68, -68, -43, 
78, -107, -185, 14, 131, -146, -19, 14, 78, -68, -68, -43, 
68, -102, -170, 17, 119, -136, -19, 24, 87, -68, -68, -48, 
63, -102, -165, 19, 114, -134, -14, 24, 87, -68, -73, -48, 
63, -102, -165, 19, 114, -134, -14, 24, 87, -73, -73, -48, 
63, -102, -165, 19, 114, -134, -14, 24, 92, -78, -78, -43, 
73, -112, -185, 19, 129, -148, -4, 34, 92, -78, -87, -53, 
68, -122, -190, 26, 129, -156, 0, 39, 97, -78, -87, -53, 
68, -131, -200, 31, 134, -165, 0, 39, 97, -78, -87, -53, 
68, -136, -204, 34, 136, -170, -4, 39, 97, -78, -87, -53, 
63, -126, -190, 31, 126, -158, -4, 29, 97, -87, -97, -53, 
63, -126, -190, 31, 126, -158, 0, 34, 97, -82, -97, -53, 
58, -126, -185, 34, 122, -156, 0, 34, 97, -82, -97, -58, 
58, -122, -180, 31, 119, -151, 0, 34, 97, -82, -97, -58, 
58, -107, -165, 24, 112, -136, -9, 24, 97, -82, -82, -58, 
58, -102, -161, 21, 109, -131, -9, 24, 92, -87, -82, -58, 
58, -87, -146, 14, 102, -117, -14, 24, 92, -92, -87, -63, 
58, -92, -151, 17, 104, -122, -14, 19, 97, -92, -87, -68, 
58, -102, -161, 21, 109, -131, -4, 19, 102, -78, -87, -68, 
63, -102, -165, 19, 114, -134, -4, 19, 102, -73, -82, -63, 
63, -102, -165, 19, 114, -134, -4, 19, 102, -73, -82, -58, 
63, -102, -165, 19, 114, -134, -9, 19, 102, -68, -78, -53, 
53, -107, -161, 26, 107, -134, 0, 29, 117, -63, -68, -58, 
48, -112, -161, 31, 104, -136, 4, 29, 117, -63, -68, -63, 
48, -131, -180, 41, 114, -156, 4, 34, 117, -63, -68, -68, 
53, -136, -190, 41, 122, -163, 4, 34, 117, -58, -63, -68, 
53, -131, -185, 39, 119, -158, -4, 34, 117, -58, -53, -58, 
53, -126, -180, 36, 117, -153, 0, 34, 117, -58, -58, -58, 
53, -131, -185, 39, 119, -158, 0, 34, 117, -58, -63, -63, 
53, -131, -185, 39, 119, -158, 0, 34, 117, -58, -63, -63, 
63, -126, -190, 31, 126, -158, 0, 24, 112, -68, -63, -53, 
63, -122, -185, 29, 124, -153, 0, 24, 112, -68, -58, -53, 
68, -117, -185, 24, 126, -151, 0, 24, 112, -68, -58, -53, 
68, -112, -180, 21, 124, -146, 0, 24, 112, -68, -58, -58, 
53, -97, -151, 21, 102, -124, 0, 24, 102, -68, -63, -58, 
53, -97, -151, 21, 102, -124, 0, 24, 102, -68, -68, -58, 
58, -97, -156, 19, 107, -126, -4, 24, 102, -68, -73, -58, 
58, -97, -156, 19, 107, -126, -4, 24, 102, -68, -73, -58, 
68, -107, -175, 19, 122, -141, -4, 14, 102, -68, -73, -68, 
68, -102, -170, 17, 119, -136, -4, 14, 102, -68, -78, -68, 
68, -102, -170, 17, 119, -136, -4, 14, 102, -68, -78, -68, 
68, -87, -156, 9, 112, -122, -4, 14, 102, -68, -78, -68, 
68, -97, -165, 14, 117, -131, -4, 24, 102, -68, -78, -63, 
68, -102, -170, 17, 119, -136, -4, 24, 102, -68, -78, -58, 
68, -107, -175, 19, 122, -141, -4, 24, 102, -68, -78, -58, 
68, -112, -180, 21, 124, -146, -4, 24, 97, -68, -78, -58, 
58, -112, -170, 26, 114, -141, 4, 24, 107, -68, -87, -53, 
58, -112, -170, 26, 114, -141, 4, 24, 107, -68, -82, -53, 
58, -112, -170, 26, 114, -141, 4, 24, 107, -63, -82, -53, 
58, -112, -170, 26, 114, -141, 4, 24, 107, -58, -82, -53, 
63, -112, -175, 24, 119, -143, 4, 24, 117, -68, -78, -39, 
63, -112, -175, 24, 119, -143, 4, 24, 117, -68, -73, -39, 
63, -112, -175, 24, 119, -143, 4, 24, 117, -68, -68, -34, 
63, -112, -175, 24, 119, -143, 4, 24, 117, -68, -63, -29, 
73, -102, -175, 14, 124, -139, -4, 24, 117, -68, -73, -29, 
73, -102, -175, 14, 124, -139, -4, 24, 117, -68, -73, -29, 
73, -102, -175, 14, 124, -139, -4, 24, 117, -68, -73, -29, 
73, -102, -175, 14, 124, -139, -4, 24, 117, -68, -73, -29, 
68, -102, -170, 17, 119, -136, -4, 24, 117, -68, -68, -34, 
68, -102, -170, 17, 119, -136, -4, 24, 112, -68, -68, -39, 
68, -97, -165, 14, 117, -131, -9, 24, 112, -68, -68, -48, 
68, -97, -165, 14, 117, -131, -9, 24, 112, -68, -68, -53, 
68, -87, -156, 9, 112, -122, -9, 19, 117, -68, -68, -43, 
68, -97, -165, 14, 117, -131, -9, 19, 117, -68, -68, -43, 
68, -102, -170, 17, 119, -136, -9, 19, 117, -68, -68, -43, 
68, -87, -156, 9, 112, -122, -9, 19, 117, -68, -68, -39, 
68, -73, -141, 2, 104, -107, -9, 14, 117, -68, -58, -39, 
63, -73, -136, 4, 100, -104, -9, 14, 112, -73, -58, -39, 
63, -73, -136, 4, 100, -104, -9, 14, 112, -73, -58, -39, 
63, -73, -136, 4, 100, -104, -9, 9, 112, -73, -58, -39, 
63, -82, -146, 9, 104, -114, -9, 19, 122, -78, -63, -48, 
63, -78, -141, 7, 102, -109, -9, 19, 122, -78, -63, -48, 
63, -73, -136, 4, 100, -104, -9, 19, 122, -78, -63, -48, 
63, -73, -136, 4, 100, -104, -9, 19, 122, -78, -58, -48, 
63, -73, -136, 4, 100, -104, -9, 9, 122, -78, -58, -43, 
63, -78, -141, 7, 102, -109, -9, 9, 126, -78, -58, -39, 
63, -78, -141, 7, 102, -109, -4, 14, 126, -78, -58, -34, 
63, -78, -141, 7, 102, -109, -4, 14, 126, -78, -58, -29, 
73, -78, -151, 2, 112, -114, 0, 14, 117, -78, -68, -29, 
73, -78, -151, 2, 112, -114, 0, 14, 117, -78, -68, -29, 
73, -82, -156, 4, 114, -119, 0, 14, 117, -78, -73, -29, 
73, -82, -156, 4, 114, -119, 0, 14, 117, -78, -73, -24, 
63, -87, -151, 12, 107, -119, 0, 14, 126, -78, -78, -29, 
63, -87, -151, 12, 107, -119, 0, 14, 126, -82, -78, -34, 
63, -87, -151, 12, 107, -119, 0, 14, 122, -82, -78, -39, 
63, -87, -151, 12, 107, -119, 0, 14, 122, -82, -78, -48, 
63, -78, -141, 7, 102, -109, 0, 14, 126, -82, -87, -53, 
63, -78, -141, 7, 102, -109, 0, 14, 126, -87, -87, -63, 
63, -73, -136, 4, 100, -104, 0, 14, 126, -87, -87, -68, 
63, -73, -136, 4, 100, -104, 0, 14, 126, -87, -87, -68, 
53, -82, -136, 14, 95, -109, 0, 14, 126, -97, -87, -53, 
53, -78, -131, 12, 92, -104, 0, 14, 126, -97, -87, -53, 
53, -78, -131, 12, 92, -104, 0, 14, 126, -97, -87, -48, 
53, -78, -131, 12, 92, -104, 0, 14, 126, -92, -92, -43, 
53, -78, -131, 12, 92, -104, 0, 24, 126, -102, -92, -53, 
53, -78, -131, 12, 92, -104, 0, 24, 126, -107, -97, -53, 
48, -78, -126, 14, 87, -102, 0, 24, 126, -107, -97, -53, 
48, -82, -131, 17, 90, -107, 0, 24, 126, -107, -97, -48, 
63, -82, -146, 9, 104, -114, 0, 14, 126, -97, -87, -48, 
63, -87, -151, 12, 107, -119, 0, 14, 126, -97, -87, -48, 
63, -87, -151, 12, 107, -119, 0, 19, 126, -97, -82, -53, 
63, -87, -151, 12, 107, -119, 0, 19, 126, -97, -82, -53, 
63, -97, -161, 17, 112, -129, 0, 19, 136, -87, -87, -48, 
63, -102, -165, 19, 114, -134, 4, 19, 136, -87, -87, -43, 
63, -107, -170, 21, 117, -139, 9, 19, 136, -97, -87, -43, 
63, -107, -170, 21, 117, -139, 9, 19, 136, -97, -87, -39, 
58, -92, -151, 17, 104, -122, 4, 19, 126, -107, -102, -48, 
58, -97, -156, 19, 107, -126, 4, 19, 126, -107, -102, -48, 
53, -97, -151, 21, 102, -124, 4, 19, 126, -107, -107, -48, 
53, -92, -146, 19, 100, -119, 4, 19, 126, -107, -107, -48, 
53, -87, -141, 17, 97, -114, -4, 19, 117, -107, -107, -63, 
53, -87, -141, 17, 97, -114, -4, 19, 117, -107, -107, -63, 
53, -82, -136, 14, 95, -109, -4, 19, 117, -107, -107, -58, 
53, -82, -136, 14, 95, -109, -4, 19, 117, -107, -107, -58, 
63, -87, -151, 12, 107, -119, 4, 19, 122, -97, -107, -53, 
63, -87, -151, 12, 107, -119, 4, 19, 122, -92, -107, -48, 
63, -92, -156, 14, 109, -124, 4, 19, 126, -92, -107, -43, 
63, -97, -161, 17, 112, -129, 9, 19, 126, -92, -107, -43, 
58, -87, -146, 14, 102, -117, 9, 19, 136, -107, -107, -43, 
58, -87, -146, 14, 102, -117, 9, 19, 136, -107, -107, -48, 
58, -92, -151, 17, 104, -122, 9, 19, 136, -107, -107, -48, 
58, -92, -151, 17, 104, -122, 9, 19, 136, -107, -107, -48, 
58, -78, -136, 9, 97, -107, 9, 19, 146, -112, -97, -53, 
58, -78, -136, 9, 97, -107, 9, 19, 146, -112, -97, -53, 
58, -82, -141, 12, 100, -112, 9, 19, 146, -107, -97, -58, 
58, -87, -146, 14, 102, -117, 9, 19, 146, -107, -97, -63, 
58, -87, -146, 14, 102, -117, 0, 19, 136, -107, -97, -63, 
58, -82, -141, 12, 100, -112, 0, 14, 131, -107, -97, -63, 
58, -82, -141, 12, 100, -112, 0, 14, 131, -107, -97, -63, 
58, -87, -146, 14, 102, -117, 0, 19, 136, -107, -97, -63, 
58, -87, -146, 14, 102, -117, 0, 9, 136, -107, -112, -53, 
58, -87, -146, 14, 102, -117, 0, 9, 136, -107, -112, -53, 
58, -87, -146, 14, 102, -117, 0, 9, 136, -107, -112, -53, 
58, -87, -146, 14, 102, -117, 0, 9, 136, -107, -112, -53, 
48, -82, -131, 17, 90, -107, 0, 19, 126, -107, -112, -53, 
48, -82, -131, 17, 90, -107, 0, 19, 126, -107, -112, -53, 
48, -82, -131, 17, 90, -107, 0, 19, 126, -107, -107, -53, 
53, -82, -136, 14, 95, -109, 4, 19, 126, -107, -107, -53, 
53, -73, -126, 9, 90, -100, -4, 9, 126, -117, -97, -63, 
53, -73, -126, 9, 90, -100, -4, 9, 126, -117, -97, -63, 
48, -73, -122, 12, 85, -97, -4, 9, 126, -117, -97, -63, 
48, -68, -117, 9, 82, -92, -4, 9, 122, -117, -97, -63, 
48, -78, -126, 14, 87, -102, 4, 19, 126, -107, -102, -53, 
48, -78, -126, 14, 87, -102, 0, 19, 131, -107, -102, -53, 
48, -78, -126, 14, 87, -102, 0, 19, 136, -107, -102, -53, 
48, -73, -122, 12, 85, -97, 0, 19, 141, -112, -102, -53, 
53, -78, -131, 12, 92, -104, 0, 19, 136, -112, -102, -48, 
53, -78, -131, 12, 92, -104, 0, 19, 136, -112, -102, -48, 
53, -78, -131, 12, 92, -104, 0, 19, 136, -112, -102, -48, 
53, -78, -131, 12, 92, -104, 0, 19, 136, -112, -102, -48, 
53, -82, -136, 14, 95, -109, 0, 19, 146, -112, -112, -48, 
53, -87, -141, 17, 97, -114, 0, 19, 146, -117, -112, -48, 
53, -92, -146, 19, 100, -119, 0, 19, 146, -117, -112, -48, 
53, -97, -151, 21, 102, -124, 0, 19, 146, -112, -112, -48, 
53, -92, -146, 19, 100, -119, 0, 9, 146, -112, -112, -53, 
53, -87, -141, 17, 97, -114, 0, 9, 146, -112, -112, -53, 
53, -82, -136, 14, 95, -109, 0, 9, 146, -112, -107, -53, 
48, -78, -126, 14, 87, -102, 0, 9, 146, -112, -107, -53, 
48, -68, -117, 9, 82, -92, -9, 9, 146, -112, -107, -53, 
48, -68, -117, 9, 82, -92, -9, 9, 146, -112, -107, -53, 
48, -68, -117, 9, 82, -92, -9, 9, 146, -112, -107, -58, 
48, -68, -117, 9, 82, -92, -9, 9, 146, -112, -107, -58, 
48, -78, -126, 14, 87, -102, 0, 9, 136, -122, -107, -53, 
48, -78, -126, 14, 87, -102, 0, 9, 136, -122, -107, -53, 
48, -78, -126, 14, 87, -102, 0, 9, 136, -126, -107, -53, 
53, -78, -131, 12, 92, -104, 0, 9, 136, -126, -112, -53, 
63, -78, -141, 7, 102, -109, -9, 9, 136, -126, -112, -53, 
58, -87, -146, 14, 102, -117, -9, 9, 136, -122, -107, -53, 
58, -87, -146, 14, 102, -117, -9, 14, 136, -122, -107, -53, 
58, -87, -146, 14, 102, -117, -4, 14, 136, -122, -107, -53, 
58, -82, -141, 12, 100, -112, -4, 14, 156, -117, -107, -43, 
58, -82, -141, 12, 100, -112, -4, 14, 156, -117, -107, -53, 
58, -82, -141, 12, 100, -112, -4, 14, 156, -117, -107, -53, 
58, -87, -146, 14, 102, -117, -4, 14, 156, -117, -107, -53, 
58, -87, -146, 14, 102, -117, 0, 19, 156, -117, -107, -48, 
58, -82, -141, 12, 100, -112, -9, 9, 165, -117, -107, -39, 
58, -78, -136, 9, 97, -107, -9, 9, 165, -117, -107, -39, 
58, -73, -131, 7, 95, -102, -9, 9, 165, -117, -107, -39, 
58, -68, -126, 4, 92, -97, -9, 9, 165, -117, -107, -39, 
53, -63, -117, 4, 85, -90, -19, 0, 165, -107, -107, -39, 
53, -53, -107, 0, 80, -80, -24, 0, 165, -107, -102, -39, 
48, -43, -92, -2, 70, -68, -24, -4, 170, -102, -97, -39, 
48, -29, -78, -9, 63, -53, -34, -4, 175, -97, -87, -34, 
53, -19, -73, -17, 63, -46, -39, -9, 165, -92, -73, -34, 
53, -14, -68, -19, 61, -41, -39, -9, 170, -87, -68, -34, 
53, -9, -63, -21, 58, -36, -39, -9, 170, -82, -63, -34, 
58, -4, -63, -26, 61, -34, -39, -9, 170, -82, -58, -29, 
58, 0, -58, -29, 58, -29, -39, -9, 161, -82, -58, -19, 
63, 4, -58, -34, 61, -26, -48, -9, 165, -82, -58, -14, 
68, 4, -63, -36, 65, -29, -48, -9, 165, -82, -58, -14, 
73, 9, -63, -41, 68, -26, -48, -9, 165, -82, -58, -19, 
78, 0, -78, -39, 78, -39, -53, -9, 175, -78, -53, -9, 
78, 0, -78, -39, 78, -39, -48, -9, 175, -73, -53, -9, 
78, 0, -78, -39, 78, -39, -48, -9, 175, -68, -43, 0, 
82, 0, -82, -41, 82, -41, -48, -9, 175, -63, -39, 4, 
73, 14, -58, -43, 65, -21, -53, -19, 180, -39, -29, 4, 
73, 24, -48, -48, 61, -12, -58, -24, 185, -34, -24, 14, 
82, 34, -48, -58, 65, -7, -63, -29, 185, -29, -14, 14, 
82, 58, -24, -70, 53, 17, -78, -39, 185, -19, -9, 29, 
87, 68, -19, -78, 53, 24, -97, -58, 190, -24, -9, 43, 
82, 78, -4, -80, 43, 36, -97, -68, 200, -24, -9, 43, 
78, 82, 4, -80, 36, 43, -97, -82, 209, -24, -9, 43, 
78, 87, 9, -82, 34, 48, -97, -87, 214, -24, -9, 48, 
78, 102, 24, -90, 26, 63, -112, -97, 224, -24, -4, 43, 
78, 117, 39, -97, 19, 78, -117, -97, 219, -14, 0, 48, 
78, 126, 48, -102, 14, 87, -122, -107, 219, -9, 0, 53, 
78, 136, 58, -107, 9, 97, -122, -107, 219, -9, 4, 53, 
78, 131, 53, -104, 12, 92, -122, -107, 229, 4, 19, 58, 
78, 141, 63, -109, 7, 102, -126, -107, 229, 9, 24, 73, 
78, 146, 68, -112, 4, 107, -126, -107, 229, 9, 29, 82, 
78, 156, 78, -117, 0, 117, -126, -107, 224, 14, 29, 92, 
78, 151, 73, -114, 2, 112, -131, -97, 214, 14, 19, 87, 
78, 146, 68, -112, 4, 107, -131, -97, 214, 19, 19, 92, 
78, 146, 68, -112, 4, 107, -131, -92, 214, 19, 24, 97, 
78, 141, 63, -109, 7, 102, -131, -92, 209, 19, 24, 97, 
78, 146, 68, -112, 4, 107, -126, -92, 209, 9, 19, 82, 
78, 136, 58, -107, 9, 97, -122, -92, 200, 9, 19, 68, 
78, 126, 48, -102, 14, 87, -117, -87, 195, 9, 14, 63, 
78, 117, 39, -97, 19, 78, -112, -82, 190, -4, 9, 58, 
78, 117, 39, -97, 19, 78, -107, -87, 170, -19, 0, 58, 
78, 107, 29, -92, 24, 68, -97, -82, 161, -24, -4, 48, 
78, 107, 29, -92, 24, 68, -97, -82, 161, -24, -9, 48, 
78, 107, 29, -92, 24, 68, -92, -82, 156, -29, -9, 48, 
68, 92, 24, -80, 21, 58, -82, -68, 165, -24, -14, 58, 
63, 73, 9, -68, 26, 41, -73, -63, 161, -29, -19, 48, 
63, 58, -4, -61, 34, 26, -68, -58, 161, -29, -24, 43, 
53, 39, -14, -46, 34, 12, -58, -53, 156, -39, -34, 39, 
58, 24, -34, -41, 46, -4, -63, -43, 146, -63, -48, 9, 
53, 14, -39, -34, 46, -12, -53, -39, 141, -73, -53, 0, 
53, 4, -48, -29, 51, -21, -43, -39, 141, -73, -53, -9, 
53, 0, -53, -26, 53, -26, -39, -34, 136, -78, -58, -14, 
53, -14, -68, -19, 61, -41, -34, -29, 146, -68, -53, 0, 
48, -19, -68, -14, 58, -43, -29, -24, 141, -78, -63, -4, 
48, -29, -78, -9, 63, -53, -19, -19, 141, -78, -63, -4, 
48, -34, -82, -7, 65, -58, -19, -14, 141, -92, -68, 0, 
48, -34, -82, -7, 65, -58, -14, -19, 131, -107, -92, -19, 
43, -43, -87, 0, 65, -65, -9, -14, 131, -117, -92, -29, 
43, -53, -97, 4, 70, -75, -4, -14, 126, -117, -107, -43, 
43, -53, -97, 4, 70, -75, -4, -9, 122, -122, -112, -48, 
43, -53, -97, 4, 70, -75, 0, -9, 131, -131, -112, -58, 
43, -58, -102, 7, 73, -80, 0, -9, 122, -131, -122, -73, 
43, -58, -102, 7, 73, -80, 0, -9, 122, -136, -122, -78, 
39, -63, -102, 12, 70, -82, 0, -9, 122, -141, -122, -82, 
39, -82, -122, 21, 80, -102, 0, -4, 122, -131, -122, -73, 
39, -82, -122, 21, 80, -102, 0, -4, 122, -131, -122, -68, 
39, -82, -122, 21, 80, -102, 4, -4, 122, -131, -122, -68, 
39, -82, -122, 21, 80, -102, 4, -4, 122, -131, -122, -58, 
39, -102, -141, 31, 90, -122, 4, 4, 122, -141, -126, -58, 
39, -102, -141, 31, 90, -122, 9, 9, 122, -146, -126, -53, 
39, -107, -146, 34, 92, -126, 9, 9, 122, -151, -126, -53, 
39, -107, -146, 34, 92, -126, 9, 9, 122, -151, -131, -68, 
48, -97, -146, 24, 97, -122, 9, 9, 107, -141, -131, -78, 
48, -92, -141, 21, 95, -117, 9, 9, 102, -146, -131, -78, 
48, -92, -141, 21, 95, -117, 14, 9, 102, -146, -131, -78, 
48, -102, -151, 26, 100, -126, 14, 9, 107, -141, -131, -78, 
48, -107, -156, 29, 102, -131, 19, 0, 107, -151, -131, -78, 
43, -107, -151, 31, 97, -129, 19, 4, 107, -151, -131, -78, 
43, -112, -156, 34, 100, -134, 24, 4, 107, -156, -136, -78, 
43, -112, -156, 34, 100, -134, 24, 9, 107, -156, -136, -78, 
48, -97, -146, 24, 97, -122, 14, 14, 107, -156, -146, -73, 
53, -112, -165, 29, 109, -139, 24, 19, 107, -156, -151, -78, 
53, -122, -175, 34, 114, -148, 29, 34, 102, -151, -161, -92, 
63, -136, -200, 36, 131, -168, 34, 53, 97, -151, -156, -102, 
68, -161, -229, 46, 148, -195, 58, 87, 107, -131, -151, -117, 
87, -180, -268, 46, 178, -224, 68, 131, 107, -92, -136, -131, 
102, -180, -283, 39, 192, -231, 68, 156, 102, -53, -107, -131, 
122, -161, -283, 19, 202, -222, 63, 170, 97, 0, -53, -131, 
146, -131, -278, -7, 212, -204, 48, 180, 78, 43, -14, -131, 
175, -82, -258, -46, 217, -170, 29, 170, 53, 87, 34, -112, 
204, -24, -229, -90, 217, -126, 0, 156, 53, 136, 102, -68, 
224, 68, -156, -146, 190, -43, -34, 117, 63, 200, 204, 19, 
239, 204, -34, -222, 136, 85, -87, 58, 73, 273, 317, 156, 
239, 361, 122, -300, 58, 241, -151, -19, 73, 331, 434, 322, 
253, 531, 278, -392, -12, 405, -229, -97, 68, 395, 551, 483, 
268, 688, 419, -478, -75, 553, -302, -170, 48, 429, 634, 624, 
278, 829, 551, -553, -136, 690, -375, -248, 39, 458, 702, 775, 
287, 971, 683, -629, -197, 827, -444, -322, 53, 512, 790, 946, 
287, 1098, 810, -692, -261, 954, -512, -409, 68, 561, 858, 1102, 
287, 1210, 922, -749, -317, 1066, -580, -507, 78, 585, 912, 1234, 
283, 1322, 1039, -802, -378, 1180, -644, -605, 87, 575, 951, 1346, 
263, 1390, 1127, -827, -431, 1259, -673, -688, 102, 546, 946, 1385, 
219, 1342, 1122, -780, -451, 1232, -644, -702, 136, 444, 839, 1312, 
146, 1195, 1049, -671, -451, 1122, -575, -663, 195, 302, 649, 1151, 
78, 1049, 971, -563, -446, 1010, -507, -629, 239, 185, 478, 1005, 
19, 927, 907, -473, -444, 917, -448, -595, 253, 102, 351, 878, 
-39, 785, 824, -373, -431, 805, -385, -556, 278, 14, 229, 751, 
-87, 614, 702, -263, -395, 658, -302, -488, 287, -39, 112, 580, 
-122, 434, 556, -156, -339, 495, -219, -409, 312, -53, 34, 385, 
-151, 268, 419, -58, -285, 344, -141, -341, 322, -43, 0, 204, 
-175, 131, 307, 21, -241, 219, -63, -273, 341, -39, -34, 73, 
-195, 19, 214, 87, -204, 117, -4, -219, 361, -53, -63, -43, 
-200, -34, 165, 117, -183, 65, 34, -190, 375, -78, -92, -112, 
-209, -73, 136, 141, -173, 31, 63, -156, 375, -136, -146, -141, 
-219, -117, 102, 168, -161, -7, 107, -107, 361, -209, -214, -161, 
-214, -195, 19, 204, -117, -87, 151, -34, 346, -302, -322, -200, 
-195, -292, -97, 244, -48, -195, 195, 53, 331, -395, -434, -244, 
-180, -361, -180, 270, 0, -270, 224, 107, 322, -453, -492, -287, 
-175, -390, -214, 283, 19, -302, 229, 131, 307, -468, -502, -302, 
-151, -390, -239, 270, 43, -314, 224, 136, 292, -468, -502, -322, 
-102, -375, -273, 239, 85, -324, 204, 136, 263, -463, -488, -312, 
-63, -346, -283, 204, 109, -314, 180, 131, 244, -444, -458, -317, 
-43, -331, -287, 187, 122, -309, 170, 141, 239, -414, -424, -307, 
-29, -322, -292, 175, 131, -307, 161, 146, 229, -395, -400, -287, 
-24, -268, -244, 146, 109, -256, 141, 146, 219, -366, -366, -248, 
-14, -209, -195, 112, 90, -202, 117, 126, 204, -331, -326, -200, 
-14, -170, -156, 92, 70, -163, 112, 122, 209, -287, -292, -161, 
-9, -165, -156, 87, 73, -161, 97, 112, 204, -248, -258, -126, 
0, -156, -156, 78, 78, -156, 87, 102, 195, -219, -229, -117, 
9, -151, -161, 70, 85, -156, 82, 82, 185, -204, -204, -122, 
39, -141, -180, 51, 109, -161, 68, 73, 170, -185, -190, -141, 
68, -131, -200, 31, 134, -165, 53, 63, 141, -175, -180, -141, 
78, -136, -214, 29, 146, -175, 48, 48, 126, -170, -175, -136, 
78, -126, -204, 24, 141, -165, 39, 34, 126, -170, -161, -122, 
73, -112, -185, 19, 129, -148, 39, 24, 122, -161, -165, -102, 
63, -102, -165, 19, 114, -134, 29, 34, 112, -146, -156, -82, 
58, -97, -156, 19, 107, -126, 29, 34, 112, -146, -151, -82, 
58, -92, -151, 17, 104, -122, 29, 39, 117, -146, -151, -82, 
58, -87, -146, 14, 102, -117, 29, 39, 122, -146, -156, -87, 
53, -92, -146, 19, 100, -119, 39, 48, 126, -146, -161, -97, 
53, -97, -151, 21, 102, -124, 39, 48, 131, -146, -156, -107, 
63, -102, -165, 19, 114, -134, 39, 48, 131, -146, -151, -107, 
63, -107, -170, 21, 117, -139, 39, 48, 131, -146, -141, -107, 
63, -107, -170, 21, 117, -139, 29, 39, 131, -146, -146, -102, 
68, -97, -165, 14, 117, -131, 24, 39, 126, -141, -146, -97, 
73, -92, -165, 9, 119, -129, 24, 34, 126, -141, -146, -97, 
73, -82, -156, 4, 114, -119, 24, 34, 126, -141, -141, -97, 
63, -87, -151, 12, 107, -119, 24, 43, 126, -131, -136, -87, 
63, -92, -156, 14, 109, -124, 24, 43, 126, -126, -136, -87, 
63, -97, -161, 17, 112, -129, 24, 43, 131, -126, -141, -78, 
63, -102, -165, 19, 114, -134, 24, 43, 131, -126, -141, -78, 
73, -97, -170, 12, 122, -134, 19, 43, 122, -136, -131, -82, 
78, -97, -175, 9, 126, -136, 19, 43, 122, -131, -131, -82, 
78, -97, -175, 9, 126, -136, 19, 39, 126, -126, -122, -73, 
78, -87, -165, 4, 122, -126, 19, 39, 126, -126, -122, -73, 
78, -73, -151, -2, 114, -112, 4, 29, 112, -126, -122, -73, 
78, -68, -146, -4, 112, -107, 4, 24, 112, -126, -117, -63, 
78, -68, -146, -4, 112, -107, 0, 24, 112, -126, -117, -73, 
78, -68, -146, -4, 112, -107, 0, 24, 112, -126, -122, -73, 
73, -48, -122, -12, 97, -85, -4, 9, 122, -126, -131, -73, 
73, -48, -122, -12, 97, -85, -4, 9, 122, -122, -131, -68, 
73, -53, -126, -9, 100, -90, -4, 9, 122, -117, -122, -68, 
78, -53, -131, -12, 104, -92, -4, 9, 122, -117, -122, -68, 
78, -53, -131, -12, 104, -92, -4, 9, 112, -112, -122, -63, 
78, -48, -126, -14, 102, -87, -9, 9, 112, -107, -122, -63, 
78, -48, -126, -14, 102, -87, -9, 4, 112, -107, -122, -63, 
78, -43, -122, -17, 100, -82, -9, 4, 112, -107, -122, -58, 
87, -39, -126, -24, 107, -82, -14, 14, 107, -107, -107, -43, 
92, -43, -136, -24, 114, -90, -14, 9, 107, -107, -107, -43, 
92, -43, -136, -24, 114, -90, -24, 9, 107, -107, -107, -48, 
92, -39, -131, -26, 112, -85, -24, 9, 107, -102, -107, -48, 
87, -48, -136, -19, 112, -92, -19, 9, 112, -92, -92, -48, 
87, -48, -136, -19, 112, -92, -19, 9, 112, -92, -87, -48, 
87, -48, -136, -19, 112, -92, -19, 4, 117, -87, -87, -48, 
87, -53, -141, -17, 114, -97, -19, 4, 122, -82, -87, -48, 
92, -48, -141, -21, 117, -95, -34, -4, 117, -87, -87, -43, 
92, -43, -136, -24, 114, -90, -34, -4, 117, -82, -87, -34, 
92, -34, -126, -29, 109, -80, -34, -9, 112, -78, -78, -29, 
92, -29, -122, -31, 107, -75, -34, -9, 107, -78, -78, -29, 
82, -19, -102, -31, 92, -61, -48, -14, 97, -87, -87, -39, 
87, -19, -107, -34, 97, -63, -48, -14, 97, -87, -87, -39, 
97, -9, -107, -43, 102, -58, -48, -14, 92, -78, -87, -39, 
97, -9, -107, -43, 102, -58, -48, -14, 92, -73, -82, -34, 
97, -4, -102, -46, 100, -53, -43, -9, 82, -63, -87, -14, 
97, -4, -102, -46, 100, -53, -43, -9, 82, -63, -82, -14, 
97, 0, -97, -48, 97, -48, -48, -14, 87, -58, -78, -14, 
97, 4, -92, -51, 95, -43, -48, -14, 87, -53, -73, -4, 
107, 9, -97, -58, 102, -43, -63, -14, 82, -63, -73, -4, 
112, 14, -97, -63, 104, -41, -68, -14, 82, -53, -73, -4, 
122, 19, -102, -70, 112, -41, -68, -24, 82, -53, -73, -4, 
136, 24, -112, -80, 124, -43, -73, -24, 73, -53, -68, -4, 
141, 24, -117, -82, 129, -46, -73, -14, 73, -43, -48, -9, 
141, 24, -117, -82, 129, -46, -68, -14, 73, -39, -43, 0, 
146, 29, -117, -87, 131, -43, -68, -14, 73, -34, -39, 4, 
151, 24, -126, -87, 139, -51, -68, -19, 73, -34, -34, 4, 
146, 29, -117, -87, 131, -43, -68, -19, 73, -19, -29, 19, 
156, 34, -122, -95, 139, -43, -73, -19, 68, -14, -29, 24, 
161, 48, -112, -104, 136, -31, -78, -19, 63, -14, -24, 24, 
165, 48, -117, -107, 141, -34, -82, -19, 58, -9, -19, 34, 
165, 63, -102, -114, 134, -19, -97, -29, 48, -14, -14, 39, 
170, 68, -102, -119, 136, -17, -102, -29, 48, -9, -9, 48, 
175, 78, -97, -126, 136, -9, -102, -29, 43, -4, -4, 53, 
180, 87, -92, -134, 136, -2, -107, -34, 39, -4, 0, 53, 
185, 102, -82, -143, 134, 9, -112, -48, 24, -4, 0, 63, 
195, 126, -68, -161, 131, 29, -117, -48, 19, -9, 4, 58, 
200, 146, -53, -173, 126, 46, -126, -48, 14, -9, 4, 58, 
204, 156, -48, -180, 126, 53, -126, -48, 9, -4, 9, 58, 
219, 151, -68, -185, 143, 41, -126, -39, 9, -4, 9, 68, 
229, 151, -78, -190, 153, 36, -136, -39, 9, -4, 19, 82, 
239, 165, -73, -202, 156, 46, -136, -43, 14, -4, 19, 97, 
239, 161, -78, -200, 158, 41, -141, -43, 14, -4, 24, 112, 
244, 161, -82, -202, 163, 39, -146, -48, 0, 4, 19, 122, 
248, 170, -78, -209, 163, 46, -146, -48, 0, 9, 19, 126, 
253, 175, -78, -214, 165, 48, -151, -48, 0, 9, 24, 131, 
258, 180, -78, -219, 168, 51, -156, -53, 0, 9, 29, 141, 
263, 180, -82, -222, 173, 48, -165, -53, -14, 0, 29, 136, 
273, 185, -87, -229, 180, 48, -170, -53, -19, -4, 29, 136, 
278, 185, -92, -231, 185, 46, -170, -53, -24, -4, 29, 141, 
278, 190, -87, -234, 183, 51, -170, -53, -29, -4, 29, 151, 
283, 190, -92, -236, 187, 48, -175, -48, -24, 0, 34, 151, 
283, 190, -92, -236, 187, 48, -180, -53, -24, 0, 34, 156, 
283, 200, -82, -241, 183, 58, -185, -53, -24, 0, 34, 156, 
283, 209, -73, -246, 178, 68, -190, -53, -24, -4, 34, 161, 
283, 209, -73, -246, 178, 68, -190, -58, -24, -4, 29, 161, 
283, 214, -68, -248, 175, 73, -185, -58, -24, -4, 29, 165, 
283, 214, -68, -248, 175, 73, -185, -58, -19, -4, 24, 170, 
283, 214, -68, -248, 175, 73, -185, -58, -19, -4, 24, 175, 
278, 209, -68, -244, 173, 70, -175, -48, -4, 4, 24, 175, 
278, 204, -73, -241, 175, 65, -175, -48, -4, 0, 24, 170, 
278, 204, -73, -241, 175, 65, -180, -53, -4, 0, 24, 170, 
278, 200, -78, -239, 178, 61, -180, -53, -4, 0, 24, 175, 
263, 190, -73, -226, 168, 58, -170, -53, -4, 0, 34, 175, 
258, 195, -63, -226, 161, 65, -165, -53, 0, 0, 34, 175, 
258, 195, -63, -226, 161, 65, -165, -53, 0, 0, 34, 170, 
248, 195, -53, -222, 151, 70, -165, -53, 0, 0, 29, 170, 
234, 200, -34, -217, 134, 82, -161, -63, 9, 0, 29, 165, 
229, 200, -29, -214, 129, 85, -161, -63, 14, 0, 29, 151, 
224, 195, -29, -209, 126, 82, -156, -63, 14, 0, 29, 146, 
214, 185, -29, -200, 122, 78, -156, -68, 19, -4, 24, 141, 
214, 170, -43, -192, 129, 63, -146, -78, 24, -14, 19, 136, 
200, 161, -39, -180, 119, 61, -141, -73, 29, -14, 9, 126, 
190, 156, -34, -173, 112, 61, -136, -73, 34, -14, -4, 122, 
185, 156, -29, -170, 107, 63, -131, -73, 39, -14, -9, 117, 
165, 146, -19, -156, 92, 63, -126, -63, 34, -9, -9, 117, 
165, 146, -19, -156, 92, 63, -122, -63, 39, -9, -9, 107, 
156, 131, -24, -143, 90, 53, -112, -63, 43, -9, -4, 97, 
151, 126, -24, -139, 87, 51, -107, -63, 48, -9, 0, 92, 
141, 117, -24, -129, 82, 46, -112, -53, 53, -4, -4, 82, 
141, 112, -29, -126, 85, 41, -112, -53, 58, -14, -4, 78, 
136, 107, -29, -122, 82, 39, -97, -53, 63, -14, -4, 78, 
136, 102, -34, -119, 85, 34, -97, -53, 68, -14, -14, 78, 
131, 97, -34, -114, 82, 31, -87, -58, 82, -4, -9, 73, 
126, 97, -29, -112, 78, 34, -82, -63, 87, -14, -14, 68, 
122, 97, -24, -109, 73, 36, -78, -63, 92, -14, -19, 58, 
117, 97, -19, -107, 68, 39, -78, -63, 97, -24, -19, 48, 
102, 97, -4, -100, 53, 46, -68, -63, 92, -24, -34, 34, 
97, 92, -4, -95, 51, 43, -68, -63, 92, -24, -43, 24, 
92, 92, 0, -92, 46, 46, -63, -63, 97, -24, -48, 19, 
87, 87, 0, -87, 43, 43, -63, -63, 97, -24, -53, 9, 
92, 73, -19, -82, 56, 26, -68, -53, 97, -24, -43, 19, 
87, 73, -14, -80, 51, 29, -63, -53, 97, -24, -48, 19, 
82, 68, -14, -75, 48, 26, -58, -53, 97, -34, -53, 19, 
78, 63, -14, -70, 46, 24, -53, -53, 107, -34, -53, 14, 
87, 48, -39, -68, 63, 4, -53, -58, 97, -39, -58, 9, 
82, 39, -43, -61, 63, -2, -53, -58, 102, -39, -63, 4, 
78, 39, -39, -58, 58, 0, -43, -53, 112, -39, -63, 4, 
78, 39, -39, -58, 58, 0, -43, -53, 112, -39, -63, 4, 
68, 39, -29, -53, 48, 4, -34, -53, 117, -39, -63, 4, 
73, 34, -39, -53, 56, -2, -34, -48, 122, -39, -68, -4, 
73, 24, -48, -48, 61, -12, -29, -48, 126, -34, -68, -4, 
68, 19, -48, -43, 58, -14, -29, -53, 136, -29, -68, -4, 
68, 34, -34, -51, 51, 0, -39, -53, 131, -39, -68, -9, 
63, 34, -29, -48, 46, 2, -34, -53, 126, -39, -73, -9, 
63, 34, -29, -48, 46, 2, -34, -53, 122, -43, -73, -9, 
63, 34, -29, -48, 46, 2, -34, -53, 122, -48, -78, -4, 
63, 34, -29, -48, 46, 2, -34, -63, 122, -48, -78, 4, 
58, 34, -24, -46, 41, 4, -29, -58, 126, -48, -78, 4, 
58, 34, -24, -46, 41, 4, -29, -58, 126, -48, -78, 4, 
58, 39, -19, -48, 39, 9, -34, -58, 126, -48, -78, 4, 
63, 29, -34, -46, 48, -2, -34, -58, 126, -39, -68, 4, 
63, 29, -34, -46, 48, -2, -29, -53, 126, -34, -68, 4, 
58, 29, -29, -43, 43, 0, -29, -53, 126, -34, -68, 0, 
58, 34, -24, -46, 41, 4, -29, -53, 126, -34, -68, 0, 
58, 24, -34, -41, 46, -4, -29, -53, 126, -24, -63, -9, 
58, 24, -34, -41, 46, -4, -29, -53, 122, -29, -63, -9, 
58, 34, -24, -46, 41, 4, -34, -53, 122, -34, -68, -14, 
58, 24, -34, -41, 46, -4, -34, -58, 126, -34, -68, -19, 
58, 29, -29, -43, 43, 0, -34, -58, 122, -34, -78, -14, 
63, 34, -29, -48, 46, 2, -34, -58, 122, -34, -73, -14, 
63, 39, -24, -51, 43, 7, -34, -58, 122, -39, -73, -14, 
63, 43, -19, -53, 41, 12, -39, -58, 122, -39, -68, -14, 
63, 43, -19, -53, 41, 12, -39, -58, 126, -34, -68, -14, 
58, 43, -14, -51, 36, 14, -34, -58, 126, -34, -68, -14, 
58, 29, -29, -43, 43, 0, -34, -53, 126, -34, -68, -14, 
63, 29, -34, -46, 48, -2, -34, -53, 126, -29, -63, -9, 
63, 39, -24, -51, 43, 7, -34, -53, 126, -19, -73, 0, 
63, 39, -24, -51, 43, 7, -29, -53, 126, -19, -78, 0, 
63, 29, -34, -46, 48, -2, -29, -53, 126, -19, -82, -4, 
63, 24, -39, -43, 51, -7, -29, -53, 126, -19, -82, -4, 
63, 34, -29, -48, 46, 2, -29, -63, 112, -29, -82, -9, 
63, 34, -29, -48, 46, 2, -29, -63, 112, -29, -78, -14, 
68, 34, -34, -51, 51, 0, -29, -63, 112, -29, -78, -19, 
68, 34, -34, -51, 51, 0, -29, -63, 112, -29, -78, -29, 
73, 39, -34, -56, 53, 2, -29, -63, 112, -29, -68, -29, 
73, 39, -34, -56, 53, 2, -29, -63, 112, -29, -68, -29, 
78, 39, -39, -58, 58, 0, -34, -63, 112, -29, -68, -29, 
78, 39, -39, -58, 58, 0, -34, -63, 112, -29, -63, -29, 
68, 29, -39, -48, 53, -4, -34, -63, 102, -19, -63, -24, 
68, 34, -34, -51, 51, 0, -34, -63, 102, -19, -68, -19, 
68, 34, -34, -51, 51, 0, -34, -63, 102, -19, -68, -14, 
68, 48, -19, -58, 43, 14, -34, -63, 102, -19, -68, -9, 
78, 43, -34, -61, 56, 4, -34, -63, 102, -19, -68, -4, 
78, 43, -34, -61, 56, 4, -34, -63, 102, -19, -68, 0, 
78, 43, -34, -61, 56, 4, -34, -63, 102, -19, -68, 0, 
78, 43, -34, -61, 56, 4, -34, -63, 97, -19, -68, 0, 
78, 43, -34, -61, 56, 4, -34, -63, 107, -29, -78, 0, 
78, 43, -34, -61, 56, 4, -34, -63, 107, -29, -73, 4, 
78, 43, -34, -61, 56, 4, -34, -63, 107, -24, -73, 9, 
78, 43, -34, -61, 56, 4, -34, -63, 107, -19, -73, 14, 
82, 43, -39, -63, 61, 2, -34, -63, 107, -19, -63, 9, 
82, 43, -39, -63, 61, 2, -34, -63, 107, -19, -63, 9, 
82, 43, -39, -63, 61, 2, -34, -63, 107, -19, -63, 14, 
82, 43, -39, -63, 61, 2, -34, -63, 107, -19, -63, 19, 
73, 43, -29, -58, 51, 7, -24, -63, 107, -9, -58, 9, 
73, 43, -29, -58, 51, 7, -24, -63, 107, -9, -53, 0, 
73, 43, -29, -58, 51, 7, -24, -63, 107, -9, -48, -9, 
73, 43, -29, -58, 51, 7, -24, -63, 107, -9, -43, -19, 
87, 48, -39, -68, 63, 4, -29, -73, 97, -19, -43, -9, 
87, 53, -34, -70, 61, 9, -34, -73, 92, -19, -48, -9, 
87, 63, -24, -75, 56, 19, -43, -73, 92, -19, -53, -14, 
87, 68, -19, -78, 53, 24, -48, -73, 92, -19, -58, -14, 
87, 73, -14, -80, 51, 29, -39, -78, 87, -29, -63, -4, 
87, 68, -19, -78, 53, 24, -39, -78, 87, -29, -68, -4, 
87, 68, -19, -78, 53, 24, -39, -78, 87, -29, -73, -4, 
87, 87, 0, -87, 43, 43, -39, -78, 87, -29, -78, 0, 
87, 92, 4, -90, 41, 48, -48, -82, 87, -19, -78, 9, 
82, 92, 9, -87, 36, 51, -48, -82, 82, -24, -78, 9, 
82, 92, 9, -87, 36, 51, -48, -82, 82, -24, -78, 9, 
82, 92, 9, -87, 36, 51, -48, -87, 82, -24, -78, 9, 
82, 92, 9, -87, 36, 51, -48, -87, 82, -29, -73, 9, 
82, 97, 14, -90, 34, 56, -48, -87, 82, -29, -73, 9, 
82, 102, 19, -92, 31, 61, -48, -87, 82, -29, -73, 9, 
82, 102, 19, -92, 31, 61, -48, -87, 82, -29, -68, 9, 
82, 102, 19, -92, 31, 61, -48, -87, 73, -29, -68, 9, 
82, 97, 14, -90, 34, 56, -48, -87, 78, -29, -68, 9, 
82, 97, 14, -90, 34, 56, -43, -82, 78, -29, -68, 9, 
82, 97, 14, -90, 34, 56, -43, -82, 78, -29, -68, 9, 
82, 87, 4, -85, 39, 46, -39, -73, 78, -19, -58, 9, 
82, 87, 4, -85, 39, 46, -39, -73, 78, -19, -58, 9, 
82, 82, 0, -82, 41, 41, -39, -73, 78, -19, -63, 9, 
82, 82, 0, -82, 41, 41, -39, -73, 78, -19, -63, 14, 
73, 68, -4, -70, 39, 31, -39, -82, 87, -19, -78, 14, 
73, 68, -4, -70, 39, 31, -39, -82, 87, -24, -78, 14, 
73, 68, -4, -70, 39, 31, -39, -82, 82, -24, -78, 14, 
73, 68, -4, -70, 39, 31, -39, -82, 82, -24, -78, 9, 
73, 58, -14, -65, 43, 21, -29, -73, 87, -24, -78, 0, 
73, 58, -14, -65, 43, 21, -29, -73, 87, -29, -78, -4, 
73, 63, -9, -68, 41, 26, -29, -73, 87, -29, -78, -4, 
73, 63, -9, -68, 41, 26, -29, -73, 87, -29, -78, 0, 
73, 63, -9, -68, 41, 26, -29, -73, 78, -19, -78, 0, 
73, 68, -4, -70, 39, 31, -29, -73, 78, -19, -78, -4, 
73, 68, -4, -70, 39, 31, -29, -73, 78, -19, -78, -4, 
73, 68, -4, -70, 39, 31, -29, -73, 78, -14, -82, -4, 
73, 68, -4, -70, 39, 31, -29, -73, 78, -24, -82, 0, 
73, 68, -4, -70, 39, 31, -29, -73, 78, -29, -87, 4, 
68, 68, 0, -68, 34, 34, -29, -73, 78, -29, -87, 9, 
68, 63, -4, -65, 36, 29, -29, -73, 78, -29, -87, 19, 
73, 73, 0, -73, 36, 36, -29, -73, 78, -39, -87, 9, 
73, 68, -4, -70, 39, 31, -29, -73, 78, -39, -87, 9, 
73, 68, -4, -70, 39, 31, -29, -68, 78, -39, -82, 4, 
73, 68, -4, -70, 39, 31, -29, -68, 78, -39, -82, 4, 
73, 63, -9, -68, 41, 26, -29, -68, 78, -29, -87, -4, 
73, 53, -19, -63, 46, 17, -24, -68, 78, -29, -87, -4, 
73, 43, -29, -58, 51, 7, -19, -68, 78, -39, -87, -9, 
73, 39, -34, -56, 53, 2, -19, -68, 78, -39, -87, -9, 
53, 34, -19, -43, 36, 7, -34, -73, 68, -48, -97, -9, 
48, 19, -29, -34, 39, -4, -34, -78, 68, -48, -102, -9, 
39, 9, -29, -24, 34, -9, -34, -82, 68, -48, -112, -9, 
34, 4, -29, -19, 31, -12, -34, -87, 68, -48, -117, -9, 
29, 4, -24, -17, 26, -9, -34, -97, 63, -58, -126, -24, 
24, 0, -24, -12, 24, -12, -34, -97, 58, -58, -126, -24, 
19, 0, -19, -9, 19, -9, -34, -97, 53, -58, -126, -19, 
14, -4, -19, -4, 17, -12, -34, -97, 48, -58, -126, -19, 
14, -14, -29, 0, 21, -21, -34, -87, 53, -68, -117, -29, 
14, -9, -24, -2, 19, -17, -34, -87, 53, -63, -117, -29, 
14, -9, -24, -2, 19, -17, -34, -87, 58, -63, -117, -29, 
14, -9, -24, -2, 19, -17, -29, -87, 58, -63, -117, -34, 
19, -9, -29, -4, 24, -19, -29, -87, 48, -63, -117, -29, 
19, -9, -29, -4, 24, -19, -29, -87, 48, -58, -117, -29, 
19, -14, -34, -2, 26, -24, -29, -87, 48, -53, -117, -24, 
19, -14, -34, -2, 26, -24, -29, -87, 48, -48, -117, -19, 
19, 0, -19, -9, 19, -9, -34, -97, 39, -63, -126, -24, 
19, 9, -9, -14, 14, 0, -39, -97, 39, -63, -126, -24, 
19, 14, -4, -17, 12, 4, -43, -97, 39, -58, -126, -29, 
19, 19, 0, -19, 9, 9, -48, -97, 39, -58, -126, -34, 
29, 24, -4, -26, 17, 9, -39, -97, 43, -48, -122, -24, 
29, 34, 4, -31, 12, 19, -39, -102, 43, -48, -117, -24, 
29, 39, 9, -34, 9, 24, -39, -102, 48, -48, -112, -24, 
29, 39, 9, -34, 9, 24, -39, -97, 58, -48, -107, -24, 
34, 48, 14, -41, 9, 31, -29, -87, 58, -48, -112, -24, 
39, 48, 9, -43, 14, 29, -29, -87, 58, -48, -112, -24, 
43, 48, 4, -46, 19, 26, -29, -87, 58, -48, -112, -24, 
48, 48, 0, -48, 24, 24, -29, -87, 58, -48, -112, -24, 
58, 53, -4, -56, 31, 24, -39, -87, 58, -39, -112, -14, 
58, 53, -4, -56, 31, 24, -39, -87, 58, -39, -112, -14, 
58, 53, -4, -56, 31, 24, -39, -87, 58, -39, -107, -14, 
63, 53, -9, -58, 36, 21, -34, -87, 58, -39, -107, -14, 
63, 53, -9, -58, 36, 21, -34, -87, 58, -39, -107, -14, 
63, 53, -9, -58, 36, 21, -34, -87, 58, -39, -107, -14, 
58, 53, -4, -56, 31, 24, -34, -87, 58, -39, -107, -14, 
58, 58, 0, -58, 29, 29, -34, -87, 53, -39, -107, -14, 
58, 48, -9, -53, 34, 19, -24, -78, 63, -39, -102, -4, 
58, 48, -9, -53, 34, 19, -29, -78, 63, -39, -102, -4, 
58, 48, -9, -53, 34, 19, -29, -78, 63, -39, -102, -4, 
58, 53, -4, -56, 31, 24, -29, -78, 63, -43, -102, -4, 
63, 68, 4, -65, 29, 36, -29, -87, 58, -43, -102, -19, 
63, 68, 4, -65, 29, 36, -29, -87, 58, -43, -102, -19, 
63, 68, 4, -65, 29, 36, -29, -87, 58, -43, -102, -19, 
63, 68, 4, -65, 29, 36, -29, -87, 58, -43, -102, -19, 
73, 78, 4, -75, 34, 41, -29, -97, 58, -34, -102, -9, 
73, 78, 4, -75, 34, 41, -29, -97, 58, -39, -102, -9, 
73, 78, 4, -75, 34, 41, -29, -97, 58, -39, -102, -9, 
73, 78, 4, -75, 34, 41, -29, -97, 58, -34, -102, -9, 
73, 73, 0, -73, 36, 36, -29, -87, 58, -43, -112, -9, 
73, 68, -4, -70, 39, 31, -29, -87, 58, -43, -112, -14, 
73, 63, -9, -68, 41, 26, -29, -87, 58, -43, -107, -19, 
68, 58, -9, -63, 39, 24, -29, -87, 58, -43, -107, -24, 
68, 48, -19, -58, 43, 14, -19, -87, 68, -34, -107, -19, 
68, 48, -19, -58, 43, 14, -19, -87, 68, -34, -107, -14, 
68, 48, -19, -58, 43, 14, -19, -87, 68, -34, -107, -14, 
68, 48, -19, -58, 43, 14, -19, -87, 68, -34, -107, -9, 
68, 53, -14, -61, 41, 19, -29, -87, 58, -34, -107, -4, 
68, 58, -9, -63, 39, 24, -29, -87, 58, -34, -107, -4, 
68, 63, -4, -65, 36, 29, -29, -87, 58, -39, -107, -4, 
73, 68, -4, -70, 39, 31, -29, -87, 58, -39, -112, -4, 
73, 58, -14, -65, 43, 21, -19, -78, 68, -29, -112, -14, 
68, 48, -19, -58, 43, 14, -19, -78, 68, -24, -107, -14, 
68, 48, -19, -58, 43, 14, -19, -73, 68, -24, -107, -14, 
68, 48, -19, -58, 43, 14, -14, -73, 68, -24, -107, -14, 
68, 63, -4, -65, 36, 29, -24, -78, 63, -39, -117, -19, 
68, 73, 4, -70, 31, 39, -24, -82, 58, -39, -117, -24, 
68, 82, 14, -75, 26, 48, -24, -87, 53, -39, -126, -29, 
68, 97, 29, -82, 19, 63, -24, -92, 48, -39, -126, -34, 
68, 107, 39, -87, 14, 73, -34, -92, 53, -39, -117, -29, 
73, 102, 29, -87, 21, 65, -34, -92, 53, -39, -117, -24, 
73, 97, 24, -85, 24, 61, -34, -92, 53, -39, -117, -19, 
73, 97, 24, -85, 24, 61, -34, -92, 53, -39, -112, -14, 
73, 87, 14, -80, 29, 51, -34, -92, 53, -39, -102, -14, 
73, 92, 19, -82, 26, 56, -34, -92, 53, -39, -102, -19, 
73, 92, 19, -82, 26, 56, -34, -92, 53, -39, -102, -19, 
78, 92, 14, -85, 31, 53, -34, -92, 53, -39, -102, -14, 
78, 78, 0, -78, 39, 39, -29, -82, 63, -34, -97, -24, 
78, 73, -4, -75, 41, 34, -24, -82, 63, -34, -97, -24, 
78, 68, -9, -73, 43, 29, -19, -82, 63, -34, -97, -24, 
78, 63, -14, -70, 46, 24, -14, -92, 63, -29, -97, -24, 
73, 63, -9, -68, 41, 26, -24, -92, 53, -39, -107, -24, 
73, 68, -4, -70, 39, 31, -24, -92, 53, -39, -107, -24, 
78, 68, -9, -73, 43, 29, -24, -92, 53, -39, -107, -24, 
78, 73, -4, -75, 41, 34, -24, -92, 53, -39, -107, -19, 
73, 73, 0, -73, 36, 36, -14, -92, 63, -39, -107, 0, 
73, 68, -4, -70, 39, 31, -14, -92, 63, -29, -107, -9, 
78, 68, -9, -73, 43, 29, -19, -87, 58, -29, -107, -19, 
68, 68, 0, -68, 34, 34, -19, -87, 58, -19, -107, -19, 
68, 68, 0, -68, 34, 34, -19, -87, 58, -19, -107, -19, 
68, 68, 0, -68, 34, 34, -19, -87, 58, -19, -107, -19, 
68, 68, 0, -68, 34, 34, -19, -87, 58, -19, -107, -19, 
68, 73, 4, -70, 31, 39, -29, -97, 63, -19, -97, -9, 
68, 78, 9, -73, 29, 43, -29, -97, 68, -19, -97, -9, 
73, 82, 9, -78, 31, 46, -29, -97, 73, -9, -97, 0, 
73, 92, 19, -82, 26, 56, -34, -97, 78, -9, -92, 0, 
78, 107, 29, -92, 24, 68, -43, -112, 73, -14, -97, 0, 
78, 126, 48, -102, 14, 87, -53, -112, 78, -9, -87, 4, 
82, 146, 63, -114, 9, 104, -58, -117, 78, -4, -87, 4, 
82, 161, 78, -122, 2, 119, -58, -117, 82, 0, -87, 4, 
82, 151, 68, -117, 7, 109, -58, -107, 82, 4, -78, 4, 
87, 151, 63, -119, 12, 107, -58, -107, 82, 4, -78, 9, 
87, 151, 63, -119, 12, 107, -58, -107, 82, 4, -68, 9, 
92, 151, 58, -122, 17, 104, -68, -107, 87, 4, -68, 14, 
97, 141, 43, -119, 26, 92, -58, -107, 87, 14, -58, 14, 
102, 146, 43, -124, 29, 95, -58, -107, 87, 14, -58, 9, 
107, 151, 43, -129, 31, 97, -68, -107, 87, 19, -53, 9, 
107, 156, 48, -131, 29, 102, -68, -107, 87, 24, -53, 9, 
107, 161, 53, -134, 26, 107, -63, -97, 87, 29, -53, 9, 
112, 165, 53, -139, 29, 109, -68, -97, 87, 34, -48, 14, 
112, 170, 58, -141, 26, 114, -73, -107, 92, 48, -39, 24, 
112, 180, 68, -146, 21, 124, -78, -112, 97, 53, -34, 34, 
131, 190, 58, -161, 36, 124, -82, -117, 87, 48, -34, 48, 
131, 214, 82, -173, 24, 148, -97, -126, 87, 58, -29, 68, 
126, 214, 87, -170, 19, 151, -107, -136, 92, 63, -19, 78, 
122, 224, 102, -173, 9, 163, -107, -146, 102, 63, -19, 82, 
117, 224, 107, -170, 4, 165, -107, -161, 122, 73, -9, 78, 
117, 224, 107, -170, 4, 165, -107, -165, 126, 73, -9, 78, 
117, 229, 112, -173, 2, 170, -112, -175, 126, 73, -4, 78, 
117, 234, 117, -175, 0, 175, -117, -175, 122, 82, 0, 78, 
107, 244, 136, -175, -14, 190, -131, -185, 112, 87, 9, 82, 
107, 253, 146, -180, -19, 200, -131, -185, 112, 87, 14, 82, 
107, 263, 156, -185, -24, 209, -131, -185, 112, 92, 19, 82, 
107, 278, 170, -192, -31, 224, -136, -185, 112, 97, 24, 92, 
107, 283, 175, -195, -34, 229, -136, -195, 102, 97, 29, 107, 
107, 292, 185, -200, -39, 239, -136, -195, 97, 102, 29, 112, 
107, 292, 185, -200, -39, 239, -141, -195, 97, 102, 29, 117, 
107, 292, 185, -200, -39, 239, -141, -195, 97, 107, 29, 122, 
117, 297, 180, -207, -31, 239, -141, -190, 87, 107, 34, 126, 
117, 297, 180, -207, -31, 239, -141, -190, 82, 107, 34, 126, 
117, 292, 175, -204, -29, 234, -136, -190, 82, 97, 29, 126, 
117, 283, 165, -200, -24, 224, -131, -190, 73, 97, 29, 117, 
117, 263, 146, -190, -14, 204, -126, -175, 78, 107, 24, 117, 
117, 253, 136, -185, -9, 195, -122, -170, 73, 92, 19, 117, 
117, 244, 126, -180, -4, 185, -117, -165, 63, 87, 9, 107, 
117, 234, 117, -175, 0, 175, -107, -161, 53, 82, 4, 97, 
107, 234, 126, -170, -9, 180, -107, -161, 63, 73, 9, 87, 
107, 234, 126, -170, -9, 180, -102, -161, 58, 68, 9, 87, 
107, 234, 126, -170, -9, 180, -102, -156, 58, 63, 4, 87, 
102, 219, 117, -161, -7, 168, -92, -151, 53, 58, 0, 78, 
112, 200, 87, -156, 12, 143, -78, -136, 43, 68, -9, 82, 
102, 185, 82, -143, 9, 134, -68, -131, 39, 58, -24, 78, 
97, 161, 63, -129, 17, 112, -63, -122, 34, 43, -43, 58, 
92, 151, 58, -122, 17, 104, -53, -117, 34, 34, -53, 48, 
92, 146, 53, -119, 19, 100, -48, -126, 34, 29, -43, 29, 
92, 146, 53, -119, 19, 100, -48, -122, 29, 19, -48, 24, 
92, 131, 39, -112, 26, 85, -48, -117, 24, 14, -53, 24, 
87, 126, 39, -107, 24, 82, -48, -112, 14, 0, -63, 14, 
78, 117, 39, -97, 19, 78, -39, -117, 14, 9, -53, 9, 
78, 112, 34, -95, 21, 73, -39, -112, 14, -4, -58, 9, 
78, 107, 29, -92, 24, 68, -34, -107, 14, -19, -73, 4, 
73, 102, 29, -87, 21, 65, -29, -102, 14, -29, -73, 0, 
82, 82, 0, -82, 41, 41, -14, -92, 14, -19, -92, 0, 
82, 73, -9, -78, 46, 31, -14, -87, 14, -24, -102, 0, 
82, 63, -19, -73, 51, 21, -9, -87, 19, -24, -107, -4, 
82, 48, -34, -65, 58, 7, -9, -87, 14, -24, -122, -14, 
82, 43, -39, -63, 61, 2, 0, -78, 4, -39, -122, -4, 
78, 34, -43, -56, 61, -4, 0, -78, 4, -43, -122, -4, 
78, 19, -58, -48, 68, -19, 0, -73, 4, -43, -122, -4, 
78, 14, -63, -46, 70, -24, 0, -73, 4, -43, -122, -9, 
78, 24, -53, -51, 65, -14, 4, -82, -4, -43, -112, -19, 
78, 24, -53, -51, 65, -14, 4, -82, -4, -43, -112, -19, 
78, 14, -63, -46, 70, -24, 4, -82, -4, -43, -117, -9, 
78, 14, -63, -46, 70, -24, 9, -78, -4, -48, -117, -4, 
78, 14, -63, -46, 70, -24, 0, -78, 4, -43, -117, -14, 
78, 19, -58, -48, 68, -19, 0, -78, 4, -43, -122, -29, 
78, 24, -53, -51, 65, -14, 0, -78, 0, -43, -122, -29, 
78, 34, -43, -56, 61, -4, 0, -78, -4, -48, -122, -29, 
78, 34, -43, -56, 61, -4, 4, -78, -14, -48, -122, -29, 
78, 24, -53, -51, 65, -14, 4, -78, -9, -43, -122, -29, 
78, 19, -58, -48, 68, -19, 9, -78, -9, -43, -122, -29, 
73, 19, -53, -46, 63, -17, 9, -73, -9, -43, -122, -29, 
73, -4, -78, -34, 75, -41, 14, -73, -9, -48, -117, -19, 
73, 4, -68, -39, 70, -31, 24, -68, -9, -39, -117, -19, 
68, 9, -58, -39, 63, -24, 24, -63, -9, -39, -117, -34, 
73, 14, -58, -43, 65, -21, 24, -68, -19, -48, -122, -48, 
73, 4, -68, -39, 70, -31, 29, -53, -24, -53, -131, -63, 
82, -19, -102, -31, 92, -61, 34, -24, -29, -43, -136, -63, 
97, -24, -122, -36, 109, -73, 39, 0, -29, -24, -122, -87, 
107, -34, -141, -36, 124, -87, 48, 43, -29, 4, -97, -102, 
122, -43, -165, -39, 143, -104, 58, 68, -24, 43, -78, -131, 
131, -24, -156, -53, 143, -90, 43, 82, -39, 87, -43, -131, 
165, 4, -161, -85, 163, -78, 29, 92, -48, 131, -4, -122, 
195, 34, -161, -114, 178, -63, 19, 102, -73, 165, 24, -92, 
224, 73, -151, -148, 187, -39, 9, 97, -82, 204, 82, -48, 
234, 146, -87, -190, 161, 29, -24, 68, -82, 268, 165, 39, 
239, 253, 14, -246, 112, 134, -68, 19, -73, 341, 268, 136, 
268, 390, 122, -329, 73, 256, -131, -48, -73, 400, 375, 263, 
283, 570, 287, -427, -2, 429, -219, -146, -87, 453, 492, 424, 
297, 727, 429, -512, -65, 578, -292, -229, -87, 497, 605, 605, 
317, 868, 551, -592, -117, 710, -366, -307, -87, 517, 683, 766, 
326, 1039, 712, -683, -192, 875, -453, -400, -92, 570, 761, 927, 
336, 1205, 868, -771, -265, 1037, -541, -497, -87, 629, 858, 1083, 
336, 1327, 990, -832, -326, 1159, -610, -595, -78, 663, 932, 1224, 
341, 1439, 1098, -890, -378, 1268, -673, -702, -68, 673, 980, 1346, 
331, 1517, 1185, -924, -427, 1351, -712, -785, -73, 624, 985, 1434, 
297, 1468, 1171, -883, -436, 1320, -692, -800, -58, 522, 878, 1410, 
244, 1322, 1078, -783, -417, 1200, -624, -761, -9, 400, 717, 1288, 
165, 1195, 1029, -680, -431, 1112, -566, -736, 34, 302, 575, 1151, 
107, 1083, 976, -595, -434, 1029, -507, -702, 68, 200, 429, 1024, 
58, 932, 873, -495, -407, 902, -434, -663, 82, 82, 258, 858, 
0, 751, 751, -375, -375, 751, -361, -605, 102, 0, 122, 688, 
-53, 590, 644, -268, -348, 617, -278, -536, 126, -34, 43, 512, 
-102, 434, 536, -165, -319, 485, -190, -468, 146, -53, -29, 331, 
-146, 287, 434, -70, -290, 361, -112, -400, 165, -68, -92, 190, 
-185, 195, 380, -4, -283, 287, -43, -356, 195, -82, -122, 92, 
-209, 112, 322, 48, -265, 217, 4, -307, 209, -107, -161, 14, 
-209, 24, 234, 92, -222, 129, 63, -244, 219, -165, -224, -53, 
-209, -58, 151, 134, -180, 46, 107, -175, 224, -239, -302, -102, 
-204, -165, 39, 185, -122, -63, 170, -92, 209, -331, -400, -180, 
-185, -263, -78, 224, -53, -170, 224, -4, 195, -405, -492, -244, 
-170, -302, -131, 236, -19, -217, 234, 39, 175, -414, -502, -268, 
-136, -302, -165, 219, 14, -234, 229, 63, 151, -400, -483, -253, 
-102, -322, -219, 212, 58, -270, 214, 78, 126, -390, -473, -253, 
-73, -326, -253, 200, 90, -290, 204, 87, 117, -375, -458, -253, 
-43, -317, -273, 180, 114, -295, 200, 92, 97, -336, -429, -248, 
-24, -283, -258, 153, 117, -270, 180, 102, 82, -307, -395, -239, 
-19, -234, -214, 126, 97, -224, 161, 87, 73, -278, -361, -209, 
-4, -161, -156, 82, 75, -158, 131, 68, 53, -248, -317, -170, 
4, -102, -107, 48, 56, -104, 107, 58, 39, -195, -258, -131, 
14, -73, -87, 29, 51, -80, 92, 43, 34, -151, -204, -112, 
19, -58, -78, 19, 48, -68, 78, 14, 29, -112, -180, -107, 
29, -48, -78, 9, 53, -63, 58, -4, 19, -92, -170, -97, 
39, -43, -82, 2, 61, -63, 53, -4, 9, -87, -165, -82, 
68, -53, -122, -7, 95, -87, 48, -4, -4, -78, -170, -92, 
87, -63, -151, -12, 119, -107, 43, -14, -14, -68, -170, -92, 
87, -48, -136, -19, 112, -92, 39, -19, -19, -63, -165, -78, 
97, -29, -126, -34, 112, -78, 29, -34, -29, -53, -151, -53, 
92, -24, -117, -34, 104, -70, 29, -24, -24, -34, -126, -34, 
82, -29, -112, -26, 97, -70, 29, -24, -24, -29, -117, -24, 
78, -29, -107, -24, 92, -68, 29, -24, -24, -29, -112, -24, 
78, -29, -107, -24, 92, -68, 29, -19, -19, -29, -112, -24, 
78, -29, -107, -24, 92, -68, 29, -19, -14, -29, -117, -29, 
82, -24, -107, -29, 95, -65, 19, -29, -19, -34, -131, -43, 
82, -19, -102, -31, 92, -61, 19, -29, -24, -39, -136, -58, 
92, -14, -107, -39, 100, -61, 19, -29, -34, -43, -141, -63, 
92, -9, -102, -41, 97, -56, 19, -29, -43, -48, -141, -68, 
92, 0, -92, -46, 92, -46, 9, -39, -43, -29, -136, -63, 
97, 9, -87, -53, 92, -39, 4, -39, -48, -24, -126, -58, 
102, 14, -87, -58, 95, -36, 4, -43, -48, -24, -117, -58, 
102, 24, -78, -63, 90, -26, 4, -43, -48, -24, -102, -58, 
92, 14, -78, -53, 85, -31, 4, -34, -58, -19, -97, -58, 
92, 14, -78, -53, 85, -31, 4, -34, -58, -9, -97, -58, 
92, 14, -78, -53, 85, -31, 4, -34, -53, -4, -102, -48, 
92, 14, -78, -53, 85, -31, 4, -34, -53, 0, -102, -48, 
102, 14, -87, -58, 95, -36, 0, -43, -63, -4, -102, -43, 
107, 19, -87, -63, 97, -34, 0, -43, -63, -4, -102, -43, 
107, 24, -82, -65, 95, -29, 0, -48, -58, -4, -92, -34, 
107, 39, -68, -73, 87, -14, 0, -48, -58, -9, -92, -34, 
102, 39, -63, -70, 82, -12, -14, -58, -73, -19, -102, -39, 
97, 39, -58, -68, 78, -9, -14, -63, -73, -19, -97, -34, 
92, 34, -58, -63, 75, -12, -19, -63, -73, -19, -97, -48, 
87, 29, -58, -58, 73, -14, -19, -63, -73, -19, -102, -53, 
78, 24, -53, -51, 65, -14, -24, -68, -82, -9, -112, -53, 
73, 9, -63, -41, 68, -26, -24, -68, -82, -4, -112, -48, 
68, -9, -78, -29, 73, -43, -24, -68, -82, 0, -102, -48, 
68, -24, -92, -21, 80, -58, -24, -68, -82, 0, -102, -48, 
63, -39, -102, -12, 82, -70, -24, -68, -82, 4, -92, -34, 
58, -39, -97, -9, 78, -68, -29, -68, -82, 9, -92, -34, 
53, -43, -97, -4, 75, -70, -29, -73, -82, 9, -92, -34, 
48, -43, -92, -2, 70, -68, -29, -73, -82, 9, -92, -29, 
48, -24, -73, -12, 61, -48, -34, -73, -92, 9, -97, -34, 
53, -24, -78, -14, 65, -51, -34, -78, -97, 9, -97, -34, 
53, -19, -73, -17, 63, -46, -43, -78, -102, 9, -97, -39, 
53, -9, -63, -21, 58, -36, -43, -78, -107, 14, -97, -39, 
58, -9, -68, -24, 63, -39, -39, -78, -107, 14, -82, -29, 
58, -9, -68, -24, 63, -39, -39, -78, -112, 14, -78, -29, 
58, -9, -68, -24, 63, -39, -39, -82, -112, 19, -78, -29, 
58, -14, -73, -21, 65, -43, -39, -82, -112, 24, -78, -29, 
63, -24, -87, -19, 75, -56, -53, -82, -112, 24, -68, -29, 
63, -24, -87, -19, 75, -56, -53, -82, -107, 24, -68, -24, 
63, -19, -82, -21, 73, -51, -53, -87, -107, 24, -58, -24, 
63, -19, -82, -21, 73, -51, -53, -87, -107, 19, -58, -29, 
53, -14, -68, -19, 61, -41, -58, -92, -107, 24, -68, -24, 
58, -9, -68, -24, 63, -39, -58, -92, -107, 29, -68, -19, 
68, 4, -63, -36, 65, -29, -58, -92, -112, 43, -68, -14, 
68, 9, -58, -39, 63, -24, -58, -92, -112, 53, -63, -4, 
68, 0, -68, -34, 68, -34, -63, -87, -122, 53, -58, 4, 
68, -4, -73, -31, 70, -39, -63, -87, -122, 53, -53, 4, 
68, -4, -73, -31, 70, -39, -68, -92, -117, 58, -48, 4, 
68, -4, -73, -31, 70, -39, -68, -92, -117, 63, -43, 14, 
73, 9, -63, -41, 68, -26, -73, -92, -131, 58, -43, 9, 
73, 14, -58, -43, 65, -21, -78, -92, -131, 63, -43, 4, 
78, 19, -58, -48, 68, -19, -78, -102, -131, 58, -43, 0, 
87, 24, -63, -56, 75, -19, -82, -102, -141, 53, -39, -4, 
92, 34, -58, -63, 75, -12, -97, -112, -151, 63, -29, -9, 
92, 43, -48, -68, 70, -2, -97, -112, -151, 68, -24, 0, 
97, 58, -39, -78, 68, 9, -102, -112, -151, 73, -19, 4, 
102, 63, -39, -82, 70, 12, -107, -117, -151, 73, -14, 4, 
117, 78, -39, -97, 78, 19, -117, -126, -170, 68, -19, 9, 
126, 82, -43, -104, 85, 19, -122, -126, -175, 73, -19, 14, 
131, 97, -34, -114, 82, 31, -126, -126, -180, 73, -14, 14, 
136, 97, -39, -117, 87, 29, -131, -126, -185, 78, -9, 24, 
126, 87, -39, -107, 82, 24, -126, -122, -195, 82, 4, 34, 
131, 87, -43, -109, 87, 21, -131, -117, -195, 87, 9, 48, 
136, 92, -43, -114, 90, 24, -131, -112, -200, 92, 14, 58, 
141, 97, -43, -119, 92, 26, -136, -112, -204, 92, 19, 63, 
146, 92, -53, -119, 100, 19, -141, -126, -204, 97, 29, 68, 
156, 107, -48, -131, 102, 29, -146, -126, -204, 97, 34, 68, 
161, 117, -43, -139, 102, 36, -156, -126, -204, 102, 34, 73, 
165, 117, -48, -141, 107, 34, -156, -126, -204, 112, 39, 78, 
170, 117, -53, -143, 112, 31, -165, -126, -200, 112, 39, 82, 
180, 122, -58, -151, 119, 31, -175, -126, -204, 112, 48, 92, 
190, 141, -48, -165, 119, 46, -175, -131, -204, 112, 48, 102, 
190, 141, -48, -165, 119, 46, -180, -131, -209, 112, 53, 112, 
204, 161, -43, -183, 124, 58, -195, -136, -219, 102, 48, 107, 
209, 170, -39, -190, 124, 65, -195, -136, -224, 107, 48, 107, 
214, 175, -39, -195, 126, 68, -200, -136, -229, 107, 53, 107, 
219, 180, -39, -200, 129, 70, -204, -141, -234, 107, 58, 112, 
224, 180, -43, -202, 134, 68, -204, -131, -239, 107, 58, 122, 
234, 185, -48, -209, 141, 68, -209, -131, -244, 102, 58, 126, 
239, 185, -53, -212, 146, 65, -209, -131, -248, 102, 58, 136, 
239, 190, -48, -214, 143, 70, -209, -131, -253, 102, 58, 151, 
253, 180, -73, -217, 163, 53, -204, -126, -248, 107, 63, 161, 
253, 180, -73, -217, 163, 53, -209, -131, -248, 107, 63, 165, 
253, 190, -63, -222, 158, 63, -214, -131, -248, 107, 63, 165, 
253, 200, -53, -226, 153, 73, -219, -131, -248, 102, 63, 170, 
263, 200, -63, -231, 163, 68, -229, -136, -258, 112, 68, 175, 
263, 204, -58, -234, 161, 73, -224, -136, -258, 112, 68, 185, 
263, 204, -58, -234, 161, 73, -224, -136, -253, 112, 63, 195, 
263, 204, -58, -234, 161, 73, -224, -136, -253, 112, 63, 204, 
258, 219, -39, -239, 148, 90, -224, -136, -258, 112, 73, 200, 
258, 224, -34, -241, 146, 95, -224, -136, -258, 107, 73, 190, 
258, 234, -24, -246, 141, 104, -229, -141, -258, 107, 73, 185, 
258, 239, -19, -248, 139, 109, -229, -141, -258, 107, 73, 185, 
253, 229, -24, -241, 139, 102, -219, -131, -248, 107, 73, 175, 
248, 234, -14, -241, 131, 109, -214, -131, -244, 107, 73, 175, 
248, 234, -14, -241, 131, 109, -214, -131, -244, 107, 73, 170, 
239, 234, -4, -236, 122, 114, -214, -131, -244, 107, 68, 170, 
244, 219, -24, -231, 134, 97, -200, -131, -234, 107, 68, 175, 
239, 219, -19, -229, 129, 100, -200, -131, -229, 107, 68, 170, 
234, 214, -19, -224, 126, 97, -195, -131, -229, 107, 68, 175, 
224, 204, -19, -214, 122, 92, -195, -136, -224, 102, 63, 180, 
219, 195, -24, -207, 122, 85, -175, -126, -209, 102, 63, 185, 
209, 190, -19, -200, 114, 85, -170, -122, -204, 102, 58, 175, 
204, 190, -14, -197, 109, 87, -165, -122, -200, 102, 48, 170, 
204, 195, -9, -200, 107, 92, -161, -122, -195, 102, 48, 165, 
204, 185, -19, -195, 112, 82, -156, -122, -190, 97, 43, 151, 
204, 185, -19, -195, 112, 82, -151, -122, -185, 97, 39, 136, 
195, 170, -24, -183, 109, 73, -141, -122, -180, 97, 39, 122, 
190, 165, -24, -178, 107, 70, -136, -122, -175, 97, 39, 112, 
185, 170, -14, -178, 100, 78, -141, -122, -175, 102, 34, 87, 
180, 170, -9, -175, 95, 80, -141, -122, -175, 92, 34, 78, 
170, 170, 0, -170, 85, 85, -126, -122, -175, 92, 34, 73, 
165, 170, 4, -168, 80, 87, -126, -122, -175, 92, 24, 68, 
151, 156, 4, -153, 73, 80, -107, -117, -165, 82, 29, 78, 
146, 146, 0, -146, 73, 73, -102, -112, -156, 73, 24, 78, 
141, 136, -4, -139, 73, 65, -97, -102, -146, 73, 19, 73, 
136, 126, -9, -131, 73, 58, -97, -92, -136, 63, 19, 68, 
141, 117, -24, -129, 82, 46, -78, -102, -141, 73, 24, 53, 
136, 112, -24, -124, 80, 43, -78, -102, -141, 73, 14, 43, 
131, 112, -19, -122, 75, 46, -73, -102, -136, 73, 9, 39, 
126, 107, -19, -117, 73, 43, -73, -102, -136, 73, 4, 29, 
131, 97, -34, -114, 82, 31, -78, -102, -136, 73, -4, 39, 
126, 102, -24, -114, 75, 39, -73, -102, -136, 73, -9, 39, 
122, 102, -19, -112, 70, 41, -68, -102, -136, 63, -14, 39, 
117, 102, -14, -109, 65, 43, -63, -102, -126, 63, -14, 34, 
117, 97, -19, -107, 68, 39, -63, -97, -136, 58, -9, 19, 
112, 87, -24, -100, 68, 31, -63, -97, -131, 58, -14, 14, 
107, 87, -19, -97, 63, 34, -53, -92, -122, 58, -14, 14, 
107, 87, -19, -97, 63, 34, -53, -92, -122, 58, -14, 14, 
97, 87, -9, -92, 53, 39, -53, -102, -122, 63, -14, 24, 
102, 82, -19, -92, 61, 31, -53, -97, -122, 58, -19, 14, 
102, 73, -29, -87, 65, 21, -48, -97, -122, 58, -19, 14, 
97, 68, -29, -82, 63, 19, -48, -102, -117, 58, -19, 14, 
97, 68, -29, -82, 63, 19, -39, -92, -117, 58, -29, 14, 
92, 63, -29, -78, 61, 17, -34, -92, -117, 58, -34, 19, 
92, 58, -34, -75, 63, 12, -34, -92, -117, 53, -34, 24, 
92, 53, -39, -73, 65, 7, -34, -92, -112, 48, -39, 34, 
102, 53, -48, -78, 75, 2, -43, -92, -122, 48, -29, 29, 
97, 53, -43, -75, 70, 4, -39, -87, -117, 48, -29, 24, 
97, 53, -43, -75, 70, 4, -39, -87, -117, 48, -29, 19, 
97, 58, -39, -78, 68, 9, -43, -87, -117, 48, -29, 14, 
92, 58, -34, -75, 63, 12, -43, -97, -107, 48, -29, 24, 
92, 58, -34, -75, 63, 12, -39, -92, -107, 53, -29, 24, 
87, 58, -29, -73, 58, 14, -39, -92, -107, 53, -29, 19, 
87, 63, -24, -75, 56, 19, -39, -92, -107, 53, -29, 19, 
87, 58, -29, -73, 58, 14, -29, -82, -107, 63, -24, 9, 
87, 53, -34, -70, 61, 9, -29, -82, -112, 58, -24, 9, 
87, 58, -29, -73, 58, 14, -34, -82, -112, 53, -29, 4, 
87, 43, -43, -65, 65, 0, -34, -87, -107, 53, -29, 0, 
87, 48, -39, -68, 63, 4, -34, -87, -112, 63, -29, 4, 
92, 53, -39, -73, 65, 7, -34, -87, -112, 63, -24, 4, 
92, 58, -34, -75, 63, 12, -34, -87, -112, 58, -24, 4, 
92, 63, -29, -78, 61, 17, -39, -87, -112, 58, -19, 4, 
82, 53, -29, -68, 56, 12, -39, -87, -117, 63, -19, 14, 
78, 53, -24, -65, 51, 14, -34, -87, -117, 63, -19, 14, 
78, 39, -39, -58, 58, 0, -34, -82, -117, 63, -19, 14, 
82, 39, -43, -61, 63, -2, -34, -82, -117, 68, -14, 19, 
82, 39, -43, -61, 63, -2, -34, -73, -107, 68, -14, 19, 
82, 39, -43, -61, 63, -2, -29, -73, -107, 68, -19, 19, 
82, 29, -53, -56, 68, -12, -29, -73, -107, 68, -24, 14, 
82, 24, -58, -53, 70, -17, -29, -73, -107, 68, -24, 14, 
82, 14, -68, -48, 75, -26, -19, -73, -112, 78, -24, 4, 
82, 14, -68, -48, 75, -26, -19, -73, -112, 78, -19, 4, 
87, 14, -73, -51, 80, -29, -19, -73, -112, 78, -19, 4, 
87, 14, -73, -51, 80, -29, -19, -73, -112, 78, -19, 0, 
82, 34, -48, -58, 65, -7, -29, -82, -122, 68, -29, 0, 
82, 39, -43, -61, 63, -2, -29, -82, -122, 68, -29, 0, 
87, 43, -43, -65, 65, 0, -34, -82, -122, 68, -29, 0, 
87, 48, -39, -68, 63, 4, -34, -82, -122, 68, -24, 0, 
87, 48, -39, -68, 63, 4, -43, -82, -122, 58, -24, 0, 
87, 53, -34, -70, 61, 9, -43, -82, -122, 58, -29, 0, 
87, 53, -34, -70, 61, 9, -43, -82, -122, 58, -29, 0, 
87, 68, -19, -78, 53, 24, -43, -82, -122, 58, -29, 0, 
97, 63, -34, -80, 65, 14, -43, -82, -131, 63, -29, -4, 
97, 63, -34, -80, 65, 14, -43, -82, -131, 68, -29, 0, 
97, 63, -34, -80, 65, 14, -43, -82, -131, 73, -29, 0, 
97, 63, -34, -80, 65, 14, -43, -82, -136, 78, -29, 0, 
97, 63, -34, -80, 65, 14, -43, -82, -136, 73, -29, 4, 
97, 63, -34, -80, 65, 14, -43, -82, -136, 68, -24, 4, 
97, 63, -34, -80, 65, 14, -43, -82, -136, 68, -24, 4, 
97, 63, -34, -80, 65, 14, -43, -82, -136, 68, -24, 4, 
92, 73, -19, -82, 56, 26, -43, -82, -136, 68, -14, 19, 
92, 73, -19, -82, 56, 26, -43, -82, -136, 68, -14, 19, 
92, 73, -19, -82, 56, 26, -43, -82, -136, 68, -14, 24, 
92, 73, -19, -82, 56, 26, -43, -82, -136, 68, -14, 29, 
102, 68, -34, -85, 68, 17, -43, -73, -126, 68, -14, 19, 
102, 63, -39, -82, 70, 12, -43, -73, -126, 68, -14, 19, 
102, 58, -43, -80, 73, 7, -43, -73, -126, 68, -14, 19, 
102, 53, -48, -78, 75, 2, -43, -73, -126, 68, -14, 19, 
107, 53, -53, -80, 80, 0, -34, -73, -126, 68, -19, 29, 
107, 53, -53, -80, 80, 0, -34, -73, -131, 68, -19, 29, 
107, 58, -48, -82, 78, 4, -39, -73, -131, 68, -19, 24, 
107, 58, -48, -82, 78, 4, -39, -73, -131, 68, -19, 24, 
107, 63, -43, -85, 75, 9, -48, -78, -136, 68, -19, 24, 
107, 58, -48, -82, 78, 4, -48, -78, -136, 68, -19, 24, 
107, 58, -48, -82, 78, 4, -48, -78, -136, 68, -19, 24, 
107, 78, -29, -92, 68, 24, -48, -78, -136, 68, -19, 29, 
117, 82, -34, -100, 75, 24, -48, -92, -136, 68, -9, 24, 
112, 82, -29, -97, 70, 26, -48, -92, -141, 63, -9, 19, 
112, 82, -29, -97, 70, 26, -48, -92, -141, 63, -9, 14, 
112, 82, -29, -97, 70, 26, -48, -97, -141, 63, -9, 9, 
112, 73, -39, -92, 75, 17, -58, -87, -151, 58, -4, 19, 
112, 78, -34, -95, 73, 21, -58, -87, -151, 58, -4, 19, 
112, 82, -29, -97, 70, 26, -58, -87, -151, 58, -4, 19, 
112, 82, -29, -97, 70, 26, -58, -87, -151, 58, 0, 19, 
122, 82, -39, -102, 80, 21, -58, -87, -151, 58, -9, 24, 
122, 78, -43, -100, 82, 17, -58, -87, -146, 58, -9, 29, 
122, 78, -43, -100, 82, 17, -53, -82, -146, 58, -9, 34, 
122, 78, -43, -100, 82, 17, -53, -82, -146, 58, -9, 39, 
112, 78, -34, -95, 73, 21, -48, -82, -136, 58, -19, 39, 
112, 78, -34, -95, 73, 21, -48, -82, -136, 58, -19, 39, 
112, 73, -39, -92, 75, 17, -48, -82, -136, 58, -24, 39, 
112, 73, -39, -92, 75, 17, -48, -82, -136, 58, -24, 43, 
102, 68, -34, -85, 68, 17, -39, -82, -136, 68, -19, 34, 
102, 68, -34, -85, 68, 17, -39, -82, -136, 63, -19, 34, 
102, 68, -34, -85, 68, 17, -39, -82, -141, 63, -19, 34, 
102, 68, -34, -85, 68, 17, -39, -82, -141, 63, -19, 29, 
102, 78, -24, -90, 63, 26, -48, -82, -141, 53, -19, 29, 
102, 78, -24, -90, 63, 26, -48, -82, -146, 48, -19, 24, 
102, 82, -19, -92, 61, 31, -48, -82, -151, 48, -19, 24, 
102, 82, -19, -92, 61, 31, -48, -82, -156, 48, -19, 29, 
112, 78, -34, -95, 73, 21, -48, -82, -146, 48, -19, 29, 
112, 78, -34, -95, 73, 21, -48, -82, -146, 48, -19, 24, 
112, 73, -39, -92, 75, 17, -48, -82, -146, 48, -19, 24, 
112, 68, -43, -90, 78, 12, -48, -82, -146, 53, -24, 24, 
112, 78, -34, -95, 73, 21, -48, -82, -136, 53, -34, 24, 
112, 78, -34, -95, 73, 21, -48, -82, -136, 48, -39, 24, 
107, 78, -29, -92, 68, 24, -48, -82, -136, 48, -39, 24, 
107, 73, -34, -90, 70, 19, -48, -82, -136, 48, -39, 29, 
102, 73, -29, -87, 65, 21, -48, -82, -136, 48, -29, 19, 
102, 68, -34, -85, 68, 17, -48, -82, -136, 48, -29, 19, 
102, 68, -34, -85, 68, 17, -48, -78, -136, 48, -24, 14, 
102, 68, -34, -85, 68, 17, -48, -78, -136, 48, -24, 14, 
102, 58, -43, -80, 73, 7, -48, -78, -136, 58, -19, 24, 
102, 53, -48, -78, 75, 2, -43, -78, -136, 58, -19, 24, 
102, 48, -53, -75, 78, -2, -39, -78, -136, 48, -19, 19, 
102, 48, -53, -75, 78, -2, -39, -78, -136, 48, -19, 19, 
107, 68, -39, -87, 73, 14, -43, -78, -146, 39, -24, 19, 
107, 58, -48, -82, 78, 4, -43, -78, -146, 39, -24, 19, 
102, 53, -48, -78, 75, 2, -43, -78, -146, 39, -29, 19, 
102, 53, -48, -78, 75, 2, -43, -78, -146, 39, -29, 19, 
102, 63, -39, -82, 70, 12, -43, -68, -146, 39, -39, 14, 
102, 58, -43, -80, 73, 7, -43, -68, -146, 39, -39, 14, 
102, 58, -43, -80, 73, 7, -43, -68, -146, 39, -39, 19, 
102, 53, -48, -78, 75, 2, -43, -68, -146, 39, -39, 19, 
102, 43, -58, -73, 80, -7, -43, -68, -141, 39, -29, 29, 
102, 48, -53, -75, 78, -2, -43, -68, -141, 43, -29, 29, 
102, 48, -53, -75, 78, -2, -43, -68, -136, 43, -29, 29, 
102, 48, -53, -75, 78, -2, -39, -68, -136, 43, -29, 24, 
97, 48, -48, -73, 73, 0, -39, -68, -136, 39, -34, 34, 
97, 48, -48, -73, 73, 0, -39, -68, -136, 39, -39, 29, 
97, 43, -53, -70, 75, -4, -39, -68, -136, 39, -43, 29, 
97, 43, -53, -70, 75, -4, -39, -68, -136, 39, -48, 29, 
107, 39, -68, -73, 87, -14, -39, -68, -136, 24, -39, 29, 
107, 39, -68, -73, 87, -14, -39, -68, -136, 24, -39, 34, 
107, 34, -73, -70, 90, -19, -39, -68, -136, 29, -39, 34, 
107, 29, -78, -68, 92, -24, -39, -68, -136, 29, -39, 34, 
97, 39, -58, -68, 78, -9, -39, -68, -136, 29, -39, 29, 
97, 43, -53, -70, 75, -4, -39, -73, -141, 29, -39, 24, 
97, 43, -53, -70, 75, -4, -39, -73, -141, 29, -39, 19, 
97, 39, -58, -68, 78, -9, -39, -68, -136, 29, -39, 14, 
97, 48, -48, -73, 73, 0, -48, -68, -136, 29, -43, 14, 
97, 48, -48, -73, 73, 0, -48, -68, -136, 29, -43, 14, 
97, 48, -48, -73, 73, 0, -48, -68, -136, 29, -43, 14, 
97, 48, -48, -73, 73, 0, -48, -68, -136, 29, -43, 14, 
97, 43, -53, -70, 75, -4, -48, -68, -146, 29, -53, 14, 
97, 43, -53, -70, 75, -4, -48, -68, -146, 29, -53, 14, 
97, 43, -53, -70, 75, -4, -48, -68, -146, 29, -48, 14, 
102, 43, -58, -73, 80, -7, -43, -68, -146, 29, -48, 14, 
92, 34, -58, -63, 75, -12, -43, -68, -146, 29, -48, 19, 
92, 34, -58, -63, 75, -12, -43, -68, -146, 29, -48, 24, 
87, 34, -53, -61, 70, -9, -43, -68, -146, 29, -48, 29, 
87, 39, -48, -63, 68, -4, -43, -68, -151, 29, -48, 34, 
97, 29, -68, -63, 82, -19, -43, -68, -141, 29, -43, 29, 
97, 29, -68, -63, 82, -19, -48, -68, -141, 29, -43, 24, 
97, 29, -68, -63, 82, -19, -48, -68, -141, 29, -43, 19, 
97, 34, -63, -65, 80, -14, -48, -68, -141, 24, -43, 14, 
102, 34, -68, -68, 85, -17, -39, -68, -136, 24, -43, 9, 
102, 29, -73, -65, 87, -21, -39, -68, -136, 24, -43, 9, 
102, 24, -78, -63, 90, -26, -39, -68, -136, 24, -43, 9, 
102, 19, -82, -61, 92, -31, -39, -68, -136, 24, -43, 9, 
92, 24, -68, -58, 80, -21, -48, -68, -146, 24, -53, 0, 
92, 29, -63, -61, 78, -17, -48, -68, -146, 19, -53, 0, 
92, 34, -58, -63, 75, -12, -48, -68, -146, 19, -53, 0, 
92, 39, -53, -65, 73, -7, -48, -68, -146, 24, -53, 0, 
102, 48, -53, -75, 78, -2, -48, -68, -146, 14, -53, 4, 
102, 48, -53, -75, 78, -2, -48, -68, -146, 14, -53, 4, 
102, 48, -53, -75, 78, -2, -48, -68, -146, 14, -48, 4, 
97, 48, -48, -73, 73, 0, -48, -68, -146, 14, -48, 4, 
107, 39, -68, -73, 87, -14, -48, -78, -136, 14, -58, 14, 
107, 39, -68, -73, 87, -14, -48, -78, -136, 14, -58, 14, 
107, 39, -68, -73, 87, -14, -48, -78, -136, 14, -58, 9, 
107, 39, -68, -73, 87, -14, -48, -78, -136, 14, -58, 9, 
97, 29, -68, -63, 82, -19, -39, -68, -126, 24, -48, 24, 
97, 29, -68, -63, 82, -19, -39, -68, -126, 24, -48, 24, 
97, 29, -68, -63, 82, -19, -39, -68, -126, 19, -48, 24, 
102, 29, -73, -65, 87, -21, -39, -68, -126, 19, -53, 24, 
102, 29, -73, -65, 87, -21, -39, -68, -136, 19, -63, 24, 
97, 19, -78, -58, 87, -29, -39, -68, -136, 24, -58, 24, 
97, 19, -78, -58, 87, -29, -39, -63, -136, 24, -58, 24, 
97, 19, -78, -58, 87, -29, -34, -63, -136, 24, -58, 24, 
97, 24, -73, -61, 85, -24, -43, -63, -146, 19, -63, 14, 
97, 24, -73, -61, 85, -24, -43, -63, -146, 19, -68, 14, 
97, 24, -73, -61, 85, -24, -43, -63, -146, 19, -82, 14, 
97, 29, -68, -63, 82, -19, -43, -63, -146, 19, -87, 14, 
97, 19, -78, -58, 87, -29, -43, -63, -131, 19, -82, 24, 
102, 14, -87, -58, 95, -36, -43, -63, -131, 19, -78, 24, 
102, 9, -92, -56, 97, -41, -43, -63, -131, 19, -73, 24, 
102, 9, -92, -56, 97, -41, -43, -63, -131, 19, -63, 24, 
92, 14, -78, -53, 85, -31, -43, -73, -131, 29, -48, 19, 
92, 24, -68, -58, 80, -21, -43, -73, -131, 29, -43, 9, 
92, 29, -63, -61, 78, -17, -43, -73, -131, 29, -39, 4, 
97, 34, -63, -65, 80, -14, -43, -73, -131, 29, -34, 4, 
87, 39, -48, -63, 68, -4, -53, -73, -141, 24, -39, 14, 
87, 43, -43, -65, 65, 0, -53, -73, -141, 24, -39, 14, 
87, 48, -39, -68, 63, 4, -53, -73, -141, 24, -39, 14, 
87, 53, -34, -70, 61, 9, -53, -82, -141, 29, -39, 14, 
92, 48, -43, -70, 68, 2, -53, -82, -141, 29, -48, 24, 
92, 48, -43, -70, 68, 2, -53, -82, -141, 29, -48, 24, 
97, 43, -53, -70, 75, -4, -53, -82, -141, 29, -48, 24, 
97, 43, -53, -70, 75, -4, -53, -82, -141, 29, -48, 29, 
102, 14, -87, -58, 95, -36, -34, -73, -122, 39, -48, 29, 
102, 0, -102, -51, 102, -51, -34, -73, -122, 39, -39, 29, 
97, 29, -68, -63, 82, -19, -39, -78, -126, 29, -48, 29, 
97, 34, -63, -65, 80, -14, -48, -78, -136, 19, -53, 24, 
97, 39, -58, -68, 78, -9, -48, -78, -136, 19, -58, 19, 
97, 43, -53, -70, 75, -4, -48, -78, -136, 19, -63, 14, 
97, 48, -48, -73, 73, 0, -48, -78, -136, 19, -68, 9, 
97, 39, -58, -68, 78, -9, -48, -78, -136, 19, -58, 19, 
97, 39, -58, -68, 78, -9, -48, -78, -136, 19, -58, 19, 
97, 39, -58, -68, 78, -9, -48, -78, -136, 19, -58, 19, 
97, 39, -58, -68, 78, -9, -48, -78, -136, 19, -58, 19, 
97, 34, -63, -65, 80, -14, -39, -68, -126, 29, -58, 19, 
97, 29, -68, -63, 82, -19, -39, -68, -126, 29, -58, 19, 
97, 24, -73, -61, 85, -24, -39, -68, -126, 29, -58, 19, 
97, 19, -78, -58, 87, -29, -39, -68, -126, 29, -58, 19, 
97, 19, -78, -58, 87, -29, -39, -68, -126, 29, -58, 29, 
97, 19, -78, -58, 87, -29, -39, -68, -126, 29, -58, 29, 
97, 19, -78, -58, 87, -29, -39, -68, -126, 29, -58, 29, 
97, 19, -78, -58, 87, -29, -39, -68, -126, 29, -58, 29, 
97, 29, -68, -63, 82, -19, -39, -68, -126, 29, -58, 19, 
97, 29, -68, -63, 82, -19, -39, -68, -126, 29, -58, 19, 
97, 29, -68, -63, 82, -19, -39, -68, -126, 29, -58, 19, 
97, 29, -68, -63, 82, -19, -39, -68, -126, 29, -58, 19, 
97, 34, -63, -65, 80, -14, -48, -68, -126, 29, -58, 9, 
97, 39, -58, -68, 78, -9, -48, -68, -126, 29, -58, 9, 
97, 43, -53, -70, 75, -4, -48, -68, -126, 29, -58, 9, 
97, 48, -48, -73, 73, 0, -48, -68, -126, 29, -58, 9, 
97, 48, -48, -73, 73, 0, -48, -68, -126, 29, -58, 0, 
97, 48, -48, -73, 73, 0, -48, -68, -126, 29, -58, 0, 
97, 48, -48, -73, 73, 0, -48, -68, -126, 29, -58, 0, 
97, 48, -48, -73, 73, 0, -48, -68, -126, 29, -58, 0, 
97, 48, -48, -73, 73, 0, -48, -78, -126, 29, -58, 9, 
97, 48, -48, -73, 73, 0, -48, -78, -126, 29, -58, 9, 
97, 48, -48, -73, 73, 0, -48, -78, -126, 29, -58, 9, 
97, 48, -48, -73, 73, 0, -48, -78, -126, 29, -58, 9, 
97, 48, -48, -73, 73, 0, -48, -78, -126, 39, -68, 19, 
97, 48, -48, -73, 73, 0, -48, -78, -126, 39, -68, 19, 
97, 48, -48, -73, 73, 0, -48, -78, -126, 39, -68, 19, 
97, 48, -48, -73, 73, 0, -48, -78, -126, 39, -68, 19, 
97, 34, -63, -65, 80, -14, -39, -68, -126, 39, -58, 19, 
97, 29, -68, -63, 82, -19, -39, -68, -126, 39, -58, 19, 
97, 24, -73, -61, 85, -24, -39, -68, -126, 39, -58, 19, 
97, 19, -78, -58, 87, -29, -39, -68, -126, 39, -58, 19, 
97, 19, -78, -58, 87, -29, -39, -58, -126, 39, -58, 19, 
97, 19, -78, -58, 87, -29, -39, -58, -126, 39, -58, 19, 
97, 19, -78, -58, 87, -29, -39, -58, -126, 39, -58, 19, 
97, 19, -78, -58, 87, -29, -39, -58, -126, 39, -58, 19, 
97, 29, -68, -63, 82, -19, -39, -68, -126, 39, -58, 19, 
97, 29, -68, -63, 82, -19, -39, -68, -126, 39, -58, 19, 
97, 29, -68, -63, 82, -19, -39, -68, -126, 39, -58, 19, 
97, 29, -68, -63, 82, -19, -39, -68, -126, 39, -58, 19, 
97, 19, -78, -58, 87, -29, -39, -68, -126, 39, -58, 19, 
97, 19, -78, -58, 87, -29, -39, -68, -126, 39, -58, 19, 
97, 19, -78, -58, 87, -29, -39, -68, -126, 39, -58, 19, 
97, 19, -78, -58, 87, -29, -39, -68, -126, 39, -58, 19, 
97, 19, -78, -58, 87, -29, -39, -68, -126, 39, -68, 19, 
97, 19, -78, -58, 87, -29, -39, -68, -126, 39, -68, 19, 
97, 19, -78, -58, 87, -29, -39, -68, -126, 39, -68, 19, 
97, 19, -78, -58, 87, -29, -39, -68, -126, 39, -68, 19, 
97, 29, -68, -63, 82, -19, -43, -78, -136, 29, -68, 9, 
97, 39, -58, -68, 78, -9, -48, -78, -136, 29, -68, 9, 
97, 48, -48, -73, 73, 0, -53, -78, -136, 29, -68, 9, 
97, 58, -39, -78, 68, 9, -58, -78, -136, 29, -68, 9, 
97, 58, -39, -78, 68, 9, -58, -78, -131, 43, -53, 19, 
97, 58, -39, -78, 68, 9, -58, -78, -126, 48, -48, 29, 
97, 58, -39, -78, 68, 9, -58, -78, -122, 53, -43, 39, 
102, 58, -43, -80, 73, 7, -58, -78, -117, 68, -39, 58, 
112, 58, -53, -85, 82, 2, -53, -68, -107, 68, -24, 48, 
107, 58, -48, -82, 78, 4, -53, -73, -102, 73, -19, 48, 
107, 63, -43, -85, 75, 9, -63, -73, -97, 78, -9, 53, 
112, 68, -43, -90, 78, 12, -68, -78, -97, 82, -9, 53, 
102, 73, -29, -87, 65, 21, -68, -78, -102, 78, -19, 43, 
102, 78, -24, -90, 63, 26, -68, -78, -102, 82, -19, 43, 
107, 82, -24, -95, 65, 29, -68, -78, -102, 82, -19, 48, 
107, 87, -19, -97, 63, 34, -68, -78, -102, 82, -9, 48, 
112, 97, -14, -104, 63, 41, -78, -68, -97, 82, -19, 53, 
117, 102, -14, -109, 65, 43, -78, -68, -97, 82, -19, 53, 
122, 112, -9, -117, 65, 51, -78, -68, -97, 82, -19, 48, 
126, 122, -4, -124, 65, 58, -87, -68, -97, 87, -14, 48, 
136, 136, 0, -136, 68, 68, -97, -78, -107, 82, -14, 48, 
136, 141, 4, -139, 65, 73, -102, -78, -107, 87, -4, 58, 
141, 146, 4, -143, 68, 75, -107, -78, -107, 92, 0, 63, 
141, 151, 9, -146, 65, 80, -112, -87, -102, 107, 9, 73, 
141, 151, 9, -146, 65, 80, -117, -92, -87, 122, 14, 82, 
151, 161, 9, -156, 70, 85, -122, -97, -87, 126, 24, 82, 
151, 185, 34, -168, 58, 109, -136, -107, -87, 136, 29, 97, 
146, 185, 39, -165, 53, 112, -146, -117, -82, 141, 39, 102, 
141, 204, 63, -173, 39, 134, -156, -136, -82, 131, 29, 92, 
136, 209, 73, -173, 31, 141, -156, -151, -73, 131, 29, 92, 
136, 214, 78, -175, 29, 146, -156, -156, -68, 131, 29, 97, 
136, 224, 87, -180, 24, 156, -161, -165, -68, 131, 34, 102, 
126, 229, 102, -178, 12, 165, -156, -161, -63, 141, 39, 117, 
126, 229, 102, -178, 12, 165, -161, -165, -63, 146, 39, 122, 
126, 229, 102, -178, 12, 165, -161, -161, -63, 146, 43, 122, 
126, 229, 102, -178, 12, 165, -161, -156, -63, 151, 48, 122, 
126, 234, 107, -180, 9, 170, -156, -146, -73, 156, 43, 126, 
126, 234, 107, -180, 9, 170, -156, -146, -73, 156, 48, 126, 
126, 239, 112, -183, 7, 175, -156, -146, -78, 161, 48, 126, 
126, 234, 107, -180, 9, 170, -161, -146, -78, 161, 48, 126, 
136, 239, 102, -187, 17, 170, -161, -156, -87, 156, 58, 141, 
136, 248, 112, -192, 12, 180, -161, -151, -87, 156, 63, 146, 
136, 253, 117, -195, 9, 185, -161, -151, -92, 156, 63, 146, 
136, 253, 117, -195, 9, 185, -156, -151, -92, 146, 58, 146, 
136, 229, 92, -183, 21, 161, -141, -146, -102, 146, 53, 146, 
136, 214, 78, -175, 29, 146, -136, -136, -107, 146, 43, 146, 
136, 200, 63, -168, 36, 131, -131, -126, -112, 131, 34, 146, 
136, 185, 48, -161, 43, 117, -126, -117, -122, 126, 19, 136, 
126, 175, 48, -151, 39, 112, -117, -112, -122, 131, 19, 117, 
126, 175, 48, -151, 39, 112, -117, -112, -122, 131, 19, 117, 
126, 175, 48, -151, 39, 112, -112, -112, -126, 126, 24, 117, 
126, 175, 48, -151, 39, 112, -112, -107, -126, 122, 24, 117, 
122, 170, 48, -146, 36, 109, -102, -112, -131, 107, 19, 92, 
122, 161, 39, -141, 41, 100, -97, -107, -131, 107, 14, 82, 
112, 146, 34, -129, 39, 90, -87, -102, -136, 97, 4, 73, 
107, 122, 14, -114, 46, 68, -82, -92, -141, 82, -9, 48, 
102, 122, 19, -112, 41, 70, -73, -87, -131, 73, -24, 53, 
102, 112, 9, -107, 46, 61, -63, -87, -126, 73, -24, 48, 
102, 107, 4, -104, 48, 56, -58, -82, -126, 68, -29, 48, 
102, 87, -14, -95, 58, 36, -53, -78, -126, 68, -34, 53, 
97, 78, -19, -87, 58, 29, -48, -73, -141, 48, -43, 53, 
97, 63, -34, -80, 65, 14, -39, -68, -141, 48, -43, 48, 
97, 53, -43, -75, 70, 4, -39, -63, -141, 34, -48, 48, 
97, 43, -53, -70, 75, -4, -34, -58, -141, 19, -63, 43, 
82, 29, -53, -56, 68, -12, -29, -53, -141, 14, -53, 34, 
82, 14, -68, -48, 75, -26, -24, -53, -146, 19, -68, 19, 
82, 9, -73, -46, 78, -31, -24, -48, -151, 19, -73, 14, 
82, 4, -78, -43, 80, -36, -19, -48, -151, 24, -73, 4, 
78, -14, -92, -31, 85, -53, -19, -48, -161, 14, -92, -14, 
73, -19, -92, -26, 82, -56, -19, -48, -161, 9, -92, -14, 
63, -29, -92, -17, 78, -61, -19, -48, -161, 4, -92, -14, 
58, -43, -102, -7, 80, -73, -19, -43, -161, 4, -92, -14, 
43, -58, -102, 7, 73, -80, -19, -53, -161, -4, -102, -9, 
39, -63, -102, 12, 70, -82, -14, -53, -161, -4, -102, -19, 
34, -68, -102, 17, 68, -85, -14, -53, -161, -4, -102, -19, 
29, -82, -112, 26, 70, -97, -14, -53, -161, -4, -107, -9, 
29, -82, -112, 26, 70, -97, -19, -48, -161, -9, -117, -4, 
29, -87, -117, 29, 73, -102, -19, -48, -161, -14, -117, -4, 
29, -87, -117, 29, 73, -102, -19, -48, -161, -14, -122, -19, 
29, -87, -117, 29, 73, -102, -19, -48, -165, -14, -122, -19, 
29, -92, -122, 31, 75, -107, -29, -48, -170, -19, -122, -19, 
29, -92, -122, 31, 75, -107, -24, -48, -170, -19, -122, -19, 
29, -102, -131, 36, 80, -117, -24, -48, -165, -14, -122, -19, 
29, -107, -136, 39, 82, -122, -19, -48, -165, -14, -122, -19, 
34, -97, -131, 31, 82, -114, -29, -53, -175, -24, -122, -24, 
34, -102, -136, 34, 85, -119, -24, -53, -175, -29, -126, -29, 
34, -102, -136, 34, 85, -119, -24, -48, -175, -29, -126, -34, 
39, -107, -146, 34, 92, -126, -24, -43, -175, -29, -126, -43, 
34, -102, -136, 34, 85, -119, -14, -29, -175, -29, -131, -58, 
43, -112, -156, 34, 100, -134, -9, -4, -180, -14, -131, -82, 
43, -136, -180, 46, 112, -158, 4, 24, -175, -4, -117, -102, 
58, -151, -209, 46, 134, -180, 9, 58, -175, 24, -102, -126, 
78, -141, -219, 31, 148, -180, 19, 82, -185, 63, -87, -141, 
82, -122, -204, 19, 143, -163, 19, 97, -190, 112, -58, -122, 
102, -102, -204, 0, 153, -153, 14, 112, -195, 146, -14, -102, 
146, -92, -239, -26, 192, -165, 9, 131, -204, 180, 24, -92, 
185, -53, -239, -65, 212, -146, -9, 131, -219, 224, 73, -73, 
204, 14, -190, -109, 197, -87, -48, 117, -229, 273, 141, -19, 
214, 117, -97, -165, 156, 9, -82, 68, -229, 346, 234, 87, 
229, 253, 24, -241, 102, 139, -136, 0, -219, 409, 326, 224, 
258, 409, 151, -334, 53, 280, -219, -87, -229, 458, 444, 380, 
273, 580, 307, -427, -17, 444, -307, -175, -234, 502, 551, 551, 
287, 736, 448, -512, -80, 592, -380, -258, -244, 536, 634, 712, 
297, 897, 600, -597, -151, 749, -453, -346, -244, 566, 712, 873, 
307, 1068, 761, -688, -226, 915, -531, -439, -229, 629, 810, 1044, 
317, 1224, 907, -771, -295, 1066, -610, -546, -234, 678, 897, 1190, 
317, 1346, 1029, -832, -356, 1188, -678, -663, -234, 683, 951, 1312, 
312, 1429, 1117, -871, -402, 1273, -732, -751, -224, 653, 961, 1405, 
292, 1400, 1107, -846, -407, 1254, -722, -775, -200, 575, 897, 1415, 
248, 1263, 1015, -756, -383, 1139, -663, -751, -156, 453, 751, 1312, 
185, 1127, 941, -656, -378, 1034, -605, -722, -107, 351, 590, 1171, 
126, 1019, 893, -573, -383, 956, -556, -697, -82, 263, 448, 1044, 
68, 897, 829, -483, -380, 863, -488, -653, -58, 141, 292, 897, 
0, 736, 736, -368, -368, 736, -424, -605, -43, 43, 151, 732, 
-68, 585, 653, -258, -361, 619, -341, -536, -24, 0, 63, 561, 
-122, 434, 556, -156, -339, 495, -248, -468, 0, -4, -4, 395, 
-170, 278, 448, -53, -309, 363, -161, -400, 19, -24, -48, 244, 
-195, 161, 356, 17, -275, 258, -92, -341, 58, -29, -82, 131, 
-224, 48, 273, 87, -248, 161, -24, -287, 78, -43, -112, 43, 
-229, -43, 185, 136, -207, 70, 34, -229, 92, -97, -161, -34, 
-229, -131, 97, 180, -163, -17, 82, -165, 92, -165, -244, -82, 
-219, -244, -24, 231, -97, -134, 136, -78, 87, -258, -351, -151, 
-204, -361, -156, 283, -24, -258, 190, 14, 73, -341, -468, -229, 
-195, -400, -204, 297, 4, -302, 214, 73, 58, -375, -502, -253, 
-180, -380, -200, 280, 9, -290, 204, 78, 39, -375, -483, -239, 
-156, -361, -204, 258, 24, -283, 190, 92, 14, -370, -473, -234, 
-122, -361, -239, 241, 58, -300, 185, 107, -19, -351, -453, -253, 
-92, -346, -253, 219, 80, -300, 175, 107, -29, -317, -429, -253, 
-63, -336, -273, 200, 104, -305, 161, 112, -29, -287, -400, -248, 
-34, -312, -278, 173, 122, -295, 151, 112, -34, -258, -366, -229, 
-9, -273, -263, 141, 126, -268, 131, 107, -43, -219, -322, -190, 
4, -219, -224, 107, 114, -222, 102, 97, -43, -170, -268, -131, 
14, -180, -195, 82, 104, -187, 87, 87, -58, -117, -219, -92, 
14, -151, -165, 68, 90, -158, 73, 63, -63, -82, -195, -73, 
19, -126, -146, 53, 82, -136, 58, 43, -78, -63, -180, -68, 
19, -126, -146, 53, 82, -136, 58, 34, -87, -53, -170, -68, 
39, -131, -170, 46, 104, -151, 43, 34, -107, -48, -165, -73, 
68, -131, -200, 31, 134, -165, 39, 24, -112, -39, -170, -73, 
78, -131, -209, 26, 143, -170, 24, 14, -122, -29, -161, -73, 
87, -117, -204, 14, 146, -161, 19, 9, -126, -24, -156, -58, 
87, -87, -175, 0, 131, -131, 9, -4, -126, -14, -161, -43, 
82, -73, -156, -4, 119, -114, 9, -4, -122, -4, -146, -24, 
78, -68, -146, -4, 112, -107, 9, 4, -112, 0, -136, -19, 
68, -68, -136, 0, 102, -102, 9, 4, -112, 0, -131, -24, 
63, -68, -131, 2, 97, -100, 9, 9, -107, 0, -131, -29, 
58, -68, -126, 4, 92, -97, 9, 9, -102, 0, -136, -39, 
73, -78, -151, 2, 112, -114, 19, 19, -102, 9, -131, -29, 
73, -78, -151, 2, 112, -114, 19, 19, -102, 9, -126, -39, 
82, -78, -161, -2, 122, -119, 19, 19, -107, 9, -122, -39, 
82, -78, -161, -2, 122, -119, 19, 19, -112, 9, -112, -39, 
92, -78, -170, -7, 131, -124, 19, 9, -102, 29, -102, -24, 
97, -68, -165, -14, 131, -117, 14, 9, -107, 34, -97, -19, 
102, -63, -165, -19, 134, -114, 14, 4, -107, 34, -92, -19, 
102, -53, -156, -24, 129, -104, 14, 4, -107, 34, -82, -19, 
112, -63, -175, -24, 143, -119, 14, 14, -97, 24, -92, -9, 
112, -63, -175, -24, 143, -119, 14, 14, -97, 29, -97, -9, 
112, -63, -175, -24, 143, -119, 14, 14, -92, 29, -107, 0, 
112, -63, -175, -24, 143, -119, 14, 14, -92, 29, -112, 0, 
112, -63, -175, -24, 143, -119, 19, 14, -92, 19, -107, -4, 
117, -58, -175, -29, 146, -117, 19, 14, -92, 24, -102, -4, 
117, -53, -170, -31, 143, -112, 19, 9, -87, 29, -87, 4, 
117, -39, -156, -39, 136, -97, 19, 9, -87, 29, -82, 4, 
126, -14, -141, -56, 134, -78, 9, 4, -97, 29, -87, -4, 
126, 0, -126, -63, 126, -63, 4, -4, -102, 29, -87, -4, 
126, 9, -117, -68, 122, -53, -4, -9, -107, 29, -92, -24, 
126, 19, -107, -73, 117, -43, -9, -14, -112, 29, -102, -34, 
126, 14, -112, -70, 119, -48, -4, -9, -102, 39, -97, -24, 
122, 9, -112, -65, 117, -51, -4, -9, -102, 43, -92, -9, 
117, 0, -117, -58, 117, -58, -4, -9, -102, 48, -78, 0, 
117, -4, -122, -56, 119, -63, -4, -9, -102, 48, -73, 9, 
117, 4, -112, -61, 114, -53, -4, -9, -102, 43, -73, 24, 
117, 9, -107, -63, 112, -48, -9, -9, -102, 48, -73, 24, 
117, 9, -107, -63, 112, -48, -9, -14, -102, 48, -73, 24, 
117, 14, -102, -65, 109, -43, -9, -14, -102, 48, -73, 29, 
126, 24, -102, -75, 114, -39, -24, -4, -117, 58, -68, 19, 
131, 24, -107, -78, 119, -41, -24, -9, -117, 58, -68, 14, 
131, 29, -102, -80, 117, -36, -34, -9, -117, 58, -68, 4, 
131, 39, -92, -85, 112, -26, -34, -9, -117, 63, -68, 0, 
136, 34, -102, -85, 119, -34, -39, -9, -112, 63, -63, 4, 
136, 39, -97, -87, 117, -29, -39, -9, -112, 63, -58, 9, 
136, 43, -92, -90, 114, -24, -39, -14, -107, 68, -58, 14, 
136, 43, -92, -90, 114, -24, -39, -14, -102, 73, -58, 19, 
131, 39, -92, -85, 112, -26, -34, -14, -92, 78, -43, 14, 
131, 34, -97, -82, 114, -31, -34, -14, -87, 82, -39, 24, 
131, 34, -97, -82, 114, -31, -34, -19, -87, 87, -24, 29, 
131, 29, -102, -80, 117, -36, -34, -19, -87, 87, -19, 29, 
136, 19, -117, -78, 126, -48, -39, -24, -97, 87, -29, 39, 
146, 19, -126, -82, 136, -53, -39, -24, -97, 87, -29, 39, 
161, 29, -131, -95, 146, -51, -39, -24, -102, 97, -29, 39, 
165, 29, -136, -97, 151, -53, -39, -24, -102, 102, -24, 43, 
165, 39, -126, -102, 146, -43, -53, -19, -107, 92, -19, 43, 
165, 43, -122, -104, 143, -39, -53, -19, -112, 92, -14, 43, 
165, 53, -112, -109, 139, -29, -58, -24, -112, 97, -9, 43, 
165, 63, -102, -114, 134, -19, -58, -24, -117, 102, -4, 53, 
165, 58, -107, -112, 136, -24, -63, -24, -112, 102, 4, 58, 
161, 63, -97, -112, 129, -17, -68, -24, -112, 112, 4, 63, 
161, 68, -92, -114, 126, -12, -68, -34, -112, 112, 4, 68, 
165, 73, -92, -119, 129, -9, -73, -34, -122, 112, 9, 73, 
180, 87, -92, -134, 136, -2, -87, -34, -122, 112, 9, 73, 
180, 92, -87, -136, 134, 2, -87, -34, -122, 117, 14, 78, 
185, 102, -82, -143, 134, 9, -92, -34, -122, 122, 19, 78, 
190, 102, -87, -146, 139, 7, -97, -39, -122, 122, 24, 73, 
195, 112, -82, -153, 139, 14, -102, -48, -122, 126, 29, 78, 
204, 122, -82, -163, 143, 19, -112, -48, -126, 131, 29, 82, 
209, 141, -68, -175, 139, 36, -122, -48, -131, 131, 34, 82, 
214, 146, -68, -180, 141, 39, -131, -48, -136, 136, 39, 92, 
214, 151, -63, -183, 139, 43, -136, -48, -126, 146, 53, 97, 
219, 156, -63, -187, 141, 46, -141, -48, -126, 156, 58, 107, 
224, 165, -58, -195, 141, 53, -141, -48, -131, 165, 63, 112, 
229, 175, -53, -202, 141, 61, -146, -53, -136, 170, 68, 112, 
244, 175, -68, -209, 156, 53, -151, -58, -151, 156, 63, 136, 
253, 195, -58, -224, 156, 68, -156, -58, -156, 146, 63, 146, 
258, 209, -48, -234, 153, 80, -165, -58, -161, 141, 58, 161, 
263, 214, -48, -239, 156, 82, -165, -58, -165, 141, 58, 175, 
258, 209, -48, -234, 153, 80, -175, -58, -161, 151, 48, 175, 
268, 209, -58, -239, 163, 75, -185, -58, -165, 151, 58, 180, 
278, 224, -53, -251, 165, 85, -185, -63, -165, 151, 58, 185, 
278, 219, -58, -248, 168, 80, -190, -63, -170, 151, 63, 190, 
292, 219, -73, -256, 183, 73, -204, -68, -165, 151, 78, 180, 
297, 229, -68, -263, 183, 80, -204, -68, -165, 156, 78, 185, 
302, 234, -68, -268, 185, 82, -209, -68, -165, 156, 82, 190, 
307, 239, -68, -273, 187, 85, -214, -73, -165, 156, 87, 200, 
322, 258, -63, -290, 192, 97, -224, -82, -180, 146, 87, 204, 
331, 263, -68, -297, 200, 97, -229, -82, -185, 141, 87, 204, 
336, 263, -73, -300, 204, 95, -229, -82, -190, 141, 87, 209, 
336, 268, -68, -302, 202, 100, -229, -82, -195, 141, 87, 219, 
341, 283, -58, -312, 200, 112, -244, -97, -190, 136, 92, 219, 
341, 287, -53, -314, 197, 117, -248, -102, -190, 136, 92, 224, 
341, 302, -39, -322, 190, 131, -253, -102, -190, 136, 92, 224, 
341, 317, -24, -329, 183, 146, -258, -102, -190, 131, 92, 229, 
341, 317, -24, -329, 183, 146, -258, -107, -200, 131, 92, 229, 
341, 322, -19, -331, 180, 151, -253, -107, -200, 131, 87, 234, 
341, 322, -19, -331, 180, 151, -253, -107, -195, 131, 78, 239, 
341, 322, -19, -331, 180, 151, -253, -107, -195, 131, 73, 244, 
346, 322, -24, -334, 185, 148, -253, -107, -180, 131, 78, 253, 
346, 322, -24, -334, 185, 148, -253, -107, -180, 126, 82, 248, 
346, 326, -19, -336, 183, 153, -258, -112, -180, 126, 87, 248, 
346, 326, -19, -336, 183, 153, -258, -112, -180, 126, 92, 253, 
331, 322, -9, -326, 170, 156, -248, -102, -170, 136, 102, 258, 
326, 322, -4, -324, 165, 158, -244, -102, -165, 136, 102, 263, 
326, 317, -9, -322, 168, 153, -244, -102, -165, 136, 102, 263, 
317, 312, -4, -314, 161, 153, -244, -102, -165, 136, 97, 268, 
322, 307, -14, -314, 168, 146, -229, -102, -156, 136, 87, 258, 
317, 307, -9, -312, 163, 148, -229, -102, -151, 136, 87, 248, 
312, 302, -9, -307, 161, 146, -224, -102, -151, 136, 87, 248, 
302, 292, -9, -297, 156, 141, -224, -107, -146, 131, 82, 248, 
283, 273, -9, -278, 146, 131, -204, -102, -136, 141, 87, 244, 
268, 258, -9, -263, 139, 124, -200, -92, -126, 141, 87, 234, 
258, 248, -9, -253, 134, 119, -195, -87, -117, 141, 82, 229, 
253, 244, -9, -248, 131, 117, -190, -82, -107, 141, 87, 224, 
253, 239, -14, -246, 134, 112, -185, -87, -102, 131, 73, 214, 
253, 234, -19, -244, 136, 107, -180, -92, -97, 126, 68, 204, 
244, 214, -29, -229, 136, 92, -170, -97, -92, 122, 68, 195, 
239, 204, -34, -222, 136, 85, -165, -102, -87, 117, 68, 190, 
224, 200, -24, -212, 124, 87, -161, -92, -92, 112, 53, 175, 
219, 200, -19, -209, 119, 90, -161, -92, -87, 102, 53, 165, 
209, 200, -9, -204, 109, 95, -146, -92, -82, 102, 53, 161, 
204, 200, -4, -202, 104, 97, -146, -92, -78, 102, 43, 156, 
200, 200, 0, -200, 100, 100, -146, -92, -82, 112, 39, 146, 
195, 195, 0, -195, 97, 97, -141, -92, -78, 102, 34, 146, 
190, 190, 0, -190, 95, 95, -136, -87, -73, 102, 29, 141, 
185, 185, 0, -185, 92, 92, -136, -82, -68, 92, 29, 136, 
170, 170, 0, -170, 85, 85, -126, -82, -53, 92, 24, 131, 
165, 161, -4, -163, 85, 78, -126, -82, -53, 92, 14, 122, 
161, 156, -4, -158, 82, 75, -122, -82, -48, 92, 9, 117, 
156, 146, -9, -151, 82, 68, -122, -82, -48, 92, 4, 107, 
161, 122, -39, -141, 100, 41, -107, -82, -39, 92, 4, 107, 
156, 122, -34, -139, 95, 43, -102, -82, -39, 92, 0, 107, 
151, 117, -34, -134, 92, 41, -97, -82, -39, 82, -4, 107, 
146, 112, -34, -129, 90, 39, -92, -82, -29, 82, -4, 102, 
136, 107, -29, -122, 82, 39, -92, -78, -29, 87, -9, 97, 
131, 97, -34, -114, 82, 31, -92, -78, -24, 87, -14, 92, 
126, 97, -29, -112, 78, 34, -82, -73, -14, 87, -14, 92, 
126, 97, -29, -112, 78, 34, -82, -73, -14, 87, -14, 92, 
126, 112, -14, -119, 70, 48, -92, -73, -24, 82, -14, 82, 
131, 112, -19, -122, 75, 46, -92, -68, -24, 78, -19, 73, 
131, 107, -24, -119, 78, 41, -87, -68, -24, 78, -19, 73, 
126, 107, -19, -117, 73, 43, -87, -73, -19, 78, -19, 73, 
126, 102, -24, -114, 75, 39, -87, -63, -19, 78, -19, 68, 
122, 102, -19, -112, 70, 41, -82, -63, -19, 78, -24, 68, 
122, 102, -19, -112, 70, 41, -82, -63, -19, 73, -24, 68, 
122, 102, -19, -112, 70, 41, -82, -63, -14, 68, -29, 73, 
122, 102, -19, -112, 70, 41, -92, -63, -14, 78, -19, 73, 
117, 102, -14, -109, 65, 43, -87, -58, -9, 78, -19, 73, 
117, 102, -14, -109, 65, 43, -87, -58, -9, 78, -19, 73, 
117, 107, -9, -112, 63, 48, -92, -58, -9, 78, -19, 73, 
122, 107, -14, -114, 68, 46, -82, -58, -9, 68, -29, 82, 
122, 107, -14, -114, 68, 46, -78, -53, -9, 73, -29, 82, 
117, 107, -9, -112, 63, 48, -78, -53, -9, 73, -29, 78, 
117, 112, -4, -114, 61, 53, -78, -53, -9, 73, -29, 78, 
126, 107, -19, -117, 73, 43, -68, -53, -9, 73, -34, 73, 
126, 102, -24, -114, 75, 39, -68, -53, -14, 68, -34, 68, 
126, 107, -19, -117, 73, 43, -73, -53, -14, 63, -39, 58, 
126, 92, -34, -109, 80, 29, -73, -58, -9, 63, -39, 48, 
117, 87, -29, -102, 73, 29, -73, -48, -14, 73, -39, 53, 
122, 92, -29, -107, 75, 31, -73, -48, -14, 73, -34, 53, 
122, 97, -24, -109, 73, 36, -73, -48, -14, 68, -34, 53, 
122, 102, -19, -112, 70, 41, -78, -48, -14, 68, -29, 53, 
122, 102, -19, -112, 70, 41, -68, -58, -9, 82, -19, 58, 
117, 102, -14, -109, 65, 43, -63, -58, -9, 82, -19, 63, 
117, 87, -29, -102, 73, 29, -63, -53, -9, 82, -19, 68, 
122, 87, -34, -104, 78, 26, -63, -53, -9, 87, -14, 78, 
122, 87, -34, -104, 78, 26, -63, -43, 0, 87, -24, 87, 
122, 87, -34, -104, 78, 26, -58, -43, 0, 87, -29, 87, 
122, 78, -43, -100, 82, 17, -58, -43, 0, 87, -34, 82, 
122, 73, -48, -97, 85, 12, -58, -43, 0, 87, -34, 82, 
112, 73, -39, -92, 75, 17, -58, -43, 4, 87, -34, 82, 
112, 73, -39, -92, 75, 17, -58, -43, 4, 87, -29, 82, 
117, 73, -43, -95, 80, 14, -58, -43, 4, 87, -29, 82, 
117, 73, -43, -95, 80, 14, -58, -43, 4, 87, -29, 78, 
122, 87, -34, -104, 78, 26, -48, -43, -4, 87, -29, 68, 
122, 87, -34, -104, 78, 26, -48, -43, -4, 87, -29, 68, 
126, 87, -39, -107, 82, 24, -53, -43, -4, 87, -29, 68, 
126, 87, -39, -107, 82, 24, -53, -43, -4, 87, -24, 68, 
126, 97, -29, -112, 78, 34, -63, -53, -14, 87, -34, 63, 
126, 102, -24, -114, 75, 39, -63, -53, -14, 87, -39, 58, 
126, 102, -24, -114, 75, 39, -63, -53, -14, 87, -39, 53, 
126, 117, -9, -122, 68, 53, -63, -53, -14, 87, -39, 48, 
126, 122, -4, -124, 65, 58, -73, -63, -14, 87, -39, 43, 
126, 122, -4, -124, 65, 58, -73, -63, -14, 87, -39, 48, 
126, 122, -4, -124, 65, 58, -73, -63, -14, 87, -39, 48, 
126, 122, -4, -124, 65, 58, -73, -63, -19, 87, -39, 48, 
126, 112, -14, -119, 70, 48, -63, -53, -9, 87, -34, 58, 
126, 112, -14, -119, 70, 48, -63, -53, -9, 87, -24, 63, 
126, 112, -14, -119, 70, 48, -63, -53, -9, 92, -19, 68, 
126, 112, -14, -119, 70, 48, -63, -53, -9, 97, -14, 73, 
131, 102, -29, -117, 80, 36, -63, -53, 0, 107, -14, 87, 
131, 102, -29, -117, 80, 36, -63, -53, 0, 107, -14, 87, 
131, 102, -29, -117, 80, 36, -63, -53, 0, 107, -14, 92, 
131, 102, -29, -117, 80, 36, -63, -53, 0, 107, -14, 97, 
131, 112, -19, -122, 75, 46, -73, -53, -9, 97, -24, 92, 
131, 112, -19, -122, 75, 46, -73, -53, -9, 97, -24, 87, 
131, 112, -19, -122, 75, 46, -73, -53, -9, 97, -24, 82, 
131, 112, -19, -122, 75, 46, -73, -53, -9, 97, -24, 78, 
136, 102, -34, -119, 85, 34, -63, -63, -9, 107, -14, 63, 
136, 102, -34, -119, 85, 34, -63, -63, -14, 107, -9, 58, 
136, 107, -29, -122, 82, 39, -68, -63, -14, 107, -4, 48, 
136, 107, -29, -122, 82, 39, -68, -63, -14, 107, 0, 43, 
126, 97, -29, -112, 78, 34, -58, -48, 0, 112, 9, 63, 
126, 78, -48, -102, 87, 14, -58, -48, 0, 117, 9, 73, 
126, 63, -63, -95, 95, 0, -58, -48, 0, 122, 9, 82, 
126, 68, -58, -97, 92, 4, -58, -48, 0, 126, 9, 97, 
136, 87, -48, -112, 92, 19, -68, -53, -9, 122, -4, 87, 
131, 92, -39, -112, 85, 26, -68, -53, -14, 112, -9, 87, 
131, 97, -34, -114, 82, 31, -68, -53, -14, 107, -14, 87, 
131, 102, -29, -117, 80, 36, -68, -58, -14, 102, -19, 87, 
131, 112, -19, -122, 75, 46, -68, -58, -24, 107, -24, 78, 
131, 117, -14, -124, 73, 51, -68, -58, -24, 107, -24, 78, 
131, 122, -9, -126, 70, 56, -68, -58, -24, 107, -24, 78, 
131, 122, -9, -126, 70, 56, -68, -58, -24, 107, -19, 78, 
131, 112, -19, -122, 75, 46, -68, -58, -24, 97, -9, 78, 
131, 107, -24, -119, 78, 41, -68, -58, -19, 97, -9, 78, 
131, 107, -24, -119, 78, 41, -63, -53, -19, 97, -9, 78, 
131, 107, -24, -119, 78, 41, -63, -53, -19, 97, -9, 78, 
131, 117, -14, -124, 73, 51, -68, -53, -19, 97, 0, 78, 
131, 117, -14, -124, 73, 51, -68, -53, -19, 97, 0, 78, 
131, 112, -19, -122, 75, 46, -68, -53, -19, 97, -4, 78, 
131, 112, -19, -122, 75, 46, -68, -53, -19, 97, -4, 82, 
131, 107, -24, -119, 78, 41, -68, -53, -19, 107, -9, 92, 
131, 107, -24, -119, 78, 41, -68, -53, -19, 102, -9, 92, 
131, 107, -24, -119, 78, 41, -68, -53, -24, 102, -9, 92, 
131, 107, -24, -119, 78, 41, -68, -53, -24, 102, -9, 87, 
131, 102, -29, -117, 80, 36, -68, -43, -19, 102, -19, 87, 
131, 97, -34, -114, 82, 31, -68, -43, -19, 97, -19, 82, 
131, 97, -34, -114, 82, 31, -68, -43, -19, 97, -19, 82, 
131, 92, -39, -112, 85, 26, -68, -43, -19, 97, -19, 87, 
131, 102, -29, -117, 80, 36, -68, -43, -19, 97, -19, 78, 
131, 107, -24, -119, 78, 41, -68, -43, -19, 97, -19, 73, 
131, 107, -24, -119, 78, 41, -68, -43, -19, 97, -19, 73, 
131, 107, -24, -119, 78, 41, -68, -43, -19, 102, -24, 73, 
131, 97, -34, -114, 82, 31, -58, -43, -9, 92, -14, 63, 
131, 97, -34, -114, 82, 31, -58, -43, -9, 87, -19, 63, 
126, 97, -29, -112, 78, 34, -58, -43, -9, 87, -19, 63, 
126, 92, -34, -109, 80, 29, -58, -43, -9, 87, -19, 68, 
131, 92, -39, -112, 85, 26, -58, -34, -9, 87, -29, 73, 
131, 87, -43, -109, 87, 21, -58, -34, -9, 87, -29, 78, 
131, 87, -43, -109, 87, 21, -58, -29, -9, 87, -24, 78, 
131, 87, -43, -109, 87, 21, -58, -29, -9, 87, -24, 82, 
131, 97, -34, -114, 82, 31, -68, -39, -19, 78, -39, 78, 
131, 92, -39, -112, 85, 26, -63, -39, -19, 78, -39, 73, 
131, 87, -43, -109, 87, 21, -58, -39, -19, 68, -39, 63, 
131, 87, -43, -109, 87, 21, -58, -39, -19, 68, -39, 58, 
126, 87, -39, -107, 82, 24, -53, -29, -19, 78, -39, 68, 
126, 78, -48, -102, 87, 14, -53, -29, -19, 78, -34, 68, 
122, 73, -48, -97, 85, 12, -53, -29, -19, 78, -34, 68, 
122, 73, -48, -97, 85, 12, -53, -29, -19, 78, -29, 68, 
122, 82, -39, -102, 80, 21, -53, -29, -19, 78, -29, 73, 
122, 78, -43, -100, 82, 17, -53, -29, -19, 78, -29, 73, 
122, 78, -43, -100, 82, 17, -53, -29, -19, 78, -29, 78, 
122, 73, -48, -97, 85, 12, -53, -29, -19, 78, -29, 78, 
112, 73, -39, -92, 75, 17, -53, -39, -24, 78, -29, 78, 
112, 78, -34, -95, 73, 21, -53, -39, -24, 82, -29, 78, 
112, 78, -34, -95, 73, 21, -53, -39, -19, 82, -29, 78, 
112, 78, -34, -95, 73, 21, -48, -39, -19, 82, -29, 73, 
117, 87, -29, -102, 73, 29, -58, -39, -19, 68, -39, 68, 
117, 87, -29, -102, 73, 29, -58, -39, -19, 68, -39, 58, 
117, 82, -34, -100, 75, 24, -58, -39, -19, 68, -39, 53, 
117, 82, -34, -100, 75, 24, -58, -39, -19, 68, -39, 48, 
117, 73, -43, -95, 80, 14, -58, -29, -19, 73, -39, 58, 
117, 68, -48, -92, 82, 9, -58, -29, -19, 73, -39, 63, 
117, 58, -58, -87, 87, 0, -58, -29, -19, 78, -39, 63, 
117, 48, -68, -82, 92, -9, -58, -29, -19, 78, -39, 63, 
107, 58, -48, -82, 78, 4, -58, -39, -19, 68, -39, 73, 
107, 63, -43, -85, 75, 9, -58, -43, -24, 68, -39, 73, 
107, 63, -43, -85, 75, 9, -58, -43, -24, 68, -39, 73, 
107, 58, -48, -82, 78, 4, -58, -39, -19, 68, -39, 73, 
117, 58, -58, -87, 87, 0, -48, -39, -19, 78, -34, 73, 
117, 58, -58, -87, 87, 0, -48, -39, -19, 78, -34, 73, 
117, 58, -58, -87, 87, 0, -48, -39, -19, 78, -34, 73, 
117, 58, -58, -87, 87, 0, -48, -39, -19, 78, -34, 73, 
117, 58, -58, -87, 87, 0, -58, -48, -29, 68, -39, 68, 
117, 63, -53, -90, 85, 4, -58, -48, -29, 68, -43, 63, 
117, 68, -48, -92, 82, 9, -58, -48, -29, 68, -43, 58, 
122, 73, -48, -97, 85, 12, -53, -48, -29, 68, -48, 53, 
122, 63, -58, -92, 90, 2, -43, -39, -19, 68, -39, 63, 
122, 63, -58, -92, 90, 2, -43, -39, -19, 68, -39, 63, 
117, 63, -53, -90, 85, 4, -43, -39, -19, 68, -39, 63, 
117, 68, -48, -92, 82, 9, -43, -39, -24, 68, -39, 63, 
117, 68, -48, -92, 82, 9, -43, -48, -14, 78, -43, 73, 
117, 68, -48, -92, 82, 9, -48, -48, -14, 78, -43, 73, 
117, 68, -48, -92, 82, 9, -48, -48, -14, 78, -43, 73, 
117, 73, -43, -95, 80, 14, -48, -48, -14, 73, -43, 73, 
122, 87, -34, -104, 78, 26, -58, -48, -14, 63, -43, 63, 
122, 87, -34, -104, 78, 26, -58, -48, -19, 63, -43, 58, 
122, 87, -34, -104, 78, 26, -58, -48, -24, 63, -43, 53, 
122, 87, -34, -104, 78, 26, -58, -48, -29, 63, -43, 48, 
122, 87, -34, -104, 78, 26, -58, -39, -29, 73, -43, 63, 
122, 87, -34, -104, 78, 26, -58, -39, -29, 68, -43, 68, 
122, 87, -34, -104, 78, 26, -58, -39, -29, 68, -43, 73, 
122, 87, -34, -104, 78, 26, -58, -39, -29, 73, -43, 78, 
122, 78, -43, -100, 82, 17, -58, -29, -19, 73, -43, 68, 
122, 78, -43, -100, 82, 17, -58, -29, -19, 73, -43, 63, 
122, 78, -43, -100, 82, 17, -58, -29, -19, 73, -39, 58, 
117, 78, -39, -97, 78, 19, -58, -29, -19, 73, -39, 53, 
107, 68, -39, -87, 73, 14, -48, -29, -19, 82, -29, 63, 
107, 68, -39, -87, 73, 14, -48, -29, -19, 82, -29, 63, 
107, 68, -39, -87, 73, 14, -48, -29, -19, 82, -29, 58, 
107, 68, -39, -87, 73, 14, -48, -29, -19, 82, -29, 58, 
107, 78, -29, -92, 68, 24, -58, -39, -19, 73, -39, 63, 
107, 78, -29, -92, 68, 24, -58, -39, -19, 73, -39, 63, 
107, 78, -29, -92, 68, 24, -58, -39, -19, 68, -39, 63, 
112, 78, -34, -95, 73, 21, -58, -39, -19, 68, -43, 63, 
112, 78, -34, -95, 73, 21, -58, -39, -19, 68, -43, 63, 
107, 68, -39, -87, 73, 14, -58, -39, -19, 73, -39, 63, 
107, 68, -39, -87, 73, 14, -58, -34, -19, 73, -39, 63, 
107, 68, -39, -87, 73, 14, -53, -34, -19, 73, -39, 63, 
117, 63, -53, -90, 85, 4, -53, -34, -9, 78, -39, 73, 
117, 63, -53, -90, 85, 4, -53, -34, -9, 78, -39, 73, 
117, 63, -53, -90, 85, 4, -53, -34, -9, 78, -48, 73, 
117, 68, -48, -92, 82, 9, -53, -34, -9, 78, -48, 73, 
107, 68, -39, -87, 73, 14, -43, -24, -4, 78, -48, 63, 
112, 63, -48, -87, 80, 7, -43, -24, -4, 78, -48, 63, 
112, 58, -53, -85, 82, 2, -43, -24, -4, 78, -48, 63, 
112, 58, -53, -85, 82, 2, -43, -24, -4, 78, -43, 63, 
112, 58, -53, -85, 82, 2, -43, -24, -4, 78, -43, 63, 
112, 63, -48, -87, 80, 7, -43, -24, -4, 78, -43, 58, 
112, 63, -48, -87, 80, 7, -43, -24, -4, 78, -43, 58, 
117, 63, -53, -90, 85, 4, -43, -24, -4, 78, -43, 63, 
107, 53, -53, -80, 80, 0, -43, -24, -4, 73, -29, 63, 
107, 53, -53, -80, 80, 0, -43, -24, -4, 73, -29, 63, 
107, 53, -53, -80, 80, 0, -43, -24, -4, 73, -29, 63, 
107, 53, -53, -80, 80, 0, -43, -34, -4, 78, -29, 63, 
102, 68, -34, -85, 68, 17, -53, -34, -14, 78, -39, 63, 
102, 78, -24, -90, 63, 26, -53, -34, -14, 78, -39, 63, 
107, 82, -24, -95, 65, 29, -53, -34, -14, 78, -39, 63, 
107, 92, -14, -100, 61, 39, -53, -34, -14, 78, -39, 68, 
112, 102, -9, -107, 61, 46, -53, -43, -24, 58, -48, 58, 
112, 107, -4, -109, 58, 51, -53, -34, -24, 48, -58, 58, 
107, 87, -19, -97, 63, 34, -39, -39, -29, 58, -58, 58, 
97, 82, -14, -90, 56, 34, -39, -29, -19, 68, -53, 68, 
97, 78, -19, -87, 58, 29, -39, -29, -19, 68, -48, 68, 
97, 73, -24, -85, 61, 24, -39, -29, -19, 68, -43, 68, 
97, 68, -29, -82, 63, 19, -39, -29, -19, 68, -39, 68, 
107, 58, -48, -82, 78, 4, -39, -29, -19, 68, -48, 68, 
107, 58, -48, -82, 78, 4, -39, -29, -19, 68, -48, 68, 
107, 58, -48, -82, 78, 4, -39, -29, -19, 68, -48, 68, 
107, 58, -48, -82, 78, 4, -39, -29, -19, 68, -48, 68, 
107, 48, -58, -78, 82, -4, -39, -29, -9, 68, -39, 58, 
107, 48, -58, -78, 82, -4, -39, -29, -9, 68, -39, 58, 
107, 48, -58, -78, 82, -4, -39, -29, -9, 68, -39, 58, 
107, 48, -58, -78, 82, -4, -39, -29, -9, 68, -39, 58, 
97, 53, -43, -75, 70, 4, -39, -29, -19, 68, -39, 53, 
97, 58, -39, -78, 68, 9, -39, -29, -19, 68, -39, 48, 
97, 63, -34, -80, 65, 14, -39, -29, -19, 68, -39, 43, 
97, 68, -29, -82, 63, 19, -39, -29, -19, 68, -39, 39, 
107, 68, -39, -87, 73, 14, -48, -29, -19, 68, -48, 39, 
107, 68, -39, -87, 73, 14, -48, -29, -19, 68, -48, 39, 
107, 68, -39, -87, 73, 14, -48, -29, -19, 68, -48, 39, 
107, 68, -39, -87, 73, 14, -48, -29, -19, 68, -48, 39, 
107, 78, -29, -92, 68, 24, -48, -39, -19, 58, -48, 48, 
107, 78, -29, -92, 68, 24, -48, -39, -19, 58, -48, 48, 
107, 78, -29, -92, 68, 24, -48, -39, -19, 58, -48, 48, 
107, 78, -29, -92, 68, 24, -48, -39, -19, 58, -48, 48, 
107, 63, -43, -85, 75, 9, -39, -29, -9, 68, -39, 58, 
107, 58, -48, -82, 78, 4, -39, -29, -9, 68, -39, 58, 
107, 53, -53, -80, 80, 0, -39, -29, -9, 68, -39, 58, 
107, 48, -58, -78, 82, -4, -39, -29, -9, 68, -39, 58, 
97, 58, -39, -78, 68, 9, -39, -29, -9, 68, -39, 58, 
97, 58, -39, -78, 68, 9, -39, -29, -9, 68, -39, 58, 
97, 58, -39, -78, 68, 9, -39, -29, -9, 68, -39, 58, 
97, 58, -39, -78, 68, 9, -39, -29, -9, 68, -39, 58, 
97, 63, -34, -80, 65, 14, -39, -29, 0, 78, -48, 68, 
97, 68, -29, -82, 63, 19, -39, -29, 0, 78, -48, 68, 
97, 73, -24, -85, 61, 24, -39, -29, 0, 78, -48, 68, 
97, 78, -19, -87, 58, 29, -39, -29, 0, 78, -48, 68, 
107, 68, -39, -87, 73, 14, -39, -29, -9, 68, -48, 68, 
107, 68, -39, -87, 73, 14, -39, -29, -9, 68, -48, 68, 
107, 68, -39, -87, 73, 14, -39, -29, -9, 68, -48, 68, 
107, 68, -39, -87, 73, 14, -39, -29, -9, 68, -48, 68, 
107, 78, -29, -92, 68, 24, -39, -39, -9, 68, -39, 58, 
107, 78, -29, -92, 68, 24, -39, -39, -9, 68, -39, 58, 
107, 78, -29, -92, 68, 24, -39, -39, -9, 68, -39, 58, 
107, 78, -29, -92, 68, 24, -39, -39, -9, 68, -39, 58, 
107, 82, -24, -95, 65, 29, -48, -48, -19, 58, -48, 48, 
107, 87, -19, -97, 63, 34, -48, -48, -19, 58, -48, 48, 
107, 92, -14, -100, 61, 39, -48, -48, -19, 58, -48, 48, 
107, 97, -9, -102, 58, 43, -48, -48, -19, 58, -48, 48, 
117, 87, -29, -102, 73, 29, -39, -48, -9, 58, -48, 43, 
117, 87, -29, -102, 73, 29, -39, -48, -9, 58, -48, 39, 
117, 87, -29, -102, 73, 29, -39, -48, -9, 58, -48, 34, 
117, 87, -29, -102, 73, 29, -39, -48, -9, 58, -48, 29, 
107, 82, -24, -95, 65, 29, -39, -48, 0, 58, -39, 43, 
107, 78, -29, -92, 68, 24, -39, -48, 0, 58, -39, 48, 
107, 73, -34, -90, 70, 19, -39, -48, 0, 58, -39, 53, 
107, 68, -39, -87, 73, 14, -39, -48, 0, 58, -39, 58, 
107, 68, -39, -87, 73, 14, -39, -48, 0, 68, -39, 68, 
107, 68, -39, -87, 73, 14, -39, -48, 0, 68, -39, 68, 
107, 68, -39, -87, 73, 14, -39, -48, 0, 68, -39, 68, 
107, 68, -39, -87, 73, 14, -39, -48, 0, 68, -39, 68, 
117, 58, -58, -87, 87, 0, -29, -39, 0, 68, -48, 58, 
117, 58, -58, -87, 87, 0, -29, -39, 0, 68, -48, 58, 
117, 58, -58, -87, 87, 0, -29, -39, 0, 68, -48, 58, 
117, 58, -58, -87, 87, 0, -29, -39, 0, 68, -48, 58, 
107, 63, -43, -85, 75, 9, -39, -48, 0, 58, -58, 58, 
107, 68, -39, -87, 73, 14, -39, -48, 0, 58, -58, 58, 
107, 73, -34, -90, 70, 19, -39, -48, 0, 58, -58, 58, 
107, 78, -29, -92, 68, 24, -39, -48, 0, 58, -58, 58, 
107, 68, -39, -87, 73, 14, -39, -48, 9, 68, -48, 58, 
107, 68, -39, -87, 73, 14, -39, -48, 9, 68, -48, 58, 
107, 68, -39, -87, 73, 14, -39, -48, 9, 68, -48, 58, 
107, 68, -39, -87, 73, 14, -39, -48, 9, 68, -48, 58, 
107, 58, -48, -82, 78, 4, -39, -48, 9, 68, -39, 48, 
107, 58, -48, -82, 78, 4, -39, -48, 9, 68, -39, 48, 
107, 58, -48, -82, 78, 4, -39, -48, 9, 68, -39, 48, 
107, 58, -48, -82, 78, 4, -39, -48, 9, 68, -39, 48, 
107, 68, -39, -87, 73, 14, -29, -58, 9, 58, -39, 58, 
107, 68, -39, -87, 73, 14, -29, -58, 9, 58, -39, 58, 
107, 68, -39, -87, 73, 14, -29, -58, 9, 58, -39, 58, 
107, 68, -39, -87, 73, 14, -29, -58, 9, 58, -39, 58, 
107, 73, -34, -90, 70, 19, -29, -58, 0, 58, -48, 58, 
107, 78, -29, -92, 68, 24, -29, -58, 0, 58, -48, 58, 
107, 82, -24, -95, 65, 29, -29, -58, 0, 58, -48, 58, 
107, 87, -19, -97, 63, 34, -29, -58, 0, 58, -48, 58, 
107, 78, -29, -92, 68, 24, -29, -68, 0, 58, -48, 58, 
107, 78, -29, -92, 68, 24, -29, -68, 0, 58, -48, 58, 
107, 78, -29, -92, 68, 24, -29, -68, 0, 58, -48, 58, 
107, 78, -29, -92, 68, 24, -29, -68, 0, 58, -48, 58, 
117, 82, -34, -100, 75, 24, -34, -68, 9, 68, -48, 58, 
117, 87, -29, -102, 73, 29, -39, -68, 9, 68, -48, 58, 
117, 92, -24, -104, 70, 34, -43, -68, 9, 68, -48, 58, 
117, 97, -19, -107, 68, 39, -48, -68, 9, 68, -48, 58, 
122, 87, -34, -104, 78, 26, -48, -68, 14, 82, -39, 73, 
122, 92, -29, -107, 75, 31, -53, -68, 19, 87, -34, 78, 
117, 97, -19, -107, 68, 39, -53, -73, 29, 97, -29, 82, 
117, 107, -9, -112, 63, 48, -63, -73, 39, 107, -19, 92, 
122, 126, 4, -124, 58, 65, -68, -78, 29, 107, -19, 92, 
122, 131, 9, -126, 56, 70, -68, -78, 34, 107, -19, 92, 
122, 136, 14, -129, 53, 75, -68, -78, 34, 107, -19, 92, 
126, 141, 14, -134, 56, 78, -68, -78, 34, 102, -19, 97, 
126, 146, 19, -136, 53, 82, -68, -68, 43, 102, -9, 87, 
131, 151, 19, -141, 56, 85, -78, -68, 48, 102, -9, 92, 
136, 151, 14, -143, 61, 82, -78, -68, 48, 102, -9, 92, 
141, 156, 14, -148, 63, 85, -78, -68, 48, 102, -9, 87, 
156, 170, 14, -163, 70, 92, -87, -78, 39, 117, -4, 97, 
156, 175, 19, -165, 68, 97, -87, -78, 39, 122, -4, 97, 
156, 180, 24, -168, 65, 102, -92, -78, 39, 126, 4, 107, 
161, 185, 24, -173, 68, 104, -97, -78, 39, 131, 9, 112, 
151, 180, 29, -165, 61, 104, -112, -87, 43, 146, 19, 122, 
151, 190, 39, -170, 56, 114, -117, -92, 48, 151, 24, 131, 
161, 200, 39, -180, 61, 119, -122, -97, 48, 156, 34, 131, 
161, 224, 63, -192, 48, 143, -136, -107, 48, 165, 39, 146, 
146, 214, 68, -180, 39, 141, -136, -117, 58, 180, 53, 141, 
141, 224, 82, -183, 29, 153, -136, -126, 73, 180, 58, 141, 
136, 229, 92, -183, 21, 161, -136, -141, 87, 180, 63, 141, 
136, 234, 97, -185, 19, 165, -136, -146, 97, 180, 68, 146, 
136, 244, 107, -190, 14, 175, -141, -156, 97, 180, 73, 161, 
136, 253, 117, -195, 9, 185, -146, -156, 92, 190, 78, 165, 
136, 258, 122, -197, 7, 190, -151, -165, 92, 195, 78, 170, 
136, 263, 126, -200, 4, 195, -151, -165, 92, 195, 82, 170, 
146, 268, 122, -207, 12, 195, -151, -165, 82, 190, 82, 170, 
146, 278, 131, -212, 7, 204, -156, -165, 82, 195, 82, 180, 
146, 283, 136, -214, 4, 209, -156, -165, 82, 195, 82, 185, 
146, 292, 146, -219, 0, 219, -156, -165, 78, 200, 78, 190, 
146, 292, 146, -219, 0, 219, -161, -165, 68, 190, 68, 185, 
146, 292, 146, -219, 0, 219, -161, -165, 68, 195, 68, 190, 
146, 297, 151, -222, -2, 224, -161, -161, 68, 195, 73, 195, 
146, 297, 151, -222, -2, 224, -161, -161, 63, 195, 73, 195, 
146, 287, 141, -217, 2, 214, -146, -161, 63, 195, 78, 185, 
146, 273, 126, -209, 9, 200, -141, -161, 53, 195, 78, 175, 
146, 258, 112, -202, 17, 185, -136, -156, 48, 195, 73, 175, 
146, 244, 97, -195, 24, 170, -131, -151, 43, 180, 68, 175, 
146, 239, 92, -192, 26, 165, -131, -146, 34, 165, 58, 165, 
146, 234, 87, -190, 29, 161, -126, -141, 24, 161, 53, 156, 
146, 239, 92, -192, 26, 165, -131, -141, 24, 161, 48, 156, 
146, 244, 97, -195, 24, 170, -131, -141, 19, 156, 48, 156, 
146, 253, 107, -200, 19, 180, -131, -146, 19, 141, 43, 161, 
141, 239, 97, -190, 21, 168, -122, -141, 14, 136, 39, 156, 
141, 229, 87, -185, 26, 158, -117, -136, 14, 136, 34, 156, 
131, 214, 82, -173, 24, 148, -107, -131, 9, 126, 24, 156, 
117, 190, 73, -153, 21, 131, -92, -112, 14, 122, 0, 126, 
112, 180, 68, -146, 21, 124, -82, -107, 14, 112, -4, 117, 
112, 170, 58, -141, 26, 114, -73, -107, 19, 112, -4, 107, 
112, 165, 53, -139, 29, 109, -68, -102, 19, 107, -9, 102, 
112, 136, 24, -124, 43, 80, -63, -87, 29, 107, -4, 102, 
107, 126, 19, -117, 43, 73, -58, -82, 24, 97, -14, 92, 
107, 112, 4, -109, 51, 58, -48, -78, 24, 97, -14, 87, 
107, 102, -4, -104, 56, 48, -48, -73, 24, 82, -19, 87, 
117, 82, -34, -100, 75, 24, -43, -68, 24, 78, -24, 92, 
112, 73, -39, -92, 75, 17, -39, -63, 24, 68, -24, 87, 
112, 63, -48, -87, 80, 7, -34, -63, 19, 68, -39, 78, 
112, 63, -48, -87, 80, 7, -34, -58, 14, 63, -43, 78, 
102, 68, -34, -85, 68, 17, -29, -58, 4, 63, -34, 68, 
102, 68, -34, -85, 68, 17, -29, -58, -4, 63, -43, 53, 
102, 73, -29, -87, 65, 21, -29, -58, -4, 58, -43, 48, 
97, 73, -24, -85, 61, 24, -29, -58, -4, 53, -43, 43, 
107, 78, -29, -92, 68, 24, -29, -63, -4, 53, -53, 53, 
107, 82, -24, -95, 65, 29, -29, -63, -4, 53, -53, 48, 
107, 87, -19, -97, 63, 34, -24, -63, -4, 53, -53, 39, 
107, 92, -14, -100, 61, 39, -24, -63, -4, 53, -53, 39, 
107, 78, -29, -92, 68, 24, -14, -53, 4, 43, -68, 58, 
107, 73, -34, -90, 70, 19, -9, -48, 4, 39, -68, 63, 
107, 63, -43, -85, 75, 9, -9, -48, 4, 34, -68, 63, 
107, 58, -48, -82, 78, 4, -9, -48, 4, 34, -73, 48, 
107, 43, -63, -75, 85, -9, -9, -43, 9, 43, -63, 48, 
107, 43, -63, -75, 85, -9, -9, -39, 4, 39, -63, 48, 
107, 39, -68, -73, 87, -14, -4, -34, 4, 39, -63, 48, 
107, 24, -82, -65, 95, -29, -4, -29, 9, 43, -63, 48, 
107, 24, -82, -65, 95, -29, -9, -39, 0, 43, -73, 39, 
102, 29, -73, -65, 87, -21, -9, -34, 0, 43, -73, 39, 
102, 29, -73, -65, 87, -21, -4, -34, 0, 39, -78, 39, 
102, 34, -68, -68, 85, -17, -4, -29, 0, 39, -78, 39, 
97, 29, -68, -63, 82, -19, 4, -34, 0, 39, -78, 53, 
112, 14, -97, -63, 104, -41, 4, -19, 0, 39, -82, 48, 
112, 4, -107, -58, 109, -51, 9, -4, 4, 43, -82, 34, 
112, -9, -122, -51, 117, -65, 14, 14, 0, 53, -78, 24, 
126, -14, -141, -56, 134, -78, 19, 39, 0, 63, -73, 9, 
136, -14, -151, -61, 143, -82, 29, 63, -9, 92, -68, -14, 
151, -14, -165, -68, 158, -90, 29, 97, -14, 122, -39, -43, 
161, -4, -165, -78, 163, -85, 34, 122, -19, 165, -4, -43, 
185, 14, -170, -100, 178, -78, 19, 131, -29, 200, 34, -34, 
214, 43, -170, -129, 192, -63, 9, 151, -43, 244, 73, -14, 
244, 82, -161, -163, 202, -39, -9, 146, -63, 283, 122, 9, 
263, 146, -117, -204, 190, 14, -34, 126, -73, 336, 195, 48, 
278, 253, -24, -265, 151, 114, -78, 68, -63, 390, 287, 136, 
297, 400, 102, -348, 97, 251, -141, -9, -53, 458, 385, 283, 
322, 561, 239, -441, 41, 400, -229, -87, -68, 502, 483, 453, 
346, 707, 361, -527, -7, 534, -302, -180, -78, 546, 585, 634, 
356, 849, 492, -602, -68, 671, -385, -258, -78, 575, 663, 795, 
375, 1010, 634, -692, -129, 822, -463, -351, -82, 619, 751, 956, 
385, 1176, 790, -780, -202, 983, -541, -439, -68, 688, 849, 1112, 
395, 1317, 922, -856, -263, 1119, -610, -536, -58, 732, 932, 1254, 
390, 1429, 1039, -910, -324, 1234, -673, -644, -58, 741, 990, 1366, 
390, 1498, 1107, -944, -358, 1302, -722, -746, -53, 712, 1005, 1444, 
375, 1478, 1102, -927, -363, 1290, -712, -780, -29, 629, 917, 1439, 
322, 1351, 1029, -836, -353, 1190, -663, -761, 0, 497, 775, 1327, 
244, 1224, 980, -734, -368, 1102, -595, -736, 43, 409, 634, 1200, 
185, 1112, 927, -649, -370, 1019, -536, -702, 68, 317, 488, 1073, 
117, 980, 863, -549, -373, 922, -473, -663, 92, 209, 336, 927, 
48, 810, 761, -429, -356, 785, -400, -605, 112, 107, 200, 766, 
-14, 649, 663, -317, -339, 656, -307, -536, 146, 73, 112, 600, 
-63, 483, 546, -209, -305, 514, -219, -458, 175, 63, 58, 448, 
-117, 336, 453, -109, -285, 395, -131, -390, 204, 39, 4, 297, 
-146, 224, 370, -39, -258, 297, -63, -346, 224, 24, -43, 180, 
-170, 131, 302, 19, -236, 217, -4, -297, 248, 9, -82, 92, 
-180, 63, 244, 58, -212, 153, 53, -244, 248, -39, -136, 34, 
-170, -19, 151, 95, -161, 65, 97, -175, 244, -112, -214, -4, 
-165, -126, 39, 146, -102, -43, 151, -92, 239, -204, -322, -63, 
-156, -234, -78, 195, -39, -156, 204, 4, 224, -287, -414, -146, 
-151, -273, -122, 212, -14, -197, 224, 58, 204, -317, -444, -190, 
-136, -273, -136, 204, 0, -204, 219, 82, 190, -312, -424, -195, 
-102, -263, -161, 183, 29, -212, 214, 87, 165, -302, -405, -195, 
-63, -248, -185, 156, 61, -217, 195, 87, 136, -287, -390, -195, 
-34, -229, -195, 131, 80, -212, 180, 92, 126, -258, -370, -190, 
-4, -204, -200, 104, 97, -202, 170, 102, 112, -219, -346, -170, 
19, -185, -204, 82, 112, -195, 151, 97, 102, -190, -322, -141, 
34, -151, -185, 58, 109, -168, 131, 87, 92, -161, -278, -112, 
43, -102, -146, 29, 95, -124, 107, 78, 78, -107, -219, -73, 
53, -43, -97, -4, 75, -70, 82, 63, 73, -63, -175, -24, 
48, -9, -58, -19, 53, -34, 68, 43, 68, -34, -141, 9, 
58, 9, -48, -34, 53, -19, 58, 24, 58, -14, -131, 9, 
68, 4, -63, -36, 65, -29, 53, 14, 39, -9, -117, -4, 
78, 14, -63, -46, 70, -24, 48, 4, 34, 0, -102, -14, 
107, 14, -92, -61, 100, -39, 34, -4, 24, 9, -92, -14, 
126, 19, -107, -73, 117, -43, 19, -19, 9, 24, -87, -9, 
126, 19, -107, -73, 117, -43, 9, -24, 9, 34, -82, -14, 
122, 34, -87, -78, 104, -26, 9, -34, 4, 43, -87, -14, 
112, 39, -73, -75, 92, -17, 9, -24, 4, 48, -73, 9, 
107, 39, -68, -73, 87, -14, 9, -24, 4, 48, -63, 14, 
107, 39, -68, -73, 87, -14, 9, -19, 9, 48, -58, 19, 
107, 39, -68, -73, 87, -14, 9, -19, 14, 48, -58, 19, 
112, 39, -73, -75, 92, -17, 9, -19, 14, 48, -68, 24, 
112, 39, -73, -75, 92, -17, 9, -19, 14, 48, -68, 19, 
122, 39, -82, -80, 102, -21, 9, -19, 9, 48, -68, 24, 
122, 39, -82, -80, 102, -21, 9, -19, 4, 48, -63, 29, 
122, 39, -82, -80, 102, -21, 0, -29, 4, 48, -73, 24, 
126, 48, -78, -87, 102, -14, -4, -29, 0, 53, -68, 29, 
131, 53, -78, -92, 104, -12, -4, -34, 0, 53, -63, 29, 
131, 63, -68, -97, 100, -2, -4, -34, 0, 53, -53, 29, 
122, 58, -63, -90, 92, -2, 4, -34, 9, 53, -48, 29, 
122, 53, -68, -87, 95, -7, 4, -34, 9, 58, -48, 29, 
122, 48, -73, -85, 97, -12, 4, -34, 14, 58, -53, 39, 
122, 43, -78, -82, 100, -17, 4, -34, 14, 58, -53, 39, 
122, 29, -92, -75, 107, -31, 0, -24, 14, 63, -48, 24, 
126, 29, -97, -78, 112, -34, 0, -24, 14, 73, -43, 24, 
126, 29, -97, -78, 112, -34, 0, -29, 19, 82, -29, 34, 
126, 39, -87, -82, 107, -24, 0, -29, 19, 87, -24, 34, 
136, 48, -87, -92, 112, -19, -4, -29, 14, 78, -34, 43, 
136, 58, -78, -97, 107, -9, -4, -34, 14, 78, -29, 53, 
136, 63, -73, -100, 104, -4, -9, -34, 14, 78, -29, 43, 
136, 68, -68, -102, 102, 0, -9, -34, 14, 78, -34, 43, 
141, 87, -53, -114, 97, 17, -14, -39, 4, 78, -34, 53, 
141, 87, -53, -114, 97, 17, -14, -39, 4, 82, -34, 58, 
141, 82, -58, -112, 100, 12, -14, -39, 4, 87, -24, 58, 
146, 82, -63, -114, 104, 9, -14, -39, 4, 87, -24, 58, 
146, 73, -73, -109, 109, 0, -4, -39, 14, 92, -14, 53, 
146, 78, -68, -112, 107, 4, -9, -39, 14, 97, -14, 53, 
146, 78, -68, -112, 107, 4, -9, -43, 14, 97, -14, 53, 
146, 82, -63, -114, 104, 9, -9, -43, 14, 97, -14, 58, 
146, 82, -63, -114, 104, 9, -14, -34, 9, 97, 0, 63, 
151, 82, -68, -117, 109, 7, -14, -39, 9, 97, 0, 63, 
151, 87, -63, -119, 107, 12, -24, -39, 9, 97, 0, 58, 
151, 97, -53, -124, 102, 21, -24, -39, 9, 102, 0, 58, 
165, 112, -53, -139, 109, 29, -29, -48, 0, 102, 0, 58, 
165, 117, -48, -141, 107, 34, -29, -48, -4, 102, 0, 58, 
165, 122, -43, -143, 104, 39, -29, -53, -4, 107, -4, 58, 
165, 122, -43, -143, 104, 39, -29, -53, -4, 112, -9, 58, 
161, 122, -39, -141, 100, 41, -34, -53, -4, 117, -9, 53, 
161, 122, -39, -141, 100, 41, -34, -53, 0, 122, -9, 63, 
161, 126, -34, -143, 97, 46, -34, -58, 0, 126, 0, 68, 
161, 126, -34, -143, 97, 46, -34, -58, 0, 126, 0, 68, 
161, 117, -43, -139, 102, 36, -39, -53, 0, 126, 0, 78, 
165, 117, -48, -141, 107, 34, -39, -53, 0, 126, 0, 78, 
175, 126, -48, -151, 112, 39, -39, -53, -4, 136, 0, 78, 
175, 126, -48, -151, 112, 39, -39, -53, -4, 141, 4, 82, 
165, 107, -58, -136, 112, 24, -34, -48, 4, 141, 9, 92, 
165, 102, -63, -134, 114, 19, -34, -48, 4, 141, 14, 92, 
165, 102, -63, -134, 114, 19, -39, -53, 9, 146, 19, 92, 
165, 102, -63, -134, 114, 19, -39, -53, 9, 151, 24, 102, 
170, 112, -58, -141, 114, 26, -53, -53, -4, 141, 14, 92, 
170, 122, -48, -146, 109, 36, -58, -53, -4, 151, 14, 92, 
175, 131, -43, -153, 109, 43, -58, -63, -4, 151, 14, 92, 
185, 141, -43, -163, 114, 48, -63, -63, -14, 151, 19, 92, 
200, 156, -43, -178, 122, 56, -68, -63, -14, 161, 29, 97, 
200, 161, -39, -180, 119, 61, -68, -63, -14, 165, 34, 107, 
204, 170, -34, -187, 119, 68, -73, -63, -14, 170, 39, 112, 
209, 170, -39, -190, 124, 65, -78, -68, -14, 170, 43, 112, 
214, 165, -48, -190, 131, 58, -78, -63, -19, 185, 58, 126, 
224, 170, -53, -197, 139, 58, -82, -58, -19, 190, 58, 131, 
229, 185, -43, -207, 136, 70, -87, -53, -19, 190, 63, 131, 
234, 185, -48, -209, 141, 68, -92, -48, -19, 195, 68, 141, 
234, 195, -39, -214, 136, 78, -107, -48, -29, 190, 63, 136, 
239, 204, -34, -222, 136, 85, -112, -48, -29, 195, 68, 146, 
244, 219, -24, -231, 134, 97, -112, -48, -34, 200, 73, 151, 
248, 234, -14, -241, 131, 109, -117, -53, -39, 200, 78, 151, 
263, 244, -19, -253, 141, 112, -131, -68, -53, 190, 78, 161, 
273, 263, -9, -268, 141, 126, -136, -68, -58, 185, 82, 156, 
278, 278, 0, -278, 139, 139, -146, -68, -63, 185, 82, 156, 
283, 283, 0, -283, 141, 141, -146, -68, -68, 190, 87, 156, 
278, 292, 14, -285, 131, 153, -146, -68, -63, 190, 87, 161, 
287, 297, 9, -292, 139, 153, -156, -68, -68, 190, 97, 170, 
297, 317, 19, -307, 139, 168, -156, -73, -68, 190, 97, 180, 
297, 317, 19, -307, 139, 168, -161, -73, -73, 190, 102, 190, 
302, 312, 9, -307, 146, 161, -165, -68, -78, 200, 107, 190, 
307, 317, 9, -312, 148, 163, -165, -68, -78, 204, 107, 195, 
312, 317, 4, -314, 153, 161, -170, -68, -78, 204, 112, 200, 
317, 317, 0, -317, 158, 158, -175, -73, -78, 204, 117, 209, 
331, 317, -14, -324, 173, 151, -185, -73, -92, 204, 117, 219, 
341, 322, -19, -331, 180, 151, -190, -73, -97, 200, 117, 224, 
346, 322, -24, -334, 185, 148, -190, -73, -102, 200, 117, 234, 
346, 326, -19, -336, 183, 153, -190, -73, -107, 200, 117, 248, 
351, 326, -24, -339, 187, 151, -195, -68, -112, 204, 131, 258, 
351, 326, -24, -339, 187, 151, -200, -73, -112, 204, 131, 263, 
351, 336, -14, -344, 183, 161, -204, -73, -112, 204, 131, 263, 
351, 346, -4, -348, 178, 170, -209, -73, -112, 200, 131, 268, 
361, 346, -14, -353, 187, 165, -219, -78, -112, 190, 136, 268, 
361, 351, -9, -356, 185, 170, -214, -78, -112, 190, 136, 273, 
361, 351, -9, -356, 185, 170, -214, -78, -107, 190, 131, 278, 
361, 351, -9, -356, 185, 170, -214, -78, -107, 190, 131, 283, 
356, 361, 4, -358, 175, 183, -214, -87, -112, 190, 122, 283, 
356, 361, 4, -358, 175, 183, -214, -87, -112, 185, 122, 278, 
356, 366, 9, -361, 173, 187, -219, -92, -112, 185, 122, 278, 
356, 366, 9, -361, 173, 187, -219, -92, -112, 185, 122, 283, 
351, 375, 24, -363, 163, 200, -219, -92, -112, 185, 122, 283, 
346, 380, 34, -363, 156, 207, -214, -92, -107, 185, 122, 283, 
346, 380, 34, -363, 156, 207, -214, -92, -107, 185, 122, 278, 
336, 380, 43, -358, 146, 212, -214, -92, -107, 185, 117, 278, 
322, 375, 53, -348, 134, 214, -200, -102, -107, 185, 126, 278, 
317, 375, 58, -346, 129, 217, -200, -102, -102, 185, 126, 268, 
312, 370, 58, -341, 126, 214, -195, -102, -102, 185, 126, 268, 
302, 361, 58, -331, 122, 209, -195, -107, -97, 180, 122, 268, 
302, 356, 53, -329, 124, 204, -185, -97, -82, 180, 122, 273, 
287, 346, 58, -317, 114, 202, -180, -92, -78, 180, 117, 263, 
278, 341, 63, -309, 107, 202, -175, -92, -73, 180, 107, 258, 
273, 341, 68, -307, 102, 204, -170, -92, -68, 180, 107, 253, 
263, 336, 73, -300, 95, 204, -165, -102, -63, 175, 102, 234, 
263, 331, 68, -297, 97, 200, -161, -102, -58, 175, 97, 224, 
253, 312, 58, -283, 97, 185, -151, -102, -53, 175, 97, 214, 
248, 302, 53, -275, 97, 178, -146, -102, -48, 175, 97, 209, 
234, 302, 68, -268, 82, 185, -141, -102, -43, 180, 102, 195, 
229, 297, 68, -263, 80, 183, -141, -102, -39, 170, 102, 185, 
219, 292, 73, -256, 73, 183, -126, -102, -34, 170, 102, 180, 
214, 287, 73, -251, 70, 180, -126, -102, -29, 170, 92, 175, 
200, 273, 73, -236, 63, 173, -117, -102, -14, 170, 97, 185, 
195, 263, 68, -229, 63, 165, -112, -102, -9, 161, 92, 185, 
190, 253, 63, -222, 63, 158, -107, -97, -4, 161, 87, 180, 
185, 244, 58, -214, 63, 151, -107, -92, 0, 151, 87, 175, 
180, 239, 58, -209, 61, 148, -97, -92, 4, 151, 78, 161, 
175, 229, 53, -202, 61, 141, -97, -92, 4, 151, 63, 151, 
170, 224, 53, -197, 58, 139, -92, -92, 9, 151, 53, 146, 
165, 214, 48, -190, 58, 131, -92, -92, 9, 151, 43, 136, 
151, 204, 53, -178, 48, 129, -87, -82, 9, 151, 43, 126, 
146, 209, 63, -178, 41, 136, -82, -82, 9, 151, 39, 126, 
141, 209, 68, -175, 36, 139, -78, -82, 9, 141, 34, 126, 
136, 209, 73, -173, 31, 141, -73, -82, 19, 141, 34, 122, 
136, 195, 58, -165, 39, 126, -63, -87, 19, 146, 39, 117, 
131, 185, 53, -158, 39, 119, -63, -87, 24, 146, 34, 112, 
126, 185, 58, -156, 34, 122, -53, -82, 34, 146, 34, 112, 
126, 185, 58, -156, 34, 122, -53, -82, 34, 146, 34, 112, 
117, 180, 63, -148, 26, 122, -63, -82, 24, 141, 34, 112, 
122, 180, 58, -151, 31, 119, -63, -78, 24, 136, 29, 102, 
122, 175, 53, -148, 34, 114, -58, -78, 24, 136, 29, 102, 
117, 175, 58, -146, 29, 117, -58, -82, 29, 136, 29, 102, 
117, 180, 63, -148, 26, 122, -68, -92, 39, 136, 19, 107, 
112, 180, 68, -146, 21, 124, -63, -92, 39, 136, 14, 107, 
112, 180, 68, -146, 21, 124, -63, -92, 39, 131, 14, 107, 
112, 180, 68, -146, 21, 124, -63, -92, 43, 126, 9, 112, 
112, 175, 63, -143, 24, 119, -53, -92, 43, 136, 19, 102, 
107, 170, 63, -139, 21, 117, -48, -87, 48, 136, 19, 102, 
107, 165, 58, -136, 24, 112, -48, -87, 48, 136, 19, 102, 
107, 165, 58, -136, 24, 112, -53, -87, 48, 136, 19, 102, 
112, 175, 63, -143, 24, 119, -63, -97, 48, 126, 9, 102, 
112, 175, 63, -143, 24, 119, -58, -92, 48, 131, 9, 102, 
107, 175, 68, -141, 19, 122, -58, -92, 48, 131, 9, 97, 
107, 180, 73, -143, 17, 126, -58, -92, 48, 131, 9, 97, 
97, 170, 73, -134, 12, 122, -48, -92, 48, 131, 14, 107, 
97, 170, 73, -134, 12, 122, -48, -92, 43, 126, 14, 107, 
97, 180, 82, -139, 7, 131, -53, -92, 43, 122, 9, 102, 
97, 170, 73, -134, 12, 122, -53, -97, 48, 122, 9, 97, 
107, 170, 63, -139, 21, 117, -53, -87, 43, 131, 9, 92, 
112, 170, 58, -141, 26, 114, -53, -87, 43, 131, 14, 92, 
112, 170, 58, -141, 26, 114, -53, -87, 43, 126, 14, 92, 
112, 170, 58, -141, 26, 114, -58, -87, 43, 126, 19, 92, 
112, 180, 68, -146, 21, 124, -58, -87, 58, 131, 9, 92, 
107, 180, 73, -143, 17, 126, -53, -87, 58, 131, 9, 92, 
107, 165, 58, -136, 24, 112, -53, -82, 58, 131, 9, 92, 
112, 165, 53, -139, 29, 109, -53, -82, 58, 136, 14, 97, 
112, 175, 63, -143, 24, 119, -53, -82, 58, 136, 14, 97, 
112, 175, 63, -143, 24, 119, -48, -82, 58, 136, 9, 97, 
112, 165, 53, -139, 29, 109, -48, -82, 58, 136, 4, 92, 
112, 161, 48, -136, 31, 104, -48, -82, 58, 136, 4, 92, 
102, 161, 58, -131, 21, 109, -48, -82, 63, 136, 4, 82, 
102, 161, 58, -131, 21, 109, -48, -82, 63, 136, 9, 82, 
107, 161, 53, -134, 26, 107, -48, -82, 63, 136, 9, 82, 
107, 161, 53, -134, 26, 107, -48, -82, 63, 136, 9, 78, 
102, 175, 73, -139, 14, 124, -48, -82, 63, 136, 19, 78, 
102, 175, 73, -139, 14, 124, -48, -82, 63, 136, 19, 78, 
107, 175, 68, -141, 19, 122, -53, -82, 63, 136, 19, 78, 
107, 175, 68, -141, 19, 122, -53, -82, 63, 136, 24, 78, 
117, 165, 48, -141, 34, 107, -53, -92, 73, 146, 24, 87, 
117, 170, 53, -143, 31, 112, -53, -92, 73, 146, 19, 87, 
117, 170, 53, -143, 31, 112, -53, -92, 73, 146, 19, 87, 
117, 185, 68, -151, 24, 126, -53, -92, 73, 146, 19, 87, 
117, 180, 63, -148, 26, 122, -53, -82, 73, 146, 19, 82, 
117, 180, 63, -148, 26, 122, -53, -82, 73, 146, 19, 87, 
117, 180, 63, -148, 26, 122, -53, -82, 73, 146, 19, 87, 
117, 180, 63, -148, 26, 122, -53, -82, 68, 146, 19, 87, 
107, 180, 73, -143, 17, 126, -53, -82, 68, 146, 19, 82, 
107, 180, 73, -143, 17, 126, -53, -82, 68, 146, 24, 82, 
107, 180, 73, -143, 17, 126, -53, -82, 68, 151, 24, 82, 
107, 180, 73, -143, 17, 126, -53, -82, 68, 156, 24, 82, 
122, 180, 58, -151, 31, 119, -53, -82, 78, 156, 34, 87, 
122, 180, 58, -151, 31, 119, -53, -82, 78, 156, 34, 87, 
122, 180, 58, -151, 31, 119, -53, -82, 78, 156, 34, 92, 
122, 180, 58, -151, 31, 119, -53, -82, 78, 156, 34, 97, 
122, 180, 58, -151, 31, 119, -53, -82, 78, 156, 29, 97, 
122, 180, 58, -151, 31, 119, -53, -82, 78, 156, 24, 97, 
122, 180, 58, -151, 31, 119, -53, -82, 78, 156, 19, 97, 
122, 180, 58, -151, 31, 119, -53, -82, 78, 156, 14, 97, 
126, 185, 58, -156, 34, 122, -53, -92, 78, 146, 19, 107, 
126, 190, 63, -158, 31, 126, -53, -92, 73, 146, 19, 107, 
126, 200, 73, -163, 26, 136, -58, -92, 73, 146, 19, 102, 
126, 204, 78, -165, 24, 141, -58, -92, 73, 146, 19, 102, 
126, 209, 82, -168, 21, 146, -68, -97, 68, 146, 19, 97, 
126, 204, 78, -165, 24, 141, -68, -97, 68, 146, 19, 92, 
126, 204, 78, -165, 24, 141, -68, -97, 68, 146, 19, 87, 
126, 224, 97, -175, 14, 161, -68, -97, 68, 146, 19, 87, 
126, 219, 92, -173, 17, 156, -68, -92, 78, 156, 29, 87, 
122, 219, 97, -170, 12, 158, -68, -92, 73, 151, 29, 87, 
122, 219, 97, -170, 12, 158, -68, -92, 73, 151, 29, 87, 
122, 219, 97, -170, 12, 158, -68, -97, 73, 151, 29, 87, 
112, 214, 102, -163, 4, 158, -68, -97, 73, 156, 24, 97, 
112, 214, 102, -163, 4, 158, -68, -97, 73, 156, 24, 97, 
112, 214, 102, -163, 4, 158, -68, -97, 73, 156, 24, 97, 
112, 209, 97, -161, 7, 153, -68, -97, 73, 156, 29, 97, 
112, 214, 102, -163, 4, 158, -68, -97, 73, 146, 29, 97, 
112, 214, 102, -163, 4, 158, -68, -97, 78, 146, 29, 97, 
112, 219, 107, -165, 2, 163, -63, -92, 78, 146, 29, 97, 
112, 224, 112, -168, 0, 168, -63, -92, 78, 146, 29, 97, 
112, 224, 112, -168, 0, 168, -78, -102, 78, 136, 19, 87, 
112, 224, 112, -168, 0, 168, -78, -102, 78, 136, 19, 87, 
112, 219, 107, -165, 2, 163, -78, -102, 78, 136, 14, 87, 
112, 219, 107, -165, 2, 163, -78, -102, 78, 136, 14, 92, 
112, 209, 97, -161, 7, 153, -68, -92, 82, 141, 19, 92, 
112, 204, 92, -158, 9, 148, -68, -92, 87, 141, 19, 92, 
112, 200, 87, -156, 12, 143, -68, -92, 87, 146, 19, 92, 
112, 195, 82, -153, 14, 139, -68, -92, 92, 151, 19, 87, 
112, 200, 87, -156, 12, 143, -68, -102, 87, 141, 19, 87, 
112, 204, 92, -158, 9, 148, -68, -102, 87, 136, 19, 82, 
112, 214, 102, -163, 4, 158, -68, -102, 87, 136, 19, 82, 
112, 219, 107, -165, 2, 163, -68, -102, 87, 136, 19, 87, 
112, 229, 117, -170, -2, 173, -68, -102, 87, 136, 29, 87, 
112, 234, 122, -173, -4, 178, -68, -102, 87, 136, 29, 82, 
112, 234, 122, -173, -4, 178, -68, -102, 87, 136, 29, 82, 
112, 234, 122, -173, -4, 178, -68, -102, 87, 141, 24, 82, 
112, 224, 112, -168, 0, 168, -58, -92, 87, 131, 24, 92, 
112, 224, 112, -168, 0, 168, -58, -92, 87, 126, 19, 92, 
107, 224, 117, -165, -4, 170, -58, -92, 87, 126, 19, 92, 
107, 219, 112, -163, -2, 165, -58, -92, 87, 126, 19, 97, 
112, 209, 97, -161, 7, 153, -58, -92, 87, 136, 19, 97, 
112, 204, 92, -158, 9, 148, -58, -92, 87, 136, 19, 97, 
112, 204, 92, -158, 9, 148, -58, -87, 87, 136, 24, 92, 
112, 204, 92, -158, 9, 148, -58, -87, 87, 136, 24, 92, 
102, 214, 112, -158, -4, 163, -68, -97, 97, 136, 19, 92, 
102, 209, 107, -156, -2, 158, -63, -97, 97, 136, 19, 92, 
102, 204, 102, -153, 0, 153, -58, -97, 97, 126, 19, 87, 
102, 204, 102, -153, 0, 153, -58, -97, 97, 126, 19, 87, 
107, 204, 97, -156, 4, 151, -63, -97, 107, 126, 14, 82, 
107, 195, 87, -151, 9, 141, -63, -97, 107, 126, 14, 78, 
102, 190, 87, -146, 7, 139, -63, -97, 107, 126, 9, 73, 
102, 190, 87, -146, 7, 139, -63, -97, 107, 126, 9, 68, 
102, 200, 97, -151, 2, 148, -63, -87, 107, 126, 9, 78, 
102, 195, 92, -148, 4, 143, -63, -87, 107, 126, 9, 82, 
102, 195, 92, -148, 4, 143, -63, -87, 107, 126, 9, 92, 
102, 190, 87, -146, 7, 139, -63, -87, 107, 126, 9, 97, 
102, 190, 87, -146, 7, 139, -53, -97, 92, 126, 19, 97, 
102, 195, 92, -148, 4, 143, -53, -97, 92, 131, 19, 97, 
102, 195, 92, -148, 4, 143, -53, -97, 97, 131, 19, 97, 
102, 195, 92, -148, 4, 143, -48, -97, 97, 131, 19, 92, 
97, 185, 87, -141, 4, 136, -48, -87, 97, 126, 9, 82, 
97, 185, 87, -141, 4, 136, -48, -87, 97, 126, 9, 78, 
97, 180, 82, -139, 7, 131, -48, -87, 97, 126, 9, 78, 
97, 180, 82, -139, 7, 131, -48, -87, 97, 126, 9, 78, 
97, 195, 97, -146, 0, 146, -58, -87, 97, 122, 9, 87, 
97, 195, 97, -146, 0, 146, -58, -87, 97, 122, 9, 92, 
97, 190, 92, -143, 2, 141, -58, -87, 97, 126, 9, 92, 
97, 185, 87, -141, 4, 136, -58, -87, 97, 126, 9, 92, 
97, 204, 107, -151, -4, 156, -68, -92, 87, 117, 9, 92, 
97, 219, 122, -158, -12, 170, -68, -102, 82, 117, 9, 92, 
97, 229, 131, -163, -17, 180, -68, -107, 82, 117, 9, 92, 
97, 234, 136, -165, -19, 185, -68, -107, 87, 117, 9, 92, 
107, 234, 126, -170, -9, 180, -68, -97, 87, 117, 4, 82, 
107, 234, 126, -170, -9, 180, -68, -97, 87, 117, 4, 82, 
107, 234, 126, -170, -9, 180, -68, -97, 87, 117, 4, 82, 
107, 234, 126, -170, -9, 180, -68, -97, 87, 117, 4, 82, 
97, 214, 117, -156, -9, 165, -63, -87, 92, 117, 4, 82, 
97, 209, 112, -153, -7, 161, -58, -87, 97, 117, 4, 82, 
97, 204, 107, -151, -4, 156, -53, -87, 102, 117, 9, 82, 
102, 200, 97, -151, 2, 148, -43, -87, 107, 117, 9, 82, 
102, 200, 97, -151, 2, 148, -48, -87, 107, 107, 0, 82, 
102, 200, 97, -151, 2, 148, -53, -87, 107, 107, 0, 82, 
97, 200, 102, -148, -2, 151, -58, -87, 107, 107, 0, 82, 
97, 204, 107, -151, -4, 156, -63, -87, 102, 107, 0, 82, 
97, 204, 107, -151, -4, 156, -63, -87, 112, 117, 4, 92, 
97, 204, 107, -151, -4, 156, -68, -87, 112, 117, 4, 92, 
97, 204, 107, -151, -4, 156, -68, -87, 112, 117, 4, 92, 
97, 209, 112, -153, -7, 161, -68, -87, 112, 112, 4, 92, 
92, 204, 112, -148, -9, 158, -58, -87, 117, 122, 14, 78, 
92, 204, 112, -148, -9, 158, -58, -87, 117, 122, 14, 78, 
92, 204, 112, -148, -9, 158, -58, -87, 117, 122, 14, 78, 
92, 204, 112, -148, -9, 158, -58, -87, 117, 122, 14, 78, 
92, 195, 102, -143, -4, 148, -58, -78, 117, 131, 24, 68, 
92, 195, 102, -143, -4, 148, -58, -78, 117, 126, 24, 68, 
92, 195, 102, -143, -4, 148, -58, -78, 117, 126, 24, 68, 
92, 195, 102, -143, -4, 148, -58, -78, 117, 131, 24, 68, 
97, 204, 107, -151, -4, 156, -58, -78, 107, 122, 14, 78, 
102, 204, 102, -153, 0, 153, -58, -78, 107, 122, 14, 82, 
107, 204, 97, -156, 4, 151, -58, -78, 107, 122, 19, 87, 
107, 204, 97, -156, 4, 151, -58, -78, 107, 122, 19, 92, 
97, 214, 117, -156, -9, 165, -58, -78, 117, 122, 19, 82, 
97, 214, 117, -156, -9, 165, -58, -78, 117, 122, 19, 82, 
97, 214, 117, -156, -9, 165, -58, -78, 117, 122, 19, 78, 
97, 214, 117, -156, -9, 165, -58, -78, 117, 122, 19, 78, 
87, 214, 126, -151, -19, 170, -58, -78, 107, 112, 9, 82, 
87, 214, 126, -151, -19, 170, -58, -78, 107, 112, 9, 82, 
87, 214, 126, -151, -19, 170, -58, -78, 107, 107, 9, 82, 
92, 214, 122, -153, -14, 168, -58, -78, 107, 107, 4, 82, 
102, 214, 112, -158, -4, 163, -58, -78, 117, 117, 4, 82, 
97, 204, 107, -151, -4, 156, -58, -78, 117, 122, 9, 82, 
97, 204, 107, -151, -4, 156, -58, -73, 117, 122, 9, 82, 
97, 204, 107, -151, -4, 156, -53, -73, 117, 122, 9, 82, 
97, 214, 117, -156, -9, 165, -63, -82, 107, 117, 9, 73, 
97, 219, 122, -158, -12, 170, -63, -82, 107, 117, 9, 73, 
97, 224, 126, -161, -14, 175, -63, -82, 107, 117, 0, 73, 
97, 234, 136, -165, -19, 185, -63, -82, 107, 117, 0, 73, 
92, 229, 136, -161, -21, 183, -63, -82, 122, 126, 4, 82, 
92, 219, 126, -156, -17, 173, -63, -82, 122, 126, 9, 82, 
87, 209, 122, -148, -17, 165, -63, -82, 122, 126, 14, 82, 
82, 204, 122, -143, -19, 163, -63, -82, 122, 126, 24, 82, 
82, 195, 112, -139, -14, 153, -63, -82, 112, 126, 14, 82, 
82, 200, 117, -141, -17, 158, -63, -82, 112, 126, 14, 78, 
82, 200, 117, -141, -17, 158, -63, -82, 112, 126, 14, 78, 
87, 200, 112, -143, -12, 156, -63, -82, 112, 126, 14, 82, 
97, 200, 102, -148, -2, 151, -63, -82, 112, 122, 14, 92, 
97, 200, 102, -148, -2, 151, -63, -82, 112, 122, 9, 92, 
97, 200, 102, -148, -2, 151, -63, -82, 112, 122, 4, 92, 
97, 200, 102, -148, -2, 151, -63, -92, 112, 126, 0, 92, 
92, 204, 112, -148, -9, 158, -73, -92, 112, 117, 9, 82, 
92, 214, 122, -153, -14, 168, -73, -92, 112, 117, 9, 82, 
97, 219, 122, -158, -12, 170, -73, -92, 112, 117, 9, 82, 
97, 229, 131, -163, -17, 180, -73, -92, 112, 117, 9, 87, 
73, 209, 136, -141, -31, 173, -63, -92, 122, 117, 19, 97, 
73, 204, 131, -139, -29, 168, -63, -92, 131, 126, 19, 87, 
97, 224, 126, -161, -14, 175, -68, -97, 126, 126, 19, 78, 
97, 224, 126, -161, -14, 175, -78, -97, 122, 126, 9, 68, 
97, 224, 126, -161, -14, 175, -78, -97, 117, 126, 9, 68, 
97, 224, 126, -161, -14, 175, -78, -97, 112, 126, 9, 68, 
97, 224, 126, -161, -14, 175, -78, -97, 107, 126, 9, 68, 
87, 219, 131, -153, -21, 175, -68, -97, 117, 126, 19, 78, 
87, 214, 126, -151, -19, 170, -68, -97, 117, 126, 19, 78, 
87, 209, 122, -148, -17, 165, -68, -97, 117, 126, 19, 78, 
87, 204, 117, -146, -14, 161, -68, -97, 117, 126, 19, 78, 
87, 214, 126, -151, -19, 170, -68, -97, 117, 126, 19, 87, 
87, 214, 126, -151, -19, 170, -68, -97, 117, 126, 19, 87, 
87, 214, 126, -151, -19, 170, -68, -97, 117, 126, 19, 87, 
87, 214, 126, -151, -19, 170, -68, -97, 117, 126, 19, 87, 
97, 224, 126, -161, -14, 175, -68, -107, 117, 117, 9, 87, 
97, 224, 126, -161, -14, 175, -68, -107, 117, 117, 9, 87, 
97, 224, 126, -161, -14, 175, -68, -107, 117, 117, 9, 87, 
97, 224, 126, -161, -14, 175, -68, -107, 117, 117, 9, 87, 
87, 234, 146, -161, -29, 190, -78, -107, 117, 117, 9, 87, 
87, 234, 146, -161, -29, 190, -78, -107, 117, 117, 9, 87, 
87, 234, 146, -161, -29, 190, -78, -107, 117, 117, 9, 87, 
87, 234, 146, -161, -29, 190, -78, -107, 117, 117, 9, 87, 
87, 234, 146, -161, -29, 190, -68, -97, 126, 117, 19, 97, 
87, 234, 146, -161, -29, 190, -68, -97, 126, 117, 19, 97, 
87, 234, 146, -161, -29, 190, -68, -97, 126, 117, 19, 97, 
87, 234, 146, -161, -29, 190, -68, -97, 126, 117, 19, 97, 
97, 224, 126, -161, -14, 175, -68, -97, 126, 126, 19, 87, 
97, 224, 126, -161, -14, 175, -68, -97, 126, 126, 19, 87, 
97, 224, 126, -161, -14, 175, -68, -97, 126, 126, 19, 87, 
97, 224, 126, -161, -14, 175, -68, -97, 126, 126, 19, 87, 
87, 224, 136, -156, -24, 180, -68, -97, 136, 126, 29, 78, 
87, 224, 136, -156, -24, 180, -68, -97, 136, 126, 29, 78, 
87, 224, 136, -156, -24, 180, -68, -97, 136, 126, 29, 78, 
87, 224, 136, -156, -24, 180, -68, -97, 136, 126, 29, 78, 
97, 229, 131, -163, -17, 180, -78, -97, 126, 117, 19, 87, 
97, 234, 136, -165, -19, 185, -78, -97, 126, 117, 19, 87, 
97, 239, 141, -168, -21, 190, -78, -97, 126, 117, 19, 87, 
97, 244, 146, -170, -24, 195, -78, -97, 126, 117, 19, 87, 
107, 229, 122, -168, -7, 175, -78, -97, 126, 126, 19, 87, 
107, 224, 117, -165, -4, 170, -78, -97, 126, 126, 19, 87, 
107, 219, 112, -163, -2, 165, -78, -97, 126, 126, 19, 87, 
107, 214, 107, -161, 0, 161, -78, -97, 126, 126, 19, 87, 
97, 214, 117, -156, -9, 165, -68, -87, 136, 136, 9, 87, 
97, 214, 117, -156, -9, 165, -68, -87, 136, 136, 9, 87, 
97, 214, 117, -156, -9, 165, -68, -87, 136, 136, 9, 87, 
97, 214, 117, -156, -9, 165, -68, -87, 136, 136, 9, 87, 
107, 229, 122, -168, -7, 175, -78, -97, 126, 131, 19, 87, 
107, 234, 126, -170, -9, 180, -78, -97, 126, 126, 19, 87, 
107, 239, 131, -173, -12, 185, -78, -97, 126, 122, 19, 87, 
107, 244, 136, -175, -14, 190, -78, -97, 126, 117, 19, 87, 
107, 239, 131, -173, -12, 185, -78, -97, 126, 126, 19, 97, 
107, 234, 126, -170, -9, 180, -78, -97, 126, 126, 19, 97, 
107, 229, 122, -168, -7, 175, -78, -97, 126, 126, 19, 97, 
107, 224, 117, -165, -4, 170, -78, -97, 126, 126, 19, 97, 
117, 224, 107, -170, 4, 165, -78, -97, 136, 126, 9, 87, 
117, 224, 107, -170, 4, 165, -78, -97, 136, 126, 9, 87, 
117, 224, 107, -170, 4, 165, -78, -97, 136, 126, 9, 87, 
117, 224, 107, -170, 4, 165, -78, -97, 136, 126, 9, 87, 
117, 239, 122, -178, -2, 180, -87, -102, 126, 117, 9, 82, 
117, 244, 126, -180, -4, 185, -87, -107, 126, 117, 9, 78, 
117, 248, 131, -183, -7, 190, -87, -112, 126, 117, 9, 73, 
117, 253, 136, -185, -9, 195, -87, -117, 126, 117, 9, 68, 
117, 263, 146, -190, -14, 204, -87, -117, 136, 122, 19, 68, 
117, 263, 146, -190, -14, 204, -87, -117, 136, 126, 19, 68, 
117, 263, 146, -190, -14, 204, -87, -117, 136, 131, 19, 68, 
117, 263, 146, -190, -14, 204, -87, -117, 136, 136, 19, 68, 
126, 273, 146, -200, -9, 209, -97, -117, 136, 136, 24, 78, 
126, 273, 146, -200, -9, 209, -97, -117, 136, 136, 29, 78, 
126, 273, 146, -200, -9, 209, -97, -117, 136, 136, 34, 78, 
126, 273, 146, -200, -9, 209, -97, -117, 136, 136, 39, 78, 
126, 263, 136, -195, -4, 200, -97, -107, 141, 146, 39, 92, 
126, 263, 136, -195, -4, 200, -97, -107, 146, 146, 39, 97, 
131, 263, 131, -197, 0, 197, -97, -107, 151, 156, 39, 112, 
131, 268, 136, -200, -2, 202, -102, -107, 156, 156, 43, 117, 
126, 268, 141, -197, -7, 204, -92, -112, 161, 151, 39, 126, 
126, 273, 146, -200, -9, 209, -102, -112, 165, 156, 48, 131, 
131, 278, 146, -204, -7, 212, -107, -117, 165, 161, 48, 131, 
131, 278, 146, -204, -7, 212, -107, -117, 170, 165, 48, 131, 
141, 283, 141, -212, 0, 212, -107, -117, 161, 170, 48, 126, 
146, 287, 141, -217, 2, 214, -107, -117, 161, 170, 48, 126, 
146, 292, 146, -219, 0, 219, -107, -117, 161, 170, 58, 122, 
151, 297, 146, -224, 2, 222, -117, -117, 165, 170, 58, 122, 
146, 302, 156, -224, -4, 229, -126, -126, 156, 170, 58, 112, 
151, 312, 161, -231, -4, 236, -126, -126, 156, 170, 58, 107, 
156, 322, 165, -239, -4, 244, -136, -126, 156, 175, 63, 107, 
156, 331, 175, -244, -9, 253, -136, -126, 156, 180, 63, 107, 
156, 351, 195, -253, -19, 273, -141, -126, 165, 185, 82, 117, 
161, 361, 200, -261, -19, 280, -146, -126, 165, 190, 87, 122, 
161, 370, 209, -265, -24, 290, -151, -136, 170, 204, 97, 131, 
161, 385, 224, -273, -31, 305, -156, -141, 175, 209, 102, 141, 
170, 405, 234, -287, -31, 319, -170, -156, 185, 224, 112, 151, 
170, 429, 258, -300, -43, 344, -185, -165, 185, 234, 117, 165, 
165, 429, 263, -297, -48, 346, -195, -175, 190, 239, 126, 170, 
161, 439, 278, -300, -58, 358, -195, -185, 200, 239, 126, 170, 
165, 434, 268, -300, -51, 351, -185, -195, 209, 239, 126, 170, 
165, 429, 263, -297, -48, 346, -185, -195, 214, 239, 126, 175, 
165, 429, 263, -297, -48, 346, -190, -200, 214, 239, 131, 180, 
165, 429, 263, -297, -48, 346, -195, -195, 209, 248, 136, 185, 
165, 424, 258, -295, -46, 341, -190, -204, 214, 253, 136, 195, 
165, 429, 263, -297, -48, 346, -190, -204, 219, 253, 141, 200, 
165, 434, 268, -300, -51, 351, -190, -204, 224, 258, 146, 204, 
165, 444, 278, -305, -56, 361, -195, -204, 229, 263, 151, 219, 
165, 458, 292, -312, -63, 375, -204, -214, 219, 263, 165, 214, 
165, 468, 302, -317, -68, 385, -204, -214, 214, 268, 165, 219, 
165, 468, 302, -317, -68, 385, -209, -214, 214, 268, 165, 224, 
165, 468, 302, -317, -68, 385, -209, -214, 214, 273, 165, 229, 
165, 478, 312, -322, -73, 395, -209, -209, 204, 263, 161, 229, 
165, 483, 317, -324, -75, 400, -209, -209, 200, 263, 161, 224, 
165, 483, 317, -324, -75, 400, -204, -209, 200, 253, 156, 219, 
165, 478, 312, -322, -73, 395, -200, -209, 190, 253, 156, 204, 
156, 478, 322, -317, -82, 400, -204, -204, 185, 253, 151, 204, 
156, 468, 312, -312, -78, 390, -200, -200, 180, 239, 146, 204, 
156, 458, 302, -307, -73, 380, -195, -195, 170, 234, 136, 195, 
156, 448, 292, -302, -68, 370, -185, -190, 161, 229, 131, 185, 
146, 439, 292, -292, -73, 366, -175, -180, 161, 229, 117, 185, 
146, 439, 292, -292, -73, 366, -170, -180, 156, 224, 117, 185, 
146, 439, 292, -292, -73, 366, -170, -175, 156, 219, 112, 185, 
141, 424, 283, -283, -70, 353, -161, -170, 151, 214, 107, 175, 
141, 405, 263, -273, -61, 334, -146, -156, 141, 204, 92, 180, 
131, 390, 258, -261, -63, 324, -136, -151, 136, 195, 82, 175, 
126, 366, 239, -246, -56, 302, -131, -141, 131, 180, 68, 156, 
122, 356, 234, -239, -56, 295, -122, -136, 131, 170, 63, 146, 
131, 346, 214, -239, -41, 280, -112, -136, 146, 175, 73, 122, 
131, 341, 209, -236, -39, 275, -107, -131, 146, 175, 68, 112, 
131, 322, 190, -226, -29, 256, -102, -126, 146, 180, 63, 107, 
126, 312, 185, -219, -29, 248, -97, -122, 141, 175, 53, 92, 
126, 307, 180, -217, -26, 244, -97, -126, 151, 185, 63, 97, 
126, 297, 170, -212, -21, 234, -97, -122, 151, 170, 58, 97, 
126, 287, 161, -207, -17, 224, -92, -117, 151, 156, 43, 92, 
122, 278, 156, -200, -17, 217, -87, -112, 151, 146, 43, 87, 
112, 258, 146, -185, -17, 202, -82, -112, 146, 146, 29, 92, 
112, 258, 146, -185, -17, 202, -82, -107, 141, 141, 24, 97, 
112, 258, 146, -185, -17, 202, -78, -107, 141, 141, 24, 97, 
112, 253, 141, -183, -14, 197, -78, -107, 131, 141, 14, 92, 
112, 258, 146, -185, -17, 202, -78, -107, 131, 136, 24, 82, 
107, 258, 151, -183, -21, 204, -78, -107, 131, 131, 24, 82, 
107, 253, 146, -180, -19, 200, -78, -102, 131, 131, 24, 82, 
107, 258, 151, -183, -21, 204, -78, -102, 131, 131, 24, 78, 
107, 258, 151, -183, -21, 204, -73, -92, 122, 131, 14, 68, 
107, 258, 151, -183, -21, 204, -73, -92, 122, 131, 14, 68, 
107, 248, 141, -178, -17, 195, -73, -92, 122, 131, 9, 78, 
107, 248, 141, -178, -17, 195, -68, -87, 122, 126, 9, 82, 
107, 239, 131, -173, -12, 185, -58, -87, 126, 122, 9, 82, 
107, 234, 126, -170, -9, 180, -58, -87, 131, 122, 4, 68, 
107, 229, 122, -168, -7, 175, -58, -87, 131, 122, 4, 68, 
107, 229, 122, -168, -7, 175, -58, -87, 131, 117, 4, 68, 
97, 234, 136, -165, -19, 185, -53, -87, 131, 117, 14, 58, 
97, 229, 131, -163, -17, 180, -53, -87, 136, 122, 14, 58, 
97, 229, 131, -163, -17, 180, -48, -87, 136, 122, 14, 58, 
92, 234, 141, -163, -24, 187, -48, -82, 136, 122, 14, 58, 
112, 239, 126, -175, -7, 183, -53, -92, 136, 117, 19, 78, 
112, 239, 126, -175, -7, 183, -53, -87, 136, 117, 19, 68, 
107, 234, 126, -170, -9, 180, -53, -82, 136, 117, 9, 53, 
112, 219, 107, -165, 2, 163, -43, -68, 136, 126, 4, 48, 
112, 209, 97, -161, 7, 153, -39, -53, 131, 122, 4, 53, 
122, 185, 63, -153, 29, 124, -24, -24, 126, 141, 0, 34, 
136, 151, 14, -143, 61, 82, -9, 19, 126, 170, 14, 9, 
156, 131, -24, -143, 90, 53, -9, 53, 126, 209, 39, -4, 
170, 131, -39, -151, 104, 46, -9, 68, 122, 258, 78, -14, 
190, 161, -29, -175, 109, 65, -14, 73, 117, 302, 122, -14, 
204, 200, -4, -202, 104, 97, -29, 82, 97, 346, 161, -4, 
234, 268, 34, -251, 100, 151, -48, 73, 82, 380, 219, 24, 
253, 375, 122, -314, 65, 248, -87, 39, 82, 439, 307, 97, 
263, 488, 224, -375, 19, 356, -131, -19, 82, 512, 409, 204, 
287, 634, 346, -461, -29, 490, -195, -78, 82, 575, 522, 351, 
297, 800, 502, -549, -102, 651, -268, -156, 82, 634, 649, 527, 
302, 971, 668, -636, -183, 819, -346, -244, 68, 678, 746, 717, 
317, 1117, 800, -717, -241, 958, -419, -317, 68, 712, 829, 897, 
317, 1239, 922, -778, -302, 1080, -483, -385, 68, 751, 907, 1058, 
317, 1381, 1063, -849, -373, 1222, -551, -468, 92, 805, 995, 1210, 
317, 1517, 1200, -917, -441, 1359, -619, -566, 107, 844, 1083, 1337, 
317, 1639, 1322, -978, -502, 1481, -697, -673, 107, 858, 1137, 1449, 
312, 1751, 1439, -1032, -563, 1595, -751, -771, 126, 849, 1166, 1561, 
273, 1761, 1488, -1017, -607, 1625, -751, -824, 151, 771, 1102, 1571, 
200, 1625, 1424, -912, -612, 1525, -692, -800, 195, 629, 927, 1449, 
126, 1468, 1342, -797, -607, 1405, -614, -761, 234, 517, 746, 1288, 
78, 1342, 1263, -710, -592, 1302, -566, -727, 258, 419, 595, 1141, 
29, 1220, 1190, -624, -580, 1205, -507, -683, 273, 326, 448, 985, 
-19, 1039, 1058, -509, -539, 1049, -434, -624, 297, 248, 317, 800, 
-58, 849, 907, -395, -483, 878, -341, -546, 317, 224, 229, 619, 
-102, 678, 780, -287, -441, 729, -258, -468, 341, 239, 170, 444, 
-122, 522, 644, -200, -383, 583, -180, -400, 351, 229, 136, 283, 
-146, 385, 531, -119, -339, 458, -112, -341, 370, 214, 102, 151, 
-165, 292, 458, -63, -312, 375, -63, -297, 390, 200, 73, 63, 
-180, 248, 429, -34, -305, 339, -24, -258, 395, 165, 43, 24, 
-180, 200, 380, -9, -280, 290, 14, -214, 395, 87, -29, 4, 
-170, 126, 297, 21, -234, 212, 58, -156, 390, -4, -136, -34, 
-156, 29, 185, 63, -170, 107, 102, -82, 375, -126, -263, -112, 
-136, -39, 97, 87, -117, 29, 126, -14, 351, -200, -346, -165, 
-122, -58, 63, 90, -92, 2, 136, 9, 331, -219, -366, -180, 
-107, -58, 48, 82, -78, -4, 131, 14, 317, -214, -366, -185, 
-73, -68, 4, 70, -39, -31, 126, 19, 292, -214, -356, -204, 
-34, -53, -19, 43, -7, -36, 107, 19, 283, -190, -322, -185, 
-4, -34, -29, 19, 12, -31, 92, 24, 273, -161, -283, -161, 
14, 9, -4, -12, 9, 2, 82, 34, 268, -141, -258, -141, 
29, 39, 9, -34, 9, 24, 63, 39, 258, -112, -214, -92, 
34, 82, 48, -58, -7, 65, 43, 29, 239, -63, -161, -43, 
43, 112, 68, -78, -12, 90, 29, 29, 234, -9, -122, -24, 
43, 131, 87, -87, -21, 109, 24, 14, 229, 24, -87, -24, 
39, 136, 97, -87, -29, 117, 9, 4, 224, 43, -73, -19, 
58, 146, 87, -102, -14, 117, 0, -24, 224, 63, -63, -9, 
78, 151, 73, -114, 2, 112, -4, -34, 204, 78, -48, 4, 
87, 151, 63, -119, 12, 107, -19, -43, 180, 97, -34, 14, 
97, 170, 73, -134, 12, 122, -34, -53, 170, 117, -14, 14, 
97, 185, 87, -141, 4, 136, -48, -68, 165, 122, 0, 19, 
87, 204, 117, -146, -14, 161, -48, -63, 156, 122, 4, 24, 
92, 209, 117, -151, -12, 163, -48, -73, 141, 131, 9, 43, 
102, 214, 112, -158, -4, 163, -48, -63, 146, 146, 9, 63, 
97, 214, 117, -156, -9, 165, -48, -63, 151, 146, 14, 63, 
97, 214, 117, -156, -9, 165, -48, -58, 161, 146, 14, 63, 
97, 214, 117, -156, -9, 165, -48, -58, 170, 146, 9, 58, 
112, 204, 92, -158, 9, 148, -48, -58, 170, 136, 0, 48, 
112, 204, 92, -158, 9, 148, -48, -58, 170, 136, 0, 39, 
122, 204, 82, -163, 19, 143, -48, -58, 165, 136, 0, 39, 
122, 204, 82, -163, 19, 143, -48, -58, 161, 136, 4, 39, 
117, 204, 87, -161, 14, 146, -48, -58, 161, 156, 14, 48, 
117, 214, 97, -165, 9, 156, -53, -58, 156, 161, 19, 58, 
117, 219, 102, -168, 7, 161, -53, -63, 156, 161, 24, 63, 
112, 229, 117, -170, -2, 173, -53, -63, 156, 161, 34, 68, 
112, 239, 126, -175, -7, 183, -53, -63, 156, 151, 34, 63, 
112, 239, 126, -175, -7, 183, -53, -63, 156, 156, 29, 58, 
112, 239, 126, -175, -7, 183, -53, -63, 161, 156, 19, 63, 
112, 239, 126, -175, -7, 183, -53, -63, 161, 156, 14, 58, 
122, 239, 117, -180, 2, 178, -68, -73, 151, 146, 4, 43, 
126, 244, 117, -185, 4, 180, -68, -73, 151, 151, 4, 43, 
126, 248, 122, -187, 2, 185, -68, -78, 156, 156, 14, 53, 
126, 263, 136, -195, -4, 200, -68, -78, 156, 156, 14, 53, 
126, 268, 141, -197, -7, 204, -73, -68, 151, 165, 19, 58, 
126, 273, 146, -200, -9, 209, -73, -73, 151, 165, 29, 73, 
126, 273, 146, -200, -9, 209, -78, -73, 151, 165, 34, 68, 
126, 273, 146, -200, -9, 209, -78, -73, 151, 165, 34, 73, 
122, 278, 156, -200, -17, 217, -73, -78, 151, 175, 43, 73, 
122, 273, 151, -197, -14, 212, -73, -78, 151, 180, 43, 78, 
122, 263, 141, -192, -9, 202, -73, -78, 151, 185, 53, 78, 
126, 258, 131, -192, -2, 195, -73, -78, 151, 185, 53, 78, 
126, 258, 131, -192, -2, 195, -73, -78, 151, 180, 53, 87, 
126, 263, 136, -195, -4, 200, -78, -78, 151, 185, 53, 92, 
126, 263, 136, -195, -4, 200, -78, -82, 151, 185, 53, 97, 
126, 268, 141, -197, -7, 204, -78, -82, 151, 185, 53, 107, 
136, 287, 151, -212, -7, 219, -82, -92, 146, 185, 68, 107, 
141, 287, 146, -214, -2, 217, -82, -97, 146, 185, 68, 102, 
141, 292, 151, -217, -4, 222, -92, -97, 146, 185, 68, 92, 
141, 302, 161, -222, -9, 231, -92, -97, 146, 190, 68, 87, 
146, 297, 151, -222, -2, 224, -97, -87, 136, 200, 63, 87, 
146, 302, 156, -224, -4, 229, -97, -87, 131, 200, 68, 87, 
146, 307, 161, -226, -7, 234, -97, -92, 131, 204, 68, 87, 
146, 307, 161, -226, -7, 234, -97, -92, 131, 209, 68, 87, 
161, 297, 136, -229, 12, 217, -102, -82, 131, 214, 68, 102, 
161, 297, 136, -229, 12, 217, -102, -82, 136, 219, 68, 112, 
161, 302, 141, -231, 9, 222, -102, -87, 136, 224, 78, 117, 
161, 302, 141, -231, 9, 222, -102, -87, 136, 224, 78, 117, 
151, 312, 161, -231, -4, 236, -107, -92, 136, 214, 87, 117, 
156, 312, 156, -234, 0, 234, -107, -92, 136, 214, 87, 117, 
165, 322, 156, -244, 4, 239, -107, -92, 131, 224, 87, 117, 
165, 322, 156, -244, 4, 239, -107, -92, 131, 229, 92, 122, 
175, 322, 146, -248, 14, 234, -122, -97, 122, 239, 97, 126, 
175, 326, 151, -251, 12, 239, -122, -97, 122, 239, 102, 122, 
175, 336, 161, -256, 7, 248, -126, -102, 126, 244, 107, 117, 
175, 346, 170, -261, 2, 258, -126, -102, 126, 248, 112, 122, 
170, 346, 175, -258, -2, 261, -122, -92, 126, 258, 117, 126, 
170, 346, 175, -258, -2, 261, -126, -92, 131, 268, 122, 131, 
175, 346, 170, -261, 2, 258, -126, -102, 136, 268, 126, 136, 
185, 346, 161, -265, 12, 253, -131, -102, 131, 268, 136, 141, 
190, 361, 170, -275, 9, 265, -126, -102, 131, 268, 136, 146, 
190, 366, 175, -278, 7, 270, -126, -102, 131, 273, 141, 156, 
195, 375, 180, -285, 7, 278, -131, -102, 131, 278, 146, 161, 
200, 375, 175, -287, 12, 275, -136, -107, 131, 278, 151, 161, 
204, 370, 165, -287, 19, 268, -146, -107, 112, 283, 156, 165, 
214, 375, 161, -295, 26, 268, -151, -107, 107, 287, 156, 170, 
219, 390, 170, -305, 24, 280, -156, -107, 102, 287, 161, 170, 
224, 390, 165, -307, 29, 278, -161, -107, 97, 292, 165, 180, 
224, 395, 170, -309, 26, 283, -156, -117, 87, 287, 170, 185, 
229, 400, 170, -314, 29, 285, -161, -117, 87, 292, 175, 195, 
234, 409, 175, -322, 29, 292, -161, -117, 82, 297, 180, 200, 
239, 419, 180, -329, 29, 300, -165, -122, 78, 297, 185, 200, 
234, 409, 175, -322, 29, 292, -170, -122, 82, 307, 195, 214, 
244, 429, 185, -336, 29, 307, -175, -117, 78, 302, 200, 214, 
248, 444, 195, -346, 26, 319, -185, -112, 73, 302, 200, 219, 
253, 448, 195, -351, 29, 322, -185, -107, 68, 307, 204, 224, 
258, 458, 200, -358, 29, 329, -204, -117, 63, 307, 195, 229, 
268, 463, 195, -366, 36, 329, -214, -117, 58, 307, 204, 239, 
278, 483, 204, -380, 36, 344, -214, -122, 58, 307, 204, 248, 
278, 483, 204, -380, 36, 344, -219, -122, 53, 307, 209, 258, 
292, 492, 200, -392, 46, 346, -224, -136, 48, 307, 214, 273, 
297, 502, 204, -400, 46, 353, -224, -136, 48, 312, 214, 283, 
302, 507, 204, -405, 48, 356, -229, -136, 48, 312, 219, 292, 
307, 512, 204, -409, 51, 358, -234, -141, 48, 312, 224, 307, 
302, 512, 209, -407, 46, 361, -234, -136, 43, 322, 234, 302, 
312, 517, 204, -414, 53, 361, -239, -131, 39, 317, 234, 302, 
317, 517, 200, -417, 58, 358, -239, -126, 34, 317, 234, 307, 
317, 522, 204, -419, 56, 363, -239, -122, 29, 317, 234, 317, 
331, 527, 195, -429, 68, 361, -253, -136, 14, 322, 229, 322, 
331, 531, 200, -431, 65, 366, -258, -141, 14, 322, 229, 322, 
331, 546, 214, -439, 58, 380, -263, -141, 14, 322, 229, 317, 
331, 561, 229, -446, 51, 395, -268, -141, 14, 317, 229, 317, 
331, 556, 224, -444, 53, 390, -258, -146, 24, 326, 244, 331, 
331, 556, 224, -444, 53, 390, -253, -146, 24, 326, 244, 341, 
331, 551, 219, -441, 56, 385, -253, -146, 29, 326, 239, 351, 
331, 546, 214, -439, 58, 380, -253, -146, 29, 326, 239, 361, 
317, 556, 239, -436, 39, 397, -253, -146, 24, 326, 248, 356, 
317, 556, 239, -436, 39, 397, -253, -146, 24, 322, 248, 346, 
317, 561, 244, -439, 36, 402, -258, -151, 24, 322, 248, 341, 
317, 561, 244, -439, 36, 402, -258, -151, 24, 322, 248, 341, 
322, 570, 248, -446, 36, 409, -268, -161, 14, 312, 239, 341, 
317, 575, 258, -446, 29, 417, -263, -161, 19, 312, 239, 341, 
317, 575, 258, -446, 29, 417, -263, -161, 19, 312, 239, 336, 
307, 575, 268, -441, 19, 422, -263, -161, 19, 312, 234, 336, 
302, 561, 258, -431, 21, 409, -258, -161, 29, 322, 234, 346, 
297, 561, 263, -429, 17, 412, -258, -161, 34, 322, 234, 336, 
292, 556, 263, -424, 14, 409, -253, -161, 34, 322, 234, 336, 
283, 546, 263, -414, 9, 405, -253, -165, 39, 317, 229, 336, 
283, 531, 248, -407, 17, 390, -234, -156, 43, 307, 229, 331, 
268, 522, 253, -395, 7, 387, -229, -151, 48, 307, 224, 322, 
258, 517, 258, -387, 0, 387, -224, -151, 53, 307, 214, 317, 
253, 517, 263, -385, -4, 390, -219, -151, 58, 307, 214, 312, 
234, 497, 263, -366, -14, 380, -214, -141, 73, 302, 200, 292, 
234, 488, 253, -361, -9, 370, -209, -141, 78, 302, 195, 283, 
224, 463, 239, -344, -7, 351, -200, -141, 82, 302, 195, 273, 
219, 448, 229, -334, -4, 339, -195, -141, 87, 302, 195, 268, 
214, 444, 229, -329, -7, 336, -190, -141, 92, 287, 180, 253, 
209, 444, 234, -326, -12, 339, -190, -141, 97, 278, 180, 244, 
200, 444, 244, -322, -21, 344, -175, -141, 102, 278, 180, 239, 
195, 444, 248, -319, -26, 346, -175, -141, 107, 278, 170, 234, 
190, 434, 244, -312, -26, 339, -175, -141, 102, 287, 175, 229, 
185, 429, 244, -307, -29, 336, -170, -141, 107, 278, 170, 224, 
180, 424, 244, -302, -31, 334, -165, -136, 112, 278, 165, 214, 
175, 419, 244, -297, -34, 331, -165, -131, 117, 268, 165, 204, 
170, 409, 239, -290, -34, 324, -156, -131, 122, 258, 151, 195, 
165, 405, 239, -285, -36, 322, -156, -131, 122, 258, 141, 190, 
161, 405, 244, -283, -41, 324, -151, -131, 126, 258, 136, 190, 
156, 400, 244, -278, -43, 322, -151, -131, 126, 258, 131, 185, 
141, 375, 234, -258, -46, 305, -136, -141, 126, 258, 131, 175, 
136, 375, 239, -256, -51, 307, -131, -141, 126, 258, 126, 175, 
131, 370, 239, -251, -53, 305, -126, -141, 126, 248, 122, 175, 
126, 366, 239, -246, -56, 302, -122, -141, 136, 248, 122, 170, 
126, 351, 224, -239, -48, 287, -122, -136, 126, 253, 126, 156, 
122, 341, 219, -231, -48, 280, -122, -136, 131, 253, 122, 151, 
117, 341, 224, -229, -53, 283, -112, -131, 141, 253, 122, 151, 
117, 341, 224, -229, -53, 283, -112, -131, 141, 253, 122, 151, 
117, 336, 219, -226, -51, 278, -122, -122, 151, 239, 112, 161, 
122, 336, 214, -229, -46, 275, -122, -117, 151, 234, 107, 151, 
122, 331, 209, -226, -43, 270, -117, -117, 151, 234, 107, 151, 
117, 331, 214, -224, -48, 273, -117, -122, 156, 234, 107, 151, 
117, 326, 209, -222, -46, 268, -117, -122, 156, 244, 117, 136, 
112, 326, 214, -219, -51, 270, -112, -122, 156, 244, 112, 136, 
112, 326, 214, -219, -51, 270, -112, -122, 156, 239, 112, 136, 
112, 326, 214, -219, -51, 270, -112, -122, 161, 234, 107, 141, 
122, 322, 200, -222, -39, 261, -102, -122, 161, 244, 107, 141, 
117, 317, 200, -217, -41, 258, -97, -117, 165, 244, 107, 141, 
117, 312, 195, -214, -39, 253, -97, -117, 165, 244, 107, 141, 
117, 312, 195, -214, -39, 253, -102, -117, 165, 244, 107, 141, 
122, 307, 185, -214, -31, 246, -102, -117, 165, 244, 117, 146, 
122, 302, 180, -212, -29, 241, -97, -112, 165, 248, 117, 151, 
117, 297, 180, -207, -31, 239, -97, -112, 165, 248, 117, 151, 
117, 297, 180, -207, -31, 239, -97, -112, 165, 248, 117, 156, 
117, 287, 170, -202, -26, 229, -87, -112, 165, 248, 112, 165, 
117, 287, 170, -202, -26, 229, -87, -112, 161, 244, 112, 165, 
117, 297, 180, -207, -31, 239, -92, -112, 161, 239, 107, 161, 
117, 287, 170, -202, -26, 229, -92, -117, 165, 239, 107, 156, 
117, 283, 165, -200, -24, 224, -92, -107, 161, 248, 107, 141, 
122, 287, 165, -204, -21, 226, -92, -107, 161, 248, 112, 141, 
122, 292, 170, -207, -24, 231, -92, -107, 161, 244, 112, 141, 
122, 297, 175, -209, -26, 236, -97, -107, 161, 244, 117, 141, 
122, 302, 180, -212, -29, 241, -97, -117, 165, 258, 117, 141, 
117, 307, 190, -212, -36, 248, -92, -117, 165, 258, 117, 141, 
117, 297, 180, -207, -31, 239, -92, -112, 165, 258, 117, 141, 
122, 302, 180, -212, -29, 241, -92, -112, 165, 263, 122, 146, 
112, 302, 190, -207, -39, 246, -92, -102, 165, 263, 112, 136, 
112, 302, 190, -207, -39, 246, -87, -102, 165, 263, 107, 136, 
112, 292, 180, -202, -34, 236, -87, -102, 165, 263, 102, 131, 
112, 287, 175, -200, -31, 231, -87, -102, 165, 263, 102, 131, 
112, 302, 190, -207, -39, 246, -97, -102, 151, 253, 102, 131, 
112, 307, 195, -209, -41, 251, -97, -102, 151, 253, 107, 131, 
117, 312, 195, -214, -39, 253, -97, -102, 151, 253, 107, 131, 
117, 317, 200, -217, -41, 258, -97, -102, 151, 253, 107, 126, 
122, 317, 195, -219, -36, 256, -87, -92, 151, 253, 117, 136, 
122, 312, 190, -217, -34, 251, -87, -92, 151, 253, 117, 136, 
126, 307, 180, -217, -26, 244, -92, -92, 151, 253, 117, 136, 
126, 302, 175, -214, -24, 239, -92, -92, 151, 253, 122, 136, 
126, 292, 165, -209, -19, 229, -92, -87, 151, 263, 122, 146, 
126, 297, 170, -212, -21, 234, -92, -82, 151, 263, 117, 146, 
126, 297, 170, -212, -21, 234, -92, -78, 151, 263, 117, 146, 
126, 312, 185, -219, -29, 248, -92, -73, 151, 263, 117, 146, 
126, 307, 180, -217, -26, 244, -92, -73, 151, 263, 117, 141, 
126, 307, 180, -217, -26, 244, -92, -73, 151, 263, 117, 146, 
126, 307, 180, -217, -26, 244, -92, -73, 151, 263, 117, 146, 
126, 307, 180, -217, -26, 244, -92, -73, 146, 263, 117, 146, 
126, 307, 180, -217, -26, 244, -82, -73, 146, 253, 117, 141, 
126, 307, 180, -217, -26, 244, -82, -73, 146, 253, 122, 141, 
126, 307, 180, -217, -26, 244, -82, -73, 146, 258, 122, 141, 
126, 307, 180, -217, -26, 244, -82, -73, 146, 263, 122, 141, 
131, 307, 175, -219, -21, 241, -92, -73, 146, 263, 122, 146, 
131, 307, 175, -219, -21, 241, -92, -73, 146, 263, 122, 146, 
131, 307, 175, -219, -21, 241, -92, -73, 146, 263, 122, 151, 
131, 307, 175, -219, -21, 241, -92, -73, 146, 263, 122, 156, 
131, 307, 175, -219, -21, 241, -92, -73, 146, 263, 122, 146, 
131, 307, 175, -219, -21, 241, -92, -73, 146, 263, 122, 146, 
131, 307, 175, -219, -21, 241, -92, -73, 146, 263, 122, 146, 
131, 307, 175, -219, -21, 241, -92, -73, 146, 263, 122, 146, 
136, 297, 161, -217, -12, 229, -92, -63, 146, 263, 117, 156, 
136, 297, 161, -217, -12, 229, -92, -63, 141, 263, 117, 156, 
136, 302, 165, -219, -14, 234, -97, -63, 141, 263, 117, 151, 
136, 302, 165, -219, -14, 234, -97, -63, 141, 263, 117, 151, 
136, 307, 170, -222, -17, 239, -87, -58, 146, 263, 126, 151, 
136, 292, 156, -214, -9, 224, -87, -58, 146, 263, 126, 151, 
136, 283, 146, -209, -4, 214, -87, -58, 146, 263, 126, 151, 
136, 292, 156, -214, -9, 224, -87, -58, 146, 263, 126, 156, 
136, 307, 170, -222, -17, 239, -87, -63, 156, 273, 126, 156, 
131, 307, 175, -219, -21, 241, -87, -63, 151, 268, 126, 156, 
131, 307, 175, -219, -21, 241, -87, -63, 151, 268, 126, 156, 
131, 307, 175, -219, -21, 241, -87, -68, 151, 268, 126, 156, 
131, 307, 175, -219, -21, 241, -97, -68, 141, 263, 112, 156, 
131, 312, 180, -222, -24, 246, -97, -68, 141, 263, 112, 156, 
131, 317, 185, -224, -26, 251, -97, -68, 141, 263, 112, 156, 
131, 317, 185, -224, -26, 251, -97, -68, 141, 263, 117, 156, 
131, 312, 180, -222, -24, 246, -97, -68, 141, 253, 117, 151, 
131, 302, 170, -217, -19, 236, -97, -68, 146, 253, 117, 146, 
131, 297, 165, -214, -17, 231, -92, -63, 146, 253, 117, 141, 
131, 292, 161, -212, -14, 226, -92, -63, 146, 253, 117, 136, 
122, 283, 161, -202, -19, 222, -87, -63, 146, 253, 117, 146, 
122, 283, 161, -202, -19, 222, -87, -63, 146, 253, 117, 146, 
122, 278, 156, -200, -17, 217, -87, -63, 146, 253, 112, 146, 
122, 278, 156, -200, -17, 217, -87, -63, 146, 253, 112, 151, 
122, 283, 161, -202, -19, 222, -87, -63, 146, 253, 107, 141, 
122, 283, 161, -202, -19, 222, -87, -63, 146, 248, 107, 141, 
122, 283, 161, -202, -19, 222, -87, -63, 141, 248, 107, 141, 
122, 283, 161, -202, -19, 222, -87, -63, 141, 248, 107, 136, 
122, 283, 161, -202, -19, 222, -97, -63, 136, 248, 107, 141, 
122, 283, 161, -202, -19, 222, -97, -63, 136, 244, 107, 141, 
122, 287, 165, -204, -21, 226, -97, -63, 136, 244, 107, 146, 
122, 287, 165, -204, -21, 226, -97, -63, 136, 244, 107, 156, 
122, 273, 151, -197, -14, 212, -87, -63, 146, 244, 107, 146, 
122, 273, 151, -197, -14, 212, -87, -63, 146, 244, 107, 141, 
122, 268, 146, -195, -12, 207, -87, -63, 146, 244, 107, 141, 
122, 263, 141, -192, -9, 202, -87, -63, 146, 248, 102, 141, 
131, 263, 131, -197, 0, 197, -87, -63, 146, 248, 112, 151, 
131, 263, 131, -197, 0, 197, -87, -63, 146, 244, 107, 151, 
126, 263, 136, -195, -4, 200, -87, -63, 146, 244, 107, 151, 
126, 258, 131, -192, -2, 195, -87, -63, 146, 244, 107, 156, 
122, 263, 141, -192, -9, 202, -87, -63, 136, 244, 97, 156, 
122, 263, 141, -192, -9, 202, -87, -63, 136, 244, 97, 156, 
122, 268, 146, -195, -12, 207, -87, -58, 136, 244, 102, 151, 
122, 273, 151, -197, -14, 212, -87, -58, 136, 244, 102, 151, 
122, 283, 161, -202, -19, 222, -87, -58, 136, 244, 97, 141, 
122, 278, 156, -200, -17, 217, -82, -58, 136, 244, 97, 141, 
122, 273, 151, -197, -14, 212, -78, -58, 136, 234, 97, 136, 
122, 273, 151, -197, -14, 212, -78, -58, 136, 234, 97, 136, 
126, 273, 146, -200, -9, 209, -82, -48, 146, 234, 92, 146, 
126, 263, 136, -195, -4, 200, -82, -48, 146, 234, 92, 146, 
122, 258, 136, -190, -7, 197, -82, -48, 146, 234, 87, 146, 
122, 258, 136, -190, -7, 197, -82, -48, 146, 234, 87, 146, 
122, 248, 126, -185, -2, 187, -73, -48, 146, 234, 87, 141, 
122, 244, 122, -183, 0, 183, -73, -48, 146, 234, 87, 141, 
122, 244, 122, -183, 0, 183, -73, -48, 146, 234, 87, 146, 
122, 239, 117, -180, 2, 178, -73, -48, 146, 234, 87, 146, 
131, 248, 117, -190, 7, 183, -82, -48, 141, 224, 87, 136, 
131, 253, 122, -192, 4, 187, -82, -48, 141, 229, 87, 136, 
131, 253, 122, -192, 4, 187, -82, -48, 146, 229, 87, 136, 
131, 253, 122, -192, 4, 187, -78, -48, 146, 229, 87, 131, 
126, 263, 136, -195, -4, 200, -78, -48, 146, 234, 87, 141, 
126, 263, 136, -195, -4, 200, -78, -48, 146, 234, 87, 136, 
126, 258, 131, -192, -2, 195, -78, -48, 146, 234, 87, 136, 
126, 258, 131, -192, -2, 195, -78, -48, 146, 234, 87, 136, 
136, 253, 117, -195, 9, 185, -78, -48, 146, 229, 97, 136, 
136, 253, 117, -195, 9, 185, -78, -48, 146, 229, 97, 141, 
136, 248, 112, -192, 12, 180, -78, -48, 146, 234, 97, 141, 
136, 244, 107, -190, 14, 175, -78, -48, 146, 234, 97, 141, 
136, 244, 107, -190, 14, 175, -68, -48, 146, 234, 97, 131, 
136, 248, 112, -192, 12, 180, -68, -53, 141, 234, 97, 131, 
136, 248, 112, -192, 12, 180, -68, -53, 141, 234, 97, 131, 
136, 244, 107, -190, 14, 175, -68, -48, 146, 234, 97, 131, 
131, 234, 102, -183, 14, 168, -68, -48, 146, 234, 92, 131, 
126, 234, 107, -180, 9, 170, -68, -48, 146, 234, 92, 131, 
122, 234, 112, -178, 4, 173, -68, -48, 146, 234, 92, 131, 
117, 234, 117, -175, 0, 175, -68, -48, 146, 234, 92, 131, 
117, 219, 102, -168, 7, 161, -68, -48, 146, 234, 92, 131, 
117, 219, 102, -168, 7, 161, -68, -48, 146, 234, 92, 131, 
117, 219, 102, -168, 7, 161, -68, -48, 146, 234, 97, 131, 
122, 219, 97, -170, 12, 158, -63, -48, 146, 234, 97, 131, 
131, 219, 87, -175, 21, 153, -63, -39, 136, 234, 97, 131, 
131, 219, 87, -175, 21, 153, -63, -39, 136, 234, 97, 131, 
126, 219, 92, -173, 17, 156, -63, -39, 136, 234, 97, 131, 
126, 224, 97, -175, 14, 161, -63, -39, 131, 234, 97, 131, 
126, 214, 87, -170, 19, 151, -53, -39, 131, 234, 92, 141, 
126, 214, 87, -170, 19, 151, -58, -39, 131, 234, 92, 141, 
126, 214, 87, -170, 19, 151, -58, -39, 131, 234, 92, 141, 
126, 219, 92, -173, 17, 156, -58, -39, 131, 229, 92, 141, 
131, 219, 87, -175, 21, 153, -58, -39, 126, 229, 92, 146, 
131, 214, 82, -173, 24, 148, -58, -39, 126, 229, 92, 146, 
131, 209, 78, -170, 26, 143, -58, -39, 126, 229, 92, 146, 
131, 204, 73, -168, 29, 139, -58, -39, 126, 229, 92, 146, 
122, 209, 87, -165, 17, 148, -58, -48, 126, 219, 82, 141, 
122, 214, 92, -168, 14, 153, -58, -48, 126, 214, 82, 136, 
122, 219, 97, -170, 12, 158, -58, -48, 126, 214, 82, 131, 
122, 224, 102, -173, 9, 163, -58, -48, 126, 219, 82, 126, 
122, 224, 102, -173, 9, 163, -58, -48, 126, 219, 82, 141, 
122, 224, 102, -173, 9, 163, -58, -48, 126, 219, 82, 141, 
122, 224, 102, -173, 9, 163, -58, -48, 126, 219, 87, 141, 
117, 224, 107, -170, 4, 165, -58, -48, 126, 219, 87, 141, 
126, 219, 92, -173, 17, 156, -58, -48, 126, 219, 87, 141, 
126, 214, 87, -170, 19, 151, -58, -48, 126, 219, 87, 141, 
126, 209, 82, -168, 21, 146, -58, -48, 126, 219, 87, 136, 
126, 204, 78, -165, 24, 141, -58, -48, 126, 219, 87, 136, 
126, 204, 78, -165, 24, 141, -58, -39, 126, 229, 97, 131, 
126, 204, 78, -165, 24, 141, -58, -39, 126, 229, 97, 131, 
126, 204, 78, -165, 24, 141, -58, -39, 126, 224, 97, 131, 
131, 204, 73, -168, 29, 139, -58, -39, 126, 224, 92, 131, 
131, 214, 82, -173, 24, 148, -58, -48, 126, 224, 92, 131, 
126, 204, 78, -165, 24, 141, -58, -48, 126, 229, 97, 131, 
126, 204, 78, -165, 24, 141, -58, -43, 126, 229, 97, 131, 
126, 204, 78, -165, 24, 141, -53, -43, 126, 229, 97, 131, 
126, 204, 78, -165, 24, 141, -53, -43, 136, 224, 97, 141, 
126, 200, 73, -163, 26, 136, -53, -43, 136, 224, 97, 141, 
126, 195, 68, -161, 29, 131, -53, -43, 136, 224, 87, 141, 
126, 195, 68, -161, 29, 131, -53, -43, 136, 224, 87, 141, 
117, 185, 68, -151, 24, 126, -53, -43, 131, 224, 87, 141, 
122, 180, 58, -151, 31, 119, -53, -43, 131, 224, 87, 141, 
122, 175, 53, -148, 34, 114, -53, -43, 131, 224, 87, 141, 
122, 175, 53, -148, 34, 114, -53, -43, 131, 224, 92, 141, 
131, 185, 53, -158, 39, 119, -53, -43, 122, 214, 92, 131, 
131, 190, 58, -161, 36, 124, -53, -43, 122, 214, 92, 126, 
131, 190, 58, -161, 36, 124, -53, -43, 122, 214, 92, 126, 
136, 190, 53, -163, 41, 122, -53, -43, 122, 214, 92, 131, 
126, 200, 73, -163, 26, 136, -53, -43, 112, 219, 87, 122, 
126, 200, 73, -163, 26, 136, -53, -43, 112, 219, 87, 122, 
126, 200, 73, -163, 26, 136, -53, -43, 112, 219, 87, 122, 
126, 200, 73, -163, 26, 136, -53, -53, 112, 224, 87, 122, 
122, 195, 73, -158, 24, 134, -43, -43, 112, 224, 97, 126, 
122, 195, 73, -158, 24, 134, -43, -43, 112, 224, 97, 131, 
126, 190, 63, -158, 31, 126, -43, -43, 112, 224, 97, 136, 
126, 190, 63, -158, 31, 126, -43, -43, 112, 224, 97, 146, 
122, 190, 68, -156, 26, 129, -43, -34, 122, 224, 97, 136, 
131, 185, 53, -158, 39, 119, -43, -34, 122, 224, 97, 136, 
136, 185, 48, -161, 43, 117, -39, -39, 126, 224, 107, 136, 
126, 175, 48, -151, 39, 112, -48, -39, 117, 224, 97, 136, 
126, 175, 48, -151, 39, 112, -48, -39, 117, 224, 97, 136, 
126, 175, 48, -151, 39, 112, -48, -39, 117, 224, 97, 136, 
126, 175, 48, -151, 39, 112, -48, -39, 117, 224, 97, 136, 
126, 175, 48, -151, 39, 112, -48, -39, 117, 224, 87, 126, 
126, 175, 48, -151, 39, 112, -48, -39, 117, 224, 87, 126, 
126, 175, 48, -151, 39, 112, -48, -39, 117, 224, 87, 126, 
126, 175, 48, -151, 39, 112, -48, -39, 117, 224, 87, 126, 
126, 165, 39, -146, 43, 102, -39, -39, 117, 224, 87, 126, 
126, 165, 39, -146, 43, 102, -39, -39, 117, 224, 87, 126, 
126, 165, 39, -146, 43, 102, -39, -39, 117, 224, 87, 126, 
126, 165, 39, -146, 43, 102, -39, -39, 117, 224, 87, 126, 
126, 156, 29, -141, 48, 92, -29, -29, 117, 224, 97, 136, 
126, 156, 29, -141, 48, 92, -29, -29, 117, 224, 97, 136, 
126, 156, 29, -141, 48, 92, -29, -29, 117, 224, 97, 136, 
126, 156, 29, -141, 48, 92, -29, -29, 117, 224, 97, 136, 
126, 156, 29, -141, 48, 92, -39, -29, 117, 214, 87, 136, 
126, 156, 29, -141, 48, 92, -39, -29, 117, 214, 87, 136, 
126, 156, 29, -141, 48, 92, -39, -29, 117, 214, 87, 136, 
126, 156, 29, -141, 48, 92, -39, -29, 117, 214, 87, 136, 
136, 156, 19, -146, 58, 87, -39, -29, 117, 214, 87, 126, 
136, 156, 19, -146, 58, 87, -39, -29, 117, 214, 87, 126, 
136, 156, 19, -146, 58, 87, -39, -29, 117, 214, 87, 126, 
136, 156, 19, -146, 58, 87, -39, -29, 117, 214, 87, 126, 
136, 151, 14, -143, 61, 82, -29, -19, 117, 224, 87, 126, 
136, 146, 9, -141, 63, 78, -29, -19, 117, 224, 87, 126, 
136, 141, 4, -139, 65, 73, -29, -19, 117, 224, 87, 126, 
136, 136, 0, -136, 68, 68, -29, -19, 117, 224, 87, 126, 
126, 136, 9, -131, 58, 73, -29, -19, 107, 214, 97, 122, 
126, 136, 9, -131, 58, 73, -29, -19, 107, 214, 97, 117, 
126, 136, 9, -131, 58, 73, -29, -19, 107, 214, 97, 112, 
126, 136, 9, -131, 58, 73, -29, -19, 107, 214, 97, 107, 
136, 151, 14, -143, 61, 82, -34, -29, 97, 214, 87, 122, 
136, 156, 19, -146, 58, 87, -39, -29, 97, 214, 87, 126, 
136, 161, 24, -148, 56, 92, -43, -29, 97, 214, 87, 131, 
136, 165, 29, -151, 53, 97, -48, -29, 97, 214, 87, 136, 
126, 165, 39, -146, 43, 102, -39, -29, 97, 214, 87, 136, 
126, 165, 39, -146, 43, 102, -39, -29, 97, 214, 87, 136, 
126, 165, 39, -146, 43, 102, -39, -29, 97, 214, 87, 136, 
126, 165, 39, -146, 43, 102, -39, -29, 97, 214, 87, 136, 
136, 165, 29, -151, 53, 97, -48, -39, 107, 224, 87, 126, 
136, 165, 29, -151, 53, 97, -48, -39, 107, 224, 87, 126, 
136, 165, 29, -151, 53, 97, -48, -39, 107, 224, 87, 126, 
141, 165, 24, -153, 58, 95, -48, -39, 107, 234, 87, 136, 
141, 170, 29, -156, 56, 100, -53, -29, 117, 244, 97, 136, 
136, 175, 39, -156, 48, 107, -53, -34, 122, 248, 107, 136, 
136, 185, 48, -161, 43, 117, -63, -34, 126, 253, 122, 141, 
141, 195, 53, -168, 43, 124, -68, -39, 126, 258, 126, 141, 
136, 190, 53, -163, 41, 122, -68, -29, 131, 263, 126, 146, 
131, 195, 63, -163, 34, 129, -68, -29, 131, 268, 126, 151, 
131, 200, 68, -165, 31, 134, -68, -29, 131, 268, 126, 161, 
126, 204, 78, -165, 24, 141, -68, -29, 131, 268, 136, 165, 
117, 204, 87, -161, 14, 146, -73, -29, 146, 258, 126, 170, 
117, 200, 82, -158, 17, 141, -68, -29, 146, 258, 126, 170, 
117, 200, 82, -158, 17, 141, -63, -29, 146, 258, 126, 165, 
117, 200, 82, -158, 17, 141, -68, -29, 146, 263, 131, 165, 
117, 195, 78, -156, 19, 136, -68, -29, 146, 278, 131, 161, 
117, 200, 82, -158, 17, 141, -73, -29, 146, 283, 141, 165, 
122, 204, 82, -163, 19, 143, -78, -29, 146, 287, 146, 165, 
122, 209, 87, -165, 17, 148, -82, -39, 151, 302, 156, 170, 
122, 209, 87, -165, 17, 148, -78, -34, 156, 307, 170, 190, 
131, 219, 87, -175, 21, 153, -82, -39, 156, 312, 180, 200, 
131, 244, 112, -187, 9, 178, -97, -48, 156, 322, 185, 224, 
126, 244, 117, -185, 4, 180, -107, -58, 161, 326, 195, 239, 
131, 244, 112, -187, 9, 178, -107, -58, 161, 336, 195, 229, 
126, 248, 122, -187, 2, 185, -107, -73, 170, 336, 195, 229, 
126, 253, 126, -190, 0, 190, -107, -78, 175, 336, 195, 234, 
126, 263, 136, -195, -4, 200, -112, -87, 175, 336, 200, 239, 
126, 287, 161, -207, -17, 224, -126, -97, 161, 341, 204, 244, 
126, 297, 170, -212, -21, 234, -131, -107, 161, 341, 204, 248, 
126, 307, 180, -217, -26, 244, -131, -107, 161, 336, 209, 248, 
126, 317, 190, -222, -31, 253, -131, -107, 161, 336, 214, 248, 
117, 326, 209, -222, -46, 268, -136, -107, 161, 341, 209, 253, 
117, 331, 214, -224, -48, 273, -136, -107, 161, 341, 214, 253, 
117, 341, 224, -229, -53, 283, -136, -107, 156, 346, 214, 253, 
117, 341, 224, -229, -53, 283, -141, -107, 156, 346, 214, 253, 
126, 326, 200, -226, -36, 263, -131, -107, 156, 361, 224, 258, 
126, 326, 200, -226, -36, 263, -131, -102, 156, 361, 229, 263, 
126, 322, 195, -224, -34, 258, -131, -102, 151, 361, 229, 263, 
126, 312, 185, -219, -29, 248, -126, -102, 151, 351, 224, 263, 
126, 292, 165, -209, -19, 229, -122, -97, 141, 361, 234, 253, 
126, 283, 156, -204, -14, 219, -117, -87, 136, 361, 229, 253, 
126, 273, 146, -200, -9, 209, -112, -78, 131, 346, 224, 253, 
126, 263, 136, -195, -4, 200, -107, -68, 122, 341, 214, 244, 
117, 248, 131, -183, -7, 190, -87, -63, 112, 326, 200, 239, 
117, 244, 126, -180, -4, 185, -87, -63, 112, 326, 195, 244, 
117, 239, 122, -178, -2, 180, -82, -63, 107, 322, 195, 248, 
117, 234, 117, -175, 0, 175, -82, -58, 107, 317, 190, 253, 
122, 224, 102, -173, 9, 163, -82, -63, 97, 302, 185, 239, 
122, 219, 97, -170, 12, 158, -78, -58, 92, 302, 180, 229, 
112, 209, 97, -161, 7, 153, -68, -53, 82, 292, 170, 219, 
107, 190, 82, -148, 12, 136, -63, -43, 73, 278, 156, 195, 
92, 180, 87, -136, 2, 134, -53, -29, 73, 258, 141, 175, 
92, 170, 78, -131, 7, 124, -43, -29, 78, 258, 141, 165, 
92, 165, 73, -129, 9, 119, -39, -24, 78, 253, 136, 161, 
92, 146, 53, -119, 19, 100, -34, -19, 78, 253, 131, 161, 
87, 126, 39, -107, 24, 82, -19, -14, 82, 248, 122, 161, 
87, 112, 24, -100, 31, 68, -9, -9, 82, 253, 122, 156, 
87, 102, 14, -95, 36, 58, -9, -4, 82, 244, 117, 156, 
87, 92, 4, -90, 41, 48, -4, 0, 82, 234, 102, 151, 
82, 82, 0, -82, 41, 41, 0, -4, 73, 224, 102, 156, 
82, 73, -9, -78, 46, 31, 4, -4, 68, 224, 87, 146, 
82, 73, -9, -78, 46, 31, 4, 0, 63, 219, 82, 146, 
82, 73, -9, -78, 46, 31, 9, 0, 63, 219, 82, 141, 
82, 58, -24, -70, 53, 17, 0, 0, 53, 214, 68, 131, 
82, 58, -24, -70, 53, 17, 0, 0, 53, 204, 63, 131, 
78, 53, -24, -65, 51, 14, 0, 0, 53, 195, 58, 131, 
78, 43, -34, -61, 56, 4, 0, 4, 53, 190, 53, 131, 
68, 43, -24, -56, 46, 9, 0, 4, 43, 190, 53, 112, 
68, 43, -24, -56, 46, 9, 4, 4, 43, 190, 53, 97, 
68, 43, -24, -56, 46, 9, 4, 4, 43, 190, 53, 92, 
68, 34, -34, -51, 51, 0, 4, 4, 43, 190, 48, 97, 
68, 29, -39, -48, 53, -4, 19, 19, 43, 185, 53, 102, 
68, 19, -48, -43, 58, -14, 19, 19, 43, 180, 58, 102, 
68, 14, -53, -41, 61, -19, 19, 19, 43, 180, 58, 87, 
68, 9, -58, -39, 63, -24, 19, 19, 39, 180, 63, 87, 
73, 24, -48, -48, 61, -12, 19, 19, 34, 185, 53, 97, 
78, 24, -53, -51, 65, -14, 24, 19, 34, 185, 53, 97, 
82, 14, -68, -48, 75, -26, 24, 19, 39, 190, 53, 97, 
87, 9, -78, -48, 82, -34, 29, 19, 39, 190, 53, 97, 
73, 4, -68, -39, 70, -31, 39, 34, 48, 190, 63, 107, 
73, -4, -78, -34, 75, -41, 43, 34, 48, 185, 58, 107, 
73, -9, -82, -31, 78, -46, 43, 39, 48, 185, 58, 107, 
78, -19, -97, -29, 87, -58, 43, 43, 48, 185, 58, 102, 
82, -24, -107, -29, 95, -65, 53, 68, 48, 195, 63, 97, 
82, -34, -117, -24, 100, -75, 58, 82, 43, 200, 53, 82, 
92, -58, -151, -17, 122, -104, 63, 102, 39, 200, 58, 63, 
107, -82, -190, -12, 148, -136, 78, 136, 39, 229, 73, 39, 
126, -82, -209, -21, 168, -146, 87, 161, 29, 258, 97, 14, 
141, -53, -195, -43, 168, -124, 87, 175, 14, 307, 136, 14, 
161, -34, -195, -63, 178, -114, 73, 190, 0, 351, 180, 34, 
195, -14, -209, -90, 202, -112, 58, 200, -9, 395, 229, 53, 
224, 34, -190, -129, 207, -78, 48, 209, -24, 448, 278, 73, 
244, 102, -141, -173, 192, -19, 19, 185, -24, 517, 356, 136, 
244, 204, -39, -224, 141, 82, -24, 126, -14, 580, 448, 244, 
258, 351, 92, -305, 82, 222, -87, 68, -14, 644, 561, 380, 
268, 517, 248, -392, 9, 383, -170, -19, -24, 702, 688, 546, 
283, 688, 405, -485, -61, 546, -248, -107, -29, 756, 805, 727, 
297, 844, 546, -570, -124, 695, -331, -200, -48, 780, 878, 888, 
307, 995, 688, -651, -190, 841, -395, -287, -39, 810, 956, 1049, 
307, 1156, 849, -732, -270, 1002, -473, -370, -24, 873, 1063, 1220, 
317, 1293, 976, -805, -329, 1134, -541, -458, -9, 922, 1151, 1366, 
326, 1405, 1078, -866, -375, 1241, -610, -556, -9, 927, 1205, 1488, 
312, 1507, 1195, -910, -441, 1351, -663, -644, 0, 907, 1234, 1590, 
283, 1507, 1224, -895, -470, 1366, -663, -688, 4, 819, 1161, 1610, 
229, 1381, 1151, -805, -461, 1266, -614, -673, 48, 688, 985, 1498, 
165, 1224, 1058, -695, -446, 1141, -546, -644, 97, 566, 824, 1356, 
107, 1098, 990, -602, -441, 1044, -497, -619, 122, 468, 673, 1229, 
58, 976, 917, -517, -429, 946, -429, -585, 136, 346, 507, 1073, 
9, 805, 795, -407, -392, 800, -356, -527, 161, 239, 346, 888, 
-39, 634, 673, -297, -356, 653, -283, -458, 180, 204, 248, 707, 
-82, 463, 546, -190, -314, 505, -190, -370, 204, 200, 180, 531, 
-112, 307, 419, -97, -265, 363, -102, -292, 224, 190, 136, 361, 
-146, 180, 326, -17, -236, 253, -24, -234, 253, 175, 102, 239, 
-175, 78, 253, 48, -214, 165, 43, -180, 283, 161, 73, 151, 
-190, -4, 185, 97, -187, 90, 92, -131, 278, 117, 14, 82, 
-190, -82, 107, 136, -148, 12, 131, -78, 268, 29, -68, 34, 
-180, -175, 4, 178, -92, -85, 175, -9, 253, -73, -175, -34, 
-165, -283, -117, 224, -24, -200, 229, 73, 229, -165, -292, -131, 
-146, -341, -195, 244, 24, -268, 253, 122, 214, -209, -346, -165, 
-131, -341, -209, 236, 39, -275, 253, 146, 195, -209, -326, -161, 
-117, -331, -214, 224, 48, -273, 248, 151, 180, -195, -307, -136, 
-82, -331, -248, 207, 82, -290, 234, 165, 146, -175, -297, -117, 
-43, -307, -263, 175, 109, -285, 214, 165, 136, -151, -273, -107, 
-14, -278, -263, 146, 124, -270, 200, 180, 126, -112, -244, -102, 
-4, -263, -258, 134, 126, -261, 200, 180, 122, -92, -209, -112, 
9, -234, -244, 112, 126, -239, 180, 175, 112, -63, -175, -82, 
24, -180, -204, 78, 114, -192, 151, 165, 102, -14, -122, -24, 
34, -141, -175, 53, 104, -158, 136, 146, 97, 39, -63, 24, 
34, -122, -156, 43, 95, -139, 122, 131, 92, 63, -29, 53, 
39, -107, -146, 34, 92, -126, 107, 112, 87, 92, -4, 58, 
48, -107, -156, 29, 102, -131, 97, 102, 78, 112, 4, 58, 
58, -112, -170, 26, 114, -141, 92, 102, 68, 126, 9, 53, 
78, -112, -190, 17, 134, -151, 97, 102, 53, 146, 24, 43, 
87, -112, -200, 12, 143, -156, 92, 92, 43, 146, 24, 43, 
87, -107, -195, 9, 141, -151, 87, 87, 39, 161, 39, 58, 
87, -97, -185, 4, 136, -141, 87, 82, 39, 170, 53, 73, 
82, -102, -185, 9, 134, -143, 78, 82, 34, 170, 58, 82, 
82, -107, -190, 12, 136, -148, 78, 82, 24, 175, 58, 92, 
78, -107, -185, 14, 131, -146, 78, 82, 24, 175, 63, 92, 
78, -107, -185, 14, 131, -146, 78, 87, 29, 175, 63, 92, 
78, -107, -185, 14, 131, -146, 78, 87, 34, 175, 58, 87, 
92, -97, -190, 2, 141, -143, 78, 78, 24, 165, 48, 97, 
92, -97, -190, 2, 141, -143, 78, 78, 24, 165, 48, 87, 
102, -97, -200, -2, 151, -148, 78, 78, 19, 165, 48, 87, 
102, -97, -200, -2, 151, -148, 78, 78, 14, 165, 53, 87, 
92, -92, -185, 0, 139, -139, 58, 68, 14, 165, 53, 87, 
97, -78, -175, -9, 136, -126, 53, 68, 9, 170, 58, 87, 
102, -68, -170, -17, 136, -119, 53, 63, 9, 170, 63, 82, 
102, -53, -156, -24, 129, -104, 53, 63, 9, 170, 73, 78, 
102, -53, -156, -24, 129, -104, 53, 73, 9, 170, 78, 68, 
102, -53, -156, -24, 129, -104, 53, 73, 9, 175, 78, 68, 
102, -53, -156, -24, 129, -104, 53, 73, 14, 175, 73, 78, 
102, -53, -156, -24, 129, -104, 53, 73, 14, 175, 73, 78, 
102, -73, -175, -14, 139, -124, 58, 82, 14, 175, 82, 78, 
107, -78, -185, -14, 146, -131, 58, 82, 14, 180, 82, 82, 
107, -82, -190, -12, 148, -136, 58, 78, 19, 185, 92, 97, 
107, -78, -185, -14, 146, -131, 58, 78, 19, 185, 92, 102, 
97, -82, -180, -7, 139, -131, 63, 87, 14, 195, 92, 102, 
97, -78, -175, -9, 136, -126, 63, 82, 14, 195, 97, 112, 
97, -78, -175, -9, 136, -126, 58, 82, 14, 195, 97, 102, 
97, -78, -175, -9, 136, -126, 58, 82, 14, 195, 92, 102, 
102, -58, -161, -21, 131, -109, 43, 78, 4, 190, 92, 97, 
102, -58, -161, -21, 131, -109, 43, 78, 4, 190, 92, 97, 
102, -63, -165, -19, 134, -114, 43, 78, 4, 190, 102, 92, 
107, -63, -170, -21, 139, -117, 43, 78, 4, 185, 102, 87, 
117, -53, -170, -31, 143, -112, 43, 78, 4, 180, 92, 107, 
117, -48, -165, -34, 141, -107, 39, 78, 4, 185, 92, 112, 
117, -48, -165, -34, 141, -107, 39, 73, 4, 185, 92, 117, 
117, -43, -161, -36, 139, -102, 39, 73, 4, 185, 92, 126, 
117, -48, -165, -34, 141, -107, 43, 73, 0, 195, 97, 122, 
122, -53, -175, -34, 148, -114, 43, 68, 0, 195, 97, 122, 
122, -53, -175, -34, 148, -114, 34, 68, 0, 195, 97, 117, 
122, -48, -170, -36, 146, -109, 34, 68, 0, 200, 97, 117, 
117, -34, -151, -41, 134, -92, 19, 68, -9, 200, 102, 117, 
117, -29, -146, -43, 131, -87, 19, 68, -14, 200, 107, 117, 
117, -24, -141, -46, 129, -82, 19, 63, -14, 204, 107, 117, 
117, -24, -141, -46, 129, -82, 19, 63, -14, 209, 107, 117, 
126, -14, -141, -56, 134, -78, 14, 63, -24, 204, 107, 112, 
131, -14, -146, -58, 139, -80, 14, 63, -19, 209, 107, 122, 
136, -9, -146, -63, 141, -78, 14, 58, -19, 214, 117, 126, 
141, -9, -151, -65, 146, -80, 14, 58, -19, 214, 117, 126, 
131, -19, -151, -56, 141, -85, 19, 63, -19, 224, 126, 126, 
136, -19, -156, -58, 146, -87, 19, 63, -19, 224, 126, 126, 
146, -9, -156, -68, 151, -82, 19, 63, -24, 234, 126, 126, 
146, -9, -156, -68, 151, -82, 19, 63, -24, 239, 131, 131, 
146, -4, -151, -70, 148, -78, 14, 68, -34, 229, 136, 131, 
146, -4, -151, -70, 148, -78, 14, 68, -34, 229, 141, 131, 
146, 0, -146, -73, 146, -73, 9, 63, -29, 234, 146, 131, 
146, 4, -141, -75, 143, -68, 9, 63, -29, 239, 151, 141, 
151, 4, -146, -78, 148, -70, 4, 73, -34, 248, 161, 146, 
151, 4, -146, -78, 148, -70, 0, 73, -34, 258, 161, 151, 
156, 4, -151, -80, 153, -73, 0, 63, -34, 258, 161, 156, 
165, 4, -161, -85, 163, -78, -4, 63, -43, 258, 165, 161, 
170, 0, -170, -85, 170, -85, 0, 73, -34, 268, 175, 175, 
170, 4, -165, -87, 168, -80, 0, 73, -34, 273, 180, 185, 
175, 14, -161, -95, 168, -73, -4, 73, -34, 278, 185, 190, 
180, 14, -165, -97, 173, -75, -9, 68, -34, 278, 190, 190, 
185, 29, -156, -107, 170, -63, -9, 68, -53, 283, 195, 204, 
195, 34, -161, -114, 178, -63, -14, 68, -58, 287, 195, 209, 
200, 48, -151, -124, 175, -51, -19, 68, -63, 287, 200, 209, 
204, 48, -156, -126, 180, -53, -24, 68, -68, 292, 204, 219, 
204, 43, -161, -124, 183, -58, -19, 68, -58, 297, 209, 214, 
209, 48, -161, -129, 185, -56, -24, 68, -58, 302, 214, 224, 
214, 58, -156, -136, 185, -48, -24, 68, -63, 307, 219, 229, 
219, 68, -151, -143, 185, -41, -29, 63, -68, 307, 224, 229, 
224, 58, -165, -141, 195, -53, -43, 68, -73, 307, 234, 234, 
234, 78, -156, -156, 195, -39, -48, 68, -78, 302, 239, 234, 
239, 92, -146, -165, 192, -26, -58, 68, -82, 302, 239, 239, 
244, 97, -146, -170, 195, -24, -58, 68, -87, 307, 244, 244, 
248, 107, -141, -178, 195, -17, -68, 58, -102, 297, 234, 248, 
258, 112, -146, -185, 202, -17, -78, 58, -107, 297, 244, 258, 
268, 131, -136, -200, 202, -2, -78, 53, -107, 297, 244, 268, 
268, 131, -136, -200, 202, -2, -82, 53, -112, 297, 248, 278, 
273, 126, -146, -200, 209, -9, -87, 58, -117, 307, 253, 278, 
278, 131, -146, -204, 212, -7, -87, 58, -117, 312, 253, 283, 
283, 131, -151, -207, 217, -9, -92, 58, -117, 312, 258, 287, 
287, 131, -156, -209, 222, -12, -97, 53, -117, 312, 263, 297, 
292, 141, -151, -217, 222, -4, -107, 53, -122, 312, 268, 312, 
302, 146, -156, -224, 229, -4, -112, 53, -126, 307, 273, 312, 
307, 146, -161, -226, 234, -7, -112, 53, -131, 307, 278, 317, 
307, 151, -156, -229, 231, -2, -112, 53, -136, 307, 283, 326, 
312, 156, -156, -234, 234, 0, -117, 48, -141, 302, 287, 336, 
312, 161, -151, -236, 231, 4, -122, 43, -141, 302, 287, 341, 
312, 175, -136, -244, 224, 19, -126, 43, -141, 302, 287, 341, 
312, 190, -122, -251, 217, 34, -131, 43, -141, 297, 287, 346, 
322, 195, -126, -258, 224, 34, -141, 29, -151, 287, 292, 346, 
322, 204, -117, -263, 219, 43, -136, 29, -151, 287, 292, 351, 
322, 209, -112, -265, 217, 48, -136, 29, -146, 287, 287, 356, 
322, 214, -107, -268, 214, 53, -136, 29, -146, 287, 287, 361, 
326, 204, -122, -265, 224, 41, -136, 39, -151, 287, 278, 361, 
326, 204, -122, -265, 224, 41, -136, 39, -151, 283, 278, 356, 
326, 209, -117, -268, 222, 46, -141, 34, -151, 283, 278, 356, 
326, 209, -117, -268, 222, 46, -141, 34, -151, 283, 278, 361, 
322, 209, -112, -265, 217, 48, -141, 24, -151, 278, 268, 351, 
317, 214, -102, -265, 209, 56, -136, 24, -146, 273, 268, 351, 
317, 214, -102, -265, 209, 56, -136, 24, -146, 268, 268, 346, 
307, 214, -92, -261, 200, 61, -136, 24, -146, 263, 263, 346, 
302, 219, -82, -261, 192, 68, -131, 34, -136, 263, 253, 346, 
297, 219, -78, -258, 187, 70, -131, 34, -131, 263, 253, 336, 
292, 214, -78, -253, 185, 68, -126, 34, -131, 263, 253, 336, 
283, 204, -78, -244, 180, 63, -126, 29, -126, 258, 248, 336, 
273, 180, -92, -226, 183, 43, -107, 39, -112, 248, 248, 322, 
258, 170, -87, -214, 173, 41, -102, 43, -107, 248, 244, 312, 
248, 165, -82, -207, 165, 41, -97, 43, -102, 248, 234, 307, 
244, 165, -78, -204, 161, 43, -92, 43, -97, 248, 234, 302, 
234, 141, -92, -187, 163, 24, -87, 43, -102, 234, 229, 287, 
234, 136, -97, -185, 165, 19, -82, 43, -97, 234, 224, 273, 
224, 117, -107, -170, 165, 4, -73, 43, -92, 234, 224, 258, 
219, 107, -112, -163, 165, -2, -68, 43, -87, 234, 224, 248, 
204, 87, -117, -146, 161, -14, -53, 53, -73, 229, 209, 248, 
200, 82, -117, -141, 158, -17, -53, 53, -68, 219, 209, 244, 
190, 78, -112, -134, 151, -17, -39, 53, -63, 219, 209, 244, 
185, 73, -112, -129, 148, -19, -39, 53, -58, 219, 200, 244, 
170, 58, -112, -114, 141, -26, -29, 63, -63, 219, 195, 234, 
165, 48, -117, -107, 141, -34, -24, 63, -58, 209, 190, 234, 
161, 39, -122, -100, 141, -41, -19, 68, -53, 209, 185, 229, 
156, 29, -126, -92, 141, -48, -19, 73, -48, 200, 185, 224, 
151, 19, -131, -85, 141, -56, -9, 63, -43, 190, 170, 200, 
146, 14, -131, -80, 139, -58, -9, 63, -43, 190, 161, 190, 
141, 14, -126, -78, 134, -56, -4, 63, -39, 190, 156, 185, 
136, 9, -126, -73, 131, -58, -4, 63, -39, 190, 151, 175, 
141, 4, -136, -73, 139, -65, 0, 63, -39, 185, 151, 165, 
136, 4, -131, -70, 134, -63, 4, 63, -39, 180, 146, 165, 
131, 0, -131, -65, 131, -65, 9, 63, -39, 165, 141, 165, 
126, -4, -131, -61, 129, -68, 14, 63, -29, 161, 141, 161, 
126, -9, -136, -58, 131, -73, 14, 68, -39, 165, 126, 165, 
122, -19, -141, -51, 131, -80, 14, 68, -34, 165, 122, 161, 
117, -19, -136, -48, 126, -78, 24, 73, -24, 165, 122, 161, 
117, -19, -136, -48, 126, -78, 24, 73, -24, 165, 122, 161, 
107, -24, -131, -41, 119, -78, 34, 73, -14, 170, 131, 161, 
112, -34, -146, -39, 129, -90, 34, 78, -14, 165, 126, 151, 
112, -48, -161, -31, 136, -104, 39, 78, -14, 165, 126, 151, 
107, -58, -165, -24, 136, -112, 39, 73, -9, 165, 126, 151, 
117, -53, -170, -31, 143, -112, 29, 82, -19, 156, 117, 136, 
112, -53, -165, -29, 139, -109, 34, 82, -19, 156, 112, 136, 
112, -53, -165, -29, 139, -109, 34, 82, -19, 151, 112, 136, 
112, -53, -165, -29, 139, -109, 34, 82, -14, 146, 107, 141, 
112, -48, -161, -31, 136, -104, 34, 73, -14, 146, 97, 131, 
107, -53, -161, -26, 134, -107, 39, 78, -9, 146, 97, 131, 
107, -58, -165, -24, 136, -112, 39, 78, -9, 146, 97, 131, 
107, -58, -165, -24, 136, -112, 34, 78, -9, 146, 97, 131, 
102, -58, -161, -21, 131, -109, 34, 78, -9, 146, 107, 141, 
102, -58, -161, -21, 131, -109, 39, 82, -9, 151, 107, 141, 
97, -58, -156, -19, 126, -107, 39, 82, -9, 151, 107, 136, 
97, -53, -151, -21, 124, -102, 39, 82, -9, 151, 107, 136, 
97, -63, -161, -17, 129, -112, 39, 82, -9, 151, 112, 136, 
97, -63, -161, -17, 129, -112, 39, 82, -14, 146, 112, 136, 
97, -53, -151, -21, 124, -102, 34, 82, -14, 141, 107, 131, 
97, -63, -161, -17, 129, -112, 34, 78, -9, 141, 107, 126, 
107, -68, -175, -19, 141, -122, 34, 78, -14, 151, 102, 131, 
112, -63, -175, -24, 143, -119, 34, 78, -14, 151, 102, 131, 
112, -58, -170, -26, 141, -114, 34, 78, -14, 146, 97, 131, 
112, -53, -165, -29, 139, -109, 29, 78, -14, 146, 97, 131, 
102, -53, -156, -24, 129, -104, 39, 87, -19, 151, 97, 122, 
97, -53, -151, -21, 124, -102, 43, 87, -19, 151, 97, 122, 
97, -68, -165, -14, 131, -117, 43, 92, -19, 151, 97, 122, 
102, -68, -170, -17, 136, -119, 43, 92, -19, 156, 102, 126, 
102, -58, -161, -21, 131, -109, 34, 92, -19, 146, 112, 126, 
102, -58, -161, -21, 131, -109, 39, 92, -19, 146, 107, 126, 
102, -68, -170, -17, 136, -119, 39, 92, -19, 146, 102, 122, 
102, -73, -175, -14, 139, -124, 39, 92, -19, 146, 102, 122, 
102, -82, -185, -9, 143, -134, 48, 92, -14, 146, 102, 122, 
102, -82, -185, -9, 143, -134, 48, 92, -14, 146, 107, 122, 
107, -82, -190, -12, 148, -136, 48, 92, -14, 146, 107, 122, 
107, -82, -190, -12, 148, -136, 48, 92, -14, 146, 107, 117, 
102, -82, -185, -9, 143, -134, 48, 92, -14, 156, 97, 122, 
102, -87, -190, -7, 146, -139, 48, 92, -14, 156, 97, 126, 
107, -92, -200, -7, 153, -146, 43, 92, -14, 156, 97, 131, 
107, -97, -204, -4, 156, -151, 43, 92, -14, 156, 102, 136, 
97, -102, -200, 2, 148, -151, 43, 102, -14, 156, 112, 126, 
97, -102, -200, 2, 148, -151, 43, 102, -14, 156, 107, 126, 
97, -107, -204, 4, 151, -156, 43, 102, -14, 156, 107, 126, 
97, -97, -195, 0, 146, -146, 43, 102, -14, 156, 107, 126, 
107, -82, -190, -12, 148, -136, 43, 92, -24, 146, 107, 131, 
107, -82, -190, -12, 148, -136, 43, 92, -24, 146, 107, 136, 
107, -82, -190, -12, 148, -136, 43, 92, -24, 146, 107, 136, 
107, -82, -190, -12, 148, -136, 43, 92, -29, 146, 107, 136, 
107, -73, -180, -17, 143, -126, 34, 82, -29, 136, 97, 131, 
107, -73, -180, -17, 143, -126, 34, 82, -29, 136, 102, 131, 
107, -73, -180, -17, 143, -126, 34, 82, -29, 141, 102, 131, 
107, -73, -180, -17, 143, -126, 34, 82, -29, 146, 102, 131, 
112, -73, -185, -19, 148, -129, 34, 92, -29, 136, 112, 131, 
112, -73, -185, -19, 148, -129, 34, 92, -29, 136, 112, 126, 
112, -73, -185, -19, 148, -129, 34, 92, -29, 136, 112, 126, 
112, -73, -185, -19, 148, -129, 34, 92, -29, 136, 112, 126, 
112, -73, -185, -19, 148, -129, 34, 92, -29, 136, 102, 126, 
112, -73, -185, -19, 148, -129, 34, 92, -29, 136, 102, 126, 
112, -73, -185, -19, 148, -129, 34, 92, -29, 136, 102, 126, 
112, -73, -185, -19, 148, -129, 34, 92, -29, 136, 102, 126, 
107, -73, -180, -17, 143, -126, 34, 92, -29, 136, 107, 131, 
107, -73, -180, -17, 143, -126, 34, 92, -34, 136, 107, 136, 
107, -68, -175, -19, 141, -122, 29, 92, -34, 136, 107, 136, 
107, -68, -175, -19, 141, -122, 29, 92, -34, 136, 107, 141, 
117, -63, -180, -26, 148, -122, 29, 97, -29, 136, 117, 151, 
117, -78, -195, -19, 156, -136, 29, 97, -29, 136, 117, 151, 
117, -87, -204, -14, 161, -146, 29, 97, -29, 136, 117, 151, 
117, -78, -195, -19, 156, -136, 29, 97, -29, 136, 117, 156, 
117, -68, -185, -24, 151, -126, 29, 92, -29, 126, 107, 151, 
112, -63, -175, -24, 143, -119, 29, 92, -34, 122, 107, 146, 
112, -58, -170, -26, 141, -114, 29, 92, -34, 122, 107, 141, 
112, -53, -165, -29, 139, -109, 29, 87, -34, 122, 107, 136, 
112, -63, -175, -24, 143, -119, 29, 87, -43, 117, 92, 126, 
112, -58, -170, -26, 141, -114, 29, 87, -43, 117, 92, 126, 
112, -53, -165, -29, 139, -109, 29, 87, -43, 117, 92, 126, 
112, -53, -165, -29, 139, -109, 29, 87, -43, 117, 97, 126, 
122, -43, -165, -39, 143, -104, 29, 87, -43, 117, 107, 136, 
122, -48, -170, -36, 146, -109, 29, 87, -39, 117, 107, 136, 
122, -48, -170, -36, 146, -109, 34, 92, -39, 117, 107, 136, 
122, -48, -170, -36, 146, -109, 34, 92, -39, 117, 107, 136, 
122, -58, -180, -31, 151, -119, 39, 92, -39, 117, 107, 136, 
122, -58, -180, -31, 151, -119, 39, 92, -39, 117, 107, 136, 
122, -63, -185, -29, 153, -124, 39, 92, -39, 117, 102, 136, 
122, -63, -185, -29, 153, -124, 39, 92, -39, 117, 102, 141, 
122, -68, -190, -26, 156, -129, 29, 92, -39, 117, 87, 131, 
122, -68, -190, -26, 156, -129, 29, 92, -39, 112, 87, 131, 
122, -68, -190, -26, 156, -129, 29, 92, -43, 112, 87, 131, 
122, -68, -190, -26, 156, -129, 29, 92, -43, 112, 87, 126, 
122, -68, -190, -26, 156, -129, 29, 102, -39, 112, 78, 126, 
122, -68, -190, -26, 156, -129, 29, 102, -39, 107, 78, 122, 
122, -63, -185, -29, 153, -124, 29, 102, -39, 107, 78, 122, 
122, -63, -185, -29, 153, -124, 29, 102, -39, 107, 78, 126, 
122, -73, -195, -24, 158, -134, 39, 102, -39, 97, 87, 126, 
122, -68, -190, -26, 156, -129, 39, 102, -39, 97, 87, 122, 
122, -68, -190, -26, 156, -129, 39, 102, -39, 97, 87, 122, 
122, -68, -190, -26, 156, -129, 39, 102, -39, 102, 82, 122, 
131, -68, -200, -31, 165, -134, 29, 92, -29, 92, 82, 122, 
131, -68, -200, -31, 165, -134, 29, 92, -29, 87, 78, 122, 
126, -68, -195, -29, 161, -131, 29, 92, -29, 87, 78, 122, 
126, -73, -200, -26, 163, -136, 29, 92, -29, 87, 78, 126, 
122, -82, -204, -19, 163, -143, 39, 102, -29, 87, 78, 136, 
122, -87, -209, -17, 165, -148, 39, 102, -29, 87, 78, 136, 
122, -87, -209, -17, 165, -148, 39, 107, -29, 87, 82, 131, 
122, -87, -209, -17, 165, -148, 39, 107, -29, 87, 82, 131, 
122, -87, -209, -17, 165, -148, 39, 107, -29, 97, 78, 122, 
122, -92, -214, -14, 168, -153, 43, 107, -29, 97, 78, 122, 
122, -97, -219, -12, 170, -158, 48, 107, -29, 87, 78, 117, 
122, -97, -219, -12, 170, -158, 48, 107, -29, 87, 78, 117, 
126, -73, -200, -26, 163, -136, 34, 97, -39, 78, 63, 107, 
126, -78, -204, -24, 165, -141, 34, 97, -39, 78, 63, 107, 
122, -78, -200, -21, 161, -139, 34, 97, -39, 78, 58, 107, 
122, -73, -195, -24, 158, -134, 34, 97, -39, 78, 58, 107, 
122, -73, -195, -24, 158, -134, 43, 97, -39, 68, 58, 112, 
122, -78, -200, -21, 161, -139, 43, 97, -39, 68, 58, 112, 
122, -78, -200, -21, 161, -139, 43, 97, -39, 68, 58, 117, 
122, -82, -204, -19, 163, -143, 43, 97, -39, 68, 58, 117, 
122, -92, -214, -14, 168, -153, 43, 107, -43, 68, 58, 117, 
122, -87, -209, -17, 165, -148, 43, 107, -43, 73, 58, 117, 
122, -87, -209, -17, 165, -148, 43, 107, -39, 73, 58, 117, 
122, -87, -209, -17, 165, -148, 48, 107, -39, 73, 58, 112, 
117, -97, -214, -9, 165, -156, 39, 107, -39, 68, 58, 102, 
117, -97, -214, -9, 165, -156, 39, 107, -39, 68, 58, 97, 
117, -102, -219, -7, 168, -161, 39, 107, -39, 68, 58, 97, 
117, -102, -219, -7, 168, -161, 39, 107, -39, 68, 58, 97, 
117, -87, -204, -14, 161, -146, 39, 107, -39, 63, 58, 97, 
117, -87, -204, -14, 161, -146, 39, 107, -39, 63, 58, 102, 
117, -92, -209, -12, 163, -151, 39, 107, -39, 68, 58, 102, 
117, -97, -214, -9, 165, -156, 39, 107, -39, 68, 58, 102, 
107, -97, -204, -4, 156, -151, 48, 107, -39, 58, 58, 112, 
107, -92, -200, -7, 153, -146, 48, 102, -43, 58, 58, 112, 
107, -92, -200, -7, 153, -146, 48, 102, -43, 58, 58, 112, 
107, -97, -204, -4, 156, -151, 48, 107, -39, 58, 58, 112, 
117, -97, -214, -9, 165, -156, 48, 107, -39, 58, 53, 122, 
117, -97, -214, -9, 165, -156, 48, 107, -39, 58, 53, 122, 
117, -97, -214, -9, 165, -156, 48, 107, -39, 58, 53, 122, 
117, -97, -214, -9, 165, -156, 48, 107, -39, 58, 53, 122, 
117, -102, -219, -7, 168, -161, 48, 117, -29, 58, 53, 117, 
117, -102, -219, -7, 168, -161, 48, 117, -29, 58, 53, 112, 
117, -102, -219, -7, 168, -161, 48, 117, -29, 58, 58, 107, 
122, -102, -224, -9, 173, -163, 53, 117, -29, 58, 58, 102, 
112, -102, -214, -4, 163, -158, 53, 117, -29, 58, 58, 97, 
112, -102, -214, -4, 163, -158, 53, 117, -29, 58, 58, 92, 
107, -102, -209, -2, 158, -156, 53, 117, -29, 58, 58, 87, 
107, -97, -204, -4, 156, -151, 53, 117, -34, 58, 58, 82, 
107, -97, -204, -4, 156, -151, 53, 117, -34, 58, 63, 87, 
107, -97, -204, -4, 156, -151, 48, 117, -34, 58, 63, 92, 
107, -97, -204, -4, 156, -151, 48, 117, -34, 58, 63, 97, 
107, -92, -200, -7, 153, -146, 48, 117, -34, 53, 63, 102, 
102, -92, -195, -4, 148, -143, 58, 117, -29, 53, 63, 102, 
102, -97, -200, -2, 151, -148, 58, 117, -29, 53, 63, 107, 
102, -102, -204, 0, 153, -153, 58, 117, -29, 53, 63, 112, 
102, -107, -209, 2, 156, -158, 58, 117, -29, 53, 63, 117, 
112, -107, -219, -2, 165, -163, 58, 117, -29, 53, 53, 117, 
112, -107, -219, -2, 165, -163, 58, 117, -29, 48, 53, 117, 
112, -107, -219, -2, 165, -163, 58, 117, -29, 48, 53, 117, 
112, -107, -219, -2, 165, -163, 58, 117, -29, 53, 53, 117, 
112, -97, -209, -7, 161, -153, 48, 126, -39, 48, 43, 117, 
112, -97, -209, -7, 161, -153, 48, 126, -39, 43, 43, 112, 
112, -97, -209, -7, 161, -153, 48, 126, -39, 39, 48, 107, 
107, -97, -204, -4, 156, -151, 48, 126, -39, 34, 48, 102, 
107, -97, -204, -4, 156, -151, 48, 126, -39, 34, 58, 102, 
107, -97, -204, -4, 156, -151, 48, 126, -39, 34, 58, 102, 
107, -97, -204, -4, 156, -151, 48, 126, -39, 34, 58, 97, 
107, -97, -204, -4, 156, -151, 48, 126, -39, 34, 58, 97, 
107, -87, -195, -9, 151, -141, 39, 126, -29, 34, 58, 97, 
107, -87, -195, -9, 151, -141, 39, 126, -29, 34, 58, 92, 
107, -87, -195, -9, 151, -141, 39, 126, -29, 29, 58, 87, 
112, -87, -200, -12, 156, -143, 39, 126, -29, 29, 53, 82, 
112, -87, -200, -12, 156, -143, 39, 126, -29, 29, 43, 92, 
107, -97, -204, -4, 156, -151, 39, 126, -29, 34, 48, 92, 
107, -97, -204, -4, 156, -151, 39, 131, -29, 34, 48, 92, 
107, -97, -204, -4, 156, -151, 43, 131, -29, 34, 48, 92, 
107, -92, -200, -7, 153, -146, 43, 131, -29, 29, 58, 92, 
107, -92, -200, -7, 153, -146, 43, 131, -29, 29, 58, 92, 
107, -92, -200, -7, 153, -146, 43, 131, -29, 29, 48, 92, 
107, -87, -195, -9, 151, -141, 43, 131, -29, 29, 48, 92, 
97, -87, -185, -4, 141, -136, 53, 131, -24, 39, 58, 97, 
102, -92, -195, -4, 148, -143, 53, 131, -24, 39, 58, 102, 
102, -97, -200, -2, 151, -148, 53, 131, -24, 39, 58, 107, 
102, -97, -200, -2, 151, -148, 53, 131, -24, 39, 63, 112, 
112, -107, -219, -2, 165, -163, 53, 131, -14, 29, 53, 112, 
112, -102, -214, -4, 163, -158, 53, 131, -14, 29, 53, 107, 
112, -102, -214, -4, 163, -158, 53, 131, -14, 29, 53, 107, 
117, -102, -219, -7, 168, -161, 53, 131, -14, 29, 53, 112, 
107, -107, -214, 0, 161, -161, 53, 141, -14, 34, 48, 102, 
107, -112, -219, 2, 163, -165, 53, 141, -14, 34, 48, 102, 
107, -117, -224, 4, 165, -170, 53, 141, -14, 34, 48, 102, 
107, -122, -229, 7, 168, -175, 53, 131, -14, 39, 48, 102, 
102, -112, -214, 4, 158, -163, 43, 122, -24, 34, 39, 92, 
102, -107, -209, 2, 156, -158, 43, 122, -24, 29, 39, 92, 
107, -107, -214, 0, 161, -161, 43, 122, -24, 24, 39, 92, 
107, -102, -209, -2, 158, -156, 43, 122, -24, 19, 39, 97, 
112, -102, -214, -4, 163, -158, 53, 131, -24, 19, 39, 87, 
102, -87, -190, -7, 146, -139, 43, 122, -34, 9, 29, 78, 
107, -87, -195, -9, 151, -141, 39, 117, -29, 9, 39, 68, 
97, -92, -190, -2, 143, -141, 39, 126, -29, 9, 39, 68, 
97, -97, -195, 0, 146, -146, 39, 126, -29, 9, 39, 68, 
97, -102, -200, 2, 148, -151, 39, 126, -29, 9, 39, 68, 
97, -107, -204, 4, 151, -156, 39, 126, -29, 9, 39, 68, 
87, -107, -195, 9, 141, -151, 48, 126, -19, 19, 48, 82, 
87, -107, -195, 9, 141, -151, 48, 126, -19, 19, 48, 87, 
87, -107, -195, 9, 141, -151, 48, 126, -19, 19, 48, 92, 
87, -107, -195, 9, 141, -151, 48, 126, -19, 19, 48, 97, 
97, -107, -204, 4, 151, -156, 39, 117, -29, 19, 39, 97, 
97, -107, -204, 4, 151, -156, 39, 117, -29, 19, 39, 97, 
97, -107, -204, 4, 151, -156, 39, 117, -29, 19, 39, 97, 
97, -107, -204, 4, 151, -156, 39, 117, -29, 19, 39, 97, 
97, -97, -195, 0, 146, -146, 48, 117, -29, 9, 48, 97, 
97, -97, -195, 0, 146, -146, 48, 117, -29, 9, 48, 97, 
97, -97, -195, 0, 146, -146, 48, 117, -29, 9, 48, 97, 
97, -97, -195, 0, 146, -146, 48, 117, -29, 9, 48, 97, 
97, -107, -204, 4, 151, -156, 48, 117, -19, 19, 48, 87, 
97, -107, -204, 4, 151, -156, 48, 117, -19, 19, 48, 87, 
97, -107, -204, 4, 151, -156, 48, 117, -19, 19, 48, 87, 
97, -107, -204, 4, 151, -156, 48, 117, -19, 19, 48, 87, 
87, -107, -195, 9, 141, -151, 48, 117, -29, 9, 48, 87, 
87, -107, -195, 9, 141, -151, 48, 117, -29, 9, 48, 87, 
87, -107, -195, 9, 141, -151, 48, 117, -29, 9, 48, 87, 
87, -107, -195, 9, 141, -151, 48, 117, -29, 9, 48, 87, 
87, -107, -195, 9, 141, -151, 48, 117, -19, 9, 48, 97, 
87, -107, -195, 9, 141, -151, 48, 117, -19, 9, 48, 97, 
87, -107, -195, 9, 141, -151, 48, 117, -19, 9, 48, 97, 
87, -107, -195, 9, 141, -151, 48, 117, -19, 9, 48, 97, 
87, -117, -204, 14, 146, -161, 48, 117, -19, 19, 48, 87, 
87, -117, -204, 14, 146, -161, 48, 117, -19, 19, 48, 87, 
87, -117, -204, 14, 146, -161, 48, 117, -19, 19, 48, 87, 
87, -117, -204, 14, 146, -161, 48, 117, -19, 19, 48, 87, 
87, -126, -214, 19, 151, -170, 48, 117, -9, 9, 48, 87, 
87, -126, -214, 19, 151, -170, 48, 117, -9, 9, 48, 87, 
87, -126, -214, 19, 151, -170, 48, 117, -9, 9, 48, 87, 
87, -126, -214, 19, 151, -170, 48, 117, -9, 9, 48, 87, 
87, -122, -209, 17, 148, -165, 48, 117, -19, 19, 48, 87, 
87, -117, -204, 14, 146, -161, 48, 117, -19, 19, 48, 87, 
87, -112, -200, 12, 143, -156, 48, 117, -19, 19, 48, 87, 
87, -107, -195, 9, 141, -151, 48, 117, -19, 19, 48, 87, 
87, -112, -200, 12, 143, -156, 48, 117, -9, 9, 48, 97, 
87, -117, -204, 14, 146, -161, 48, 117, -9, 9, 48, 97, 
87, -122, -209, 17, 148, -165, 48, 117, -9, 9, 48, 97, 
87, -126, -214, 19, 151, -170, 48, 117, -9, 9, 48, 97, 
97, -117, -214, 9, 156, -165, 48, 126, -9, 9, 58, 97, 
97, -117, -214, 9, 156, -165, 48, 126, -9, 9, 58, 97, 
97, -117, -214, 9, 156, -165, 48, 126, -9, 9, 58, 97, 
97, -117, -214, 9, 156, -165, 48, 126, -9, 9, 58, 97, 
87, -112, -200, 12, 143, -156, 39, 117, 0, 9, 58, 97, 
87, -107, -195, 9, 141, -151, 39, 117, 0, 9, 58, 97, 
87, -102, -190, 7, 139, -146, 39, 117, 0, 9, 58, 97, 
92, -97, -190, 2, 141, -143, 39, 117, 0, 19, 58, 107, 
102, -92, -195, -4, 148, -143, 34, 107, 9, 29, 63, 117, 
97, -87, -185, -4, 141, -136, 34, 102, 14, 34, 68, 117, 
97, -78, -175, -9, 136, -126, 24, 102, 19, 39, 78, 122, 
102, -68, -170, -17, 136, -119, 19, 97, 19, 43, 78, 122, 
92, -53, -146, -19, 119, -100, 9, 97, 24, 39, 87, 122, 
92, -48, -141, -21, 117, -95, 9, 97, 24, 43, 87, 122, 
97, -43, -141, -26, 119, -92, 9, 97, 24, 43, 87, 126, 
97, -39, -136, -29, 117, -87, 9, 97, 24, 43, 97, 126, 
102, -39, -141, -31, 122, -90, 9, 107, 39, 53, 107, 141, 
107, -43, -151, -31, 129, -97, 9, 107, 39, 53, 107, 141, 
112, -43, -156, -34, 134, -100, 9, 107, 39, 53, 107, 136, 
117, -43, -161, -36, 139, -102, 0, 107, 39, 58, 112, 136, 
126, -48, -175, -39, 151, -112, 9, 117, 29, 63, 102, 126, 
126, -43, -170, -41, 148, -107, 4, 117, 29, 68, 112, 136, 
131, -39, -170, -46, 151, -104, 0, 117, 29, 73, 117, 141, 
131, -34, -165, -48, 148, -100, -4, 107, 34, 87, 126, 151, 
131, -9, -141, -61, 136, -75, -19, 92, 39, 82, 126, 156, 
141, 4, -136, -73, 139, -65, -24, 87, 39, 87, 131, 151, 
141, 34, -107, -87, 124, -36, -39, 78, 39, 97, 131, 161, 
136, 39, -97, -87, 117, -29, -48, 68, 43, 102, 136, 161, 
122, 39, -82, -80, 102, -21, -48, 58, 53, 112, 146, 165, 
117, 43, -73, -80, 95, -14, -48, 43, 63, 112, 146, 170, 
117, 48, -68, -82, 92, -9, -48, 39, 68, 112, 146, 180, 
117, 58, -58, -87, 87, 0, -53, 29, 68, 112, 151, 190, 
117, 58, -58, -87, 87, 0, -58, 39, 73, 112, 165, 200, 
117, 63, -53, -90, 85, 4, -63, 29, 73, 117, 165, 209, 
117, 68, -48, -92, 82, 9, -63, 29, 73, 117, 170, 214, 
117, 73, -43, -95, 80, 14, -63, 29, 73, 122, 175, 219, 
122, 92, -29, -107, 75, 31, -78, 29, 63, 117, 170, 219, 
126, 97, -29, -112, 78, 34, -78, 29, 63, 117, 175, 224, 
131, 107, -24, -119, 78, 41, -78, 29, 58, 122, 175, 229, 
136, 107, -29, -122, 82, 39, -82, 29, 58, 122, 175, 234, 
136, 117, -19, -126, 78, 48, -82, 19, 48, 126, 185, 239, 
136, 122, -14, -129, 75, 53, -82, 24, 48, 126, 190, 244, 
136, 122, -14, -129, 75, 53, -82, 24, 43, 126, 190, 244, 
136, 117, -19, -126, 78, 48, -78, 24, 43, 117, 185, 244, 
126, 107, -19, -117, 73, 43, -73, 24, 43, 126, 175, 229, 
126, 97, -29, -112, 78, 34, -68, 29, 39, 126, 170, 224, 
126, 87, -39, -107, 82, 24, -63, 34, 34, 112, 165, 219, 
126, 78, -48, -102, 87, 14, -58, 39, 24, 107, 156, 204, 
126, 68, -58, -97, 92, 4, -48, 43, 14, 92, 151, 204, 
126, 68, -58, -97, 92, 4, -48, 43, 14, 92, 146, 204, 
126, 68, -58, -97, 92, 4, -43, 43, 9, 87, 146, 204, 
126, 68, -58, -97, 92, 4, -43, 48, 9, 82, 141, 204, 
131, 63, -68, -97, 100, -2, -43, 53, 14, 68, 136, 195, 
131, 53, -78, -92, 104, -12, -39, 58, 14, 68, 131, 190, 
122, 39, -82, -80, 102, -21, -29, 63, 9, 58, 122, 185, 
117, 14, -102, -65, 109, -43, -24, 73, 4, 43, 107, 165, 
112, 0, -112, -56, 112, -56, -4, 87, 4, 43, 112, 156, 
112, -14, -126, -48, 119, -70, 4, 87, 9, 43, 112, 146, 
112, -24, -136, -43, 124, -80, 9, 92, 9, 39, 107, 141, 
112, -48, -161, -31, 136, -104, 14, 97, 9, 39, 102, 141, 
97, -58, -156, -19, 126, -107, 19, 92, -4, 29, 87, 126, 
97, -73, -170, -12, 134, -122, 29, 97, -4, 29, 82, 117, 
97, -82, -180, -7, 139, -131, 29, 102, -4, 14, 73, 112, 
97, -92, -190, -2, 143, -141, 34, 107, -4, 0, 53, 102, 
92, -112, -204, 9, 148, -158, 39, 112, 4, -9, 63, 102, 
92, -122, -214, 14, 153, -168, 43, 112, 0, -9, 48, 97, 
92, -122, -214, 14, 153, -168, 43, 117, -4, -14, 43, 102, 
92, -122, -214, 14, 153, -168, 48, 117, -4, -14, 43, 102, 
102, -117, -219, 7, 161, -168, 58, 126, -4, -24, 43, 92, 
102, -117, -219, 7, 161, -168, 58, 126, -4, -29, 43, 92, 
97, -122, -219, 12, 158, -170, 58, 126, -4, -34, 43, 92, 
97, -131, -229, 17, 163, -180, 58, 131, -4, -34, 43, 92, 
97, -131, -229, 17, 163, -180, 58, 131, -4, -24, 43, 87, 
97, -131, -229, 17, 163, -180, 63, 131, -4, -24, 43, 78, 
97, -131, -229, 17, 163, -180, 63, 131, -4, -24, 43, 78, 
97, -141, -239, 21, 168, -190, 63, 131, -4, -24, 39, 87, 
97, -131, -229, 17, 163, -180, 68, 136, -4, -29, 29, 92, 
97, -136, -234, 19, 165, -185, 68, 136, -4, -34, 29, 92, 
97, -136, -234, 19, 165, -185, 68, 136, -4, -34, 24, 78, 
97, -136, -234, 19, 165, -185, 68, 136, -9, -34, 24, 78, 
97, -131, -229, 17, 163, -180, 58, 136, -14, -48, 24, 78, 
97, -131, -229, 17, 163, -180, 63, 136, -14, -48, 24, 78, 
97, -141, -239, 21, 168, -190, 63, 136, -9, -43, 24, 78, 
97, -146, -244, 24, 170, -195, 68, 136, -9, -43, 24, 78, 
92, -146, -239, 26, 165, -192, 68, 141, -9, -39, 34, 87, 
92, -151, -244, 29, 168, -197, 73, 141, -9, -39, 29, 87, 
92, -151, -244, 29, 168, -197, 73, 146, -9, -34, 29, 87, 
97, -156, -253, 29, 175, -204, 73, 151, -9, -29, 29, 82, 
102, -190, -292, 43, 197, -241, 92, 165, 0, -19, 34, 78, 
112, -200, -312, 43, 212, -256, 97, 190, -4, -24, 43, 63, 
131, -214, -346, 41, 239, -280, 112, 209, -9, -4, 39, 34, 
146, -209, -356, 31, 251, -283, 117, 244, -9, 24, 43, 9, 
156, -200, -356, 21, 256, -278, 117, 268, -19, 63, 58, -4, 
170, -180, -351, 4, 261, -265, 107, 283, -24, 102, 87, 4, 
200, -161, -361, -19, 280, -261, 92, 297, -39, 146, 141, 14, 
214, -131, -346, -41, 280, -239, 87, 317, -58, 180, 190, 24, 
244, -82, -326, -80, 285, -204, 68, 307, -63, 224, 248, 53, 
263, -4, -268, -129, 265, -136, 39, 273, -73, 283, 326, 107, 
273, 107, -165, -190, 219, -29, -14, 224, -63, 346, 419, 224, 
287, 253, -34, -270, 161, 109, -78, 156, -53, 409, 531, 361, 
307, 419, 112, -363, 97, 265, -151, 68, -63, 468, 639, 536, 
322, 590, 268, -456, 26, 429, -229, -29, -78, 512, 736, 717, 
336, 736, 400, -536, -31, 568, -302, -122, -78, 546, 810, 878, 
336, 888, 551, -612, -107, 719, -375, -200, -68, 595, 907, 1049, 
346, 1049, 702, -697, -178, 875, -463, -302, -53, 668, 1024, 1220, 
346, 1185, 839, -766, -246, 1012, -531, -400, -39, 707, 1112, 1356, 
346, 1278, 932, -812, -292, 1105, -590, -497, -19, 712, 1166, 1468, 
341, 1361, 1019, -851, -339, 1190, -644, -575, -19, 663, 1156, 1551, 
312, 1361, 1049, -836, -368, 1205, -644, -610, -14, 546, 1054, 1551, 
258, 1244, 985, -751, -363, 1115, -585, -585, 19, 414, 888, 1439, 
195, 1107, 912, -651, -358, 1010, -517, -556, 58, 312, 746, 1307, 
146, 980, 834, -563, -344, 907, -468, -522, 73, 204, 585, 1171, 
87, 829, 741, -458, -326, 785, -400, -478, 87, 82, 409, 1005, 
29, 639, 610, -334, -290, 624, -307, -409, 112, 4, 268, 829, 
-29, 458, 488, -214, -258, 473, -214, -341, 151, -39, 170, 649, 
-82, 287, 370, -102, -226, 329, -122, -263, 175, -63, 102, 463, 
-112, 141, 253, -14, -183, 197, -43, -195, 195, -92, 39, 302, 
-146, 34, 180, 56, -163, 107, 24, -146, 224, -107, 4, 180, 
-165, -48, 117, 107, -141, 34, 73, -102, 244, -131, -24, 92, 
-161, -131, 29, 146, -95, -51, 122, -43, 239, -185, -73, 43, 
-161, -209, -48, 185, -56, -129, 170, 29, 239, -253, -156, -4, 
-161, -331, -170, 246, 4, -251, 234, 117, 224, -346, -283, -73, 
-146, -439, -292, 292, 73, -366, 287, 200, 209, -409, -380, -141, 
-136, -478, -341, 307, 102, -409, 302, 239, 195, -424, -405, -156, 
-122, -468, -346, 295, 112, -407, 292, 253, 175, -414, -375, -141, 
-78, -458, -380, 268, 151, -419, 278, 268, 141, -400, -356, -146, 
-43, -458, -414, 251, 185, -436, 263, 273, 126, -380, -326, -146, 
-14, -444, -429, 229, 207, -436, 253, 283, 136, -346, -292, -156, 
4, -405, -409, 200, 207, -407, 229, 287, 126, -307, -263, -151, 
24, -361, -385, 168, 204, -373, 209, 287, 112, -278, -219, -131, 
39, -312, -351, 136, 195, -331, 190, 273, 102, -239, -165, -82, 
53, -268, -322, 107, 187, -295, 170, 253, 92, -180, -112, -34, 
53, -229, -283, 87, 168, -256, 156, 244, 87, -136, -73, 4, 
53, -200, -253, 73, 153, -226, 151, 219, 73, -112, -48, 34, 
58, -195, -253, 68, 156, -224, 146, 200, 68, -82, -34, 39, 
78, -195, -273, 58, 175, -234, 136, 200, 58, -73, -24, 39, 
97, -190, -287, 46, 192, -239, 122, 190, 48, -68, -29, 24, 
117, -180, -297, 31, 207, -239, 117, 180, 43, -58, -34, 24, 
117, -170, -287, 26, 202, -229, 102, 170, 43, -58, -24, 24, 
117, -156, -273, 19, 195, -214, 87, 165, 29, -53, 0, 29, 
117, -146, -263, 14, 190, -204, 87, 161, 19, -34, 14, 43, 
102, -141, -244, 19, 173, -192, 87, 161, 24, -34, 19, 53, 
112, -146, -258, 17, 185, -202, 87, 161, 14, -29, 19, 53, 
107, -146, -253, 19, 180, -200, 87, 161, 14, -29, 24, 53, 
107, -146, -253, 19, 180, -200, 87, 165, 19, -29, 24, 53, 
107, -146, -253, 19, 180, -200, 87, 165, 24, -29, 19, 48, 
122, -156, -278, 17, 200, -217, 87, 165, 34, -19, 9, 58, 
122, -156, -278, 17, 200, -217, 87, 165, 34, -19, 9, 48, 
131, -156, -287, 12, 209, -222, 87, 165, 29, -19, 9, 48, 
131, -156, -287, 12, 209, -222, 87, 165, 24, -19, 14, 48, 
122, -146, -268, 12, 195, -207, 87, 165, 34, -9, 14, 53, 
126, -136, -263, 4, 195, -200, 82, 165, 29, -4, 19, 58, 
131, -131, -263, 0, 197, -197, 82, 161, 29, -4, 24, 58, 
131, -122, -253, -4, 192, -187, 82, 161, 29, -4, 34, 58, 
141, -122, -263, -9, 202, -192, 73, 161, 29, -4, 39, 58, 
141, -122, -263, -9, 202, -192, 73, 161, 29, 0, 39, 58, 
141, -122, -263, -9, 202, -192, 73, 161, 34, 0, 34, 68, 
141, -122, -263, -9, 202, -192, 73, 161, 34, 0, 34, 68, 
141, -136, -278, -2, 209, -207, 78, 161, 34, -9, 34, 73, 
146, -136, -283, -4, 214, -209, 78, 161, 34, -4, 34, 73, 
146, -136, -283, -4, 214, -209, 78, 156, 39, 0, 43, 82, 
146, -126, -273, -9, 209, -200, 78, 156, 39, 0, 43, 82, 
136, -126, -263, -4, 200, -195, 82, 165, 43, 9, 43, 92, 
136, -126, -263, -4, 200, -195, 82, 161, 43, 9, 48, 102, 
136, -131, -268, -2, 202, -200, 78, 161, 43, 9, 48, 92, 
136, -136, -273, 0, 204, -204, 78, 161, 43, 9, 43, 92, 
141, -126, -268, -7, 204, -197, 73, 146, 43, 9, 53, 82, 
141, -126, -268, -7, 204, -197, 73, 146, 43, 14, 53, 87, 
141, -131, -273, -4, 207, -202, 73, 146, 43, 19, 63, 87, 
146, -131, -278, -7, 212, -204, 73, 146, 43, 19, 63, 87, 
146, -126, -273, -9, 209, -200, 68, 146, 34, 14, 53, 87, 
146, -117, -263, -14, 204, -190, 58, 146, 34, 19, 53, 82, 
146, -112, -258, -17, 202, -185, 53, 141, 34, 19, 53, 78, 
146, -102, -248, -21, 197, -175, 48, 141, 34, 19, 53, 78, 
146, -92, -239, -26, 192, -165, 43, 141, 29, 19, 58, 82, 
151, -92, -244, -29, 197, -168, 43, 136, 29, 19, 58, 82, 
151, -87, -239, -31, 195, -163, 34, 136, 29, 19, 58, 78, 
151, -78, -229, -36, 190, -153, 34, 136, 29, 24, 58, 78, 
156, -82, -239, -36, 197, -161, 39, 146, 29, 34, 63, 78, 
156, -78, -234, -39, 195, -156, 39, 146, 24, 34, 68, 78, 
156, -73, -229, -41, 192, -151, 39, 141, 24, 39, 68, 78, 
156, -73, -229, -41, 192, -151, 39, 141, 24, 43, 68, 78, 
170, -68, -239, -51, 204, -153, 24, 131, 14, 39, 78, 92, 
170, -63, -234, -53, 202, -148, 24, 131, 19, 43, 78, 102, 
170, -53, -224, -58, 197, -139, 24, 126, 19, 48, 87, 107, 
170, -48, -219, -61, 195, -134, 24, 126, 19, 48, 87, 107, 
170, -39, -209, -65, 190, -124, 29, 131, 19, 48, 87, 107, 
175, -39, -214, -68, 195, -126, 29, 131, 19, 48, 87, 107, 
185, -29, -214, -78, 200, -122, 29, 131, 14, 58, 87, 107, 
185, -29, -214, -78, 200, -122, 29, 131, 14, 63, 92, 112, 
195, -48, -244, -73, 219, -146, 24, 136, 24, 73, 107, 122, 
195, -53, -248, -70, 222, -151, 24, 136, 24, 73, 112, 122, 
195, -53, -248, -70, 222, -151, 19, 131, 29, 78, 117, 122, 
195, -53, -248, -70, 222, -151, 19, 131, 29, 82, 122, 131, 
190, -58, -248, -65, 219, -153, 24, 141, 24, 92, 131, 141, 
190, -53, -244, -68, 217, -148, 19, 141, 24, 102, 131, 141, 
195, -48, -244, -73, 219, -146, 19, 131, 24, 102, 131, 141, 
204, -43, -248, -80, 226, -146, 14, 131, 14, 102, 136, 141, 
209, -24, -234, -92, 222, -129, 0, 122, 4, 102, 136, 146, 
209, -14, -224, -97, 217, -119, 0, 122, 4, 107, 141, 156, 
214, 0, -214, -107, 214, -107, -4, 122, 4, 112, 146, 161, 
219, 4, -214, -112, 217, -104, -9, 117, 4, 112, 151, 161, 
224, 19, -204, -122, 214, -92, -19, 107, -4, 112, 151, 161, 
234, 24, -209, -129, 222, -92, -24, 107, -9, 112, 146, 161, 
239, 39, -200, -139, 219, -80, -29, 107, -14, 107, 146, 156, 
244, 39, -204, -141, 224, -82, -34, 107, -19, 107, 146, 161, 
253, 53, -200, -153, 226, -73, -48, 117, -29, 112, 151, 156, 
258, 58, -200, -158, 229, -70, -53, 117, -29, 117, 156, 165, 
263, 68, -195, -165, 229, -63, -53, 117, -34, 122, 161, 170, 
268, 78, -190, -173, 229, -56, -58, 112, -39, 122, 165, 170, 
263, 68, -195, -165, 229, -63, -63, 107, -34, 122, 175, 190, 
273, 87, -185, -180, 229, -48, -68, 107, -39, 117, 180, 195, 
278, 102, -175, -190, 226, -36, -78, 107, -43, 117, 180, 204, 
283, 107, -175, -195, 229, -34, -78, 107, -48, 122, 185, 214, 
287, 97, -190, -192, 239, -46, -78, 107, -53, 126, 190, 229, 
297, 102, -195, -200, 246, -46, -87, 107, -58, 131, 204, 239, 
307, 122, -185, -214, 246, -31, -87, 102, -58, 136, 209, 248, 
307, 122, -185, -214, 246, -31, -92, 102, -63, 141, 219, 258, 
322, 122, -200, -222, 261, -39, -97, 97, -68, 141, 224, 248, 
326, 131, -195, -229, 261, -31, -97, 97, -68, 146, 224, 253, 
331, 136, -195, -234, 263, -29, -102, 97, -68, 146, 229, 258, 
336, 141, -195, -239, 265, -26, -107, 92, -68, 146, 234, 268, 
341, 156, -185, -248, 263, -14, -117, 92, -63, 146, 234, 273, 
351, 165, -185, -258, 268, -9, -122, 92, -68, 141, 234, 273, 
356, 170, -185, -263, 270, -7, -122, 92, -73, 141, 234, 278, 
356, 180, -175, -268, 265, 2, -122, 92, -78, 141, 234, 287, 
361, 185, -175, -273, 268, 4, -126, 87, -82, 156, 239, 297, 
361, 190, -170, -275, 265, 9, -131, 82, -82, 156, 239, 302, 
361, 204, -156, -283, 258, 24, -136, 82, -82, 156, 239, 302, 
361, 219, -141, -290, 251, 39, -141, 82, -82, 151, 239, 307, 
361, 209, -151, -285, 256, 29, -141, 78, -82, 151, 244, 307, 
361, 214, -146, -287, 253, 34, -136, 78, -82, 151, 244, 312, 
361, 214, -146, -287, 253, 34, -136, 78, -78, 151, 239, 317, 
361, 214, -146, -287, 253, 34, -136, 78, -78, 151, 239, 322, 
366, 224, -141, -295, 253, 41, -146, 78, -78, 141, 239, 331, 
366, 224, -141, -295, 253, 41, -146, 78, -82, 136, 239, 326, 
366, 229, -136, -297, 251, 46, -151, 73, -87, 136, 239, 326, 
366, 229, -136, -297, 251, 46, -151, 73, -92, 136, 239, 331, 
370, 229, -141, -300, 256, 43, -151, 73, -92, 136, 239, 331, 
366, 234, -131, -300, 248, 51, -146, 73, -87, 136, 239, 331, 
366, 234, -131, -300, 248, 51, -146, 73, -87, 136, 239, 326, 
356, 234, -122, -295, 239, 56, -146, 73, -87, 136, 234, 326, 
341, 219, -122, -280, 231, 48, -141, 63, -78, 126, 234, 322, 
336, 219, -117, -278, 226, 51, -141, 63, -73, 126, 234, 307, 
331, 214, -117, -273, 224, 48, -136, 63, -73, 126, 234, 302, 
322, 204, -117, -263, 219, 43, -136, 58, -68, 122, 229, 297, 
312, 180, -131, -246, 222, 24, -126, 68, -53, 122, 229, 302, 
297, 170, -126, -234, 212, 21, -122, 73, -48, 122, 224, 292, 
287, 165, -122, -226, 204, 21, -117, 73, -43, 122, 214, 287, 
283, 165, -117, -224, 200, 24, -112, 73, -39, 122, 214, 283, 
283, 156, -126, -219, 204, 14, -107, 73, -34, 117, 200, 278, 
283, 156, -126, -219, 204, 14, -102, 73, -29, 117, 195, 273, 
273, 141, -131, -207, 202, 4, -92, 73, -24, 117, 195, 268, 
268, 136, -131, -202, 200, 2, -87, 73, -19, 117, 195, 268, 
244, 126, -117, -185, 180, 4, -82, 73, -14, 112, 180, 248, 
239, 122, -117, -180, 178, 2, -82, 73, -9, 102, 180, 234, 
229, 117, -112, -173, 170, 2, -68, 73, -4, 102, 180, 224, 
224, 112, -112, -168, 168, 0, -68, 73, 0, 102, 170, 214, 
219, 102, -117, -161, 168, -7, -58, 73, -4, 92, 161, 204, 
214, 97, -117, -156, 165, -9, -53, 73, 0, 82, 151, 204, 
209, 92, -117, -151, 163, -12, -48, 78, 4, 82, 141, 200, 
204, 87, -117, -146, 161, -14, -48, 82, 9, 73, 136, 195, 
200, 78, -122, -139, 161, -21, -39, 82, 4, 63, 131, 180, 
195, 73, -122, -134, 158, -24, -39, 82, 4, 63, 122, 170, 
190, 73, -117, -131, 153, -21, -34, 82, 9, 63, 117, 165, 
185, 68, -117, -126, 151, -24, -34, 82, 9, 63, 112, 156, 
190, 43, -146, -117, 168, -51, -29, 82, 14, 63, 112, 161, 
185, 43, -141, -114, 163, -48, -24, 82, 19, 63, 107, 165, 
180, 39, -141, -109, 161, -51, -19, 82, 24, 53, 102, 170, 
175, 34, -141, -104, 158, -53, -14, 82, 39, 53, 102, 170, 
175, 24, -151, -100, 163, -63, -24, 78, 29, 53, 97, 151, 
170, 19, -151, -95, 161, -65, -24, 78, 34, 48, 92, 141, 
165, 24, -141, -95, 153, -58, -14, 82, 43, 43, 92, 136, 
165, 29, -136, -97, 151, -53, -14, 82, 43, 39, 92, 131, 
156, 24, -131, -90, 143, -53, -4, 82, 43, 43, 92, 141, 
161, 24, -136, -92, 148, -56, -4, 87, 43, 39, 87, 131, 
161, 19, -141, -90, 151, -61, 0, 87, 43, 39, 87, 131, 
156, 19, -136, -87, 146, -58, 0, 82, 48, 39, 87, 131, 
146, 9, -136, -78, 141, -63, 9, 92, 58, 48, 92, 141, 
141, 4, -136, -73, 139, -65, 14, 92, 58, 48, 92, 146, 
141, 0, -141, -70, 141, -70, 14, 92, 58, 43, 97, 151, 
141, -4, -146, -68, 143, -75, 14, 92, 63, 39, 97, 161, 
151, 0, -151, -75, 151, -75, 4, 92, 53, 39, 87, 161, 
146, -4, -151, -70, 148, -78, 9, 97, 58, 39, 87, 161, 
146, -9, -156, -68, 151, -82, 9, 97, 58, 39, 87, 161, 
146, -9, -156, -68, 151, -82, 4, 97, 58, 39, 87, 161, 
151, -4, -156, -73, 153, -80, 4, 87, 48, 29, 78, 146, 
151, 0, -151, -75, 151, -75, 9, 92, 48, 34, 78, 141, 
146, 4, -141, -75, 143, -68, 9, 92, 48, 34, 78, 131, 
146, 14, -131, -80, 139, -58, 9, 92, 48, 34, 78, 126, 
146, 14, -131, -80, 139, -58, 9, 82, 48, 34, 82, 126, 
146, 14, -131, -80, 139, -58, 9, 82, 43, 29, 82, 126, 
146, 24, -122, -85, 134, -48, 4, 82, 43, 24, 78, 122, 
146, 14, -131, -80, 139, -58, 4, 78, 48, 24, 78, 117, 
146, 9, -136, -78, 141, -63, 4, 87, 43, 34, 78, 122, 
151, 14, -136, -82, 143, -61, 4, 87, 43, 34, 82, 122, 
151, 19, -131, -85, 141, -56, 4, 87, 43, 29, 82, 122, 
151, 24, -126, -87, 139, -51, 0, 87, 43, 29, 87, 122, 
151, 24, -126, -87, 139, -51, 0, 78, 58, 24, 78, 126, 
146, 24, -122, -85, 134, -48, 4, 78, 58, 24, 78, 131, 
146, 9, -136, -78, 141, -63, 4, 82, 58, 24, 78, 136, 
151, 9, -141, -80, 146, -65, 4, 82, 58, 29, 82, 146, 
151, 0, -151, -75, 151, -75, 14, 92, 58, 29, 82, 146, 
151, 0, -151, -75, 151, -75, 19, 92, 58, 29, 78, 146, 
151, -9, -161, -70, 156, -85, 19, 92, 58, 29, 73, 141, 
151, -14, -165, -68, 158, -90, 19, 92, 58, 29, 73, 141, 
151, -4, -156, -73, 153, -80, 19, 92, 53, 39, 82, 141, 
151, -4, -156, -73, 153, -80, 19, 92, 53, 39, 87, 141, 
156, -4, -161, -75, 158, -82, 19, 92, 53, 39, 87, 141, 
156, -4, -161, -75, 158, -82, 19, 92, 53, 39, 87, 136, 
151, 14, -136, -82, 143, -61, 14, 87, 43, 34, 78, 126, 
151, 19, -131, -85, 141, -56, 9, 82, 43, 29, 78, 126, 
156, 24, -131, -90, 143, -53, 0, 78, 43, 24, 78, 126, 
156, 29, -126, -92, 141, -48, -4, 73, 43, 19, 82, 126, 
156, 24, -131, -90, 143, -53, 4, 82, 53, 29, 92, 126, 
156, 24, -131, -90, 143, -53, 4, 82, 53, 29, 87, 126, 
156, 19, -136, -87, 146, -58, 4, 82, 53, 29, 87, 126, 
156, 29, -126, -92, 141, -48, 4, 82, 53, 29, 87, 126, 
146, 19, -126, -82, 136, -53, 4, 82, 53, 39, 87, 131, 
146, 14, -131, -80, 139, -58, 4, 82, 53, 39, 87, 136, 
146, 9, -136, -78, 141, -63, 4, 82, 53, 39, 87, 136, 
146, 4, -141, -75, 143, -68, 4, 82, 48, 39, 87, 136, 
146, 9, -136, -78, 141, -63, -4, 73, 39, 29, 78, 141, 
146, 14, -131, -80, 139, -58, -4, 73, 39, 29, 82, 141, 
146, 19, -126, -82, 136, -53, -4, 73, 39, 34, 82, 141, 
146, 24, -122, -85, 134, -48, -4, 73, 39, 39, 82, 141, 
151, 14, -136, -82, 143, -61, -4, 82, 39, 29, 82, 136, 
151, 14, -136, -82, 143, -61, -4, 82, 39, 29, 82, 136, 
151, 14, -136, -82, 143, -61, -4, 82, 39, 29, 82, 141, 
151, 14, -136, -82, 143, -61, -4, 82, 39, 29, 82, 146, 
151, 14, -136, -82, 143, -61, 4, 92, 48, 34, 92, 146, 
151, 14, -136, -82, 143, -61, 4, 92, 48, 39, 92, 146, 
151, 14, -136, -82, 143, -61, 4, 92, 48, 43, 92, 146, 
151, 14, -136, -82, 143, -61, 4, 92, 48, 48, 92, 146, 
156, 19, -136, -87, 146, -58, 4, 82, 48, 39, 97, 156, 
156, 24, -131, -90, 143, -53, 4, 82, 43, 39, 97, 156, 
156, 34, -122, -95, 139, -43, 0, 82, 43, 39, 97, 151, 
156, 39, -117, -97, 136, -39, 0, 82, 43, 39, 97, 151, 
156, 39, -117, -97, 136, -39, -9, 78, 48, 39, 87, 141, 
156, 29, -126, -92, 141, -48, -9, 78, 48, 39, 87, 141, 
156, 24, -131, -90, 143, -53, -9, 78, 48, 39, 87, 141, 
156, 39, -117, -97, 136, -39, -9, 78, 48, 39, 87, 146, 
156, 34, -122, -95, 139, -43, -9, 82, 48, 39, 87, 146, 
151, 34, -117, -92, 134, -41, -9, 82, 43, 34, 87, 146, 
151, 34, -117, -92, 134, -41, -9, 82, 43, 34, 87, 146, 
151, 34, -117, -92, 134, -41, -9, 78, 43, 34, 87, 146, 
151, 19, -131, -85, 141, -56, 0, 87, 53, 34, 92, 151, 
151, 19, -131, -85, 141, -56, 0, 87, 53, 39, 92, 156, 
151, 19, -131, -85, 141, -56, 0, 87, 53, 43, 92, 161, 
151, 14, -136, -82, 143, -61, 0, 87, 53, 48, 97, 165, 
151, 24, -126, -87, 139, -51, -9, 78, 43, 39, 97, 161, 
151, 19, -131, -85, 141, -56, -9, 78, 48, 39, 97, 156, 
151, 19, -131, -85, 141, -56, -4, 82, 48, 39, 97, 151, 
151, 19, -131, -85, 141, -56, -4, 82, 48, 39, 97, 146, 
151, 29, -122, -90, 136, -46, 0, 82, 48, 39, 97, 146, 
151, 29, -122, -90, 136, -46, 0, 82, 48, 39, 97, 146, 
151, 24, -126, -87, 139, -51, 0, 82, 48, 39, 92, 146, 
151, 24, -126, -87, 139, -51, 0, 82, 48, 39, 92, 151, 
151, 24, -126, -87, 139, -51, 0, 73, 48, 39, 87, 151, 
151, 29, -122, -90, 136, -46, 0, 73, 48, 34, 87, 151, 
151, 34, -117, -92, 134, -41, 0, 73, 43, 34, 87, 151, 
151, 39, -112, -95, 131, -36, 0, 73, 43, 34, 87, 146, 
141, 29, -112, -85, 126, -41, 0, 73, 48, 34, 87, 156, 
141, 29, -112, -85, 126, -41, 0, 73, 48, 29, 87, 151, 
141, 34, -107, -87, 124, -36, 0, 73, 48, 29, 87, 151, 
141, 34, -107, -87, 124, -36, 0, 73, 48, 29, 87, 156, 
141, 24, -117, -82, 129, -46, 0, 82, 58, 29, 78, 156, 
141, 29, -112, -85, 126, -41, 0, 82, 58, 29, 78, 151, 
141, 29, -112, -85, 126, -41, 0, 82, 58, 29, 78, 151, 
141, 29, -112, -85, 126, -41, 0, 82, 58, 34, 73, 151, 
141, 19, -122, -80, 131, -51, 4, 92, 58, 34, 82, 151, 
141, 19, -122, -80, 131, -51, 9, 92, 58, 29, 78, 151, 
136, 19, -117, -78, 126, -48, 14, 92, 58, 29, 78, 151, 
136, 14, -122, -75, 129, -53, 19, 92, 58, 29, 78, 156, 
151, 19, -131, -85, 141, -56, 9, 82, 58, 19, 68, 146, 
151, 19, -131, -85, 141, -56, 9, 82, 58, 19, 68, 146, 
151, 24, -126, -87, 139, -51, 9, 87, 58, 19, 73, 141, 
151, 29, -122, -90, 136, -46, 9, 87, 58, 19, 73, 141, 
151, 19, -131, -85, 141, -56, 9, 87, 68, 29, 68, 151, 
151, 14, -136, -82, 143, -61, 14, 87, 68, 29, 68, 151, 
151, 9, -141, -80, 146, -65, 19, 87, 68, 19, 68, 146, 
151, 9, -141, -80, 146, -65, 19, 87, 68, 19, 68, 146, 
156, 9, -146, -82, 151, -68, 24, 87, 68, 19, 73, 156, 
156, 0, -156, -78, 156, -78, 24, 87, 68, 19, 73, 156, 
151, -4, -156, -73, 153, -80, 24, 87, 68, 19, 68, 156, 
151, -4, -156, -73, 153, -80, 24, 87, 68, 19, 68, 156, 
141, 0, -141, -70, 141, -70, 14, 87, 68, 19, 68, 141, 
141, 0, -141, -70, 141, -70, 14, 87, 68, 19, 68, 141, 
141, 4, -136, -73, 139, -65, 14, 87, 68, 19, 68, 146, 
141, 4, -136, -73, 139, -65, 14, 87, 68, 19, 68, 146, 
141, 9, -131, -75, 136, -61, 4, 78, 63, 9, 68, 136, 
141, 19, -122, -80, 131, -51, 4, 78, 63, 14, 68, 136, 
141, 24, -117, -82, 129, -46, 4, 78, 68, 14, 68, 136, 
141, 29, -112, -85, 126, -41, 9, 78, 68, 14, 68, 131, 
136, 29, -107, -82, 122, -39, 9, 78, 58, 9, 68, 141, 
136, 29, -107, -82, 122, -39, 9, 78, 58, 9, 68, 136, 
136, 24, -112, -80, 124, -43, 9, 78, 58, 9, 68, 136, 
136, 24, -112, -80, 124, -43, 9, 78, 58, 9, 68, 136, 
126, 29, -97, -78, 112, -34, 19, 78, 58, 4, 68, 136, 
126, 29, -97, -78, 112, -34, 19, 78, 58, 4, 68, 141, 
126, 24, -102, -75, 114, -39, 19, 78, 58, 9, 68, 141, 
126, 19, -107, -73, 117, -43, 19, 78, 58, 9, 68, 141, 
136, 19, -117, -78, 126, -48, 9, 78, 58, 0, 58, 141, 
136, 24, -112, -80, 124, -43, 9, 73, 53, 0, 58, 141, 
136, 24, -112, -80, 124, -43, 9, 73, 53, 0, 58, 141, 
136, 19, -117, -78, 126, -48, 9, 78, 58, 0, 58, 141, 
136, 9, -126, -73, 131, -58, 9, 78, 68, 9, 63, 141, 
136, 9, -126, -73, 131, -58, 9, 78, 68, 9, 63, 141, 
136, 9, -126, -73, 131, -58, 9, 78, 68, 9, 63, 141, 
136, 9, -126, -73, 131, -58, 9, 78, 68, 9, 63, 141, 
126, -4, -131, -61, 129, -68, 19, 78, 68, 9, 73, 131, 
126, -4, -131, -61, 129, -68, 19, 78, 68, 9, 73, 131, 
126, -4, -131, -61, 129, -68, 19, 78, 68, 9, 78, 131, 
131, -4, -136, -63, 134, -70, 24, 78, 68, 9, 78, 131, 
131, -4, -136, -63, 134, -70, 24, 78, 78, 19, 68, 141, 
131, -4, -136, -63, 134, -70, 24, 78, 78, 19, 68, 141, 
126, -4, -131, -61, 129, -68, 24, 78, 78, 19, 68, 141, 
126, 0, -126, -63, 126, -63, 24, 78, 73, 19, 68, 141, 
136, 9, -126, -73, 131, -58, 24, 78, 73, 9, 63, 141, 
136, 9, -126, -73, 131, -58, 19, 78, 73, 9, 63, 141, 
136, 9, -126, -73, 131, -58, 19, 78, 73, 9, 63, 141, 
136, 14, -122, -75, 129, -53, 19, 78, 73, 4, 63, 141, 
141, 9, -131, -75, 136, -61, 19, 78, 68, 14, 63, 136, 
141, 9, -131, -75, 136, -61, 19, 78, 68, 14, 63, 136, 
141, 9, -131, -75, 136, -61, 19, 78, 68, 14, 63, 136, 
141, 9, -131, -75, 136, -61, 19, 78, 68, 14, 63, 136, 
141, 4, -136, -73, 139, -65, 19, 78, 78, 14, 73, 136, 
141, 0, -141, -70, 141, -70, 19, 78, 78, 9, 73, 136, 
141, -4, -146, -68, 143, -75, 19, 78, 78, 9, 73, 136, 
141, -9, -151, -65, 146, -80, 19, 78, 78, 14, 73, 136, 
131, -9, -141, -61, 136, -75, 29, 78, 78, 14, 73, 141, 
131, -9, -141, -61, 136, -75, 29, 78, 78, 14, 73, 141, 
131, -9, -141, -61, 136, -75, 29, 78, 78, 14, 78, 141, 
126, -9, -136, -58, 131, -73, 29, 78, 78, 14, 78, 141, 
136, 0, -136, -68, 136, -68, 29, 68, 68, 4, 68, 141, 
136, 0, -136, -68, 136, -68, 29, 68, 68, 4, 68, 141, 
136, 0, -136, -68, 136, -68, 29, 68, 68, 4, 68, 136, 
136, 0, -136, -68, 136, -68, 29, 68, 68, 4, 68, 136, 
136, 9, -126, -73, 131, -58, 19, 68, 68, 4, 68, 141, 
136, 9, -126, -73, 131, -58, 19, 68, 68, 4, 68, 141, 
136, 9, -126, -73, 131, -58, 19, 68, 68, 0, 68, 141, 
141, 9, -131, -75, 136, -61, 19, 68, 68, 0, 63, 141, 
141, 0, -141, -70, 141, -70, 29, 78, 78, 9, 73, 141, 
136, -9, -146, -63, 141, -78, 29, 78, 78, 14, 78, 141, 
136, -9, -146, -63, 141, -78, 29, 82, 78, 14, 78, 141, 
136, -9, -146, -63, 141, -78, 34, 82, 78, 14, 78, 141, 
136, -14, -151, -61, 143, -82, 34, 73, 87, 19, 78, 141, 
136, -14, -151, -61, 143, -82, 34, 73, 87, 19, 78, 141, 
136, -14, -151, -61, 143, -82, 34, 73, 87, 19, 68, 141, 
136, -9, -146, -63, 141, -78, 34, 73, 87, 19, 68, 141, 
126, -4, -131, -61, 129, -68, 34, 63, 87, 9, 58, 151, 
131, -4, -136, -63, 134, -70, 34, 63, 82, 9, 58, 151, 
131, -4, -136, -63, 134, -70, 34, 63, 78, 9, 58, 151, 
131, 0, -131, -65, 131, -65, 34, 63, 73, 9, 63, 151, 
131, 9, -122, -70, 126, -56, 24, 63, 73, 0, 63, 141, 
131, 14, -117, -73, 124, -51, 24, 63, 73, 0, 63, 136, 
131, 14, -117, -73, 124, -51, 24, 63, 73, 0, 63, 136, 
136, 14, -122, -75, 129, -53, 24, 63, 73, 0, 63, 141, 
136, 4, -131, -70, 134, -63, 34, 63, 82, 4, 68, 141, 
136, 4, -131, -70, 134, -63, 34, 63, 82, 4, 68, 141, 
136, 4, -131, -70, 134, -63, 34, 63, 82, 4, 68, 141, 
136, 4, -131, -70, 134, -63, 34, 53, 82, 9, 68, 141, 
131, 4, -126, -68, 129, -61, 24, 63, 73, 0, 68, 131, 
131, 9, -122, -70, 126, -56, 24, 63, 73, 0, 68, 131, 
136, 9, -126, -73, 131, -58, 24, 63, 73, 0, 68, 131, 
136, 14, -122, -75, 129, -53, 24, 63, 73, 0, 68, 136, 
131, 34, -97, -82, 114, -31, 14, 53, 63, 0, 78, 136, 
131, 29, -102, -80, 117, -36, 14, 63, 73, 9, 78, 136, 
136, 39, -97, -87, 117, -29, 19, 58, 68, 0, 68, 126, 
136, 29, -107, -82, 122, -39, 19, 58, 68, 0, 68, 126, 
136, 29, -107, -82, 122, -39, 19, 58, 68, 0, 68, 126, 
136, 29, -107, -82, 122, -39, 19, 58, 68, 0, 68, 126, 
136, 29, -107, -82, 122, -39, 19, 58, 68, 0, 68, 126, 
136, 14, -122, -75, 129, -53, 29, 58, 78, 9, 78, 126, 
136, 9, -126, -73, 131, -58, 29, 58, 78, 9, 78, 126, 
136, 4, -131, -70, 134, -63, 29, 58, 78, 9, 78, 126, 
136, 0, -136, -68, 136, -68, 29, 58, 78, 9, 78, 126, 
126, 0, -126, -63, 126, -63, 29, 58, 78, 9, 68, 136, 
126, 0, -126, -63, 126, -63, 29, 58, 78, 9, 68, 136, 
126, 0, -126, -63, 126, -63, 29, 58, 78, 9, 68, 136, 
126, 0, -126, -63, 126, -63, 29, 58, 78, 9, 68, 136, 
126, 0, -126, -63, 126, -63, 29, 58, 78, 9, 68, 136, 
126, 0, -126, -63, 126, -63, 29, 58, 78, 9, 68, 136, 
126, 0, -126, -63, 126, -63, 29, 58, 78, 9, 68, 136, 
126, 0, -126, -63, 126, -63, 29, 58, 78, 9, 68, 136, 
126, 0, -126, -63, 126, -63, 29, 58, 87, 9, 78, 146, 
126, 0, -126, -63, 126, -63, 29, 58, 87, 9, 78, 146, 
126, 0, -126, -63, 126, -63, 29, 58, 87, 9, 78, 146, 
126, 0, -126, -63, 126, -63, 29, 58, 87, 9, 78, 146, 
126, 0, -126, -63, 126, -63, 19, 58, 87, 9, 78, 146, 
126, 0, -126, -63, 126, -63, 19, 58, 87, 9, 78, 146, 
126, 0, -126, -63, 126, -63, 19, 58, 87, 9, 78, 146, 
126, 0, -126, -63, 126, -63, 19, 58, 87, 9, 78, 146, 
136, 0, -136, -68, 136, -68, 19, 58, 87, 9, 78, 146, 
136, 0, -136, -68, 136, -68, 19, 58, 87, 9, 78, 146, 
136, 0, -136, -68, 136, -68, 19, 58, 87, 9, 78, 146, 
136, 0, -136, -68, 136, -68, 19, 58, 87, 9, 78, 146, 
136, 14, -122, -75, 129, -53, 9, 48, 87, 9, 78, 136, 
136, 19, -117, -78, 126, -48, 9, 48, 87, 9, 78, 136, 
141, 24, -117, -82, 129, -46, 9, 48, 87, 19, 78, 146, 
141, 34, -107, -87, 124, -36, 4, 48, 87, 19, 82, 146, 
136, 39, -97, -87, 117, -29, 4, 43, 92, 34, 92, 156, 
136, 48, -87, -92, 112, -19, -4, 43, 97, 39, 107, 161, 
141, 58, -82, -100, 112, -12, -9, 39, 97, 43, 112, 161, 
141, 63, -78, -102, 109, -7, -9, 39, 102, 48, 117, 161, 
141, 68, -73, -104, 107, -2, -9, 39, 112, 53, 107, 161, 
146, 73, -73, -109, 109, 0, -9, 39, 112, 53, 107, 165, 
146, 78, -68, -112, 107, 4, -9, 39, 112, 53, 117, 165, 
151, 82, -68, -117, 109, 7, -19, 39, 117, 53, 117, 170, 
156, 73, -82, -114, 119, -4, -9, 39, 117, 53, 117, 180, 
161, 78, -82, -119, 122, -2, -9, 39, 117, 53, 117, 175, 
165, 82, -82, -124, 124, 0, -19, 39, 117, 58, 122, 175, 
165, 87, -78, -126, 122, 4, -19, 39, 117, 63, 122, 175, 
165, 87, -78, -126, 122, 4, -14, 39, 126, 68, 131, 185, 
170, 87, -82, -129, 126, 2, -19, 39, 126, 73, 136, 190, 
170, 87, -82, -129, 126, 2, -24, 29, 131, 87, 146, 200, 
170, 92, -78, -131, 124, 7, -29, 24, 136, 92, 151, 209, 
180, 117, -63, -148, 122, 26, -43, 19, 126, 97, 161, 200, 
180, 146, -34, -163, 107, 56, -58, 9, 126, 107, 165, 214, 
175, 151, -24, -163, 100, 63, -68, 0, 131, 112, 175, 219, 
170, 165, -4, -168, 87, 80, -68, -9, 141, 112, 175, 219, 
165, 170, 4, -168, 80, 87, -78, -34, 151, 112, 175, 229, 
165, 175, 9, -170, 78, 92, -78, -39, 156, 112, 175, 234, 
165, 185, 19, -175, 73, 102, -82, -48, 156, 112, 180, 239, 
165, 195, 29, -180, 68, 112, -87, -48, 151, 122, 185, 244, 
175, 195, 19, -185, 78, 107, -82, -48, 151, 117, 195, 239, 
175, 195, 19, -185, 78, 107, -82, -48, 151, 117, 200, 239, 
175, 195, 19, -185, 78, 107, -82, -48, 151, 122, 204, 239, 
175, 200, 24, -187, 75, 112, -87, -48, 151, 126, 209, 248, 
175, 214, 39, -195, 68, 126, -97, -58, 141, 126, 214, 239, 
175, 234, 58, -204, 58, 146, -97, -58, 136, 131, 214, 239, 
175, 244, 68, -209, 53, 156, -102, -58, 136, 131, 214, 239, 
175, 253, 78, -214, 48, 165, -102, -58, 136, 136, 214, 239, 
165, 248, 82, -207, 41, 165, -92, -63, 146, 136, 209, 258, 
165, 248, 82, -207, 41, 165, -92, -63, 141, 136, 209, 263, 
165, 244, 78, -204, 43, 161, -87, -63, 141, 126, 204, 268, 
165, 234, 68, -200, 48, 151, -82, -63, 131, 126, 204, 263, 
165, 234, 68, -200, 48, 151, -78, -48, 126, 136, 200, 263, 
165, 224, 58, -195, 53, 141, -73, -43, 122, 122, 195, 263, 
165, 214, 48, -190, 58, 131, -68, -39, 112, 117, 185, 253, 
165, 204, 39, -185, 63, 122, -58, -34, 102, 112, 180, 244, 
165, 195, 29, -180, 68, 112, -68, -34, 102, 112, 180, 234, 
165, 195, 29, -180, 68, 112, -63, -34, 97, 107, 185, 234, 
165, 195, 29, -180, 68, 112, -63, -29, 97, 102, 185, 234, 
161, 180, 19, -170, 70, 100, -53, -24, 92, 97, 185, 224, 
170, 161, -9, -165, 90, 75, -48, -9, 92, 97, 180, 224, 
161, 146, -14, -153, 87, 65, -39, -4, 87, 87, 170, 224, 
156, 122, -34, -139, 95, 43, -34, 4, 82, 73, 156, 209, 
151, 112, -39, -131, 95, 36, -24, 9, 82, 63, 151, 204, 
151, 112, -39, -131, 95, 36, -14, 9, 87, 53, 141, 195, 
151, 107, -43, -129, 97, 31, -9, 14, 87, 48, 136, 190, 
151, 87, -63, -119, 107, 12, -4, 19, 87, 48, 131, 190, 
146, 78, -68, -112, 107, 4, 0, 24, 82, 39, 122, 180, 
146, 53, -92, -100, 119, -19, 9, 29, 82, 48, 112, 170, 
146, 43, -102, -95, 124, -29, 9, 34, 82, 34, 107, 165, 
146, 34, -112, -90, 129, -39, 14, 39, 82, 19, 92, 156, 
141, 24, -117, -82, 129, -46, 19, 43, 82, 9, 92, 146, 
131, 24, -107, -78, 119, -41, 24, 43, 78, 0, 78, 146, 
131, 24, -107, -78, 119, -41, 24, 48, 73, -4, 73, 146, 
131, 24, -107, -78, 119, -41, 29, 48, 73, -4, 73, 141, 
131, 19, -112, -75, 122, -46, 29, 48, 63, -4, 63, 131, 
141, 9, -131, -75, 136, -61, 39, 48, 63, -9, 63, 122, 
136, 4, -131, -70, 134, -63, 39, 48, 63, -14, 63, 122, 
136, -4, -141, -65, 139, -73, 39, 53, 63, -14, 63, 122, 
136, -4, -141, -65, 139, -73, 39, 53, 63, -14, 63, 117, 
126, -4, -131, -61, 129, -68, 43, 53, 53, -14, 73, 107, 
126, -4, -131, -61, 129, -68, 43, 53, 53, -14, 73, 107, 
126, -14, -141, -56, 134, -78, 43, 53, 53, -14, 68, 117, 
126, -14, -141, -56, 134, -78, 48, 58, 53, -19, 68, 122, 
126, -14, -141, -56, 134, -78, 48, 48, 63, -24, 58, 122, 
126, -9, -136, -58, 131, -73, 48, 48, 63, -24, 53, 107, 
126, -4, -131, -61, 129, -68, 48, 48, 58, -24, 53, 107, 
126, 4, -122, -65, 124, -58, 48, 48, 53, -29, 53, 107, 
126, -4, -131, -61, 129, -68, 53, 58, 53, -19, 53, 117, 
126, -14, -141, -56, 134, -78, 53, 58, 58, -14, 53, 117, 
126, -19, -146, -53, 136, -82, 58, 58, 58, -14, 53, 117, 
122, -19, -141, -51, 131, -80, 58, 63, 58, -14, 53, 117, 
131, -14, -146, -58, 139, -80, 63, 63, 58, -29, 58, 117, 
131, -24, -156, -53, 143, -90, 63, 68, 58, -29, 58, 117, 
126, -39, -165, -43, 146, -102, 63, 73, 68, -19, 58, 112, 
131, -53, -185, -39, 158, -119, 73, 87, 68, -19, 53, 107, 
151, -63, -214, -43, 183, -139, 78, 102, 63, -14, 53, 92, 
161, -68, -229, -46, 195, -148, 92, 131, 58, -4, 58, 82, 
175, -82, -258, -46, 217, -170, 97, 165, 48, 24, 73, 58, 
175, -82, -258, -46, 217, -170, 107, 200, 48, 63, 97, 34, 
200, -63, -263, -68, 231, -163, 97, 214, 43, 112, 136, 43, 
219, -34, -253, -92, 236, -143, 92, 239, 29, 156, 180, 53, 
253, -24, -278, -114, 265, -151, 78, 248, 9, 190, 219, 53, 
273, 4, -268, -139, 270, -131, 68, 248, 4, 234, 258, 73, 
292, 73, -219, -183, 256, -73, 39, 214, 4, 283, 336, 156, 
302, 195, -107, -248, 204, 43, -14, 165, 14, 346, 429, 263, 
317, 341, 24, -329, 146, 183, -78, 87, 14, 409, 531, 390, 
336, 517, 180, -427, 78, 348, -161, 0, 4, 458, 639, 536, 
361, 688, 326, -524, 17, 507, -239, -87, 0, 512, 746, 707, 
385, 834, 448, -610, -31, 641, -312, -161, -9, 546, 819, 858, 
395, 985, 590, -690, -97, 788, -385, -248, -9, 585, 907, 1019, 
395, 1156, 761, -775, -183, 958, -463, -351, 4, 649, 1015, 1190, 
395, 1302, 907, -849, -256, 1105, -541, -458, 9, 707, 1112, 1337, 
385, 1405, 1019, -895, -317, 1212, -610, -566, 19, 712, 1176, 1459, 
380, 1488, 1107, -934, -363, 1298, -653, -663, 29, 673, 1185, 1561, 
361, 1468, 1107, -915, -373, 1288, -663, -697, 43, 595, 1112, 1581, 
307, 1351, 1044, -829, -368, 1198, -605, -673, 87, 463, 956, 1468, 
244, 1215, 971, -729, -363, 1093, -546, -644, 146, 351, 805, 1337, 
175, 1098, 922, -636, -373, 1010, -488, -610, 161, 253, 663, 1200, 
117, 956, 839, -536, -361, 897, -419, -566, 165, 141, 507, 1063, 
58, 795, 736, -427, -339, 766, -336, -517, 190, 53, 356, 897, 
0, 624, 624, -312, -312, 624, -244, -448, 219, 9, 248, 727, 
-53, 453, 507, -200, -280, 480, -151, -370, 244, -14, 170, 561, 
-82, 307, 390, -112, -236, 348, -73, -302, 263, -43, 97, 409, 
-117, 200, 317, -41, -217, 258, -14, -253, 292, -58, 63, 278, 
-146, 117, 263, 14, -204, 190, 43, -209, 312, -73, 34, 170, 
-151, 34, 185, 58, -168, 109, 92, -141, 317, -117, -14, 92, 
-151, -43, 107, 97, -129, 31, 141, -78, 317, -195, -87, 34, 
-151, -146, 4, 148, -78, -70, 195, 0, 312, -278, -175, -34, 
-136, -253, -117, 195, -9, -185, 258, 92, 287, -361, -283, -112, 
-117, -312, -195, 214, 39, -253, 283, 151, 273, -395, -326, -136, 
-112, -312, -200, 212, 43, -256, 273, 165, 253, -385, -317, -122, 
-78, -312, -234, 195, 78, -273, 268, 180, 229, -370, -297, -117, 
-34, -322, -287, 178, 126, -305, 253, 195, 204, -351, -278, -107, 
4, -307, -312, 151, 158, -309, 234, 195, 195, -326, -263, -107, 
34, -278, -312, 122, 173, -295, 219, 200, 185, -307, -234, -102, 
43, -244, -287, 100, 165, -265, 200, 190, 170, -278, -200, -82, 
58, -185, -244, 63, 151, -214, 180, 185, 161, -248, -156, -53, 
73, -141, -214, 34, 143, -178, 161, 175, 141, -190, -102, -14, 
73, -92, -165, 9, 119, -129, 136, 156, 136, -136, -43, 24, 
82, -63, -146, -9, 114, -104, 122, 141, 141, -102, -9, 53, 
87, -68, -156, -9, 122, -112, 117, 122, 136, -73, 14, 58, 
107, -78, -185, -14, 146, -131, 107, 122, 126, -63, 14, 48, 
117, -73, -190, -21, 153, -131, 102, 112, 107, -58, 19, 43, 
136, -63, -200, -36, 168, -131, 87, 102, 102, -58, 14, 53, 
146, -43, -190, -51, 168, -117, 82, 92, 92, -58, 24, 73, 
146, -39, -185, -53, 165, -112, 78, 78, 87, -43, 39, 78, 
146, -29, -175, -58, 161, -102, 78, 73, 78, -34, 43, 82, 
141, -24, -165, -58, 153, -95, 78, 73, 82, -24, 68, 92, 
141, -9, -151, -65, 146, -80, 68, 73, 73, -19, 68, 97, 
136, -9, -146, -63, 141, -78, 68, 73, 73, -19, 73, 92, 
136, -9, -146, -63, 141, -78, 68, 78, 78, -19, 73, 87, 
136, -9, -146, -63, 141, -78, 68, 78, 82, -19, 68, 78, 
131, -19, -151, -56, 141, -85, 68, 78, 82, -19, 48, 82, 
131, -19, -151, -56, 141, -85, 68, 78, 82, -19, 48, 78, 
141, -19, -161, -61, 151, -90, 68, 78, 78, -19, 48, 82, 
141, -19, -161, -61, 151, -90, 68, 78, 73, -19, 53, 87, 
151, -14, -165, -68, 158, -90, 58, 68, 82, -19, 63, 82, 
156, 0, -156, -78, 156, -78, 53, 68, 78, -14, 68, 87, 
161, 9, -151, -85, 156, -70, 53, 63, 78, -14, 73, 87, 
161, 24, -136, -92, 148, -56, 53, 63, 78, -14, 82, 87, 
161, 24, -136, -92, 148, -56, 53, 63, 68, -4, 78, 97, 
161, 24, -136, -92, 148, -56, 53, 63, 68, 0, 78, 97, 
161, 24, -136, -92, 148, -56, 53, 63, 73, 0, 73, 107, 
161, 24, -136, -92, 148, -56, 53, 63, 73, 0, 73, 107, 
161, 19, -141, -90, 151, -61, 48, 63, 63, 0, 73, 92, 
165, 19, -146, -92, 156, -63, 48, 63, 63, 4, 73, 92, 
165, 19, -146, -92, 156, -63, 48, 58, 68, 9, 82, 102, 
165, 29, -136, -97, 151, -53, 48, 58, 68, 9, 82, 102, 
165, 19, -146, -92, 156, -63, 53, 68, 73, 19, 92, 112, 
165, 19, -146, -92, 156, -63, 53, 63, 73, 19, 97, 122, 
165, 14, -151, -90, 158, -68, 48, 63, 73, 19, 97, 112, 
165, 9, -156, -87, 161, -73, 48, 63, 73, 19, 92, 112, 
161, 24, -136, -92, 148, -56, 43, 48, 73, 19, 82, 102, 
161, 29, -131, -95, 146, -51, 43, 48, 73, 24, 82, 107, 
161, 29, -131, -95, 146, -51, 43, 48, 73, 29, 92, 107, 
165, 34, -131, -100, 148, -48, 43, 48, 73, 29, 92, 107, 
165, 39, -126, -102, 146, -43, 43, 39, 73, 24, 92, 102, 
165, 48, -117, -107, 141, -34, 39, 39, 73, 29, 92, 102, 
165, 53, -112, -109, 139, -29, 39, 34, 73, 29, 92, 102, 
165, 63, -102, -114, 134, -19, 39, 34, 73, 29, 92, 107, 
175, 73, -102, -124, 139, -14, 34, 43, 68, 29, 107, 112, 
180, 73, -107, -126, 143, -17, 34, 39, 68, 29, 107, 112, 
180, 78, -102, -129, 141, -12, 24, 39, 68, 29, 107, 107, 
180, 87, -92, -134, 136, -2, 24, 39, 68, 34, 107, 107, 
185, 78, -107, -131, 146, -14, 19, 48, 78, 39, 122, 117, 
185, 78, -107, -131, 146, -14, 19, 48, 73, 43, 126, 117, 
185, 78, -107, -131, 146, -14, 19, 43, 73, 53, 126, 117, 
185, 73, -112, -129, 148, -19, 19, 43, 73, 63, 126, 117, 
190, 82, -107, -136, 148, -12, 14, 53, 63, 58, 126, 122, 
190, 82, -107, -136, 148, -12, 14, 53, 68, 63, 126, 131, 
190, 87, -102, -139, 146, -7, 14, 48, 68, 68, 136, 136, 
190, 87, -102, -139, 146, -7, 14, 48, 68, 68, 136, 136, 
200, 97, -102, -148, 151, -2, 9, 43, 68, 58, 136, 146, 
204, 97, -107, -151, 156, -4, 9, 43, 68, 58, 136, 146, 
214, 107, -107, -161, 161, 0, 9, 43, 63, 68, 136, 146, 
214, 107, -107, -161, 161, 0, 9, 43, 63, 73, 141, 151, 
214, 92, -122, -153, 168, -14, 4, 48, 73, 82, 146, 161, 
214, 92, -122, -153, 168, -14, 4, 48, 73, 82, 151, 161, 
214, 97, -117, -156, 165, -9, 0, 43, 78, 87, 156, 161, 
214, 102, -112, -158, 163, -4, 0, 43, 78, 92, 161, 170, 
209, 117, -92, -163, 151, 12, -4, 43, 73, 92, 161, 170, 
209, 122, -87, -165, 148, 17, -9, 43, 73, 102, 161, 170, 
214, 126, -87, -170, 151, 19, -9, 34, 73, 102, 161, 170, 
224, 131, -92, -178, 158, 19, -14, 34, 63, 102, 165, 170, 
219, 141, -78, -180, 148, 31, -19, 34, 53, 102, 165, 175, 
219, 151, -68, -185, 143, 41, -19, 34, 53, 107, 170, 185, 
224, 165, -58, -195, 141, 53, -24, 34, 53, 112, 175, 190, 
229, 170, -58, -200, 143, 56, -29, 29, 53, 112, 180, 190, 
244, 185, -58, -214, 151, 63, -39, 19, 43, 107, 185, 180, 
253, 190, -63, -222, 158, 63, -43, 19, 39, 112, 185, 180, 
258, 204, -53, -231, 156, 75, -48, 19, 34, 112, 190, 175, 
263, 204, -58, -234, 161, 73, -53, 19, 29, 117, 195, 180, 
263, 200, -63, -231, 163, 68, -48, 29, 39, 131, 204, 195, 
268, 204, -63, -236, 165, 70, -53, 29, 39, 136, 214, 204, 
273, 214, -58, -244, 165, 78, -53, 29, 34, 141, 224, 209, 
278, 224, -53, -251, 165, 85, -58, 24, 29, 141, 234, 209, 
292, 209, -82, -251, 187, 63, -63, 29, 34, 151, 234, 234, 
302, 224, -78, -263, 190, 73, -68, 29, 29, 146, 239, 234, 
307, 234, -73, -270, 190, 80, -78, 29, 24, 146, 239, 239, 
312, 234, -78, -273, 195, 78, -78, 29, 19, 151, 244, 244, 
307, 244, -63, -275, 185, 90, -87, 29, 4, 151, 244, 248, 
317, 248, -68, -283, 192, 90, -97, 29, 0, 151, 253, 258, 
326, 268, -58, -297, 192, 104, -97, 24, 0, 151, 253, 268, 
326, 268, -58, -297, 192, 104, -102, 24, -4, 151, 258, 278, 
341, 268, -73, -305, 207, 97, -107, 19, -9, 151, 273, 278, 
346, 278, -68, -312, 207, 104, -107, 19, -9, 156, 273, 283, 
351, 283, -68, -317, 209, 107, -112, 19, -9, 156, 278, 287, 
356, 287, -68, -322, 212, 109, -117, 14, -9, 156, 283, 297, 
361, 307, -53, -334, 207, 126, -126, 24, -14, 165, 273, 307, 
370, 312, -58, -341, 214, 126, -131, 24, -19, 161, 273, 312, 
375, 312, -63, -344, 219, 124, -131, 24, -24, 161, 273, 322, 
375, 317, -58, -346, 217, 129, -131, 24, -29, 161, 273, 336, 
380, 317, -63, -348, 222, 126, -136, 19, -34, 165, 278, 336, 
380, 317, -63, -348, 222, 126, -141, 14, -34, 165, 278, 341, 
380, 326, -53, -353, 217, 136, -146, 14, -34, 165, 278, 341, 
380, 336, -43, -358, 212, 146, -151, 14, -34, 161, 278, 346, 
390, 346, -43, -368, 217, 151, -161, 0, -43, 151, 283, 341, 
390, 351, -39, -370, 214, 156, -156, 0, -43, 151, 283, 341, 
390, 351, -39, -370, 214, 156, -156, 0, -39, 151, 278, 341, 
390, 351, -39, -370, 214, 156, -156, 0, -39, 151, 278, 341, 
395, 361, -34, -378, 214, 163, -156, -9, -43, 161, 278, 351, 
395, 361, -34, -378, 214, 163, -156, -9, -43, 156, 278, 346, 
395, 366, -29, -380, 212, 168, -161, -14, -43, 156, 278, 346, 
395, 366, -29, -380, 212, 168, -161, -14, -43, 156, 278, 351, 
380, 375, -4, -378, 192, 185, -170, -24, -34, 156, 278, 361, 
375, 380, 4, -378, 185, 192, -165, -24, -29, 156, 278, 361, 
375, 380, 4, -378, 185, 192, -165, -24, -29, 156, 278, 356, 
366, 380, 14, -373, 175, 197, -165, -24, -29, 156, 273, 356, 
361, 366, 4, -363, 178, 185, -161, -14, -24, 146, 273, 356, 
356, 366, 9, -361, 173, 187, -161, -14, -14, 146, 273, 346, 
351, 361, 9, -356, 170, 185, -156, -14, -9, 146, 273, 346, 
341, 351, 9, -346, 165, 180, -156, -19, 0, 141, 268, 346, 
331, 336, 4, -334, 163, 170, -136, -29, -4, 141, 258, 336, 
317, 326, 9, -322, 153, 168, -131, -24, 0, 141, 253, 322, 
307, 322, 14, -314, 146, 168, -126, -24, 4, 141, 244, 312, 
302, 322, 19, -312, 141, 170, -122, -24, 9, 141, 244, 302, 
283, 297, 14, -290, 134, 156, -117, -24, 24, 126, 229, 302, 
283, 292, 9, -287, 136, 151, -112, -24, 29, 126, 224, 292, 
273, 273, 0, -273, 136, 136, -102, -24, 34, 126, 224, 283, 
268, 263, -4, -265, 136, 129, -97, -24, 39, 126, 224, 278, 
263, 268, 4, -265, 129, 136, -102, -24, 34, 112, 214, 263, 
258, 268, 9, -263, 124, 139, -102, -24, 39, 102, 209, 253, 
248, 268, 19, -258, 114, 143, -87, -24, 43, 102, 204, 248, 
244, 268, 24, -256, 109, 146, -87, -24, 48, 102, 190, 244, 
239, 253, 14, -246, 112, 134, -68, -14, 53, 102, 185, 234, 
234, 244, 9, -239, 112, 126, -63, -14, 58, 92, 180, 234, 
229, 234, 4, -231, 112, 119, -58, -9, 63, 92, 175, 229, 
224, 224, 0, -224, 112, 112, -58, -4, 68, 82, 175, 224, 
209, 214, 4, -212, 102, 109, -48, -14, 73, 92, 180, 214, 
204, 209, 4, -207, 100, 107, -48, -14, 73, 92, 170, 209, 
200, 209, 9, -204, 95, 109, -43, -14, 78, 92, 165, 209, 
195, 204, 9, -200, 92, 107, -43, -14, 78, 92, 161, 204, 
190, 200, 9, -195, 90, 104, -29, -14, 78, 82, 161, 190, 
185, 200, 14, -192, 85, 107, -24, -14, 78, 82, 156, 185, 
180, 195, 14, -187, 82, 104, -19, -14, 78, 73, 151, 180, 
175, 190, 14, -183, 80, 102, -14, -14, 87, 73, 151, 170, 
175, 185, 9, -180, 82, 97, -24, -9, 87, 68, 146, 175, 
170, 175, 4, -173, 82, 90, -24, -9, 92, 68, 141, 170, 
165, 175, 9, -170, 78, 92, -14, -4, 102, 68, 141, 170, 
165, 175, 9, -170, 78, 92, -14, -4, 102, 68, 141, 170, 
156, 175, 19, -165, 68, 97, -4, -4, 102, 73, 141, 180, 
161, 170, 9, -165, 75, 90, -4, 0, 102, 68, 136, 170, 
161, 161, 0, -161, 80, 80, 0, 0, 102, 68, 136, 170, 
156, 156, 0, -156, 78, 78, 0, -4, 107, 68, 136, 170, 
165, 161, -4, -163, 85, 78, -9, -4, 97, 68, 136, 165, 
161, 161, 0, -161, 80, 80, -4, -4, 97, 68, 131, 165, 
161, 161, 0, -161, 80, 80, -4, -4, 97, 63, 131, 165, 
161, 161, 0, -161, 80, 80, -4, -4, 102, 58, 126, 170, 
161, 165, 4, -163, 78, 85, -4, -4, 102, 58, 126, 161, 
156, 161, 4, -158, 75, 82, 0, 0, 107, 58, 126, 161, 
156, 156, 0, -156, 78, 78, 0, 0, 107, 58, 126, 161, 
156, 156, 0, -156, 78, 78, -4, 0, 107, 58, 126, 161, 
161, 146, -14, -153, 87, 65, -4, -9, 107, 58, 126, 161, 
161, 146, -14, -153, 87, 65, 0, -4, 107, 63, 126, 161, 
156, 146, -9, -151, 82, 68, 0, -4, 107, 63, 126, 156, 
156, 151, -4, -153, 80, 73, 0, -4, 107, 63, 126, 156, 
156, 161, 4, -158, 75, 82, 0, -4, 107, 73, 131, 146, 
156, 161, 4, -158, 75, 82, 0, -4, 102, 68, 131, 146, 
156, 170, 14, -163, 70, 92, -4, -4, 102, 63, 126, 141, 
156, 161, 4, -158, 75, 82, -4, -9, 107, 63, 126, 136, 
146, 156, 9, -151, 68, 82, -4, -9, 102, 63, 117, 141, 
151, 161, 9, -156, 70, 85, -4, -9, 102, 63, 122, 141, 
151, 165, 14, -158, 68, 90, -4, -9, 102, 58, 122, 141, 
151, 170, 19, -161, 65, 95, -9, -9, 102, 58, 126, 141, 
151, 180, 29, -165, 61, 104, -9, -9, 107, 63, 126, 151, 
146, 180, 34, -163, 56, 107, -4, -9, 107, 63, 126, 151, 
146, 165, 19, -156, 63, 92, -4, -4, 107, 63, 126, 151, 
151, 165, 14, -158, 68, 90, -4, -4, 107, 68, 131, 156, 
151, 165, 14, -158, 68, 90, -4, -4, 107, 68, 131, 156, 
151, 165, 14, -158, 68, 90, 0, -4, 107, 68, 126, 156, 
151, 156, 4, -153, 73, 80, 0, -4, 107, 68, 122, 151, 
151, 151, 0, -151, 75, 75, 0, -4, 107, 68, 122, 151, 
151, 161, 9, -156, 70, 85, 0, -4, 112, 78, 122, 161, 
151, 161, 9, -156, 70, 85, 0, -4, 112, 78, 126, 161, 
156, 161, 4, -158, 75, 82, 0, -4, 112, 78, 126, 161, 
156, 161, 4, -158, 75, 82, 0, -4, 112, 78, 126, 156, 
151, 165, 14, -158, 68, 90, 0, -4, 102, 68, 136, 146, 
151, 165, 14, -158, 68, 90, 0, -4, 102, 68, 136, 146, 
156, 165, 9, -161, 73, 87, -4, -4, 102, 68, 136, 146, 
156, 165, 9, -161, 73, 87, -4, -4, 102, 68, 141, 146, 
156, 175, 19, -165, 68, 97, -4, -9, 102, 68, 131, 136, 
156, 180, 24, -168, 65, 102, -4, -14, 102, 68, 126, 136, 
156, 180, 24, -168, 65, 102, -4, -19, 102, 68, 126, 136, 
156, 195, 39, -175, 58, 117, -4, -24, 102, 68, 126, 136, 
165, 195, 29, -180, 68, 112, -4, -19, 102, 68, 126, 151, 
165, 190, 24, -178, 70, 107, -4, -14, 102, 68, 126, 156, 
165, 185, 19, -175, 73, 102, -4, -9, 102, 68, 126, 156, 
165, 180, 14, -173, 75, 97, -4, -4, 97, 68, 126, 156, 
175, 190, 14, -183, 80, 102, -4, -4, 97, 68, 126, 151, 
175, 190, 14, -183, 80, 102, -4, -4, 97, 68, 131, 151, 
175, 190, 14, -183, 80, 102, -4, -4, 97, 73, 131, 151, 
175, 190, 14, -183, 80, 102, -4, -4, 97, 78, 131, 151, 
170, 190, 19, -180, 75, 104, -4, -14, 97, 68, 122, 151, 
170, 190, 19, -180, 75, 104, -4, -14, 97, 68, 122, 146, 
170, 190, 19, -180, 75, 104, -4, -14, 97, 68, 122, 146, 
170, 190, 19, -180, 75, 104, -4, -14, 97, 68, 122, 146, 
170, 190, 19, -180, 75, 104, -4, -4, 97, 78, 131, 156, 
170, 190, 19, -180, 75, 104, -4, -4, 97, 78, 131, 156, 
170, 190, 19, -180, 75, 104, -4, -4, 97, 78, 131, 156, 
170, 190, 19, -180, 75, 104, -4, -4, 97, 78, 131, 156, 
175, 185, 9, -180, 82, 97, -4, 4, 97, 78, 136, 165, 
175, 180, 4, -178, 85, 92, -4, 4, 92, 78, 136, 165, 
175, 180, 4, -178, 85, 92, -9, 4, 92, 78, 136, 161, 
175, 175, 0, -175, 87, 87, -9, 4, 92, 78, 136, 161, 
175, 175, 0, -175, 87, 87, -9, 0, 97, 78, 136, 170, 
175, 165, -9, -170, 92, 78, -9, 0, 97, 78, 136, 170, 
175, 161, -14, -168, 95, 73, -9, 0, 97, 78, 136, 170, 
175, 175, 0, -175, 87, 87, -9, 0, 97, 78, 136, 175, 
175, 190, 14, -183, 80, 102, -9, -4, 97, 78, 136, 170, 
170, 190, 19, -180, 75, 104, -9, -4, 92, 73, 136, 165, 
170, 190, 19, -180, 75, 104, -9, -4, 92, 73, 136, 161, 
170, 190, 19, -180, 75, 104, -9, -9, 92, 73, 136, 156, 
170, 180, 9, -175, 80, 95, -9, -9, 92, 78, 141, 156, 
170, 185, 14, -178, 78, 100, -9, -9, 92, 78, 141, 156, 
170, 190, 19, -180, 75, 104, -9, -9, 92, 78, 141, 156, 
170, 190, 19, -180, 75, 104, -9, -9, 92, 78, 146, 156, 
170, 180, 9, -175, 80, 95, -9, 0, 92, 78, 136, 165, 
170, 175, 4, -173, 82, 90, -9, 0, 97, 78, 136, 165, 
170, 175, 4, -173, 82, 90, -4, 4, 97, 78, 136, 165, 
170, 175, 4, -173, 82, 90, -4, 4, 97, 78, 136, 165, 
170, 180, 9, -175, 80, 95, -9, -4, 97, 68, 126, 165, 
170, 185, 14, -178, 78, 100, -9, -4, 97, 68, 126, 165, 
170, 185, 14, -178, 78, 100, -9, -4, 97, 68, 122, 165, 
170, 190, 19, -180, 75, 104, -9, -4, 97, 68, 122, 170, 
161, 185, 24, -173, 68, 104, 0, 4, 97, 68, 117, 170, 
161, 185, 24, -173, 68, 104, 0, 4, 97, 63, 117, 170, 
161, 185, 24, -173, 68, 104, 0, 4, 92, 63, 117, 170, 
161, 185, 24, -173, 68, 104, 0, 4, 92, 63, 117, 165, 
161, 185, 24, -173, 68, 104, 0, -4, 87, 63, 117, 165, 
161, 185, 24, -173, 68, 104, 0, -4, 87, 58, 117, 161, 
161, 190, 29, -175, 65, 109, 0, -4, 87, 58, 117, 161, 
161, 190, 29, -175, 65, 109, 0, -4, 87, 58, 117, 165, 
170, 185, 14, -178, 78, 100, 0, -4, 87, 68, 126, 156, 
170, 185, 14, -178, 78, 100, 0, -4, 87, 68, 126, 151, 
170, 180, 9, -175, 80, 95, 0, -4, 87, 68, 126, 151, 
170, 175, 4, -173, 82, 90, 0, -4, 87, 73, 122, 151, 
161, 185, 24, -173, 68, 104, 0, -14, 87, 63, 122, 161, 
161, 185, 24, -173, 68, 104, 0, -14, 87, 58, 117, 161, 
156, 185, 29, -170, 63, 107, 0, -14, 87, 58, 117, 161, 
156, 180, 24, -168, 65, 102, 0, -14, 87, 58, 117, 165, 
161, 180, 19, -170, 70, 100, 0, -4, 97, 58, 107, 156, 
161, 175, 14, -168, 73, 95, 0, -4, 97, 58, 107, 156, 
161, 175, 14, -168, 73, 95, 0, 0, 97, 58, 112, 151, 
161, 175, 14, -168, 73, 95, 0, 0, 97, 58, 112, 151, 
151, 190, 39, -170, 56, 114, -9, -9, 87, 58, 107, 151, 
151, 190, 39, -170, 56, 114, -4, -9, 87, 58, 107, 151, 
151, 190, 39, -170, 56, 114, 0, -9, 87, 48, 107, 146, 
151, 195, 43, -173, 53, 119, 0, -9, 87, 48, 107, 146, 
156, 195, 39, -175, 58, 117, 4, -9, 87, 58, 107, 156, 
156, 185, 29, -170, 63, 107, 4, -9, 87, 58, 112, 156, 
151, 180, 29, -165, 61, 104, 4, -9, 87, 58, 112, 156, 
151, 180, 29, -165, 61, 104, 4, -9, 87, 58, 117, 156, 
151, 180, 29, -165, 61, 104, 14, -9, 97, 58, 117, 151, 
151, 175, 24, -163, 63, 100, 14, -9, 97, 58, 117, 151, 
151, 175, 24, -163, 63, 100, 14, -9, 97, 58, 117, 156, 
151, 170, 19, -161, 65, 95, 14, -9, 97, 58, 117, 156, 
161, 170, 9, -165, 75, 90, 4, -9, 102, 48, 117, 156, 
161, 175, 14, -168, 73, 95, 4, -9, 102, 53, 117, 156, 
161, 175, 14, -168, 73, 95, 4, -9, 107, 53, 117, 156, 
161, 175, 14, -168, 73, 95, 9, -9, 107, 53, 117, 151, 
156, 175, 19, -165, 68, 97, 9, -19, 97, 48, 107, 141, 
156, 175, 19, -165, 68, 97, 9, -19, 97, 48, 107, 136, 
156, 170, 14, -163, 70, 92, 9, -19, 97, 48, 107, 136, 
156, 170, 14, -163, 70, 92, 9, -19, 97, 48, 107, 136, 
146, 175, 29, -161, 58, 102, 9, -9, 107, 43, 117, 146, 
146, 175, 29, -161, 58, 102, 9, -9, 107, 43, 117, 151, 
146, 170, 24, -158, 61, 97, 9, -9, 107, 48, 117, 151, 
146, 165, 19, -156, 63, 92, 9, -9, 107, 48, 117, 151, 
156, 175, 19, -165, 68, 97, 9, -9, 107, 48, 117, 151, 
156, 180, 24, -168, 65, 102, 9, -14, 102, 48, 117, 151, 
156, 180, 24, -168, 65, 102, 9, -14, 102, 48, 117, 151, 
156, 175, 19, -165, 68, 97, 9, -9, 107, 48, 117, 151, 
146, 185, 39, -165, 53, 112, 9, -9, 117, 48, 112, 161, 
146, 185, 39, -165, 53, 112, 9, -9, 117, 48, 112, 161, 
146, 185, 39, -165, 53, 112, 9, -9, 117, 48, 112, 161, 
146, 185, 39, -165, 53, 112, 9, -9, 117, 48, 112, 161, 
156, 175, 19, -165, 68, 97, 19, -9, 107, 48, 112, 161, 
156, 170, 14, -163, 70, 92, 19, -9, 107, 48, 112, 161, 
156, 165, 9, -161, 73, 87, 19, -9, 107, 48, 117, 161, 
161, 161, 0, -161, 80, 80, 24, -9, 107, 48, 117, 161, 
161, 161, 0, -161, 80, 80, 14, 0, 117, 48, 107, 161, 
161, 161, 0, -161, 80, 80, 14, 0, 117, 48, 107, 161, 
156, 161, 4, -158, 75, 82, 14, 0, 117, 48, 107, 161, 
156, 165, 9, -161, 73, 87, 14, 0, 112, 48, 107, 161, 
156, 170, 14, -163, 70, 92, 14, -4, 112, 48, 112, 151, 
156, 175, 19, -165, 68, 97, 9, -9, 112, 48, 112, 151, 
156, 180, 24, -168, 65, 102, 9, -14, 112, 48, 112, 151, 
156, 190, 34, -173, 61, 112, 9, -19, 112, 43, 112, 151, 
151, 204, 53, -178, 48, 129, 0, -19, 112, 43, 102, 146, 
151, 204, 53, -178, 48, 129, 0, -19, 107, 43, 102, 146, 
151, 204, 53, -178, 48, 129, 0, -19, 102, 43, 102, 146, 
151, 204, 53, -178, 48, 129, 0, -19, 97, 43, 102, 146, 
151, 195, 43, -173, 53, 119, 9, -19, 107, 43, 102, 146, 
151, 195, 43, -173, 53, 119, 9, -19, 107, 39, 102, 146, 
151, 195, 43, -173, 53, 119, 9, -19, 107, 39, 102, 146, 
151, 195, 43, -173, 53, 119, 9, -19, 107, 43, 102, 146, 
151, 190, 39, -170, 56, 114, 19, -9, 117, 53, 102, 161, 
151, 185, 34, -168, 58, 109, 19, -9, 117, 53, 102, 161, 
151, 180, 29, -165, 61, 104, 19, -9, 117, 53, 107, 161, 
146, 175, 29, -161, 58, 102, 19, -9, 117, 53, 107, 161, 
146, 175, 29, -161, 58, 102, 19, -9, 117, 43, 107, 161, 
146, 175, 29, -161, 58, 102, 19, -9, 117, 43, 107, 161, 
146, 175, 29, -161, 58, 102, 19, -9, 117, 43, 107, 156, 
146, 175, 29, -161, 58, 102, 19, -9, 117, 43, 107, 156, 
146, 185, 39, -165, 53, 112, 9, -19, 126, 43, 107, 151, 
146, 185, 39, -165, 53, 112, 9, -19, 126, 43, 107, 151, 
146, 185, 39, -165, 53, 112, 9, -19, 126, 39, 107, 151, 
151, 185, 34, -168, 58, 109, 9, -19, 126, 39, 102, 151, 
141, 175, 34, -158, 53, 104, 19, -9, 126, 48, 107, 151, 
136, 165, 29, -151, 53, 97, 19, -9, 126, 53, 117, 151, 
136, 165, 29, -151, 53, 97, 19, -4, 126, 53, 122, 151, 
136, 165, 29, -151, 53, 97, 24, -4, 126, 53, 126, 151, 
146, 170, 24, -158, 61, 97, 14, -14, 126, 48, 122, 151, 
146, 170, 24, -158, 61, 97, 14, -14, 126, 48, 117, 151, 
146, 170, 24, -158, 61, 97, 14, -14, 126, 48, 102, 151, 
146, 175, 29, -161, 58, 102, 14, -14, 126, 48, 97, 151, 
146, 185, 39, -165, 53, 112, 14, -14, 122, 48, 97, 151, 
151, 180, 29, -165, 61, 104, 14, -14, 122, 48, 97, 151, 
151, 175, 24, -163, 63, 100, 14, -14, 122, 48, 97, 151, 
151, 175, 24, -163, 63, 100, 14, -14, 122, 48, 102, 151, 
151, 185, 34, -168, 58, 109, 4, -14, 122, 48, 112, 151, 
151, 190, 39, -170, 56, 114, 4, -14, 122, 48, 112, 146, 
151, 190, 39, -170, 56, 114, 4, -14, 122, 48, 112, 146, 
156, 190, 34, -173, 61, 112, 4, -14, 122, 48, 112, 151, 
156, 190, 34, -173, 61, 112, 4, -14, 122, 43, 117, 151, 
156, 190, 34, -173, 61, 112, 4, -14, 122, 43, 117, 151, 
156, 190, 34, -173, 61, 112, 4, -14, 122, 43, 117, 151, 
156, 190, 34, -173, 61, 112, 4, -24, 122, 48, 117, 151, 
151, 185, 34, -168, 58, 109, 14, -14, 131, 48, 107, 161, 
151, 185, 34, -168, 58, 109, 14, -14, 131, 48, 107, 161, 
156, 180, 24, -168, 65, 102, 14, -14, 131, 48, 107, 161, 
156, 180, 24, -168, 65, 102, 14, -14, 131, 48, 107, 165, 
151, 170, 19, -161, 65, 95, 14, -4, 131, 48, 107, 165, 
151, 165, 14, -158, 68, 90, 14, -14, 122, 48, 117, 165, 
156, 165, 9, -161, 73, 87, 19, -9, 136, 58, 117, 156, 
146, 156, 9, -151, 68, 82, 19, -9, 136, 58, 126, 156, 
146, 156, 9, -151, 68, 82, 19, -9, 136, 58, 126, 156, 
146, 156, 9, -151, 68, 82, 19, -9, 136, 58, 126, 156, 
146, 156, 9, -151, 68, 82, 19, -9, 136, 58, 126, 156, 
146, 156, 9, -151, 68, 82, 19, -9, 126, 58, 126, 165, 
146, 156, 9, -151, 68, 82, 19, -9, 126, 58, 126, 165, 
146, 156, 9, -151, 68, 82, 19, -9, 126, 58, 126, 165, 
146, 156, 9, -151, 68, 82, 19, -9, 126, 58, 126, 165, 
156, 175, 19, -165, 68, 97, 14, -19, 117, 53, 117, 165, 
156, 185, 29, -170, 63, 107, 9, -19, 117, 48, 117, 165, 
156, 195, 39, -175, 58, 117, 4, -19, 117, 43, 117, 165, 
156, 204, 48, -180, 53, 126, 0, -19, 117, 39, 117, 165, 
146, 214, 68, -180, 39, 141, 0, -19, 126, 39, 117, 165, 
146, 214, 68, -180, 39, 141, 0, -19, 126, 39, 117, 165, 
146, 214, 68, -180, 39, 141, 0, -19, 126, 39, 117, 165, 
146, 214, 68, -180, 39, 141, 0, -19, 126, 39, 117, 165, 
146, 214, 68, -180, 39, 141, 0, -29, 126, 43, 126, 165, 
146, 214, 68, -180, 39, 141, 0, -29, 126, 48, 126, 165, 
146, 214, 68, -180, 39, 141, 0, -29, 126, 53, 126, 165, 
146, 214, 68, -180, 39, 141, 0, -29, 126, 58, 126, 165, 
156, 224, 68, -190, 43, 146, -9, -29, 126, 58, 136, 165, 
156, 224, 68, -190, 43, 146, -9, -29, 126, 58, 136, 165, 
161, 224, 63, -192, 48, 143, -9, -29, 126, 68, 136, 175, 
161, 229, 68, -195, 46, 148, -14, -29, 126, 68, 141, 175, 
156, 224, 68, -190, 43, 146, -4, -34, 141, 73, 146, 175, 
156, 234, 78, -195, 39, 156, -14, -34, 146, 78, 156, 180, 
161, 244, 82, -202, 39, 163, -19, -39, 146, 82, 156, 180, 
161, 248, 87, -204, 36, 168, -19, -39, 151, 87, 156, 180, 
161, 239, 78, -200, 41, 158, -19, -29, 161, 102, 156, 190, 
165, 239, 73, -202, 46, 156, -19, -29, 161, 102, 156, 195, 
165, 239, 73, -202, 46, 156, -19, -29, 161, 102, 165, 195, 
170, 239, 68, -204, 51, 153, -29, -29, 165, 102, 165, 200, 
165, 248, 82, -207, 41, 165, -29, -39, 165, 92, 156, 200, 
170, 253, 82, -212, 43, 168, -29, -39, 165, 92, 156, 195, 
175, 258, 82, -217, 46, 170, -39, -39, 165, 97, 161, 195, 
175, 263, 87, -219, 43, 175, -39, -39, 165, 102, 161, 195, 
175, 278, 102, -226, 36, 190, -43, -29, 156, 107, 161, 200, 
180, 283, 102, -231, 39, 192, -48, -29, 156, 112, 165, 200, 
180, 287, 107, -234, 36, 197, -53, -39, 161, 126, 175, 204, 
180, 297, 117, -239, 31, 207, -58, -43, 165, 131, 180, 209, 
200, 297, 97, -248, 51, 197, -63, -48, 165, 136, 190, 209, 
200, 322, 122, -261, 39, 222, -78, -58, 165, 146, 195, 224, 
195, 322, 126, -258, 34, 224, -87, -68, 170, 151, 204, 229, 
190, 331, 141, -261, 24, 236, -87, -78, 180, 151, 204, 229, 
185, 336, 151, -261, 17, 244, -87, -102, 200, 161, 214, 239, 
185, 341, 156, -263, 14, 248, -87, -107, 204, 161, 214, 244, 
185, 351, 165, -268, 9, 258, -92, -117, 204, 161, 219, 248, 
185, 361, 175, -273, 4, 268, -97, -117, 200, 170, 224, 253, 
180, 375, 195, -278, -7, 285, -102, -126, 190, 165, 224, 258, 
175, 380, 204, -278, -14, 292, -102, -126, 190, 165, 229, 258, 
170, 385, 214, -278, -21, 300, -102, -126, 190, 170, 234, 258, 
165, 395, 229, -280, -31, 312, -107, -126, 190, 175, 239, 268, 
165, 390, 224, -278, -29, 307, -107, -126, 190, 185, 253, 273, 
165, 400, 234, -283, -34, 317, -107, -126, 185, 190, 253, 278, 
165, 400, 234, -283, -34, 317, -112, -126, 185, 190, 253, 283, 
165, 400, 234, -283, -34, 317, -112, -126, 185, 195, 253, 287, 
175, 395, 219, -285, -21, 307, -112, -131, 185, 195, 248, 292, 
175, 395, 219, -285, -21, 307, -112, -131, 180, 195, 248, 292, 
175, 390, 214, -283, -19, 302, -107, -131, 180, 185, 244, 292, 
175, 380, 204, -278, -14, 292, -102, -131, 170, 185, 244, 283, 
175, 361, 185, -268, -4, 273, -87, -122, 170, 195, 239, 287, 
175, 351, 175, -263, 0, 263, -82, -112, 170, 180, 234, 292, 
175, 341, 165, -258, 4, 253, -78, -102, 165, 175, 224, 287, 
175, 331, 156, -253, 9, 244, -68, -92, 161, 170, 219, 283, 
185, 336, 151, -261, 17, 244, -78, -102, 151, 161, 204, 283, 
185, 341, 156, -263, 14, 248, -73, -102, 146, 156, 204, 283, 
185, 346, 161, -265, 12, 253, -73, -97, 146, 151, 200, 283, 
180, 336, 156, -258, 12, 246, -63, -92, 141, 146, 195, 273, 
170, 336, 165, -253, 2, 251, -68, -87, 131, 146, 200, 253, 
161, 322, 161, -241, 0, 241, -58, -82, 126, 136, 190, 244, 
156, 297, 141, -226, 7, 219, -53, -73, 122, 122, 175, 219, 
151, 287, 136, -219, 7, 212, -43, -68, 122, 112, 170, 204, 
151, 287, 136, -219, 7, 212, -24, -68, 126, 112, 170, 204, 
151, 283, 131, -217, 9, 207, -19, -63, 126, 107, 165, 200, 
151, 263, 112, -207, 19, 187, -14, -58, 126, 107, 161, 200, 
146, 253, 107, -200, 19, 180, -9, -53, 122, 97, 151, 190, 
146, 239, 92, -192, 26, 165, 0, -48, 122, 107, 151, 195, 
146, 229, 82, -187, 31, 156, 0, -43, 122, 92, 146, 195, 
146, 219, 73, -183, 36, 146, 4, -39, 122, 78, 131, 190, 
141, 209, 68, -175, 36, 139, 9, -34, 122, 68, 131, 185, 
141, 200, 58, -170, 41, 129, 14, -34, 117, 58, 107, 165, 
141, 200, 58, -170, 41, 129, 14, -29, 112, 53, 102, 165, 
141, 200, 58, -170, 41, 129, 19, -29, 112, 53, 102, 161, 
141, 195, 53, -168, 43, 124, 19, -29, 102, 53, 92, 151, 
141, 195, 53, -168, 43, 124, 19, -29, 112, 48, 102, 161, 
136, 190, 53, -163, 41, 122, 19, -29, 112, 43, 102, 161, 
136, 180, 43, -158, 46, 112, 19, -24, 112, 43, 102, 161, 
136, 180, 43, -158, 46, 112, 19, -24, 112, 43, 102, 156, 
136, 180, 43, -158, 46, 112, 24, -24, 112, 53, 112, 156, 
136, 180, 43, -158, 46, 112, 24, -24, 112, 53, 112, 156, 
136, 170, 34, -153, 51, 102, 24, -24, 112, 53, 107, 165, 
136, 170, 34, -153, 51, 102, 29, -19, 112, 48, 107, 170, 
136, 156, 19, -146, 58, 87, 29, -9, 112, 43, 107, 170, 
136, 156, 19, -146, 58, 87, 29, -9, 112, 43, 102, 156, 
136, 156, 19, -146, 58, 87, 29, -9, 107, 43, 102, 156, 
136, 161, 24, -148, 56, 92, 29, -9, 102, 39, 102, 156, 
136, 151, 14, -143, 61, 82, 34, -9, 102, 39, 97, 156, 
136, 141, 4, -139, 65, 73, 34, -9, 107, 43, 92, 156, 
136, 136, 0, -136, 68, 68, 39, -9, 107, 43, 87, 156, 
131, 136, 4, -134, 63, 70, 39, -4, 107, 43, 82, 156, 
131, 122, -9, -126, 70, 56, 43, -4, 107, 39, 87, 156, 
131, 122, -9, -126, 70, 56, 43, 0, 107, 48, 87, 156, 
136, 126, -9, -131, 73, 58, 43, 4, 117, 48, 87, 151, 
131, 112, -19, -122, 75, 46, 53, 19, 107, 48, 82, 126, 
141, 92, -48, -117, 95, 21, 68, 34, 102, 53, 82, 112, 
151, 87, -63, -119, 107, 12, 73, 63, 97, 63, 87, 92, 
165, 82, -82, -124, 124, 0, 87, 97, 97, 92, 102, 78, 
175, 82, -92, -129, 134, -4, 87, 131, 87, 131, 126, 73, 
190, 92, -97, -141, 143, -2, 78, 146, 92, 170, 156, 82, 
209, 131, -78, -170, 143, 26, 73, 161, 87, 214, 200, 102, 
244, 151, -92, -197, 168, 29, 68, 170, 68, 248, 239, 112, 
283, 170, -112, -226, 197, 29, 48, 170, 63, 292, 287, 131, 
302, 248, -53, -275, 178, 97, 19, 146, 63, 351, 366, 185, 
312, 361, 48, -336, 131, 204, -34, 97, 63, 414, 458, 283, 
326, 517, 190, -422, 68, 353, -97, 19, 53, 478, 570, 409, 
346, 692, 346, -519, 0, 519, -180, -78, 53, 527, 678, 575, 
351, 854, 502, -602, -75, 678, -258, -165, 39, 570, 775, 746, 
366, 1010, 644, -688, -139, 827, -331, -239, 29, 595, 849, 907, 
385, 1161, 775, -773, -195, 968, -405, -326, 39, 653, 946, 1088, 
385, 1312, 927, -849, -270, 1119, -483, -419, 63, 717, 1044, 1249, 
395, 1439, 1044, -917, -324, 1241, -561, -517, 78, 756, 1122, 1385, 
395, 1542, 1146, -968, -375, 1344, -619, -624, 87, 761, 1185, 1498, 
380, 1634, 1254, -1007, -436, 1444, -673, -722, 87, 741, 1205, 1590, 
361, 1625, 1263, -993, -451, 1444, -673, -756, 102, 653, 1132, 1581, 
307, 1507, 1200, -907, -446, 1354, -614, -741, 136, 522, 976, 1459, 
234, 1381, 1146, -807, -456, 1263, -546, -702, 165, 419, 814, 1307, 
165, 1273, 1107, -719, -470, 1190, -497, -678, 190, 322, 673, 1190, 
107, 1141, 1034, -624, -463, 1088, -439, -644, 214, 209, 517, 1063, 
48, 980, 932, -514, -441, 956, -356, -585, 239, 122, 375, 907, 
0, 810, 810, -405, -405, 810, -273, -507, 268, 78, 278, 736, 
-43, 639, 683, -297, -363, 661, -180, -439, 302, 73, 209, 561, 
-82, 483, 566, -200, -324, 524, -92, -370, 331, 53, 165, 409, 
-117, 375, 492, -129, -305, 434, -24, -322, 351, 39, 131, 287, 
-146, 283, 429, -68, -287, 356, 24, -268, 370, 34, 102, 200, 
-151, 200, 351, -24, -251, 275, 73, -219, 366, -19, 43, 141, 
-151, 122, 273, 14, -212, 197, 122, -146, 356, -87, -39, 112, 
-151, 19, 170, 65, -161, 95, 175, -58, 351, -180, -136, 43, 
-136, -107, 29, 122, -82, -39, 239, 53, 336, -263, -253, -34, 
-126, -165, -39, 146, -43, -102, 273, 102, 322, -297, -297, -78, 
-112, -156, -43, 134, -34, -100, 263, 117, 312, -307, -287, -82, 
-87, -146, -58, 117, -14, -102, 248, 122, 287, -302, -278, -87, 
-43, -136, -92, 90, 24, -114, 234, 117, 263, -292, -258, -87, 
4, -112, -117, 53, 61, -114, 214, 107, 244, -268, -224, -87, 
34, -92, -126, 29, 80, -109, 190, 122, 224, -239, -204, -82, 
53, -58, -112, 2, 82, -85, 180, 122, 209, -209, -180, -63, 
68, 9, -58, -39, 63, -24, 151, 117, 190, -180, -136, -24, 
73, 73, 0, -73, 36, 36, 122, 107, 180, -141, -73, 14, 
73, 122, 48, -97, 12, 85, 107, 87, 165, -87, -43, 53, 
63, 141, 78, -102, -7, 109, 92, 63, 161, -53, -19, 82, 
68, 146, 78, -107, -4, 112, 87, 43, 156, -34, -4, 87, 
97, 146, 48, -122, 24, 97, 78, 34, 146, -14, 4, 87, 
117, 141, 24, -129, 46, 82, 73, 24, 136, 0, 19, 82, 
136, 131, -4, -134, 70, 63, 68, 14, 131, 9, 43, 82, 
146, 131, -14, -139, 80, 58, 53, 14, 122, 19, 43, 82, 
146, 146, 0, -146, 73, 73, 48, 0, 117, 24, 58, 87, 
146, 175, 29, -161, 58, 102, 39, -4, 107, 34, 63, 92, 
141, 190, 48, -165, 46, 119, 29, -4, 102, 34, 78, 122, 
131, 190, 58, -161, 36, 124, 39, 4, 102, 39, 78, 122, 
126, 185, 58, -156, 34, 122, 39, 4, 102, 39, 82, 122, 
126, 180, 53, -153, 36, 117, 39, 9, 107, 39, 82, 122, 
126, 175, 48, -151, 39, 112, 39, 9, 112, 39, 78, 117, 
131, 165, 34, -148, 48, 100, 39, 0, 112, 39, 68, 117, 
131, 165, 34, -148, 48, 100, 39, 0, 112, 39, 68, 107, 
141, 165, 24, -153, 58, 95, 39, 0, 107, 39, 68, 107, 
141, 165, 24, -153, 58, 95, 39, 0, 102, 39, 73, 107, 
141, 165, 24, -153, 58, 95, 29, 9, 112, 58, 82, 122, 
146, 175, 29, -161, 58, 102, 24, 9, 107, 63, 87, 126, 
151, 180, 29, -165, 61, 104, 24, 4, 107, 63, 92, 126, 
151, 190, 39, -170, 56, 114, 24, 4, 107, 63, 102, 126, 
151, 190, 39, -170, 56, 114, 14, 4, 97, 53, 97, 126, 
151, 190, 39, -170, 56, 114, 14, 4, 97, 58, 97, 126, 
151, 190, 39, -170, 56, 114, 14, 4, 102, 58, 92, 136, 
151, 190, 39, -170, 56, 114, 14, 4, 102, 58, 92, 136, 
151, 190, 39, -170, 56, 114, 9, 0, 92, 58, 82, 126, 
156, 195, 39, -175, 58, 117, 9, -4, 92, 63, 82, 122, 
156, 200, 43, -178, 56, 122, 9, -14, 97, 68, 92, 126, 
156, 214, 58, -185, 48, 136, 9, -19, 97, 68, 92, 122, 
146, 219, 73, -183, 36, 146, 14, -19, 92, 78, 92, 122, 
146, 224, 78, -185, 34, 151, 14, -24, 92, 78, 97, 131, 
146, 224, 78, -185, 34, 151, 9, -24, 92, 78, 97, 122, 
146, 224, 78, -185, 34, 151, 9, -24, 92, 78, 92, 122, 
161, 234, 73, -197, 43, 153, -4, -19, 92, 78, 102, 122, 
161, 234, 73, -197, 43, 153, -4, -19, 92, 82, 102, 126, 
161, 229, 68, -195, 46, 148, -4, -19, 92, 87, 112, 126, 
165, 229, 63, -197, 51, 146, -4, -19, 92, 87, 112, 126, 
165, 239, 73, -202, 46, 156, -4, -29, 92, 92, 122, 131, 
165, 244, 78, -204, 43, 161, -9, -29, 92, 97, 122, 131, 
165, 244, 78, -204, 43, 161, -9, -34, 92, 97, 122, 131, 
165, 248, 82, -207, 41, 165, -9, -34, 92, 97, 122, 136, 
175, 248, 73, -212, 51, 161, -4, -24, 87, 97, 126, 141, 
180, 248, 68, -214, 56, 158, -4, -29, 87, 97, 126, 141, 
180, 253, 73, -217, 53, 163, -14, -29, 87, 97, 126, 136, 
180, 263, 82, -222, 48, 173, -14, -29, 87, 102, 126, 136, 
195, 268, 73, -231, 61, 170, -29, -39, 87, 92, 122, 136, 
195, 273, 78, -234, 58, 175, -29, -39, 82, 92, 126, 136, 
195, 278, 82, -236, 56, 180, -29, -43, 82, 97, 126, 136, 
195, 278, 82, -236, 56, 180, -29, -43, 82, 102, 126, 136, 
209, 287, 78, -248, 65, 183, -34, -43, 73, 107, 136, 141, 
209, 287, 78, -248, 65, 183, -34, -43, 78, 112, 136, 151, 
209, 292, 82, -251, 63, 187, -34, -48, 78, 117, 146, 156, 
209, 292, 82, -251, 63, 187, -34, -48, 78, 117, 146, 156, 
204, 283, 78, -244, 63, 180, -29, -34, 87, 126, 146, 156, 
204, 283, 78, -244, 63, 180, -29, -34, 87, 126, 146, 156, 
209, 292, 82, -251, 63, 187, -29, -34, 82, 136, 146, 156, 
204, 292, 87, -248, 58, 190, -29, -34, 82, 141, 151, 161, 
204, 297, 92, -251, 56, 195, -43, -39, 73, 131, 156, 180, 
204, 297, 92, -251, 56, 195, -43, -39, 73, 131, 161, 180, 
204, 302, 97, -253, 53, 200, -48, -43, 78, 136, 165, 180, 
204, 307, 102, -256, 51, 204, -48, -43, 78, 141, 170, 190, 
200, 312, 112, -256, 43, 212, -43, -43, 82, 146, 180, 185, 
200, 317, 117, -258, 41, 217, -48, -43, 82, 161, 180, 180, 
204, 322, 117, -263, 43, 219, -48, -53, 82, 165, 180, 175, 
214, 326, 112, -270, 51, 219, -53, -53, 73, 170, 185, 170, 
229, 331, 102, -280, 63, 217, -58, -53, 73, 180, 195, 185, 
229, 336, 107, -283, 61, 222, -58, -53, 73, 185, 200, 195, 
234, 346, 112, -290, 61, 229, -63, -53, 73, 190, 204, 200, 
239, 346, 107, -292, 65, 226, -68, -58, 73, 190, 209, 200, 
234, 351, 117, -292, 58, 234, -68, -48, 63, 185, 214, 214, 
244, 356, 112, -300, 65, 234, -73, -48, 58, 190, 214, 219, 
248, 370, 122, -309, 63, 246, -78, -48, 53, 190, 219, 219, 
253, 370, 117, -312, 68, 244, -82, -48, 48, 195, 224, 229, 
253, 370, 117, -312, 68, 244, -78, -43, 58, 209, 219, 244, 
258, 370, 112, -314, 73, 241, -82, -39, 58, 214, 224, 253, 
263, 375, 112, -319, 75, 244, -82, -34, 53, 219, 229, 258, 
268, 380, 112, -324, 78, 246, -87, -34, 48, 219, 234, 258, 
273, 370, 97, -322, 87, 234, -102, -48, 43, 219, 244, 263, 
283, 390, 107, -336, 87, 248, -107, -48, 39, 214, 248, 263, 
287, 405, 117, -346, 85, 261, -117, -48, 34, 214, 248, 268, 
292, 409, 117, -351, 87, 263, -117, -48, 29, 219, 253, 273, 
297, 419, 122, -358, 87, 270, -117, -48, 24, 219, 253, 278, 
307, 424, 117, -366, 95, 270, -126, -48, 19, 219, 263, 287, 
317, 444, 126, -380, 95, 285, -126, -53, 19, 219, 263, 297, 
317, 444, 126, -380, 95, 285, -131, -53, 14, 219, 268, 307, 
322, 453, 131, -387, 95, 292, -141, -58, 0, 219, 263, 317, 
326, 463, 136, -395, 95, 300, -146, -58, 0, 224, 263, 322, 
331, 468, 136, -400, 97, 302, -156, -58, 0, 224, 268, 326, 
336, 473, 136, -405, 100, 305, -165, -63, 0, 224, 273, 336, 
341, 473, 131, -407, 104, 302, -165, -73, -4, 224, 283, 336, 
351, 478, 126, -414, 112, 302, -170, -73, -9, 219, 283, 331, 
356, 478, 122, -417, 117, 300, -170, -73, -14, 219, 283, 331, 
356, 483, 126, -419, 114, 305, -170, -73, -19, 219, 283, 336, 
370, 492, 122, -431, 124, 307, -175, -68, -24, 214, 287, 346, 
370, 492, 122, -431, 124, 307, -180, -73, -24, 214, 287, 351, 
370, 502, 131, -436, 119, 317, -185, -73, -24, 214, 287, 351, 
370, 512, 141, -441, 114, 326, -190, -73, -24, 209, 287, 356, 
370, 522, 151, -446, 109, 336, -200, -78, -24, 219, 292, 361, 
370, 527, 156, -448, 107, 341, -195, -78, -24, 219, 292, 370, 
370, 527, 156, -448, 107, 341, -195, -78, -19, 219, 287, 380, 
370, 527, 156, -448, 107, 341, -195, -78, -19, 219, 287, 390, 
366, 527, 161, -446, 102, 344, -195, -78, -14, 219, 287, 390, 
366, 527, 161, -446, 102, 344, -195, -78, -14, 214, 287, 385, 
366, 531, 165, -448, 100, 348, -200, -82, -14, 214, 287, 385, 
366, 531, 165, -448, 100, 348, -200, -82, -14, 214, 287, 390, 
361, 541, 180, -451, 90, 361, -200, -92, -4, 214, 287, 380, 
356, 546, 190, -451, 82, 368, -195, -92, 0, 214, 287, 380, 
356, 546, 190, -451, 82, 368, -195, -92, 0, 214, 287, 375, 
346, 546, 200, -446, 73, 373, -195, -92, 0, 214, 283, 375, 
351, 531, 180, -441, 85, 356, -190, -82, 9, 214, 283, 385, 
346, 531, 185, -439, 80, 358, -190, -82, 14, 214, 283, 375, 
341, 527, 185, -434, 78, 356, -185, -82, 14, 214, 283, 375, 
331, 517, 185, -424, 73, 351, -185, -87, 19, 209, 278, 375, 
322, 502, 180, -412, 70, 341, -165, -78, 34, 209, 287, 370, 
307, 492, 185, -400, 61, 339, -161, -73, 39, 209, 283, 361, 
297, 488, 190, -392, 53, 339, -156, -73, 43, 209, 273, 356, 
292, 488, 195, -390, 48, 341, -151, -73, 48, 209, 273, 351, 
273, 483, 209, -378, 31, 346, -146, -82, 53, 214, 268, 331, 
273, 478, 204, -375, 34, 341, -141, -82, 58, 214, 263, 322, 
263, 458, 195, -361, 34, 326, -131, -82, 63, 214, 263, 312, 
258, 448, 190, -353, 34, 319, -126, -82, 68, 214, 263, 307, 
244, 444, 200, -344, 21, 322, -122, -92, 63, 200, 248, 307, 
239, 444, 204, -341, 17, 324, -122, -92, 68, 190, 248, 302, 
229, 444, 214, -336, 7, 329, -107, -92, 73, 190, 248, 302, 
224, 444, 219, -334, 2, 331, -107, -92, 78, 190, 239, 302, 
209, 429, 219, -319, -4, 324, -97, -82, 82, 190, 234, 292, 
204, 419, 214, -312, -4, 317, -92, -82, 87, 180, 229, 292, 
200, 409, 209, -305, -4, 309, -87, -78, 92, 180, 224, 287, 
195, 400, 204, -297, -4, 302, -87, -73, 97, 170, 224, 283, 
190, 395, 204, -292, -7, 300, -78, -73, 102, 170, 229, 258, 
185, 385, 200, -285, -7, 292, -78, -73, 102, 170, 219, 248, 
180, 380, 200, -280, -9, 290, -73, -73, 107, 170, 214, 244, 
175, 370, 195, -273, -9, 283, -73, -73, 107, 170, 209, 234, 
170, 356, 185, -263, -7, 270, -68, -82, 117, 180, 209, 234, 
165, 356, 190, -261, -12, 273, -63, -82, 117, 180, 204, 234, 
161, 351, 190, -256, -14, 270, -58, -82, 117, 170, 200, 234, 
156, 346, 190, -251, -17, 268, -53, -82, 126, 170, 200, 229, 
156, 336, 180, -246, -12, 258, -63, -78, 117, 165, 185, 224, 
151, 331, 180, -241, -14, 256, -63, -78, 122, 165, 180, 219, 
146, 336, 190, -241, -21, 263, -53, -73, 131, 165, 180, 219, 
146, 341, 195, -244, -24, 268, -53, -73, 131, 165, 180, 219, 
146, 336, 190, -241, -21, 263, -53, -73, 131, 161, 190, 229, 
151, 336, 185, -244, -17, 261, -53, -68, 131, 156, 185, 219, 
151, 331, 180, -241, -14, 256, -48, -68, 131, 156, 185, 219, 
146, 331, 185, -239, -19, 258, -48, -73, 136, 156, 185, 219, 
146, 336, 190, -241, -21, 263, -48, -63, 136, 156, 185, 214, 
141, 336, 195, -239, -26, 265, -43, -63, 136, 156, 180, 214, 
141, 336, 195, -239, -26, 265, -43, -63, 136, 151, 180, 214, 
141, 336, 195, -239, -26, 265, -43, -63, 141, 146, 175, 219, 
131, 322, 190, -226, -29, 256, -34, -63, 151, 156, 175, 209, 
126, 317, 190, -222, -31, 253, -29, -58, 156, 156, 175, 209, 
126, 312, 185, -219, -29, 248, -29, -58, 156, 156, 175, 209, 
126, 312, 185, -219, -29, 248, -34, -58, 156, 156, 175, 209, 
131, 302, 170, -217, -19, 236, -34, -68, 156, 156, 185, 219, 
131, 302, 170, -217, -19, 236, -29, -63, 156, 161, 185, 219, 
126, 302, 175, -214, -24, 239, -29, -63, 156, 161, 185, 214, 
126, 307, 180, -217, -26, 244, -29, -63, 156, 161, 185, 214, 
126, 317, 190, -222, -31, 253, -29, -63, 156, 161, 180, 214, 
136, 326, 190, -231, -26, 258, -29, -63, 151, 165, 180, 224, 
136, 336, 200, -236, -31, 268, -24, -63, 151, 161, 175, 229, 
136, 336, 200, -236, -31, 268, -34, -68, 156, 161, 175, 224, 
