I, II, III, aVR, aVL, aVF, V1, V2, V3, V4, V5, V6, 
-712, -614, 97, 663, -405, -258, -126, -204, 107, -234, -312, -283, 
-712, -614, 97, 663, -405, -258, -126, -204, 107, -234, -312, -283, 
-712, -614, 97, 663, -405, -258, -126, -204, 107, -234, -312, -283, 
-712, -614, 97, 663, -405, -258, -126, -204, 107, -234, -312, -283, 
-712, -624, 87, 668, -400, -268, -126, -209, 117, -234, -312, -292, 
-712, -624, 87, 668, -400, -268, -126, -214, 117, -234, -312, -292, 
-712, -624, 87, 668, -400, -268, -126, -219, 117, -234, -312, -292, 
-712, -624, 87, 668, -400, -268, -126, -224, 117, -234, -312, -292, 
-722, -614, 107, 668, -414, -253, -117, -229, 117, -224, -302, -283, 
-722, -614, 107, 668, -414, -253, -117, -234, 117, -224, -302, -283, 
-722, -614, 107, 668, -414, -253, -117, -239, 117, -224, -302, -283, 
-722, -614, 107, 668, -414, -253, -117, -244, 117, -224, -302, -283, 
-707, -614, 92, 661, -400, -261, -151, -253, 102, -229, -312, -283, 
-702, -614, 87, 658, -395, -263, -175, -263, 97, -234, -312, -283, 
-697, -614, 82, 656, -390, -265, -200, -273, 92, -239, -312, -283, 
-692, -614, 78, 653, -385, -268, -224, -283, 87, -244, -312, -283, 
-668, -610, 58, 639, -363, -275, -263, -292, 68, -244, -307, -273, 
-653, -605, 48, 629, -351, -278, -292, -292, 58, -244, -302, -273, 
-639, -600, 39, 619, -339, -280, -322, -292, 48, -244, -297, -273, 
-624, -595, 29, 610, -326, -283, -351, -292, 39, -244, -292, -273, 
-610, -580, 29, 595, -319, -275, -361, -278, 34, -239, -292, -263, 
-595, -575, 19, 585, -307, -278, -370, -273, 29, -234, -292, -263, 
-580, -570, 9, 575, -295, -280, -380, -268, 24, -229, -292, -263, 
-566, -566, 0, 566, -283, -283, -390, -263, 19, -224, -292, -263, 
-551, -561, -9, 556, -270, -285, -385, -248, 24, -214, -278, -258, 
-536, -556, -19, 546, -258, -287, -380, -244, 29, -214, -273, -253, 
-522, -551, -29, 536, -246, -290, -375, -239, 34, -214, -268, -248, 
-507, -546, -39, 527, -234, -292, -370, -234, 39, -214, -263, -244, 
-507, -541, -34, 524, -236, -287, -366, -224, 39, -209, -258, -239, 
-507, -536, -29, 522, -239, -283, -361, -224, 39, -204, -253, -234, 
-507, -531, -24, 519, -241, -278, -356, -224, 39, -200, -248, -229, 
-507, -527, -19, 517, -244, -273, -351, -224, 39, -195, -244, -224, 
-497, -536, -39, 517, -229, -287, -346, -234, 29, -200, -253, -234, 
-497, -536, -39, 517, -229, -287, -341, -234, 29, -204, -253, -234, 
-497, -536, -39, 517, -229, -287, -336, -234, 29, -209, -253, -234, 
-497, -536, -39, 517, -229, -287, -331, -234, 29, -214, -253, -234, 
-483, -527, -43, 505, -219, -285, -322, -234, 29, -204, -244, -224, 
-478, -527, -48, 502, -214, -287, -312, -234, 29, -204, -244, -224, 
-473, -527, -53, 500, -209, -290, -302, -234, 29, -204, -244, -224, 
-468, -527, -58, 497, -204, -292, -292, -234, 29, -204, -244, -224, 
-458, -517, -58, 488, -200, -287, -287, -244, 19, -214, -253, -224, 
-458, -517, -58, 488, -200, -287, -283, -244, 19, -214, -253, -224, 
-458, -517, -58, 488, -200, -287, -278, -244, 19, -214, -253, -224, 
-458, -517, -58, 488, -200, -287, -273, -244, 19, -214, -253, -224, 
-468, -522, -53, 495, -207, -287, -253, -234, 34, -204, -253, -224, 
-468, -527, -58, 497, -204, -292, -244, -234, 39, -204, -253, -224, 
-468, -531, -63, 500, -202, -297, -234, -234, 43, -204, -253, -224, 
-468, -536, -68, 502, -200, -302, -224, -234, 48, -204, -253, -224, 
-492, -541, -48, 517, -222, -295, -204, -219, 53, -204, -253, -224, 
-507, -546, -39, 527, -234, -292, -195, -214, 58, -204, -253, -224, 
-522, -551, -29, 536, -246, -290, -185, -209, 63, -204, -253, -224, 
-536, -556, -19, 546, -258, -287, -175, -204, 68, -204, -253, -224, 
-541, -546, -4, 544, -268, -275, -161, -195, 73, -195, -253, -224, 
-546, -546, 0, 546, -273, -273, -156, -195, 78, -195, -253, -224, 
-551, -546, 4, 549, -278, -270, -151, -195, 82, -195, -253, -224, 
-556, -546, 9, 551, -283, -268, -146, -195, 87, -195, -253, -224, 
-551, -536, 14, 544, -283, -261, -136, -190, 97, -185, -248, -214, 
-546, -536, 9, 541, -278, -263, -136, -185, 97, -185, -244, -214, 
-541, -536, 4, 539, -273, -265, -136, -180, 97, -185, -239, -214, 
-536, -536, 0, 536, -268, -268, -136, -175, 97, -185, -234, -214, 
-531, -527, 4, 529, -268, -261, -122, -175, 107, -175, -224, -204, 
-527, -517, 9, 522, -268, -253, -117, -175, 107, -175, -224, -204, 
-522, -507, 14, 514, -268, -246, -112, -175, 107, -175, -224, -204, 
-517, -497, 19, 507, -268, -239, -107, -175, 107, -175, -224, -204, 
-517, -502, 14, 509, -265, -244, -107, -175, 97, -185, -234, -214, 
-517, -507, 9, 512, -263, -248, -107, -175, 97, -185, -234, -214, 
-517, -512, 4, 514, -261, -253, -107, -175, 97, -185, -234, -214, 
-517, -517, 0, 517, -258, -258, -107, -175, 97, -185, -234, -214, 
-522, -517, 4, 519, -263, -256, -92, -165, 112, -185, -234, -204, 
-527, -517, 9, 522, -268, -253, -87, -165, 117, -185, -234, -204, 
-531, -517, 14, 524, -273, -251, -82, -165, 122, -185, -234, -204, 
-536, -517, 19, 527, -278, -248, -78, -165, 126, -185, -234, -204, 
-536, -512, 24, 524, -280, -244, -68, -165, 136, -180, -224, -204, 
-536, -507, 29, 522, -283, -239, -68, -165, 136, -175, -224, -204, 
-536, -502, 34, 519, -285, -234, -68, -165, 136, -170, -224, -204, 
-536, -497, 39, 517, -287, -229, -68, -165, 136, -165, -224, -204, 
-536, -488, 48, 512, -292, -219, -63, -165, 146, -156, -214, -195, 
-536, -488, 48, 512, -292, -219, -58, -165, 146, -156, -214, -195, 
-536, -488, 48, 512, -292, -219, -53, -165, 146, -156, -214, -195, 
-536, -488, 48, 512, -292, -219, -48, -165, 146, -156, -214, -195, 
-527, -478, 48, 502, -287, -214, -53, -175, 151, -156, -214, -195, 
-527, -478, 48, 502, -287, -214, -58, -185, 156, -156, -214, -195, 
-527, -478, 48, 502, -287, -214, -63, -195, 161, -156, -214, -195, 
-527, -478, 48, 502, -287, -214, -68, -204, 165, -156, -214, -195, 
-517, -478, 39, 497, -278, -219, -102, -214, 146, -161, -224, -204, 
-517, -478, 39, 497, -278, -219, -136, -224, 136, -165, -224, -204, 
-517, -478, 39, 497, -278, -219, -170, -234, 126, -170, -224, -204, 
-517, -478, 39, 497, -278, -219, -204, -244, 117, -175, -224, -204, 
-517, -488, 29, 502, -273, -229, -234, -248, 102, -185, -224, -195, 
-517, -488, 29, 502, -273, -229, -253, -253, 97, -185, -224, -195, 
-517, -488, 29, 502, -273, -229, -273, -258, 92, -185, -224, -195, 
-517, -488, 29, 502, -273, -229, -292, -263, 87, -185, -224, -195, 
-507, -478, 29, 492, -268, -224, -307, -258, 82, -175, -214, -204, 
-497, -478, 19, 488, -258, -229, -322, -253, 78, -175, -214, -204, 
-488, -478, 9, 483, -248, -234, -336, -248, 73, -175, -214, -204, 
-478, -478, 0, 478, -239, -239, -351, -244, 68, -175, -214, -204, 
-463, -473, -9, 468, -226, -241, -356, -239, 78, -170, -204, -200, 
-458, -468, -9, 463, -224, -239, -361, -234, 78, -165, -204, -195, 
-453, -463, -9, 458, -222, -236, -366, -229, 78, -161, -204, -190, 
-448, -458, -9, 453, -219, -234, -370, -224, 78, -156, -204, -185, 
-444, -468, -24, 456, -209, -246, -361, -214, 73, -165, -204, -195, 
-439, -468, -29, 453, -204, -248, -361, -214, 68, -165, -204, -195, 
-434, -468, -34, 451, -200, -251, -361, -214, 63, -165, -204, -195, 
-429, -468, -39, 448, -195, -253, -361, -214, 58, -165, -204, -195, 
-424, -483, -58, 453, -183, -270, -351, -200, 48, -165, -214, -195, 
-419, -488, -68, 453, -175, -278, -351, -195, 48, -165, -214, -195, 
-414, -492, -78, 453, -168, -285, -351, -190, 48, -165, -214, -195, 
-409, -497, -87, 453, -161, -292, -351, -185, 48, -165, -214, -195, 
-400, -483, -82, 441, -158, -283, -331, -175, 63, -161, -209, -190, 
-400, -478, -78, 439, -161, -278, -312, -165, 68, -156, -204, -185, 
-400, -473, -73, 436, -163, -273, -292, -156, 73, -151, -200, -180, 
-400, -468, -68, 434, -165, -268, -273, -146, 78, -146, -195, -175, 
-390, -478, -87, 434, -151, -283, -253, -141, 78, -146, -195, -185, 
-390, -478, -87, 434, -151, -283, -244, -136, 78, -146, -195, -185, 
-390, -478, -87, 434, -151, -283, -234, -131, 78, -146, -195, -185, 
-390, -478, -87, 434, -151, -283, -224, -126, 78, -146, -195, -185, 
-400, -488, -87, 444, -156, -287, -214, -117, 92, -136, -195, -185, 
-400, -488, -87, 444, -156, -287, -204, -117, 97, -136, -195, -185, 
-400, -488, -87, 444, -156, -287, -195, -117, 102, -136, -195, -185, 
-400, -488, -87, 444, -156, -287, -185, -117, 107, -136, -195, -185, 
-400, -478, -78, 439, -161, -278, -175, -107, 117, -136, -185, -185, 
-400, -478, -78, 439, -161, -278, -165, -107, 117, -136, -185, -185, 
-400, -478, -78, 439, -161, -278, -156, -107, 117, -136, -185, -185, 
-400, -478, -78, 439, -161, -278, -146, -107, 117, -136, -185, -185, 
-400, -478, -78, 439, -161, -278, -141, -112, 117, -136, -195, -195, 
-400, -478, -78, 439, -161, -278, -136, -117, 117, -136, -195, -195, 
-400, -478, -78, 439, -161, -278, -131, -122, 117, -136, -195, -195, 
-400, -478, -78, 439, -161, -278, -126, -126, 117, -136, -195, -195, 
-414, -478, -63, 446, -175, -270, -112, -136, 131, -126, -185, -190, 
-429, -478, -48, 453, -190, -263, -107, -136, 136, -126, -185, -185, 
-444, -478, -34, 461, -204, -256, -102, -136, 141, -126, -185, -180, 
-458, -478, -19, 468, -219, -248, -97, -136, 146, -126, -185, -175, 
-448, -468, -19, 458, -214, -244, -87, -146, 141, -136, -195, -185, 
-448, -468, -19, 458, -214, -244, -87, -146, 136, -136, -195, -185, 
-448, -468, -19, 458, -214, -244, -87, -146, 131, -136, -195, -185, 
-458, -468, -9, 463, -224, -239, -87, -146, 122, -141, -195, -185, 
-453, -458, -4, 456, -224, -231, -87, -141, 126, -131, -190, -175, 
-424, -448, -24, 436, -200, -236, -82, -126, 131, -131, -190, -175, 
-424, -448, -24, 436, -200, -236, -82, -122, 136, -131, -185, -170, 
-448, -448, 0, 448, -224, -224, -58, -122, 141, -131, -185, -170, 
-478, -468, 9, 473, -244, -229, -68, -131, 141, -141, -190, -180, 
-468, -473, -4, 470, -231, -239, -63, -131, 146, -141, -190, -185, 
-444, -468, -24, 456, -209, -246, -43, -126, 146, -141, -190, -185, 
-444, -468, -24, 456, -209, -246, -34, -126, 141, -136, -185, -180, 
-463, -468, -4, 466, -229, -236, -43, -136, 136, -146, -190, -190, 
-468, -473, -4, 470, -231, -239, -43, -141, 136, -146, -200, -190, 
-468, -473, -4, 470, -231, -239, -39, -141, 141, -146, -204, -190, 
-448, -463, -14, 456, -217, -239, -34, -136, 141, -146, -209, -190, 
-448, -478, -29, 463, -209, -253, -29, -141, 141, -146, -204, -190, 
-497, -483, 14, 490, -256, -234, -29, -146, 141, -141, -200, -195, 
-517, -492, 24, 505, -270, -234, -29, -161, 136, -156, -200, -200, 
-531, -497, 34, 514, -283, -231, -24, -165, 136, -161, -204, -204, 
-507, -507, 0, 507, -253, -253, -58, -175, 122, -175, -209, -209, 
-507, -507, 0, 507, -253, -253, -87, -185, 117, -180, -214, -214, 
-517, -507, 9, 512, -263, -248, -112, -195, 112, -185, -219, -219, 
-527, -507, 19, 517, -273, -244, -136, -204, 107, -190, -224, -224, 
-517, -497, 19, 507, -268, -239, -165, -209, 102, -190, -234, -214, 
-492, -488, 4, 490, -248, -241, -185, -209, 97, -190, -229, -214, 
-478, -483, -4, 480, -236, -244, -204, -209, 92, -180, -224, -209, 
-492, -483, 9, 488, -251, -236, -219, -214, 87, -180, -224, -209, 
-497, -473, 24, 485, -261, -224, -229, -219, 82, -195, -229, -209, 
-492, -473, 19, 483, -256, -226, -234, -219, 78, -195, -229, -209, 
-463, -468, -4, 466, -229, -236, -239, -219, 73, -195, -219, -204, 
-458, -468, -9, 463, -224, -239, -248, -224, 63, -195, -219, -204, 
-473, -473, 0, 473, -236, -236, -253, -219, 63, -195, -224, -204, 
-478, -478, 0, 478, -239, -239, -258, -219, 63, -195, -229, -209, 
-448, -478, -29, 463, -209, -253, -263, -219, 63, -195, -229, -209, 
-414, -468, -53, 441, -180, -261, -268, -209, 63, -190, -229, -209, 
-429, -468, -39, 448, -195, -253, -268, -209, 73, -195, -224, -204, 
-453, -468, -14, 461, -219, -241, -258, -214, 73, -195, -224, -204, 
-468, -488, -19, 478, -224, -253, -258, -219, 73, -200, -224, -204, 
-473, -478, -4, 475, -234, -241, -258, -224, 73, -200, -224, -204, 
-444, -478, -34, 461, -204, -256, -258, -219, 73, -200, -229, -214, 
-444, -473, -29, 458, -207, -251, -258, -214, 73, -200, -224, -209, 
-458, -473, -14, 466, -222, -244, -258, -209, 68, -200, -224, -209, 
-468, -473, -4, 470, -231, -239, -258, -209, 68, -200, -229, -214, 
-448, -468, -19, 458, -214, -244, -258, -209, 78, -190, -219, -204, 
-424, -453, -29, 439, -197, -241, -268, -204, 78, -190, -219, -204, 
-419, -448, -29, 434, -195, -239, -278, -195, 78, -190, -219, -204, 
-434, -448, -14, 441, -209, -231, -263, -190, 78, -190, -219, -200, 
-444, -463, -19, 453, -212, -241, -253, -185, 87, -185, -224, -190, 
-439, -463, -24, 451, -207, -244, -248, -180, 87, -185, -224, -190, 
-409, -448, -39, 429, -185, -244, -248, -175, 87, -180, -219, -190, 
-405, -448, -43, 427, -180, -246, -248, -175, 87, -180, -219, -190, 
-405, -439, -34, 422, -185, -236, -239, -170, 97, -170, -214, -190, 
-405, -448, -43, 427, -180, -246, -244, -165, 92, -175, -214, -190, 
-385, -434, -48, 409, -168, -241, -244, -156, 87, -175, -209, -190, 
-361, -419, -58, 390, -151, -239, -244, -146, 87, -170, -200, -190, 
-366, -424, -58, 395, -153, -241, -234, -126, 97, -170, -200, -180, 
-385, -429, -43, 407, -170, -236, -219, -122, 97, -170, -200, -180, 
-405, -448, -43, 427, -180, -246, -219, -117, 102, -175, -200, -185, 
-409, -453, -43, 431, -183, -248, -204, -117, 102, -175, -200, -185, 
-400, -458, -58, 429, -170, -258, -190, -102, 92, -170, -209, -185, 
-405, -463, -58, 434, -173, -261, -185, -97, 92, -170, -209, -190, 
-419, -473, -53, 446, -183, -263, -180, -92, 92, -175, -209, -195, 
-444, -488, -43, 466, -200, -265, -175, -92, 87, -185, -219, -204, 
-419, -473, -53, 446, -183, -263, -165, -78, 97, -170, -204, -195, 
-395, -458, -63, 427, -165, -261, -156, -73, 107, -156, -200, -195, 
-380, -448, -68, 414, -156, -258, -146, -63, 117, -151, -190, -190, 
-385, -444, -58, 414, -163, -251, -136, -58, 126, -146, -185, -190, 
-409, -458, -48, 434, -180, -253, -117, -48, 131, -146, -195, -180, 
-414, -468, -53, 441, -180, -261, -107, -48, 136, -156, -200, -185, 
-400, -458, -58, 429, -170, -258, -112, -43, 141, -156, -200, -185, 
-405, -458, -53, 431, -175, -256, -107, -34, 141, -151, -195, -185, 
-409, -468, -58, 439, -175, -263, -92, -34, 141, -146, -185, -185, 
-409, -473, -63, 441, -173, -268, -87, -34, 141, -141, -185, -185, 
-409, -473, -63, 441, -173, -268, -82, -34, 136, -136, -185, -185, 
-380, -468, -87, 424, -146, -278, -78, -29, 136, -131, -185, -185, 
-395, -453, -58, 424, -168, -256, -87, -24, 141, -131, -185, -175, 
-419, -453, -34, 436, -192, -244, -78, -34, 146, -131, -185, -175, 
-434, -458, -24, 446, -204, -241, -58, -34, 151, -136, -185, -175, 
-429, -458, -29, 444, -200, -244, -39, -34, 156, -136, -185, -175, 
-414, -419, -4, 417, -204, -212, -39, -29, 175, -117, -175, -156, 
-453, -448, 4, 451, -229, -222, -48, -39, 170, -131, -185, -170, 
-478, -483, -4, 480, -236, -244, -63, -58, 151, -146, -200, -180, 
-429, -473, -43, 451, -192, -258, -53, -53, 141, -146, -204, -190, 
-375, -463, -87, 419, -143, -275, -34, -34, 156, -136, -195, -190, 
-380, -463, -82, 422, -148, -273, -34, -24, 151, -117, -185, -185, 
-405, -463, -58, 434, -173, -261, -48, -29, 151, -122, -175, -190, 
-400, -463, -63, 431, -168, -263, -63, -9, 156, -102, -165, -180, 
-336, -434, -97, 385, -119, -265, -73, 4, 170, -58, -131, -146, 
-244, -361, -117, 302, -63, -239, -117, 4, 190, 4, -73, -97, 
-170, -297, -126, 234, -21, -212, -185, -14, 195, 63, -4, -29, 
-131, -263, -131, 197, 0, -197, -268, -43, 195, 87, 43, 14, 
-63, -248, -185, 156, 61, -217, -346, -92, 146, 78, 48, 24, 
78, -219, -297, 70, 187, -258, -444, -156, 53, 43, 53, 29, 
268, -151, -419, -58, 344, -285, -575, -258, -68, -9, 63, 58, 
409, -107, -517, -151, 463, -312, -712, -356, -185, -78, 68, 87, 
468, -87, -556, -190, 512, -322, -824, -478, -307, -185, 29, 82, 
527, -63, -590, -231, 558, -326, -936, -605, -419, -283, -9, 78, 
610, -14, -624, -297, 617, -319, -1029, -707, -507, -356, -24, 97, 
649, 19, -629, -334, 639, -305, -1088, -800, -570, -405, -29, 126, 
590, 19, -570, -305, 580, -275, -1132, -897, -639, -468, -58, 112, 
473, -43, -517, -214, 495, -280, -1132, -1000, -717, -610, -170, 48, 
351, -151, -502, -100, 427, -326, -1088, -1083, -810, -785, -317, -53, 
248, -204, -453, -21, 351, -329, -1010, -1141, -858, -912, -434, -122, 
136, -204, -341, 34, 239, -273, -917, -1185, -839, -946, -463, -131, 
9, -185, -195, 87, 102, -190, -805, -1171, -766, -917, -448, -126, 
-117, -195, -78, 156, -19, -136, -717, -1117, -697, -893, -448, -126, 
-209, -248, -39, 229, -85, -143, -688, -1039, -653, -873, -463, -151, 
-229, -268, -39, 248, -95, -153, -663, -941, -610, -824, -468, -170, 
-234, -292, -58, 263, -87, -175, -644, -839, -556, -771, -458, -180, 
-273, -331, -58, 302, -107, -195, -644, -775, -522, -736, -478, -209, 
-341, -380, -39, 361, -151, -209, -634, -717, -483, -707, -497, -244, 
-375, -419, -43, 397, -165, -231, -595, -639, -434, -668, -492, -263, 
-366, -429, -63, 397, -151, -246, -551, -551, -375, -619, -468, -263, 
-331, -424, -92, 378, -119, -258, -512, -478, -312, -546, -419, -248, 
-356, -434, -78, 395, -139, -256, -458, -400, -244, -478, -375, -239, 
-414, -463, -48, 439, -183, -256, -409, -351, -175, -419, -346, -234, 
-448, -492, -43, 470, -202, -268, -366, -326, -117, -380, -326, -234, 
-439, -483, -43, 461, -197, -263, -322, -302, -63, -326, -312, -234, 
-429, -473, -43, 451, -192, -258, -278, -278, -19, -287, -283, -224, 
-463, -468, -4, 466, -229, -236, -234, -253, 19, -263, -278, -214, 
-512, -488, 24, 500, -268, -231, -209, -239, 39, -253, -278, -219, 
-522, -492, 29, 507, -275, -231, -195, -229, 43, -244, -273, -229, 
-517, -488, 29, 502, -273, -229, -190, -219, 48, -244, -273, -234, 
-497, -483, 14, 490, -256, -234, -204, -209, 58, -244, -268, -234, 
-468, -468, 0, 468, -234, -234, -200, -204, 68, -234, -263, -234, 
-468, -473, -4, 470, -231, -239, -185, -204, 73, -239, -253, -224, 
-497, -483, 14, 490, -256, -234, -180, -209, 73, -239, -258, -234, 
-517, -502, 14, 509, -265, -244, -180, -219, 73, -244, -263, -239, 
-517, -502, 14, 509, -265, -244, -180, -219, 68, -253, -263, -244, 
-492, -502, -9, 497, -241, -256, -165, -219, 78, -244, -268, -244, 
-497, -497, 0, 497, -248, -248, -156, -214, 78, -234, -263, -234, 
-522, -497, 24, 509, -273, -236, -146, -209, 82, -244, -268, -234, 
-531, -497, 34, 514, -283, -231, -141, -204, 87, -244, -278, -229, 
-522, -492, 29, 507, -275, -231, -131, -195, 92, -239, -273, -229, 
-492, -478, 14, 485, -253, -231, -131, -180, 92, -224, -268, -229, 
-483, -473, 9, 478, -246, -231, -131, -165, 97, -214, -263, -229, 
-492, -488, 4, 490, -248, -241, -126, -156, 97, -209, -263, -239, 
-522, -492, 29, 507, -275, -231, -112, -165, 102, -214, -263, -239, 
-512, -492, 19, 502, -265, -236, -102, -165, 97, -214, -263, -239, 
-497, -492, 4, 495, -251, -244, -102, -165, 97, -214, -253, -234, 
-488, -488, 0, 488, -244, -244, -102, -161, 92, -219, -253, -229, 
-517, -502, 14, 509, -265, -244, -87, -156, 92, -209, -263, -234, 
-536, -517, 19, 527, -278, -248, -92, -151, 92, -214, -263, -239, 
-522, -522, 0, 522, -261, -261, -92, -146, 92, -219, -273, -248, 
-502, -522, -19, 512, -241, -270, -92, -136, 87, -219, -273, -253, 
-522, -531, -9, 527, -256, -270, -78, -131, 97, -214, -273, -253, 
-551, -546, 4, 549, -278, -270, -68, -126, 102, -214, -268, -253, 
-580, -556, 24, 568, -302, -265, -73, -122, 102, -219, -268, -258, 
-590, -556, 34, 573, -312, -261, -73, -117, 97, -219, -263, -253, 
-575, -566, 9, 570, -292, -278, -48, -126, 87, -219, -273, -253, 
-561, -556, 4, 558, -283, -275, -29, -117, 92, -224, -273, -253, 
-575, -556, 19, 566, -297, -268, -19, -112, 92, -224, -278, -258, 
-595, -556, 39, 575, -317, -258, -4, -107, 92, -224, -283, -263, 
-580, -551, 29, 566, -305, -261, -4, -107, 97, -214, -278, -253, 
-551, -541, 9, 546, -280, -265, 4, -102, 102, -209, -273, -253, 
-546, -536, 9, 541, -278, -263, 14, -97, 107, -209, -268, -253, 
-566, -531, 34, 549, -300, -248, 29, -97, 122, -209, -263, -253, 
-585, -541, 43, 563, -314, -248, 34, -122, 131, -209, -263, -258, 
-590, -541, 48, 566, -319, -246, 39, -126, 131, -209, -263, -253, 
-590, -531, 58, 561, -324, -236, 48, -126, 136, -209, -263, -248, 
-585, -522, 63, 553, -324, -229, 53, -126, 136, -209, -258, -239, 
-610, -536, 73, 573, -341, -231, 29, -131, 126, -214, -268, -239, 
-610, -541, 68, 575, -339, -236, 14, -136, 131, -219, -273, -248, 
-610, -541, 68, 575, -339, -236, 0, -141, 136, -219, -273, -248, 
-590, -527, 63, 558, -326, -231, 0, -141, 141, -209, -273, -244, 
-600, -522, 78, 561, -339, -222, -29, -156, 136, -219, -273, -253, 
-614, -546, 68, 580, -341, -239, -58, -165, 126, -224, -273, -253, 
-634, -551, 82, 592, -358, -234, -82, -180, 117, -229, -278, -253, 
-634, -556, 78, 595, -356, -239, -107, -190, 117, -234, -278, -253, 
-610, -546, 63, 578, -336, -241, -141, -195, 97, -239, -283, -263, 
-605, -541, 63, 573, -334, -239, -161, -195, 92, -234, -283, -258, 
-605, -541, 63, 573, -334, -239, -185, -200, 82, -234, -287, -258, 
-619, -541, 78, 580, -348, -231, -209, -204, 73, -234, -287, -258, 
-605, -546, 58, 575, -331, -244, -219, -204, 68, -244, -287, -258, 
-585, -546, 39, 566, -312, -253, -219, -200, 68, -229, -287, -253, 
-580, -546, 34, 563, -307, -256, -229, -185, 68, -224, -287, -253, 
-595, -546, 48, 570, -322, -248, -234, -195, 68, -224, -283, -253, 
-610, -546, 63, 578, -336, -241, -229, -209, 73, -244, -292, -268, 
-561, -507, 53, 534, -307, -226, -219, -200, 92, -224, -283, -248, 
-551, -497, 53, 524, -302, -222, -214, -180, 92, -209, -268, -239, 
-605, -527, 78, 566, -341, -224, -214, -185, 97, -224, -283, -244, 
-600, -517, 82, 558, -341, -217, -214, -185, 97, -214, -283, -253, 
-595, -517, 78, 556, -336, -219, -214, -185, 97, -214, -283, -253, 
-590, -517, 73, 553, -331, -222, -214, -185, 97, -214, -283, -253, 
-585, -517, 68, 551, -326, -224, -214, -185, 97, -214, -283, -253, 
-605, -517, 87, 561, -346, -214, -204, -195, 102, -209, -273, -253, 
-590, -517, 73, 553, -331, -222, -214, -190, 102, -209, -278, -253, 
-561, -507, 53, 534, -307, -226, -209, -175, 102, -209, -278, -253, 
-561, -507, 53, 534, -307, -226, -209, -170, 102, -209, -273, -248, 
-575, -502, 73, 539, -324, -214, -185, -180, 117, -204, -263, -239, 
-595, -512, 82, 553, -339, -214, -185, -180, 126, -200, -268, -239, 
-585, -507, 78, 546, -331, -214, -180, -180, 141, -195, -268, -244, 
-561, -492, 68, 527, -314, -212, -161, -175, 151, -190, -268, -244, 
-546, -483, 63, 514, -305, -209, -165, -175, 146, -185, -258, -229, 
-561, -478, 82, 519, -322, -197, -170, -175, 146, -185, -253, -229, 
-561, -478, 82, 519, -322, -197, -175, -180, 141, -185, -253, -229, 
-556, -473, 82, 514, -319, -195, -175, -180, 141, -185, -248, -229, 
-536, -453, 82, 495, -309, -185, -161, -185, 151, -185, -258, -229, 
-512, -453, 58, 483, -285, -197, -156, -175, 151, -180, -253, -224, 
-546, -453, 92, 500, -319, -180, -156, -175, 151, -170, -248, -224, 
-551, -458, 92, 505, -322, -183, -156, -185, 146, -180, -248, -224, 
-546, -448, 97, 497, -322, -175, -161, -175, 146, -170, -244, -224, 
-517, -448, 68, 483, -292, -190, -161, -175, 146, -170, -244, -224, 
-512, -448, 63, 480, -287, -192, -165, -175, 146, -170, -244, -224, 
-517, -448, 68, 483, -292, -190, -165, -175, 146, -170, -244, -224, 
-536, -448, 87, 492, -312, -180, -161, -180, 156, -170, -234, -214, 
-527, -448, 78, 488, -302, -185, -156, -185, 156, -170, -234, -214, 
-502, -439, 63, 470, -283, -187, -151, -185, 156, -170, -229, -214, 
-488, -434, 53, 461, -270, -190, -146, -185, 156, -161, -224, -209, 
-497, -424, 73, 461, -285, -175, -151, -185, 165, -151, -224, -209, 
-502, -424, 78, 463, -290, -173, -146, -185, 165, -156, -229, -209, 
-497, -424, 73, 461, -285, -175, -146, -180, 165, -156, -229, -209, 
-468, -419, 48, 444, -258, -185, -146, -175, 165, -156, -219, -204, 
-448, -405, 43, 427, -246, -180, -146, -161, 170, -151, -214, -200, 
-463, -405, 58, 434, -261, -173, -141, -161, 170, -146, -214, -195, 
-468, -405, 63, 436, -265, -170, -136, -156, 170, -141, -214, -195, 
-439, -400, 39, 419, -239, -180, -131, -151, 170, -136, -209, -190, 
-409, -390, 19, 400, -214, -185, -122, -151, 180, -131, -200, -180, 
-405, -390, 14, 397, -209, -187, -112, -146, 180, -126, -195, -175, 
-419, -390, 29, 405, -224, -180, -102, -146, 180, -126, -195, -175, 
-424, -409, 14, 417, -219, -197, -102, -146, 180, -131, -195, -175, 
-419, -400, 19, 409, -219, -190, -112, -141, 165, -122, -185, -175, 
-395, -400, -4, 397, -195, -202, -102, -136, 170, -122, -180, -175, 
-390, -395, -4, 392, -192, -200, -102, -131, 165, -122, -175, -170, 
-400, -395, 4, 397, -202, -195, -102, -126, 156, -122, -175, -170, 
-400, -405, -4, 402, -197, -204, -87, -131, 151, -136, -185, -175, 
-385, -405, -19, 395, -183, -212, -87, -136, 146, -141, -190, -175, 
-366, -395, -29, 380, -168, -212, -97, -136, 141, -146, -195, -175, 
-366, -395, -29, 380, -168, -212, -107, -131, 136, -151, -200, -175, 
-400, -414, -14, 407, -192, -214, -92, -131, 146, -151, -200, -180, 
-419, -424, -4, 422, -207, -214, -78, -131, 146, -156, -204, -180, 
-424, -429, -4, 427, -209, -217, -68, -131, 146, -156, -204, -180, 
-405, -419, -14, 412, -195, -217, -63, -131, 146, -151, -200, -180, 
-419, -419, 0, 419, -209, -209, -63, -131, 146, -141, -190, -180, 
-434, -424, 9, 429, -222, -207, -68, -131, 146, -141, -190, -180, 
-448, -439, 9, 444, -229, -214, -78, -131, 141, -146, -195, -180, 
-444, -429, 14, 436, -229, -207, -82, -126, 136, -146, -195, -180, 
-439, -429, 9, 434, -224, -209, -102, -131, 122, -146, -200, -190, 
-429, -429, 0, 429, -214, -214, -122, -131, 117, -151, -200, -190, 
-444, -429, 14, 436, -229, -207, -136, -136, 112, -156, -200, -190, 
-458, -444, 14, 451, -236, -214, -165, -141, 112, -165, -200, -195, 
-468, -448, 19, 458, -244, -214, -180, -156, 97, -175, -200, -195, 
-453, -444, 9, 448, -231, -217, -185, -156, 92, -170, -200, -190, 
-453, -448, 4, 451, -229, -222, -200, -156, 87, -170, -200, -190, 
-463, -458, 4, 461, -234, -226, -214, -156, 82, -175, -200, -190, 
-473, -468, 4, 470, -239, -231, -214, -161, 78, -195, -219, -195, 
-463, -468, -4, 466, -229, -236, -214, -161, 78, -195, -219, -195, 
-444, -458, -14, 451, -214, -236, -214, -161, 78, -185, -219, -195, 
-434, -453, -19, 444, -207, -236, -214, -156, 78, -185, -214, -190, 
-444, -453, -9, 448, -217, -231, -214, -146, 78, -185, -224, -200, 
-463, -458, 4, 461, -234, -226, -214, -151, 78, -185, -224, -200, 
-463, -468, -4, 466, -229, -236, -214, -156, 78, -195, -229, -204, 
-444, -458, -14, 451, -214, -236, -229, -156, 78, -195, -229, -204, 
-434, -453, -19, 444, -207, -236, -219, -151, 73, -190, -214, -200, 
-429, -448, -19, 439, -204, -234, -214, -151, 73, -190, -214, -195, 
-419, -448, -29, 434, -195, -239, -209, -151, 73, -190, -214, -190, 
-409, -444, -34, 427, -187, -239, -204, -151, 68, -190, -214, -185, 
-375, -429, -53, 402, -161, -241, -195, -146, 73, -190, -214, -195, 
-370, -424, -53, 397, -158, -239, -204, -131, 78, -180, -214, -195, 
-385, -424, -39, 405, -173, -231, -195, -141, 82, -180, -214, -195, 
-390, -429, -39, 409, -175, -234, -175, -141, 87, -185, -214, -195, 
-390, -419, -29, 405, -180, -224, -156, -136, 92, -170, -209, -190, 
-366, -409, -43, 387, -161, -226, -156, -126, 97, -165, -204, -185, 
-366, -409, -43, 387, -161, -226, -156, -122, 97, -165, -200, -185, 
-370, -424, -53, 397, -158, -239, -161, -117, 92, -165, -200, -180, 
-370, -414, -43, 392, -163, -229, -161, -122, 102, -156, -185, -170, 
-366, -424, -58, 395, -153, -241, -170, -131, 97, -165, -204, -180, 
-312, -405, -92, 358, -109, -248, -170, -102, 92, -156, -204, -185, 
-248, -375, -126, 312, -61, -251, -175, -68, 102, -131, -175, -170, 
-214, -356, -141, 285, -36, -248, -209, -48, 97, -102, -146, -141, 
-200, -336, -136, 268, -31, -236, -239, -43, 102, -68, -112, -117, 
-165, -312, -146, 239, -9, -229, -253, -24, 112, -34, -82, -97, 
-82, -268, -185, 175, 51, -226, -292, -24, 107, 4, -34, -48, 
24, -204, -229, 90, 126, -217, -346, -73, 97, 39, 14, 4, 
112, -131, -244, 9, 178, -187, -414, -141, 68, 48, 68, 53, 
165, -82, -248, -41, 207, -165, -483, -244, 14, 24, 73, 87, 
219, -63, -283, -78, 251, -173, -536, -326, -48, -29, 63, 97, 
312, -39, -351, -136, 331, -195, -595, -405, -126, -97, 48, 107, 
400, -9, -409, -195, 405, -209, -668, -527, -229, -175, 29, 102, 
468, 14, -453, -241, 461, -219, -771, -673, -361, -302, 0, 107, 
492, 43, -448, -268, 470, -202, -863, -805, -458, -405, -34, 117, 
531, 68, -463, -300, 497, -197, -922, -897, -522, -473, -58, 126, 
619, 78, -541, -348, 580, -231, -985, -985, -619, -556, -87, 112, 
668, 73, -595, -370, 631, -261, -1024, -1049, -756, -678, -151, 87, 
644, 43, -600, -344, 622, -278, -1029, -1112, -858, -795, -229, 53, 
522, 0, -522, -261, 522, -261, -1000, -1190, -897, -902, -317, 4, 
361, -39, -400, -161, 380, -219, -907, -1215, -858, -966, -395, -34, 
224, -19, -244, -102, 234, -131, -785, -1190, -766, -936, -419, -39, 
136, 19, -117, -78, 126, -48, -668, -1098, -629, -844, -380, -19, 
53, 14, -39, -34, 46, -12, -580, -961, -497, -746, -336, -4, 
-53, -63, -9, 58, -21, -36, -527, -844, -414, -688, -322, -34, 
-126, -156, -29, 141, -48, -92, -497, -761, -380, -673, -361, -82, 
-136, -224, -87, 180, -24, -156, -478, -678, -356, -658, -390, -141, 
-146, -244, -97, 195, -24, -170, -419, -570, -317, -600, -390, -156, 
-190, -263, -73, 226, -58, -168, -361, -473, -258, -541, -366, -156, 
-268, -302, -34, 285, -117, -168, -307, -395, -200, -483, -361, -175, 
-341, -356, -14, 348, -163, -185, -248, -312, -126, -429, -351, -190, 
-346, -385, -39, 366, -153, -212, -204, -253, -58, -370, -326, -200, 
-307, -375, -68, 341, -119, -222, -165, -214, 9, -312, -297, -195, 
-322, -385, -63, 353, -129, -224, -122, -170, 68, -253, -258, -185, 
-390, -424, -34, 407, -178, -229, -97, -146, 112, -229, -244, -195, 
-448, -463, -14, 456, -217, -239, -92, -170, 126, -219, -244, -214, 
-434, -448, -14, 441, -209, -231, -117, -195, 126, -214, -239, -204, 
-395, -409, -14, 402, -190, -212, -131, -200, 107, -204, -229, -190, 
-414, -419, -4, 417, -204, -212, -151, -200, 97, -219, -234, -190, 
-429, -419, 9, 424, -219, -204, -170, -200, 87, -224, -244, -195, 
-429, -419, 9, 424, -219, -204, -209, -200, 82, -229, -248, -195, 
-419, -409, 9, 414, -214, -200, -229, -204, 78, -224, -253, -195, 
-400, -439, -39, 419, -180, -239, -253, -204, 73, -229, -263, -200, 
-429, -453, -24, 441, -202, -239, -268, -209, 63, -229, -268, -214, 
-448, -478, -29, 463, -209, -253, -287, -219, 53, -234, -273, -224, 
-448, -483, -34, 466, -207, -258, -307, -219, 39, -244, -273, -234, 
-429, -473, -43, 451, -192, -258, -287, -214, 43, -239, -263, -224, 
-439, -468, -29, 453, -204, -248, -283, -204, 48, -224, -253, -214, 
-468, -468, 0, 468, -234, -234, -278, -195, 58, -229, -253, -214, 
-483, -468, 14, 475, -248, -226, -278, -185, 68, -224, -258, -209, 
-483, -458, 24, 470, -253, -217, -273, -175, 63, -234, -248, -219, 
-463, -448, 14, 456, -239, -217, -278, -170, 63, -224, -248, -219, 
-463, -448, 14, 456, -239, -217, -283, -165, 68, -219, -248, -219, 
-483, -468, 14, 475, -248, -226, -283, -165, 68, -219, -253, -229, 
-522, -492, 29, 507, -275, -231, -263, -170, 73, -214, -273, -248, 
-522, -502, 19, 512, -270, -241, -248, -165, 68, -214, -273, -248, 
-517, -512, 4, 514, -261, -253, -244, -161, 68, -214, -263, -244, 
-517, -517, 0, 517, -258, -258, -239, -151, 63, -219, -263, -239, 
-536, -512, 24, 524, -280, -244, -229, -151, 73, -229, -263, -229, 
-556, -517, 39, 536, -297, -239, -229, -151, 73, -234, -263, -229, 
-541, -512, 29, 527, -285, -241, -224, -151, 73, -239, -273, -234, 
-522, -502, 19, 512, -270, -241, -219, -146, 68, -239, -273, -234, 
-517, -502, 14, 509, -265, -244, -209, -141, 78, -234, -278, -248, 
-531, -517, 14, 524, -273, -251, -195, -136, 82, -234, -278, -253, 
-546, -527, 19, 536, -283, -253, -195, -131, 82, -239, -283, -263, 
-541, -527, 14, 534, -278, -256, -190, -126, 78, -239, -283, -263, 
-522, -517, 4, 519, -263, -256, -165, -126, 82, -234, -278, -248, 
-502, -507, -4, 505, -248, -256, -146, -117, 92, -234, -273, -244, 
-512, -507, 4, 509, -258, -251, -136, -112, 97, -229, -273, -244, 
-527, -507, 19, 517, -273, -244, -122, -107, 102, -224, -273, -244, 
-527, -507, 19, 517, -273, -244, -136, -122, 92, -229, -278, -248, 
-502, -502, 0, 502, -251, -251, -131, -122, 92, -229, -283, -253, 
-502, -502, 0, 502, -251, -251, -126, -122, 92, -234, -287, -258, 
-527, -502, 24, 514, -275, -239, -117, -126, 102, -239, -292, -263, 
-541, -527, 14, 534, -278, -256, -112, -136, 102, -239, -302, -273, 
-541, -531, 9, 536, -275, -261, -107, -136, 102, -239, -302, -273, 
-536, -527, 9, 531, -273, -258, -97, -131, 107, -239, -302, -273, 
-527, -522, 4, 524, -265, -258, -92, -126, 107, -239, -297, -268, 
-546, -531, 14, 539, -280, -258, -102, -117, 117, -239, -292, -263, 
-541, -531, 9, 536, -275, -261, -102, -117, 122, -239, -292, -268, 
-536, -527, 9, 531, -273, -258, -102, -117, 126, -234, -287, -263, 
-512, -507, 4, 509, -258, -251, -87, -112, 131, -219, -283, -253, 
-497, -488, 9, 492, -253, -239, -102, -112, 131, -224, -283, -263, 
-507, -507, 0, 507, -253, -253, -107, -117, 126, -224, -283, -263, 
-522, -507, 14, 514, -268, -246, -107, -126, 122, -224, -287, -263, 
-517, -507, 9, 512, -263, -248, -107, -131, 126, -224, -287, -263, 
-507, -497, 9, 502, -258, -244, -97, -131, 131, -209, -278, -258, 
-507, -492, 14, 500, -261, -239, -92, -126, 141, -204, -273, -248, 
-512, -492, 19, 502, -265, -236, -92, -126, 146, -204, -273, -244, 
-531, -492, 39, 512, -285, -226, -92, -126, 151, -204, -268, -239, 
-531, -478, 53, 505, -292, -212, -107, -131, 151, -214, -278, -239, 
-517, -478, 39, 497, -278, -219, -102, -131, 156, -200, -278, -234, 
-517, -478, 39, 497, -278, -219, -107, -122, 161, -195, -278, -234, 
-536, -478, 58, 507, -297, -209, -107, -136, 165, -195, -273, -234, 
-556, -478, 78, 517, -317, -200, -102, -136, 175, -180, -268, -229, 
-541, -478, 63, 509, -302, -207, -102, -131, 180, -175, -263, -229, 
-517, -468, 48, 492, -283, -209, -87, -126, 185, -165, -253, -229, 
-502, -468, 34, 485, -268, -217, -82, -122, 195, -161, -244, -224, 
-512, -458, 53, 485, -283, -202, -92, -117, 214, -156, -224, -214, 
-502, -444, 58, 473, -280, -192, -92, -112, 219, -146, -224, -204, 
-478, -414, 63, 446, -270, -175, -92, -107, 224, -136, -214, -195, 
-448, -390, 58, 419, -253, -165, -97, -102, 239, -112, -195, -175, 
-439, -380, 58, 409, -248, -161, -97, -102, 239, -102, -180, -170, 
-473, -380, 92, 427, -283, -143, -73, -102, 258, -102, -180, -175, 
-478, -375, 102, 427, -290, -136, -92, -102, 258, -102, -185, -170, 
-478, -366, 112, 422, -295, -126, -92, -112, 253, -102, -185, -165, 
-444, -361, 82, 402, -263, -139, -87, -112, 253, -97, -180, -161, 
-439, -356, 82, 397, -261, -136, -87, -107, 253, -92, -175, -156, 
-448, -356, 92, 402, -270, -131, -82, -102, 253, -87, -175, -156, 
-453, -370, 82, 412, -268, -143, -87, -97, 248, -82, -175, -156, 
-439, -370, 68, 405, -253, -151, -87, -122, 244, -92, -190, -156, 
-424, -366, 58, 395, -241, -153, -97, -126, 244, -92, -195, -151, 
-434, -366, 68, 400, -251, -148, -112, -136, 244, -97, -190, -156, 
-453, -370, 82, 412, -268, -143, -107, -141, 244, -107, -195, -165, 
-453, -375, 78, 414, -265, -148, -136, -161, 239, -112, -190, -170, 
-448, -375, 73, 412, -261, -151, -146, -170, 234, -112, -190, -170, 
-419, -361, 58, 390, -239, -151, -156, -180, 234, -107, -180, -165, 
-419, -346, 73, 383, -246, -136, -170, -190, 229, -102, -175, -161, 
-444, -361, 82, 402, -263, -139, -204, -195, 200, -107, -185, -151, 
-444, -366, 78, 405, -261, -143, -229, -209, 190, -117, -190, -151, 
-424, -370, 53, 397, -239, -158, -258, -214, 180, -122, -190, -151, 
-390, -366, 24, 378, -207, -170, -283, -209, 165, -126, -185, -146, 
-380, -375, 4, 378, -192, -185, -297, -209, 151, -131, -185, -146, 
-400, -375, 24, 387, -212, -175, -302, -204, 151, -122, -190, -151, 
-409, -375, 34, 392, -222, -170, -302, -204, 146, -122, -195, -156, 
-400, -370, 29, 385, -214, -170, -302, -214, 146, -122, -200, -161, 
-380, -370, 9, 375, -195, -180, -278, -204, 161, -107, -175, -151, 
-385, -366, 19, 375, -202, -173, -273, -195, 156, -102, -170, -141, 
-400, -366, 34, 383, -217, -165, -268, -180, 151, -97, -161, -131, 
-405, -366, 39, 385, -222, -163, -253, -170, 151, -92, -156, -122, 
-409, -370, 39, 390, -224, -165, -229, -161, 156, -97, -170, -136, 
-380, -361, 19, 370, -200, -170, -234, -161, 165, -97, -165, -131, 
-375, -366, 9, 370, -192, -178, -229, -161, 175, -102, -170, -136, 
-395, -370, 24, 383, -209, -173, -214, -161, 185, -107, -175, -141, 
-419, -375, 43, 397, -231, -165, -209, -156, 195, -102, -190, -156, 
-419, -380, 39, 400, -229, -170, -204, -146, 195, -102, -190, -156, 
-390, -375, 14, 383, -202, -180, -195, -141, 190, -102, -180, -156, 
-385, -370, 14, 378, -200, -178, -185, -136, 185, -92, -175, -151, 
-346, -385, -39, 366, -153, -212, -175, -122, 165, -102, -185, -161, 
-390, -400, -9, 395, -190, -204, -165, -117, 175, -107, -195, -161, 
-429, -409, 19, 419, -224, -195, -156, -107, 185, -107, -185, -165, 
-405, -395, 9, 400, -207, -192, -165, -117, 175, -117, -185, -156, 
-390, -390, 0, 390, -195, -195, -165, -117, 175, -117, -185, -156, 
-375, -385, -9, 380, -183, -197, -165, -117, 175, -117, -185, -156, 
-361, -380, -19, 370, -170, -200, -165, -117, 175, -117, -185, -156, 
-375, -385, -9, 380, -183, -197, -151, -107, 170, -122, -185, -165, 
-366, -390, -24, 378, -170, -207, -165, -102, 170, -122, -190, -165, 
-341, -385, -43, 363, -148, -214, -165, -87, 170, -122, -190, -165, 
-346, -390, -43, 368, -151, -217, -170, -82, 170, -122, -185, -161, 
-361, -390, -29, 375, -165, -209, -156, -92, 170, -131, -185, -151, 
-380, -405, -24, 392, -178, -214, -156, -92, 175, -131, -190, -151, 
-370, -405, -34, 387, -168, -219, -151, -92, 185, -131, -190, -156, 
-346, -395, -48, 370, -148, -222, -131, -87, 190, -131, -190, -156, 
-346, -385, -39, 366, -153, -212, -136, -87, 180, -136, -195, -151, 
-366, -380, -14, 373, -175, -197, -141, -87, 185, -136, -195, -151, 
-370, -380, -9, 375, -180, -195, -146, -92, 185, -136, -200, -151, 
-370, -375, -4, 373, -183, -190, -146, -92, 190, -136, -200, -151, 
-361, -370, -9, 366, -175, -190, -141, -87, 190, -126, -200, -161, 
-336, -375, -39, 356, -148, -207, -136, -78, 190, -122, -195, -156, 
-370, -380, -9, 375, -180, -195, -136, -78, 190, -112, -190, -156, 
-375, -390, -14, 383, -180, -202, -136, -87, 185, -122, -190, -156, 
-366, -380, -14, 373, -175, -197, -141, -97, 185, -131, -204, -165, 
-341, -380, -39, 361, -151, -209, -141, -97, 185, -131, -204, -165, 
-341, -380, -39, 361, -151, -209, -146, -97, 185, -131, -204, -165, 
-351, -380, -29, 366, -161, -204, -146, -97, 185, -131, -204, -165, 
-370, -380, -9, 375, -180, -195, -141, -87, 190, -122, -190, -161, 
-370, -380, -9, 375, -180, -195, -136, -87, 195, -122, -185, -156, 
-356, -370, -14, 363, -170, -192, -131, -82, 200, -122, -175, -151, 
-351, -366, -14, 358, -168, -190, -126, -78, 204, -112, -165, -141, 
-356, -361, -4, 358, -175, -183, -112, -82, 209, -102, -170, -141, 
-356, -356, 0, 356, -178, -178, -107, -87, 214, -107, -180, -141, 
-346, -351, -4, 348, -170, -178, -107, -87, 219, -107, -185, -141, 
-312, -341, -29, 326, -141, -185, -107, -87, 224, -107, -180, -136, 
-317, -331, -14, 324, -151, -173, -112, -87, 229, -117, -170, -136, 
-346, -336, 9, 341, -178, -163, -112, -92, 229, -117, -175, -136, 
-366, -341, 24, 353, -195, -158, -112, -92, 229, -117, -180, -141, 
-351, -341, 9, 346, -180, -165, -112, -92, 229, -117, -180, -141, 
-326, -322, 4, 324, -165, -158, -107, -82, 234, -107, -180, -141, 
-326, -322, 4, 324, -165, -158, -92, -78, 239, -97, -175, -136, 
-346, -322, 24, 334, -185, -148, -78, -78, 244, -92, -175, -136, 
-356, -341, 14, 348, -185, -163, -73, -78, 248, -92, -175, -136, 
-351, -322, 29, 336, -190, -146, -73, -87, 248, -82, -175, -146, 
-326, -322, 4, 324, -165, -158, -63, -87, 258, -82, -170, -146, 
-322, -317, 4, 319, -163, -156, -63, -87, 258, -82, -165, -141, 
-331, -317, 14, 324, -173, -151, -63, -87, 253, -82, -165, -141, 
-341, -317, 24, 329, -183, -146, -58, -92, 263, -92, -161, -131, 
-326, -317, 9, 322, -168, -153, -58, -97, 263, -92, -161, -126, 
-307, -307, 0, 307, -153, -153, -68, -97, 263, -92, -161, -122, 
-307, -307, 0, 307, -153, -153, -78, -92, 263, -92, -161, -117, 
-326, -322, 4, 324, -165, -158, -107, -112, 253, -92, -161, -122, 
-341, -326, 14, 334, -178, -156, -126, -122, 244, -97, -165, -122, 
-341, -326, 14, 334, -178, -156, -151, -131, 234, -97, -165, -122, 
-317, -312, 4, 314, -161, -153, -180, -141, 224, -92, -161, -122, 
-292, -297, -4, 295, -143, -151, -204, -141, 209, -102, -170, -122, 
-287, -297, -9, 292, -139, -153, -234, -141, 204, -102, -170, -122, 
-283, -307, -24, 295, -129, -165, -268, -141, 195, -107, -175, -122, 
-258, -292, -34, 275, -112, -163, -297, -136, 185, -107, -175, -122, 
-253, -297, -43, 275, -104, -170, -283, -122, 195, -97, -161, -112, 
-244, -302, -58, 273, -92, -180, -278, -112, 195, -92, -161, -112, 
-258, -307, -48, 283, -104, -178, -268, -107, 195, -87, -161, -112, 
-273, -326, -53, 300, -109, -190, -273, -102, 200, -87, -161, -117, 
-283, -336, -53, 309, -114, -195, -248, -102, 209, -97, -170, -126, 
-278, -326, -48, 302, -114, -187, -224, -97, 209, -92, -170, -122, 
-287, -326, -39, 307, -124, -183, -209, -92, 209, -92, -170, -122, 
-307, -331, -24, 319, -141, -178, -195, -87, 209, -97, -170, -122, 
-336, -341, -4, 339, -165, -173, -180, -87, 214, -107, -180, -117, 
-326, -341, -14, 334, -156, -178, -175, -82, 214, -107, -180, -117, 
-307, -331, -24, 319, -141, -178, -170, -78, 214, -97, -180, -117, 
-297, -326, -29, 312, -134, -178, -165, -68, 214, -97, -175, -112, 
-322, -341, -19, 331, -151, -180, -165, -78, 204, -107, -180, -126, 
-346, -351, -4, 348, -170, -178, -165, -92, 204, -107, -185, -131, 
-351, -366, -14, 358, -168, -190, -165, -107, 204, -117, -195, -141, 
-336, -361, -24, 348, -156, -192, -180, -117, 204, -117, -200, -146, 
-331, -370, -39, 351, -146, -204, -175, -107, 200, -112, -195, -146, 
-331, -370, -39, 351, -146, -204, -165, -102, 200, -112, -195, -146, 
-326, -375, -48, 351, -139, -212, -156, -97, 200, -112, -195, -146, 
-322, -375, -53, 348, -134, -214, -146, -92, 195, -112, -195, -146, 
-292, -361, -68, 326, -112, -214, -136, -87, 195, -112, -204, -156, 
-292, -356, -63, 324, -114, -209, -156, -73, 195, -102, -204, -156, 
-312, -356, -43, 334, -134, -200, -156, -82, 195, -102, -204, -156, 
-322, -361, -39, 341, -141, -200, -146, -82, 195, -107, -204, -156, 
-302, -361, -58, 331, -122, -209, -136, -87, 195, -107, -204, -165, 
-278, -351, -73, 314, -102, -212, -136, -87, 195, -107, -204, -165, 
-278, -351, -73, 314, -102, -212, -136, -92, 190, -112, -204, -170, 
-283, -366, -82, 324, -100, -224, -141, -97, 180, -117, -209, -170, 
-312, -385, -73, 348, -119, -229, -141, -82, 170, -126, -204, -161, 
-268, -385, -117, 326, -75, -251, -141, -73, 175, -136, -214, -161, 
-195, -366, -170, 280, -12, -268, -161, -43, 170, -117, -204, -146, 
-151, -356, -204, 253, 26, -280, -175, -9, 170, -73, -165, -131, 
-156, -336, -180, 246, 12, -258, -190, 9, 175, -24, -117, -102, 
-131, -297, -165, 214, 17, -231, -219, -4, 200, 19, -63, -58, 
-29, -214, -185, 122, 78, -200, -253, -24, 229, 92, 4, 9, 
112, -122, -234, 4, 173, -178, -283, -34, 244, 141, 63, 78, 
209, -58, -268, -75, 239, -163, -326, -43, 224, 165, 112, 122, 
287, -14, -302, -136, 295, -158, -405, -82, 165, 136, 126, 151, 
380, 24, -356, -202, 368, -165, -512, -175, 92, 92, 131, 165, 
512, 53, -458, -283, 485, -202, -595, -287, 0, 39, 112, 175, 
653, 87, -566, -370, 610, -239, -663, -366, -97, -19, 97, 195, 
761, 136, -624, -448, 692, -244, -727, -439, -180, -78, 87, 209, 
771, 161, -610, -466, 690, -224, -790, -536, -263, -156, 68, 214, 
736, 170, -566, -453, 651, -197, -834, -649, -331, -248, 43, 204, 
717, 185, -531, -451, 624, -173, -863, -780, -375, -317, 9, 204, 
678, 185, -492, -431, 585, -153, -888, -917, -444, -419, -48, 190, 
590, 151, -439, -370, 514, -143, -878, -1039, -541, -570, -161, 126, 
429, 92, -336, -261, 383, -122, -824, -1112, -585, -688, -278, 73, 
209, 58, -151, -134, 180, -46, -736, -1171, -556, -736, -336, 34, 
68, 48, -19, -58, 43, 14, -634, -1185, -497, -751, -366, 24, 
9, 29, 19, -19, -4, 24, -531, -1112, -463, -741, -390, 0, 
-48, -29, 19, 39, -34, -4, -463, -1000, -444, -717, -400, -19, 
-131, -112, 19, 122, -75, -46, -424, -893, -429, -707, -414, -63, 
-180, -170, 9, 175, -95, -80, -390, -805, -395, -697, -429, -102, 
-156, -204, -48, 180, -53, -126, -370, -732, -370, -683, -448, -131, 
-146, -224, -78, 185, -34, -151, -361, -649, -326, -649, -448, -151, 
-185, -244, -58, 214, -63, -151, -341, -561, -268, -600, -439, -156, 
-239, -253, -14, 246, -112, -134, -312, -473, -200, -541, -414, -156, 
-297, -283, 14, 290, -156, -134, -278, -414, -141, -492, -390, -165, 
-322, -307, 14, 314, -168, -146, -219, -341, -68, -429, -370, -170, 
-297, -307, -9, 302, -143, -158, -165, -273, 0, -341, -336, -161, 
-307, -317, -9, 312, -148, -163, -107, -234, 68, -283, -307, -165, 
-380, -366, 14, 373, -197, -175, -53, -219, 126, -244, -297, -195, 
-439, -405, 34, 422, -236, -185, -19, -214, 161, -219, -302, -204, 
-400, -385, 14, 392, -207, -185, -24, -229, 185, -200, -283, -204, 
-356, -361, -4, 358, -175, -183, -48, -244, 185, -185, -258, -195, 
-356, -361, -4, 358, -175, -183, -63, -248, 185, -185, -239, -170, 
-385, -375, 9, 380, -197, -183, -82, -234, 195, -195, -248, -170, 
-400, -370, 29, 385, -214, -170, -92, -229, 195, -195, -253, -175, 
-400, -366, 34, 383, -217, -165, -122, -224, 200, -195, -253, -175, 
-390, -351, 39, 370, -214, -156, -131, -224, 204, -185, -253, -175, 
-380, -356, 24, 368, -202, -165, -136, -209, 209, -175, -253, -175, 
-409, -366, 43, 387, -226, -161, -131, -209, 209, -170, -258, -185, 
-429, -385, 43, 407, -236, -170, -131, -214, 209, -170, -263, -190, 
-429, -385, 43, 407, -236, -170, -131, -209, 204, -175, -263, -195, 
-409, -385, 24, 397, -217, -180, -122, -204, 214, -185, -263, -195, 
-409, -380, 29, 395, -219, -175, -117, -195, 214, -175, -253, -185, 
-429, -380, 48, 405, -239, -165, -112, -185, 219, -185, -253, -185, 
-434, -380, 53, 407, -244, -163, -112, -175, 224, -185, -258, -180, 
-448, -395, 53, 422, -251, -170, -107, -165, 239, -180, -258, -190, 
-434, -390, 43, 412, -239, -173, -102, -161, 239, -165, -258, -190, 
-439, -395, 43, 417, -241, -175, -97, -156, 244, -156, -258, -190, 
-463, -419, 43, 441, -253, -187, -87, -156, 244, -151, -263, -200, 
-473, -414, 58, 444, -265, -178, -73, -165, 253, -165, -273, -209, 
-463, -414, 48, 439, -256, -183, -53, -165, 244, -165, -273, -209, 
-448, -414, 34, 431, -241, -190, -43, -165, 239, -165, -263, -204, 
-439, -409, 29, 424, -234, -190, -34, -161, 229, -170, -263, -200, 
-453, -419, 34, 436, -244, -192, -29, -156, 224, -161, -253, -190, 
-468, -429, 39, 448, -253, -195, -34, -151, 219, -165, -253, -190, 
-448, -429, 19, 439, -234, -204, -34, -146, 214, -170, -263, -195, 
-424, -424, 0, 424, -212, -212, -34, -136, 204, -170, -263, -195, 
-434, -434, 0, 434, -217, -217, -19, -136, 204, -165, -268, -200, 
-453, -448, 4, 451, -229, -222, -9, -136, 209, -165, -268, -204, 
-473, -458, 14, 466, -244, -222, -14, -136, 209, -170, -273, -214, 
-473, -458, 14, 466, -244, -222, -14, -136, 204, -170, -273, -214, 
-453, -473, -19, 463, -217, -246, 4, -126, 204, -175, -278, -214, 
-434, -468, -34, 451, -200, -251, 19, -117, 209, -185, -283, -214, 
-444, -473, -29, 458, -207, -251, 24, -112, 209, -190, -292, -219, 
-458, -478, -19, 468, -219, -248, 34, -107, 209, -195, -302, -224, 
-458, -478, -19, 468, -219, -248, 43, -107, 200, -185, -302, -234, 
-434, -473, -39, 453, -197, -256, 53, -102, 200, -180, -302, -234, 
-434, -473, -39, 453, -197, -256, 63, -97, 200, -180, -302, -234, 
-458, -473, -14, 466, -222, -244, 78, -97, 209, -180, -302, -234, 
-473, -483, -9, 478, -231, -246, 78, -102, 200, -180, -302, -234, 
-473, -483, -9, 478, -231, -246, 78, -107, 200, -180, -302, -234, 
-468, -473, -4, 470, -231, -239, 82, -107, 204, -180, -302, -234, 
-458, -463, -4, 461, -226, -234, 82, -107, 204, -180, -297, -229, 
-492, -478, 14, 485, -253, -231, 73, -92, 214, -195, -307, -224, 
-492, -483, 9, 488, -251, -236, 73, -87, 219, -200, -312, -229, 
-492, -483, 9, 488, -251, -236, 73, -82, 224, -200, -312, -224, 
-473, -468, 4, 470, -239, -231, 87, -73, 229, -190, -312, -214, 
-473, -473, 0, 473, -236, -236, 102, -68, 234, -175, -312, -234, 
-488, -497, -9, 492, -239, -253, 107, -68, 234, -175, -312, -244, 
-507, -502, 4, 505, -256, -248, 117, -73, 234, -175, -317, -253, 
-507, -507, 0, 507, -253, -253, 126, -73, 244, -175, -317, -263, 
-488, -502, -14, 495, -236, -258, 117, -78, 244, -180, -307, -258, 
-488, -492, -4, 490, -241, -248, 122, -78, 248, -175, -302, -248, 
-492, -488, 4, 490, -248, -241, 122, -82, 248, -175, -302, -244, 
-512, -483, 29, 497, -270, -226, 122, -87, 248, -175, -297, -239, 
-502, -458, 43, 480, -273, -207, 126, -87, 263, -165, -287, -234, 
-478, -448, 29, 463, -253, -209, 141, -82, 273, -151, -287, -224, 
-468, -439, 29, 453, -248, -204, 146, -68, 283, -146, -287, -219, 
-478, -429, 48, 453, -263, -190, 156, -78, 292, -146, -283, -214, 
-522, -444, 78, 483, -300, -183, 170, -73, 307, -141, -273, -219, 
-522, -448, 73, 485, -297, -187, 170, -73, 307, -136, -273, -219, 
-512, -444, 68, 478, -290, -187, 185, -73, 307, -126, -268, -219, 
-512, -448, 63, 480, -287, -192, 190, -73, 312, -122, -263, -214, 
-536, -453, 82, 495, -309, -185, 185, -78, 326, -136, -273, -224, 
-531, -453, 78, 492, -305, -187, 180, -82, 326, -136, -283, -224, 
-512, -439, 73, 475, -292, -183, 175, -87, 326, -136, -283, -224, 
-488, -429, 58, 458, -273, -185, 165, -92, 336, -122, -273, -214, 
-488, -414, 73, 451, -280, -170, 165, -97, 336, -117, -258, -209, 
-522, -419, 102, 470, -312, -158, 190, -102, 356, -112, -258, -214, 
-527, -419, 107, 473, -317, -156, 170, -107, 356, -107, -263, -209, 
-527, -414, 112, 470, -319, -151, 170, -122, 351, -102, -263, -204, 
-483, -390, 92, 436, -287, -148, 136, -141, 336, -112, -268, -200, 
-478, -385, 92, 431, -285, -146, 107, -146, 331, -112, -263, -195, 
-488, -385, 102, 436, -295, -141, 82, -151, 326, -112, -263, -195, 
-492, -400, 92, 446, -292, -153, 48, -156, 317, -112, -263, -195, 
-463, -390, 73, 427, -268, -158, 14, -175, 297, -117, -273, -195, 
-434, -385, 48, 409, -241, -168, -19, -175, 292, -112, -273, -190, 
-429, -385, 43, 407, -236, -170, -58, -180, 287, -112, -263, -195, 
-434, -390, 43, 412, -239, -173, -78, -180, 283, -117, -263, -204, 
-424, -385, 39, 405, -231, -173, -92, -175, 273, -107, -253, -204, 
-419, -375, 43, 397, -231, -165, -97, -170, 273, -102, -248, -200, 
-390, -351, 39, 370, -214, -156, -102, -165, 278, -92, -234, -190, 
-390, -326, 63, 358, -226, -131, -112, -161, 278, -82, -224, -180, 
-414, -341, 73, 378, -244, -134, -117, -146, 278, -92, -234, -180, 
-414, -346, 68, 380, -241, -139, -122, -151, 278, -97, -239, -180, 
-395, -351, 43, 373, -219, -153, -131, -146, 278, -97, -239, -180, 
-361, -346, 14, 353, -187, -165, -136, -131, 273, -97, -234, -175, 
-375, -361, 14, 368, -195, -173, -136, -122, 273, -82, -229, -180, 
-400, -366, 34, 383, -217, -165, -136, -117, 278, -73, -229, -180, 
-414, -370, 43, 392, -229, -163, -131, -117, 278, -73, -229, -180, 
-409, -370, 39, 390, -224, -165, -126, -126, 283, -73, -229, -180, 
-370, -361, 9, 366, -190, -175, -122, -112, 273, -63, -209, -165, 
-366, -356, 9, 361, -187, -173, -126, -107, 263, -63, -209, -161, 
-370, -356, 14, 363, -192, -170, -131, -97, 253, -63, -204, -156, 
-366, -356, 9, 361, -187, -173, -126, -92, 248, -63, -204, -151, 
-346, -351, -4, 348, -170, -178, -112, -73, 253, -73, -204, -161, 
-302, -331, -29, 317, -136, -180, -126, -73, 253, -68, -195, -151, 
-283, -326, -43, 305, -119, -185, -131, -73, 253, -68, -195, -151, 
-287, -322, -34, 305, -126, -178, -126, -73, 253, -68, -195, -151, 
-312, -312, 0, 312, -156, -156, -122, -68, 263, -68, -190, -151, 
-302, -312, -9, 307, -146, -161, -117, -58, 263, -63, -190, -146, 
-263, -302, -39, 283, -112, -170, -107, -53, 258, -58, -180, -141, 
-248, -292, -43, 270, -102, -168, -97, -48, 253, -43, -175, -131, 
-268, -307, -39, 287, -114, -173, -97, -53, 244, -48, -185, -122, 
-273, -312, -39, 292, -117, -175, -97, -48, 244, -58, -185, -122, 
-273, -312, -39, 292, -117, -175, -97, -43, 248, -63, -185, -122, 
-244, -297, -53, 270, -95, -175, -92, -39, 248, -68, -185, -117, 
-248, -297, -48, 273, -100, -173, -92, -34, 244, -58, -185, -126, 
-263, -302, -39, 283, -112, -170, -92, -34, 244, -58, -185, -126, 
-278, -317, -39, 297, -119, -178, -82, -29, 234, -58, -190, -126, 
-283, -322, -39, 302, -122, -180, -78, -29, 244, -58, -190, -126, 
-258, -317, -58, 287, -100, -187, -87, -14, 244, -68, -190, -131, 
-239, -312, -73, 275, -82, -192, -78, -9, 244, -58, -175, -122, 
-263, -312, -48, 287, -107, -180, -78, -4, 244, -58, -185, -131, 
-283, -326, -43, 305, -119, -185, -73, -4, 248, -63, -185, -131, 
-253, -307, -53, 280, -100, -180, -78, -14, 239, -73, -195, -131, 
-229, -297, -68, 263, -80, -183, -78, -9, 244, -68, -190, -131, 
-204, -292, -87, 248, -58, -190, -78, -4, 244, -63, -185, -131, 
-219, -292, -73, 256, -73, -183, -82, -9, 244, -63, -185, -131, 
-253, -312, -58, 283, -97, -185, -68, -19, 253, -63, -190, -126, 
-258, -307, -48, 283, -104, -178, -58, -14, 258, -63, -190, -126, 
-248, -307, -58, 278, -95, -183, -48, -4, 263, -63, -190, -126, 
-239, -312, -73, 275, -82, -192, -43, -4, 263, -63, -190, -126, 
-263, -322, -58, 292, -102, -190, -48, -9, 253, -73, -200, -136, 
-278, -336, -58, 307, -109, -197, -53, -14, 253, -78, -204, -136, 
-278, -336, -58, 307, -109, -197, -53, -19, 258, -78, -204, -136, 
-258, -326, -68, 292, -95, -197, -53, -24, 258, -73, -200, -136, 
-253, -302, -48, 278, -102, -175, -48, -29, 268, -63, -195, -126, 
-273, -312, -39, 292, -117, -175, -43, -29, 268, -63, -190, -126, 
-297, -322, -24, 309, -136, -173, -39, -34, 273, -63, -185, -126, 
-302, -322, -19, 312, -141, -170, -34, -34, 283, -63, -180, -126, 
-287, -312, -24, 300, -131, -168, -29, -43, 283, -53, -170, -117, 
-283, -312, -29, 297, -126, -170, -29, -34, 283, -53, -170, -117, 
-302, -312, -9, 307, -146, -161, -24, -29, 283, -58, -170, -117, 
-307, -317, -9, 312, -148, -163, -24, -29, 283, -58, -170, -117, 
-292, -307, -14, 300, -139, -161, -24, -39, 278, -63, -175, -126, 
-273, -302, -29, 287, -122, -165, -24, -43, 278, -63, -180, -126, 
-278, -292, -14, 285, -131, -153, -24, -48, 278, -68, -185, -126, 
-322, -302, 19, 312, -170, -141, -24, -53, 278, -73, -195, -126, 
-346, -302, 43, 324, -195, -129, -43, -58, 287, -73, -185, -126, 
-336, -297, 39, 317, -187, -129, -48, -63, 287, -68, -185, -126, 
-307, -283, 24, 295, -165, -129, -58, -63, 287, -63, -180, -122, 
-297, -278, 19, 287, -158, -129, -73, -68, 287, -63, -180, -122, 
-302, -292, 9, 297, -156, -141, -97, -73, 273, -78, -185, -131, 
-322, -302, 19, 312, -170, -141, -117, -78, 268, -82, -195, -136, 
-312, -302, 9, 307, -161, -146, -131, -87, 263, -87, -200, -136, 
-292, -297, -4, 295, -143, -151, -156, -92, 258, -92, -200, -136, 
-268, -278, -9, 273, -129, -143, -190, -87, 244, -92, -200, -136, 
-283, -292, -9, 287, -136, -151, -209, -87, 239, -92, -200, -136, 
-307, -297, 9, 302, -158, -143, -224, -87, 234, -92, -204, -136, 
-297, -297, 0, 297, -148, -148, -239, -87, 229, -97, -204, -131, 
-273, -292, -19, 283, -126, -156, -234, -73, 239, -82, -190, -117, 
-263, -287, -24, 275, -119, -156, -239, -68, 244, -78, -180, -117, 
-258, -283, -24, 270, -117, -153, -244, -63, 244, -68, -175, -117, 
-263, -283, -19, 273, -122, -151, -248, -58, 244, -63, -180, -122, 
-258, -283, -24, 270, -117, -153, -253, -48, 234, -63, -180, -122, 
-239, -273, -34, 256, -102, -153, -248, -48, 229, -63, -180, -122, 
-244, -268, -24, 256, -109, -146, -253, -48, 224, -63, -175, -122, 
-248, -263, -14, 256, -117, -139, -258, -53, 219, -63, -170, -122, 
-273, -268, 4, 270, -139, -131, -253, -39, 224, -68, -170, -117, 
-287, -273, 14, 280, -151, -129, -244, -34, 229, -68, -170, -112, 
-263, -263, 0, 263, -131, -131, -229, -29, 234, -63, -161, -107, 
-263, -268, -4, 265, -129, -136, -219, -29, 244, -63, -161, -97, 
-307, -287, 19, 297, -163, -134, -204, -34, 239, -82, -175, -112, 
-341, -307, 34, 324, -187, -136, -195, -39, 234, -92, -190, -117, 
-307, -302, 4, 305, -156, -148, -185, -19, 234, -82, -195, -122, 
-273, -287, -14, 280, -129, -151, -175, -4, 234, -68, -190, -112, 
-234, -273, -39, 253, -97, -156, -151, 19, 239, -63, -170, -107, 
-273, -292, -19, 283, -126, -156, -146, 19, 244, -58, -165, -107, 
-273, -302, -29, 287, -122, -165, -131, 9, 244, -58, -175, -112, 
-273, -302, -29, 287, -122, -165, -126, 9, 244, -58, -175, -117, 
-273, -302, -29, 287, -122, -165, -122, 9, 244, -58, -175, -122, 
-273, -302, -29, 287, -122, -165, -117, 9, 244, -58, -175, -126, 
-263, -292, -29, 278, -117, -161, -107, 19, 244, -58, -165, -122, 
-263, -292, -29, 278, -117, -161, -107, 19, 244, -58, -165, -117, 
-263, -292, -29, 278, -117, -161, -107, 19, 244, -58, -165, -112, 
-263, -292, -29, 278, -117, -161, -107, 19, 244, -58, -165, -107, 
-273, -292, -19, 283, -126, -156, -107, 29, 244, -58, -165, -107, 
-273, -292, -19, 283, -126, -156, -107, 29, 244, -58, -165, -107, 
-273, -292, -19, 283, -126, -156, -107, 29, 244, -58, -165, -107, 
-273, -292, -19, 283, -126, -156, -107, 29, 244, -58, -165, -107, 
-258, -292, -34, 275, -112, -163, -102, 39, 253, -58, -165, -117, 
-253, -292, -39, 273, -107, -165, -97, 39, 253, -58, -165, -117, 
-248, -292, -43, 270, -102, -168, -92, 39, 253, -58, -165, -117, 
-244, -292, -48, 268, -97, -170, -87, 39, 253, -58, -165, -117, 
-234, -292, -58, 263, -87, -175, -78, 39, 253, -58, -165, -117, 
-234, -292, -58, 263, -87, -175, -78, 39, 253, -58, -165, -117, 
-234, -292, -58, 263, -87, -175, -78, 39, 253, -58, -165, -117, 
-234, -292, -58, 263, -87, -175, -78, 39, 253, -58, -165, -117, 
-239, -292, -53, 265, -92, -173, -68, 29, 253, -68, -165, -126, 
-244, -292, -48, 268, -97, -170, -68, 29, 253, -68, -165, -126, 
-248, -292, -43, 270, -102, -168, -68, 29, 253, -68, -165, -126, 
-253, -292, -39, 273, -107, -165, -68, 29, 253, -68, -165, -126, 
-253, -287, -34, 270, -109, -161, -58, 19, 263, -58, -156, -122, 
-253, -283, -29, 268, -112, -156, -58, 19, 263, -58, -156, -117, 
-253, -278, -24, 265, -114, -151, -58, 19, 263, -58, -156, -112, 
-253, -273, -19, 263, -117, -146, -58, 19, 263, -58, -156, -107, 
-253, -273, -19, 263, -117, -146, -48, 19, 273, -58, -146, -117, 
-253, -273, -19, 263, -117, -146, -48, 19, 273, -58, -146, -117, 
-253, -273, -19, 263, -117, -146, -48, 19, 273, -58, -146, -117, 
-253, -273, -19, 263, -117, -146, -48, 19, 273, -58, -146, -117, 
-253, -283, -29, 268, -112, -156, -39, 14, 263, -68, -161, -122, 
-253, -283, -29, 268, -112, -156, -39, 9, 263, -68, -165, -126, 
-253, -283, -29, 268, -112, -156, -39, 4, 263, -68, -170, -131, 
-253, -283, -29, 268, -112, -156, -39, 0, 263, -68, -175, -136, 
-263, -292, -29, 278, -117, -161, -29, -9, 273, -78, -175, -126, 
-263, -292, -29, 278, -117, -161, -29, -9, 273, -78, -175, -126, 
-263, -292, -29, 278, -117, -161, -29, -9, 273, -78, -175, -126, 
-263, -292, -29, 278, -117, -161, -29, -9, 273, -78, -175, -126, 
-278, -302, -24, 290, -126, -163, -43, -19, 263, -87, -185, -131, 
-283, -302, -19, 292, -131, -161, -58, -29, 263, -87, -185, -136, 
-287, -302, -14, 295, -136, -158, -73, -39, 263, -87, -185, -141, 
-292, -302, -9, 297, -141, -156, -87, -48, 263, -87, -185, -146, 
-283, -297, -14, 290, -134, -156, -122, -58, 248, -97, -175, -141, 
-283, -292, -9, 287, -136, -151, -146, -68, 244, -97, -175, -136, 
-283, -287, -4, 285, -139, -146, -170, -78, 239, -97, -175, -131, 
-283, -283, 0, 283, -141, -141, -195, -87, 234, -97, -175, -126, 
-273, -278, -4, 275, -134, -141, -214, -73, 224, -97, -165, -117, 
-273, -273, 0, 273, -136, -136, -224, -68, 224, -97, -165, -117, 
-273, -268, 4, 270, -139, -131, -234, -63, 224, -97, -165, -117, 
-273, -263, 9, 268, -141, -126, -244, -58, 224, -97, -165, -117, 
-263, -253, 9, 258, -136, -122, -248, -68, 224, -97, -175, -126, 
-263, -253, 9, 258, -136, -122, -253, -68, 224, -97, -175, -126, 
-263, -253, 9, 258, -136, -122, -258, -68, 224, -97, -175, -126, 
-263, -253, 9, 258, -136, -122, -263, -68, 224, -97, -175, -126, 
-253, -253, 0, 253, -126, -126, -263, -63, 224, -97, -165, -122, 
-253, -253, 0, 253, -126, -126, -263, -58, 224, -97, -165, -117, 
-253, -253, 0, 253, -126, -126, -263, -53, 224, -97, -165, -112, 
-253, -253, 0, 253, -126, -126, -263, -48, 224, -97, -165, -107, 
-253, -263, -9, 258, -122, -136, -253, -39, 224, -97, -165, -112, 
-253, -263, -9, 258, -122, -136, -253, -39, 224, -97, -165, -117, 
-253, -263, -9, 258, -122, -136, -253, -39, 224, -97, -165, -122, 
-253, -263, -9, 258, -122, -136, -253, -39, 224, -97, -165, -126, 
-244, -258, -14, 251, -114, -136, -244, -39, 224, -92, -165, -117, 
-244, -253, -9, 248, -117, -131, -244, -39, 219, -92, -165, -117, 
-219, -248, -29, 234, -95, -139, -263, -34, 219, -87, -170, -117, 
-180, -234, -53, 207, -63, -143, -268, -19, 219, -82, -170, -117, 
-185, -234, -48, 209, -68, -141, -263, -4, 229, -82, -156, -112, 
-214, -234, -19, 224, -97, -126, -244, -4, 229, -82, -156, -112, 
-239, -248, -9, 244, -114, -129, -239, -4, 234, -82, -161, -112, 
-234, -248, -14, 241, -109, -131, -229, -4, 244, -82, -161, -117, 
-214, -248, -34, 231, -90, -141, -200, 4, 248, -78, -156, -107, 
-219, -244, -24, 231, -97, -134, -190, 9, 248, -68, -146, -102, 
-244, -244, 0, 244, -122, -122, -190, 14, 253, -63, -141, -102, 
-253, -248, 4, 251, -129, -122, -190, 14, 253, -58, -141, -102, 
-263, -248, 14, 256, -139, -117, -180, 19, 258, -68, -151, -112, 
-244, -239, 4, 241, -124, -117, -170, 29, 258, -68, -151, -112, 
-219, -239, -19, 229, -100, -129, -161, 43, 258, -63, -146, -107, 
-253, -239, 14, 246, -134, -112, -156, 48, 258, -53, -141, -107, 
-268, -253, 14, 261, -141, -119, -156, 39, 244, -68, -151, -112, 
-278, -263, 14, 270, -146, -124, -151, 39, 244, -73, -156, -117, 
-263, -273, -9, 268, -126, -141, -151, 39, 244, -78, -156, -122, 
-273, -283, -9, 278, -131, -146, -156, 39, 244, -82, -156, -126, 
-283, -297, -14, 290, -134, -156, -146, 48, 244, -82, -161, -136, 
-292, -302, -9, 297, -141, -156, -146, 48, 244, -82, -165, -136, 
-283, -307, -24, 295, -129, -165, -146, 48, 244, -82, -170, -136, 
-258, -302, -43, 280, -107, -173, -146, 53, 244, -82, -170, -136, 
-244, -297, -53, 270, -95, -175, -146, 58, 239, -82, -165, -131, 
-258, -297, -39, 278, -109, -168, -141, 58, 234, -82, -165, -131, 
-268, -297, -29, 283, -119, -163, -136, 58, 229, -87, -170, -131, 
-268, -297, -29, 283, -119, -163, -136, 63, 224, -87, -170, -131, 
-239, -292, -53, 265, -92, -173, -131, 63, 234, -87, -161, -126, 
-234, -292, -58, 263, -87, -175, -131, 58, 229, -87, -161, -126, 
-253, -297, -43, 275, -104, -170, -126, 48, 229, -87, -165, -126, 
-263, -302, -39, 283, -112, -170, -122, 43, 229, -87, -170, -131, 
-234, -287, -53, 261, -90, -170, -122, 53, 239, -82, -156, -126, 
-209, -273, -63, 241, -73, -168, -122, 63, 239, -73, -151, -122, 
-209, -268, -58, 239, -75, -163, -112, 68, 239, -63, -141, -112, 
-229, -263, -34, 246, -97, -148, -102, 68, 239, -58, -136, -107, 
-239, -278, -39, 258, -100, -158, -102, 58, 248, -73, -146, -117, 
-239, -263, -24, 251, -107, -143, -102, 58, 248, -73, -146, -117, 
-219, -258, -39, 239, -90, -148, -92, 58, 258, -73, -141, -117, 
-219, -248, -29, 234, -95, -139, -92, 58, 258, -73, -136, -112, 
-234, -258, -24, 246, -104, -141, -92, 48, 263, -63, -136, -102, 
-244, -258, -14, 251, -114, -136, -92, 43, 263, -63, -141, -107, 
-229, -258, -29, 244, -100, -143, -97, 39, 263, -63, -141, -107, 
-209, -248, -39, 229, -85, -143, -112, 39, 263, -63, -141, -107, 
-209, -244, -34, 226, -87, -139, -122, 53, 263, -63, -131, -107, 
-229, -244, -14, 236, -107, -129, -107, 53, 263, -63, -131, -102, 
-244, -244, 0, 244, -122, -122, -92, 53, 263, -68, -136, -102, 
-244, -239, 4, 241, -124, -117, -82, 53, 263, -68, -136, -102, 
-224, -234, -9, 229, -107, -122, -82, 48, 273, -68, -141, -107, 
-229, -234, -4, 231, -112, -119, -82, 39, 273, -73, -141, -112, 
-244, -239, 4, 241, -124, -117, -87, 29, 273, -78, -141, -117, 
-258, -253, 4, 256, -131, -124, -97, 19, 268, -87, -146, -122, 
-248, -253, -4, 251, -122, -129, -126, 9, 248, -97, -156, -112, 
-234, -244, -9, 239, -112, -126, -146, 0, 244, -92, -151, -112, 
-224, -244, -19, 234, -102, -131, -165, -4, 239, -92, -151, -112, 
-239, -244, -4, 241, -117, -124, -180, -14, 234, -92, -151, -112, 
-253, -268, -14, 261, -119, -141, -219, -19, 224, -102, -161, -126, 
-253, -268, -14, 261, -119, -141, -234, -29, 219, -107, -161, -126, 
-239, -258, -19, 248, -109, -139, -239, -34, 214, -107, -161, -122, 
-239, -258, -19, 248, -109, -139, -253, -39, 209, -112, -161, -122, 
-239, -253, -14, 246, -112, -134, -258, -48, 200, -107, -151, -122, 
-258, -263, -4, 261, -126, -134, -263, -53, 195, -117, -161, -126, 
-248, -263, -14, 256, -117, -139, -268, -53, 195, -117, -161, -126, 
-229, -253, -24, 241, -102, -139, -273, -53, 195, -107, -161, -126, 
-219, -248, -29, 234, -95, -139, -273, -39, 195, -97, -156, -122, 
-229, -248, -19, 239, -104, -134, -273, -39, 195, -97, -156, -122, 
-248, -253, -4, 251, -122, -129, -273, -43, 195, -97, -156, -122, 
-248, -263, -14, 256, -117, -139, -273, -48, 195, -107, -161, -126, 
-229, -253, -24, 241, -102, -139, -278, -48, 195, -112, -161, -126, 
-229, -253, -24, 241, -102, -139, -283, -43, 190, -112, -156, -126, 
-234, -253, -19, 244, -107, -136, -283, -43, 190, -117, -156, -126, 
-234, -258, -24, 246, -104, -141, -283, -43, 190, -122, -156, -126, 
-224, -248, -24, 236, -100, -136, -273, -34, 195, -112, -146, -117, 
-195, -244, -48, 219, -73, -146, -263, -29, 195, -112, -146, -117, 
-195, -239, -43, 217, -75, -141, -273, -14, 195, -102, -146, -117, 
-214, -239, -24, 226, -95, -131, -263, -24, 195, -102, -146, -117, 
-219, -244, -24, 231, -97, -134, -244, -19, 195, -117, -156, -126, 
-204, -244, -39, 224, -82, -141, -234, -14, 195, -117, -156, -126, 
-175, -234, -58, 204, -58, -146, -234, -4, 195, -117, -156, -126, 
-170, -234, -63, 202, -53, -148, -234, 0, 190, -122, -156, -131, 
-156, -248, -92, 202, -31, -170, -229, 9, 190, -117, -151, -131, 
-195, -268, -73, 231, -61, -170, -209, 24, 200, -126, -165, -131, 
-190, -258, -68, 224, -61, -163, -200, 34, 214, -117, -165, -131, 
-146, -239, -92, 192, -26, -165, -200, 43, 219, -87, -136, -117, 
-102, -229, -126, 165, 12, -178, -214, 78, 209, -63, -117, -102, 
-107, -219, -112, 163, 2, -165, -229, 107, 214, -24, -87, -92, 
-112, -209, -97, 161, -7, -153, -239, 122, 229, 19, -43, -58, 
-29, -146, -117, 87, 43, -131, -273, 102, 239, 63, 4, -19, 
92, -73, -165, -9, 129, -119, -312, 82, 244, 112, 63, 29, 
200, -9, -209, -95, 204, -109, -346, 102, 244, 156, 122, 82, 
258, 14, -244, -136, 251, -114, -395, 112, 224, 185, 165, 131, 
331, 24, -307, -178, 319, -141, -463, 68, 170, 161, 180, 156, 
463, 63, -400, -263, 431, -168, -566, -34, 78, 117, 190, 185, 
624, 107, -517, -366, 570, -204, -673, -141, -29, 68, 195, 204, 
751, 165, -585, -458, 668, -209, -746, -234, -122, 0, 175, 219, 
771, 200, -570, -485, 671, -185, -790, -312, -185, -68, 156, 234, 
746, 219, -527, -483, 636, -153, -844, -414, -253, -151, 131, 224, 
727, 224, -502, -475, 614, -139, -902, -536, -336, -239, 87, 214, 
736, 263, -473, -500, 605, -104, -917, -624, -375, -302, 48, 209, 
678, 258, -419, -468, 549, -80, -917, -697, -424, -414, -14, 185, 
517, 190, -326, -353, 422, -68, -893, -800, -497, -551, -131, 112, 
307, 107, -200, -207, 253, -46, -834, -897, -536, -668, -239, 53, 
146, 68, -78, -107, 112, -4, -732, -961, -517, -732, -297, 24, 
68, 48, -19, -58, 43, 14, -619, -966, -492, -761, -351, -9, 
19, 9, -9, -14, 14, 0, -531, -902, -483, -785, -390, -48, 
-63, -63, 0, 63, -31, -31, -453, -795, -478, -785, -414, -92, 
-141, -131, 9, 136, -75, -61, -390, -668, -444, -766, -429, -131, 
-165, -175, -9, 170, -78, -92, -370, -575, -409, -741, -439, -161, 
-156, -195, -39, 175, -58, -117, -370, -512, -375, -707, -429, -180, 
-165, -214, -48, 190, -58, -131, -380, -444, -346, -658, -409, -185, 
-200, -214, -14, 207, -92, -114, -361, -366, -278, -580, -385, -165, 
-229, -214, 14, 222, -122, -100, -326, -278, -180, -512, -361, -156, 
-253, -239, 14, 246, -134, -112, -287, -195, -107, -448, -341, -161, 
-229, -248, -19, 239, -104, -134, -244, -126, -48, -370, -307, -170, 
-200, -229, -29, 214, -85, -129, -204, -78, 19, -312, -268, -156, 
-244, -239, 4, 241, -124, -117, -170, -63, 87, -253, -239, -156, 
-322, -287, 34, 305, -178, -126, -126, -68, 131, -229, -224, -175, 
-351, -297, 53, 324, -202, -122, -82, -73, 175, -200, -204, -175, 
-317, -273, 43, 295, -180, -114, -48, -78, 195, -185, -180, -165, 
-297, -273, 24, 285, -161, -124, -43, -82, 195, -165, -170, -151, 
-326, -302, 24, 314, -175, -139, -63, -92, 185, -175, -185, -161, 
-341, -302, 39, 322, -190, -131, -73, -92, 185, -175, -195, -165, 
-341, -302, 39, 322, -190, -131, -102, -92, 190, -175, -200, -165, 
-331, -292, 39, 312, -185, -126, -112, -97, 195, -165, -204, -165, 
-312, -297, 14, 305, -163, -141, -141, -107, 190, -151, -195, -165, 
-341, -307, 34, 324, -187, -136, -161, -112, 190, -151, -200, -175, 
-361, -326, 34, 344, -197, -146, -185, -122, 190, -156, -204, -180, 
-361, -326, 34, 344, -197, -146, -209, -122, 185, -165, -204, -185, 
-317, -312, 4, 314, -161, -153, -224, -122, 170, -170, -195, -175, 
-312, -302, 9, 307, -161, -146, -234, -117, 165, -165, -185, -165, 
-326, -297, 29, 312, -178, -134, -244, -112, 165, -180, -185, -165, 
-326, -292, 34, 309, -180, -129, -258, -107, 165, -185, -190, -161, 
-312, -283, 29, 297, -170, -126, -273, -102, 170, -175, -200, -161, 
-287, -273, 14, 280, -151, -129, -278, -92, 170, -165, -200, -161, 
-283, -273, 9, 278, -146, -131, -283, -82, 175, -161, -200, -161, 
-297, -292, 4, 295, -151, -143, -283, -78, 175, -161, -204, -170, 
-326, -307, 19, 317, -173, -143, -278, -87, 185, -165, -204, -180, 
-317, -307, 9, 312, -163, -148, -268, -87, 175, -165, -204, -180, 
-302, -307, -4, 305, -148, -156, -268, -87, 170, -165, -195, -175, 
-292, -302, -9, 297, -141, -156, -268, -82, 161, -170, -195, -170, 
-312, -302, 9, 307, -161, -146, -253, -73, 170, -170, -204, -170, 
-331, -312, 19, 322, -175, -146, -258, -73, 170, -175, -204, -170, 
-317, -312, 4, 314, -161, -153, -258, -73, 170, -180, -214, -175, 
-297, -307, -9, 302, -143, -158, -258, -68, 165, -180, -214, -175, 
-283, -297, -14, 290, -134, -156, -253, -63, 170, -161, -204, -165, 
-297, -302, -4, 300, -146, -153, -244, -58, 180, -156, -200, -165, 
-312, -302, 9, 307, -161, -146, -248, -53, 185, -156, -200, -170, 
-307, -292, 14, 300, -161, -139, -248, -48, 185, -151, -195, -165, 
-297, -292, 4, 295, -151, -143, -219, -58, 175, -151, -190, -161, 
-278, -283, -4, 280, -136, -143, -204, -48, 180, -156, -185, -156, 
-287, -283, 4, 285, -146, -139, -200, -43, 180, -156, -185, -156, 
-302, -283, 19, 292, -161, -131, -190, -39, 180, -156, -185, -156, 
-292, -273, 19, 283, -156, -126, -190, -39, 185, -146, -185, -165, 
-268, -268, 0, 268, -134, -134, -180, -34, 190, -141, -185, -165, 
-268, -268, 0, 268, -134, -134, -170, -29, 195, -141, -185, -165, 
-292, -268, 24, 280, -158, -122, -156, -29, 209, -141, -185, -165, 
-302, -297, 4, 300, -153, -146, -161, -43, 209, -141, -185, -175, 
-307, -297, 9, 302, -158, -143, -156, -48, 209, -141, -185, -175, 
-307, -287, 19, 297, -163, -134, -146, -48, 214, -141, -185, -175, 
-302, -278, 24, 290, -163, -126, -141, -48, 214, -141, -180, -170, 
-331, -297, 34, 314, -183, -131, -131, -48, 209, -151, -195, -170, 
-336, -307, 29, 322, -183, -139, -131, -48, 209, -161, -204, -180, 
-341, -312, 29, 326, -185, -141, -131, -48, 209, -165, -209, -180, 
-326, -302, 24, 314, -175, -139, -117, -43, 209, -161, -214, -175, 
-331, -302, 29, 317, -180, -136, -107, -29, 224, -146, -204, -185, 
-351, -322, 29, 336, -190, -146, -97, -29, 224, -146, -204, -185, 
-375, -322, 53, 348, -214, -134, -82, -34, 224, -146, -209, -185, 
-380, -322, 58, 351, -219, -131, -68, -34, 234, -146, -209, -185, 
-380, -326, 53, 353, -217, -136, -53, -43, 234, -146, -209, -195, 
-390, -326, 63, 358, -226, -131, -43, -39, 239, -146, -204, -190, 
-405, -331, 73, 368, -239, -129, -39, -39, 239, -151, -204, -190, 
-434, -336, 97, 385, -265, -119, -34, -39, 239, -156, -200, -190, 
-424, -336, 87, 380, -256, -124, -24, -48, 239, -161, -204, -200, 
-409, -341, 68, 375, -239, -136, -14, -43, 244, -151, -209, -195, 
-409, -346, 63, 378, -236, -141, -14, -29, 248, -151, -214, -195, 
-429, -351, 78, 390, -253, -136, -9, -39, 253, -156, -214, -195, 
-458, -366, 92, 412, -275, -136, -4, -48, 253, -165, -219, -204, 
-453, -370, 82, 412, -268, -143, -4, -53, 248, -165, -224, -209, 
-439, -366, 73, 402, -256, -146, 9, -58, 244, -161, -224, -214, 
-434, -370, 63, 402, -248, -153, 14, -63, 244, -161, -224, -214, 
-463, -375, 87, 419, -275, -143, 24, -63, 239, -180, -234, -214, 
-463, -375, 87, 419, -275, -143, 24, -63, 239, -185, -244, -214, 
-448, -361, 87, 405, -268, -136, 24, -63, 239, -190, -244, -214, 
-429, -351, 78, 390, -253, -136, 19, -63, 248, -180, -234, -204, 
-429, -361, 68, 395, -248, -146, 19, -68, 244, -170, -229, -204, 
-463, -370, 92, 417, -278, -139, 43, -73, 258, -170, -229, -214, 
-468, -375, 92, 422, -280, -141, 24, -78, 253, -170, -234, -214, 
-468, -375, 92, 422, -280, -141, 24, -92, 244, -170, -234, -214, 
-453, -370, 82, 412, -268, -143, 24, -112, 239, -180, -239, -214, 
-458, -366, 92, 412, -275, -136, 19, -117, 244, -180, -234, -214, 
-478, -366, 112, 422, -295, -126, 19, -122, 248, -180, -234, -219, 
-492, -380, 112, 436, -302, -134, 9, -126, 248, -180, -234, -224, 
-453, -351, 102, 402, -278, -124, -9, -146, 234, -180, -234, -209, 
-424, -336, 87, 380, -256, -124, -39, -146, 234, -170, -234, -200, 
-419, -326, 92, 373, -256, -117, -73, -151, 234, -165, -224, -200, 
-424, -322, 102, 373, -263, -109, -87, -151, 234, -165, -224, -204, 
-424, -331, 92, 378, -258, -119, -122, -175, 219, -175, -229, -219, 
-419, -336, 82, 378, -251, -126, -136, -180, 214, -180, -229, -219, 
-390, -326, 63, 358, -226, -131, -151, -185, 214, -180, -219, -214, 
-390, -317, 73, 353, -231, -122, -170, -190, 209, -180, -214, -209, 
-400, -317, 82, 358, -241, -117, -190, -200, 185, -185, -224, -200, 
-395, -317, 78, 356, -236, -119, -209, -209, 180, -195, -229, -200, 
-370, -317, 53, 344, -212, -131, -234, -209, 175, -200, -229, -200, 
-331, -307, 24, 319, -178, -141, -253, -200, 165, -204, -224, -195, 
-312, -292, 19, 302, -165, -136, -268, -190, 175, -195, -214, -180, 
-322, -287, 34, 305, -178, -126, -273, -185, 180, -180, -209, -180, 
-322, -283, 39, 302, -180, -122, -273, -185, 180, -175, -204, -180, 
-302, -273, 29, 287, -165, -122, -273, -195, 185, -170, -200, -180, 
-283, -273, 9, 278, -146, -131, -273, -195, 185, -170, -190, -185, 
-287, -268, 19, 278, -153, -124, -283, -195, 175, -170, -190, -180, 
-302, -268, 34, 285, -168, -117, -292, -190, 165, -170, -185, -175, 
-307, -268, 39, 287, -173, -114, -292, -190, 161, -170, -185, -170, 
-283, -268, 14, 275, -148, -126, -287, -170, 156, -161, -185, -161, 
-244, -253, -9, 248, -117, -131, -302, -170, 156, -156, -175, -151, 
-229, -253, -24, 241, -102, -139, -307, -170, 156, -156, -175, -151, 
-239, -253, -14, 246, -112, -134, -302, -170, 156, -156, -175, -151, 
-263, -244, 19, 253, -141, -112, -292, -165, 161, -146, -170, -146, 
-253, -244, 9, 248, -131, -117, -292, -156, 165, -141, -170, -146, 
-214, -234, -19, 224, -97, -126, -287, -151, 165, -136, -161, -146, 
-200, -224, -24, 212, -87, -124, -283, -146, 165, -122, -156, -141, 
-209, -229, -19, 219, -95, -124, -268, -131, 170, -112, -151, -136, 
-204, -224, -19, 214, -92, -122, -263, -117, 175, -117, -146, -131, 
-195, -214, -19, 204, -87, -117, -258, -102, 185, -117, -141, -126, 
-156, -190, -34, 173, -61, -112, -248, -87, 190, -117, -136, -117, 
-156, -185, -29, 170, -63, -107, -239, -78, 200, -102, -131, -107, 
-165, -185, -19, 175, -73, -102, -239, -73, 204, -97, -126, -107, 
-175, -195, -19, 185, -78, -107, -229, -63, 200, -92, -126, -107, 
-175, -195, -19, 185, -78, -107, -224, -58, 214, -87, -122, -107, 
-170, -180, -9, 175, -80, -95, -219, -43, 224, -87, -122, -102, 
-151, -175, -24, 163, -63, -100, -204, -39, 224, -78, -107, -92, 
-175, -175, 0, 175, -87, -87, -200, -34, 224, -78, -117, -102, 
-195, -190, 4, 192, -100, -92, -190, -34, 229, -82, -117, -102, 
-175, -180, -4, 178, -85, -92, -170, -39, 239, -73, -107, -102, 
-151, -170, -19, 161, -65, -95, -165, -29, 244, -68, -102, -102, 
-126, -165, -39, 146, -43, -102, -161, -19, 244, -63, -97, -102, 
-141, -165, -24, 153, -58, -95, -161, -19, 244, -63, -97, -102, 
-156, -180, -24, 168, -65, -102, -165, -19, 234, -63, -102, -97, 
-151, -170, -19, 161, -65, -95, -156, -14, 239, -63, -102, -97, 
-131, -165, -34, 148, -48, -100, -146, -4, 244, -63, -102, -97, 
-112, -165, -53, 139, -29, -109, -141, -4, 244, -63, -102, -97, 
-151, -180, -29, 165, -61, -104, -141, -14, 234, -73, -112, -107, 
-170, -200, -29, 185, -70, -114, -141, -14, 234, -78, -117, -107, 
-175, -204, -29, 190, -73, -117, -136, -14, 239, -78, -117, -107, 
-161, -200, -39, 180, -61, -119, -131, -14, 239, -73, -112, -107, 
-156, -185, -29, 170, -63, -107, -117, 0, 248, -63, -102, -97, 
-175, -195, -19, 185, -78, -107, -112, 0, 248, -63, -102, -97, 
-200, -204, -4, 202, -97, -104, -107, -4, 253, -63, -102, -97, 
-204, -204, 0, 204, -102, -102, -102, -4, 263, -63, -102, -97, 
-195, -204, -9, 200, -92, -107, -92, -4, 263, -53, -92, -97, 
-195, -204, -9, 200, -92, -107, -87, 4, 263, -53, -92, -97, 
-219, -204, 14, 212, -117, -95, -78, 9, 263, -58, -92, -97, 
-229, -209, 19, 219, -124, -95, -73, 9, 263, -58, -92, -97, 
-214, -214, 0, 214, -107, -107, -82, 0, 253, -73, -107, -107, 
-195, -214, -19, 204, -87, -117, -82, -4, 248, -73, -112, -107, 
-200, -209, -9, 204, -95, -109, -82, -9, 244, -78, -117, -107, 
-244, -224, 19, 234, -131, -102, -82, -14, 239, -82, -126, -107, 
-263, -234, 29, 248, -146, -102, -82, -14, 248, -92, -126, -117, 
-258, -239, 19, 248, -139, -109, -78, -14, 248, -87, -126, -117, 
-234, -234, 0, 234, -117, -117, -78, -9, 248, -82, -122, -112, 
-229, -239, -9, 234, -109, -124, -82, -9, 248, -82, -122, -112, 
-248, -244, 4, 246, -126, -119, -87, -19, 234, -87, -131, -122, 
-273, -253, 19, 263, -146, -117, -87, -29, 229, -92, -136, -126, 
-268, -253, 14, 261, -141, -119, -82, -43, 224, -97, -136, -126, 
-253, -248, 4, 251, -129, -122, -87, -53, 219, -102, -131, -126, 
-239, -229, 9, 234, -124, -109, -102, -63, 219, -102, -131, -126, 
-253, -244, 9, 248, -131, -117, -112, -68, 219, -102, -131, -126, 
-278, -248, 29, 263, -153, -109, -117, -73, 219, -102, -136, -126, 
-268, -248, 19, 258, -143, -114, -122, -78, 219, -107, -136, -122, 
-248, -239, 9, 244, -129, -114, -165, -97, 209, -117, -136, -126, 
-214, -229, -14, 222, -100, -122, -200, -107, 195, -117, -131, -117, 
-244, -239, 4, 241, -124, -117, -234, -107, 175, -122, -141, -117, 
-273, -253, 19, 263, -146, -117, -258, -126, 165, -131, -151, -122, 
-263, -253, 9, 258, -136, -122, -283, -136, 156, -136, -156, -136, 
-248, -248, 0, 248, -124, -124, -297, -126, 156, -126, -146, -126, 
-234, -244, -9, 239, -112, -126, -302, -126, 156, -126, -146, -126, 
-219, -239, -19, 229, -100, -129, -307, -126, 156, -126, -146, -126, 
-204, -234, -29, 219, -87, -131, -312, -126, 156, -126, -146, -126, 
-224, -234, -9, 229, -107, -122, -302, -126, 156, -126, -141, -117, 
-209, -234, -24, 222, -92, -129, -322, -122, 161, -122, -141, -117, 
-180, -224, -43, 202, -68, -134, -326, -107, 165, -117, -136, -117, 
-180, -224, -43, 202, -68, -134, -336, -102, 170, -112, -126, -112, 
-200, -219, -19, 209, -90, -119, -326, -102, 165, -122, -126, -112, 
-214, -229, -14, 222, -100, -122, -331, -102, 165, -122, -131, -112, 
-200, -224, -24, 212, -87, -124, -331, -102, 170, -122, -131, -117, 
-170, -209, -39, 190, -65, -124, -317, -97, 170, -122, -131, -117, 
-161, -195, -34, 178, -63, -114, -322, -87, 161, -112, -117, -102, 
-180, -195, -14, 187, -82, -104, -326, -87, 165, -107, -117, -102, 
-185, -200, -14, 192, -85, -107, -331, -92, 165, -102, -122, -102, 
-185, -200, -14, 192, -85, -107, -331, -92, 170, -97, -122, -102, 
-156, -180, -24, 168, -65, -102, -317, -82, 170, -87, -112, -102, 
-131, -180, -48, 156, -41, -114, -312, -68, 170, -82, -107, -97, 
-165, -180, -14, 173, -75, -97, -312, -63, 170, -73, -102, -97, 
-170, -185, -14, 178, -78, -100, -312, -68, 165, -82, -102, -97, 
-165, -175, -9, 170, -78, -92, -292, -53, 180, -78, -102, -87, 
-136, -175, -39, 156, -48, -107, -287, -48, 185, -73, -97, -87, 
-131, -175, -43, 153, -43, -109, -287, -43, 190, -68, -92, -87, 
-136, -175, -39, 156, -48, -107, -283, -39, 195, -63, -87, -87, 
-156, -170, -14, 163, -70, -92, -273, -39, 209, -63, -87, -87, 
-146, -165, -19, 156, -63, -92, -263, -39, 214, -63, -87, -87, 
-122, -151, -29, 136, -46, -90, -253, -34, 219, -63, -82, -87, 
-107, -141, -34, 124, -36, -87, -244, -29, 224, -53, -78, -82, 
-136, -146, -9, 141, -63, -78, -239, -29, 224, -43, -78, -82, 
-151, -151, 0, 151, -75, -75, -234, -29, 224, -48, -82, -82, 
-156, -156, 0, 156, -78, -78, -234, -24, 224, -48, -82, -82, 
-136, -156, -19, 146, -58, -87, -234, -19, 224, -48, -73, -78, 
-126, -165, -39, 146, -43, -102, -224, -19, 224, -48, -63, -78, 
-151, -170, -19, 161, -65, -95, -219, -24, 229, -48, -68, -78, 
-165, -175, -9, 170, -78, -92, -214, -24, 234, -48, -73, -82, 
-146, -175, -29, 161, -58, -102, -209, -24, 239, -48, -73, -82, 
-131, -156, -24, 143, -53, -90, -200, -14, 248, -43, -82, -82, 
-131, -156, -24, 143, -53, -90, -190, -9, 248, -39, -78, -78, 
-151, -156, -4, 153, -73, -80, -180, -9, 248, -39, -78, -78, 
-161, -175, -14, 168, -73, -95, -180, -9, 248, -43, -78, -78, 
-151, -165, -14, 158, -68, -90, -180, -4, 239, -43, -78, -78, 
-131, -165, -34, 148, -48, -100, -170, 0, 248, -43, -73, -78, 
-131, -161, -29, 146, -51, -95, -170, 4, 248, -43, -68, -73, 
-146, -161, -14, 153, -65, -87, -170, 9, 244, -43, -68, -73, 
-161, -175, -14, 168, -73, -95, -165, -4, 234, -53, -82, -87, 
-151, -180, -29, 165, -61, -104, -165, -9, 234, -53, -82, -87, 
-136, -175, -39, 156, -48, -107, -175, -9, 234, -53, -82, -87, 
-141, -180, -39, 161, -51, -109, -185, -4, 234, -53, -82, -87, 
-170, -185, -14, 178, -78, -100, -170, 4, 224, -53, -92, -87, 
-185, -190, -4, 187, -90, -97, -156, 4, 224, -58, -97, -92, 
-185, -190, -4, 187, -90, -97, -146, 4, 224, -58, -97, -97, 
-161, -175, -14, 168, -73, -95, -141, 4, 224, -53, -92, -102, 
-170, -190, -19, 180, -75, -104, -136, 9, 224, -53, -92, -102, 
-180, -200, -19, 190, -80, -109, -136, 4, 224, -53, -92, -102, 
-190, -219, -29, 204, -80, -124, -141, 0, 219, -58, -97, -102, 
-180, -214, -34, 197, -73, -124, -141, 0, 214, -58, -97, -102, 
-156, -200, -43, 178, -56, -122, -126, 14, 219, -43, -82, -97, 
-146, -195, -48, 170, -48, -122, -122, 24, 224, -43, -82, -92, 
-161, -190, -29, 175, -65, -109, -112, 29, 229, -43, -82, -87, 
-175, -200, -24, 187, -75, -112, -117, 34, 239, -48, -82, -87, 
-170, -190, -19, 180, -75, -104, -112, 29, 244, -43, -78, -78, 
-151, -170, -19, 161, -65, -95, -97, 29, 248, -34, -73, -73, 
-146, -161, -14, 153, -65, -87, -92, 29, 253, -29, -68, -73, 
-151, -156, -4, 153, -73, -80, -87, 29, 258, -29, -63, -73, 
-175, -175, 0, 175, -87, -87, -82, 9, 258, -39, -63, -78, 
-170, -175, -4, 173, -82, -90, -78, 4, 263, -39, -63, -78, 
-156, -165, -9, 161, -73, -87, -73, 0, 268, -29, -63, -78, 
-151, -161, -9, 156, -70, -85, -68, 0, 273, -29, -58, -73, 
-175, -175, 0, 175, -87, -87, -87, -14, 258, -43, -68, -87, 
-200, -185, 14, 192, -107, -85, -107, -34, 253, -48, -78, -92, 
-204, -200, 4, 202, -104, -97, -126, -53, 248, -63, -92, -102, 
-190, -195, -4, 192, -92, -100, -161, -68, 244, -68, -102, -107, 
-180, -195, -14, 187, -82, -104, -190, -73, 219, -78, -107, -107, 
-185, -195, -9, 190, -87, -102, -214, -82, 209, -82, -107, -107, 
-185, -200, -14, 192, -85, -107, -239, -92, 200, -87, -107, -107, 
-185, -200, -14, 192, -85, -107, -263, -102, 185, -92, -107, -107, 
-165, -195, -29, 180, -68, -112, -278, -102, 185, -97, -117, -107, 
-165, -190, -24, 178, -70, -107, -302, -92, 185, -92, -117, -107, 
-185, -190, -4, 187, -90, -97, -307, -107, 185, -97, -117, -107, 
-195, -195, 0, 195, -97, -97, -302, -112, 185, -107, -117, -107, 
-170, -185, -14, 178, -78, -100, -302, -112, 175, -102, -107, -107, 
-141, -175, -34, 158, -53, -104, -302, -107, 175, -97, -107, -107, 
-136, -175, -39, 156, -48, -107, -302, -107, 170, -97, -107, -112, 
-136, -190, -53, 163, -41, -122, -307, -107, 161, -97, -112, -112, 
-146, -219, -73, 183, -36, -146, -307, -102, 151, -117, -126, -131, 
-82, -190, -107, 136, 12, -148, -307, -92, 156, -97, -117, -122, 
-39, -180, -141, 109, 51, -161, -326, -73, 141, -78, -97, -97, 
-34, -190, -156, 112, 61, -173, -351, -48, 141, -63, -87, -92, 
-29, -180, -151, 104, 61, -165, -366, -29, 146, -43, -78, -82, 
34, -141, -175, 53, 104, -158, -385, -14, 161, -9, -34, -58, 
146, -58, -204, -43, 175, -131, -409, 4, 190, 63, 34, 0, 
268, 34, -234, -151, 251, -100, -429, 14, 224, 141, 122, 78, 
336, 87, -248, -212, 292, -80, -463, 24, 224, 185, 180, 131, 
385, 92, -292, -239, 339, -100, -522, -24, 165, 165, 185, 141, 
478, 102, -375, -290, 427, -136, -610, -107, 63, 102, 170, 146, 
619, 141, -478, -380, 549, -168, -712, -209, -48, 29, 170, 165, 
761, 195, -566, -478, 663, -185, -790, -307, -156, -48, 156, 185, 
849, 253, -595, -551, 722, -170, -854, -390, -248, -136, 136, 190, 
868, 278, -590, -573, 729, -156, -927, -488, -322, -224, 107, 195, 
883, 278, -605, -580, 744, -163, -990, -610, -400, -307, 73, 195, 
893, 312, -580, -602, 736, -134, -1029, -722, -453, -375, 48, 195, 
883, 331, -551, -607, 717, -109, -1034, -819, -512, -458, 0, 170, 
775, 268, -507, -522, 641, -119, -1005, -902, -600, -590, -112, 107, 
575, 170, -405, -373, 490, -117, -951, -985, -663, -727, -229, 34, 
385, 126, -258, -256, 322, -65, -854, -1054, -644, -785, -297, 4, 
263, 136, -126, -200, 195, 4, -722, -1058, -566, -780, -297, 14, 
175, 126, -48, -151, 112, 39, -610, -995, -502, -761, -302, 9, 
87, 87, 0, -87, 43, 43, -551, -902, -473, -756, -331, -19, 
4, 24, 19, -14, -7, 21, -522, -805, -439, -736, -356, -53, 
-24, -14, 9, 19, -17, -2, -507, -707, -385, -688, -361, -92, 
0, -39, -39, 19, 19, -39, -507, -634, -341, -644, -361, -112, 
0, -58, -58, 29, 29, -58, -507, -561, -317, -600, -341, -122, 
-48, -87, -39, 68, -4, -63, -478, -473, -268, -541, -322, -126, 
-122, -126, -4, 124, -58, -65, -439, -395, -209, -492, -307, -126, 
-151, -165, -14, 158, -68, -90, -395, -336, -151, -434, -283, -136, 
-146, -180, -34, 163, -56, -107, -336, -253, -78, -370, -253, -141, 
-141, -180, -39, 161, -51, -109, -283, -185, 0, -302, -229, -131, 
-180, -200, -19, 190, -80, -109, -244, -156, 58, -244, -209, -136, 
-244, -239, 4, 241, -124, -117, -200, -122, 117, -214, -209, -156, 
-273, -258, 14, 265, -143, -122, -165, -107, 151, -190, -195, -175, 
-244, -239, 4, 241, -124, -117, -141, -102, 175, -170, -175, -165, 
-209, -214, -4, 212, -102, -109, -126, -97, 185, -136, -161, -146, 
-229, -214, 14, 222, -122, -100, -112, -82, 185, -126, -141, -131, 
-258, -244, 14, 251, -136, -114, -102, -82, 195, -131, -151, -141, 
-273, -244, 29, 258, -151, -107, -102, -82, 195, -136, -156, -146, 
-273, -244, 29, 258, -151, -107, -122, -82, 200, -141, -156, -146, 
-263, -234, 29, 248, -146, -102, -122, -87, 204, -136, -156, -146, 
-258, -239, 19, 248, -139, -109, -107, -87, 219, -131, -156, -156, 
-292, -248, 43, 270, -168, -102, -102, -92, 219, -131, -161, -165, 
-317, -268, 48, 292, -183, -109, -102, -102, 219, -136, -165, -170, 
-322, -268, 53, 295, -187, -107, -102, -102, 214, -146, -165, -175, 
-287, -253, 34, 270, -161, -109, -82, -92, 214, -131, -156, -170, 
-283, -244, 39, 263, -161, -102, -78, -87, 214, -117, -146, -156, 
-297, -239, 58, 268, -178, -90, -73, -82, 219, -122, -146, -151, 
-297, -234, 63, 265, -180, -85, -73, -78, 224, -117, -151, -141, 
-278, -229, 48, 253, -163, -90, -68, -73, 239, -117, -146, -131, 
-248, -214, 34, 231, -141, -90, -73, -63, 239, -107, -141, -131, 
-239, -209, 29, 224, -134, -90, -78, -53, 244, -102, -136, -131, 
-248, -224, 24, 236, -136, -100, -78, -48, 244, -102, -136, -141, 
-273, -234, 39, 253, -156, -97, -73, -73, 239, -112, -151, -161, 
-268, -239, 29, 253, -148, -104, -63, -78, 224, -117, -156, -161, 
-258, -244, 14, 251, -136, -114, -63, -82, 214, -122, -151, -156, 
-253, -244, 9, 248, -131, -117, -63, -82, 200, -131, -156, -151, 
-287, -258, 29, 273, -158, -114, -68, -97, 200, -141, -165, -151, 
-312, -273, 39, 292, -175, -117, -82, -102, 200, -146, -165, -151, 
-302, -278, 24, 290, -163, -126, -92, -107, 200, -151, -175, -156, 
-287, -278, 9, 283, -148, -134, -102, -107, 195, -151, -175, -156, 
-297, -268, 29, 283, -163, -119, -122, -122, 180, -151, -190, -170, 
-317, -283, 34, 300, -175, -124, -136, -136, 180, -156, -190, -175, 
-336, -292, 43, 314, -190, -124, -165, -151, 175, -165, -195, -185, 
-336, -292, 43, 314, -190, -124, -190, -165, 165, -170, -195, -185, 
-307, -283, 24, 295, -165, -129, -204, -175, 156, -170, -190, -170, 
-287, -273, 14, 280, -151, -129, -214, -175, 151, -175, -185, -165, 
-297, -273, 24, 285, -161, -124, -234, -180, 141, -175, -185, -165, 
-312, -273, 39, 292, -175, -117, -248, -185, 131, -175, -185, -165, 
-302, -283, 19, 292, -161, -131, -263, -190, 122, -185, -195, -165, 
-278, -278, 0, 278, -139, -139, -258, -190, 122, -180, -195, -165, 
-278, -278, 0, 278, -139, -139, -253, -190, 122, -180, -195, -165, 
-302, -278, 24, 290, -163, -126, -244, -195, 131, -180, -195, -165, 
-302, -292, 9, 297, -156, -141, -248, -204, 122, -180, -204, -185, 
-297, -287, 9, 292, -153, -139, -253, -204, 122, -180, -204, -185, 
-287, -273, 14, 280, -151, -129, -253, -200, 126, -180, -204, -185, 
-273, -258, 14, 265, -143, -122, -258, -195, 126, -180, -200, -180, 
-312, -287, 24, 300, -168, -131, -253, -185, 117, -185, -190, -170, 
-317, -297, 19, 307, -168, -139, -248, -185, 122, -190, -195, -180, 
-322, -302, 19, 312, -170, -141, -244, -185, 126, -190, -195, -180, 
-307, -292, 14, 300, -161, -139, -224, -180, 131, -180, -195, -175, 
-297, -283, 14, 290, -156, -134, -219, -170, 146, -175, -195, -185, 
-312, -302, 9, 307, -161, -146, -214, -165, 146, -175, -195, -185, 
-331, -302, 29, 317, -180, -136, -204, -165, 146, -175, -200, -185, 
-331, -302, 29, 317, -180, -136, -195, -161, 156, -175, -200, -185, 
-317, -297, 19, 307, -168, -139, -190, -156, 156, -170, -200, -175, 
-312, -287, 24, 300, -168, -131, -180, -146, 161, -165, -195, -170, 
-312, -283, 29, 297, -170, -126, -175, -141, 161, -165, -195, -170, 
-326, -278, 48, 302, -187, -114, -170, -136, 161, -165, -190, -170, 
-326, -278, 48, 302, -187, -114, -156, -126, 165, -165, -180, -180, 
-312, -283, 29, 297, -170, -126, -141, -122, 175, -151, -180, -175, 
-312, -287, 24, 300, -168, -131, -136, -107, 185, -146, -180, -175, 
-331, -292, 39, 312, -185, -126, -126, -117, 195, -146, -175, -175, 
-341, -292, 48, 317, -195, -122, -122, -107, 209, -136, -185, -170, 
-326, -283, 43, 305, -185, -119, -122, -102, 209, -136, -185, -170, 
-302, -263, 39, 283, -170, -112, -107, -97, 209, -131, -180, -170, 
-287, -253, 34, 270, -161, -109, -102, -92, 214, -131, -175, -165, 
-326, -258, 68, 292, -197, -95, -87, -87, 234, -131, -170, -156, 
-336, -258, 78, 297, -207, -90, -82, -82, 239, -126, -175, -156, 
-331, -244, 87, 287, -209, -78, -78, -78, 244, -122, -170, -156, 
-322, -234, 87, 278, -204, -73, -78, -73, 258, -102, -156, -146, 
-326, -239, 87, 283, -207, -75, -73, -63, 268, -102, -151, -156, 
-366, -253, 112, 309, -239, -70, -43, -63, 287, -102, -151, -165, 
-375, -263, 112, 319, -244, -75, -58, -63, 287, -102, -156, -165, 
-380, -268, 112, 324, -246, -78, -53, -73, 283, -102, -156, -165, 
-361, -244, 117, 302, -239, -63, -53, -73, 283, -92, -161, -151, 
-361, -239, 122, 300, -241, -58, -58, -68, 283, -92, -156, -146, 
-375, -239, 136, 307, -256, -51, -58, -63, 283, -92, -156, -146, 
-385, -253, 131, 319, -258, -61, -68, -58, 278, -92, -156, -146, 
-370, -248, 122, 309, -246, -63, -53, -68, 278, -92, -151, -151, 
-346, -239, 107, 292, -226, -65, -58, -68, 283, -82, -146, -141, 
-346, -234, 112, 290, -229, -61, -68, -73, 287, -78, -131, -141, 
-356, -234, 122, 295, -239, -56, -58, -73, 292, -78, -126, -146, 
-341, -229, 112, 285, -226, -58, -58, -92, 283, -92, -136, -151, 
-331, -229, 102, 280, -217, -63, -58, -92, 283, -92, -141, -151, 
-297, -214, 82, 256, -190, -65, -58, -92, 287, -87, -136, -146, 
-292, -200, 92, 246, -192, -53, -63, -92, 287, -82, -136, -141, 
-307, -219, 87, 263, -197, -65, -78, -102, 278, -82, -126, -131, 
-307, -219, 87, 263, -197, -65, -82, -112, 278, -87, -131, -131, 
-287, -219, 68, 253, -178, -75, -92, -112, 278, -87, -131, -131, 
-253, -209, 43, 231, -148, -82, -97, -102, 273, -87, -126, -126, 
-244, -195, 48, 219, -146, -73, -97, -102, 278, -78, -117, -112, 
-263, -190, 73, 226, -168, -58, -97, -97, 287, -63, -112, -112, 
-273, -185, 87, 229, -180, -48, -92, -97, 292, -58, -107, -112, 
-263, -175, 87, 219, -175, -43, -87, -107, 302, -53, -102, -112, 
-239, -161, 78, 200, -158, -41, -78, -107, 317, -48, -82, -97, 
-239, -151, 87, 195, -163, -31, -87, -107, 312, -43, -82, -92, 
-248, -146, 102, 197, -175, -21, -97, -102, 307, -39, -78, -87, 
-248, -141, 107, 195, -178, -17, -97, -102, 307, -34, -78, -82, 
-248, -141, 107, 195, -178, -17, -112, -102, 292, -24, -78, -87, 
-214, -126, 87, 170, -151, -19, -136, -112, 292, -19, -68, -82, 
-204, -126, 78, 165, -141, -24, -151, -122, 292, -19, -68, -87, 
-219, -126, 92, 173, -156, -17, -156, -131, 292, -19, -68, -92, 
-224, -131, 92, 178, -158, -19, -185, -151, 268, -43, -87, -97, 
-214, -136, 78, 175, -146, -29, -214, -156, 253, -53, -92, -97, 
-175, -131, 43, 153, -109, -43, -239, -165, 234, -63, -87, -97, 
-161, -126, 34, 143, -97, -46, -263, -175, 214, -63, -87, -92, 
-180, -146, 34, 163, -107, -56, -273, -180, 204, -73, -87, -102, 
-185, -156, 29, 170, -107, -63, -283, -175, 195, -78, -87, -102, 
-185, -161, 24, 173, -104, -68, -292, -170, 190, -78, -87, -102, 
-156, -151, 4, 153, -80, -73, -297, -165, 180, -78, -87, -97, 
-151, -156, -4, 153, -73, -80, -302, -151, 165, -78, -87, -97, 
-156, -156, 0, 156, -78, -78, -307, -151, 165, -78, -87, -97, 
-161, -165, -4, 163, -78, -85, -302, -146, 156, -78, -92, -97, 
-156, -165, -9, 161, -73, -87, -302, -146, 165, -78, -92, -97, 
-136, -161, -24, 148, -56, -92, -312, -141, 156, -82, -102, -92, 
-112, -156, -43, 134, -34, -100, -302, -136, 156, -78, -87, -82, 
-131, -156, -24, 143, -53, -90, -302, -131, 156, -82, -97, -92, 
-146, -170, -24, 158, -61, -97, -297, -131, 161, -92, -97, -92, 
-141, -170, -29, 156, -56, -100, -287, -126, 161, -82, -87, -92, 
-122, -161, -39, 141, -41, -100, -283, -117, 165, -78, -82, -92, 
-102, -156, -53, 129, -24, -104, -278, -107, 165, -73, -78, -92, 
-122, -156, -34, 139, -43, -95, -278, -107, 165, -73, -78, -92, 
-131, -170, -39, 151, -46, -104, -273, -107, 156, -82, -82, -87, 
-122, -161, -39, 141, -41, -100, -263, -102, 161, -82, -82, -87, 
-97, -156, -58, 126, -19, -107, -253, -92, 165, -82, -82, -87, 
-73, -156, -82, 114, 4, -119, -248, -92, 165, -82, -82, -87, 
-112, -165, -53, 139, -29, -109, -234, -82, 165, -82, -92, -97, 
-131, -180, -48, 156, -41, -114, -229, -82, 165, -87, -97, -97, 
-136, -180, -43, 158, -46, -112, -219, -82, 170, -87, -97, -97, 
-122, -170, -48, 146, -36, -109, -209, -82, 170, -82, -92, -97, 
-97, -165, -68, 131, -14, -117, -190, -73, 180, -82, -92, -97, 
-117, -175, -58, 146, -29, -117, -180, -68, 180, -82, -92, -97, 
-141, -185, -43, 163, -48, -114, -170, -68, 185, -82, -92, -97, 
-146, -185, -39, 165, -53, -112, -161, -63, 195, -82, -92, -97, 
-141, -185, -43, 163, -48, -114, -151, -63, 195, -82, -102, -97, 
-136, -185, -48, 161, -43, -117, -146, -53, 195, -82, -102, -97, 
-156, -185, -29, 170, -63, -107, -136, -48, 195, -87, -102, -97, 
-161, -190, -29, 175, -65, -109, -131, -48, 195, -87, -102, -97, 
-146, -190, -43, 168, -51, -117, -122, -39, 204, -78, -102, -107, 
-126, -185, -58, 156, -34, -122, -112, -34, 209, -73, -102, -107, 
-131, -175, -43, 153, -43, -109, -102, -29, 214, -73, -102, -107, 
-175, -185, -9, 180, -82, -97, -92, -24, 219, -73, -107, -107, 
-195, -195, 0, 195, -97, -97, -92, -24, 219, -78, -107, -117, 
-190, -200, -9, 195, -90, -104, -87, -24, 219, -78, -107, -117, 
-165, -195, -29, 180, -68, -112, -87, -19, 219, -78, -102, -112, 
-161, -200, -39, 180, -61, -119, -92, -19, 219, -82, -102, -112, 
-224, -224, 0, 224, -112, -112, -63, 0, 229, -73, -102, -112, 
-244, -224, 19, 234, -131, -102, -58, -9, 234, -78, -107, -117, 
-224, -209, 14, 217, -119, -97, -48, 0, 234, -68, -97, -117, 
-214, -204, 9, 209, -112, -97, -48, 0, 234, -68, -97, -117, 
-204, -200, 4, 202, -104, -97, -48, 0, 234, -68, -97, -117, 
-195, -195, 0, 195, -97, -97, -48, 0, 234, -68, -97, -117, 
-214, -195, 19, 204, -117, -87, -39, -14, 239, -73, -97, -107, 
-200, -195, 4, 197, -102, -95, -58, -14, 239, -73, -102, -107, 
-170, -185, -14, 178, -78, -100, -63, -4, 239, -73, -102, -107, 
-170, -185, -14, 178, -78, -100, -73, -4, 239, -73, -97, -102, 
-195, -185, 9, 190, -102, -87, -48, -4, 239, -63, -97, -102, 
-214, -200, 14, 207, -114, -92, -48, -4, 244, -63, -102, -102, 
-204, -200, 4, 202, -104, -97, -43, -4, 253, -63, -102, -107, 
-180, -190, -9, 185, -85, -100, -24, 0, 258, -63, -102, -107, 
-170, -170, 0, 170, -85, -85, -29, 0, 268, -48, -92, -92, 
-180, -165, 14, 173, -97, -75, -34, 0, 273, -48, -87, -92, 
-175, -165, 9, 170, -92, -78, -39, -4, 273, -48, -87, -92, 
-165, -161, 4, 163, -85, -78, -39, -4, 278, -48, -82, -92, 
-136, -141, -4, 139, -65, -73, -39, -4, 283, -34, -68, -78, 
-112, -131, -19, 122, -46, -75, -39, 0, 287, -24, -58, -68, 
-146, -122, 24, 134, -85, -48, -43, -4, 292, -9, -48, -63, 
-151, -117, 34, 134, -92, -41, -48, -19, 292, -14, -43, -58, 
-165, -117, 48, 141, -107, -34, -68, -29, 302, -24, -48, -68, 
-146, -117, 29, 131, -87, -43, -82, -39, 302, -24, -48, -68, 
-151, -117, 34, 134, -92, -41, -102, -48, 302, -24, -48, -68, 
-165, -117, 48, 141, -107, -34, -117, -58, 302, -24, -48, -68, 
-175, -117, 58, 146, -117, -29, -151, -78, 292, -34, -58, -58, 
-165, -117, 48, 141, -107, -34, -175, -87, 283, -34, -58, -58, 
-141, -107, 34, 124, -87, -36, -200, -92, 273, -34, -53, -58, 
-126, -102, 24, 114, -75, -39, -224, -97, 263, -24, -48, -53, 
-131, -97, 34, 114, -82, -31, -239, -97, 263, -24, -48, -63, 
-141, -92, 48, 117, -95, -21, -244, -97, 263, -29, -53, -63, 
-141, -87, 53, 114, -97, -17, -253, -92, 263, -29, -53, -63, 
-117, -78, 39, 97, -78, -19, -263, -87, 263, -29, -43, -58, 
-107, -82, 24, 95, -65, -29, -273, -97, 244, -34, -53, -68, 
-131, -92, 39, 112, -85, -26, -278, -102, 239, -39, -58, -68, 
-146, -102, 43, 124, -95, -29, -283, -102, 234, -43, -63, -73, 
-126, -107, 19, 117, -73, -43, -287, -102, 229, -48, -63, -73, 
-92, -107, -14, 100, -39, -61, -292, -82, 224, -34, -63, -73, 
-92, -107, -14, 100, -39, -61, -287, -78, 219, -29, -58, -68, 
-112, -107, 4, 109, -58, -51, -283, -78, 214, -29, -58, -68, 
-122, -126, -4, 124, -58, -65, -287, -78, 209, -34, -58, -68, 
-122, -126, -4, 124, -58, -65, -278, -73, 209, -43, -68, -68, 
-102, -126, -24, 114, -39, -75, -268, -68, 219, -43, -63, -68, 
-102, -122, -19, 112, -41, -70, -268, -63, 219, -43, -58, -63, 
-117, -122, -4, 119, -56, -63, -268, -58, 214, -43, -58, -63, 
-112, -122, -9, 117, -51, -65, -258, -58, 204, -34, -53, -68, 
-92, -122, -29, 107, -31, -75, -253, -58, 204, -34, -53, -68, 
-68, -112, -43, 90, -12, -78, -258, -53, 204, -34, -53, -68, 
-63, -112, -48, 87, -7, -80, -263, -43, 204, -34, -53, -68, 
-73, -107, -34, 90, -19, -70, -239, -39, 209, -34, -53, -63, 
-87, -112, -24, 100, -31, -68, -224, -34, 214, -39, -58, -63, 
-87, -112, -24, 100, -31, -68, -214, -29, 219, -39, -58, -63, 
-63, -97, -34, 80, -14, -65, -209, -24, 224, -34, -53, -63, 
-63, -107, -43, 85, -9, -75, -195, -24, 234, -34, -53, -63, 
-73, -112, -39, 92, -17, -75, -195, -24, 234, -34, -53, -63, 
-82, -126, -43, 104, -19, -85, -200, -24, 229, -39, -58, -63, 
-73, -117, -43, 95, -14, -80, -200, -19, 224, -39, -58, -63, 
-73, -112, -39, 92, -17, -75, -195, -9, 214, -43, -58, -73, 
-68, -117, -48, 92, -9, -82, -190, -4, 214, -43, -63, -73, 
-87, -122, -34, 104, -26, -78, -180, -4, 214, -43, -68, -73, 
-107, -141, -34, 124, -36, -87, -185, -4, 219, -48, -73, -78, 
-117, -146, -29, 131, -43, -87, -165, 4, 229, -48, -73, -87, 
-102, -141, -39, 122, -31, -90, -146, 9, 229, -43, -73, -82, 
-102, -146, -43, 124, -29, -95, -136, 14, 229, -43, -73, -82, 
-112, -156, -43, 134, -34, -100, -126, 19, 229, -48, -73, -82, 
-136, -170, -34, 153, -51, -102, -122, 14, 224, -58, -92, -97, 
-131, -175, -43, 153, -43, -109, -117, 14, 224, -58, -92, -97, 
-117, -170, -53, 143, -31, -112, -112, 14, 224, -48, -92, -97, 
-112, -170, -58, 141, -26, -114, -107, 19, 224, -48, -87, -92, 
-136, -180, -43, 158, -46, -112, -92, 9, 224, -53, -92, -102, 
-170, -195, -24, 183, -73, -109, -87, 4, 224, -58, -97, -102, 
-185, -214, -29, 200, -78, -122, -82, 0, 224, -73, -107, -107, 
-180, -214, -34, 197, -73, -124, -92, 0, 224, -78, -112, -107, 
-170, -209, -39, 190, -65, -124, -92, -4, 219, -73, -97, -107, 
-175, -204, -29, 190, -73, -117, -87, -4, 219, -73, -97, -107, 
-175, -204, -29, 190, -73, -117, -82, -4, 219, -73, -97, -107, 
-175, -200, -24, 187, -75, -112, -78, -4, 214, -73, -97, -107, 
-136, -195, -58, 165, -39, -126, -78, -14, 204, -82, -107, -107, 
-136, -190, -53, 163, -41, -122, -97, -4, 204, -73, -107, -107, 
-156, -190, -34, 173, -61, -112, -97, -19, 204, -73, -107, -107, 
-165, -195, -29, 180, -68, -112, -87, -24, 204, -78, -107, -107, 
-165, -185, -19, 175, -73, -102, -78, -34, 214, -78, -107, -97, 
-141, -175, -34, 158, -53, -104, -78, -29, 214, -78, -107, -97, 
-141, -175, -34, 158, -53, -104, -78, -29, 209, -82, -107, -102, 
-146, -190, -43, 168, -51, -117, -82, -29, 200, -87, -112, -102, 
-156, -209, -53, 183, -51, -131, -102, -34, 190, -107, -126, -122, 
-102, -190, -87, 146, -7, -139, -102, -14, 185, -97, -126, -122, 
-48, -170, -122, 109, 36, -146, -112, -14, 180, -78, -97, -107, 
-34, -170, -136, 102, 51, -153, -136, -9, 161, -63, -87, -92, 
-29, -180, -151, 104, 61, -165, -151, 9, 175, -63, -87, -82, 
14, -161, -175, 73, 95, -168, -170, 24, 190, -39, -63, -78, 
107, -97, -204, -4, 156, -151, -204, 24, 219, 14, -14, -39, 
209, -14, -224, -97, 217, -119, -244, 14, 234, 92, 73, 39, 
278, 48, -229, -163, 253, -90, -278, 14, 244, 146, 131, 92, 
326, 92, -234, -209, 280, -70, -307, 4, 234, 156, 165, 122, 
429, 122, -307, -275, 368, -92, -385, -68, 151, 122, 170, 136, 
590, 170, -419, -380, 505, -124, -497, -170, 48, 68, 170, 156, 
732, 204, -527, -468, 629, -161, -595, -278, -68, 0, 156, 175, 
829, 234, -595, -531, 712, -180, -678, -380, -170, -87, 136, 180, 
858, 258, -600, -558, 729, -170, -761, -488, -253, -175, 107, 185, 
883, 287, -595, -585, 739, -153, -824, -600, -322, -248, 92, 195, 
922, 322, -600, -622, 761, -139, -873, -702, -375, -297, 78, 214, 
902, 351, -551, -627, 727, -100, -907, -800, -434, -351, 58, 209, 
824, 326, -497, -575, 661, -85, -917, -912, -502, -463, -14, 175, 
712, 268, -444, -490, 578, -87, -883, -995, -585, -619, -131, 112, 
561, 214, -346, -387, 453, -65, -805, -1063, -634, -736, -239, 43, 
400, 195, -204, -297, 302, -4, -702, -1107, -614, -780, -297, 14, 
273, 195, -78, -234, 175, 58, -590, -1102, -551, -771, -302, 19, 
165, 165, 0, -165, 82, 82, -483, -1029, -492, -746, -312, 19, 
63, 92, 29, -78, 17, 61, -414, -932, -448, -736, -317, -4, 
-4, 34, 39, -14, -21, 36, -370, -834, -395, -697, -331, -53, 
-9, 9, 19, 0, -14, 14, -351, -741, -341, -663, -341, -82, 
-9, -19, -9, 14, 0, -14, -361, -658, -307, -619, -341, -102, 
-58, -48, 9, 53, -34, -19, -341, -580, -268, -580, -322, -117, 
-131, -87, 43, 109, -87, -21, -312, -492, -219, -531, -317, -126, 
-151, -107, 43, 129, -97, -31, -297, -424, -170, -492, -302, -136, 
-136, -112, 24, 124, -80, -43, -278, -361, -126, -439, -283, -131, 
-131, -122, 9, 126, -70, -56, -273, -312, -78, -361, -258, -131, 
-131, -141, -9, 136, -61, -75, -263, -263, -19, -302, -229, -136, 
-175, -161, 14, 168, -95, -73, -258, -229, 39, -253, -209, -136, 
-224, -190, 34, 207, -129, -78, -244, -204, 92, -209, -195, -126, 
-195, -180, 14, 187, -104, -82, -239, -190, 126, -170, -165, -117, 
-151, -156, -4, 153, -73, -80, -234, -185, 136, -146, -141, -107, 
-161, -156, 4, 158, -82, -75, -229, -170, 146, -136, -122, -92, 
-185, -165, 19, 175, -102, -73, -234, -156, 146, -146, -122, -102, 
-195, -165, 29, 180, -112, -68, -239, -151, 146, -146, -126, -107, 
-190, -165, 24, 178, -107, -70, -263, -146, 151, -146, -126, -107, 
-175, -156, 19, 165, -97, -68, -268, -146, 156, -136, -126, -107, 
-175, -170, 4, 173, -90, -82, -253, -131, 165, -122, -136, -107, 
-204, -180, 24, 192, -114, -78, -239, -131, 170, -122, -141, -117, 
-224, -200, 24, 212, -124, -87, -229, -136, 175, -126, -146, -122, 
-224, -200, 24, 212, -124, -87, -219, -131, 175, -136, -146, -126, 
-195, -200, -4, 197, -95, -102, -200, -117, 185, -126, -136, -136, 
-195, -195, 0, 195, -97, -97, -185, -107, 185, -117, -126, -126, 
-214, -195, 19, 204, -117, -87, -170, -97, 190, -126, -126, -126, 
-219, -195, 24, 207, -122, -85, -161, -87, 195, -126, -131, -122, 
-229, -204, 24, 217, -126, -90, -156, -82, 200, -117, -131, -122, 
-209, -195, 14, 202, -112, -90, -161, -73, 200, -107, -131, -122, 
-209, -195, 14, 202, -112, -90, -165, -63, 204, -102, -131, -122, 
-229, -214, 14, 222, -122, -100, -165, -58, 204, -102, -136, -131, 
-263, -234, 29, 248, -146, -102, -146, -78, 209, -112, -156, -151, 
-258, -239, 19, 248, -139, -109, -131, -78, 204, -117, -156, -151, 
-248, -244, 4, 246, -126, -119, -126, -78, 204, -122, -146, -146, 
-244, -244, 0, 244, -122, -122, -122, -73, 200, -131, -146, -141, 
-253, -234, 19, 244, -136, -107, -122, -82, 209, -122, -146, -141, 
-273, -244, 29, 258, -151, -107, -131, -82, 209, -126, -146, -141, 
-258, -244, 14, 251, -136, -114, -136, -82, 209, -131, -156, -146, 
-239, -239, 0, 239, -119, -119, -141, -78, 204, -131, -156, -146, 
-248, -229, 19, 239, -134, -104, -141, -87, 214, -126, -161, -141, 
-268, -244, 24, 256, -146, -109, -136, -87, 219, -126, -161, -146, 
-287, -253, 34, 270, -161, -109, -146, -87, 219, -131, -165, -156, 
-287, -253, 34, 270, -161, -109, -151, -87, 214, -131, -165, -156, 
-268, -244, 24, 256, -146, -109, -131, -92, 214, -141, -161, -161, 
-248, -234, 14, 241, -131, -109, -117, -87, 219, -146, -156, -156, 
-258, -234, 24, 246, -141, -104, -112, -87, 219, -146, -156, -156, 
-273, -234, 39, 253, -156, -97, -102, -87, 219, -146, -156, -156, 
-268, -224, 43, 246, -156, -90, -117, -87, 229, -141, -156, -146, 
-239, -219, 19, 229, -129, -100, -112, -82, 229, -131, -156, -146, 
-234, -219, 14, 226, -124, -102, -107, -78, 229, -126, -156, -146, 
-253, -219, 34, 236, -143, -92, -97, -78, 239, -122, -156, -146, 
-258, -248, 9, 253, -134, -119, -92, -92, 234, -131, -165, -156, 
-258, -248, 9, 253, -134, -119, -87, -97, 229, -131, -165, -156, 
-253, -239, 14, 246, -134, -112, -78, -97, 229, -131, -165, -156, 
-244, -229, 14, 236, -129, -107, -73, -97, 224, -131, -161, -151, 
-258, -239, 19, 248, -139, -109, -87, -97, 214, -136, -156, -141, 
-258, -239, 19, 248, -139, -109, -92, -97, 219, -141, -156, -151, 
-258, -234, 24, 246, -141, -104, -97, -97, 224, -141, -151, -151, 
-239, -214, 24, 226, -131, -95, -87, -92, 229, -131, -146, -146, 
-234, -195, 39, 214, -136, -78, -97, -97, 224, -126, -156, -146, 
-244, -214, 29, 229, -136, -92, -97, -97, 224, -126, -156, -146, 
-258, -214, 43, 236, -151, -85, -92, -102, 224, -126, -161, -146, 
-253, -214, 39, 234, -146, -87, -87, -102, 234, -126, -161, -146, 
-244, -214, 29, 229, -136, -92, -82, -112, 234, -126, -161, -156, 
-244, -209, 34, 226, -139, -87, -73, -107, 239, -126, -156, -151, 
-248, -209, 39, 229, -143, -85, -68, -107, 239, -131, -156, -151, 
-268, -209, 58, 239, -163, -75, -63, -107, 239, -136, -151, -151, 
-278, -195, 82, 236, -180, -56, -63, -107, 248, -126, -151, -146, 
-263, -195, 68, 229, -165, -63, -53, -102, 253, -112, -151, -136, 
-263, -195, 68, 229, -165, -63, -53, -87, 258, -107, -151, -131, 
-283, -195, 87, 239, -185, -53, -48, -97, 263, -107, -146, -126, 
-312, -204, 107, 258, -209, -48, -39, -112, 273, -107, -156, -141, 
-307, -204, 102, 256, -204, -51, -34, -112, 278, -107, -156, -141, 
-292, -195, 97, 244, -195, -48, -14, -112, 283, -102, -151, -141, 
-287, -195, 92, 241, -190, -51, -4, -112, 292, -102, -146, -136, 
-326, -200, 126, 263, -226, -36, 4, -112, 297, -107, -141, -126, 
-326, -200, 126, 263, -226, -36, 4, -112, 297, -107, -146, -126, 
-312, -185, 126, 248, -219, -29, 4, -112, 297, -107, -141, -126, 
-292, -175, 117, 234, -204, -29, 0, -112, 307, -92, -126, -117, 
-302, -180, 122, 241, -212, -29, -4, -117, 292, -92, -131, -122, 
-336, -195, 141, 265, -239, -26, 14, -122, 307, -92, -131, -136, 
-341, -204, 136, 273, -239, -34, -9, -126, 302, -92, -136, -141, 
-341, -209, 131, 275, -236, -39, -14, -141, 292, -92, -136, -146, 
-322, -209, 112, 265, -217, -48, -24, -161, 268, -107, -146, -146, 
-322, -209, 112, 265, -217, -48, -39, -165, 263, -112, -146, -146, 
-336, -214, 122, 275, -229, -46, -48, -170, 258, -117, -151, -151, 
-346, -234, 112, 290, -229, -61, -68, -175, 248, -122, -156, -156, 
-331, -219, 112, 275, -222, -53, -92, -175, 239, -122, -146, -141, 
-307, -209, 97, 258, -202, -56, -117, -175, 234, -112, -146, -131, 
-307, -204, 102, 256, -204, -51, -146, -180, 229, -107, -136, -131, 
-317, -204, 112, 261, -214, -46, -156, -180, 224, -107, -136, -136, 
-307, -224, 82, 265, -195, -70, -165, -185, 219, -122, -146, -146, 
-302, -229, 73, 265, -187, -78, -165, -180, 214, -122, -151, -151, 
-273, -219, 53, 246, -163, -82, -165, -175, 214, -117, -146, -151, 
-273, -209, 63, 241, -168, -73, -170, -170, 209, -112, -146, -151, 
-292, -229, 63, 261, -178, -82, -170, -156, 209, -102, -146, -151, 
-297, -229, 68, 263, -183, -80, -170, -161, 209, -107, -151, -151, 
-283, -229, 53, 256, -168, -87, -175, -156, 209, -107, -151, -151, 
-253, -219, 34, 236, -143, -92, -175, -141, 204, -107, -146, -146, 
-253, -219, 34, 236, -143, -92, -165, -126, 214, -92, -131, -141, 
-273, -219, 53, 246, -163, -82, -156, -117, 219, -82, -131, -141, 
-283, -219, 63, 251, -173, -78, -141, -112, 219, -82, -131, -141, 
-273, -214, 58, 244, -165, -78, -126, -117, 224, -82, -131, -141, 
-234, -214, 19, 224, -126, -97, -117, -107, 239, -82, -122, -136, 
-229, -209, 19, 219, -124, -95, -117, -107, 234, -82, -122, -131, 
-234, -209, 24, 222, -129, -92, -117, -102, 229, -82, -117, -126, 
-229, -209, 19, 219, -124, -95, -107, -102, 229, -82, -117, -122, 
-214, -195, 19, 204, -117, -87, -102, -82, 229, -73, -107, -112, 
-175, -175, 0, 175, -87, -87, -117, -82, 234, -68, -97, -102, 
-161, -170, -9, 165, -75, -90, -122, -82, 239, -68, -97, -102, 
-170, -165, 4, 168, -87, -80, -117, -82, 244, -68, -97, -102, 
-180, -156, 24, 168, -102, -65, -112, -82, 253, -73, -92, -107, 
-165, -156, 9, 161, -87, -73, -107, -78, 253, -73, -92, -107, 
-122, -146, -24, 134, -48, -85, -97, -78, 248, -73, -82, -107, 
-102, -136, -34, 119, -34, -85, -87, -78, 244, -63, -78, -102, 
-131, -141, -9, 136, -61, -75, -87, -63, 253, -53, -87, -97, 
-136, -146, -9, 141, -63, -78, -87, -58, 253, -58, -87, -92, 
-136, -146, -9, 141, -63, -78, -87, -53, 258, -58, -87, -87, 
-107, -131, -24, 119, -41, -78, -82, -48, 258, -58, -87, -78, 
-117, -136, -19, 126, -48, -78, -92, -48, 244, -58, -78, -78, 
-126, -136, -9, 131, -58, -73, -92, -53, 244, -58, -78, -78, 
-136, -146, -9, 141, -63, -78, -82, -53, 234, -58, -82, -78, 
-136, -146, -9, 141, -63, -78, -78, -58, 244, -58, -82, -78, 
-117, -136, -19, 126, -48, -78, -87, -53, 253, -58, -82, -82, 
-92, -126, -34, 109, -29, -80, -78, -48, 253, -48, -68, -73, 
-112, -122, -9, 117, -51, -65, -78, -43, 253, -48, -78, -82, 
-126, -131, -4, 129, -61, -68, -73, -43, 258, -53, -78, -82, 
-102, -107, -4, 104, -48, -56, -73, -29, 268, -48, -73, -73, 
-73, -92, -19, 82, -26, -56, -68, -19, 273, -39, -63, -63, 
-43, -82, -39, 63, -2, -61, -63, -9, 273, -29, -53, -53, 
-53, -78, -24, 65, -14, -51, -63, -9, 273, -24, -48, -43, 
-78, -97, -19, 87, -29, -58, -63, -19, 268, -39, -63, -53, 
-82, -92, -9, 87, -36, -51, -58, -24, 268, -43, -63, -58, 
-73, -92, -19, 82, -26, -56, -53, -24, 268, -48, -63, -63, 
-63, -97, -34, 80, -14, -65, -53, -34, 263, -53, -63, -68, 
-82, -102, -19, 92, -31, -61, -68, -43, 253, -53, -63, -68, 
-92, -112, -19, 102, -36, -65, -73, -43, 253, -58, -68, -68, 
-87, -107, -19, 97, -34, -63, -73, -43, 258, -58, -68, -68, 
-63, -92, -29, 78, -17, -61, -73, -43, 258, -53, -63, -68, 
-48, -68, -19, 58, -14, -43, -58, -29, 263, -48, -53, -63, 
-68, -78, -9, 73, -29, -43, -53, -29, 268, -43, -53, -58, 
-92, -87, 4, 90, -48, -41, -48, -34, 278, -39, -53, -53, 
-97, -87, 9, 92, -53, -39, -43, -34, 292, -34, -53, -48, 
-87, -82, 4, 85, -46, -39, -48, -48, 292, -34, -43, -48, 
-87, -78, 9, 82, -48, -34, -48, -43, 292, -34, -43, -48, 
-112, -73, 39, 92, -75, -17, -43, -43, 292, -39, -43, -48, 
-122, -73, 48, 97, -85, -12, -43, -48, 292, -39, -43, -48, 
-102, -68, 34, 85, -68, -17, -34, -43, 302, -24, -29, -34, 
-78, -58, 19, 68, -48, -19, -34, -43, 307, -14, -24, -29, 
-78, -43, 34, 61, -56, -4, -34, -43, 312, -9, -19, -24, 
-117, -48, 68, 82, -92, 9, -34, -43, 317, -4, -19, -19, 
-146, -53, 92, 100, -119, 19, -29, -53, 317, -14, -24, -24, 
-141, -53, 87, 97, -114, 17, -19, -53, 317, -9, -29, -29, 
-117, -43, 73, 80, -95, 14, -14, -48, 317, -4, -29, -29, 
-112, -43, 68, 78, -90, 12, -14, -48, 317, -4, -34, -34, 
-126, -48, 78, 87, -102, 14, -29, -53, 307, -14, -34, -34, 
-146, -58, 87, 102, -117, 14, -29, -58, 307, -14, -39, -39, 
-136, -58, 78, 97, -107, 9, -24, -68, 307, -14, -39, -39, 
-117, -53, 63, 85, -90, 4, -29, -73, 307, -14, -34, -39, 
-117, -39, 78, 78, -97, 19, -53, -73, 297, -24, -43, -48, 
-136, -58, 78, 97, -107, 9, -73, -78, 297, -24, -43, -48, 
-165, -68, 97, 117, -131, 14, -87, -82, 297, -24, -48, -48, 
-161, -73, 87, 117, -124, 7, -102, -87, 297, -29, -48, -43, 
-151, -78, 73, 114, -112, -2, -122, -87, 278, -39, -58, -43, 
-146, -82, 63, 114, -104, -9, -141, -87, 273, -39, -53, -48, 
-146, -87, 58, 117, -102, -14, -161, -87, 263, -34, -53, -53, 
-156, -97, 58, 126, -107, -19, -180, -87, 253, -34, -63, -63, 
-151, -102, 48, 126, -100, -26, -214, -82, 253, -34, -63, -63, 
-131, -97, 34, 114, -82, -31, -219, -78, 248, -34, -63, -63, 
-136, -97, 39, 117, -87, -29, -234, -73, 244, -34, -58, -63, 
-141, -97, 43, 119, -92, -26, -248, -73, 239, -34, -53, -63, 
-156, -102, 53, 129, -104, -24, -253, -68, 229, -48, -68, -73, 
-170, -107, 63, 139, -117, -21, -253, -63, 229, -48, -73, -73, 
-146, -97, 48, 122, -97, -24, -248, -58, 229, -43, -68, -73, 
-146, -102, 43, 124, -95, -29, -248, -58, 234, -43, -73, -68, 
-165, -122, 43, 143, -104, -39, -244, -63, 214, -58, -73, -73, 
-195, -141, 53, 168, -124, -43, -244, -78, 204, -73, -82, -78, 
-156, -136, 19, 146, -87, -58, -244, -68, 200, -68, -82, -82, 
-117, -122, -4, 119, -56, -63, -244, -63, 195, -58, -73, -73, 
-107, -146, -39, 126, -34, -92, -248, -48, 170, -63, -82, -78, 
-165, -175, -9, 170, -78, -92, -263, -48, 165, -78, -97, -87, 
-156, -165, -9, 161, -73, -87, -258, -48, 165, -87, -97, -87, 
-146, -165, -19, 156, -63, -92, -253, -48, 165, -87, -97, -87, 
-136, -165, -29, 151, -53, -97, -248, -48, 165, -87, -97, -87, 
-126, -165, -39, 146, -43, -102, -244, -48, 165, -87, -97, -87, 
-122, -175, -53, 148, -34, -114, -229, -34, 165, -78, -87, -87, 
-117, -175, -58, 146, -29, -117, -224, -29, 165, -78, -87, -87, 
-112, -175, -63, 143, -24, -119, -219, -24, 165, -78, -87, -87, 
-107, -175, -68, 141, -19, -122, -214, -19, 165, -78, -87, -87, 
-102, -170, -68, 136, -17, -119, -209, -14, 180, -68, -78, -87, 
-97, -165, -68, 131, -14, -117, -204, -9, 185, -68, -78, -87, 
-92, -161, -68, 126, -12, -114, -200, -4, 190, -68, -78, -87, 
-87, -156, -68, 122, -9, -112, -195, 0, 195, -68, -78, -87, 
-78, -146, -68, 112, -4, -107, -185, 9, 204, -58, -78, -82, 
-78, -146, -68, 112, -4, -107, -185, 9, 204, -58, -78, -78, 
-78, -146, -68, 112, -4, -107, -185, 9, 204, -58, -78, -73, 
-78, -146, -68, 112, -4, -107, -185, 9, 204, -58, -78, -68, 
-63, -141, -78, 102, 7, -109, -180, 19, 214, -48, -68, -68, 
-58, -136, -78, 97, 9, -107, -175, 19, 214, -48, -68, -68, 
-53, -131, -78, 92, 12, -104, -170, 19, 214, -48, -68, -68, 
-48, -126, -78, 87, 14, -102, -165, 19, 214, -48, -68, -68, 
-53, -126, -73, 90, 9, -100, -165, 9, 214, -58, -78, -78, 
-58, -126, -68, 92, 4, -97, -165, 9, 214, -58, -78, -78, 
-63, -126, -63, 95, 0, -95, -165, 9, 214, -58, -78, -78, 
-68, -126, -58, 97, -4, -92, -165, 9, 214, -58, -78, -78, 
-53, -117, -63, 85, 4, -90, -161, 19, 219, -58, -68, -68, 
-48, -117, -68, 82, 9, -92, -156, 19, 224, -58, -68, -68, 
-43, -117, -73, 80, 14, -95, -151, 19, 229, -58, -68, -68, 
-39, -117, -78, 78, 19, -97, -146, 19, 234, -58, -68, -68, 
-43, -107, -63, 75, 9, -85, -141, 19, 234, -53, -58, -58, 
-48, -107, -58, 78, 4, -82, -136, 19, 234, -48, -58, -58, 
-53, -107, -53, 80, 0, -80, -131, 19, 234, -43, -58, -58, 
-58, -107, -48, 82, -4, -78, -126, 19, 234, -39, -58, -58, 
-53, -102, -48, 78, -2, -75, -126, 14, 239, -48, -58, -58, 
-48, -97, -48, 73, 0, -73, -126, 9, 244, -48, -58, -58, 
-43, -92, -48, 68, 2, -70, -126, 4, 248, -48, -58, -58, 
-39, -87, -48, 63, 4, -68, -126, 0, 253, -48, -58, -58, 
-34, -78, -43, 56, 4, -61, -122, 0, 258, -43, -48, -48, 
-29, -78, -48, 53, 9, -63, -117, 0, 263, -39, -48, -48, 
-24, -78, -53, 51, 14, -65, -112, 0, 268, -34, -48, -48, 
-19, -78, -58, 48, 19, -68, -107, 0, 273, -29, -48, -48, 
-29, -68, -39, 48, 4, -53, -92, -4, 278, -29, -48, -39, 
-39, -68, -29, 53, -4, -48, -87, -9, 283, -29, -48, -39, 
-48, -68, -19, 58, -14, -43, -82, -14, 287, -29, -48, -39, 
-58, -68, -9, 63, -24, -39, -78, -19, 292, -29, -48, -39, 
-73, -78, -4, 75, -34, -41, -68, -9, 297, -29, -48, -48, 
-78, -78, 0, 78, -39, -39, -58, -9, 302, -29, -48, -48, 
-82, -78, 4, 80, -43, -36, -48, -9, 307, -29, -48, -48, 
-87, -78, 9, 82, -48, -34, -39, -9, 312, -29, -48, -48, 
-97, -82, 14, 90, -56, -34, -29, -19, 302, -29, -58, -48, 
-107, -87, 19, 97, -63, -34, -29, -19, 302, -29, -58, -48, 
-117, -92, 24, 104, -70, -34, -29, -19, 302, -29, -58, -48, 
-126, -97, 29, 112, -78, -34, -29, -19, 302, -29, -58, -48, 
-136, -112, 24, 124, -80, -43, -39, -29, 292, -39, -68, -58, 
-146, -117, 29, 131, -87, -43, -39, -39, 292, -39, -68, -58, 
-156, -122, 34, 139, -95, -43, -39, -48, 292, -39, -68, -58, 
-165, -126, 39, 146, -102, -43, -39, -58, 292, -39, -68, -58, 
-151, -122, 29, 136, -90, -46, -63, -48, 292, -39, -68, -68, 
-146, -117, 29, 131, -87, -43, -78, -48, 292, -39, -68, -68, 
-141, -112, 29, 126, -85, -41, -92, -48, 292, -39, -68, -68, 
-136, -107, 29, 122, -82, -39, -107, -48, 292, -39, -68, -68, 
-156, -97, 58, 126, -107, -19, -117, -58, 297, -43, -68, -58, 
-141, -97, 43, 119, -92, -26, -146, -53, 297, -43, -73, -58, 
-112, -87, 24, 100, -68, -31, -161, -39, 297, -43, -73, -58, 
-112, -87, 24, 100, -68, -31, -180, -34, 297, -43, -68, -53, 
-146, -92, 53, 119, -100, -19, -170, -48, 283, -48, -78, -63, 
-165, -112, 53, 139, -109, -29, -175, -53, 283, -53, -82, -63, 
-156, -117, 39, 136, -97, -39, -175, -58, 287, -58, -82, -68, 
-131, -112, 19, 122, -75, -46, -161, -58, 287, -63, -82, -68, 
-122, -97, 24, 109, -73, -36, -170, -68, 278, -48, -68, -63, 
-141, -97, 43, 119, -92, -26, -180, -68, 283, -48, -68, -63, 
-146, -102, 43, 124, -95, -29, -190, -73, 283, -48, -73, -63, 
-146, -102, 43, 124, -95, -29, -195, -73, 287, -48, -73, -63, 
-122, -82, 39, 102, -80, -21, -195, -78, 278, -58, -82, -53, 
-92, -82, 9, 87, -51, -36, -195, -68, 278, -53, -78, -48, 
-122, -82, 39, 102, -80, -21, -200, -68, 278, -43, -73, -48, 
-122, -87, 34, 104, -78, -26, -204, -78, 273, -53, -73, -48, 
-107, -97, 9, 102, -58, -43, -209, -73, 263, -53, -78, -53, 
-78, -97, -19, 87, -29, -58, -209, -68, 263, -53, -78, -58, 
-73, -97, -24, 85, -24, -61, -214, -63, 263, -53, -78, -63, 
-78, -97, -19, 87, -29, -58, -214, -58, 263, -53, -78, -68, 
-97, -97, 0, 97, -48, -48, -204, -58, 258, -63, -78, -58, 
-87, -97, -9, 92, -39, -53, -204, -58, 253, -63, -78, -58, 
-63, -87, -24, 75, -19, -56, -204, -53, 248, -63, -73, -58, 
-48, -82, -34, 65, -7, -58, -204, -48, 244, -53, -68, -53, 
-68, -87, -19, 78, -24, -53, -195, -43, 234, -53, -68, -43, 
-82, -92, -9, 87, -36, -51, -185, -39, 234, -58, -73, -43, 
-87, -97, -9, 92, -39, -53, -180, -29, 234, -58, -73, -43, 
-68, -97, -29, 82, -19, -63, -175, -19, 234, -58, -63, -39, 
-58, -107, -48, 82, -4, -78, -165, -14, 239, -58, -73, -43, 
-82, -112, -29, 97, -26, -70, -161, -14, 239, -58, -78, -48, 
-97, -117, -19, 107, -39, -68, -156, -9, 239, -58, -82, -58, 
-78, -117, -39, 97, -19, -78, -151, -4, 239, -58, -82, -63, 
-48, -117, -68, 82, 9, -92, -151, 0, 239, -58, -87, -68, 
-43, -117, -73, 80, 14, -95, -141, 0, 239, -58, -87, -68, 
-58, -117, -58, 87, 0, -87, -131, -4, 239, -63, -92, -73, 
-63, -136, -73, 100, 4, -104, -131, -9, 239, -73, -97, -78, 
-58, -117, -58, 87, 0, -87, -126, -4, 239, -68, -92, -68, 
-34, -117, -82, 75, 24, -100, -112, 0, 248, -63, -82, -68, 
-29, -112, -82, 70, 26, -97, -107, 4, 248, -58, -73, -63, 
-39, -112, -73, 75, 17, -92, -102, 9, 244, -53, -68, -63, 
-53, -112, -58, 82, 2, -85, -87, 4, 248, -63, -82, -68, 
-43, -112, -68, 78, 12, -90, -87, 0, 253, -63, -82, -68, 
-29, -102, -73, 65, 21, -87, -97, 0, 258, -63, -82, -68, 
-34, -102, -68, 68, 17, -85, -107, 4, 263, -63, -82, -68, 
-63, -122, -58, 92, -2, -90, -87, 0, 263, -63, -92, -73, 
-78, -131, -53, 104, -12, -92, -78, -4, 263, -68, -97, -73, 
-78, -136, -58, 107, -9, -97, -73, -9, 263, -68, -97, -73, 
-53, -126, -73, 90, 9, -100, -73, -14, 263, -63, -92, -73, 
-43, -112, -68, 78, 12, -90, -63, -14, 273, -53, -87, -63, 
-53, -112, -58, 82, 2, -85, -68, -14, 273, -53, -82, -63, 
-63, -122, -58, 92, -2, -90, -78, -14, 268, -58, -82, -63, 
-53, -107, -53, 80, 0, -80, -82, -9, 263, -58, -78, -63, 
-39, -82, -43, 61, 2, -63, -73, -14, 278, -43, -63, -58, 
-29, -78, -48, 53, 9, -63, -63, -14, 283, -43, -63, -53, 
-43, -73, -29, 58, -7, -51, -48, -19, 287, -43, -63, -48, 
-58, -82, -24, 70, -17, -53, -48, -24, 297, -48, -63, -48, 
-63, -87, -24, 75, -19, -56, -39, -19, 297, -58, -68, -63, 
-53, -82, -29, 68, -12, -56, -19, -19, 297, -53, -73, -63, 
-58, -87, -29, 73, -14, -58, -9, -19, 297, -53, -78, -68, 
-73, -97, -24, 85, -24, -61, 0, -19, 297, -58, -82, -73, 
-112, -112, 0, 112, -56, -56, 9, -29, 302, -58, -82, -68, 
-112, -117, -4, 114, -53, -61, 9, -34, 302, -58, -82, -68, 
-102, -112, -9, 107, -46, -61, 9, -39, 302, -48, -82, -68, 
-102, -112, -9, 107, -46, -61, 9, -39, 302, -48, -78, -63, 
-126, -122, 4, 124, -65, -58, 4, -43, 302, -48, -87, -73, 
-151, -126, 24, 139, -87, -51, 0, -53, 302, -48, -87, -73, 
-156, -136, 19, 146, -87, -58, -4, -63, 302, -58, -92, -78, 
-141, -126, 14, 134, -78, -56, -24, -68, 302, -58, -92, -78, 
-151, -126, 24, 139, -87, -51, -48, -73, 307, -63, -97, -87, 
-165, -126, 39, 146, -102, -43, -58, -73, 307, -63, -97, -87, 
-175, -131, 43, 153, -109, -43, -68, -73, 307, -63, -97, -87, 
-185, -131, 53, 158, -119, -39, -78, -73, 302, -63, -97, -87, 
-151, -117, 34, 134, -92, -41, -102, -73, 297, -63, -97, -82, 
-146, -112, 34, 129, -90, -39, -136, -63, 292, -53, -97, -78, 
-161, -112, 48, 136, -104, -31, -151, -78, 287, -53, -97, -73, 
-165, -117, 48, 141, -107, -34, -156, -82, 283, -58, -97, -68, 
-146, -112, 34, 129, -90, -39, -156, -92, 273, -58, -87, -58, 
-112, -97, 14, 104, -63, -41, -165, -87, 273, -58, -87, -58, 
-102, -92, 9, 97, -56, -41, -175, -87, 268, -63, -87, -63, 
-97, -102, -4, 100, -46, -53, -190, -87, 258, -68, -92, -63, 
-126, -141, -14, 134, -56, -78, -209, -82, 258, -87, -126, -102, 
-92, -131, -39, 112, -26, -85, -209, -73, 263, -78, -117, -102, 
-29, -102, -73, 65, 21, -87, -219, -63, 268, -48, -87, -78, 
24, -82, -107, 29, 65, -95, -253, -48, 258, -14, -58, -53, 
29, -73, -102, 21, 65, -87, -287, -29, 253, 24, -29, -24, 
53, -63, -117, 4, 85, -90, -317, -24, 258, 68, 24, 9, 
146, 0, -146, -73, 146, -73, -361, -34, 268, 122, 82, 58, 
287, 102, -185, -195, 236, -41, -419, -43, 273, 190, 161, 136, 
414, 195, -219, -305, 317, -12, -463, -43, 283, 234, 229, 200, 
483, 229, -253, -356, 368, -12, -522, -73, 244, 224, 244, 219, 
566, 248, -317, -407, 441, -34, -610, -156, 151, 161, 239, 224, 
727, 287, -439, -507, 583, -75, -712, -258, 48, 107, 229, 234, 
897, 331, -566, -614, 732, -117, -810, -356, -58, 29, 224, 263, 
995, 361, -634, -678, 814, -136, -893, -439, -161, -48, 195, 278, 
1034, 366, -668, -700, 851, -151, -966, -536, -253, -136, 165, 283, 
1049, 385, -663, -717, 856, -139, -1029, -639, -331, -209, 131, 283, 
1078, 419, -658, -749, 868, -119, -1068, -732, -385, -258, 117, 283, 
1078, 439, -639, -758, 858, -100, -1083, -829, -444, -351, 68, 268, 
1000, 395, -605, -697, 802, -104, -1083, -941, -541, -502, -43, 195, 
839, 317, -522, -578, 680, -102, -1049, -1034, -614, -668, -180, 102, 
658, 253, -405, -456, 531, -75, -971, -1112, -624, -766, -278, 43, 
507, 253, -253, -380, 380, 0, -868, -1166, -585, -790, -297, 34, 
409, 253, -156, -331, 283, 48, -746, -1122, -522, -761, -302, 48, 
341, 234, -107, -287, 224, 63, -658, -1019, -473, -727, -302, 48, 
258, 170, -87, -214, 173, 41, -610, -912, -448, -707, -317, 14, 
180, 92, -87, -136, 134, 2, -575, -795, -414, -688, -341, -24, 
165, 48, -117, -107, 141, -34, -556, -702, -370, -644, -351, -53, 
185, 29, -156, -107, 170, -63, -556, -629, -326, -600, -351, -73, 
165, 29, -136, -97, 151, -53, -546, -551, -278, -551, -322, -78, 
92, 9, -82, -51, 87, -36, -517, -473, -219, -502, -307, -78, 
53, -19, -73, -17, 63, -46, -483, -414, -170, -463, -292, -87, 
58, -34, -92, -12, 75, -63, -434, -361, -107, -409, -283, -92, 
53, -43, -97, -4, 75, -70, -380, -283, -39, -341, -248, -92, 
24, -73, -97, 24, 61, -85, -331, -234, 29, -273, -209, -87, 
-48, -112, -63, 80, 7, -87, -268, -200, 97, -224, -190, -87, 
-107, -141, -34, 124, -36, -87, -214, -165, 141, -180, -165, -87, 
-97, -141, -43, 119, -26, -92, -170, -151, 175, -141, -146, -78, 
-53, -117, -63, 85, 4, -90, -146, -136, 195, -117, -131, -68, 
-43, -107, -63, 75, 9, -85, -131, -112, 214, -107, -122, -73, 
-87, -136, -48, 112, -19, -92, -117, -117, 224, -117, -131, -82, 
-107, -136, -29, 122, -39, -82, -112, -112, 234, -117, -136, -87, 
-112, -136, -24, 124, -43, -80, -126, -107, 248, -117, -136, -87, 
-107, -126, -19, 117, -43, -73, -122, -107, 263, -107, -136, -87, 
-102, -151, -48, 126, -26, -100, -112, -107, 258, -102, -141, -92, 
-136, -161, -24, 148, -56, -92, -102, -112, 258, -102, -151, -107, 
-161, -180, -19, 170, -70, -100, -97, -122, 258, -107, -161, -117, 
-165, -180, -14, 173, -75, -97, -92, -122, 253, -117, -165, -126, 
-146, -165, -19, 156, -63, -92, -68, -122, 268, -112, -151, -122, 
-146, -156, -9, 151, -68, -82, -58, -117, 273, -97, -136, -107, 
-165, -151, 14, 158, -90, -68, -48, -112, 283, -102, -131, -102, 
-170, -146, 24, 158, -97, -61, -43, -107, 292, -97, -131, -92, 
-185, -146, 39, 165, -112, -53, -34, -102, 302, -107, -136, -102, 
-170, -136, 34, 153, -102, -51, -24, -92, 307, -97, -141, -102, 
-175, -136, 39, 156, -107, -48, -14, -82, 317, -92, -146, -102, 
-200, -156, 43, 178, -122, -56, 0, -78, 322, -92, -156, -112, 
-244, -170, 73, 207, -158, -48, 24, -87, 326, -87, -175, -131, 
-248, -180, 68, 214, -158, -56, 43, -87, 322, -87, -175, -131, 
-248, -190, 58, 219, -153, -65, 53, -87, 322, -87, -165, -126, 
-253, -195, 58, 224, -156, -68, 63, -82, 317, -92, -165, -122, 
-287, -185, 102, 236, -195, -41, 58, -102, 331, -102, -156, -131, 
-312, -195, 117, 253, -214, -39, 43, -112, 336, -107, -156, -131, 
-302, -195, 107, 248, -204, -43, 34, -122, 341, -112, -165, -136, 
-287, -190, 97, 239, -192, -46, 24, -126, 341, -112, -165, -136, 
-292, -195, 97, 244, -195, -48, 4, -141, 331, -122, -175, -131, 
-317, -214, 102, 265, -209, -56, -9, -146, 326, -126, -180, -136, 
-341, -229, 112, 285, -226, -58, -39, -151, 317, -136, -190, -146, 
-346, -234, 112, 290, -229, -61, -63, -156, 302, -141, -195, -146, 
-322, -229, 92, 275, -207, -68, -63, -165, 292, -131, -190, -131, 
-297, -214, 82, 256, -190, -65, -68, -156, 297, -136, -185, -126, 
-302, -209, 92, 256, -197, -58, -82, -151, 297, -136, -185, -126, 
-312, -204, 107, 258, -209, -48, -92, -146, 297, -136, -185, -126, 
-292, -200, 92, 246, -192, -53, -107, -156, 287, -136, -185, -136, 
-258, -190, 68, 224, -163, -61, -112, -161, 287, -131, -185, -136, 
-248, -185, 63, 217, -156, -61, -117, -165, 287, -131, -185, -136, 
-263, -180, 82, 222, -173, -48, -117, -175, 297, -131, -185, -136, 
-258, -200, 58, 229, -158, -70, -122, -185, 292, -131, -195, -146, 
-258, -200, 58, 229, -158, -70, -126, -185, 287, -131, -195, -146, 
-253, -190, 63, 222, -158, -63, -126, -180, 287, -131, -195, -146, 
-244, -180, 63, 212, -153, -58, -131, -175, 283, -131, -190, -141, 
-268, -195, 73, 231, -170, -61, -146, -165, 273, -136, -180, -141, 
-268, -200, 68, 234, -168, -65, -151, -165, 278, -141, -185, -151, 
-268, -200, 68, 234, -168, -65, -156, -165, 283, -141, -185, -151, 
-248, -185, 63, 217, -156, -61, -146, -161, 287, -131, -185, -146, 
-234, -185, 48, 209, -141, -68, -136, -151, 283, -131, -190, -156, 
-244, -204, 39, 224, -141, -82, -136, -146, 283, -136, -195, -156, 
-258, -204, 53, 231, -156, -75, -131, -146, 283, -141, -204, -156, 
-253, -204, 48, 229, -151, -78, -126, -141, 292, -146, -209, -156, 
-244, -195, 48, 219, -146, -73, -112, -131, 283, -136, -195, -141, 
-244, -190, 53, 217, -148, -68, -102, -117, 287, -126, -185, -131, 
-248, -190, 58, 219, -153, -65, -97, -107, 287, -122, -180, -126, 
-268, -190, 78, 229, -173, -56, -92, -97, 287, -117, -170, -122, 
-258, -175, 82, 217, -170, -46, -87, -97, 292, -126, -175, -126, 
-234, -175, 58, 204, -146, -58, -73, -92, 302, -112, -180, -126, 
-224, -175, 48, 200, -136, -63, -68, -78, 312, -107, -185, -131, 
-234, -175, 58, 204, -146, -58, -58, -87, 322, -107, -185, -136, 
-248, -195, 53, 222, -151, -70, -43, -92, 322, -107, -185, -141, 
-239, -195, 43, 217, -141, -75, -43, -92, 317, -107, -185, -141, 
-219, -185, 34, 202, -126, -75, -29, -92, 312, -102, -180, -141, 
-209, -185, 24, 197, -117, -80, -24, -92, 312, -102, -175, -136, 
-248, -190, 58, 219, -153, -65, -34, -92, 317, -107, -165, -126, 
-248, -190, 58, 219, -153, -65, -34, -92, 317, -107, -175, -126, 
-234, -175, 58, 204, -146, -58, -34, -92, 317, -107, -175, -126, 
-214, -165, 48, 190, -131, -58, -39, -92, 326, -92, -165, -117, 
-219, -175, 43, 197, -131, -65, -34, -92, 312, -97, -175, -131, 
-258, -195, 63, 226, -161, -65, -4, -92, 326, -102, -180, -146, 
-268, -209, 58, 239, -163, -75, -19, -92, 322, -107, -190, -151, 
-273, -219, 53, 246, -163, -82, -14, -102, 312, -112, -195, -156, 
-229, -200, 29, 214, -129, -85, 0, -102, 317, -97, -175, -136, 
-224, -190, 34, 207, -129, -78, 0, -97, 322, -92, -165, -126, 
-234, -185, 48, 209, -141, -68, 4, -92, 326, -87, -161, -122, 
-239, -195, 43, 217, -141, -75, 0, -87, 326, -82, -156, -117, 
-224, -175, 48, 200, -136, -63, 4, -97, 326, -82, -156, -112, 
-200, -161, 39, 180, -119, -61, -9, -97, 331, -73, -156, -102, 
-200, -151, 48, 175, -124, -51, -29, -102, 336, -68, -146, -102, 
-209, -146, 63, 178, -136, -41, -29, -102, 341, -68, -146, -107, 
-200, -161, 39, 180, -119, -61, -19, -112, 341, -73, -156, -122, 
-195, -161, 34, 178, -114, -63, -9, -112, 341, -73, -161, -122, 
-165, -146, 19, 156, -92, -63, 0, -112, 346, -68, -156, -117, 
-165, -131, 34, 148, -100, -48, 4, -112, 346, -63, -156, -112, 
-185, -131, 53, 158, -119, -39, 9, -102, 351, -53, -146, -112, 
-190, -131, 58, 161, -124, -36, 4, -112, 356, -58, -151, -112, 
-175, -131, 43, 153, -109, -43, -4, -112, 361, -58, -151, -112, 
-146, -122, 24, 134, -85, -48, -9, -102, 361, -58, -146, -107, 
-161, -122, 39, 141, -100, -41, 4, -92, 366, -53, -131, -102, 
-185, -122, 63, 153, -124, -29, 9, -87, 375, -43, -131, -102, 
-200, -122, 78, 161, -139, -21, 19, -87, 380, -43, -131, -102, 
-195, -117, 78, 156, -136, -19, 29, -97, 390, -43, -131, -102, 
-180, -112, 68, 146, -124, -21, 43, -92, 395, -39, -122, -87, 
-190, -112, 78, 151, -134, -17, 39, -87, 390, -34, -122, -82, 
-209, -117, 92, 163, -151, -12, 34, -78, 385, -29, -117, -78, 
-219, -122, 97, 170, -158, -12, 39, -73, 385, -24, -117, -73, 
-209, -122, 87, 165, -148, -17, 24, -68, 390, -24, -117, -82, 
-175, -107, 68, 141, -122, -19, 0, -73, 390, -19, -107, -73, 
-165, -107, 58, 136, -112, -24, -14, -78, 390, -19, -107, -73, 
-180, -107, 73, 143, -126, -17, -19, -82, 390, -19, -107, -73, 
-204, -112, 92, 158, -148, -9, -48, -87, 375, -24, -122, -87, 
-195, -117, 78, 156, -136, -19, -68, -87, 370, -24, -122, -87, 
-156, -112, 43, 134, -100, -34, -82, -92, 361, -24, -112, -87, 
-141, -107, 34, 124, -87, -36, -97, -97, 351, -14, -107, -82, 
-161, -107, 53, 134, -107, -26, -112, -102, 351, -4, -97, -78, 
-165, -107, 58, 136, -112, -24, -126, -97, 351, -9, -97, -73, 
-165, -102, 63, 134, -114, -19, -141, -92, 356, -9, -97, -68, 
-136, -82, 53, 109, -95, -14, -151, -87, 356, -9, -97, -58, 
-122, -63, 58, 92, -90, -2, -156, -73, 351, -19, -97, -48, 
-117, -58, 58, 87, -87, 0, -161, -73, 351, -19, -97, -48, 
-112, -63, 48, 87, -80, -7, -156, -68, 341, -19, -102, -48, 
-97, -58, 39, 78, -68, -9, -156, -68, 351, -19, -102, -48, 
-78, -63, 14, 70, -46, -24, -161, -73, 346, -19, -102, -53, 
-53, -58, -4, 56, -24, -31, -156, -68, 341, -9, -87, -43, 
-73, -58, 14, 65, -43, -21, -161, -63, 336, -9, -97, -53, 
-87, -73, 14, 80, -51, -29, -161, -63, 336, -14, -97, -53, 
-68, -73, -4, 70, -31, -39, -165, -63, 326, -24, -107, -43, 
-43, -63, -19, 53, -12, -41, -165, -58, 331, -19, -102, -43, 
-19, -58, -39, 39, 9, -48, -165, -53, 331, -14, -97, -43, 
-34, -58, -24, 46, -4, -41, -170, -58, 331, -14, -97, -43, 
-43, -82, -39, 63, -2, -61, -165, -68, 326, -24, -97, -48, 
-43, -73, -29, 58, -7, -51, -156, -63, 326, -24, -92, -48, 
-29, -68, -39, 48, 4, -53, -146, -53, 326, -24, -87, -48, 
-14, -68, -53, 41, 19, -61, -141, -53, 322, -24, -82, -48, 
-29, -87, -58, 58, 14, -73, -131, -43, 317, -29, -92, -48, 
-43, -102, -58, 73, 7, -80, -131, -43, 312, -39, -97, -48, 
-43, -102, -58, 73, 7, -80, -126, -43, 312, -43, -97, -48, 
-24, -92, -68, 58, 21, -80, -122, -43, 307, -43, -92, -48, 
4, -73, -78, 34, 41, -75, -126, -29, 317, -29, -92, -48, 
-9, -78, -68, 43, 29, -73, -122, -29, 317, -24, -92, -48, 
-29, -82, -53, 56, 12, -68, -117, -34, 322, -19, -92, -48, 
-29, -78, -48, 53, 9, -63, -112, -34, 331, -14, -92, -48, 
-14, -73, -58, 43, 21, -65, -97, -34, 331, -24, -92, -48, 
-9, -68, -58, 39, 24, -63, -97, -24, 331, -24, -92, -48, 
-29, -63, -34, 46, 2, -48, -92, -19, 331, -29, -92, -48, 
-34, -63, -29, 48, -2, -46, -92, -19, 331, -29, -92, -48, 
-4, -73, -68, 39, 31, -70, -92, -24, 326, -39, -102, -58, 
19, -68, -87, 24, 53, -78, -92, -24, 326, -34, -102, -58, 
19, -58, -78, 19, 48, -68, -92, -24, 326, -34, -102, -58, 
-19, -68, -48, 43, 14, -58, -92, -24, 326, -34, -107, -58, 
-48, -82, -34, 65, -7, -58, -92, -34, 322, -43, -97, -48, 
-43, -82, -39, 63, -2, -61, -87, -34, 317, -39, -97, -48, 
-19, -73, -53, 46, 17, -63, -87, -29, 312, -34, -92, -43, 
-14, -73, -58, 43, 21, -65, -92, -29, 307, -34, -92, -43, 
-34, -78, -43, 56, 4, -61, -87, -19, 312, -34, -102, -34, 
-58, -87, -29, 73, -14, -58, -78, -19, 317, -34, -107, -39, 
-53, -87, -34, 70, -9, -61, -63, -24, 322, -34, -107, -39, 
-39, -82, -43, 61, 2, -63, -58, -24, 326, -34, -102, -39, 
-34, -68, -34, 51, 0, -51, -63, -14, 326, -43, -112, -53, 
-48, -87, -39, 68, -4, -63, -73, -19, 326, -43, -112, -58, 
-73, -97, -24, 85, -24, -61, -78, -24, 326, -43, -117, -63, 
-63, -102, -39, 82, -12, -70, -82, -29, 326, -48, -117, -63, 
-43, -97, -53, 70, 4, -75, -68, -24, 326, -39, -107, -58, 
-39, -92, -53, 65, 7, -73, -63, -19, 331, -39, -102, -58, 
-39, -87, -48, 63, 4, -68, -58, -14, 331, -34, -102, -58, 
-48, -87, -39, 68, -4, -63, -53, -9, 331, -34, -112, -63, 
-39, -73, -34, 56, -2, -53, -53, -9, 346, -34, -102, -58, 
-14, -58, -43, 36, 14, -51, -43, -9, 346, -34, -102, -53, 
-14, -48, -34, 31, 9, -41, -43, -9, 346, -34, -97, -48, 
-14, -39, -24, 26, 4, -31, -43, -14, 346, -34, -92, -43, 
-48, -48, 0, 48, -24, -24, -14, -4, 375, -48, -112, -43, 
-24, -58, -34, 41, 4, -46, -9, -4, 366, -39, -112, -53, 
9, -43, -53, 17, 31, -48, 0, -4, 366, -34, -112, -63, 
0, -48, -48, 24, 24, -48, 0, -19, 361, -39, -107, -68, 
-34, -63, -29, 48, -2, -46, -4, -34, 361, -48, -112, -78, 
-58, -78, -19, 68, -19, -48, -9, -39, 361, -48, -117, -78, 
-82, -92, -9, 87, -36, -51, -14, -43, 361, -48, -122, -78, 
-107, -107, 0, 107, -53, -53, -19, -48, 361, -48, -126, -78, 
-126, -92, 34, 109, -80, -29, -39, -63, 356, -43, -126, -68, 
-112, -87, 24, 100, -68, -31, -78, -63, 356, -43, -131, -68, 
-82, -73, 9, 78, -46, -31, -102, -53, 356, -43, -131, -68, 
-82, -68, 14, 75, -48, -26, -131, -53, 356, -43, -126, -63, 
-107, -58, 48, 82, -78, -4, -131, -53, 351, -34, -122, -58, 
-126, -73, 53, 100, -90, -9, -146, -53, 351, -34, -122, -53, 
-117, -73, 43, 95, -80, -14, -156, -53, 356, -34, -117, -53, 
-92, -63, 29, 78, -61, -17, -151, -48, 356, -34, -112, -48, 
-102, -68, 34, 85, -68, -17, -146, -39, 356, -24, -107, -43, 
-122, -68, 53, 95, -87, -7, -151, -39, 361, -19, -107, -43, 
-126, -73, 53, 100, -90, -9, -156, -43, 361, -14, -112, -43, 
-126, -73, 53, 100, -90, -9, -156, -43, 366, -9, -112, -43, 
-107, -63, 43, 85, -75, -9, -156, -39, 356, -9, -102, -43, 
-82, -63, 19, 73, -51, -21, -156, -29, 356, -4, -97, -39, 
-117, -63, 53, 90, -85, -4, -161, -29, 356, 4, -92, -39, 
-122, -68, 53, 95, -87, -7, -165, -39, 351, -4, -92, -39, 
-126, -82, 43, 104, -85, -19, -151, -39, 341, -19, -112, -53, 
-107, -87, 19, 97, -63, -34, -151, -39, 341, -24, -117, -58, 
-112, -92, 19, 102, -65, -36, -156, -39, 341, -29, -122, -63, 
-126, -97, 29, 112, -78, -34, -156, -39, 341, -34, -126, -68, 
-122, -82, 39, 102, -80, -21, -151, -29, 346, -24, -112, -63, 
-107, -78, 29, 92, -68, -24, -146, -29, 351, -14, -107, -58, 
-78, -63, 14, 70, -46, -24, -141, -24, 356, -4, -97, -53, 
-58, -53, 4, 56, -31, -24, -136, -19, 361, 14, -87, -43, 
-73, -43, 29, 58, -51, -7, -126, -14, 366, 4, -78, -39, 
-82, -43, 39, 63, -61, -2, -117, -9, 370, 0, -82, -34, 
-82, -43, 39, 63, -61, -2, -112, 0, 375, 0, -82, -29, 
-58, -39, 19, 48, -39, -9, -107, 9, 380, 0, -73, -19, 
-48, -39, 9, 43, -29, -14, -107, 9, 366, 0, -78, -29, 
-63, -43, 19, 53, -41, -12, -102, 4, 366, 0, -87, -29, 
-68, -48, 19, 58, -43, -14, -97, 4, 366, 0, -97, -34, 
-39, -48, -9, 43, -14, -29, -92, 4, 366, 0, -102, -34, 
-4, -48, -43, 26, 19, -46, -97, 4, 361, -4, -102, -39, 
-4, -48, -43, 26, 19, -46, -92, 9, 356, 0, -97, -39, 
-24, -48, -24, 36, 0, -36, -87, 9, 351, 0, -97, -43, 
-34, -68, -34, 51, 0, -51, -92, 9, 346, -4, -97, -48, 
-53, -63, -9, 58, -21, -36, -78, 19, 356, 4, -97, -48, 
-43, -68, -24, 56, -9, -46, -63, 19, 366, 4, -92, -48, 
-53, -68, -14, 61, -19, -41, -58, 19, 366, 4, -87, -43, 
-78, -73, 4, 75, -41, -34, -53, 19, 361, 4, -87, -43, 
-73, -58, 14, 65, -43, -21, -53, 24, 361, 4, -82, -43, 
-43, -53, -9, 48, -17, -31, -58, 19, 361, 4, -82, -39, 
-9, -39, -29, 24, 9, -34, -73, 19, 361, 4, -82, -34, 
4, -34, -39, 14, 21, -36, -87, 24, 361, 4, -82, -29, 
-4, -29, -24, 17, 9, -26, -73, 34, 370, 4, -82, -19, 
-19, -34, -14, 26, -2, -24, -58, 34, 370, 0, -87, -14, 
-19, -34, -14, 26, -2, -24, -48, 34, 370, 0, -87, -9, 
4, -19, -24, 7, 14, -21, -43, 34, 370, 4, -82, -4, 
-4, -24, -19, 14, 7, -21, -29, 39, 380, 4, -87, -24, 
-14, -34, -19, 24, 2, -26, -29, 34, 380, 4, -92, -34, 
-24, -53, -29, 39, 2, -41, -34, 29, 375, 0, -102, -43, 
-14, -48, -34, 31, 9, -41, -34, 29, 370, 0, -107, -53, 
4, -39, -43, 17, 24, -41, -24, 39, 380, 14, -92, -48, 
19, -39, -58, 9, 39, -48, -24, 43, 380, 14, -92, -43, 
9, -39, -48, 14, 29, -43, -19, 43, 380, 14, -92, -39, 
0, -53, -53, 26, 26, -53, -29, 43, 385, 9, -92, -39, 
-19, -63, -43, 41, 12, -53, -14, 39, 395, 9, -82, -39, 
-14, -53, -39, 34, 12, -46, 0, 39, 395, 14, -82, -34, 
-24, -53, -29, 39, 2, -41, 4, 39, 395, 14, -82, -34, 
-43, -58, -14, 51, -14, -36, 9, 39, 395, 9, -82, -34, 
-63, -78, -14, 70, -24, -46, 4, 34, 385, -4, -107, -48, 
-53, -87, -34, 70, -9, -61, 0, 34, 380, -9, -112, -58, 
-34, -87, -53, 61, 9, -70, -4, 34, 375, -4, -117, -68, 
-24, -92, -68, 58, 21, -80, -9, 39, 370, -9, -117, -73, 
-24, -87, -63, 56, 19, -75, -9, 34, 375, -9, -107, -58, 
-43, -87, -43, 65, 0, -65, -9, 24, 380, -9, -107, -53, 
-43, -92, -48, 68, 2, -70, -9, 14, 385, -19, -112, -53, 
-24, -78, -53, 51, 14, -65, -24, 9, 390, -19, -112, -48, 
-34, -73, -39, 53, 2, -56, -53, 0, 380, -4, -97, -48, 
-39, -68, -29, 53, -4, -48, -68, -4, 375, -4, -97, -48, 
-39, -68, -29, 53, -4, -48, -82, -9, 370, -4, -97, -48, 
-39, -63, -24, 51, -7, -43, -97, -14, 361, -4, -97, -48, 
4, -68, -73, 31, 39, -70, -126, -14, 351, -19, -102, -58, 
9, -63, -73, 26, 41, -68, -165, -4, 341, -14, -107, -58, 
-4, -63, -58, 34, 26, -61, -185, -19, 331, -19, -112, -58, 
-9, -68, -58, 39, 24, -63, -195, -24, 322, -29, -117, -58, 
-4, -68, -63, 36, 29, -65, -204, -29, 317, -34, -117, -58, 
14, -58, -73, 21, 43, -65, -214, -29, 312, -39, -117, -58, 
9, -58, -68, 24, 39, -63, -224, -34, 302, -48, -117, -63, 
0, -73, -73, 36, 36, -73, -239, -39, 287, -58, -122, -63, 
97, -34, -131, -31, 114, -82, -239, -14, 297, -19, -87, -43, 
92, -43, -136, -24, 114, -90, -248, -4, 283, -9, -78, -34, 
97, -53, -151, -21, 124, -102, -287, 4, 278, -19, -78, -29, 
170, -24, -195, -73, 183, -109, -331, 19, 278, 4, -58, -14, 
263, 34, -229, -148, 246, -97, -346, 48, 302, 73, 0, 34, 
326, 112, -214, -219, 270, -51, -375, 53, 336, 156, 63, 87, 
331, 165, -165, -248, 248, 0, -390, 43, 366, 219, 122, 126, 
346, 190, -156, -268, 251, 17, -409, 43, 380, 258, 170, 156, 
453, 224, -229, -339, 341, -2, -444, 43, 361, 273, 209, 190, 
649, 297, -351, -473, 500, -26, -522, 4, 292, 273, 263, 248, 
800, 366, -434, -583, 617, -34, -639, -78, 190, 258, 307, 312, 
863, 405, -458, -634, 661, -26, -732, -200, 97, 204, 317, 351, 
917, 439, -478, -678, 697, -19, -810, -297, 29, 136, 302, 380, 
1005, 527, -478, -766, 741, 24, -873, -380, -14, 78, 292, 414, 
1073, 600, -473, -836, 773, 63, -927, -458, -78, 19, 292, 448, 
1058, 629, -429, -844, 744, 100, -961, -551, -136, -43, 268, 448, 
932, 605, -326, -768, 629, 139, -980, -663, -180, -141, 195, 409, 
785, 546, -239, -666, 512, 153, -976, -819, -258, -302, 68, 326, 
697, 473, -224, -585, 461, 124, -946, -951, -346, -463, -73, 234, 
595, 463, -131, -529, 363, 165, -873, -1015, -380, -551, -151, 200, 
444, 448, 4, -446, 219, 226, -766, -1054, -351, -580, -170, 200, 
263, 390, 126, -326, 68, 258, -683, -1058, -331, -614, -209, 170, 
146, 292, 146, -219, 0, 219, -610, -1005, -326, -653, -273, 117, 
126, 234, 107, -180, 9, 170, -531, -873, -307, -649, -312, 68, 
141, 200, 58, -170, 41, 129, -483, -727, -273, -619, -326, 34, 
112, 161, 48, -136, 31, 104, -468, -610, -248, -590, -341, 4, 
39, 117, 78, -78, -19, 97, -458, -527, -214, -556, -341, -34, 
-19, 68, 87, -24, -53, 78, -429, -463, -161, -531, -341, -63, 
0, 48, 48, -24, -24, 48, -409, -395, -102, -483, -322, -78, 
43, 48, 4, -46, 19, 26, -370, -307, -43, -395, -278, -58, 
43, 48, 4, -46, 19, 26, -326, -200, 24, -307, -234, -39, 
-19, 24, 43, -2, -31, 34, -278, -126, 107, -234, -204, -34, 
-92, -34, 58, 63, -75, 12, -244, -87, 175, -204, -200, -53, 
-112, -63, 48, 87, -80, -7, -204, -58, 224, -165, -190, -68, 
-78, -43, 34, 61, -56, -4, -161, -34, 273, -117, -161, -58, 
-68, -34, 34, 51, -51, 0, -117, -19, 307, -82, -136, -58, 
-126, -43, 82, 85, -104, 19, -82, -24, 322, -73, -126, -58, 
-161, -78, 82, 119, -122, 2, -68, -48, 341, -87, -141, -78, 
-131, -87, 43, 109, -87, -21, -53, -53, 341, -97, -151, -92, 
-146, -97, 48, 122, -97, -24, -43, -34, 351, -87, -146, -87, 
-146, -97, 48, 122, -97, -24, -43, -24, 351, -78, -146, -87, 
-131, -97, 34, 114, -82, -31, -63, -14, 356, -68, -141, -82, 
-107, -87, 19, 97, -63, -34, -63, -9, 361, -48, -136, -78, 
-97, -92, 4, 95, -51, -43, -53, 0, 375, -43, -131, -73, 
-126, -92, 34, 109, -80, -29, -43, -4, 375, -43, -131, -78, 
-146, -102, 43, 124, -95, -29, -39, -14, 375, -48, -131, -78, 
-146, -92, 53, 119, -100, -19, -34, -14, 370, -58, -126, -78, 
-126, -87, 39, 107, -82, -24, -14, -14, 366, -68, -136, -82, 
-126, -87, 39, 107, -82, -24, -9, -9, 361, -58, -126, -78, 
-146, -92, 53, 119, -100, -19, -4, -4, 361, -68, -126, -82, 
-151, -97, 53, 124, -102, -21, -4, 0, 361, -68, -131, -82, 
-161, -112, 48, 136, -104, -31, 0, -9, 366, -78, -141, -87, 
-141, -107, 34, 124, -87, -36, -4, -4, 366, -68, -141, -92, 
-141, -112, 29, 126, -85, -41, -9, 0, 370, -63, -141, -97, 
-161, -136, 24, 148, -92, -56, -9, 0, 370, -63, -146, -112, 
-190, -126, 63, 158, -126, -31, -14, -14, 370, -68, -151, -117, 
-180, -122, 58, 151, -119, -31, -4, -19, 361, -68, -146, -112, 
-165, -117, 48, 141, -107, -34, -4, -24, 356, -68, -131, -102, 
-156, -107, 48, 131, -102, -29, -4, -24, 346, -73, -126, -92, 
-170, -97, 73, 134, -122, -12, -24, -43, 336, -73, -131, -102, 
-185, -107, 78, 146, -131, -14, -53, -53, 336, -78, -136, -102, 
-165, -107, 58, 136, -112, -24, -78, -63, 336, -82, -151, -107, 
-141, -102, 39, 122, -90, -31, -102, -68, 331, -82, -156, -107, 
-131, -102, 29, 117, -80, -36, -122, -73, 317, -92, -170, -112, 
-151, -117, 34, 134, -92, -41, -136, -78, 317, -97, -170, -117, 
-170, -126, 43, 148, -107, -41, -165, -82, 312, -107, -175, -126, 
-170, -126, 43, 148, -107, -41, -190, -87, 302, -112, -175, -126, 
-151, -136, 14, 143, -82, -61, -190, -92, 297, -112, -170, -131, 
-131, -126, 4, 129, -68, -61, -185, -87, 297, -117, -165, -126, 
-141, -126, 14, 134, -78, -56, -190, -87, 292, -117, -165, -126, 
-156, -126, 29, 141, -92, -48, -190, -87, 287, -117, -165, -126, 
-156, -126, 29, 141, -92, -48, -204, -87, 297, -107, -165, -117, 
-131, -122, 9, 126, -70, -56, -200, -82, 297, -102, -165, -117, 
-131, -122, 9, 126, -70, -56, -195, -78, 297, -102, -165, -117, 
-156, -122, 34, 139, -95, -43, -185, -78, 307, -102, -165, -117, 
-151, -136, 14, 143, -82, -61, -185, -82, 297, -112, -170, -117, 
-151, -131, 19, 141, -85, -56, -185, -87, 297, -112, -165, -117, 
-146, -117, 29, 131, -87, -43, -180, -87, 302, -112, -161, -117, 
-136, -102, 34, 119, -85, -34, -180, -87, 302, -112, -151, -112, 
-151, -126, 24, 139, -87, -51, -190, -68, 292, -107, -161, -122, 
-151, -131, 19, 141, -85, -56, -190, -68, 297, -112, -165, -131, 
-151, -131, 19, 141, -85, -56, -190, -68, 302, -112, -165, -131, 
-131, -117, 14, 124, -73, -51, -175, -63, 307, -102, -165, -126, 
-117, -102, 14, 109, -65, -43, -165, -48, 317, -87, -156, -126, 
-126, -117, 9, 122, -68, -53, -156, -39, 322, -87, -156, -126, 
-141, -112, 29, 126, -85, -41, -141, -34, 326, -87, -161, -126, 
-136, -107, 29, 122, -82, -39, -126, -24, 341, -87, -161, -126, 
-136, -112, 24, 124, -80, -43, -117, -19, 331, -92, -161, -126, 
-146, -112, 34, 129, -90, -39, -102, -9, 336, -87, -156, -122, 
-161, -117, 43, 139, -102, -36, -92, -4, 336, -87, -156, -122, 
-190, -122, 68, 156, -129, -26, -82, 0, 336, -87, -151, -122, 
-195, -122, 73, 158, -134, -24, -82, -9, 346, -97, -151, -122, 
-185, -126, 58, 156, -122, -34, -73, -4, 351, -82, -151, -117, 
-190, -131, 58, 161, -124, -36, -73, 9, 356, -78, -151, -117, 
-214, -136, 78, 175, -146, -29, -68, 0, 361, -78, -146, -117, 
-248, -136, 112, 192, -180, -12, -58, 4, 361, -82, -151, -131, 
-239, -136, 102, 187, -170, -17, -53, 4, 356, -87, -156, -131, 
-219, -126, 92, 173, -156, -17, -34, 4, 351, -87, -156, -131, 
-209, -126, 82, 168, -146, -21, -24, 4, 351, -92, -156, -126, 
-224, -141, 82, 183, -153, -29, -24, -4, 366, -92, -146, -117, 
-219, -141, 78, 180, -148, -31, -24, -4, 366, -87, -156, -117, 
-200, -126, 73, 163, -136, -26, -24, -4, 366, -82, -156, -117, 
-175, -117, 58, 146, -117, -29, -29, -4, 375, -63, -146, -107, 
-165, -112, 53, 139, -109, -29, -29, -4, 375, -73, -131, -107, 
-200, -117, 82, 158, -141, -17, -4, -4, 395, -73, -131, -117, 
-204, -117, 87, 161, -146, -14, -24, -4, 395, -73, -136, -117, 
-204, -112, 92, 158, -148, -9, -24, -14, 390, -73, -136, -117, 
-180, -107, 73, 143, -126, -17, -19, -24, 380, -63, -141, -112, 
-185, -102, 82, 143, -134, -9, -19, -29, 380, -63, -136, -107, 
-204, -102, 102, 153, -153, 0, -14, -34, 380, -63, -136, -107, 
-219, -117, 102, 168, -161, -7, -19, -39, 375, -63, -136, -107, 
-195, -102, 92, 148, -143, -4, -14, -43, 385, -63, -126, -92, 
-170, -92, 78, 131, -124, -7, -29, -39, 390, -53, -126, -82, 
-170, -87, 82, 129, -126, -2, -48, -39, 395, -48, -117, -82, 
-180, -87, 92, 134, -136, 2, -48, -34, 400, -48, -117, -87, 
-195, -92, 102, 143, -148, 4, -43, -34, 390, -63, -122, -102, 
-195, -92, 102, 143, -148, 4, -39, -34, 390, -63, -122, -102, 
-170, -78, 92, 124, -131, 7, -34, -34, 395, -58, -112, -97, 
-175, -63, 112, 119, -143, 24, -34, -34, 395, -53, -107, -92, 
-175, -82, 92, 129, -134, 4, -39, -43, 375, -53, -117, -92, 
-170, -82, 87, 126, -129, 2, -43, -53, 375, -58, -122, -92, 
-146, -82, 63, 114, -104, -9, -53, -53, 375, -58, -122, -92, 
-107, -73, 34, 90, -70, -19, -58, -43, 370, -58, -117, -87, 
-117, -63, 53, 90, -85, -4, -78, -58, 370, -53, -102, -73, 
-136, -63, 73, 100, -104, 4, -87, -58, 375, -43, -102, -73, 
-146, -63, 82, 104, -114, 9, -92, -63, 375, -43, -102, -73, 
-136, -58, 78, 97, -107, 9, -97, -78, 380, -43, -102, -73, 
-97, -48, 48, 73, -73, 0, -122, -82, 370, -48, -102, -73, 
-92, -43, 48, 68, -70, 2, -156, -87, 351, -53, -102, -73, 
-97, -43, 53, 70, -75, 4, -190, -87, 331, -58, -97, -73, 
-92, -43, 48, 68, -70, 2, -214, -92, 317, -63, -97, -73, 
-92, -48, 43, 70, -68, -2, -219, -73, 322, -63, -97, -73, 
-58, -39, 19, 48, -39, -9, -244, -73, 322, -58, -87, -63, 
-48, -43, 4, 46, -26, -19, -258, -73, 322, -58, -87, -63, 
-63, -48, 14, 56, -39, -17, -263, -73, 322, -58, -87, -63, 
0, 0, 0, 0, 0, 0, -239, -53, 331, -34, -63, -48, 
-29, 0, 29, 14, -29, 14, -234, -39, 331, -34, -73, -48, 
-78, -29, 48, 53, -63, 9, -234, -48, 336, -53, -82, -68, 
-43, -29, 14, 36, -29, -7, -244, -58, 331, -53, -87, -73, 
29, -9, -39, -9, 34, -24, -253, -58, 322, -39, -78, -58, 
14, -19, -34, 2, 24, -26, -263, -48, 331, -39, -68, -48, 
9, -19, -29, 4, 19, -24, -263, -48, 331, -39, -68, -48, 
4, -19, -24, 7, 14, -21, -263, -48, 331, -39, -68, -48, 
0, -19, -19, 9, 9, -19, -263, -48, 331, -39, -68, -48, 
-14, -9, 4, 12, -9, -2, -248, -39, 336, -34, -58, -48, 
-4, -9, -4, 7, 0, -7, -253, -34, 336, -34, -63, -48, 
19, 0, -19, -9, 19, -9, -244, -19, 336, -34, -63, -48, 
14, 0, -14, -7, 14, -7, -239, -14, 336, -34, -58, -43, 
-4, 9, 14, -2, -9, 12, -209, -9, 346, -24, -53, -34, 
-19, -4, 14, 12, -17, 4, -204, -4, 351, -24, -53, -34, 
-4, -4, 0, 4, -2, -2, -195, 0, 361, -24, -48, -39, 
24, 4, -19, -14, 21, -7, -170, 9, 366, -24, -43, -39, 
24, 19, -4, -21, 14, 7, -146, 29, 370, -9, -39, -34, 
4, 19, 14, -12, -4, 17, -141, 39, 380, -9, -39, -34, 
0, 14, 14, -7, -7, 14, -136, 43, 385, -9, -43, -34, 
0, 14, 14, -7, -7, 14, -126, 53, 395, -9, -43, -34, 
9, 19, 9, -14, 0, 14, -102, 63, 405, -19, -53, -43, 
24, 14, -9, -19, 17, 2, -87, 78, 405, -14, -48, -39, 
-19, 9, 29, 4, -24, 19, -78, 82, 405, -4, -43, -39, 
-34, 0, 34, 17, -34, 17, -68, 78, 400, -14, -43, -39, 
-19, 0, 19, 9, -19, 9, -68, 73, 390, -24, -48, -48, 
9, 0, -9, -4, 9, -4, -73, 68, 390, -24, -48, -48, 
14, 0, -14, -7, 14, -7, -82, 63, 390, -24, -48, -48, 
9, 0, -9, -4, 9, -4, -87, 58, 390, -24, -48, -48, 
-9, -9, 0, 9, -4, -4, -73, 58, 390, -14, -48, -48, 
-9, -9, 0, 9, -4, -4, -68, 58, 390, -14, -48, -48, 
4, 0, -4, -2, 4, -2, -63, 63, 390, -14, -43, -48, 
9, 4, -4, -7, 7, 0, -58, 68, 390, -4, -39, -43, 
-4, 4, 9, 0, -7, 7, -43, 68, 395, -14, -48, -53, 
-14, 4, 19, 4, -17, 12, -39, 68, 400, -19, -53, -53, 
-14, 4, 19, 4, -17, 12, -39, 73, 405, -19, -53, -53, 
9, 9, 0, -9, 4, 4, -39, 78, 409, -19, -43, -48, 
0, 19, 19, -9, -9, 19, -34, 78, 409, -9, -39, -39, 
-24, 14, 39, 4, -31, 26, -34, 73, 414, -9, -39, -39, 
-39, 9, 48, 14, -43, 29, -34, 73, 419, -9, -39, -43, 
-19, 9, 29, 4, -24, 19, -34, 73, 424, -9, -34, -43, 
-14, 9, 24, 2, -19, 17, -24, 92, 429, 4, -34, -34, 
-24, 9, 34, 7, -29, 21, -14, 97, 434, 9, -29, -29, 
-53, 9, 63, 21, -58, 36, -4, 97, 439, 9, -29, -29, 
-73, -9, 63, 41, -68, 26, -4, 97, 444, 4, -29, -29, 
-63, 0, 63, 31, -63, 31, -19, 87, 439, -4, -39, -39, 
-43, 0, 43, 21, -43, 21, -14, 87, 444, -4, -34, -39, 
-43, 4, 48, 19, -46, 26, -19, 87, 439, -4, -29, -34, 
-58, 4, 63, 26, -61, 34, -24, 87, 429, -4, -29, -34, 
-58, 4, 63, 26, -61, 34, -9, 92, 419, 4, -34, -29, 
-43, 4, 48, 19, -46, 26, -9, 87, 419, 4, -34, -29, 
-24, 14, 39, 4, -31, 26, -19, 87, 419, 4, -34, -29, 
-24, 14, 39, 4, -31, 26, -29, 92, 419, 4, -34, -29, 
-43, 4, 48, 19, -46, 26, -24, 78, 414, -9, -43, -29, 
-58, -4, 53, 31, -56, 24, -19, 73, 409, -19, -48, -34, 
-58, -9, 48, 34, -53, 19, -19, 68, 405, -24, -48, -39, 
-34, 0, 34, 17, -34, 17, -24, 63, 400, -24, -43, -43, 
-39, -14, 24, 26, -31, 4, -48, 48, 385, -39, -48, -48, 
-53, -24, 29, 39, -41, 2, -78, 34, 370, -43, -53, -53, 
-68, -43, 24, 56, -46, -9, -112, 19, 351, -53, -63, -58, 
-63, -39, 24, 51, -43, -7, -141, 9, 331, -58, -68, -63, 
-58, -19, 39, 39, -48, 9, -175, 4, 326, -53, -73, -53, 
-48, -19, 29, 34, -39, 4, -200, 4, 322, -53, -73, -53, 
-63, -19, 43, 41, -53, 12, -219, 0, 317, -53, -73, -53, 
-78, -34, 43, 56, -61, 4, -253, -4, 317, -58, -73, -58, 
-58, -24, 34, 41, -46, 4, -268, -9, 312, -58, -63, -58, 
-34, -14, 19, 24, -26, 2, -263, -9, 307, -53, -63, -53, 
-24, -14, 9, 19, -17, -2, -268, -9, 302, -53, -63, -53, 
-24, -19, 4, 21, -14, -7, -273, -9, 297, -58, -63, -53, 
-29, -24, 4, 26, -17, -9, -283, -9, 292, -63, -68, -53, 
-14, -19, -4, 17, -4, -12, -283, -4, 292, -58, -63, -48, 
9, -4, -14, -2, 12, -9, -283, 0, 292, -43, -58, -43, 
24, 4, -19, -14, 21, -7, -283, 9, 292, -39, -48, -34, 
19, 4, -14, -12, 17, -4, -292, 0, 292, -48, -58, -43, 
4, 0, -4, -2, 4, -2, -292, -4, 292, -48, -58, -43, 
9, -9, -19, 0, 14, -14, -292, -9, 292, -58, -63, -48, 
34, 0, -34, -17, 34, -17, -307, -9, 292, -58, -63, -48, 
43, -9, -53, -17, 48, -31, -297, -4, 297, -53, -58, -48, 
39, -9, -48, -14, 43, -29, -292, -4, 297, -53, -58, -48, 
39, -14, -53, -12, 46, -34, -287, -4, 297, -53, -58, -48, 
39, -14, -53, -12, 46, -34, -283, -4, 292, -53, -58, -48, 
58, -19, -78, -19, 68, -48, -268, 9, 292, -53, -58, -39, 
48, -14, -63, -17, 56, -39, -283, 24, 292, -43, -58, -39, 
19, -14, -34, -2, 26, -24, -278, 14, 292, -43, -58, -39, 
0, -19, -19, 9, 9, -19, -263, 14, 292, -48, -58, -39, 
34, -9, -43, -12, 39, -26, -244, 14, 307, -39, -48, -39, 
73, 9, -63, -41, 68, -26, -244, 19, 312, -39, -48, -39, 
87, 19, -68, -53, 78, -24, -244, 19, 312, -43, -48, -43, 
97, 14, -82, -56, 90, -34, -248, 19, 307, -48, -53, -43, 
165, 43, -122, -104, 143, -39, -239, 34, 317, -29, -39, -34, 
180, 43, -136, -112, 158, -46, -229, 82, 322, -9, -29, -24, 
136, 24, -112, -80, 124, -43, -229, 102, 336, 9, -19, -19, 
102, 14, -87, -58, 95, -36, -244, 107, 326, 14, -19, -24, 
165, 34, -131, -100, 148, -48, -248, 107, 331, 34, 0, -14, 
278, 102, -175, -190, 226, -36, -258, 131, 356, 87, 43, 19, 
361, 156, -204, -258, 283, -24, -283, 151, 375, 151, 122, 78, 
375, 200, -175, -287, 275, 12, -331, 131, 400, 219, 200, 146, 
405, 234, -170, -319, 287, 31, -375, 102, 419, 263, 258, 200, 
502, 297, -204, -400, 353, 46, -405, 82, 409, 292, 292, 239, 
644, 346, -297, -495, 470, 24, -453, 39, 346, 278, 317, 273, 
746, 375, -370, -561, 558, 2, -536, -53, 253, 224, 317, 292, 
800, 390, -409, -595, 605, -9, -624, -170, 156, 146, 292, 292, 
829, 400, -429, -614, 629, -14, -707, -302, 53, 19, 244, 278, 
936, 434, -502, -685, 719, -34, -790, -419, -48, -87, 204, 273, 
1058, 492, -566, -775, 812, -36, -863, -522, -146, -161, 190, 292, 
1098, 527, -570, -812, 834, -21, -932, -624, -229, -248, 165, 302, 
1029, 497, -531, -763, 780, -17, -956, -741, -307, -351, 97, 278, 
912, 424, -488, -668, 700, -31, -946, -834, -395, -492, -4, 214, 
819, 346, -473, -583, 646, -63, -912, -917, -478, -658, -131, 131, 
736, 322, -414, -529, 575, -46, -854, -966, -517, -766, -239, 73, 
595, 331, -263, -463, 429, 34, -771, -990, -488, -780, -268, 63, 
400, 331, -68, -366, 234, 131, -668, -976, -414, -741, -253, 87, 
244, 292, 48, -268, 97, 170, -590, -922, -356, -717, -253, 78, 
209, 268, 58, -239, 75, 163, -551, -824, -312, -678, -258, 53, 
229, 258, 29, -244, 100, 143, -527, -707, -258, -629, -244, 34, 
214, 234, 19, -224, 97, 126, -497, -605, -204, -575, -244, 14, 
156, 175, 19, -165, 68, 97, -468, -531, -170, -561, -263, -24, 
97, 97, 0, -97, 48, 48, -429, -463, -131, -541, -292, -68, 
82, 58, -24, -70, 53, 17, -390, -385, -73, -502, -287, -87, 
102, 58, -43, -80, 73, 7, -346, -307, -24, -424, -253, -68, 
87, 53, -34, -70, 61, 9, -297, -224, 48, -331, -204, -53, 
4, 24, 19, -14, -7, 21, -244, -136, 136, -253, -170, -53, 
-82, -14, 68, 48, -75, 26, -195, -97, 204, -204, -151, -68, 
-87, -24, 63, 56, -75, 19, -151, -73, 263, -165, -131, -78, 
-48, -14, 34, 31, -41, 9, -97, -48, 317, -122, -107, -68, 
-39, 4, 43, 17, -41, 24, -43, -14, 361, -92, -87, -58, 
-82, -9, 73, 46, -78, 31, -19, -19, 390, -97, -82, -58, 
-131, -48, 82, 90, -107, 17, -14, -43, 390, -107, -102, -82, 
-141, -53, 87, 97, -114, 17, -24, -43, 385, -102, -102, -73, 
-136, -48, 87, 92, -112, 19, -34, -43, 380, -97, -107, -78, 
-117, -43, 73, 80, -95, 14, -63, -43, 380, -92, -107, -78, 
-87, -29, 58, 58, -73, 14, -73, -48, 380, -78, -107, -78, 
-92, -34, 58, 63, -75, 12, -102, -63, 370, -82, -92, -68, 
-126, -43, 82, 85, -104, 19, -122, -73, 366, -82, -92, -78, 
-151, -63, 87, 107, -119, 12, -146, -87, 361, -87, -92, -82, 
-156, -63, 92, 109, -124, 14, -170, -92, 351, -97, -87, -87, 
-122, -63, 58, 92, -90, -2, -175, -107, 346, -107, -97, -102, 
-117, -58, 58, 87, -87, 0, -185, -107, 341, -97, -97, -97, 
-131, -58, 73, 95, -102, 7, -195, -107, 341, -107, -107, -102, 
-131, -58, 73, 95, -102, 7, -209, -107, 341, -107, -122, -102, 
-126, -53, 73, 90, -100, 9, -219, -97, 331, -97, -107, -97, 
-102, -39, 63, 70, -82, 12, -229, -92, 326, -87, -102, -92, 
-97, -34, 63, 65, -80, 14, -239, -87, 326, -82, -97, -87, 
-112, -48, 63, 80, -87, 7, -244, -87, 322, -82, -97, -92, 
-141, -58, 82, 100, -112, 12, -244, -107, 312, -102, -117, -102, 
-131, -63, 68, 97, -100, 2, -239, -107, 302, -107, -117, -102, 
-117, -68, 48, 92, -82, -9, -244, -107, 297, -112, -107, -97, 
-107, -68, 39, 87, -73, -14, -248, -102, 287, -122, -107, -92, 
-117, -78, 39, 97, -78, -19, -234, -102, 283, -131, -112, -97, 
-126, -87, 39, 107, -82, -24, -239, -102, 278, -136, -117, -102, 
-102, -87, 14, 95, -58, -36, -239, -102, 273, -141, -131, -112, 
-73, -82, -9, 78, -31, -46, -239, -97, 263, -141, -136, -117, 
-87, -73, 14, 80, -51, -29, -229, -87, 273, -136, -131, -117, 
-112, -87, 24, 100, -68, -31, -224, -87, 278, -136, -131, -117, 
-136, -97, 39, 117, -87, -29, -234, -87, 278, -141, -136, -122, 
-141, -97, 43, 119, -92, -26, -239, -87, 273, -141, -136, -117, 
-112, -107, 4, 109, -58, -51, -214, -87, 283, -141, -136, -117, 
-92, -97, -4, 95, -43, -51, -195, -78, 287, -146, -136, -117, 
-102, -97, 4, 100, -53, -46, -185, -73, 287, -146, -141, -122, 
-117, -97, 19, 107, -68, -39, -170, -68, 287, -146, -146, -126, 
-107, -87, 19, 97, -63, -34, -165, -63, 297, -131, -136, -112, 
-82, -82, 0, 82, -41, -41, -151, -53, 297, -122, -126, -107, 
-82, -82, 0, 82, -41, -41, -136, -43, 297, -117, -117, -102, 
-107, -82, 24, 95, -65, -29, -117, -39, 307, -112, -107, -97, 
-107, -87, 19, 97, -63, -34, -122, -43, 317, -112, -126, -117, 
-102, -82, 19, 92, -61, -31, -117, -48, 317, -112, -126, -117, 
-92, -68, 24, 80, -58, -21, -107, -48, 322, -112, -126, -117, 
-78, -53, 24, 65, -51, -14, -102, -48, 322, -112, -122, -112, 
-102, -73, 29, 87, -65, -21, -92, -39, 312, -117, -122, -112, 
-102, -82, 19, 92, -61, -31, -92, -39, 317, -122, -126, -122, 
-102, -87, 14, 95, -58, -36, -92, -39, 322, -122, -126, -122, 
-82, -78, 4, 80, -43, -36, -78, -34, 326, -112, -126, -117, 
-107, -78, 29, 92, -68, -24, -78, -19, 331, -117, -126, -126, 
-136, -107, 29, 122, -82, -39, -78, -19, 331, -117, -126, -126, 
-170, -117, 53, 143, -112, -31, -73, -24, 331, -117, -131, -126, 
-185, -126, 58, 156, -122, -34, -68, -24, 341, -117, -131, -126, 
-165, -117, 48, 141, -107, -34, -53, -19, 346, -102, -141, -136, 
-165, -112, 53, 139, -109, -29, -43, -9, 356, -97, -136, -131, 
-170, -112, 58, 141, -114, -26, -39, -4, 361, -97, -136, -131, 
-190, -112, 78, 151, -134, -17, -34, 0, 366, -97, -131, -131, 
-200, -117, 82, 158, -141, -17, -24, 9, 370, -97, -122, -131, 
-185, -117, 68, 151, -126, -24, -14, 14, 380, -82, -122, -126, 
-185, -117, 68, 151, -126, -24, -14, 29, 390, -78, -122, -126, 
-204, -117, 87, 161, -146, -14, -9, 19, 400, -78, -117, -126, 
-239, -122, 117, 180, -178, -2, 0, 14, 409, -78, -117, -122, 
-229, -117, 112, 173, -170, -2, 4, 14, 414, -78, -117, -122, 
-209, -102, 107, 156, -158, 2, 24, 14, 419, -73, -112, -122, 
-200, -97, 102, 148, -151, 2, 34, 14, 429, -73, -107, -117, 
-219, -102, 117, 161, -168, 7, 43, 24, 444, -73, -97, -117, 
-219, -102, 117, 161, -168, 7, 43, 24, 444, -68, -107, -117, 
-204, -87, 117, 146, -161, 14, 43, 24, 444, -63, -107, -117, 
-185, -78, 107, 131, -146, 14, 39, 24, 453, -43, -97, -107, 
-200, -87, 112, 143, -156, 12, 48, 24, 453, -43, -82, -97, 
-239, -97, 141, 168, -190, 21, 73, 24, 473, -43, -82, -107, 
-248, -102, 146, 175, -197, 21, 53, 24, 473, -43, -87, -107, 
-253, -102, 151, 178, -202, 24, 53, 14, 468, -43, -87, -107, 
-234, -82, 151, 158, -192, 34, 58, 9, 473, -34, -82, -92, 
-234, -73, 161, 153, -197, 43, 58, 9, 478, -34, -78, -87, 
-248, -68, 180, 158, -214, 56, 63, 9, 483, -34, -78, -87, 
-258, -78, 180, 168, -219, 51, 58, 9, 483, -34, -78, -87, 
-224, -53, 170, 139, -197, 58, 48, -9, 468, -34, -78, -82, 
-200, -43, 156, 122, -178, 56, 29, -9, 468, -24, -78, -73, 
-200, -39, 161, 119, -180, 61, 4, -14, 468, -19, -68, -73, 
-209, -39, 170, 124, -190, 65, 0, -14, 468, -19, -68, -78, 
-195, -34, 161, 114, -178, 63, -39, -39, 458, -34, -82, -82, 
-185, -34, 151, 109, -168, 58, -68, -53, 448, -34, -82, -82, 
-151, -19, 131, 85, -141, 56, -97, -68, 444, -29, -73, -78, 
-146, -4, 141, 75, -143, 68, -131, -82, 434, -24, -68, -73, 
-146, -14, 131, 80, -139, 58, -161, -82, 414, -14, -58, -63, 
-141, -14, 126, 78, -134, 56, -180, -92, 414, -19, -63, -63, 
-117, -14, 102, 65, -109, 43, -204, -92, 414, -19, -63, -63, 
-78, -4, 73, 41, -75, 34, -224, -82, 409, -19, -58, -58, 
-78, 0, 78, 39, -78, 39, -239, -82, 409, -24, -43, -53, 
-97, 4, 102, 46, -100, 53, -244, -78, 414, -14, -43, -53, 
-107, 9, 117, 48, -112, 63, -244, -78, 414, -14, -43, -53, 
-97, 19, 117, 39, -107, 68, -244, -87, 419, -14, -43, -53, 
-58, 29, 87, 14, -73, 58, -244, -87, 429, -14, -34, -48, 
-53, 34, 87, 9, -70, 61, -253, -87, 419, -14, -34, -43, 
-58, 34, 92, 12, -75, 63, -263, -82, 409, -14, -29, -39, 
-53, 34, 87, 9, -70, 61, -263, -82, 405, -14, -29, -34, 
-39, 34, 73, 2, -56, 53, -253, -73, 390, -9, -19, -34, 
0, 48, 48, -24, -24, 48, -273, -73, 390, 0, -9, -24, 
14, 48, 34, -31, -9, 41, -283, -73, 390, 4, -9, -24, 
4, 48, 43, -26, -19, 46, -283, -73, 390, 9, -9, -24, 
0, 48, 48, -24, -24, 48, -273, -63, 385, 0, -24, -29, 
9, 48, 39, -29, -14, 43, -273, -58, 380, -4, -24, -29, 
48, 58, 9, -53, 19, 34, -268, -58, 370, -9, -14, -29, 
63, 68, 4, -65, 29, 36, -263, -58, 361, -4, -9, -24, 
48, 63, 14, -56, 17, 39, -258, -43, 370, -4, -9, -14, 
48, 58, 9, -53, 19, 34, -253, -39, 370, -9, -9, -14, 
53, 58, 4, -56, 24, 31, -248, -34, 375, -9, -9, -14, 
87, 73, -14, -80, 51, 29, -239, -29, 375, -9, -9, -9, 
78, 73, -4, -75, 41, 34, -229, -24, 361, -19, -19, -19, 
58, 68, 9, -63, 24, 39, -229, -24, 361, -19, -19, -19, 
39, 53, 14, -46, 12, 34, -219, -19, 351, -19, -24, -19, 
29, 48, 19, -39, 4, 34, -214, -19, 361, -19, -24, -19, 
53, 43, -9, -48, 31, 17, -204, -24, 356, -24, -34, -19, 
73, 48, -24, -61, 48, 12, -195, -19, 351, -19, -19, -14, 
48, 48, 0, -48, 24, 24, -195, -14, 346, -24, -29, -29, 
29, 34, 4, -31, 12, 19, -190, -14, 346, -34, -29, -34, 
43, 29, -14, -36, 29, 7, -190, -9, 336, -43, -39, -34, 
63, 34, -29, -48, 46, 2, -185, 0, 341, -39, -34, -34, 
82, 34, -48, -58, 65, -7, -180, 9, 341, -34, -29, -34, 
63, 29, -34, -46, 48, -2, -180, 9, 341, -34, -29, -34, 
43, 24, -19, -34, 31, 2, -170, 9, 341, -43, -43, -39, 
43, 34, -9, -39, 26, 12, -156, 14, 346, -43, -43, -39, 
58, 39, -19, -48, 39, 9, -141, 24, 351, -43, -43, -39, 
73, 39, -34, -56, 53, 2, -131, 24, 351, -43, -43, -39, 
48, 24, -24, -36, 36, 0, -131, 24, 341, -43, -43, -48, 
34, 4, -29, -19, 31, -12, -131, 24, 341, -48, -48, -48, 
34, 0, -34, -17, 34, -17, -126, 24, 346, -48, -48, -48, 
53, 4, -48, -29, 51, -21, -122, 24, 346, -43, -43, -48, 
58, 9, -48, -34, 53, -19, -107, 34, 351, -34, -43, -48, 
29, 0, -29, -14, 29, -14, -92, 39, 356, -34, -43, -48, 
-4, -9, -4, 7, 0, -7, -78, 39, 366, -34, -43, -48, 
-19, -9, 9, 14, -14, 0, -63, 43, 380, -34, -43, -48, 
-19, -19, 0, 19, -9, -9, -53, 43, 390, -43, -53, -58, 
-19, -19, 0, 19, -9, -9, -48, 53, 390, -43, -53, -58, 
-43, -19, 24, 31, -34, 2, -39, 58, 390, -48, -53, -58, 
-53, -24, 29, 39, -41, 2, -34, 58, 390, -48, -53, -58, 
-43, -29, 14, 36, -29, -7, -24, 53, 385, -48, -53, -58, 
-19, -29, -9, 24, -4, -19, -24, 53, 385, -43, -53, -58, 
-19, -24, -4, 21, -7, -14, -24, 53, 385, -43, -53, -58, 
-58, -39, 19, 48, -39, -9, -24, 53, 385, -43, -58, -58, 
-78, -34, 43, 56, -61, 4, -24, 39, 375, -48, -68, -68, 
-73, -34, 39, 53, -56, 2, -19, 34, 375, -48, -68, -68, 
-48, -24, 24, 36, -36, 0, -19, 34, 375, -48, -63, -63, 
-43, -24, 19, 34, -31, -2, -24, 29, 375, -53, -63, -63, 
-48, -29, 19, 39, -34, -4, -39, 19, 366, -53, -53, -63, 
-68, -39, 29, 53, -48, -4, -48, 19, 366, -53, -58, -68, 
-58, -39, 19, 48, -39, -9, -53, 14, 366, -53, -58, -68, 
-39, -34, 4, 36, -21, -14, -68, 14, 366, -53, -53, -68, 
-39, -14, 24, 26, -31, 4, -92, 9, 375, -43, -53, -63, 
-58, -29, 29, 43, -43, 0, -112, 0, 375, -43, -53, -58, 
-87, -34, 53, 61, -70, 9, -126, -9, 375, -43, -58, -53, 
-82, -34, 48, 58, -65, 7, -141, -19, 375, -48, -58, -43, 
-68, -29, 39, 48, -53, 4, -156, -29, 375, -39, -48, -48, 
-58, -24, 34, 41, -46, 4, -161, -29, 380, -39, -43, -48, 
-53, -19, 34, 36, -43, 7, -165, -29, 380, -34, -43, -48, 
-58, -19, 39, 39, -48, 9, -170, -29, 380, -34, -53, -53, 
-43, -19, 24, 31, -34, 2, -180, -24, 390, -34, -43, -48, 
-24, -9, 14, 17, -19, 2, -180, -19, 385, -34, -43, -43, 
-29, -4, 24, 17, -26, 9, -190, -14, 380, -34, -39, -39, 
-34, 0, 34, 17, -34, 17, -200, -14, 375, -34, -34, -34, 
-34, 4, 39, 14, -36, 21, -195, -14, 380, -34, -34, -24, 
-34, 9, 43, 12, -39, 26, -195, -14, 385, -29, -34, -24, 
4, 29, 24, -17, -9, 26, -190, -14, 390, -19, -24, -24, 
19, 34, 14, -26, 2, 24, -190, -19, 400, -14, -24, -19, 
9, 39, 29, -24, -9, 34, -190, -19, 409, -19, -24, -19, 
-9, 34, 43, -12, -26, 39, -185, -29, 409, -24, -24, -19, 
39, 53, 14, -46, 12, 34, -180, -14, 414, -9, -14, -19, 
87, 82, -4, -85, 46, 39, -175, -4, 419, 9, 4, -4, 
9, 58, 48, -34, -19, 53, -161, 0, 424, 4, -4, 0, 
9, 58, 48, -34, -19, 53, -156, 0, 429, 0, -19, -9, 
29, 73, 43, -51, -7, 58, -165, 9, 429, 9, -14, 0, 
39, 78, 39, -58, 0, 58, -165, 9, 429, 9, -9, 0, 
48, 82, 34, -65, 7, 58, -165, 9, 429, 9, -4, 0, 
58, 87, 29, -73, 14, 58, -165, 9, 429, 9, 0, 0, 
68, 92, 24, -80, 21, 58, -175, 19, 429, 19, 4, 9, 
78, 97, 19, -87, 29, 58, -175, 19, 429, 19, 9, 9, 
87, 102, 14, -95, 36, 58, -175, 19, 429, 19, 14, 9, 
97, 107, 9, -102, 43, 58, -175, 19, 429, 19, 19, 9, 
92, 102, 9, -97, 41, 56, -170, 29, 419, 9, 14, 9, 
87, 97, 9, -92, 39, 53, -165, 29, 419, 9, 9, 9, 
82, 92, 9, -87, 36, 51, -161, 29, 419, 9, 4, 9, 
78, 87, 9, -82, 34, 48, -156, 29, 419, 9, 0, 9, 
68, 73, 4, -70, 31, 39, -161, 29, 405, 4, 0, 4, 
68, 68, 0, -68, 34, 34, -165, 29, 400, 0, 0, 0, 
68, 63, -4, -65, 36, 29, -170, 29, 395, -4, 0, -4, 
68, 58, -9, -63, 39, 24, -175, 29, 390, -9, 0, -9, 
78, 58, -19, -68, 48, 19, -175, 29, 380, 0, -9, -9, 
78, 58, -19, -68, 48, 19, -175, 29, 380, 0, -9, -9, 
78, 58, -19, -68, 48, 19, -175, 29, 380, 0, -9, -9, 
78, 58, -19, -68, 48, 19, -175, 29, 380, 0, -9, -9, 
82, 58, -24, -70, 53, 17, -165, 29, 380, -9, -9, -19, 
87, 58, -29, -73, 58, 14, -165, 29, 380, -9, -9, -19, 
92, 58, -34, -75, 63, 12, -165, 29, 380, -9, -9, -19, 
97, 58, -39, -78, 68, 9, -165, 29, 380, -9, -9, -19, 
87, 48, -39, -68, 63, 4, -165, 29, 375, -19, -19, -19, 
87, 48, -39, -68, 63, 4, -165, 29, 370, -19, -19, -19, 
87, 48, -39, -68, 63, 4, -165, 29, 366, -19, -19, -19, 
87, 48, -39, -68, 63, 4, -165, 29, 361, -19, -19, -19, 
68, 39, -29, -53, 48, 4, -156, 39, 370, -29, -24, -24, 
58, 29, -29, -43, 43, 0, -146, 39, 370, -29, -29, -29, 
48, 19, -29, -34, 39, -4, -136, 39, 370, -29, -34, -34, 
39, 9, -29, -24, 34, -9, -126, 39, 370, -29, -39, -39, 
39, 4, -34, -21, 36, -14, -117, 48, 370, -39, -48, -48, 
39, 0, -39, -19, 39, -19, -107, 48, 370, -39, -48, -48, 
39, -4, -43, -17, 41, -24, -97, 48, 370, -39, -48, -48, 
39, -9, -48, -14, 43, -29, -87, 48, 370, -39, -48, -48, 
29, -24, -53, -2, 41, -39, -82, 48, 366, -43, -58, -53, 
19, -29, -48, 4, 34, -39, -78, 48, 361, -48, -58, -58, 
9, -34, -43, 12, 26, -39, -73, 48, 356, -53, -58, -63, 
0, -39, -39, 19, 19, -39, -68, 48, 351, -58, -58, -68, 
-4, -43, -39, 24, 17, -41, -92, 39, 346, -63, -73, -78, 
-9, -48, -39, 29, 14, -43, -107, 29, 341, -68, -78, -78, 
-14, -53, -39, 34, 12, -46, -122, 19, 336, -73, -82, -78, 
-19, -58, -39, 39, 9, -48, -136, 9, 331, -78, -87, -78, 
-34, -58, -24, 46, -4, -41, -156, -4, 322, -87, -87, -78, 
-39, -58, -19, 48, -9, -39, -165, -9, 322, -87, -87, -78, 
-43, -58, -14, 51, -14, -36, -175, -14, 322, -87, -87, -78, 
-48, -58, -9, 53, -19, -34, -185, -19, 322, -87, -87, -78, 
-48, -48, 0, 48, -24, -24, -195, -24, 326, -78, -78, -68, 
-48, -48, 0, 48, -24, -24, -195, -29, 331, -78, -78, -68, 
-48, -48, 0, 48, -24, -24, -195, -34, 336, -78, -78, -68, 
-48, -48, 0, 48, -24, -24, -195, -39, 341, -78, -78, -68, 
-58, -39, 19, 48, -39, -9, -185, -39, 351, -68, -78, -58, 
-58, -39, 19, 48, -39, -9, -185, -39, 351, -68, -78, -58, 
-58, -39, 19, 48, -39, -9, -185, -39, 351, -68, -78, -58, 
-58, -39, 19, 48, -39, -9, -185, -39, 351, -68, -78, -58, 
-43, -24, 19, 34, -31, -2, -180, -34, 361, -58, -73, -58, 
-39, -19, 19, 29, -29, 0, -175, -29, 361, -58, -68, -58, 
-34, -14, 19, 24, -26, 2, -170, -24, 361, -58, -63, -58, 
-29, -9, 19, 19, -24, 4, -165, -19, 361, -58, -58, -58, 
-14, -4, 9, 9, -12, 2, -151, -19, 366, -48, -48, -53, 
-9, 0, 9, 4, -9, 4, -146, -19, 370, -48, -48, -48, 
-4, 4, 9, 0, -7, 7, -141, -19, 375, -48, -48, -43, 
0, 9, 9, -4, -4, 9, -136, -19, 380, -48, -48, -39, 
9, 14, 4, -12, 2, 9, -126, -19, 390, -39, -39, -39, 
9, 19, 9, -14, 0, 14, -126, -19, 390, -39, -39, -39, 
9, 24, 14, -17, -2, 19, -126, -19, 390, -39, -39, -39, 
9, 29, 19, -19, -4, 24, -126, -19, 390, -39, -39, -39, 
9, 29, 19, -19, -4, 24, -112, -9, 400, -29, -39, -39, 
9, 29, 19, -19, -4, 24, -107, -9, 400, -29, -39, -39, 
9, 29, 19, -19, -4, 24, -102, -9, 400, -29, -39, -39, 
9, 29, 19, -19, -4, 24, -97, -9, 400, -29, -39, -39, 
9, 34, 24, -21, -7, 29, -97, -9, 409, -29, -39, -29, 
9, 39, 29, -24, -9, 34, -97, -9, 409, -29, -39, -29, 
9, 43, 34, -26, -12, 39, -97, -9, 409, -29, -39, -29, 
9, 48, 39, -29, -14, 43, -97, -9, 409, -29, -39, -29, 
14, 53, 39, -34, -12, 46, -97, -4, 409, -19, -34, -19, 
19, 58, 39, -39, -9, 48, -97, 0, 409, -19, -29, -19, 
24, 63, 39, -43, -7, 51, -97, 4, 409, -19, -24, -19, 
29, 68, 39, -48, -4, 53, -97, 9, 409, -19, -19, -19, 
34, 68, 34, -51, 0, 51, -97, 0, 419, -19, -19, -19, 
39, 68, 29, -53, 4, 48, -97, 0, 419, -19, -19, -19, 
43, 68, 24, -56, 9, 46, -97, 0, 419, -19, -19, -19, 
48, 68, 19, -58, 14, 43, -97, 0, 419, -19, -19, -19, 
48, 68, 19, -58, 14, 43, -97, 9, 409, -29, -19, -19, 
48, 68, 19, -58, 14, 43, -97, 9, 409, -29, -19, -19, 
48, 68, 19, -58, 14, 43, -97, 9, 409, -29, -19, -19, 
48, 68, 19, -58, 14, 43, -97, 9, 409, -29, -19, -19, 
48, 68, 19, -58, 14, 43, -97, 9, 419, -19, -29, -29, 
48, 68, 19, -58, 14, 43, -97, 9, 419, -19, -29, -29, 
48, 68, 19, -58, 14, 43, -97, 9, 419, -19, -29, -29, 
48, 68, 19, -58, 14, 43, -97, 9, 419, -19, -29, -29, 
58, 68, 9, -63, 24, 39, -102, 9, 419, -9, -29, -19, 
58, 68, 9, -63, 24, 39, -107, 9, 419, -9, -29, -19, 
58, 68, 9, -63, 24, 39, -112, 9, 419, -9, -29, -19, 
58, 68, 9, -63, 24, 39, -117, 9, 419, -9, -29, -19, 
58, 58, 0, -58, 29, 29, -126, 9, 414, -19, -19, -19, 
58, 58, 0, -58, 29, 29, -126, 9, 409, -19, -19, -19, 
58, 58, 0, -58, 29, 29, -126, 9, 405, -19, -19, -19, 
58, 58, 0, -58, 29, 29, -126, 9, 400, -19, -19, -19, 
68, 48, -19, -58, 43, 14, -126, 9, 395, -29, -24, -29, 
68, 48, -19, -58, 43, 14, -126, 9, 390, -29, -29, -29, 
68, 48, -19, -58, 43, 14, -126, 9, 385, -29, -34, -29, 
68, 48, -19, -58, 43, 14, -126, 9, 380, -29, -39, -29, 
63, 34, -29, -48, 46, 2, -126, 9, 366, -34, -48, -39, 
58, 29, -29, -43, 43, 0, -126, 9, 361, -39, -48, -39, 
53, 24, -29, -39, 41, -2, -126, 9, 356, -43, -48, -39, 
48, 19, -29, -34, 39, -4, -126, 9, 351, -48, -48, -39, 
48, 9, -39, -29, 43, -14, -146, 0, 341, -58, -58, -48, 
48, 9, -39, -29, 43, -14, -156, 0, 341, -58, -58, -48, 
48, 9, -39, -29, 43, -14, -165, 0, 341, -58, -58, -48, 
48, 9, -39, -29, 43, -14, -175, 0, 341, -58, -58, -48, 
14, -4, -19, -4, 17, -12, -190, -14, 326, -73, -68, -53, 
4, -19, -24, 7, 14, -21, -214, -14, 326, -73, -73, -58, 
9, -24, -34, 7, 21, -29, -224, -4, 326, -73, -73, -63, 
-14, -39, -24, 26, 4, -31, -239, -4, 326, -73, -68, -63, 
-24, -29, -4, 26, -9, -17, -219, -14, 317, -73, -68, -63, 
-39, -43, -4, 41, -17, -24, -214, -14, 322, -73, -73, -63, 
-24, -43, -19, 34, -2, -31, -204, -14, 331, -73, -73, -68, 
4, -34, -39, 14, 21, -36, -180, -9, 336, -73, -73, -68, 
9, -24, -34, 7, 21, -29, -170, -9, 346, -68, -68, -63, 
-4, -19, -14, 12, 4, -17, -170, -9, 351, -68, -68, -63, 
-4, -19, -14, 12, 4, -17, -170, -14, 351, -68, -73, -63, 
0, -14, -14, 7, 7, -14, -165, -14, 356, -68, -73, -63, 
9, 4, -4, -7, 7, 0, -156, -9, 366, -58, -63, -58, 
34, 4, -29, -19, 31, -12, -146, 0, 366, -53, -58, -48, 
0, 4, 4, -2, -2, 4, -141, 0, 366, -43, -53, -43, 
-4, 0, 4, 2, -4, 2, -136, -9, 361, -53, -53, -39, 
-14, 9, 24, 2, -19, 17, -122, -4, 366, -53, -58, -48, 
9, 9, 0, -9, 4, 4, -112, 0, 370, -53, -58, -48, 
9, 9, 0, -9, 4, 4, -107, 4, 375, -53, -58, -48, 
0, 9, 9, -4, -4, 9, -97, 9, 380, -53, -58, -48, 
-9, 9, 19, 0, -14, 14, -92, 0, 380, -53, -58, -48, 
0, 9, 9, -4, -4, 9, -87, 0, 380, -53, -58, -48, 
24, 19, -4, -21, 14, 7, -82, 4, 380, -53, -53, -48, 
39, 24, -14, -31, 26, 4, -78, 9, 380, -43, -48, -43, 
19, 14, -4, -17, 12, 4, -73, 9, 390, -43, -48, -53, 
4, 14, 9, -9, -2, 12, -68, 9, 390, -48, -53, -53, 
0, 14, 14, -7, -7, 14, -68, 14, 390, -48, -53, -53, 
19, 19, 0, -19, 9, 9, -68, 19, 390, -48, -43, -48, 
19, 19, 0, -19, 9, 9, -63, 9, 395, -48, -53, -48, 
-4, 14, 19, -4, -12, 17, -63, 4, 395, -48, -58, -48, 
-19, 9, 29, 4, -24, 19, -63, 4, 395, -48, -63, -53, 
0, 9, 9, -4, -4, 9, -63, 4, 395, -48, -63, -53, 
24, 29, 4, -26, 9, 17, -63, 14, 395, -43, -58, -43, 
24, 29, 4, -26, 9, 17, -53, 19, 395, -39, -48, -39, 
4, 29, 24, -17, -9, 26, -43, 19, 395, -39, -43, -39, 
-4, 9, 14, -2, -9, 12, -43, 19, 395, -43, -39, -39, 
-4, 29, 34, -12, -19, 31, -43, 19, 405, -34, -48, -39, 
14, 29, 14, -21, 0, 21, -34, 19, 414, -34, -43, -39, 
14, 34, 19, -24, -2, 26, -34, 19, 414, -34, -39, -34, 
0, 34, 34, -17, -17, 34, -34, 19, 409, -34, -39, -34, 
0, 24, 24, -12, -12, 24, -34, 24, 400, -43, -43, -39, 
14, 24, 9, -19, 2, 17, -39, 19, 400, -43, -43, -39, 
34, 34, 0, -34, 17, 17, -53, 19, 400, -43, -43, -39, 
34, 34, 0, -34, 17, 17, -68, 24, 400, -43, -43, -39, 
24, 29, 4, -26, 9, 17, -48, 24, 400, -43, -34, -43, 
9, 24, 14, -17, -2, 19, -39, 24, 400, -48, -39, -43, 
9, 24, 14, -17, -2, 19, -34, 24, 400, -48, -39, -43, 
34, 39, 4, -36, 14, 21, -34, 24, 400, -43, -34, -43, 
43, 39, -4, -41, 24, 17, -43, 24, 409, -34, -39, -43, 
34, 34, 0, -34, 17, 17, -48, 24, 409, -34, -43, -43, 
24, 19, -4, -21, 14, 7, -58, 24, 405, -39, -53, -43, 
34, 29, -4, -31, 19, 12, -63, 29, 400, -39, -58, -43, 
58, 48, -9, -53, 34, 19, -63, 24, 400, -34, -48, -34, 
68, 48, -19, -58, 43, 14, -63, 24, 400, -34, -43, -34, 
53, 48, -4, -51, 29, 21, -58, 19, 400, -34, -39, -34, 
39, 34, -4, -36, 21, 14, -68, 14, 405, -39, -34, -39, 
48, 34, -14, -41, 31, 9, -68, 9, 405, -39, -43, -39, 
63, 43, -19, -53, 41, 12, -58, 9, 405, -34, -43, -34, 
63, 43, -19, -53, 41, 12, -58, 9, 405, -34, -43, -34, 
53, 39, -14, -46, 34, 12, -58, 9, 405, -39, -43, -34, 
24, 34, 9, -29, 7, 21, -48, 14, 409, -43, -48, -34, 
34, 39, 4, -36, 14, 21, -48, 14, 409, -39, -43, -29, 
53, 53, 0, -53, 26, 26, -48, 14, 409, -24, -39, -24, 
63, 63, 0, -63, 31, 31, -48, 19, 409, -19, -29, -14, 
63, 73, 9, -68, 26, 41, -43, 24, 419, -9, -24, -14, 
43, 68, 24, -56, 9, 46, -39, 24, 419, -9, -19, -14, 
43, 58, 14, -51, 14, 36, -34, 24, 419, -19, -19, -19, 
63, 68, 4, -65, 29, 36, -43, 29, 419, -19, -14, -19, 
53, 78, 24, -65, 14, 51, -29, 34, 424, -9, -9, -9, 
48, 78, 29, -63, 9, 53, -19, 34, 434, -4, -9, -9, 
48, 73, 24, -61, 12, 48, -9, 34, 444, 0, -9, -9, 
48, 73, 24, -61, 12, 48, 0, 34, 448, 4, -9, -9, 
63, 68, 4, -65, 29, 36, 19, 29, 448, -4, -9, -9, 
58, 73, 14, -65, 21, 43, 9, 43, 448, 4, -9, -9, 
34, 73, 39, -53, -2, 56, 19, 34, 448, 4, -9, -9, 
19, 68, 48, -43, -14, 58, 39, 34, 448, 0, -9, -9, 
24, 58, 34, -41, -4, 46, 34, 24, 458, -9, -19, -19, 
43, 68, 24, -56, 9, 46, 29, 29, 458, -9, -19, -19, 
39, 68, 29, -53, 4, 48, 24, 29, 453, -14, -19, -24, 
29, 53, 24, -41, 2, 39, 14, 29, 444, -19, -24, -24, 
48, 34, -14, -41, 31, 9, -53, 14, 405, -29, -39, -24, 
24, 4, -19, -14, 21, -7, -82, 14, 390, -58, -58, -43, 
29, 4, -24, -17, 26, -9, -112, 4, 375, -58, -68, -68, 
82, 24, -58, -53, 70, -17, -156, 9, 366, -34, -58, -53, 
136, 43, -92, -90, 114, -24, -200, 39, 361, -4, -19, -24, 
161, 63, -97, -112, 129, -17, -229, 53, 356, 19, 14, 0, 
156, 58, -97, -107, 126, -19, -273, 63, 356, 53, 34, 9, 
219, 92, -126, -156, 173, -17, -312, 63, 370, 82, 73, 48, 
336, 175, -161, -256, 248, 7, -336, 53, 380, 136, 131, 92, 
463, 248, -214, -356, 339, 17, -375, 53, 370, 175, 185, 151, 
536, 278, -258, -407, 397, 9, -414, 48, 336, 190, 219, 185, 
610, 297, -312, -453, 461, -7, -488, -24, 263, 146, 229, 195, 
741, 322, -419, -531, 580, -48, -605, -141, 136, 87, 214, 214, 
907, 370, -536, -639, 722, -82, -707, -263, 14, 9, 204, 229, 
1044, 414, -629, -729, 836, -107, -790, -361, -87, -78, 195, 244, 
1078, 434, -644, -756, 861, -104, -854, -444, -165, -161, 161, 244, 
1058, 429, -629, -744, 844, -100, -912, -536, -239, -239, 136, 244, 
1049, 439, -610, -744, 829, -85, -966, -644, -297, -322, 107, 239, 
1039, 463, -575, -751, 807, -56, -985, -746, -336, -385, 73, 234, 
985, 444, -541, -714, 763, -48, -980, -849, -409, -492, -24, 180, 
834, 361, -473, -597, 653, -56, -941, -927, -488, -639, -151, 102, 
624, 283, -341, -453, 483, -29, -868, -1000, -507, -751, -258, 34, 
448, 253, -195, -351, 322, 29, -756, -1054, -483, -800, -312, 9, 
361, 253, -107, -307, 234, 73, -639, -1039, -434, -785, -322, 0, 
307, 239, -68, -273, 187, 85, -551, -951, -390, -766, -326, -4, 
248, 190, -58, -219, 153, 65, -517, -844, -366, -746, -331, -24, 
175, 126, -48, -151, 112, 39, -497, -741, -322, -722, -341, -53, 
146, 87, -58, -117, 102, 14, -488, -658, -268, -697, -351, -92, 
165, 78, -87, -122, 126, -4, -497, -590, -239, -658, -351, -107, 
161, 68, -92, -114, 126, -12, -488, -502, -190, -600, -326, -107, 
112, 48, -63, -80, 87, -7, -453, -414, -122, -522, -312, -107, 
58, 34, -24, -46, 41, 4, -424, -341, -68, -468, -292, -112, 
34, 4, -29, -19, 31, -12, -400, -273, -19, -419, -278, -122, 
34, -4, -39, -14, 36, -21, -341, -214, 58, -341, -239, -117, 
29, -14, -43, -7, 36, -29, -287, -170, 126, -273, -190, -107, 
9, -24, -34, 7, 21, -29, -244, -136, 180, -229, -165, -97, 
-39, -63, -24, 51, -7, -43, -200, -122, 224, -200, -156, -107, 
-63, -78, -14, 70, -24, -46, -165, -117, 263, -175, -141, -107, 
-34, -58, -24, 46, -4, -41, -151, -112, 283, -165, -131, -102, 
-53, -63, -9, 58, -21, -36, -146, -97, 292, -165, -131, -92, 
-68, -58, 9, 63, -39, -24, -141, -92, 292, -165, -136, -97, 
-68, -53, 14, 61, -41, -19, -156, -87, 297, -165, -136, -97, 
-58, -39, 19, 48, -39, -9, -151, -87, 302, -156, -136, -97, 
-34, -43, -9, 39, -12, -26, -146, -78, 317, -136, -126, -87, 
-58, -53, 4, 56, -31, -24, -141, -82, 317, -131, -131, -97, 
-73, -73, 0, 73, -36, -36, -141, -92, 317, -131, -136, -102, 
-68, -73, -4, 70, -31, -39, -141, -92, 312, -136, -136, -107, 
-43, -68, -24, 56, -9, -46, -126, -102, 302, -146, -126, -112, 
-48, -68, -19, 58, -14, -43, -126, -97, 302, -136, -117, -107, 
-73, -73, 0, 73, -36, -36, -126, -92, 307, -146, -117, -112, 
-82, -78, 4, 80, -43, -36, -131, -87, 312, -146, -122, -112, 
-92, -68, 24, 80, -58, -21, -131, -73, 317, -146, -131, -102, 
-73, -58, 14, 65, -43, -21, -131, -63, 317, -136, -131, -102, 
-73, -58, 14, 65, -43, -21, -131, -53, 322, -131, -131, -102, 
-92, -78, 14, 85, -53, -31, -126, -48, 322, -131, -136, -112, 
-97, -78, 19, 87, -58, -29, -122, -48, 326, -126, -141, -112, 
-82, -73, 9, 78, -46, -31, -112, -48, 322, -126, -136, -112, 
-63, -68, -4, 65, -29, -36, -112, -48, 322, -126, -122, -107, 
-48, -58, -9, 53, -19, -34, -112, -43, 317, -131, -117, -102, 
-63, -43, 19, 53, -41, -12, -97, -39, 322, -122, -107, -92, 
-78, -48, 29, 63, -53, -9, -102, -34, 326, -126, -107, -92, 
-58, -43, 14, 51, -36, -14, -102, -29, 331, -131, -117, -97, 
-34, -34, 0, 34, -17, -17, -102, -19, 331, -131, -117, -97, 
-19, -29, -9, 24, -4, -19, -102, -19, 336, -112, -112, -97, 
-34, -39, -4, 36, -14, -21, -97, -19, 346, -107, -112, -97, 
-48, -43, 4, 46, -26, -19, -107, -19, 351, -107, -117, -102, 
-43, -39, 4, 41, -24, -17, -112, -19, 351, -102, -117, -97, 
-34, -39, -4, 36, -14, -21, -82, -29, 356, -102, -102, -92, 
-24, -29, -4, 26, -9, -17, -68, -19, 366, -107, -97, -87, 
-43, -29, 14, 36, -29, -7, -63, -14, 370, -107, -97, -87, 
-68, -29, 39, 48, -53, 4, -53, -9, 375, -107, -97, -87, 
-78, -24, 53, 51, -65, 14, -43, 0, 390, -92, -92, -82, 
-53, -14, 39, 34, -46, 12, -34, 4, 395, -82, -87, -78, 
-53, -9, 43, 31, -48, 17, -24, 9, 400, -78, -82, -73, 
-78, -4, 73, 41, -75, 34, -9, 9, 414, -73, -78, -68, 
-73, -24, 48, 48, -61, 12, -9, 4, 405, -73, -97, -87, 
-73, -24, 48, 48, -61, 12, -9, 0, 405, -73, -97, -87, 
-68, -14, 53, 41, -61, 19, -4, 0, 409, -73, -97, -87, 
-58, -4, 53, 31, -56, 24, -4, 0, 409, -73, -92, -82, 
-97, -34, 63, 65, -80, 14, 9, 0, 419, -87, -92, -82, 
-102, -43, 58, 73, -80, 7, 14, 0, 424, -92, -97, -92, 
-107, -48, 58, 78, -82, 4, 19, 0, 429, -92, -97, -92, 
-92, -39, 53, 65, -73, 7, 39, 4, 434, -82, -97, -87, 
-102, -24, 78, 63, -90, 26, 29, 9, 439, -73, -92, -78, 
-117, -39, 78, 78, -97, 19, 29, 9, 439, -68, -87, -78, 
-136, -34, 102, 85, -119, 34, 34, 4, 439, -63, -87, -78, 
-136, -29, 107, 82, -122, 39, 39, 4, 448, -58, -82, -78, 
-136, -34, 102, 85, -119, 34, 0, -9, 429, -68, -87, -82, 
-136, -34, 102, 85, -119, 34, -24, -9, 424, -68, -87, -82, 
-141, -39, 102, 90, -122, 31, -53, -14, 414, -73, -92, -87, 
-161, -43, 117, 102, -139, 36, -82, -19, 405, -78, -92, -92, 
-151, -53, 97, 102, -124, 21, -102, -34, 395, -87, -97, -97, 
-136, -58, 78, 97, -107, 9, -102, -34, 390, -82, -102, -97, 
-136, -63, 73, 100, -104, 4, -112, -24, 385, -87, -107, -102, 
-156, -68, 87, 112, -122, 9, -117, -39, 380, -97, -107, -107, 
-170, -87, 82, 129, -126, -2, -126, -48, 370, -102, -117, -117, 
-161, -87, 73, 124, -117, -7, -131, -53, 366, -107, -126, -122, 
-141, -78, 63, 109, -102, -7, -122, -58, 361, -107, -131, -126, 
-131, -78, 53, 104, -92, -12, -122, -63, 361, -112, -136, -126, 
-175, -87, 87, 131, -131, 0, -117, -63, 366, -126, -136, -126, 
-180, -92, 87, 136, -134, -2, -112, -63, 366, -126, -146, -126, 
-170, -82, 87, 126, -129, 2, -107, -63, 366, -126, -146, -126, 
-156, -78, 78, 117, -117, 0, -107, -63, 375, -112, -136, -117, 
-151, -68, 82, 109, -117, 7, -107, -63, 370, -122, -141, -117, 
-180, -78, 102, 129, -141, 12, -82, -63, 385, -122, -141, -126, 
-180, -82, 97, 131, -139, 7, -102, -63, 380, -122, -146, -126, 
-175, -82, 92, 129, -134, 4, -102, -73, 370, -122, -146, -126, 
-151, -73, 78, 112, -114, 2, -97, -78, 366, -131, -141, -126, 
-156, -73, 82, 114, -119, 4, -97, -78, 370, -131, -136, -126, 
-175, -78, 97, 126, -136, 9, -92, -78, 375, -131, -136, -131, 
-190, -97, 92, 143, -141, -2, -97, -78, 375, -131, -136, -136, 
-180, -97, 82, 139, -131, -7, -97, -78, 370, -141, -146, -141, 
-161, -92, 68, 126, -114, -12, -107, -78, 370, -131, -146, -131, 
-165, -92, 73, 129, -119, -9, -122, -82, 370, -126, -136, -131, 
-180, -97, 82, 139, -131, -7, -117, -82, 370, -126, -136, -136, 
-190, -97, 92, 143, -141, -2, -112, -82, 380, -122, -151, -141, 
-185, -92, 92, 139, -139, 0, -107, -82, 380, -122, -151, -141, 
-156, -73, 82, 114, -119, 4, -102, -82, 385, -117, -141, -136, 
-156, -53, 102, 104, -129, 24, -102, -82, 385, -112, -136, -131, 
-112, -34, 78, 73, -95, 21, -87, -73, 395, -112, -117, -112, 
-126, -48, 78, 87, -102, 14, -97, -68, 390, -107, -117, -107, 
-131, -58, 73, 95, -102, 7, -107, -73, 380, -117, -117, -107, 
-136, -58, 78, 97, -107, 9, -107, -78, 380, -117, -117, -107, 
-141, -58, 82, 100, -112, 12, -107, -82, 380, -117, -117, -107, 
-146, -58, 87, 102, -117, 14, -107, -87, 380, -117, -117, -107, 
-156, -53, 102, 104, -129, 24, -102, -97, 385, -112, -117, -117, 
-141, -48, 92, 95, -117, 21, -117, -92, 385, -112, -122, -117, 
-112, -34, 78, 73, -95, 21, -117, -78, 385, -112, -122, -117, 
-112, -29, 82, 70, -97, 26, -122, -73, 385, -112, -117, -112, 
-117, -19, 97, 68, -107, 39, -107, -63, 375, -107, -112, -107, 
-126, -34, 92, 80, -109, 29, -107, -63, 380, -102, -112, -102, 
-107, -34, 73, 70, -90, 19, -102, -63, 390, -97, -107, -102, 
-73, -24, 48, 48, -61, 12, -82, -58, 395, -92, -102, -97, 
-58, -14, 43, 36, -51, 14, -82, -48, 390, -87, -87, -82, 
-63, -9, 53, 36, -58, 21, -92, -48, 390, -87, -87, -82, 
-53, -9, 43, 31, -48, 17, -102, -53, 385, -87, -92, -82, 
-39, -4, 34, 21, -36, 14, -107, -53, 385, -87, -92, -82, 
-9, 14, 24, -2, -17, 19, -102, -43, 395, -78, -82, -82, 
14, 14, 0, -14, 7, 7, -97, -29, 395, -73, -78, -78, 
-19, 14, 34, 2, -26, 24, -97, -24, 395, -63, -73, -78, 
-24, 9, 34, 7, -29, 21, -97, -29, 390, -73, -73, -78, 
-14, 24, 39, -4, -26, 31, -92, -24, 390, -68, -63, -63, 
19, 29, 9, -24, 4, 19, -92, -19, 390, -63, -58, -58, 
29, 34, 4, -31, 12, 19, -97, -14, 390, -58, -53, -53, 
29, 39, 9, -34, 9, 24, -97, -9, 390, -53, -48, -48, 
9, 43, 34, -26, -12, 39, -92, 0, 400, -39, -39, -39, 
19, 48, 29, -34, -4, 39, -87, 0, 409, -34, -39, -39, 
43, 63, 19, -53, 12, 41, -82, 4, 419, -29, -34, -39, 
58, 73, 14, -65, 21, 43, -78, 9, 429, -14, -29, -34, 
53, 87, 34, -70, 9, 61, -63, 14, 439, -9, -14, -29, 
53, 92, 39, -73, 7, 65, -58, 19, 439, -9, -14, -24, 
63, 97, 34, -80, 14, 65, -58, 29, 439, -4, -9, -19, 
97, 107, 9, -102, 43, 58, -58, 39, 439, 0, 4, -9, 
102, 97, -4, -100, 53, 46, -58, 39, 434, 9, 4, -9, 
82, 92, 9, -87, 36, 51, -53, 34, 434, 9, 0, -9, 
73, 87, 14, -80, 29, 51, -48, 34, 434, 9, -4, -14, 
97, 87, -9, -92, 53, 39, -43, 34, 434, 9, -4, -14, 
107, 97, -9, -102, 58, 43, -43, 34, 444, 4, -4, -14, 
102, 97, -4, -100, 53, 46, -34, 39, 444, 9, 0, -9, 
78, 97, 19, -87, 29, 58, -24, 39, 444, 9, 0, -9, 
63, 78, 14, -70, 24, 46, -24, 39, 444, 4, 0, -9, 
53, 87, 34, -70, 9, 61, -48, 34, 434, -4, 0, -9, 
73, 87, 14, -80, 29, 51, -63, 29, 434, -4, 4, -9, 
73, 92, 19, -82, 26, 56, -87, 24, 424, -4, 9, -4, 
58, 92, 34, -75, 12, 63, -112, 19, 409, -4, 9, -4, 
29, 78, 48, -53, -9, 63, -122, 14, 400, -4, -4, -9, 
34, 73, 39, -53, -2, 56, -136, 9, 400, -4, -4, -9, 
43, 78, 34, -61, 4, 56, -161, 9, 400, -4, -4, -9, 
34, 73, 39, -53, -2, 56, -185, 14, 400, -4, -4, -9, 
19, 68, 48, -43, -14, 58, -165, 24, 390, -4, 4, -14, 
9, 63, 53, -36, -21, 58, -156, 24, 390, -9, 0, -14, 
14, 63, 48, -39, -17, 56, -151, 24, 390, -9, 0, -14, 
43, 78, 34, -61, 4, 56, -151, 24, 390, -4, 4, -14, 
53, 68, 14, -61, 19, 41, -136, 29, 380, -9, -9, -19, 
43, 53, 9, -48, 17, 31, -136, 24, 380, -14, -14, -24, 
34, 29, -4, -31, 19, 12, -141, 19, 375, -24, -24, -29, 
43, 29, -14, -36, 29, 7, -141, 19, 370, -29, -29, -34, 
43, 34, -9, -39, 26, 12, -131, 19, 361, -29, -29, -43, 
48, 29, -19, -39, 34, 4, -131, 24, 361, -34, -34, -43, 
29, 24, -4, -26, 17, 9, -126, 24, 361, -39, -39, -43, 
9, 4, -4, -7, 7, 0, -136, 24, 366, -48, -43, -48, 
19, 0, -19, -9, 19, -9, -141, 14, 351, -63, -48, -53, 
34, 4, -29, -19, 31, -12, -136, 9, 346, -63, -53, -53, 
34, 0, -34, -17, 34, -17, -141, 4, 341, -68, -58, -58, 
24, -9, -34, -7, 29, -21, -146, 0, 336, -78, -63, -63, 
-4, -19, -14, 12, 4, -17, -156, 4, 341, -78, -73, -58, 
4, -19, -24, 7, 14, -21, -156, 4, 341, -78, -73, -58, 
24, -9, -34, -7, 29, -21, -156, 4, 341, -68, -73, -58, 
34, -4, -39, -14, 36, -21, -156, 9, 341, -68, -68, -53, 
29, 4, -24, -17, 26, -9, -156, 19, 331, -68, -58, -53, 
14, 0, -14, -7, 14, -7, -156, 14, 331, -68, -58, -53, 
19, -9, -29, -4, 24, -19, -156, 9, 331, -78, -63, -58, 
43, 0, -43, -21, 43, -21, -170, 9, 331, -78, -63, -58, 
43, -9, -53, -17, 48, -31, -165, 14, 336, -82, -68, -68, 
39, -9, -48, -14, 43, -29, -165, 14, 336, -82, -68, -68, 
39, -14, -53, -12, 46, -34, -165, 14, 336, -82, -68, -68, 
39, -14, -53, -12, 46, -34, -165, 14, 331, -82, -68, -68, 
63, -4, -68, -29, 65, -36, -161, 19, 336, -73, -58, -58, 
58, 4, -53, -31, 56, -24, -175, 34, 341, -63, -58, -58, 
34, 9, -24, -21, 29, -7, -170, 24, 346, -63, -58, -58, 
19, 9, -9, -14, 14, 0, -156, 24, 351, -68, -58, -58, 
29, 19, -9, -24, 19, 4, -151, 24, 351, -58, -48, -48, 
53, 29, -24, -41, 39, 2, -156, 29, 351, -58, -48, -48, 
53, 29, -24, -41, 39, 2, -161, 29, 346, -63, -48, -53, 
48, 14, -34, -31, 41, -9, -170, 29, 336, -68, -53, -53, 
126, 73, -53, -100, 90, 9, -180, 43, 346, -39, -29, -24, 
92, 43, -48, -68, 70, -2, -190, 53, 341, -48, -39, -24, 
97, 24, -73, -61, 85, -24, -209, 73, 336, -48, -48, -39, 
161, 43, -117, -102, 139, -36, -224, 97, 336, -14, -19, -14, 
234, 102, -131, -168, 183, -14, -239, 126, 351, 53, 39, 24, 
278, 141, -136, -209, 207, 2, -268, 151, 366, 117, 102, 68, 
312, 165, -146, -239, 229, 9, -302, 170, 385, 161, 141, 97, 
385, 219, -165, -302, 275, 26, -341, 161, 400, 200, 200, 136, 
522, 322, -200, -422, 361, 61, -405, 102, 400, 263, 278, 209, 
649, 424, -224, -536, 436, 100, -473, 24, 380, 302, 341, 287, 
722, 483, -239, -602, 480, 122, -551, -78, 326, 268, 366, 331, 
766, 492, -273, -629, 519, 109, -624, -180, 253, 204, 346, 341, 
819, 507, -312, -663, 566, 97, -712, -307, 146, 107, 312, 331, 
907, 546, -361, -727, 634, 92, -805, -468, 4, -29, 273, 336, 
1015, 610, -405, -812, 710, 102, -897, -605, -107, -126, 253, 361, 
1088, 658, -429, -873, 758, 114, -971, -707, -195, -190, 258, 370, 
1088, 644, -444, -866, 766, 100, -1029, -810, -287, -287, 204, 361, 
1088, 585, -502, -836, 795, 41, -1083, -917, -414, -439, 107, 307, 
1078, 551, -527, -814, 802, 12, -1083, -990, -522, -570, 4, 253, 
1044, 531, -512, -788, 778, 9, -1039, -1054, -575, -678, -63, 219, 
893, 507, -385, -700, 639, 61, -951, -1093, -566, -746, -141, 170, 
653, 488, -165, -570, 409, 161, -819, -1068, -458, -751, -170, 151, 
497, 497, 0, -497, 248, 248, -678, -985, -317, -673, -146, 175, 
448, 507, 58, -478, 195, 283, -590, -873, -219, -590, -126, 175, 
405, 453, 48, -429, 178, 251, -551, -766, -165, -541, -141, 141, 
317, 346, 29, -331, 143, 187, -517, -688, -141, -522, -175, 73, 
234, 253, 19, -244, 107, 136, -478, -614, -117, -527, -214, 24, 
214, 195, -19, -204, 117, 87, -448, -551, -82, -512, -224, -4, 
214, 185, -29, -200, 122, 78, -409, -483, -34, -453, -204, -9, 
200, 195, -4, -197, 102, 95, -361, -385, 43, -366, -170, 0, 
131, 165, 34, -148, 48, 100, -307, -297, 131, -287, -136, 0, 
19, 122, 102, -70, -41, 112, -268, -214, 204, -234, -117, -4, 
-34, 92, 126, -29, -80, 109, -234, -165, 253, -195, -112, -14, 
-14, 82, 97, -34, -56, 90, -195, -117, 302, -146, -82, -29, 
0, 73, 73, -36, -36, 73, -170, -73, 341, -107, -73, -39, 
-39, 53, 92, -7, -65, 73, -175, -68, 356, -82, -68, -39, 
-87, 34, 122, 26, -104, 78, -190, -73, 361, -82, -68, -39, 
-82, 29, 112, 26, -97, 70, -185, -68, 380, -78, -73, -39, 
-34, 48, 82, -7, -58, 65, -180, -43, 390, -68, -63, -43, 
-48, 39, 87, 4, -68, 63, -180, -29, 390, -63, -58, -34, 
-58, 39, 97, 9, -78, 68, -180, -14, 390, -58, -58, -39, 
-53, 39, 92, 7, -73, 65, -200, 0, 395, -53, -53, -39, 
-39, 48, 87, -4, -63, 68, -200, 9, 400, -39, -48, -39, 
-24, 24, 48, 0, -36, 36, -175, 19, 395, -43, -48, -48, 
-48, 14, 63, 17, -56, 39, -161, 24, 395, -43, -53, -58, 
-63, -4, 58, 34, -61, 26, -151, 24, 395, -48, -58, -63, 
-58, -4, 53, 31, -56, 24, -141, 34, 390, -58, -58, -68, 
-24, -9, 14, 17, -19, 2, -122, 34, 380, -68, -73, -78, 
-19, -9, 9, 14, -14, 0, -117, 39, 380, -58, -68, -68, 
-34, -14, 19, 24, -26, 2, -112, 43, 385, -68, -73, -68, 
-34, -19, 14, 26, -24, -2, -112, 48, 390, -68, -82, -63, 
-39, -34, 4, 36, -21, -14, -126, 34, 375, -78, -87, -78, 
-24, -29, -4, 26, -9, -17, -131, 34, 366, -78, -92, -82, 
-29, -34, -4, 31, -12, -19, -136, 34, 361, -82, -97, -87, 
-53, -58, -4, 56, -24, -31, -136, 29, 351, -92, -107, -102, 
-82, -73, 9, 78, -46, -31, -117, 19, 361, -107, -126, -112, 
-73, -73, 0, 73, -36, -36, -102, 19, 351, -107, -126, -112, 
-58, -73, -14, 65, -21, -43, -97, 19, 346, -107, -117, -107, 
-48, -68, -19, 58, -14, -43, -92, 24, 336, -112, -117, -102, 
-63, -68, -4, 65, -29, -36, -92, 24, 346, -122, -117, -102, 
-78, -78, 0, 78, -39, -39, -102, 24, 346, -126, -117, -102, 
-58, -78, -19, 68, -19, -48, -107, 24, 346, -131, -126, -107, 
-34, -73, -39, 53, 2, -56, -112, 29, 341, -131, -126, -107, 
-39, -82, -43, 61, 2, -63, -107, 24, 336, -126, -131, -122, 
-63, -97, -34, 80, -14, -65, -97, 19, 336, -126, -131, -126, 
-87, -107, -19, 97, -34, -63, -102, 14, 331, -131, -136, -136, 
-92, -107, -14, 100, -39, -61, -102, 9, 322, -131, -136, -136, 
-63, -97, -34, 80, -14, -65, -78, 4, 331, -141, -141, -126, 
-43, -87, -43, 65, 0, -65, -68, 9, 336, -146, -136, -117, 
-53, -87, -34, 70, -9, -61, -68, 9, 336, -146, -136, -112, 
-68, -87, -19, 78, -24, -53, -63, 9, 336, -146, -136, -107, 
-82, -97, -14, 90, -34, -56, -68, 4, 326, -156, -141, -112, 
-63, -92, -29, 78, -17, -61, -63, 4, 326, -151, -146, -117, 
-68, -92, -24, 80, -21, -58, -58, 4, 326, -151, -151, -122, 
-97, -92, 4, 95, -51, -43, -48, 0, 336, -151, -156, -126, 
-92, -102, -9, 97, -41, -56, -43, -9, 346, -141, -156, -136, 
-92, -102, -9, 97, -41, -56, -39, -9, 346, -141, -156, -136, 
-87, -92, -4, 90, -41, -48, -29, -4, 351, -141, -156, -136, 
-78, -82, -4, 80, -36, -43, -24, 0, 351, -141, -151, -131, 
-92, -87, 4, 90, -48, -41, -34, 0, 361, -136, -146, -126, 
-92, -92, 0, 92, -46, -46, -34, 0, 366, -141, -146, -131, 
-92, -92, 0, 92, -46, -46, -34, 0, 370, -141, -141, -126, 
-73, -78, -4, 75, -34, -41, -19, 4, 375, -131, -136, -117, 
-73, -58, 14, 65, -43, -21, -24, 0, 370, -136, -146, -117, 
-87, -78, 9, 82, -48, -34, -29, 0, 370, -136, -146, -117, 
-107, -78, 29, 92, -68, -24, -29, -4, 370, -136, -151, -117, 
-107, -78, 29, 92, -68, -24, -29, -4, 380, -136, -151, -117, 
-87, -68, 19, 78, -53, -24, -19, -4, 390, -122, -146, -107, 
-87, -63, 24, 75, -56, -19, -14, 0, 395, -117, -136, -102, 
-92, -63, 29, 78, -61, -17, -14, 0, 395, -117, -131, -102, 
-112, -63, 48, 87, -80, -7, -14, 0, 395, -117, -122, -102, 
-122, -48, 73, 85, -97, 12, -14, -4, 400, -107, -112, -102, 
-107, -48, 58, 78, -82, 4, -4, -4, 409, -92, -112, -97, 
-107, -48, 58, 78, -82, 4, -4, 4, 419, -87, -112, -97, 
-126, -48, 78, 87, -102, 14, 0, -9, 429, -87, -107, -97, 
-146, -48, 97, 97, -122, 24, -4, -24, 439, -82, -97, -97, 
-131, -39, 92, 85, -112, 26, -4, -24, 444, -78, -97, -92, 
-107, -19, 87, 63, -97, 34, 9, -24, 448, -68, -92, -87, 
-92, -9, 82, 51, -87, 36, 14, -24, 458, -63, -87, -78, 
-117, 0, 117, 58, -117, 58, 14, -34, 468, -53, -73, -73, 
-112, 4, 117, 53, -114, 61, 14, -34, 473, -48, -78, -68, 
-92, 24, 117, 34, -104, 70, 14, -34, 478, -43, -73, -63, 
-68, 39, 107, 14, -87, 73, 9, -34, 492, -24, -58, -48, 
-68, 39, 107, 14, -87, 73, 14, -34, 492, -24, -63, -48, 
-102, 29, 131, 36, -117, 80, 43, -34, 512, -24, -63, -58, 
-107, 24, 131, 41, -119, 78, 29, -34, 512, -24, -68, -58, 
-107, 24, 131, 41, -119, 78, 34, -43, 507, -24, -68, -58, 
-97, 39, 136, 29, -117, 87, 48, -58, 502, -24, -63, -53, 
-107, 43, 151, 31, -129, 97, 48, -58, 507, -24, -58, -48, 
-131, 43, 175, 43, -153, 109, 53, -58, 512, -24, -58, -48, 
-151, 29, 180, 61, -165, 104, 48, -58, 512, -24, -58, -48, 
-156, 39, 195, 58, -175, 117, 39, -58, 512, -14, -48, -43, 
-151, 43, 195, 53, -173, 119, 19, -58, 517, -4, -48, -34, 
-170, 43, 214, 63, -192, 129, -4, -63, 522, 0, -39, -34, 
-200, 39, 239, 80, -219, 139, -9, -63, 527, 0, -39, -39, 
-190, 39, 229, 75, -209, 134, -34, -68, 527, 4, -43, -34, 
-175, 43, 219, 65, -197, 131, -48, -63, 527, 4, -43, -34, 
-136, 63, 200, 36, -168, 131, -63, -58, 531, 9, -34, -29, 
-126, 82, 209, 21, -168, 146, -82, -53, 531, 14, -29, -24, 
-131, 73, 204, 29, -168, 139, -107, -48, 517, 14, -19, -19, 
-122, 73, 195, 24, -158, 134, -122, -53, 512, 9, -24, -14, 
-92, 73, 165, 9, -129, 119, -141, -48, 507, 9, -24, -9, 
-48, 82, 131, -17, -90, 107, -156, -34, 497, 9, -19, 0, 
-39, 73, 112, -17, -75, 92, -170, -34, 483, 4, -14, 0, 
-58, 73, 131, -7, -95, 102, -175, -29, 483, 14, -14, -4, 
-68, 73, 141, -2, -104, 107, -175, -29, 478, 14, -14, -9, 
-58, 78, 136, -9, -97, 107, -175, -39, 478, 14, -14, -14, 
-9, 82, 92, -36, -51, 87, -170, -29, 473, 9, -19, -19, 
4, 82, 78, -43, -36, 80, -175, -19, 458, 4, -24, -14, 
9, 78, 68, -43, -29, 73, -180, -4, 444, 0, -24, -9, 
24, 73, 48, -48, -12, 61, -175, 4, 434, -4, -29, -4, 
9, 34, 24, -21, -7, 29, -175, 14, 419, -14, -39, -24, 
-19, 9, 29, 4, -24, 19, -175, 0, 419, -29, -48, -39, 
0, 14, 14, -7, -7, 14, -165, 9, 409, -24, -39, -29, 
9, 19, 9, -14, 0, 14, -165, 9, 409, -19, -39, -29, 
19, 24, 4, -21, 7, 14, -165, 9, 409, -14, -39, -29, 
29, 29, 0, -29, 14, 14, -165, 9, 409, -9, -39, -29, 
29, 29, 0, -29, 14, 14, -151, 19, 405, -24, -29, -29, 
53, 29, -24, -41, 39, 2, -165, 24, 405, -24, -34, -29, 
92, 39, -53, -65, 73, -7, -165, 39, 405, -24, -34, -29, 
102, 39, -63, -70, 82, -12, -170, 43, 405, -24, -29, -24, 
73, 29, -43, -51, 58, -7, -156, 34, 395, -34, -34, -34, 
48, 14, -34, -31, 41, -9, -156, 34, 400, -34, -43, -34, 
53, 14, -39, -34, 46, -12, -151, 34, 409, -34, -48, -39, 
73, 24, -48, -48, 61, -12, -131, 39, 414, -34, -53, -39, 
73, 24, -48, -48, 61, -12, -131, 29, 409, -34, -58, -43, 
53, 19, -34, -36, 43, -7, -141, 29, 409, -39, -58, -43, 
48, 9, -39, -29, 43, -14, -151, 24, 405, -43, -63, -43, 
48, 4, -43, -26, 46, -19, -156, 24, 405, -48, -63, -43, 
78, 4, -73, -41, 75, -34, -151, 39, 405, -39, -63, -43, 
102, 4, -97, -53, 100, -46, -146, 48, 405, -34, -58, -39, 
68, 4, -63, -36, 65, -29, -146, 48, 405, -24, -53, -39, 
63, 0, -63, -31, 63, -31, -146, 39, 400, -34, -53, -39, 
73, 4, -68, -39, 70, -31, -131, 39, 400, -34, -48, -39, 
97, 9, -87, -53, 92, -39, -131, 39, 400, -34, -48, -39, 
97, 14, -82, -56, 90, -34, -136, 39, 400, -34, -48, -39, 
87, 19, -68, -53, 78, -24, -136, 39, 400, -34, -48, -39, 
73, 19, -53, -46, 63, -17, -126, 39, 409, -43, -58, -39, 
78, 19, -58, -48, 68, -19, -126, 39, 409, -43, -58, -39, 
97, 29, -68, -63, 82, -19, -126, 43, 409, -43, -53, -39, 
107, 34, -73, -70, 90, -19, -126, 48, 409, -34, -48, -34, 
82, 34, -48, -58, 65, -7, -112, 48, 414, -24, -58, -34, 
73, 34, -39, -53, 56, -2, -107, 48, 419, -29, -63, -34, 
73, 34, -39, -53, 56, -2, -107, 53, 424, -29, -63, -34, 
97, 39, -58, -68, 78, -9, -107, 58, 429, -29, -53, -29, 
97, 48, -48, -73, 73, 0, -102, 58, 429, -29, -43, -39, 
73, 43, -29, -58, 51, 7, -102, 53, 434, -29, -48, -39, 
58, 39, -19, -48, 39, 9, -102, 53, 439, -29, -53, -43, 
78, 39, -39, -58, 58, 0, -102, 53, 444, -29, -53, -43, 
112, 63, -48, -87, 80, 7, -102, 53, 448, -19, -48, -29, 
112, 68, -43, -90, 78, 12, -92, 58, 453, -9, -39, -19, 
92, 73, -19, -82, 56, 26, -82, 58, 458, -4, -34, -14, 
82, 58, -24, -70, 53, 17, -82, 58, 463, -4, -29, -9, 
82, 82, 0, -82, 41, 41, -82, 58, 468, 4, -19, 0, 
102, 87, -14, -95, 58, 36, -73, 58, 483, 4, -14, 0, 
102, 97, -4, -100, 53, 46, -73, 58, 488, 4, -9, 4, 
87, 102, 14, -95, 36, 58, -73, 58, 488, 4, -9, 4, 
87, 102, 14, -95, 36, 58, -58, 63, 492, 9, -14, 9, 
102, 102, 0, -102, 51, 51, -58, 58, 497, 14, -14, 9, 
122, 112, -9, -117, 65, 51, -68, 58, 502, 19, -14, 9, 
122, 112, -9, -117, 65, 51, -78, 63, 507, 24, -14, 9, 
82, 92, 9, -87, 36, 51, -48, 63, 507, 24, -14, 14, 
58, 82, 24, -70, 17, 53, -29, 63, 507, 19, -19, 14, 
48, 78, 29, -63, 9, 53, -14, 63, 507, 19, -19, 14, 
63, 87, 24, -75, 19, 56, -4, 63, 507, 24, -14, 14, 
53, 78, 24, -65, 14, 51, 0, 53, 507, 19, -24, 9, 
34, 73, 39, -53, -2, 56, 0, 43, 507, 14, -24, 4, 
14, 58, 43, -36, -14, 51, -4, 34, 502, 4, -29, 0, 
14, 68, 53, -41, -19, 61, -4, 29, 497, 0, -29, -4, 
19, 78, 58, -48, -19, 68, -19, 19, 512, 9, -14, 0, 
19, 78, 58, -48, -19, 68, -24, 24, 517, 14, -14, 4, 
-4, 78, 82, -36, -43, 80, -24, 24, 522, 19, -14, 9, 
-29, 63, 92, -17, -61, 78, -39, 24, 531, 19, -14, 9, 
-9, 82, 92, -36, -51, 87, -68, 9, 527, 19, -9, 19, 
14, 102, 87, -58, -36, 95, -87, 9, 522, 24, -4, 24, 
24, 112, 87, -68, -31, 100, -117, 9, 517, 24, 0, 24, 
24, 117, 92, -70, -34, 104, -146, 9, 512, 19, 4, 24, 
9, 92, 82, -51, -36, 87, -156, 9, 497, 9, -19, 4, 
24, 87, 63, -56, -19, 75, -165, 14, 497, 9, -24, 0, 
48, 92, 43, -70, 2, 68, -175, 19, 497, 19, -29, -4, 
63, 92, 29, -78, 17, 61, -185, 29, 497, 19, -29, -4, 
68, 87, 19, -78, 24, 53, -185, 39, 492, 14, -29, -4, 
53, 78, 24, -65, 14, 51, -185, 34, 488, 9, -29, -4, 
58, 63, 4, -61, 26, 34, -185, 29, 483, -4, -34, -9, 
82, 68, -14, -75, 48, 26, -200, 29, 478, -9, -34, -9, 
92, 78, -14, -85, 53, 31, -190, 39, 468, -14, -39, -9, 
87, 78, -9, -82, 48, 34, -185, 43, 463, -14, -39, -9, 
87, 73, -14, -80, 51, 29, -180, 48, 458, -14, -39, -9, 
87, 73, -14, -80, 51, 29, -175, 53, 448, -14, -39, -9, 
131, 78, -53, -104, 92, 12, -161, 68, 458, 0, -24, 4, 
136, 82, -53, -109, 95, 14, -175, 82, 458, 14, -19, 9, 
122, 82, -39, -102, 80, 21, -170, 73, 458, 19, -14, 14, 
117, 78, -39, -97, 78, 19, -156, 73, 458, 19, -9, 19, 
126, 63, -63, -95, 95, 0, -146, 63, 448, 4, -14, 14, 
151, 68, -82, -109, 117, -7, -146, 68, 448, 0, -19, 9, 
151, 63, -87, -107, 119, -12, -146, 68, 444, -9, -24, 0, 
146, 43, -102, -95, 124, -29, -151, 68, 434, -19, -34, -4, 
97, -4, -102, -46, 100, -53, -161, 43, 405, -39, -78, -53, 
161, 14, -146, -87, 153, -65, -161, 63, 400, -39, -78, -53, 
244, 43, -200, -143, 222, -78, -190, 82, 395, -19, -48, -29, 
278, 53, -224, -165, 251, -85, -214, 97, 385, 4, -19, -14, 
263, 43, -219, -153, 241, -87, -229, 117, 390, 24, 0, 4, 
297, 82, -214, -190, 256, -65, -248, 122, 414, 68, 43, 39, 
400, 165, -234, -283, 317, -34, -283, 112, 444, 141, 122, 107, 
492, 248, -244, -370, 368, 2, -302, 122, 468, 219, 200, 175, 
570, 312, -258, -441, 414, 26, -336, 122, 478, 263, 248, 229, 
629, 336, -292, -483, 461, 21, -385, 82, 439, 253, 253, 248, 
732, 356, -375, -544, 553, -9, -473, 0, 356, 209, 248, 253, 
883, 395, -488, -639, 685, -46, -566, -102, 263, 146, 248, 273, 
1044, 478, -566, -761, 805, -43, -644, -190, 175, 87, 244, 292, 
1141, 527, -614, -834, 878, -43, -717, -283, 92, 9, 234, 317, 
1161, 531, -629, -846, 895, -48, -790, -390, 0, -87, 195, 312, 
1166, 531, -634, -849, 900, -51, -863, -512, -68, -180, 161, 302, 
1176, 556, -619, -866, 897, -31, -883, -605, -112, -239, 136, 312, 
1156, 585, -570, -871, 863, 7, -897, -712, -151, -292, 107, 307, 
1058, 551, -507, -805, 783, 21, -907, -854, -248, -414, 14, 263, 
888, 463, -424, -675, 656, 19, -883, -966, -331, -580, -122, 170, 
717, 390, -326, -553, 522, 31, -805, -1034, -361, -688, -219, 112, 
585, 390, -195, -488, 390, 97, -702, -1068, -322, -712, -258, 112, 
507, 400, -107, -453, 307, 146, -600, -1034, -278, -692, -263, 117, 
439, 370, -68, -405, 253, 151, -531, -941, -248, -678, -263, 97, 
346, 297, -48, -322, 197, 124, -492, -844, -224, -678, -287, 43, 
297, 239, -58, -268, 178, 90, -458, -736, -200, -658, -312, 4, 
312, 214, -97, -263, 204, 58, -439, -644, -156, -624, -322, -14, 
322, 195, -126, -258, 224, 34, -419, -551, -112, -580, -322, -34, 
263, 165, -97, -214, 180, 34, -390, -463, -53, -531, -302, -48, 
180, 146, -34, -163, 107, 56, -370, -385, 4, -473, -287, -48, 
151, 117, -34, -134, 92, 41, -336, -326, 63, -434, -273, -58, 
156, 102, -53, -129, 104, 24, -287, -253, 126, -370, -253, -63, 
161, 102, -58, -131, 109, 21, -224, -175, 195, -302, -219, -63, 
131, 82, -48, -107, 90, 17, -175, -126, 263, -224, -180, -58, 
58, 43, -14, -51, 36, 14, -131, -102, 331, -185, -161, -58, 
19, 24, 4, -21, 7, 14, -78, -78, 395, -151, -146, -58, 
48, 43, -4, -46, 26, 19, -24, -53, 439, -102, -117, -48, 
82, 68, -14, -75, 48, 26, 0, -48, 468, -68, -82, -29, 
43, 68, 24, -56, 9, 46, 14, -53, 478, -58, -73, -24, 
0, 39, 39, -19, -19, 39, 24, -39, 483, -58, -73, -24, 
-19, 39, 58, -9, -39, 48, 34, -34, 488, -58, -78, -29, 
-24, 39, 63, -7, -43, 51, 24, -29, 497, -58, -78, -29, 
-19, 48, 68, -14, -43, 58, 34, -29, 507, -48, -78, -29, 
-19, 29, 48, -4, -34, 39, 43, -29, 512, -48, -92, -43, 
-48, 14, 63, 17, -56, 39, 53, -34, 512, -53, -102, -58, 
-68, -9, 58, 39, -63, 24, 58, -43, 512, -63, -112, -68, 
-68, -14, 53, 41, -61, 19, 63, -43, 507, -78, -117, -78, 
-53, -9, 43, 31, -48, 17, 68, -53, 497, -78, -117, -78, 
-58, -9, 48, 34, -53, 19, 68, -48, 497, -68, -107, -68, 
-82, -14, 68, 48, -75, 26, 68, -43, 502, -78, -107, -68, 
-92, -19, 73, 56, -82, 26, 63, -39, 507, -78, -112, -63, 
-82, -19, 63, 51, -73, 21, 43, -39, 507, -87, -117, -68, 
-63, -9, 53, 36, -58, 21, 24, -34, 502, -78, -122, -73, 
-63, -9, 53, 36, -58, 21, 4, -29, 502, -73, -126, -78, 
-82, -29, 53, 56, -68, 12, -9, -29, 497, -73, -136, -92, 
-102, -24, 78, 63, -90, 26, -29, -39, 497, -78, -136, -102, 
-92, -24, 68, 58, -80, 21, -34, -39, 488, -78, -136, -102, 
-78, -24, 53, 51, -65, 14, -48, -39, 483, -78, -126, -97, 
-68, -19, 48, 43, -58, 14, -63, -34, 473, -82, -126, -92, 
-87, -14, 73, 51, -80, 29, -73, -24, 478, -73, -117, -87, 
-107, -19, 87, 63, -97, 34, -82, -24, 483, -78, -117, -82, 
-92, -14, 78, 53, -85, 31, -87, -24, 488, -82, -126, -82, 
-73, -4, 68, 39, -70, 31, -92, -19, 488, -82, -126, -78, 
-68, -14, 53, 41, -61, 19, -97, -29, 478, -68, -141, -92, 
-82, -29, 53, 56, -68, 12, -97, -29, 483, -68, -141, -97, 
-97, -39, 58, 68, -78, 9, -112, -29, 483, -73, -146, -107, 
-92, -39, 53, 65, -73, 7, -122, -29, 478, -73, -146, -107, 
-63, -29, 34, 46, -48, 2, -97, -19, 468, -63, -126, -97, 
-43, -19, 24, 31, -34, 2, -78, -9, 473, -68, -117, -87, 
-53, -19, 34, 36, -43, 7, -68, -4, 473, -68, -112, -82, 
-68, -19, 48, 43, -58, 14, -53, 0, 473, -68, -107, -78, 
-58, -29, 29, 43, -43, 0, -63, 0, 468, -78, -112, -78, 
-34, -24, 9, 29, -21, -7, -53, 4, 463, -73, -117, -78, 
-34, -24, 9, 29, -21, -7, -43, 9, 458, -73, -122, -78, 
-58, -24, 34, 41, -46, 4, -29, 9, 463, -73, -126, -78, 
-73, -53, 19, 63, -46, -17, -24, 9, 458, -78, -146, -92, 
-73, -63, 9, 68, -41, -26, -19, 9, 453, -82, -146, -97, 
-68, -63, 4, 65, -36, -29, -9, 14, 453, -87, -146, -102, 
-58, -63, -4, 61, -26, -34, -4, 19, 448, -92, -141, -102, 
-73, -78, -4, 75, -34, -41, 9, 29, 448, -107, -146, -112, 
-73, -82, -9, 78, -31, -46, 14, 29, 453, -112, -156, -122, 
-73, -82, -9, 78, -31, -46, 19, 29, 458, -112, -161, -122, 
-53, -68, -14, 61, -19, -41, 39, 34, 463, -102, -165, -117, 
-53, -68, -14, 61, -19, -41, 29, 48, 468, -92, -161, -107, 
-68, -87, -19, 78, -24, -53, 29, 48, 468, -87, -156, -107, 
-87, -87, 0, 87, -43, -43, 34, 43, 468, -82, -156, -107, 
-87, -87, 0, 87, -43, -43, 39, 43, 478, -78, -151, -107, 
-78, -87, -9, 82, -34, -48, 43, 43, 478, -78, -161, -117, 
-78, -82, -4, 80, -36, -43, 53, 48, 483, -78, -156, -112, 
-82, -82, 0, 82, -41, -41, 58, 48, 483, -82, -156, -112, 
-102, -82, 19, 92, -61, -31, 63, 48, 483, -87, -151, -112, 
-102, -68, 34, 85, -68, -17, 63, 39, 492, -87, -156, -102, 
-87, -68, 19, 78, -53, -24, 73, 43, 497, -73, -161, -97, 
-87, -68, 19, 78, -53, -24, 73, 58, 502, -68, -165, -97, 
-107, -68, 39, 87, -73, -14, 78, 48, 507, -68, -165, -97, 
-131, -78, 53, 104, -92, -12, 82, 53, 502, -58, -161, -102, 
-122, -78, 43, 100, -82, -17, 82, 53, 502, -58, -156, -102, 
-102, -68, 34, 85, -68, -17, 97, 53, 502, -53, -146, -102, 
-92, -68, 24, 80, -58, -21, 102, 53, 507, -53, -136, -97, 
-122, -63, 58, 92, -90, -2, 112, 63, 527, -58, -136, -97, 
-122, -63, 58, 92, -90, -2, 112, 63, 531, -58, -146, -97, 
-107, -48, 58, 78, -82, 4, 112, 63, 536, -58, -146, -97, 
-87, -39, 48, 63, -68, 4, 107, 63, 551, -43, -136, -87, 
-82, -39, 43, 61, -63, 2, 107, 73, 551, -29, -131, -87, 
-112, -48, 63, 80, -87, 7, 131, 73, 570, -24, -131, -97, 
-112, -53, 58, 82, -85, 2, 112, 73, 570, -19, -136, -97, 
-107, -53, 53, 80, -80, 0, 112, 63, 566, -14, -136, -97, 
-87, -48, 39, 68, -63, -4, 117, 58, 561, -4, -122, -82, 
-87, -43, 43, 65, -65, 0, 117, 58, 566, -4, -107, -78, 
-102, -43, 58, 73, -80, 7, 122, 58, 570, -4, -97, -78, 
-112, -58, 53, 85, -82, -2, 117, 58, 570, -4, -87, -78, 
-78, -24, 53, 51, -65, 14, 126, 53, 575, -4, -92, -73, 
-53, -4, 48, 29, -51, 21, 117, 58, 585, 4, -97, -63, 
-53, 9, 63, 21, -58, 36, 102, 58, 595, 9, -92, -63, 
-63, 19, 82, 21, -73, 51, 107, 63, 605, 9, -97, -68, 
-78, 0, 78, 39, -78, 39, 112, 58, 614, 14, -92, -63, 
-78, -4, 73, 41, -75, 34, 126, 63, 614, 14, -92, -63, 
-53, 4, 58, 24, -56, 31, 141, 68, 619, 19, -82, -58, 
-58, 14, 73, 21, -65, 43, 151, 73, 619, 24, -78, -53, 
-87, -9, 78, 48, -82, 34, 156, 63, 600, 9, -92, -68, 
-92, -14, 78, 53, -85, 31, 151, 53, 600, 0, -102, -73, 
-78, -19, 58, 48, -68, 19, 141, 53, 600, -4, -107, -78, 
-48, -14, 34, 31, -41, 9, 136, 63, 595, -9, -107, -78, 
-58, -4, 53, 31, -56, 24, 126, 48, 585, -4, -102, -73, 
-78, -4, 73, 41, -75, 34, 117, 48, 590, 4, -102, -73, 
-87, -4, 82, 46, -85, 39, 112, 43, 590, 4, -102, -73, 
-78, 0, 78, 39, -78, 39, 107, 29, 595, 4, -102, -73, 
-48, 4, 53, 21, -51, 29, 92, 19, 585, 4, -92, -68, 
-53, 4, 58, 24, -56, 31, 68, 19, 575, 4, -92, -63, 
-68, 0, 68, 34, -68, 34, 43, 24, 566, 4, -87, -58, 
-73, -4, 68, 39, -70, 31, 29, 24, 561, 4, -87, -53, 
-48, 14, 63, 17, -56, 39, 4, 29, 546, 14, -82, -39, 
0, 39, 39, -19, -19, 39, -29, 24, 546, 19, -68, -24, 
24, 48, 24, -36, 0, 36, -53, 19, 546, 19, -63, -19, 
24, 58, 34, -41, -4, 46, -68, 14, 546, 19, -58, -14, 
14, 68, 53, -41, -19, 61, -82, 19, 556, 24, -73, -19, 
29, 68, 39, -48, -4, 53, -87, 29, 556, 24, -73, -19, 
73, 78, 4, -75, 34, 41, -87, 34, 551, 24, -63, -19, 
92, 87, -4, -90, 48, 41, -87, 39, 546, 34, -58, -14, 
58, 58, 0, -58, 29, 29, -102, 34, 541, 29, -68, -19, 
48, 48, 0, -48, 24, 24, -107, 39, 536, 19, -68, -24, 
43, 43, 0, -43, 21, 21, -112, 43, 536, 14, -68, -29, 
68, 53, -14, -61, 41, 19, -112, 48, 531, 9, -68, -29, 
78, 68, -9, -73, 43, 29, -122, 48, 512, 9, -63, -14, 
68, 68, 0, -68, 34, 34, -122, 43, 507, 9, -58, -9, 
58, 58, 0, -58, 29, 29, -112, 43, 492, 9, -58, -4, 
58, 58, 0, -58, 29, 29, -107, 39, 497, 9, -53, 0, 
82, 53, -29, -68, 56, 12, -117, 53, 492, 4, -63, 0, 
102, 58, -43, -80, 73, 7, -107, 58, 488, 9, -48, 4, 
78, 58, -19, -68, 48, 19, -107, 63, 483, 4, -58, -9, 
58, 43, -14, -51, 36, 14, -102, 63, 483, -4, -58, -14, 
92, 63, -29, -78, 61, 17, -82, 78, 483, 4, -58, -14, 
131, 73, -58, -102, 95, 7, -78, 87, 488, 9, -53, -14, 
170, 78, -92, -124, 131, -7, -73, 97, 488, 14, -48, -14, 
170, 78, -92, -124, 131, -7, -73, 97, 488, 14, -48, -14, 
131, 53, -78, -92, 104, -12, -58, 87, 488, 0, -63, -29, 
122, 53, -68, -87, 95, -7, -48, 92, 492, -4, -73, -29, 
126, 48, -78, -87, 102, -14, -39, 102, 497, -9, -82, -29, 
131, 39, -92, -85, 112, -26, -34, 102, 497, -14, -92, -29, 
112, 34, -78, -73, 95, -21, -24, 112, 497, -9, -78, -19, 
102, 24, -78, -63, 90, -26, -24, 112, 497, -9, -78, -19, 
107, 29, -78, -68, 92, -24, -19, 112, 502, -4, -73, -19, 
131, 43, -87, -87, 109, -21, -14, 112, 502, 4, -63, -19, 
156, 68, -87, -112, 122, -9, -19, 107, 497, 0, -63, -9, 
136, 58, -78, -97, 107, -9, -14, 107, 492, -4, -63, -9, 
112, 48, -63, -80, 87, -7, -9, 102, 492, -9, -63, -9, 
107, 48, -58, -78, 82, -4, -4, 102, 497, -14, -63, -9, 
112, 58, -53, -85, 82, 2, -9, 112, 507, -9, -63, -9, 
117, 58, -58, -87, 87, 0, -9, 122, 507, -4, -63, -9, 
97, 58, -39, -78, 68, 9, -4, 126, 507, -4, -63, -9, 
92, 53, -39, -73, 65, 7, -4, 126, 507, 0, -63, -9, 
117, 63, -53, -90, 85, 4, 4, 131, 512, 9, -58, -9, 
146, 68, -78, -107, 112, -4, 4, 131, 512, 14, -53, -9, 
151, 78, -73, -114, 112, 2, 4, 131, 512, 14, -48, -9, 
117, 68, -48, -92, 82, 9, 4, 131, 512, 14, -48, -9, 
92, 53, -39, -73, 65, 7, 14, 131, 522, 9, -53, -9, 
92, 53, -39, -73, 65, 7, 19, 131, 522, 9, -58, -9, 
112, 63, -48, -87, 80, 7, 19, 136, 522, 9, -58, -4, 
112, 63, -48, -87, 80, 7, 14, 136, 522, 4, -63, -4, 
97, 68, -29, -82, 63, 19, 19, 146, 536, 14, -53, -4, 
78, 58, -19, -68, 48, 19, 29, 146, 541, 14, -58, -9, 
87, 58, -29, -73, 58, 14, 43, 141, 546, 14, -58, -9, 
107, 63, -43, -85, 75, 9, 48, 141, 551, 14, -53, -9, 
107, 82, -24, -95, 65, 29, 53, 156, 556, 24, -53, -19, 
87, 68, -19, -78, 53, 24, 53, 156, 561, 24, -53, -19, 
58, 63, 4, -61, 26, 34, 58, 156, 566, 24, -58, -19, 
63, 63, 0, -63, 31, 31, 63, 156, 570, 19, -58, -14, 
58, 73, 14, -65, 21, 43, 68, 165, 585, 24, -53, -4, 
58, 73, 14, -65, 21, 43, 73, 165, 595, 29, -43, 0, 
53, 73, 19, -63, 17, 46, 78, 165, 600, 39, -39, 4, 
39, 68, 29, -53, 4, 48, 82, 165, 605, 43, -43, 4, 
53, 63, 9, -58, 21, 36, 87, 170, 605, 34, -48, 0, 
73, 68, -4, -70, 39, 31, 102, 175, 600, 34, -53, -4, 
68, 68, 0, -68, 34, 34, 107, 180, 595, 34, -53, -9, 
63, 68, 4, -65, 29, 36, 112, 180, 590, 34, -53, -14, 
39, 48, 9, -43, 14, 29, 112, 175, 600, 19, -58, -19, 
14, 39, 24, -26, -4, 31, 117, 170, 600, 19, -63, -24, 
29, 43, 14, -36, 7, 29, 126, 165, 600, 24, -58, -29, 
19, 34, 14, -26, 2, 24, 131, 156, 605, 24, -63, -29, 
-4, 24, 29, -9, -17, 26, 107, 131, 595, 0, -73, -29, 
-39, 14, 53, 12, -46, 34, 87, 107, 585, -14, -82, -29, 
-4, 29, 34, -12, -19, 31, 68, 107, 580, -9, -82, -29, 
29, 53, 24, -41, 2, 39, 48, 102, 575, 0, -73, -14, 
58, 68, 9, -63, 24, 39, -4, 87, 551, 4, -53, -9, 
19, 58, 39, -39, -9, 48, -19, 78, 546, 9, -58, -19, 
24, 48, 24, -36, 0, 36, -34, 78, 536, 0, -63, -29, 
29, 48, 19, -39, 4, 34, -48, 78, 536, 0, -68, -29, 
34, 48, 14, -41, 9, 31, -63, 78, 536, 0, -73, -29, 
39, 48, 9, -43, 14, 29, -78, 78, 536, 0, -78, -29, 
48, 48, 0, -48, 24, 24, -97, 68, 527, -9, -78, -29, 
48, 48, 0, -48, 24, 24, -107, 68, 527, -9, -78, -29, 
48, 48, 0, -48, 24, 24, -117, 68, 527, -9, -78, -29, 
48, 48, 0, -48, 24, 24, -126, 68, 527, -9, -78, -29, 
58, 63, 4, -61, 26, 34, -126, 73, 531, 4, -63, -14, 
58, 78, 19, -68, 19, 48, -126, 78, 536, 9, -58, -9, 
58, 92, 34, -75, 12, 63, -126, 82, 541, 14, -53, -4, 
58, 107, 48, -82, 4, 78, -126, 87, 546, 19, -48, 0, 
58, 97, 39, -78, 9, 68, -136, 78, 541, 9, -58, -9, 
58, 87, 29, -73, 14, 58, -136, 78, 536, 9, -58, -9, 
58, 78, 19, -68, 19, 48, -136, 78, 531, 9, -58, -9, 
58, 68, 9, -63, 24, 39, -136, 78, 527, 9, -58, -9, 
78, 78, 0, -78, 39, 39, -131, 92, 512, 9, -58, -4, 
87, 78, -9, -82, 48, 34, -126, 97, 507, 9, -58, 0, 
97, 78, -19, -87, 58, 29, -122, 102, 502, 9, -58, 4, 
107, 78, -29, -92, 68, 24, -117, 107, 497, 9, -58, 9, 
97, 68, -29, -82, 63, 19, -107, 112, 507, 9, -68, 4, 
97, 68, -29, -82, 63, 19, -97, 117, 507, 9, -68, 0, 
97, 68, -29, -82, 63, 19, -87, 122, 507, 9, -68, -4, 
97, 68, -29, -82, 63, 19, -78, 126, 507, 9, -68, -9, 
107, 68, -39, -87, 73, 14, -73, 126, 507, 19, -63, 0, 
117, 68, -48, -92, 82, 9, -68, 126, 507, 19, -58, 0, 
117, 68, -48, -92, 82, 9, -63, 126, 502, 14, -53, 0, 
141, 68, -73, -104, 107, -2, -78, 131, 502, 14, -53, 0, 
156, 73, -82, -114, 119, -4, -63, 136, 512, 4, -53, -9, 
151, 68, -82, -109, 117, -7, -63, 141, 512, 4, -48, -4, 
122, 63, -58, -92, 90, 2, -39, 141, 512, 4, -48, -4, 
97, 43, -53, -70, 75, -4, -29, 141, 517, 4, -53, -4, 
112, 53, -58, -82, 85, -2, -29, 141, 517, 4, -53, 0, 
141, 63, -78, -102, 109, -7, -14, 146, 522, 4, -53, 0, 
146, 68, -78, -107, 112, -4, -9, 146, 522, 9, -48, 4, 
131, 68, -63, -100, 97, 2, -14, 146, 527, 9, -48, 4, 
136, 58, -78, -97, 107, -9, -19, 151, 522, 0, -58, 0, 
136, 53, -82, -95, 109, -14, -19, 151, 522, 0, -63, -4, 
156, 58, -97, -107, 126, -19, -19, 156, 517, 0, -68, -9, 
180, 53, -126, -117, 153, -36, -19, 165, 512, 4, -68, -9, 
136, 63, -73, -100, 104, -4, -19, 165, 527, 24, -53, -19, 
131, 58, -73, -95, 102, -7, -19, 156, 527, 14, -53, -19, 
131, 58, -73, -95, 102, -7, -14, 156, 531, 14, -58, -19, 
156, 58, -97, -107, 126, -19, -14, 156, 536, 14, -58, -19, 
146, 58, -87, -102, 117, -14, -9, 146, 536, 14, -58, -9, 
136, 58, -78, -97, 107, -9, -9, 146, 536, 14, -58, -9, 
126, 58, -68, -92, 97, -4, -9, 146, 536, 14, -58, -9, 
136, 58, -78, -97, 107, -9, -9, 146, 536, 14, -58, -9, 
146, 63, -82, -104, 114, -9, 0, 161, 546, 14, -43, -19, 
146, 63, -82, -104, 114, -9, 0, 165, 546, 24, -39, -14, 
117, 58, -58, -87, 87, 0, 4, 165, 546, 24, -39, -14, 
92, 53, -39, -73, 65, 7, 9, 165, 546, 19, -43, -14, 
87, 58, -29, -73, 58, 14, 24, 170, 561, 29, -43, -9, 
107, 68, -39, -87, 73, 14, 29, 175, 566, 29, -34, 0, 
102, 73, -29, -87, 65, 21, 29, 175, 566, 29, -34, 4, 
73, 73, 0, -73, 36, 36, 34, 170, 570, 29, -39, 9, 
58, 78, 19, -68, 19, 48, 43, 175, 575, 39, -43, 4, 
78, 78, 0, -78, 39, 39, 43, 180, 580, 39, -43, 4, 
102, 87, -14, -95, 58, 36, 43, 195, 585, 43, -43, 4, 
102, 87, -14, -95, 58, 36, 53, 204, 590, 48, -39, 9, 
63, 73, 9, -68, 26, 41, 63, 195, 600, 39, -39, -4, 
43, 48, 4, -46, 19, 26, 63, 195, 600, 34, -39, -9, 
34, 53, 19, -43, 7, 36, 63, 195, 600, 34, -39, -14, 
43, 48, 4, -46, 19, 26, 73, 195, 610, 34, -34, -19, 
43, 43, 0, -43, 21, 21, 68, 185, 605, 19, -39, -24, 
29, 43, 14, -36, 7, 29, 63, 175, 595, 14, -48, -24, 
19, 43, 24, -31, -2, 34, 58, 161, 590, 9, -63, -29, 
34, 43, 9, -39, 12, 26, 48, 146, 585, 4, -73, -29, 
53, 53, 0, -53, 26, 26, 9, 131, 575, 4, -63, -19, 
53, 53, 0, -53, 26, 26, -29, 131, 566, 4, -63, -19, 
34, 48, 14, -41, 9, 31, -43, 126, 556, 4, -63, -14, 
19, 43, 24, -31, -2, 34, -58, 122, 546, 0, -68, -14, 
34, 43, 9, -39, 12, 26, -78, 107, 531, -4, -78, -19, 
63, 58, -4, -61, 34, 26, -102, 102, 527, -4, -73, -24, 
68, 58, -9, -63, 39, 24, -126, 92, 522, -9, -73, -29, 
63, 53, -9, -58, 36, 21, -156, 82, 517, -14, -73, -34, 
63, 53, -9, -58, 36, 21, -161, 92, 522, -14, -73, -29, 
73, 68, -4, -70, 39, 31, -161, 97, 517, -9, -68, -24, 
87, 82, -4, -85, 46, 39, -161, 102, 517, 0, -58, -19, 
97, 87, -9, -92, 53, 39, -161, 112, 517, 4, -53, -14, 
73, 78, 4, -75, 34, 41, -170, 112, 527, -4, -53, -14, 
58, 63, 4, -61, 26, 34, -185, 112, 531, -9, -53, -19, 
58, 63, 4, -61, 26, 34, -185, 107, 531, -9, -53, -19, 
73, 73, 0, -73, 36, 36, -175, 107, 531, -4, -53, -14, 
82, 63, -19, -73, 51, 21, -175, 112, 531, -4, -63, -24, 
73, 58, -14, -65, 43, 21, -175, 117, 531, -9, -63, -24, 
53, 48, -4, -51, 29, 21, -175, 117, 527, -19, -73, -29, 
63, 48, -14, -56, 39, 17, -175, 122, 527, -19, -73, -29, 
73, 63, -9, -68, 41, 26, -165, 126, 536, 0, -58, -14, 
82, 73, -9, -78, 46, 31, -165, 136, 536, 0, -48, -4, 
73, 78, 4, -75, 34, 41, -165, 141, 536, 0, -43, 0, 
53, 78, 24, -65, 14, 51, -165, 141, 536, 0, -39, 4, 
73, 82, 9, -78, 31, 46, -161, 146, 546, -4, -43, 0, 
102, 97, -4, -100, 53, 46, -170, 146, 546, 0, -43, 0, 
112, 102, -9, -107, 61, 46, -170, 151, 541, 9, -39, 0, 
117, 107, -9, -112, 63, 48, -165, 151, 541, 14, -39, 0, 
126, 112, -14, -119, 70, 48, -156, 165, 551, 24, -34, 9, 
126, 112, -14, -119, 70, 48, -146, 170, 546, 24, -29, 9, 
156, 117, -39, -136, 97, 39, -136, 180, 546, 24, -24, 9, 
156, 122, -34, -139, 95, 43, -146, 200, 546, 34, -19, 9, 
136, 107, -29, -122, 82, 39, -131, 190, 546, 24, -29, 9, 
126, 97, -29, -112, 78, 34, -117, 190, 546, 19, -29, 9, 
136, 92, -43, -114, 90, 24, -102, 190, 546, 19, -29, 9, 
161, 97, -63, -129, 112, 17, -97, 195, 546, 19, -29, 9, 
141, 78, -63, -109, 102, 7, -107, 204, 531, 14, -39, -4, 
126, 73, -53, -100, 90, 9, -92, 204, 522, 9, -43, -4, 
156, 73, -82, -114, 119, -4, -92, 209, 522, 9, -48, 4, 
209, 82, -126, -146, 168, -21, -102, 219, 517, 29, -29, 4, 
263, 92, -170, -178, 217, -39, -122, 248, 502, 48, -9, 19, 
258, 102, -156, -180, 207, -26, -126, 273, 512, 82, 29, 43, 
283, 122, -161, -202, 222, -19, -141, 292, 527, 122, 68, 82, 
375, 180, -195, -278, 285, -7, -180, 287, 541, 175, 131, 126, 
488, 263, -224, -375, 356, 19, -234, 278, 541, 229, 200, 185, 
590, 346, -244, -468, 417, 51, -273, 278, 556, 287, 258, 234, 
649, 370, -278, -509, 463, 46, -317, 278, 546, 312, 287, 268, 
756, 405, -351, -580, 553, 26, -385, 239, 497, 292, 292, 287, 
927, 463, -463, -695, 695, 0, -483, 146, 405, 248, 297, 322, 
1078, 512, -566, -795, 822, -26, -575, 34, 312, 204, 317, 361, 
1161, 546, -614, -854, 888, -34, -644, -63, 214, 126, 312, 380, 
1171, 556, -614, -863, 893, -29, -688, -146, 141, 48, 283, 385, 
1161, 561, -600, -861, 880, -19, -751, -253, 68, -39, 253, 380, 
1185, 600, -585, -893, 885, 7, -795, -356, 9, -102, 229, 380, 
1166, 644, -522, -905, 844, 61, -814, -448, -24, -141, 214, 390, 
1058, 624, -434, -841, 746, 95, -819, -566, -73, -253, 146, 346, 
873, 541, -331, -707, 602, 104, -800, -697, -141, -414, 4, 263, 
683, 483, -200, -583, 441, 141, -746, -790, -175, -541, -102, 200, 
541, 488, -53, -514, 297, 217, -639, -849, -146, -590, -151, 190, 
448, 488, 39, -468, 204, 263, -527, -854, -117, -605, -180, 180, 
380, 439, 58, -409, 161, 248, -424, -790, -102, -614, -214, 156, 
302, 351, 48, -326, 126, 200, -336, -688, -82, -629, -253, 107, 
209, 258, 48, -234, 80, 153, -297, -570, -68, -629, -287, 53, 
190, 209, 19, -200, 85, 114, -283, -483, -43, -610, -302, 4, 
204, 195, -9, -200, 107, 92, -283, -400, -19, -575, -302, -24, 
165, 165, 0, -165, 82, 82, -283, -326, 14, -541, -302, -43, 
87, 126, 39, -107, 24, 82, -273, -258, 73, -492, -302, -58, 
43, 117, 73, -80, -14, 95, -253, -180, 141, -444, -268, -58, 
63, 117, 53, -90, 4, 85, -219, -92, 219, -375, -244, -48, 
97, 112, 14, -104, 41, 63, -200, -29, 273, -302, -214, -53, 
92, 102, 9, -97, 41, 56, -185, 19, 322, -244, -180, -53, 
34, 63, 29, -48, 2, 46, -165, 39, 370, -195, -151, -48, 
-19, 34, 53, -7, -36, 43, -141, 43, 419, -165, -141, -58, 
-9, 34, 43, -12, -26, 39, -126, 39, 444, -131, -126, -68, 
29, 53, 24, -41, 2, 39, -131, 34, 458, -112, -107, -58, 
24, 58, 34, -41, -4, 46, -136, 39, 468, -97, -102, -48, 
-14, 39, 53, -12, -34, 46, -131, 43, 478, -97, -102, -43, 
-19, 24, 43, -2, -31, 34, -131, 58, 483, -87, -102, -53, 
-19, 29, 48, -4, -34, 39, -131, 63, 488, -87, -107, -58, 
-4, 34, 39, -14, -21, 36, -151, 68, 497, -87, -107, -58, 
19, 48, 29, -34, -4, 39, -151, 68, 507, -78, -107, -58, 
19, 24, 4, -21, 7, 14, -136, 68, 502, -82, -97, -58, 
-9, 14, 24, -2, -17, 19, -131, 63, 502, -82, -102, -68, 
-29, -4, 24, 17, -26, 9, -131, 53, 502, -87, -107, -73, 
-29, -4, 24, 17, -26, 9, -131, 53, 497, -97, -107, -78, 
-14, 4, 19, 4, -17, 12, -126, 43, 497, -87, -107, -68, 
-19, 9, 29, 4, -24, 19, -126, 48, 497, -78, -97, -58, 
-43, 9, 53, 17, -48, 31, -126, 53, 502, -87, -97, -58, 
-53, 9, 63, 21, -58, 36, -131, 58, 507, -87, -102, -53, 
-39, 19, 58, 9, -48, 39, -122, 68, 512, -87, -102, -63, 
-14, 29, 43, -7, -29, 36, -122, 73, 512, -78, -102, -63, 
-9, 29, 39, -9, -24, 34, -122, 78, 517, -73, -102, -63, 
-24, 9, 34, 7, -29, 21, -117, 78, 517, -73, -107, -73, 
-39, 9, 48, 14, -43, 29, -112, 58, 517, -78, -107, -78, 
-24, 14, 39, 4, -31, 26, -102, 58, 507, -78, -107, -73, 
-4, 19, 24, -7, -14, 21, -102, 58, 502, -78, -97, -63, 
9, 29, 19, -19, -4, 24, -102, 63, 492, -82, -97, -53, 
-4, 39, 43, -17, -24, 41, -92, 82, 507, -78, -92, -53, 
-19, 29, 48, -4, -34, 39, -92, 92, 512, -78, -87, -53, 
0, 29, 29, -14, -14, 29, -87, 102, 517, -78, -92, -58, 
24, 34, 9, -29, 7, 21, -82, 117, 517, -73, -87, -58, 
19, 34, 14, -26, 2, 24, -68, 117, 517, -78, -102, -63, 
-4, 19, 24, -7, -14, 21, -58, 117, 522, -78, -102, -68, 
-29, 9, 39, 9, -34, 24, -63, 117, 522, -82, -107, -78, 
-34, 9, 43, 12, -39, 26, -63, 117, 517, -82, -107, -78, 
-14, 9, 24, 2, -19, 17, -39, 107, 507, -82, -112, -73, 
4, 19, 14, -12, -4, 17, -29, 117, 512, -87, -107, -68, 
-4, 19, 24, -7, -14, 21, -29, 122, 512, -87, -107, -68, 
-19, 19, 39, 0, -29, 29, -24, 126, 512, -87, -107, -68, 
-9, 14, 24, -2, -17, 19, -29, 131, 512, -87, -107, -73, 
14, 14, 0, -14, 7, 7, -24, 141, 512, -82, -107, -78, 
14, 9, -4, -12, 9, 2, -19, 151, 512, -82, -107, -82, 
-9, 4, 14, 2, -12, 9, -9, 156, 522, -82, -107, -87, 
-14, -14, 0, 14, -7, -7, -4, 151, 512, -92, -107, -87, 
-14, -14, 0, 14, -7, -7, 0, 156, 512, -92, -107, -87, 
-9, -4, 4, 7, -7, 0, 9, 165, 517, -92, -107, -87, 
0, 4, 4, -2, -2, 4, 14, 175, 517, -92, -102, -82, 
-19, 0, 19, 9, -19, 9, 19, 195, 517, -87, -102, -73, 
-14, -4, 9, 9, -12, 2, 24, 195, 522, -92, -107, -82, 
-9, -4, 4, 7, -7, 0, 29, 195, 527, -92, -107, -82, 
14, 9, -4, -12, 9, 2, 48, 200, 531, -82, -107, -78, 
9, 14, 4, -12, 2, 9, 53, 204, 541, -78, -107, -82, 
-9, -9, 0, 9, -4, -4, 58, 204, 546, -78, -107, -87, 
-34, -14, 19, 24, -26, 2, 68, 200, 551, -78, -112, -92, 
-39, -19, 19, 29, -29, 0, 78, 200, 566, -78, -112, -97, 
-39, -24, 14, 31, -26, -4, 87, 190, 556, -82, -122, -97, 
-48, -24, 24, 36, -36, 0, 102, 195, 561, -78, -117, -92, 
-63, -29, 34, 46, -48, 2, 112, 195, 561, -78, -117, -92, 
-92, -34, 58, 63, -75, 12, 122, 195, 561, -78, -112, -92, 
-92, -19, 73, 56, -82, 26, 126, 195, 575, -78, -102, -92, 
-78, -19, 58, 48, -68, 19, 141, 200, 585, -63, -102, -87, 
-78, -19, 58, 48, -68, 19, 146, 214, 595, -58, -102, -87, 
-97, -19, 78, 58, -87, 29, 156, 204, 605, -58, -97, -87, 
-136, -29, 107, 82, -122, 39, 165, 190, 614, -68, -107, -102, 
-131, -29, 102, 80, -117, 36, 170, 190, 619, -68, -107, -102, 
-117, -19, 97, 68, -107, 39, 190, 190, 624, -63, -102, -102, 
-112, -19, 92, 65, -102, 36, 200, 190, 634, -63, -97, -97, 
-151, -34, 117, 92, -134, 41, 185, 180, 629, -78, -107, -107, 
-151, -34, 117, 92, -134, 41, 180, 170, 629, -78, -117, -107, 
-136, -19, 117, 78, -126, 48, 175, 161, 629, -78, -117, -107, 
-117, -9, 107, 63, -112, 48, 165, 151, 639, -63, -107, -97, 
-117, -14, 102, 65, -109, 43, 126, 136, 614, -73, -107, -102, 
-151, -29, 122, 90, -136, 46, 122, 122, 619, -82, -112, -117, 
-156, -39, 117, 97, -136, 39, 73, 107, 605, -92, -122, -122, 
-156, -43, 112, 100, -134, 34, 43, 82, 585, -102, -126, -126, 
-122, -39, 82, 80, -102, 21, 19, 68, 570, -102, -131, -122, 
-117, -34, 82, 75, -100, 24, -9, 68, 566, -102, -126, -117, 
-126, -34, 92, 80, -109, 29, -34, 68, 561, -102, -126, -117, 
-131, -48, 82, 90, -107, 17, -68, 68, 551, -102, -126, -117, 
-92, -29, 63, 61, -78, 17, -82, 58, 541, -107, -126, -122, 
-63, -14, 48, 39, -56, 17, -107, 58, 536, -102, -126, -112, 
-58, -4, 53, 31, -56, 24, -136, 53, 531, -102, -117, -112, 
-63, 0, 63, 31, -63, 31, -146, 53, 527, -107, -117, -117, 
-63, 0, 63, 31, -63, 31, -146, 58, 536, -107, -117, -107, 
-58, 4, 63, 26, -61, 34, -136, 63, 536, -102, -112, -102, 
-29, 24, 53, 2, -41, 39, -126, 68, 541, -92, -97, -92, 
-29, 43, 73, -7, -51, 58, -122, 73, 541, -82, -87, -82, 
-29, 48, 78, -9, -53, 63, -117, 78, 541, -78, -78, -73, 
-24, 53, 78, -14, -51, 65, -122, 73, 541, -78, -82, -73, 
0, 58, 58, -29, -29, 58, -131, 78, 541, -73, -82, -73, 
39, 73, 34, -56, 2, 53, -136, 92, 536, -68, -78, -68, 
34, 68, 34, -51, 0, 51, -131, 102, 531, -73, -73, -73, 
9, 63, 53, -36, -21, 58, -136, 107, 531, -63, -73, -73, 
-4, 58, 63, -26, -34, 61, -136, 107, 527, -63, -73, -73, 
0, 58, 58, -29, -29, 58, -136, 97, 527, -63, -73, -73, 
43, 78, 34, -61, 4, 56, -126, 107, 531, -58, -53, -58, 
43, 82, 39, -63, 2, 61, -126, 117, 527, -53, -53, -53, 
34, 82, 48, -58, -7, 65, -126, 131, 522, -48, -48, -48, 
34, 82, 48, -58, -7, 65, -117, 141, 522, -43, -48, -43, 
53, 87, 34, -70, 9, 61, -107, 161, 522, -39, -39, -43, 
97, 107, 9, -102, 43, 58, -117, 161, 527, -29, -29, -34, 
117, 112, -4, -114, 61, 53, -117, 161, 531, -24, -29, -34, 
112, 117, 4, -114, 53, 61, -107, 161, 536, -19, -29, -34, 
82, 112, 29, -97, 26, 70, -102, 165, 536, -34, -34, -29, 
87, 107, 19, -97, 34, 63, -97, 175, 536, -34, -34, -29, 
122, 112, -9, -117, 65, 51, -87, 180, 531, -34, -24, -29, 
131, 117, -14, -124, 73, 51, -78, 185, 527, -24, -19, -24, 
112, 112, 0, -112, 56, 56, -68, 180, 527, -14, -19, -24, 
107, 107, 0, -107, 53, 53, -68, 185, 527, -19, -19, -24, 
107, 107, 0, -107, 53, 53, -68, 190, 531, -19, -19, -24, 
136, 122, -14, -129, 75, 53, -63, 195, 531, -19, -19, -19, 
136, 122, -14, -129, 75, 53, -53, 200, 517, -29, -19, -29, 
126, 117, -9, -122, 68, 53, -53, 200, 517, -29, -19, -29, 
117, 102, -14, -109, 65, 43, -43, 204, 507, -29, -24, -29, 
117, 97, -19, -107, 68, 39, -39, 204, 517, -29, -24, -29, 
141, 102, -39, -122, 90, 31, -48, 209, 517, -29, -24, -24, 
161, 107, -53, -134, 107, 26, -39, 214, 517, -19, -9, -14, 
136, 107, -29, -122, 82, 39, -39, 219, 517, -19, -19, -24, 
117, 92, -24, -104, 70, 34, -34, 219, 522, -24, -19, -24, 
136, 92, -43, -114, 90, 24, -34, 214, 512, -24, -19, -24, 
161, 102, -58, -131, 109, 21, -29, 224, 517, -19, -14, -24, 
185, 107, -78, -146, 131, 14, -24, 234, 517, -14, -9, -24, 
170, 107, -63, -139, 117, 21, -24, 234, 517, -14, -9, -24, 
136, 82, -53, -109, 95, 14, -4, 224, 527, -14, -14, -19, 
131, 92, -39, -112, 85, 26, 9, 229, 531, -14, -14, -19, 
141, 97, -43, -119, 92, 26, 24, 239, 536, -14, -14, -19, 
151, 97, -53, -124, 102, 21, 34, 239, 536, -14, -14, -19, 
126, 92, -34, -109, 80, 29, 48, 248, 541, -4, -4, -29, 
112, 82, -29, -97, 70, 26, 53, 248, 546, -9, -9, -29, 
112, 87, -24, -100, 68, 31, 63, 248, 556, -9, -9, -29, 
131, 102, -29, -117, 80, 36, 73, 248, 561, -4, -4, -29, 
131, 107, -24, -119, 78, 41, 82, 244, 570, -9, -9, -39, 
97, 87, -9, -92, 53, 39, 92, 244, 570, -14, -14, -39, 
58, 68, 9, -63, 24, 39, 102, 239, 575, -19, -19, -39, 
39, 58, 19, -48, 9, 39, 112, 239, 585, -24, -24, -39, 
39, 68, 29, -53, 4, 48, 126, 224, 590, -24, -24, -39, 
39, 68, 29, -53, 4, 48, 126, 229, 585, -24, -24, -39, 
14, 68, 53, -41, -19, 61, 131, 229, 580, -29, -24, -39, 
4, 63, 58, -34, -26, 61, 131, 224, 575, -29, -24, -39, 
34, 63, 29, -48, 2, 46, 126, 204, 570, -39, -34, -39, 
58, 68, 9, -63, 24, 39, 122, 200, 570, -34, -34, -39, 
58, 78, 19, -68, 19, 48, 117, 195, 570, -34, -34, -39, 
19, 68, 48, -43, -14, 58, 112, 190, 570, -34, -39, -39, 
0, 63, 63, -31, -31, 63, 82, 170, 556, -48, -39, -48, 
4, 63, 58, -34, -26, 61, 58, 161, 551, -48, -39, -48, 
29, 73, 43, -51, -7, 58, 29, 156, 546, -48, -34, -43, 
34, 73, 39, -53, -2, 56, -4, 146, 541, -53, -34, -43, 
34, 68, 34, -51, 0, 51, -43, 141, 522, -63, -43, -43, 
19, 58, 39, -39, -9, 48, -68, 136, 512, -63, -48, -48, 
34, 58, 24, -46, 4, 41, -87, 126, 502, -63, -48, -48, 
58, 63, 4, -61, 26, 34, -117, 122, 492, -63, -43, -48, 
78, 82, 4, -80, 36, 43, -136, 131, 492, -63, -43, -48, 
68, 68, 0, -68, 34, 34, -151, 126, 492, -63, -43, -48, 
48, 63, 14, -56, 17, 39, -161, 122, 492, -63, -48, -48, 
63, 63, 0, -63, 31, 31, -170, 117, 492, -68, -48, -43, 
78, 78, 0, -78, 39, 39, -165, 131, 502, -63, -34, -34, 
87, 92, 4, -90, 41, 48, -170, 136, 507, -58, -24, -29, 
92, 107, 14, -100, 39, 61, -175, 141, 507, -48, -19, -24, 
87, 117, 29, -102, 29, 73, -180, 146, 507, -43, -24, -24, 
165, 136, -29, -151, 97, 53, -180, 146, 507, -34, -24, -24, 
180, 126, -53, -153, 117, 36, -190, 146, 492, -34, -24, -24, 
122, 102, -19, -112, 70, 41, -190, 146, 488, -43, -29, -34, 
78, 78, 0, -78, 39, 39, -195, 136, 488, -58, -39, -39, 
102, 87, -14, -95, 58, 36, -195, 141, 488, -53, -34, -34, 
117, 97, -19, -107, 68, 39, -195, 146, 488, -48, -29, -29, 
131, 107, -24, -119, 78, 41, -195, 151, 488, -43, -24, -24, 
146, 117, -29, -131, 87, 43, -195, 156, 488, -39, -19, -19, 
146, 122, -24, -134, 85, 48, -195, 146, 483, -34, -9, -19, 
170, 126, -43, -148, 107, 41, -214, 151, 483, -34, -14, -19, 
209, 141, -68, -175, 139, 36, -219, 165, 483, -34, -14, -19, 
219, 146, -73, -183, 146, 36, -229, 170, 483, -34, -9, -14, 
185, 151, -34, -168, 109, 58, -195, 180, 488, -29, 4, -4, 
165, 141, -24, -153, 95, 58, -185, 190, 497, -24, 4, -4, 
175, 146, -29, -161, 102, 58, -170, 200, 512, -19, 9, -9, 
200, 161, -39, -180, 119, 61, -141, 214, 522, -14, 14, -9, 
195, 175, -19, -185, 107, 78, -141, 229, 522, -4, 24, 0, 
170, 175, 4, -173, 82, 90, -141, 234, 527, 0, 29, 4, 
161, 170, 9, -165, 75, 90, -141, 234, 527, 4, 29, 9, 
156, 170, 14, -163, 70, 92, -136, 239, 531, 9, 34, 14, 
185, 165, -19, -175, 102, 73, -141, 234, 527, 0, 29, 9, 
209, 161, -48, -185, 129, 56, -136, 244, 522, 4, 29, 9, 
175, 156, -19, -165, 97, 68, -136, 244, 517, 14, 29, 4, 
170, 146, -24, -158, 97, 61, -136, 234, 507, 4, 24, 0, 
156, 136, -19, -146, 87, 58, -122, 244, 507, -4, 29, 0, 
175, 136, -39, -156, 107, 48, -122, 244, 507, -4, 29, 0, 
170, 136, -34, -153, 102, 51, -126, 244, 507, -4, 29, 0, 
156, 136, -19, -146, 87, 58, -126, 244, 507, -4, 29, 0, 
151, 136, -14, -143, 82, 61, -126, 253, 507, 4, 19, 0, 
165, 136, -29, -151, 97, 53, -126, 253, 507, 4, 19, 0, 
195, 146, -48, -170, 122, 48, -126, 258, 507, 4, 24, 0, 
214, 151, -63, -183, 139, 43, -126, 263, 507, 14, 29, 4, 
190, 141, -48, -165, 119, 46, -112, 263, 517, 4, 19, -4, 
180, 141, -39, -161, 109, 51, -107, 263, 517, 0, 14, -4, 
180, 141, -39, -161, 109, 51, -107, 268, 517, 0, 14, -4, 
204, 146, -58, -175, 131, 43, -107, 273, 517, 0, 24, 0, 
190, 141, -48, -165, 119, 46, -97, 283, 512, 9, 34, 0, 
161, 131, -29, -146, 95, 51, -92, 278, 512, 9, 29, 0, 
141, 122, -19, -131, 80, 51, -87, 278, 512, 9, 24, -4, 
156, 117, -39, -136, 97, 39, -82, 278, 512, 9, 24, -4, 
180, 126, -53, -153, 117, 36, -78, 292, 517, 4, 14, -14, 
180, 126, -53, -153, 117, 36, -63, 302, 522, 9, 19, -9, 
161, 126, -34, -143, 97, 46, -48, 307, 527, 9, 19, -9, 
151, 107, -43, -129, 97, 31, -43, 312, 531, 4, 19, -9, 
141, 107, -34, -124, 87, 36, -24, 322, 541, 14, 19, -9, 
151, 107, -43, -129, 97, 31, -4, 322, 551, 14, 24, -9, 
141, 112, -29, -126, 85, 41, 4, 322, 551, 14, 29, -4, 
117, 112, -4, -114, 61, 53, 14, 322, 546, 14, 29, -4, 
92, 97, 4, -95, 43, 51, 19, 302, 546, 9, 9, -14, 
102, 92, -9, -97, 56, 41, 19, 292, 546, 4, 4, -19, 
117, 97, -19, -107, 68, 39, 9, 287, 546, 0, 0, -24, 
112, 92, -19, -102, 65, 36, 0, 287, 546, -4, -4, -29, 
87, 78, -9, -82, 48, 34, 19, 273, 556, -4, -4, -34, 
68, 73, 4, -70, 31, 39, 29, 268, 556, -9, -9, -34, 
63, 73, 9, -68, 26, 41, 34, 263, 556, -9, -9, -34, 
82, 87, 4, -85, 39, 46, 34, 258, 556, -4, -4, -34, 
73, 97, 24, -85, 24, 61, 9, 244, 546, -9, -4, -34, 
63, 92, 29, -78, 17, 61, -19, 229, 536, -14, -4, -34, 
53, 78, 24, -65, 14, 51, -53, 214, 522, -24, -9, -34, 
63, 87, 24, -75, 19, 56, -82, 204, 507, -29, -9, -34, 
92, 87, -4, -90, 48, 41, -107, 190, 492, -29, -9, -34, 
107, 87, -19, -97, 63, 34, -131, 190, 488, -34, -14, -34, 
97, 87, -9, -92, 53, 39, -151, 185, 483, -39, -19, -34, 
87, 73, -14, -80, 51, 29, -185, 180, 483, -48, -24, -39, 
102, 87, -14, -95, 58, 36, -190, 180, 483, -48, -19, -29, 
122, 102, -19, -112, 70, 41, -185, 185, 483, -43, -14, -24, 
126, 107, -19, -117, 73, 43, -190, 190, 483, -43, -9, -24, 
122, 107, -14, -114, 68, 46, -195, 195, 483, -48, -4, -24, 
112, 97, -14, -104, 63, 41, -204, 180, 478, -48, -14, -29, 
122, 97, -24, -109, 73, 36, -204, 180, 478, -48, -14, -29, 
141, 107, -34, -124, 87, 36, -204, 180, 478, -39, -14, -29, 
151, 112, -39, -131, 95, 36, -204, 185, 478, -39, -9, -24, 
141, 102, -39, -122, 90, 31, -195, 195, 488, -48, -19, -34, 
122, 97, -24, -109, 73, 36, -195, 190, 488, -48, -19, -34, 
122, 87, -34, -104, 78, 26, -195, 185, 488, -58, -24, -39, 
141, 97, -43, -119, 92, 26, -209, 185, 488, -58, -24, -39, 
146, 107, -39, -126, 92, 34, -200, 200, 492, -39, -9, -34, 
146, 117, -29, -131, 87, 43, -195, 200, 492, -34, -9, -29, 
151, 122, -29, -136, 90, 46, -190, 200, 492, -29, -9, -24, 
156, 131, -24, -143, 90, 53, -185, 200, 488, -24, -9, -19, 
190, 146, -43, -168, 117, 51, -180, 204, 497, -24, -9, -19, 
195, 151, -43, -173, 119, 53, -195, 219, 497, -14, -9, -19, 
180, 151, -29, -165, 104, 61, -190, 209, 497, -14, -9, -19, 
175, 146, -29, -161, 102, 58, -175, 209, 497, -19, -9, -19, 
195, 146, -48, -170, 122, 48, -156, 209, 507, -29, 0, -9, 
219, 156, -63, -187, 141, 46, -156, 214, 507, -29, 0, -9, 
219, 156, -63, -187, 141, 46, -156, 214, 502, -34, 0, -14, 
214, 141, -73, -178, 143, 34, -161, 214, 492, -39, -4, -14, 
175, 112, -63, -143, 119, 24, -161, 229, 492, -39, -9, -14, 
229, 131, -97, -180, 163, 17, -161, 239, 488, -39, -19, -24, 
302, 161, -141, -231, 222, 9, -170, 248, 473, -19, -9, -19, 
317, 161, -156, -239, 236, 2, -185, 273, 473, 4, 19, -4, 
312, 151, -161, -231, 236, -4, -200, 302, 488, 24, 39, 14, 
346, 161, -185, -253, 265, -12, -239, 297, 492, 39, 53, 19, 
439, 224, -214, -331, 326, 4, -263, 297, 512, 82, 102, 58, 
561, 326, -234, -444, 397, 46, -283, 297, 536, 151, 190, 126, 
658, 390, -268, -524, 463, 61, -317, 297, 536, 204, 248, 190, 
707, 405, -302, -556, 505, 51, -366, 268, 488, 204, 273, 219, 
790, 395, -395, -592, 592, 0, -463, 185, 385, 151, 268, 224, 
941, 444, -497, -692, 719, -26, -575, 63, 273, 78, 248, 234, 
1112, 497, -614, -805, 863, -58, -663, -43, 156, -9, 234, 253, 
1200, 546, -653, -873, 927, -53, -736, -136, 63, -87, 204, 258, 
1220, 561, -658, -890, 939, -48, -819, -234, -19, -165, 175, 263, 
1215, 570, -644, -893, 929, -36, -883, -346, -87, -248, 151, 273, 
1224, 595, -629, -910, 927, -17, -912, -439, -131, -307, 136, 273, 
1205, 614, -590, -910, 897, 12, -927, -546, -200, -390, 97, 268, 
1127, 570, -556, -849, 841, 7, -917, -629, -287, -522, 4, 224, 
966, 473, -492, -719, 729, -9, -873, -702, -361, -658, -102, 151, 
766, 419, -346, -592, 556, 36, -785, -761, -370, -746, -190, 92, 
614, 429, -185, -522, 400, 122, -663, -795, -312, -751, -219, 73, 
536, 439, -97, -488, 317, 170, -551, -751, -239, -722, -224, 78, 
458, 409, -48, -434, 253, 180, -483, -658, -200, -697, -234, 68, 
356, 336, -19, -346, 187, 158, -444, -551, -156, -678, -258, 34, 
268, 268, 0, -268, 134, 134, -400, -453, -92, -639, -273, 4, 
263, 234, -29, -248, 146, 102, -380, -361, -39, -605, -263, -24, 
273, 214, -58, -244, 165, 78, -370, -287, -4, -561, -253, -34, 
234, 185, -48, -209, 141, 68, -351, -200, 34, -512, -244, -39, 
161, 156, -4, -158, 82, 75, -322, -122, 92, -453, -209, -39, 
102, 126, 24, -114, 39, 75, -287, -63, 151, -405, -195, -48, 
87, 102, 14, -95, 36, 58, -248, -9, 214, -351, -175, -63, 
122, 112, -9, -117, 65, 51, -195, 48, 283, -273, -161, -73, 
131, 102, -29, -117, 80, 36, -136, 107, 351, -204, -131, -68, 
78, 73, -4, -75, 41, 34, -82, 141, 419, -156, -112, -68, 
19, 34, 14, -26, 2, 24, -29, 156, 463, -131, -107, -87, 
19, 43, 24, -31, -2, 34, 4, 170, 497, -112, -87, -78, 
63, 87, 24, -75, 19, 56, 29, 175, 517, -87, -63, -48, 
63, 107, 43, -85, 9, 75, 43, 190, 527, -78, -34, -34, 
14, 78, 63, -46, -24, 70, 48, 190, 517, -82, -39, -39, 
-9, 68, 78, -29, -43, 73, 53, 190, 517, -87, -48, -48, 
-19, 58, 78, -19, -48, 68, 39, 190, 522, -92, -53, -53, 
-19, 58, 78, -19, -48, 68, 43, 185, 527, -87, -58, -58, 
-9, 43, 53, -17, -31, 48, 48, 170, 536, -92, -63, -63, 
-39, 34, 73, 2, -56, 53, 53, 161, 541, -92, -73, -78, 
-58, 14, 73, 21, -65, 43, 53, 146, 546, -97, -82, -87, 
-58, 14, 73, 21, -65, 43, 53, 141, 546, -107, -87, -97, 
-19, 34, 53, -7, -36, 43, 39, 126, 536, -117, -87, -92, 
-19, 39, 58, -9, -39, 48, 19, 126, 527, -107, -78, -78, 
-39, 39, 78, 0, -58, 58, 0, 126, 522, -117, -78, -73, 
-43, 39, 82, 2, -63, 61, -24, 126, 517, -117, -82, -63, 
-34, 48, 82, -7, -58, 65, -53, 112, 512, -126, -92, -68, 
-4, 58, 63, -26, -34, 61, -82, 112, 502, -117, -92, -73, 
4, 58, 53, -31, -24, 56, -112, 112, 497, -112, -92, -78, 
-4, 39, 43, -17, -24, 41, -136, 107, 488, -112, -97, -92, 
-14, 34, 48, -9, -31, 41, -136, 97, 478, -126, -107, -102, 
-4, 34, 39, -14, -21, 36, -131, 97, 468, -126, -107, -102, 
9, 34, 24, -21, -7, 29, -136, 97, 463, -126, -97, -97, 
19, 39, 19, -29, 0, 29, -141, 102, 453, -131, -97, -92, 
0, 48, 48, -24, -24, 48, -151, 112, 458, -126, -92, -82, 
-19, 39, 58, -9, -39, 48, -161, 112, 463, -126, -87, -82, 
-4, 39, 43, -17, -24, 41, -165, 112, 468, -126, -92, -87, 
14, 43, 29, -29, -7, 36, -170, 117, 468, -122, -87, -87, 
19, 34, 14, -26, 2, 24, -170, 107, 468, -126, -102, -92, 
4, 19, 14, -12, -4, 17, -165, 107, 473, -126, -102, -97, 
-9, 9, 19, 0, -14, 14, -175, 107, 473, -131, -107, -107, 
-4, 9, 14, -2, -9, 12, -180, 107, 468, -131, -107, -107, 
14, 24, 9, -19, 2, 17, -146, 112, 478, -126, -97, -97, 
34, 39, 4, -36, 14, 21, -126, 126, 483, -126, -87, -87, 
24, 43, 19, -34, 2, 31, -117, 136, 483, -122, -82, -82, 
9, 48, 39, -29, -14, 43, -102, 146, 483, -117, -78, -78, 
24, 58, 34, -41, -4, 46, -92, 146, 488, -107, -87, -78, 
53, 63, 9, -58, 21, 36, -82, 151, 492, -102, -87, -78, 
58, 63, 4, -61, 26, 34, -73, 156, 497, -102, -87, -78, 
39, 63, 24, -51, 7, 43, -58, 156, 512, -102, -87, -78, 
19, 39, 19, -29, 0, 29, -53, 151, 502, -112, -97, -92, 
14, 34, 19, -24, -2, 26, -48, 146, 502, -112, -97, -97, 
14, 39, 24, -26, -4, 31, -39, 146, 507, -112, -97, -102, 
19, 43, 24, -31, -2, 34, -34, 146, 507, -112, -92, -102, 
0, 34, 34, -17, -17, 34, -39, 156, 507, -107, -82, -97, 
4, 34, 29, -19, -12, 31, -43, 156, 512, -112, -87, -102, 
9, 39, 29, -24, -9, 34, -48, 156, 517, -112, -87, -97, 
34, 58, 24, -46, 4, 41, -39, 161, 522, -102, -87, -87, 
48, 63, 14, -56, 17, 39, -39, 156, 527, -107, -87, -97, 
39, 39, 0, -39, 19, 19, -39, 156, 527, -107, -87, -97, 
24, 34, 9, -29, 7, 21, -34, 151, 527, -107, -92, -97, 
29, 29, 0, -29, 14, 14, -29, 151, 536, -107, -92, -97, 
34, 34, 0, -34, 17, 17, -14, 156, 536, -102, -82, -87, 
29, 43, 14, -36, 7, 29, -4, 165, 541, -97, -78, -82, 
19, 48, 29, -34, -4, 39, 0, 170, 541, -97, -78, -82, 
-4, 53, 58, -24, -31, 56, 4, 175, 541, -97, -73, -82, 
-4, 53, 58, -24, -31, 56, 14, 185, 551, -97, -82, -92, 
9, 48, 39, -29, -14, 43, 24, 190, 556, -82, -82, -87, 
9, 43, 34, -26, -12, 39, 24, 204, 561, -78, -82, -87, 
-9, 39, 48, -14, -29, 43, 29, 195, 566, -78, -78, -87, 
-53, 24, 78, 14, -65, 51, 43, 200, 580, -78, -87, -102, 
-53, 19, 73, 17, -63, 46, 53, 209, 580, -78, -87, -102, 
-43, 24, 68, 9, -56, 46, 78, 219, 580, -73, -82, -102, 
-43, 19, 63, 12, -53, 41, 92, 229, 585, -73, -78, -97, 
-87, 9, 97, 39, -92, 53, 102, 239, 580, -78, -78, -107, 
-92, 4, 97, 43, -95, 51, 102, 239, 580, -78, -87, -107, 
-82, 14, 97, 34, -90, 56, 102, 239, 580, -78, -87, -107, 
-68, 19, 87, 24, -78, 53, 97, 239, 590, -63, -78, -97, 
-58, 19, 78, 19, -68, 48, 97, 229, 580, -53, -82, -97, 
-92, 9, 102, 41, -97, 56, 122, 229, 600, -53, -82, -107, 
-97, 4, 102, 46, -100, 53, 102, 229, 600, -53, -87, -107, 
-97, 4, 102, 46, -100, 53, 102, 219, 595, -53, -87, -107, 
-78, 19, 97, 29, -87, 58, 107, 219, 590, -43, -78, -92, 
-78, 24, 102, 26, -90, 63, 107, 224, 595, -43, -68, -87, 
-92, 24, 117, 34, -104, 70, 112, 229, 600, -43, -63, -87, 
-102, 9, 112, 46, -107, 61, 107, 234, 600, -43, -58, -87, 
-73, 24, 97, 24, -85, 61, 112, 234, 605, -43, -58, -82, 
-43, 34, 78, 4, -61, 56, 97, 234, 605, -34, -58, -73, 
-39, 39, 78, 0, -58, 58, 78, 229, 605, -29, -48, -73, 
-43, 39, 82, 2, -63, 61, 78, 229, 605, -29, -48, -78, 
-58, 34, 92, 12, -75, 63, 82, 209, 614, -43, -63, -82, 
-58, 34, 92, 12, -75, 63, 87, 209, 614, -43, -63, -82, 
-34, 48, 82, -7, -58, 65, 92, 209, 619, -39, -53, -78, 
-39, 63, 102, -12, -70, 82, 92, 209, 619, -34, -48, -73, 
-63, 63, 126, 0, -95, 95, 68, 195, 610, -24, -39, -63, 
-63, 63, 126, 0, -95, 95, 53, 180, 610, -29, -43, -63, 
-43, 63, 107, -9, -75, 85, 34, 175, 610, -29, -43, -63, 
-9, 73, 82, -31, -46, 78, 19, 180, 605, -29, -39, -58, 
0, 63, 63, -31, -31, 63, -24, 161, 590, -34, -39, -63, 
-19, 63, 82, -21, -51, 73, -58, 146, 580, -34, -43, -63, 
-29, 63, 92, -17, -61, 78, -87, 126, 566, -43, -48, -63, 
-19, 68, 87, -24, -53, 78, -117, 97, 556, -53, -53, -63, 
19, 87, 68, -53, -24, 78, -131, 107, 546, -53, -34, -58, 
24, 92, 68, -58, -21, 80, -156, 107, 536, -53, -34, -53, 
19, 92, 73, -56, -26, 82, -180, 112, 527, -53, -29, -48, 
24, 92, 68, -58, -21, 80, -195, 112, 522, -53, -29, -43, 
48, 102, 53, -75, -2, 78, -185, 112, 527, -43, -29, -43, 
107, 136, 29, -122, 39, 82, -185, 122, 527, -29, -19, -34, 
131, 146, 14, -139, 58, 80, -195, 131, 527, -19, -19, -34, 
107, 136, 29, -122, 39, 82, -204, 136, 527, -29, -19, -29, 
107, 126, 19, -117, 43, 73, -214, 126, 517, -39, -19, -29, 
107, 126, 19, -117, 43, 73, -214, 126, 517, -39, -19, -29, 
107, 126, 19, -117, 43, 73, -214, 126, 517, -39, -19, -29, 
107, 126, 19, -117, 43, 73, -214, 126, 517, -39, -19, -29, 
82, 112, 29, -97, 26, 70, -209, 126, 512, -53, -19, -39, 
92, 107, 14, -100, 39, 61, -224, 131, 512, -53, -24, -39, 
117, 112, -4, -114, 61, 53, -224, 146, 512, -53, -24, -39, 
112, 107, -4, -109, 58, 51, -229, 151, 512, -53, -19, -34, 
102, 117, 14, -109, 43, 65, -200, 156, 522, -39, -9, -34, 
97, 112, 14, -104, 41, 63, -195, 161, 527, -34, -14, -34, 
122, 122, 0, -122, 61, 61, -185, 165, 536, -29, -14, -39, 
161, 141, -19, -151, 90, 61, -161, 175, 541, -24, -14, -39, 
175, 151, -24, -163, 100, 63, -161, 180, 531, -19, -4, -29, 
161, 156, -4, -158, 82, 75, -161, 185, 536, -19, 0, -24, 
161, 156, -4, -158, 82, 75, -161, 185, 536, -19, 0, -19, 
165, 161, -4, -163, 85, 78, -156, 190, 541, -19, 4, -14, 
175, 165, -9, -170, 92, 78, -141, 204, 541, -29, 0, -24, 
200, 161, -39, -180, 119, 61, -136, 214, 541, -24, 0, -19, 
165, 156, -9, -161, 87, 73, -136, 214, 541, -14, 0, -19, 
161, 146, -14, -153, 87, 65, -136, 204, 536, -24, -4, -19, 
146, 141, -4, -143, 75, 68, -122, 214, 536, -34, -9, -19, 
165, 136, -29, -151, 97, 53, -122, 214, 536, -34, -9, -19, 
161, 131, -29, -146, 95, 51, -126, 214, 536, -34, -9, -19, 
146, 126, -19, -136, 82, 53, -126, 214, 536, -34, -9, -19, 
131, 126, -4, -129, 68, 61, -117, 219, 541, -34, -9, -29, 
136, 126, -9, -131, 73, 58, -107, 224, 546, -34, -9, -29, 
156, 136, -19, -146, 87, 58, -97, 234, 551, -34, -4, -29, 
165, 141, -24, -153, 95, 58, -87, 244, 556, -24, 0, -24, 
146, 126, -19, -136, 82, 53, -78, 253, 556, -14, -9, -34, 
131, 122, -9, -126, 70, 56, -68, 253, 556, -19, -14, -34, 
126, 117, -9, -122, 68, 53, -63, 258, 556, -19, -14, -34, 
146, 117, -29, -131, 87, 43, -58, 263, 556, -19, -4, -29, 
146, 107, -39, -126, 92, 34, -48, 263, 551, -24, -14, -39, 
122, 102, -19, -112, 70, 41, -43, 258, 551, -29, -19, -39, 
107, 97, -9, -102, 58, 43, -39, 258, 551, -34, -24, -43, 
126, 97, -29, -112, 78, 34, -34, 258, 551, -39, -24, -43, 
151, 107, -43, -129, 97, 31, -48, 258, 541, -43, -34, -53, 
151, 107, -43, -129, 97, 31, -43, 263, 541, -39, -29, -48, 
131, 107, -24, -119, 78, 41, -39, 263, 541, -39, -29, -48, 
122, 87, -34, -104, 78, 26, -43, 263, 541, -43, -29, -48, 
117, 87, -29, -102, 73, 29, -48, 258, 531, -53, -39, -48, 
131, 87, -43, -109, 87, 21, -43, 253, 541, -53, -34, -48, 
126, 92, -34, -109, 80, 29, -48, 248, 541, -53, -29, -43, 
107, 92, -14, -100, 61, 39, -53, 244, 536, -53, -29, -43, 
92, 92, 0, -92, 46, 46, -34, 253, 541, -48, -29, -39, 
102, 92, -9, -97, 56, 41, -29, 253, 546, -43, -24, -39, 
117, 102, -14, -109, 65, 43, -34, 258, 551, -39, -19, -39, 
112, 102, -9, -107, 61, 46, -39, 268, 556, -34, -14, -39, 
97, 107, 9, -102, 43, 58, -19, 278, 566, -29, -4, -24, 
87, 102, 14, -95, 36, 58, -9, 278, 566, -29, -9, -24, 
92, 102, 9, -97, 41, 56, -4, 278, 566, -24, -9, -24, 
122, 117, -4, -119, 63, 56, -4, 278, 566, -14, -4, -24, 
126, 131, 4, -129, 61, 68, 4, 283, 570, -4, 0, -14, 
122, 131, 9, -126, 56, 70, 0, 278, 575, -4, 4, -14, 
117, 122, 4, -119, 56, 63, -9, 273, 575, -9, 4, -14, 
131, 136, 4, -134, 63, 70, -14, 273, 575, -9, 9, -14, 
146, 151, 4, -148, 70, 78, -14, 273, 580, 0, 14, -4, 
156, 156, 0, -156, 78, 78, -14, 278, 585, 4, 14, -4, 
141, 161, 19, -151, 61, 90, -9, 278, 590, 9, 14, -4, 
126, 151, 24, -139, 51, 87, -19, 278, 600, 9, 14, -9, 
112, 146, 34, -129, 39, 90, -34, 258, 595, -4, 9, -19, 
122, 151, 29, -136, 46, 90, -39, 244, 590, -4, 4, -14, 
117, 146, 29, -131, 43, 87, -53, 229, 585, -9, 0, -14, 
102, 136, 34, -119, 34, 85, -68, 214, 580, -19, -4, -14, 
92, 126, 34, -109, 29, 80, -102, 200, 561, -29, -4, -19, 
102, 126, 24, -114, 39, 75, -126, 190, 556, -29, -4, -19, 
122, 136, 14, -129, 53, 75, -151, 180, 551, -19, -4, -19, 
131, 141, 9, -136, 61, 75, -175, 175, 546, -19, 0, -14, 
136, 151, 14, -143, 61, 82, -195, 185, 541, -19, 0, -14, 
122, 146, 24, -134, 48, 85, -204, 180, 536, -19, 0, -14, 
126, 136, 9, -131, 58, 73, -214, 175, 531, -29, -4, -19, 
151, 146, -4, -148, 78, 70, -239, 175, 527, -29, -4, -19, 
161, 146, -14, -153, 87, 65, -239, 180, 522, -34, 0, -9, 
156, 146, -9, -151, 82, 68, -234, 180, 522, -34, 0, -9, 
156, 141, -14, -148, 85, 63, -229, 180, 522, -34, 0, -9, 
156, 141, -14, -148, 85, 63, -224, 180, 517, -34, 0, -9, 
190, 151, -39, -170, 114, 56, -214, 195, 517, -24, 9, -9, 
195, 161, -34, -178, 114, 63, -234, 209, 517, -14, 9, -9, 
180, 165, -14, -173, 97, 75, -234, 200, 517, -14, 9, -9, 
175, 165, -9, -170, 92, 78, -224, 200, 517, -19, 9, -9, 
175, 165, -9, -170, 92, 78, -204, 200, 517, -19, 0, 0, 
200, 175, -24, -187, 112, 75, -204, 204, 517, -19, 0, 0, 
200, 175, -24, -187, 112, 75, -204, 204, 512, -24, 0, -4, 
195, 161, -34, -178, 114, 63, -209, 204, 502, -29, -4, -4, 
214, 151, -63, -183, 139, 43, -200, 219, 502, -29, 0, -4, 
209, 131, -78, -170, 143, 26, -200, 229, 497, -48, -9, -14, 
244, 131, -112, -187, 178, 9, -190, 248, 502, -39, 0, -19, 
307, 170, -136, -239, 222, 17, -195, 263, 502, 4, 29, -4, 
361, 200, -161, -280, 261, 19, -219, 283, 507, 43, 58, 24, 
356, 209, -146, -283, 251, 31, -229, 317, 512, 78, 92, 58, 
361, 234, -126, -297, 244, 53, -234, 336, 531, 122, 131, 87, 
424, 287, -136, -356, 280, 75, -253, 336, 575, 190, 200, 126, 
551, 370, -180, -461, 366, 95, -287, 326, 605, 263, 278, 190, 
649, 434, -214, -541, 431, 109, -326, 307, 614, 302, 331, 248, 
712, 473, -239, -592, 475, 117, -366, 273, 580, 307, 366, 292, 
766, 473, -292, -619, 529, 90, -439, 190, 497, 253, 356, 292, 
878, 497, -380, -688, 629, 58, -527, 82, 400, 175, 322, 292, 
1015, 536, -478, -775, 746, 29, -590, -19, 297, 87, 292, 287, 
1122, 570, -551, -846, 836, 9, -663, -107, 185, 0, 263, 283, 
1156, 590, -566, -873, 861, 12, -727, -200, 87, -102, 239, 292, 
1146, 595, -551, -871, 849, 21, -785, -312, 4, -190, 195, 292, 
1146, 595, -551, -871, 849, 21, -829, -429, -63, -283, 156, 278, 
1137, 580, -556, -858, 846, 12, -839, -531, -141, -395, 92, 244, 
1063, 531, -531, -797, 797, 0, -814, -605, -234, -531, -14, 190, 
902, 448, -453, -675, 678, -2, -756, -663, -292, -678, -141, 122, 
712, 380, -331, -546, 522, 24, -673, -727, -292, -771, -239, 53, 
556, 361, -195, -458, 375, 82, -570, -751, -239, -780, -263, 39, 
468, 370, -97, -419, 283, 136, -473, -717, -170, -736, -263, 39, 
414, 356, -58, -385, 236, 148, -414, -629, -136, -697, -258, 34, 
346, 307, -39, -326, 192, 134, -400, -541, -112, -678, -273, 4, 
283, 244, -39, -263, 161, 102, -370, -448, -68, -644, -283, -34, 
273, 204, -68, -239, 170, 68, -361, -375, -34, -619, -292, -63, 
292, 185, -107, -239, 200, 39, -370, -317, -14, -600, -292, -78, 
268, 165, -102, -217, 185, 31, -341, -248, 34, -551, -278, -78, 
200, 136, -63, -168, 131, 36, -297, -161, 92, -492, -253, -78, 
126, 92, -34, -109, 80, 29, -278, -78, 146, -448, -234, -92, 
122, 63, -58, -92, 90, 2, -244, -9, 204, -390, -219, -112, 
161, 43, -117, -102, 139, -36, -195, 68, 273, -322, -190, -107, 
175, 53, -122, -114, 148, -34, -141, 122, 341, -244, -151, -107, 
136, 43, -92, -90, 114, -24, -78, 156, 405, -180, -126, -97, 
68, 4, -63, -36, 65, -29, -43, 161, 448, -151, -126, -97, 
73, 19, -53, -46, 63, -17, -9, 165, 478, -136, -102, -87, 
122, 87, -34, -104, 78, 26, 24, 180, 507, -117, -73, -53, 
87, 73, -14, -80, 51, 29, 29, 195, 512, -117, -68, -43, 
68, 78, 9, -73, 29, 43, 34, 200, 517, -117, -68, -48, 
63, 82, 19, -73, 21, 51, 19, 204, 527, -117, -63, -48, 
68, 97, 29, -82, 19, 63, 24, 204, 536, -107, -58, -48, 
78, 82, 4, -80, 36, 43, 34, 209, 546, -92, -48, -58, 
48, 73, 24, -61, 12, 48, 43, 209, 551, -82, -53, -68, 
29, 53, 24, -41, 2, 39, 48, 204, 556, -78, -58, -73, 
29, 53, 24, -41, 2, 39, 53, 209, 556, -78, -58, -78, 
53, 63, 9, -58, 21, 36, 73, 200, 556, -87, -68, -78, 
48, 68, 19, -58, 14, 43, 78, 195, 556, -78, -58, -68, 
24, 68, 43, -46, -9, 56, 82, 190, 561, -87, -58, -68, 
14, 68, 53, -41, -19, 61, 82, 185, 566, -87, -63, -63, 
4, 78, 73, -41, -34, 75, 73, 175, 570, -87, -53, -63, 
24, 87, 63, -56, -19, 75, 63, 180, 570, -78, -53, -63, 
24, 87, 63, -56, -19, 75, 53, 185, 575, -73, -53, -63, 
4, 68, 63, -36, -29, 65, 48, 185, 575, -73, -58, -73, 
-4, 58, 63, -26, -34, 61, 14, 156, 570, -82, -73, -92, 
4, 53, 48, -29, -21, 51, -4, 146, 556, -87, -78, -92, 
19, 48, 29, -34, -4, 39, -34, 136, 546, -92, -73, -87, 
29, 48, 19, -39, 4, 34, -63, 131, 531, -102, -78, -82, 
19, 53, 34, -36, -7, 43, -92, 117, 517, -107, -68, -78, 
0, 48, 48, -24, -24, 48, -122, 112, 512, -117, -68, -73, 
14, 53, 39, -34, -12, 46, -146, 107, 507, -126, -78, -73, 
34, 63, 29, -48, 2, 46, -170, 107, 497, -131, -78, -68, 
53, 78, 24, -65, 14, 51, -165, 122, 507, -112, -73, -73, 
43, 68, 24, -56, 9, 46, -165, 126, 512, -107, -73, -78, 
34, 63, 29, -48, 2, 46, -180, 131, 512, -107, -78, -87, 
43, 68, 24, -56, 9, 46, -190, 136, 507, -102, -78, -87, 
48, 53, 4, -51, 21, 29, -180, 126, 502, -107, -78, -82, 
63, 58, -4, -61, 34, 26, -175, 126, 502, -117, -78, -78, 
48, 53, 4, -51, 21, 29, -180, 122, 497, -122, -82, -78, 
29, 48, 19, -39, 4, 34, -180, 117, 492, -126, -87, -78, 
39, 53, 14, -46, 12, 34, -195, 117, 492, -126, -78, -78, 
63, 63, 0, -63, 31, 31, -190, 122, 492, -122, -78, -78, 
63, 68, 4, -65, 29, 36, -185, 126, 492, -122, -78, -78, 
39, 73, 34, -56, 2, 53, -175, 126, 502, -122, -78, -78, 
34, 53, 19, -43, 7, 36, -170, 126, 502, -117, -87, -87, 
34, 53, 19, -43, 7, 36, -165, 126, 502, -112, -87, -87, 
39, 63, 24, -51, 7, 43, -156, 131, 507, -107, -87, -87, 
48, 73, 24, -61, 12, 48, -151, 136, 507, -102, -82, -82, 
34, 58, 24, -46, 4, 41, -146, 146, 507, -107, -73, -73, 
34, 53, 19, -43, 7, 36, -141, 146, 512, -112, -78, -82, 
34, 53, 19, -43, 7, 36, -136, 146, 517, -112, -78, -82, 
53, 68, 14, -61, 19, 41, -117, 151, 522, -102, -78, -78, 
63, 68, 4, -65, 29, 36, -102, 175, 536, -92, -68, -87, 
48, 48, 0, -48, 24, 24, -97, 185, 536, -87, -68, -87, 
29, 48, 19, -39, 4, 34, -87, 190, 536, -82, -73, -87, 
29, 48, 19, -39, 4, 34, -78, 200, 546, -78, -73, -87, 
29, 34, 4, -31, 12, 19, -68, 209, 556, -78, -82, -97, 
19, 34, 14, -26, 2, 24, -53, 214, 561, -78, -78, -92, 
4, 29, 24, -17, -9, 26, -43, 214, 561, -82, -78, -92, 
-24, 24, 48, 0, -36, 36, -34, 214, 561, -87, -73, -92, 
-24, 29, 53, -2, -39, 41, -29, 214, 561, -97, -82, -92, 
-9, 29, 39, -9, -24, 34, -14, 219, 566, -82, -82, -87, 
-9, 29, 39, -9, -24, 34, -9, 234, 570, -78, -82, -87, 
-29, 29, 58, 0, -43, 43, 0, 224, 575, -78, -78, -87, 
-63, 14, 78, 24, -70, 46, -4, 224, 580, -78, -87, -102, 
-53, 9, 63, 21, -58, 36, -4, 229, 580, -78, -87, -102, 
-34, 14, 48, 9, -41, 31, 9, 234, 580, -73, -82, -102, 
-24, 9, 34, 7, -29, 21, 14, 239, 585, -73, -78, -97, 
-48, 9, 58, 19, -53, 34, 24, 229, 580, -78, -73, -92, 
-43, 14, 58, 14, -51, 36, 24, 229, 580, -78, -78, -87, 
-24, 34, 58, -4, -41, 46, 24, 229, 580, -78, -73, -82, 
0, 48, 48, -24, -24, 48, 19, 229, 590, -63, -58, -68, 
14, 39, 24, -26, -4, 31, 19, 244, 590, -58, -53, -78, 
-14, 29, 43, -7, -29, 36, 43, 248, 610, -53, -53, -87, 
-14, 24, 39, -4, -26, 31, 24, 253, 610, -48, -58, -87, 
-9, 24, 34, -7, -21, 29, 24, 248, 605, -43, -58, -87, 
9, 39, 29, -24, -9, 34, 29, 239, 595, -53, -63, -73, 
9, 43, 34, -26, -12, 39, 29, 234, 595, -53, -58, -68, 
-4, 43, 48, -19, -26, 46, 34, 229, 595, -53, -58, -68, 
-14, 29, 43, -7, -29, 36, 29, 224, 590, -53, -58, -68, 
19, 48, 29, -34, -4, 39, 29, 204, 595, -63, -58, -63, 
53, 63, 9, -58, 21, 36, 19, 204, 595, -53, -58, -53, 
63, 73, 9, -68, 26, 41, 4, 200, 595, -48, -48, -53, 
63, 78, 14, -70, 24, 46, 9, 200, 595, -48, -48, -58, 
48, 68, 19, -58, 14, 43, 9, 204, 600, -39, -53, -63, 
39, 63, 24, -51, 7, 43, 19, 209, 605, -34, -53, -63, 
53, 73, 19, -63, 17, 46, 29, 214, 614, -24, -43, -58, 
39, 82, 43, -61, -2, 63, 34, 219, 619, -14, -39, -53, 
19, 78, 58, -48, -19, 68, 48, 214, 614, -24, -24, -48, 
14, 82, 68, -48, -26, 75, 53, 200, 619, -29, -24, -43, 
29, 87, 58, -58, -14, 73, 53, 195, 624, -29, -19, -39, 
58, 102, 43, -80, 7, 73, 58, 200, 624, -29, -9, -29, 
58, 102, 43, -80, 7, 73, 68, 190, 629, -24, -14, -24, 
39, 102, 63, -70, -12, 82, 68, 195, 639, -14, -14, -24, 
29, 102, 73, -65, -21, 87, 73, 195, 644, -14, -14, -24, 
39, 107, 68, -73, -14, 87, 78, 185, 653, -14, -14, -24, 
73, 117, 43, -95, 14, 80, 53, 165, 644, -24, -14, -29, 
73, 122, 48, -97, 12, 85, 19, 156, 624, -24, -14, -24, 
63, 122, 58, -92, 2, 90, -14, 151, 605, -24, -9, -19, 
63, 122, 58, -92, 2, 90, -39, 141, 590, -24, -9, -14, 
82, 122, 39, -102, 21, 80, -58, 141, 570, -29, -19, -24, 
126, 136, 9, -131, 58, 73, -97, 131, 566, -29, -9, -14, 
146, 136, -9, -141, 78, 63, -126, 122, 561, -34, -9, -14, 
141, 136, -4, -139, 73, 65, -146, 112, 556, -39, -9, -14, 
107, 126, 19, -117, 43, 73, -165, 117, 556, -34, -14, -19, 
107, 126, 19, -117, 43, 73, -175, 126, 556, -34, -14, -19, 
136, 136, 0, -136, 68, 68, -180, 131, 551, -34, -4, -19, 
141, 146, 4, -143, 68, 75, -185, 136, 546, -24, 0, -14, 
126, 136, 9, -131, 58, 73, -195, 136, 536, -34, 9, -4, 
126, 136, 9, -131, 58, 73, -195, 136, 536, -39, 9, -4, 
131, 141, 9, -136, 61, 75, -195, 136, 541, -39, 9, -4, 
165, 161, -4, -163, 85, 78, -190, 136, 541, -39, 9, 0, 
195, 156, -39, -175, 117, 58, -190, 151, 546, -29, 0, -9, 
214, 175, -39, -195, 126, 68, -180, 170, 546, -19, 0, -9, 
165, 156, -9, -161, 87, 73, -175, 175, 546, -19, 9, 0, 
161, 151, -9, -156, 85, 70, -165, 175, 546, -24, 0, -9, 
156, 146, -9, -151, 82, 68, -165, 175, 546, -29, 0, -9, 
151, 141, -9, -146, 80, 65, -165, 175, 546, -34, 0, -9, 
146, 136, -9, -141, 78, 63, -165, 175, 546, -39, 0, -9, 
126, 136, 9, -131, 58, 73, -146, 185, 551, -34, 9, -9, 
141, 136, -4, -139, 73, 65, -156, 190, 551, -34, 4, -9, 
170, 146, -24, -158, 97, 61, -151, 204, 551, -34, 4, -9, 
170, 146, -24, -158, 97, 61, -151, 209, 551, -34, 9, -4, 
136, 141, 4, -139, 65, 73, -117, 229, 561, -24, 9, -14, 
117, 122, 4, -119, 56, 63, -107, 239, 566, -24, 4, -14, 
126, 117, -9, -122, 68, 53, -92, 248, 575, -24, 4, -19, 
151, 122, -29, -136, 90, 46, -63, 263, 580, -24, 4, -19, 
141, 126, -14, -134, 78, 56, -39, 263, 590, -19, 9, -14, 
122, 126, 4, -124, 58, 65, -34, 263, 595, -19, 9, -14, 
117, 122, 4, -119, 56, 63, -29, 258, 595, -19, 4, -14, 
117, 122, 4, -119, 56, 63, -19, 258, 600, -19, 4, -14, 
141, 131, -9, -136, 75, 61, -4, 273, 590, -29, -4, -24, 
170, 131, -39, -151, 104, 46, 0, 283, 590, -24, 0, -19, 
141, 131, -9, -136, 75, 61, 0, 283, 590, -14, 4, -19, 
141, 126, -14, -134, 78, 56, 0, 273, 585, -24, 4, -19, 
122, 122, 0, -122, 61, 61, 14, 287, 590, -14, 0, -19, 
136, 117, -19, -126, 78, 48, 24, 292, 595, -14, 0, -19, 
126, 112, -14, -119, 70, 48, 29, 297, 600, -14, 0, -19, 
107, 107, 0, -107, 53, 53, 39, 302, 605, -14, 0, -19, 
112, 117, 4, -114, 53, 61, 48, 302, 605, -24, 0, -19, 
126, 117, -9, -122, 68, 53, 48, 302, 605, -24, 0, -19, 
156, 126, -29, -141, 92, 48, 48, 307, 605, -24, 4, -19, 
175, 131, -43, -153, 109, 43, 48, 312, 605, -14, 9, -14, 
156, 117, -39, -136, 97, 39, 63, 312, 595, -14, 9, -14, 
141, 112, -29, -126, 85, 41, 68, 312, 595, -19, 4, -14, 
136, 107, -29, -122, 82, 39, 68, 317, 595, -19, 4, -14, 
156, 107, -48, -131, 102, 29, 68, 322, 595, -19, 14, -9, 
146, 97, -48, -122, 97, 24, 63, 307, 580, -24, 9, -19, 
122, 92, -29, -107, 75, 31, 63, 297, 580, -29, 0, -19, 
107, 87, -19, -97, 63, 34, 63, 292, 580, -34, -9, -24, 
126, 87, -39, -107, 82, 24, 63, 287, 580, -39, -14, -24, 
156, 102, -53, -129, 104, 24, 63, 297, 580, -24, -4, -24, 
161, 107, -53, -134, 107, 26, 73, 302, 580, -19, 0, -19, 
146, 112, -34, -129, 90, 39, 82, 302, 580, -19, 0, -19, 
141, 97, -43, -119, 92, 26, 82, 302, 580, -24, 0, -19, 
136, 107, -29, -122, 82, 39, 92, 292, 590, -34, -9, -19, 
151, 107, -43, -129, 97, 31, 102, 292, 600, -34, -4, -19, 
146, 112, -34, -129, 90, 39, 102, 292, 600, -34, 0, -14, 
126, 112, -14, -119, 70, 48, 102, 292, 595, -34, 0, -14, 
126, 117, -9, -122, 68, 53, 102, 283, 595, -34, -4, -19, 
151, 122, -29, -136, 90, 46, 97, 273, 595, -34, -4, -19, 
180, 136, -43, -158, 112, 46, 82, 268, 595, -34, -4, -19, 
190, 141, -48, -165, 119, 46, 68, 268, 595, -34, -4, -19, 
165, 126, -39, -146, 102, 43, 78, 263, 595, -24, -4, -24, 
146, 122, -24, -134, 85, 48, 87, 258, 595, -29, -9, -24, 
141, 122, -19, -131, 80, 51, 92, 253, 595, -29, -9, -24, 
161, 136, -24, -148, 92, 56, 92, 248, 595, -24, -4, -24, 
151, 141, -9, -146, 80, 65, 78, 229, 605, -24, 4, -14, 
141, 141, 0, -141, 70, 70, 58, 219, 605, -24, 4, -14, 
131, 131, 0, -131, 65, 65, 34, 209, 600, -29, 0, -14, 
141, 146, 4, -143, 68, 75, 14, 204, 595, -29, 0, -14, 
165, 165, 0, -165, 82, 82, -24, 200, 580, -24, 4, -9, 
175, 165, -9, -170, 92, 78, -53, 200, 575, -24, 4, -4, 
161, 165, 4, -163, 78, 85, -78, 195, 570, -24, 4, 0, 
146, 151, 4, -148, 70, 78, -117, 190, 570, -29, 4, 0, 
156, 151, -4, -153, 80, 73, -136, 185, 566, -29, 4, -9, 
170, 161, -9, -165, 90, 75, -146, 185, 561, -24, 4, -4, 
170, 161, -9, -165, 90, 75, -165, 185, 556, -24, 4, -4, 
161, 156, -4, -158, 82, 75, -185, 185, 551, -29, 4, -4, 
151, 136, -14, -143, 82, 61, -204, 180, 541, -48, 4, -9, 
161, 136, -24, -148, 92, 56, -214, 180, 536, -48, 4, -9, 
180, 146, -34, -163, 107, 56, -224, 180, 531, -39, 4, -9, 
190, 151, -39, -170, 114, 56, -234, 185, 527, -39, 9, -4, 
185, 161, -24, -173, 104, 68, -224, 200, 527, -34, 19, 4, 
170, 156, -14, -163, 92, 70, -224, 200, 527, -29, 19, 4, 
175, 146, -29, -161, 102, 58, -224, 200, 527, -34, 14, 0, 
200, 156, -43, -178, 122, 56, -239, 204, 527, -29, 14, 0, 
209, 165, -43, -187, 126, 61, -239, 219, 527, -24, 19, 0, 
204, 165, -39, -185, 122, 63, -234, 219, 531, -24, 19, 0, 
204, 161, -43, -183, 124, 58, -229, 219, 536, -24, 19, 0, 
204, 161, -43, -183, 124, 58, -224, 219, 536, -24, 19, 0, 
224, 156, -68, -190, 146, 43, -214, 234, 546, -14, 19, 9, 
224, 161, -63, -192, 143, 48, -224, 258, 546, -4, 19, 9, 
204, 161, -43, -183, 124, 58, -214, 258, 546, -4, 19, 9, 
195, 156, -39, -175, 117, 58, -195, 268, 546, -9, 19, 9, 
190, 151, -39, -170, 114, 56, -170, 278, 556, -9, 9, 4, 
209, 156, -53, -183, 131, 51, -165, 283, 556, -9, 9, 0, 
204, 151, -53, -178, 129, 48, -161, 283, 551, -14, 9, -9, 
195, 131, -63, -163, 129, 34, -161, 283, 541, -19, 4, -14, 
224, 151, -73, -187, 148, 39, -141, 287, 551, -29, 9, -4, 
190, 122, -68, -156, 129, 26, -141, 287, 546, -39, -9, -14, 
204, 122, -82, -163, 143, 19, -141, 297, 541, -29, -9, -19, 
268, 131, -136, -200, 202, -2, -146, 312, 531, -14, 0, -14, 
322, 141, -180, -231, 251, -19, -161, 322, 517, 4, 29, 4, 
336, 151, -185, -244, 261, -17, -180, 346, 522, 39, 53, 19, 
341, 165, -175, -253, 258, -4, -204, 356, 531, 53, 73, 29, 
414, 219, -195, -317, 305, 12, -234, 336, 546, 102, 122, 68, 
531, 302, -229, -417, 380, 36, -268, 317, 566, 156, 190, 131, 
639, 375, -263, -507, 451, 56, -297, 307, 575, 204, 253, 180, 
712, 414, -297, -563, 505, 58, -336, 292, 541, 190, 278, 214, 
766, 424, -341, -595, 553, 41, -419, 219, 468, 136, 258, 224, 
878, 439, -439, -658, 658, 0, -517, 102, 351, 68, 234, 224, 
1024, 468, -556, -746, 790, -43, -600, 0, 239, 0, 214, 229, 
1141, 512, -629, -827, 885, -58, -673, -87, 136, -87, 195, 244, 
1195, 531, -663, -863, 929, -65, -746, -190, 48, -170, 170, 253, 
1205, 536, -668, -871, 936, -65, -824, -312, -34, -258, 126, 244, 
1195, 546, -649, -871, 922, -51, -878, -429, -92, -341, 97, 239, 
1195, 561, -634, -878, 915, -36, -888, -531, -141, -434, 63, 234, 
1151, 551, -600, -851, 875, -24, -883, -624, -224, -541, -14, 190, 
1029, 488, -541, -758, 785, -26, -844, -702, -292, -678, -131, 122, 
829, 429, -400, -629, 614, 14, -761, -766, -302, -780, -229, 53, 
663, 419, -244, -541, 453, 87, -649, -790, -258, -790, -263, 29, 
566, 429, -136, -497, 351, 146, -541, -756, -190, -746, -263, 48, 
502, 414, -87, -458, 295, 163, -463, -668, -146, -707, -258, 43, 
424, 366, -58, -395, 241, 153, -419, -570, -112, -678, -263, 34, 
341, 302, -39, -322, 190, 131, -380, -468, -48, -653, -263, 4, 
312, 253, -58, -283, 185, 97, -361, -375, -4, -619, -273, -24, 
331, 244, -87, -287, 209, 78, -361, -307, 24, -590, -263, -39, 
326, 234, -92, -280, 209, 70, -331, -219, 73, -541, -248, -48, 
278, 204, -73, -241, 175, 65, -307, -122, 141, -483, -224, -48, 
214, 180, -34, -197, 124, 73, -268, -39, 195, -429, -204, -53, 
180, 170, -9, -175, 95, 80, -214, 39, 263, -361, -180, -53, 
190, 161, -29, -175, 109, 65, -146, 97, 341, -283, -161, -58, 
185, 131, -53, -158, 119, 39, -102, 141, 390, -224, -141, -58, 
126, 82, -43, -104, 85, 19, -58, 156, 434, -190, -126, -68, 
58, 43, -14, -51, 36, 14, 4, 180, 478, -161, -117, -78, 
43, 39, -4, -41, 24, 17, 48, 185, 517, -146, -102, -68, 
82, 68, -14, -75, 48, 26, 63, 180, 536, -126, -73, -53, 
43, 63, 19, -53, 12, 41, 48, 180, 536, -136, -63, -53, 
29, 68, 39, -48, -4, 53, 43, 180, 536, -136, -68, -58, 
29, 73, 43, -51, -7, 58, 19, 180, 541, -136, -68, -58, 
39, 87, 48, -63, -4, 68, 14, 175, 546, -126, -68, -58, 
53, 73, 19, -63, 17, 46, -4, 170, 536, -112, -73, -58, 
29, 63, 34, -46, -2, 48, -24, 161, 531, -112, -82, -68, 
14, 43, 29, -29, -7, 36, -48, 146, 527, -117, -92, -73, 
19, 43, 24, -31, -2, 34, -73, 141, 517, -126, -97, -78, 
58, 48, -9, -53, 34, 19, -87, 131, 507, -141, -97, -87, 
58, 48, -9, -53, 34, 19, -107, 126, 497, -136, -87, -78, 
39, 43, 4, -41, 17, 24, -126, 122, 492, -151, -87, -78, 
34, 39, 4, -36, 14, 21, -151, 117, 488, -156, -92, -73, 
34, 48, 14, -41, 9, 31, -161, 117, 478, -156, -102, -82, 
53, 58, 4, -56, 24, 31, -170, 122, 473, -146, -102, -82, 
53, 58, 4, -56, 24, 31, -180, 126, 473, -141, -102, -82, 
34, 39, 4, -36, 14, 21, -185, 126, 468, -141, -107, -92, 
4, 29, 24, -17, -9, 26, -180, 126, 478, -156, -117, -92, 
14, 24, 9, -19, 2, 17, -170, 126, 468, -156, -117, -92, 
29, 19, -9, -24, 19, 4, -170, 126, 463, -156, -107, -87, 
39, 19, -19, -29, 29, 0, -170, 131, 453, -161, -107, -82, 
39, 24, -14, -31, 26, 4, -161, 131, 453, -151, -97, -92, 
29, 19, -9, -24, 19, 4, -170, 131, 453, -156, -97, -92, 
53, 24, -29, -39, 41, -2, -175, 131, 453, -161, -107, -97, 
82, 34, -48, -58, 65, -7, -180, 136, 448, -161, -107, -97, 
92, 39, -53, -65, 73, -7, -170, 141, 453, -151, -112, -92, 
73, 29, -43, -51, 58, -7, -165, 146, 463, -146, -112, -97, 
53, 24, -29, -39, 41, -2, -175, 151, 468, -146, -117, -107, 
53, 29, -24, -41, 39, 2, -180, 156, 468, -141, -117, -107, 
68, 19, -48, -43, 58, -14, -146, 156, 478, -151, -122, -112, 
82, 29, -53, -56, 68, -12, -126, 165, 483, -156, -117, -107, 
68, 29, -39, -48, 53, -4, -117, 170, 483, -156, -117, -107, 
48, 29, -19, -39, 34, 4, -102, 175, 483, -156, -117, -107, 
39, 29, -9, -34, 24, 9, -92, 180, 492, -146, -107, -97, 
63, 34, -29, -48, 46, 2, -82, 190, 492, -141, -107, -97, 
63, 34, -29, -48, 46, 2, -73, 200, 492, -141, -107, -97, 
39, 34, -4, -36, 21, 14, -58, 204, 502, -141, -107, -97, 
24, 4, -19, -14, 21, -7, -43, 200, 517, -131, -107, -97, 
14, 4, -9, -9, 12, -2, -39, 195, 522, -131, -107, -97, 
9, 14, 4, -12, 2, 9, -29, 195, 531, -131, -107, -97, 
9, 24, 14, -17, -2, 19, -24, 195, 536, -131, -102, -92, 
0, 24, 24, -12, -12, 24, -14, 204, 536, -131, -97, -82, 
4, 24, 19, -14, -7, 21, -14, 204, 541, -131, -97, -92, 
9, 29, 19, -19, -4, 24, -14, 204, 546, -126, -92, -92, 
34, 48, 14, -41, 9, 31, 0, 209, 551, -112, -87, -87, 
34, 68, 34, -51, 0, 51, 9, 219, 561, -102, -78, -78, 
19, 48, 29, -34, -4, 39, 9, 224, 566, -97, -78, -78, 
0, 48, 48, -24, -24, 48, 14, 224, 570, -92, -82, -78, 
0, 48, 48, -24, -24, 48, 19, 229, 585, -87, -82, -78, 
19, 39, 19, -29, 0, 29, 29, 229, 585, -92, -92, -87, 
19, 43, 24, -31, -2, 34, 34, 234, 590, -87, -87, -82, 
14, 43, 29, -29, -7, 36, 34, 234, 590, -87, -87, -82, 
-4, 43, 48, -19, -26, 46, 34, 234, 590, -87, -82, -82, 
-4, 58, 63, -26, -34, 61, 43, 244, 600, -87, -73, -82, 
9, 58, 48, -34, -19, 53, 53, 248, 605, -73, -73, -78, 
9, 58, 48, -34, -19, 53, 53, 263, 610, -68, -73, -78, 
-9, 58, 68, -24, -39, 63, 58, 253, 614, -68, -68, -78, 
-43, 48, 92, -2, -68, 70, 68, 258, 624, -58, -78, -73, 
-34, 48, 82, -7, -58, 65, 73, 258, 629, -58, -78, -73, 
-14, 58, 73, -21, -43, 65, 92, 258, 634, -53, -73, -73, 
-4, 58, 63, -26, -34, 61, 102, 258, 644, -53, -68, -68, 
-24, 63, 87, -19, -56, 75, 107, 248, 649, -58, -58, -78, 
-24, 63, 87, -19, -56, 75, 112, 248, 649, -58, -68, -78, 
-9, 78, 87, -34, -48, 82, 117, 248, 649, -58, -68, -78, 
9, 87, 78, -48, -34, 82, 117, 248, 658, -43, -58, -68, 
9, 87, 78, -48, -34, 82, 122, 248, 658, -34, -43, -53, 
-24, 78, 102, -26, -63, 90, 151, 248, 678, -34, -43, -58, 
-29, 73, 102, -21, -65, 87, 136, 248, 678, -34, -48, -53, 
-29, 73, 102, -21, -65, 87, 141, 239, 673, -34, -48, -48, 
-4, 78, 82, -36, -43, 80, 146, 219, 668, -39, -58, -48, 
-9, 82, 92, -36, -51, 87, 146, 214, 673, -43, -58, -48, 
-29, 82, 112, -26, -70, 97, 151, 209, 678, -48, -63, -53, 
-43, 68, 112, -12, -78, 90, 146, 204, 678, -53, -68, -58, 
-58, 73, 131, -7, -95, 102, 107, 185, 673, -53, -68, -63, 
-48, 78, 126, -14, -87, 102, 87, 165, 673, -58, -58, -68, 
-39, 87, 126, -24, -82, 107, 63, 156, 658, -58, -58, -58, 
-29, 87, 117, -29, -73, 102, 48, 156, 653, -58, -58, -58, 
-19, 87, 107, -34, -63, 97, 34, 156, 649, -58, -58, -58, 
-9, 87, 97, -39, -53, 92, 19, 156, 644, -58, -58, -58, 
-4, 82, 87, -39, -46, 85, -9, 146, 629, -73, -63, -68, 
14, 78, 63, -46, -24, 70, -48, 141, 619, -73, -73, -68, 
48, 82, 34, -65, 7, 58, -73, 146, 610, -73, -78, -68, 
53, 78, 24, -65, 14, 51, -102, 141, 600, -73, -78, -63, 
43, 87, 43, -65, 0, 65, -102, 141, 595, -63, -63, -53, 
29, 82, 53, -56, -12, 68, -117, 141, 595, -63, -63, -53, 
43, 92, 48, -68, -2, 70, -126, 141, 600, -63, -58, -58, 
73, 112, 39, -92, 17, 75, -122, 146, 600, -63, -53, -58, 
78, 112, 34, -95, 21, 73, -122, 156, 590, -48, -39, -43, 
63, 107, 43, -85, 9, 75, -131, 156, 595, -48, -39, -43, 
63, 97, 34, -80, 14, 65, -141, 151, 595, -48, -43, -43, 
68, 92, 24, -80, 21, 58, -146, 151, 600, -48, -43, -43, 
102, 102, 0, -102, 51, 51, -151, 156, 590, -53, -53, -48, 
131, 102, -29, -117, 80, 36, -146, 165, 580, -53, -48, -48, 
102, 102, 0, -102, 51, 51, -146, 165, 570, -48, -43, -53, 
102, 97, -4, -100, 53, 46, -146, 156, 556, -63, -43, -58, 
102, 82, -19, -92, 61, 31, -136, 175, 546, -63, -48, -58, 
126, 78, -48, -102, 87, 14, -131, 185, 546, -63, -48, -58, 
126, 73, -53, -100, 90, 9, -131, 195, 546, -63, -48, -58, 
117, 68, -48, -92, 82, 9, -126, 204, 546, -63, -48, -58, 
97, 53, -43, -75, 70, 4, -112, 209, 536, -73, -58, -68, 
107, 48, -58, -78, 82, -4, -107, 214, 536, -73, -58, -68, 
131, 53, -78, -92, 104, -12, -102, 224, 536, -73, -53, -68, 
146, 53, -92, -100, 119, -19, -97, 234, 536, -63, -48, -63, 
141, 68, -73, -104, 107, -2, -87, 234, 541, -63, -43, -58, 
131, 73, -58, -102, 95, 7, -78, 234, 546, -68, -43, -53, 
131, 78, -53, -104, 92, 12, -73, 239, 551, -68, -39, -48, 
156, 87, -68, -122, 112, 9, -68, 244, 556, -68, -24, -39, 
170, 97, -73, -134, 122, 12, -73, 234, 551, -68, -29, -29, 
151, 92, -58, -122, 104, 17, -73, 229, 551, -68, -39, -29, 
141, 87, -53, -114, 97, 17, -73, 229, 551, -68, -48, -34, 
165, 87, -78, -126, 122, 4, -73, 229, 551, -68, -53, -34, 
204, 107, -97, -156, 151, 4, -82, 234, 546, -68, -63, -48, 
209, 107, -102, -158, 156, 2, -73, 234, 541, -68, -58, -48, 
195, 107, -87, -151, 141, 9, -63, 229, 536, -73, -58, -53, 
190, 87, -102, -139, 146, -7, -63, 224, 531, -82, -58, -58, 
190, 107, -82, -148, 136, 12, -58, 229, 536, -68, -48, -43, 
209, 107, -102, -158, 156, 2, -43, 234, 551, -63, -34, -39, 
209, 112, -97, -161, 153, 7, -39, 239, 556, -58, -19, -29, 
195, 112, -82, -153, 139, 14, -34, 244, 556, -53, -9, -24, 
175, 112, -63, -143, 119, 24, -19, 248, 561, -63, -19, -29, 
190, 112, -78, -151, 134, 17, -19, 244, 566, -63, -24, -29, 
209, 122, -87, -165, 148, 17, -29, 244, 570, -63, -29, -29, 
209, 122, -87, -165, 148, 17, -39, 248, 575, -63, -34, -29, 
185, 126, -58, -156, 122, 34, -14, 253, 580, -58, -29, -14, 
165, 122, -43, -143, 104, 39, 0, 258, 585, -58, -29, -14, 
161, 122, -39, -141, 100, 41, 9, 263, 590, -53, -24, -14, 
180, 136, -43, -158, 112, 46, 14, 268, 595, -43, -14, -14, 
175, 136, -39, -156, 107, 48, 29, 263, 600, -43, -4, -4, 
161, 131, -29, -146, 95, 51, 29, 258, 605, -43, -4, -4, 
146, 117, -29, -131, 87, 43, 24, 253, 605, -48, -9, -4, 
151, 126, -24, -139, 87, 51, 24, 253, 605, -48, -9, -4, 
175, 151, -24, -163, 100, 63, 29, 263, 614, -29, 4, 4, 
185, 156, -29, -170, 107, 63, 34, 268, 624, -24, 4, 4, 
170, 161, -9, -165, 90, 75, 43, 268, 634, -19, 4, 4, 
156, 151, -4, -153, 80, 73, 39, 268, 649, -19, 4, 0, 
151, 151, 0, -151, 75, 75, 43, 263, 658, -9, 4, 9, 
161, 161, 0, -161, 80, 80, 58, 263, 658, -4, 4, 14, 
156, 161, 4, -158, 75, 82, 63, 263, 658, -4, 4, 14, 
141, 156, 14, -148, 63, 85, 68, 263, 658, -9, 4, 14, 
122, 136, 14, -129, 53, 75, 68, 244, 663, -24, -14, 4, 
131, 136, 4, -134, 63, 70, 68, 239, 663, -29, -14, 0, 
151, 146, -4, -148, 78, 70, 68, 234, 663, -24, -14, -4, 
161, 151, -9, -156, 85, 70, 68, 234, 663, -29, -9, -4, 
141, 161, 19, -151, 61, 90, 58, 224, 653, -19, 0, 4, 
122, 156, 34, -139, 43, 95, 48, 219, 653, -19, 0, 4, 
122, 146, 24, -134, 48, 85, 39, 214, 653, -29, -4, 0, 
141, 156, 14, -148, 63, 85, 14, 214, 653, -29, -4, 0, 
131, 156, 24, -143, 53, 90, -19, 200, 639, -34, -9, 0, 
126, 156, 29, -141, 48, 92, -39, 190, 639, -34, -9, 0, 
126, 151, 24, -139, 51, 87, -58, 180, 639, -34, -9, 0, 
126, 151, 24, -139, 51, 87, -78, 170, 634, -34, -9, 0, 
161, 146, -14, -153, 87, 65, -97, 170, 629, -43, -19, 0, 
165, 151, -14, -158, 90, 68, -136, 180, 624, -34, -19, 0, 
151, 151, 0, -151, 75, 75, -156, 165, 619, -34, -19, 0, 
146, 146, 0, -146, 73, 73, -165, 161, 614, -39, -19, 0, 
165, 161, -4, -163, 85, 78, -161, 170, 605, -34, -14, 9, 
190, 175, -14, -183, 102, 80, -165, 175, 605, -29, -9, 9, 
190, 180, -9, -185, 100, 85, -170, 175, 600, -29, -4, 4, 
185, 170, -14, -178, 100, 78, -180, 175, 590, -29, -4, 4, 
175, 170, -4, -173, 90, 82, -209, 151, 600, -48, -9, 4, 
239, 180, -58, -209, 148, 61, -219, 161, 595, -39, -9, 4, 
292, 190, -102, -241, 197, 43, -239, 190, 590, -19, 0, 0, 
287, 190, -97, -239, 192, 46, -244, 204, 590, -4, 9, 4, 
283, 190, -92, -236, 187, 48, -268, 214, 605, 14, 29, 24, 
336, 200, -136, -268, 236, 31, -297, 229, 600, 58, 53, 48, 
448, 244, -204, -346, 326, 19, -312, 268, 600, 112, 112, 87, 
551, 326, -224, -439, 387, 51, -351, 278, 614, 190, 180, 146, 
610, 409, -200, -509, 405, 104, -405, 248, 634, 253, 268, 209, 
649, 463, -185, -556, 417, 139, -453, 190, 634, 292, 331, 268, 
732, 492, -239, -612, 485, 126, -502, 117, 600, 278, 356, 302, 
854, 541, -312, -697, 583, 114, -566, 43, 536, 234, 366, 331, 
976, 575, -400, -775, 688, 87, -634, -43, 458, 175, 351, 341, 
1034, 595, -439, -814, 736, 78, -707, -156, 366, 87, 312, 346, 
1073, 610, -463, -841, 768, 73, -790, -292, 244, -39, 263, 331, 
1166, 639, -527, -902, 846, 56, -883, -414, 126, -141, 219, 331, 
1263, 683, -580, -973, 922, 51, -941, -497, 34, -209, 204, 351, 
1283, 683, -600, -983, 941, 41, -976, -585, -63, -302, 156, 326, 
1215, 610, -605, -912, 910, 2, -976, -668, -170, -444, 63, 263, 
1102, 512, -590, -807, 846, -39, -971, -761, -263, -610, -63, 180, 
1000, 448, -551, -724, 775, -51, -941, -849, -331, -756, -190, 92, 
897, 439, -458, -668, 678, -9, -868, -902, -322, -829, -268, 53, 
780, 448, -331, -614, 556, 58, -766, -878, -248, -819, -273, 68, 
634, 439, -195, -536, 414, 122, -658, -824, -161, -775, -253, 78, 
512, 395, -117, -453, 314, 139, -610, -736, -97, -727, -248, 73, 
473, 366, -107, -419, 290, 129, -566, -639, -43, -668, -244, 63, 
488, 370, -117, -429, 302, 126, -527, -527, 9, -614, -224, 53, 
478, 341, -136, -409, 307, 102, -497, -434, 34, -570, -224, 24, 
409, 263, -146, -336, 278, 58, -478, -356, 63, -551, -244, -9, 
336, 195, -141, -265, 239, 26, -439, -278, 112, -522, -258, -39, 
307, 165, -141, -236, 224, 12, -405, -200, 170, -483, -263, -68, 
312, 161, -151, -236, 231, 4, -366, -117, 234, -419, -244, -73, 
297, 151, -146, -224, 222, 2, -302, -39, 322, -351, -200, -63, 
258, 131, -126, -195, 192, 2, -244, 29, 390, -292, -170, -68, 
185, 82, -102, -134, 143, -9, -200, 63, 429, -253, -151, -78, 
156, 63, -92, -109, 124, -14, -156, 97, 483, -209, -136, -78, 
175, 82, -92, -129, 134, -4, -92, 141, 527, -161, -107, -68, 
180, 97, -82, -139, 131, 7, -48, 165, 556, -117, -82, -48, 
122, 78, -43, -100, 82, 17, -34, 161, 575, -107, -73, -53, 
97, 73, -24, -85, 61, 24, -24, 156, 590, -107, -63, -53, 
87, 78, -9, -82, 48, 34, -14, 161, 595, -107, -68, -58, 
92, 82, -9, -87, 51, 36, -24, 165, 605, -107, -68, -58, 
107, 97, -9, -102, 58, 43, -14, 165, 614, -97, -68, -58, 
126, 87, -39, -107, 82, 24, -4, 165, 624, -92, -68, -48, 
97, 82, -14, -90, 56, 34, 4, 161, 629, -92, -73, -58, 
78, 68, -9, -73, 43, 29, 9, 151, 634, -97, -78, -63, 
78, 73, -4, -75, 41, 34, 14, 151, 634, -107, -78, -68, 
97, 82, -14, -90, 56, 34, 39, 151, 644, -92, -68, -63, 
87, 87, 0, -87, 43, 43, 48, 156, 644, -78, -58, -48, 
58, 87, 29, -73, 14, 58, 58, 161, 649, -82, -58, -43, 
43, 87, 43, -65, 0, 65, 63, 165, 653, -78, -63, -34, 
34, 78, 43, -56, -4, 61, 68, 161, 668, -92, -73, -39, 
53, 87, 34, -70, 9, 61, 63, 161, 668, -87, -73, -43, 
53, 87, 34, -70, 9, 61, 58, 161, 673, -87, -73, -48, 
34, 68, 34, -51, 0, 51, 58, 156, 673, -92, -78, -63, 
24, 78, 53, -51, -14, 65, 48, 136, 673, -97, -87, -63, 
43, 82, 39, -63, 2, 61, 43, 126, 663, -97, -87, -63, 
68, 87, 19, -78, 24, 53, 29, 117, 658, -97, -78, -58, 
87, 97, 9, -92, 39, 53, 14, 112, 649, -102, -78, -53, 
48, 78, 29, -63, 9, 53, 0, 107, 644, -107, -92, -63, 
19, 58, 39, -39, -9, 48, -24, 102, 639, -117, -97, -73, 
24, 48, 24, -36, 0, 36, -43, 97, 634, -126, -112, -87, 
34, 43, 9, -39, 12, 26, -63, 97, 624, -131, -117, -97, 
39, 53, 14, -46, 12, 34, -82, 82, 610, -131, -122, -92, 
24, 39, 14, -31, 4, 26, -87, 78, 610, -136, -122, -97, 
9, 29, 19, -19, -4, 24, -107, 73, 605, -146, -126, -107, 
14, 29, 14, -21, 0, 21, -122, 68, 595, -151, -126, -107, 
24, 43, 19, -34, 2, 31, -102, 78, 610, -141, -117, -87, 
43, 58, 14, -51, 14, 36, -87, 87, 619, -136, -107, -78, 
34, 63, 29, -48, 2, 46, -82, 92, 624, -126, -102, -73, 
19, 68, 48, -43, -14, 58, -73, 97, 629, -117, -97, -68, 
29, 58, 29, -43, 0, 43, -82, 92, 629, -126, -97, -68, 
53, 63, 9, -58, 21, 36, -82, 92, 629, -122, -97, -68, 
53, 63, 9, -58, 21, 36, -82, 92, 629, -122, -97, -68, 
29, 63, 34, -46, -2, 48, -78, 87, 639, -122, -97, -68, 
24, 34, 9, -29, 7, 21, -87, 78, 634, -122, -117, -87, 
24, 34, 9, -29, 7, 21, -87, 78, 629, -122, -117, -87, 
29, 43, 14, -36, 7, 29, -82, 82, 629, -122, -117, -87, 
39, 53, 14, -46, 12, 34, -82, 87, 624, -122, -112, -82, 
4, 39, 34, -21, -14, 36, -68, 102, 634, -117, -122, -92, 
4, 34, 29, -19, -12, 31, -63, 107, 639, -122, -126, -102, 
4, 34, 29, -19, -12, 31, -58, 112, 644, -122, -126, -102, 
24, 48, 24, -36, 0, 36, -39, 122, 649, -112, -126, -97, 
29, 48, 19, -39, 4, 34, -39, 136, 644, -107, -112, -87, 
19, 29, 9, -24, 4, 19, -39, 136, 644, -107, -107, -87, 
4, 29, 24, -17, -9, 26, -34, 131, 644, -107, -107, -87, 
9, 29, 19, -19, -4, 24, -29, 131, 653, -107, -102, -87, 
14, 29, 14, -21, 0, 21, -14, 141, 663, -97, -112, -87, 
9, 34, 24, -21, -7, 29, 4, 156, 668, -87, -107, -82, 
0, 34, 34, -17, -17, 34, 19, 165, 668, -82, -107, -82, 
-24, 34, 58, -4, -41, 46, 34, 175, 668, -78, -102, -82, 
-24, 29, 53, -2, -39, 41, 43, 185, 673, -82, -102, -92, 
-9, 29, 39, -9, -24, 34, 53, 190, 683, -73, -102, -87, 
-9, 29, 39, -9, -24, 34, 53, 204, 692, -73, -102, -87, 
-29, 29, 58, 0, -43, 43, 58, 195, 702, -78, -97, -87, 
-48, 9, 58, 19, -53, 34, 68, 195, 707, -68, -107, -92, 
-34, 9, 43, 12, -39, 26, 73, 200, 707, -68, -107, -92, 
-9, 19, 29, -4, -19, 24, 92, 204, 707, -63, -102, -92, 
4, 19, 14, -12, -4, 17, 102, 209, 712, -63, -97, -87, 
-14, 24, 39, -4, -26, 31, 102, 209, 717, -58, -97, -87, 
-14, 24, 39, -4, -26, 31, 102, 209, 717, -58, -107, -87, 
0, 39, 39, -19, -19, 39, 102, 209, 717, -58, -107, -87, 
19, 48, 29, -34, -4, 39, 97, 209, 727, -43, -97, -78, 
24, 58, 34, -41, -4, 46, 87, 209, 722, -43, -87, -73, 
-4, 48, 53, -21, -29, 51, 112, 209, 736, -43, -82, -78, 
-4, 43, 48, -19, -26, 46, 92, 209, 732, -43, -82, -73, 
0, 43, 43, -21, -21, 43, 92, 200, 722, -43, -78, -68, 
34, 63, 29, -48, 2, 46, 107, 204, 727, -29, -63, -58, 
39, 73, 34, -56, 2, 53, 107, 204, 732, -24, -58, -48, 
29, 78, 48, -53, -9, 63, 112, 204, 736, -19, -58, -43, 
24, 68, 43, -46, -9, 56, 107, 204, 736, -14, -58, -39, 
39, 87, 48, -63, -4, 68, 112, 204, 741, -14, -48, -34, 
63, 102, 39, -82, 12, 70, 107, 204, 751, -4, -48, -24, 
63, 112, 48, -87, 7, 80, 97, 200, 761, 0, -39, -24, 
53, 117, 63, -85, -4, 90, 107, 200, 771, 0, -39, -29, 
63, 122, 58, -92, 2, 90, 112, 200, 780, 0, -34, -24, 
68, 122, 53, -95, 7, 87, 126, 200, 780, 4, -34, -24, 
97, 136, 39, -117, 29, 87, 141, 200, 785, 14, -24, -19, 
97, 151, 53, -124, 21, 102, 151, 200, 785, 24, -19, -14, 
73, 131, 58, -102, 7, 95, 161, 195, 790, 14, -24, -24, 
63, 131, 68, -97, -2, 100, 161, 180, 795, 9, -34, -24, 
73, 131, 58, -102, 7, 95, 156, 175, 800, 9, -39, -24, 
97, 141, 43, -119, 26, 92, 156, 180, 800, 9, -39, -19, 
87, 126, 39, -107, 24, 82, 151, 170, 785, 0, -43, -24, 
58, 122, 63, -90, -2, 92, 146, 165, 785, 4, -43, -24, 
39, 117, 78, -78, -19, 97, 146, 156, 780, 0, -43, -24, 
39, 117, 78, -78, -19, 97, 146, 136, 780, -4, -43, -24, 
82, 136, 53, -109, 14, 95, 117, 122, 771, -4, -34, -19, 
82, 141, 58, -112, 12, 100, 87, 117, 761, -4, -34, -14, 
73, 141, 68, -107, 2, 104, 58, 117, 751, -4, -29, -9, 
73, 141, 68, -107, 2, 104, 39, 112, 746, -4, -29, -4, 
87, 131, 43, -109, 21, 87, 19, 112, 736, -19, -43, -9, 
126, 146, 19, -136, 53, 82, -19, 102, 732, -19, -39, -4, 
141, 146, 4, -143, 68, 75, -48, 92, 727, -24, -43, -9, 
131, 146, 14, -139, 58, 80, -68, 82, 722, -29, -48, -14, 
117, 146, 29, -131, 43, 87, -92, 82, 707, -24, -43, -9, 
126, 146, 19, -136, 53, 82, -107, 87, 702, -24, -43, -9, 
165, 156, -9, -161, 87, 73, -117, 87, 692, -24, -34, -9, 
180, 165, -14, -173, 97, 75, -126, 87, 683, -14, -29, -4, 
151, 151, 0, -151, 75, 75, -141, 82, 692, -24, -34, -14, 
146, 146, 0, -146, 73, 73, -146, 87, 692, -29, -39, -14, 
146, 146, 0, -146, 73, 73, -151, 92, 697, -29, -43, -14, 
175, 161, -14, -168, 95, 73, -151, 97, 697, -29, -48, -9, 
185, 165, -19, -175, 102, 73, -161, 102, 683, -39, -39, -9, 
175, 165, -9, -170, 92, 78, -161, 102, 683, -39, -39, -9, 
165, 156, -9, -161, 87, 73, -151, 107, 673, -39, -43, -9, 
165, 156, -9, -161, 87, 73, -146, 107, 683, -39, -43, -9, 
180, 151, -29, -165, 104, 61, -151, 122, 673, -48, -43, -4, 
200, 156, -43, -178, 122, 56, -146, 126, 673, -39, -29, 4, 
175, 156, -19, -165, 97, 68, -151, 131, 673, -39, -39, -4, 
156, 141, -14, -148, 85, 63, -151, 131, 678, -43, -39, -4, 
195, 141, -53, -168, 124, 43, -151, 136, 678, -53, -68, -24, 
229, 170, -58, -200, 143, 56, -136, 156, 683, -48, -53, -14, 
224, 175, -48, -200, 136, 63, -122, 175, 692, -43, -48, -4, 
200, 175, -24, -187, 112, 75, -112, 175, 692, -43, -39, -4, 
214, 175, -39, -195, 126, 68, -107, 165, 692, -39, -39, 0, 
219, 180, -39, -200, 129, 70, -102, 180, 692, -24, -34, 14, 
224, 185, -39, -204, 131, 73, -97, 185, 692, -19, -29, 19, 
229, 190, -39, -209, 134, 75, -92, 190, 692, -14, -24, 24, 
234, 195, -39, -214, 136, 78, -87, 195, 692, -9, -19, 29, 
204, 180, -24, -192, 114, 78, -68, 204, 688, -29, -24, 19, 
200, 165, -34, -183, 117, 65, -78, 209, 688, -34, -34, 9, 
209, 161, -48, -185, 129, 56, -73, 224, 688, -39, -39, 0, 
190, 146, -43, -168, 117, 51, -73, 229, 688, -43, -39, -4, 
175, 136, -39, -156, 107, 48, -48, 234, 688, -34, -39, -14, 
156, 122, -34, -139, 95, 43, -39, 239, 692, -34, -43, -14, 
165, 122, -43, -143, 104, 39, -24, 244, 702, -34, -43, -19, 
190, 131, -58, -161, 124, 36, 4, 253, 707, -34, -43, -19, 
180, 122, -58, -151, 119, 31, 14, 268, 697, -39, -43, -19, 
151, 117, -34, -134, 92, 41, 14, 273, 702, -39, -48, -24, 
136, 107, -29, -122, 82, 39, 14, 273, 702, -39, -58, -29, 
126, 102, -24, -114, 75, 39, 19, 278, 707, -39, -63, -34, 
161, 122, -39, -141, 100, 41, 14, 283, 717, -39, -53, -24, 
190, 122, -68, -156, 129, 26, 19, 292, 717, -34, -48, -19, 
161, 122, -39, -141, 100, 41, 19, 292, 717, -24, -43, -19, 
161, 117, -43, -139, 102, 36, 19, 283, 712, -34, -43, -19, 
170, 117, -53, -143, 112, 31, 34, 283, 712, -24, -58, -29, 
195, 117, -78, -156, 136, 19, 34, 283, 712, -24, -58, -29, 
195, 117, -78, -156, 136, 19, 29, 283, 712, -24, -58, -29, 
185, 117, -68, -151, 126, 24, 29, 283, 712, -24, -58, -29, 
175, 122, -53, -148, 114, 34, 39, 292, 717, -14, -53, -24, 
185, 126, -58, -156, 122, 34, 39, 292, 722, -14, -48, -19, 
209, 141, -68, -175, 139, 36, 39, 297, 727, -14, -39, -14, 
224, 151, -73, -187, 148, 39, 39, 302, 732, -4, -29, -4, 
200, 156, -43, -178, 122, 56, 34, 287, 741, 4, -24, 9, 
190, 161, -29, -175, 109, 65, 39, 283, 741, 0, -24, 14, 
190, 165, -24, -178, 107, 70, 39, 283, 741, 0, -19, 19, 
214, 175, -39, -195, 126, 68, 39, 283, 741, 0, -4, 29, 
200, 180, -19, -190, 109, 80, 48, 273, 741, 9, -4, 19, 
170, 180, 9, -175, 80, 95, 53, 268, 746, 9, -9, 19, 
151, 180, 29, -165, 61, 104, 58, 268, 751, 9, -14, 14, 
165, 185, 19, -175, 73, 102, 63, 268, 756, 9, -14, 14, 
175, 175, 0, -175, 87, 87, 53, 258, 756, 0, -19, 9, 
170, 165, -4, -168, 87, 80, 63, 253, 756, 0, -19, 9, 
146, 156, 9, -151, 68, 82, 73, 244, 756, -4, -24, 4, 
131, 126, -4, -129, 68, 61, 73, 234, 756, -14, -29, 0, 
141, 141, 0, -141, 70, 70, 48, 224, 741, -14, -39, 0, 
161, 146, -14, -153, 87, 65, 43, 214, 746, -14, -34, 0, 
161, 156, -4, -158, 82, 75, 29, 204, 741, -14, -29, 4, 
146, 161, 14, -153, 65, 87, 14, 195, 732, -14, -29, 4, 
146, 151, 4, -148, 70, 78, -4, 185, 717, -24, -43, -9, 
161, 151, -9, -156, 85, 70, -29, 175, 712, -24, -43, -9, 
180, 161, -19, -170, 100, 70, -63, 170, 707, -24, -43, -9, 
180, 161, -19, -170, 100, 70, -97, 170, 702, -24, -43, -9, 
180, 170, -9, -175, 95, 80, -107, 161, 702, -24, -43, 4, 
175, 170, -4, -173, 90, 82, -107, 161, 702, -29, -48, 4, 
185, 175, -9, -180, 97, 82, -112, 161, 702, -29, -48, 4, 
219, 195, -24, -207, 122, 85, -122, 161, 702, -24, -43, 4, 
204, 185, -19, -195, 112, 82, -122, 161, 702, -14, -29, 9, 
190, 180, -9, -185, 100, 85, -126, 161, 702, -14, -24, 14, 
175, 165, -9, -170, 92, 78, -136, 161, 697, -19, -24, 19, 
180, 175, -4, -178, 92, 85, -141, 165, 692, -19, -19, 24, 
200, 180, -19, -190, 109, 80, -146, 165, 683, -29, -24, 9, 
214, 175, -39, -195, 126, 68, -151, 170, 683, -34, -34, 4, 
204, 170, -34, -187, 119, 68, -151, 170, 683, -39, -43, 0, 
195, 151, -43, -173, 119, 53, -165, 170, 688, -48, -53, -9, 
209, 156, -53, -183, 131, 51, -156, 180, 688, -43, -43, 0, 
229, 170, -58, -200, 143, 56, -136, 185, 688, -34, -43, 4, 
234, 175, -58, -204, 146, 58, -126, 190, 688, -29, -43, 4, 
229, 175, -53, -202, 141, 61, -117, 195, 688, -29, -43, 4, 
214, 165, -48, -190, 131, 58, -107, 190, 692, -48, -63, -9, 
229, 165, -63, -197, 146, 51, -107, 190, 692, -48, -63, -9, 
253, 175, -78, -214, 165, 48, -107, 190, 692, -39, -63, -9, 
268, 180, -87, -224, 178, 46, -107, 195, 692, -39, -58, -4, 
258, 190, -68, -224, 163, 61, -92, 209, 692, -24, -48, 4, 
239, 185, -53, -212, 146, 65, -87, 209, 692, -19, -39, 4, 
239, 175, -63, -207, 151, 56, -82, 209, 692, -24, -34, 0, 
258, 185, -73, -222, 165, 56, -92, 214, 692, -19, -24, 0, 
248, 175, -73, -212, 161, 51, -78, 229, 692, -14, -29, 9, 
234, 175, -58, -204, 146, 58, -68, 229, 697, -14, -29, 9, 
224, 170, -53, -197, 139, 58, -58, 229, 702, -14, -29, 9, 
214, 170, -43, -192, 129, 63, -48, 229, 702, -14, -29, 9, 
253, 175, -78, -214, 165, 48, -39, 234, 717, -14, -19, 19, 
253, 180, -73, -217, 163, 53, -48, 248, 722, -4, -19, 19, 
234, 180, -53, -207, 143, 63, -39, 239, 727, -4, -19, 19, 
224, 175, -48, -200, 136, 63, -19, 239, 732, -9, -19, 19, 
229, 161, -68, -195, 148, 46, 0, 258, 732, -19, -34, 4, 
248, 165, -82, -207, 165, 41, 9, 273, 732, -19, -39, 0, 
244, 161, -82, -202, 163, 39, 19, 283, 727, -24, -43, -9, 
234, 141, -92, -187, 163, 24, 24, 292, 717, -29, -53, -14, 
165, 102, -63, -134, 114, 19, 34, 307, 736, -9, -58, -24, 
229, 122, -107, -175, 168, 7, 4, 307, 722, 0, -48, -14, 
331, 161, -170, -246, 251, -4, -24, 336, 707, 39, -9, 19, 
414, 219, -195, -317, 305, 12, -48, 361, 717, 92, 48, 63, 
458, 278, -180, -368, 319, 48, -82, 370, 741, 151, 117, 112, 
522, 307, -214, -414, 368, 46, -122, 356, 756, 195, 170, 156, 
624, 361, -263, -492, 444, 48, -146, 356, 775, 248, 229, 204, 
766, 453, -312, -610, 539, 70, -165, 385, 780, 287, 278, 263, 
863, 507, -356, -685, 610, 75, -229, 366, 741, 292, 307, 317, 
932, 541, -390, -736, 661, 75, -326, 278, 673, 273, 331, 356, 
1034, 580, -453, -807, 744, 63, -434, 156, 590, 219, 336, 380, 
1185, 649, -536, -917, 861, 56, -517, 43, 507, 156, 326, 409, 
1307, 722, -585, -1015, 946, 68, -575, -34, 439, 117, 331, 429, 
1307, 751, -556, -1029, 932, 97, -619, -107, 395, 68, 322, 444, 
1239, 756, -483, -997, 861, 136, -653, -214, 341, 0, 312, 448, 
1176, 766, -409, -971, 793, 178, -678, -336, 292, -73, 287, 448, 
1146, 780, -366, -963, 756, 207, -688, -478, 239, -170, 224, 419, 
1058, 761, -297, -910, 678, 231, -683, -624, 161, -312, 126, 375, 
883, 717, -165, -800, 524, 275, -634, -727, 112, -434, 24, 322, 
644, 658, 14, -651, 314, 336, -551, -800, 117, -512, -63, 278, 
483, 595, 112, -539, 185, 353, -463, -849, 126, -580, -151, 229, 
439, 546, 107, -492, 165, 326, -400, -844, 117, -634, -219, 161, 
429, 507, 78, -468, 175, 292, -317, -741, 112, -644, -253, 117, 
390, 439, 48, -414, 170, 244, -248, -590, 141, -629, -263, 78, 
287, 336, 48, -312, 119, 192, -209, -473, 165, -619, -278, 34, 
229, 248, 19, -239, 104, 134, -204, -395, 180, -610, -312, -14, 
244, 214, -29, -229, 136, 92, -204, -322, 214, -575, -322, -43, 
263, 214, -48, -239, 156, 82, -204, -229, 258, -512, -292, -43, 
224, 204, -19, -214, 122, 92, -204, -151, 317, -444, -263, -39, 
131, 175, 43, -153, 43, 109, -195, -92, 375, -395, -248, -39, 
82, 126, 43, -104, 19, 85, -190, -34, 414, -356, -253, -68, 
97, 112, 14, -104, 41, 63, -180, 9, 448, -312, -244, -73, 
151, 131, -19, -141, 85, 56, -165, 48, 507, -253, -209, -63, 
141, 131, -9, -136, 75, 61, -146, 78, 566, -195, -180, -58, 
87, 102, 14, -95, 36, 58, -131, 82, 605, -185, -170, -78, 
78, 82, 4, -80, 36, 43, -107, 87, 639, -180, -165, -78, 
117, 92, -24, -104, 70, 34, -82, 82, 653, -161, -146, -68, 
131, 97, -34, -114, 82, 31, -58, 87, 663, -136, -122, -48, 
112, 97, -14, -104, 63, 41, -34, 112, 683, -117, -112, -43, 
92, 87, -4, -90, 48, 41, -34, 112, 683, -126, -126, -48, 
78, 87, 9, -82, 34, 48, -34, 112, 683, -126, -136, -58, 
78, 87, 9, -82, 34, 48, -53, 112, 688, -126, -141, -63, 
87, 97, 9, -92, 39, 53, -53, 107, 692, -117, -146, -68, 
97, 73, -24, -85, 61, 24, -53, 117, 697, -102, -141, -58, 
68, 63, -4, -65, 36, 29, -53, 112, 697, -102, -141, -68, 
48, 43, -4, -46, 26, 19, -58, 102, 697, -107, -141, -73, 
48, 43, -4, -46, 26, 19, -63, 102, 692, -117, -136, -78, 
78, 53, -24, -65, 51, 14, -48, 107, 683, -117, -146, -78, 
78, 58, -19, -68, 48, 19, -39, 117, 683, -107, -136, -68, 
58, 58, 0, -58, 29, 29, -29, 126, 688, -117, -136, -68, 
53, 58, 4, -56, 24, 31, -24, 136, 692, -117, -141, -63, 
68, 63, -4, -65, 36, 29, -29, 146, 697, -117, -141, -73, 
92, 78, -14, -85, 53, 31, -34, 151, 697, -107, -141, -73, 
97, 82, -14, -90, 56, 34, -39, 156, 702, -102, -141, -73, 
82, 68, -14, -75, 48, 26, -39, 156, 702, -102, -146, -82, 
73, 68, -4, -70, 39, 31, -19, 151, 712, -102, -146, -78, 
92, 73, -19, -82, 56, 26, -4, 156, 702, -97, -136, -73, 
117, 78, -39, -97, 78, 19, 0, 161, 697, -92, -117, -63, 
136, 87, -48, -112, 92, 19, 4, 170, 688, -92, -107, -53, 
107, 78, -29, -92, 68, 24, 19, 180, 692, -102, -122, -58, 
78, 68, -9, -73, 43, 29, 14, 180, 697, -107, -126, -63, 
82, 68, -14, -75, 48, 26, 14, 180, 702, -112, -141, -73, 
92, 73, -19, -82, 56, 26, 14, 185, 702, -112, -146, -78, 
87, 63, -24, -75, 56, 19, 24, 175, 712, -107, -151, -92, 
63, 48, -14, -56, 39, 17, 29, 175, 717, -107, -151, -97, 
39, 39, 0, -39, 19, 19, 19, 175, 717, -112, -156, -107, 
34, 39, 4, -36, 14, 21, 14, 175, 712, -112, -156, -107, 
73, 53, -19, -63, 46, 17, 53, 190, 717, -107, -141, -92, 
102, 68, -34, -85, 68, 17, 78, 214, 727, -107, -136, -87, 
102, 73, -29, -87, 65, 21, 92, 234, 732, -102, -136, -87, 
97, 78, -19, -87, 58, 29, 112, 253, 736, -97, -136, -87, 
78, 68, -9, -73, 43, 29, 122, 258, 751, -92, -131, -78, 
92, 73, -19, -82, 56, 26, 131, 268, 756, -82, -126, -78, 
82, 73, -9, -78, 46, 31, 141, 278, 761, -78, -122, -78, 
48, 73, 24, -61, 12, 48, 156, 283, 775, -73, -117, -78, 
34, 39, 4, -36, 14, 21, 146, 283, 771, -78, -131, -92, 
24, 24, 0, -24, 12, 12, 146, 283, 766, -82, -136, -97, 
19, 19, 0, -19, 9, 9, 151, 287, 766, -87, -141, -102, 
19, 14, -4, -17, 12, 4, 151, 292, 761, -92, -141, -102, 
0, 9, 9, -4, -4, 9, 161, 302, 751, -97, -151, -102, 
4, 4, 0, -4, 2, 2, 170, 302, 756, -102, -156, -112, 
9, 4, -4, -7, 7, 0, 180, 302, 761, -102, -156, -112, 
34, 19, -14, -26, 24, 2, 204, 307, 766, -92, -156, -107, 
19, 14, -4, -17, 12, 4, 190, 307, 771, -97, -156, -107, 
0, -9, -9, 4, 4, -9, 185, 302, 771, -97, -156, -107, 
-24, -14, 9, 19, -17, -2, 185, 292, 771, -97, -161, -107, 
-29, -19, 9, 24, -19, -4, 185, 287, 780, -97, -161, -107, 
4, -9, -14, 2, 9, -12, 175, 283, 771, -92, -161, -107, 
19, 4, -14, -12, 17, -4, 180, 283, 775, -87, -156, -102, 
29, 14, -14, -21, 21, 0, 180, 278, 775, -87, -156, -102, 
24, 24, 0, -24, 12, 12, 180, 273, 775, -87, -151, -102, 
24, 39, 14, -31, 4, 26, 180, 268, 780, -87, -141, -102, 
39, 39, 0, -39, 19, 19, 190, 268, 790, -73, -141, -97, 
39, 39, 0, -39, 19, 19, 190, 278, 800, -68, -141, -97, 
19, 39, 19, -29, 0, 29, 195, 263, 810, -68, -136, -97, 
-4, 29, 34, -12, -19, 31, 170, 239, 810, -78, -141, -102, 
4, 29, 24, -17, -9, 26, 151, 229, 805, -78, -146, -102, 
24, 39, 14, -31, 4, 26, 146, 219, 800, -73, -146, -102, 
34, 39, 4, -36, 14, 21, 131, 209, 800, -73, -146, -97, 
-4, 34, 39, -14, -21, 36, 102, 200, 795, -68, -141, -97, 
-4, 34, 39, -14, -21, 36, 73, 190, 785, -68, -146, -97, 
9, 48, 39, -29, -14, 43, 43, 180, 775, -68, -141, -97, 
29, 58, 29, -43, 0, 43, 9, 170, 775, -53, -126, -87, 
34, 48, 14, -41, 9, 31, -19, 170, 766, -63, -126, -87, 
4, 39, 34, -21, -14, 36, -14, 170, 775, -73, -131, -97, 
4, 34, 29, -19, -12, 31, -53, 170, 766, -82, -141, -97, 
9, 34, 24, -21, -7, 29, -73, 161, 751, -92, -146, -97, 
48, 58, 9, -53, 19, 34, -87, 165, 741, -82, -151, -102, 
58, 63, 4, -61, 26, 34, -97, 165, 741, -82, -146, -97, 
53, 63, 9, -58, 21, 36, -102, 165, 741, -82, -146, -97, 
53, 48, -4, -51, 29, 21, -117, 165, 736, -82, -146, -97, 
73, 58, -14, -65, 43, 21, -122, 161, 722, -92, -146, -97, 
92, 63, -29, -78, 61, 17, -136, 165, 722, -82, -146, -92, 
87, 63, -24, -75, 56, 19, -156, 165, 722, -78, -136, -97, 
73, 58, -14, -65, 43, 21, -156, 170, 722, -78, -136, -107, 
78, 58, -19, -68, 48, 19, -161, 170, 732, -73, -131, -97, 
87, 63, -24, -75, 56, 19, -156, 170, 732, -73, -131, -92, 
122, 82, -39, -102, 80, 21, -151, 170, 736, -68, -122, -82, 
126, 102, -24, -114, 75, 39, -151, 170, 736, -63, -117, -73, 
112, 82, -29, -97, 70, 26, -146, 180, 727, -58, -107, -73, 
112, 82, -29, -97, 70, 26, -151, 180, 727, -58, -112, -73, 
131, 82, -48, -107, 90, 17, -161, 190, 727, -53, -112, -73, 
165, 92, -73, -129, 119, 9, -165, 209, 722, -48, -107, -68, 
165, 97, -68, -131, 117, 14, -156, 209, 712, -48, -97, -58, 
146, 102, -43, -124, 95, 29, -156, 214, 717, -43, -92, -53, 
136, 107, -29, -122, 82, 39, -151, 214, 717, -48, -87, -48, 
146, 117, -29, -131, 87, 43, -146, 204, 722, -53, -82, -43, 
180, 126, -53, -153, 117, 36, -136, 214, 727, -48, -73, -39, 
180, 131, -48, -156, 114, 41, -136, 214, 722, -43, -73, -34, 
170, 131, -39, -151, 104, 46, -136, 219, 717, -39, -68, -29, 
170, 131, -39, -151, 104, 46, -126, 219, 717, -34, -68, -24, 
170, 141, -29, -156, 100, 56, -117, 229, 722, -34, -68, -34, 
204, 156, -48, -180, 126, 53, -126, 229, 722, -29, -58, -24, 
214, 156, -58, -185, 136, 48, -126, 229, 722, -29, -58, -24, 
200, 156, -43, -178, 122, 56, -117, 229, 722, -29, -58, -24, 
195, 165, -29, -180, 112, 68, -112, 219, 732, -24, -53, -24, 
204, 165, -39, -185, 122, 63, -107, 224, 732, -24, -53, -19, 
244, 175, -68, -209, 156, 53, -97, 224, 727, -24, -43, -14, 
258, 185, -73, -222, 165, 56, -87, 224, 722, -14, -39, -4, 
224, 161, -63, -192, 143, 48, -78, 234, 736, -14, -48, -9, 
204, 156, -48, -180, 126, 53, -68, 244, 741, -19, -48, -14, 
190, 156, -34, -173, 112, 61, -58, 253, 751, -19, -48, -19, 
204, 170, -34, -187, 119, 68, -43, 263, 756, -19, -48, -19, 
200, 165, -34, -183, 117, 65, -29, 268, 756, -19, -48, -9, 
185, 165, -19, -175, 102, 73, -24, 268, 761, -19, -48, -9, 
170, 156, -14, -163, 92, 70, -9, 273, 756, -19, -53, -9, 
165, 156, -9, -161, 87, 73, 0, 273, 771, -19, -53, -9, 
180, 161, -19, -170, 100, 70, 39, 297, 780, 9, -24, 4, 
180, 185, 4, -183, 87, 95, 58, 312, 800, 19, -19, 4, 
146, 165, 19, -156, 63, 92, 58, 322, 810, 9, -19, 0, 
151, 156, 4, -153, 73, 80, 68, 322, 810, 0, -29, -9, 
156, 156, 0, -156, 78, 78, 68, 322, 810, 0, -29, -9, 
161, 156, -4, -158, 82, 75, 68, 322, 810, 0, -29, -9, 
165, 156, -9, -161, 87, 73, 68, 322, 810, 0, -29, -9, 
161, 170, 9, -165, 75, 90, 78, 312, 810, 4, -29, 0, 
180, 175, -4, -178, 92, 85, 68, 317, 814, 4, -34, 0, 
214, 190, -24, -202, 119, 82, 73, 331, 819, 4, -34, 0, 
219, 195, -24, -207, 122, 85, 73, 336, 824, 4, -29, 4, 
185, 185, 0, -185, 92, 92, 87, 331, 814, 0, -39, 0, 
156, 161, 4, -158, 75, 82, 87, 326, 819, -4, -43, -4, 
156, 151, -4, -153, 80, 73, 92, 322, 829, -9, -43, -14, 
170, 151, -19, -161, 95, 65, 112, 322, 834, -14, -43, -19, 
185, 161, -24, -173, 104, 68, 112, 307, 829, -9, -29, -14, 
170, 165, -4, -168, 87, 80, 102, 302, 829, -9, -29, -14, 
170, 165, -4, -168, 87, 80, 92, 292, 824, -9, -34, -14, 
175, 170, -4, -173, 90, 82, 87, 287, 824, -9, -34, -14, 
204, 190, -14, -197, 109, 87, 58, 278, 810, -9, -24, -14, 
229, 190, -39, -209, 134, 75, 39, 283, 805, -4, -19, -9, 
195, 190, -4, -192, 100, 92, 14, 278, 800, 4, -14, -9, 
190, 185, -4, -187, 97, 90, -9, 263, 790, -4, -14, -9, 
180, 195, 14, -187, 82, 104, -24, 253, 780, -9, -29, 0, 
204, 195, -9, -200, 107, 92, -43, 253, 780, -14, -29, 0, 
204, 195, -9, -200, 107, 92, -68, 253, 780, -19, -29, 0, 
195, 195, 0, -195, 97, 97, -87, 253, 780, -24, -29, 0, 
175, 180, 4, -178, 85, 92, -107, 239, 771, -34, -34, -4, 
185, 175, -9, -180, 97, 82, -126, 234, 761, -34, -39, -9, 
209, 180, -29, -195, 119, 75, -146, 234, 751, -34, -39, -14, 
224, 180, -43, -202, 134, 68, -165, 234, 741, -24, -39, -14, 
209, 180, -29, -195, 119, 75, -170, 239, 746, -24, -29, -14, 
200, 180, -19, -190, 109, 80, -165, 244, 751, -29, -34, -14, 
200, 180, -19, -190, 109, 80, -165, 253, 756, -29, -34, -14, 
224, 185, -39, -204, 131, 73, -165, 263, 761, -29, -24, -9, 
234, 195, -39, -214, 136, 78, -175, 273, 746, -29, -14, 0, 
209, 190, -19, -200, 114, 85, -180, 268, 746, -29, -19, 0, 
195, 185, -9, -190, 102, 87, -185, 268, 746, -29, -24, -4, 
214, 185, -29, -200, 122, 78, -190, 268, 746, -29, -24, -4, 
244, 204, -39, -224, 141, 82, -200, 268, 736, -24, -24, -4, 
248, 204, -43, -226, 146, 80, -190, 273, 736, -19, -19, 0, 
234, 204, -29, -219, 131, 87, -180, 273, 736, -19, -19, 0, 
229, 185, -43, -207, 136, 70, -180, 273, 736, -24, -19, 0, 
219, 185, -34, -202, 126, 75, -180, 287, 746, -24, -24, 0, 
239, 185, -53, -212, 146, 65, -170, 292, 756, -24, -24, 0, 
239, 190, -48, -214, 143, 70, -170, 297, 756, -24, -24, 4, 
224, 190, -34, -207, 129, 78, -170, 302, 751, -24, -29, 4, 
214, 190, -24, -202, 119, 82, -156, 302, 741, -14, -29, 0, 
229, 190, -39, -209, 134, 75, -156, 302, 741, -14, -24, 0, 
248, 200, -48, -224, 148, 75, -165, 307, 741, -14, -19, 0, 
248, 200, -48, -224, 148, 75, -175, 317, 741, -14, -14, 0, 
234, 195, -39, -214, 136, 78, -161, 326, 751, -14, -14, 4, 
224, 190, -34, -207, 129, 78, -146, 326, 751, -19, -19, 4, 
229, 190, -39, -209, 134, 75, -136, 326, 751, -19, -19, 4, 
258, 204, -53, -231, 156, 75, -131, 326, 751, -14, -14, 4, 
273, 219, -53, -246, 163, 82, -122, 326, 761, -14, -9, 9, 
268, 219, -48, -244, 158, 85, -117, 326, 761, -14, -4, 14, 
263, 209, -53, -236, 158, 78, -117, 326, 756, -19, -4, 19, 
278, 224, -53, -251, 165, 85, -112, 331, 751, -19, 0, 24, 
278, 219, -58, -248, 168, 80, -112, 322, 741, -4, -4, 14, 
283, 214, -68, -248, 175, 73, -112, 326, 741, -4, -4, 14, 
263, 209, -53, -236, 158, 78, -107, 326, 741, -4, -4, 14, 
244, 190, -53, -217, 148, 68, -117, 326, 746, -9, -4, 9, 
234, 190, -43, -212, 139, 73, -97, 336, 751, -9, -4, 9, 
248, 200, -48, -224, 148, 75, -78, 341, 756, -4, -4, 14, 
248, 200, -48, -224, 148, 75, -68, 346, 761, -4, -4, 14, 
239, 195, -43, -217, 141, 75, -58, 351, 766, -9, -4, 14, 
219, 175, -43, -197, 131, 65, -48, 336, 751, -9, -14, 9, 
229, 175, -53, -202, 141, 61, -48, 336, 751, -9, -14, 9, 
248, 185, -63, -217, 156, 61, -48, 336, 751, 0, -14, 9, 
258, 190, -68, -224, 163, 61, -48, 341, 751, 0, -9, 14, 
239, 200, -39, -219, 139, 80, -39, 356, 761, 0, 0, 14, 
219, 195, -24, -207, 122, 85, -29, 356, 771, 0, 0, 14, 
219, 185, -34, -202, 126, 75, -19, 356, 780, -9, -4, 9, 
239, 195, -43, -217, 141, 75, -24, 361, 790, -9, -4, 9, 
229, 185, -43, -207, 136, 70, -9, 375, 790, 0, 9, 9, 
214, 185, -29, -200, 122, 78, 9, 375, 795, 4, 9, 9, 
204, 180, -24, -192, 114, 78, 29, 375, 800, 9, 9, 9, 
195, 180, -14, -187, 104, 82, 48, 375, 800, 14, 9, 9, 
214, 180, -34, -197, 124, 73, 53, 366, 800, 0, 4, 4, 
214, 180, -34, -197, 124, 73, 39, 375, 800, 4, 0, 0, 
195, 175, -19, -185, 107, 78, 43, 361, 800, 0, -4, -4, 
185, 165, -19, -175, 102, 73, 58, 356, 800, -9, -9, -9, 
175, 161, -14, -168, 95, 73, 78, 346, 810, -14, -19, -9, 
190, 165, -24, -178, 107, 70, 78, 351, 810, -19, -19, -9, 
180, 161, -19, -170, 100, 70, 78, 351, 805, -29, -19, -14, 
165, 141, -24, -153, 95, 58, 73, 351, 795, -39, -24, -14, 
175, 122, -53, -148, 114, 34, 73, 356, 775, -39, -29, -34, 
180, 112, -68, -146, 124, 21, 53, 336, 771, -39, -39, -43, 
244, 141, -102, -192, 173, 19, 24, 336, 756, -19, -29, -29, 
336, 190, -146, -263, 241, 21, -19, 351, 756, 4, 0, -4, 
361, 190, -170, -275, 265, 9, -82, 361, 751, 24, 29, 14, 
336, 180, -156, -258, 246, 12, -141, 356, 756, 48, 53, 39, 
380, 244, -136, -312, 258, 53, -204, 336, 775, 102, 112, 97, 
522, 366, -156, -444, 339, 104, -263, 336, 800, 170, 190, 165, 
658, 448, -209, -553, 434, 119, -307, 346, 800, 234, 258, 219, 
746, 483, -263, -614, 505, 109, -375, 346, 771, 253, 292, 268, 
819, 492, -326, -656, 573, 82, -463, 273, 688, 219, 297, 283, 
893, 512, -380, -702, 636, 65, -575, 151, 595, 156, 297, 292, 
1054, 595, -458, -824, 756, 68, -653, 53, 517, 117, 302, 322, 
1259, 732, -527, -995, 893, 102, -717, 0, 444, 78, 312, 366, 
1327, 775, -551, -1051, 939, 112, -800, -78, 370, -9, 292, 380, 
1263, 746, -517, -1005, 890, 114, -873, -200, 292, -122, 248, 370, 
1215, 761, -453, -988, 834, 153, -912, -322, 248, -209, 214, 370, 
1205, 790, -414, -997, 810, 187, -927, -439, 200, -273, 175, 366, 
1146, 746, -400, -946, 773, 173, -936, -570, 102, -405, 73, 302, 
1024, 678, -346, -851, 685, 165, -902, -663, 19, -541, -34, 239, 
805, 605, -200, -705, 502, 202, -814, -712, 0, -629, -112, 190, 
585, 536, -48, -561, 317, 244, -722, -785, 9, -683, -180, 151, 
488, 488, 0, -488, 244, 244, -639, -810, 24, -712, -234, 107, 
478, 497, 19, -488, 229, 258, -541, -707, 43, -707, -244, 87, 
483, 483, 0, -483, 241, 241, -492, -561, 78, -688, -258, 73, 
434, 405, -29, -419, 231, 187, -478, -444, 102, -678, -273, 34, 
370, 322, -48, -346, 209, 136, -478, -361, 136, -663, -292, -14, 
351, 292, -58, -322, 204, 117, -468, -287, 170, -619, -283, -34, 
351, 273, -78, -312, 214, 97, -448, -200, 219, -551, -263, -39, 
317, 253, -63, -285, 190, 95, -409, -112, 287, -483, -239, -39, 
248, 224, -24, -236, 136, 100, -375, -24, 346, -414, -214, -39, 
204, 200, -4, -202, 104, 97, -326, 48, 419, -361, -195, -43, 
219, 200, -19, -209, 119, 90, -273, 117, 488, -292, -161, -43, 
287, 219, -68, -253, 178, 75, -224, 165, 566, -224, -122, -29, 
283, 229, -53, -256, 168, 87, -161, 209, 634, -165, -92, -9, 
204, 190, -14, -197, 109, 87, -117, 234, 688, -141, -78, -19, 
165, 170, 4, -168, 80, 87, -82, 239, 712, -131, -68, -29, 
229, 204, -24, -217, 126, 90, -68, 234, 732, -107, -53, -19, 
258, 214, -43, -236, 151, 85, -53, 248, 741, -87, -43, -14, 
204, 185, -19, -195, 112, 82, -48, 248, 736, -97, -53, -19, 
175, 175, 0, -175, 87, 87, -43, 248, 732, -97, -58, -29, 
161, 165, 4, -163, 78, 85, -58, 248, 732, -97, -58, -34, 
156, 165, 9, -161, 73, 87, -53, 244, 732, -87, -58, -39, 
180, 151, -29, -165, 104, 61, -43, 248, 746, -82, -68, -39, 
156, 141, -14, -148, 85, 63, -34, 248, 746, -82, -73, -48, 
141, 122, -19, -131, 80, 51, -29, 244, 746, -87, -78, -53, 
146, 122, -24, -134, 85, 48, -24, 248, 741, -97, -78, -58, 
170, 131, -39, -151, 104, 46, -14, 248, 751, -87, -68, -48, 
165, 136, -29, -151, 97, 53, -9, 253, 751, -78, -58, -39, 
141, 136, -4, -139, 73, 65, -4, 258, 756, -87, -58, -39, 
131, 136, 4, -134, 63, 70, -4, 263, 761, -87, -63, -34, 
126, 136, 9, -131, 58, 73, -9, 263, 761, -97, -63, -39, 
141, 146, 4, -143, 68, 75, -14, 268, 756, -87, -63, -43, 
136, 146, 9, -141, 63, 78, -19, 273, 756, -82, -63, -48, 
112, 126, 14, -119, 48, 70, -19, 273, 751, -82, -68, -63, 
102, 136, 34, -119, 34, 85, -4, 268, 761, -82, -73, -58, 
112, 141, 29, -126, 41, 85, 14, 273, 761, -78, -68, -53, 
126, 146, 19, -136, 53, 82, 24, 278, 766, -73, -53, -43, 
136, 156, 19, -146, 58, 87, 34, 287, 766, -73, -48, -34, 
102, 151, 48, -126, 26, 100, 48, 297, 771, -63, -48, -43, 
78, 136, 58, -107, 9, 97, 43, 297, 775, -68, -48, -43, 
87, 131, 43, -109, 21, 87, 43, 297, 780, -73, -58, -48, 
102, 131, 29, -117, 36, 80, 43, 302, 780, -73, -58, -48, 
112, 141, 29, -126, 41, 85, 68, 317, 795, -58, -53, -43, 
92, 126, 34, -109, 29, 80, 87, 322, 805, -58, -53, -48, 
73, 117, 43, -95, 14, 80, 92, 326, 810, -63, -58, -58, 
73, 117, 43, -95, 14, 80, 102, 331, 810, -63, -58, -58, 
73, 107, 34, -90, 19, 70, 126, 326, 810, -63, -63, -63, 
73, 107, 34, -90, 19, 70, 136, 331, 814, -68, -58, -58, 
43, 97, 53, -70, -4, 75, 136, 331, 814, -68, -58, -58, 
9, 87, 78, -48, -34, 82, 141, 331, 814, -68, -58, -58, 
9, 82, 73, -46, -31, 78, 122, 317, 805, -78, -73, -73, 
34, 82, 48, -58, -7, 65, 122, 307, 795, -82, -78, -78, 
34, 78, 43, -56, -4, 61, 122, 297, 785, -92, -82, -82, 
9, 73, 63, -41, -26, 68, 126, 283, 785, -102, -87, -87, 
0, 63, 63, -31, -31, 63, 117, 263, 775, -107, -107, -87, 
-4, 63, 68, -29, -36, 65, 117, 253, 775, -112, -107, -87, 
-4, 73, 78, -34, -41, 75, 122, 248, 780, -117, -107, -87, 
0, 82, 82, -41, -41, 82, 122, 244, 780, -122, -102, -82, 
-43, 48, 92, -2, -68, 70, 92, 234, 771, -136, -112, -92, 
-53, 34, 87, 9, -70, 61, 63, 224, 766, -141, -117, -102, 
-63, 24, 87, 19, -75, 56, 34, 214, 761, -141, -117, -102, 
-53, 29, 82, 12, -68, 56, 19, 209, 756, -131, -117, -97, 
-29, 53, 82, -12, -56, 68, -14, 204, 741, -141, -126, -102, 
-19, 39, 58, -9, -39, 48, -39, 195, 732, -146, -126, -107, 
-14, 43, 58, -14, -36, 51, -58, 180, 722, -151, -131, -112, 
9, 48, 39, -29, -14, 43, -78, 170, 722, -156, -131, -117, 
24, 53, 29, -39, -2, 41, -78, 180, 732, -141, -126, -112, 
29, 63, 34, -46, -2, 48, -73, 185, 736, -136, -117, -102, 
29, 68, 39, -48, -4, 53, -73, 185, 736, -136, -112, -97, 
14, 73, 58, -43, -21, 65, -73, 185, 736, -136, -102, -92, 
9, 73, 63, -41, -26, 68, -78, 185, 727, -146, -107, -102, 
19, 68, 48, -43, -14, 58, -73, 190, 732, -131, -112, -97, 
14, 63, 48, -39, -17, 56, -78, 204, 736, -126, -117, -97, 
-9, 58, 68, -24, -39, 63, -78, 195, 741, -126, -117, -97, 
-14, 63, 78, -24, -46, 70, -68, 190, 756, -126, -107, -92, 
4, 68, 63, -36, -29, 65, -63, 190, 756, -126, -107, -92, 
34, 82, 48, -58, -7, 65, -43, 190, 756, -122, -102, -92, 
53, 87, 34, -70, 9, 61, -34, 190, 761, -122, -97, -87, 
4, 73, 68, -39, -31, 70, -19, 204, 780, -112, -92, -78, 
-4, 73, 78, -34, -41, 75, -14, 209, 785, -107, -97, -78, 
0, 87, 87, -43, -43, 87, -9, 214, 790, -102, -92, -78, 
9, 97, 87, -53, -39, 92, -9, 219, 805, -82, -78, -68, 
58, 136, 78, -97, -9, 107, 9, 229, 814, -73, -73, -68, 
