I, II, III, aVR, aVL, aVF, V1, V2, V3, V4, V5, V6, 
29, 19, -9, -24, 19, 4, 48, 19, 458, 292, 292, -253, 
29, 19, -9, -24, 19, 4, 48, 19, 458, 292, 292, -253, 
29, 19, -9, -24, 19, 4, 48, 19, 458, 292, 292, -253, 
29, 19, -9, -24, 19, 4, 48, 19, 458, 292, 292, -253, 
39, 34, -4, -36, 21, 14, 43, 29, 478, 317, 307, -253, 
39, 48, 9, -43, 14, 29, 39, 29, 488, 331, 312, -253, 
39, 63, 24, -51, 7, 43, 34, 29, 497, 346, 317, -253, 
39, 78, 39, -58, 0, 58, 29, 29, 507, 361, 322, -253, 
39, 97, 58, -68, -9, 78, 19, 29, 512, 380, 341, -224, 
39, 107, 68, -73, -14, 87, 19, 29, 517, 390, 361, -204, 
39, 117, 78, -78, -19, 97, 19, 29, 522, 400, 380, -185, 
39, 126, 87, -82, -24, 107, 19, 29, 527, 409, 400, -165, 
48, 141, 92, -95, -21, 117, 9, 24, 527, 409, 400, -165, 
48, 146, 97, -97, -24, 122, 9, 19, 527, 409, 400, -165, 
48, 151, 102, -100, -26, 126, 9, 14, 527, 409, 400, -165, 
48, 156, 107, -102, -29, 131, 9, 9, 527, 409, 400, -165, 
39, 170, 131, -104, -46, 151, 0, -4, 502, 390, 400, -165, 
39, 175, 136, -107, -48, 156, 0, -9, 488, 380, 400, -165, 
39, 180, 141, -109, -51, 161, 0, -14, 473, 370, 400, -165, 
39, 185, 146, -112, -53, 165, 0, -19, 458, 361, 400, -165, 
48, 170, 122, -109, -36, 146, -4, -34, 424, 331, 385, -180, 
48, 165, 117, -107, -34, 141, -9, -48, 400, 312, 370, -195, 
48, 161, 112, -104, -31, 136, -14, -63, 375, 292, 356, -209, 
48, 156, 107, -102, -29, 131, -19, -78, 351, 273, 341, -224, 
34, 146, 112, -90, -39, 129, -29, -87, 317, 258, 341, -219, 
29, 136, 107, -82, -39, 122, -29, -97, 292, 244, 341, -214, 
24, 126, 102, -75, -39, 114, -29, -107, 268, 229, 341, -209, 
19, 117, 97, -68, -39, 107, -29, -117, 244, 214, 341, -204, 
4, 92, 87, -48, -41, 90, -24, -122, 209, 185, 317, -219, 
0, 78, 78, -39, -39, 78, -19, -126, 185, 165, 302, -234, 
-4, 63, 68, -29, -36, 65, -14, -131, 161, 146, 287, -248, 
-9, 48, 58, -19, -34, 53, -9, -136, 136, 126, 273, -263, 
-9, 24, 34, -7, -21, 29, -9, -156, 97, 92, 248, -283, 
-9, 9, 19, 0, -14, 14, -9, -165, 68, 58, 224, -302, 
-9, -4, 4, 7, -7, 0, -9, -175, 39, 24, 200, -322, 
-9, -19, -9, 14, 0, -14, -9, -185, 9, -9, 175, -341, 
-9, -34, -24, 21, 7, -29, -9, -190, -14, -19, 161, -356, 
-9, -48, -39, 29, 14, -43, -9, -195, -29, -29, 156, -361, 
-9, -63, -53, 36, 21, -58, -9, -200, -43, -39, 151, -366, 
-9, -78, -68, 43, 29, -73, -9, -204, -58, -48, 146, -370, 
-14, -87, -73, 51, 29, -80, -9, -209, -73, -63, 136, -375, 
-19, -97, -78, 58, 29, -87, -9, -214, -87, -78, 126, -380, 
-24, -107, -82, 65, 29, -95, -9, -219, -102, -92, 117, -385, 
-29, -117, -87, 73, 29, -102, -9, -224, -117, -107, 107, -390, 
-39, -126, -87, 82, 24, -107, -9, -229, -131, -122, 92, -395, 
-39, -136, -97, 87, 29, -117, -9, -234, -146, -136, 87, -400, 
-39, -146, -107, 92, 34, -126, -9, -239, -161, -151, 82, -405, 
-39, -156, -117, 97, 39, -136, -9, -244, -175, -165, 78, -409, 
-48, -170, -122, 109, 36, -146, -9, -253, -185, -180, 68, -419, 
-48, -175, -126, 112, 39, -151, -9, -253, -195, -185, 58, -429, 
-48, -180, -131, 114, 41, -156, -9, -253, -204, -190, 48, -439, 
-48, -185, -136, 117, 43, -161, -9, -253, -214, -195, 39, -448, 
-39, -195, -156, 117, 58, -175, -9, -263, -219, -200, 48, -448, 
-39, -195, -156, 117, 58, -175, -9, -263, -224, -204, 48, -448, 
-39, -195, -156, 117, 58, -175, -9, -263, -229, -209, 48, -448, 
-39, -195, -156, 117, 58, -175, -9, -263, -234, -214, 48, -448, 
-39, -204, -165, 122, 63, -185, -9, -253, -234, -204, 48, -448, 
-39, -204, -165, 122, 63, -185, -9, -253, -234, -204, 48, -448, 
-39, -204, -165, 122, 63, -185, -9, -253, -234, -204, 48, -448, 
-39, -204, -165, 122, 63, -185, -9, -253, -234, -204, 48, -448, 
-48, -204, -156, 126, 53, -180, -9, -258, -248, -214, 43, -458, 
-48, -204, -156, 126, 53, -180, -9, -263, -253, -224, 39, -458, 
-48, -204, -156, 126, 53, -180, -9, -268, -258, -234, 34, -458, 
-48, -204, -156, 126, 53, -180, -9, -273, -263, -244, 29, -458, 
-39, -204, -165, 122, 63, -185, -19, -273, -273, -253, 39, -444, 
-39, -204, -165, 122, 63, -185, -19, -273, -273, -253, 39, -439, 
-39, -204, -165, 122, 63, -185, -19, -273, -273, -253, 39, -434, 
-39, -204, -165, 122, 63, -185, -19, -273, -273, -253, 39, -429, 
-39, -195, -156, 117, 58, -175, -19, -263, -263, -244, 48, -434, 
-39, -195, -156, 117, 58, -175, -19, -263, -263, -234, 48, -439, 
-39, -195, -156, 117, 58, -175, -19, -263, -263, -224, 48, -444, 
-39, -195, -156, 117, 58, -175, -19, -263, -263, -214, 48, -448, 
-29, -204, -175, 117, 73, -190, -19, -263, -263, -224, 34, -453, 
-29, -204, -175, 117, 73, -190, -19, -263, -263, -224, 29, -458, 
-29, -204, -175, 117, 73, -190, -19, -263, -263, -224, 24, -463, 
-29, -204, -175, 117, 73, -190, -19, -263, -263, -224, 19, -468, 
-24, -204, -180, 114, 78, -192, -29, -263, -273, -229, 14, -483, 
-19, -204, -185, 112, 82, -195, -29, -263, -273, -234, 9, -497, 
-14, -204, -190, 109, 87, -197, -29, -263, -273, -239, 4, -512, 
-9, -204, -195, 107, 92, -200, -29, -263, -273, -244, 0, -527, 
-19, -204, -185, 112, 82, -195, -19, -263, -263, -248, 0, -512, 
-29, -204, -175, 117, 73, -190, -19, -263, -263, -253, 0, -507, 
-39, -204, -165, 122, 63, -185, -19, -263, -263, -258, 0, -502, 
-48, -204, -156, 126, 53, -180, -19, -263, -263, -263, 0, -497, 
-63, -195, -131, 129, 34, -163, -9, -258, -253, -258, 9, -488, 
-68, -195, -126, 131, 29, -161, -9, -253, -253, -253, 9, -488, 
-73, -195, -122, 134, 24, -158, -9, -248, -253, -248, 9, -488, 
-78, -195, -117, 136, 19, -156, -9, -244, -253, -244, 9, -488, 
-68, -185, -117, 126, 24, -151, -9, -253, -253, -234, 14, -483, 
-58, -185, -126, 122, 34, -156, -9, -253, -253, -234, 19, -478, 
-48, -185, -136, 117, 43, -161, -9, -253, -253, -234, 24, -473, 
-39, -185, -146, 112, 53, -165, -9, -253, -253, -234, 29, -468, 
-48, -185, -136, 117, 43, -161, 0, -248, -248, -234, 39, -458, 
-58, -185, -126, 122, 34, -156, 0, -244, -244, -234, 39, -458, 
-68, -185, -117, 126, 24, -151, 0, -239, -239, -234, 39, -458, 
-78, -185, -107, 131, 14, -146, 0, -234, -234, -234, 39, -458, 
-63, -185, -122, 124, 29, -153, -4, -244, -244, -224, 29, -468, 
-48, -185, -136, 117, 43, -161, -9, -244, -244, -224, 29, -468, 
-34, -185, -151, 109, 58, -168, -14, -244, -244, -224, 29, -468, 
-19, -185, -165, 102, 73, -175, -19, -244, -244, -224, 29, -468, 
-29, -175, -146, 102, 58, -161, -19, -244, -253, -239, 29, -468, 
-29, -175, -146, 102, 58, -161, -19, -244, -253, -244, 29, -468, 
-29, -175, -146, 102, 58, -161, -19, -244, -253, -248, 29, -468, 
-29, -175, -146, 102, 58, -161, -19, -244, -253, -253, 29, -468, 
-24, -165, -141, 95, 58, -153, -29, -244, -253, -263, 24, -483, 
-19, -165, -146, 92, 63, -156, -29, -244, -253, -263, 19, -488, 
-14, -165, -151, 90, 68, -158, -29, -244, -253, -263, 14, -492, 
-9, -165, -156, 87, 73, -161, -29, -244, -253, -263, 9, -497, 
-19, -165, -146, 92, 63, -156, -19, -244, -253, -258, 19, -502, 
-19, -165, -146, 92, 63, -156, -19, -244, -253, -253, 19, -507, 
-19, -165, -146, 92, 63, -156, -19, -244, -253, -248, 19, -512, 
-19, -165, -146, 92, 63, -156, -19, -244, -253, -244, 19, -517, 
-19, -156, -136, 87, 58, -146, -29, -244, -248, -229, 34, -502, 
-19, -156, -136, 87, 58, -146, -29, -244, -244, -224, 39, -497, 
-19, -156, -136, 87, 58, -146, -29, -244, -239, -219, 43, -492, 
-19, -156, -136, 87, 58, -146, -29, -244, -234, -214, 48, -488, 
-29, -156, -126, 92, 48, -141, -29, -234, -244, -219, 39, -483, 
-29, -156, -126, 92, 48, -141, -29, -234, -244, -224, 39, -478, 
-29, -156, -126, 92, 48, -141, -29, -234, -244, -229, 39, -473, 
-29, -156, -126, 92, 48, -141, -29, -234, -244, -234, 39, -468, 
-19, -156, -136, 87, 58, -146, -29, -244, -253, -239, 34, -478, 
-19, -156, -136, 87, 58, -146, -29, -244, -253, -244, 29, -478, 
-19, -156, -136, 87, 58, -146, -29, -244, -253, -248, 24, -478, 
-19, -156, -136, 87, 58, -146, -29, -244, -253, -253, 19, -478, 
-39, -156, -117, 97, 39, -136, -19, -234, -244, -244, 29, -478, 
-48, -156, -107, 102, 29, -131, -19, -234, -244, -244, 29, -478, 
-58, -156, -97, 107, 19, -126, -19, -234, -244, -244, 29, -478, 
-68, -156, -87, 112, 9, -122, -19, -234, -244, -244, 29, -478, 
-53, -156, -102, 104, 24, -129, -29, -244, -253, -244, 39, -468, 
-48, -156, -107, 102, 29, -131, -29, -244, -253, -244, 39, -468, 
-43, -156, -112, 100, 34, -134, -29, -244, -253, -244, 39, -468, 
-39, -156, -117, 97, 39, -136, -29, -244, -253, -244, 39, -468, 
-29, -156, -126, 92, 48, -141, -39, -244, -263, -253, 34, -473, 
-29, -156, -126, 92, 48, -141, -39, -244, -263, -253, 29, -478, 
-29, -156, -126, 92, 48, -141, -39, -244, -263, -253, 24, -483, 
-29, -156, -126, 92, 48, -141, -39, -244, -263, -253, 19, -488, 
-48, -161, -112, 104, 31, -136, -34, -234, -258, -244, 19, -497, 
-58, -165, -107, 112, 24, -136, -29, -234, -253, -244, 19, -497, 
-68, -170, -102, 119, 17, -136, -24, -234, -248, -244, 19, -497, 
-78, -175, -97, 126, 9, -136, -19, -234, -244, -244, 19, -497, 
-68, -175, -107, 122, 19, -141, -29, -244, -244, -239, 39, -483, 
-68, -175, -107, 122, 19, -141, -29, -244, -244, -234, 48, -468, 
-68, -175, -107, 122, 19, -141, -29, -244, -244, -229, 58, -453, 
-68, -175, -107, 122, 19, -141, -29, -244, -244, -224, 68, -439, 
-68, -175, -107, 122, 19, -141, -29, -244, -253, -239, 43, -463, 
-68, -175, -107, 122, 19, -141, -29, -244, -263, -253, 29, -478, 
-68, -175, -107, 122, 19, -141, -29, -244, -273, -268, 14, -492, 
-68, -175, -107, 122, 19, -141, -29, -244, -283, -283, 0, -507, 
-48, -175, -126, 112, 39, -151, -34, -248, -287, -292, 14, -488, 
-29, -175, -146, 102, 58, -161, -39, -253, -292, -292, 19, -468, 
-9, -175, -165, 92, 78, -170, -43, -258, -297, -292, 24, -448, 
9, -175, -185, 82, 97, -180, -48, -263, -302, -292, 29, -429, 
4, -175, -180, 85, 92, -178, -48, -263, -302, -283, 19, -468, 
0, -175, -175, 87, 87, -175, -48, -263, -302, -283, 9, -497, 
-4, -175, -170, 90, 82, -173, -48, -263, -302, -283, 0, -527, 
-9, -175, -165, 92, 78, -170, -48, -263, -302, -283, -9, -556, 
-14, -175, -161, 95, 73, -168, -48, -253, -292, -292, -14, -566, 
-19, -175, -156, 97, 68, -165, -48, -253, -292, -292, -19, -566, 
-24, -175, -151, 100, 63, -163, -48, -253, -292, -292, -24, -566, 
-29, -175, -146, 102, 58, -161, -48, -253, -292, -292, -29, -566, 
-43, -175, -131, 109, 43, -153, -34, -244, -287, -278, -14, -536, 
-58, -175, -117, 117, 29, -146, -29, -244, -283, -273, 0, -517, 
-73, -175, -102, 124, 14, -139, -24, -244, -278, -268, 14, -497, 
-87, -175, -87, 131, 0, -131, -19, -244, -273, -263, 29, -478, 
-68, -175, -107, 122, 19, -141, -24, -253, -283, -273, 14, -497, 
-58, -175, -117, 117, 29, -146, -29, -253, -283, -273, 9, -507, 
-48, -175, -126, 112, 39, -151, -34, -253, -283, -273, 4, -517, 
-39, -175, -136, 107, 48, -156, -39, -253, -283, -273, 0, -527, 
-24, -185, -161, 104, 68, -173, -48, -258, -287, -283, -14, -531, 
-9, -185, -175, 97, 82, -180, -48, -258, -302, -292, -19, -541, 
4, -180, -185, 87, 95, -183, -48, -263, -307, -302, -24, -551, 
19, -180, -200, 80, 109, -190, -48, -268, -312, -312, -29, -556, 
19, -180, -200, 80, 109, -190, -48, -263, -302, -307, -19, -541, 
14, -180, -195, 82, 104, -187, -48, -258, -302, -307, -14, -531, 
9, -185, -195, 87, 102, -190, -48, -253, -302, -307, -14, -527, 
4, -185, -190, 90, 97, -187, -48, -248, -302, -307, -14, -522, 
-14, -195, -180, 104, 82, -187, -43, -239, -297, -297, -14, -531, 
-24, -195, -170, 109, 73, -183, -39, -239, -292, -292, -9, -531, 
-39, -195, -156, 117, 58, -175, -34, -239, -283, -287, -4, -531, 
-48, -200, -151, 124, 51, -175, -24, -239, -278, -283, 0, -531, 
-43, -200, -156, 122, 56, -178, -34, -248, -283, -283, -9, -522, 
-34, -200, -165, 117, 65, -183, -34, -248, -287, -283, -9, -517, 
-29, -195, -165, 112, 68, -180, -34, -248, -292, -283, -9, -517, 
-29, -195, -165, 112, 68, -180, -34, -244, -287, -278, -9, -512, 
-34, -200, -165, 117, 65, -183, -34, -253, -287, -287, 4, -492, 
-39, -195, -156, 117, 58, -175, -34, -253, -287, -273, 14, -478, 
-43, -185, -141, 114, 48, -163, -29, -248, -278, -263, 29, -468, 
-48, -170, -122, 109, 36, -146, -24, -244, -268, -258, 43, -453, 
-43, -146, -102, 95, 29, -124, -19, -239, -258, -263, 39, -463, 
-39, -136, -97, 87, 29, -117, -19, -239, -253, -258, 34, -468, 
-34, -131, -97, 82, 31, -114, -19, -234, -248, -253, 29, -483, 
-24, -122, -97, 73, 36, -109, -19, -234, -244, -248, 19, -502, 
-24, -102, -78, 63, 26, -90, -14, -229, -239, -248, 9, -507, 
-24, -102, -78, 63, 26, -90, -14, -229, -234, -248, 14, -512, 
-19, -102, -82, 61, 31, -92, -9, -219, -229, -244, 14, -517, 
-19, -97, -78, 58, 29, -87, -9, -219, -229, -244, 19, -522, 
-29, -87, -58, 58, 14, -73, -14, -209, -219, -239, 24, -502, 
-29, -82, -53, 56, 12, -68, -14, -209, -219, -234, 29, -492, 
-29, -82, -53, 56, 12, -68, -14, -209, -214, -224, 34, -483, 
-29, -82, -53, 56, 12, -68, -14, -209, -214, -214, 39, -473, 
-34, -87, -53, 61, 9, -70, -19, -209, -214, -219, 53, -473, 
-39, -87, -48, 63, 4, -68, -19, -214, -214, -224, 53, -473, 
-39, -87, -48, 63, 4, -68, -29, -214, -219, -229, 53, -473, 
-43, -78, -34, 61, -4, -56, -34, -224, -219, -234, 58, -468, 
-53, -73, -19, 63, -17, -46, -34, -229, -219, -219, 73, -453, 
-58, -68, -9, 63, -24, -39, -43, -234, -214, -214, 78, -439, 
-58, -63, -4, 61, -26, -34, -48, -244, -209, -209, 78, -429, 
-58, -63, -4, 61, -26, -34, -53, -253, -209, -204, 78, -419, 
-43, -63, -19, 53, -12, -41, -73, -268, -219, -219, 68, -439, 
-39, -58, -19, 48, -9, -39, -78, -278, -234, -224, 58, -448, 
-34, -63, -29, 48, -2, -46, -78, -283, -244, -229, 53, -463, 
-29, -63, -34, 46, 2, -48, -78, -283, -253, -229, 43, -478, 
-29, -48, -19, 39, -4, -34, -73, -283, -258, -234, 48, -468, 
-34, -48, -14, 41, -9, -31, -73, -273, -258, -244, 48, -458, 
-39, -53, -14, 46, -12, -34, -73, -268, -263, -248, 48, -448, 
-43, -53, -9, 48, -17, -31, -68, -263, -258, -253, 48, -439, 
-39, -53, -14, 46, -12, -34, -78, -258, -248, -244, 48, -448, 
-34, -53, -19, 43, -7, -36, -73, -258, -244, -244, 53, -448, 
-19, -53, -34, 36, 7, -43, -73, -258, -244, -239, 53, -448, 
-24, -53, -29, 39, 2, -41, -73, -258, -244, -239, 53, -453, 
-9, -53, -43, 31, 17, -48, -73, -248, -239, -239, 68, -444, 
-4, -58, -53, 31, 24, -56, -73, -248, -239, -239, 63, -444, 
-4, -73, -68, 39, 31, -70, -73, -248, -239, -234, 58, -448, 
0, -87, -87, 43, 43, -87, -63, -248, -239, -239, 53, -453, 
-9, -102, -92, 56, 41, -97, -63, -248, -248, -244, 48, -463, 
-14, -107, -92, 61, 39, -100, -63, -253, -258, -258, 34, -468, 
-19, -117, -97, 68, 39, -107, -58, -253, -273, -263, 29, -478, 
-29, -117, -87, 73, 29, -102, -58, -258, -278, -268, 24, -473, 
-34, -141, -107, 87, 36, -124, -43, -248, -292, -287, 14, -492, 
-39, -161, -122, 100, 41, -141, -43, -248, -297, -292, 0, -507, 
-43, -170, -126, 107, 41, -148, -43, -248, -297, -292, -9, -522, 
-53, -185, -131, 119, 39, -158, -43, -248, -297, -297, -14, -527, 
-53, -185, -131, 119, 39, -158, -43, -248, -302, -297, -19, -527, 
-53, -195, -141, 124, 43, -168, -43, -248, -302, -302, -24, -531, 
-53, -200, -146, 126, 46, -173, -39, -248, -297, -307, -29, -536, 
-53, -209, -156, 131, 51, -183, -39, -248, -297, -317, -34, -541, 
-63, -219, -156, 141, 46, -187, -39, -258, -307, -331, -24, -527, 
-63, -219, -156, 141, 46, -187, -39, -253, -312, -331, -19, -517, 
-63, -224, -161, 143, 48, -192, -39, -253, -317, -326, -19, -507, 
-63, -224, -161, 143, 48, -192, -39, -253, -322, -326, -14, -497, 
-53, -229, -175, 141, 61, -202, -39, -244, -322, -336, -29, -512, 
-58, -229, -170, 143, 56, -200, -39, -244, -322, -336, -34, -522, 
-63, -229, -165, 146, 51, -197, -39, -244, -322, -336, -39, -531, 
-63, -234, -170, 148, 53, -202, -39, -244, -322, -336, -43, -546, 
-53, -234, -180, 143, 63, -207, -39, -244, -322, -336, -48, -556, 
-53, -229, -175, 141, 61, -202, -39, -244, -317, -336, -53, -566, 
-53, -229, -175, 141, 61, -202, -39, -244, -317, -331, -58, -570, 
-53, -229, -175, 141, 61, -202, -34, -244, -317, -331, -63, -575, 
-53, -209, -156, 131, 51, -183, -34, -239, -307, -312, -34, -556, 
-34, -209, -175, 122, 70, -192, -43, -229, -297, -312, -43, -556, 
-53, -219, -165, 136, 56, -192, -34, -229, -297, -312, -34, -556, 
-53, -219, -165, 136, 56, -192, -34, -229, -292, -302, -39, -561, 
-43, -219, -175, 131, 65, -197, -29, -224, -287, -307, -29, -546, 
-39, -234, -195, 136, 78, -214, -14, -200, -278, -317, -34, -527, 
-53, -273, -219, 163, 82, -246, 0, -156, -263, -317, -63, -556, 
-53, -326, -273, 190, 109, -300, 34, -92, -239, -326, -97, -614, 
-58, -366, -307, 212, 124, -336, 82, -24, -200, -336, -146, -663, 
-68, -366, -297, 217, 114, -331, 117, 39, -161, -346, -195, -732, 
-82, -331, -248, 207, 82, -290, 156, 82, -126, -370, -229, -790, 
-82, -283, -200, 183, 58, -241, 185, 136, -48, -336, -204, -751, 
-63, -204, -141, 134, 39, -173, 195, 209, 78, -244, -126, -653, 
-48, -102, -53, 75, 2, -78, 185, 234, 229, -107, -19, -570, 
-43, 48, 92, -2, -68, 70, 165, 219, 395, 73, 117, -458, 
-43, 302, 346, -129, -195, 324, 156, 209, 639, 331, 331, -273, 
-43, 619, 663, -287, -353, 641, 131, 165, 893, 658, 595, -58, 
-53, 936, 990, -441, -522, 963, 48, -4, 1019, 980, 868, 165, 
-68, 1224, 1293, -578, -680, 1259, -136, -336, 917, 1210, 1161, 419, 
-82, 1498, 1581, -707, -832, 1539, -405, -785, 668, 1361, 1444, 717, 
-117, 1795, 1912, -839, -1015, 1854, -688, -1220, 463, 1478, 1732, 1024, 
-175, 1966, 2142, -895, -1159, 2054, -805, -1468, 375, 1532, 1888, 1190, 
-204, 1678, 1883, -736, -1044, 1781, -697, -1390, 409, 1439, 1649, 966, 
-151, 1078, 1229, -463, -690, 1154, -551, -1171, 400, 1166, 1146, 473, 
-73, 678, 751, -302, -412, 714, -522, -1098, 107, 746, 780, 161, 
-73, 473, 546, -200, -309, 509, -531, -1137, -458, 195, 551, 34, 
-112, 136, 248, -12, -180, 192, -458, -1078, -1112, -463, 253, -151, 
-141, -200, -58, 170, -41, -129, -370, -961, -1556, -980, 0, -336, 
-131, -336, -204, 234, 36, -270, -326, -883, -1542, -1049, -107, -424, 
-107, -414, -307, 261, 100, -361, -302, -805, -1351, -936, -165, -517, 
-82, -536, -453, 309, 185, -495, -268, -707, -1293, -961, -248, -614, 
-97, -614, -517, 356, 209, -566, -204, -605, -1220, -971, -278, -663, 
-112, -610, -497, 361, 192, -553, -161, -517, -1058, -873, -273, -712, 
-102, -580, -478, 341, 187, -529, -146, -453, -922, -785, -292, -746, 
-112, -541, -429, 326, 158, -485, -146, -424, -819, -722, -278, -717, 
-151, -483, -331, 317, 90, -407, -117, -400, -712, -634, -209, -653, 
-170, -424, -253, 297, 41, -339, -97, -366, -614, -546, -161, -624, 
-126, -380, -253, 253, 63, -317, -87, -331, -551, -502, -136, -624, 
-92, -351, -258, 222, 82, -305, -68, -297, -507, -468, -131, -639, 
-87, -326, -239, 207, 75, -283, -53, -263, -458, -458, -131, -649, 
-78, -326, -248, 202, 85, -287, -48, -253, -414, -444, -122, -619, 
-53, -317, -263, 185, 104, -290, -39, -244, -380, -429, -92, -575, 
-24, -302, -278, 163, 126, -290, -34, -234, -351, -405, -53, -527, 
-53, -278, -224, 165, 85, -251, -19, -219, -317, -370, -14, -483, 
-58, -268, -209, 163, 75, -239, -14, -219, -312, -366, -24, -507, 
-53, -258, -204, 156, 75, -231, -14, -219, -292, -351, -29, -527, 
-58, -253, -195, 156, 68, -224, -19, -209, -283, -341, -43, -546, 
-63, -253, -190, 158, 63, -222, -19, -195, -273, -331, -58, -566, 
-58, -244, -185, 151, 63, -214, -24, -200, -273, -341, -68, -590, 
-53, -244, -190, 148, 68, -217, -19, -200, -278, -341, -78, -605, 
-43, -244, -200, 143, 78, -222, -14, -200, -283, -341, -87, -624, 
-39, -244, -204, 141, 82, -224, -14, -204, -287, -341, -97, -639, 
-43, -253, -209, 148, 82, -231, -14, -195, -278, -356, -87, -634, 
-43, -253, -209, 148, 82, -231, -14, -195, -268, -356, -87, -629, 
-48, -244, -195, 146, 73, -219, -14, -190, -263, -346, -87, -624, 
-58, -239, -180, 148, 61, -209, -9, -190, -253, -341, -78, -614, 
-78, -248, -170, 163, 46, -209, 0, -190, -253, -346, -63, -595, 
-87, -248, -161, 168, 36, -204, 0, -185, -253, -341, -53, -585, 
-92, -248, -156, 170, 31, -202, 0, -185, -248, -341, -48, -561, 
-97, -248, -151, 173, 26, -200, 4, -185, -248, -336, -43, -551, 
-107, -248, -141, 178, 17, -195, 14, -175, -229, -331, -24, -541, 
-112, -244, -131, 178, 9, -187, 14, -175, -229, -322, -19, -527, 
-117, -244, -126, 180, 4, -185, 19, -175, -224, -312, -19, -517, 
-126, -244, -117, 185, -4, -180, 19, -170, -219, -307, -19, -507, 
-117, -253, -136, 185, 9, -195, 14, -170, -224, -317, -29, -527, 
-107, -253, -146, 180, 19, -200, 9, -170, -224, -312, -34, -536, 
-92, -253, -161, 173, 34, -207, 4, -170, -219, -312, -39, -546, 
-82, -253, -170, 168, 43, -212, 0, -165, -214, -307, -34, -561, 
-68, -253, -185, 161, 58, -219, -9, -175, -214, -312, -39, -570, 
-63, -253, -190, 158, 63, -222, -9, -175, -209, -317, -43, -580, 
-58, -253, -195, 156, 68, -224, -9, -165, -209, -317, -58, -590, 
-53, -253, -200, 153, 73, -226, -9, -161, -204, -322, -63, -595, 
-43, -253, -209, 148, 82, -231, -9, -170, -209, -326, -73, -595, 
-39, -248, -209, 143, 85, -229, -9, -170, -209, -326, -78, -590, 
-39, -234, -195, 136, 78, -214, -9, -170, -204, -331, -82, -585, 
-34, -234, -200, 134, 82, -217, -9, -161, -200, -331, -82, -580, 
-39, -239, -200, 139, 80, -219, -4, -161, -190, -312, -63, -566, 
-43, -234, -190, 139, 73, -212, -4, -156, -180, -302, -48, -566, 
-43, -234, -190, 139, 73, -212, -4, -151, -170, -297, -39, -566, 
-48, -234, -185, 141, 68, -209, -4, -146, -161, -287, -24, -566, 
-63, -219, -156, 141, 46, -187, 4, -131, -146, -278, -14, -556, 
-68, -219, -151, 143, 41, -185, 4, -126, -136, -268, -14, -556, 
-73, -219, -146, 146, 36, -183, 4, -126, -122, -258, -19, -551, 
-82, -214, -131, 148, 24, -173, 4, -122, -102, -248, -19, -551, 
-73, -204, -131, 139, 29, -168, -4, -122, -112, -263, -29, -551, 
-63, -204, -141, 134, 39, -173, -4, -126, -112, -268, -19, -551, 
-53, -204, -151, 129, 48, -178, 0, -126, -112, -268, -19, -551, 
-43, -209, -165, 126, 61, -187, 0, -126, -107, -268, -19, -556, 
-43, -209, -165, 126, 61, -187, 0, -122, -112, -283, -29, -556, 
-39, -209, -170, 124, 65, -190, 0, -126, -107, -287, -39, -551, 
-34, -209, -175, 122, 70, -192, 0, -126, -107, -292, -53, -551, 
-24, -209, -185, 117, 80, -197, 0, -117, -102, -297, -68, -551, 
-29, -214, -185, 122, 78, -200, 0, -112, -82, -287, -63, -561, 
-29, -214, -185, 122, 78, -200, 0, -102, -68, -278, -58, -566, 
-14, -195, -180, 104, 82, -187, 0, -97, -63, -268, -53, -566, 
-9, -185, -175, 97, 82, -180, -4, -92, -48, -253, -39, -570, 
-19, -185, -165, 102, 73, -175, -4, -87, -29, -239, -24, -561, 
-19, -180, -161, 100, 70, -170, -4, -78, -9, -229, -19, -546, 
-19, -170, -151, 95, 65, -161, -4, -68, 4, -219, -14, -536, 
-19, -161, -141, 90, 61, -151, 0, -63, 19, -209, -9, -527, 
-9, -161, -151, 85, 70, -156, 4, -53, 34, -195, -4, -522, 
-14, -151, -136, 82, 61, -143, 4, -43, 53, -185, 4, -522, 
-14, -146, -131, 80, 58, -139, 4, -29, 73, -170, 9, -517, 
-4, -136, -131, 70, 63, -134, 4, -19, 92, -156, 14, -517, 
-4, -122, -117, 63, 56, -119, 14, -14, 126, -136, 39, -512, 
-4, -117, -112, 61, 53, -114, 14, 0, 146, -117, 53, -502, 
-4, -112, -107, 58, 51, -109, 9, 4, 165, -97, 68, -497, 
-4, -97, -92, 51, 43, -95, 9, 24, 185, -78, 78, -483, 
9, -73, -82, 31, 46, -78, 0, 19, 219, -53, 78, -463, 
9, -53, -63, 21, 36, -58, 0, 39, 239, -34, 92, -453, 
14, -39, -53, 12, 34, -46, 0, 43, 263, -19, 107, -439, 
19, -29, -48, 4, 34, -39, -4, 53, 283, -4, 122, -424, 
14, -24, -39, 4, 26, -31, 4, 58, 292, 19, 136, -419, 
9, -14, -24, 2, 17, -19, 0, 63, 307, 34, 151, -409, 
4, 4, 0, -4, 2, 2, -4, 73, 326, 48, 161, -409, 
0, 24, 24, -12, -12, 24, -4, 82, 346, 68, 175, -400, 
-9, 34, 43, -12, -26, 39, -4, 82, 361, 92, 190, -370, 
-9, 39, 48, -14, -29, 43, -4, 82, 375, 97, 204, -361, 
-9, 48, 58, -19, -34, 53, -9, 82, 385, 112, 219, -346, 
-9, 58, 68, -24, -39, 63, -14, 82, 400, 126, 224, -341, 
-9, 78, 87, -34, -48, 82, -19, 73, 405, 136, 244, -312, 
-9, 92, 102, -41, -56, 97, -24, 73, 405, 136, 258, -297, 
-9, 102, 112, -46, -61, 107, -29, 68, 405, 146, 268, -278, 
-4, 107, 112, -51, -58, 109, -34, 68, 409, 146, 287, -258, 
9, 122, 112, -65, -51, 117, -43, 58, 405, 151, 287, -268, 
19, 131, 112, -75, -46, 122, -48, 48, 400, 146, 297, -273, 
24, 136, 112, -80, -43, 124, -58, 43, 390, 146, 297, -278, 
34, 136, 102, -85, -34, 119, -68, 34, 385, 146, 307, -283, 
34, 146, 112, -90, -39, 129, -73, 29, 380, 141, 302, -273, 
34, 156, 122, -95, -43, 139, -73, 29, 375, 136, 307, -268, 
29, 161, 131, -95, -51, 146, -78, 9, 366, 131, 302, -258, 
29, 161, 131, -95, -51, 146, -82, 0, 351, 122, 297, -258, 
43, 170, 126, -107, -41, 148, -97, 0, 331, 102, 292, -273, 
43, 170, 126, -107, -41, 148, -97, -14, 317, 92, 283, -278, 
43, 170, 126, -107, -41, 148, -97, -29, 297, 73, 263, -283, 
48, 165, 117, -107, -34, 141, -92, -39, 278, 53, 248, -302, 
34, 165, 131, -100, -48, 148, -92, -43, 248, 39, 258, -307, 
24, 156, 131, -90, -53, 143, -87, -53, 229, 19, 248, -307, 
9, 141, 131, -75, -61, 136, -82, -73, 209, 4, 239, -317, 
0, 126, 126, -63, -63, 126, -82, -78, 185, -9, 219, -326, 
-4, 122, 126, -58, -65, 124, -82, -82, 151, -24, 214, -322, 
-9, 102, 112, -46, -61, 107, -78, -92, 126, -39, 204, -322, 
-14, 78, 92, -31, -53, 85, -78, -107, 97, -58, 195, -322, 
-19, 63, 82, -21, -51, 73, -73, -117, 73, -78, 195, -326, 
-9, 53, 63, -21, -36, 58, -73, -122, 48, -107, 170, -356, 
-14, 34, 48, -9, -31, 41, -78, -126, 19, -131, 161, -370, 
-19, 24, 43, -2, -31, 34, -78, -136, -4, -151, 146, -390, 
-29, 9, 39, 9, -34, 24, -73, -141, -29, -175, 131, -405, 
-34, -14, 19, 24, -26, 2, -63, -141, -63, -209, 126, -409, 
-39, -29, 9, 34, -24, -9, -58, -156, -87, -219, 112, -414, 
-39, -43, -4, 41, -17, -24, -58, -165, -102, -234, 97, -419, 
-39, -68, -29, 53, -4, -48, -58, -175, -117, -248, 82, -419, 
-39, -97, -58, 68, 9, -78, -63, -180, -146, -268, 68, -414, 
-34, -107, -73, 70, 19, -90, -63, -190, -165, -283, 63, -414, 
-29, -112, -82, 70, 26, -97, -63, -200, -180, -302, 58, -414, 
-29, -117, -87, 73, 29, -102, -58, -204, -200, -322, 53, -419, 
-43, -126, -82, 85, 19, -104, -58, -204, -209, -322, 53, -444, 
-53, -136, -82, 95, 14, -109, -63, -204, -219, -331, 48, -453, 
-58, -141, -82, 100, 12, -112, -63, -209, -234, -341, 39, -468, 
-63, -146, -82, 104, 9, -114, -63, -214, -244, -341, 34, -483, 
-82, -165, -82, 124, 0, -124, -53, -224, -263, -361, 24, -483, 
-82, -175, -92, 129, 4, -134, -53, -234, -273, -370, 24, -483, 
-82, -185, -102, 134, 9, -143, -53, -239, -283, -380, 24, -497, 
-82, -185, -102, 134, 9, -143, -53, -239, -287, -390, 14, -502, 
-87, -195, -107, 141, 9, -151, -53, -229, -297, -400, -29, -531, 
-97, -204, -107, 151, 4, -156, -58, -234, -307, -414, -43, -541, 
-102, -209, -107, 156, 2, -158, -58, -239, -317, -434, -63, -556, 
-107, -219, -112, 163, 2, -165, -58, -239, -331, -453, -82, -566, 
-82, -209, -126, 146, 21, -168, -63, -248, -336, -458, -87, -566, 
-73, -214, -141, 143, 34, -178, -68, -258, -346, -458, -92, -566, 
-63, -214, -151, 139, 43, -183, -73, -268, -351, -458, -92, -570, 
-39, -219, -180, 129, 70, -200, -78, -273, -356, -463, -92, -570, 
-19, -219, -200, 119, 90, -209, -82, -273, -366, -478, -87, -570, 
-9, -219, -209, 114, 100, -214, -87, -273, -370, -483, -87, -570, 
4, -219, -224, 107, 114, -222, -92, -278, -380, -488, -87, -570, 
14, -214, -229, 100, 122, -222, -97, -283, -385, -492, -87, -570, 
4, -224, -229, 109, 117, -226, -87, -278, -385, -492, -87, -551, 
4, -224, -229, 109, 117, -226, -82, -278, -385, -492, -87, -551, 
-9, -224, -214, 117, 102, -219, -82, -278, -390, -497, -68, -551, 
-19, -224, -204, 122, 92, -214, -82, -278, -390, -497, -68, -551, 
-14, -224, -209, 119, 97, -217, -82, -273, -375, -483, -68, -551, 
-19, -224, -204, 122, 92, -214, -82, -273, -370, -478, -73, -551, 
-19, -224, -204, 122, 92, -214, -82, -268, -370, -478, -82, -575, 
-9, -224, -214, 117, 102, -219, -82, -268, -366, -473, -78, -575, 
-9, -239, -229, 124, 109, -234, -78, -258, -366, -468, -63, -566, 
-14, -234, -219, 124, 102, -226, -78, -258, -366, -463, -58, -551, 
-14, -224, -209, 119, 97, -217, -78, -258, -366, -458, -53, -536, 
-14, -209, -195, 112, 90, -202, -78, -258, -366, -453, -48, -527, 
-24, -209, -185, 117, 80, -197, -78, -263, -356, -463, -53, -541, 
-24, -209, -185, 117, 80, -197, -78, -263, -356, -463, -58, -546, 
-24, -214, -190, 119, 82, -202, -78, -263, -356, -463, -63, -556, 
-24, -214, -190, 119, 82, -202, -78, -263, -356, -463, -63, -566, 
-39, -214, -175, 126, 68, -195, -68, -253, -356, -463, -63, -566, 
-39, -214, -175, 126, 68, -195, -73, -253, -356, -463, -63, -561, 
-39, -219, -180, 129, 70, -200, -73, -253, -356, -463, -63, -561, 
-39, -214, -175, 126, 68, -195, -73, -253, -356, -463, -63, -561, 
-48, -204, -156, 126, 53, -180, -73, -248, -341, -453, -53, -561, 
-53, -209, -156, 131, 51, -183, -73, -248, -341, -448, -53, -556, 
-58, -219, -161, 139, 51, -190, -68, -248, -341, -444, -53, -546, 
-63, -229, -165, 146, 51, -197, -68, -244, -341, -439, -53, -541, 
-63, -239, -175, 151, 56, -207, -68, -239, -341, -448, -53, -551, 
-68, -239, -170, 153, 51, -204, -63, -244, -336, -448, -53, -551, 
-68, -234, -165, 151, 48, -200, -63, -248, -336, -448, -53, -551, 
-68, -234, -165, 151, 48, -200, -63, -253, -336, -448, -53, -551, 
-58, -234, -175, 146, 58, -204, -73, -253, -351, -458, -63, -551, 
-53, -234, -180, 143, 63, -207, -73, -253, -356, -463, -63, -551, 
-48, -234, -185, 141, 68, -209, -73, -248, -361, -468, -63, -551, 
-48, -234, -185, 141, 68, -209, -73, -248, -366, -473, -63, -546, 
-58, -234, -175, 146, 58, -204, -63, -244, -361, -463, -53, -536, 
-58, -234, -175, 146, 58, -204, -63, -244, -356, -463, -53, -536, 
-58, -234, -175, 146, 58, -204, -63, -244, -351, -463, -53, -527, 
-58, -234, -175, 146, 58, -204, -58, -244, -336, -458, -48, -527, 
-73, -234, -161, 153, 43, -197, -53, -244, -326, -444, -34, -517, 
-73, -234, -161, 153, 43, -197, -53, -244, -326, -439, -29, -517, 
-68, -229, -161, 148, 46, -195, -58, -244, -326, -434, -24, -517, 
-68, -224, -156, 146, 43, -190, -58, -239, -326, -429, -19, -517, 
-68, -224, -156, 146, 43, -190, -58, -239, -331, -439, -24, -517, 
-68, -224, -156, 146, 43, -190, -58, -239, -331, -439, -24, -517, 
-68, -224, -156, 146, 43, -190, -63, -239, -326, -439, -24, -517, 
-68, -224, -156, 146, 43, -190, -63, -239, -322, -444, -24, -522, 
-68, -224, -156, 146, 43, -190, -73, -239, -331, -434, -29, -531, 
-68, -214, -146, 141, 39, -180, -73, -244, -331, -429, -29, -541, 
-68, -214, -146, 141, 39, -180, -73, -244, -331, -429, -34, -551, 
-68, -214, -146, 141, 39, -180, -78, -244, -331, -429, -39, -561, 
-58, -209, -151, 134, 46, -180, -78, -234, -322, -419, -24, -546, 
-58, -209, -151, 134, 46, -180, -78, -234, -326, -419, -19, -527, 
-58, -209, -151, 134, 46, -180, -78, -234, -326, -419, -19, -512, 
-58, -204, -146, 131, 43, -175, -78, -234, -326, -414, -19, -497, 
-58, -204, -146, 131, 43, -175, -78, -244, -322, -419, 4, -463, 
-58, -204, -146, 131, 43, -175, -78, -244, -326, -424, 24, -434, 
-58, -204, -146, 131, 43, -175, -73, -244, -331, -424, 34, -409, 
-58, -204, -146, 131, 43, -175, -73, -244, -336, -424, 43, -390, 
-48, -195, -146, 122, 48, -170, -92, -258, -356, -444, 4, -448, 
-24, -195, -170, 109, 73, -183, -97, -258, -361, -453, -29, -507, 
-9, -195, -185, 102, 87, -190, -102, -258, -366, -463, -58, -570, 
0, -190, -190, 95, 95, -190, -112, -258, -375, -473, -87, -634, 
-4, -195, -190, 100, 92, -192, -102, -248, -375, -458, -78, -614, 
-9, -195, -185, 102, 87, -190, -102, -248, -370, -453, -68, -605, 
-14, -195, -180, 104, 82, -187, -102, -248, -366, -448, -58, -595, 
-19, -200, -180, 109, 80, -190, -107, -248, -366, -444, -48, -585, 
-29, -190, -161, 109, 65, -175, -97, -258, -356, -444, -48, -566, 
-29, -190, -161, 109, 65, -175, -97, -258, -356, -444, -48, -556, 
-34, -190, -156, 112, 61, -173, -97, -258, -356, -439, -43, -551, 
-34, -190, -156, 112, 61, -173, -92, -258, -351, -439, -34, -531, 
-43, -190, -146, 117, 51, -168, -82, -248, -351, -429, -29, -517, 
-48, -190, -141, 119, 46, -165, -87, -248, -351, -429, -24, -492, 
-53, -190, -136, 122, 41, -163, -87, -253, -351, -434, -19, -492, 
-58, -195, -136, 126, 39, -165, -87, -253, -351, -434, -14, -502, 
-39, -195, -156, 117, 58, -175, -102, -268, -370, -444, -29, -502, 
-24, -195, -170, 109, 73, -183, -107, -273, -375, -453, -39, -566, 
-4, -195, -190, 100, 92, -192, -112, -278, -380, -463, -43, -585, 
14, -195, -209, 90, 112, -202, -117, -278, -385, -473, -48, -580, 
9, -195, -204, 92, 107, -200, -102, -268, -395, -483, -48, -570, 
4, -190, -195, 92, 100, -192, -102, -273, -395, -483, -48, -566, 
0, -190, -190, 95, 95, -190, -107, -273, -400, -488, -53, -556, 
-4, -195, -190, 100, 92, -192, -107, -273, -400, -497, -53, -546, 
-14, -204, -190, 109, 87, -197, -107, -278, -400, -483, -48, -556, 
-24, -209, -185, 117, 80, -197, -107, -278, -395, -473, -48, -556, 
-34, -214, -180, 124, 73, -197, -107, -273, -390, -463, -43, -556, 
-48, -219, -170, 134, 61, -195, -107, -273, -385, -458, -39, -556, 
-53, -219, -165, 136, 56, -192, -107, -263, -385, -448, -34, -541, 
-53, -219, -165, 136, 56, -192, -107, -263, -385, -453, -34, -541, 
-58, -219, -161, 139, 51, -190, -112, -263, -390, -453, -29, -541, 
-58, -219, -161, 139, 51, -190, -112, -268, -390, -453, -24, -541, 
-68, -224, -156, 146, 43, -190, -102, -268, -385, -453, -14, -536, 
-68, -224, -156, 146, 43, -190, -102, -263, -385, -453, -14, -531, 
-68, -219, -151, 143, 41, -185, -102, -263, -385, -453, -19, -531, 
-63, -219, -156, 141, 46, -187, -102, -263, -385, -453, -19, -527, 
-43, -219, -175, 131, 65, -197, -107, -273, -390, -463, -29, -527, 
-34, -219, -185, 126, 75, -202, -112, -273, -395, -468, -29, -531, 
-29, -219, -190, 124, 80, -204, -117, -273, -400, -468, -29, -536, 
-19, -219, -200, 119, 90, -209, -122, -273, -405, -468, -29, -541, 
-19, -209, -190, 114, 85, -200, -112, -273, -395, -463, -24, -531, 
-9, -209, -200, 109, 95, -204, -112, -273, -385, -453, -9, -531, 
-29, -219, -190, 124, 80, -204, -117, -273, -390, -453, -9, -512, 
-39, -224, -185, 131, 73, -204, -117, -283, -409, -468, 0, -497, 
-39, -224, -185, 131, 73, -204, -117, -283, -400, -458, -9, -522, 
-39, -224, -185, 131, 73, -204, -117, -283, -400, -458, -19, -536, 
-39, -224, -185, 131, 73, -204, -117, -283, -400, -458, -29, -551, 
-39, -224, -185, 131, 73, -204, -117, -283, -400, -458, -39, -566, 
-39, -234, -195, 136, 78, -214, -117, -278, -419, -468, -43, -561, 
-39, -229, -190, 134, 75, -209, -117, -278, -419, -478, -48, -566, 
-39, -229, -190, 134, 75, -209, -117, -278, -419, -488, -53, -566, 
-34, -229, -195, 131, 80, -212, -117, -278, -419, -492, -58, -566, 
-24, -219, -195, 122, 85, -207, -117, -278, -419, -492, -63, -566, 
-24, -224, -200, 124, 87, -212, -117, -278, -419, -492, -63, -570, 
-24, -224, -200, 124, 87, -212, -117, -278, -419, -492, -63, -575, 
-24, -224, -200, 124, 87, -212, -117, -278, -419, -497, -68, -580, 
-24, -224, -200, 124, 87, -212, -117, -278, -419, -488, -58, -575, 
-29, -224, -195, 126, 82, -209, -117, -278, -414, -488, -58, -570, 
-29, -229, -200, 129, 85, -214, -112, -278, -414, -488, -58, -566, 
-29, -229, -200, 129, 85, -214, -112, -278, -414, -488, -58, -561, 
-34, -229, -195, 131, 80, -212, -112, -278, -414, -488, -48, -566, 
-34, -224, -190, 129, 78, -207, -112, -278, -414, -488, -48, -566, 
-39, -224, -185, 131, 73, -204, -112, -273, -405, -483, -48, -561, 
-39, -219, -180, 129, 70, -200, -112, -273, -405, -483, -48, -561, 
-53, -224, -170, 139, 58, -197, -102, -273, -405, -478, -34, -541, 
-58, -214, -156, 136, 48, -185, -97, -268, -395, -468, -24, -536, 
-63, -200, -136, 131, 36, -168, -92, -263, -385, -463, -14, -527, 
-68, -185, -117, 126, 24, -151, -87, -258, -385, -458, -9, -512, 
-58, -165, -107, 112, 24, -136, -97, -268, -380, -444, 4, -507, 
-48, -161, -112, 104, 31, -136, -97, -263, -375, -439, 9, -502, 
-34, -151, -117, 92, 41, -134, -97, -263, -370, -434, 9, -502, 
-24, -141, -117, 82, 46, -129, -92, -258, -366, -434, 9, -502, 
-24, -136, -112, 80, 43, -124, -102, -258, -351, -434, 9, -517, 
-19, -131, -112, 75, 46, -122, -97, -248, -346, -429, 4, -522, 
-19, -122, -102, 70, 41, -112, -97, -248, -346, -429, 4, -527, 
-19, -117, -97, 68, 39, -107, -102, -248, -346, -429, 0, -531, 
-29, -112, -82, 70, 26, -97, -92, -248, -346, -419, 9, -522, 
-29, -112, -82, 70, 26, -97, -92, -248, -341, -414, 9, -522, 
-29, -112, -82, 70, 26, -97, -92, -248, -341, -409, 9, -522, 
-29, -107, -78, 68, 24, -92, -97, -248, -341, -409, 14, -517, 
-39, -107, -68, 73, 14, -87, -92, -248, -336, -405, 24, -507, 
-34, -107, -73, 70, 19, -90, -97, -244, -336, -400, 24, -497, 
-34, -97, -63, 65, 14, -80, -97, -248, -331, -395, 29, -483, 
-34, -92, -58, 63, 12, -75, -102, -258, -331, -390, 34, -473, 
-34, -87, -53, 61, 9, -70, -112, -253, -341, -400, 29, -478, 
-29, -82, -53, 56, 12, -68, -117, -263, -341, -400, 29, -488, 
-24, -82, -58, 53, 17, -70, -122, -273, -346, -400, 29, -497, 
-19, -78, -58, 48, 19, -68, -131, -283, -346, -400, 39, -502, 
-19, -73, -53, 46, 17, -63, -141, -302, -361, -400, 39, -497, 
-19, -78, -58, 48, 19, -68, -146, -307, -361, -400, 43, -497, 
-19, -78, -58, 48, 19, -68, -151, -307, -361, -395, 43, -497, 
-9, -78, -68, 43, 29, -73, -161, -312, -361, -390, 39, -497, 
-19, -68, -48, 43, 14, -58, -161, -312, -356, -390, 53, -478, 
-19, -73, -53, 46, 17, -63, -161, -307, -356, -385, 58, -468, 
-19, -73, -53, 46, 17, -63, -156, -302, -346, -380, 63, -458, 
-24, -73, -48, 48, 12, -61, -156, -297, -346, -380, 78, -444, 
-39, -82, -43, 61, 2, -63, -146, -283, -341, -395, 78, -429, 
-34, -82, -48, 58, 7, -65, -141, -278, -341, -395, 73, -414, 
-48, -82, -34, 65, -7, -58, -136, -273, -341, -400, 68, -405, 
-53, -87, -34, 70, -9, -61, -131, -268, -341, -409, 63, -400, 
-34, -82, -48, 58, 7, -65, -136, -273, -351, -414, 43, -429, 
-29, -97, -68, 63, 19, -82, -141, -278, -361, -414, 34, -453, 
-19, -112, -92, 65, 36, -102, -136, -283, -370, -424, 24, -478, 
-19, -131, -112, 75, 46, -122, -141, -287, -385, -439, 9, -507, 
-9, -141, -131, 75, 61, -136, -141, -283, -390, -448, 4, -512, 
-9, -156, -146, 82, 68, -151, -136, -283, -400, -448, 0, -522, 
-14, -161, -146, 87, 65, -153, -136, -287, -400, -448, -4, -517, 
-9, -170, -161, 90, 75, -165, -131, -287, -400, -453, -9, -517, 
-9, -195, -185, 102, 87, -190, -131, -287, -414, -463, -29, -531, 
-9, -200, -190, 104, 90, -195, -131, -287, -414, -468, -43, -546, 
-14, -209, -195, 112, 90, -202, -131, -287, -414, -478, -53, -551, 
-14, -224, -209, 119, 97, -217, -131, -287, -424, -483, -68, -556, 
-29, -234, -204, 131, 87, -219, -122, -287, -429, -488, -63, -575, 
-34, -239, -204, 136, 85, -222, -117, -287, -429, -492, -68, -585, 
-39, -248, -209, 143, 85, -229, -117, -287, -434, -502, -73, -595, 
-43, -248, -204, 146, 80, -226, -117, -287, -439, -507, -78, -605, 
-29, -258, -229, 143, 100, -244, -117, -292, -448, -517, -87, -614, 
-24, -263, -239, 143, 107, -251, -117, -292, -448, -512, -92, -614, 
-19, -263, -244, 141, 112, -253, -117, -292, -448, -512, -92, -614, 
-14, -268, -253, 141, 119, -261, -117, -292, -448, -512, -92, -619, 
-19, -258, -239, 139, 109, -248, -117, -287, -439, -502, -92, -605, 
-24, -258, -234, 141, 104, -246, -117, -283, -439, -502, -92, -600, 
-24, -263, -239, 143, 107, -251, -117, -278, -439, -502, -92, -600, 
-24, -263, -239, 143, 107, -251, -117, -273, -439, -502, -92, -595, 
-34, -258, -224, 146, 95, -241, -117, -283, -434, -502, -87, -595, 
-34, -258, -224, 146, 95, -241, -117, -283, -434, -497, -82, -590, 
-34, -258, -224, 146, 95, -241, -112, -283, -434, -497, -78, -585, 
-34, -258, -224, 146, 95, -241, -112, -278, -434, -497, -73, -585, 
-34, -258, -224, 146, 95, -241, -112, -278, -434, -488, -73, -595, 
-24, -248, -224, 136, 100, -236, -112, -278, -424, -488, -63, -595, 
-24, -248, -224, 136, 100, -236, -112, -278, -419, -488, -48, -570, 
-43, -258, -214, 151, 85, -236, -107, -263, -414, -473, -48, -556, 
-39, -273, -234, 156, 97, -253, -102, -248, -395, -473, -63, -585, 
-4, -302, -297, 153, 146, -300, -87, -214, -390, -483, -102, -634, 
-4, -346, -341, 175, 168, -344, -53, -141, -356, -492, -156, -702, 
-39, -395, -356, 217, 158, -375, -4, -53, -317, -502, -214, -751, 
-48, -395, -346, 222, 148, -370, 39, 19, -268, -512, -204, -741, 
-24, -361, -336, 192, 156, -348, 68, 63, -224, -497, -180, -712, 
-4, -302, -297, 153, 146, -300, 97, 117, -156, -473, -146, -692, 
-4, -253, -248, 129, 122, -251, 107, 180, -48, -390, -117, -663, 
0, -161, -161, 80, 80, -161, 107, 214, 92, -292, -58, -610, 
24, -29, -53, 2, 39, -41, 78, 209, 239, -151, 29, -556, 
43, 175, 131, -109, -43, 153, 68, 209, 444, 68, 165, -458, 
24, 463, 439, -244, -207, 451, 63, 195, 707, 375, 419, -224, 
-4, 800, 805, -397, -405, 802, 9, 82, 912, 727, 761, 97, 
0, 1098, 1098, -549, -549, 1098, -126, -200, 888, 995, 1073, 380, 
-4, 1361, 1366, -678, -685, 1363, -366, -649, 649, 1146, 1346, 658, 
-19, 1659, 1678, -819, -849, 1668, -668, -1132, 405, 1244, 1634, 956, 
-58, 1908, 1966, -924, -1012, 1937, -863, -1478, 278, 1307, 1820, 1161, 
-97, 1786, 1883, -844, -990, 1834, -824, -1507, 273, 1234, 1678, 1034, 
-112, 1205, 1317, -546, -714, 1261, -639, -1288, 283, 980, 1205, 570, 
-122, 707, 829, -292, -475, 768, -551, -1137, 68, 590, 780, 170, 
-122, 483, 605, -180, -363, 544, -561, -1156, -429, 107, 531, 14, 
-112, 214, 326, -51, -219, 270, -527, -1146, -1063, -502, 273, -131, 
-82, -122, -39, 102, -21, -80, -458, -1049, -1576, -1049, 0, -346, 
-73, -287, -214, 180, 70, -251, -405, -941, -1649, -1185, -136, -483, 
-97, -375, -278, 236, 90, -326, -361, -854, -1459, -1073, -195, -566, 
-92, -497, -405, 295, 156, -451, -336, -775, -1390, -1068, -268, -653, 
-48, -585, -536, 317, 244, -561, -302, -692, -1366, -1117, -336, -732, 
4, -610, -614, 302, 309, -612, -268, -624, -1234, -1068, -361, -771, 
4, -600, -605, 297, 305, -602, -244, -561, -1088, -990, -361, -785, 
-24, -570, -546, 297, 261, -558, -244, -531, -995, -936, -336, -775, 
-53, -531, -478, 292, 212, -505, -224, -507, -897, -858, -297, -761, 
-151, -473, -322, 312, 85, -397, -175, -434, -771, -741, -229, -702, 
-195, -409, -214, 302, 9, -312, -146, -361, -668, -658, -165, -663, 
-63, -361, -297, 212, 117, -329, -165, -356, -634, -644, -170, -688, 
48, -346, -395, 148, 222, -370, -180, -331, -595, -634, -190, -707, 
19, -346, -366, 163, 192, -356, -146, -302, -541, -600, -170, -688, 
-24, -336, -312, 180, 143, -324, -126, -273, -497, -575, -151, -663, 
-92, -331, -239, 212, 73, -285, -92, -244, -448, -551, -131, -634, 
-180, -317, -136, 248, -21, -226, -58, -209, -395, -517, -102, -610, 
-136, -297, -161, 217, 12, -229, -73, -224, -405, -517, -117, -614, 
-92, -287, -195, 190, 51, -241, -82, -239, -400, -517, -117, -624, 
-58, -283, -224, 170, 82, -253, -97, -244, -405, -522, -126, -634, 
-24, -283, -258, 153, 117, -270, -107, -244, -409, -527, -136, -644, 
-29, -278, -248, 153, 109, -263, -102, -239, -395, -522, -126, -629, 
-34, -273, -239, 153, 102, -256, -97, -239, -395, -517, -117, -624, 
-34, -268, -234, 151, 100, -251, -92, -239, -395, -512, -107, -624, 
-39, -263, -224, 151, 92, -244, -92, -244, -395, -507, -97, -619, 
-24, -273, -248, 148, 112, -261, -97, -253, -405, -517, -112, -629, 
-4, -273, -268, 139, 131, -270, -102, -253, -395, -522, -117, -639, 
9, -263, -273, 126, 141, -268, -107, -248, -390, -517, -122, -649, 
19, -258, -278, 119, 148, -268, -107, -248, -380, -517, -117, -653, 
-34, -258, -224, 146, 95, -241, -97, -239, -361, -492, -97, -639, 
-68, -258, -190, 163, 61, -224, -87, -224, -351, -478, -82, -624, 
-97, -258, -161, 178, 31, -209, -78, -214, -336, -468, -73, -595, 
-126, -258, -131, 192, 2, -195, -63, -204, -326, -453, -63, -580, 
-97, -253, -156, 175, 29, -204, -78, -209, -331, -463, -43, -575, 
-73, -244, -170, 158, 48, -207, -82, -214, -336, -458, -39, -566, 
-48, -239, -190, 143, 70, -214, -82, -219, -336, -453, -39, -561, 
-29, -234, -204, 131, 87, -219, -87, -219, -336, -453, -39, -556, 
-19, -234, -214, 126, 97, -224, -87, -219, -331, -463, -39, -541, 
-19, -234, -214, 126, 97, -224, -87, -219, -331, -458, -43, -536, 
-14, -234, -219, 124, 102, -226, -87, -219, -326, -458, -48, -531, 
-14, -234, -219, 124, 102, -226, -87, -214, -322, -453, -43, -531, 
-4, -224, -219, 114, 107, -222, -87, -224, -331, -468, -63, -566, 
-4, -224, -219, 114, 107, -222, -87, -224, -326, -473, -73, -590, 
-4, -224, -219, 114, 107, -222, -87, -214, -326, -473, -92, -614, 
-4, -224, -219, 114, 107, -222, -87, -209, -322, -478, -102, -634, 
-9, -234, -224, 122, 107, -229, -78, -219, -326, -483, -117, -649, 
-9, -229, -219, 119, 104, -224, -78, -219, -326, -483, -126, -658, 
-14, -214, -200, 114, 92, -207, -78, -219, -322, -488, -136, -668, 
-14, -214, -200, 114, 92, -207, -78, -209, -317, -488, -141, -678, 
-24, -219, -195, 122, 85, -207, -82, -200, -302, -478, -122, -658, 
-24, -214, -190, 119, 82, -202, -82, -195, -297, -468, -107, -653, 
-19, -214, -195, 117, 87, -204, -82, -190, -292, -463, -97, -649, 
-19, -214, -195, 117, 87, -204, -82, -185, -287, -453, -82, -644, 
-19, -200, -180, 109, 80, -190, -73, -170, -263, -439, -73, -634, 
-19, -200, -180, 109, 80, -190, -73, -165, -253, -424, -73, -634, 
-19, -200, -180, 109, 80, -190, -73, -165, -239, -409, -78, -629, 
-24, -195, -170, 109, 73, -183, -73, -161, -219, -395, -78, -629, 
-34, -190, -156, 112, 61, -173, -63, -161, -224, -400, -73, -614, 
-34, -185, -151, 109, 58, -168, -63, -165, -219, -405, -58, -610, 
-34, -180, -146, 107, 56, -163, -58, -165, -214, -405, -53, -605, 
-34, -180, -146, 107, 56, -163, -58, -165, -204, -405, -48, -605, 
-24, -180, -156, 102, 65, -168, -68, -161, -195, -400, -58, -605, 
-19, -180, -161, 100, 70, -170, -68, -165, -185, -395, -58, -600, 
-14, -180, -165, 97, 75, -173, -68, -165, -180, -390, -63, -600, 
-4, -180, -175, 92, 85, -178, -68, -156, -170, -385, -68, -600, 
-4, -185, -180, 95, 87, -183, -68, -161, -170, -390, -68, -605, 
-9, -185, -175, 97, 82, -180, -68, -151, -156, -385, -68, -605, 
0, -165, -165, 82, 82, -165, -68, -146, -151, -380, -68, -600, 
0, -156, -156, 78, 78, -156, -73, -141, -136, -370, -58, -600, 
-14, -156, -141, 85, 63, -148, -63, -136, -117, -361, -53, -595, 
-19, -161, -141, 90, 61, -151, -63, -126, -97, -346, -48, -585, 
-24, -161, -136, 92, 56, -148, -63, -117, -82, -331, -43, -580, 
-29, -161, -131, 95, 51, -146, -58, -112, -68, -317, -39, -575, 
-29, -161, -131, 95, 51, -146, -63, -92, -39, -297, -24, -580, 
-34, -151, -117, 92, 41, -134, -63, -82, -14, -283, -14, -580, 
-34, -146, -112, 90, 39, -129, -63, -68, 9, -263, -9, -575, 
-24, -136, -112, 80, 43, -124, -63, -58, 34, -244, -4, -575, 
-29, -112, -82, 70, 26, -97, -53, -48, 53, -239, 0, -556, 
-24, -107, -82, 65, 29, -95, -53, -39, 68, -224, 14, -541, 
-19, -102, -82, 61, 31, -92, -58, -39, 82, -209, 29, -531, 
-14, -87, -73, 51, 29, -80, -58, -24, 97, -195, 39, -512, 
-9, -73, -63, 41, 26, -68, -58, -24, 112, -170, 48, -488, 
-9, -53, -43, 31, 17, -48, -58, -9, 131, -151, 63, -483, 
-4, -39, -34, 21, 14, -36, -58, -9, 156, -136, 78, -473, 
0, -29, -29, 14, 14, -29, -63, -4, 175, -122, 92, -463, 
0, 0, 0, 0, 0, 0, -53, 4, 200, -92, 107, -463, 
0, 14, 14, -7, -7, 14, -58, 14, 219, -73, 122, -458, 
0, 39, 39, -19, -19, 39, -63, 29, 244, -53, 131, -463, 
0, 63, 63, -31, -31, 63, -63, 43, 268, -29, 146, -458, 
9, 82, 73, -46, -31, 78, -73, 39, 263, -24, 146, -424, 
19, 87, 68, -53, -24, 78, -73, 34, 268, -29, 156, -409, 
29, 97, 68, -63, -19, 82, -78, 29, 268, -24, 165, -390, 
39, 107, 68, -73, -14, 87, -82, 24, 273, -19, 165, -380, 
34, 126, 92, -80, -29, 109, -78, 14, 283, 0, 185, -351, 
29, 141, 112, -85, -41, 126, -82, 14, 287, 0, 209, -336, 
24, 151, 126, -87, -51, 139, -87, 9, 292, 9, 229, -317, 
24, 156, 131, -90, -53, 143, -92, 9, 302, 9, 258, -297, 
19, 170, 151, -95, -65, 161, -97, 9, 302, 19, 248, -307, 
19, 180, 161, -100, -70, 170, -97, 9, 302, 19, 258, -302, 
14, 185, 170, -100, -78, 178, -102, 14, 297, 24, 258, -297, 
14, 185, 170, -100, -78, 178, -107, 14, 297, 29, 268, -292, 
29, 195, 165, -112, -68, 180, -112, 0, 283, 24, 253, -307, 
34, 204, 170, -119, -68, 187, -112, 0, 278, 19, 248, -317, 
34, 209, 175, -122, -70, 192, -117, -19, 268, 14, 234, -322, 
39, 209, 170, -124, -65, 190, -122, -29, 253, 4, 219, -336, 
48, 219, 170, -134, -61, 195, -136, -29, 244, -4, 234, -346, 
43, 219, 175, -131, -65, 197, -136, -43, 229, -14, 234, -346, 
39, 219, 180, -129, -70, 200, -136, -58, 209, -34, 224, -346, 
39, 214, 175, -126, -68, 195, -131, -68, 190, -53, 219, -361, 
19, 209, 190, -114, -85, 200, -141, -82, 170, -53, 229, -356, 
14, 204, 190, -109, -87, 197, -136, -92, 151, -68, 229, -346, 
4, 195, 190, -100, -92, 192, -131, -112, 131, -78, 229, -346, 
0, 185, 185, -92, -92, 185, -131, -117, 107, -87, 219, -346, 
-19, 180, 200, -80, -109, 190, -131, -126, 82, -102, 219, -341, 
-29, 170, 200, -70, -114, 185, -126, -131, 58, -117, 204, -341, 
-39, 156, 195, -58, -117, 175, -126, -141, 29, -136, 190, -341, 
-48, 151, 200, -51, -124, 175, -122, -146, 4, -156, 185, -346, 
-39, 131, 170, -46, -104, 151, -122, -165, -24, -190, 170, -370, 
-34, 112, 146, -39, -90, 129, -126, -175, -58, -219, 161, -380, 
-29, 102, 131, -36, -80, 117, -126, -190, -87, -244, 146, -395, 
-29, 87, 117, -29, -73, 102, -122, -200, -117, -273, 131, -405, 
-19, 73, 92, -26, -56, 82, -131, -209, -151, -307, 92, -434, 
-19, 58, 78, -19, -48, 68, -126, -224, -185, -326, 63, -453, 
-14, 43, 58, -14, -36, 51, -126, -234, -209, -351, 34, -473, 
-9, 19, 29, -4, -19, 24, -126, -244, -234, -375, 4, -488, 
-24, 0, 24, 12, -24, 12, -122, -239, -263, -390, -4, -497, 
-24, -9, 14, 17, -19, 2, -122, -248, -283, -409, -4, -502, 
-24, -14, 9, 19, -17, -2, -122, -258, -297, -434, -4, -507, 
-29, -19, 9, 24, -19, -4, -117, -263, -317, -458, -4, -517, 
-39, -24, 14, 31, -26, -4, -117, -268, -317, -468, -9, -522, 
-43, -39, 4, 41, -24, -17, -122, -273, -326, -478, -9, -522, 
-43, -48, -4, 46, -19, -26, -122, -283, -341, -488, -14, -527, 
-43, -58, -14, 51, -14, -36, -122, -292, -351, -488, -14, -531, 
-53, -63, -9, 58, -21, -36, -122, -287, -356, -483, -24, -531, 
-53, -68, -14, 61, -19, -41, -122, -292, -361, -478, -24, -531, 
-53, -73, -19, 63, -17, -46, -122, -292, -366, -473, -24, -546, 
-53, -68, -14, 61, -19, -41, -122, -287, -366, -468, -34, -551, 
-53, -82, -29, 68, -12, -56, -122, -297, -390, -483, -63, -551, 
-58, -87, -29, 73, -14, -58, -126, -302, -405, -502, -63, -551, 
-58, -87, -29, 73, -14, -58, -126, -307, -419, -527, -68, -556, 
-58, -92, -34, 75, -12, -63, -126, -307, -439, -551, -73, -556, 
-58, -102, -43, 80, -7, -73, -126, -312, -448, -556, -78, -566, 
-63, -107, -43, 85, -9, -75, -126, -317, -453, -556, -82, -566, 
-68, -107, -39, 87, -14, -73, -126, -322, -453, -556, -82, -570, 
-58, -112, -53, 85, -2, -82, -126, -322, -453, -561, -82, -570, 
-73, -122, -48, 97, -12, -85, -126, -312, -448, -556, -68, -566, 
-78, -122, -43, 100, -17, -82, -126, -312, -448, -551, -68, -561, 
-78, -122, -43, 100, -17, -82, -126, -317, -453, -546, -68, -556, 
-82, -117, -34, 100, -24, -75, -126, -322, -453, -541, -68, -551, 
-92, -107, -14, 100, -39, -61, -126, -317, -439, -531, -48, -512, 
-92, -107, -14, 100, -39, -61, -122, -317, -434, -522, -29, -492, 
-107, -107, 0, 107, -53, -53, -122, -317, -434, -517, 9, -473, 
-117, -107, 9, 112, -63, -48, -122, -317, -429, -507, 29, -453, 
-97, -102, -4, 100, -46, -53, -126, -331, -444, -527, -9, -492, 
-87, -107, -19, 97, -34, -63, -131, -331, -448, -536, -43, -531, 
-73, -112, -39, 92, -17, -75, -136, -326, -458, -551, -82, -595, 
-48, -117, -68, 82, 9, -92, -141, -326, -463, -561, -107, -634, 
-39, -141, -102, 90, 31, -122, -136, -336, -478, -570, -112, -629, 
-43, -136, -92, 90, 24, -114, -136, -336, -483, -580, -117, -619, 
-43, -126, -82, 85, 19, -104, -136, -336, -488, -590, -122, -610, 
-43, -112, -68, 78, 12, -90, -136, -336, -492, -600, -126, -605, 
-48, -112, -63, 80, 7, -87, -136, -331, -483, -600, -122, -605, 
-53, -112, -58, 82, 2, -85, -136, -331, -483, -600, -117, -605, 
-58, -117, -58, 87, 0, -87, -136, -331, -483, -600, -112, -610, 
-63, -117, -53, 90, -4, -85, -136, -331, -483, -600, -102, -614, 
-73, -102, -29, 87, -21, -65, -126, -322, -478, -590, -97, -605, 
-68, -97, -29, 82, -19, -63, -131, -322, -473, -580, -92, -590, 
-63, -97, -34, 80, -14, -65, -131, -322, -468, -570, -87, -580, 
-58, -87, -29, 73, -14, -58, -131, -322, -463, -561, -82, -570, 
-63, -82, -19, 73, -21, -51, -122, -326, -458, -556, -82, -580, 
-63, -82, -19, 73, -21, -51, -122, -326, -458, -556, -82, -585, 
-63, -87, -24, 75, -19, -56, -117, -326, -458, -556, -82, -585, 
-63, -92, -29, 78, -17, -61, -117, -322, -458, -556, -82, -590, 
-63, -102, -39, 82, -12, -70, -126, -312, -448, -556, -73, -585, 
-68, -102, -34, 85, -17, -68, -122, -312, -444, -556, -73, -580, 
-68, -97, -29, 82, -19, -63, -122, -312, -444, -556, -73, -575, 
-68, -97, -29, 82, -19, -63, -122, -312, -444, -556, -73, -570, 
-73, -97, -24, 85, -24, -61, -122, -312, -444, -541, -63, -570, 
-73, -97, -24, 85, -24, -61, -122, -312, -444, -541, -63, -570, 
-73, -97, -24, 85, -24, -61, -122, -307, -444, -541, -63, -570, 
-78, -97, -19, 87, -29, -58, -122, -307, -444, -541, -63, -566, 
-68, -87, -19, 78, -24, -53, -122, -302, -434, -531, -53, -566, 
-68, -87, -19, 78, -24, -53, -122, -302, -434, -531, -53, -566, 
-68, -87, -19, 78, -24, -53, -122, -302, -434, -531, -53, -556, 
-68, -87, -19, 78, -24, -53, -117, -302, -424, -527, -48, -556, 
-63, -87, -24, 75, -19, -56, -112, -312, -434, -536, -58, -556, 
-63, -87, -24, 75, -19, -56, -112, -312, -434, -536, -58, -556, 
-58, -82, -24, 70, -17, -53, -117, -312, -434, -536, -58, -556, 
-58, -78, -19, 68, -19, -48, -117, -307, -434, -536, -58, -556, 
-68, -78, -9, 73, -29, -43, -117, -307, -439, -536, -63, -556, 
-68, -78, -9, 73, -29, -43, -117, -307, -439, -536, -63, -556, 
-68, -78, -9, 73, -29, -43, -122, -307, -434, -536, -63, -556, 
-68, -78, -9, 73, -29, -43, -122, -307, -429, -541, -63, -561, 
-68, -78, -9, 73, -29, -43, -122, -317, -434, -551, -73, -570, 
-68, -68, 0, 68, -34, -34, -122, -322, -439, -546, -68, -570, 
-68, -68, 0, 68, -34, -34, -122, -322, -444, -546, -68, -570, 
-68, -68, 0, 68, -34, -34, -126, -322, -448, -546, -68, -570, 
-68, -63, 4, 65, -36, -29, -117, -312, -439, -536, -53, -570, 
-68, -63, 4, 65, -36, -29, -117, -312, -444, -536, -48, -566, 
-68, -63, 4, 65, -36, -29, -117, -312, -444, -536, -48, -566, 
-68, -58, 9, 63, -39, -24, -117, -312, -444, -531, -48, -566, 
-68, -68, 0, 68, -34, -34, -117, -312, -434, -531, -48, -556, 
-68, -68, 0, 68, -34, -34, -117, -312, -434, -531, -43, -551, 
-68, -68, 0, 68, -34, -34, -112, -312, -434, -527, -48, -551, 
-68, -68, 0, 68, -34, -34, -112, -312, -434, -522, -53, -556, 
-73, -68, 4, 70, -39, -31, -117, -317, -439, -522, -43, -546, 
-63, -68, -4, 65, -29, -36, -117, -317, -439, -522, -48, -546, 
-63, -68, -4, 65, -29, -36, -117, -317, -439, -522, -48, -551, 
-68, -63, 4, 65, -36, -29, -122, -317, -444, -522, -48, -556, 
-68, -48, 19, 58, -43, -14, -112, -317, -448, -531, -48, -546, 
-68, -48, 19, 58, -43, -14, -112, -317, -448, -531, -48, -546, 
-68, -48, 19, 58, -43, -14, -112, -317, -448, -531, -48, -546, 
-68, -53, 14, 61, -41, -19, -117, -317, -453, -531, -48, -546, 
-68, -53, 14, 61, -41, -19, -117, -317, -453, -522, -39, -536, 
-68, -53, 14, 61, -41, -19, -117, -317, -453, -522, -39, -527, 
-73, -53, 19, 63, -46, -17, -117, -317, -453, -517, -34, -522, 
-73, -53, 19, 63, -46, -17, -112, -317, -448, -517, -24, -502, 
-82, -53, 29, 68, -56, -12, -112, -317, -444, -502, 0, -448, 
-87, -53, 34, 70, -61, -9, -117, -317, -439, -497, 24, -395, 
-92, -53, 39, 73, -65, -7, -117, -322, -434, -497, 48, -366, 
-97, -58, 39, 78, -68, -9, -117, -322, -429, -492, 73, -346, 
-87, -58, 29, 73, -58, -14, -126, -326, -444, -507, 24, -409, 
-82, -58, 24, 70, -53, -17, -126, -331, -453, -522, -29, -527, 
-73, -58, 14, 65, -43, -21, -126, -336, -463, -536, -78, -600, 
-63, -58, 4, 61, -34, -26, -126, -336, -473, -551, -126, -649, 
-68, -68, 0, 68, -34, -34, -122, -336, -478, -561, -122, -619, 
-73, -63, 9, 68, -41, -26, -122, -341, -483, -570, -117, -605, 
-78, -63, 14, 70, -46, -24, -126, -341, -492, -585, -117, -585, 
-82, -68, 14, 75, -48, -26, -126, -341, -497, -605, -112, -566, 
-92, -73, 19, 82, -56, -26, -126, -346, -512, -605, -107, -570, 
-92, -73, 19, 82, -56, -26, -126, -346, -512, -600, -107, -575, 
-92, -73, 19, 82, -56, -26, -126, -341, -512, -595, -102, -580, 
-97, -73, 24, 85, -61, -24, -126, -341, -512, -595, -97, -585, 
-117, -73, 43, 95, -80, -14, -122, -331, -502, -580, -87, -570, 
-122, -73, 48, 97, -85, -12, -117, -331, -492, -570, -82, -561, 
-131, -73, 58, 102, -95, -7, -117, -331, -488, -556, -73, -551, 
-136, -73, 63, 104, -100, -4, -112, -336, -478, -541, -63, -541, 
-122, -68, 53, 95, -87, -7, -126, -351, -488, -556, -78, -546, 
-107, -68, 39, 87, -73, -14, -131, -351, -492, -561, -82, -551, 
-92, -63, 29, 78, -61, -17, -136, -356, -497, -566, -92, -561, 
-73, -63, 9, 68, -41, -26, -141, -361, -502, -570, -97, -566, 
-73, -53, 19, 63, -46, -17, -131, -361, -502, -580, -87, -551, 
-73, -53, 19, 63, -46, -17, -131, -361, -502, -585, -87, -551, 
-78, -53, 24, 65, -51, -14, -131, -361, -502, -585, -87, -551, 
-78, -53, 24, 65, -51, -14, -131, -361, -502, -585, -87, -551, 
-82, -53, 29, 68, -56, -12, -131, -361, -502, -580, -92, -561, 
-87, -53, 34, 70, -61, -9, -131, -361, -502, -580, -87, -561, 
-92, -53, 39, 73, -65, -7, -126, -361, -497, -580, -78, -561, 
-97, -48, 48, 73, -73, 0, -126, -356, -497, -575, -78, -551, 
-87, -58, 29, 73, -58, -14, -126, -366, -502, -580, -73, -536, 
-82, -48, 34, 65, -58, -7, -122, -366, -502, -575, -73, -536, 
-82, -43, 39, 63, -61, -2, -122, -366, -502, -570, -73, -536, 
-87, -43, 43, 65, -65, 0, -122, -366, -502, -566, -73, -536, 
-68, -34, 34, 51, -51, 0, -122, -366, -507, -575, -82, -546, 
-68, -29, 39, 48, -53, 4, -122, -366, -507, -575, -73, -536, 
-73, -29, 43, 51, -58, 7, -122, -366, -517, -585, -63, -536, 
-73, -34, 39, 53, -56, 2, -122, -366, -517, -600, -82, -541, 
-68, -29, 39, 48, -53, 4, -126, -370, -517, -595, -97, -556, 
-78, -34, 43, 56, -61, 4, -126, -370, -507, -585, -107, -556, 
-87, -39, 48, 63, -68, 4, -126, -370, -507, -585, -107, -556, 
-97, -43, 53, 70, -75, 4, -126, -370, -507, -585, -107, -556, 
-107, -48, 58, 78, -82, 4, -126, -370, -507, -585, -107, -556, 
-117, -53, 63, 85, -90, 4, -126, -375, -507, -575, -102, -556, 
-117, -53, 63, 85, -90, 4, -126, -375, -507, -575, -97, -556, 
-117, -58, 58, 87, -87, 0, -126, -375, -507, -575, -92, -551, 
-112, -63, 48, 87, -80, -7, -126, -375, -507, -570, -87, -546, 
-102, -53, 48, 78, -75, -2, -117, -375, -497, -561, -78, -536, 
-102, -58, 43, 80, -73, -7, -117, -375, -497, -561, -73, -531, 
-102, -58, 43, 80, -73, -7, -117, -375, -497, -561, -68, -527, 
-102, -58, 43, 80, -73, -7, -117, -375, -497, -566, -68, -522, 
-102, -58, 43, 80, -73, -7, -117, -375, -488, -561, -63, -507, 
-107, -58, 48, 82, -78, -4, -117, -375, -483, -556, -58, -502, 
-107, -63, 43, 85, -75, -9, -112, -375, -483, -551, -53, -497, 
-107, -63, 43, 85, -75, -9, -112, -375, -483, -546, -48, -492, 
-102, -63, 39, 82, -70, -12, -112, -385, -488, -561, -53, -502, 
-102, -58, 43, 80, -73, -7, -112, -385, -492, -566, -58, -517, 
-107, -58, 48, 82, -78, -4, -112, -380, -488, -566, -63, -527, 
-107, -53, 53, 80, -80, 0, -112, -380, -492, -570, -68, -541, 
-117, -58, 58, 87, -87, 0, -112, -390, -502, -561, -78, -546, 
-117, -48, 68, 82, -92, 9, -107, -385, -492, -556, -73, -546, 
-117, -34, 82, 75, -100, 24, -102, -380, -483, -556, -68, -541, 
-117, -19, 97, 68, -107, 39, -97, -375, -483, -556, -68, -531, 
-117, -4, 112, 61, -114, 53, -97, -375, -473, -536, -53, -512, 
-117, 4, 122, 56, -119, 63, -97, -370, -463, -527, -39, -502, 
-112, 19, 131, 46, -122, 75, -97, -370, -453, -517, -29, -497, 
-112, 34, 146, 39, -129, 90, -92, -366, -444, -512, -19, -492, 
-97, 53, 151, 21, -124, 102, -87, -356, -434, -497, -4, -488, 
-87, 63, 151, 12, -119, 107, -78, -346, -424, -488, -4, -483, 
-82, 78, 161, 2, -122, 119, -73, -346, -419, -483, 0, -478, 
-78, 87, 165, -4, -122, 126, -73, -346, -414, -478, 0, -473, 
-87, 78, 165, 4, -126, 122, -82, -356, -429, -483, -9, -473, 
-87, 73, 161, 7, -124, 117, -82, -356, -429, -483, -9, -473, 
-87, 68, 156, 9, -122, 112, -82, -356, -434, -483, -9, -473, 
-87, 68, 156, 9, -122, 112, -87, -356, -439, -488, -4, -468, 
-102, 63, 165, 19, -134, 114, -78, -370, -424, -478, 9, -439, 
-112, 58, 170, 26, -141, 114, -87, -370, -424, -468, 24, -419, 
-126, 63, 190, 31, -158, 126, -92, -380, -419, -458, 43, -395, 
-141, 63, 204, 39, -173, 134, -102, -395, -419, -448, 63, -375, 
-170, 73, 244, 48, -207, 158, -97, -390, -405, -429, 82, -351, 
-185, 82, 268, 51, -226, 175, -97, -400, -400, -419, 97, -331, 
-200, 87, 287, 56, -244, 187, -97, -409, -400, -409, 112, -312, 
-214, 97, 312, 58, -263, 204, -102, -419, -395, -400, 136, -287, 
-180, 107, 287, 36, -234, 197, -117, -434, -419, -439, 82, -351, 
-146, 107, 253, 19, -200, 180, -126, -444, -439, -468, 43, -409, 
-112, 112, 224, 0, -168, 168, -136, -448, -458, -492, 0, -468, 
-68, 117, 185, -24, -126, 151, -151, -458, -478, -517, -48, -527, 
-53, 102, 156, -24, -104, 129, -141, -448, -483, -527, -39, -512, 
-48, 92, 141, -21, -95, 117, -141, -444, -483, -522, -39, -507, 
-43, 87, 131, -21, -87, 109, -136, -439, -473, -517, -39, -502, 
-43, 82, 126, -19, -85, 104, -136, -434, -473, -517, -29, -492, 
-43, 102, 146, -29, -95, 124, -131, -429, -458, -497, -4, -468, 
-34, 112, 146, -39, -90, 129, -131, -424, -448, -483, 4, -453, 
-43, 122, 165, -39, -104, 143, -131, -419, -439, -473, 14, -444, 
-43, 126, 170, -41, -107, 148, -131, -414, -429, -468, 24, -439, 
-48, 136, 185, -43, -117, 161, -117, -405, -419, -458, 34, -434, 
-58, 126, 185, -34, -122, 156, -112, -405, -419, -444, 34, -434, 
-63, 117, 180, -26, -122, 148, -97, -405, -419, -439, 34, -434, 
-78, 102, 180, -12, -129, 141, -92, -405, -424, -439, 29, -439, 
-117, 107, 224, 4, -170, 165, -68, -385, -405, -429, 58, -409, 
-146, 97, 244, 24, -195, 170, -48, -370, -400, -409, 87, -385, 
-180, 97, 278, 41, -229, 187, -34, -361, -385, -390, 117, -346, 
-204, 92, 297, 56, -251, 195, -14, -346, -370, -375, 146, -312, 
-180, 53, 234, 63, -207, 143, -43, -380, -414, -419, 87, -356, 
-156, 24, 180, 65, -168, 102, -63, -405, -444, -458, 43, -400, 
-136, -9, 126, 73, -131, 58, -82, -429, -473, -502, 4, -434, 
-112, -48, 63, 80, -87, 7, -102, -453, -512, -541, -39, -468, 
-107, -87, 19, 97, -63, -34, -122, -468, -536, -580, -78, -507, 
-102, -112, -9, 107, -46, -61, -126, -483, -556, -610, -107, -536, 
-97, -141, -43, 119, -26, -92, -136, -497, -580, -644, -136, -566, 
-92, -161, -68, 126, -12, -114, -146, -512, -605, -673, -165, -595, 
-107, -151, -43, 129, -31, -97, -141, -502, -595, -663, -156, -610, 
-112, -156, -43, 134, -34, -100, -136, -497, -585, -649, -161, -614, 
-117, -156, -39, 136, -39, -97, -131, -492, -575, -639, -161, -619, 
-122, -161, -39, 141, -41, -100, -126, -488, -566, -629, -161, -629, 
-141, -156, -14, 148, -63, -85, -122, -478, -561, -619, -141, -605, 
-161, -151, 9, 156, -85, -70, -117, -478, -556, -610, -131, -590, 
-175, -151, 24, 163, -100, -63, -112, -478, -551, -600, -122, -580, 
-190, -146, 43, 168, -117, -51, -107, -478, -546, -590, -112, -566, 
-190, -151, 39, 170, -114, -56, -117, -488, -551, -595, -112, -575, 
-190, -151, 39, 170, -114, -56, -117, -488, -551, -595, -112, -570, 
-190, -151, 39, 170, -114, -56, -112, -488, -551, -600, -112, -566, 
-190, -151, 39, 170, -114, -56, -112, -483, -551, -605, -112, -566, 
-190, -151, 39, 170, -114, -56, -112, -492, -541, -585, -92, -546, 
-180, -141, 39, 161, -109, -51, -102, -483, -522, -575, -92, -536, 
-180, -131, 48, 156, -114, -41, -82, -473, -517, -556, -87, -531, 
-180, -141, 39, 161, -109, -51, -68, -439, -502, -561, -97, -546, 
-165, -175, -9, 170, -78, -92, -43, -385, -483, -561, -122, -575, 
-151, -195, -43, 173, -53, -119, -9, -302, -448, -570, -161, -614, 
-141, -219, -78, 180, -31, -148, 34, -219, -405, -580, -195, -663, 
-136, -209, -73, 173, -31, -141, 73, -141, -356, -580, -214, -683, 
-126, -170, -43, 148, -41, -107, 107, -97, -297, -561, -204, -683, 
-112, -107, 4, 109, -58, -51, 126, -43, -204, -507, -161, -653, 
-102, -39, 63, 70, -82, 12, 136, 9, -78, -414, -97, -585, 
-112, 48, 161, 31, -136, 104, 126, 43, 58, -283, 9, -468, 
-117, 209, 326, -46, -222, 268, 107, 48, 219, -87, 185, -297, 
-112, 458, 570, -173, -341, 514, 87, 73, 473, 190, 409, -107, 
-82, 771, 854, -344, -468, 812, 87, 92, 766, 517, 644, 68, 
-34, 1098, 1132, -531, -583, 1115, 34, 19, 971, 834, 888, 283, 
-14, 1346, 1361, -666, -688, 1354, -87, -248, 932, 1019, 1122, 497, 
-29, 1595, 1625, -783, -827, 1610, -292, -717, 683, 1112, 1395, 741, 
-63, 1878, 1942, -907, -1002, 1910, -531, -1234, 483, 1205, 1678, 1058, 
-117, 1971, 2088, -927, -1102, 2030, -619, -1503, 444, 1263, 1781, 1200, 
-156, 1576, 1732, -710, -944, 1654, -473, -1381, 492, 1083, 1429, 858, 
-136, 985, 1122, -424, -629, 1054, -307, -1185, 370, 697, 888, 341, 
-161, 697, 858, -268, -509, 778, -297, -1210, -19, 287, 610, 141, 
-307, 551, 858, -122, -583, 705, -317, -1273, -585, -141, 497, 112, 
-522, 336, 858, 92, -690, 597, -248, -1234, -1132, -614, 336, 73, 
-746, 156, 902, 295, -824, 529, -165, -1117, -1356, -824, 292, 92, 
-854, 43, 897, 405, -875, 470, -97, -990, -1234, -746, 312, 102, 
-775, -131, 644, 453, -710, 256, -82, -902, -1180, -746, 185, -53, 
-527, -278, 248, 402, -387, -14, -136, -912, -1263, -897, -29, -302, 
-209, -322, -112, 265, -48, -217, -219, -932, -1312, -1029, -239, -556, 
29, -341, -370, 156, 200, -356, -234, -888, -1268, -1098, -395, -732, 
122, -326, -448, 102, 285, -387, -190, -790, -1176, -1088, -419, -800, 
161, -287, -448, 63, 305, -368, -175, -697, -1078, -1010, -400, -824, 
278, -190, -468, -43, 373, -329, -204, -668, -995, -936, -385, -834, 
375, -92, -468, -141, 422, -280, -214, -653, -936, -888, -346, -771, 
366, -34, -400, -165, 383, -217, -185, -610, -858, -819, -278, -692, 
292, -19, -312, -136, 302, -165, -156, -566, -775, -756, -234, -653, 
258, -19, -278, -119, 268, -148, -136, -541, -722, -732, -209, -639, 
224, -34, -258, -95, 241, -146, -122, -527, -692, -722, -200, -629, 
175, -53, -229, -61, 202, -141, -107, -517, -658, -707, -190, -639, 
112, -82, -195, -14, 153, -139, -87, -507, -624, -692, -170, -653, 
43, -107, -151, 31, 97, -129, -73, -497, -595, -668, -151, -624, 
-14, -122, -107, 68, 46, -114, -78, -492, -561, -644, -131, -590, 
-43, -122, -78, 82, 17, -100, -82, -502, -551, -639, -131, -595, 
-53, -122, -68, 87, 7, -95, -82, -502, -536, -624, -126, -595, 
-73, -126, -53, 100, -9, -90, -87, -492, -531, -614, -131, -595, 
-92, -136, -43, 114, -24, -90, -87, -478, -527, -605, -136, -595, 
-112, -151, -39, 131, -36, -95, -92, -488, -527, -610, -146, -585, 
-131, -165, -34, 148, -48, -100, -87, -492, -531, -614, -146, -585, 
-146, -180, -34, 163, -56, -107, -82, -497, -536, -619, -146, -590, 
-165, -195, -29, 180, -68, -112, -82, -507, -541, -624, -146, -590, 
-170, -190, -19, 180, -75, -104, -68, -502, -531, -614, -126, -570, 
-170, -185, -14, 178, -78, -100, -63, -497, -512, -610, -117, -561, 
-175, -170, 4, 173, -90, -82, -58, -488, -497, -595, -107, -551, 
-185, -161, 24, 173, -104, -68, -48, -483, -478, -585, -87, -536, 
-185, -151, 34, 168, -109, -58, -39, -473, -468, -570, -82, -531, 
-175, -141, 34, 158, -104, -53, -39, -468, -468, -566, -73, -527, 
-161, -131, 29, 146, -95, -51, -39, -468, -463, -566, -68, -507, 
-146, -122, 24, 134, -85, -48, -34, -468, -463, -561, -63, -502, 
-122, -112, 9, 117, -65, -51, -34, -458, -444, -551, -53, -492, 
-112, -97, 14, 104, -63, -41, -34, -458, -444, -546, -48, -488, 
-102, -87, 14, 95, -58, -36, -29, -458, -439, -541, -48, -488, 
-97, -78, 19, 87, -58, -29, -29, -453, -434, -541, -48, -488, 
-107, -63, 43, 85, -75, -9, -19, -444, -424, -531, -39, -478, 
-107, -58, 48, 82, -78, -4, -19, -444, -419, -527, -34, -468, 
-102, -53, 48, 78, -75, -2, -19, -444, -409, -527, -29, -458, 
-102, -48, 53, 75, -78, 2, -19, -439, -400, -522, -14, -453, 
-102, -39, 63, 70, -82, 12, -19, -439, -390, -512, 4, -434, 
-102, -39, 63, 70, -82, 12, -19, -439, -385, -502, 14, -424, 
-102, -39, 63, 70, -82, 12, -19, -429, -385, -488, 14, -414, 
-102, -39, 63, 70, -82, 12, -19, -424, -380, -478, 24, -400, 
-97, -39, 58, 68, -78, 9, -19, -424, -375, -483, 14, -414, 
-87, -34, 53, 61, -70, 9, -19, -424, -375, -483, 9, -414, 
-82, -19, 63, 51, -73, 21, -19, -424, -370, -488, 4, -414, 
-73, -19, 53, 46, -63, 17, -19, -414, -366, -488, 4, -414, 
-82, -24, 58, 53, -70, 17, -4, -414, -361, -483, 4, -419, 
-82, -19, 63, 51, -73, 21, -4, -409, -356, -478, 0, -419, 
-78, -19, 58, 48, -68, 19, -4, -405, -351, -478, -9, -419, 
-78, -19, 58, 48, -68, 19, -4, -400, -346, -473, -14, -419, 
-87, -14, 73, 51, -80, 29, -4, -405, -336, -468, -4, -429, 
-87, -14, 73, 51, -80, 29, -4, -400, -331, -463, -4, -429, 
-87, -14, 73, 51, -80, 29, -4, -400, -322, -458, -9, -424, 
-92, -9, 82, 51, -87, 36, -4, -395, -307, -453, -9, -424, 
-82, -4, 78, 43, -80, 36, -4, -390, -302, -448, 0, -434, 
-82, 0, 82, 41, -82, 41, -4, -390, -297, -444, 9, -434, 
-82, 4, 87, 39, -85, 46, 0, -385, -292, -434, 9, -434, 
-82, 4, 87, 39, -85, 46, 0, -380, -283, -424, 9, -439, 
-78, 9, 87, 34, -82, 48, 0, -366, -273, -419, 9, -429, 
-78, 14, 92, 31, -85, 53, 0, -361, -263, -414, 9, -424, 
-78, 19, 97, 29, -87, 58, 0, -351, -258, -409, 4, -424, 
-73, 24, 97, 24, -85, 61, 0, -331, -248, -405, 0, -424, 
-78, 29, 107, 24, -92, 68, 4, -326, -224, -385, 14, -405, 
-87, 29, 117, 29, -102, 73, 9, -317, -204, -375, 29, -400, 
-82, 48, 131, 17, -107, 90, 14, -312, -195, -366, 43, -390, 
-87, 58, 146, 14, -117, 102, 14, -307, -175, -351, 68, -385, 
-78, 63, 141, 7, -109, 102, 14, -302, -165, -336, 63, -370, 
-78, 63, 141, 7, -109, 102, 14, -292, -146, -326, 68, -361, 
-78, 68, 146, 4, -112, 107, 14, -283, -131, -317, 73, -356, 
-78, 73, 151, 2, -114, 112, 19, -278, -117, -307, 78, -351, 
-68, 82, 151, -7, -109, 117, 24, -258, -92, -283, 87, -341, 
-73, 92, 165, -9, -119, 129, 24, -248, -73, -273, 102, -336, 
-73, 97, 170, -12, -122, 134, 24, -234, -53, -258, 112, -326, 
-63, 107, 170, -21, -117, 139, 24, -224, -34, -244, 122, -322, 
-68, 126, 195, -29, -131, 161, 29, -219, 0, -214, 141, -307, 
-73, 136, 209, -31, -141, 173, 34, -204, 19, -195, 161, -287, 
-78, 146, 224, -34, -151, 185, 34, -200, 39, -175, 180, -273, 
-82, 165, 248, -41, -165, 207, 39, -180, 58, -156, 195, -248, 
-141, 175, 317, -17, -229, 246, 58, -151, 102, -107, 224, -214, 
-204, 190, 395, 7, -300, 292, 78, -117, 141, -63, 258, -190, 
-263, 200, 463, 31, -363, 331, 97, -97, 185, -24, 292, -161, 
-322, 204, 527, 58, -424, 366, 112, -73, 224, 14, 326, -131, 
-248, 229, 478, 9, -363, 353, 92, -92, 224, 9, 331, -107, 
-175, 248, 424, -36, -300, 336, 68, -102, 219, 14, 336, -87, 
-102, 278, 380, -87, -241, 329, 43, -107, 219, 19, 336, -78, 
-29, 307, 336, -139, -183, 322, 24, -112, 219, 29, 341, -58, 
-14, 341, 356, -163, -185, 348, 19, -102, 239, 53, 361, -34, 
0, 361, 361, -180, -180, 361, 24, -92, 248, 58, 380, -19, 
14, 385, 370, -200, -178, 378, 24, -82, 253, 73, 400, 0, 
29, 409, 380, -219, -175, 395, 24, -73, 263, 87, 409, 9, 
82, 405, 322, -244, -119, 363, -9, -97, 234, 68, 380, -24, 
136, 405, 268, -270, -65, 336, -34, -112, 209, 39, 356, -63, 
190, 400, 209, -295, -9, 305, -58, -131, 185, 19, 326, -97, 
248, 390, 141, -319, 53, 265, -82, -146, 165, -9, 307, -131, 
214, 366, 151, -290, 31, 258, -97, -161, 156, -14, 287, -141, 
175, 356, 180, -265, -2, 268, -97, -165, 146, -19, 287, -146, 
131, 341, 209, -236, -39, 275, -102, -165, 131, -19, 278, -151, 
92, 322, 229, -207, -68, 275, -107, -170, 122, -19, 278, -156, 
63, 302, 239, -183, -87, 270, -102, -185, 117, -9, 283, -146, 
43, 302, 258, -173, -107, 280, -102, -185, 112, -9, 297, -141, 
19, 297, 278, -158, -129, 287, -107, -204, 102, -9, 302, -131, 
0, 287, 287, -143, -143, 287, -112, -214, 87, -14, 307, -131, 
-14, 297, 312, -141, -163, 305, -107, -209, 82, -9, 322, -122, 
-34, 297, 331, -131, -183, 314, -97, -219, 73, -14, 331, -112, 
-53, 297, 351, -122, -202, 324, -87, -229, 58, -29, 331, -102, 
-68, 292, 361, -112, -214, 326, -73, -234, 43, -43, 336, -107, 
-78, 297, 375, -109, -226, 336, -73, -234, 19, -48, 346, -102, 
-82, 292, 375, -104, -229, 334, -68, -239, 4, -68, 336, -92, 
-92, 283, 375, -95, -234, 329, -63, -253, -9, -82, 326, -92, 
-97, 273, 370, -87, -234, 322, -63, -253, -29, -97, 307, -92, 
-112, 263, 375, -75, -244, 319, -63, -268, -48, -117, 307, -92, 
-117, 248, 366, -65, -241, 307, -58, -278, -68, -126, 292, -97, 
-122, 229, 351, -53, -236, 290, -58, -292, -92, -141, 278, -102, 
-126, 219, 346, -46, -236, 283, -53, -302, -112, -156, 273, -112, 
-131, 219, 351, -43, -241, 285, -39, -307, -131, -165, 268, -117, 
-141, 200, 341, -29, -241, 270, -39, -312, -156, -190, 258, -126, 
-151, 190, 341, -19, -246, 265, -34, -322, -175, -209, 244, -141, 
-165, 175, 341, -4, -253, 258, -24, -326, -195, -234, 229, -151, 
-170, 161, 331, 4, -251, 246, -24, -336, -219, -258, 214, -161, 
-175, 146, 322, 14, -248, 234, -19, -351, -244, -268, 200, -170, 
-175, 131, 307, 21, -241, 219, -19, -361, -258, -283, 185, -180, 
-175, 107, 283, 34, -229, 195, -19, -370, -273, -297, 170, -185, 
-180, 102, 283, 39, -231, 192, -24, -370, -278, -302, 161, -190, 
-180, 97, 278, 41, -229, 187, -24, -375, -292, -312, 161, -190, 
-180, 97, 278, 41, -229, 187, -24, -380, -302, -326, 161, -190, 
-185, 97, 283, 43, -234, 190, -19, -380, -317, -341, 161, -195, 
-195, 87, 283, 53, -239, 185, -14, -375, -326, -341, 156, -185, 
-200, 78, 278, 61, -239, 178, -14, -380, -336, -351, 156, -180, 
-200, 73, 273, 63, -236, 173, -9, -390, -351, -361, 151, -180, 
-200, 68, 268, 65, -234, 168, -4, -400, -361, -361, 151, -180, 
-219, 68, 287, 75, -253, 178, 0, -395, -356, -351, 151, -161, 
-229, 58, 287, 85, -258, 173, 4, -400, -361, -351, 161, -141, 
-239, 48, 287, 95, -263, 168, 9, -400, -366, -351, 170, -136, 
-248, 48, 297, 100, -273, 173, 14, -395, -366, -351, 170, -122, 
-214, 53, 268, 80, -241, 161, 9, -395, -385, -361, 151, -141, 
-195, 58, 253, 68, -224, 156, 0, -400, -395, -366, 151, -151, 
-170, 68, 239, 51, -204, 153, -4, -405, -405, -375, 146, -165, 
-146, 73, 219, 36, -183, 146, -9, -405, -419, -385, 141, -175, 
-112, 82, 195, 14, -153, 139, -9, -405, -419, -390, 126, -180, 
-92, 87, 180, 2, -136, 134, -9, -405, -424, -390, 122, -185, 
-73, 97, 170, -12, -122, 134, -9, -405, -424, -390, 122, -195, 
-39, 102, 141, -31, -90, 122, -9, -400, -424, -395, 122, -200, 
-58, 92, 151, -17, -104, 122, -9, -390, -419, -390, 141, -180, 
-68, 92, 161, -12, -114, 126, -9, -390, -419, -385, 146, -161, 
-73, 92, 165, -9, -119, 129, -9, -395, -424, -380, 151, -141, 
-82, 97, 180, -7, -131, 139, -9, -400, -424, -375, 156, -122, 
-102, 92, 195, 4, -148, 143, -4, -395, -424, -366, 165, -102, 
-122, 87, 209, 17, -165, 148, 4, -395, -424, -366, 165, -102, 
-156, 82, 239, 36, -197, 161, 9, -395, -429, -370, 185, -102, 
-185, 78, 263, 53, -224, 170, 14, -395, -429, -370, 185, -102, 
-219, 78, 297, 70, -258, 187, 24, -390, -409, -356, 180, -107, 
-244, 78, 322, 82, -283, 200, 34, -380, -400, -351, 170, -112, 
-263, 78, 341, 92, -302, 209, 43, -366, -395, -351, 156, -141, 
-273, 78, 351, 97, -312, 214, 53, -356, -385, -346, 156, -146, 
-302, 29, 331, 136, -317, 180, 39, -366, -390, -356, 146, -146, 
-336, 9, 346, 163, -341, 178, 39, -366, -395, -356, 146, -141, 
-366, -4, 361, 185, -363, 178, 39, -366, -400, -356, 146, -136, 
-395, -14, 380, 204, -387, 183, 39, -366, -405, -356, 146, -136, 
-366, -39, 326, 202, -346, 143, 14, -390, -419, -370, 126, -146, 
-346, -53, 292, 200, -319, 119, 0, -400, -434, -385, 117, -156, 
-326, -73, 253, 200, -290, 90, -14, -409, -448, -400, 107, -170, 
-307, -87, 219, 197, -263, 65, -29, -419, -463, -414, 102, -185, 
-248, -58, 190, 153, -219, 65, -34, -419, -468, -429, 87, -204, 
-195, -39, 156, 117, -175, 58, -43, -419, -473, -434, 73, -219, 
-141, -24, 117, 82, -129, 46, -48, -419, -478, -439, 58, -239, 
-87, 0, 87, 43, -87, 43, -53, -419, -483, -444, 43, -258, 
-63, 39, 102, 12, -82, 70, -39, -395, -463, -419, 68, -239, 
-43, 63, 107, -9, -75, 85, -34, -385, -448, -409, 82, -224, 
-24, 82, 107, -29, -65, 95, -24, -375, -434, -400, 97, -204, 
-4, 102, 107, -48, -56, 104, -19, -361, -419, -390, 112, -190, 
-24, 87, 112, -31, -68, 100, -19, -361, -419, -385, 122, -161, 
-48, 82, 131, -17, -90, 107, -14, -361, -414, -380, 131, -141, 
-68, 82, 151, -7, -109, 117, -14, -361, -414, -375, 141, -122, 
-87, 78, 165, 4, -126, 122, -14, -361, -414, -370, 151, -102, 
-107, 78, 185, 14, -146, 131, -9, -356, -400, -351, 156, -102, 
-122, 78, 200, 21, -161, 139, -4, -351, -395, -346, 161, -102, 
-136, 78, 214, 29, -175, 146, 0, -341, -390, -341, 165, -102, 
-156, 78, 234, 39, -195, 156, 4, -336, -385, -336, 170, -97, 
-156, 68, 224, 43, -190, 146, -4, -346, -385, -346, 170, -97, 
-156, 68, 224, 43, -190, 146, -4, -351, -385, -346, 170, -97, 
-156, 68, 224, 43, -190, 146, -4, -356, -385, -346, 170, -87, 
-156, 68, 224, 43, -190, 146, 0, -361, -375, -341, 175, -87, 
-185, 78, 263, 53, -224, 170, 9, -356, -361, -322, 200, -58, 
-209, 78, 287, 65, -248, 183, 14, -351, -356, -312, 214, -39, 
-229, 82, 312, 73, -270, 197, 14, -346, -351, -302, 229, -19, 
-253, 87, 341, 82, -297, 214, 19, -336, -346, -292, 244, 0, 
-268, 87, 356, 90, -312, 222, 29, -326, -341, -283, 253, 14, 
-273, 87, 361, 92, -317, 224, 29, -326, -341, -283, 258, 29, 
-278, 87, 366, 95, -322, 226, 24, -326, -336, -283, 263, 43, 
-283, 87, 370, 97, -326, 229, 24, -326, -331, -287, 268, 53, 
-263, 73, 336, 95, -300, 204, 14, -341, -356, -312, 244, 24, 
-244, 78, 322, 82, -283, 200, 4, -351, -370, -322, 224, 4, 
-224, 73, 297, 75, -261, 185, -4, -356, -385, -336, 200, -14, 
-204, 68, 273, 68, -239, 170, -19, -361, -400, -351, 175, -34, 
-170, 53, 224, 58, -197, 139, -39, -375, -409, -366, 165, -48, 
-146, 53, 200, 46, -173, 126, -48, -380, -424, -370, 165, -48, 
-122, 53, 175, 34, -148, 114, -58, -385, -434, -375, 161, -53, 
-97, 58, 156, 19, -126, 107, -68, -390, -444, -375, 156, -58, 
-151, 78, 229, 36, -190, 153, -34, -356, -400, -336, 204, -14, 
-204, 87, 292, 58, -248, 190, -9, -331, -375, -307, 248, 34, 
-258, 97, 356, 80, -307, 226, 19, -307, -351, -273, 283, 78, 
-312, 107, 419, 102, -366, 263, 43, -283, -326, -239, 317, 117, 
-204, 126, 331, 39, -268, 229, 14, -307, -366, -278, 268, 53, 
-82, 136, 219, -26, -151, 178, -9, -317, -390, -307, 224, 0, 
29, 146, 117, -87, -43, 131, -34, -326, -414, -336, 185, -58, 
136, 161, 24, -148, 56, 92, -63, -336, -444, -366, 146, -117, 
136, 156, 19, -146, 58, 87, -78, -331, -439, -375, 136, -107, 
136, 156, 19, -146, 58, 87, -82, -326, -439, -375, 136, -97, 
136, 156, 19, -146, 58, 87, -87, -322, -439, -375, 136, -87, 
136, 151, 14, -143, 61, 82, -97, -317, -444, -375, 136, -78, 
82, 126, 43, -104, 19, 85, -97, -322, -444, -366, 146, -53, 
39, 102, 63, -70, -12, 82, -97, -326, -444, -366, 156, -29, 
-9, 78, 87, -34, -48, 82, -97, -331, -444, -361, 170, -9, 
-53, 53, 107, 0, -80, 80, -92, -336, -439, -361, 190, 24, 
-92, 43, 136, 24, -114, 90, -78, -326, -429, -356, 200, 48, 
-117, 43, 161, 36, -139, 102, -78, -326, -429, -351, 209, 82, 
-141, 43, 185, 48, -163, 114, -73, -331, -429, -351, 219, 92, 
-165, 39, 204, 63, -185, 122, -68, -331, -429, -346, 229, 92, 
-180, 58, 239, 61, -209, 148, -58, -322, -414, -331, 248, 136, 
-200, 68, 268, 65, -234, 168, -48, -312, -405, -317, 263, 117, 
-214, 78, 292, 68, -253, 185, -39, -302, -395, -302, 283, 141, 
-229, 87, 317, 70, -273, 202, -29, -287, -385, -287, 302, 190, 
-214, 102, 317, 56, -265, 209, -19, -283, -370, -283, 297, 170, 
-209, 112, 322, 48, -265, 217, -14, -283, -366, -278, 292, 146, 
-204, 117, 322, 43, -263, 219, -14, -278, -366, -278, 283, 126, 
-200, 117, 317, 41, -258, 217, -9, -273, -361, -283, 278, 107, 
-219, 92, 312, 63, -265, 202, -24, -278, -380, -292, 248, 78, 
-229, 73, 302, 78, -265, 187, -29, -278, -385, -297, 234, 58, 
-239, 53, 292, 92, -265, 173, -34, -273, -390, -302, 224, 39, 
-253, 34, 287, 109, -270, 161, -39, -273, -395, -312, 214, 19, 
-195, 34, 229, 80, -212, 131, -63, -287, -414, -326, 204, 34, 
-131, 34, 165, 48, -148, 100, -87, -302, -434, -346, 190, 34, 
-73, 34, 107, 19, -90, 70, -117, -317, -458, -361, 180, 34, 
-9, 34, 43, -12, -26, 39, -141, -336, -478, -375, 170, 34, 
24, 68, 43, -46, -9, 56, -126, -322, -453, -366, 180, 43, 
58, 97, 39, -78, 9, 68, -122, -302, -444, -356, 190, 43, 
92, 131, 39, -112, 26, 85, -117, -287, -434, -346, 195, 39, 
131, 161, 29, -146, 51, 95, -112, -273, -424, -336, 204, 39, 
102, 112, 9, -107, 46, 61, -122, -273, -444, -356, 195, 43, 
78, 97, 19, -87, 29, 58, -126, -273, -439, -361, 195, 48, 
58, 82, 24, -70, 17, 53, -136, -278, -444, -361, 185, 43, 
39, 68, 29, -53, 4, 48, -136, -283, -448, -361, 185, 39, 
19, 53, 34, -36, -7, 43, -136, -287, -453, -361, 185, 34, 
0, 39, 39, -19, -19, 39, -136, -292, -458, -361, 185, 29, 
-14, 68, 82, -26, -48, 75, -122, -268, -448, -341, 214, 82, 
-29, 92, 122, -31, -75, 107, -107, -258, -429, -322, 244, 136, 
-43, 112, 156, -34, -100, 134, -92, -248, -409, -302, 273, 195, 
-53, 131, 185, -39, -119, 158, -78, -239, -390, -278, 302, 253, 
-58, 141, 200, -41, -129, 170, -68, -224, -385, -268, 317, 253, 
-63, 136, 200, -36, -131, 168, -68, -219, -380, -268, 317, 248, 
-68, 136, 204, -34, -136, 170, -68, -214, -375, -268, 317, 244, 
-73, 136, 209, -31, -141, 173, -68, -209, -370, -273, 312, 239, 
-82, 117, 200, -17, -141, 158, -92, -229, -390, -283, 283, 195, 
-87, 97, 185, -4, -136, 141, -107, -239, -395, -292, 263, 161, 
-87, 73, 161, 7, -124, 117, -117, -248, -405, -302, 244, 126, 
-87, 53, 141, 17, -114, 97, -131, -258, -414, -312, 224, 92, 
-92, 63, 156, 14, -124, 109, -117, -244, -409, -297, 244, 122, 
-92, 78, 170, 7, -131, 124, -102, -239, -405, -292, 253, 136, 
-97, 87, 185, 4, -141, 136, -87, -229, -390, -283, 263, 156, 
-97, 102, 200, -2, -148, 151, -73, -224, -385, -278, 273, 170, 
-34, 141, 175, -53, -104, 158, -73, -209, -380, -253, 287, 185, 
19, 185, 165, -102, -73, 175, -68, -200, -366, -244, 307, 195, 
73, 234, 161, -153, -43, 197, -63, -190, -351, -239, 326, 209, 
126, 283, 156, -204, -14, 219, -58, -180, -346, -234, 341, 229, 
68, 273, 204, -170, -68, 239, -48, -180, -326, -214, 356, 263, 
19, 258, 239, -139, -109, 248, -48, -175, -317, -204, 361, 278, 
-24, 248, 273, -112, -148, 261, -48, -175, -307, -195, 361, 287, 
-73, 239, 312, -82, -192, 275, -43, -170, -297, -190, 361, 297, 
-53, 253, 307, -100, -180, 280, -39, -161, -292, -180, 370, 307, 
-39, 258, 297, -109, -168, 278, -29, -151, -287, -175, 375, 307, 
-29, 268, 297, -119, -163, 283, -24, -151, -287, -175, 385, 307, 
-19, 273, 292, -126, -156, 283, -24, -151, -287, -175, 390, 307, 
-48, 224, 273, -87, -161, 248, -53, -170, -317, -195, 370, 297, 
-68, 180, 248, -56, -158, 214, -73, -190, -331, -209, 351, 287, 
-87, 136, 224, -24, -156, 180, -92, -209, -351, -224, 331, 278, 
-107, 97, 204, 4, -156, 151, -117, -229, -370, -244, 317, 273, 
-87, 78, 165, 4, -126, 122, -146, -244, -385, -268, 312, 287, 
-63, 68, 131, -2, -97, 100, -175, -253, -405, -283, 307, 302, 
-43, 68, 112, -12, -78, 90, -200, -273, -419, -297, 307, 322, 
-24, 63, 87, -19, -56, 75, -229, -297, -439, -312, 307, 336, 
-9, 82, 92, -36, -51, 87, -229, -292, -439, -302, 302, 326, 
0, 92, 92, -46, -46, 92, -234, -302, -439, -302, 292, 312, 
9, 97, 87, -53, -39, 92, -239, -312, -444, -302, 283, 297, 
19, 107, 87, -63, -34, 97, -248, -322, -444, -302, 283, 287, 
0, 136, 136, -68, -68, 136, -224, -297, -419, -273, 302, 312, 
-19, 156, 175, -68, -97, 165, -204, -278, -400, -253, 326, 322, 
-39, 180, 219, -70, -129, 200, -185, -253, -380, -229, 346, 331, 
-48, 204, 253, -78, -151, 229, -170, -234, -361, -204, 361, 341, 
-68, 204, 273, -68, -170, 239, -165, -209, -346, -190, 370, 336, 
-78, 200, 278, -61, -178, 239, -161, -200, -336, -180, 380, 331, 
-87, 200, 287, -56, -187, 244, -151, -190, -317, -170, 390, 326, 
-102, 200, 302, -48, -202, 251, -146, -180, -307, -165, 409, 326, 
-68, 200, 268, -65, -168, 234, -161, -195, -322, -175, 400, 341, 
-24, 200, 224, -87, -124, 212, -170, -200, -331, -180, 395, 356, 
0, 200, 200, -100, -100, 200, -180, -204, -341, -190, 390, 366, 
34, 195, 161, -114, -63, 178, -190, -209, -351, -204, 385, 370, 
43, 175, 131, -109, -43, 153, -190, -219, -361, -224, 366, 356, 
48, 156, 107, -102, -29, 131, -190, -219, -370, -229, 346, 336, 
58, 136, 78, -97, -9, 107, -180, -219, -380, -244, 326, 317, 
58, 112, 53, -85, 2, 82, -180, -219, -395, -263, 302, 292, 
34, 92, 58, -63, -12, 75, -175, -214, -400, -273, 302, 287, 
9, 68, 58, -39, -24, 63, -165, -214, -409, -273, 302, 278, 
-19, 53, 73, -17, -46, 63, -161, -219, -409, -273, 302, 283, 
-39, 34, 73, 2, -56, 53, -151, -219, -409, -278, 302, 283, 
-24, 29, 53, -2, -39, 41, -165, -224, -424, -273, 292, 278, 
-9, 34, 43, -12, -26, 39, -170, -229, -424, -273, 287, 273, 
0, 34, 34, -17, -17, 34, -175, -234, -424, -278, 287, 278, 
14, 29, 14, -21, 0, 21, -180, -239, -434, -278, 283, 283, 
34, 39, 4, -36, 14, 21, -165, -229, -424, -278, 283, 287, 
43, 53, 9, -48, 17, 31, -156, -219, -419, -278, 283, 283, 
53, 63, 9, -58, 21, 36, -151, -209, -419, -283, 283, 278, 
63, 82, 19, -73, 21, 51, -146, -200, -419, -283, 283, 273, 
43, 68, 24, -56, 9, 46, -161, -200, -419, -283, 283, 278, 
34, 48, 14, -41, 9, 31, -165, -204, -419, -278, 278, 283, 
24, 34, 9, -29, 7, 21, -170, -209, -419, -278, 278, 287, 
14, 14, 0, -14, 7, 7, -175, -214, -419, -278, 278, 287, 
-24, 4, 29, 9, -26, 17, -161, -214, -409, -268, 287, 302, 
-63, 4, 68, 29, -65, 36, -156, -214, -409, -268, 297, 317, 
-97, 0, 97, 48, -97, 48, -151, -214, -409, -268, 307, 326, 
-131, 0, 131, 65, -131, 65, -146, -214, -409, -268, 317, 341, 
-117, 29, 146, 43, -131, 87, -136, -200, -390, -253, 326, 346, 
-112, 43, 156, 34, -134, 100, -126, -195, -375, -234, 336, 356, 
-107, 58, 165, 24, -136, 112, -112, -190, -361, -219, 346, 366, 
-102, 73, 175, 14, -139, 124, -102, -180, -346, -204, 356, 370, 
-190, 63, 253, 63, -222, 158, -92, -141, -317, -175, 405, 448, 
-131, 63, 195, 34, -163, 129, -122, -151, -336, -195, 385, 439, 
82, 63, -19, -73, 51, 21, -180, -180, -400, -263, 312, 356, 
307, 34, -273, -170, 290, -119, -244, -204, -473, -356, 195, 244, 
341, -48, -390, -146, 366, -219, -248, -170, -483, -405, 122, 156, 
209, -146, -356, -31, 283, -251, -175, -68, -429, -395, 82, 78, 
141, -180, -322, 19, 231, -251, -102, 43, -356, -375, 48, 39, 
165, -131, -297, -17, 231, -214, -43, 131, -287, -346, 48, 39, 
175, -34, -209, -70, 192, -122, 9, 224, -200, -287, 87, 68, 
190, 68, -122, -129, 156, -26, 48, 307, -87, -214, 141, 126, 
219, 156, -63, -187, 141, 46, 48, 370, 9, -122, 224, 214, 
258, 253, -4, -256, 131, 124, 19, 395, 126, 0, 331, 302, 
273, 405, 131, -339, 70, 268, -19, 400, 287, 175, 488, 405, 
268, 624, 356, -446, -43, 490, -58, 424, 531, 424, 702, 595, 
239, 907, 668, -573, -214, 788, -78, 444, 834, 751, 966, 878, 
209, 1176, 966, -692, -378, 1071, -131, 351, 1068, 1078, 1249, 1132, 
190, 1415, 1224, -802, -517, 1320, -253, 63, 1078, 1293, 1503, 1346, 
136, 1673, 1537, -905, -700, 1605, -448, -434, 897, 1424, 1766, 1620, 
43, 1986, 1942, -1015, -949, 1964, -668, -980, 756, 1556, 2078, 1976, 
-29, 2069, 2098, -1019, -1063, 2083, -727, -1229, 766, 1605, 2171, 2098, 
-78, 1673, 1751, -797, -915, 1712, -551, -1068, 795, 1405, 1790, 1717, 
-117, 1122, 1239, -502, -678, 1180, -366, -893, 634, 1019, 1278, 1220, 
-151, 834, 985, -341, -568, 910, -356, -956, 195, 590, 1029, 1000, 
-180, 649, 829, -234, -505, 739, -395, -1039, -409, 112, 819, 854, 
-248, 395, 644, -73, -446, 519, -395, -1010, -976, -390, 551, 668, 
-297, 224, 522, 36, -409, 373, -361, -941, -1239, -649, 400, 570, 
-209, 141, 351, 34, -280, 246, -322, -814, -1156, -619, 331, 483, 
-53, 14, 68, 19, -61, 41, -307, -717, -1102, -619, 224, 356, 
48, -92, -141, 21, 95, -117, -341, -697, -1156, -722, 126, 263, 
92, -165, -258, 36, 175, -212, -375, -658, -1146, -746, 82, 224, 
78, -224, -302, 73, 190, -263, -351, -575, -1044, -707, 73, 195, 
14, -268, -283, 126, 148, -275, -297, -478, -951, -668, 68, 156, 
-53, -297, -244, 175, 95, -270, -283, -414, -883, -610, 87, 131, 
-102, -268, -165, 185, 31, -217, -292, -385, -810, -556, 122, 161, 
-102, -229, -126, 165, 12, -178, -283, -370, -732, -497, 161, 224, 
-82, -200, -117, 141, 17, -158, -263, -356, -673, -458, 161, 244, 
-29, -195, -165, 112, 68, -180, -253, -312, -619, -444, 136, 214, 
24, -175, -200, 75, 112, -187, -253, -268, -566, -419, 131, 200, 
48, -131, -180, 41, 114, -156, -239, -214, -507, -390, 161, 229, 
39, -102, -141, 31, 90, -122, -214, -165, -453, -356, 200, 258, 
24, -73, -97, 24, 61, -85, -204, -146, -419, -331, 219, 263, 
24, -48, -73, 12, 48, -61, -209, -146, -400, -307, 239, 273, 
43, -53, -97, 4, 70, -75, -214, -161, -405, -302, 248, 278, 
39, -53, -92, 7, 65, -73, -209, -175, -400, -302, 248, 283, 
43, -53, -97, 4, 70, -75, -209, -180, -390, -292, 253, 283, 
39, -58, -97, 9, 68, -78, -214, -175, -390, -287, 248, 283, 
34, -68, -102, 17, 68, -85, -214, -165, -390, -283, 244, 283, 
9, -68, -78, 29, 43, -73, -195, -141, -366, -273, 258, 287, 
-14, -68, -53, 41, 19, -61, -185, -122, -346, -263, 263, 292, 
-34, -68, -34, 51, 0, -51, -175, -102, -326, -253, 268, 292, 
-58, -68, -9, 63, -24, -39, -170, -87, -307, -244, 273, 297, 
4, -34, -39, 14, 21, -36, -170, -78, -297, -234, 278, 312, 
63, 0, -63, -31, 63, -31, -170, -78, -287, -229, 283, 317, 
117, 43, -73, -80, 95, -14, -170, -73, -283, -214, 287, 322, 
165, 82, -82, -124, 124, 0, -165, -73, -273, -204, 302, 331, 
170, 102, -68, -136, 119, 17, -165, -68, -253, -200, 312, 341, 
185, 112, -73, -148, 129, 19, -165, -58, -253, -195, 317, 341, 
204, 122, -82, -163, 143, 19, -165, -53, -248, -195, 317, 356, 
224, 131, -92, -178, 158, 19, -161, -48, -248, -190, 317, 356, 
234, 141, -92, -187, 163, 24, -151, -19, -219, -180, 341, 375, 
239, 156, -82, -197, 161, 36, -151, -9, -209, -165, 351, 390, 
244, 165, -78, -204, 161, 43, -146, 0, -195, -151, 356, 400, 
244, 175, -68, -209, 156, 53, -146, 14, -180, -141, 361, 409, 
185, 126, -58, -156, 122, 34, -156, -4, -204, -156, 346, 385, 
136, 78, -58, -107, 97, 9, -165, -24, -224, -165, 326, 370, 
92, 29, -63, -61, 78, -17, -175, -43, -239, -180, 307, 356, 
43, -19, -63, -12, 53, -41, -185, -58, -253, -190, 297, 336, 
24, -43, -68, 9, 46, -56, -195, -58, -253, -195, 287, 336, 
4, -58, -63, 26, 34, -61, -195, -58, -248, -200, 287, 336, 
-14, -73, -58, 43, 21, -65, -195, -48, -248, -200, 278, 336, 
-34, -87, -53, 61, 9, -70, -195, -43, -244, -204, 278, 341, 
-4, -58, -53, 31, 24, -56, -185, -34, -219, -190, 292, 356, 
29, -24, -53, -2, 41, -39, -175, -24, -209, -170, 302, 366, 
58, 19, -39, -39, 48, -9, -165, -14, -195, -156, 312, 375, 
92, 48, -43, -70, 68, 2, -156, 4, -180, -136, 326, 385, 
122, 82, -39, -102, 80, 21, -136, 14, -156, -122, 351, 405, 
151, 117, -34, -134, 92, 41, -131, 29, -141, -107, 361, 409, 
185, 146, -39, -165, 112, 53, -126, 43, -126, -97, 366, 414, 
214, 175, -39, -195, 126, 68, -122, 58, -112, -82, 375, 419, 
165, 141, -24, -153, 95, 58, -126, 58, -107, -87, 370, 429, 
126, 112, -14, -119, 70, 48, -131, 58, -107, -82, 366, 429, 
87, 82, -4, -85, 46, 39, -136, 53, -102, -78, 356, 434, 
43, 58, 14, -51, 14, 36, -141, 53, -92, -73, 351, 434, 
9, 34, 24, -21, -7, 29, -146, 48, -97, -78, 336, 424, 
-14, 9, 24, 2, -19, 17, -151, 39, -102, -82, 341, 414, 
-39, -14, 24, 26, -31, 4, -151, 34, -107, -82, 336, 405, 
-63, -43, 19, 53, -41, -12, -156, 29, -107, -82, 331, 390, 
-97, -43, 53, 70, -75, 4, -146, 43, -87, -68, 341, 405, 
-117, -43, 73, 80, -95, 14, -146, 48, -78, -63, 351, 424, 
-136, -43, 92, 90, -114, 24, -146, 58, -73, -58, 356, 439, 
-151, -43, 107, 97, -129, 31, -146, 78, -63, -53, 361, 453, 
-58, -4, 53, 31, -56, 24, -156, 92, -53, -43, 366, 473, 
19, 19, 0, -19, 9, 9, -165, 102, -39, -34, 370, 478, 
112, 63, -48, -87, 80, 7, -175, 107, -34, -24, 375, 488, 
195, 97, -97, -146, 146, 0, -190, 112, -19, -9, 390, 492, 
268, 141, -126, -204, 197, 7, -200, 131, -9, 4, 380, 473, 
341, 180, -161, -261, 251, 9, -200, 146, 9, 14, 380, 468, 
414, 224, -190, -319, 302, 17, -200, 161, 24, 24, 380, 458, 
488, 268, -219, -378, 353, 24, -195, 170, 39, 34, 380, 448, 
419, 224, -195, -322, 307, 14, -195, 175, 48, 43, 390, 473, 
346, 190, -156, -268, 251, 17, -200, 180, 63, 48, 405, 483, 
278, 151, -126, -214, 202, 12, -204, 190, 78, 58, 414, 497, 
219, 117, -102, -168, 161, 7, -209, 195, 92, 68, 424, 507, 
185, 102, -82, -143, 134, 9, -200, 200, 102, 73, 414, 502, 
161, 87, -73, -124, 117, 7, -200, 204, 117, 87, 414, 502, 
136, 73, -63, -104, 100, 4, -204, 200, 131, 102, 414, 497, 
112, 68, -43, -90, 78, 12, -204, 209, 146, 117, 409, 502, 
126, 97, -29, -112, 78, 34, -204, 219, 175, 146, 424, 507, 
126, 122, -4, -124, 65, 58, -204, 244, 200, 170, 444, 512, 
131, 141, 9, -136, 61, 75, -204, 253, 229, 190, 463, 522, 
136, 156, 19, -146, 58, 87, -209, 268, 253, 209, 483, 531, 
165, 190, 24, -178, 70, 107, -200, 287, 278, 234, 507, 561, 
185, 219, 34, -202, 75, 126, -204, 297, 297, 258, 531, 585, 
204, 258, 53, -231, 75, 156, -209, 312, 322, 283, 551, 600, 
224, 297, 73, -261, 75, 185, -209, 326, 346, 312, 575, 624, 
244, 322, 78, -283, 82, 200, -219, 326, 351, 322, 600, 649, 
253, 331, 78, -292, 87, 204, -219, 326, 356, 322, 614, 663, 
263, 346, 82, -305, 90, 214, -224, 326, 356, 331, 629, 683, 
273, 361, 87, -317, 92, 224, -229, 326, 361, 341, 634, 692, 
263, 380, 117, -322, 73, 248, -224, 341, 380, 356, 644, 717, 
263, 395, 131, -329, 65, 263, -229, 346, 385, 361, 658, 727, 
263, 405, 141, -334, 61, 273, -234, 346, 390, 375, 668, 741, 
268, 409, 141, -339, 63, 275, -239, 351, 400, 380, 688, 756, 
258, 424, 165, -341, 46, 295, -229, 356, 409, 395, 702, 775, 
244, 434, 190, -339, 26, 312, -224, 351, 409, 400, 717, 790, 
224, 439, 214, -331, 4, 326, -224, 351, 405, 409, 722, 805, 
209, 439, 229, -324, -9, 334, -224, 346, 405, 419, 736, 819, 
234, 458, 224, -346, 4, 341, -229, 336, 409, 429, 746, 834, 
248, 478, 229, -363, 9, 353, -229, 341, 405, 429, 756, 844, 
258, 492, 234, -375, 12, 363, -234, 326, 395, 429, 756, 858, 
273, 502, 229, -387, 21, 366, -239, 322, 380, 424, 756, 863, 
283, 478, 195, -380, 43, 336, -258, 302, 341, 395, 741, 839, 
278, 453, 175, -366, 51, 314, -273, 278, 317, 375, 722, 824, 
273, 429, 156, -351, 58, 292, -287, 253, 287, 346, 692, 810, 
273, 400, 126, -336, 73, 263, -297, 234, 258, 317, 668, 780, 
239, 366, 126, -302, 56, 246, -312, 204, 224, 287, 658, 771, 
219, 331, 112, -275, 53, 222, -312, 190, 200, 263, 639, 766, 
195, 292, 97, -244, 48, 195, -312, 165, 175, 244, 619, 751, 
175, 253, 78, -214, 48, 165, -317, 156, 146, 224, 590, 736, 
156, 253, 97, -204, 29, 175, -302, 151, 136, 214, 600, 741, 
146, 248, 102, -197, 21, 175, -292, 151, 126, 214, 595, 741, 
136, 239, 102, -187, 17, 170, -287, 146, 112, 209, 590, 741, 
126, 239, 112, -183, 7, 175, -278, 146, 102, 204, 595, 736, 
146, 244, 97, -195, 24, 170, -273, 141, 82, 190, 580, 732, 
161, 239, 78, -200, 41, 158, -273, 136, 58, 170, 570, 722, 
175, 244, 68, -209, 53, 156, -268, 126, 39, 156, 556, 707, 
185, 244, 58, -214, 63, 151, -258, 122, 19, 136, 541, 697, 
190, 239, 48, -214, 70, 143, -258, 122, 0, 122, 531, 692, 
185, 224, 39, -204, 73, 131, -253, 107, -19, 112, 522, 688, 
185, 209, 24, -197, 80, 117, -253, 97, -29, 97, 512, 683, 
185, 185, 0, -185, 92, 92, -253, 87, -39, 82, 502, 683, 
175, 185, 9, -180, 82, 97, -248, 87, -48, 82, 502, 678, 
180, 185, 4, -183, 87, 95, -248, 82, -58, 78, 502, 678, 
185, 190, 4, -187, 90, 97, -248, 78, -63, 68, 502, 678, 
185, 195, 9, -190, 87, 102, -244, 78, -73, 58, 502, 673, 
185, 180, -4, -183, 95, 87, -244, 73, -92, 53, 492, 668, 
180, 165, -14, -173, 97, 75, -248, 68, -102, 39, 488, 668, 
180, 156, -24, -168, 102, 65, -248, 58, -117, 24, 478, 663, 
180, 146, -34, -163, 107, 56, -248, 48, -126, 19, 473, 658, 
165, 126, -39, -146, 102, 43, -248, 48, -131, 14, 463, 658, 
161, 117, -43, -139, 102, 36, -248, 39, -136, 9, 463, 658, 
156, 107, -48, -131, 102, 29, -248, 34, -141, 4, 463, 644, 
151, 107, -43, -129, 97, 31, -248, 34, -141, 0, 453, 639, 
151, 112, -39, -131, 95, 36, -258, 34, -146, 9, 439, 639, 
146, 107, -39, -126, 92, 34, -263, 29, -151, 4, 444, 639, 
146, 107, -39, -126, 92, 34, -263, 24, -156, -4, 444, 634, 
146, 102, -43, -124, 95, 29, -263, 24, -165, -14, 444, 634, 
151, 112, -39, -131, 95, 36, -258, 29, -156, -14, 448, 639, 
151, 107, -43, -129, 97, 31, -253, 24, -161, -9, 444, 644, 
151, 107, -43, -129, 97, 31, -248, 19, -161, -4, 444, 644, 
165, 102, -63, -134, 114, 19, -244, 19, -161, -4, 444, 649, 
190, 136, -53, -163, 122, 41, -239, 39, -146, 4, 458, 668, 
214, 161, -53, -187, 134, 53, -234, 48, -136, 14, 468, 678, 
244, 185, -58, -214, 151, 63, -229, 53, -131, 24, 478, 688, 
268, 214, -53, -241, 161, 80, -224, 58, -122, 34, 488, 697, 
297, 239, -58, -268, 178, 90, -214, 63, -107, 48, 492, 712, 
326, 263, -63, -295, 195, 100, -209, 73, -102, 53, 497, 717, 
341, 287, -53, -314, 197, 117, -209, 82, -102, 53, 522, 722, 
361, 312, -48, -336, 204, 131, -209, 92, -97, 58, 527, 727, 
273, 224, -48, -248, 161, 87, -239, 53, -131, 34, 488, 702, 
195, 136, -58, -165, 126, 39, -258, 29, -156, 9, 453, 678, 
122, 48, -73, -85, 97, -12, -278, 9, -185, -19, 414, 629, 
58, -39, -97, -9, 78, -68, -297, -14, -209, -43, 390, 605, 
34, -87, -122, 26, 78, -104, -302, -19, -219, -48, 390, 605, 
4, -97, -102, 46, 53, -100, -302, -24, -219, -53, 390, 610, 
-19, -102, -82, 61, 31, -92, -302, -29, -219, -58, 390, 614, 
-43, -102, -58, 73, 7, -80, -302, -34, -219, -63, 390, 614, 
-14, -73, -58, 43, 21, -65, -297, -24, -204, -53, 405, 629, 
4, -53, -58, 24, 31, -56, -292, -19, -200, -43, 409, 634, 
24, -39, -63, 7, 43, -51, -287, -14, -195, -34, 414, 634, 
43, -19, -63, -12, 53, -41, -283, -9, -190, -24, 424, 634, 
68, 0, -68, -34, 68, -34, -278, 0, -180, -14, 439, 649, 
87, 19, -68, -53, 78, -24, -278, 9, -170, -4, 444, 658, 
107, 34, -73, -70, 90, -19, -273, 19, -161, 4, 448, 663, 
126, 58, -68, -92, 97, -4, -268, 29, -151, 14, 453, 668, 
122, 73, -48, -97, 85, 12, -278, 34, -146, 19, 453, 668, 
122, 73, -48, -97, 85, 12, -278, 34, -146, 19, 453, 673, 
122, 68, -53, -95, 87, 7, -273, 34, -146, 19, 453, 683, 
122, 63, -58, -92, 90, 2, -273, 39, -146, 19, 453, 688, 
136, 78, -58, -107, 97, 9, -273, 58, -141, 24, 458, 692, 
136, 82, -53, -109, 95, 14, -268, 58, -131, 29, 463, 697, 
141, 92, -48, -117, 95, 21, -268, 58, -126, 34, 468, 702, 
146, 97, -48, -122, 97, 24, -268, 58, -122, 39, 473, 707, 
161, 97, -63, -129, 112, 17, -268, 68, -122, 53, 483, 707, 
161, 97, -63, -129, 112, 17, -268, 68, -122, 53, 483, 707, 
161, 97, -63, -129, 112, 17, -268, 73, -122, 53, 483, 707, 
156, 97, -58, -126, 107, 19, -268, 73, -122, 53, 483, 712, 
165, 107, -58, -136, 112, 24, -268, 68, -122, 53, 483, 722, 
165, 107, -58, -136, 112, 24, -268, 68, -122, 53, 483, 722, 
165, 107, -58, -136, 112, 24, -268, 68, -122, 53, 483, 732, 
165, 107, -58, -136, 112, 24, -263, 68, -112, 58, 488, 732, 
165, 122, -43, -143, 104, 39, -268, 82, -107, 63, 492, 741, 
170, 126, -43, -148, 107, 41, -268, 87, -102, 68, 497, 751, 
180, 136, -43, -158, 112, 46, -273, 92, -97, 73, 502, 761, 
185, 146, -39, -165, 112, 53, -273, 102, -92, 78, 507, 771, 
175, 141, -34, -158, 104, 53, -273, 92, -97, 87, 512, 771, 
175, 136, -39, -156, 107, 48, -273, 92, -97, 87, 512, 771, 
175, 131, -43, -153, 109, 43, -278, 92, -92, 87, 512, 771, 
175, 126, -48, -151, 112, 39, -278, 92, -87, 82, 512, 766, 
165, 112, -53, -139, 109, 29, -287, 92, -92, 73, 502, 775, 
156, 117, -39, -136, 97, 39, -287, 87, -97, 78, 507, 775, 
146, 112, -34, -129, 90, 39, -287, 87, -102, 78, 507, 775, 
136, 107, -29, -122, 82, 39, -292, 87, -107, 78, 507, 775, 
146, 112, -34, -129, 90, 39, -292, 87, -102, 87, 522, 785, 
146, 112, -34, -129, 90, 39, -292, 87, -102, 87, 527, 790, 
146, 112, -34, -129, 90, 39, -292, 87, -97, 87, 527, 790, 
146, 117, -29, -131, 87, 43, -292, 87, -92, 92, 527, 790, 
151, 126, -24, -139, 87, 51, -302, 92, -92, 92, 522, 795, 
156, 126, -29, -141, 92, 48, -302, 97, -92, 92, 531, 805, 
161, 126, -34, -143, 97, 46, -297, 102, -92, 97, 531, 810, 
165, 126, -39, -146, 102, 43, -297, 107, -92, 102, 531, 810, 
151, 117, -34, -134, 92, 41, -292, 102, -87, 102, 541, 824, 
161, 117, -43, -139, 102, 36, -292, 102, -87, 102, 536, 829, 
161, 117, -43, -139, 102, 36, -292, 102, -87, 102, 536, 829, 
156, 122, -34, -139, 95, 43, -297, 102, -92, 102, 536, 829, 
146, 136, -9, -141, 78, 63, -292, 107, -82, 107, 551, 844, 
136, 136, 0, -136, 68, 68, -287, 112, -78, 112, 556, 849, 
126, 136, 9, -131, 58, 73, -283, 117, -73, 117, 561, 854, 
117, 131, 14, -124, 51, 73, -283, 122, -73, 122, 566, 858, 
161, 141, -19, -151, 90, 61, -302, 107, -82, 102, 551, 854, 
195, 141, -53, -168, 124, 43, -312, 102, -92, 92, 536, 849, 
224, 141, -82, -183, 153, 29, -322, 97, -102, 87, 527, 839, 
258, 141, -117, -200, 187, 12, -326, 92, -107, 78, 522, 844, 
248, 131, -117, -190, 183, 7, -317, 97, -97, 82, 531, 858, 
244, 131, -112, -187, 178, 9, -322, 102, -97, 87, 531, 883, 
239, 131, -107, -185, 173, 12, -322, 102, -97, 87, 531, 883, 
234, 126, -107, -180, 170, 9, -322, 107, -97, 92, 531, 873, 
219, 126, -92, -173, 156, 17, -312, 117, -97, 102, 536, 893, 
209, 126, -82, -168, 146, 21, -312, 117, -92, 102, 536, 839, 
204, 126, -78, -165, 141, 24, -312, 117, -87, 102, 541, 829, 
200, 126, -73, -163, 136, 26, -312, 122, -82, 102, 546, 844, 
209, 136, -73, -173, 141, 31, -307, 122, -82, 107, 556, 863, 
209, 141, -68, -175, 139, 36, -307, 117, -82, 112, 556, 868, 
209, 141, -68, -175, 139, 36, -312, 117, -87, 112, 551, 878, 
209, 136, -73, -173, 141, 31, -312, 117, -87, 107, 551, 888, 
209, 131, -78, -170, 143, 26, -312, 131, -73, 126, 566, 907, 
209, 131, -78, -170, 143, 26, -302, 131, -73, 122, 566, 907, 
219, 131, -87, -175, 153, 21, -302, 136, -63, 126, 570, 907, 
244, 151, -92, -197, 168, 29, -302, 146, -63, 126, 575, 907, 
244, 146, -97, -195, 170, 24, -312, 146, -58, 126, 575, 917, 
234, 146, -87, -190, 161, 29, -312, 136, -63, 117, 575, 917, 
224, 146, -78, -185, 151, 34, -312, 136, -68, 117, 575, 917, 
214, 146, -68, -180, 141, 39, -312, 136, -73, 117, 575, 917, 
204, 146, -58, -175, 131, 43, -312, 136, -78, 117, 575, 917, 
195, 136, -58, -165, 126, 39, -312, 141, -82, 126, 575, 917, 
195, 141, -53, -168, 124, 43, -312, 141, -78, 126, 575, 917, 
195, 141, -53, -168, 124, 43, -312, 141, -73, 126, 575, 922, 
200, 141, -58, -170, 129, 41, -312, 141, -68, 131, 575, 927, 
204, 141, -63, -173, 134, 39, -302, 141, -58, 141, 590, 941, 
209, 136, -73, -173, 141, 31, -302, 141, -58, 141, 590, 941, 
214, 136, -78, -175, 146, 29, -302, 141, -58, 141, 590, 941, 
219, 136, -82, -178, 151, 26, -302, 141, -58, 136, 585, 941, 
209, 136, -73, -173, 141, 31, -302, 151, -58, 146, 585, 951, 
204, 136, -68, -170, 136, 34, -302, 151, -53, 146, 585, 951, 
204, 131, -73, -168, 139, 29, -297, 151, -53, 146, 585, 951, 
204, 131, -73, -168, 139, 29, -297, 151, -53, 146, 585, 951, 
204, 122, -82, -163, 143, 19, -297, 151, -53, 146, 595, 956, 
200, 126, -73, -163, 136, 26, -297, 151, -53, 146, 595, 956, 
190, 126, -63, -158, 126, 31, -297, 156, -43, 151, 595, 961, 
185, 131, -53, -158, 119, 39, -297, 156, -43, 151, 595, 961, 
175, 136, -39, -156, 107, 48, -287, 165, -43, 165, 600, 976, 
175, 146, -29, -161, 102, 58, -283, 170, -34, 175, 610, 976, 
175, 161, -14, -168, 95, 73, -278, 175, -24, 180, 619, 980, 
175, 175, 0, -175, 87, 87, -273, 180, -24, 185, 624, 990, 
165, 185, 19, -175, 73, 102, -273, 190, -9, 190, 629, 1005, 
165, 190, 24, -178, 70, 107, -273, 195, -4, 195, 634, 1010, 
170, 200, 29, -185, 70, 114, -273, 195, 0, 200, 634, 1010, 
170, 209, 39, -190, 65, 124, -268, 200, 4, 200, 634, 1010, 
161, 195, 34, -178, 63, 114, -273, 190, 0, 200, 639, 1010, 
165, 190, 24, -178, 70, 107, -273, 200, 4, 204, 639, 1010, 
165, 190, 24, -178, 70, 107, -278, 200, 4, 204, 644, 1010, 
165, 185, 19, -175, 73, 102, -287, 200, 4, 204, 644, 1010, 
170, 200, 29, -185, 70, 114, -287, 200, 4, 214, 653, 1019, 
175, 200, 24, -187, 75, 112, -287, 200, 9, 219, 653, 1019, 
180, 200, 19, -190, 80, 109, -287, 200, 9, 224, 653, 1019, 
185, 204, 19, -195, 82, 112, -292, 200, 9, 224, 658, 1024, 
195, 219, 24, -207, 85, 122, -302, 204, 14, 234, 668, 1039, 
200, 224, 24, -212, 87, 124, -312, 204, 14, 234, 668, 1044, 
200, 239, 39, -219, 80, 139, -317, 195, 19, 234, 673, 1054, 
200, 248, 48, -224, 75, 148, -326, 180, 19, 234, 678, 1058, 
195, 253, 58, -224, 68, 156, -326, 185, 9, 244, 692, 1073, 
195, 258, 63, -226, 65, 161, -331, 175, 9, 244, 692, 1073, 
195, 258, 63, -226, 65, 161, -336, 165, 4, 244, 692, 1073, 
195, 263, 68, -229, 63, 165, -346, 156, 4, 244, 702, 1078, 
180, 273, 92, -226, 43, 183, -351, 161, 14, 253, 712, 1088, 
175, 273, 97, -224, 39, 185, -351, 161, 19, 253, 717, 1093, 
170, 278, 107, -224, 31, 192, -351, 165, 24, 258, 717, 1098, 
175, 283, 107, -229, 34, 195, -356, 165, 29, 263, 712, 1102, 
180, 283, 102, -231, 39, 192, -356, 185, 43, 263, 722, 1112, 
185, 278, 92, -231, 46, 185, -356, 190, 43, 268, 722, 1112, 
190, 278, 87, -234, 51, 183, -351, 195, 53, 273, 722, 1112, 
190, 278, 87, -234, 51, 183, -351, 200, 53, 273, 732, 1117, 
204, 278, 73, -241, 65, 175, -356, 190, 53, 263, 732, 1112, 
219, 278, 58, -248, 80, 168, -356, 190, 48, 268, 727, 1117, 
214, 278, 63, -246, 75, 170, -356, 190, 43, 268, 722, 1117, 
219, 273, 53, -246, 82, 163, -356, 190, 39, 263, 717, 1112, 
229, 263, 34, -246, 97, 148, -366, 190, 24, 248, 697, 1098, 
234, 244, 9, -239, 112, 126, -366, 190, 19, 248, 688, 1088, 
244, 224, -19, -234, 131, 102, -356, 190, 14, 239, 678, 1078, 
244, 200, -43, -222, 143, 78, -356, 190, 4, 224, 663, 1063, 
234, 175, -58, -204, 146, 58, -346, 195, -4, 219, 658, 1058, 
224, 156, -68, -190, 146, 43, -341, 195, -19, 214, 653, 1049, 
209, 146, -63, -178, 136, 41, -341, 190, -24, 209, 649, 1054, 
204, 131, -73, -168, 139, 29, -336, 190, -29, 200, 644, 1054, 
200, 131, -68, -165, 134, 31, -336, 190, -24, 204, 634, 1054, 
195, 131, -63, -163, 129, 34, -336, 190, -24, 204, 629, 1044, 
185, 126, -58, -156, 122, 34, -336, 190, -24, 200, 629, 1044, 
180, 117, -63, -148, 122, 26, -336, 190, -34, 200, 624, 1044, 
180, 97, -82, -139, 131, 7, -346, 190, -39, 195, 629, 1049, 
180, 92, -87, -136, 134, 2, -341, 190, -39, 190, 624, 1044, 
180, 82, -97, -131, 139, -7, -341, 190, -43, 180, 619, 1039, 
180, 82, -97, -131, 139, -7, -341, 190, -48, 175, 614, 1034, 
170, 82, -87, -126, 129, -2, -341, 195, -39, 185, 624, 1044, 
170, 78, -92, -124, 131, -7, -341, 195, -39, 190, 619, 1044, 
170, 78, -92, -124, 131, -7, -341, 195, -39, 190, 619, 1044, 
170, 73, -97, -122, 134, -12, -341, 195, -39, 190, 619, 1039, 
165, 82, -82, -124, 124, 0, -341, 204, -39, 190, 619, 1039, 
161, 82, -78, -122, 119, 2, -341, 204, -39, 190, 619, 1039, 
161, 78, -82, -119, 122, -2, -341, 204, -39, 190, 619, 1034, 
161, 78, -82, -119, 122, -2, -341, 204, -39, 190, 619, 1034, 
170, 82, -87, -126, 129, -2, -341, 204, -24, 200, 629, 1039, 
170, 82, -87, -126, 129, -2, -341, 204, -24, 204, 629, 1049, 
170, 82, -87, -126, 129, -2, -336, 204, -24, 204, 629, 1058, 
170, 82, -87, -126, 129, -2, -336, 209, -24, 204, 629, 1063, 
170, 92, -78, -131, 124, 7, -336, 209, -14, 204, 639, 1063, 
161, 92, -68, -126, 114, 12, -336, 209, -4, 214, 639, 1063, 
170, 92, -78, -131, 124, 7, -336, 219, -9, 214, 634, 1058, 
170, 73, -97, -122, 134, -12, -331, 244, -4, 219, 634, 1054, 
165, 39, -126, -102, 146, -43, -317, 287, 14, 209, 610, 1034, 
161, 0, -161, -80, 161, -80, -283, 370, 29, 190, 561, 985, 
170, -43, -214, -63, 192, -129, -239, 453, 53, 180, 507, 927, 
175, -53, -229, -61, 202, -141, -190, 531, 92, 170, 478, 897, 
165, -34, -200, -65, 183, -117, -146, 595, 131, 180, 468, 878, 
170, 0, -170, -85, 170, -85, -107, 649, 185, 195, 483, 888, 
200, 58, -141, -129, 170, -41, -97, 712, 273, 258, 527, 907, 
239, 136, -102, -187, 170, 17, -107, 766, 390, 351, 585, 956, 
273, 268, -4, -270, 139, 131, -136, 790, 531, 497, 702, 1058, 
297, 478, 180, -387, 58, 329, -175, 814, 746, 736, 888, 1220, 
317, 761, 444, -539, -63, 602, -195, 873, 1058, 1054, 1132, 1424, 
336, 1098, 761, -717, -212, 929, -219, 878, 1381, 1420, 1424, 1659, 
336, 1405, 1068, -871, -366, 1237, -302, 717, 1546, 1732, 1717, 1922, 
312, 1673, 1361, -993, -524, 1517, -458, 317, 1483, 1932, 2000, 2215, 
248, 1956, 1708, -1102, -729, 1832, -697, -258, 1312, 2054, 2303, 2532, 
185, 2196, 2010, -1190, -912, 2103, -893, -732, 1244, 2152, 2532, 2791, 
146, 2044, 1898, -1095, -875, 1971, -834, -785, 1283, 2088, 2376, 2664, 
136, 1454, 1317, -795, -590, 1385, -619, -570, 1239, 1761, 1854, 2166, 
122, 1000, 878, -561, -378, 939, -531, -497, 927, 1332, 1449, 1810, 
82, 814, 732, -448, -324, 773, -570, -590, 390, 902, 1268, 1712, 
34, 590, 556, -312, -261, 573, -610, -629, -234, 400, 1029, 1556, 
-4, 361, 366, -178, -185, 363, -605, -600, -780, -63, 780, 1361, 
-4, 239, 244, -117, -124, 241, -585, -522, -912, -209, 692, 1273, 
-4, 112, 117, -53, -61, 114, -541, -405, -780, -141, 634, 1185, 
-9, -53, -43, 31, 17, -48, -517, -326, -756, -175, 536, 1083, 
-24, -165, -141, 95, 58, -153, -512, -287, -775, -239, 483, 1034, 
-19, -224, -204, 122, 92, -214, -497, -214, -702, -219, 463, 1005, 
14, -258, -273, 122, 143, -265, -453, -117, -600, -190, 429, 956, 
43, -268, -312, 112, 178, -290, -429, -43, -541, -161, 409, 922, 
53, -239, -292, 92, 173, -265, -439, 4, -478, -117, 424, 922, 
73, -180, -253, 53, 163, -217, -448, 29, -400, -48, 453, 946, 
102, -122, -224, 9, 163, -173, -448, 53, -331, 9, 492, 976, 
97, -97, -195, 0, 146, -146, -419, 97, -268, 53, 517, 985, 
102, -87, -190, -7, 146, -139, -400, 141, -214, 78, 522, 990, 
117, -73, -190, -21, 153, -131, -385, 175, -175, 97, 531, 1000, 
126, -63, -190, -31, 158, -126, -361, 214, -131, 112, 541, 1010, 
122, -43, -165, -39, 143, -104, -341, 244, -87, 126, 551, 1015, 
112, -29, -141, -41, 126, -85, -336, 253, -58, 151, 570, 1034, 
92, -14, -107, -39, 100, -61, -322, 258, -24, 185, 590, 1049, 
87, 14, -73, -51, 80, -29, -317, 263, -9, 204, 605, 1058, 
92, 24, -68, -58, 80, -21, -317, 268, 9, 224, 614, 1063, 
87, 29, -58, -58, 73, -14, -322, 283, 19, 239, 614, 1068, 
82, 29, -53, -56, 68, -12, -322, 302, 29, 253, 614, 1073, 
107, 43, -63, -75, 85, -9, -317, 312, 34, 244, 614, 1083, 
122, 48, -73, -85, 97, -12, -312, 317, 34, 244, 614, 1083, 
141, 53, -87, -97, 114, -17, -307, 322, 34, 244, 614, 1078, 
156, 58, -97, -107, 126, -19, -307, 322, 34, 244, 614, 1078, 
165, 48, -117, -107, 141, -34, -317, 312, 34, 229, 605, 1068, 
170, 48, -122, -109, 146, -36, -317, 312, 43, 229, 605, 1068, 
170, 58, -112, -114, 141, -26, -317, 317, 48, 239, 605, 1068, 
165, 63, -102, -114, 134, -19, -312, 317, 58, 244, 614, 1073, 
146, 58, -87, -102, 117, -14, -322, 326, 68, 258, 624, 1073, 
136, 53, -82, -95, 109, -14, -322, 331, 68, 263, 629, 1073, 
131, 48, -82, -90, 107, -17, -322, 331, 73, 263, 629, 1088, 
126, 43, -82, -85, 104, -19, -317, 331, 73, 268, 629, 1088, 
122, 34, -87, -78, 104, -26, -317, 331, 73, 258, 629, 1088, 
122, 39, -82, -80, 102, -21, -317, 331, 73, 263, 634, 1093, 
122, 39, -82, -80, 102, -21, -312, 331, 78, 268, 634, 1093, 
117, 39, -78, -78, 97, -19, -312, 336, 82, 268, 634, 1093, 
126, 39, -87, -82, 107, -24, -322, 346, 87, 278, 629, 1088, 
126, 39, -87, -82, 107, -24, -322, 346, 87, 283, 629, 1093, 
131, 39, -92, -85, 112, -26, -322, 346, 92, 283, 629, 1098, 
131, 39, -92, -85, 112, -26, -322, 351, 97, 287, 639, 1098, 
122, 43, -78, -82, 100, -17, -312, 351, 107, 287, 649, 1102, 
122, 48, -73, -85, 97, -12, -312, 351, 112, 287, 649, 1098, 
122, 53, -68, -87, 95, -7, -312, 361, 112, 292, 639, 1093, 
122, 58, -63, -90, 92, -2, -312, 366, 117, 292, 639, 1093, 
122, 48, -73, -85, 97, -12, -312, 366, 131, 302, 649, 1098, 
126, 53, -73, -90, 100, -9, -312, 366, 131, 307, 644, 1098, 
126, 68, -58, -97, 92, 4, -312, 366, 136, 307, 639, 1098, 
131, 68, -63, -100, 97, 2, -312, 375, 141, 312, 639, 1098, 
131, 63, -68, -97, 100, -2, -317, 385, 146, 317, 649, 1112, 
131, 68, -63, -100, 97, 2, -317, 390, 151, 322, 653, 1112, 
136, 68, -68, -102, 102, 0, -317, 395, 156, 322, 653, 1112, 
136, 68, -68, -102, 102, 0, -317, 400, 161, 326, 658, 1112, 
126, 63, -63, -95, 95, 0, -307, 405, 161, 331, 658, 1112, 
126, 63, -63, -95, 95, 0, -307, 409, 165, 336, 658, 1112, 
126, 63, -63, -95, 95, 0, -307, 409, 175, 341, 653, 1117, 
122, 68, -53, -95, 87, 7, -307, 414, 190, 346, 653, 1117, 
131, 78, -53, -104, 92, 12, -317, 419, 195, 346, 653, 1117, 
131, 78, -53, -104, 92, 12, -317, 419, 200, 346, 663, 1117, 
131, 78, -53, -104, 92, 12, -312, 424, 204, 351, 663, 1117, 
131, 73, -58, -102, 95, 7, -312, 429, 214, 356, 663, 1112, 
126, 82, -43, -104, 85, 19, -312, 448, 224, 361, 673, 1122, 
126, 82, -43, -104, 85, 19, -312, 448, 234, 366, 673, 1127, 
126, 82, -43, -104, 85, 19, -312, 453, 239, 370, 668, 1127, 
131, 82, -48, -107, 90, 17, -312, 468, 248, 375, 663, 1127, 
126, 78, -48, -102, 87, 14, -312, 463, 268, 385, 673, 1132, 
126, 78, -48, -102, 87, 14, -312, 473, 283, 395, 673, 1132, 
141, 97, -43, -119, 92, 26, -312, 478, 287, 405, 673, 1137, 
146, 107, -39, -126, 92, 34, -317, 483, 302, 419, 683, 1137, 
146, 112, -34, -129, 90, 39, -307, 497, 312, 424, 688, 1132, 
146, 112, -34, -129, 90, 39, -307, 507, 331, 434, 692, 1141, 
146, 117, -29, -131, 87, 43, -307, 517, 346, 444, 697, 1146, 
146, 122, -24, -134, 85, 48, -302, 522, 361, 453, 702, 1151, 
156, 122, -34, -139, 95, 43, -307, 531, 366, 468, 707, 1156, 
151, 131, -19, -141, 85, 56, -307, 541, 385, 478, 717, 1156, 
151, 136, -14, -143, 82, 61, -307, 556, 405, 492, 722, 1161, 
161, 146, -14, -153, 87, 65, -307, 566, 424, 507, 727, 1161, 
156, 165, 9, -161, 73, 87, -307, 575, 448, 522, 736, 1166, 
161, 165, 4, -163, 78, 85, -307, 585, 468, 536, 746, 1176, 
165, 165, 0, -165, 82, 82, -312, 585, 488, 551, 756, 1180, 
170, 175, 4, -173, 82, 90, -312, 600, 507, 566, 761, 1195, 
185, 200, 14, -192, 85, 107, -322, 614, 522, 595, 771, 1210, 
185, 219, 34, -202, 75, 126, -322, 634, 541, 619, 785, 1215, 
190, 234, 43, -212, 73, 139, -322, 639, 566, 639, 800, 1224, 
195, 244, 48, -219, 73, 146, -326, 649, 585, 658, 814, 1234, 
200, 258, 58, -229, 70, 158, -326, 653, 605, 663, 829, 1254, 
204, 268, 63, -236, 70, 165, -331, 658, 619, 678, 844, 1268, 
209, 287, 78, -248, 65, 183, -336, 668, 639, 692, 854, 1273, 
214, 307, 92, -261, 61, 200, -336, 678, 658, 712, 868, 1288, 
209, 322, 112, -265, 48, 217, -346, 678, 663, 717, 873, 1302, 
214, 331, 117, -273, 48, 224, -346, 678, 668, 722, 888, 1307, 
219, 346, 126, -283, 46, 236, -351, 678, 668, 736, 902, 1317, 
224, 361, 136, -292, 43, 248, -356, 678, 673, 751, 907, 1317, 
214, 370, 156, -292, 29, 263, -361, 688, 678, 771, 907, 1327, 
214, 385, 170, -300, 21, 278, -366, 688, 678, 771, 922, 1332, 
214, 395, 180, -305, 17, 287, -370, 683, 678, 780, 932, 1342, 
219, 400, 180, -309, 19, 290, -375, 683, 683, 780, 951, 1351, 
224, 405, 180, -314, 21, 292, -380, 688, 683, 780, 941, 1356, 
224, 414, 190, -319, 17, 302, -380, 683, 683, 780, 951, 1366, 
219, 419, 200, -319, 9, 309, -385, 683, 678, 785, 951, 1376, 
219, 419, 200, -319, 9, 309, -390, 678, 678, 790, 961, 1385, 
219, 429, 209, -324, 4, 319, -395, 663, 683, 790, 971, 1385, 
219, 439, 219, -329, 0, 329, -395, 663, 678, 790, 980, 1390, 
214, 444, 229, -329, -7, 336, -400, 644, 668, 790, 980, 1400, 
214, 444, 229, -329, -7, 336, -405, 634, 653, 785, 980, 1400, 
224, 444, 219, -334, 2, 331, -409, 634, 644, 790, 985, 1410, 
219, 444, 224, -331, -2, 334, -409, 619, 629, 785, 985, 1410, 
214, 444, 229, -329, -7, 336, -409, 605, 610, 771, 976, 1410, 
214, 439, 224, -326, -4, 331, -405, 595, 590, 756, 971, 1395, 
200, 439, 239, -319, -19, 339, -414, 570, 551, 736, 971, 1390, 
190, 429, 239, -309, -24, 334, -409, 561, 531, 712, 961, 1390, 
175, 414, 239, -295, -31, 326, -405, 541, 512, 692, 951, 1381, 
165, 400, 234, -283, -34, 317, -405, 536, 488, 673, 932, 1371, 
151, 375, 224, -263, -36, 300, -385, 531, 473, 658, 917, 1346, 
146, 356, 209, -251, -31, 283, -380, 522, 448, 644, 897, 1337, 
141, 331, 190, -236, -24, 261, -380, 507, 419, 624, 878, 1327, 
136, 317, 180, -226, -21, 248, -375, 497, 395, 605, 868, 1312, 
146, 317, 170, -231, -12, 244, -385, 478, 380, 585, 854, 1307, 
141, 297, 156, -219, -7, 226, -390, 468, 351, 561, 844, 1298, 
136, 287, 151, -212, -7, 219, -390, 453, 326, 541, 829, 1283, 
126, 273, 146, -200, -9, 209, -385, 444, 302, 517, 814, 1273, 
122, 268, 146, -195, -12, 207, -375, 444, 278, 483, 800, 1268, 
117, 253, 136, -185, -9, 195, -370, 429, 253, 473, 785, 1254, 
117, 239, 122, -178, -2, 180, -370, 419, 239, 458, 771, 1239, 
117, 214, 97, -165, 9, 156, -370, 409, 224, 444, 756, 1229, 
102, 185, 82, -143, 9, 134, -366, 405, 214, 439, 741, 1210, 
102, 175, 73, -139, 14, 124, -366, 395, 195, 429, 736, 1205, 
102, 170, 68, -136, 17, 119, -366, 385, 180, 414, 732, 1200, 
97, 165, 68, -131, 14, 117, -361, 380, 161, 400, 727, 1190, 
97, 165, 68, -131, 14, 117, -366, 366, 141, 395, 717, 1185, 
92, 156, 63, -124, 14, 109, -375, 361, 131, 380, 712, 1185, 
92, 151, 58, -122, 17, 104, -380, 351, 117, 366, 702, 1180, 
92, 146, 53, -119, 19, 100, -385, 341, 107, 361, 697, 1176, 
82, 126, 43, -104, 19, 85, -375, 341, 102, 356, 678, 1166, 
82, 117, 34, -100, 24, 75, -375, 331, 97, 351, 678, 1166, 
82, 107, 24, -95, 29, 65, -375, 326, 92, 346, 678, 1151, 
82, 107, 24, -95, 29, 65, -375, 326, 92, 341, 668, 1146, 
82, 112, 29, -97, 26, 70, -375, 326, 92, 341, 663, 1141, 
78, 107, 29, -92, 24, 68, -380, 322, 82, 336, 668, 1146, 
78, 107, 29, -92, 24, 68, -380, 317, 73, 326, 668, 1146, 
78, 102, 24, -90, 26, 63, -380, 317, 58, 317, 668, 1151, 
82, 102, 19, -92, 31, 61, -390, 312, 58, 322, 663, 1141, 
82, 97, 14, -90, 34, 56, -390, 307, 53, 322, 658, 1141, 
82, 97, 14, -90, 34, 56, -390, 302, 53, 322, 658, 1137, 
97, 92, -4, -95, 51, 43, -390, 302, 53, 317, 658, 1137, 
92, 92, 0, -92, 46, 46, -400, 302, 39, 317, 658, 1127, 
87, 92, 4, -90, 41, 48, -400, 302, 39, 317, 653, 1127, 
87, 92, 4, -90, 41, 48, -400, 297, 34, 317, 649, 1127, 
82, 97, 14, -90, 34, 56, -400, 292, 34, 317, 644, 1127, 
92, 87, -4, -90, 48, 41, -400, 297, 34, 307, 634, 1127, 
92, 87, -4, -90, 48, 41, -395, 297, 34, 307, 634, 1127, 
78, 87, 9, -82, 34, 48, -395, 297, 29, 302, 653, 1127, 
68, 87, 19, -78, 24, 53, -395, 297, 29, 302, 653, 1127, 
68, 82, 14, -75, 26, 48, -395, 283, 29, 302, 649, 1137, 
68, 78, 9, -73, 29, 43, -395, 283, 29, 302, 639, 1137, 
73, 73, 0, -73, 36, 36, -395, 287, 24, 297, 624, 1112, 
87, 68, -19, -78, 53, 24, -395, 287, 24, 297, 624, 1112, 
87, 43, -43, -65, 65, 0, -400, 287, 24, 297, 634, 1112, 
82, 48, -34, -65, 58, 7, -400, 287, 24, 297, 634, 1117, 
82, 58, -24, -70, 53, 17, -400, 287, 24, 297, 634, 1122, 
82, 73, -9, -78, 46, 31, -400, 287, 24, 297, 634, 1122, 
73, 73, 0, -73, 36, 36, -409, 292, 34, 297, 634, 1122, 
73, 73, 0, -73, 36, 36, -409, 292, 34, 297, 634, 1122, 
73, 68, -4, -70, 39, 31, -409, 292, 34, 297, 634, 1117, 
73, 68, -4, -70, 39, 31, -409, 292, 34, 297, 639, 1112, 
73, 73, 0, -73, 36, 36, -400, 292, 34, 307, 639, 1112, 
78, 78, 0, -78, 39, 39, -405, 292, 34, 307, 639, 1117, 
82, 78, -4, -80, 43, 36, -405, 292, 34, 307, 639, 1117, 
87, 87, 0, -87, 43, 43, -405, 292, 34, 307, 639, 1117, 
82, 92, 9, -87, 36, 51, -414, 297, 39, 302, 639, 1112, 
82, 92, 9, -87, 36, 51, -414, 297, 39, 302, 639, 1112, 
82, 87, 4, -85, 39, 46, -409, 297, 39, 302, 639, 1117, 
82, 82, 0, -82, 41, 41, -409, 302, 39, 302, 639, 1117, 
82, 92, 9, -87, 36, 51, -419, 302, 39, 312, 639, 1117, 
78, 92, 14, -85, 31, 53, -414, 302, 43, 312, 639, 1117, 
78, 97, 19, -87, 29, 58, -414, 302, 43, 312, 639, 1117, 
78, 97, 19, -87, 29, 58, -414, 302, 43, 312, 639, 1117, 
82, 97, 14, -90, 34, 56, -405, 312, 43, 317, 639, 1107, 
82, 97, 14, -90, 34, 56, -405, 312, 43, 317, 639, 1107, 
82, 97, 14, -90, 34, 56, -405, 317, 43, 317, 639, 1107, 
78, 97, 19, -87, 29, 58, -405, 317, 43, 317, 639, 1112, 
87, 97, 9, -92, 39, 53, -414, 322, 53, 326, 639, 1112, 
87, 97, 9, -92, 39, 53, -414, 322, 53, 326, 639, 1112, 
87, 97, 9, -92, 39, 53, -414, 322, 53, 326, 639, 1122, 
87, 97, 9, -92, 39, 53, -409, 322, 63, 331, 644, 1122, 
92, 97, 4, -95, 43, 51, -414, 331, 63, 331, 653, 1132, 
92, 97, 4, -95, 43, 51, -414, 331, 63, 331, 653, 1132, 
97, 102, 4, -100, 46, 53, -419, 331, 63, 331, 653, 1132, 
97, 107, 9, -102, 43, 58, -419, 336, 63, 331, 653, 1132, 
107, 117, 9, -112, 48, 63, -419, 336, 68, 341, 658, 1132, 
107, 117, 9, -112, 48, 63, -419, 336, 68, 341, 658, 1132, 
107, 117, 9, -112, 48, 63, -424, 336, 73, 341, 658, 1132, 
107, 117, 9, -112, 48, 63, -424, 336, 78, 336, 658, 1127, 
107, 126, 19, -117, 43, 73, -424, 346, 78, 346, 649, 1127, 
107, 136, 29, -122, 39, 82, -424, 341, 78, 351, 653, 1127, 
107, 136, 29, -122, 39, 82, -424, 341, 78, 351, 653, 1127, 
107, 136, 29, -122, 39, 82, -429, 341, 78, 351, 653, 1127, 
97, 122, 24, -109, 36, 73, -439, 331, 68, 341, 649, 1117, 
97, 122, 24, -109, 36, 73, -439, 331, 63, 341, 653, 1122, 
97, 122, 24, -109, 36, 73, -439, 331, 63, 341, 653, 1122, 
97, 126, 29, -112, 34, 78, -439, 331, 63, 346, 653, 1122, 
82, 122, 39, -102, 21, 80, -439, 331, 63, 336, 649, 1112, 
78, 117, 39, -97, 19, 78, -439, 331, 63, 336, 658, 1117, 
73, 112, 39, -92, 17, 75, -434, 331, 63, 341, 658, 1117, 
68, 107, 39, -87, 14, 73, -434, 331, 63, 346, 658, 1112, 
58, 97, 39, -78, 9, 68, -439, 326, 58, 336, 649, 1122, 
73, 97, 24, -85, 24, 61, -439, 326, 58, 336, 644, 1122, 
78, 97, 19, -87, 29, 58, -439, 326, 58, 336, 644, 1117, 
78, 102, 24, -90, 26, 63, -444, 326, 53, 336, 644, 1112, 
87, 107, 19, -97, 34, 63, -444, 326, 48, 336, 653, 1112, 
87, 107, 19, -97, 34, 63, -444, 326, 48, 336, 653, 1112, 
87, 107, 19, -97, 34, 63, -444, 326, 48, 336, 653, 1112, 
87, 102, 14, -95, 36, 58, -448, 326, 43, 336, 653, 1112, 
97, 107, 9, -102, 43, 58, -448, 326, 53, 336, 639, 1112, 
97, 112, 14, -104, 41, 63, -448, 326, 53, 336, 634, 1112, 
92, 117, 24, -104, 34, 70, -448, 326, 53, 341, 634, 1107, 
92, 122, 29, -107, 31, 75, -444, 326, 58, 341, 639, 1117, 
97, 122, 24, -109, 36, 73, -444, 326, 48, 341, 639, 1127, 
97, 122, 24, -109, 36, 73, -448, 326, 48, 341, 639, 1146, 
97, 122, 24, -109, 36, 73, -448, 322, 48, 336, 639, 1141, 
97, 117, 19, -107, 39, 68, -448, 322, 48, 336, 639, 1127, 
97, 117, 19, -107, 39, 68, -448, 322, 34, 326, 639, 1141, 
92, 117, 24, -104, 34, 70, -448, 322, 34, 326, 634, 1083, 
92, 117, 24, -104, 34, 70, -448, 322, 34, 326, 634, 1068, 
92, 117, 24, -104, 34, 70, -448, 326, 34, 326, 634, 1078, 
92, 117, 24, -104, 34, 70, -453, 326, 34, 326, 644, 1093, 
92, 122, 29, -107, 31, 75, -453, 322, 34, 326, 644, 1093, 
92, 122, 29, -107, 31, 75, -458, 322, 29, 322, 639, 1098, 
92, 117, 24, -104, 34, 70, -458, 322, 29, 312, 639, 1102, 
112, 122, 9, -117, 51, 65, -458, 317, 34, 322, 634, 1102, 
112, 122, 9, -117, 51, 65, -458, 317, 34, 326, 634, 1102, 
102, 122, 19, -112, 41, 70, -458, 312, 34, 322, 639, 1102, 
107, 117, 9, -112, 48, 63, -458, 312, 29, 322, 634, 1102, 
107, 117, 9, -112, 48, 63, -458, 312, 29, 322, 634, 1102, 
107, 117, 9, -112, 48, 63, -458, 312, 29, 322, 634, 1102, 
107, 117, 9, -112, 48, 63, -458, 312, 29, 322, 634, 1102, 
107, 117, 9, -112, 48, 63, -458, 312, 29, 322, 634, 1102, 
97, 117, 19, -107, 39, 68, -468, 317, 19, 322, 624, 1098, 
97, 122, 24, -109, 36, 73, -468, 317, 19, 322, 624, 1093, 
97, 122, 24, -109, 36, 73, -468, 317, 19, 322, 624, 1093, 
102, 122, 19, -112, 41, 70, -468, 317, 19, 326, 624, 1093, 
102, 122, 19, -112, 41, 70, -468, 307, 19, 326, 629, 1098, 
102, 117, 14, -109, 43, 65, -468, 307, 19, 326, 629, 1098, 
102, 117, 14, -109, 43, 65, -468, 307, 19, 326, 629, 1098, 
102, 117, 14, -109, 43, 65, -468, 307, 19, 322, 624, 1098, 
102, 117, 14, -109, 43, 65, -468, 317, 9, 322, 624, 1088, 
97, 117, 19, -107, 39, 68, -468, 317, 14, 322, 624, 1088, 
97, 112, 14, -104, 41, 63, -463, 317, 14, 322, 624, 1088, 
97, 112, 14, -104, 41, 63, -463, 317, 14, 322, 624, 1088, 
92, 122, 29, -107, 31, 75, -463, 317, 14, 322, 624, 1083, 
92, 126, 34, -109, 29, 80, -463, 317, 14, 322, 624, 1083, 
87, 126, 39, -107, 24, 82, -463, 322, 24, 326, 624, 1088, 
87, 131, 43, -109, 21, 87, -463, 322, 24, 326, 624, 1088, 
97, 141, 43, -119, 26, 92, -463, 322, 24, 331, 619, 1093, 
97, 156, 58, -126, 19, 107, -458, 326, 34, 341, 629, 1093, 
97, 175, 78, -136, 9, 126, -453, 331, 43, 346, 639, 1098, 
97, 195, 97, -146, 0, 146, -448, 336, 43, 351, 644, 1107, 
107, 195, 87, -151, 9, 141, -448, 336, 48, 356, 658, 1112, 
107, 200, 92, -153, 7, 146, -448, 341, 53, 361, 663, 1117, 
112, 209, 97, -161, 7, 153, -448, 341, 58, 366, 663, 1117, 
112, 219, 107, -165, 2, 163, -444, 346, 63, 366, 663, 1117, 
112, 229, 117, -170, -2, 173, -444, 346, 58, 375, 658, 1117, 
117, 229, 112, -173, 2, 170, -439, 356, 63, 380, 658, 1117, 
117, 234, 117, -175, 0, 175, -439, 356, 63, 380, 663, 1117, 
117, 234, 117, -175, 0, 175, -444, 356, 63, 380, 663, 1117, 
126, 239, 112, -183, 7, 175, -444, 356, 73, 370, 663, 1107, 
126, 239, 112, -183, 7, 175, -444, 356, 78, 375, 663, 1107, 
126, 239, 112, -183, 7, 175, -444, 356, 78, 380, 663, 1107, 
126, 244, 117, -185, 4, 180, -448, 356, 78, 380, 668, 1112, 
126, 253, 126, -190, 0, 190, -448, 341, 78, 390, 678, 1117, 
131, 253, 122, -192, 4, 187, -458, 341, 73, 390, 678, 1122, 
131, 263, 131, -197, 0, 197, -463, 331, 73, 390, 683, 1132, 
131, 268, 136, -200, -2, 202, -473, 317, 68, 390, 688, 1137, 
126, 263, 136, -195, -4, 200, -492, 322, 58, 390, 683, 1141, 
126, 268, 141, -197, -7, 204, -497, 312, 58, 390, 683, 1141, 
126, 268, 141, -197, -7, 204, -502, 302, 53, 390, 683, 1141, 
126, 273, 146, -200, -9, 209, -512, 292, 53, 390, 692, 1146, 
136, 283, 146, -209, -4, 214, -527, 287, 58, 390, 692, 1151, 
136, 283, 146, -209, -4, 214, -527, 287, 58, 390, 697, 1151, 
136, 287, 151, -212, -7, 219, -527, 292, 58, 395, 697, 1151, 
146, 292, 146, -219, 0, 219, -531, 292, 58, 400, 692, 1151, 
151, 302, 151, -226, 0, 226, -531, 312, 63, 400, 692, 1151, 
156, 297, 141, -226, 7, 219, -531, 317, 63, 405, 692, 1151, 
161, 297, 136, -229, 12, 217, -527, 322, 73, 409, 692, 1151, 
161, 297, 136, -229, 12, 217, -527, 326, 73, 409, 702, 1156, 
161, 297, 136, -229, 12, 217, -512, 326, 68, 409, 697, 1156, 
170, 297, 126, -234, 21, 212, -512, 326, 68, 414, 697, 1156, 
161, 297, 136, -229, 12, 217, -512, 326, 68, 414, 697, 1151, 
161, 292, 131, -226, 14, 212, -512, 326, 68, 409, 697, 1141, 
156, 268, 112, -212, 21, 190, -512, 322, 53, 400, 678, 1122, 
146, 244, 97, -195, 24, 170, -512, 317, 48, 395, 668, 1107, 
141, 219, 78, -180, 31, 148, -502, 312, 43, 380, 658, 1093, 
126, 190, 63, -158, 31, 126, -502, 307, 34, 361, 644, 1073, 
112, 165, 53, -139, 29, 109, -502, 302, 14, 346, 619, 1073, 
107, 146, 39, -126, 34, 92, -497, 302, 0, 341, 614, 1058, 
97, 136, 39, -117, 29, 87, -497, 297, -4, 336, 610, 1058, 
97, 122, 24, -109, 36, 73, -492, 297, -9, 326, 605, 1054, 
87, 112, 24, -100, 31, 68, -502, 297, -14, 312, 585, 1039, 
87, 112, 24, -100, 31, 68, -502, 297, -14, 312, 580, 1024, 
82, 107, 24, -95, 29, 65, -502, 297, -14, 307, 580, 1019, 
82, 97, 14, -90, 34, 56, -502, 297, -24, 307, 575, 1015, 
92, 92, 0, -92, 46, 46, -502, 297, -29, 302, 580, 1010, 
92, 92, 0, -92, 46, 46, -497, 297, -29, 297, 575, 1005, 
92, 87, -4, -90, 48, 41, -497, 297, -34, 287, 570, 1000, 
92, 92, 0, -92, 46, 46, -497, 297, -39, 283, 566, 995, 
102, 102, 0, -102, 51, 51, -497, 302, -39, 292, 566, 995, 
102, 97, -4, -100, 53, 46, -497, 302, -39, 297, 561, 995, 
102, 97, -4, -100, 53, 46, -497, 302, -39, 297, 561, 995, 
102, 92, -9, -97, 56, 41, -497, 302, -39, 297, 561, 990, 
102, 102, 0, -102, 51, 51, -497, 302, -39, 297, 551, 990, 
102, 102, 0, -102, 51, 51, -497, 302, -39, 297, 551, 990, 
107, 97, -9, -102, 58, 43, -497, 302, -39, 297, 551, 985, 
112, 97, -14, -104, 63, 41, -497, 302, -39, 297, 551, 985, 
112, 102, -9, -107, 61, 46, -497, 302, -34, 297, 551, 985, 
112, 102, -9, -107, 61, 46, -497, 302, -34, 302, 551, 990, 
112, 102, -9, -107, 61, 46, -492, 302, -34, 302, 551, 995, 
112, 102, -9, -107, 61, 46, -492, 307, -34, 302, 551, 995, 
112, 102, -9, -107, 61, 46, -492, 307, -24, 302, 561, 995, 
112, 102, -9, -107, 61, 46, -492, 307, -24, 312, 561, 985, 
122, 102, -19, -112, 70, 41, -492, 317, -19, 302, 556, 980, 
122, 82, -39, -102, 80, 21, -488, 351, -14, 297, 536, 966, 
126, 48, -78, -87, 102, -14, -453, 405, -4, 278, 512, 927, 
131, 0, -131, -65, 131, -65, -419, 488, 9, 258, 463, 878, 
141, -34, -175, -53, 158, -104, -356, 580, 34, 239, 409, 819, 
136, -34, -170, -51, 153, -102, -307, 658, 53, 229, 390, 790, 
136, 4, -131, -70, 134, -63, -263, 712, 82, 239, 380, 790, 
161, 48, -112, -104, 136, -31, -244, 775, 146, 273, 405, 800, 
190, 107, -82, -148, 136, 12, -224, 858, 263, 356, 448, 829, 
219, 195, -24, -207, 122, 85, -244, 922, 400, 468, 527, 888, 
244, 366, 122, -305, 61, 244, -273, 946, 570, 653, 673, 1010, 
278, 614, 336, -446, -29, 475, -283, 1000, 854, 932, 897, 1190, 
287, 936, 649, -612, -180, 793, -292, 1019, 1195, 1278, 1171, 1424, 
297, 1273, 976, -785, -339, 1124, -356, 868, 1449, 1634, 1483, 1698, 
287, 1590, 1302, -939, -507, 1446, -536, 483, 1498, 1908, 1795, 2010, 
273, 1888, 1615, -1080, -671, 1751, -810, -73, 1385, 2088, 2117, 2342, 
229, 2200, 1971, -1215, -871, 2086, -1078, -629, 1332, 2259, 2440, 2679, 
185, 2352, 2166, -1268, -990, 2259, -1176, -897, 1361, 2337, 2571, 2830, 
156, 2025, 1869, -1090, -856, 1947, -1058, -814, 1381, 2166, 2278, 2557, 
146, 1454, 1307, -800, -580, 1381, -922, -629, 1200, 1771, 1786, 2108, 
122, 1127, 1005, -624, -441, 1066, -922, -653, 761, 1332, 1498, 1898, 
73, 941, 868, -507, -397, 905, -971, -746, 146, 854, 1298, 1771, 
14, 649, 634, -331, -309, 641, -932, -727, -497, 322, 1000, 1537, 
-4, 361, 366, -178, -185, 363, -858, -629, -927, -63, 751, 1322, 
-4, 200, 204, -97, -104, 202, -800, -502, -922, -122, 634, 1195, 
4, 43, 39, -24, -17, 41, -766, -395, -800, -92, 517, 1058, 
19, -92, -112, 36, 65, -102, -751, -336, -814, -156, 419, 946, 
34, -175, -209, 70, 122, -192, -736, -268, -805, -190, 366, 888, 
39, -214, -253, 87, 146, -234, -683, -165, -702, -141, 336, 849, 
43, -229, -273, 92, 158, -251, -639, -48, -600, -102, 322, 819, 
53, -209, -263, 78, 158, -236, -634, 14, -522, -53, 331, 814, 
63, -161, -224, 48, 143, -192, -644, 34, -439, 0, 356, 824, 
73, -112, -185, 19, 129, -148, -634, 68, -351, 68, 385, 849, 
92, -63, -156, -14, 124, -109, -605, 122, -273, 117, 414, 868, 
107, -29, -136, -39, 122, -82, -575, 175, -219, 161, 439, 868, 
122, -9, -131, -56, 126, -70, -546, 229, -165, 185, 444, 873, 
126, 4, -122, -65, 124, -58, -522, 273, -136, 204, 453, 883, 
136, 14, -122, -75, 129, -53, -497, 302, -112, 219, 463, 893, 
141, 34, -107, -87, 124, -36, -488, 312, -87, 224, 473, 897, 
141, 48, -92, -95, 117, -21, -483, 331, -68, 239, 483, 907, 
141, 53, -87, -97, 114, -17, -478, 336, -53, 253, 483, 912, 
141, 73, -68, -107, 104, 2, -483, 346, -29, 278, 497, 917, 
151, 82, -68, -117, 109, 7, -483, 346, -9, 292, 507, 917, 
151, 87, -63, -119, 107, 12, -488, 356, 0, 302, 507, 917, 
151, 87, -63, -119, 107, 12, -488, 370, 9, 312, 507, 917, 
151, 97, -53, -124, 102, 21, -473, 380, 14, 302, 507, 927, 
151, 97, -53, -124, 102, 21, -468, 385, 14, 302, 507, 927, 
156, 97, -58, -126, 107, 19, -463, 390, 14, 302, 507, 922, 
156, 97, -58, -126, 107, 19, -463, 390, 14, 302, 507, 922, 
156, 97, -58, -126, 107, 19, -463, 390, 14, 297, 497, 922, 
161, 97, -63, -129, 112, 17, -463, 390, 24, 297, 497, 922, 
161, 107, -53, -134, 107, 26, -463, 395, 29, 307, 497, 922, 
156, 112, -43, -134, 100, 34, -458, 395, 39, 312, 507, 927, 
156, 112, -43, -134, 100, 34, -468, 395, 39, 317, 507, 917, 
156, 112, -43, -134, 100, 34, -468, 400, 39, 322, 512, 917, 
161, 112, -48, -136, 104, 31, -468, 400, 43, 322, 512, 932, 
165, 112, -53, -139, 109, 29, -463, 400, 43, 326, 512, 932, 
170, 122, -48, -146, 109, 36, -463, 409, 53, 317, 512, 927, 
170, 126, -43, -148, 107, 41, -463, 409, 53, 322, 517, 927, 
170, 126, -43, -148, 107, 41, -458, 409, 58, 326, 517, 922, 
165, 126, -39, -146, 102, 43, -458, 414, 63, 326, 517, 917, 
165, 126, -39, -146, 102, 43, -458, 424, 68, 336, 512, 912, 
165, 126, -39, -146, 102, 43, -458, 424, 68, 341, 512, 917, 
170, 126, -43, -148, 107, 41, -458, 424, 73, 341, 512, 922, 
170, 126, -43, -148, 107, 41, -458, 429, 78, 346, 522, 922, 
170, 136, -34, -153, 102, 51, -458, 429, 78, 346, 522, 927, 
170, 136, -34, -153, 102, 51, -458, 429, 82, 346, 522, 922, 
170, 136, -34, -153, 102, 51, -458, 439, 82, 351, 512, 917, 
170, 136, -34, -153, 102, 51, -458, 444, 87, 351, 512, 917, 
170, 126, -43, -148, 107, 41, -458, 444, 92, 351, 522, 912, 
175, 131, -43, -153, 109, 43, -458, 444, 92, 356, 517, 912, 
175, 146, -29, -161, 102, 58, -458, 444, 97, 356, 512, 912, 
180, 146, -34, -163, 107, 56, -458, 453, 102, 361, 512, 912, 
170, 141, -29, -156, 100, 56, -453, 453, 117, 356, 522, 917, 
170, 146, -24, -158, 97, 61, -453, 458, 122, 361, 527, 917, 
175, 146, -29, -161, 102, 58, -453, 463, 126, 361, 527, 917, 
175, 146, -29, -161, 102, 58, -453, 468, 131, 366, 531, 917, 
185, 151, -34, -168, 109, 58, -463, 473, 131, 370, 522, 907, 
185, 151, -34, -168, 109, 58, -463, 478, 136, 375, 522, 907, 
185, 151, -34, -168, 109, 58, -463, 478, 146, 380, 517, 912, 
180, 156, -24, -168, 102, 65, -463, 483, 161, 385, 517, 912, 
190, 165, -24, -178, 107, 70, -463, 497, 165, 395, 507, 902, 
190, 165, -24, -178, 107, 70, -463, 497, 170, 395, 517, 902, 
190, 165, -24, -178, 107, 70, -458, 502, 175, 400, 517, 902, 
190, 161, -29, -175, 109, 65, -458, 507, 185, 405, 517, 897, 
195, 165, -29, -180, 112, 68, -458, 517, 195, 409, 527, 907, 
195, 170, -24, -183, 109, 73, -458, 517, 204, 414, 527, 912, 
195, 175, -19, -185, 107, 78, -458, 522, 209, 419, 522, 912, 
200, 180, -19, -190, 109, 80, -458, 536, 219, 424, 517, 912, 
204, 175, -29, -190, 117, 73, -453, 551, 229, 434, 527, 907, 
204, 175, -29, -190, 117, 73, -448, 561, 244, 444, 527, 907, 
219, 195, -24, -207, 122, 85, -444, 566, 248, 453, 527, 912, 
224, 204, -19, -214, 122, 92, -444, 570, 263, 468, 536, 912, 
214, 204, -9, -209, 112, 97, -434, 585, 283, 473, 531, 907, 
214, 209, -4, -212, 109, 102, -434, 595, 302, 483, 536, 917, 
214, 219, 4, -217, 104, 112, -434, 605, 317, 492, 541, 922, 
214, 229, 14, -222, 100, 122, -429, 610, 331, 502, 546, 927, 
219, 239, 19, -229, 100, 129, -429, 624, 336, 517, 551, 922, 
219, 248, 29, -234, 95, 139, -434, 639, 356, 527, 561, 922, 
224, 253, 29, -239, 97, 141, -439, 658, 375, 541, 566, 927, 
239, 263, 24, -251, 107, 143, -444, 673, 395, 556, 570, 927, 
253, 283, 29, -268, 112, 156, -434, 688, 419, 570, 580, 922, 
258, 283, 24, -270, 117, 153, -434, 702, 439, 585, 590, 932, 
263, 283, 19, -273, 122, 151, -439, 707, 458, 600, 600, 936, 
268, 292, 24, -280, 122, 158, -439, 727, 478, 614, 605, 951, 
273, 307, 34, -290, 119, 170, -448, 732, 502, 639, 614, 966, 
273, 326, 53, -300, 109, 190, -448, 751, 522, 658, 629, 971, 
278, 341, 63, -309, 107, 202, -448, 756, 546, 673, 644, 980, 
283, 351, 68, -317, 107, 209, -453, 766, 566, 688, 658, 990, 
287, 370, 82, -329, 102, 226, -453, 780, 575, 702, 663, 1000, 
292, 385, 92, -339, 100, 239, -458, 785, 590, 717, 678, 1015, 
297, 409, 112, -353, 92, 261, -463, 795, 610, 732, 688, 1019, 
302, 434, 131, -368, 85, 283, -463, 805, 629, 751, 702, 1034, 
297, 453, 156, -375, 70, 305, -463, 805, 639, 775, 717, 1054, 
302, 458, 156, -380, 73, 307, -463, 805, 649, 780, 732, 1063, 
307, 468, 161, -387, 73, 314, -468, 805, 653, 795, 746, 1078, 
312, 478, 165, -395, 73, 322, -473, 805, 663, 810, 751, 1083, 
322, 497, 175, -409, 73, 336, -478, 795, 668, 819, 751, 1083, 
322, 512, 190, -417, 65, 351, -483, 795, 668, 819, 766, 1088, 
322, 522, 200, -422, 61, 361, -488, 790, 668, 829, 775, 1098, 
326, 527, 200, -427, 63, 363, -492, 790, 673, 829, 795, 1107, 
322, 531, 209, -427, 56, 370, -497, 795, 673, 839, 785, 1112, 
322, 541, 219, -431, 51, 380, -497, 790, 673, 839, 795, 1122, 
317, 546, 229, -431, 43, 387, -502, 790, 668, 844, 795, 1132, 
317, 546, 229, -431, 43, 387, -507, 785, 668, 849, 805, 1141, 
326, 556, 229, -441, 48, 392, -512, 761, 673, 839, 805, 1132, 
326, 566, 239, -446, 43, 402, -512, 761, 668, 839, 814, 1137, 
322, 570, 248, -446, 36, 409, -517, 741, 658, 839, 814, 1146, 
322, 570, 248, -446, 36, 409, -522, 732, 644, 834, 814, 1146, 
322, 570, 248, -446, 36, 409, -536, 712, 619, 829, 829, 1156, 
317, 570, 253, -444, 31, 412, -536, 697, 600, 824, 829, 1156, 
312, 570, 258, -441, 26, 414, -536, 683, 575, 810, 819, 1156, 
312, 566, 253, -439, 29, 409, -531, 673, 551, 795, 814, 1141, 
302, 561, 258, -431, 21, 409, -531, 658, 531, 775, 805, 1127, 
297, 556, 258, -427, 19, 407, -527, 649, 512, 751, 795, 1127, 
287, 546, 258, -417, 14, 402, -522, 629, 492, 732, 785, 1117, 
283, 536, 253, -409, 14, 395, -522, 624, 468, 712, 766, 1107, 
278, 522, 244, -400, 17, 383, -522, 605, 434, 678, 741, 1093, 
273, 502, 229, -387, 21, 366, -517, 590, 409, 663, 722, 1083, 
268, 478, 209, -373, 29, 344, -517, 570, 380, 644, 702, 1073, 
263, 463, 200, -363, 31, 331, -512, 556, 356, 624, 692, 1058, 
263, 444, 180, -353, 41, 312, -512, 536, 322, 605, 678, 1034, 
258, 424, 165, -341, 46, 295, -517, 527, 292, 580, 668, 1024, 
253, 414, 161, -334, 46, 287, -517, 512, 268, 561, 653, 1010, 
244, 400, 156, -322, 43, 278, -512, 502, 244, 536, 639, 1000, 
239, 395, 156, -317, 41, 275, -512, 492, 224, 512, 614, 985, 
234, 380, 146, -307, 43, 263, -507, 478, 204, 502, 600, 971, 
234, 366, 131, -300, 51, 248, -507, 468, 195, 488, 585, 956, 
234, 341, 107, -287, 63, 224, -507, 458, 185, 473, 570, 946, 
219, 331, 112, -275, 53, 222, -502, 448, 156, 458, 556, 927, 
219, 322, 102, -270, 58, 212, -502, 434, 136, 448, 551, 922, 
219, 317, 97, -268, 61, 207, -502, 419, 122, 434, 546, 917, 
214, 312, 97, -263, 58, 204, -497, 409, 102, 419, 541, 907, 
214, 302, 87, -258, 63, 195, -497, 414, 102, 414, 531, 893, 
209, 292, 82, -251, 63, 187, -502, 409, 92, 400, 527, 893, 
209, 287, 78, -248, 65, 183, -502, 400, 78, 385, 517, 888, 
209, 283, 73, -246, 68, 178, -502, 390, 68, 380, 512, 883, 
209, 273, 63, -241, 73, 168, -502, 380, 53, 375, 492, 883, 
209, 263, 53, -236, 78, 158, -502, 370, 48, 370, 492, 883, 
209, 253, 43, -231, 82, 148, -502, 366, 43, 366, 492, 868, 
209, 253, 43, -231, 82, 148, -502, 366, 43, 361, 483, 863, 
209, 248, 39, -229, 85, 143, -502, 366, 24, 351, 468, 854, 
204, 244, 39, -224, 82, 141, -507, 361, 14, 346, 473, 854, 
204, 244, 39, -224, 82, 141, -507, 356, 4, 336, 473, 849, 
204, 239, 34, -222, 85, 136, -507, 356, -9, 326, 473, 849, 
204, 239, 34, -222, 85, 136, -507, 351, -4, 322, 468, 849, 
200, 234, 34, -217, 82, 134, -507, 346, -4, 322, 463, 849, 
195, 234, 39, -214, 78, 136, -507, 341, 0, 322, 463, 844, 
204, 229, 24, -217, 90, 126, -507, 341, 4, 317, 463, 844, 
200, 229, 29, -214, 85, 129, -517, 341, -9, 317, 463, 834, 
195, 229, 34, -212, 80, 131, -517, 341, -9, 317, 458, 834, 
195, 229, 34, -212, 80, 131, -517, 336, -14, 317, 453, 834, 
190, 234, 43, -212, 73, 139, -517, 331, -14, 317, 448, 834, 
200, 234, 34, -217, 82, 134, -517, 336, -14, 317, 439, 834, 
200, 234, 34, -217, 82, 134, -512, 336, -14, 317, 439, 834, 
185, 234, 48, -209, 68, 141, -512, 336, -19, 312, 458, 834, 
175, 234, 58, -204, 58, 146, -512, 336, -19, 312, 458, 834, 
185, 239, 53, -212, 65, 146, -522, 322, -9, 312, 463, 834, 
185, 234, 48, -209, 68, 141, -522, 322, -9, 312, 453, 834, 
190, 229, 39, -209, 75, 134, -522, 326, -14, 307, 439, 810, 
204, 224, 19, -214, 92, 122, -522, 326, -14, 307, 439, 810, 
195, 200, 4, -197, 95, 102, -527, 326, -14, 307, 439, 810, 
190, 204, 14, -197, 87, 109, -527, 326, -14, 307, 439, 814, 
190, 214, 24, -202, 82, 119, -527, 326, -14, 307, 439, 819, 
190, 229, 39, -209, 75, 134, -527, 326, -14, 307, 439, 819, 
190, 229, 39, -209, 75, 134, -517, 322, -24, 307, 429, 814, 
190, 229, 39, -209, 75, 134, -517, 322, -24, 307, 429, 810, 
190, 224, 34, -207, 78, 129, -517, 322, -24, 307, 429, 800, 
190, 224, 34, -207, 78, 129, -517, 322, -24, 307, 434, 790, 
180, 229, 48, -204, 65, 139, -517, 322, -24, 307, 424, 790, 
185, 234, 48, -209, 68, 141, -522, 322, -24, 307, 424, 795, 
190, 234, 43, -212, 73, 139, -522, 322, -24, 307, 424, 795, 
195, 244, 48, -219, 73, 146, -522, 322, -24, 307, 424, 795, 
190, 248, 58, -219, 65, 153, -522, 336, -19, 302, 434, 790, 
190, 248, 58, -219, 65, 153, -522, 336, -19, 302, 434, 790, 
190, 244, 53, -217, 68, 148, -517, 336, -19, 302, 434, 795, 
190, 239, 48, -214, 70, 143, -517, 341, -19, 302, 434, 795, 
200, 239, 39, -219, 80, 139, -527, 341, -29, 302, 434, 795, 
195, 239, 43, -217, 75, 141, -522, 341, -24, 302, 434, 795, 
195, 244, 48, -219, 73, 146, -522, 341, -24, 302, 434, 795, 
195, 244, 48, -219, 73, 146, -522, 341, -24, 302, 434, 795, 
200, 244, 43, -222, 78, 143, -522, 341, -14, 307, 424, 785, 
200, 244, 43, -222, 78, 143, -522, 341, -14, 307, 424, 785, 
200, 244, 43, -222, 78, 143, -522, 346, -14, 307, 424, 785, 
195, 244, 48, -219, 73, 146, -522, 346, -14, 307, 424, 790, 
195, 253, 58, -224, 68, 156, -522, 351, -14, 307, 424, 780, 
195, 253, 58, -224, 68, 156, -522, 351, -14, 307, 424, 780, 
195, 253, 58, -224, 68, 156, -522, 351, -14, 307, 424, 790, 
195, 253, 58, -224, 68, 156, -517, 351, -4, 312, 429, 790, 
200, 253, 53, -226, 73, 153, -522, 351, -14, 312, 429, 780, 
200, 253, 53, -226, 73, 153, -522, 351, -14, 312, 429, 780, 
204, 258, 53, -231, 75, 156, -527, 351, -14, 312, 429, 780, 
204, 263, 58, -234, 73, 161, -527, 356, -14, 312, 429, 780, 
204, 263, 58, -234, 73, 161, -527, 356, -9, 322, 424, 780, 
204, 263, 58, -234, 73, 161, -527, 356, -9, 322, 424, 780, 
204, 263, 58, -234, 73, 161, -531, 356, -4, 322, 424, 780, 
204, 263, 58, -234, 73, 161, -531, 356, 0, 317, 424, 775, 
204, 263, 58, -234, 73, 161, -531, 356, 0, 317, 424, 785, 
204, 273, 68, -239, 68, 170, -531, 351, 0, 322, 429, 785, 
204, 273, 68, -239, 68, 170, -531, 351, 0, 322, 429, 785, 
204, 273, 68, -239, 68, 170, -536, 351, 0, 322, 429, 785, 
204, 268, 63, -236, 70, 165, -527, 351, 0, 322, 424, 775, 
204, 268, 63, -236, 70, 165, -527, 351, -4, 322, 429, 780, 
204, 268, 63, -236, 70, 165, -527, 351, -4, 322, 429, 780, 
204, 273, 68, -239, 68, 170, -527, 351, -4, 326, 429, 780, 
204, 273, 68, -239, 68, 170, -536, 351, -4, 317, 429, 780, 
204, 273, 68, -239, 68, 170, -536, 351, -4, 317, 434, 785, 
204, 273, 68, -239, 68, 170, -531, 351, -4, 322, 429, 785, 
204, 273, 68, -239, 68, 170, -531, 351, -4, 326, 424, 780, 
195, 273, 78, -234, 58, 175, -527, 346, -9, 317, 424, 780, 
209, 273, 63, -241, 73, 168, -527, 346, -9, 317, 419, 780, 
214, 273, 58, -244, 78, 165, -527, 346, -9, 317, 419, 775, 
214, 278, 63, -246, 75, 170, -531, 346, -14, 317, 419, 771, 
204, 273, 68, -239, 68, 170, -531, 346, -9, 317, 419, 780, 
204, 273, 68, -239, 68, 170, -531, 346, -9, 317, 419, 780, 
204, 273, 68, -239, 68, 170, -531, 346, -9, 317, 419, 780, 
204, 268, 63, -236, 70, 165, -536, 346, -14, 317, 419, 780, 
204, 278, 73, -241, 65, 175, -536, 346, -14, 307, 414, 780, 
204, 278, 73, -241, 65, 175, -536, 346, -14, 307, 409, 780, 
200, 278, 78, -239, 61, 178, -536, 346, -14, 312, 409, 775, 
200, 278, 78, -239, 61, 178, -531, 346, -9, 312, 414, 785, 
204, 278, 73, -241, 65, 175, -541, 346, -19, 312, 414, 800, 
204, 278, 73, -241, 65, 175, -546, 346, -19, 312, 414, 814, 
204, 278, 73, -241, 65, 175, -546, 341, -19, 307, 414, 805, 
204, 273, 68, -239, 68, 170, -546, 341, -19, 307, 414, 785, 
214, 273, 58, -244, 78, 165, -536, 341, -24, 307, 414, 795, 
209, 273, 63, -241, 73, 168, -536, 341, -24, 307, 409, 741, 
209, 273, 63, -241, 73, 168, -536, 341, -24, 307, 409, 732, 
209, 273, 63, -241, 73, 168, -536, 346, -24, 307, 409, 746, 
209, 263, 53, -236, 78, 158, -541, 346, -24, 307, 400, 751, 
209, 268, 58, -239, 75, 163, -541, 341, -24, 307, 400, 751, 
209, 268, 58, -239, 75, 163, -546, 341, -29, 302, 395, 756, 
209, 263, 53, -236, 78, 158, -546, 341, -29, 292, 395, 761, 
209, 268, 58, -239, 75, 163, -536, 336, -43, 292, 390, 761, 
209, 268, 58, -239, 75, 163, -546, 336, -43, 287, 390, 761, 
209, 268, 58, -239, 75, 163, -546, 331, -43, 292, 395, 761, 
214, 263, 48, -239, 82, 156, -546, 331, -48, 292, 390, 761, 
214, 263, 48, -239, 82, 156, -546, 331, -48, 292, 390, 761, 
214, 263, 48, -239, 82, 156, -546, 331, -48, 292, 390, 761, 
214, 263, 48, -239, 82, 156, -546, 331, -48, 292, 390, 761, 
214, 263, 48, -239, 82, 156, -546, 331, -48, 292, 390, 761, 
204, 263, 58, -234, 73, 161, -536, 326, -48, 292, 390, 756, 
204, 268, 63, -236, 70, 165, -536, 326, -48, 292, 390, 751, 
204, 268, 63, -236, 70, 165, -536, 326, -48, 292, 390, 751, 
209, 268, 58, -239, 75, 163, -536, 326, -48, 297, 390, 751, 
209, 278, 68, -244, 70, 173, -536, 326, -48, 287, 385, 756, 
209, 273, 63, -241, 73, 168, -536, 326, -48, 287, 385, 756, 
209, 273, 63, -241, 73, 168, -536, 326, -48, 287, 385, 756, 
209, 273, 63, -241, 73, 168, -536, 326, -48, 283, 380, 756, 
219, 273, 53, -246, 82, 163, -536, 326, -48, 292, 380, 746, 
214, 273, 58, -244, 78, 165, -536, 326, -43, 292, 380, 746, 
214, 268, 53, -241, 80, 161, -531, 326, -43, 292, 380, 746, 
214, 268, 53, -241, 80, 161, -531, 326, -43, 292, 380, 746, 
219, 268, 48, -244, 85, 158, -531, 326, -43, 292, 380, 751, 
219, 273, 53, -246, 82, 163, -531, 326, -43, 292, 380, 751, 
214, 273, 58, -244, 78, 165, -531, 331, -34, 297, 380, 756, 
214, 278, 63, -246, 75, 170, -531, 331, -34, 297, 380, 756, 
224, 283, 58, -253, 82, 170, -531, 341, -24, 312, 385, 761, 
224, 292, 68, -258, 78, 180, -527, 346, -14, 322, 395, 761, 
224, 307, 82, -265, 70, 195, -522, 351, -4, 326, 405, 766, 
224, 322, 97, -273, 63, 209, -517, 356, -4, 331, 409, 775, 
224, 331, 107, -278, 58, 219, -507, 356, 0, 336, 414, 790, 
224, 336, 112, -280, 56, 224, -507, 361, 4, 341, 419, 795, 
229, 346, 117, -287, 56, 231, -507, 361, 9, 346, 419, 795, 
229, 356, 126, -292, 51, 241, -502, 366, 14, 346, 419, 795, 
239, 356, 117, -297, 61, 236, -502, 366, 19, 346, 424, 795, 
244, 356, 112, -300, 65, 234, -497, 375, 24, 351, 424, 795, 
244, 361, 117, -302, 63, 239, -497, 375, 24, 351, 429, 795, 
244, 361, 117, -302, 63, 239, -502, 375, 24, 351, 429, 795, 
244, 366, 122, -305, 61, 244, -502, 385, 24, 351, 429, 795, 
244, 366, 122, -305, 61, 244, -502, 385, 29, 356, 429, 795, 
244, 366, 122, -305, 61, 244, -502, 385, 29, 361, 429, 795, 
244, 370, 126, -307, 58, 248, -507, 385, 29, 361, 434, 800, 
253, 370, 117, -312, 68, 244, -507, 380, 29, 370, 434, 814, 
258, 370, 112, -314, 73, 241, -517, 380, 24, 370, 434, 819, 
258, 380, 122, -319, 68, 251, -522, 370, 24, 370, 439, 829, 
258, 385, 126, -322, 65, 256, -531, 356, 19, 370, 444, 834, 
263, 380, 117, -322, 73, 248, -541, 351, 29, 370, 448, 829, 
263, 385, 122, -324, 70, 253, -546, 341, 29, 370, 448, 829, 
263, 385, 122, -324, 70, 253, -551, 331, 24, 370, 448, 829, 
263, 390, 126, -326, 68, 258, -561, 322, 24, 370, 458, 834, 
263, 409, 146, -336, 58, 278, -575, 317, 29, 380, 458, 849, 
263, 409, 146, -336, 58, 278, -575, 317, 29, 380, 463, 849, 
263, 414, 151, -339, 56, 283, -575, 322, 29, 385, 463, 849, 
273, 419, 146, -346, 63, 283, -580, 322, 29, 390, 458, 849, 
278, 409, 131, -344, 73, 270, -570, 331, 34, 380, 458, 849, 
283, 405, 122, -344, 80, 263, -570, 336, 34, 385, 458, 849, 
287, 405, 117, -346, 85, 261, -566, 341, 43, 390, 458, 849, 
287, 405, 117, -346, 85, 261, -566, 346, 43, 390, 468, 854, 
278, 395, 117, -336, 80, 256, -561, 346, 48, 400, 473, 858, 
287, 395, 107, -341, 90, 251, -561, 346, 48, 405, 473, 863, 
278, 395, 117, -336, 80, 256, -561, 346, 48, 405, 473, 863, 
278, 390, 112, -334, 82, 251, -561, 346, 48, 400, 473, 858, 
287, 370, 82, -329, 102, 226, -551, 346, 34, 385, 463, 844, 
283, 351, 68, -317, 107, 209, -551, 346, 29, 385, 453, 834, 
283, 331, 48, -307, 117, 190, -541, 346, 24, 375, 444, 824, 
273, 307, 34, -290, 119, 170, -541, 346, 14, 361, 429, 810, 
268, 292, 24, -280, 122, 158, -541, 351, 4, 346, 405, 800, 
263, 273, 9, -268, 126, 141, -536, 351, -9, 341, 400, 785, 
253, 263, 9, -258, 122, 136, -536, 346, -14, 336, 395, 785, 
253, 248, -4, -251, 129, 122, -531, 346, -19, 326, 390, 780, 
244, 248, 4, -246, 119, 126, -531, 346, -14, 331, 380, 780, 
244, 248, 4, -246, 119, 126, -531, 346, -14, 331, 375, 771, 
239, 244, 4, -241, 117, 124, -531, 346, -14, 326, 375, 771, 
239, 234, -4, -236, 122, 114, -531, 346, -24, 326, 370, 771, 
248, 224, -24, -236, 136, 100, -531, 336, -39, 312, 366, 756, 
248, 219, -29, -234, 139, 95, -527, 336, -39, 307, 361, 751, 
248, 209, -39, -229, 143, 85, -527, 336, -43, 297, 356, 746, 
248, 209, -39, -229, 143, 85, -527, 336, -48, 292, 351, 741, 
248, 200, -48, -224, 148, 75, -527, 341, -39, 302, 351, 741, 
248, 195, -53, -222, 151, 70, -527, 341, -39, 307, 346, 741, 
248, 195, -53, -222, 151, 70, -527, 341, -39, 307, 346, 741, 
248, 190, -58, -219, 153, 65, -527, 341, -39, 307, 346, 736, 
253, 190, -63, -222, 158, 63, -517, 351, -29, 307, 356, 746, 
248, 190, -58, -219, 153, 65, -517, 351, -29, 307, 356, 746, 
248, 185, -63, -217, 156, 61, -517, 351, -29, 307, 356, 741, 
248, 185, -63, -217, 156, 61, -517, 351, -29, 307, 356, 741, 
258, 200, -58, -229, 158, 70, -527, 341, -34, 297, 356, 732, 
258, 200, -58, -229, 158, 70, -527, 341, -34, 302, 356, 736, 
258, 200, -58, -229, 158, 70, -522, 341, -34, 302, 356, 741, 
258, 200, -58, -229, 158, 70, -522, 346, -34, 302, 356, 741, 
258, 200, -58, -229, 158, 70, -522, 346, -24, 312, 356, 741, 
258, 200, -58, -229, 158, 70, -512, 356, -24, 312, 356, 741, 
258, 190, -68, -224, 163, 61, -512, 356, -19, 312, 351, 746, 
268, 180, -87, -224, 178, 46, -507, 380, -14, 307, 341, 732, 
273, 146, -126, -209, 200, 9, -492, 424, -14, 287, 317, 702, 
268, 97, -170, -183, 219, -36, -448, 507, 0, 268, 268, 653, 
268, 53, -214, -161, 241, -80, -395, 590, 14, 239, 214, 595, 
273, 43, -229, -158, 251, -92, -346, 668, 34, 229, 185, 556, 
273, 73, -200, -173, 236, -63, -292, 741, 63, 239, 175, 546, 
278, 107, -170, -192, 224, -31, -253, 805, 117, 273, 190, 556, 
307, 146, -161, -226, 234, -7, -234, 888, 214, 336, 224, 585, 
346, 214, -131, -280, 239, 41, -234, 961, 331, 439, 292, 634, 
370, 356, -14, -363, 192, 170, -263, 1005, 492, 595, 419, 736, 
395, 585, 190, -490, 102, 387, -283, 1049, 746, 834, 614, 907, 
424, 888, 463, -656, -19, 675, -292, 1098, 1078, 1161, 868, 1122, 
444, 1224, 780, -834, -168, 1002, -336, 1034, 1390, 1527, 1180, 1376, 
444, 1542, 1098, -993, -326, 1320, -478, 736, 1537, 1839, 1493, 1668, 
429, 1830, 1400, -1129, -485, 1615, -702, 219, 1483, 2049, 1805, 2000, 
395, 2152, 1756, -1273, -680, 1954, -980, -366, 1420, 2239, 2137, 2347, 
351, 2371, 2020, -1361, -834, 2196, -1137, -741, 1449, 2366, 2337, 2566, 
302, 2152, 1849, -1227, -773, 2000, -1049, -736, 1488, 2264, 2132, 2400, 
283, 1600, 1317, -941, -517, 1459, -893, -551, 1356, 1888, 1639, 1942, 
268, 1215, 946, -741, -339, 1080, -873, -536, 966, 1429, 1312, 1664, 
229, 1029, 800, -629, -285, 915, -941, -649, 390, 980, 1122, 1556, 
170, 775, 605, -473, -217, 690, -941, -688, -263, 478, 854, 1342, 
131, 488, 356, -309, -112, 422, -878, -619, -790, 34, 585, 1117, 
112, 297, 185, -204, -36, 241, -819, -492, -902, -102, 448, 980, 
122, 151, 29, -136, 46, 90, -775, -366, -771, -63, 341, 854, 
136, 4, -131, -70, 134, -63, -751, -287, -756, -97, 234, 751, 
151, -97, -248, -26, 200, -173, -736, -229, -775, -151, 170, 692, 
156, -146, -302, -4, 229, -224, -702, -136, -692, -122, 141, 653, 
161, -161, -322, 0, 241, -241, -649, -29, -590, -82, 136, 614, 
170, -151, -322, -9, 246, -236, -634, 53, -512, -43, 136, 610, 
180, -112, -292, -34, 236, -202, -644, 73, -439, 0, 151, 610, 
200, -63, -263, -68, 231, -163, -644, 97, -351, 58, 180, 634, 
209, -14, -224, -97, 217, -119, -624, 141, -273, 117, 209, 653, 
224, 19, -204, -122, 214, -92, -595, 204, -219, 161, 224, 663, 
239, 29, -209, -134, 224, -90, -556, 258, -165, 185, 239, 668, 
253, 43, -209, -148, 231, -82, -522, 322, -126, 204, 248, 678, 
263, 53, -209, -158, 236, -78, -488, 361, -102, 219, 258, 688, 
258, 73, -185, -165, 222, -56, -468, 380, -78, 244, 268, 692, 
268, 87, -180, -178, 224, -46, -463, 390, -48, 248, 278, 702, 
268, 102, -165, -185, 217, -31, -468, 395, -34, 263, 287, 717, 
268, 122, -146, -195, 207, -12, -473, 405, -9, 278, 302, 732, 
278, 131, -146, -204, 212, -7, -473, 405, 9, 292, 312, 732, 
278, 136, -141, -207, 209, -2, -478, 414, 19, 302, 312, 732, 
278, 136, -141, -207, 209, -2, -478, 429, 29, 312, 312, 732, 
278, 146, -131, -212, 204, 7, -463, 448, 34, 312, 312, 732, 
278, 146, -131, -212, 204, 7, -458, 453, 34, 312, 312, 732, 
283, 146, -136, -214, 209, 4, -453, 458, 34, 312, 312, 727, 
283, 146, -136, -214, 209, 4, -453, 458, 34, 312, 312, 727, 
292, 136, -156, -214, 224, -9, -444, 458, 34, 307, 312, 736, 
297, 136, -161, -217, 229, -12, -444, 458, 43, 307, 312, 736, 
297, 146, -151, -222, 224, -2, -444, 463, 48, 317, 312, 736, 
292, 151, -141, -222, 217, 4, -439, 463, 58, 322, 322, 741, 
283, 151, -131, -217, 207, 9, -448, 463, 68, 326, 322, 741, 
283, 151, -131, -217, 207, 9, -448, 468, 68, 331, 326, 741, 
287, 151, -136, -219, 212, 7, -448, 468, 73, 331, 326, 756, 
292, 151, -141, -222, 217, 4, -444, 468, 73, 336, 326, 756, 
292, 151, -141, -222, 217, 4, -444, 488, 82, 326, 326, 746, 
297, 156, -141, -226, 219, 7, -444, 488, 82, 331, 331, 751, 
302, 156, -146, -229, 224, 4, -439, 488, 87, 336, 331, 751, 
302, 156, -146, -229, 224, 4, -439, 492, 92, 336, 331, 751, 
292, 156, -136, -224, 214, 9, -439, 492, 97, 336, 326, 746, 
292, 156, -136, -224, 214, 9, -439, 492, 97, 341, 326, 751, 
297, 156, -141, -226, 219, 7, -439, 492, 102, 341, 326, 756, 
297, 156, -141, -226, 219, 7, -439, 497, 107, 346, 336, 756, 
307, 165, -141, -236, 224, 12, -439, 507, 107, 356, 336, 756, 
307, 165, -141, -236, 224, 12, -439, 507, 112, 356, 336, 756, 
307, 165, -141, -236, 224, 12, -439, 517, 112, 361, 326, 756, 
307, 165, -141, -236, 224, 12, -439, 522, 117, 361, 326, 761, 
307, 156, -151, -231, 229, 2, -429, 522, 131, 361, 336, 766, 
312, 161, -151, -236, 231, 4, -429, 522, 131, 366, 331, 766, 
312, 175, -136, -244, 224, 19, -429, 522, 136, 366, 326, 766, 
317, 175, -141, -246, 229, 17, -429, 531, 141, 370, 326, 766, 
317, 170, -146, -244, 231, 12, -424, 531, 146, 366, 326, 761, 
317, 175, -141, -246, 229, 17, -424, 536, 151, 370, 331, 761, 
322, 175, -146, -248, 234, 14, -424, 541, 156, 370, 331, 761, 
322, 175, -146, -248, 234, 14, -424, 546, 161, 375, 336, 761, 
322, 170, -151, -246, 236, 9, -424, 551, 170, 380, 346, 761, 
322, 170, -151, -246, 236, 9, -424, 556, 175, 385, 346, 761, 
322, 170, -151, -246, 236, 9, -424, 556, 185, 390, 341, 766, 
317, 175, -141, -246, 229, 17, -424, 561, 200, 395, 341, 766, 
326, 185, -141, -256, 234, 21, -424, 575, 204, 405, 341, 766, 
326, 185, -141, -256, 234, 21, -424, 575, 209, 405, 351, 766, 
326, 185, -141, -256, 234, 21, -419, 580, 214, 409, 351, 766, 
326, 180, -146, -253, 236, 17, -419, 585, 224, 414, 351, 761, 
331, 180, -151, -256, 241, 14, -409, 605, 234, 419, 351, 771, 
331, 180, -151, -256, 241, 14, -409, 605, 244, 424, 351, 775, 
331, 180, -151, -256, 241, 14, -409, 610, 248, 429, 346, 775, 
336, 180, -156, -258, 246, 12, -409, 624, 258, 434, 341, 775, 
331, 175, -156, -253, 244, 9, -409, 639, 278, 444, 346, 790, 
331, 175, -156, -253, 244, 9, -409, 649, 292, 453, 351, 790, 
346, 195, -151, -270, 248, 21, -409, 653, 297, 463, 356, 795, 
351, 204, -146, -278, 248, 29, -414, 658, 312, 478, 370, 795, 
361, 204, -156, -283, 258, 24, -405, 673, 322, 473, 366, 790, 
361, 209, -151, -285, 256, 29, -405, 683, 341, 483, 370, 800, 
361, 219, -141, -290, 251, 39, -405, 692, 356, 492, 375, 805, 
361, 229, -131, -295, 246, 48, -400, 697, 370, 502, 380, 810, 
366, 229, -136, -297, 251, 46, -405, 717, 385, 517, 375, 814, 
366, 239, -126, -302, 246, 56, -405, 727, 405, 527, 385, 814, 
370, 244, -126, -307, 248, 58, -405, 741, 424, 541, 390, 819, 
385, 253, -131, -319, 258, 61, -405, 751, 444, 556, 395, 819, 
380, 273, -107, -326, 244, 82, -405, 766, 468, 570, 409, 834, 
385, 273, -112, -329, 248, 80, -405, 780, 488, 585, 424, 844, 
390, 273, -117, -331, 253, 78, -409, 785, 507, 600, 439, 849, 
395, 283, -112, -339, 253, 85, -409, 805, 527, 614, 448, 863, 
400, 302, -97, -351, 248, 102, -409, 819, 551, 644, 458, 868, 
400, 326, -73, -363, 236, 126, -409, 839, 570, 668, 473, 873, 
405, 346, -58, -375, 231, 143, -409, 844, 595, 688, 488, 883, 
409, 361, -48, -385, 229, 156, -414, 854, 614, 707, 502, 893, 
414, 375, -39, -395, 226, 168, -405, 858, 634, 722, 527, 917, 
419, 385, -34, -402, 226, 175, -409, 863, 649, 736, 541, 936, 
424, 405, -19, -414, 222, 192, -414, 873, 668, 751, 551, 946, 
429, 424, -4, -427, 217, 209, -414, 883, 688, 771, 566, 966, 
424, 439, 14, -431, 204, 226, -434, 883, 697, 775, 570, 980, 
429, 448, 19, -439, 204, 234, -434, 883, 707, 780, 585, 985, 
434, 463, 29, -448, 202, 246, -439, 883, 712, 795, 600, 995, 
439, 478, 39, -458, 200, 258, -444, 883, 722, 810, 605, 995, 
439, 488, 48, -463, 195, 268, -448, 893, 736, 829, 605, 1010, 
439, 502, 63, -470, 187, 283, -453, 893, 736, 829, 619, 1019, 
439, 512, 73, -475, 183, 292, -458, 888, 736, 839, 629, 1034, 
444, 517, 73, -480, 185, 295, -463, 888, 741, 839, 649, 1049, 
448, 512, 63, -480, 192, 287, -458, 883, 751, 858, 658, 1054, 
448, 522, 73, -485, 187, 297, -458, 878, 751, 858, 668, 1063, 
444, 527, 82, -485, 180, 305, -463, 878, 746, 863, 668, 1073, 
444, 527, 82, -485, 180, 305, -468, 873, 746, 868, 678, 1083, 
444, 536, 92, -490, 175, 314, -473, 858, 741, 868, 688, 1083, 
444, 546, 102, -495, 170, 324, -473, 858, 736, 868, 697, 1088, 
439, 551, 112, -495, 163, 331, -478, 839, 727, 868, 697, 1098, 
439, 551, 112, -495, 163, 331, -483, 829, 712, 863, 697, 1098, 
439, 561, 122, -500, 158, 341, -488, 810, 702, 849, 702, 1107, 
434, 561, 126, -497, 153, 344, -488, 795, 688, 844, 702, 1107, 
429, 561, 131, -495, 148, 346, -488, 780, 668, 829, 692, 1107, 
429, 556, 126, -492, 151, 341, -483, 771, 649, 814, 688, 1093, 
419, 546, 126, -483, 146, 336, -492, 756, 619, 805, 688, 1088, 
414, 536, 122, -475, 146, 329, -488, 746, 600, 780, 678, 1088, 
405, 522, 117, -463, 143, 319, -483, 727, 580, 761, 668, 1078, 
400, 507, 107, -453, 146, 307, -483, 722, 556, 741, 649, 1068, 
385, 492, 107, -439, 139, 300, -483, 697, 531, 707, 634, 1054, 
380, 473, 92, -427, 143, 283, -478, 688, 507, 692, 614, 1044, 
375, 448, 73, -412, 151, 261, -478, 673, 478, 673, 595, 1034, 
370, 434, 63, -402, 153, 248, -473, 663, 453, 653, 585, 1019, 
370, 424, 53, -397, 158, 239, -468, 644, 439, 644, 561, 995, 
366, 405, 39, -385, 163, 222, -468, 634, 409, 619, 551, 985, 
361, 395, 34, -378, 163, 214, -463, 619, 385, 600, 536, 971, 
351, 380, 29, -366, 161, 204, -453, 610, 361, 575, 522, 961, 
346, 366, 19, -356, 163, 192, -453, 600, 341, 551, 507, 956, 
341, 351, 9, -346, 165, 180, -448, 585, 322, 541, 492, 941, 
341, 336, -4, -339, 173, 165, -448, 575, 312, 527, 478, 927, 
341, 312, -29, -326, 185, 141, -448, 566, 302, 512, 463, 917, 
317, 292, -24, -305, 170, 134, -434, 551, 283, 497, 458, 917, 
317, 283, -34, -300, 175, 124, -434, 541, 263, 488, 453, 912, 
317, 278, -39, -297, 178, 119, -434, 531, 248, 473, 448, 907, 
312, 273, -39, -292, 175, 117, -429, 527, 229, 458, 444, 897, 
312, 263, -48, -287, 180, 107, -429, 531, 219, 444, 424, 883, 
307, 253, -53, -280, 180, 100, -434, 527, 209, 429, 419, 883, 
307, 248, -58, -278, 183, 95, -434, 517, 195, 414, 409, 878, 
307, 244, -63, -275, 185, 90, -434, 507, 185, 409, 405, 873, 
307, 234, -73, -270, 190, 80, -434, 497, 170, 405, 395, 868, 
307, 224, -82, -265, 195, 70, -434, 488, 165, 400, 395, 873, 
307, 214, -92, -261, 200, 61, -434, 483, 161, 395, 395, 863, 
307, 214, -92, -261, 200, 61, -434, 483, 161, 390, 385, 863, 
307, 209, -97, -258, 202, 56, -434, 483, 161, 390, 370, 854, 
302, 204, -97, -253, 200, 53, -439, 478, 151, 385, 375, 854, 
302, 204, -97, -253, 200, 53, -439, 473, 141, 375, 375, 849, 
302, 200, -102, -251, 202, 48, -439, 473, 126, 366, 375, 849, 
297, 200, -97, -248, 197, 51, -429, 478, 136, 370, 370, 849, 
297, 195, -102, -246, 200, 46, -429, 473, 131, 370, 366, 849, 
297, 195, -102, -246, 200, 46, -429, 468, 131, 370, 366, 844, 
312, 190, -122, -251, 217, 34, -429, 468, 131, 366, 366, 844, 
307, 180, -126, -244, 217, 26, -429, 458, 126, 366, 370, 854, 
302, 180, -122, -241, 212, 29, -429, 458, 126, 366, 370, 854, 
302, 180, -122, -241, 212, 29, -429, 453, 122, 366, 370, 854, 
297, 185, -112, -241, 204, 36, -429, 448, 122, 366, 370, 854, 
307, 175, -131, -241, 219, 21, -419, 448, 122, 356, 366, 858, 
307, 175, -131, -241, 219, 21, -414, 453, 122, 356, 361, 854, 
292, 175, -117, -234, 204, 29, -414, 458, 117, 351, 375, 849, 
283, 175, -107, -229, 195, 34, -414, 463, 117, 351, 370, 844, 
283, 180, -102, -231, 192, 39, -424, 458, 117, 351, 375, 849, 
283, 175, -107, -229, 195, 34, -424, 458, 117, 351, 366, 854, 
287, 170, -117, -229, 202, 26, -424, 463, 112, 346, 351, 834, 
302, 165, -136, -234, 219, 14, -424, 463, 112, 346, 351, 839, 
302, 151, -151, -226, 226, 0, -429, 463, 112, 346, 361, 839, 
297, 156, -141, -226, 219, 7, -429, 463, 112, 346, 361, 844, 
297, 165, -131, -231, 214, 17, -429, 463, 112, 346, 361, 849, 
297, 180, -117, -239, 207, 31, -429, 463, 112, 346, 361, 849, 
297, 180, -117, -239, 207, 31, -419, 468, 122, 356, 361, 849, 
297, 180, -117, -239, 207, 31, -419, 468, 122, 356, 361, 849, 
297, 175, -122, -236, 209, 26, -419, 468, 122, 356, 361, 844, 
297, 175, -122, -236, 209, 26, -419, 468, 122, 356, 366, 839, 
287, 175, -112, -231, 200, 31, -409, 468, 131, 346, 366, 849, 
292, 175, -117, -234, 204, 29, -414, 468, 131, 346, 366, 854, 
297, 170, -126, -234, 212, 21, -414, 468, 131, 346, 366, 854, 
302, 175, -126, -239, 214, 24, -414, 468, 131, 346, 366, 854, 
297, 190, -107, -244, 202, 41, -414, 483, 136, 351, 356, 849, 
297, 190, -107, -244, 202, 41, -414, 483, 136, 351, 356, 849, 
297, 185, -112, -241, 204, 36, -409, 483, 136, 351, 356, 854, 
297, 180, -117, -239, 207, 31, -409, 488, 136, 351, 356, 854, 
297, 180, -117, -239, 207, 31, -419, 497, 136, 361, 366, 863, 
292, 180, -112, -236, 202, 34, -414, 497, 141, 361, 366, 863, 
292, 185, -107, -239, 200, 39, -414, 497, 141, 361, 366, 863, 
292, 185, -107, -239, 200, 39, -414, 497, 141, 361, 366, 863, 
307, 185, -122, -246, 214, 31, -405, 497, 141, 356, 366, 863, 
307, 185, -122, -246, 214, 31, -405, 497, 141, 356, 366, 863, 
307, 185, -122, -246, 214, 31, -405, 502, 141, 356, 366, 863, 
302, 185, -117, -244, 209, 34, -405, 502, 141, 356, 366, 868, 
302, 185, -117, -244, 209, 34, -395, 507, 151, 356, 375, 868, 
302, 185, -117, -244, 209, 34, -395, 507, 151, 356, 375, 868, 
302, 185, -117, -244, 209, 34, -395, 507, 151, 356, 375, 878, 
302, 185, -117, -244, 209, 34, -390, 507, 161, 361, 380, 878, 
307, 185, -122, -246, 214, 31, -395, 507, 161, 361, 370, 868, 
307, 185, -122, -246, 214, 31, -395, 507, 161, 361, 370, 868, 
312, 190, -122, -251, 217, 34, -400, 507, 161, 361, 370, 868, 
312, 195, -117, -253, 214, 39, -400, 512, 161, 361, 370, 868, 
312, 195, -117, -253, 214, 39, -390, 512, 156, 361, 385, 873, 
312, 195, -117, -253, 214, 39, -390, 512, 156, 361, 385, 878, 
312, 195, -117, -253, 214, 39, -395, 512, 161, 361, 385, 883, 
312, 195, -117, -253, 214, 39, -395, 512, 165, 356, 385, 883, 
312, 195, -117, -253, 214, 39, -395, 522, 165, 366, 385, 883, 
312, 204, -107, -258, 209, 48, -395, 517, 165, 370, 390, 883, 
312, 204, -107, -258, 209, 48, -395, 517, 165, 370, 390, 883, 
312, 204, -107, -258, 209, 48, -400, 517, 165, 370, 390, 883, 
312, 200, -112, -256, 212, 43, -390, 527, 175, 361, 395, 893, 
312, 200, -112, -256, 212, 43, -390, 527, 170, 361, 400, 897, 
312, 200, -112, -256, 212, 43, -390, 527, 170, 361, 400, 897, 
312, 204, -107, -258, 209, 48, -390, 527, 170, 366, 400, 897, 
322, 214, -107, -268, 214, 53, -400, 517, 170, 366, 395, 907, 
322, 214, -107, -268, 214, 53, -400, 517, 170, 366, 405, 912, 
322, 214, -107, -268, 214, 53, -395, 517, 170, 370, 405, 912, 
322, 214, -107, -268, 214, 53, -395, 517, 170, 375, 405, 907, 
317, 224, -92, -270, 204, 65, -400, 522, 175, 385, 405, 917, 
326, 224, -102, -275, 214, 61, -400, 522, 175, 385, 400, 917, 
326, 224, -102, -275, 214, 61, -400, 522, 175, 385, 400, 912, 
322, 229, -92, -275, 207, 68, -405, 522, 170, 385, 400, 907, 
322, 224, -97, -273, 209, 63, -395, 522, 165, 375, 409, 917, 
322, 224, -97, -273, 209, 63, -395, 522, 165, 375, 409, 917, 
322, 224, -97, -273, 209, 63, -395, 522, 165, 375, 409, 917, 
322, 219, -102, -270, 212, 58, -400, 522, 161, 375, 409, 917, 
322, 219, -102, -270, 212, 58, -400, 522, 161, 366, 405, 922, 
322, 219, -102, -270, 212, 58, -400, 522, 161, 366, 400, 927, 
317, 219, -97, -268, 207, 61, -400, 522, 161, 370, 400, 927, 
317, 219, -97, -268, 207, 61, -395, 522, 165, 370, 405, 941, 
322, 219, -102, -270, 212, 58, -395, 522, 165, 370, 405, 951, 
322, 219, -102, -270, 212, 58, -400, 522, 165, 370, 405, 971, 
322, 219, -102, -270, 212, 58, -400, 517, 165, 366, 405, 966, 
322, 214, -107, -268, 214, 53, -400, 517, 165, 366, 405, 951, 
322, 224, -97, -273, 209, 63, -390, 517, 170, 366, 405, 946, 
317, 224, -92, -270, 204, 65, -390, 517, 161, 366, 409, 946, 
317, 214, -102, -265, 209, 56, -390, 517, 161, 366, 409, 941, 
326, 224, -102, -275, 214, 61, -390, 522, 161, 366, 409, 941, 
331, 224, -107, -278, 219, 58, -390, 527, 165, 361, 400, 936, 
322, 214, -107, -268, 214, 53, -390, 517, 165, 361, 400, 936, 
322, 214, -107, -268, 214, 53, -390, 517, 165, 361, 400, 936, 
322, 214, -107, -268, 214, 53, -390, 517, 165, 361, 400, 936, 
322, 214, -107, -268, 214, 53, -390, 517, 165, 361, 400, 936, 
322, 224, -97, -273, 209, 63, -390, 512, 156, 361, 400, 941, 
322, 229, -92, -275, 207, 68, -390, 512, 156, 361, 400, 936, 
322, 229, -92, -275, 207, 68, -390, 512, 156, 361, 400, 936, 
326, 229, -97, -278, 212, 65, -390, 512, 156, 366, 400, 936, 
317, 229, -87, -273, 202, 70, -390, 522, 165, 366, 405, 941, 
317, 224, -92, -270, 204, 65, -390, 522, 165, 366, 405, 941, 
317, 224, -92, -270, 204, 65, -390, 522, 165, 366, 405, 941, 
317, 224, -92, -270, 204, 65, -390, 522, 165, 361, 400, 941, 
326, 224, -102, -275, 214, 61, -380, 522, 156, 351, 400, 951, 
322, 224, -97, -273, 209, 63, -380, 522, 161, 351, 400, 951, 
322, 219, -102, -270, 212, 58, -375, 522, 161, 351, 400, 951, 
322, 219, -102, -270, 212, 58, -375, 522, 161, 351, 400, 951, 
326, 219, -107, -273, 217, 56, -375, 522, 151, 341, 400, 956, 
326, 224, -102, -275, 214, 61, -375, 522, 151, 341, 400, 956, 
322, 224, -97, -273, 209, 63, -375, 527, 161, 346, 400, 961, 
322, 229, -92, -275, 207, 68, -375, 527, 161, 346, 400, 961, 
322, 244, -78, -283, 200, 82, -366, 536, 165, 370, 414, 976, 
322, 253, -68, -287, 195, 92, -361, 541, 180, 380, 424, 976, 
322, 268, -53, -295, 187, 107, -356, 546, 195, 385, 434, 980, 
322, 283, -39, -302, 180, 122, -351, 551, 200, 390, 439, 990, 
322, 283, -39, -302, 180, 122, -341, 551, 214, 395, 444, 1005, 
322, 287, -34, -305, 178, 126, -341, 556, 219, 400, 448, 1010, 
326, 297, -29, -312, 178, 134, -341, 556, 224, 405, 448, 1010, 
326, 307, -19, -317, 173, 143, -336, 561, 229, 405, 448, 1010, 
326, 307, -19, -317, 173, 143, -336, 561, 224, 405, 453, 1019, 
331, 307, -24, -319, 178, 141, -331, 570, 229, 409, 453, 1019, 
331, 312, -19, -322, 175, 146, -331, 570, 229, 409, 458, 1019, 
331, 312, -19, -322, 175, 146, -336, 570, 229, 409, 458, 1019, 
331, 317, -14, -324, 173, 151, -346, 570, 219, 400, 448, 1010, 
331, 317, -14, -324, 173, 151, -346, 570, 224, 405, 448, 1010, 
331, 317, -14, -324, 173, 151, -346, 570, 224, 409, 448, 1010, 
331, 322, -9, -326, 170, 156, -351, 570, 224, 409, 453, 1015, 
331, 326, -4, -329, 168, 161, -351, 556, 234, 419, 463, 1029, 
336, 331, -4, -334, 170, 163, -361, 556, 229, 419, 463, 1034, 
336, 346, 9, -341, 163, 178, -366, 546, 229, 419, 468, 1044, 
336, 356, 19, -346, 158, 187, -375, 531, 224, 419, 473, 1049, 
341, 361, 19, -351, 161, 190, -375, 536, 224, 419, 478, 1054, 
341, 366, 24, -353, 158, 195, -380, 527, 224, 419, 478, 1054, 
341, 366, 24, -353, 158, 195, -385, 517, 219, 419, 478, 1054, 
341, 370, 29, -356, 156, 200, -395, 507, 219, 419, 488, 1058, 
341, 380, 39, -361, 151, 209, -400, 512, 224, 409, 488, 1068, 
341, 380, 39, -361, 151, 209, -400, 512, 224, 409, 492, 1073, 
341, 385, 43, -363, 148, 214, -400, 517, 224, 414, 492, 1078, 
351, 390, 39, -370, 156, 214, -405, 517, 224, 419, 488, 1083, 
356, 390, 34, -373, 161, 212, -414, 536, 219, 419, 497, 1083, 
361, 385, 24, -373, 168, 204, -414, 541, 219, 424, 497, 1083, 
366, 385, 19, -375, 173, 202, -409, 546, 229, 429, 497, 1083, 
366, 385, 19, -375, 173, 202, -409, 551, 229, 429, 507, 1088, 
366, 385, 19, -375, 173, 202, -395, 541, 244, 429, 502, 1093, 
375, 385, 9, -380, 183, 197, -395, 541, 244, 434, 502, 1098, 
366, 385, 19, -375, 173, 202, -395, 541, 244, 434, 502, 1098, 
366, 380, 14, -373, 175, 197, -395, 541, 244, 429, 502, 1093, 
366, 361, -4, -363, 185, 178, -385, 551, 239, 414, 483, 1098, 
361, 341, -19, -351, 190, 161, -385, 551, 234, 414, 473, 1088, 
361, 322, -39, -341, 200, 141, -375, 551, 229, 405, 463, 1078, 
351, 297, -53, -324, 202, 122, -375, 551, 219, 390, 448, 1063, 
336, 283, -53, -309, 195, 114, -366, 546, 209, 385, 444, 1054, 
331, 263, -68, -297, 200, 97, -361, 546, 195, 380, 439, 1039, 
322, 253, -68, -287, 195, 92, -361, 541, 190, 375, 434, 1039, 
322, 239, -82, -280, 202, 78, -356, 541, 185, 366, 429, 1034, 
331, 239, -92, -285, 212, 73, -356, 531, 180, 351, 409, 1034, 
331, 239, -92, -285, 212, 73, -356, 531, 180, 351, 405, 1024, 
326, 234, -92, -280, 209, 70, -356, 531, 180, 346, 405, 1024, 
326, 224, -102, -275, 214, 61, -356, 531, 170, 346, 400, 1024, 
326, 224, -102, -275, 214, 61, -356, 541, 156, 331, 395, 1019, 
326, 219, -107, -273, 217, 56, -351, 541, 156, 326, 390, 1015, 
326, 209, -117, -268, 222, 46, -351, 541, 151, 317, 385, 1010, 
326, 209, -117, -268, 222, 46, -351, 541, 146, 312, 380, 1005, 
326, 209, -117, -268, 222, 46, -351, 546, 156, 312, 385, 1015, 
326, 204, -122, -265, 224, 41, -351, 546, 156, 317, 385, 1015, 
326, 204, -122, -265, 224, 41, -351, 546, 156, 317, 390, 1015, 
326, 200, -126, -263, 226, 36, -351, 546, 156, 317, 395, 1010, 
326, 209, -117, -268, 222, 46, -351, 546, 156, 307, 385, 1019, 
326, 209, -117, -268, 222, 46, -351, 546, 156, 307, 385, 1019, 
331, 204, -126, -268, 229, 39, -351, 546, 156, 307, 385, 1015, 
336, 204, -131, -270, 234, 36, -351, 546, 156, 307, 385, 1015, 
336, 219, -117, -278, 226, 51, -351, 556, 170, 317, 395, 1015, 
336, 219, -117, -278, 226, 51, -351, 556, 170, 322, 395, 1019, 
336, 219, -117, -278, 226, 51, -346, 556, 170, 322, 395, 1024, 
336, 219, -117, -278, 226, 51, -346, 561, 170, 322, 395, 1024, 
336, 229, -107, -283, 222, 61, -346, 561, 170, 331, 395, 1034, 
326, 219, -107, -273, 217, 56, -336, 561, 170, 331, 395, 1034, 
336, 219, -117, -278, 226, 51, -336, 561, 175, 331, 390, 1029, 
336, 209, -126, -273, 231, 41, -331, 585, 180, 326, 380, 1015, 
351, 175, -175, -263, 263, 0, -307, 629, 190, 317, 356, 995, 
356, 117, -239, -236, 297, -61, -273, 702, 214, 297, 317, 956, 
356, 73, -283, -214, 319, -104, -219, 785, 248, 287, 273, 917, 
351, 63, -287, -207, 319, -112, -170, 873, 287, 287, 244, 878, 
351, 92, -258, -222, 305, -82, -126, 936, 326, 287, 234, 858, 
366, 156, -209, -261, 287, -26, -107, 990, 380, 312, 248, 868, 
395, 224, -170, -309, 283, 26, -107, 1044, 478, 375, 292, 907, 
414, 302, -112, -358, 263, 95, -117, 1098, 595, 468, 361, 956, 
439, 434, -4, -436, 222, 214, -156, 1112, 736, 614, 468, 1039, 
473, 653, 180, -563, 146, 417, -195, 1127, 961, 844, 653, 1190, 
492, 936, 444, -714, 24, 690, -204, 1166, 1283, 1171, 897, 1395, 
512, 1244, 732, -878, -109, 988, -229, 1171, 1605, 1546, 1180, 1639, 
531, 1532, 1000, -1032, -234, 1266, -312, 1029, 1781, 1869, 1464, 1893, 
517, 1781, 1263, -1149, -373, 1522, -458, 649, 1708, 2069, 1747, 2176, 
463, 2074, 1610, -1268, -573, 1842, -688, 92, 1546, 2200, 2049, 2493, 
409, 2293, 1883, -1351, -736, 2088, -863, -341, 1468, 2288, 2239, 2703, 
361, 2074, 1712, -1217, -675, 1893, -785, -366, 1507, 2196, 2025, 2498, 
341, 1464, 1122, -902, -390, 1293, -570, -131, 1454, 1869, 1473, 1981, 
317, 1029, 712, -673, -197, 871, -473, -68, 1122, 1429, 1098, 1664, 
268, 844, 575, -556, -153, 710, -502, -161, 566, 971, 917, 1566, 
229, 629, 400, -429, -85, 514, -531, -200, -87, 429, 678, 1410, 
200, 439, 239, -319, -19, 339, -546, -180, -653, -53, 468, 1263, 
200, 346, 146, -273, 26, 246, -527, -122, -766, -170, 400, 1215, 
209, 229, 19, -219, 95, 124, -483, 4, -595, -73, 361, 1146, 
214, 92, -122, -153, 168, -14, -458, 82, -570, -97, 283, 1054, 
219, 9, -209, -114, 214, -100, -473, 112, -590, -161, 239, 1005, 
234, -29, -263, -102, 248, -146, -468, 175, -507, -131, 209, 966, 
248, -63, -312, -92, 280, -187, -414, 263, -395, -92, 185, 917, 
248, -73, -322, -87, 285, -197, -380, 326, -326, -73, 175, 902, 
258, -53, -312, -102, 285, -183, -390, 366, -273, -29, 190, 912, 
278, -14, -292, -131, 285, -153, -400, 380, -204, 29, 219, 936, 
278, 24, -253, -151, 265, -114, -390, 405, -136, 87, 248, 956, 
292, 39, -253, -165, 273, -107, -370, 439, -82, 131, 273, 966, 
307, 48, -258, -178, 283, -104, -341, 483, -19, 165, 278, 971, 
322, 73, -248, -197, 285, -87, -336, 527, 39, 185, 287, 971, 
331, 92, -239, -212, 285, -73, -312, 566, 82, 209, 297, 990, 
336, 122, -214, -229, 275, -46, -292, 595, 117, 224, 307, 995, 
346, 146, -200, -246, 273, -26, -297, 595, 156, 239, 336, 1005, 
346, 170, -175, -258, 261, -2, -292, 600, 170, 253, 356, 1029, 
336, 190, -146, -263, 241, 21, -278, 600, 180, 268, 361, 1039, 
346, 200, -146, -273, 246, 26, -278, 600, 195, 283, 370, 1044, 
346, 204, -141, -275, 244, 31, -283, 610, 200, 292, 370, 1049, 
346, 204, -141, -275, 244, 31, -283, 624, 204, 302, 370, 1054, 
346, 209, -136, -278, 241, 36, -278, 644, 214, 312, 375, 1063, 
346, 214, -131, -280, 239, 41, -273, 649, 219, 312, 380, 1063, 
351, 219, -131, -285, 241, 43, -268, 653, 224, 312, 385, 1058, 
351, 224, -126, -287, 239, 48, -268, 653, 229, 312, 390, 1058, 
351, 234, -117, -292, 234, 58, -268, 644, 239, 307, 380, 1068, 
356, 234, -122, -295, 239, 56, -268, 644, 248, 307, 380, 1068, 
356, 244, -112, -300, 234, 65, -268, 649, 253, 317, 380, 1068, 
351, 248, -102, -300, 226, 73, -263, 649, 263, 322, 390, 1073, 
341, 239, -102, -290, 222, 68, -273, 658, 263, 326, 400, 1073, 
341, 239, -102, -290, 222, 68, -273, 663, 263, 331, 405, 1073, 
346, 239, -107, -292, 226, 65, -273, 663, 268, 331, 405, 1088, 
351, 239, -112, -295, 231, 63, -268, 663, 268, 336, 405, 1088, 
351, 239, -112, -295, 231, 63, -268, 673, 287, 336, 405, 1088, 
356, 244, -112, -300, 234, 65, -268, 673, 287, 341, 409, 1093, 
361, 244, -117, -302, 239, 63, -263, 673, 292, 346, 409, 1093, 
361, 244, -117, -302, 239, 63, -263, 678, 297, 346, 409, 1093, 
361, 244, -117, -302, 239, 63, -263, 678, 302, 346, 405, 1088, 
361, 244, -117, -302, 239, 63, -263, 678, 302, 351, 405, 1093, 
366, 244, -122, -305, 244, 61, -263, 678, 307, 351, 405, 1098, 
366, 244, -122, -305, 244, 61, -263, 683, 312, 356, 414, 1098, 
366, 244, -122, -305, 244, 61, -263, 683, 312, 356, 414, 1102, 
366, 244, -122, -305, 244, 61, -263, 683, 317, 356, 414, 1098, 
366, 244, -122, -305, 244, 61, -263, 692, 317, 361, 405, 1093, 
366, 244, -122, -305, 244, 61, -263, 697, 322, 361, 405, 1093, 
356, 234, -122, -295, 239, 56, -263, 697, 326, 351, 414, 1093, 
361, 239, -122, -300, 241, 58, -263, 697, 326, 356, 409, 1098, 
361, 253, -107, -307, 234, 73, -263, 697, 331, 356, 405, 1102, 
366, 253, -112, -309, 239, 70, -263, 707, 336, 361, 405, 1107, 
366, 248, -117, -307, 241, 65, -258, 697, 341, 375, 414, 1122, 
366, 253, -112, -309, 239, 70, -258, 702, 346, 380, 419, 1122, 
370, 253, -117, -312, 244, 68, -258, 707, 351, 380, 419, 1122, 
370, 253, -117, -312, 244, 68, -258, 712, 356, 385, 424, 1122, 
370, 258, -112, -314, 241, 73, -258, 717, 366, 380, 424, 1122, 
370, 258, -112, -314, 241, 73, -258, 722, 370, 385, 424, 1122, 
370, 258, -112, -314, 241, 73, -258, 722, 380, 390, 419, 1127, 
366, 263, -102, -314, 234, 80, -258, 727, 395, 395, 419, 1127, 
375, 273, -102, -324, 239, 85, -258, 732, 409, 405, 429, 1137, 
375, 273, -102, -324, 239, 85, -258, 732, 414, 405, 439, 1137, 
375, 273, -102, -324, 239, 85, -253, 736, 419, 409, 439, 1137, 
375, 268, -107, -322, 241, 80, -253, 741, 429, 414, 439, 1132, 
380, 273, -107, -326, 244, 82, -253, 751, 439, 419, 439, 1137, 
380, 278, -102, -329, 241, 87, -253, 751, 448, 424, 439, 1146, 
380, 283, -97, -331, 239, 92, -253, 756, 453, 429, 434, 1151, 
385, 287, -97, -336, 241, 95, -253, 771, 463, 434, 429, 1156, 
380, 292, -87, -336, 234, 102, -244, 766, 473, 444, 444, 1171, 
380, 292, -87, -336, 234, 102, -244, 775, 488, 453, 448, 1171, 
395, 312, -82, -353, 239, 114, -244, 780, 492, 463, 453, 1176, 
400, 322, -78, -361, 239, 122, -248, 785, 507, 478, 468, 1176, 
400, 317, -82, -358, 241, 117, -248, 790, 527, 483, 473, 1171, 
400, 317, -82, -358, 241, 117, -248, 800, 546, 492, 478, 1180, 
400, 322, -78, -361, 239, 122, -248, 810, 561, 502, 483, 1185, 
400, 326, -73, -363, 236, 126, -244, 814, 575, 512, 488, 1190, 
405, 331, -73, -368, 239, 129, -244, 824, 590, 536, 492, 1205, 
405, 346, -58, -375, 231, 143, -248, 834, 610, 546, 502, 1205, 
409, 356, -53, -383, 231, 151, -253, 849, 629, 561, 507, 1210, 
424, 370, -53, -397, 239, 158, -258, 858, 649, 575, 512, 1210, 
429, 390, -39, -409, 234, 175, -258, 868, 663, 590, 527, 1224, 
434, 390, -43, -412, 239, 173, -258, 878, 683, 605, 541, 1234, 
439, 390, -48, -414, 244, 170, -263, 878, 702, 619, 556, 1239, 
444, 400, -43, -422, 244, 178, -263, 893, 722, 634, 566, 1254, 
448, 424, -24, -436, 236, 200, -263, 888, 746, 653, 566, 1278, 
448, 444, -4, -446, 226, 219, -263, 907, 766, 678, 580, 1283, 
453, 458, 4, -456, 224, 231, -263, 912, 790, 697, 595, 1293, 
458, 468, 9, -463, 224, 239, -268, 922, 810, 717, 610, 1302, 
458, 488, 29, -473, 214, 258, -278, 917, 829, 741, 634, 1312, 
458, 502, 43, -480, 207, 273, -283, 922, 844, 756, 649, 1327, 
458, 527, 68, -492, 195, 297, -287, 932, 863, 771, 658, 1332, 
458, 551, 92, -505, 183, 322, -287, 941, 883, 790, 673, 1346, 
463, 570, 107, -517, 178, 339, -297, 932, 883, 800, 678, 1366, 
468, 575, 107, -522, 180, 341, -297, 932, 893, 800, 692, 1376, 
473, 585, 112, -529, 180, 348, -302, 932, 897, 810, 707, 1390, 
478, 595, 117, -536, 180, 356, -307, 932, 907, 819, 712, 1395, 
478, 605, 126, -541, 175, 366, -302, 941, 912, 839, 717, 1395, 
478, 619, 141, -549, 168, 380, -307, 941, 912, 839, 727, 1400, 
478, 629, 151, -553, 163, 390, -312, 936, 912, 849, 732, 1410, 
483, 634, 151, -558, 165, 392, -317, 936, 917, 849, 746, 1420, 
478, 629, 151, -553, 163, 390, -312, 932, 917, 849, 746, 1434, 
478, 639, 161, -558, 158, 400, -312, 927, 917, 849, 756, 1444, 
473, 644, 170, -558, 151, 407, -317, 927, 912, 854, 756, 1454, 
473, 644, 170, -558, 151, 407, -322, 922, 912, 858, 766, 1464, 
473, 634, 161, -553, 156, 397, -317, 917, 897, 854, 766, 1464, 
473, 644, 170, -558, 151, 407, -317, 917, 893, 849, 775, 1468, 
468, 649, 180, -558, 143, 414, -322, 897, 883, 844, 775, 1478, 
468, 649, 180, -558, 143, 414, -326, 888, 868, 834, 775, 1478, 
458, 649, 190, -553, 134, 419, -331, 883, 839, 819, 771, 1478, 
453, 649, 195, -551, 129, 422, -331, 873, 824, 814, 771, 1478, 
448, 649, 200, -549, 124, 424, -331, 863, 805, 800, 761, 1478, 
448, 644, 195, -546, 126, 419, -326, 858, 785, 785, 756, 1464, 
448, 624, 175, -536, 136, 400, -317, 854, 766, 761, 741, 1459, 
444, 614, 170, -529, 136, 392, -312, 844, 746, 732, 727, 1459, 
434, 600, 165, -517, 134, 383, -307, 824, 727, 707, 712, 1449, 
429, 585, 156, -507, 136, 370, -307, 819, 702, 683, 688, 1439, 
424, 580, 156, -502, 134, 368, -297, 810, 678, 658, 683, 1415, 
419, 561, 141, -490, 139, 351, -292, 805, 653, 644, 663, 1405, 
414, 536, 122, -475, 146, 329, -292, 795, 624, 624, 644, 1395, 
409, 522, 112, -466, 148, 317, -287, 790, 600, 605, 634, 1381, 
400, 512, 112, -456, 143, 312, -283, 790, 575, 585, 610, 1366, 
395, 492, 97, -444, 148, 295, -283, 780, 546, 561, 600, 1356, 
390, 483, 92, -436, 148, 287, -278, 766, 522, 541, 585, 1342, 
380, 468, 87, -424, 146, 278, -268, 756, 497, 517, 570, 1332, 
375, 444, 68, -409, 153, 256, -268, 756, 483, 492, 556, 1327, 
370, 429, 58, -400, 156, 244, -263, 741, 458, 483, 541, 1312, 
370, 414, 43, -392, 163, 229, -263, 732, 444, 468, 527, 1298, 
370, 390, 19, -380, 175, 204, -263, 722, 429, 453, 512, 1288, 
366, 380, 14, -373, 175, 197, -258, 722, 419, 448, 502, 1288, 
366, 370, 4, -368, 180, 187, -258, 717, 400, 439, 502, 1283, 
366, 366, 0, -366, 183, 183, -258, 712, 385, 424, 502, 1278, 
361, 361, 0, -361, 180, 180, -253, 712, 366, 409, 502, 1268, 
361, 361, 0, -361, 180, 180, -253, 697, 356, 385, 483, 1263, 
356, 351, -4, -353, 180, 173, -258, 692, 346, 370, 478, 1263, 
356, 346, -9, -351, 183, 168, -258, 683, 331, 356, 468, 1259, 
356, 341, -14, -348, 185, 163, -258, 673, 322, 351, 463, 1254, 
346, 331, -14, -339, 180, 158, -248, 673, 307, 346, 453, 1254, 
346, 322, -24, -334, 185, 148, -248, 663, 302, 341, 453, 1254, 
346, 312, -34, -329, 190, 139, -248, 658, 297, 336, 453, 1239, 
346, 312, -34, -329, 190, 139, -248, 658, 297, 331, 444, 1234, 
336, 297, -39, -317, 187, 129, -248, 668, 297, 331, 429, 1229, 
331, 292, -39, -312, 185, 126, -253, 663, 287, 326, 434, 1234, 
331, 292, -39, -312, 185, 126, -253, 658, 278, 317, 434, 1234, 
331, 287, -43, -309, 187, 122, -253, 658, 263, 307, 434, 1239, 
336, 287, -48, -312, 192, 119, -253, 653, 263, 312, 439, 1249, 
336, 283, -53, -309, 195, 114, -253, 649, 258, 312, 434, 1249, 
336, 283, -53, -309, 195, 114, -253, 644, 258, 312, 434, 1244, 
351, 278, -73, -314, 212, 102, -253, 644, 258, 307, 434, 1244, 
346, 278, -68, -312, 207, 104, -244, 644, 263, 297, 429, 1244, 
341, 278, -63, -309, 202, 107, -244, 644, 263, 297, 429, 1244, 
341, 278, -63, -309, 202, 107, -244, 639, 258, 297, 429, 1244, 
336, 283, -53, -309, 195, 114, -244, 634, 258, 297, 429, 1244, 
346, 278, -68, -312, 207, 104, -244, 639, 258, 307, 419, 1249, 
346, 273, -73, -309, 209, 100, -239, 639, 258, 307, 419, 1244, 
331, 268, -63, -300, 197, 102, -239, 639, 253, 302, 439, 1239, 
322, 263, -58, -292, 190, 102, -239, 639, 253, 302, 439, 1234, 
326, 268, -58, -297, 192, 104, -239, 644, 263, 302, 444, 1239, 
322, 263, -58, -292, 190, 102, -239, 644, 263, 302, 434, 1244, 
322, 258, -63, -290, 192, 97, -239, 649, 258, 297, 419, 1224, 
331, 253, -78, -292, 204, 87, -239, 649, 258, 297, 419, 1229, 
331, 229, -102, -280, 217, 63, -234, 649, 258, 287, 429, 1239, 
326, 234, -92, -280, 209, 70, -234, 649, 258, 287, 429, 1244, 
326, 244, -82, -285, 204, 80, -234, 649, 258, 287, 429, 1249, 
326, 258, -68, -292, 197, 95, -234, 649, 258, 287, 429, 1249, 
326, 258, -68, -292, 197, 95, -234, 653, 258, 287, 419, 1259, 
326, 258, -68, -292, 197, 95, -234, 653, 258, 287, 419, 1259, 
326, 253, -73, -290, 200, 90, -234, 653, 258, 287, 419, 1254, 
326, 253, -73, -290, 200, 90, -234, 653, 258, 287, 424, 1249, 
317, 248, -68, -283, 192, 90, -224, 653, 268, 287, 424, 1259, 
322, 253, -68, -287, 195, 92, -229, 653, 268, 287, 424, 1263, 
326, 253, -73, -290, 200, 90, -229, 653, 268, 287, 424, 1263, 
331, 263, -68, -297, 200, 97, -229, 653, 268, 287, 424, 1263, 
331, 268, -63, -300, 197, 102, -229, 658, 273, 292, 434, 1259, 
326, 268, -58, -297, 192, 104, -229, 658, 273, 292, 434, 1259, 
322, 263, -58, -292, 190, 102, -224, 658, 273, 292, 434, 1263, 
317, 258, -58, -287, 187, 100, -224, 663, 273, 292, 434, 1263, 
326, 248, -78, -287, 202, 85, -234, 668, 273, 292, 424, 1263, 
322, 248, -73, -285, 197, 87, -229, 663, 278, 292, 424, 1263, 
322, 253, -68, -287, 195, 92, -229, 658, 278, 292, 424, 1263, 
322, 253, -68, -287, 195, 92, -229, 653, 278, 292, 424, 1263, 
326, 263, -63, -295, 195, 100, -229, 653, 278, 297, 434, 1263, 
326, 263, -63, -295, 195, 100, -229, 653, 278, 297, 434, 1263, 
326, 263, -63, -295, 195, 100, -229, 658, 278, 297, 434, 1263, 
322, 263, -58, -292, 190, 102, -229, 658, 278, 297, 434, 1268, 
322, 273, -48, -297, 185, 112, -229, 663, 278, 307, 444, 1268, 
322, 273, -48, -297, 185, 112, -229, 663, 278, 307, 444, 1268, 
322, 273, -48, -297, 185, 112, -229, 663, 278, 307, 444, 1278, 
322, 273, -48, -297, 185, 112, -224, 663, 287, 312, 448, 1278, 
322, 263, -58, -292, 190, 102, -219, 673, 297, 312, 458, 1278, 
326, 263, -63, -295, 195, 100, -219, 673, 297, 312, 458, 1278, 
336, 268, -68, -302, 202, 100, -224, 673, 297, 312, 458, 1278, 
341, 273, -68, -307, 204, 102, -224, 678, 297, 312, 458, 1278, 
331, 273, -58, -302, 195, 107, -214, 678, 302, 312, 453, 1283, 
331, 273, -58, -302, 195, 107, -214, 678, 302, 312, 453, 1288, 
331, 273, -58, -302, 195, 107, -219, 678, 307, 312, 453, 1293, 
331, 273, -58, -302, 195, 107, -219, 678, 312, 307, 453, 1293, 
331, 273, -58, -302, 195, 107, -219, 678, 302, 317, 453, 1293, 
331, 283, -48, -307, 190, 117, -219, 673, 302, 322, 458, 1293, 
331, 283, -48, -307, 190, 117, -219, 673, 302, 322, 458, 1293, 
331, 283, -48, -307, 190, 117, -224, 673, 302, 322, 458, 1293, 
331, 278, -53, -305, 192, 112, -224, 683, 302, 322, 463, 1293, 
331, 278, -53, -305, 192, 112, -224, 683, 297, 322, 468, 1298, 
331, 278, -53, -305, 192, 112, -224, 683, 297, 322, 468, 1298, 
331, 283, -48, -307, 190, 117, -224, 683, 297, 326, 468, 1298, 
331, 283, -48, -307, 190, 117, -224, 683, 307, 326, 468, 1298, 
331, 283, -48, -307, 190, 117, -224, 683, 307, 326, 473, 1302, 
331, 283, -48, -307, 190, 117, -219, 683, 307, 331, 468, 1302, 
331, 283, -48, -307, 190, 117, -219, 683, 307, 336, 463, 1298, 
322, 273, -48, -297, 185, 112, -224, 678, 302, 326, 463, 1302, 
336, 273, -63, -305, 200, 104, -224, 678, 302, 326, 458, 1307, 
341, 273, -68, -307, 204, 102, -224, 678, 302, 326, 458, 1307, 
341, 278, -63, -309, 202, 107, -229, 678, 297, 326, 458, 1307, 
331, 283, -48, -307, 190, 117, -219, 678, 302, 326, 468, 1317, 
331, 283, -48, -307, 190, 117, -219, 678, 302, 326, 478, 1317, 
341, 292, -48, -317, 195, 122, -229, 678, 302, 326, 478, 1317, 
341, 292, -48, -317, 195, 122, -234, 683, 292, 322, 468, 1317, 
331, 283, -48, -307, 190, 117, -234, 683, 292, 322, 468, 1317, 
331, 283, -48, -307, 190, 117, -234, 683, 292, 322, 468, 1317, 
331, 283, -48, -307, 190, 117, -234, 683, 292, 322, 468, 1317, 
331, 283, -48, -307, 190, 117, -234, 683, 292, 322, 468, 1317, 
322, 273, -48, -297, 185, 112, -224, 678, 292, 322, 468, 1322, 
322, 278, -43, -300, 183, 117, -224, 678, 292, 322, 468, 1317, 
322, 278, -43, -300, 183, 117, -224, 678, 292, 322, 468, 1317, 
326, 278, -48, -302, 187, 114, -224, 678, 292, 326, 468, 1317, 
326, 278, -48, -302, 187, 114, -224, 678, 292, 317, 473, 1322, 
326, 273, -53, -300, 190, 109, -224, 678, 292, 317, 473, 1322, 
326, 273, -53, -300, 190, 109, -224, 678, 292, 317, 473, 1322, 
326, 273, -53, -300, 190, 109, -224, 678, 292, 312, 468, 1322, 
326, 273, -53, -300, 190, 109, -224, 668, 283, 322, 478, 1312, 
322, 273, -48, -297, 185, 112, -224, 668, 287, 322, 478, 1312, 
322, 268, -53, -295, 187, 107, -219, 668, 287, 322, 478, 1312, 
322, 268, -53, -295, 187, 107, -219, 668, 287, 322, 478, 1312, 
326, 268, -58, -297, 192, 104, -219, 668, 278, 312, 468, 1307, 
326, 273, -53, -300, 190, 109, -219, 668, 278, 312, 468, 1307, 
322, 273, -48, -297, 185, 112, -219, 673, 287, 317, 468, 1312, 
322, 278, -43, -300, 183, 117, -219, 673, 287, 317, 468, 1312, 
322, 283, -39, -302, 180, 122, -219, 673, 297, 322, 473, 1317, 
322, 292, -29, -307, 175, 131, -214, 678, 307, 331, 483, 1317, 
322, 307, -14, -314, 168, 146, -209, 683, 317, 336, 492, 1322, 
322, 322, 0, -322, 161, 161, -204, 688, 317, 341, 497, 1332, 
312, 326, 14, -319, 148, 170, -195, 688, 322, 346, 512, 1346, 
312, 326, 14, -319, 148, 170, -195, 692, 326, 351, 517, 1351, 
317, 331, 14, -324, 151, 173, -195, 692, 331, 356, 517, 1351, 
317, 336, 19, -326, 148, 178, -190, 697, 336, 356, 517, 1351, 
317, 346, 29, -331, 143, 187, -190, 697, 331, 366, 522, 1356, 
322, 346, 24, -334, 148, 185, -185, 707, 336, 370, 522, 1361, 
322, 351, 29, -336, 146, 190, -185, 707, 336, 370, 527, 1366, 
322, 351, 29, -336, 146, 190, -190, 707, 336, 370, 527, 1371, 
331, 356, 24, -344, 153, 190, -190, 707, 336, 361, 517, 1361, 
331, 356, 24, -344, 153, 190, -190, 707, 341, 366, 517, 1361, 
331, 356, 24, -344, 153, 190, -190, 707, 341, 370, 517, 1361, 
331, 361, 29, -346, 151, 195, -195, 707, 341, 370, 522, 1366, 
341, 370, 29, -356, 156, 200, -185, 702, 351, 380, 522, 1366, 
346, 370, 24, -358, 161, 197, -195, 702, 346, 380, 522, 1366, 
346, 380, 34, -363, 156, 207, -200, 692, 346, 380, 527, 1371, 
346, 385, 39, -366, 153, 212, -209, 678, 341, 380, 531, 1371, 
341, 400, 58, -370, 141, 229, -229, 683, 341, 390, 546, 1381, 
341, 405, 63, -373, 139, 234, -234, 673, 341, 390, 546, 1385, 
341, 405, 63, -373, 139, 234, -239, 663, 336, 390, 546, 1390, 
341, 409, 68, -375, 136, 239, -248, 653, 336, 390, 556, 1400, 
341, 409, 68, -375, 136, 239, -253, 639, 331, 380, 556, 1405, 
341, 409, 68, -375, 136, 239, -253, 639, 331, 380, 561, 1405, 
341, 414, 73, -378, 134, 244, -253, 644, 331, 385, 561, 1405, 
351, 419, 68, -385, 141, 244, -258, 644, 331, 390, 556, 1405, 
351, 419, 68, -385, 141, 244, -258, 644, 326, 390, 566, 1405, 
351, 414, 63, -383, 143, 239, -258, 649, 326, 395, 566, 1405, 
351, 414, 63, -383, 143, 239, -253, 653, 336, 400, 566, 1405, 
346, 414, 68, -380, 139, 241, -253, 658, 336, 400, 575, 1410, 
346, 414, 68, -380, 139, 241, -248, 663, 351, 400, 590, 1424, 
356, 414, 58, -385, 148, 236, -248, 668, 351, 405, 590, 1429, 
346, 414, 68, -380, 139, 241, -248, 673, 351, 405, 590, 1429, 
346, 409, 63, -378, 141, 236, -248, 678, 351, 400, 590, 1424, 
356, 400, 43, -378, 156, 222, -248, 668, 346, 405, 570, 1410, 
351, 380, 29, -366, 161, 204, -248, 668, 341, 405, 561, 1400, 
351, 361, 9, -356, 170, 185, -239, 668, 336, 395, 551, 1390, 
341, 336, -4, -339, 173, 165, -239, 668, 326, 380, 536, 1376, 
326, 312, -14, -319, 170, 148, -229, 673, 317, 366, 512, 1366, 
322, 292, -29, -307, 175, 131, -224, 673, 302, 361, 507, 1351, 
312, 283, -29, -297, 170, 126, -224, 668, 297, 356, 502, 1351, 
312, 268, -43, -290, 178, 112, -219, 668, 292, 346, 497, 1346, 
322, 258, -63, -290, 192, 97, -219, 668, 278, 331, 497, 1337, 
322, 258, -63, -290, 192, 97, -219, 668, 278, 331, 492, 1327, 
317, 253, -63, -285, 190, 95, -219, 668, 278, 326, 492, 1327, 
317, 244, -73, -280, 195, 85, -219, 668, 268, 326, 488, 1327, 
317, 224, -92, -270, 204, 65, -219, 658, 263, 331, 473, 1322, 
317, 219, -97, -268, 207, 61, -214, 658, 263, 326, 468, 1317, 
317, 209, -107, -263, 212, 51, -214, 658, 258, 317, 463, 1312, 
317, 209, -107, -263, 212, 51, -214, 658, 253, 312, 458, 1307, 
317, 209, -107, -263, 212, 51, -214, 663, 253, 312, 458, 1307, 
317, 204, -112, -261, 214, 46, -214, 663, 253, 317, 453, 1307, 
317, 204, -112, -261, 214, 46, -214, 663, 253, 317, 453, 1307, 
317, 200, -117, -258, 217, 41, -214, 663, 253, 317, 453, 1302, 
312, 200, -112, -256, 212, 43, -214, 663, 253, 307, 463, 1302, 
307, 200, -107, -253, 207, 46, -214, 663, 253, 307, 463, 1302, 
307, 195, -112, -251, 209, 41, -214, 663, 253, 307, 463, 1298, 
307, 195, -112, -251, 209, 41, -214, 663, 253, 307, 463, 1298, 
307, 190, -117, -248, 212, 36, -224, 663, 258, 317, 453, 1298, 
307, 190, -117, -248, 212, 36, -224, 663, 258, 322, 453, 1302, 
307, 190, -117, -248, 212, 36, -219, 663, 258, 322, 453, 1307, 
307, 190, -117, -248, 212, 36, -219, 668, 258, 322, 453, 1307, 
307, 190, -117, -248, 212, 36, -219, 668, 268, 331, 463, 1298, 
307, 190, -117, -248, 212, 36, -219, 668, 268, 322, 463, 1307, 
307, 190, -117, -248, 212, 36, -219, 668, 273, 331, 468, 1302, 
317, 190, -126, -253, 222, 31, -214, 683, 278, 336, 468, 1298, 
322, 175, -146, -248, 234, 14, -200, 697, 278, 326, 453, 1278, 
326, 146, -180, -236, 253, -17, -185, 741, 292, 317, 424, 1239, 
326, 102, -224, -214, 275, -61, -141, 824, 317, 307, 380, 1190, 
331, 73, -258, -202, 295, -92, -92, 912, 356, 297, 341, 1151, 
331, 73, -258, -202, 295, -92, -39, 976, 395, 297, 322, 1132, 
326, 107, -219, -217, 273, -56, 0, 1029, 429, 302, 326, 1141, 
346, 156, -190, -251, 268, -17, 19, 1083, 497, 336, 361, 1171, 
366, 224, -141, -295, 253, 41, 29, 1146, 605, 419, 409, 1200, 
390, 317, -73, -353, 231, 122, 9, 1180, 736, 536, 488, 1254, 
414, 458, 43, -436, 185, 251, -29, 1185, 912, 707, 614, 1366, 
444, 692, 248, -568, 97, 470, -68, 1205, 1176, 976, 810, 1522, 
453, 990, 536, -722, -41, 763, -82, 1220, 1517, 1322, 1054, 1708, 
463, 1307, 844, -885, -190, 1076, -126, 1146, 1781, 1683, 1327, 1922, 
468, 1576, 1107, -1022, -319, 1342, -234, 922, 1825, 1952, 1590, 2166, 
453, 1830, 1376, -1141, -461, 1603, -414, 502, 1673, 2113, 1864, 2444, 
400, 2127, 1727, -1263, -663, 1927, -658, 0, 1507, 2230, 2132, 2742, 
351, 2269, 1917, -1310, -783, 2093, -785, -307, 1468, 2303, 2259, 2879, 
322, 1922, 1600, -1122, -639, 1761, -658, -219, 1532, 2210, 1961, 2596, 
317, 1293, 976, -805, -329, 1134, -473, -9, 1483, 1908, 1449, 2113, 
297, 922, 624, -610, -163, 773, -434, 24, 1141, 1488, 1151, 1869, 
258, 756, 497, -507, -119, 627, -473, -34, 536, 966, 971, 1771, 
219, 517, 297, -368, -39, 407, -478, -43, -195, 326, 712, 1615, 
200, 307, 107, -253, 46, 207, -458, -14, -707, -151, 517, 1488, 
200, 209, 9, -204, 95, 109, -424, 82, -712, -180, 458, 1439, 
195, 92, -102, -143, 148, -4, -380, 190, -531, -78, 400, 1366, 
200, -29, -229, -85, 214, -129, -366, 239, -522, -112, 336, 1298, 
214, -107, -322, -53, 268, -214, -361, 283, -517, -141, 297, 1259, 
219, -151, -370, -34, 295, -261, -317, 351, -405, -92, 273, 1210, 
219, -170, -390, -24, 305, -280, -273, 424, -297, -53, 263, 1166, 
229, -151, -380, -39, 305, -265, -263, 463, -224, -19, 268, 1156, 
239, -112, -351, -63, 295, -231, -283, 478, -156, 29, 287, 1151, 
248, -63, -312, -92, 280, -187, -292, 492, -87, 97, 317, 1171, 
253, -19, -273, -117, 263, -146, -283, 517, -24, 141, 341, 1190, 
268, 0, -268, -134, 268, -134, -253, 561, 29, 185, 346, 1215, 
283, 14, -268, -148, 275, -126, -229, 605, 78, 214, 356, 1224, 
292, 34, -258, -163, 275, -112, -214, 644, 122, 239, 375, 1234, 
307, 43, -263, -175, 285, -109, -195, 683, 165, 253, 395, 1249, 
307, 48, -258, -178, 283, -104, -190, 702, 204, 278, 405, 1259, 
317, 73, -244, -195, 280, -85, -185, 697, 229, 292, 414, 1254, 
307, 97, -209, -202, 258, -56, -190, 688, 244, 307, 429, 1268, 
317, 112, -204, -214, 261, -46, -190, 688, 263, 322, 439, 1268, 
317, 122, -195, -219, 256, -36, -195, 697, 273, 331, 439, 1268, 
317, 126, -190, -222, 253, -31, -195, 712, 283, 341, 439, 1268, 
317, 141, -175, -229, 246, -17, -180, 712, 297, 356, 444, 1278, 
317, 146, -170, -231, 244, -12, -175, 717, 297, 361, 448, 1278, 
322, 151, -170, -236, 246, -9, -170, 722, 297, 366, 453, 1273, 
322, 156, -165, -239, 244, -4, -170, 722, 297, 370, 458, 1273, 
322, 156, -165, -239, 244, -4, -170, 732, 302, 356, 448, 1283, 
326, 156, -170, -241, 248, -7, -170, 732, 317, 356, 448, 1283, 
326, 165, -161, -246, 244, 2, -170, 736, 326, 366, 448, 1283, 
322, 170, -151, -246, 236, 9, -165, 736, 341, 370, 458, 1288, 
312, 161, -151, -236, 231, 4, -175, 736, 341, 385, 458, 1288, 
312, 161, -151, -236, 231, 4, -175, 741, 341, 390, 463, 1288, 
317, 161, -156, -239, 236, 2, -175, 741, 346, 390, 463, 1302, 
322, 161, -161, -241, 241, 0, -170, 741, 346, 395, 463, 1302, 
322, 161, -161, -241, 241, 0, -170, 741, 356, 395, 473, 1298, 
326, 165, -161, -246, 244, 2, -170, 741, 356, 400, 478, 1298, 
331, 165, -165, -248, 248, 0, -165, 741, 361, 405, 478, 1293, 
331, 165, -165, -248, 248, 0, -165, 746, 366, 405, 478, 1288, 
331, 165, -165, -248, 248, 0, -165, 746, 370, 405, 483, 1283, 
331, 165, -165, -248, 248, 0, -165, 746, 370, 409, 483, 1288, 
336, 165, -170, -251, 253, -2, -165, 746, 375, 409, 483, 1293, 
336, 165, -170, -251, 253, -2, -165, 751, 380, 414, 492, 1293, 
336, 175, -161, -256, 248, 7, -165, 751, 380, 414, 492, 1298, 
336, 175, -161, -256, 248, 7, -165, 751, 385, 414, 492, 1293, 
336, 175, -161, -256, 248, 7, -165, 761, 385, 419, 483, 1288, 
336, 175, -161, -256, 248, 7, -165, 766, 390, 419, 483, 1288, 
336, 165, -170, -251, 253, -2, -165, 766, 395, 429, 488, 1293, 
341, 170, -170, -256, 256, 0, -165, 766, 395, 434, 488, 1293, 
341, 185, -156, -263, 248, 14, -165, 766, 400, 434, 488, 1293, 
346, 185, -161, -265, 253, 12, -165, 775, 405, 439, 492, 1293, 
336, 180, -156, -258, 246, 12, -161, 766, 409, 453, 492, 1298, 
336, 185, -151, -261, 244, 17, -161, 771, 414, 458, 497, 1298, 
341, 185, -156, -263, 248, 14, -161, 775, 419, 458, 497, 1298, 
341, 185, -156, -263, 248, 14, -161, 780, 424, 463, 502, 1298, 
351, 190, -161, -270, 256, 14, -161, 775, 434, 468, 502, 1298, 
351, 190, -161, -270, 256, 14, -161, 780, 439, 473, 502, 1298, 
351, 190, -161, -270, 256, 14, -161, 780, 448, 478, 497, 1302, 
346, 195, -151, -270, 248, 21, -161, 785, 463, 483, 497, 1302, 
346, 195, -151, -270, 248, 21, -170, 790, 458, 483, 497, 1302, 
346, 195, -151, -270, 248, 21, -170, 790, 463, 483, 507, 1302, 
346, 195, -151, -270, 248, 21, -165, 795, 468, 488, 507, 1302, 
346, 190, -156, -268, 251, 17, -165, 800, 478, 492, 507, 1298, 
351, 195, -156, -273, 253, 19, -165, 800, 497, 507, 517, 1298, 
351, 200, -151, -275, 251, 24, -165, 800, 507, 512, 517, 1302, 
351, 204, -146, -278, 248, 29, -165, 805, 512, 517, 512, 1302, 
356, 209, -146, -283, 251, 31, -165, 819, 522, 522, 507, 1302, 
351, 214, -136, -283, 244, 39, -165, 824, 531, 531, 512, 1307, 
351, 214, -136, -283, 244, 39, -165, 834, 546, 541, 517, 1307, 
366, 234, -131, -300, 248, 51, -165, 839, 551, 551, 522, 1312, 
370, 244, -126, -307, 248, 58, -170, 844, 566, 566, 536, 1312, 
370, 239, -131, -305, 251, 53, -170, 858, 585, 580, 541, 1307, 
370, 239, -131, -305, 251, 53, -170, 868, 605, 590, 546, 1317, 
370, 244, -126, -307, 248, 58, -170, 878, 619, 600, 551, 1322, 
370, 248, -122, -309, 246, 63, -165, 883, 634, 610, 556, 1327, 
380, 258, -122, -319, 251, 68, -161, 883, 649, 624, 570, 1337, 
375, 268, -107, -322, 241, 80, -161, 893, 668, 634, 580, 1342, 
375, 273, -102, -324, 239, 85, -161, 907, 688, 649, 585, 1351, 
385, 283, -102, -334, 244, 90, -161, 917, 707, 663, 590, 1356, 
390, 297, -92, -344, 241, 102, -161, 922, 732, 678, 600, 1351, 
395, 302, -92, -348, 244, 104, -161, 936, 751, 692, 610, 1361, 
400, 307, -92, -353, 246, 107, -165, 941, 771, 707, 619, 1366, 
405, 322, -82, -363, 244, 119, -165, 961, 790, 722, 624, 1381, 
409, 326, -82, -368, 246, 122, -165, 961, 814, 751, 634, 1385, 
409, 346, -63, -378, 236, 141, -165, 976, 834, 775, 649, 1390, 
414, 361, -53, -387, 234, 153, -165, 976, 858, 795, 663, 1400, 
419, 370, -48, -395, 234, 161, -170, 980, 878, 814, 678, 1410, 
414, 390, -24, -402, 219, 183, -170, 985, 888, 829, 692, 1429, 
419, 405, -14, -412, 217, 195, -175, 990, 902, 844, 707, 1444, 
424, 429, 4, -427, 209, 217, -180, 1000, 922, 858, 717, 1449, 
429, 453, 24, -441, 202, 239, -180, 1010, 941, 878, 732, 1464, 
434, 473, 39, -453, 197, 256, -190, 1010, 961, 897, 746, 1473, 
439, 478, 39, -458, 200, 258, -190, 1010, 971, 907, 761, 1483, 
444, 488, 43, -466, 200, 265, -195, 1010, 976, 927, 775, 1498, 
448, 497, 48, -473, 200, 273, -200, 1010, 985, 946, 780, 1503, 
458, 517, 58, -488, 200, 287, -204, 1010, 980, 946, 790, 1512, 
458, 531, 73, -495, 192, 302, -209, 1010, 980, 946, 805, 1517, 
458, 541, 82, -500, 187, 312, -214, 1005, 980, 956, 814, 1527, 
463, 546, 82, -505, 190, 314, -219, 1005, 985, 956, 834, 1537, 
463, 561, 97, -512, 183, 329, -214, 1000, 995, 956, 829, 1542, 
458, 570, 112, -514, 173, 341, -214, 995, 995, 956, 834, 1551, 
448, 575, 126, -512, 161, 351, -219, 995, 990, 961, 829, 1561, 
444, 575, 131, -509, 156, 353, -224, 990, 990, 966, 834, 1571, 
453, 566, 112, -509, 170, 339, -229, 985, 985, 966, 834, 1561, 
453, 575, 122, -514, 165, 348, -229, 985, 980, 966, 844, 1566, 
448, 580, 131, -514, 158, 356, -234, 966, 971, 966, 844, 1576, 
448, 580, 131, -514, 158, 356, -239, 956, 956, 961, 844, 1576, 
448, 580, 131, -514, 158, 356, -234, 956, 936, 966, 858, 1586, 
444, 580, 136, -512, 153, 358, -234, 941, 922, 961, 858, 1586, 
439, 580, 141, -509, 148, 361, -234, 927, 902, 946, 849, 1586, 
439, 575, 136, -507, 151, 356, -229, 917, 883, 932, 844, 1571, 
429, 575, 146, -502, 141, 361, -239, 907, 844, 907, 834, 1566, 
424, 566, 141, -495, 141, 353, -234, 902, 824, 878, 824, 1566, 
414, 551, 136, -483, 139, 344, -229, 888, 805, 854, 814, 1556, 
409, 536, 126, -473, 141, 331, -229, 888, 780, 829, 795, 1546, 
405, 517, 112, -461, 146, 314, -209, 883, 746, 814, 790, 1522, 
400, 492, 92, -446, 153, 292, -204, 873, 722, 800, 771, 1512, 
395, 463, 68, -429, 163, 265, -204, 858, 692, 780, 751, 1503, 
390, 444, 53, -417, 168, 248, -200, 849, 668, 761, 741, 1488, 
380, 424, 43, -402, 168, 234, -190, 839, 653, 741, 722, 1473, 
375, 405, 29, -390, 173, 217, -195, 829, 624, 717, 707, 1464, 
370, 395, 24, -383, 173, 209, -195, 814, 600, 697, 688, 1449, 
361, 380, 19, -370, 170, 200, -190, 805, 575, 673, 668, 1439, 
356, 375, 19, -366, 168, 197, -190, 795, 561, 644, 663, 1434, 
351, 361, 9, -356, 170, 185, -185, 780, 536, 629, 649, 1420, 
351, 346, -4, -348, 178, 170, -185, 771, 522, 610, 634, 1405, 
351, 322, -29, -336, 190, 146, -185, 761, 507, 590, 619, 1395, 
346, 292, -53, -319, 200, 119, -180, 756, 488, 585, 605, 1385, 
346, 283, -63, -314, 204, 109, -180, 746, 468, 575, 600, 1381, 
346, 278, -68, -312, 207, 104, -180, 736, 453, 561, 595, 1376, 
341, 273, -68, -307, 204, 102, -175, 732, 434, 546, 590, 1366, 
331, 263, -68, -297, 200, 97, -185, 736, 424, 541, 580, 1361, 
326, 253, -73, -290, 200, 90, -190, 732, 414, 527, 575, 1361, 
326, 248, -78, -287, 202, 85, -190, 722, 400, 512, 566, 1356, 
326, 244, -82, -285, 204, 80, -190, 712, 390, 507, 561, 1351, 
317, 234, -82, -275, 200, 75, -190, 712, 375, 512, 551, 1342, 
317, 224, -92, -270, 204, 65, -190, 702, 370, 507, 551, 1342, 
317, 214, -102, -265, 209, 56, -190, 697, 366, 502, 551, 1327, 
317, 214, -102, -265, 209, 56, -190, 697, 366, 497, 541, 1322, 
326, 200, -126, -263, 226, 36, -190, 697, 356, 497, 527, 1322, 
322, 195, -126, -258, 224, 34, -195, 692, 346, 492, 531, 1322, 
322, 195, -126, -258, 224, 34, -195, 688, 336, 483, 531, 1317, 
322, 190, -131, -256, 226, 29, -195, 688, 322, 473, 531, 1317, 
322, 180, -141, -251, 231, 19, -185, 683, 331, 468, 531, 1327, 
317, 175, -141, -246, 229, 17, -185, 678, 326, 468, 531, 1327, 
312, 175, -136, -244, 224, 19, -185, 673, 326, 468, 536, 1322, 
322, 170, -151, -246, 236, 9, -185, 673, 326, 463, 541, 1322, 
312, 170, -141, -241, 226, 14, -195, 673, 322, 463, 536, 1322, 
312, 170, -141, -241, 226, 14, -195, 673, 322, 463, 536, 1322, 
317, 170, -146, -244, 231, 12, -195, 668, 317, 463, 536, 1322, 
317, 175, -141, -246, 229, 17, -195, 663, 317, 463, 536, 1322, 
326, 175, -151, -251, 239, 12, -204, 658, 307, 463, 531, 1327, 
326, 175, -151, -251, 239, 12, -200, 658, 307, 463, 527, 1322, 
312, 175, -136, -244, 224, 19, -200, 658, 302, 458, 541, 1317, 
302, 175, -126, -239, 214, 24, -200, 658, 302, 458, 536, 1312, 
307, 180, -126, -244, 217, 26, -190, 653, 312, 458, 541, 1322, 
302, 175, -126, -239, 214, 24, -190, 653, 312, 458, 531, 1322, 
302, 170, -131, -236, 217, 19, -190, 658, 307, 453, 517, 1298, 
312, 165, -146, -239, 229, 9, -190, 658, 307, 453, 517, 1298, 
312, 141, -170, -226, 241, -14, -195, 649, 307, 453, 527, 1298, 
307, 146, -161, -226, 234, -7, -195, 649, 307, 453, 527, 1302, 
307, 156, -151, -231, 229, 2, -195, 649, 307, 453, 527, 1307, 
307, 170, -136, -239, 222, 17, -195, 649, 307, 453, 527, 1307, 
307, 170, -136, -239, 222, 17, -195, 653, 307, 453, 527, 1298, 
307, 170, -136, -239, 222, 17, -195, 653, 307, 453, 527, 1298, 
307, 165, -141, -236, 224, 12, -195, 653, 307, 453, 527, 1293, 
307, 165, -141, -236, 224, 12, -195, 653, 307, 453, 531, 1288, 
297, 165, -131, -231, 214, 17, -195, 653, 307, 463, 531, 1298, 
302, 165, -136, -234, 219, 14, -200, 653, 307, 463, 531, 1302, 
307, 161, -146, -234, 226, 7, -200, 653, 307, 463, 531, 1302, 
312, 165, -146, -239, 229, 9, -200, 653, 307, 463, 531, 1302, 
307, 170, -136, -239, 222, 17, -200, 658, 302, 458, 531, 1298, 
307, 170, -136, -239, 222, 17, -200, 658, 302, 458, 531, 1298, 
307, 165, -141, -236, 224, 12, -195, 658, 302, 458, 531, 1302, 
307, 161, -146, -234, 226, 7, -195, 663, 302, 458, 531, 1302, 
307, 161, -146, -234, 226, 7, -195, 663, 312, 468, 531, 1302, 
302, 161, -141, -231, 222, 9, -190, 663, 317, 468, 531, 1302, 
302, 165, -136, -234, 219, 14, -190, 663, 317, 468, 531, 1302, 
302, 165, -136, -234, 219, 14, -190, 663, 317, 468, 531, 1302, 
307, 165, -141, -236, 224, 12, -190, 663, 317, 473, 541, 1302, 
307, 165, -141, -236, 224, 12, -190, 663, 317, 473, 541, 1302, 
307, 165, -141, -236, 224, 12, -190, 668, 317, 473, 541, 1302, 
302, 165, -136, -234, 219, 14, -190, 668, 317, 473, 541, 1307, 
312, 165, -146, -239, 229, 9, -190, 663, 317, 473, 541, 1298, 
312, 165, -146, -239, 229, 9, -190, 663, 317, 473, 541, 1298, 
312, 165, -146, -239, 229, 9, -190, 663, 317, 473, 541, 1307, 
312, 165, -146, -239, 229, 9, -185, 663, 326, 478, 546, 1307, 
297, 175, -122, -236, 209, 26, -190, 663, 326, 478, 546, 1298, 
297, 175, -122, -236, 209, 26, -190, 663, 326, 478, 546, 1298, 
302, 180, -122, -241, 212, 29, -195, 663, 326, 478, 546, 1298, 
302, 185, -117, -244, 209, 34, -195, 668, 326, 478, 546, 1298, 
302, 175, -126, -239, 214, 24, -185, 668, 331, 488, 551, 1307, 
302, 175, -126, -239, 214, 24, -185, 668, 331, 488, 551, 1307, 
302, 175, -126, -239, 214, 24, -190, 668, 336, 488, 551, 1307, 
302, 175, -126, -239, 214, 24, -190, 668, 341, 483, 551, 1302, 
312, 175, -136, -244, 224, 19, -190, 678, 331, 492, 551, 1312, 
312, 185, -126, -248, 219, 29, -190, 673, 331, 497, 556, 1312, 
312, 185, -126, -248, 219, 29, -190, 673, 331, 497, 556, 1312, 
312, 185, -126, -248, 219, 29, -195, 673, 331, 497, 556, 1312, 
312, 190, -122, -251, 217, 34, -195, 673, 341, 497, 561, 1312, 
312, 190, -122, -251, 217, 34, -195, 673, 336, 497, 566, 1317, 
312, 190, -122, -251, 217, 34, -195, 673, 336, 497, 566, 1317, 
312, 195, -117, -253, 214, 39, -195, 673, 336, 502, 566, 1317, 
312, 195, -117, -253, 214, 39, -195, 673, 346, 502, 566, 1317, 
312, 195, -117, -253, 214, 39, -195, 673, 346, 502, 570, 1322, 
312, 195, -117, -253, 214, 39, -190, 673, 346, 507, 566, 1322, 
312, 195, -117, -253, 214, 39, -190, 673, 346, 512, 561, 1317, 
302, 195, -107, -248, 204, 43, -185, 678, 341, 512, 570, 1327, 
317, 195, -122, -256, 219, 36, -185, 678, 341, 512, 566, 1327, 
322, 195, -126, -258, 224, 34, -185, 678, 341, 512, 566, 1322, 
322, 200, -122, -261, 222, 39, -190, 678, 336, 512, 566, 1317, 
312, 195, -117, -253, 214, 39, -190, 678, 341, 512, 575, 1327, 
312, 195, -117, -253, 214, 39, -190, 678, 341, 512, 575, 1327, 
312, 195, -117, -253, 214, 39, -190, 678, 341, 512, 575, 1327, 
312, 190, -122, -251, 217, 34, -195, 678, 336, 512, 575, 1327, 
322, 190, -131, -256, 226, 29, -195, 668, 336, 512, 570, 1327, 
322, 190, -131, -256, 226, 29, -195, 668, 336, 512, 566, 1327, 
317, 190, -126, -253, 222, 31, -195, 668, 336, 517, 566, 1322, 
317, 190, -126, -253, 222, 31, -190, 668, 341, 517, 570, 1332, 
322, 190, -131, -256, 226, 29, -190, 668, 341, 527, 580, 1327, 
322, 190, -131, -256, 226, 29, -195, 668, 341, 527, 580, 1332, 
322, 190, -131, -256, 226, 29, -195, 663, 331, 522, 570, 1332, 
322, 185, -136, -253, 229, 24, -195, 663, 331, 517, 566, 1327, 
312, 185, -126, -248, 219, 29, -195, 653, 322, 517, 566, 1317, 
312, 185, -126, -248, 219, 29, -195, 653, 322, 517, 566, 1317, 
312, 185, -126, -248, 219, 29, -195, 653, 322, 517, 566, 1317, 
312, 185, -126, -248, 219, 29, -195, 653, 322, 517, 566, 1317, 
312, 175, -136, -244, 224, 19, -204, 658, 322, 507, 566, 1322, 
312, 180, -131, -246, 222, 24, -204, 658, 322, 507, 566, 1317, 
312, 180, -131, -246, 222, 24, -204, 658, 322, 507, 566, 1317, 
317, 180, -136, -248, 226, 21, -204, 658, 322, 512, 566, 1317, 
307, 180, -126, -244, 217, 26, -195, 658, 322, 512, 570, 1312, 
307, 175, -131, -241, 219, 21, -195, 658, 322, 512, 570, 1312, 
307, 175, -131, -241, 219, 21, -195, 658, 322, 512, 570, 1312, 
307, 175, -131, -241, 219, 21, -195, 658, 322, 507, 566, 1312, 
317, 175, -141, -246, 229, 17, -195, 658, 312, 507, 566, 1312, 
312, 175, -136, -244, 224, 19, -195, 658, 317, 507, 566, 1312, 
312, 170, -141, -241, 226, 14, -190, 658, 317, 507, 566, 1312, 
312, 170, -141, -241, 226, 14, -190, 658, 317, 507, 566, 1312, 
317, 161, -156, -239, 236, 2, -200, 649, 307, 497, 566, 1307, 
317, 165, -151, -241, 234, 7, -200, 649, 307, 497, 566, 1307, 
312, 165, -146, -239, 229, 9, -200, 653, 317, 502, 566, 1312, 
312, 170, -141, -241, 226, 14, -200, 653, 317, 502, 566, 1312, 
312, 185, -126, -248, 219, 29, -190, 653, 326, 517, 570, 1317, 
312, 195, -117, -253, 214, 39, -185, 658, 336, 527, 580, 1317, 
312, 209, -102, -261, 207, 53, -180, 663, 346, 531, 590, 1322, 
312, 224, -87, -268, 200, 68, -175, 668, 346, 536, 595, 1332, 
302, 224, -78, -263, 190, 73, -175, 658, 341, 541, 600, 1342, 
302, 229, -73, -265, 187, 78, -175, 663, 346, 546, 605, 1342, 
307, 239, -68, -273, 187, 85, -175, 663, 351, 551, 605, 1337, 
307, 248, -58, -278, 183, 95, -170, 668, 356, 551, 605, 1332, 
307, 248, -58, -278, 183, 95, -170, 668, 361, 561, 610, 1342, 
312, 248, -63, -280, 187, 92, -165, 678, 366, 566, 610, 1342, 
312, 253, -58, -283, 185, 97, -165, 678, 366, 566, 614, 1342, 
312, 253, -58, -283, 185, 97, -170, 678, 366, 566, 614, 1342, 
312, 258, -53, -285, 183, 102, -170, 678, 366, 566, 614, 1351, 
312, 258, -53, -285, 183, 102, -170, 678, 370, 570, 614, 1351, 
312, 258, -53, -285, 183, 102, -170, 678, 370, 575, 614, 1351, 
312, 263, -48, -287, 180, 107, -175, 678, 370, 575, 619, 1356, 
312, 273, -39, -292, 175, 117, -175, 673, 370, 575, 619, 1356, 
317, 273, -43, -295, 180, 114, -185, 673, 366, 575, 619, 1356, 
317, 283, -34, -300, 175, 124, -190, 663, 366, 575, 624, 1361, 
317, 287, -29, -302, 173, 129, -200, 649, 361, 575, 629, 1361, 
322, 292, -29, -307, 175, 131, -209, 634, 351, 575, 634, 1366, 
322, 297, -24, -309, 173, 136, -214, 624, 351, 575, 634, 1366, 
322, 297, -24, -309, 173, 136, -219, 614, 346, 575, 634, 1366, 
322, 302, -19, -312, 170, 141, -229, 605, 346, 575, 644, 1371, 
322, 302, -19, -312, 170, 141, -234, 610, 351, 575, 644, 1385, 
322, 302, -19, -312, 170, 141, -234, 610, 351, 575, 649, 1385, 
322, 307, -14, -314, 168, 146, -234, 614, 351, 580, 649, 1385, 
331, 312, -19, -322, 175, 146, -239, 614, 351, 585, 644, 1385, 
336, 322, -14, -329, 175, 153, -239, 624, 356, 585, 644, 1385, 
341, 317, -24, -329, 183, 146, -239, 629, 356, 590, 644, 1385, 
346, 317, -29, -331, 187, 143, -234, 634, 366, 595, 644, 1385, 
346, 317, -29, -331, 187, 143, -234, 639, 366, 595, 653, 1390, 
346, 317, -29, -331, 187, 143, -229, 639, 361, 595, 658, 1390, 
356, 317, -39, -336, 197, 139, -229, 639, 361, 600, 658, 1390, 
346, 317, -29, -331, 187, 143, -229, 639, 361, 600, 658, 1385, 
346, 312, -34, -329, 190, 139, -229, 639, 361, 595, 658, 1376, 
336, 292, -43, -314, 190, 124, -229, 629, 366, 590, 649, 1371, 
331, 273, -58, -302, 195, 107, -229, 629, 361, 590, 639, 1361, 
331, 253, -78, -292, 204, 87, -219, 629, 356, 580, 629, 1351, 
322, 229, -92, -275, 207, 68, -219, 629, 346, 566, 614, 1337, 
326, 204, -122, -265, 224, 41, -219, 624, 326, 541, 590, 1322, 
322, 185, -136, -253, 229, 24, -214, 624, 312, 536, 585, 1302, 
312, 175, -136, -244, 224, 19, -214, 619, 307, 531, 580, 1298, 
312, 161, -151, -236, 231, 4, -209, 619, 302, 522, 575, 1288, 
312, 161, -151, -236, 231, 4, -209, 619, 297, 527, 575, 1288, 
312, 161, -151, -236, 231, 4, -209, 619, 297, 527, 570, 1278, 
307, 156, -151, -231, 229, 2, -209, 619, 297, 522, 570, 1278, 
307, 146, -161, -226, 234, -7, -209, 619, 287, 522, 566, 1278, 
297, 126, -170, -212, 234, -21, -209, 619, 283, 507, 551, 1263, 
297, 122, -175, -209, 236, -26, -204, 619, 283, 502, 546, 1259, 
297, 112, -185, -204, 241, -36, -204, 619, 278, 492, 541, 1254, 
297, 112, -185, -204, 241, -36, -204, 619, 273, 488, 536, 1249, 
307, 112, -195, -209, 251, -41, -204, 614, 283, 497, 546, 1249, 
307, 107, -200, -207, 253, -46, -204, 614, 283, 502, 541, 1249, 
307, 107, -200, -207, 253, -46, -204, 614, 283, 502, 541, 1249, 
307, 102, -204, -204, 256, -51, -204, 614, 283, 502, 541, 1244, 
302, 102, -200, -202, 251, -48, -204, 624, 283, 502, 541, 1254, 
297, 102, -195, -200, 246, -46, -204, 624, 283, 502, 541, 1254, 
297, 97, -200, -197, 248, -51, -204, 624, 283, 502, 541, 1249, 
297, 97, -200, -197, 248, -51, -204, 624, 283, 502, 541, 1249, 
307, 102, -204, -204, 256, -51, -204, 614, 287, 502, 541, 1239, 
307, 102, -204, -204, 256, -51, -204, 614, 287, 507, 541, 1244, 
307, 102, -204, -204, 256, -51, -200, 614, 287, 507, 541, 1249, 
307, 102, -204, -204, 256, -51, -200, 619, 287, 507, 541, 1249, 
307, 102, -204, -204, 256, -51, -200, 619, 287, 507, 541, 1249, 
307, 102, -204, -204, 256, -51, -200, 619, 287, 507, 541, 1239, 
297, 102, -195, -200, 246, -46, -200, 629, 292, 507, 536, 1234, 
297, 82, -214, -190, 256, -65, -185, 653, 297, 512, 527, 1229, 
302, 39, -263, -170, 283, -112, -161, 707, 317, 502, 512, 1200, 
307, -9, -317, -148, 312, -163, -117, 780, 331, 483, 473, 1151, 
307, -34, -341, -136, 324, -187, -63, 863, 356, 463, 429, 1102, 
302, -34, -336, -134, 319, -185, -4, 941, 385, 453, 409, 1073, 
302, -4, -307, -148, 305, -156, 29, 995, 405, 444, 400, 1063, 
317, 48, -268, -183, 292, -109, 58, 1058, 468, 478, 424, 1083, 
336, 117, -219, -226, 278, -51, 68, 1141, 585, 561, 468, 1112, 
375, 204, -170, -290, 273, 17, 58, 1195, 722, 683, 546, 1171, 
400, 366, -34, -383, 217, 165, 29, 1210, 902, 858, 683, 1283, 
414, 605, 190, -509, 112, 397, 19, 1234, 1176, 1137, 897, 1454, 
434, 917, 483, -675, -24, 700, 9, 1224, 1507, 1483, 1161, 1659, 
444, 1254, 810, -849, -183, 1032, -73, 1073, 1771, 1849, 1454, 1912, 
444, 1561, 1117, -1002, -336, 1339, -244, 727, 1830, 2142, 1766, 2196, 
429, 1849, 1420, -1139, -495, 1634, -517, 229, 1727, 2342, 2069, 2508, 
405, 2152, 1747, -1278, -671, 1949, -805, -297, 1664, 2503, 2361, 2825, 
361, 2313, 1952, -1337, -795, 2132, -932, -566, 1693, 2601, 2503, 2976, 
331, 2005, 1673, -1168, -671, 1839, -814, -492, 1751, 2498, 2230, 2723, 
322, 1405, 1083, -863, -380, 1244, -658, -287, 1649, 2152, 1737, 2254, 
297, 1029, 732, -663, -217, 880, -639, -263, 1239, 1703, 1429, 2015, 
248, 834, 585, -541, -168, 710, -658, -326, 605, 1195, 1229, 1917, 
190, 541, 351, -366, -80, 446, -610, -307, -107, 595, 951, 1722, 
161, 234, 73, -197, 43, 153, -527, -209, -634, 112, 712, 1527, 
151, 82, -68, -117, 109, 7, -478, -112, -697, 4, 605, 1420, 
161, -24, -185, -68, 173, -104, -453, -34, -527, 82, 527, 1322, 
165, -151, -317, -7, 241, -234, -439, 14, -502, 58, 439, 1220, 
180, -244, -424, 31, 302, -334, -414, 73, -512, 14, 375, 1161, 
185, -263, -448, 39, 317, -356, -370, 165, -400, 53, 356, 1122, 
190, -268, -458, 39, 324, -363, -317, 263, -287, 112, 341, 1093, 
200, -239, -439, 19, 319, -339, -312, 336, -209, 161, 351, 1088, 
200, -200, -400, 0, 300, -300, -312, 356, -126, 224, 375, 1107, 
209, -141, -351, -34, 280, -246, -312, 390, -39, 283, 414, 1122, 
229, -92, -322, -68, 275, -207, -283, 444, 29, 331, 444, 1141, 
244, -58, -302, -92, 273, -180, -263, 497, 92, 375, 468, 1141, 
258, -39, -297, -109, 278, -168, -234, 541, 136, 390, 473, 1146, 
263, -14, -278, -124, 270, -146, -209, 575, 165, 409, 483, 1156, 
273, -4, -278, -134, 275, -141, -195, 595, 200, 414, 492, 1156, 
278, 4, -273, -141, 275, -134, -185, 605, 224, 439, 492, 1161, 
278, 19, -258, -148, 268, -119, -180, 624, 244, 453, 502, 1171, 
278, 24, -253, -151, 265, -114, -175, 629, 268, 468, 512, 1185, 
268, 43, -224, -156, 246, -90, -180, 629, 283, 492, 527, 1200, 
278, 53, -224, -165, 251, -85, -180, 629, 302, 507, 536, 1200, 
278, 58, -219, -168, 248, -80, -185, 639, 312, 517, 536, 1200, 
278, 58, -219, -168, 248, -80, -185, 653, 322, 527, 536, 1200, 
278, 63, -214, -170, 246, -75, -180, 653, 317, 517, 546, 1210, 
278, 68, -209, -173, 244, -70, -175, 658, 317, 517, 546, 1210, 
283, 73, -209, -178, 246, -68, -170, 663, 317, 517, 546, 1205, 
283, 78, -204, -180, 244, -63, -170, 663, 317, 517, 546, 1205, 
283, 68, -214, -175, 248, -73, -170, 663, 317, 512, 536, 1195, 
287, 68, -219, -178, 253, -75, -170, 663, 326, 512, 536, 1195, 
287, 78, -209, -183, 248, -65, -170, 668, 331, 522, 536, 1195, 
283, 82, -200, -183, 241, -58, -165, 668, 341, 527, 546, 1200, 
273, 73, -200, -173, 236, -63, -165, 668, 341, 531, 556, 1190, 
273, 73, -200, -173, 236, -63, -165, 673, 341, 536, 561, 1190, 
278, 73, -204, -175, 241, -65, -165, 673, 346, 536, 561, 1205, 
283, 73, -209, -178, 246, -68, -161, 673, 346, 541, 561, 1205, 
283, 82, -200, -183, 241, -58, -170, 683, 356, 541, 561, 1195, 
287, 87, -200, -187, 244, -56, -170, 683, 356, 546, 566, 1200, 
292, 87, -204, -190, 248, -58, -165, 683, 361, 551, 566, 1200, 
292, 87, -204, -190, 248, -58, -165, 688, 366, 551, 566, 1200, 
292, 87, -204, -190, 248, -58, -156, 697, 361, 551, 561, 1205, 
292, 87, -204, -190, 248, -58, -156, 697, 361, 556, 561, 1210, 
297, 87, -209, -192, 253, -61, -156, 697, 366, 556, 561, 1215, 
297, 87, -209, -192, 253, -61, -156, 702, 370, 561, 570, 1215, 
287, 97, -190, -192, 239, -46, -156, 692, 380, 570, 580, 1210, 
287, 97, -190, -192, 239, -46, -156, 692, 385, 570, 580, 1205, 
287, 97, -190, -192, 239, -46, -156, 702, 385, 575, 570, 1200, 
287, 97, -190, -192, 239, -46, -156, 707, 390, 575, 570, 1200, 
287, 97, -190, -192, 239, -46, -156, 697, 395, 575, 580, 1205, 
292, 102, -190, -197, 241, -43, -156, 697, 395, 580, 575, 1205, 
292, 117, -175, -204, 234, -29, -156, 697, 400, 580, 570, 1205, 
297, 117, -180, -207, 239, -31, -156, 707, 405, 585, 570, 1205, 
287, 117, -170, -202, 229, -26, -161, 707, 409, 580, 570, 1200, 
287, 117, -170, -202, 229, -26, -161, 712, 414, 585, 575, 1200, 
292, 112, -180, -202, 236, -34, -161, 717, 419, 585, 575, 1200, 
292, 107, -185, -200, 239, -39, -161, 722, 424, 590, 580, 1200, 
302, 112, -190, -207, 246, -39, -161, 717, 434, 595, 570, 1200, 
302, 112, -190, -207, 246, -39, -161, 722, 439, 600, 570, 1200, 
302, 112, -190, -207, 246, -39, -161, 722, 448, 605, 566, 1205, 
297, 117, -180, -207, 239, -31, -161, 727, 463, 610, 566, 1205, 
307, 126, -180, -217, 244, -26, -161, 741, 478, 619, 566, 1195, 
307, 126, -180, -217, 244, -26, -161, 741, 483, 619, 575, 1195, 
307, 126, -180, -217, 244, -26, -156, 746, 488, 624, 575, 1195, 
307, 122, -185, -214, 246, -31, -156, 751, 497, 629, 575, 1190, 
302, 131, -170, -217, 236, -19, -146, 761, 497, 634, 580, 1200, 
302, 131, -170, -217, 236, -19, -146, 761, 507, 639, 585, 1205, 
302, 131, -170, -217, 236, -19, -146, 766, 512, 644, 585, 1205, 
307, 131, -175, -219, 241, -21, -146, 780, 522, 649, 585, 1205, 
307, 126, -180, -217, 244, -26, -146, 795, 536, 658, 590, 1200, 
302, 126, -175, -214, 239, -24, -146, 805, 556, 668, 595, 1200, 
312, 146, -165, -229, 239, -9, -146, 810, 566, 678, 600, 1205, 
312, 156, -156, -234, 234, 0, -151, 814, 585, 692, 614, 1205, 
312, 161, -151, -236, 231, 4, -151, 829, 605, 707, 610, 1200, 
312, 161, -151, -236, 231, 4, -151, 839, 624, 717, 614, 1210, 
312, 165, -146, -239, 229, 9, -151, 849, 639, 727, 619, 1215, 
312, 170, -141, -241, 226, 14, -146, 854, 653, 736, 624, 1220, 
317, 180, -136, -248, 226, 21, -141, 873, 668, 761, 639, 1224, 
317, 190, -126, -253, 222, 31, -141, 883, 688, 771, 649, 1224, 
322, 195, -126, -258, 224, 34, -141, 897, 707, 785, 653, 1229, 
336, 204, -131, -270, 234, 36, -141, 907, 727, 800, 658, 1229, 
331, 219, -112, -275, 222, 53, -141, 912, 761, 824, 663, 1244, 
336, 224, -112, -280, 224, 56, -141, 927, 780, 839, 678, 1254, 
341, 229, -112, -285, 226, 58, -146, 932, 800, 854, 692, 1259, 
346, 244, -102, -295, 224, 70, -146, 951, 819, 868, 702, 1273, 
351, 268, -82, -309, 217, 92, -146, 956, 844, 888, 712, 1288, 
351, 287, -63, -319, 207, 112, -146, 976, 863, 912, 727, 1293, 
356, 302, -53, -329, 204, 124, -146, 980, 888, 932, 741, 1302, 
361, 312, -48, -336, 204, 131, -151, 990, 907, 951, 756, 1312, 
356, 322, -34, -339, 195, 143, -151, 995, 936, 971, 780, 1332, 
361, 336, -24, -348, 192, 156, -156, 1000, 951, 990, 795, 1346, 
366, 361, -4, -363, 185, 178, -161, 1010, 971, 1010, 805, 1351, 
370, 385, 14, -378, 178, 200, -161, 1019, 990, 1034, 819, 1366, 
366, 400, 34, -383, 165, 217, -170, 1019, 1000, 1049, 834, 1385, 
370, 409, 39, -390, 165, 224, -170, 1019, 1010, 1054, 849, 1395, 
375, 424, 48, -400, 163, 236, -175, 1019, 1015, 1068, 863, 1410, 
380, 439, 58, -409, 161, 248, -180, 1019, 1024, 1083, 868, 1415, 
380, 448, 68, -414, 156, 258, -185, 1019, 1029, 1093, 878, 1424, 
380, 463, 82, -422, 148, 273, -190, 1019, 1029, 1093, 893, 1429, 
380, 473, 92, -427, 143, 283, -195, 1015, 1029, 1102, 902, 1439, 
385, 478, 92, -431, 146, 285, -200, 1015, 1034, 1102, 922, 1449, 
390, 483, 92, -436, 148, 287, -195, 1000, 1034, 1112, 912, 1454, 
390, 492, 102, -441, 143, 297, -195, 995, 1034, 1112, 922, 1464, 
385, 497, 112, -441, 136, 305, -200, 995, 1029, 1117, 922, 1473, 
385, 497, 112, -441, 136, 305, -204, 990, 1029, 1122, 932, 1483, 
385, 502, 117, -444, 134, 309, -219, 976, 1015, 1112, 941, 1483, 
385, 517, 131, -451, 126, 324, -219, 976, 1010, 1112, 951, 1488, 
380, 527, 146, -453, 117, 336, -224, 956, 1000, 1112, 951, 1498, 
380, 531, 151, -456, 114, 341, -229, 946, 985, 1107, 951, 1498, 
370, 522, 151, -446, 109, 336, -224, 932, 961, 1098, 946, 1498, 
366, 522, 156, -444, 104, 339, -224, 912, 941, 1088, 946, 1498, 
361, 522, 161, -441, 100, 341, -224, 893, 917, 1068, 936, 1498, 
361, 517, 156, -439, 102, 336, -219, 878, 893, 1049, 932, 1483, 
351, 507, 156, -429, 97, 331, -229, 873, 858, 1019, 922, 1468, 
346, 497, 151, -422, 97, 324, -224, 863, 834, 995, 912, 1468, 
336, 483, 146, -409, 95, 314, -219, 844, 810, 976, 902, 1459, 
331, 468, 136, -400, 97, 302, -219, 839, 780, 956, 883, 1449, 
317, 448, 131, -383, 92, 290, -209, 814, 746, 932, 868, 1429, 
312, 424, 112, -368, 100, 268, -204, 805, 722, 917, 849, 1415, 
307, 395, 87, -351, 109, 241, -204, 790, 692, 897, 829, 1400, 
302, 375, 73, -339, 114, 224, -200, 780, 668, 878, 819, 1381, 
292, 366, 73, -329, 109, 219, -190, 761, 644, 849, 795, 1366, 
287, 346, 58, -317, 114, 202, -195, 751, 614, 824, 785, 1356, 
283, 336, 53, -309, 114, 195, -195, 736, 590, 805, 771, 1342, 
273, 322, 48, -297, 112, 185, -190, 727, 566, 780, 756, 1332, 
268, 297, 29, -283, 119, 163, -190, 717, 551, 756, 741, 1317, 
263, 283, 19, -273, 122, 151, -185, 702, 527, 746, 727, 1302, 
263, 268, 4, -265, 129, 136, -185, 692, 512, 732, 712, 1288, 
263, 244, -19, -253, 141, 112, -185, 683, 497, 717, 697, 1278, 
248, 224, -24, -236, 136, 100, -190, 668, 468, 702, 683, 1278, 
248, 214, -34, -231, 141, 90, -190, 658, 448, 692, 678, 1273, 
248, 209, -39, -229, 143, 85, -190, 649, 434, 678, 673, 1268, 
244, 204, -39, -224, 141, 82, -185, 644, 414, 663, 668, 1259, 
244, 204, -39, -224, 141, 82, -185, 649, 405, 658, 658, 1244, 
239, 195, -43, -217, 141, 75, -190, 644, 395, 644, 653, 1244, 
239, 190, -48, -214, 143, 70, -190, 634, 380, 629, 644, 1239, 
239, 185, -53, -212, 146, 65, -190, 624, 370, 624, 639, 1234, 
239, 165, -73, -202, 156, 46, -190, 614, 366, 619, 629, 1224, 
239, 156, -82, -197, 161, 36, -190, 605, 361, 614, 629, 1224, 
239, 146, -92, -192, 165, 26, -190, 600, 356, 610, 629, 1210, 
239, 146, -92, -192, 165, 26, -190, 600, 356, 605, 619, 1205, 
239, 141, -97, -190, 168, 21, -190, 600, 346, 605, 605, 1205, 
234, 136, -97, -185, 165, 19, -195, 595, 336, 600, 610, 1205, 
234, 136, -97, -185, 165, 19, -195, 590, 326, 590, 610, 1200, 
234, 131, -102, -183, 168, 14, -195, 590, 312, 580, 610, 1200, 
229, 131, -97, -180, 163, 17, -195, 595, 312, 585, 614, 1200, 
229, 126, -102, -178, 165, 12, -195, 590, 307, 585, 610, 1200, 
229, 126, -102, -178, 165, 12, -195, 585, 307, 585, 610, 1195, 
244, 122, -122, -183, 183, 0, -195, 585, 307, 580, 610, 1195, 
234, 122, -112, -178, 173, 4, -195, 575, 302, 570, 605, 1195, 
234, 122, -112, -178, 173, 4, -195, 575, 302, 570, 605, 1195, 
239, 122, -117, -180, 178, 2, -195, 570, 297, 570, 605, 1195, 
239, 126, -112, -183, 175, 7, -195, 566, 297, 570, 605, 1195, 
239, 117, -122, -178, 180, -2, -204, 561, 297, 570, 595, 1200, 
239, 117, -122, -178, 180, -2, -200, 561, 297, 570, 595, 1195, 
224, 117, -107, -170, 165, 4, -200, 561, 292, 566, 614, 1190, 
214, 117, -97, -165, 156, 9, -200, 561, 292, 566, 614, 1185, 
214, 122, -92, -168, 153, 14, -200, 556, 302, 575, 610, 1195, 
214, 117, -97, -165, 156, 9, -200, 556, 302, 575, 600, 1195, 
219, 112, -107, -165, 163, 2, -200, 561, 297, 570, 585, 1171, 
234, 107, -126, -170, 180, -9, -200, 561, 297, 570, 585, 1171, 
234, 82, -151, -158, 192, -34, -195, 561, 297, 570, 595, 1171, 
229, 87, -141, -158, 185, -26, -195, 561, 297, 570, 595, 1176, 
229, 97, -131, -163, 180, -17, -195, 561, 297, 570, 595, 1180, 
229, 112, -117, -170, 173, -2, -195, 561, 297, 570, 595, 1180, 
229, 112, -117, -170, 173, -2, -204, 556, 297, 570, 595, 1180, 
229, 112, -117, -170, 173, -2, -204, 556, 297, 570, 595, 1180, 
229, 107, -122, -168, 175, -7, -204, 556, 297, 570, 595, 1176, 
229, 107, -122, -168, 175, -7, -204, 556, 297, 570, 600, 1171, 
219, 102, -117, -161, 168, -7, -204, 556, 297, 570, 600, 1171, 
224, 107, -117, -165, 170, -4, -209, 556, 297, 570, 600, 1176, 
229, 107, -122, -168, 175, -7, -209, 556, 297, 570, 600, 1176, 
234, 117, -117, -175, 175, 0, -209, 556, 297, 570, 600, 1176, 
229, 126, -102, -178, 165, 12, -200, 561, 292, 575, 600, 1171, 
229, 122, -107, -175, 168, 7, -200, 561, 292, 575, 600, 1171, 
229, 112, -117, -170, 173, -2, -195, 561, 292, 575, 600, 1176, 
229, 102, -126, -165, 178, -12, -195, 566, 292, 575, 600, 1176, 
229, 102, -126, -165, 178, -12, -204, 566, 292, 566, 600, 1166, 
224, 102, -122, -163, 173, -9, -200, 566, 297, 566, 600, 1166, 
224, 107, -117, -165, 170, -4, -200, 566, 297, 566, 600, 1166, 
224, 107, -117, -165, 170, -4, -200, 566, 297, 566, 600, 1166, 
229, 107, -122, -168, 175, -7, -200, 566, 297, 561, 600, 1166, 
229, 107, -122, -168, 175, -7, -200, 566, 297, 561, 600, 1166, 
229, 107, -122, -168, 175, -7, -200, 570, 297, 561, 600, 1166, 
224, 107, -117, -165, 170, -4, -200, 570, 297, 561, 600, 1171, 
224, 107, -117, -165, 170, -4, -200, 575, 287, 570, 600, 1161, 
224, 107, -117, -165, 170, -4, -200, 575, 287, 570, 600, 1161, 
224, 107, -117, -165, 170, -4, -200, 575, 287, 570, 600, 1171, 
224, 107, -117, -165, 170, -4, -195, 575, 297, 575, 605, 1171, 
219, 107, -112, -163, 165, -2, -190, 575, 297, 575, 605, 1161, 
219, 107, -112, -163, 165, -2, -190, 575, 297, 575, 605, 1161, 
224, 112, -112, -168, 168, 0, -195, 575, 297, 575, 605, 1161, 
224, 117, -107, -170, 165, 4, -195, 580, 297, 575, 605, 1161, 
224, 117, -107, -170, 165, 4, -195, 570, 302, 585, 600, 1161, 
224, 117, -107, -170, 165, 4, -195, 570, 302, 585, 600, 1161, 
224, 117, -107, -170, 165, 4, -200, 570, 307, 585, 600, 1161, 
224, 117, -107, -170, 165, 4, -200, 570, 312, 580, 600, 1156, 
224, 107, -117, -165, 170, -4, -190, 575, 302, 580, 600, 1166, 
224, 117, -107, -170, 165, 4, -190, 575, 302, 585, 605, 1166, 
224, 117, -107, -170, 165, 4, -190, 580, 302, 585, 605, 1166, 
224, 117, -107, -170, 165, 4, -195, 585, 302, 585, 605, 1166, 
224, 112, -112, -168, 168, 0, -195, 585, 312, 585, 600, 1166, 
224, 112, -112, -168, 168, 0, -195, 585, 307, 585, 605, 1171, 
224, 112, -112, -168, 168, 0, -195, 585, 307, 585, 605, 1171, 
224, 117, -107, -170, 165, 4, -195, 585, 307, 590, 605, 1171, 
224, 117, -107, -170, 165, 4, -204, 585, 312, 590, 600, 1161, 
224, 117, -107, -170, 165, 4, -204, 585, 307, 590, 610, 1166, 
224, 117, -107, -170, 165, 4, -200, 585, 302, 595, 610, 1166, 
224, 117, -107, -170, 165, 4, -200, 585, 297, 600, 610, 1161, 
214, 117, -97, -165, 156, 9, -195, 570, 302, 590, 610, 1171, 
229, 117, -112, -173, 170, 2, -195, 570, 302, 590, 605, 1171, 
234, 117, -117, -175, 175, 0, -195, 570, 302, 590, 605, 1166, 
234, 122, -112, -178, 173, 4, -200, 570, 297, 590, 605, 1161, 
224, 126, -97, -175, 161, 14, -200, 570, 302, 600, 614, 1171, 
224, 126, -97, -175, 161, 14, -200, 570, 302, 600, 614, 1171, 
224, 126, -97, -175, 161, 14, -200, 570, 302, 600, 614, 1171, 
224, 122, -102, -173, 163, 9, -204, 570, 297, 600, 614, 1171, 
224, 122, -102, -173, 163, 9, -204, 570, 297, 590, 610, 1171, 
224, 122, -102, -173, 163, 9, -204, 570, 297, 590, 605, 1171, 
219, 122, -97, -170, 158, 12, -204, 570, 297, 595, 605, 1166, 
219, 122, -97, -170, 158, 12, -200, 570, 302, 595, 610, 1176, 
224, 122, -102, -173, 163, 9, -200, 561, 292, 595, 610, 1190, 
224, 122, -102, -173, 163, 9, -204, 561, 292, 595, 610, 1205, 
224, 122, -102, -173, 163, 9, -204, 556, 292, 590, 610, 1195, 
224, 117, -107, -170, 165, 4, -204, 556, 292, 590, 610, 1176, 
234, 117, -117, -175, 175, 0, -204, 556, 287, 600, 610, 1190, 
229, 117, -112, -173, 170, 2, -204, 556, 287, 600, 605, 1132, 
229, 117, -112, -173, 170, 2, -204, 556, 287, 600, 605, 1117, 
229, 117, -112, -173, 170, 2, -204, 561, 287, 600, 605, 1127, 
219, 117, -102, -168, 161, 7, -200, 561, 287, 600, 614, 1141, 
219, 122, -97, -170, 158, 12, -200, 556, 287, 600, 614, 1141, 
219, 122, -97, -170, 158, 12, -204, 556, 283, 595, 610, 1146, 
219, 117, -102, -168, 161, 7, -204, 556, 283, 585, 610, 1151, 
219, 122, -97, -170, 158, 12, -204, 561, 278, 595, 605, 1161, 
229, 122, -107, -175, 168, 7, -204, 561, 278, 590, 605, 1161, 
229, 122, -107, -175, 168, 7, -204, 556, 278, 585, 610, 1161, 
224, 117, -107, -170, 165, 4, -204, 556, 273, 595, 605, 1161, 
224, 117, -107, -170, 165, 4, -204, 546, 273, 585, 605, 1151, 
224, 117, -107, -170, 165, 4, -204, 546, 273, 585, 605, 1151, 
224, 117, -107, -170, 165, 4, -204, 546, 273, 585, 605, 1151, 
224, 117, -107, -170, 165, 4, -204, 546, 273, 585, 605, 1151, 
214, 107, -107, -161, 161, 0, -214, 551, 263, 585, 605, 1156, 
214, 112, -102, -163, 158, 4, -214, 551, 263, 585, 605, 1151, 
214, 112, -102, -163, 158, 4, -214, 551, 263, 585, 605, 1151, 
219, 112, -107, -165, 163, 2, -214, 551, 263, 590, 605, 1151, 
219, 112, -107, -165, 163, 2, -214, 541, 263, 590, 610, 1146, 
219, 107, -112, -163, 165, -2, -214, 541, 263, 590, 610, 1146, 
219, 107, -112, -163, 165, -2, -214, 541, 263, 590, 610, 1146, 
219, 107, -112, -163, 165, -2, -214, 541, 263, 585, 605, 1146, 
219, 107, -112, -163, 165, -2, -214, 541, 253, 585, 605, 1146, 
214, 107, -107, -161, 161, 0, -214, 541, 258, 585, 605, 1146, 
214, 102, -112, -158, 163, -4, -209, 541, 258, 585, 605, 1146, 
214, 102, -112, -158, 163, -4, -209, 541, 258, 585, 605, 1146, 
219, 102, -117, -161, 168, -7, -209, 541, 258, 595, 614, 1141, 
219, 107, -112, -163, 165, -2, -209, 541, 258, 595, 614, 1141, 
214, 107, -107, -161, 161, 0, -209, 546, 268, 600, 614, 1146, 
214, 112, -102, -163, 158, 4, -209, 546, 268, 600, 614, 1146, 
214, 126, -87, -170, 151, 19, -209, 546, 278, 605, 619, 1151, 
214, 136, -78, -175, 146, 29, -204, 551, 287, 614, 629, 1151, 
214, 151, -63, -183, 139, 43, -200, 556, 297, 619, 639, 1156, 
214, 165, -48, -190, 131, 58, -195, 561, 297, 624, 644, 1166, 
214, 165, -48, -190, 131, 58, -185, 561, 302, 629, 649, 1180, 
214, 170, -43, -192, 129, 63, -185, 566, 307, 634, 653, 1185, 
219, 180, -39, -200, 129, 70, -185, 566, 312, 639, 653, 1185, 
219, 190, -29, -204, 124, 80, -180, 570, 317, 639, 653, 1185, 
219, 190, -29, -204, 124, 80, -180, 570, 317, 639, 658, 1185, 
224, 190, -34, -207, 129, 78, -175, 580, 317, 644, 658, 1185, 
224, 195, -29, -209, 126, 82, -175, 580, 312, 644, 663, 1185, 
224, 195, -29, -209, 126, 82, -180, 580, 307, 644, 663, 1185, 
234, 200, -34, -217, 134, 82, -190, 570, 307, 634, 653, 1185, 
234, 200, -34, -217, 134, 82, -190, 570, 312, 639, 653, 1185, 
234, 200, -34, -217, 134, 82, -190, 570, 312, 644, 653, 1185, 
234, 204, -29, -219, 131, 87, -195, 570, 312, 644, 658, 1190, 
224, 204, -19, -214, 122, 92, -195, 556, 322, 653, 658, 1190, 
229, 204, -24, -217, 126, 90, -204, 556, 317, 653, 658, 1190, 
229, 214, -14, -222, 122, 100, -209, 546, 317, 653, 663, 1195, 
229, 219, -9, -224, 119, 104, -219, 531, 312, 653, 668, 1195, 
224, 214, -9, -219, 117, 102, -239, 527, 302, 653, 673, 1200, 
224, 219, -4, -222, 114, 107, -244, 517, 302, 653, 673, 1200, 
224, 219, -4, -222, 114, 107, -248, 507, 297, 653, 673, 1200, 
224, 224, 0, -224, 112, 112, -258, 497, 297, 653, 683, 1205, 
224, 234, 9, -229, 107, 122, -263, 492, 292, 653, 683, 1220, 
224, 234, 9, -229, 107, 122, -263, 492, 292, 653, 688, 1220, 
224, 239, 14, -231, 104, 126, -263, 497, 292, 658, 688, 1220, 
234, 244, 9, -239, 112, 126, -268, 497, 292, 663, 683, 1220, 
239, 244, 4, -241, 117, 124, -258, 517, 307, 653, 692, 1210, 
244, 239, -4, -241, 124, 117, -258, 522, 307, 658, 692, 1210, 
248, 239, -9, -244, 129, 114, -253, 527, 317, 663, 692, 1210, 
248, 239, -9, -244, 129, 114, -253, 531, 317, 663, 702, 1215, 
248, 239, -9, -244, 129, 114, -248, 531, 312, 663, 702, 1210, 
258, 239, -19, -248, 139, 109, -248, 531, 312, 668, 697, 1215, 
248, 239, -9, -244, 129, 114, -248, 531, 312, 668, 692, 1215, 
248, 234, -14, -241, 131, 109, -248, 531, 312, 663, 688, 1210, 
239, 214, -24, -226, 131, 95, -239, 531, 297, 658, 678, 1195, 
234, 195, -39, -214, 136, 78, -239, 531, 292, 658, 668, 1185, 
234, 175, -58, -204, 146, 58, -229, 531, 287, 649, 658, 1176, 
224, 151, -73, -187, 148, 39, -229, 531, 278, 634, 644, 1161, 
219, 146, -73, -183, 146, 36, -229, 517, 268, 610, 629, 1161, 
214, 126, -87, -170, 151, 19, -224, 517, 253, 605, 624, 1146, 
204, 117, -87, -161, 146, 14, -224, 512, 248, 600, 619, 1146, 
204, 102, -102, -153, 153, 0, -219, 512, 244, 590, 614, 1141, 
204, 92, -112, -148, 158, -9, -229, 502, 239, 585, 605, 1122, 
204, 92, -112, -148, 158, -9, -229, 502, 239, 585, 600, 1112, 
200, 87, -112, -143, 156, -12, -229, 502, 239, 580, 600, 1112, 
200, 78, -122, -139, 161, -21, -229, 502, 229, 580, 595, 1112, 
200, 68, -131, -134, 165, -31, -229, 502, 214, 575, 580, 1107, 
200, 63, -136, -131, 168, -36, -224, 502, 214, 570, 575, 1102, 
200, 53, -146, -126, 173, -46, -224, 502, 209, 561, 570, 1098, 
200, 53, -146, -126, 173, -46, -224, 502, 204, 556, 566, 1093, 
200, 53, -146, -126, 173, -46, -224, 507, 204, 556, 575, 1093, 
200, 48, -151, -124, 175, -51, -224, 507, 204, 561, 570, 1093, 
200, 48, -151, -124, 175, -51, -224, 507, 204, 561, 570, 1093, 
200, 43, -156, -122, 178, -56, -224, 507, 204, 561, 570, 1088, 
204, 43, -161, -124, 183, -58, -224, 507, 204, 561, 570, 1078, 
200, 43, -156, -122, 178, -56, -224, 507, 204, 561, 570, 1078, 
200, 39, -161, -119, 180, -61, -224, 507, 204, 561, 570, 1073, 
200, 39, -161, -119, 180, -61, -224, 507, 204, 561, 570, 1073, 
200, 43, -156, -122, 178, -56, -224, 507, 200, 551, 570, 1073, 
200, 43, -156, -122, 178, -56, -224, 507, 200, 556, 570, 1078, 
200, 43, -156, -122, 178, -56, -219, 507, 200, 556, 570, 1083, 
200, 43, -156, -122, 178, -56, -219, 512, 200, 556, 570, 1083, 
200, 43, -156, -122, 178, -56, -219, 512, 209, 566, 570, 1083, 
200, 43, -156, -122, 178, -56, -219, 512, 209, 566, 570, 1083, 
200, 43, -156, -122, 178, -56, -219, 512, 214, 566, 566, 1078, 
200, 24, -175, -112, 187, -75, -214, 536, 219, 561, 556, 1063, 
204, -9, -214, -97, 209, -112, -190, 590, 219, 541, 522, 1034, 
200, -58, -258, -70, 229, -158, -146, 663, 234, 522, 473, 976, 
200, -92, -292, -53, 246, -192, -92, 756, 248, 502, 419, 927, 
195, -92, -287, -51, 241, -190, -43, 834, 268, 483, 400, 888, 
195, -73, -268, -61, 231, -170, 9, 897, 297, 492, 400, 878, 
219, -19, -239, -100, 229, -129, 48, 971, 361, 536, 424, 897, 
248, 48, -200, -148, 224, -75, 58, 1054, 468, 610, 468, 927, 
278, 136, -141, -207, 209, -2, 48, 1117, 614, 732, 556, 995, 
302, 307, 4, -305, 148, 156, 29, 1141, 805, 917, 702, 1117, 
326, 556, 229, -441, 48, 392, 9, 1176, 1088, 1195, 917, 1298, 
336, 868, 531, -602, -97, 700, 0, 1156, 1410, 1542, 1180, 1522, 
346, 1205, 858, -775, -256, 1032, -92, 976, 1654, 1898, 1493, 1795, 
346, 1522, 1176, -934, -414, 1349, -292, 580, 1712, 2181, 1815, 2098, 
331, 1820, 1488, -1076, -578, 1654, -575, 34, 1649, 2391, 2137, 2420, 
297, 2132, 1834, -1215, -768, 1983, -844, -483, 1625, 2581, 2449, 2747, 
253, 2283, 2030, -1268, -888, 2156, -941, -741, 1683, 2679, 2591, 2898, 
224, 1956, 1732, -1090, -753, 1844, -834, -649, 1712, 2518, 2308, 2644, 
214, 1395, 1180, -805, -483, 1288, -707, -483, 1542, 2132, 1825, 2196, 
190, 1078, 888, -634, -348, 983, -717, -507, 1083, 1683, 1537, 1986, 
141, 883, 741, -512, -300, 812, -756, -590, 439, 1185, 1337, 1888, 
82, 570, 488, -326, -202, 529, -697, -570, -253, 614, 1039, 1664, 
53, 263, 209, -158, -78, 236, -605, -473, -732, 180, 780, 1449, 
43, 92, 48, -68, -2, 70, -546, -346, -756, 92, 653, 1302, 
43, -43, -87, 0, 65, -65, -522, -248, -605, 151, 546, 1176, 
58, -190, -248, 65, 153, -219, -497, -170, -600, 107, 448, 1054, 
63, -283, -346, 109, 204, -314, -463, -92, -590, 73, 385, 985, 
78, -302, -380, 112, 229, -341, -400, 19, -478, 122, 366, 956, 
92, -297, -390, 102, 241, -344, -366, 126, -356, 180, 361, 936, 
102, -268, -370, 82, 236, -319, -370, 190, -278, 219, 370, 932, 
112, -229, -341, 58, 226, -285, -370, 219, -185, 273, 385, 941, 
122, -170, -292, 24, 207, -231, -351, 263, -97, 341, 414, 956, 
131, -122, -253, -4, 192, -187, -312, 326, -29, 390, 444, 976, 
146, -87, -234, -29, 190, -161, -283, 380, 34, 434, 478, 985, 
161, -68, -229, -46, 195, -148, -253, 424, 68, 448, 492, 980, 
165, -63, -229, -51, 197, -146, -229, 458, 97, 468, 492, 990, 
165, -43, -209, -61, 187, -126, -214, 478, 112, 483, 502, 990, 
170, -34, -204, -68, 187, -119, -204, 497, 136, 488, 502, 995, 
180, -29, -209, -75, 195, -119, -200, 507, 156, 492, 512, 1005, 
180, -24, -204, -78, 192, -114, -195, 512, 180, 507, 512, 1029, 
170, -4, -175, -82, 173, -90, -200, 517, 195, 522, 527, 1034, 
180, 4, -175, -92, 178, -85, -200, 522, 214, 536, 536, 1034, 
180, 9, -170, -95, 175, -80, -204, 536, 224, 546, 536, 1034, 
180, 9, -170, -95, 175, -80, -204, 556, 234, 556, 536, 1034, 
180, 19, -161, -100, 170, -70, -200, 561, 229, 556, 536, 1024, 
180, 19, -161, -100, 170, -70, -195, 561, 229, 556, 536, 1024, 
185, 19, -165, -102, 175, -73, -190, 561, 229, 556, 536, 1019, 
185, 19, -165, -102, 175, -73, -190, 556, 229, 556, 536, 1019, 
185, 19, -165, -102, 175, -73, -180, 556, 229, 561, 536, 1019, 
190, 19, -170, -104, 180, -75, -180, 556, 239, 561, 536, 1019, 
190, 29, -161, -109, 175, -65, -180, 561, 244, 570, 536, 1019, 
185, 34, -151, -109, 168, -58, -175, 561, 253, 575, 546, 1024, 
180, 24, -156, -102, 168, -65, -185, 570, 253, 570, 546, 1024, 
175, 24, -151, -100, 163, -63, -185, 575, 253, 575, 551, 1024, 
175, 24, -151, -100, 163, -63, -185, 575, 258, 575, 551, 1039, 
175, 24, -151, -100, 163, -63, -180, 575, 258, 580, 551, 1039, 
175, 34, -141, -104, 158, -53, -180, 575, 258, 580, 556, 1029, 
180, 39, -141, -109, 161, -51, -180, 575, 258, 585, 556, 1034, 
185, 39, -146, -112, 165, -53, -175, 575, 263, 590, 551, 1034, 
185, 39, -146, -112, 165, -53, -175, 580, 268, 590, 546, 1034, 
185, 48, -136, -117, 161, -43, -175, 580, 273, 590, 551, 1034, 
185, 48, -136, -117, 161, -43, -175, 580, 273, 595, 551, 1034, 
190, 48, -141, -119, 165, -46, -175, 580, 278, 595, 551, 1034, 
190, 48, -141, -119, 165, -46, -175, 585, 283, 600, 561, 1029, 
190, 48, -141, -119, 165, -46, -175, 585, 283, 600, 561, 1034, 
190, 48, -141, -119, 165, -46, -175, 585, 287, 600, 561, 1029, 
190, 48, -141, -119, 165, -46, -175, 595, 287, 605, 551, 1024, 
190, 48, -141, -119, 165, -46, -175, 600, 292, 605, 551, 1024, 
180, 39, -141, -109, 161, -51, -165, 600, 297, 605, 556, 1029, 
185, 43, -141, -114, 163, -48, -165, 600, 297, 610, 556, 1029, 
185, 58, -126, -122, 156, -34, -165, 600, 302, 610, 556, 1029, 
190, 58, -131, -124, 161, -36, -165, 610, 307, 614, 561, 1029, 
190, 53, -136, -122, 163, -41, -170, 610, 322, 610, 561, 1024, 
190, 58, -131, -124, 161, -36, -170, 614, 326, 614, 566, 1024, 
195, 58, -136, -126, 165, -39, -170, 619, 331, 614, 566, 1024, 
195, 58, -136, -126, 165, -39, -170, 624, 336, 619, 570, 1024, 
195, 63, -131, -129, 163, -34, -161, 629, 336, 624, 570, 1024, 
195, 63, -131, -129, 163, -34, -161, 634, 341, 629, 570, 1024, 
195, 63, -131, -129, 163, -34, -161, 634, 351, 634, 566, 1029, 
190, 68, -122, -129, 156, -26, -161, 639, 366, 639, 566, 1029, 
200, 78, -122, -139, 161, -21, -170, 644, 361, 649, 566, 1019, 
200, 78, -122, -139, 161, -21, -170, 644, 366, 649, 575, 1019, 
200, 78, -122, -139, 161, -21, -165, 649, 370, 653, 575, 1019, 
200, 73, -126, -136, 163, -26, -165, 653, 380, 658, 575, 1015, 
204, 82, -122, -143, 163, -19, -156, 673, 400, 653, 575, 1024, 
204, 82, -122, -143, 163, -19, -156, 673, 409, 658, 575, 1029, 
204, 82, -122, -143, 163, -19, -156, 678, 414, 663, 570, 1029, 
209, 82, -126, -146, 168, -21, -156, 692, 424, 668, 566, 1029, 
204, 87, -117, -146, 161, -14, -156, 697, 444, 688, 575, 1024, 
204, 87, -117, -146, 161, -14, -156, 707, 458, 697, 575, 1024, 
219, 107, -112, -163, 165, -2, -156, 712, 463, 707, 575, 1029, 
224, 117, -107, -170, 165, 4, -161, 717, 478, 722, 585, 1029, 
224, 122, -102, -173, 163, 9, -161, 732, 497, 727, 590, 1024, 
224, 122, -102, -173, 163, 9, -161, 741, 517, 736, 595, 1034, 
224, 126, -97, -175, 161, 14, -161, 751, 531, 746, 600, 1039, 
224, 131, -92, -178, 158, 19, -156, 756, 546, 756, 605, 1044, 
229, 141, -87, -185, 158, 26, -161, 771, 551, 771, 610, 1049, 
229, 151, -78, -190, 153, 36, -161, 785, 570, 780, 619, 1049, 
234, 156, -78, -195, 156, 39, -161, 805, 590, 795, 624, 1054, 
248, 165, -82, -207, 165, 41, -161, 819, 610, 810, 629, 1054, 
253, 180, -73, -217, 163, 53, -151, 824, 634, 824, 634, 1068, 
258, 185, -73, -222, 165, 56, -151, 839, 653, 839, 649, 1078, 
263, 190, -73, -226, 168, 58, -156, 844, 673, 854, 663, 1083, 
268, 204, -63, -236, 165, 70, -156, 863, 692, 868, 673, 1098, 
273, 229, -43, -251, 158, 92, -165, 878, 727, 888, 692, 1102, 
273, 248, -24, -261, 148, 112, -165, 897, 746, 912, 707, 1107, 
278, 263, -14, -270, 146, 124, -165, 902, 771, 932, 722, 1117, 
283, 273, -9, -278, 146, 131, -170, 912, 790, 951, 736, 1127, 
278, 283, 4, -280, 136, 143, -170, 917, 800, 971, 751, 1146, 
283, 297, 14, -290, 134, 156, -175, 922, 814, 990, 766, 1161, 
287, 322, 34, -305, 126, 178, -180, 932, 834, 1010, 775, 1166, 
292, 346, 53, -319, 119, 200, -180, 941, 854, 1034, 790, 1180, 
297, 366, 68, -331, 114, 217, -190, 932, 863, 1039, 805, 1190, 
302, 370, 68, -336, 117, 219, -190, 932, 873, 1044, 819, 1200, 
307, 380, 73, -344, 117, 226, -195, 932, 878, 1058, 834, 1215, 
312, 390, 78, -351, 117, 234, -200, 932, 888, 1073, 839, 1220, 
312, 400, 87, -356, 112, 244, -204, 932, 893, 1093, 849, 1239, 
312, 414, 102, -363, 104, 258, -209, 932, 893, 1093, 863, 1244, 
312, 424, 112, -368, 100, 268, -214, 927, 893, 1102, 873, 1254, 
317, 429, 112, -373, 102, 270, -219, 927, 897, 1102, 893, 1263, 
322, 444, 122, -383, 100, 283, -224, 912, 907, 1112, 893, 1268, 
322, 453, 131, -387, 95, 292, -224, 907, 907, 1112, 902, 1278, 
317, 458, 141, -387, 87, 300, -229, 907, 902, 1117, 902, 1288, 
317, 458, 141, -387, 87, 300, -234, 902, 902, 1122, 912, 1298, 
317, 463, 146, -390, 85, 305, -248, 897, 897, 1122, 912, 1288, 
317, 478, 161, -397, 78, 319, -248, 897, 893, 1122, 922, 1293, 
312, 488, 175, -400, 68, 331, -253, 878, 883, 1122, 922, 1302, 
312, 492, 180, -402, 65, 336, -258, 868, 868, 1117, 922, 1302, 
312, 492, 180, -402, 65, 336, -253, 844, 839, 1112, 936, 1312, 
307, 492, 185, -400, 61, 339, -253, 824, 824, 1107, 936, 1312, 
302, 492, 190, -397, 56, 341, -253, 805, 805, 1093, 927, 1312, 
302, 488, 185, -395, 58, 336, -248, 790, 785, 1078, 922, 1298, 
292, 478, 185, -385, 53, 331, -258, 775, 751, 1054, 912, 1302, 
287, 468, 180, -378, 53, 324, -253, 766, 727, 1024, 902, 1302, 
278, 453, 175, -366, 51, 314, -248, 746, 702, 1000, 893, 1293, 
273, 439, 165, -356, 53, 302, -248, 741, 673, 976, 873, 1283, 
258, 414, 156, -336, 51, 285, -239, 722, 649, 951, 849, 1254, 
253, 395, 141, -324, 56, 268, -234, 707, 624, 936, 829, 1239, 
248, 370, 122, -309, 63, 246, -234, 688, 595, 917, 810, 1224, 
244, 356, 112, -300, 65, 234, -229, 673, 570, 897, 800, 1205, 
234, 336, 102, -285, 65, 219, -219, 653, 536, 878, 785, 1190, 
229, 317, 87, -273, 70, 202, -224, 644, 507, 854, 775, 1180, 
224, 307, 82, -265, 70, 195, -224, 629, 483, 834, 761, 1166, 
214, 292, 78, -253, 68, 185, -219, 619, 458, 810, 746, 1156, 
209, 278, 68, -244, 70, 173, -219, 610, 444, 775, 722, 1141, 
204, 263, 58, -234, 73, 161, -214, 595, 419, 766, 707, 1127, 
204, 248, 43, -226, 80, 146, -214, 585, 405, 751, 692, 1112, 
204, 224, 19, -214, 92, 122, -214, 575, 390, 736, 678, 1102, 
190, 204, 14, -197, 87, 109, -209, 556, 370, 732, 663, 1093, 
190, 195, 4, -192, 92, 100, -209, 541, 351, 722, 658, 1088, 
190, 190, 0, -190, 95, 95, -209, 527, 336, 707, 653, 1083, 
185, 185, 0, -185, 92, 92, -204, 517, 317, 692, 649, 1073, 
175, 175, 0, -175, 87, 87, -204, 522, 307, 668, 639, 1068, 
170, 165, -4, -168, 87, 80, -209, 517, 297, 653, 634, 1068, 
170, 161, -9, -165, 90, 75, -209, 507, 283, 639, 624, 1063, 
170, 156, -14, -163, 92, 70, -209, 497, 273, 634, 619, 1058, 
161, 146, -14, -153, 87, 65, -209, 497, 268, 639, 600, 1039, 
161, 136, -24, -148, 92, 56, -209, 488, 263, 634, 600, 1039, 
161, 126, -34, -143, 97, 46, -209, 483, 258, 629, 600, 1024, 
161, 126, -34, -143, 97, 46, -209, 483, 258, 624, 590, 1019, 
161, 122, -39, -141, 100, 41, -209, 473, 239, 624, 585, 1015, 
156, 117, -39, -136, 97, 39, -214, 468, 229, 619, 590, 1019, 
156, 117, -39, -136, 97, 39, -214, 463, 219, 610, 590, 1019, 
156, 112, -43, -134, 100, 34, -214, 463, 204, 600, 590, 1024, 
151, 112, -39, -131, 95, 36, -214, 458, 214, 585, 585, 1015, 
151, 107, -43, -129, 97, 31, -214, 453, 209, 585, 580, 1015, 
151, 107, -43, -129, 97, 31, -214, 448, 209, 585, 580, 1010, 
165, 102, -63, -134, 114, 19, -214, 448, 209, 580, 580, 1010, 
161, 92, -68, -126, 114, 12, -214, 448, 195, 590, 580, 1000, 
156, 92, -63, -124, 109, 14, -214, 448, 195, 590, 575, 1000, 
156, 92, -63, -124, 109, 14, -214, 444, 190, 590, 570, 1000, 
151, 97, -53, -124, 102, 21, -214, 439, 190, 590, 566, 1000, 
161, 97, -63, -129, 112, 17, -214, 444, 190, 580, 556, 1000, 
161, 97, -63, -129, 112, 17, -209, 444, 190, 580, 556, 1000, 
146, 97, -48, -122, 97, 24, -209, 444, 185, 575, 575, 1000, 
136, 97, -39, -117, 87, 29, -209, 444, 185, 575, 575, 1000, 
136, 102, -34, -119, 85, 34, -209, 429, 185, 585, 580, 1010, 
136, 97, -39, -117, 87, 29, -209, 429, 185, 585, 570, 1010, 
141, 92, -48, -117, 95, 21, -209, 434, 180, 580, 556, 985, 
156, 87, -68, -122, 112, 9, -209, 434, 180, 580, 556, 985, 
156, 73, -82, -114, 119, -4, -214, 434, 180, 580, 566, 985, 
151, 78, -73, -114, 112, 2, -214, 434, 180, 580, 566, 990, 
151, 87, -63, -119, 107, 12, -214, 434, 180, 580, 566, 995, 
151, 102, -48, -126, 100, 26, -214, 434, 180, 580, 566, 995, 
151, 102, -48, -126, 100, 26, -214, 429, 180, 580, 566, 995, 
151, 102, -48, -126, 100, 26, -214, 429, 180, 580, 566, 995, 
151, 97, -53, -124, 102, 21, -214, 429, 180, 580, 566, 990, 
151, 97, -53, -124, 102, 21, -214, 429, 180, 580, 570, 985, 
146, 92, -53, -119, 100, 19, -214, 429, 180, 580, 570, 985, 
146, 97, -48, -122, 97, 24, -219, 429, 180, 580, 570, 990, 
146, 97, -48, -122, 97, 24, -219, 429, 180, 580, 570, 990, 
146, 107, -39, -126, 92, 34, -219, 429, 180, 580, 570, 990, 
141, 112, -29, -126, 85, 41, -219, 424, 185, 575, 570, 985, 
141, 112, -29, -126, 85, 41, -219, 424, 185, 575, 570, 985, 
141, 107, -34, -124, 87, 36, -214, 424, 185, 575, 570, 990, 
141, 102, -39, -122, 90, 31, -214, 429, 185, 575, 570, 990, 
151, 102, -48, -126, 100, 26, -224, 439, 175, 575, 570, 980, 
146, 102, -43, -124, 95, 29, -219, 439, 180, 575, 570, 980, 
146, 107, -39, -126, 92, 34, -219, 439, 180, 575, 570, 980, 
146, 107, -39, -126, 92, 34, -219, 439, 180, 575, 570, 980, 
151, 107, -43, -129, 97, 31, -219, 439, 180, 580, 570, 980, 
151, 107, -43, -129, 97, 31, -219, 439, 180, 580, 570, 980, 
151, 107, -43, -129, 97, 31, -219, 444, 180, 580, 570, 980, 
146, 107, -39, -126, 92, 34, -219, 444, 180, 580, 570, 985, 
146, 107, -39, -126, 92, 34, -209, 448, 180, 580, 570, 976, 
146, 107, -39, -126, 92, 34, -209, 448, 180, 580, 570, 976, 
146, 107, -39, -126, 92, 34, -209, 448, 180, 580, 570, 985, 
146, 107, -39, -126, 92, 34, -204, 448, 190, 585, 575, 985, 
151, 107, -43, -129, 97, 31, -209, 448, 190, 585, 566, 985, 
151, 107, -43, -129, 97, 31, -209, 448, 190, 585, 566, 985, 
156, 112, -43, -134, 100, 34, -214, 448, 190, 585, 566, 985, 
156, 117, -39, -136, 97, 39, -214, 453, 190, 585, 566, 985, 
146, 107, -39, -126, 92, 34, -214, 453, 185, 585, 570, 976, 
146, 107, -39, -126, 92, 34, -214, 453, 185, 585, 570, 976, 
146, 107, -39, -126, 92, 34, -219, 453, 190, 585, 570, 976, 
146, 107, -39, -126, 92, 34, -219, 453, 195, 580, 570, 971, 
146, 107, -39, -126, 92, 34, -209, 453, 185, 580, 561, 971, 
146, 117, -29, -131, 87, 43, -209, 448, 185, 585, 566, 971, 
146, 117, -29, -131, 87, 43, -209, 448, 185, 585, 566, 971, 
146, 117, -29, -131, 87, 43, -214, 448, 185, 585, 566, 971, 
146, 112, -34, -129, 90, 39, -214, 448, 185, 585, 570, 971, 
146, 112, -34, -129, 90, 39, -214, 448, 180, 585, 575, 976, 
146, 112, -34, -129, 90, 39, -214, 448, 180, 585, 575, 976, 
146, 117, -29, -131, 87, 43, -214, 448, 180, 590, 575, 976, 
156, 117, -39, -136, 97, 39, -214, 448, 190, 590, 570, 976, 
156, 117, -39, -136, 97, 39, -214, 448, 190, 590, 580, 980, 
156, 117, -39, -136, 97, 39, -209, 448, 190, 595, 580, 980, 
156, 117, -39, -136, 97, 39, -209, 448, 190, 600, 580, 976, 
151, 117, -34, -134, 92, 41, -214, 453, 185, 590, 580, 985, 
161, 117, -43, -139, 102, 36, -214, 453, 185, 590, 575, 985, 
161, 117, -43, -139, 102, 36, -214, 453, 185, 590, 575, 980, 
156, 122, -34, -139, 95, 43, -219, 453, 180, 590, 575, 976, 
156, 126, -29, -141, 92, 48, -219, 444, 185, 600, 585, 985, 
156, 126, -29, -141, 92, 48, -219, 444, 185, 600, 585, 985, 
156, 126, -29, -141, 92, 48, -219, 444, 185, 600, 585, 985, 
156, 122, -34, -139, 95, 43, -224, 444, 180, 600, 585, 985, 
165, 131, -34, -148, 100, 48, -224, 444, 180, 590, 580, 985, 
165, 131, -34, -148, 100, 48, -224, 444, 180, 590, 575, 985, 
161, 131, -29, -146, 95, 51, -224, 444, 180, 595, 575, 980, 
161, 131, -29, -146, 95, 51, -219, 444, 185, 595, 580, 990, 
156, 131, -24, -143, 90, 53, -229, 444, 185, 595, 580, 1005, 
156, 131, -24, -143, 90, 53, -234, 444, 185, 595, 580, 1019, 
156, 131, -24, -143, 90, 53, -234, 439, 185, 590, 580, 1010, 
156, 126, -29, -141, 92, 48, -234, 439, 185, 590, 580, 990, 
156, 126, -29, -141, 92, 48, -224, 439, 180, 600, 580, 1000, 
151, 126, -24, -139, 87, 51, -224, 439, 180, 600, 575, 946, 
151, 126, -24, -139, 87, 51, -224, 439, 180, 600, 575, 936, 
151, 126, -24, -139, 87, 51, -224, 444, 180, 600, 575, 951, 
151, 126, -24, -139, 87, 51, -219, 434, 180, 600, 585, 966, 
151, 131, -19, -141, 85, 56, -219, 429, 180, 600, 585, 966, 
151, 131, -19, -141, 85, 56, -224, 429, 175, 595, 580, 971, 
151, 126, -24, -139, 87, 51, -224, 429, 175, 585, 580, 976, 
151, 122, -29, -136, 90, 46, -224, 424, 170, 585, 575, 976, 
151, 122, -29, -136, 90, 46, -224, 424, 170, 590, 575, 976, 
151, 122, -29, -136, 90, 46, -224, 429, 170, 595, 580, 976, 
146, 122, -24, -134, 85, 48, -224, 429, 170, 595, 585, 976, 
146, 122, -24, -134, 85, 48, -224, 419, 161, 585, 585, 971, 
151, 122, -29, -136, 90, 46, -224, 419, 161, 580, 580, 971, 
151, 122, -29, -136, 90, 46, -229, 419, 156, 580, 580, 971, 
156, 122, -34, -139, 95, 43, -229, 414, 156, 580, 580, 971, 
146, 117, -29, -131, 87, 43, -229, 414, 161, 580, 580, 971, 
146, 117, -29, -131, 87, 43, -229, 419, 161, 580, 580, 971, 
146, 122, -24, -134, 85, 48, -229, 419, 161, 580, 575, 966, 
151, 122, -29, -136, 90, 46, -229, 419, 161, 580, 575, 966, 
151, 122, -29, -136, 90, 46, -229, 419, 161, 580, 575, 971, 
151, 122, -29, -136, 90, 46, -229, 409, 161, 575, 575, 971, 
156, 122, -34, -139, 95, 43, -229, 409, 151, 575, 575, 961, 
146, 122, -24, -134, 85, 48, -229, 409, 151, 575, 575, 971, 
146, 117, -29, -131, 87, 43, -234, 409, 156, 575, 575, 966, 
146, 117, -29, -131, 87, 43, -234, 409, 146, 575, 575, 966, 
146, 117, -29, -131, 87, 43, -234, 409, 146, 575, 575, 966, 
146, 117, -29, -131, 87, 43, -234, 409, 146, 575, 575, 966, 
146, 117, -29, -131, 87, 43, -234, 409, 146, 575, 575, 966, 
146, 117, -29, -131, 87, 43, -234, 405, 136, 575, 575, 961, 
146, 122, -24, -134, 85, 48, -234, 405, 136, 575, 575, 956, 
146, 122, -24, -134, 85, 48, -234, 405, 136, 575, 575, 956, 
151, 122, -29, -136, 90, 46, -234, 405, 136, 580, 575, 956, 
151, 122, -29, -136, 90, 46, -234, 395, 136, 570, 570, 961, 
151, 117, -34, -134, 92, 41, -234, 395, 136, 570, 570, 961, 
151, 117, -34, -134, 92, 41, -234, 395, 136, 570, 570, 961, 
151, 117, -34, -134, 92, 41, -234, 395, 136, 566, 566, 961, 
151, 117, -34, -134, 92, 41, -244, 395, 136, 575, 566, 951, 
146, 117, -29, -131, 87, 43, -244, 395, 141, 575, 566, 951, 
146, 112, -34, -129, 90, 39, -239, 395, 141, 575, 566, 951, 
146, 112, -34, -129, 90, 39, -239, 395, 141, 575, 566, 951, 
151, 112, -39, -131, 95, 36, -239, 385, 131, 575, 566, 946, 
151, 117, -34, -134, 92, 41, -239, 385, 131, 575, 566, 946, 
146, 117, -29, -131, 87, 43, -239, 390, 141, 580, 566, 951, 
146, 122, -24, -134, 85, 48, -239, 390, 141, 580, 566, 951, 
146, 126, -19, -136, 82, 53, -229, 390, 141, 590, 561, 966, 
146, 136, -9, -141, 78, 63, -224, 395, 151, 595, 570, 966, 
146, 151, 4, -148, 70, 78, -219, 400, 161, 595, 580, 971, 
146, 165, 19, -156, 63, 92, -214, 405, 161, 595, 585, 980, 
146, 185, 39, -165, 53, 112, -214, 405, 165, 600, 600, 985, 
146, 190, 43, -168, 51, 117, -214, 409, 170, 605, 605, 990, 
151, 200, 48, -175, 51, 124, -214, 409, 175, 610, 605, 990, 
151, 209, 58, -180, 46, 134, -209, 414, 180, 610, 605, 990, 
151, 219, 68, -185, 41, 143, -209, 414, 175, 619, 610, 1000, 
156, 219, 63, -187, 46, 141, -204, 424, 180, 624, 610, 1000, 
156, 224, 68, -190, 43, 146, -204, 424, 180, 624, 614, 1000, 
156, 224, 68, -190, 43, 146, -209, 424, 180, 624, 614, 1000, 
165, 229, 63, -197, 51, 146, -209, 424, 190, 614, 614, 1000, 
165, 229, 63, -197, 51, 146, -209, 424, 195, 619, 614, 1000, 
165, 229, 63, -197, 51, 146, -209, 424, 195, 624, 614, 1000, 
165, 234, 68, -200, 48, 151, -214, 424, 195, 624, 619, 1005, 
165, 234, 68, -200, 48, 151, -214, 409, 195, 624, 610, 1000, 
170, 234, 63, -202, 53, 148, -224, 409, 190, 624, 610, 1005, 
170, 244, 73, -207, 48, 158, -229, 400, 190, 624, 614, 1015, 
170, 248, 78, -209, 46, 163, -239, 385, 185, 624, 619, 1019, 
165, 244, 78, -204, 43, 161, -258, 380, 175, 624, 624, 1015, 
165, 248, 82, -207, 41, 165, -263, 370, 175, 624, 624, 1015, 
165, 248, 82, -207, 41, 165, -268, 361, 170, 624, 624, 1015, 
165, 253, 87, -209, 39, 170, -278, 351, 170, 624, 634, 1019, 
165, 263, 97, -214, 34, 180, -292, 336, 165, 624, 634, 1034, 
165, 263, 97, -214, 34, 180, -292, 336, 165, 624, 639, 1034, 
165, 268, 102, -217, 31, 185, -292, 341, 165, 629, 639, 1034, 
175, 273, 97, -224, 39, 185, -297, 341, 165, 634, 634, 1034, 
170, 263, 92, -217, 39, 178, -287, 341, 161, 624, 634, 1034, 
175, 258, 82, -217, 46, 170, -287, 346, 161, 629, 634, 1034, 
180, 258, 78, -219, 51, 168, -283, 351, 170, 634, 634, 1034, 
180, 258, 78, -219, 51, 168, -283, 356, 170, 634, 644, 1039, 
180, 268, 87, -224, 46, 178, -278, 366, 175, 644, 649, 1034, 
190, 268, 78, -229, 56, 173, -278, 366, 175, 649, 649, 1039, 
180, 268, 87, -224, 46, 178, -278, 366, 175, 649, 649, 1039, 
180, 263, 82, -222, 48, 173, -278, 366, 175, 644, 649, 1034, 
180, 263, 82, -222, 48, 173, -278, 366, 170, 639, 649, 1039, 
175, 244, 68, -209, 53, 156, -278, 366, 165, 639, 639, 1029, 
175, 224, 48, -200, 63, 136, -268, 366, 161, 629, 629, 1019, 
165, 200, 34, -183, 65, 117, -268, 366, 151, 614, 614, 1005, 
161, 195, 34, -178, 63, 114, -268, 351, 141, 600, 600, 995, 
156, 175, 19, -165, 68, 97, -263, 351, 126, 595, 595, 980, 
146, 165, 19, -156, 63, 92, -263, 346, 122, 590, 590, 980, 
146, 151, 4, -148, 70, 78, -258, 346, 117, 580, 585, 976, 
136, 141, 4, -139, 65, 73, -258, 346, 102, 575, 575, 966, 
136, 141, 4, -139, 65, 73, -258, 346, 102, 575, 570, 956, 
131, 136, 4, -134, 63, 70, -258, 346, 102, 570, 570, 956, 
131, 126, -4, -129, 68, 61, -258, 346, 92, 570, 566, 956, 
131, 126, -4, -129, 68, 61, -258, 336, 87, 566, 551, 941, 
131, 122, -9, -126, 70, 56, -253, 336, 87, 561, 546, 936, 
131, 112, -19, -122, 75, 46, -253, 336, 82, 551, 541, 932, 
131, 112, -19, -122, 75, 46, -253, 336, 78, 546, 536, 927, 
131, 102, -29, -117, 80, 36, -253, 331, 78, 541, 536, 917, 
131, 97, -34, -114, 82, 31, -253, 331, 78, 541, 531, 917, 
131, 97, -34, -114, 82, 31, -253, 331, 78, 536, 531, 917, 
131, 92, -39, -112, 85, 26, -253, 331, 78, 531, 531, 912, 
136, 102, -34, -119, 85, 34, -253, 341, 78, 541, 531, 922, 
131, 102, -29, -117, 80, 36, -253, 341, 78, 541, 531, 922, 
131, 97, -34, -114, 82, 31, -253, 341, 78, 541, 531, 917, 
131, 97, -34, -114, 82, 31, -253, 341, 78, 541, 531, 917, 
131, 102, -29, -117, 80, 36, -263, 331, 82, 541, 541, 917, 
131, 102, -29, -117, 80, 36, -263, 331, 82, 546, 541, 922, 
131, 102, -29, -117, 80, 36, -258, 331, 82, 546, 541, 927, 
131, 102, -29, -117, 80, 36, -258, 336, 82, 546, 541, 927, 
122, 102, -19, -112, 70, 41, -258, 336, 82, 546, 541, 927, 
122, 102, -19, -112, 70, 41, -258, 336, 92, 546, 541, 927, 
131, 102, -29, -117, 80, 36, -258, 346, 87, 546, 536, 922, 
131, 82, -48, -107, 90, 17, -244, 361, 92, 541, 527, 907, 
136, 58, -78, -97, 107, -9, -219, 414, 102, 531, 502, 878, 
141, 9, -131, -75, 136, -61, -185, 488, 107, 502, 453, 829, 
141, -34, -175, -53, 158, -104, -131, 580, 122, 473, 400, 771, 
146, -43, -190, -51, 168, -117, -73, 658, 141, 463, 370, 732, 
136, -14, -151, -61, 143, -82, -29, 722, 161, 463, 361, 722, 
151, 29, -122, -90, 136, -46, 0, 785, 214, 488, 385, 732, 
180, 78, -102, -129, 141, -12, 19, 888, 312, 561, 419, 751, 
209, 156, -53, -183, 131, 51, 19, 971, 439, 663, 488, 810, 
244, 297, 53, -270, 95, 175, 0, 1015, 619, 839, 614, 912, 
268, 536, 268, -402, 0, 402, -9, 1068, 902, 1107, 829, 1083, 
287, 849, 561, -568, -136, 705, -9, 1098, 1234, 1454, 1093, 1317, 
297, 1185, 888, -741, -295, 1037, -73, 946, 1517, 1810, 1405, 1590, 
297, 1512, 1215, -905, -458, 1363, -253, 551, 1615, 2113, 1737, 1903, 
292, 1810, 1517, -1051, -612, 1664, -536, -4, 1561, 2332, 2059, 2235, 
268, 2132, 1864, -1200, -797, 1998, -814, -551, 1537, 2522, 2381, 2571, 
214, 2332, 2117, -1273, -951, 2225, -951, -868, 1586, 2640, 2581, 2791, 
175, 2093, 1917, -1134, -871, 2005, -863, -844, 1605, 2498, 2366, 2605, 
156, 1542, 1385, -849, -614, 1464, -736, -668, 1454, 2113, 1883, 2156, 
131, 1195, 1063, -663, -466, 1129, -736, -673, 1024, 1673, 1576, 1917, 
82, 1019, 936, -551, -427, 978, -795, -795, 409, 1215, 1405, 1820, 
14, 736, 722, -375, -353, 729, -766, -814, -263, 683, 1117, 1615, 
-24, 429, 453, -202, -239, 441, -683, -727, -771, 248, 839, 1381, 
-34, 239, 273, -102, -153, 256, -614, -600, -844, 131, 683, 1224, 
-34, 92, 126, -29, -80, 109, -580, -483, -702, 170, 566, 1068, 
-9, -63, -53, 36, 21, -58, -556, -395, -688, 117, 439, 936, 
4, -165, -170, 80, 87, -168, -531, -317, -697, 73, 385, 868, 
9, -214, -224, 102, 117, -219, -478, -204, -595, 112, 356, 829, 
14, -209, -224, 97, 119, -217, -424, -78, -483, 161, 351, 800, 
24, -190, -214, 82, 119, -202, -419, -14, -405, 200, 351, 795, 
34, -161, -195, 63, 114, -178, -419, 24, -322, 253, 375, 795, 
34, -112, -146, 39, 90, -129, -400, 58, -234, 322, 395, 810, 
53, -63, -117, 4, 85, -90, -370, 122, -156, 370, 424, 829, 
78, -29, -107, -24, 92, -68, -341, 185, -92, 414, 448, 839, 
92, -9, -102, -41, 97, -56, -302, 229, -58, 439, 453, 844, 
97, 4, -92, -51, 95, -43, -278, 273, -29, 448, 453, 844, 
107, 14, -92, -61, 100, -39, -253, 302, -4, 463, 473, 854, 
102, 24, -78, -63, 90, -26, -244, 322, 19, 478, 483, 858, 
102, 39, -63, -70, 82, -12, -229, 341, 29, 483, 492, 868, 
102, 43, -58, -73, 80, -7, -234, 356, 53, 497, 502, 883, 
102, 63, -39, -82, 70, 12, -239, 356, 78, 522, 507, 888, 
112, 73, -39, -92, 75, 17, -239, 356, 97, 536, 517, 888, 
112, 78, -34, -95, 73, 21, -244, 366, 107, 546, 517, 888, 
112, 78, -34, -95, 73, 21, -244, 380, 117, 556, 517, 888, 
112, 87, -24, -100, 68, 31, -229, 380, 112, 546, 507, 888, 
112, 87, -24, -100, 68, 31, -224, 385, 112, 546, 507, 888, 
117, 87, -29, -102, 73, 29, -219, 390, 112, 546, 507, 883, 
117, 87, -29, -102, 73, 29, -219, 390, 112, 546, 507, 883, 
117, 87, -29, -102, 73, 29, -219, 400, 112, 541, 507, 893, 
122, 87, -34, -104, 78, 26, -219, 400, 122, 541, 507, 893, 
122, 97, -24, -109, 73, 36, -219, 405, 126, 551, 507, 893, 
117, 102, -14, -109, 65, 43, -214, 405, 136, 556, 517, 897, 
107, 102, -4, -104, 56, 48, -214, 405, 136, 561, 517, 888, 
107, 102, -4, -104, 56, 48, -214, 409, 136, 566, 522, 888, 
112, 102, -9, -107, 61, 46, -214, 409, 141, 566, 522, 902, 
117, 102, -14, -109, 65, 43, -209, 409, 141, 570, 522, 902, 
117, 102, -14, -109, 65, 43, -209, 419, 141, 561, 522, 893, 
122, 107, -14, -114, 68, 46, -209, 419, 141, 566, 527, 897, 
126, 107, -19, -117, 73, 43, -204, 419, 146, 570, 527, 897, 
126, 107, -19, -117, 73, 43, -204, 424, 151, 570, 527, 897, 
117, 117, 0, -117, 58, 58, -204, 424, 156, 570, 531, 897, 
117, 117, 0, -117, 58, 58, -204, 424, 156, 575, 531, 897, 
122, 117, -4, -119, 63, 56, -204, 424, 161, 575, 531, 897, 
122, 117, -4, -119, 63, 56, -204, 429, 165, 580, 541, 893, 
131, 126, -4, -129, 68, 61, -204, 429, 175, 580, 531, 897, 
131, 126, -4, -129, 68, 61, -204, 429, 180, 580, 531, 893, 
131, 126, -4, -129, 68, 61, -204, 439, 180, 585, 522, 888, 
131, 126, -4, -129, 68, 61, -204, 444, 185, 585, 522, 888, 
122, 117, -4, -119, 63, 56, -214, 444, 190, 585, 527, 893, 
126, 122, -4, -124, 65, 58, -214, 444, 190, 590, 527, 893, 
126, 136, 9, -131, 58, 73, -214, 444, 195, 590, 527, 893, 
131, 136, 4, -134, 63, 70, -214, 453, 200, 595, 531, 893, 
122, 141, 19, -131, 51, 80, -209, 453, 195, 590, 531, 888, 
122, 146, 24, -134, 48, 85, -209, 458, 200, 595, 536, 888, 
126, 146, 19, -136, 53, 82, -209, 463, 204, 595, 536, 888, 
126, 146, 19, -136, 53, 82, -209, 468, 209, 600, 541, 888, 
136, 151, 14, -143, 61, 82, -209, 463, 219, 595, 531, 888, 
136, 151, 14, -143, 61, 82, -209, 468, 224, 600, 531, 888, 
136, 151, 14, -143, 61, 82, -209, 468, 234, 605, 527, 893, 
131, 156, 24, -143, 53, 90, -209, 473, 248, 610, 527, 893, 
141, 165, 24, -153, 58, 95, -209, 488, 244, 619, 527, 893, 
141, 165, 24, -153, 58, 95, -209, 488, 248, 619, 536, 893, 
141, 165, 24, -153, 58, 95, -204, 492, 253, 624, 536, 893, 
141, 161, 19, -151, 61, 90, -204, 497, 263, 629, 536, 888, 
136, 170, 34, -153, 51, 102, -204, 507, 273, 634, 546, 888, 
136, 170, 34, -153, 51, 102, -204, 507, 283, 639, 546, 893, 
136, 170, 34, -153, 51, 102, -204, 512, 287, 644, 541, 893, 
141, 170, 29, -156, 56, 100, -204, 527, 297, 649, 536, 893, 
146, 175, 29, -161, 58, 102, -195, 541, 317, 649, 546, 888, 
146, 175, 29, -161, 58, 102, -195, 551, 331, 658, 546, 888, 
161, 195, 34, -178, 63, 114, -195, 556, 336, 668, 546, 893, 
165, 204, 39, -185, 63, 122, -200, 561, 351, 683, 556, 893, 
165, 204, 39, -185, 63, 122, -200, 575, 366, 688, 561, 888, 
165, 209, 43, -187, 61, 126, -200, 585, 380, 697, 566, 897, 
165, 219, 53, -192, 56, 136, -200, 595, 390, 707, 570, 902, 
165, 229, 63, -197, 51, 146, -195, 600, 400, 717, 575, 907, 
170, 229, 58, -200, 56, 143, -190, 619, 424, 732, 580, 912, 
170, 239, 68, -204, 51, 153, -190, 629, 444, 741, 590, 912, 
175, 244, 68, -209, 53, 156, -190, 644, 463, 756, 595, 917, 
190, 253, 63, -222, 63, 158, -190, 653, 483, 771, 600, 917, 
195, 268, 73, -231, 61, 170, -190, 678, 497, 785, 605, 922, 
200, 273, 73, -236, 63, 173, -190, 692, 517, 800, 619, 932, 
204, 278, 73, -241, 65, 175, -195, 697, 536, 814, 634, 936, 
209, 292, 82, -251, 63, 187, -195, 717, 556, 829, 644, 951, 
214, 307, 92, -261, 61, 200, -204, 722, 580, 849, 644, 966, 
214, 326, 112, -270, 51, 219, -204, 741, 600, 873, 658, 971, 
219, 341, 122, -280, 48, 231, -204, 746, 624, 893, 673, 980, 
224, 351, 126, -287, 48, 239, -209, 756, 644, 912, 688, 990, 
229, 361, 131, -295, 48, 246, -209, 771, 663, 936, 702, 1010, 
234, 375, 141, -305, 46, 258, -214, 775, 678, 951, 717, 1024, 
239, 400, 161, -319, 39, 280, -219, 785, 697, 966, 727, 1029, 
244, 424, 180, -334, 31, 302, -219, 795, 717, 985, 741, 1044, 
239, 439, 200, -339, 19, 319, -229, 795, 727, 1000, 766, 1063, 
244, 448, 204, -346, 19, 326, -229, 795, 736, 1005, 780, 1073, 
248, 463, 214, -356, 17, 339, -234, 795, 741, 1019, 795, 1088, 
253, 478, 224, -366, 14, 351, -239, 795, 751, 1034, 800, 1093, 
253, 478, 224, -366, 14, 351, -244, 795, 766, 1054, 810, 1112, 
253, 492, 239, -373, 7, 366, -248, 795, 766, 1054, 824, 1117, 
253, 502, 248, -378, 2, 375, -253, 790, 766, 1063, 834, 1127, 
258, 507, 248, -383, 4, 378, -258, 790, 771, 1063, 854, 1137, 
263, 517, 253, -390, 4, 385, -263, 775, 780, 1083, 854, 1141, 
263, 531, 268, -397, -2, 400, -263, 771, 780, 1083, 863, 1151, 
258, 541, 283, -400, -12, 412, -268, 771, 775, 1088, 863, 1161, 
258, 546, 287, -402, -14, 417, -273, 766, 775, 1093, 873, 1171, 
258, 546, 287, -402, -14, 417, -278, 751, 780, 1102, 883, 1171, 
258, 556, 297, -407, -19, 427, -278, 751, 775, 1102, 893, 1176, 
253, 561, 307, -407, -26, 434, -283, 732, 766, 1102, 893, 1185, 
253, 561, 307, -407, -26, 434, -287, 722, 751, 1098, 893, 1185, 
244, 570, 326, -407, -41, 448, -292, 702, 732, 1093, 907, 1195, 
239, 570, 331, -405, -46, 451, -292, 688, 717, 1088, 907, 1195, 
234, 570, 336, -402, -51, 453, -292, 673, 697, 1073, 897, 1195, 
234, 566, 331, -400, -48, 448, -287, 663, 678, 1058, 893, 1180, 
224, 566, 341, -395, -58, 453, -297, 639, 649, 1039, 893, 1185, 
219, 556, 336, -387, -58, 446, -292, 629, 629, 1015, 883, 1185, 
209, 541, 331, -375, -61, 436, -287, 610, 610, 995, 873, 1176, 
204, 527, 322, -366, -58, 424, -287, 605, 585, 976, 854, 1166, 
200, 512, 312, -356, -56, 412, -278, 585, 561, 951, 829, 1141, 
195, 492, 297, -344, -51, 395, -273, 570, 536, 936, 810, 1132, 
190, 468, 278, -329, -43, 373, -273, 551, 507, 917, 790, 1122, 
185, 453, 268, -319, -41, 361, -268, 536, 483, 897, 780, 1107, 
175, 434, 258, -305, -41, 346, -258, 517, 448, 878, 756, 1083, 
170, 414, 244, -292, -36, 329, -263, 507, 419, 854, 746, 1073, 
165, 405, 239, -285, -36, 322, -263, 492, 395, 834, 732, 1058, 
156, 390, 234, -273, -39, 312, -258, 483, 370, 810, 717, 1049, 
151, 385, 234, -268, -41, 309, -258, 468, 346, 775, 702, 1034, 
146, 370, 224, -258, -39, 297, -253, 448, 322, 766, 688, 1019, 
146, 356, 209, -251, -31, 283, -253, 434, 307, 751, 673, 1005, 
146, 331, 185, -239, -19, 258, -253, 419, 292, 736, 658, 995, 
122, 302, 180, -212, -29, 241, -248, 405, 273, 722, 644, 985, 
122, 292, 170, -207, -24, 231, -248, 395, 253, 712, 639, 980, 
122, 287, 165, -204, -21, 226, -248, 385, 239, 697, 634, 976, 
117, 283, 165, -200, -24, 224, -244, 380, 219, 683, 629, 966, 
107, 273, 165, -190, -29, 219, -244, 375, 209, 668, 619, 951, 
102, 263, 161, -183, -29, 212, -248, 370, 200, 653, 614, 951, 
102, 258, 156, -180, -26, 207, -248, 361, 185, 639, 605, 946, 
102, 253, 151, -178, -24, 202, -248, 351, 175, 634, 600, 941, 
102, 244, 141, -173, -19, 192, -258, 341, 161, 619, 575, 922, 
102, 234, 131, -168, -14, 183, -258, 331, 156, 614, 570, 922, 
102, 224, 122, -163, -9, 173, -258, 326, 151, 610, 566, 907, 
102, 224, 122, -163, -9, 173, -258, 326, 151, 605, 551, 902, 
92, 219, 126, -156, -17, 173, -258, 317, 141, 605, 546, 902, 
87, 214, 126, -151, -19, 170, -263, 312, 131, 600, 551, 902, 
87, 214, 126, -151, -19, 170, -263, 307, 122, 590, 551, 897, 
87, 209, 122, -148, -17, 165, -263, 307, 107, 580, 551, 897, 
87, 200, 112, -143, -12, 156, -253, 312, 117, 575, 556, 897, 
82, 195, 112, -139, -14, 153, -253, 307, 112, 575, 551, 897, 
78, 195, 117, -136, -19, 156, -253, 302, 112, 575, 551, 893, 
87, 190, 102, -139, -7, 146, -253, 302, 112, 570, 551, 893, 
78, 190, 112, -134, -17, 151, -253, 292, 107, 570, 551, 893, 
78, 190, 112, -134, -17, 151, -253, 292, 107, 570, 546, 893, 
82, 190, 107, -136, -12, 148, -253, 287, 102, 570, 541, 893, 
82, 195, 112, -139, -14, 153, -253, 283, 102, 570, 536, 893, 
82, 185, 102, -134, -9, 143, -263, 278, 92, 570, 531, 897, 
82, 185, 102, -134, -9, 143, -258, 278, 92, 570, 527, 893, 
68, 185, 117, -126, -24, 151, -258, 278, 87, 566, 541, 888, 
58, 185, 126, -122, -34, 156, -258, 278, 87, 566, 536, 883, 
58, 185, 126, -122, -34, 156, -258, 273, 87, 566, 541, 893, 
58, 185, 126, -122, -34, 156, -258, 273, 87, 566, 531, 893, 
63, 185, 122, -124, -29, 153, -258, 278, 82, 561, 517, 868, 
78, 185, 107, -131, -14, 146, -258, 278, 82, 561, 517, 868, 
78, 161, 82, -119, -2, 122, -263, 278, 82, 570, 527, 868, 
73, 165, 92, -119, -9, 129, -263, 278, 82, 570, 527, 873, 
73, 175, 102, -124, -14, 139, -263, 278, 82, 570, 527, 878, 
73, 190, 117, -131, -21, 153, -263, 278, 82, 570, 527, 878, 
73, 190, 117, -131, -21, 153, -253, 273, 82, 561, 527, 868, 
73, 190, 117, -131, -21, 153, -253, 273, 82, 561, 527, 868, 
73, 185, 112, -129, -19, 148, -253, 273, 82, 561, 527, 863, 
73, 185, 112, -129, -19, 148, -253, 273, 82, 561, 531, 858, 
63, 190, 126, -126, -31, 158, -253, 273, 82, 561, 522, 858, 
68, 195, 126, -131, -29, 161, -258, 273, 82, 561, 522, 863, 
73, 195, 122, -134, -24, 158, -258, 273, 82, 561, 522, 863, 
78, 204, 126, -141, -24, 165, -258, 273, 82, 561, 522, 863, 
73, 209, 136, -141, -31, 173, -268, 278, 87, 566, 522, 858, 
73, 209, 136, -141, -31, 173, -268, 278, 87, 566, 522, 858, 
73, 204, 131, -139, -29, 168, -263, 278, 87, 566, 522, 863, 
73, 200, 126, -136, -26, 163, -263, 283, 87, 566, 522, 863, 
73, 200, 126, -136, -26, 163, -263, 283, 87, 566, 522, 863, 
68, 200, 131, -134, -31, 165, -258, 283, 92, 566, 522, 863, 
68, 204, 136, -136, -34, 170, -258, 283, 92, 566, 522, 863, 
68, 204, 136, -136, -34, 170, -258, 283, 92, 566, 522, 863, 
73, 204, 131, -139, -29, 168, -248, 283, 92, 561, 522, 863, 
73, 204, 131, -139, -29, 168, -248, 283, 92, 561, 522, 863, 
73, 204, 131, -139, -29, 168, -248, 287, 92, 561, 522, 863, 
68, 204, 136, -136, -34, 170, -248, 287, 92, 561, 522, 868, 
78, 214, 136, -146, -29, 175, -248, 302, 92, 561, 522, 863, 
78, 214, 136, -146, -29, 175, -248, 302, 92, 561, 522, 858, 
78, 214, 136, -146, -29, 175, -248, 302, 92, 561, 522, 863, 
78, 214, 136, -146, -29, 175, -244, 302, 102, 566, 527, 858, 
73, 204, 131, -139, -29, 168, -248, 302, 92, 556, 527, 858, 
73, 204, 131, -139, -29, 168, -248, 302, 92, 556, 527, 858, 
78, 209, 131, -143, -26, 170, -253, 302, 92, 556, 527, 858, 
78, 214, 136, -146, -29, 175, -253, 307, 92, 556, 527, 858, 
78, 214, 136, -146, -29, 175, -244, 307, 97, 561, 522, 858, 
78, 214, 136, -146, -29, 175, -244, 307, 97, 566, 522, 858, 
78, 214, 136, -146, -29, 175, -248, 307, 102, 570, 522, 858, 
78, 214, 136, -146, -29, 175, -248, 307, 107, 570, 522, 854, 
78, 204, 126, -141, -24, 165, -248, 307, 97, 570, 522, 854, 
78, 214, 136, -146, -29, 175, -248, 302, 97, 575, 527, 854, 
78, 214, 136, -146, -29, 175, -248, 302, 97, 575, 527, 854, 
78, 214, 136, -146, -29, 175, -253, 302, 97, 575, 527, 854, 
78, 219, 141, -148, -31, 180, -244, 302, 107, 575, 531, 854, 
78, 219, 141, -148, -31, 180, -244, 302, 102, 575, 536, 858, 
78, 219, 141, -148, -31, 180, -244, 302, 102, 575, 536, 858, 
78, 224, 146, -151, -34, 185, -244, 302, 102, 580, 536, 858, 
78, 214, 136, -146, -29, 175, -253, 312, 102, 570, 531, 858, 
78, 214, 136, -146, -29, 175, -253, 312, 102, 570, 541, 863, 
78, 214, 136, -146, -29, 175, -248, 312, 102, 575, 541, 863, 
78, 214, 136, -146, -29, 175, -248, 312, 102, 580, 541, 858, 
73, 224, 151, -148, -39, 187, -244, 297, 107, 580, 541, 868, 
82, 224, 141, -153, -29, 183, -244, 297, 107, 580, 536, 868, 
82, 224, 141, -153, -29, 183, -244, 297, 107, 580, 536, 863, 
78, 229, 151, -153, -36, 190, -248, 297, 102, 580, 536, 858, 
87, 224, 136, -156, -24, 180, -248, 297, 97, 580, 536, 858, 
87, 224, 136, -156, -24, 180, -248, 297, 97, 580, 536, 858, 
87, 224, 136, -156, -24, 180, -248, 297, 97, 580, 536, 858, 
87, 219, 131, -153, -21, 175, -253, 297, 92, 580, 536, 858, 
78, 229, 151, -153, -36, 190, -253, 297, 92, 580, 541, 863, 
78, 229, 151, -153, -36, 190, -253, 297, 92, 580, 536, 868, 
73, 229, 156, -151, -41, 192, -253, 297, 92, 585, 536, 868, 
73, 229, 156, -151, -41, 192, -248, 297, 97, 585, 541, 883, 
78, 229, 151, -153, -36, 190, -258, 287, 97, 575, 541, 888, 
78, 229, 151, -153, -36, 190, -263, 287, 97, 575, 541, 902, 
78, 229, 151, -153, -36, 190, -263, 283, 97, 570, 541, 893, 
78, 224, 146, -151, -34, 185, -263, 283, 97, 570, 541, 873, 
87, 224, 136, -156, -24, 180, -263, 283, 92, 580, 531, 888, 
82, 224, 141, -153, -29, 183, -263, 283, 92, 580, 527, 829, 
82, 224, 141, -153, -29, 183, -263, 283, 92, 580, 527, 814, 
82, 224, 141, -153, -29, 183, -263, 287, 92, 580, 527, 824, 
82, 224, 141, -153, -29, 183, -268, 287, 92, 580, 527, 839, 
82, 229, 146, -156, -31, 187, -268, 283, 92, 580, 527, 839, 
82, 229, 146, -156, -31, 187, -273, 283, 87, 575, 522, 844, 
82, 224, 141, -153, -29, 183, -273, 283, 87, 566, 522, 849, 
82, 219, 136, -151, -26, 178, -273, 278, 82, 566, 527, 849, 
82, 219, 136, -151, -26, 178, -273, 278, 82, 570, 527, 849, 
82, 219, 136, -151, -26, 178, -273, 283, 82, 575, 531, 849, 
78, 219, 141, -148, -31, 180, -273, 283, 82, 575, 536, 849, 
78, 219, 141, -148, -31, 180, -273, 273, 82, 566, 527, 854, 
82, 219, 136, -151, -26, 178, -273, 273, 82, 561, 522, 854, 
82, 219, 136, -151, -26, 178, -278, 273, 78, 561, 522, 854, 
87, 219, 131, -153, -21, 175, -278, 268, 78, 561, 522, 854, 
78, 214, 136, -146, -29, 175, -268, 268, 73, 561, 522, 854, 
78, 214, 136, -146, -29, 175, -268, 273, 73, 561, 522, 854, 
78, 219, 141, -148, -31, 180, -268, 273, 73, 561, 517, 849, 
82, 219, 136, -151, -26, 178, -268, 273, 73, 561, 517, 849, 
73, 219, 146, -146, -36, 183, -268, 273, 73, 561, 517, 844, 
73, 219, 146, -146, -36, 183, -268, 273, 73, 556, 517, 844, 
68, 219, 151, -143, -41, 185, -268, 273, 73, 556, 517, 844, 
68, 219, 151, -143, -41, 185, -268, 273, 73, 556, 517, 844, 
78, 209, 131, -143, -26, 170, -278, 263, 63, 561, 512, 844, 
78, 209, 131, -143, -26, 170, -278, 263, 63, 561, 517, 844, 
78, 209, 131, -143, -26, 170, -273, 263, 68, 561, 527, 844, 
78, 214, 136, -146, -29, 175, -273, 268, 68, 566, 527, 854, 
78, 214, 136, -146, -29, 175, -273, 268, 73, 561, 522, 849, 
73, 214, 141, -143, -34, 178, -268, 258, 73, 556, 522, 849, 
78, 214, 136, -146, -29, 175, -263, 263, 68, 556, 517, 849, 
78, 214, 136, -146, -29, 175, -273, 253, 68, 556, 517, 839, 
78, 214, 136, -146, -29, 175, -273, 253, 68, 556, 517, 839, 
78, 214, 136, -146, -29, 175, -273, 253, 68, 556, 517, 839, 
78, 214, 136, -146, -29, 175, -273, 253, 68, 556, 517, 839, 
68, 214, 146, -141, -39, 180, -273, 258, 68, 556, 507, 844, 
68, 219, 151, -143, -41, 185, -273, 258, 68, 556, 507, 839, 
68, 219, 151, -143, -41, 185, -273, 258, 68, 556, 507, 839, 
73, 219, 146, -146, -36, 183, -273, 258, 68, 561, 507, 839, 
73, 209, 136, -141, -31, 173, -273, 258, 58, 561, 512, 844, 
73, 204, 131, -139, -29, 168, -273, 258, 58, 561, 512, 844, 
73, 204, 131, -139, -29, 168, -273, 258, 58, 561, 512, 844, 
73, 204, 131, -139, -29, 168, -273, 258, 58, 556, 507, 844, 
63, 204, 141, -134, -39, 173, -273, 258, 58, 556, 507, 844, 
58, 204, 146, -131, -43, 175, -273, 258, 63, 556, 507, 844, 
58, 200, 141, -129, -41, 170, -268, 258, 63, 556, 507, 844, 
58, 200, 141, -129, -41, 170, -268, 258, 63, 556, 507, 844, 
63, 200, 136, -131, -36, 168, -268, 248, 53, 556, 507, 839, 
63, 204, 141, -134, -39, 173, -268, 248, 53, 556, 507, 839, 
58, 204, 146, -131, -43, 175, -268, 253, 63, 561, 507, 844, 
58, 209, 151, -134, -46, 180, -268, 253, 63, 561, 507, 844, 
68, 214, 146, -141, -39, 180, -268, 253, 63, 570, 502, 849, 
68, 224, 156, -146, -43, 190, -263, 258, 73, 575, 512, 849, 
68, 239, 170, -153, -51, 204, -258, 263, 82, 575, 522, 854, 
68, 253, 185, -161, -58, 219, -253, 268, 82, 575, 527, 863, 
68, 263, 195, -165, -63, 229, -248, 268, 97, 590, 541, 868, 
68, 268, 200, -168, -65, 234, -244, 273, 102, 595, 546, 873, 
73, 278, 204, -175, -65, 241, -239, 273, 107, 600, 546, 873, 
73, 287, 214, -180, -70, 251, -229, 278, 112, 600, 546, 873, 
73, 297, 224, -185, -75, 261, -239, 278, 117, 610, 551, 878, 
78, 297, 219, -187, -70, 258, -234, 287, 122, 614, 551, 883, 
78, 302, 224, -190, -73, 263, -234, 287, 122, 614, 556, 888, 
78, 302, 224, -190, -73, 263, -239, 287, 122, 614, 556, 893, 
87, 307, 219, -197, -65, 263, -239, 287, 122, 605, 556, 893, 
87, 307, 219, -197, -65, 263, -239, 287, 126, 610, 556, 893, 
87, 307, 219, -197, -65, 263, -239, 287, 126, 614, 556, 893, 
87, 312, 224, -200, -68, 268, -244, 287, 126, 614, 561, 897, 
87, 312, 224, -200, -68, 268, -244, 283, 126, 614, 551, 893, 
92, 312, 219, -202, -63, 265, -253, 283, 122, 614, 551, 897, 
92, 322, 229, -207, -68, 275, -258, 273, 122, 614, 556, 907, 
92, 326, 234, -209, -70, 280, -268, 258, 117, 614, 561, 912, 
87, 331, 244, -209, -78, 287, -287, 253, 117, 614, 566, 907, 
87, 336, 248, -212, -80, 292, -292, 244, 117, 614, 566, 907, 
87, 336, 248, -212, -80, 292, -297, 234, 112, 614, 566, 907, 
87, 341, 253, -214, -82, 297, -307, 224, 112, 614, 575, 912, 
87, 346, 258, -217, -85, 302, -302, 219, 97, 614, 575, 917, 
87, 341, 253, -214, -82, 297, -302, 219, 97, 614, 580, 917, 
87, 341, 253, -214, -82, 297, -302, 224, 97, 619, 580, 917, 
97, 341, 244, -219, -73, 292, -307, 224, 97, 624, 575, 917, 
102, 341, 239, -222, -68, 290, -317, 224, 92, 614, 575, 917, 
107, 336, 229, -222, -61, 283, -317, 229, 92, 619, 575, 917, 
112, 336, 224, -224, -56, 280, -312, 234, 102, 624, 575, 917, 
112, 336, 224, -224, -56, 280, -312, 239, 102, 624, 585, 922, 
112, 336, 224, -224, -56, 280, -307, 244, 112, 634, 590, 927, 
122, 336, 214, -229, -46, 275, -307, 248, 117, 639, 590, 932, 
112, 336, 224, -224, -56, 280, -307, 253, 122, 639, 590, 932, 
112, 331, 219, -222, -53, 275, -307, 258, 126, 634, 590, 927, 
112, 326, 214, -219, -51, 270, -297, 248, 122, 639, 590, 932, 
107, 312, 204, -209, -48, 258, -297, 248, 117, 639, 580, 922, 
107, 297, 190, -202, -41, 244, -287, 248, 112, 629, 570, 912, 
97, 278, 180, -187, -41, 229, -287, 248, 102, 614, 556, 897, 
82, 263, 180, -173, -48, 222, -297, 244, 82, 590, 541, 878, 
78, 244, 165, -161, -43, 204, -292, 244, 68, 585, 536, 863, 
68, 234, 165, -151, -48, 200, -292, 239, 63, 580, 531, 863, 
68, 219, 151, -143, -41, 185, -287, 239, 58, 570, 527, 858, 
68, 209, 141, -139, -36, 175, -278, 229, 53, 566, 507, 849, 
68, 209, 141, -139, -36, 175, -278, 229, 53, 566, 502, 839, 
63, 204, 141, -134, -39, 173, -278, 229, 53, 561, 502, 839, 
63, 195, 131, -129, -34, 163, -278, 229, 43, 561, 497, 839, 
53, 185, 131, -119, -39, 158, -278, 229, 48, 556, 492, 844, 
53, 180, 126, -117, -36, 153, -273, 229, 48, 551, 488, 839, 
53, 170, 117, -112, -31, 143, -273, 229, 43, 541, 483, 834, 
53, 170, 117, -112, -31, 143, -273, 229, 39, 536, 478, 829, 
53, 161, 107, -107, -26, 134, -273, 234, 39, 536, 478, 819, 
53, 156, 102, -104, -24, 129, -273, 234, 39, 541, 473, 819, 
53, 156, 102, -104, -24, 129, -273, 234, 39, 541, 473, 819, 
53, 151, 97, -102, -21, 124, -273, 234, 39, 541, 473, 814, 
58, 161, 102, -109, -21, 131, -273, 234, 39, 541, 473, 824, 
53, 161, 107, -107, -26, 134, -273, 234, 39, 541, 473, 824, 
53, 156, 102, -104, -24, 129, -273, 234, 39, 541, 473, 819, 
53, 156, 102, -104, -24, 129, -273, 234, 39, 541, 473, 819, 
53, 161, 107, -107, -26, 134, -273, 234, 43, 541, 483, 810, 
53, 161, 107, -107, -26, 134, -273, 234, 43, 546, 483, 814, 
53, 161, 107, -107, -26, 134, -268, 234, 43, 546, 483, 819, 
53, 161, 107, -107, -26, 134, -268, 239, 43, 546, 483, 819, 
53, 161, 107, -107, -26, 134, -268, 239, 43, 546, 483, 819, 
53, 161, 107, -107, -26, 134, -268, 239, 43, 556, 483, 810, 
53, 161, 107, -107, -26, 134, -268, 239, 48, 546, 468, 814, 
53, 141, 87, -97, -17, 114, -253, 263, 53, 541, 458, 800, 
58, 107, 48, -82, 4, 78, -239, 317, 63, 531, 434, 771, 
63, 48, -14, -56, 39, 17, -195, 400, 68, 502, 375, 722, 
63, 4, -58, -34, 61, -26, -141, 492, 92, 473, 331, 673, 
58, 4, -53, -31, 56, -24, -92, 570, 112, 463, 302, 634, 
68, 34, -34, -51, 51, 0, -39, 634, 151, 473, 302, 614, 
82, 78, -4, -80, 43, 36, -9, 707, 204, 507, 326, 624, 
112, 136, 24, -124, 43, 80, 0, 790, 302, 590, 370, 653, 
151, 214, 63, -183, 43, 139, 0, 863, 429, 702, 439, 712, 
175, 366, 190, -270, -7, 278, -19, 907, 610, 878, 575, 834, 
209, 614, 405, -412, -97, 509, -39, 971, 893, 1156, 800, 1015, 
229, 936, 707, -583, -239, 822, -39, 1010, 1234, 1503, 1073, 1259, 
248, 1273, 1024, -761, -387, 1149, -102, 878, 1517, 1859, 1376, 1532, 
239, 1581, 1342, -910, -551, 1461, -273, 502, 1605, 2142, 1698, 1834, 
234, 1878, 1644, -1056, -705, 1761, -536, -63, 1551, 2352, 2020, 2166, 
200, 2191, 1991, -1195, -895, 2091, -805, -619, 1527, 2532, 2352, 2493, 
146, 2342, 2196, -1244, -1024, 2269, -902, -917, 1576, 2620, 2483, 2654, 
107, 2015, 1908, -1061, -900, 1961, -775, -834, 1576, 2430, 2191, 2381, 
87, 1464, 1376, -775, -644, 1420, -639, -668, 1385, 2015, 1698, 1942, 
53, 1166, 1112, -610, -529, 1139, -668, -722, 927, 1576, 1420, 1742, 
-4, 990, 995, -492, -500, 993, -736, -844, 312, 1127, 1229, 1625, 
-63, 717, 780, -326, -422, 749, -717, -854, -331, 614, 951, 1410, 
-102, 448, 551, -173, -326, 500, -644, -766, -780, 239, 702, 1205, 
-102, 268, 370, -82, -236, 319, -585, -639, -795, 161, 575, 1068, 
-102, 102, 204, 0, -153, 153, -551, -512, -673, 180, 468, 922, 
-87, -43, 43, 65, -65, 0, -536, -453, -688, 126, 361, 810, 
-73, -126, -53, 100, -9, -90, -522, -385, -697, 92, 307, 751, 
-58, -175, -117, 117, 29, -146, -478, -283, -605, 122, 278, 702, 
-53, -190, -136, 122, 41, -163, -424, -165, -512, 161, 263, 673, 
-43, -170, -126, 107, 41, -148, -419, -102, -434, 190, 263, 668, 
-43, -122, -78, 82, 17, -100, -419, -82, -351, 244, 287, 688, 
-34, -82, -48, 58, 7, -65, -409, -48, -263, 312, 317, 712, 
-14, -34, -19, 24, 2, -26, -380, 14, -185, 370, 346, 732, 
0, -9, -9, 4, 4, -9, -341, 68, -131, 405, 370, 741, 
14, 9, -4, -12, 9, 2, -312, 131, -87, 429, 375, 746, 
19, 24, 4, -21, 7, 14, -287, 175, -48, 448, 385, 736, 
39, 43, 4, -41, 17, 24, -263, 214, -34, 463, 395, 746, 
43, 53, 9, -48, 17, 31, -253, 224, -19, 468, 405, 751, 
43, 68, 24, -56, 9, 46, -248, 234, 0, 483, 414, 761, 
43, 82, 39, -63, 2, 61, -253, 248, 24, 497, 414, 766, 
34, 102, 68, -68, -17, 85, -248, 253, 48, 512, 429, 775, 
43, 112, 68, -78, -12, 90, -248, 258, 68, 527, 439, 780, 
43, 117, 73, -80, -14, 95, -253, 273, 78, 536, 439, 785, 
43, 117, 73, -80, -14, 95, -253, 292, 87, 546, 439, 790, 
43, 117, 73, -80, -14, 95, -244, 302, 102, 546, 439, 780, 
43, 117, 73, -80, -14, 95, -234, 307, 102, 546, 439, 780, 
48, 117, 68, -82, -9, 92, -224, 312, 102, 546, 439, 775, 
48, 117, 68, -82, -9, 92, -219, 312, 102, 546, 439, 775, 
48, 117, 68, -82, -9, 92, -229, 312, 92, 541, 439, 785, 
53, 117, 63, -85, -4, 90, -229, 312, 102, 541, 439, 785, 
53, 126, 73, -90, -9, 100, -229, 317, 107, 551, 439, 785, 
48, 131, 82, -90, -17, 107, -224, 317, 117, 556, 448, 790, 
48, 131, 82, -90, -17, 107, -224, 317, 117, 561, 439, 780, 
48, 131, 82, -90, -17, 107, -224, 322, 117, 566, 444, 780, 
53, 131, 78, -92, -12, 104, -224, 322, 122, 566, 444, 795, 
58, 131, 73, -95, -7, 102, -219, 322, 122, 570, 444, 795, 
63, 131, 68, -97, -2, 100, -219, 331, 131, 561, 444, 795, 
63, 136, 73, -100, -4, 104, -219, 331, 131, 566, 448, 800, 
63, 136, 73, -100, -4, 104, -214, 331, 136, 570, 448, 800, 
58, 136, 78, -97, -9, 107, -214, 336, 141, 570, 448, 800, 
58, 126, 68, -92, -4, 97, -204, 346, 146, 580, 453, 800, 
58, 126, 68, -92, -4, 97, -204, 346, 146, 585, 453, 800, 
63, 126, 63, -95, 0, 95, -204, 346, 151, 585, 453, 800, 
63, 126, 63, -95, 0, 95, -204, 351, 156, 590, 463, 795, 
63, 136, 73, -100, -4, 104, -204, 361, 165, 590, 463, 800, 
63, 136, 73, -100, -4, 104, -204, 361, 170, 590, 463, 795, 
63, 136, 73, -100, -4, 104, -204, 370, 170, 595, 453, 790, 
63, 136, 73, -100, -4, 104, -204, 375, 175, 595, 453, 790, 
53, 136, 82, -95, -14, 109, -214, 366, 180, 595, 463, 790, 
58, 141, 82, -100, -12, 112, -214, 366, 180, 600, 458, 795, 
58, 156, 97, -107, -19, 126, -214, 366, 185, 600, 453, 800, 
63, 156, 92, -109, -14, 124, -214, 375, 190, 605, 453, 805, 
63, 151, 87, -107, -12, 119, -209, 375, 185, 610, 453, 800, 
63, 156, 92, -109, -14, 124, -209, 380, 190, 614, 458, 800, 
68, 156, 87, -112, -9, 122, -209, 385, 195, 614, 458, 800, 
68, 156, 87, -112, -9, 122, -209, 390, 200, 619, 463, 800, 
68, 151, 82, -109, -7, 117, -200, 395, 209, 624, 463, 800, 
68, 151, 82, -109, -7, 117, -200, 400, 214, 629, 463, 800, 
68, 151, 82, -109, -7, 117, -200, 400, 224, 634, 458, 805, 
63, 156, 92, -109, -14, 124, -200, 405, 239, 639, 458, 805, 
73, 156, 82, -114, -4, 119, -200, 419, 234, 639, 458, 805, 
73, 156, 82, -114, -4, 119, -200, 419, 239, 639, 468, 805, 
73, 156, 82, -114, -4, 119, -195, 424, 244, 644, 468, 805, 
73, 151, 78, -112, -2, 114, -195, 429, 253, 649, 468, 800, 
78, 151, 73, -114, 2, 112, -195, 448, 273, 653, 478, 800, 
78, 151, 73, -114, 2, 112, -195, 448, 283, 658, 478, 805, 
78, 151, 73, -114, 2, 112, -195, 453, 287, 663, 473, 805, 
82, 151, 68, -117, 7, 109, -195, 468, 297, 668, 468, 805, 
78, 146, 68, -112, 4, 107, -185, 473, 317, 678, 478, 810, 
78, 146, 68, -112, 4, 107, -185, 483, 331, 688, 478, 810, 
92, 165, 73, -129, 9, 119, -185, 488, 336, 697, 478, 814, 
97, 175, 78, -136, 9, 126, -190, 492, 351, 712, 488, 814, 
87, 180, 92, -134, -2, 136, -190, 517, 361, 717, 492, 810, 
87, 180, 92, -134, -2, 136, -190, 527, 380, 727, 497, 819, 
87, 185, 97, -136, -4, 141, -190, 536, 395, 736, 502, 824, 
87, 190, 102, -139, -7, 146, -185, 541, 409, 746, 507, 829, 
92, 190, 97, -141, -2, 143, -180, 561, 424, 751, 512, 834, 
92, 200, 107, -146, -7, 153, -180, 570, 444, 761, 522, 834, 
97, 204, 107, -151, -4, 156, -180, 585, 463, 775, 527, 839, 
112, 214, 102, -163, 4, 158, -180, 595, 483, 790, 531, 839, 
117, 234, 117, -175, 0, 175, -190, 610, 497, 814, 536, 854, 
122, 234, 112, -178, 4, 173, -190, 624, 517, 829, 551, 863, 
126, 234, 107, -180, 9, 170, -195, 629, 536, 844, 566, 868, 
131, 244, 112, -187, 9, 178, -195, 649, 556, 858, 575, 883, 
146, 268, 122, -207, 12, 195, -195, 663, 580, 878, 575, 888, 
146, 287, 141, -217, 2, 214, -195, 683, 600, 902, 590, 893, 
151, 302, 151, -226, 0, 226, -195, 688, 624, 922, 605, 902, 
156, 312, 156, -234, 0, 234, -200, 697, 644, 941, 619, 912, 
161, 331, 170, -246, -4, 251, -209, 702, 663, 966, 644, 922, 
165, 346, 180, -256, -7, 263, -214, 707, 678, 980, 658, 936, 
170, 370, 200, -270, -14, 285, -219, 717, 697, 995, 668, 941, 
175, 395, 219, -285, -21, 307, -219, 727, 717, 1015, 683, 956, 
180, 405, 224, -292, -21, 314, -219, 736, 736, 1029, 697, 976, 
185, 409, 224, -297, -19, 317, -219, 736, 746, 1034, 712, 985, 
190, 419, 229, -305, -19, 324, -224, 736, 751, 1049, 727, 1000, 
195, 429, 234, -312, -19, 331, -229, 736, 761, 1063, 732, 1005, 
195, 439, 244, -317, -24, 341, -234, 736, 766, 1073, 741, 1024, 
195, 453, 258, -324, -31, 356, -239, 736, 766, 1073, 756, 1029, 
195, 463, 268, -329, -36, 366, -244, 732, 766, 1083, 766, 1039, 
200, 468, 268, -334, -34, 368, -248, 732, 771, 1083, 785, 1049, 
204, 483, 278, -344, -36, 380, -253, 717, 771, 1102, 775, 1054, 
204, 492, 287, -348, -41, 390, -253, 712, 771, 1102, 785, 1063, 
200, 497, 297, -348, -48, 397, -258, 712, 766, 1107, 785, 1073, 
200, 497, 297, -348, -48, 397, -263, 707, 766, 1112, 795, 1083, 
200, 507, 307, -353, -53, 407, -268, 692, 771, 1112, 795, 1083, 
200, 517, 317, -358, -58, 417, -268, 692, 766, 1112, 805, 1088, 
195, 522, 326, -358, -65, 424, -273, 673, 756, 1112, 805, 1098, 
195, 522, 326, -358, -65, 424, -278, 663, 741, 1107, 805, 1098, 
195, 522, 326, -358, -65, 424, -292, 644, 732, 1112, 819, 1107, 
190, 522, 331, -356, -70, 427, -292, 629, 717, 1107, 819, 1107, 
185, 522, 336, -353, -75, 429, -292, 614, 697, 1093, 810, 1107, 
185, 517, 331, -351, -73, 424, -287, 605, 678, 1078, 805, 1093, 
175, 517, 341, -346, -82, 429, -287, 580, 649, 1058, 805, 1088, 
170, 507, 336, -339, -82, 422, -283, 570, 629, 1034, 795, 1088, 
161, 492, 331, -326, -85, 412, -278, 551, 610, 1015, 785, 1078, 
156, 478, 322, -317, -82, 400, -278, 546, 585, 995, 766, 1068, 
141, 453, 312, -297, -85, 383, -268, 541, 561, 961, 741, 1044, 
136, 434, 297, -285, -80, 366, -263, 531, 536, 946, 722, 1034, 
131, 409, 278, -270, -73, 344, -263, 517, 507, 927, 702, 1024, 
126, 395, 268, -261, -70, 331, -258, 507, 483, 907, 692, 1010, 
117, 375, 258, -246, -70, 317, -248, 492, 468, 897, 668, 995, 
112, 356, 244, -234, -65, 300, -253, 478, 439, 873, 658, 985, 
107, 346, 239, -226, -65, 292, -253, 458, 414, 854, 644, 971, 
97, 331, 234, -214, -68, 283, -248, 444, 390, 829, 629, 961, 
92, 307, 214, -200, -61, 261, -239, 434, 366, 800, 614, 946, 
87, 292, 204, -190, -58, 248, -234, 419, 341, 785, 600, 932, 
87, 278, 190, -183, -51, 234, -234, 409, 326, 766, 585, 917, 
87, 253, 165, -170, -39, 209, -234, 400, 312, 746, 570, 907, 
73, 234, 161, -153, -43, 197, -229, 385, 302, 741, 546, 888, 
73, 224, 151, -148, -39, 187, -229, 375, 283, 732, 541, 883, 
73, 219, 146, -146, -36, 183, -229, 366, 268, 717, 536, 878, 
68, 214, 146, -141, -39, 180, -224, 361, 248, 702, 531, 868, 
58, 209, 151, -134, -46, 180, -224, 346, 229, 697, 522, 863, 
53, 195, 141, -124, -43, 168, -229, 341, 219, 683, 517, 863, 
53, 185, 131, -119, -39, 158, -229, 331, 204, 668, 507, 858, 
53, 175, 122, -114, -34, 148, -229, 322, 195, 663, 502, 854, 
53, 165, 112, -109, -29, 139, -229, 322, 190, 649, 483, 844, 
53, 156, 102, -104, -24, 129, -229, 312, 185, 644, 483, 844, 
53, 146, 92, -100, -19, 119, -229, 307, 180, 639, 483, 829, 
53, 146, 92, -100, -19, 119, -229, 307, 180, 634, 473, 824, 
43, 131, 87, -87, -21, 109, -229, 297, 161, 634, 458, 824, 
39, 126, 87, -82, -24, 107, -234, 292, 151, 629, 463, 824, 
39, 126, 87, -82, -24, 107, -234, 287, 141, 619, 463, 819, 
39, 122, 82, -80, -21, 102, -234, 287, 126, 610, 463, 819, 
34, 112, 78, -73, -21, 95, -224, 292, 136, 605, 448, 819, 
34, 107, 73, -70, -19, 90, -224, 287, 131, 605, 444, 819, 
34, 107, 73, -70, -19, 90, -224, 283, 131, 605, 444, 814, 
48, 102, 53, -75, -2, 78, -224, 283, 131, 600, 444, 814, 
43, 92, 48, -68, -2, 70, -224, 273, 126, 600, 448, 805, 
39, 92, 53, -65, -7, 73, -224, 273, 126, 600, 448, 805, 
39, 92, 53, -65, -7, 73, -224, 268, 122, 600, 448, 805, 
34, 97, 63, -65, -14, 80, -224, 263, 122, 600, 448, 805, 
43, 97, 53, -70, -4, 75, -234, 258, 122, 600, 439, 805, 
43, 97, 53, -70, -4, 75, -229, 258, 122, 600, 439, 805, 
29, 97, 68, -63, -19, 82, -229, 258, 117, 595, 458, 805, 
19, 97, 78, -58, -29, 87, -229, 258, 117, 595, 458, 805, 
24, 92, 68, -58, -21, 80, -229, 263, 117, 595, 453, 814, 
19, 87, 68, -53, -24, 78, -229, 263, 117, 595, 444, 814, 
19, 82, 63, -51, -21, 73, -229, 268, 112, 590, 429, 790, 
29, 78, 48, -53, -9, 63, -229, 268, 112, 590, 429, 790, 
29, 53, 24, -41, 2, 39, -234, 258, 122, 590, 429, 790, 
24, 58, 34, -41, -4, 46, -234, 258, 122, 590, 429, 795, 
24, 68, 43, -46, -9, 56, -234, 258, 122, 590, 429, 800, 
24, 82, 58, -53, -17, 70, -234, 258, 122, 590, 429, 800, 
34, 82, 48, -58, -7, 65, -234, 263, 112, 580, 419, 800, 
34, 82, 48, -58, -7, 65, -234, 263, 112, 580, 419, 800, 
34, 78, 43, -56, -4, 61, -234, 263, 112, 580, 419, 795, 
34, 78, 43, -56, -4, 61, -234, 263, 112, 580, 424, 790, 
24, 73, 48, -48, -12, 61, -224, 263, 122, 590, 424, 780, 
29, 78, 48, -53, -9, 63, -229, 263, 122, 590, 424, 785, 
34, 78, 43, -56, -4, 61, -229, 263, 122, 590, 424, 785, 
39, 87, 48, -63, -4, 68, -229, 263, 122, 590, 424, 785, 
39, 97, 58, -68, -9, 78, -229, 268, 126, 585, 424, 780, 
34, 92, 58, -63, -12, 75, -229, 268, 126, 585, 424, 780, 
29, 82, 53, -56, -12, 68, -224, 268, 126, 585, 424, 785, 
24, 73, 48, -48, -12, 61, -224, 273, 126, 585, 424, 785, 
34, 73, 39, -53, -2, 56, -224, 283, 126, 585, 414, 785, 
29, 73, 43, -51, -7, 58, -219, 283, 131, 585, 414, 785, 
29, 78, 48, -53, -9, 63, -219, 283, 131, 585, 414, 785, 
29, 78, 48, -53, -9, 63, -219, 283, 131, 585, 414, 785, 
34, 78, 43, -56, -4, 61, -219, 292, 131, 590, 414, 785, 
34, 78, 43, -56, -4, 61, -219, 292, 131, 590, 414, 785, 
34, 78, 43, -56, -4, 61, -219, 297, 131, 590, 414, 785, 
29, 78, 48, -53, -9, 63, -219, 297, 131, 590, 414, 790, 
29, 78, 48, -53, -9, 63, -219, 292, 131, 590, 414, 785, 
29, 78, 48, -53, -9, 63, -219, 292, 131, 590, 414, 780, 
29, 78, 48, -53, -9, 63, -219, 292, 131, 590, 414, 785, 
29, 78, 48, -53, -9, 63, -214, 292, 141, 595, 419, 780, 
24, 78, 53, -51, -14, 65, -209, 302, 141, 595, 419, 780, 
24, 78, 53, -51, -14, 65, -209, 302, 141, 595, 419, 780, 
29, 82, 53, -56, -12, 68, -214, 302, 141, 595, 419, 780, 
29, 87, 58, -58, -14, 73, -214, 307, 141, 595, 419, 780, 
29, 87, 58, -58, -14, 73, -214, 317, 146, 605, 424, 790, 
29, 87, 58, -58, -14, 73, -214, 317, 146, 605, 424, 790, 
29, 87, 58, -58, -14, 73, -219, 317, 151, 605, 424, 790, 
29, 87, 58, -58, -14, 73, -219, 317, 156, 600, 424, 785, 
39, 82, 43, -61, -2, 63, -219, 317, 156, 600, 424, 785, 
39, 87, 48, -63, -4, 68, -219, 312, 156, 605, 429, 785, 
39, 82, 43, -61, -2, 63, -219, 312, 156, 605, 429, 785, 
39, 78, 39, -58, 0, 58, -224, 312, 156, 605, 429, 785, 
39, 82, 43, -61, -2, 63, -214, 312, 156, 605, 424, 795, 
39, 82, 43, -61, -2, 63, -214, 312, 151, 605, 429, 800, 
39, 82, 43, -61, -2, 63, -214, 312, 151, 605, 429, 800, 
39, 87, 48, -63, -4, 68, -214, 312, 151, 610, 429, 800, 
29, 87, 58, -58, -14, 73, -214, 312, 151, 600, 424, 800, 
29, 87, 58, -58, -14, 73, -214, 312, 151, 600, 434, 805, 
29, 87, 58, -58, -14, 73, -209, 312, 151, 605, 434, 805, 
29, 87, 58, -58, -14, 73, -209, 312, 151, 610, 434, 800, 
19, 87, 68, -53, -24, 78, -214, 307, 156, 610, 434, 800, 
34, 87, 53, -61, -9, 70, -214, 307, 156, 610, 429, 800, 
39, 87, 48, -63, -4, 68, -214, 307, 156, 610, 429, 795, 
39, 92, 53, -65, -7, 73, -219, 307, 151, 610, 429, 790, 
29, 97, 68, -63, -19, 82, -219, 307, 156, 610, 439, 800, 
29, 97, 68, -63, -19, 82, -219, 307, 156, 610, 439, 800, 
29, 97, 68, -63, -19, 82, -219, 307, 156, 610, 439, 800, 
29, 92, 63, -61, -17, 78, -224, 307, 151, 610, 439, 800, 
39, 92, 53, -65, -7, 73, -224, 307, 151, 610, 434, 795, 
39, 92, 53, -65, -7, 73, -224, 307, 151, 610, 429, 800, 
34, 92, 58, -63, -12, 75, -224, 307, 151, 614, 429, 800, 
34, 92, 58, -63, -12, 75, -219, 307, 156, 614, 434, 814, 
39, 82, 43, -61, -2, 63, -219, 307, 156, 624, 434, 829, 
39, 82, 43, -61, -2, 63, -224, 307, 156, 624, 434, 844, 
39, 82, 43, -61, -2, 63, -224, 302, 156, 619, 434, 834, 
39, 78, 39, -58, 0, 58, -224, 302, 156, 619, 434, 814, 
39, 78, 39, -58, 0, 58, -224, 302, 151, 619, 434, 824, 
34, 78, 43, -56, -4, 61, -224, 302, 151, 619, 429, 771, 
34, 78, 43, -56, -4, 61, -224, 302, 151, 619, 429, 761, 
34, 78, 43, -56, -4, 61, -224, 307, 151, 619, 429, 775, 
34, 78, 43, -56, -4, 61, -219, 297, 151, 610, 419, 790, 
34, 82, 48, -58, -7, 65, -219, 292, 151, 610, 419, 790, 
34, 82, 48, -58, -7, 65, -224, 292, 146, 605, 414, 795, 
34, 78, 43, -56, -4, 61, -224, 292, 146, 595, 414, 800, 
34, 73, 39, -53, -2, 56, -224, 287, 141, 595, 409, 790, 
34, 73, 39, -53, -2, 56, -224, 287, 141, 600, 409, 790, 
34, 73, 39, -53, -2, 56, -224, 292, 141, 605, 414, 790, 
29, 73, 43, -51, -7, 58, -224, 292, 141, 605, 419, 790, 
29, 63, 34, -46, -2, 48, -214, 292, 141, 605, 419, 795, 
34, 63, 29, -48, 2, 46, -214, 292, 141, 600, 414, 795, 
34, 63, 29, -48, 2, 46, -219, 292, 136, 600, 414, 795, 
39, 63, 24, -51, 7, 43, -219, 287, 136, 600, 414, 795, 
29, 68, 39, -48, -4, 53, -219, 297, 141, 600, 414, 795, 
29, 58, 29, -43, 0, 43, -219, 302, 141, 600, 414, 795, 
29, 58, 29, -43, 0, 43, -214, 302, 146, 595, 409, 800, 
29, 58, 29, -43, 0, 43, -224, 292, 146, 595, 409, 800, 
29, 58, 29, -43, 0, 43, -224, 292, 146, 595, 409, 800, 
29, 58, 29, -43, 0, 43, -224, 292, 146, 595, 409, 800, 
29, 58, 29, -43, 0, 43, -224, 292, 146, 595, 409, 800, 
29, 48, 19, -39, 4, 34, -224, 297, 146, 595, 409, 795, 
29, 53, 24, -41, 2, 39, -224, 297, 146, 595, 409, 790, 
29, 53, 24, -41, 2, 39, -224, 297, 146, 595, 409, 790, 
34, 53, 19, -43, 7, 36, -224, 297, 146, 600, 409, 790, 
34, 53, 19, -43, 7, 36, -224, 297, 136, 600, 405, 795, 
34, 48, 14, -41, 9, 31, -224, 297, 136, 600, 405, 795, 
34, 48, 14, -41, 9, 31, -224, 297, 136, 600, 405, 795, 
34, 48, 14, -41, 9, 31, -224, 297, 136, 595, 400, 795, 
34, 48, 14, -41, 9, 31, -224, 287, 126, 595, 400, 805, 
29, 48, 19, -39, 4, 34, -224, 287, 131, 595, 400, 805, 
29, 43, 14, -36, 7, 29, -219, 287, 131, 595, 400, 805, 
29, 43, 14, -36, 7, 29, -219, 287, 131, 595, 400, 805, 
34, 43, 9, -39, 12, 26, -219, 297, 141, 605, 409, 800, 
34, 48, 14, -41, 9, 31, -219, 297, 141, 605, 409, 800, 
29, 48, 19, -39, 4, 34, -219, 302, 151, 610, 409, 805, 
29, 53, 24, -41, 2, 39, -219, 302, 151, 610, 409, 805, 
29, 58, 29, -43, 0, 43, -209, 302, 161, 624, 414, 819, 
29, 68, 39, -48, -4, 53, -204, 307, 170, 634, 424, 819, 
29, 82, 53, -56, -12, 68, -200, 312, 180, 639, 434, 824, 
29, 97, 68, -63, -19, 82, -195, 317, 180, 644, 439, 834, 
29, 107, 78, -68, -24, 92, -195, 317, 185, 639, 434, 844, 
29, 112, 82, -70, -26, 97, -195, 322, 190, 644, 439, 844, 
34, 122, 87, -78, -26, 104, -195, 322, 195, 649, 439, 839, 
34, 131, 97, -82, -31, 114, -190, 326, 200, 649, 439, 834, 
34, 122, 87, -78, -26, 104, -180, 326, 204, 649, 444, 844, 
39, 122, 82, -80, -21, 102, -175, 336, 209, 653, 444, 844, 
39, 126, 87, -82, -24, 107, -175, 336, 209, 653, 448, 844, 
39, 126, 87, -82, -24, 107, -180, 336, 209, 653, 448, 844, 
48, 131, 82, -90, -17, 107, -190, 336, 200, 653, 439, 844, 
48, 131, 82, -90, -17, 107, -190, 336, 204, 658, 439, 844, 
48, 131, 82, -90, -17, 107, -190, 336, 204, 663, 439, 844, 
48, 136, 87, -92, -19, 112, -195, 336, 204, 663, 444, 849, 
48, 146, 97, -97, -24, 122, -195, 331, 214, 663, 453, 844, 
53, 146, 92, -100, -19, 119, -204, 331, 209, 663, 453, 849, 
53, 156, 102, -104, -24, 129, -209, 322, 209, 663, 458, 858, 
53, 161, 107, -107, -26, 134, -219, 307, 204, 663, 463, 863, 
48, 165, 117, -107, -34, 141, -229, 292, 195, 673, 458, 868, 
48, 170, 122, -109, -36, 146, -234, 283, 195, 673, 458, 868, 
48, 170, 122, -109, -36, 146, -239, 273, 190, 673, 458, 868, 
48, 175, 126, -112, -39, 151, -248, 263, 190, 673, 468, 873, 
48, 185, 136, -117, -43, 161, -253, 268, 195, 673, 478, 888, 
48, 185, 136, -117, -43, 161, -253, 268, 195, 673, 483, 888, 
48, 190, 141, -119, -46, 165, -253, 273, 195, 678, 483, 888, 
58, 195, 136, -126, -39, 165, -258, 273, 195, 683, 478, 888, 
53, 190, 136, -122, -41, 163, -258, 283, 209, 683, 478, 888, 
58, 180, 122, -119, -31, 151, -258, 287, 209, 688, 478, 888, 
63, 175, 112, -119, -24, 143, -253, 292, 219, 692, 478, 888, 
63, 170, 107, -117, -21, 139, -253, 297, 219, 692, 488, 893, 
63, 161, 97, -112, -17, 129, -248, 297, 214, 683, 483, 888, 
73, 161, 87, -117, -7, 124, -248, 297, 214, 688, 483, 893, 
63, 161, 97, -112, -17, 129, -248, 297, 214, 688, 483, 893, 
63, 156, 92, -109, -14, 124, -248, 297, 214, 683, 483, 888, 
63, 156, 92, -109, -14, 124, -248, 297, 200, 678, 473, 883, 
58, 136, 78, -97, -9, 107, -248, 297, 195, 678, 463, 873, 
58, 117, 58, -87, 0, 87, -239, 297, 190, 668, 453, 863, 
48, 92, 43, -70, 2, 68, -239, 297, 180, 653, 439, 849, 
43, 68, 24, -56, 9, 46, -229, 292, 180, 639, 414, 849, 
39, 48, 9, -43, 14, 29, -224, 292, 165, 634, 409, 834, 
29, 39, 9, -34, 9, 24, -224, 287, 161, 629, 405, 834, 
29, 24, -4, -26, 17, 9, -219, 287, 156, 619, 400, 829, 
29, 24, -4, -26, 17, 9, -219, 287, 141, 624, 400, 814, 
29, 24, -4, -26, 17, 9, -219, 287, 141, 624, 395, 800, 
24, 19, -4, -21, 14, 7, -219, 287, 141, 619, 395, 795, 
24, 9, -14, -17, 19, -2, -219, 287, 131, 619, 390, 790, 
24, -9, -34, -7, 29, -21, -219, 297, 136, 614, 375, 795, 
24, -14, -39, -4, 31, -26, -214, 297, 136, 610, 370, 790, 
24, -24, -48, 0, 36, -36, -214, 297, 131, 600, 366, 785, 
24, -24, -48, 0, 36, -36, -214, 297, 126, 595, 361, 780, 
24, -24, -48, 0, 36, -36, -214, 292, 126, 595, 370, 780, 
24, -29, -53, 2, 39, -41, -214, 292, 126, 600, 366, 780, 
24, -29, -53, 2, 39, -41, -214, 292, 126, 600, 366, 780, 
24, -34, -58, 4, 41, -46, -214, 292, 126, 600, 366, 775, 
29, -34, -63, 2, 46, -48, -214, 292, 117, 590, 366, 775, 
24, -34, -58, 4, 41, -46, -214, 292, 117, 590, 366, 775, 
24, -39, -63, 7, 43, -51, -214, 292, 117, 590, 366, 771, 
24, -39, -63, 7, 43, -51, -214, 292, 117, 590, 366, 771, 
14, -34, -48, 9, 31, -41, -214, 292, 131, 590, 356, 771, 
14, -34, -48, 9, 31, -41, -214, 292, 131, 595, 356, 775, 
14, -34, -48, 9, 31, -41, -209, 292, 131, 595, 356, 780, 
14, -34, -48, 9, 31, -41, -209, 297, 131, 595, 356, 780, 
14, -24, -39, 4, 26, -31, -209, 297, 131, 605, 366, 780, 
14, -24, -39, 4, 26, -31, -209, 297, 131, 595, 356, 771, 
14, -34, -48, 9, 31, -41, -209, 297, 136, 595, 361, 775, 
14, -43, -58, 14, 36, -51, -204, 322, 141, 600, 351, 761, 
19, -78, -97, 29, 58, -87, -180, 366, 151, 580, 326, 732, 
34, -126, -161, 46, 97, -143, -156, 429, 165, 561, 278, 683, 
34, -170, -204, 68, 119, -187, -102, 522, 190, 551, 224, 634, 
29, -180, -209, 75, 119, -195, -43, 610, 219, 541, 195, 595, 
39, -161, -200, 61, 119, -180, 0, 673, 248, 541, 175, 585, 
43, -117, -161, 36, 102, -139, 29, 736, 302, 566, 190, 595, 
63, -58, -122, -2, 92, -90, 48, 810, 390, 639, 234, 624, 
92, 19, -73, -56, 82, -26, 48, 883, 517, 732, 302, 673, 
126, 151, 24, -139, 51, 87, 19, 907, 668, 888, 429, 766, 
151, 361, 209, -256, -29, 285, -9, 941, 902, 1117, 614, 917, 
180, 653, 473, -417, -146, 563, -19, 1010, 1234, 1444, 858, 1122, 
200, 980, 780, -590, -290, 880, -53, 985, 1576, 1830, 1151, 1366, 
209, 1288, 1078, -749, -434, 1183, -156, 766, 1742, 2152, 1444, 1639, 
195, 1566, 1371, -880, -588, 1468, -361, 307, 1688, 2361, 1747, 1942, 
161, 1869, 1708, -1015, -773, 1788, -619, -287, 1576, 2522, 2059, 2278, 
97, 2078, 1981, -1088, -941, 2030, -795, -712, 1576, 2649, 2278, 2518, 
48, 1878, 1830, -963, -890, 1854, -707, -727, 1625, 2566, 2093, 2352, 
29, 1298, 1268, -663, -619, 1283, -512, -512, 1532, 2200, 1571, 1864, 
4, 873, 868, -439, -431, 871, -453, -478, 1161, 1742, 1195, 1546, 
-43, 697, 741, -326, -392, 719, -512, -600, 595, 1302, 1015, 1439, 
-102, 473, 575, -185, -339, 524, -541, -649, -58, 790, 766, 1263, 
-141, 224, 366, -41, -253, 295, -507, -610, -614, 326, 517, 1058, 
-151, 63, 214, 43, -183, 139, -468, -512, -756, 170, 400, 951, 
-141, -73, 68, 107, -104, -2, -434, -385, -624, 229, 322, 863, 
-126, -219, -92, 173, -17, -156, -419, -317, -600, 204, 234, 761, 
-122, -312, -190, 217, 34, -251, -424, -268, -629, 151, 180, 712, 
-107, -370, -263, 239, 78, -317, -400, -185, -556, 161, 151, 673, 
-102, -395, -292, 248, 95, -344, -346, -78, -453, 200, 126, 624, 
-92, -395, -302, 244, 104, -348, -312, 4, -375, 229, 117, 600, 
-82, -356, -273, 219, 95, -314, -322, 43, -302, 283, 141, 610, 
-73, -307, -234, 190, 80, -270, -331, 48, -224, 341, 180, 634, 
-63, -268, -204, 165, 70, -236, -312, 82, -146, 390, 200, 653, 
-39, -234, -195, 136, 78, -214, -283, 136, -92, 434, 224, 663, 
-34, -224, -190, 129, 78, -207, -263, 180, -39, 468, 229, 668, 
-19, -209, -190, 114, 85, -200, -229, 234, 0, 488, 239, 688, 
-9, -200, -190, 104, 90, -195, -204, 283, 34, 512, 248, 697, 
-4, -180, -175, 92, 85, -178, -195, 302, 68, 527, 258, 702, 
-4, -156, -151, 80, 73, -153, -180, 312, 97, 541, 278, 722, 
-4, -131, -126, 68, 61, -129, -175, 317, 112, 556, 297, 727, 
-4, -112, -107, 58, 51, -109, -180, 326, 136, 570, 312, 732, 
4, -102, -107, 48, 56, -104, -180, 326, 156, 585, 322, 732, 
4, -97, -102, 46, 53, -100, -185, 336, 165, 595, 322, 732, 
4, -97, -102, 46, 53, -100, -185, 351, 175, 605, 322, 732, 
4, -97, -102, 46, 53, -100, -170, 370, 180, 614, 312, 741, 
4, -97, -102, 46, 53, -100, -165, 375, 180, 614, 312, 741, 
9, -97, -107, 43, 58, -102, -161, 380, 180, 614, 312, 736, 
9, -97, -107, 43, 58, -102, -161, 380, 180, 614, 312, 736, 
9, -87, -97, 39, 53, -92, -161, 370, 180, 610, 322, 746, 
14, -87, -102, 36, 58, -95, -161, 370, 190, 610, 322, 746, 
14, -78, -92, 31, 53, -85, -161, 375, 195, 619, 322, 746, 
9, -73, -82, 31, 46, -78, -156, 375, 204, 624, 331, 751, 
0, -73, -73, 36, 36, -73, -165, 375, 204, 619, 331, 741, 
0, -73, -73, 36, 36, -73, -165, 380, 204, 624, 336, 741, 
4, -73, -78, 34, 41, -75, -165, 380, 209, 624, 336, 756, 
9, -73, -82, 31, 46, -78, -161, 380, 209, 629, 336, 756, 
9, -73, -82, 31, 46, -78, -161, 390, 219, 629, 341, 746, 
14, -68, -82, 26, 48, -75, -161, 390, 219, 634, 341, 751, 
19, -68, -87, 24, 53, -78, -156, 390, 224, 639, 336, 751, 
19, -68, -87, 24, 53, -78, -156, 395, 229, 639, 331, 751, 
19, -68, -87, 24, 53, -78, -156, 405, 224, 639, 326, 751, 
19, -68, -87, 24, 53, -78, -156, 405, 224, 644, 326, 751, 
24, -68, -92, 21, 58, -80, -156, 405, 229, 644, 326, 751, 
24, -68, -92, 21, 58, -80, -156, 409, 234, 649, 336, 746, 
14, -58, -73, 21, 43, -65, -156, 400, 244, 658, 336, 751, 
14, -58, -73, 21, 43, -65, -156, 400, 248, 658, 336, 746, 
14, -58, -73, 21, 43, -65, -156, 409, 248, 663, 326, 741, 
14, -58, -73, 21, 43, -65, -156, 414, 253, 663, 326, 741, 
14, -68, -82, 26, 48, -75, -156, 414, 268, 663, 331, 746, 
19, -63, -82, 21, 51, -73, -156, 414, 268, 668, 331, 746, 
19, -48, -68, 14, 43, -58, -156, 414, 273, 668, 331, 746, 
24, -48, -73, 12, 48, -61, -156, 424, 278, 673, 336, 746, 
14, -53, -68, 19, 41, -61, -151, 424, 273, 668, 341, 751, 
14, -48, -63, 17, 39, -56, -151, 429, 278, 673, 341, 751, 
19, -48, -68, 14, 43, -58, -151, 434, 283, 673, 336, 751, 
19, -48, -68, 14, 43, -58, -151, 439, 287, 678, 336, 751, 
29, -43, -73, 7, 51, -58, -151, 444, 297, 683, 346, 751, 
29, -43, -73, 7, 51, -58, -151, 448, 302, 688, 346, 751, 
29, -43, -73, 7, 51, -58, -151, 448, 312, 692, 341, 756, 
24, -39, -63, 7, 43, -51, -151, 453, 326, 697, 341, 756, 
34, -39, -73, 2, 53, -56, -151, 458, 331, 697, 331, 746, 
34, -39, -73, 2, 53, -56, -151, 458, 336, 697, 341, 746, 
34, -39, -73, 2, 53, -56, -146, 463, 341, 702, 341, 746, 
34, -43, -78, 4, 56, -61, -146, 468, 351, 707, 341, 741, 
39, -39, -78, 0, 58, -58, -146, 478, 361, 722, 351, 741, 
39, -34, -73, -2, 56, -53, -146, 478, 370, 727, 351, 746, 
39, -29, -68, -4, 53, -48, -146, 483, 375, 732, 346, 746, 
43, -24, -68, -9, 56, -46, -146, 497, 385, 736, 341, 746, 
39, -19, -58, -9, 48, -39, -146, 502, 395, 736, 351, 741, 
39, -19, -58, -9, 48, -39, -146, 512, 409, 746, 351, 741, 
53, 0, -53, -26, 53, -26, -146, 517, 414, 756, 351, 746, 
58, 9, -48, -34, 53, -19, -151, 522, 429, 771, 361, 746, 
58, 14, -43, -36, 51, -14, -141, 536, 448, 785, 366, 751, 
58, 14, -43, -36, 51, -14, -141, 546, 468, 795, 370, 761, 
58, 19, -39, -39, 48, -9, -141, 556, 483, 805, 375, 766, 
58, 24, -34, -41, 46, -4, -136, 561, 497, 814, 380, 771, 
68, 34, -34, -51, 51, 0, -141, 580, 502, 839, 395, 766, 
63, 43, -19, -53, 41, 12, -141, 590, 522, 849, 405, 766, 
63, 48, -14, -56, 39, 17, -141, 605, 541, 863, 409, 771, 
73, 58, -14, -65, 43, 21, -141, 614, 561, 878, 414, 771, 
87, 78, -9, -82, 48, 34, -141, 629, 575, 893, 419, 775, 
92, 78, -14, -85, 53, 31, -141, 644, 595, 907, 434, 785, 
97, 78, -19, -87, 58, 29, -146, 649, 614, 922, 448, 790, 
102, 87, -14, -95, 58, 36, -146, 668, 634, 936, 458, 805, 
97, 102, 4, -100, 46, 53, -146, 673, 658, 961, 458, 810, 
97, 122, 24, -109, 36, 73, -146, 692, 678, 980, 473, 814, 
102, 136, 34, -119, 34, 85, -146, 697, 702, 995, 488, 824, 
107, 146, 39, -126, 34, 92, -151, 707, 722, 1010, 502, 834, 
112, 165, 53, -139, 29, 109, -161, 712, 741, 1024, 507, 854, 
117, 180, 63, -148, 26, 122, -165, 717, 756, 1039, 522, 868, 
122, 204, 82, -163, 19, 143, -170, 727, 775, 1054, 531, 873, 
126, 229, 102, -178, 12, 165, -170, 736, 795, 1073, 546, 888, 
131, 244, 112, -187, 9, 178, -170, 736, 805, 1093, 570, 897, 
136, 253, 117, -195, 9, 185, -170, 736, 814, 1102, 585, 907, 
141, 268, 126, -204, 7, 197, -175, 736, 819, 1122, 600, 922, 
146, 283, 136, -214, 4, 209, -180, 736, 829, 1141, 605, 927, 
156, 292, 136, -224, 9, 214, -185, 736, 844, 1151, 605, 936, 
156, 307, 151, -231, 2, 229, -190, 736, 844, 1151, 619, 941, 
156, 317, 161, -236, -2, 239, -195, 732, 844, 1161, 629, 951, 
161, 322, 161, -241, 0, 241, -200, 732, 849, 1161, 649, 961, 
156, 326, 170, -241, -7, 248, -204, 736, 849, 1171, 649, 966, 
156, 336, 180, -246, -12, 258, -204, 732, 849, 1171, 658, 976, 
151, 341, 190, -246, -19, 265, -209, 732, 844, 1176, 658, 985, 
151, 341, 190, -246, -19, 265, -214, 727, 844, 1180, 668, 995, 
151, 351, 200, -251, -24, 275, -219, 712, 839, 1180, 668, 985, 
151, 361, 209, -256, -29, 285, -219, 712, 834, 1180, 678, 990, 
146, 366, 219, -256, -36, 292, -224, 692, 824, 1180, 678, 1000, 
146, 366, 219, -256, -36, 292, -229, 683, 810, 1176, 678, 1000, 
146, 375, 229, -261, -41, 302, -244, 673, 800, 1180, 683, 1010, 
141, 375, 234, -258, -46, 305, -244, 658, 785, 1176, 683, 1010, 
136, 375, 239, -256, -51, 307, -244, 644, 766, 1161, 673, 1010, 
136, 370, 234, -253, -48, 302, -239, 634, 746, 1146, 668, 995, 
126, 361, 234, -244, -53, 297, -239, 619, 717, 1137, 678, 990, 
122, 351, 229, -236, -53, 290, -234, 610, 697, 1112, 668, 990, 
112, 336, 224, -224, -56, 280, -229, 590, 678, 1093, 658, 980, 
107, 322, 214, -214, -53, 268, -229, 585, 653, 1073, 639, 971, 
92, 307, 214, -200, -61, 261, -219, 570, 629, 1039, 614, 951, 
87, 287, 200, -187, -56, 244, -214, 561, 605, 1024, 595, 936, 
82, 263, 180, -173, -48, 222, -214, 546, 575, 1005, 575, 922, 
78, 248, 170, -163, -46, 209, -209, 536, 551, 985, 566, 902, 
78, 229, 151, -153, -36, 190, -200, 522, 527, 956, 551, 878, 
73, 209, 136, -141, -31, 173, -204, 507, 497, 932, 541, 868, 
68, 200, 131, -134, -31, 165, -204, 488, 473, 912, 527, 854, 
58, 185, 126, -122, -34, 156, -200, 473, 448, 888, 512, 844, 
43, 170, 126, -107, -41, 148, -190, 473, 434, 863, 488, 829, 
39, 156, 117, -97, -39, 136, -185, 458, 409, 854, 473, 814, 
39, 141, 102, -90, -31, 122, -185, 448, 395, 839, 458, 800, 
39, 117, 78, -78, -19, 97, -185, 439, 380, 824, 444, 790, 
24, 97, 73, -61, -24, 85, -180, 424, 361, 810, 429, 780, 
24, 87, 63, -56, -19, 75, -180, 414, 341, 800, 424, 775, 
24, 82, 58, -53, -17, 70, -180, 405, 326, 785, 419, 771, 
19, 78, 58, -48, -19, 68, -175, 400, 307, 771, 414, 761, 
19, 73, 53, -46, -17, 63, -175, 385, 287, 766, 395, 746, 
14, 58, 43, -36, -14, 51, -180, 380, 278, 751, 390, 746, 
14, 48, 34, -31, -9, 41, -180, 370, 263, 736, 380, 741, 
14, 39, 24, -26, -4, 31, -180, 361, 253, 732, 375, 736, 
4, 19, 14, -12, -4, 17, -180, 361, 248, 727, 366, 717, 
4, 9, 4, -7, 0, 7, -180, 351, 244, 722, 366, 717, 
4, 0, -4, -2, 4, -2, -180, 346, 239, 717, 366, 702, 
4, 0, -4, -2, 4, -2, -180, 346, 239, 712, 356, 697, 
4, -4, -9, 0, 7, -7, -180, 336, 229, 712, 341, 697, 
0, -9, -9, 4, 4, -9, -185, 331, 219, 707, 346, 697, 
0, -9, -9, 4, 4, -9, -185, 326, 209, 697, 346, 692, 
0, -14, -14, 7, 7, -14, -185, 326, 195, 688, 346, 692, 
0, -14, -14, 7, 7, -14, -185, 322, 195, 683, 331, 683, 
-4, -19, -14, 12, 4, -17, -185, 317, 190, 683, 326, 683, 
-9, -19, -9, 14, 0, -14, -185, 312, 190, 683, 326, 678, 
0, -24, -24, 12, 12, -24, -185, 312, 190, 678, 326, 678, 
-9, -34, -24, 21, 7, -29, -185, 322, 185, 678, 322, 668, 
-9, -34, -24, 21, 7, -29, -185, 322, 185, 678, 322, 668, 
-4, -34, -29, 19, 12, -31, -185, 317, 180, 678, 322, 668, 
-4, -29, -24, 17, 9, -26, -185, 312, 180, 678, 322, 668, 
-4, -39, -34, 21, 14, -36, -185, 307, 170, 678, 312, 668, 
-4, -39, -34, 21, 14, -36, -180, 307, 170, 678, 312, 668, 
-19, -39, -19, 29, 0, -29, -180, 307, 165, 673, 331, 668, 
-29, -39, -9, 34, -9, -24, -180, 307, 165, 673, 331, 668, 
-29, -34, -4, 31, -12, -19, -180, 292, 165, 673, 336, 668, 
-29, -39, -9, 34, -9, -24, -180, 292, 165, 673, 326, 668, 
-24, -43, -19, 34, -2, -31, -180, 297, 161, 668, 312, 644, 
-9, -48, -39, 29, 14, -43, -180, 297, 161, 668, 312, 644, 
-19, -73, -53, 46, 17, -63, -185, 297, 161, 668, 312, 634, 
-24, -68, -43, 46, 9, -56, -185, 297, 161, 668, 312, 639, 
-24, -58, -34, 41, 4, -46, -185, 297, 161, 668, 312, 644, 
-24, -43, -19, 34, -2, -31, -185, 297, 161, 668, 312, 644, 
-24, -43, -19, 34, -2, -31, -175, 292, 161, 668, 312, 634, 
-24, -43, -19, 34, -2, -31, -175, 292, 161, 668, 312, 634, 
-24, -48, -24, 36, 0, -36, -175, 292, 161, 668, 312, 629, 
-24, -48, -24, 36, 0, -36, -175, 292, 161, 668, 317, 624, 
-34, -48, -14, 41, -9, -31, -175, 292, 170, 668, 307, 614, 
-29, -48, -19, 39, -4, -34, -180, 292, 170, 668, 307, 619, 
-24, -53, -29, 39, 2, -41, -180, 292, 170, 668, 307, 619, 
-19, -48, -29, 34, 4, -39, -180, 292, 170, 668, 307, 619, 
-24, -43, -19, 34, -2, -31, -180, 297, 165, 663, 307, 614, 
-24, -43, -19, 34, -2, -31, -180, 297, 165, 663, 307, 614, 
-24, -48, -24, 36, 0, -36, -175, 297, 165, 663, 307, 619, 
-24, -53, -29, 39, 2, -41, -175, 302, 165, 663, 307, 619, 
-14, -53, -39, 34, 12, -46, -175, 312, 165, 663, 307, 610, 
-19, -53, -34, 36, 7, -43, -170, 312, 170, 663, 307, 610, 
-19, -48, -29, 34, 4, -39, -170, 312, 170, 663, 307, 610, 
-19, -48, -29, 34, 4, -39, -170, 312, 170, 663, 307, 610, 
-14, -48, -34, 31, 9, -41, -170, 312, 180, 668, 307, 600, 
-14, -48, -34, 31, 9, -41, -170, 312, 180, 668, 307, 600, 
-14, -48, -34, 31, 9, -41, -170, 317, 180, 668, 307, 600, 
-19, -48, -29, 34, 4, -39, -170, 317, 180, 668, 307, 605, 
-19, -48, -29, 34, 4, -39, -161, 322, 180, 678, 307, 595, 
-19, -48, -29, 34, 4, -39, -161, 322, 180, 678, 307, 595, 
-19, -48, -29, 34, 4, -39, -161, 322, 180, 678, 307, 605, 
-19, -48, -29, 34, 4, -39, -156, 322, 190, 683, 312, 605, 
-14, -58, -43, 36, 14, -51, -161, 322, 180, 683, 312, 605, 
-14, -58, -43, 36, 14, -51, -161, 322, 180, 683, 312, 605, 
-9, -53, -43, 31, 17, -48, -165, 322, 180, 683, 312, 605, 
-9, -48, -39, 29, 14, -43, -165, 326, 180, 683, 312, 605, 
-19, -48, -29, 34, 4, -39, -156, 326, 185, 692, 317, 605, 
-19, -48, -29, 34, 4, -39, -156, 326, 185, 692, 317, 605, 
-19, -48, -29, 34, 4, -39, -161, 326, 190, 692, 317, 605, 
-19, -48, -29, 34, 4, -39, -161, 326, 195, 688, 317, 600, 
-19, -48, -29, 34, 4, -39, -161, 336, 185, 688, 317, 600, 
-19, -39, -19, 29, 0, -29, -161, 331, 185, 692, 322, 600, 
-19, -39, -19, 29, 0, -29, -161, 331, 185, 692, 322, 600, 
-19, -39, -19, 29, 0, -29, -165, 331, 185, 692, 322, 600, 
-9, -34, -24, 21, 7, -29, -165, 331, 185, 692, 317, 590, 
-9, -34, -24, 21, 7, -29, -165, 331, 180, 692, 322, 595, 
-9, -34, -24, 21, 7, -29, -165, 331, 180, 692, 322, 595, 
-9, -29, -19, 19, 4, -24, -165, 331, 180, 697, 322, 595, 
-9, -29, -19, 19, 4, -24, -175, 331, 190, 697, 317, 595, 
-9, -29, -19, 19, 4, -24, -175, 331, 190, 697, 326, 600, 
-9, -29, -19, 19, 4, -24, -170, 331, 190, 702, 326, 600, 
-9, -29, -19, 19, 4, -24, -170, 331, 190, 707, 326, 595, 
-14, -29, -14, 21, 0, -21, -165, 326, 185, 697, 326, 605, 
-4, -29, -24, 17, 9, -26, -165, 326, 185, 697, 322, 605, 
-4, -29, -24, 17, 9, -26, -165, 326, 185, 697, 322, 600, 
-9, -24, -14, 17, 2, -19, -170, 326, 180, 697, 322, 595, 
-9, -19, -9, 14, 0, -14, -180, 326, 185, 697, 312, 595, 
-9, -19, -9, 14, 0, -14, -180, 326, 185, 697, 312, 595, 
-9, -19, -9, 14, 0, -14, -180, 326, 185, 697, 312, 595, 
-9, -24, -14, 17, 2, -19, -185, 326, 180, 697, 312, 595, 
-9, -24, -14, 17, 2, -19, -185, 317, 180, 697, 317, 590, 
