I, II, III, aVR, aVL, aVF, V1, V2, V3, V4, V5, V6, 
19, 448, 429, -234, -204, 439, -68, -263, 78, -68, 78, 195, 
19, 448, 429, -234, -204, 439, -68, -263, 78, -68, 78, 195, 
19, 448, 429, -234, -204, 439, -68, -263, 78, -68, 78, 195, 
19, 448, 429, -234, -204, 439, -68, -263, 78, -68, 78, 195, 
19, 439, 419, -229, -200, 429, -58, -263, 78, -68, 78, 185, 
19, 439, 419, -229, -200, 429, -58, -263, 78, -68, 78, 185, 
19, 439, 419, -229, -200, 429, -58, -263, 78, -68, 78, 185, 
19, 439, 419, -229, -200, 429, -58, -263, 78, -68, 78, 185, 
19, 439, 419, -229, -200, 429, -68, -263, 78, -68, 78, 195, 
19, 439, 419, -229, -200, 429, -68, -263, 78, -68, 78, 195, 
19, 439, 419, -229, -200, 429, -68, -263, 78, -68, 78, 195, 
19, 439, 419, -229, -200, 429, -68, -263, 78, -68, 78, 195, 
19, 439, 419, -229, -200, 429, -68, -263, 68, -78, 78, 185, 
19, 439, 419, -229, -200, 429, -68, -263, 68, -78, 78, 185, 
19, 439, 419, -229, -200, 429, -68, -263, 68, -78, 78, 185, 
19, 439, 419, -229, -200, 429, -68, -263, 68, -78, 78, 185, 
19, 439, 419, -229, -200, 429, -68, -263, 68, -78, 78, 185, 
19, 439, 419, -229, -200, 429, -68, -263, 68, -78, 78, 185, 
19, 439, 419, -229, -200, 429, -68, -263, 68, -78, 78, 185, 
19, 439, 419, -229, -200, 429, -68, -263, 68, -78, 78, 185, 
9, 439, 429, -224, -209, 434, -68, -263, 68, -68, 68, 185, 
9, 439, 429, -224, -209, 434, -68, -263, 68, -68, 68, 185, 
9, 439, 429, -224, -209, 434, -68, -263, 68, -68, 68, 185, 
9, 439, 429, -224, -209, 434, -68, -263, 68, -68, 68, 185, 
19, 439, 419, -229, -200, 429, -68, -263, 68, -78, 68, 185, 
19, 439, 419, -229, -200, 429, -68, -263, 68, -78, 68, 185, 
19, 439, 419, -229, -200, 429, -68, -263, 68, -78, 68, 185, 
19, 439, 419, -229, -200, 429, -68, -263, 68, -78, 68, 185, 
19, 439, 419, -229, -200, 429, -68, -273, 68, -78, 68, 175, 
19, 439, 419, -229, -200, 429, -68, -273, 68, -78, 68, 175, 
19, 439, 419, -229, -200, 429, -68, -273, 68, -78, 68, 175, 
19, 439, 419, -229, -200, 429, -68, -273, 68, -78, 68, 175, 
19, 439, 419, -229, -200, 429, -58, -273, 58, -78, 58, 175, 
19, 439, 419, -229, -200, 429, -58, -273, 58, -78, 58, 175, 
19, 439, 419, -229, -200, 429, -58, -273, 58, -78, 58, 175, 
19, 439, 419, -229, -200, 429, -58, -273, 58, -78, 58, 175, 
9, 439, 429, -224, -209, 434, -68, -273, 68, -68, 68, 175, 
9, 439, 429, -224, -209, 434, -68, -273, 68, -68, 68, 175, 
9, 439, 429, -224, -209, 434, -68, -273, 68, -68, 68, 175, 
9, 439, 429, -224, -209, 434, -68, -273, 68, -68, 68, 175, 
19, 439, 419, -229, -200, 429, -68, -273, 68, -68, 68, 175, 
19, 439, 419, -229, -200, 429, -68, -273, 68, -68, 68, 175, 
19, 439, 419, -229, -200, 429, -68, -273, 68, -68, 68, 175, 
19, 439, 419, -229, -200, 429, -68, -273, 68, -68, 68, 175, 
19, 439, 419, -229, -200, 429, -68, -273, 68, -68, 58, 175, 
19, 439, 419, -229, -200, 429, -68, -273, 68, -68, 58, 175, 
19, 439, 419, -229, -200, 429, -68, -273, 68, -68, 58, 175, 
19, 439, 419, -229, -200, 429, -68, -273, 68, -68, 58, 175, 
19, 439, 419, -229, -200, 429, -68, -273, 68, -68, 68, 185, 
19, 439, 419, -229, -200, 429, -68, -273, 68, -68, 68, 185, 
19, 439, 419, -229, -200, 429, -68, -273, 68, -68, 68, 185, 
19, 439, 419, -229, -200, 429, -68, -273, 68, -68, 68, 185, 
19, 429, 409, -224, -195, 419, -68, -273, 68, -78, 68, 175, 
19, 429, 409, -224, -195, 419, -68, -273, 68, -78, 68, 175, 
19, 429, 409, -224, -195, 419, -68, -273, 68, -78, 68, 175, 
19, 429, 409, -224, -195, 419, -68, -273, 68, -78, 68, 175, 
29, 439, 409, -234, -190, 424, -68, -273, 68, -78, 68, 175, 
29, 439, 409, -234, -190, 424, -68, -273, 68, -78, 68, 175, 
29, 439, 409, -234, -190, 424, -68, -273, 68, -78, 68, 175, 
29, 439, 409, -234, -190, 424, -68, -273, 68, -78, 68, 175, 
19, 429, 409, -224, -195, 419, -58, -273, 68, -68, 78, 185, 
19, 429, 409, -224, -195, 419, -58, -273, 68, -68, 78, 185, 
19, 429, 409, -224, -195, 419, -58, -273, 68, -68, 78, 185, 
19, 429, 409, -224, -195, 419, -58, -273, 68, -68, 78, 185, 
19, 429, 409, -224, -195, 419, -58, -263, 68, -68, 78, 185, 
19, 429, 409, -224, -195, 419, -58, -263, 68, -68, 78, 185, 
19, 429, 409, -224, -195, 419, -58, -263, 68, -68, 78, 185, 
19, 429, 409, -224, -195, 419, -58, -263, 68, -68, 78, 185, 
19, 439, 419, -229, -200, 429, -68, -263, 68, -68, 78, 185, 
19, 439, 419, -229, -200, 429, -68, -263, 68, -68, 78, 185, 
19, 439, 419, -229, -200, 429, -68, -263, 68, -68, 78, 185, 
19, 439, 419, -229, -200, 429, -68, -263, 68, -68, 78, 185, 
19, 439, 419, -229, -200, 429, -68, -273, 68, -68, 78, 185, 
19, 439, 419, -229, -200, 429, -68, -273, 68, -68, 78, 185, 
19, 439, 419, -229, -200, 429, -68, -273, 68, -68, 78, 185, 
19, 439, 419, -229, -200, 429, -68, -273, 68, -68, 78, 185, 
29, 439, 409, -234, -190, 424, -68, -263, 68, -68, 78, 185, 
29, 439, 409, -234, -190, 424, -68, -263, 68, -68, 78, 185, 
29, 439, 409, -234, -190, 424, -68, -263, 68, -68, 78, 185, 
29, 439, 409, -234, -190, 424, -68, -263, 68, -68, 78, 185, 
29, 429, 400, -229, -185, 414, -58, -263, 78, -58, 78, 195, 
29, 429, 400, -229, -185, 414, -58, -263, 78, -58, 78, 195, 
29, 429, 400, -229, -185, 414, -58, -263, 78, -58, 78, 195, 
29, 429, 400, -229, -185, 414, -58, -263, 78, -58, 78, 195, 
19, 439, 419, -229, -200, 429, -58, -263, 68, -58, 78, 195, 
19, 439, 419, -229, -200, 429, -58, -263, 68, -58, 78, 195, 
19, 439, 419, -229, -200, 429, -58, -263, 68, -58, 78, 195, 
19, 439, 419, -229, -200, 429, -58, -263, 68, -58, 78, 195, 
19, 439, 419, -229, -200, 429, -58, -263, 68, -58, 78, 195, 
19, 439, 419, -229, -200, 429, -58, -263, 68, -58, 78, 195, 
19, 439, 419, -229, -200, 429, -58, -263, 68, -58, 78, 195, 
19, 439, 419, -229, -200, 429, -58, -263, 68, -58, 78, 195, 
19, 429, 409, -224, -195, 419, -58, -263, 78, -48, 78, 195, 
19, 429, 409, -224, -195, 419, -58, -263, 78, -48, 78, 195, 
19, 429, 409, -224, -195, 419, -58, -263, 78, -48, 78, 195, 
19, 429, 409, -224, -195, 419, -58, -263, 78, -48, 78, 195, 
19, 429, 409, -224, -195, 419, -58, -263, 78, -48, 87, 195, 
19, 429, 409, -224, -195, 419, -58, -263, 78, -48, 87, 195, 
19, 429, 409, -224, -195, 419, -58, -263, 78, -48, 87, 195, 
19, 429, 409, -224, -195, 419, -58, -263, 78, -48, 87, 195, 
19, 439, 419, -229, -200, 429, -58, -253, 78, -48, 78, 195, 
19, 439, 419, -229, -200, 429, -58, -253, 78, -48, 78, 195, 
19, 439, 419, -229, -200, 429, -58, -253, 78, -48, 78, 195, 
19, 439, 419, -229, -200, 429, -58, -253, 78, -48, 78, 195, 
19, 429, 409, -224, -195, 419, -58, -263, 78, -48, 78, 195, 
19, 434, 414, -226, -197, 424, -58, -263, 78, -48, 78, 195, 
19, 434, 414, -226, -197, 424, -58, -263, 78, -48, 78, 195, 
19, 434, 414, -226, -197, 424, -58, -263, 78, -48, 78, 195, 
29, 434, 405, -231, -187, 419, -58, -263, 78, -48, 78, 195, 
29, 434, 405, -231, -187, 419, -58, -263, 78, -48, 78, 195, 
29, 434, 405, -231, -187, 419, -58, -263, 78, -48, 78, 195, 
29, 434, 405, -231, -187, 419, -58, -263, 78, -48, 78, 195, 
29, 434, 405, -231, -187, 419, -58, -253, 78, -48, 87, 204, 
29, 434, 405, -231, -187, 419, -58, -253, 78, -48, 87, 204, 
29, 434, 405, -231, -187, 419, -58, -253, 78, -43, 87, 204, 
29, 434, 405, -231, -187, 419, -58, -253, 78, -43, 87, 204, 
19, 444, 424, -231, -202, 434, -58, -253, 78, -43, 87, 195, 
19, 444, 424, -231, -202, 434, -58, -253, 78, -43, 87, 195, 
19, 444, 424, -231, -202, 434, -58, -253, 78, -43, 87, 195, 
24, 444, 419, -234, -197, 431, -58, -253, 78, -43, 87, 195, 
24, 444, 419, -234, -197, 431, -58, -253, 82, -34, 97, 204, 
24, 448, 424, -236, -200, 436, -58, -253, 92, -34, 97, 214, 
24, 463, 439, -244, -207, 451, -58, -248, 102, -29, 102, 214, 
24, 468, 444, -246, -209, 456, -53, -239, 112, -24, 112, 219, 
34, 483, 448, -258, -207, 466, -63, -239, 112, -29, 107, 219, 
39, 483, 444, -261, -202, 463, -58, -229, 117, -24, 112, 224, 
43, 488, 444, -265, -200, 466, -53, -229, 122, -14, 112, 224, 
48, 497, 448, -273, -200, 473, -48, -219, 126, -9, 112, 229, 
39, 512, 473, -275, -217, 492, -48, -229, 131, -4, 112, 219, 
39, 522, 483, -280, -222, 502, -48, -229, 131, 0, 117, 229, 
43, 527, 483, -285, -219, 505, -48, -224, 141, 0, 122, 234, 
43, 531, 488, -287, -222, 509, -48, -224, 141, 4, 126, 234, 
43, 546, 502, -295, -229, 524, -53, -224, 146, 9, 126, 234, 
48, 546, 497, -297, -224, 522, -53, -219, 146, 9, 126, 234, 
53, 551, 497, -302, -222, 524, -63, -219, 146, 9, 126, 239, 
53, 556, 502, -305, -224, 529, -68, -224, 146, 9, 126, 239, 
48, 566, 517, -307, -234, 541, -87, -239, 141, 0, 126, 239, 
48, 566, 517, -307, -234, 541, -92, -244, 141, 0, 126, 239, 
53, 566, 512, -309, -229, 539, -97, -244, 141, 0, 126, 239, 
53, 566, 512, -309, -229, 539, -107, -253, 141, 0, 126, 239, 
53, 575, 522, -314, -234, 549, -112, -263, 126, -14, 117, 224, 
53, 570, 517, -312, -231, 544, -117, -273, 122, -14, 112, 224, 
53, 570, 517, -312, -231, 544, -117, -278, 117, -14, 112, 224, 
58, 570, 512, -314, -226, 541, -117, -278, 107, -19, 112, 224, 
63, 575, 512, -319, -224, 544, -126, -283, 92, -34, 107, 214, 
63, 570, 507, -317, -222, 539, -131, -287, 87, -39, 107, 214, 
68, 575, 507, -322, -219, 541, -136, -287, 82, -43, 107, 214, 
68, 580, 512, -324, -222, 546, -136, -287, 82, -43, 107, 214, 
68, 580, 512, -324, -222, 546, -141, -287, 78, -43, 97, 214, 
73, 580, 507, -326, -217, 544, -141, -287, 73, -43, 92, 214, 
73, 580, 507, -326, -217, 544, -151, -297, 63, -53, 87, 214, 
73, 585, 512, -329, -219, 549, -151, -297, 63, -53, 87, 214, 
78, 585, 507, -331, -214, 546, -151, -297, 73, -43, 102, 224, 
82, 590, 507, -336, -212, 549, -151, -297, 73, -39, 102, 224, 
87, 595, 507, -341, -209, 551, -156, -297, 63, -39, 107, 234, 
92, 600, 507, -346, -207, 553, -156, -307, 63, -43, 107, 239, 
97, 614, 517, -356, -209, 566, -165, -307, 63, -43, 107, 239, 
102, 614, 512, -358, -204, 563, -165, -307, 63, -39, 107, 239, 
102, 619, 517, -361, -207, 568, -165, -302, 68, -39, 107, 239, 
102, 619, 517, -361, -207, 568, -165, -302, 68, -39, 107, 239, 
82, 614, 531, -348, -224, 573, -156, -287, 73, -39, 112, 239, 
82, 610, 527, -346, -222, 568, -151, -287, 73, -39, 112, 239, 
78, 610, 531, -344, -226, 570, -151, -283, 73, -39, 107, 234, 
73, 610, 536, -341, -231, 573, -136, -283, 73, -34, 107, 234, 
73, 585, 512, -329, -219, 549, -136, -283, 82, -34, 107, 234, 
73, 585, 512, -329, -219, 549, -126, -283, 82, -39, 107, 234, 
68, 575, 507, -322, -219, 541, -126, -278, 82, -39, 102, 229, 
63, 570, 507, -317, -222, 539, -122, -278, 82, -39, 102, 229, 
58, 575, 517, -317, -229, 546, -117, -278, 78, -43, 92, 224, 
53, 566, 512, -309, -229, 539, -112, -273, 78, -43, 92, 219, 
53, 556, 502, -305, -224, 529, -107, -273, 73, -48, 82, 214, 
43, 546, 502, -295, -229, 524, -102, -273, 73, -58, 78, 200, 
39, 527, 488, -283, -224, 507, -97, -273, 53, -63, 73, 190, 
39, 517, 478, -278, -219, 497, -92, -273, 48, -73, 58, 175, 
34, 507, 473, -270, -219, 490, -87, -278, 43, -78, 48, 165, 
19, 497, 478, -258, -229, 488, -82, -278, 39, -82, 48, 165, 
14, 488, 473, -251, -229, 480, -78, -278, 43, -82, 48, 165, 
9, 483, 473, -246, -231, 478, -78, -278, 39, -87, 48, 165, 
9, 483, 473, -246, -231, 478, -82, -278, 39, -92, 43, 161, 
9, 483, 473, -246, -231, 478, -87, -278, 39, -97, 39, 161, 
0, 483, 483, -241, -241, 483, -78, -283, 39, -97, 39, 161, 
0, 483, 483, -241, -241, 483, -82, -283, 39, -97, 39, 161, 
0, 483, 483, -241, -241, 483, -82, -283, 39, -97, 39, 161, 
0, 488, 488, -244, -244, 488, -82, -278, 39, -92, 39, 161, 
9, 488, 478, -248, -234, 483, -82, -278, 39, -92, 29, 156, 
14, 488, 473, -251, -229, 480, -82, -278, 39, -92, 34, 156, 
14, 488, 473, -251, -229, 480, -82, -278, 39, -87, 34, 156, 
14, 488, 473, -251, -229, 480, -78, -278, 43, -87, 39, 161, 
14, 488, 473, -251, -229, 480, -78, -273, 43, -87, 39, 161, 
14, 483, 468, -248, -226, 475, -73, -263, 43, -97, 39, 156, 
9, 468, 458, -239, -224, 463, -58, -239, 43, -97, 14, 141, 
0, 453, 453, -226, -226, 453, -34, -219, 58, -107, -4, 117, 
-4, 453, 458, -224, -231, 456, -4, -185, 63, -112, -19, 102, 
-14, 458, 473, -222, -244, 466, 19, -146, 87, -122, -34, 92, 
-19, 478, 497, -229, -258, 488, 53, -122, 117, -117, -34, 92, 
-19, 492, 512, -236, -265, 502, 87, -73, 161, -92, -14, 102, 
0, 531, 531, -265, -265, 531, 107, -14, 234, -9, 48, 151, 
24, 600, 575, -312, -275, 588, 126, 78, 341, 102, 151, 219, 
63, 692, 629, -378, -283, 661, 146, 170, 458, 248, 278, 312, 
117, 814, 697, -466, -290, 756, 161, 283, 610, 419, 429, 424, 
190, 971, 780, -580, -295, 875, 161, 409, 800, 639, 624, 570, 
283, 1132, 849, -707, -283, 990, 151, 546, 1000, 878, 854, 741, 
385, 1283, 897, -834, -256, 1090, 146, 663, 1180, 1102, 1083, 922, 
478, 1405, 927, -941, -224, 1166, 136, 751, 1312, 1293, 1268, 1083, 
561, 1488, 927, -1024, -183, 1207, 122, 824, 1390, 1429, 1415, 1210, 
629, 1556, 927, -1093, -148, 1241, 97, 854, 1420, 1522, 1527, 1302, 
653, 1659, 1005, -1156, -175, 1332, 14, 751, 1439, 1605, 1629, 1400, 
629, 1771, 1141, -1200, -256, 1456, -102, 458, 1420, 1654, 1722, 1503, 
585, 1790, 1205, -1188, -309, 1498, -195, 126, 1337, 1620, 1722, 1527, 
546, 1693, 1146, -1119, -300, 1420, -253, -112, 1176, 1459, 1595, 1459, 
522, 1542, 1019, -1032, -248, 1281, -351, -331, 961, 1224, 1390, 1322, 
492, 1376, 883, -934, -195, 1129, -512, -610, 668, 946, 1180, 1195, 
448, 1215, 766, -832, -158, 990, -624, -829, 297, 614, 941, 1063, 
385, 1039, 653, -712, -134, 846, -663, -932, -24, 292, 678, 907, 
302, 883, 580, -592, -139, 732, -663, -1015, -273, 9, 444, 741, 
214, 736, 522, -475, -153, 629, -678, -1117, -531, -307, 190, 570, 
161, 629, 468, -395, -153, 549, -697, -1176, -727, -556, -9, 424, 
131, 605, 473, -368, -170, 539, -688, -1122, -697, -570, -68, 346, 
107, 629, 522, -368, -207, 575, -629, -1015, -546, -453, -39, 326, 
92, 663, 570, -378, -239, 617, -561, -893, -419, -346, -4, 312, 
87, 702, 614, -395, -263, 658, -517, -785, -292, -263, 24, 312, 
82, 722, 639, -402, -278, 680, -463, -692, -190, -185, 48, 312, 
92, 697, 605, -395, -256, 651, -409, -614, -151, -161, 68, 307, 
82, 663, 580, -373, -248, 622, -361, -536, -136, -146, 78, 302, 
78, 629, 551, -353, -236, 590, -297, -444, -82, -117, 97, 292, 
63, 610, 546, -336, -241, 578, -234, -361, -19, -87, 102, 273, 
48, 590, 541, -319, -246, 566, -175, -302, 29, -68, 102, 248, 
39, 566, 527, -302, -244, 546, -122, -273, 48, -58, 87, 234, 
34, 551, 517, -292, -241, 534, -97, -258, 58, -48, 82, 219, 
24, 551, 527, -287, -251, 539, -97, -258, 68, -48, 73, 195, 
19, 551, 531, -285, -256, 541, -97, -258, 78, -48, 73, 200, 
19, 551, 531, -285, -256, 541, -97, -263, 82, -48, 73, 200, 
19, 551, 531, -285, -256, 541, -97, -268, 87, -43, 78, 200, 
19, 551, 531, -285, -256, 541, -97, -268, 87, -43, 82, 200, 
24, 551, 527, -287, -251, 539, -102, -263, 78, -43, 73, 200, 
19, 546, 527, -283, -253, 536, -102, -258, 78, -53, 63, 200, 
19, 541, 522, -280, -251, 531, -97, -248, 78, -53, 53, 195, 
19, 536, 517, -278, -248, 527, -87, -244, 73, -53, 53, 185, 
9, 531, 522, -270, -256, 527, -82, -239, 73, -58, 53, 180, 
9, 527, 517, -268, -253, 522, -78, -234, 73, -58, 53, 175, 
9, 527, 517, -268, -253, 522, -78, -224, 78, -58, 53, 170, 
4, 527, 522, -265, -258, 524, -78, -224, 78, -53, 53, 170, 
4, 527, 522, -265, -258, 524, -73, -219, 87, -43, 53, 180, 
4, 527, 522, -265, -258, 524, -68, -219, 92, -43, 58, 180, 
4, 527, 522, -265, -258, 524, -68, -219, 92, -43, 58, 180, 
9, 531, 522, -270, -256, 527, -68, -214, 92, -39, 58, 180, 
19, 531, 512, -275, -246, 522, -68, -219, 87, -39, 68, 180, 
14, 531, 517, -273, -251, 524, -58, -214, 87, -39, 68, 180, 
14, 527, 512, -270, -248, 519, -58, -214, 87, -39, 68, 180, 
9, 527, 517, -268, -253, 522, -58, -214, 87, -34, 68, 180, 
9, 527, 517, -268, -253, 522, -58, -204, 92, -34, 68, 180, 
9, 527, 517, -268, -253, 522, -58, -204, 97, -34, 68, 185, 
14, 531, 517, -273, -251, 524, -58, -204, 97, -29, 68, 185, 
14, 531, 517, -273, -251, 524, -58, -204, 97, -29, 68, 185, 
4, 531, 527, -268, -261, 529, -58, -200, 97, -29, 68, 185, 
4, 531, 527, -268, -261, 529, -58, -200, 97, -29, 68, 185, 
4, 531, 527, -268, -261, 529, -53, -195, 97, -29, 73, 185, 
9, 531, 522, -270, -256, 527, -53, -190, 97, -24, 73, 185, 
9, 531, 522, -270, -256, 527, -43, -190, 97, -24, 73, 185, 
9, 531, 522, -270, -256, 527, -43, -190, 97, -24, 78, 185, 
9, 531, 522, -270, -256, 527, -43, -190, 102, -24, 78, 185, 
9, 536, 527, -273, -258, 531, -43, -190, 102, -24, 78, 185, 
4, 531, 527, -268, -261, 529, -43, -185, 102, -14, 82, 190, 
4, 531, 527, -268, -261, 529, -43, -185, 102, -14, 82, 190, 
9, 531, 522, -270, -256, 527, -43, -185, 102, -9, 82, 190, 
9, 536, 527, -273, -258, 531, -43, -185, 102, -4, 82, 190, 
19, 546, 527, -283, -253, 536, -43, -185, 107, -4, 92, 200, 
19, 541, 522, -280, -251, 531, -43, -185, 107, -4, 92, 200, 
19, 541, 522, -280, -251, 531, -43, -185, 107, -4, 97, 204, 
19, 551, 531, -285, -256, 541, -43, -185, 112, -4, 97, 204, 
29, 551, 522, -290, -246, 536, -43, -185, 122, 4, 97, 195, 
29, 551, 522, -290, -246, 536, -43, -185, 122, 9, 97, 200, 
29, 551, 522, -290, -246, 536, -43, -180, 122, 9, 102, 200, 
29, 551, 522, -290, -246, 536, -43, -180, 122, 4, 102, 200, 
19, 561, 541, -290, -261, 551, -43, -180, 122, 4, 102, 200, 
19, 561, 541, -290, -261, 551, -43, -180, 126, 9, 102, 204, 
19, 566, 546, -292, -263, 556, -43, -180, 126, 9, 107, 204, 
19, 566, 546, -292, -263, 556, -43, -180, 126, 14, 107, 209, 
19, 566, 546, -292, -263, 556, -43, -180, 131, 14, 107, 209, 
19, 566, 546, -292, -263, 556, -43, -175, 136, 19, 112, 209, 
19, 566, 546, -292, -263, 556, -43, -170, 136, 19, 112, 209, 
24, 570, 546, -297, -261, 558, -43, -170, 141, 19, 112, 214, 
34, 575, 541, -305, -253, 558, -53, -170, 151, 19, 117, 214, 
34, 575, 541, -305, -253, 558, -53, -170, 156, 19, 117, 214, 
34, 575, 541, -305, -253, 558, -53, -165, 156, 19, 122, 214, 
39, 575, 536, -307, -248, 556, -53, -165, 156, 19, 122, 219, 
39, 566, 527, -302, -244, 546, -53, -156, 156, 24, 122, 219, 
39, 570, 531, -305, -246, 551, -53, -156, 161, 24, 131, 224, 
39, 570, 531, -305, -246, 551, -53, -151, 165, 29, 136, 234, 
39, 575, 536, -307, -248, 556, -53, -151, 165, 29, 136, 234, 
29, 575, 546, -302, -258, 561, -43, -151, 170, 34, 136, 234, 
29, 575, 546, -302, -258, 561, -43, -151, 170, 39, 141, 234, 
29, 575, 546, -302, -258, 561, -43, -146, 170, 43, 141, 234, 
34, 580, 546, -307, -256, 563, -43, -146, 175, 48, 141, 234, 
34, 585, 551, -309, -258, 568, -53, -141, 180, 53, 136, 248, 
39, 585, 546, -312, -253, 566, -53, -141, 185, 53, 136, 253, 
39, 585, 546, -312, -253, 566, -53, -136, 190, 53, 146, 253, 
43, 585, 541, -314, -248, 563, -53, -136, 204, 53, 146, 253, 
43, 600, 556, -322, -256, 578, -53, -136, 200, 53, 151, 248, 
43, 605, 561, -324, -258, 583, -53, -136, 200, 63, 156, 258, 
43, 610, 566, -326, -261, 588, -53, -131, 204, 68, 156, 263, 
43, 614, 570, -329, -263, 592, -53, -126, 204, 73, 161, 263, 
48, 619, 570, -334, -261, 595, -68, -122, 204, 78, 175, 278, 
53, 624, 570, -339, -258, 597, -68, -122, 214, 87, 175, 283, 
53, 624, 570, -339, -258, 597, -68, -122, 219, 92, 180, 283, 
53, 629, 575, -341, -261, 602, -68, -122, 219, 102, 185, 283, 
53, 634, 580, -344, -263, 607, -68, -112, 229, 107, 190, 278, 
63, 639, 575, -351, -256, 607, -73, -107, 229, 107, 195, 278, 
63, 644, 580, -353, -258, 612, -78, -102, 234, 112, 200, 287, 
63, 644, 580, -353, -258, 612, -78, -102, 239, 117, 200, 292, 
73, 649, 575, -361, -251, 612, -82, -97, 244, 122, 214, 307, 
73, 653, 580, -363, -253, 617, -82, -97, 248, 126, 219, 307, 
82, 658, 575, -370, -246, 617, -82, -92, 248, 131, 229, 312, 
82, 663, 580, -373, -248, 622, -82, -92, 253, 136, 234, 317, 
73, 668, 595, -370, -261, 631, -78, -92, 268, 141, 234, 317, 
78, 673, 595, -375, -258, 634, -82, -82, 273, 146, 244, 322, 
82, 678, 595, -380, -256, 636, -82, -78, 273, 156, 244, 326, 
82, 683, 600, -383, -258, 641, -82, -73, 273, 161, 253, 331, 
82, 688, 605, -385, -261, 646, -97, -73, 278, 170, 263, 346, 
87, 692, 605, -390, -258, 649, -97, -68, 283, 175, 268, 351, 
87, 702, 614, -395, -263, 658, -107, -63, 283, 180, 268, 361, 
97, 702, 605, -400, -253, 653, -107, -63, 292, 185, 278, 370, 
102, 707, 605, -405, -251, 656, -102, -63, 287, 204, 283, 370, 
102, 707, 605, -405, -251, 656, -102, -58, 292, 209, 292, 380, 
102, 712, 610, -407, -253, 661, -102, -53, 292, 219, 302, 385, 
112, 717, 605, -414, -246, 661, -102, -53, 292, 219, 307, 385, 
112, 727, 614, -419, -251, 671, -117, -43, 297, 229, 317, 385, 
112, 732, 619, -422, -253, 675, -122, -39, 302, 229, 326, 390, 
122, 736, 614, -429, -246, 675, -122, -39, 307, 234, 336, 400, 
122, 741, 619, -431, -248, 680, -122, -39, 307, 239, 336, 400, 
136, 751, 614, -444, -239, 683, -122, -48, 317, 248, 341, 405, 
141, 756, 614, -448, -236, 685, -126, -48, 322, 253, 341, 405, 
141, 766, 624, -453, -241, 695, -126, -43, 322, 258, 346, 409, 
141, 766, 624, -453, -241, 695, -131, -43, 322, 263, 351, 414, 
131, 761, 629, -446, -248, 695, -131, -43, 326, 268, 356, 429, 
136, 766, 629, -451, -246, 697, -131, -43, 326, 273, 361, 429, 
136, 771, 634, -453, -248, 702, -131, -39, 326, 278, 361, 434, 
136, 771, 634, -453, -248, 702, -131, -39, 326, 278, 361, 434, 
136, 771, 634, -453, -248, 702, -136, -39, 326, 283, 366, 434, 
136, 775, 639, -456, -251, 707, -136, -39, 326, 283, 366, 439, 
136, 780, 644, -458, -253, 712, -136, -39, 326, 278, 366, 439, 
136, 780, 644, -458, -253, 712, -141, -39, 326, 278, 366, 439, 
146, 780, 634, -463, -244, 707, -151, -48, 326, 283, 356, 439, 
146, 780, 634, -463, -244, 707, -156, -48, 326, 283, 361, 444, 
146, 780, 634, -463, -244, 707, -156, -53, 326, 283, 361, 444, 
146, 780, 634, -463, -244, 707, -161, -53, 326, 287, 361, 444, 
146, 790, 644, -468, -248, 717, -161, -43, 326, 292, 370, 444, 
146, 790, 644, -468, -248, 717, -161, -48, 326, 292, 370, 444, 
146, 790, 644, -468, -248, 717, -161, -58, 326, 287, 370, 444, 
146, 785, 639, -466, -246, 712, -161, -58, 326, 287, 370, 444, 
146, 785, 639, -466, -246, 712, -165, -68, 326, 287, 370, 453, 
146, 785, 639, -466, -246, 712, -165, -68, 326, 287, 370, 453, 
146, 780, 634, -463, -244, 707, -165, -73, 326, 287, 370, 453, 
146, 780, 634, -463, -244, 707, -165, -73, 326, 287, 370, 453, 
146, 771, 624, -458, -239, 697, -161, -63, 326, 273, 370, 453, 
146, 775, 629, -461, -241, 702, -161, -68, 326, 273, 370, 453, 
141, 775, 634, -458, -246, 705, -161, -73, 326, 273, 366, 448, 
141, 775, 634, -458, -246, 705, -161, -73, 326, 273, 366, 448, 
141, 766, 624, -453, -241, 695, -161, -82, 322, 273, 356, 439, 
141, 766, 624, -453, -241, 695, -161, -82, 322, 273, 356, 439, 
141, 761, 619, -451, -239, 690, -161, -82, 317, 268, 356, 439, 
141, 756, 614, -448, -236, 685, -156, -82, 317, 268, 356, 439, 
136, 756, 619, -446, -241, 688, -156, -87, 326, 273, 351, 439, 
131, 751, 619, -441, -244, 685, -156, -92, 322, 268, 341, 429, 
131, 751, 619, -441, -244, 685, -156, -92, 322, 268, 346, 429, 
126, 741, 614, -434, -244, 678, -156, -92, 322, 258, 341, 424, 
126, 732, 605, -429, -239, 668, -146, -82, 326, 258, 341, 414, 
122, 727, 605, -424, -241, 666, -141, -82, 326, 248, 336, 409, 
122, 722, 600, -422, -239, 661, -136, -82, 322, 244, 331, 405, 
117, 717, 600, -417, -241, 658, -131, -87, 317, 239, 326, 400, 
112, 712, 600, -412, -244, 656, -126, -97, 302, 229, 312, 395, 
107, 702, 595, -405, -244, 649, -131, -107, 302, 224, 307, 390, 
107, 697, 590, -402, -241, 644, -136, -107, 302, 214, 302, 380, 
107, 692, 585, -400, -239, 639, -141, -112, 292, 209, 297, 375, 
107, 678, 570, -392, -231, 624, -131, -126, 292, 204, 292, 370, 
97, 673, 575, -385, -239, 624, -131, -126, 287, 200, 283, 366, 
92, 663, 570, -378, -239, 617, -131, -126, 283, 200, 278, 356, 
87, 663, 575, -375, -244, 619, -122, -126, 278, 200, 268, 351, 
87, 653, 566, -370, -239, 610, -117, -136, 268, 185, 268, 336, 
82, 644, 561, -363, -239, 602, -112, -136, 263, 180, 263, 336, 
78, 639, 561, -358, -241, 600, -107, -141, 263, 175, 258, 326, 
73, 634, 561, -353, -244, 597, -107, -141, 258, 170, 244, 326, 
68, 639, 570, -353, -251, 605, -107, -136, 253, 156, 234, 322, 
63, 629, 566, -346, -251, 597, -102, -141, 244, 151, 229, 312, 
58, 624, 566, -341, -253, 595, -102, -146, 244, 141, 224, 307, 
58, 619, 561, -339, -251, 590, -97, -146, 239, 136, 219, 307, 
58, 610, 551, -334, -246, 580, -97, -151, 239, 131, 214, 307, 
58, 605, 546, -331, -244, 575, -97, -151, 234, 131, 214, 297, 
58, 595, 536, -326, -239, 566, -97, -151, 229, 126, 204, 292, 
53, 595, 541, -324, -244, 568, -97, -161, 224, 117, 200, 292, 
53, 585, 531, -319, -239, 558, -97, -156, 229, 107, 195, 278, 
53, 580, 527, -317, -236, 553, -92, -156, 224, 102, 185, 278, 
48, 580, 531, -314, -241, 556, -92, -161, 219, 97, 180, 273, 
43, 580, 536, -312, -246, 558, -92, -161, 214, 92, 175, 268, 
43, 575, 531, -309, -244, 553, -92, -170, 204, 97, 180, 273, 
39, 570, 531, -305, -246, 551, -92, -170, 204, 92, 175, 273, 
34, 566, 531, -300, -248, 549, -92, -175, 204, 92, 175, 268, 
34, 566, 531, -300, -248, 549, -92, -175, 204, 87, 170, 268, 
34, 556, 522, -295, -244, 539, -82, -175, 204, 87, 165, 263, 
34, 551, 517, -292, -241, 534, -82, -175, 204, 82, 161, 258, 
34, 546, 512, -290, -239, 529, -78, -175, 200, 82, 161, 258, 
34, 546, 512, -290, -239, 529, -78, -175, 200, 82, 161, 258, 
34, 546, 512, -290, -239, 529, -78, -165, 200, 87, 151, 258, 
34, 546, 512, -290, -239, 529, -78, -165, 200, 87, 151, 258, 
34, 546, 512, -290, -239, 529, -78, -170, 200, 87, 151, 258, 
39, 541, 502, -290, -231, 522, -78, -170, 200, 87, 151, 258, 
29, 541, 512, -285, -241, 527, -78, -165, 204, 92, 161, 268, 
29, 541, 512, -285, -241, 527, -78, -165, 204, 92, 161, 268, 
29, 541, 512, -285, -241, 527, -73, -165, 209, 92, 161, 263, 
29, 536, 507, -283, -239, 522, -73, -165, 209, 92, 161, 258, 
39, 536, 497, -287, -229, 517, -73, -165, 200, 87, 161, 248, 
39, 536, 497, -287, -229, 517, -73, -165, 200, 87, 161, 253, 
39, 536, 497, -287, -229, 517, -73, -165, 200, 87, 161, 253, 
39, 536, 497, -287, -229, 517, -73, -165, 200, 87, 161, 253, 
29, 541, 512, -285, -241, 527, -73, -161, 209, 87, 161, 253, 
29, 541, 512, -285, -241, 527, -73, -161, 209, 87, 161, 258, 
29, 546, 517, -287, -244, 531, -73, -161, 209, 92, 161, 263, 
29, 546, 517, -287, -244, 531, -73, -161, 209, 92, 165, 263, 
29, 546, 517, -287, -244, 531, -73, -161, 214, 92, 165, 263, 
29, 546, 517, -287, -244, 531, -73, -161, 214, 92, 165, 263, 
29, 551, 522, -290, -246, 536, -78, -161, 219, 92, 165, 263, 
29, 551, 522, -290, -246, 536, -78, -161, 219, 92, 165, 263, 
34, 551, 517, -292, -241, 534, -78, -161, 219, 102, 165, 263, 
34, 551, 517, -292, -241, 534, -78, -161, 219, 102, 165, 263, 
39, 551, 512, -295, -236, 531, -82, -161, 219, 102, 165, 263, 
39, 551, 512, -295, -236, 531, -82, -161, 219, 102, 165, 263, 
39, 551, 512, -295, -236, 531, -82, -161, 219, 102, 165, 273, 
39, 556, 517, -297, -239, 536, -82, -161, 219, 107, 165, 273, 
39, 556, 517, -297, -239, 536, -82, -161, 219, 107, 170, 273, 
39, 556, 517, -297, -239, 536, -82, -161, 219, 107, 170, 273, 
39, 556, 517, -297, -239, 536, -82, -161, 209, 107, 175, 273, 
39, 556, 517, -297, -239, 536, -82, -161, 209, 107, 175, 278, 
39, 561, 522, -300, -241, 541, -82, -161, 209, 107, 175, 278, 
39, 561, 522, -300, -241, 541, -82, -161, 209, 107, 175, 278, 
39, 556, 517, -297, -239, 536, -73, -151, 209, 117, 185, 287, 
39, 556, 517, -297, -239, 536, -73, -151, 209, 117, 185, 287, 
39, 561, 522, -300, -241, 541, -73, -151, 209, 122, 195, 287, 
39, 561, 522, -300, -241, 541, -73, -151, 209, 122, 195, 287, 
43, 566, 522, -305, -239, 544, -73, -151, 219, 122, 190, 287, 
43, 566, 522, -305, -239, 544, -73, -151, 219, 122, 190, 287, 
43, 566, 522, -305, -239, 544, -73, -151, 219, 122, 190, 287, 
39, 566, 527, -302, -244, 546, -73, -151, 219, 122, 190, 287, 
29, 566, 536, -297, -253, 551, -82, -151, 219, 131, 190, 292, 
34, 566, 531, -300, -248, 549, -82, -151, 219, 131, 185, 292, 
34, 566, 531, -300, -248, 549, -82, -151, 219, 131, 185, 292, 
34, 566, 531, -300, -248, 549, -82, -151, 219, 131, 190, 292, 
34, 566, 531, -300, -248, 549, -82, -161, 209, 136, 200, 292, 
34, 566, 531, -300, -248, 549, -82, -161, 209, 136, 200, 292, 
39, 566, 527, -302, -244, 546, -82, -161, 209, 136, 200, 292, 
43, 566, 522, -305, -239, 544, -82, -161, 209, 136, 200, 292, 
43, 566, 522, -305, -239, 544, -82, -151, 209, 136, 200, 292, 
43, 566, 522, -305, -239, 544, -82, -151, 204, 136, 200, 292, 
39, 566, 527, -302, -244, 546, -82, -151, 204, 131, 200, 292, 
39, 566, 527, -302, -244, 546, -82, -151, 204, 131, 200, 287, 
39, 575, 536, -307, -248, 556, -82, -151, 204, 131, 190, 287, 
39, 575, 536, -307, -248, 556, -82, -151, 204, 131, 190, 287, 
39, 570, 531, -305, -246, 551, -82, -151, 204, 131, 190, 287, 
39, 570, 531, -305, -246, 551, -82, -151, 200, 131, 185, 287, 
39, 566, 527, -302, -244, 546, -82, -161, 204, 122, 185, 278, 
39, 566, 527, -302, -244, 546, -82, -161, 204, 122, 185, 278, 
39, 566, 527, -302, -244, 546, -82, -161, 204, 122, 185, 278, 
39, 566, 527, -302, -244, 546, -82, -161, 204, 122, 185, 278, 
39, 556, 517, -297, -239, 536, -82, -161, 204, 117, 185, 278, 
39, 551, 512, -295, -236, 531, -82, -161, 204, 117, 180, 278, 
39, 551, 512, -295, -236, 531, -82, -165, 200, 117, 180, 278, 
39, 551, 512, -295, -236, 531, -82, -165, 200, 117, 180, 278, 
39, 551, 512, -295, -236, 531, -82, -161, 200, 117, 180, 278, 
39, 546, 507, -292, -234, 527, -82, -161, 200, 117, 180, 273, 
39, 546, 507, -292, -234, 527, -82, -161, 195, 117, 180, 273, 
39, 546, 507, -292, -234, 527, -82, -161, 195, 117, 180, 273, 
39, 546, 507, -292, -234, 527, -82, -156, 195, 112, 185, 283, 
39, 546, 507, -292, -234, 527, -82, -156, 195, 107, 185, 283, 
39, 546, 507, -292, -234, 527, -82, -156, 195, 107, 185, 283, 
39, 541, 502, -290, -231, 522, -82, -156, 190, 107, 185, 278, 
39, 541, 502, -290, -231, 522, -73, -165, 180, 107, 180, 273, 
39, 541, 502, -290, -231, 522, -73, -165, 180, 107, 175, 273, 
39, 541, 502, -290, -231, 522, -73, -165, 175, 102, 175, 273, 
39, 541, 502, -290, -231, 522, -73, -165, 175, 97, 175, 273, 
29, 531, 502, -280, -236, 517, -82, -175, 175, 97, 175, 273, 
29, 531, 502, -280, -236, 517, -82, -175, 175, 97, 175, 268, 
29, 531, 502, -280, -236, 517, -82, -175, 175, 97, 175, 268, 
34, 527, 492, -280, -229, 509, -82, -175, 175, 97, 170, 268, 
24, 522, 497, -273, -236, 509, -68, -175, 170, 97, 170, 268, 
24, 522, 497, -273, -236, 509, -68, -175, 170, 97, 170, 268, 
24, 522, 497, -273, -236, 509, -68, -175, 170, 97, 170, 268, 
24, 522, 497, -273, -236, 509, -68, -175, 165, 97, 170, 268, 
24, 531, 507, -278, -241, 519, -68, -165, 165, 97, 165, 263, 
24, 527, 502, -275, -239, 514, -68, -165, 161, 92, 165, 263, 
24, 527, 502, -275, -239, 514, -73, -165, 161, 92, 165, 268, 
24, 527, 502, -275, -239, 514, -73, -170, 161, 97, 165, 268, 
24, 527, 502, -275, -239, 514, -73, -161, 161, 92, 156, 258, 
24, 522, 497, -273, -236, 509, -73, -161, 161, 92, 156, 258, 
19, 522, 502, -270, -241, 512, -78, -170, 161, 92, 156, 258, 
19, 517, 497, -268, -239, 507, -78, -170, 161, 92, 161, 253, 
29, 522, 492, -275, -231, 507, -78, -165, 151, 82, 161, 263, 
34, 522, 488, -278, -226, 505, -78, -165, 151, 82, 156, 263, 
34, 522, 488, -278, -226, 505, -78, -165, 151, 82, 151, 263, 
34, 522, 488, -278, -226, 505, -78, -165, 146, 82, 151, 263, 
24, 512, 488, -268, -231, 500, -68, -165, 146, 87, 151, 263, 
24, 512, 488, -268, -231, 500, -68, -165, 146, 87, 151, 263, 
19, 507, 488, -263, -234, 497, -68, -165, 146, 87, 151, 263, 
19, 507, 488, -263, -234, 497, -68, -165, 141, 87, 146, 263, 
19, 507, 488, -263, -234, 497, -68, -165, 151, 87, 146, 263, 
19, 502, 483, -261, -231, 492, -68, -165, 151, 87, 146, 258, 
19, 502, 483, -261, -231, 492, -63, -165, 146, 82, 146, 258, 
14, 502, 488, -258, -236, 495, -63, -165, 146, 82, 151, 258, 
24, 492, 468, -258, -222, 480, -63, -165, 141, 82, 151, 263, 
24, 492, 468, -258, -222, 480, -63, -165, 141, 82, 151, 263, 
24, 497, 473, -261, -224, 485, -63, -165, 141, 87, 146, 258, 
24, 497, 473, -261, -224, 485, -63, -170, 141, 87, 146, 258, 
14, 492, 478, -253, -231, 485, -63, -170, 141, 82, 156, 253, 
14, 492, 478, -253, -231, 485, -63, -170, 136, 82, 156, 253, 
14, 492, 478, -253, -231, 485, -63, -170, 136, 87, 151, 253, 
14, 492, 478, -253, -231, 485, -63, -170, 136, 87, 151, 258, 
14, 492, 478, -253, -231, 485, -63, -165, 146, 82, 151, 248, 
14, 492, 478, -253, -231, 485, -63, -165, 146, 82, 156, 248, 
14, 492, 478, -253, -231, 485, -63, -165, 146, 82, 156, 248, 
19, 492, 473, -256, -226, 483, -63, -165, 146, 82, 156, 248, 
19, 492, 473, -256, -226, 483, -63, -165, 146, 92, 161, 258, 
19, 492, 473, -256, -226, 483, -63, -165, 146, 92, 161, 258, 
19, 492, 473, -256, -226, 483, -63, -165, 146, 92, 151, 253, 
14, 492, 478, -253, -231, 485, -63, -165, 146, 92, 151, 253, 
24, 497, 473, -261, -224, 485, -63, -161, 146, 92, 151, 253, 
24, 497, 473, -261, -224, 485, -63, -161, 146, 92, 151, 253, 
24, 497, 473, -261, -224, 485, -63, -165, 146, 92, 151, 253, 
29, 497, 468, -263, -219, 483, -63, -165, 146, 92, 151, 253, 
19, 497, 478, -258, -229, 488, -73, -175, 146, 92, 146, 253, 
19, 497, 478, -258, -229, 488, -73, -175, 146, 92, 146, 253, 
19, 497, 478, -258, -229, 488, -73, -175, 141, 92, 146, 253, 
24, 497, 473, -261, -224, 485, -73, -175, 141, 87, 146, 253, 
24, 488, 463, -256, -219, 475, -63, -165, 141, 87, 146, 244, 
24, 492, 468, -258, -222, 480, -63, -165, 141, 87, 151, 244, 
24, 492, 468, -258, -222, 480, -63, -165, 141, 87, 151, 244, 
24, 488, 463, -256, -219, 475, -63, -165, 141, 87, 151, 244, 
14, 497, 483, -256, -234, 490, -63, -165, 151, 87, 151, 253, 
14, 497, 483, -256, -234, 490, -63, -165, 151, 87, 151, 253, 
14, 497, 483, -256, -234, 490, -63, -165, 151, 87, 146, 253, 
14, 497, 483, -256, -234, 490, -63, -165, 151, 87, 146, 253, 
24, 497, 473, -261, -224, 485, -63, -175, 141, 87, 146, 244, 
24, 502, 478, -263, -226, 490, -63, -170, 141, 87, 146, 244, 
24, 502, 478, -263, -226, 490, -63, -170, 141, 87, 146, 244, 
24, 502, 478, -263, -226, 490, -63, -175, 141, 87, 146, 244, 
24, 502, 478, -263, -226, 490, -73, -175, 141, 82, 136, 244, 
24, 497, 473, -261, -224, 485, -73, -175, 141, 82, 136, 244, 
24, 497, 473, -261, -224, 485, -73, -170, 141, 87, 141, 244, 
24, 502, 478, -263, -226, 490, -73, -170, 141, 87, 141, 244, 
24, 492, 468, -258, -222, 480, -73, -175, 136, 87, 136, 253, 
24, 492, 468, -258, -222, 480, -73, -175, 136, 87, 136, 253, 
24, 492, 468, -258, -222, 480, -73, -175, 141, 87, 136, 253, 
24, 492, 468, -258, -222, 480, -73, -175, 141, 87, 136, 248, 
24, 492, 468, -258, -222, 480, -73, -170, 141, 87, 146, 248, 
24, 492, 468, -258, -222, 480, -73, -170, 141, 87, 146, 248, 
24, 492, 468, -258, -222, 480, -73, -175, 141, 87, 146, 248, 
24, 492, 468, -258, -222, 480, -73, -175, 141, 87, 146, 248, 
14, 492, 478, -253, -231, 485, -63, -175, 141, 87, 146, 258, 
14, 492, 478, -253, -231, 485, -63, -170, 141, 82, 146, 258, 
14, 492, 478, -253, -231, 485, -63, -170, 141, 82, 146, 258, 
14, 492, 478, -253, -231, 485, -63, -170, 141, 82, 146, 258, 
14, 488, 473, -251, -229, 480, -63, -170, 151, 82, 146, 253, 
14, 488, 473, -251, -229, 480, -63, -170, 146, 82, 146, 253, 
14, 492, 478, -253, -231, 485, -63, -170, 146, 87, 146, 253, 
14, 492, 478, -253, -231, 485, -63, -170, 146, 87, 146, 253, 
24, 492, 468, -258, -222, 480, -63, -170, 146, 87, 151, 263, 
19, 497, 478, -258, -229, 488, -68, -165, 146, 97, 156, 263, 
19, 488, 468, -253, -224, 478, -68, -175, 136, 87, 146, 253, 
19, 488, 468, -253, -224, 478, -68, -175, 136, 87, 146, 253, 
19, 488, 468, -253, -224, 478, -68, -175, 136, 87, 146, 253, 
19, 488, 468, -253, -224, 478, -68, -175, 136, 87, 146, 253, 
19, 488, 468, -253, -224, 478, -68, -175, 146, 97, 146, 263, 
19, 488, 468, -253, -224, 478, -68, -175, 146, 97, 146, 263, 
19, 488, 468, -253, -224, 478, -68, -175, 146, 97, 146, 263, 
19, 488, 468, -253, -224, 478, -68, -175, 146, 97, 146, 263, 
19, 497, 478, -258, -229, 488, -58, -175, 146, 97, 156, 263, 
19, 497, 478, -258, -229, 488, -58, -175, 146, 97, 156, 263, 
19, 497, 478, -258, -229, 488, -58, -175, 146, 97, 156, 263, 
19, 497, 478, -258, -229, 488, -58, -175, 146, 97, 156, 263, 
19, 497, 478, -258, -229, 488, -68, -175, 136, 97, 146, 253, 
19, 497, 478, -258, -229, 488, -68, -175, 136, 97, 146, 253, 
19, 497, 478, -258, -229, 488, -68, -175, 136, 97, 146, 253, 
19, 497, 478, -258, -229, 488, -68, -175, 136, 97, 146, 253, 
29, 488, 458, -258, -214, 473, -68, -175, 136, 87, 146, 253, 
29, 488, 458, -258, -214, 473, -68, -175, 136, 87, 146, 253, 
29, 488, 458, -258, -214, 473, -68, -175, 136, 87, 146, 253, 
29, 488, 458, -258, -214, 473, -68, -175, 136, 87, 146, 253, 
19, 488, 468, -253, -224, 478, -58, -175, 136, 97, 146, 253, 
19, 488, 468, -253, -224, 478, -58, -175, 136, 97, 146, 253, 
19, 488, 468, -253, -224, 478, -58, -175, 136, 97, 146, 253, 
19, 488, 468, -253, -224, 478, -58, -175, 136, 97, 146, 253, 
9, 488, 478, -248, -234, 483, -58, -175, 136, 97, 156, 253, 
9, 488, 478, -248, -234, 483, -58, -175, 136, 97, 156, 253, 
9, 488, 478, -248, -234, 483, -58, -175, 136, 97, 156, 253, 
9, 488, 478, -248, -234, 483, -58, -175, 136, 97, 156, 253, 
19, 488, 468, -253, -224, 478, -68, -165, 136, 107, 156, 253, 
19, 488, 468, -253, -224, 478, -68, -165, 136, 107, 156, 253, 
19, 488, 468, -253, -224, 478, -68, -165, 136, 107, 156, 253, 
19, 488, 468, -253, -224, 478, -68, -165, 136, 107, 156, 253, 
19, 488, 468, -253, -224, 478, -58, -165, 146, 107, 156, 253, 
19, 488, 468, -253, -224, 478, -58, -165, 146, 107, 156, 253, 
19, 488, 468, -253, -224, 478, -58, -165, 146, 107, 156, 253, 
19, 488, 468, -253, -224, 478, -58, -165, 146, 107, 156, 253, 
19, 488, 468, -253, -224, 478, -58, -165, 146, 107, 156, 253, 
19, 488, 468, -253, -224, 478, -58, -165, 146, 107, 156, 253, 
19, 488, 468, -253, -224, 478, -58, -165, 146, 107, 156, 253, 
19, 488, 468, -253, -224, 478, -58, -165, 146, 107, 156, 253, 
19, 488, 468, -253, -224, 478, -68, -165, 146, 97, 156, 253, 
19, 488, 468, -253, -224, 478, -68, -165, 146, 97, 156, 253, 
19, 488, 468, -253, -224, 478, -68, -165, 146, 97, 156, 253, 
19, 488, 468, -253, -224, 478, -68, -165, 146, 97, 156, 253, 
19, 488, 468, -253, -224, 478, -68, -165, 136, 107, 156, 263, 
19, 488, 468, -253, -224, 478, -68, -165, 136, 107, 156, 263, 
19, 488, 468, -253, -224, 478, -68, -165, 136, 107, 156, 263, 
19, 488, 468, -253, -224, 478, -68, -165, 136, 107, 156, 263, 
19, 488, 468, -253, -224, 478, -58, -165, 136, 107, 156, 253, 
19, 488, 468, -253, -224, 478, -58, -165, 136, 107, 156, 253, 
19, 488, 468, -253, -224, 478, -58, -165, 136, 107, 156, 253, 
19, 488, 468, -253, -224, 478, -58, -165, 136, 107, 156, 253, 
9, 483, 473, -246, -231, 478, -58, -165, 146, 107, 156, 253, 
9, 483, 473, -246, -231, 478, -58, -165, 146, 107, 156, 253, 
9, 483, 473, -246, -231, 478, -58, -165, 146, 107, 156, 253, 
9, 483, 473, -246, -231, 478, -58, -165, 146, 107, 156, 253, 
9, 483, 473, -246, -231, 478, -58, -156, 146, 107, 156, 263, 
9, 483, 473, -246, -231, 478, -58, -156, 146, 107, 156, 263, 
9, 483, 473, -246, -231, 478, -58, -156, 146, 107, 156, 263, 
9, 483, 473, -246, -231, 478, -58, -156, 146, 107, 156, 263, 
19, 483, 463, -251, -222, 473, -58, -156, 136, 107, 156, 263, 
19, 483, 463, -251, -222, 473, -58, -156, 136, 112, 156, 263, 
19, 483, 463, -251, -222, 473, -58, -156, 136, 112, 156, 263, 
19, 483, 463, -251, -222, 473, -58, -156, 136, 112, 156, 263, 
19, 492, 473, -256, -226, 483, -48, -156, 146, 122, 165, 263, 
19, 492, 473, -256, -226, 483, -48, -156, 146, 122, 165, 263, 
24, 492, 468, -258, -222, 480, -48, -156, 146, 122, 165, 263, 
24, 492, 468, -258, -222, 480, -48, -156, 146, 122, 165, 263, 
34, 497, 463, -265, -214, 480, -58, -156, 161, 122, 175, 283, 
34, 512, 478, -273, -222, 495, -58, -151, 165, 126, 180, 283, 
34, 517, 483, -275, -224, 500, -53, -141, 170, 131, 190, 287, 
34, 522, 488, -278, -226, 505, -53, -141, 180, 136, 195, 287, 
29, 522, 492, -275, -231, 507, -48, -131, 175, 141, 190, 292, 
34, 527, 492, -280, -229, 509, -43, -131, 180, 151, 190, 292, 
39, 536, 497, -287, -229, 517, -39, -122, 185, 156, 190, 297, 
39, 541, 502, -290, -231, 522, -39, -122, 190, 161, 200, 297, 
39, 551, 512, -295, -236, 531, -39, -122, 200, 165, 204, 297, 
43, 556, 512, -300, -234, 534, -39, -117, 209, 165, 209, 302, 
43, 561, 517, -302, -236, 539, -39, -117, 209, 170, 214, 302, 
43, 566, 522, -305, -239, 544, -43, -117, 224, 175, 214, 302, 
48, 556, 507, -302, -229, 531, -43, -112, 214, 175, 214, 302, 
53, 561, 507, -307, -226, 534, -53, -112, 214, 175, 214, 307, 
53, 566, 512, -309, -229, 539, -58, -117, 214, 175, 214, 307, 
48, 566, 517, -307, -234, 541, -68, -122, 209, 175, 214, 307, 
48, 566, 517, -307, -234, 541, -82, -136, 200, 175, 214, 307, 
53, 566, 512, -309, -229, 539, -87, -136, 200, 175, 214, 307, 
53, 566, 512, -309, -229, 539, -97, -146, 200, 175, 214, 307, 
53, 566, 512, -309, -229, 539, -102, -146, 195, 170, 214, 302, 
43, 551, 507, -297, -231, 529, -97, -156, 200, 170, 209, 302, 
43, 551, 507, -297, -231, 529, -97, -161, 195, 170, 209, 302, 
48, 551, 502, -300, -226, 527, -97, -161, 185, 165, 209, 302, 
53, 551, 497, -302, -222, 524, -97, -165, 180, 161, 204, 302, 
53, 536, 483, -295, -214, 509, -112, -170, 175, 156, 195, 302, 
58, 531, 473, -295, -207, 502, -117, -170, 170, 151, 195, 302, 
58, 527, 468, -292, -204, 497, -117, -170, 170, 151, 195, 302, 
58, 522, 463, -290, -202, 492, -122, -170, 165, 151, 195, 302, 
63, 531, 468, -297, -202, 500, -122, -180, 151, 141, 190, 302, 
63, 531, 468, -297, -202, 500, -131, -190, 141, 131, 185, 302, 
63, 536, 473, -300, -204, 505, -131, -190, 141, 131, 185, 302, 
68, 536, 468, -302, -200, 502, -131, -190, 141, 131, 190, 302, 
82, 551, 468, -317, -192, 509, -131, -180, 151, 146, 200, 312, 
87, 556, 468, -322, -190, 512, -136, -180, 141, 146, 204, 322, 
92, 561, 468, -326, -187, 514, -136, -190, 141, 141, 204, 326, 
97, 566, 468, -331, -185, 517, -136, -190, 141, 141, 204, 326, 
102, 566, 463, -334, -180, 514, -136, -190, 141, 156, 204, 326, 
102, 570, 468, -336, -183, 519, -136, -185, 146, 156, 204, 326, 
102, 570, 468, -336, -183, 519, -136, -185, 146, 156, 204, 326, 
92, 566, 473, -329, -190, 519, -136, -180, 151, 156, 209, 326, 
92, 561, 468, -326, -187, 514, -122, -180, 151, 146, 209, 326, 
87, 561, 473, -324, -192, 517, -122, -175, 151, 146, 204, 322, 
82, 561, 478, -322, -197, 519, -107, -175, 151, 151, 204, 322, 
73, 546, 473, -309, -200, 509, -107, -175, 151, 151, 204, 322, 
73, 536, 463, -305, -195, 500, -97, -175, 151, 146, 204, 322, 
68, 527, 458, -297, -195, 492, -97, -170, 151, 146, 200, 317, 
63, 522, 458, -292, -197, 490, -92, -170, 151, 146, 200, 317, 
58, 517, 458, -287, -200, 488, -87, -170, 146, 141, 190, 312, 
43, 497, 453, -270, -204, 475, -82, -165, 136, 131, 180, 297, 
43, 488, 444, -265, -200, 466, -78, -165, 131, 126, 170, 292, 
34, 478, 444, -256, -204, 461, -73, -165, 131, 117, 165, 278, 
29, 468, 439, -248, -204, 453, -68, -165, 122, 112, 161, 268, 
29, 468, 439, -248, -204, 453, -63, -156, 126, 112, 156, 263, 
24, 458, 434, -241, -204, 446, -58, -161, 122, 107, 146, 253, 
9, 448, 439, -229, -214, 444, -53, -161, 117, 102, 146, 253, 
4, 439, 434, -222, -214, 436, -48, -161, 112, 102, 146, 253, 
0, 444, 444, -222, -222, 444, -48, -170, 117, 107, 146, 244, 
0, 444, 444, -222, -222, 444, -53, -170, 117, 102, 141, 239, 
0, 444, 444, -222, -222, 444, -58, -170, 117, 97, 136, 239, 
0, 444, 444, -222, -222, 444, -58, -175, 117, 97, 136, 239, 
9, 444, 434, -226, -212, 439, -63, -175, 107, 87, 136, 239, 
9, 444, 434, -226, -212, 439, -63, -175, 107, 87, 136, 239, 
9, 448, 439, -229, -214, 444, -63, -170, 107, 92, 136, 239, 
9, 448, 439, -229, -214, 444, -63, -170, 107, 92, 136, 244, 
4, 448, 444, -226, -219, 446, -63, -161, 117, 92, 141, 253, 
4, 448, 444, -226, -219, 446, -63, -161, 117, 97, 141, 253, 
4, 448, 444, -226, -219, 446, -58, -161, 122, 97, 146, 258, 
4, 448, 444, -226, -219, 446, -48, -156, 122, 97, 146, 258, 
4, 434, 429, -219, -212, 431, -43, -146, 122, 97, 136, 244, 
0, 429, 429, -214, -214, 429, -29, -122, 122, 87, 122, 219, 
0, 424, 424, -212, -212, 424, -4, -92, 126, 78, 102, 204, 
-4, 424, 429, -209, -217, 427, 24, -58, 141, 82, 87, 200, 
-14, 429, 444, -207, -229, 436, 58, -29, 165, 82, 82, 190, 
-19, 448, 468, -214, -244, 458, 92, 4, 195, 97, 92, 190, 
-9, 473, 483, -231, -246, 478, 117, 53, 258, 151, 131, 219, 
29, 522, 492, -275, -231, 507, 126, 122, 341, 244, 224, 278, 
63, 600, 536, -331, -236, 568, 136, 214, 448, 366, 336, 356, 
82, 702, 619, -392, -268, 661, 156, 336, 575, 512, 463, 458, 
136, 824, 688, -480, -275, 756, 170, 458, 746, 692, 624, 580, 
229, 980, 751, -605, -261, 866, 170, 595, 927, 912, 819, 727, 
341, 1141, 800, -741, -229, 971, 161, 722, 1107, 1141, 1039, 907, 
444, 1273, 829, -858, -192, 1051, 156, 839, 1249, 1337, 1249, 1078, 
536, 1376, 839, -956, -151, 1107, 146, 907, 1332, 1478, 1405, 1210, 
619, 1439, 819, -1029, -100, 1129, 131, 951, 1361, 1566, 1512, 1307, 
658, 1507, 849, -1083, -95, 1178, 87, 932, 1371, 1629, 1605, 1390, 
663, 1620, 956, -1141, -146, 1288, 4, 751, 1371, 1693, 1698, 1498, 
629, 1683, 1054, -1156, -212, 1368, -102, 439, 1332, 1693, 1751, 1571, 
585, 1644, 1058, -1115, -236, 1351, -175, 146, 1200, 1581, 1673, 1537, 
546, 1507, 961, -1027, -207, 1234, -253, -82, 1019, 1381, 1488, 1420, 
502, 1346, 844, -924, -170, 1095, -380, -361, 775, 1137, 1273, 1273, 
463, 1190, 727, -827, -131, 958, -531, -649, 453, 839, 1054, 1146, 
409, 1029, 619, -719, -104, 824, -605, -829, 112, 507, 795, 1005, 
326, 883, 556, -605, -114, 719, -605, -922, -151, 234, 570, 858, 
234, 746, 512, -490, -139, 629, -614, -1034, -370, -29, 356, 702, 
165, 629, 463, -397, -148, 546, -639, -1127, -590, -297, 141, 551, 
131, 551, 419, -341, -143, 485, -658, -1146, -678, -419, 9, 434, 
102, 556, 453, -329, -175, 505, -619, -1044, -570, -346, 9, 395, 
78, 590, 512, -334, -217, 551, -561, -907, -419, -229, 58, 385, 
73, 624, 551, -348, -239, 588, -502, -775, -292, -131, 92, 390, 
68, 644, 575, -356, -253, 610, -458, -668, -185, -58, 122, 380, 
73, 644, 570, -358, -248, 607, -414, -575, -122, -19, 136, 370, 
73, 610, 536, -341, -231, 573, -351, -497, -102, 4, 156, 366, 
63, 585, 522, -324, -229, 553, -292, -409, -68, 29, 175, 370, 
58, 570, 512, -314, -226, 541, -229, -317, -4, 68, 185, 370, 
53, 551, 497, -302, -222, 524, -165, -244, 58, 97, 190, 351, 
39, 522, 483, -280, -222, 502, -107, -195, 87, 117, 190, 326, 
39, 507, 468, -273, -214, 488, -82, -175, 107, 126, 185, 312, 
34, 502, 468, -268, -217, 485, -68, -170, 117, 126, 180, 297, 
24, 492, 468, -258, -222, 480, -68, -161, 126, 136, 180, 283, 
9, 492, 483, -251, -236, 488, -68, -170, 136, 136, 170, 287, 
9, 492, 483, -251, -236, 488, -68, -175, 141, 136, 170, 287, 
9, 492, 483, -251, -236, 488, -68, -180, 146, 141, 175, 287, 
9, 492, 483, -251, -236, 488, -68, -180, 146, 141, 180, 287, 
4, 492, 488, -248, -241, 490, -63, -165, 136, 141, 180, 287, 
0, 488, 488, -244, -244, 488, -63, -161, 136, 131, 170, 287, 
0, 483, 483, -241, -241, 483, -58, -151, 136, 131, 161, 283, 
0, 478, 478, -239, -239, 478, -48, -146, 131, 131, 161, 273, 
0, 473, 473, -236, -236, 473, -34, -141, 131, 136, 161, 268, 
0, 468, 468, -234, -234, 468, -29, -136, 131, 136, 161, 263, 
0, 468, 468, -234, -234, 468, -29, -126, 136, 136, 161, 258, 
-4, 468, 473, -231, -239, 470, -29, -126, 136, 141, 161, 258, 
-4, 468, 473, -231, -239, 470, -34, -122, 136, 151, 170, 278, 
-4, 468, 473, -231, -239, 470, -29, -122, 141, 151, 175, 278, 
-4, 468, 473, -231, -239, 470, -29, -122, 141, 151, 175, 278, 
0, 473, 473, -236, -236, 473, -29, -117, 141, 156, 175, 278, 
0, 473, 473, -236, -236, 473, -29, -112, 146, 146, 175, 278, 
-4, 473, 478, -234, -241, 475, -19, -107, 146, 146, 175, 278, 
-4, 468, 473, -231, -239, 470, -19, -107, 146, 146, 175, 278, 
-9, 468, 478, -229, -244, 473, -19, -107, 146, 151, 175, 278, 
-9, 478, 488, -234, -248, 483, -19, -97, 151, 161, 175, 268, 
-9, 478, 488, -234, -248, 483, -19, -97, 156, 161, 175, 273, 
-4, 483, 488, -239, -246, 485, -19, -97, 156, 165, 175, 273, 
-4, 483, 488, -239, -246, 485, -19, -97, 156, 165, 175, 273, 
-4, 483, 488, -239, -246, 485, -19, -102, 156, 165, 175, 273, 
-4, 483, 488, -239, -246, 485, -19, -102, 156, 165, 175, 273, 
-4, 483, 488, -239, -246, 485, -14, -97, 156, 165, 180, 273, 
0, 483, 483, -241, -241, 483, -14, -92, 156, 170, 180, 273, 
0, 483, 483, -241, -241, 483, -14, -92, 156, 170, 180, 283, 
0, 483, 483, -241, -241, 483, -14, -92, 156, 170, 185, 283, 
0, 483, 483, -241, -241, 483, -14, -92, 161, 170, 185, 283, 
0, 488, 488, -244, -244, 488, -14, -92, 161, 170, 185, 283, 
-4, 492, 497, -244, -251, 495, -14, -87, 161, 180, 200, 287, 
-4, 492, 497, -244, -251, 495, -14, -87, 161, 180, 200, 287, 
0, 492, 492, -246, -246, 492, -14, -87, 161, 185, 200, 287, 
0, 497, 497, -248, -248, 497, -14, -87, 161, 190, 200, 287, 
0, 497, 497, -248, -248, 497, -14, -78, 165, 190, 200, 287, 
0, 492, 492, -246, -246, 492, -14, -78, 165, 190, 200, 287, 
0, 492, 492, -246, -246, 492, -14, -78, 165, 190, 204, 292, 
0, 502, 502, -251, -251, 502, -14, -78, 170, 190, 204, 292, 
9, 512, 502, -261, -246, 507, -14, -78, 161, 190, 204, 292, 
9, 512, 502, -261, -246, 507, -14, -78, 161, 195, 204, 297, 
9, 512, 502, -261, -246, 507, -14, -73, 161, 195, 209, 297, 
9, 512, 502, -261, -246, 507, -14, -73, 161, 190, 209, 297, 
9, 502, 492, -256, -241, 497, -14, -73, 161, 200, 209, 287, 
9, 502, 492, -256, -241, 497, -14, -73, 165, 204, 209, 292, 
9, 507, 497, -258, -244, 502, -14, -73, 165, 204, 214, 292, 
9, 507, 497, -258, -244, 502, -14, -73, 165, 209, 214, 297, 
9, 507, 497, -258, -244, 502, -14, -73, 170, 200, 214, 297, 
9, 507, 497, -258, -244, 502, -14, -68, 175, 204, 219, 297, 
9, 507, 497, -258, -244, 502, -14, -63, 175, 204, 219, 297, 
14, 512, 497, -263, -241, 505, -14, -63, 180, 204, 219, 302, 
4, 517, 512, -261, -253, 514, -14, -63, 180, 214, 224, 312, 
4, 517, 512, -261, -253, 514, -14, -63, 185, 214, 224, 312, 
4, 517, 512, -261, -253, 514, -14, -58, 185, 214, 229, 312, 
9, 517, 507, -263, -248, 512, -14, -58, 185, 214, 229, 317, 
19, 517, 497, -268, -239, 507, -14, -58, 185, 229, 219, 307, 
19, 522, 502, -270, -241, 512, -14, -58, 190, 229, 229, 312, 
19, 522, 502, -270, -241, 512, -14, -53, 195, 234, 234, 322, 
19, 527, 507, -273, -244, 517, -14, -53, 195, 234, 234, 322, 
9, 527, 517, -268, -253, 522, -14, -53, 200, 229, 224, 322, 
9, 527, 517, -268, -253, 522, -14, -53, 200, 234, 229, 322, 
9, 527, 517, -268, -253, 522, -14, -48, 200, 239, 229, 322, 
14, 531, 517, -273, -251, 524, -14, -48, 204, 244, 229, 322, 
14, 546, 531, -280, -258, 539, -24, -43, 204, 239, 234, 326, 
19, 546, 527, -283, -253, 536, -24, -43, 204, 239, 234, 331, 
19, 546, 527, -283, -253, 536, -24, -39, 204, 239, 244, 331, 
24, 546, 522, -285, -248, 534, -24, -39, 214, 239, 244, 331, 
24, 541, 517, -283, -246, 529, -24, -29, 229, 248, 248, 336, 
24, 546, 522, -285, -248, 534, -24, -29, 229, 258, 253, 346, 
24, 551, 527, -287, -251, 539, -24, -24, 234, 263, 253, 351, 
24, 556, 531, -290, -253, 544, -24, -19, 234, 268, 258, 351, 
39, 561, 522, -300, -241, 541, -39, -24, 234, 268, 263, 346, 
43, 566, 522, -305, -239, 544, -39, -24, 244, 273, 263, 351, 
43, 566, 522, -305, -239, 544, -39, -24, 248, 273, 268, 351, 
43, 570, 527, -307, -241, 549, -39, -24, 248, 278, 273, 351, 
34, 585, 551, -309, -258, 568, -39, -14, 258, 292, 287, 366, 
43, 590, 546, -317, -251, 568, -43, -9, 258, 292, 292, 366, 
43, 595, 551, -319, -253, 573, -48, -4, 263, 297, 297, 375, 
43, 595, 551, -319, -253, 573, -48, -4, 268, 302, 297, 380, 
43, 600, 556, -322, -256, 578, -53, 0, 263, 307, 302, 385, 
43, 605, 561, -324, -258, 583, -53, 0, 268, 312, 307, 385, 
53, 610, 556, -331, -251, 583, -53, 4, 268, 317, 317, 390, 
53, 614, 561, -334, -253, 588, -53, 4, 273, 322, 322, 395, 
53, 610, 556, -331, -251, 583, -58, 4, 278, 326, 331, 385, 
58, 614, 556, -336, -248, 585, -63, 14, 283, 331, 341, 390, 
63, 619, 556, -341, -246, 588, -63, 19, 283, 341, 341, 395, 
63, 624, 561, -344, -248, 592, -63, 24, 283, 346, 351, 400, 
63, 629, 566, -346, -251, 597, -58, 24, 287, 356, 351, 414, 
68, 634, 566, -351, -248, 600, -58, 29, 292, 361, 356, 419, 
68, 644, 575, -356, -253, 610, -68, 34, 292, 366, 356, 429, 
78, 644, 566, -361, -244, 605, -68, 34, 302, 370, 366, 439, 
82, 658, 575, -370, -246, 617, -73, 34, 297, 370, 370, 439, 
82, 658, 575, -370, -246, 617, -73, 39, 302, 375, 380, 448, 
82, 663, 580, -373, -248, 622, -73, 43, 302, 385, 390, 453, 
92, 668, 575, -380, -241, 622, -73, 43, 302, 385, 395, 453, 
92, 668, 575, -380, -241, 622, -87, 43, 307, 405, 395, 453, 
92, 673, 580, -383, -244, 627, -92, 48, 312, 405, 405, 458, 
102, 678, 575, -390, -236, 627, -92, 48, 317, 409, 414, 468, 
102, 683, 580, -392, -239, 631, -92, 48, 317, 414, 414, 468, 
97, 683, 585, -390, -244, 634, -92, 48, 326, 414, 419, 473, 
102, 688, 585, -395, -241, 636, -97, 48, 331, 419, 419, 473, 
102, 697, 595, -400, -246, 646, -97, 53, 331, 424, 424, 478, 
102, 697, 595, -400, -246, 646, -102, 53, 331, 429, 429, 483, 
112, 702, 590, -407, -239, 646, -112, 53, 336, 424, 434, 488, 
117, 707, 590, -412, -236, 649, -112, 53, 336, 429, 439, 488, 
117, 712, 595, -414, -239, 653, -112, 58, 336, 434, 439, 492, 
117, 712, 595, -414, -239, 653, -112, 58, 336, 434, 439, 492, 
107, 712, 605, -409, -248, 658, -117, 58, 346, 448, 444, 492, 
107, 717, 610, -412, -251, 663, -117, 58, 346, 448, 444, 497, 
107, 722, 614, -414, -253, 668, -117, 58, 346, 444, 444, 497, 
107, 722, 614, -414, -253, 668, -122, 58, 346, 444, 444, 497, 
117, 732, 614, -424, -248, 673, -112, 48, 336, 448, 444, 497, 
117, 732, 614, -424, -248, 673, -117, 48, 336, 448, 448, 502, 
117, 732, 614, -424, -248, 673, -117, 43, 336, 448, 448, 502, 
117, 732, 614, -424, -248, 673, -122, 43, 336, 453, 448, 502, 
117, 732, 614, -424, -248, 673, -122, 53, 336, 448, 448, 512, 
117, 732, 614, -424, -248, 673, -122, 48, 336, 448, 448, 512, 
117, 732, 614, -424, -248, 673, -122, 39, 336, 444, 448, 512, 
117, 727, 610, -422, -246, 668, -122, 39, 336, 444, 448, 512, 
117, 727, 610, -422, -246, 668, -136, 29, 336, 453, 448, 512, 
117, 727, 610, -422, -246, 668, -136, 29, 336, 453, 448, 512, 
117, 722, 605, -419, -244, 663, -136, 24, 336, 453, 448, 512, 
117, 722, 605, -419, -244, 663, -136, 24, 336, 453, 448, 512, 
126, 722, 595, -424, -234, 658, -131, 24, 326, 448, 458, 512, 
126, 727, 600, -427, -236, 663, -131, 19, 326, 448, 458, 512, 
122, 727, 605, -424, -241, 666, -131, 14, 326, 448, 453, 507, 
122, 727, 605, -424, -241, 666, -131, 14, 326, 448, 453, 507, 
112, 717, 605, -414, -246, 661, -131, 14, 331, 439, 453, 507, 
112, 717, 605, -414, -246, 661, -131, 14, 331, 439, 453, 507, 
112, 712, 600, -412, -244, 656, -131, 14, 326, 434, 453, 507, 
112, 707, 595, -409, -241, 651, -126, 14, 326, 434, 453, 507, 
117, 717, 600, -417, -241, 658, -136, 9, 326, 429, 453, 497, 
112, 712, 600, -412, -244, 656, -136, 4, 322, 424, 439, 488, 
112, 712, 600, -412, -244, 656, -136, 4, 322, 424, 439, 488, 
107, 702, 595, -405, -244, 649, -136, 4, 322, 414, 429, 483, 
107, 702, 595, -405, -244, 649, -126, -4, 326, 419, 439, 483, 
102, 697, 595, -400, -246, 646, -122, -4, 326, 414, 434, 478, 
102, 692, 590, -397, -244, 641, -117, -4, 322, 414, 429, 473, 
97, 688, 590, -392, -246, 639, -112, -9, 317, 414, 424, 468, 
82, 683, 600, -383, -258, 641, -112, 0, 322, 405, 409, 463, 
78, 673, 595, -375, -258, 634, -112, -9, 322, 400, 405, 458, 
78, 668, 590, -373, -256, 629, -112, -9, 322, 390, 400, 448, 
78, 663, 585, -370, -253, 624, -112, -14, 312, 385, 395, 444, 
87, 649, 561, -368, -236, 605, -102, -19, 312, 375, 380, 439, 
78, 644, 566, -361, -244, 605, -102, -19, 307, 366, 370, 434, 
73, 634, 561, -353, -244, 597, -102, -19, 302, 361, 366, 424, 
68, 634, 566, -351, -248, 600, -92, -19, 297, 356, 356, 419, 
68, 624, 556, -346, -244, 590, -97, -29, 292, 351, 356, 414, 
63, 614, 551, -339, -244, 583, -92, -29, 283, 346, 351, 414, 
58, 610, 551, -334, -246, 580, -87, -34, 278, 341, 346, 405, 
53, 605, 551, -329, -248, 578, -87, -34, 268, 336, 331, 405, 
48, 600, 551, -324, -251, 575, -78, -39, 263, 322, 322, 390, 
43, 590, 546, -317, -251, 568, -73, -43, 253, 317, 317, 380, 
39, 585, 546, -312, -253, 566, -73, -48, 253, 307, 312, 375, 
39, 580, 541, -309, -251, 561, -68, -48, 248, 302, 307, 375, 
39, 580, 541, -309, -251, 561, -78, -53, 239, 297, 302, 366, 
39, 575, 536, -307, -248, 556, -78, -53, 234, 297, 302, 356, 
39, 566, 527, -302, -244, 546, -78, -53, 229, 292, 292, 351, 
34, 566, 531, -300, -248, 549, -78, -63, 224, 283, 287, 351, 
34, 566, 531, -300, -248, 549, -87, -68, 229, 283, 283, 346, 
34, 561, 527, -297, -246, 544, -82, -68, 224, 278, 273, 346, 
29, 561, 531, -295, -251, 546, -82, -73, 219, 273, 268, 341, 
24, 561, 536, -292, -256, 549, -82, -73, 214, 268, 263, 336, 
34, 546, 512, -290, -239, 529, -78, -63, 214, 273, 268, 341, 
29, 541, 512, -285, -241, 527, -73, -63, 214, 268, 263, 341, 
24, 536, 512, -280, -244, 524, -68, -68, 214, 268, 263, 336, 
24, 536, 512, -280, -244, 524, -63, -68, 214, 263, 258, 336, 
24, 546, 522, -285, -248, 534, -73, -68, 204, 263, 253, 331, 
24, 541, 517, -283, -246, 529, -73, -68, 204, 258, 248, 326, 
24, 536, 512, -280, -244, 524, -68, -68, 200, 258, 248, 326, 
24, 536, 512, -280, -244, 524, -68, -68, 200, 258, 248, 326, 
24, 536, 512, -280, -244, 524, -68, -68, 200, 253, 239, 317, 
24, 536, 512, -280, -244, 524, -68, -68, 200, 253, 239, 317, 
24, 536, 512, -280, -244, 524, -68, -73, 200, 253, 239, 317, 
29, 531, 502, -280, -236, 517, -68, -73, 200, 253, 239, 317, 
29, 522, 492, -275, -231, 507, -68, -78, 195, 248, 239, 317, 
29, 522, 492, -275, -231, 507, -68, -78, 195, 248, 239, 317, 
29, 522, 492, -275, -231, 507, -63, -78, 200, 248, 239, 312, 
29, 517, 488, -273, -229, 502, -63, -78, 200, 248, 239, 307, 
19, 517, 497, -268, -239, 507, -63, -68, 200, 253, 239, 317, 
19, 517, 497, -268, -239, 507, -63, -68, 200, 253, 239, 322, 
19, 517, 497, -268, -239, 507, -63, -68, 200, 253, 239, 322, 
19, 517, 497, -268, -239, 507, -63, -68, 200, 253, 239, 322, 
19, 512, 492, -265, -236, 502, -63, -73, 200, 253, 239, 322, 
19, 512, 492, -265, -236, 502, -63, -73, 200, 253, 239, 326, 
19, 517, 497, -268, -239, 507, -63, -73, 200, 258, 239, 331, 
19, 517, 497, -268, -239, 507, -63, -73, 200, 258, 244, 331, 
19, 517, 497, -268, -239, 507, -63, -73, 204, 248, 244, 331, 
19, 517, 497, -268, -239, 507, -63, -73, 204, 248, 244, 331, 
19, 522, 502, -270, -241, 512, -68, -73, 209, 248, 244, 331, 
19, 522, 502, -270, -241, 512, -68, -73, 209, 248, 244, 331, 
24, 522, 497, -273, -236, 509, -68, -73, 204, 258, 244, 331, 
24, 522, 497, -273, -236, 509, -68, -73, 200, 258, 244, 331, 
29, 522, 492, -275, -231, 507, -73, -73, 195, 258, 244, 331, 
29, 522, 492, -275, -231, 507, -73, -73, 190, 258, 244, 331, 
19, 522, 502, -270, -241, 512, -73, -73, 200, 258, 253, 331, 
19, 527, 507, -273, -244, 517, -73, -73, 200, 263, 253, 331, 
19, 527, 507, -273, -244, 517, -73, -73, 200, 263, 258, 331, 
19, 527, 507, -273, -244, 517, -73, -73, 200, 263, 258, 331, 
19, 527, 507, -273, -244, 517, -73, -73, 200, 263, 263, 341, 
19, 527, 507, -273, -244, 517, -73, -73, 200, 263, 263, 346, 
19, 531, 512, -275, -246, 522, -73, -73, 200, 263, 263, 346, 
19, 531, 512, -275, -246, 522, -73, -73, 200, 263, 263, 346, 
29, 546, 517, -287, -244, 531, -82, -73, 200, 273, 263, 346, 
29, 546, 517, -287, -244, 531, -82, -73, 200, 273, 263, 346, 
29, 551, 522, -290, -246, 536, -82, -73, 200, 278, 273, 346, 
29, 551, 522, -290, -246, 536, -82, -73, 200, 278, 273, 346, 
34, 546, 512, -290, -239, 529, -73, -63, 200, 278, 268, 346, 
34, 546, 512, -290, -239, 529, -73, -63, 200, 278, 268, 346, 
34, 546, 512, -290, -239, 529, -73, -63, 200, 278, 268, 346, 
29, 546, 517, -287, -244, 531, -73, -63, 200, 278, 268, 346, 
29, 546, 517, -287, -244, 531, -73, -63, 200, 278, 268, 351, 
34, 546, 512, -290, -239, 529, -73, -63, 200, 278, 263, 351, 
34, 546, 512, -290, -239, 529, -73, -63, 200, 278, 263, 351, 
34, 546, 512, -290, -239, 529, -73, -63, 200, 278, 268, 351, 
24, 546, 522, -285, -248, 534, -73, -63, 200, 283, 268, 351, 
24, 546, 522, -285, -248, 534, -73, -63, 200, 283, 268, 351, 
29, 546, 517, -287, -244, 531, -73, -63, 200, 283, 268, 351, 
34, 546, 512, -290, -239, 529, -73, -63, 200, 283, 268, 351, 
34, 556, 522, -295, -244, 539, -82, -73, 200, 273, 278, 351, 
34, 556, 522, -295, -244, 539, -82, -73, 195, 273, 278, 351, 
29, 556, 527, -292, -248, 541, -82, -73, 195, 268, 278, 351, 
29, 556, 527, -292, -248, 541, -82, -73, 195, 268, 278, 346, 
29, 556, 527, -292, -248, 541, -82, -73, 195, 268, 268, 346, 
29, 556, 527, -292, -248, 541, -82, -73, 195, 268, 268, 346, 
29, 551, 522, -290, -246, 536, -82, -73, 195, 268, 268, 346, 
29, 551, 522, -290, -246, 536, -82, -73, 190, 268, 263, 346, 
29, 566, 536, -297, -253, 551, -92, -82, 195, 278, 263, 336, 
29, 566, 536, -297, -253, 551, -92, -82, 195, 278, 263, 336, 
29, 566, 536, -297, -253, 551, -92, -82, 195, 278, 263, 336, 
29, 566, 536, -297, -253, 551, -92, -82, 195, 278, 263, 336, 
29, 556, 527, -292, -248, 541, -82, -73, 195, 263, 263, 336, 
29, 551, 522, -290, -246, 536, -82, -73, 195, 263, 258, 336, 
29, 551, 522, -290, -246, 536, -82, -78, 190, 263, 258, 336, 
29, 551, 522, -290, -246, 536, -82, -78, 190, 263, 258, 336, 
29, 546, 517, -287, -244, 531, -73, -73, 180, 263, 258, 336, 
29, 536, 507, -283, -239, 522, -73, -73, 180, 263, 258, 331, 
29, 531, 502, -280, -236, 517, -73, -73, 175, 263, 258, 331, 
29, 527, 497, -278, -234, 512, -73, -73, 175, 263, 258, 331, 
29, 536, 507, -283, -239, 522, -82, -78, 175, 258, 253, 331, 
29, 536, 507, -283, -239, 522, -82, -78, 175, 253, 253, 331, 
29, 536, 507, -283, -239, 522, -82, -78, 175, 253, 253, 331, 
29, 531, 502, -280, -236, 517, -82, -78, 170, 253, 253, 326, 
19, 541, 522, -280, -251, 531, -82, -78, 170, 263, 248, 322, 
19, 541, 522, -280, -251, 531, -82, -78, 170, 263, 244, 322, 
19, 541, 522, -280, -251, 531, -82, -78, 165, 258, 244, 322, 
19, 541, 522, -280, -251, 531, -82, -78, 165, 253, 244, 322, 
19, 531, 512, -275, -246, 522, -73, -87, 156, 253, 234, 322, 
19, 531, 512, -275, -246, 522, -73, -87, 156, 253, 234, 317, 
19, 531, 512, -275, -246, 522, -73, -87, 156, 253, 234, 317, 
24, 527, 502, -275, -239, 514, -73, -87, 156, 253, 229, 317, 
24, 522, 497, -273, -236, 509, -78, -78, 161, 244, 239, 326, 
24, 522, 497, -273, -236, 509, -78, -78, 161, 244, 239, 326, 
24, 522, 497, -273, -236, 509, -78, -78, 161, 244, 239, 326, 
24, 522, 497, -273, -236, 509, -78, -78, 156, 244, 239, 326, 
24, 522, 497, -273, -236, 509, -68, -78, 146, 244, 224, 312, 
24, 517, 492, -270, -234, 505, -68, -78, 141, 239, 224, 312, 
24, 517, 492, -270, -234, 505, -73, -78, 141, 239, 224, 317, 
24, 517, 492, -270, -234, 505, -73, -82, 141, 244, 224, 317, 
24, 527, 502, -275, -239, 514, -73, -82, 141, 244, 214, 307, 
24, 522, 497, -273, -236, 509, -73, -82, 141, 239, 214, 307, 
19, 522, 502, -270, -241, 512, -78, -92, 141, 234, 214, 307, 
19, 517, 497, -268, -239, 507, -78, -92, 141, 229, 219, 302, 
19, 522, 502, -270, -241, 512, -78, -87, 151, 219, 219, 312, 
24, 522, 497, -273, -236, 509, -78, -87, 151, 219, 214, 312, 
24, 522, 497, -273, -236, 509, -78, -87, 151, 219, 209, 312, 
24, 522, 497, -273, -236, 509, -78, -87, 146, 219, 209, 312, 
24, 522, 497, -273, -236, 509, -78, -87, 141, 224, 219, 312, 
24, 522, 497, -273, -236, 509, -78, -87, 136, 224, 219, 312, 
19, 517, 497, -268, -239, 507, -78, -87, 131, 224, 219, 312, 
19, 517, 497, -268, -239, 507, -78, -87, 122, 224, 214, 312, 
19, 527, 507, -273, -244, 517, -87, -97, 131, 224, 214, 302, 
19, 522, 502, -270, -241, 512, -87, -97, 131, 224, 214, 297, 
19, 522, 502, -270, -241, 512, -82, -97, 126, 219, 214, 297, 
14, 522, 507, -268, -246, 514, -82, -97, 126, 219, 219, 297, 
14, 522, 507, -268, -246, 514, -82, -97, 131, 209, 219, 292, 
14, 522, 507, -268, -246, 514, -82, -97, 131, 209, 219, 292, 
14, 527, 512, -270, -248, 519, -82, -97, 131, 214, 214, 287, 
14, 527, 512, -270, -248, 519, -82, -102, 131, 214, 214, 287, 
24, 522, 497, -273, -236, 509, -73, -102, 131, 209, 204, 292, 
24, 522, 497, -273, -236, 509, -73, -102, 126, 209, 204, 292, 
24, 522, 497, -273, -236, 509, -73, -102, 126, 214, 200, 292, 
24, 522, 497, -273, -236, 509, -73, -102, 126, 214, 200, 297, 
14, 522, 507, -268, -246, 514, -73, -97, 126, 209, 204, 297, 
14, 522, 507, -268, -246, 514, -73, -97, 126, 209, 214, 297, 
14, 522, 507, -268, -246, 514, -73, -97, 126, 209, 219, 297, 
19, 522, 502, -270, -241, 512, -73, -97, 126, 209, 224, 297, 
19, 512, 492, -265, -236, 502, -82, -97, 126, 209, 219, 297, 
19, 512, 492, -265, -236, 502, -82, -97, 126, 209, 219, 297, 
19, 512, 492, -265, -236, 502, -82, -97, 126, 209, 209, 292, 
14, 512, 497, -263, -241, 505, -82, -97, 126, 209, 209, 292, 
14, 517, 502, -265, -244, 509, -82, -92, 117, 200, 200, 292, 
14, 517, 502, -265, -244, 509, -82, -92, 117, 200, 200, 292, 
14, 517, 502, -265, -244, 509, -82, -97, 117, 200, 200, 292, 
19, 517, 497, -268, -239, 507, -82, -97, 117, 200, 200, 292, 
19, 517, 497, -268, -239, 507, -82, -97, 117, 209, 204, 292, 
19, 517, 497, -268, -239, 507, -82, -97, 117, 209, 204, 292, 
19, 517, 497, -268, -239, 507, -82, -97, 112, 209, 204, 292, 
24, 517, 492, -270, -234, 505, -82, -97, 112, 204, 204, 292, 
24, 527, 502, -275, -239, 514, -82, -107, 112, 204, 195, 292, 
24, 531, 507, -278, -241, 519, -82, -107, 112, 204, 200, 292, 
24, 531, 507, -278, -241, 519, -82, -107, 112, 204, 200, 292, 
24, 527, 502, -275, -239, 514, -82, -107, 112, 204, 200, 292, 
24, 527, 502, -275, -239, 514, -92, -107, 112, 195, 200, 283, 
24, 527, 502, -275, -239, 514, -92, -107, 112, 195, 200, 283, 
24, 527, 502, -275, -239, 514, -92, -107, 112, 195, 195, 283, 
24, 527, 502, -275, -239, 514, -92, -107, 112, 195, 195, 283, 
14, 517, 502, -265, -244, 509, -82, -97, 112, 195, 195, 292, 
14, 522, 507, -268, -246, 514, -82, -92, 112, 195, 195, 292, 
14, 522, 507, -268, -246, 514, -82, -92, 112, 195, 195, 292, 
14, 522, 507, -268, -246, 514, -82, -97, 112, 195, 195, 292, 
14, 522, 507, -268, -246, 514, -82, -97, 112, 190, 195, 292, 
14, 517, 502, -265, -244, 509, -82, -97, 112, 190, 195, 292, 
14, 517, 502, -265, -244, 509, -82, -92, 112, 195, 200, 292, 
14, 522, 507, -268, -246, 514, -82, -92, 112, 195, 200, 292, 
24, 527, 502, -275, -239, 514, -92, -107, 107, 195, 204, 283, 
24, 531, 507, -278, -241, 519, -92, -107, 107, 195, 204, 283, 
24, 536, 512, -280, -244, 524, -92, -107, 112, 195, 204, 283, 
24, 541, 517, -283, -246, 529, -92, -107, 112, 195, 204, 278, 
24, 551, 527, -287, -251, 539, -92, -112, 102, 195, 195, 287, 
24, 551, 527, -287, -251, 539, -92, -112, 102, 195, 195, 287, 
24, 551, 527, -287, -251, 539, -92, -117, 102, 195, 195, 287, 
24, 551, 527, -287, -251, 539, -92, -117, 102, 195, 195, 287, 
24, 551, 527, -287, -251, 539, -92, -117, 112, 195, 185, 287, 
24, 551, 527, -287, -251, 539, -92, -112, 112, 190, 185, 287, 
24, 551, 527, -287, -251, 539, -92, -112, 112, 190, 185, 287, 
24, 551, 527, -287, -251, 539, -92, -112, 112, 190, 185, 287, 
24, 536, 512, -280, -244, 524, -82, -102, 112, 190, 185, 283, 
24, 536, 512, -280, -244, 524, -82, -102, 107, 190, 185, 283, 
24, 541, 517, -283, -246, 529, -82, -102, 107, 195, 185, 283, 
24, 541, 517, -283, -246, 529, -82, -102, 107, 195, 185, 283, 
24, 541, 517, -283, -246, 529, -92, -102, 107, 195, 180, 283, 
29, 527, 497, -278, -234, 512, -87, -97, 107, 195, 185, 283, 
19, 536, 517, -278, -248, 527, -87, -107, 107, 195, 185, 283, 
19, 536, 517, -278, -248, 527, -87, -107, 107, 195, 185, 283, 
19, 536, 517, -278, -248, 527, -87, -107, 107, 195, 185, 283, 
19, 536, 517, -278, -248, 527, -87, -107, 107, 195, 185, 283, 
29, 546, 517, -287, -244, 531, -97, -107, 107, 195, 195, 292, 
29, 546, 517, -287, -244, 531, -97, -107, 107, 195, 195, 292, 
29, 546, 517, -287, -244, 531, -97, -107, 107, 195, 195, 292, 
29, 546, 517, -287, -244, 531, -97, -107, 107, 195, 195, 292, 
19, 546, 527, -283, -253, 536, -87, -107, 107, 195, 185, 283, 
19, 546, 527, -283, -253, 536, -87, -107, 107, 195, 185, 283, 
19, 546, 527, -283, -253, 536, -87, -107, 107, 195, 185, 283, 
19, 546, 527, -283, -253, 536, -87, -107, 107, 195, 185, 283, 
29, 546, 517, -287, -244, 531, -97, -107, 107, 195, 185, 283, 
29, 546, 517, -287, -244, 531, -97, -107, 107, 195, 185, 283, 
29, 546, 517, -287, -244, 531, -97, -107, 107, 195, 185, 283, 
29, 546, 517, -287, -244, 531, -97, -107, 107, 195, 185, 283, 
29, 536, 507, -283, -239, 522, -87, -107, 107, 185, 185, 283, 
29, 536, 507, -283, -239, 522, -87, -107, 107, 185, 185, 283, 
29, 536, 507, -283, -239, 522, -87, -107, 107, 185, 185, 283, 
29, 536, 507, -283, -239, 522, -87, -107, 107, 185, 185, 283, 
39, 546, 507, -292, -234, 527, -97, -107, 97, 185, 185, 292, 
39, 546, 507, -292, -234, 527, -97, -107, 97, 185, 185, 292, 
39, 546, 507, -292, -234, 527, -97, -107, 97, 185, 185, 292, 
39, 546, 507, -292, -234, 527, -97, -107, 97, 185, 185, 292, 
29, 556, 527, -292, -248, 541, -97, -107, 97, 185, 185, 283, 
29, 556, 527, -292, -248, 541, -97, -107, 97, 185, 185, 283, 
29, 556, 527, -292, -248, 541, -97, -107, 97, 185, 185, 283, 
29, 556, 527, -292, -248, 541, -97, -107, 97, 185, 185, 283, 
29, 566, 536, -297, -253, 551, -97, -107, 97, 185, 175, 273, 
29, 566, 536, -297, -253, 551, -97, -107, 97, 185, 175, 273, 
29, 566, 536, -297, -253, 551, -97, -107, 97, 185, 175, 273, 
29, 566, 536, -297, -253, 551, -97, -107, 97, 185, 175, 273, 
29, 556, 527, -292, -248, 541, -97, -107, 107, 175, 165, 273, 
29, 556, 527, -292, -248, 541, -97, -107, 107, 175, 165, 273, 
29, 556, 527, -292, -248, 541, -97, -107, 107, 175, 165, 273, 
29, 556, 527, -292, -248, 541, -97, -107, 107, 175, 165, 273, 
29, 546, 517, -287, -244, 531, -97, -107, 107, 185, 165, 283, 
29, 546, 517, -287, -244, 531, -97, -107, 107, 185, 165, 283, 
29, 546, 517, -287, -244, 531, -97, -107, 107, 185, 165, 283, 
29, 546, 517, -287, -244, 531, -97, -107, 107, 185, 165, 283, 
29, 556, 527, -292, -248, 541, -97, -107, 97, 185, 170, 283, 
29, 556, 527, -292, -248, 541, -97, -107, 97, 185, 175, 283, 
29, 556, 527, -292, -248, 541, -97, -107, 97, 185, 180, 283, 
29, 556, 527, -292, -248, 541, -97, -107, 97, 185, 185, 283, 
39, 566, 527, -302, -244, 546, -97, -107, 97, 185, 185, 283, 
39, 570, 531, -305, -246, 551, -97, -107, 97, 185, 185, 283, 
39, 570, 531, -305, -246, 551, -97, -107, 97, 185, 185, 283, 
39, 570, 531, -305, -246, 551, -97, -107, 97, 185, 185, 283, 
29, 570, 541, -300, -256, 556, -97, -107, 107, 185, 195, 283, 
29, 570, 541, -300, -256, 556, -97, -107, 107, 185, 195, 283, 
29, 570, 541, -300, -256, 556, -97, -107, 107, 185, 195, 283, 
29, 570, 541, -300, -256, 556, -97, -107, 107, 185, 195, 283, 
19, 570, 551, -295, -265, 561, -97, -107, 107, 185, 190, 283, 
19, 570, 551, -295, -265, 561, -97, -107, 107, 185, 185, 283, 
19, 570, 551, -295, -265, 561, -97, -107, 107, 190, 180, 283, 
19, 570, 551, -295, -265, 561, -97, -107, 107, 190, 175, 283, 
29, 570, 541, -300, -256, 556, -97, -107, 97, 180, 175, 273, 
29, 570, 541, -300, -256, 556, -97, -107, 97, 180, 175, 273, 
29, 570, 541, -300, -256, 556, -97, -107, 97, 180, 175, 273, 
34, 570, 536, -302, -251, 553, -97, -107, 97, 180, 175, 273, 
34, 570, 536, -302, -251, 553, -97, -107, 97, 180, 185, 273, 
34, 575, 541, -305, -253, 558, -97, -107, 102, 180, 185, 283, 
34, 590, 556, -312, -261, 573, -97, -102, 107, 185, 190, 283, 
34, 595, 561, -314, -263, 578, -92, -92, 112, 190, 200, 287, 
34, 610, 575, -322, -270, 592, -92, -102, 112, 195, 195, 297, 
39, 610, 570, -324, -265, 590, -87, -92, 117, 200, 200, 302, 
43, 614, 570, -329, -263, 592, -82, -92, 122, 209, 200, 302, 
48, 624, 575, -336, -263, 600, -78, -82, 126, 214, 200, 307, 
48, 629, 580, -339, -265, 605, -78, -73, 141, 229, 219, 307, 
48, 639, 590, -344, -270, 614, -78, -73, 141, 234, 224, 317, 
53, 644, 590, -348, -268, 617, -78, -68, 151, 234, 229, 322, 
53, 649, 595, -351, -270, 622, -78, -68, 151, 239, 234, 322, 
63, 644, 580, -353, -258, 612, -92, -58, 165, 234, 234, 322, 
68, 644, 575, -356, -253, 610, -92, -53, 165, 234, 234, 322, 
73, 649, 575, -361, -251, 612, -102, -53, 165, 234, 234, 326, 
73, 653, 580, -363, -253, 617, -107, -58, 165, 234, 234, 326, 
68, 653, 585, -361, -258, 619, -117, -73, 161, 244, 234, 326, 
68, 653, 585, -361, -258, 619, -122, -78, 161, 244, 234, 326, 
73, 653, 580, -363, -253, 617, -126, -78, 161, 244, 234, 326, 
73, 653, 580, -363, -253, 617, -136, -87, 161, 244, 234, 326, 
73, 644, 570, -358, -248, 607, -141, -87, 156, 239, 234, 322, 
73, 639, 566, -356, -246, 602, -146, -97, 151, 239, 229, 322, 
73, 639, 566, -356, -246, 602, -146, -102, 146, 239, 229, 322, 
78, 639, 561, -358, -241, 600, -146, -102, 136, 234, 229, 322, 
73, 639, 566, -356, -246, 602, -146, -107, 122, 219, 214, 322, 
73, 629, 556, -351, -241, 592, -151, -112, 117, 214, 214, 322, 
78, 629, 551, -353, -236, 590, -156, -112, 112, 209, 214, 322, 
78, 629, 551, -353, -236, 590, -156, -112, 112, 209, 214, 322, 
78, 639, 561, -358, -241, 600, -161, -112, 117, 209, 214, 331, 
82, 639, 556, -361, -236, 597, -161, -112, 112, 209, 209, 331, 
82, 639, 556, -361, -236, 597, -170, -122, 102, 200, 204, 331, 
82, 644, 561, -363, -239, 602, -170, -122, 102, 200, 204, 331, 
87, 653, 566, -370, -239, 610, -170, -131, 102, 200, 219, 331, 
92, 658, 566, -375, -236, 612, -170, -131, 102, 204, 219, 331, 
97, 663, 566, -380, -234, 614, -175, -131, 92, 204, 224, 341, 
102, 668, 566, -385, -231, 617, -175, -141, 92, 200, 224, 346, 
107, 683, 575, -395, -234, 629, -185, -141, 82, 190, 224, 346, 
112, 683, 570, -397, -229, 627, -185, -141, 82, 195, 224, 346, 
112, 688, 575, -400, -231, 631, -185, -136, 87, 195, 224, 346, 
112, 688, 575, -400, -231, 631, -185, -136, 87, 195, 224, 346, 
102, 673, 570, -387, -234, 622, -175, -126, 102, 204, 219, 336, 
102, 668, 566, -385, -231, 617, -170, -122, 102, 204, 219, 336, 
97, 668, 570, -383, -236, 619, -170, -112, 102, 204, 214, 331, 
92, 668, 575, -380, -241, 622, -156, -107, 102, 209, 214, 331, 
82, 644, 561, -363, -239, 602, -146, -107, 102, 209, 214, 331, 
82, 644, 561, -363, -239, 602, -136, -107, 102, 204, 214, 331, 
78, 634, 556, -356, -239, 595, -136, -102, 102, 204, 209, 326, 
73, 629, 556, -351, -241, 592, -131, -102, 102, 204, 209, 326, 
68, 624, 556, -346, -244, 590, -126, -102, 87, 200, 200, 331, 
63, 614, 551, -339, -244, 583, -122, -97, 87, 200, 200, 326, 
63, 605, 541, -334, -239, 573, -117, -97, 82, 195, 190, 322, 
53, 595, 541, -324, -244, 568, -112, -97, 82, 185, 185, 307, 
39, 580, 541, -309, -251, 561, -107, -87, 78, 180, 180, 307, 
39, 566, 527, -302, -244, 546, -102, -87, 78, 170, 165, 292, 
34, 551, 517, -292, -241, 534, -97, -92, 78, 165, 156, 283, 
19, 536, 517, -278, -248, 527, -92, -92, 78, 161, 156, 283, 
24, 517, 492, -270, -234, 505, -87, -102, 73, 161, 165, 283, 
19, 512, 492, -265, -236, 502, -87, -102, 68, 156, 165, 283, 
19, 512, 492, -265, -236, 502, -92, -102, 68, 151, 161, 278, 
19, 512, 492, -265, -236, 502, -97, -102, 68, 146, 156, 278, 
19, 502, 483, -261, -231, 492, -92, -97, 68, 156, 156, 278, 
19, 502, 483, -261, -231, 492, -92, -97, 68, 156, 156, 278, 
19, 502, 483, -261, -231, 492, -87, -97, 68, 156, 156, 278, 
19, 507, 488, -263, -234, 497, -82, -92, 68, 161, 156, 278, 
19, 497, 478, -258, -229, 488, -82, -82, 78, 161, 156, 283, 
24, 497, 473, -261, -224, 485, -82, -82, 78, 161, 161, 283, 
24, 497, 473, -261, -224, 485, -82, -82, 78, 165, 161, 283, 
24, 497, 473, -261, -224, 485, -78, -82, 82, 165, 165, 287, 
24, 497, 473, -261, -224, 485, -68, -68, 82, 175, 165, 287, 
34, 502, 468, -268, -217, 485, -63, -58, 82, 175, 165, 283, 
29, 488, 458, -258, -214, 473, -48, -34, 82, 156, 151, 268, 
9, 463, 453, -236, -222, 458, -24, -4, 97, 146, 141, 253, 
4, 453, 448, -229, -222, 451, 4, 29, 112, 161, 136, 239, 
4, 458, 453, -231, -224, 456, 39, 68, 136, 161, 122, 239, 
0, 468, 468, -234, -234, 468, 73, 92, 175, 165, 122, 229, 
0, 483, 483, -241, -241, 483, 97, 131, 219, 200, 151, 258, 
29, 541, 512, -285, -241, 527, 97, 190, 302, 292, 224, 317, 
53, 610, 556, -331, -251, 583, 107, 273, 390, 414, 326, 385, 
102, 692, 590, -397, -244, 641, 117, 375, 497, 531, 444, 468, 
156, 805, 649, -480, -246, 727, 141, 488, 649, 692, 595, 580, 
219, 951, 732, -585, -256, 841, 141, 614, 829, 912, 790, 736, 
322, 1102, 780, -712, -229, 941, 122, 732, 1000, 1141, 1029, 917, 
434, 1254, 819, -844, -192, 1037, 97, 849, 1151, 1356, 1249, 1098, 
546, 1376, 829, -961, -141, 1102, 87, 936, 1283, 1537, 1444, 1259, 
629, 1478, 849, -1054, -109, 1163, 73, 990, 1351, 1664, 1581, 1385, 
678, 1566, 888, -1122, -104, 1227, 48, 990, 1381, 1756, 1683, 1478, 
692, 1678, 985, -1185, -146, 1332, -43, 839, 1400, 1849, 1795, 1605, 
668, 1790, 1122, -1229, -226, 1456, -151, 546, 1381, 1898, 1888, 1708, 
634, 1790, 1156, -1212, -261, 1473, -224, 292, 1298, 1825, 1849, 1712, 
595, 1673, 1078, -1134, -241, 1376, -234, 141, 1137, 1644, 1693, 1605, 
541, 1512, 971, -1027, -214, 1241, -292, -48, 961, 1429, 1507, 1468, 
492, 1376, 883, -934, -195, 1129, -444, -336, 697, 1171, 1307, 1351, 
448, 1234, 785, -841, -168, 1010, -566, -575, 356, 839, 1049, 1210, 
375, 1068, 692, -722, -158, 880, -585, -688, 53, 507, 775, 1034, 
273, 893, 619, -583, -173, 756, -566, -771, -185, 244, 541, 858, 
185, 746, 561, -466, -187, 653, -561, -893, -453, -53, 287, 668, 
122, 649, 527, -385, -202, 588, -580, -971, -639, -273, 78, 502, 
102, 614, 512, -358, -204, 563, -590, -946, -619, -278, 29, 444, 
78, 629, 551, -353, -236, 590, -561, -839, -488, -170, 68, 424, 
73, 644, 570, -358, -248, 607, -502, -736, -370, -92, 92, 409, 
68, 673, 605, -370, -268, 639, -458, -610, -263, -19, 131, 409, 
73, 702, 629, -387, -278, 666, -414, -507, -151, 58, 185, 429, 
63, 688, 624, -375, -280, 656, -380, -429, -112, 92, 214, 434, 
53, 644, 590, -348, -268, 617, -331, -351, -97, 97, 214, 419, 
58, 610, 551, -334, -246, 580, -268, -258, -63, 107, 204, 390, 
53, 590, 536, -322, -241, 563, -204, -175, -19, 136, 200, 361, 
48, 580, 531, -314, -241, 556, -146, -117, 29, 175, 209, 356, 
48, 566, 517, -307, -234, 541, -112, -87, 58, 185, 204, 341, 
43, 561, 517, -302, -236, 539, -97, -73, 68, 185, 209, 336, 
34, 551, 517, -292, -241, 534, -87, -63, 78, 195, 200, 331, 
19, 541, 522, -280, -251, 531, -87, -53, 87, 204, 209, 326, 
19, 541, 522, -280, -251, 531, -87, -58, 92, 204, 209, 326, 
19, 541, 522, -280, -251, 531, -87, -63, 97, 209, 214, 326, 
19, 541, 522, -280, -251, 531, -87, -63, 97, 209, 219, 326, 
24, 541, 517, -283, -246, 529, -92, -58, 97, 200, 209, 326, 
19, 536, 517, -278, -248, 527, -92, -53, 97, 190, 200, 326, 
19, 531, 512, -275, -246, 522, -87, -43, 97, 190, 190, 322, 
19, 527, 507, -273, -244, 517, -78, -39, 92, 190, 190, 312, 
19, 522, 502, -270, -241, 512, -63, -34, 92, 185, 180, 317, 
19, 517, 497, -268, -239, 507, -58, -29, 92, 185, 180, 312, 
19, 517, 497, -268, -239, 507, -58, -19, 97, 185, 180, 307, 
14, 517, 502, -265, -244, 509, -58, -19, 97, 190, 180, 307, 
4, 507, 502, -256, -248, 505, -53, -14, 107, 209, 185, 317, 
4, 507, 502, -256, -248, 505, -48, -14, 112, 209, 195, 317, 
4, 507, 502, -256, -248, 505, -48, -14, 112, 209, 200, 317, 
9, 512, 502, -261, -246, 507, -48, -9, 112, 214, 204, 317, 
9, 522, 512, -265, -251, 517, -48, -14, 107, 204, 195, 307, 
4, 522, 517, -263, -256, 519, -39, -9, 107, 204, 195, 307, 
4, 517, 512, -261, -253, 514, -39, -9, 107, 204, 195, 307, 
0, 517, 517, -258, -258, 517, -39, -9, 107, 209, 195, 307, 
9, 517, 507, -263, -248, 512, -48, 0, 112, 200, 195, 307, 
9, 517, 507, -263, -248, 512, -48, 0, 117, 200, 195, 312, 
14, 522, 507, -268, -246, 514, -48, 0, 117, 204, 195, 312, 
14, 522, 507, -268, -246, 514, -48, 0, 117, 204, 195, 312, 
4, 522, 517, -263, -256, 519, -39, 4, 126, 204, 204, 322, 
4, 522, 517, -263, -256, 519, -39, 4, 126, 204, 204, 322, 
4, 522, 517, -263, -256, 519, -34, 9, 126, 204, 209, 322, 
9, 522, 512, -265, -251, 517, -34, 14, 126, 209, 209, 322, 
9, 522, 512, -265, -251, 517, -34, 4, 126, 209, 204, 312, 
9, 522, 512, -265, -251, 517, -34, 4, 126, 209, 204, 312, 
9, 522, 512, -265, -251, 517, -34, 4, 131, 209, 200, 312, 
9, 527, 517, -268, -253, 522, -34, 4, 131, 209, 195, 312, 
4, 531, 527, -268, -261, 529, -34, 9, 131, 209, 200, 307, 
4, 531, 527, -268, -261, 529, -34, 9, 131, 209, 200, 307, 
9, 531, 522, -270, -256, 527, -34, 9, 131, 214, 200, 307, 
9, 536, 527, -273, -258, 531, -34, 9, 131, 219, 200, 307, 
9, 536, 527, -273, -258, 531, -34, 9, 136, 219, 209, 307, 
9, 531, 522, -270, -256, 527, -34, 9, 136, 219, 209, 307, 
9, 531, 522, -270, -256, 527, -34, 9, 136, 219, 214, 312, 
9, 541, 531, -275, -261, 536, -34, 9, 141, 219, 214, 312, 
9, 551, 541, -280, -265, 546, -34, 19, 141, 229, 214, 322, 
9, 551, 541, -280, -265, 546, -34, 19, 141, 234, 214, 326, 
9, 551, 541, -280, -265, 546, -34, 24, 141, 234, 219, 326, 
9, 551, 541, -280, -265, 546, -34, 24, 141, 229, 219, 326, 
9, 551, 541, -280, -265, 546, -34, 14, 141, 219, 219, 326, 
9, 551, 541, -280, -265, 546, -34, 14, 146, 224, 219, 331, 
9, 556, 546, -283, -268, 551, -34, 14, 146, 224, 224, 331, 
9, 556, 546, -283, -268, 551, -34, 14, 146, 229, 224, 336, 
9, 556, 546, -283, -268, 551, -43, 14, 141, 219, 214, 326, 
9, 556, 546, -283, -268, 551, -43, 19, 146, 224, 219, 326, 
9, 556, 546, -283, -268, 551, -43, 24, 146, 224, 219, 326, 
14, 561, 546, -287, -265, 553, -43, 24, 151, 224, 219, 331, 
14, 556, 541, -285, -263, 549, -43, 24, 151, 244, 229, 341, 
14, 556, 541, -285, -263, 549, -43, 24, 156, 244, 234, 341, 
14, 556, 541, -285, -263, 549, -43, 29, 156, 244, 244, 341, 
19, 556, 536, -287, -258, 546, -43, 29, 156, 244, 248, 346, 
19, 561, 541, -290, -261, 551, -43, 29, 156, 239, 244, 336, 
19, 570, 551, -295, -265, 561, -43, 29, 161, 239, 248, 341, 
19, 575, 556, -297, -268, 566, -43, 34, 165, 244, 248, 351, 
19, 585, 566, -302, -273, 575, -43, 34, 165, 244, 244, 351, 
19, 575, 556, -297, -268, 566, -43, 34, 170, 239, 244, 351, 
19, 575, 556, -297, -268, 566, -43, 34, 170, 244, 248, 351, 
19, 575, 556, -297, -268, 566, -43, 39, 170, 248, 248, 351, 
24, 580, 556, -302, -265, 568, -43, 39, 175, 253, 248, 351, 
24, 585, 561, -305, -268, 573, -53, 43, 175, 268, 263, 366, 
29, 585, 556, -307, -263, 570, -53, 43, 175, 268, 263, 370, 
29, 585, 556, -307, -263, 570, -53, 48, 175, 268, 273, 370, 
34, 585, 551, -309, -258, 568, -53, 48, 185, 268, 273, 370, 
34, 590, 556, -312, -261, 573, -63, 48, 180, 268, 278, 366, 
34, 595, 561, -314, -263, 578, -63, 48, 180, 278, 283, 375, 
34, 600, 566, -317, -265, 583, -63, 53, 185, 283, 283, 380, 
34, 605, 570, -319, -268, 588, -63, 58, 185, 287, 287, 380, 
39, 610, 570, -324, -265, 590, -68, 63, 185, 278, 292, 395, 
43, 614, 570, -329, -263, 592, -68, 63, 195, 283, 292, 400, 
43, 614, 570, -329, -263, 592, -68, 63, 200, 283, 297, 400, 
43, 619, 575, -331, -265, 597, -68, 63, 200, 287, 302, 400, 
43, 624, 580, -334, -268, 602, -68, 63, 190, 292, 297, 395, 
53, 629, 575, -341, -261, 602, -73, 68, 190, 292, 302, 395, 
53, 634, 580, -344, -263, 607, -78, 73, 195, 297, 307, 405, 
53, 634, 580, -344, -263, 607, -78, 73, 200, 302, 307, 409, 
53, 639, 585, -346, -265, 612, -82, 78, 195, 307, 312, 424, 
53, 644, 590, -348, -268, 617, -82, 78, 200, 312, 317, 424, 
63, 649, 585, -356, -261, 617, -82, 82, 200, 317, 326, 429, 
63, 653, 590, -358, -263, 622, -82, 82, 204, 322, 331, 434, 
63, 658, 595, -361, -265, 627, -87, 73, 219, 336, 341, 444, 
68, 663, 595, -366, -263, 629, -92, 82, 224, 341, 351, 448, 
73, 668, 595, -370, -261, 631, -92, 87, 224, 351, 351, 453, 
73, 673, 600, -373, -263, 636, -92, 92, 224, 356, 361, 458, 
73, 678, 605, -375, -265, 641, -97, 92, 229, 361, 361, 453, 
78, 683, 605, -380, -263, 644, -97, 97, 234, 361, 366, 458, 
78, 692, 614, -385, -268, 653, -107, 102, 234, 361, 366, 468, 
87, 692, 605, -390, -258, 649, -107, 102, 244, 361, 375, 478, 
92, 707, 614, -400, -261, 661, -122, 102, 248, 370, 370, 468, 
92, 707, 614, -400, -261, 661, -122, 107, 253, 375, 380, 478, 
92, 712, 619, -402, -263, 666, -122, 112, 253, 385, 390, 483, 
102, 717, 614, -409, -256, 666, -122, 112, 253, 385, 395, 483, 
102, 707, 605, -405, -251, 656, -126, 122, 248, 405, 405, 492, 
102, 712, 610, -407, -253, 661, -131, 126, 253, 405, 414, 497, 
112, 717, 605, -414, -246, 661, -131, 126, 258, 409, 424, 507, 
112, 722, 610, -417, -248, 666, -131, 126, 258, 414, 424, 507, 
107, 732, 624, -419, -258, 678, -141, 126, 258, 414, 429, 522, 
112, 736, 624, -424, -256, 680, -146, 126, 263, 419, 429, 522, 
112, 746, 634, -429, -261, 690, -146, 131, 263, 424, 434, 527, 
112, 746, 634, -429, -261, 690, -151, 131, 263, 429, 439, 531, 
122, 741, 619, -431, -248, 680, -151, 122, 268, 434, 444, 536, 
126, 746, 619, -436, -246, 683, -151, 122, 268, 439, 448, 536, 
126, 751, 624, -439, -248, 688, -151, 126, 268, 444, 448, 541, 
126, 751, 624, -439, -248, 688, -151, 126, 268, 444, 448, 541, 
126, 751, 624, -439, -248, 688, -165, 126, 278, 448, 453, 541, 
126, 756, 629, -441, -251, 692, -165, 126, 278, 448, 453, 546, 
126, 761, 634, -444, -253, 697, -165, 126, 278, 444, 453, 546, 
126, 761, 634, -444, -253, 697, -170, 126, 278, 444, 453, 546, 
126, 771, 644, -448, -258, 707, -161, 117, 268, 448, 453, 546, 
126, 771, 644, -448, -258, 707, -165, 117, 268, 448, 458, 551, 
126, 771, 644, -448, -258, 707, -165, 112, 268, 448, 458, 551, 
126, 771, 644, -448, -258, 707, -170, 112, 268, 453, 458, 551, 
136, 780, 644, -458, -253, 712, -180, 112, 268, 448, 448, 551, 
136, 780, 644, -458, -253, 712, -180, 107, 268, 448, 448, 551, 
136, 780, 644, -458, -253, 712, -180, 97, 268, 444, 448, 551, 
136, 775, 639, -456, -251, 707, -180, 97, 268, 444, 448, 551, 
136, 766, 629, -451, -246, 697, -185, 97, 268, 434, 458, 561, 
136, 766, 629, -451, -246, 697, -185, 97, 268, 434, 458, 561, 
136, 761, 624, -448, -244, 692, -185, 92, 268, 434, 458, 561, 
136, 761, 624, -448, -244, 692, -185, 92, 268, 434, 458, 561, 
126, 761, 634, -444, -253, 697, -180, 92, 268, 439, 458, 561, 
126, 766, 639, -446, -256, 702, -180, 87, 268, 439, 458, 561, 
122, 766, 644, -444, -261, 705, -180, 82, 268, 439, 453, 556, 
122, 766, 644, -444, -261, 705, -180, 82, 268, 439, 453, 556, 
122, 775, 653, -448, -265, 714, -190, 82, 263, 439, 444, 546, 
122, 775, 653, -448, -265, 714, -190, 82, 263, 439, 444, 546, 
122, 771, 649, -446, -263, 710, -190, 82, 258, 434, 444, 546, 
122, 766, 644, -444, -261, 705, -185, 82, 258, 434, 444, 546, 
126, 766, 639, -446, -256, 702, -185, 78, 258, 429, 444, 546, 
122, 761, 639, -441, -258, 700, -185, 73, 253, 424, 429, 536, 
122, 761, 639, -441, -258, 700, -185, 73, 253, 424, 429, 536, 
117, 751, 634, -434, -258, 692, -185, 73, 253, 414, 419, 531, 
107, 741, 634, -424, -263, 688, -175, 73, 268, 424, 419, 522, 
102, 736, 634, -419, -265, 685, -170, 73, 268, 414, 414, 517, 
102, 732, 629, -417, -263, 680, -165, 73, 263, 409, 409, 512, 
97, 727, 629, -412, -265, 678, -161, 68, 258, 405, 405, 507, 
102, 722, 619, -412, -258, 671, -161, 68, 253, 405, 400, 502, 
97, 712, 614, -405, -258, 663, -161, 58, 253, 400, 395, 497, 
97, 707, 610, -402, -256, 658, -161, 58, 253, 390, 390, 488, 
97, 702, 605, -400, -253, 653, -161, 53, 244, 385, 385, 483, 
97, 697, 600, -397, -251, 649, -141, 48, 253, 366, 380, 478, 
87, 692, 605, -390, -258, 649, -141, 48, 248, 356, 370, 473, 
82, 683, 600, -383, -258, 641, -141, 48, 244, 351, 366, 463, 
78, 683, 605, -380, -263, 644, -131, 48, 239, 346, 356, 458, 
78, 673, 595, -375, -258, 634, -126, 48, 239, 351, 346, 444, 
73, 663, 590, -368, -258, 627, -122, 48, 234, 346, 341, 444, 
68, 658, 590, -363, -261, 624, -117, 43, 234, 341, 336, 434, 
63, 653, 590, -358, -263, 622, -117, 43, 229, 336, 322, 434, 
58, 649, 590, -353, -265, 619, -117, 39, 224, 331, 312, 439, 
53, 639, 585, -346, -265, 612, -112, 34, 214, 326, 307, 429, 
48, 634, 585, -341, -268, 610, -112, 29, 214, 317, 302, 424, 
48, 629, 580, -339, -265, 605, -107, 29, 209, 312, 297, 424, 
39, 629, 590, -334, -275, 610, -107, 24, 209, 302, 292, 414, 
39, 624, 585, -331, -273, 605, -107, 24, 204, 297, 292, 405, 
39, 614, 575, -326, -268, 595, -107, 24, 200, 287, 283, 400, 
34, 614, 580, -324, -273, 597, -107, 14, 195, 273, 278, 400, 
34, 605, 570, -319, -268, 588, -107, 19, 190, 273, 273, 385, 
34, 600, 566, -317, -265, 583, -102, 19, 185, 268, 263, 385, 
29, 600, 570, -314, -270, 585, -102, 14, 180, 263, 258, 380, 
24, 600, 575, -312, -275, 588, -102, 14, 175, 258, 253, 375, 
34, 595, 561, -314, -263, 578, -92, 4, 175, 263, 248, 380, 
29, 590, 561, -309, -265, 575, -92, 4, 175, 258, 244, 380, 
24, 585, 561, -305, -268, 573, -92, 0, 175, 258, 244, 375, 
24, 585, 561, -305, -268, 573, -92, 0, 175, 253, 239, 375, 
24, 595, 570, -309, -273, 583, -92, 0, 175, 244, 234, 370, 
24, 590, 566, -307, -270, 578, -92, 0, 175, 239, 229, 366, 
24, 585, 561, -305, -268, 573, -87, 0, 170, 239, 229, 366, 
24, 585, 561, -305, -268, 573, -87, 0, 170, 239, 229, 366, 
14, 575, 561, -295, -273, 568, -87, 9, 161, 244, 229, 366, 
14, 575, 561, -295, -273, 568, -87, 9, 161, 244, 229, 366, 
14, 575, 561, -295, -273, 568, -87, 4, 161, 244, 229, 366, 
19, 570, 551, -295, -265, 561, -87, 4, 161, 244, 229, 366, 
19, 570, 551, -295, -265, 561, -87, 0, 156, 229, 229, 375, 
19, 570, 551, -295, -265, 561, -87, 0, 156, 229, 229, 375, 
19, 570, 551, -295, -265, 561, -82, 0, 161, 229, 229, 370, 
19, 566, 546, -292, -263, 556, -82, 0, 161, 229, 229, 366, 
19, 575, 556, -297, -268, 566, -82, 0, 170, 224, 229, 356, 
19, 575, 556, -297, -268, 566, -82, 0, 170, 224, 229, 361, 
19, 575, 556, -297, -268, 566, -82, 0, 170, 224, 229, 361, 
19, 575, 556, -297, -268, 566, -82, 0, 170, 224, 229, 361, 
29, 570, 541, -300, -256, 556, -92, 4, 170, 234, 239, 361, 
29, 570, 541, -300, -256, 556, -92, 4, 170, 234, 239, 366, 
29, 575, 546, -302, -258, 561, -92, 4, 170, 239, 239, 370, 
29, 575, 546, -302, -258, 561, -92, 4, 170, 239, 244, 370, 
29, 575, 546, -302, -258, 561, -82, 4, 165, 239, 244, 370, 
29, 575, 546, -302, -258, 561, -82, 4, 165, 239, 244, 370, 
29, 580, 551, -305, -261, 566, -87, 4, 170, 239, 244, 370, 
29, 580, 551, -305, -261, 566, -87, 4, 170, 239, 244, 370, 
24, 590, 566, -307, -270, 578, -87, 4, 161, 239, 244, 380, 
24, 590, 566, -307, -270, 578, -87, 4, 161, 239, 244, 380, 
29, 590, 561, -309, -265, 575, -92, 4, 161, 239, 244, 380, 
29, 590, 561, -309, -265, 575, -92, 4, 161, 239, 244, 380, 
29, 590, 561, -309, -265, 575, -92, 4, 170, 248, 244, 380, 
29, 595, 566, -312, -268, 580, -92, 4, 170, 253, 244, 380, 
29, 595, 566, -312, -268, 580, -92, 4, 170, 253, 248, 380, 
29, 595, 566, -312, -268, 580, -92, 4, 170, 253, 248, 380, 
39, 605, 566, -322, -263, 585, -92, 4, 180, 244, 253, 380, 
39, 605, 566, -322, -263, 585, -92, 4, 180, 244, 253, 385, 
39, 610, 570, -324, -265, 590, -92, 4, 180, 244, 253, 385, 
39, 610, 570, -324, -265, 590, -92, 4, 180, 244, 253, 385, 
39, 605, 566, -322, -263, 585, -92, 4, 170, 244, 253, 385, 
39, 605, 566, -322, -263, 585, -92, 4, 170, 244, 253, 385, 
39, 610, 570, -324, -265, 590, -92, 4, 170, 248, 263, 385, 
39, 610, 570, -324, -265, 590, -92, 4, 170, 248, 263, 385, 
34, 614, 580, -324, -273, 597, -92, -4, 180, 258, 258, 385, 
34, 614, 580, -324, -273, 597, -92, -4, 180, 258, 258, 385, 
34, 614, 580, -324, -273, 597, -92, -4, 180, 258, 258, 385, 
29, 614, 585, -322, -278, 600, -92, -4, 180, 258, 258, 385, 
34, 614, 580, -324, -273, 597, -102, 4, 180, 248, 258, 390, 
43, 614, 570, -329, -263, 592, -102, 4, 180, 248, 253, 390, 
48, 614, 566, -331, -258, 590, -102, 4, 180, 248, 253, 390, 
53, 614, 561, -334, -253, 588, -102, 4, 180, 248, 258, 390, 
43, 614, 570, -329, -263, 592, -102, 4, 180, 253, 258, 400, 
43, 614, 570, -329, -263, 592, -102, 4, 180, 253, 258, 400, 
48, 614, 566, -331, -258, 590, -102, 4, 180, 253, 258, 400, 
53, 614, 561, -334, -253, 588, -102, 4, 180, 253, 258, 400, 
43, 624, 580, -334, -268, 602, -92, 4, 180, 244, 248, 400, 
43, 624, 580, -334, -268, 602, -92, 4, 175, 244, 248, 400, 
39, 624, 585, -331, -273, 605, -92, 4, 175, 239, 248, 400, 
39, 624, 585, -331, -273, 605, -92, 4, 175, 239, 248, 395, 
48, 624, 575, -336, -263, 600, -92, 4, 185, 248, 248, 395, 
48, 624, 575, -336, -263, 600, -92, 4, 185, 248, 248, 395, 
48, 619, 570, -334, -261, 595, -92, 4, 185, 248, 248, 395, 
48, 619, 570, -334, -261, 595, -92, 4, 180, 248, 244, 395, 
39, 619, 580, -329, -270, 600, -92, 4, 185, 248, 244, 385, 
39, 614, 575, -326, -268, 595, -92, 4, 185, 248, 244, 385, 
39, 610, 570, -324, -265, 590, -92, 4, 185, 248, 244, 385, 
39, 605, 566, -322, -263, 585, -92, 4, 185, 248, 244, 385, 
48, 605, 556, -326, -253, 580, -92, 4, 175, 244, 244, 385, 
48, 600, 551, -324, -251, 575, -92, 4, 175, 244, 239, 385, 
48, 600, 551, -324, -251, 575, -92, 0, 170, 244, 239, 385, 
48, 600, 551, -324, -251, 575, -92, 0, 170, 244, 239, 385, 
48, 600, 551, -324, -251, 575, -92, 4, 170, 234, 239, 385, 
48, 595, 546, -322, -248, 570, -92, 4, 170, 234, 239, 380, 
48, 595, 546, -322, -248, 570, -92, 4, 165, 234, 239, 380, 
48, 595, 546, -322, -248, 570, -92, 4, 165, 234, 239, 380, 
39, 595, 556, -317, -258, 575, -82, 0, 165, 229, 234, 380, 
39, 595, 556, -317, -258, 575, -82, 0, 165, 224, 234, 380, 
39, 595, 556, -317, -258, 575, -82, 0, 165, 224, 234, 380, 
39, 590, 551, -314, -256, 570, -82, 0, 161, 224, 234, 375, 
39, 590, 551, -314, -256, 570, -82, 0, 161, 224, 229, 370, 
39, 590, 551, -314, -256, 570, -82, 0, 161, 224, 224, 370, 
39, 590, 551, -314, -256, 570, -82, 0, 156, 219, 224, 370, 
39, 590, 551, -314, -256, 570, -82, 0, 156, 214, 224, 370, 
39, 580, 541, -309, -251, 561, -82, 0, 146, 214, 224, 370, 
39, 580, 541, -309, -251, 561, -82, 0, 146, 214, 224, 366, 
39, 580, 541, -309, -251, 561, -82, 0, 146, 214, 224, 366, 
43, 575, 531, -309, -244, 553, -82, 0, 146, 214, 219, 366, 
43, 580, 536, -312, -246, 558, -87, 0, 141, 214, 219, 356, 
43, 580, 536, -312, -246, 558, -87, 0, 141, 214, 219, 356, 
43, 580, 536, -312, -246, 558, -87, 0, 141, 214, 219, 356, 
43, 580, 536, -312, -246, 558, -87, 0, 136, 214, 219, 356, 
34, 580, 546, -307, -256, 563, -78, 0, 146, 214, 214, 361, 
34, 575, 541, -305, -253, 558, -78, 0, 141, 209, 214, 361, 
34, 575, 541, -305, -253, 558, -82, 0, 141, 209, 214, 366, 
34, 575, 541, -305, -253, 558, -82, -4, 141, 214, 214, 366, 
34, 575, 541, -305, -253, 558, -73, 4, 131, 214, 204, 366, 
34, 570, 536, -302, -251, 553, -73, 4, 131, 209, 204, 366, 
29, 570, 541, -300, -256, 556, -78, -4, 131, 204, 204, 366, 
29, 566, 536, -297, -253, 551, -78, -4, 131, 200, 209, 361, 
29, 570, 541, -300, -256, 556, -78, 0, 131, 200, 209, 361, 
34, 570, 536, -302, -251, 553, -78, 0, 131, 200, 204, 361, 
34, 570, 536, -302, -251, 553, -78, 0, 131, 200, 200, 361, 
34, 570, 536, -302, -251, 553, -78, 0, 126, 200, 200, 361, 
43, 570, 527, -307, -241, 549, -78, 0, 126, 195, 209, 361, 
43, 570, 527, -307, -241, 549, -78, 0, 126, 195, 209, 361, 
39, 566, 527, -302, -244, 546, -78, 0, 126, 195, 209, 361, 
39, 566, 527, -302, -244, 546, -78, 0, 122, 195, 204, 361, 
39, 556, 517, -297, -239, 536, -78, 9, 131, 195, 204, 361, 
39, 551, 512, -295, -236, 531, -78, 9, 131, 195, 204, 356, 
39, 551, 512, -295, -236, 531, -73, 9, 126, 190, 204, 356, 
34, 551, 517, -292, -241, 534, -73, 9, 126, 190, 209, 356, 
34, 551, 517, -292, -241, 534, -82, 9, 122, 190, 209, 361, 
34, 551, 517, -292, -241, 534, -82, 9, 122, 190, 209, 361, 
34, 556, 522, -295, -244, 539, -82, 9, 122, 195, 204, 356, 
34, 556, 522, -295, -244, 539, -82, 4, 122, 195, 204, 356, 
43, 561, 517, -302, -236, 539, -82, -4, 122, 190, 204, 341, 
43, 561, 517, -302, -236, 539, -82, -4, 117, 190, 204, 341, 
43, 561, 517, -302, -236, 539, -82, -4, 117, 195, 200, 341, 
43, 561, 517, -302, -236, 539, -82, -4, 117, 195, 200, 346, 
43, 561, 517, -302, -236, 539, -82, 0, 117, 190, 200, 346, 
43, 561, 517, -302, -236, 539, -82, 0, 117, 190, 204, 346, 
43, 561, 517, -302, -236, 539, -82, 0, 117, 190, 204, 346, 
48, 561, 512, -305, -231, 536, -82, 0, 117, 190, 204, 346, 
39, 561, 522, -300, -241, 541, -82, 0, 117, 190, 209, 356, 
39, 561, 522, -300, -241, 541, -82, 0, 117, 190, 209, 356, 
39, 561, 522, -300, -241, 541, -82, 0, 117, 190, 200, 351, 
34, 561, 527, -297, -246, 544, -82, 0, 117, 190, 200, 351, 
34, 556, 522, -295, -244, 539, -82, 14, 117, 190, 200, 351, 
34, 556, 522, -295, -244, 539, -82, 14, 117, 190, 200, 351, 
34, 556, 522, -295, -244, 539, -82, 9, 117, 190, 200, 351, 
39, 556, 517, -297, -239, 536, -82, 9, 117, 190, 200, 351, 
39, 546, 507, -292, -234, 527, -82, 9, 126, 190, 195, 351, 
39, 546, 507, -292, -234, 527, -82, 9, 126, 190, 195, 351, 
39, 546, 507, -292, -234, 527, -82, 9, 122, 190, 195, 351, 
43, 546, 502, -295, -229, 524, -82, 9, 122, 185, 195, 351, 
34, 536, 502, -285, -234, 519, -82, 9, 122, 185, 195, 351, 
34, 541, 507, -287, -236, 524, -82, 9, 122, 185, 200, 351, 
34, 541, 507, -287, -236, 524, -82, 9, 122, 185, 200, 351, 
34, 536, 502, -285, -234, 519, -82, 9, 122, 185, 200, 351, 
43, 546, 502, -295, -229, 524, -82, 9, 122, 185, 190, 351, 
43, 546, 502, -295, -229, 524, -82, 9, 122, 185, 190, 351, 
43, 546, 502, -295, -229, 524, -82, 9, 122, 185, 185, 351, 
43, 546, 502, -295, -229, 524, -82, 9, 122, 185, 185, 351, 
43, 536, 492, -290, -224, 514, -82, 0, 122, 185, 195, 351, 
43, 541, 497, -292, -226, 519, -82, 4, 122, 185, 195, 351, 
43, 541, 497, -292, -226, 519, -82, 4, 122, 185, 195, 351, 
43, 541, 497, -292, -226, 519, -82, 0, 122, 185, 195, 351, 
43, 541, 497, -292, -226, 519, -82, 9, 122, 180, 185, 341, 
43, 536, 492, -290, -224, 514, -82, 9, 122, 180, 185, 341, 
43, 536, 492, -290, -224, 514, -82, 14, 122, 185, 190, 341, 
43, 541, 497, -292, -226, 519, -82, 14, 122, 185, 190, 341, 
34, 541, 507, -287, -236, 524, -73, 9, 117, 185, 185, 341, 
34, 541, 507, -287, -236, 524, -73, 9, 117, 185, 185, 341, 
34, 541, 507, -287, -236, 524, -73, 9, 122, 185, 185, 341, 
34, 541, 507, -287, -236, 524, -73, 9, 122, 185, 185, 336, 
34, 541, 507, -287, -236, 524, -82, 4, 122, 185, 195, 346, 
34, 541, 507, -287, -236, 524, -82, 4, 122, 185, 195, 346, 
34, 541, 507, -287, -236, 524, -82, 0, 122, 185, 195, 346, 
34, 541, 507, -287, -236, 524, -82, 0, 122, 185, 195, 346, 
43, 541, 497, -292, -226, 519, -82, 0, 122, 185, 185, 346, 
43, 541, 497, -292, -226, 519, -82, 4, 122, 180, 185, 346, 
43, 541, 497, -292, -226, 519, -82, 4, 122, 180, 185, 346, 
43, 541, 497, -292, -226, 519, -82, 4, 122, 180, 185, 346, 
43, 546, 502, -295, -229, 524, -82, 4, 122, 190, 185, 351, 
43, 546, 502, -295, -229, 524, -82, 4, 117, 190, 185, 351, 
43, 551, 507, -297, -231, 529, -82, 4, 117, 195, 185, 351, 
43, 551, 507, -297, -231, 529, -82, 4, 117, 195, 185, 351, 
43, 551, 507, -297, -231, 529, -82, 4, 117, 195, 180, 351, 
39, 556, 517, -297, -239, 536, -87, 9, 117, 195, 175, 341, 
39, 546, 507, -292, -234, 527, -78, 9, 126, 185, 185, 351, 
39, 546, 507, -292, -234, 527, -78, 9, 126, 185, 185, 351, 
39, 546, 507, -292, -234, 527, -78, 9, 126, 185, 185, 351, 
39, 546, 507, -292, -234, 527, -78, 9, 126, 185, 185, 351, 
39, 536, 497, -287, -229, 517, -78, 19, 126, 185, 195, 351, 
39, 536, 497, -287, -229, 517, -78, 19, 126, 185, 195, 351, 
39, 536, 497, -287, -229, 517, -78, 19, 126, 185, 195, 351, 
39, 536, 497, -287, -229, 517, -78, 19, 126, 185, 195, 351, 
39, 536, 497, -287, -229, 517, -78, 19, 126, 185, 185, 351, 
39, 536, 497, -287, -229, 517, -78, 19, 126, 185, 185, 351, 
39, 536, 497, -287, -229, 517, -78, 19, 126, 185, 185, 351, 
39, 536, 497, -287, -229, 517, -78, 19, 126, 185, 185, 351, 
29, 536, 507, -283, -239, 522, -78, 19, 126, 195, 185, 351, 
29, 536, 507, -283, -239, 522, -78, 19, 126, 195, 185, 351, 
29, 536, 507, -283, -239, 522, -78, 19, 126, 195, 185, 351, 
29, 536, 507, -283, -239, 522, -78, 19, 126, 195, 185, 351, 
39, 536, 497, -287, -229, 517, -78, 29, 126, 195, 195, 351, 
39, 536, 497, -287, -229, 517, -78, 29, 126, 195, 195, 351, 
39, 536, 497, -287, -229, 517, -78, 29, 126, 195, 195, 351, 
39, 536, 497, -287, -229, 517, -78, 29, 126, 195, 195, 351, 
39, 527, 488, -283, -224, 507, -78, 29, 126, 195, 195, 351, 
39, 527, 488, -283, -224, 507, -78, 29, 126, 195, 195, 351, 
39, 527, 488, -283, -224, 507, -78, 29, 126, 195, 195, 351, 
39, 527, 488, -283, -224, 507, -78, 29, 126, 195, 195, 351, 
39, 527, 488, -283, -224, 507, -78, 29, 136, 195, 185, 351, 
39, 527, 488, -283, -224, 507, -78, 29, 136, 195, 185, 351, 
39, 527, 488, -283, -224, 507, -78, 29, 136, 195, 185, 351, 
39, 527, 488, -283, -224, 507, -78, 29, 136, 195, 185, 351, 
39, 527, 488, -283, -224, 507, -78, 29, 136, 195, 185, 351, 
39, 527, 488, -283, -224, 507, -78, 29, 136, 195, 185, 351, 
39, 527, 488, -283, -224, 507, -78, 29, 136, 195, 185, 351, 
39, 527, 488, -283, -224, 507, -78, 29, 136, 195, 185, 351, 
39, 536, 497, -287, -229, 517, -78, 39, 136, 195, 185, 351, 
39, 536, 497, -287, -229, 517, -78, 39, 136, 195, 185, 351, 
39, 536, 497, -287, -229, 517, -78, 39, 136, 195, 185, 351, 
39, 536, 497, -287, -229, 517, -78, 39, 136, 195, 185, 351, 
39, 527, 488, -283, -224, 507, -78, 29, 136, 195, 185, 351, 
39, 531, 492, -285, -226, 512, -78, 29, 136, 195, 185, 351, 
39, 531, 492, -285, -226, 512, -78, 29, 136, 195, 185, 351, 
39, 531, 492, -285, -226, 512, -78, 29, 136, 195, 185, 351, 
39, 522, 483, -280, -222, 502, -78, 39, 136, 195, 185, 351, 
39, 522, 483, -280, -222, 502, -78, 39, 136, 195, 185, 351, 
39, 522, 483, -280, -222, 502, -78, 39, 136, 195, 185, 351, 
39, 522, 483, -280, -222, 502, -78, 39, 136, 195, 185, 351, 
39, 522, 483, -280, -222, 502, -68, 39, 146, 195, 185, 361, 
39, 522, 483, -280, -222, 502, -68, 39, 146, 195, 185, 361, 
39, 522, 483, -280, -222, 502, -68, 39, 146, 200, 185, 361, 
39, 522, 483, -280, -222, 502, -68, 39, 146, 200, 185, 361, 
39, 522, 483, -280, -222, 502, -68, 39, 146, 200, 195, 361, 
39, 522, 483, -280, -222, 502, -68, 39, 146, 200, 195, 361, 
39, 522, 483, -280, -222, 502, -68, 39, 146, 200, 195, 361, 
43, 522, 478, -283, -217, 500, -68, 39, 146, 200, 195, 361, 
43, 522, 478, -283, -217, 500, -68, 48, 156, 209, 195, 351, 
43, 527, 483, -285, -219, 505, -68, 48, 161, 209, 195, 361, 
43, 541, 497, -292, -226, 519, -68, 53, 165, 214, 200, 361, 
43, 546, 502, -295, -229, 524, -63, 63, 170, 219, 209, 366, 
53, 551, 497, -302, -222, 524, -53, 53, 180, 214, 214, 375, 
58, 551, 492, -305, -217, 522, -48, 63, 185, 219, 219, 380, 
63, 556, 492, -309, -214, 524, -43, 63, 190, 229, 219, 380, 
68, 566, 497, -317, -214, 531, -39, 73, 195, 234, 219, 385, 
58, 570, 512, -314, -226, 541, -48, 73, 200, 248, 229, 385, 
58, 580, 522, -319, -231, 551, -48, 73, 200, 253, 234, 395, 
63, 585, 522, -324, -229, 553, -48, 78, 209, 253, 239, 400, 
63, 590, 527, -326, -231, 558, -48, 78, 209, 258, 244, 400, 
63, 595, 531, -329, -234, 563, -63, 78, 214, 263, 244, 400, 
68, 595, 527, -331, -229, 561, -63, 82, 214, 263, 244, 400, 
73, 600, 527, -336, -226, 563, -73, 82, 214, 263, 244, 405, 
73, 605, 531, -339, -229, 568, -78, 78, 214, 263, 244, 405, 
68, 605, 536, -336, -234, 570, -78, 73, 219, 263, 244, 405, 
68, 605, 536, -336, -234, 570, -82, 68, 219, 263, 244, 405, 
73, 605, 531, -339, -229, 568, -87, 68, 219, 263, 244, 405, 
73, 605, 531, -339, -229, 568, -97, 58, 219, 263, 244, 405, 
73, 595, 522, -334, -224, 558, -92, 58, 204, 258, 234, 400, 
73, 590, 517, -331, -222, 553, -97, 48, 200, 258, 229, 400, 
73, 590, 517, -331, -222, 553, -97, 43, 195, 258, 229, 400, 
78, 590, 512, -334, -217, 551, -97, 43, 185, 253, 229, 400, 
73, 590, 517, -331, -222, 553, -107, 48, 180, 248, 214, 400, 
73, 580, 507, -326, -217, 544, -112, 43, 175, 244, 214, 400, 
78, 580, 502, -329, -212, 541, -117, 43, 170, 239, 214, 400, 
78, 580, 502, -329, -212, 541, -117, 43, 170, 239, 214, 400, 
87, 580, 492, -334, -202, 536, -122, 39, 156, 229, 224, 390, 
92, 580, 488, -336, -197, 534, -122, 34, 151, 229, 219, 390, 
92, 580, 488, -336, -197, 534, -131, 19, 141, 219, 214, 390, 
92, 585, 492, -339, -200, 539, -131, 14, 141, 219, 214, 390, 
97, 595, 497, -346, -200, 546, -141, 24, 141, 229, 219, 390, 
102, 600, 497, -351, -197, 549, -141, 24, 141, 234, 219, 390, 
107, 605, 497, -356, -195, 551, -146, 24, 131, 234, 224, 400, 
112, 610, 497, -361, -192, 553, -146, 14, 131, 229, 224, 405, 
126, 614, 488, -370, -180, 551, -136, 4, 141, 229, 224, 395, 
131, 614, 483, -373, -175, 549, -136, 4, 141, 234, 224, 395, 
131, 619, 488, -375, -178, 553, -136, 9, 146, 234, 224, 395, 
131, 619, 488, -375, -178, 553, -136, 9, 146, 234, 224, 395, 
112, 624, 512, -368, -200, 568, -136, 24, 151, 234, 229, 405, 
112, 619, 507, -366, -197, 563, -131, 24, 151, 234, 229, 405, 
107, 619, 512, -363, -202, 566, -131, 29, 151, 234, 224, 400, 
102, 619, 517, -361, -207, 568, -117, 29, 151, 239, 224, 400, 
92, 614, 522, -353, -214, 568, -117, 29, 151, 239, 214, 390, 
92, 614, 522, -353, -214, 568, -107, 29, 151, 234, 214, 390, 
87, 605, 517, -346, -214, 561, -107, 34, 151, 234, 209, 385, 
82, 600, 517, -341, -217, 558, -102, 34, 151, 234, 209, 385, 
68, 585, 517, -326, -224, 551, -97, 34, 136, 229, 200, 380, 
63, 575, 512, -319, -224, 544, -92, 39, 136, 229, 200, 375, 
63, 566, 502, -314, -219, 534, -87, 39, 131, 224, 190, 370, 
53, 556, 502, -305, -224, 529, -82, 39, 131, 214, 185, 356, 
48, 536, 488, -292, -219, 512, -78, 29, 122, 200, 180, 346, 
48, 527, 478, -287, -214, 502, -73, 29, 117, 190, 165, 331, 
43, 517, 473, -280, -214, 495, -68, 24, 112, 185, 156, 322, 
29, 507, 478, -268, -224, 492, -63, 24, 107, 180, 156, 322, 
24, 502, 478, -263, -226, 490, -58, 24, 112, 180, 146, 312, 
19, 502, 483, -261, -231, 492, -58, 24, 107, 175, 146, 312, 
19, 507, 488, -263, -234, 497, -63, 24, 107, 170, 141, 307, 
19, 512, 492, -265, -236, 502, -68, 24, 107, 165, 136, 307, 
29, 512, 483, -270, -226, 497, -68, 19, 97, 175, 136, 307, 
29, 512, 483, -270, -226, 497, -73, 19, 97, 175, 136, 307, 
29, 512, 483, -270, -226, 497, -73, 19, 97, 175, 136, 307, 
29, 517, 488, -273, -229, 502, -73, 24, 97, 180, 136, 307, 
29, 517, 488, -273, -229, 502, -73, 24, 107, 180, 136, 312, 
34, 517, 483, -275, -224, 500, -73, 24, 107, 180, 141, 312, 
34, 517, 483, -275, -224, 500, -73, 24, 107, 185, 141, 312, 
34, 517, 483, -275, -224, 500, -68, 24, 112, 185, 146, 317, 
24, 527, 502, -275, -239, 514, -58, 39, 112, 185, 156, 317, 
34, 512, 478, -273, -222, 495, -53, 48, 112, 175, 136, 302, 
29, 488, 458, -258, -214, 473, -39, 73, 112, 156, 112, 278, 
9, 473, 463, -241, -226, 468, -4, 112, 117, 156, 102, 263, 
-4, 483, 488, -239, -246, 485, 34, 146, 141, 151, 87, 258, 
-14, 488, 502, -236, -258, 495, 68, 175, 165, 151, 82, 248, 
-19, 507, 527, -244, -273, 517, 102, 200, 204, 165, 92, 248, 
0, 541, 541, -270, -270, 541, 126, 248, 258, 219, 131, 278, 
39, 590, 551, -314, -256, 570, 136, 326, 341, 312, 204, 326, 
73, 668, 595, -370, -261, 631, 146, 419, 448, 434, 317, 405, 
112, 771, 658, -441, -273, 714, 156, 522, 585, 570, 444, 497, 
165, 902, 736, -534, -285, 819, 170, 644, 746, 761, 614, 629, 
248, 1058, 810, -653, -280, 934, 170, 780, 946, 990, 829, 795, 
341, 1220, 878, -780, -268, 1049, 161, 907, 1137, 1229, 1058, 976, 
453, 1361, 907, -907, -226, 1134, 156, 1015, 1298, 1444, 1278, 1146, 
546, 1473, 927, -1010, -190, 1200, 146, 1093, 1400, 1615, 1444, 1288, 
619, 1546, 927, -1083, -153, 1237, 131, 1146, 1459, 1722, 1581, 1395, 
668, 1634, 966, -1151, -148, 1300, 87, 1137, 1478, 1795, 1673, 1488, 
683, 1737, 1054, -1210, -185, 1395, -14, 936, 1488, 1878, 1776, 1595, 
649, 1810, 1161, -1229, -256, 1485, -131, 614, 1429, 1888, 1820, 1659, 
614, 1771, 1156, -1193, -270, 1464, -204, 331, 1298, 1776, 1751, 1634, 
575, 1644, 1068, -1110, -246, 1356, -273, 122, 1117, 1566, 1566, 1527, 
531, 1473, 941, -1002, -204, 1207, -400, -146, 873, 1332, 1361, 1400, 
483, 1317, 834, -900, -175, 1076, -541, -414, 551, 1034, 1151, 1273, 
439, 1156, 717, -797, -139, 936, -614, -585, 190, 692, 893, 1132, 
366, 1000, 634, -683, -134, 817, -624, -668, -73, 400, 658, 976, 
273, 854, 580, -563, -153, 717, -634, -771, -312, 117, 424, 810, 
195, 717, 522, -456, -163, 619, -658, -863, -570, -170, 190, 639, 
151, 649, 497, -400, -173, 573, -678, -873, -668, -312, 48, 522, 
131, 653, 522, -392, -195, 588, -649, -790, -561, -258, 39, 473, 
117, 688, 570, -402, -226, 629, -590, -663, -409, -151, 68, 463, 
102, 712, 610, -407, -253, 661, -522, -551, -292, -63, 102, 458, 
97, 732, 634, -414, -268, 683, -478, -444, -175, 19, 141, 458, 
92, 732, 639, -412, -273, 685, -424, -361, -112, 68, 165, 448, 
92, 697, 605, -395, -256, 651, -370, -292, -92, 82, 165, 434, 
92, 673, 580, -383, -244, 627, -312, -214, -68, 97, 175, 429, 
78, 649, 570, -363, -246, 610, -239, -122, -4, 146, 195, 419, 
63, 629, 566, -346, -251, 597, -175, -39, 68, 185, 209, 400, 
48, 610, 561, -329, -256, 585, -117, 19, 97, 195, 200, 385, 
58, 595, 536, -326, -239, 566, -102, 29, 107, 195, 185, 361, 
53, 580, 527, -317, -236, 553, -97, 34, 117, 195, 170, 346, 
43, 570, 527, -307, -241, 549, -87, 34, 136, 195, 161, 341, 
29, 570, 541, -300, -256, 556, -87, 34, 141, 195, 161, 346, 
29, 570, 541, -300, -256, 556, -87, 29, 141, 195, 161, 346, 
29, 570, 541, -300, -256, 556, -87, 24, 141, 200, 165, 346, 
29, 570, 541, -300, -256, 556, -87, 24, 136, 200, 170, 346, 
24, 570, 546, -297, -261, 558, -82, 29, 136, 209, 180, 346, 
19, 566, 546, -292, -263, 556, -82, 34, 136, 200, 170, 346, 
19, 561, 541, -290, -261, 551, -78, 43, 136, 200, 161, 341, 
19, 556, 536, -287, -258, 546, -68, 48, 131, 200, 161, 331, 
29, 551, 522, -290, -246, 536, -63, 43, 131, 195, 151, 326, 
29, 546, 517, -287, -244, 531, -58, 48, 131, 195, 151, 322, 
29, 546, 517, -287, -244, 531, -58, 58, 136, 195, 151, 317, 
24, 546, 522, -285, -248, 534, -58, 58, 136, 200, 151, 317, 
14, 546, 531, -280, -258, 539, -53, 63, 136, 200, 161, 326, 
14, 546, 531, -280, -258, 539, -48, 63, 141, 200, 165, 326, 
14, 546, 531, -280, -258, 539, -48, 63, 141, 200, 165, 326, 
19, 551, 531, -285, -256, 541, -48, 68, 141, 204, 165, 326, 
19, 551, 531, -285, -256, 541, -48, 82, 146, 214, 165, 326, 
14, 551, 536, -283, -261, 544, -39, 87, 146, 214, 165, 326, 
14, 546, 531, -280, -258, 539, -39, 87, 146, 214, 165, 326, 
9, 546, 536, -278, -263, 541, -39, 87, 146, 219, 165, 326, 
9, 546, 536, -278, -263, 541, -39, 87, 151, 219, 175, 326, 
9, 546, 536, -278, -263, 541, -39, 87, 156, 219, 175, 331, 
14, 551, 536, -283, -261, 544, -39, 87, 156, 224, 175, 331, 
14, 551, 536, -283, -261, 544, -39, 87, 156, 224, 175, 331, 
14, 541, 527, -278, -256, 534, -29, 102, 156, 234, 175, 341, 
14, 541, 527, -278, -256, 534, -29, 102, 156, 234, 175, 341, 
14, 541, 527, -278, -256, 534, -24, 107, 156, 234, 180, 341, 
19, 541, 522, -280, -251, 531, -24, 112, 156, 239, 180, 341, 
19, 541, 522, -280, -251, 531, -24, 102, 165, 239, 180, 341, 
19, 541, 522, -280, -251, 531, -24, 102, 165, 239, 185, 341, 
19, 541, 522, -280, -251, 531, -24, 102, 170, 239, 185, 341, 
19, 546, 527, -283, -253, 536, -24, 102, 170, 239, 185, 341, 
14, 541, 527, -278, -256, 534, -24, 107, 170, 239, 190, 336, 
14, 541, 527, -278, -256, 534, -24, 107, 170, 239, 190, 336, 
19, 541, 522, -280, -251, 531, -24, 107, 170, 244, 190, 336, 
19, 546, 527, -283, -253, 536, -24, 107, 170, 248, 190, 336, 
19, 546, 527, -283, -253, 536, -24, 117, 175, 248, 190, 336, 
19, 541, 522, -280, -251, 531, -24, 117, 175, 248, 190, 336, 
19, 541, 522, -280, -251, 531, -24, 117, 175, 248, 195, 341, 
19, 551, 531, -285, -256, 541, -24, 117, 180, 248, 195, 341, 
19, 561, 541, -290, -261, 551, -24, 107, 180, 248, 195, 341, 
19, 561, 541, -290, -261, 551, -24, 107, 180, 253, 195, 346, 
19, 561, 541, -290, -261, 551, -24, 112, 180, 253, 200, 346, 
19, 561, 541, -290, -261, 551, -24, 112, 180, 248, 200, 346, 
29, 551, 522, -290, -246, 536, -24, 122, 180, 258, 200, 346, 
29, 551, 522, -290, -246, 536, -24, 122, 185, 263, 200, 351, 
29, 556, 527, -292, -248, 541, -24, 122, 185, 263, 204, 351, 
29, 556, 527, -292, -248, 541, -24, 122, 185, 268, 204, 356, 
39, 556, 517, -297, -239, 536, -24, 122, 190, 258, 204, 356, 
39, 556, 517, -297, -239, 536, -24, 126, 195, 263, 209, 356, 
39, 556, 517, -297, -239, 536, -24, 131, 195, 263, 209, 356, 
43, 561, 517, -302, -236, 539, -24, 131, 200, 263, 209, 361, 
34, 575, 541, -305, -253, 558, -24, 122, 190, 273, 214, 361, 
34, 575, 541, -305, -253, 558, -24, 122, 195, 273, 214, 361, 
34, 575, 541, -305, -253, 558, -24, 126, 195, 273, 219, 361, 
39, 575, 536, -307, -248, 556, -24, 126, 195, 273, 219, 366, 
29, 566, 536, -297, -253, 551, -14, 136, 200, 287, 219, 366, 
29, 570, 541, -300, -256, 556, -14, 136, 209, 287, 229, 370, 
29, 570, 541, -300, -256, 556, -14, 141, 219, 292, 234, 380, 
29, 575, 546, -302, -258, 561, -14, 141, 224, 292, 234, 380, 
39, 575, 536, -307, -248, 556, -14, 141, 229, 297, 234, 390, 
39, 575, 536, -307, -248, 556, -14, 141, 229, 302, 239, 390, 
39, 575, 536, -307, -248, 556, -14, 146, 229, 307, 239, 390, 
43, 580, 536, -312, -246, 558, -14, 146, 234, 312, 239, 390, 
34, 585, 551, -309, -258, 568, -24, 151, 234, 307, 234, 385, 
39, 585, 546, -312, -253, 566, -24, 151, 234, 307, 234, 390, 
39, 585, 546, -312, -253, 566, -24, 156, 234, 307, 244, 390, 
43, 585, 541, -314, -248, 563, -24, 156, 244, 307, 244, 390, 
53, 590, 536, -322, -241, 563, -24, 156, 248, 307, 248, 385, 
53, 595, 541, -324, -244, 568, -24, 156, 248, 317, 253, 395, 
53, 600, 546, -326, -246, 573, -24, 161, 253, 322, 253, 400, 
53, 605, 551, -329, -248, 578, -24, 165, 253, 326, 258, 400, 
48, 610, 561, -329, -256, 585, -29, 170, 253, 326, 273, 414, 
53, 614, 561, -334, -253, 588, -29, 170, 263, 331, 273, 419, 
53, 614, 561, -334, -253, 588, -29, 170, 268, 331, 278, 419, 
53, 619, 566, -336, -256, 592, -29, 170, 268, 336, 283, 419, 
43, 614, 570, -329, -263, 592, -29, 170, 278, 351, 297, 424, 
53, 619, 566, -336, -256, 592, -34, 175, 278, 351, 302, 424, 
53, 624, 570, -339, -258, 597, -39, 180, 283, 356, 307, 434, 
53, 624, 570, -339, -258, 597, -39, 180, 287, 361, 307, 439, 
63, 639, 575, -351, -256, 607, -43, 195, 292, 375, 312, 453, 
63, 644, 580, -353, -258, 612, -43, 195, 297, 380, 317, 453, 
73, 649, 575, -361, -251, 612, -43, 200, 297, 385, 326, 458, 
73, 653, 580, -363, -253, 617, -43, 200, 302, 390, 331, 463, 
73, 658, 585, -366, -256, 622, -48, 190, 307, 385, 341, 453, 
78, 663, 585, -370, -253, 624, -53, 200, 312, 390, 351, 458, 
82, 668, 585, -375, -251, 627, -53, 204, 312, 400, 351, 463, 
82, 673, 590, -378, -253, 631, -53, 209, 312, 405, 361, 468, 
82, 668, 585, -375, -251, 627, -58, 209, 317, 414, 361, 473, 
87, 673, 585, -380, -248, 629, -58, 214, 322, 419, 366, 478, 
87, 683, 595, -385, -253, 639, -68, 219, 322, 424, 366, 488, 
97, 683, 585, -390, -244, 634, -68, 219, 331, 429, 375, 497, 
92, 707, 614, -400, -261, 661, -82, 229, 336, 439, 380, 507, 
92, 707, 614, -400, -261, 661, -82, 234, 341, 444, 390, 517, 
92, 712, 619, -402, -263, 666, -82, 239, 341, 453, 400, 522, 
102, 717, 614, -409, -256, 666, -82, 239, 341, 453, 405, 522, 
112, 717, 605, -414, -246, 661, -78, 239, 346, 473, 405, 522, 
112, 722, 610, -417, -248, 666, -82, 244, 351, 473, 414, 527, 
122, 727, 605, -424, -241, 666, -82, 244, 356, 478, 424, 536, 
122, 732, 610, -427, -244, 671, -82, 244, 356, 483, 424, 536, 
117, 732, 614, -424, -248, 673, -92, 244, 356, 483, 439, 551, 
122, 736, 614, -429, -246, 675, -97, 244, 361, 488, 439, 551, 
122, 746, 624, -434, -251, 685, -97, 248, 361, 492, 444, 556, 
122, 746, 624, -434, -251, 685, -102, 248, 361, 497, 448, 561, 
131, 751, 619, -441, -244, 685, -102, 248, 366, 502, 444, 566, 
136, 756, 619, -446, -241, 688, -102, 248, 366, 507, 448, 566, 
136, 761, 624, -448, -244, 692, -102, 253, 366, 512, 448, 570, 
136, 761, 624, -448, -244, 692, -102, 253, 366, 512, 448, 570, 
146, 751, 605, -448, -229, 678, -107, 244, 356, 517, 453, 570, 
146, 756, 610, -451, -231, 683, -107, 244, 356, 517, 453, 575, 
146, 761, 614, -453, -234, 688, -107, 244, 356, 512, 453, 575, 
146, 761, 614, -453, -234, 688, -112, 244, 356, 512, 453, 575, 
136, 771, 634, -453, -248, 702, -112, 244, 366, 517, 453, 575, 
136, 771, 634, -453, -248, 702, -117, 244, 366, 517, 458, 580, 
136, 771, 634, -453, -248, 702, -117, 239, 366, 517, 458, 580, 
136, 771, 634, -453, -248, 702, -122, 239, 366, 522, 458, 580, 
146, 771, 624, -458, -239, 697, -122, 239, 366, 517, 458, 580, 
146, 771, 624, -458, -239, 697, -122, 234, 366, 517, 458, 580, 
146, 771, 624, -458, -239, 697, -122, 224, 366, 512, 458, 580, 
146, 766, 619, -456, -236, 692, -122, 224, 366, 512, 458, 580, 
146, 766, 619, -456, -236, 692, -126, 224, 356, 512, 458, 570, 
146, 766, 619, -456, -236, 692, -126, 224, 356, 512, 458, 570, 
146, 761, 614, -453, -234, 688, -126, 219, 356, 512, 458, 570, 
146, 761, 614, -453, -234, 688, -126, 219, 356, 512, 458, 570, 
146, 751, 605, -448, -229, 678, -131, 219, 356, 517, 458, 580, 
146, 756, 610, -451, -231, 683, -131, 214, 356, 517, 458, 580, 
141, 756, 614, -448, -236, 685, -131, 209, 356, 517, 453, 575, 
141, 756, 614, -448, -236, 685, -131, 209, 356, 517, 453, 575, 
131, 756, 624, -444, -246, 690, -122, 209, 361, 517, 463, 575, 
131, 756, 624, -444, -246, 690, -122, 209, 361, 517, 463, 575, 
131, 751, 619, -441, -244, 685, -122, 209, 356, 512, 463, 575, 
131, 746, 614, -439, -241, 680, -117, 209, 356, 512, 463, 575, 
126, 736, 610, -431, -241, 673, -107, 214, 356, 497, 463, 566, 
122, 732, 610, -427, -244, 671, -107, 209, 351, 492, 448, 556, 
122, 732, 610, -427, -244, 671, -107, 209, 351, 492, 448, 556, 
117, 722, 605, -419, -244, 663, -107, 209, 351, 483, 439, 551, 
126, 722, 595, -424, -234, 658, -107, 200, 356, 492, 439, 551, 
122, 717, 595, -419, -236, 656, -102, 200, 356, 483, 434, 546, 
122, 712, 590, -417, -234, 651, -97, 200, 351, 478, 429, 541, 
117, 707, 590, -412, -236, 649, -92, 195, 346, 473, 424, 536, 
112, 712, 600, -412, -244, 656, -92, 195, 341, 473, 409, 531, 
107, 702, 595, -405, -244, 649, -92, 185, 341, 468, 405, 527, 
107, 697, 590, -402, -241, 644, -92, 185, 341, 458, 400, 517, 
107, 692, 585, -400, -239, 639, -92, 180, 331, 453, 395, 512, 
107, 688, 580, -397, -236, 634, -82, 165, 331, 444, 380, 507, 
97, 683, 585, -390, -244, 634, -82, 165, 326, 434, 370, 502, 
92, 673, 580, -383, -244, 627, -82, 165, 322, 429, 366, 492, 
87, 673, 585, -380, -248, 629, -73, 165, 317, 424, 356, 488, 
87, 653, 566, -370, -239, 610, -68, 165, 317, 419, 356, 473, 
82, 644, 561, -363, -239, 602, -63, 165, 312, 414, 351, 473, 
78, 639, 561, -358, -241, 600, -58, 161, 312, 409, 346, 463, 
73, 634, 561, -353, -244, 597, -58, 161, 307, 405, 331, 463, 
78, 619, 541, -348, -231, 580, -58, 156, 292, 390, 322, 458, 
73, 610, 536, -341, -231, 573, -53, 151, 283, 385, 317, 448, 
68, 605, 536, -336, -234, 570, -53, 146, 283, 375, 312, 444, 
68, 600, 531, -334, -231, 566, -48, 146, 278, 370, 307, 444, 
58, 600, 541, -329, -241, 570, -48, 141, 278, 356, 312, 444, 
58, 595, 536, -326, -239, 566, -48, 141, 273, 356, 312, 434, 
58, 585, 527, -322, -234, 556, -48, 141, 268, 351, 302, 429, 
53, 585, 531, -319, -239, 558, -48, 131, 263, 341, 297, 429, 
43, 575, 531, -309, -244, 553, -48, 136, 268, 351, 292, 424, 
43, 570, 527, -307, -241, 549, -43, 136, 263, 346, 283, 424, 
39, 570, 531, -305, -246, 551, -43, 131, 258, 341, 278, 419, 
34, 570, 536, -302, -251, 553, -43, 131, 253, 336, 273, 414, 
43, 556, 512, -300, -234, 534, -34, 131, 244, 322, 258, 400, 
39, 551, 512, -295, -236, 531, -34, 131, 244, 317, 253, 400, 
34, 546, 512, -290, -239, 529, -34, 126, 244, 317, 253, 395, 
34, 546, 512, -290, -239, 529, -34, 126, 244, 312, 248, 395, 
24, 546, 522, -285, -248, 534, -34, 126, 253, 322, 248, 390, 
24, 541, 517, -283, -246, 529, -34, 126, 253, 317, 248, 385, 
24, 536, 512, -280, -244, 524, -29, 126, 248, 317, 253, 385, 
24, 536, 512, -280, -244, 524, -29, 126, 248, 317, 258, 385, 
24, 536, 512, -280, -244, 524, -29, 126, 248, 312, 253, 385, 
24, 536, 512, -280, -244, 524, -29, 126, 248, 312, 248, 385, 
24, 536, 512, -280, -244, 524, -29, 122, 248, 312, 244, 385, 
29, 531, 502, -280, -236, 517, -29, 122, 248, 312, 239, 385, 
29, 531, 502, -280, -236, 517, -29, 126, 234, 317, 239, 395, 
29, 531, 502, -280, -236, 517, -29, 126, 234, 317, 239, 395, 
29, 531, 502, -280, -236, 517, -24, 126, 239, 317, 239, 390, 
29, 527, 497, -278, -234, 512, -24, 126, 239, 317, 239, 385, 
29, 527, 497, -278, -234, 512, -24, 126, 239, 312, 239, 385, 
29, 527, 497, -278, -234, 512, -24, 126, 239, 312, 239, 390, 
29, 527, 497, -278, -234, 512, -24, 126, 239, 312, 239, 390, 
29, 527, 497, -278, -234, 512, -24, 126, 239, 312, 239, 390, 
29, 522, 492, -275, -231, 507, -24, 131, 248, 312, 239, 390, 
29, 522, 492, -275, -231, 507, -24, 131, 248, 312, 239, 395, 
29, 527, 497, -278, -234, 512, -24, 131, 248, 317, 239, 400, 
29, 527, 497, -278, -234, 512, -24, 131, 248, 317, 244, 400, 
29, 536, 507, -283, -239, 522, -24, 131, 234, 317, 244, 390, 
29, 536, 507, -283, -239, 522, -24, 131, 234, 317, 244, 390, 
29, 541, 512, -285, -241, 527, -29, 131, 239, 317, 244, 390, 
29, 541, 512, -285, -241, 527, -29, 131, 239, 317, 244, 390, 
24, 541, 517, -283, -246, 529, -19, 131, 239, 317, 253, 390, 
24, 541, 517, -283, -246, 529, -19, 131, 239, 317, 253, 390, 
29, 541, 512, -285, -241, 527, -24, 131, 239, 317, 253, 390, 
29, 541, 512, -285, -241, 527, -24, 131, 239, 317, 253, 390, 
29, 541, 512, -285, -241, 527, -24, 131, 248, 326, 253, 400, 
29, 546, 517, -287, -244, 531, -24, 131, 248, 331, 253, 400, 
29, 546, 517, -287, -244, 531, -24, 131, 248, 331, 258, 400, 
29, 546, 517, -287, -244, 531, -24, 131, 248, 331, 258, 400, 
29, 546, 517, -287, -244, 531, -24, 141, 248, 341, 263, 400, 
29, 546, 517, -287, -244, 531, -24, 141, 248, 341, 263, 405, 
29, 551, 522, -290, -246, 536, -24, 141, 248, 341, 263, 405, 
29, 551, 522, -290, -246, 536, -24, 141, 248, 341, 263, 405, 
29, 546, 517, -287, -244, 531, -24, 131, 239, 341, 263, 405, 
29, 546, 517, -287, -244, 531, -24, 131, 239, 341, 263, 405, 
29, 551, 522, -290, -246, 536, -24, 131, 239, 346, 273, 405, 
29, 551, 522, -290, -246, 536, -24, 131, 239, 346, 273, 405, 
34, 551, 517, -292, -241, 534, -34, 131, 239, 336, 278, 414, 
34, 556, 522, -295, -244, 539, -34, 131, 239, 336, 278, 414, 
34, 561, 527, -297, -246, 544, -34, 131, 239, 336, 278, 414, 
29, 566, 536, -297, -253, 551, -34, 131, 239, 336, 278, 414, 
29, 575, 546, -302, -258, 561, -34, 131, 239, 336, 278, 409, 
34, 575, 541, -305, -253, 558, -34, 131, 239, 336, 273, 409, 
34, 575, 541, -305, -253, 558, -34, 131, 239, 336, 273, 409, 
34, 575, 541, -305, -253, 558, -34, 131, 239, 336, 278, 409, 
24, 575, 551, -300, -263, 563, -24, 131, 239, 341, 278, 419, 
24, 575, 551, -300, -263, 563, -24, 131, 239, 341, 278, 419, 
29, 575, 546, -302, -258, 561, -24, 131, 239, 341, 278, 419, 
34, 575, 541, -305, -253, 558, -24, 131, 239, 341, 278, 419, 
34, 566, 531, -300, -248, 549, -24, 131, 248, 341, 278, 419, 
34, 566, 531, -300, -248, 549, -24, 131, 244, 341, 278, 419, 
29, 566, 536, -297, -253, 551, -24, 131, 244, 336, 278, 419, 
29, 566, 536, -297, -253, 551, -24, 131, 244, 336, 278, 414, 
39, 566, 527, -302, -244, 546, -24, 131, 234, 346, 278, 414, 
39, 566, 527, -302, -244, 546, -24, 131, 234, 346, 278, 414, 
39, 561, 522, -300, -241, 541, -24, 131, 234, 346, 278, 414, 
39, 561, 522, -300, -241, 541, -24, 131, 229, 346, 273, 414, 
39, 556, 517, -297, -239, 536, -34, 131, 234, 336, 273, 414, 
39, 556, 517, -297, -239, 536, -34, 131, 234, 336, 273, 414, 
39, 556, 517, -297, -239, 536, -34, 131, 234, 336, 273, 414, 
39, 556, 517, -297, -239, 536, -34, 131, 234, 336, 273, 414, 
39, 556, 517, -297, -239, 536, -34, 131, 234, 331, 273, 414, 
39, 551, 512, -295, -236, 531, -34, 131, 234, 331, 268, 414, 
39, 551, 512, -295, -236, 531, -34, 126, 229, 331, 268, 414, 
39, 551, 512, -295, -236, 531, -34, 126, 229, 331, 268, 414, 
39, 541, 502, -290, -231, 522, -24, 131, 219, 322, 268, 414, 
39, 536, 497, -287, -229, 517, -24, 131, 219, 322, 268, 409, 
39, 536, 497, -287, -229, 517, -24, 131, 214, 322, 268, 409, 
39, 536, 497, -287, -229, 517, -24, 131, 214, 322, 268, 409, 
39, 536, 497, -287, -229, 517, -24, 126, 214, 317, 253, 400, 
39, 536, 497, -287, -229, 517, -24, 126, 214, 312, 253, 400, 
39, 536, 497, -287, -229, 517, -24, 126, 214, 312, 253, 400, 
39, 531, 492, -285, -226, 512, -24, 126, 209, 312, 253, 395, 
39, 541, 502, -290, -231, 522, -24, 117, 209, 312, 258, 400, 
39, 541, 502, -290, -231, 522, -24, 117, 209, 312, 253, 400, 
39, 541, 502, -290, -231, 522, -24, 117, 204, 307, 253, 400, 
39, 541, 502, -290, -231, 522, -24, 117, 204, 302, 253, 400, 
29, 531, 502, -280, -236, 517, -24, 117, 195, 302, 244, 390, 
29, 531, 502, -280, -236, 517, -24, 117, 195, 302, 244, 385, 
29, 531, 502, -280, -236, 517, -24, 117, 195, 302, 244, 385, 
34, 527, 492, -280, -229, 509, -24, 117, 195, 302, 239, 385, 
34, 522, 488, -278, -226, 505, -19, 117, 200, 312, 248, 395, 
34, 522, 488, -278, -226, 505, -19, 117, 200, 312, 248, 395, 
34, 522, 488, -278, -226, 505, -19, 117, 200, 312, 248, 395, 
34, 522, 488, -278, -226, 505, -19, 117, 195, 312, 248, 395, 
34, 522, 488, -278, -226, 505, -19, 117, 195, 312, 244, 390, 
34, 517, 483, -275, -224, 500, -19, 117, 190, 307, 244, 390, 
34, 517, 483, -275, -224, 500, -24, 117, 190, 307, 244, 395, 
34, 517, 483, -275, -224, 500, -24, 112, 190, 312, 244, 395, 
34, 527, 492, -280, -229, 509, -14, 112, 190, 307, 234, 385, 
34, 522, 488, -278, -226, 505, -14, 112, 190, 307, 234, 385, 
29, 522, 492, -275, -231, 507, -19, 102, 190, 307, 234, 385, 
29, 517, 488, -273, -229, 502, -19, 102, 190, 307, 239, 380, 
29, 512, 483, -270, -226, 497, -19, 102, 190, 307, 248, 380, 
34, 512, 478, -273, -222, 495, -19, 107, 190, 307, 244, 380, 
34, 512, 478, -273, -222, 495, -19, 112, 190, 307, 239, 380, 
34, 512, 478, -273, -222, 495, -19, 117, 185, 307, 239, 380, 
34, 512, 478, -273, -222, 495, -19, 117, 185, 302, 239, 380, 
34, 512, 478, -273, -222, 495, -19, 117, 185, 302, 239, 380, 
29, 507, 478, -268, -224, 492, -19, 117, 185, 302, 239, 380, 
29, 507, 478, -268, -224, 492, -19, 117, 180, 302, 234, 380, 
29, 517, 488, -273, -229, 502, -29, 117, 175, 292, 224, 380, 
29, 512, 483, -270, -226, 497, -29, 117, 170, 292, 224, 375, 
29, 512, 483, -270, -226, 497, -24, 117, 161, 287, 224, 375, 
24, 512, 488, -268, -231, 500, -24, 117, 156, 287, 229, 375, 
34, 502, 468, -268, -217, 485, -14, 107, 170, 297, 229, 380, 
34, 502, 468, -268, -217, 485, -14, 107, 170, 297, 229, 380, 
34, 507, 473, -270, -219, 490, -14, 107, 170, 302, 224, 375, 
34, 507, 473, -270, -219, 490, -14, 102, 170, 302, 224, 375, 
34, 512, 478, -273, -222, 495, -24, 102, 170, 297, 234, 380, 
34, 512, 478, -273, -222, 495, -24, 102, 165, 297, 234, 380, 
34, 512, 478, -273, -222, 495, -24, 102, 165, 302, 229, 380, 
34, 512, 478, -273, -222, 495, -24, 102, 165, 302, 229, 385, 
34, 512, 478, -273, -222, 495, -14, 117, 165, 297, 229, 385, 
34, 512, 478, -273, -222, 495, -14, 117, 165, 297, 234, 385, 
34, 512, 478, -273, -222, 495, -14, 117, 165, 297, 234, 385, 
39, 512, 473, -275, -217, 492, -14, 117, 165, 297, 234, 385, 
29, 502, 473, -265, -222, 488, -14, 107, 165, 297, 239, 385, 
29, 502, 473, -265, -222, 488, -14, 107, 165, 297, 239, 385, 
29, 502, 473, -265, -222, 488, -14, 107, 165, 297, 229, 380, 
24, 502, 478, -263, -226, 490, -14, 107, 165, 297, 229, 380, 
24, 507, 483, -265, -229, 495, -24, 112, 165, 297, 239, 380, 
24, 507, 483, -265, -229, 495, -24, 112, 165, 297, 239, 380, 
24, 507, 483, -265, -229, 495, -24, 107, 165, 297, 239, 380, 
29, 507, 478, -268, -224, 492, -24, 107, 165, 297, 239, 380, 
19, 517, 497, -268, -239, 507, -14, 107, 165, 297, 224, 380, 
19, 517, 497, -268, -239, 507, -14, 107, 165, 297, 224, 380, 
19, 517, 497, -268, -239, 507, -14, 107, 161, 297, 224, 380, 
24, 517, 492, -270, -234, 505, -14, 107, 161, 292, 224, 380, 
24, 507, 483, -265, -229, 495, -14, 107, 170, 292, 224, 380, 
24, 512, 488, -268, -231, 500, -14, 107, 170, 292, 229, 380, 
24, 512, 488, -268, -231, 500, -14, 107, 170, 292, 229, 380, 
24, 507, 483, -265, -229, 495, -14, 107, 170, 292, 229, 380, 
34, 497, 463, -265, -214, 480, -24, 107, 161, 292, 229, 370, 
34, 497, 463, -265, -214, 480, -24, 107, 161, 292, 229, 370, 
34, 497, 463, -265, -214, 480, -24, 107, 161, 292, 224, 370, 
34, 497, 463, -265, -214, 480, -24, 107, 161, 292, 224, 370, 
34, 497, 463, -265, -214, 480, -24, 107, 161, 292, 224, 370, 
34, 502, 468, -268, -217, 485, -24, 112, 161, 292, 224, 370, 
34, 502, 468, -268, -217, 485, -24, 112, 161, 292, 224, 370, 
34, 502, 468, -268, -217, 485, -24, 107, 161, 292, 224, 370, 
34, 502, 468, -268, -217, 485, -24, 107, 161, 287, 224, 370, 
34, 497, 463, -265, -214, 480, -24, 107, 161, 287, 224, 370, 
34, 497, 463, -265, -214, 480, -24, 112, 161, 292, 229, 370, 
34, 502, 468, -268, -217, 485, -24, 112, 161, 292, 229, 370, 
34, 502, 468, -268, -217, 485, -24, 107, 165, 292, 224, 370, 
34, 502, 468, -268, -217, 485, -24, 107, 165, 292, 224, 370, 
34, 502, 468, -268, -217, 485, -24, 107, 170, 292, 224, 370, 
34, 502, 468, -268, -217, 485, -24, 107, 170, 292, 224, 366, 
34, 502, 468, -268, -217, 485, -24, 102, 161, 302, 224, 366, 
34, 502, 468, -268, -217, 485, -24, 102, 161, 302, 224, 366, 
34, 502, 468, -268, -217, 485, -24, 97, 161, 302, 224, 366, 
34, 502, 468, -268, -217, 485, -24, 97, 161, 302, 224, 366, 
34, 512, 478, -273, -222, 495, -24, 97, 161, 302, 234, 375, 
34, 512, 478, -273, -222, 495, -24, 102, 161, 297, 234, 375, 
34, 512, 478, -273, -222, 495, -24, 102, 161, 297, 234, 375, 
34, 512, 478, -273, -222, 495, -24, 102, 161, 297, 234, 375, 
34, 507, 473, -270, -219, 490, -24, 102, 161, 297, 224, 370, 
34, 507, 473, -270, -219, 490, -24, 102, 156, 297, 224, 370, 
34, 512, 478, -273, -222, 495, -24, 102, 156, 302, 224, 370, 
34, 512, 478, -273, -222, 495, -24, 102, 156, 302, 224, 370, 
34, 512, 478, -273, -222, 495, -4, 112, 165, 292, 229, 380, 
39, 507, 468, -273, -214, 488, -9, 107, 165, 292, 234, 380, 
39, 497, 458, -268, -209, 478, -19, 97, 156, 292, 224, 370, 
39, 497, 458, -268, -209, 478, -19, 97, 156, 292, 224, 370, 
39, 497, 458, -268, -209, 478, -19, 97, 156, 292, 224, 370, 
39, 497, 458, -268, -209, 478, -19, 97, 156, 292, 224, 370, 
39, 497, 458, -268, -209, 478, -19, 97, 156, 302, 224, 370, 
39, 497, 458, -268, -209, 478, -19, 97, 156, 302, 224, 370, 
39, 497, 458, -268, -209, 478, -19, 97, 156, 302, 224, 370, 
39, 497, 458, -268, -209, 478, -19, 97, 156, 302, 224, 370, 
29, 497, 468, -263, -219, 483, -9, 107, 146, 302, 224, 380, 
29, 497, 468, -263, -219, 483, -9, 107, 146, 302, 224, 380, 
29, 497, 468, -263, -219, 483, -9, 107, 146, 302, 224, 380, 
29, 497, 468, -263, -219, 483, -9, 107, 146, 302, 224, 380, 
29, 497, 468, -263, -219, 483, -19, 97, 146, 302, 224, 380, 
29, 497, 468, -263, -219, 483, -19, 97, 146, 302, 224, 380, 
29, 497, 468, -263, -219, 483, -19, 97, 146, 302, 224, 380, 
29, 497, 468, -263, -219, 483, -19, 97, 146, 302, 224, 380, 
39, 497, 458, -268, -209, 478, -19, 87, 136, 302, 224, 380, 
39, 497, 458, -268, -209, 478, -19, 87, 136, 302, 224, 380, 
39, 497, 458, -268, -209, 478, -19, 87, 136, 302, 224, 380, 
39, 497, 458, -268, -209, 478, -19, 87, 136, 302, 224, 380, 
39, 497, 458, -268, -209, 478, -19, 97, 136, 292, 224, 370, 
39, 497, 458, -268, -209, 478, -19, 97, 136, 292, 224, 370, 
39, 497, 458, -268, -209, 478, -19, 97, 136, 292, 224, 370, 
39, 497, 458, -268, -209, 478, -19, 97, 136, 292, 224, 370, 
39, 497, 458, -268, -209, 478, -19, 97, 136, 292, 224, 370, 
39, 497, 458, -268, -209, 478, -19, 97, 136, 292, 224, 370, 
39, 497, 458, -268, -209, 478, -19, 97, 136, 292, 224, 370, 
39, 497, 458, -268, -209, 478, -19, 97, 136, 292, 224, 370, 
29, 497, 468, -263, -219, 483, -19, 97, 146, 302, 234, 370, 
29, 497, 468, -263, -219, 483, -19, 97, 146, 302, 234, 370, 
29, 497, 468, -263, -219, 483, -19, 97, 146, 302, 234, 370, 
29, 497, 468, -263, -219, 483, -19, 97, 146, 302, 234, 370, 
29, 497, 468, -263, -219, 483, -19, 97, 136, 292, 234, 380, 
29, 497, 468, -263, -219, 483, -19, 97, 136, 292, 234, 380, 
29, 497, 468, -263, -219, 483, -19, 97, 136, 292, 234, 380, 
29, 497, 468, -263, -219, 483, -19, 97, 136, 292, 234, 380, 
39, 497, 458, -268, -209, 478, -19, 97, 136, 292, 224, 370, 
39, 497, 458, -268, -209, 478, -19, 97, 136, 292, 224, 370, 
39, 497, 458, -268, -209, 478, -19, 97, 136, 292, 224, 370, 
39, 497, 458, -268, -209, 478, -19, 97, 136, 292, 224, 370, 
29, 497, 468, -263, -219, 483, -9, 107, 146, 302, 224, 370, 
29, 497, 468, -263, -219, 483, -9, 107, 146, 302, 224, 370, 
29, 497, 468, -263, -219, 483, -9, 107, 146, 302, 224, 370, 
29, 502, 473, -265, -222, 488, -9, 107, 146, 302, 224, 370, 
39, 492, 453, -265, -207, 473, -19, 97, 136, 312, 229, 380, 
39, 492, 453, -265, -207, 473, -19, 97, 136, 312, 234, 380, 
39, 492, 453, -265, -207, 473, -19, 97, 136, 312, 239, 380, 
39, 492, 453, -265, -207, 473, -19, 97, 136, 312, 244, 380, 
39, 492, 453, -265, -207, 473, -19, 97, 136, 312, 244, 380, 
39, 492, 453, -265, -207, 473, -19, 97, 136, 312, 244, 380, 
39, 492, 453, -265, -207, 473, -19, 97, 136, 312, 244, 380, 
39, 492, 453, -265, -207, 473, -19, 97, 136, 312, 244, 380, 
39, 502, 463, -270, -212, 483, -19, 107, 136, 317, 244, 370, 
39, 502, 463, -270, -212, 483, -19, 107, 136, 317, 244, 370, 
39, 502, 463, -270, -212, 483, -19, 107, 136, 317, 244, 370, 
39, 502, 463, -270, -212, 483, -19, 107, 136, 317, 244, 370, 
39, 502, 463, -270, -212, 483, -19, 97, 136, 307, 234, 370, 
43, 502, 458, -273, -207, 480, -19, 97, 136, 307, 234, 370, 
43, 502, 458, -273, -207, 480, -19, 97, 136, 307, 234, 370, 
43, 507, 463, -275, -209, 485, -19, 97, 141, 307, 234, 380, 
43, 522, 478, -283, -217, 500, -19, 92, 146, 312, 248, 380, 
43, 527, 483, -285, -219, 505, -14, 102, 151, 317, 258, 385, 
43, 531, 488, -287, -222, 509, -14, 102, 161, 322, 263, 385, 
48, 531, 483, -290, -217, 507, -9, 112, 165, 326, 268, 390, 
53, 546, 492, -300, -219, 519, -4, 122, 180, 336, 268, 400, 
58, 556, 497, -307, -219, 527, 0, 131, 185, 341, 268, 405, 
58, 561, 502, -309, -222, 531, 0, 131, 190, 346, 278, 405, 
58, 570, 512, -314, -226, 541, 0, 131, 190, 351, 283, 414, 
53, 575, 522, -314, -234, 549, 0, 136, 190, 361, 287, 419, 
53, 580, 527, -317, -236, 553, 0, 136, 190, 366, 292, 419, 
53, 585, 531, -319, -239, 558, -4, 136, 204, 370, 292, 419, 
58, 585, 527, -322, -234, 556, -4, 141, 204, 370, 292, 419, 
73, 590, 517, -331, -222, 553, -24, 131, 204, 370, 302, 424, 
73, 595, 522, -334, -224, 558, -29, 126, 204, 370, 302, 424, 
68, 595, 527, -331, -229, 561, -39, 122, 200, 370, 302, 424, 
68, 595, 527, -331, -229, 561, -43, 117, 200, 370, 302, 424, 
73, 595, 522, -334, -224, 558, -39, 117, 200, 370, 292, 414, 
73, 595, 522, -334, -224, 558, -48, 107, 200, 370, 292, 414, 
73, 595, 522, -334, -224, 558, -53, 107, 195, 366, 292, 409, 
73, 590, 517, -331, -222, 553, -58, 97, 190, 366, 287, 409, 
73, 590, 517, -331, -222, 553, -68, 92, 185, 366, 287, 409, 
78, 590, 512, -334, -217, 551, -68, 92, 175, 361, 287, 409, 
82, 590, 507, -336, -212, 549, -68, 87, 170, 356, 283, 409, 
82, 580, 497, -331, -207, 539, -73, 82, 165, 351, 283, 409, 
78, 580, 502, -329, -212, 541, -68, 73, 151, 341, 283, 409, 
78, 580, 502, -329, -212, 541, -68, 73, 151, 336, 283, 409, 
78, 580, 502, -329, -212, 541, -73, 73, 146, 331, 283, 409, 
82, 580, 497, -331, -207, 539, -73, 73, 141, 326, 278, 409, 
82, 570, 488, -326, -202, 529, -92, 63, 141, 322, 273, 409, 
82, 575, 492, -329, -204, 534, -92, 63, 141, 326, 273, 409, 
87, 575, 488, -331, -200, 531, -92, 63, 141, 331, 278, 409, 
92, 580, 488, -336, -197, 534, -92, 63, 141, 341, 278, 409, 
97, 585, 488, -341, -195, 536, -87, 73, 131, 341, 292, 429, 
102, 590, 488, -346, -192, 539, -87, 63, 131, 336, 292, 434, 
107, 595, 488, -351, -190, 541, -87, 63, 131, 336, 292, 434, 
112, 595, 483, -353, -185, 539, -87, 63, 131, 341, 292, 434, 
122, 600, 478, -361, -178, 539, -87, 58, 136, 331, 302, 434, 
122, 600, 478, -361, -178, 539, -87, 58, 136, 331, 302, 434, 
112, 595, 483, -353, -185, 539, -87, 63, 141, 331, 307, 434, 
112, 590, 478, -351, -183, 534, -82, 63, 141, 331, 307, 434, 
107, 590, 483, -348, -187, 536, -82, 78, 141, 341, 302, 429, 
102, 590, 488, -346, -192, 539, -68, 78, 141, 346, 302, 429, 
92, 575, 483, -334, -195, 529, -68, 78, 141, 346, 302, 429, 
92, 575, 483, -334, -195, 529, -58, 78, 141, 341, 302, 429, 
87, 575, 488, -331, -200, 531, -58, 82, 141, 331, 287, 424, 
82, 570, 488, -326, -202, 529, -53, 82, 141, 331, 287, 424, 
78, 566, 488, -322, -204, 527, -48, 82, 136, 326, 278, 419, 
73, 556, 483, -314, -204, 519, -43, 87, 136, 326, 278, 414, 
63, 546, 483, -305, -209, 514, -39, 78, 131, 322, 268, 409, 
53, 536, 483, -295, -214, 509, -34, 78, 131, 312, 263, 395, 
48, 527, 478, -287, -214, 502, -29, 78, 122, 307, 258, 385, 
48, 517, 468, -283, -209, 492, -24, 78, 117, 297, 244, 370, 
43, 497, 453, -270, -204, 475, -19, 73, 112, 292, 239, 361, 
29, 488, 458, -258, -214, 473, -14, 73, 107, 287, 244, 361, 
24, 478, 453, -251, -214, 466, -9, 73, 102, 287, 248, 361, 
19, 473, 453, -246, -217, 463, -9, 73, 97, 283, 253, 361, 
29, 463, 434, -246, -202, 448, -4, 73, 107, 278, 244, 356, 
29, 463, 434, -246, -202, 448, -9, 73, 107, 273, 234, 356, 
29, 463, 434, -246, -202, 448, -9, 68, 107, 273, 229, 356, 
29, 463, 434, -246, -202, 448, -14, 68, 107, 273, 224, 356, 
29, 473, 444, -251, -207, 458, -14, 68, 97, 263, 224, 346, 
29, 478, 448, -253, -209, 463, -14, 73, 97, 268, 224, 346, 
29, 478, 448, -253, -209, 463, -14, 73, 97, 268, 224, 351, 
34, 478, 444, -256, -204, 461, -14, 73, 97, 268, 229, 351, 
34, 478, 444, -256, -204, 461, -14, 73, 97, 283, 239, 361, 
34, 488, 453, -261, -209, 470, -19, 73, 102, 283, 244, 366, 
34, 488, 453, -261, -209, 470, -9, 78, 102, 283, 244, 366, 
34, 473, 439, -253, -202, 456, -4, 87, 102, 283, 234, 361, 
29, 458, 429, -244, -200, 444, 0, 112, 112, 273, 219, 346, 
29, 453, 424, -241, -197, 439, 24, 141, 117, 263, 200, 322, 
24, 453, 429, -239, -202, 441, 53, 165, 122, 258, 185, 307, 
4, 468, 463, -236, -229, 466, 87, 204, 146, 258, 180, 297, 
-9, 478, 488, -234, -248, 483, 122, 239, 185, 263, 180, 297, 
-9, 492, 502, -241, -256, 497, 146, 268, 229, 297, 200, 307, 
19, 541, 522, -280, -251, 531, 156, 326, 292, 361, 253, 346, 
63, 600, 536, -331, -236, 568, 165, 409, 380, 453, 336, 405, 
112, 683, 570, -397, -229, 627, 175, 502, 478, 580, 453, 478, 
165, 785, 619, -475, -226, 702, 200, 624, 619, 751, 595, 600, 
229, 922, 692, -575, -231, 807, 200, 751, 790, 951, 790, 746, 
322, 1083, 761, -702, -219, 922, 190, 868, 980, 1190, 1010, 917, 
434, 1244, 810, -839, -187, 1027, 175, 995, 1151, 1405, 1229, 1107, 
536, 1376, 839, -956, -151, 1107, 175, 1102, 1283, 1595, 1434, 1268, 
619, 1468, 849, -1044, -114, 1159, 161, 1176, 1371, 1712, 1581, 1385, 
688, 1537, 849, -1112, -80, 1193, 136, 1205, 1400, 1795, 1673, 1468, 
722, 1639, 917, -1180, -97, 1278, 73, 1102, 1420, 1869, 1786, 1576, 
707, 1751, 1044, -1229, -168, 1398, -43, 829, 1420, 1947, 1888, 1698, 
673, 1781, 1107, -1227, -217, 1444, -136, 536, 1337, 1912, 1898, 1742, 
644, 1693, 1049, -1168, -202, 1371, -175, 336, 1195, 1761, 1771, 1664, 
600, 1542, 941, -1071, -170, 1241, -234, 126, 1010, 1546, 1566, 1527, 
551, 1405, 854, -978, -151, 1129, -385, -170, 746, 1298, 1366, 1400, 
507, 1263, 756, -885, -124, 1010, -527, -439, 405, 976, 1127, 1278, 
434, 1098, 663, -766, -114, 880, -566, -570, 82, 653, 873, 1122, 
341, 951, 610, -646, -134, 780, -556, -653, -165, 380, 639, 956, 
244, 795, 551, -519, -153, 673, -561, -775, -405, 92, 395, 775, 
180, 678, 497, -429, -158, 588, -580, -863, -610, -156, 185, 619, 
151, 644, 492, -397, -170, 568, -600, -849, -629, -200, 107, 531, 
136, 649, 512, -392, -187, 580, -570, -741, -507, -92, 126, 492, 
112, 663, 551, -387, -219, 607, -502, -629, -380, -4, 151, 488, 
87, 692, 605, -390, -258, 649, -448, -502, -263, 68, 180, 488, 
92, 732, 639, -412, -273, 685, -395, -400, -141, 165, 224, 497, 
102, 727, 624, -414, -261, 675, -361, -322, -92, 209, 253, 502, 
92, 692, 600, -392, -253, 646, -312, -244, -87, 204, 263, 488, 
78, 649, 570, -363, -246, 610, -239, -151, -53, 214, 263, 468, 
63, 619, 556, -341, -246, 588, -185, -58, 9, 244, 278, 439, 
58, 590, 531, -324, -236, 561, -126, 9, 58, 263, 278, 424, 
58, 575, 517, -317, -229, 546, -82, 58, 87, 273, 273, 409, 
53, 561, 507, -307, -226, 534, -48, 73, 97, 273, 268, 405, 
43, 551, 507, -297, -231, 529, -39, 82, 107, 283, 248, 409, 
39, 551, 512, -295, -236, 531, -39, 82, 117, 302, 248, 405, 
39, 551, 512, -295, -236, 531, -39, 78, 122, 302, 248, 405, 
39, 551, 512, -295, -236, 531, -39, 73, 126, 307, 253, 405, 
39, 551, 512, -295, -236, 531, -39, 73, 126, 307, 258, 405, 
34, 551, 517, -292, -241, 534, -34, 78, 136, 307, 268, 395, 
29, 546, 517, -287, -244, 531, -34, 82, 136, 297, 258, 395, 
29, 541, 512, -285, -241, 527, -29, 92, 136, 297, 248, 390, 
29, 536, 507, -283, -239, 522, -19, 97, 131, 297, 248, 380, 
39, 541, 502, -290, -231, 522, -24, 92, 131, 292, 239, 366, 
39, 536, 497, -287, -229, 517, -19, 97, 131, 292, 239, 361, 
39, 536, 497, -287, -229, 517, -19, 107, 136, 292, 239, 356, 
34, 536, 502, -285, -234, 519, -19, 107, 136, 297, 239, 356, 
24, 527, 502, -275, -239, 514, -14, 112, 136, 317, 248, 375, 
24, 527, 502, -275, -239, 514, -9, 112, 141, 317, 253, 375, 
24, 527, 502, -275, -239, 514, -9, 112, 141, 317, 253, 375, 
29, 531, 502, -280, -236, 517, -9, 117, 141, 322, 253, 375, 
29, 531, 502, -280, -236, 517, 0, 122, 146, 312, 263, 385, 
24, 531, 507, -278, -241, 519, 9, 126, 146, 312, 263, 385, 
24, 527, 502, -275, -239, 514, 9, 126, 146, 312, 263, 385, 
19, 527, 507, -273, -244, 517, 9, 126, 146, 317, 263, 385, 
29, 527, 497, -278, -234, 512, 9, 126, 151, 307, 263, 375, 
29, 527, 497, -278, -234, 512, 9, 126, 156, 307, 263, 380, 
34, 531, 497, -283, -231, 514, 9, 126, 156, 312, 263, 380, 
34, 531, 497, -283, -231, 514, 9, 126, 156, 312, 263, 380, 
34, 541, 507, -287, -236, 524, 0, 131, 146, 322, 273, 380, 
34, 541, 507, -287, -236, 524, 0, 131, 146, 322, 273, 380, 
34, 541, 507, -287, -236, 524, 4, 136, 146, 322, 278, 380, 
39, 541, 502, -290, -231, 522, 4, 141, 146, 326, 278, 380, 
29, 551, 522, -290, -246, 536, 4, 131, 156, 336, 278, 390, 
29, 551, 522, -290, -246, 536, 4, 131, 156, 336, 283, 390, 
29, 551, 522, -290, -246, 536, 4, 131, 161, 336, 283, 390, 
29, 556, 527, -292, -248, 541, 4, 131, 161, 336, 283, 390, 
24, 551, 527, -287, -251, 539, 4, 136, 161, 336, 278, 395, 
24, 551, 527, -287, -251, 539, 4, 136, 161, 336, 278, 395, 
29, 551, 522, -290, -246, 536, 4, 136, 161, 341, 278, 395, 
29, 556, 527, -292, -248, 541, 4, 136, 161, 346, 278, 395, 
39, 566, 527, -302, -244, 546, 4, 136, 156, 336, 278, 385, 
39, 561, 522, -300, -241, 541, 4, 136, 156, 336, 278, 385, 
39, 561, 522, -300, -241, 541, 4, 136, 156, 336, 283, 390, 
39, 570, 531, -305, -246, 551, 4, 136, 161, 336, 283, 390, 
29, 561, 531, -295, -251, 546, 14, 146, 170, 346, 283, 390, 
29, 561, 531, -295, -251, 546, 14, 146, 170, 351, 283, 395, 
29, 561, 531, -295, -251, 546, 14, 151, 170, 351, 287, 395, 
29, 561, 531, -295, -251, 546, 14, 151, 170, 346, 287, 395, 
39, 561, 522, -300, -241, 541, 4, 151, 170, 336, 287, 395, 
39, 561, 522, -300, -241, 541, 4, 151, 175, 341, 287, 400, 
39, 566, 527, -302, -244, 546, 4, 151, 175, 341, 292, 400, 
39, 566, 527, -302, -244, 546, 4, 151, 175, 346, 292, 405, 
39, 566, 527, -302, -244, 546, 4, 151, 170, 356, 292, 405, 
39, 566, 527, -302, -244, 546, 4, 156, 175, 361, 297, 405, 
39, 566, 527, -302, -244, 546, 4, 161, 175, 361, 297, 405, 
43, 570, 527, -307, -241, 549, 4, 161, 180, 361, 297, 409, 
34, 575, 541, -305, -253, 558, 4, 161, 190, 361, 302, 419, 
34, 575, 541, -305, -253, 558, 4, 161, 195, 361, 302, 419, 
34, 575, 541, -305, -253, 558, 4, 165, 195, 361, 307, 419, 
39, 575, 536, -307, -248, 556, 4, 165, 195, 361, 307, 424, 
39, 575, 536, -307, -248, 556, 14, 165, 185, 356, 297, 414, 
39, 580, 541, -309, -251, 561, 14, 165, 190, 356, 307, 419, 
39, 580, 541, -309, -251, 561, 14, 170, 195, 361, 312, 429, 
39, 585, 546, -312, -253, 566, 14, 170, 195, 361, 312, 429, 
48, 595, 546, -322, -248, 570, 4, 170, 190, 375, 317, 439, 
48, 595, 546, -322, -248, 570, 4, 170, 190, 380, 326, 439, 
48, 595, 546, -322, -248, 570, 4, 175, 190, 385, 331, 439, 
53, 600, 546, -326, -246, 573, 4, 175, 195, 390, 336, 439, 
53, 605, 551, -329, -248, 578, -4, 180, 204, 395, 331, 444, 
58, 605, 546, -331, -244, 575, -4, 180, 204, 395, 331, 448, 
58, 605, 546, -331, -244, 575, -4, 185, 204, 395, 341, 448, 
63, 605, 541, -334, -239, 573, -4, 185, 214, 395, 341, 448, 
63, 610, 546, -336, -241, 578, -4, 185, 209, 385, 336, 448, 
63, 614, 551, -339, -244, 583, -4, 185, 209, 395, 341, 453, 
63, 619, 556, -341, -246, 588, -4, 190, 214, 400, 341, 453, 
63, 624, 561, -344, -248, 592, -4, 195, 214, 405, 346, 448, 
58, 629, 570, -344, -256, 600, -9, 200, 214, 405, 361, 463, 
63, 634, 570, -348, -253, 602, -9, 200, 224, 409, 361, 468, 
63, 634, 570, -348, -253, 602, -9, 200, 229, 409, 366, 468, 
63, 639, 575, -351, -256, 607, -9, 200, 229, 414, 370, 468, 
63, 644, 580, -353, -258, 612, -19, 200, 229, 429, 366, 473, 
73, 649, 575, -361, -251, 612, -24, 204, 229, 429, 370, 473, 
73, 653, 580, -363, -253, 617, -29, 209, 234, 434, 375, 483, 
73, 653, 580, -363, -253, 617, -29, 209, 239, 439, 375, 488, 
82, 668, 585, -375, -251, 627, -24, 214, 234, 444, 380, 483, 
82, 673, 590, -378, -253, 631, -24, 214, 239, 448, 385, 483, 
92, 678, 585, -385, -246, 631, -24, 219, 239, 453, 395, 488, 
92, 683, 590, -387, -248, 636, -24, 219, 244, 458, 400, 492, 
92, 678, 585, -385, -246, 631, -29, 219, 258, 463, 409, 502, 
97, 683, 585, -390, -244, 634, -34, 229, 263, 468, 419, 507, 
102, 688, 585, -395, -241, 636, -34, 234, 263, 478, 419, 512, 
102, 692, 590, -397, -244, 641, -34, 239, 263, 483, 429, 517, 
102, 697, 595, -400, -246, 646, -39, 239, 268, 492, 439, 522, 
107, 702, 595, -405, -244, 649, -39, 244, 273, 497, 444, 527, 
107, 712, 605, -409, -248, 658, -48, 248, 273, 502, 444, 536, 
117, 712, 595, -414, -239, 653, -48, 248, 283, 507, 453, 546, 
122, 736, 614, -429, -246, 675, -63, 239, 278, 517, 458, 546, 
122, 736, 614, -429, -246, 675, -63, 244, 283, 522, 468, 556, 
122, 741, 619, -431, -248, 680, -63, 248, 283, 531, 478, 561, 
131, 746, 614, -439, -241, 680, -63, 248, 283, 531, 483, 561, 
131, 746, 614, -439, -241, 680, -68, 258, 297, 541, 483, 580, 
131, 751, 619, -441, -244, 685, -73, 263, 302, 541, 492, 585, 
141, 756, 614, -448, -236, 685, -73, 263, 307, 546, 502, 595, 
141, 761, 619, -451, -239, 690, -73, 263, 307, 551, 502, 595, 
136, 761, 624, -448, -244, 692, -73, 263, 297, 561, 507, 600, 
141, 766, 624, -453, -241, 695, -78, 263, 302, 566, 507, 600, 
141, 775, 634, -458, -246, 705, -78, 268, 302, 570, 512, 605, 
141, 775, 634, -458, -246, 705, -82, 268, 302, 575, 517, 610, 
141, 790, 649, -466, -253, 719, -87, 268, 317, 570, 512, 614, 
146, 795, 649, -470, -251, 722, -92, 268, 317, 575, 517, 614, 
146, 800, 653, -473, -253, 727, -97, 273, 317, 580, 517, 619, 
146, 800, 653, -473, -253, 727, -102, 273, 317, 580, 517, 619, 
156, 800, 644, -478, -244, 722, -107, 263, 307, 575, 531, 610, 
156, 805, 649, -480, -246, 727, -107, 263, 307, 575, 531, 614, 
156, 810, 653, -483, -248, 732, -107, 263, 307, 570, 531, 614, 
156, 810, 653, -483, -248, 732, -112, 263, 307, 570, 531, 614, 
165, 810, 644, -488, -239, 727, -112, 273, 307, 575, 522, 624, 
165, 810, 644, -488, -239, 727, -117, 273, 307, 575, 527, 629, 
165, 810, 644, -488, -239, 727, -117, 268, 307, 575, 527, 629, 
165, 810, 644, -488, -239, 727, -122, 268, 307, 580, 527, 629, 
175, 819, 644, -497, -234, 732, -122, 258, 307, 585, 536, 629, 
175, 819, 644, -497, -234, 732, -122, 253, 307, 585, 536, 629, 
175, 819, 644, -497, -234, 732, -122, 244, 307, 580, 536, 629, 
175, 814, 639, -495, -231, 727, -122, 244, 307, 580, 536, 629, 
175, 824, 649, -500, -236, 736, -126, 234, 307, 590, 546, 629, 
175, 824, 649, -500, -236, 736, -126, 234, 307, 590, 546, 629, 
175, 819, 644, -497, -234, 732, -126, 229, 307, 590, 546, 629, 
175, 819, 644, -497, -234, 732, -126, 229, 307, 590, 546, 629, 
175, 819, 644, -497, -234, 732, -131, 239, 297, 585, 546, 629, 
175, 824, 649, -500, -236, 736, -131, 234, 297, 585, 546, 629, 
170, 824, 653, -497, -241, 739, -131, 229, 297, 585, 541, 624, 
170, 824, 653, -497, -241, 739, -131, 229, 297, 585, 541, 624, 
170, 814, 644, -492, -236, 729, -131, 229, 302, 575, 531, 624, 
170, 814, 644, -492, -236, 729, -131, 229, 302, 575, 531, 624, 
170, 810, 639, -490, -234, 724, -131, 229, 297, 570, 531, 624, 
170, 805, 634, -488, -231, 719, -126, 229, 297, 570, 531, 624, 
175, 814, 639, -495, -231, 727, -136, 214, 297, 575, 522, 614, 
170, 810, 639, -490, -234, 724, -136, 209, 292, 570, 507, 605, 
170, 810, 639, -490, -234, 724, -136, 209, 292, 570, 507, 605, 
165, 800, 634, -483, -234, 717, -136, 209, 292, 561, 497, 600, 
156, 810, 653, -483, -248, 732, -126, 209, 287, 561, 497, 580, 
151, 805, 653, -478, -251, 729, -122, 209, 287, 551, 492, 575, 
151, 800, 649, -475, -248, 724, -117, 209, 283, 546, 488, 570, 
146, 795, 649, -470, -251, 722, -112, 204, 278, 541, 483, 566, 
131, 785, 653, -458, -261, 719, -102, 204, 273, 531, 478, 570, 
126, 771, 644, -448, -258, 707, -102, 195, 273, 527, 473, 566, 
126, 761, 634, -444, -253, 697, -102, 195, 273, 517, 468, 556, 
126, 751, 624, -439, -248, 688, -102, 190, 263, 512, 463, 551, 
136, 746, 610, -441, -236, 678, -92, 185, 273, 512, 448, 546, 
126, 741, 614, -434, -244, 678, -92, 185, 268, 502, 439, 541, 
122, 732, 610, -427, -244, 671, -92, 185, 263, 497, 434, 531, 
117, 732, 614, -424, -248, 673, -82, 185, 258, 492, 424, 527, 
117, 722, 605, -419, -244, 663, -87, 175, 248, 478, 424, 522, 
112, 712, 600, -412, -244, 656, -82, 175, 244, 473, 419, 522, 
107, 707, 600, -407, -246, 653, -78, 170, 244, 468, 414, 512, 
102, 702, 600, -402, -248, 651, -78, 170, 239, 463, 400, 512, 
107, 688, 580, -397, -236, 634, -78, 156, 234, 458, 400, 507, 
102, 678, 575, -390, -236, 627, -73, 151, 224, 453, 395, 497, 
97, 673, 575, -385, -239, 624, -73, 146, 224, 444, 390, 492, 
97, 668, 570, -383, -236, 619, -68, 146, 219, 439, 385, 492, 
87, 678, 590, -383, -251, 634, -68, 151, 219, 424, 370, 483, 
87, 673, 585, -380, -248, 629, -68, 151, 214, 424, 370, 473, 
87, 663, 575, -375, -244, 619, -68, 151, 209, 419, 361, 468, 
82, 663, 580, -373, -248, 622, -68, 141, 204, 409, 356, 468, 
82, 663, 580, -373, -248, 622, -68, 126, 200, 409, 351, 463, 
82, 658, 575, -370, -246, 617, -63, 126, 195, 405, 341, 463, 
78, 658, 580, -368, -251, 619, -63, 122, 190, 400, 336, 458, 
73, 658, 585, -366, -256, 622, -63, 122, 185, 395, 331, 453, 
82, 644, 561, -363, -239, 602, -53, 122, 175, 380, 326, 448, 
78, 639, 561, -358, -241, 600, -53, 122, 175, 375, 322, 448, 
73, 634, 561, -353, -244, 597, -53, 117, 175, 375, 322, 444, 
73, 634, 561, -353, -244, 597, -53, 117, 175, 370, 317, 444, 
73, 644, 570, -358, -248, 607, -63, 117, 185, 370, 322, 429, 
73, 639, 566, -356, -246, 602, -63, 117, 185, 366, 317, 424, 
73, 634, 561, -353, -244, 597, -58, 117, 180, 366, 317, 424, 
73, 634, 561, -353, -244, 597, -58, 117, 180, 366, 317, 424, 
63, 624, 561, -344, -248, 592, -48, 117, 170, 361, 317, 424, 
63, 624, 561, -344, -248, 592, -48, 117, 170, 361, 317, 424, 
63, 624, 561, -344, -248, 592, -48, 112, 170, 361, 317, 424, 
68, 619, 551, -344, -241, 585, -48, 112, 170, 361, 317, 424, 
68, 610, 541, -339, -236, 575, -48, 117, 165, 366, 317, 424, 
68, 610, 541, -339, -236, 575, -48, 117, 165, 366, 317, 424, 
68, 610, 541, -339, -236, 575, -43, 117, 170, 366, 317, 419, 
68, 605, 536, -336, -234, 570, -43, 117, 170, 366, 317, 414, 
68, 595, 527, -331, -229, 561, -34, 117, 170, 361, 317, 424, 
68, 595, 527, -331, -229, 561, -34, 117, 170, 361, 317, 429, 
68, 595, 527, -331, -229, 561, -34, 117, 170, 361, 317, 429, 
68, 595, 527, -331, -229, 561, -34, 117, 170, 361, 317, 429, 
68, 580, 512, -324, -222, 546, -34, 131, 170, 370, 326, 419, 
68, 580, 512, -324, -222, 546, -34, 131, 170, 370, 326, 424, 
68, 585, 517, -326, -224, 551, -34, 131, 170, 375, 326, 429, 
68, 585, 517, -326, -224, 551, -34, 131, 170, 375, 331, 429, 
68, 575, 507, -322, -219, 541, -34, 131, 175, 385, 341, 434, 
68, 575, 507, -322, -219, 541, -34, 131, 175, 385, 341, 439, 
68, 580, 512, -324, -222, 546, -39, 131, 180, 385, 341, 444, 
68, 580, 512, -324, -222, 546, -39, 131, 180, 385, 341, 448, 
63, 580, 517, -322, -226, 549, -29, 131, 180, 395, 341, 458, 
63, 580, 517, -322, -226, 549, -29, 131, 180, 395, 341, 458, 
68, 580, 512, -324, -222, 546, -34, 131, 180, 395, 341, 458, 
68, 580, 512, -324, -222, 546, -34, 131, 180, 395, 341, 458, 
78, 580, 502, -329, -212, 541, -34, 141, 180, 385, 341, 458, 
78, 585, 507, -331, -214, 546, -34, 141, 180, 390, 341, 458, 
78, 585, 507, -331, -214, 546, -34, 141, 180, 390, 346, 458, 
78, 585, 507, -331, -214, 546, -34, 141, 180, 390, 346, 458, 
87, 585, 497, -336, -204, 541, -43, 141, 180, 390, 351, 458, 
87, 585, 497, -336, -204, 541, -43, 141, 180, 390, 351, 463, 
87, 590, 502, -339, -207, 546, -43, 141, 180, 390, 351, 463, 
87, 590, 502, -339, -207, 546, -43, 141, 180, 390, 351, 463, 
78, 595, 517, -336, -219, 556, -34, 141, 180, 390, 341, 473, 
78, 595, 517, -336, -219, 556, -34, 141, 180, 390, 341, 473, 
78, 600, 522, -339, -222, 561, -34, 141, 180, 395, 351, 473, 
78, 600, 522, -339, -222, 561, -34, 141, 180, 395, 351, 473, 
73, 595, 522, -334, -224, 558, -43, 141, 190, 395, 346, 473, 
73, 595, 522, -334, -224, 558, -43, 141, 190, 395, 346, 473, 
73, 595, 522, -334, -224, 558, -43, 141, 190, 395, 346, 473, 
68, 595, 527, -331, -229, 561, -43, 141, 190, 395, 346, 473, 
73, 605, 531, -339, -229, 568, -43, 131, 190, 395, 336, 473, 
82, 605, 522, -344, -219, 563, -43, 131, 190, 395, 331, 468, 
87, 605, 517, -346, -214, 561, -43, 131, 190, 395, 331, 463, 
92, 605, 512, -348, -209, 558, -43, 131, 190, 395, 336, 458, 
82, 605, 522, -344, -219, 563, -43, 141, 190, 400, 341, 468, 
82, 605, 522, -344, -219, 563, -43, 141, 190, 400, 346, 468, 
87, 605, 517, -346, -214, 561, -43, 141, 190, 400, 351, 468, 
92, 605, 512, -348, -209, 558, -43, 141, 190, 400, 356, 468, 
82, 605, 522, -344, -219, 563, -43, 141, 190, 409, 356, 473, 
82, 605, 522, -344, -219, 563, -43, 141, 185, 409, 356, 478, 
78, 605, 527, -341, -224, 566, -43, 141, 185, 405, 356, 483, 
78, 605, 527, -341, -224, 566, -43, 141, 185, 405, 356, 483, 
87, 605, 517, -346, -214, 561, -43, 141, 185, 405, 356, 478, 
87, 605, 517, -346, -214, 561, -43, 141, 185, 405, 356, 473, 
87, 600, 512, -344, -212, 556, -43, 141, 185, 405, 356, 468, 
87, 600, 512, -344, -212, 556, -43, 141, 180, 405, 351, 463, 
87, 605, 517, -346, -214, 561, -43, 141, 175, 395, 351, 463, 
87, 605, 517, -346, -214, 561, -43, 141, 175, 395, 351, 463, 
87, 605, 517, -346, -214, 561, -43, 141, 175, 395, 351, 463, 
87, 605, 517, -346, -214, 561, -43, 141, 175, 395, 351, 463, 
87, 605, 517, -346, -214, 561, -43, 141, 175, 390, 351, 463, 
87, 600, 512, -344, -212, 556, -43, 141, 175, 390, 346, 463, 
87, 600, 512, -344, -212, 556, -43, 136, 170, 390, 346, 463, 
87, 600, 512, -344, -212, 556, -43, 136, 170, 390, 346, 463, 
87, 600, 512, -344, -212, 556, -43, 141, 161, 380, 346, 473, 
87, 595, 507, -341, -209, 551, -43, 141, 161, 380, 346, 468, 
87, 595, 507, -341, -209, 551, -43, 141, 156, 380, 346, 468, 
87, 595, 507, -341, -209, 551, -43, 141, 156, 380, 346, 468, 
87, 605, 517, -346, -214, 561, -43, 136, 156, 385, 331, 458, 
87, 605, 517, -346, -214, 561, -43, 136, 156, 380, 331, 458, 
87, 605, 517, -346, -214, 561, -43, 136, 156, 380, 331, 458, 
87, 600, 512, -344, -212, 556, -43, 136, 151, 380, 331, 453, 
87, 590, 502, -339, -207, 546, -43, 136, 161, 370, 326, 448, 
87, 590, 502, -339, -207, 546, -43, 136, 161, 370, 322, 448, 
87, 590, 502, -339, -207, 546, -43, 136, 156, 366, 322, 448, 
87, 590, 502, -339, -207, 546, -43, 136, 156, 361, 322, 448, 
78, 590, 512, -334, -217, 551, -34, 136, 156, 361, 322, 458, 
78, 590, 512, -334, -217, 551, -34, 136, 156, 361, 322, 453, 
78, 590, 512, -334, -217, 551, -34, 136, 156, 361, 322, 453, 
82, 585, 502, -334, -209, 544, -34, 136, 156, 361, 317, 453, 
73, 580, 507, -326, -217, 544, -29, 136, 151, 361, 317, 453, 
73, 580, 507, -326, -217, 544, -29, 136, 151, 361, 317, 453, 
73, 580, 507, -326, -217, 544, -29, 136, 151, 361, 317, 453, 
73, 580, 507, -326, -217, 544, -29, 136, 146, 361, 317, 453, 
73, 570, 497, -322, -212, 534, -29, 136, 136, 361, 302, 444, 
73, 566, 492, -319, -209, 529, -29, 136, 131, 356, 302, 439, 
73, 566, 492, -319, -209, 529, -34, 136, 131, 356, 302, 439, 
73, 566, 492, -319, -209, 529, -34, 131, 131, 361, 302, 434, 
82, 575, 492, -329, -204, 534, -34, 141, 131, 356, 302, 434, 
82, 570, 488, -326, -202, 529, -34, 141, 131, 356, 302, 434, 
78, 570, 492, -324, -207, 531, -39, 131, 131, 356, 302, 434, 
78, 566, 488, -322, -204, 527, -39, 131, 131, 356, 307, 429, 
78, 570, 492, -324, -207, 531, -39, 126, 131, 366, 317, 434, 
82, 570, 488, -326, -202, 529, -39, 126, 131, 366, 312, 439, 
82, 570, 488, -326, -202, 529, -39, 126, 131, 366, 307, 444, 
82, 570, 488, -326, -202, 529, -39, 126, 126, 366, 307, 448, 
82, 570, 488, -326, -202, 529, -29, 126, 126, 361, 307, 444, 
82, 570, 488, -326, -202, 529, -29, 126, 126, 361, 307, 439, 
78, 566, 488, -322, -204, 527, -29, 126, 126, 361, 307, 434, 
78, 566, 488, -322, -204, 527, -29, 126, 122, 361, 302, 429, 
78, 575, 497, -326, -209, 536, -39, 126, 122, 351, 292, 429, 
78, 570, 492, -324, -207, 531, -39, 126, 122, 351, 292, 424, 
78, 570, 492, -324, -207, 531, -34, 126, 117, 346, 292, 424, 
73, 570, 497, -322, -212, 534, -34, 126, 117, 346, 297, 424, 
82, 580, 497, -331, -207, 539, -43, 126, 122, 336, 297, 439, 
82, 580, 497, -331, -207, 539, -43, 126, 122, 336, 297, 439, 
82, 585, 502, -334, -209, 544, -43, 126, 122, 341, 292, 434, 
82, 585, 502, -334, -209, 544, -43, 122, 122, 341, 292, 434, 
82, 570, 488, -326, -202, 529, -34, 131, 122, 336, 292, 429, 
82, 570, 488, -326, -202, 529, -34, 131, 117, 336, 292, 429, 
82, 570, 488, -326, -202, 529, -34, 131, 117, 341, 287, 429, 
82, 570, 488, -326, -202, 529, -34, 131, 117, 341, 287, 434, 
73, 561, 488, -317, -207, 524, -34, 136, 126, 346, 297, 434, 
73, 561, 488, -317, -207, 524, -34, 136, 126, 346, 302, 434, 
73, 561, 488, -317, -207, 524, -34, 136, 126, 346, 302, 434, 
78, 561, 483, -319, -202, 522, -34, 136, 126, 346, 302, 434, 
78, 561, 483, -319, -202, 522, -24, 136, 117, 346, 307, 434, 
78, 561, 483, -319, -202, 522, -24, 136, 117, 346, 307, 434, 
78, 561, 483, -319, -202, 522, -24, 136, 117, 346, 297, 429, 
73, 561, 488, -317, -207, 524, -24, 136, 117, 346, 297, 429, 
73, 561, 488, -317, -207, 524, -34, 131, 117, 336, 297, 429, 
73, 566, 492, -319, -209, 529, -34, 131, 117, 336, 297, 429, 
73, 570, 497, -322, -212, 534, -34, 126, 117, 336, 297, 429, 
78, 575, 497, -326, -209, 536, -34, 126, 117, 336, 297, 429, 
78, 575, 497, -326, -209, 536, -34, 126, 117, 336, 283, 429, 
78, 575, 497, -326, -209, 536, -34, 126, 117, 336, 283, 429, 
78, 575, 497, -326, -209, 536, -34, 126, 112, 336, 283, 429, 
82, 575, 492, -329, -204, 534, -34, 126, 112, 331, 283, 429, 
82, 575, 492, -329, -204, 534, -34, 126, 112, 341, 283, 429, 
82, 580, 497, -331, -207, 539, -34, 126, 112, 341, 287, 429, 
82, 580, 497, -331, -207, 539, -34, 126, 112, 341, 287, 429, 
82, 575, 492, -329, -204, 534, -34, 126, 112, 341, 287, 429, 
73, 575, 502, -324, -214, 539, -34, 126, 122, 341, 297, 429, 
73, 575, 502, -324, -214, 539, -34, 126, 122, 341, 297, 429, 
73, 575, 502, -324, -214, 539, -34, 126, 122, 341, 292, 429, 
73, 575, 502, -324, -214, 539, -34, 126, 122, 341, 292, 429, 
73, 575, 502, -324, -214, 539, -34, 126, 112, 341, 292, 429, 
73, 580, 507, -326, -217, 544, -34, 131, 112, 341, 292, 429, 
73, 580, 507, -326, -217, 544, -34, 131, 112, 341, 292, 429, 
73, 580, 507, -326, -217, 544, -34, 126, 112, 341, 292, 429, 
73, 580, 507, -326, -217, 544, -43, 126, 112, 336, 292, 419, 
73, 575, 502, -324, -214, 539, -43, 126, 112, 336, 292, 419, 
73, 575, 502, -324, -214, 539, -43, 131, 112, 341, 297, 419, 
73, 580, 507, -326, -217, 544, -43, 131, 112, 341, 297, 419, 
73, 580, 507, -326, -217, 544, -43, 126, 107, 341, 292, 419, 
73, 580, 507, -326, -217, 544, -43, 126, 107, 341, 292, 419, 
73, 580, 507, -326, -217, 544, -43, 126, 112, 341, 292, 419, 
73, 580, 507, -326, -217, 544, -43, 126, 112, 341, 292, 414, 
73, 570, 497, -322, -212, 534, -34, 126, 112, 331, 292, 424, 
73, 570, 497, -322, -212, 534, -34, 131, 112, 331, 292, 424, 
73, 570, 497, -322, -212, 534, -34, 131, 112, 331, 292, 424, 
73, 570, 497, -322, -212, 534, -34, 136, 112, 331, 292, 424, 
73, 561, 488, -317, -207, 524, -34, 126, 112, 341, 283, 424, 
73, 561, 488, -317, -207, 524, -34, 131, 112, 336, 283, 424, 
73, 561, 488, -317, -207, 524, -34, 131, 112, 336, 283, 424, 
73, 561, 488, -317, -207, 524, -34, 131, 112, 336, 283, 424, 
73, 546, 473, -309, -200, 509, -34, 131, 112, 331, 292, 429, 
73, 546, 473, -309, -200, 509, -34, 131, 107, 326, 292, 429, 
73, 551, 478, -312, -202, 514, -34, 131, 107, 326, 292, 429, 
73, 551, 478, -312, -202, 514, -34, 131, 107, 322, 292, 429, 
73, 561, 488, -317, -207, 524, -34, 131, 117, 331, 297, 429, 
68, 566, 497, -317, -214, 531, -29, 126, 107, 331, 302, 429, 
68, 566, 497, -317, -214, 531, -29, 126, 107, 331, 292, 429, 
68, 566, 497, -317, -214, 531, -29, 126, 107, 331, 292, 429, 
68, 566, 497, -317, -214, 531, -29, 126, 107, 331, 292, 429, 
68, 566, 497, -317, -214, 531, -29, 126, 107, 331, 292, 429, 
78, 575, 497, -326, -209, 536, -29, 126, 107, 331, 292, 419, 
78, 575, 497, -326, -209, 536, -29, 126, 107, 331, 292, 419, 
78, 575, 497, -326, -209, 536, -29, 126, 107, 331, 292, 419, 
78, 575, 497, -326, -209, 536, -29, 126, 107, 331, 292, 419, 
68, 566, 497, -317, -214, 531, -39, 126, 107, 322, 292, 429, 
68, 566, 497, -317, -214, 531, -39, 126, 107, 322, 292, 429, 
68, 566, 497, -317, -214, 531, -39, 126, 107, 322, 292, 429, 
68, 566, 497, -317, -214, 531, -39, 126, 107, 322, 292, 429, 
68, 566, 497, -317, -214, 531, -29, 126, 107, 322, 292, 429, 
68, 566, 497, -317, -214, 531, -29, 126, 107, 322, 292, 429, 
68, 566, 497, -317, -214, 531, -29, 126, 107, 322, 292, 429, 
68, 566, 497, -317, -214, 531, -29, 126, 107, 322, 292, 429, 
78, 556, 478, -317, -200, 517, -39, 126, 97, 322, 292, 439, 
78, 556, 478, -317, -200, 517, -39, 126, 97, 322, 292, 439, 
78, 556, 478, -317, -200, 517, -39, 126, 97, 322, 292, 439, 
78, 556, 478, -317, -200, 517, -39, 126, 97, 322, 292, 439, 
78, 566, 488, -322, -204, 527, -39, 126, 97, 322, 302, 429, 
78, 566, 488, -322, -204, 527, -39, 126, 97, 322, 302, 429, 
78, 566, 488, -322, -204, 527, -39, 126, 97, 322, 302, 429, 
78, 566, 488, -322, -204, 527, -39, 126, 97, 322, 302, 429, 
78, 566, 488, -322, -204, 527, -39, 126, 107, 322, 302, 429, 
78, 566, 488, -322, -204, 527, -39, 126, 107, 322, 302, 429, 
78, 566, 488, -322, -204, 527, -39, 126, 107, 322, 302, 429, 
78, 566, 488, -322, -204, 527, -39, 126, 107, 322, 302, 429, 
68, 575, 507, -322, -219, 541, -39, 126, 107, 322, 302, 439, 
68, 575, 507, -322, -219, 541, -39, 126, 107, 322, 302, 439, 
68, 575, 507, -322, -219, 541, -39, 126, 107, 322, 302, 439, 
68, 575, 507, -322, -219, 541, -39, 126, 107, 322, 302, 439, 
68, 575, 507, -322, -219, 541, -39, 117, 97, 322, 292, 439, 
68, 575, 507, -322, -219, 541, -39, 117, 97, 322, 292, 439, 
68, 580, 512, -324, -222, 546, -39, 117, 97, 322, 292, 439, 
68, 580, 512, -324, -222, 546, -39, 117, 97, 322, 292, 439, 
68, 580, 512, -324, -222, 546, -39, 117, 97, 322, 292, 429, 
68, 580, 512, -324, -222, 546, -39, 117, 97, 322, 292, 429, 
68, 580, 512, -324, -222, 546, -39, 117, 97, 322, 292, 429, 
68, 580, 512, -324, -222, 546, -39, 117, 97, 322, 292, 429, 
68, 580, 512, -324, -222, 546, -39, 117, 107, 322, 302, 429, 
68, 580, 512, -324, -222, 546, -39, 117, 107, 322, 302, 429, 
68, 580, 512, -324, -222, 546, -39, 117, 107, 322, 302, 429, 
68, 580, 512, -324, -222, 546, -39, 117, 107, 326, 302, 429, 
68, 570, 502, -319, -217, 536, -39, 126, 97, 326, 302, 429, 
68, 570, 502, -319, -217, 536, -39, 126, 97, 326, 302, 429, 
68, 570, 502, -319, -217, 536, -39, 126, 97, 326, 302, 429, 
68, 570, 502, -319, -217, 536, -39, 126, 97, 326, 302, 429, 
73, 570, 497, -322, -212, 534, -39, 126, 97, 317, 292, 439, 
73, 570, 497, -322, -212, 534, -39, 126, 97, 317, 292, 439, 
73, 575, 502, -324, -214, 539, -39, 126, 102, 317, 292, 448, 
73, 590, 517, -331, -222, 553, -39, 131, 107, 322, 297, 448, 
73, 585, 512, -329, -219, 549, -24, 131, 112, 336, 307, 463, 
73, 590, 517, -331, -222, 553, -24, 131, 122, 341, 312, 463, 
78, 590, 512, -334, -217, 551, -19, 141, 126, 346, 317, 468, 
82, 595, 512, -339, -214, 553, -14, 141, 131, 356, 317, 468, 
78, 614, 536, -346, -229, 575, -9, 151, 146, 361, 326, 473, 
78, 619, 541, -348, -231, 580, -9, 151, 151, 366, 336, 473, 
78, 629, 551, -353, -236, 590, -9, 151, 151, 370, 341, 483, 
82, 634, 551, -358, -234, 592, -9, 156, 161, 370, 346, 488, 
82, 639, 556, -361, -236, 597, -9, 146, 161, 375, 341, 488, 
82, 644, 561, -363, -239, 602, -14, 146, 175, 380, 341, 488, 
87, 644, 556, -366, -234, 600, -14, 151, 175, 380, 341, 488, 
92, 649, 556, -370, -231, 602, -24, 151, 175, 380, 341, 492, 
92, 653, 561, -373, -234, 607, -39, 146, 175, 380, 351, 483, 
87, 653, 566, -370, -239, 610, -48, 141, 170, 380, 351, 483, 
87, 653, 566, -370, -239, 610, -53, 136, 170, 380, 351, 483, 
92, 653, 561, -373, -234, 607, -58, 136, 170, 380, 351, 483, 
92, 658, 566, -375, -236, 612, -68, 126, 170, 380, 351, 483, 
92, 663, 570, -378, -239, 617, -73, 126, 165, 375, 351, 478, 
92, 663, 570, -378, -239, 617, -78, 117, 161, 375, 346, 478, 
92, 668, 575, -380, -241, 622, -78, 112, 156, 375, 346, 478, 
87, 658, 570, -373, -241, 614, -78, 112, 146, 370, 346, 488, 
92, 658, 566, -375, -236, 612, -78, 107, 141, 366, 341, 488, 
92, 649, 556, -370, -231, 602, -82, 102, 136, 361, 341, 488, 
97, 649, 551, -373, -226, 600, -87, 102, 131, 356, 341, 488, 
87, 649, 561, -368, -236, 605, -78, 112, 141, 356, 341, 488, 
87, 649, 561, -368, -236, 605, -82, 112, 136, 356, 341, 488, 
92, 649, 556, -370, -231, 602, -82, 112, 131, 356, 336, 488, 
92, 649, 556, -370, -231, 602, -92, 102, 122, 346, 331, 488, 
102, 644, 541, -373, -219, 592, -92, 92, 112, 346, 331, 488, 
107, 644, 536, -375, -214, 590, -92, 92, 112, 346, 336, 488, 
112, 649, 536, -380, -212, 592, -92, 92, 112, 351, 336, 488, 
117, 653, 536, -385, -209, 595, -97, 92, 102, 351, 341, 497, 
131, 668, 536, -400, -202, 602, -102, 82, 102, 336, 351, 502, 
136, 673, 536, -405, -200, 605, -107, 82, 102, 336, 351, 502, 
141, 673, 531, -407, -195, 602, -112, 82, 102, 341, 351, 502, 
141, 678, 536, -409, -197, 607, -117, 87, 107, 341, 351, 502, 
131, 688, 556, -409, -212, 622, -112, 87, 117, 351, 351, 512, 
122, 683, 561, -402, -219, 622, -107, 92, 122, 351, 356, 512, 
122, 678, 556, -400, -217, 617, -97, 92, 122, 351, 356, 512, 
117, 678, 561, -397, -222, 619, -92, 97, 122, 351, 351, 507, 
122, 668, 546, -395, -212, 607, -78, 107, 122, 356, 351, 507, 
112, 653, 541, -383, -214, 597, -78, 107, 122, 356, 351, 507, 
112, 653, 541, -383, -214, 597, -68, 107, 122, 351, 351, 507, 
107, 644, 536, -375, -214, 590, -68, 112, 122, 351, 346, 502, 
92, 639, 546, -366, -226, 592, -53, 112, 122, 341, 346, 492, 
87, 634, 546, -361, -229, 590, -48, 112, 117, 336, 336, 488, 
82, 624, 541, -353, -229, 583, -43, 117, 117, 336, 336, 483, 
82, 614, 531, -348, -224, 573, -39, 117, 112, 331, 326, 478, 
73, 595, 522, -334, -224, 558, -43, 117, 102, 312, 312, 463, 
68, 585, 517, -326, -224, 551, -39, 117, 92, 307, 307, 453, 
68, 575, 507, -322, -219, 541, -34, 117, 87, 297, 292, 439, 
63, 566, 502, -314, -219, 534, -29, 112, 82, 292, 283, 429, 
48, 566, 517, -307, -234, 541, -24, 102, 78, 297, 273, 429, 
43, 556, 512, -300, -234, 534, -19, 102, 73, 297, 273, 429, 
39, 551, 512, -295, -236, 531, -19, 102, 68, 292, 273, 429, 
39, 551, 512, -295, -236, 531, -24, 102, 68, 287, 268, 424, 
39, 541, 502, -290, -231, 522, -19, 102, 68, 283, 273, 424, 
39, 541, 502, -290, -231, 522, -19, 97, 68, 283, 273, 424, 
39, 541, 502, -290, -231, 522, -24, 97, 68, 283, 273, 424, 
39, 541, 502, -290, -231, 522, -24, 97, 68, 283, 273, 424, 
39, 556, 517, -297, -239, 536, -34, 92, 68, 287, 263, 424, 
39, 556, 517, -297, -239, 536, -34, 92, 68, 287, 263, 429, 
43, 556, 512, -300, -234, 534, -34, 92, 68, 287, 268, 429, 
43, 556, 512, -300, -234, 534, -34, 92, 68, 292, 268, 429, 
43, 556, 512, -300, -234, 534, -19, 102, 73, 292, 273, 434, 
43, 556, 512, -300, -234, 534, -19, 107, 82, 292, 273, 434, 
43, 551, 507, -297, -231, 529, -14, 107, 82, 292, 283, 419, 
39, 536, 497, -287, -229, 517, 0, 131, 82, 292, 268, 414, 
29, 522, 492, -275, -231, 507, 14, 161, 97, 273, 248, 400, 
34, 512, 478, -273, -222, 495, 34, 185, 102, 258, 224, 375, 
24, 507, 483, -265, -229, 495, 68, 214, 117, 248, 209, 356, 
9, 517, 507, -263, -248, 512, 112, 248, 146, 253, 190, 346, 
9, 522, 512, -265, -251, 517, 146, 278, 190, 278, 200, 346, 
19, 561, 541, -290, -261, 551, 156, 326, 244, 331, 253, 385, 
43, 619, 575, -331, -265, 597, 165, 400, 331, 444, 356, 463, 
82, 702, 619, -392, -268, 661, 175, 492, 439, 561, 463, 546, 
126, 814, 688, -470, -280, 751, 190, 595, 580, 702, 605, 649, 
190, 951, 761, -570, -285, 856, 190, 702, 741, 893, 771, 785, 
283, 1122, 839, -702, -278, 980, 170, 810, 932, 1122, 990, 956, 
385, 1283, 897, -834, -256, 1090, 146, 927, 1112, 1366, 1229, 1146, 
488, 1424, 936, -956, -224, 1180, 136, 1044, 1273, 1586, 1444, 1327, 
580, 1537, 956, -1058, -187, 1246, 141, 1127, 1390, 1751, 1629, 1464, 
649, 1615, 966, -1132, -158, 1290, 126, 1176, 1449, 1873, 1761, 1566, 
692, 1708, 1015, -1200, -161, 1361, 82, 1141, 1478, 1966, 1864, 1673, 
688, 1820, 1132, -1254, -222, 1476, -14, 917, 1488, 2044, 1976, 1795, 
644, 1898, 1254, -1271, -305, 1576, -126, 614, 1444, 2059, 2044, 1878, 
605, 1849, 1244, -1227, -319, 1546, -165, 395, 1322, 1937, 1956, 1839, 
570, 1708, 1137, -1139, -283, 1422, -185, 244, 1156, 1742, 1771, 1712, 
531, 1551, 1019, -1041, -244, 1285, -297, 4, 922, 1512, 1571, 1586, 
488, 1410, 922, -949, -217, 1166, -448, -273, 600, 1220, 1351, 1454, 
434, 1244, 810, -839, -187, 1027, -517, -444, 258, 868, 1068, 1288, 
351, 1078, 727, -714, -187, 902, -507, -507, -9, 566, 805, 1102, 
263, 912, 649, -588, -192, 780, -502, -590, -258, 278, 561, 912, 
190, 766, 575, -478, -192, 671, -522, -717, -522, -39, 302, 727, 
131, 673, 541, -402, -204, 607, -541, -751, -629, -190, 156, 610, 
107, 668, 561, -387, -226, 614, -531, -683, -546, -122, 156, 580, 
73, 692, 619, -383, -273, 656, -483, -580, -409, -24, 190, 566, 
58, 722, 663, -390, -302, 692, -439, -492, -312, 48, 209, 566, 
53, 761, 707, -407, -326, 734, -395, -390, -200, 126, 244, 566, 
73, 775, 702, -424, -314, 739, -361, -302, -122, 200, 283, 570, 
73, 751, 678, -412, -302, 714, -322, -234, -107, 204, 292, 566, 
68, 707, 639, -387, -285, 673, -258, -151, -92, 214, 292, 536, 
63, 678, 614, -370, -275, 646, -195, -58, -48, 244, 297, 517, 
58, 658, 600, -358, -270, 629, -136, 19, 9, 283, 317, 502, 
48, 634, 585, -341, -268, 610, -82, 68, 58, 302, 322, 488, 
43, 629, 585, -336, -270, 607, -48, 82, 87, 302, 317, 483, 
43, 619, 575, -331, -265, 597, -39, 92, 97, 302, 307, 488, 
29, 610, 580, -319, -275, 595, -39, 92, 97, 302, 297, 473, 
29, 610, 580, -319, -275, 595, -39, 87, 102, 302, 297, 473, 
29, 610, 580, -319, -275, 595, -39, 82, 107, 307, 302, 473, 
29, 610, 580, -319, -275, 595, -39, 82, 107, 307, 307, 473, 
34, 605, 570, -319, -268, 588, -34, 87, 117, 317, 307, 473, 
29, 595, 566, -312, -268, 580, -34, 92, 117, 307, 297, 473, 
29, 585, 556, -307, -263, 570, -29, 102, 117, 307, 287, 468, 
29, 575, 546, -302, -258, 561, -19, 107, 112, 307, 287, 458, 
19, 570, 551, -295, -265, 561, -4, 112, 112, 302, 287, 463, 
19, 566, 546, -292, -263, 556, 0, 117, 112, 302, 287, 458, 
19, 566, 546, -292, -263, 556, 0, 126, 117, 302, 287, 453, 
14, 566, 551, -290, -268, 558, 0, 126, 117, 307, 287, 453, 
14, 575, 561, -295, -273, 568, 4, 131, 126, 317, 287, 453, 
14, 575, 561, -295, -273, 568, 9, 131, 131, 317, 292, 453, 
14, 575, 561, -295, -273, 568, 9, 131, 131, 317, 292, 453, 
19, 580, 561, -300, -270, 570, 9, 136, 131, 322, 292, 453, 
19, 580, 561, -300, -270, 570, 9, 141, 136, 322, 292, 453, 
14, 580, 566, -297, -275, 573, 19, 146, 136, 322, 292, 453, 
14, 575, 561, -295, -273, 568, 19, 146, 136, 322, 292, 453, 
9, 575, 566, -292, -278, 570, 19, 146, 136, 326, 292, 453, 
9, 575, 566, -292, -278, 570, 19, 146, 131, 326, 283, 444, 
9, 575, 566, -292, -278, 570, 19, 146, 136, 326, 283, 448, 
14, 580, 566, -297, -275, 573, 19, 146, 136, 331, 283, 448, 
14, 580, 566, -297, -275, 573, 19, 146, 136, 331, 283, 448, 
14, 580, 566, -297, -275, 573, 19, 141, 146, 331, 283, 448, 
14, 580, 566, -297, -275, 573, 19, 141, 146, 331, 283, 448, 
14, 580, 566, -297, -275, 573, 24, 146, 146, 331, 287, 448, 
19, 580, 561, -300, -270, 570, 24, 151, 146, 336, 287, 448, 
9, 580, 570, -295, -280, 575, 24, 141, 146, 336, 287, 458, 
9, 580, 570, -295, -280, 575, 24, 141, 146, 336, 292, 458, 
9, 580, 570, -295, -280, 575, 24, 141, 151, 336, 292, 458, 
9, 585, 575, -297, -283, 580, 24, 141, 151, 336, 292, 458, 
4, 580, 575, -292, -285, 578, 24, 146, 161, 336, 307, 473, 
4, 580, 575, -292, -285, 578, 24, 146, 161, 336, 307, 473, 
9, 580, 570, -295, -280, 575, 24, 146, 161, 341, 307, 473, 
9, 585, 575, -297, -283, 580, 24, 146, 161, 346, 307, 473, 
9, 585, 575, -297, -283, 580, 24, 156, 165, 346, 307, 473, 
9, 580, 570, -295, -280, 575, 24, 156, 165, 346, 307, 473, 
9, 580, 570, -295, -280, 575, 24, 156, 165, 346, 312, 478, 
9, 590, 580, -300, -285, 585, 24, 156, 170, 346, 312, 478, 
9, 580, 570, -295, -280, 575, 24, 156, 180, 346, 312, 478, 
9, 580, 570, -295, -280, 575, 24, 156, 180, 351, 312, 483, 
9, 580, 570, -295, -280, 575, 24, 161, 180, 351, 317, 483, 
9, 580, 570, -295, -280, 575, 24, 161, 180, 346, 317, 483, 
19, 580, 561, -300, -270, 570, 34, 161, 180, 346, 317, 483, 
19, 580, 561, -300, -270, 570, 34, 161, 185, 351, 317, 488, 
19, 585, 566, -302, -273, 575, 34, 161, 185, 351, 322, 488, 
19, 585, 566, -302, -273, 575, 34, 161, 185, 356, 322, 492, 
19, 595, 575, -307, -278, 585, 24, 151, 180, 356, 322, 492, 
19, 595, 575, -307, -278, 585, 24, 156, 185, 361, 326, 492, 
19, 595, 575, -307, -278, 585, 24, 161, 185, 361, 326, 492, 
24, 600, 575, -312, -275, 588, 24, 161, 190, 361, 326, 497, 
24, 605, 580, -314, -278, 592, 24, 170, 190, 370, 331, 497, 
24, 605, 580, -314, -278, 592, 24, 170, 195, 370, 331, 497, 
24, 605, 580, -314, -278, 592, 24, 175, 195, 370, 336, 497, 
29, 605, 575, -317, -273, 590, 24, 175, 195, 370, 336, 502, 
29, 595, 566, -312, -268, 580, 24, 165, 195, 366, 326, 492, 
29, 600, 570, -314, -270, 585, 24, 165, 200, 366, 336, 497, 
29, 600, 570, -314, -270, 585, 24, 170, 204, 370, 341, 507, 
29, 605, 575, -317, -273, 590, 24, 170, 204, 370, 341, 507, 
29, 605, 575, -317, -273, 590, 24, 170, 209, 375, 341, 517, 
29, 605, 575, -317, -273, 590, 24, 170, 209, 380, 346, 517, 
29, 605, 575, -317, -273, 590, 24, 175, 209, 385, 346, 517, 
34, 610, 575, -322, -270, 592, 24, 175, 214, 390, 346, 517, 
24, 624, 600, -324, -287, 612, 14, 180, 214, 395, 361, 522, 
29, 624, 595, -326, -283, 610, 14, 180, 214, 395, 361, 527, 
29, 624, 595, -326, -283, 610, 14, 185, 214, 395, 370, 527, 
34, 624, 590, -329, -278, 607, 14, 185, 224, 395, 370, 527, 
34, 619, 585, -326, -275, 602, 14, 185, 229, 395, 375, 531, 
34, 624, 590, -329, -278, 607, 14, 185, 229, 405, 380, 541, 
34, 629, 595, -331, -280, 612, 14, 190, 234, 409, 380, 546, 
34, 634, 600, -334, -283, 617, 14, 195, 234, 414, 385, 546, 
39, 649, 610, -344, -285, 629, 9, 190, 224, 414, 390, 551, 
43, 653, 610, -348, -283, 631, 9, 190, 234, 419, 390, 556, 
43, 653, 610, -348, -283, 631, 9, 190, 239, 419, 395, 556, 
43, 658, 614, -351, -285, 636, 9, 190, 239, 424, 400, 556, 
43, 653, 610, -348, -283, 631, 9, 200, 248, 439, 405, 561, 
53, 658, 605, -356, -275, 631, 4, 204, 248, 439, 409, 561, 
53, 663, 610, -358, -278, 636, 0, 209, 253, 444, 414, 570, 
53, 663, 610, -358, -278, 636, 0, 209, 258, 448, 414, 575, 
63, 668, 605, -366, -270, 636, -4, 214, 263, 463, 419, 580, 
63, 673, 610, -368, -273, 641, -4, 214, 268, 468, 424, 580, 
73, 678, 605, -375, -265, 641, -4, 219, 268, 473, 434, 585, 
73, 683, 610, -378, -268, 646, -4, 219, 273, 478, 439, 590, 
63, 688, 624, -375, -280, 656, -9, 219, 278, 483, 439, 600, 
68, 692, 624, -380, -278, 658, -14, 229, 283, 488, 448, 605, 
73, 697, 624, -385, -275, 661, -14, 234, 283, 497, 448, 610, 
73, 702, 629, -387, -278, 666, -14, 239, 283, 502, 458, 614, 
73, 707, 634, -390, -280, 671, -19, 239, 278, 502, 468, 610, 
78, 712, 634, -395, -278, 673, -19, 244, 283, 507, 473, 614, 
78, 722, 644, -400, -283, 683, -29, 248, 283, 512, 473, 624, 
87, 722, 634, -405, -273, 678, -29, 248, 292, 517, 483, 634, 
92, 736, 644, -414, -275, 690, -34, 239, 307, 527, 478, 634, 
92, 736, 644, -414, -275, 690, -34, 244, 312, 531, 488, 644, 
92, 741, 649, -417, -278, 695, -34, 248, 312, 541, 497, 649, 
102, 746, 644, -424, -270, 695, -34, 248, 312, 541, 502, 649, 
102, 746, 644, -424, -270, 695, -39, 258, 317, 551, 502, 658, 
102, 751, 649, -427, -273, 700, -43, 263, 322, 551, 512, 663, 
112, 756, 644, -434, -265, 700, -43, 263, 326, 556, 522, 673, 
112, 761, 649, -436, -268, 705, -43, 263, 326, 561, 522, 673, 
117, 771, 653, -444, -268, 712, -53, 263, 326, 561, 527, 678, 
122, 775, 653, -448, -265, 714, -58, 263, 331, 566, 527, 678, 
122, 785, 663, -453, -270, 724, -58, 268, 331, 570, 531, 683, 
122, 785, 663, -453, -270, 724, -63, 268, 331, 575, 536, 688, 
122, 790, 668, -456, -273, 729, -73, 258, 336, 580, 541, 692, 
126, 795, 668, -461, -270, 732, -73, 258, 336, 585, 546, 692, 
126, 800, 673, -463, -273, 736, -73, 263, 336, 590, 546, 697, 
126, 800, 673, -463, -273, 736, -73, 263, 336, 590, 546, 697, 
126, 810, 683, -468, -278, 746, -78, 263, 336, 605, 551, 697, 
126, 814, 688, -470, -280, 751, -78, 263, 336, 605, 551, 702, 
126, 819, 692, -473, -283, 756, -78, 263, 336, 600, 551, 702, 
126, 819, 692, -473, -283, 756, -82, 263, 336, 600, 551, 702, 
126, 829, 702, -478, -287, 766, -82, 263, 336, 605, 561, 702, 
126, 829, 702, -478, -287, 766, -87, 263, 336, 605, 566, 707, 
126, 829, 702, -478, -287, 766, -87, 258, 336, 605, 566, 707, 
126, 829, 702, -478, -287, 766, -92, 258, 336, 610, 566, 707, 
136, 834, 697, -485, -280, 766, -102, 258, 336, 614, 566, 697, 
136, 839, 702, -488, -283, 771, -102, 253, 336, 614, 566, 697, 
136, 844, 707, -490, -285, 775, -102, 244, 336, 610, 566, 697, 
136, 844, 707, -490, -285, 775, -102, 244, 336, 610, 566, 697, 
136, 854, 717, -495, -290, 785, -107, 244, 326, 610, 566, 697, 
136, 854, 717, -495, -290, 785, -107, 244, 326, 610, 566, 697, 
136, 849, 712, -492, -287, 780, -107, 239, 326, 610, 566, 697, 
136, 849, 712, -492, -287, 780, -107, 239, 326, 610, 566, 697, 
136, 849, 712, -492, -287, 780, -112, 239, 326, 605, 556, 697, 
136, 854, 717, -495, -290, 785, -112, 234, 326, 605, 556, 697, 
131, 854, 722, -492, -295, 788, -112, 229, 326, 605, 551, 692, 
131, 854, 722, -492, -295, 788, -112, 229, 326, 605, 551, 692, 
131, 854, 722, -492, -295, 788, -112, 219, 322, 595, 551, 692, 
131, 854, 722, -492, -295, 788, -112, 219, 322, 595, 551, 692, 
131, 849, 717, -490, -292, 783, -112, 219, 317, 590, 551, 692, 
131, 844, 712, -488, -290, 778, -107, 219, 317, 590, 551, 692, 
126, 854, 727, -490, -300, 790, -107, 214, 317, 585, 551, 692, 
122, 849, 727, -485, -302, 788, -107, 209, 312, 580, 536, 683, 
122, 849, 727, -485, -302, 788, -107, 209, 312, 580, 536, 683, 
117, 839, 722, -478, -302, 780, -107, 209, 312, 570, 527, 678, 
107, 839, 732, -473, -312, 785, -107, 209, 307, 580, 517, 668, 
102, 834, 732, -468, -314, 783, -102, 209, 307, 570, 512, 663, 
102, 829, 727, -466, -312, 778, -97, 209, 302, 566, 507, 658, 
97, 824, 727, -461, -314, 775, -92, 204, 297, 561, 502, 653, 
92, 829, 736, -461, -322, 783, -82, 195, 302, 561, 507, 649, 
87, 819, 732, -453, -322, 775, -82, 185, 302, 556, 502, 644, 
87, 814, 727, -451, -319, 771, -82, 185, 302, 546, 497, 634, 
87, 810, 722, -448, -317, 766, -82, 180, 292, 541, 492, 629, 
87, 795, 707, -441, -309, 751, -73, 185, 292, 531, 478, 624, 
78, 790, 712, -434, -317, 751, -73, 185, 287, 522, 468, 619, 
73, 780, 707, -427, -317, 744, -73, 185, 283, 517, 463, 610, 
68, 780, 712, -424, -322, 746, -63, 185, 278, 512, 453, 605, 
68, 780, 712, -424, -322, 746, -58, 180, 268, 497, 444, 590, 
63, 771, 707, -417, -322, 739, -53, 175, 263, 492, 439, 590, 
58, 766, 707, -412, -324, 736, -48, 165, 263, 488, 434, 580, 
53, 761, 707, -407, -326, 734, -48, 161, 258, 483, 419, 580, 
53, 756, 702, -405, -324, 729, -48, 165, 263, 468, 419, 575, 
53, 746, 692, -400, -319, 719, -43, 161, 253, 463, 414, 566, 
53, 741, 688, -397, -317, 714, -43, 156, 253, 453, 409, 561, 
58, 736, 678, -397, -309, 707, -39, 156, 248, 448, 405, 561, 
53, 727, 673, -390, -309, 700, -29, 151, 248, 444, 390, 541, 
48, 722, 673, -385, -312, 697, -29, 151, 244, 444, 390, 531, 
43, 712, 668, -378, -312, 690, -29, 151, 239, 439, 380, 527, 
34, 712, 678, -373, -322, 695, -29, 141, 234, 429, 375, 527, 
34, 702, 668, -368, -317, 685, -29, 146, 239, 429, 380, 531, 
34, 697, 663, -366, -314, 680, -24, 146, 234, 424, 370, 531, 
29, 697, 668, -363, -319, 683, -24, 141, 229, 419, 366, 527, 
24, 697, 673, -361, -324, 685, -24, 141, 224, 414, 361, 522, 
34, 692, 658, -363, -312, 675, -24, 131, 224, 409, 356, 517, 
29, 688, 658, -358, -314, 673, -24, 131, 224, 405, 351, 517, 
24, 683, 658, -353, -317, 671, -24, 126, 224, 405, 351, 512, 
24, 683, 658, -353, -317, 671, -24, 126, 224, 400, 346, 512, 
24, 673, 649, -348, -312, 661, -14, 126, 214, 400, 341, 507, 
24, 668, 644, -346, -309, 656, -14, 126, 214, 395, 336, 502, 
24, 663, 639, -344, -307, 651, -9, 126, 209, 395, 336, 502, 
24, 663, 639, -344, -307, 651, -9, 126, 209, 395, 336, 502, 
19, 663, 644, -341, -312, 653, -9, 136, 219, 400, 346, 512, 
14, 663, 649, -339, -317, 656, -9, 136, 219, 400, 346, 512, 
9, 663, 653, -336, -322, 658, -9, 131, 219, 400, 346, 512, 
9, 658, 649, -334, -319, 653, -9, 131, 219, 400, 346, 512, 
19, 658, 639, -339, -309, 649, -9, 126, 204, 385, 336, 502, 
19, 658, 639, -339, -309, 649, -9, 126, 204, 385, 336, 502, 
19, 658, 639, -339, -309, 649, -4, 126, 209, 385, 336, 497, 
19, 653, 634, -336, -307, 644, -4, 126, 209, 385, 336, 492, 
19, 653, 634, -336, -307, 644, -4, 126, 209, 390, 336, 492, 
19, 653, 634, -336, -307, 644, -4, 126, 209, 390, 336, 497, 
19, 653, 634, -336, -307, 644, -4, 126, 209, 390, 336, 497, 
19, 653, 634, -336, -307, 644, -4, 126, 209, 390, 336, 497, 
9, 658, 649, -334, -319, 653, -4, 131, 219, 390, 336, 497, 
9, 658, 649, -334, -319, 653, -4, 131, 219, 390, 336, 502, 
9, 663, 653, -336, -322, 658, -4, 131, 219, 395, 336, 507, 
9, 663, 653, -336, -322, 658, -4, 131, 219, 395, 341, 507, 
19, 663, 644, -341, -312, 653, -4, 141, 214, 405, 341, 507, 
19, 663, 644, -341, -312, 653, -4, 141, 214, 405, 341, 507, 
19, 668, 649, -344, -314, 658, -9, 141, 219, 405, 341, 507, 
19, 668, 649, -344, -314, 658, -9, 141, 219, 405, 341, 507, 
24, 668, 644, -346, -309, 656, -9, 141, 219, 405, 341, 507, 
24, 668, 644, -346, -309, 656, -9, 141, 219, 405, 341, 507, 
29, 668, 639, -348, -305, 653, -14, 141, 219, 405, 341, 507, 
29, 668, 639, -348, -305, 653, -14, 141, 219, 405, 341, 507, 
19, 668, 649, -344, -314, 658, -4, 151, 229, 414, 351, 507, 
19, 673, 653, -346, -317, 663, -4, 151, 229, 419, 351, 507, 
19, 673, 653, -346, -317, 663, -4, 151, 229, 419, 356, 507, 
19, 673, 653, -346, -317, 663, -4, 151, 229, 419, 356, 507, 
29, 663, 634, -346, -302, 649, -4, 151, 229, 419, 351, 517, 
29, 663, 634, -346, -302, 649, -4, 151, 229, 419, 351, 522, 
29, 668, 639, -348, -305, 653, -4, 151, 229, 419, 351, 522, 
29, 668, 639, -348, -305, 653, -4, 151, 229, 419, 351, 522, 
19, 673, 653, -346, -317, 663, -4, 151, 229, 429, 361, 531, 
19, 673, 653, -346, -317, 663, 0, 156, 224, 429, 361, 527, 
19, 673, 653, -346, -317, 663, -9, 146, 224, 429, 361, 536, 
19, 673, 653, -346, -317, 663, -9, 146, 224, 429, 361, 536, 
19, 673, 653, -346, -317, 663, -9, 146, 224, 429, 361, 536, 
19, 673, 653, -346, -317, 663, -9, 146, 224, 429, 361, 536, 
29, 673, 644, -351, -307, 658, -9, 156, 224, 429, 361, 536, 
29, 673, 644, -351, -307, 658, -9, 156, 224, 429, 361, 536, 
29, 673, 644, -351, -307, 658, -9, 156, 224, 429, 361, 536, 
29, 678, 649, -353, -309, 663, -9, 156, 224, 429, 361, 536, 
29, 678, 649, -353, -309, 663, -9, 156, 224, 429, 361, 536, 
29, 678, 649, -353, -309, 663, -9, 156, 224, 429, 361, 536, 
29, 678, 649, -353, -309, 663, -9, 156, 224, 429, 361, 536, 
29, 678, 649, -353, -309, 663, -9, 156, 224, 429, 361, 536, 
39, 688, 649, -363, -305, 668, -9, 146, 224, 429, 361, 536, 
39, 688, 649, -363, -305, 668, -9, 146, 224, 429, 361, 536, 
39, 688, 649, -363, -305, 668, -9, 146, 224, 429, 361, 536, 
39, 688, 649, -363, -305, 668, -9, 146, 224, 429, 361, 536, 
39, 678, 639, -358, -300, 658, -9, 146, 224, 424, 361, 536, 
39, 678, 639, -358, -300, 658, -9, 146, 224, 424, 361, 536, 
39, 678, 639, -358, -300, 658, -9, 146, 224, 424, 361, 536, 
39, 678, 639, -358, -300, 658, -9, 146, 224, 424, 361, 536, 
29, 678, 649, -353, -309, 663, -9, 156, 224, 424, 361, 527, 
34, 678, 644, -356, -305, 661, -9, 156, 224, 424, 361, 527, 
34, 678, 644, -356, -305, 661, -9, 156, 224, 424, 361, 527, 
34, 683, 649, -358, -307, 666, -9, 156, 229, 424, 361, 536, 
43, 692, 649, -368, -302, 671, -9, 151, 229, 419, 361, 527, 
43, 692, 649, -368, -302, 671, -4, 161, 229, 424, 366, 531, 
43, 692, 649, -368, -302, 671, -4, 161, 234, 429, 366, 531, 
48, 688, 639, -368, -295, 663, 0, 170, 234, 434, 366, 536, 
43, 688, 644, -366, -300, 666, 0, 161, 229, 434, 356, 527, 
48, 692, 644, -370, -297, 668, 0, 170, 234, 439, 356, 531, 
48, 692, 644, -370, -297, 668, -4, 170, 239, 444, 366, 531, 
48, 697, 649, -373, -300, 673, -9, 170, 239, 448, 370, 541, 
53, 697, 644, -375, -295, 671, 0, 175, 244, 439, 366, 536, 
53, 697, 644, -375, -295, 671, 0, 175, 239, 444, 370, 536, 
53, 697, 644, -375, -295, 671, -4, 175, 248, 448, 370, 536, 
58, 692, 634, -375, -287, 663, -4, 180, 244, 448, 370, 536, 
53, 683, 629, -368, -287, 656, -9, 180, 234, 444, 361, 531, 
53, 683, 629, -368, -287, 656, -9, 175, 234, 439, 361, 531, 
48, 678, 629, -363, -290, 653, -14, 170, 229, 434, 361, 531, 
48, 673, 624, -361, -287, 649, -14, 165, 229, 429, 361, 531, 
58, 683, 624, -370, -283, 653, -4, 180, 234, 434, 370, 536, 
63, 683, 619, -373, -278, 651, -9, 175, 239, 439, 370, 541, 
68, 683, 614, -375, -273, 649, -9, 180, 239, 439, 370, 541, 
73, 678, 605, -375, -265, 641, -9, 175, 239, 444, 366, 546, 
78, 688, 610, -383, -265, 649, -9, 175, 248, 448, 380, 551, 
87, 697, 610, -392, -261, 653, -9, 180, 244, 448, 385, 556, 
97, 707, 610, -402, -256, 658, -9, 180, 244, 448, 385, 561, 
102, 707, 605, -405, -251, 656, -14, 180, 244, 448, 390, 566, 
97, 707, 610, -402, -256, 658, -4, 190, 239, 444, 380, 556, 
97, 707, 610, -402, -256, 658, 0, 190, 239, 444, 380, 556, 
97, 707, 610, -402, -256, 658, 0, 190, 234, 444, 380, 556, 
102, 707, 605, -405, -251, 656, 4, 190, 229, 444, 375, 556, 
92, 692, 600, -392, -253, 646, -4, 180, 209, 434, 361, 546, 
92, 692, 600, -392, -253, 646, -4, 180, 209, 434, 361, 546, 
97, 688, 590, -392, -246, 639, -4, 180, 209, 434, 366, 546, 
102, 688, 585, -395, -241, 636, -4, 180, 209, 439, 366, 546, 
97, 688, 590, -392, -246, 639, -24, 165, 200, 429, 361, 546, 
102, 688, 585, -395, -241, 636, -29, 151, 200, 424, 361, 551, 
107, 688, 580, -397, -236, 634, -34, 146, 200, 424, 361, 551, 
112, 683, 570, -397, -229, 627, -39, 141, 200, 429, 361, 551, 
102, 678, 575, -390, -236, 627, -39, 136, 190, 419, 351, 541, 
102, 678, 575, -390, -236, 627, -39, 136, 185, 419, 351, 541, 
92, 673, 580, -383, -244, 627, -39, 141, 185, 419, 356, 541, 
92, 668, 575, -380, -241, 622, -34, 141, 180, 419, 356, 541, 
78, 658, 580, -368, -251, 619, -24, 146, 170, 414, 341, 527, 
73, 658, 585, -366, -256, 622, -9, 146, 170, 414, 341, 527, 
63, 644, 580, -353, -258, 612, -9, 146, 170, 409, 341, 527, 
63, 644, 580, -353, -258, 612, 0, 146, 170, 400, 341, 527, 
48, 644, 595, -346, -273, 619, 0, 141, 161, 390, 326, 512, 
43, 639, 595, -341, -275, 617, 4, 141, 161, 390, 326, 512, 
39, 634, 595, -336, -278, 614, 9, 141, 156, 385, 317, 507, 
34, 624, 590, -329, -278, 607, 14, 146, 156, 385, 317, 502, 
34, 614, 580, -324, -273, 597, 14, 131, 141, 370, 297, 497, 
24, 605, 580, -314, -278, 592, 14, 126, 141, 361, 292, 483, 
19, 595, 575, -307, -278, 585, 14, 122, 131, 356, 287, 473, 
19, 585, 566, -302, -273, 575, 14, 117, 126, 346, 273, 458, 
24, 580, 556, -302, -265, 568, 9, 112, 122, 341, 263, 458, 
9, 575, 566, -292, -278, 570, 14, 112, 117, 336, 263, 458, 
4, 570, 566, -287, -280, 568, 19, 112, 112, 336, 263, 458, 
0, 570, 570, -285, -285, 570, 19, 112, 107, 331, 263, 458, 
0, 580, 580, -290, -290, 580, 14, 112, 117, 336, 268, 463, 
0, 580, 580, -290, -290, 580, 9, 112, 117, 331, 263, 463, 
0, 580, 580, -290, -290, 580, 9, 107, 117, 331, 263, 463, 
0, 580, 580, -290, -290, 580, 4, 107, 117, 331, 263, 463, 
0, 570, 570, -285, -285, 570, 14, 107, 126, 341, 263, 463, 
0, 575, 575, -287, -287, 575, 14, 112, 126, 346, 263, 463, 
0, 575, 575, -287, -287, 575, 14, 112, 126, 346, 263, 468, 
4, 575, 570, -290, -283, 573, 14, 112, 126, 346, 268, 468, 
4, 585, 580, -295, -287, 583, 14, 112, 126, 341, 268, 468, 
4, 585, 580, -295, -287, 583, 19, 112, 122, 341, 273, 473, 
4, 585, 580, -295, -287, 583, 19, 117, 122, 341, 273, 473, 
4, 570, 566, -287, -280, 568, 24, 126, 122, 341, 263, 468, 
9, 556, 546, -283, -268, 551, 29, 141, 122, 341, 248, 453, 
0, 551, 551, -275, -275, 551, 53, 161, 126, 322, 229, 429, 
-4, 551, 556, -273, -280, 553, 82, 185, 131, 317, 214, 414, 
-24, 546, 570, -261, -297, 558, 117, 214, 146, 317, 200, 395, 
-29, 556, 585, -263, -307, 570, 151, 248, 175, 312, 190, 385, 
-29, 580, 610, -275, -319, 595, 175, 287, 219, 346, 209, 395, 
-9, 619, 629, -305, -319, 624, 195, 346, 292, 419, 273, 434, 
14, 678, 663, -346, -324, 671, 204, 429, 390, 531, 366, 512, 
53, 761, 707, -407, -326, 734, 224, 531, 507, 658, 473, 585, 
107, 863, 756, -485, -324, 810, 239, 644, 649, 810, 614, 697, 
180, 1010, 829, -595, -324, 919, 248, 761, 829, 1010, 800, 834, 
273, 1161, 888, -717, -307, 1024, 239, 897, 1029, 1249, 1029, 1015, 
385, 1322, 936, -854, -275, 1129, 234, 1024, 1210, 1483, 1249, 1195, 
478, 1464, 985, -971, -253, 1224, 234, 1141, 1361, 1693, 1454, 1346, 
561, 1556, 995, -1058, -217, 1276, 229, 1215, 1449, 1830, 1600, 1473, 
629, 1625, 995, -1127, -183, 1310, 214, 1254, 1488, 1922, 1712, 1566, 
644, 1708, 1063, -1176, -209, 1385, 141, 1180, 1498, 2005, 1805, 1664, 
639, 1810, 1171, -1224, -265, 1490, 24, 897, 1478, 2044, 1898, 1766, 
614, 1839, 1224, -1227, -305, 1532, -78, 566, 1376, 1991, 1898, 1790, 
566, 1732, 1166, -1149, -300, 1449, -136, 317, 1215, 1810, 1751, 1712, 
531, 1581, 1049, -1056, -258, 1315, -214, 97, 1000, 1576, 1537, 1576, 
492, 1415, 922, -954, -214, 1168, -366, -180, 727, 1317, 1327, 1439, 
448, 1263, 814, -856, -183, 1039, -497, -419, 375, 1005, 1098, 1307, 
395, 1107, 712, -751, -158, 910, -536, -541, 43, 683, 854, 1161, 
302, 971, 668, -636, -183, 819, -536, -624, -195, 419, 629, 1015, 
224, 824, 600, -524, -187, 712, -570, -736, -444, 131, 395, 844, 
161, 727, 566, -444, -202, 646, -600, -814, -649, -117, 195, 697, 
131, 692, 561, -412, -214, 627, -600, -790, -658, -161, 126, 629, 
107, 707, 600, -407, -246, 653, -551, -663, -507, -53, 156, 619, 
92, 751, 658, -422, -283, 705, -483, -531, -351, 63, 200, 614, 
87, 790, 702, -439, -307, 746, -419, -424, -224, 146, 229, 614, 
82, 800, 717, -441, -317, 758, -375, -331, -122, 224, 263, 614, 
82, 785, 702, -434, -309, 744, -322, -244, -73, 258, 283, 600, 
82, 761, 678, -422, -297, 719, -273, -175, -68, 263, 292, 595, 
68, 736, 668, -402, -300, 702, -209, -102, -24, 283, 302, 585, 
53, 707, 653, -380, -300, 680, -136, -9, 48, 331, 317, 575, 
39, 678, 639, -358, -300, 658, -68, 58, 97, 361, 326, 561, 
39, 653, 614, -346, -287, 634, -34, 97, 126, 370, 322, 546, 
34, 629, 595, -331, -280, 612, -9, 112, 136, 370, 307, 531, 
34, 619, 585, -326, -275, 602, 0, 112, 146, 380, 297, 507, 
29, 619, 590, -324, -280, 605, 0, 112, 146, 380, 287, 502, 
29, 619, 590, -324, -280, 605, 0, 107, 151, 380, 287, 502, 
29, 619, 590, -324, -280, 605, 0, 102, 156, 385, 292, 502, 
29, 619, 590, -324, -280, 605, 0, 102, 156, 385, 297, 502, 
14, 629, 614, -322, -300, 622, 4, 97, 165, 385, 307, 512, 
9, 624, 614, -317, -302, 619, 4, 102, 165, 375, 297, 512, 
9, 619, 610, -314, -300, 614, 9, 112, 165, 375, 287, 507, 
9, 614, 605, -312, -297, 610, 19, 117, 161, 375, 287, 497, 
19, 610, 590, -314, -285, 600, 24, 112, 161, 370, 278, 492, 
19, 605, 585, -312, -283, 595, 29, 117, 161, 370, 278, 488, 
19, 605, 585, -312, -283, 595, 29, 126, 165, 370, 278, 483, 
14, 605, 590, -309, -287, 597, 29, 126, 165, 375, 278, 483, 
14, 605, 590, -309, -287, 597, 34, 131, 165, 385, 278, 492, 
14, 605, 590, -309, -287, 597, 39, 131, 170, 385, 283, 492, 
14, 605, 590, -309, -287, 597, 39, 131, 170, 385, 283, 492, 
19, 610, 590, -314, -285, 600, 39, 136, 170, 390, 283, 492, 
19, 610, 590, -314, -285, 600, 39, 141, 175, 390, 292, 492, 
14, 610, 595, -312, -290, 602, 48, 146, 175, 390, 292, 492, 
14, 605, 590, -309, -287, 597, 48, 146, 175, 390, 292, 492, 
9, 605, 595, -307, -292, 600, 48, 146, 175, 395, 292, 492, 
9, 605, 595, -307, -292, 600, 48, 156, 175, 395, 292, 492, 
9, 605, 595, -307, -292, 600, 48, 156, 175, 395, 292, 497, 
14, 610, 595, -312, -290, 602, 48, 156, 170, 400, 292, 497, 
14, 610, 595, -312, -290, 602, 48, 156, 165, 400, 292, 497, 
14, 610, 595, -312, -290, 602, 48, 151, 165, 390, 292, 497, 
14, 610, 595, -312, -290, 602, 48, 151, 165, 390, 292, 497, 
14, 610, 595, -312, -290, 602, 53, 156, 165, 390, 297, 497, 
19, 610, 590, -314, -285, 600, 53, 161, 165, 395, 297, 497, 
19, 610, 590, -314, -285, 600, 53, 170, 165, 405, 297, 507, 
19, 610, 590, -314, -285, 600, 53, 170, 165, 405, 302, 507, 
19, 610, 590, -314, -285, 600, 53, 170, 170, 405, 302, 507, 
19, 614, 595, -317, -287, 605, 53, 170, 170, 405, 302, 507, 
4, 610, 605, -307, -300, 607, 53, 165, 161, 405, 307, 502, 
4, 610, 605, -307, -300, 607, 53, 165, 161, 405, 307, 502, 
9, 610, 600, -309, -295, 605, 53, 165, 161, 409, 307, 502, 
9, 614, 605, -312, -297, 610, 53, 165, 161, 414, 307, 502, 
19, 624, 605, -322, -292, 614, 53, 165, 156, 414, 307, 512, 
19, 619, 600, -319, -290, 610, 53, 165, 156, 414, 307, 512, 
19, 619, 600, -319, -290, 610, 53, 165, 156, 414, 312, 517, 
19, 629, 610, -324, -295, 619, 53, 165, 161, 414, 312, 517, 
19, 629, 610, -324, -295, 619, 53, 175, 161, 424, 312, 517, 
19, 629, 610, -324, -295, 619, 53, 175, 161, 429, 312, 522, 
19, 629, 610, -324, -295, 619, 53, 180, 161, 429, 317, 522, 
19, 629, 610, -324, -295, 619, 53, 180, 161, 424, 317, 522, 
19, 629, 610, -324, -295, 619, 53, 180, 161, 424, 317, 512, 
19, 629, 610, -324, -295, 619, 53, 180, 165, 429, 317, 517, 
19, 634, 614, -326, -297, 624, 53, 180, 165, 429, 322, 517, 
19, 634, 614, -326, -297, 624, 53, 180, 165, 434, 322, 522, 
29, 634, 605, -331, -287, 619, 53, 170, 170, 424, 322, 522, 
29, 634, 605, -331, -287, 619, 53, 175, 175, 429, 326, 522, 
29, 634, 605, -331, -287, 619, 53, 180, 175, 429, 326, 522, 
34, 639, 605, -336, -285, 622, 53, 180, 180, 429, 326, 527, 
34, 634, 600, -334, -283, 617, 53, 180, 190, 439, 341, 536, 
34, 634, 600, -334, -283, 617, 53, 180, 195, 439, 341, 536, 
34, 634, 600, -334, -283, 617, 53, 185, 195, 439, 346, 536, 
39, 634, 595, -336, -278, 614, 53, 185, 195, 439, 346, 541, 
39, 634, 595, -336, -278, 614, 53, 185, 195, 444, 346, 531, 
39, 639, 600, -339, -280, 619, 53, 185, 200, 444, 356, 536, 
39, 639, 600, -339, -280, 619, 53, 190, 204, 448, 361, 546, 
39, 644, 605, -341, -283, 624, 53, 190, 204, 448, 361, 546, 
39, 644, 605, -341, -283, 624, 53, 190, 219, 463, 361, 546, 
39, 644, 605, -341, -283, 624, 53, 190, 219, 468, 366, 546, 
39, 644, 605, -341, -283, 624, 53, 195, 219, 473, 366, 546, 
43, 649, 605, -346, -280, 627, 53, 195, 224, 478, 366, 546, 
43, 663, 619, -353, -287, 641, 43, 209, 234, 483, 370, 561, 
48, 663, 614, -356, -283, 639, 43, 209, 234, 483, 370, 566, 
48, 663, 614, -356, -283, 639, 43, 214, 234, 483, 380, 566, 
53, 663, 610, -358, -278, 636, 43, 214, 244, 483, 380, 566, 
53, 668, 614, -361, -280, 641, 43, 214, 248, 483, 385, 570, 
53, 673, 619, -363, -283, 646, 43, 214, 248, 492, 390, 580, 
53, 678, 624, -366, -285, 651, 43, 219, 253, 497, 390, 585, 
53, 683, 629, -368, -287, 656, 43, 224, 253, 502, 395, 585, 
58, 688, 629, -373, -285, 658, 39, 229, 258, 512, 409, 590, 
63, 692, 629, -378, -283, 661, 39, 229, 273, 517, 409, 595, 
63, 692, 629, -378, -283, 661, 39, 229, 283, 517, 414, 595, 
63, 697, 634, -380, -285, 666, 39, 229, 287, 522, 419, 595, 
63, 702, 639, -383, -287, 671, 29, 229, 287, 536, 424, 610, 
73, 707, 634, -390, -280, 671, 24, 234, 287, 536, 429, 610, 
73, 712, 639, -392, -283, 675, 19, 239, 292, 541, 434, 619, 
73, 712, 639, -392, -283, 675, 19, 239, 297, 546, 434, 624, 
73, 717, 644, -395, -285, 680, 24, 244, 312, 561, 448, 629, 
73, 722, 649, -397, -287, 685, 24, 244, 317, 566, 453, 629, 
82, 727, 644, -405, -280, 685, 24, 248, 317, 570, 463, 634, 
82, 732, 649, -407, -283, 690, 24, 248, 322, 575, 468, 639, 
82, 746, 663, -414, -290, 705, 9, 248, 326, 570, 468, 649, 
87, 751, 663, -419, -287, 707, 4, 258, 331, 575, 478, 653, 
92, 756, 663, -424, -285, 710, 4, 263, 331, 585, 478, 658, 
92, 761, 668, -427, -287, 714, 4, 268, 331, 590, 488, 663, 
102, 766, 663, -434, -280, 714, 0, 278, 346, 605, 507, 668, 
107, 771, 663, -439, -278, 717, 0, 283, 351, 614, 512, 673, 
107, 780, 673, -444, -283, 727, -9, 287, 351, 624, 512, 683, 
117, 780, 663, -448, -273, 722, -9, 287, 361, 634, 522, 692, 
122, 795, 673, -458, -275, 734, -14, 287, 366, 634, 527, 702, 
122, 795, 673, -458, -275, 734, -14, 292, 370, 639, 536, 712, 
122, 800, 678, -461, -278, 739, -14, 297, 370, 649, 546, 717, 
131, 805, 673, -468, -270, 739, -14, 297, 370, 649, 551, 717, 
131, 814, 683, -473, -275, 749, -29, 297, 366, 668, 551, 727, 
131, 819, 688, -475, -278, 753, -34, 302, 370, 668, 561, 732, 
141, 824, 683, -483, -270, 753, -34, 302, 375, 673, 570, 741, 
141, 829, 688, -485, -273, 758, -34, 302, 375, 678, 570, 741, 
156, 849, 692, -502, -268, 771, -43, 292, 375, 688, 585, 746, 
161, 854, 692, -507, -265, 773, -48, 292, 380, 692, 585, 746, 
161, 863, 702, -512, -270, 783, -48, 297, 380, 697, 590, 751, 
161, 863, 702, -512, -270, 783, -53, 297, 380, 702, 595, 756, 
151, 858, 707, -505, -278, 783, -53, 297, 395, 707, 600, 761, 
156, 863, 707, -509, -275, 785, -53, 297, 395, 712, 605, 761, 
156, 868, 712, -512, -278, 790, -53, 302, 395, 717, 605, 766, 
156, 868, 712, -512, -278, 790, -53, 302, 395, 717, 605, 766, 
156, 868, 712, -512, -278, 790, -58, 302, 395, 722, 610, 766, 
156, 873, 717, -514, -280, 795, -58, 302, 395, 722, 610, 771, 
156, 878, 722, -517, -283, 800, -58, 302, 395, 717, 610, 771, 
156, 878, 722, -517, -283, 800, -63, 302, 395, 717, 610, 771, 
156, 868, 712, -512, -278, 790, -63, 292, 395, 722, 619, 771, 
156, 868, 712, -512, -278, 790, -68, 292, 395, 722, 624, 775, 
156, 868, 712, -512, -278, 790, -68, 287, 395, 722, 624, 775, 
156, 868, 712, -512, -278, 790, -73, 287, 395, 727, 624, 775, 
165, 868, 702, -517, -268, 785, -73, 287, 385, 722, 624, 775, 
165, 868, 702, -517, -268, 785, -73, 283, 385, 722, 624, 775, 
165, 868, 702, -517, -268, 785, -73, 273, 385, 717, 624, 775, 
165, 863, 697, -514, -265, 780, -73, 273, 385, 717, 624, 775, 
165, 863, 697, -514, -265, 780, -68, 273, 385, 717, 614, 775, 
165, 863, 697, -514, -265, 780, -68, 273, 385, 717, 614, 775, 
165, 858, 692, -512, -263, 775, -68, 268, 385, 717, 614, 775, 
165, 858, 692, -512, -263, 775, -68, 268, 385, 717, 614, 775, 
156, 854, 697, -505, -270, 775, -73, 268, 375, 702, 610, 766, 
156, 854, 697, -505, -270, 775, -73, 263, 375, 702, 605, 766, 
151, 849, 697, -500, -273, 773, -73, 258, 375, 702, 595, 761, 
151, 844, 692, -497, -270, 768, -73, 258, 375, 702, 590, 761, 
146, 839, 692, -492, -273, 766, -68, 248, 370, 697, 580, 756, 
141, 834, 692, -488, -275, 763, -63, 248, 370, 692, 580, 751, 
136, 824, 688, -480, -275, 756, -58, 248, 366, 683, 580, 746, 
131, 814, 683, -473, -275, 749, -48, 248, 366, 678, 580, 741, 
126, 805, 678, -466, -275, 741, -39, 244, 356, 663, 561, 736, 
122, 800, 678, -461, -278, 739, -39, 239, 351, 658, 546, 722, 
122, 800, 678, -461, -278, 739, -39, 239, 351, 658, 546, 717, 
117, 790, 673, -453, -278, 732, -39, 239, 351, 649, 536, 707, 
117, 785, 668, -451, -275, 727, -29, 239, 351, 644, 531, 688, 
112, 775, 663, -444, -275, 719, -24, 239, 346, 629, 522, 683, 
112, 766, 653, -439, -270, 710, -19, 239, 336, 619, 512, 678, 
107, 756, 649, -431, -270, 702, -14, 234, 326, 610, 502, 673, 
92, 746, 653, -419, -280, 700, 4, 224, 312, 605, 492, 658, 
87, 732, 644, -409, -278, 688, 4, 214, 312, 595, 483, 653, 
87, 722, 634, -405, -273, 678, 4, 214, 312, 580, 473, 644, 
87, 712, 624, -400, -268, 668, 4, 209, 302, 570, 463, 639, 
78, 707, 629, -392, -275, 668, 4, 195, 302, 561, 448, 634, 
68, 702, 634, -385, -283, 668, 4, 195, 297, 551, 439, 629, 
63, 692, 629, -378, -283, 661, 4, 195, 292, 546, 434, 619, 
58, 692, 634, -375, -287, 663, 14, 195, 287, 541, 424, 614, 
58, 692, 634, -375, -287, 663, 19, 195, 278, 527, 424, 610, 
53, 683, 629, -368, -287, 656, 24, 195, 273, 522, 419, 610, 
48, 678, 629, -363, -290, 653, 29, 190, 273, 517, 414, 600, 
43, 673, 629, -358, -292, 651, 29, 190, 268, 512, 400, 600, 
43, 668, 624, -356, -290, 646, 29, 185, 263, 517, 390, 585, 
43, 658, 614, -351, -285, 636, 34, 180, 253, 512, 385, 575, 
43, 653, 610, -348, -283, 631, 34, 175, 253, 502, 380, 570, 
48, 649, 600, -348, -275, 624, 39, 175, 248, 497, 375, 570, 
39, 649, 610, -344, -285, 629, 39, 180, 258, 492, 380, 566, 
39, 644, 605, -341, -283, 624, 39, 180, 253, 492, 380, 561, 
39, 634, 595, -336, -278, 614, 39, 180, 248, 488, 370, 561, 
34, 634, 600, -334, -283, 617, 39, 170, 244, 478, 366, 566, 
43, 624, 580, -334, -268, 602, 39, 175, 244, 488, 366, 561, 
43, 619, 575, -331, -265, 597, 43, 175, 244, 483, 361, 561, 
39, 619, 580, -329, -270, 600, 43, 170, 244, 478, 361, 556, 
34, 619, 585, -326, -275, 602, 43, 170, 244, 473, 361, 551, 
43, 619, 575, -331, -265, 597, 34, 170, 244, 478, 366, 556, 
39, 619, 580, -329, -270, 600, 34, 170, 244, 473, 361, 556, 
34, 619, 585, -326, -275, 602, 34, 165, 244, 473, 361, 551, 
34, 624, 590, -329, -278, 607, 34, 165, 244, 468, 356, 551, 
43, 634, 590, -339, -273, 612, 43, 165, 244, 478, 361, 556, 
43, 629, 585, -336, -270, 607, 43, 165, 244, 473, 356, 551, 
43, 624, 580, -334, -268, 602, 48, 165, 239, 473, 356, 551, 
43, 624, 580, -334, -268, 602, 48, 165, 239, 473, 356, 551, 
34, 624, 590, -329, -278, 607, 39, 165, 239, 468, 356, 561, 
34, 624, 590, -329, -278, 607, 39, 165, 239, 468, 356, 561, 
34, 624, 590, -329, -278, 607, 39, 161, 239, 468, 356, 561, 
39, 619, 580, -329, -270, 600, 39, 161, 239, 468, 356, 561, 
29, 619, 590, -324, -280, 605, 39, 165, 244, 463, 356, 551, 
29, 619, 590, -324, -280, 605, 39, 165, 244, 463, 356, 551, 
29, 619, 590, -324, -280, 605, 43, 165, 248, 463, 356, 546, 
29, 614, 585, -322, -278, 600, 43, 165, 248, 463, 356, 541, 
29, 614, 585, -322, -278, 600, 43, 165, 248, 458, 346, 541, 
29, 614, 585, -322, -278, 600, 43, 165, 248, 458, 346, 546, 
29, 614, 585, -322, -278, 600, 43, 165, 248, 458, 346, 546, 
29, 614, 585, -322, -278, 600, 43, 165, 248, 458, 346, 546, 
39, 610, 570, -324, -265, 590, 43, 161, 248, 458, 346, 546, 
39, 610, 570, -324, -265, 590, 43, 161, 248, 458, 346, 551, 
39, 614, 575, -326, -268, 595, 43, 161, 248, 463, 346, 556, 
39, 614, 575, -326, -268, 595, 43, 161, 248, 463, 351, 556, 
29, 605, 575, -317, -273, 590, 53, 161, 253, 473, 351, 556, 
29, 605, 575, -317, -273, 590, 53, 161, 253, 473, 351, 556, 
29, 610, 580, -319, -275, 595, 48, 161, 258, 473, 351, 556, 
29, 610, 580, -319, -275, 595, 48, 161, 258, 473, 351, 556, 
34, 619, 585, -326, -275, 602, 58, 161, 248, 463, 341, 556, 
34, 619, 585, -326, -275, 602, 58, 161, 248, 463, 341, 556, 
39, 619, 580, -329, -270, 600, 53, 161, 248, 463, 341, 556, 
39, 619, 580, -329, -270, 600, 53, 161, 248, 463, 341, 556, 
39, 619, 580, -329, -270, 600, 53, 170, 248, 463, 341, 556, 
39, 624, 585, -331, -273, 605, 53, 170, 248, 468, 341, 556, 
39, 624, 585, -331, -273, 605, 53, 170, 248, 468, 346, 556, 
39, 624, 585, -331, -273, 605, 53, 170, 248, 468, 346, 556, 
39, 614, 575, -326, -268, 595, 43, 170, 248, 478, 351, 561, 
39, 614, 575, -326, -268, 595, 43, 170, 248, 478, 351, 561, 
39, 619, 580, -329, -270, 600, 43, 170, 248, 478, 351, 556, 
39, 619, 580, -329, -270, 600, 43, 170, 248, 478, 351, 551, 
39, 614, 575, -326, -268, 595, 53, 170, 239, 478, 351, 551, 
39, 614, 575, -326, -268, 595, 53, 170, 239, 478, 351, 551, 
39, 619, 580, -329, -270, 600, 53, 170, 239, 483, 361, 551, 
39, 619, 580, -329, -270, 600, 53, 170, 239, 483, 361, 551, 
43, 624, 580, -334, -268, 602, 53, 161, 229, 473, 356, 551, 
43, 624, 580, -334, -268, 602, 53, 161, 229, 473, 356, 551, 
43, 624, 580, -334, -268, 602, 53, 161, 229, 473, 356, 551, 
39, 624, 585, -331, -273, 605, 53, 161, 229, 473, 356, 551, 
39, 634, 595, -336, -278, 614, 53, 170, 229, 473, 356, 566, 
43, 634, 590, -339, -273, 612, 53, 170, 229, 473, 351, 566, 
43, 634, 590, -339, -273, 612, 53, 170, 229, 473, 351, 566, 
43, 634, 590, -339, -273, 612, 53, 170, 229, 473, 356, 566, 
34, 634, 600, -334, -283, 617, 53, 161, 229, 478, 356, 566, 
34, 634, 600, -334, -283, 617, 53, 161, 229, 478, 356, 566, 
39, 634, 595, -336, -278, 614, 53, 161, 229, 478, 356, 566, 
43, 634, 590, -339, -273, 612, 53, 161, 229, 478, 356, 566, 
43, 624, 580, -334, -268, 602, 43, 161, 229, 478, 366, 556, 
43, 624, 580, -334, -268, 602, 43, 161, 224, 478, 366, 556, 
39, 624, 585, -331, -273, 605, 43, 161, 224, 473, 366, 556, 
39, 624, 585, -331, -273, 605, 43, 161, 224, 473, 366, 551, 
39, 624, 585, -331, -273, 605, 53, 161, 224, 473, 356, 561, 
39, 624, 585, -331, -273, 605, 53, 161, 224, 473, 356, 561, 
39, 619, 580, -329, -270, 600, 53, 161, 224, 473, 356, 561, 
39, 619, 580, -329, -270, 600, 53, 161, 219, 473, 351, 561, 
48, 624, 575, -336, -263, 600, 43, 161, 214, 463, 351, 561, 
48, 624, 575, -336, -263, 600, 43, 161, 214, 463, 351, 561, 
48, 624, 575, -336, -263, 600, 43, 161, 214, 463, 351, 561, 
48, 624, 575, -336, -263, 600, 43, 161, 214, 463, 351, 561, 
48, 624, 575, -336, -263, 600, 43, 161, 214, 468, 341, 561, 
48, 619, 570, -334, -261, 595, 43, 161, 214, 468, 336, 561, 
48, 619, 570, -334, -261, 595, 43, 156, 209, 468, 336, 561, 
48, 619, 570, -334, -261, 595, 43, 156, 209, 468, 336, 561, 
48, 619, 570, -334, -261, 595, 43, 161, 209, 468, 346, 561, 
48, 614, 566, -331, -258, 590, 43, 161, 209, 468, 346, 556, 
48, 614, 566, -331, -258, 590, 43, 161, 204, 468, 346, 556, 
48, 614, 566, -331, -258, 590, 43, 161, 204, 468, 346, 556, 
48, 614, 566, -331, -258, 590, 43, 156, 204, 463, 341, 556, 
48, 614, 566, -331, -258, 590, 43, 156, 204, 458, 341, 556, 
48, 614, 566, -331, -258, 590, 43, 156, 204, 458, 341, 556, 
48, 610, 561, -329, -256, 585, 43, 156, 200, 458, 341, 551, 
48, 619, 570, -334, -261, 595, 43, 156, 200, 458, 346, 556, 
48, 619, 570, -334, -261, 595, 43, 156, 200, 458, 341, 556, 
48, 619, 570, -334, -261, 595, 43, 156, 195, 453, 341, 556, 
48, 619, 570, -334, -261, 595, 43, 156, 195, 448, 341, 556, 
48, 619, 570, -334, -261, 595, 43, 156, 195, 448, 341, 556, 
48, 619, 570, -334, -261, 595, 43, 156, 195, 448, 341, 551, 
48, 619, 570, -334, -261, 595, 43, 156, 195, 448, 341, 551, 
53, 614, 561, -334, -253, 588, 43, 156, 195, 448, 336, 551, 
53, 619, 566, -336, -256, 592, 48, 146, 180, 448, 336, 551, 
53, 619, 566, -336, -256, 592, 48, 146, 180, 448, 336, 551, 
53, 619, 566, -336, -256, 592, 48, 146, 180, 448, 336, 551, 
53, 619, 566, -336, -256, 592, 48, 146, 175, 448, 336, 551, 
53, 619, 566, -336, -256, 592, 39, 146, 185, 448, 331, 546, 
53, 614, 561, -334, -253, 588, 39, 146, 180, 444, 331, 546, 
53, 614, 561, -334, -253, 588, 34, 146, 180, 444, 331, 551, 
53, 614, 561, -334, -253, 588, 34, 141, 180, 448, 331, 551, 
53, 614, 561, -334, -253, 588, 43, 151, 170, 453, 331, 551, 
53, 610, 556, -331, -251, 583, 43, 151, 170, 453, 331, 551, 
48, 610, 561, -329, -256, 585, 39, 141, 170, 453, 331, 551, 
48, 605, 556, -326, -253, 580, 39, 141, 170, 453, 336, 546, 
48, 610, 561, -329, -256, 585, 39, 146, 180, 453, 336, 546, 
53, 610, 556, -331, -251, 583, 39, 146, 180, 453, 331, 546, 
53, 610, 556, -331, -251, 583, 39, 146, 180, 453, 326, 546, 
53, 610, 556, -331, -251, 583, 39, 146, 175, 453, 326, 546, 
53, 610, 556, -331, -251, 583, 39, 146, 165, 448, 326, 546, 
53, 610, 556, -331, -251, 583, 39, 146, 165, 448, 326, 546, 
48, 605, 556, -326, -253, 580, 39, 146, 165, 448, 326, 546, 
48, 605, 556, -326, -253, 580, 39, 146, 161, 448, 322, 546, 
58, 605, 546, -331, -244, 575, 39, 146, 170, 448, 331, 546, 
58, 600, 541, -329, -241, 570, 39, 146, 170, 448, 331, 541, 
58, 600, 541, -329, -241, 570, 43, 146, 165, 444, 331, 541, 
53, 600, 546, -326, -246, 573, 43, 146, 165, 444, 336, 541, 
53, 600, 546, -326, -246, 573, 43, 146, 170, 444, 326, 546, 
53, 600, 546, -326, -246, 573, 43, 146, 170, 444, 326, 546, 
53, 605, 551, -329, -248, 578, 43, 146, 170, 448, 322, 541, 
53, 605, 551, -329, -248, 578, 43, 141, 170, 448, 322, 541, 
53, 600, 546, -326, -246, 573, 43, 141, 161, 444, 322, 536, 
53, 600, 546, -326, -246, 573, 43, 141, 156, 444, 322, 536, 
53, 600, 546, -326, -246, 573, 43, 141, 156, 448, 317, 536, 
53, 600, 546, -326, -246, 573, 43, 141, 156, 448, 317, 541, 
53, 610, 556, -331, -251, 583, 43, 146, 156, 444, 317, 531, 
53, 610, 556, -331, -251, 583, 43, 146, 156, 444, 322, 531, 
53, 610, 556, -331, -251, 583, 43, 146, 156, 444, 322, 531, 
58, 610, 551, -334, -246, 580, 43, 146, 156, 444, 322, 531, 
58, 600, 541, -329, -241, 570, 34, 146, 156, 453, 317, 531, 
58, 600, 541, -329, -241, 570, 34, 146, 156, 453, 317, 531, 
58, 600, 541, -329, -241, 570, 34, 146, 156, 453, 307, 527, 
53, 600, 546, -326, -246, 573, 34, 146, 156, 453, 307, 527, 
53, 605, 551, -329, -248, 578, 34, 141, 156, 453, 317, 536, 
53, 605, 551, -329, -248, 578, 34, 141, 156, 453, 317, 536, 
53, 605, 551, -329, -248, 578, 34, 136, 156, 453, 317, 536, 
58, 605, 546, -331, -244, 575, 34, 136, 156, 453, 317, 536, 
58, 605, 546, -331, -244, 575, 34, 146, 156, 453, 317, 546, 
58, 605, 546, -331, -244, 575, 34, 146, 156, 453, 322, 546, 
58, 605, 546, -331, -244, 575, 34, 146, 151, 453, 326, 546, 
63, 605, 541, -334, -239, 573, 34, 146, 151, 448, 331, 546, 
63, 605, 541, -334, -239, 573, 34, 146, 161, 458, 331, 556, 
63, 610, 546, -336, -241, 578, 34, 146, 161, 458, 336, 556, 
63, 610, 546, -336, -241, 578, 34, 146, 161, 458, 336, 556, 
63, 605, 541, -334, -239, 573, 34, 146, 161, 458, 336, 556, 
53, 595, 541, -324, -244, 568, 43, 146, 161, 458, 336, 546, 
53, 595, 541, -324, -244, 568, 43, 146, 161, 458, 336, 546, 
53, 595, 541, -324, -244, 568, 43, 146, 161, 458, 331, 546, 
53, 595, 541, -324, -244, 568, 43, 146, 161, 458, 331, 546, 
63, 605, 541, -334, -239, 573, 43, 136, 161, 448, 322, 546, 
63, 610, 546, -336, -241, 578, 43, 141, 161, 448, 322, 546, 
63, 610, 546, -336, -241, 578, 43, 141, 161, 448, 322, 546, 
63, 610, 546, -336, -241, 578, 43, 136, 161, 448, 322, 546, 
63, 610, 546, -336, -241, 578, 34, 136, 151, 444, 322, 546, 
63, 605, 541, -334, -239, 573, 34, 136, 151, 444, 322, 546, 
63, 605, 541, -334, -239, 573, 34, 141, 151, 448, 326, 546, 
63, 610, 546, -336, -241, 578, 34, 141, 151, 448, 326, 546, 
63, 610, 546, -336, -241, 578, 34, 136, 146, 448, 322, 536, 
63, 610, 546, -336, -241, 578, 34, 136, 146, 448, 322, 536, 
63, 610, 546, -336, -241, 578, 34, 136, 151, 448, 322, 536, 
63, 610, 546, -336, -241, 578, 34, 136, 151, 448, 322, 531, 
63, 610, 546, -336, -241, 578, 34, 141, 151, 448, 312, 531, 
63, 610, 546, -336, -241, 578, 34, 141, 151, 448, 312, 531, 
63, 610, 546, -336, -241, 578, 34, 136, 151, 448, 312, 531, 
63, 610, 546, -336, -241, 578, 34, 136, 151, 448, 312, 531, 
63, 610, 546, -336, -241, 578, 34, 126, 151, 448, 322, 531, 
63, 610, 546, -336, -241, 578, 34, 131, 151, 444, 322, 531, 
63, 610, 546, -336, -241, 578, 34, 131, 151, 444, 322, 531, 
63, 610, 546, -336, -241, 578, 34, 131, 151, 444, 322, 531, 
73, 605, 531, -339, -229, 568, 34, 131, 141, 444, 322, 546, 
73, 605, 531, -339, -229, 568, 34, 131, 136, 444, 322, 546, 
73, 610, 536, -341, -231, 573, 34, 131, 136, 448, 322, 546, 
73, 610, 536, -341, -231, 573, 34, 131, 136, 448, 322, 546, 
73, 619, 546, -346, -236, 583, 34, 131, 146, 458, 317, 556, 
68, 614, 546, -341, -239, 580, 39, 126, 146, 448, 322, 546, 
68, 605, 536, -336, -234, 570, 39, 126, 136, 458, 322, 536, 
68, 605, 536, -336, -234, 570, 39, 126, 136, 458, 322, 536, 
68, 605, 536, -336, -234, 570, 39, 126, 136, 458, 322, 536, 
68, 605, 536, -336, -234, 570, 39, 126, 136, 458, 322, 536, 
78, 605, 527, -341, -224, 566, 29, 136, 126, 458, 312, 527, 
78, 605, 527, -341, -224, 566, 29, 136, 126, 458, 312, 527, 
78, 605, 527, -341, -224, 566, 29, 136, 126, 458, 312, 527, 
78, 605, 527, -341, -224, 566, 29, 136, 126, 458, 312, 527, 
78, 605, 527, -341, -224, 566, 29, 136, 126, 448, 312, 536, 
78, 605, 527, -341, -224, 566, 29, 136, 126, 448, 312, 536, 
78, 605, 527, -341, -224, 566, 29, 136, 126, 448, 312, 536, 
78, 605, 527, -341, -224, 566, 29, 136, 126, 448, 312, 536, 
68, 605, 536, -336, -234, 570, 29, 136, 126, 458, 322, 541, 
68, 605, 536, -336, -234, 570, 29, 136, 126, 458, 322, 546, 
68, 605, 536, -336, -234, 570, 29, 136, 126, 458, 322, 551, 
68, 605, 536, -336, -234, 570, 29, 136, 126, 458, 322, 556, 
68, 614, 546, -341, -239, 580, 29, 136, 126, 458, 322, 546, 
68, 614, 546, -341, -239, 580, 29, 136, 126, 458, 322, 546, 
68, 614, 546, -341, -239, 580, 29, 136, 126, 458, 322, 546, 
68, 614, 546, -341, -239, 580, 29, 136, 126, 458, 322, 546, 
68, 605, 536, -336, -234, 570, 39, 136, 126, 468, 322, 546, 
68, 605, 536, -336, -234, 570, 39, 136, 126, 468, 322, 546, 
68, 605, 536, -336, -234, 570, 39, 136, 126, 468, 322, 546, 
68, 605, 536, -336, -234, 570, 39, 136, 126, 468, 322, 546, 
78, 605, 527, -341, -224, 566, 39, 136, 126, 458, 322, 546, 
78, 605, 527, -341, -224, 566, 39, 136, 126, 458, 322, 546, 
78, 605, 527, -341, -224, 566, 39, 136, 126, 458, 322, 546, 
78, 605, 527, -341, -224, 566, 39, 136, 126, 458, 322, 546, 
78, 614, 536, -346, -229, 575, 29, 136, 126, 458, 312, 536, 
78, 614, 536, -346, -229, 575, 29, 136, 126, 458, 312, 536, 
78, 614, 536, -346, -229, 575, 29, 136, 126, 458, 312, 536, 
78, 614, 536, -346, -229, 575, 29, 136, 126, 458, 312, 536, 
78, 614, 536, -346, -229, 575, 19, 136, 136, 468, 322, 546, 
78, 614, 536, -346, -229, 575, 19, 136, 136, 468, 322, 546, 
78, 614, 536, -346, -229, 575, 19, 136, 136, 468, 322, 546, 
78, 614, 536, -346, -229, 575, 19, 136, 136, 468, 322, 546, 
78, 624, 546, -351, -234, 585, 19, 136, 126, 468, 331, 546, 
78, 624, 546, -351, -234, 585, 19, 136, 126, 468, 331, 546, 
78, 624, 546, -351, -234, 585, 19, 136, 126, 468, 331, 546, 
78, 624, 546, -351, -234, 585, 19, 136, 126, 468, 331, 546, 
87, 614, 527, -351, -219, 570, 29, 136, 126, 468, 322, 556, 
87, 614, 527, -351, -219, 570, 29, 136, 126, 468, 322, 556, 
87, 614, 527, -351, -219, 570, 29, 136, 126, 468, 322, 556, 
87, 614, 527, -351, -219, 570, 29, 136, 126, 468, 322, 556, 
87, 605, 517, -346, -214, 561, 29, 146, 126, 468, 322, 546, 
87, 605, 517, -346, -214, 561, 29, 146, 126, 468, 322, 546, 
87, 605, 517, -346, -214, 561, 29, 146, 126, 468, 322, 546, 
87, 605, 517, -346, -214, 561, 29, 146, 126, 468, 322, 546, 
78, 614, 536, -346, -229, 575, 29, 136, 126, 458, 322, 546, 
78, 614, 536, -346, -229, 575, 29, 136, 126, 458, 322, 546, 
78, 614, 536, -346, -229, 575, 29, 136, 126, 458, 322, 546, 
78, 614, 536, -346, -229, 575, 29, 136, 126, 458, 322, 546, 
78, 614, 536, -346, -229, 575, 29, 136, 136, 468, 322, 546, 
78, 614, 536, -346, -229, 575, 29, 136, 136, 468, 322, 546, 
78, 614, 536, -346, -229, 575, 29, 136, 136, 468, 322, 546, 
78, 614, 536, -346, -229, 575, 29, 136, 136, 468, 322, 546, 
78, 614, 536, -346, -229, 575, 29, 136, 126, 468, 331, 546, 
78, 614, 536, -346, -229, 575, 29, 136, 126, 468, 331, 546, 
78, 614, 536, -346, -229, 575, 29, 136, 126, 468, 331, 546, 
78, 614, 536, -346, -229, 575, 29, 136, 126, 468, 331, 546, 
87, 624, 536, -356, -224, 580, 29, 136, 126, 468, 322, 546, 
87, 624, 536, -356, -224, 580, 29, 136, 126, 468, 322, 546, 
87, 624, 536, -356, -224, 580, 29, 136, 126, 468, 322, 546, 
87, 624, 536, -356, -224, 580, 29, 136, 126, 468, 322, 546, 
87, 624, 536, -356, -224, 580, 39, 136, 136, 468, 331, 546, 
87, 624, 536, -356, -224, 580, 39, 136, 136, 468, 331, 546, 
87, 624, 536, -356, -224, 580, 39, 136, 136, 468, 331, 546, 
87, 624, 536, -356, -224, 580, 39, 136, 136, 468, 331, 546, 
87, 614, 527, -351, -219, 570, 39, 146, 136, 478, 341, 556, 
87, 614, 527, -351, -219, 570, 39, 146, 136, 478, 341, 556, 
87, 614, 527, -351, -219, 570, 39, 146, 136, 478, 341, 556, 
87, 614, 527, -351, -219, 570, 39, 146, 136, 478, 341, 556, 
87, 619, 531, -353, -222, 575, 29, 136, 126, 468, 331, 556, 
87, 624, 536, -356, -224, 580, 29, 136, 126, 468, 331, 556, 
87, 629, 541, -358, -226, 585, 29, 136, 126, 468, 331, 556, 
87, 634, 546, -361, -229, 590, 29, 136, 126, 468, 331, 556, 
87, 634, 546, -361, -229, 590, 29, 136, 136, 468, 331, 556, 
87, 634, 546, -361, -229, 590, 29, 136, 136, 468, 331, 556, 
87, 634, 546, -361, -229, 590, 29, 136, 136, 468, 331, 556, 
87, 634, 546, -361, -229, 590, 29, 136, 136, 468, 331, 556, 
97, 624, 527, -361, -214, 575, 29, 136, 126, 478, 331, 556, 
97, 624, 527, -361, -214, 575, 29, 136, 126, 478, 331, 556, 
97, 624, 527, -361, -214, 575, 29, 136, 126, 478, 331, 556, 
97, 624, 527, -361, -214, 575, 29, 136, 126, 478, 331, 556, 
97, 624, 527, -361, -214, 575, 19, 136, 136, 478, 341, 556, 
97, 624, 527, -361, -214, 575, 19, 136, 136, 478, 341, 556, 
97, 624, 527, -361, -214, 575, 19, 136, 136, 478, 341, 556, 
97, 624, 527, -361, -214, 575, 19, 136, 136, 478, 341, 556, 
97, 624, 527, -361, -214, 575, 29, 136, 136, 478, 341, 566, 
97, 624, 527, -361, -214, 575, 29, 136, 136, 478, 341, 566, 
97, 624, 527, -361, -214, 575, 29, 136, 136, 478, 341, 566, 
97, 624, 527, -361, -214, 575, 29, 136, 136, 478, 341, 566, 
97, 624, 527, -361, -214, 575, 29, 146, 126, 488, 341, 566, 
97, 624, 527, -361, -214, 575, 29, 146, 126, 488, 341, 566, 
97, 624, 527, -361, -214, 575, 29, 146, 126, 488, 341, 566, 
97, 624, 527, -361, -214, 575, 29, 146, 126, 488, 341, 566, 
97, 634, 536, -366, -219, 585, 19, 136, 126, 478, 341, 566, 
97, 634, 536, -366, -219, 585, 19, 136, 126, 478, 341, 566, 
97, 634, 536, -366, -219, 585, 19, 136, 126, 478, 341, 566, 
97, 634, 536, -366, -219, 585, 19, 136, 126, 478, 341, 566, 
107, 644, 536, -375, -214, 590, 19, 126, 126, 478, 341, 561, 
107, 644, 536, -375, -214, 590, 19, 126, 126, 478, 341, 556, 
107, 644, 536, -375, -214, 590, 19, 126, 126, 478, 341, 551, 
107, 644, 536, -375, -214, 590, 19, 126, 126, 478, 341, 546, 
107, 644, 536, -375, -214, 590, 19, 136, 126, 478, 331, 546, 
107, 644, 536, -375, -214, 590, 19, 136, 126, 478, 331, 546, 
107, 644, 536, -375, -214, 590, 19, 136, 126, 478, 331, 546, 
107, 644, 536, -375, -214, 590, 19, 136, 126, 478, 331, 546, 
107, 644, 536, -375, -214, 590, 29, 136, 117, 478, 336, 561, 
107, 644, 536, -375, -214, 590, 29, 136, 117, 478, 341, 566, 
107, 644, 536, -375, -214, 590, 29, 136, 117, 478, 346, 570, 
107, 644, 536, -375, -214, 590, 29, 136, 117, 478, 351, 575, 
107, 649, 541, -378, -217, 595, 19, 126, 117, 478, 341, 566, 
107, 653, 546, -380, -219, 600, 19, 126, 117, 478, 341, 566, 
107, 658, 551, -383, -222, 605, 19, 126, 117, 478, 341, 566, 
107, 663, 556, -385, -224, 610, 19, 126, 117, 478, 341, 566, 
107, 668, 561, -387, -226, 614, 19, 126, 126, 488, 341, 556, 
107, 668, 561, -387, -226, 614, 19, 126, 126, 488, 341, 556, 
107, 668, 561, -387, -226, 614, 19, 126, 126, 488, 341, 556, 
107, 668, 561, -387, -226, 614, 19, 126, 126, 488, 341, 556, 
107, 658, 551, -383, -222, 605, 19, 136, 117, 478, 331, 556, 
107, 658, 551, -383, -222, 605, 19, 136, 117, 478, 331, 556, 
107, 658, 551, -383, -222, 605, 19, 136, 117, 478, 331, 556, 
107, 658, 551, -383, -222, 605, 19, 136, 117, 478, 331, 556, 
107, 649, 541, -378, -217, 595, 19, 136, 126, 468, 331, 556, 
107, 649, 541, -378, -217, 595, 19, 136, 126, 473, 331, 556, 
107, 649, 541, -378, -217, 595, 19, 136, 126, 473, 331, 556, 
107, 649, 541, -378, -217, 595, 19, 136, 126, 473, 331, 556, 
107, 649, 541, -378, -217, 595, 9, 136, 126, 483, 331, 566, 
107, 649, 541, -378, -217, 595, 9, 136, 126, 483, 331, 566, 
112, 649, 536, -380, -212, 592, 9, 136, 126, 483, 331, 566, 
112, 649, 536, -380, -212, 592, 9, 136, 126, 483, 331, 566, 
112, 644, 531, -378, -209, 588, 9, 126, 126, 483, 322, 570, 
112, 658, 546, -385, -217, 602, 9, 131, 126, 488, 326, 566, 
112, 663, 551, -387, -219, 607, 14, 141, 126, 492, 336, 566, 
112, 668, 556, -390, -222, 612, 14, 141, 131, 497, 341, 561, 
117, 668, 551, -392, -217, 610, 9, 141, 136, 492, 346, 566, 
122, 673, 551, -397, -214, 612, 14, 141, 141, 502, 346, 566, 
126, 683, 556, -405, -214, 619, 19, 151, 146, 507, 346, 570, 
126, 688, 561, -407, -217, 624, 19, 151, 151, 512, 356, 570, 
126, 702, 575, -414, -224, 639, 24, 156, 161, 527, 370, 590, 
131, 712, 580, -422, -224, 646, 29, 165, 170, 527, 375, 595, 
131, 722, 590, -427, -229, 656, 34, 170, 170, 531, 380, 595, 
131, 732, 600, -431, -234, 666, 34, 175, 185, 536, 380, 595, 
146, 741, 595, -444, -224, 668, 39, 190, 195, 541, 390, 605, 
151, 746, 595, -448, -222, 671, 34, 190, 195, 546, 390, 610, 
151, 751, 600, -451, -224, 675, 34, 185, 195, 551, 390, 610, 
146, 751, 605, -448, -229, 678, 29, 180, 190, 556, 390, 610, 
146, 741, 595, -444, -224, 668, 24, 185, 200, 556, 390, 610, 
151, 741, 590, -446, -219, 666, 19, 185, 200, 556, 390, 610, 
151, 741, 590, -446, -219, 666, 9, 175, 200, 556, 390, 610, 
151, 741, 590, -446, -219, 666, 4, 175, 195, 551, 390, 605, 
151, 727, 575, -439, -212, 651, -4, 156, 190, 541, 375, 595, 
151, 727, 575, -439, -212, 651, -9, 151, 185, 541, 375, 595, 
156, 727, 570, -441, -207, 649, -14, 151, 175, 536, 375, 595, 
161, 727, 566, -444, -202, 646, -19, 146, 170, 531, 370, 595, 
170, 727, 556, -448, -192, 641, -34, 141, 165, 536, 370, 595, 
175, 727, 551, -451, -187, 639, -39, 141, 161, 531, 370, 595, 
175, 727, 551, -451, -187, 639, -39, 141, 161, 531, 370, 595, 
175, 727, 551, -451, -187, 639, -43, 141, 156, 531, 370, 595, 
180, 732, 551, -456, -185, 641, -34, 151, 161, 531, 375, 605, 
180, 736, 556, -458, -187, 646, -43, 141, 151, 522, 370, 605, 
180, 746, 566, -463, -192, 656, -43, 141, 151, 522, 370, 605, 
185, 751, 566, -468, -190, 658, -43, 141, 151, 522, 375, 605, 
185, 736, 551, -461, -183, 644, -34, 141, 136, 512, 361, 590, 
185, 732, 546, -458, -180, 639, -39, 141, 122, 507, 361, 595, 
185, 727, 541, -456, -178, 634, -39, 131, 117, 497, 356, 595, 
185, 722, 536, -453, -175, 629, -39, 131, 112, 492, 351, 590, 
180, 712, 531, -446, -175, 622, -39, 122, 112, 507, 361, 590, 
180, 717, 536, -448, -178, 627, -39, 126, 117, 507, 361, 590, 
180, 717, 536, -448, -178, 627, -39, 126, 117, 507, 361, 590, 
170, 712, 541, -441, -185, 627, -39, 131, 122, 507, 366, 590, 
185, 717, 531, -451, -173, 624, -43, 131, 131, 517, 375, 595, 
185, 727, 541, -456, -178, 634, -43, 136, 131, 517, 370, 595, 
185, 736, 551, -461, -183, 644, -29, 136, 131, 522, 370, 600, 
180, 732, 551, -456, -185, 641, -29, 136, 131, 522, 370, 605, 
180, 732, 551, -456, -185, 641, -19, 136, 131, 517, 361, 595, 
175, 722, 546, -448, -185, 634, -19, 141, 131, 517, 356, 590, 
170, 717, 546, -444, -187, 631, -14, 141, 131, 517, 356, 590, 
165, 712, 546, -439, -190, 629, -9, 141, 126, 512, 346, 585, 
161, 707, 546, -434, -192, 627, -9, 141, 126, 512, 356, 580, 
161, 702, 541, -431, -190, 622, -9, 136, 122, 507, 346, 575, 
151, 697, 546, -424, -197, 622, -9, 131, 122, 497, 341, 561, 
146, 692, 546, -419, -200, 619, -9, 126, 112, 492, 336, 551, 
146, 688, 541, -417, -197, 614, -14, 136, 112, 492, 331, 541, 
141, 683, 541, -412, -200, 612, -9, 131, 112, 488, 322, 536, 
126, 678, 551, -402, -212, 614, -4, 131, 112, 483, 322, 541, 
122, 673, 551, -397, -214, 612, 0, 131, 112, 483, 322, 546, 
126, 663, 536, -395, -204, 600, 4, 131, 107, 473, 312, 546, 
126, 658, 531, -392, -202, 595, 4, 131, 107, 463, 307, 541, 
126, 653, 527, -390, -200, 590, 4, 131, 107, 453, 302, 541, 
126, 649, 522, -387, -197, 585, 9, 126, 107, 448, 302, 541, 
122, 649, 527, -385, -202, 588, 14, 117, 97, 448, 312, 541, 
117, 649, 531, -383, -207, 590, 14, 117, 97, 448, 312, 541, 
112, 653, 541, -383, -214, 597, 14, 122, 97, 453, 312, 541, 
107, 653, 546, -380, -219, 600, 14, 122, 97, 453, 312, 546, 
112, 658, 546, -385, -217, 602, 9, 112, 87, 453, 307, 536, 
112, 663, 551, -387, -219, 607, 4, 112, 87, 458, 307, 536, 
112, 668, 556, -390, -222, 612, 4, 112, 92, 458, 312, 541, 
112, 673, 561, -392, -224, 617, 9, 117, 92, 458, 312, 541, 
131, 678, 546, -405, -207, 612, 4, 146, 82, 458, 302, 527, 
117, 673, 556, -395, -219, 614, 29, 180, 82, 458, 287, 502, 
107, 658, 551, -383, -222, 605, 53, 200, 97, 448, 268, 488, 
102, 658, 556, -380, -226, 607, 82, 224, 122, 444, 253, 473, 
92, 653, 561, -373, -234, 607, 117, 244, 146, 434, 229, 463, 
87, 653, 566, -370, -239, 610, 141, 278, 175, 448, 219, 463, 
87, 678, 590, -383, -251, 634, 175, 326, 229, 492, 268, 492, 
107, 727, 619, -417, -256, 673, 185, 385, 312, 585, 361, 551, 
131, 805, 673, -468, -270, 739, 195, 468, 400, 697, 453, 629, 
180, 888, 707, -534, -263, 797, 204, 570, 517, 834, 570, 722, 
244, 1010, 766, -627, -261, 888, 229, 692, 668, 1005, 741, 844, 
317, 1166, 849, -741, -265, 1007, 229, 819, 849, 1205, 936, 980, 
419, 1327, 907, -873, -244, 1117, 200, 936, 1019, 1434, 1156, 1161, 
541, 1488, 946, -1015, -202, 1217, 185, 1063, 1180, 1649, 1376, 1342, 
644, 1620, 976, -1132, -165, 1298, 175, 1151, 1312, 1820, 1561, 1483, 
727, 1703, 976, -1215, -124, 1339, 170, 1195, 1381, 1947, 1698, 1600, 
775, 1771, 995, -1273, -109, 1383, 136, 1215, 1420, 2039, 1800, 1703, 
800, 1873, 1073, -1337, -136, 1473, 63, 1083, 1439, 2132, 1912, 1820, 
785, 1976, 1190, -1381, -202, 1583, -53, 800, 1420, 2181, 1995, 1922, 
751, 1976, 1224, -1363, -236, 1600, -126, 536, 1327, 2117, 1976, 1927, 
712, 1869, 1156, -1290, -222, 1512, -156, 356, 1176, 1947, 1830, 1830, 
658, 1708, 1049, -1183, -195, 1378, -234, 146, 971, 1732, 1634, 1693, 
619, 1571, 951, -1095, -165, 1261, -395, -161, 688, 1464, 1434, 1576, 
575, 1449, 873, -1012, -148, 1161, -517, -400, 336, 1112, 1166, 1434, 
492, 1273, 780, -883, -143, 1027, -527, -512, 43, 790, 893, 1268, 
400, 1098, 697, -749, -148, 897, -507, -605, -185, 527, 649, 1093, 
302, 941, 639, -622, -168, 790, -512, -727, -444, 229, 405, 912, 
239, 844, 605, -541, -183, 724, -531, -775, -610, 29, 214, 766, 
219, 810, 590, -514, -185, 700, -531, -722, -570, 34, 175, 697, 
185, 824, 639, -505, -226, 732, -492, -614, -448, 141, 214, 688, 
170, 849, 678, -509, -253, 763, -444, -512, -341, 209, 239, 673, 
175, 878, 702, -527, -263, 790, -400, -405, -234, 283, 278, 673, 
180, 907, 727, -544, -273, 817, -366, -312, -131, 361, 322, 683, 
180, 902, 722, -541, -270, 812, -331, -244, -102, 385, 331, 678, 
180, 868, 688, -524, -253, 778, -273, -165, -87, 390, 331, 653, 
165, 824, 658, -495, -246, 741, -200, -73, -43, 400, 331, 614, 
161, 795, 634, -478, -236, 714, -136, 9, 9, 439, 336, 595, 
146, 785, 639, -466, -246, 712, -78, 68, 58, 468, 346, 580, 
146, 761, 614, -453, -234, 688, -53, 97, 78, 468, 341, 575, 
151, 746, 595, -448, -222, 671, -29, 112, 87, 468, 317, 561, 
131, 746, 614, -439, -241, 680, -19, 122, 97, 468, 317, 566, 
117, 746, 629, -431, -256, 688, -29, 131, 97, 488, 326, 570, 
117, 746, 629, -431, -256, 688, -29, 126, 102, 488, 326, 570, 
117, 746, 629, -431, -256, 688, -29, 122, 107, 492, 331, 570, 
117, 746, 629, -431, -256, 688, -29, 122, 107, 492, 336, 570, 
122, 746, 624, -434, -251, 685, -24, 117, 107, 492, 326, 566, 
117, 741, 624, -429, -253, 683, -24, 122, 107, 483, 317, 561, 
117, 736, 619, -427, -251, 678, -19, 131, 107, 483, 307, 551, 
117, 732, 614, -424, -248, 673, -9, 136, 102, 483, 307, 536, 
117, 727, 610, -422, -246, 668, 4, 141, 102, 468, 297, 531, 
117, 722, 605, -419, -244, 663, 9, 146, 102, 468, 297, 527, 
117, 722, 605, -419, -244, 663, 9, 156, 107, 468, 297, 522, 
112, 722, 610, -417, -248, 666, 9, 156, 107, 473, 297, 522, 
112, 722, 610, -417, -248, 666, 4, 161, 107, 473, 307, 531, 
112, 722, 610, -417, -248, 666, 9, 161, 112, 473, 312, 531, 
112, 722, 610, -417, -248, 666, 9, 161, 112, 473, 312, 531, 
117, 727, 610, -422, -246, 668, 9, 165, 112, 478, 312, 531, 
117, 736, 619, -427, -251, 678, 9, 161, 117, 488, 312, 541, 
112, 736, 624, -424, -256, 680, 19, 165, 117, 488, 312, 541, 
112, 732, 619, -422, -253, 675, 19, 165, 117, 488, 312, 541, 
107, 732, 624, -419, -258, 678, 19, 165, 117, 492, 312, 541, 
107, 732, 624, -419, -258, 678, 29, 175, 122, 492, 322, 541, 
107, 732, 624, -419, -258, 678, 29, 175, 126, 492, 322, 546, 
112, 736, 624, -424, -256, 680, 29, 175, 126, 497, 322, 546, 
112, 736, 624, -424, -256, 680, 29, 175, 126, 497, 322, 546, 
112, 741, 629, -427, -258, 685, 19, 170, 126, 488, 312, 546, 
112, 746, 634, -429, -261, 690, 19, 170, 126, 488, 312, 546, 
112, 751, 639, -431, -263, 695, 24, 175, 126, 488, 317, 546, 
117, 756, 639, -436, -261, 697, 24, 180, 126, 492, 317, 546, 
117, 746, 629, -431, -256, 688, 24, 180, 126, 483, 317, 541, 
117, 746, 629, -431, -256, 688, 24, 180, 126, 483, 322, 536, 
117, 746, 629, -431, -256, 688, 24, 180, 131, 483, 322, 531, 
117, 751, 634, -434, -258, 692, 24, 180, 131, 483, 322, 527, 
112, 756, 644, -434, -265, 700, 24, 185, 131, 483, 317, 522, 
112, 756, 644, -434, -265, 700, 24, 185, 131, 483, 317, 522, 
117, 756, 639, -436, -261, 697, 24, 185, 131, 488, 317, 522, 
117, 761, 644, -439, -263, 702, 24, 185, 131, 492, 317, 522, 
107, 761, 653, -434, -273, 707, 24, 185, 136, 502, 317, 531, 
107, 756, 649, -431, -270, 702, 24, 185, 136, 502, 317, 531, 
107, 756, 649, -431, -270, 702, 24, 185, 136, 502, 322, 536, 
107, 766, 658, -436, -275, 712, 24, 185, 141, 502, 322, 536, 
117, 766, 649, -441, -265, 707, 24, 175, 141, 492, 312, 527, 
117, 766, 649, -441, -265, 707, 24, 175, 141, 497, 312, 531, 
117, 766, 649, -441, -265, 707, 24, 180, 141, 497, 317, 531, 
117, 766, 649, -441, -265, 707, 24, 180, 141, 492, 317, 531, 
117, 775, 658, -446, -270, 717, 24, 190, 141, 492, 326, 531, 
117, 775, 658, -446, -270, 717, 24, 190, 146, 497, 326, 536, 
117, 780, 663, -448, -273, 722, 24, 190, 146, 497, 331, 536, 
117, 780, 663, -448, -273, 722, 24, 190, 146, 502, 331, 541, 
126, 780, 653, -453, -263, 717, 24, 190, 151, 512, 331, 551, 
126, 780, 653, -453, -263, 717, 24, 195, 156, 517, 336, 551, 
126, 780, 653, -453, -263, 717, 24, 200, 156, 517, 336, 551, 
131, 785, 653, -458, -261, 719, 24, 200, 161, 517, 336, 556, 
122, 785, 663, -453, -270, 724, 24, 200, 161, 527, 341, 566, 
122, 780, 658, -451, -268, 719, 24, 200, 165, 527, 341, 566, 
122, 775, 653, -448, -265, 714, 24, 204, 165, 527, 346, 566, 
126, 771, 644, -448, -258, 707, 24, 204, 165, 527, 346, 570, 
117, 761, 644, -439, -263, 702, 34, 214, 165, 531, 346, 570, 
117, 766, 649, -441, -265, 707, 34, 214, 170, 531, 356, 575, 
117, 766, 649, -441, -265, 707, 34, 219, 175, 536, 361, 585, 
117, 771, 653, -444, -268, 712, 34, 219, 175, 536, 361, 585, 
122, 771, 649, -446, -263, 710, 24, 219, 180, 531, 370, 585, 
126, 771, 644, -448, -258, 707, 24, 219, 180, 536, 375, 585, 
131, 771, 639, -451, -253, 705, 24, 224, 180, 541, 375, 585, 
141, 775, 634, -458, -246, 705, 24, 224, 185, 546, 375, 585, 
141, 780, 639, -461, -248, 710, 24, 229, 185, 561, 370, 590, 
146, 780, 634, -463, -244, 707, 24, 229, 185, 561, 370, 595, 
146, 780, 634, -463, -244, 707, 24, 234, 185, 561, 380, 595, 
151, 780, 629, -466, -239, 705, 24, 234, 195, 561, 380, 595, 
151, 775, 624, -463, -236, 700, 24, 234, 190, 561, 395, 590, 
151, 780, 629, -466, -239, 705, 24, 234, 190, 570, 400, 600, 
151, 785, 634, -468, -241, 710, 24, 239, 195, 575, 400, 605, 
151, 790, 639, -470, -244, 714, 24, 244, 195, 580, 405, 605, 
156, 785, 629, -470, -236, 707, 19, 258, 195, 590, 409, 619, 
161, 790, 629, -475, -234, 710, 19, 258, 204, 595, 409, 624, 
161, 790, 629, -475, -234, 710, 19, 258, 209, 595, 414, 624, 
161, 795, 634, -478, -236, 714, 19, 258, 209, 600, 419, 624, 
161, 800, 639, -480, -239, 719, 9, 248, 209, 595, 414, 619, 
170, 805, 634, -488, -231, 719, 4, 253, 209, 595, 419, 619, 
170, 810, 639, -490, -234, 724, 0, 258, 214, 600, 424, 629, 
170, 810, 639, -490, -234, 724, 0, 258, 219, 605, 424, 634, 
170, 814, 644, -492, -236, 729, -4, 253, 214, 610, 429, 639, 
170, 819, 649, -495, -239, 734, -4, 253, 219, 614, 434, 639, 
180, 824, 644, -502, -231, 734, -4, 258, 219, 619, 444, 644, 
180, 829, 649, -505, -234, 739, -4, 258, 224, 624, 448, 649, 
180, 824, 644, -502, -231, 734, -9, 268, 229, 629, 458, 653, 
185, 829, 644, -507, -229, 736, -14, 278, 234, 634, 468, 663, 
190, 834, 644, -512, -226, 739, -14, 283, 234, 644, 468, 673, 
190, 839, 649, -514, -229, 744, -14, 287, 234, 649, 478, 683, 
190, 849, 658, -519, -234, 753, -9, 278, 239, 658, 478, 683, 
195, 858, 663, -527, -234, 761, -9, 283, 244, 663, 483, 683, 
195, 873, 678, -534, -241, 775, -19, 287, 244, 668, 483, 688, 
204, 878, 673, -541, -234, 775, -19, 287, 253, 673, 492, 692, 
209, 893, 683, -551, -236, 788, -34, 278, 253, 678, 492, 683, 
209, 893, 683, -551, -236, 788, -34, 283, 253, 678, 497, 692, 
209, 897, 688, -553, -239, 793, -34, 287, 248, 683, 502, 697, 
219, 902, 683, -561, -231, 793, -34, 287, 244, 678, 502, 697, 
219, 893, 673, -556, -226, 783, -39, 287, 258, 678, 502, 697, 
219, 897, 678, -558, -229, 788, -43, 292, 263, 678, 512, 702, 
229, 902, 673, -566, -222, 788, -43, 292, 268, 683, 522, 712, 
229, 907, 678, -568, -224, 793, -43, 292, 268, 688, 522, 712, 
234, 912, 678, -573, -222, 795, -43, 302, 258, 697, 527, 727, 
239, 912, 673, -575, -217, 793, -48, 302, 263, 702, 527, 727, 
239, 917, 678, -578, -219, 797, -48, 307, 263, 707, 531, 732, 
239, 912, 673, -575, -217, 793, -53, 307, 263, 712, 536, 736, 
239, 917, 678, -578, -219, 797, -53, 307, 268, 707, 541, 741, 
244, 922, 678, -583, -217, 800, -53, 307, 268, 712, 546, 741, 
244, 927, 683, -585, -219, 805, -53, 312, 268, 717, 546, 746, 
244, 927, 683, -585, -219, 805, -53, 312, 268, 717, 546, 746, 
253, 936, 683, -595, -214, 810, -68, 312, 278, 722, 561, 746, 
253, 941, 688, -597, -217, 814, -68, 312, 278, 722, 561, 751, 
253, 946, 692, -600, -219, 819, -68, 312, 278, 717, 561, 751, 
253, 946, 692, -600, -219, 819, -73, 312, 278, 717, 561, 751, 
253, 956, 702, -605, -224, 829, -73, 302, 268, 722, 556, 751, 
253, 956, 702, -605, -224, 829, -78, 302, 268, 722, 556, 756, 
253, 956, 702, -605, -224, 829, -78, 297, 268, 722, 551, 756, 
253, 956, 702, -605, -224, 829, -82, 297, 268, 727, 546, 756, 
263, 966, 702, -614, -219, 834, -82, 297, 268, 732, 556, 756, 
263, 966, 702, -614, -219, 834, -82, 292, 268, 732, 556, 756, 
263, 966, 702, -614, -219, 834, -82, 283, 268, 727, 556, 756, 
263, 961, 697, -612, -217, 829, -82, 283, 268, 727, 556, 756, 
263, 971, 707, -617, -222, 839, -87, 292, 268, 717, 556, 756, 
263, 971, 707, -617, -222, 839, -87, 292, 268, 717, 556, 756, 
263, 966, 702, -614, -219, 834, -87, 287, 268, 717, 556, 756, 
263, 966, 702, -614, -219, 834, -87, 287, 268, 717, 556, 756, 
273, 956, 683, -614, -204, 819, -92, 287, 268, 712, 546, 756, 
273, 961, 688, -617, -207, 824, -92, 283, 268, 712, 546, 756, 
268, 961, 692, -614, -212, 827, -92, 278, 268, 712, 541, 751, 
268, 961, 692, -614, -212, 827, -92, 278, 268, 712, 541, 751, 
268, 951, 683, -610, -207, 817, -102, 278, 263, 722, 551, 751, 
268, 951, 683, -610, -207, 817, -102, 278, 263, 722, 551, 751, 
268, 946, 678, -607, -204, 812, -102, 278, 258, 717, 551, 751, 
268, 941, 673, -605, -202, 807, -97, 278, 258, 717, 551, 751, 
263, 951, 688, -607, -212, 819, -87, 273, 268, 722, 546, 761, 
258, 946, 688, -602, -214, 817, -87, 268, 263, 717, 536, 751, 
258, 946, 688, -602, -214, 817, -87, 268, 263, 717, 541, 751, 
253, 936, 683, -595, -214, 810, -87, 268, 263, 707, 536, 746, 
263, 946, 683, -605, -209, 814, -97, 268, 268, 712, 541, 741, 
258, 941, 683, -600, -212, 812, -92, 268, 268, 707, 541, 741, 
258, 936, 678, -597, -209, 807, -87, 268, 263, 707, 541, 741, 
253, 932, 678, -592, -212, 805, -82, 263, 258, 707, 541, 741, 
258, 932, 673, -595, -207, 802, -82, 263, 263, 717, 546, 746, 
253, 927, 673, -590, -209, 800, -82, 253, 263, 712, 541, 741, 
253, 927, 673, -590, -209, 800, -82, 253, 263, 702, 536, 732, 
253, 927, 673, -590, -209, 800, -82, 248, 253, 697, 531, 727, 
253, 922, 668, -588, -207, 795, -73, 244, 263, 692, 517, 712, 
244, 917, 673, -580, -214, 795, -73, 244, 258, 688, 507, 707, 
239, 907, 668, -573, -214, 788, -73, 244, 253, 688, 502, 697, 
234, 907, 673, -570, -219, 790, -63, 244, 248, 688, 492, 692, 
234, 907, 673, -570, -219, 790, -63, 234, 248, 673, 502, 697, 
229, 897, 668, -563, -219, 783, -63, 234, 244, 668, 497, 697, 
224, 893, 668, -558, -222, 780, -63, 229, 244, 663, 492, 688, 
219, 888, 668, -553, -224, 778, -68, 229, 239, 658, 478, 688, 
224, 888, 663, -556, -219, 775, -68, 224, 244, 653, 478, 683, 
219, 883, 663, -551, -222, 773, -63, 219, 234, 649, 473, 673, 
214, 883, 668, -549, -226, 775, -63, 214, 234, 639, 468, 668, 
214, 883, 668, -549, -226, 775, -58, 214, 229, 634, 463, 668, 
204, 873, 668, -539, -231, 771, -48, 200, 229, 629, 458, 649, 
204, 868, 663, -536, -229, 766, -48, 200, 224, 629, 458, 639, 
204, 858, 653, -531, -224, 756, -48, 200, 219, 624, 448, 634, 
200, 858, 658, -529, -229, 758, -48, 190, 214, 614, 444, 634, 
200, 849, 649, -524, -224, 749, -48, 195, 209, 624, 448, 639, 
200, 844, 644, -522, -222, 744, -43, 195, 204, 619, 439, 639, 
195, 844, 649, -519, -226, 746, -43, 190, 200, 614, 434, 634, 
190, 844, 653, -517, -231, 749, -43, 190, 195, 610, 429, 629, 
200, 839, 639, -519, -219, 739, -34, 180, 195, 605, 424, 624, 
195, 834, 639, -514, -222, 736, -34, 180, 195, 600, 419, 624, 
190, 829, 639, -509, -224, 734, -34, 175, 195, 600, 419, 619, 
190, 829, 639, -509, -224, 734, -34, 175, 195, 595, 414, 619, 
190, 829, 639, -509, -224, 734, -34, 175, 185, 585, 409, 614, 
190, 824, 634, -507, -222, 729, -34, 175, 185, 580, 405, 610, 
190, 819, 629, -505, -219, 724, -29, 175, 180, 580, 405, 610, 
190, 819, 629, -505, -219, 724, -29, 175, 180, 580, 405, 610, 
180, 829, 649, -505, -234, 739, -39, 175, 180, 575, 395, 600, 
180, 829, 649, -505, -234, 739, -39, 175, 180, 575, 395, 600, 
180, 829, 649, -505, -234, 739, -39, 170, 180, 575, 395, 600, 
185, 824, 639, -505, -226, 732, -39, 170, 180, 575, 395, 600, 
185, 834, 649, -509, -231, 741, -48, 165, 165, 570, 385, 600, 
185, 834, 649, -509, -231, 741, -48, 165, 165, 570, 385, 600, 
185, 834, 649, -509, -231, 741, -43, 165, 170, 570, 385, 595, 
185, 829, 644, -507, -229, 736, -43, 165, 170, 570, 385, 590, 
175, 819, 644, -497, -234, 732, -34, 175, 161, 575, 395, 600, 
175, 819, 644, -497, -234, 732, -34, 175, 161, 575, 395, 605, 
175, 819, 644, -497, -234, 732, -34, 175, 161, 575, 395, 605, 
175, 819, 644, -497, -234, 732, -34, 175, 161, 575, 395, 605, 
185, 814, 629, -500, -222, 722, -43, 170, 170, 566, 395, 605, 
185, 814, 629, -500, -222, 722, -43, 170, 170, 566, 395, 610, 
185, 819, 634, -502, -224, 727, -43, 170, 170, 570, 395, 614, 
185, 819, 634, -502, -224, 727, -43, 170, 170, 570, 400, 614, 
195, 819, 624, -507, -214, 722, -43, 170, 165, 570, 400, 614, 
195, 819, 624, -507, -214, 722, -43, 170, 165, 570, 400, 614, 
195, 824, 629, -509, -217, 727, -48, 170, 170, 570, 400, 614, 
195, 824, 629, -509, -217, 727, -48, 170, 170, 570, 400, 614, 
180, 834, 653, -507, -236, 744, -39, 161, 170, 575, 409, 614, 
180, 834, 653, -507, -236, 744, -39, 161, 170, 580, 409, 614, 
185, 834, 649, -509, -231, 741, -43, 161, 170, 585, 409, 614, 
185, 834, 649, -509, -231, 741, -43, 161, 170, 590, 409, 614, 
190, 834, 644, -512, -226, 739, -53, 161, 170, 585, 405, 614, 
195, 839, 644, -517, -224, 741, -53, 161, 170, 585, 400, 614, 
200, 839, 639, -519, -219, 739, -53, 161, 170, 580, 400, 614, 
204, 839, 634, -522, -214, 736, -53, 161, 170, 575, 395, 614, 
204, 844, 639, -524, -217, 741, -53, 161, 170, 575, 400, 624, 
204, 849, 644, -527, -219, 746, -53, 161, 170, 575, 400, 629, 
204, 858, 653, -531, -224, 756, -53, 161, 170, 575, 400, 629, 
204, 863, 658, -534, -226, 761, -53, 161, 170, 575, 400, 629, 
204, 858, 653, -531, -224, 756, -53, 151, 170, 585, 409, 629, 
204, 858, 653, -531, -224, 756, -53, 151, 170, 585, 409, 629, 
204, 863, 658, -534, -226, 761, -53, 151, 170, 590, 419, 629, 
204, 863, 658, -534, -226, 761, -53, 151, 170, 590, 419, 629, 
209, 868, 658, -539, -224, 763, -63, 151, 170, 590, 414, 629, 
209, 868, 658, -539, -224, 763, -63, 151, 170, 590, 414, 629, 
209, 868, 658, -539, -224, 763, -63, 151, 170, 590, 414, 629, 
204, 868, 663, -536, -229, 766, -63, 151, 170, 590, 414, 629, 
204, 878, 673, -541, -234, 775, -63, 161, 170, 590, 414, 624, 
209, 878, 668, -544, -229, 773, -63, 161, 170, 590, 409, 624, 
209, 878, 668, -544, -229, 773, -63, 161, 170, 590, 409, 624, 
209, 878, 668, -544, -229, 773, -63, 161, 170, 590, 414, 624, 
209, 888, 678, -549, -234, 783, -63, 151, 170, 595, 414, 634, 
209, 888, 678, -549, -234, 783, -63, 151, 170, 595, 414, 634, 
214, 888, 673, -551, -229, 780, -63, 151, 170, 595, 414, 634, 
219, 888, 668, -553, -224, 778, -63, 151, 170, 595, 414, 634, 
209, 888, 678, -549, -234, 783, -63, 151, 170, 595, 414, 624, 
209, 888, 678, -549, -234, 783, -63, 151, 165, 595, 414, 624, 
204, 888, 683, -546, -239, 785, -63, 151, 165, 590, 414, 624, 
204, 888, 683, -546, -239, 785, -63, 151, 165, 590, 414, 619, 
214, 888, 673, -551, -229, 780, -63, 151, 165, 580, 414, 629, 
214, 888, 673, -551, -229, 780, -63, 151, 165, 580, 414, 629, 
214, 883, 668, -549, -226, 775, -63, 151, 165, 580, 414, 629, 
214, 883, 668, -549, -226, 775, -63, 151, 161, 580, 409, 629, 
204, 888, 683, -546, -239, 785, -63, 151, 156, 580, 409, 629, 
204, 888, 683, -546, -239, 785, -63, 151, 156, 580, 409, 629, 
204, 888, 683, -546, -239, 785, -63, 151, 156, 580, 409, 629, 
204, 888, 683, -546, -239, 785, -63, 151, 156, 580, 409, 629, 
214, 888, 673, -551, -229, 780, -63, 141, 146, 566, 400, 629, 
214, 883, 668, -549, -226, 775, -63, 141, 146, 566, 395, 629, 
214, 883, 668, -549, -226, 775, -63, 136, 141, 566, 395, 629, 
214, 883, 668, -549, -226, 775, -63, 136, 141, 566, 395, 629, 
204, 873, 668, -539, -231, 771, -63, 141, 141, 556, 385, 619, 
204, 868, 663, -536, -229, 766, -63, 141, 141, 556, 385, 614, 
204, 868, 663, -536, -229, 766, -63, 141, 136, 556, 385, 614, 
204, 868, 663, -536, -229, 766, -63, 141, 136, 556, 385, 614, 
214, 868, 653, -541, -219, 761, -63, 136, 136, 561, 390, 614, 
214, 868, 653, -541, -219, 761, -63, 136, 136, 556, 390, 614, 
214, 868, 653, -541, -219, 761, -63, 136, 136, 556, 390, 614, 
214, 863, 649, -539, -217, 756, -63, 136, 131, 556, 390, 610, 
204, 873, 668, -539, -231, 771, -63, 136, 131, 556, 385, 605, 
204, 873, 668, -539, -231, 771, -63, 136, 131, 556, 380, 605, 
204, 873, 668, -539, -231, 771, -63, 136, 126, 551, 380, 605, 
204, 873, 668, -539, -231, 771, -63, 136, 126, 546, 380, 605, 
195, 873, 678, -534, -241, 775, -53, 136, 126, 536, 370, 605, 
195, 873, 678, -534, -241, 775, -53, 136, 126, 536, 370, 600, 
195, 873, 678, -534, -241, 775, -53, 136, 126, 536, 370, 600, 
200, 868, 668, -534, -234, 768, -53, 136, 126, 536, 366, 600, 
209, 854, 644, -531, -217, 749, -48, 136, 122, 536, 356, 590, 
209, 854, 644, -531, -217, 749, -48, 136, 122, 536, 356, 590, 
209, 854, 644, -531, -217, 749, -48, 136, 122, 536, 356, 590, 
209, 854, 644, -531, -217, 749, -48, 136, 117, 536, 356, 590, 
209, 854, 644, -531, -217, 749, -48, 126, 117, 527, 356, 595, 
209, 849, 639, -529, -214, 744, -48, 126, 112, 522, 361, 595, 
209, 849, 639, -529, -214, 744, -53, 126, 112, 522, 366, 600, 
209, 849, 639, -529, -214, 744, -53, 122, 112, 527, 370, 600, 
200, 858, 658, -529, -229, 758, -53, 131, 112, 522, 361, 600, 
200, 854, 653, -527, -226, 753, -53, 131, 112, 522, 361, 600, 
195, 854, 658, -524, -231, 756, -58, 122, 112, 522, 361, 600, 
195, 849, 653, -522, -229, 751, -58, 122, 112, 522, 366, 595, 
195, 854, 658, -524, -231, 756, -48, 117, 102, 512, 356, 585, 
200, 854, 653, -527, -226, 753, -48, 117, 102, 512, 351, 585, 
200, 854, 653, -527, -226, 753, -48, 117, 102, 512, 346, 585, 
200, 854, 653, -527, -226, 753, -48, 117, 97, 512, 346, 585, 
200, 844, 644, -522, -222, 744, -58, 117, 107, 507, 346, 575, 
200, 844, 644, -522, -222, 744, -58, 117, 107, 507, 346, 575, 
195, 839, 644, -517, -224, 741, -58, 117, 107, 507, 346, 575, 
195, 839, 644, -517, -224, 741, -58, 117, 102, 507, 341, 575, 
204, 839, 634, -522, -214, 736, -48, 117, 102, 507, 341, 585, 
204, 834, 629, -519, -212, 732, -48, 117, 102, 507, 341, 580, 
204, 834, 629, -519, -212, 732, -43, 117, 97, 502, 341, 580, 
200, 834, 634, -517, -217, 734, -43, 117, 97, 502, 346, 580, 
200, 834, 634, -517, -217, 734, -43, 117, 102, 502, 346, 585, 
200, 834, 634, -517, -217, 734, -43, 117, 102, 502, 346, 585, 
200, 839, 639, -519, -219, 739, -43, 117, 102, 507, 341, 580, 
200, 839, 639, -519, -219, 739, -43, 112, 102, 507, 341, 580, 
200, 844, 644, -522, -222, 744, -43, 112, 92, 512, 341, 575, 
200, 844, 644, -522, -222, 744, -43, 112, 87, 512, 341, 575, 
200, 844, 644, -522, -222, 744, -43, 112, 87, 517, 336, 575, 
200, 844, 644, -522, -222, 744, -43, 112, 87, 517, 336, 580, 
200, 844, 644, -522, -222, 744, -53, 117, 87, 502, 326, 570, 
200, 844, 644, -522, -222, 744, -53, 117, 87, 502, 331, 570, 
200, 844, 644, -522, -222, 744, -53, 117, 87, 502, 331, 570, 
204, 844, 639, -524, -217, 741, -53, 117, 87, 502, 331, 570, 
204, 854, 649, -529, -222, 751, -53, 117, 87, 502, 336, 570, 
204, 854, 649, -529, -222, 751, -53, 117, 87, 502, 336, 570, 
204, 854, 649, -529, -222, 751, -53, 117, 87, 502, 326, 566, 
200, 854, 653, -527, -226, 753, -53, 117, 87, 502, 326, 566, 
200, 858, 658, -529, -229, 758, -53, 112, 87, 502, 326, 566, 
200, 858, 658, -529, -229, 758, -53, 112, 87, 502, 326, 566, 
200, 858, 658, -529, -229, 758, -53, 107, 87, 502, 326, 566, 
204, 858, 653, -531, -224, 756, -53, 107, 87, 502, 326, 566, 
195, 849, 653, -522, -229, 751, -53, 107, 87, 502, 331, 566, 
195, 849, 653, -522, -229, 751, -53, 107, 87, 502, 331, 566, 
195, 849, 653, -522, -229, 751, -53, 107, 82, 502, 331, 566, 
200, 849, 649, -524, -224, 749, -53, 107, 82, 497, 331, 566, 
200, 849, 649, -524, -224, 749, -53, 107, 82, 497, 326, 566, 
200, 854, 653, -527, -226, 753, -53, 107, 82, 497, 326, 566, 
200, 854, 653, -527, -226, 753, -53, 107, 82, 497, 322, 566, 
200, 849, 649, -524, -224, 749, -53, 107, 82, 497, 317, 566, 
200, 849, 649, -524, -224, 749, -53, 107, 82, 497, 326, 566, 
200, 849, 649, -524, -224, 749, -53, 107, 82, 497, 326, 566, 
200, 849, 649, -524, -224, 749, -53, 107, 82, 497, 322, 566, 
200, 849, 649, -524, -224, 749, -53, 107, 82, 497, 322, 566, 
200, 849, 649, -524, -224, 749, -53, 107, 82, 497, 322, 566, 
200, 854, 653, -527, -226, 753, -53, 112, 82, 497, 322, 566, 
200, 854, 653, -527, -226, 753, -53, 112, 82, 497, 322, 566, 
200, 854, 653, -527, -226, 753, -53, 107, 82, 497, 322, 566, 
200, 844, 644, -522, -222, 744, -53, 107, 92, 483, 312, 566, 
200, 839, 639, -519, -219, 739, -53, 107, 92, 483, 312, 566, 
200, 839, 639, -519, -219, 739, -53, 112, 92, 488, 317, 566, 
200, 844, 644, -522, -222, 744, -53, 112, 92, 488, 317, 566, 
200, 854, 653, -527, -226, 753, -43, 97, 87, 488, 322, 566, 
200, 854, 653, -527, -226, 753, -43, 97, 87, 488, 322, 566, 
200, 854, 653, -527, -226, 753, -43, 97, 92, 488, 322, 566, 
200, 854, 653, -527, -226, 753, -43, 97, 92, 488, 322, 561, 
200, 844, 644, -522, -222, 744, -53, 102, 82, 488, 322, 570, 
200, 844, 644, -522, -222, 744, -53, 102, 82, 488, 322, 570, 
200, 844, 644, -522, -222, 744, -53, 97, 82, 488, 322, 570, 
200, 844, 644, -522, -222, 744, -53, 97, 82, 488, 322, 570, 
190, 844, 653, -517, -231, 749, -53, 87, 82, 488, 312, 561, 
190, 844, 653, -517, -231, 749, -53, 92, 82, 483, 312, 561, 
190, 844, 653, -517, -231, 749, -53, 92, 82, 483, 312, 561, 
190, 844, 653, -517, -231, 749, -53, 92, 82, 483, 312, 561, 
190, 829, 639, -509, -224, 734, -43, 102, 92, 492, 322, 566, 
190, 829, 639, -509, -224, 734, -43, 102, 87, 492, 322, 566, 
190, 834, 644, -512, -226, 739, -43, 102, 87, 497, 322, 566, 
190, 834, 644, -512, -226, 739, -43, 102, 87, 497, 322, 566, 
190, 834, 644, -512, -226, 739, -43, 102, 87, 497, 317, 575, 
195, 839, 644, -517, -224, 741, -48, 97, 87, 497, 322, 566, 
195, 839, 644, -517, -224, 741, -48, 97, 87, 497, 312, 566, 
195, 839, 644, -517, -224, 741, -48, 97, 87, 497, 312, 566, 
195, 839, 644, -517, -224, 741, -48, 97, 87, 497, 312, 566, 
195, 839, 644, -517, -224, 741, -48, 97, 87, 497, 312, 566, 
195, 849, 653, -522, -229, 751, -48, 97, 87, 497, 312, 566, 
195, 849, 653, -522, -229, 751, -48, 97, 87, 497, 312, 566, 
195, 849, 653, -522, -229, 751, -48, 97, 87, 497, 312, 566, 
195, 849, 653, -522, -229, 751, -48, 97, 87, 497, 312, 566, 
195, 849, 653, -522, -229, 751, -48, 97, 78, 488, 312, 566, 
195, 849, 653, -522, -229, 751, -48, 97, 78, 488, 312, 566, 
195, 849, 653, -522, -229, 751, -48, 97, 78, 488, 312, 566, 
195, 849, 653, -522, -229, 751, -48, 97, 78, 488, 312, 566, 
195, 849, 653, -522, -229, 751, -48, 87, 87, 488, 312, 556, 
195, 849, 653, -522, -229, 751, -48, 87, 87, 488, 312, 556, 
195, 849, 653, -522, -229, 751, -48, 87, 87, 488, 312, 556, 
195, 849, 653, -522, -229, 751, -48, 87, 87, 488, 312, 556, 
195, 849, 653, -522, -229, 751, -48, 97, 87, 497, 312, 566, 
195, 849, 653, -522, -229, 751, -48, 97, 87, 497, 312, 566, 
195, 849, 653, -522, -229, 751, -48, 97, 87, 497, 312, 566, 
195, 849, 653, -522, -229, 751, -48, 97, 87, 497, 312, 566, 
195, 849, 653, -522, -229, 751, -48, 97, 87, 497, 312, 566, 
195, 849, 653, -522, -229, 751, -48, 97, 87, 497, 312, 566, 
195, 849, 653, -522, -229, 751, -48, 97, 87, 497, 312, 566, 
195, 849, 653, -522, -229, 751, -48, 97, 87, 497, 312, 566, 
185, 849, 663, -517, -239, 756, -48, 97, 97, 497, 312, 566, 
185, 849, 663, -517, -239, 756, -48, 97, 97, 497, 312, 566, 
185, 849, 663, -517, -239, 756, -48, 97, 97, 497, 312, 566, 
185, 849, 663, -517, -239, 756, -48, 97, 97, 497, 312, 566, 
195, 858, 663, -527, -234, 761, -48, 97, 87, 497, 307, 566, 
195, 858, 663, -527, -234, 761, -48, 97, 87, 497, 302, 566, 
195, 858, 663, -527, -234, 761, -48, 97, 87, 497, 297, 566, 
195, 858, 663, -527, -234, 761, -48, 97, 87, 497, 292, 566, 
195, 858, 663, -527, -234, 761, -48, 97, 87, 497, 292, 566, 
195, 858, 663, -527, -234, 761, -48, 97, 87, 497, 292, 566, 
195, 858, 663, -527, -234, 761, -48, 97, 87, 497, 292, 566, 
195, 858, 663, -527, -234, 761, -48, 97, 87, 497, 292, 566, 
195, 858, 663, -527, -234, 761, -48, 97, 87, 497, 302, 566, 
195, 858, 663, -527, -234, 761, -48, 97, 87, 497, 302, 566, 
195, 858, 663, -527, -234, 761, -48, 97, 87, 497, 302, 566, 
195, 858, 663, -527, -234, 761, -48, 97, 87, 497, 302, 566, 
195, 858, 663, -527, -234, 761, -48, 107, 97, 497, 302, 566, 
195, 858, 663, -527, -234, 761, -48, 107, 97, 497, 302, 566, 
195, 858, 663, -527, -234, 761, -48, 107, 97, 497, 302, 566, 
195, 858, 663, -527, -234, 761, -48, 107, 97, 497, 302, 566, 
195, 863, 668, -529, -236, 766, -48, 97, 87, 497, 302, 566, 
195, 863, 668, -529, -236, 766, -48, 97, 87, 497, 302, 566, 
195, 863, 668, -529, -236, 766, -48, 97, 87, 497, 302, 566, 
195, 863, 668, -529, -236, 766, -48, 97, 87, 497, 302, 566, 
195, 863, 668, -529, -236, 766, -58, 97, 87, 497, 302, 566, 
195, 863, 668, -529, -236, 766, -58, 97, 87, 497, 302, 566, 
195, 863, 668, -529, -236, 766, -58, 97, 87, 497, 302, 566, 
195, 863, 668, -529, -236, 766, -58, 97, 87, 497, 302, 566, 
195, 873, 678, -534, -241, 775, -48, 97, 97, 488, 302, 575, 
195, 873, 678, -534, -241, 775, -48, 97, 97, 492, 302, 575, 
195, 873, 678, -534, -241, 775, -48, 97, 97, 492, 302, 575, 
195, 873, 678, -534, -241, 775, -48, 97, 97, 492, 302, 575, 
185, 873, 688, -529, -251, 780, -48, 107, 97, 492, 302, 575, 
185, 873, 688, -529, -251, 780, -48, 107, 97, 492, 302, 575, 
190, 873, 683, -531, -246, 778, -48, 107, 97, 492, 302, 575, 
190, 873, 683, -531, -246, 778, -48, 107, 97, 492, 302, 575, 
200, 888, 688, -544, -244, 788, -48, 97, 102, 492, 302, 575, 
200, 902, 702, -551, -251, 802, -48, 102, 107, 497, 307, 575, 
200, 907, 707, -553, -253, 807, -43, 112, 112, 502, 317, 580, 
200, 912, 712, -556, -256, 812, -43, 112, 122, 507, 322, 580, 
204, 912, 707, -558, -251, 810, -39, 122, 126, 502, 326, 585, 
209, 917, 707, -563, -248, 812, -34, 122, 131, 512, 326, 585, 
214, 927, 712, -570, -248, 819, -29, 131, 136, 517, 326, 590, 
214, 932, 717, -573, -251, 824, -29, 131, 141, 522, 336, 590, 
214, 932, 717, -573, -251, 824, -19, 141, 151, 536, 331, 610, 
219, 936, 717, -578, -248, 827, -19, 146, 161, 536, 336, 614, 
219, 941, 722, -580, -251, 832, -19, 146, 161, 541, 341, 614, 
219, 946, 727, -583, -253, 836, -24, 146, 175, 546, 341, 614, 
214, 946, 732, -580, -258, 839, -24, 151, 175, 551, 346, 624, 
219, 951, 732, -585, -256, 841, -34, 151, 175, 556, 351, 629, 
219, 956, 736, -588, -258, 846, -39, 146, 175, 561, 356, 629, 
214, 956, 741, -585, -263, 849, -48, 141, 170, 566, 361, 629, 
214, 956, 741, -585, -263, 849, -63, 126, 170, 556, 361, 619, 
219, 956, 736, -588, -258, 846, -68, 126, 170, 556, 361, 619, 
219, 956, 736, -588, -258, 846, -78, 117, 170, 556, 361, 619, 
219, 956, 736, -588, -258, 846, -82, 117, 165, 551, 361, 614, 
229, 941, 712, -585, -241, 827, -87, 117, 151, 541, 346, 614, 
229, 941, 712, -585, -241, 827, -87, 112, 146, 541, 346, 614, 
234, 941, 707, -588, -236, 824, -87, 112, 136, 536, 346, 614, 
239, 941, 702, -590, -231, 822, -87, 107, 131, 531, 341, 614, 
229, 932, 702, -580, -236, 817, -82, 102, 136, 536, 351, 614, 
234, 932, 697, -583, -231, 814, -87, 102, 131, 531, 351, 614, 
234, 932, 697, -583, -231, 814, -87, 102, 131, 531, 351, 614, 
234, 932, 697, -583, -231, 814, -92, 102, 126, 531, 351, 614, 
239, 922, 683, -580, -222, 802, -92, 102, 122, 531, 346, 614, 
239, 922, 683, -580, -222, 802, -102, 92, 112, 522, 341, 614, 
239, 927, 688, -583, -224, 807, -102, 92, 112, 522, 341, 614, 
244, 927, 683, -585, -219, 805, -102, 92, 112, 522, 346, 614, 
258, 941, 683, -600, -212, 812, -112, 92, 112, 527, 336, 614, 
263, 946, 683, -605, -209, 814, -117, 92, 102, 527, 341, 624, 
268, 951, 683, -610, -207, 817, -117, 82, 102, 522, 341, 629, 
273, 956, 683, -614, -204, 819, -117, 82, 102, 522, 341, 629, 
278, 956, 678, -617, -200, 817, -107, 82, 112, 536, 351, 639, 
278, 961, 683, -619, -202, 822, -107, 87, 117, 536, 351, 639, 
278, 961, 683, -619, -202, 822, -107, 87, 117, 536, 351, 639, 
268, 956, 688, -612, -209, 822, -107, 92, 122, 536, 356, 639, 
258, 951, 692, -605, -217, 822, -102, 102, 122, 536, 366, 649, 
253, 951, 697, -602, -222, 824, -102, 107, 122, 536, 361, 644, 
248, 951, 702, -600, -226, 827, -87, 107, 122, 541, 361, 644, 
239, 936, 697, -588, -229, 817, -87, 107, 122, 541, 361, 644, 
248, 936, 688, -592, -219, 812, -78, 107, 122, 536, 361, 634, 
244, 927, 683, -585, -219, 805, -78, 112, 122, 536, 356, 629, 
239, 922, 683, -580, -222, 802, -73, 112, 122, 536, 356, 629, 
234, 917, 683, -575, -224, 800, -68, 112, 117, 531, 346, 624, 
229, 907, 678, -568, -224, 793, -63, 117, 107, 531, 346, 610, 
229, 897, 668, -563, -219, 783, -58, 117, 102, 527, 336, 605, 
219, 888, 668, -553, -224, 778, -53, 117, 102, 517, 331, 590, 
214, 878, 663, -546, -224, 771, -48, 117, 92, 512, 326, 580, 
214, 868, 653, -541, -219, 761, -43, 126, 87, 492, 302, 575, 
209, 858, 649, -534, -219, 753, -39, 122, 82, 488, 292, 566, 
195, 849, 653, -522, -229, 751, -34, 122, 78, 483, 292, 566, 
190, 839, 649, -514, -229, 744, -29, 122, 73, 483, 292, 566, 
175, 824, 649, -500, -236, 736, -19, 122, 68, 488, 292, 556, 
175, 824, 649, -500, -236, 736, -24, 122, 68, 483, 287, 551, 
175, 824, 649, -500, -236, 736, -29, 122, 68, 478, 283, 551, 
175, 824, 649, -500, -236, 736, -29, 117, 68, 478, 283, 551, 
175, 824, 649, -500, -236, 736, -34, 107, 68, 478, 283, 551, 
175, 824, 649, -500, -236, 736, -34, 107, 68, 478, 283, 551, 
175, 829, 653, -502, -239, 741, -34, 112, 68, 483, 283, 551, 
175, 829, 653, -502, -239, 741, -34, 112, 68, 483, 283, 556, 
180, 829, 649, -505, -234, 739, -43, 112, 68, 483, 278, 546, 
180, 829, 649, -505, -234, 739, -43, 112, 68, 488, 278, 546, 
180, 829, 649, -505, -234, 739, -39, 112, 73, 488, 283, 551, 
180, 829, 649, -505, -234, 739, -29, 117, 73, 488, 283, 551, 
190, 834, 644, -512, -226, 739, -34, 126, 73, 497, 292, 556, 
195, 829, 634, -512, -219, 732, -29, 131, 73, 488, 287, 541, 
185, 805, 619, -495, -217, 712, -14, 161, 78, 468, 268, 527, 
170, 805, 634, -488, -231, 719, 24, 195, 82, 453, 244, 502, 
161, 810, 649, -485, -244, 729, 58, 234, 107, 453, 229, 492, 
146, 810, 663, -478, -258, 736, 92, 258, 136, 448, 209, 483, 
146, 814, 668, -480, -261, 741, 136, 287, 170, 463, 209, 483, 
156, 844, 688, -500, -265, 766, 156, 336, 234, 527, 253, 531, 
170, 902, 732, -536, -280, 817, 165, 409, 322, 629, 346, 590, 
209, 985, 775, -597, -283, 880, 175, 502, 429, 756, 463, 663, 
253, 1088, 834, -671, -290, 961, 180, 614, 561, 907, 585, 756, 
317, 1234, 917, -775, -300, 1076, 200, 732, 732, 1107, 751, 883, 
409, 1395, 985, -902, -287, 1190, 190, 858, 932, 1337, 971, 1044, 
522, 1566, 1044, -1044, -261, 1305, 175, 976, 1122, 1571, 1200, 1234, 
624, 1708, 1083, -1166, -229, 1395, 175, 1093, 1283, 1790, 1424, 1405, 
697, 1820, 1122, -1259, -212, 1471, 180, 1185, 1410, 1966, 1610, 1551, 
766, 1888, 1122, -1327, -178, 1505, 175, 1254, 1478, 2088, 1742, 1673, 
819, 1971, 1151, -1395, -165, 1561, 122, 1239, 1498, 2181, 1854, 1761, 
834, 2093, 1259, -1464, -212, 1676, 14, 1034, 1507, 2269, 1956, 1864, 
800, 2181, 1381, -1490, -290, 1781, -117, 702, 1464, 2283, 2015, 1947, 
761, 2152, 1390, -1456, -314, 1771, -195, 424, 1342, 2171, 1947, 1927, 
727, 2020, 1293, -1373, -283, 1656, -253, 224, 1156, 1976, 1771, 1810, 
707, 1873, 1166, -1290, -229, 1520, -375, -24, 912, 1737, 1561, 1683, 
673, 1712, 1039, -1193, -183, 1376, -527, -302, 590, 1434, 1351, 1571, 
619, 1546, 927, -1083, -153, 1237, -595, -473, 219, 1073, 1088, 1424, 
536, 1371, 834, -954, -148, 1102, -605, -546, -68, 761, 834, 1249, 
439, 1205, 766, -822, -163, 985, -600, -629, -307, 483, 600, 1078, 
356, 1068, 712, -712, -178, 890, -610, -727, -570, 175, 351, 912, 
317, 995, 678, -656, -180, 836, -639, -751, -688, 14, 185, 775, 
292, 990, 697, -641, -202, 844, -619, -673, -605, 63, 165, 727, 
268, 1024, 756, -646, -244, 890, -570, -561, -458, 180, 200, 712, 
253, 1063, 810, -658, -278, 936, -507, -463, -331, 253, 229, 692, 
248, 1102, 854, -675, -302, 978, -463, -370, -219, 331, 263, 692, 
248, 1107, 858, -678, -305, 983, -409, -273, -141, 385, 292, 688, 
248, 1073, 824, -661, -287, 949, -351, -195, -126, 400, 292, 683, 
244, 1039, 795, -641, -275, 917, -287, -122, -102, 409, 302, 673, 
229, 1010, 780, -619, -275, 895, -224, -29, -39, 448, 307, 653, 
224, 980, 756, -602, -265, 868, -156, 48, 19, 488, 317, 639, 
214, 956, 741, -585, -263, 849, -102, 97, 58, 497, 312, 614, 
209, 951, 741, -580, -265, 846, -87, 112, 68, 497, 307, 600, 
200, 941, 741, -570, -270, 841, -78, 112, 78, 497, 287, 585, 
195, 932, 736, -563, -270, 834, -78, 112, 78, 497, 283, 580, 
195, 932, 736, -563, -270, 834, -78, 107, 82, 497, 278, 580, 
195, 932, 736, -563, -270, 834, -78, 102, 87, 502, 278, 580, 
195, 932, 736, -563, -270, 834, -78, 102, 87, 502, 278, 580, 
190, 932, 741, -561, -275, 836, -73, 97, 87, 502, 287, 580, 
185, 927, 741, -556, -278, 834, -73, 102, 87, 492, 278, 580, 
185, 922, 736, -553, -275, 829, -68, 112, 87, 492, 268, 575, 
185, 917, 732, -551, -273, 824, -58, 117, 82, 492, 268, 566, 
185, 922, 736, -553, -275, 829, -43, 131, 82, 488, 268, 561, 
185, 917, 732, -551, -273, 824, -39, 136, 82, 488, 268, 556, 
185, 917, 732, -551, -273, 824, -39, 146, 87, 488, 268, 551, 
180, 917, 736, -549, -278, 827, -39, 146, 87, 492, 268, 551, 
180, 917, 736, -549, -278, 827, -43, 151, 97, 492, 258, 561, 
180, 917, 736, -549, -278, 827, -39, 151, 102, 492, 263, 561, 
180, 917, 736, -549, -278, 827, -39, 151, 102, 492, 263, 561, 
185, 922, 736, -553, -275, 829, -39, 156, 102, 497, 263, 561, 
185, 922, 736, -553, -275, 829, -39, 151, 107, 497, 273, 561, 
180, 922, 741, -551, -280, 832, -29, 156, 107, 497, 273, 561, 
180, 917, 736, -549, -278, 827, -29, 156, 107, 497, 273, 561, 
175, 917, 741, -546, -283, 829, -29, 156, 107, 502, 273, 561, 
175, 927, 751, -551, -287, 839, -19, 165, 102, 512, 273, 551, 
175, 927, 751, -551, -287, 839, -19, 165, 107, 512, 273, 556, 
180, 932, 751, -556, -285, 841, -19, 165, 107, 517, 273, 556, 
180, 932, 751, -556, -285, 841, -19, 165, 107, 517, 273, 556, 
180, 922, 741, -551, -280, 832, -19, 161, 107, 517, 273, 556, 
180, 922, 741, -551, -280, 832, -19, 161, 107, 517, 273, 556, 
180, 922, 741, -551, -280, 832, -14, 165, 107, 517, 278, 556, 
185, 922, 736, -553, -275, 829, -14, 170, 107, 522, 278, 556, 
175, 922, 746, -549, -285, 834, -14, 180, 117, 522, 278, 566, 
175, 922, 746, -549, -285, 834, -14, 180, 117, 522, 283, 566, 
175, 922, 746, -549, -285, 834, -14, 180, 122, 522, 283, 566, 
175, 927, 751, -551, -287, 839, -14, 180, 122, 522, 283, 566, 
180, 932, 751, -556, -285, 841, -14, 185, 122, 522, 287, 570, 
180, 932, 751, -556, -285, 841, -14, 185, 122, 522, 287, 570, 
185, 932, 746, -558, -280, 839, -14, 185, 122, 527, 287, 570, 
185, 936, 751, -561, -283, 844, -14, 185, 122, 531, 287, 570, 
175, 946, 771, -561, -297, 858, -24, 175, 126, 531, 278, 561, 
175, 941, 766, -558, -295, 854, -24, 175, 126, 531, 278, 561, 
175, 941, 766, -558, -295, 854, -24, 175, 126, 531, 283, 566, 
175, 951, 775, -563, -300, 863, -24, 175, 131, 531, 283, 566, 
175, 951, 775, -563, -300, 863, -14, 175, 122, 531, 283, 566, 
175, 951, 775, -563, -300, 863, -14, 175, 122, 536, 283, 570, 
175, 951, 775, -563, -300, 863, -14, 180, 122, 536, 287, 570, 
175, 951, 775, -563, -300, 863, -14, 180, 122, 531, 287, 570, 
185, 941, 756, -563, -285, 849, -14, 190, 131, 541, 297, 580, 
185, 941, 756, -563, -285, 849, -14, 190, 136, 546, 297, 585, 
185, 946, 761, -566, -287, 854, -14, 190, 136, 546, 302, 585, 
185, 946, 761, -566, -287, 854, -14, 190, 136, 551, 302, 590, 
185, 956, 771, -570, -292, 863, -14, 180, 141, 541, 302, 590, 
185, 956, 771, -570, -292, 863, -14, 185, 146, 546, 307, 590, 
185, 956, 771, -570, -292, 863, -14, 190, 146, 546, 307, 590, 
190, 961, 771, -575, -290, 866, -14, 190, 151, 546, 307, 595, 
200, 956, 756, -578, -278, 856, -14, 190, 151, 566, 302, 585, 
200, 956, 756, -578, -278, 856, -14, 190, 156, 566, 302, 585, 
200, 956, 756, -578, -278, 856, -14, 195, 156, 566, 307, 585, 
204, 956, 751, -580, -273, 854, -14, 195, 156, 566, 307, 590, 
204, 956, 751, -580, -273, 854, -24, 195, 156, 570, 307, 590, 
204, 961, 756, -583, -275, 858, -24, 195, 161, 570, 317, 595, 
204, 961, 756, -583, -275, 858, -24, 200, 165, 575, 322, 605, 
204, 966, 761, -585, -278, 863, -24, 200, 165, 575, 322, 605, 
195, 976, 780, -585, -292, 878, -24, 209, 170, 580, 322, 605, 
195, 976, 780, -585, -292, 878, -24, 209, 170, 585, 326, 605, 
195, 976, 780, -585, -292, 878, -24, 214, 170, 590, 326, 605, 
200, 980, 780, -590, -290, 880, -24, 214, 175, 595, 326, 605, 
190, 985, 795, -588, -302, 890, -24, 209, 175, 590, 331, 610, 
195, 985, 790, -590, -297, 888, -24, 209, 175, 590, 331, 614, 
195, 985, 790, -590, -297, 888, -24, 214, 175, 590, 341, 614, 
200, 985, 785, -592, -292, 885, -24, 214, 185, 590, 341, 614, 
209, 980, 771, -595, -280, 875, -24, 214, 190, 590, 346, 619, 
209, 985, 775, -597, -283, 880, -24, 214, 190, 600, 351, 629, 
209, 990, 780, -600, -285, 885, -24, 219, 195, 605, 351, 634, 
209, 995, 785, -602, -287, 890, -24, 224, 195, 610, 356, 634, 
204, 1000, 795, -602, -295, 897, -29, 229, 195, 610, 361, 639, 
209, 1005, 795, -607, -292, 900, -29, 229, 204, 614, 361, 644, 
209, 1005, 795, -607, -292, 900, -29, 229, 209, 614, 366, 644, 
209, 1010, 800, -610, -295, 905, -29, 229, 209, 619, 370, 644, 
209, 1015, 805, -612, -297, 910, -29, 229, 209, 634, 375, 649, 
219, 1019, 800, -619, -290, 910, -34, 234, 209, 634, 380, 649, 
219, 1024, 805, -622, -292, 915, -39, 239, 214, 639, 385, 658, 
219, 1024, 805, -622, -292, 915, -39, 239, 219, 644, 385, 663, 
219, 1039, 819, -629, -300, 929, -43, 253, 224, 649, 400, 668, 
219, 1044, 824, -631, -302, 934, -43, 253, 229, 653, 405, 668, 
229, 1049, 819, -639, -295, 934, -43, 258, 229, 658, 414, 673, 
229, 1054, 824, -641, -297, 939, -43, 258, 234, 663, 419, 678, 
229, 1058, 829, -644, -300, 944, -48, 248, 239, 658, 419, 688, 
234, 1063, 829, -649, -297, 946, -53, 258, 244, 663, 429, 692, 
239, 1068, 829, -653, -295, 949, -53, 263, 244, 673, 429, 697, 
239, 1073, 834, -656, -297, 954, -53, 268, 244, 678, 439, 702, 
239, 1078, 839, -658, -300, 958, -48, 268, 248, 697, 439, 697, 
244, 1083, 839, -663, -297, 961, -48, 273, 253, 702, 444, 702, 
244, 1093, 849, -668, -302, 971, -58, 278, 253, 707, 444, 712, 
253, 1093, 839, -673, -292, 966, -58, 278, 263, 712, 453, 722, 
248, 1107, 858, -678, -305, 983, -63, 278, 278, 722, 458, 722, 
248, 1107, 858, -678, -305, 983, -63, 283, 283, 727, 468, 732, 
248, 1112, 863, -680, -307, 988, -63, 287, 283, 736, 478, 736, 
258, 1117, 858, -688, -300, 988, -63, 287, 283, 736, 483, 736, 
268, 1117, 849, -692, -290, 983, -78, 287, 278, 736, 483, 736, 
268, 1122, 854, -695, -292, 988, -82, 292, 283, 736, 492, 741, 
278, 1127, 849, -702, -285, 988, -82, 292, 287, 741, 502, 751, 
278, 1132, 854, -705, -287, 993, -82, 292, 287, 746, 502, 751, 
283, 1141, 858, -712, -287, 1000, -92, 292, 297, 756, 497, 756, 
287, 1146, 858, -717, -285, 1002, -97, 292, 302, 761, 497, 756, 
287, 1156, 868, -722, -290, 1012, -97, 297, 302, 766, 502, 761, 
287, 1156, 868, -722, -290, 1012, -102, 297, 302, 771, 507, 766, 
287, 1161, 873, -724, -292, 1017, -102, 307, 307, 775, 522, 780, 
292, 1166, 873, -729, -290, 1019, -102, 307, 307, 780, 527, 780, 
292, 1171, 878, -732, -292, 1024, -102, 312, 307, 785, 527, 785, 
292, 1171, 878, -732, -292, 1024, -102, 312, 307, 785, 527, 785, 
292, 1171, 878, -732, -292, 1024, -107, 302, 307, 780, 522, 785, 
292, 1176, 883, -734, -295, 1029, -107, 302, 307, 780, 522, 790, 
292, 1180, 888, -736, -297, 1034, -107, 302, 307, 775, 522, 790, 
292, 1180, 888, -736, -297, 1034, -112, 302, 307, 775, 522, 790, 
302, 1171, 868, -736, -283, 1019, -112, 292, 307, 790, 522, 780, 
302, 1171, 868, -736, -283, 1019, -117, 292, 307, 790, 527, 785, 
302, 1171, 868, -736, -283, 1019, -117, 287, 307, 790, 527, 785, 
302, 1171, 868, -736, -283, 1019, -122, 287, 307, 795, 527, 785, 
302, 1180, 878, -741, -287, 1029, -122, 297, 307, 790, 536, 795, 
302, 1180, 878, -741, -287, 1029, -122, 292, 307, 790, 536, 795, 
302, 1180, 878, -741, -287, 1029, -122, 283, 307, 785, 536, 795, 
302, 1176, 873, -739, -285, 1024, -122, 283, 307, 785, 536, 795, 
292, 1176, 883, -734, -295, 1029, -126, 283, 307, 795, 536, 795, 
292, 1176, 883, -734, -295, 1029, -126, 283, 307, 795, 536, 795, 
292, 1171, 878, -732, -292, 1024, -126, 278, 307, 795, 536, 795, 
292, 1171, 878, -732, -292, 1024, -126, 278, 307, 795, 536, 795, 
302, 1171, 868, -736, -283, 1019, -131, 278, 297, 780, 536, 785, 
302, 1176, 873, -739, -285, 1024, -131, 273, 297, 780, 536, 785, 
297, 1176, 878, -736, -290, 1027, -131, 268, 297, 780, 531, 780, 
297, 1176, 878, -736, -290, 1027, -131, 268, 297, 780, 531, 780, 
297, 1166, 868, -732, -285, 1017, -131, 258, 302, 780, 531, 790, 
297, 1166, 868, -732, -285, 1017, -131, 258, 302, 780, 531, 790, 
297, 1161, 863, -729, -283, 1012, -131, 258, 297, 775, 531, 790, 
297, 1156, 858, -727, -280, 1007, -126, 258, 297, 775, 531, 790, 
292, 1166, 873, -729, -290, 1019, -126, 253, 307, 780, 527, 790, 
287, 1161, 873, -724, -292, 1017, -126, 248, 302, 775, 517, 780, 
287, 1161, 873, -724, -292, 1017, -126, 248, 302, 775, 522, 780, 
283, 1151, 868, -717, -292, 1010, -126, 248, 302, 766, 517, 775, 
283, 1151, 868, -717, -292, 1010, -117, 248, 297, 775, 517, 775, 
278, 1146, 868, -712, -295, 1007, -112, 248, 297, 766, 512, 771, 
278, 1141, 863, -710, -292, 1002, -107, 248, 292, 761, 507, 766, 
273, 1137, 863, -705, -295, 1000, -102, 244, 287, 756, 502, 761, 
268, 1132, 863, -700, -297, 997, -102, 244, 292, 756, 497, 756, 
263, 1122, 858, -692, -297, 990, -102, 234, 292, 751, 492, 751, 
263, 1117, 854, -690, -295, 985, -102, 234, 292, 741, 488, 741, 
263, 1112, 849, -688, -292, 980, -102, 229, 283, 736, 483, 736, 
263, 1107, 844, -685, -290, 976, -92, 234, 292, 736, 478, 741, 
253, 1102, 849, -678, -297, 976, -92, 234, 287, 727, 468, 736, 
248, 1093, 844, -671, -297, 968, -92, 234, 283, 722, 463, 727, 
244, 1093, 849, -668, -302, 971, -82, 234, 278, 717, 453, 722, 
244, 1073, 829, -658, -292, 951, -78, 224, 278, 702, 444, 707, 
239, 1063, 824, -651, -292, 944, -73, 224, 273, 697, 439, 707, 
234, 1058, 824, -646, -295, 941, -68, 219, 273, 692, 434, 697, 
229, 1054, 824, -641, -297, 939, -68, 219, 268, 688, 419, 697, 
234, 1058, 824, -646, -295, 941, -58, 224, 263, 692, 419, 692, 
229, 1049, 819, -639, -295, 934, -53, 219, 253, 688, 414, 683, 
224, 1044, 819, -634, -297, 932, -53, 214, 253, 678, 409, 678, 
224, 1039, 814, -631, -295, 927, -48, 214, 248, 673, 405, 678, 
224, 1029, 805, -627, -290, 917, -48, 200, 248, 658, 390, 668, 
224, 1024, 800, -624, -287, 912, -48, 200, 244, 658, 390, 658, 
224, 1015, 790, -619, -283, 902, -48, 200, 239, 653, 380, 653, 
219, 1015, 795, -617, -287, 905, -48, 190, 234, 644, 375, 653, 
209, 1005, 795, -607, -292, 900, -48, 185, 229, 634, 370, 649, 
209, 1000, 790, -605, -290, 895, -43, 185, 224, 629, 361, 649, 
204, 1000, 795, -602, -295, 897, -43, 180, 219, 624, 356, 644, 
200, 1000, 800, -600, -300, 900, -43, 180, 214, 619, 351, 639, 
200, 985, 785, -592, -292, 885, -34, 180, 214, 614, 356, 634, 
195, 980, 785, -588, -295, 883, -34, 180, 214, 610, 351, 634, 
190, 976, 785, -583, -297, 880, -34, 175, 214, 610, 351, 629, 
190, 976, 785, -583, -297, 880, -34, 175, 214, 605, 346, 629, 
200, 976, 775, -588, -287, 875, -34, 175, 214, 605, 341, 624, 
200, 971, 771, -585, -285, 871, -34, 175, 214, 600, 336, 619, 
200, 966, 766, -583, -283, 866, -29, 175, 209, 600, 336, 619, 
200, 966, 766, -583, -283, 866, -29, 175, 209, 600, 336, 619, 
190, 966, 775, -578, -292, 871, -29, 175, 209, 595, 336, 610, 
190, 966, 775, -578, -292, 871, -29, 175, 209, 595, 336, 610, 
190, 966, 775, -578, -292, 871, -29, 170, 209, 595, 336, 610, 
195, 961, 766, -578, -285, 863, -29, 170, 209, 595, 336, 610, 
195, 961, 766, -578, -285, 863, -29, 175, 204, 590, 326, 610, 
195, 961, 766, -578, -285, 863, -29, 175, 204, 590, 326, 610, 
195, 961, 766, -578, -285, 863, -24, 175, 209, 590, 326, 605, 
195, 956, 761, -575, -283, 858, -24, 175, 209, 590, 326, 600, 
195, 966, 771, -580, -287, 868, -24, 175, 209, 585, 317, 600, 
195, 966, 771, -580, -287, 868, -24, 175, 209, 585, 317, 605, 
195, 966, 771, -580, -287, 868, -24, 175, 209, 585, 317, 605, 
195, 966, 771, -580, -287, 868, -24, 175, 209, 585, 317, 605, 
185, 961, 775, -573, -295, 868, -24, 180, 209, 585, 317, 605, 
185, 961, 775, -573, -295, 868, -24, 180, 209, 585, 317, 610, 
185, 966, 780, -575, -297, 873, -24, 180, 209, 590, 317, 614, 
185, 966, 780, -575, -297, 873, -24, 180, 209, 590, 322, 614, 
185, 966, 780, -575, -297, 873, -24, 180, 204, 590, 331, 614, 
185, 966, 780, -575, -297, 873, -24, 180, 204, 590, 331, 614, 
185, 971, 785, -578, -300, 878, -29, 180, 209, 590, 331, 614, 
185, 971, 785, -578, -300, 878, -29, 180, 209, 590, 331, 614, 
190, 971, 780, -580, -295, 875, -29, 190, 209, 600, 331, 614, 
190, 971, 780, -580, -295, 875, -29, 190, 209, 600, 331, 614, 
195, 971, 775, -583, -290, 873, -34, 190, 209, 600, 331, 614, 
195, 971, 775, -583, -290, 873, -34, 190, 209, 600, 331, 614, 
204, 971, 766, -588, -280, 868, -34, 180, 209, 600, 331, 614, 
204, 976, 771, -590, -283, 873, -34, 180, 209, 605, 331, 614, 
204, 976, 771, -590, -283, 873, -34, 180, 209, 605, 336, 614, 
204, 976, 771, -590, -283, 873, -34, 180, 209, 605, 336, 614, 
195, 966, 771, -580, -287, 868, -34, 190, 209, 605, 331, 614, 
195, 966, 771, -580, -287, 868, -34, 190, 209, 605, 331, 619, 
195, 971, 775, -583, -290, 873, -34, 190, 209, 605, 331, 619, 
195, 971, 775, -583, -290, 873, -34, 190, 209, 605, 331, 619, 
195, 976, 780, -585, -292, 878, -34, 190, 200, 614, 341, 629, 
195, 976, 780, -585, -292, 878, -34, 190, 200, 614, 341, 629, 
195, 980, 785, -588, -295, 883, -34, 190, 200, 619, 351, 629, 
195, 980, 785, -588, -295, 883, -34, 190, 200, 619, 351, 629, 
200, 976, 775, -588, -287, 875, -34, 190, 200, 619, 346, 629, 
200, 976, 775, -588, -287, 875, -34, 190, 200, 619, 346, 629, 
200, 976, 775, -588, -287, 875, -34, 190, 200, 619, 346, 629, 
195, 976, 780, -585, -292, 878, -34, 190, 200, 619, 346, 629, 
204, 985, 780, -595, -287, 883, -34, 190, 200, 629, 356, 624, 
209, 985, 775, -597, -283, 880, -34, 190, 200, 629, 351, 624, 
209, 985, 775, -597, -283, 880, -34, 190, 200, 629, 351, 624, 
209, 985, 775, -597, -283, 880, -34, 190, 200, 629, 356, 624, 
209, 985, 775, -597, -283, 880, -34, 190, 200, 624, 356, 634, 
209, 985, 775, -597, -283, 880, -34, 190, 200, 624, 356, 634, 
214, 985, 771, -600, -278, 878, -34, 190, 200, 624, 356, 634, 
219, 985, 766, -602, -273, 875, -34, 190, 200, 624, 356, 634, 
219, 976, 756, -597, -268, 866, -34, 190, 200, 624, 356, 634, 
219, 976, 756, -597, -268, 866, -34, 190, 195, 624, 356, 634, 
214, 976, 761, -595, -273, 868, -34, 190, 195, 619, 356, 634, 
214, 976, 761, -595, -273, 868, -34, 190, 195, 619, 356, 629, 
204, 976, 771, -590, -283, 873, -34, 190, 185, 619, 356, 639, 
204, 976, 771, -590, -283, 873, -34, 190, 185, 619, 356, 639, 
204, 971, 766, -588, -280, 868, -34, 190, 185, 619, 356, 639, 
204, 971, 766, -588, -280, 868, -34, 190, 180, 619, 351, 639, 
209, 976, 766, -592, -278, 871, -34, 180, 185, 610, 351, 639, 
214, 976, 761, -595, -273, 868, -34, 180, 185, 610, 351, 639, 
219, 976, 756, -597, -268, 866, -34, 180, 185, 610, 351, 639, 
224, 976, 751, -600, -263, 863, -34, 180, 185, 610, 351, 639, 
224, 976, 751, -600, -263, 863, -34, 180, 185, 605, 341, 629, 
224, 971, 746, -597, -261, 858, -34, 180, 185, 605, 336, 629, 
224, 971, 746, -597, -261, 858, -34, 175, 180, 605, 336, 629, 
224, 971, 746, -597, -261, 858, -34, 175, 180, 605, 336, 629, 
219, 980, 761, -600, -270, 871, -34, 180, 180, 605, 336, 629, 
214, 976, 761, -595, -273, 868, -34, 180, 180, 605, 336, 624, 
209, 976, 766, -592, -278, 871, -34, 180, 175, 605, 336, 624, 
204, 976, 771, -590, -283, 873, -34, 180, 175, 605, 336, 624, 
204, 976, 771, -590, -283, 873, -24, 175, 165, 610, 331, 624, 
204, 976, 771, -590, -283, 873, -24, 175, 165, 605, 331, 624, 
204, 976, 771, -590, -283, 873, -24, 175, 165, 605, 331, 624, 
204, 971, 766, -588, -280, 868, -24, 175, 161, 605, 331, 619, 
214, 961, 746, -588, -265, 854, -34, 175, 161, 595, 326, 614, 
214, 961, 746, -588, -265, 854, -34, 175, 161, 595, 322, 614, 
214, 961, 746, -588, -265, 854, -34, 175, 156, 590, 322, 614, 
214, 961, 746, -588, -265, 854, -34, 175, 156, 585, 322, 614, 
204, 961, 756, -583, -275, 858, -34, 175, 156, 585, 322, 624, 
204, 961, 756, -583, -275, 858, -34, 175, 156, 585, 322, 619, 
204, 961, 756, -583, -275, 858, -34, 175, 156, 585, 322, 619, 
209, 956, 746, -583, -268, 851, -34, 175, 156, 585, 317, 619, 
209, 951, 741, -580, -265, 846, -29, 175, 151, 585, 317, 619, 
209, 951, 741, -580, -265, 846, -29, 175, 151, 585, 317, 619, 
209, 951, 741, -580, -265, 846, -29, 175, 151, 585, 317, 619, 
209, 951, 741, -580, -265, 846, -29, 175, 146, 585, 317, 619, 
209, 951, 741, -580, -265, 846, -29, 175, 156, 585, 312, 605, 
209, 946, 736, -578, -263, 841, -29, 175, 151, 580, 312, 605, 
209, 946, 736, -578, -263, 841, -34, 175, 151, 580, 312, 610, 
209, 946, 736, -578, -263, 841, -34, 170, 151, 585, 312, 610, 
209, 946, 736, -578, -263, 841, -24, 170, 141, 585, 302, 600, 
209, 941, 732, -575, -261, 836, -24, 170, 141, 580, 302, 600, 
204, 941, 736, -573, -265, 839, -29, 161, 141, 575, 302, 600, 
204, 936, 732, -570, -263, 834, -29, 161, 141, 570, 307, 595, 
204, 941, 736, -573, -265, 839, -29, 156, 141, 570, 317, 595, 
209, 941, 732, -575, -261, 836, -29, 156, 141, 570, 312, 595, 
209, 941, 732, -575, -261, 836, -29, 156, 141, 570, 307, 595, 
209, 941, 732, -575, -261, 836, -29, 156, 136, 570, 307, 595, 
200, 932, 732, -566, -265, 832, -29, 156, 136, 575, 297, 595, 
200, 932, 732, -566, -265, 832, -29, 156, 136, 575, 297, 595, 
195, 927, 732, -561, -268, 829, -29, 156, 136, 575, 297, 595, 
195, 927, 732, -561, -268, 829, -29, 156, 131, 575, 292, 595, 
195, 936, 741, -566, -273, 839, -29, 156, 131, 575, 292, 595, 
195, 932, 736, -563, -270, 834, -29, 156, 131, 575, 292, 590, 
195, 932, 736, -563, -270, 834, -24, 156, 126, 570, 292, 590, 
190, 932, 741, -561, -275, 836, -24, 156, 126, 570, 297, 590, 
200, 922, 722, -561, -261, 822, -24, 156, 122, 561, 297, 595, 
200, 922, 722, -561, -261, 822, -24, 156, 122, 561, 297, 595, 
200, 927, 727, -563, -263, 827, -24, 156, 122, 566, 292, 590, 
200, 927, 727, -563, -263, 827, -24, 151, 122, 566, 292, 590, 
190, 912, 722, -551, -265, 817, -34, 161, 122, 561, 302, 585, 
190, 912, 722, -551, -265, 817, -34, 161, 117, 561, 302, 585, 
190, 912, 722, -551, -265, 817, -34, 161, 117, 566, 297, 585, 
190, 912, 722, -551, -265, 817, -34, 161, 117, 566, 297, 590, 
190, 912, 722, -551, -265, 817, -34, 156, 117, 561, 287, 590, 
190, 912, 722, -551, -265, 817, -34, 156, 117, 561, 292, 590, 
190, 912, 722, -551, -265, 817, -34, 156, 117, 561, 292, 590, 
195, 912, 717, -553, -261, 814, -34, 156, 117, 561, 292, 590, 
195, 912, 717, -553, -261, 814, -34, 156, 117, 561, 287, 590, 
195, 912, 717, -553, -261, 814, -34, 156, 117, 561, 287, 590, 
195, 912, 717, -553, -261, 814, -34, 156, 117, 561, 278, 585, 
190, 912, 722, -551, -265, 817, -34, 156, 117, 561, 278, 585, 
190, 917, 727, -553, -268, 822, -34, 161, 117, 561, 287, 585, 
190, 917, 727, -553, -268, 822, -34, 161, 117, 561, 287, 585, 
190, 917, 727, -553, -268, 822, -34, 156, 117, 561, 287, 585, 
195, 917, 722, -556, -263, 819, -34, 156, 117, 561, 287, 585, 
185, 907, 722, -546, -268, 814, -24, 165, 117, 561, 283, 585, 
185, 907, 722, -546, -268, 814, -24, 165, 117, 561, 283, 585, 
185, 907, 722, -546, -268, 814, -24, 165, 112, 561, 283, 585, 
190, 907, 717, -549, -263, 812, -24, 165, 112, 556, 283, 585, 
190, 907, 717, -549, -263, 812, -34, 165, 122, 556, 283, 575, 
190, 912, 722, -551, -265, 817, -34, 165, 122, 556, 287, 575, 
190, 912, 722, -551, -265, 817, -34, 165, 122, 556, 287, 575, 
190, 907, 717, -549, -263, 812, -34, 165, 122, 556, 287, 575, 
200, 907, 707, -553, -253, 807, -34, 165, 122, 556, 287, 575, 
200, 907, 707, -553, -253, 807, -34, 165, 122, 556, 287, 575, 
200, 907, 707, -553, -253, 807, -34, 165, 122, 556, 283, 575, 
200, 907, 707, -553, -253, 807, -34, 165, 122, 556, 283, 575, 
200, 907, 707, -553, -253, 807, -34, 156, 122, 556, 283, 575, 
200, 912, 712, -556, -256, 812, -34, 161, 122, 556, 283, 575, 
200, 912, 712, -556, -256, 812, -34, 161, 122, 556, 283, 575, 
200, 912, 712, -556, -256, 812, -34, 156, 122, 556, 283, 575, 
200, 912, 712, -556, -256, 812, -24, 156, 122, 561, 283, 575, 
200, 907, 707, -553, -253, 807, -24, 156, 122, 561, 283, 575, 
200, 907, 707, -553, -253, 807, -24, 161, 122, 566, 287, 575, 
200, 912, 712, -556, -256, 812, -24, 161, 122, 566, 287, 575, 
209, 912, 702, -561, -246, 807, -24, 156, 126, 566, 283, 585, 
209, 912, 702, -561, -246, 807, -24, 156, 126, 566, 283, 585, 
209, 912, 702, -561, -246, 807, -24, 156, 131, 566, 283, 585, 
209, 912, 702, -561, -246, 807, -24, 156, 131, 566, 283, 580, 
209, 912, 702, -561, -246, 807, -24, 161, 122, 556, 283, 580, 
209, 912, 702, -561, -246, 807, -24, 161, 122, 556, 283, 580, 
209, 912, 702, -561, -246, 807, -24, 156, 122, 556, 283, 580, 
209, 912, 702, -561, -246, 807, -24, 156, 122, 556, 283, 580, 
209, 922, 712, -566, -251, 817, -34, 146, 122, 556, 283, 590, 
209, 922, 712, -566, -251, 817, -34, 151, 122, 551, 283, 590, 
209, 922, 712, -566, -251, 817, -34, 151, 122, 551, 283, 590, 
209, 922, 712, -566, -251, 817, -34, 151, 122, 551, 283, 590, 
209, 917, 707, -563, -248, 812, -34, 151, 122, 551, 273, 585, 
209, 917, 707, -563, -248, 812, -34, 151, 117, 551, 273, 585, 
209, 922, 712, -566, -251, 817, -34, 151, 117, 556, 273, 585, 
209, 922, 712, -566, -251, 817, -34, 151, 117, 556, 273, 585, 
209, 922, 712, -566, -251, 817, -24, 151, 117, 556, 278, 585, 
214, 927, 712, -570, -248, 819, -29, 146, 117, 556, 283, 585, 
214, 927, 712, -570, -248, 819, -29, 146, 117, 556, 283, 585, 
214, 927, 712, -570, -248, 819, -29, 146, 117, 556, 283, 585, 
214, 927, 712, -570, -248, 819, -29, 146, 117, 556, 283, 585, 
214, 927, 712, -570, -248, 819, -29, 146, 117, 556, 283, 585, 
214, 917, 702, -566, -244, 810, -29, 156, 117, 556, 283, 585, 
214, 917, 702, -566, -244, 810, -29, 156, 117, 556, 283, 585, 
214, 917, 702, -566, -244, 810, -29, 156, 117, 556, 283, 585, 
214, 917, 702, -566, -244, 810, -29, 156, 117, 556, 283, 585, 
214, 917, 702, -566, -244, 810, -19, 146, 117, 566, 283, 585, 
214, 917, 702, -566, -244, 810, -19, 146, 117, 566, 283, 585, 
214, 917, 702, -566, -244, 810, -19, 146, 117, 566, 283, 585, 
214, 917, 702, -566, -244, 810, -19, 146, 117, 566, 283, 585, 
214, 907, 692, -561, -239, 800, -19, 156, 117, 566, 273, 575, 
214, 907, 692, -561, -239, 800, -19, 156, 117, 566, 273, 575, 
214, 907, 692, -561, -239, 800, -19, 156, 117, 566, 273, 575, 
214, 907, 692, -561, -239, 800, -19, 156, 117, 566, 273, 575, 
214, 917, 702, -566, -244, 810, -19, 156, 117, 556, 283, 585, 
214, 917, 702, -566, -244, 810, -19, 156, 117, 556, 283, 585, 
214, 917, 702, -566, -244, 810, -19, 156, 117, 556, 283, 585, 
214, 917, 702, -566, -244, 810, -19, 156, 117, 556, 283, 585, 
224, 917, 692, -570, -234, 805, -29, 156, 107, 556, 283, 585, 
224, 917, 692, -570, -234, 805, -29, 156, 107, 556, 283, 585, 
224, 917, 692, -570, -234, 805, -29, 156, 107, 556, 283, 585, 
224, 917, 692, -570, -234, 805, -29, 156, 107, 556, 283, 585, 
214, 907, 692, -561, -239, 800, -19, 156, 107, 556, 283, 585, 
214, 907, 692, -561, -239, 800, -19, 156, 107, 556, 283, 585, 
214, 907, 692, -561, -239, 800, -19, 156, 107, 556, 283, 585, 
214, 907, 692, -561, -239, 800, -19, 156, 107, 556, 283, 585, 
214, 917, 702, -566, -244, 810, -19, 156, 107, 556, 283, 585, 
214, 917, 702, -566, -244, 810, -19, 156, 107, 556, 283, 585, 
214, 917, 702, -566, -244, 810, -19, 156, 107, 556, 283, 585, 
214, 917, 702, -566, -244, 810, -19, 156, 107, 556, 283, 585, 
219, 927, 707, -573, -244, 817, -19, 146, 97, 556, 273, 585, 
224, 927, 702, -575, -239, 814, -19, 146, 97, 556, 273, 585, 
229, 927, 697, -578, -234, 812, -19, 146, 97, 556, 273, 585, 
234, 927, 692, -580, -229, 810, -19, 146, 97, 556, 273, 585, 
229, 927, 697, -578, -234, 812, -19, 156, 107, 566, 283, 585, 
224, 927, 702, -575, -239, 814, -19, 156, 107, 566, 283, 585, 
219, 927, 707, -573, -244, 817, -19, 156, 107, 566, 283, 585, 
214, 927, 712, -570, -248, 819, -19, 156, 107, 566, 283, 585, 
224, 927, 702, -575, -239, 814, -29, 146, 107, 556, 283, 575, 
224, 927, 702, -575, -239, 814, -29, 146, 107, 556, 283, 575, 
224, 927, 702, -575, -239, 814, -29, 146, 107, 556, 283, 575, 
224, 927, 702, -575, -239, 814, -29, 146, 107, 556, 283, 575, 
214, 927, 712, -570, -248, 819, -29, 146, 107, 566, 283, 585, 
214, 927, 712, -570, -248, 819, -29, 146, 107, 566, 283, 585, 
214, 927, 712, -570, -248, 819, -29, 146, 107, 566, 283, 585, 
214, 927, 712, -570, -248, 819, -29, 146, 107, 566, 283, 585, 
224, 927, 702, -575, -239, 814, -29, 146, 107, 566, 273, 585, 
224, 927, 702, -575, -239, 814, -29, 146, 107, 566, 273, 585, 
224, 927, 702, -575, -239, 814, -29, 146, 107, 566, 273, 585, 
224, 927, 702, -575, -239, 814, -29, 146, 107, 566, 273, 585, 
224, 932, 707, -578, -241, 819, -29, 146, 107, 566, 273, 585, 
224, 932, 707, -578, -241, 819, -29, 146, 107, 566, 273, 585, 
224, 932, 707, -578, -241, 819, -29, 146, 107, 566, 273, 585, 
224, 932, 707, -578, -241, 819, -29, 146, 107, 566, 273, 585, 
224, 932, 707, -578, -241, 819, -19, 146, 107, 566, 283, 585, 
224, 932, 707, -578, -241, 819, -19, 146, 107, 566, 283, 585, 
224, 932, 707, -578, -241, 819, -19, 146, 107, 566, 283, 585, 
224, 932, 707, -578, -241, 819, -19, 146, 107, 566, 283, 585, 
224, 932, 707, -578, -241, 819, -19, 146, 107, 556, 283, 585, 
224, 932, 707, -578, -241, 819, -19, 146, 107, 561, 283, 585, 
224, 932, 707, -578, -241, 819, -19, 146, 107, 561, 283, 585, 
224, 932, 707, -578, -241, 819, -19, 146, 107, 561, 283, 585, 
234, 932, 697, -583, -231, 814, -19, 156, 107, 551, 273, 585, 
234, 932, 697, -583, -231, 814, -19, 156, 107, 551, 273, 585, 
239, 932, 692, -585, -226, 812, -19, 156, 107, 551, 273, 585, 
239, 932, 692, -585, -226, 812, -19, 156, 107, 551, 273, 585, 
239, 946, 707, -592, -234, 827, -19, 156, 122, 561, 283, 585, 
239, 961, 722, -600, -241, 841, -19, 161, 126, 566, 287, 585, 
239, 966, 727, -602, -244, 846, -14, 170, 131, 570, 297, 590, 
239, 971, 732, -605, -246, 851, -14, 170, 141, 575, 302, 590, 
244, 980, 736, -612, -246, 858, -9, 180, 136, 580, 307, 595, 
248, 985, 736, -617, -244, 861, -4, 180, 141, 590, 307, 595, 
253, 995, 741, -624, -244, 868, 0, 190, 146, 595, 307, 600, 
253, 1000, 746, -627, -246, 873, 0, 190, 151, 600, 317, 600, 
253, 1000, 746, -627, -246, 873, 0, 190, 161, 614, 322, 619, 
258, 1005, 746, -631, -244, 875, 0, 195, 170, 614, 326, 624, 
258, 1010, 751, -634, -246, 880, 0, 195, 170, 619, 331, 624, 
258, 1015, 756, -636, -248, 885, -4, 195, 185, 624, 331, 624, 
263, 1015, 751, -639, -244, 883, -14, 190, 175, 624, 331, 624, 
268, 1019, 751, -644, -241, 885, -24, 190, 175, 624, 331, 629, 
268, 1024, 756, -646, -244, 890, -29, 185, 175, 624, 331, 629, 
263, 1024, 761, -644, -248, 893, -39, 180, 170, 624, 331, 629, 
263, 1015, 751, -639, -244, 883, -34, 175, 170, 614, 331, 629, 
268, 1015, 746, -641, -239, 880, -39, 175, 170, 614, 331, 629, 
268, 1015, 746, -641, -239, 880, -48, 165, 170, 614, 331, 629, 
268, 1015, 746, -641, -239, 880, -53, 165, 165, 610, 331, 624, 
268, 1000, 732, -634, -231, 866, -68, 146, 151, 610, 326, 624, 
268, 1000, 732, -634, -231, 866, -68, 141, 146, 610, 326, 624, 
273, 1000, 727, -636, -226, 863, -68, 141, 136, 605, 326, 624, 
278, 1000, 722, -639, -222, 861, -68, 136, 131, 600, 322, 624, 
287, 995, 707, -641, -209, 851, -82, 131, 126, 595, 322, 624, 
292, 1000, 707, -646, -207, 854, -87, 131, 122, 590, 322, 624, 
292, 1005, 712, -649, -209, 858, -87, 131, 122, 590, 322, 624, 
292, 1010, 717, -651, -212, 863, -92, 131, 117, 590, 322, 624, 
287, 1000, 712, -644, -212, 856, -82, 131, 112, 580, 307, 614, 
287, 1000, 712, -644, -212, 856, -92, 122, 102, 570, 302, 614, 
287, 1005, 717, -646, -214, 861, -92, 122, 102, 570, 302, 614, 
292, 1005, 712, -649, -209, 858, -92, 122, 102, 570, 307, 614, 
307, 1010, 702, -658, -197, 856, -92, 122, 102, 585, 317, 624, 
312, 1015, 702, -663, -195, 858, -97, 122, 92, 585, 322, 634, 
317, 1019, 702, -668, -192, 861, -97, 112, 92, 580, 322, 639, 
322, 1024, 702, -673, -190, 863, -97, 112, 92, 580, 322, 639, 
317, 1024, 707, -671, -195, 866, -97, 122, 92, 585, 322, 629, 
317, 1029, 712, -673, -197, 871, -97, 126, 97, 585, 322, 629, 
317, 1029, 712, -673, -197, 871, -97, 126, 97, 585, 322, 629, 
307, 1024, 717, -666, -204, 871, -97, 131, 102, 585, 326, 629, 
307, 1029, 722, -668, -207, 875, -82, 131, 102, 585, 326, 629, 
302, 1029, 727, -666, -212, 878, -82, 136, 102, 585, 322, 624, 
297, 1029, 732, -663, -217, 880, -68, 136, 102, 590, 322, 624, 
287, 1015, 727, -651, -219, 871, -68, 136, 102, 590, 322, 624, 
287, 1005, 717, -646, -214, 861, -58, 136, 102, 575, 312, 624, 
283, 995, 712, -639, -214, 854, -58, 141, 102, 575, 307, 619, 
278, 990, 712, -634, -217, 851, -53, 141, 102, 575, 307, 619, 
273, 985, 712, -629, -219, 849, -48, 141, 97, 570, 297, 614, 
268, 976, 707, -622, -219, 841, -43, 146, 97, 580, 307, 610, 
268, 966, 697, -617, -214, 832, -39, 146, 92, 575, 297, 605, 
258, 956, 697, -607, -219, 827, -34, 146, 92, 566, 292, 590, 
253, 946, 692, -600, -219, 819, -29, 146, 82, 561, 287, 580, 
253, 936, 683, -595, -214, 810, -34, 146, 78, 551, 263, 566, 
248, 927, 678, -588, -214, 802, -29, 141, 73, 546, 253, 556, 
234, 917, 683, -575, -224, 800, -24, 141, 68, 541, 253, 556, 
229, 907, 678, -568, -224, 793, -19, 141, 63, 541, 253, 556, 
234, 902, 668, -568, -217, 785, -9, 131, 58, 536, 253, 556, 
234, 902, 668, -568, -217, 785, -14, 131, 58, 531, 248, 551, 
234, 902, 668, -568, -217, 785, -19, 131, 58, 527, 244, 551, 
234, 902, 668, -568, -217, 785, -19, 126, 58, 527, 244, 551, 
234, 902, 668, -568, -217, 785, -24, 136, 58, 527, 253, 551, 
234, 902, 668, -568, -217, 785, -24, 136, 58, 527, 253, 551, 
234, 907, 673, -570, -219, 790, -24, 141, 58, 531, 253, 551, 
234, 907, 673, -570, -219, 790, -24, 141, 58, 531, 253, 556, 
239, 917, 678, -578, -219, 797, -24, 141, 58, 531, 258, 556, 
239, 917, 678, -578, -219, 797, -24, 141, 58, 536, 258, 556, 
239, 917, 678, -578, -219, 797, -19, 141, 63, 536, 263, 561, 
239, 917, 678, -578, -219, 797, -9, 146, 63, 536, 263, 561, 
239, 902, 663, -570, -212, 783, -4, 165, 73, 536, 244, 536, 
214, 878, 663, -546, -224, 771, 29, 190, 73, 527, 219, 522, 
204, 873, 668, -539, -231, 771, 53, 219, 87, 507, 209, 517, 
200, 883, 683, -541, -241, 783, 82, 253, 102, 502, 195, 502, 
190, 897, 707, -544, -258, 802, 117, 292, 136, 512, 190, 492, 
175, 907, 732, -541, -278, 819, 151, 326, 175, 536, 200, 492, 
204, 941, 736, -573, -265, 839, 165, 375, 229, 590, 258, 512, 
244, 1000, 756, -622, -256, 878, 165, 444, 312, 673, 341, 570, 
287, 1078, 790, -683, -251, 934, 185, 527, 409, 805, 453, 658, 
336, 1180, 844, -758, -253, 1012, 204, 649, 556, 971, 590, 761, 
390, 1312, 922, -851, -265, 1117, 229, 780, 727, 1171, 771, 902, 
483, 1468, 985, -976, -251, 1227, 229, 917, 917, 1381, 976, 1068, 
585, 1629, 1044, -1107, -229, 1337, 209, 1054, 1088, 1610, 1185, 1259, 
697, 1761, 1063, -1229, -183, 1412, 204, 1171, 1229, 1805, 1385, 1420, 
790, 1864, 1073, -1327, -141, 1468, 204, 1249, 1332, 1947, 1551, 1542, 
863, 1947, 1083, -1405, -109, 1515, 180, 1293, 1361, 2034, 1659, 1629, 
912, 2025, 1112, -1468, -100, 1568, 117, 1254, 1381, 2108, 1751, 1712, 
917, 2137, 1220, -1527, -151, 1678, 14, 1024, 1381, 2181, 1864, 1820, 
893, 2200, 1307, -1546, -207, 1754, -92, 683, 1322, 2181, 1908, 1883, 
858, 2142, 1283, -1500, -212, 1712, -156, 429, 1200, 2059, 1810, 1839, 
819, 1986, 1166, -1403, -173, 1576, -224, 219, 1019, 1859, 1615, 1722, 
766, 1825, 1058, -1295, -146, 1442, -361, -58, 766, 1615, 1410, 1595, 
717, 1678, 961, -1198, -122, 1320, -512, -336, 434, 1307, 1180, 1478, 
673, 1517, 844, -1095, -85, 1180, -575, -507, 82, 966, 922, 1327, 
580, 1361, 780, -971, -100, 1071, -585, -600, -180, 673, 688, 1171, 
488, 1224, 736, -856, -124, 980, -595, -712, -409, 400, 463, 1005, 
409, 1117, 707, -763, -148, 912, -610, -805, -639, 131, 248, 844, 
375, 1058, 683, -717, -153, 871, -629, -795, -688, 39, 136, 736, 
356, 1054, 697, -705, -170, 875, -590, -702, -580, 122, 146, 697, 
341, 1078, 736, -710, -197, 907, -522, -575, -448, 219, 185, 688, 
326, 1112, 785, -719, -229, 949, -463, -463, -322, 317, 219, 692, 
322, 1141, 819, -732, -248, 980, -419, -356, -195, 409, 248, 692, 
317, 1132, 814, -724, -248, 973, -366, -263, -141, 448, 273, 683, 
317, 1107, 790, -712, -236, 949, -312, -185, -141, 453, 273, 678, 
307, 1063, 756, -685, -224, 910, -253, -97, -107, 468, 283, 673, 
292, 1039, 746, -666, -226, 893, -190, -4, -43, 507, 302, 663, 
287, 1029, 741, -658, -226, 885, -117, 68, 9, 536, 307, 644, 
283, 1010, 727, -646, -222, 868, -78, 117, 39, 536, 297, 619, 
273, 995, 722, -634, -224, 858, -53, 136, 48, 536, 292, 605, 
268, 990, 722, -629, -226, 856, -39, 141, 58, 546, 287, 590, 
268, 980, 712, -624, -222, 846, -29, 141, 78, 556, 278, 585, 
253, 980, 727, -617, -236, 854, -39, 151, 78, 556, 278, 590, 
253, 980, 727, -617, -236, 854, -39, 146, 82, 556, 278, 590, 
253, 980, 727, -617, -236, 854, -39, 141, 87, 561, 283, 590, 
253, 980, 727, -617, -236, 854, -39, 141, 87, 561, 287, 590, 
239, 980, 741, -610, -251, 861, -24, 136, 78, 570, 287, 580, 
234, 976, 741, -605, -253, 858, -24, 141, 78, 561, 278, 580, 
234, 971, 736, -602, -251, 854, -19, 151, 78, 561, 268, 575, 
234, 966, 732, -600, -248, 849, -9, 156, 73, 561, 268, 566, 
234, 961, 727, -597, -246, 844, 4, 170, 82, 556, 268, 570, 
234, 956, 722, -595, -244, 839, 9, 175, 82, 556, 268, 566, 
234, 956, 722, -595, -244, 839, 9, 185, 87, 556, 268, 561, 
229, 956, 727, -592, -248, 841, 9, 185, 87, 561, 268, 561, 
229, 956, 727, -592, -248, 841, 14, 180, 87, 570, 268, 561, 
229, 956, 727, -592, -248, 841, 19, 180, 92, 570, 273, 561, 
229, 956, 727, -592, -248, 841, 19, 180, 92, 570, 273, 561, 
234, 961, 727, -597, -246, 844, 19, 185, 92, 575, 273, 561, 
244, 951, 707, -597, -231, 829, 19, 180, 97, 566, 273, 561, 
239, 951, 712, -595, -236, 832, 29, 185, 97, 566, 273, 561, 
239, 946, 707, -592, -234, 827, 29, 185, 97, 566, 273, 561, 
234, 946, 712, -590, -239, 829, 29, 185, 97, 570, 273, 561, 
234, 956, 722, -595, -244, 839, 29, 195, 102, 570, 283, 561, 
234, 956, 722, -595, -244, 839, 29, 195, 107, 570, 283, 566, 
239, 961, 722, -600, -241, 841, 29, 195, 107, 575, 283, 566, 
239, 961, 722, -600, -241, 841, 29, 195, 107, 575, 283, 566, 
239, 971, 732, -605, -246, 851, 29, 200, 107, 575, 273, 575, 
239, 971, 732, -605, -246, 851, 29, 200, 107, 575, 273, 575, 
239, 971, 732, -605, -246, 851, 34, 204, 107, 575, 278, 575, 
244, 971, 727, -607, -241, 849, 34, 209, 107, 580, 278, 575, 
244, 971, 727, -607, -241, 849, 24, 209, 107, 580, 287, 575, 
244, 971, 727, -607, -241, 849, 24, 209, 107, 580, 292, 575, 
244, 971, 727, -607, -241, 849, 24, 209, 112, 580, 292, 575, 
244, 976, 732, -610, -244, 854, 24, 209, 112, 580, 292, 575, 
239, 971, 732, -605, -246, 851, 34, 214, 112, 580, 297, 580, 
239, 971, 732, -605, -246, 851, 34, 214, 112, 580, 297, 580, 
244, 971, 727, -607, -241, 849, 34, 214, 112, 585, 297, 580, 
244, 976, 732, -610, -244, 854, 34, 214, 112, 590, 297, 580, 
244, 985, 741, -614, -248, 863, 24, 214, 117, 590, 287, 570, 
244, 980, 736, -612, -246, 858, 24, 214, 117, 590, 287, 570, 
244, 980, 736, -612, -246, 858, 24, 214, 117, 590, 292, 575, 
244, 990, 746, -617, -251, 868, 24, 214, 122, 590, 292, 575, 
253, 980, 727, -617, -236, 854, 24, 214, 122, 580, 283, 575, 
253, 980, 727, -617, -236, 854, 24, 214, 122, 585, 283, 580, 
253, 980, 727, -617, -236, 854, 24, 219, 122, 585, 287, 580, 
253, 980, 727, -617, -236, 854, 24, 219, 122, 580, 287, 580, 
244, 990, 746, -617, -251, 868, 24, 219, 122, 590, 302, 590, 
244, 990, 746, -617, -251, 868, 24, 219, 126, 595, 307, 595, 
244, 995, 751, -619, -253, 873, 24, 219, 126, 595, 317, 595, 
244, 995, 751, -619, -253, 873, 24, 219, 126, 600, 322, 600, 
244, 995, 751, -619, -253, 873, 34, 219, 141, 600, 312, 600, 
244, 995, 751, -619, -253, 873, 34, 224, 146, 605, 317, 600, 
244, 995, 751, -619, -253, 873, 34, 229, 146, 605, 317, 600, 
248, 1000, 751, -624, -251, 875, 34, 229, 151, 605, 317, 605, 
248, 995, 746, -622, -248, 871, 34, 229, 141, 605, 322, 605, 
248, 995, 746, -622, -248, 871, 34, 229, 146, 605, 322, 605, 
248, 995, 746, -622, -248, 871, 34, 234, 146, 605, 326, 605, 
253, 995, 741, -624, -244, 868, 34, 234, 146, 605, 326, 610, 
253, 1005, 751, -629, -248, 878, 24, 234, 146, 610, 317, 600, 
253, 1010, 756, -631, -251, 883, 24, 234, 151, 610, 326, 605, 
253, 1010, 756, -631, -251, 883, 24, 239, 156, 614, 331, 614, 
253, 1015, 761, -634, -253, 888, 24, 239, 156, 614, 331, 614, 
253, 1015, 761, -634, -253, 888, 24, 248, 161, 610, 341, 614, 
253, 1015, 761, -634, -253, 888, 24, 248, 161, 614, 346, 614, 
253, 1015, 761, -634, -253, 888, 24, 253, 161, 619, 346, 614, 
258, 1019, 761, -639, -251, 890, 24, 253, 165, 624, 346, 614, 
258, 1029, 771, -644, -256, 900, 14, 248, 165, 629, 341, 619, 
263, 1034, 771, -649, -253, 902, 14, 248, 165, 629, 341, 624, 
263, 1039, 775, -651, -256, 907, 14, 253, 165, 629, 351, 624, 
268, 1044, 775, -656, -253, 910, 14, 253, 175, 629, 351, 624, 
278, 1039, 761, -658, -241, 900, 14, 263, 180, 629, 346, 619, 
278, 1044, 766, -661, -244, 905, 14, 263, 180, 639, 351, 629, 
278, 1049, 771, -663, -246, 910, 14, 268, 185, 644, 351, 634, 
278, 1054, 775, -666, -248, 915, 14, 273, 185, 649, 356, 634, 
273, 1058, 785, -666, -256, 922, 0, 278, 175, 639, 361, 639, 
278, 1063, 785, -671, -253, 924, 0, 278, 185, 644, 361, 644, 
278, 1063, 785, -671, -253, 924, 0, 278, 190, 644, 366, 644, 
278, 1068, 790, -673, -256, 929, 0, 278, 190, 649, 370, 644, 
278, 1073, 795, -675, -258, 934, 0, 287, 200, 663, 385, 649, 
287, 1078, 790, -683, -251, 934, -4, 292, 200, 663, 390, 649, 
287, 1083, 795, -685, -253, 939, -9, 297, 204, 668, 395, 658, 
287, 1083, 795, -685, -253, 939, -9, 297, 209, 673, 395, 663, 
297, 1088, 790, -692, -246, 939, -4, 302, 214, 678, 390, 678, 
297, 1093, 795, -695, -248, 944, -4, 302, 219, 683, 395, 678, 
307, 1098, 790, -702, -241, 944, -4, 307, 219, 688, 405, 683, 
307, 1102, 795, -705, -244, 949, -4, 307, 224, 692, 409, 688, 
307, 1107, 800, -707, -246, 954, -19, 297, 219, 697, 419, 688, 
312, 1112, 800, -712, -244, 956, -24, 307, 224, 702, 429, 692, 
317, 1117, 800, -717, -241, 958, -24, 312, 224, 712, 429, 697, 
317, 1122, 805, -719, -244, 963, -24, 317, 224, 717, 439, 702, 
317, 1127, 810, -722, -246, 968, -29, 317, 239, 727, 439, 707, 
322, 1132, 810, -727, -244, 971, -29, 322, 244, 732, 444, 712, 
322, 1141, 819, -732, -248, 980, -39, 326, 244, 736, 444, 722, 
331, 1141, 810, -736, -239, 976, -39, 326, 253, 741, 453, 732, 
326, 1156, 829, -741, -251, 993, -43, 336, 248, 746, 448, 722, 
326, 1156, 829, -741, -251, 993, -43, 341, 253, 746, 458, 732, 
326, 1161, 834, -744, -253, 997, -43, 346, 253, 751, 468, 736, 
336, 1166, 829, -751, -246, 997, -43, 346, 253, 746, 473, 736, 
346, 1166, 819, -756, -236, 993, -58, 346, 248, 756, 473, 746, 
346, 1171, 824, -758, -239, 997, -63, 351, 253, 756, 483, 751, 
356, 1176, 819, -766, -231, 997, -63, 351, 258, 761, 492, 761, 
356, 1180, 824, -768, -234, 1002, -63, 351, 258, 766, 492, 761, 
361, 1190, 829, -775, -234, 1010, -63, 351, 268, 775, 497, 766, 
366, 1195, 829, -780, -231, 1012, -68, 351, 273, 780, 497, 766, 
366, 1205, 839, -785, -236, 1022, -68, 356, 273, 785, 502, 771, 
366, 1205, 839, -785, -236, 1022, -73, 356, 273, 790, 507, 775, 
366, 1210, 844, -788, -239, 1027, -82, 356, 278, 785, 512, 780, 
370, 1215, 844, -793, -236, 1029, -82, 356, 278, 790, 517, 780, 
370, 1220, 849, -795, -239, 1034, -82, 361, 278, 795, 517, 785, 
370, 1220, 849, -795, -239, 1034, -82, 361, 278, 795, 517, 785, 
370, 1210, 839, -790, -234, 1024, -87, 361, 278, 800, 522, 785, 
370, 1215, 844, -793, -236, 1029, -87, 361, 278, 800, 522, 790, 
370, 1220, 849, -795, -239, 1034, -87, 361, 278, 795, 522, 790, 
370, 1220, 849, -795, -239, 1034, -92, 361, 278, 795, 522, 790, 
380, 1220, 839, -800, -229, 1029, -82, 351, 278, 810, 527, 790, 
380, 1220, 839, -800, -229, 1029, -87, 351, 278, 810, 536, 795, 
380, 1220, 839, -800, -229, 1029, -87, 346, 278, 810, 541, 795, 
380, 1220, 839, -800, -229, 1029, -92, 346, 278, 814, 546, 795, 
380, 1229, 849, -805, -234, 1039, -92, 356, 278, 810, 536, 795, 
380, 1229, 849, -805, -234, 1039, -92, 351, 278, 810, 536, 795, 
380, 1229, 849, -805, -234, 1039, -92, 341, 278, 805, 536, 795, 
380, 1224, 844, -802, -231, 1034, -92, 341, 278, 805, 536, 795, 
390, 1224, 834, -807, -222, 1029, -107, 331, 268, 805, 536, 805, 
390, 1224, 834, -807, -222, 1029, -107, 331, 268, 805, 536, 805, 
390, 1220, 829, -805, -219, 1024, -107, 326, 268, 805, 536, 805, 
390, 1220, 829, -805, -219, 1024, -107, 326, 268, 805, 536, 805, 
390, 1229, 839, -810, -224, 1034, -112, 326, 268, 800, 536, 805, 
390, 1234, 844, -812, -226, 1039, -112, 322, 268, 800, 536, 805, 
385, 1234, 849, -810, -231, 1041, -112, 317, 268, 800, 531, 800, 
385, 1234, 849, -810, -231, 1041, -112, 317, 268, 800, 531, 800, 
385, 1234, 849, -810, -231, 1041, -112, 317, 263, 800, 522, 795, 
385, 1234, 849, -810, -231, 1041, -112, 317, 263, 800, 522, 790, 
385, 1229, 844, -807, -229, 1037, -112, 317, 258, 795, 522, 785, 
385, 1224, 839, -805, -226, 1032, -107, 317, 258, 795, 522, 780, 
390, 1234, 844, -812, -226, 1039, -107, 312, 258, 790, 522, 780, 
385, 1229, 844, -807, -229, 1037, -107, 307, 253, 785, 507, 771, 
385, 1229, 844, -807, -229, 1037, -107, 307, 253, 785, 507, 771, 
380, 1220, 839, -800, -229, 1029, -107, 307, 253, 775, 497, 766, 
370, 1210, 839, -790, -234, 1024, -107, 297, 268, 780, 507, 761, 
366, 1205, 839, -785, -236, 1022, -102, 297, 268, 775, 502, 761, 
366, 1200, 834, -783, -234, 1017, -97, 297, 263, 775, 497, 761, 
361, 1195, 834, -778, -236, 1015, -92, 292, 258, 775, 492, 761, 
356, 1190, 834, -773, -239, 1012, -82, 302, 253, 775, 488, 746, 
351, 1180, 829, -766, -239, 1005, -82, 292, 253, 771, 483, 741, 
351, 1176, 824, -763, -236, 1000, -82, 292, 253, 761, 478, 732, 
351, 1171, 819, -761, -234, 995, -82, 287, 244, 756, 473, 727, 
351, 1166, 814, -758, -231, 990, -73, 273, 234, 736, 468, 722, 
341, 1161, 819, -751, -239, 990, -73, 273, 229, 727, 458, 717, 
336, 1151, 814, -744, -239, 983, -73, 273, 224, 722, 453, 707, 
331, 1151, 819, -741, -244, 985, -63, 273, 219, 717, 444, 702, 
331, 1141, 810, -736, -239, 976, -68, 273, 219, 712, 439, 707, 
326, 1132, 805, -729, -239, 968, -63, 273, 214, 707, 429, 707, 
322, 1127, 805, -724, -241, 966, -58, 268, 214, 702, 419, 697, 
317, 1122, 805, -719, -244, 963, -58, 268, 209, 697, 400, 697, 
322, 1127, 805, -724, -241, 966, -58, 253, 204, 683, 390, 688, 
317, 1117, 800, -717, -241, 958, -53, 248, 195, 678, 385, 673, 
312, 1112, 800, -712, -244, 956, -53, 244, 195, 668, 380, 663, 
312, 1107, 795, -710, -241, 951, -48, 244, 190, 663, 375, 658, 
302, 1102, 800, -702, -248, 951, -39, 239, 190, 658, 370, 649, 
302, 1093, 790, -697, -244, 941, -39, 239, 185, 658, 370, 639, 
302, 1078, 775, -690, -236, 927, -39, 239, 180, 653, 361, 634, 
297, 1073, 775, -685, -239, 924, -39, 229, 175, 644, 356, 634, 
297, 1073, 775, -685, -239, 924, -48, 234, 170, 634, 351, 629, 
297, 1068, 771, -683, -236, 919, -43, 234, 165, 629, 341, 629, 
292, 1068, 775, -680, -241, 922, -43, 229, 161, 624, 336, 624, 
287, 1068, 780, -678, -246, 924, -43, 229, 156, 619, 331, 619, 
287, 1063, 775, -675, -244, 919, -34, 229, 156, 624, 326, 605, 
283, 1058, 775, -671, -246, 917, -34, 229, 156, 619, 322, 605, 
278, 1054, 775, -666, -248, 915, -34, 224, 156, 619, 322, 600, 
278, 1054, 775, -666, -248, 915, -34, 224, 156, 614, 317, 600, 
278, 1063, 785, -671, -253, 924, -43, 214, 151, 614, 312, 605, 
278, 1058, 780, -668, -251, 919, -43, 214, 146, 610, 307, 600, 
278, 1054, 775, -666, -248, 915, -39, 214, 136, 610, 307, 600, 
278, 1054, 775, -666, -248, 915, -39, 214, 131, 610, 307, 600, 
287, 1063, 775, -675, -244, 919, -39, 214, 131, 595, 297, 590, 
287, 1063, 775, -675, -244, 919, -39, 214, 131, 595, 297, 590, 
287, 1063, 775, -675, -244, 919, -39, 209, 131, 595, 297, 590, 
292, 1058, 766, -675, -236, 912, -39, 209, 131, 595, 297, 590, 
283, 1058, 775, -671, -246, 917, -39, 214, 126, 590, 297, 580, 
283, 1058, 775, -671, -246, 917, -39, 214, 126, 590, 297, 580, 
283, 1058, 775, -671, -246, 917, -34, 214, 131, 590, 297, 575, 
283, 1054, 771, -668, -244, 912, -34, 214, 131, 590, 297, 570, 
273, 1054, 780, -663, -253, 917, -34, 214, 122, 595, 297, 580, 
273, 1054, 780, -663, -253, 917, -34, 214, 122, 595, 297, 585, 
273, 1054, 780, -663, -253, 917, -34, 214, 122, 595, 297, 585, 
273, 1054, 780, -663, -253, 917, -34, 214, 122, 595, 297, 585, 
283, 1049, 766, -666, -241, 907, -43, 219, 122, 585, 297, 575, 
283, 1049, 766, -666, -241, 907, -43, 219, 122, 585, 297, 580, 
283, 1054, 771, -668, -244, 912, -43, 219, 122, 590, 297, 585, 
283, 1054, 771, -668, -244, 912, -43, 219, 122, 590, 302, 585, 
292, 1054, 761, -673, -234, 907, -43, 219, 117, 580, 292, 585, 
292, 1054, 761, -673, -234, 907, -43, 219, 117, 580, 292, 585, 
292, 1058, 766, -675, -236, 912, -48, 219, 122, 580, 292, 585, 
292, 1058, 766, -675, -236, 912, -48, 219, 122, 580, 292, 585, 
287, 1068, 780, -678, -246, 924, -39, 219, 122, 590, 292, 585, 
287, 1068, 780, -678, -246, 924, -39, 219, 122, 590, 292, 585, 
292, 1068, 775, -680, -241, 922, -43, 219, 122, 590, 292, 585, 
292, 1068, 775, -680, -241, 922, -43, 219, 122, 590, 292, 585, 
292, 1068, 775, -680, -241, 922, -43, 219, 122, 590, 302, 585, 
292, 1073, 780, -683, -244, 927, -43, 219, 122, 595, 302, 585, 
292, 1073, 780, -683, -244, 927, -43, 219, 122, 595, 307, 585, 
292, 1073, 780, -683, -244, 927, -43, 219, 122, 595, 307, 585, 
292, 1073, 780, -683, -244, 927, -43, 229, 122, 605, 322, 595, 
292, 1073, 780, -683, -244, 927, -43, 229, 122, 605, 322, 600, 
292, 1078, 785, -685, -246, 932, -43, 229, 122, 605, 322, 600, 
292, 1078, 785, -685, -246, 932, -43, 229, 122, 605, 322, 600, 
302, 1093, 790, -697, -244, 941, -53, 219, 122, 605, 312, 590, 
302, 1093, 790, -697, -244, 941, -53, 219, 122, 605, 312, 590, 
302, 1098, 795, -700, -246, 946, -53, 219, 122, 610, 322, 590, 
302, 1098, 795, -700, -246, 946, -53, 219, 122, 610, 322, 590, 
297, 1093, 795, -695, -248, 944, -53, 219, 122, 600, 317, 580, 
297, 1093, 795, -695, -248, 944, -53, 219, 122, 600, 317, 580, 
297, 1093, 795, -695, -248, 944, -53, 219, 122, 600, 317, 580, 
292, 1093, 800, -692, -253, 946, -53, 219, 122, 600, 317, 580, 
302, 1093, 790, -697, -244, 941, -53, 219, 122, 600, 317, 595, 
307, 1093, 785, -700, -239, 939, -53, 219, 122, 600, 312, 595, 
307, 1093, 785, -700, -239, 939, -53, 219, 122, 600, 312, 595, 
307, 1093, 785, -700, -239, 939, -53, 219, 122, 600, 317, 595, 
307, 1102, 795, -705, -244, 949, -53, 229, 112, 595, 317, 605, 
307, 1102, 795, -705, -244, 949, -53, 229, 112, 595, 317, 605, 
312, 1102, 790, -707, -239, 946, -53, 229, 112, 595, 317, 605, 
317, 1102, 785, -710, -234, 944, -53, 229, 112, 595, 317, 605, 
317, 1102, 785, -710, -234, 944, -53, 229, 122, 605, 317, 595, 
317, 1102, 785, -710, -234, 944, -53, 229, 117, 605, 317, 595, 
312, 1102, 790, -707, -239, 946, -53, 229, 117, 600, 317, 595, 
312, 1102, 790, -707, -239, 946, -53, 229, 117, 600, 317, 590, 
312, 1093, 780, -702, -234, 936, -53, 229, 117, 600, 317, 600, 
312, 1093, 780, -702, -234, 936, -53, 229, 117, 600, 317, 600, 
312, 1088, 775, -700, -231, 932, -53, 229, 117, 600, 317, 600, 
312, 1088, 775, -700, -231, 932, -53, 229, 112, 600, 312, 600, 
312, 1102, 790, -707, -239, 946, -53, 229, 107, 600, 322, 610, 
312, 1102, 790, -707, -239, 946, -53, 229, 107, 600, 322, 610, 
312, 1102, 790, -707, -239, 946, -53, 229, 107, 600, 322, 610, 
312, 1102, 790, -707, -239, 946, -53, 229, 107, 600, 322, 610, 
302, 1112, 810, -707, -253, 961, -53, 219, 97, 590, 317, 600, 
302, 1107, 805, -705, -251, 956, -53, 219, 97, 585, 307, 600, 
302, 1107, 805, -705, -251, 956, -53, 214, 92, 580, 302, 600, 
302, 1107, 805, -705, -251, 956, -53, 214, 92, 575, 297, 600, 
312, 1098, 785, -705, -236, 941, -53, 229, 92, 575, 287, 590, 
312, 1093, 780, -702, -234, 936, -53, 229, 92, 575, 287, 585, 
312, 1093, 780, -702, -234, 936, -53, 229, 87, 575, 287, 585, 
312, 1093, 780, -702, -234, 936, -53, 229, 87, 575, 287, 585, 
312, 1093, 780, -702, -234, 936, -53, 234, 87, 561, 283, 580, 
312, 1093, 780, -702, -234, 936, -53, 234, 87, 556, 283, 575, 
312, 1093, 780, -702, -234, 936, -53, 234, 87, 556, 283, 570, 
312, 1088, 775, -700, -231, 932, -53, 234, 82, 556, 283, 561, 
322, 1088, 766, -705, -222, 927, -43, 224, 82, 556, 283, 561, 
322, 1088, 766, -705, -222, 927, -43, 224, 82, 556, 283, 566, 
322, 1088, 766, -705, -222, 927, -43, 224, 78, 551, 287, 570, 
322, 1088, 766, -705, -222, 927, -43, 224, 78, 546, 292, 575, 
312, 1088, 775, -700, -231, 932, -53, 224, 68, 536, 287, 575, 
312, 1088, 775, -700, -231, 932, -53, 224, 68, 536, 283, 570, 
312, 1088, 775, -700, -231, 932, -53, 224, 68, 536, 278, 570, 
317, 1083, 766, -700, -224, 924, -53, 224, 68, 536, 268, 570, 
307, 1078, 771, -692, -231, 924, -48, 224, 63, 536, 268, 561, 
307, 1078, 771, -692, -231, 924, -48, 224, 63, 536, 268, 561, 
307, 1078, 771, -692, -231, 924, -48, 224, 63, 536, 268, 561, 
307, 1078, 771, -692, -231, 924, -48, 224, 58, 536, 268, 561, 
317, 1078, 761, -697, -222, 919, -58, 224, 58, 536, 273, 546, 
317, 1073, 756, -695, -219, 915, -58, 224, 53, 531, 273, 546, 
317, 1073, 756, -695, -219, 915, -63, 224, 53, 531, 273, 551, 
317, 1073, 756, -695, -219, 915, -63, 219, 53, 536, 273, 551, 
307, 1083, 775, -695, -234, 929, -58, 229, 43, 541, 263, 551, 
307, 1078, 771, -692, -231, 924, -53, 229, 43, 541, 263, 551, 
302, 1078, 775, -690, -236, 927, -53, 219, 43, 541, 263, 551, 
302, 1073, 771, -688, -234, 922, -48, 219, 43, 541, 268, 546, 
302, 1068, 766, -685, -231, 917, -48, 224, 53, 531, 278, 546, 
307, 1068, 761, -688, -226, 915, -48, 224, 53, 531, 273, 546, 
307, 1068, 761, -688, -226, 915, -48, 224, 53, 531, 268, 546, 
307, 1068, 761, -688, -226, 915, -48, 224, 48, 531, 268, 546, 
317, 1063, 746, -690, -214, 905, -48, 234, 48, 527, 268, 556, 
317, 1058, 741, -688, -212, 900, -48, 234, 48, 527, 268, 556, 
312, 1049, 736, -680, -212, 893, -48, 234, 48, 527, 268, 556, 
312, 1044, 732, -678, -209, 888, -48, 234, 43, 527, 263, 556, 
312, 1034, 722, -673, -204, 878, -48, 234, 43, 527, 263, 556, 
312, 1029, 717, -671, -202, 873, -48, 234, 43, 527, 263, 551, 
312, 1029, 717, -671, -202, 873, -43, 234, 39, 522, 263, 551, 
307, 1029, 722, -668, -207, 875, -43, 234, 39, 522, 268, 551, 
317, 1019, 702, -668, -192, 861, -43, 244, 34, 522, 268, 556, 
317, 1019, 702, -668, -192, 861, -43, 244, 34, 522, 268, 556, 
317, 1024, 707, -671, -195, 866, -43, 244, 34, 527, 263, 551, 
317, 1024, 707, -671, -195, 866, -43, 239, 34, 527, 263, 551, 
307, 1029, 722, -668, -207, 875, -43, 239, 43, 522, 263, 546, 
307, 1029, 722, -668, -207, 875, -43, 239, 39, 522, 263, 546, 
307, 1029, 722, -668, -207, 875, -43, 239, 39, 527, 258, 546, 
307, 1029, 722, -668, -207, 875, -43, 239, 39, 527, 258, 551, 
307, 1019, 712, -663, -202, 866, -43, 234, 39, 512, 258, 551, 
307, 1019, 712, -663, -202, 866, -43, 234, 39, 512, 263, 551, 
307, 1019, 712, -663, -202, 866, -43, 234, 39, 512, 263, 551, 
312, 1019, 707, -666, -197, 863, -43, 234, 39, 512, 263, 551, 
312, 1019, 707, -666, -197, 863, -34, 244, 39, 512, 268, 551, 
312, 1019, 707, -666, -197, 863, -34, 244, 39, 512, 268, 551, 
312, 1019, 707, -666, -197, 863, -34, 244, 39, 512, 258, 546, 
307, 1019, 712, -663, -202, 866, -34, 244, 39, 512, 258, 546, 
317, 1005, 688, -661, -185, 846, -34, 248, 39, 522, 268, 546, 
317, 1005, 688, -661, -185, 846, -34, 248, 39, 522, 268, 546, 
317, 1005, 688, -661, -185, 846, -34, 244, 39, 522, 268, 546, 
322, 1005, 683, -663, -180, 844, -34, 244, 39, 522, 268, 546, 
317, 1015, 697, -666, -190, 856, -34, 253, 48, 522, 263, 546, 
312, 1015, 702, -663, -195, 858, -34, 253, 48, 522, 263, 546, 
307, 1015, 707, -661, -200, 861, -34, 253, 43, 522, 263, 546, 
307, 1015, 707, -661, -200, 861, -34, 253, 43, 517, 263, 546, 
307, 1015, 707, -661, -200, 861, -43, 244, 34, 517, 253, 546, 
307, 1019, 712, -663, -202, 866, -43, 244, 34, 517, 258, 546, 
307, 1019, 712, -663, -202, 866, -43, 244, 34, 517, 258, 546, 
307, 1015, 707, -661, -200, 861, -43, 244, 34, 517, 258, 546, 
307, 1015, 707, -661, -200, 861, -43, 244, 24, 507, 258, 546, 
307, 1015, 707, -661, -200, 861, -43, 244, 24, 507, 258, 546, 
307, 1015, 707, -661, -200, 861, -43, 244, 24, 507, 253, 546, 
307, 1015, 707, -661, -200, 861, -43, 244, 24, 507, 253, 546, 
307, 1015, 707, -661, -200, 861, -34, 244, 34, 507, 263, 546, 
307, 1019, 712, -663, -202, 866, -34, 248, 34, 507, 263, 546, 
307, 1019, 712, -663, -202, 866, -34, 248, 34, 507, 263, 546, 
307, 1019, 712, -663, -202, 866, -34, 244, 34, 507, 263, 546, 
297, 1010, 712, -653, -207, 861, -34, 244, 24, 502, 263, 546, 
297, 1005, 707, -651, -204, 856, -34, 244, 24, 502, 263, 546, 
297, 1005, 707, -651, -204, 856, -34, 248, 24, 507, 268, 546, 
297, 1010, 712, -653, -207, 861, -34, 248, 24, 507, 268, 546, 
307, 1019, 712, -663, -202, 866, -34, 253, 19, 497, 253, 546, 
307, 1019, 712, -663, -202, 866, -34, 253, 19, 497, 253, 546, 
307, 1019, 712, -663, -202, 866, -34, 253, 24, 497, 253, 546, 
307, 1019, 712, -663, -202, 866, -34, 253, 24, 497, 253, 541, 
307, 1029, 722, -668, -207, 875, -43, 248, 24, 507, 253, 541, 
307, 1029, 722, -668, -207, 875, -43, 248, 24, 507, 253, 541, 
307, 1029, 722, -668, -207, 875, -43, 244, 24, 507, 253, 541, 
307, 1029, 722, -668, -207, 875, -43, 244, 24, 507, 253, 541, 
307, 1029, 722, -668, -207, 875, -43, 244, 24, 497, 253, 531, 
307, 1029, 722, -668, -207, 875, -43, 248, 24, 492, 253, 531, 
307, 1029, 722, -668, -207, 875, -43, 248, 24, 492, 253, 531, 
307, 1029, 722, -668, -207, 875, -43, 248, 24, 492, 253, 531, 
307, 1024, 717, -666, -204, 871, -43, 248, 24, 492, 253, 536, 
307, 1024, 717, -666, -204, 871, -43, 248, 19, 492, 253, 536, 
307, 1029, 722, -668, -207, 875, -43, 248, 19, 497, 253, 536, 
307, 1029, 722, -668, -207, 875, -43, 248, 19, 497, 253, 536, 
307, 1029, 722, -668, -207, 875, -43, 248, 19, 507, 258, 546, 
312, 1034, 722, -673, -204, 878, -48, 244, 9, 497, 253, 536, 
312, 1024, 712, -668, -200, 868, -48, 244, 19, 497, 253, 536, 
312, 1024, 712, -668, -200, 868, -39, 253, 19, 497, 253, 536, 
302, 1024, 722, -663, -209, 873, -48, 253, 19, 497, 253, 536, 
