I, II, III, aVR, aVL, aVF, V1, V2, V3, V4, V5, V6, 
9, 478, 468, -244, -229, 473, -312, 634, -322, -195, -97, -273, 
9, 478, 468, -244, -229, 473, -312, 634, -322, -195, -97, -273, 
9, 478, 468, -244, -229, 473, -312, 634, -322, -195, -97, -273, 
9, 478, 468, -244, -229, 473, -312, 634, -322, -195, -97, -273, 
19, 488, 468, -253, -224, 478, -312, 624, -322, -204, -97, -263, 
19, 488, 468, -253, -224, 478, -312, 624, -322, -204, -97, -263, 
19, 488, 468, -253, -224, 478, -312, 624, -322, -204, -97, -263, 
19, 488, 468, -253, -224, 478, -312, 624, -322, -204, -97, -263, 
9, 488, 478, -248, -234, 483, -322, 634, -331, -204, -97, -263, 
9, 488, 478, -248, -234, 483, -322, 634, -331, -204, -97, -263, 
9, 488, 478, -248, -234, 483, -322, 634, -331, -204, -97, -263, 
9, 488, 478, -248, -234, 483, -322, 634, -331, -204, -97, -263, 
9, 488, 478, -248, -234, 483, -322, 629, -341, -214, -97, -273, 
9, 488, 478, -248, -234, 483, -322, 624, -341, -214, -97, -273, 
9, 488, 478, -248, -234, 483, -322, 619, -341, -214, -97, -273, 
9, 488, 478, -248, -234, 483, -322, 614, -341, -214, -97, -273, 
19, 488, 468, -253, -224, 478, -322, 614, -341, -204, -97, -273, 
19, 488, 468, -253, -224, 478, -322, 614, -341, -204, -97, -273, 
19, 488, 468, -253, -224, 478, -322, 614, -341, -204, -97, -273, 
19, 488, 468, -253, -224, 478, -322, 614, -341, -204, -97, -273, 
9, 488, 478, -248, -234, 483, -322, 610, -346, -209, -107, -273, 
9, 488, 478, -248, -234, 483, -322, 605, -351, -214, -107, -273, 
9, 488, 478, -248, -234, 483, -322, 600, -356, -219, -107, -273, 
9, 488, 478, -248, -234, 483, -322, 595, -361, -224, -107, -273, 
0, 478, 478, -239, -239, 478, -322, 595, -351, -224, -107, -283, 
0, 478, 478, -239, -239, 478, -322, 595, -351, -224, -107, -283, 
0, 478, 478, -239, -239, 478, -322, 595, -351, -224, -107, -283, 
0, 478, 478, -239, -239, 478, -322, 595, -351, -224, -107, -283, 
9, 488, 478, -248, -234, 483, -322, 600, -351, -224, -117, -283, 
9, 488, 478, -248, -234, 483, -322, 605, -351, -224, -117, -283, 
9, 488, 478, -248, -234, 483, -322, 610, -351, -224, -117, -283, 
9, 488, 478, -248, -234, 483, -322, 614, -351, -224, -117, -283, 
9, 488, 478, -248, -234, 483, -331, 600, -361, -234, -107, -283, 
9, 488, 478, -248, -234, 483, -331, 595, -361, -234, -107, -283, 
9, 488, 478, -248, -234, 483, -331, 590, -361, -234, -107, -283, 
9, 488, 478, -248, -234, 483, -331, 585, -361, -234, -107, -283, 
9, 488, 478, -248, -234, 483, -331, 595, -351, -229, -117, -283, 
9, 488, 478, -248, -234, 483, -331, 595, -351, -224, -117, -283, 
9, 488, 478, -248, -234, 483, -331, 595, -351, -219, -117, -283, 
9, 488, 478, -248, -234, 483, -331, 595, -351, -214, -117, -283, 
9, 488, 478, -248, -234, 483, -331, 590, -356, -219, -117, -283, 
9, 488, 478, -248, -234, 483, -331, 585, -361, -224, -117, -283, 
9, 488, 478, -248, -234, 483, -331, 580, -366, -229, -117, -283, 
9, 488, 478, -248, -234, 483, -331, 575, -370, -234, -117, -283, 
0, 478, 478, -239, -239, 478, -341, 575, -370, -234, -126, -283, 
0, 478, 478, -239, -239, 478, -341, 575, -370, -234, -126, -283, 
0, 478, 478, -239, -239, 478, -341, 575, -370, -234, -126, -283, 
0, 478, 478, -239, -239, 478, -341, 575, -370, -234, -126, -283, 
9, 488, 478, -248, -234, 483, -341, 585, -361, -234, -126, -292, 
9, 488, 478, -248, -234, 483, -341, 585, -361, -234, -126, -292, 
9, 488, 478, -248, -234, 483, -341, 585, -361, -234, -126, -292, 
9, 488, 478, -248, -234, 483, -341, 585, -361, -234, -126, -292, 
0, 488, 488, -244, -244, 488, -341, 575, -370, -234, -117, -283, 
0, 488, 488, -244, -244, 488, -341, 575, -370, -234, -117, -283, 
0, 488, 488, -244, -244, 488, -341, 575, -370, -234, -117, -283, 
0, 488, 488, -244, -244, 488, -341, 575, -370, -234, -117, -283, 
9, 478, 468, -244, -229, 473, -331, 585, -370, -224, -117, -292, 
9, 478, 468, -244, -229, 473, -331, 585, -370, -224, -117, -292, 
9, 478, 468, -244, -229, 473, -331, 585, -370, -224, -117, -292, 
9, 478, 468, -244, -229, 473, -331, 585, -370, -224, -117, -292, 
4, 478, 473, -241, -234, 475, -341, 580, -370, -229, -126, -283, 
0, 478, 478, -239, -239, 478, -341, 575, -370, -234, -126, -283, 
-4, 478, 483, -236, -244, 480, -341, 570, -370, -239, -126, -283, 
-9, 478, 488, -234, -248, 483, -341, 566, -370, -244, -126, -283, 
-4, 488, 492, -241, -248, 490, -351, 566, -380, -244, -126, -292, 
0, 488, 488, -244, -244, 488, -351, 566, -380, -244, -126, -292, 
4, 488, 483, -246, -239, 485, -351, 566, -380, -244, -126, -292, 
9, 488, 478, -248, -234, 483, -351, 566, -380, -244, -126, -292, 
9, 497, 488, -253, -239, 492, -341, 575, -380, -234, -126, -292, 
9, 497, 488, -253, -239, 492, -341, 575, -380, -234, -126, -292, 
9, 497, 488, -253, -239, 492, -341, 575, -380, -234, -126, -292, 
9, 497, 488, -253, -239, 492, -341, 575, -380, -234, -126, -292, 
0, 488, 488, -244, -244, 488, -341, 570, -380, -244, -126, -292, 
0, 488, 488, -244, -244, 488, -341, 566, -380, -244, -126, -292, 
0, 488, 488, -244, -244, 488, -341, 561, -380, -244, -126, -292, 
0, 488, 488, -244, -244, 488, -341, 556, -380, -244, -126, -292, 
9, 478, 468, -244, -229, 473, -341, 556, -380, -244, -126, -292, 
9, 478, 468, -244, -229, 473, -341, 556, -380, -244, -126, -292, 
9, 478, 468, -244, -229, 473, -341, 556, -380, -244, -126, -292, 
9, 478, 468, -244, -229, 473, -341, 556, -380, -244, -126, -292, 
9, 483, 473, -246, -231, 478, -341, 546, -380, -253, -126, -292, 
9, 488, 478, -248, -234, 483, -341, 546, -380, -253, -126, -292, 
9, 492, 483, -251, -236, 488, -341, 546, -380, -253, -126, -292, 
9, 497, 488, -253, -239, 492, -341, 546, -380, -253, -126, -292, 
0, 492, 492, -246, -246, 492, -351, 536, -390, -253, -136, -292, 
0, 488, 488, -244, -244, 488, -351, 536, -390, -253, -136, -292, 
0, 483, 483, -241, -241, 483, -351, 536, -390, -253, -136, -292, 
0, 478, 478, -239, -239, 478, -351, 536, -390, -253, -136, -292, 
0, 488, 488, -244, -244, 488, -341, 541, -380, -244, -126, -292, 
0, 488, 488, -244, -244, 488, -341, 546, -380, -244, -126, -292, 
0, 488, 488, -244, -244, 488, -341, 551, -380, -244, -126, -292, 
0, 488, 488, -244, -244, 488, -341, 556, -380, -244, -126, -292, 
0, 497, 497, -248, -248, 497, -341, 551, -390, -253, -126, -292, 
0, 497, 497, -248, -248, 497, -341, 546, -390, -253, -126, -292, 
0, 497, 497, -248, -248, 497, -341, 541, -390, -253, -126, -292, 
0, 497, 497, -248, -248, 497, -341, 536, -390, -253, -126, -292, 
0, 488, 488, -244, -244, 488, -341, 546, -380, -244, -126, -292, 
0, 488, 488, -244, -244, 488, -346, 536, -380, -244, -126, -292, 
0, 488, 488, -244, -244, 488, -346, 551, -380, -244, -122, -292, 
0, 492, 492, -246, -246, 492, -346, 570, -380, -244, -122, -292, 
0, 492, 492, -246, -246, 492, -346, 556, -390, -253, -131, -292, 
0, 492, 492, -246, -246, 492, -346, 531, -390, -258, -131, -292, 
0, 492, 492, -246, -246, 492, -346, 527, -390, -258, -131, -292, 
0, 492, 492, -246, -246, 492, -341, 531, -390, -253, -131, -292, 
9, 502, 492, -256, -241, 497, -346, 551, -390, -253, -131, -292, 
9, 502, 492, -256, -241, 497, -346, 551, -390, -253, -131, -292, 
9, 502, 492, -256, -241, 497, -346, 536, -390, -253, -131, -292, 
9, 502, 492, -256, -241, 497, -346, 536, -390, -253, -131, -292, 
0, 497, 497, -248, -248, 497, -341, 551, -375, -248, -131, -292, 
4, 507, 502, -256, -248, 505, -336, 575, -366, -244, -131, -287, 
4, 517, 512, -261, -253, 514, -331, 566, -366, -244, -122, -283, 
4, 527, 522, -265, -258, 524, -331, 566, -361, -244, -117, -278, 
9, 531, 522, -270, -256, 527, -317, 556, -361, -239, -117, -273, 
9, 536, 527, -273, -258, 531, -312, 566, -361, -234, -112, -268, 
14, 536, 522, -275, -253, 529, -307, 585, -356, -229, -112, -268, 
14, 541, 527, -278, -256, 534, -302, 575, -346, -229, -112, -268, 
14, 541, 527, -278, -256, 534, -297, 575, -336, -229, -102, -268, 
14, 541, 527, -278, -256, 534, -297, 575, -336, -229, -97, -273, 
19, 551, 531, -285, -256, 541, -297, 585, -336, -224, -97, -273, 
19, 551, 531, -285, -256, 541, -287, 600, -336, -224, -97, -273, 
9, 551, 541, -280, -265, 546, -287, 590, -341, -224, -102, -268, 
9, 551, 541, -280, -265, 546, -292, 575, -341, -229, -102, -268, 
9, 551, 541, -280, -265, 546, -297, 575, -341, -229, -92, -263, 
24, 566, 541, -295, -258, 553, -297, 575, -331, -224, -87, -258, 
24, 580, 556, -302, -265, 568, -312, 585, -341, -214, -97, -253, 
29, 585, 556, -307, -263, 570, -317, 585, -341, -214, -87, -248, 
34, 585, 551, -309, -258, 568, -326, 570, -341, -214, -82, -248, 
43, 595, 551, -319, -253, 573, -331, 570, -341, -209, -82, -244, 
53, 605, 551, -329, -248, 578, -326, 590, -322, -195, -73, -234, 
58, 605, 546, -331, -244, 575, -331, 605, -322, -195, -73, -234, 
58, 600, 541, -329, -241, 570, -336, 595, -326, -195, -78, -239, 
58, 590, 531, -324, -236, 561, -336, 580, -326, -200, -78, -239, 
58, 590, 531, -324, -236, 561, -336, 561, -336, -209, -87, -248, 
63, 590, 527, -326, -231, 558, -331, 575, -336, -204, -87, -248, 
68, 590, 522, -329, -226, 556, -331, 585, -336, -204, -87, -253, 
68, 580, 512, -324, -222, 546, -336, 575, -341, -209, -87, -253, 
63, 570, 507, -317, -222, 539, -351, 561, -341, -209, -97, -263, 
63, 570, 507, -317, -222, 539, -351, 561, -341, -209, -97, -263, 
63, 570, 507, -317, -222, 539, -351, 570, -341, -209, -97, -263, 
63, 570, 507, -317, -222, 539, -356, 580, -341, -209, -97, -263, 
63, 566, 502, -314, -219, 534, -361, 566, -346, -209, -97, -253, 
63, 556, 492, -309, -214, 524, -366, 536, -351, -219, -102, -253, 
58, 556, 497, -307, -219, 527, -366, 536, -361, -219, -102, -253, 
58, 551, 492, -305, -217, 522, -366, 541, -361, -219, -107, -258, 
68, 556, 488, -312, -209, 522, -366, 541, -361, -224, -102, -268, 
68, 551, 483, -309, -207, 517, -366, 536, -366, -224, -102, -273, 
53, 541, 488, -297, -217, 514, -361, 527, -370, -234, -112, -283, 
43, 536, 492, -290, -224, 514, -356, 527, -370, -239, -112, -283, 
24, 531, 507, -278, -241, 519, -356, 546, -370, -239, -117, -287, 
19, 527, 507, -273, -244, 517, -356, 546, -380, -239, -122, -292, 
14, 517, 502, -265, -244, 509, -366, 541, -390, -244, -122, -297, 
4, 502, 497, -253, -246, 500, -366, 517, -395, -263, -126, -302, 
4, 502, 497, -253, -246, 500, -366, 502, -405, -268, -141, -297, 
4, 497, 492, -251, -244, 495, -370, 502, -409, -268, -146, -297, 
0, 488, 488, -244, -244, 488, -370, 512, -414, -268, -151, -302, 
0, 488, 488, -244, -244, 488, -370, 502, -414, -273, -156, -307, 
0, 483, 483, -241, -241, 483, -370, 488, -419, -278, -151, -317, 
0, 483, 483, -241, -241, 483, -370, 473, -419, -278, -151, -317, 
-4, 483, 488, -239, -246, 485, -370, 492, -414, -278, -151, -317, 
-4, 483, 488, -239, -246, 485, -370, 512, -409, -278, -151, -317, 
-14, 468, 483, -226, -248, 475, -380, 488, -414, -278, -165, -317, 
-9, 468, 478, -229, -244, 473, -380, 473, -419, -283, -165, -322, 
-9, 468, 478, -229, -244, 473, -380, 473, -424, -287, -165, -322, 
-14, 468, 483, -226, -248, 475, -385, 473, -429, -287, -165, -322, 
-4, 478, 483, -236, -244, 480, -385, 483, -419, -292, -156, -322, 
-9, 473, 483, -231, -246, 478, -380, 483, -419, -292, -156, -317, 
-14, 473, 488, -229, -251, 480, -380, 473, -419, -292, -156, -317, 
-14, 473, 488, -229, -251, 480, -380, 473, -424, -292, -156, -317, 
0, 488, 488, -244, -244, 488, -390, 488, -424, -287, -156, -317, 
0, 488, 488, -244, -244, 488, -385, 502, -414, -287, -156, -317, 
0, 488, 488, -244, -244, 488, -385, 507, -414, -287, -156, -317, 
-4, 488, 492, -241, -248, 490, -385, 497, -414, -292, -156, -317, 
-9, 483, 492, -236, -251, 488, -380, 483, -424, -302, -165, -307, 
-9, 478, 488, -234, -248, 483, -380, 478, -424, -302, -165, -307, 
-9, 478, 488, -234, -248, 483, -380, 483, -424, -297, -165, -312, 
-14, 473, 488, -229, -251, 480, -380, 478, -424, -297, -161, -312, 
-9, 473, 483, -231, -246, 478, -385, 463, -419, -287, -151, -312, 
-9, 473, 483, -231, -246, 478, -385, 463, -419, -287, -151, -312, 
-9, 473, 483, -231, -246, 478, -385, 473, -419, -287, -151, -312, 
-9, 478, 488, -234, -248, 483, -385, 492, -414, -287, -151, -312, 
-9, 478, 488, -234, -248, 483, -356, 502, -409, -287, -151, -312, 
-24, 468, 492, -222, -258, 480, -341, 492, -400, -287, -151, -312, 
-14, 483, 497, -234, -256, 490, -307, 522, -385, -278, -151, -312, 
-14, 492, 507, -239, -261, 500, -278, 570, -366, -278, -151, -312, 
-24, 468, 492, -222, -258, 480, -253, 629, -336, -258, -161, -317, 
-29, 448, 478, -209, -253, 463, -214, 653, -302, -239, -161, -326, 
-29, 468, 497, -219, -263, 483, -185, 688, -258, -219, -141, -317, 
-9, 497, 507, -244, -258, 502, -170, 727, -200, -170, -102, -297, 
24, 527, 502, -275, -239, 514, -156, 814, -141, -112, -63, -268, 
63, 575, 512, -319, -224, 544, -131, 912, -43, -9, -4, -234, 
102, 644, 541, -373, -219, 592, -151, 985, 92, 122, 82, -175, 
151, 736, 585, -444, -217, 661, -253, 1010, 224, 268, 190, -92, 
219, 873, 653, -546, -217, 763, -409, 1010, 351, 434, 322, 14, 
317, 1029, 712, -673, -197, 871, -605, 995, 492, 619, 468, 136, 
453, 1200, 746, -827, -146, 973, -834, 946, 624, 824, 634, 268, 
590, 1346, 756, -968, -82, 1051, -1102, 800, 697, 1010, 795, 385, 
707, 1483, 775, -1095, -34, 1129, -1390, 600, 712, 1161, 932, 502, 
795, 1605, 810, -1200, -7, 1207, -1571, 497, 795, 1337, 1073, 610, 
868, 1683, 814, -1276, 26, 1249, -1654, 546, 956, 1542, 1190, 678, 
902, 1678, 775, -1290, 63, 1227, -1708, 644, 1117, 1708, 1244, 688, 
873, 1610, 736, -1241, 68, 1173, -1712, 678, 1195, 1751, 1234, 673, 
780, 1517, 736, -1149, 21, 1127, -1698, 605, 1098, 1639, 1151, 634, 
707, 1439, 732, -1073, -12, 1085, -1659, 478, 893, 1420, 1034, 561, 
653, 1361, 707, -1007, -26, 1034, -1581, 429, 697, 1205, 897, 473, 
585, 1254, 668, -919, -41, 961, -1468, 414, 512, 956, 746, 375, 
483, 1098, 614, -790, -65, 856, -1356, 326, 229, 619, 541, 239, 
356, 932, 575, -644, -109, 753, -1224, 214, -82, 253, 307, 87, 
229, 780, 551, -505, -161, 666, -1093, 146, -341, -43, 131, -43, 
141, 663, 522, -402, -190, 592, -980, 122, -531, -244, -4, -141, 
112, 610, 497, -361, -192, 553, -893, 161, -575, -292, -68, -195, 
78, 575, 497, -326, -209, 536, -790, 244, -507, -253, -78, -224, 
48, 551, 502, -300, -226, 527, -688, 292, -434, -234, -87, -229, 
39, 561, 522, -300, -241, 541, -605, 351, -400, -219, -78, -229, 
68, 575, 507, -322, -219, 541, -541, 419, -366, -190, -63, -224, 
78, 575, 497, -326, -209, 536, -488, 478, -346, -180, -63, -234, 
58, 551, 492, -305, -217, 522, -473, 488, -346, -190, -82, -244, 
48, 546, 497, -297, -224, 522, -458, 488, -341, -204, -87, -258, 
43, 541, 497, -292, -226, 519, -439, 512, -331, -200, -82, -258, 
48, 551, 502, -300, -226, 527, -424, 551, -322, -195, -92, -263, 
39, 561, 522, -300, -241, 541, -409, 566, -326, -204, -97, -258, 
9, 531, 522, -270, -256, 527, -400, 541, -331, -219, -102, -263, 
0, 507, 507, -253, -253, 507, -395, 488, -346, -234, -102, -278, 
9, 512, 502, -261, -246, 507, -385, 473, -356, -239, -107, -287, 
9, 512, 502, -261, -246, 507, -370, 483, -370, -244, -112, -283, 
14, 512, 497, -263, -241, 505, -361, 497, -370, -244, -117, -283, 
14, 507, 492, -261, -239, 500, -361, 497, -370, -248, -126, -292, 
9, 502, 492, -256, -241, 497, -356, 497, -370, -248, -136, -292, 
14, 512, 497, -263, -241, 505, -366, 512, -380, -258, -131, -292, 
14, 512, 497, -263, -241, 505, -366, 527, -380, -258, -131, -297, 
9, 507, 497, -258, -244, 502, -366, 527, -380, -258, -131, -297, 
9, 507, 497, -258, -244, 502, -361, 517, -380, -268, -136, -297, 
4, 502, 497, -253, -246, 500, -346, 483, -375, -278, -136, -297, 
0, 497, 497, -248, -248, 497, -341, 468, -375, -278, -136, -297, 
-4, 497, 502, -246, -253, 500, -341, 483, -370, -273, -136, -292, 
-4, 492, 497, -244, -251, 495, -341, 502, -370, -268, -136, -292, 
4, 497, 492, -251, -244, 495, -336, 522, -375, -258, -136, -292, 
0, 492, 492, -246, -246, 492, -336, 522, -375, -258, -136, -292, 
0, 492, 492, -246, -246, 492, -336, 531, -375, -258, -136, -292, 
4, 492, 488, -248, -241, 490, -336, 546, -375, -258, -141, -292, 
4, 492, 488, -248, -241, 490, -346, 561, -370, -263, -151, -302, 
4, 492, 488, -248, -241, 490, -346, 551, -370, -263, -146, -302, 
0, 488, 488, -244, -244, 488, -346, 536, -370, -278, -146, -302, 
0, 488, 488, -244, -244, 488, -346, 527, -370, -278, -146, -302, 
4, 502, 497, -253, -246, 500, -336, 546, -370, -263, -136, -292, 
4, 502, 497, -253, -246, 500, -331, 561, -370, -258, -136, -292, 
4, 502, 497, -253, -246, 500, -331, 561, -366, -258, -131, -292, 
4, 502, 497, -253, -246, 500, -331, 561, -366, -258, -131, -292, 
14, 502, 488, -258, -236, 495, -346, 556, -375, -268, -136, -302, 
14, 502, 488, -258, -236, 495, -346, 570, -375, -268, -136, -302, 
14, 502, 488, -258, -236, 495, -346, 580, -375, -273, -131, -307, 
9, 502, 492, -256, -241, 497, -346, 566, -375, -278, -131, -307, 
0, 492, 492, -246, -246, 492, -336, 541, -366, -278, -141, -302, 
0, 492, 492, -246, -246, 492, -336, 527, -366, -278, -141, -297, 
4, 497, 492, -251, -244, 495, -336, 527, -366, -273, -141, -287, 
4, 497, 492, -251, -244, 495, -336, 536, -366, -273, -141, -283, 
4, 507, 502, -256, -248, 505, -346, 536, -366, -263, -141, -292, 
4, 507, 502, -256, -248, 505, -346, 527, -366, -263, -141, -287, 
4, 507, 502, -256, -248, 505, -346, 527, -366, -263, -141, -287, 
9, 507, 497, -258, -244, 502, -346, 531, -361, -263, -141, -287, 
14, 512, 497, -263, -241, 505, -346, 531, -370, -273, -131, -287, 
14, 512, 497, -263, -241, 505, -346, 522, -370, -273, -131, -287, 
9, 512, 502, -261, -246, 507, -346, 502, -366, -273, -131, -287, 
9, 512, 502, -261, -246, 507, -346, 497, -366, -268, -126, -287, 
4, 507, 502, -256, -248, 505, -336, 507, -351, -253, -136, -283, 
9, 507, 497, -258, -244, 502, -336, 517, -346, -253, -136, -278, 
9, 507, 497, -258, -244, 502, -336, 517, -346, -253, -136, -278, 
4, 507, 502, -256, -248, 505, -336, 517, -346, -253, -141, -287, 
9, 507, 497, -258, -244, 502, -346, 531, -346, -263, -141, -297, 
14, 512, 497, -263, -241, 505, -346, 541, -341, -258, -141, -292, 
19, 512, 492, -265, -236, 502, -341, 551, -341, -258, -131, -287, 
24, 512, 488, -268, -231, 500, -341, 551, -341, -258, -131, -287, 
14, 517, 502, -265, -244, 509, -336, 527, -341, -268, -136, -278, 
14, 517, 502, -265, -244, 509, -336, 527, -341, -268, -136, -278, 
19, 522, 502, -270, -241, 512, -336, 527, -336, -263, -131, -278, 
19, 522, 502, -270, -241, 512, -336, 551, -336, -263, -131, -278, 
19, 517, 497, -268, -239, 507, -346, 551, -331, -244, -131, -278, 
19, 517, 497, -268, -239, 507, -346, 551, -331, -244, -131, -278, 
24, 522, 497, -273, -236, 509, -346, 556, -326, -244, -131, -278, 
24, 522, 497, -273, -236, 509, -346, 570, -322, -239, -131, -278, 
34, 541, 507, -287, -236, 524, -346, 585, -331, -248, -126, -278, 
24, 531, 507, -278, -241, 519, -346, 585, -331, -248, -126, -278, 
24, 531, 507, -278, -241, 519, -346, 570, -331, -248, -122, -278, 
29, 531, 502, -280, -236, 517, -346, 561, -326, -248, -117, -278, 
34, 536, 502, -285, -234, 519, -336, 585, -312, -244, -117, -268, 
34, 536, 502, -285, -234, 519, -336, 600, -312, -239, -117, -263, 
34, 536, 502, -285, -234, 519, -336, 600, -312, -239, -117, -263, 
34, 536, 502, -285, -234, 519, -341, 595, -307, -234, -117, -263, 
34, 541, 507, -287, -236, 524, -341, 605, -307, -224, -117, -263, 
39, 541, 502, -290, -231, 522, -341, 619, -302, -214, -112, -263, 
43, 546, 502, -295, -229, 524, -341, 629, -302, -214, -112, -263, 
43, 546, 502, -295, -229, 524, -341, 629, -302, -214, -112, -263, 
39, 546, 507, -292, -234, 527, -346, 614, -312, -219, -112, -273, 
39, 546, 507, -292, -234, 527, -346, 610, -307, -219, -102, -273, 
43, 546, 502, -295, -229, 524, -346, 605, -302, -214, -102, -268, 
48, 556, 507, -302, -229, 531, -346, 610, -302, -219, -102, -268, 
39, 556, 517, -297, -239, 536, -341, 619, -292, -209, -102, -268, 
39, 556, 517, -297, -239, 536, -341, 614, -287, -209, -97, -263, 
39, 556, 517, -297, -239, 536, -341, 614, -283, -209, -97, -263, 
39, 561, 522, -300, -241, 541, -341, 619, -283, -200, -97, -258, 
48, 561, 512, -305, -231, 536, -341, 639, -283, -195, -92, -258, 
48, 561, 512, -305, -231, 536, -341, 639, -278, -190, -87, -258, 
48, 566, 517, -307, -234, 541, -341, 619, -273, -190, -87, -258, 
53, 575, 522, -314, -234, 549, -346, 619, -273, -185, -87, -253, 
53, 575, 522, -314, -234, 549, -356, 624, -263, -180, -92, -244, 
53, 575, 522, -314, -234, 549, -351, 639, -263, -175, -87, -239, 
53, 575, 522, -314, -234, 549, -351, 639, -253, -175, -87, -239, 
53, 575, 522, -314, -234, 549, -351, 634, -253, -175, -82, -239, 
58, 580, 522, -319, -231, 551, -351, 634, -263, -165, -82, -248, 
63, 585, 522, -324, -229, 553, -351, 649, -253, -156, -73, -244, 
73, 585, 512, -329, -219, 549, -351, 658, -248, -141, -68, -244, 
73, 585, 512, -329, -219, 549, -356, 658, -244, -136, -68, -239, 
73, 575, 502, -324, -214, 539, -356, 629, -239, -141, -68, -239, 
73, 580, 507, -326, -217, 544, -356, 629, -239, -146, -63, -229, 
73, 585, 512, -329, -219, 549, -356, 639, -234, -141, -63, -224, 
82, 585, 502, -334, -209, 544, -356, 649, -229, -141, -63, -224, 
82, 590, 507, -336, -212, 549, -356, 658, -224, -136, -53, -214, 
82, 595, 512, -339, -214, 553, -361, 644, -219, -131, -53, -214, 
87, 600, 512, -344, -212, 556, -361, 644, -219, -126, -48, -214, 
87, 600, 512, -344, -212, 556, -361, 653, -214, -122, -43, -209, 
97, 619, 522, -358, -212, 570, -366, 673, -209, -102, -34, -209, 
102, 619, 517, -361, -207, 568, -366, 673, -204, -97, -29, -200, 
107, 619, 512, -363, -202, 566, -366, 658, -200, -87, -24, -200, 
107, 624, 517, -366, -204, 570, -366, 649, -195, -82, -19, -200, 
112, 629, 517, -370, -202, 573, -366, 658, -175, -73, -14, -200, 
117, 634, 517, -375, -200, 575, -370, 668, -175, -68, -9, -195, 
122, 639, 517, -380, -197, 578, -370, 668, -170, -58, -4, -195, 
122, 639, 517, -380, -197, 578, -370, 658, -165, -58, 0, -190, 
126, 644, 517, -385, -195, 580, -370, 658, -170, -63, -4, -185, 
131, 649, 517, -390, -192, 583, -375, 668, -170, -48, 0, -180, 
136, 653, 517, -395, -190, 585, -375, 688, -165, -39, 4, -180, 
136, 658, 522, -397, -192, 590, -380, 688, -161, -34, 14, -175, 
131, 663, 531, -397, -200, 597, -380, 653, -151, -29, 19, -180, 
136, 668, 531, -402, -197, 600, -385, 653, -146, -24, 19, -175, 
146, 673, 527, -409, -190, 600, -390, 658, -141, -19, 24, -175, 
146, 673, 527, -409, -190, 600, -395, 668, -141, -9, 29, -170, 
146, 668, 522, -407, -187, 595, -405, 678, -136, -4, 29, -161, 
146, 668, 522, -407, -187, 595, -400, 668, -131, 0, 34, -161, 
146, 668, 522, -407, -187, 595, -400, 658, -126, 4, 39, -156, 
156, 678, 522, -417, -183, 600, -400, 668, -122, 9, 43, -156, 
161, 692, 531, -427, -185, 612, -400, 688, -117, 14, 48, -146, 
161, 697, 536, -429, -187, 617, -400, 688, -117, 24, 53, -141, 
161, 697, 536, -429, -187, 617, -405, 673, -112, 29, 58, -136, 
165, 702, 536, -434, -185, 619, -405, 658, -107, 29, 63, -131, 
175, 717, 541, -446, -183, 629, -405, 673, -107, 39, 73, -131, 
180, 722, 541, -451, -180, 631, -405, 678, -102, 43, 78, -126, 
180, 727, 546, -453, -183, 636, -409, 678, -102, 48, 82, -126, 
180, 727, 546, -453, -183, 636, -409, 668, -102, 48, 82, -126, 
180, 717, 536, -448, -178, 627, -409, 678, -87, 53, 78, -117, 
180, 727, 546, -453, -183, 636, -409, 688, -87, 53, 82, -117, 
180, 727, 546, -453, -183, 636, -409, 702, -82, 63, 87, -117, 
180, 727, 546, -453, -183, 636, -405, 702, -82, 63, 87, -117, 
175, 722, 546, -448, -185, 634, -405, 683, -92, 53, 82, -126, 
170, 722, 551, -446, -190, 636, -400, 678, -92, 53, 82, -126, 
165, 717, 551, -441, -192, 634, -395, 678, -92, 53, 78, -126, 
151, 717, 566, -434, -207, 641, -395, 678, -97, 43, 73, -126, 
161, 717, 556, -439, -197, 636, -395, 683, -87, 48, 73, -131, 
161, 717, 556, -439, -197, 636, -380, 673, -87, 39, 73, -136, 
151, 707, 556, -429, -202, 631, -380, 668, -97, 29, 63, -146, 
146, 702, 556, -424, -204, 629, -380, 688, -107, 19, 53, -151, 
151, 702, 551, -427, -200, 627, -380, 697, -117, 14, 43, -151, 
141, 692, 551, -417, -204, 622, -375, 688, -122, 0, 34, -156, 
122, 683, 561, -402, -219, 622, -370, 673, -136, -14, 24, -161, 
122, 678, 556, -400, -217, 617, -366, 663, -146, -34, 14, -175, 
117, 673, 556, -395, -219, 614, -361, 668, -156, -39, 19, -180, 
107, 668, 561, -387, -226, 614, -361, 673, -161, -48, 4, -185, 
102, 658, 556, -380, -226, 607, -361, 658, -170, -63, -4, -195, 
87, 653, 566, -370, -239, 610, -361, 634, -180, -68, -9, -204, 
87, 649, 561, -368, -236, 605, -356, 624, -180, -97, -29, -214, 
87, 644, 556, -366, -234, 600, -351, 629, -190, -102, -39, -214, 
78, 639, 561, -358, -241, 600, -351, 653, -200, -112, -48, -219, 
73, 629, 556, -351, -241, 592, -351, 649, -209, -131, -53, -219, 
63, 619, 556, -341, -246, 588, -341, 624, -219, -136, -63, -224, 
58, 605, 546, -331, -244, 575, -341, 614, -234, -151, -73, -234, 
53, 605, 551, -329, -248, 578, -341, 610, -248, -161, -82, -239, 
53, 600, 546, -326, -246, 573, -336, 605, -263, -165, -87, -248, 
53, 595, 541, -324, -244, 568, -341, 614, -263, -180, -82, -248, 
43, 590, 546, -317, -251, 568, -341, 595, -263, -190, -82, -248, 
43, 580, 536, -312, -246, 558, -346, 580, -268, -195, -92, -253, 
43, 580, 536, -312, -246, 558, -346, 590, -273, -195, -92, -253, 
43, 580, 536, -312, -246, 558, -346, 605, -273, -204, -92, -258, 
39, 580, 541, -309, -251, 561, -346, 595, -283, -209, -97, -263, 
34, 575, 541, -305, -253, 558, -346, 580, -287, -219, -102, -268, 
29, 570, 541, -300, -256, 556, -346, 570, -297, -229, -112, -268, 
29, 561, 531, -295, -251, 546, -346, 570, -307, -224, -117, -278, 
29, 561, 531, -295, -251, 546, -346, 570, -312, -224, -126, -278, 
29, 561, 531, -295, -251, 546, -346, 570, -312, -229, -131, -278, 
29, 556, 527, -292, -248, 541, -346, 546, -317, -229, -136, -287, 
14, 566, 551, -290, -268, 558, -356, 551, -312, -239, -126, -278, 
14, 566, 551, -290, -268, 558, -356, 556, -312, -239, -126, -278, 
19, 566, 546, -292, -263, 556, -356, 570, -312, -239, -126, -278, 
19, 566, 546, -292, -263, 556, -356, 575, -312, -244, -131, -278, 
14, 570, 556, -292, -270, 563, -356, 561, -326, -248, -136, -287, 
19, 570, 551, -295, -265, 561, -356, 551, -331, -253, -136, -287, 
29, 570, 541, -300, -256, 556, -356, 546, -331, -253, -136, -287, 
34, 570, 536, -302, -251, 553, -356, 556, -331, -253, -136, -287, 
24, 570, 546, -297, -261, 558, -356, 566, -331, -253, -136, -283, 
24, 566, 541, -295, -258, 553, -356, 561, -331, -253, -136, -283, 
19, 566, 546, -292, -263, 556, -356, 541, -331, -253, -136, -283, 
19, 566, 546, -292, -263, 556, -356, 551, -326, -253, -136, -283, 
14, 561, 546, -287, -265, 553, -356, 561, -317, -253, -136, -287, 
14, 561, 546, -287, -265, 553, -356, 561, -317, -253, -136, -287, 
14, 561, 546, -287, -265, 553, -356, 551, -317, -253, -136, -292, 
14, 561, 546, -287, -265, 553, -356, 551, -317, -253, -136, -292, 
24, 561, 536, -292, -256, 549, -346, 561, -317, -244, -136, -283, 
24, 561, 536, -292, -256, 549, -346, 575, -317, -244, -136, -283, 
24, 561, 536, -292, -256, 549, -346, 566, -322, -253, -136, -283, 
24, 561, 536, -292, -256, 549, -346, 556, -322, -253, -136, -283, 
34, 570, 536, -302, -251, 553, -346, 551, -317, -253, -136, -278, 
34, 570, 536, -302, -251, 553, -346, 566, -317, -248, -131, -278, 
34, 570, 536, -302, -251, 553, -346, 575, -317, -248, -131, -278, 
34, 570, 536, -302, -251, 553, -346, 575, -317, -248, -131, -283, 
24, 570, 546, -297, -261, 558, -356, 561, -326, -248, -131, -283, 
24, 570, 546, -297, -261, 558, -356, 556, -326, -248, -131, -283, 
24, 570, 546, -297, -261, 558, -356, 556, -326, -248, -131, -278, 
24, 570, 546, -297, -261, 558, -356, 566, -326, -248, -131, -278, 
24, 570, 546, -297, -261, 558, -346, 575, -317, -258, -131, -287, 
24, 570, 546, -297, -261, 558, -346, 551, -317, -258, -131, -287, 
24, 575, 551, -300, -263, 563, -341, 551, -317, -258, -131, -287, 
24, 575, 551, -300, -263, 563, -336, 561, -317, -258, -131, -287, 
29, 566, 536, -297, -253, 551, -346, 575, -312, -248, -131, -287, 
29, 566, 536, -297, -253, 551, -346, 575, -312, -248, -131, -287, 
19, 566, 546, -292, -263, 556, -346, 561, -312, -244, -131, -287, 
19, 566, 546, -292, -263, 556, -351, 561, -312, -239, -131, -287, 
24, 575, 551, -300, -263, 563, -341, 570, -322, -248, -131, -287, 
24, 580, 556, -302, -265, 568, -341, 575, -322, -253, -131, -287, 
24, 580, 556, -302, -265, 568, -341, 575, -322, -253, -131, -287, 
24, 580, 556, -302, -265, 568, -336, 551, -322, -258, -131, -287, 
34, 580, 546, -307, -256, 563, -336, 541, -312, -258, -131, -287, 
39, 580, 541, -309, -251, 561, -336, 561, -312, -253, -131, -287, 
39, 585, 546, -312, -253, 566, -336, 570, -312, -248, -131, -287, 
39, 585, 546, -312, -253, 566, -331, 561, -312, -248, -131, -287, 
29, 575, 546, -302, -258, 561, -331, 551, -322, -244, -131, -287, 
29, 575, 546, -302, -258, 561, -331, 551, -322, -244, -131, -287, 
29, 575, 546, -302, -258, 561, -331, 561, -322, -244, -131, -287, 
29, 575, 546, -302, -258, 561, -331, 561, -322, -244, -131, -287, 
29, 566, 536, -297, -253, 551, -331, 566, -322, -258, -141, -287, 
24, 566, 541, -295, -258, 553, -336, 561, -322, -258, -141, -287, 
24, 566, 541, -295, -258, 553, -336, 551, -326, -258, -141, -287, 
24, 570, 546, -297, -261, 558, -336, 541, -331, -258, -141, -287, 
34, 580, 546, -307, -256, 563, -336, 570, -322, -258, -131, -287, 
34, 580, 546, -307, -256, 563, -336, 561, -322, -258, -131, -287, 
34, 580, 546, -307, -256, 563, -336, 551, -326, -258, -131, -287, 
34, 575, 541, -305, -253, 558, -336, 551, -326, -258, -131, -287, 
24, 566, 541, -295, -258, 553, -326, 561, -326, -258, -141, -287, 
24, 566, 541, -295, -258, 553, -326, 561, -326, -263, -146, -287, 
19, 566, 546, -292, -263, 556, -326, 561, -331, -273, -151, -287, 
19, 566, 546, -292, -263, 556, -326, 546, -331, -273, -151, -287, 
34, 570, 536, -302, -251, 553, -336, 556, -331, -263, -141, -287, 
34, 570, 536, -302, -251, 553, -336, 561, -331, -263, -141, -287, 
34, 566, 531, -300, -248, 549, -331, 570, -331, -263, -141, -287, 
34, 566, 531, -300, -248, 549, -331, 570, -336, -268, -141, -292, 
24, 561, 536, -292, -256, 549, -331, 551, -341, -273, -151, -292, 
24, 561, 536, -292, -256, 549, -336, 546, -341, -273, -151, -292, 
24, 561, 536, -292, -256, 549, -336, 541, -341, -273, -156, -292, 
24, 561, 536, -292, -256, 549, -336, 536, -341, -268, -156, -292, 
24, 566, 541, -295, -258, 553, -346, 536, -341, -268, -156, -292, 
24, 561, 536, -292, -256, 549, -346, 527, -351, -273, -156, -292, 
24, 561, 536, -292, -256, 549, -346, 522, -351, -273, -156, -292, 
24, 561, 536, -292, -256, 549, -346, 522, -346, -273, -156, -292, 
34, 561, 527, -297, -246, 544, -341, 527, -336, -273, -146, -292, 
34, 561, 527, -297, -246, 544, -341, 527, -341, -273, -146, -297, 
34, 561, 527, -297, -246, 544, -341, 527, -346, -273, -146, -297, 
34, 561, 527, -297, -246, 544, -341, 527, -351, -278, -146, -297, 
34, 561, 527, -297, -246, 544, -341, 517, -351, -278, -146, -297, 
29, 561, 531, -295, -251, 546, -341, 522, -351, -278, -146, -297, 
29, 561, 531, -295, -251, 546, -346, 522, -351, -283, -156, -297, 
29, 561, 531, -295, -251, 546, -346, 512, -361, -283, -161, -297, 
19, 561, 541, -290, -261, 551, -351, 512, -370, -292, -161, -297, 
24, 566, 541, -295, -258, 553, -351, 512, -366, -287, -156, -297, 
24, 566, 541, -295, -258, 553, -351, 531, -366, -287, -156, -297, 
24, 566, 541, -295, -258, 553, -351, 522, -366, -287, -161, -297, 
14, 556, 541, -285, -263, 549, -361, 502, -370, -287, -161, -297, 
24, 541, 517, -283, -246, 529, -361, 492, -380, -297, -161, -302, 
24, 556, 531, -290, -253, 544, -361, 502, -380, -302, -161, -302, 
24, 556, 531, -290, -253, 544, -361, 517, -380, -302, -156, -302, 
24, 556, 531, -290, -253, 544, -361, 507, -380, -302, -156, -302, 
24, 556, 531, -290, -253, 544, -370, 497, -385, -302, -161, -302, 
29, 556, 527, -292, -248, 541, -370, 492, -385, -302, -161, -302, 
29, 561, 531, -295, -251, 546, -366, 492, -385, -297, -161, -302, 
29, 561, 531, -295, -251, 546, -366, 512, -385, -297, -161, -292, 
24, 561, 536, -292, -256, 549, -366, 512, -385, -297, -161, -292, 
24, 551, 527, -287, -251, 539, -366, 502, -390, -302, -161, -302, 
29, 561, 531, -295, -251, 546, -366, 497, -395, -302, -161, -302, 
29, 551, 522, -290, -246, 536, -370, 488, -385, -307, -161, -302, 
29, 551, 522, -290, -246, 536, -370, 492, -385, -307, -161, -307, 
29, 551, 522, -290, -246, 536, -380, 492, -385, -307, -161, -307, 
24, 546, 522, -285, -248, 534, -380, 473, -385, -307, -161, -312, 
24, 546, 522, -285, -248, 534, -380, 468, -395, -312, -170, -322, 
29, 546, 517, -287, -244, 531, -380, 488, -395, -312, -170, -317, 
29, 551, 522, -290, -246, 536, -375, 497, -395, -307, -170, -317, 
29, 551, 522, -290, -246, 536, -375, 502, -400, -307, -170, -317, 
24, 551, 527, -287, -251, 539, -370, 492, -405, -322, -175, -307, 
24, 546, 522, -285, -248, 534, -380, 483, -405, -322, -175, -307, 
24, 546, 522, -285, -248, 534, -380, 478, -405, -322, -170, -307, 
24, 546, 522, -285, -248, 534, -375, 478, -400, -322, -170, -307, 
24, 546, 522, -285, -248, 534, -385, 478, -400, -322, -175, -326, 
24, 546, 522, -285, -248, 534, -390, 468, -405, -322, -175, -326, 
24, 546, 522, -285, -248, 534, -390, 468, -405, -326, -175, -322, 
29, 546, 517, -287, -244, 531, -380, 468, -405, -326, -175, -317, 
39, 556, 517, -297, -239, 536, -380, 488, -405, -317, -165, -307, 
34, 556, 522, -295, -244, 539, -380, 483, -405, -317, -170, -312, 
24, 546, 522, -285, -248, 534, -380, 478, -405, -322, -170, -312, 
24, 546, 522, -285, -248, 534, -380, 483, -405, -322, -170, -307, 
24, 536, 512, -280, -244, 524, -375, 473, -405, -317, -180, -307, 
24, 541, 517, -283, -246, 529, -375, 478, -405, -317, -180, -312, 
24, 541, 517, -283, -246, 529, -375, 478, -405, -317, -180, -317, 
19, 541, 522, -280, -251, 531, -370, 468, -405, -322, -180, -317, 
19, 541, 522, -280, -251, 531, -380, 468, -405, -317, -180, -317, 
24, 541, 517, -283, -246, 529, -385, 478, -405, -317, -180, -317, 
24, 546, 522, -285, -248, 534, -385, 488, -409, -317, -180, -317, 
24, 546, 522, -285, -248, 534, -380, 478, -409, -317, -175, -317, 
24, 536, 512, -280, -244, 524, -380, 473, -409, -326, -165, -317, 
24, 536, 512, -280, -244, 524, -380, 463, -409, -326, -170, -317, 
24, 536, 512, -280, -244, 524, -385, 463, -409, -326, -170, -317, 
24, 536, 512, -280, -244, 524, -385, 468, -409, -322, -170, -317, 
24, 536, 512, -280, -244, 524, -380, 468, -409, -322, -180, -312, 
29, 541, 512, -285, -241, 527, -380, 458, -409, -322, -180, -307, 
29, 541, 512, -285, -241, 527, -380, 458, -409, -326, -180, -307, 
24, 536, 512, -280, -244, 524, -380, 458, -409, -326, -180, -307, 
24, 527, 502, -275, -239, 514, -385, 478, -409, -326, -180, -317, 
24, 527, 502, -275, -239, 514, -385, 478, -409, -326, -180, -317, 
24, 527, 502, -275, -239, 514, -380, 468, -414, -326, -180, -317, 
24, 527, 502, -275, -239, 514, -380, 458, -414, -326, -180, -317, 
24, 531, 507, -278, -241, 519, -380, 458, -414, -336, -180, -322, 
24, 531, 507, -278, -241, 519, -385, 463, -414, -331, -180, -322, 
24, 536, 512, -280, -244, 524, -385, 463, -414, -331, -180, -322, 
24, 546, 522, -285, -248, 534, -385, 448, -414, -336, -185, -322, 
24, 536, 512, -280, -244, 524, -385, 458, -414, -336, -175, -326, 
24, 536, 512, -280, -244, 524, -385, 468, -409, -331, -170, -326, 
24, 536, 512, -280, -244, 524, -385, 478, -409, -331, -170, -322, 
24, 536, 512, -280, -244, 524, -385, 478, -414, -331, -170, -322, 
4, 531, 527, -268, -261, 529, -385, 458, -414, -331, -175, -312, 
4, 531, 527, -268, -261, 529, -385, 448, -414, -336, -175, -312, 
14, 531, 517, -273, -251, 524, -385, 448, -414, -336, -180, -312, 
14, 531, 517, -273, -251, 524, -385, 458, -414, -331, -185, -312, 
19, 536, 517, -278, -248, 527, -390, 458, -414, -331, -185, -312, 
24, 536, 512, -280, -244, 524, -390, 448, -414, -331, -180, -312, 
29, 531, 502, -280, -236, 517, -385, 448, -414, -336, -175, -312, 
34, 527, 492, -280, -229, 509, -385, 453, -414, -336, -175, -317, 
24, 536, 512, -280, -244, 524, -385, 453, -414, -326, -175, -326, 
24, 536, 512, -280, -244, 524, -385, 453, -414, -326, -175, -322, 
19, 536, 517, -278, -248, 527, -385, 444, -414, -326, -175, -322, 
19, 541, 522, -280, -251, 531, -385, 439, -419, -326, -175, -322, 
19, 541, 522, -280, -251, 531, -395, 448, -419, -331, -180, -312, 
19, 541, 522, -280, -251, 531, -395, 458, -419, -331, -180, -312, 
19, 541, 522, -280, -251, 531, -395, 458, -419, -336, -180, -312, 
19, 541, 522, -280, -251, 531, -395, 448, -419, -341, -185, -312, 
19, 531, 512, -275, -246, 522, -385, 434, -429, -331, -185, -322, 
19, 531, 512, -275, -246, 522, -385, 448, -424, -331, -185, -322, 
19, 531, 512, -275, -246, 522, -385, 458, -424, -331, -185, -322, 
19, 531, 512, -275, -246, 522, -385, 473, -424, -331, -185, -322, 
19, 531, 512, -275, -246, 522, -390, 444, -429, -331, -185, -322, 
19, 531, 512, -275, -246, 522, -390, 429, -429, -331, -185, -322, 
19, 531, 512, -275, -246, 522, -390, 444, -429, -331, -185, -322, 
19, 531, 512, -275, -246, 522, -385, 453, -424, -331, -185, -322, 
24, 541, 517, -283, -246, 529, -385, 463, -424, -341, -175, -312, 
24, 541, 517, -283, -246, 529, -385, 429, -434, -341, -185, -322, 
14, 531, 517, -273, -251, 524, -395, 409, -434, -341, -185, -322, 
19, 536, 517, -278, -248, 527, -390, 439, -429, -331, -175, -322, 
29, 536, 507, -283, -239, 522, -390, 439, -429, -341, -185, -322, 
29, 536, 507, -283, -239, 522, -390, 439, -429, -341, -185, -322, 
29, 536, 507, -283, -239, 522, -390, 439, -429, -341, -185, -322, 
29, 536, 507, -283, -239, 522, -390, 439, -429, -341, -185, -322, 
19, 527, 507, -273, -244, 517, -400, 448, -429, -341, -185, -322, 
19, 527, 507, -273, -244, 517, -400, 448, -429, -341, -185, -322, 
19, 527, 507, -273, -244, 517, -400, 448, -429, -341, -185, -322, 
19, 527, 507, -273, -244, 517, -400, 448, -429, -341, -185, -322, 
29, 536, 507, -283, -239, 522, -400, 448, -429, -341, -185, -322, 
29, 536, 507, -283, -239, 522, -400, 448, -429, -341, -185, -322, 
29, 536, 507, -283, -239, 522, -400, 448, -429, -341, -185, -322, 
29, 536, 507, -283, -239, 522, -400, 448, -429, -341, -185, -322, 
19, 527, 507, -273, -244, 517, -390, 439, -429, -341, -185, -312, 
19, 527, 507, -273, -244, 517, -390, 439, -429, -341, -185, -312, 
19, 527, 507, -273, -244, 517, -395, 429, -429, -341, -185, -312, 
19, 527, 507, -273, -244, 517, -395, 444, -429, -341, -180, -312, 
29, 536, 507, -283, -239, 522, -395, 453, -429, -341, -190, -322, 
29, 541, 512, -285, -241, 527, -395, 444, -429, -341, -190, -322, 
29, 546, 517, -287, -244, 531, -395, 424, -429, -346, -190, -322, 
29, 551, 522, -290, -246, 536, -395, 424, -429, -346, -190, -322, 
19, 541, 522, -280, -251, 531, -390, 434, -419, -331, -180, -312, 
19, 541, 522, -280, -251, 531, -385, 444, -419, -331, -180, -312, 
19, 541, 522, -280, -251, 531, -385, 444, -419, -331, -180, -312, 
19, 541, 522, -280, -251, 531, -385, 429, -419, -331, -180, -312, 
29, 541, 512, -285, -241, 527, -395, 429, -419, -341, -170, -312, 
29, 546, 517, -287, -244, 531, -390, 444, -414, -336, -170, -312, 
34, 556, 522, -295, -244, 539, -385, 468, -405, -331, -170, -307, 
34, 566, 531, -300, -248, 549, -380, 458, -405, -331, -161, -302, 
43, 575, 531, -309, -244, 553, -375, 468, -400, -322, -165, -307, 
39, 580, 541, -309, -251, 561, -366, 468, -400, -317, -165, -302, 
39, 585, 546, -312, -253, 566, -356, 478, -400, -312, -161, -297, 
43, 585, 541, -314, -248, 563, -346, 497, -395, -307, -161, -297, 
34, 580, 546, -307, -256, 563, -351, 488, -385, -307, -161, -297, 
34, 580, 546, -307, -256, 563, -346, 478, -385, -307, -161, -297, 
34, 580, 546, -307, -256, 563, -346, 478, -385, -307, -156, -302, 
39, 590, 551, -314, -256, 570, -346, 488, -385, -302, -156, -302, 
39, 590, 551, -314, -256, 570, -336, 492, -395, -312, -146, -292, 
39, 590, 551, -314, -256, 570, -336, 492, -400, -312, -151, -287, 
39, 590, 551, -314, -256, 570, -341, 478, -400, -317, -151, -287, 
39, 590, 551, -314, -256, 570, -346, 478, -400, -317, -141, -283, 
53, 605, 551, -329, -248, 578, -346, 488, -390, -312, -141, -287, 
53, 610, 556, -331, -251, 583, -351, 497, -390, -302, -146, -283, 
58, 614, 556, -336, -248, 585, -356, 497, -390, -302, -141, -278, 
63, 614, 551, -339, -244, 583, -366, 483, -390, -302, -141, -278, 
82, 634, 551, -358, -234, 592, -370, 483, -385, -287, -131, -263, 
92, 644, 551, -368, -229, 597, -375, 492, -370, -283, -131, -263, 
97, 644, 546, -370, -224, 595, -380, 507, -366, -283, -131, -263, 
97, 639, 541, -368, -222, 590, -385, 497, -366, -283, -136, -268, 
97, 619, 522, -358, -212, 570, -385, 492, -375, -287, -136, -268, 
97, 619, 522, -358, -212, 570, -385, 483, -375, -287, -136, -268, 
102, 619, 517, -361, -207, 568, -380, 497, -375, -283, -136, -268, 
107, 619, 512, -363, -202, 566, -380, 507, -375, -283, -136, -273, 
97, 610, 512, -353, -207, 561, -375, 492, -390, -297, -146, -283, 
92, 610, 517, -351, -212, 563, -380, 473, -390, -297, -146, -283, 
92, 610, 517, -351, -212, 563, -380, 468, -390, -297, -146, -283, 
92, 610, 517, -351, -212, 563, -380, 473, -390, -297, -146, -283, 
92, 619, 527, -356, -217, 573, -395, 483, -380, -297, -146, -283, 
92, 614, 522, -353, -214, 568, -400, 468, -385, -297, -146, -283, 
92, 605, 512, -348, -209, 558, -405, 439, -390, -307, -151, -283, 
87, 605, 517, -346, -214, 561, -405, 439, -400, -307, -151, -283, 
87, 600, 512, -344, -212, 556, -414, 444, -409, -307, -156, -287, 
87, 595, 507, -341, -209, 551, -424, 444, -409, -312, -161, -287, 
87, 590, 502, -339, -207, 546, -424, 439, -414, -312, -161, -292, 
73, 580, 507, -326, -217, 544, -419, 429, -419, -322, -170, -302, 
63, 570, 507, -317, -222, 539, -405, 439, -409, -326, -170, -302, 
53, 561, 507, -307, -226, 534, -405, 448, -409, -326, -175, -307, 
48, 551, 502, -300, -226, 527, -405, 448, -419, -326, -180, -312, 
43, 536, 492, -290, -224, 514, -414, 444, -429, -331, -180, -317, 
43, 527, 483, -285, -219, 505, -414, 419, -434, -351, -185, -322, 
43, 531, 488, -287, -222, 509, -414, 414, -434, -356, -190, -326, 
43, 531, 488, -287, -222, 509, -419, 414, -439, -356, -195, -326, 
39, 527, 488, -283, -224, 507, -419, 424, -444, -356, -200, -331, 
29, 517, 488, -273, -229, 502, -419, 405, -453, -351, -195, -336, 
29, 512, 483, -270, -226, 497, -429, 390, -463, -356, -200, -336, 
29, 512, 483, -270, -226, 497, -429, 375, -468, -356, -200, -336, 
24, 512, 488, -268, -231, 500, -429, 395, -468, -356, -200, -336, 
24, 522, 497, -273, -236, 509, -429, 405, -458, -366, -209, -336, 
24, 517, 492, -270, -234, 505, -429, 390, -458, -366, -214, -336, 
29, 517, 488, -273, -229, 502, -429, 375, -458, -370, -214, -341, 
29, 517, 488, -273, -229, 502, -429, 375, -458, -375, -214, -341, 
24, 517, 492, -270, -234, 505, -434, 385, -468, -375, -214, -341, 
24, 517, 492, -270, -234, 505, -434, 395, -468, -370, -214, -341, 
19, 512, 492, -265, -236, 502, -429, 395, -468, -370, -214, -336, 
14, 512, 497, -263, -241, 505, -429, 385, -468, -370, -214, -336, 
24, 502, 478, -263, -226, 490, -429, 385, -463, -361, -204, -336, 
29, 507, 478, -268, -224, 492, -429, 395, -463, -356, -204, -336, 
29, 507, 478, -268, -224, 492, -424, 405, -453, -356, -204, -336, 
29, 507, 478, -268, -224, 492, -424, 405, -453, -356, -204, -336, 
14, 517, 502, -265, -244, 509, -424, 390, -463, -370, -204, -336, 
14, 517, 502, -265, -244, 509, -429, 380, -463, -370, -204, -336, 
19, 517, 497, -268, -239, 507, -429, 380, -463, -370, -204, -336, 
24, 522, 497, -273, -236, 509, -429, 390, -463, -366, -204, -341, 
24, 522, 497, -273, -236, 509, -429, 390, -463, -366, -209, -341, 
19, 512, 492, -265, -236, 502, -424, 375, -468, -366, -209, -341, 
19, 512, 492, -265, -236, 502, -424, 375, -468, -366, -209, -341, 
19, 512, 492, -265, -236, 502, -424, 385, -468, -366, -209, -341, 
19, 507, 488, -263, -234, 497, -414, 405, -453, -366, -209, -331, 
19, 507, 488, -263, -234, 497, -414, 385, -448, -366, -209, -331, 
24, 517, 492, -270, -234, 505, -390, 395, -439, -356, -209, -331, 
14, 522, 507, -268, -246, 514, -356, 453, -414, -356, -209, -331, 
24, 522, 497, -273, -236, 509, -326, 522, -405, -346, -209, -341, 
24, 507, 483, -265, -229, 495, -292, 551, -375, -326, -209, -346, 
9, 497, 488, -253, -239, 492, -253, 575, -341, -317, -200, -356, 
9, 517, 507, -263, -248, 512, -234, 610, -297, -287, -180, -336, 
29, 546, 517, -287, -244, 531, -239, 658, -239, -239, -151, -307, 
53, 575, 522, -314, -234, 549, -224, 736, -170, -170, -112, -287, 
82, 614, 531, -348, -224, 573, -200, 814, -73, -68, -43, -244, 
141, 673, 531, -407, -195, 602, -209, 878, 53, 53, 34, -185, 
190, 775, 585, -483, -197, 680, -312, 912, 185, 200, 151, -112, 
278, 922, 644, -600, -183, 783, -468, 932, 322, 375, 283, -4, 
405, 1098, 692, -751, -143, 895, -663, 927, 463, 570, 439, 117, 
531, 1249, 717, -890, -92, 983, -902, 868, 575, 766, 605, 248, 
649, 1385, 736, -1017, -43, 1061, -1171, 692, 629, 932, 756, 366, 
766, 1532, 766, -1149, 0, 1149, -1439, 502, 653, 1093, 893, 483, 
854, 1654, 800, -1254, 26, 1227, -1600, 448, 746, 1288, 1034, 590, 
907, 1703, 795, -1305, 56, 1249, -1673, 507, 907, 1473, 1132, 658, 
932, 1678, 746, -1305, 92, 1212, -1717, 566, 1039, 1610, 1166, 658, 
893, 1610, 717, -1251, 87, 1163, -1722, 561, 1078, 1615, 1137, 624, 
810, 1537, 727, -1173, 41, 1132, -1698, 488, 941, 1464, 1044, 575, 
746, 1449, 702, -1098, 21, 1076, -1668, 400, 736, 1244, 917, 502, 
683, 1361, 678, -1022, 2, 1019, -1581, 361, 561, 1029, 790, 424, 
595, 1254, 658, -924, -31, 956, -1468, 326, 366, 771, 639, 326, 
483, 1098, 614, -790, -65, 856, -1346, 229, 82, 414, 434, 180, 
375, 941, 566, -658, -95, 753, -1224, 126, -200, 78, 219, 29, 
248, 810, 561, -529, -156, 685, -1102, 68, -429, -170, 43, -92, 
141, 692, 551, -417, -204, 622, -1010, 34, -590, -331, -73, -180, 
112, 639, 527, -375, -207, 583, -922, 63, -605, -370, -126, -224, 
107, 624, 517, -366, -204, 570, -819, 136, -536, -331, -136, -244, 
87, 600, 512, -344, -212, 556, -717, 214, -483, -312, -136, -268, 
87, 600, 512, -344, -212, 556, -644, 283, -448, -297, -126, -258, 
107, 624, 517, -366, -204, 570, -590, 361, -405, -268, -112, -253, 
107, 614, 507, -361, -200, 561, -546, 400, -395, -258, -112, -263, 
87, 590, 502, -339, -207, 546, -522, 390, -385, -268, -131, -273, 
78, 585, 507, -331, -214, 546, -517, 400, -380, -283, -136, -278, 
73, 590, 517, -331, -222, 553, -507, 424, -380, -278, -141, -287, 
58, 590, 531, -324, -236, 561, -492, 453, -380, -273, -141, -292, 
48, 580, 531, -314, -241, 556, -478, 439, -375, -273, -146, -287, 
39, 570, 531, -305, -246, 551, -468, 405, -390, -297, -161, -302, 
39, 566, 527, -302, -244, 546, -453, 380, -405, -312, -161, -307, 
48, 570, 522, -309, -236, 546, -424, 395, -414, -307, -165, -307, 
43, 566, 522, -305, -239, 544, -419, 405, -419, -322, -175, -312, 
43, 561, 517, -302, -236, 539, -409, 419, -419, -322, -175, -312, 
39, 551, 512, -295, -236, 531, -409, 419, -419, -326, -180, -322, 
29, 541, 512, -285, -241, 527, -405, 419, -419, -326, -185, -322, 
34, 541, 507, -287, -236, 524, -414, 414, -419, -326, -180, -322, 
34, 541, 507, -287, -236, 524, -414, 429, -419, -326, -180, -326, 
29, 536, 507, -283, -239, 522, -414, 429, -419, -326, -180, -326, 
29, 536, 507, -283, -239, 522, -409, 419, -419, -336, -185, -326, 
29, 536, 507, -283, -239, 522, -405, 405, -424, -336, -195, -326, 
29, 536, 507, -283, -239, 522, -400, 390, -424, -336, -195, -326, 
29, 541, 512, -285, -241, 527, -400, 405, -419, -331, -195, -322, 
34, 541, 507, -287, -236, 524, -400, 424, -419, -326, -195, -322, 
24, 527, 502, -275, -239, 514, -395, 434, -424, -336, -195, -331, 
19, 522, 502, -270, -241, 512, -395, 434, -424, -336, -195, -331, 
19, 522, 502, -270, -241, 512, -395, 444, -424, -336, -195, -331, 
24, 522, 497, -273, -236, 509, -395, 458, -424, -336, -200, -331, 
34, 527, 492, -280, -229, 509, -395, 468, -409, -331, -200, -322, 
34, 531, 497, -283, -231, 514, -395, 453, -409, -331, -195, -322, 
29, 531, 502, -280, -236, 517, -395, 434, -409, -346, -195, -322, 
29, 536, 507, -283, -239, 522, -395, 419, -409, -346, -195, -322, 
34, 531, 497, -283, -231, 514, -405, 444, -419, -351, -204, -331, 
34, 531, 497, -283, -231, 514, -400, 463, -419, -346, -204, -331, 
34, 531, 497, -283, -231, 514, -400, 468, -414, -346, -200, -331, 
34, 531, 497, -283, -231, 514, -400, 473, -414, -346, -200, -331, 
34, 541, 507, -287, -236, 524, -395, 473, -414, -336, -195, -331, 
34, 541, 507, -287, -236, 524, -395, 483, -414, -336, -195, -331, 
34, 541, 507, -287, -236, 524, -395, 488, -414, -341, -190, -336, 
29, 541, 512, -285, -241, 527, -395, 468, -414, -346, -190, -336, 
29, 541, 512, -285, -241, 527, -405, 463, -414, -346, -190, -326, 
29, 541, 512, -285, -241, 527, -405, 448, -414, -346, -190, -326, 
34, 546, 512, -290, -239, 529, -405, 448, -414, -341, -190, -322, 
34, 546, 512, -290, -239, 529, -405, 458, -414, -341, -190, -322, 
34, 546, 512, -290, -239, 529, -395, 458, -414, -341, -200, -331, 
34, 546, 512, -290, -239, 529, -395, 448, -414, -341, -200, -326, 
34, 546, 512, -290, -239, 529, -395, 448, -414, -341, -200, -326, 
39, 546, 507, -292, -234, 527, -395, 453, -409, -341, -200, -326, 
34, 541, 507, -287, -236, 524, -405, 458, -419, -341, -190, -326, 
34, 541, 507, -287, -236, 524, -405, 444, -419, -341, -190, -326, 
29, 541, 512, -285, -241, 527, -405, 419, -414, -341, -190, -326, 
29, 541, 512, -285, -241, 527, -405, 409, -414, -336, -185, -326, 
43, 556, 512, -300, -234, 534, -405, 424, -400, -331, -175, -312, 
48, 556, 507, -302, -229, 531, -405, 439, -395, -331, -175, -307, 
48, 556, 507, -302, -229, 531, -405, 444, -395, -331, -175, -307, 
43, 556, 512, -300, -234, 534, -405, 448, -395, -331, -180, -317, 
53, 556, 502, -305, -224, 529, -395, 444, -395, -341, -185, -317, 
53, 561, 507, -307, -226, 534, -395, 453, -390, -336, -190, -312, 
53, 561, 507, -307, -226, 534, -390, 463, -390, -336, -185, -307, 
53, 561, 507, -307, -226, 534, -390, 463, -390, -336, -190, -307, 
53, 556, 502, -305, -224, 529, -405, 453, -390, -326, -185, -317, 
53, 556, 502, -305, -224, 529, -405, 458, -390, -326, -185, -317, 
58, 561, 502, -309, -222, 531, -405, 463, -385, -322, -180, -317, 
58, 561, 502, -309, -222, 531, -405, 492, -385, -322, -180, -317, 
48, 566, 517, -307, -234, 541, -405, 483, -390, -322, -180, -317, 
48, 566, 517, -307, -234, 541, -405, 483, -390, -322, -180, -317, 
53, 570, 517, -312, -231, 544, -405, 488, -385, -322, -180, -317, 
53, 570, 517, -312, -231, 544, -405, 502, -380, -317, -180, -317, 
63, 570, 507, -317, -222, 539, -395, 512, -370, -317, -175, -317, 
53, 561, 507, -307, -226, 534, -395, 507, -370, -317, -175, -317, 
53, 561, 507, -307, -226, 534, -395, 488, -370, -317, -170, -317, 
58, 561, 502, -309, -222, 531, -395, 473, -366, -317, -165, -317, 
53, 575, 522, -314, -234, 549, -405, 492, -361, -302, -165, -307, 
53, 575, 522, -314, -234, 549, -405, 512, -361, -297, -165, -302, 
53, 575, 522, -314, -234, 549, -405, 517, -361, -297, -165, -302, 
53, 575, 522, -314, -234, 549, -409, 517, -356, -292, -165, -302, 
63, 580, 517, -322, -226, 549, -409, 517, -356, -302, -165, -302, 
68, 580, 512, -324, -222, 546, -409, 531, -351, -292, -161, -302, 
73, 585, 512, -329, -219, 549, -409, 541, -351, -292, -161, -302, 
73, 585, 512, -329, -219, 549, -409, 541, -351, -292, -161, -302, 
78, 585, 507, -331, -214, 546, -405, 531, -351, -292, -170, -302, 
78, 585, 507, -331, -214, 546, -405, 531, -346, -287, -161, -302, 
82, 585, 502, -334, -209, 544, -405, 531, -341, -278, -161, -297, 
87, 595, 507, -341, -209, 551, -405, 541, -341, -278, -161, -297, 
82, 585, 502, -334, -209, 544, -409, 531, -341, -278, -161, -307, 
78, 585, 507, -331, -214, 546, -409, 527, -336, -278, -156, -302, 
73, 585, 512, -329, -219, 549, -409, 527, -331, -278, -156, -302, 
68, 590, 522, -329, -226, 556, -409, 531, -331, -268, -156, -297, 
87, 600, 512, -344, -212, 556, -419, 541, -331, -273, -151, -297, 
87, 600, 512, -344, -212, 556, -419, 541, -326, -268, -146, -297, 
87, 605, 517, -346, -214, 561, -419, 522, -322, -268, -146, -297, 
92, 614, 522, -353, -214, 568, -424, 522, -322, -263, -146, -292, 
82, 605, 522, -344, -219, 563, -414, 541, -312, -248, -131, -292, 
82, 605, 522, -344, -219, 563, -409, 561, -312, -244, -126, -287, 
82, 605, 522, -344, -219, 563, -409, 566, -302, -244, -126, -287, 
82, 605, 522, -344, -219, 563, -409, 566, -302, -244, -122, -287, 
97, 610, 512, -353, -207, 561, -419, 556, -302, -244, -131, -278, 
102, 614, 512, -358, -204, 563, -419, 570, -292, -234, -122, -273, 
112, 614, 502, -363, -195, 558, -419, 580, -287, -219, -117, -273, 
112, 614, 502, -363, -195, 558, -424, 580, -283, -214, -117, -268, 
102, 614, 512, -358, -204, 563, -424, 561, -287, -214, -117, -273, 
102, 619, 517, -361, -207, 568, -424, 561, -287, -214, -112, -268, 
102, 624, 522, -363, -209, 573, -424, 570, -283, -204, -112, -268, 
112, 624, 512, -368, -200, 568, -424, 580, -278, -200, -112, -273, 
112, 639, 527, -375, -207, 583, -424, 580, -273, -204, -102, -263, 
112, 644, 531, -378, -209, 588, -429, 566, -268, -200, -102, -263, 
117, 649, 531, -383, -207, 590, -429, 566, -268, -195, -97, -263, 
117, 649, 531, -383, -207, 590, -429, 575, -263, -190, -92, -258, 
126, 658, 531, -392, -202, 595, -434, 585, -268, -180, -92, -258, 
131, 658, 527, -395, -197, 592, -434, 585, -263, -175, -87, -248, 
136, 658, 522, -397, -192, 590, -434, 570, -258, -165, -82, -248, 
136, 663, 527, -400, -195, 595, -434, 561, -253, -161, -78, -248, 
141, 658, 517, -400, -187, 588, -444, 580, -244, -161, -73, -248, 
146, 663, 517, -405, -185, 590, -448, 590, -244, -156, -68, -244, 
151, 668, 517, -409, -183, 592, -448, 590, -239, -146, -63, -244, 
151, 668, 517, -409, -183, 592, -448, 580, -234, -146, -58, -239, 
165, 678, 512, -422, -173, 595, -448, 570, -219, -141, -53, -224, 
170, 688, 517, -429, -173, 602, -453, 580, -219, -126, -48, -219, 
175, 697, 522, -436, -173, 610, -453, 600, -214, -117, -43, -219, 
175, 707, 531, -441, -178, 619, -458, 600, -209, -112, -34, -214, 
170, 702, 531, -436, -180, 617, -458, 580, -209, -107, -39, -219, 
175, 707, 531, -441, -178, 619, -463, 585, -204, -102, -39, -214, 
185, 712, 527, -448, -170, 619, -468, 595, -200, -97, -34, -214, 
185, 712, 527, -448, -170, 619, -473, 610, -200, -87, -29, -209, 
175, 707, 531, -441, -178, 619, -473, 600, -195, -73, -19, -200, 
175, 707, 531, -441, -178, 619, -468, 590, -190, -68, -14, -200, 
175, 707, 531, -441, -178, 619, -468, 580, -185, -63, -9, -195, 
185, 717, 531, -451, -173, 624, -468, 590, -180, -58, -4, -195, 
190, 732, 541, -461, -175, 636, -458, 610, -175, -63, 9, -195, 
190, 736, 546, -463, -178, 641, -458, 610, -175, -53, 14, -190, 
190, 736, 546, -463, -178, 641, -463, 595, -170, -48, 19, -185, 
195, 741, 546, -468, -175, 644, -463, 580, -165, -48, 24, -180, 
204, 736, 531, -470, -163, 634, -473, 605, -165, -39, 14, -180, 
209, 741, 531, -475, -161, 636, -473, 610, -161, -34, 19, -175, 
209, 746, 536, -478, -163, 641, -478, 610, -161, -29, 24, -175, 
209, 746, 536, -478, -163, 641, -478, 600, -161, -29, 24, -175, 
209, 756, 546, -483, -168, 651, -478, 590, -146, -24, 29, -165, 
209, 766, 556, -488, -173, 661, -478, 600, -146, -24, 34, -165, 
209, 766, 556, -488, -173, 661, -478, 614, -141, -14, 39, -165, 
209, 766, 556, -488, -173, 661, -473, 614, -141, -14, 39, -165, 
219, 771, 551, -495, -165, 661, -473, 610, -141, -24, 43, -165, 
219, 771, 551, -495, -165, 661, -468, 610, -141, -24, 43, -165, 
219, 766, 546, -492, -163, 656, -463, 614, -141, -24, 39, -165, 
209, 766, 556, -488, -173, 661, -463, 619, -146, -34, 34, -165, 
200, 766, 566, -483, -183, 666, -463, 610, -146, -29, 24, -170, 
200, 766, 566, -483, -183, 666, -448, 595, -146, -39, 24, -175, 
190, 756, 566, -473, -187, 661, -448, 585, -156, -48, 14, -185, 
185, 751, 566, -468, -190, 658, -448, 600, -165, -58, 4, -190, 
180, 746, 566, -463, -192, 656, -439, 619, -175, -63, -14, -209, 
170, 732, 561, -451, -195, 646, -434, 610, -180, -78, -24, -214, 
151, 717, 566, -434, -207, 641, -429, 595, -195, -92, -34, -219, 
151, 707, 556, -429, -202, 631, -424, 585, -204, -112, -43, -234, 
146, 712, 566, -429, -209, 639, -419, 585, -204, -126, -39, -234, 
136, 707, 570, -422, -217, 639, -419, 595, -209, -136, -53, -234, 
131, 697, 566, -414, -217, 631, -419, 585, -219, -151, -63, -239, 
117, 692, 575, -405, -229, 634, -419, 566, -229, -156, -68, -244, 
117, 688, 570, -402, -226, 629, -414, 561, -248, -165, -78, -253, 
117, 683, 566, -400, -224, 624, -409, 561, -258, -170, -87, -253, 
107, 678, 570, -392, -231, 624, -409, 580, -268, -180, -97, -258, 
102, 668, 566, -385, -231, 617, -409, 570, -278, -200, -102, -258, 
102, 668, 566, -385, -231, 617, -409, 556, -273, -214, -112, -273, 
97, 653, 556, -375, -229, 605, -409, 556, -283, -229, -122, -283, 
92, 653, 561, -373, -234, 607, -409, 561, -292, -239, -131, -287, 
92, 649, 556, -370, -231, 602, -405, 566, -302, -244, -136, -297, 
92, 644, 551, -368, -229, 597, -400, 551, -322, -248, -131, -297, 
82, 639, 556, -361, -236, 597, -400, 527, -322, -258, -131, -297, 
82, 629, 546, -356, -231, 588, -405, 507, -326, -263, -141, -302, 
82, 629, 546, -356, -231, 588, -405, 512, -331, -263, -141, -302, 
73, 619, 546, -346, -236, 583, -405, 536, -331, -273, -146, -307, 
68, 619, 551, -344, -241, 585, -405, 527, -341, -278, -156, -312, 
63, 614, 551, -339, -244, 583, -405, 512, -346, -287, -165, -317, 
58, 610, 551, -334, -246, 580, -405, 502, -356, -297, -180, -317, 
68, 619, 551, -344, -241, 585, -414, 512, -346, -292, -175, -317, 
68, 619, 551, -344, -241, 585, -414, 512, -351, -292, -175, -317, 
68, 619, 551, -344, -241, 585, -414, 512, -351, -297, -170, -317, 
68, 614, 546, -341, -239, 580, -414, 488, -356, -297, -165, -326, 
63, 605, 541, -334, -239, 573, -405, 478, -361, -307, -170, -326, 
63, 605, 541, -334, -239, 573, -405, 478, -361, -307, -175, -326, 
68, 605, 536, -336, -234, 570, -405, 488, -361, -307, -180, -326, 
68, 605, 536, -336, -234, 570, -405, 488, -361, -312, -190, -326, 
58, 600, 541, -329, -241, 570, -409, 483, -366, -307, -185, -336, 
58, 600, 541, -329, -241, 570, -414, 483, -370, -312, -185, -336, 
63, 600, 536, -331, -236, 568, -419, 488, -370, -312, -185, -336, 
63, 600, 536, -331, -236, 568, -424, 507, -370, -312, -185, -336, 
63, 610, 546, -336, -241, 578, -414, 502, -380, -312, -185, -336, 
63, 605, 541, -334, -239, 573, -414, 492, -380, -312, -185, -331, 
58, 605, 546, -331, -244, 575, -414, 468, -380, -312, -185, -326, 
58, 605, 546, -331, -244, 575, -414, 473, -375, -312, -185, -322, 
53, 610, 556, -331, -251, 583, -424, 492, -375, -312, -185, -326, 
53, 610, 556, -331, -251, 583, -424, 492, -375, -312, -185, -326, 
53, 610, 556, -331, -251, 583, -424, 483, -375, -312, -185, -331, 
53, 610, 556, -331, -251, 583, -424, 483, -375, -312, -185, -331, 
53, 619, 566, -336, -256, 592, -414, 483, -375, -312, -185, -331, 
53, 619, 566, -336, -256, 592, -414, 497, -375, -312, -185, -331, 
53, 619, 566, -336, -256, 592, -414, 488, -380, -322, -185, -331, 
53, 619, 566, -336, -256, 592, -414, 478, -380, -322, -185, -331, 
53, 619, 566, -336, -256, 592, -424, 463, -375, -322, -185, -326, 
53, 619, 566, -336, -256, 592, -424, 478, -375, -317, -180, -326, 
53, 619, 566, -336, -256, 592, -424, 488, -375, -317, -180, -326, 
53, 619, 566, -336, -256, 592, -424, 488, -375, -317, -180, -331, 
63, 619, 556, -341, -246, 588, -424, 488, -366, -307, -190, -341, 
63, 619, 556, -341, -246, 588, -424, 488, -366, -307, -190, -341, 
63, 619, 556, -341, -246, 588, -424, 492, -366, -307, -190, -336, 
63, 619, 556, -341, -246, 588, -424, 507, -366, -307, -190, -336, 
53, 619, 566, -336, -256, 592, -414, 497, -366, -317, -180, -336, 
53, 619, 566, -336, -256, 592, -414, 473, -366, -317, -180, -336, 
53, 624, 570, -339, -258, 597, -409, 473, -366, -317, -180, -336, 
53, 624, 570, -339, -258, 597, -405, 483, -366, -317, -180, -336, 
68, 624, 556, -346, -244, 590, -405, 488, -370, -317, -190, -336, 
68, 624, 556, -346, -244, 590, -405, 488, -370, -317, -190, -336, 
58, 624, 566, -341, -253, 595, -405, 473, -370, -312, -190, -336, 
58, 624, 566, -341, -253, 595, -409, 473, -370, -307, -190, -336, 
63, 614, 551, -339, -244, 583, -409, 492, -370, -317, -190, -326, 
63, 619, 556, -341, -246, 588, -409, 497, -370, -322, -190, -326, 
63, 619, 556, -341, -246, 588, -409, 497, -370, -322, -190, -326, 
63, 619, 556, -341, -246, 588, -405, 473, -370, -326, -190, -326, 
53, 619, 566, -336, -256, 592, -405, 463, -370, -317, -180, -326, 
58, 619, 561, -339, -251, 590, -405, 483, -370, -312, -180, -326, 
58, 624, 566, -341, -253, 595, -405, 492, -370, -307, -180, -326, 
58, 624, 566, -341, -253, 595, -400, 483, -370, -307, -180, -326, 
68, 614, 546, -341, -239, 580, -409, 483, -370, -312, -190, -326, 
68, 614, 546, -341, -239, 580, -409, 483, -370, -312, -190, -326, 
68, 614, 546, -341, -239, 580, -409, 492, -370, -312, -190, -326, 
68, 614, 546, -341, -239, 580, -409, 492, -370, -312, -190, -326, 
68, 624, 556, -346, -244, 590, -405, 478, -370, -326, -190, -326, 
63, 624, 561, -344, -248, 592, -405, 473, -370, -326, -190, -326, 
63, 624, 561, -344, -248, 592, -400, 463, -375, -326, -190, -326, 
63, 629, 566, -346, -251, 597, -395, 453, -380, -326, -190, -326, 
53, 629, 575, -341, -261, 602, -405, 483, -380, -317, -190, -326, 
53, 629, 575, -341, -261, 602, -405, 473, -380, -317, -190, -326, 
53, 629, 575, -341, -261, 602, -405, 463, -385, -317, -190, -326, 
53, 624, 570, -339, -258, 597, -405, 463, -385, -317, -190, -326, 
58, 634, 575, -346, -258, 605, -405, 463, -375, -326, -190, -336, 
63, 634, 570, -348, -253, 602, -405, 463, -375, -331, -195, -336, 
63, 634, 570, -348, -253, 602, -405, 463, -380, -341, -200, -336, 
68, 634, 566, -351, -248, 600, -405, 448, -380, -341, -200, -336, 
63, 634, 570, -348, -253, 602, -414, 448, -390, -331, -200, -336, 
63, 629, 566, -346, -251, 597, -414, 453, -390, -331, -200, -336, 
63, 619, 556, -341, -246, 588, -409, 463, -390, -331, -200, -336, 
63, 614, 551, -339, -244, 583, -409, 463, -395, -336, -200, -341, 
58, 610, 551, -334, -246, 580, -409, 458, -400, -341, -190, -341, 
53, 610, 556, -331, -251, 583, -414, 458, -400, -341, -190, -341, 
48, 610, 561, -329, -256, 585, -414, 458, -400, -341, -195, -341, 
43, 610, 566, -326, -261, 588, -414, 458, -400, -336, -195, -341, 
53, 610, 556, -331, -251, 583, -414, 448, -400, -336, -195, -341, 
53, 610, 556, -331, -251, 583, -414, 439, -409, -341, -195, -341, 
53, 614, 561, -334, -253, 588, -414, 434, -409, -341, -195, -341, 
53, 619, 566, -336, -256, 592, -414, 434, -405, -341, -195, -341, 
63, 610, 546, -336, -241, 578, -419, 439, -405, -341, -204, -341, 
63, 610, 546, -336, -241, 578, -419, 439, -409, -341, -204, -346, 
63, 610, 546, -336, -241, 578, -419, 439, -414, -341, -204, -346, 
63, 610, 546, -336, -241, 578, -419, 439, -419, -346, -204, -346, 
53, 600, 546, -326, -246, 573, -419, 439, -409, -356, -204, -346, 
48, 600, 551, -324, -251, 575, -419, 444, -409, -356, -204, -346, 
48, 600, 551, -324, -251, 575, -424, 444, -409, -361, -214, -346, 
48, 600, 551, -324, -251, 575, -424, 434, -419, -361, -219, -346, 
53, 610, 556, -331, -251, 583, -419, 434, -419, -361, -209, -356, 
63, 614, 551, -339, -244, 583, -419, 434, -414, -356, -204, -356, 
68, 614, 546, -341, -239, 580, -419, 453, -414, -356, -204, -356, 
73, 614, 541, -344, -234, 578, -419, 444, -414, -356, -209, -356, 
63, 610, 546, -336, -241, 578, -429, 424, -419, -356, -209, -346, 
73, 600, 527, -336, -226, 563, -429, 414, -429, -366, -209, -351, 
73, 619, 546, -346, -236, 583, -429, 424, -429, -370, -209, -351, 
73, 624, 551, -348, -239, 588, -429, 439, -429, -370, -204, -351, 
63, 605, 541, -334, -239, 573, -429, 419, -439, -370, -204, -351, 
63, 605, 541, -334, -239, 573, -439, 409, -444, -370, -209, -351, 
68, 605, 536, -336, -234, 570, -439, 405, -444, -370, -209, -351, 
68, 610, 541, -339, -236, 575, -434, 405, -444, -366, -209, -351, 
58, 610, 551, -334, -246, 580, -434, 414, -444, -375, -209, -351, 
53, 610, 556, -331, -251, 583, -434, 414, -444, -375, -209, -351, 
53, 600, 546, -326, -246, 573, -434, 405, -448, -380, -209, -361, 
58, 610, 551, -334, -246, 580, -434, 400, -453, -380, -209, -361, 
68, 610, 541, -339, -236, 575, -439, 409, -444, -375, -209, -351, 
68, 610, 541, -339, -236, 575, -439, 414, -444, -375, -209, -356, 
68, 610, 541, -339, -236, 575, -448, 414, -444, -375, -209, -356, 
63, 605, 541, -334, -239, 573, -448, 395, -444, -375, -209, -361, 
53, 605, 551, -329, -248, 578, -439, 385, -444, -380, -209, -361, 
58, 605, 546, -331, -244, 575, -439, 400, -444, -380, -209, -356, 
58, 610, 551, -334, -246, 580, -434, 405, -444, -375, -209, -356, 
58, 610, 551, -334, -246, 580, -434, 405, -448, -375, -209, -356, 
63, 610, 546, -336, -241, 578, -429, 400, -453, -380, -214, -356, 
63, 605, 541, -334, -239, 573, -439, 395, -453, -380, -214, -356, 
63, 605, 541, -334, -239, 573, -439, 395, -453, -380, -209, -356, 
63, 605, 541, -334, -239, 573, -434, 400, -448, -380, -209, -356, 
53, 605, 551, -329, -248, 578, -444, 395, -448, -390, -224, -356, 
53, 605, 551, -329, -248, 578, -448, 380, -453, -390, -224, -356, 
53, 605, 551, -329, -248, 578, -448, 375, -453, -395, -224, -351, 
58, 605, 546, -331, -244, 575, -439, 370, -453, -395, -224, -346, 
68, 614, 546, -341, -239, 580, -448, 385, -463, -385, -224, -356, 
63, 614, 551, -339, -244, 583, -448, 375, -463, -385, -229, -361, 
53, 605, 551, -329, -248, 578, -448, 366, -463, -390, -229, -361, 
53, 605, 551, -329, -248, 578, -448, 366, -463, -390, -229, -356, 
53, 595, 541, -324, -244, 568, -453, 370, -463, -385, -219, -346, 
53, 600, 546, -326, -246, 573, -453, 380, -463, -385, -219, -351, 
53, 600, 546, -326, -246, 573, -453, 385, -463, -385, -219, -356, 
48, 600, 551, -324, -251, 575, -448, 380, -463, -390, -219, -356, 
48, 600, 551, -324, -251, 575, -448, 370, -463, -395, -219, -356, 
53, 600, 546, -326, -246, 573, -453, 380, -463, -395, -219, -356, 
53, 605, 551, -329, -248, 578, -453, 390, -468, -395, -219, -356, 
53, 605, 551, -329, -248, 578, -448, 380, -468, -395, -214, -356, 
63, 600, 536, -331, -236, 568, -448, 375, -468, -385, -214, -366, 
63, 605, 541, -334, -239, 573, -448, 366, -468, -385, -219, -366, 
63, 610, 546, -336, -241, 578, -453, 366, -468, -385, -219, -366, 
63, 614, 551, -339, -244, 583, -453, 370, -468, -380, -219, -366, 
53, 605, 551, -329, -248, 578, -448, 370, -468, -390, -219, -361, 
58, 610, 551, -334, -246, 580, -448, 361, -468, -390, -219, -356, 
58, 610, 551, -334, -246, 580, -448, 361, -468, -395, -219, -356, 
53, 605, 551, -329, -248, 578, -448, 361, -468, -395, -219, -356, 
53, 605, 551, -329, -248, 578, -453, 361, -468, -395, -219, -366, 
53, 605, 551, -329, -248, 578, -453, 361, -468, -395, -219, -366, 
53, 605, 551, -329, -248, 578, -448, 351, -473, -395, -219, -366, 
53, 605, 551, -329, -248, 578, -448, 341, -473, -395, -219, -366, 
63, 614, 551, -339, -244, 583, -448, 346, -463, -385, -219, -361, 
63, 610, 546, -336, -241, 578, -453, 356, -463, -380, -219, -361, 
63, 610, 546, -336, -241, 578, -453, 361, -463, -380, -219, -361, 
63, 614, 551, -339, -244, 583, -453, 351, -463, -385, -224, -361, 
63, 605, 541, -334, -239, 573, -453, 341, -463, -390, -224, -366, 
63, 605, 541, -334, -239, 573, -453, 351, -458, -390, -219, -366, 
63, 605, 541, -334, -239, 573, -453, 361, -458, -395, -219, -361, 
63, 605, 541, -334, -239, 573, -453, 361, -463, -400, -219, -361, 
63, 610, 546, -336, -241, 578, -444, 351, -473, -400, -219, -361, 
63, 610, 546, -336, -241, 578, -444, 341, -473, -405, -214, -361, 
73, 610, 536, -341, -231, 573, -444, 341, -473, -405, -214, -361, 
73, 610, 536, -341, -231, 573, -444, 351, -473, -400, -214, -361, 
63, 605, 541, -334, -239, 573, -453, 351, -473, -390, -229, -361, 
63, 605, 541, -334, -239, 573, -458, 341, -473, -390, -229, -361, 
63, 600, 536, -331, -236, 568, -458, 341, -473, -395, -229, -361, 
63, 595, 531, -329, -234, 563, -463, 346, -473, -395, -234, -366, 
63, 600, 536, -331, -236, 568, -453, 346, -473, -405, -224, -366, 
63, 605, 541, -334, -239, 573, -453, 346, -473, -405, -224, -361, 
58, 610, 551, -334, -246, 580, -453, 336, -473, -405, -224, -361, 
58, 619, 561, -339, -251, 590, -453, 331, -478, -405, -224, -361, 
68, 619, 551, -344, -241, 585, -463, 341, -478, -405, -219, -370, 
68, 619, 551, -344, -241, 585, -463, 351, -478, -400, -219, -370, 
68, 619, 551, -344, -241, 585, -463, 351, -478, -400, -219, -370, 
68, 619, 551, -344, -241, 585, -463, 341, -478, -400, -224, -370, 
58, 610, 551, -334, -246, 580, -463, 317, -478, -400, -224, -366, 
58, 610, 551, -334, -246, 580, -463, 331, -473, -400, -224, -361, 
58, 610, 551, -334, -246, 580, -463, 341, -473, -400, -224, -356, 
58, 610, 551, -334, -246, 580, -463, 356, -473, -400, -224, -351, 
68, 619, 551, -344, -241, 585, -458, 336, -478, -400, -224, -351, 
68, 619, 551, -344, -241, 585, -458, 322, -478, -400, -224, -351, 
68, 619, 551, -344, -241, 585, -458, 336, -478, -400, -224, -351, 
68, 619, 551, -344, -241, 585, -453, 346, -473, -400, -224, -351, 
53, 600, 546, -326, -246, 573, -463, 336, -473, -400, -224, -361, 
48, 595, 546, -322, -248, 570, -468, 312, -478, -409, -234, -361, 
58, 600, 541, -329, -241, 570, -458, 317, -478, -400, -234, -361, 
58, 605, 546, -331, -244, 575, -458, 322, -478, -400, -234, -361, 
58, 610, 551, -334, -246, 580, -458, 326, -478, -400, -234, -361, 
58, 614, 556, -336, -248, 585, -458, 331, -478, -400, -234, -361, 
58, 605, 546, -331, -244, 575, -463, 312, -478, -400, -224, -370, 
58, 605, 546, -331, -244, 575, -463, 326, -478, -400, -219, -370, 
58, 610, 551, -334, -246, 580, -463, 346, -478, -400, -219, -370, 
58, 610, 551, -334, -246, 580, -463, 336, -478, -400, -219, -370, 
58, 610, 551, -334, -246, 580, -473, 317, -478, -405, -229, -370, 
58, 610, 551, -334, -246, 580, -473, 317, -478, -405, -229, -370, 
58, 610, 551, -334, -246, 580, -468, 326, -478, -400, -229, -370, 
58, 610, 551, -334, -246, 580, -463, 336, -478, -400, -229, -370, 
68, 610, 541, -339, -236, 575, -453, 326, -478, -400, -219, -361, 
68, 610, 541, -339, -236, 575, -453, 312, -478, -400, -219, -361, 
68, 610, 541, -339, -236, 575, -453, 312, -478, -400, -219, -361, 
68, 614, 546, -341, -239, 580, -448, 326, -473, -395, -219, -361, 
63, 624, 561, -344, -248, 592, -453, 361, -463, -390, -219, -366, 
63, 634, 570, -348, -253, 602, -448, 351, -463, -390, -209, -361, 
63, 644, 580, -353, -258, 612, -448, 351, -458, -390, -204, -356, 
58, 649, 590, -353, -265, 619, -444, 351, -458, -385, -204, -351, 
68, 663, 595, -366, -263, 629, -429, 361, -458, -380, -200, -346, 
73, 663, 590, -368, -258, 627, -424, 380, -453, -375, -200, -346, 
73, 668, 595, -370, -261, 631, -419, 370, -444, -375, -200, -346, 
73, 668, 595, -370, -261, 631, -414, 361, -444, -375, -200, -346, 
63, 658, 595, -361, -265, 627, -414, 370, -434, -375, -195, -341, 
68, 668, 600, -368, -265, 634, -414, 380, -434, -370, -195, -341, 
68, 668, 600, -368, -265, 634, -405, 395, -434, -370, -195, -341, 
68, 668, 600, -368, -265, 634, -405, 395, -439, -370, -200, -336, 
58, 668, 610, -363, -275, 639, -409, 375, -448, -375, -200, -336, 
58, 668, 610, -363, -275, 639, -414, 370, -448, -375, -190, -331, 
73, 683, 610, -378, -268, 646, -414, 366, -439, -370, -185, -326, 
73, 688, 614, -380, -270, 651, -419, 370, -439, -361, -185, -322, 
82, 697, 614, -390, -265, 656, -434, 370, -429, -361, -175, -317, 
92, 702, 610, -397, -258, 656, -444, 356, -429, -361, -170, -317, 
107, 717, 610, -412, -251, 663, -448, 356, -429, -356, -170, -312, 
122, 732, 610, -427, -244, 671, -453, 366, -419, -351, -170, -312, 
126, 722, 595, -424, -234, 658, -458, 390, -429, -351, -170, -312, 
126, 717, 590, -422, -231, 653, -463, 380, -434, -351, -175, -317, 
126, 707, 580, -417, -226, 644, -463, 366, -434, -356, -175, -317, 
126, 707, 580, -417, -226, 644, -463, 356, -434, -356, -175, -317, 
131, 707, 575, -419, -222, 641, -458, 370, -424, -351, -175, -307, 
136, 707, 570, -422, -217, 639, -458, 380, -424, -351, -175, -312, 
136, 697, 561, -417, -212, 629, -463, 370, -429, -356, -175, -312, 
131, 697, 566, -414, -217, 631, -468, 356, -429, -356, -175, -312, 
131, 697, 566, -414, -217, 631, -458, 356, -429, -346, -165, -322, 
131, 697, 566, -414, -217, 631, -458, 366, -429, -346, -165, -322, 
131, 697, 566, -414, -217, 631, -463, 375, -429, -346, -165, -322, 
131, 692, 561, -412, -214, 627, -468, 361, -434, -346, -165, -322, 
126, 678, 551, -402, -212, 614, -483, 322, -448, -366, -180, -322, 
117, 673, 556, -395, -219, 614, -483, 322, -458, -366, -180, -322, 
112, 663, 551, -387, -219, 607, -483, 326, -458, -366, -185, -326, 
107, 653, 546, -380, -219, 600, -492, 326, -458, -370, -190, -326, 
97, 649, 551, -373, -226, 600, -492, 312, -463, -380, -200, -341, 
82, 639, 556, -361, -236, 597, -488, 302, -468, -390, -209, -351, 
73, 634, 561, -353, -244, 597, -483, 302, -468, -395, -209, -351, 
63, 629, 566, -346, -251, 597, -483, 312, -468, -395, -214, -356, 
68, 634, 566, -351, -248, 600, -483, 317, -478, -385, -219, -351, 
63, 624, 561, -344, -248, 592, -492, 317, -488, -390, -219, -356, 
53, 610, 556, -331, -251, 583, -492, 297, -492, -409, -224, -361, 
53, 610, 556, -331, -251, 583, -492, 297, -492, -414, -229, -366, 
63, 614, 551, -339, -244, 583, -497, 287, -497, -414, -224, -366, 
58, 605, 546, -331, -244, 575, -497, 297, -502, -414, -229, -370, 
58, 605, 546, -331, -244, 575, -497, 287, -502, -419, -234, -375, 
58, 600, 541, -329, -241, 570, -507, 273, -512, -424, -239, -375, 
58, 600, 541, -329, -241, 570, -507, 258, -507, -424, -229, -366, 
53, 600, 546, -326, -246, 573, -507, 278, -507, -424, -229, -366, 
53, 600, 546, -326, -246, 573, -507, 297, -507, -424, -229, -366, 
53, 595, 541, -324, -244, 568, -507, 283, -507, -424, -234, -366, 
48, 585, 536, -317, -244, 561, -507, 268, -517, -419, -244, -380, 
48, 585, 536, -317, -244, 561, -507, 268, -517, -424, -244, -380, 
43, 585, 541, -314, -248, 563, -512, 268, -517, -424, -244, -380, 
43, 585, 541, -314, -248, 563, -512, 278, -517, -419, -244, -380, 
48, 590, 541, -319, -246, 566, -507, 278, -507, -429, -244, -375, 
43, 590, 546, -317, -251, 568, -507, 268, -507, -429, -244, -375, 
43, 590, 546, -317, -251, 568, -507, 268, -512, -429, -244, -375, 
48, 595, 546, -322, -248, 570, -507, 278, -512, -424, -244, -375, 
48, 595, 546, -322, -248, 570, -502, 297, -512, -424, -234, -375, 
48, 595, 546, -322, -248, 570, -502, 297, -512, -424, -234, -375, 
43, 595, 551, -319, -253, 573, -502, 283, -512, -429, -234, -375, 
43, 595, 551, -319, -253, 573, -507, 273, -512, -429, -234, -375, 
43, 585, 541, -314, -248, 563, -507, 263, -512, -429, -244, -375, 
43, 590, 546, -317, -251, 568, -507, 273, -512, -424, -244, -380, 
39, 590, 551, -314, -256, 570, -507, 273, -512, -424, -239, -380, 
29, 580, 551, -305, -261, 566, -502, 258, -517, -424, -239, -380, 
34, 590, 556, -312, -261, 573, -502, 258, -507, -424, -239, -370, 
39, 590, 551, -314, -256, 570, -502, 268, -507, -424, -239, -370, 
43, 595, 551, -319, -253, 573, -502, 287, -502, -424, -239, -370, 
48, 595, 546, -322, -248, 570, -492, 287, -497, -424, -239, -370, 
43, 595, 551, -319, -253, 573, -468, 307, -488, -414, -239, -380, 
24, 590, 566, -307, -270, 578, -434, 317, -473, -414, -239, -380, 
34, 590, 556, -312, -261, 573, -414, 366, -444, -405, -229, -380, 
53, 585, 531, -319, -239, 558, -380, 424, -405, -375, -229, -385, 
39, 595, 556, -317, -258, 575, -351, 468, -361, -346, -219, -375, 
29, 595, 566, -312, -268, 580, -322, 492, -317, -326, -209, -366, 
39, 595, 556, -317, -258, 575, -307, 522, -268, -287, -190, -356, 
82, 624, 541, -353, -229, 583, -292, 590, -200, -219, -151, -346, 
131, 683, 551, -407, -209, 617, -278, 717, -92, -107, -73, -292, 
180, 761, 580, -470, -200, 671, -268, 819, 34, 34, 34, -214, 
209, 854, 644, -531, -217, 749, -312, 854, 165, 190, 151, -131, 
278, 980, 702, -629, -212, 841, -448, 844, 302, 346, 292, -24, 
405, 1166, 761, -785, -178, 963, -644, 800, 444, 551, 448, 107, 
541, 1337, 795, -939, -126, 1066, -873, 732, 546, 746, 605, 229, 
668, 1473, 805, -1071, -68, 1139, -1151, 575, 590, 912, 746, 346, 
775, 1600, 824, -1188, -24, 1212, -1429, 375, 614, 1073, 883, 453, 
854, 1693, 839, -1273, 7, 1266, -1620, 273, 697, 1239, 1015, 551, 
907, 1742, 834, -1324, 36, 1288, -1712, 312, 829, 1405, 1102, 600, 
932, 1717, 785, -1324, 73, 1251, -1756, 390, 941, 1532, 1127, 600, 
893, 1659, 766, -1276, 63, 1212, -1771, 405, 941, 1517, 1088, 575, 
810, 1566, 756, -1188, 26, 1161, -1766, 292, 775, 1337, 985, 517, 
736, 1468, 732, -1102, 2, 1100, -1737, 165, 561, 1098, 858, 434, 
673, 1390, 717, -1032, -21, 1054, -1659, 107, 395, 883, 722, 346, 
595, 1283, 688, -939, -46, 985, -1546, 92, 200, 614, 551, 239, 
483, 1146, 663, -814, -90, 905, -1444, 34, -63, 268, 326, 102, 
346, 990, 644, -668, -148, 817, -1322, -58, -326, -68, 122, -39, 
219, 858, 639, -539, -209, 749, -1200, -126, -536, -317, -43, -161, 
161, 771, 610, -466, -224, 690, -1098, -122, -668, -439, -141, -239, 
141, 736, 595, -439, -226, 666, -1010, -53, -653, -429, -156, -263, 
117, 702, 585, -409, -234, 644, -927, 39, -605, -400, -156, -283, 
97, 668, 570, -383, -236, 619, -844, 78, -570, -390, -165, -297, 
97, 668, 570, -383, -236, 619, -780, 107, -536, -366, -156, -287, 
107, 683, 575, -395, -234, 629, -717, 175, -483, -326, -141, -283, 
117, 683, 566, -400, -224, 624, -653, 253, -444, -317, -131, -283, 
126, 678, 551, -402, -212, 614, -619, 292, -424, -326, -141, -292, 
107, 663, 556, -385, -224, 610, -605, 292, -429, -331, -156, -307, 
82, 639, 556, -361, -236, 597, -585, 287, -419, -336, -161, -317, 
78, 639, 561, -358, -241, 600, -561, 317, -419, -331, -170, -322, 
87, 649, 561, -368, -236, 605, -556, 341, -434, -341, -175, -326, 
87, 649, 561, -368, -236, 605, -546, 336, -439, -346, -170, -322, 
68, 634, 566, -351, -248, 600, -541, 302, -444, -361, -170, -326, 
68, 629, 561, -348, -246, 595, -531, 268, -453, -366, -185, -326, 
78, 639, 561, -358, -241, 600, -527, 287, -448, -370, -175, -322, 
82, 639, 556, -361, -236, 597, -517, 302, -448, -370, -175, -322, 
82, 634, 551, -358, -234, 592, -517, 302, -448, -375, -180, -331, 
78, 629, 551, -353, -236, 590, -512, 302, -448, -375, -185, -331, 
82, 619, 536, -351, -226, 578, -502, 307, -458, -385, -200, -341, 
82, 619, 536, -351, -226, 578, -502, 322, -458, -385, -200, -346, 
78, 614, 536, -346, -229, 575, -502, 322, -458, -385, -200, -346, 
78, 614, 536, -346, -229, 575, -497, 312, -458, -395, -204, -346, 
68, 614, 546, -341, -239, 580, -502, 278, -463, -395, -204, -346, 
68, 614, 546, -341, -239, 580, -497, 263, -463, -395, -204, -346, 
68, 619, 551, -344, -241, 585, -497, 278, -458, -390, -204, -341, 
73, 619, 546, -346, -236, 583, -497, 297, -458, -385, -204, -341, 
63, 614, 551, -339, -244, 583, -483, 297, -453, -385, -204, -341, 
58, 610, 551, -334, -246, 580, -483, 297, -453, -385, -204, -341, 
58, 610, 551, -334, -246, 580, -483, 307, -453, -385, -204, -341, 
63, 610, 546, -336, -241, 578, -483, 322, -453, -385, -209, -341, 
73, 610, 536, -341, -231, 573, -492, 356, -458, -380, -209, -341, 
73, 610, 536, -341, -231, 573, -492, 346, -458, -380, -204, -341, 
68, 605, 536, -336, -234, 570, -492, 331, -458, -395, -204, -341, 
68, 605, 536, -336, -234, 570, -492, 322, -458, -395, -204, -341, 
73, 619, 546, -346, -236, 583, -492, 322, -458, -390, -195, -341, 
73, 619, 546, -346, -236, 583, -488, 336, -458, -385, -195, -341, 
73, 619, 546, -346, -236, 583, -488, 336, -453, -385, -190, -341, 
73, 619, 546, -346, -236, 583, -488, 336, -453, -385, -190, -341, 
73, 619, 546, -346, -236, 583, -492, 346, -444, -375, -195, -331, 
73, 619, 546, -346, -236, 583, -492, 366, -444, -375, -195, -331, 
73, 619, 546, -346, -236, 583, -492, 380, -444, -380, -190, -336, 
68, 619, 551, -344, -241, 585, -492, 370, -444, -385, -190, -336, 
58, 610, 551, -334, -246, 580, -502, 351, -444, -395, -190, -346, 
58, 610, 551, -334, -246, 580, -502, 331, -444, -395, -190, -346, 
63, 614, 551, -339, -244, 583, -502, 326, -444, -390, -190, -341, 
63, 614, 551, -339, -244, 583, -502, 331, -444, -390, -190, -341, 
73, 624, 551, -348, -239, 588, -492, 331, -444, -380, -180, -331, 
73, 624, 551, -348, -239, 588, -492, 322, -444, -380, -180, -326, 
73, 624, 551, -348, -239, 588, -492, 322, -444, -380, -180, -326, 
78, 624, 546, -351, -234, 585, -492, 326, -439, -380, -180, -326, 
82, 629, 546, -356, -231, 588, -492, 341, -429, -370, -180, -326, 
82, 629, 546, -356, -231, 588, -492, 336, -429, -370, -180, -326, 
78, 629, 551, -353, -236, 590, -492, 322, -424, -370, -180, -326, 
78, 629, 551, -353, -236, 590, -492, 322, -424, -366, -175, -326, 
82, 634, 551, -358, -234, 592, -492, 312, -429, -370, -175, -312, 
87, 634, 546, -361, -229, 590, -492, 322, -424, -370, -175, -307, 
87, 634, 546, -361, -229, 590, -492, 322, -424, -370, -175, -307, 
82, 634, 551, -358, -234, 592, -492, 322, -424, -370, -180, -317, 
82, 624, 541, -353, -229, 583, -492, 336, -424, -361, -190, -326, 
82, 629, 546, -356, -231, 588, -492, 346, -419, -356, -190, -322, 
82, 629, 546, -356, -231, 588, -488, 356, -419, -356, -180, -317, 
82, 629, 546, -356, -231, 588, -488, 356, -419, -356, -180, -317, 
92, 624, 531, -358, -219, 578, -492, 336, -419, -366, -185, -326, 
92, 624, 531, -358, -219, 578, -492, 331, -419, -366, -185, -326, 
97, 629, 531, -363, -217, 580, -492, 326, -414, -361, -180, -326, 
97, 629, 531, -363, -217, 580, -492, 346, -414, -361, -180, -326, 
92, 634, 541, -363, -224, 588, -492, 356, -409, -351, -175, -322, 
87, 634, 546, -361, -229, 590, -492, 356, -409, -351, -170, -317, 
87, 639, 551, -363, -231, 595, -492, 361, -405, -351, -165, -312, 
82, 639, 556, -361, -236, 597, -492, 375, -400, -346, -161, -307, 
97, 658, 561, -378, -231, 610, -502, 400, -390, -336, -165, -317, 
92, 649, 556, -370, -231, 602, -502, 400, -390, -336, -165, -317, 
97, 649, 551, -373, -226, 600, -502, 385, -390, -336, -161, -317, 
107, 649, 541, -378, -217, 595, -502, 375, -385, -336, -156, -317, 
102, 653, 551, -378, -224, 602, -492, 390, -380, -341, -146, -307, 
102, 653, 551, -378, -224, 602, -492, 405, -380, -336, -146, -302, 
102, 653, 551, -378, -224, 602, -492, 405, -380, -336, -146, -302, 
102, 653, 551, -378, -224, 602, -497, 400, -375, -331, -146, -302, 
112, 649, 536, -380, -212, 592, -502, 400, -385, -322, -146, -302, 
117, 649, 531, -383, -207, 590, -507, 414, -380, -312, -141, -302, 
122, 653, 531, -387, -204, 592, -512, 424, -380, -312, -141, -302, 
122, 653, 531, -387, -204, 592, -517, 424, -380, -312, -141, -302, 
107, 653, 546, -380, -219, 600, -502, 409, -370, -312, -141, -302, 
107, 653, 546, -380, -219, 600, -502, 405, -366, -307, -131, -302, 
112, 653, 541, -383, -214, 597, -502, 400, -361, -297, -131, -297, 
117, 663, 546, -390, -214, 605, -502, 405, -361, -297, -131, -297, 
126, 673, 546, -400, -209, 610, -507, 395, -370, -307, -141, -297, 
126, 673, 546, -400, -209, 610, -507, 390, -366, -307, -136, -292, 
126, 673, 546, -400, -209, 610, -507, 390, -361, -307, -136, -292, 
126, 678, 551, -402, -212, 614, -507, 395, -361, -297, -136, -287, 
136, 678, 541, -407, -202, 610, -507, 424, -351, -283, -126, -287, 
136, 678, 541, -407, -202, 610, -507, 424, -346, -278, -117, -287, 
136, 683, 546, -409, -204, 614, -507, 405, -341, -278, -112, -287, 
141, 692, 551, -417, -204, 622, -512, 405, -341, -273, -107, -283, 
141, 692, 551, -417, -204, 622, -522, 405, -341, -278, -112, -283, 
141, 692, 551, -417, -204, 622, -517, 414, -341, -273, -107, -278, 
141, 692, 551, -417, -204, 622, -517, 409, -331, -273, -107, -278, 
141, 692, 551, -417, -204, 622, -517, 400, -331, -273, -102, -278, 
136, 688, 551, -412, -207, 619, -517, 400, -331, -263, -102, -278, 
141, 692, 551, -417, -204, 622, -517, 414, -322, -253, -92, -273, 
151, 692, 541, -422, -195, 617, -517, 424, -317, -239, -87, -273, 
151, 692, 541, -422, -195, 617, -522, 424, -312, -234, -87, -268, 
156, 702, 546, -429, -195, 624, -531, 405, -307, -234, -87, -268, 
161, 707, 546, -434, -192, 627, -531, 405, -307, -234, -82, -258, 
165, 712, 546, -439, -190, 629, -531, 414, -302, -224, -82, -253, 
180, 712, 531, -446, -175, 622, -531, 424, -297, -219, -82, -253, 
170, 717, 546, -444, -187, 631, -531, 414, -292, -214, -82, -263, 
170, 722, 551, -446, -190, 636, -536, 400, -287, -209, -82, -263, 
175, 727, 551, -451, -187, 639, -536, 400, -287, -204, -78, -263, 
175, 727, 551, -451, -187, 639, -536, 409, -283, -200, -73, -258, 
175, 727, 551, -451, -187, 639, -541, 434, -278, -180, -68, -253, 
180, 727, 546, -453, -183, 636, -541, 439, -273, -175, -58, -239, 
185, 727, 541, -456, -178, 634, -541, 429, -268, -165, -48, -234, 
185, 732, 546, -458, -180, 639, -541, 424, -263, -161, -39, -229, 
200, 727, 527, -463, -163, 627, -551, 424, -253, -161, -43, -229, 
204, 732, 527, -468, -161, 629, -556, 434, -253, -156, -39, -224, 
209, 736, 527, -473, -158, 631, -556, 434, -248, -146, -34, -224, 
209, 736, 527, -473, -158, 631, -556, 424, -244, -146, -29, -219, 
204, 751, 546, -478, -170, 649, -556, 424, -229, -141, -24, -214, 
209, 756, 546, -483, -168, 651, -561, 434, -229, -126, -19, -209, 
214, 761, 546, -488, -165, 653, -561, 453, -224, -117, -14, -209, 
214, 766, 551, -490, -168, 658, -566, 453, -219, -112, -4, -204, 
219, 761, 541, -490, -161, 651, -575, 419, -219, -107, 9, -200, 
224, 766, 541, -495, -158, 653, -580, 419, -214, -102, 9, -195, 
234, 771, 536, -502, -151, 653, -585, 424, -209, -97, 14, -195, 
234, 771, 536, -502, -151, 653, -590, 434, -209, -87, 19, -190, 
234, 785, 551, -509, -158, 668, -590, 434, -204, -82, 19, -180, 
234, 785, 551, -509, -158, 668, -585, 424, -200, -78, 24, -180, 
234, 785, 551, -509, -158, 668, -585, 414, -195, -73, 29, -175, 
244, 795, 551, -519, -153, 673, -585, 424, -190, -68, 34, -175, 
258, 800, 541, -529, -141, 671, -590, 453, -185, -53, 39, -175, 
258, 805, 546, -531, -143, 675, -595, 453, -185, -43, 43, -170, 
258, 805, 546, -531, -143, 675, -605, 439, -180, -39, 48, -165, 
263, 810, 546, -536, -141, 678, -610, 424, -175, -39, 53, -161, 
253, 814, 561, -534, -153, 688, -600, 434, -175, -39, 53, -151, 
258, 819, 561, -539, -151, 690, -600, 434, -170, -34, 58, -146, 
258, 824, 566, -541, -153, 695, -605, 429, -170, -29, 63, -146, 
258, 824, 566, -541, -153, 695, -605, 414, -170, -29, 63, -146, 
258, 814, 556, -536, -148, 685, -605, 424, -165, -24, 58, -146, 
258, 824, 566, -541, -153, 695, -605, 434, -165, -24, 63, -146, 
258, 824, 566, -541, -153, 695, -605, 448, -161, -14, 68, -146, 
258, 824, 566, -541, -153, 695, -600, 448, -161, -14, 68, -146, 
268, 819, 551, -544, -141, 685, -600, 434, -151, -24, 73, -146, 
268, 819, 551, -544, -141, 685, -595, 434, -151, -24, 73, -146, 
268, 814, 546, -541, -139, 680, -590, 439, -151, -24, 68, -146, 
258, 814, 556, -536, -148, 685, -590, 444, -156, -34, 63, -146, 
248, 824, 575, -536, -163, 700, -585, 453, -156, -39, 63, -151, 
248, 824, 575, -536, -163, 700, -566, 439, -156, -48, 63, -156, 
239, 814, 575, -527, -168, 695, -561, 429, -165, -58, 53, -165, 
234, 810, 575, -522, -170, 692, -556, 444, -175, -68, 43, -170, 
229, 810, 580, -519, -175, 695, -556, 458, -185, -73, 34, -190, 
219, 800, 580, -509, -180, 690, -551, 453, -190, -87, 24, -195, 
200, 790, 590, -495, -195, 690, -546, 444, -204, -102, 14, -200, 
200, 785, 585, -492, -192, 685, -541, 439, -214, -122, 4, -214, 
195, 771, 575, -483, -190, 673, -536, 439, -224, -126, -9, -214, 
185, 766, 580, -475, -197, 673, -536, 448, -229, -136, -24, -214, 
180, 756, 575, -468, -197, 666, -536, 439, -239, -151, -34, -219, 
165, 751, 585, -458, -209, 668, -536, 419, -248, -156, -39, -224, 
165, 746, 580, -456, -207, 663, -522, 414, -258, -185, -39, -234, 
165, 741, 575, -453, -204, 658, -517, 414, -268, -190, -48, -234, 
156, 736, 580, -446, -212, 658, -517, 434, -278, -200, -58, -239, 
151, 727, 575, -439, -212, 651, -517, 424, -287, -219, -63, -239, 
151, 736, 585, -444, -217, 661, -507, 414, -283, -224, -73, -234, 
146, 722, 575, -434, -214, 649, -507, 409, -292, -239, -82, -244, 
141, 722, 580, -431, -219, 651, -507, 409, -302, -248, -92, -248, 
141, 717, 575, -429, -217, 646, -502, 409, -312, -253, -97, -258, 
136, 712, 575, -424, -219, 644, -507, 400, -331, -268, -102, -258, 
122, 707, 585, -414, -231, 646, -507, 380, -331, -278, -102, -258, 
117, 697, 580, -407, -231, 639, -512, 366, -336, -283, -112, -263, 
112, 697, 585, -405, -236, 641, -512, 375, -341, -283, -112, -263, 
122, 707, 585, -414, -231, 646, -502, 395, -331, -283, -112, -278, 
117, 707, 590, -412, -236, 649, -502, 390, -341, -287, -117, -283, 
112, 702, 590, -407, -239, 646, -502, 380, -346, -297, -122, -287, 
107, 697, 590, -402, -241, 644, -502, 375, -356, -307, -131, -287, 
107, 688, 580, -397, -236, 634, -502, 375, -346, -302, -131, -278, 
107, 688, 580, -397, -236, 634, -502, 375, -351, -302, -136, -278, 
107, 688, 580, -397, -236, 634, -502, 375, -351, -307, -136, -278, 
107, 683, 575, -395, -234, 629, -502, 351, -356, -307, -136, -287, 
102, 683, 580, -392, -239, 631, -502, 351, -370, -312, -146, -297, 
102, 683, 580, -392, -239, 631, -502, 351, -370, -317, -146, -297, 
107, 683, 575, -395, -234, 629, -502, 361, -370, -322, -146, -297, 
107, 683, 575, -395, -234, 629, -502, 361, -370, -331, -151, -297, 
92, 668, 575, -380, -241, 622, -502, 341, -366, -336, -151, -297, 
87, 668, 580, -378, -246, 624, -502, 336, -370, -341, -146, -297, 
87, 668, 580, -378, -246, 624, -502, 336, -370, -341, -141, -297, 
82, 668, 585, -375, -251, 627, -502, 351, -370, -341, -136, -297, 
87, 678, 590, -383, -251, 634, -502, 351, -370, -331, -146, -292, 
92, 673, 580, -383, -244, 627, -502, 346, -370, -331, -146, -292, 
92, 673, 580, -383, -244, 627, -502, 326, -370, -331, -146, -292, 
97, 673, 575, -385, -239, 624, -502, 336, -366, -331, -146, -292, 
102, 678, 575, -390, -236, 627, -502, 366, -366, -331, -136, -287, 
102, 678, 575, -390, -236, 627, -502, 366, -366, -331, -136, -287, 
102, 678, 575, -390, -236, 627, -502, 356, -366, -331, -136, -292, 
102, 678, 575, -390, -236, 627, -502, 356, -366, -331, -136, -292, 
92, 668, 575, -380, -241, 622, -502, 375, -366, -322, -136, -292, 
92, 668, 575, -380, -241, 622, -502, 390, -366, -322, -136, -292, 
92, 668, 575, -380, -241, 622, -502, 380, -370, -331, -136, -292, 
92, 668, 575, -380, -241, 622, -502, 370, -370, -331, -136, -292, 
102, 673, 570, -387, -234, 622, -512, 366, -366, -331, -146, -292, 
102, 678, 575, -390, -236, 627, -512, 380, -366, -326, -141, -297, 
102, 683, 580, -392, -239, 631, -512, 390, -366, -326, -141, -302, 
102, 688, 585, -395, -241, 636, -512, 390, -366, -326, -141, -312, 
92, 688, 595, -390, -251, 641, -502, 380, -356, -326, -131, -302, 
92, 688, 595, -390, -251, 641, -502, 380, -356, -326, -131, -302, 
92, 688, 595, -390, -251, 641, -502, 385, -356, -326, -131, -297, 
92, 688, 595, -390, -251, 641, -502, 400, -356, -326, -131, -297, 
102, 678, 575, -390, -236, 627, -512, 395, -366, -326, -131, -287, 
102, 678, 575, -390, -236, 627, -512, 366, -366, -326, -131, -287, 
102, 683, 580, -392, -239, 631, -507, 361, -366, -326, -131, -287, 
102, 683, 580, -392, -239, 631, -502, 366, -366, -326, -131, -287, 
107, 692, 585, -400, -239, 639, -502, 380, -361, -326, -131, -287, 
107, 692, 585, -400, -239, 639, -502, 380, -361, -326, -131, -287, 
97, 692, 595, -395, -248, 644, -502, 366, -361, -322, -131, -287, 
97, 692, 595, -395, -248, 644, -507, 366, -361, -317, -131, -287, 
92, 688, 595, -390, -251, 641, -507, 375, -370, -326, -131, -287, 
92, 688, 595, -390, -251, 641, -507, 380, -370, -331, -131, -287, 
92, 683, 590, -387, -248, 636, -507, 380, -370, -331, -131, -287, 
92, 678, 585, -385, -246, 631, -502, 356, -370, -336, -131, -287, 
97, 688, 590, -392, -246, 639, -502, 356, -361, -326, -131, -278, 
107, 688, 580, -397, -236, 634, -502, 375, -361, -322, -131, -278, 
112, 692, 580, -402, -234, 636, -502, 385, -361, -317, -131, -278, 
117, 692, 575, -405, -229, 634, -497, 375, -361, -317, -131, -278, 
112, 683, 570, -397, -229, 627, -497, 366, -370, -331, -122, -287, 
107, 683, 575, -395, -234, 629, -497, 366, -370, -331, -122, -287, 
102, 683, 580, -392, -239, 631, -497, 375, -370, -331, -122, -287, 
97, 683, 585, -390, -244, 634, -497, 375, -370, -331, -122, -287, 
107, 683, 575, -395, -234, 629, -497, 380, -361, -336, -131, -287, 
102, 683, 580, -392, -239, 631, -502, 375, -361, -336, -131, -287, 
102, 683, 580, -392, -239, 631, -502, 366, -366, -336, -131, -287, 
102, 688, 585, -395, -241, 636, -502, 356, -370, -336, -131, -287, 
102, 688, 585, -395, -241, 636, -502, 380, -370, -326, -141, -287, 
102, 688, 585, -395, -241, 636, -502, 375, -370, -326, -141, -287, 
102, 688, 585, -395, -241, 636, -502, 370, -375, -326, -141, -287, 
102, 683, 580, -392, -239, 631, -502, 375, -375, -326, -141, -287, 
102, 692, 590, -397, -244, 641, -512, 385, -366, -326, -136, -287, 
102, 692, 590, -397, -244, 641, -512, 385, -366, -331, -136, -287, 
97, 692, 595, -395, -248, 644, -512, 385, -370, -341, -136, -287, 
97, 692, 595, -395, -248, 644, -512, 370, -370, -341, -131, -287, 
102, 692, 590, -397, -244, 641, -502, 361, -380, -331, -131, -278, 
102, 688, 585, -395, -241, 636, -502, 366, -380, -331, -131, -278, 
102, 678, 575, -390, -236, 627, -497, 375, -380, -331, -131, -278, 
102, 673, 570, -387, -234, 622, -497, 375, -385, -336, -131, -283, 
102, 678, 575, -390, -236, 627, -497, 361, -390, -351, -131, -292, 
102, 678, 575, -390, -236, 627, -502, 361, -390, -351, -131, -292, 
102, 678, 575, -390, -236, 627, -502, 361, -390, -351, -136, -292, 
102, 678, 575, -390, -236, 627, -502, 361, -390, -346, -136, -292, 
102, 673, 570, -387, -234, 622, -502, 370, -380, -356, -136, -292, 
102, 668, 566, -385, -231, 617, -502, 361, -390, -361, -136, -292, 
102, 668, 566, -385, -231, 617, -502, 356, -390, -361, -136, -292, 
102, 668, 566, -385, -231, 617, -502, 356, -385, -361, -136, -292, 
92, 668, 575, -380, -241, 622, -507, 370, -385, -361, -136, -302, 
92, 668, 575, -380, -241, 622, -507, 370, -390, -361, -136, -307, 
92, 668, 575, -380, -241, 622, -507, 370, -395, -361, -136, -307, 
92, 668, 575, -380, -241, 622, -507, 370, -400, -366, -136, -307, 
102, 668, 566, -385, -231, 617, -507, 361, -409, -366, -136, -317, 
97, 668, 570, -383, -236, 619, -507, 366, -409, -366, -136, -317, 
97, 668, 570, -383, -236, 619, -512, 366, -409, -370, -146, -317, 
97, 668, 570, -383, -236, 619, -512, 356, -419, -370, -151, -317, 
107, 678, 570, -392, -231, 624, -517, 346, -419, -380, -151, -307, 
112, 683, 570, -397, -229, 627, -517, 346, -414, -375, -146, -307, 
112, 683, 570, -397, -229, 627, -517, 366, -414, -375, -146, -307, 
112, 683, 570, -397, -229, 627, -517, 356, -414, -375, -151, -307, 
97, 668, 570, -383, -236, 619, -517, 336, -409, -366, -151, -307, 
102, 649, 546, -375, -222, 597, -517, 326, -419, -375, -151, -312, 
97, 658, 561, -378, -231, 610, -517, 336, -419, -380, -151, -312, 
92, 653, 561, -373, -234, 607, -517, 351, -419, -380, -146, -312, 
92, 653, 561, -373, -234, 607, -507, 351, -419, -380, -136, -302, 
92, 653, 561, -373, -234, 607, -517, 341, -424, -380, -141, -302, 
97, 653, 556, -375, -229, 605, -517, 336, -424, -380, -141, -302, 
97, 658, 561, -378, -231, 610, -512, 336, -424, -375, -141, -302, 
97, 668, 570, -383, -236, 619, -522, 346, -434, -385, -151, -302, 
92, 668, 575, -380, -241, 622, -522, 346, -434, -385, -151, -302, 
92, 658, 566, -375, -236, 612, -522, 336, -439, -390, -151, -312, 
97, 668, 570, -383, -236, 619, -522, 331, -444, -390, -151, -312, 
97, 668, 570, -383, -236, 619, -527, 331, -434, -385, -151, -312, 
97, 668, 570, -383, -236, 619, -527, 336, -434, -385, -151, -317, 
97, 668, 570, -383, -236, 619, -536, 336, -434, -385, -151, -317, 
92, 663, 570, -378, -239, 617, -536, 317, -434, -385, -151, -322, 
82, 663, 580, -373, -248, 622, -527, 317, -444, -400, -151, -322, 
87, 663, 575, -375, -244, 619, -527, 331, -444, -400, -151, -317, 
87, 668, 580, -378, -246, 624, -522, 336, -444, -395, -151, -317, 
87, 668, 580, -378, -246, 624, -522, 336, -448, -395, -151, -317, 
92, 658, 566, -375, -236, 612, -527, 326, -453, -400, -156, -317, 
92, 653, 561, -373, -234, 607, -536, 317, -453, -400, -156, -317, 
92, 653, 561, -373, -234, 607, -536, 312, -453, -400, -151, -317, 
92, 653, 561, -373, -234, 607, -531, 312, -448, -400, -151, -317, 
102, 663, 561, -383, -229, 612, -531, 322, -439, -390, -146, -322, 
102, 663, 561, -383, -229, 612, -536, 312, -444, -390, -146, -317, 
102, 663, 561, -383, -229, 612, -536, 312, -444, -395, -146, -307, 
107, 663, 556, -385, -224, 610, -527, 312, -444, -395, -146, -297, 
97, 653, 556, -375, -229, 605, -527, 336, -444, -405, -156, -307, 
92, 653, 561, -373, -234, 607, -527, 326, -444, -405, -161, -312, 
82, 644, 561, -363, -239, 602, -527, 317, -444, -409, -161, -312, 
82, 644, 561, -363, -239, 602, -527, 317, -444, -409, -161, -307, 
97, 649, 551, -373, -226, 600, -541, 312, -453, -395, -161, -307, 
102, 658, 556, -380, -226, 607, -541, 312, -453, -395, -161, -312, 
107, 663, 556, -385, -224, 610, -541, 307, -453, -395, -161, -317, 
107, 668, 561, -387, -226, 614, -536, 292, -453, -400, -161, -317, 
97, 658, 561, -378, -231, 610, -527, 292, -444, -405, -151, -307, 
102, 658, 556, -380, -226, 607, -531, 302, -444, -405, -151, -307, 
102, 663, 561, -383, -229, 612, -531, 312, -448, -405, -151, -307, 
102, 663, 561, -383, -229, 612, -527, 302, -448, -405, -146, -307, 
97, 644, 546, -370, -224, 595, -536, 287, -458, -414, -156, -307, 
92, 644, 551, -368, -229, 597, -536, 278, -458, -414, -161, -307, 
87, 644, 556, -366, -234, 600, -541, 278, -458, -414, -161, -307, 
82, 644, 561, -363, -239, 602, -541, 283, -458, -409, -161, -307, 
87, 649, 561, -368, -236, 605, -546, 292, -448, -400, -151, -307, 
97, 658, 561, -378, -231, 610, -546, 283, -448, -400, -151, -307, 
102, 663, 561, -383, -229, 612, -546, 283, -448, -405, -151, -312, 
102, 663, 561, -383, -229, 612, -546, 283, -448, -405, -151, -317, 
92, 653, 561, -373, -234, 607, -541, 283, -458, -405, -161, -317, 
92, 653, 561, -373, -234, 607, -541, 283, -458, -405, -161, -317, 
92, 653, 561, -373, -234, 607, -536, 273, -463, -405, -161, -317, 
92, 653, 561, -373, -234, 607, -536, 263, -463, -405, -161, -317, 
92, 653, 561, -373, -234, 607, -536, 268, -463, -414, -161, -312, 
92, 649, 556, -370, -231, 602, -541, 278, -463, -409, -161, -312, 
92, 649, 556, -370, -231, 602, -541, 283, -463, -409, -161, -312, 
92, 653, 561, -373, -234, 607, -541, 273, -463, -414, -165, -312, 
92, 663, 570, -378, -239, 617, -551, 273, -463, -405, -156, -307, 
92, 663, 570, -378, -239, 617, -551, 283, -458, -400, -151, -307, 
92, 663, 570, -378, -239, 617, -551, 292, -458, -400, -151, -302, 
92, 663, 570, -378, -239, 617, -551, 292, -463, -400, -151, -302, 
82, 649, 566, -366, -241, 607, -541, 278, -463, -409, -161, -302, 
82, 649, 566, -366, -241, 607, -541, 263, -463, -414, -156, -302, 
92, 649, 556, -370, -231, 602, -541, 258, -463, -414, -156, -302, 
92, 649, 556, -370, -231, 602, -541, 263, -463, -409, -156, -302, 
92, 653, 561, -373, -234, 607, -546, 273, -463, -409, -161, -312, 
92, 653, 561, -373, -234, 607, -546, 263, -463, -409, -161, -312, 
92, 649, 556, -370, -231, 602, -541, 263, -463, -414, -161, -312, 
92, 644, 551, -368, -229, 597, -541, 268, -463, -414, -165, -317, 
112, 673, 561, -392, -224, 617, -561, 287, -473, -405, -156, -317, 
107, 673, 566, -390, -229, 619, -566, 292, -468, -409, -165, -322, 
97, 663, 566, -380, -234, 614, -556, 283, -468, -414, -165, -322, 
97, 663, 566, -380, -234, 614, -556, 273, -468, -419, -165, -322, 
97, 663, 566, -380, -234, 614, -556, 263, -468, -424, -165, -322, 
97, 663, 566, -380, -234, 614, -556, 253, -468, -429, -165, -322, 
87, 653, 566, -370, -239, 610, -556, 244, -468, -424, -156, -312, 
87, 653, 566, -370, -239, 610, -551, 258, -468, -419, -151, -312, 
87, 658, 570, -373, -241, 614, -546, 278, -468, -414, -151, -312, 
87, 658, 570, -373, -241, 614, -541, 268, -468, -409, -151, -312, 
97, 658, 561, -378, -231, 610, -541, 253, -458, -414, -161, -302, 
97, 658, 561, -378, -231, 610, -541, 258, -458, -414, -161, -302, 
97, 658, 561, -378, -231, 610, -536, 273, -458, -409, -161, -302, 
97, 658, 561, -378, -231, 610, -531, 287, -458, -409, -161, -302, 
87, 658, 570, -373, -241, 614, -536, 278, -458, -419, -161, -302, 
87, 658, 570, -373, -241, 614, -541, 263, -458, -419, -161, -302, 
87, 658, 570, -373, -241, 614, -546, 263, -458, -419, -161, -302, 
87, 663, 575, -375, -244, 619, -546, 278, -453, -414, -161, -302, 
102, 683, 580, -392, -239, 631, -536, 302, -453, -400, -151, -307, 
102, 692, 590, -397, -244, 641, -527, 292, -453, -400, -141, -302, 
102, 702, 600, -402, -248, 651, -522, 292, -448, -400, -136, -297, 
97, 707, 610, -402, -256, 658, -512, 292, -448, -395, -136, -292, 
107, 712, 605, -409, -248, 658, -507, 297, -439, -400, -131, -278, 
112, 712, 600, -412, -244, 656, -502, 312, -434, -395, -131, -278, 
112, 717, 605, -414, -246, 661, -497, 297, -424, -395, -131, -278, 
112, 717, 605, -414, -246, 661, -492, 283, -424, -395, -131, -278, 
107, 707, 600, -407, -246, 653, -502, 283, -434, -395, -126, -283, 
107, 717, 610, -412, -251, 663, -502, 292, -434, -390, -126, -283, 
102, 717, 614, -409, -256, 666, -492, 307, -434, -390, -126, -283, 
97, 717, 619, -407, -261, 668, -492, 307, -439, -390, -131, -278, 
87, 717, 629, -402, -270, 673, -497, 297, -439, -385, -131, -278, 
87, 717, 629, -402, -270, 673, -502, 302, -439, -385, -122, -273, 
102, 732, 629, -417, -263, 680, -502, 307, -429, -380, -117, -268, 
102, 736, 634, -419, -265, 685, -507, 322, -429, -370, -117, -263, 
112, 751, 639, -431, -263, 695, -522, 307, -419, -380, -107, -258, 
122, 751, 629, -436, -253, 690, -531, 287, -419, -380, -102, -258, 
136, 761, 624, -448, -244, 692, -536, 283, -419, -375, -102, -253, 
151, 771, 619, -461, -234, 695, -541, 287, -409, -370, -102, -253, 
146, 771, 624, -458, -239, 697, -536, 312, -419, -370, -102, -253, 
146, 766, 619, -456, -236, 692, -541, 302, -424, -370, -107, -258, 
146, 756, 610, -451, -231, 683, -541, 287, -424, -375, -107, -258, 
146, 756, 610, -451, -231, 683, -541, 278, -424, -375, -107, -258, 
151, 756, 605, -453, -226, 680, -536, 283, -414, -370, -107, -268, 
156, 756, 600, -456, -222, 678, -536, 292, -414, -370, -107, -273, 
156, 746, 590, -451, -217, 668, -541, 283, -419, -375, -107, -273, 
151, 746, 595, -448, -222, 671, -546, 268, -419, -375, -107, -273, 
161, 751, 590, -456, -214, 671, -556, 258, -429, -375, -107, -263, 
161, 756, 595, -458, -217, 675, -556, 268, -429, -375, -107, -263, 
161, 761, 600, -461, -219, 680, -561, 278, -429, -375, -107, -263, 
161, 761, 600, -461, -219, 680, -566, 263, -434, -375, -107, -263, 
151, 741, 590, -446, -219, 666, -561, 248, -429, -385, -112, -263, 
146, 741, 595, -444, -224, 668, -561, 253, -439, -385, -112, -263, 
146, 736, 590, -441, -222, 663, -561, 263, -439, -385, -117, -268, 
146, 732, 585, -439, -219, 658, -570, 268, -439, -390, -122, -268, 
141, 722, 580, -431, -219, 651, -580, 258, -453, -390, -122, -273, 
122, 707, 585, -414, -231, 646, -575, 244, -458, -400, -131, -283, 
107, 697, 590, -402, -241, 644, -570, 239, -458, -405, -131, -283, 
92, 688, 595, -390, -251, 641, -570, 244, -458, -405, -136, -287, 
92, 688, 595, -390, -251, 641, -570, 244, -468, -405, -141, -292, 
92, 683, 590, -387, -248, 636, -580, 239, -478, -409, -141, -297, 
87, 673, 585, -380, -248, 629, -580, 214, -483, -429, -146, -302, 
92, 678, 585, -385, -246, 631, -580, 209, -483, -434, -151, -307, 
92, 668, 575, -380, -241, 622, -585, 204, -488, -439, -156, -307, 
87, 653, 566, -370, -239, 610, -585, 209, -492, -444, -161, -312, 
87, 649, 561, -368, -236, 605, -585, 195, -492, -453, -165, -317, 
87, 639, 551, -363, -231, 595, -595, 175, -502, -463, -170, -317, 
87, 644, 556, -366, -234, 600, -595, 170, -507, -453, -170, -317, 
82, 649, 566, -366, -241, 607, -595, 190, -507, -453, -170, -317, 
82, 653, 570, -368, -244, 612, -595, 209, -507, -453, -170, -317, 
82, 653, 570, -368, -244, 612, -595, 195, -507, -453, -175, -317, 
78, 644, 566, -361, -244, 605, -585, 185, -507, -448, -175, -322, 
78, 644, 566, -361, -244, 605, -585, 190, -507, -453, -175, -322, 
73, 644, 570, -358, -248, 607, -590, 195, -507, -453, -175, -322, 
73, 644, 570, -358, -248, 607, -590, 209, -507, -448, -175, -322, 
78, 644, 566, -361, -244, 605, -595, 200, -497, -448, -165, -317, 
73, 649, 575, -361, -251, 612, -595, 190, -497, -448, -165, -317, 
73, 653, 580, -363, -253, 617, -595, 190, -502, -448, -165, -317, 
78, 663, 585, -370, -253, 624, -595, 200, -502, -444, -165, -317, 
78, 658, 580, -368, -251, 619, -590, 209, -502, -453, -175, -326, 
78, 653, 575, -366, -248, 614, -590, 209, -502, -453, -175, -326, 
73, 649, 575, -361, -251, 612, -590, 195, -502, -458, -175, -326, 
73, 644, 570, -358, -248, 607, -595, 185, -502, -458, -175, -326, 
68, 644, 575, -356, -253, 610, -595, 180, -512, -468, -175, -326, 
73, 649, 575, -361, -251, 612, -595, 185, -512, -463, -175, -331, 
73, 649, 575, -361, -251, 612, -595, 180, -512, -463, -170, -331, 
68, 639, 570, -353, -251, 605, -590, 161, -517, -463, -170, -331, 
78, 649, 570, -363, -246, 610, -590, 161, -507, -453, -170, -322, 
78, 649, 570, -363, -246, 610, -590, 170, -507, -453, -170, -322, 
78, 653, 575, -366, -248, 614, -590, 190, -502, -453, -170, -322, 
78, 653, 575, -366, -248, 614, -580, 190, -497, -453, -170, -322, 
92, 663, 570, -378, -239, 617, -566, 229, -478, -434, -170, -322, 
82, 658, 575, -370, -246, 617, -531, 268, -463, -424, -170, -322, 
63, 639, 575, -351, -256, 607, -492, 287, -444, -424, -161, -322, 
63, 624, 561, -344, -248, 592, -478, 297, -414, -414, -161, -326, 
58, 624, 566, -341, -253, 595, -448, 341, -390, -395, -151, -326, 
68, 644, 575, -356, -253, 610, -409, 414, -336, -356, -141, -317, 
87, 673, 585, -380, -248, 629, -395, 473, -278, -317, -112, -307, 
92, 683, 590, -387, -248, 636, -380, 502, -219, -278, -82, -287, 
122, 722, 600, -422, -239, 661, -356, 561, -122, -195, -24, -263, 
170, 800, 629, -485, -229, 714, -336, 673, 24, -53, 63, -204, 
239, 912, 673, -575, -217, 793, -370, 766, 175, 122, 190, -102, 
297, 1049, 751, -673, -226, 900, -478, 795, 322, 297, 331, 4, 
366, 1195, 829, -780, -231, 1012, -683, 732, 453, 502, 488, 136, 
483, 1356, 873, -919, -195, 1115, -932, 614, 556, 707, 653, 268, 
619, 1512, 893, -1066, -136, 1202, -1210, 458, 619, 883, 814, 395, 
717, 1659, 941, -1188, -112, 1300, -1498, 287, 644, 1063, 971, 512, 
795, 1771, 976, -1283, -90, 1373, -1717, 175, 727, 1249, 1112, 610, 
849, 1820, 971, -1334, -61, 1395, -1820, 156, 868, 1415, 1210, 678, 
873, 1795, 922, -1334, -24, 1359, -1864, 185, 1019, 1542, 1244, 678, 
854, 1717, 863, -1285, -4, 1290, -1888, 219, 1068, 1556, 1205, 634, 
800, 1625, 824, -1212, -12, 1224, -1883, 175, 951, 1424, 1102, 566, 
727, 1507, 780, -1117, -26, 1144, -1864, 68, 727, 1195, 956, 473, 
653, 1420, 766, -1037, -56, 1093, -1795, -29, 531, 961, 819, 405, 
566, 1332, 766, -949, -100, 1049, -1693, -102, 317, 683, 649, 297, 
463, 1215, 751, -839, -143, 983, -1590, -161, 24, 326, 453, 180, 
336, 1068, 732, -702, -197, 900, -1478, -214, -287, -29, 229, 39, 
229, 936, 707, -583, -239, 822, -1346, -244, -536, -307, 43, -92, 
161, 839, 678, -500, -258, 758, -1234, -287, -707, -497, -82, -190, 
141, 795, 653, -468, -256, 724, -1146, -278, -702, -527, -117, -234, 
136, 771, 634, -453, -248, 702, -1054, -165, -624, -478, -117, -244, 
136, 746, 610, -441, -236, 678, -961, -68, -561, -439, -117, -258, 
136, 736, 600, -436, -231, 668, -888, 0, -536, -405, -117, -248, 
136, 751, 614, -444, -239, 683, -824, 48, -502, -385, -92, -244, 
136, 741, 605, -439, -234, 673, -761, 78, -473, -375, -82, -244, 
146, 736, 590, -441, -222, 663, -717, 126, -463, -366, -82, -244, 
136, 741, 605, -439, -234, 673, -683, 195, -439, -351, -87, -248, 
131, 727, 595, -429, -231, 661, -663, 229, -429, -356, -92, -258, 
107, 707, 600, -407, -246, 653, -658, 219, -429, -380, -112, -283, 
87, 688, 600, -387, -256, 644, -644, 195, -434, -390, -126, -297, 
107, 707, 600, -407, -246, 653, -634, 200, -429, -385, -131, -302, 
126, 722, 595, -424, -234, 658, -619, 214, -424, -390, -141, -297, 
107, 707, 600, -407, -246, 653, -619, 200, -434, -395, -146, -307, 
102, 697, 595, -400, -246, 646, -614, 200, -444, -409, -136, -307, 
102, 697, 595, -400, -246, 646, -605, 204, -448, -409, -136, -302, 
97, 692, 595, -395, -248, 644, -605, 195, -453, -414, -141, -307, 
87, 688, 600, -387, -256, 644, -600, 185, -458, -414, -146, -302, 
92, 678, 585, -385, -246, 631, -590, 190, -458, -414, -141, -292, 
92, 678, 585, -385, -246, 631, -590, 204, -458, -414, -141, -297, 
87, 673, 585, -380, -248, 629, -590, 204, -458, -414, -141, -297, 
87, 673, 585, -380, -248, 629, -585, 195, -458, -424, -146, -297, 
87, 683, 595, -385, -253, 639, -580, 180, -453, -429, -146, -307, 
87, 683, 595, -385, -253, 639, -575, 165, -453, -424, -146, -307, 
87, 688, 600, -387, -256, 644, -575, 180, -448, -414, -146, -302, 
92, 688, 595, -390, -251, 641, -575, 200, -448, -405, -146, -302, 
92, 692, 600, -392, -253, 646, -570, 200, -453, -409, -146, -302, 
87, 688, 600, -387, -256, 644, -570, 200, -453, -414, -146, -302, 
87, 688, 600, -387, -256, 644, -570, 209, -453, -419, -146, -302, 
92, 688, 595, -390, -251, 641, -570, 224, -453, -424, -151, -302, 
92, 697, 605, -395, -256, 651, -570, 239, -458, -419, -161, -302, 
92, 697, 605, -395, -256, 651, -570, 229, -458, -419, -156, -302, 
87, 692, 605, -390, -258, 649, -570, 214, -458, -434, -156, -302, 
87, 692, 605, -390, -258, 649, -570, 204, -458, -434, -156, -302, 
92, 697, 605, -395, -256, 651, -570, 214, -448, -419, -146, -292, 
92, 697, 605, -395, -256, 651, -566, 229, -448, -414, -146, -292, 
92, 697, 605, -395, -256, 651, -566, 229, -444, -414, -141, -292, 
92, 697, 605, -395, -256, 651, -566, 229, -444, -414, -141, -292, 
92, 697, 605, -395, -256, 651, -570, 229, -453, -424, -156, -302, 
92, 697, 605, -395, -256, 651, -570, 239, -453, -424, -156, -302, 
92, 697, 605, -395, -256, 651, -570, 244, -453, -429, -151, -307, 
87, 697, 610, -392, -261, 653, -570, 224, -453, -434, -151, -307, 
97, 697, 600, -397, -251, 649, -570, 224, -444, -424, -141, -297, 
97, 697, 600, -397, -251, 649, -570, 214, -444, -424, -141, -297, 
102, 702, 600, -402, -248, 651, -570, 219, -444, -419, -141, -292, 
102, 702, 600, -402, -248, 651, -570, 234, -444, -419, -141, -292, 
92, 692, 600, -392, -253, 646, -570, 234, -453, -419, -141, -302, 
92, 692, 600, -392, -253, 646, -570, 224, -453, -419, -141, -297, 
92, 692, 600, -392, -253, 646, -570, 224, -453, -419, -141, -297, 
97, 692, 595, -395, -248, 644, -570, 229, -448, -419, -141, -297, 
102, 707, 605, -405, -251, 656, -570, 239, -439, -419, -141, -297, 
102, 707, 605, -405, -251, 656, -570, 229, -439, -419, -141, -297, 
97, 707, 610, -402, -256, 658, -570, 209, -434, -419, -141, -297, 
97, 707, 610, -402, -256, 658, -570, 204, -434, -414, -136, -297, 
102, 712, 610, -407, -253, 661, -570, 214, -429, -409, -136, -292, 
107, 712, 605, -409, -248, 658, -570, 224, -424, -409, -136, -287, 
107, 712, 605, -409, -248, 658, -570, 224, -424, -409, -136, -287, 
102, 712, 610, -407, -253, 661, -570, 224, -424, -409, -141, -297, 
102, 712, 610, -407, -253, 661, -570, 229, -424, -409, -141, -287, 
102, 717, 614, -409, -256, 666, -570, 239, -419, -405, -141, -283, 
102, 717, 614, -409, -256, 666, -566, 248, -419, -405, -131, -278, 
102, 717, 614, -409, -256, 666, -566, 248, -419, -405, -131, -278, 
102, 702, 600, -402, -248, 651, -570, 239, -419, -395, -126, -287, 
102, 702, 600, -402, -248, 651, -570, 244, -419, -395, -126, -287, 
107, 707, 600, -407, -246, 653, -570, 248, -414, -390, -122, -287, 
107, 707, 600, -407, -246, 653, -570, 278, -414, -390, -122, -287, 
117, 722, 605, -419, -244, 663, -570, 268, -419, -390, -131, -278, 
117, 722, 605, -419, -244, 663, -570, 268, -419, -390, -131, -278, 
122, 727, 605, -424, -241, 666, -570, 273, -414, -390, -131, -278, 
122, 727, 605, -424, -241, 666, -570, 287, -409, -385, -131, -278, 
122, 736, 614, -429, -246, 675, -570, 287, -409, -385, -136, -287, 
112, 727, 614, -419, -251, 671, -570, 283, -409, -385, -136, -287, 
112, 727, 614, -419, -251, 671, -570, 263, -409, -385, -131, -287, 
117, 727, 610, -422, -246, 668, -570, 248, -405, -385, -126, -287, 
122, 732, 610, -427, -244, 671, -580, 263, -400, -380, -126, -287, 
122, 732, 610, -427, -244, 671, -580, 278, -400, -375, -126, -283, 
122, 732, 610, -427, -244, 671, -580, 278, -400, -375, -126, -283, 
122, 732, 610, -427, -244, 671, -585, 273, -395, -370, -126, -283, 
131, 736, 605, -434, -236, 671, -585, 273, -395, -370, -117, -283, 
136, 736, 600, -436, -231, 668, -585, 287, -390, -361, -112, -283, 
141, 741, 600, -441, -229, 671, -585, 297, -390, -361, -112, -283, 
141, 741, 600, -441, -229, 671, -585, 297, -390, -361, -112, -283, 
131, 751, 619, -441, -244, 685, -580, 297, -390, -351, -112, -278, 
126, 751, 624, -439, -248, 688, -580, 297, -385, -346, -102, -273, 
126, 751, 624, -439, -248, 688, -580, 297, -380, -336, -102, -263, 
126, 761, 634, -444, -253, 697, -580, 307, -380, -336, -102, -258, 
131, 751, 619, -441, -244, 685, -585, 307, -370, -336, -92, -268, 
136, 751, 614, -444, -239, 683, -585, 302, -366, -336, -87, -263, 
141, 751, 610, -446, -234, 680, -585, 302, -361, -336, -87, -263, 
146, 756, 610, -451, -231, 683, -585, 307, -361, -326, -87, -258, 
146, 756, 610, -451, -231, 683, -585, 317, -351, -331, -92, -268, 
146, 756, 610, -451, -231, 683, -585, 317, -346, -326, -87, -268, 
146, 761, 614, -453, -234, 688, -585, 297, -341, -326, -87, -268, 
151, 771, 619, -461, -234, 695, -590, 297, -341, -322, -87, -263, 
141, 761, 619, -451, -239, 690, -600, 297, -341, -317, -82, -253, 
141, 761, 619, -451, -239, 690, -595, 307, -341, -312, -78, -248, 
141, 761, 619, -451, -239, 690, -595, 302, -331, -312, -78, -248, 
141, 761, 619, -451, -239, 690, -595, 292, -331, -312, -73, -248, 
156, 775, 619, -466, -231, 697, -605, 292, -331, -312, -73, -248, 
161, 780, 619, -470, -229, 700, -605, 307, -322, -302, -63, -244, 
170, 780, 610, -475, -219, 695, -605, 317, -317, -287, -58, -244, 
170, 780, 610, -475, -219, 695, -610, 317, -312, -283, -58, -239, 
170, 780, 610, -475, -219, 695, -614, 302, -307, -273, -58, -248, 
170, 785, 614, -478, -222, 700, -610, 307, -307, -273, -53, -239, 
170, 790, 619, -480, -224, 705, -605, 322, -302, -263, -53, -234, 
180, 790, 610, -485, -214, 700, -600, 336, -297, -258, -53, -234, 
185, 800, 614, -492, -214, 707, -610, 326, -292, -253, -34, -224, 
190, 810, 619, -500, -214, 714, -614, 312, -287, -248, -34, -224, 
200, 819, 619, -509, -209, 719, -614, 312, -287, -244, -29, -224, 
204, 824, 619, -514, -207, 722, -614, 322, -283, -239, -24, -219, 
209, 829, 619, -519, -204, 724, -619, 331, -278, -239, -24, -219, 
209, 824, 614, -517, -202, 719, -619, 331, -273, -234, -19, -209, 
209, 819, 610, -514, -200, 714, -619, 317, -268, -224, -14, -209, 
204, 819, 614, -512, -204, 717, -619, 307, -263, -219, -9, -209, 
209, 834, 624, -522, -207, 729, -619, 326, -244, -200, -4, -200, 
214, 839, 624, -527, -204, 732, -624, 336, -244, -195, 0, -195, 
219, 844, 624, -531, -202, 734, -624, 336, -239, -185, 4, -195, 
219, 844, 624, -531, -202, 734, -624, 326, -234, -185, 9, -190, 
224, 849, 624, -536, -200, 736, -629, 317, -229, -180, 4, -195, 
229, 854, 624, -541, -197, 739, -639, 326, -229, -165, 9, -190, 
234, 858, 624, -546, -195, 741, -644, 346, -224, -156, 14, -190, 
234, 863, 629, -549, -197, 746, -653, 346, -219, -151, 24, -185, 
248, 858, 610, -553, -180, 734, -653, 326, -219, -146, 39, -170, 
253, 863, 610, -558, -178, 736, -658, 331, -214, -141, 39, -165, 
263, 868, 605, -566, -170, 736, -663, 341, -209, -136, 43, -165, 
263, 868, 605, -566, -170, 736, -668, 356, -209, -126, 48, -161, 
253, 883, 629, -568, -187, 756, -668, 346, -204, -131, 58, -161, 
253, 883, 629, -568, -187, 756, -663, 336, -200, -126, 63, -161, 
253, 883, 629, -568, -187, 756, -663, 326, -195, -122, 68, -156, 
263, 893, 629, -578, -183, 761, -663, 336, -190, -117, 73, -156, 
278, 897, 619, -588, -170, 758, -673, 356, -185, -102, 68, -146, 
278, 902, 624, -590, -173, 763, -673, 356, -185, -92, 73, -141, 
278, 902, 624, -590, -173, 763, -678, 341, -180, -87, 78, -136, 
283, 907, 624, -595, -170, 766, -678, 326, -175, -87, 82, -131, 
283, 902, 619, -592, -168, 761, -678, 331, -175, -78, 82, -122, 
287, 907, 619, -597, -165, 763, -678, 336, -170, -73, 87, -117, 
287, 912, 624, -600, -168, 768, -683, 336, -170, -68, 92, -117, 
287, 912, 624, -600, -168, 768, -683, 326, -170, -68, 92, -117, 
278, 912, 634, -595, -178, 773, -683, 317, -165, -73, 87, -126, 
278, 922, 644, -600, -183, 783, -683, 326, -165, -73, 92, -126, 
278, 922, 644, -600, -183, 783, -683, 341, -161, -63, 97, -126, 
278, 922, 644, -600, -183, 783, -678, 341, -161, -63, 97, -126, 
278, 927, 649, -602, -185, 788, -678, 341, -151, -63, 102, -117, 
278, 927, 649, -602, -185, 788, -673, 346, -151, -63, 102, -117, 
278, 922, 644, -600, -183, 783, -668, 356, -151, -63, 97, -117, 
268, 922, 653, -595, -192, 788, -668, 366, -156, -73, 92, -117, 
268, 922, 653, -595, -192, 788, -658, 366, -165, -78, 82, -122, 
268, 922, 653, -595, -192, 788, -644, 351, -165, -87, 82, -126, 
258, 912, 653, -585, -197, 783, -644, 341, -175, -97, 73, -136, 
253, 907, 653, -580, -200, 780, -644, 356, -185, -107, 63, -141, 
239, 897, 658, -568, -209, 778, -644, 356, -204, -126, 48, -165, 
229, 888, 658, -558, -214, 773, -639, 346, -209, -146, 34, -175, 
209, 878, 668, -544, -229, 773, -634, 331, -224, -165, 19, -185, 
209, 873, 663, -541, -226, 768, -629, 322, -234, -190, 4, -204, 
214, 878, 663, -546, -224, 771, -614, 331, -244, -204, 9, -200, 
204, 873, 668, -539, -231, 771, -614, 341, -248, -214, -4, -204, 
200, 863, 663, -531, -231, 763, -614, 331, -258, -229, -14, -214, 
185, 858, 673, -522, -244, 766, -614, 312, -268, -234, -19, -224, 
185, 854, 668, -519, -241, 761, -600, 307, -278, -253, -39, -234, 
185, 849, 663, -517, -239, 756, -595, 307, -287, -258, -48, -234, 
175, 844, 668, -509, -246, 756, -595, 326, -297, -268, -58, -239, 
170, 834, 663, -502, -246, 749, -595, 317, -307, -287, -63, -239, 
161, 844, 683, -502, -261, 763, -595, 302, -317, -302, -73, -244, 
156, 829, 673, -492, -258, 751, -595, 302, -331, -317, -82, -253, 
151, 829, 678, -490, -263, 753, -595, 307, -346, -326, -92, -258, 
151, 824, 673, -488, -261, 749, -590, 312, -361, -331, -97, -268, 
141, 819, 678, -480, -268, 749, -585, 302, -366, -336, -97, -258, 
131, 814, 683, -473, -275, 749, -585, 283, -361, -346, -92, -258, 
131, 805, 673, -468, -270, 739, -590, 268, -361, -351, -97, -263, 
131, 805, 673, -468, -270, 739, -590, 278, -361, -351, -92, -263, 
131, 795, 663, -463, -265, 729, -585, 292, -361, -351, -102, -258, 
126, 795, 668, -461, -270, 732, -580, 283, -370, -356, -107, -263, 
122, 790, 668, -456, -273, 729, -575, 268, -375, -366, -112, -268, 
117, 785, 668, -451, -275, 727, -570, 258, -385, -375, -122, -268, 
117, 795, 678, -456, -280, 736, -570, 268, -385, -380, -122, -278, 
117, 795, 678, -456, -280, 736, -570, 268, -390, -380, -126, -278, 
117, 795, 678, -456, -280, 736, -570, 268, -390, -385, -126, -278, 
117, 790, 673, -453, -278, 732, -570, 244, -395, -385, -126, -287, 
112, 780, 668, -446, -278, 724, -575, 234, -400, -385, -126, -287, 
112, 780, 668, -446, -278, 724, -580, 234, -400, -385, -126, -287, 
117, 780, 663, -448, -273, 722, -585, 244, -400, -385, -126, -287, 
117, 780, 663, -448, -273, 722, -590, 244, -400, -390, -131, -287, 
117, 785, 668, -451, -275, 727, -580, 248, -405, -385, -136, -287, 
117, 785, 668, -451, -275, 727, -580, 248, -409, -390, -136, -287, 
122, 785, 663, -453, -270, 724, -580, 253, -409, -390, -136, -287, 
122, 785, 663, -453, -270, 724, -580, 273, -409, -390, -136, -287, 
117, 785, 668, -451, -275, 727, -580, 273, -409, -400, -136, -292, 
112, 780, 668, -446, -278, 724, -580, 268, -409, -400, -136, -292, 
102, 780, 678, -441, -287, 729, -580, 248, -409, -400, -136, -292, 
97, 780, 683, -439, -292, 732, -580, 258, -405, -400, -136, -292, 
107, 785, 678, -446, -285, 732, -570, 278, -395, -400, -136, -287, 
112, 785, 673, -448, -280, 729, -570, 278, -395, -400, -136, -287, 
117, 785, 668, -451, -275, 727, -570, 268, -395, -400, -136, -292, 
122, 785, 663, -453, -270, 724, -570, 268, -395, -400, -136, -292, 
112, 785, 673, -448, -280, 729, -575, 273, -405, -409, -146, -302, 
112, 785, 673, -448, -280, 729, -580, 283, -405, -409, -146, -302, 
112, 785, 673, -448, -280, 729, -585, 268, -409, -419, -146, -302, 
112, 785, 673, -448, -280, 729, -590, 253, -409, -419, -146, -302, 
112, 795, 683, -453, -285, 739, -580, 244, -405, -409, -146, -297, 
112, 795, 683, -453, -285, 739, -580, 263, -405, -405, -141, -297, 
112, 795, 683, -453, -285, 739, -580, 278, -405, -405, -141, -297, 
112, 795, 683, -453, -285, 739, -580, 283, -405, -405, -141, -302, 
122, 795, 673, -458, -275, 734, -570, 278, -395, -405, -141, -302, 
122, 795, 673, -458, -275, 734, -570, 283, -395, -405, -141, -302, 
122, 795, 673, -458, -275, 734, -570, 292, -395, -405, -141, -297, 
122, 795, 673, -458, -275, 734, -570, 312, -395, -405, -141, -297, 
112, 805, 692, -458, -290, 749, -580, 302, -395, -395, -131, -287, 
112, 805, 692, -458, -290, 749, -580, 278, -395, -395, -131, -287, 
112, 810, 697, -461, -292, 753, -575, 278, -395, -395, -131, -287, 
112, 810, 697, -461, -292, 753, -570, 287, -395, -395, -131, -287, 
117, 800, 683, -458, -283, 741, -570, 292, -400, -395, -131, -287, 
117, 800, 683, -458, -283, 741, -570, 292, -400, -395, -131, -287, 
107, 800, 692, -453, -292, 746, -570, 278, -400, -390, -131, -287, 
107, 800, 692, -453, -292, 746, -575, 278, -400, -385, -131, -287, 
122, 800, 678, -461, -278, 739, -575, 278, -400, -395, -131, -287, 
122, 805, 683, -463, -280, 744, -575, 283, -400, -400, -131, -287, 
122, 805, 683, -463, -280, 744, -575, 283, -400, -400, -131, -287, 
122, 805, 683, -463, -280, 744, -570, 258, -400, -405, -131, -287, 
112, 805, 692, -458, -290, 749, -580, 258, -409, -414, -131, -287, 
117, 805, 688, -461, -285, 746, -580, 278, -409, -409, -131, -287, 
117, 810, 692, -463, -287, 751, -580, 287, -409, -405, -131, -287, 
117, 810, 692, -463, -287, 751, -575, 278, -409, -405, -131, -287, 
126, 800, 673, -463, -273, 736, -575, 273, -400, -400, -131, -287, 
126, 800, 673, -463, -273, 736, -575, 278, -400, -400, -131, -287, 
126, 800, 673, -463, -273, 736, -575, 292, -400, -400, -131, -287, 
126, 800, 673, -463, -273, 736, -575, 297, -400, -400, -131, -287, 
126, 810, 683, -468, -278, 746, -575, 283, -400, -395, -141, -297, 
122, 810, 688, -466, -283, 749, -580, 278, -400, -395, -141, -297, 
122, 810, 688, -466, -283, 749, -580, 268, -405, -395, -141, -297, 
122, 814, 692, -468, -285, 753, -580, 258, -409, -395, -141, -297, 
131, 814, 683, -473, -275, 749, -580, 287, -419, -395, -141, -297, 
131, 814, 683, -473, -275, 749, -580, 278, -419, -395, -141, -297, 
131, 814, 683, -473, -275, 749, -580, 268, -424, -395, -141, -297, 
131, 810, 678, -470, -273, 744, -580, 268, -424, -395, -141, -297, 
131, 810, 678, -470, -273, 744, -570, 268, -414, -405, -141, -297, 
131, 810, 678, -470, -273, 744, -570, 268, -414, -409, -146, -297, 
126, 810, 683, -468, -278, 746, -570, 268, -419, -419, -151, -297, 
126, 810, 683, -468, -278, 746, -570, 253, -419, -419, -151, -297, 
122, 814, 692, -468, -285, 753, -580, 244, -419, -419, -151, -297, 
122, 814, 692, -468, -285, 753, -580, 248, -419, -419, -151, -297, 
122, 810, 688, -466, -283, 749, -575, 258, -419, -419, -151, -297, 
122, 810, 688, -466, -283, 749, -575, 258, -424, -424, -151, -302, 
131, 805, 673, -468, -270, 739, -585, 263, -439, -419, -141, -302, 
131, 805, 673, -468, -270, 739, -590, 263, -439, -419, -141, -302, 
131, 805, 673, -468, -270, 739, -590, 263, -439, -419, -146, -302, 
131, 805, 673, -468, -270, 739, -590, 263, -439, -414, -146, -302, 
122, 810, 688, -466, -283, 749, -580, 263, -429, -424, -156, -302, 
122, 805, 683, -463, -280, 744, -580, 253, -439, -429, -156, -302, 
122, 805, 683, -463, -280, 744, -580, 248, -439, -429, -156, -302, 
122, 805, 683, -463, -280, 744, -580, 248, -434, -429, -156, -302, 
131, 814, 683, -473, -275, 749, -585, 244, -434, -429, -156, -302, 
131, 814, 683, -473, -275, 749, -585, 244, -439, -429, -156, -307, 
131, 814, 683, -473, -275, 749, -585, 244, -444, -429, -156, -307, 
131, 814, 683, -473, -275, 749, -585, 244, -448, -434, -156, -307, 
122, 810, 688, -466, -283, 749, -585, 234, -448, -444, -156, -307, 
117, 805, 688, -461, -285, 746, -585, 239, -448, -444, -156, -307, 
117, 800, 683, -458, -283, 741, -590, 239, -448, -448, -165, -307, 
117, 795, 678, -456, -280, 736, -590, 229, -458, -448, -170, -307, 
107, 795, 688, -451, -290, 741, -585, 229, -468, -439, -161, -297, 
112, 800, 688, -456, -287, 744, -585, 229, -463, -434, -156, -297, 
112, 800, 688, -456, -287, 744, -585, 248, -463, -434, -156, -297, 
112, 800, 688, -456, -287, 744, -585, 239, -463, -434, -161, -297, 
112, 800, 688, -456, -287, 744, -595, 234, -458, -434, -161, -307, 
122, 785, 663, -453, -270, 724, -595, 229, -468, -444, -161, -312, 
122, 800, 678, -461, -278, 739, -595, 244, -468, -448, -161, -312, 
122, 800, 678, -461, -278, 739, -595, 263, -468, -448, -156, -312, 
122, 800, 678, -461, -278, 739, -595, 248, -468, -458, -156, -312, 
122, 800, 678, -461, -278, 739, -605, 234, -473, -458, -161, -312, 
126, 800, 673, -463, -273, 736, -605, 224, -473, -458, -161, -312, 
126, 805, 678, -466, -275, 741, -600, 219, -473, -453, -161, -312, 
122, 795, 673, -458, -275, 734, -600, 229, -473, -444, -161, -312, 
112, 795, 683, -453, -285, 739, -600, 229, -473, -444, -161, -312, 
107, 785, 678, -446, -285, 732, -600, 219, -478, -448, -161, -322, 
107, 795, 688, -451, -290, 741, -600, 214, -483, -448, -161, -322, 
107, 795, 688, -451, -290, 741, -605, 204, -483, -458, -165, -322, 
107, 795, 688, -451, -290, 741, -605, 209, -483, -463, -170, -326, 
107, 795, 688, -451, -290, 741, -614, 209, -483, -468, -175, -326, 
102, 790, 688, -446, -292, 739, -614, 190, -483, -473, -180, -331, 
112, 800, 688, -456, -287, 744, -605, 190, -483, -468, -170, -331, 
117, 800, 683, -458, -283, 741, -605, 204, -483, -468, -170, -326, 
117, 805, 688, -461, -285, 746, -600, 209, -483, -463, -170, -326, 
117, 805, 688, -461, -285, 746, -600, 209, -488, -463, -170, -326, 
112, 805, 692, -458, -290, 749, -605, 214, -492, -468, -175, -326, 
112, 800, 688, -456, -287, 744, -614, 209, -492, -468, -175, -326, 
112, 800, 688, -456, -287, 744, -614, 209, -492, -468, -170, -326, 
112, 800, 688, -456, -287, 744, -610, 214, -488, -468, -170, -326, 
112, 800, 688, -456, -287, 744, -619, 214, -497, -478, -175, -336, 
112, 800, 688, -456, -287, 744, -624, 204, -502, -478, -175, -336, 
112, 800, 688, -456, -287, 744, -624, 204, -502, -483, -175, -331, 
117, 800, 683, -458, -283, 741, -614, 204, -502, -483, -175, -326, 
117, 790, 673, -453, -278, 732, -614, 209, -502, -473, -175, -326, 
112, 790, 678, -451, -283, 734, -614, 200, -502, -473, -180, -331, 
102, 780, 678, -441, -287, 729, -614, 190, -502, -478, -180, -331, 
102, 780, 678, -441, -287, 729, -614, 190, -502, -478, -180, -326, 
102, 780, 678, -441, -287, 729, -610, 190, -502, -473, -180, -336, 
102, 785, 683, -444, -290, 734, -610, 195, -502, -473, -180, -341, 
102, 785, 683, -444, -290, 734, -610, 195, -502, -473, -180, -346, 
97, 785, 688, -441, -295, 736, -605, 185, -502, -478, -180, -346, 
107, 795, 688, -451, -290, 741, -614, 175, -512, -483, -190, -346, 
112, 795, 683, -453, -285, 739, -619, 185, -512, -483, -190, -346, 
112, 800, 688, -456, -287, 744, -619, 195, -517, -483, -190, -346, 
112, 800, 688, -456, -287, 744, -614, 185, -517, -483, -185, -346, 
102, 790, 688, -446, -292, 739, -614, 185, -517, -483, -185, -336, 
102, 790, 688, -446, -292, 739, -614, 180, -517, -483, -190, -336, 
102, 790, 688, -446, -292, 739, -619, 185, -517, -483, -190, -336, 
102, 790, 688, -446, -292, 739, -619, 195, -517, -478, -190, -336, 
112, 790, 678, -451, -283, 734, -614, 195, -517, -488, -180, -341, 
117, 795, 678, -456, -280, 736, -614, 185, -517, -488, -180, -336, 
117, 795, 678, -456, -280, 736, -614, 185, -517, -492, -180, -336, 
112, 790, 678, -451, -283, 734, -614, 185, -517, -492, -180, -336, 
107, 790, 683, -448, -287, 736, -619, 185, -507, -483, -190, -336, 
102, 790, 688, -446, -292, 739, -619, 185, -507, -483, -190, -336, 
97, 790, 692, -444, -297, 741, -614, 175, -512, -483, -190, -336, 
92, 790, 697, -441, -302, 744, -614, 165, -512, -483, -190, -336, 
92, 790, 697, -441, -302, 744, -614, 165, -522, -483, -180, -331, 
92, 785, 692, -439, -300, 739, -619, 170, -522, -478, -180, -331, 
92, 785, 692, -439, -300, 739, -619, 170, -522, -478, -180, -331, 
92, 790, 697, -441, -302, 744, -619, 156, -522, -483, -185, -331, 
102, 790, 688, -446, -292, 739, -619, 146, -522, -492, -195, -346, 
102, 790, 688, -446, -292, 739, -619, 156, -517, -488, -190, -346, 
102, 790, 688, -446, -292, 739, -619, 165, -517, -488, -190, -341, 
102, 790, 688, -446, -292, 739, -619, 165, -522, -488, -190, -341, 
92, 785, 692, -439, -300, 739, -619, 161, -522, -488, -190, -341, 
92, 785, 692, -439, -300, 739, -619, 156, -522, -492, -185, -341, 
102, 785, 683, -444, -290, 734, -619, 161, -522, -492, -185, -341, 
102, 785, 683, -444, -290, 734, -619, 175, -522, -488, -185, -341, 
102, 800, 697, -451, -297, 749, -624, 165, -522, -488, -180, -341, 
102, 800, 697, -451, -297, 749, -624, 156, -522, -488, -180, -341, 
102, 795, 692, -448, -295, 744, -619, 156, -522, -492, -180, -341, 
102, 790, 688, -446, -292, 739, -619, 161, -522, -492, -185, -346, 
92, 790, 697, -441, -302, 744, -619, 141, -522, -502, -195, -346, 
97, 790, 692, -444, -297, 741, -624, 136, -517, -497, -185, -331, 
97, 800, 702, -448, -302, 751, -624, 151, -527, -488, -185, -331, 
97, 800, 702, -448, -302, 751, -624, 156, -527, -488, -185, -331, 
97, 800, 702, -448, -302, 751, -624, 161, -527, -488, -185, -331, 
97, 800, 702, -448, -302, 751, -624, 165, -527, -488, -185, -331, 
97, 790, 692, -444, -297, 741, -619, 146, -527, -497, -195, -341, 
97, 790, 692, -444, -297, 741, -619, 161, -527, -497, -190, -341, 
97, 795, 697, -446, -300, 746, -619, 180, -527, -497, -190, -341, 
97, 795, 697, -446, -300, 746, -619, 170, -527, -497, -190, -341, 
107, 805, 697, -456, -295, 751, -629, 141, -527, -492, -190, -341, 
107, 805, 697, -456, -295, 751, -629, 141, -527, -492, -190, -341, 
107, 805, 697, -456, -295, 751, -624, 151, -527, -488, -190, -341, 
107, 805, 697, -456, -295, 751, -619, 161, -527, -488, -190, -341, 
97, 795, 697, -446, -300, 746, -619, 161, -517, -488, -190, -331, 
97, 795, 697, -446, -300, 746, -619, 146, -517, -488, -190, -331, 
97, 795, 697, -446, -300, 746, -619, 146, -517, -488, -190, -331, 
97, 800, 702, -448, -302, 751, -614, 161, -512, -483, -190, -331, 
102, 819, 717, -461, -307, 768, -600, 185, -512, -478, -190, -326, 
102, 829, 727, -466, -312, 778, -595, 175, -512, -478, -180, -322, 
102, 839, 736, -470, -317, 788, -595, 175, -507, -478, -175, -317, 
97, 844, 746, -470, -324, 795, -590, 175, -507, -473, -175, -312, 
87, 839, 751, -463, -331, 795, -585, 195, -507, -468, -170, -307, 
92, 839, 746, -466, -326, 793, -580, 214, -502, -463, -170, -307, 
92, 844, 751, -468, -329, 797, -575, 204, -492, -463, -170, -307, 
92, 844, 751, -468, -329, 797, -570, 195, -492, -463, -170, -307, 
102, 854, 751, -478, -324, 802, -570, 190, -492, -473, -165, -322, 
107, 863, 756, -485, -324, 810, -570, 195, -492, -468, -165, -322, 
107, 863, 756, -485, -324, 810, -561, 204, -492, -468, -165, -322, 
107, 863, 756, -485, -324, 810, -561, 200, -497, -468, -170, -317, 
107, 863, 756, -485, -324, 810, -575, 195, -488, -463, -170, -317, 
107, 863, 756, -485, -324, 810, -580, 195, -488, -463, -161, -312, 
122, 878, 756, -500, -317, 817, -580, 195, -478, -458, -156, -307, 
122, 883, 761, -502, -319, 822, -585, 204, -478, -448, -156, -302, 
117, 888, 771, -502, -326, 829, -590, 204, -488, -458, -146, -297, 
122, 888, 766, -505, -322, 827, -600, 190, -488, -458, -141, -297, 
131, 897, 766, -514, -317, 832, -605, 190, -488, -453, -141, -292, 
141, 907, 766, -524, -312, 836, -610, 200, -478, -448, -141, -292, 
146, 897, 751, -522, -302, 824, -605, 214, -478, -448, -131, -292, 
146, 893, 746, -519, -300, 819, -610, 204, -483, -448, -136, -297, 
146, 883, 736, -514, -295, 810, -610, 190, -483, -453, -136, -297, 
146, 883, 736, -514, -295, 810, -610, 180, -483, -453, -136, -297, 
151, 883, 732, -517, -290, 807, -605, 204, -473, -448, -146, -287, 
156, 883, 727, -519, -285, 805, -605, 214, -473, -448, -146, -292, 
156, 873, 717, -514, -280, 795, -610, 204, -478, -453, -146, -292, 
151, 873, 722, -512, -285, 797, -614, 190, -478, -453, -146, -292, 
151, 883, 732, -517, -290, 807, -614, 185, -483, -453, -156, -302, 
151, 883, 732, -517, -290, 807, -614, 190, -488, -453, -156, -302, 
151, 883, 732, -517, -290, 807, -619, 195, -492, -453, -156, -302, 
151, 878, 727, -514, -287, 802, -624, 175, -502, -453, -156, -302, 
151, 868, 717, -509, -283, 793, -639, 151, -497, -463, -151, -312, 
146, 868, 722, -507, -287, 795, -639, 156, -507, -463, -151, -312, 
146, 863, 717, -505, -285, 790, -639, 165, -507, -463, -156, -317, 
146, 858, 712, -502, -283, 785, -649, 170, -507, -468, -161, -317, 
146, 854, 707, -500, -280, 780, -649, 156, -512, -468, -161, -312, 
131, 844, 712, -488, -290, 778, -644, 146, -517, -478, -170, -322, 
122, 839, 717, -480, -297, 778, -639, 146, -517, -483, -170, -322, 
112, 834, 722, -473, -305, 778, -639, 156, -517, -483, -175, -326, 
107, 839, 732, -473, -312, 785, -629, 156, -527, -483, -180, -331, 
102, 829, 727, -466, -312, 778, -639, 151, -536, -488, -180, -336, 
92, 814, 722, -453, -314, 768, -639, 126, -541, -507, -185, -341, 
92, 814, 722, -453, -314, 768, -639, 122, -541, -512, -190, -346, 
82, 805, 722, -444, -319, 763, -649, 122, -556, -512, -204, -346, 
78, 790, 712, -434, -317, 751, -653, 131, -561, -512, -209, -351, 
78, 785, 707, -431, -314, 746, -658, 122, -561, -517, -214, -356, 
78, 775, 697, -427, -309, 736, -673, 107, -570, -522, -219, -356, 
87, 785, 697, -436, -305, 741, -663, 92, -566, -531, -209, -366, 
82, 785, 702, -434, -309, 744, -663, 112, -566, -531, -209, -366, 
82, 785, 702, -434, -309, 744, -663, 131, -566, -531, -209, -366, 
82, 780, 697, -431, -307, 739, -663, 117, -566, -531, -214, -366, 
87, 780, 692, -434, -302, 736, -663, 92, -566, -527, -214, -361, 
87, 780, 692, -434, -302, 736, -663, 92, -566, -531, -214, -361, 
82, 780, 697, -431, -307, 739, -668, 92, -566, -531, -214, -361, 
82, 780, 697, -431, -307, 739, -668, 102, -566, -527, -214, -361, 
78, 766, 688, -422, -305, 727, -663, 112, -566, -536, -224, -366, 
73, 766, 692, -419, -309, 729, -663, 102, -566, -536, -224, -366, 
73, 766, 692, -419, -309, 729, -663, 102, -570, -536, -224, -366, 
78, 771, 692, -424, -307, 732, -663, 112, -570, -531, -224, -366, 
78, 771, 692, -424, -307, 732, -658, 112, -570, -531, -214, -366, 
78, 771, 692, -424, -307, 732, -658, 112, -570, -531, -214, -366, 
73, 771, 697, -422, -312, 734, -658, 97, -570, -536, -214, -366, 
73, 771, 697, -422, -312, 734, -663, 87, -570, -536, -214, -366, 
87, 780, 692, -434, -302, 736, -663, 92, -570, -527, -214, -356, 
92, 785, 692, -439, -300, 739, -663, 107, -570, -522, -214, -361, 
92, 785, 692, -439, -300, 739, -663, 112, -570, -522, -209, -361, 
87, 775, 688, -431, -300, 732, -658, 102, -575, -522, -209, -361, 
82, 766, 683, -424, -300, 724, -668, 97, -575, -531, -219, -361, 
78, 766, 688, -422, -305, 727, -668, 102, -575, -531, -219, -361, 
73, 771, 697, -422, -312, 734, -668, 117, -570, -531, -219, -361, 
68, 771, 702, -419, -317, 736, -658, 112, -566, -531, -219, -361, 
63, 771, 707, -417, -322, 739, -634, 102, -556, -531, -219, -361, 
53, 766, 712, -409, -329, 739, -600, 131, -541, -522, -219, -361, 
63, 785, 722, -424, -329, 753, -570, 190, -522, -512, -219, -370, 
82, 790, 707, -436, -312, 749, -546, 248, -502, -502, -219, -375, 
68, 780, 712, -424, -322, 746, -507, 292, -468, -483, -219, -375, 
48, 780, 732, -414, -341, 756, -468, 317, -424, -463, -200, -375, 
68, 800, 732, -434, -331, 766, -453, 356, -366, -424, -180, -356, 
102, 829, 727, -466, -312, 778, -448, 424, -307, -375, -141, -346, 
131, 858, 727, -495, -297, 793, -434, 512, -219, -302, -92, -312, 
161, 907, 746, -534, -292, 827, -424, 585, -92, -180, -4, -253, 
209, 1010, 800, -610, -295, 905, -488, 619, 39, -24, 102, -170, 
278, 1146, 868, -712, -295, 1007, -634, 639, 175, 141, 224, -63, 
385, 1302, 917, -844, -265, 1110, -829, 644, 326, 336, 380, 48, 
512, 1473, 961, -993, -224, 1217, -1068, 595, 468, 551, 546, 180, 
629, 1620, 990, -1124, -180, 1305, -1337, 458, 561, 746, 707, 297, 
736, 1756, 1019, -1246, -141, 1388, -1625, 258, 595, 917, 863, 424, 
824, 1888, 1063, -1356, -119, 1476, -1854, 126, 668, 1093, 1015, 541, 
897, 1986, 1088, -1442, -95, 1537, -1976, 146, 810, 1298, 1141, 619, 
941, 2000, 1058, -1471, -58, 1529, -2030, 214, 990, 1473, 1215, 658, 
922, 1932, 1010, -1427, -43, 1471, -2054, 248, 1098, 1546, 1215, 634, 
849, 1830, 980, -1339, -65, 1405, -2039, 204, 1049, 1473, 1151, 595, 
785, 1751, 966, -1268, -90, 1359, -2000, 97, 854, 1283, 1015, 522, 
741, 1673, 932, -1207, -95, 1302, -1932, 29, 639, 1068, 878, 434, 
673, 1586, 912, -1129, -119, 1249, -1830, 4, 463, 829, 736, 346, 
561, 1439, 878, -1000, -158, 1159, -1708, -53, 200, 502, 541, 209, 
434, 1263, 829, -849, -197, 1046, -1586, -165, -141, 117, 307, 68, 
326, 1122, 795, -724, -234, 958, -1444, -244, -429, -209, 112, -73, 
248, 1024, 775, -636, -263, 900, -1322, -287, -649, -439, -43, -180, 
190, 941, 751, -566, -280, 846, -1224, -268, -751, -546, -136, -244, 
156, 888, 732, -522, -287, 810, -1141, -204, -692, -536, -156, -273, 
136, 854, 717, -495, -290, 785, -1039, -136, -629, -497, -156, -287, 
136, 854, 717, -495, -290, 785, -946, -68, -605, -483, -156, -297, 
156, 878, 722, -517, -283, 800, -873, 9, -561, -463, -141, -283, 
156, 888, 732, -522, -287, 810, -810, 87, -512, -424, -131, -283, 
146, 873, 727, -509, -290, 800, -766, 117, -492, -424, -131, -292, 
126, 858, 732, -492, -302, 795, -741, 117, -488, -429, -146, -307, 
122, 844, 722, -483, -300, 783, -722, 131, -468, -434, -151, -307, 
117, 844, 727, -480, -305, 785, -707, 170, -468, -439, -151, -312, 
117, 844, 727, -480, -305, 785, -712, 185, -483, -448, -156, -326, 
107, 844, 736, -475, -314, 790, -702, 151, -497, -473, -161, -331, 
87, 829, 741, -458, -326, 785, -688, 107, -512, -488, -170, -336, 
87, 834, 746, -461, -329, 790, -688, 92, -522, -502, -185, -336, 
87, 834, 746, -461, -329, 790, -673, 112, -527, -502, -185, -341, 
92, 834, 741, -463, -324, 788, -663, 126, -527, -497, -185, -341, 
92, 829, 736, -461, -322, 783, -663, 126, -527, -497, -190, -351, 
87, 824, 736, -456, -324, 780, -658, 126, -527, -492, -195, -351, 
82, 819, 736, -451, -326, 778, -653, 141, -517, -502, -209, -351, 
82, 814, 732, -448, -324, 773, -649, 156, -517, -502, -209, -356, 
78, 805, 727, -441, -324, 766, -644, 156, -517, -502, -209, -356, 
78, 800, 722, -439, -322, 761, -634, 146, -517, -512, -214, -356, 
87, 810, 722, -448, -317, 766, -639, 112, -527, -522, -214, -356, 
87, 810, 722, -448, -317, 766, -634, 97, -531, -522, -214, -356, 
87, 814, 727, -451, -319, 771, -634, 112, -531, -517, -214, -351, 
92, 814, 722, -453, -314, 768, -634, 131, -536, -512, -214, -351, 
82, 810, 727, -446, -322, 768, -629, 141, -536, -512, -204, -361, 
78, 805, 727, -441, -324, 766, -629, 141, -531, -512, -204, -361, 
78, 805, 727, -441, -324, 766, -629, 151, -527, -512, -204, -361, 
82, 805, 722, -444, -319, 763, -629, 165, -522, -512, -209, -361, 
92, 814, 722, -453, -314, 768, -639, 190, -517, -497, -209, -361, 
92, 814, 722, -453, -314, 768, -639, 180, -517, -497, -204, -361, 
87, 810, 722, -448, -317, 766, -639, 165, -517, -512, -204, -361, 
87, 810, 722, -448, -317, 766, -639, 156, -517, -512, -204, -361, 
92, 824, 732, -458, -319, 778, -639, 165, -527, -517, -204, -361, 
92, 824, 732, -458, -319, 778, -634, 180, -527, -512, -204, -361, 
92, 824, 732, -458, -319, 778, -634, 180, -522, -512, -200, -361, 
92, 824, 732, -458, -319, 778, -634, 180, -522, -512, -200, -361, 
82, 814, 732, -448, -324, 773, -629, 185, -522, -512, -204, -351, 
82, 814, 732, -448, -324, 773, -629, 200, -522, -512, -204, -351, 
82, 814, 732, -448, -324, 773, -629, 209, -522, -517, -200, -356, 
78, 814, 736, -446, -329, 775, -629, 195, -522, -522, -200, -356, 
87, 814, 727, -451, -319, 771, -629, 180, -522, -522, -200, -356, 
87, 814, 727, -451, -319, 771, -629, 165, -522, -522, -200, -356, 
92, 819, 727, -456, -317, 773, -629, 165, -522, -517, -200, -351, 
92, 819, 727, -456, -317, 773, -629, 175, -522, -517, -200, -351, 
82, 819, 736, -451, -326, 778, -629, 165, -522, -527, -200, -351, 
82, 819, 736, -451, -326, 778, -629, 156, -522, -527, -200, -346, 
82, 819, 736, -451, -326, 778, -629, 156, -522, -527, -200, -346, 
87, 819, 732, -453, -322, 775, -629, 161, -517, -527, -200, -346, 
92, 824, 732, -458, -319, 778, -619, 180, -517, -522, -190, -346, 
92, 824, 732, -458, -319, 778, -619, 170, -517, -517, -190, -346, 
87, 824, 736, -456, -324, 780, -619, 151, -512, -512, -190, -346, 
87, 824, 736, -456, -324, 780, -619, 146, -512, -502, -185, -346, 
92, 839, 746, -466, -326, 793, -629, 136, -507, -507, -195, -351, 
97, 839, 741, -468, -322, 790, -629, 146, -502, -507, -195, -346, 
97, 839, 741, -468, -322, 790, -629, 146, -502, -507, -195, -346, 
92, 839, 746, -466, -326, 793, -629, 146, -502, -507, -200, -356, 
102, 839, 736, -470, -317, 788, -629, 161, -502, -507, -200, -346, 
102, 844, 741, -473, -319, 793, -629, 170, -497, -502, -200, -341, 
102, 844, 741, -473, -319, 793, -624, 180, -497, -502, -190, -336, 
102, 844, 741, -473, -319, 793, -624, 180, -497, -502, -190, -336, 
102, 849, 746, -475, -322, 797, -629, 156, -497, -502, -195, -336, 
102, 849, 746, -475, -322, 797, -629, 156, -497, -502, -195, -336, 
107, 854, 746, -480, -319, 800, -629, 156, -492, -497, -190, -336, 
107, 854, 746, -480, -319, 800, -629, 180, -492, -497, -190, -336, 
107, 854, 746, -480, -319, 800, -639, 180, -488, -497, -180, -336, 
107, 849, 741, -478, -317, 795, -639, 180, -488, -497, -180, -336, 
112, 849, 736, -480, -312, 793, -639, 185, -483, -497, -180, -336, 
112, 844, 732, -478, -309, 788, -639, 200, -478, -492, -180, -336, 
112, 854, 741, -483, -314, 797, -639, 224, -478, -483, -185, -326, 
102, 844, 741, -473, -319, 793, -639, 224, -478, -483, -185, -326, 
102, 844, 741, -473, -319, 793, -639, 209, -478, -483, -180, -326, 
107, 844, 736, -475, -314, 790, -639, 200, -473, -483, -175, -326, 
112, 858, 746, -485, -317, 802, -639, 214, -468, -478, -175, -336, 
112, 858, 746, -485, -317, 802, -639, 229, -468, -473, -175, -331, 
112, 858, 746, -485, -317, 802, -639, 229, -468, -473, -175, -331, 
112, 858, 746, -485, -317, 802, -644, 224, -463, -468, -175, -331, 
112, 854, 741, -483, -314, 797, -634, 224, -453, -478, -175, -322, 
117, 854, 736, -485, -309, 795, -634, 239, -448, -468, -170, -322, 
122, 858, 736, -490, -307, 797, -634, 248, -448, -468, -170, -322, 
122, 858, 736, -490, -307, 797, -634, 248, -448, -468, -170, -322, 
117, 858, 741, -488, -312, 800, -639, 229, -458, -458, -180, -331, 
117, 858, 741, -488, -312, 800, -639, 229, -453, -453, -170, -331, 
122, 858, 736, -490, -307, 797, -639, 229, -448, -444, -170, -326, 
126, 868, 741, -497, -307, 805, -639, 239, -448, -444, -170, -326, 
117, 868, 751, -492, -317, 810, -634, 239, -439, -448, -161, -326, 
117, 868, 751, -492, -317, 810, -634, 234, -434, -453, -156, -322, 
117, 868, 751, -492, -317, 810, -634, 234, -429, -458, -156, -322, 
117, 873, 756, -495, -319, 814, -634, 239, -429, -453, -156, -317, 
126, 873, 746, -500, -309, 810, -634, 258, -429, -439, -151, -317, 
126, 873, 746, -500, -309, 810, -634, 258, -424, -434, -146, -317, 
126, 878, 751, -502, -312, 814, -634, 239, -419, -434, -146, -317, 
131, 888, 756, -509, -312, 822, -639, 239, -419, -429, -146, -312, 
141, 888, 746, -514, -302, 817, -639, 248, -419, -414, -151, -302, 
141, 888, 746, -514, -302, 817, -634, 268, -419, -409, -146, -297, 
141, 888, 746, -514, -302, 817, -634, 273, -409, -409, -146, -297, 
141, 888, 746, -514, -302, 817, -634, 273, -409, -409, -141, -297, 
146, 893, 746, -519, -300, 819, -634, 268, -400, -419, -141, -307, 
151, 897, 746, -524, -297, 822, -634, 278, -390, -409, -131, -302, 
161, 897, 736, -529, -287, 817, -634, 283, -385, -395, -126, -302, 
161, 897, 736, -529, -287, 817, -639, 278, -380, -390, -126, -297, 
151, 888, 736, -519, -292, 812, -649, 268, -385, -380, -126, -297, 
151, 893, 741, -522, -295, 817, -649, 268, -385, -380, -122, -287, 
151, 897, 746, -524, -297, 822, -649, 278, -380, -370, -122, -283, 
161, 897, 736, -529, -287, 817, -649, 287, -375, -366, -122, -283, 
161, 912, 751, -536, -295, 832, -658, 287, -370, -370, -112, -283, 
161, 917, 756, -539, -297, 836, -663, 273, -366, -366, -112, -283, 
165, 922, 756, -544, -295, 839, -663, 273, -366, -361, -107, -283, 
165, 922, 756, -544, -295, 839, -663, 283, -361, -356, -102, -278, 
165, 922, 756, -544, -295, 839, -658, 302, -346, -346, -92, -268, 
170, 922, 751, -546, -290, 836, -658, 302, -341, -341, -87, -258, 
175, 922, 746, -549, -285, 834, -658, 287, -336, -331, -82, -258, 
175, 927, 751, -551, -287, 839, -658, 278, -331, -326, -78, -258, 
190, 936, 746, -563, -278, 841, -668, 297, -322, -317, -82, -253, 
195, 946, 751, -570, -278, 849, -673, 307, -322, -312, -78, -253, 
200, 956, 756, -578, -278, 856, -673, 307, -317, -302, -73, -258, 
200, 961, 761, -580, -280, 861, -673, 297, -312, -302, -68, -258, 
204, 956, 751, -580, -273, 854, -673, 287, -297, -287, -53, -244, 
209, 961, 751, -585, -270, 856, -678, 297, -297, -273, -48, -239, 
214, 966, 751, -590, -268, 858, -678, 317, -292, -263, -43, -239, 
214, 971, 756, -592, -270, 863, -683, 317, -287, -258, -34, -234, 
219, 976, 756, -597, -268, 866, -683, 302, -278, -253, -29, -229, 
224, 980, 756, -602, -265, 868, -688, 302, -273, -248, -29, -224, 
234, 985, 751, -610, -258, 868, -692, 307, -268, -244, -24, -224, 
234, 985, 751, -610, -258, 868, -697, 317, -268, -234, -19, -219, 
229, 990, 761, -610, -265, 875, -707, 307, -268, -239, -19, -209, 
224, 990, 766, -607, -270, 878, -702, 297, -268, -234, -14, -209, 
219, 990, 771, -605, -275, 880, -702, 287, -268, -229, -9, -204, 
224, 1000, 775, -612, -275, 888, -702, 297, -268, -224, -4, -204, 
234, 995, 761, -614, -263, 878, -702, 317, -253, -219, 0, -204, 
239, 1000, 761, -619, -261, 880, -702, 317, -253, -209, 4, -200, 
244, 1000, 756, -622, -256, 878, -707, 302, -248, -204, 9, -195, 
253, 1005, 751, -629, -248, 878, -707, 287, -244, -204, 14, -190, 
244, 1010, 766, -627, -261, 888, -707, 307, -234, -185, 24, -190, 
248, 1015, 766, -631, -258, 890, -707, 317, -229, -180, 29, -185, 
248, 1019, 771, -634, -261, 895, -712, 322, -229, -175, 34, -185, 
248, 1019, 771, -634, -261, 895, -712, 317, -229, -175, 34, -185, 
248, 1019, 771, -634, -261, 895, -702, 312, -224, -161, 29, -175, 
248, 1029, 780, -639, -265, 905, -702, 317, -224, -161, 34, -175, 
248, 1029, 780, -639, -265, 905, -702, 326, -219, -151, 39, -175, 
248, 1029, 780, -639, -265, 905, -697, 322, -219, -151, 39, -175, 
248, 1034, 785, -641, -268, 910, -707, 317, -229, -170, 34, -185, 
248, 1034, 785, -641, -268, 910, -702, 317, -229, -170, 34, -185, 
248, 1029, 780, -639, -265, 905, -697, 322, -229, -170, 29, -185, 
239, 1029, 790, -634, -275, 910, -697, 326, -234, -180, 24, -185, 
239, 1019, 780, -629, -270, 900, -697, 317, -244, -185, 14, -190, 
239, 1019, 780, -629, -270, 900, -683, 302, -244, -195, 14, -195, 
229, 1010, 780, -619, -275, 895, -683, 292, -253, -204, 4, -204, 
224, 1005, 780, -614, -278, 893, -683, 307, -263, -214, -4, -209, 
229, 1015, 785, -622, -278, 900, -673, 317, -273, -229, -14, -219, 
219, 1005, 785, -612, -283, 895, -668, 307, -278, -244, -24, -224, 
200, 995, 795, -597, -297, 895, -663, 292, -292, -258, -34, -229, 
200, 990, 790, -595, -295, 890, -658, 283, -302, -278, -43, -244, 
195, 985, 790, -590, -297, 888, -663, 292, -312, -302, -58, -248, 
185, 980, 795, -583, -305, 888, -663, 302, -317, -312, -73, -253, 
180, 971, 790, -575, -305, 880, -663, 292, -326, -326, -82, -263, 
165, 966, 800, -566, -317, 883, -663, 273, -336, -331, -87, -273, 
156, 951, 795, -553, -319, 873, -658, 258, -346, -361, -97, -283, 
156, 946, 790, -551, -317, 868, -653, 258, -356, -366, -107, -283, 
146, 941, 795, -544, -324, 868, -653, 278, -366, -375, -117, -287, 
141, 932, 790, -536, -324, 861, -653, 268, -375, -395, -122, -287, 
131, 932, 800, -531, -334, 866, -644, 258, -390, -400, -131, -302, 
126, 917, 790, -522, -331, 854, -644, 253, -400, -414, -141, -312, 
122, 917, 795, -519, -336, 856, -644, 253, -409, -424, -151, -317, 
122, 912, 790, -517, -334, 851, -639, 253, -419, -429, -156, -326, 
131, 917, 785, -524, -326, 851, -634, 244, -429, -444, -170, -326, 
122, 912, 790, -517, -334, 851, -634, 224, -429, -453, -170, -326, 
122, 902, 780, -512, -329, 841, -639, 209, -434, -458, -180, -331, 
122, 902, 780, -512, -329, 841, -639, 219, -439, -458, -180, -331, 
117, 897, 780, -507, -331, 839, -639, 229, -439, -458, -170, -326, 
107, 893, 785, -500, -339, 839, -639, 214, -448, -463, -175, -331, 
97, 883, 785, -490, -344, 834, -639, 195, -453, -473, -180, -336, 
87, 873, 785, -480, -348, 829, -639, 180, -463, -483, -190, -336, 
97, 873, 775, -485, -339, 824, -639, 204, -453, -478, -190, -346, 
97, 873, 775, -485, -339, 824, -639, 209, -458, -478, -195, -346, 
97, 873, 775, -485, -339, 824, -639, 214, -458, -483, -195, -346, 
97, 868, 771, -483, -336, 819, -639, 195, -463, -483, -195, -356, 
92, 878, 785, -485, -346, 832, -649, 190, -478, -483, -204, -346, 
92, 878, 785, -485, -346, 832, -649, 185, -478, -483, -204, -346, 
97, 878, 780, -488, -341, 829, -649, 190, -478, -483, -204, -346, 
97, 878, 780, -488, -341, 829, -649, 185, -478, -488, -209, -346, 
87, 863, 775, -475, -344, 819, -649, 185, -473, -502, -204, -346, 
87, 863, 775, -475, -344, 819, -649, 180, -478, -507, -204, -346, 
92, 863, 771, -478, -339, 817, -649, 180, -478, -507, -204, -346, 
92, 863, 771, -478, -339, 817, -649, 195, -478, -507, -204, -346, 
92, 873, 780, -483, -344, 827, -649, 195, -478, -497, -204, -351, 
92, 868, 775, -480, -341, 822, -649, 190, -478, -497, -204, -351, 
87, 868, 780, -478, -346, 824, -649, 170, -478, -497, -204, -351, 
87, 868, 780, -478, -346, 824, -649, 180, -473, -497, -204, -351, 
102, 883, 780, -492, -339, 832, -658, 195, -483, -497, -214, -356, 
102, 883, 780, -492, -339, 832, -658, 190, -483, -497, -214, -356, 
102, 883, 780, -492, -339, 832, -658, 175, -483, -497, -214, -361, 
102, 883, 780, -492, -339, 832, -658, 170, -483, -497, -214, -361, 
92, 873, 780, -483, -344, 827, -649, 185, -473, -497, -214, -361, 
92, 873, 780, -483, -344, 827, -649, 204, -473, -497, -214, -361, 
92, 873, 780, -483, -344, 827, -649, 200, -478, -507, -214, -361, 
92, 873, 780, -483, -344, 827, -649, 195, -478, -507, -214, -361, 
102, 883, 780, -492, -339, 832, -649, 170, -473, -507, -204, -366, 
102, 883, 780, -492, -339, 832, -649, 185, -473, -502, -200, -366, 
102, 883, 780, -492, -339, 832, -649, 195, -473, -502, -200, -366, 
102, 883, 780, -492, -339, 832, -649, 195, -473, -502, -200, -370, 
102, 873, 771, -488, -334, 822, -649, 185, -473, -502, -209, -361, 
102, 873, 771, -488, -334, 822, -649, 185, -473, -502, -209, -361, 
102, 873, 771, -488, -334, 822, -649, 190, -473, -502, -209, -356, 
102, 873, 771, -488, -334, 822, -649, 204, -473, -502, -209, -356, 
92, 873, 780, -483, -344, 827, -649, 204, -473, -502, -200, -356, 
92, 873, 780, -483, -344, 827, -649, 180, -473, -502, -200, -356, 
92, 878, 785, -485, -346, 832, -644, 180, -473, -502, -200, -356, 
92, 878, 785, -485, -346, 832, -639, 190, -473, -502, -200, -356, 
97, 888, 790, -492, -346, 839, -639, 195, -468, -502, -209, -356, 
97, 888, 790, -492, -346, 839, -639, 195, -468, -502, -209, -356, 
87, 888, 800, -488, -356, 844, -639, 180, -468, -497, -209, -356, 
87, 888, 800, -488, -356, 844, -644, 180, -468, -492, -209, -356, 
102, 878, 775, -490, -336, 827, -644, 200, -478, -502, -209, -356, 
102, 883, 780, -492, -339, 832, -644, 204, -478, -507, -209, -356, 
102, 883, 780, -492, -339, 832, -644, 204, -478, -507, -209, -356, 
102, 883, 780, -492, -339, 832, -639, 180, -478, -512, -209, -356, 
92, 883, 790, -488, -348, 836, -639, 170, -468, -512, -200, -366, 
97, 883, 785, -490, -344, 834, -639, 190, -468, -507, -200, -366, 
97, 888, 790, -492, -346, 839, -639, 200, -468, -502, -200, -366, 
97, 888, 790, -492, -346, 839, -634, 190, -468, -502, -200, -366, 
107, 888, 780, -497, -336, 834, -634, 180, -468, -507, -200, -356, 
107, 888, 780, -497, -336, 834, -634, 180, -468, -507, -200, -356, 
107, 888, 780, -497, -336, 834, -634, 190, -468, -507, -200, -356, 
107, 888, 780, -497, -336, 834, -634, 190, -468, -507, -200, -356, 
97, 878, 780, -488, -341, 829, -634, 185, -478, -522, -209, -356, 
92, 878, 785, -485, -346, 832, -639, 180, -478, -522, -209, -356, 
92, 878, 785, -485, -346, 832, -639, 170, -483, -522, -209, -356, 
92, 883, 790, -488, -348, 836, -639, 161, -488, -522, -209, -356, 
92, 893, 800, -492, -353, 846, -629, 190, -478, -512, -209, -356, 
92, 893, 800, -492, -353, 846, -629, 180, -478, -512, -209, -356, 
92, 893, 800, -492, -353, 846, -629, 170, -483, -512, -209, -356, 
92, 888, 795, -490, -351, 841, -629, 170, -483, -512, -209, -356, 
92, 878, 785, -485, -346, 832, -629, 180, -483, -502, -209, -356, 
92, 878, 785, -485, -346, 832, -629, 180, -483, -507, -214, -356, 
87, 878, 790, -483, -351, 834, -629, 180, -488, -517, -219, -356, 
87, 878, 790, -483, -351, 834, -629, 165, -488, -517, -219, -356, 
102, 893, 790, -497, -344, 841, -629, 156, -488, -527, -219, -366, 
102, 893, 790, -497, -344, 841, -629, 161, -488, -527, -219, -366, 
102, 888, 785, -495, -341, 836, -624, 170, -488, -527, -219, -366, 
102, 888, 785, -495, -341, 836, -624, 170, -492, -531, -219, -370, 
92, 883, 790, -488, -348, 836, -634, 165, -497, -527, -219, -361, 
92, 883, 790, -488, -348, 836, -639, 165, -497, -527, -219, -361, 
92, 883, 790, -488, -348, 836, -639, 165, -497, -527, -224, -361, 
92, 883, 790, -488, -348, 836, -639, 165, -497, -522, -224, -361, 
92, 878, 785, -485, -346, 832, -639, 156, -497, -527, -234, -370, 
92, 873, 780, -483, -344, 827, -639, 146, -507, -536, -234, -370, 
92, 873, 780, -483, -344, 827, -639, 141, -507, -541, -234, -370, 
92, 873, 780, -483, -344, 827, -639, 141, -502, -546, -234, -370, 
92, 873, 780, -483, -344, 827, -644, 146, -502, -546, -224, -361, 
92, 873, 780, -483, -344, 827, -644, 146, -507, -546, -224, -366, 
92, 873, 780, -483, -344, 827, -644, 146, -512, -546, -224, -366, 
92, 873, 780, -483, -344, 827, -644, 146, -517, -551, -224, -366, 
102, 873, 771, -488, -334, 822, -644, 146, -507, -541, -224, -375, 
97, 873, 775, -485, -339, 824, -644, 151, -507, -541, -224, -375, 
97, 873, 775, -485, -339, 824, -649, 151, -507, -546, -234, -375, 
97, 873, 775, -485, -339, 824, -649, 141, -517, -546, -239, -375, 
97, 873, 775, -485, -339, 824, -653, 136, -522, -556, -239, -375, 
102, 878, 775, -490, -336, 827, -653, 131, -522, -551, -234, -375, 
102, 878, 775, -490, -336, 827, -653, 146, -527, -551, -234, -375, 
102, 878, 775, -490, -336, 827, -653, 131, -531, -551, -239, -375, 
82, 878, 795, -480, -356, 836, -653, 131, -527, -551, -229, -375, 
92, 863, 771, -478, -339, 817, -653, 122, -536, -561, -229, -380, 
92, 878, 785, -485, -346, 832, -653, 131, -536, -566, -229, -380, 
92, 878, 785, -485, -346, 832, -653, 146, -536, -566, -224, -380, 
92, 858, 766, -475, -336, 812, -653, 126, -527, -566, -234, -380, 
92, 858, 766, -475, -336, 812, -663, 117, -531, -566, -239, -380, 
97, 858, 761, -478, -331, 810, -663, 112, -531, -566, -239, -380, 
97, 863, 766, -480, -334, 814, -658, 112, -531, -561, -239, -380, 
87, 863, 775, -475, -344, 819, -649, 112, -531, -570, -239, -380, 
82, 863, 780, -473, -348, 822, -649, 112, -531, -570, -239, -380, 
82, 854, 771, -468, -344, 812, -649, 102, -536, -575, -239, -390, 
87, 863, 775, -475, -344, 819, -649, 97, -541, -575, -239, -390, 
87, 873, 785, -480, -348, 829, -653, 112, -551, -570, -239, -380, 
87, 873, 785, -480, -348, 829, -653, 122, -551, -570, -239, -385, 
87, 873, 785, -480, -348, 829, -663, 126, -551, -570, -239, -385, 
82, 868, 785, -475, -351, 827, -663, 112, -551, -570, -239, -390, 
82, 868, 785, -475, -351, 827, -668, 97, -551, -580, -248, -390, 
87, 868, 780, -478, -346, 824, -673, 107, -551, -585, -248, -385, 
87, 873, 785, -480, -348, 829, -673, 107, -551, -585, -248, -385, 
87, 873, 785, -480, -348, 829, -678, 102, -556, -590, -248, -385, 
82, 873, 790, -478, -353, 832, -678, 107, -561, -585, -244, -385, 
82, 868, 785, -475, -351, 827, -683, 102, -561, -585, -244, -385, 
82, 868, 785, -475, -351, 827, -678, 102, -561, -585, -239, -385, 
82, 868, 785, -475, -351, 827, -668, 107, -556, -585, -239, -385, 
82, 868, 785, -475, -351, 827, -678, 97, -566, -585, -244, -395, 
82, 868, 785, -475, -351, 827, -683, 87, -570, -585, -244, -395, 
82, 868, 785, -475, -351, 827, -683, 87, -570, -590, -244, -390, 
87, 868, 780, -478, -346, 824, -673, 87, -570, -590, -244, -385, 
87, 868, 780, -478, -346, 824, -673, 102, -561, -590, -244, -385, 
82, 868, 785, -475, -351, 827, -673, 92, -561, -590, -248, -390, 
73, 858, 785, -466, -356, 822, -673, 82, -561, -595, -248, -390, 
73, 858, 785, -466, -356, 822, -673, 82, -561, -595, -248, -385, 
92, 858, 766, -475, -336, 812, -688, 87, -561, -590, -248, -385, 
92, 863, 771, -478, -339, 817, -688, 97, -561, -590, -248, -390, 
92, 863, 771, -478, -339, 817, -688, 102, -561, -590, -248, -395, 
87, 863, 775, -475, -344, 819, -683, 97, -561, -595, -248, -395, 
78, 873, 795, -475, -358, 834, -683, 82, -561, -600, -248, -385, 
82, 873, 790, -478, -353, 832, -688, 87, -561, -600, -248, -385, 
82, 878, 795, -480, -356, 836, -688, 92, -566, -600, -248, -385, 
82, 878, 795, -480, -356, 836, -683, 78, -566, -600, -244, -385, 
82, 868, 785, -475, -351, 827, -673, 78, -566, -600, -253, -395, 
82, 868, 785, -475, -351, 827, -673, 73, -566, -600, -258, -395, 
82, 868, 785, -475, -351, 827, -678, 78, -566, -600, -258, -395, 
82, 868, 785, -475, -351, 827, -678, 87, -566, -595, -258, -395, 
73, 868, 795, -470, -361, 832, -673, 78, -566, -595, -248, -400, 
78, 873, 795, -475, -358, 834, -673, 68, -566, -595, -248, -395, 
78, 873, 795, -475, -358, 834, -673, 68, -566, -600, -248, -395, 
73, 868, 795, -470, -361, 832, -673, 68, -566, -600, -248, -395, 
63, 868, 805, -466, -370, 836, -688, 78, -575, -610, -258, -395, 
63, 868, 805, -466, -370, 836, -688, 78, -575, -610, -258, -395, 
63, 868, 805, -466, -370, 836, -683, 68, -580, -610, -258, -395, 
63, 868, 805, -466, -370, 836, -683, 58, -580, -610, -258, -395, 
68, 878, 810, -473, -370, 844, -683, 73, -570, -610, -258, -400, 
73, 873, 800, -473, -363, 836, -688, 82, -570, -605, -258, -400, 
78, 873, 795, -475, -358, 834, -688, 87, -570, -605, -258, -400, 
82, 878, 795, -480, -356, 836, -688, 78, -570, -610, -263, -400, 
82, 868, 785, -475, -351, 827, -688, 73, -580, -610, -273, -405, 
82, 868, 785, -475, -351, 827, -688, 78, -575, -605, -268, -405, 
82, 868, 785, -475, -351, 827, -688, 82, -575, -605, -268, -400, 
82, 868, 785, -475, -351, 827, -688, 78, -580, -605, -268, -400, 
73, 873, 800, -473, -363, 836, -688, 78, -570, -605, -268, -400, 
73, 873, 800, -473, -363, 836, -688, 68, -570, -610, -263, -400, 
82, 873, 790, -478, -353, 832, -688, 68, -570, -610, -263, -400, 
82, 873, 790, -478, -353, 832, -688, 78, -570, -605, -263, -400, 
73, 878, 805, -475, -366, 841, -683, 68, -580, -605, -268, -400, 
73, 878, 805, -475, -366, 841, -683, 58, -580, -605, -268, -400, 
73, 873, 800, -473, -363, 836, -678, 58, -580, -610, -268, -400, 
73, 868, 795, -470, -361, 832, -678, 63, -580, -610, -273, -405, 
73, 858, 785, -466, -356, 822, -688, 63, -570, -600, -263, -405, 
73, 858, 785, -466, -356, 822, -688, 63, -570, -600, -263, -400, 
68, 858, 790, -463, -361, 824, -688, 53, -570, -600, -263, -400, 
68, 863, 795, -466, -363, 829, -688, 48, -575, -600, -263, -400, 
78, 873, 795, -475, -358, 834, -688, 63, -575, -600, -258, -400, 
78, 873, 795, -475, -358, 834, -688, 78, -575, -595, -258, -400, 
78, 873, 795, -475, -358, 834, -688, 82, -575, -595, -258, -400, 
78, 873, 795, -475, -358, 834, -688, 78, -575, -595, -263, -400, 
78, 863, 785, -470, -353, 824, -688, 48, -575, -605, -263, -400, 
78, 863, 785, -470, -353, 824, -688, 58, -570, -605, -263, -400, 
78, 863, 785, -470, -353, 824, -688, 63, -570, -605, -263, -400, 
78, 863, 785, -470, -353, 824, -688, 73, -570, -605, -263, -400, 
87, 873, 785, -480, -348, 829, -692, 53, -575, -605, -263, -400, 
87, 873, 785, -480, -348, 829, -692, 39, -575, -605, -263, -400, 
87, 873, 785, -480, -348, 829, -692, 53, -575, -605, -263, -400, 
87, 873, 785, -480, -348, 829, -688, 63, -570, -605, -263, -400, 
73, 873, 800, -473, -363, 836, -678, 82, -580, -605, -263, -400, 
73, 873, 800, -473, -363, 836, -678, 58, -590, -614, -263, -390, 
78, 878, 800, -478, -361, 839, -683, 48, -585, -614, -263, -390, 
68, 868, 800, -468, -366, 834, -692, 48, -575, -605, -263, -400, 
68, 868, 800, -468, -366, 834, -692, 48, -575, -605, -263, -400, 
68, 868, 800, -468, -366, 834, -692, 48, -575, -605, -263, -400, 
68, 868, 800, -468, -366, 834, -692, 48, -575, -605, -263, -400, 
78, 878, 800, -478, -361, 839, -697, 39, -585, -605, -273, -409, 
78, 878, 800, -478, -361, 839, -697, 53, -585, -605, -268, -409, 
78, 883, 805, -480, -363, 844, -697, 73, -585, -605, -268, -409, 
78, 883, 805, -480, -363, 844, -697, 63, -585, -605, -268, -409, 
68, 873, 805, -470, -368, 839, -697, 43, -585, -610, -268, -400, 
68, 873, 805, -470, -368, 839, -697, 43, -585, -610, -268, -400, 
68, 873, 805, -470, -368, 839, -692, 53, -585, -605, -268, -400, 
68, 873, 805, -470, -368, 839, -688, 63, -585, -605, -268, -400, 
78, 883, 805, -480, -363, 844, -688, 53, -575, -605, -258, -400, 
78, 883, 805, -480, -363, 844, -688, 39, -575, -605, -258, -400, 
78, 883, 805, -480, -363, 844, -688, 39, -575, -605, -258, -400, 
78, 888, 810, -483, -366, 849, -683, 53, -570, -600, -258, -400, 
82, 888, 805, -485, -361, 846, -668, 82, -561, -585, -258, -395, 
82, 897, 814, -490, -366, 856, -663, 78, -561, -585, -248, -390, 
82, 907, 824, -495, -370, 866, -663, 82, -556, -585, -244, -385, 
78, 912, 834, -495, -378, 873, -658, 87, -556, -580, -244, -380, 
87, 927, 839, -507, -375, 883, -653, 87, -546, -585, -239, -375, 
92, 927, 834, -509, -370, 880, -649, 107, -541, -580, -239, -375, 
92, 932, 839, -512, -373, 885, -644, 97, -531, -580, -239, -375, 
92, 932, 839, -512, -373, 885, -639, 87, -531, -580, -239, -375, 
82, 932, 849, -507, -383, 890, -639, 87, -531, -570, -234, -380, 
87, 941, 854, -514, -383, 897, -639, 97, -531, -566, -234, -380, 
87, 941, 854, -514, -383, 897, -629, 112, -531, -566, -234, -380, 
87, 941, 854, -514, -383, 897, -629, 112, -536, -566, -239, -375, 
87, 941, 854, -514, -383, 897, -644, 87, -546, -575, -239, -375, 
87, 941, 854, -514, -383, 897, -649, 87, -546, -580, -229, -370, 
102, 956, 854, -529, -375, 905, -649, 87, -536, -580, -224, -366, 
102, 961, 858, -531, -378, 910, -653, 97, -536, -575, -224, -361, 
97, 966, 868, -531, -385, 917, -658, 107, -536, -566, -214, -356, 
102, 966, 863, -534, -380, 915, -668, 92, -536, -566, -209, -356, 
112, 976, 863, -544, -375, 919, -673, 92, -536, -561, -209, -351, 
122, 985, 863, -553, -370, 924, -678, 102, -527, -556, -209, -351, 
136, 985, 849, -561, -356, 917, -683, 117, -527, -546, -209, -351, 
136, 980, 844, -558, -353, 912, -688, 107, -531, -546, -214, -356, 
136, 971, 834, -553, -348, 902, -688, 92, -531, -551, -214, -356, 
136, 971, 834, -553, -348, 902, -688, 82, -531, -551, -214, -356, 
141, 980, 839, -561, -348, 910, -673, 97, -531, -556, -214, -356, 
146, 980, 834, -563, -344, 907, -673, 107, -531, -556, -214, -361, 
146, 971, 824, -558, -339, 897, -678, 97, -536, -561, -214, -361, 
141, 971, 829, -556, -344, 900, -683, 82, -536, -561, -214, -361, 
131, 961, 829, -546, -348, 895, -683, 82, -546, -561, -224, -370, 
131, 961, 829, -546, -348, 895, -683, 92, -546, -561, -224, -370, 
131, 961, 829, -546, -348, 895, -688, 102, -546, -561, -224, -370, 
131, 956, 824, -544, -346, 890, -692, 87, -551, -561, -224, -370, 
141, 946, 805, -544, -331, 875, -707, 48, -556, -575, -229, -370, 
136, 946, 810, -541, -336, 878, -707, 48, -566, -580, -229, -370, 
136, 941, 805, -539, -334, 873, -707, 53, -566, -585, -234, -375, 
136, 936, 800, -536, -331, 868, -717, 53, -566, -595, -239, -375, 
136, 941, 805, -539, -334, 873, -717, 48, -561, -580, -229, -380, 
122, 932, 810, -527, -344, 871, -712, 39, -566, -585, -239, -390, 
112, 927, 814, -519, -351, 871, -707, 39, -566, -585, -239, -390, 
102, 922, 819, -512, -358, 871, -707, 48, -566, -580, -244, -395, 
87, 907, 819, -497, -366, 863, -707, 58, -585, -590, -253, -390, 
82, 897, 814, -490, -366, 856, -717, 53, -595, -595, -258, -395, 
73, 883, 810, -478, -368, 846, -717, 29, -600, -614, -268, -400, 
73, 883, 810, -478, -368, 846, -717, 24, -600, -619, -278, -405, 
73, 888, 814, -480, -370, 851, -722, 24, -605, -629, -273, -414, 
68, 878, 810, -473, -370, 844, -722, 34, -610, -629, -278, -419, 
68, 878, 810, -473, -370, 844, -722, 24, -610, -634, -283, -424, 
68, 873, 805, -470, -368, 839, -732, 9, -619, -639, -287, -424, 
78, 873, 795, -475, -358, 834, -732, -4, -614, -629, -278, -424, 
73, 873, 800, -473, -363, 836, -732, 14, -614, -629, -278, -424, 
73, 873, 800, -473, -363, 836, -732, 34, -614, -629, -278, -424, 
73, 868, 795, -470, -361, 832, -732, 19, -614, -629, -283, -424, 
68, 868, 800, -468, -366, 834, -732, -4, -624, -644, -292, -419, 
68, 868, 800, -468, -366, 834, -732, -4, -624, -649, -292, -419, 
63, 868, 805, -466, -370, 836, -736, -4, -624, -649, -292, -419, 
63, 868, 805, -466, -370, 836, -736, 4, -624, -644, -292, -419, 
58, 863, 805, -461, -373, 834, -732, 4, -624, -644, -292, -419, 
53, 863, 810, -458, -378, 836, -732, -4, -624, -644, -292, -424, 
53, 863, 810, -458, -378, 836, -732, -4, -629, -644, -292, -429, 
58, 868, 810, -463, -375, 839, -732, 4, -629, -639, -292, -434, 
58, 858, 800, -458, -370, 829, -736, 19, -619, -629, -292, -429, 
58, 858, 800, -458, -370, 829, -736, 24, -619, -629, -292, -424, 
53, 858, 805, -456, -375, 832, -736, 14, -619, -634, -292, -419, 
53, 858, 805, -456, -375, 832, -741, 9, -619, -634, -292, -414, 
68, 868, 800, -468, -366, 834, -732, 0, -619, -644, -292, -424, 
73, 873, 800, -473, -363, 836, -732, 9, -619, -639, -292, -429, 
73, 873, 800, -473, -363, 836, -732, 9, -619, -639, -287, -429, 
68, 863, 795, -466, -363, 829, -727, -4, -624, -639, -287, -429, 
58, 873, 814, -466, -378, 844, -727, -14, -624, -634, -287, -429, 
58, 873, 814, -466, -378, 844, -727, -4, -624, -629, -287, -429, 
58, 878, 819, -468, -380, 849, -727, 14, -619, -624, -287, -429, 
58, 878, 819, -468, -380, 849, -717, 14, -614, -619, -287, -429, 
43, 868, 824, -456, -390, 846, -702, 14, -605, -629, -287, -419, 
34, 863, 829, -448, -397, 846, -688, 24, -590, -629, -297, -419, 
43, 873, 829, -458, -392, 851, -658, 73, -570, -629, -297, -429, 
53, 888, 834, -470, -390, 861, -624, 141, -541, -610, -287, -434, 
58, 878, 819, -468, -380, 849, -585, 175, -507, -590, -278, -434, 
39, 858, 819, -448, -390, 839, -546, 200, -483, -590, -278, -434, 
48, 878, 829, -463, -390, 854, -541, 229, -444, -551, -258, -424, 
82, 927, 844, -505, -380, 885, -527, 297, -385, -492, -219, -395, 
122, 966, 844, -544, -361, 905, -502, 385, -297, -409, -170, -370, 
161, 1005, 844, -583, -341, 924, -512, 458, -180, -297, -102, -331, 
209, 1078, 868, -644, -329, 973, -575, 492, -48, -161, 4, -258, 
287, 1224, 936, -756, -324, 1080, -712, 512, 97, -4, 126, -151, 
375, 1381, 1005, -878, -314, 1193, -888, 527, 239, 180, 273, -29, 
483, 1532, 1049, -1007, -283, 1290, -1107, 507, 370, 385, 439, 92, 
610, 1688, 1078, -1149, -234, 1383, -1366, 400, 463, 580, 600, 219, 
727, 1825, 1098, -1276, -185, 1461, -1654, 200, 497, 741, 736, 336, 
834, 1966, 1132, -1400, -148, 1549, -1883, 58, 541, 917, 878, 453, 
917, 2074, 1156, -1495, -119, 1615, -1995, 68, 673, 1102, 1005, 551, 
980, 2088, 1107, -1534, -63, 1598, -2049, 146, 844, 1288, 1078, 580, 
971, 2039, 1068, -1505, -48, 1554, -2083, 200, 971, 1400, 1107, 566, 
907, 1956, 1049, -1432, -70, 1503, -2069, 175, 951, 1346, 1054, 527, 
814, 1869, 1054, -1342, -119, 1461, -2030, 58, 766, 1156, 946, 473, 
751, 1781, 1029, -1266, -139, 1405, -1971, -19, 570, 932, 819, 395, 
683, 1693, 1010, -1188, -163, 1351, -1878, -34, 405, 722, 688, 307, 
590, 1566, 976, -1078, -192, 1271, -1766, -92, 161, 414, 492, 180, 
483, 1400, 917, -941, -217, 1159, -1644, -214, -161, 48, 258, 29, 
356, 1239, 883, -797, -263, 1061, -1503, -302, -458, -278, 53, -102, 
248, 1122, 873, -685, -312, 997, -1381, -346, -678, -507, -102, -219, 
190, 1049, 858, -619, -334, 954, -1283, -346, -780, -634, -195, -292, 
156, 995, 839, -575, -341, 917, -1190, -283, -751, -634, -224, -331, 
126, 961, 834, -544, -353, 897, -1088, -204, -668, -595, -214, -346, 
126, 961, 834, -544, -353, 897, -1005, -156, -614, -590, -214, -346, 
136, 976, 839, -556, -351, 907, -932, -78, -580, -561, -200, -341, 
126, 976, 849, -551, -361, 912, -868, -9, -551, -531, -200, -341, 
126, 961, 834, -544, -353, 897, -844, 19, -541, -531, -209, -351, 
107, 946, 839, -527, -366, 893, -829, 9, -546, -546, -224, -366, 
102, 941, 839, -522, -368, 890, -819, 24, -546, -551, -229, -375, 
117, 951, 834, -534, -358, 893, -795, 63, -536, -546, -239, -380, 
126, 951, 824, -539, -348, 888, -780, 87, -531, -546, -244, -385, 
87, 941, 854, -514, -383, 897, -761, 73, -546, -551, -239, -390, 
48, 917, 868, -483, -409, 893, -746, 29, -551, -575, -248, -395, 
48, 912, 863, -480, -407, 888, -736, 4, -561, -590, -244, -395, 
53, 912, 858, -483, -402, 885, -741, 4, -575, -605, -253, -400, 
63, 912, 849, -488, -392, 880, -732, 19, -575, -605, -253, -400, 
68, 907, 839, -488, -385, 873, -732, 19, -575, -610, -258, -409, 
68, 902, 834, -485, -383, 868, -727, 19, -575, -610, -263, -409, 
68, 907, 839, -488, -385, 873, -736, 34, -585, -600, -278, -409, 
73, 912, 839, -492, -383, 875, -736, 48, -585, -600, -278, -414, 
73, 912, 839, -492, -383, 875, -736, 48, -585, -600, -278, -414, 
78, 917, 839, -497, -380, 878, -732, 39, -585, -610, -283, -414, 
73, 912, 839, -492, -383, 875, -717, 4, -590, -629, -273, -424, 
68, 907, 839, -488, -385, 873, -712, -9, -590, -629, -273, -424, 
63, 907, 844, -485, -390, 875, -712, 4, -585, -624, -273, -419, 
63, 902, 839, -483, -387, 871, -712, 24, -585, -619, -273, -419, 
63, 907, 844, -485, -390, 875, -707, 34, -580, -610, -283, -419, 
58, 902, 844, -480, -392, 873, -707, 34, -580, -610, -283, -419, 
58, 902, 844, -480, -392, 873, -707, 43, -580, -610, -283, -419, 
63, 902, 839, -483, -387, 871, -707, 58, -580, -610, -287, -419, 
63, 902, 839, -483, -387, 871, -707, 92, -585, -614, -287, -419, 
63, 902, 839, -483, -387, 871, -707, 82, -585, -614, -283, -419, 
58, 897, 839, -478, -390, 868, -707, 68, -585, -629, -283, -419, 
58, 897, 839, -478, -390, 868, -707, 58, -585, -629, -283, -419, 
63, 902, 839, -483, -387, 871, -707, 58, -585, -634, -283, -419, 
63, 902, 839, -483, -387, 871, -702, 73, -585, -629, -283, -419, 
63, 902, 839, -483, -387, 871, -702, 73, -580, -629, -278, -419, 
63, 902, 839, -483, -387, 871, -702, 73, -580, -629, -278, -419, 
73, 912, 839, -492, -383, 875, -707, 87, -580, -614, -283, -409, 
73, 912, 839, -492, -383, 875, -707, 102, -580, -610, -283, -409, 
73, 912, 839, -492, -383, 875, -707, 112, -580, -610, -278, -414, 
68, 912, 844, -490, -387, 878, -707, 97, -580, -610, -278, -414, 
58, 902, 844, -480, -392, 873, -707, 78, -570, -619, -278, -414, 
58, 902, 844, -480, -392, 873, -707, 58, -570, -619, -278, -414, 
63, 907, 844, -485, -390, 875, -707, 53, -570, -614, -278, -409, 
63, 907, 844, -485, -390, 875, -707, 58, -570, -614, -278, -409, 
63, 907, 844, -485, -390, 875, -707, 58, -580, -614, -278, -419, 
63, 907, 844, -485, -390, 875, -707, 48, -580, -614, -278, -414, 
63, 907, 844, -485, -390, 875, -707, 48, -580, -614, -278, -414, 
68, 907, 839, -488, -385, 873, -707, 53, -575, -614, -278, -414, 
82, 922, 839, -502, -378, 880, -707, 73, -566, -614, -268, -414, 
82, 922, 839, -502, -378, 880, -707, 63, -566, -614, -268, -414, 
78, 922, 844, -500, -383, 883, -707, 43, -561, -614, -268, -414, 
78, 922, 844, -500, -383, 883, -707, 39, -561, -610, -263, -414, 
73, 917, 844, -495, -385, 880, -707, 29, -561, -614, -273, -409, 
78, 917, 839, -497, -380, 878, -707, 39, -561, -614, -273, -405, 
78, 917, 839, -497, -380, 878, -707, 39, -566, -614, -273, -405, 
73, 917, 844, -495, -385, 880, -707, 39, -570, -614, -278, -414, 
82, 927, 844, -505, -380, 885, -707, 53, -561, -605, -278, -414, 
82, 932, 849, -507, -383, 890, -707, 63, -556, -600, -278, -409, 
82, 932, 849, -507, -383, 890, -702, 73, -556, -600, -268, -405, 
82, 932, 849, -507, -383, 890, -702, 73, -556, -600, -268, -405, 
82, 927, 844, -505, -380, 885, -707, 48, -556, -610, -263, -405, 
82, 927, 844, -505, -380, 885, -707, 48, -556, -610, -263, -405, 
87, 932, 844, -509, -378, 888, -707, 48, -551, -605, -258, -405, 
87, 932, 844, -509, -378, 888, -707, 73, -551, -605, -258, -405, 
78, 936, 858, -507, -390, 897, -707, 82, -546, -585, -258, -395, 
78, 936, 858, -507, -390, 897, -707, 82, -546, -585, -258, -395, 
82, 941, 858, -512, -387, 900, -707, 87, -541, -585, -258, -395, 
82, 941, 858, -512, -387, 900, -707, 102, -536, -580, -258, -395, 
92, 941, 849, -517, -378, 895, -707, 117, -536, -580, -273, -395, 
82, 932, 849, -507, -383, 890, -707, 117, -536, -580, -273, -395, 
82, 932, 849, -507, -383, 890, -707, 102, -536, -580, -268, -395, 
87, 932, 844, -509, -378, 888, -707, 92, -531, -580, -263, -395, 
92, 936, 844, -514, -375, 890, -707, 107, -527, -585, -263, -405, 
92, 936, 844, -514, -375, 890, -707, 122, -527, -580, -263, -400, 
92, 936, 844, -514, -375, 890, -707, 122, -527, -580, -263, -400, 
92, 936, 844, -514, -375, 890, -712, 117, -522, -575, -263, -400, 
92, 951, 858, -522, -383, 905, -712, 126, -522, -575, -263, -390, 
97, 951, 854, -524, -378, 902, -712, 141, -517, -566, -258, -390, 
102, 956, 854, -529, -375, 905, -712, 151, -517, -566, -258, -390, 
102, 956, 854, -529, -375, 905, -712, 151, -517, -566, -258, -390, 
97, 966, 868, -531, -385, 917, -707, 131, -517, -575, -258, -390, 
97, 966, 868, -531, -385, 917, -707, 131, -512, -570, -248, -390, 
102, 966, 863, -534, -380, 915, -707, 131, -507, -561, -248, -385, 
107, 976, 868, -541, -380, 922, -707, 141, -507, -561, -248, -385, 
117, 966, 849, -541, -366, 907, -712, 151, -517, -561, -248, -395, 
117, 966, 849, -541, -366, 907, -712, 146, -512, -561, -244, -390, 
117, 966, 849, -541, -366, 907, -712, 146, -507, -561, -244, -390, 
117, 971, 854, -544, -368, 912, -712, 151, -507, -551, -244, -385, 
122, 971, 849, -546, -363, 910, -712, 170, -507, -546, -239, -385, 
117, 971, 854, -544, -368, 912, -712, 170, -502, -541, -234, -385, 
112, 976, 863, -544, -375, 919, -712, 151, -497, -541, -234, -385, 
112, 985, 873, -549, -380, 929, -717, 151, -497, -536, -234, -380, 
122, 985, 863, -553, -370, 924, -717, 156, -488, -531, -229, -380, 
122, 985, 863, -553, -370, 924, -712, 170, -488, -527, -224, -375, 
122, 985, 863, -553, -370, 924, -712, 170, -478, -527, -224, -375, 
122, 985, 863, -553, -370, 924, -712, 165, -478, -527, -219, -375, 
117, 990, 873, -553, -378, 932, -712, 165, -478, -517, -219, -375, 
122, 995, 873, -558, -375, 934, -712, 180, -468, -507, -209, -370, 
131, 995, 863, -563, -366, 929, -712, 190, -463, -492, -204, -370, 
131, 995, 863, -563, -366, 929, -717, 190, -458, -488, -204, -366, 
141, 1005, 863, -573, -361, 934, -727, 161, -453, -497, -204, -366, 
141, 1010, 868, -575, -363, 939, -727, 161, -453, -497, -200, -356, 
141, 1015, 873, -578, -366, 944, -727, 170, -448, -488, -200, -351, 
151, 1015, 863, -583, -356, 939, -727, 180, -444, -483, -200, -351, 
151, 1019, 868, -585, -358, 944, -727, 180, -448, -478, -190, -351, 
151, 1024, 873, -588, -361, 949, -732, 165, -444, -473, -190, -351, 
156, 1029, 873, -592, -358, 951, -732, 165, -444, -468, -185, -351, 
156, 1029, 873, -592, -358, 951, -732, 175, -439, -463, -180, -346, 
156, 1039, 883, -597, -363, 961, -736, 204, -429, -444, -180, -346, 
161, 1039, 878, -600, -358, 958, -736, 204, -419, -439, -175, -336, 
165, 1039, 873, -602, -353, 956, -736, 190, -409, -429, -170, -336, 
165, 1044, 878, -605, -356, 961, -736, 180, -400, -424, -165, -336, 
180, 1039, 858, -610, -339, 949, -736, 190, -400, -419, -161, -326, 
185, 1044, 858, -614, -336, 951, -741, 200, -400, -419, -156, -322, 
190, 1049, 858, -619, -334, 954, -741, 200, -395, -414, -151, -322, 
190, 1049, 858, -619, -334, 954, -741, 190, -390, -419, -146, -317, 
185, 1054, 868, -619, -341, 961, -751, 190, -385, -405, -151, -312, 
190, 1058, 868, -624, -339, 963, -756, 200, -385, -390, -146, -307, 
195, 1063, 868, -629, -336, 966, -756, 219, -380, -380, -141, -307, 
195, 1068, 873, -631, -339, 971, -761, 219, -375, -375, -131, -302, 
200, 1083, 883, -641, -341, 983, -756, 185, -366, -380, -117, -297, 
204, 1088, 883, -646, -339, 985, -756, 185, -361, -375, -117, -292, 
214, 1093, 878, -653, -331, 985, -756, 190, -356, -370, -112, -292, 
214, 1093, 878, -653, -331, 985, -756, 200, -356, -361, -107, -287, 
214, 1098, 883, -656, -334, 990, -766, 200, -356, -366, -107, -297, 
214, 1098, 883, -656, -334, 990, -761, 190, -356, -361, -102, -297, 
214, 1098, 883, -656, -334, 990, -761, 180, -356, -356, -97, -292, 
224, 1107, 883, -666, -329, 995, -761, 190, -356, -351, -92, -292, 
229, 1112, 883, -671, -326, 997, -771, 219, -346, -341, -87, -273, 
229, 1117, 888, -673, -329, 1002, -771, 219, -341, -326, -82, -268, 
229, 1117, 888, -673, -329, 1002, -775, 204, -331, -317, -78, -263, 
234, 1122, 888, -678, -326, 1005, -775, 190, -322, -312, -73, -258, 
244, 1127, 883, -685, -319, 1005, -775, 195, -331, -312, -73, -268, 
248, 1132, 883, -690, -317, 1007, -775, 200, -326, -307, -68, -263, 
248, 1137, 888, -692, -319, 1012, -780, 200, -326, -302, -63, -263, 
248, 1137, 888, -692, -319, 1012, -780, 190, -326, -302, -63, -263, 
248, 1137, 888, -692, -319, 1012, -771, 200, -312, -287, -58, -258, 
248, 1146, 897, -697, -324, 1022, -771, 209, -312, -287, -53, -253, 
248, 1146, 897, -697, -324, 1022, -771, 224, -307, -278, -48, -248, 
248, 1146, 897, -697, -324, 1022, -766, 224, -307, -278, -48, -244, 
244, 1151, 907, -697, -331, 1029, -775, 204, -307, -287, -53, -253, 
239, 1151, 912, -695, -336, 1032, -771, 200, -307, -287, -53, -253, 
234, 1146, 912, -690, -339, 1029, -766, 200, -307, -287, -58, -253, 
219, 1146, 927, -683, -353, 1037, -766, 200, -312, -297, -63, -253, 
229, 1146, 917, -688, -344, 1032, -775, 200, -312, -302, -63, -258, 
229, 1146, 917, -688, -344, 1032, -761, 185, -312, -312, -63, -263, 
219, 1137, 917, -678, -348, 1027, -761, 175, -322, -322, -73, -273, 
214, 1132, 917, -673, -351, 1024, -761, 190, -331, -331, -82, -278, 
219, 1141, 922, -680, -351, 1032, -751, 204, -331, -341, -92, -278, 
209, 1132, 922, -671, -356, 1027, -746, 200, -336, -351, -102, -283, 
190, 1122, 932, -656, -370, 1027, -741, 190, -351, -361, -112, -287, 
190, 1117, 927, -653, -368, 1022, -736, 185, -361, -375, -122, -302, 
195, 1102, 907, -649, -356, 1005, -732, 190, -380, -400, -136, -317, 
185, 1098, 912, -641, -363, 1005, -732, 195, -385, -409, -151, -322, 
180, 1088, 907, -634, -363, 997, -732, 180, -395, -424, -161, -331, 
165, 1083, 917, -624, -375, 1000, -732, 156, -405, -429, -165, -341, 
156, 1068, 912, -612, -378, 990, -727, 146, -414, -439, -175, -351, 
156, 1063, 907, -610, -375, 985, -722, 151, -424, -444, -185, -351, 
146, 1058, 912, -602, -383, 985, -722, 175, -434, -453, -195, -356, 
141, 1049, 907, -595, -383, 978, -722, 170, -444, -473, -200, -356, 
131, 1058, 927, -595, -397, 993, -732, 146, -448, -497, -200, -361, 
126, 1044, 917, -585, -395, 980, -732, 136, -458, -512, -209, -370, 
122, 1044, 922, -583, -400, 983, -732, 131, -468, -522, -219, -375, 
122, 1039, 917, -580, -397, 978, -727, 126, -478, -527, -224, -385, 
122, 1029, 907, -575, -392, 968, -712, 126, -488, -531, -239, -395, 
112, 1019, 907, -566, -397, 963, -712, 107, -488, -541, -239, -395, 
112, 1005, 893, -558, -390, 949, -717, 92, -492, -546, -248, -400, 
112, 1000, 888, -556, -387, 944, -717, 102, -497, -546, -248, -400, 
112, 1000, 888, -556, -387, 944, -717, 117, -497, -556, -248, -405, 
107, 1000, 893, -553, -392, 946, -717, 107, -507, -561, -253, -409, 
102, 995, 893, -549, -395, 944, -717, 92, -512, -570, -258, -414, 
97, 990, 893, -544, -397, 941, -717, 82, -522, -580, -268, -414, 
97, 1000, 902, -549, -402, 951, -727, 82, -522, -585, -268, -405, 
97, 1000, 902, -549, -402, 951, -727, 82, -527, -585, -273, -405, 
97, 1000, 902, -549, -402, 951, -727, 82, -527, -590, -273, -405, 
97, 995, 897, -546, -400, 946, -727, 58, -531, -590, -273, -414, 
92, 985, 893, -539, -400, 939, -717, 68, -536, -580, -273, -424, 
92, 985, 893, -539, -400, 939, -717, 68, -536, -580, -273, -424, 
97, 985, 888, -541, -395, 936, -717, 78, -536, -580, -273, -424, 
97, 985, 888, -541, -395, 936, -717, 78, -536, -585, -278, -424, 
87, 985, 897, -536, -405, 941, -727, 58, -541, -600, -292, -424, 
87, 990, 902, -539, -407, 946, -727, 53, -546, -605, -292, -424, 
92, 995, 902, -544, -405, 949, -727, 53, -546, -605, -292, -424, 
92, 1000, 907, -546, -407, 954, -727, 68, -546, -605, -292, -424, 
102, 990, 888, -546, -392, 939, -736, 68, -546, -595, -283, -429, 
102, 985, 883, -544, -390, 934, -736, 63, -546, -595, -283, -429, 
97, 985, 888, -541, -395, 936, -736, 43, -546, -595, -283, -429, 
97, 985, 888, -541, -395, 936, -736, 53, -541, -595, -283, -429, 
92, 990, 897, -541, -402, 944, -727, 73, -541, -595, -283, -424, 
92, 990, 897, -541, -402, 944, -727, 73, -541, -595, -283, -424, 
92, 990, 897, -541, -402, 944, -727, 63, -541, -595, -283, -429, 
92, 990, 897, -541, -402, 944, -727, 63, -541, -595, -283, -429, 
102, 1000, 897, -551, -397, 949, -727, 63, -551, -595, -283, -429, 
102, 1000, 897, -551, -397, 949, -727, 78, -551, -595, -283, -429, 
102, 1000, 897, -551, -397, 949, -727, 68, -556, -605, -283, -429, 
102, 1000, 897, -551, -397, 949, -727, 58, -556, -605, -283, -429, 
92, 1000, 907, -546, -407, 954, -717, 48, -546, -595, -273, -424, 
92, 1000, 907, -546, -407, 954, -717, 68, -541, -590, -268, -424, 
92, 1000, 907, -546, -407, 954, -717, 82, -536, -590, -268, -424, 
92, 1000, 907, -546, -407, 954, -717, 87, -531, -590, -268, -429, 
92, 990, 897, -541, -402, 944, -717, 73, -541, -600, -278, -439, 
92, 990, 897, -541, -402, 944, -717, 68, -541, -600, -278, -439, 
92, 990, 897, -541, -402, 944, -717, 68, -541, -600, -278, -434, 
92, 990, 897, -541, -402, 944, -717, 78, -541, -600, -278, -434, 
102, 1000, 897, -551, -397, 949, -727, 87, -541, -590, -278, -424, 
102, 1000, 897, -551, -397, 949, -727, 63, -541, -590, -278, -424, 
102, 1005, 902, -553, -400, 954, -722, 63, -541, -590, -278, -424, 
102, 1005, 902, -553, -400, 954, -717, 73, -541, -590, -278, -424, 
102, 995, 893, -549, -395, 944, -717, 87, -536, -595, -268, -424, 
97, 995, 897, -546, -400, 946, -717, 87, -536, -600, -268, -424, 
82, 995, 912, -539, -414, 954, -717, 73, -536, -600, -268, -424, 
78, 995, 917, -536, -419, 956, -722, 73, -536, -600, -268, -424, 
87, 1005, 917, -546, -414, 961, -712, 73, -527, -600, -278, -424, 
92, 1010, 917, -551, -412, 963, -712, 78, -527, -605, -278, -424, 
97, 1010, 912, -553, -407, 961, -712, 78, -527, -605, -278, -424, 
102, 1010, 907, -556, -402, 958, -707, 53, -527, -610, -278, -424, 
92, 1000, 907, -546, -407, 954, -717, 63, -536, -600, -268, -414, 
97, 1000, 902, -549, -402, 951, -717, 82, -536, -595, -268, -414, 
97, 1005, 907, -551, -405, 956, -717, 92, -536, -590, -268, -414, 
97, 1005, 907, -551, -405, 956, -712, 82, -536, -590, -268, -414, 
87, 1005, 917, -546, -414, 961, -712, 68, -536, -605, -278, -424, 
87, 1005, 917, -546, -414, 961, -712, 63, -536, -605, -278, -424, 
87, 1005, 917, -546, -414, 961, -712, 68, -536, -605, -278, -424, 
87, 1005, 917, -546, -414, 961, -712, 63, -536, -605, -278, -424, 
92, 1015, 922, -553, -414, 968, -712, 63, -546, -600, -278, -424, 
92, 1015, 922, -553, -414, 968, -717, 63, -546, -600, -278, -424, 
97, 1015, 917, -556, -409, 966, -717, 58, -551, -600, -278, -424, 
102, 1019, 917, -561, -407, 968, -717, 53, -556, -600, -278, -424, 
92, 1010, 917, -551, -412, 963, -707, 63, -546, -610, -278, -424, 
92, 1010, 917, -551, -412, 963, -707, 53, -546, -610, -278, -424, 
92, 1010, 917, -551, -412, 963, -707, 43, -551, -610, -278, -424, 
92, 1005, 912, -549, -409, 958, -707, 43, -551, -610, -278, -424, 
102, 995, 893, -549, -395, 944, -707, 63, -551, -610, -278, -424, 
102, 995, 893, -549, -395, 944, -707, 63, -551, -614, -283, -424, 
97, 995, 897, -546, -400, 946, -707, 63, -556, -624, -287, -424, 
97, 995, 897, -546, -400, 946, -707, 48, -556, -624, -287, -424, 
102, 1010, 907, -556, -402, 958, -717, 48, -556, -614, -287, -424, 
102, 1010, 907, -556, -402, 958, -717, 53, -556, -614, -287, -424, 
102, 1005, 902, -553, -400, 954, -712, 63, -556, -614, -287, -424, 
102, 1005, 902, -553, -400, 954, -712, 63, -561, -619, -287, -429, 
92, 1010, 917, -551, -412, 963, -712, 53, -556, -624, -287, -439, 
92, 1010, 917, -551, -412, 963, -717, 48, -556, -624, -287, -439, 
92, 1010, 917, -551, -412, 963, -717, 43, -556, -624, -292, -439, 
92, 1010, 917, -551, -412, 963, -717, 39, -556, -619, -292, -439, 
92, 995, 902, -544, -405, 949, -717, 48, -566, -629, -292, -439, 
92, 990, 897, -541, -402, 944, -717, 39, -575, -634, -292, -439, 
92, 990, 897, -541, -402, 944, -717, 34, -575, -634, -292, -439, 
92, 990, 897, -541, -402, 944, -717, 34, -570, -634, -292, -439, 
92, 990, 897, -541, -402, 944, -722, 39, -561, -624, -292, -439, 
92, 990, 897, -541, -402, 944, -722, 39, -566, -624, -292, -444, 
92, 990, 897, -541, -402, 944, -722, 39, -570, -624, -292, -444, 
92, 990, 897, -541, -402, 944, -722, 39, -575, -629, -292, -444, 
97, 995, 897, -546, -400, 946, -732, 34, -575, -639, -292, -444, 
97, 1000, 902, -549, -402, 951, -732, 34, -575, -639, -292, -444, 
102, 1005, 902, -553, -400, 954, -736, 29, -575, -644, -302, -444, 
107, 1010, 902, -558, -397, 956, -736, 14, -585, -644, -307, -444, 
97, 1000, 902, -549, -402, 951, -736, 14, -595, -644, -297, -444, 
102, 1005, 902, -553, -400, 954, -732, 14, -590, -639, -292, -444, 
102, 1005, 902, -553, -400, 954, -727, 34, -590, -639, -292, -444, 
102, 1005, 902, -553, -400, 954, -722, 24, -590, -639, -297, -444, 
82, 995, 912, -539, -414, 954, -732, 4, -585, -639, -307, -434, 
92, 980, 888, -536, -397, 934, -732, -4, -595, -649, -307, -439, 
92, 995, 902, -544, -405, 949, -732, 4, -595, -653, -307, -439, 
92, 995, 902, -544, -405, 949, -732, 19, -595, -653, -302, -439, 
92, 985, 893, -539, -400, 939, -732, 19, -605, -653, -302, -448, 
92, 985, 893, -539, -400, 939, -741, 9, -610, -653, -307, -448, 
97, 985, 888, -541, -395, 936, -741, 4, -610, -653, -307, -448, 
97, 990, 893, -544, -397, 941, -736, 4, -610, -649, -307, -448, 
87, 990, 902, -539, -407, 946, -736, 14, -600, -658, -317, -448, 
82, 990, 907, -536, -412, 949, -736, 14, -600, -658, -317, -448, 
82, 980, 897, -531, -407, 939, -736, 4, -605, -663, -317, -458, 
87, 990, 902, -539, -407, 946, -736, 0, -610, -663, -317, -458, 
97, 1000, 902, -549, -402, 951, -741, 9, -610, -658, -307, -448, 
97, 1000, 902, -549, -402, 951, -741, 14, -610, -658, -307, -453, 
97, 1000, 902, -549, -402, 951, -751, 14, -610, -658, -307, -453, 
92, 995, 902, -544, -405, 949, -751, -4, -610, -658, -307, -458, 
92, 995, 902, -544, -405, 949, -751, -14, -619, -663, -317, -468, 
97, 995, 897, -546, -400, 946, -751, 0, -619, -663, -317, -463, 
97, 1000, 902, -549, -402, 951, -746, 4, -619, -658, -317, -463, 
97, 1000, 902, -549, -402, 951, -746, 4, -624, -658, -317, -463, 
92, 990, 897, -541, -402, 944, -751, -9, -619, -673, -312, -463, 
92, 985, 893, -539, -400, 939, -761, -14, -619, -673, -312, -463, 
92, 985, 893, -539, -400, 939, -761, -14, -619, -673, -307, -463, 
92, 985, 893, -539, -400, 939, -756, -9, -614, -673, -307, -463, 
92, 985, 893, -539, -400, 939, -756, -9, -624, -673, -322, -463, 
92, 985, 893, -539, -400, 939, -761, -19, -629, -673, -322, -463, 
92, 985, 893, -539, -400, 939, -761, -19, -629, -678, -322, -458, 
97, 985, 888, -541, -395, 936, -751, -19, -629, -678, -322, -453, 
87, 985, 897, -536, -405, 941, -751, -4, -629, -668, -312, -463, 
82, 985, 902, -534, -409, 944, -751, -14, -629, -668, -317, -468, 
73, 976, 902, -524, -414, 939, -751, -24, -629, -673, -317, -468, 
73, 976, 902, -524, -414, 939, -751, -24, -629, -673, -317, -463, 
92, 976, 883, -534, -395, 929, -756, -14, -629, -668, -317, -453, 
92, 980, 888, -536, -397, 934, -756, -9, -629, -668, -317, -458, 
92, 980, 888, -536, -397, 934, -756, -9, -629, -668, -317, -463, 
87, 980, 893, -534, -402, 936, -751, -19, -629, -673, -317, -463, 
87, 980, 893, -534, -402, 936, -741, -19, -619, -673, -317, -463, 
92, 980, 888, -536, -397, 934, -746, -9, -619, -668, -317, -463, 
92, 985, 893, -539, -400, 939, -746, 0, -624, -663, -317, -463, 
92, 985, 893, -539, -400, 939, -741, -9, -624, -658, -312, -463, 
82, 976, 893, -529, -405, 934, -751, -24, -634, -663, -312, -463, 
82, 976, 893, -529, -405, 934, -751, -34, -634, -668, -317, -463, 
82, 976, 893, -529, -405, 934, -756, -34, -634, -673, -317, -463, 
82, 976, 893, -529, -405, 934, -756, -29, -634, -673, -317, -463, 
82, 976, 893, -529, -405, 934, -751, -29, -634, -673, -317, -458, 
87, 980, 893, -534, -402, 936, -751, -39, -634, -673, -317, -453, 
87, 980, 893, -534, -402, 936, -751, -39, -634, -678, -317, -453, 
82, 976, 893, -529, -405, 934, -751, -39, -634, -678, -317, -453, 
82, 976, 893, -529, -405, 934, -766, -29, -634, -678, -317, -453, 
82, 976, 893, -529, -405, 934, -766, -29, -634, -678, -317, -453, 
82, 976, 893, -529, -405, 934, -761, -39, -639, -678, -317, -453, 
82, 976, 893, -529, -405, 934, -761, -48, -639, -678, -317, -453, 
82, 976, 893, -529, -405, 934, -751, -43, -629, -678, -317, -458, 
82, 971, 888, -527, -402, 929, -756, -34, -629, -673, -317, -458, 
82, 971, 888, -527, -402, 929, -756, -29, -629, -673, -317, -458, 
82, 976, 893, -529, -405, 934, -756, -39, -629, -678, -322, -458, 
82, 976, 893, -529, -405, 934, -756, -39, -639, -678, -312, -463, 
82, 976, 893, -529, -405, 934, -756, -29, -634, -673, -307, -463, 
82, 976, 893, -529, -405, 934, -756, -19, -634, -673, -307, -458, 
82, 976, 893, -529, -405, 934, -756, -19, -639, -673, -307, -458, 
82, 980, 897, -531, -407, 939, -756, -39, -639, -683, -312, -468, 
82, 980, 897, -531, -407, 939, -756, -48, -639, -688, -312, -468, 
92, 980, 888, -536, -397, 934, -756, -48, -639, -688, -317, -468, 
92, 980, 888, -536, -397, 934, -756, -39, -639, -683, -322, -468, 
82, 985, 902, -534, -409, 944, -771, -39, -639, -683, -326, -468, 
82, 985, 902, -534, -409, 944, -771, -48, -639, -683, -326, -468, 
82, 980, 897, -531, -407, 939, -766, -48, -639, -688, -326, -468, 
82, 976, 893, -529, -405, 934, -766, -43, -639, -688, -331, -473, 
73, 976, 902, -524, -414, 939, -766, -34, -639, -678, -322, -473, 
73, 976, 902, -524, -414, 939, -766, -34, -639, -678, -322, -468, 
68, 976, 907, -522, -419, 941, -766, -43, -639, -678, -322, -468, 
68, 980, 912, -524, -422, 946, -766, -48, -644, -678, -322, -468, 
87, 971, 883, -529, -397, 927, -756, -39, -644, -678, -317, -468, 
87, 971, 883, -529, -397, 927, -756, -29, -644, -673, -317, -468, 
87, 971, 883, -529, -397, 927, -756, -29, -644, -673, -317, -468, 
87, 971, 883, -529, -397, 927, -756, -39, -644, -673, -322, -468, 
97, 980, 883, -539, -392, 932, -766, -53, -644, -673, -312, -458, 
97, 980, 883, -539, -392, 932, -766, -39, -639, -673, -312, -458, 
97, 980, 883, -539, -392, 932, -766, -29, -639, -673, -312, -458, 
97, 980, 883, -539, -392, 932, -766, -14, -639, -673, -312, -458, 
87, 980, 893, -534, -402, 936, -751, -53, -644, -683, -312, -458, 
97, 980, 883, -539, -392, 932, -761, -68, -653, -692, -312, -468, 
97, 985, 888, -541, -395, 936, -761, -58, -653, -683, -312, -468, 
87, 976, 888, -531, -400, 932, -751, -53, -649, -673, -312, -468, 
87, 976, 888, -531, -400, 932, -751, -48, -644, -673, -312, -468, 
87, 976, 888, -531, -400, 932, -751, -43, -639, -673, -312, -468, 
87, 976, 888, -531, -400, 932, -751, -39, -634, -673, -312, -468, 
87, 976, 888, -531, -400, 932, -766, -58, -634, -683, -312, -458, 
87, 976, 888, -531, -400, 932, -766, -43, -634, -683, -307, -458, 
87, 980, 893, -534, -402, 936, -766, -24, -634, -683, -307, -458, 
87, 980, 893, -534, -402, 936, -766, -34, -634, -683, -307, -458, 
78, 971, 893, -524, -407, 932, -766, -43, -644, -678, -317, -468, 
78, 971, 893, -524, -407, 932, -766, -43, -644, -678, -317, -468, 
78, 971, 893, -524, -407, 932, -761, -34, -644, -673, -317, -468, 
78, 971, 893, -524, -407, 932, -756, -24, -644, -673, -317, -468, 
87, 971, 883, -529, -397, 927, -766, -24, -644, -673, -307, -458, 
87, 971, 883, -529, -397, 927, -766, -39, -644, -673, -307, -458, 
87, 971, 883, -529, -397, 927, -766, -39, -644, -673, -307, -458, 
87, 976, 888, -531, -400, 932, -761, -24, -639, -668, -307, -458, 
82, 985, 902, -534, -409, 944, -751, -9, -619, -663, -307, -453, 
82, 995, 912, -539, -414, 954, -741, -19, -619, -663, -297, -448, 
82, 1005, 922, -544, -419, 963, -736, -19, -614, -663, -292, -444, 
78, 1010, 932, -544, -427, 971, -727, -19, -614, -658, -292, -439, 
87, 1015, 927, -551, -419, 971, -712, 0, -614, -653, -287, -444, 
92, 1015, 922, -553, -414, 968, -707, 19, -610, -649, -287, -444, 
92, 1019, 927, -556, -417, 973, -702, 9, -600, -649, -287, -444, 
92, 1019, 927, -556, -417, 973, -697, 0, -600, -649, -287, -444, 
102, 1019, 917, -561, -407, 968, -702, 9, -600, -649, -273, -439, 
107, 1029, 922, -568, -407, 976, -707, 19, -600, -644, -273, -439, 
107, 1029, 922, -568, -407, 976, -702, 34, -600, -644, -273, -439, 
107, 1029, 922, -568, -407, 976, -707, 34, -605, -644, -278, -434, 
102, 1019, 917, -561, -407, 968, -702, 14, -605, -649, -287, -444, 
97, 1019, 922, -558, -412, 971, -707, 9, -605, -649, -278, -439, 
107, 1034, 927, -570, -409, 980, -707, 4, -595, -644, -273, -434, 
102, 1039, 936, -570, -417, 988, -712, 9, -595, -634, -273, -429, 
112, 1054, 941, -583, -414, 997, -727, 19, -585, -624, -253, -424, 
122, 1054, 932, -588, -405, 993, -736, 4, -585, -624, -248, -424, 
136, 1063, 927, -600, -395, 995, -741, 4, -585, -619, -248, -419, 
151, 1073, 922, -612, -385, 997, -746, 14, -575, -614, -248, -419, 
156, 1063, 907, -610, -375, 985, -751, 19, -585, -624, -248, -409, 
156, 1058, 902, -607, -373, 980, -756, 9, -590, -624, -253, -414, 
156, 1049, 893, -602, -368, 971, -756, -4, -590, -629, -253, -414, 
156, 1049, 893, -602, -368, 971, -756, -14, -590, -629, -253, -414, 
151, 1058, 907, -605, -378, 983, -741, 9, -580, -614, -253, -414, 
156, 1058, 902, -607, -373, 980, -741, 19, -580, -614, -253, -419, 
156, 1049, 893, -602, -368, 971, -746, 9, -585, -619, -253, -419, 
151, 1049, 897, -600, -373, 973, -751, -4, -585, -619, -253, -419, 
151, 1039, 888, -595, -368, 963, -751, 4, -585, -619, -253, -419, 
151, 1039, 888, -595, -368, 963, -751, 14, -585, -619, -253, -419, 
151, 1039, 888, -595, -368, 963, -756, 24, -585, -619, -253, -419, 
151, 1034, 883, -592, -366, 958, -761, 9, -590, -619, -253, -419, 
161, 1024, 863, -592, -351, 944, -766, -19, -595, -639, -258, -429, 
156, 1024, 868, -590, -356, 946, -766, -19, -605, -639, -258, -429, 
156, 1019, 863, -588, -353, 941, -766, -14, -605, -639, -263, -434, 
156, 1015, 858, -585, -351, 936, -775, -14, -605, -644, -268, -434, 
146, 1019, 873, -583, -363, 946, -775, -9, -619, -634, -268, -429, 
131, 1010, 878, -570, -373, 944, -771, -19, -624, -644, -278, -439, 
122, 1005, 883, -563, -380, 944, -766, -19, -624, -649, -278, -439, 
112, 1000, 888, -556, -387, 944, -766, -9, -624, -649, -283, -444, 
97, 980, 883, -539, -392, 932, -766, -14, -634, -658, -297, -458, 
92, 966, 873, -529, -390, 919, -775, -24, -644, -663, -297, -463, 
82, 946, 863, -514, -390, 905, -775, -53, -649, -683, -302, -468, 
82, 941, 858, -512, -387, 900, -775, -63, -649, -688, -307, -473, 
92, 946, 854, -519, -380, 900, -780, -63, -653, -678, -302, -463, 
87, 936, 849, -512, -380, 893, -780, -53, -658, -678, -307, -468, 
87, 936, 849, -512, -380, 893, -780, -63, -658, -683, -312, -473, 
87, 932, 844, -509, -378, 888, -790, -78, -668, -688, -317, -473, 
87, 932, 844, -509, -378, 888, -790, -87, -663, -688, -307, -483, 
82, 932, 849, -507, -383, 890, -790, -63, -663, -688, -307, -483, 
82, 932, 849, -507, -383, 890, -790, -39, -663, -688, -307, -483, 
82, 927, 844, -505, -380, 885, -790, -48, -663, -688, -312, -483, 
87, 917, 829, -502, -370, 873, -790, -73, -663, -692, -312, -488, 
87, 917, 829, -502, -370, 873, -790, -73, -663, -697, -312, -488, 
82, 917, 834, -500, -375, 875, -795, -73, -663, -697, -312, -488, 
82, 917, 834, -500, -375, 875, -795, -63, -663, -692, -312, -488, 
78, 917, 839, -497, -380, 878, -790, -53, -663, -692, -322, -492, 
73, 922, 849, -497, -387, 885, -790, -63, -663, -692, -322, -492, 
73, 927, 854, -500, -390, 890, -790, -63, -668, -692, -322, -492, 
78, 936, 858, -507, -390, 897, -790, -53, -668, -688, -322, -492, 
78, 932, 854, -505, -387, 893, -785, -53, -668, -688, -322, -483, 
78, 927, 849, -502, -385, 888, -785, -53, -668, -688, -322, -483, 
73, 922, 849, -497, -387, 885, -785, -68, -668, -692, -322, -483, 
73, 917, 844, -495, -385, 880, -790, -78, -668, -692, -322, -483, 
78, 917, 839, -497, -380, 878, -780, -78, -658, -692, -312, -483, 
82, 922, 839, -502, -378, 880, -780, -68, -658, -688, -312, -488, 
82, 922, 839, -502, -378, 880, -780, -68, -658, -688, -307, -488, 
78, 912, 834, -495, -378, 873, -775, -82, -663, -688, -307, -488, 
78, 912, 834, -495, -378, 873, -775, -78, -653, -678, -307, -478, 
78, 912, 834, -495, -378, 873, -775, -63, -653, -678, -307, -478, 
78, 917, 839, -497, -380, 878, -775, -39, -649, -678, -307, -478, 
78, 917, 839, -497, -380, 878, -766, -34, -644, -678, -307, -478, 
63, 907, 844, -485, -390, 875, -741, -53, -644, -678, -307, -478, 
73, 922, 849, -497, -387, 885, -707, -4, -619, -678, -307, -478, 
63, 902, 839, -483, -387, 871, -678, 53, -590, -668, -297, -488, 
63, 888, 824, -475, -380, 856, -663, 92, -561, -649, -297, -492, 
58, 888, 829, -473, -385, 858, -634, 107, -536, -639, -297, -492, 
58, 897, 839, -478, -390, 868, -595, 141, -492, -610, -278, -492, 
87, 917, 829, -502, -370, 873, -580, 209, -434, -541, -248, -463, 
122, 956, 834, -539, -356, 895, -566, 297, -356, -463, -209, -444, 
161, 995, 834, -578, -336, 915, -551, 395, -248, -361, -151, -400, 
200, 1063, 863, -631, -331, 963, -541, 468, -102, -229, -63, -341, 
248, 1166, 917, -707, -334, 1041, -595, 502, 29, -82, 63, -258, 
326, 1312, 985, -819, -329, 1149, -722, 522, 165, 82, 204, -151, 
434, 1488, 1054, -961, -309, 1271, -917, 497, 297, 278, 370, -19, 
570, 1649, 1078, -1110, -253, 1363, -1156, 419, 409, 473, 536, 112, 
688, 1776, 1088, -1232, -200, 1432, -1434, 244, 444, 639, 678, 239, 
795, 1903, 1107, -1349, -156, 1505, -1722, 43, 458, 800, 824, 356, 
893, 2015, 1122, -1454, -114, 1568, -1922, -19, 561, 995, 956, 453, 
966, 2083, 1117, -1525, -75, 1600, -2005, 29, 722, 1190, 1054, 512, 
971, 2049, 1078, -1510, -53, 1564, -2049, 87, 844, 1307, 1078, 522, 
912, 1971, 1058, -1442, -73, 1515, -2064, 82, 854, 1293, 1029, 478, 
839, 1878, 1039, -1359, -100, 1459, -2049, -19, 707, 1112, 927, 409, 
775, 1781, 1005, -1278, -114, 1393, -2020, -126, 492, 873, 790, 326, 
702, 1693, 990, -1198, -143, 1342, -1942, -185, 317, 658, 653, 229, 
614, 1586, 971, -1100, -178, 1278, -1830, -219, 102, 380, 492, 122, 
502, 1449, 946, -976, -222, 1198, -1727, -307, -180, 24, 278, -4, 
385, 1293, 907, -839, -261, 1100, -1615, -400, -463, -292, 82, -136, 
268, 1161, 893, -714, -312, 1027, -1483, -429, -683, -531, -82, -248, 
190, 1073, 883, -631, -346, 978, -1381, -414, -805, -673, -190, -326, 
161, 1029, 868, -595, -353, 949, -1293, -366, -800, -683, -224, -361, 
146, 985, 839, -566, -346, 912, -1200, -322, -732, -653, -234, -390, 
136, 941, 805, -539, -334, 873, -1117, -273, -707, -644, -253, -414, 
136, 951, 814, -544, -339, 883, -1044, -214, -673, -629, -244, -414, 
136, 985, 849, -561, -356, 917, -961, -136, -619, -590, -209, -400, 
136, 985, 849, -561, -356, 917, -897, -68, -580, -570, -190, -400, 
136, 961, 824, -549, -344, 893, -873, -58, -580, -580, -200, -419, 
126, 946, 819, -536, -346, 883, -868, -48, -575, -585, -214, -434, 
122, 941, 819, -531, -348, 880, -849, -4, -566, -580, -219, -434, 
126, 932, 805, -529, -339, 868, -834, 34, -566, -585, -239, -439, 
117, 932, 814, -524, -348, 873, -819, 29, -570, -595, -244, -444, 
117, 932, 814, -524, -348, 873, -819, -14, -585, -610, -248, -448, 
117, 936, 819, -527, -351, 878, -805, -58, -590, -624, -248, -444, 
107, 932, 824, -519, -358, 878, -795, -43, -590, -619, -253, -444, 
102, 927, 824, -514, -361, 875, -780, -43, -595, -614, -244, -448, 
102, 922, 819, -512, -358, 871, -771, -29, -595, -614, -244, -448, 
97, 912, 814, -505, -358, 863, -771, -29, -595, -619, -248, -458, 
87, 902, 814, -495, -363, 858, -766, -29, -595, -619, -253, -458, 
92, 902, 810, -497, -358, 856, -756, -19, -595, -629, -268, -458, 
92, 902, 810, -497, -358, 856, -756, 0, -595, -629, -268, -463, 
87, 897, 810, -492, -361, 854, -756, 4, -595, -629, -268, -463, 
87, 897, 810, -492, -361, 854, -751, 0, -595, -639, -273, -463, 
87, 893, 805, -490, -358, 849, -746, -34, -600, -639, -263, -463, 
87, 888, 800, -488, -356, 844, -741, -48, -600, -639, -263, -463, 
87, 888, 800, -488, -356, 844, -741, -34, -595, -634, -263, -458, 
92, 883, 790, -488, -348, 836, -741, -14, -595, -629, -263, -458, 
102, 888, 785, -495, -341, 836, -746, -4, -590, -629, -263, -458, 
97, 883, 785, -490, -344, 834, -746, -4, -590, -629, -263, -458, 
97, 883, 785, -490, -344, 834, -746, 4, -590, -629, -263, -458, 
102, 883, 780, -492, -339, 832, -746, 19, -590, -629, -268, -458, 
102, 873, 771, -488, -334, 822, -736, 34, -595, -634, -268, -468, 
102, 873, 771, -488, -334, 822, -736, 24, -595, -634, -263, -468, 
97, 868, 771, -483, -336, 819, -736, 9, -595, -649, -263, -468, 
97, 868, 771, -483, -336, 819, -736, 0, -595, -649, -263, -468, 
92, 883, 790, -488, -348, 836, -746, 19, -585, -634, -273, -458, 
92, 883, 790, -488, -348, 836, -741, 34, -585, -629, -273, -458, 
92, 883, 790, -488, -348, 836, -741, 34, -580, -629, -268, -458, 
92, 883, 790, -488, -348, 836, -741, 34, -580, -629, -268, -458, 
102, 883, 780, -492, -339, 832, -736, 48, -580, -619, -263, -458, 
102, 883, 780, -492, -339, 832, -736, 63, -580, -619, -263, -458, 
102, 883, 780, -492, -339, 832, -736, 73, -580, -624, -258, -463, 
97, 883, 785, -490, -344, 834, -736, 58, -580, -629, -258, -463, 
97, 873, 775, -485, -339, 824, -736, 34, -580, -639, -258, -463, 
97, 873, 775, -485, -339, 824, -736, 19, -580, -639, -258, -463, 
102, 878, 775, -490, -336, 827, -736, 19, -580, -634, -258, -458, 
102, 878, 775, -490, -336, 827, -736, 29, -580, -634, -258, -458, 
102, 878, 775, -490, -336, 827, -727, 34, -570, -624, -248, -458, 
102, 878, 775, -490, -336, 827, -727, 29, -570, -624, -248, -453, 
102, 878, 775, -490, -336, 827, -727, 34, -570, -624, -248, -453, 
107, 878, 771, -492, -331, 824, -727, 43, -566, -624, -248, -453, 
112, 883, 771, -497, -329, 827, -736, 43, -575, -624, -248, -453, 
112, 883, 771, -497, -329, 827, -736, 34, -575, -624, -248, -453, 
107, 883, 775, -495, -334, 829, -736, 14, -570, -624, -248, -453, 
107, 883, 775, -495, -334, 829, -736, 9, -570, -619, -244, -453, 
112, 878, 766, -495, -326, 822, -736, 19, -566, -614, -244, -439, 
117, 878, 761, -497, -322, 819, -736, 29, -561, -614, -244, -434, 
117, 878, 761, -497, -322, 819, -736, 29, -561, -614, -244, -434, 
112, 878, 766, -495, -326, 822, -736, 29, -561, -614, -248, -444, 
112, 868, 756, -490, -322, 812, -736, 43, -561, -614, -248, -444, 
112, 873, 761, -492, -324, 817, -736, 53, -556, -610, -248, -439, 
112, 873, 761, -492, -324, 817, -732, 63, -556, -610, -239, -434, 
112, 873, 761, -492, -324, 817, -732, 63, -556, -610, -239, -434, 
102, 858, 756, -480, -326, 807, -727, 48, -551, -600, -244, -439, 
102, 858, 756, -480, -326, 807, -727, 48, -546, -600, -244, -444, 
107, 863, 756, -485, -324, 810, -727, 48, -536, -595, -239, -448, 
107, 863, 756, -485, -324, 810, -727, 73, -531, -595, -239, -453, 
117, 878, 761, -497, -322, 819, -727, 73, -527, -585, -229, -444, 
117, 878, 761, -497, -322, 819, -727, 73, -527, -585, -229, -444, 
122, 883, 761, -502, -319, 822, -727, 78, -522, -585, -229, -444, 
122, 883, 761, -502, -319, 822, -727, 92, -517, -580, -229, -444, 
131, 883, 751, -507, -309, 817, -727, 107, -517, -580, -224, -444, 
122, 873, 751, -497, -314, 812, -727, 107, -517, -580, -224, -444, 
122, 873, 751, -497, -314, 812, -727, 92, -517, -580, -219, -444, 
126, 873, 746, -500, -309, 810, -727, 82, -512, -580, -214, -444, 
131, 888, 756, -509, -312, 822, -727, 97, -507, -575, -224, -444, 
131, 888, 756, -509, -312, 822, -727, 112, -507, -570, -224, -439, 
131, 888, 756, -509, -312, 822, -727, 112, -507, -570, -224, -439, 
131, 888, 756, -509, -312, 822, -732, 107, -502, -566, -224, -439, 
131, 888, 756, -509, -312, 822, -732, 117, -502, -566, -224, -439, 
136, 883, 746, -509, -305, 814, -732, 131, -497, -556, -219, -439, 
141, 883, 741, -512, -300, 812, -732, 141, -497, -556, -219, -439, 
141, 878, 736, -509, -297, 807, -732, 141, -497, -556, -219, -439, 
136, 888, 751, -512, -307, 819, -736, 122, -497, -546, -209, -439, 
136, 888, 751, -512, -307, 819, -736, 122, -492, -541, -200, -439, 
141, 888, 746, -514, -302, 817, -736, 122, -488, -531, -200, -434, 
146, 897, 751, -522, -302, 824, -736, 131, -488, -531, -200, -434, 
146, 888, 741, -517, -297, 814, -732, 131, -478, -531, -200, -434, 
146, 888, 741, -517, -297, 814, -732, 126, -473, -531, -195, -429, 
146, 888, 741, -517, -297, 814, -732, 126, -468, -531, -195, -429, 
146, 893, 746, -519, -300, 819, -732, 131, -468, -522, -195, -424, 
156, 883, 727, -519, -285, 805, -732, 146, -463, -517, -190, -424, 
156, 883, 727, -519, -285, 805, -732, 141, -463, -512, -185, -424, 
156, 888, 732, -522, -287, 810, -732, 117, -463, -512, -185, -424, 
161, 897, 736, -529, -287, 817, -736, 112, -468, -507, -185, -419, 
161, 888, 727, -524, -283, 807, -746, 126, -458, -502, -170, -419, 
161, 888, 727, -524, -283, 807, -741, 141, -458, -497, -165, -414, 
161, 888, 727, -524, -283, 807, -741, 141, -448, -497, -165, -414, 
161, 888, 727, -524, -283, 807, -741, 136, -448, -497, -161, -414, 
165, 893, 727, -529, -280, 810, -741, 136, -448, -497, -170, -414, 
170, 897, 727, -534, -278, 812, -741, 151, -439, -488, -161, -409, 
180, 897, 717, -539, -268, 807, -741, 161, -434, -473, -156, -409, 
180, 897, 717, -539, -268, 807, -746, 161, -429, -468, -156, -405, 
180, 897, 717, -539, -268, 807, -751, 141, -424, -458, -146, -405, 
180, 902, 722, -541, -270, 812, -746, 141, -424, -458, -141, -395, 
180, 907, 727, -544, -273, 817, -741, 151, -419, -448, -141, -390, 
190, 907, 717, -549, -263, 812, -736, 161, -414, -444, -141, -390, 
190, 902, 712, -546, -261, 807, -746, 161, -400, -439, -131, -380, 
190, 907, 717, -549, -263, 812, -751, 146, -395, -434, -131, -380, 
195, 912, 717, -553, -261, 814, -751, 146, -395, -429, -126, -380, 
195, 912, 717, -553, -261, 814, -751, 156, -390, -424, -122, -375, 
214, 922, 707, -568, -246, 814, -766, 170, -395, -414, -112, -375, 
219, 922, 702, -570, -241, 812, -766, 165, -390, -409, -107, -366, 
224, 922, 697, -573, -236, 810, -766, 146, -385, -400, -102, -366, 
224, 927, 702, -575, -239, 814, -766, 131, -380, -395, -97, -366, 
219, 922, 702, -570, -241, 812, -766, 151, -361, -395, -92, -361, 
224, 927, 702, -575, -239, 814, -771, 161, -361, -390, -87, -361, 
229, 932, 702, -580, -236, 817, -771, 161, -356, -380, -82, -366, 
229, 932, 702, -580, -236, 817, -771, 151, -351, -380, -78, -366, 
234, 936, 702, -585, -234, 819, -780, 161, -346, -366, -73, -351, 
239, 941, 702, -590, -231, 822, -785, 170, -346, -351, -68, -346, 
244, 946, 702, -595, -229, 824, -785, 190, -341, -341, -63, -346, 
244, 951, 707, -597, -231, 829, -790, 190, -336, -336, -53, -341, 
258, 946, 688, -602, -214, 817, -780, 165, -317, -322, -39, -336, 
263, 951, 688, -607, -212, 819, -785, 165, -312, -317, -39, -331, 
273, 956, 683, -614, -204, 819, -790, 170, -307, -312, -34, -331, 
273, 956, 683, -614, -204, 819, -795, 180, -307, -302, -29, -326, 
283, 961, 678, -622, -197, 819, -795, 180, -312, -307, -29, -326, 
283, 961, 678, -622, -197, 819, -790, 170, -307, -302, -24, -326, 
283, 961, 678, -622, -197, 819, -790, 161, -302, -297, -19, -322, 
292, 971, 678, -631, -192, 824, -790, 170, -297, -292, -14, -322, 
287, 966, 678, -627, -195, 822, -795, 185, -292, -278, -19, -312, 
287, 971, 683, -629, -197, 827, -800, 180, -292, -268, -14, -307, 
287, 971, 683, -629, -197, 827, -810, 161, -287, -263, -9, -302, 
292, 976, 683, -634, -195, 829, -814, 141, -283, -263, -4, -297, 
292, 971, 678, -631, -192, 824, -805, 161, -283, -253, -4, -297, 
297, 976, 678, -636, -190, 827, -805, 170, -278, -248, 0, -292, 
297, 980, 683, -639, -192, 832, -810, 175, -278, -244, 4, -292, 
297, 980, 683, -639, -192, 832, -810, 170, -278, -244, 4, -292, 
297, 980, 683, -639, -192, 832, -810, 180, -273, -248, 9, -292, 
297, 990, 692, -644, -197, 841, -810, 190, -273, -248, 14, -292, 
297, 990, 692, -644, -197, 841, -810, 204, -268, -239, 19, -292, 
297, 990, 692, -644, -197, 841, -805, 204, -268, -239, 19, -292, 
297, 985, 688, -641, -195, 836, -805, 180, -258, -239, 24, -292, 
297, 985, 688, -641, -195, 836, -800, 180, -258, -239, 24, -292, 
297, 980, 683, -639, -192, 832, -795, 185, -258, -239, 19, -292, 
287, 980, 692, -634, -202, 836, -795, 190, -263, -248, 14, -292, 
278, 971, 692, -624, -207, 832, -785, 200, -273, -253, -4, -297, 
278, 971, 692, -624, -207, 832, -771, 185, -273, -263, -4, -302, 
268, 961, 692, -614, -212, 827, -771, 175, -283, -273, -14, -312, 
263, 956, 692, -610, -214, 824, -771, 190, -292, -283, -24, -317, 
258, 946, 688, -602, -214, 817, -766, 200, -302, -307, -34, -326, 
248, 936, 688, -592, -219, 812, -756, 190, -307, -322, -43, -331, 
229, 927, 697, -578, -234, 812, -746, 175, -322, -336, -53, -336, 
229, 922, 692, -575, -231, 807, -736, 165, -331, -356, -63, -351, 
234, 917, 683, -575, -224, 800, -722, 190, -336, -361, -68, -356, 
224, 912, 688, -568, -231, 800, -722, 204, -336, -370, -82, -361, 
219, 902, 683, -561, -231, 793, -722, 200, -341, -385, -92, -370, 
204, 897, 692, -551, -244, 795, -722, 185, -346, -390, -97, -380, 
204, 893, 688, -549, -241, 790, -727, 170, -356, -400, -97, -380, 
204, 888, 683, -546, -239, 785, -722, 170, -366, -405, -107, -380, 
195, 883, 688, -539, -246, 785, -722, 190, -375, -414, -117, -385, 
190, 873, 683, -531, -246, 778, -722, 180, -385, -434, -122, -385, 
180, 863, 683, -522, -251, 773, -717, 161, -380, -448, -122, -390, 
175, 849, 673, -512, -248, 761, -712, 156, -390, -463, -131, -400, 
170, 849, 678, -509, -253, 763, -707, 156, -400, -473, -141, -405, 
170, 844, 673, -507, -251, 758, -697, 156, -409, -478, -146, -414, 
161, 839, 678, -500, -258, 758, -692, 165, -419, -483, -161, -424, 
151, 834, 683, -492, -265, 758, -692, 146, -419, -492, -161, -424, 
151, 824, 673, -488, -261, 749, -697, 131, -424, -497, -170, -429, 
151, 824, 673, -488, -261, 749, -697, 141, -429, -497, -170, -429, 
151, 814, 663, -483, -256, 739, -697, 146, -429, -497, -180, -434, 
146, 814, 668, -480, -261, 741, -697, 136, -439, -502, -185, -439, 
141, 810, 668, -475, -263, 739, -697, 122, -444, -512, -190, -444, 
136, 805, 668, -470, -265, 736, -697, 112, -453, -522, -200, -444, 
146, 795, 649, -470, -251, 722, -688, 126, -444, -517, -190, -444, 
146, 795, 649, -470, -251, 722, -688, 131, -448, -517, -195, -444, 
146, 795, 649, -470, -251, 722, -688, 136, -448, -522, -195, -444, 
146, 790, 644, -468, -248, 717, -688, 117, -453, -522, -195, -453, 
131, 800, 668, -466, -268, 734, -697, 117, -458, -522, -195, -453, 
131, 800, 668, -466, -268, 734, -697, 117, -458, -522, -195, -453, 
136, 800, 663, -468, -263, 732, -697, 126, -458, -522, -195, -453, 
136, 800, 663, -468, -263, 732, -697, 126, -458, -527, -200, -453, 
126, 785, 658, -456, -265, 722, -688, 117, -453, -531, -204, -463, 
126, 785, 658, -456, -265, 722, -688, 112, -458, -536, -204, -463, 
131, 785, 653, -458, -261, 719, -688, 112, -458, -536, -204, -463, 
131, 785, 653, -458, -261, 719, -688, 126, -458, -536, -204, -463, 
131, 785, 653, -458, -261, 719, -688, 136, -458, -536, -204, -458, 
131, 780, 649, -456, -258, 714, -688, 131, -458, -536, -204, -458, 
126, 780, 653, -453, -263, 717, -688, 112, -458, -536, -204, -458, 
126, 780, 653, -453, -263, 717, -688, 122, -453, -536, -204, -458, 
141, 785, 644, -463, -251, 714, -688, 136, -453, -536, -204, -453, 
141, 785, 644, -463, -251, 714, -688, 131, -453, -536, -204, -453, 
141, 785, 644, -463, -251, 714, -688, 117, -453, -536, -204, -458, 
141, 785, 644, -463, -251, 714, -688, 112, -453, -536, -204, -458, 
131, 771, 639, -451, -253, 705, -688, 136, -453, -527, -195, -458, 
131, 766, 634, -448, -251, 700, -688, 156, -453, -527, -195, -458, 
131, 761, 629, -446, -248, 695, -688, 151, -458, -536, -195, -458, 
131, 756, 624, -444, -246, 690, -688, 146, -458, -536, -195, -458, 
131, 766, 634, -448, -251, 700, -678, 136, -444, -527, -204, -453, 
131, 766, 634, -448, -251, 700, -678, 156, -444, -522, -200, -453, 
131, 766, 634, -448, -251, 700, -678, 170, -444, -522, -200, -453, 
131, 766, 634, -448, -251, 700, -678, 175, -444, -522, -200, -458, 
141, 766, 624, -453, -241, 695, -678, 161, -444, -522, -200, -458, 
141, 766, 624, -453, -241, 695, -678, 156, -444, -522, -200, -458, 
141, 766, 624, -453, -241, 695, -678, 156, -444, -522, -200, -453, 
141, 766, 624, -453, -241, 695, -678, 165, -444, -522, -200, -453, 
141, 756, 614, -448, -236, 685, -678, 175, -444, -512, -190, -453, 
141, 756, 614, -448, -236, 685, -678, 151, -444, -512, -190, -453, 
141, 761, 619, -451, -239, 690, -673, 151, -444, -512, -190, -453, 
141, 761, 619, -451, -239, 690, -668, 161, -444, -512, -190, -453, 
146, 751, 605, -448, -229, 678, -668, 165, -439, -512, -190, -444, 
146, 751, 605, -448, -229, 678, -668, 165, -439, -512, -190, -444, 
136, 751, 614, -444, -239, 683, -668, 151, -439, -507, -190, -444, 
136, 751, 614, -444, -239, 683, -673, 151, -439, -502, -190, -444, 
141, 751, 610, -446, -234, 680, -673, 161, -429, -502, -190, -444, 
141, 756, 614, -448, -236, 685, -673, 165, -429, -507, -190, -444, 
141, 756, 614, -448, -236, 685, -673, 165, -429, -507, -190, -444, 
141, 756, 614, -448, -236, 685, -668, 141, -429, -512, -190, -444, 
141, 746, 605, -444, -231, 675, -668, 141, -429, -512, -190, -453, 
146, 746, 600, -446, -226, 673, -668, 161, -429, -507, -190, -453, 
146, 751, 605, -448, -229, 678, -668, 170, -429, -502, -190, -453, 
146, 751, 605, -448, -229, 678, -663, 161, -429, -502, -190, -453, 
156, 741, 585, -448, -214, 663, -663, 151, -439, -507, -190, -453, 
156, 741, 585, -448, -214, 663, -663, 151, -439, -507, -190, -453, 
156, 741, 585, -448, -214, 663, -663, 161, -439, -507, -190, -453, 
156, 741, 585, -448, -214, 663, -663, 161, -439, -507, -190, -453, 
146, 732, 585, -439, -219, 658, -663, 165, -429, -512, -200, -453, 
141, 732, 590, -436, -224, 661, -668, 161, -429, -512, -200, -453, 
141, 732, 590, -436, -224, 661, -668, 151, -434, -512, -200, -453, 
141, 736, 595, -439, -226, 666, -668, 141, -439, -512, -200, -453, 
151, 727, 575, -439, -212, 651, -658, 170, -439, -502, -200, -463, 
151, 727, 575, -439, -212, 651, -658, 161, -439, -502, -200, -463, 
151, 727, 575, -439, -212, 651, -658, 151, -444, -502, -200, -463, 
151, 722, 570, -436, -209, 646, -658, 151, -444, -502, -200, -463, 
151, 712, 561, -431, -204, 636, -658, 170, -434, -502, -200, -453, 
151, 712, 561, -431, -204, 636, -658, 170, -434, -507, -204, -453, 
146, 712, 566, -429, -209, 639, -658, 170, -439, -517, -209, -453, 
146, 712, 566, -429, -209, 639, -658, 156, -439, -517, -209, -453, 
161, 717, 556, -439, -197, 636, -649, 161, -429, -512, -200, -444, 
161, 717, 556, -439, -197, 636, -649, 170, -429, -507, -200, -444, 
161, 712, 551, -436, -195, 631, -644, 185, -429, -502, -200, -444, 
161, 712, 551, -436, -195, 631, -644, 190, -434, -502, -200, -448, 
151, 702, 551, -427, -200, 627, -653, 180, -439, -507, -200, -458, 
151, 697, 546, -424, -197, 622, -658, 175, -439, -507, -200, -458, 
151, 692, 541, -422, -195, 617, -658, 170, -439, -507, -204, -458, 
151, 688, 536, -419, -192, 612, -658, 165, -439, -502, -204, -458, 
161, 683, 522, -422, -180, 602, -658, 175, -448, -512, -214, -468, 
161, 678, 517, -419, -178, 597, -658, 165, -458, -517, -214, -468, 
161, 678, 517, -419, -178, 597, -658, 161, -458, -517, -214, -468, 
161, 678, 517, -419, -178, 597, -658, 161, -453, -517, -214, -468, 
151, 668, 517, -409, -183, 592, -663, 175, -444, -507, -214, -458, 
151, 668, 517, -409, -183, 592, -663, 175, -448, -507, -214, -463, 
151, 668, 517, -409, -183, 592, -663, 175, -453, -507, -214, -463, 
151, 668, 517, -409, -183, 592, -663, 175, -458, -512, -214, -463, 
151, 658, 507, -405, -178, 583, -653, 185, -458, -512, -214, -463, 
146, 658, 512, -402, -183, 585, -653, 190, -458, -512, -214, -463, 
146, 658, 512, -402, -183, 585, -658, 190, -458, -517, -224, -463, 
146, 658, 512, -402, -183, 585, -658, 180, -468, -517, -229, -463, 
146, 649, 502, -397, -178, 575, -663, 180, -458, -517, -229, -463, 
151, 653, 502, -402, -175, 578, -663, 180, -453, -512, -224, -463, 
151, 653, 502, -402, -175, 578, -663, 200, -453, -512, -224, -463, 
151, 653, 502, -402, -175, 578, -663, 190, -453, -512, -229, -463, 
151, 634, 483, -392, -165, 558, -663, 170, -448, -522, -239, -473, 
161, 619, 458, -390, -148, 539, -663, 161, -458, -531, -239, -478, 
161, 634, 473, -397, -156, 553, -663, 170, -458, -536, -239, -478, 
161, 634, 473, -397, -156, 553, -663, 185, -458, -536, -234, -478, 
141, 634, 492, -387, -175, 563, -653, 175, -468, -536, -244, -468, 
141, 634, 492, -387, -175, 563, -663, 165, -473, -536, -248, -468, 
146, 634, 488, -390, -170, 561, -663, 161, -473, -536, -248, -468, 
146, 639, 492, -392, -173, 566, -658, 161, -473, -531, -248, -468, 
146, 629, 483, -387, -168, 556, -658, 170, -463, -522, -248, -468, 
141, 629, 488, -385, -173, 558, -658, 170, -463, -522, -248, -468, 
141, 619, 478, -380, -168, 549, -658, 161, -468, -527, -248, -478, 
146, 629, 483, -387, -168, 556, -658, 156, -473, -527, -248, -478, 
146, 624, 478, -385, -165, 551, -653, 161, -463, -522, -248, -468, 
146, 619, 473, -383, -163, 546, -653, 170, -463, -522, -248, -473, 
146, 614, 468, -380, -161, 541, -663, 175, -463, -522, -248, -473, 
141, 605, 463, -373, -161, 534, -663, 161, -463, -522, -248, -478, 
141, 595, 453, -368, -156, 524, -663, 161, -463, -527, -258, -478, 
146, 595, 448, -370, -151, 522, -663, 175, -463, -527, -258, -473, 
146, 600, 453, -373, -153, 527, -658, 180, -463, -522, -258, -473, 
146, 600, 453, -373, -153, 527, -658, 180, -468, -522, -258, -473, 
141, 595, 453, -368, -156, 524, -653, 165, -473, -527, -263, -473, 
141, 585, 444, -363, -151, 514, -663, 161, -473, -527, -263, -473, 
141, 580, 439, -361, -148, 509, -663, 161, -473, -527, -258, -473, 
141, 575, 434, -358, -146, 505, -658, 165, -468, -527, -258, -473, 
151, 585, 434, -368, -141, 509, -668, 165, -468, -527, -263, -473, 
151, 585, 434, -368, -141, 509, -673, 156, -473, -527, -263, -473, 
151, 585, 434, -368, -141, 509, -673, 156, -473, -531, -263, -468, 
156, 585, 429, -370, -136, 507, -663, 156, -473, -531, -263, -463, 
156, 575, 419, -366, -131, 497, -653, 170, -473, -522, -273, -473, 
151, 575, 424, -363, -136, 500, -653, 161, -473, -522, -278, -478, 
141, 566, 424, -353, -141, 495, -653, 151, -473, -527, -278, -478, 
141, 566, 424, -353, -141, 495, -653, 151, -473, -527, -278, -473, 
141, 556, 414, -348, -136, 485, -658, 161, -473, -522, -287, -463, 
141, 561, 419, -351, -139, 490, -658, 165, -473, -522, -287, -468, 
141, 561, 419, -351, -139, 490, -658, 165, -473, -522, -287, -473, 
136, 561, 424, -348, -143, 492, -653, 156, -473, -527, -287, -473, 
136, 556, 419, -346, -141, 488, -663, 156, -473, -527, -297, -483, 
141, 551, 409, -346, -134, 480, -668, 165, -473, -522, -297, -483, 
141, 551, 409, -346, -134, 480, -668, 175, -478, -517, -297, -483, 
141, 546, 405, -344, -131, 475, -663, 165, -478, -512, -292, -483, 
141, 536, 395, -339, -126, 466, -653, 170, -468, -522, -292, -483, 
141, 536, 395, -339, -126, 466, -653, 161, -468, -522, -297, -483, 
141, 536, 395, -339, -126, 466, -658, 161, -468, -522, -297, -483, 
141, 536, 395, -339, -126, 466, -658, 165, -468, -517, -297, -483, 
141, 536, 395, -339, -126, 466, -653, 165, -458, -517, -307, -478, 
146, 541, 395, -344, -124, 468, -653, 156, -458, -517, -307, -473, 
146, 541, 395, -344, -124, 468, -653, 156, -458, -522, -307, -473, 
141, 536, 395, -339, -126, 466, -653, 156, -458, -522, -307, -473, 
131, 527, 395, -329, -131, 461, -658, 156, -468, -522, -317, -483, 
131, 527, 395, -329, -131, 461, -658, 156, -468, -522, -317, -483, 
131, 527, 395, -329, -131, 461, -653, 146, -473, -522, -317, -483, 
131, 527, 395, -329, -131, 461, -653, 136, -473, -522, -317, -483, 
141, 527, 385, -334, -122, 456, -653, 146, -463, -522, -326, -478, 
141, 522, 380, -331, -119, 451, -658, 161, -463, -517, -326, -478, 
141, 522, 380, -331, -119, 451, -658, 170, -463, -517, -326, -478, 
141, 527, 385, -334, -122, 456, -658, 165, -463, -522, -331, -478, 
141, 527, 385, -334, -122, 456, -649, 165, -453, -522, -331, -483, 
151, 527, 375, -339, -112, 451, -649, 185, -448, -507, -326, -473, 
141, 517, 375, -329, -117, 446, -649, 185, -458, -507, -336, -478, 
122, 497, 375, -309, -126, 436, -649, 165, -463, -517, -336, -468, 
117, 497, 380, -307, -131, 439, -644, 136, -458, -527, -331, -468, 
131, 507, 375, -319, -122, 441, -653, 146, -458, -522, -331, -478, 
136, 507, 370, -322, -117, 439, -653, 156, -458, -517, -331, -478, 
141, 507, 366, -324, -112, 436, -653, 165, -458, -512, -331, -478, 
146, 507, 361, -326, -107, 434, -653, 175, -458, -507, -331, -478, 
136, 497, 361, -317, -112, 429, -649, 156, -458, -507, -341, -468, 
136, 497, 361, -317, -112, 429, -649, 170, -458, -507, -336, -468, 
136, 502, 366, -319, -114, 434, -649, 190, -458, -507, -336, -468, 
136, 502, 366, -319, -114, 434, -649, 180, -458, -507, -336, -468, 
136, 497, 361, -317, -112, 429, -649, 161, -448, -512, -336, -468, 
136, 492, 356, -314, -109, 424, -649, 161, -448, -512, -336, -468, 
136, 488, 351, -312, -107, 419, -644, 170, -448, -507, -336, -468, 
136, 483, 346, -309, -104, 414, -639, 180, -448, -507, -336, -468, 
146, 492, 346, -319, -100, 419, -629, 185, -448, -497, -336, -478, 
146, 492, 346, -319, -100, 419, -629, 175, -448, -497, -336, -478, 
146, 492, 346, -319, -100, 419, -629, 180, -448, -497, -336, -478, 
146, 497, 351, -322, -102, 424, -624, 200, -444, -492, -336, -478, 
146, 507, 361, -326, -107, 434, -610, 224, -424, -478, -346, -463, 
141, 517, 375, -329, -117, 446, -605, 214, -424, -478, -336, -458, 
136, 527, 390, -331, -126, 458, -605, 214, -419, -478, -331, -453, 
126, 531, 405, -329, -139, 468, -600, 214, -419, -473, -331, -448, 
131, 531, 400, -331, -134, 466, -605, 214, -429, -478, -326, -453, 
141, 527, 385, -334, -122, 456, -600, 234, -424, -473, -326, -453, 
146, 527, 380, -336, -117, 453, -595, 224, -414, -473, -326, -453, 
151, 522, 370, -336, -109, 446, -590, 214, -414, -473, -326, -453, 
161, 522, 361, -341, -100, 441, -590, 224, -414, -463, -331, -458, 
165, 531, 366, -348, -100, 448, -590, 234, -414, -458, -331, -458, 
165, 531, 366, -348, -100, 448, -580, 248, -414, -458, -331, -458, 
165, 531, 366, -348, -100, 448, -580, 248, -419, -458, -336, -453, 
161, 522, 361, -341, -100, 441, -595, 224, -409, -473, -336, -444, 
156, 522, 366, -339, -104, 444, -600, 224, -409, -473, -326, -439, 
165, 536, 370, -351, -102, 453, -600, 224, -400, -468, -322, -434, 
161, 541, 380, -351, -109, 461, -605, 234, -400, -458, -322, -429, 
175, 536, 361, -356, -92, 448, -610, 239, -409, -448, -322, -434, 
180, 536, 356, -358, -87, 446, -619, 229, -409, -448, -317, -434, 
190, 546, 356, -368, -82, 451, -624, 234, -409, -444, -317, -429, 
200, 556, 356, -378, -78, 456, -629, 248, -400, -439, -317, -429, 
200, 546, 346, -373, -73, 446, -629, 263, -395, -439, -326, -429, 
195, 541, 346, -368, -75, 444, -629, 253, -395, -439, -331, -434, 
190, 531, 341, -361, -75, 436, -624, 239, -390, -444, -331, -434, 
185, 531, 346, -358, -80, 439, -619, 229, -385, -444, -331, -434, 
200, 531, 331, -366, -65, 431, -614, 244, -385, -429, -341, -424, 
204, 531, 326, -368, -61, 429, -614, 253, -385, -429, -341, -429, 
204, 522, 317, -363, -56, 419, -619, 244, -390, -434, -341, -429, 
200, 522, 322, -361, -61, 422, -624, 229, -390, -434, -341, -429, 
209, 512, 302, -361, -46, 407, -634, 219, -400, -444, -341, -439, 
209, 512, 302, -361, -46, 407, -634, 229, -400, -444, -341, -439, 
209, 512, 302, -361, -46, 407, -639, 239, -400, -444, -341, -439, 
209, 507, 297, -358, -43, 402, -644, 224, -405, -444, -341, -439, 
200, 488, 287, -344, -43, 387, -649, 204, -400, -453, -356, -439, 
195, 488, 292, -341, -48, 390, -649, 204, -409, -453, -356, -439, 
195, 483, 287, -339, -46, 385, -649, 209, -409, -453, -361, -444, 
195, 478, 283, -336, -43, 380, -658, 209, -409, -458, -366, -444, 
185, 463, 278, -324, -46, 370, -649, 214, -424, -458, -366, -448, 
170, 453, 283, -312, -56, 368, -644, 204, -429, -468, -375, -458, 
161, 448, 287, -305, -63, 368, -639, 204, -429, -473, -375, -458, 
151, 444, 292, -297, -70, 368, -639, 214, -429, -473, -380, -463, 
156, 439, 283, -297, -63, 361, -629, 214, -429, -473, -390, -468, 
151, 429, 278, -290, -63, 353, -639, 209, -439, -478, -395, -473, 
141, 414, 273, -278, -65, 344, -639, 185, -444, -497, -405, -478, 
141, 414, 273, -278, -65, 344, -639, 180, -444, -502, -414, -483, 
141, 409, 268, -275, -63, 339, -644, 170, -448, -492, -419, -483, 
136, 400, 263, -268, -63, 331, -644, 180, -453, -492, -424, -488, 
136, 400, 263, -268, -63, 331, -644, 170, -453, -497, -429, -492, 
136, 395, 258, -265, -61, 326, -653, 156, -463, -502, -434, -492, 
146, 385, 239, -265, -46, 312, -653, 146, -458, -492, -434, -492, 
141, 385, 244, -263, -51, 314, -653, 170, -458, -492, -434, -492, 
141, 385, 244, -263, -51, 314, -653, 195, -458, -492, -434, -492, 
141, 380, 239, -261, -48, 309, -653, 185, -458, -492, -439, -492, 
146, 370, 224, -258, -39, 297, -653, 161, -458, -497, -448, -497, 
146, 370, 224, -258, -39, 297, -653, 161, -458, -502, -448, -497, 
141, 370, 229, -256, -43, 300, -658, 161, -458, -502, -448, -497, 
141, 370, 229, -256, -43, 300, -658, 170, -458, -497, -448, -497, 
146, 366, 219, -256, -36, 292, -653, 170, -468, -507, -448, -502, 
141, 366, 224, -253, -41, 295, -653, 161, -468, -507, -448, -502, 
141, 366, 224, -253, -41, 295, -653, 161, -473, -507, -448, -502, 
146, 370, 224, -258, -39, 297, -653, 170, -473, -502, -448, -502, 
136, 361, 224, -248, -43, 292, -649, 190, -453, -502, -448, -502, 
136, 361, 224, -248, -43, 292, -649, 190, -453, -502, -448, -502, 
131, 361, 229, -246, -48, 295, -649, 175, -453, -507, -448, -502, 
131, 361, 229, -246, -48, 295, -653, 165, -453, -507, -448, -502, 
126, 351, 224, -239, -48, 287, -653, 156, -453, -507, -458, -502, 
131, 356, 224, -244, -46, 290, -653, 165, -453, -502, -458, -507, 
131, 356, 224, -244, -46, 290, -653, 165, -453, -502, -453, -507, 
126, 346, 219, -236, -46, 283, -649, 151, -458, -502, -453, -507, 
126, 356, 229, -241, -51, 292, -639, 156, -448, -497, -463, -497, 
126, 356, 229, -241, -51, 292, -639, 170, -448, -492, -463, -497, 
126, 361, 234, -244, -53, 297, -639, 195, -444, -488, -463, -497, 
126, 361, 234, -244, -53, 297, -629, 200, -439, -483, -463, -497, 
131, 361, 229, -246, -48, 295, -595, 239, -409, -483, -453, -488, 
112, 346, 234, -229, -61, 290, -561, 248, -395, -483, -463, -497, 
122, 346, 224, -234, -51, 285, -541, 287, -366, -473, -473, -497, 
141, 341, 200, -241, -29, 270, -507, 356, -336, -444, -473, -502, 
146, 361, 214, -253, -34, 287, -468, 419, -283, -405, -463, -502, 
146, 370, 224, -258, -39, 297, -439, 453, -239, -375, -434, -492, 
156, 361, 204, -258, -24, 283, -434, 483, -200, -336, -414, -483, 
180, 390, 209, -285, -14, 300, -409, 551, -122, -258, -366, -453, 
219, 458, 239, -339, -9, 348, -385, 668, 24, -126, -268, -400, 
268, 556, 287, -412, -9, 422, -395, 771, 180, 34, -151, -312, 
317, 668, 351, -492, -17, 509, -488, 795, 322, 190, -34, -209, 
395, 814, 419, -605, -12, 617, -673, 746, 458, 366, 107, -92, 
502, 980, 478, -741, 12, 729, -917, 673, 590, 570, 273, 29, 
619, 1141, 522, -880, 48, 832, -1176, 575, 673, 775, 429, 151, 
746, 1278, 531, -1012, 107, 905, -1464, 400, 707, 951, 580, 278, 
854, 1415, 561, -1134, 146, 988, -1712, 219, 761, 1132, 727, 385, 
912, 1498, 585, -1205, 163, 1041, -1854, 156, 873, 1298, 849, 463, 
936, 1498, 561, -1217, 187, 1029, -1917, 204, 1015, 1454, 907, 492, 
941, 1454, 512, -1198, 214, 983, -1942, 292, 1127, 1551, 912, 473, 
893, 1366, 473, -1129, 209, 919, -1937, 287, 1098, 1488, 844, 419, 
810, 1234, 424, -1022, 192, 829, -1922, 165, 912, 1268, 702, 341, 
736, 1127, 390, -932, 173, 758, -1883, 29, 697, 1029, 556, 258, 
673, 1049, 375, -861, 148, 712, -1805, -19, 512, 795, 409, 161, 
585, 941, 356, -763, 114, 649, -1703, -53, 258, 478, 209, 43, 
483, 805, 322, -644, 80, 563, -1590, -112, -63, 112, -14, -92, 
375, 678, 302, -527, 36, 490, -1459, -195, -346, -204, -200, -224, 
278, 556, 278, -417, 0, 417, -1317, -263, -566, -444, -356, -336, 
219, 478, 258, -348, -19, 368, -1215, -248, -668, -536, -434, -395, 
200, 453, 253, -326, -26, 353, -1127, -141, -605, -507, -439, -409, 
195, 429, 234, -312, -19, 331, -1034, -48, -527, -468, -439, -419, 
185, 405, 219, -295, -17, 312, -951, 0, -492, -458, -448, -424, 
175, 405, 229, -290, -26, 317, -897, 29, -448, -434, -439, -424, 
185, 419, 234, -302, -24, 326, -834, 97, -405, -414, -424, -429, 
195, 409, 214, -302, -9, 312, -790, 165, -375, -395, -424, -439, 
185, 395, 209, -290, -12, 302, -756, 224, -366, -385, -434, -448, 
165, 380, 214, -273, -24, 297, -741, 234, -361, -390, -448, -463, 
170, 375, 204, -273, -17, 290, -712, 239, -361, -395, -453, -473, 
185, 385, 200, -285, -7, 292, -688, 258, -351, -390, -453, -468, 
185, 395, 209, -290, -12, 302, -663, 283, -356, -390, -448, -453, 
156, 385, 229, -270, -36, 307, -644, 268, -361, -405, -453, -458, 
136, 361, 224, -248, -43, 292, -649, 234, -375, -429, -473, -463, 
146, 375, 229, -261, -41, 302, -649, 200, -385, -444, -488, -473, 
156, 375, 219, -265, -31, 297, -644, 219, -380, -439, -488, -488, 
161, 375, 214, -268, -26, 295, -634, 234, -380, -439, -488, -488, 
161, 370, 209, -265, -24, 290, -634, 234, -380, -444, -492, -497, 
156, 366, 209, -261, -26, 287, -629, 234, -380, -444, -497, -497, 
141, 361, 219, -251, -39, 290, -619, 239, -380, -444, -502, -497, 
141, 356, 214, -248, -36, 285, -619, 253, -380, -444, -502, -502, 
136, 346, 209, -241, -36, 278, -619, 253, -380, -444, -502, -502, 
136, 341, 204, -239, -34, 273, -614, 244, -380, -453, -507, -502, 
146, 351, 204, -248, -29, 278, -619, 219, -395, -453, -517, -502, 
146, 351, 204, -248, -29, 278, -614, 204, -395, -453, -517, -502, 
146, 356, 209, -251, -31, 283, -614, 219, -390, -448, -517, -497, 
151, 356, 204, -253, -26, 280, -614, 239, -390, -444, -517, -497, 
161, 361, 200, -261, -19, 280, -610, 248, -390, -444, -517, -497, 
156, 356, 200, -256, -21, 278, -610, 248, -385, -444, -517, -497, 
156, 356, 200, -256, -21, 278, -610, 258, -380, -444, -517, -497, 
161, 356, 195, -258, -17, 275, -610, 273, -375, -444, -522, -497, 
151, 356, 204, -253, -26, 280, -605, 307, -370, -429, -522, -497, 
151, 356, 204, -253, -26, 280, -600, 297, -370, -429, -517, -497, 
146, 351, 204, -248, -29, 278, -595, 283, -370, -444, -517, -497, 
146, 351, 204, -248, -29, 278, -590, 273, -370, -444, -517, -497, 
161, 346, 185, -253, -12, 265, -595, 283, -380, -448, -522, -497, 
161, 346, 185, -253, -12, 265, -595, 297, -380, -444, -527, -497, 
161, 346, 185, -253, -12, 265, -600, 297, -375, -444, -527, -497, 
161, 346, 185, -253, -12, 265, -605, 297, -375, -444, -531, -497, 
161, 346, 185, -253, -12, 265, -600, 292, -375, -444, -536, -497, 
161, 346, 185, -253, -12, 265, -600, 307, -375, -444, -536, -497, 
161, 346, 185, -253, -12, 265, -600, 317, -375, -448, -531, -502, 
156, 346, 190, -251, -17, 268, -600, 302, -375, -453, -531, -502, 
156, 356, 200, -256, -21, 278, -610, 287, -366, -444, -536, -492, 
156, 356, 200, -256, -21, 278, -610, 273, -366, -444, -541, -492, 
161, 361, 200, -261, -19, 280, -610, 273, -366, -439, -546, -488, 
161, 361, 200, -261, -19, 280, -610, 283, -366, -439, -551, -488, 
161, 356, 195, -258, -17, 275, -600, 287, -366, -448, -561, -488, 
161, 351, 190, -256, -14, 270, -600, 283, -366, -448, -561, -483, 
161, 346, 185, -253, -12, 265, -600, 287, -366, -448, -561, -483, 
165, 341, 175, -253, -4, 258, -600, 297, -361, -448, -561, -483, 
161, 336, 175, -248, -7, 256, -600, 307, -361, -439, -561, -483, 
161, 336, 175, -248, -7, 256, -600, 297, -361, -439, -561, -483, 
156, 336, 180, -246, -12, 258, -600, 278, -356, -439, -561, -483, 
156, 336, 180, -246, -12, 258, -600, 273, -356, -434, -556, -483, 
161, 351, 190, -256, -14, 270, -600, 278, -351, -419, -566, -478, 
165, 351, 185, -258, -9, 268, -600, 292, -346, -419, -566, -473, 
165, 351, 185, -258, -9, 268, -600, 297, -346, -419, -566, -473, 
161, 351, 190, -256, -14, 270, -600, 302, -346, -419, -570, -483, 
170, 351, 180, -261, -4, 265, -600, 297, -346, -419, -580, -492, 
170, 356, 185, -263, -7, 270, -600, 307, -341, -414, -580, -488, 
170, 356, 185, -263, -7, 270, -595, 317, -341, -414, -570, -483, 
170, 356, 185, -263, -7, 270, -595, 317, -341, -414, -570, -483, 
161, 351, 190, -256, -14, 270, -600, 302, -341, -424, -580, -483, 
161, 351, 190, -256, -14, 270, -600, 302, -341, -424, -585, -483, 
165, 356, 190, -261, -12, 273, -600, 302, -336, -419, -585, -483, 
165, 356, 190, -261, -12, 273, -600, 326, -336, -419, -590, -483, 
175, 361, 185, -268, -4, 273, -610, 326, -331, -409, -590, -483, 
175, 361, 185, -268, -4, 273, -610, 326, -331, -409, -590, -483, 
180, 366, 185, -273, -2, 275, -610, 331, -326, -409, -590, -483, 
180, 366, 185, -273, -2, 275, -610, 346, -322, -405, -590, -483, 
200, 375, 175, -287, 12, 275, -600, 361, -322, -395, -605, -473, 
190, 366, 175, -278, 7, 270, -600, 361, -322, -395, -605, -473, 
190, 366, 175, -278, 7, 270, -600, 346, -322, -395, -600, -473, 
195, 366, 170, -280, 12, 268, -600, 336, -317, -395, -595, -473, 
195, 361, 165, -278, 14, 263, -600, 351, -302, -390, -605, -483, 
190, 361, 170, -275, 9, 265, -600, 366, -302, -385, -605, -478, 
185, 361, 175, -273, 4, 268, -600, 366, -302, -385, -605, -478, 
180, 361, 180, -270, 0, 270, -605, 361, -297, -380, -605, -478, 
190, 366, 175, -278, 7, 270, -605, 361, -297, -380, -614, -468, 
195, 366, 170, -280, 12, 268, -605, 375, -292, -370, -610, -468, 
200, 370, 170, -285, 14, 270, -605, 385, -292, -370, -610, -468, 
200, 370, 170, -285, 14, 270, -605, 385, -292, -370, -610, -468, 
195, 380, 185, -287, 4, 283, -600, 375, -292, -370, -614, -478, 
195, 380, 185, -287, 4, 283, -600, 375, -287, -366, -610, -478, 
200, 380, 180, -290, 9, 280, -600, 375, -283, -356, -614, -473, 
204, 390, 185, -297, 9, 287, -600, 385, -283, -356, -619, -473, 
204, 380, 175, -292, 14, 278, -605, 385, -283, -356, -619, -473, 
204, 380, 175, -292, 14, 278, -605, 380, -278, -356, -614, -468, 
204, 380, 175, -292, 14, 278, -605, 380, -273, -356, -614, -468, 
204, 385, 180, -295, 12, 283, -605, 385, -273, -346, -614, -463, 
204, 375, 170, -290, 17, 273, -605, 395, -263, -331, -619, -463, 
204, 375, 170, -290, 17, 273, -605, 395, -258, -326, -614, -463, 
204, 380, 175, -292, 14, 278, -605, 375, -253, -326, -614, -463, 
209, 390, 180, -300, 14, 285, -610, 375, -253, -322, -614, -458, 
219, 390, 170, -305, 24, 280, -610, 390, -253, -317, -619, -458, 
219, 390, 170, -305, 24, 280, -605, 405, -253, -312, -614, -453, 
219, 390, 170, -305, 24, 280, -605, 405, -244, -312, -614, -453, 
219, 390, 170, -305, 24, 280, -605, 400, -244, -312, -610, -453, 
224, 395, 170, -309, 26, 283, -614, 390, -244, -312, -619, -453, 
229, 400, 170, -314, 29, 285, -614, 405, -234, -302, -610, -448, 
239, 400, 161, -319, 39, 280, -614, 414, -229, -287, -605, -448, 
239, 400, 161, -319, 39, 280, -619, 414, -224, -283, -605, -444, 
239, 400, 161, -319, 39, 280, -619, 385, -219, -283, -614, -444, 
239, 405, 165, -322, 36, 285, -619, 385, -219, -283, -610, -434, 
239, 409, 170, -324, 34, 290, -619, 395, -214, -273, -610, -429, 
248, 409, 161, -329, 43, 285, -619, 405, -209, -268, -610, -429, 
258, 424, 165, -341, 46, 295, -629, 409, -195, -263, -610, -429, 
258, 429, 170, -344, 43, 300, -634, 400, -190, -258, -610, -429, 
263, 434, 170, -348, 46, 302, -634, 405, -190, -253, -605, -429, 
263, 434, 170, -348, 46, 302, -634, 419, -185, -248, -600, -424, 
273, 444, 170, -358, 51, 307, -639, 439, -180, -239, -590, -424, 
278, 444, 165, -361, 56, 305, -639, 439, -175, -234, -585, -414, 
283, 444, 161, -363, 61, 302, -639, 424, -170, -224, -580, -414, 
283, 448, 165, -366, 58, 307, -639, 414, -165, -219, -575, -414, 
287, 453, 165, -370, 61, 309, -649, 414, -146, -200, -575, -405, 
292, 458, 165, -375, 63, 312, -653, 424, -146, -195, -575, -400, 
297, 463, 165, -380, 65, 314, -653, 424, -141, -185, -575, -400, 
297, 463, 165, -380, 65, 314, -653, 414, -136, -185, -575, -395, 
292, 468, 175, -380, 58, 322, -663, 414, -141, -170, -570, -390, 
297, 473, 175, -385, 61, 324, -668, 424, -141, -156, -566, -385, 
302, 478, 175, -390, 63, 326, -668, 444, -136, -146, -561, -385, 
302, 483, 180, -392, 61, 331, -673, 444, -131, -141, -551, -380, 
317, 488, 170, -402, 73, 329, -663, 419, -122, -146, -556, -375, 
322, 492, 170, -407, 75, 331, -668, 419, -117, -141, -556, -370, 
331, 497, 165, -414, 82, 331, -673, 424, -112, -136, -551, -370, 
331, 497, 165, -414, 82, 331, -678, 434, -112, -126, -546, -366, 
341, 502, 161, -422, 90, 331, -688, 434, -107, -122, -556, -366, 
341, 502, 161, -422, 90, 331, -683, 424, -102, -117, -551, -366, 
341, 502, 161, -422, 90, 331, -683, 414, -97, -112, -546, -361, 
351, 512, 161, -431, 95, 336, -683, 424, -92, -107, -541, -361, 
346, 507, 161, -427, 92, 334, -692, 453, -87, -102, -541, -351, 
346, 512, 165, -429, 90, 339, -692, 453, -87, -92, -541, -346, 
346, 512, 165, -429, 90, 339, -697, 439, -82, -87, -541, -341, 
351, 517, 165, -434, 92, 341, -697, 424, -78, -87, -541, -336, 
351, 522, 170, -436, 90, 346, -697, 439, -68, -78, -541, -336, 
356, 527, 170, -441, 92, 348, -697, 444, -63, -73, -536, -331, 
356, 531, 175, -444, 90, 353, -702, 444, -63, -68, -531, -331, 
356, 531, 175, -444, 90, 353, -702, 434, -63, -68, -531, -331, 
366, 531, 165, -448, 100, 348, -702, 424, -68, -63, -531, -331, 
366, 541, 175, -453, 95, 358, -702, 434, -68, -63, -531, -331, 
366, 541, 175, -453, 95, 358, -702, 448, -63, -53, -531, -331, 
366, 541, 175, -453, 95, 358, -697, 448, -63, -53, -536, -331, 
361, 531, 170, -446, 95, 351, -692, 434, -63, -73, -551, -341, 
356, 527, 170, -441, 92, 348, -683, 434, -63, -73, -551, -341, 
351, 517, 165, -434, 92, 341, -673, 439, -63, -73, -556, -341, 
336, 512, 175, -424, 80, 344, -668, 444, -68, -82, -561, -341, 
326, 512, 185, -419, 70, 348, -668, 453, -73, -97, -575, -356, 
326, 512, 185, -419, 70, 348, -653, 439, -78, -107, -580, -361, 
317, 502, 185, -409, 65, 344, -653, 429, -92, -117, -595, -370, 
312, 497, 185, -405, 63, 341, -653, 444, -107, -126, -610, -375, 
317, 497, 180, -407, 68, 339, -649, 458, -107, -141, -619, -385, 
307, 488, 180, -397, 63, 334, -639, 453, -112, -156, -629, -390, 
287, 478, 190, -383, 48, 334, -629, 444, -126, -170, -639, -395, 
287, 473, 185, -380, 51, 329, -619, 439, -136, -190, -649, -409, 
292, 468, 175, -380, 58, 322, -605, 439, -156, -209, -668, -424, 
283, 463, 180, -373, 51, 322, -605, 448, -161, -224, -688, -429, 
278, 453, 175, -366, 51, 314, -605, 439, -170, -244, -702, -439, 
263, 448, 185, -356, 39, 317, -605, 419, -180, -253, -712, -448, 
248, 444, 195, -346, 26, 319, -600, 414, -190, -268, -712, -448, 
244, 439, 195, -341, 24, 317, -595, 414, -200, -268, -722, -448, 
229, 434, 204, -331, 12, 319, -595, 434, -209, -273, -732, -453, 
219, 424, 204, -322, 7, 314, -595, 424, -219, -287, -736, -453, 
214, 424, 209, -319, 2, 317, -605, 405, -214, -302, -746, -458, 
214, 409, 195, -312, 9, 302, -605, 400, -224, -317, -756, -468, 
214, 409, 195, -312, 9, 302, -605, 400, -234, -326, -766, -473, 
219, 405, 185, -312, 17, 295, -600, 400, -244, -331, -771, -483, 
209, 400, 190, -305, 9, 295, -585, 409, -253, -336, -780, -483, 
200, 395, 195, -297, 2, 295, -585, 390, -253, -346, -785, -483, 
200, 385, 185, -292, 7, 285, -590, 375, -258, -351, -800, -488, 
200, 385, 185, -292, 7, 285, -590, 385, -263, -351, -805, -488, 
209, 385, 175, -297, 17, 280, -590, 409, -263, -341, -795, -483, 
204, 385, 180, -295, 12, 283, -590, 400, -273, -346, -800, -488, 
200, 380, 180, -290, 9, 280, -590, 385, -278, -356, -805, -492, 
195, 375, 180, -285, 7, 278, -590, 375, -287, -366, -814, -492, 
204, 385, 180, -295, 12, 283, -590, 385, -278, -370, -824, -492, 
204, 385, 180, -295, 12, 283, -590, 385, -283, -370, -829, -492, 
204, 385, 180, -295, 12, 283, -590, 385, -283, -375, -829, -492, 
204, 380, 175, -292, 14, 278, -590, 361, -287, -375, -829, -502, 
190, 380, 190, -285, 0, 285, -590, 361, -292, -375, -829, -502, 
190, 380, 190, -285, 0, 285, -590, 361, -292, -375, -829, -502, 
195, 380, 185, -287, 4, 283, -590, 370, -292, -375, -829, -502, 
195, 380, 185, -287, 4, 283, -590, 370, -292, -380, -834, -502, 
185, 366, 180, -275, 2, 273, -590, 351, -297, -385, -849, -502, 
185, 366, 180, -275, 2, 273, -590, 346, -302, -390, -849, -502, 
190, 366, 175, -278, 7, 270, -590, 346, -302, -390, -849, -502, 
190, 366, 175, -278, 7, 270, -590, 361, -302, -390, -849, -502, 
190, 375, 185, -283, 2, 280, -580, 361, -302, -390, -858, -507, 
190, 370, 180, -280, 4, 275, -580, 356, -302, -390, -858, -507, 
185, 370, 185, -278, 0, 278, -580, 336, -302, -390, -858, -507, 
185, 370, 185, -278, 0, 278, -580, 346, -297, -390, -858, -507, 
200, 385, 185, -292, 7, 285, -590, 370, -297, -390, -858, -512, 
200, 385, 185, -292, 7, 285, -590, 375, -297, -390, -858, -512, 
200, 385, 185, -292, 7, 285, -590, 370, -297, -390, -858, -517, 
200, 385, 185, -292, 7, 285, -590, 375, -297, -390, -858, -517, 
200, 375, 175, -287, 12, 275, -580, 380, -297, -380, -858, -517, 
200, 375, 175, -287, 12, 275, -580, 390, -297, -380, -858, -517, 
200, 375, 175, -287, 12, 275, -580, 375, -302, -390, -858, -517, 
200, 375, 175, -287, 12, 275, -580, 361, -302, -390, -858, -517, 
200, 385, 185, -292, 7, 285, -580, 351, -297, -400, -868, -512, 
200, 385, 185, -292, 7, 285, -580, 370, -297, -395, -863, -512, 
200, 385, 185, -292, 7, 285, -580, 385, -297, -395, -863, -512, 
200, 385, 185, -292, 7, 285, -580, 390, -297, -395, -863, -517, 
200, 385, 185, -292, 7, 285, -580, 370, -297, -395, -863, -517, 
200, 385, 185, -292, 7, 285, -580, 370, -297, -395, -863, -517, 
200, 385, 185, -292, 7, 285, -580, 375, -297, -395, -863, -512, 
200, 385, 185, -292, 7, 285, -580, 390, -297, -395, -863, -512, 
200, 385, 185, -292, 7, 285, -590, 390, -297, -385, -873, -512, 
200, 385, 185, -292, 7, 285, -590, 366, -297, -385, -873, -512, 
200, 390, 190, -295, 4, 290, -585, 366, -297, -385, -873, -512, 
200, 390, 190, -295, 4, 290, -580, 375, -297, -385, -873, -512, 
204, 400, 195, -302, 4, 297, -580, 380, -292, -395, -873, -512, 
204, 400, 195, -302, 4, 297, -580, 380, -292, -395, -873, -512, 
195, 400, 204, -297, -4, 302, -580, 366, -292, -390, -873, -512, 
195, 400, 204, -297, -4, 302, -585, 366, -292, -385, -873, -512, 
200, 400, 200, -300, 0, 300, -585, 375, -292, -385, -873, -522, 
200, 405, 204, -302, -2, 305, -585, 380, -292, -390, -873, -522, 
200, 405, 204, -302, -2, 305, -585, 380, -292, -390, -873, -522, 
200, 405, 204, -302, -2, 305, -580, 356, -292, -395, -873, -522, 
209, 405, 195, -307, 7, 300, -580, 356, -292, -385, -873, -517, 
214, 405, 190, -309, 12, 297, -580, 375, -292, -380, -873, -512, 
214, 409, 195, -312, 9, 302, -580, 385, -292, -375, -873, -507, 
214, 409, 195, -312, 9, 302, -575, 375, -292, -375, -873, -502, 
214, 409, 195, -312, 9, 302, -575, 366, -292, -380, -873, -502, 
214, 409, 195, -312, 9, 302, -575, 366, -292, -380, -873, -502, 
214, 409, 195, -312, 9, 302, -575, 375, -292, -380, -873, -502, 
214, 409, 195, -312, 9, 302, -575, 375, -292, -380, -873, -502, 
214, 409, 195, -312, 9, 302, -575, 375, -292, -385, -883, -512, 
209, 409, 200, -309, 4, 305, -580, 375, -292, -385, -883, -512, 
209, 409, 200, -309, 4, 305, -580, 370, -297, -385, -883, -512, 
209, 414, 204, -312, 2, 309, -580, 366, -302, -385, -883, -512, 
219, 405, 185, -312, 17, 295, -590, 395, -302, -385, -883, -512, 
219, 405, 185, -312, 17, 295, -590, 385, -302, -385, -883, -512, 
219, 405, 185, -312, 17, 295, -590, 375, -307, -385, -883, -512, 
219, 400, 180, -309, 19, 290, -590, 375, -307, -385, -883, -512, 
209, 400, 190, -305, 9, 295, -580, 375, -297, -385, -873, -522, 
209, 400, 190, -305, 9, 295, -580, 375, -297, -390, -878, -522, 
204, 400, 195, -302, 4, 297, -580, 375, -302, -400, -883, -522, 
204, 400, 195, -302, 4, 297, -580, 361, -302, -400, -883, -522, 
209, 405, 195, -307, 7, 300, -580, 361, -302, -400, -883, -522, 
209, 405, 195, -307, 7, 300, -580, 366, -302, -400, -883, -522, 
209, 400, 190, -305, 9, 295, -575, 375, -302, -400, -883, -522, 
209, 400, 190, -305, 9, 295, -575, 375, -307, -405, -883, -527, 
209, 395, 185, -302, 12, 290, -575, 366, -322, -400, -893, -527, 
209, 395, 185, -302, 12, 290, -580, 361, -322, -400, -893, -527, 
209, 395, 185, -302, 12, 290, -580, 356, -322, -400, -897, -527, 
209, 395, 185, -302, 12, 290, -580, 351, -322, -395, -897, -527, 
209, 395, 185, -302, 12, 290, -590, 361, -312, -405, -897, -527, 
209, 395, 185, -302, 12, 290, -590, 351, -322, -409, -897, -527, 
209, 400, 190, -305, 9, 295, -590, 346, -322, -409, -897, -527, 
209, 405, 195, -307, 7, 300, -590, 346, -317, -409, -897, -527, 
209, 400, 190, -305, 9, 295, -595, 351, -326, -409, -907, -527, 
209, 395, 185, -302, 12, 290, -595, 351, -331, -409, -907, -531, 
209, 390, 180, -300, 14, 285, -595, 351, -336, -409, -907, -531, 
209, 385, 175, -297, 17, 280, -595, 351, -341, -414, -907, -531, 
200, 385, 185, -292, 7, 285, -585, 341, -341, -414, -897, -531, 
195, 385, 190, -290, 2, 287, -585, 346, -341, -414, -897, -531, 
195, 385, 190, -290, 2, 287, -590, 346, -341, -419, -907, -531, 
195, 385, 190, -290, 2, 287, -590, 336, -351, -419, -912, -531, 
195, 385, 190, -290, 2, 287, -595, 336, -351, -429, -912, -531, 
200, 390, 190, -295, 4, 290, -595, 336, -346, -424, -907, -531, 
200, 390, 190, -295, 4, 290, -595, 356, -346, -424, -907, -531, 
200, 390, 190, -295, 4, 290, -595, 346, -346, -424, -912, -531, 
190, 380, 190, -285, 0, 285, -595, 326, -351, -414, -912, -522, 
200, 366, 165, -283, 17, 265, -595, 317, -361, -424, -912, -527, 
200, 380, 180, -290, 9, 280, -595, 326, -361, -429, -912, -527, 
200, 380, 180, -290, 9, 280, -595, 341, -361, -429, -907, -527, 
190, 370, 180, -280, 4, 275, -595, 331, -361, -439, -917, -536, 
190, 370, 180, -280, 4, 275, -605, 322, -366, -439, -922, -536, 
195, 370, 175, -283, 9, 273, -605, 317, -366, -439, -922, -536, 
195, 375, 180, -285, 7, 278, -600, 317, -366, -434, -922, -536, 
195, 375, 180, -285, 7, 278, -600, 336, -366, -424, -922, -536, 
190, 375, 185, -283, 2, 280, -600, 336, -366, -424, -922, -536, 
190, 366, 175, -278, 7, 270, -600, 326, -370, -429, -922, -546, 
195, 375, 180, -285, 7, 278, -600, 322, -375, -429, -922, -546, 
195, 375, 180, -285, 7, 278, -605, 322, -375, -429, -922, -536, 
195, 375, 180, -285, 7, 278, -605, 326, -375, -434, -922, -541, 
195, 375, 180, -285, 7, 278, -614, 326, -375, -439, -922, -541, 
190, 370, 180, -280, 4, 275, -614, 307, -375, -444, -922, -546, 
200, 370, 170, -285, 14, 270, -624, 307, -375, -448, -922, -556, 
204, 370, 165, -287, 19, 268, -624, 322, -375, -448, -922, -551, 
204, 375, 170, -290, 17, 273, -619, 326, -375, -444, -922, -551, 
204, 375, 170, -290, 17, 273, -619, 326, -380, -444, -922, -551, 
190, 366, 175, -278, 7, 270, -614, 317, -385, -458, -936, -551, 
190, 361, 170, -275, 9, 265, -624, 307, -385, -458, -936, -551, 
190, 361, 170, -275, 9, 265, -624, 302, -385, -458, -932, -551, 
190, 361, 170, -275, 9, 265, -619, 302, -380, -458, -932, -551, 
190, 361, 170, -275, 9, 265, -610, 307, -380, -448, -932, -551, 
190, 361, 170, -275, 9, 265, -614, 302, -385, -448, -927, -551, 
190, 361, 170, -275, 9, 265, -614, 307, -385, -453, -922, -546, 
195, 361, 165, -278, 14, 263, -605, 312, -385, -453, -917, -541, 
204, 366, 161, -285, 21, 263, -605, 336, -385, -444, -927, -551, 
200, 370, 170, -285, 14, 270, -605, 326, -385, -444, -932, -556, 
190, 366, 175, -278, 7, 270, -605, 317, -385, -448, -932, -556, 
190, 370, 180, -280, 4, 275, -605, 317, -385, -448, -932, -551, 
200, 361, 161, -280, 19, 261, -619, 307, -385, -453, -932, -541, 
200, 366, 165, -283, 17, 265, -619, 312, -385, -453, -932, -546, 
200, 366, 165, -283, 17, 265, -619, 312, -385, -453, -932, -551, 
195, 366, 170, -280, 12, 268, -614, 302, -385, -458, -932, -551, 
195, 356, 161, -275, 17, 258, -614, 302, -385, -453, -922, -551, 
200, 356, 156, -278, 21, 256, -619, 312, -385, -453, -922, -551, 
200, 361, 161, -280, 19, 261, -619, 322, -390, -453, -922, -551, 
200, 361, 161, -280, 19, 261, -614, 312, -390, -453, -917, -551, 
190, 351, 161, -270, 14, 256, -614, 317, -390, -453, -927, -551, 
190, 351, 161, -270, 14, 256, -614, 307, -390, -453, -932, -551, 
190, 351, 161, -270, 14, 256, -619, 307, -390, -453, -932, -551, 
190, 351, 161, -270, 14, 256, -619, 312, -390, -448, -932, -551, 
190, 351, 161, -270, 14, 256, -614, 312, -390, -448, -922, -556, 
195, 356, 161, -275, 17, 258, -614, 302, -390, -448, -922, -551, 
195, 356, 161, -275, 17, 258, -614, 302, -390, -453, -922, -551, 
190, 351, 161, -270, 14, 256, -614, 302, -390, -453, -922, -551, 
190, 351, 161, -270, 14, 256, -619, 322, -390, -453, -922, -551, 
190, 351, 161, -270, 14, 256, -619, 322, -390, -453, -922, -551, 
190, 351, 161, -270, 14, 256, -614, 312, -395, -453, -922, -551, 
190, 351, 161, -270, 14, 256, -614, 302, -395, -453, -922, -551, 
200, 351, 151, -275, 24, 251, -614, 292, -395, -463, -932, -546, 
200, 346, 146, -273, 26, 246, -619, 297, -395, -458, -932, -546, 
200, 346, 146, -273, 26, 246, -619, 297, -395, -458, -932, -546, 
200, 351, 151, -275, 24, 251, -619, 283, -395, -463, -936, -546, 
200, 351, 151, -275, 24, 251, -619, 292, -395, -453, -927, -551, 
200, 351, 151, -275, 24, 251, -619, 302, -390, -448, -922, -551, 
200, 351, 151, -275, 24, 251, -619, 312, -390, -448, -922, -546, 
200, 351, 151, -275, 24, 251, -619, 312, -395, -448, -922, -546, 
180, 346, 165, -263, 7, 256, -610, 302, -395, -458, -922, -546, 
180, 346, 165, -263, 7, 256, -610, 292, -395, -463, -917, -546, 
190, 346, 156, -268, 17, 251, -610, 292, -395, -463, -917, -546, 
190, 346, 156, -268, 17, 251, -610, 302, -395, -458, -917, -546, 
190, 351, 161, -270, 14, 256, -614, 292, -395, -448, -922, -546, 
190, 351, 161, -270, 14, 256, -614, 283, -395, -448, -922, -546, 
190, 346, 156, -268, 17, 251, -610, 283, -395, -453, -922, -546, 
190, 341, 151, -265, 19, 246, -610, 287, -395, -453, -927, -551, 
209, 351, 141, -280, 34, 246, -619, 307, -395, -444, -927, -551, 
204, 351, 146, -278, 29, 248, -624, 322, -390, -439, -927, -546, 
200, 341, 141, -270, 29, 241, -614, 307, -400, -444, -917, -546, 
195, 341, 146, -268, 24, 244, -614, 302, -400, -448, -917, -546, 
190, 341, 151, -265, 19, 246, -614, 297, -400, -453, -917, -546, 
185, 341, 156, -263, 14, 248, -614, 292, -400, -458, -917, -546, 
185, 331, 146, -258, 19, 239, -619, 273, -390, -458, -927, -546, 
185, 331, 146, -258, 19, 239, -619, 287, -390, -458, -922, -546, 
185, 336, 151, -261, 17, 244, -619, 307, -390, -458, -922, -546, 
185, 336, 151, -261, 17, 244, -619, 297, -390, -458, -922, -546, 
195, 336, 141, -265, 26, 239, -619, 292, -390, -453, -912, -536, 
195, 336, 141, -265, 26, 239, -619, 297, -390, -453, -912, -536, 
195, 336, 141, -265, 26, 239, -614, 312, -390, -448, -912, -536, 
195, 336, 141, -265, 26, 239, -610, 326, -390, -448, -912, -536, 
195, 346, 151, -270, 21, 248, -610, 317, -390, -448, -902, -546, 
195, 346, 151, -270, 21, 248, -610, 302, -390, -448, -902, -546, 
195, 346, 151, -270, 21, 248, -610, 302, -390, -448, -902, -546, 
195, 351, 156, -273, 19, 253, -605, 317, -385, -444, -902, -546, 
200, 351, 151, -275, 24, 251, -600, 341, -375, -429, -902, -531, 
200, 361, 161, -280, 19, 261, -595, 331, -375, -429, -893, -527, 
200, 370, 170, -285, 14, 270, -595, 331, -370, -429, -888, -522, 
195, 375, 180, -285, 7, 278, -590, 331, -370, -424, -888, -517, 
185, 380, 195, -283, -4, 287, -575, 336, -370, -429, -883, -512, 
190, 380, 190, -285, 0, 285, -570, 351, -366, -424, -883, -512, 
190, 385, 195, -287, -2, 290, -566, 336, -356, -424, -883, -512, 
190, 385, 195, -287, -2, 290, -561, 322, -356, -424, -883, -512, 
195, 375, 180, -285, 7, 278, -561, 331, -346, -414, -868, -517, 
204, 385, 180, -295, 12, 283, -561, 341, -346, -409, -868, -517, 
209, 385, 175, -297, 17, 280, -551, 356, -346, -409, -868, -517, 
214, 385, 170, -300, 21, 278, -551, 356, -351, -409, -873, -512, 
214, 395, 180, -305, 17, 287, -556, 346, -351, -405, -873, -512, 
214, 395, 180, -305, 17, 287, -561, 351, -351, -405, -863, -507, 
229, 409, 180, -319, 24, 295, -561, 356, -341, -400, -858, -502, 
229, 414, 185, -322, 21, 300, -566, 370, -341, -390, -858, -497, 
229, 419, 190, -324, 19, 305, -570, 366, -341, -400, -858, -492, 
229, 419, 190, -324, 19, 305, -580, 346, -341, -400, -854, -492, 
234, 429, 195, -331, 19, 312, -585, 341, -341, -395, -854, -488, 
239, 439, 200, -339, 19, 319, -590, 346, -331, -390, -854, -488, 
253, 434, 180, -344, 36, 307, -595, 370, -331, -390, -844, -478, 
253, 424, 170, -339, 41, 297, -600, 361, -336, -390, -849, -483, 
253, 409, 156, -331, 48, 283, -600, 346, -336, -395, -849, -483, 
253, 405, 151, -329, 51, 278, -600, 336, -336, -395, -849, -483, 
248, 395, 146, -322, 51, 270, -595, 341, -336, -380, -839, -483, 
253, 395, 141, -324, 56, 268, -595, 351, -336, -380, -839, -488, 
253, 385, 131, -319, 61, 258, -600, 341, -341, -385, -839, -488, 
248, 385, 136, -317, 56, 261, -605, 326, -341, -385, -839, -488, 
258, 385, 126, -322, 65, 256, -605, 326, -351, -390, -849, -497, 
258, 385, 126, -322, 65, 256, -605, 336, -351, -395, -849, -497, 
258, 385, 126, -322, 65, 256, -610, 346, -351, -400, -849, -497, 
258, 380, 122, -319, 68, 251, -614, 331, -356, -405, -849, -497, 
258, 380, 122, -319, 68, 251, -610, 317, -356, -409, -844, -488, 
253, 380, 126, -317, 63, 253, -610, 322, -361, -405, -844, -488, 
253, 375, 122, -314, 65, 248, -610, 331, -356, -400, -849, -492, 
253, 370, 117, -312, 68, 244, -619, 336, -351, -400, -854, -492, 
253, 356, 102, -305, 75, 229, -619, 331, -366, -400, -844, -497, 
239, 346, 107, -292, 65, 226, -614, 322, -370, -409, -854, -507, 
229, 341, 112, -285, 58, 226, -610, 322, -370, -414, -854, -507, 
219, 336, 117, -278, 51, 226, -610, 331, -370, -414, -858, -512, 
214, 331, 117, -273, 48, 224, -610, 322, -370, -414, -873, -517, 
209, 322, 112, -265, 48, 217, -619, 317, -380, -419, -873, -522, 
200, 307, 107, -253, 46, 207, -619, 292, -385, -439, -878, -527, 
200, 307, 107, -253, 46, 207, -619, 287, -385, -444, -883, -531, 
190, 292, 102, -241, 43, 197, -614, 287, -390, -444, -883, -522, 
185, 283, 97, -234, 43, 190, -614, 297, -395, -444, -883, -527, 
185, 283, 97, -234, 43, 190, -614, 287, -395, -448, -883, -531, 
185, 278, 92, -231, 46, 185, -624, 273, -405, -453, -883, -531, 
190, 268, 78, -229, 56, 173, -634, 258, -409, -463, -883, -531, 
190, 268, 78, -229, 56, 173, -634, 278, -409, -463, -883, -531, 
195, 268, 73, -231, 61, 170, -634, 297, -409, -463, -883, -531, 
200, 263, 63, -231, 68, 163, -634, 283, -409, -463, -888, -531, 
195, 263, 68, -229, 63, 165, -634, 278, -409, -463, -888, -536, 
195, 263, 68, -229, 63, 165, -634, 278, -409, -463, -888, -536, 
190, 263, 73, -226, 58, 168, -639, 278, -409, -458, -888, -536, 
190, 263, 73, -226, 58, 168, -639, 287, -409, -448, -888, -536, 
185, 258, 73, -222, 56, 165, -624, 287, -409, -458, -888, -541, 
180, 258, 78, -219, 51, 168, -624, 278, -409, -458, -888, -541, 
180, 258, 78, -219, 51, 168, -624, 278, -414, -458, -888, -541, 
185, 263, 78, -224, 53, 170, -624, 287, -414, -453, -888, -541, 
195, 253, 58, -224, 68, 156, -629, 307, -395, -444, -878, -531, 
195, 253, 58, -224, 68, 156, -629, 307, -395, -444, -878, -531, 
190, 253, 63, -222, 63, 158, -629, 292, -395, -448, -878, -531, 
190, 253, 63, -222, 63, 158, -634, 283, -395, -448, -878, -531, 
190, 244, 53, -217, 68, 148, -624, 283, -405, -448, -878, -522, 
190, 248, 58, -219, 65, 153, -624, 292, -405, -444, -878, -527, 
185, 248, 63, -217, 61, 156, -624, 292, -405, -444, -873, -527, 
175, 239, 63, -207, 56, 151, -619, 278, -409, -444, -873, -527, 
185, 248, 63, -217, 61, 156, -619, 268, -400, -444, -873, -527, 
185, 248, 63, -217, 61, 156, -619, 278, -400, -444, -873, -527, 
185, 253, 68, -219, 58, 161, -619, 297, -395, -444, -873, -527, 
185, 253, 68, -219, 58, 161, -610, 297, -390, -444, -873, -527, 
200, 253, 53, -226, 73, 153, -595, 326, -370, -434, -863, -527, 
180, 248, 68, -214, 56, 158, -570, 366, -356, -424, -863, -517, 
161, 239, 78, -200, 41, 158, -531, 395, -346, -414, -863, -527, 
170, 234, 63, -202, 53, 148, -497, 405, -326, -405, -863, -531, 
165, 224, 58, -195, 53, 141, -468, 439, -292, -395, -863, -541, 
165, 234, 68, -200, 48, 151, -419, 512, -248, -375, -844, -531, 
185, 273, 87, -229, 48, 180, -395, 580, -200, -336, -814, -512, 
209, 292, 82, -251, 63, 187, -390, 629, -131, -278, -785, -502, 
229, 312, 82, -270, 73, 197, -375, 668, -43, -214, -746, -478, 
278, 370, 92, -324, 92, 231, -385, 751, 82, -92, -668, -419, 
356, 473, 117, -414, 119, 295, -458, 834, 234, 82, -541, -326, 
434, 619, 185, -527, 124, 402, -614, 873, 370, 278, -400, -219, 
522, 766, 244, -644, 139, 505, -819, 829, 512, 463, -244, -97, 
629, 917, 287, -773, 170, 602, -1068, 732, 634, 658, -87, 24, 
746, 1073, 326, -910, 209, 700, -1337, 605, 717, 844, 73, 151, 
873, 1229, 356, -1051, 258, 793, -1615, 453, 761, 1015, 229, 268, 
971, 1361, 390, -1166, 290, 875, -1834, 341, 834, 1190, 370, 385, 
1015, 1429, 414, -1222, 300, 922, -1947, 331, 976, 1376, 478, 453, 
1049, 1415, 366, -1232, 341, 890, -2000, 370, 1146, 1542, 541, 473, 
1049, 1366, 317, -1207, 366, 841, -2015, 434, 1273, 1634, 551, 478, 
1005, 1293, 287, -1149, 358, 790, -1991, 429, 1224, 1581, 488, 439, 
941, 1195, 253, -1068, 344, 724, -1952, 322, 1010, 1390, 361, 366, 
868, 1098, 229, -983, 319, 663, -1893, 214, 805, 1156, 224, 287, 
780, 1000, 219, -890, 280, 610, -1790, 161, 619, 907, 82, 190, 
697, 873, 175, -785, 261, 524, -1668, 112, 356, 570, -102, 63, 
590, 707, 117, -649, 236, 412, -1537, 48, 24, 204, -326, -87, 
463, 556, 92, -509, 185, 324, -1395, 0, -263, -112, -522, -229, 
346, 429, 82, -387, 131, 256, -1273, -73, -483, -361, -688, -336, 
287, 346, 58, -317, 114, 202, -1176, -92, -575, -468, -780, -400, 
273, 302, 29, -287, 122, 165, -1073, -9, -497, -429, -790, -429, 
273, 297, 24, -285, 124, 161, -961, 107, -414, -370, -780, -434, 
263, 297, 34, -280, 114, 165, -868, 185, -380, -356, -771, -424, 
273, 302, 29, -287, 122, 165, -805, 224, -346, -336, -766, -429, 
263, 302, 39, -283, 112, 170, -761, 244, -326, -326, -766, -429, 
263, 297, 34, -280, 114, 165, -727, 273, -326, -336, -766, -448, 
263, 302, 39, -283, 112, 170, -712, 322, -312, -331, -771, -453, 
258, 287, 29, -273, 114, 158, -692, 366, -302, -326, -766, -463, 
244, 278, 34, -261, 104, 156, -668, 375, -302, -331, -766, -458, 
234, 268, 34, -251, 100, 151, -653, 351, -297, -351, -771, -463, 
224, 258, 34, -241, 95, 146, -644, 336, -302, -356, -785, -468, 
214, 263, 48, -239, 82, 156, -629, 351, -307, -361, -795, -473, 
214, 248, 34, -231, 90, 141, -619, 356, -317, -366, -800, -473, 
204, 239, 34, -222, 85, 136, -614, 346, -331, -375, -810, -478, 
209, 239, 29, -224, 90, 134, -605, 351, -331, -380, -810, -478, 
209, 234, 24, -222, 92, 129, -605, 341, -331, -390, -814, -488, 
204, 229, 24, -217, 90, 126, -600, 331, -331, -395, -819, -488, 
200, 229, 29, -214, 85, 129, -600, 341, -341, -395, -814, -488, 
200, 229, 29, -214, 85, 129, -600, 361, -341, -395, -814, -492, 
195, 224, 29, -209, 82, 126, -600, 366, -341, -395, -814, -492, 
195, 224, 29, -209, 82, 126, -595, 361, -341, -405, -819, -492, 
195, 219, 24, -207, 85, 122, -580, 346, -336, -409, -810, -483, 
195, 214, 19, -204, 87, 117, -575, 331, -336, -405, -810, -483, 
195, 214, 19, -204, 87, 117, -575, 346, -331, -395, -810, -478, 
200, 209, 9, -204, 95, 109, -575, 366, -331, -385, -810, -478, 
209, 214, 4, -212, 102, 109, -580, 375, -346, -395, -810, -488, 
204, 209, 4, -207, 100, 107, -580, 375, -346, -395, -810, -488, 
204, 209, 4, -207, 100, 107, -580, 385, -346, -395, -810, -488, 
209, 209, 0, -209, 104, 104, -580, 400, -346, -395, -814, -488, 
200, 209, 9, -204, 95, 109, -570, 414, -331, -390, -814, -478, 
200, 209, 9, -204, 95, 109, -570, 405, -331, -390, -810, -478, 
195, 204, 9, -200, 92, 107, -570, 390, -331, -405, -810, -478, 
195, 204, 9, -200, 92, 107, -570, 380, -331, -405, -810, -478, 
200, 200, 0, -200, 100, 100, -561, 400, -322, -400, -800, -468, 
200, 200, 0, -200, 100, 100, -556, 414, -322, -395, -800, -468, 
200, 200, 0, -200, 100, 100, -556, 414, -317, -395, -795, -468, 
200, 200, 0, -200, 100, 100, -556, 414, -317, -395, -795, -468, 
190, 190, 0, -190, 95, 95, -570, 429, -317, -395, -800, -478, 
190, 190, 0, -190, 95, 95, -570, 444, -317, -395, -800, -478, 
190, 190, 0, -190, 95, 95, -570, 453, -317, -400, -795, -483, 
185, 190, 4, -187, 90, 97, -570, 439, -317, -405, -795, -483, 
195, 190, -4, -192, 100, 92, -561, 424, -326, -395, -795, -492, 
195, 190, -4, -192, 100, 92, -561, 409, -326, -395, -795, -492, 
200, 195, -4, -197, 102, 95, -561, 409, -326, -390, -795, -488, 
200, 195, -4, -197, 102, 95, -561, 419, -326, -390, -795, -488, 
200, 195, -4, -197, 102, 95, -561, 419, -317, -390, -785, -483, 
200, 195, -4, -197, 102, 95, -561, 409, -317, -390, -785, -473, 
200, 195, -4, -197, 102, 95, -561, 409, -317, -390, -785, -468, 
204, 195, -9, -200, 107, 92, -561, 414, -312, -390, -785, -463, 
209, 190, -19, -200, 114, 85, -561, 424, -312, -390, -785, -463, 
209, 190, -19, -200, 114, 85, -561, 414, -312, -390, -785, -463, 
204, 190, -14, -197, 109, 87, -561, 395, -307, -390, -785, -463, 
204, 190, -14, -197, 109, 87, -561, 390, -307, -385, -780, -463, 
209, 185, -24, -197, 117, 80, -561, 385, -312, -380, -771, -458, 
214, 185, -29, -200, 122, 78, -561, 390, -307, -380, -771, -453, 
214, 185, -29, -200, 122, 78, -561, 385, -307, -380, -771, -453, 
209, 185, -24, -197, 117, 80, -561, 380, -307, -380, -775, -463, 
200, 175, -24, -187, 112, 75, -561, 390, -297, -370, -766, -453, 
200, 180, -19, -190, 109, 80, -561, 405, -292, -366, -766, -448, 
200, 180, -19, -190, 109, 80, -556, 419, -292, -366, -756, -444, 
200, 180, -19, -190, 109, 80, -556, 424, -292, -366, -756, -444, 
204, 185, -19, -195, 112, 82, -561, 419, -283, -366, -761, -444, 
209, 185, -24, -197, 117, 80, -561, 419, -283, -366, -761, -444, 
219, 190, -29, -204, 124, 80, -561, 419, -278, -361, -756, -444, 
224, 190, -34, -207, 129, 78, -561, 444, -278, -361, -756, -444, 
219, 190, -29, -204, 124, 80, -551, 453, -273, -351, -746, -434, 
214, 185, -29, -200, 122, 78, -551, 453, -273, -351, -746, -434, 
214, 185, -29, -200, 122, 78, -551, 458, -268, -351, -746, -434, 
209, 180, -29, -195, 119, 75, -551, 473, -263, -346, -746, -434, 
229, 190, -39, -209, 134, 75, -551, 478, -253, -336, -751, -434, 
219, 180, -39, -200, 129, 70, -551, 478, -253, -336, -751, -434, 
219, 180, -39, -200, 129, 70, -551, 463, -253, -336, -746, -434, 
224, 180, -43, -202, 134, 68, -551, 453, -248, -336, -741, -434, 
229, 175, -53, -202, 141, 61, -541, 468, -253, -341, -741, -434, 
229, 175, -53, -202, 141, 61, -541, 483, -253, -336, -741, -429, 
229, 175, -53, -202, 141, 61, -541, 483, -253, -336, -741, -429, 
229, 175, -53, -202, 141, 61, -546, 478, -248, -331, -741, -429, 
224, 180, -43, -202, 134, 68, -546, 488, -239, -322, -732, -419, 
224, 180, -43, -202, 134, 68, -546, 502, -234, -312, -727, -419, 
224, 185, -39, -204, 131, 73, -546, 512, -234, -312, -727, -419, 
219, 185, -34, -202, 126, 75, -546, 512, -234, -312, -727, -419, 
219, 185, -34, -202, 126, 75, -541, 512, -234, -312, -727, -419, 
224, 185, -39, -204, 131, 73, -541, 512, -229, -307, -717, -419, 
234, 185, -48, -209, 141, 68, -541, 512, -224, -297, -717, -414, 
244, 195, -48, -219, 146, 73, -541, 522, -224, -297, -717, -414, 
244, 185, -58, -214, 151, 63, -546, 522, -224, -297, -707, -424, 
244, 185, -58, -214, 151, 63, -546, 517, -219, -297, -702, -419, 
244, 185, -58, -214, 151, 63, -546, 517, -214, -297, -702, -419, 
244, 190, -53, -217, 148, 68, -546, 522, -214, -287, -702, -414, 
253, 180, -73, -217, 163, 53, -546, 531, -204, -283, -697, -414, 
253, 180, -73, -217, 163, 53, -546, 531, -200, -278, -692, -414, 
253, 185, -68, -219, 161, 58, -546, 512, -195, -278, -692, -414, 
258, 195, -63, -226, 161, 65, -551, 512, -195, -273, -692, -409, 
258, 195, -63, -226, 161, 65, -561, 507, -195, -268, -688, -400, 
258, 195, -63, -226, 161, 65, -556, 522, -195, -263, -683, -395, 
258, 195, -63, -226, 161, 65, -556, 522, -185, -263, -683, -395, 
258, 195, -63, -226, 161, 65, -556, 517, -185, -263, -678, -395, 
263, 209, -53, -236, 158, 78, -546, 517, -185, -263, -678, -395, 
268, 214, -53, -241, 161, 80, -546, 531, -175, -253, -668, -390, 
278, 214, -63, -246, 170, 75, -546, 541, -170, -239, -663, -390, 
278, 214, -63, -246, 170, 75, -551, 541, -165, -234, -663, -385, 
278, 204, -73, -241, 175, 65, -561, 536, -161, -234, -653, -385, 
278, 209, -68, -244, 173, 70, -561, 541, -161, -234, -649, -375, 
278, 214, -63, -246, 170, 75, -561, 556, -156, -224, -649, -370, 
287, 214, -73, -251, 180, 70, -561, 570, -151, -219, -649, -370, 
287, 219, -68, -253, 178, 75, -561, 570, -146, -204, -639, -370, 
287, 224, -63, -256, 175, 80, -566, 556, -141, -200, -639, -370, 
292, 229, -63, -261, 178, 82, -566, 556, -141, -195, -634, -370, 
292, 229, -63, -261, 178, 82, -566, 566, -136, -190, -629, -366, 
302, 229, -73, -265, 187, 78, -561, 585, -131, -190, -629, -356, 
307, 229, -78, -268, 192, 75, -561, 585, -126, -185, -624, -346, 
312, 229, -82, -270, 197, 73, -561, 570, -122, -175, -619, -346, 
312, 234, -78, -273, 195, 78, -561, 561, -117, -170, -614, -346, 
307, 239, -68, -273, 187, 85, -570, 561, -97, -151, -610, -336, 
312, 244, -68, -278, 190, 87, -575, 570, -97, -146, -605, -331, 
317, 248, -68, -283, 192, 90, -575, 570, -92, -136, -600, -331, 
317, 248, -68, -283, 192, 90, -575, 561, -87, -136, -595, -326, 
331, 263, -68, -297, 200, 97, -575, 561, -82, -131, -580, -331, 
336, 268, -68, -302, 202, 100, -580, 570, -82, -117, -575, -326, 
341, 273, -68, -307, 204, 102, -580, 590, -78, -107, -570, -326, 
341, 278, -63, -309, 202, 107, -585, 590, -73, -102, -561, -322, 
336, 278, -58, -307, 197, 109, -585, 580, -63, -97, -556, -317, 
341, 278, -63, -309, 202, 107, -590, 585, -58, -92, -556, -312, 
351, 278, -73, -314, 212, 102, -595, 595, -53, -87, -551, -312, 
351, 273, -78, -312, 214, 97, -600, 610, -53, -78, -546, -307, 
361, 283, -78, -322, 219, 102, -610, 600, -48, -63, -541, -302, 
361, 287, -73, -324, 217, 107, -605, 590, -43, -58, -531, -297, 
361, 292, -68, -326, 214, 112, -605, 580, -39, -53, -522, -287, 
370, 307, -63, -339, 217, 122, -605, 590, -34, -48, -512, -283, 
375, 307, -68, -341, 222, 119, -605, 605, -29, -53, -517, -273, 
375, 307, -68, -341, 222, 119, -605, 600, -29, -43, -512, -268, 
375, 302, -73, -339, 224, 114, -610, 580, -24, -39, -507, -263, 
380, 302, -78, -341, 229, 112, -610, 561, -19, -39, -502, -258, 
370, 297, -73, -334, 222, 112, -619, 575, -19, -29, -512, -268, 
375, 302, -73, -339, 224, 114, -619, 580, -14, -24, -507, -263, 
375, 307, -68, -341, 222, 119, -624, 580, -14, -19, -502, -263, 
375, 307, -68, -341, 222, 119, -624, 570, -14, -19, -502, -263, 
375, 317, -58, -346, 217, 129, -614, 580, 0, -4, -497, -258, 
375, 326, -48, -351, 212, 139, -614, 590, 0, -4, -492, -253, 
375, 326, -48, -351, 212, 139, -614, 605, 4, 4, -488, -248, 
375, 326, -48, -351, 212, 139, -610, 605, 4, 4, -488, -244, 
385, 331, -53, -358, 219, 139, -610, 600, 4, -4, -483, -253, 
385, 331, -53, -358, 219, 139, -605, 600, 4, -4, -483, -253, 
385, 326, -58, -356, 222, 134, -600, 605, 4, -4, -488, -253, 
375, 326, -48, -351, 212, 139, -600, 610, 0, -14, -492, -253, 
375, 322, -53, -348, 214, 134, -590, 619, -9, -29, -512, -268, 
375, 317, -58, -346, 217, 129, -575, 605, -9, -39, -512, -273, 
366, 302, -63, -334, 214, 119, -575, 595, -19, -48, -522, -283, 
361, 292, -68, -326, 214, 112, -575, 610, -29, -58, -531, -287, 
356, 283, -73, -319, 214, 104, -575, 614, -39, -73, -541, -287, 
346, 273, -73, -309, 209, 100, -570, 600, -43, -87, -551, -292, 
326, 263, -63, -295, 195, 100, -566, 580, -58, -102, -561, -297, 
326, 258, -68, -292, 197, 95, -561, 566, -68, -122, -570, -312, 
322, 244, -78, -283, 200, 82, -556, 575, -87, -136, -585, -326, 
312, 239, -73, -275, 192, 82, -556, 585, -92, -146, -600, -331, 
307, 229, -78, -268, 192, 75, -556, 575, -102, -161, -610, -341, 
292, 224, -68, -258, 180, 78, -556, 556, -112, -165, -614, -351, 
283, 219, -63, -251, 173, 78, -551, 551, -122, -185, -614, -356, 
283, 214, -68, -248, 175, 73, -546, 551, -131, -190, -624, -351, 
273, 209, -63, -241, 168, 73, -546, 570, -141, -200, -634, -351, 
268, 200, -68, -234, 168, 65, -546, 561, -151, -219, -639, -346, 
258, 190, -68, -224, 163, 61, -546, 551, -156, -224, -649, -356, 
253, 175, -78, -214, 165, 48, -546, 546, -165, -239, -658, -370, 
248, 175, -73, -212, 161, 51, -546, 546, -175, -248, -668, -380, 
248, 170, -78, -209, 163, 46, -541, 546, -185, -253, -673, -395, 
258, 175, -82, -217, 170, 46, -536, 556, -195, -258, -678, -395, 
248, 170, -78, -209, 163, 46, -536, 536, -195, -268, -678, -395, 
248, 161, -87, -204, 168, 36, -541, 522, -200, -273, -688, -400, 
248, 161, -87, -204, 168, 36, -541, 531, -204, -273, -688, -400, 
248, 161, -87, -204, 168, 36, -541, 541, -195, -273, -688, -395, 
244, 161, -82, -202, 163, 39, -541, 527, -204, -278, -692, -400, 
239, 156, -82, -197, 161, 36, -541, 507, -209, -287, -697, -405, 
234, 151, -82, -192, 158, 34, -541, 492, -219, -297, -707, -405, 
224, 146, -78, -185, 151, 34, -541, 512, -229, -302, -697, -405, 
224, 141, -82, -183, 153, 29, -541, 512, -234, -302, -702, -405, 
224, 136, -87, -180, 156, 24, -541, 512, -234, -307, -702, -405, 
224, 126, -97, -175, 161, 14, -541, 488, -239, -307, -702, -414, 
224, 136, -87, -180, 156, 24, -551, 488, -234, -307, -712, -414, 
229, 136, -92, -183, 161, 21, -551, 488, -234, -307, -712, -414, 
239, 136, -102, -187, 170, 17, -551, 497, -234, -307, -712, -414, 
244, 136, -107, -190, 175, 14, -551, 497, -234, -312, -717, -414, 
224, 131, -92, -178, 158, 19, -551, 497, -229, -307, -717, -405, 
224, 131, -92, -178, 158, 19, -551, 492, -234, -312, -712, -405, 
229, 131, -97, -180, 163, 17, -551, 492, -234, -312, -707, -405, 
229, 131, -97, -180, 163, 17, -551, 507, -234, -312, -702, -405, 
229, 141, -87, -185, 158, 26, -551, 507, -244, -312, -712, -400, 
229, 136, -92, -183, 161, 21, -551, 502, -244, -312, -712, -400, 
224, 136, -87, -180, 156, 24, -551, 483, -244, -312, -712, -400, 
224, 136, -87, -180, 156, 24, -551, 492, -239, -312, -712, -400, 
229, 141, -87, -185, 158, 26, -541, 502, -239, -312, -702, -405, 
229, 141, -87, -185, 158, 26, -541, 502, -239, -312, -702, -405, 
229, 141, -87, -185, 158, 26, -541, 492, -239, -312, -702, -409, 
229, 141, -87, -185, 158, 26, -541, 492, -239, -312, -702, -409, 
229, 131, -97, -180, 163, 17, -541, 492, -239, -322, -712, -409, 
229, 131, -97, -180, 163, 17, -541, 507, -239, -322, -712, -409, 
229, 131, -97, -180, 163, 17, -541, 497, -244, -331, -712, -409, 
229, 131, -97, -180, 163, 17, -541, 488, -244, -331, -712, -409, 
219, 131, -87, -175, 153, 21, -551, 483, -239, -322, -702, -405, 
219, 131, -87, -175, 153, 21, -551, 497, -239, -317, -697, -405, 
219, 131, -87, -175, 153, 21, -551, 507, -239, -317, -697, -405, 
219, 131, -87, -175, 153, 21, -551, 507, -239, -317, -697, -409, 
224, 141, -82, -183, 153, 29, -546, 502, -229, -307, -688, -409, 
229, 141, -87, -185, 158, 26, -541, 507, -229, -307, -688, -409, 
234, 141, -92, -187, 163, 24, -536, 517, -229, -307, -688, -405, 
239, 141, -97, -190, 168, 21, -531, 536, -229, -307, -688, -405, 
239, 131, -107, -185, 173, 12, -541, 531, -239, -317, -697, -414, 
239, 131, -107, -185, 173, 12, -541, 502, -239, -317, -697, -414, 
239, 136, -102, -187, 170, 17, -536, 497, -239, -317, -697, -414, 
239, 136, -102, -187, 170, 17, -531, 502, -239, -317, -697, -414, 
234, 136, -97, -185, 165, 19, -531, 517, -234, -317, -697, -414, 
234, 136, -97, -185, 165, 19, -531, 517, -234, -317, -697, -414, 
224, 136, -87, -180, 156, 24, -531, 502, -234, -312, -697, -414, 
224, 136, -87, -180, 156, 24, -536, 502, -234, -307, -697, -414, 
219, 126, -92, -173, 156, 17, -536, 502, -234, -317, -697, -405, 
219, 131, -87, -175, 153, 21, -536, 507, -234, -322, -697, -405, 
219, 131, -87, -175, 153, 21, -536, 507, -234, -322, -697, -405, 
219, 131, -87, -175, 153, 21, -531, 483, -234, -326, -697, -405, 
219, 131, -87, -175, 153, 21, -522, 492, -234, -317, -688, -395, 
224, 131, -92, -178, 158, 19, -522, 512, -234, -312, -688, -395, 
224, 136, -87, -180, 156, 24, -522, 522, -234, -307, -688, -395, 
224, 136, -87, -180, 156, 24, -517, 512, -234, -307, -688, -395, 
234, 136, -97, -185, 165, 19, -527, 502, -234, -312, -697, -405, 
234, 136, -97, -185, 165, 19, -527, 502, -234, -312, -697, -405, 
234, 136, -97, -185, 165, 19, -527, 512, -234, -312, -697, -405, 
234, 136, -97, -185, 165, 19, -527, 512, -234, -312, -697, -405, 
244, 136, -107, -190, 175, 14, -517, 517, -224, -317, -688, -405, 
239, 136, -102, -187, 170, 17, -522, 512, -224, -317, -688, -405, 
239, 136, -102, -187, 170, 17, -522, 502, -229, -317, -688, -405, 
239, 141, -97, -190, 168, 21, -522, 492, -234, -317, -688, -405, 
239, 141, -97, -190, 168, 21, -522, 512, -234, -317, -688, -395, 
239, 141, -97, -190, 168, 21, -522, 502, -234, -317, -688, -395, 
239, 141, -97, -190, 168, 21, -522, 492, -239, -317, -688, -395, 
239, 136, -102, -187, 170, 17, -522, 492, -239, -317, -688, -395, 
239, 136, -102, -187, 170, 17, -531, 497, -239, -317, -688, -405, 
239, 136, -102, -187, 170, 17, -531, 492, -239, -322, -692, -405, 
234, 136, -97, -185, 165, 19, -531, 488, -244, -331, -697, -405, 
234, 136, -97, -185, 165, 19, -531, 468, -244, -331, -697, -405, 
239, 141, -97, -190, 168, 21, -531, 478, -244, -322, -697, -405, 
239, 141, -97, -190, 168, 21, -531, 483, -244, -322, -697, -405, 
239, 136, -102, -187, 170, 17, -527, 492, -244, -322, -697, -405, 
239, 136, -102, -187, 170, 17, -527, 492, -248, -326, -697, -409, 
229, 131, -97, -180, 163, 17, -527, 488, -253, -331, -688, -409, 
229, 131, -97, -180, 163, 17, -531, 488, -253, -331, -688, -409, 
229, 131, -97, -180, 163, 17, -531, 488, -253, -331, -692, -409, 
229, 131, -97, -180, 163, 17, -531, 488, -253, -326, -692, -409, 
239, 136, -102, -187, 170, 17, -531, 488, -253, -326, -692, -400, 
239, 131, -107, -185, 173, 12, -531, 478, -263, -331, -692, -400, 
239, 131, -107, -185, 173, 12, -531, 473, -263, -331, -692, -400, 
239, 131, -107, -185, 173, 12, -531, 473, -258, -331, -692, -400, 
239, 131, -107, -185, 173, 12, -536, 468, -258, -331, -692, -409, 
239, 131, -107, -185, 173, 12, -536, 468, -263, -331, -692, -414, 
239, 131, -107, -185, 173, 12, -536, 468, -268, -331, -692, -414, 
239, 131, -107, -185, 173, 12, -536, 468, -273, -336, -692, -414, 
239, 122, -117, -180, 178, 2, -536, 458, -273, -346, -692, -414, 
234, 122, -112, -178, 173, 4, -536, 463, -273, -346, -692, -414, 
234, 122, -112, -178, 173, 4, -541, 463, -273, -351, -702, -414, 
234, 122, -112, -178, 173, 4, -541, 453, -283, -351, -707, -414, 
234, 122, -112, -178, 173, 4, -536, 444, -283, -341, -707, -405, 
239, 126, -112, -183, 175, 7, -536, 444, -278, -336, -702, -405, 
239, 126, -112, -183, 175, 7, -536, 463, -278, -336, -702, -405, 
239, 126, -112, -183, 175, 7, -536, 453, -278, -336, -707, -405, 
229, 122, -107, -175, 168, 7, -546, 453, -283, -336, -697, -414, 
239, 112, -126, -175, 183, -7, -546, 444, -292, -346, -697, -419, 
239, 131, -107, -185, 173, 12, -546, 453, -292, -351, -697, -419, 
239, 136, -102, -187, 170, 17, -546, 468, -292, -351, -692, -419, 
219, 117, -102, -168, 161, 7, -546, 458, -292, -356, -702, -419, 
219, 117, -102, -168, 161, 7, -556, 448, -297, -361, -707, -419, 
224, 117, -107, -170, 165, 4, -556, 444, -297, -366, -707, -419, 
224, 122, -102, -173, 163, 9, -551, 444, -297, -366, -707, -419, 
229, 131, -97, -180, 163, 17, -551, 453, -297, -356, -707, -414, 
229, 131, -97, -180, 163, 17, -551, 453, -297, -356, -707, -409, 
234, 122, -112, -178, 173, 4, -551, 444, -302, -361, -707, -414, 
244, 131, -112, -187, 178, 9, -551, 439, -307, -361, -707, -409, 
239, 126, -112, -183, 175, 7, -556, 429, -307, -361, -707, -409, 
234, 122, -112, -178, 173, 4, -556, 434, -307, -366, -707, -414, 
229, 117, -112, -173, 170, 2, -566, 434, -307, -370, -707, -414, 
219, 107, -112, -163, 165, -2, -566, 414, -307, -375, -707, -419, 
209, 117, -92, -163, 151, 12, -566, 414, -307, -370, -697, -409, 
214, 117, -97, -165, 156, 9, -566, 429, -307, -370, -697, -405, 
214, 122, -92, -168, 153, 14, -561, 434, -307, -366, -697, -405, 
214, 122, -92, -168, 153, 14, -561, 434, -312, -366, -697, -405, 
214, 122, -92, -168, 153, 14, -556, 434, -317, -370, -702, -414, 
219, 117, -102, -168, 161, 7, -566, 434, -317, -370, -702, -414, 
224, 117, -107, -170, 165, 4, -566, 439, -317, -370, -697, -414, 
229, 117, -112, -173, 170, 2, -561, 448, -312, -370, -697, -414, 
229, 126, -102, -178, 165, 12, -570, 444, -322, -370, -712, -424, 
229, 126, -102, -178, 165, 12, -575, 429, -326, -370, -712, -424, 
229, 126, -102, -178, 165, 12, -575, 424, -326, -375, -712, -419, 
234, 126, -107, -180, 170, 9, -566, 419, -326, -375, -712, -414, 
244, 136, -107, -190, 175, 14, -566, 434, -326, -375, -702, -414, 
239, 136, -102, -187, 170, 17, -566, 424, -326, -375, -707, -419, 
229, 126, -102, -178, 165, 12, -566, 414, -326, -380, -707, -419, 
229, 126, -102, -178, 165, 12, -566, 414, -326, -380, -707, -414, 
229, 117, -112, -173, 170, 2, -570, 405, -326, -385, -717, -414, 
229, 122, -107, -175, 168, 7, -570, 409, -326, -385, -717, -419, 
229, 122, -107, -175, 168, 7, -570, 409, -326, -385, -717, -424, 
224, 122, -102, -173, 163, 9, -566, 400, -326, -390, -717, -424, 
214, 112, -102, -163, 158, 4, -566, 395, -326, -385, -707, -424, 
219, 112, -107, -165, 163, 2, -570, 409, -326, -385, -707, -424, 
219, 117, -102, -168, 161, 7, -570, 424, -331, -385, -707, -424, 
219, 117, -102, -168, 161, 7, -566, 419, -331, -385, -702, -424, 
229, 112, -117, -170, 173, -2, -566, 429, -331, -375, -702, -414, 
229, 117, -112, -173, 170, 2, -566, 424, -331, -375, -707, -414, 
229, 122, -107, -175, 168, 7, -570, 429, -331, -375, -707, -414, 
229, 126, -102, -178, 165, 12, -570, 439, -331, -370, -707, -414, 
229, 126, -102, -178, 165, 12, -575, 424, -331, -380, -717, -414, 
234, 131, -102, -183, 168, 14, -575, 409, -331, -380, -717, -414, 
234, 131, -102, -183, 168, 14, -575, 405, -331, -385, -717, -419, 
229, 126, -102, -178, 165, 12, -575, 400, -331, -385, -717, -424, 
239, 126, -112, -183, 175, 7, -580, 419, -331, -385, -707, -424, 
239, 126, -112, -183, 175, 7, -580, 419, -331, -385, -707, -424, 
239, 126, -112, -183, 175, 7, -575, 409, -336, -385, -707, -424, 
239, 126, -112, -183, 175, 7, -575, 400, -336, -385, -707, -424, 
229, 126, -102, -178, 165, 12, -575, 400, -346, -395, -707, -429, 
229, 122, -107, -175, 168, 7, -580, 405, -346, -390, -707, -429, 
229, 122, -107, -175, 168, 7, -580, 405, -346, -390, -707, -429, 
229, 126, -102, -178, 165, 12, -580, 390, -346, -395, -712, -429, 
229, 126, -102, -178, 165, 12, -580, 390, -346, -395, -722, -434, 
229, 126, -102, -178, 165, 12, -580, 400, -341, -390, -717, -434, 
229, 126, -102, -178, 165, 12, -580, 409, -341, -390, -717, -429, 
229, 126, -102, -178, 165, 12, -580, 409, -346, -390, -717, -429, 
229, 131, -97, -180, 163, 17, -590, 405, -336, -380, -707, -419, 
229, 131, -97, -180, 163, 17, -590, 400, -336, -385, -702, -419, 
239, 131, -107, -185, 173, 12, -590, 405, -336, -385, -702, -419, 
239, 131, -107, -185, 173, 12, -590, 419, -336, -380, -702, -419, 
229, 136, -92, -183, 161, 21, -585, 414, -346, -385, -707, -419, 
229, 136, -92, -183, 161, 21, -585, 400, -346, -390, -707, -419, 
229, 131, -97, -180, 163, 17, -580, 395, -346, -400, -707, -419, 
229, 126, -102, -178, 165, 12, -580, 395, -346, -405, -712, -424, 
229, 126, -102, -178, 165, 12, -590, 414, -346, -395, -722, -434, 
229, 126, -102, -178, 165, 12, -590, 414, -346, -395, -722, -429, 
224, 126, -97, -175, 161, 14, -590, 405, -346, -395, -722, -429, 
224, 131, -92, -178, 158, 19, -590, 400, -351, -395, -722, -429, 
234, 141, -92, -187, 163, 24, -580, 395, -351, -405, -712, -429, 
234, 141, -92, -187, 163, 24, -580, 400, -351, -400, -707, -429, 
234, 141, -92, -187, 163, 24, -580, 395, -351, -400, -702, -429, 
234, 141, -92, -187, 163, 24, -580, 380, -351, -400, -702, -429, 
234, 151, -82, -192, 158, 34, -580, 375, -351, -390, -712, -419, 
234, 151, -82, -192, 158, 34, -580, 390, -346, -390, -712, -419, 
234, 151, -82, -192, 158, 34, -580, 400, -346, -390, -712, -419, 
234, 151, -82, -192, 158, 34, -580, 414, -346, -390, -712, -419, 
234, 151, -82, -192, 158, 34, -595, 405, -351, -390, -712, -419, 
244, 151, -92, -197, 168, 29, -595, 419, -351, -400, -712, -429, 
234, 151, -82, -192, 158, 34, -595, 405, -351, -390, -702, -429, 
224, 146, -78, -185, 151, 34, -595, 370, -341, -400, -702, -419, 
229, 156, -73, -192, 151, 41, -585, 375, -351, -390, -702, -429, 
234, 156, -78, -195, 156, 39, -585, 380, -351, -390, -702, -429, 
239, 156, -82, -197, 161, 36, -585, 385, -351, -390, -702, -429, 
244, 156, -87, -200, 165, 34, -585, 390, -351, -390, -702, -429, 
244, 156, -87, -200, 165, 34, -590, 380, -361, -400, -712, -429, 
244, 156, -87, -200, 165, 34, -590, 395, -361, -400, -707, -429, 
244, 161, -82, -202, 163, 39, -590, 414, -361, -400, -707, -429, 
244, 161, -82, -202, 163, 39, -590, 405, -361, -400, -707, -429, 
239, 151, -87, -195, 163, 31, -600, 375, -351, -405, -697, -429, 
234, 151, -82, -192, 158, 34, -600, 375, -351, -405, -697, -429, 
229, 151, -78, -190, 153, 36, -595, 385, -351, -400, -697, -429, 
224, 151, -73, -187, 148, 39, -590, 395, -351, -400, -697, -429, 
234, 161, -73, -197, 153, 43, -580, 405, -351, -390, -697, -429, 
234, 161, -73, -197, 153, 43, -580, 390, -351, -390, -697, -429, 
234, 161, -73, -197, 153, 43, -580, 390, -351, -390, -697, -429, 
234, 165, -68, -200, 151, 48, -575, 405, -346, -385, -697, -429, 
239, 185, -53, -212, 146, 65, -561, 439, -336, -380, -688, -414, 
239, 195, -43, -217, 141, 75, -556, 429, -336, -380, -678, -409, 
239, 204, -34, -222, 136, 85, -556, 429, -331, -380, -673, -405, 
234, 209, -24, -222, 129, 92, -551, 429, -331, -375, -673, -400, 
234, 214, -19, -224, 126, 97, -556, 434, -331, -370, -678, -405, 
239, 214, -24, -226, 131, 95, -551, 448, -326, -366, -678, -405, 
239, 219, -19, -229, 129, 100, -546, 434, -317, -366, -678, -405, 
239, 219, -19, -229, 129, 100, -541, 419, -317, -366, -678, -405, 
248, 219, -29, -234, 139, 95, -551, 429, -317, -375, -673, -409, 
253, 229, -24, -241, 139, 102, -551, 439, -317, -370, -673, -409, 
253, 229, -24, -241, 139, 102, -541, 453, -317, -370, -673, -409, 
253, 229, -24, -241, 139, 102, -541, 453, -322, -370, -678, -405, 
253, 239, -14, -246, 134, 112, -546, 429, -322, -375, -678, -405, 
253, 239, -14, -246, 134, 112, -551, 429, -322, -375, -668, -400, 
268, 253, -14, -261, 141, 119, -551, 429, -312, -370, -663, -395, 
268, 258, -9, -263, 139, 124, -556, 439, -312, -361, -663, -390, 
273, 263, -9, -268, 141, 126, -570, 439, -322, -361, -663, -385, 
278, 263, -14, -270, 146, 124, -580, 424, -322, -361, -658, -385, 
287, 273, -14, -280, 151, 129, -585, 424, -322, -356, -658, -380, 
297, 283, -14, -290, 156, 134, -590, 434, -312, -351, -658, -380, 
302, 273, -29, -287, 165, 122, -595, 458, -312, -351, -649, -380, 
302, 268, -34, -285, 168, 117, -600, 448, -317, -351, -653, -385, 
302, 258, -43, -280, 173, 107, -600, 434, -317, -356, -653, -385, 
302, 258, -43, -280, 173, 107, -600, 424, -317, -356, -653, -385, 
307, 268, -39, -287, 173, 114, -595, 429, -307, -351, -644, -385, 
312, 268, -43, -290, 178, 112, -595, 439, -307, -351, -644, -390, 
312, 258, -53, -285, 183, 102, -600, 429, -312, -356, -644, -390, 
307, 258, -48, -283, 178, 104, -605, 414, -312, -356, -644, -390, 
307, 258, -48, -283, 178, 104, -595, 414, -312, -356, -653, -390, 
307, 258, -48, -283, 178, 104, -595, 424, -312, -356, -653, -390, 
307, 258, -48, -283, 178, 104, -600, 434, -312, -356, -653, -390, 
307, 253, -53, -280, 180, 100, -605, 419, -317, -356, -653, -390, 
297, 234, -63, -265, 180, 85, -610, 390, -331, -375, -658, -400, 
292, 234, -58, -263, 175, 87, -610, 390, -341, -375, -658, -400, 
292, 229, -63, -261, 178, 82, -610, 395, -341, -375, -663, -405, 
292, 224, -68, -258, 180, 78, -619, 395, -341, -380, -668, -405, 
292, 224, -68, -258, 180, 78, -619, 400, -346, -370, -668, -400, 
278, 219, -58, -248, 168, 80, -614, 390, -351, -380, -678, -409, 
268, 219, -48, -244, 158, 85, -610, 390, -351, -385, -678, -409, 
258, 219, -39, -239, 148, 90, -610, 400, -351, -385, -683, -414, 
253, 204, -48, -229, 151, 78, -610, 400, -351, -395, -688, -429, 
248, 195, -53, -222, 151, 70, -619, 395, -361, -400, -688, -434, 
239, 180, -58, -209, 148, 61, -619, 370, -366, -419, -692, -439, 
239, 180, -58, -209, 148, 61, -619, 366, -366, -424, -697, -444, 
248, 185, -63, -217, 156, 61, -624, 366, -380, -424, -712, -444, 
244, 175, -68, -209, 156, 53, -624, 375, -385, -424, -717, -448, 
244, 175, -68, -209, 156, 53, -624, 366, -385, -429, -722, -453, 
244, 170, -73, -207, 158, 48, -634, 351, -395, -434, -727, -453, 
244, 170, -73, -207, 158, 48, -634, 326, -400, -424, -722, -444, 
239, 170, -68, -204, 153, 51, -634, 346, -400, -424, -717, -444, 
239, 170, -68, -204, 153, 51, -634, 366, -400, -424, -712, -444, 
239, 165, -73, -202, 156, 46, -634, 351, -400, -424, -712, -444, 
234, 175, -58, -204, 146, 58, -644, 346, -400, -429, -712, -458, 
234, 175, -58, -204, 146, 58, -644, 346, -400, -434, -712, -458, 
229, 175, -53, -202, 141, 61, -649, 346, -400, -434, -712, -458, 
229, 175, -53, -202, 141, 61, -649, 356, -400, -429, -712, -458, 
234, 161, -73, -197, 153, 43, -653, 356, -409, -439, -722, -453, 
229, 161, -68, -195, 148, 46, -653, 346, -409, -439, -722, -453, 
229, 161, -68, -195, 148, 46, -653, 346, -414, -439, -722, -453, 
234, 165, -68, -200, 151, 48, -653, 356, -414, -434, -722, -453, 
234, 170, -63, -202, 148, 53, -639, 375, -395, -424, -717, -444, 
234, 175, -58, -204, 146, 58, -639, 375, -395, -424, -712, -444, 
229, 180, -48, -204, 139, 65, -639, 361, -395, -429, -707, -444, 
229, 185, -43, -207, 136, 70, -644, 351, -395, -429, -702, -444, 
234, 185, -48, -209, 141, 68, -644, 346, -395, -439, -712, -453, 
239, 190, -48, -214, 143, 70, -644, 351, -395, -434, -712, -458, 
239, 190, -48, -214, 143, 70, -644, 346, -395, -434, -707, -458, 
234, 180, -53, -207, 143, 63, -639, 326, -400, -434, -707, -458, 
234, 180, -53, -207, 143, 63, -639, 317, -409, -434, -717, -448, 
234, 180, -53, -207, 143, 63, -639, 326, -409, -434, -717, -448, 
234, 185, -48, -209, 141, 68, -639, 346, -405, -434, -717, -448, 
234, 185, -48, -209, 141, 68, -629, 346, -400, -434, -717, -448, 
229, 204, -24, -217, 126, 90, -595, 395, -370, -414, -707, -448, 
209, 190, -19, -200, 114, 85, -561, 405, -366, -424, -707, -458, 
200, 180, -19, -190, 109, 80, -541, 424, -346, -414, -707, -458, 
209, 185, -24, -197, 117, 80, -517, 483, -317, -405, -717, -463, 
204, 185, -19, -195, 112, 82, -478, 556, -273, -385, -707, -463, 
214, 204, -9, -209, 112, 97, -439, 600, -219, -346, -678, -444, 
234, 224, -9, -229, 122, 107, -424, 619, -180, -307, -658, -434, 
258, 253, -4, -256, 131, 124, -400, 668, -102, -248, -619, -414, 
307, 312, 4, -309, 151, 158, -395, 775, 14, -136, -551, -361, 
375, 409, 34, -392, 170, 222, -444, 868, 151, 14, -444, -292, 
444, 522, 78, -483, 183, 300, -575, 902, 273, 180, -317, -209, 
512, 658, 146, -585, 183, 402, -761, 873, 400, 346, -175, -102, 
619, 824, 204, -722, 207, 514, -976, 829, 551, 541, -19, 19, 
756, 976, 219, -866, 268, 597, -1215, 761, 663, 756, 136, 151, 
883, 1112, 229, -997, 326, 671, -1493, 614, 707, 922, 278, 268, 
990, 1259, 268, -1124, 361, 763, -1751, 453, 761, 1083, 424, 385, 
1058, 1361, 302, -1210, 378, 832, -1883, 390, 873, 1259, 566, 492, 
1122, 1400, 278, -1261, 422, 839, -1937, 429, 1024, 1444, 653, 551, 
1156, 1385, 229, -1271, 463, 807, -1981, 517, 1166, 1581, 688, 551, 
1127, 1337, 209, -1232, 458, 773, -1976, 551, 1185, 1586, 658, 517, 
1034, 1244, 209, -1139, 412, 727, -1952, 458, 1039, 1424, 556, 448, 
951, 1137, 185, -1044, 383, 661, -1912, 322, 814, 1185, 419, 375, 
897, 1058, 161, -978, 368, 610, -1834, 253, 639, 971, 292, 297, 
810, 951, 141, -880, 334, 546, -1722, 229, 424, 702, 122, 190, 
697, 775, 78, -736, 309, 427, -1590, 180, 131, 356, -92, 43, 
570, 610, 39, -590, 265, 324, -1459, 87, -161, 19, -307, -97, 
444, 468, 24, -456, 209, 246, -1327, -9, -400, -258, -473, -219, 
366, 370, 4, -368, 180, 187, -1224, -53, -561, -439, -610, -317, 
356, 346, -9, -351, 183, 168, -1127, 14, -556, -458, -653, -361, 
341, 331, -9, -336, 175, 161, -1024, 146, -468, -390, -644, -370, 
312, 317, 4, -314, 153, 161, -932, 224, -414, -370, -634, -375, 
302, 317, 14, -309, 143, 165, -868, 244, -390, -356, -624, -375, 
312, 322, 9, -317, 151, 165, -814, 273, -366, -336, -619, -380, 
312, 312, 0, -312, 156, 156, -780, 322, -346, -336, -619, -380, 
302, 307, 4, -305, 148, 156, -756, 361, -346, -336, -629, -400, 
302, 302, 0, -302, 151, 151, -732, 380, -331, -331, -634, -405, 
278, 287, 9, -283, 134, 148, -722, 375, -322, -346, -639, -414, 
263, 278, 14, -270, 124, 146, -707, 375, -331, -361, -658, -419, 
263, 287, 24, -275, 119, 156, -692, 390, -336, -370, -663, -424, 
263, 278, 14, -270, 124, 146, -673, 405, -341, -375, -668, -429, 
253, 263, 9, -258, 122, 136, -668, 380, -346, -380, -678, -434, 
234, 248, 14, -241, 109, 131, -658, 336, -366, -395, -683, -444, 
248, 253, 4, -251, 122, 129, -663, 346, -370, -400, -683, -448, 
258, 258, 0, -258, 129, 129, -653, 361, -370, -400, -683, -448, 
263, 258, -4, -261, 134, 126, -653, 361, -370, -405, -688, -458, 
263, 258, -4, -261, 134, 126, -649, 361, -370, -405, -692, -458, 
253, 268, 14, -261, 119, 141, -649, 366, -370, -414, -697, -458, 
248, 268, 19, -258, 114, 143, -649, 380, -370, -414, -697, -463, 
239, 263, 24, -251, 107, 143, -649, 380, -370, -414, -697, -463, 
234, 263, 29, -248, 102, 146, -644, 370, -370, -424, -702, -463, 
234, 263, 29, -248, 102, 146, -639, 346, -375, -434, -702, -463, 
234, 263, 29, -248, 102, 146, -634, 331, -375, -434, -702, -463, 
234, 268, 34, -251, 100, 151, -634, 346, -370, -429, -702, -458, 
239, 268, 29, -253, 104, 148, -634, 366, -370, -424, -702, -458, 
239, 263, 24, -251, 107, 143, -629, 385, -385, -424, -702, -458, 
234, 258, 24, -246, 104, 141, -629, 385, -385, -424, -702, -458, 
234, 258, 24, -246, 104, 141, -629, 395, -385, -424, -702, -458, 
239, 258, 19, -248, 109, 139, -629, 409, -385, -424, -707, -458, 
248, 263, 14, -256, 117, 139, -629, 434, -380, -409, -697, -458, 
248, 268, 19, -258, 114, 143, -629, 424, -380, -409, -692, -458, 
244, 268, 24, -256, 109, 146, -629, 409, -380, -424, -692, -458, 
244, 273, 29, -258, 107, 151, -629, 400, -380, -424, -692, -458, 
248, 278, 29, -263, 109, 153, -629, 409, -380, -429, -697, -458, 
248, 278, 29, -263, 109, 153, -624, 424, -380, -424, -702, -458, 
248, 278, 29, -263, 109, 153, -624, 424, -375, -424, -702, -458, 
248, 278, 29, -263, 109, 153, -624, 424, -375, -424, -707, -458, 
248, 278, 29, -263, 109, 153, -629, 419, -375, -424, -702, -458, 
248, 278, 29, -263, 109, 153, -629, 434, -375, -424, -702, -458, 
248, 278, 29, -263, 109, 153, -629, 444, -375, -429, -697, -463, 
244, 278, 34, -261, 104, 156, -629, 429, -375, -434, -697, -463, 
253, 287, 34, -270, 109, 161, -629, 424, -366, -434, -688, -463, 
253, 287, 34, -270, 109, 161, -629, 409, -366, -434, -688, -463, 
258, 292, 34, -275, 112, 163, -629, 409, -366, -429, -688, -458, 
258, 292, 34, -275, 112, 163, -629, 419, -366, -429, -688, -458, 
248, 292, 43, -270, 102, 168, -639, 409, -366, -429, -697, -458, 
248, 292, 43, -270, 102, 168, -639, 400, -366, -429, -697, -453, 
248, 292, 43, -270, 102, 168, -639, 400, -366, -429, -697, -453, 
253, 292, 39, -273, 107, 165, -639, 405, -361, -429, -697, -453, 
258, 307, 48, -283, 104, 178, -639, 414, -370, -429, -697, -463, 
258, 307, 48, -283, 104, 178, -639, 405, -370, -429, -697, -463, 
253, 307, 53, -280, 100, 180, -639, 385, -366, -429, -697, -463, 
253, 307, 53, -280, 100, 180, -639, 380, -366, -424, -692, -463, 
268, 312, 43, -290, 112, 178, -639, 380, -370, -419, -683, -458, 
273, 312, 39, -292, 117, 175, -639, 390, -366, -419, -683, -453, 
273, 312, 39, -292, 117, 175, -639, 390, -366, -419, -683, -453, 
268, 312, 43, -290, 112, 178, -639, 390, -366, -419, -688, -463, 
258, 322, 63, -290, 97, 192, -639, 395, -366, -419, -688, -463, 
258, 326, 68, -292, 95, 197, -639, 405, -361, -414, -688, -458, 
258, 326, 68, -292, 95, 197, -634, 414, -361, -414, -678, -453, 
258, 326, 68, -292, 95, 197, -634, 414, -361, -414, -678, -453, 
258, 322, 63, -290, 97, 192, -639, 400, -361, -419, -692, -453, 
258, 322, 63, -290, 97, 192, -639, 400, -361, -424, -692, -453, 
263, 326, 63, -295, 100, 195, -639, 400, -356, -424, -688, -453, 
263, 326, 63, -295, 100, 195, -639, 424, -356, -429, -688, -453, 
273, 341, 68, -307, 102, 204, -649, 424, -361, -409, -697, -453, 
273, 341, 68, -307, 102, 204, -649, 424, -361, -409, -697, -453, 
278, 346, 68, -312, 104, 207, -649, 429, -356, -409, -697, -453, 
278, 346, 68, -312, 104, 207, -649, 444, -351, -405, -697, -453, 
273, 356, 82, -314, 95, 219, -649, 468, -341, -414, -697, -453, 
258, 346, 87, -302, 85, 217, -649, 468, -341, -414, -692, -453, 
253, 346, 92, -300, 80, 219, -649, 453, -341, -414, -683, -453, 
253, 346, 92, -300, 80, 219, -649, 444, -336, -414, -673, -453, 
263, 361, 97, -312, 82, 229, -639, 448, -341, -409, -678, -453, 
268, 361, 92, -314, 87, 226, -639, 463, -341, -405, -683, -448, 
273, 361, 87, -317, 92, 224, -639, 463, -341, -405, -688, -448, 
278, 361, 82, -319, 97, 222, -644, 458, -336, -400, -692, -448, 
278, 366, 87, -322, 95, 226, -653, 458, -336, -400, -683, -448, 
283, 366, 82, -324, 100, 224, -653, 473, -331, -390, -678, -448, 
287, 370, 82, -329, 102, 226, -653, 483, -331, -390, -678, -448, 
287, 370, 82, -329, 102, 226, -653, 483, -331, -390, -678, -448, 
273, 370, 97, -322, 87, 234, -649, 473, -326, -390, -668, -448, 
273, 370, 97, -322, 87, 234, -649, 473, -317, -385, -658, -448, 
278, 370, 92, -324, 92, 231, -649, 473, -307, -375, -658, -444, 
283, 380, 97, -331, 92, 239, -649, 483, -302, -375, -658, -444, 
292, 380, 87, -336, 102, 234, -653, 492, -307, -375, -668, -444, 
292, 380, 87, -336, 102, 234, -653, 488, -307, -375, -663, -439, 
292, 380, 87, -336, 102, 234, -653, 488, -307, -375, -663, -439, 
292, 385, 92, -339, 100, 239, -653, 492, -312, -366, -663, -434, 
292, 395, 102, -344, 95, 248, -663, 502, -302, -361, -649, -444, 
292, 395, 102, -344, 95, 248, -663, 502, -297, -356, -644, -444, 
292, 400, 107, -346, 92, 253, -663, 483, -292, -356, -644, -444, 
297, 409, 112, -353, 92, 261, -668, 483, -292, -351, -644, -439, 
307, 400, 92, -353, 107, 246, -658, 488, -302, -346, -649, -439, 
307, 400, 92, -353, 107, 246, -653, 502, -302, -341, -644, -434, 
307, 400, 92, -353, 107, 246, -653, 502, -292, -341, -644, -434, 
307, 400, 92, -353, 107, 246, -653, 497, -292, -341, -639, -434, 
312, 414, 102, -363, 104, 258, -663, 488, -292, -341, -639, -434, 
317, 419, 102, -368, 107, 261, -663, 502, -283, -331, -629, -429, 
326, 419, 92, -373, 117, 256, -663, 512, -278, -317, -624, -429, 
326, 419, 92, -373, 117, 256, -668, 512, -273, -312, -624, -424, 
317, 429, 112, -373, 102, 270, -668, 492, -268, -312, -614, -434, 
317, 434, 117, -375, 100, 275, -668, 492, -268, -312, -610, -424, 
317, 439, 122, -378, 97, 280, -668, 502, -263, -302, -610, -419, 
326, 439, 112, -383, 107, 275, -668, 512, -258, -297, -610, -419, 
336, 444, 107, -390, 114, 275, -678, 522, -253, -292, -610, -409, 
336, 448, 112, -392, 112, 280, -683, 507, -248, -287, -610, -409, 
341, 453, 112, -397, 114, 283, -683, 507, -248, -283, -605, -409, 
341, 453, 112, -397, 114, 283, -683, 517, -244, -278, -600, -405, 
341, 473, 131, -407, 104, 302, -688, 536, -239, -268, -590, -405, 
346, 473, 126, -409, 109, 300, -688, 536, -234, -263, -585, -395, 
351, 473, 122, -412, 114, 297, -688, 522, -229, -253, -580, -395, 
351, 478, 126, -414, 112, 302, -688, 512, -224, -248, -575, -395, 
356, 483, 126, -419, 114, 305, -697, 512, -214, -248, -570, -385, 
361, 488, 126, -424, 117, 307, -702, 522, -214, -244, -566, -380, 
366, 492, 126, -429, 119, 309, -702, 522, -209, -234, -561, -380, 
366, 492, 126, -429, 119, 309, -702, 512, -204, -234, -556, -375, 
375, 502, 126, -439, 124, 314, -702, 502, -200, -229, -551, -370, 
385, 512, 126, -448, 129, 319, -707, 512, -200, -214, -546, -366, 
395, 522, 126, -458, 134, 324, -707, 531, -195, -204, -541, -366, 
400, 531, 131, -466, 134, 331, -712, 531, -190, -200, -531, -361, 
395, 527, 131, -461, 131, 329, -712, 507, -190, -195, -527, -366, 
400, 531, 131, -466, 134, 331, -717, 507, -185, -190, -527, -361, 
409, 536, 126, -473, 141, 331, -722, 512, -180, -185, -522, -361, 
409, 536, 126, -473, 141, 331, -727, 522, -180, -175, -517, -356, 
400, 541, 141, -470, 129, 341, -736, 531, -175, -180, -517, -346, 
400, 541, 141, -470, 129, 341, -732, 522, -170, -175, -512, -346, 
400, 541, 141, -470, 129, 341, -732, 512, -165, -170, -507, -341, 
409, 551, 141, -480, 134, 346, -732, 522, -161, -165, -502, -341, 
424, 566, 141, -495, 141, 353, -732, 541, -156, -151, -488, -341, 
424, 570, 146, -497, 139, 358, -732, 541, -156, -141, -483, -336, 
424, 570, 146, -497, 139, 358, -736, 527, -151, -136, -478, -331, 
429, 575, 146, -502, 141, 361, -736, 512, -146, -136, -473, -326, 
439, 590, 151, -514, 143, 370, -736, 517, -146, -126, -473, -326, 
444, 595, 151, -519, 146, 373, -736, 522, -141, -122, -468, -322, 
444, 600, 156, -522, 143, 378, -741, 522, -141, -117, -463, -322, 
444, 600, 156, -522, 143, 378, -741, 512, -141, -117, -463, -322, 
434, 600, 165, -517, 134, 383, -751, 507, -136, -122, -463, -322, 
434, 610, 175, -522, 129, 392, -751, 512, -136, -122, -463, -322, 
434, 610, 175, -522, 129, 392, -751, 522, -131, -112, -463, -322, 
434, 610, 175, -522, 129, 392, -746, 517, -131, -112, -468, -322, 
434, 605, 170, -519, 131, 387, -746, 507, -131, -122, -463, -322, 
434, 605, 170, -519, 131, 387, -741, 512, -131, -122, -463, -322, 
434, 600, 165, -517, 134, 383, -736, 522, -131, -122, -468, -322, 
424, 600, 175, -512, 124, 387, -736, 531, -136, -131, -473, -322, 
414, 600, 185, -507, 114, 392, -736, 531, -146, -136, -492, -336, 
414, 600, 185, -507, 114, 392, -722, 517, -146, -146, -492, -341, 
405, 590, 185, -497, 109, 387, -722, 507, -156, -156, -502, -351, 
400, 585, 185, -492, 107, 385, -722, 522, -165, -165, -512, -356, 
395, 585, 190, -490, 102, 387, -717, 541, -175, -190, -522, -366, 
385, 575, 190, -480, 97, 383, -707, 531, -180, -204, -531, -370, 
366, 566, 200, -466, 82, 383, -697, 517, -195, -219, -541, -375, 
366, 561, 195, -463, 85, 378, -688, 507, -204, -239, -551, -390, 
361, 546, 185, -453, 87, 366, -692, 512, -214, -244, -556, -395, 
351, 541, 190, -446, 80, 366, -692, 517, -219, -253, -570, -400, 
346, 531, 185, -439, 80, 358, -692, 502, -229, -268, -580, -409, 
331, 527, 195, -429, 68, 361, -692, 478, -239, -273, -585, -419, 
341, 522, 180, -431, 80, 351, -688, 463, -248, -292, -595, -439, 
341, 517, 175, -429, 82, 346, -683, 463, -258, -297, -605, -439, 
331, 512, 180, -422, 75, 346, -683, 483, -268, -307, -614, -444, 
326, 502, 175, -414, 75, 339, -683, 473, -278, -326, -619, -444, 
307, 497, 190, -402, 58, 344, -683, 453, -283, -341, -629, -448, 
302, 478, 175, -390, 63, 326, -683, 448, -292, -356, -639, -458, 
297, 473, 175, -385, 61, 324, -683, 448, -302, -366, -649, -463, 
297, 463, 165, -380, 65, 314, -678, 448, -312, -370, -653, -473, 
307, 473, 165, -390, 70, 319, -678, 448, -322, -375, -658, -463, 
297, 473, 175, -385, 61, 324, -683, 429, -322, -385, -658, -463, 
297, 468, 170, -383, 63, 319, -692, 414, -326, -390, -668, -468, 
297, 473, 175, -385, 61, 324, -697, 424, -331, -390, -668, -468, 
297, 473, 175, -385, 61, 324, -688, 439, -331, -390, -668, -473, 
292, 473, 180, -383, 56, 326, -688, 429, -341, -395, -673, -478, 
287, 468, 180, -378, 53, 324, -688, 414, -346, -405, -678, -483, 
283, 463, 180, -373, 51, 322, -688, 405, -356, -414, -688, -483, 
283, 463, 180, -373, 51, 322, -688, 405, -356, -419, -688, -488, 
283, 463, 180, -373, 51, 322, -688, 405, -361, -419, -692, -492, 
283, 463, 180, -373, 51, 322, -688, 405, -361, -424, -692, -497, 
283, 458, 175, -370, 53, 317, -688, 380, -366, -424, -692, -512, 
287, 468, 180, -378, 53, 324, -688, 390, -366, -419, -692, -507, 
287, 468, 180, -378, 53, 324, -688, 390, -361, -414, -692, -502, 
292, 468, 175, -380, 58, 322, -688, 400, -356, -409, -692, -497, 
292, 468, 175, -380, 58, 322, -688, 400, -351, -409, -697, -492, 
283, 453, 170, -368, 56, 312, -697, 390, -361, -424, -692, -492, 
283, 453, 170, -368, 56, 312, -697, 385, -370, -429, -692, -492, 
287, 453, 165, -370, 61, 309, -697, 385, -375, -429, -692, -492, 
287, 453, 165, -370, 61, 309, -697, 400, -380, -429, -692, -492, 
287, 463, 175, -375, 56, 319, -697, 400, -380, -429, -692, -507, 
287, 458, 170, -373, 58, 314, -697, 395, -380, -429, -692, -507, 
283, 458, 175, -370, 53, 317, -697, 375, -380, -429, -692, -507, 
283, 458, 175, -370, 53, 317, -697, 385, -375, -429, -692, -507, 
287, 463, 175, -375, 56, 319, -697, 414, -366, -424, -692, -502, 
287, 463, 175, -375, 56, 319, -697, 414, -366, -419, -692, -502, 
287, 463, 175, -375, 56, 319, -697, 405, -366, -414, -692, -507, 
287, 463, 175, -375, 56, 319, -697, 405, -366, -409, -692, -507, 
287, 473, 185, -380, 51, 329, -697, 400, -375, -419, -692, -507, 
287, 473, 185, -380, 51, 329, -697, 409, -375, -419, -692, -507, 
287, 473, 185, -380, 51, 329, -697, 395, -380, -429, -692, -507, 
287, 473, 185, -380, 51, 329, -697, 380, -380, -429, -692, -507, 
287, 463, 175, -375, 56, 319, -688, 375, -366, -439, -692, -502, 
287, 463, 175, -375, 56, 319, -688, 390, -366, -434, -688, -502, 
287, 463, 175, -375, 56, 319, -688, 400, -366, -434, -688, -502, 
287, 463, 175, -375, 56, 319, -688, 400, -366, -434, -688, -507, 
278, 458, 180, -368, 48, 319, -688, 390, -366, -429, -688, -497, 
278, 453, 175, -366, 51, 314, -688, 390, -366, -424, -688, -497, 
278, 448, 170, -363, 53, 309, -688, 395, -366, -419, -688, -492, 
278, 444, 165, -361, 56, 305, -688, 409, -366, -414, -688, -492, 
278, 439, 161, -358, 58, 300, -678, 419, -356, -414, -678, -492, 
278, 434, 156, -356, 61, 295, -678, 395, -356, -414, -678, -492, 
278, 434, 156, -356, 61, 295, -673, 395, -356, -414, -678, -492, 
278, 429, 151, -353, 63, 290, -668, 405, -356, -414, -678, -492, 
283, 424, 141, -353, 70, 283, -658, 424, -351, -414, -678, -483, 
283, 419, 136, -351, 73, 278, -658, 429, -351, -414, -678, -483, 
273, 414, 141, -344, 65, 278, -658, 419, -351, -409, -678, -483, 
273, 409, 136, -341, 68, 273, -663, 424, -351, -405, -678, -483, 
278, 409, 131, -344, 73, 270, -653, 434, -351, -395, -668, -483, 
278, 414, 136, -346, 70, 275, -653, 439, -351, -400, -668, -483, 
278, 414, 136, -346, 70, 275, -653, 439, -351, -400, -668, -483, 
278, 414, 136, -346, 70, 275, -649, 414, -351, -405, -668, -483, 
278, 400, 122, -339, 78, 261, -649, 405, -341, -414, -668, -483, 
283, 395, 112, -339, 85, 253, -649, 424, -341, -409, -668, -483, 
283, 395, 112, -339, 85, 253, -649, 434, -341, -405, -668, -483, 
283, 390, 107, -336, 87, 248, -644, 424, -341, -405, -668, -483, 
273, 380, 107, -326, 82, 244, -644, 424, -341, -405, -658, -473, 
273, 380, 107, -326, 82, 244, -644, 424, -341, -400, -658, -473, 
273, 380, 107, -326, 82, 244, -644, 434, -341, -395, -658, -473, 
273, 380, 107, -326, 82, 244, -644, 434, -341, -390, -658, -473, 
283, 370, 87, -326, 97, 229, -634, 439, -331, -395, -649, -463, 
278, 370, 92, -324, 92, 231, -639, 434, -331, -395, -649, -463, 
278, 370, 92, -324, 92, 231, -639, 424, -336, -395, -649, -463, 
278, 375, 97, -326, 90, 236, -639, 414, -341, -395, -649, -463, 
287, 361, 73, -324, 107, 217, -629, 439, -331, -395, -649, -463, 
287, 356, 68, -322, 109, 212, -629, 434, -331, -395, -649, -463, 
287, 351, 63, -319, 112, 207, -629, 429, -336, -395, -649, -463, 
287, 341, 53, -314, 117, 197, -629, 434, -336, -395, -649, -463, 
287, 326, 39, -307, 124, 183, -619, 444, -326, -390, -639, -453, 
287, 322, 34, -305, 126, 178, -619, 444, -326, -390, -644, -453, 
283, 317, 34, -300, 124, 175, -619, 444, -331, -395, -649, -453, 
283, 312, 29, -297, 126, 170, -619, 429, -331, -390, -649, -453, 
287, 317, 29, -302, 129, 173, -629, 419, -322, -390, -639, -453, 
287, 317, 29, -302, 129, 173, -629, 424, -322, -390, -639, -453, 
287, 312, 24, -300, 131, 168, -624, 434, -322, -390, -639, -453, 
287, 312, 24, -300, 131, 168, -624, 434, -326, -395, -639, -458, 
278, 297, 19, -287, 129, 158, -614, 439, -341, -390, -639, -448, 
278, 297, 19, -287, 129, 158, -619, 439, -341, -390, -639, -448, 
278, 297, 19, -287, 129, 158, -619, 439, -341, -390, -644, -448, 
278, 297, 19, -287, 129, 158, -619, 439, -341, -385, -644, -448, 
278, 292, 14, -285, 131, 153, -619, 429, -341, -395, -644, -448, 
278, 287, 9, -283, 134, 148, -619, 419, -351, -400, -644, -448, 
278, 287, 9, -283, 134, 148, -619, 414, -351, -400, -644, -448, 
278, 287, 9, -283, 134, 148, -619, 414, -346, -400, -644, -448, 
287, 297, 9, -292, 139, 153, -624, 424, -336, -400, -634, -448, 
287, 297, 9, -292, 139, 153, -624, 429, -341, -400, -634, -453, 
287, 297, 9, -292, 139, 153, -624, 434, -346, -400, -634, -453, 
287, 297, 9, -292, 139, 153, -624, 439, -351, -405, -634, -453, 
278, 283, 4, -280, 136, 143, -634, 429, -351, -405, -634, -463, 
273, 278, 4, -275, 134, 141, -634, 434, -351, -405, -634, -463, 
273, 273, 0, -273, 136, 136, -639, 434, -351, -409, -644, -463, 
273, 268, -4, -270, 139, 131, -639, 424, -361, -409, -649, -463, 
273, 258, -14, -265, 143, 122, -639, 414, -351, -409, -639, -453, 
278, 263, -14, -270, 146, 124, -634, 414, -346, -405, -634, -453, 
278, 263, -14, -270, 146, 124, -629, 434, -346, -405, -634, -453, 
278, 263, -14, -270, 146, 124, -624, 424, -346, -405, -639, -453, 
278, 253, -24, -265, 151, 114, -634, 414, -351, -405, -639, -453, 
287, 239, -48, -263, 168, 95, -634, 405, -361, -414, -639, -458, 
287, 253, -34, -270, 161, 109, -634, 414, -361, -419, -639, -458, 
287, 253, -34, -270, 161, 109, -634, 429, -361, -419, -634, -458, 
278, 244, -34, -261, 156, 104, -634, 419, -370, -419, -634, -458, 
278, 244, -34, -261, 156, 104, -644, 409, -375, -419, -639, -458, 
283, 244, -39, -263, 161, 102, -644, 405, -375, -419, -639, -458, 
283, 248, -34, -265, 158, 107, -639, 405, -375, -414, -639, -458, 
283, 239, -43, -261, 163, 97, -639, 424, -366, -405, -639, -448, 
278, 239, -39, -258, 158, 100, -639, 424, -366, -405, -639, -448, 
278, 229, -48, -253, 163, 90, -639, 414, -370, -409, -639, -458, 
283, 239, -43, -261, 163, 97, -639, 409, -375, -409, -639, -458, 
292, 248, -43, -270, 168, 102, -639, 409, -375, -414, -639, -448, 
292, 248, -43, -270, 168, 102, -634, 414, -375, -414, -639, -453, 
292, 248, -43, -270, 168, 102, -639, 414, -375, -414, -639, -453, 
287, 244, -43, -265, 165, 100, -634, 395, -375, -414, -639, -458, 
278, 234, -43, -256, 161, 95, -644, 375, -375, -419, -629, -468, 
283, 234, -48, -258, 165, 92, -644, 390, -375, -419, -629, -463, 
283, 239, -43, -261, 163, 97, -639, 395, -375, -414, -629, -463, 
283, 239, -43, -261, 163, 97, -639, 395, -380, -414, -629, -463, 
268, 229, -39, -248, 153, 95, -644, 390, -385, -419, -634, -463, 
268, 224, -43, -246, 156, 90, -653, 385, -385, -419, -634, -463, 
268, 224, -43, -246, 156, 90, -653, 385, -385, -419, -629, -463, 
268, 224, -43, -246, 156, 90, -649, 390, -380, -419, -629, -463, 
278, 224, -53, -251, 165, 85, -639, 390, -380, -429, -634, -463, 
278, 224, -53, -251, 165, 85, -644, 380, -385, -429, -634, -463, 
278, 224, -53, -251, 165, 85, -644, 380, -385, -434, -634, -458, 
283, 224, -58, -253, 170, 82, -634, 380, -385, -434, -634, -453, 
283, 224, -58, -253, 170, 82, -644, 395, -375, -429, -624, -453, 
278, 224, -53, -251, 165, 85, -644, 385, -375, -424, -629, -458, 
268, 214, -53, -241, 161, 80, -644, 375, -375, -424, -629, -458, 
268, 214, -53, -241, 161, 80, -644, 375, -375, -419, -629, -453, 
268, 214, -53, -241, 161, 80, -649, 385, -385, -419, -629, -444, 
268, 219, -48, -244, 158, 85, -649, 390, -385, -424, -629, -448, 
268, 219, -48, -244, 158, 85, -649, 390, -385, -429, -629, -453, 
263, 219, -43, -241, 153, 87, -644, 380, -385, -439, -629, -453, 
273, 209, -63, -241, 168, 73, -634, 366, -385, -434, -629, -453, 
278, 209, -68, -244, 173, 70, -639, 370, -385, -434, -629, -453, 
278, 214, -63, -246, 170, 75, -639, 375, -390, -434, -629, -453, 
278, 214, -63, -246, 170, 75, -634, 361, -390, -434, -624, -453, 
287, 204, -82, -246, 185, 61, -644, 361, -390, -434, -634, -453, 
287, 204, -82, -246, 185, 61, -644, 356, -390, -434, -639, -453, 
287, 204, -82, -246, 185, 61, -649, 361, -390, -434, -639, -453, 
287, 204, -82, -246, 185, 61, -649, 370, -390, -429, -639, -453, 
278, 204, -73, -241, 175, 65, -634, 375, -390, -429, -629, -448, 
283, 209, -73, -246, 178, 68, -634, 370, -390, -429, -629, -444, 
283, 209, -73, -246, 178, 68, -634, 375, -390, -434, -629, -444, 
278, 204, -73, -241, 175, 65, -634, 380, -390, -434, -629, -444, 
278, 204, -73, -241, 175, 65, -649, 380, -390, -434, -629, -453, 
278, 204, -73, -241, 175, 65, -649, 380, -390, -434, -629, -453, 
278, 204, -73, -241, 175, 65, -644, 370, -395, -434, -629, -453, 
278, 204, -73, -241, 175, 65, -644, 361, -395, -434, -629, -453, 
287, 214, -73, -251, 180, 70, -634, 366, -395, -434, -619, -448, 
287, 209, -78, -248, 183, 65, -639, 375, -395, -429, -619, -448, 
287, 209, -78, -248, 183, 65, -639, 380, -395, -429, -619, -448, 
287, 214, -73, -251, 180, 70, -639, 370, -395, -434, -624, -448, 
278, 204, -73, -241, 175, 65, -639, 356, -405, -444, -624, -444, 
278, 204, -73, -241, 175, 65, -639, 361, -400, -439, -619, -444, 
278, 204, -73, -241, 175, 65, -639, 366, -400, -439, -619, -439, 
278, 204, -73, -241, 175, 65, -639, 361, -405, -439, -619, -439, 
268, 190, -78, -229, 173, 56, -644, 356, -395, -439, -629, -448, 
268, 190, -78, -229, 173, 56, -649, 351, -395, -444, -624, -448, 
278, 190, -87, -234, 183, 51, -653, 356, -395, -444, -624, -448, 
278, 190, -87, -234, 183, 51, -658, 370, -395, -439, -624, -448, 
287, 204, -82, -246, 185, 61, -653, 370, -395, -429, -619, -448, 
287, 204, -82, -246, 185, 61, -653, 361, -395, -429, -619, -448, 
287, 200, -87, -244, 187, 56, -649, 361, -395, -434, -619, -448, 
287, 195, -92, -241, 190, 51, -649, 366, -395, -434, -624, -453, 
278, 185, -92, -231, 185, 46, -639, 366, -395, -434, -614, -444, 
287, 195, -92, -241, 190, 51, -639, 385, -385, -424, -614, -448, 
283, 204, -78, -244, 180, 63, -639, 395, -385, -414, -614, -448, 
273, 200, -73, -236, 173, 63, -639, 370, -380, -424, -614, -448, 
273, 204, -68, -239, 170, 68, -644, 351, -390, -429, -605, -439, 
283, 204, -78, -244, 180, 63, -653, 366, -390, -429, -614, -439, 
283, 204, -78, -244, 180, 63, -653, 370, -390, -429, -614, -439, 
283, 204, -78, -244, 180, 63, -653, 375, -390, -429, -614, -439, 
283, 204, -78, -244, 180, 63, -653, 380, -390, -429, -614, -439, 
292, 204, -87, -248, 190, 58, -658, 356, -400, -439, -614, -448, 
292, 204, -87, -248, 190, 58, -658, 366, -400, -439, -610, -448, 
292, 209, -82, -251, 187, 63, -658, 380, -400, -439, -610, -448, 
292, 209, -82, -251, 187, 63, -658, 366, -400, -439, -610, -448, 
283, 209, -73, -246, 178, 68, -649, 356, -390, -434, -610, -439, 
283, 209, -73, -246, 178, 68, -649, 356, -390, -434, -610, -439, 
283, 209, -73, -246, 178, 68, -644, 366, -390, -429, -610, -439, 
283, 209, -73, -246, 178, 68, -639, 375, -390, -429, -610, -439, 
283, 200, -82, -241, 183, 58, -639, 375, -390, -429, -610, -439, 
283, 200, -82, -241, 183, 58, -639, 361, -390, -429, -610, -439, 
283, 200, -82, -241, 183, 58, -639, 361, -390, -429, -610, -439, 
283, 204, -78, -244, 180, 63, -634, 375, -385, -424, -610, -439, 
278, 224, -53, -251, 165, 85, -639, 400, -375, -429, -610, -434, 
278, 234, -43, -256, 161, 95, -634, 390, -375, -429, -600, -429, 
278, 244, -34, -261, 156, 104, -634, 390, -370, -429, -595, -424, 
273, 248, -24, -261, 148, 112, -629, 390, -370, -424, -595, -419, 
278, 244, -34, -261, 156, 104, -614, 400, -370, -419, -590, -424, 
287, 244, -43, -265, 165, 100, -610, 419, -366, -414, -590, -424, 
292, 248, -43, -270, 168, 102, -605, 409, -356, -414, -590, -424, 
297, 248, -48, -273, 173, 100, -600, 400, -356, -414, -590, -424, 
287, 258, -29, -273, 158, 114, -600, 400, -356, -414, -585, -419, 
292, 268, -24, -280, 158, 122, -600, 409, -356, -409, -585, -419, 
292, 268, -24, -280, 158, 122, -590, 424, -356, -409, -585, -419, 
292, 268, -24, -280, 158, 122, -590, 424, -361, -409, -590, -414, 
292, 268, -24, -280, 158, 122, -605, 400, -361, -414, -580, -414, 
292, 268, -24, -280, 158, 122, -610, 400, -361, -414, -570, -409, 
307, 283, -24, -295, 165, 129, -610, 400, -351, -409, -566, -405, 
307, 287, -19, -297, 163, 134, -614, 409, -351, -400, -566, -400, 
322, 292, -29, -307, 175, 131, -619, 409, -361, -400, -556, -385, 
326, 292, -34, -309, 180, 129, -629, 395, -361, -400, -551, -385, 
336, 302, -34, -319, 185, 134, -634, 395, -361, -395, -551, -380, 
346, 312, -34, -329, 190, 139, -639, 405, -351, -390, -551, -380, 
351, 302, -48, -326, 200, 126, -644, 419, -351, -390, -541, -390, 
351, 297, -53, -324, 202, 122, -649, 409, -356, -390, -546, -395, 
351, 287, -63, -319, 207, 112, -649, 395, -356, -395, -546, -395, 
351, 287, -63, -319, 207, 112, -649, 385, -356, -395, -546, -395, 
356, 287, -68, -322, 212, 109, -644, 409, -346, -390, -551, -395, 
361, 287, -73, -324, 217, 107, -644, 419, -346, -390, -556, -400, 
361, 278, -82, -319, 222, 97, -649, 409, -351, -395, -561, -400, 
356, 278, -78, -317, 217, 100, -653, 395, -351, -395, -566, -400, 
356, 287, -68, -322, 212, 109, -653, 395, -361, -395, -566, -400, 
356, 287, -68, -322, 212, 109, -653, 405, -361, -395, -566, -400, 
356, 287, -68, -322, 212, 109, -658, 414, -361, -395, -566, -400, 
356, 283, -73, -319, 214, 104, -663, 400, -366, -395, -566, -400, 
346, 263, -82, -305, 214, 90, -678, 370, -361, -405, -561, -400, 
341, 263, -78, -302, 209, 92, -678, 370, -370, -405, -561, -400, 
341, 258, -82, -300, 212, 87, -678, 375, -370, -405, -566, -405, 
341, 253, -87, -297, 214, 82, -688, 375, -370, -409, -570, -405, 
341, 258, -82, -300, 212, 87, -688, 361, -380, -409, -570, -409, 
326, 248, -78, -287, 202, 85, -683, 351, -390, -419, -580, -419, 
317, 244, -73, -280, 195, 85, -678, 351, -395, -424, -580, -419, 
307, 239, -68, -273, 187, 85, -678, 361, -400, -424, -585, -424, 
292, 234, -58, -263, 175, 87, -678, 361, -400, -434, -590, -439, 
287, 224, -63, -256, 175, 80, -688, 356, -409, -439, -590, -444, 
278, 209, -68, -244, 173, 70, -688, 331, -414, -458, -595, -448, 
278, 209, -68, -244, 173, 70, -688, 326, -414, -463, -600, -453, 
287, 214, -73, -251, 180, 70, -692, 336, -419, -473, -605, -444, 
283, 204, -78, -244, 180, 63, -692, 346, -424, -473, -610, -448, 
283, 204, -78, -244, 180, 63, -692, 336, -424, -478, -614, -453, 
283, 200, -82, -241, 183, 58, -702, 322, -434, -483, -619, -453, 
283, 209, -73, -246, 178, 68, -712, 297, -439, -473, -619, -463, 
278, 209, -68, -244, 173, 70, -712, 317, -439, -473, -619, -463, 
278, 209, -68, -244, 173, 70, -712, 336, -439, -473, -619, -463, 
278, 204, -73, -241, 175, 65, -712, 322, -439, -473, -624, -463, 
283, 195, -87, -239, 185, 53, -702, 307, -439, -478, -634, -458, 
283, 195, -87, -239, 185, 53, -702, 307, -439, -483, -634, -458, 
278, 195, -82, -236, 180, 56, -707, 307, -439, -483, -634, -458, 
278, 195, -82, -236, 180, 56, -707, 317, -439, -478, -634, -458, 
273, 195, -78, -234, 175, 58, -702, 322, -448, -488, -624, -453, 
268, 200, -68, -234, 168, 65, -702, 317, -448, -488, -624, -453, 
268, 204, -63, -236, 165, 70, -702, 322, -453, -488, -624, -453, 
273, 214, -58, -244, 165, 78, -702, 336, -453, -483, -624, -453, 
283, 224, -58, -253, 170, 82, -707, 341, -434, -473, -614, -453, 
283, 224, -58, -253, 170, 82, -707, 336, -434, -473, -614, -453, 
278, 224, -53, -251, 165, 85, -707, 317, -434, -478, -614, -453, 
278, 224, -53, -251, 165, 85, -712, 302, -434, -478, -614, -453, 
273, 224, -48, -248, 161, 87, -712, 312, -434, -488, -624, -453, 
278, 229, -48, -253, 163, 90, -712, 322, -434, -483, -624, -458, 
278, 229, -48, -253, 163, 90, -712, 322, -434, -483, -619, -458, 
273, 219, -53, -246, 163, 82, -707, 307, -439, -483, -619, -458, 
273, 229, -43, -251, 158, 92, -707, 297, -448, -473, -619, -458, 
273, 229, -43, -251, 158, 92, -707, 307, -448, -473, -619, -458, 
273, 234, -39, -253, 156, 97, -707, 326, -444, -473, -619, -458, 
273, 234, -39, -253, 156, 97, -697, 326, -439, -473, -619, -458, 
278, 234, -43, -256, 161, 95, -683, 336, -429, -473, -629, -468, 
268, 239, -29, -253, 148, 104, -649, 346, -414, -483, -629, -468, 
268, 239, -29, -253, 148, 104, -619, 405, -385, -463, -619, -468, 
268, 224, -43, -246, 156, 90, -585, 473, -346, -434, -619, -473, 
263, 224, -39, -244, 151, 92, -556, 527, -312, -414, -610, -473, 
263, 234, -29, -248, 146, 102, -517, 551, -268, -385, -590, -463, 
273, 234, -39, -253, 156, 97, -502, 580, -219, -346, -561, -444, 
297, 263, -34, -280, 165, 114, -497, 639, -141, -278, -522, -424, 
346, 322, -24, -334, 185, 148, -473, 746, -34, -165, -453, -380, 
405, 409, 4, -407, 200, 207, -463, 858, 112, -14, -346, -312, 
463, 522, 58, -492, 202, 290, -517, 893, 253, 141, -239, -219, 
531, 658, 126, -595, 202, 392, -653, 883, 380, 307, -107, -131, 
629, 814, 185, -722, 222, 500, -858, 849, 512, 502, 58, 0, 
756, 966, 209, -861, 273, 588, -1098, 780, 624, 707, 224, 141, 
883, 1112, 229, -997, 326, 671, -1356, 624, 668, 873, 375, 258, 
990, 1249, 258, -1119, 366, 753, -1634, 405, 692, 1034, 531, 375, 
1078, 1361, 283, -1220, 397, 822, -1844, 292, 775, 1210, 663, 473, 
1132, 1410, 278, -1271, 427, 844, -1937, 312, 917, 1385, 751, 531, 
1156, 1405, 248, -1281, 453, 827, -1981, 400, 1049, 1522, 775, 541, 
1117, 1337, 219, -1227, 448, 778, -1995, 424, 1068, 1507, 736, 507, 
1024, 1215, 190, -1119, 417, 702, -2000, 302, 902, 1317, 605, 419, 
951, 1098, 146, -1024, 402, 622, -1981, 156, 668, 1068, 458, 326, 
888, 1019, 131, -954, 378, 575, -1903, 117, 502, 854, 312, 239, 
810, 932, 122, -871, 344, 527, -1781, 102, 297, 585, 151, 131, 
697, 795, 97, -746, 300, 446, -1678, 34, 4, 219, -53, -4, 
570, 649, 78, -610, 246, 363, -1566, -58, -278, -117, -258, -126, 
453, 507, 53, -480, 200, 280, -1434, -126, -507, -385, -424, -248, 
375, 419, 43, -397, 165, 231, -1322, -141, -639, -536, -541, -336, 
356, 395, 39, -375, 158, 217, -1234, -63, -624, -527, -556, -370, 
351, 370, 19, -361, 165, 195, -1141, 39, -556, -478, -556, -380, 
351, 346, -4, -348, 178, 170, -1058, 87, -522, -468, -566, -395, 
341, 346, 4, -344, 168, 175, -995, 117, -488, -453, -566, -395, 
351, 361, 9, -356, 170, 185, -932, 185, -444, -424, -551, -390, 
361, 361, 0, -361, 180, 180, -878, 253, -414, -405, -551, -400, 
361, 356, -4, -358, 183, 175, -844, 302, -405, -405, -551, -400, 
341, 351, 9, -346, 165, 180, -810, 312, -390, -400, -556, -405, 
317, 336, 19, -326, 148, 178, -790, 317, -380, -405, -551, -414, 
322, 326, 4, -324, 158, 165, -785, 336, -380, -409, -551, -419, 
322, 346, 24, -334, 148, 185, -771, 361, -375, -419, -566, -424, 
322, 346, 24, -334, 148, 185, -751, 356, -380, -414, -570, -429, 
302, 322, 19, -312, 141, 170, -746, 312, -395, -429, -580, -424, 
302, 317, 14, -309, 143, 165, -736, 287, -414, -444, -585, -424, 
312, 317, 4, -314, 153, 161, -732, 307, -419, -448, -585, -429, 
317, 317, 0, -317, 158, 158, -722, 322, -419, -448, -585, -429, 
317, 312, -4, -314, 161, 153, -722, 322, -419, -453, -590, -439, 
312, 307, -4, -309, 158, 151, -717, 322, -419, -453, -595, -439, 
307, 317, 9, -312, 148, 163, -717, 326, -419, -463, -600, -439, 
307, 317, 9, -312, 148, 163, -717, 341, -419, -463, -600, -444, 
302, 312, 9, -307, 146, 161, -717, 341, -419, -463, -600, -444, 
302, 312, 9, -307, 146, 161, -712, 331, -419, -473, -605, -444, 
302, 322, 19, -312, 141, 170, -717, 297, -424, -473, -614, -453, 
302, 322, 19, -312, 141, 170, -712, 283, -424, -473, -614, -453, 
302, 326, 24, -314, 139, 175, -712, 297, -419, -468, -614, -448, 
307, 326, 19, -317, 143, 173, -712, 317, -419, -463, -614, -448, 
307, 331, 24, -319, 141, 178, -717, 326, -424, -473, -614, -448, 
302, 326, 24, -314, 139, 175, -717, 326, -424, -473, -614, -448, 
302, 326, 24, -314, 139, 175, -717, 336, -424, -473, -614, -448, 
307, 326, 19, -317, 143, 173, -717, 351, -424, -473, -619, -448, 
307, 326, 19, -317, 143, 173, -707, 375, -419, -468, -619, -448, 
307, 326, 19, -317, 143, 173, -707, 366, -419, -468, -614, -448, 
302, 322, 19, -312, 141, 170, -707, 351, -419, -483, -614, -448, 
302, 322, 19, -312, 141, 170, -707, 341, -419, -483, -614, -448, 
317, 326, 9, -322, 153, 168, -717, 361, -419, -478, -610, -439, 
317, 326, 9, -322, 153, 168, -712, 375, -419, -473, -605, -439, 
317, 326, 9, -322, 153, 168, -712, 375, -414, -473, -595, -439, 
317, 326, 9, -322, 153, 168, -712, 375, -414, -473, -590, -439, 
312, 336, 24, -324, 143, 180, -717, 370, -424, -473, -605, -448, 
307, 336, 29, -322, 139, 183, -717, 385, -424, -473, -605, -448, 
302, 336, 34, -319, 134, 185, -717, 395, -424, -478, -600, -453, 
292, 336, 43, -314, 124, 190, -717, 380, -424, -483, -600, -453, 
302, 346, 43, -324, 129, 195, -707, 356, -414, -483, -590, -444, 
302, 346, 43, -324, 129, 195, -707, 341, -414, -483, -590, -444, 
307, 351, 43, -329, 131, 197, -707, 341, -414, -478, -590, -439, 
307, 351, 43, -329, 131, 197, -707, 351, -414, -478, -590, -439, 
317, 351, 34, -334, 141, 192, -717, 361, -424, -488, -595, -444, 
317, 351, 34, -334, 141, 192, -717, 351, -424, -488, -600, -444, 
317, 351, 34, -334, 141, 192, -717, 351, -424, -488, -605, -448, 
322, 351, 29, -336, 146, 190, -717, 356, -419, -488, -610, -453, 
326, 361, 34, -344, 146, 197, -717, 366, -409, -478, -600, -444, 
326, 366, 39, -346, 143, 202, -717, 356, -409, -478, -600, -444, 
322, 370, 48, -346, 136, 209, -717, 336, -405, -478, -600, -444, 
322, 375, 53, -348, 134, 214, -717, 331, -405, -473, -595, -444, 
326, 380, 53, -353, 136, 217, -717, 341, -409, -468, -585, -439, 
331, 380, 48, -356, 141, 214, -717, 351, -405, -468, -585, -434, 
331, 380, 48, -356, 141, 214, -717, 351, -405, -468, -585, -434, 
326, 380, 53, -353, 136, 217, -717, 351, -405, -468, -590, -444, 
336, 390, 53, -363, 141, 222, -727, 346, -405, -458, -590, -444, 
336, 395, 58, -366, 139, 226, -727, 356, -400, -453, -590, -439, 
336, 395, 58, -366, 139, 226, -722, 366, -400, -453, -580, -434, 
336, 395, 58, -366, 139, 226, -722, 366, -400, -453, -580, -434, 
326, 400, 73, -363, 126, 236, -727, 346, -409, -458, -595, -434, 
326, 400, 73, -363, 126, 236, -727, 341, -409, -463, -595, -434, 
331, 405, 73, -368, 129, 239, -727, 336, -405, -463, -590, -434, 
331, 405, 73, -368, 129, 239, -727, 356, -405, -468, -590, -434, 
331, 400, 68, -366, 131, 234, -736, 366, -400, -458, -590, -444, 
331, 400, 68, -366, 131, 234, -736, 366, -400, -458, -590, -444, 
336, 405, 68, -370, 134, 236, -736, 370, -395, -458, -590, -444, 
336, 405, 68, -370, 134, 236, -736, 385, -390, -453, -590, -444, 
346, 414, 68, -380, 139, 241, -727, 409, -380, -444, -585, -444, 
336, 405, 68, -370, 134, 236, -727, 409, -380, -444, -585, -444, 
336, 405, 68, -370, 134, 236, -727, 395, -380, -444, -580, -444, 
341, 405, 63, -373, 139, 234, -727, 385, -375, -444, -575, -444, 
346, 419, 73, -383, 136, 246, -736, 390, -375, -444, -575, -434, 
346, 419, 73, -383, 136, 246, -736, 405, -380, -444, -575, -429, 
346, 419, 73, -383, 136, 246, -736, 405, -385, -448, -575, -429, 
346, 419, 73, -383, 136, 246, -741, 400, -385, -448, -575, -429, 
346, 434, 87, -390, 129, 261, -741, 400, -380, -439, -575, -429, 
351, 434, 82, -392, 134, 258, -741, 414, -370, -429, -570, -429, 
356, 439, 82, -397, 136, 261, -741, 424, -366, -429, -570, -429, 
356, 439, 82, -397, 136, 261, -741, 424, -361, -429, -570, -429, 
351, 439, 87, -395, 131, 263, -746, 409, -370, -439, -580, -439, 
351, 439, 87, -395, 131, 263, -746, 405, -366, -434, -570, -439, 
356, 439, 82, -397, 136, 261, -746, 400, -361, -424, -570, -434, 
361, 448, 87, -405, 136, 268, -746, 405, -361, -424, -570, -434, 
361, 448, 87, -405, 136, 268, -751, 405, -370, -414, -561, -434, 
361, 448, 87, -405, 136, 268, -751, 400, -366, -414, -556, -429, 
361, 448, 87, -405, 136, 268, -751, 400, -361, -414, -556, -429, 
361, 453, 92, -407, 134, 273, -751, 405, -361, -405, -556, -424, 
370, 453, 82, -412, 143, 268, -751, 414, -341, -409, -551, -424, 
370, 453, 82, -412, 143, 268, -751, 414, -336, -405, -546, -424, 
370, 458, 87, -414, 141, 273, -751, 395, -331, -405, -546, -424, 
375, 468, 92, -422, 141, 280, -756, 395, -331, -400, -546, -419, 
375, 468, 92, -422, 141, 280, -761, 400, -341, -395, -551, -419, 
375, 468, 92, -422, 141, 280, -761, 414, -341, -390, -546, -414, 
375, 468, 92, -422, 141, 280, -766, 414, -331, -390, -546, -414, 
375, 468, 92, -422, 141, 280, -771, 409, -331, -390, -541, -414, 
380, 478, 97, -429, 141, 287, -771, 409, -331, -380, -541, -424, 
385, 488, 102, -436, 141, 295, -771, 424, -322, -370, -531, -419, 
395, 492, 97, -444, 148, 295, -771, 434, -317, -356, -527, -419, 
395, 497, 102, -446, 146, 300, -775, 434, -312, -351, -527, -414, 
405, 497, 92, -451, 156, 295, -775, 409, -307, -351, -517, -414, 
405, 502, 97, -453, 153, 300, -775, 405, -307, -351, -512, -405, 
405, 507, 102, -456, 151, 305, -775, 409, -302, -341, -512, -400, 
414, 507, 92, -461, 161, 300, -775, 414, -297, -336, -512, -400, 
405, 512, 107, -458, 148, 309, -785, 424, -292, -331, -502, -390, 
405, 517, 112, -461, 146, 314, -790, 409, -287, -326, -502, -390, 
409, 522, 112, -466, 148, 317, -790, 409, -287, -322, -497, -390, 
409, 522, 112, -466, 148, 317, -790, 419, -283, -317, -492, -385, 
429, 536, 107, -483, 161, 322, -805, 429, -278, -307, -492, -395, 
434, 541, 107, -488, 163, 324, -805, 429, -273, -302, -488, -385, 
439, 546, 107, -492, 165, 326, -805, 414, -268, -292, -483, -385, 
439, 556, 117, -497, 161, 336, -805, 405, -263, -287, -478, -385, 
444, 570, 126, -507, 158, 348, -824, 414, -263, -278, -473, -366, 
448, 575, 126, -512, 161, 351, -829, 424, -263, -273, -468, -361, 
453, 580, 126, -517, 163, 353, -829, 424, -258, -263, -463, -361, 
453, 580, 126, -517, 163, 353, -829, 414, -253, -263, -458, -356, 
458, 575, 117, -517, 170, 346, -829, 405, -248, -258, -453, -351, 
463, 580, 117, -522, 173, 348, -834, 414, -248, -244, -448, -346, 
468, 585, 117, -527, 175, 351, -834, 434, -244, -234, -444, -346, 
468, 590, 122, -529, 173, 356, -839, 434, -239, -229, -434, -341, 
473, 595, 122, -534, 175, 358, -839, 409, -229, -224, -429, -336, 
478, 600, 122, -539, 178, 361, -844, 409, -224, -219, -429, -331, 
488, 605, 117, -546, 185, 361, -849, 414, -219, -214, -424, -331, 
488, 605, 117, -546, 185, 361, -854, 424, -219, -204, -419, -326, 
488, 619, 131, -553, 178, 375, -854, 424, -214, -200, -409, -326, 
488, 619, 131, -553, 178, 375, -849, 414, -209, -195, -405, -326, 
488, 619, 131, -553, 178, 375, -849, 405, -204, -190, -400, -322, 
497, 629, 131, -563, 183, 380, -849, 414, -200, -185, -395, -322, 
512, 644, 131, -578, 190, 387, -854, 424, -204, -180, -390, -322, 
512, 649, 136, -580, 187, 392, -858, 424, -204, -170, -385, -317, 
512, 649, 136, -580, 187, 392, -868, 409, -200, -165, -380, -312, 
517, 653, 136, -585, 190, 395, -873, 395, -195, -165, -375, -307, 
517, 668, 151, -592, 183, 409, -873, 409, -195, -165, -375, -297, 
522, 673, 151, -597, 185, 412, -873, 414, -190, -161, -370, -292, 
522, 678, 156, -600, 183, 417, -878, 414, -190, -156, -366, -292, 
522, 678, 156, -600, 183, 417, -878, 405, -190, -156, -366, -292, 
531, 678, 146, -605, 192, 412, -888, 395, -185, -151, -370, -292, 
531, 688, 156, -610, 187, 422, -888, 405, -185, -151, -366, -292, 
531, 688, 156, -610, 187, 422, -888, 419, -180, -141, -361, -292, 
531, 688, 156, -610, 187, 422, -883, 419, -180, -141, -361, -292, 
517, 673, 156, -595, 180, 414, -878, 414, -180, -161, -366, -302, 
512, 673, 161, -592, 175, 417, -868, 414, -180, -161, -366, -302, 
507, 668, 161, -588, 173, 414, -858, 419, -180, -161, -370, -302, 
492, 668, 175, -580, 158, 422, -854, 424, -185, -170, -375, -302, 
492, 668, 175, -580, 158, 422, -854, 424, -190, -180, -395, -317, 
492, 668, 175, -580, 158, 422, -839, 409, -195, -195, -395, -322, 
483, 658, 175, -570, 153, 417, -839, 400, -209, -209, -405, -331, 
478, 653, 175, -566, 151, 414, -839, 414, -224, -224, -414, -336, 
463, 663, 200, -563, 131, 431, -829, 424, -234, -248, -434, -346, 
453, 653, 200, -553, 126, 427, -824, 414, -239, -263, -444, -351, 
434, 644, 209, -539, 112, 427, -819, 400, -253, -278, -453, -356, 
434, 639, 204, -536, 114, 422, -814, 390, -263, -297, -463, -370, 
429, 634, 204, -531, 112, 419, -800, 409, -273, -302, -468, -375, 
419, 629, 209, -524, 104, 419, -800, 419, -278, -312, -483, -380, 
414, 619, 204, -517, 104, 412, -800, 409, -287, -326, -492, -390, 
400, 614, 214, -507, 92, 414, -800, 390, -297, -331, -497, -400, 
405, 619, 214, -512, 95, 417, -795, 375, -297, -351, -507, -409, 
409, 614, 204, -512, 102, 409, -790, 375, -307, -356, -517, -409, 
405, 610, 204, -507, 100, 407, -790, 395, -317, -366, -527, -414, 
405, 600, 195, -502, 104, 397, -790, 385, -326, -385, -531, -414, 
380, 600, 219, -490, 80, 409, -780, 366, -341, -400, -541, -419, 
370, 585, 214, -478, 78, 400, -780, 361, -351, -414, -551, -429, 
361, 585, 224, -473, 68, 405, -780, 361, -361, -424, -561, -434, 
356, 580, 224, -468, 65, 402, -775, 361, -370, -429, -566, -444, 
361, 585, 224, -473, 68, 405, -775, 370, -380, -444, -570, -444, 
356, 580, 224, -468, 65, 402, -780, 351, -380, -453, -570, -444, 
361, 570, 209, -466, 75, 390, -790, 336, -385, -458, -580, -448, 
366, 570, 204, -468, 80, 387, -795, 346, -390, -458, -580, -448, 
366, 580, 214, -473, 75, 397, -795, 361, -390, -458, -580, -453, 
361, 580, 219, -470, 70, 400, -795, 351, -400, -463, -585, -458, 
356, 575, 219, -466, 68, 397, -795, 336, -405, -473, -590, -463, 
351, 570, 219, -461, 65, 395, -795, 326, -414, -483, -600, -463, 
351, 580, 229, -466, 61, 405, -785, 336, -414, -488, -600, -463, 
351, 580, 229, -466, 61, 405, -785, 336, -419, -488, -605, -463, 
351, 580, 229, -466, 61, 405, -785, 336, -419, -492, -605, -463, 
351, 575, 224, -463, 63, 400, -785, 312, -424, -492, -605, -473, 
346, 575, 229, -461, 58, 402, -795, 322, -419, -492, -605, -473, 
346, 575, 229, -461, 58, 402, -795, 322, -419, -492, -605, -473, 
351, 575, 224, -463, 63, 400, -795, 331, -419, -492, -605, -473, 
351, 575, 224, -463, 63, 400, -795, 331, -419, -497, -610, -473, 
341, 570, 229, -456, 56, 400, -795, 322, -434, -502, -605, -473, 
341, 570, 229, -456, 56, 400, -795, 317, -439, -507, -605, -473, 
346, 570, 224, -458, 61, 397, -795, 317, -439, -507, -605, -473, 
346, 570, 224, -458, 61, 397, -795, 331, -439, -507, -605, -473, 
346, 580, 234, -463, 56, 407, -805, 322, -439, -517, -610, -488, 
346, 575, 229, -461, 58, 402, -805, 317, -439, -517, -614, -488, 
341, 575, 234, -458, 53, 405, -805, 297, -439, -517, -619, -488, 
341, 575, 234, -458, 53, 405, -805, 307, -434, -517, -624, -488, 
346, 590, 244, -468, 51, 417, -795, 336, -444, -517, -624, -483, 
346, 590, 244, -468, 51, 417, -795, 336, -444, -517, -624, -483, 
346, 590, 244, -468, 51, 417, -795, 326, -444, -517, -624, -488, 
346, 590, 244, -468, 51, 417, -795, 326, -444, -517, -624, -488, 
336, 600, 263, -468, 36, 431, -805, 326, -444, -517, -624, -488, 
336, 600, 263, -468, 36, 431, -805, 341, -444, -517, -624, -488, 
336, 600, 263, -468, 36, 431, -805, 331, -448, -527, -624, -488, 
336, 600, 263, -468, 36, 431, -805, 322, -448, -527, -624, -488, 
336, 590, 253, -463, 41, 422, -795, 312, -434, -527, -624, -473, 
336, 590, 253, -463, 41, 422, -795, 331, -434, -522, -619, -473, 
336, 590, 253, -463, 41, 422, -795, 346, -434, -522, -619, -473, 
336, 590, 253, -463, 41, 422, -795, 351, -434, -522, -619, -478, 
336, 600, 263, -468, 36, 431, -805, 331, -444, -512, -619, -488, 
336, 600, 263, -468, 36, 431, -805, 331, -444, -512, -619, -488, 
336, 600, 263, -468, 36, 431, -805, 336, -444, -512, -619, -483, 
336, 600, 263, -468, 36, 431, -805, 351, -444, -512, -619, -483, 
336, 600, 263, -468, 36, 431, -805, 341, -434, -522, -619, -492, 
336, 600, 263, -468, 36, 431, -805, 317, -434, -522, -619, -492, 
336, 605, 268, -470, 34, 436, -800, 317, -434, -522, -619, -492, 
336, 605, 268, -470, 34, 436, -795, 326, -434, -522, -619, -492, 
351, 614, 263, -483, 43, 439, -805, 341, -439, -522, -629, -483, 
351, 614, 263, -483, 43, 439, -805, 341, -439, -522, -629, -483, 
341, 614, 273, -478, 34, 444, -805, 326, -439, -517, -629, -483, 
341, 614, 273, -478, 34, 444, -810, 326, -439, -512, -629, -483, 
336, 605, 268, -470, 34, 436, -810, 322, -439, -512, -629, -483, 
336, 610, 273, -473, 31, 441, -810, 322, -439, -517, -629, -483, 
336, 610, 273, -473, 31, 441, -810, 317, -439, -517, -629, -483, 
336, 610, 273, -473, 31, 441, -805, 287, -439, -522, -629, -483, 
346, 614, 268, -480, 39, 441, -814, 297, -448, -527, -629, -483, 
351, 619, 268, -485, 41, 444, -814, 317, -448, -527, -629, -483, 
351, 629, 278, -490, 36, 453, -814, 326, -448, -527, -629, -483, 
351, 634, 283, -492, 34, 458, -810, 317, -448, -531, -629, -483, 
341, 624, 283, -483, 29, 453, -810, 307, -448, -527, -619, -492, 
341, 624, 283, -483, 29, 453, -810, 307, -448, -527, -619, -492, 
341, 624, 283, -483, 29, 453, -810, 317, -448, -527, -619, -492, 
341, 624, 283, -483, 29, 453, -810, 317, -448, -527, -619, -492, 
351, 624, 273, -488, 39, 448, -810, 341, -448, -512, -619, -483, 
336, 624, 287, -480, 24, 456, -805, 317, -448, -522, -619, -483, 
336, 624, 287, -480, 24, 456, -805, 307, -453, -541, -629, -492, 
