I, II, III, aVR, aVL, aVF, V1, V2, V3, V4, V5, V6, 
-312, 185, 497, 63, -405, 341, -48, -185, -322, -244, -370, -341, 
-312, 185, 497, 63, -405, 341, -48, -185, -322, -244, -370, -341, 
-312, 185, 497, 63, -405, 341, -48, -185, -322, -244, -370, -341, 
-312, 185, 497, 63, -405, 341, -48, -185, -322, -244, -370, -341, 
-302, 195, 497, 53, -400, 346, -39, -185, -312, -234, -361, -331, 
-302, 195, 497, 53, -400, 346, -39, -185, -312, -234, -361, -331, 
-302, 195, 497, 53, -400, 346, -39, -185, -312, -234, -361, -331, 
-302, 195, 497, 53, -400, 346, -39, -185, -312, -234, -361, -331, 
-302, 204, 507, 48, -405, 356, -48, -185, -312, -224, -351, -331, 
-302, 204, 507, 48, -405, 356, -48, -185, -312, -224, -351, -331, 
-302, 204, 507, 48, -405, 356, -48, -185, -312, -224, -351, -331, 
-302, 204, 507, 48, -405, 356, -48, -185, -312, -224, -351, -331, 
-302, 209, 512, 46, -407, 361, -58, -185, -302, -214, -341, -331, 
-302, 214, 517, 43, -409, 366, -58, -185, -302, -214, -341, -331, 
-302, 219, 522, 41, -412, 370, -58, -185, -302, -214, -341, -331, 
-302, 224, 527, 39, -414, 375, -58, -185, -302, -214, -341, -331, 
-302, 219, 522, 41, -412, 370, -58, -185, -302, -214, -341, -331, 
-302, 214, 517, 43, -409, 366, -58, -185, -302, -214, -341, -331, 
-302, 209, 512, 46, -407, 361, -58, -185, -302, -214, -341, -331, 
-302, 204, 507, 48, -405, 356, -58, -185, -302, -214, -341, -331, 
-302, 214, 517, 43, -409, 366, -58, -175, -302, -214, -341, -322, 
-302, 214, 517, 43, -409, 366, -58, -175, -302, -214, -341, -322, 
-302, 214, 517, 43, -409, 366, -58, -175, -302, -214, -341, -322, 
-302, 214, 517, 43, -409, 366, -58, -175, -302, -214, -341, -322, 
-292, 224, 517, 34, -405, 370, -48, -175, -292, -214, -341, -322, 
-292, 224, 517, 34, -405, 370, -48, -175, -292, -214, -341, -322, 
-292, 224, 517, 34, -405, 370, -48, -175, -292, -214, -341, -322, 
-292, 224, 517, 34, -405, 370, -48, -175, -292, -214, -341, -322, 
-302, 214, 517, 43, -409, 366, -58, -165, -292, -204, -331, -312, 
-302, 214, 517, 43, -409, 366, -58, -165, -292, -204, -331, -312, 
-302, 214, 517, 43, -409, 366, -58, -165, -292, -204, -331, -312, 
-302, 214, 517, 43, -409, 366, -58, -165, -292, -204, -331, -312, 
-302, 214, 517, 43, -409, 366, -58, -175, -302, -214, -341, -322, 
-302, 214, 517, 43, -409, 366, -58, -175, -302, -214, -341, -322, 
-302, 214, 517, 43, -409, 366, -58, -175, -302, -214, -341, -322, 
-302, 214, 517, 43, -409, 366, -58, -175, -302, -214, -341, -322, 
-312, 204, 517, 53, -414, 361, -58, -175, -297, -204, -331, -312, 
-312, 204, 517, 53, -414, 361, -58, -175, -292, -204, -331, -312, 
-312, 204, 517, 53, -414, 361, -58, -175, -287, -204, -331, -312, 
-312, 204, 517, 53, -414, 361, -58, -175, -283, -204, -331, -312, 
-297, 224, 522, 36, -409, 373, -68, -175, -287, -214, -331, -322, 
-283, 244, 527, 19, -405, 385, -68, -175, -292, -214, -331, -322, 
-268, 263, 531, 2, -400, 397, -68, -175, -297, -214, -331, -322, 
-253, 283, 536, -14, -395, 409, -68, -175, -302, -214, -331, -322, 
-283, 253, 536, 14, -409, 395, -63, -161, -287, -200, -322, -312, 
-302, 224, 527, 39, -414, 375, -58, -156, -283, -195, -322, -312, 
-322, 195, 517, 63, -419, 356, -53, -151, -278, -190, -322, -312, 
-341, 165, 507, 87, -424, 336, -48, -146, -273, -185, -322, -312, 
-307, 195, 502, 56, -405, 348, -63, -156, -283, -204, -336, -317, 
-283, 224, 507, 29, -395, 366, -68, -165, -292, -214, -341, -322, 
-258, 253, 512, 2, -385, 383, -73, -175, -302, -224, -346, -326, 
-234, 283, 517, -24, -375, 400, -78, -185, -312, -234, -351, -331, 
-253, 258, 512, -2, -383, 385, -63, -170, -292, -219, -341, -317, 
-273, 244, 517, 14, -395, 380, -58, -165, -283, -204, -331, -312, 
-292, 229, 522, 31, -407, 375, -53, -161, -273, -190, -322, -307, 
-312, 214, 527, 48, -419, 370, -48, -156, -263, -175, -312, -302, 
-302, 219, 522, 41, -412, 370, -63, -161, -268, -190, -317, -307, 
-292, 224, 517, 34, -405, 370, -68, -165, -273, -195, -322, -312, 
-283, 229, 512, 26, -397, 370, -73, -170, -278, -200, -326, -317, 
-273, 234, 507, 19, -390, 370, -78, -175, -283, -204, -331, -322, 
-263, 239, 502, 12, -383, 370, -78, -165, -283, -195, -331, -312, 
-263, 244, 507, 9, -385, 375, -78, -165, -283, -195, -331, -312, 
-263, 248, 512, 7, -387, 380, -78, -165, -283, -195, -331, -312, 
-263, 253, 517, 4, -390, 385, -78, -165, -283, -195, -331, -312, 
-268, 239, 507, 14, -387, 373, -78, -165, -273, -190, -326, -302, 
-273, 234, 507, 19, -390, 370, -78, -165, -273, -185, -322, -302, 
-278, 229, 507, 24, -392, 368, -78, -165, -273, -180, -317, -302, 
-283, 224, 507, 29, -395, 366, -78, -165, -273, -175, -312, -302, 
-273, 244, 517, 14, -395, 380, -87, -175, -283, -185, -322, -302, 
-263, 253, 517, 4, -390, 385, -87, -175, -283, -185, -322, -302, 
-253, 263, 517, -4, -385, 390, -87, -175, -283, -185, -322, -302, 
-244, 273, 517, -14, -380, 395, -87, -175, -283, -185, -322, -302, 
-248, 263, 512, -7, -380, 387, -78, -170, -273, -180, -312, -292, 
-253, 263, 517, -4, -385, 390, -78, -165, -273, -175, -312, -292, 
-258, 263, 522, -2, -390, 392, -78, -161, -273, -170, -312, -292, 
-263, 263, 527, 0, -395, 395, -78, -156, -273, -165, -312, -292, 
-253, 253, 507, 0, -380, 380, -87, -156, -263, -175, -312, -292, 
-253, 253, 507, 0, -380, 380, -87, -156, -263, -175, -312, -292, 
-253, 253, 507, 0, -380, 380, -87, -156, -263, -175, -312, -292, 
-253, 253, 507, 0, -380, 380, -87, -156, -263, -175, -312, -292, 
-248, 268, 517, -9, -383, 392, -97, -156, -273, -175, -312, -292, 
-244, 273, 517, -14, -380, 395, -97, -156, -273, -175, -312, -292, 
-239, 278, 517, -19, -378, 397, -97, -156, -273, -175, -312, -292, 
-234, 283, 517, -24, -375, 400, -97, -156, -273, -175, -312, -292, 
-224, 283, 507, -29, -366, 395, -97, -151, -263, -170, -307, -287, 
-224, 283, 507, -29, -366, 395, -97, -146, -263, -165, -302, -283, 
-224, 283, 507, -29, -366, 395, -97, -141, -263, -161, -297, -278, 
-224, 283, 507, -29, -366, 395, -97, -136, -263, -156, -292, -273, 
-219, 287, 507, -34, -363, 397, -107, -126, -258, -146, -287, -263, 
-214, 292, 507, -39, -361, 400, -107, -126, -253, -146, -283, -263, 
-209, 297, 507, -43, -358, 402, -107, -126, -248, -146, -278, -263, 
-204, 302, 507, -48, -356, 405, -107, -126, -244, -146, -273, -263, 
-200, 317, 517, -58, -358, 417, -117, -117, -244, -136, -273, -263, 
-195, 322, 517, -63, -356, 419, -117, -117, -244, -136, -273, -263, 
-190, 326, 517, -68, -353, 422, -117, -117, -244, -136, -273, -263, 
-185, 331, 517, -73, -351, 424, -117, -117, -244, -136, -273, -263, 
-180, 341, 522, -80, -351, 431, -122, -107, -234, -131, -268, -258, 
-175, 341, 517, -82, -346, 429, -126, -107, -234, -126, -263, -253, 
-170, 341, 512, -85, -341, 427, -131, -107, -234, -122, -258, -248, 
-165, 341, 507, -87, -336, 424, -136, -107, -234, -117, -253, -244, 
-161, 351, 512, -95, -336, 431, -146, -97, -224, -107, -253, -234, 
-156, 351, 507, -97, -331, 429, -146, -97, -224, -107, -253, -234, 
-151, 351, 502, -100, -326, 427, -146, -97, -224, -107, -253, -234, 
-146, 351, 497, -102, -322, 424, -146, -97, -224, -107, -253, -234, 
-126, 361, 488, -117, -307, 424, -151, -87, -219, -97, -239, -229, 
-117, 370, 488, -126, -302, 429, -156, -87, -214, -97, -234, -224, 
-107, 380, 488, -136, -297, 434, -161, -87, -209, -97, -229, -219, 
-97, 390, 488, -146, -292, 439, -165, -87, -204, -97, -224, -214, 
-97, 390, 488, -146, -292, 439, -165, -78, -204, -97, -224, -214, 
-97, 390, 488, -146, -292, 439, -165, -78, -204, -97, -224, -214, 
-97, 390, 488, -146, -292, 439, -165, -78, -204, -97, -224, -214, 
-97, 390, 488, -146, -292, 439, -165, -78, -204, -97, -224, -214, 
-82, 405, 488, -161, -285, 446, -170, -68, -204, -87, -214, -204, 
-78, 409, 488, -165, -283, 448, -175, -68, -204, -87, -214, -204, 
-73, 414, 488, -170, -280, 451, -180, -68, -204, -87, -214, -204, 
-68, 419, 488, -175, -278, 453, -185, -68, -204, -87, -214, -204, 
-63, 429, 492, -183, -278, 461, -185, -78, -195, -87, -204, -195, 
-58, 429, 488, -185, -273, 458, -185, -78, -195, -87, -204, -195, 
-53, 429, 483, -187, -268, 456, -185, -78, -195, -87, -204, -195, 
-48, 429, 478, -190, -263, 453, -185, -78, -195, -87, -204, -195, 
-58, 419, 478, -180, -268, 448, -195, -78, -195, -87, -214, -204, 
-58, 419, 478, -180, -268, 448, -195, -78, -195, -87, -214, -204, 
-58, 419, 478, -180, -268, 448, -195, -78, -195, -87, -214, -204, 
-58, 419, 478, -180, -268, 448, -195, -78, -195, -87, -214, -204, 
-48, 429, 478, -190, -263, 453, -200, -92, -200, -92, -219, -204, 
-48, 429, 478, -190, -263, 453, -204, -97, -204, -97, -224, -204, 
-48, 429, 478, -190, -263, 453, -209, -102, -209, -102, -229, -204, 
-48, 429, 478, -190, -263, 453, -214, -107, -214, -107, -234, -204, 
-58, 424, 483, -183, -270, 453, -209, -107, -224, -97, -224, -204, 
-58, 419, 478, -180, -268, 448, -204, -107, -224, -97, -224, -204, 
-58, 414, 473, -178, -265, 444, -200, -107, -224, -97, -224, -204, 
-58, 409, 468, -175, -263, 439, -195, -107, -224, -97, -224, -204, 
-73, 405, 478, -165, -275, 441, -204, -112, -234, -102, -229, -214, 
-78, 400, 478, -161, -278, 439, -204, -117, -234, -107, -234, -214, 
-82, 395, 478, -156, -280, 436, -204, -122, -234, -112, -239, -214, 
-87, 390, 478, -151, -283, 434, -204, -126, -234, -117, -244, -214, 
-92, 375, 468, -141, -280, 422, -190, -131, -244, -126, -248, -219, 
-97, 370, 468, -136, -283, 419, -185, -136, -244, -126, -253, -224, 
-102, 366, 468, -131, -285, 417, -180, -141, -244, -126, -258, -229, 
-107, 361, 468, -126, -287, 414, -175, -146, -244, -126, -263, -234, 
-122, 341, 463, -109, -292, 402, -170, -151, -253, -131, -273, -244, 
-136, 331, 468, -97, -302, 400, -165, -156, -253, -136, -273, -244, 
-151, 322, 473, -85, -312, 397, -161, -161, -253, -141, -273, -244, 
-165, 312, 478, -73, -322, 395, -156, -165, -253, -146, -273, -244, 
-175, 297, 473, -61, -324, 385, -151, -170, -263, -151, -287, -248, 
-185, 292, 478, -53, -331, 385, -146, -175, -263, -156, -292, -253, 
-195, 287, 483, -46, -339, 385, -141, -180, -263, -161, -297, -258, 
-204, 283, 488, -39, -346, 385, -136, -185, -263, -165, -302, -263, 
-224, 263, 488, -19, -356, 375, -126, -185, -263, -175, -312, -278, 
-234, 253, 488, -9, -361, 370, -117, -185, -263, -175, -312, -283, 
-244, 244, 488, 0, -366, 366, -107, -185, -263, -175, -312, -287, 
-253, 234, 488, 9, -370, 361, -97, -185, -263, -175, -312, -292, 
-253, 224, 478, 14, -366, 351, -107, -185, -263, -185, -322, -292, 
-253, 224, 478, 14, -366, 351, -107, -185, -263, -185, -322, -292, 
-253, 224, 478, 14, -366, 351, -107, -185, -263, -185, -322, -292, 
-253, 224, 478, 14, -366, 351, -107, -185, -263, -185, -322, -292, 
-258, 214, 473, 21, -366, 344, -102, -195, -273, -185, -326, -297, 
-263, 214, 478, 24, -370, 346, -97, -195, -273, -185, -331, -302, 
-268, 214, 483, 26, -375, 348, -92, -195, -273, -185, -336, -307, 
-273, 214, 488, 29, -380, 351, -87, -195, -273, -185, -341, -312, 
-278, 209, 488, 34, -383, 348, -87, -204, -283, -190, -351, -322, 
-283, 204, 488, 39, -385, 346, -87, -204, -283, -195, -351, -322, 
-287, 200, 488, 43, -387, 344, -87, -204, -283, -200, -351, -322, 
-292, 195, 488, 48, -390, 341, -87, -204, -283, -204, -351, -322, 
-292, 195, 488, 48, -390, 341, -78, -204, -283, -204, -361, -322, 
-292, 195, 488, 48, -390, 341, -78, -204, -283, -204, -361, -322, 
-292, 195, 488, 48, -390, 341, -78, -204, -283, -204, -361, -322, 
-292, 195, 488, 48, -390, 341, -78, -204, -283, -204, -361, -322, 
-283, 195, 478, 43, -380, 336, -78, -204, -273, -195, -351, -322, 
-283, 195, 478, 43, -380, 336, -78, -204, -273, -195, -351, -322, 
-283, 195, 478, 43, -380, 336, -78, -204, -273, -195, -351, -322, 
-283, 195, 478, 43, -380, 336, -78, -204, -273, -195, -351, -322, 
-287, 185, 473, 51, -380, 329, -68, -204, -283, -195, -351, -312, 
-292, 185, 478, 53, -385, 331, -68, -204, -283, -195, -351, -312, 
-297, 185, 483, 56, -390, 334, -68, -204, -283, -195, -351, -312, 
-302, 185, 488, 58, -395, 336, -68, -204, -283, -195, -351, -312, 
-302, 185, 488, 58, -395, 336, -68, -214, -283, -195, -351, -322, 
-302, 185, 488, 58, -395, 336, -68, -214, -283, -195, -351, -322, 
-302, 185, 488, 58, -395, 336, -68, -214, -283, -195, -351, -322, 
-302, 185, 488, 58, -395, 336, -68, -214, -283, -195, -351, -322, 
-302, 175, 478, 63, -390, 326, -68, -214, -283, -204, -361, -331, 
-302, 175, 478, 63, -390, 326, -68, -214, -283, -204, -361, -331, 
-302, 175, 478, 63, -390, 326, -68, -214, -283, -204, -361, -331, 
-302, 175, 478, 63, -390, 326, -68, -214, -283, -204, -361, -331, 
-302, 185, 488, 58, -395, 336, -78, -214, -273, -195, -351, -322, 
-302, 185, 488, 58, -395, 336, -78, -214, -273, -195, -351, -322, 
-302, 185, 488, 58, -395, 336, -78, -214, -273, -195, -351, -322, 
-302, 185, 488, 58, -395, 336, -78, -214, -273, -195, -351, -322, 
-302, 195, 497, 53, -400, 346, -68, -214, -273, -185, -361, -312, 
-302, 195, 497, 53, -400, 346, -68, -214, -273, -185, -361, -312, 
-302, 195, 497, 53, -400, 346, -68, -214, -273, -185, -361, -312, 
-302, 195, 497, 53, -400, 346, -68, -214, -273, -185, -361, -312, 
-292, 195, 488, 48, -390, 341, -78, -224, -273, -185, -351, -322, 
-292, 195, 488, 48, -390, 341, -78, -224, -273, -185, -351, -322, 
-292, 195, 488, 48, -390, 341, -78, -224, -273, -185, -351, -322, 
-292, 195, 488, 48, -390, 341, -78, -224, -273, -185, -351, -322, 
-302, 204, 507, 48, -405, 356, -78, -224, -273, -185, -351, -312, 
-302, 204, 507, 48, -405, 356, -78, -224, -273, -185, -351, -312, 
-302, 204, 507, 48, -405, 356, -78, -224, -273, -185, -351, -312, 
-302, 204, 507, 48, -405, 356, -78, -224, -273, -185, -351, -312, 
-312, 195, 507, 58, -409, 351, -78, -224, -273, -185, -351, -312, 
-312, 195, 507, 58, -409, 351, -78, -224, -273, -185, -351, -312, 
-312, 195, 507, 58, -409, 351, -78, -224, -273, -185, -351, -312, 
-312, 195, 507, 58, -409, 351, -78, -224, -273, -185, -351, -312, 
-307, 200, 507, 53, -407, 353, -87, -224, -273, -185, -341, -312, 
-302, 204, 507, 48, -405, 356, -87, -224, -273, -185, -341, -312, 
-297, 209, 507, 43, -402, 358, -87, -224, -273, -185, -341, -312, 
-292, 214, 507, 39, -400, 361, -87, -224, -273, -185, -341, -312, 
-292, 204, 497, 43, -395, 351, -78, -224, -273, -175, -341, -302, 
-292, 204, 497, 43, -395, 351, -78, -224, -273, -175, -341, -302, 
-292, 204, 497, 43, -395, 351, -78, -224, -273, -175, -341, -302, 
-292, 204, 497, 43, -395, 351, -78, -224, -273, -175, -341, -302, 
-302, 195, 497, 53, -400, 346, -78, -224, -273, -175, -341, -312, 
-302, 195, 497, 53, -400, 346, -78, -224, -273, -175, -341, -312, 
-302, 195, 497, 53, -400, 346, -78, -224, -273, -175, -341, -312, 
-302, 195, 497, 53, -400, 346, -78, -224, -273, -175, -341, -312, 
-292, 195, 488, 48, -390, 341, -78, -224, -273, -185, -341, -302, 
-292, 195, 488, 48, -390, 341, -78, -224, -273, -185, -341, -302, 
-292, 195, 488, 48, -390, 341, -78, -224, -273, -185, -341, -302, 
-292, 195, 488, 48, -390, 341, -78, -224, -273, -185, -341, -302, 
-292, 195, 488, 48, -390, 341, -78, -224, -263, -175, -341, -302, 
-292, 195, 488, 48, -390, 341, -78, -224, -263, -175, -341, -302, 
-292, 195, 488, 48, -390, 341, -78, -224, -263, -175, -341, -302, 
-292, 195, 488, 48, -390, 341, -78, -224, -263, -175, -341, -302, 
-292, 195, 488, 48, -390, 341, -78, -224, -263, -175, -341, -312, 
-292, 195, 488, 48, -390, 341, -78, -224, -263, -175, -341, -312, 
-292, 195, 488, 48, -390, 341, -78, -224, -263, -175, -341, -312, 
-292, 195, 488, 48, -390, 341, -78, -224, -263, -175, -341, -312, 
-292, 195, 488, 48, -390, 341, -78, -224, -263, -175, -331, -302, 
-292, 195, 488, 48, -390, 341, -78, -224, -263, -175, -331, -302, 
-292, 195, 488, 48, -390, 341, -78, -224, -263, -175, -331, -302, 
-292, 195, 488, 48, -390, 341, -78, -224, -263, -175, -331, -302, 
-283, 204, 488, 39, -385, 346, -68, -224, -263, -175, -341, -302, 
-283, 204, 488, 39, -385, 346, -68, -224, -263, -175, -341, -302, 
-283, 204, 488, 39, -385, 346, -68, -224, -263, -175, -341, -302, 
-283, 204, 488, 39, -385, 346, -68, -224, -263, -175, -341, -302, 
-292, 195, 488, 48, -390, 341, -78, -224, -273, -175, -341, -312, 
-292, 195, 488, 48, -390, 341, -78, -224, -273, -175, -341, -312, 
-292, 195, 488, 48, -390, 341, -78, -224, -273, -175, -341, -312, 
-292, 195, 488, 48, -390, 341, -78, -224, -273, -175, -341, -312, 
-292, 195, 488, 48, -390, 341, -68, -224, -263, -175, -331, -302, 
-292, 195, 488, 48, -390, 341, -68, -224, -263, -175, -331, -302, 
-292, 195, 488, 48, -390, 341, -68, -224, -263, -175, -331, -302, 
-292, 195, 488, 48, -390, 341, -68, -224, -263, -175, -331, -302, 
-292, 190, 483, 51, -387, 336, -68, -224, -273, -175, -336, -312, 
-292, 185, 478, 53, -385, 331, -68, -224, -273, -175, -341, -312, 
-292, 180, 473, 56, -383, 326, -68, -224, -273, -175, -346, -312, 
-292, 175, 468, 58, -380, 322, -68, -224, -273, -175, -351, -312, 
-283, 180, 463, 51, -373, 322, -78, -224, -263, -175, -341, -312, 
-283, 185, 468, 48, -375, 326, -78, -224, -263, -175, -341, -312, 
-283, 190, 473, 46, -378, 331, -78, -224, -263, -175, -341, -312, 
-283, 195, 478, 43, -380, 336, -78, -224, -263, -175, -341, -312, 
-287, 185, 473, 51, -380, 329, -68, -224, -273, -175, -341, -312, 
-292, 185, 478, 53, -385, 331, -68, -224, -273, -175, -341, -312, 
-297, 185, 483, 56, -390, 334, -68, -224, -273, -175, -341, -312, 
-302, 185, 488, 58, -395, 336, -68, -224, -273, -175, -341, -312, 
-297, 175, 473, 61, -385, 324, -68, -214, -273, -175, -351, -312, 
-292, 175, 468, 58, -380, 322, -68, -214, -273, -175, -351, -312, 
-287, 175, 463, 56, -375, 319, -68, -214, -273, -175, -351, -312, 
-283, 175, 458, 53, -370, 317, -68, -214, -273, -175, -351, -312, 
-297, 165, 463, 65, -380, 314, -68, -214, -273, -175, -351, -312, 
-302, 165, 468, 68, -385, 317, -68, -214, -273, -175, -351, -312, 
-307, 165, 473, 70, -390, 319, -68, -214, -273, -175, -351, -312, 
-312, 165, 478, 73, -395, 322, -68, -214, -273, -175, -351, -312, 
-307, 175, 483, 65, -395, 329, -68, -224, -273, -175, -341, -312, 
-302, 175, 478, 63, -390, 326, -68, -224, -273, -175, -341, -312, 
-297, 175, 473, 61, -385, 324, -68, -224, -273, -175, -341, -312, 
-292, 175, 468, 58, -380, 322, -68, -224, -273, -175, -341, -312, 
-302, 165, 468, 68, -385, 317, -58, -224, -273, -175, -351, -312, 
-302, 165, 468, 68, -385, 317, -58, -224, -273, -175, -351, -312, 
-302, 165, 468, 68, -385, 317, -58, -224, -273, -175, -351, -312, 
-302, 165, 468, 68, -385, 317, -58, -224, -273, -175, -351, -312, 
-312, 156, 468, 78, -390, 312, -58, -214, -273, -175, -341, -312, 
-312, 156, 468, 78, -390, 312, -58, -214, -273, -175, -341, -312, 
-312, 156, 468, 78, -390, 312, -58, -214, -273, -175, -341, -312, 
-312, 156, 468, 78, -390, 312, -58, -214, -273, -175, -341, -312, 
-302, 161, 463, 70, -383, 312, -68, -224, -273, -175, -341, -312, 
-302, 165, 468, 68, -385, 317, -68, -224, -273, -175, -341, -312, 
-302, 170, 473, 65, -387, 322, -68, -224, -273, -175, -341, -312, 
-302, 175, 478, 63, -390, 326, -68, -224, -273, -175, -341, -312, 
-302, 165, 468, 68, -385, 317, -68, -224, -273, -175, -341, -312, 
-302, 165, 468, 68, -385, 317, -68, -224, -273, -175, -341, -312, 
-302, 165, 468, 68, -385, 317, -68, -224, -273, -175, -341, -312, 
-302, 165, 468, 68, -385, 317, -68, -224, -273, -175, -341, -312, 
-302, 175, 478, 63, -390, 326, -58, -224, -273, -175, -341, -302, 
-302, 175, 478, 63, -390, 326, -58, -224, -273, -175, -341, -302, 
-302, 175, 478, 63, -390, 326, -58, -224, -273, -175, -341, -302, 
-302, 175, 478, 63, -390, 326, -58, -224, -273, -175, -341, -302, 
-302, 175, 478, 63, -390, 326, -48, -214, -263, -165, -341, -302, 
-302, 175, 478, 63, -390, 326, -48, -214, -263, -165, -341, -302, 
-302, 175, 478, 63, -390, 326, -48, -214, -263, -165, -341, -302, 
-302, 175, 478, 63, -390, 326, -48, -214, -263, -165, -341, -302, 
-302, 180, 483, 61, -392, 331, -53, -224, -258, -156, -331, -292, 
-302, 185, 488, 58, -395, 336, -58, -224, -253, -156, -331, -292, 
-302, 190, 492, 56, -397, 341, -63, -224, -248, -156, -331, -292, 
-302, 195, 497, 53, -400, 346, -68, -224, -244, -156, -331, -292, 
-302, 209, 512, 46, -407, 361, -68, -224, -229, -141, -326, -287, 
-302, 214, 517, 43, -409, 366, -68, -224, -224, -136, -322, -283, 
-302, 219, 522, 41, -412, 370, -68, -224, -219, -131, -317, -278, 
-302, 224, 527, 39, -414, 375, -68, -224, -214, -126, -312, -273, 
-297, 229, 527, 34, -412, 378, -68, -219, -209, -117, -307, -263, 
-292, 234, 527, 29, -409, 380, -68, -214, -204, -117, -302, -263, 
-287, 239, 527, 24, -407, 383, -68, -209, -200, -117, -297, -263, 
-283, 244, 527, 19, -405, 385, -68, -204, -195, -117, -292, -263, 
-273, 248, 522, 12, -397, 385, -68, -195, -185, -112, -283, -263, 
-273, 253, 527, 9, -400, 390, -68, -195, -185, -107, -283, -263, 
-273, 258, 531, 7, -402, 395, -68, -195, -185, -102, -283, -263, 
-273, 263, 536, 4, -405, 400, -68, -195, -185, -97, -283, -263, 
-263, 253, 517, 4, -390, 385, -78, -195, -195, -107, -292, -253, 
-263, 253, 517, 4, -390, 385, -78, -195, -195, -107, -292, -253, 
-263, 253, 517, 4, -390, 385, -78, -195, -195, -107, -292, -253, 
-263, 253, 517, 4, -390, 385, -78, -195, -195, -107, -292, -253, 
-253, 253, 507, 0, -380, 380, -87, -185, -195, -107, -283, -253, 
-253, 253, 507, 0, -380, 380, -87, -185, -195, -107, -283, -253, 
-253, 253, 507, 0, -380, 380, -87, -185, -195, -107, -283, -253, 
-253, 253, 507, 0, -380, 380, -87, -185, -195, -107, -283, -253, 
-239, 258, 497, -9, -368, 378, -97, -190, -204, -107, -283, -253, 
-234, 263, 497, -14, -366, 380, -107, -195, -204, -107, -283, -253, 
-229, 268, 497, -19, -363, 383, -117, -200, -204, -107, -283, -253, 
-224, 273, 497, -24, -361, 385, -126, -204, -204, -107, -283, -253, 
-224, 273, 497, -24, -361, 385, -136, -214, -214, -117, -292, -253, 
-224, 273, 497, -24, -361, 385, -136, -214, -214, -117, -292, -253, 
-224, 273, 497, -24, -361, 385, -136, -214, -214, -117, -292, -253, 
-224, 273, 497, -24, -361, 385, -136, -214, -214, -117, -292, -253, 
-234, 263, 497, -14, -366, 380, -126, -224, -224, -122, -302, -263, 
-234, 253, 488, -9, -361, 370, -126, -224, -234, -126, -302, -263, 
-234, 244, 478, -4, -356, 361, -126, -224, -244, -131, -302, -263, 
-234, 234, 468, 0, -351, 351, -126, -224, -253, -136, -302, -263, 
-234, 229, 463, 2, -348, 346, -126, -234, -268, -151, -317, -273, 
-234, 224, 458, 4, -346, 341, -126, -234, -273, -156, -322, -273, 
-234, 219, 453, 7, -344, 336, -126, -234, -278, -161, -326, -273, 
-234, 214, 448, 9, -341, 331, -126, -234, -283, -165, -331, -273, 
-234, 214, 448, 9, -341, 331, -117, -244, -283, -165, -331, -273, 
-234, 214, 448, 9, -341, 331, -117, -244, -283, -165, -331, -273, 
-234, 214, 448, 9, -341, 331, -117, -244, -283, -165, -331, -273, 
-234, 214, 448, 9, -341, 331, -117, -244, -283, -165, -331, -273, 
-248, 214, 463, 17, -356, 339, -112, -239, -273, -161, -326, -273, 
-253, 214, 468, 19, -361, 341, -107, -234, -273, -156, -322, -273, 
-268, 204, 473, 31, -370, 339, -92, -224, -268, -151, -317, -273, 
-273, 195, 468, 39, -370, 331, -82, -219, -268, -151, -317, -283, 
-297, 175, 473, 61, -385, 324, -73, -224, -273, -165, -326, -297, 
-302, 165, 468, 68, -385, 317, -68, -229, -278, -165, -336, -297, 
-312, 156, 468, 78, -390, 312, -58, -224, -287, -170, -341, -302, 
-322, 146, 468, 87, -395, 307, -53, -229, -292, -170, -341, -302, 
-326, 131, 458, 97, -392, 295, -63, -219, -287, -175, -351, -307, 
-326, 131, 458, 97, -392, 295, -63, -219, -287, -175, -356, -312, 
-326, 126, 453, 100, -390, 290, -58, -219, -287, -180, -356, -317, 
-326, 117, 444, 104, -385, 280, -58, -219, -292, -180, -361, -322, 
-326, 122, 448, 102, -387, 285, -58, -214, -292, -195, -351, -317, 
-326, 117, 444, 104, -385, 280, -58, -214, -292, -195, -356, -317, 
-322, 117, 439, 102, -380, 278, -53, -214, -297, -200, -361, -317, 
-322, 112, 434, 104, -378, 273, -53, -214, -297, -200, -361, -317, 
-322, 102, 424, 109, -373, 263, -53, -214, -307, -190, -361, -317, 
-322, 102, 424, 109, -373, 263, -48, -209, -307, -195, -361, -317, 
-322, 102, 424, 109, -373, 263, -48, -209, -312, -195, -361, -317, 
-326, 102, 429, 112, -378, 265, -48, -214, -312, -195, -361, -317, 
-336, 102, 439, 117, -387, 270, -39, -214, -297, -195, -356, -317, 
-336, 102, 439, 117, -387, 270, -34, -209, -297, -195, -356, -317, 
-336, 102, 439, 117, -387, 270, -34, -209, -297, -195, -351, -317, 
-336, 102, 439, 117, -387, 270, -39, -214, -297, -185, -351, -317, 
-326, 97, 424, 114, -375, 261, -39, -214, -307, -195, -361, -317, 
-336, 97, 434, 119, -385, 265, -39, -214, -307, -195, -361, -317, 
-336, 97, 434, 119, -385, 265, -39, -214, -307, -195, -361, -317, 
-336, 97, 434, 119, -385, 265, -39, -204, -307, -195, -361, -317, 
-346, 87, 434, 129, -390, 261, -34, -214, -307, -190, -361, -322, 
-346, 82, 429, 131, -387, 256, -34, -214, -307, -190, -361, -322, 
-346, 78, 424, 134, -385, 251, -34, -214, -307, -190, -361, -326, 
-346, 78, 424, 134, -385, 251, -34, -214, -307, -190, -366, -326, 
-346, 82, 429, 131, -387, 256, -24, -204, -307, -190, -366, -322, 
-346, 82, 429, 131, -387, 256, -24, -204, -302, -190, -366, -322, 
-341, 82, 424, 129, -383, 253, -29, -204, -297, -190, -366, -322, 
-341, 82, 424, 129, -383, 253, -34, -204, -292, -190, -366, -322, 
-356, 73, 429, 141, -392, 251, -34, -209, -302, -195, -366, -322, 
-356, 73, 429, 141, -392, 251, -29, -209, -302, -195, -366, -326, 
-356, 68, 424, 143, -390, 246, -29, -209, -302, -195, -366, -326, 
-356, 68, 424, 143, -390, 246, -29, -209, -302, -195, -366, -326, 
-351, 78, 429, 136, -390, 253, -29, -209, -302, -195, -375, -317, 
-351, 78, 429, 136, -390, 253, -29, -209, -302, -195, -375, -317, 
-346, 73, 419, 136, -383, 246, -29, -209, -302, -195, -375, -322, 
-341, 73, 414, 134, -378, 244, -29, -209, -302, -195, -375, -322, 
-341, 82, 424, 129, -383, 253, -19, -219, -292, -195, -370, -317, 
-346, 82, 429, 131, -387, 256, -19, -219, -297, -195, -375, -317, 
-351, 82, 434, 134, -392, 258, -24, -219, -297, -195, -370, -317, 
-356, 82, 439, 136, -397, 261, -24, -219, -292, -190, -356, -317, 
-356, 82, 439, 136, -397, 261, -24, -219, -302, -190, -366, -326, 
-356, 82, 439, 136, -397, 261, -24, -219, -302, -190, -366, -326, 
-356, 82, 439, 136, -397, 261, -24, -219, -302, -195, -366, -326, 
-356, 82, 439, 136, -397, 261, -24, -219, -307, -195, -366, -326, 
-356, 78, 434, 139, -395, 256, -14, -219, -307, -195, -370, -326, 
-356, 78, 434, 139, -395, 256, -14, -214, -307, -195, -370, -322, 
-356, 73, 429, 141, -392, 251, -14, -214, -312, -195, -370, -322, 
-356, 63, 419, 146, -387, 241, -14, -219, -312, -195, -370, -326, 
-346, 63, 409, 141, -378, 236, -19, -219, -312, -195, -370, -326, 
-346, 63, 409, 141, -378, 236, -24, -219, -312, -195, -370, -326, 
-346, 58, 405, 143, -375, 231, -29, -219, -307, -195, -370, -326, 
-346, 58, 405, 143, -375, 231, -34, -219, -307, -195, -370, -326, 
-346, 68, 414, 139, -380, 241, -34, -209, -297, -195, -361, -326, 
-346, 68, 414, 139, -380, 241, -34, -209, -297, -195, -361, -326, 
-346, 68, 414, 139, -380, 241, -34, -209, -302, -195, -361, -326, 
-346, 73, 419, 136, -383, 246, -34, -209, -302, -195, -361, -326, 
-351, 73, 424, 139, -387, 248, -19, -209, -297, -185, -361, -322, 
-351, 73, 424, 139, -387, 248, -19, -209, -297, -180, -356, -322, 
-351, 73, 424, 139, -387, 248, -19, -209, -297, -180, -356, -322, 
-341, 73, 414, 134, -378, 244, -19, -209, -297, -180, -356, -322, 
-341, 63, 405, 139, -373, 234, -19, -209, -297, -195, -366, -322, 
-341, 63, 405, 139, -373, 234, -19, -209, -297, -195, -366, -322, 
-341, 63, 405, 139, -373, 234, -19, -209, -297, -190, -366, -322, 
-346, 63, 409, 141, -378, 236, -19, -209, -297, -190, -370, -322, 
-346, 68, 414, 139, -380, 241, -29, -219, -307, -190, -361, -322, 
-346, 68, 414, 139, -380, 241, -29, -219, -307, -190, -361, -322, 
-341, 73, 414, 134, -378, 244, -29, -219, -307, -190, -361, -322, 
-341, 73, 414, 134, -378, 244, -29, -219, -307, -190, -361, -322, 
-346, 73, 419, 136, -383, 246, -19, -209, -283, -175, -346, -312, 
-346, 92, 439, 126, -392, 265, -4, -200, -258, -161, -336, -307, 
-366, 102, 468, 131, -417, 285, 9, -200, -248, -151, -331, -297, 
-405, 87, 492, 158, -448, 290, 24, -195, -219, -131, -322, -302, 
-448, 82, 531, 183, -490, 307, 43, -195, -185, -112, -302, -302, 
-478, 73, 551, 202, -514, 312, 48, -185, -185, -102, -297, -297, 
-468, 73, 541, 197, -505, 307, 48, -190, -204, -112, -302, -297, 
-424, 97, 522, 163, -473, 309, 39, -165, -214, -102, -278, -278, 
-361, 122, 483, 119, -422, 302, 29, -131, -204, -82, -258, -248, 
-317, 107, 424, 104, -370, 265, 9, -117, -229, -82, -248, -244, 
-287, 97, 385, 95, -336, 241, -24, -131, -278, -102, -239, -229, 
-200, 122, 322, 39, -261, 222, -92, -170, -336, -117, -229, -209, 
-68, 165, 234, -48, -151, 200, -185, -200, -424, -146, -209, -170, 
73, 229, 156, -151, -41, 192, -292, -268, -517, -170, -180, -117, 
200, 312, 112, -256, 43, 212, -434, -346, -600, -180, -136, -48, 
356, 400, 43, -378, 156, 222, -561, -405, -673, -195, -97, 19, 
531, 492, -39, -512, 285, 226, -702, -458, -756, -204, -58, 87, 
678, 575, -102, -627, 390, 236, -824, -507, -829, -204, -19, 146, 
775, 619, -156, -697, 466, 231, -902, -561, -922, -239, -29, 165, 
849, 546, -302, -697, 575, 122, -936, -585, -1039, -370, -146, 97, 
878, 361, -517, -619, 697, -78, -912, -575, -1180, -575, -370, -78, 
868, 141, -727, -505, 797, -292, -844, -556, -1327, -795, -624, -278, 
854, -24, -878, -414, 866, -451, -795, -556, -1429, -961, -810, -434, 
805, -146, -951, -329, 878, -549, -746, -590, -1488, -1073, -951, -546, 
736, -239, -976, -248, 856, -607, -702, -634, -1542, -1171, -1054, -639, 
629, -317, -946, -156, 788, -631, -649, -707, -1586, -1244, -1141, -702, 
468, -424, -893, -21, 680, -658, -580, -771, -1615, -1298, -1224, -780, 
317, -483, -800, 82, 558, -641, -512, -814, -1581, -1298, -1249, -814, 
219, -453, -673, 117, 446, -563, -458, -800, -1498, -1220, -1190, -790, 
161, -400, -561, 119, 361, -480, -414, -751, -1390, -1127, -1112, -741, 
92, -380, -473, 143, 283, -427, -366, -702, -1293, -1054, -1063, -717, 
53, -346, -400, 146, 226, -373, -331, -653, -1190, -966, -1000, -683, 
19, -307, -326, 143, 173, -317, -292, -595, -1093, -878, -917, -644, 
-48, -283, -234, 165, 92, -258, -253, -536, -990, -795, -849, -605, 
-107, -253, -146, 180, 19, -200, -209, -488, -902, -722, -795, -570, 
-151, -219, -68, 185, -41, -143, -170, -453, -805, -639, -727, -536, 
-200, -190, 9, 195, -104, -90, -141, -424, -732, -561, -668, -512, 
-248, -161, 87, 204, -168, -36, -107, -380, -663, -512, -614, -488, 
-278, -126, 151, 202, -214, 12, -97, -341, -590, -444, -570, -463, 
-287, -87, 200, 187, -244, 56, -92, -312, -527, -385, -527, -434, 
-322, -78, 244, 200, -283, 82, -68, -278, -478, -341, -492, -409, 
-331, -68, 263, 200, -297, 97, -58, -248, -439, -307, -468, -395, 
-336, -34, 302, 185, -319, 134, -53, -234, -400, -283, -439, -366, 
-326, -4, 322, 165, -324, 158, -39, -214, -370, -258, -414, -346, 
-322, 24, 346, 148, -334, 185, -24, -204, -356, -234, -385, -331, 
-322, 53, 375, 134, -348, 214, -24, -195, -331, -209, -361, -312, 
-341, 53, 395, 143, -368, 224, -14, -195, -317, -200, -356, -307, 
-341, 58, 400, 141, -370, 229, -9, -190, -312, -190, -351, -307, 
-346, 53, 400, 146, -373, 226, -19, -190, -317, -185, -346, -312, 
-351, 53, 405, 148, -378, 229, -19, -195, -307, -175, -351, -312, 
-356, 58, 414, 148, -385, 236, -19, -190, -297, -180, -346, -312, 
-341, 58, 400, 141, -370, 229, -19, -185, -297, -185, -346, -307, 
-336, 58, 395, 139, -366, 226, -14, -180, -297, -180, -346, -307, 
-346, 73, 419, 136, -383, 246, -14, -190, -287, -170, -336, -292, 
-346, 73, 419, 136, -383, 246, -14, -185, -287, -170, -331, -292, 
-341, 73, 414, 134, -378, 244, -14, -180, -278, -170, -326, -292, 
-341, 73, 414, 134, -378, 244, -14, -180, -278, -165, -322, -292, 
-346, 78, 424, 134, -385, 251, -9, -175, -287, -165, -322, -292, 
-351, 78, 429, 136, -390, 253, -9, -175, -283, -161, -322, -292, 
-356, 78, 434, 139, -395, 256, -9, -180, -283, -156, -322, -292, 
-361, 73, 434, 143, -397, 253, -9, -180, -283, -151, -317, -292, 
-351, 63, 414, 143, -383, 239, -9, -170, -273, -161, -322, -292, 
-356, 63, 419, 146, -387, 241, -9, -170, -268, -161, -322, -283, 
-356, 63, 419, 146, -387, 241, -14, -165, -268, -161, -322, -283, 
-351, 63, 414, 143, -383, 239, -14, -165, -268, -161, -322, -283, 
-351, 73, 424, 139, -387, 248, -14, -156, -268, -156, -312, -283, 
-351, 78, 429, 136, -390, 253, -14, -161, -263, -151, -312, -283, 
-346, 78, 424, 134, -385, 251, -14, -161, -263, -146, -312, -278, 
-346, 78, 424, 134, -385, 251, -14, -156, -263, -141, -312, -278, 
-351, 78, 429, 136, -390, 253, -4, -165, -263, -141, -317, -278, 
-351, 78, 429, 136, -390, 253, -4, -165, -263, -141, -317, -278, 
-351, 78, 429, 136, -390, 253, -4, -161, -263, -141, -317, -278, 
-351, 78, 429, 136, -390, 253, -4, -161, -263, -136, -317, -278, 
-351, 78, 429, 136, -390, 253, -14, -151, -263, -146, -312, -287, 
-351, 73, 424, 139, -387, 248, -14, -151, -263, -146, -312, -287, 
-351, 73, 424, 139, -387, 248, -14, -156, -263, -146, -312, -287, 
-351, 78, 429, 136, -390, 253, -14, -156, -263, -146, -312, -287, 
-336, 87, 424, 124, -380, 256, -14, -156, -263, -146, -312, -278, 
-336, 92, 429, 122, -383, 261, -14, -156, -263, -146, -312, -278, 
-336, 92, 429, 122, -383, 261, -14, -156, -263, -146, -307, -278, 
-341, 87, 429, 126, -385, 258, -14, -156, -258, -146, -307, -278, 
-351, 78, 429, 136, -390, 253, -9, -165, -258, -136, -307, -273, 
-351, 78, 429, 136, -390, 253, -9, -161, -258, -136, -307, -273, 
-351, 78, 429, 136, -390, 253, -9, -161, -258, -131, -307, -268, 
-351, 78, 429, 136, -390, 253, -9, -161, -258, -131, -307, -268, 
-361, 78, 439, 141, -400, 258, -19, -151, -263, -141, -297, -273, 
-351, 78, 429, 136, -390, 253, -19, -146, -263, -141, -297, -273, 
-351, 78, 429, 136, -390, 253, -19, -146, -258, -141, -297, -273, 
-351, 82, 434, 134, -392, 258, -19, -146, -258, -141, -292, -273, 
-346, 92, 439, 126, -392, 265, -9, -146, -248, -131, -292, -263, 
-341, 92, 434, 124, -387, 263, -9, -146, -248, -131, -292, -263, 
-336, 92, 429, 122, -383, 261, -9, -146, -248, -131, -292, -263, 
-331, 92, 424, 119, -378, 258, -9, -146, -248, -126, -292, -263, 
-341, 92, 434, 124, -387, 263, -9, -146, -248, -136, -292, -268, 
-336, 97, 434, 119, -385, 265, -9, -146, -248, -136, -292, -268, 
-336, 97, 434, 119, -385, 265, -14, -146, -248, -136, -292, -273, 
-341, 92, 434, 124, -387, 263, -14, -141, -248, -136, -292, -273, 
-341, 82, 424, 129, -383, 253, -14, -151, -248, -141, -292, -273, 
-341, 82, 424, 129, -383, 253, -14, -151, -253, -141, -292, -273, 
-341, 92, 434, 124, -387, 263, -14, -151, -253, -141, -292, -273, 
-341, 92, 434, 124, -387, 263, -14, -151, -248, -136, -292, -268, 
-341, 82, 424, 129, -383, 253, -24, -141, -258, -136, -283, -268, 
-341, 82, 424, 129, -383, 253, -29, -141, -258, -131, -283, -268, 
-341, 82, 424, 129, -383, 253, -29, -141, -253, -131, -283, -263, 
-341, 82, 424, 129, -383, 253, -34, -136, -253, -136, -283, -263, 
-336, 87, 424, 124, -380, 256, -29, -136, -248, -126, -283, -263, 
-336, 92, 429, 122, -383, 261, -24, -136, -244, -126, -283, -263, 
-336, 102, 439, 117, -387, 270, -19, -131, -239, -126, -273, -263, 
-336, 107, 444, 114, -390, 275, -14, -126, -234, -122, -273, -258, 
-331, 97, 429, 117, -380, 263, -24, -136, -244, -122, -273, -258, 
-326, 97, 424, 114, -375, 261, -29, -141, -244, -122, -273, -258, 
-326, 97, 424, 114, -375, 261, -29, -141, -244, -122, -278, -263, 
-326, 102, 429, 112, -378, 265, -29, -136, -244, -117, -278, -263, 
-331, 97, 429, 117, -380, 263, -24, -126, -239, -122, -283, -248, 
-331, 102, 434, 114, -383, 268, -24, -126, -239, -122, -283, -248, 
-331, 102, 434, 114, -383, 268, -29, -126, -239, -122, -283, -248, 
-331, 102, 434, 114, -383, 268, -29, -126, -239, -122, -283, -248, 
-331, 102, 434, 114, -383, 268, -29, -126, -239, -117, -283, -258, 
-326, 102, 429, 112, -378, 265, -29, -126, -239, -117, -283, -258, 
-326, 102, 429, 112, -378, 265, -29, -126, -239, -117, -283, -258, 
-326, 102, 429, 112, -378, 265, -34, -126, -239, -122, -273, -258, 
-336, 97, 434, 119, -385, 265, -24, -122, -234, -112, -273, -248, 
-336, 97, 434, 119, -385, 265, -24, -117, -229, -107, -273, -244, 
-336, 97, 434, 119, -385, 265, -24, -117, -229, -107, -273, -239, 
-326, 102, 429, 112, -378, 265, -24, -117, -229, -107, -273, -239, 
-317, 117, 434, 100, -375, 275, -34, -112, -224, -107, -263, -239, 
-317, 117, 434, 100, -375, 275, -34, -112, -224, -102, -263, -234, 
-317, 117, 434, 100, -375, 275, -39, -112, -229, -97, -258, -234, 
-317, 117, 434, 100, -375, 275, -39, -112, -229, -97, -253, -229, 
-307, 126, 434, 90, -370, 280, -39, -97, -219, -97, -253, -234, 
-302, 126, 429, 87, -366, 278, -43, -92, -219, -87, -253, -234, 
-297, 131, 429, 82, -363, 280, -43, -92, -209, -87, -248, -234, 
-297, 131, 429, 82, -363, 280, -43, -92, -209, -87, -248, -234, 
-297, 136, 434, 80, -366, 285, -39, -92, -204, -87, -248, -224, 
-297, 136, 434, 80, -366, 285, -39, -87, -204, -82, -248, -219, 
-292, 136, 429, 78, -361, 283, -39, -87, -204, -82, -248, -219, 
-287, 141, 429, 73, -358, 285, -48, -82, -204, -82, -248, -219, 
-283, 141, 424, 70, -353, 283, -48, -92, -209, -78, -234, -219, 
-278, 146, 424, 65, -351, 285, -48, -87, -209, -78, -229, -214, 
-273, 151, 424, 61, -348, 287, -48, -87, -209, -73, -229, -214, 
-273, 151, 424, 61, -348, 287, -48, -82, -204, -68, -229, -209, 
-273, 151, 424, 61, -348, 287, -68, -87, -204, -68, -234, -209, 
-263, 156, 419, 53, -341, 287, -73, -82, -200, -68, -234, -204, 
-253, 161, 414, 46, -334, 287, -73, -82, -195, -63, -224, -204, 
-253, 170, 424, 41, -339, 297, -73, -82, -190, -63, -219, -195, 
-239, 180, 419, 29, -329, 300, -73, -73, -190, -53, -219, -200, 
-239, 185, 424, 26, -331, 305, -82, -73, -190, -53, -219, -195, 
-229, 195, 424, 17, -326, 309, -87, -68, -185, -48, -214, -195, 
-219, 195, 414, 12, -317, 305, -87, -68, -185, -43, -209, -190, 
-219, 195, 414, 12, -317, 305, -82, -68, -185, -48, -200, -175, 
-219, 195, 414, 12, -317, 305, -82, -68, -180, -48, -200, -175, 
-214, 204, 419, 4, -317, 312, -87, -58, -180, -43, -190, -170, 
-214, 214, 429, 0, -322, 322, -92, -53, -175, -43, -185, -170, 
-209, 219, 429, -4, -319, 324, -107, -53, -170, -43, -195, -180, 
-204, 224, 429, -9, -317, 326, -107, -53, -170, -34, -190, -170, 
-195, 229, 424, -17, -309, 326, -112, -53, -170, -29, -185, -165, 
-190, 239, 429, -24, -309, 334, -117, -48, -170, -29, -180, -165, 
-180, 244, 424, -31, -302, 334, -112, -39, -165, -24, -180, -151, 
-175, 244, 419, -34, -297, 331, -117, -34, -165, -24, -180, -146, 
-165, 253, 419, -43, -292, 336, -117, -34, -165, -24, -175, -146, 
-161, 253, 414, -46, -287, 334, -122, -29, -165, -24, -175, -146, 
-156, 263, 419, -53, -287, 341, -117, -39, -156, -9, -170, -146, 
-151, 268, 419, -58, -285, 344, -122, -39, -156, -9, -165, -146, 
-146, 273, 419, -63, -283, 346, -122, -34, -156, -9, -165, -141, 
-141, 278, 419, -68, -280, 348, -126, -34, -156, -9, -165, -141, 
-146, 278, 424, -65, -285, 351, -141, -39, -156, -19, -165, -141, 
-146, 273, 419, -63, -283, 346, -141, -39, -156, -14, -165, -136, 
-136, 273, 409, -68, -273, 341, -146, -39, -156, -14, -161, -136, 
-131, 273, 405, -70, -268, 339, -151, -43, -156, -19, -161, -131, 
-136, 273, 409, -68, -273, 341, -141, -43, -165, -19, -161, -141, 
-136, 273, 409, -68, -273, 341, -146, -43, -165, -19, -165, -141, 
-131, 278, 409, -73, -270, 344, -146, -43, -165, -19, -165, -141, 
-126, 283, 409, -78, -268, 346, -151, -48, -165, -19, -161, -141, 
-126, 283, 409, -78, -268, 346, -161, -58, -165, -19, -165, -131, 
-126, 283, 409, -78, -268, 346, -161, -63, -165, -19, -165, -131, 
-126, 278, 405, -75, -265, 341, -161, -68, -170, -19, -170, -131, 
-126, 278, 405, -75, -265, 341, -161, -68, -170, -19, -170, -131, 
-122, 278, 400, -78, -261, 339, -161, -78, -175, -19, -170, -131, 
-122, 278, 400, -78, -261, 339, -165, -82, -185, -29, -170, -131, 
-122, 273, 395, -75, -258, 334, -165, -87, -190, -34, -175, -136, 
-126, 263, 390, -68, -258, 326, -161, -92, -190, -43, -175, -136, 
-131, 263, 395, -65, -263, 329, -156, -97, -185, -43, -185, -141, 
-141, 258, 400, -58, -270, 329, -156, -102, -190, -48, -190, -146, 
-151, 244, 395, -46, -273, 319, -156, -102, -195, -53, -195, -156, 
-161, 234, 395, -36, -278, 314, -151, -107, -200, -58, -200, -161, 
-175, 214, 390, -19, -283, 302, -146, -117, -214, -68, -200, -170, 
-185, 204, 390, -9, -287, 297, -136, -117, -219, -68, -204, -170, 
-195, 195, 390, 0, -292, 292, -131, -122, -219, -68, -204, -170, 
-204, 190, 395, 7, -300, 292, -126, -126, -219, -73, -209, -175, 
-214, 185, 400, 14, -307, 292, -122, -122, -209, -68, -219, -170, 
-229, 180, 409, 24, -319, 295, -117, -126, -214, -73, -224, -180, 
-244, 175, 419, 34, -331, 297, -112, -131, -214, -78, -224, -185, 
-248, 165, 414, 41, -331, 290, -102, -136, -214, -82, -229, -190, 
-268, 151, 419, 58, -344, 285, -97, -151, -214, -87, -234, -195, 
-283, 136, 419, 73, -351, 278, -87, -151, -219, -92, -244, -200, 
-307, 126, 434, 90, -370, 280, -82, -156, -219, -92, -258, -209, 
-322, 117, 439, 102, -380, 278, -82, -161, -219, -97, -258, -214, 
-331, 117, 448, 107, -390, 283, -78, -156, -234, -92, -258, -219, 
-326, 107, 434, 109, -380, 270, -78, -156, -234, -97, -263, -229, 
-331, 97, 429, 117, -380, 263, -73, -161, -234, -102, -268, -229, 
-336, 97, 434, 119, -385, 265, -68, -161, -234, -102, -268, -229, 
-346, 97, 444, 124, -395, 270, -63, -161, -224, -97, -263, -224, 
-346, 97, 444, 124, -395, 270, -53, -161, -229, -102, -268, -229, 
-351, 92, 444, 129, -397, 268, -48, -170, -229, -102, -268, -229, 
-361, 87, 448, 136, -405, 268, -48, -170, -234, -102, -273, -234, 
-370, 82, 453, 143, -412, 268, -34, -170, -234, -102, -278, -239, 
-380, 73, 453, 153, -417, 263, -29, -170, -234, -112, -283, -239, 
-385, 73, 458, 156, -422, 265, -29, -170, -234, -112, -283, -239, 
-395, 73, 468, 161, -431, 270, -29, -170, -234, -112, -287, -244, 
-400, 63, 463, 168, -431, 263, -29, -175, -239, -117, -287, -248, 
-400, 63, 463, 168, -431, 263, -29, -175, -239, -117, -287, -248, 
-405, 58, 463, 173, -434, 261, -24, -175, -239, -117, -287, -248, 
-409, 53, 463, 178, -436, 258, -24, -175, -239, -122, -287, -248, 
-405, 63, 468, 170, -436, 265, -29, -170, -239, -122, -292, -248, 
-405, 63, 468, 170, -436, 265, -29, -170, -239, -126, -292, -253, 
-405, 53, 458, 175, -431, 256, -29, -170, -244, -126, -297, -253, 
-400, 53, 453, 173, -427, 253, -29, -170, -244, -122, -297, -258, 
-409, 39, 448, 185, -429, 244, -24, -175, -248, -131, -302, -258, 
-409, 39, 448, 185, -429, 244, -24, -175, -248, -136, -307, -258, 
-414, 34, 448, 190, -431, 241, -24, -180, -248, -136, -307, -263, 
-414, 34, 448, 190, -431, 241, -19, -180, -248, -141, -307, -263, 
-414, 34, 448, 190, -431, 241, -19, -180, -248, -136, -307, -263, 
-414, 34, 448, 190, -431, 241, -24, -185, -248, -136, -307, -263, 
-414, 34, 448, 190, -431, 241, -24, -185, -248, -136, -312, -263, 
-414, 34, 448, 190, -431, 241, -24, -185, -253, -136, -312, -263, 
-424, 34, 458, 195, -441, 246, -24, -185, -253, -136, -312, -258, 
-429, 34, 463, 197, -446, 248, -24, -180, -253, -131, -312, -258, 
-429, 29, 458, 200, -444, 244, -24, -180, -248, -131, -312, -258, 
-424, 24, 448, 200, -436, 236, -24, -180, -248, -131, -307, -268, 
-424, 29, 453, 197, -439, 241, -24, -185, -248, -131, -297, -258, 
-429, 29, 458, 200, -444, 244, -19, -185, -248, -131, -297, -258, 
-429, 34, 463, 197, -446, 248, -19, -185, -248, -131, -302, -253, 
-429, 39, 468, 195, -448, 253, -19, -185, -248, -131, -307, -253, 
-419, 39, 458, 190, -439, 248, -19, -185, -248, -131, -307, -253, 
-419, 39, 458, 190, -439, 248, -19, -185, -248, -131, -307, -253, 
-419, 39, 458, 190, -439, 248, -19, -185, -248, -131, -307, -253, 
-419, 34, 453, 192, -436, 244, -19, -185, -248, -131, -307, -253, 
-429, 43, 473, 192, -451, 258, -19, -185, -244, -131, -297, -253, 
-429, 48, 478, 190, -453, 263, -14, -180, -239, -126, -297, -253, 
-429, 48, 478, 190, -453, 263, -14, -180, -229, -126, -297, -253, 
-429, 53, 483, 187, -456, 268, -19, -185, -224, -126, -297, -253, 
-439, 43, 483, 197, -461, 263, -19, -175, -234, -117, -297, -253, 
-439, 43, 483, 197, -461, 263, -19, -175, -234, -117, -297, -253, 
-439, 43, 483, 197, -461, 263, -19, -180, -234, -117, -292, -248, 
-439, 43, 483, 197, -461, 263, -19, -180, -234, -117, -292, -248, 
-439, 48, 488, 195, -463, 268, -19, -190, -234, -117, -292, -239, 
-439, 48, 488, 195, -463, 268, -19, -190, -234, -117, -292, -239, 
-439, 48, 488, 195, -463, 268, -19, -190, -234, -117, -292, -239, 
-439, 48, 488, 195, -463, 268, -19, -190, -234, -117, -292, -239, 
-439, 58, 497, 190, -468, 278, -19, -185, -224, -117, -283, -239, 
-439, 63, 502, 187, -470, 283, -19, -185, -224, -112, -278, -239, 
-439, 63, 502, 187, -470, 283, -19, -190, -224, -112, -278, -239, 
-439, 63, 502, 187, -470, 283, -19, -190, -224, -112, -278, -239, 
-429, 58, 488, 185, -458, 273, -19, -190, -224, -102, -283, -239, 
-429, 58, 488, 185, -458, 273, -19, -190, -224, -102, -278, -239, 
-429, 58, 488, 185, -458, 273, -19, -190, -224, -102, -278, -239, 
-429, 58, 488, 185, -458, 273, -19, -195, -224, -102, -278, -234, 
-439, 58, 497, 190, -468, 278, -19, -185, -219, -107, -278, -234, 
-439, 58, 497, 190, -468, 278, -19, -185, -219, -107, -278, -229, 
-439, 58, 497, 190, -468, 278, -19, -185, -224, -107, -278, -229, 
-439, 58, 497, 190, -468, 278, -19, -185, -224, -107, -278, -229, 
-439, 58, 497, 190, -468, 278, -19, -185, -224, -97, -268, -229, 
-439, 63, 502, 187, -470, 283, -19, -185, -224, -97, -268, -229, 
-439, 63, 502, 187, -470, 283, -19, -185, -224, -97, -268, -229, 
-439, 63, 502, 187, -470, 283, -24, -185, -224, -97, -268, -229, 
-439, 68, 507, 185, -473, 287, -24, -185, -224, -102, -278, -219, 
-439, 73, 512, 183, -475, 292, -24, -185, -219, -97, -273, -219, 
-439, 73, 512, 183, -475, 292, -24, -185, -219, -97, -268, -219, 
-439, 68, 507, 185, -473, 287, -24, -185, -219, -97, -268, -219, 
-429, 78, 507, 175, -468, 292, -19, -175, -219, -97, -268, -219, 
-429, 78, 507, 175, -468, 292, -19, -175, -219, -97, -268, -219, 
-429, 73, 502, 178, -466, 287, -19, -175, -219, -97, -268, -219, 
-429, 73, 502, 178, -466, 287, -19, -175, -219, -97, -268, -219, 
-444, 63, 507, 190, -475, 285, -9, -175, -209, -92, -258, -214, 
-444, 63, 507, 190, -475, 285, -9, -175, -209, -92, -258, -214, 
-444, 63, 507, 190, -475, 285, -14, -175, -209, -92, -263, -214, 
-439, 63, 502, 187, -470, 283, -14, -175, -209, -97, -263, -214, 
-439, 63, 502, 187, -470, 283, -19, -185, -219, -97, -273, -214, 
-439, 63, 502, 187, -470, 283, -19, -185, -219, -97, -273, -219, 
-434, 63, 497, 185, -466, 280, -19, -185, -219, -97, -273, -219, 
-429, 68, 497, 180, -463, 283, -19, -185, -219, -92, -273, -219, 
-429, 78, 507, 175, -468, 292, -19, -175, -209, -82, -263, -219, 
-434, 78, 512, 178, -473, 295, -14, -175, -209, -82, -263, -214, 
-434, 73, 507, 180, -470, 290, -14, -175, -209, -82, -258, -214, 
-439, 73, 512, 183, -475, 292, -14, -175, -209, -82, -258, -219, 
-448, 73, 522, 187, -485, 297, -29, -185, -219, -92, -263, -219, 
-448, 73, 522, 187, -485, 297, -29, -185, -219, -92, -263, -219, 
-448, 73, 522, 187, -485, 297, -29, -185, -219, -92, -263, -219, 
-448, 73, 522, 187, -485, 297, -24, -185, -219, -92, -263, -219, 
-439, 73, 512, 183, -475, 292, -14, -180, -209, -92, -263, -219, 
-439, 73, 512, 183, -475, 292, -14, -175, -209, -92, -263, -219, 
-439, 73, 512, 183, -475, 292, -19, -170, -214, -92, -263, -219, 
-439, 73, 512, 183, -475, 292, -19, -165, -214, -92, -263, -219, 
-439, 73, 512, 183, -475, 292, -9, -165, -214, -92, -263, -219, 
-439, 73, 512, 183, -475, 292, -9, -165, -214, -92, -268, -219, 
-439, 73, 512, 183, -475, 292, -9, -165, -219, -92, -268, -219, 
-434, 73, 507, 180, -470, 290, -9, -165, -219, -97, -268, -219, 
-439, 73, 512, 183, -475, 292, -9, -165, -214, -97, -258, -219, 
-444, 68, 512, 187, -478, 290, -9, -165, -214, -97, -258, -219, 
-448, 68, 517, 190, -483, 292, -9, -165, -214, -97, -258, -219, 
-453, 73, 527, 190, -490, 300, -9, -165, -214, -92, -258, -219, 
-463, 63, 527, 200, -495, 295, -9, -165, -214, -92, -263, -219, 
-463, 63, 527, 200, -495, 295, -9, -165, -214, -92, -263, -219, 
-463, 63, 527, 200, -495, 295, -9, -165, -214, -92, -263, -219, 
-463, 63, 527, 200, -495, 295, -9, -165, -214, -92, -263, -219, 
-453, 58, 512, 197, -483, 285, -9, -165, -214, -92, -263, -219, 
-453, 58, 512, 197, -483, 285, -9, -165, -214, -92, -268, -219, 
-453, 63, 517, 195, -485, 290, -9, -170, -214, -97, -268, -219, 
-453, 63, 517, 195, -485, 290, -9, -170, -214, -97, -268, -224, 
-463, 53, 517, 204, -490, 285, -19, -165, -224, -97, -268, -224, 
-463, 53, 517, 204, -490, 285, -19, -165, -219, -97, -268, -219, 
-463, 48, 512, 207, -488, 280, -19, -165, -219, -97, -268, -219, 
-463, 43, 507, 209, -485, 275, -19, -165, -224, -92, -268, -219, 
-463, 43, 507, 209, -485, 275, -9, -165, -224, -102, -268, -229, 
-463, 53, 517, 204, -490, 285, -9, -165, -224, -102, -268, -229, 
-463, 53, 517, 204, -490, 285, -9, -165, -224, -102, -268, -229, 
-463, 53, 517, 204, -490, 285, -9, -165, -224, -107, -268, -229, 
-473, 43, 517, 214, -495, 280, -9, -175, -224, -97, -268, -224, 
-473, 43, 517, 214, -495, 280, -9, -175, -224, -97, -268, -229, 
-473, 43, 517, 214, -495, 280, -9, -175, -224, -97, -268, -229, 
-473, 43, 517, 214, -495, 280, -9, -175, -224, -97, -268, -229, 
-463, 58, 522, 202, -492, 290, -9, -165, -219, -102, -268, -214, 
-463, 58, 522, 202, -492, 290, -9, -165, -219, -102, -268, -214, 
-463, 58, 522, 202, -492, 290, -9, -165, -219, -97, -268, -209, 
-463, 58, 522, 202, -492, 290, -9, -165, -219, -97, -268, -209, 
-463, 53, 517, 204, -490, 285, -9, -165, -219, -97, -268, -219, 
-458, 53, 512, 202, -485, 283, -9, -165, -214, -97, -268, -219, 
-458, 58, 517, 200, -488, 287, -9, -165, -214, -97, -268, -214, 
-463, 58, 522, 202, -492, 290, -9, -165, -209, -97, -263, -214, 
-478, 43, 522, 217, -500, 283, 0, -165, -219, -107, -273, -224, 
-483, 43, 527, 219, -505, 285, 0, -165, -219, -107, -273, -224, 
-488, 53, 541, 217, -514, 297, 0, -165, -219, -107, -273, -224, 
-492, 48, 541, 222, -517, 295, 0, -161, -219, -107, -268, -224, 
-492, 48, 541, 222, -517, 295, 0, -170, -219, -107, -273, -209, 
-492, 48, 541, 222, -517, 295, 0, -170, -214, -102, -268, -209, 
-483, 48, 531, 217, -507, 290, 0, -170, -214, -97, -268, -209, 
-483, 48, 531, 217, -507, 290, 0, -170, -214, -92, -268, -214, 
-488, 43, 531, 222, -509, 287, 0, -170, -214, -102, -278, -224, 
-488, 53, 541, 217, -514, 297, 0, -165, -209, -102, -278, -224, 
-483, 48, 531, 217, -507, 290, -4, -165, -214, -102, -278, -224, 
-483, 39, 522, 222, -502, 280, -4, -170, -214, -102, -273, -224, 
-483, 48, 531, 217, -507, 290, 4, -161, -224, -102, -268, -214, 
-483, 48, 531, 217, -507, 290, 4, -161, -224, -102, -268, -214, 
-478, 53, 531, 212, -505, 292, -4, -161, -224, -102, -268, -214, 
-478, 58, 536, 209, -507, 297, -9, -161, -219, -97, -263, -209, 
-488, 58, 546, 214, -517, 302, 0, -161, -209, -87, -253, -209, 
-488, 63, 551, 212, -519, 307, -4, -161, -209, -82, -253, -209, 
-478, 63, 541, 207, -509, 302, -4, -161, -214, -82, -253, -209, 
-468, 63, 531, 202, -500, 297, -4, -161, -214, -82, -253, -209, 
-473, 78, 551, 197, -512, 314, 0, -151, -200, -73, -248, -195, 
-478, 73, 551, 202, -514, 312, 0, -151, -195, -68, -248, -195, 
-473, 87, 561, 192, -517, 324, -4, -151, -190, -68, -244, -195, 
-473, 92, 566, 190, -519, 329, -4, -151, -185, -68, -239, -195, 
-463, 107, 570, 178, -517, 339, 0, -141, -180, -63, -229, -180, 
-463, 112, 575, 175, -519, 344, 0, -141, -175, -58, -229, -180, 
-463, 117, 580, 173, -522, 348, 0, -146, -170, -58, -229, -180, 
-473, 117, 590, 178, -531, 353, 0, -146, -170, -53, -234, -185, 
-468, 131, 600, 168, -534, 366, -9, -146, -165, -48, -224, -180, 
-463, 141, 605, 161, -534, 373, -14, -146, -165, -43, -224, -175, 
-448, 146, 595, 151, -522, 370, -19, -146, -161, -43, -219, -170, 
-453, 146, 600, 153, -527, 373, -24, -151, -156, -39, -214, -170, 
-444, 156, 600, 143, -522, 378, -14, -141, -151, -34, -209, -161, 
-439, 161, 600, 139, -519, 380, -14, -136, -146, -29, -209, -156, 
-439, 161, 600, 139, -519, 380, -9, -126, -141, -29, -204, -156, 
-444, 161, 605, 141, -524, 383, -4, -122, -136, -24, -204, -156, 
-434, 151, 585, 141, -509, 368, -9, -126, -141, -24, -209, -165, 
-434, 146, 580, 143, -507, 363, -14, -126, -141, -29, -209, -165, 
-429, 146, 575, 141, -502, 361, -19, -126, -141, -29, -214, -165, 
-429, 146, 575, 141, -502, 361, -24, -126, -141, -29, -219, -165, 
-409, 156, 566, 126, -488, 361, -34, -136, -141, -19, -209, -161, 
-419, 156, 575, 131, -497, 366, -43, -136, -151, -34, -219, -161, 
-429, 141, 570, 143, -500, 356, -43, -136, -151, -39, -219, -161, 
-429, 136, 566, 146, -497, 351, -43, -136, -156, -43, -219, -170, 
-429, 146, 575, 141, -502, 361, -53, -151, -165, -53, -219, -161, 
-429, 146, 575, 141, -502, 361, -63, -161, -165, -48, -219, -165, 
-424, 146, 570, 139, -497, 358, -73, -165, -165, -48, -219, -165, 
-419, 151, 570, 134, -495, 361, -87, -165, -165, -48, -219, -165, 
-414, 151, 566, 131, -490, 358, -87, -175, -180, -48, -229, -175, 
-419, 146, 566, 136, -492, 356, -82, -175, -190, -53, -229, -175, 
-419, 141, 561, 139, -490, 351, -78, -170, -200, -63, -229, -175, 
-419, 141, 561, 139, -490, 351, -68, -170, -204, -68, -229, -175, 
-414, 136, 551, 139, -483, 344, -73, -175, -214, -82, -234, -190, 
-414, 126, 541, 143, -478, 334, -68, -180, -214, -82, -239, -190, 
-414, 117, 531, 148, -473, 324, -68, -180, -219, -78, -248, -195, 
-414, 107, 522, 153, -468, 314, -68, -180, -219, -78, -253, -195, 
-424, 107, 531, 158, -478, 319, -58, -180, -214, -87, -253, -195, 
-419, 117, 536, 151, -478, 326, -68, -180, -219, -87, -248, -190, 
-419, 117, 536, 151, -478, 326, -78, -185, -224, -87, -244, -185, 
-424, 107, 531, 158, -478, 319, -73, -185, -224, -97, -244, -185, 
-429, 107, 536, 161, -483, 322, -68, -185, -224, -97, -244, -185, 
-434, 107, 541, 163, -488, 324, -63, -185, -224, -97, -244, -185, 
-439, 107, 546, 165, -492, 326, -58, -185, -224, -97, -244, -185, 
-453, 87, 541, 183, -497, 314, -39, -175, -209, -92, -244, -185, 
-458, 78, 536, 190, -497, 307, -34, -170, -209, -92, -248, -195, 
-478, 68, 546, 204, -512, 307, -24, -165, -209, -92, -248, -200, 
-488, 58, 546, 214, -517, 302, -19, -161, -209, -87, -258, -200, 
-507, 48, 556, 229, -531, 302, -9, -151, -214, -92, -263, -204, 
-517, 39, 556, 239, -536, 297, -4, -151, -214, -92, -263, -204, 
-522, 34, 556, 244, -539, 295, -4, -151, -219, -97, -263, -209, 
-522, 34, 556, 244, -539, 295, -4, -151, -219, -97, -268, -214, 
-531, 29, 561, 251, -546, 295, 9, -161, -219, -102, -278, -209, 
-531, 19, 551, 256, -541, 285, 9, -161, -224, -102, -283, -214, 
-531, 14, 546, 258, -539, 280, 9, -165, -224, -107, -283, -219, 
-531, 9, 541, 261, -536, 275, 9, -165, -224, -107, -287, -219, 
-536, 19, 556, 258, -546, 287, 14, -161, -229, -112, -283, -229, 
-536, 14, 551, 261, -544, 283, 14, -156, -229, -112, -283, -229, 
-536, 14, 551, 261, -544, 283, 14, -151, -229, -112, -283, -229, 
-536, 14, 551, 261, -544, 283, 19, -141, -229, -117, -283, -229, 
-536, 4, 541, 265, -539, 273, 19, -151, -234, -117, -283, -229, 
-541, 4, 546, 268, -544, 275, 19, -156, -234, -117, -283, -229, 
-541, 4, 546, 268, -544, 275, 19, -156, -229, -117, -287, -229, 
-541, 4, 546, 268, -544, 275, 24, -151, -229, -117, -287, -229, 
-541, 4, 546, 268, -544, 275, 34, -151, -239, -117, -283, -229, 
-541, 4, 546, 268, -544, 275, 29, -156, -239, -107, -283, -229, 
-541, 0, 541, 270, -541, 270, 29, -156, -239, -107, -283, -229, 
-551, 0, 551, 275, -551, 275, 29, -156, -239, -107, -283, -229, 
-551, 0, 551, 275, -551, 275, 19, -156, -229, -107, -283, -229, 
-551, 0, 551, 275, -551, 275, 19, -146, -229, -107, -283, -229, 
-551, 0, 551, 275, -551, 275, 24, -146, -229, -112, -283, -234, 
-551, -4, 546, 278, -549, 270, 24, -146, -229, -112, -283, -234, 
-561, -9, 551, 285, -556, 270, 24, -146, -229, -112, -283, -239, 
-561, -9, 551, 285, -556, 270, 24, -146, -229, -112, -287, -239, 
-561, -4, 556, 283, -558, 275, 34, -146, -234, -112, -287, -234, 
-561, -4, 556, 283, -558, 275, 34, -146, -234, -112, -287, -234, 
-556, -14, 541, 285, -549, 263, 39, -146, -234, -112, -278, -224, 
-556, -14, 541, 285, -549, 263, 34, -146, -234, -112, -278, -224, 
-561, -14, 546, 287, -553, 265, 34, -151, -234, -117, -278, -224, 
-561, -14, 546, 287, -553, 265, 39, -151, -234, -117, -278, -229, 
-570, -19, 551, 295, -561, 265, 39, -151, -234, -117, -287, -229, 
-570, -19, 551, 295, -561, 265, 39, -151, -234, -117, -287, -229, 
-570, -19, 551, 295, -561, 265, 39, -151, -234, -117, -287, -229, 
-575, -19, 556, 297, -566, 268, 39, -151, -234, -117, -287, -229, 
-566, -14, 551, 290, -558, 268, 39, -151, -234, -117, -287, -234, 
-566, -14, 551, 290, -558, 268, 39, -151, -234, -117, -287, -234, 
-561, -14, 546, 287, -553, 265, 39, -151, -234, -117, -287, -229, 
-561, -14, 546, 287, -553, 265, 39, -151, -239, -117, -297, -229, 
-566, -24, 541, 295, -553, 258, 34, -151, -229, -117, -297, -229, 
-570, -24, 546, 297, -558, 261, 34, -151, -224, -112, -287, -229, 
-575, -24, 551, 300, -563, 263, 34, -151, -224, -112, -287, -229, 
-580, -24, 556, 302, -568, 265, 34, -151, -224, -112, -287, -229, 
-570, -19, 551, 295, -561, 265, 34, -151, -224, -117, -287, -239, 
-570, -14, 556, 292, -563, 270, 34, -151, -229, -117, -287, -239, 
-570, -9, 561, 290, -566, 275, 34, -151, -229, -117, -292, -239, 
-570, 0, 570, 285, -570, 285, 34, -146, -229, -117, -292, -234, 
-580, -9, 570, 295, -575, 280, 34, -146, -234, -117, -292, -234, 
-580, -14, 566, 297, -573, 275, 34, -151, -234, -117, -292, -239, 
-580, -14, 566, 297, -573, 275, 34, -151, -234, -117, -292, -239, 
-580, -14, 566, 297, -573, 275, 34, -151, -234, -117, -292, -239, 
-580, -19, 561, 300, -570, 270, 34, -151, -229, -117, -292, -229, 
-580, -19, 561, 300, -570, 270, 34, -151, -229, -117, -292, -229, 
-580, -19, 561, 300, -570, 270, 34, -151, -229, -117, -292, -229, 
-580, -19, 561, 300, -570, 270, 34, -151, -229, -117, -292, -229, 
-590, -29, 561, 309, -575, 265, 34, -141, -224, -107, -283, -219, 
-590, -24, 566, 307, -578, 270, 34, -141, -224, -107, -283, -219, 
-595, -24, 570, 309, -583, 273, 39, -141, -219, -107, -283, -214, 
-595, -24, 570, 309, -583, 273, 39, -141, -219, -102, -278, -214, 
-585, -14, 570, 300, -578, 278, 29, -141, -229, -112, -287, -214, 
-575, -14, 561, 295, -568, 273, 29, -141, -229, -112, -287, -214, 
-575, -14, 561, 295, -568, 273, 29, -141, -229, -117, -287, -214, 
-575, -14, 561, 295, -568, 273, 29, -141, -229, -117, -287, -214, 
-575, -24, 551, 300, -563, 263, 39, -141, -229, -112, -278, -224, 
-580, -24, 556, 302, -568, 265, 39, -141, -229, -112, -283, -224, 
-580, -29, 551, 305, -566, 261, 39, -141, -229, -112, -283, -224, 
-580, -29, 551, 305, -566, 261, 39, -141, -229, -112, -283, -224, 
-575, -14, 561, 295, -568, 273, 39, -141, -229, -112, -283, -214, 
-566, -14, 551, 290, -558, 268, 39, -141, -229, -112, -283, -214, 
-580, -24, 556, 302, -568, 265, 39, -141, -224, -107, -278, -214, 
-590, -14, 575, 302, -583, 280, 34, -141, -219, -102, -278, -209, 
-590, 4, 595, 292, -592, 300, 39, -141, -209, -82, -263, -200, 
-610, 19, 629, 295, -619, 324, 34, -146, -190, -73, -253, -195, 
-644, 14, 658, 314, -651, 336, 53, -136, -146, -43, -234, -195, 
-673, 24, 697, 324, -685, 361, 97, -117, -107, -24, -209, -180, 
-683, 34, 717, 324, -700, 375, 107, -102, -97, -4, -204, -170, 
-688, 19, 707, 334, -697, 363, 97, -117, -117, -14, -200, -180, 
-673, 14, 688, 329, -680, 351, 97, -102, -126, -24, -200, -170, 
-639, 29, 668, 305, -653, 348, 78, -68, -141, -14, -170, -156, 
-590, 29, 619, 280, -605, 324, 53, -43, -170, -14, -161, -141, 
-522, 34, 556, 244, -539, 295, 14, -63, -219, -29, -170, -141, 
-448, 39, 488, 204, -468, 263, -39, -102, -287, -58, -170, -122, 
-336, 63, 400, 136, -368, 231, -126, -151, -370, -92, -170, -97, 
-190, 107, 297, 41, -244, 202, -239, -209, -463, -131, -165, -58, 
-43, 185, 229, -70, -136, 207, -366, -287, -556, -156, -136, -9, 
122, 268, 146, -195, -12, 207, -497, -351, -639, -175, -107, 48, 
287, 331, 43, -309, 122, 187, -629, -400, -732, -204, -87, 87, 
453, 395, -58, -424, 256, 168, -746, -453, -834, -239, -78, 126, 
566, 419, -146, -492, 356, 136, -829, -507, -941, -302, -107, 136, 
614, 331, -283, -473, 448, 24, -854, -527, -1063, -439, -234, 48, 
624, 131, -492, -378, 558, -180, -824, -517, -1220, -639, -468, -131, 
610, -92, -702, -258, 656, -397, -775, -507, -1361, -854, -712, -336, 
600, -263, -863, -168, 732, -563, -727, -502, -1449, -1015, -893, -488, 
580, -366, -946, -107, 763, -656, -683, -517, -1493, -1112, -1015, -590, 
522, -453, -976, -34, 749, -714, -639, -551, -1546, -1185, -1102, -673, 
429, -522, -951, 46, 690, -736, -590, -614, -1576, -1249, -1176, -732, 
278, -600, -878, 161, 578, -739, -531, -688, -1571, -1288, -1220, -775, 
131, -639, -771, 253, 451, -705, -458, -732, -1527, -1268, -1220, -790, 
34, -595, -629, 280, 331, -612, -395, -712, -1429, -1185, -1161, -761, 
-34, -527, -492, 280, 229, -509, -346, -663, -1312, -1073, -1073, -707, 
-102, -502, -400, 302, 148, -451, -312, -624, -1229, -995, -1010, -683, 
-165, -483, -317, 324, 75, -400, -283, -595, -1151, -927, -966, -653, 
-214, -439, -224, 326, 4, -331, -253, -536, -1049, -834, -888, -595, 
-273, -390, -117, 331, -78, -253, -219, -478, -941, -732, -814, -541, 
-297, -346, -48, 322, -124, -197, -180, -424, -844, -649, -746, -507, 
-336, -317, 19, 326, -178, -148, -141, -375, -741, -580, -678, -463, 
-414, -278, 136, 346, -275, -70, -107, -331, -653, -502, -605, -429, 
-473, -253, 219, 363, -346, -17, -58, -292, -570, -434, -541, -395, 
-522, -214, 307, 368, -414, 46, -34, -253, -507, -366, -488, -375, 
-566, -175, 390, 370, -478, 107, -19, -239, -448, -312, -444, -341, 
-585, -146, 439, 366, -512, 146, 0, -209, -400, -258, -409, -326, 
-590, -122, 468, 356, -529, 173, 14, -175, -361, -224, -390, -297, 
-580, -92, 488, 336, -534, 197, 19, -156, -331, -190, -366, -268, 
-585, -63, 522, 324, -553, 229, 24, -146, -297, -165, -336, -244, 
-575, -43, 531, 309, -553, 244, 24, -126, -273, -141, -312, -234, 
-575, -34, 541, 305, -558, 253, 34, -126, -258, -131, -297, -219, 
-575, -39, 536, 307, -556, 248, 39, -122, -244, -131, -283, -209, 
-590, -24, 566, 307, -578, 270, 39, -112, -239, -117, -278, -204, 
-605, -24, 580, 314, -592, 278, 48, -107, -229, -102, -263, -204, 
-619, -19, 600, 319, -610, 290, 48, -102, -219, -102, -258, -204, 
-614, -19, 595, 317, -605, 287, 48, -97, -219, -102, -258, -200, 
-619, -19, 600, 319, -610, 290, 53, -92, -219, -92, -258, -200, 
-629, -14, 614, 322, -622, 300, 53, -102, -209, -82, -268, -185, 
-629, -14, 614, 322, -622, 300, 53, -97, -209, -82, -263, -185, 
-624, -14, 610, 319, -617, 297, 53, -92, -200, -82, -258, -185, 
-624, -14, 610, 319, -617, 297, 53, -92, -200, -78, -253, -185, 
-634, -14, 619, 324, -627, 302, 58, -87, -200, -87, -253, -185, 
-634, -9, 624, 322, -629, 307, 58, -87, -195, -82, -253, -185, 
-634, -4, 629, 319, -631, 312, 58, -92, -195, -78, -253, -185, 
-634, -4, 629, 319, -631, 312, 58, -92, -195, -73, -248, -185, 
-634, 4, 639, 314, -636, 322, 58, -82, -190, -68, -234, -195, 
-639, 4, 644, 317, -641, 324, 58, -82, -180, -63, -234, -185, 
-639, 4, 644, 317, -641, 324, 53, -78, -175, -58, -234, -185, 
-634, 4, 639, 314, -636, 322, 53, -78, -170, -53, -234, -185, 
-624, 4, 629, 309, -627, 317, 53, -78, -175, -63, -234, -175, 
-624, 9, 634, 307, -629, 322, 53, -82, -175, -63, -234, -175, 
-619, 9, 629, 305, -624, 319, 53, -82, -180, -63, -234, -170, 
-619, 9, 629, 305, -624, 319, 53, -78, -185, -63, -234, -170, 
-629, 0, 629, 314, -629, 314, 63, -78, -175, -63, -219, -170, 
-634, 0, 634, 317, -634, 317, 63, -78, -175, -63, -219, -170, 
-639, 0, 639, 319, -639, 319, 63, -73, -175, -63, -219, -170, 
-644, 0, 644, 322, -644, 322, 63, -73, -175, -58, -219, -170, 
-634, 9, 644, 312, -639, 326, 63, -63, -175, -48, -214, -170, 
-634, 4, 639, 314, -636, 322, 63, -63, -175, -48, -214, -170, 
-634, 4, 639, 314, -636, 322, 63, -68, -175, -48, -214, -170, 
-634, 9, 644, 312, -639, 326, 63, -68, -175, -48, -214, -170, 
-629, 14, 644, 307, -636, 329, 58, -68, -175, -48, -224, -161, 
-629, 24, 653, 302, -641, 339, 53, -68, -175, -48, -224, -161, 
-629, 29, 658, 300, -644, 344, 48, -68, -175, -48, -219, -161, 
-634, 29, 663, 302, -649, 346, 43, -68, -170, -48, -219, -161, 
-644, 19, 663, 312, -653, 341, 48, -68, -170, -48, -219, -165, 
-644, 19, 663, 312, -653, 341, 48, -63, -170, -48, -219, -165, 
-644, 19, 663, 312, -653, 341, 48, -63, -170, -43, -219, -161, 
-644, 19, 663, 312, -653, 341, 48, -63, -170, -43, -219, -161, 
-653, 19, 673, 317, -663, 346, 48, -63, -165, -43, -209, -165, 
-644, 19, 663, 312, -653, 341, 48, -58, -165, -43, -209, -165, 
-644, 19, 663, 312, -653, 341, 48, -58, -161, -43, -209, -165, 
-644, 24, 668, 309, -656, 346, 48, -58, -161, -43, -204, -165, 
-634, 14, 649, 309, -641, 331, 58, -58, -161, -53, -214, -165, 
-634, 14, 649, 309, -641, 331, 58, -58, -161, -53, -214, -165, 
-634, 14, 649, 309, -641, 331, 58, -58, -161, -53, -214, -165, 
-634, 14, 649, 309, -641, 331, 58, -58, -161, -48, -214, -165, 
-639, 14, 653, 312, -646, 334, 58, -58, -161, -39, -214, -170, 
-639, 19, 658, 309, -649, 339, 58, -58, -161, -39, -214, -170, 
-644, 19, 663, 312, -653, 341, 53, -58, -161, -39, -214, -175, 
-653, 14, 668, 319, -661, 341, 53, -53, -161, -39, -214, -175, 
-649, 19, 668, 314, -658, 344, 43, -53, -161, -43, -204, -165, 
-644, 24, 668, 309, -656, 346, 43, -53, -165, -43, -204, -165, 
-639, 39, 678, 300, -658, 358, 43, -53, -165, -43, -204, -165, 
-634, 43, 678, 295, -656, 361, 43, -53, -161, -39, -204, -161, 
-624, 34, 658, 295, -641, 346, 53, -43, -151, -29, -195, -151, 
-624, 34, 658, 295, -641, 346, 48, -43, -151, -24, -195, -151, 
-624, 34, 658, 295, -641, 346, 48, -43, -146, -24, -195, -146, 
-624, 34, 658, 295, -641, 346, 43, -39, -146, -29, -195, -146, 
-629, 24, 653, 302, -641, 339, 43, -39, -146, -29, -204, -146, 
-629, 24, 653, 302, -641, 339, 43, -39, -146, -29, -204, -146, 
-629, 29, 658, 300, -644, 344, 43, -34, -146, -29, -195, -146, 
-629, 29, 658, 300, -644, 344, 43, -29, -146, -24, -195, -141, 
-624, 39, 663, 292, -644, 351, 43, -29, -146, -24, -185, -141, 
-619, 39, 658, 290, -639, 348, 39, -34, -146, -24, -185, -141, 
-619, 39, 658, 290, -639, 348, 39, -34, -146, -24, -190, -146, 
-619, 43, 663, 287, -641, 353, 39, -29, -146, -19, -190, -146, 
-619, 39, 658, 290, -639, 348, 43, -29, -151, -14, -185, -141, 
-624, 43, 668, 290, -646, 356, 43, -29, -151, -14, -185, -141, 
-629, 43, 673, 292, -651, 358, 39, -29, -151, -14, -185, -141, 
-634, 43, 678, 295, -656, 361, 39, -29, -151, -14, -185, -141, 
-634, 43, 678, 295, -656, 361, 48, -29, -151, -19, -195, -141, 
-629, 43, 673, 292, -651, 358, 48, -29, -151, -19, -195, -141, 
-629, 43, 673, 292, -651, 358, 48, -29, -151, -19, -195, -141, 
-629, 43, 673, 292, -651, 358, 43, -29, -151, -24, -185, -141, 
-629, 48, 678, 290, -653, 363, 43, -24, -136, -14, -185, -151, 
-629, 48, 678, 290, -653, 363, 43, -19, -131, -9, -185, -146, 
-629, 48, 678, 290, -653, 363, 43, -19, -131, -9, -185, -141, 
-619, 53, 673, 283, -646, 363, 43, -19, -131, -9, -185, -141, 
-619, 68, 688, 275, -653, 378, 34, -14, -136, -9, -185, -141, 
-619, 68, 688, 275, -653, 378, 34, -14, -136, -4, -185, -136, 
-619, 68, 688, 275, -653, 378, 29, -14, -141, 0, -180, -136, 
-619, 68, 688, 275, -653, 378, 29, -14, -141, 0, -175, -131, 
-619, 68, 688, 275, -653, 378, 29, -9, -141, 0, -165, -126, 
-614, 68, 683, 273, -649, 375, 24, -4, -141, 9, -165, -126, 
-610, 73, 683, 268, -646, 378, 24, -4, -131, 9, -161, -126, 
-610, 73, 683, 268, -646, 378, 24, -4, -131, 9, -161, -126, 
-600, 78, 678, 261, -639, 378, 29, -4, -126, 9, -161, -117, 
-600, 78, 678, 261, -639, 378, 29, 0, -126, 14, -161, -112, 
-595, 78, 673, 258, -634, 375, 29, 0, -126, 14, -161, -112, 
-590, 82, 673, 253, -631, 378, 19, 4, -126, 14, -161, -112, 
-585, 82, 668, 251, -627, 375, 9, 4, -122, 19, -156, -122, 
-580, 87, 668, 246, -624, 378, 9, 9, -122, 19, -151, -117, 
-575, 92, 668, 241, -622, 380, 9, 9, -122, 24, -151, -117, 
-575, 92, 668, 241, -622, 380, 9, 14, -117, 29, -151, -112, 
-566, 117, 683, 224, -624, 400, 9, 29, -112, 39, -136, -112, 
-556, 126, 683, 214, -619, 405, 4, 34, -102, 39, -136, -107, 
-546, 136, 683, 204, -614, 409, 4, 34, -92, 43, -126, -107, 
-546, 151, 697, 197, -622, 424, 4, 34, -82, 43, -122, -97, 
-546, 141, 688, 202, -617, 414, 4, 43, -92, 53, -122, -92, 
-551, 146, 697, 202, -624, 422, -4, 43, -92, 53, -122, -87, 
-546, 156, 702, 195, -624, 429, -9, 48, -87, 58, -117, -87, 
-541, 156, 697, 192, -619, 427, -9, 48, -87, 63, -112, -82, 
-546, 161, 707, 192, -627, 434, -14, 39, -97, 63, -122, -78, 
-541, 156, 697, 192, -619, 427, -14, 39, -92, 58, -122, -78, 
-531, 161, 692, 185, -612, 427, -19, 48, -92, 58, -112, -73, 
-527, 165, 692, 180, -610, 429, -24, 53, -87, 53, -107, -73, 
-512, 170, 683, 170, -597, 427, -29, 63, -82, 53, -107, -73, 
-507, 175, 683, 165, -595, 429, -29, 63, -82, 63, -102, -63, 
-497, 180, 678, 158, -588, 429, -34, 63, -82, 68, -97, -58, 
-492, 190, 683, 151, -588, 436, -39, 68, -82, 68, -92, -58, 
-483, 195, 678, 143, -580, 436, -53, 68, -78, 78, -82, -53, 
-478, 195, 673, 141, -575, 434, -58, 73, -78, 82, -82, -48, 
-468, 204, 673, 131, -570, 439, -58, 73, -78, 87, -78, -48, 
-463, 204, 668, 129, -566, 436, -63, 78, -78, 92, -78, -48, 
-458, 204, 663, 126, -561, 434, -68, 78, -78, 92, -82, -48, 
-453, 209, 663, 122, -558, 436, -73, 78, -78, 87, -78, -48, 
-448, 214, 663, 117, -556, 439, -73, 82, -78, 82, -78, -43, 
-444, 219, 663, 112, -553, 441, -78, 82, -78, 78, -78, -43, 
-439, 224, 663, 107, -551, 444, -73, 87, -68, 87, -78, -43, 
-439, 224, 663, 107, -551, 444, -73, 87, -68, 92, -78, -39, 
-429, 229, 658, 100, -544, 444, -78, 87, -68, 92, -73, -39, 
-424, 234, 658, 95, -541, 446, -82, 82, -68, 87, -73, -34, 
-414, 248, 663, 82, -539, 456, -82, 73, -63, 102, -58, -24, 
-409, 253, 663, 78, -536, 458, -87, 73, -58, 107, -58, -24, 
-400, 263, 663, 68, -531, 463, -87, 73, -53, 112, -53, -24, 
-390, 273, 663, 58, -527, 468, -92, 68, -48, 117, -43, -24, 
-395, 268, 663, 63, -529, 466, -92, 78, -53, 112, -43, -34, 
-400, 263, 663, 68, -531, 463, -92, 73, -58, 107, -48, -34, 
-405, 253, 658, 75, -531, 456, -92, 68, -68, 102, -58, -34, 
-409, 248, 658, 80, -534, 453, -92, 68, -73, 97, -63, -34, 
-405, 239, 644, 82, -524, 441, -102, 58, -78, 97, -73, -24, 
-405, 239, 644, 82, -524, 441, -107, 53, -87, 87, -73, -24, 
-405, 234, 639, 85, -522, 436, -107, 48, -92, 82, -78, -29, 
-409, 224, 634, 92, -522, 429, -102, 43, -92, 73, -78, -29, 
-405, 214, 619, 95, -512, 417, -97, 29, -107, 63, -78, -43, 
-414, 209, 624, 102, -519, 417, -97, 24, -112, 58, -82, -48, 
-424, 195, 619, 114, -522, 407, -97, 24, -117, 53, -87, -58, 
-434, 185, 619, 124, -527, 402, -92, 19, -122, 48, -92, -63, 
-458, 175, 634, 141, -546, 405, -87, 9, -126, 48, -112, -73, 
-468, 165, 634, 151, -551, 400, -78, 9, -131, 48, -117, -73, 
-478, 156, 634, 161, -556, 395, -73, 4, -131, 48, -117, -73, 
-488, 151, 639, 168, -563, 395, -68, 0, -131, 43, -122, -78, 
-507, 141, 649, 183, -578, 395, -63, 4, -131, 29, -122, -82, 
-522, 131, 653, 195, -588, 392, -58, 0, -136, 24, -126, -92, 
-536, 122, 658, 207, -597, 390, -53, -4, -136, 19, -126, -97, 
-541, 107, 649, 217, -595, 378, -43, -9, -136, 14, -131, -102, 
-546, 112, 658, 217, -602, 385, -29, -14, -146, 9, -136, -107, 
-556, 97, 653, 229, -605, 375, -19, -14, -151, 4, -146, -112, 
-575, 87, 663, 244, -619, 375, -14, -19, -151, 4, -161, -122, 
-585, 78, 663, 253, -624, 370, -14, -24, -151, 0, -161, -126, 
-590, 78, 668, 256, -629, 373, -9, -39, -156, -4, -170, -131, 
-590, 68, 658, 261, -624, 363, -9, -39, -156, -9, -175, -141, 
-600, 58, 658, 270, -629, 358, -4, -43, -156, -14, -180, -141, 
-610, 58, 668, 275, -639, 363, 0, -43, -156, -14, -180, -141, 
-629, 43, 673, 292, -651, 358, 4, -43, -165, -9, -175, -136, 
-639, 39, 678, 300, -658, 358, 14, -43, -170, -14, -180, -141, 
-653, 29, 683, 312, -668, 356, 19, -53, -170, -14, -180, -141, 
-673, 19, 692, 326, -683, 356, 19, -53, -175, -14, -185, -146, 
-673, 14, 688, 329, -680, 351, 24, -53, -165, -14, -180, -151, 
-673, 4, 678, 334, -675, 341, 29, -53, -165, -24, -185, -151, 
-668, 4, 673, 331, -671, 339, 29, -53, -165, -24, -185, -151, 
-668, 4, 673, 331, -671, 339, 29, -53, -165, -24, -190, -156, 
-673, 0, 673, 336, -673, 336, 29, -58, -161, -19, -200, -161, 
-673, 4, 678, 334, -675, 341, 29, -58, -161, -19, -200, -161, 
-678, 4, 683, 336, -680, 344, 34, -58, -161, -19, -200, -161, 
-683, 4, 688, 339, -685, 346, 34, -58, -161, -24, -200, -161, 
-692, -4, 688, 348, -690, 341, 39, -63, -170, -34, -214, -170, 
-697, -4, 692, 351, -695, 344, 39, -63, -170, -39, -214, -175, 
-702, -14, 688, 358, -695, 336, 39, -63, -175, -39, -219, -175, 
-702, -14, 688, 358, -695, 336, 39, -63, -175, -34, -219, -180, 
-702, -19, 683, 361, -692, 331, 43, -58, -180, -34, -214, -180, 
-702, -19, 683, 361, -692, 331, 43, -58, -180, -39, -219, -180, 
-707, -24, 683, 366, -695, 329, 43, -63, -180, -39, -219, -185, 
-707, -24, 683, 366, -695, 329, 48, -63, -180, -43, -219, -185, 
-717, -34, 683, 375, -700, 324, 53, -53, -180, -39, -229, -185, 
-717, -34, 683, 375, -700, 324, 53, -58, -180, -39, -229, -185, 
-717, -34, 683, 375, -700, 324, 58, -58, -180, -39, -234, -185, 
-717, -34, 683, 375, -700, 324, 63, -58, -185, -39, -234, -185, 
-717, -24, 692, 370, -705, 334, 53, -68, -185, -48, -234, -170, 
-722, -24, 697, 373, -710, 336, 53, -63, -185, -43, -234, -170, 
-722, -29, 692, 375, -707, 331, 53, -63, -180, -43, -234, -170, 
-717, -34, 683, 375, -700, 324, 53, -63, -180, -43, -229, -180, 
-707, -34, 673, 370, -690, 319, 53, -58, -180, -43, -229, -180, 
-712, -39, 673, 375, -692, 317, 58, -58, -180, -43, -229, -180, 
-712, -39, 673, 375, -692, 317, 58, -58, -180, -43, -234, -175, 
-712, -39, 673, 375, -692, 317, 58, -58, -180, -43, -239, -175, 
-722, -39, 683, 380, -702, 322, 58, -68, -190, -53, -239, -180, 
-722, -39, 683, 380, -702, 322, 58, -68, -190, -53, -239, -185, 
-722, -39, 683, 380, -702, 322, 58, -68, -190, -53, -239, -190, 
-722, -43, 678, 383, -700, 317, 58, -68, -190, -53, -239, -195, 
-732, -53, 678, 392, -705, 312, 58, -68, -190, -53, -239, -185, 
-732, -48, 683, 390, -707, 317, 63, -63, -190, -48, -239, -185, 
-732, -48, 683, 390, -707, 317, 63, -63, -185, -48, -239, -185, 
-732, -43, 688, 387, -710, 322, 58, -68, -185, -48, -239, -185, 
-732, -43, 688, 387, -710, 322, 68, -68, -175, -39, -229, -195, 
-732, -43, 688, 387, -710, 322, 68, -68, -175, -39, -229, -195, 
-732, -43, 688, 387, -710, 322, 68, -73, -175, -39, -224, -190, 
-732, -43, 688, 387, -710, 322, 68, -73, -175, -39, -224, -190, 
-722, -39, 683, 380, -702, 322, 58, -63, -175, -39, -224, -180, 
-722, -39, 683, 380, -702, 322, 58, -63, -175, -39, -224, -180, 
-722, -39, 683, 380, -702, 322, 58, -63, -175, -39, -224, -180, 
-722, -39, 683, 380, -702, 322, 58, -63, -175, -39, -224, -180, 
-732, -34, 697, 383, -714, 331, 58, -68, -165, -39, -214, -180, 
-732, -24, 707, 378, -719, 341, 58, -68, -165, -34, -209, -180, 
-732, -19, 712, 375, -722, 346, 58, -73, -165, -34, -209, -180, 
-732, -14, 717, 373, -724, 351, 58, -73, -165, -34, -209, -180, 
-741, -19, 722, 380, -732, 351, 68, -73, -165, -34, -214, -180, 
-741, -19, 722, 380, -732, 351, 68, -73, -165, -34, -209, -180, 
-741, -19, 722, 380, -732, 351, 68, -73, -165, -34, -209, -180, 
-741, -19, 722, 380, -732, 351, 68, -78, -165, -34, -209, -175, 
-732, -19, 712, 375, -722, 346, 58, -68, -161, -19, -209, -165, 
-732, -19, 712, 375, -722, 346, 58, -68, -161, -19, -209, -161, 
-732, -19, 712, 375, -722, 346, 58, -68, -165, -19, -209, -161, 
-732, -19, 712, 375, -722, 346, 58, -68, -165, -19, -209, -161, 
-741, -19, 722, 380, -732, 351, 58, -78, -165, -19, -200, -161, 
-741, -14, 727, 378, -734, 356, 58, -78, -165, -19, -200, -161, 
-741, -14, 727, 378, -734, 356, 58, -78, -165, -19, -200, -161, 
-741, -14, 727, 378, -734, 356, 53, -78, -165, -19, -200, -161, 
-732, -19, 712, 375, -722, 346, 53, -78, -165, -14, -209, -161, 
-732, -14, 717, 373, -724, 351, 53, -78, -161, -9, -204, -161, 
-732, -14, 717, 373, -724, 351, 53, -78, -161, -9, -200, -161, 
-732, -19, 712, 375, -722, 346, 53, -78, -161, -9, -200, -161, 
-741, -9, 732, 375, -736, 361, 58, -78, -151, -9, -200, -170, 
-741, -9, 732, 375, -736, 361, 58, -78, -151, -9, -200, -170, 
-741, -14, 727, 378, -734, 356, 58, -78, -151, -9, -200, -170, 
-741, -14, 727, 378, -734, 356, 58, -78, -151, -9, -200, -170, 
-756, -9, 746, 383, -751, 368, 68, -78, -161, -14, -190, -156, 
-756, -4, 751, 380, -753, 373, 68, -78, -161, -14, -190, -156, 
-756, 0, 756, 378, -756, 378, 63, -78, -161, -14, -195, -156, 
-751, 4, 756, 373, -753, 380, 63, -78, -161, -19, -195, -156, 
-741, 0, 741, 370, -741, 370, 58, -78, -170, -19, -204, -146, 
-741, -4, 736, 373, -739, 366, 58, -78, -170, -19, -204, -151, 
-736, -9, 727, 373, -732, 358, 58, -78, -170, -19, -204, -151, 
-732, -9, 722, 370, -727, 356, 58, -78, -170, -14, -204, -151, 
-732, 0, 732, 366, -732, 366, 48, -78, -180, -24, -204, -161, 
-736, 0, 736, 368, -736, 368, 53, -78, -180, -24, -204, -156, 
-736, -4, 732, 370, -734, 363, 53, -78, -180, -24, -200, -156, 
-741, -4, 736, 373, -739, 366, 53, -78, -180, -24, -200, -161, 
-741, 4, 746, 368, -744, 375, 48, -78, -165, -9, -195, -161, 
-741, 4, 746, 368, -744, 375, 48, -78, -161, -4, -195, -161, 
-741, 4, 746, 368, -744, 375, 48, -78, -156, 0, -195, -161, 
-741, 4, 746, 368, -744, 375, 53, -78, -151, 4, -195, -161, 
-751, -9, 741, 380, -746, 366, 53, -68, -156, -9, -204, -161, 
-751, -14, 736, 383, -744, 361, 53, -68, -161, -14, -204, -161, 
-751, -19, 732, 385, -741, 356, 48, -68, -170, -19, -204, -161, 
-751, -24, 727, 387, -739, 351, 48, -68, -175, -24, -204, -161, 
-741, -24, 717, 383, -729, 346, 58, -68, -175, -24, -204, -161, 
-741, -24, 717, 383, -729, 346, 58, -68, -175, -24, -209, -161, 
-741, -24, 717, 383, -729, 346, 58, -68, -180, -24, -209, -161, 
-736, -24, 712, 380, -724, 344, 58, -68, -180, -29, -209, -161, 
-746, -24, 722, 385, -734, 348, 58, -78, -175, -19, -200, -161, 
-746, -29, 717, 387, -732, 344, 58, -78, -175, -19, -200, -161, 
-746, -29, 717, 387, -732, 344, 58, -78, -175, -19, -200, -161, 
-746, -24, 722, 385, -734, 348, 58, -78, -175, -14, -200, -161, 
-746, -14, 732, 380, -739, 358, 58, -68, -175, -14, -204, -161, 
-746, -14, 732, 380, -739, 358, 58, -68, -175, -14, -204, -161, 
-746, -14, 732, 380, -739, 358, 58, -68, -175, -14, -204, -161, 
-746, -14, 732, 380, -739, 358, 58, -68, -175, -14, -204, -161, 
-756, -29, 727, 392, -741, 348, 48, -78, -185, -14, -214, -170, 
-756, -29, 727, 392, -741, 348, 48, -78, -185, -14, -219, -170, 
-756, -24, 732, 390, -744, 353, 48, -82, -185, -19, -219, -170, 
-756, -24, 732, 390, -744, 353, 48, -82, -185, -19, -219, -175, 
-746, -14, 732, 380, -739, 358, 58, -68, -175, -19, -209, -165, 
-746, -14, 732, 380, -739, 358, 58, -68, -170, -19, -209, -161, 
-746, -19, 727, 383, -736, 353, 58, -68, -170, -19, -209, -161, 
-746, -24, 722, 385, -734, 348, 58, -68, -175, -14, -209, -161, 
-756, -34, 722, 395, -739, 344, 58, -68, -175, -14, -209, -170, 
-756, -24, 732, 390, -744, 353, 58, -68, -175, -14, -209, -170, 
-756, -24, 732, 390, -744, 353, 58, -68, -175, -14, -209, -170, 
-756, -24, 732, 390, -744, 353, 58, -68, -175, -19, -209, -170, 
-756, -34, 722, 395, -739, 344, 58, -68, -185, -29, -219, -165, 
-756, -34, 722, 395, -739, 344, 58, -68, -185, -29, -219, -170, 
-756, -34, 722, 395, -739, 344, 58, -68, -185, -29, -219, -170, 
-756, -34, 722, 395, -739, 344, 58, -68, -185, -29, -219, -170, 
-756, -39, 717, 397, -736, 339, 58, -68, -180, -14, -209, -175, 
-756, -39, 717, 397, -736, 339, 58, -68, -180, -14, -209, -175, 
-756, -39, 717, 397, -736, 339, 58, -68, -180, -9, -209, -170, 
-756, -39, 717, 397, -736, 339, 58, -68, -180, -9, -209, -170, 
-766, -43, 722, 405, -744, 339, 58, -68, -185, -24, -214, -180, 
-761, -43, 717, 402, -739, 336, 58, -68, -185, -29, -219, -180, 
-761, -39, 722, 400, -741, 341, 58, -68, -190, -34, -224, -175, 
-766, -39, 727, 402, -746, 344, 58, -68, -190, -39, -224, -175, 
-766, -53, 712, 409, -739, 329, 68, -68, -190, -39, -234, -175, 
-766, -53, 712, 409, -739, 329, 68, -68, -190, -39, -234, -175, 
-766, -43, 722, 405, -744, 339, 68, -68, -190, -39, -234, -175, 
-766, -48, 717, 407, -741, 334, 68, -63, -190, -39, -229, -175, 
-775, -48, 727, 412, -751, 339, 58, -63, -190, -29, -214, -161, 
-775, -48, 727, 412, -751, 339, 58, -63, -185, -24, -209, -161, 
-766, -48, 717, 407, -741, 334, 58, -63, -185, -19, -209, -161, 
-766, -48, 717, 407, -741, 334, 58, -63, -185, -14, -209, -165, 
-761, -43, 717, 402, -739, 336, 58, -63, -180, -4, -209, -165, 
-761, -24, 736, 392, -749, 356, 58, -58, -170, -4, -209, -165, 
-756, -19, 736, 387, -746, 358, 53, -58, -170, -4, -209, -165, 
-756, -19, 736, 387, -746, 358, 53, -63, -165, -4, -204, -165, 
-766, -14, 751, 390, -758, 368, 63, -63, -156, 4, -200, -156, 
-766, -9, 756, 387, -761, 373, 63, -63, -156, 4, -200, -156, 
-761, 0, 761, 380, -761, 380, 53, -63, -156, 4, -200, -156, 
-761, 9, 771, 375, -766, 390, 48, -63, -151, 9, -195, -151, 
-751, 24, 775, 363, -763, 400, 53, -53, -141, 14, -180, -146, 
-751, 34, 785, 358, -768, 409, 53, -53, -131, 24, -175, -141, 
-741, 39, 780, 351, -761, 409, 58, -53, -126, 29, -170, -136, 
-732, 43, 775, 344, -753, 409, 63, -53, -117, 34, -165, -131, 
-741, 34, 775, 353, -758, 405, 68, -43, -107, 24, -180, -126, 
-741, 24, 766, 358, -753, 395, 68, -43, -107, 29, -180, -126, 
-732, 34, 766, 348, -749, 400, 63, -43, -107, 29, -175, -126, 
-727, 34, 761, 346, -744, 397, 63, -43, -107, 29, -170, -126, 
-717, 43, 761, 336, -739, 402, 48, -39, -107, 34, -161, -122, 
-717, 43, 761, 336, -739, 402, 48, -34, -107, 39, -161, -122, 
-717, 43, 761, 336, -739, 402, 48, -34, -107, 39, -161, -122, 
-727, 39, 766, 344, -746, 402, 48, -29, -112, 43, -165, -126, 
-727, 43, 771, 341, -749, 407, 48, -39, -102, 53, -165, -117, 
-727, 53, 780, 336, -753, 417, 43, -39, -107, 53, -165, -117, 
-717, 58, 775, 329, -746, 417, 39, -39, -107, 48, -161, -117, 
-727, 58, 785, 334, -756, 422, 34, -43, -107, 48, -156, -122, 
-722, 48, 771, 336, -746, 409, 19, -58, -126, 43, -170, -112, 
-712, 53, 766, 329, -739, 409, 14, -58, -126, 39, -170, -107, 
-707, 53, 761, 326, -734, 407, 14, -53, -126, 29, -165, -107, 
-707, 53, 761, 326, -734, 407, 14, -53, -126, 24, -165, -107, 
-697, 58, 756, 319, -727, 407, 0, -53, -131, 29, -165, -107, 
-697, 58, 756, 319, -727, 407, -4, -58, -131, 29, -161, -107, 
-692, 63, 756, 314, -724, 409, -9, -63, -131, 34, -161, -107, 
-692, 68, 761, 312, -727, 414, -14, -68, -131, 39, -161, -107, 
-683, 58, 741, 312, -712, 400, -14, -78, -141, 29, -161, -122, 
-692, 58, 751, 317, -722, 405, -14, -78, -151, 14, -170, -122, 
-702, 43, 746, 329, -724, 395, -4, -78, -151, 9, -170, -122, 
-702, 39, 741, 331, -722, 390, 4, -78, -156, 4, -170, -131, 
-707, 34, 741, 336, -724, 387, -4, -87, -170, -4, -175, -141, 
-712, 29, 741, 341, -727, 385, -4, -92, -175, 0, -180, -146, 
-712, 24, 736, 344, -724, 380, -4, -92, -180, 0, -185, -146, 
-712, 24, 736, 344, -724, 380, -9, -87, -185, 0, -190, -146, 
-707, 4, 712, 351, -710, 358, 0, -87, -204, -24, -209, -146, 
-712, 9, 722, 351, -717, 366, -4, -107, -209, -24, -219, -146, 
-702, 24, 727, 339, -714, 375, -9, -112, -204, -19, -200, -136, 
-702, 29, 732, 336, -717, 380, -9, -97, -204, -9, -204, -136, 
-707, 14, 722, 346, -714, 368, 4, -92, -200, -19, -204, -146, 
-712, 9, 722, 351, -717, 366, 9, -87, -195, -19, -204, -146, 
-717, 4, 722, 356, -719, 363, 14, -82, -190, -19, -204, -146, 
-722, 0, 722, 361, -722, 361, 19, -78, -185, -19, -204, -146, 
-736, -19, 717, 378, -727, 348, 39, -63, -185, -19, -214, -156, 
-741, -29, 712, 385, -727, 341, 43, -63, -190, -24, -219, -165, 
-761, -39, 722, 400, -741, 341, 53, -63, -195, -29, -219, -170, 
-771, -48, 722, 409, -746, 336, 58, -63, -200, -29, -229, -170, 
-771, -48, 722, 409, -746, 336, 58, -53, -204, -34, -224, -165, 
-780, -58, 722, 419, -751, 331, 63, -53, -204, -34, -224, -165, 
-785, -63, 722, 424, -753, 329, 63, -53, -209, -39, -224, -170, 
-785, -63, 722, 424, -753, 329, 63, -53, -209, -39, -229, -175, 
-785, -68, 717, 427, -751, 324, 78, -53, -209, -34, -229, -190, 
-785, -78, 707, 431, -746, 314, 78, -53, -214, -34, -234, -195, 
-785, -82, 702, 434, -744, 309, 78, -58, -214, -39, -234, -200, 
-785, -87, 697, 436, -741, 305, 78, -58, -214, -39, -239, -200, 
-785, -87, 697, 436, -741, 305, 82, -58, -209, -53, -244, -200, 
-790, -92, 697, 441, -744, 302, 82, -58, -209, -53, -244, -200, 
-795, -92, 702, 444, -749, 305, 82, -58, -209, -53, -244, -200, 
-800, -92, 707, 446, -753, 307, 87, -53, -209, -58, -244, -200, 
-800, -92, 707, 446, -753, 307, 78, -53, -224, -58, -244, -200, 
-805, -92, 712, 448, -758, 309, 78, -58, -224, -58, -244, -200, 
-805, -92, 712, 448, -758, 309, 78, -58, -219, -58, -248, -200, 
-805, -92, 712, 448, -758, 309, 82, -53, -219, -58, -248, -200, 
-795, -92, 702, 444, -749, 305, 92, -53, -209, -48, -244, -190, 
-795, -92, 702, 444, -749, 305, 87, -58, -209, -39, -244, -190, 
-795, -97, 697, 446, -746, 300, 87, -58, -209, -39, -244, -190, 
-805, -97, 707, 451, -756, 305, 87, -58, -209, -39, -244, -190, 
-805, -107, 697, 456, -751, 295, 78, -58, -214, -48, -253, -200, 
-805, -107, 697, 456, -751, 295, 78, -48, -219, -48, -253, -200, 
-805, -107, 697, 456, -751, 295, 82, -48, -224, -53, -253, -204, 
-805, -112, 692, 458, -749, 290, 82, -48, -229, -53, -253, -204, 
-805, -107, 697, 456, -751, 295, 82, -48, -229, -63, -253, -200, 
-805, -107, 697, 456, -751, 295, 82, -48, -229, -63, -258, -200, 
-805, -102, 702, 453, -753, 300, 92, -48, -234, -63, -258, -195, 
-805, -102, 702, 453, -753, 300, 92, -48, -234, -63, -258, -195, 
-790, -87, 702, 439, -746, 307, 87, -58, -234, -53, -258, -195, 
-790, -82, 707, 436, -749, 312, 82, -58, -234, -53, -258, -195, 
-795, -78, 717, 436, -756, 319, 82, -63, -234, -58, -258, -195, 
-795, -73, 722, 434, -758, 324, 87, -63, -234, -58, -258, -200, 
-795, -87, 707, 441, -751, 309, 87, -53, -224, -48, -258, -200, 
-795, -87, 707, 441, -751, 309, 87, -53, -224, -48, -258, -200, 
-795, -87, 707, 441, -751, 309, 87, -53, -224, -48, -258, -200, 
-800, -87, 712, 444, -756, 312, 87, -53, -224, -48, -258, -200, 
-790, -92, 697, 441, -744, 302, 87, -63, -234, -53, -268, -214, 
-790, -92, 697, 441, -744, 302, 87, -63, -234, -58, -268, -214, 
-785, -92, 692, 439, -739, 300, 87, -63, -234, -63, -268, -209, 
-785, -92, 692, 439, -739, 300, 87, -63, -239, -68, -278, -209, 
-795, -82, 712, 439, -753, 314, 92, -53, -229, -58, -268, -209, 
-795, -82, 712, 439, -753, 314, 92, -53, -224, -53, -258, -209, 
-795, -82, 712, 439, -753, 314, 92, -53, -224, -53, -258, -209, 
-795, -82, 712, 439, -753, 314, 92, -53, -224, -53, -258, -209, 
-795, -82, 712, 439, -753, 314, 82, -53, -224, -58, -258, -209, 
-795, -82, 712, 439, -753, 314, 82, -53, -229, -58, -258, -209, 
-795, -82, 712, 439, -753, 314, 82, -53, -229, -58, -263, -209, 
-795, -78, 717, 436, -756, 319, 82, -48, -229, -58, -263, -204, 
-795, -87, 707, 441, -751, 309, 82, -58, -234, -58, -263, -195, 
-795, -92, 702, 444, -749, 305, 82, -63, -234, -58, -263, -200, 
-795, -92, 702, 444, -749, 305, 82, -63, -234, -58, -263, -200, 
-795, -92, 702, 444, -749, 305, 82, -63, -234, -58, -263, -200, 
-805, -97, 707, 451, -756, 305, 92, -53, -229, -48, -263, -200, 
-805, -97, 707, 451, -756, 305, 92, -53, -229, -48, -263, -200, 
-805, -97, 707, 451, -756, 305, 92, -53, -229, -48, -263, -200, 
-805, -97, 707, 451, -756, 305, 92, -53, -229, -48, -263, -200, 
-795, -97, 697, 446, -746, 300, 92, -43, -234, -58, -263, -209, 
-795, -92, 702, 444, -749, 305, 92, -43, -234, -58, -263, -209, 
-800, -92, 707, 446, -753, 307, 97, -43, -229, -58, -263, -204, 
-800, -92, 707, 446, -753, 307, 97, -43, -229, -53, -258, -204, 
-800, -92, 707, 446, -753, 307, 97, -53, -229, -53, -258, -204, 
-790, -92, 697, 441, -744, 302, 97, -53, -229, -53, -258, -204, 
-790, -92, 697, 441, -744, 302, 97, -53, -229, -58, -258, -204, 
-790, -92, 697, 441, -744, 302, 97, -53, -229, -58, -258, -204, 
-800, -102, 697, 451, -749, 297, 97, -53, -229, -53, -258, -195, 
-805, -102, 702, 453, -753, 300, 97, -53, -229, -53, -263, -195, 
-805, -107, 697, 456, -751, 295, 97, -53, -229, -53, -263, -195, 
-805, -107, 697, 456, -751, 295, 97, -53, -229, -53, -263, -195, 
-790, -92, 697, 441, -744, 302, 97, -53, -219, -43, -253, -195, 
-800, -92, 707, 446, -753, 307, 97, -53, -219, -43, -253, -195, 
-824, -92, 732, 458, -778, 319, 107, -53, -204, -39, -248, -195, 
-844, -82, 761, 463, -802, 339, 112, -53, -180, -24, -239, -190, 
-854, -63, 790, 458, -822, 363, 126, -34, -151, 4, -224, -180, 
-863, -48, 814, 456, -839, 383, 161, -19, -112, 24, -204, -185, 
-878, -63, 814, 470, -846, 375, 170, -9, -87, 43, -195, -185, 
-888, -82, 805, 485, -846, 361, 165, 0, -107, 34, -200, -180, 
-858, -73, 785, 466, -822, 356, 156, 4, -126, 34, -195, -170, 
-805, -58, 746, 431, -775, 344, 146, 39, -117, 53, -170, -151, 
-751, -53, 697, 402, -724, 322, 126, 73, -136, 73, -141, -131, 
-717, -58, 658, 387, -688, 300, 97, 78, -190, 53, -141, -117, 
-658, -48, 610, 353, -634, 280, 34, 43, -258, 24, -131, -102, 
-551, 4, 556, 273, -553, 280, -43, 4, -326, 9, -102, -53, 
-409, 68, 478, 170, -444, 273, -165, -63, -405, 0, -63, 4, 
-268, 161, 429, 53, -348, 295, -292, -141, -488, -14, -14, 87, 
-102, 273, 375, -85, -239, 324, -434, -209, -561, -14, 48, 175, 
63, 400, 336, -231, -136, 368, -580, -278, -624, 9, 117, 273, 
219, 512, 292, -366, -36, 402, -712, -341, -678, 29, 185, 361, 
326, 566, 239, -446, 43, 402, -805, -390, -751, 9, 195, 409, 
375, 512, 136, -444, 119, 324, -834, -424, -873, -102, 97, 361, 
380, 331, -48, -356, 214, 141, -800, -419, -1029, -302, -117, 204, 
370, 117, -253, -244, 312, -68, -746, -409, -1171, -527, -361, 9, 
322, -53, -375, -134, 348, -214, -697, -419, -1268, -697, -566, -161, 
248, -190, -439, -29, 344, -314, -639, -448, -1332, -834, -712, -278, 
180, -273, -453, 46, 317, -363, -590, -492, -1361, -917, -814, -361, 
73, -346, -419, 136, 246, -383, -536, -556, -1395, -985, -897, -434, 
-82, -453, -370, 268, 143, -412, -463, -629, -1439, -1058, -995, -517, 
-244, -531, -287, 387, 21, -409, -385, -663, -1420, -1083, -1049, -575, 
-346, -522, -175, 434, -85, -348, -336, -658, -1346, -1015, -1015, -561, 
-434, -502, -68, 468, -183, -285, -273, -624, -1254, -936, -956, -536, 
-531, -507, 24, 519, -278, -241, -209, -575, -1166, -863, -917, -536, 
-600, -478, 122, 539, -361, -178, -170, -527, -1068, -790, -858, -512, 
-619, -434, 185, 527, -402, -124, -146, -458, -976, -702, -785, -478, 
-644, -414, 229, 529, -436, -92, -117, -400, -897, -634, -722, -448, 
-663, -390, 273, 527, -468, -58, -87, -351, -805, -561, -663, -429, 
-692, -351, 341, 522, -517, -4, -53, -302, -707, -488, -600, -395, 
-717, -326, 390, 522, -553, 31, -24, -258, -629, -414, -551, -370, 
-746, -297, 448, 522, -597, 75, -4, -229, -566, -356, -512, -346, 
-775, -268, 507, 522, -641, 119, 19, -195, -497, -287, -468, -312, 
-795, -224, 570, 509, -683, 173, 39, -165, -434, -229, -414, -287, 
-805, -204, 600, 505, -702, 197, 53, -136, -390, -190, -380, -268, 
-810, -175, 634, 492, -722, 229, 68, -102, -351, -165, -356, -244, 
-800, -146, 653, 473, -727, 253, 68, -73, -312, -131, -322, -229, 
-785, -122, 663, 453, -724, 270, 73, -58, -283, -97, -292, -209, 
-785, -102, 683, 444, -734, 290, 68, -48, -263, -82, -278, -209, 
-780, -102, 678, 441, -729, 287, 73, -39, -248, -78, -268, -204, 
-780, -102, 678, 441, -729, 287, 73, -39, -244, -73, -263, -195, 
-771, -82, 688, 427, -729, 302, 73, -39, -239, -63, -268, -200, 
-771, -78, 692, 424, -732, 307, 78, -43, -234, -53, -263, -200, 
-795, -82, 712, 439, -753, 314, 87, -43, -229, -39, -258, -195, 
-814, -82, 732, 448, -773, 324, 97, -48, -219, -29, -253, -185, 
-824, -78, 746, 451, -785, 334, 97, -43, -209, -34, -248, -185, 
-814, -78, 736, 446, -775, 329, 97, -39, -209, -39, -248, -180, 
-814, -78, 736, 446, -775, 329, 102, -34, -209, -34, -248, -180, 
-814, -82, 732, 448, -773, 324, 92, -34, -209, -34, -248, -185, 
-814, -82, 732, 448, -773, 324, 92, -29, -209, -34, -244, -185, 
-810, -82, 727, 446, -768, 322, 92, -24, -200, -34, -239, -185, 
-810, -82, 727, 446, -768, 322, 92, -24, -200, -29, -234, -185, 
-800, -73, 727, 436, -763, 326, 92, -19, -209, -39, -244, -185, 
-800, -68, 732, 434, -766, 331, 87, -19, -204, -34, -244, -185, 
-800, -63, 736, 431, -768, 336, 82, -24, -204, -29, -244, -185, 
-800, -63, 736, 431, -768, 336, 78, -24, -204, -24, -239, -185, 
-810, -63, 746, 436, -778, 341, 87, -24, -200, -14, -234, -185, 
-814, -63, 751, 439, -783, 344, 87, -24, -190, -14, -234, -175, 
-814, -63, 751, 439, -783, 344, 82, -19, -185, -14, -234, -175, 
-810, -63, 746, 436, -778, 341, 82, -19, -180, -14, -234, -175, 
-800, -53, 746, 427, -773, 346, 82, -9, -180, -4, -224, -175, 
-800, -48, 751, 424, -775, 351, 82, -14, -175, -4, -224, -175, 
-795, -48, 746, 422, -771, 348, 82, -14, -175, -4, -224, -170, 
-795, -48, 746, 422, -771, 348, 82, -9, -175, -4, -224, -170, 
-790, -58, 732, 424, -761, 336, 82, -9, -185, -9, -229, -161, 
-790, -58, 732, 424, -761, 336, 82, -9, -185, -14, -229, -161, 
-790, -58, 732, 424, -761, 336, 82, -4, -185, -19, -229, -161, 
-790, -58, 732, 424, -761, 336, 82, -4, -185, -19, -229, -161, 
-790, -58, 732, 424, -761, 336, 92, -4, -185, -9, -224, -161, 
-790, -63, 727, 427, -758, 331, 92, -4, -185, -9, -224, -161, 
-790, -63, 727, 427, -758, 331, 92, -9, -185, -9, -224, -161, 
-790, -58, 732, 424, -761, 336, 92, -9, -185, -9, -224, -161, 
-790, -58, 732, 424, -761, 336, 82, -9, -185, -9, -224, -161, 
-795, -53, 741, 424, -768, 344, 82, -9, -185, -9, -224, -161, 
-800, -53, 746, 427, -773, 346, 82, -9, -185, -9, -219, -161, 
-810, -58, 751, 434, -780, 346, 82, -9, -180, -9, -219, -161, 
-800, -58, 741, 429, -771, 341, 78, -9, -180, -9, -229, -165, 
-800, -58, 741, 429, -771, 341, 78, -4, -180, -9, -229, -165, 
-800, -58, 741, 429, -771, 341, 78, -4, -180, -4, -229, -161, 
-800, -58, 741, 429, -771, 341, 78, -4, -180, -4, -229, -161, 
-810, -58, 751, 434, -780, 346, 87, -4, -175, 4, -229, -156, 
-800, -58, 741, 429, -771, 341, 87, 0, -175, 4, -229, -156, 
-800, -58, 741, 429, -771, 341, 87, 0, -170, 4, -229, -156, 
-800, -53, 746, 427, -773, 346, 87, 0, -170, 4, -224, -156, 
-800, -43, 756, 422, -778, 356, 87, 0, -170, 4, -214, -156, 
-800, -43, 756, 422, -778, 356, 87, 0, -170, 4, -214, -156, 
-800, -43, 756, 422, -778, 356, 87, 0, -170, 4, -214, -156, 
-800, -43, 756, 422, -778, 356, 87, 0, -170, 9, -214, -156, 
-800, -43, 756, 422, -778, 356, 78, -9, -180, 0, -224, -161, 
-795, -39, 756, 417, -775, 358, 78, -9, -180, 0, -224, -161, 
-795, -39, 756, 417, -775, 358, 73, -9, -180, 0, -224, -165, 
-800, -43, 756, 422, -778, 356, 73, -4, -180, 0, -224, -165, 
-800, -43, 756, 422, -778, 356, 82, -4, -170, -4, -224, -156, 
-800, -43, 756, 422, -778, 356, 82, -4, -175, -4, -224, -156, 
-800, -34, 766, 417, -783, 366, 82, -4, -175, -4, -224, -156, 
-800, -34, 766, 417, -783, 366, 82, -4, -170, 0, -224, -151, 
-810, -43, 766, 427, -788, 361, 82, -4, -180, 9, -214, -151, 
-810, -43, 766, 427, -788, 361, 78, -4, -180, 14, -214, -151, 
-810, -43, 766, 427, -788, 361, 78, -4, -175, 14, -214, -146, 
-810, -43, 766, 427, -788, 361, 73, 0, -175, 9, -214, -146, 
-795, -43, 751, 419, -773, 353, 73, 0, -165, 9, -214, -146, 
-795, -43, 751, 419, -773, 353, 73, 0, -165, 9, -214, -146, 
-795, -39, 756, 417, -775, 358, 73, 4, -165, 9, -204, -146, 
-795, -39, 756, 417, -775, 358, 73, 9, -165, 14, -204, -141, 
-790, -29, 761, 409, -775, 366, 73, 9, -165, 4, -204, -141, 
-785, -29, 756, 407, -771, 363, 68, 4, -165, 4, -204, -141, 
-785, -29, 756, 407, -771, 363, 68, 4, -165, 4, -209, -146, 
-785, -24, 761, 405, -773, 368, 68, 9, -165, 9, -209, -146, 
-780, -29, 751, 405, -766, 361, 73, 9, -170, 14, -204, -141, 
-780, -24, 756, 402, -768, 366, 73, 9, -170, 14, -204, -141, 
-780, -24, 756, 402, -768, 366, 68, 9, -170, 14, -204, -141, 
-780, -24, 756, 402, -768, 366, 68, 9, -170, 14, -204, -141, 
-780, -14, 766, 397, -773, 375, 58, 9, -161, 19, -204, -141, 
-775, -14, 761, 395, -768, 373, 58, 9, -161, 19, -204, -141, 
-775, -14, 761, 395, -768, 373, 58, 9, -161, 19, -204, -141, 
-775, -14, 761, 395, -768, 373, 53, 9, -161, 14, -195, -141, 
-775, -9, 766, 392, -771, 378, 63, 24, -156, 24, -204, -141, 
-775, -9, 766, 392, -771, 378, 63, 29, -151, 29, -204, -136, 
-775, -9, 766, 392, -771, 378, 63, 29, -151, 29, -204, -131, 
-766, -4, 761, 385, -763, 378, 63, 29, -151, 29, -204, -131, 
-766, 0, 766, 383, -766, 383, 63, 24, -146, 19, -204, -131, 
-766, 0, 766, 383, -766, 383, 63, 24, -146, 24, -204, -126, 
-766, 0, 766, 383, -766, 383, 58, 24, -151, 29, -200, -126, 
-766, 0, 766, 383, -766, 383, 58, 24, -151, 29, -195, -122, 
-766, 0, 766, 383, -766, 383, 48, 29, -151, 29, -185, -117, 
-761, 0, 761, 380, -761, 380, 43, 34, -151, 39, -185, -117, 
-756, 4, 761, 375, -758, 383, 43, 34, -141, 39, -180, -117, 
-756, 4, 761, 375, -758, 383, 43, 34, -141, 39, -180, -117, 
-756, 9, 766, 373, -761, 387, 48, 34, -136, 39, -180, -117, 
-756, 9, 766, 373, -761, 387, 48, 39, -136, 43, -180, -112, 
-751, 9, 761, 370, -756, 385, 48, 39, -136, 43, -180, -112, 
-746, 14, 761, 366, -753, 387, 39, 43, -136, 43, -180, -112, 
-732, 24, 756, 353, -744, 390, 29, 53, -141, 48, -185, -122, 
-727, 29, 756, 348, -741, 392, 29, 58, -141, 48, -180, -117, 
-722, 34, 756, 344, -739, 395, 29, 58, -141, 53, -180, -117, 
-722, 34, 756, 344, -739, 395, 29, 63, -136, 58, -180, -112, 
-722, 34, 756, 344, -739, 395, 24, 58, -136, 58, -165, -102, 
-712, 39, 751, 336, -732, 395, 24, 63, -131, 58, -165, -97, 
-702, 43, 746, 329, -724, 395, 29, 63, -126, 63, -156, -97, 
-702, 53, 756, 324, -729, 405, 34, 63, -122, 63, -151, -87, 
-697, 43, 741, 326, -719, 392, 34, 73, -122, 63, -161, -82, 
-697, 48, 746, 324, -722, 397, 24, 73, -122, 63, -161, -78, 
-688, 58, 746, 314, -717, 402, 19, 78, -117, 68, -156, -78, 
-678, 58, 736, 309, -707, 397, 19, 78, -117, 73, -151, -73, 
-683, 68, 751, 307, -717, 409, 4, 78, -117, 78, -141, -78, 
-678, 68, 746, 305, -712, 407, 4, 78, -112, 78, -141, -78, 
-668, 78, 746, 295, -707, 412, 0, 87, -112, 82, -131, -73, 
-663, 87, 751, 287, -707, 419, -4, 92, -107, 82, -126, -73, 
-649, 102, 751, 273, -700, 427, -9, 102, -92, 92, -126, -63, 
-644, 107, 751, 268, -697, 429, -9, 102, -92, 102, -122, -53, 
-634, 112, 746, 261, -690, 429, -14, 102, -92, 107, -117, -48, 
-629, 122, 751, 253, -690, 436, -19, 107, -92, 107, -112, -48, 
-619, 126, 746, 246, -683, 436, -24, 97, -97, 112, -122, -53, 
-614, 126, 741, 244, -678, 434, -29, 102, -97, 112, -122, -48, 
-605, 136, 741, 234, -673, 439, -29, 102, -97, 112, -117, -48, 
-600, 136, 736, 231, -668, 436, -34, 107, -97, 112, -117, -48, 
-595, 126, 722, 234, -658, 424, -39, 97, -97, 117, -112, -48, 
-590, 131, 722, 229, -656, 427, -43, 97, -97, 117, -107, -48, 
-585, 136, 722, 224, -653, 429, -43, 102, -97, 117, -107, -43, 
-580, 141, 722, 219, -651, 431, -48, 102, -97, 117, -107, -43, 
-585, 146, 732, 219, -658, 439, -43, 107, -87, 117, -97, -43, 
-585, 146, 732, 219, -658, 439, -43, 107, -87, 122, -97, -39, 
-575, 151, 727, 212, -651, 439, -48, 107, -87, 122, -92, -39, 
-570, 156, 727, 207, -649, 441, -53, 102, -87, 117, -92, -34, 
-575, 156, 732, 209, -653, 444, -53, 102, -97, 117, -102, -34, 
-575, 156, 732, 209, -653, 444, -58, 102, -97, 117, -107, -34, 
-570, 161, 732, 204, -651, 446, -58, 102, -97, 117, -107, -34, 
-566, 165, 732, 200, -649, 448, -63, 97, -97, 117, -102, -34, 
-566, 161, 727, 202, -646, 444, -63, 97, -97, 117, -97, -34, 
-566, 156, 722, 204, -644, 439, -63, 92, -97, 117, -97, -34, 
-566, 146, 712, 209, -639, 429, -63, 87, -102, 117, -102, -34, 
-566, 141, 707, 212, -636, 424, -63, 87, -102, 117, -102, -34, 
-566, 141, 707, 212, -636, 424, -63, 78, -107, 107, -112, -34, 
-570, 141, 712, 214, -641, 427, -68, 73, -117, 97, -112, -34, 
-575, 136, 712, 219, -644, 424, -68, 68, -122, 92, -117, -39, 
-585, 126, 712, 229, -649, 419, -63, 63, -122, 82, -117, -39, 
-600, 117, 717, 241, -658, 417, -58, 58, -126, 82, -126, -43, 
-610, 112, 722, 248, -666, 417, -58, 53, -131, 78, -131, -48, 
-619, 97, 717, 261, -668, 407, -58, 53, -136, 73, -136, -58, 
-629, 87, 717, 270, -673, 402, -53, 48, -141, 68, -141, -63, 
-634, 78, 712, 278, -673, 395, -39, 39, -136, 58, -151, -73, 
-644, 68, 712, 287, -678, 390, -29, 39, -141, 58, -156, -73, 
-653, 58, 712, 297, -683, 385, -24, 34, -141, 58, -156, -73, 
-663, 53, 717, 305, -690, 385, -19, 29, -141, 53, -161, -78, 
-673, 48, 722, 312, -697, 385, -14, 24, -141, 58, -161, -82, 
-688, 43, 732, 322, -710, 387, -9, 19, -146, 53, -165, -92, 
-702, 39, 741, 331, -722, 390, -4, 14, -146, 48, -165, -97, 
-707, 29, 736, 339, -722, 383, 4, 9, -146, 43, -170, -102, 
-722, 34, 756, 344, -739, 395, 9, 14, -146, 48, -175, -107, 
-732, 19, 751, 356, -741, 385, 19, 14, -151, 43, -185, -112, 
-751, 9, 761, 370, -756, 385, 24, 9, -151, 43, -200, -122, 
-761, 0, 761, 380, -761, 380, 24, 4, -151, 39, -200, -126, 
-761, 0, 761, 380, -761, 380, 19, -9, -156, 34, -200, -131, 
-756, -9, 746, 383, -751, 368, 19, -9, -156, 29, -204, -141, 
-761, -19, 741, 390, -751, 361, 24, -14, -156, 24, -209, -141, 
-766, -19, 746, 392, -756, 363, 29, -14, -156, 24, -209, -141, 
-785, -29, 756, 407, -771, 363, 34, -14, -156, 19, -214, -136, 
-785, -29, 756, 407, -771, 363, 43, -14, -161, 14, -219, -141, 
-790, -34, 756, 412, -773, 361, 48, -24, -161, 14, -219, -141, 
-800, -39, 761, 419, -780, 361, 48, -24, -165, 14, -224, -146, 
-805, -53, 751, 429, -778, 348, 53, -24, -175, 14, -229, -151, 
-810, -63, 746, 436, -778, 341, 58, -24, -175, 4, -234, -151, 
-810, -63, 746, 436, -778, 341, 58, -24, -175, 4, -234, -151, 
-814, -63, 751, 439, -783, 344, 58, -24, -175, 4, -239, -156, 
-819, -73, 746, 446, -783, 336, 58, -29, -170, 9, -239, -161, 
-819, -73, 746, 446, -783, 336, 58, -29, -170, 9, -239, -161, 
-824, -78, 746, 451, -785, 334, 63, -29, -170, 9, -239, -161, 
-829, -82, 746, 456, -788, 331, 63, -29, -170, 4, -239, -161, 
-839, -73, 766, 456, -802, 346, 58, -34, -170, -4, -244, -170, 
-844, -73, 771, 458, -807, 348, 58, -34, -170, -9, -244, -175, 
-849, -82, 766, 466, -807, 341, 58, -34, -175, -9, -248, -175, 
-849, -82, 766, 466, -807, 341, 58, -34, -175, -4, -248, -180, 
-839, -87, 751, 463, -795, 331, 63, -29, -180, -4, -244, -170, 
-839, -87, 751, 463, -795, 331, 63, -29, -180, -9, -248, -170, 
-844, -92, 751, 468, -797, 329, 63, -34, -180, -9, -248, -175, 
-844, -92, 751, 468, -797, 329, 68, -34, -180, -14, -248, -175, 
-844, -82, 761, 463, -802, 339, 78, -34, -170, -14, -248, -175, 
-844, -82, 761, 463, -802, 339, 73, -39, -170, -9, -248, -175, 
-844, -82, 761, 463, -802, 339, 73, -39, -170, -4, -253, -175, 
-844, -82, 761, 463, -802, 339, 73, -39, -175, 0, -253, -175, 
-844, -82, 761, 463, -802, 339, 63, -39, -175, -9, -253, -170, 
-849, -82, 766, 466, -807, 341, 63, -34, -175, -4, -253, -170, 
-849, -87, 761, 468, -805, 336, 63, -34, -170, -4, -253, -170, 
-844, -92, 751, 468, -797, 329, 63, -34, -170, -4, -248, -180, 
-854, -102, 751, 478, -802, 324, 53, -48, -180, -4, -248, -180, 
-858, -107, 751, 483, -805, 322, 58, -48, -180, -4, -248, -180, 
-858, -107, 751, 483, -805, 322, 58, -48, -180, -4, -253, -175, 
-858, -107, 751, 483, -805, 322, 58, -48, -180, -4, -258, -175, 
-849, -102, 746, 475, -797, 322, 58, -48, -170, -4, -248, -165, 
-849, -97, 751, 473, -800, 326, 58, -48, -170, -4, -248, -165, 
-849, -92, 756, 470, -802, 331, 58, -48, -170, -4, -248, -165, 
-849, -92, 756, 470, -802, 331, 58, -48, -170, -4, -248, -165, 
-849, -92, 756, 470, -802, 331, 68, -39, -170, -4, -239, -156, 
-849, -87, 761, 468, -805, 336, 73, -34, -170, 0, -239, -156, 
-849, -87, 761, 468, -805, 336, 73, -34, -165, 0, -239, -156, 
-849, -82, 766, 466, -807, 341, 68, -39, -165, 0, -239, -156, 
-849, -82, 766, 466, -807, 341, 58, -48, -175, 0, -248, -161, 
-849, -82, 766, 466, -807, 341, 58, -48, -175, 0, -248, -165, 
-849, -82, 766, 466, -807, 341, 58, -53, -175, 0, -244, -165, 
-849, -82, 766, 466, -807, 341, 58, -53, -175, 0, -244, -170, 
-849, -68, 780, 458, -814, 356, 58, -43, -175, 0, -244, -161, 
-849, -68, 780, 458, -814, 356, 58, -43, -175, 0, -244, -161, 
-849, -68, 780, 458, -814, 356, 58, -43, -175, 0, -244, -161, 
-849, -68, 780, 458, -814, 356, 58, -43, -175, 0, -244, -161, 
-849, -73, 775, 461, -812, 351, 68, -39, -165, 9, -234, -161, 
-849, -73, 775, 461, -812, 351, 68, -39, -165, 14, -229, -161, 
-849, -78, 771, 463, -810, 346, 68, -43, -165, 14, -229, -161, 
-849, -82, 766, 466, -807, 341, 68, -43, -165, 14, -229, -161, 
-844, -68, 775, 456, -810, 353, 58, -53, -175, 9, -229, -161, 
-839, -68, 771, 453, -805, 351, 58, -53, -175, 4, -229, -161, 
-834, -68, 766, 451, -800, 348, 58, -53, -175, 0, -234, -161, 
-829, -68, 761, 448, -795, 346, 58, -58, -175, -4, -239, -156, 
-839, -73, 766, 456, -802, 346, 68, -48, -161, 9, -229, -156, 
-849, -78, 771, 463, -810, 346, 68, -48, -161, 9, -229, -151, 
-858, -82, 775, 470, -817, 346, 68, -48, -165, 9, -229, -151, 
-868, -87, 780, 478, -824, 346, 68, -48, -165, 9, -229, -151, 
-858, -82, 775, 470, -817, 346, 63, -48, -175, 0, -239, -161, 
-849, -73, 775, 461, -812, 351, 58, -48, -175, 0, -239, -161, 
-839, -68, 771, 453, -805, 351, 53, -48, -175, 0, -239, -161, 
-829, -63, 766, 446, -797, 351, 43, -48, -175, 0, -239, -161, 
-839, -68, 771, 453, -805, 351, 53, -39, -175, 14, -239, -151, 
-839, -63, 775, 451, -807, 356, 53, -39, -170, 19, -234, -151, 
-839, -63, 775, 451, -807, 356, 53, -39, -170, 19, -229, -151, 
-839, -68, 771, 453, -805, 351, 53, -39, -170, 19, -229, -151, 
-839, -78, 761, 458, -800, 341, 58, -39, -161, 9, -229, -141, 
-839, -78, 761, 458, -800, 341, 58, -39, -161, 9, -229, -141, 
-839, -82, 756, 461, -797, 336, 58, -39, -161, 9, -229, -141, 
-839, -82, 756, 461, -797, 336, 58, -39, -161, 9, -229, -141, 
-834, -82, 751, 458, -793, 334, 58, -48, -170, 4, -229, -141, 
-834, -82, 751, 458, -793, 334, 58, -48, -170, 4, -229, -146, 
-834, -82, 751, 458, -793, 334, 53, -48, -170, 4, -234, -151, 
-829, -82, 746, 456, -788, 331, 53, -48, -170, 0, -234, -156, 
-834, -82, 751, 458, -793, 334, 58, -48, -170, 9, -234, -146, 
-839, -82, 756, 461, -797, 336, 58, -48, -170, 9, -234, -151, 
-839, -82, 756, 461, -797, 336, 58, -48, -170, 9, -234, -151, 
-839, -78, 761, 458, -800, 341, 58, -48, -170, 14, -234, -151, 
-829, -68, 761, 448, -795, 346, 48, -48, -170, 4, -244, -161, 
-834, -68, 766, 451, -800, 348, 53, -48, -170, 4, -244, -156, 
-834, -73, 761, 453, -797, 344, 53, -48, -170, 4, -239, -156, 
-839, -73, 766, 456, -802, 346, 53, -48, -170, 4, -239, -161, 
-839, -63, 775, 451, -807, 356, 58, -48, -170, 14, -234, -161, 
-839, -63, 775, 451, -807, 356, 58, -48, -170, 14, -234, -161, 
-839, -63, 775, 451, -807, 356, 58, -48, -170, 14, -234, -161, 
-839, -63, 775, 451, -807, 356, 63, -48, -170, 14, -234, -161, 
-839, -73, 766, 456, -802, 346, 63, -48, -170, 14, -244, -151, 
-839, -73, 766, 456, -802, 346, 63, -48, -170, 14, -244, -151, 
-839, -73, 766, 456, -802, 346, 58, -48, -175, 14, -244, -151, 
-839, -73, 766, 456, -802, 346, 58, -48, -175, 14, -244, -151, 
-839, -82, 756, 461, -797, 336, 48, -48, -175, 4, -244, -161, 
-839, -82, 756, 461, -797, 336, 48, -48, -175, 4, -248, -161, 
-839, -82, 756, 461, -797, 336, 48, -48, -180, 4, -248, -161, 
-834, -82, 751, 458, -793, 334, 48, -48, -180, 0, -248, -161, 
-844, -82, 761, 463, -802, 339, 48, -48, -175, 0, -248, -161, 
-844, -87, 756, 466, -800, 334, 48, -48, -175, 0, -248, -161, 
-844, -87, 756, 466, -800, 334, 48, -48, -175, 0, -248, -161, 
-844, -82, 761, 463, -802, 339, 48, -48, -175, 4, -248, -161, 
-844, -82, 761, 463, -802, 339, 58, -48, -175, 4, -244, -161, 
-844, -82, 761, 463, -802, 339, 58, -48, -175, 4, -244, -161, 
-844, -82, 761, 463, -802, 339, 58, -48, -175, 4, -244, -161, 
-844, -82, 761, 463, -802, 339, 58, -48, -175, 4, -244, -161, 
-834, -87, 746, 461, -790, 329, 58, -48, -175, -4, -244, -161, 
-834, -87, 746, 461, -790, 329, 58, -48, -175, -4, -248, -161, 
-834, -82, 751, 458, -793, 334, 58, -53, -175, -9, -248, -161, 
-834, -82, 751, 458, -793, 334, 58, -53, -175, -9, -248, -165, 
-834, -82, 751, 458, -793, 334, 58, -48, -175, 0, -248, -165, 
-834, -82, 751, 458, -793, 334, 58, -48, -170, 0, -248, -161, 
-834, -87, 746, 461, -790, 329, 58, -48, -170, 0, -248, -161, 
-834, -92, 741, 463, -788, 324, 58, -48, -175, 4, -248, -161, 
-834, -92, 741, 463, -788, 324, 58, -48, -185, -4, -248, -161, 
-834, -82, 751, 458, -793, 334, 58, -48, -185, -4, -248, -161, 
-834, -82, 751, 458, -793, 334, 58, -48, -185, -4, -248, -161, 
-834, -82, 751, 458, -793, 334, 58, -48, -185, -9, -248, -161, 
-834, -92, 741, 463, -788, 324, 48, -48, -185, -9, -248, -156, 
-834, -92, 741, 463, -788, 324, 48, -48, -185, -9, -248, -161, 
-834, -92, 741, 463, -788, 324, 48, -48, -185, -9, -248, -161, 
-834, -92, 741, 463, -788, 324, 48, -48, -185, -9, -248, -161, 
-839, -97, 741, 468, -790, 322, 58, -58, -180, -4, -258, -165, 
-844, -97, 746, 470, -795, 324, 58, -58, -180, -4, -258, -165, 
-849, -97, 751, 473, -800, 326, 58, -58, -180, 0, -258, -161, 
-854, -97, 756, 475, -805, 329, 58, -58, -180, 0, -258, -161, 
-849, -92, 756, 470, -802, 331, 58, -58, -190, -9, -248, -170, 
-839, -92, 746, 466, -793, 326, 58, -58, -185, -9, -248, -170, 
-834, -87, 746, 461, -790, 329, 58, -58, -185, -9, -248, -165, 
-834, -87, 746, 461, -790, 329, 58, -58, -180, -9, -244, -165, 
-834, -78, 756, 456, -795, 339, 58, -58, -175, -4, -244, -156, 
-834, -73, 761, 453, -797, 344, 58, -58, -170, 0, -244, -156, 
-834, -58, 775, 446, -805, 358, 58, -58, -165, 4, -244, -156, 
-834, -58, 775, 446, -805, 358, 58, -53, -161, 9, -239, -156, 
-834, -53, 780, 444, -807, 363, 58, -43, -146, 14, -224, -146, 
-834, -48, 785, 441, -810, 368, 58, -43, -136, 24, -219, -141, 
-824, -43, 780, 434, -802, 368, 58, -43, -131, 34, -219, -136, 
-824, -39, 785, 431, -805, 373, 58, -43, -126, 43, -219, -136, 
-824, -29, 795, 427, -810, 383, 48, -43, -131, 34, -209, -136, 
-819, -14, 805, 417, -812, 395, 48, -39, -122, 34, -209, -136, 
-810, -14, 795, 412, -802, 390, 43, -39, -122, 34, -209, -136, 
-805, -19, 785, 412, -795, 383, 43, -43, -117, 34, -204, -136, 
-805, -9, 795, 407, -800, 392, 53, -34, -107, 43, -200, -117, 
-805, -9, 795, 407, -800, 392, 53, -34, -107, 43, -200, -117, 
-800, -4, 795, 402, -797, 395, 43, -34, -107, 43, -200, -117, 
-800, 0, 800, 400, -800, 400, 39, -34, -102, 48, -195, -112, 
-800, 4, 805, 397, -802, 405, 48, -24, -102, 58, -195, -112, 
-800, 4, 805, 397, -802, 405, 43, -24, -102, 63, -195, -112, 
-790, 0, 790, 395, -790, 395, 43, -24, -107, 63, -195, -112, 
-780, -4, 775, 392, -778, 385, 43, -24, -107, 63, -195, -112, 
-780, -4, 775, 392, -778, 385, 43, -34, -107, 53, -200, -112, 
-780, -14, 766, 397, -773, 375, 39, -34, -107, 58, -200, -117, 
-771, -4, 766, 387, -768, 380, 29, -34, -107, 58, -195, -122, 
-766, -4, 761, 385, -763, 378, 24, -34, -107, 58, -190, -126, 
-766, 4, 771, 380, -768, 387, 4, -39, -112, 48, -200, -112, 
-766, 4, 771, 380, -768, 387, 0, -43, -117, 48, -200, -112, 
-766, 4, 771, 380, -768, 387, -4, -53, -122, 43, -200, -112, 
-775, 0, 775, 387, -775, 387, -9, -58, -131, 43, -204, -117, 
-771, 9, 780, 380, -775, 395, -29, -68, -141, 43, -209, -117, 
-766, 14, 780, 375, -773, 397, -34, -68, -146, 43, -214, -117, 
-751, 14, 766, 368, -758, 390, -39, -68, -146, 39, -214, -117, 
-756, 9, 766, 373, -761, 387, -43, -73, -146, 39, -214, -122, 
-766, 4, 771, 380, -768, 387, -29, -73, -165, 29, -219, -122, 
-761, 4, 766, 378, -763, 385, -24, -68, -165, 29, -219, -117, 
-761, 0, 761, 380, -761, 380, -14, -58, -165, 24, -214, -117, 
-766, -4, 761, 385, -763, 378, -4, -53, -165, 24, -214, -117, 
-756, -19, 736, 387, -746, 358, -14, -58, -170, 9, -229, -122, 
-756, -29, 727, 392, -741, 348, -14, -68, -180, 0, -229, -126, 
-751, -34, 717, 392, -734, 341, -14, -78, -190, -4, -234, -131, 
-751, -39, 712, 395, -732, 336, -14, -87, -200, -9, -239, -136, 
-741, -39, 702, 390, -722, 331, -14, -87, -209, -9, -239, -131, 
-741, -29, 712, 385, -727, 341, -19, -87, -204, -19, -244, -136, 
-751, -43, 707, 397, -729, 331, -9, -78, -195, -9, -244, -136, 
-761, -48, 712, 405, -736, 331, -9, -78, -195, -9, -244, -136, 
-771, -53, 717, 412, -744, 331, -9, -78, -195, -9, -244, -136, 
-780, -58, 722, 419, -751, 331, -9, -78, -195, -9, -244, -136, 
-795, -78, 717, 436, -756, 319, 14, -63, -190, 0, -244, -136, 
-800, -87, 712, 444, -756, 312, 24, -63, -190, -4, -248, -146, 
-819, -97, 722, 458, -771, 312, 39, -63, -190, -9, -248, -151, 
-829, -107, 722, 468, -775, 307, 48, -63, -190, -9, -258, -151, 
-824, -112, 712, 468, -768, 300, 48, -63, -195, -24, -263, -156, 
-829, -117, 712, 473, -771, 297, 53, -63, -195, -24, -263, -156, 
-829, -117, 712, 473, -771, 297, 53, -63, -200, -29, -263, -161, 
-824, -112, 712, 468, -768, 300, 53, -63, -200, -29, -268, -165, 
-829, -126, 702, 478, -766, 287, 48, -53, -200, -24, -268, -170, 
-834, -136, 697, 485, -766, 280, 48, -53, -204, -24, -273, -175, 
-839, -141, 697, 490, -768, 278, 48, -58, -204, -29, -273, -180, 
-844, -146, 697, 495, -771, 275, 48, -58, -204, -29, -278, -180, 
-849, -146, 702, 497, -775, 278, 53, -68, -219, -34, -292, -190, 
-849, -151, 697, 500, -773, 273, 53, -68, -219, -34, -292, -190, 
-849, -151, 697, 500, -773, 273, 53, -68, -219, -34, -292, -190, 
-849, -151, 697, 500, -773, 273, 58, -63, -219, -39, -292, -190, 
-849, -141, 707, 495, -778, 283, 58, -63, -214, -39, -283, -190, 
-854, -141, 712, 497, -783, 285, 58, -68, -214, -39, -283, -190, 
-854, -141, 712, 497, -783, 285, 58, -68, -209, -39, -287, -190, 
-854, -141, 712, 497, -783, 285, 63, -63, -209, -39, -287, -190, 
-844, -151, 692, 497, -768, 270, 73, -63, -219, -48, -292, -180, 
-844, -151, 692, 497, -768, 270, 68, -68, -219, -39, -292, -180, 
-844, -156, 688, 500, -766, 265, 68, -68, -219, -39, -292, -180, 
-854, -156, 697, 505, -775, 270, 68, -68, -219, -39, -292, -180, 
-854, -156, 697, 505, -775, 270, 68, -68, -219, -39, -292, -190, 
-854, -156, 697, 505, -775, 270, 68, -58, -219, -39, -292, -190, 
-854, -156, 697, 505, -775, 270, 73, -58, -219, -43, -292, -195, 
-854, -161, 692, 507, -773, 265, 73, -58, -219, -43, -292, -195, 
-863, -165, 697, 514, -780, 265, 63, -58, -209, -43, -283, -190, 
-863, -165, 697, 514, -780, 265, 63, -58, -209, -43, -287, -190, 
-863, -161, 702, 512, -783, 270, 73, -58, -214, -43, -287, -185, 
-863, -161, 702, 512, -783, 270, 73, -58, -214, -43, -287, -185, 
-858, -170, 688, 514, -773, 258, 78, -58, -214, -43, -287, -175, 
-858, -170, 688, 514, -773, 258, 73, -58, -214, -43, -287, -175, 
-863, -170, 692, 517, -778, 261, 73, -63, -214, -48, -287, -175, 
-863, -170, 692, 517, -778, 261, 78, -63, -214, -48, -287, -180, 
-863, -175, 688, 519, -775, 256, 68, -53, -214, -48, -297, -190, 
-863, -175, 688, 519, -775, 256, 68, -53, -214, -48, -297, -190, 
-863, -175, 688, 519, -775, 256, 68, -53, -214, -48, -297, -190, 
-868, -175, 692, 522, -780, 258, 68, -53, -214, -48, -297, -190, 
-858, -170, 688, 514, -773, 258, 68, -63, -224, -48, -287, -195, 
-858, -170, 688, 514, -773, 258, 68, -63, -224, -48, -287, -195, 
-854, -170, 683, 512, -768, 256, 68, -63, -224, -48, -287, -190, 
-854, -170, 683, 512, -768, 256, 68, -63, -229, -48, -297, -190, 
-863, -170, 692, 517, -778, 261, 68, -53, -229, -48, -297, -180, 
-863, -170, 692, 517, -778, 261, 73, -53, -224, -43, -287, -180, 
-863, -170, 692, 517, -778, 261, 78, -53, -224, -43, -287, -180, 
-863, -170, 692, 517, -778, 261, 82, -53, -224, -43, -287, -180, 
-863, -180, 683, 522, -773, 251, 73, -63, -214, -48, -297, -190, 
-863, -180, 683, 522, -773, 251, 73, -63, -219, -48, -297, -190, 
-863, -180, 683, 522, -773, 251, 73, -63, -219, -48, -302, -190, 
-863, -175, 688, 519, -775, 256, 73, -58, -219, -48, -302, -185, 
-863, -175, 688, 519, -775, 256, 73, -68, -224, -58, -302, -185, 
-863, -180, 683, 522, -773, 251, 73, -73, -224, -58, -302, -190, 
-863, -180, 683, 522, -773, 251, 73, -73, -224, -58, -302, -190, 
-863, -180, 683, 522, -773, 251, 73, -73, -224, -58, -302, -190, 
-863, -180, 683, 522, -773, 251, 73, -63, -219, -48, -292, -190, 
-863, -175, 688, 519, -775, 256, 73, -63, -219, -48, -292, -190, 
-863, -170, 692, 517, -778, 261, 73, -63, -219, -48, -292, -190, 
-863, -165, 697, 514, -780, 265, 73, -63, -219, -48, -292, -190, 
-854, -175, 678, 514, -766, 251, 63, -63, -224, -48, -292, -190, 
-854, -170, 683, 512, -768, 256, 63, -63, -224, -48, -292, -190, 
-858, -170, 688, 514, -773, 258, 68, -63, -219, -48, -292, -185, 
-858, -170, 688, 514, -773, 258, 68, -63, -219, -43, -287, -185, 
-868, -170, 697, 519, -783, 263, 68, -63, -229, -43, -297, -185, 
-858, -170, 688, 514, -773, 258, 68, -63, -229, -43, -297, -185, 
-858, -170, 688, 514, -773, 258, 68, -63, -229, -48, -297, -185, 
-858, -170, 688, 514, -773, 258, 68, -63, -229, -48, -297, -185, 
-858, -161, 697, 509, -778, 268, 68, -63, -229, -53, -297, -185, 
-863, -161, 702, 512, -783, 270, 68, -63, -229, -53, -302, -185, 
-863, -165, 697, 514, -780, 265, 68, -63, -229, -53, -302, -185, 
-863, -165, 697, 514, -780, 265, 68, -63, -229, -53, -302, -185, 
-849, -170, 678, 509, -763, 253, 68, -63, -219, -53, -292, -185, 
-858, -170, 688, 514, -773, 258, 68, -63, -209, -53, -292, -185, 
-863, -170, 692, 517, -778, 261, 68, -63, -204, -39, -287, -185, 
-883, -161, 722, 522, -802, 280, 82, -63, -190, -24, -278, -180, 
-912, -161, 751, 536, -832, 295, 87, -53, -161, -4, -273, -170, 
-932, -146, 785, 539, -858, 319, 112, -39, -131, 14, -263, -165, 
-946, -131, 814, 539, -880, 341, 131, -39, -107, 34, -244, -165, 
-956, -141, 814, 549, -885, 336, 136, -39, -107, 34, -239, -161, 
-946, -151, 795, 549, -871, 322, 126, -43, -126, 34, -234, -151, 
-912, -136, 775, 524, -844, 319, 117, -19, -136, 34, -219, -141, 
-878, -122, 756, 500, -817, 317, 117, 24, -136, 53, -190, -122, 
-844, -117, 727, 480, -785, 305, 97, 39, -161, 53, -170, -107, 
-766, -107, 658, 436, -712, 275, 43, 4, -209, 34, -170, -92, 
-649, -82, 566, 366, -607, 241, -43, -34, -287, 0, -170, -73, 
-536, -58, 478, 297, -507, 209, -146, -73, -385, -39, -170, -43, 
-405, 4, 409, 200, -407, 207, -273, -141, -478, -63, -141, 9, 
-248, 87, 336, 80, -292, 212, -395, -200, -561, -73, -107, 78, 
-82, 175, 258, -46, -170, 217, -522, -268, -644, -87, -68, 146, 
82, 258, 175, -170, -46, 217, -663, -322, -736, -97, -39, 195, 
229, 322, 92, -275, 68, 207, -766, -380, -810, -126, -19, 244, 
326, 326, 0, -326, 163, 163, -814, -414, -893, -190, -58, 234, 
351, 204, -146, -278, 248, 29, -810, -419, -1019, -341, -214, 117, 
361, 0, -361, -180, 361, -180, -775, -400, -1171, -566, -458, -78, 
361, -200, -561, -80, 461, -380, -727, -380, -1317, -766, -692, -268, 
336, -336, -673, 0, 505, -505, -688, -390, -1410, -902, -858, -405, 
278, -458, -736, 90, 507, -597, -658, -434, -1459, -1015, -980, -497, 
200, -531, -732, 165, 466, -631, -624, -497, -1512, -1093, -1063, -570, 
73, -600, -673, 263, 373, -636, -561, -580, -1546, -1146, -1132, -624, 
-68, -668, -600, 368, 265, -634, -483, -653, -1527, -1171, -1176, -673, 
-200, -688, -488, 444, 143, -588, -424, -688, -1464, -1132, -1161, -678, 
-297, -639, -341, 468, 21, -490, -370, -663, -1351, -1024, -1083, -634, 
-375, -605, -229, 490, -73, -417, -307, -614, -1234, -932, -1015, -595, 
-453, -595, -141, 524, -156, -368, -248, -566, -1156, -868, -966, -580, 
-512, -570, -58, 541, -226, -314, -224, -517, -1083, -800, -912, -546, 
-566, -551, 14, 558, -290, -268, -185, -448, -985, -712, -839, -497, 
-614, -527, 87, 570, -351, -219, -165, -390, -893, -649, -780, -468, 
-634, -468, 165, 551, -400, -151, -131, -341, -795, -566, -717, -434, 
-658, -405, 253, 531, -456, -75, -92, -307, -688, -473, -629, -380, 
-697, -366, 331, 531, -514, -17, -43, -268, -605, -395, -570, -346, 
-736, -346, 390, 541, -563, 21, -19, -244, -546, -336, -527, -322, 
-785, -322, 463, 553, -624, 70, 0, -214, -483, -278, -492, -297, 
-824, -302, 522, 563, -673, 109, 24, -185, -419, -229, -448, -278, 
-849, -273, 575, 561, -712, 151, 39, -151, -370, -195, -414, -253, 
-839, -244, 595, 541, -717, 175, 48, -112, -341, -161, -400, -239, 
-834, -219, 614, 527, -724, 197, 53, -87, -312, -136, -370, -219, 
-824, -200, 624, 512, -724, 212, 48, -68, -292, -122, -356, -209, 
-810, -190, 619, 500, -714, 214, 43, -58, -278, -107, -336, -195, 
-819, -170, 649, 495, -734, 239, 53, -58, -263, -82, -312, -185, 
-829, -161, 668, 495, -749, 253, 53, -68, -248, -63, -307, -170, 
-829, -165, 663, 497, -746, 248, 58, -73, -244, -63, -302, -180, 
-834, -161, 673, 497, -753, 256, 58, -73, -239, -58, -297, -175, 
-844, -156, 688, 500, -766, 265, 58, -68, -219, -43, -292, -165, 
-854, -146, 707, 500, -780, 280, 58, -63, -209, -43, -287, -165, 
-844, -141, 702, 492, -773, 280, 58, -58, -209, -43, -287, -161, 
-844, -136, 707, 490, -775, 285, 63, -53, -209, -34, -287, -161, 
-854, -141, 712, 497, -783, 285, 63, -43, -209, -34, -287, -165, 
-854, -141, 712, 497, -783, 285, 63, -39, -209, -34, -283, -165, 
-849, -141, 707, 495, -778, 283, 63, -34, -200, -34, -278, -165, 
-849, -141, 707, 495, -778, 283, 63, -34, -200, -29, -273, -165, 
-839, -122, 717, 480, -778, 297, 68, -39, -200, -29, -263, -161, 
-839, -117, 722, 478, -780, 302, 68, -39, -195, -24, -263, -156, 
-839, -112, 727, 475, -783, 307, 68, -43, -195, -19, -263, -151, 
-839, -112, 727, 475, -783, 307, 68, -43, -195, -14, -258, -146, 
-839, -122, 717, 480, -778, 297, 68, -43, -195, -24, -263, -156, 
-844, -122, 722, 483, -783, 300, 68, -43, -190, -24, -263, -146, 
-844, -122, 722, 483, -783, 300, 63, -39, -190, -24, -263, -146, 
-839, -122, 717, 480, -778, 297, 63, -39, -190, -24, -263, -146, 
-839, -122, 717, 480, -778, 297, 63, -39, -190, -24, -263, -146, 
-839, -117, 722, 478, -780, 302, 63, -43, -185, -24, -263, -146, 
-834, -117, 717, 475, -775, 300, 63, -43, -185, -24, -263, -141, 
-834, -117, 717, 475, -775, 300, 63, -39, -185, -24, -263, -141, 
-839, -117, 722, 478, -780, 302, 63, -39, -185, -14, -258, -141, 
-839, -117, 722, 478, -780, 302, 63, -39, -185, -14, -258, -141, 
-839, -117, 722, 478, -780, 302, 63, -34, -185, -14, -258, -141, 
-839, -117, 722, 478, -780, 302, 63, -34, -185, -9, -258, -141, 
-829, -107, 722, 468, -775, 307, 53, -34, -185, -9, -258, -141, 
-829, -112, 717, 470, -773, 302, 53, -34, -185, -9, -253, -141, 
-829, -112, 717, 470, -773, 302, 53, -39, -185, -9, -248, -141, 
-829, -107, 722, 468, -775, 307, 53, -39, -185, -9, -244, -141, 
-834, -117, 717, 475, -775, 300, 53, -29, -185, -9, -253, -131, 
-834, -112, 722, 473, -778, 305, 53, -29, -185, -9, -253, -131, 
-834, -112, 722, 473, -778, 305, 53, -29, -185, -9, -248, -131, 
-839, -117, 722, 478, -780, 302, 53, -29, -180, -9, -248, -131, 
-829, -107, 722, 468, -775, 307, 58, -29, -180, -9, -248, -136, 
-829, -107, 722, 468, -775, 307, 58, -24, -180, -9, -248, -136, 
-829, -107, 722, 468, -775, 307, 58, -24, -180, -4, -248, -131, 
-829, -107, 722, 468, -775, 307, 58, -24, -180, -4, -248, -131, 
-829, -107, 722, 468, -775, 307, 58, -34, -185, -4, -258, -136, 
-819, -107, 712, 463, -766, 302, 58, -29, -185, -4, -258, -136, 
-819, -107, 712, 463, -766, 302, 58, -29, -180, -4, -258, -136, 
-819, -102, 717, 461, -768, 307, 58, -29, -180, -4, -253, -136, 
-829, -112, 717, 470, -773, 302, 58, -29, -170, -4, -244, -126, 
-829, -112, 717, 470, -773, 302, 58, -29, -170, -4, -244, -126, 
-829, -112, 717, 470, -773, 302, 58, -29, -170, -4, -244, -126, 
-829, -112, 717, 470, -773, 302, 58, -29, -170, 0, -244, -126, 
-819, -102, 717, 461, -768, 307, 58, -29, -170, -9, -244, -131, 
-814, -97, 717, 456, -766, 309, 58, -29, -170, -9, -244, -131, 
-814, -97, 717, 456, -766, 309, 53, -29, -170, -9, -244, -136, 
-819, -102, 717, 461, -768, 307, 53, -24, -170, -9, -244, -136, 
-810, -92, 717, 451, -763, 312, 43, -24, -170, -4, -244, -126, 
-810, -92, 717, 451, -763, 312, 43, -24, -175, -4, -244, -126, 
-810, -82, 727, 446, -768, 322, 43, -24, -175, -4, -244, -126, 
-810, -82, 727, 446, -768, 322, 43, -24, -170, 0, -244, -122, 
-810, -82, 727, 446, -768, 322, 53, -14, -170, 0, -239, -122, 
-810, -82, 727, 446, -768, 322, 48, -14, -170, 4, -234, -122, 
-810, -82, 727, 446, -768, 322, 48, -14, -165, 4, -229, -117, 
-810, -82, 727, 446, -768, 322, 43, -9, -165, 0, -224, -117, 
-814, -82, 732, 448, -773, 324, 43, -19, -165, 0, -234, -117, 
-814, -82, 732, 448, -773, 324, 43, -19, -165, 0, -234, -117, 
-814, -78, 736, 446, -775, 329, 43, -14, -165, 0, -224, -117, 
-814, -78, 736, 446, -775, 329, 43, -9, -165, 4, -224, -112, 
-810, -87, 722, 448, -766, 317, 43, -9, -165, 4, -224, -112, 
-805, -87, 717, 446, -761, 314, 39, -14, -165, 4, -224, -112, 
-805, -87, 717, 446, -761, 314, 39, -14, -165, 4, -229, -117, 
-805, -82, 722, 444, -763, 319, 39, -9, -165, 9, -229, -117, 
-800, -78, 722, 439, -761, 322, 43, -9, -161, 14, -234, -122, 
-800, -73, 727, 436, -763, 326, 43, -9, -161, 14, -234, -122, 
-800, -73, 727, 436, -763, 326, 39, -9, -161, 14, -234, -122, 
-800, -73, 727, 436, -763, 326, 39, -9, -161, 14, -234, -122, 
-790, -73, 717, 431, -753, 322, 39, 0, -161, 9, -224, -122, 
-785, -73, 712, 429, -749, 319, 39, 0, -161, 9, -224, -122, 
-785, -73, 712, 429, -749, 319, 39, 0, -161, 9, -224, -122, 
-785, -73, 712, 429, -749, 319, 34, 0, -161, 4, -214, -122, 
-795, -78, 717, 436, -756, 319, 24, 4, -165, 4, -224, -122, 
-795, -78, 717, 436, -756, 319, 24, 9, -161, 9, -224, -117, 
-795, -78, 717, 436, -756, 319, 24, 9, -161, 9, -224, -112, 
-785, -73, 712, 429, -749, 319, 24, 9, -161, 9, -224, -112, 
-775, -63, 712, 419, -744, 324, 24, 14, -156, 9, -224, -112, 
-775, -58, 717, 417, -746, 329, 24, 14, -156, 14, -224, -107, 
-775, -53, 722, 414, -749, 334, 19, 14, -161, 19, -219, -107, 
-775, -48, 727, 412, -751, 339, 19, 14, -161, 19, -214, -102, 
-775, -48, 727, 412, -751, 339, 19, 9, -151, 19, -214, -87, 
-771, -48, 722, 409, -746, 336, 14, 14, -151, 29, -214, -87, 
-766, -43, 722, 405, -744, 339, 14, 14, -141, 29, -209, -87, 
-766, -43, 722, 405, -744, 339, 14, 14, -141, 29, -209, -87, 
-756, -29, 727, 392, -741, 348, 19, 24, -126, 29, -209, -87, 
-756, -29, 727, 392, -741, 348, 19, 29, -126, 34, -209, -82, 
-751, -29, 722, 390, -736, 346, 19, 29, -126, 34, -209, -82, 
-746, -24, 722, 385, -734, 348, 9, 34, -126, 34, -209, -82, 
-751, -24, 727, 387, -739, 351, 9, 34, -131, 48, -195, -82, 
-746, -19, 727, 383, -736, 353, 9, 39, -131, 48, -190, -78, 
-741, -14, 727, 378, -734, 356, 9, 39, -131, 53, -190, -78, 
-741, -14, 727, 378, -734, 356, 9, 43, -126, 58, -190, -73, 
-732, -4, 727, 368, -729, 361, 0, 48, -126, 58, -185, -73, 
-722, 0, 722, 361, -722, 361, -4, 53, -122, 58, -185, -68, 
-712, 4, 717, 353, -714, 361, -4, 53, -117, 63, -175, -68, 
-712, 14, 727, 348, -719, 370, -4, 53, -112, 63, -170, -58, 
-697, 24, 722, 336, -710, 373, -14, 63, -112, 63, -170, -63, 
-697, 29, 727, 334, -712, 378, -24, 63, -112, 63, -170, -58, 
-688, 39, 727, 324, -707, 383, -29, 68, -107, 68, -165, -58, 
-678, 39, 717, 319, -697, 378, -29, 68, -107, 73, -161, -53, 
-673, 39, 712, 317, -692, 375, -24, 68, -97, 78, -161, -48, 
-668, 39, 707, 314, -688, 373, -24, 68, -92, 78, -161, -48, 
-658, 48, 707, 305, -683, 378, -29, 78, -92, 82, -151, -43, 
-653, 58, 712, 297, -683, 385, -34, 82, -87, 82, -146, -43, 
-649, 53, 702, 297, -675, 378, -39, 82, -87, 82, -156, -53, 
-644, 58, 702, 292, -673, 380, -39, 82, -92, 92, -151, -43, 
-634, 63, 697, 285, -666, 380, -43, 82, -97, 97, -146, -39, 
-629, 73, 702, 278, -666, 387, -48, 87, -102, 97, -141, -39, 
-629, 78, 707, 275, -668, 392, -53, 97, -87, 112, -141, -34, 
-624, 78, 702, 273, -663, 390, -58, 102, -87, 112, -141, -29, 
-614, 87, 702, 263, -658, 395, -58, 102, -87, 112, -136, -29, 
-610, 87, 697, 261, -653, 392, -63, 107, -87, 112, -136, -29, 
-595, 87, 683, 253, -639, 385, -68, 107, -87, 107, -131, -19, 
-590, 92, 683, 248, -636, 387, -73, 107, -87, 107, -126, -19, 
-585, 97, 683, 244, -634, 390, -73, 112, -87, 107, -126, -14, 
-580, 102, 683, 239, -631, 392, -78, 112, -87, 107, -126, -14, 
-585, 107, 692, 239, -639, 400, -82, 97, -87, 107, -126, -14, 
-585, 107, 692, 239, -639, 400, -82, 97, -87, 112, -126, -9, 
-575, 112, 688, 231, -631, 400, -87, 97, -87, 112, -122, -9, 
-570, 117, 688, 226, -629, 402, -92, 92, -87, 107, -122, -4, 
-566, 117, 683, 224, -624, 400, -92, 92, -97, 97, -122, -14, 
-566, 117, 683, 224, -624, 400, -97, 92, -97, 97, -126, -14, 
-561, 122, 683, 219, -622, 402, -97, 92, -97, 97, -126, -14, 
-556, 126, 683, 214, -619, 405, -102, 87, -97, 97, -122, -14, 
-546, 117, 663, 214, -605, 390, -102, 87, -97, 97, -126, -14, 
-546, 117, 663, 214, -605, 390, -102, 82, -97, 97, -126, -14, 
-546, 112, 658, 217, -602, 385, -102, 78, -102, 97, -131, -14, 
-546, 112, 658, 217, -602, 385, -102, 78, -102, 97, -131, -14, 
-551, 122, 673, 214, -612, 397, -112, 68, -107, 107, -131, -14, 
-551, 122, 673, 214, -612, 397, -117, 63, -117, 97, -131, -14, 
-551, 117, 668, 217, -610, 392, -117, 58, -122, 92, -136, -19, 
-556, 107, 663, 224, -610, 385, -112, 53, -122, 82, -136, -19, 
-570, 97, 668, 236, -619, 383, -97, 43, -136, 73, -156, -24, 
-580, 92, 673, 244, -627, 383, -97, 34, -141, 68, -161, -29, 
-590, 78, 668, 256, -629, 373, -97, 29, -146, 63, -165, -39, 
-600, 68, 668, 265, -634, 368, -92, 19, -151, 58, -170, -43, 
-614, 58, 673, 278, -644, 366, -78, 9, -146, 39, -170, -53, 
-624, 48, 673, 287, -649, 361, -68, 9, -151, 39, -175, -53, 
-634, 39, 673, 297, -653, 356, -63, 4, -151, 39, -175, -53, 
-644, 34, 678, 305, -661, 356, -58, 0, -151, 34, -180, -58, 
-644, 24, 668, 309, -656, 346, -53, 4, -151, 34, -190, -53, 
-658, 14, 673, 322, -666, 344, -48, 0, -156, 34, -195, -63, 
-673, 4, 678, 334, -675, 341, -43, -4, -156, 34, -195, -68, 
-678, -9, 668, 344, -673, 329, -34, -9, -156, 34, -200, -73, 
-692, -4, 688, 348, -690, 341, -39, -14, -165, 19, -204, -78, 
-702, -19, 683, 361, -692, 331, -29, -14, -170, 14, -214, -82, 
-722, -29, 692, 375, -707, 331, -24, -19, -170, 14, -229, -92, 
-732, -39, 692, 385, -712, 326, -24, -24, -170, 9, -229, -97, 
-746, -39, 707, 392, -727, 334, -19, -39, -175, 4, -234, -102, 
-746, -48, 697, 397, -722, 324, -19, -39, -175, 0, -234, -112, 
-756, -58, 697, 407, -727, 319, -14, -43, -175, -4, -234, -112, 
-766, -58, 707, 412, -736, 324, -9, -43, -175, -4, -229, -112, 
-766, -68, 697, 417, -732, 314, -4, -34, -175, -4, -234, -107, 
-766, -68, 697, 417, -732, 314, 4, -34, -180, -4, -239, -112, 
-771, -73, 697, 422, -734, 312, 9, -43, -180, 0, -239, -112, 
-780, -78, 702, 429, -741, 312, 9, -43, -185, 4, -244, -117, 
-795, -73, 722, 434, -758, 324, 14, -43, -185, -4, -239, -131, 
-800, -82, 717, 441, -758, 317, 19, -43, -185, -14, -244, -131, 
-800, -82, 717, 441, -758, 317, 19, -43, -185, -14, -244, -131, 
-805, -82, 722, 444, -763, 319, 19, -43, -185, -14, -248, -136, 
-810, -102, 707, 456, -758, 302, 19, -48, -190, -9, -258, -131, 
-810, -102, 707, 456, -758, 302, 19, -48, -190, -9, -258, -131, 
-814, -107, 707, 461, -761, 300, 24, -48, -190, -9, -258, -131, 
-819, -112, 707, 466, -763, 297, 24, -48, -190, -14, -258, -131, 
-810, -102, 707, 456, -758, 302, 19, -63, -190, -14, -263, -131, 
-814, -102, 712, 458, -763, 305, 19, -63, -190, -19, -263, -136, 
-819, -112, 707, 466, -763, 297, 19, -63, -195, -19, -268, -136, 
-819, -112, 707, 466, -763, 297, 19, -63, -195, -14, -268, -141, 
-829, -126, 702, 478, -766, 287, 34, -58, -190, -24, -273, -141, 
-829, -126, 702, 478, -766, 287, 34, -58, -190, -29, -278, -141, 
-834, -131, 702, 483, -768, 285, 34, -63, -190, -29, -278, -146, 
-834, -131, 702, 483, -768, 285, 39, -63, -190, -34, -278, -146, 
-824, -122, 702, 473, -763, 290, 39, -63, -200, -29, -278, -146, 
-824, -122, 702, 473, -763, 290, 34, -68, -200, -29, -278, -146, 
-824, -122, 702, 473, -763, 290, 34, -68, -200, -29, -283, -146, 
-824, -122, 702, 473, -763, 290, 34, -68, -204, -29, -283, -146, 
-814, -112, 702, 463, -758, 295, 24, -58, -195, -29, -273, -141, 
-819, -112, 707, 466, -763, 297, 24, -53, -195, -24, -273, -141, 
-819, -117, 702, 468, -761, 292, 24, -53, -190, -24, -273, -141, 
-814, -122, 692, 468, -753, 285, 24, -53, -190, -24, -268, -151, 
-819, -122, 697, 470, -758, 287, 34, -68, -190, -34, -278, -151, 
-829, -126, 702, 478, -766, 287, 39, -68, -190, -34, -278, -151, 
-834, -126, 707, 480, -771, 290, 39, -68, -190, -34, -283, -146, 
-839, -126, 712, 483, -775, 292, 39, -68, -190, -34, -287, -146, 
-839, -126, 712, 483, -775, 292, 29, -58, -190, -34, -278, -146, 
-839, -126, 712, 483, -775, 292, 29, -58, -190, -34, -278, -146, 
-839, -126, 712, 483, -775, 292, 29, -58, -190, -34, -278, -146, 
-839, -131, 707, 485, -773, 287, 29, -58, -190, -34, -278, -146, 
-839, -122, 717, 480, -778, 297, 39, -68, -200, -34, -278, -146, 
-839, -117, 722, 478, -780, 302, 43, -63, -200, -29, -278, -146, 
-839, -117, 722, 478, -780, 302, 43, -63, -195, -29, -278, -146, 
-839, -112, 727, 475, -783, 307, 39, -68, -195, -29, -278, -146, 
-839, -112, 727, 475, -783, 307, 29, -78, -185, -29, -268, -146, 
-839, -112, 727, 475, -783, 307, 29, -78, -185, -29, -268, -146, 
-839, -112, 727, 475, -783, 307, 29, -82, -185, -29, -263, -141, 
-839, -112, 727, 475, -783, 307, 29, -82, -185, -29, -263, -141, 
-839, -117, 722, 478, -780, 302, 19, -82, -185, -19, -263, -131, 
-839, -117, 722, 478, -780, 302, 19, -82, -185, -19, -263, -131, 
-839, -117, 722, 478, -780, 302, 19, -82, -185, -19, -263, -131, 
-839, -117, 722, 478, -780, 302, 19, -82, -185, -19, -263, -131, 
-849, -117, 732, 483, -790, 307, 29, -87, -185, -29, -273, -141, 
-849, -112, 736, 480, -793, 312, 29, -87, -185, -24, -268, -141, 
-849, -112, 736, 480, -793, 312, 29, -92, -185, -24, -268, -141, 
-849, -112, 736, 480, -793, 312, 29, -92, -185, -24, -268, -141, 
-849, -112, 736, 480, -793, 312, 29, -82, -185, -24, -263, -131, 
-849, -117, 732, 483, -790, 307, 29, -82, -185, -24, -258, -131, 
-849, -122, 727, 485, -788, 302, 29, -82, -185, -24, -258, -131, 
-849, -126, 722, 488, -785, 297, 29, -87, -185, -24, -258, -126, 
-849, -122, 727, 485, -788, 302, 19, -87, -180, -19, -258, -126, 
-849, -117, 732, 483, -790, 307, 19, -87, -180, -19, -258, -122, 
-849, -112, 736, 480, -793, 312, 19, -87, -185, -19, -258, -122, 
-849, -107, 741, 478, -795, 317, 19, -87, -185, -19, -258, -122, 
-858, -117, 741, 488, -800, 312, 19, -87, -185, -19, -258, -122, 
-858, -112, 746, 485, -802, 317, 19, -87, -185, -19, -258, -122, 
-858, -112, 746, 485, -802, 317, 19, -87, -185, -19, -258, -122, 
-858, -112, 746, 485, -802, 317, 14, -87, -185, -19, -258, -122, 
-849, -112, 736, 480, -793, 312, 14, -87, -195, -24, -258, -131, 
-849, -112, 736, 480, -793, 312, 14, -87, -190, -19, -253, -131, 
-849, -117, 732, 483, -790, 307, 14, -87, -190, -19, -248, -131, 
-849, -126, 722, 488, -785, 297, 14, -87, -190, -19, -248, -131, 
-849, -122, 727, 485, -788, 302, 19, -97, -190, -19, -258, -131, 
-849, -117, 732, 483, -790, 307, 19, -97, -190, -19, -258, -131, 
-849, -117, 732, 483, -790, 307, 19, -97, -190, -19, -258, -131, 
-849, -112, 736, 480, -793, 312, 19, -97, -190, -19, -258, -131, 
-844, -112, 732, 478, -788, 309, 19, -97, -190, -14, -258, -126, 
-844, -112, 732, 478, -788, 309, 19, -97, -190, -14, -258, -126, 
-844, -112, 732, 478, -788, 309, 14, -97, -190, -14, -263, -126, 
-839, -112, 727, 475, -783, 307, 14, -97, -190, -19, -263, -126, 
-849, -122, 727, 485, -788, 302, 9, -87, -190, -19, -253, -126, 
-849, -122, 727, 485, -788, 302, 9, -87, -190, -19, -253, -131, 
-844, -122, 722, 483, -783, 300, 9, -87, -190, -19, -253, -131, 
-839, -117, 722, 478, -780, 302, 9, -87, -190, -14, -253, -131, 
-849, -117, 732, 483, -790, 307, 9, -87, -190, -24, -263, -131, 
-854, -117, 736, 485, -795, 309, 14, -87, -190, -24, -263, -126, 
-854, -122, 732, 488, -793, 305, 14, -87, -190, -24, -258, -126, 
-858, -122, 736, 490, -797, 307, 14, -87, -190, -24, -258, -131, 
-858, -122, 736, 490, -797, 307, 19, -87, -180, -24, -253, -131, 
-858, -122, 736, 490, -797, 307, 19, -87, -180, -24, -253, -131, 
-858, -122, 736, 490, -797, 307, 19, -87, -180, -24, -253, -131, 
-858, -122, 736, 490, -797, 307, 24, -87, -180, -24, -253, -131, 
-849, -112, 736, 480, -793, 312, 14, -97, -190, -24, -253, -131, 
-849, -112, 736, 480, -793, 312, 14, -97, -190, -24, -253, -131, 
-849, -112, 736, 480, -793, 312, 9, -97, -195, -24, -253, -131, 
-849, -112, 736, 480, -793, 312, 9, -97, -195, -24, -253, -131, 
-849, -112, 736, 480, -793, 312, 19, -87, -185, -24, -253, -131, 
-849, -112, 736, 480, -793, 312, 19, -87, -185, -24, -258, -131, 
-849, -112, 736, 480, -793, 312, 19, -87, -190, -24, -258, -131, 
-844, -112, 732, 478, -788, 309, 19, -87, -190, -29, -258, -131, 
-844, -122, 722, 483, -783, 300, 19, -87, -195, -29, -268, -131, 
-844, -126, 717, 485, -780, 295, 19, -87, -195, -29, -268, -131, 
-844, -126, 717, 485, -780, 295, 19, -87, -195, -29, -268, -131, 
-844, -122, 722, 483, -783, 300, 19, -87, -195, -24, -268, -131, 
-844, -122, 722, 483, -783, 300, 19, -97, -195, -24, -263, -131, 
-844, -122, 722, 483, -783, 300, 19, -97, -195, -24, -263, -131, 
-844, -122, 722, 483, -783, 300, 19, -97, -195, -24, -263, -131, 
-844, -122, 722, 483, -783, 300, 19, -97, -195, -24, -263, -131, 
-854, -126, 727, 490, -790, 300, 19, -87, -195, -24, -253, -131, 
-854, -126, 727, 490, -790, 300, 19, -87, -195, -24, -258, -131, 
-854, -122, 732, 488, -793, 305, 19, -92, -195, -29, -258, -131, 
-854, -122, 732, 488, -793, 305, 19, -92, -195, -29, -258, -136, 
-844, -122, 722, 483, -783, 300, 9, -97, -195, -29, -268, -136, 
-844, -122, 722, 483, -783, 300, 9, -97, -190, -29, -268, -131, 
-844, -126, 717, 485, -780, 295, 9, -97, -190, -29, -268, -131, 
-844, -131, 712, 488, -778, 290, 9, -97, -195, -24, -268, -131, 
-854, -141, 712, 497, -783, 285, 9, -97, -195, -34, -268, -141, 
-854, -131, 722, 492, -788, 295, 9, -97, -195, -34, -268, -141, 
-854, -131, 722, 492, -788, 295, 9, -97, -195, -34, -268, -141, 
-854, -131, 722, 492, -788, 295, 9, -97, -195, -39, -268, -141, 
-844, -122, 722, 483, -783, 300, 9, -97, -195, -29, -268, -146, 
-844, -122, 722, 483, -783, 300, 9, -97, -195, -29, -268, -151, 
-844, -122, 722, 483, -783, 300, 9, -97, -195, -29, -268, -151, 
-844, -122, 722, 483, -783, 300, 9, -97, -195, -29, -268, -151, 
-849, -122, 727, 485, -788, 302, 9, -97, -200, -34, -268, -146, 
-854, -126, 727, 490, -790, 300, 9, -97, -200, -34, -268, -146, 
-858, -131, 727, 495, -793, 297, 9, -97, -200, -29, -268, -141, 
-863, -136, 727, 500, -795, 295, 9, -97, -200, -29, -268, -141, 
-854, -131, 722, 492, -788, 295, 9, -107, -209, -39, -268, -151, 
-849, -131, 717, 490, -783, 292, 9, -107, -204, -39, -268, -151, 
-849, -126, 722, 488, -785, 297, 9, -107, -204, -39, -268, -146, 
-854, -126, 727, 490, -790, 300, 9, -107, -200, -39, -263, -146, 
-844, -136, 707, 490, -775, 285, 9, -107, -200, -39, -273, -146, 
-844, -131, 712, 488, -778, 290, 9, -107, -200, -39, -273, -146, 
-844, -117, 727, 480, -785, 305, 9, -107, -200, -39, -273, -146, 
-844, -117, 727, 480, -785, 305, 9, -102, -200, -39, -268, -146, 
-849, -126, 722, 488, -785, 297, 19, -92, -200, -39, -263, -141, 
-854, -126, 727, 490, -790, 300, 19, -92, -195, -34, -258, -141, 
-849, -126, 722, 488, -785, 297, 19, -92, -195, -29, -258, -141, 
-854, -126, 727, 490, -790, 300, 19, -92, -195, -24, -258, -146, 
-858, -122, 736, 490, -797, 307, 9, -102, -180, -14, -248, -141, 
-858, -102, 756, 480, -807, 326, 9, -97, -170, -14, -248, -136, 
-854, -97, 756, 475, -805, 329, 4, -97, -170, -14, -248, -131, 
-854, -97, 756, 475, -805, 329, 4, -102, -165, -14, -244, -126, 
-844, -87, 756, 466, -800, 334, 9, -92, -156, -9, -239, -117, 
-844, -87, 756, 466, -800, 334, 14, -92, -156, -4, -239, -117, 
-839, -82, 756, 461, -797, 336, 9, -92, -156, 0, -239, -117, 
-839, -78, 761, 458, -800, 341, 9, -92, -151, 9, -234, -112, 
-839, -68, 771, 453, -805, 351, 19, -82, -146, 19, -224, -102, 
-839, -63, 775, 451, -807, 356, 14, -82, -141, 24, -224, -102, 
-829, -63, 766, 446, -797, 351, 14, -82, -141, 24, -224, -102, 
-819, -63, 756, 441, -788, 346, 14, -82, -136, 24, -224, -102, 
-819, -48, 771, 434, -795, 361, 9, -73, -126, 34, -224, -107, 
-819, -53, 766, 436, -793, 356, 9, -73, -126, 39, -219, -107, 
-810, -39, 771, 424, -790, 366, 4, -73, -126, 39, -209, -107, 
-805, -34, 771, 419, -788, 368, 4, -73, -126, 39, -200, -107, 
-805, -43, 761, 424, -783, 358, 0, -63, -117, 29, -209, -92, 
-805, -43, 761, 424, -783, 358, 0, -63, -117, 29, -209, -92, 
-805, -43, 761, 424, -783, 358, 0, -68, -117, 24, -209, -92, 
-814, -48, 766, 431, -790, 358, 0, -68, -122, 24, -214, -97, 
-805, -58, 746, 431, -775, 344, -19, -73, -126, 14, -219, -107, 
-805, -53, 751, 429, -778, 348, -24, -78, -136, 14, -224, -107, 
-795, -53, 741, 424, -768, 344, -29, -82, -141, 9, -224, -107, 
-805, -58, 746, 431, -775, 344, -34, -92, -146, 9, -224, -112, 
-795, -53, 741, 424, -768, 344, -48, -107, -156, 19, -219, -107, 
-790, -43, 746, 417, -768, 351, -53, -107, -156, 19, -219, -97, 
-790, -39, 751, 414, -771, 356, -53, -102, -156, 14, -214, -92, 
-795, -34, 761, 414, -778, 363, -53, -102, -156, 14, -214, -87, 
-785, -39, 746, 412, -766, 353, -53, -107, -156, 4, -219, -97, 
-785, -48, 736, 417, -761, 344, -53, -107, -161, 0, -219, -97, 
-780, -53, 727, 417, -753, 336, -53, -107, -165, 0, -224, -97, 
-780, -58, 722, 419, -751, 331, -53, -107, -170, 0, -229, -97, 
-771, -63, 707, 417, -739, 322, -58, -117, -175, -4, -239, -112, 
-780, -68, 712, 424, -746, 322, -63, -117, -190, -24, -248, -112, 
-790, -87, 702, 439, -746, 307, -58, -117, -195, -34, -248, -112, 
-790, -97, 692, 444, -741, 297, -53, -117, -204, -43, -248, -122, 
-785, -102, 683, 444, -734, 290, -53, -126, -214, -34, -258, -122, 
-780, -97, 683, 439, -732, 292, -53, -141, -224, -39, -268, -126, 
-780, -102, 678, 441, -729, 287, -53, -131, -224, -39, -258, -126, 
-790, -97, 692, 444, -741, 297, -48, -126, -214, -39, -253, -126, 
-800, -107, 692, 453, -746, 292, -48, -126, -224, -39, -263, -126, 
-800, -107, 692, 453, -746, 292, -48, -126, -224, -39, -263, -126, 
-800, -107, 692, 453, -746, 292, -48, -126, -224, -39, -263, -126, 
-800, -107, 692, 453, -746, 292, -48, -126, -224, -39, -263, -126, 
-814, -117, 697, 466, -756, 290, -29, -122, -219, -39, -263, -126, 
-819, -126, 692, 473, -756, 283, -24, -122, -219, -43, -268, -136, 
-839, -136, 702, 488, -771, 283, -14, -122, -219, -48, -268, -141, 
-849, -146, 702, 497, -775, 278, -9, -122, -219, -48, -278, -141, 
-868, -165, 702, 517, -785, 268, 4, -122, -219, -43, -273, -146, 
-878, -175, 702, 527, -790, 263, 14, -122, -214, -43, -273, -146, 
-883, -180, 702, 531, -793, 261, 19, -122, -214, -48, -273, -151, 
-883, -180, 702, 531, -793, 261, 24, -122, -209, -48, -278, -156, 
-883, -175, 707, 529, -795, 265, 19, -112, -219, -53, -278, -151, 
-883, -185, 697, 534, -790, 256, 19, -112, -224, -53, -283, -156, 
-883, -190, 692, 536, -788, 251, 19, -117, -224, -58, -283, -161, 
-883, -195, 688, 539, -785, 246, 19, -117, -224, -58, -287, -161, 
-888, -195, 692, 541, -790, 248, 24, -117, -229, -63, -292, -161, 
-888, -200, 688, 544, -788, 244, 24, -117, -229, -63, -292, -161, 
-888, -200, 688, 544, -788, 244, 24, -117, -229, -63, -292, -161, 
-888, -200, 688, 544, -788, 244, 29, -112, -229, -68, -292, -161, 
-888, -209, 678, 549, -783, 234, 29, -102, -234, -78, -292, -161, 
-893, -209, 683, 551, -788, 236, 29, -107, -234, -78, -292, -161, 
-893, -209, 683, 551, -788, 236, 29, -107, -229, -78, -297, -161, 
-893, -209, 683, 551, -788, 236, 34, -102, -229, -78, -297, -161, 
-893, -219, 673, 556, -783, 226, 34, -112, -239, -78, -302, -170, 
-893, -219, 673, 556, -783, 226, 29, -117, -239, -68, -302, -170, 
-893, -224, 668, 558, -780, 222, 29, -117, -239, -68, -302, -170, 
-902, -224, 678, 563, -790, 226, 29, -117, -239, -68, -302, -170, 
-912, -224, 688, 568, -800, 231, 29, -126, -239, -68, -302, -180, 
-912, -224, 688, 568, -800, 231, 29, -117, -239, -68, -302, -180, 
-912, -224, 688, 568, -800, 231, 34, -117, -239, -73, -302, -185, 
-912, -229, 683, 570, -797, 226, 34, -117, -239, -73, -302, -185, 
-912, -224, 688, 568, -800, 231, 43, -117, -239, -63, -292, -180, 
-912, -224, 688, 568, -800, 231, 43, -117, -239, -63, -297, -180, 
-912, -219, 692, 566, -802, 236, 53, -117, -244, -63, -297, -175, 
-912, -219, 692, 566, -802, 236, 53, -117, -244, -63, -297, -175, 
-897, -219, 678, 558, -788, 229, 39, -117, -234, -73, -307, -175, 
-897, -219, 678, 558, -788, 229, 34, -117, -234, -73, -307, -175, 
-902, -219, 683, 561, -793, 231, 34, -122, -234, -78, -307, -175, 
-902, -219, 683, 561, -793, 231, 39, -122, -234, -78, -307, -180, 
-902, -224, 678, 563, -790, 226, 39, -112, -234, -68, -297, -170, 
-902, -224, 678, 563, -790, 226, 39, -112, -234, -68, -297, -170, 
-902, -224, 678, 563, -790, 226, 39, -112, -234, -68, -297, -170, 
-907, -224, 683, 566, -795, 229, 39, -112, -234, -68, -297, -170, 
-907, -229, 678, 568, -793, 224, 39, -112, -244, -68, -297, -175, 
-907, -229, 678, 568, -793, 224, 39, -112, -244, -68, -297, -175, 
-902, -229, 673, 566, -788, 222, 39, -112, -244, -68, -297, -170, 
-902, -229, 673, 566, -788, 222, 39, -112, -248, -68, -307, -170, 
-907, -239, 668, 573, -788, 214, 43, -112, -248, -78, -307, -180, 
-912, -239, 673, 575, -793, 217, 43, -112, -244, -73, -297, -180, 
-917, -239, 678, 578, -797, 219, 43, -112, -244, -73, -297, -180, 
-922, -239, 683, 580, -802, 222, 43, -112, -244, -73, -297, -180, 
-912, -239, 673, 575, -793, 217, 43, -112, -253, -78, -297, -180, 
-912, -239, 673, 575, -793, 217, 43, -112, -258, -78, -297, -180, 
-912, -239, 673, 575, -793, 217, 43, -112, -258, -78, -302, -180, 
-912, -234, 678, 573, -795, 222, 43, -107, -258, -78, -302, -175, 
-902, -234, 668, 568, -785, 217, 43, -97, -253, -78, -302, -175, 
-902, -239, 663, 570, -783, 212, 43, -102, -253, -78, -302, -180, 
-902, -239, 663, 570, -783, 212, 43, -102, -253, -78, -302, -180, 
-902, -239, 663, 570, -783, 212, 43, -102, -253, -78, -302, -180, 
-912, -234, 678, 573, -795, 222, 34, -112, -239, -68, -292, -180, 
-912, -234, 678, 573, -795, 222, 34, -112, -239, -68, -292, -180, 
-912, -234, 678, 573, -795, 222, 34, -112, -239, -68, -292, -180, 
-912, -234, 678, 573, -795, 222, 34, -112, -239, -68, -292, -180, 
-902, -234, 668, 568, -785, 217, 34, -112, -253, -68, -302, -180, 
-902, -229, 673, 566, -788, 222, 34, -112, -253, -68, -302, -180, 
-907, -229, 678, 568, -793, 224, 39, -112, -248, -68, -302, -175, 
-907, -229, 678, 568, -793, 224, 39, -112, -248, -63, -297, -175, 
-907, -229, 678, 568, -793, 224, 39, -102, -248, -73, -297, -175, 
-897, -229, 668, 563, -783, 219, 39, -102, -248, -73, -297, -175, 
-897, -229, 668, 563, -783, 219, 39, -102, -248, -78, -297, -175, 
-897, -229, 668, 563, -783, 219, 39, -102, -248, -78, -297, -175, 
-897, -229, 668, 563, -783, 219, 39, -102, -258, -82, -307, -185, 
-902, -229, 673, 566, -788, 222, 39, -102, -258, -82, -312, -185, 
-902, -234, 668, 568, -785, 217, 39, -102, -258, -82, -312, -185, 
-902, -234, 668, 568, -785, 217, 39, -102, -258, -82, -312, -185, 
-907, -239, 668, 573, -788, 214, 39, -112, -248, -82, -312, -195, 
-907, -239, 668, 573, -788, 214, 39, -112, -248, -82, -312, -185, 
-912, -229, 683, 570, -797, 226, 48, -102, -234, -78, -297, -185, 
-912, -219, 692, 566, -802, 236, 43, -102, -229, -63, -287, -180, 
-912, -209, 702, 561, -807, 246, 48, -102, -209, -43, -283, -180, 
-932, -204, 727, 568, -829, 261, 53, -97, -190, -34, -283, -175, 
-966, -200, 766, 583, -866, 283, 73, -87, -156, -4, -263, -156, 
-1005, -190, 814, 597, -910, 312, 97, -78, -136, 14, -248, -151, 
-1015, -190, 824, 602, -919, 317, 107, -73, -136, 14, -234, -141, 
-1010, -204, 805, 607, -907, 300, 107, -78, -156, 14, -229, -141, 
-966, -190, 775, 578, -871, 292, 87, -63, -165, 24, -209, -122, 
-912, -175, 736, 544, -824, 280, 68, -29, -170, 24, -190, -107, 
-863, -175, 688, 519, -775, 256, 43, -24, -200, 14, -190, -92, 
-814, -190, 624, 502, -719, 217, 4, -53, -258, -9, -190, -92, 
-722, -165, 556, 444, -639, 195, -68, -92, -346, -48, -200, -82, 
-570, -122, 448, 346, -509, 163, -185, -141, -439, -82, -200, -48, 
-424, -68, 356, 246, -390, 143, -307, -209, -541, -122, -185, 0, 
-287, -9, 278, 148, -283, 134, -434, -287, -624, -146, -156, 58, 
-122, 73, 195, 24, -158, 134, -556, -341, -707, -165, -136, 107, 
53, 146, 92, -100, -19, 119, -688, -400, -800, -195, -117, 146, 
190, 200, 9, -195, 90, 104, -795, -463, -902, -239, -117, 175, 
273, 185, -87, -229, 180, 48, -849, -497, -1000, -312, -175, 156, 
302, 48, -253, -175, 278, -102, -844, -517, -1132, -478, -351, 19, 
312, -161, -473, -75, 392, -317, -795, -507, -1288, -697, -595, -190, 
326, -336, -663, 4, 495, -500, -746, -497, -1420, -883, -810, -366, 
307, -468, -775, 80, 541, -622, -717, -512, -1488, -1005, -961, -497, 
239, -590, -829, 175, 534, -710, -673, -546, -1542, -1102, -1083, -600, 
151, -678, -829, 263, 490, -753, -619, -600, -1586, -1185, -1171, -663, 
39, -736, -775, 348, 407, -756, -561, -663, -1605, -1229, -1215, -702, 
-131, -795, -663, 463, 265, -729, -492, -717, -1571, -1229, -1239, -736, 
-268, -805, -536, 536, 134, -671, -429, -741, -1488, -1180, -1220, -732, 
-336, -751, -414, 544, 39, -583, -385, -712, -1381, -1078, -1132, -683, 
-405, -702, -297, 553, -53, -500, -336, -653, -1273, -976, -1054, -639, 
-483, -707, -224, 595, -129, -466, -292, -614, -1200, -907, -1010, -614, 
-536, -668, -131, 602, -202, -400, -253, -566, -1122, -849, -946, -585, 
-575, -614, -39, 595, -268, -326, -224, -497, -1019, -756, -868, -527, 
-624, -575, 48, 600, -336, -263, -190, -448, -912, -653, -785, -483, 
-649, -531, 117, 590, -383, -207, -161, -395, -814, -580, -727, -448, 
-688, -492, 195, 590, -441, -148, -122, -356, -722, -512, -668, -424, 
-756, -453, 302, 605, -529, -75, -78, -302, -634, -434, -605, -380, 
-805, -439, 366, 622, -585, -36, -48, -273, -570, -366, -561, -346, 
-844, -409, 434, 627, -639, 12, -34, -253, -517, -317, -517, -317, 
-878, -380, 497, 629, -688, 58, -19, -209, -458, -273, -473, -292, 
-878, -351, 527, 614, -702, 87, 9, -170, -409, -219, -439, -268, 
-873, -326, 546, 600, -710, 109, 14, -156, -380, -185, -409, -248, 
-873, -307, 566, 590, -719, 129, 9, -136, -351, -161, -385, -229, 
-868, -287, 580, 578, -724, 146, 24, -117, -326, -146, -366, -224, 
-858, -278, 580, 568, -719, 151, 24, -107, -312, -141, -351, -214, 
-868, -268, 600, 568, -734, 165, 34, -107, -307, -131, -346, -209, 
-878, -253, 624, 566, -751, 185, 39, -102, -292, -112, -331, -200, 
-873, -239, 634, 556, -753, 197, 39, -92, -268, -87, -317, -195, 
-893, -239, 653, 566, -773, 207, 29, -97, -268, -82, -312, -195, 
-902, -234, 668, 568, -785, 217, 29, -92, -258, -82, -307, -195, 
-893, -234, 658, 563, -775, 212, 29, -87, -258, -82, -307, -190, 
-893, -234, 658, 563, -775, 212, 34, -82, -258, -73, -307, -190, 
-893, -224, 668, 558, -780, 222, 34, -92, -258, -63, -307, -185, 
-893, -219, 673, 556, -783, 226, 34, -87, -258, -63, -302, -185, 
-888, -214, 673, 551, -780, 229, 34, -82, -248, -63, -297, -185, 
-888, -209, 678, 549, -783, 234, 34, -82, -248, -58, -292, -185, 
-897, -204, 692, 551, -795, 244, 39, -78, -248, -68, -292, -175, 
-897, -204, 692, 551, -795, 244, 39, -78, -244, -63, -292, -175, 
-897, -204, 692, 551, -795, 244, 39, -82, -244, -58, -292, -175, 
-897, -209, 688, 553, -793, 239, 39, -82, -244, -53, -287, -175, 
-897, -209, 688, 553, -793, 239, 48, -73, -234, -43, -283, -165, 
-902, -209, 692, 556, -797, 241, 48, -73, -229, -43, -283, -156, 
-902, -209, 692, 556, -797, 241, 43, -68, -229, -43, -283, -156, 
-897, -209, 688, 553, -793, 239, 43, -68, -229, -43, -283, -156, 
-897, -209, 688, 553, -793, 239, 43, -68, -229, -43, -283, -165, 
-897, -204, 692, 551, -795, 244, 43, -73, -224, -43, -283, -165, 
-893, -204, 688, 549, -790, 241, 43, -73, -224, -43, -283, -161, 
-893, -204, 688, 549, -790, 241, 43, -68, -224, -43, -283, -161, 
-897, -195, 702, 546, -800, 253, 34, -78, -214, -34, -268, -161, 
-897, -195, 702, 546, -800, 253, 34, -78, -214, -34, -268, -161, 
-897, -195, 702, 546, -800, 253, 34, -73, -214, -34, -268, -161, 
-897, -195, 702, 546, -800, 253, 34, -73, -214, -29, -268, -161, 
-897, -204, 692, 551, -795, 244, 43, -63, -224, -34, -273, -161, 
-897, -209, 688, 553, -793, 239, 43, -63, -224, -39, -273, -161, 
-897, -209, 688, 553, -793, 239, 43, -68, -224, -43, -273, -161, 
-897, -204, 692, 551, -795, 244, 43, -68, -224, -48, -273, -161, 
-893, -204, 688, 549, -790, 241, 39, -68, -224, -48, -273, -170, 
-893, -200, 692, 546, -793, 246, 34, -68, -224, -48, -273, -170, 
-893, -200, 692, 546, -793, 246, 29, -68, -224, -48, -268, -170, 
-897, -204, 692, 551, -795, 244, 24, -68, -219, -48, -268, -170, 
-888, -200, 688, 544, -788, 244, 19, -68, -229, -39, -268, -165, 
-888, -195, 692, 541, -790, 248, 19, -63, -229, -39, -268, -165, 
-888, -190, 697, 539, -793, 253, 19, -63, -229, -34, -268, -161, 
-888, -185, 702, 536, -795, 258, 19, -63, -229, -34, -268, -161, 
-888, -195, 692, 541, -790, 248, 29, -73, -224, -34, -268, -165, 
-878, -195, 683, 536, -780, 244, 29, -68, -224, -34, -268, -165, 
-878, -195, 683, 536, -780, 244, 29, -68, -219, -34, -268, -165, 
-878, -190, 688, 534, -783, 248, 29, -68, -219, -34, -263, -165, 
-878, -200, 678, 539, -778, 239, 29, -68, -219, -43, -263, -165, 
-878, -200, 678, 539, -778, 239, 29, -68, -219, -43, -263, -165, 
-878, -200, 678, 539, -778, 239, 29, -68, -219, -43, -263, -165, 
-878, -200, 678, 539, -778, 239, 29, -68, -219, -39, -263, -165, 
-888, -200, 688, 544, -788, 244, 29, -58, -219, -39, -273, -161, 
-883, -195, 688, 539, -785, 246, 29, -58, -219, -39, -273, -161, 
-883, -195, 688, 539, -785, 246, 24, -58, -219, -39, -273, -165, 
-888, -200, 688, 544, -788, 244, 24, -53, -219, -39, -273, -165, 
-888, -200, 688, 544, -788, 244, 24, -53, -209, -34, -263, -165, 
-888, -200, 688, 544, -788, 244, 24, -53, -214, -34, -263, -165, 
-888, -190, 697, 539, -793, 253, 24, -53, -214, -34, -263, -165, 
-888, -190, 697, 539, -793, 253, 24, -53, -209, -29, -263, -161, 
-878, -190, 688, 534, -783, 248, 24, -63, -219, -39, -263, -151, 
-878, -190, 688, 534, -783, 248, 19, -63, -219, -34, -263, -151, 
-878, -190, 688, 534, -783, 248, 19, -63, -214, -34, -263, -146, 
-878, -190, 688, 534, -783, 248, 14, -58, -214, -39, -263, -146, 
-873, -190, 683, 531, -778, 246, 24, -48, -224, -29, -273, -156, 
-873, -190, 683, 531, -778, 246, 24, -48, -224, -29, -273, -156, 
-873, -185, 688, 529, -780, 251, 24, -43, -224, -29, -263, -156, 
-873, -185, 688, 529, -780, 251, 24, -39, -224, -24, -263, -151, 
-868, -175, 692, 522, -780, 258, 14, -48, -214, -24, -253, -151, 
-863, -175, 688, 519, -775, 256, 9, -53, -214, -24, -253, -151, 
-863, -175, 688, 519, -775, 256, 9, -53, -214, -24, -258, -156, 
-863, -170, 692, 517, -778, 261, 9, -48, -214, -19, -258, -156, 
-868, -165, 702, 517, -785, 268, 14, -39, -209, -14, -253, -151, 
-868, -161, 707, 514, -788, 273, 14, -39, -209, -14, -253, -151, 
-868, -161, 707, 514, -788, 273, 9, -39, -209, -14, -253, -151, 
-868, -161, 707, 514, -788, 273, 9, -39, -209, -14, -253, -151, 
-868, -161, 707, 514, -788, 273, 9, -48, -209, -9, -253, -161, 
-863, -161, 702, 512, -783, 270, 9, -48, -209, -9, -253, -161, 
-863, -161, 702, 512, -783, 270, 9, -48, -209, -9, -253, -161, 
-863, -161, 702, 512, -783, 270, 4, -48, -209, -14, -244, -161, 
-873, -156, 717, 514, -795, 280, 4, -43, -204, -14, -244, -151, 
-873, -156, 717, 514, -795, 280, 4, -39, -200, -9, -244, -146, 
-873, -156, 717, 514, -795, 280, 4, -39, -200, -9, -244, -141, 
-863, -151, 712, 507, -788, 280, 4, -39, -200, -9, -244, -141, 
-854, -156, 697, 505, -775, 270, 4, -24, -195, -9, -244, -141, 
-854, -156, 697, 505, -775, 270, 4, -24, -195, -4, -244, -136, 
-854, -156, 697, 505, -775, 270, 0, -24, -200, 0, -239, -136, 
-854, -156, 697, 505, -775, 270, 0, -24, -200, 0, -234, -131, 
-834, -136, 697, 485, -766, 280, 0, -29, -200, 0, -234, -126, 
-829, -136, 692, 483, -761, 278, -4, -24, -200, 9, -234, -126, 
-824, -131, 692, 478, -758, 280, -4, -24, -190, 9, -229, -126, 
-824, -131, 692, 478, -758, 280, -4, -24, -190, 9, -229, -126, 
-834, -126, 707, 480, -771, 290, -9, -14, -180, 14, -209, -117, 
-834, -126, 707, 480, -771, 290, -9, -9, -175, 24, -209, -112, 
-829, -126, 702, 478, -766, 287, -9, -9, -170, 29, -209, -112, 
-824, -122, 702, 473, -763, 290, -19, -4, -165, 34, -209, -112, 
-819, -131, 688, 475, -753, 278, -19, -4, -175, 24, -209, -122, 
-814, -126, 688, 470, -751, 280, -19, 0, -180, 19, -209, -117, 
-810, -122, 688, 466, -749, 283, -19, 0, -185, 19, -214, -117, 
-810, -122, 688, 466, -749, 283, -19, 4, -185, 19, -219, -112, 
-800, -112, 688, 456, -744, 287, -19, 19, -175, 29, -204, -122, 
-790, -107, 683, 448, -736, 287, -24, 24, -170, 29, -204, -117, 
-780, -102, 678, 441, -729, 287, -24, 24, -165, 34, -195, -117, 
-780, -92, 688, 436, -734, 297, -24, 24, -161, 34, -190, -107, 
-785, -92, 692, 439, -739, 300, -24, 24, -161, 43, -190, -102, 
-785, -87, 697, 436, -741, 305, -34, 24, -161, 43, -190, -97, 
-775, -78, 697, 427, -736, 309, -39, 29, -156, 48, -185, -97, 
-766, -78, 688, 422, -727, 305, -39, 29, -156, 53, -180, -92, 
-761, -58, 702, 409, -732, 322, -53, 19, -156, 58, -180, -87, 
-756, -58, 697, 407, -727, 319, -53, 19, -151, 58, -180, -87, 
-746, -48, 697, 397, -722, 324, -58, 29, -151, 63, -170, -82, 
-741, -39, 702, 390, -722, 331, -63, 34, -146, 63, -165, -82, 
-727, -34, 692, 380, -710, 329, -78, 43, -141, 73, -165, -82, 
-722, -29, 692, 375, -707, 331, -78, 43, -141, 82, -161, -73, 
-712, -24, 688, 368, -700, 331, -82, 43, -141, 87, -156, -68, 
-707, -14, 692, 361, -700, 339, -87, 48, -141, 87, -151, -68, 
-707, -9, 697, 358, -702, 344, -82, 58, -131, 102, -141, -63, 
-702, -9, 692, 356, -697, 341, -87, 63, -126, 102, -141, -58, 
-692, 0, 692, 346, -692, 346, -87, 63, -122, 102, -136, -58, 
-688, 0, 688, 344, -688, 344, -92, 68, -117, 102, -136, -58, 
-673, 0, 673, 336, -673, 336, -97, 58, -131, 92, -136, -48, 
-668, 4, 673, 331, -671, 339, -102, 58, -136, 87, -136, -48, 
-663, 9, 673, 326, -668, 341, -102, 63, -141, 82, -141, -43, 
-658, 14, 673, 322, -666, 344, -107, 63, -146, 78, -146, -43, 
-663, 9, 673, 326, -668, 341, -112, 68, -141, 82, -141, -34, 
-663, 9, 673, 326, -668, 341, -112, 68, -136, 92, -136, -29, 
-653, 14, 668, 319, -661, 341, -117, 68, -131, 97, -126, -29, 
-649, 19, 668, 314, -658, 344, -122, 63, -126, 97, -122, -24, 
-634, 29, 663, 302, -649, 346, -122, 53, -126, 107, -122, -24, 
-634, 29, 663, 302, -649, 346, -126, 53, -126, 107, -126, -24, 
-629, 34, 663, 297, -646, 348, -126, 53, -126, 107, -126, -24, 
-624, 39, 663, 292, -644, 351, -131, 48, -126, 107, -122, -24, 
-624, 39, 663, 292, -644, 351, -131, 48, -126, 97, -117, -24, 
-624, 39, 663, 292, -644, 351, -131, 43, -126, 97, -117, -24, 
-624, 34, 658, 295, -641, 346, -131, 39, -131, 97, -122, -24, 
-624, 34, 658, 295, -641, 346, -131, 39, -131, 97, -122, -24, 
-619, 39, 658, 290, -639, 348, -141, 29, -136, 107, -122, -24, 
-619, 43, 663, 287, -641, 353, -146, 24, -146, 97, -122, -24, 
-619, 43, 663, 287, -641, 353, -146, 19, -151, 92, -126, -29, 
-624, 39, 663, 292, -644, 351, -141, 14, -151, 82, -126, -29, 
-639, 24, 663, 307, -651, 344, -126, 9, -156, 73, -146, -43, 
-649, 14, 663, 317, -656, 339, -126, 4, -161, 68, -151, -48, 
-658, -4, 653, 331, -656, 324, -126, 4, -165, 63, -156, -58, 
-668, -19, 649, 344, -658, 314, -122, 0, -170, 58, -161, -63, 
-673, -29, 644, 351, -658, 307, -117, 0, -175, 39, -180, -73, 
-683, -39, 644, 361, -663, 302, -107, 0, -180, 39, -185, -73, 
-692, -48, 644, 370, -668, 297, -102, -4, -180, 39, -185, -73, 
-702, -53, 649, 378, -675, 297, -97, -9, -180, 34, -190, -78, 
-712, -68, 644, 390, -678, 287, -92, -24, -185, 29, -200, -73, 
-727, -82, 644, 405, -685, 280, -87, -29, -195, 24, -204, -82, 
-741, -97, 644, 419, -692, 273, -82, -34, -200, 19, -204, -87, 
-746, -117, 629, 431, -688, 256, -73, -39, -204, 14, -209, -92, 
-771, -112, 658, 441, -714, 273, -68, -43, -214, 0, -214, -102, 
-780, -126, 653, 453, -717, 263, -58, -43, -219, -4, -224, -112, 
-800, -136, 663, 468, -732, 263, -53, -48, -219, -4, -239, -126, 
-810, -146, 663, 478, -736, 258, -53, -53, -219, -9, -239, -136, 
-814, -146, 668, 480, -741, 261, -48, -58, -224, -4, -239, -141, 
-814, -156, 658, 485, -736, 251, -48, -58, -224, -9, -244, -151, 
-824, -165, 658, 495, -741, 246, -43, -63, -224, -14, -248, -151, 
-834, -165, 668, 500, -751, 251, -39, -63, -224, -14, -248, -151, 
-844, -175, 668, 509, -756, 246, -43, -73, -214, -9, -253, -165, 
-844, -175, 668, 509, -756, 246, -34, -73, -219, -14, -258, -170, 
-849, -180, 668, 514, -758, 244, -29, -82, -219, -14, -258, -170, 
-858, -185, 673, 522, -766, 244, -29, -82, -224, -14, -263, -175, 
-873, -190, 683, 531, -778, 246, -14, -73, -234, -24, -268, -170, 
-878, -200, 678, 539, -778, 239, -9, -73, -234, -34, -273, -170, 
-878, -200, 678, 539, -778, 239, -9, -73, -234, -34, -273, -170, 
-883, -200, 683, 541, -783, 241, -9, -73, -234, -34, -278, -175, 
-888, -209, 678, 549, -783, 234, -9, -78, -229, -39, -278, -180, 
-888, -209, 678, 549, -783, 234, -9, -78, -229, -39, -278, -180, 
-893, -214, 678, 553, -785, 231, -4, -78, -229, -39, -278, -180, 
-897, -219, 678, 558, -788, 229, -4, -78, -229, -43, -278, -180, 
-907, -229, 678, 568, -793, 224, 0, -92, -219, -34, -283, -170, 
-912, -229, 683, 570, -797, 226, 0, -92, -219, -39, -283, -175, 
-917, -239, 678, 578, -797, 219, 0, -92, -224, -39, -287, -175, 
-917, -239, 678, 578, -797, 219, 0, -92, -224, -34, -287, -180, 
-912, -239, 673, 575, -793, 217, 14, -78, -234, -43, -292, -190, 
-907, -234, 673, 570, -790, 219, 14, -78, -239, -48, -297, -190, 
-907, -234, 673, 570, -790, 219, 14, -82, -244, -48, -297, -195, 
-902, -229, 673, 566, -788, 222, 19, -82, -248, -53, -297, -195, 
-907, -239, 668, 573, -788, 214, 9, -82, -258, -68, -297, -204, 
-912, -248, 663, 580, -788, 207, 4, -87, -258, -68, -297, -204, 
-917, -258, 658, 588, -788, 200, 4, -87, -258, -68, -302, -204, 
-922, -268, 653, 595, -788, 192, 4, -87, -263, -68, -302, -204, 
-922, -258, 663, 590, -793, 202, 14, -97, -263, -68, -312, -200, 
-927, -258, 668, 592, -797, 204, 14, -92, -263, -63, -312, -200, 
-927, -263, 663, 595, -795, 200, 14, -92, -258, -63, -312, -200, 
-922, -268, 653, 595, -788, 192, 14, -92, -258, -63, -307, -209, 
-912, -263, 649, 588, -780, 192, 14, -87, -248, -53, -297, -200, 
-917, -263, 653, 590, -785, 195, 19, -87, -248, -53, -297, -200, 
-917, -258, 658, 588, -788, 200, 19, -87, -248, -53, -302, -195, 
-917, -253, 663, 585, -790, 204, 19, -87, -248, -53, -307, -195, 
-927, -253, 673, 590, -800, 209, 9, -78, -248, -53, -307, -204, 
-927, -253, 673, 590, -800, 209, 9, -78, -248, -53, -307, -204, 
-927, -253, 673, 590, -800, 209, 9, -78, -248, -53, -307, -204, 
-927, -258, 668, 592, -797, 204, 9, -78, -248, -53, -307, -204, 
-936, -263, 673, 600, -805, 204, 9, -87, -258, -58, -317, -204, 
-936, -263, 673, 600, -805, 204, 14, -82, -258, -58, -317, -204, 
-936, -268, 668, 602, -802, 200, 14, -82, -253, -63, -317, -204, 
-936, -268, 668, 602, -802, 200, 9, -87, -253, -68, -317, -204, 
-936, -278, 658, 607, -797, 190, 19, -87, -244, -58, -307, -204, 
-936, -278, 658, 607, -797, 190, 19, -87, -244, -58, -307, -204, 
-936, -278, 658, 607, -797, 190, 19, -92, -244, -58, -302, -200, 
-936, -278, 658, 607, -797, 190, 19, -92, -244, -58, -302, -200, 
-936, -263, 673, 600, -805, 204, 19, -82, -244, -48, -302, -200, 
-936, -263, 673, 600, -805, 204, 19, -82, -244, -48, -302, -200, 
-936, -263, 673, 600, -805, 204, 19, -82, -244, -48, -302, -200, 
-936, -263, 673, 600, -805, 204, 19, -82, -244, -48, -302, -200, 
-927, -258, 668, 592, -797, 204, 19, -82, -244, -48, -302, -200, 
-927, -248, 678, 588, -802, 214, 19, -87, -244, -43, -297, -200, 
-927, -244, 683, 585, -805, 219, 19, -97, -244, -43, -297, -200, 
-927, -239, 688, 583, -807, 224, 19, -102, -244, -43, -297, -200, 
-936, -244, 692, 590, -814, 224, 19, -97, -244, -43, -292, -190, 
-936, -244, 692, 590, -814, 224, 19, -92, -244, -43, -287, -190, 
-936, -244, 692, 590, -814, 224, 19, -87, -244, -43, -287, -190, 
-936, -244, 692, 590, -814, 224, 19, -87, -244, -43, -287, -185, 
-936, -244, 692, 590, -814, 224, 19, -97, -239, -39, -287, -185, 
-936, -244, 692, 590, -814, 224, 19, -97, -239, -39, -287, -180, 
-936, -244, 692, 590, -814, 224, 19, -97, -244, -39, -287, -180, 
-936, -244, 692, 590, -814, 224, 19, -97, -244, -39, -287, -180, 
-936, -244, 692, 590, -814, 224, 9, -97, -234, -29, -287, -190, 
-936, -239, 697, 588, -817, 229, 9, -97, -234, -29, -287, -190, 
-936, -239, 697, 588, -817, 229, 9, -97, -234, -29, -287, -190, 
-936, -239, 697, 588, -817, 229, 4, -97, -234, -29, -287, -190, 
-936, -234, 702, 585, -819, 234, 4, -97, -224, -24, -287, -180, 
-936, -229, 707, 583, -822, 239, 4, -97, -219, -19, -283, -180, 
-936, -229, 707, 583, -822, 239, 4, -97, -219, -19, -278, -180, 
-936, -234, 702, 585, -819, 234, 4, -97, -219, -19, -278, -180, 
-936, -234, 702, 585, -819, 234, 19, -97, -224, -29, -278, -170, 
-936, -234, 702, 585, -819, 234, 19, -97, -229, -29, -278, -170, 
-936, -239, 697, 588, -817, 229, 19, -97, -234, -29, -278, -170, 
-936, -239, 697, 588, -817, 229, 19, -97, -239, -29, -278, -170, 
-941, -248, 692, 595, -817, 222, 19, -87, -248, -24, -287, -170, 
-941, -248, 692, 595, -817, 222, 19, -87, -248, -24, -287, -175, 
-941, -248, 692, 595, -817, 222, 14, -87, -248, -24, -292, -180, 
-936, -248, 688, 592, -812, 219, 14, -87, -248, -29, -292, -185, 
-936, -239, 697, 588, -817, 229, 9, -87, -234, -24, -287, -175, 
-936, -239, 697, 588, -817, 229, 9, -87, -229, -19, -283, -180, 
-932, -239, 692, 585, -812, 226, 9, -87, -224, -14, -278, -180, 
-927, -234, 692, 580, -810, 229, 9, -87, -219, -4, -273, -180, 
-927, -234, 692, 580, -810, 229, 9, -78, -219, -14, -273, -170, 
-932, -234, 697, 583, -814, 231, 14, -78, -219, -14, -273, -165, 
-932, -239, 692, 585, -812, 226, 14, -78, -219, -14, -268, -165, 
-936, -239, 697, 588, -817, 229, 14, -78, -219, -14, -268, -170, 
-927, -239, 688, 583, -807, 224, 9, -82, -224, -19, -283, -180, 
-927, -239, 688, 583, -807, 224, 9, -87, -229, -24, -283, -180, 
-927, -239, 688, 583, -807, 224, 9, -92, -234, -29, -283, -180, 
-927, -239, 688, 583, -807, 224, 14, -97, -239, -34, -283, -180, 
-936, -248, 688, 592, -812, 219, 24, -87, -239, -34, -283, -190, 
-936, -248, 688, 592, -812, 219, 24, -87, -239, -34, -283, -190, 
-936, -248, 688, 592, -812, 219, 19, -87, -244, -34, -283, -190, 
-936, -248, 688, 592, -812, 219, 19, -87, -244, -34, -283, -190, 
-936, -239, 697, 588, -817, 229, 19, -78, -234, -24, -283, -190, 
-936, -239, 697, 588, -817, 229, 19, -78, -234, -24, -287, -190, 
-936, -239, 697, 588, -817, 229, 19, -78, -239, -24, -287, -190, 
-932, -239, 692, 585, -812, 226, 19, -78, -239, -29, -287, -190, 
-932, -248, 683, 590, -807, 217, 9, -78, -244, -29, -287, -190, 
-932, -253, 678, 592, -805, 212, 9, -78, -244, -29, -287, -190, 
-932, -253, 678, 592, -805, 212, 9, -78, -244, -29, -287, -190, 
-932, -248, 683, 590, -807, 217, 9, -78, -244, -24, -287, -190, 
-932, -248, 683, 590, -807, 217, 9, -78, -244, -24, -283, -180, 
-932, -248, 683, 590, -807, 217, 9, -78, -244, -24, -283, -180, 
-932, -248, 683, 590, -807, 217, 9, -78, -244, -24, -283, -180, 
-932, -248, 683, 590, -807, 217, 9, -78, -244, -24, -283, -180, 
-932, -253, 678, 592, -805, 212, 9, -78, -244, -24, -283, -180, 
-932, -253, 678, 592, -805, 212, 9, -78, -244, -24, -287, -180, 
-932, -248, 683, 590, -807, 217, 9, -82, -244, -29, -287, -180, 
-932, -248, 683, 590, -807, 217, 9, -82, -244, -29, -287, -185, 
-941, -248, 692, 595, -817, 222, 19, -78, -253, -39, -287, -195, 
-941, -248, 692, 595, -817, 222, 19, -78, -248, -39, -287, -190, 
-941, -253, 688, 597, -814, 217, 19, -78, -248, -39, -287, -190, 
-941, -258, 683, 600, -812, 212, 19, -78, -253, -34, -287, -190, 
-951, -278, 673, 614, -812, 197, 29, -78, -253, -34, -287, -190, 
-951, -268, 683, 610, -817, 207, 29, -78, -253, -34, -287, -190, 
-951, -268, 683, 610, -817, 207, 29, -78, -253, -34, -287, -190, 
-951, -268, 683, 610, -817, 207, 29, -78, -253, -39, -287, -190, 
-951, -258, 692, 605, -822, 217, 19, -78, -244, -29, -287, -190, 
-951, -258, 692, 605, -822, 217, 19, -78, -244, -29, -287, -190, 
-951, -258, 692, 605, -822, 217, 19, -78, -244, -29, -287, -185, 
-951, -258, 692, 605, -822, 217, 19, -78, -244, -29, -287, -180, 
-936, -239, 697, 588, -817, 229, 9, -78, -224, -14, -278, -175, 
-932, -234, 697, 583, -814, 231, 9, -78, -219, -4, -268, -175, 
-927, -229, 697, 578, -812, 234, 9, -78, -214, 9, -258, -170, 
-922, -224, 697, 573, -810, 236, 9, -78, -209, 19, -248, -170, 
-922, -214, 707, 568, -814, 246, 9, -78, -204, 29, -248, -170, 
-917, -209, 707, 563, -812, 248, 9, -78, -195, 29, -248, -170, 
-917, -200, 717, 558, -817, 258, 9, -78, -190, 29, -248, -165, 
-922, -195, 727, 558, -824, 265, 9, -78, -180, 29, -244, -165, 
-912, -195, 717, 553, -814, 261, 19, -68, -190, 19, -244, -156, 
-912, -190, 722, 551, -817, 265, 19, -68, -190, 19, -244, -156, 
-912, -175, 736, 544, -824, 280, 19, -68, -190, 19, -244, -156, 
-912, -175, 736, 544, -824, 280, 19, -63, -190, 19, -239, -156, 
-902, -165, 736, 534, -819, 285, 19, -53, -185, 24, -224, -146, 
-902, -165, 736, 534, -819, 285, 19, -53, -175, 34, -219, -141, 
-893, -165, 727, 529, -810, 280, 19, -53, -170, 43, -219, -136, 
-893, -165, 727, 529, -810, 280, 19, -53, -165, 53, -219, -136, 
-907, -180, 727, 544, -817, 273, 14, -53, -170, 39, -234, -141, 
-907, -170, 736, 539, -822, 283, 9, -48, -170, 34, -239, -146, 
-902, -175, 727, 539, -814, 275, 0, -48, -180, 29, -244, -151, 
-902, -185, 717, 544, -810, 265, -4, -53, -185, 24, -244, -156, 
-893, -185, 707, 539, -800, 261, -9, -68, -195, 24, -248, -146, 
-893, -185, 707, 539, -800, 261, -14, -73, -195, 24, -248, -146, 
-888, -180, 707, 534, -797, 263, -29, -78, -195, 24, -248, -146, 
-888, -175, 712, 531, -800, 268, -39, -82, -190, 29, -244, -141, 
-878, -156, 722, 517, -800, 283, -43, -92, -200, 29, -234, -141, 
-878, -151, 727, 514, -802, 287, -53, -92, -200, 34, -234, -141, 
-868, -151, 717, 509, -793, 283, -58, -92, -204, 34, -234, -141, 
-858, -151, 707, 505, -783, 278, -63, -92, -204, 34, -234, -141, 
-863, -165, 697, 514, -780, 265, -48, -82, -209, 29, -248, -146, 
-868, -180, 688, 524, -778, 253, -48, -82, -214, 29, -248, -146, 
-863, -175, 688, 519, -775, 256, -53, -82, -219, 24, -244, -146, 
-863, -180, 683, 522, -773, 251, -53, -82, -224, 19, -239, -146, 
-863, -185, 678, 524, -771, 246, -53, -92, -239, 9, -253, -146, 
-863, -190, 673, 527, -768, 241, -48, -92, -244, 0, -258, -151, 
-863, -195, 668, 529, -766, 236, -43, -97, -248, -14, -263, -156, 
-873, -204, 668, 539, -771, 231, -39, -97, -258, -24, -273, -165, 
-883, -224, 658, 553, -771, 217, -39, -97, -287, -34, -287, -156, 
-863, -219, 644, 541, -753, 212, -43, -97, -283, -24, -283, -146, 
-878, -214, 663, 546, -771, 224, -48, -97, -273, -9, -273, -146, 
-888, -224, 663, 556, -775, 219, -39, -107, -263, -9, -273, -151, 
-888, -224, 663, 556, -775, 219, -39, -107, -263, -9, -273, -156, 
-888, -224, 663, 556, -775, 219, -39, -107, -263, -9, -273, -161, 
-888, -224, 663, 556, -775, 219, -39, -107, -263, -9, -273, -165, 
-912, -244, 668, 578, -790, 212, -19, -92, -263, -14, -283, -170, 
-917, -253, 663, 585, -790, 204, -14, -92, -268, -24, -287, -185, 
-936, -263, 673, 600, -805, 204, -4, -92, -273, -34, -287, -195, 
-946, -273, 673, 610, -810, 200, 0, -92, -278, -39, -297, -200, 
-956, -292, 663, 624, -810, 185, 19, -73, -273, -34, -312, -204, 
-966, -302, 663, 634, -814, 180, 24, -73, -273, -34, -312, -204, 
-971, -307, 663, 639, -817, 178, 24, -73, -278, -39, -312, -209, 
-971, -307, 663, 639, -817, 178, 24, -73, -278, -39, -317, -214, 
-961, -322, 639, 641, -800, 158, 29, -82, -283, -48, -326, -219, 
-961, -331, 629, 646, -795, 148, 29, -82, -292, -53, -331, -224, 
-961, -336, 624, 649, -793, 143, 29, -87, -297, -63, -331, -229, 
-961, -341, 619, 651, -790, 139, 29, -87, -302, -68, -336, -229, 
-956, -331, 624, 644, -790, 146, 34, -87, -292, -68, -336, -229, 
-956, -336, 619, 646, -788, 141, 34, -87, -287, -63, -331, -229, 
-956, -336, 619, 646, -788, 141, 34, -87, -283, -58, -326, -229, 
-956, -336, 619, 646, -788, 141, 39, -82, -278, -58, -322, -229, 
-961, -341, 619, 651, -790, 139, 48, -82, -287, -68, -331, -229, 
-971, -346, 624, 658, -797, 139, 48, -87, -292, -68, -331, -229, 
-976, -351, 624, 663, -800, 136, 48, -87, -292, -68, -336, -229, 
-980, -356, 624, 668, -802, 134, 53, -82, -297, -68, -336, -229, 
-971, -346, 624, 658, -797, 139, 43, -82, -297, -68, -331, -229, 
-971, -346, 624, 658, -797, 139, 39, -87, -297, -58, -331, -229, 
-971, -351, 619, 661, -795, 134, 39, -87, -297, -58, -331, -229, 
-980, -351, 629, 666, -805, 139, 39, -87, -297, -58, -331, -229, 
-980, -341, 639, 661, -810, 148, 39, -87, -297, -48, -322, -219, 
-980, -341, 639, 661, -810, 148, 39, -78, -297, -48, -322, -219, 
-980, -341, 639, 661, -810, 148, 43, -78, -297, -53, -322, -224, 
-980, -346, 634, 663, -807, 143, 43, -78, -297, -53, -322, -224, 
-971, -341, 629, 656, -800, 143, 34, -78, -297, -63, -322, -229, 
-971, -341, 629, 656, -800, 143, 34, -78, -297, -63, -326, -229, 
-971, -336, 634, 653, -802, 148, 43, -78, -302, -63, -326, -224, 
-971, -336, 634, 653, -802, 148, 43, -78, -302, -63, -326, -224, 
-976, -346, 629, 661, -802, 141, 48, -78, -312, -63, -336, -234, 
-976, -346, 629, 661, -802, 141, 43, -78, -312, -63, -336, -234, 
-980, -346, 634, 663, -807, 143, 43, -82, -312, -68, -336, -234, 
-980, -346, 634, 663, -807, 143, 48, -82, -312, -68, -336, -239, 
-971, -341, 629, 656, -800, 143, 39, -82, -302, -63, -326, -229, 
-971, -341, 629, 656, -800, 143, 39, -82, -302, -58, -326, -229, 
-971, -341, 629, 656, -800, 143, 39, -82, -302, -53, -326, -229, 
-976, -341, 634, 658, -805, 146, 39, -82, -302, -48, -326, -229, 
-985, -351, 634, 668, -810, 141, 39, -82, -302, -58, -326, -234, 
-985, -356, 629, 671, -807, 136, 39, -82, -302, -58, -326, -234, 
-980, -361, 619, 671, -800, 129, 39, -82, -302, -58, -326, -229, 
-980, -366, 614, 673, -797, 124, 39, -82, -307, -58, -336, -229, 
-980, -356, 624, 668, -802, 134, 43, -82, -307, -58, -346, -239, 
-980, -356, 624, 668, -802, 134, 43, -82, -302, -53, -336, -239, 
-980, -356, 624, 668, -802, 134, 43, -82, -302, -53, -336, -239, 
-980, -356, 624, 668, -802, 134, 43, -82, -302, -53, -336, -239, 
-980, -356, 624, 668, -802, 134, 43, -82, -292, -58, -336, -239, 
-980, -356, 624, 668, -802, 134, 43, -82, -297, -58, -336, -239, 
-980, -356, 624, 668, -802, 134, 43, -82, -297, -58, -341, -239, 
-980, -351, 629, 666, -805, 139, 43, -78, -297, -58, -341, -234, 
-980, -361, 619, 671, -800, 129, 53, -68, -312, -68, -341, -224, 
-980, -366, 614, 673, -797, 124, 53, -73, -312, -68, -341, -229, 
-980, -366, 614, 673, -797, 124, 53, -73, -312, -68, -341, -229, 
-980, -366, 614, 673, -797, 124, 53, -73, -312, -68, -341, -229, 
-980, -380, 600, 680, -790, 109, 63, -73, -317, -78, -351, -229, 
-980, -380, 600, 680, -790, 109, 63, -73, -317, -78, -351, -229, 
-980, -380, 600, 680, -790, 109, 63, -73, -317, -78, -351, -229, 
-980, -380, 600, 680, -790, 109, 63, -73, -317, -78, -351, -229, 
-980, -370, 610, 675, -795, 119, 58, -78, -312, -68, -341, -234, 
-980, -366, 614, 673, -797, 124, 53, -82, -312, -68, -341, -239, 
-985, -366, 619, 675, -802, 126, 53, -87, -307, -68, -341, -239, 
-985, -366, 619, 675, -802, 126, 48, -92, -307, -63, -336, -244, 
-976, -356, 619, 666, -797, 131, 48, -92, -317, -73, -346, -234, 
-966, -356, 610, 661, -788, 126, 48, -92, -317, -73, -346, -234, 
-966, -356, 610, 661, -788, 126, 48, -92, -317, -78, -346, -234, 
-966, -356, 610, 661, -788, 126, 48, -92, -317, -78, -346, -234, 
-966, -366, 600, 666, -783, 117, 48, -87, -307, -63, -336, -234, 
-971, -366, 605, 668, -788, 119, 48, -82, -307, -63, -341, -234, 
-971, -370, 600, 671, -785, 114, 48, -78, -307, -63, -341, -234, 
-971, -370, 600, 671, -785, 114, 48, -73, -307, -63, -341, -234, 
-976, -356, 619, 666, -797, 131, 58, -73, -297, -53, -331, -234, 
-976, -356, 619, 666, -797, 131, 58, -73, -287, -43, -322, -234, 
-980, -346, 634, 663, -807, 143, 48, -82, -292, -48, -326, -234, 
-990, -336, 653, 663, -822, 158, 53, -82, -278, -34, -317, -229, 
-1000, -336, 663, 668, -832, 163, 78, -73, -248, -24, -312, -219, 
-1029, -341, 688, 685, -858, 173, 92, -58, -219, -4, -302, -224, 
-1063, -346, 717, 705, -890, 185, 112, -48, -195, 4, -292, -234, 
-1073, -356, 717, 714, -895, 180, 117, -39, -185, 14, -297, -229, 
-1054, -356, 697, 705, -875, 170, 117, -34, -204, 24, -283, -219, 
-1029, -341, 688, 685, -858, 173, 107, -9, -204, 43, -248, -200, 
-976, -317, 658, 646, -817, 170, 87, 34, -214, 63, -219, -180, 
-932, -312, 619, 622, -775, 153, 68, 58, -229, 63, -200, -165, 
-863, -302, 561, 583, -712, 129, 24, 24, -278, 53, -190, -141, 
-756, -268, 488, 512, -622, 109, -43, -14, -346, 39, -161, -92, 
-624, -204, 419, 414, -522, 107, -146, -63, -434, 9, -131, -34, 
-502, -131, 370, 317, -436, 119, -273, -131, -517, 4, -82, 39, 
-366, -29, 336, 197, -351, 153, -405, -200, -590, -4, -39, 126, 
-229, 78, 307, 75, -268, 192, -551, -268, -673, 0, 29, 224, 
-92, 200, 292, -53, -192, 246, -692, -331, -727, 39, 117, 322, 
24, 312, 287, -168, -131, 300, -795, -390, -790, 58, 175, 400, 
122, 336, 214, -229, -46, 275, -854, -424, -883, 4, 156, 419, 
175, 234, 58, -204, 58, 146, -868, -439, -1010, -146, 9, 312, 
165, 19, -146, -92, 156, -63, -814, -429, -1151, -361, -234, 126, 
146, -190, -336, 21, 241, -263, -756, -419, -1288, -570, -468, -63, 
112, -346, -458, 117, 285, -402, -707, -448, -1381, -736, -653, -209, 
53, -468, -522, 207, 287, -495, -658, -492, -1439, -858, -805, -331, 
-34, -551, -517, 292, 241, -534, -605, -546, -1483, -946, -907, -405, 
-180, -649, -468, 414, 143, -558, -531, -610, -1517, -1019, -1005, -488, 
-370, -756, -385, 563, 7, -570, -444, -653, -1537, -1083, -1088, -566, 
-512, -795, -283, 653, -114, -539, -375, -678, -1493, -1063, -1102, -600, 
-600, -775, -175, 688, -212, -475, -331, -644, -1400, -985, -1054, -595, 
-688, -771, -82, 729, -302, -427, -278, -605, -1312, -912, -1015, -585, 
-756, -780, -24, 768, -366, -402, -229, -566, -1224, -858, -976, -570, 
-775, -746, 29, 761, -402, -358, -195, -517, -1132, -790, -912, -546, 
-800, -717, 82, 758, -441, -317, -165, -448, -1054, -722, -858, -507, 
-829, -702, 126, 766, -478, -287, -136, -400, -971, -649, -800, -478, 
-858, -663, 195, 761, -527, -234, -102, -351, -873, -556, -727, -453, 
-883, -610, 273, 746, -578, -168, -73, -317, -775, -463, -658, -409, 
-932, -580, 351, 756, -641, -114, -34, -268, -702, -385, -610, -385, 
-951, -541, 409, 746, -680, -65, -19, -234, -624, -317, -556, -370, 
-971, -507, 463, 739, -717, -21, 0, -195, -561, -258, -512, -336, 
-980, -488, 492, 734, -736, 2, 4, -165, -507, -219, -468, -317, 
-976, -468, 507, 722, -741, 19, 19, -131, -468, -195, -444, -302, 
-956, -439, 517, 697, -736, 39, 19, -102, -419, -161, -419, -287, 
-941, -414, 527, 678, -734, 56, 24, -87, -390, -136, -390, -268, 
-932, -395, 536, 663, -734, 70, 29, -78, -370, -122, -385, -258, 
-927, -385, 541, 656, -734, 78, 34, -78, -356, -107, -375, -253, 
-936, -375, 561, 656, -749, 92, 43, -68, -341, -92, -361, -234, 
-946, -366, 580, 656, -763, 107, 43, -68, -336, -73, -346, -229, 
-956, -370, 585, 663, -771, 107, 48, -73, -331, -63, -341, -229, 
-961, -356, 605, 658, -783, 124, 48, -63, -326, -58, -336, -224, 
-961, -356, 605, 658, -783, 124, 39, -68, -317, -53, -331, -234, 
-971, -351, 619, 661, -795, 134, 39, -63, -307, -53, -326, -234, 
-961, -351, 610, 656, -785, 129, 39, -58, -307, -53, -326, -229, 
-961, -351, 610, 656, -785, 129, 43, -53, -307, -43, -326, -229, 
-961, -356, 605, 658, -783, 124, 43, -53, -297, -43, -326, -224, 
-961, -356, 605, 658, -783, 124, 43, -48, -297, -43, -322, -224, 
-956, -356, 600, 656, -778, 122, 43, -43, -287, -43, -317, -224, 
-956, -356, 600, 656, -778, 122, 43, -43, -287, -39, -312, -224, 
-966, -336, 629, 651, -797, 146, 48, -39, -287, -39, -312, -214, 
-966, -331, 634, 649, -800, 151, 48, -39, -283, -34, -312, -214, 
-966, -326, 639, 646, -802, 156, 48, -43, -283, -29, -312, -214, 
-966, -326, 639, 646, -802, 156, 48, -43, -283, -24, -307, -214, 
-956, -326, 629, 641, -793, 151, 48, -39, -292, -34, -312, -219, 
-961, -326, 634, 644, -797, 153, 48, -43, -287, -34, -312, -214, 
-961, -326, 634, 644, -797, 153, 43, -43, -287, -34, -312, -219, 
-956, -326, 629, 641, -793, 151, 43, -48, -287, -34, -312, -224, 
-961, -331, 629, 646, -795, 148, 34, -39, -287, -43, -312, -214, 
-966, -331, 634, 649, -800, 151, 34, -43, -283, -43, -312, -214, 
-966, -336, 629, 651, -797, 146, 34, -43, -283, -43, -312, -209, 
-971, -341, 629, 656, -800, 143, 34, -39, -283, -43, -312, -209, 
-971, -336, 634, 653, -802, 148, 43, -39, -283, -39, -307, -209, 
-966, -331, 634, 649, -800, 151, 43, -39, -283, -34, -307, -209, 
-961, -326, 634, 644, -797, 153, 43, -34, -283, -29, -307, -209, 
-956, -322, 634, 639, -795, 156, 43, -34, -283, -19, -307, -209, 
-956, -331, 624, 644, -790, 146, 43, -34, -283, -29, -302, -219, 
-956, -336, 619, 646, -788, 141, 43, -34, -283, -29, -302, -219, 
-956, -336, 619, 646, -788, 141, 43, -39, -283, -29, -302, -219, 
-956, -331, 624, 644, -790, 146, 43, -39, -283, -29, -302, -219, 
-961, -341, 619, 651, -790, 139, 43, -39, -283, -19, -312, -219, 
-961, -336, 624, 649, -793, 143, 43, -39, -283, -19, -312, -219, 
-961, -336, 624, 649, -793, 143, 43, -39, -283, -19, -307, -219, 
-966, -341, 624, 653, -795, 141, 43, -39, -278, -19, -307, -219, 
-956, -331, 624, 644, -790, 146, 29, -48, -278, -29, -307, -214, 
-956, -331, 624, 644, -790, 146, 29, -43, -278, -29, -307, -214, 
-956, -331, 624, 644, -790, 146, 29, -43, -278, -24, -307, -209, 
-956, -331, 624, 644, -790, 146, 29, -43, -278, -24, -307, -209, 
-956, -322, 634, 639, -795, 156, 39, -34, -283, -24, -307, -204, 
-946, -322, 624, 634, -785, 151, 39, -29, -283, -24, -307, -204, 
-946, -322, 624, 634, -785, 151, 39, -29, -278, -24, -307, -204, 
-946, -317, 629, 631, -788, 156, 39, -29, -278, -24, -302, -204, 
-951, -322, 629, 636, -790, 153, 39, -29, -278, -24, -302, -204, 
-956, -326, 629, 641, -793, 151, 39, -29, -278, -24, -302, -204, 
-961, -331, 629, 646, -795, 148, 39, -29, -278, -24, -302, -204, 
-966, -336, 629, 651, -797, 146, 39, -29, -278, -19, -302, -204, 
-961, -326, 634, 644, -797, 153, 39, -29, -287, -29, -302, -200, 
-951, -322, 629, 636, -790, 153, 39, -29, -287, -29, -302, -200, 
-946, -322, 624, 634, -785, 151, 34, -29, -287, -29, -302, -204, 
-946, -326, 619, 636, -783, 146, 34, -24, -287, -29, -302, -204, 
-946, -326, 619, 636, -783, 146, 34, -24, -278, -24, -302, -204, 
-946, -326, 619, 636, -783, 146, 34, -24, -283, -24, -302, -204, 
-946, -317, 629, 631, -788, 156, 34, -24, -283, -24, -302, -204, 
-946, -317, 629, 631, -788, 156, 34, -24, -278, -19, -302, -200, 
-956, -317, 639, 636, -797, 161, 24, -34, -278, -9, -302, -209, 
-956, -317, 639, 636, -797, 161, 19, -34, -278, -4, -302, -209, 
-956, -317, 639, 636, -797, 161, 19, -34, -273, -4, -302, -204, 
-956, -317, 639, 636, -797, 161, 14, -29, -273, -9, -302, -204, 
-946, -312, 634, 629, -790, 161, 14, -29, -273, -19, -302, -204, 
-941, -307, 634, 624, -788, 163, 14, -29, -273, -19, -302, -204, 
-936, -297, 639, 617, -788, 170, 14, -24, -273, -19, -292, -204, 
-932, -292, 639, 612, -785, 173, 14, -19, -273, -14, -292, -200, 
-936, -292, 644, 614, -790, 175, 24, -19, -273, -14, -283, -190, 
-932, -292, 639, 612, -785, 173, 19, -24, -273, -14, -283, -190, 
-932, -292, 639, 612, -785, 173, 19, -24, -273, -14, -287, -195, 
-932, -287, 644, 610, -788, 178, 19, -19, -273, -9, -287, -195, 
-936, -292, 644, 614, -790, 175, 34, -19, -278, -4, -292, -200, 
-936, -297, 639, 617, -788, 170, 34, -19, -278, -4, -292, -200, 
-936, -307, 629, 622, -783, 161, 29, -19, -278, -4, -292, -200, 
-936, -317, 619, 627, -778, 151, 29, -19, -278, -4, -292, -200, 
-927, -307, 619, 617, -773, 156, 19, -19, -278, -9, -292, -200, 
-922, -307, 614, 614, -768, 153, 19, -19, -278, -9, -292, -200, 
-922, -307, 614, 614, -768, 153, 19, -19, -278, -9, -292, -200, 
-922, -307, 614, 614, -768, 153, 14, -19, -278, -14, -283, -200, 
-932, -302, 629, 617, -780, 163, 14, -24, -273, -4, -292, -200, 
-932, -302, 629, 617, -780, 163, 14, -19, -268, 0, -292, -195, 
-932, -302, 629, 617, -780, 163, 14, -19, -268, 0, -292, -190, 
-922, -297, 624, 610, -773, 163, 14, -19, -268, 0, -292, -190, 
-912, -283, 629, 597, -771, 173, 14, -4, -263, 0, -287, -190, 
-912, -283, 629, 597, -771, 173, 14, -4, -263, 4, -283, -185, 
-912, -283, 629, 597, -771, 173, 9, -4, -268, 9, -273, -185, 
-912, -283, 629, 597, -771, 173, 9, -4, -268, 9, -263, -180, 
-902, -273, 629, 588, -766, 178, 9, 0, -268, 9, -263, -175, 
-897, -273, 624, 585, -761, 175, 4, 4, -268, 19, -263, -175, 
-893, -268, 624, 580, -758, 178, 4, 4, -258, 19, -258, -175, 
-893, -268, 624, 580, -758, 178, 4, 4, -258, 19, -258, -175, 
-902, -263, 639, 583, -771, 187, 0, 4, -253, 19, -258, -165, 
-902, -263, 639, 583, -771, 187, 0, 9, -253, 24, -258, -161, 
-897, -263, 634, 580, -766, 185, 0, 9, -253, 24, -258, -161, 
-893, -258, 634, 575, -763, 187, -9, 14, -253, 24, -258, -161, 
-888, -258, 629, 573, -758, 185, -9, 14, -248, 29, -253, -170, 
-883, -253, 629, 568, -756, 187, -9, 19, -248, 29, -248, -165, 
-878, -248, 629, 563, -753, 190, -9, 19, -248, 34, -248, -165, 
-878, -248, 629, 563, -753, 190, -9, 24, -244, 39, -248, -161, 
-868, -229, 639, 549, -753, 204, -29, 19, -234, 48, -234, -161, 
-858, -224, 634, 541, -746, 204, -34, 24, -229, 48, -234, -156, 
-849, -219, 629, 534, -739, 204, -34, 24, -224, 53, -224, -156, 
-849, -209, 639, 529, -744, 214, -34, 24, -219, 53, -219, -146, 
-834, -209, 624, 522, -729, 207, -34, 24, -229, 53, -219, -141, 
-834, -204, 629, 519, -732, 212, -43, 24, -229, 53, -219, -136, 
-824, -195, 629, 509, -727, 217, -48, 29, -224, 58, -214, -136, 
-814, -195, 619, 505, -717, 212, -48, 29, -224, 63, -209, -131, 
-819, -185, 634, 502, -727, 224, -43, 34, -224, 68, -219, -117, 
-814, -185, 629, 500, -722, 222, -43, 39, -219, 68, -219, -117, 
-805, -175, 629, 490, -717, 226, -48, 53, -219, 73, -209, -112, 
-800, -165, 634, 483, -717, 234, -53, 63, -214, 73, -204, -112, 
-805, -165, 639, 485, -722, 236, -58, 63, -209, 73, -214, -112, 
-800, -165, 634, 483, -717, 234, -58, 63, -209, 82, -209, -102, 
-790, -165, 624, 478, -707, 229, -63, 63, -209, 87, -204, -97, 
-785, -161, 624, 473, -705, 231, -68, 68, -209, 87, -200, -97, 
-766, -146, 619, 456, -692, 236, -73, 58, -204, 92, -190, -102, 
-761, -146, 614, 453, -688, 234, -78, 63, -204, 92, -190, -97, 
-751, -136, 614, 444, -683, 239, -78, 63, -204, 92, -185, -97, 
-746, -136, 610, 441, -678, 236, -82, 68, -204, 92, -185, -97, 
-741, -136, 605, 439, -673, 234, -87, 68, -204, 97, -180, -87, 
-736, -131, 605, 434, -671, 236, -92, 68, -204, 97, -175, -87, 
-732, -126, 605, 429, -668, 239, -92, 73, -204, 97, -175, -82, 
-727, -122, 605, 424, -666, 241, -97, 73, -204, 97, -175, -82, 
-722, -117, 605, 419, -663, 244, -102, 58, -204, 97, -175, -82, 
-722, -117, 605, 419, -663, 244, -102, 58, -204, 102, -175, -78, 
-712, -112, 600, 412, -656, 244, -107, 58, -204, 102, -170, -78, 
-707, -107, 600, 407, -653, 246, -112, 53, -204, 97, -170, -73, 
-712, -107, 605, 409, -658, 248, -102, 63, -214, 97, -170, -73, 
-712, -107, 605, 409, -658, 248, -107, 63, -214, 97, -175, -73, 
-707, -102, 605, 405, -656, 251, -107, 63, -214, 97, -175, -73, 
-702, -97, 605, 400, -653, 253, -112, 58, -214, 97, -170, -73, 
-702, -102, 600, 402, -651, 248, -122, 48, -214, 97, -175, -73, 
-702, -107, 595, 405, -649, 244, -122, 43, -214, 97, -175, -73, 
-702, -117, 585, 409, -644, 234, -122, 39, -219, 97, -180, -73, 
-702, -122, 580, 412, -641, 229, -122, 39, -219, 97, -180, -73, 
-702, -112, 590, 407, -646, 239, -112, 29, -214, 107, -180, -73, 
-707, -112, 595, 409, -651, 241, -117, 24, -224, 97, -180, -73, 
-712, -117, 595, 414, -653, 239, -117, 19, -229, 92, -185, -78, 
-722, -126, 595, 424, -658, 234, -112, 14, -229, 82, -185, -78, 
-717, -126, 590, 422, -653, 231, -107, 9, -234, 82, -185, -82, 
-727, -131, 595, 429, -661, 231, -107, 4, -239, 78, -190, -87, 
-736, -146, 590, 441, -663, 222, -107, 4, -244, 73, -195, -97, 
-746, -156, 590, 451, -668, 217, -102, 0, -248, 68, -200, -102, 
-761, -175, 585, 468, -673, 204, -97, 0, -244, 58, -219, -112, 
-771, -185, 585, 478, -678, 200, -87, 0, -248, 58, -224, -112, 
-780, -195, 585, 488, -683, 195, -82, -4, -248, 58, -224, -112, 
-790, -200, 590, 495, -690, 195, -78, -9, -248, 53, -229, -117, 
-810, -209, 600, 509, -705, 195, -73, -14, -258, 48, -239, -131, 
-824, -219, 605, 522, -714, 192, -68, -19, -263, 43, -244, -141, 
-839, -229, 610, 534, -724, 190, -63, -24, -263, 39, -244, -146, 
-844, -244, 600, 544, -722, 178, -53, -29, -263, 34, -248, -151, 
-858, -248, 610, 553, -734, 180, -48, -34, -273, 19, -253, -156, 
-868, -263, 605, 566, -736, 170, -39, -34, -278, 14, -263, -161, 
-888, -273, 614, 580, -751, 170, -34, -39, -278, 14, -278, -170, 
-897, -283, 614, 590, -756, 165, -34, -43, -278, 9, -278, -175, 
-907, -283, 624, 595, -766, 170, -29, -39, -273, 14, -278, -170, 
-902, -292, 610, 597, -756, 158, -29, -39, -273, 9, -283, -180, 
-907, -302, 605, 605, -756, 151, -24, -43, -273, 4, -287, -180, 
-912, -302, 610, 607, -761, 153, -19, -43, -273, 4, -287, -180, 
-912, -302, 610, 607, -761, 153, -14, -43, -283, -4, -302, -195, 
-912, -302, 610, 607, -761, 153, -4, -43, -287, -14, -307, -200, 
-917, -307, 610, 612, -763, 151, 0, -53, -287, -19, -307, -200, 
-927, -312, 614, 619, -771, 151, 0, -53, -292, -24, -312, -204, 
-941, -326, 614, 634, -778, 143, 4, -53, -292, -14, -307, -200, 
-946, -336, 610, 641, -778, 136, 9, -53, -292, -24, -312, -200, 
-946, -336, 610, 641, -778, 136, 9, -53, -292, -24, -312, -200, 
-951, -336, 614, 644, -783, 139, 9, -53, -292, -24, -317, -204, 
-956, -346, 610, 651, -783, 131, 9, -68, -307, -29, -326, -219, 
-956, -346, 610, 651, -783, 131, 9, -68, -307, -29, -326, -219, 
-961, -351, 610, 656, -785, 129, 14, -68, -307, -29, -326, -219, 
-966, -356, 610, 661, -788, 126, 14, -68, -307, -34, -326, -219, 
-966, -346, 619, 656, -793, 136, 9, -63, -307, -34, -331, -229, 
-971, -346, 624, 658, -797, 139, 9, -63, -307, -39, -331, -234, 
-976, -356, 619, 666, -797, 131, 9, -63, -312, -39, -336, -234, 
-976, -356, 619, 666, -797, 131, 9, -63, -312, -34, -336, -239, 
-966, -361, 605, 663, -785, 122, 14, -58, -307, -34, -331, -234, 
-966, -361, 605, 663, -785, 122, 14, -58, -307, -39, -336, -229, 
-971, -366, 605, 668, -788, 119, 14, -63, -307, -39, -336, -229, 
-971, -366, 605, 668, -788, 119, 19, -63, -307, -43, -336, -224, 
-971, -361, 610, 666, -790, 124, 19, -63, -297, -39, -336, -234, 
-971, -356, 614, 663, -793, 129, 14, -68, -297, -39, -336, -234, 
-971, -351, 619, 661, -795, 134, 14, -68, -297, -39, -341, -234, 
-971, -346, 624, 658, -797, 139, 14, -68, -302, -39, -341, -234, 
-980, -341, 639, 661, -810, 148, 14, -78, -302, -29, -331, -219, 
-985, -346, 639, 666, -812, 146, 14, -73, -302, -24, -331, -219, 
-985, -356, 629, 671, -807, 136, 14, -73, -297, -24, -331, -219, 
-980, -366, 614, 673, -797, 124, 14, -73, -297, -24, -326, -229, 
-971, -366, 605, 668, -788, 119, 24, -78, -307, -29, -336, -229, 
-976, -370, 605, 673, -790, 117, 29, -78, -307, -34, -336, -229, 
-976, -370, 605, 673, -790, 117, 29, -78, -307, -39, -341, -224, 
-976, -370, 605, 673, -790, 117, 29, -78, -307, -43, -346, -224, 
-966, -370, 595, 668, -780, 112, 19, -87, -307, -43, -346, -234, 
-966, -370, 595, 668, -780, 112, 19, -87, -307, -43, -346, -234, 
-966, -370, 595, 668, -780, 112, 19, -87, -307, -43, -346, -234, 
-966, -375, 590, 671, -778, 107, 19, -87, -307, -43, -346, -234, 
-971, -375, 595, 673, -783, 109, 19, -87, -317, -43, -346, -234, 
-976, -370, 605, 673, -790, 117, 24, -82, -317, -39, -346, -234, 
-980, -370, 610, 675, -795, 119, 24, -82, -312, -39, -346, -234, 
-985, -366, 619, 675, -802, 126, 19, -87, -312, -39, -346, -234, 
-985, -356, 629, 671, -807, 136, 19, -78, -312, -29, -346, -234, 
-985, -356, 629, 671, -807, 136, 19, -78, -312, -29, -346, -234, 
-985, -356, 629, 671, -807, 136, 19, -82, -312, -29, -341, -229, 
-985, -356, 629, 671, -807, 136, 19, -82, -312, -29, -341, -229, 
-976, -351, 624, 663, -800, 136, 19, -73, -312, -29, -341, -219, 
-976, -351, 624, 663, -800, 136, 19, -73, -312, -29, -341, -219, 
-976, -351, 624, 663, -800, 136, 19, -73, -312, -29, -341, -219, 
-976, -351, 624, 663, -800, 136, 19, -73, -312, -29, -341, -219, 
-976, -361, 614, 668, -795, 126, 19, -68, -312, -29, -341, -219, 
-976, -356, 619, 666, -797, 131, 19, -68, -312, -24, -336, -219, 
-976, -356, 619, 666, -797, 131, 19, -73, -312, -24, -336, -219, 
-976, -356, 619, 666, -797, 131, 19, -73, -312, -24, -336, -219, 
-985, -361, 624, 673, -805, 131, 9, -73, -312, -24, -341, -219, 
-985, -361, 624, 673, -805, 131, 9, -73, -312, -24, -336, -219, 
-985, -361, 624, 673, -805, 131, 9, -73, -312, -24, -336, -219, 
-985, -361, 624, 673, -805, 131, 9, -78, -312, -24, -336, -214, 
-980, -356, 624, 668, -802, 134, 9, -78, -307, -19, -336, -224, 
-976, -351, 624, 663, -800, 136, 9, -78, -307, -19, -336, -219, 
-971, -346, 624, 658, -797, 139, 9, -78, -312, -19, -336, -219, 
-966, -341, 624, 653, -795, 141, 9, -78, -312, -19, -336, -219, 
-976, -351, 624, 663, -800, 136, 19, -87, -312, -29, -336, -219, 
-976, -346, 629, 661, -802, 141, 19, -87, -312, -29, -336, -219, 
-976, -346, 629, 661, -802, 141, 19, -87, -312, -29, -336, -219, 
-976, -346, 629, 661, -802, 141, 14, -87, -312, -29, -336, -219, 
-966, -341, 624, 653, -795, 141, 14, -78, -312, -24, -336, -219, 
-966, -336, 629, 651, -797, 146, 14, -78, -307, -19, -331, -219, 
-966, -336, 629, 651, -797, 146, 14, -78, -307, -19, -326, -219, 
-966, -341, 624, 653, -795, 141, 14, -78, -307, -19, -326, -219, 
-956, -331, 624, 644, -790, 146, 9, -78, -317, -29, -336, -219, 
-956, -331, 624, 644, -790, 146, 9, -78, -317, -29, -336, -219, 
-956, -336, 619, 646, -788, 141, 9, -78, -317, -29, -336, -219, 
-956, -336, 619, 646, -788, 141, 9, -78, -317, -29, -336, -219, 
-971, -336, 634, 653, -802, 148, 9, -87, -307, -14, -326, -214, 
-971, -336, 634, 653, -802, 148, 9, -87, -307, -14, -326, -214, 
-971, -336, 634, 653, -802, 148, 4, -87, -307, -14, -331, -214, 
-966, -336, 629, 651, -797, 146, 4, -87, -307, -19, -331, -214, 
-966, -336, 629, 651, -797, 146, 0, -87, -317, -19, -331, -214, 
-966, -336, 629, 651, -797, 146, 0, -87, -317, -19, -331, -219, 
-961, -336, 624, 649, -793, 143, 0, -87, -317, -19, -331, -219, 
-956, -331, 624, 644, -790, 146, 0, -87, -317, -14, -331, -219, 
-956, -331, 624, 644, -790, 146, 0, -87, -317, -24, -341, -209, 
-961, -331, 629, 646, -795, 148, 4, -87, -317, -24, -341, -204, 
-961, -336, 624, 649, -793, 143, 4, -87, -317, -24, -336, -204, 
-966, -336, 629, 651, -797, 146, 4, -87, -317, -24, -336, -209, 
-966, -346, 619, 656, -793, 136, 9, -78, -317, -14, -331, -209, 
-966, -346, 619, 656, -793, 136, 9, -78, -317, -14, -331, -209, 
-966, -346, 619, 656, -793, 136, 9, -78, -317, -14, -331, -209, 
-966, -346, 619, 656, -793, 136, 14, -78, -317, -14, -331, -209, 
-966, -346, 619, 656, -793, 136, 24, -78, -307, -14, -331, -219, 
-966, -346, 619, 656, -793, 136, 24, -78, -307, -14, -331, -219, 
-966, -346, 619, 656, -793, 136, 19, -78, -312, -14, -331, -219, 
-966, -346, 619, 656, -793, 136, 19, -78, -312, -14, -331, -219, 
-966, -346, 619, 656, -793, 136, 9, -78, -312, -14, -341, -219, 
-966, -346, 619, 656, -793, 136, 9, -78, -312, -14, -346, -219, 
-966, -346, 619, 656, -793, 136, 9, -78, -317, -14, -346, -219, 
-961, -346, 614, 653, -788, 134, 9, -78, -317, -19, -346, -219, 
-961, -346, 614, 653, -788, 134, 9, -87, -322, -29, -346, -219, 
-961, -351, 610, 656, -785, 129, 9, -87, -322, -29, -346, -219, 
-961, -351, 610, 656, -785, 129, 9, -87, -322, -29, -346, -219, 
-961, -346, 614, 653, -788, 134, 9, -87, -322, -24, -346, -219, 
-961, -356, 605, 658, -783, 124, 9, -87, -322, -24, -341, -219, 
-961, -356, 605, 658, -783, 124, 9, -87, -322, -24, -341, -219, 
-961, -356, 605, 658, -783, 124, 9, -87, -322, -24, -341, -219, 
-961, -356, 605, 658, -783, 124, 9, -87, -322, -24, -341, -219, 
-961, -351, 610, 656, -785, 129, 9, -78, -331, -24, -341, -219, 
-961, -351, 610, 656, -785, 129, 9, -78, -331, -24, -346, -219, 
-961, -346, 614, 653, -788, 134, 9, -82, -331, -29, -346, -219, 
-961, -346, 614, 653, -788, 134, 9, -82, -331, -29, -346, -224, 
-961, -346, 614, 653, -788, 134, 9, -78, -322, -19, -346, -224, 
-961, -346, 614, 653, -788, 134, 9, -78, -317, -19, -346, -219, 
-961, -351, 610, 656, -785, 129, 9, -78, -317, -19, -346, -219, 
-961, -356, 605, 658, -783, 124, 9, -78, -322, -14, -346, -219, 
-961, -366, 595, 663, -778, 114, 9, -78, -331, -24, -346, -219, 
-961, -356, 605, 658, -783, 124, 9, -78, -331, -24, -346, -219, 
-961, -356, 605, 658, -783, 124, 9, -78, -331, -24, -346, -219, 
-961, -356, 605, 658, -783, 124, 9, -78, -331, -29, -346, -219, 
-951, -351, 600, 651, -775, 124, 0, -78, -331, -19, -346, -214, 
-951, -346, 605, 649, -778, 129, 0, -78, -331, -19, -346, -219, 
-951, -341, 610, 646, -780, 134, 0, -78, -331, -19, -346, -219, 
-951, -336, 614, 644, -783, 139, 0, -78, -331, -19, -346, -219, 
-961, -331, 629, 646, -795, 148, 9, -78, -317, -4, -341, -214, 
-961, -331, 629, 646, -795, 148, 9, -78, -317, -4, -336, -214, 
-961, -331, 629, 646, -795, 148, 9, -78, -317, 0, -331, -209, 
-961, -331, 629, 646, -795, 148, 9, -78, -317, 0, -326, -209, 
-951, -312, 639, 631, -795, 163, 9, -78, -302, 4, -322, -204, 
-946, -307, 639, 627, -793, 165, 9, -78, -292, 9, -317, -200, 
-946, -297, 649, 622, -797, 175, 9, -78, -287, 14, -312, -190, 
-951, -292, 658, 622, -805, 183, 9, -78, -278, 19, -302, -185, 
-941, -283, 658, 612, -800, 187, 0, -68, -278, 29, -302, -195, 
-941, -278, 663, 610, -802, 192, 0, -68, -278, 29, -302, -195, 
-941, -263, 678, 602, -810, 207, 0, -68, -278, 29, -302, -195, 
-941, -263, 678, 602, -810, 207, 0, -63, -278, 29, -297, -195, 
-936, -263, 673, 600, -805, 204, 9, -63, -273, 39, -292, -180, 
-932, -263, 668, 597, -800, 202, 9, -63, -263, 43, -287, -180, 
-917, -263, 653, 590, -785, 195, 9, -63, -258, 48, -287, -180, 
-912, -263, 649, 588, -780, 192, 9, -63, -253, 53, -287, -185, 
-917, -263, 653, 590, -785, 195, 0, -53, -258, 43, -287, -185, 
-917, -248, 668, 583, -793, 209, 0, -48, -248, 43, -287, -185, 
-912, -248, 663, 580, -788, 207, -4, -48, -248, 43, -287, -185, 
-912, -253, 658, 583, -785, 202, -4, -53, -244, 43, -283, -185, 
-912, -258, 653, 585, -783, 197, -4, -53, -253, 43, -283, -175, 
-912, -263, 649, 588, -780, 192, -4, -53, -253, 43, -287, -175, 
-907, -263, 644, 585, -775, 190, -14, -53, -253, 43, -292, -175, 
-907, -263, 644, 585, -775, 190, -19, -53, -248, 48, -292, -170, 
-902, -263, 639, 583, -771, 187, -24, -68, -263, 43, -292, -180, 
-897, -258, 639, 578, -768, 190, -34, -73, -268, 43, -292, -180, 
-883, -258, 624, 570, -753, 183, -39, -78, -278, 39, -292, -180, 
-868, -258, 610, 563, -739, 175, -43, -82, -283, 34, -292, -180, 
-873, -253, 619, 563, -746, 183, -53, -92, -283, 34, -297, -165, 
-878, -258, 619, 568, -749, 180, -58, -92, -283, 39, -297, -165, 
-873, -244, 629, 558, -751, 192, -68, -92, -283, 39, -292, -165, 
-873, -239, 634, 556, -753, 197, -73, -92, -283, 39, -287, -165, 
-873, -253, 619, 563, -746, 183, -68, -92, -297, 24, -292, -170, 
-873, -258, 614, 566, -744, 178, -68, -92, -302, 19, -297, -170, 
-873, -263, 610, 568, -741, 173, -68, -97, -307, 9, -302, -170, 
-883, -273, 610, 578, -746, 168, -68, -97, -317, 4, -312, -175, 
-893, -312, 580, 602, -736, 134, -48, -97, -346, -14, -336, -185, 
-893, -317, 575, 605, -734, 129, -53, -97, -351, -14, -331, -195, 
-893, -307, 585, 600, -739, 139, -48, -97, -351, -19, -341, -204, 
-883, -312, 570, 597, -727, 129, -53, -102, -351, -29, -351, -209, 
-878, -302, 575, 590, -727, 136, -58, -107, -361, -29, -341, -204, 
-888, -302, 585, 595, -736, 141, -58, -107, -351, -19, -331, -195, 
-888, -302, 585, 595, -736, 141, -58, -107, -351, -19, -331, -195, 
-888, -302, 585, 595, -736, 141, -58, -107, -351, -19, -331, -195, 
-888, -302, 585, 595, -736, 141, -58, -107, -351, -19, -331, -195, 
-902, -312, 590, 607, -746, 139, -43, -92, -346, -9, -331, -195, 
-907, -322, 585, 614, -746, 131, -34, -92, -346, -14, -336, -204, 
-927, -331, 595, 629, -761, 131, -19, -92, -346, -19, -336, -209, 
-936, -341, 595, 639, -766, 126, -9, -92, -346, -19, -346, -209, 
-946, -361, 585, 653, -766, 112, 0, -82, -351, -24, -351, -214, 
-956, -370, 585, 663, -771, 107, 4, -82, -351, -24, -351, -214, 
-961, -375, 585, 668, -773, 104, 4, -82, -356, -29, -351, -219, 
-961, -375, 585, 668, -773, 104, 4, -82, -356, -29, -356, -224, 
-961, -380, 580, 671, -771, 100, 9, -82, -366, -34, -366, -229, 
-961, -390, 570, 675, -766, 90, 9, -82, -370, -34, -370, -234, 
-961, -395, 566, 678, -763, 85, 9, -87, -370, -39, -370, -239, 
-961, -400, 561, 680, -761, 80, 9, -87, -370, -39, -375, -239, 
-966, -400, 566, 683, -766, 82, 4, -87, -375, -43, -370, -239, 
-966, -405, 561, 685, -763, 78, 4, -87, -375, -43, -370, -239, 
-966, -405, 561, 685, -763, 78, 4, -87, -375, -43, -370, -239, 
-966, -405, 561, 685, -763, 78, 9, -82, -375, -48, -370, -239, 
-956, -405, 551, 680, -753, 73, 9, -82, -380, -48, -380, -248, 
-961, -405, 556, 683, -758, 75, 9, -87, -380, -48, -380, -248, 
-961, -405, 556, 683, -758, 75, 9, -87, -375, -48, -385, -248, 
-961, -405, 556, 683, -758, 75, 14, -82, -375, -48, -385, -248, 
-951, -405, 546, 678, -749, 70, 24, -82, -375, -58, -380, -248, 
-951, -405, 546, 678, -749, 70, 19, -87, -375, -48, -380, -248, 
-951, -409, 541, 680, -746, 65, 19, -87, -375, -48, -380, -248, 
-961, -409, 551, 685, -756, 70, 19, -87, -375, -48, -380, -248, 
-971, -409, 561, 690, -766, 75, 19, -87, -366, -39, -380, -248, 
-971, -409, 561, 690, -766, 75, 19, -78, -366, -39, -380, -248, 
-971, -409, 561, 690, -766, 75, 24, -78, -366, -43, -380, -253, 
-971, -414, 556, 692, -763, 70, 24, -78, -366, -43, -380, -253, 
-971, -419, 551, 695, -761, 65, 14, -87, -375, -53, -380, -258, 
-971, -419, 551, 695, -761, 65, 14, -87, -375, -53, -385, -258, 
-971, -414, 556, 692, -763, 70, 24, -87, -380, -53, -385, -253, 
-971, -414, 556, 692, -763, 70, 24, -87, -380, -53, -385, -253, 
-966, -414, 551, 690, -758, 68, 29, -78, -380, -53, -385, -253, 
-966, -414, 551, 690, -758, 68, 24, -78, -380, -53, -385, -253, 
-971, -414, 556, 692, -763, 70, 24, -82, -380, -58, -385, -253, 
-971, -414, 556, 692, -763, 70, 29, -82, -380, -58, -385, -258, 
-961, -419, 541, 690, -751, 61, 19, -82, -380, -58, -395, -258, 
-961, -419, 541, 690, -751, 61, 19, -82, -380, -58, -395, -258, 
-961, -419, 541, 690, -751, 61, 19, -82, -380, -58, -395, -258, 
-966, -419, 546, 692, -756, 63, 19, -82, -380, -58, -395, -258, 
-976, -434, 541, 705, -758, 53, 29, -82, -380, -58, -385, -263, 
-976, -434, 541, 705, -758, 53, 29, -82, -380, -58, -385, -263, 
-971, -434, 536, 702, -753, 51, 29, -82, -380, -58, -385, -258, 
-971, -434, 536, 702, -753, 51, 29, -82, -385, -58, -395, -258, 
-971, -424, 546, 697, -758, 61, 24, -82, -385, -58, -405, -258, 
-971, -424, 546, 697, -758, 61, 24, -82, -380, -53, -395, -258, 
-971, -424, 546, 697, -758, 61, 24, -82, -380, -53, -395, -258, 
-971, -424, 546, 697, -758, 61, 24, -82, -380, -53, -395, -258, 
-971, -424, 546, 697, -758, 61, 14, -82, -370, -48, -385, -258, 
-971, -424, 546, 697, -758, 61, 14, -82, -375, -48, -385, -258, 
-971, -424, 546, 697, -758, 61, 14, -82, -375, -48, -390, -258, 
-971, -419, 551, 695, -761, 65, 14, -78, -375, -48, -390, -253, 
-971, -419, 551, 695, -761, 65, 14, -78, -380, -58, -390, -253, 
-971, -424, 546, 697, -758, 61, 14, -82, -380, -58, -390, -258, 
-971, -424, 546, 697, -758, 61, 14, -82, -380, -58, -390, -258, 
-971, -424, 546, 697, -758, 61, 14, -82, -380, -58, -390, -258, 
-971, -429, 541, 700, -756, 56, 24, -82, -380, -58, -400, -258, 
-971, -429, 541, 700, -756, 56, 24, -82, -385, -58, -400, -258, 
-971, -429, 541, 700, -756, 56, 24, -82, -390, -58, -400, -258, 
-971, -429, 541, 700, -756, 56, 24, -82, -395, -58, -400, -258, 
-961, -439, 522, 700, -741, 41, 14, -73, -390, -68, -400, -268, 
-961, -434, 527, 697, -744, 46, 14, -73, -390, -68, -400, -268, 
-966, -434, 531, 700, -749, 48, 19, -73, -385, -68, -400, -263, 
-966, -434, 531, 700, -749, 48, 19, -73, -385, -63, -395, -263, 
-976, -424, 551, 700, -763, 63, 19, -82, -385, -63, -395, -263, 
-966, -424, 541, 695, -753, 58, 19, -82, -385, -63, -395, -263, 
-966, -424, 541, 695, -753, 58, 19, -82, -385, -68, -395, -263, 
-966, -424, 541, 695, -753, 58, 19, -82, -385, -68, -395, -263, 
-961, -424, 536, 692, -749, 56, 19, -73, -385, -53, -385, -253, 
-961, -424, 536, 692, -749, 56, 19, -73, -385, -53, -390, -253, 
-956, -429, 527, 692, -741, 48, 19, -73, -385, -53, -390, -253, 
-951, -429, 522, 690, -736, 46, 19, -73, -385, -53, -390, -253, 
-956, -424, 531, 690, -744, 53, 19, -73, -375, -63, -390, -253, 
-956, -424, 531, 690, -744, 53, 19, -73, -375, -53, -390, -253, 
-961, -414, 546, 688, -753, 65, 9, -73, -361, -48, -375, -244, 
-971, -405, 566, 688, -768, 80, 14, -73, -346, -34, -375, -239, 
-971, -395, 575, 683, -773, 90, 29, -73, -336, -24, -370, -239, 
-980, -390, 590, 685, -785, 100, 34, -68, -317, -14, -361, -244, 
-1015, -385, 629, 700, -822, 122, 53, -68, -292, 14, -351, -234, 
-1054, -385, 668, 719, -861, 141, 87, -48, -263, 34, -336, -229, 
-1063, -395, 668, 729, -866, 136, 97, -43, -263, 43, -322, -219, 
-1039, -380, 658, 710, -849, 139, 78, -39, -283, 43, -317, -209, 
-1005, -366, 639, 685, -822, 136, 58, -24, -283, 53, -287, -200, 
-971, -361, 610, 666, -790, 124, 58, 9, -287, 73, -258, -175, 
-922, -361, 561, 641, -741, 100, 43, 14, -317, 73, -248, -161, 
-844, -346, 497, 595, -671, 75, -14, -4, -375, 39, -239, -141, 
-741, -331, 409, 536, -575, 39, -107, -53, -473, 9, -239, -112, 
-610, -287, 322, 448, -466, 17, -234, -102, -566, -24, -229, -68, 
-463, -204, 258, 334, -361, 26, -356, -170, -658, -34, -185, 0, 
-317, -107, 209, 212, -263, 51, -483, -239, -722, -39, -136, 78, 
-161, -14, 146, 87, -153, 65, -605, -302, -805, -48, -97, 136, 
-24, 68, 92, -21, -58, 80, -727, -361, -878, -58, -58, 195, 
92, 131, 39, -112, 26, 85, -814, -405, -941, -73, -39, 234, 
165, 107, -58, -136, 112, 24, -858, -429, -1039, -156, -97, 214, 
195, -39, -234, -78, 214, -136, -854, -429, -1180, -331, -283, 78, 
195, -258, -453, 31, 324, -356, -805, -409, -1327, -561, -536, -122, 
190, -444, -634, 126, 412, -539, -766, -400, -1459, -746, -761, -297, 
170, -585, -756, 207, 463, -671, -727, -414, -1546, -888, -922, -429, 
112, -678, -790, 283, 451, -734, -683, -458, -1610, -985, -1044, -522, 
24, -746, -771, 361, 397, -758, -639, -522, -1654, -1058, -1132, -585, 
-117, -824, -707, 470, 295, -766, -561, -605, -1683, -1122, -1195, -653, 
-268, -893, -624, 580, 178, -758, -492, -658, -1659, -1141, -1239, -707, 
-395, -902, -507, 649, 56, -705, -429, -683, -1586, -1093, -1220, -712, 
-502, -868, -366, 685, -68, -617, -385, -653, -1468, -990, -1141, -663, 
-590, -858, -268, 724, -161, -563, -336, -605, -1361, -907, -1083, -639, 
-639, -844, -204, 741, -217, -524, -302, -566, -1288, -839, -1039, -624, 
-673, -824, -151, 749, -261, -488, -263, -507, -1200, -761, -976, -585, 
-712, -771, -58, 741, -326, -414, -224, -439, -1107, -678, -907, -536, 
-722, -732, -9, 727, -356, -370, -180, -380, -1019, -605, -844, -502, 
-736, -678, 58, 707, -397, -309, -151, -346, -932, -531, -785, -468, 
-785, -639, 146, 712, -466, -246, -112, -317, -829, -453, -707, -434, 
-844, -619, 224, 732, -534, -197, -78, -283, -751, -385, -653, -409, 
-883, -595, 287, 739, -585, -153, -68, -253, -697, -336, -619, -395, 
-922, -575, 346, 749, -634, -114, -53, -224, -634, -278, -575, -366, 
-946, -556, 390, 751, -668, -82, -39, -180, -575, -224, -531, -351, 
-946, -536, 409, 741, -678, -63, -29, -141, -536, -190, -507, -336, 
-932, -512, 419, 722, -675, -46, -24, -117, -507, -165, -488, -317, 
-922, -483, 439, 702, -680, -21, -19, -97, -478, -131, -463, -287, 
-917, -463, 453, 690, -685, -4, -4, -78, -453, -117, -444, -273, 
-897, -424, 473, 661, -685, 24, 4, -68, -429, -92, -419, -263, 
-907, -405, 502, 656, -705, 48, 4, -78, -424, -82, -405, -248, 
-917, -409, 507, 663, -712, 48, 9, -73, -409, -73, -400, -248, 
-922, -405, 517, 663, -719, 56, 19, -73, -395, -58, -385, -244, 
-941, -414, 527, 678, -734, 56, 9, -78, -385, -53, -390, -244, 
-951, -409, 541, 680, -746, 65, 9, -73, -375, -53, -385, -244, 
-941, -409, 531, 675, -736, 61, 9, -68, -375, -53, -385, -239, 
-941, -409, 531, 675, -736, 61, 14, -63, -375, -43, -385, -239, 
-941, -405, 536, 673, -739, 65, 14, -63, -375, -43, -385, -234, 
-941, -405, 536, 673, -739, 65, 14, -58, -375, -43, -380, -234, 
-936, -405, 531, 671, -734, 63, 14, -53, -366, -43, -375, -234, 
-936, -405, 531, 671, -734, 63, 14, -53, -366, -39, -370, -234, 
-936, -405, 531, 671, -734, 63, 19, -48, -366, -39, -370, -244, 
-936, -400, 536, 668, -736, 68, 19, -48, -361, -34, -370, -244, 
-936, -395, 541, 666, -739, 73, 19, -53, -361, -29, -370, -244, 
-936, -395, 541, 666, -739, 73, 19, -53, -361, -24, -366, -244, 
-936, -395, 541, 666, -739, 73, 9, -43, -361, -24, -361, -244, 
-941, -395, 546, 668, -744, 75, 9, -43, -356, -24, -361, -234, 
-941, -395, 546, 668, -744, 75, 4, -39, -356, -24, -361, -234, 
-936, -395, 541, 666, -739, 73, 4, -39, -356, -24, -361, -234, 
-936, -395, 541, 666, -739, 73, 14, -39, -356, -24, -361, -234, 
-936, -390, 546, 663, -741, 78, 14, -43, -351, -24, -361, -234, 
-932, -390, 541, 661, -736, 75, 14, -43, -351, -24, -361, -229, 
-932, -390, 541, 661, -736, 75, 14, -39, -351, -24, -361, -229, 
-936, -390, 546, 663, -741, 78, 4, -48, -351, -24, -366, -229, 
-936, -390, 546, 663, -741, 78, 4, -48, -351, -24, -366, -229, 
-936, -390, 546, 663, -741, 78, 4, -43, -351, -24, -366, -229, 
-936, -390, 546, 663, -741, 78, 4, -43, -351, -19, -366, -229, 
-927, -390, 536, 658, -732, 73, -4, -43, -351, -19, -361, -229, 
-927, -395, 531, 661, -729, 68, -4, -43, -351, -19, -361, -229, 
-927, -395, 531, 661, -729, 68, -4, -48, -351, -19, -361, -229, 
-927, -390, 536, 658, -732, 73, -4, -48, -351, -19, -361, -229, 
-932, -390, 541, 661, -736, 75, 4, -48, -351, -19, -361, -219, 
-932, -385, 546, 658, -739, 80, 4, -48, -351, -19, -361, -219, 
-932, -385, 546, 658, -739, 80, 4, -48, -351, -19, -356, -219, 
-936, -390, 546, 663, -741, 78, 4, -48, -346, -19, -356, -219, 
-927, -380, 546, 653, -736, 82, 4, -39, -346, -19, -356, -224, 
-927, -380, 546, 653, -736, 82, 9, -34, -346, -19, -356, -224, 
-927, -380, 546, 653, -736, 82, 14, -34, -346, -14, -356, -219, 
-927, -380, 546, 653, -736, 82, 19, -34, -346, -14, -356, -219, 
-927, -380, 546, 653, -736, 82, 14, -43, -351, -14, -356, -214, 
-917, -380, 536, 649, -727, 78, 9, -39, -351, -14, -356, -214, 
-917, -380, 536, 649, -727, 78, 4, -39, -346, -14, -356, -214, 
-917, -375, 541, 646, -729, 82, 0, -39, -346, -14, -351, -214, 
-927, -375, 551, 651, -739, 87, -9, -39, -346, -24, -351, -214, 
-927, -375, 551, 651, -739, 87, -9, -39, -346, -24, -351, -214, 
-927, -375, 551, 651, -739, 87, -9, -39, -346, -24, -351, -214, 
-927, -375, 551, 651, -739, 87, -9, -39, -346, -19, -351, -214, 
-917, -375, 541, 646, -729, 82, 0, -39, -346, -9, -351, -209, 
-912, -370, 541, 641, -727, 85, 0, -39, -346, -9, -351, -209, 
-912, -370, 541, 641, -727, 85, -4, -39, -346, -9, -351, -214, 
-917, -375, 541, 646, -729, 82, -4, -34, -346, -9, -351, -214, 
-907, -375, 531, 641, -719, 78, -4, -34, -346, -14, -351, -214, 
-907, -375, 531, 641, -719, 78, -4, -34, -351, -14, -351, -214, 
-907, -366, 541, 636, -724, 87, -4, -34, -351, -14, -351, -214, 
-907, -366, 541, 636, -724, 87, -4, -34, -346, -9, -351, -209, 
-917, -366, 551, 641, -734, 92, 4, -34, -346, -9, -341, -209, 
-917, -366, 551, 641, -734, 92, 0, -34, -346, -4, -341, -209, 
-917, -366, 551, 641, -734, 92, 0, -34, -341, -4, -341, -204, 
-917, -366, 551, 641, -734, 92, -4, -29, -341, -9, -341, -204, 
-902, -356, 546, 629, -724, 95, -4, -39, -341, -9, -351, -204, 
-902, -356, 546, 629, -724, 95, -4, -39, -341, -9, -351, -204, 
-902, -351, 551, 627, -727, 100, -4, -34, -341, -9, -341, -204, 
-902, -351, 551, 627, -727, 100, -4, -29, -341, -4, -341, -200, 
-907, -351, 556, 629, -732, 102, -14, -29, -341, -4, -341, -200, 
-902, -351, 551, 627, -727, 100, -19, -34, -341, -4, -341, -200, 
-902, -351, 551, 627, -727, 100, -19, -34, -341, -4, -346, -204, 
-902, -346, 556, 624, -729, 104, -19, -29, -341, 0, -346, -204, 
-888, -351, 536, 619, -712, 92, -24, -19, -336, -4, -341, -200, 
-888, -346, 541, 617, -714, 97, -24, -19, -336, -4, -341, -200, 
-888, -346, 541, 617, -714, 97, -29, -19, -336, -4, -341, -200, 
-888, -346, 541, 617, -714, 97, -29, -19, -336, -4, -341, -200, 
-888, -336, 551, 612, -719, 107, -29, -19, -336, 9, -341, -200, 
-883, -336, 546, 610, -714, 104, -29, -19, -336, 9, -341, -200, 
-883, -336, 546, 610, -714, 104, -29, -19, -336, 9, -341, -200, 
-883, -336, 546, 610, -714, 104, -34, -19, -336, 4, -331, -200, 
-883, -341, 541, 612, -712, 100, -24, -14, -331, 4, -331, -200, 
-883, -341, 541, 612, -712, 100, -24, -9, -326, 9, -331, -195, 
-883, -341, 541, 612, -712, 100, -24, -9, -326, 9, -331, -190, 
-873, -336, 536, 605, -705, 100, -24, -9, -326, 9, -331, -190, 
-863, -331, 531, 597, -697, 100, -24, -14, -331, 0, -331, -200, 
-863, -331, 531, 597, -697, 100, -24, -14, -331, 4, -331, -195, 
-863, -331, 531, 597, -697, 100, -29, -14, -336, 9, -326, -195, 
-863, -331, 531, 597, -697, 100, -29, -14, -336, 9, -322, -190, 
-854, -312, 541, 583, -697, 114, -29, -9, -331, 9, -322, -185, 
-849, -312, 536, 580, -692, 112, -34, -4, -326, 19, -322, -185, 
-844, -307, 536, 575, -690, 114, -34, -4, -312, 19, -317, -185, 
-844, -307, 536, 575, -690, 114, -34, -4, -307, 19, -317, -185, 
-844, -302, 541, 573, -692, 119, -39, -4, -312, 19, -307, -185, 
-844, -302, 541, 573, -692, 119, -39, 0, -312, 24, -307, -180, 
-839, -302, 536, 570, -688, 117, -39, 0, -312, 24, -307, -180, 
-834, -297, 536, 566, -685, 119, -48, 4, -312, 24, -307, -180, 
-829, -287, 541, 558, -685, 126, -58, 4, -317, 29, -312, -180, 
-824, -283, 541, 553, -683, 129, -58, 9, -317, 29, -307, -175, 
-819, -278, 541, 549, -680, 131, -58, 9, -317, 34, -307, -175, 
-819, -278, 541, 549, -680, 131, -58, 14, -312, 39, -307, -170, 
-810, -278, 531, 544, -671, 126, -68, 19, -312, 48, -302, -170, 
-800, -273, 527, 536, -663, 126, -73, 24, -307, 48, -302, -165, 
-790, -268, 522, 529, -656, 126, -73, 24, -302, 53, -292, -165, 
-790, -258, 531, 524, -661, 136, -73, 24, -297, 53, -287, -156, 
-785, -248, 536, 517, -661, 143, -63, 34, -287, 53, -278, -151, 
-785, -244, 541, 514, -663, 148, -73, 34, -287, 53, -278, -146, 
-775, -234, 541, 505, -658, 153, -78, 39, -283, 58, -273, -146, 
-766, -234, 531, 500, -649, 148, -78, 39, -283, 63, -268, -141, 
-751, -214, 536, 483, -644, 161, -87, 29, -283, 68, -278, -136, 
-746, -214, 531, 480, -639, 158, -92, 29, -278, 68, -278, -136, 
-736, -204, 531, 470, -634, 163, -102, 39, -278, 73, -268, -131, 
-732, -195, 536, 463, -634, 170, -112, 43, -273, 73, -263, -131, 
-717, -200, 517, 458, -617, 158, -107, 53, -268, 73, -253, -131, 
-712, -195, 517, 453, -614, 161, -107, 53, -268, 82, -248, -122, 
-702, -190, 512, 446, -607, 161, -112, 53, -268, 87, -244, -117, 
-697, -180, 517, 439, -607, 168, -117, 58, -268, 87, -239, -117, 
-688, -165, 522, 427, -605, 178, -131, 58, -273, 82, -248, -112, 
-683, -165, 517, 424, -600, 175, -136, 63, -273, 82, -248, -107, 
-673, -156, 517, 414, -595, 180, -136, 63, -273, 82, -244, -107, 
-668, -156, 512, 412, -590, 178, -141, 68, -273, 82, -244, -107, 
-673, -156, 517, 414, -595, 180, -146, 68, -273, 97, -239, -107, 
-668, -151, 517, 409, -592, 183, -151, 68, -273, 97, -234, -107, 
-663, -146, 517, 405, -590, 185, -151, 73, -273, 97, -234, -102, 
-658, -141, 517, 400, -588, 187, -156, 73, -273, 97, -234, -102, 
-644, -146, 497, 395, -570, 175, -151, 78, -263, 97, -224, -102, 
-644, -146, 497, 395, -570, 175, -151, 78, -263, 102, -224, -97, 
-634, -141, 492, 387, -563, 175, -156, 78, -263, 102, -219, -97, 
-629, -136, 492, 383, -561, 178, -161, 73, -263, 97, -219, -92, 
-624, -136, 488, 380, -556, 175, -161, 63, -273, 97, -229, -92, 
-624, -136, 488, 380, -556, 175, -165, 63, -273, 97, -234, -92, 
-619, -131, 488, 375, -553, 178, -165, 63, -273, 97, -234, -92, 
-614, -126, 488, 370, -551, 180, -170, 58, -273, 97, -229, -92, 
-605, -117, 488, 361, -546, 185, -175, 68, -273, 97, -224, -92, 
-605, -117, 488, 361, -546, 185, -180, 63, -273, 97, -224, -92, 
-605, -122, 483, 363, -544, 180, -185, 58, -278, 97, -229, -92, 
-605, -122, 483, 363, -544, 180, -190, 58, -278, 97, -229, -92, 
-610, -122, 488, 366, -549, 183, -190, 48, -273, 87, -239, -102, 
-610, -122, 488, 366, -549, 183, -195, 43, -283, 78, -239, -102, 
-610, -126, 483, 368, -546, 178, -195, 39, -287, 73, -244, -107, 
-614, -136, 478, 375, -546, 170, -190, 34, -287, 63, -244, -107, 
-610, -146, 463, 378, -536, 158, -185, 24, -302, 63, -263, -112, 
-619, -151, 468, 385, -544, 158, -185, 14, -307, 58, -268, -117, 
-629, -165, 463, 397, -546, 148, -185, 9, -312, 53, -273, -126, 
-639, -175, 463, 407, -551, 143, -180, 0, -317, 48, -278, -131, 
-653, -185, 468, 419, -561, 141, -175, -9, -322, 39, -278, -131, 
-663, -195, 468, 429, -566, 136, -165, -9, -326, 39, -283, -131, 
-673, -204, 468, 439, -570, 131, -161, -14, -326, 39, -283, -131, 
-683, -209, 473, 446, -578, 131, -156, -19, -326, 34, -287, -136, 
-692, -219, 473, 456, -583, 126, -151, -24, -336, 19, -307, -146, 
-707, -229, 478, 468, -592, 124, -146, -29, -341, 14, -312, -161, 
-722, -239, 483, 480, -602, 122, -141, -34, -341, 9, -312, -170, 
-727, -253, 473, 490, -600, 109, -131, -39, -341, 4, -317, -180, 
-741, -258, 483, 500, -612, 112, -126, -43, -341, 0, -322, -175, 
-751, -273, 478, 512, -614, 102, -117, -43, -346, -4, -331, -180, 
-771, -283, 488, 527, -629, 102, -112, -48, -346, -4, -346, -190, 
-780, -292, 488, 536, -634, 97, -112, -53, -346, -9, -346, -195, 
-795, -302, 492, 549, -644, 95, -97, -58, -351, -4, -351, -190, 
-795, -312, 483, 553, -639, 85, -97, -58, -351, -9, -351, -200, 
-805, -322, 483, 563, -644, 80, -92, -63, -351, -14, -351, -200, 
-814, -322, 492, 568, -653, 85, -87, -63, -351, -14, -346, -200, 
-819, -322, 497, 570, -658, 87, -92, -63, -351, -19, -361, -214, 
-814, -322, 492, 568, -653, 85, -82, -63, -356, -24, -366, -219, 
-814, -326, 488, 570, -651, 80, -78, -73, -356, -24, -366, -219, 
-819, -331, 488, 575, -653, 78, -78, -73, -361, -24, -370, -224, 
-829, -346, 483, 588, -656, 68, -73, -73, -370, -34, -375, -229, 
-839, -356, 483, 597, -661, 63, -68, -73, -370, -43, -380, -229, 
-844, -356, 488, 600, -666, 65, -68, -73, -370, -43, -380, -229, 
-854, -356, 497, 605, -675, 70, -68, -73, -370, -43, -385, -234, 
-849, -366, 483, 607, -666, 58, -68, -87, -375, -48, -385, -239, 
-849, -366, 483, 607, -666, 58, -68, -87, -375, -48, -385, -239, 
-854, -370, 483, 612, -668, 56, -63, -87, -375, -48, -385, -239, 
-858, -375, 483, 617, -671, 53, -63, -87, -375, -53, -385, -239, 
-858, -366, 492, 612, -675, 63, -58, -82, -375, -53, -390, -239, 
-863, -366, 497, 614, -680, 65, -58, -82, -375, -58, -390, -244, 
-868, -375, 492, 622, -680, 58, -58, -82, -380, -58, -395, -244, 
-868, -375, 492, 622, -680, 58, -58, -82, -380, -53, -395, -248, 
-868, -380, 488, 624, -678, 53, -53, -87, -385, -53, -400, -248, 
-868, -380, 488, 624, -678, 53, -53, -87, -385, -58, -405, -248, 
-873, -385, 488, 629, -680, 51, -53, -92, -385, -58, -405, -253, 
-873, -385, 488, 629, -680, 51, -48, -92, -385, -63, -405, -253, 
-873, -395, 478, 634, -675, 41, -58, -92, -385, -68, -405, -253, 
-873, -395, 478, 634, -675, 41, -63, -97, -385, -68, -405, -253, 
-873, -395, 478, 634, -675, 41, -63, -97, -385, -68, -409, -253, 
-873, -395, 478, 634, -675, 41, -63, -97, -390, -68, -409, -253, 
-863, -375, 488, 619, -675, 56, -53, -97, -390, -58, -409, -248, 
-868, -375, 492, 622, -680, 58, -53, -92, -390, -53, -409, -248, 
-868, -380, 488, 624, -678, 53, -53, -92, -385, -53, -409, -248, 
-863, -385, 478, 624, -671, 46, -53, -92, -385, -53, -405, -258, 
-854, -375, 478, 614, -666, 51, -63, -87, -385, -63, -405, -258, 
-858, -380, 478, 619, -668, 48, -58, -87, -385, -63, -405, -258, 
-858, -380, 478, 619, -668, 48, -58, -87, -385, -63, -409, -253, 
-858, -380, 478, 619, -668, 48, -58, -87, -385, -63, -414, -253, 
-868, -380, 488, 624, -678, 53, -48, -87, -385, -63, -405, -253, 
-868, -380, 488, 624, -678, 53, -48, -87, -385, -63, -405, -253, 
-868, -380, 488, 624, -678, 53, -48, -87, -385, -63, -405, -253, 
-868, -385, 483, 627, -675, 48, -48, -87, -385, -63, -405, -253, 
-868, -385, 483, 627, -675, 48, -58, -87, -385, -63, -414, -253, 
-868, -380, 488, 624, -678, 53, -53, -82, -385, -58, -414, -253, 
-868, -380, 488, 624, -678, 53, -53, -82, -380, -58, -414, -253, 
-868, -375, 492, 622, -680, 58, -58, -87, -380, -58, -414, -253, 
-868, -375, 492, 622, -680, 58, -58, -97, -380, -58, -414, -253, 
-868, -375, 492, 622, -680, 58, -58, -97, -380, -58, -414, -253, 
-868, -375, 492, 622, -680, 58, -58, -102, -380, -58, -409, -248, 
-868, -375, 492, 622, -680, 58, -58, -102, -380, -58, -409, -248, 
-868, -370, 497, 619, -683, 63, -58, -102, -380, -58, -409, -248, 
-868, -370, 497, 619, -683, 63, -58, -102, -380, -58, -409, -248, 
-868, -370, 497, 619, -683, 63, -58, -102, -380, -58, -409, -248, 
-868, -370, 497, 619, -683, 63, -58, -102, -380, -58, -409, -248, 
-858, -361, 497, 610, -678, 68, -58, -97, -380, -48, -400, -239, 
-858, -356, 502, 607, -680, 73, -58, -97, -380, -43, -395, -239, 
-858, -356, 502, 607, -680, 73, -58, -102, -380, -43, -395, -239, 
-858, -356, 502, 607, -680, 73, -58, -102, -380, -43, -395, -239, 
-858, -351, 507, 605, -683, 78, -68, -92, -370, -43, -400, -239, 
-858, -351, 507, 605, -683, 78, -68, -92, -370, -43, -395, -239, 
-858, -351, 507, 605, -683, 78, -68, -92, -370, -43, -395, -239, 
-858, -351, 507, 605, -683, 78, -68, -97, -370, -43, -395, -234, 
-858, -361, 497, 610, -678, 68, -58, -107, -366, -39, -395, -234, 
-858, -361, 497, 610, -678, 68, -58, -107, -366, -39, -395, -229, 
-858, -361, 497, 610, -678, 68, -58, -107, -370, -39, -395, -229, 
-858, -361, 497, 610, -678, 68, -58, -107, -370, -39, -395, -229, 
-868, -361, 507, 614, -688, 73, -48, -107, -370, -39, -385, -239, 
-868, -356, 512, 612, -690, 78, -48, -107, -370, -39, -385, -239, 
-868, -356, 512, 612, -690, 78, -48, -107, -370, -39, -385, -239, 
-868, -356, 512, 612, -690, 78, -53, -107, -370, -39, -385, -239, 
-858, -351, 507, 605, -683, 78, -63, -107, -380, -43, -395, -239, 
-858, -346, 512, 602, -685, 82, -63, -107, -375, -39, -390, -239, 
-858, -346, 512, 602, -685, 82, -63, -107, -375, -39, -385, -239, 
-858, -351, 507, 605, -683, 78, -63, -107, -375, -39, -385, -239, 
-858, -351, 507, 605, -683, 78, -68, -107, -375, -48, -395, -239, 
-858, -351, 507, 605, -683, 78, -68, -107, -375, -48, -395, -239, 
-858, -356, 502, 607, -680, 73, -68, -107, -375, -48, -395, -239, 
-858, -356, 502, 607, -680, 73, -68, -107, -375, -48, -395, -239, 
-854, -351, 502, 602, -678, 75, -68, -107, -366, -34, -390, -234, 
-854, -346, 507, 600, -680, 80, -68, -107, -366, -34, -385, -234, 
-854, -341, 512, 597, -683, 85, -73, -107, -366, -34, -385, -234, 
-849, -336, 512, 592, -680, 87, -73, -107, -366, -39, -380, -234, 
-849, -336, 512, 592, -680, 87, -78, -97, -366, -39, -380, -234, 
-849, -336, 512, 592, -680, 87, -78, -97, -366, -39, -380, -239, 
-844, -336, 507, 590, -675, 85, -78, -97, -366, -39, -380, -239, 
-839, -331, 507, 585, -673, 87, -78, -97, -366, -34, -380, -239, 
-839, -341, 497, 590, -668, 78, -78, -107, -375, -43, -390, -239, 
-844, -341, 502, 592, -673, 80, -73, -107, -375, -43, -390, -234, 
-844, -346, 497, 595, -671, 75, -73, -107, -375, -43, -385, -234, 
-849, -346, 502, 597, -675, 78, -73, -107, -375, -43, -385, -239, 
-849, -336, 512, 592, -680, 87, -68, -97, -375, -34, -390, -229, 
-849, -336, 512, 592, -680, 87, -68, -97, -375, -34, -390, -229, 
-849, -336, 512, 592, -680, 87, -68, -97, -375, -34, -390, -229, 
-849, -336, 512, 592, -680, 87, -63, -97, -375, -34, -390, -229, 
-839, -336, 502, 588, -671, 82, -63, -107, -375, -43, -390, -239, 
-839, -336, 502, 588, -671, 82, -63, -107, -375, -43, -390, -239, 
-839, -336, 502, 588, -671, 82, -68, -107, -380, -43, -390, -239, 
-839, -336, 502, 588, -671, 82, -68, -107, -380, -43, -390, -239, 
-849, -336, 512, 592, -680, 87, -78, -107, -370, -43, -390, -229, 
-849, -336, 512, 592, -680, 87, -78, -107, -370, -43, -395, -229, 
-849, -336, 512, 592, -680, 87, -78, -107, -375, -43, -395, -229, 
-844, -336, 507, 590, -675, 85, -78, -107, -375, -48, -395, -229, 
-834, -336, 497, 585, -666, 80, -68, -97, -380, -48, -395, -239, 
-834, -341, 492, 588, -663, 75, -68, -97, -380, -48, -395, -239, 
-834, -341, 492, 588, -663, 75, -68, -97, -380, -48, -395, -239, 
-834, -336, 497, 585, -666, 80, -68, -97, -380, -43, -395, -239, 
-844, -346, 497, 595, -671, 75, -68, -107, -380, -43, -400, -239, 
-844, -346, 497, 595, -671, 75, -68, -107, -380, -43, -400, -239, 
-844, -346, 497, 595, -671, 75, -68, -107, -380, -43, -400, -239, 
-844, -346, 497, 595, -671, 75, -68, -107, -380, -43, -400, -239, 
-844, -351, 492, 597, -668, 70, -78, -97, -390, -53, -400, -248, 
-844, -351, 492, 597, -668, 70, -78, -97, -390, -53, -405, -248, 
-844, -346, 497, 595, -671, 75, -78, -102, -390, -58, -405, -248, 
-844, -346, 497, 595, -671, 75, -78, -102, -390, -58, -405, -253, 
-844, -346, 497, 595, -671, 75, -68, -102, -390, -48, -405, -244, 
-844, -346, 497, 595, -671, 75, -68, -107, -385, -48, -405, -239, 
-844, -351, 492, 597, -668, 70, -68, -112, -385, -48, -405, -239, 
-844, -356, 488, 600, -666, 65, -68, -117, -390, -43, -405, -239, 
-844, -356, 488, 600, -666, 65, -68, -107, -390, -53, -405, -248, 
-844, -346, 497, 595, -671, 75, -68, -107, -390, -53, -405, -248, 
-844, -346, 497, 595, -671, 75, -68, -107, -390, -53, -405, -248, 
-844, -346, 497, 595, -671, 75, -68, -107, -390, -58, -405, -248, 
-844, -356, 488, 600, -666, 65, -78, -107, -390, -48, -405, -244, 
-844, -356, 488, 600, -666, 65, -78, -107, -390, -48, -405, -248, 
-844, -356, 488, 600, -666, 65, -78, -107, -390, -48, -405, -248, 
-844, -356, 488, 600, -666, 65, -78, -107, -390, -48, -405, -248, 
-834, -351, 483, 592, -658, 65, -78, -107, -395, -48, -405, -253, 
-834, -351, 483, 592, -658, 65, -78, -107, -395, -53, -405, -253, 
-834, -351, 483, 592, -658, 65, -78, -107, -395, -53, -405, -248, 
-834, -351, 483, 592, -658, 65, -78, -107, -395, -58, -405, -248, 
-824, -351, 473, 588, -649, 61, -78, -117, -405, -58, -414, -258, 
-819, -356, 463, 588, -641, 53, -78, -117, -400, -58, -414, -258, 
-819, -356, 463, 588, -641, 53, -78, -117, -400, -58, -414, -253, 
-824, -361, 463, 592, -644, 51, -78, -117, -395, -58, -409, -253, 
-834, -370, 463, 602, -649, 46, -78, -107, -395, -58, -409, -253, 
-834, -366, 468, 600, -651, 51, -78, -107, -395, -58, -409, -253, 
-834, -351, 483, 592, -658, 65, -78, -107, -395, -58, -409, -253, 
-834, -351, 483, 592, -658, 65, -78, -102, -395, -58, -405, -253, 
-824, -341, 483, 583, -653, 70, -78, -112, -395, -58, -409, -239, 
-824, -341, 483, 583, -653, 70, -78, -112, -390, -53, -405, -239, 
-814, -341, 473, 578, -644, 65, -78, -112, -390, -48, -405, -239, 
-814, -341, 473, 578, -644, 65, -78, -112, -390, -43, -405, -244, 
-829, -331, 497, 580, -663, 82, -78, -102, -385, -34, -405, -234, 
-829, -317, 512, 573, -671, 97, -78, -97, -375, -34, -405, -234, 
-824, -317, 507, 570, -666, 95, -82, -97, -375, -34, -405, -234, 
-824, -322, 502, 573, -663, 90, -82, -102, -370, -34, -400, -234, 
-824, -312, 512, 568, -668, 100, -73, -102, -361, -24, -385, -224, 
-824, -312, 512, 568, -668, 100, -73, -102, -361, -24, -385, -224, 
-819, -307, 512, 563, -666, 102, -82, -102, -361, -24, -385, -224, 
-819, -302, 517, 561, -668, 107, -87, -102, -356, -19, -380, -219, 
-819, -283, 536, 551, -678, 126, -87, -92, -351, -9, -370, -219, 
-819, -278, 541, 549, -680, 131, -92, -92, -346, -4, -370, -219, 
-810, -278, 531, 544, -671, 126, -92, -92, -346, -4, -370, -219, 
-800, -278, 522, 539, -661, 122, -92, -92, -341, -4, -370, -219, 
-800, -273, 527, 536, -663, 126, -87, -82, -336, 4, -366, -214, 
-800, -278, 522, 539, -661, 122, -87, -82, -331, 9, -366, -214, 
-790, -263, 527, 527, -658, 131, -92, -82, -326, 9, -361, -214, 
-785, -258, 527, 522, -656, 134, -92, -82, -322, 9, -356, -214, 
-775, -248, 527, 512, -651, 139, -97, -78, -322, 9, -356, -200, 
-775, -248, 527, 512, -651, 139, -97, -73, -322, 9, -356, -200, 
-775, -248, 527, 512, -651, 139, -97, -73, -322, 4, -356, -200, 
-785, -253, 531, 519, -658, 139, -97, -68, -326, 4, -361, -204, 
-780, -253, 527, 517, -653, 136, -97, -78, -326, 4, -356, -204, 
-775, -248, 527, 512, -651, 139, -102, -78, -331, 4, -361, -204, 
-761, -248, 512, 505, -636, 131, -107, -78, -331, 0, -361, -204, 
-766, -253, 512, 509, -639, 129, -112, -82, -331, 0, -361, -209, 
-766, -253, 512, 509, -639, 129, -126, -92, -341, 0, -375, -219, 
-761, -248, 512, 505, -636, 131, -131, -97, -341, 0, -375, -214, 
-761, -248, 512, 505, -636, 131, -131, -97, -341, -4, -370, -214, 
-766, -248, 517, 507, -641, 134, -131, -102, -341, -4, -370, -214, 
-761, -239, 522, 500, -641, 141, -141, -107, -341, -4, -366, -204, 
-756, -244, 512, 500, -634, 134, -151, -107, -346, -9, -366, -204, 
-746, -244, 502, 495, -624, 129, -161, -107, -351, -9, -370, -204, 
-741, -244, 497, 492, -619, 126, -170, -107, -356, -9, -375, -204, 
-722, -244, 478, 483, -600, 117, -170, -117, -361, -19, -375, -209, 
-732, -244, 488, 488, -610, 122, -170, -117, -375, -34, -385, -209, 
-741, -258, 483, 500, -612, 112, -161, -117, -380, -39, -385, -209, 
-741, -263, 478, 502, -610, 107, -151, -117, -390, -43, -385, -219, 
-736, -278, 458, 507, -597, 90, -151, -122, -409, -48, -390, -229, 
-741, -283, 458, 512, -600, 87, -151, -131, -409, -48, -395, -234, 
-741, -287, 453, 514, -597, 82, -151, -136, -409, -53, -400, -234, 
-741, -287, 453, 514, -597, 82, -156, -136, -409, -58, -405, -234, 
-746, -287, 458, 517, -602, 85, -146, -136, -409, -63, -405, -234, 
-741, -283, 458, 512, -600, 87, -156, -136, -409, -58, -400, -234, 
-746, -287, 458, 517, -602, 85, -151, -126, -419, -58, -409, -224, 
-751, -292, 458, 522, -605, 82, -146, -126, -419, -58, -409, -224, 
-756, -297, 458, 527, -607, 80, -141, -126, -419, -58, -409, -224, 
-761, -302, 458, 531, -610, 78, -136, -126, -419, -58, -409, -224, 
-780, -312, 468, 546, -624, 78, -122, -122, -405, -48, -400, -234, 
-780, -322, 458, 551, -619, 68, -112, -122, -405, -53, -405, -244, 
-795, -331, 463, 563, -629, 65, -97, -122, -405, -58, -405, -248, 
-800, -341, 458, 570, -629, 58, -87, -122, -405, -58, -414, -248, 
-819, -341, 478, 580, -649, 68, -82, -112, -409, -73, -429, -253, 
-829, -351, 478, 590, -653, 63, -82, -112, -409, -73, -429, -253, 
-834, -356, 478, 595, -656, 61, -87, -112, -414, -78, -429, -258, 
-834, -356, 478, 595, -656, 61, -92, -112, -414, -78, -434, -263, 
-824, -370, 453, 597, -639, 41, -87, -112, -424, -82, -434, -258, 
-824, -380, 444, 602, -634, 31, -87, -112, -429, -82, -439, -263, 
-824, -385, 439, 605, -631, 26, -87, -117, -429, -87, -439, -268, 
-824, -390, 434, 607, -629, 21, -87, -117, -429, -87, -444, -268, 
-829, -380, 448, 605, -639, 34, -73, -107, -424, -92, -448, -278, 
-829, -385, 444, 607, -636, 29, -73, -107, -424, -92, -448, -278, 
-829, -385, 444, 607, -636, 29, -73, -107, -424, -92, -448, -278, 
-829, -385, 444, 607, -636, 29, -68, -102, -424, -97, -448, -278, 
-819, -385, 434, 602, -627, 24, -78, -102, -429, -87, -448, -278, 
-824, -385, 439, 605, -631, 26, -78, -107, -429, -87, -448, -278, 
-824, -385, 439, 605, -631, 26, -78, -107, -424, -87, -453, -278, 
-824, -385, 439, 605, -631, 26, -73, -102, -424, -87, -453, -278, 
-834, -395, 439, 614, -636, 21, -73, -112, -424, -97, -448, -278, 
-834, -395, 439, 614, -636, 21, -78, -117, -424, -87, -448, -278, 
-834, -400, 434, 617, -634, 17, -78, -117, -424, -87, -448, -278, 
-844, -400, 444, 622, -644, 21, -78, -117, -424, -87, -448, -278, 
-844, -400, 444, 622, -644, 21, -78, -117, -434, -87, -448, -278, 
-844, -400, 444, 622, -644, 21, -78, -107, -434, -87, -448, -278, 
-844, -400, 444, 622, -644, 21, -73, -107, -434, -92, -448, -283, 
-844, -405, 439, 624, -641, 17, -73, -107, -434, -92, -448, -283, 
-834, -400, 434, 617, -634, 17, -73, -107, -424, -92, -448, -287, 
-834, -400, 434, 617, -634, 17, -73, -107, -424, -92, -453, -287, 
-834, -395, 439, 614, -636, 21, -63, -107, -429, -92, -453, -283, 
-834, -395, 439, 614, -636, 21, -63, -107, -429, -92, -453, -283, 
-829, -395, 434, 612, -631, 19, -68, -107, -429, -92, -453, -292, 
-829, -395, 434, 612, -631, 19, -73, -107, -429, -92, -453, -292, 
-834, -395, 439, 614, -636, 21, -73, -112, -429, -97, -453, -292, 
-834, -395, 439, 614, -636, 21, -68, -112, -429, -97, -453, -297, 
-844, -400, 444, 622, -644, 21, -68, -102, -429, -97, -453, -287, 
-844, -400, 444, 622, -644, 21, -68, -102, -429, -97, -453, -287, 
-844, -400, 444, 622, -644, 21, -68, -102, -429, -97, -453, -287, 
-849, -400, 448, 624, -649, 24, -68, -102, -429, -97, -453, -287, 
-839, -405, 434, 622, -636, 14, -68, -102, -429, -97, -453, -292, 
-839, -405, 434, 622, -636, 14, -68, -102, -429, -97, -453, -292, 
-834, -405, 429, 619, -631, 12, -68, -102, -429, -97, -453, -287, 
-834, -405, 429, 619, -631, 12, -68, -102, -434, -97, -463, -287, 
-834, -395, 439, 614, -636, 21, -73, -112, -434, -97, -463, -287, 
-834, -395, 439, 614, -636, 21, -73, -112, -429, -92, -453, -287, 
-834, -395, 439, 614, -636, 21, -73, -112, -429, -92, -453, -287, 
-834, -395, 439, 614, -636, 21, -73, -112, -429, -92, -453, -287, 
-844, -395, 448, 619, -646, 26, -73, -112, -429, -97, -453, -297, 
-844, -395, 448, 619, -646, 26, -73, -112, -434, -97, -453, -297, 
-844, -395, 448, 619, -646, 26, -73, -112, -434, -97, -458, -297, 
-844, -390, 453, 617, -649, 31, -73, -107, -434, -97, -458, -292, 
-834, -390, 444, 612, -639, 26, -73, -97, -429, -97, -458, -283, 
-834, -395, 439, 614, -636, 21, -73, -102, -429, -97, -458, -287, 
-834, -395, 439, 614, -636, 21, -73, -102, -429, -97, -458, -287, 
-834, -395, 439, 614, -636, 21, -73, -102, -429, -97, -458, -287, 
-834, -400, 434, 617, -634, 17, -73, -112, -434, -97, -468, -287, 
-834, -400, 434, 617, -634, 17, -73, -112, -434, -97, -468, -287, 
-834, -400, 434, 617, -634, 17, -73, -112, -434, -97, -468, -287, 
-834, -400, 434, 617, -634, 17, -73, -112, -434, -97, -468, -287, 
-824, -400, 424, 612, -624, 12, -73, -102, -429, -97, -468, -297, 
-824, -395, 429, 610, -627, 17, -73, -102, -429, -97, -468, -297, 
-829, -395, 434, 612, -631, 19, -68, -102, -424, -97, -468, -292, 
-829, -395, 434, 612, -631, 19, -68, -102, -424, -92, -463, -292, 
-839, -395, 444, 617, -641, 24, -78, -112, -424, -92, -453, -292, 
-829, -395, 434, 612, -631, 19, -78, -112, -424, -92, -453, -292, 
-829, -395, 434, 612, -631, 19, -78, -112, -424, -97, -453, -292, 
-829, -395, 434, 612, -631, 19, -78, -112, -424, -97, -453, -292, 
-829, -405, 424, 617, -627, 9, -78, -112, -434, -102, -463, -292, 
-834, -405, 429, 619, -631, 12, -78, -112, -434, -102, -468, -292, 
-834, -409, 424, 622, -629, 7, -78, -112, -434, -102, -468, -292, 
-834, -409, 424, 622, -629, 7, -78, -112, -434, -102, -468, -292, 
-819, -395, 424, 607, -622, 14, -78, -102, -424, -92, -458, -292, 
-819, -395, 424, 607, -622, 14, -78, -112, -424, -92, -458, -292, 
-834, -395, 439, 614, -636, 21, -78, -112, -419, -78, -453, -283, 
-844, -385, 458, 614, -651, 36, -73, -112, -405, -73, -444, -278, 
-844, -375, 468, 610, -656, 46, -68, -112, -385, -63, -439, -278, 
-863, -370, 492, 617, -678, 61, -53, -97, -366, -53, -429, -273, 
-888, -346, 541, 617, -714, 97, -43, -97, -331, -24, -409, -263, 
-907, -336, 570, 622, -739, 117, -19, -97, -302, -4, -395, -258, 
-917, -336, 580, 627, -749, 122, -19, -92, -302, 4, -390, -258, 
-902, -341, 561, 622, -732, 109, -29, -87, -322, 4, -385, -248, 
-878, -336, 541, 607, -710, 102, -39, -63, -341, 4, -375, -239, 
-834, -341, 492, 588, -663, 75, -58, -29, -356, 4, -366, -224, 
-785, -341, 444, 563, -614, 51, -73, -14, -375, 4, -356, -219, 
-727, -336, 390, 531, -558, 26, -112, -43, -424, -9, -346, -200, 
-644, -322, 322, 483, -483, 0, -185, -73, -492, -48, -346, -170, 
-512, -297, 214, 405, -363, -41, -292, -112, -595, -92, -346, -146, 
-356, -244, 112, 300, -234, -65, -414, -180, -697, -131, -341, -107, 
-200, -175, 24, 187, -112, -75, -531, -248, -790, -156, -312, -58, 
-43, -92, -48, 68, 2, -70, -653, -302, -883, -185, -292, -9, 
131, -29, -161, -51, 146, -95, -785, -361, -985, -214, -273, 29, 
268, 14, -253, -141, 261, -119, -883, -405, -1078, -258, -283, 48, 
351, 0, -351, -175, 351, -175, -936, -439, -1176, -331, -331, 29, 
390, -117, -507, -136, 448, -312, -932, -439, -1307, -488, -497, -87, 
390, -336, -727, -26, 558, -531, -893, -429, -1464, -707, -741, -278, 
395, -531, -927, 68, 661, -729, -844, -409, -1586, -902, -956, -463, 
395, -663, -1058, 134, 727, -861, -814, -414, -1664, -1024, -1107, -595, 
346, -766, -1112, 209, 729, -939, -780, -468, -1727, -1132, -1229, -688, 
268, -854, -1122, 292, 695, -988, -736, -541, -1781, -1215, -1317, -761, 
146, -912, -1058, 383, 602, -985, -678, -624, -1800, -1268, -1381, -819, 
4, -971, -976, 483, 490, -973, -619, -678, -1766, -1268, -1415, -854, 
-122, -971, -849, 546, 363, -910, -546, -692, -1693, -1220, -1385, -858, 
-209, -907, -697, 558, 244, -802, -492, -663, -1586, -1127, -1317, -810, 
-287, -868, -580, 578, 146, -724, -453, -634, -1478, -1024, -1239, -766, 
-366, -854, -488, 610, 61, -671, -419, -595, -1405, -956, -1185, -732, 
-419, -834, -414, 627, -2, -624, -380, -546, -1327, -878, -1122, -683, 
-458, -780, -322, 619, -68, -551, -351, -478, -1205, -785, -1034, -634, 
-488, -722, -234, 605, -126, -478, -317, -429, -1098, -692, -961, -590, 
-522, -678, -156, 600, -183, -417, -278, -385, -1010, -610, -893, -566, 
-590, -658, -68, 624, -261, -363, -229, -346, -917, -531, -824, -531, 
-658, -629, 29, 644, -344, -300, -195, -312, -819, -463, -771, -497, 
-697, -585, 112, 641, -405, -236, -175, -283, -746, -395, -717, -463, 
-717, -546, 170, 631, -444, -187, -161, -244, -673, -326, -663, -434, 
-771, -527, 244, 649, -507, -141, -146, -209, -624, -273, -619, -400, 
-790, -517, 273, 653, -531, -122, -126, -180, -585, -239, -595, -385, 
-785, -492, 292, 639, -539, -100, -112, -146, -556, -214, -575, -366, 
-785, -463, 322, 624, -553, -70, -97, -126, -527, -190, -551, -346, 
-780, -434, 346, 607, -563, -43, -92, -117, -502, -175, -531, -322, 
-761, -414, 346, 588, -553, -34, -92, -107, -478, -151, -507, -312, 
-761, -405, 356, 583, -558, -24, -102, -97, -463, -131, -483, -307, 
-771, -400, 370, 585, -570, -14, -97, -102, -439, -122, -478, -297, 
-785, -395, 390, 590, -588, -2, -87, -92, -434, -107, -473, -292, 
-805, -385, 419, 595, -612, 17, -97, -97, -434, -92, -468, -292, 
-814, -380, 434, 597, -624, 26, -97, -92, -424, -92, -463, -292, 
-805, -380, 424, 592, -614, 21, -97, -87, -424, -92, -463, -287, 
-805, -380, 424, 592, -614, 21, -92, -82, -424, -82, -463, -287, 
-805, -366, 439, 585, -622, 36, -82, -82, -414, -82, -463, -283, 
-805, -366, 439, 585, -622, 36, -82, -78, -414, -82, -458, -283, 
-800, -366, 434, 583, -617, 34, -82, -73, -405, -82, -453, -283, 
-800, -366, 434, 583, -617, 34, -82, -73, -405, -78, -448, -283, 
-810, -361, 448, 585, -629, 43, -78, -78, -395, -78, -439, -273, 
-810, -361, 448, 585, -629, 43, -78, -78, -390, -73, -439, -273, 
-810, -361, 448, 585, -629, 43, -78, -82, -390, -68, -439, -273, 
-810, -366, 444, 588, -627, 39, -78, -82, -390, -63, -434, -273, 
-810, -356, 453, 583, -631, 48, -78, -73, -400, -53, -439, -283, 
-814, -356, 458, 585, -636, 51, -78, -73, -395, -53, -439, -273, 
-814, -356, 458, 585, -636, 51, -82, -68, -395, -53, -439, -273, 
-810, -356, 453, 583, -631, 48, -82, -68, -395, -53, -439, -273, 
-800, -356, 444, 578, -622, 43, -92, -68, -395, -53, -429, -283, 
-800, -351, 448, 575, -624, 48, -92, -73, -390, -53, -429, -283, 
-795, -351, 444, 573, -619, 46, -92, -73, -390, -53, -429, -278, 
-795, -351, 444, 573, -619, 46, -92, -68, -390, -53, -429, -278, 
-800, -351, 448, 575, -624, 48, -92, -78, -390, -63, -434, -268, 
-800, -351, 448, 575, -624, 48, -92, -78, -390, -63, -434, -268, 
-800, -351, 448, 575, -624, 48, -92, -73, -390, -63, -434, -268, 
-800, -351, 448, 575, -624, 48, -92, -73, -390, -58, -434, -268, 
-810, -361, 448, 585, -629, 43, -82, -63, -380, -58, -429, -268, 
-810, -366, 444, 588, -627, 39, -82, -63, -380, -58, -429, -268, 
-810, -366, 444, 588, -627, 39, -82, -68, -380, -58, -429, -268, 
-810, -361, 448, 585, -629, 43, -82, -68, -380, -58, -429, -268, 
-800, -351, 448, 575, -624, 48, -92, -68, -380, -58, -429, -268, 
-795, -346, 448, 570, -622, 51, -92, -68, -380, -58, -429, -268, 
-790, -346, 444, 568, -617, 48, -92, -68, -380, -58, -424, -268, 
-790, -351, 439, 570, -614, 43, -92, -68, -375, -58, -424, -268, 
-780, -346, 434, 563, -607, 43, -97, -58, -375, -48, -424, -253, 
-780, -341, 439, 561, -610, 48, -97, -53, -375, -48, -424, -253, 
-780, -336, 444, 558, -612, 53, -97, -53, -375, -43, -424, -248, 
-780, -331, 448, 556, -614, 58, -97, -53, -375, -43, -424, -248, 
-790, -341, 448, 566, -619, 53, -97, -53, -380, -53, -424, -244, 
-780, -341, 439, 561, -610, 48, -97, -48, -380, -53, -424, -244, 
-780, -341, 439, 561, -610, 48, -97, -48, -375, -53, -424, -244, 
-780, -336, 444, 558, -612, 53, -97, -48, -375, -53, -419, -244, 
-780, -346, 434, 563, -607, 43, -97, -58, -375, -53, -419, -253, 
-780, -346, 434, 563, -607, 43, -97, -58, -375, -53, -419, -253, 
-780, -346, 434, 563, -607, 43, -97, -58, -375, -53, -419, -253, 
-780, -346, 434, 563, -607, 43, -97, -58, -375, -48, -419, -253, 
-780, -336, 444, 558, -612, 53, -97, -58, -366, -39, -419, -248, 
-775, -331, 444, 553, -610, 56, -97, -58, -366, -39, -419, -248, 
-775, -331, 444, 553, -610, 56, -102, -58, -366, -39, -419, -253, 
-780, -336, 444, 558, -612, 53, -102, -53, -366, -39, -419, -253, 
-771, -336, 434, 553, -602, 48, -102, -43, -366, -53, -419, -263, 
-771, -336, 434, 553, -602, 48, -102, -43, -370, -53, -419, -263, 
-771, -326, 444, 549, -607, 58, -102, -43, -370, -53, -419, -263, 
-771, -326, 444, 549, -607, 58, -102, -43, -366, -48, -419, -258, 
-771, -336, 434, 553, -602, 48, -102, -43, -375, -48, -419, -268, 
-771, -336, 434, 553, -602, 48, -107, -43, -375, -43, -419, -268, 
-771, -336, 434, 553, -602, 48, -107, -43, -370, -43, -419, -263, 
-771, -336, 434, 553, -602, 48, -112, -39, -370, -48, -419, -263, 
-775, -336, 439, 556, -607, 51, -102, -48, -361, -39, -419, -263, 
-775, -336, 439, 556, -607, 51, -102, -48, -361, -39, -419, -263, 
-775, -331, 444, 553, -610, 56, -102, -43, -361, -39, -409, -263, 
-775, -331, 444, 553, -610, 56, -102, -39, -361, -34, -409, -258, 
-771, -331, 439, 551, -605, 53, -102, -29, -361, -34, -409, -248, 
-766, -331, 434, 549, -600, 51, -107, -34, -361, -34, -409, -248, 
-766, -331, 434, 549, -600, 51, -107, -34, -361, -34, -414, -253, 
-766, -326, 439, 546, -602, 56, -107, -29, -361, -29, -414, -253, 
-771, -322, 448, 546, -610, 63, -102, -29, -366, -34, -409, -248, 
-771, -317, 453, 544, -612, 68, -102, -29, -366, -34, -409, -248, 
-771, -317, 453, 544, -612, 68, -107, -29, -366, -34, -409, -248, 
-771, -317, 453, 544, -612, 68, -107, -29, -366, -34, -409, -248, 
-766, -326, 439, 546, -602, 56, -117, -29, -366, -29, -409, -248, 
-756, -326, 429, 541, -592, 51, -117, -29, -366, -29, -409, -248, 
-751, -326, 424, 539, -588, 48, -117, -29, -366, -29, -409, -248, 
-746, -326, 419, 536, -583, 46, -122, -29, -366, -34, -400, -248, 
-746, -312, 434, 529, -590, 61, -122, -24, -351, -24, -400, -248, 
-746, -312, 434, 529, -590, 61, -122, -19, -346, -19, -400, -244, 
-746, -312, 434, 529, -590, 61, -122, -19, -346, -19, -400, -239, 
-736, -307, 429, 522, -583, 61, -122, -19, -346, -19, -400, -239, 
-746, -302, 444, 524, -595, 70, -122, -24, -351, -29, -400, -248, 
-746, -302, 444, 524, -595, 70, -122, -24, -351, -24, -400, -244, 
-746, -302, 444, 524, -595, 70, -126, -24, -356, -19, -395, -244, 
-746, -302, 444, 524, -595, 70, -126, -24, -356, -19, -390, -239, 
-736, -292, 444, 514, -590, 75, -126, -9, -346, -19, -390, -234, 
-732, -292, 439, 512, -585, 73, -131, -4, -346, -9, -390, -234, 
-727, -287, 439, 507, -583, 75, -131, -4, -336, -9, -385, -234, 
-727, -287, 439, 507, -583, 75, -131, -4, -336, -9, -385, -234, 
-727, -283, 444, 505, -585, 80, -136, -4, -341, -9, -385, -244, 
-727, -283, 444, 505, -585, 80, -136, 0, -341, -4, -385, -239, 
-722, -283, 439, 502, -580, 78, -136, 0, -341, -4, -385, -239, 
-717, -278, 439, 497, -578, 80, -146, 4, -341, -4, -385, -239, 
-702, -268, 434, 485, -568, 82, -146, 4, -336, 0, -380, -229, 
-697, -263, 434, 480, -566, 85, -146, 9, -336, 0, -375, -224, 
-692, -258, 434, 475, -563, 87, -146, 9, -336, 4, -375, -224, 
-692, -258, 434, 475, -563, 87, -146, 14, -331, 9, -375, -219, 
-692, -258, 434, 475, -563, 87, -146, 19, -331, 9, -370, -209, 
-683, -253, 429, 468, -556, 87, -151, 24, -326, 9, -370, -204, 
-673, -248, 424, 461, -549, 87, -151, 24, -322, 14, -361, -204, 
-673, -239, 434, 456, -553, 97, -151, 24, -317, 14, -356, -195, 
-668, -248, 419, 458, -544, 85, -161, 24, -317, 24, -346, -200, 
-668, -244, 424, 456, -546, 90, -170, 24, -317, 24, -346, -195, 
-658, -234, 424, 446, -541, 95, -175, 29, -312, 29, -341, -195, 
-649, -234, 414, 441, -531, 90, -175, 29, -312, 34, -336, -190, 
-644, -214, 429, 429, -536, 107, -190, 39, -302, 39, -346, -195, 
-639, -214, 424, 427, -531, 104, -190, 39, -297, 39, -346, -195, 
-629, -204, 424, 417, -527, 109, -195, 48, -297, 43, -336, -190, 
-624, -195, 429, 409, -527, 117, -200, 53, -292, 43, -331, -190, 
-610, -185, 424, 397, -517, 119, -204, 53, -297, 43, -322, -180, 
-605, -175, 429, 390, -517, 126, -204, 53, -297, 53, -317, -170, 
-595, -165, 429, 380, -512, 131, -209, 53, -297, 58, -312, -165, 
-590, -151, 439, 370, -514, 143, -214, 58, -297, 58, -307, -165, 
-580, -151, 429, 366, -505, 139, -209, 58, -292, 63, -307, -161, 
-575, -156, 419, 366, -497, 131, -214, 63, -292, 63, -307, -156, 
-566, -151, 414, 358, -490, 131, -214, 63, -292, 63, -302, -156, 
-561, -156, 405, 358, -483, 124, -219, 68, -292, 63, -302, -156, 
-556, -146, 409, 351, -483, 131, -224, 68, -283, 68, -297, -156, 
-551, -141, 409, 346, -480, 134, -229, 68, -283, 68, -292, -156, 
-546, -136, 409, 341, -478, 136, -229, 73, -283, 68, -292, -151, 
-541, -131, 409, 336, -475, 139, -234, 73, -283, 68, -292, -151, 
-536, -126, 409, 331, -473, 141, -248, 68, -283, 68, -292, -151, 
-536, -126, 409, 331, -473, 141, -248, 68, -283, 73, -292, -146, 
-527, -122, 405, 324, -466, 141, -253, 68, -283, 73, -287, -146, 
-522, -117, 405, 319, -463, 143, -258, 63, -283, 68, -287, -141, 
-512, -117, 395, 314, -453, 139, -268, 63, -283, 78, -278, -131, 
-507, -117, 390, 312, -448, 136, -273, 63, -283, 78, -283, -131, 
-497, -112, 385, 305, -441, 136, -273, 63, -283, 78, -283, -131, 
-488, -107, 380, 297, -434, 136, -278, 58, -283, 78, -278, -131, 
-478, -107, 370, 292, -424, 131, -278, 58, -292, 73, -283, -131, 
-478, -107, 370, 292, -424, 131, -278, 53, -292, 68, -283, -131, 
-478, -112, 366, 295, -422, 126, -278, 48, -297, 63, -287, -131, 
-478, -112, 366, 295, -422, 126, -278, 48, -297, 58, -287, -131, 
-483, -122, 361, 302, -422, 119, -268, 48, -302, 58, -297, -141, 
-483, -122, 361, 302, -422, 119, -273, 43, -312, 48, -297, -141, 
-483, -126, 356, 305, -419, 114, -273, 39, -317, 43, -302, -146, 
-488, -136, 351, 312, -419, 107, -268, 34, -317, 34, -302, -146, 
-502, -156, 346, 329, -424, 95, -263, 19, -322, 43, -312, -151, 
-512, -161, 351, 336, -431, 95, -263, 14, -326, 39, -317, -156, 
-522, -175, 346, 348, -434, 85, -263, 14, -331, 34, -322, -165, 
-531, -185, 346, 358, -439, 80, -258, 9, -336, 29, -326, -170, 
-536, -190, 346, 363, -441, 78, -253, -9, -341, 19, -336, -180, 
-546, -195, 351, 370, -448, 78, -244, -9, -346, 19, -341, -180, 
-556, -200, 356, 378, -456, 78, -239, -14, -346, 19, -341, -180, 
-566, -200, 366, 383, -466, 82, -234, -19, -346, 14, -346, -185, 
-585, -209, 375, 397, -480, 82, -229, -14, -346, 0, -346, -190, 
-600, -219, 380, 409, -490, 80, -224, -19, -351, -4, -351, -200, 
-614, -229, 385, 422, -500, 78, -219, -24, -351, -9, -351, -204, 
-619, -244, 375, 431, -497, 65, -209, -29, -351, -14, -356, -209, 
-634, -248, 385, 441, -509, 68, -204, -43, -370, -19, -361, -224, 
-644, -263, 380, 453, -512, 58, -195, -43, -375, -24, -370, -229, 
-663, -273, 390, 468, -527, 58, -190, -48, -375, -24, -385, -239, 
-673, -283, 390, 478, -531, 53, -190, -53, -375, -29, -385, -244, 
-697, -287, 409, 492, -553, 61, -175, -48, -380, -34, -405, -258, 
-697, -302, 395, 500, -546, 46, -175, -48, -380, -39, -409, -268, 
-707, -317, 390, 512, -549, 36, -170, -53, -380, -43, -414, -268, 
-717, -322, 395, 519, -556, 36, -165, -53, -380, -43, -414, -268, 
-727, -331, 395, 529, -561, 31, -161, -53, -380, -58, -419, -263, 
-727, -331, 395, 529, -561, 31, -151, -53, -385, -63, -424, -268, 
-732, -336, 395, 534, -563, 29, -146, -63, -385, -63, -424, -268, 
-741, -341, 400, 541, -570, 29, -146, -63, -390, -63, -429, -273, 
-736, -336, 400, 536, -568, 31, -151, -63, -390, -58, -424, -278, 
-741, -346, 395, 544, -568, 24, -146, -63, -390, -63, -429, -278, 
-741, -346, 395, 544, -568, 24, -146, -63, -390, -58, -429, -278, 
-746, -346, 400, 546, -573, 26, -146, -63, -390, -53, -434, -283, 
-751, -356, 395, 553, -573, 19, -136, -78, -385, -58, -434, -287, 
-751, -356, 395, 553, -573, 19, -136, -78, -385, -58, -434, -287, 
-756, -361, 395, 558, -575, 17, -131, -78, -385, -58, -434, -287, 
-761, -366, 395, 563, -578, 14, -131, -78, -385, -63, -434, -287, 
-761, -356, 405, 558, -583, 24, -136, -82, -385, -63, -439, -287, 
-766, -356, 409, 561, -588, 26, -136, -82, -385, -68, -439, -292, 
-771, -366, 405, 568, -588, 19, -136, -82, -390, -68, -444, -292, 
-771, -366, 405, 568, -588, 19, -136, -82, -390, -63, -444, -297, 
-771, -380, 390, 575, -580, 4, -131, -78, -405, -68, -458, -302, 
-771, -380, 390, 575, -580, 4, -131, -78, -405, -78, -463, -307, 
-775, -385, 390, 580, -583, 2, -131, -82, -405, -82, -463, -317, 
-775, -385, 390, 580, -583, 2, -126, -82, -405, -92, -463, -322, 
-785, -385, 400, 585, -592, 7, -126, -82, -405, -87, -463, -312, 
-785, -385, 400, 585, -592, 7, -131, -87, -405, -87, -463, -312, 
-785, -385, 400, 585, -592, 7, -131, -87, -405, -87, -468, -312, 
-785, -385, 400, 585, -592, 7, -131, -87, -409, -87, -468, -312, 
-775, -385, 390, 580, -583, 2, -122, -78, -409, -97, -468, -307, 
-780, -385, 395, 583, -588, 4, -122, -73, -409, -92, -468, -307, 
-780, -390, 390, 585, -585, 0, -122, -73, -405, -92, -468, -307, 
-775, -395, 380, 585, -578, -7, -122, -73, -405, -92, -463, -317, 
-775, -395, 380, 585, -578, -7, -131, -68, -405, -92, -463, -317, 
-780, -400, 380, 590, -580, -9, -126, -68, -405, -92, -463, -317, 
-780, -400, 380, 590, -580, -9, -126, -68, -405, -92, -468, -312, 
-780, -400, 380, 590, -580, -9, -126, -68, -405, -92, -473, -312, 
-780, -409, 370, 595, -575, -19, -117, -68, -405, -92, -473, -322, 
-780, -409, 370, 595, -575, -19, -117, -68, -405, -92, -473, -322, 
-780, -409, 370, 595, -575, -19, -117, -68, -405, -92, -473, -322, 
-780, -414, 366, 597, -573, -24, -117, -68, -405, -92, -473, -322, 
-790, -405, 385, 597, -588, -9, -117, -78, -405, -92, -473, -322, 
-790, -400, 390, 595, -590, -4, -112, -73, -405, -87, -473, -322, 
-790, -400, 390, 595, -590, -4, -112, -73, -400, -87, -473, -322, 
-790, -395, 395, 592, -592, 0, -117, -78, -400, -87, -473, -322, 
-780, -385, 395, 583, -588, 4, -117, -78, -405, -97, -483, -331, 
-780, -385, 395, 583, -588, 4, -117, -78, -409, -97, -483, -331, 
-780, -385, 395, 583, -588, 4, -117, -82, -414, -97, -478, -326, 
-780, -385, 395, 583, -588, 4, -117, -82, -419, -97, -478, -326, 
-790, -385, 405, 588, -597, 9, -117, -73, -409, -97, -478, -317, 
-790, -390, 400, 590, -595, 4, -117, -73, -409, -97, -478, -317, 
-790, -395, 395, 592, -592, 0, -117, -73, -409, -97, -478, -317, 
-790, -400, 390, 595, -590, -4, -117, -73, -409, -97, -478, -317, 
-800, -400, 400, 600, -600, 0, -117, -78, -409, -87, -478, -317, 
-800, -395, 405, 597, -602, 4, -117, -78, -409, -82, -473, -317, 
-800, -395, 405, 597, -602, 4, -117, -82, -409, -82, -473, -317, 
-800, -395, 405, 597, -602, 4, -117, -82, -409, -82, -473, -317, 
-800, -385, 414, 592, -607, 14, -126, -82, -400, -73, -468, -317, 
-800, -380, 419, 590, -610, 19, -126, -82, -400, -73, -463, -317, 
-800, -375, 424, 588, -612, 24, -126, -82, -400, -73, -463, -317, 
-800, -370, 429, 585, -614, 29, -126, -87, -400, -73, -463, -312, 
-790, -361, 429, 575, -610, 34, -126, -87, -395, -78, -453, -302, 
-790, -361, 429, 575, -610, 34, -126, -87, -395, -78, -453, -297, 
-790, -361, 429, 575, -610, 34, -126, -87, -400, -78, -453, -297, 
-790, -361, 429, 575, -610, 34, -126, -87, -400, -78, -453, -297, 
-800, -366, 434, 583, -617, 34, -117, -87, -390, -68, -453, -307, 
-800, -366, 434, 583, -617, 34, -117, -87, -390, -68, -453, -307, 
-800, -370, 429, 585, -614, 29, -117, -87, -390, -68, -453, -307, 
-800, -375, 424, 588, -612, 24, -122, -87, -390, -68, -453, -307, 
-800, -361, 439, 580, -619, 39, -131, -97, -395, -73, -463, -317, 
-800, -356, 444, 578, -622, 43, -131, -97, -395, -68, -458, -317, 
-800, -356, 444, 578, -622, 43, -131, -97, -400, -68, -453, -317, 
-800, -361, 439, 580, -619, 39, -131, -97, -405, -68, -453, -317, 
-790, -361, 429, 575, -610, 34, -126, -97, -405, -78, -453, -312, 
-790, -361, 429, 575, -610, 34, -126, -97, -405, -78, -453, -307, 
-790, -366, 424, 578, -607, 29, -126, -97, -405, -78, -453, -302, 
-790, -366, 424, 578, -607, 29, -126, -97, -405, -78, -453, -297, 
-795, -366, 429, 580, -612, 31, -126, -87, -395, -63, -444, -302, 
-795, -366, 429, 580, -612, 31, -126, -87, -395, -63, -444, -302, 
-795, -366, 429, 580, -612, 31, -131, -87, -395, -63, -448, -302, 
-790, -366, 424, 578, -607, 29, -131, -87, -395, -68, -448, -302, 
-800, -375, 424, 588, -612, 24, -136, -87, -395, -68, -439, -302, 
-800, -375, 424, 588, -612, 24, -136, -87, -395, -68, -439, -307, 
-795, -375, 419, 585, -607, 21, -136, -87, -395, -68, -439, -307, 
-790, -370, 419, 580, -605, 24, -136, -87, -395, -63, -439, -307, 
-780, -366, 414, 573, -597, 24, -136, -87, -395, -73, -448, -297, 
-785, -361, 424, 573, -605, 31, -131, -87, -395, -73, -448, -292, 
-785, -361, 424, 573, -605, 31, -131, -87, -395, -73, -444, -292, 
-790, -356, 434, 573, -612, 39, -131, -87, -395, -73, -444, -297, 
-780, -346, 434, 563, -607, 43, -126, -87, -395, -73, -448, -297, 
-780, -346, 434, 563, -607, 43, -126, -87, -395, -73, -448, -297, 
-780, -346, 434, 563, -607, 43, -126, -87, -395, -73, -448, -297, 
-780, -346, 434, 563, -607, 43, -122, -87, -395, -73, -448, -297, 
-771, -346, 424, 558, -597, 39, -131, -87, -395, -73, -448, -307, 
-771, -346, 424, 558, -597, 39, -131, -87, -395, -73, -448, -307, 
-771, -346, 424, 558, -597, 39, -136, -87, -400, -73, -448, -307, 
-771, -346, 424, 558, -597, 39, -136, -87, -400, -73, -448, -307, 
-775, -351, 424, 563, -600, 36, -126, -87, -409, -82, -458, -307, 
-780, -356, 424, 568, -602, 34, -126, -87, -409, -82, -463, -307, 
-785, -361, 424, 573, -605, 31, -126, -87, -414, -82, -463, -307, 
-785, -366, 419, 575, -602, 26, -126, -87, -414, -87, -463, -307, 
-775, -366, 409, 570, -592, 21, -136, -87, -419, -87, -463, -317, 
-775, -370, 405, 573, -590, 17, -136, -87, -419, -87, -463, -317, 
-775, -370, 405, 573, -590, 17, -136, -87, -419, -87, -463, -317, 
-775, -366, 409, 570, -592, 21, -136, -87, -419, -82, -463, -317, 
-785, -356, 429, 570, -607, 36, -136, -87, -414, -82, -458, -307, 
-785, -356, 429, 570, -607, 36, -136, -87, -409, -82, -458, -307, 
-785, -356, 429, 570, -607, 36, -136, -87, -405, -82, -458, -307, 
-785, -356, 429, 570, -607, 36, -136, -87, -400, -82, -458, -307, 
-785, -361, 424, 573, -605, 31, -136, -87, -409, -73, -458, -317, 
-785, -361, 424, 573, -605, 31, -136, -87, -409, -73, -463, -317, 
-785, -356, 429, 570, -607, 36, -136, -92, -409, -78, -463, -317, 
-785, -356, 429, 570, -607, 36, -136, -92, -409, -78, -463, -322, 
-785, -356, 429, 570, -607, 36, -136, -97, -409, -87, -463, -331, 
-785, -356, 429, 570, -607, 36, -136, -97, -405, -87, -463, -326, 
-785, -361, 424, 573, -605, 31, -136, -97, -405, -87, -463, -326, 
-785, -366, 419, 575, -602, 26, -136, -97, -409, -82, -463, -326, 
-775, -370, 405, 573, -590, 17, -136, -97, -409, -82, -463, -317, 
-775, -356, 419, 566, -597, 31, -136, -97, -409, -82, -463, -317, 
-775, -351, 424, 563, -600, 36, -136, -97, -409, -82, -463, -317, 
-775, -346, 429, 561, -602, 41, -136, -97, -409, -87, -463, -317, 
-766, -351, 414, 558, -590, 31, -136, -97, -419, -78, -463, -312, 
-766, -356, 409, 561, -588, 26, -136, -97, -419, -78, -463, -317, 
-766, -361, 405, 563, -585, 21, -136, -97, -419, -78, -463, -317, 
-766, -366, 400, 566, -583, 17, -136, -97, -419, -78, -463, -317, 
-771, -366, 405, 568, -588, 19, -126, -87, -424, -78, -463, -312, 
-775, -370, 405, 573, -590, 17, -126, -87, -424, -82, -463, -312, 
-780, -375, 405, 578, -592, 14, -126, -87, -424, -82, -463, -307, 
-785, -380, 405, 583, -595, 12, -126, -87, -424, -87, -463, -307, 
-795, -385, 409, 590, -602, 12, -126, -97, -414, -78, -463, -312, 
-790, -385, 405, 588, -597, 9, -126, -97, -409, -78, -463, -317, 
-790, -380, 409, 585, -600, 14, -126, -97, -409, -78, -463, -317, 
-795, -380, 414, 588, -605, 17, -126, -97, -405, -78, -458, -322, 
-785, -380, 405, 583, -595, 12, -126, -97, -409, -82, -463, -331, 
-785, -375, 409, 580, -597, 17, -126, -97, -414, -87, -468, -331, 
-785, -361, 424, 573, -605, 31, -126, -97, -419, -92, -473, -331, 
-785, -361, 424, 573, -605, 31, -126, -92, -424, -97, -473, -331, 
-795, -366, 429, 580, -612, 31, -126, -92, -434, -107, -478, -336, 
-795, -370, 424, 583, -610, 26, -126, -92, -429, -102, -473, -336, 
-785, -375, 409, 580, -597, 17, -126, -92, -429, -97, -473, -336, 
-785, -380, 405, 583, -595, 12, -126, -92, -429, -92, -473, -341, 
-780, -380, 400, 580, -590, 9, -136, -102, -434, -92, -483, -331, 
-780, -366, 414, 573, -597, 24, -136, -97, -424, -92, -483, -331, 
-775, -366, 409, 570, -592, 21, -141, -97, -424, -92, -483, -331, 
-775, -370, 405, 573, -590, 17, -141, -102, -419, -92, -478, -331, 
-775, -370, 405, 573, -590, 17, -131, -102, -429, -92, -483, -331, 
-775, -370, 405, 573, -590, 17, -131, -102, -429, -92, -483, -331, 
-771, -366, 405, 568, -588, 19, -141, -102, -429, -92, -483, -331, 
-771, -361, 409, 566, -590, 24, -146, -102, -424, -87, -478, -326, 
-785, -361, 424, 573, -605, 31, -136, -102, -424, -97, -478, -336, 
-790, -366, 424, 578, -607, 29, -141, -102, -424, -92, -478, -336, 
-785, -375, 409, 580, -597, 17, -141, -102, -429, -92, -478, -336, 
-780, -385, 395, 583, -588, 4, -141, -102, -429, -92, -478, -336, 
-785, -385, 400, 585, -592, 7, -126, -102, -439, -102, -488, -336, 
-790, -395, 395, 592, -592, 0, -126, -102, -439, -97, -492, -341, 
-785, -385, 400, 585, -592, 7, -131, -102, -439, -97, -492, -346, 
-785, -385, 400, 585, -592, 7, -131, -102, -439, -97, -492, -351, 
-775, -370, 405, 573, -590, 17, -136, -92, -424, -92, -478, -341, 
-775, -366, 409, 570, -592, 21, -136, -92, -419, -87, -473, -336, 
-775, -361, 414, 568, -595, 26, -136, -97, -414, -87, -468, -331, 
-785, -361, 424, 573, -605, 31, -136, -97, -414, -82, -468, -331, 
-785, -351, 434, 568, -610, 41, -141, -87, -405, -73, -468, -326, 
-785, -346, 439, 566, -612, 46, -141, -87, -409, -73, -468, -322, 
-775, -346, 429, 561, -602, 41, -141, -87, -409, -78, -463, -317, 
-785, -351, 434, 568, -610, 41, -141, -92, -409, -78, -458, -317, 
-775, -336, 439, 556, -607, 51, -141, -87, -409, -63, -453, -317, 
-771, -326, 444, 549, -607, 58, -141, -87, -400, -58, -453, -312, 
-771, -322, 448, 546, -610, 63, -136, -82, -390, -58, -448, -312, 
-775, -317, 458, 546, -617, 70, -131, -82, -380, -53, -448, -312, 
-775, -312, 463, 544, -619, 75, -141, -87, -366, -43, -448, -312, 
-775, -312, 463, 544, -619, 75, -141, -87, -366, -48, -444, -312, 
-771, -307, 463, 539, -617, 78, -141, -87, -366, -48, -444, -312, 
-771, -302, 468, 536, -619, 82, -141, -87, -366, -48, -444, -312, 
-746, -287, 458, 517, -602, 85, -151, -82, -361, -39, -429, -302, 
-751, -283, 468, 517, -610, 92, -151, -78, -366, -43, -434, -297, 
-756, -292, 463, 524, -610, 85, -141, -73, -361, -39, -429, -292, 
-751, -292, 458, 522, -605, 82, -131, -68, -361, -34, -424, -297, 
-751, -283, 468, 517, -610, 92, -136, -68, -366, -34, -434, -297, 
-751, -283, 468, 517, -610, 92, -141, -73, -361, -29, -434, -302, 
-746, -283, 463, 514, -605, 90, -146, -73, -356, -29, -434, -302, 
-741, -278, 463, 509, -602, 92, -156, -68, -351, -29, -434, -302, 
-732, -268, 463, 500, -597, 97, -170, -78, -351, -34, -434, -302, 
-732, -273, 458, 502, -595, 92, -170, -78, -356, -34, -434, -302, 
-727, -278, 448, 502, -588, 85, -170, -73, -361, -39, -434, -302, 
-722, -278, 444, 500, -583, 82, -165, -73, -361, -39, -434, -302, 
-722, -273, 448, 497, -585, 87, -175, -87, -370, -39, -424, -292, 
-717, -273, 444, 495, -580, 85, -185, -92, -370, -34, -424, -287, 
-712, -273, 439, 492, -575, 82, -200, -92, -375, -24, -429, -287, 
-707, -273, 434, 490, -570, 80, -214, -92, -375, -19, -429, -283, 
-707, -273, 434, 490, -570, 80, -224, -102, -390, -48, -439, -283, 
-712, -283, 429, 497, -570, 73, -224, -102, -395, -39, -434, -287, 
-712, -273, 439, 492, -575, 82, -214, -107, -390, -39, -439, -292, 
-722, -287, 434, 505, -578, 73, -204, -107, -400, -48, -453, -297, 
-722, -292, 429, 507, -575, 68, -204, -107, -409, -58, -458, -302, 
-722, -297, 424, 509, -573, 63, -204, -107, -419, -68, -463, -307, 
-722, -302, 419, 512, -570, 58, -204, -107, -429, -78, -468, -312, 
-712, -312, 400, 512, -556, 43, -204, -117, -439, -87, -468, -322, 
-712, -312, 400, 512, -556, 43, -204, -117, -439, -87, -468, -322, 
-712, -312, 400, 512, -556, 43, -204, -117, -439, -87, -468, -322, 
-712, -312, 400, 512, -556, 43, -204, -117, -439, -87, -468, -322, 
-722, -317, 405, 519, -563, 43, -195, -117, -444, -92, -473, -322, 
-722, -322, 400, 522, -561, 39, -195, -117, -448, -97, -478, -322, 
-722, -326, 395, 524, -558, 34, -195, -117, -453, -102, -483, -322, 
-722, -331, 390, 527, -556, 29, -195, -117, -458, -107, -488, -322, 
-732, -336, 395, 534, -563, 29, -190, -107, -458, -107, -497, -326, 
-741, -341, 400, 541, -570, 29, -185, -107, -458, -107, -497, -331, 
-761, -356, 405, 558, -583, 24, -170, -102, -453, -107, -497, -336, 
-771, -370, 400, 570, -585, 14, -161, -102, -453, -112, -502, -351, 
-775, -366, 409, 570, -592, 21, -161, -102, -453, -112, -497, -346, 
-780, -370, 409, 575, -595, 19, -156, -102, -453, -107, -502, -346, 
-790, -375, 414, 583, -602, 19, -146, -92, -458, -107, -502, -351, 
-800, -380, 419, 590, -610, 19, -141, -92, -458, -102, -497, -351, 
-805, -395, 409, 600, -607, 7, -151, -102, -458, -97, -497, -356, 
-805, -395, 409, 600, -607, 7, -151, -102, -453, -97, -502, -361, 
-805, -400, 405, 602, -605, 2, -146, -102, -448, -102, -502, -366, 
-805, -409, 395, 607, -600, -7, -146, -102, -448, -102, -507, -370, 
-795, -414, 380, 605, -588, -17, -136, -97, -453, -117, -507, -366, 
-795, -419, 375, 607, -585, -21, -136, -97, -458, -117, -512, -366, 
-790, -419, 370, 605, -580, -24, -131, -97, -468, -122, -517, -366, 
-790, -424, 366, 607, -578, -29, -131, -97, -473, -122, -517, -366, 
-800, -434, 366, 617, -583, -34, -122, -97, -473, -122, -527, -375, 
-800, -434, 366, 617, -583, -34, -117, -92, -473, -126, -527, -375, 
-800, -434, 366, 617, -583, -34, -117, -92, -478, -126, -527, -375, 
-805, -434, 370, 619, -588, -31, -117, -97, -478, -126, -527, -375, 
-805, -434, 370, 619, -588, -31, -126, -87, -483, -131, -541, -380, 
-805, -434, 370, 619, -588, -31, -122, -82, -483, -136, -541, -385, 
-805, -434, 370, 619, -588, -31, -122, -82, -483, -141, -536, -390, 
-805, -434, 370, 619, -588, -31, -126, -87, -483, -136, -536, -395, 
-805, -434, 370, 619, -588, -31, -126, -97, -473, -126, -527, -385, 
-814, -429, 385, 622, -600, -21, -126, -97, -473, -126, -527, -385, 
-814, -424, 390, 619, -602, -17, -126, -97, -473, -126, -527, -385, 
-814, -419, 395, 617, -605, -12, -126, -87, -473, -126, -527, -385, 
-824, -429, 395, 627, -610, -17, -122, -87, -473, -131, -527, -380, 
-824, -434, 390, 629, -607, -21, -122, -87, -473, -131, -527, -380, 
-824, -439, 385, 631, -605, -26, -122, -87, -473, -131, -527, -385, 
-824, -439, 385, 631, -605, -26, -122, -87, -473, -131, -531, -385, 
-819, -444, 375, 631, -597, -34, -122, -78, -478, -131, -531, -380, 
-814, -444, 370, 629, -592, -36, -122, -78, -478, -131, -531, -380, 
-805, -444, 361, 624, -583, -41, -126, -78, -478, -131, -531, -380, 
-800, -444, 356, 622, -578, -43, -131, -78, -478, -131, -531, -380, 
-805, -434, 370, 619, -588, -31, -122, -82, -478, -126, -522, -380, 
-805, -434, 370, 619, -588, -31, -117, -82, -478, -126, -522, -385, 
-805, -439, 366, 622, -585, -36, -117, -82, -478, -126, -522, -385, 
-805, -439, 366, 622, -585, -36, -117, -82, -478, -126, -522, -385, 
-805, -429, 375, 617, -590, -26, -117, -82, -468, -126, -531, -385, 
-810, -429, 380, 619, -595, -24, -117, -82, -468, -126, -531, -385, 
-810, -434, 375, 622, -592, -29, -117, -82, -468, -126, -531, -390, 
-810, -434, 375, 622, -592, -29, -117, -82, -468, -126, -531, -390, 
-814, -444, 370, 629, -592, -36, -117, -82, -478, -126, -522, -375, 
-814, -444, 370, 629, -592, -36, -117, -82, -483, -126, -531, -375, 
-814, -444, 370, 629, -592, -36, -122, -82, -483, -126, -531, -375, 
-814, -444, 370, 629, -592, -36, -122, -82, -478, -122, -522, -375, 
-814, -434, 380, 624, -597, -26, -122, -82, -478, -126, -531, -390, 
-814, -434, 380, 624, -597, -26, -122, -82, -478, -131, -531, -395, 
-814, -434, 380, 624, -597, -26, -122, -82, -478, -141, -531, -400, 
-814, -434, 380, 624, -597, -26, -122, -82, -483, -146, -531, -405, 
-805, -424, 380, 614, -592, -21, -122, -82, -473, -141, -527, -395, 
-805, -419, 385, 612, -595, -17, -122, -78, -473, -136, -527, -390, 
-805, -419, 385, 612, -595, -17, -122, -78, -478, -131, -527, -390, 
-805, -424, 380, 614, -592, -21, -122, -82, -478, -126, -527, -395, 
-805, -434, 370, 619, -588, -31, -122, -82, -478, -126, -536, -395, 
-805, -434, 370, 619, -588, -31, -122, -82, -478, -126, -536, -395, 
-805, -439, 366, 622, -585, -36, -122, -82, -473, -126, -536, -395, 
-805, -439, 366, 622, -585, -36, -122, -82, -473, -126, -536, -395, 
-814, -439, 375, 627, -595, -31, -122, -82, -473, -136, -546, -395, 
-814, -439, 375, 627, -595, -31, -122, -82, -473, -136, -546, -395, 
-814, -439, 375, 627, -595, -31, -122, -82, -478, -136, -546, -395, 
-814, -434, 380, 624, -597, -26, -122, -82, -478, -136, -546, -395, 
-819, -439, 380, 629, -600, -29, -117, -82, -473, -136, -546, -390, 
-819, -444, 375, 631, -597, -34, -117, -82, -473, -131, -541, -390, 
-819, -448, 370, 634, -595, -39, -117, -82, -473, -131, -541, -390, 
-810, -453, 356, 631, -583, -48, -117, -82, -473, -131, -541, -390, 
-805, -448, 356, 627, -580, -46, -126, -82, -483, -136, -531, -390, 
-800, -444, 356, 622, -578, -43, -126, -82, -483, -136, -531, -390, 
-795, -439, 356, 617, -575, -41, -126, -82, -483, -131, -531, -390, 
-795, -434, 361, 614, -578, -36, -126, -82, -483, -131, -536, -390, 
-805, -439, 366, 622, -585, -36, -126, -82, -483, -131, -536, -380, 
-805, -439, 366, 622, -585, -36, -126, -82, -483, -131, -536, -380, 
-800, -434, 366, 617, -583, -34, -126, -82, -483, -131, -536, -380, 
-800, -434, 366, 617, -583, -34, -126, -82, -483, -131, -536, -380, 
-805, -434, 370, 619, -588, -31, -117, -73, -458, -126, -531, -380, 
-824, -424, 400, 624, -612, -12, -102, -63, -434, -102, -512, -375, 
-854, -424, 429, 639, -641, 2, -78, -53, -395, -53, -497, -366, 
-883, -419, 463, 651, -673, 21, -63, -39, -356, -34, -478, -361, 
-907, -414, 492, 661, -700, 39, -34, -19, -331, -14, -478, -370, 
-917, -424, 492, 671, -705, 34, -29, -19, -341, -24, -473, -375, 
-897, -424, 473, 661, -685, 24, -58, -24, -370, -34, -468, -375, 
-844, -409, 434, 627, -639, 12, -78, -9, -390, -34, -453, -356, 
-790, -405, 385, 597, -588, -9, -68, 34, -400, -34, -434, -346, 
-756, -419, 336, 588, -546, -41, -87, 58, -424, -34, -434, -341, 
-697, -409, 287, 553, -492, -61, -131, 34, -473, -43, -414, -317, 
-590, -366, 224, 478, -407, -70, -209, -14, -541, -48, -385, -278, 
-468, -302, 165, 385, -317, -68, -322, -63, -610, -68, -356, -209, 
-346, -219, 126, 283, -236, -46, -458, -131, -683, -63, -297, -117, 
-200, -126, 73, 163, -136, -26, -600, -209, -766, -73, -244, -19, 
-24, -9, 14, 17, -19, 2, -727, -268, -849, -78, -185, 68, 
122, 112, -9, -117, 65, 51, -858, -331, -912, -58, -107, 156, 
239, 224, -14, -231, 126, 104, -971, -390, -966, -39, -58, 224, 
326, 229, -97, -278, 212, 65, -1039, -444, -1058, -102, -97, 224, 
361, 97, -263, -229, 312, -82, -1034, -448, -1205, -263, -253, 97, 
370, -97, -468, -136, 419, -283, -980, -439, -1337, -468, -488, -78, 
351, -278, -629, -36, 490, -453, -932, -429, -1434, -649, -702, -248, 
287, -434, -722, 73, 505, -578, -883, -458, -1517, -805, -878, -395, 
209, -566, -775, 178, 492, -671, -834, -492, -1576, -927, -1029, -517, 
122, -649, -771, 263, 446, -710, -790, -556, -1610, -1015, -1122, -580, 
-14, -736, -722, 375, 353, -729, -717, -619, -1664, -1098, -1220, -653, 
-185, -824, -639, 505, 226, -732, -629, -683, -1673, -1151, -1302, -732, 
-326, -854, -527, 590, 100, -690, -570, -707, -1639, -1122, -1298, -756, 
-414, -844, -429, 629, 7, -636, -527, -683, -1566, -1044, -1249, -741, 
-502, -839, -336, 671, -82, -588, -463, -634, -1478, -971, -1210, -741, 
-590, -839, -248, 714, -170, -544, -395, -595, -1381, -907, -1161, -736, 
-629, -814, -185, 722, -222, -500, -361, -527, -1278, -829, -1098, -702, 
-644, -785, -141, 714, -251, -463, -331, -458, -1190, -761, -1044, -663, 
-663, -771, -107, 717, -278, -439, -302, -409, -1098, -688, -985, -634, 
-692, -741, -48, 717, -322, -395, -258, -351, -1010, -614, -922, -610, 
-717, -717, 0, 717, -358, -358, -219, -307, -932, -541, -873, -575, 
-736, -678, 58, 707, -397, -309, -209, -268, -878, -483, -824, -561, 
-756, -639, 117, 697, -436, -261, -185, -234, -810, -414, -771, -536, 
-785, -605, 180, 695, -483, -212, -165, -204, -756, -356, -727, -522, 
-795, -566, 229, 680, -512, -168, -170, -175, -692, -307, -692, -502, 
-800, -536, 263, 668, -531, -136, -156, -141, -644, -263, -658, -478, 
-800, -507, 292, 653, -546, -107, -146, -112, -585, -229, -624, -453, 
-795, -492, 302, 644, -549, -95, -141, -87, -546, -204, -595, -434, 
-775, -483, 292, 629, -534, -95, -146, -78, -527, -190, -580, -414, 
-771, -463, 307, 617, -539, -78, -141, -78, -522, -175, -570, -400, 
-780, -463, 317, 622, -549, -73, -141, -68, -507, -170, -566, -390, 
-771, -453, 317, 612, -544, -68, -131, -68, -512, -161, -561, -395, 
-761, -439, 322, 600, -541, -58, -126, -63, -517, -151, -556, -395, 
-775, -434, 341, 605, -558, -46, -136, -73, -512, -136, -541, -390, 
-785, -434, 351, 610, -568, -41, -126, -68, -497, -131, -536, -390, 
-795, -429, 366, 612, -580, -31, -126, -63, -483, -131, -531, -390, 
-785, -429, 356, 607, -570, -36, -126, -58, -478, -131, -531, -385, 
-785, -429, 356, 607, -570, -36, -122, -53, -473, -122, -531, -385, 
-785, -429, 356, 607, -570, -36, -122, -53, -463, -112, -531, -380, 
-785, -434, 351, 610, -568, -41, -122, -48, -463, -112, -527, -380, 
-780, -439, 341, 610, -561, -48, -122, -43, -453, -112, -522, -380, 
-780, -444, 336, 612, -558, -53, -122, -43, -453, -107, -517, -380, 
-766, -414, 351, 590, -558, -31, -122, -58, -468, -112, -527, -390, 
-761, -400, 361, 580, -561, -19, -126, -58, -468, -112, -527, -390, 
-756, -385, 370, 570, -563, -7, -131, -63, -473, -112, -527, -390, 
-751, -375, 375, 563, -563, 0, -136, -63, -478, -112, -522, -390, 
-785, -414, 370, 600, -578, -21, -117, -34, -458, -102, -512, -375, 
-814, -444, 370, 629, -592, -36, -107, -24, -444, -92, -507, -361, 
-839, -473, 366, 656, -602, -53, -102, -9, -434, -82, -502, -356, 
-858, -502, 356, 680, -607, -73, -92, 0, -424, -73, -497, -351, 
-829, -473, 356, 651, -592, -58, -107, -14, -448, -97, -507, -370, 
-800, -439, 361, 619, -580, -39, -122, -34, -458, -112, -517, -380, 
-766, -409, 356, 588, -561, -26, -136, -48, -473, -126, -527, -385, 
-736, -380, 356, 558, -546, -12, -151, -58, -488, -141, -536, -395, 
-761, -395, 366, 578, -563, -14, -136, -53, -478, -131, -527, -390, 
-771, -400, 370, 585, -570, -14, -131, -48, -468, -122, -522, -385, 
-780, -405, 375, 592, -578, -14, -126, -39, -458, -112, -517, -380, 
-790, -409, 380, 600, -585, -14, -122, -34, -448, -97, -512, -375, 
-800, -414, 385, 607, -592, -14, -122, -24, -439, -87, -512, -370, 
-800, -424, 375, 612, -588, -24, -122, -24, -439, -87, -507, -366, 
-800, -429, 370, 614, -585, -29, -122, -29, -439, -87, -502, -361, 
-800, -429, 370, 614, -585, -29, -122, -29, -439, -87, -497, -356, 
-775, -414, 361, 595, -568, -26, -126, -34, -453, -102, -512, -370, 
-766, -395, 370, 580, -568, -12, -131, -39, -458, -107, -517, -375, 
-756, -380, 375, 568, -566, -2, -136, -43, -463, -112, -517, -380, 
-751, -370, 380, 561, -566, 4, -141, -48, -463, -117, -522, -385, 
-775, -390, 385, 583, -580, -2, -131, -39, -453, -102, -517, -370, 
-790, -409, 380, 600, -585, -14, -126, -24, -444, -97, -512, -370, 
-805, -429, 375, 617, -590, -26, -122, -14, -434, -87, -507, -366, 
-819, -448, 370, 634, -595, -39, -117, -4, -424, -82, -502, -366, 
-805, -429, 375, 617, -590, -26, -122, -19, -439, -97, -512, -370, 
-780, -419, 361, 600, -570, -29, -126, -19, -448, -102, -512, -370, 
-766, -409, 356, 588, -561, -26, -131, -24, -453, -107, -512, -370, 
-751, -395, 356, 573, -553, -19, -136, -29, -463, -112, -507, -370, 
-761, -400, 361, 580, -561, -19, -126, -29, -453, -102, -507, -370, 
-771, -405, 366, 588, -568, -19, -126, -29, -453, -102, -507, -370, 
-780, -409, 370, 595, -575, -19, -126, -29, -453, -102, -507, -370, 
-790, -414, 375, 602, -583, -19, -126, -29, -453, -97, -507, -370, 
-775, -405, 370, 590, -573, -17, -126, -24, -448, -87, -507, -356, 
-766, -400, 366, 583, -566, -17, -126, -19, -444, -87, -507, -356, 
-761, -400, 361, 580, -561, -19, -131, -14, -439, -87, -507, -361, 
-761, -405, 356, 583, -558, -24, -131, -4, -434, -87, -507, -361, 
-771, -414, 356, 592, -563, -29, -131, -14, -439, -97, -507, -370, 
-771, -414, 356, 592, -563, -29, -131, -14, -448, -102, -507, -370, 
-771, -405, 366, 588, -568, -19, -131, -14, -453, -107, -507, -370, 
-771, -405, 366, 588, -568, -19, -131, -14, -453, -107, -507, -366, 
-771, -395, 375, 583, -573, -9, -131, -24, -444, -97, -507, -366, 
-771, -395, 375, 583, -573, -9, -136, -24, -444, -92, -507, -366, 
-771, -395, 375, 583, -573, -9, -136, -24, -439, -92, -507, -361, 
-771, -395, 375, 583, -573, -9, -141, -19, -439, -97, -507, -361, 
-766, -400, 366, 583, -566, -17, -141, -9, -439, -87, -507, -361, 
-766, -405, 361, 585, -563, -21, -141, -9, -439, -87, -507, -361, 
-766, -405, 361, 585, -563, -21, -141, -4, -439, -87, -497, -361, 
-766, -409, 356, 588, -561, -26, -141, 0, -439, -82, -497, -356, 
-761, -400, 361, 580, -561, -19, -141, -9, -448, -87, -507, -356, 
-756, -400, 356, 578, -556, -21, -146, -14, -448, -92, -507, -356, 
-756, -400, 356, 578, -556, -21, -146, -14, -448, -97, -512, -361, 
-756, -395, 361, 575, -558, -17, -146, -9, -448, -97, -512, -361, 
-761, -400, 361, 580, -561, -19, -141, 0, -439, -82, -502, -356, 
-761, -395, 366, 578, -563, -14, -141, 0, -434, -82, -497, -356, 
-761, -395, 366, 578, -563, -14, -146, 0, -429, -82, -492, -356, 
-761, -395, 366, 578, -563, -14, -146, 0, -424, -82, -488, -356, 
-751, -385, 366, 568, -558, -9, -146, 0, -434, -78, -488, -366, 
-746, -385, 361, 566, -553, -12, -146, 0, -434, -78, -488, -366, 
-746, -385, 361, 566, -553, -12, -146, 0, -434, -78, -488, -366, 
-746, -385, 361, 566, -553, -12, -151, 0, -434, -82, -478, -366, 
-736, -380, 356, 558, -546, -12, -151, -4, -439, -87, -483, -356, 
-736, -380, 356, 558, -546, -12, -151, 0, -434, -87, -488, -351, 
-736, -380, 356, 558, -546, -12, -151, 0, -434, -92, -492, -346, 
-727, -375, 351, 551, -539, -12, -151, 0, -434, -97, -497, -346, 
-736, -380, 356, 558, -546, -12, -161, 14, -429, -87, -488, -346, 
-736, -380, 356, 558, -546, -12, -161, 14, -429, -82, -488, -341, 
-736, -380, 356, 558, -546, -12, -165, 14, -434, -78, -483, -341, 
-736, -380, 356, 558, -546, -12, -165, 14, -434, -78, -478, -336, 
-736, -361, 375, 549, -556, 7, -165, 9, -434, -78, -488, -331, 
-732, -361, 370, 546, -551, 4, -170, 14, -434, -68, -488, -331, 
-727, -356, 370, 541, -549, 7, -170, 14, -424, -68, -483, -331, 
-727, -356, 370, 541, -549, 7, -170, 14, -424, -68, -483, -331, 
-717, -341, 375, 529, -546, 17, -175, 24, -419, -68, -463, -331, 
-717, -341, 375, 529, -546, 17, -175, 29, -419, -63, -463, -326, 
-712, -341, 370, 527, -541, 14, -175, 29, -419, -63, -463, -326, 
-707, -336, 370, 522, -539, 17, -185, 34, -419, -63, -463, -326, 
-707, -346, 361, 527, -534, 7, -175, 24, -414, -58, -468, -336, 
-707, -341, 366, 524, -536, 12, -175, 29, -414, -58, -463, -331, 
-707, -336, 370, 522, -539, 17, -175, 29, -414, -53, -463, -331, 
-712, -336, 375, 524, -544, 19, -175, 34, -409, -48, -463, -326, 
-707, -326, 380, 517, -544, 26, -185, 39, -419, -58, -458, -326, 
-692, -322, 370, 507, -531, 24, -190, 43, -414, -58, -458, -322, 
-678, -317, 361, 497, -519, 21, -190, 43, -409, -53, -448, -322, 
-673, -307, 366, 490, -519, 29, -190, 43, -405, -53, -444, -312, 
-668, -297, 370, 483, -519, 36, -200, 53, -395, -34, -439, -307, 
-668, -292, 375, 480, -522, 41, -209, 53, -395, -34, -434, -302, 
-658, -283, 375, 470, -517, 46, -214, 58, -390, -29, -424, -302, 
-649, -283, 366, 466, -507, 41, -214, 58, -390, -24, -414, -297, 
-653, -283, 370, 468, -512, 43, -209, 58, -400, -24, -419, -292, 
-649, -283, 366, 466, -507, 41, -209, 58, -395, -29, -424, -292, 
-639, -273, 366, 456, -502, 46, -214, 68, -395, -29, -419, -287, 
-634, -263, 370, 448, -502, 53, -219, 73, -390, -34, -419, -287, 
-619, -258, 361, 439, -490, 51, -234, 73, -375, -24, -414, -278, 
-614, -253, 361, 434, -488, 53, -234, 73, -375, -14, -405, -268, 
-605, -248, 356, 427, -480, 53, -239, 73, -375, -9, -395, -263, 
-600, -239, 361, 419, -480, 61, -244, 78, -375, -9, -385, -263, 
-590, -234, 356, 412, -473, 61, -239, 78, -370, -4, -395, -248, 
-585, -234, 351, 409, -468, 58, -244, 82, -370, -4, -395, -244, 
-575, -224, 351, 400, -463, 63, -244, 82, -370, -4, -390, -244, 
-570, -224, 346, 397, -458, 61, -248, 87, -370, -4, -390, -244, 
-575, -224, 351, 400, -463, 63, -263, 87, -370, 0, -385, -244, 
-570, -219, 351, 395, -461, 65, -268, 87, -370, 0, -380, -244, 
-566, -214, 351, 390, -458, 68, -268, 92, -370, 0, -380, -239, 
-561, -209, 351, 385, -456, 70, -273, 92, -370, 0, -380, -239, 
-556, -204, 351, 380, -453, 73, -268, 87, -370, 0, -380, -244, 
-556, -204, 351, 380, -453, 73, -268, 87, -370, 4, -380, -244, 
-546, -200, 346, 373, -446, 73, -273, 87, -370, 4, -375, -248, 
-541, -195, 346, 368, -444, 75, -278, 82, -370, 0, -375, -248, 
-527, -185, 341, 356, -434, 78, -278, 73, -370, 9, -375, -244, 
-527, -185, 341, 356, -434, 78, -283, 73, -370, 9, -380, -239, 
-522, -180, 341, 351, -431, 80, -283, 73, -370, 9, -380, -234, 
-517, -175, 341, 346, -429, 82, -287, 68, -370, 9, -375, -229, 
-517, -185, 331, 351, -424, 73, -278, 78, -361, 9, -380, -239, 
-517, -185, 331, 351, -424, 73, -278, 73, -361, 9, -380, -239, 
-517, -190, 326, 353, -422, 68, -278, 68, -366, 9, -385, -239, 
-517, -190, 326, 353, -422, 68, -278, 68, -366, 9, -385, -239, 
-517, -200, 317, 358, -417, 58, -287, 68, -380, 0, -385, -229, 
-522, -200, 322, 361, -422, 61, -292, 63, -390, -9, -385, -229, 
-527, -204, 322, 366, -424, 58, -292, 58, -395, -14, -390, -234, 
-536, -214, 322, 375, -429, 53, -287, 53, -395, -24, -390, -234, 
-531, -214, 317, 373, -424, 51, -283, 48, -390, -14, -400, -239, 
-541, -219, 322, 380, -431, 51, -283, 43, -395, -19, -405, -244, 
-551, -234, 317, 392, -434, 41, -283, 43, -400, -24, -409, -253, 
-561, -244, 317, 402, -439, 36, -278, 39, -405, -29, -414, -258, 
-585, -263, 322, 424, -453, 29, -263, 29, -419, -48, -424, -278, 
-595, -273, 322, 434, -458, 24, -253, 29, -424, -48, -429, -278, 
-605, -283, 322, 444, -463, 19, -248, 24, -424, -48, -429, -278, 
-614, -287, 326, 451, -470, 19, -244, 19, -424, -53, -434, -283, 
-614, -292, 322, 453, -468, 14, -248, 14, -424, -58, -444, -287, 
-629, -297, 331, 463, -480, 17, -244, 9, -429, -63, -448, -297, 
-644, -302, 341, 473, -492, 19, -239, 4, -429, -68, -448, -302, 
-649, -312, 336, 480, -492, 12, -229, 0, -429, -73, -453, -307, 
-663, -317, 346, 490, -505, 14, -224, -4, -434, -68, -458, -312, 
-673, -331, 341, 502, -507, 4, -214, -4, -434, -73, -468, -317, 
-692, -341, 351, 517, -522, 4, -209, -9, -429, -73, -483, -326, 
-702, -351, 351, 527, -527, 0, -209, -14, -424, -78, -483, -331, 
-717, -356, 361, 536, -539, 2, -195, -19, -444, -87, -492, -346, 
-717, -370, 346, 544, -531, -12, -195, -19, -448, -97, -497, -356, 
-727, -385, 341, 556, -534, -21, -190, -24, -453, -107, -502, -356, 
-736, -390, 346, 563, -541, -21, -185, -24, -458, -112, -502, -356, 
-736, -390, 346, 563, -541, -21, -190, -24, -453, -112, -507, -351, 
-736, -390, 346, 563, -541, -21, -180, -24, -453, -112, -512, -356, 
-741, -395, 346, 568, -544, -24, -175, -34, -448, -107, -512, -356, 
-751, -400, 351, 575, -551, -24, -175, -34, -448, -102, -517, -361, 
-756, -414, 341, 585, -549, -36, -170, -34, -458, -112, -522, -370, 
-761, -424, 336, 592, -549, -43, -165, -34, -458, -122, -527, -375, 
-761, -424, 336, 592, -549, -43, -165, -34, -458, -122, -527, -380, 
-766, -424, 341, 595, -553, -41, -165, -34, -458, -122, -531, -390, 
-761, -424, 336, 592, -549, -43, -165, -39, -463, -136, -541, -395, 
-761, -424, 336, 592, -549, -43, -165, -39, -463, -136, -541, -395, 
-766, -429, 336, 597, -551, -46, -161, -39, -463, -136, -541, -395, 
-771, -434, 336, 602, -553, -48, -161, -39, -463, -141, -541, -395, 
-771, -434, 336, 602, -553, -48, -146, -43, -453, -131, -546, -385, 
-775, -434, 341, 605, -558, -46, -146, -43, -453, -136, -546, -390, 
-780, -444, 336, 612, -558, -53, -146, -43, -458, -136, -551, -390, 
-780, -444, 336, 612, -558, -53, -146, -43, -458, -131, -551, -395, 
-785, -448, 336, 617, -561, -56, -141, -39, -463, -131, -546, -395, 
-790, -448, 341, 619, -566, -53, -141, -39, -463, -136, -551, -395, 
-800, -453, 346, 627, -573, -53, -141, -43, -463, -136, -551, -400, 
-805, -453, 351, 629, -578, -51, -136, -43, -463, -141, -551, -400, 
-795, -444, 351, 619, -573, -46, -146, -43, -453, -136, -541, -400, 
-795, -444, 351, 619, -573, -46, -151, -48, -453, -136, -541, -400, 
-795, -444, 351, 619, -573, -46, -151, -48, -453, -136, -546, -400, 
-795, -444, 351, 619, -573, -46, -151, -48, -458, -136, -546, -400, 
-785, -439, 346, 612, -566, -46, -151, -48, -468, -146, -556, -395, 
-790, -444, 346, 617, -568, -48, -151, -43, -468, -141, -556, -395, 
-790, -453, 336, 622, -563, -58, -151, -43, -463, -141, -556, -395, 
-785, -463, 322, 624, -553, -70, -151, -43, -463, -141, -551, -405, 
-790, -453, 336, 622, -563, -58, -141, -48, -463, -151, -551, -405, 
-800, -458, 341, 629, -570, -58, -136, -48, -463, -151, -551, -405, 
-805, -458, 346, 631, -575, -56, -136, -48, -463, -151, -556, -400, 
-810, -458, 351, 634, -580, -53, -136, -48, -463, -151, -561, -400, 
-800, -458, 341, 629, -570, -58, -146, -48, -473, -151, -561, -409, 
-800, -458, 341, 629, -570, -58, -146, -48, -473, -151, -561, -409, 
-800, -458, 341, 629, -570, -58, -146, -48, -473, -151, -561, -409, 
-800, -463, 336, 631, -568, -63, -146, -48, -473, -151, -561, -409, 
-800, -453, 346, 627, -573, -53, -146, -58, -473, -141, -551, -409, 
-800, -448, 351, 624, -575, -48, -141, -53, -473, -136, -551, -409, 
-800, -448, 351, 624, -575, -48, -141, -53, -468, -136, -551, -409, 
-800, -444, 356, 622, -578, -43, -146, -58, -468, -136, -551, -409, 
-800, -434, 366, 617, -583, -34, -146, -48, -458, -136, -551, -405, 
-800, -434, 366, 617, -583, -34, -146, -48, -458, -136, -551, -400, 
-800, -434, 366, 617, -583, -34, -146, -53, -458, -136, -546, -390, 
-800, -434, 366, 617, -583, -34, -146, -53, -458, -136, -546, -385, 
-790, -439, 351, 614, -570, -43, -146, -43, -458, -146, -556, -395, 
-790, -439, 351, 614, -570, -43, -146, -43, -458, -146, -556, -395, 
-790, -439, 351, 614, -570, -43, -146, -43, -458, -146, -556, -395, 
-790, -439, 351, 614, -570, -43, -146, -43, -458, -146, -556, -395, 
-800, -448, 351, 624, -575, -48, -156, -48, -468, -146, -556, -395, 
-800, -444, 356, 622, -578, -43, -156, -48, -468, -141, -551, -395, 
-800, -444, 356, 622, -578, -43, -156, -53, -468, -141, -551, -395, 
-800, -444, 356, 622, -578, -43, -156, -53, -468, -141, -551, -395, 
-800, -439, 361, 619, -580, -39, -156, -53, -468, -141, -556, -395, 
-800, -439, 361, 619, -580, -39, -156, -53, -468, -141, -551, -395, 
-800, -439, 361, 619, -580, -39, -156, -53, -468, -141, -551, -395, 
-800, -439, 361, 619, -580, -39, -156, -58, -468, -141, -551, -390, 
-790, -439, 351, 614, -570, -43, -156, -48, -453, -136, -551, -400, 
-790, -439, 351, 614, -570, -43, -156, -48, -453, -136, -551, -395, 
-790, -439, 351, 614, -570, -43, -156, -48, -458, -136, -551, -395, 
-790, -439, 351, 614, -570, -43, -156, -48, -458, -136, -551, -395, 
-790, -429, 361, 610, -575, -34, -146, -58, -458, -136, -551, -385, 
-790, -424, 366, 607, -578, -29, -146, -58, -458, -136, -551, -385, 
-790, -424, 366, 607, -578, -29, -146, -58, -458, -136, -551, -385, 
-790, -424, 366, 607, -578, -29, -151, -58, -458, -136, -551, -385, 
-800, -429, 370, 614, -585, -29, -151, -58, -468, -141, -551, -395, 
-800, -424, 375, 612, -588, -24, -151, -58, -463, -136, -546, -395, 
-800, -424, 375, 612, -588, -24, -151, -58, -463, -136, -541, -395, 
-800, -429, 370, 614, -585, -29, -151, -58, -463, -136, -541, -395, 
-790, -429, 361, 610, -575, -34, -156, -48, -463, -136, -551, -385, 
-790, -429, 361, 610, -575, -34, -156, -48, -463, -136, -551, -385, 
-790, -434, 356, 612, -573, -39, -156, -48, -463, -136, -551, -385, 
-790, -434, 356, 612, -573, -39, -156, -48, -463, -136, -551, -385, 
-795, -429, 366, 612, -580, -31, -156, -53, -463, -131, -541, -380, 
-795, -424, 370, 610, -583, -26, -156, -58, -463, -131, -541, -380, 
-795, -419, 375, 607, -585, -21, -161, -63, -463, -131, -546, -380, 
-790, -414, 375, 602, -583, -19, -161, -68, -463, -136, -546, -380, 
-800, -419, 380, 610, -590, -19, -161, -63, -453, -136, -546, -390, 
-800, -424, 375, 612, -588, -24, -156, -58, -453, -136, -546, -395, 
-795, -429, 366, 612, -580, -31, -151, -53, -453, -136, -546, -395, 
-790, -429, 361, 610, -575, -34, -146, -48, -453, -131, -546, -395, 
-780, -429, 351, 605, -566, -39, -156, -48, -463, -141, -546, -395, 
-785, -429, 356, 607, -570, -36, -151, -48, -463, -141, -546, -390, 
-785, -434, 351, 610, -568, -41, -151, -48, -463, -141, -541, -390, 
-790, -434, 356, 612, -573, -39, -151, -48, -463, -141, -541, -395, 
-790, -444, 346, 617, -568, -48, -156, -58, -463, -141, -556, -395, 
-790, -444, 346, 617, -568, -48, -156, -58, -463, -141, -556, -395, 
-790, -444, 346, 617, -568, -48, -156, -58, -463, -141, -556, -395, 
-790, -444, 346, 617, -568, -48, -151, -58, -463, -141, -556, -395, 
-780, -439, 341, 610, -561, -48, -161, -48, -453, -136, -546, -385, 
-780, -434, 346, 607, -563, -43, -161, -48, -453, -131, -546, -385, 
-780, -429, 351, 605, -566, -39, -165, -48, -458, -126, -546, -385, 
-780, -424, 356, 602, -568, -34, -165, -48, -458, -122, -546, -385, 
-780, -414, 366, 597, -573, -24, -156, -48, -468, -131, -546, -395, 
-780, -414, 366, 597, -573, -24, -156, -48, -468, -131, -551, -395, 
-780, -414, 366, 597, -573, -24, -156, -48, -473, -131, -551, -395, 
-775, -414, 361, 595, -568, -26, -156, -48, -473, -136, -551, -395, 
-785, -424, 361, 605, -573, -31, -156, -58, -473, -136, -561, -395, 
-785, -429, 356, 607, -570, -36, -156, -58, -468, -136, -561, -395, 
-785, -429, 356, 607, -570, -36, -156, -58, -463, -136, -561, -395, 
-785, -424, 361, 605, -573, -31, -156, -58, -458, -131, -561, -395, 
-785, -429, 356, 607, -570, -36, -156, -58, -463, -136, -556, -395, 
-785, -434, 351, 610, -568, -41, -156, -58, -468, -141, -556, -395, 
-785, -439, 346, 612, -566, -46, -156, -58, -473, -146, -556, -395, 
-785, -444, 341, 614, -563, -51, -156, -58, -478, -151, -556, -395, 
-785, -439, 346, 612, -566, -46, -165, -48, -478, -151, -556, -405, 
-785, -439, 346, 612, -566, -46, -165, -48, -478, -151, -561, -405, 
-785, -434, 351, 610, -568, -41, -165, -53, -478, -156, -561, -405, 
-785, -434, 351, 610, -568, -41, -165, -53, -478, -156, -561, -409, 
-795, -434, 361, 614, -578, -36, -165, -58, -478, -156, -561, -419, 
-795, -434, 361, 614, -578, -36, -165, -58, -473, -156, -561, -414, 
-795, -439, 356, 617, -575, -41, -165, -58, -473, -156, -561, -414, 
-795, -444, 351, 619, -573, -46, -165, -58, -478, -151, -561, -414, 
-785, -444, 341, 614, -563, -51, -156, -48, -478, -151, -561, -409, 
-785, -434, 351, 610, -568, -41, -156, -48, -478, -151, -561, -405, 
-785, -434, 351, 610, -568, -41, -156, -48, -478, -151, -561, -400, 
-785, -434, 351, 610, -568, -41, -156, -48, -478, -156, -561, -395, 
-785, -434, 351, 610, -568, -41, -146, -48, -478, -156, -561, -400, 
-785, -434, 351, 610, -568, -41, -146, -48, -478, -156, -561, -405, 
-785, -434, 351, 610, -568, -41, -146, -48, -478, -156, -561, -405, 
-785, -434, 351, 610, -568, -41, -146, -48, -478, -156, -561, -405, 
-795, -429, 366, 612, -580, -31, -156, -39, -468, -141, -551, -390, 
-795, -429, 366, 612, -580, -31, -156, -39, -463, -141, -551, -390, 
-795, -429, 366, 612, -580, -31, -156, -39, -458, -136, -551, -385, 
-795, -429, 366, 612, -580, -31, -156, -39, -453, -136, -551, -385, 
-785, -409, 375, 597, -580, -17, -165, -48, -444, -131, -541, -385, 
-780, -405, 375, 592, -578, -14, -165, -48, -439, -126, -541, -385, 
-780, -395, 385, 588, -583, -4, -165, -48, -439, -122, -541, -380, 
-785, -390, 395, 588, -590, 2, -165, -48, -434, -117, -536, -380, 
-775, -390, 385, 583, -580, -2, -156, -39, -429, -112, -527, -370, 
-775, -385, 390, 580, -583, 2, -156, -39, -424, -107, -527, -370, 
-775, -370, 405, 573, -590, 17, -156, -39, -419, -102, -527, -370, 
-775, -370, 405, 573, -590, 17, -156, -34, -414, -97, -522, -370, 
-766, -361, 405, 563, -585, 21, -165, -34, -414, -97, -527, -366, 
-766, -361, 405, 563, -585, 21, -165, -34, -409, -92, -522, -366, 
-756, -361, 395, 558, -575, 17, -165, -34, -409, -87, -522, -366, 
-756, -361, 395, 558, -575, 17, -165, -34, -409, -82, -522, -370, 
-751, -351, 400, 551, -575, 24, -165, -34, -405, -82, -512, -361, 
-751, -336, 414, 544, -583, 39, -165, -29, -395, -82, -512, -361, 
-746, -336, 409, 541, -578, 36, -170, -29, -395, -82, -512, -361, 
-746, -341, 405, 544, -575, 31, -170, -34, -390, -82, -507, -361, 
-751, -346, 405, 549, -578, 29, -161, -24, -400, -82, -512, -361, 
-756, -351, 405, 553, -580, 26, -161, -24, -400, -82, -512, -361, 
-756, -351, 405, 553, -580, 26, -170, -24, -400, -82, -512, -361, 
-761, -351, 409, 556, -585, 29, -175, -24, -395, -78, -507, -356, 
-751, -351, 400, 551, -575, 24, -180, -29, -400, -82, -512, -366, 
-751, -346, 405, 549, -578, 29, -190, -34, -405, -82, -517, -366, 
-741, -346, 395, 544, -568, 24, -195, -39, -414, -87, -522, -366, 
-732, -346, 385, 539, -558, 19, -200, -43, -419, -92, -527, -366, 
-722, -336, 385, 529, -553, 24, -204, -48, -429, -102, -527, -351, 
-722, -346, 375, 534, -549, 14, -214, -53, -429, -97, -522, -351, 
-712, -336, 375, 524, -544, 19, -229, -58, -429, -97, -512, -351, 
-707, -336, 370, 522, -539, 17, -239, -63, -429, -97, -502, -351, 
-717, -326, 390, 522, -553, 31, -239, -53, -439, -97, -512, -346, 
-717, -326, 390, 522, -553, 31, -234, -53, -439, -97, -512, -346, 
-717, -326, 390, 522, -553, 31, -229, -58, -439, -102, -512, -346, 
-727, -331, 395, 529, -561, 31, -224, -58, -444, -102, -517, -351, 
-736, -346, 390, 541, -563, 21, -229, -68, -448, -107, -531, -356, 
-736, -346, 390, 541, -563, 21, -229, -68, -458, -112, -536, -361, 
-727, -351, 375, 539, -551, 12, -229, -68, -463, -122, -536, -366, 
-736, -361, 375, 549, -556, 7, -229, -73, -468, -126, -536, -375, 
-727, -370, 356, 549, -541, -7, -219, -78, -497, -146, -561, -385, 
-712, -366, 346, 539, -529, -9, -219, -78, -497, -146, -561, -370, 
-712, -366, 346, 539, -529, -9, -224, -82, -497, -141, -556, -370, 
-722, -370, 351, 546, -536, -9, -224, -78, -488, -146, -556, -380, 
-727, -375, 351, 551, -539, -12, -219, -73, -478, -136, -556, -380, 
-732, -380, 351, 556, -541, -14, -214, -68, -478, -136, -556, -380, 
-736, -385, 351, 561, -544, -17, -209, -63, -478, -136, -556, -380, 
-741, -390, 351, 566, -546, -19, -204, -58, -478, -136, -556, -380, 
-766, -409, 356, 588, -561, -26, -185, -53, -483, -146, -566, -390, 
-771, -419, 351, 595, -561, -34, -180, -53, -483, -151, -570, -400, 
-790, -429, 361, 610, -575, -34, -170, -53, -483, -156, -570, -405, 
-800, -439, 361, 619, -580, -39, -165, -53, -483, -156, -580, -405, 
-805, -458, 346, 631, -575, -56, -156, -53, -492, -170, -595, -409, 
-810, -468, 341, 639, -575, -63, -151, -53, -497, -170, -595, -409, 
-810, -473, 336, 641, -573, -68, -151, -53, -507, -175, -595, -414, 
-805, -473, 331, 639, -568, -70, -151, -53, -512, -175, -600, -419, 
-805, -468, 336, 636, -570, -65, -146, -43, -502, -175, -595, -414, 
-805, -478, 326, 641, -566, -75, -146, -43, -507, -170, -595, -419, 
-805, -483, 322, 644, -563, -80, -146, -48, -507, -170, -590, -424, 
-805, -488, 317, 646, -561, -85, -146, -48, -507, -165, -590, -424, 
-810, -488, 322, 649, -566, -82, -141, -48, -512, -170, -605, -434, 
-810, -492, 317, 651, -563, -87, -141, -48, -512, -170, -605, -434, 
-810, -492, 317, 651, -563, -87, -141, -48, -512, -170, -605, -434, 
-810, -492, 317, 651, -563, -87, -136, -43, -512, -175, -605, -434, 
-800, -483, 317, 641, -558, -82, -146, -43, -517, -175, -605, -434, 
-805, -483, 322, 644, -563, -80, -146, -48, -517, -175, -605, -434, 
-805, -483, 322, 644, -563, -80, -146, -48, -512, -175, -610, -434, 
-805, -483, 322, 644, -563, -80, -141, -43, -512, -175, -610, -434, 
-814, -483, 331, 649, -573, -75, -131, -43, -512, -175, -605, -424, 
-814, -483, 331, 649, -573, -75, -136, -48, -512, -165, -605, -424, 
-814, -488, 326, 651, -570, -80, -136, -48, -512, -165, -605, -424, 
-824, -488, 336, 656, -580, -75, -136, -48, -512, -165, -605, -424, 
-814, -497, 317, 656, -566, -90, -136, -48, -512, -175, -605, -434, 
-814, -497, 317, 656, -566, -90, -136, -39, -512, -175, -605, -434, 
-814, -497, 317, 656, -566, -90, -131, -39, -512, -180, -605, -439, 
-814, -502, 312, 658, -563, -95, -131, -39, -512, -180, -605, -439, 
-814, -507, 307, 661, -561, -100, -131, -39, -512, -180, -614, -444, 
-814, -507, 307, 661, -561, -100, -131, -39, -512, -180, -619, -444, 
-814, -502, 312, 658, -563, -95, -122, -39, -517, -180, -619, -439, 
-814, -502, 312, 658, -563, -95, -122, -39, -517, -180, -619, -439, 
-819, -502, 317, 661, -568, -92, -126, -39, -527, -180, -619, -439, 
-819, -502, 317, 661, -568, -92, -131, -39, -527, -180, -619, -439, 
-824, -502, 322, 663, -573, -90, -131, -43, -527, -185, -619, -439, 
-824, -502, 322, 663, -573, -90, -126, -43, -527, -185, -619, -444, 
-824, -507, 317, 666, -570, -95, -126, -43, -517, -175, -619, -444, 
-824, -507, 317, 666, -570, -95, -126, -43, -517, -175, -619, -444, 
-824, -507, 317, 666, -570, -95, -126, -43, -517, -175, -619, -444, 
-829, -507, 322, 668, -575, -92, -126, -43, -517, -175, -619, -444, 
-829, -512, 317, 671, -573, -97, -126, -43, -517, -175, -610, -458, 
-829, -512, 317, 671, -573, -97, -126, -43, -517, -175, -610, -458, 
-824, -512, 312, 668, -568, -100, -126, -43, -517, -175, -610, -453, 
-824, -512, 312, 668, -568, -100, -126, -43, -522, -175, -619, -453, 
-824, -512, 312, 668, -568, -100, -141, -43, -522, -175, -629, -444, 
-824, -512, 312, 668, -568, -100, -141, -43, -517, -170, -619, -444, 
-824, -512, 312, 668, -568, -100, -141, -43, -517, -170, -619, -444, 
-824, -512, 312, 668, -568, -100, -141, -43, -517, -170, -619, -444, 
-814, -502, 312, 658, -563, -95, -131, -43, -517, -175, -619, -444, 
-814, -502, 312, 658, -563, -95, -131, -43, -522, -175, -619, -444, 
-814, -502, 312, 658, -563, -95, -131, -43, -522, -175, -624, -444, 
-814, -497, 317, 656, -566, -90, -131, -39, -522, -175, -624, -439, 
-814, -507, 307, 661, -561, -100, -131, -39, -527, -185, -624, -448, 
-814, -512, 302, 663, -558, -104, -131, -43, -527, -185, -624, -453, 
-814, -512, 302, 663, -558, -104, -131, -43, -527, -185, -624, -453, 
-814, -512, 302, 663, -558, -104, -131, -43, -527, -185, -624, -453, 
-814, -517, 297, 666, -556, -109, -131, -43, -522, -175, -624, -453, 
-814, -517, 297, 666, -556, -109, -131, -43, -522, -175, -624, -453, 
-814, -517, 297, 666, -556, -109, -131, -43, -522, -175, -624, -453, 
-814, -517, 297, 666, -556, -109, -131, -43, -522, -175, -624, -453, 
-814, -507, 307, 661, -561, -100, -131, -43, -527, -185, -624, -453, 
-814, -502, 312, 658, -563, -95, -131, -43, -527, -185, -624, -453, 
-819, -502, 317, 661, -568, -92, -126, -43, -522, -185, -624, -448, 
-819, -502, 317, 661, -568, -92, -126, -43, -522, -180, -619, -448, 
-819, -502, 317, 661, -568, -92, -136, -43, -531, -180, -629, -448, 
-810, -502, 307, 656, -558, -97, -136, -43, -531, -180, -629, -448, 
-810, -502, 307, 656, -558, -97, -136, -43, -531, -185, -629, -448, 
-810, -502, 307, 656, -558, -97, -136, -43, -531, -185, -629, -448, 
-810, -502, 307, 656, -558, -97, -146, -53, -522, -170, -619, -448, 
-814, -502, 312, 658, -563, -95, -146, -53, -522, -170, -624, -448, 
-814, -507, 307, 661, -561, -100, -146, -53, -522, -170, -624, -448, 
-814, -507, 307, 661, -561, -100, -146, -53, -522, -170, -624, -448, 
-829, -502, 326, 666, -578, -87, -136, -53, -522, -170, -614, -439, 
-839, -502, 336, 671, -588, -82, -136, -53, -512, -170, -614, -448, 
-834, -502, 331, 668, -583, -85, -126, -43, -507, -165, -610, -439, 
-834, -483, 351, 658, -592, -65, -122, -34, -483, -151, -600, -434, 
-844, -483, 361, 663, -602, -61, -107, -34, -473, -141, -605, -444, 
-883, -488, 395, 685, -639, -46, -92, -29, -444, -122, -595, -439, 
-897, -483, 414, 690, -656, -34, -73, -9, -409, -92, -575, -429, 
-897, -463, 434, 680, -666, -14, -58, 0, -400, -82, -561, -424, 
-897, -483, 414, 690, -656, -34, -68, -4, -419, -92, -556, -424, 
-873, -478, 395, 675, -634, -41, -97, 0, -429, -82, -541, -405, 
-819, -463, 356, 641, -588, -53, -97, 34, -429, -63, -512, -385, 
-766, -448, 317, 607, -541, -65, -117, 68, -444, -53, -483, -361, 
-727, -448, 278, 588, -502, -85, -151, 53, -492, -53, -463, -336, 
-658, -424, 234, 541, -446, -95, -219, 14, -551, -68, -453, -307, 
-546, -370, 175, 458, -361, -97, -322, -34, -629, -87, -424, -258, 
-414, -287, 126, 351, -270, -80, -439, -92, -722, -102, -375, -195, 
-287, -195, 92, 241, -190, -51, -561, -170, -795, -102, -322, -107, 
-131, -78, 53, 104, -92, -12, -688, -239, -858, -97, -263, -29, 
24, 24, 0, -24, 12, 12, -819, -302, -922, -87, -204, 58, 
161, 126, -34, -143, 97, 46, -932, -361, -985, -68, -146, 136, 
268, 170, -97, -219, 183, 36, -1010, -395, -1078, -102, -136, 175, 
331, 87, -244, -209, 287, -78, -1024, -409, -1205, -234, -263, 107, 
331, -117, -448, -107, 390, -283, -990, -400, -1346, -439, -488, -68, 
322, -326, -649, 2, 485, -488, -932, -370, -1473, -649, -732, -268, 
307, -492, -800, 92, 553, -646, -883, -370, -1576, -824, -927, -424, 
239, -634, -873, 197, 556, -753, -844, -395, -1654, -966, -1088, -556, 
141, -746, -888, 302, 514, -817, -800, -448, -1717, -1073, -1210, -649, 
24, -834, -858, 405, 441, -846, -736, -522, -1761, -1156, -1307, -732, 
-126, -922, -795, 524, 334, -858, -658, -585, -1790, -1220, -1390, -810, 
-258, -971, -712, 614, 226, -841, -600, -619, -1756, -1220, -1424, -854, 
-356, -951, -595, 653, 119, -773, -556, -614, -1673, -1141, -1385, -839, 
-434, -927, -492, 680, 29, -710, -502, -575, -1566, -1049, -1327, -819, 
-492, -927, -434, 710, -29, -680, -444, -517, -1478, -985, -1278, -805, 
-531, -893, -361, 712, -85, -627, -400, -468, -1385, -917, -1234, -780, 
-575, -863, -287, 719, -143, -575, -380, -429, -1288, -839, -1171, -741, 
-614, -829, -214, 722, -200, -522, -341, -380, -1195, -766, -1102, -712, 
-634, -790, -156, 712, -239, -473, -307, -331, -1107, -683, -1039, -688, 
-658, -736, -78, 697, -290, -407, -278, -287, -1019, -600, -971, -653, 
-707, -717, -9, 712, -348, -363, -258, -258, -946, -531, -912, -619, 
-746, -697, 48, 722, -397, -324, -234, -224, -878, -473, -868, -595, 
-775, -653, 122, 714, -448, -265, -214, -195, -805, -405, -814, -570, 
-785, -624, 161, 705, -473, -231, -200, -165, -741, -346, -771, -541, 
-800, -614, 185, 707, -492, -214, -185, -131, -702, -312, -746, -527, 
-800, -595, 204, 697, -502, -195, -165, -92, -653, -278, -732, -512, 
-785, -561, 224, 673, -505, -168, -161, -68, -614, -253, -712, -492, 
-785, -541, 244, 663, -514, -148, -156, -58, -595, -229, -688, -473, 
-790, -531, 258, 661, -524, -136, -151, -48, -580, -224, -668, -468, 
-780, -512, 268, 646, -524, -122, -141, -48, -556, -200, -644, -448, 
-790, -492, 297, 641, -544, -97, -141, -48, -551, -190, -629, -444, 
-800, -507, 292, 653, -546, -107, -146, -53, -546, -180, -624, -444, 
-805, -502, 302, 653, -553, -100, -146, -53, -541, -165, -629, -448, 
-805, -492, 312, 649, -558, -90, -156, -48, -541, -161, -624, -448, 
-814, -488, 326, 651, -570, -80, -156, -43, -531, -161, -619, -448, 
-805, -488, 317, 646, -561, -85, -156, -39, -531, -161, -619, -444, 
-805, -488, 317, 646, -561, -85, -151, -34, -531, -151, -619, -444, 
-805, -492, 312, 649, -558, -90, -141, -24, -512, -151, -619, -429, 
-805, -492, 312, 649, -558, -90, -141, -19, -512, -151, -614, -429, 
-800, -492, 307, 646, -553, -92, -141, -14, -502, -151, -610, -429, 
-800, -492, 307, 646, -553, -92, -141, -14, -502, -146, -605, -429, 
-800, -473, 326, 636, -563, -73, -136, -19, -502, -146, -595, -429, 
-800, -468, 331, 634, -566, -68, -136, -19, -497, -141, -595, -429, 
-800, -463, 336, 631, -568, -63, -136, -24, -497, -136, -595, -429, 
-800, -463, 336, 631, -568, -63, -136, -24, -497, -131, -590, -429, 
-800, -473, 326, 636, -563, -73, -136, -24, -497, -131, -595, -439, 
-805, -473, 331, 639, -568, -70, -136, -24, -492, -131, -595, -429, 
-805, -473, 331, 639, -568, -70, -141, -19, -492, -131, -595, -429, 
-800, -473, 326, 636, -563, -73, -141, -19, -492, -131, -595, -429, 
-800, -463, 336, 631, -568, -63, -141, -9, -492, -122, -595, -419, 
-800, -458, 341, 629, -570, -58, -141, -14, -488, -122, -595, -419, 
-795, -458, 336, 627, -566, -61, -141, -14, -488, -122, -595, -414, 
-795, -458, 336, 627, -566, -61, -141, -9, -488, -122, -595, -414, 
-800, -468, 331, 634, -566, -68, -141, -9, -488, -122, -590, -414, 
-800, -468, 331, 634, -566, -68, -141, -9, -488, -122, -590, -414, 
-800, -468, 331, 634, -566, -68, -141, -4, -488, -122, -590, -414, 
-800, -468, 331, 634, -566, -68, -141, -4, -488, -117, -590, -414, 
-810, -458, 351, 634, -580, -53, -141, -14, -497, -126, -595, -424, 
-810, -463, 346, 636, -578, -58, -141, -14, -497, -126, -595, -424, 
-810, -463, 346, 636, -578, -58, -141, -19, -497, -126, -595, -424, 
-810, -458, 351, 634, -580, -53, -141, -19, -497, -126, -595, -424, 
-795, -448, 346, 622, -570, -51, -151, -9, -488, -126, -585, -424, 
-795, -444, 351, 619, -573, -46, -151, -9, -488, -126, -585, -424, 
-795, -444, 351, 619, -573, -46, -151, -9, -488, -126, -580, -424, 
-800, -448, 351, 624, -575, -48, -151, -9, -483, -126, -580, -424, 
-800, -448, 351, 624, -575, -48, -146, -9, -492, -126, -590, -419, 
-800, -448, 351, 624, -575, -48, -146, -4, -492, -126, -590, -419, 
-800, -448, 351, 624, -575, -48, -146, -4, -492, -122, -590, -414, 
-800, -448, 351, 624, -575, -48, -146, -4, -492, -122, -590, -414, 
-790, -458, 331, 624, -561, -63, -156, -14, -497, -122, -580, -419, 
-780, -458, 322, 619, -551, -68, -156, -9, -497, -122, -580, -419, 
-780, -458, 322, 619, -551, -68, -156, -9, -492, -122, -580, -419, 
-780, -453, 326, 617, -553, -63, -156, -9, -492, -122, -575, -419, 
-790, -453, 336, 622, -563, -58, -156, 0, -492, -112, -575, -409, 
-790, -453, 336, 622, -563, -58, -156, 0, -492, -112, -575, -409, 
-790, -453, 336, 622, -563, -58, -156, 0, -492, -112, -575, -409, 
-790, -453, 336, 622, -563, -58, -156, 0, -492, -107, -575, -409, 
-800, -453, 346, 627, -573, -53, -146, 0, -492, -117, -585, -405, 
-795, -448, 346, 622, -570, -51, -146, 0, -492, -117, -585, -405, 
-795, -448, 346, 622, -570, -51, -151, 0, -492, -117, -585, -409, 
-800, -453, 346, 627, -573, -53, -151, 4, -492, -117, -585, -409, 
-795, -453, 341, 624, -568, -56, -161, 4, -483, -112, -575, -400, 
-790, -453, 336, 622, -563, -58, -161, 4, -488, -112, -575, -400, 
-785, -444, 341, 614, -563, -51, -161, 4, -488, -112, -575, -400, 
-780, -444, 336, 612, -558, -53, -161, 4, -483, -107, -575, -395, 
-780, -453, 326, 617, -553, -63, -151, 4, -492, -117, -585, -400, 
-780, -453, 326, 617, -553, -63, -156, 4, -492, -112, -585, -405, 
-780, -453, 326, 617, -553, -63, -156, 4, -488, -112, -585, -405, 
-780, -453, 326, 617, -553, -63, -161, 9, -488, -117, -585, -409, 
-780, -453, 326, 617, -553, -63, -161, 9, -488, -107, -585, -409, 
-785, -453, 331, 619, -558, -61, -161, 9, -488, -107, -585, -409, 
-790, -448, 341, 619, -566, -53, -161, 14, -488, -107, -575, -409, 
-795, -448, 346, 622, -570, -51, -161, 19, -488, -102, -575, -405, 
-780, -439, 341, 610, -561, -48, -170, 19, -478, -102, -575, -405, 
-775, -439, 336, 607, -556, -51, -175, 14, -478, -102, -575, -405, 
-775, -439, 336, 607, -556, -51, -175, 14, -478, -102, -580, -409, 
-775, -434, 341, 605, -558, -46, -175, 19, -478, -97, -580, -409, 
-761, -429, 331, 595, -546, -48, -170, 19, -483, -102, -575, -405, 
-761, -424, 336, 592, -549, -43, -170, 19, -483, -102, -575, -405, 
-761, -424, 336, 592, -549, -43, -175, 19, -483, -102, -575, -405, 
-761, -424, 336, 592, -549, -43, -175, 19, -483, -102, -575, -405, 
-771, -424, 346, 597, -558, -39, -165, 19, -483, -87, -566, -395, 
-766, -424, 341, 595, -553, -41, -165, 19, -483, -87, -566, -395, 
-766, -424, 341, 595, -553, -41, -165, 19, -483, -87, -566, -395, 
-766, -424, 341, 595, -553, -41, -170, 19, -483, -92, -556, -395, 
-766, -419, 346, 592, -556, -36, -180, 24, -478, -92, -556, -395, 
-766, -419, 346, 592, -556, -36, -180, 29, -473, -87, -556, -390, 
-766, -419, 346, 592, -556, -36, -180, 29, -473, -87, -556, -385, 
-756, -414, 341, 585, -549, -36, -180, 29, -473, -87, -556, -385, 
-756, -409, 346, 583, -551, -31, -180, 34, -468, -87, -556, -385, 
-756, -409, 346, 583, -551, -31, -180, 34, -468, -82, -556, -380, 
-756, -409, 346, 583, -551, -31, -185, 34, -473, -78, -551, -380, 
-756, -409, 346, 583, -551, -31, -185, 34, -473, -78, -546, -375, 
-746, -400, 346, 573, -546, -26, -185, 39, -473, -87, -556, -380, 
-741, -400, 341, 570, -541, -29, -190, 43, -473, -78, -556, -380, 
-736, -395, 341, 566, -539, -26, -190, 43, -463, -78, -551, -380, 
-736, -395, 341, 566, -539, -26, -190, 43, -463, -78, -551, -380, 
-736, -390, 346, 563, -541, -21, -185, 43, -458, -68, -541, -370, 
-736, -390, 346, 563, -541, -21, -185, 48, -458, -63, -541, -366, 
-732, -390, 341, 561, -536, -24, -185, 48, -458, -63, -541, -366, 
-727, -385, 341, 556, -534, -21, -195, 53, -458, -63, -541, -366, 
-722, -385, 336, 553, -529, -24, -195, 53, -453, -58, -527, -366, 
-717, -380, 336, 549, -527, -21, -195, 58, -453, -58, -522, -361, 
-712, -375, 336, 544, -524, -19, -195, 58, -453, -53, -522, -361, 
-712, -375, 336, 544, -524, -19, -195, 63, -448, -48, -522, -356, 
-712, -366, 346, 539, -529, -9, -214, 58, -448, -48, -527, -356, 
-702, -361, 341, 531, -522, -9, -219, 63, -444, -48, -527, -351, 
-692, -356, 336, 524, -514, -9, -219, 63, -439, -43, -517, -351, 
-692, -346, 346, 519, -519, 0, -219, 63, -434, -43, -512, -341, 
-688, -336, 351, 512, -519, 7, -219, 73, -444, -34, -512, -346, 
-688, -331, 356, 509, -522, 12, -229, 73, -444, -34, -512, -341, 
-678, -322, 356, 500, -517, 17, -234, 78, -439, -29, -507, -341, 
-668, -322, 346, 495, -507, 12, -234, 78, -439, -24, -502, -336, 
-653, -307, 346, 480, -500, 19, -239, 87, -434, -19, -492, -326, 
-649, -302, 346, 475, -497, 21, -239, 87, -424, -19, -492, -322, 
-639, -287, 351, 463, -495, 31, -244, 97, -419, -14, -483, -312, 
-634, -273, 361, 453, -497, 43, -248, 102, -409, -14, -478, -307, 
-639, -278, 361, 458, -500, 41, -253, 92, -414, -14, -488, -307, 
-634, -273, 361, 453, -497, 43, -253, 92, -414, -4, -483, -297, 
-624, -268, 356, 446, -490, 43, -258, 92, -414, 0, -478, -292, 
-619, -258, 361, 439, -490, 51, -263, 97, -414, 0, -473, -292, 
-600, -253, 346, 427, -473, 46, -278, 87, -419, -4, -463, -297, 
-595, -253, 341, 424, -468, 43, -283, 92, -419, -4, -463, -292, 
-585, -244, 341, 414, -463, 48, -283, 92, -419, -4, -458, -292, 
-580, -244, 336, 412, -458, 46, -287, 97, -419, -4, -458, -292, 
-575, -234, 341, 405, -458, 53, -292, 107, -409, 9, -453, -283, 
-570, -229, 341, 400, -456, 56, -297, 107, -409, 9, -448, -283, 
-566, -224, 341, 395, -453, 58, -297, 112, -409, 9, -448, -278, 
-561, -219, 341, 390, -451, 61, -302, 112, -409, 9, -448, -278, 
-556, -214, 341, 385, -448, 63, -307, 107, -409, 19, -448, -278, 
-556, -214, 341, 385, -448, 63, -307, 107, -409, 24, -448, -273, 
-546, -209, 336, 378, -441, 63, -312, 107, -409, 24, -444, -273, 
-541, -204, 336, 373, -439, 65, -317, 102, -409, 19, -444, -268, 
-527, -204, 322, 366, -424, 58, -326, 92, -419, 9, -444, -268, 
-527, -204, 322, 366, -424, 58, -331, 92, -419, 9, -448, -268, 
-522, -200, 322, 361, -422, 61, -331, 92, -419, 9, -448, -268, 
-517, -195, 322, 356, -419, 63, -336, 87, -419, 9, -444, -268, 
-527, -195, 331, 361, -429, 68, -336, 97, -409, 9, -439, -258, 
-527, -195, 331, 361, -429, 68, -336, 92, -409, 9, -439, -258, 
-527, -200, 326, 363, -427, 63, -336, 87, -414, 9, -444, -258, 
-527, -200, 326, 363, -427, 63, -336, 87, -414, 9, -444, -258, 
-531, -209, 322, 370, -427, 56, -326, 78, -419, 9, -453, -268, 
-531, -209, 322, 370, -427, 56, -331, 73, -429, 0, -453, -268, 
-531, -214, 317, 373, -424, 51, -331, 68, -434, -4, -458, -273, 
-536, -224, 312, 380, -424, 43, -326, 63, -434, -14, -458, -273, 
-531, -224, 307, 378, -419, 41, -322, 58, -439, -4, -458, -278, 
-541, -229, 312, 385, -427, 41, -322, 53, -444, -9, -463, -283, 
-551, -244, 307, 397, -429, 31, -322, 53, -448, -14, -468, -292, 
-561, -253, 307, 407, -434, 26, -317, 48, -453, -19, -473, -297, 
-585, -263, 322, 424, -453, 29, -312, 39, -448, -39, -492, -307, 
-595, -273, 322, 434, -458, 24, -302, 39, -453, -39, -497, -307, 
-605, -283, 322, 444, -463, 19, -297, 34, -453, -39, -497, -307, 
-614, -287, 326, 451, -470, 19, -292, 29, -453, -43, -502, -312, 
-624, -307, 317, 466, -470, 4, -278, 24, -463, -48, -512, -317, 
-639, -317, 322, 478, -480, 2, -273, 19, -468, -53, -517, -326, 
-653, -326, 326, 490, -490, 0, -268, 14, -468, -58, -517, -331, 
-658, -341, 317, 500, -488, -12, -258, 9, -468, -63, -522, -336, 
-663, -336, 326, 500, -495, -4, -253, 14, -468, -58, -527, -351, 
-673, -351, 322, 512, -497, -14, -244, 14, -473, -63, -536, -356, 
-692, -361, 331, 527, -512, -14, -239, 9, -473, -63, -551, -366, 
-702, -370, 331, 536, -517, -19, -239, 4, -473, -68, -551, -370, 
-722, -375, 346, 549, -534, -14, -234, -9, -483, -78, -570, -366, 
-727, -390, 336, 558, -531, -26, -234, -9, -488, -87, -575, -375, 
-741, -405, 336, 573, -539, -34, -229, -14, -492, -97, -580, -375, 
-756, -409, 346, 583, -551, -31, -224, -14, -497, -102, -580, -375, 
-756, -429, 326, 592, -541, -51, -219, -14, -497, -97, -575, -390, 
-756, -429, 326, 592, -541, -51, -209, -14, -502, -102, -580, -395, 
-761, -434, 326, 597, -544, -53, -204, -24, -502, -102, -580, -395, 
-771, -439, 331, 605, -551, -53, -204, -24, -507, -102, -585, -400, 
-785, -444, 341, 614, -563, -51, -200, -24, -507, -102, -590, -405, 
-790, -453, 336, 622, -563, -58, -195, -24, -507, -112, -595, -405, 
-790, -453, 336, 622, -563, -58, -195, -24, -507, -112, -595, -405, 
-795, -453, 341, 624, -568, -56, -195, -24, -507, -112, -600, -409, 
-790, -453, 336, 622, -563, -58, -195, -29, -512, -117, -600, -414, 
-790, -453, 336, 622, -563, -58, -195, -29, -512, -117, -600, -414, 
-795, -458, 336, 627, -566, -61, -190, -29, -512, -117, -600, -414, 
-800, -463, 336, 631, -568, -63, -190, -29, -512, -122, -600, -414, 
-790, -463, 326, 627, -558, -68, -185, -34, -512, -122, -605, -414, 
-795, -463, 331, 629, -563, -65, -185, -34, -512, -126, -605, -419, 
-800, -473, 326, 636, -563, -73, -185, -34, -517, -126, -610, -419, 
-800, -473, 326, 636, -563, -73, -185, -34, -517, -122, -610, -424, 
-810, -478, 331, 644, -570, -73, -170, -29, -522, -122, -614, -424, 
-810, -478, 331, 644, -570, -73, -170, -29, -522, -126, -619, -424, 
-814, -483, 331, 649, -573, -75, -170, -34, -522, -126, -619, -429, 
-814, -483, 331, 649, -573, -75, -165, -34, -522, -131, -619, -429, 
-814, -492, 322, 653, -568, -85, -165, -24, -522, -136, -619, -429, 
-814, -492, 322, 653, -568, -85, -170, -29, -522, -136, -619, -429, 
-814, -492, 322, 653, -568, -85, -170, -29, -522, -136, -624, -429, 
-814, -492, 322, 653, -568, -85, -170, -29, -527, -136, -624, -429, 
-805, -473, 331, 639, -568, -70, -180, -34, -527, -146, -634, -434, 
-810, -473, 336, 641, -573, -68, -180, -34, -527, -141, -634, -434, 
-810, -478, 331, 644, -570, -73, -180, -39, -522, -141, -634, -434, 
-805, -483, 322, 644, -563, -80, -180, -43, -522, -141, -629, -444, 
-814, -483, 331, 649, -573, -75, -180, -39, -522, -131, -629, -444, 
-819, -488, 331, 653, -575, -78, -175, -39, -522, -131, -629, -444, 
-819, -488, 331, 653, -575, -78, -175, -39, -522, -131, -634, -439, 
-819, -488, 331, 653, -575, -78, -175, -39, -522, -131, -639, -439, 
-819, -488, 331, 653, -575, -78, -175, -39, -522, -141, -629, -429, 
-819, -488, 331, 653, -575, -78, -175, -39, -522, -141, -629, -429, 
-819, -488, 331, 653, -575, -78, -175, -39, -522, -141, -629, -429, 
-819, -492, 326, 656, -573, -82, -175, -39, -522, -141, -629, -429, 
-829, -492, 336, 661, -583, -78, -185, -39, -531, -141, -629, -439, 
-829, -488, 341, 658, -585, -73, -180, -34, -531, -136, -629, -439, 
-829, -488, 341, 658, -585, -73, -180, -34, -527, -136, -629, -439, 
-829, -483, 346, 656, -588, -68, -185, -39, -527, -136, -629, -439, 
-829, -483, 346, 656, -588, -68, -175, -39, -527, -136, -629, -439, 
-829, -483, 346, 656, -588, -68, -175, -39, -527, -136, -629, -439, 
-829, -483, 346, 656, -588, -68, -175, -43, -527, -136, -624, -434, 
-829, -483, 346, 656, -588, -68, -175, -43, -527, -136, -624, -434, 
-829, -488, 341, 658, -585, -73, -175, -43, -527, -136, -624, -434, 
-829, -488, 341, 658, -585, -73, -175, -43, -527, -136, -624, -434, 
-829, -488, 341, 658, -585, -73, -175, -43, -527, -136, -624, -434, 
-829, -488, 341, 658, -585, -73, -175, -43, -527, -136, -624, -434, 
-819, -478, 341, 649, -580, -68, -175, -48, -527, -126, -624, -424, 
-819, -473, 346, 646, -583, -63, -175, -48, -527, -122, -619, -424, 
-819, -473, 346, 646, -583, -63, -175, -53, -527, -122, -619, -424, 
-819, -473, 346, 646, -583, -63, -175, -53, -527, -122, -619, -424, 
-819, -478, 341, 649, -580, -68, -175, -43, -527, -131, -624, -424, 
-819, -478, 341, 649, -580, -68, -175, -43, -527, -131, -619, -424, 
-819, -478, 341, 649, -580, -68, -175, -43, -527, -131, -619, -424, 
-819, -478, 341, 649, -580, -68, -175, -48, -527, -131, -619, -419, 
-829, -478, 351, 653, -590, -63, -185, -48, -522, -126, -619, -429, 
-829, -478, 351, 653, -590, -63, -185, -48, -522, -126, -619, -424, 
-829, -478, 351, 653, -590, -63, -185, -48, -527, -126, -619, -424, 
-829, -478, 351, 653, -590, -63, -185, -48, -527, -126, -619, -424, 
-819, -468, 351, 644, -585, -58, -185, -48, -517, -117, -610, -414, 
-819, -463, 356, 641, -588, -53, -185, -48, -517, -117, -610, -414, 
-819, -463, 356, 641, -588, -53, -185, -48, -517, -117, -610, -414, 
-819, -463, 356, 641, -588, -53, -190, -48, -517, -117, -610, -414, 
-819, -458, 361, 639, -590, -48, -190, -48, -517, -122, -610, -405, 
-819, -453, 366, 636, -592, -43, -190, -48, -512, -117, -605, -405, 
-819, -453, 366, 636, -592, -43, -190, -48, -512, -117, -600, -405, 
-819, -458, 361, 639, -590, -48, -190, -48, -512, -117, -600, -405, 
-829, -448, 380, 639, -605, -34, -185, -48, -522, -126, -610, -414, 
-829, -448, 380, 639, -605, -34, -185, -48, -522, -126, -610, -414, 
-829, -453, 375, 641, -602, -39, -185, -48, -522, -126, -610, -414, 
-829, -453, 375, 641, -602, -39, -185, -48, -522, -126, -610, -414, 
-834, -453, 380, 644, -607, -36, -185, -48, -522, -122, -600, -409, 
-834, -453, 380, 644, -607, -36, -185, -48, -522, -122, -600, -409, 
-834, -453, 380, 644, -607, -36, -190, -48, -522, -122, -605, -409, 
-829, -453, 375, 641, -602, -39, -190, -48, -522, -126, -605, -409, 
-824, -444, 380, 634, -602, -31, -195, -58, -522, -126, -614, -409, 
-819, -444, 375, 631, -597, -34, -195, -58, -522, -126, -614, -414, 
-810, -444, 366, 627, -588, -39, -195, -58, -522, -126, -614, -414, 
-800, -439, 361, 619, -580, -39, -195, -58, -522, -122, -614, -414, 
-805, -448, 356, 627, -580, -46, -195, -48, -531, -122, -605, -414, 
-814, -448, 366, 631, -590, -41, -190, -48, -531, -122, -605, -409, 
-819, -453, 366, 636, -592, -43, -190, -48, -531, -122, -600, -409, 
-829, -453, 375, 641, -602, -39, -190, -48, -531, -122, -600, -414, 
-819, -453, 366, 636, -592, -43, -195, -48, -531, -122, -614, -414, 
-819, -453, 366, 636, -592, -43, -195, -48, -531, -122, -614, -414, 
-819, -453, 366, 636, -592, -43, -195, -48, -531, -122, -614, -414, 
-819, -453, 366, 636, -592, -43, -190, -48, -531, -122, -614, -414, 
-819, -444, 375, 631, -597, -34, -180, -48, -522, -122, -605, -414, 
-819, -444, 375, 631, -597, -34, -180, -48, -522, -122, -605, -414, 
-819, -444, 375, 631, -597, -34, -185, -48, -527, -122, -605, -414, 
-819, -444, 375, 631, -597, -34, -185, -48, -527, -122, -605, -414, 
-819, -453, 366, 636, -592, -43, -185, -48, -527, -112, -605, -405, 
-819, -453, 366, 636, -592, -43, -185, -48, -527, -112, -610, -405, 
-819, -453, 366, 636, -592, -43, -185, -48, -531, -112, -610, -405, 
-814, -453, 361, 634, -588, -46, -185, -48, -531, -117, -610, -405, 
-814, -463, 351, 639, -583, -56, -185, -58, -527, -126, -610, -414, 
-814, -468, 346, 641, -580, -61, -185, -58, -527, -126, -610, -414, 
-814, -468, 346, 641, -580, -61, -185, -58, -527, -126, -610, -414, 
-814, -463, 351, 639, -583, -56, -185, -58, -527, -122, -610, -414, 
-805, -453, 351, 629, -578, -51, -185, -58, -536, -131, -605, -414, 
-805, -453, 351, 629, -578, -51, -185, -58, -536, -131, -605, -414, 
-805, -453, 351, 629, -578, -51, -185, -58, -536, -131, -605, -414, 
-805, -453, 351, 629, -578, -51, -185, -58, -536, -131, -605, -414, 
-814, -458, 356, 636, -585, -51, -185, -58, -536, -122, -614, -414, 
-814, -458, 356, 636, -585, -51, -185, -58, -536, -122, -619, -414, 
-814, -453, 361, 634, -588, -46, -185, -63, -536, -126, -619, -414, 
-814, -453, 361, 634, -588, -46, -185, -63, -536, -126, -619, -419, 
-805, -453, 351, 629, -578, -51, -185, -58, -536, -126, -610, -419, 
-805, -453, 351, 629, -578, -51, -185, -58, -531, -126, -610, -414, 
-805, -458, 346, 631, -575, -56, -185, -58, -531, -126, -610, -414, 
-805, -463, 341, 634, -573, -61, -185, -58, -536, -122, -610, -414, 
-814, -473, 341, 644, -578, -65, -185, -48, -536, -131, -610, -414, 
-814, -463, 351, 639, -583, -56, -185, -48, -536, -131, -610, -414, 
-814, -463, 351, 639, -583, -56, -185, -48, -536, -131, -610, -414, 
-814, -463, 351, 639, -583, -56, -185, -48, -536, -136, -610, -414, 
-805, -473, 331, 639, -568, -70, -195, -58, -546, -136, -619, -419, 
-805, -473, 331, 639, -568, -70, -195, -58, -546, -136, -619, -424, 
-805, -473, 331, 639, -568, -70, -195, -58, -546, -136, -619, -424, 
-805, -473, 331, 639, -568, -70, -195, -58, -546, -136, -619, -424, 
-805, -468, 336, 636, -570, -65, -195, -58, -541, -131, -619, -429, 
-805, -468, 336, 636, -570, -65, -195, -58, -541, -131, -619, -429, 
-805, -468, 336, 636, -570, -65, -195, -58, -541, -126, -619, -424, 
-805, -468, 336, 636, -570, -65, -195, -58, -541, -126, -619, -424, 
-814, -463, 351, 639, -583, -56, -185, -48, -551, -126, -619, -414, 
-810, -463, 346, 636, -578, -58, -185, -48, -546, -126, -619, -414, 
-810, -458, 351, 634, -580, -53, -185, -48, -546, -126, -619, -409, 
-814, -458, 356, 636, -585, -51, -185, -48, -541, -126, -614, -409, 
-814, -473, 341, 644, -578, -65, -185, -58, -551, -136, -614, -419, 
-814, -473, 341, 644, -578, -65, -185, -58, -551, -136, -614, -419, 
-814, -463, 351, 639, -583, -56, -185, -58, -551, -136, -614, -419, 
-814, -468, 346, 641, -580, -61, -185, -53, -551, -136, -610, -419, 
-814, -478, 336, 646, -575, -70, -185, -63, -551, -136, -610, -424, 
-814, -478, 336, 646, -575, -70, -185, -63, -546, -131, -610, -424, 
-805, -478, 326, 641, -566, -75, -185, -63, -546, -126, -614, -424, 
-805, -478, 326, 641, -566, -75, -185, -63, -546, -122, -619, -429, 
-810, -478, 331, 644, -570, -73, -185, -63, -546, -131, -619, -419, 
-810, -463, 346, 636, -578, -58, -185, -58, -541, -131, -619, -419, 
-805, -463, 341, 634, -573, -61, -190, -58, -546, -131, -619, -419, 
-805, -468, 336, 636, -570, -65, -190, -63, -546, -131, -614, -419, 
-814, -478, 336, 646, -575, -70, -190, -63, -556, -141, -619, -419, 
-814, -478, 336, 646, -575, -70, -190, -63, -556, -141, -619, -419, 
-810, -473, 336, 641, -573, -68, -200, -63, -556, -141, -619, -419, 
-810, -468, 341, 639, -575, -63, -204, -63, -551, -136, -614, -414, 
-819, -463, 356, 641, -588, -53, -200, -63, -551, -136, -624, -424, 
-819, -463, 356, 641, -588, -53, -200, -63, -551, -131, -624, -424, 
-810, -468, 341, 639, -575, -63, -195, -63, -556, -131, -624, -424, 
-800, -473, 326, 636, -563, -73, -190, -63, -556, -131, -624, -424, 
-805, -473, 331, 639, -568, -70, -185, -53, -556, -141, -619, -419, 
-810, -483, 326, 646, -568, -78, -185, -53, -556, -136, -619, -419, 
-805, -473, 331, 639, -568, -70, -190, -53, -556, -136, -614, -419, 
-805, -473, 331, 639, -568, -70, -190, -53, -556, -136, -610, -419, 
-805, -463, 341, 634, -573, -61, -185, -53, -546, -126, -610, -414, 
-805, -463, 341, 634, -573, -61, -185, -53, -546, -126, -610, -414, 
-805, -463, 341, 634, -573, -61, -185, -58, -546, -131, -610, -414, 
-814, -468, 346, 641, -580, -61, -185, -58, -551, -131, -614, -419, 
-805, -458, 346, 631, -575, -56, -195, -58, -541, -117, -614, -414, 
-805, -444, 361, 624, -583, -41, -200, -58, -536, -112, -614, -409, 
-795, -434, 361, 614, -578, -36, -204, -58, -527, -112, -610, -405, 
-805, -429, 375, 617, -590, -26, -209, -63, -517, -107, -605, -405, 
-805, -424, 380, 614, -592, -21, -200, -58, -522, -102, -605, -395, 
-800, -414, 385, 607, -592, -14, -200, -58, -517, -97, -600, -390, 
-800, -409, 390, 605, -595, -9, -195, -53, -512, -97, -590, -390, 
-805, -405, 400, 605, -602, -2, -190, -53, -507, -92, -585, -390, 
-800, -390, 409, 595, -605, 9, -195, -39, -492, -87, -585, -380, 
-795, -390, 405, 592, -600, 7, -200, -39, -492, -87, -580, -380, 
-785, -385, 400, 585, -592, 7, -204, -39, -492, -82, -580, -380, 
-780, -380, 400, 580, -590, 9, -209, -39, -492, -78, -580, -380, 
-756, -366, 390, 561, -573, 12, -209, -29, -478, -63, -575, -375, 
-761, -361, 400, 561, -580, 19, -209, -29, -483, -73, -580, -375, 
-766, -370, 395, 568, -580, 12, -200, -29, -478, -73, -575, -375, 
-761, -370, 390, 566, -575, 9, -190, -29, -478, -73, -570, -385, 
-756, -375, 380, 566, -568, 2, -195, -29, -488, -73, -570, -375, 
-761, -380, 380, 570, -570, 0, -200, -34, -488, -68, -570, -380, 
-761, -385, 375, 573, -568, -4, -204, -34, -488, -68, -570, -380, 
-761, -385, 375, 573, -568, -4, -214, -29, -488, -68, -570, -380, 
-761, -375, 385, 568, -573, 4, -224, -39, -488, -73, -570, -370, 
-761, -380, 380, 570, -570, 0, -229, -39, -492, -73, -570, -370, 
-756, -385, 370, 570, -563, -7, -234, -34, -497, -78, -570, -370, 
-751, -385, 366, 568, -558, -9, -234, -34, -497, -78, -570, -370, 
-746, -375, 370, 561, -558, -2, -248, -48, -497, -82, -561, -366, 
-736, -370, 366, 553, -551, -2, -253, -53, -497, -82, -561, -366, 
-727, -366, 361, 546, -544, -2, -263, -53, -502, -78, -566, -370, 
-717, -361, 356, 539, -536, -2, -273, -53, -502, -78, -566, -370, 
-707, -351, 356, 529, -531, 2, -283, -63, -517, -78, -566, -361, 
-712, -361, 351, 536, -531, -4, -283, -53, -522, -78, -570, -366, 
-712, -361, 351, 536, -531, -4, -283, -58, -527, -87, -575, -361, 
-717, -375, 341, 546, -529, -17, -273, -68, -531, -102, -580, -366, 
-722, -380, 341, 551, -531, -19, -273, -68, -536, -107, -585, -370, 
-727, -385, 341, 556, -534, -21, -273, -68, -541, -112, -590, -375, 
-732, -390, 341, 561, -536, -24, -273, -68, -546, -117, -595, -380, 
-732, -400, 331, 566, -531, -34, -273, -78, -551, -126, -605, -390, 
-732, -400, 331, 566, -531, -34, -273, -78, -556, -126, -605, -390, 
-732, -400, 331, 566, -531, -34, -273, -78, -561, -126, -605, -390, 
-732, -400, 331, 566, -531, -34, -273, -78, -566, -126, -605, -390, 
-732, -409, 322, 570, -527, -43, -263, -78, -575, -136, -614, -390, 
-732, -409, 322, 570, -527, -43, -263, -78, -575, -136, -614, -390, 
-732, -409, 322, 570, -527, -43, -263, -78, -575, -136, -614, -390, 
-732, -409, 322, 570, -527, -43, -263, -78, -575, -136, -614, -390, 
-751, -424, 326, 588, -539, -48, -253, -73, -566, -136, -614, -395, 
-761, -429, 331, 595, -546, -48, -244, -68, -566, -136, -614, -400, 
-771, -434, 336, 602, -553, -48, -234, -63, -566, -136, -614, -405, 
-780, -439, 341, 610, -561, -48, -224, -58, -566, -136, -614, -409, 
-785, -453, 331, 619, -558, -61, -219, -58, -575, -146, -619, -419, 
-790, -458, 331, 624, -561, -63, -214, -58, -575, -146, -624, -419, 
-795, -463, 331, 629, -563, -65, -209, -58, -575, -146, -629, -419, 
-800, -468, 331, 634, -566, -68, -204, -58, -575, -146, -634, -419, 
-810, -483, 326, 646, -568, -78, -204, -58, -585, -151, -644, -424, 
-810, -488, 322, 649, -566, -82, -204, -58, -585, -156, -644, -429, 
-810, -492, 317, 651, -563, -87, -204, -58, -585, -161, -644, -434, 
-810, -497, 312, 653, -561, -92, -204, -58, -585, -165, -644, -439, 
-819, -497, 322, 658, -570, -87, -195, -58, -585, -156, -653, -439, 
-819, -497, 322, 658, -570, -87, -195, -58, -585, -156, -653, -439, 
-819, -497, 322, 658, -570, -87, -195, -58, -585, -156, -653, -439, 
-819, -497, 322, 658, -570, -87, -195, -58, -585, -156, -653, -439, 
-819, -497, 322, 658, -570, -87, -195, -58, -595, -165, -653, -448, 
-819, -497, 322, 658, -570, -87, -195, -58, -595, -165, -653, -448, 
-819, -497, 322, 658, -570, -87, -195, -58, -595, -165, -653, -448, 
-819, -497, 322, 658, -570, -87, -195, -58, -595, -165, -653, -448, 
-819, -497, 322, 658, -570, -87, -195, -48, -595, -156, -653, -448, 
-819, -497, 322, 658, -570, -87, -195, -48, -595, -156, -653, -448, 
-819, -497, 322, 658, -570, -87, -195, -48, -595, -156, -653, -448, 
-819, -497, 322, 658, -570, -87, -195, -48, -595, -156, -653, -448, 
-819, -507, 312, 663, -566, -97, -185, -58, -595, -165, -663, -448, 
-819, -507, 312, 663, -566, -97, -185, -58, -595, -165, -663, -448, 
-819, -507, 312, 663, -566, -97, -185, -58, -595, -165, -663, -448, 
-819, -507, 312, 663, -566, -97, -185, -58, -595, -165, -663, -448, 
-829, -507, 322, 668, -575, -92, -185, -58, -595, -165, -663, -448, 
-829, -507, 322, 668, -575, -92, -185, -58, -595, -165, -663, -448, 
-829, -507, 322, 668, -575, -92, -185, -58, -595, -165, -663, -448, 
-829, -507, 322, 668, -575, -92, -185, -58, -595, -165, -663, -448, 
-829, -517, 312, 673, -570, -102, -185, -48, -595, -165, -663, -448, 
-829, -517, 312, 673, -570, -102, -185, -48, -595, -165, -663, -448, 
-829, -517, 312, 673, -570, -102, -185, -48, -595, -165, -663, -448, 
-829, -517, 312, 673, -570, -102, -185, -48, -595, -165, -663, -448, 
-839, -507, 331, 673, -585, -87, -185, -58, -595, -165, -663, -448, 
-839, -507, 331, 673, -585, -87, -185, -58, -595, -165, -663, -448, 
-839, -507, 331, 673, -585, -87, -185, -58, -595, -165, -663, -448, 
-839, -507, 331, 673, -585, -87, -185, -58, -595, -165, -663, -448, 
-829, -507, 322, 668, -575, -92, -185, -48, -595, -165, -663, -448, 
-829, -507, 322, 668, -575, -92, -185, -48, -595, -165, -663, -448, 
-829, -507, 322, 668, -575, -92, -185, -48, -595, -165, -663, -448, 
-829, -507, 322, 668, -575, -92, -185, -48, -595, -165, -663, -448, 
-829, -507, 322, 668, -575, -92, -185, -48, -595, -165, -663, -448, 
-829, -507, 322, 668, -575, -92, -185, -48, -595, -165, -663, -448, 
-829, -507, 322, 668, -575, -92, -185, -48, -595, -165, -663, -448, 
-829, -507, 322, 668, -575, -92, -185, -48, -595, -165, -663, -448, 
-839, -517, 322, 678, -580, -97, -185, -48, -595, -175, -663, -458, 
-839, -517, 322, 678, -580, -97, -185, -48, -595, -175, -663, -458, 
-839, -517, 322, 678, -580, -97, -185, -48, -595, -175, -663, -458, 
-839, -517, 322, 678, -580, -97, -185, -48, -595, -175, -663, -458, 
-839, -517, 322, 678, -580, -97, -185, -58, -605, -175, -673, -458, 
-839, -517, 322, 678, -580, -97, -185, -58, -605, -175, -673, -458, 
-839, -517, 322, 678, -580, -97, -185, -58, -605, -175, -673, -458, 
-839, -517, 322, 678, -580, -97, -185, -58, -605, -175, -673, -458, 
-834, -512, 322, 673, -578, -95, -195, -58, -605, -165, -663, -448, 
-829, -507, 322, 668, -575, -92, -195, -58, -605, -165, -663, -448, 
-824, -502, 322, 663, -573, -90, -195, -58, -605, -165, -663, -448, 
-819, -497, 322, 658, -570, -87, -195, -58, -605, -165, -663, -448, 
-829, -507, 322, 668, -575, -92, -195, -58, -605, -175, -663, -458, 
-829, -507, 322, 668, -575, -92, -195, -58, -605, -175, -663, -458, 
-829, -507, 322, 668, -575, -92, -195, -58, -605, -175, -663, -458, 
-829, -507, 322, 668, -575, -92, -195, -58, -605, -175, -663, -458, 
-839, -517, 322, 678, -580, -97, -195, -58, -605, -175, -663, -458, 
-839, -517, 322, 678, -580, -97, -195, -58, -605, -175, -663, -458, 
-839, -517, 322, 678, -580, -97, -195, -58, -605, -175, -663, -458, 
-839, -517, 322, 678, -580, -97, -195, -58, -605, -175, -663, -458, 
-834, -507, 326, 671, -580, -90, -195, -48, -605, -165, -663, -448, 
-829, -507, 322, 668, -575, -92, -195, -48, -605, -165, -663, -448, 
-824, -507, 317, 666, -570, -95, -195, -48, -605, -165, -663, -448, 
-819, -507, 312, 663, -566, -97, -195, -48, -605, -165, -663, -448, 
-819, -497, 322, 658, -570, -87, -195, -48, -605, -165, -663, -448, 
-819, -497, 322, 658, -570, -87, -195, -48, -605, -165, -663, -448, 
-819, -497, 322, 658, -570, -87, -195, -48, -605, -165, -663, -448, 
-819, -497, 322, 658, -570, -87, -195, -48, -605, -165, -663, -448, 
-839, -488, 351, 663, -595, -68, -180, -48, -590, -156, -649, -439, 
-849, -488, 361, 668, -605, -63, -175, -48, -575, -146, -644, -439, 
-858, -488, 370, 673, -614, -58, -170, -48, -561, -136, -639, -439, 
-868, -488, 380, 678, -624, -53, -165, -48, -546, -126, -634, -439, 
-878, -478, 400, 678, -639, -39, -161, -34, -527, -107, -624, -424, 
-888, -478, 409, 683, -649, -34, -156, -29, -517, -97, -614, -419, 
-897, -478, 419, 688, -658, -29, -151, -24, -507, -87, -605, -414, 
-907, -478, 429, 692, -668, -24, -146, -19, -497, -78, -595, -409, 
-863, -463, 400, 663, -631, -31, -175, -9, -522, -87, -575, -390, 
-819, -458, 361, 639, -590, -48, -195, 0, -546, -87, -566, -380, 
-775, -453, 322, 614, -549, -65, -214, 9, -570, -87, -556, -370, 
-732, -448, 283, 590, -507, -82, -234, 19, -595, -87, -546, -361, 
-605, -395, 209, 500, -407, -92, -341, -34, -683, -112, -531, -322, 
-488, -351, 136, 419, -312, -107, -439, -78, -761, -136, -517, -283, 
-370, -307, 63, 339, -217, -122, -536, -122, -839, -161, -502, -244, 
-253, -263, -9, 258, -122, -136, -634, -165, -917, -185, -488, -204, 
-107, -219, -112, 163, 2, -165, -741, -214, -1010, -234, -492, -180, 
29, -175, -204, 73, 117, -190, -839, -263, -1102, -273, -497, -156, 
165, -131, -297, -17, 231, -214, -936, -312, -1195, -312, -502, -131, 
302, -87, -390, -107, 346, -239, -1034, -361, -1288, -351, -507, -107, 
317, -234, -551, -41, 434, -392, -1005, -366, -1410, -507, -683, -239, 
331, -370, -702, 19, 517, -536, -985, -370, -1522, -663, -849, -370, 
346, -507, -854, 80, 600, -680, -966, -375, -1634, -819, -1015, -502, 
361, -644, -1005, 141, 683, -824, -946, -380, -1747, -976, -1180, -634, 
273, -741, -1015, 234, 644, -878, -893, -439, -1786, -1049, -1268, -717, 
185, -829, -1015, 322, 600, -922, -849, -488, -1825, -1122, -1356, -790, 
97, -917, -1015, 409, 556, -966, -805, -536, -1864, -1195, -1444, -863, 
9, -1005, -1015, 497, 512, -1010, -761, -585, -1903, -1268, -1532, -936, 
-58, -995, -936, 527, 439, -966, -727, -600, -1854, -1239, -1517, -927, 
