I, II, III, aVR, aVL, aVF, V1, V2, V3, V4, V5, V6, 
24, -888, -912, 431, 468, -900, 331, 234, 302, 258, 107, 400, 
24, -888, -912, 431, 468, -900, 331, 234, 302, 258, 107, 400, 
24, -888, -912, 431, 468, -900, 331, 234, 302, 258, 107, 400, 
24, -888, -912, 431, 468, -900, 331, 234, 302, 258, 107, 400, 
24, -888, -912, 431, 468, -900, 336, 234, 302, 263, 117, 409, 
24, -888, -912, 431, 468, -900, 336, 234, 302, 263, 117, 409, 
24, -893, -917, 434, 470, -905, 331, 234, 302, 263, 117, 409, 
24, -893, -917, 434, 470, -905, 331, 234, 302, 263, 117, 409, 
24, -893, -917, 434, 470, -905, 331, 234, 312, 263, 126, 409, 
24, -897, -922, 436, 473, -910, 331, 234, 312, 263, 126, 409, 
24, -897, -922, 436, 473, -910, 331, 234, 312, 263, 126, 414, 
24, -897, -922, 436, 473, -910, 331, 234, 312, 263, 126, 414, 
19, -897, -917, 439, 468, -907, 331, 234, 322, 263, 126, 409, 
19, -897, -917, 439, 468, -907, 331, 234, 322, 263, 126, 409, 
19, -897, -917, 439, 468, -907, 331, 234, 317, 263, 126, 414, 
19, -897, -917, 439, 468, -907, 331, 234, 317, 263, 122, 414, 
19, -902, -922, 441, 470, -912, 331, 234, 317, 263, 131, 414, 
19, -902, -922, 441, 470, -912, 331, 229, 317, 263, 131, 414, 
19, -902, -922, 441, 470, -912, 331, 229, 322, 263, 131, 414, 
24, -902, -927, 439, 475, -915, 331, 229, 322, 263, 131, 414, 
24, -902, -927, 439, 475, -915, 341, 229, 322, 268, 131, 414, 
24, -902, -927, 439, 475, -915, 336, 229, 322, 268, 131, 414, 
24, -902, -927, 439, 475, -915, 336, 229, 322, 268, 131, 414, 
24, -902, -927, 439, 475, -915, 336, 229, 322, 268, 131, 414, 
34, -912, -946, 439, 490, -929, 336, 239, 317, 258, 122, 414, 
34, -912, -946, 439, 490, -929, 336, 239, 317, 258, 122, 409, 
34, -912, -946, 439, 490, -929, 341, 244, 317, 258, 122, 405, 
34, -912, -946, 439, 490, -929, 341, 244, 317, 258, 126, 405, 
24, -912, -936, 444, 480, -924, 341, 239, 326, 268, 126, 414, 
24, -912, -936, 444, 480, -924, 341, 239, 326, 268, 126, 414, 
24, -912, -936, 444, 480, -924, 341, 239, 326, 268, 126, 419, 
24, -912, -936, 444, 480, -924, 341, 239, 331, 273, 126, 419, 
34, -912, -946, 439, 490, -929, 341, 239, 326, 263, 126, 414, 
34, -907, -941, 436, 488, -924, 341, 239, 326, 263, 126, 414, 
34, -907, -941, 436, 488, -924, 341, 239, 326, 263, 136, 414, 
34, -907, -941, 436, 488, -924, 341, 239, 326, 268, 136, 414, 
43, -917, -961, 436, 502, -939, 341, 244, 341, 278, 146, 424, 
43, -917, -961, 436, 502, -939, 341, 244, 341, 278, 141, 424, 
39, -922, -961, 441, 500, -941, 341, 244, 336, 278, 141, 424, 
39, -922, -961, 441, 500, -941, 341, 244, 336, 278, 141, 424, 
29, -922, -951, 446, 490, -936, 341, 253, 346, 278, 151, 419, 
29, -922, -951, 446, 490, -936, 341, 253, 346, 283, 151, 419, 
29, -917, -946, 444, 488, -932, 346, 253, 346, 283, 151, 419, 
29, -917, -946, 444, 488, -932, 346, 253, 346, 283, 156, 419, 
29, -917, -946, 444, 488, -932, 351, 244, 351, 287, 146, 419, 
29, -917, -946, 444, 488, -932, 351, 244, 351, 287, 146, 424, 
29, -917, -946, 444, 488, -932, 351, 244, 346, 287, 146, 424, 
29, -917, -946, 444, 488, -932, 351, 244, 346, 287, 146, 429, 
29, -922, -951, 446, 490, -936, 356, 244, 351, 287, 146, 429, 
29, -932, -961, 451, 495, -946, 361, 248, 361, 287, 151, 434, 
29, -936, -966, 453, 497, -951, 366, 263, 361, 292, 151, 424, 
14, -936, -951, 461, 483, -944, 385, 273, 370, 292, 141, 409, 
-4, -936, -932, 470, 463, -934, 395, 278, 385, 283, 126, 395, 
-19, -932, -912, 475, 446, -922, 405, 287, 395, 297, 117, 385, 
-29, -922, -893, 475, 431, -907, 414, 302, 424, 312, 122, 380, 
-39, -917, -878, 478, 419, -897, 424, 322, 458, 336, 131, 375, 
-58, -922, -863, 490, 402, -893, 444, 336, 483, 351, 131, 366, 
-68, -912, -844, 490, 387, -878, 458, 361, 492, 356, 146, 370, 
-58, -897, -839, 478, 390, -868, 458, 375, 512, 385, 175, 390, 
-48, -868, -819, 458, 385, -844, 458, 395, 566, 453, 248, 439, 
-24, -819, -795, 422, 385, -807, 439, 419, 610, 551, 336, 492, 
24, -761, -785, 368, 405, -773, 409, 424, 663, 644, 444, 556, 
87, -707, -795, 309, 441, -751, 375, 429, 697, 717, 546, 634, 
170, -673, -844, 251, 507, -758, 322, 444, 707, 795, 658, 727, 
263, -653, -917, 195, 590, -785, 278, 473, 707, 839, 756, 819, 
370, -639, -1010, 134, 690, -824, 239, 497, 683, 858, 858, 927, 
488, -610, -1098, 61, 793, -854, 190, 517, 663, 873, 980, 1054, 
624, -566, -1190, -29, 907, -878, 151, 551, 663, 912, 1107, 1180, 
736, -531, -1268, -102, 1002, -900, 126, 605, 707, 971, 1220, 1298, 
819, -497, -1317, -161, 1068, -907, 87, 629, 771, 1034, 1322, 1390, 
912, -453, -1366, -229, 1139, -910, 34, 619, 834, 1093, 1395, 1473, 
1000, -429, -1429, -285, 1215, -929, -29, 531, 829, 1102, 1429, 1532, 
1058, -429, -1488, -314, 1273, -958, -92, 414, 775, 1000, 1342, 1551, 
1078, -444, -1522, -317, 1300, -983, -136, 322, 702, 834, 1156, 1512, 
1063, -473, -1537, -295, 1300, -1005, -175, 190, 600, 692, 971, 1439, 
1000, -512, -1512, -244, 1256, -1012, -185, 24, 517, 600, 839, 1385, 
868, -541, -1410, -163, 1139, -976, -146, -141, 439, 536, 736, 1327, 
712, -556, -1268, -78, 990, -912, -82, -263, 326, 439, 629, 1249, 
551, -570, -1122, 9, 836, -846, -9, -312, 214, 346, 507, 1146, 
366, -629, -995, 131, 680, -812, 87, -302, 117, 239, 361, 1005, 
165, -736, -902, 285, 534, -819, 195, -234, 4, 107, 200, 829, 
4, -839, -844, 417, 424, -841, 326, -87, -39, 14, 68, 668, 
-92, -907, -814, 500, 361, -861, 448, 53, -43, -43, -24, 551, 
-146, -990, -844, 568, 348, -917, 546, 170, -58, -82, -92, 458, 
-156, -1044, -888, 600, 366, -966, 624, 258, -78, -102, -112, 395, 
-141, -1093, -951, 617, 405, -1022, 644, 322, -68, -92, -107, 366, 
-126, -1122, -995, 624, 434, -1058, 624, 361, -34, -63, -97, 341, 
-122, -1141, -1019, 631, 448, -1080, 590, 380, -9, -29, -82, 341, 
-92, -1122, -1029, 607, 468, -1076, 575, 419, 53, 14, -53, 341, 
-58, -1112, -1054, 585, 497, -1083, 566, 468, 112, 68, -19, 356, 
-34, -1088, -1054, 561, 509, -1071, 541, 507, 180, 122, 29, 366, 
-14, -1068, -1054, 541, 519, -1061, 527, 527, 234, 175, 63, 385, 
9, -1049, -1058, 519, 534, -1054, 507, 536, 273, 214, 97, 390, 
34, -1024, -1058, 495, 546, -1041, 502, 536, 307, 248, 126, 405, 
48, -1000, -1049, 475, 549, -1024, 483, 502, 336, 273, 151, 424, 
58, -985, -1044, 463, 551, -1015, 483, 478, 346, 283, 156, 439, 
53, -980, -1034, 463, 544, -1007, 473, 458, 356, 283, 165, 453, 
53, -976, -1029, 461, 541, -1002, 463, 439, 370, 273, 161, 453, 
53, -976, -1029, 461, 541, -1002, 448, 419, 361, 268, 156, 453, 
53, -985, -1039, 466, 546, -1012, 434, 395, 366, 278, 165, 448, 
53, -985, -1039, 466, 546, -1012, 424, 375, 366, 292, 165, 444, 
63, -985, -1049, 461, 556, -1017, 409, 356, 370, 287, 170, 439, 
63, -985, -1049, 461, 556, -1017, 395, 336, 390, 297, 180, 439, 
58, -985, -1044, 463, 551, -1015, 390, 331, 395, 307, 190, 439, 
63, -985, -1049, 461, 556, -1017, 390, 326, 395, 317, 185, 439, 
63, -985, -1049, 461, 556, -1017, 395, 326, 400, 317, 195, 448, 
68, -985, -1054, 458, 561, -1019, 395, 331, 400, 317, 195, 448, 
68, -985, -1054, 458, 561, -1019, 395, 331, 400, 312, 195, 448, 
68, -995, -1063, 463, 566, -1029, 405, 336, 395, 312, 195, 453, 
68, -1000, -1068, 466, 568, -1034, 400, 336, 395, 312, 195, 458, 
63, -1005, -1068, 470, 566, -1037, 400, 336, 395, 312, 190, 458, 
63, -1005, -1068, 470, 566, -1037, 400, 336, 395, 322, 190, 463, 
63, -1015, -1078, 475, 570, -1046, 409, 341, 409, 322, 209, 468, 
63, -1015, -1078, 475, 570, -1046, 409, 336, 414, 322, 209, 468, 
63, -1010, -1073, 473, 568, -1041, 400, 336, 414, 326, 209, 473, 
63, -1010, -1073, 473, 568, -1041, 400, 336, 414, 326, 214, 473, 
63, -1005, -1068, 470, 566, -1037, 400, 336, 414, 326, 214, 473, 
63, -1005, -1068, 470, 566, -1037, 405, 336, 414, 326, 209, 473, 
58, -1005, -1063, 473, 561, -1034, 405, 331, 409, 326, 209, 468, 
58, -1015, -1073, 478, 566, -1044, 405, 331, 409, 322, 209, 468, 
63, -1015, -1078, 475, 570, -1046, 400, 331, 400, 322, 200, 458, 
63, -1015, -1078, 475, 570, -1046, 395, 326, 400, 322, 200, 463, 
58, -1015, -1073, 478, 566, -1044, 385, 322, 400, 326, 204, 463, 
58, -1019, -1078, 480, 568, -1049, 380, 317, 400, 326, 204, 463, 
73, -1015, -1088, 470, 580, -1051, 390, 326, 400, 331, 209, 478, 
73, -1010, -1083, 468, 578, -1046, 390, 326, 400, 331, 209, 478, 
73, -1005, -1078, 466, 575, -1041, 390, 322, 400, 326, 209, 478, 
73, -1000, -1073, 463, 573, -1037, 390, 322, 400, 326, 209, 473, 
73, -1000, -1073, 463, 573, -1037, 400, 331, 409, 331, 214, 478, 
73, -1000, -1073, 463, 573, -1037, 400, 331, 409, 336, 219, 488, 
73, -1000, -1073, 463, 573, -1037, 400, 331, 414, 341, 219, 492, 
68, -1000, -1068, 466, 568, -1034, 400, 331, 414, 346, 224, 492, 
68, -1000, -1068, 466, 568, -1034, 395, 336, 409, 341, 224, 483, 
78, -1000, -1078, 461, 578, -1039, 395, 336, 409, 341, 224, 483, 
78, -995, -1073, 458, 575, -1034, 395, 331, 414, 341, 224, 483, 
78, -995, -1073, 458, 575, -1034, 400, 331, 414, 341, 224, 483, 
78, -1005, -1083, 463, 580, -1044, 400, 326, 414, 331, 214, 478, 
78, -1005, -1083, 463, 580, -1044, 400, 326, 414, 331, 214, 473, 
73, -1005, -1078, 466, 575, -1041, 400, 326, 414, 331, 219, 468, 
68, -1010, -1078, 470, 573, -1044, 400, 326, 414, 336, 219, 463, 
68, -1010, -1078, 470, 573, -1044, 390, 326, 414, 336, 209, 478, 
73, -1005, -1078, 466, 575, -1041, 385, 326, 414, 336, 214, 478, 
78, -1005, -1083, 463, 580, -1044, 385, 326, 419, 336, 214, 473, 
82, -1005, -1088, 461, 585, -1046, 385, 326, 419, 341, 214, 473, 
73, -1005, -1078, 466, 575, -1041, 385, 336, 424, 341, 224, 473, 
73, -1005, -1078, 466, 575, -1041, 385, 336, 424, 341, 229, 473, 
73, -1005, -1078, 466, 575, -1041, 385, 336, 424, 341, 229, 473, 
78, -1005, -1083, 463, 580, -1044, 385, 336, 424, 341, 229, 478, 
87, -1015, -1102, 463, 595, -1058, 395, 336, 429, 336, 234, 478, 
87, -1015, -1102, 463, 595, -1058, 395, 341, 429, 336, 234, 483, 
87, -1015, -1102, 463, 595, -1058, 395, 341, 429, 341, 234, 492, 
87, -1015, -1102, 463, 595, -1058, 395, 341, 424, 346, 239, 492, 
87, -1005, -1093, 458, 590, -1049, 390, 346, 434, 346, 239, 492, 
87, -1005, -1093, 458, 590, -1049, 390, 351, 434, 351, 244, 497, 
87, -1005, -1093, 458, 590, -1049, 390, 351, 434, 351, 244, 502, 
92, -1005, -1098, 456, 595, -1051, 390, 356, 434, 351, 244, 502, 
92, -1010, -1102, 458, 597, -1056, 380, 366, 434, 361, 248, 512, 
92, -1010, -1102, 458, 597, -1056, 380, 366, 434, 361, 253, 512, 
92, -1010, -1102, 458, 597, -1056, 380, 366, 439, 366, 258, 517, 
92, -1010, -1102, 458, 597, -1056, 380, 370, 444, 375, 273, 517, 
102, -1000, -1102, 448, 602, -1051, 380, 366, 439, 375, 268, 512, 
102, -1005, -1107, 451, 605, -1056, 380, 366, 439, 375, 273, 512, 
102, -1005, -1107, 451, 605, -1056, 380, 375, 439, 375, 278, 512, 
107, -1000, -1107, 446, 607, -1054, 380, 375, 448, 385, 283, 517, 
107, -1000, -1107, 446, 607, -1054, 380, 375, 458, 385, 278, 536, 
107, -1000, -1107, 446, 607, -1054, 375, 375, 453, 385, 283, 536, 
117, -1000, -1117, 441, 617, -1058, 375, 375, 453, 385, 283, 536, 
122, -995, -1117, 436, 619, -1056, 375, 380, 453, 390, 287, 536, 
126, -1000, -1127, 436, 627, -1063, 375, 390, 458, 395, 302, 531, 
126, -1000, -1127, 436, 627, -1063, 375, 390, 458, 395, 302, 531, 
126, -1000, -1127, 436, 627, -1063, 375, 400, 458, 400, 307, 536, 
131, -995, -1127, 431, 629, -1061, 370, 405, 468, 400, 312, 546, 
141, -985, -1127, 422, 634, -1056, 375, 409, 468, 409, 326, 551, 
146, -980, -1127, 417, 636, -1054, 375, 414, 478, 414, 331, 556, 
146, -980, -1127, 417, 636, -1054, 375, 419, 483, 419, 341, 566, 
146, -985, -1132, 419, 639, -1058, 370, 424, 483, 424, 346, 566, 
156, -985, -1141, 414, 649, -1063, 361, 444, 492, 439, 351, 570, 
161, -976, -1137, 407, 649, -1056, 356, 444, 492, 439, 356, 575, 
175, -966, -1141, 395, 658, -1054, 356, 448, 492, 444, 361, 580, 
185, -966, -1151, 390, 668, -1058, 356, 453, 502, 453, 366, 585, 
180, -961, -1141, 390, 661, -1051, 351, 453, 507, 458, 375, 600, 
185, -956, -1141, 385, 663, -1049, 346, 463, 512, 463, 385, 610, 
195, -951, -1146, 378, 671, -1049, 341, 468, 512, 463, 390, 614, 
200, -946, -1146, 373, 673, -1046, 331, 468, 517, 468, 395, 624, 
209, -941, -1151, 366, 680, -1046, 336, 483, 531, 488, 409, 624, 
214, -936, -1151, 361, 683, -1044, 331, 492, 531, 497, 424, 634, 
229, -936, -1166, 353, 697, -1051, 326, 502, 541, 502, 439, 639, 
234, -927, -1161, 346, 697, -1044, 326, 512, 541, 512, 453, 649, 
253, -917, -1171, 331, 712, -1044, 322, 517, 541, 522, 458, 663, 
268, -912, -1180, 322, 724, -1046, 317, 527, 551, 531, 478, 683, 
283, -912, -1195, 314, 739, -1054, 312, 541, 556, 546, 497, 697, 
292, -907, -1200, 307, 746, -1054, 307, 551, 566, 556, 507, 712, 
297, -902, -1200, 302, 749, -1051, 297, 556, 580, 570, 512, 727, 
307, -888, -1195, 290, 751, -1041, 287, 551, 580, 575, 527, 736, 
322, -883, -1205, 280, 763, -1044, 283, 551, 585, 580, 541, 741, 
331, -878, -1210, 273, 771, -1044, 278, 546, 585, 585, 551, 751, 
346, -858, -1205, 256, 775, -1032, 273, 561, 590, 595, 575, 766, 
356, -849, -1205, 246, 780, -1027, 263, 566, 600, 605, 590, 785, 
366, -839, -1205, 236, 785, -1022, 258, 566, 610, 614, 605, 800, 
375, -839, -1215, 231, 795, -1027, 253, 566, 619, 624, 619, 800, 
375, -834, -1210, 229, 793, -1022, 248, 561, 614, 619, 624, 819, 
385, -824, -1210, 219, 797, -1017, 244, 566, 624, 634, 639, 829, 
395, -819, -1215, 212, 805, -1017, 239, 570, 629, 639, 644, 839, 
409, -814, -1224, 202, 817, -1019, 234, 575, 634, 649, 658, 849, 
424, -819, -1244, 197, 834, -1032, 224, 580, 624, 649, 668, 849, 
434, -810, -1244, 187, 839, -1027, 214, 580, 624, 658, 683, 863, 
434, -795, -1229, 180, 832, -1012, 200, 575, 619, 658, 692, 863, 
439, -790, -1229, 175, 834, -1010, 200, 575, 619, 658, 697, 873, 
448, -800, -1249, 175, 849, -1024, 200, 575, 629, 663, 702, 883, 
453, -795, -1249, 170, 851, -1022, 195, 570, 634, 663, 712, 893, 
458, -795, -1254, 168, 856, -1024, 190, 566, 639, 668, 717, 897, 
458, -795, -1254, 168, 856, -1024, 190, 566, 639, 673, 717, 907, 
468, -785, -1254, 158, 861, -1019, 195, 556, 634, 673, 717, 912, 
468, -785, -1254, 158, 861, -1019, 190, 551, 634, 678, 717, 912, 
468, -785, -1254, 158, 861, -1019, 185, 541, 634, 678, 717, 912, 
468, -780, -1249, 156, 858, -1015, 180, 536, 634, 673, 717, 907, 
458, -790, -1249, 165, 854, -1019, 190, 536, 639, 683, 717, 902, 
458, -790, -1249, 165, 854, -1019, 190, 531, 639, 678, 712, 902, 
453, -790, -1244, 168, 849, -1017, 190, 522, 634, 678, 712, 902, 
448, -790, -1239, 170, 844, -1015, 195, 512, 634, 678, 702, 897, 
434, -805, -1239, 185, 836, -1022, 195, 497, 634, 663, 707, 883, 
429, -805, -1234, 187, 832, -1019, 200, 488, 634, 658, 692, 873, 
419, -810, -1229, 195, 824, -1019, 204, 478, 634, 653, 678, 858, 
405, -819, -1224, 207, 814, -1022, 204, 468, 629, 644, 668, 849, 
405, -819, -1224, 207, 814, -1022, 209, 463, 610, 634, 649, 844, 
395, -824, -1220, 214, 807, -1022, 214, 458, 605, 624, 634, 829, 
380, -839, -1220, 229, 800, -1029, 219, 444, 605, 619, 624, 814, 
370, -844, -1215, 236, 793, -1029, 229, 434, 600, 614, 605, 795, 
356, -854, -1210, 248, 783, -1032, 239, 434, 590, 590, 580, 771, 
346, -868, -1215, 261, 780, -1041, 244, 434, 580, 575, 561, 756, 
331, -878, -1210, 273, 771, -1044, 263, 429, 580, 561, 541, 741, 
317, -897, -1215, 290, 766, -1056, 273, 419, 575, 546, 527, 732, 
292, -907, -1200, 307, 746, -1054, 273, 400, 561, 546, 507, 722, 
283, -917, -1200, 317, 741, -1058, 278, 390, 551, 531, 492, 712, 
273, -927, -1200, 326, 736, -1063, 292, 385, 551, 522, 483, 697, 
258, -936, -1195, 339, 727, -1066, 292, 385, 546, 512, 473, 683, 
234, -946, -1180, 356, 707, -1063, 317, 380, 541, 507, 448, 678, 
219, -956, -1176, 368, 697, -1066, 317, 375, 536, 497, 439, 658, 
204, -966, -1171, 380, 688, -1068, 326, 370, 531, 483, 424, 649, 
200, -971, -1171, 385, 685, -1071, 336, 366, 522, 478, 409, 634, 
200, -980, -1180, 390, 690, -1080, 336, 366, 512, 463, 395, 619, 
195, -990, -1185, 397, 690, -1088, 336, 361, 507, 453, 385, 614, 
190, -990, -1180, 400, 685, -1085, 346, 356, 507, 448, 380, 610, 
190, -1005, -1195, 407, 692, -1100, 346, 351, 507, 444, 375, 595, 
165, -1019, -1185, 427, 675, -1102, 366, 361, 512, 448, 375, 600, 
151, -1019, -1171, 434, 661, -1095, 366, 356, 507, 444, 370, 595, 
136, -1024, -1161, 444, 649, -1093, 370, 351, 497, 444, 361, 590, 
126, -1029, -1156, 451, 641, -1093, 370, 346, 497, 448, 351, 585, 
131, -1029, -1161, 448, 646, -1095, 375, 341, 483, 429, 341, 566, 
117, -1029, -1146, 456, 631, -1088, 380, 341, 483, 419, 331, 566, 
117, -1039, -1156, 461, 636, -1098, 385, 336, 483, 414, 326, 561, 
117, -1044, -1161, 463, 639, -1102, 390, 336, 483, 409, 326, 556, 
112, -1049, -1161, 468, 636, -1105, 385, 346, 483, 414, 322, 556, 
112, -1054, -1166, 470, 639, -1110, 390, 346, 478, 409, 317, 551, 
107, -1058, -1166, 475, 636, -1112, 395, 346, 478, 400, 317, 546, 
102, -1063, -1166, 480, 634, -1115, 400, 346, 478, 400, 317, 546, 
87, -1073, -1161, 492, 624, -1117, 390, 346, 488, 409, 312, 541, 
82, -1078, -1161, 497, 622, -1119, 400, 346, 488, 409, 307, 536, 
82, -1078, -1161, 497, 622, -1119, 400, 346, 488, 409, 302, 536, 
78, -1078, -1156, 500, 617, -1117, 409, 351, 488, 409, 302, 536, 
87, -1088, -1176, 500, 631, -1132, 414, 351, 478, 400, 302, 536, 
78, -1088, -1166, 505, 622, -1127, 414, 351, 483, 400, 302, 536, 
78, -1093, -1171, 507, 624, -1132, 414, 351, 483, 395, 302, 527, 
78, -1093, -1171, 507, 624, -1132, 414, 351, 478, 395, 297, 522, 
78, -1093, -1171, 507, 624, -1132, 424, 351, 488, 395, 297, 522, 
78, -1093, -1171, 507, 624, -1132, 424, 356, 488, 395, 297, 522, 
78, -1098, -1176, 509, 627, -1137, 424, 356, 483, 390, 292, 522, 
78, -1098, -1176, 509, 627, -1137, 424, 356, 483, 390, 292, 522, 
78, -1098, -1176, 509, 627, -1137, 424, 356, 483, 390, 287, 522, 
78, -1098, -1176, 509, 627, -1137, 429, 356, 488, 395, 287, 522, 
78, -1102, -1180, 512, 629, -1141, 429, 356, 488, 395, 287, 522, 
78, -1102, -1180, 512, 629, -1141, 429, 356, 488, 395, 287, 522, 
78, -1102, -1180, 512, 629, -1141, 439, 366, 488, 395, 287, 522, 
78, -1102, -1180, 512, 629, -1141, 439, 366, 488, 390, 287, 517, 
78, -1102, -1180, 512, 629, -1141, 439, 366, 488, 390, 287, 512, 
78, -1107, -1185, 514, 631, -1146, 439, 370, 488, 390, 287, 512, 
78, -1107, -1185, 514, 631, -1146, 439, 370, 497, 390, 287, 522, 
78, -1107, -1185, 514, 631, -1146, 444, 370, 497, 390, 287, 522, 
73, -1112, -1185, 519, 629, -1149, 444, 370, 497, 385, 283, 517, 
73, -1112, -1185, 519, 629, -1149, 448, 370, 497, 385, 283, 517, 
63, -1112, -1176, 524, 619, -1144, 453, 380, 492, 390, 292, 507, 
63, -1107, -1171, 522, 617, -1139, 453, 385, 492, 390, 287, 507, 
63, -1107, -1171, 522, 617, -1139, 453, 390, 492, 390, 287, 507, 
53, -1112, -1166, 529, 610, -1139, 458, 390, 492, 390, 287, 507, 
48, -1127, -1176, 539, 612, -1151, 448, 380, 507, 390, 283, 507, 
48, -1127, -1176, 539, 612, -1151, 453, 380, 512, 390, 283, 502, 
48, -1132, -1180, 541, 614, -1156, 453, 380, 512, 390, 278, 497, 
48, -1132, -1180, 541, 614, -1156, 453, 385, 512, 390, 273, 497, 
48, -1127, -1176, 539, 612, -1151, 463, 395, 512, 395, 278, 497, 
48, -1127, -1176, 539, 612, -1151, 463, 395, 517, 395, 278, 497, 
48, -1127, -1176, 539, 612, -1151, 463, 395, 522, 395, 278, 497, 
48, -1127, -1176, 539, 612, -1151, 468, 395, 522, 395, 278, 497, 
48, -1141, -1190, 546, 619, -1166, 463, 385, 527, 405, 273, 497, 
48, -1132, -1180, 541, 614, -1156, 463, 390, 527, 405, 273, 497, 
53, -1132, -1185, 539, 619, -1159, 463, 395, 527, 405, 273, 497, 
53, -1132, -1185, 539, 619, -1159, 463, 400, 527, 405, 273, 497, 
53, -1132, -1185, 539, 619, -1159, 473, 400, 531, 405, 273, 502, 
48, -1132, -1180, 541, 614, -1156, 473, 400, 531, 409, 273, 502, 
48, -1132, -1180, 541, 614, -1156, 473, 400, 531, 409, 273, 497, 
43, -1132, -1176, 544, 610, -1154, 473, 400, 536, 409, 273, 497, 
53, -1141, -1195, 544, 624, -1168, 463, 400, 531, 419, 283, 488, 
53, -1141, -1195, 544, 624, -1168, 463, 400, 531, 414, 283, 488, 
53, -1137, -1190, 541, 622, -1163, 463, 400, 531, 414, 283, 488, 
53, -1137, -1190, 541, 622, -1163, 468, 400, 531, 414, 283, 488, 
43, -1137, -1180, 546, 612, -1159, 478, 400, 536, 419, 287, 497, 
43, -1137, -1180, 546, 612, -1159, 478, 400, 536, 419, 287, 497, 
43, -1137, -1180, 546, 612, -1159, 478, 400, 541, 424, 287, 497, 
43, -1137, -1180, 546, 612, -1159, 478, 405, 541, 424, 287, 497, 
43, -1146, -1190, 551, 617, -1168, 478, 414, 541, 424, 287, 497, 
43, -1146, -1190, 551, 617, -1168, 478, 414, 541, 424, 287, 502, 
43, -1146, -1190, 551, 617, -1168, 478, 409, 541, 424, 287, 502, 
48, -1146, -1195, 549, 622, -1171, 478, 409, 541, 424, 292, 502, 
48, -1146, -1195, 549, 622, -1171, 478, 405, 536, 424, 292, 502, 
48, -1146, -1195, 549, 622, -1171, 473, 395, 536, 419, 292, 502, 
48, -1146, -1195, 549, 622, -1171, 473, 390, 536, 414, 292, 502, 
43, -1146, -1190, 551, 617, -1168, 473, 390, 536, 409, 292, 502, 
34, -1137, -1171, 551, 602, -1154, 473, 400, 536, 419, 302, 512, 
34, -1137, -1171, 551, 602, -1154, 473, 400, 536, 419, 302, 512, 
39, -1137, -1176, 549, 607, -1156, 473, 400, 536, 414, 307, 512, 
39, -1132, -1171, 546, 605, -1151, 478, 400, 536, 414, 307, 517, 
48, -1132, -1180, 541, 614, -1156, 478, 400, 527, 424, 312, 522, 
43, -1137, -1180, 546, 612, -1159, 473, 400, 527, 424, 312, 522, 
43, -1137, -1180, 546, 612, -1159, 473, 400, 531, 424, 312, 522, 
43, -1137, -1180, 546, 612, -1159, 473, 400, 531, 429, 312, 522, 
53, -1146, -1200, 546, 627, -1173, 473, 400, 531, 429, 312, 522, 
53, -1146, -1200, 546, 627, -1173, 473, 400, 531, 429, 317, 522, 
53, -1146, -1200, 546, 627, -1173, 473, 400, 531, 429, 317, 522, 
58, -1146, -1205, 544, 631, -1176, 473, 400, 531, 429, 312, 522, 
48, -1146, -1195, 549, 622, -1171, 463, 395, 531, 424, 322, 531, 
48, -1146, -1195, 549, 622, -1171, 463, 395, 531, 424, 322, 527, 
58, -1146, -1205, 544, 631, -1176, 463, 395, 531, 424, 322, 527, 
58, -1146, -1205, 544, 631, -1176, 463, 395, 527, 424, 322, 531, 
68, -1146, -1215, 539, 641, -1180, 473, 385, 527, 424, 322, 522, 
68, -1146, -1215, 539, 641, -1180, 473, 385, 527, 424, 322, 522, 
68, -1146, -1215, 539, 641, -1180, 473, 380, 527, 424, 322, 522, 
68, -1151, -1220, 541, 644, -1185, 473, 380, 527, 424, 322, 522, 
68, -1151, -1220, 541, 644, -1185, 463, 385, 517, 429, 322, 522, 
68, -1151, -1220, 541, 644, -1185, 463, 385, 517, 429, 322, 522, 
63, -1151, -1215, 544, 639, -1183, 463, 385, 517, 424, 322, 522, 
63, -1151, -1215, 544, 639, -1183, 463, 385, 517, 424, 322, 522, 
73, -1161, -1234, 544, 653, -1198, 463, 385, 517, 424, 326, 522, 
73, -1161, -1234, 544, 653, -1198, 463, 380, 512, 424, 326, 522, 
73, -1161, -1234, 544, 653, -1198, 463, 380, 512, 424, 326, 522, 
73, -1161, -1234, 544, 653, -1198, 463, 380, 512, 424, 322, 522, 
63, -1171, -1234, 553, 649, -1202, 468, 385, 502, 429, 322, 522, 
63, -1171, -1234, 553, 649, -1202, 468, 385, 502, 429, 322, 522, 
63, -1166, -1229, 551, 646, -1198, 468, 380, 502, 434, 322, 522, 
63, -1166, -1229, 551, 646, -1198, 468, 380, 502, 434, 322, 522, 
53, -1156, -1210, 551, 631, -1183, 468, 385, 512, 424, 312, 531, 
53, -1156, -1210, 551, 631, -1183, 473, 385, 512, 424, 317, 531, 
53, -1156, -1210, 551, 631, -1183, 473, 385, 512, 424, 317, 531, 
53, -1156, -1210, 551, 631, -1183, 473, 385, 512, 424, 312, 531, 
53, -1156, -1210, 551, 631, -1183, 473, 380, 507, 424, 312, 522, 
53, -1161, -1215, 553, 634, -1188, 473, 375, 507, 424, 312, 522, 
53, -1161, -1215, 553, 634, -1188, 468, 375, 512, 424, 317, 522, 
53, -1161, -1215, 553, 634, -1188, 468, 375, 512, 419, 317, 522, 
63, -1176, -1239, 556, 651, -1207, 468, 375, 502, 419, 326, 522, 
63, -1176, -1239, 556, 651, -1207, 468, 375, 502, 419, 326, 522, 
63, -1171, -1234, 553, 649, -1202, 468, 375, 502, 424, 326, 522, 
63, -1171, -1234, 553, 649, -1202, 473, 375, 502, 424, 326, 522, 
63, -1166, -1229, 551, 646, -1198, 473, 375, 502, 424, 326, 522, 
63, -1166, -1229, 551, 646, -1198, 473, 375, 502, 419, 322, 522, 
63, -1166, -1229, 551, 646, -1198, 473, 375, 497, 419, 322, 522, 
58, -1166, -1224, 553, 641, -1195, 473, 375, 497, 419, 322, 522, 
58, -1171, -1229, 556, 644, -1200, 478, 375, 507, 429, 331, 522, 
63, -1171, -1234, 553, 649, -1202, 478, 375, 512, 429, 331, 522, 
63, -1171, -1234, 553, 649, -1202, 478, 375, 512, 429, 331, 522, 
63, -1171, -1234, 553, 649, -1202, 478, 375, 512, 429, 331, 522, 
53, -1171, -1224, 558, 639, -1198, 478, 375, 517, 419, 331, 522, 
53, -1171, -1224, 558, 639, -1198, 478, 375, 517, 424, 331, 522, 
53, -1171, -1224, 558, 639, -1198, 483, 375, 512, 424, 331, 522, 
48, -1171, -1220, 561, 634, -1195, 483, 375, 512, 419, 331, 522, 
39, -1171, -1210, 566, 624, -1190, 468, 380, 507, 409, 322, 512, 
43, -1171, -1215, 563, 629, -1193, 468, 380, 502, 409, 322, 512, 
43, -1171, -1215, 563, 629, -1193, 468, 380, 497, 409, 322, 512, 
43, -1171, -1215, 563, 629, -1193, 473, 380, 492, 409, 322, 512, 
43, -1161, -1205, 558, 624, -1183, 473, 375, 492, 419, 312, 512, 
48, -1161, -1210, 556, 629, -1185, 473, 375, 492, 419, 312, 512, 
53, -1161, -1215, 553, 634, -1188, 473, 370, 492, 419, 312, 512, 
58, -1166, -1224, 553, 641, -1195, 473, 370, 492, 419, 312, 512, 
48, -1176, -1224, 563, 636, -1200, 473, 370, 497, 419, 322, 512, 
48, -1171, -1220, 561, 634, -1195, 473, 370, 497, 419, 326, 512, 
48, -1171, -1220, 561, 634, -1195, 473, 370, 497, 424, 326, 512, 
43, -1176, -1220, 566, 631, -1198, 473, 370, 497, 424, 326, 512, 
34, -1166, -1200, 566, 617, -1183, 473, 380, 492, 419, 326, 512, 
39, -1166, -1205, 563, 622, -1185, 473, 380, 492, 419, 326, 512, 
39, -1166, -1205, 563, 622, -1185, 473, 380, 492, 419, 326, 512, 
39, -1171, -1210, 566, 624, -1190, 473, 380, 492, 424, 326, 512, 
43, -1171, -1215, 563, 629, -1193, 473, 370, 483, 424, 317, 502, 
48, -1171, -1220, 561, 634, -1195, 473, 370, 483, 419, 317, 502, 
53, -1171, -1224, 558, 639, -1198, 473, 370, 483, 419, 317, 502, 
58, -1171, -1229, 556, 644, -1200, 473, 370, 483, 419, 317, 502, 
58, -1161, -1220, 551, 639, -1190, 483, 380, 478, 419, 317, 512, 
58, -1161, -1220, 551, 639, -1190, 483, 380, 478, 419, 317, 512, 
58, -1161, -1220, 551, 639, -1190, 483, 380, 478, 419, 317, 512, 
58, -1161, -1220, 551, 639, -1190, 483, 380, 478, 419, 317, 512, 
58, -1161, -1220, 551, 639, -1190, 483, 380, 488, 424, 322, 522, 
58, -1156, -1215, 549, 636, -1185, 483, 380, 492, 429, 326, 522, 
58, -1156, -1215, 549, 636, -1185, 483, 380, 497, 434, 331, 522, 
58, -1161, -1220, 551, 639, -1190, 483, 380, 502, 439, 336, 527, 
53, -1156, -1210, 551, 631, -1183, 492, 395, 512, 448, 341, 527, 
53, -1146, -1200, 546, 627, -1173, 492, 395, 512, 448, 341, 527, 
58, -1141, -1200, 541, 629, -1171, 492, 395, 512, 448, 341, 527, 
58, -1137, -1195, 539, 627, -1166, 492, 395, 517, 448, 341, 527, 
48, -1137, -1185, 544, 617, -1161, 497, 405, 527, 453, 341, 527, 
48, -1141, -1190, 546, 619, -1166, 502, 405, 531, 453, 341, 531, 
48, -1141, -1190, 546, 619, -1166, 512, 405, 531, 453, 346, 531, 
48, -1137, -1185, 544, 617, -1161, 517, 405, 527, 458, 351, 531, 
53, -1132, -1185, 539, 619, -1159, 507, 414, 536, 468, 351, 522, 
58, -1122, -1180, 531, 619, -1151, 507, 414, 536, 468, 351, 527, 
63, -1122, -1185, 529, 624, -1154, 512, 419, 541, 468, 356, 527, 
68, -1117, -1185, 524, 627, -1151, 517, 419, 546, 468, 361, 531, 
78, -1122, -1200, 522, 639, -1161, 512, 419, 551, 463, 351, 531, 
78, -1122, -1200, 522, 639, -1161, 512, 419, 546, 473, 351, 531, 
82, -1122, -1205, 519, 644, -1163, 512, 429, 551, 473, 356, 531, 
82, -1122, -1205, 519, 644, -1163, 507, 439, 546, 478, 356, 536, 
82, -1112, -1195, 514, 639, -1154, 502, 434, 546, 478, 366, 527, 
78, -1112, -1190, 517, 634, -1151, 497, 429, 551, 478, 366, 527, 
78, -1112, -1190, 517, 634, -1151, 497, 424, 551, 478, 361, 531, 
82, -1112, -1195, 514, 639, -1154, 502, 424, 551, 478, 361, 531, 
73, -1112, -1185, 519, 629, -1149, 488, 409, 536, 478, 361, 531, 
68, -1117, -1185, 524, 627, -1151, 478, 405, 536, 478, 361, 531, 
73, -1117, -1190, 522, 631, -1154, 473, 400, 536, 478, 361, 527, 
73, -1122, -1195, 524, 634, -1159, 468, 395, 536, 473, 361, 527, 
63, -1127, -1190, 531, 627, -1159, 463, 395, 527, 463, 356, 527, 
73, -1127, -1200, 527, 636, -1163, 463, 395, 512, 448, 346, 527, 
73, -1132, -1205, 529, 639, -1168, 463, 385, 512, 448, 346, 512, 
73, -1137, -1210, 531, 641, -1173, 458, 390, 512, 453, 346, 527, 
78, -1132, -1210, 527, 644, -1171, 458, 390, 507, 448, 341, 517, 
68, -1141, -1210, 536, 639, -1176, 458, 385, 502, 448, 331, 507, 
68, -1141, -1210, 536, 639, -1176, 458, 380, 497, 448, 331, 507, 
68, -1141, -1210, 536, 639, -1176, 458, 375, 492, 448, 331, 507, 
68, -1141, -1210, 536, 639, -1176, 458, 370, 488, 448, 331, 507, 
58, -1146, -1205, 544, 631, -1176, 448, 361, 478, 444, 322, 497, 
58, -1151, -1210, 546, 634, -1180, 448, 361, 478, 439, 322, 497, 
58, -1156, -1215, 549, 636, -1185, 448, 361, 478, 434, 322, 497, 
58, -1161, -1220, 551, 639, -1190, 448, 361, 478, 429, 322, 497, 
58, -1151, -1210, 546, 634, -1180, 458, 361, 473, 419, 322, 497, 
58, -1151, -1210, 546, 634, -1180, 458, 361, 468, 419, 322, 497, 
58, -1151, -1210, 546, 634, -1180, 458, 361, 463, 419, 322, 497, 
58, -1151, -1210, 546, 634, -1180, 458, 361, 458, 419, 322, 497, 
58, -1141, -1200, 541, 629, -1171, 448, 351, 468, 429, 331, 502, 
58, -1141, -1200, 541, 629, -1171, 448, 351, 468, 429, 331, 507, 
58, -1141, -1200, 541, 629, -1171, 448, 351, 468, 429, 331, 512, 
58, -1141, -1200, 541, 629, -1171, 448, 351, 468, 429, 331, 517, 
58, -1141, -1200, 541, 629, -1171, 448, 341, 468, 439, 341, 517, 
58, -1141, -1200, 541, 629, -1171, 448, 341, 468, 439, 341, 517, 
58, -1141, -1200, 541, 629, -1171, 448, 341, 468, 439, 341, 517, 
58, -1141, -1200, 541, 629, -1171, 448, 341, 468, 439, 341, 517, 
68, -1141, -1210, 536, 639, -1176, 458, 351, 478, 439, 341, 517, 
68, -1141, -1210, 536, 639, -1176, 458, 351, 478, 439, 341, 517, 
68, -1141, -1210, 536, 639, -1176, 458, 351, 478, 439, 341, 517, 
68, -1141, -1210, 536, 639, -1176, 458, 351, 478, 439, 341, 517, 
58, -1151, -1210, 546, 634, -1180, 468, 356, 468, 439, 331, 507, 
58, -1151, -1210, 546, 634, -1180, 468, 361, 468, 439, 331, 507, 
58, -1151, -1210, 546, 634, -1180, 468, 366, 468, 439, 331, 507, 
58, -1151, -1210, 546, 634, -1180, 468, 370, 468, 439, 331, 507, 
68, -1141, -1210, 536, 639, -1176, 468, 370, 468, 429, 322, 497, 
68, -1141, -1210, 536, 639, -1176, 468, 370, 468, 429, 322, 497, 
68, -1141, -1210, 536, 639, -1176, 468, 370, 468, 429, 322, 497, 
68, -1141, -1210, 536, 639, -1176, 468, 370, 468, 429, 322, 497, 
68, -1151, -1220, 541, 644, -1185, 458, 361, 458, 429, 322, 497, 
68, -1151, -1220, 541, 644, -1185, 453, 361, 448, 429, 322, 497, 
68, -1151, -1220, 541, 644, -1185, 453, 361, 448, 429, 322, 497, 
68, -1151, -1220, 541, 644, -1185, 453, 361, 448, 429, 317, 492, 
53, -1161, -1215, 553, 634, -1188, 463, 366, 448, 429, 317, 492, 
53, -1161, -1215, 553, 634, -1188, 463, 366, 453, 429, 322, 497, 
48, -1156, -1205, 553, 627, -1180, 463, 366, 458, 434, 322, 497, 
39, -1156, -1195, 558, 617, -1176, 468, 366, 458, 434, 326, 497, 
39, -1156, -1195, 558, 617, -1176, 473, 361, 458, 429, 326, 497, 
43, -1156, -1200, 556, 622, -1178, 478, 361, 468, 429, 326, 497, 
43, -1151, -1195, 553, 619, -1173, 478, 361, 458, 429, 317, 497, 
43, -1151, -1195, 553, 619, -1173, 483, 361, 458, 429, 317, 488, 
43, -1156, -1200, 556, 622, -1178, 478, 370, 468, 429, 307, 478, 
39, -1156, -1195, 558, 617, -1176, 478, 370, 468, 424, 307, 478, 
39, -1156, -1195, 558, 617, -1176, 473, 370, 468, 424, 302, 473, 
43, -1156, -1200, 556, 622, -1178, 473, 370, 468, 424, 302, 473, 
43, -1156, -1200, 556, 622, -1178, 473, 370, 458, 429, 312, 478, 
39, -1161, -1200, 561, 619, -1180, 478, 370, 458, 429, 312, 478, 
34, -1166, -1200, 566, 617, -1183, 483, 370, 458, 424, 307, 473, 
34, -1166, -1200, 566, 617, -1183, 488, 370, 453, 424, 307, 473, 
39, -1151, -1190, 556, 614, -1171, 483, 370, 453, 424, 312, 473, 
39, -1151, -1190, 556, 614, -1171, 483, 370, 453, 424, 312, 473, 
39, -1151, -1190, 556, 614, -1171, 483, 370, 453, 424, 312, 473, 
39, -1151, -1190, 556, 614, -1171, 483, 370, 448, 424, 312, 473, 
43, -1141, -1185, 549, 614, -1163, 483, 370, 448, 429, 307, 483, 
43, -1141, -1185, 549, 614, -1163, 478, 370, 448, 429, 307, 483, 
43, -1141, -1185, 549, 614, -1163, 478, 370, 448, 429, 307, 478, 
43, -1137, -1180, 546, 612, -1159, 478, 370, 453, 424, 302, 478, 
43, -1137, -1180, 546, 612, -1159, 468, 361, 453, 434, 312, 468, 
43, -1137, -1180, 546, 612, -1159, 468, 361, 453, 434, 312, 468, 
43, -1137, -1180, 546, 612, -1159, 468, 361, 448, 434, 312, 468, 
43, -1137, -1180, 546, 612, -1159, 468, 361, 448, 434, 312, 468, 
39, -1141, -1180, 551, 610, -1161, 468, 366, 453, 424, 312, 473, 
39, -1146, -1185, 553, 612, -1166, 468, 366, 453, 424, 312, 473, 
43, -1107, -1151, 531, 597, -1129, 468, 361, 448, 424, 302, 468, 
43, -1112, -1156, 534, 600, -1134, 468, 361, 448, 424, 302, 468, 
34, -1117, -1151, 541, 592, -1134, 478, 361, 458, 434, 312, 458, 
34, -1122, -1156, 544, 595, -1139, 478, 361, 458, 434, 312, 458, 
34, -1127, -1161, 546, 597, -1144, 483, 361, 458, 429, 312, 458, 
34, -1132, -1166, 549, 600, -1149, 483, 361, 458, 429, 312, 458, 
43, -1127, -1171, 541, 607, -1149, 468, 361, 448, 429, 312, 458, 
43, -1127, -1171, 541, 607, -1149, 468, 361, 448, 429, 312, 458, 
43, -1127, -1171, 541, 607, -1149, 468, 361, 448, 429, 312, 458, 
43, -1132, -1176, 544, 610, -1154, 468, 361, 448, 429, 312, 458, 
43, -1132, -1176, 544, 610, -1154, 468, 370, 448, 429, 302, 463, 
43, -1132, -1176, 544, 610, -1154, 468, 370, 448, 429, 302, 463, 
39, -1132, -1171, 546, 605, -1151, 468, 370, 448, 429, 302, 458, 
39, -1132, -1171, 546, 605, -1151, 468, 370, 448, 429, 302, 458, 
39, -1132, -1171, 546, 605, -1151, 468, 361, 444, 419, 292, 453, 
39, -1132, -1171, 546, 605, -1151, 468, 361, 444, 419, 287, 453, 
39, -1127, -1166, 544, 602, -1146, 468, 361, 444, 419, 287, 453, 
39, -1127, -1166, 544, 602, -1146, 468, 356, 444, 419, 287, 453, 
48, -1117, -1166, 534, 607, -1141, 468, 356, 439, 429, 297, 453, 
53, -1117, -1171, 531, 612, -1144, 468, 356, 439, 429, 297, 453, 
53, -1117, -1171, 531, 612, -1144, 468, 356, 439, 424, 297, 453, 
53, -1117, -1171, 531, 612, -1144, 463, 356, 439, 424, 297, 453, 
43, -1107, -1151, 531, 597, -1129, 473, 366, 448, 424, 307, 463, 
43, -1107, -1151, 531, 597, -1129, 473, 366, 448, 424, 307, 463, 
43, -1107, -1151, 531, 597, -1129, 473, 366, 444, 424, 307, 463, 
43, -1107, -1151, 531, 597, -1129, 473, 366, 444, 424, 307, 458, 
34, -1107, -1141, 536, 588, -1124, 478, 370, 444, 434, 307, 463, 
34, -1107, -1141, 536, 588, -1124, 478, 370, 444, 434, 312, 463, 
34, -1107, -1141, 536, 588, -1124, 478, 366, 444, 434, 312, 463, 
34, -1107, -1141, 536, 588, -1124, 478, 366, 444, 434, 312, 463, 
34, -1107, -1141, 536, 588, -1124, 478, 375, 444, 424, 302, 463, 
34, -1107, -1141, 536, 588, -1124, 478, 375, 448, 429, 302, 458, 
34, -1107, -1141, 536, 588, -1124, 478, 375, 453, 429, 302, 458, 
34, -1102, -1137, 534, 585, -1119, 478, 375, 453, 429, 302, 453, 
43, -1102, -1146, 529, 595, -1124, 468, 370, 444, 429, 312, 453, 
43, -1102, -1146, 529, 595, -1124, 468, 366, 444, 434, 312, 453, 
43, -1102, -1146, 529, 595, -1124, 468, 366, 448, 434, 312, 453, 
43, -1102, -1146, 529, 595, -1124, 468, 361, 448, 434, 307, 453, 
39, -1098, -1137, 529, 588, -1117, 478, 361, 444, 434, 307, 453, 
39, -1098, -1137, 529, 588, -1117, 478, 361, 444, 434, 307, 453, 
39, -1098, -1137, 529, 588, -1117, 478, 361, 444, 434, 307, 448, 
39, -1098, -1137, 529, 588, -1117, 478, 361, 444, 439, 307, 448, 
48, -1093, -1141, 522, 595, -1117, 473, 351, 453, 439, 297, 439, 
48, -1093, -1141, 522, 595, -1117, 473, 351, 453, 439, 302, 439, 
48, -1093, -1141, 522, 595, -1117, 468, 351, 458, 444, 302, 439, 
48, -1093, -1141, 522, 595, -1117, 468, 351, 458, 444, 302, 444, 
39, -1083, -1122, 522, 580, -1102, 468, 361, 453, 453, 312, 444, 
39, -1083, -1122, 522, 580, -1102, 468, 361, 453, 453, 312, 448, 
39, -1078, -1117, 519, 578, -1098, 473, 361, 468, 453, 312, 448, 
39, -1078, -1117, 519, 578, -1098, 478, 366, 468, 453, 307, 444, 
39, -1083, -1122, 522, 580, -1102, 483, 380, 468, 448, 307, 444, 
34, -1083, -1117, 524, 575, -1100, 492, 390, 468, 448, 307, 439, 
14, -1083, -1098, 534, 556, -1090, 502, 395, 473, 439, 292, 424, 
-9, -1078, -1068, 544, 529, -1073, 512, 395, 483, 444, 283, 414, 
-19, -1078, -1058, 549, 519, -1068, 512, 400, 502, 458, 297, 409, 
-19, -1073, -1054, 546, 517, -1063, 531, 429, 536, 483, 297, 405, 
-39, -1068, -1029, 553, 495, -1049, 551, 463, 551, 497, 297, 385, 
-58, -1058, -1000, 558, 470, -1029, 566, 468, 570, 512, 302, 400, 
-68, -1044, -976, 556, 453, -1010, 575, 473, 590, 531, 331, 409, 
-48, -1015, -966, 531, 458, -990, 575, 502, 624, 590, 385, 439, 
-14, -966, -951, 490, 468, -958, 556, 517, 678, 678, 473, 492, 
14, -917, -932, 451, 473, -924, 527, 522, 741, 771, 580, 546, 
68, -854, -922, 392, 495, -888, 492, 536, 785, 863, 683, 624, 
141, -819, -961, 339, 551, -890, 458, 541, 795, 932, 785, 717, 
234, -790, -1024, 278, 629, -907, 405, 561, 775, 956, 893, 819, 
341, -766, -1107, 212, 724, -936, 356, 595, 751, 976, 985, 917, 
468, -746, -1215, 139, 841, -980, 307, 624, 712, 1010, 1088, 1034, 
605, -712, -1317, 53, 961, -1015, 248, 639, 692, 1029, 1215, 1161, 
727, -678, -1405, -24, 1066, -1041, 204, 673, 707, 1068, 1327, 1278, 
839, -634, -1473, -102, 1156, -1054, 185, 727, 771, 1122, 1420, 1371, 
932, -590, -1522, -170, 1227, -1056, 151, 746, 863, 1190, 1512, 1454, 
1010, -546, -1556, -231, 1283, -1051, 87, 678, 897, 1239, 1556, 1512, 
1078, -536, -1615, -270, 1346, -1076, 4, 570, 844, 1176, 1527, 1561, 
1117, -551, -1668, -283, 1393, -1110, -48, 478, 771, 1029, 1381, 1551, 
1112, -570, -1683, -270, 1398, -1127, -58, 385, 688, 868, 1166, 1478, 
1058, -610, -1668, -224, 1363, -1139, -68, 239, 614, 766, 1005, 1395, 
956, -629, -1586, -163, 1271, -1107, -58, 53, 566, 712, 912, 1346, 
800, -624, -1424, -87, 1112, -1024, -14, -117, 502, 644, 805, 1268, 
619, -639, -1259, 9, 939, -949, 58, -224, 400, 561, 692, 1176, 
434, -688, -1122, 126, 778, -905, 136, -244, 292, 463, 546, 1044, 
234, -775, -1010, 270, 622, -893, 244, -204, 180, 341, 385, 878, 
53, -868, -922, 407, 488, -895, 375, -87, 107, 229, 244, 707, 
-73, -966, -893, 519, 409, -929, 497, 53, 73, 151, 131, 561, 
-146, -1039, -893, 592, 373, -966, 595, 161, 58, 102, 63, 458, 
-175, -1112, -936, 644, 380, -1024, 683, 258, 19, 63, 24, 385, 
-170, -1171, -1000, 671, 414, -1085, 751, 351, 9, 53, 19, 346, 
-156, -1220, -1063, 688, 453, -1141, 771, 419, 4, 63, 19, 312, 
-141, -1239, -1098, 690, 478, -1168, 727, 429, 9, 68, 14, 292, 
-122, -1229, -1107, 675, 492, -1168, 683, 439, 34, 92, 43, 292, 
-107, -1220, -1112, 663, 502, -1166, 673, 478, 102, 146, 87, 317, 
-92, -1205, -1112, 649, 509, -1159, 658, 507, 161, 209, 126, 326, 
-63, -1176, -1112, 619, 524, -1144, 634, 527, 214, 273, 161, 346, 
-29, -1146, -1117, 588, 544, -1132, 614, 546, 263, 312, 195, 361, 
4, -1112, -1117, 553, 561, -1115, 600, 556, 287, 336, 214, 375, 
39, -1078, -1117, 519, 578, -1098, 580, 561, 317, 361, 229, 385, 
48, -1054, -1102, 502, 575, -1078, 580, 546, 346, 380, 253, 400, 
53, -1039, -1093, 492, 573, -1066, 570, 527, 366, 380, 263, 414, 
43, -1034, -1078, 495, 561, -1056, 561, 517, 390, 380, 268, 424, 
43, -1034, -1078, 495, 561, -1056, 556, 507, 390, 385, 273, 424, 
34, -1044, -1078, 505, 556, -1061, 531, 502, 395, 395, 273, 419, 
43, -1044, -1088, 500, 566, -1066, 512, 473, 405, 400, 273, 414, 
34, -1044, -1078, 505, 556, -1061, 497, 444, 400, 395, 278, 409, 
34, -1034, -1068, 500, 551, -1051, 483, 424, 409, 405, 278, 409, 
29, -1024, -1054, 497, 541, -1039, 468, 400, 414, 414, 278, 409, 
34, -1015, -1049, 490, 541, -1032, 458, 390, 405, 424, 278, 414, 
34, -1015, -1049, 490, 541, -1032, 463, 385, 409, 424, 283, 419, 
39, -1015, -1054, 488, 546, -1034, 463, 385, 409, 424, 278, 414, 
39, -1015, -1054, 488, 546, -1034, 463, 380, 409, 419, 273, 409, 
43, -1005, -1049, 480, 546, -1027, 463, 385, 395, 409, 283, 400, 
48, -1000, -1049, 475, 549, -1024, 458, 385, 395, 409, 283, 400, 
48, -995, -1044, 473, 546, -1019, 458, 385, 395, 409, 278, 395, 
53, -985, -1039, 466, 546, -1012, 458, 385, 395, 419, 278, 395, 
43, -976, -1019, 466, 531, -997, 448, 380, 400, 419, 278, 390, 
43, -976, -1019, 466, 531, -997, 448, 375, 405, 419, 278, 390, 
43, -971, -1015, 463, 529, -993, 439, 375, 405, 424, 278, 395, 
43, -971, -1015, 463, 529, -993, 439, 375, 405, 424, 283, 395, 
53, -971, -1024, 458, 539, -997, 439, 366, 400, 414, 273, 405, 
53, -966, -1019, 456, 536, -993, 444, 366, 395, 414, 268, 405, 
48, -961, -1010, 456, 529, -985, 444, 361, 385, 414, 268, 400, 
48, -966, -1015, 458, 531, -990, 444, 361, 380, 409, 268, 400, 
43, -961, -1005, 458, 524, -983, 434, 366, 390, 409, 268, 390, 
43, -956, -1000, 456, 522, -978, 434, 366, 390, 409, 268, 395, 
39, -951, -990, 456, 514, -971, 429, 366, 390, 414, 273, 395, 
39, -951, -990, 456, 514, -971, 429, 366, 390, 414, 273, 395, 
43, -946, -990, 451, 517, -968, 429, 366, 400, 429, 278, 400, 
43, -941, -985, 448, 514, -963, 429, 366, 400, 429, 278, 400, 
43, -936, -980, 446, 512, -958, 429, 361, 400, 424, 278, 400, 
43, -932, -976, 444, 509, -954, 429, 361, 400, 424, 278, 395, 
43, -932, -976, 444, 509, -954, 429, 361, 390, 414, 278, 395, 
43, -932, -976, 444, 509, -954, 429, 361, 390, 414, 278, 400, 
43, -932, -976, 444, 509, -954, 429, 361, 395, 414, 273, 400, 
39, -932, -971, 446, 505, -951, 429, 361, 395, 414, 273, 395, 
48, -922, -971, 436, 509, -946, 414, 356, 380, 409, 273, 395, 
58, -922, -980, 431, 519, -951, 414, 356, 380, 409, 273, 395, 
58, -917, -976, 429, 517, -946, 414, 351, 385, 409, 273, 395, 
58, -917, -976, 429, 517, -946, 419, 351, 385, 409, 273, 395, 
53, -912, -966, 429, 509, -939, 409, 356, 385, 400, 273, 385, 
58, -907, -966, 424, 512, -936, 409, 356, 385, 400, 273, 385, 
58, -902, -961, 422, 509, -932, 409, 356, 385, 400, 278, 385, 
58, -902, -961, 422, 509, -932, 409, 356, 385, 405, 278, 385, 
53, -893, -946, 419, 500, -919, 409, 356, 385, 405, 268, 390, 
53, -888, -941, 417, 497, -915, 405, 356, 385, 405, 273, 390, 
53, -888, -941, 417, 497, -915, 405, 356, 390, 405, 273, 385, 
53, -888, -941, 417, 497, -915, 405, 356, 390, 409, 273, 385, 
43, -878, -922, 417, 483, -900, 395, 366, 390, 409, 273, 395, 
43, -878, -922, 417, 483, -900, 395, 366, 385, 409, 278, 395, 
43, -878, -922, 417, 483, -900, 395, 366, 380, 409, 278, 395, 
48, -878, -927, 414, 488, -902, 395, 366, 375, 409, 278, 400, 
58, -868, -927, 405, 492, -897, 395, 356, 370, 405, 273, 395, 
58, -868, -927, 405, 492, -897, 395, 361, 370, 405, 273, 395, 
58, -868, -927, 405, 492, -897, 395, 361, 370, 409, 273, 400, 
58, -868, -927, 405, 492, -897, 395, 361, 366, 414, 278, 395, 
58, -868, -927, 405, 492, -897, 390, 361, 366, 409, 268, 390, 
58, -868, -927, 405, 492, -897, 390, 361, 366, 409, 273, 390, 
58, -868, -927, 405, 492, -897, 390, 356, 366, 405, 273, 390, 
63, -868, -932, 402, 497, -900, 390, 356, 366, 400, 273, 385, 
68, -854, -922, 392, 495, -888, 380, 366, 366, 409, 283, 385, 
63, -854, -917, 395, 490, -885, 380, 366, 366, 409, 283, 385, 
58, -854, -912, 397, 485, -883, 380, 366, 370, 414, 283, 390, 
53, -854, -907, 400, 480, -880, 380, 370, 375, 424, 292, 390, 
58, -849, -907, 395, 483, -878, 370, 366, 370, 424, 287, 405, 
63, -849, -912, 392, 488, -880, 370, 366, 370, 424, 292, 405, 
68, -844, -912, 387, 490, -878, 370, 375, 370, 424, 297, 405, 
78, -834, -912, 378, 495, -873, 370, 375, 380, 434, 302, 409, 
78, -824, -902, 373, 490, -863, 370, 380, 375, 424, 302, 414, 
78, -824, -902, 373, 490, -863, 366, 375, 366, 424, 302, 409, 
87, -824, -912, 368, 500, -868, 366, 370, 361, 424, 297, 405, 
92, -819, -912, 363, 502, -866, 366, 370, 356, 429, 297, 400, 
87, -810, -897, 361, 492, -854, 356, 370, 361, 434, 302, 395, 
87, -805, -893, 358, 490, -849, 356, 370, 361, 434, 302, 395, 
87, -800, -888, 356, 488, -844, 356, 380, 361, 439, 307, 400, 
92, -790, -883, 348, 488, -836, 351, 385, 370, 439, 312, 409, 
92, -780, -873, 344, 483, -827, 346, 380, 370, 439, 307, 414, 
97, -775, -873, 339, 485, -824, 346, 385, 380, 444, 312, 419, 
97, -775, -873, 339, 485, -824, 346, 390, 385, 448, 322, 429, 
97, -780, -878, 341, 488, -829, 341, 395, 385, 453, 326, 429, 
107, -775, -883, 334, 495, -829, 331, 405, 385, 448, 331, 429, 
112, -761, -873, 324, 492, -817, 326, 405, 385, 448, 336, 429, 
126, -746, -873, 309, 500, -810, 326, 409, 385, 453, 341, 429, 
136, -741, -878, 302, 507, -810, 326, 414, 395, 463, 346, 429, 
131, -732, -863, 300, 497, -797, 322, 424, 390, 468, 346, 424, 
136, -722, -858, 292, 497, -790, 317, 434, 395, 473, 356, 434, 
146, -712, -858, 283, 502, -785, 312, 439, 395, 473, 361, 439, 
151, -702, -854, 275, 502, -778, 302, 439, 400, 478, 366, 448, 
170, -688, -858, 258, 514, -773, 297, 448, 405, 492, 385, 468, 
175, -683, -858, 253, 517, -771, 292, 453, 405, 497, 395, 478, 
190, -683, -873, 246, 531, -778, 287, 458, 414, 497, 405, 483, 
195, -673, -868, 239, 531, -771, 287, 463, 414, 502, 414, 492, 
204, -658, -863, 226, 534, -761, 283, 468, 419, 502, 419, 502, 
219, -649, -868, 214, 544, -758, 278, 478, 424, 512, 439, 517, 
234, -644, -878, 204, 556, -761, 273, 492, 424, 527, 458, 527, 
244, -634, -878, 195, 561, -756, 268, 502, 429, 536, 468, 536, 
258, -614, -873, 178, 566, -744, 248, 512, 439, 556, 483, 551, 
268, -595, -863, 163, 566, -729, 239, 512, 444, 566, 497, 561, 
283, -585, -868, 151, 575, -727, 234, 517, 453, 575, 512, 566, 
292, -575, -868, 141, 580, -722, 229, 517, 458, 585, 522, 575, 
297, -556, -854, 129, 575, -705, 234, 531, 458, 590, 527, 585, 
307, -546, -854, 119, 580, -700, 224, 536, 463, 595, 541, 600, 
317, -536, -854, 109, 585, -695, 219, 536, 468, 600, 556, 610, 
326, -536, -863, 104, 595, -700, 214, 536, 473, 605, 570, 605, 
336, -527, -863, 95, 600, -695, 204, 541, 473, 610, 585, 614, 
346, -512, -858, 82, 602, -685, 195, 546, 478, 624, 600, 624, 
356, -502, -858, 73, 607, -680, 185, 551, 478, 629, 605, 634, 
370, -492, -863, 61, 617, -678, 175, 556, 478, 639, 619, 644, 
375, -483, -858, 53, 617, -671, 165, 551, 488, 644, 629, 663, 
385, -468, -854, 41, 619, -661, 156, 551, 488, 658, 644, 678, 
385, -448, -834, 31, 610, -641, 141, 546, 483, 663, 653, 678, 
390, -439, -829, 24, 610, -634, 141, 546, 483, 668, 658, 688, 
400, -429, -829, 14, 614, -629, 141, 546, 483, 663, 663, 688, 
405, -424, -829, 9, 617, -627, 136, 541, 488, 663, 673, 697, 
409, -424, -834, 7, 622, -629, 131, 536, 492, 668, 678, 702, 
409, -424, -834, 7, 622, -629, 131, 536, 492, 673, 678, 712, 
409, -409, -819, 0, 614, -614, 126, 527, 497, 663, 683, 712, 
409, -405, -814, -2, 612, -610, 122, 522, 497, 668, 678, 707, 
409, -400, -810, -4, 610, -605, 117, 512, 497, 668, 673, 702, 
409, -390, -800, -9, 605, -595, 112, 507, 497, 663, 668, 692, 
419, -385, -805, -17, 612, -595, 107, 488, 483, 663, 658, 688, 
419, -380, -800, -19, 610, -590, 102, 483, 483, 658, 653, 688, 
414, -375, -790, -19, 602, -583, 97, 473, 478, 658, 653, 688, 
409, -370, -780, -19, 595, -575, 97, 463, 478, 658, 644, 683, 
400, -375, -775, -12, 588, -575, 87, 448, 468, 649, 629, 673, 
390, -375, -766, -7, 578, -570, 92, 439, 468, 639, 614, 658, 
375, -380, -756, 2, 566, -568, 97, 429, 468, 629, 600, 639, 
356, -390, -746, 17, 551, -568, 97, 419, 463, 614, 590, 624, 
341, -380, -722, 19, 531, -551, 112, 405, 453, 595, 566, 614, 
326, -385, -712, 29, 519, -549, 117, 400, 448, 585, 546, 595, 
307, -400, -707, 46, 507, -553, 122, 385, 448, 580, 531, 575, 
292, -405, -697, 56, 495, -551, 131, 375, 444, 575, 507, 551, 
278, -405, -683, 63, 480, -544, 131, 361, 424, 556, 492, 536, 
268, -409, -678, 70, 473, -544, 136, 356, 414, 546, 473, 522, 
253, -409, -663, 78, 458, -536, 156, 346, 414, 536, 453, 507, 
239, -419, -658, 90, 448, -539, 165, 331, 409, 527, 439, 497, 
224, -424, -649, 100, 436, -536, 165, 312, 400, 507, 409, 478, 
214, -429, -644, 107, 429, -536, 170, 302, 385, 492, 395, 468, 
204, -434, -639, 114, 422, -536, 185, 297, 380, 483, 385, 453, 
190, -439, -629, 124, 409, -534, 185, 297, 370, 473, 375, 439, 
175, -444, -619, 134, 397, -531, 190, 287, 361, 458, 361, 414, 
161, -448, -610, 143, 385, -529, 190, 278, 351, 448, 351, 395, 
146, -453, -600, 153, 373, -527, 200, 268, 341, 434, 336, 385, 
141, -453, -595, 156, 368, -524, 209, 258, 326, 429, 322, 370, 
126, -458, -585, 165, 356, -522, 209, 253, 326, 424, 317, 370, 
117, -463, -580, 173, 348, -522, 209, 244, 322, 414, 307, 370, 
107, -458, -566, 175, 336, -512, 219, 234, 322, 409, 302, 370, 
102, -468, -570, 183, 336, -519, 219, 224, 322, 405, 297, 361, 
102, -463, -566, 180, 334, -514, 219, 224, 312, 390, 278, 346, 
92, -463, -556, 185, 324, -509, 219, 219, 302, 375, 263, 331, 
82, -468, -551, 192, 317, -509, 224, 214, 287, 366, 244, 317, 
78, -473, -551, 197, 314, -512, 224, 209, 283, 361, 224, 302, 
73, -468, -541, 197, 307, -505, 229, 195, 268, 351, 224, 292, 
58, -463, -522, 202, 290, -492, 234, 195, 268, 341, 214, 292, 
58, -468, -527, 204, 292, -497, 239, 190, 268, 336, 209, 287, 
58, -468, -527, 204, 292, -497, 244, 190, 268, 331, 209, 283, 
43, -468, -512, 212, 278, -490, 239, 190, 258, 326, 200, 273, 
43, -468, -512, 212, 278, -490, 244, 190, 253, 322, 190, 268, 
39, -468, -507, 214, 273, -488, 248, 190, 253, 312, 185, 263, 
34, -468, -502, 217, 268, -485, 253, 190, 253, 312, 180, 263, 
29, -458, -488, 214, 258, -473, 248, 185, 248, 302, 170, 248, 
24, -463, -488, 219, 256, -475, 253, 180, 244, 302, 161, 244, 
24, -463, -488, 219, 256, -475, 248, 175, 239, 302, 151, 244, 
19, -463, -483, 222, 251, -473, 253, 175, 234, 302, 146, 244, 
29, -458, -488, 214, 258, -473, 248, 165, 229, 287, 136, 239, 
19, -453, -473, 217, 246, -463, 248, 165, 229, 283, 136, 234, 
19, -453, -473, 217, 246, -463, 248, 165, 224, 273, 136, 219, 
19, -448, -468, 214, 244, -458, 248, 165, 214, 268, 131, 209, 
9, -439, -448, 214, 229, -444, 248, 156, 214, 278, 122, 200, 
9, -439, -448, 214, 229, -444, 248, 161, 214, 278, 122, 200, 
9, -444, -453, 217, 231, -448, 248, 161, 209, 273, 117, 200, 
9, -444, -453, 217, 231, -448, 248, 161, 209, 273, 117, 200, 
-9, -429, -419, 219, 204, -424, 239, 151, 204, 268, 102, 195, 
-9, -424, -414, 217, 202, -419, 244, 151, 204, 268, 102, 190, 
-9, -424, -414, 217, 202, -419, 244, 151, 200, 263, 102, 185, 
-9, -419, -409, 214, 200, -414, 244, 151, 195, 258, 102, 180, 
0, -414, -414, 207, 207, -414, 234, 151, 195, 248, 97, 190, 
0, -409, -409, 204, 204, -409, 234, 151, 195, 244, 92, 185, 
0, -405, -405, 202, 202, -405, 234, 151, 195, 244, 87, 180, 
0, -405, -405, 202, 202, -405, 234, 156, 195, 244, 82, 180, 
-9, -390, -380, 200, 185, -385, 234, 146, 185, 244, 73, 170, 
-9, -385, -375, 197, 183, -380, 239, 146, 185, 244, 73, 170, 
-14, -385, -370, 200, 178, -378, 239, 146, 185, 239, 68, 165, 
-14, -380, -366, 197, 175, -373, 244, 146, 185, 239, 68, 165, 
-14, -370, -356, 192, 170, -363, 248, 146, 200, 253, 73, 165, 
-14, -366, -351, 190, 168, -358, 248, 151, 200, 253, 73, 165, 
-14, -366, -351, 190, 168, -358, 248, 156, 200, 253, 78, 165, 
-24, -370, -346, 197, 161, -358, 253, 156, 200, 253, 82, 165, 
-29, -370, -341, 200, 156, -356, 248, 146, 195, 248, 73, 165, 
-29, -366, -336, 197, 153, -351, 248, 146, 200, 244, 78, 161, 
-29, -366, -336, 197, 153, -351, 244, 146, 200, 239, 78, 156, 
-29, -361, -331, 195, 151, -346, 239, 151, 200, 234, 78, 156, 
-29, -346, -317, 187, 143, -331, 239, 141, 190, 239, 73, 146, 
-29, -346, -317, 187, 143, -331, 239, 141, 195, 239, 73, 146, 
-29, -346, -317, 187, 143, -331, 239, 141, 200, 239, 73, 146, 
-29, -346, -317, 187, 143, -331, 244, 141, 200, 239, 73, 146, 
-39, -346, -307, 192, 134, -326, 239, 141, 204, 239, 58, 136, 
-39, -331, -292, 185, 126, -312, 239, 146, 204, 239, 58, 136, 
-34, -326, -292, 180, 129, -309, 239, 151, 204, 239, 58, 136, 
-34, -322, -287, 178, 126, -305, 239, 156, 204, 239, 58, 136, 
-34, -312, -278, 173, 122, -295, 229, 146, 200, 229, 53, 126, 
-39, -312, -273, 175, 117, -292, 229, 146, 200, 234, 48, 122, 
-39, -312, -273, 175, 117, -292, 229, 146, 200, 234, 43, 112, 
-43, -312, -268, 178, 112, -290, 229, 146, 204, 234, 39, 107, 
-34, -307, -273, 170, 119, -290, 224, 136, 204, 229, 24, 102, 
-34, -302, -268, 168, 117, -285, 219, 136, 200, 219, 19, 97, 
-34, -292, -258, 163, 112, -275, 214, 136, 195, 214, 14, 92, 
-34, -287, -253, 161, 109, -270, 214, 136, 190, 209, 9, 87, 
-43, -273, -229, 158, 92, -251, 214, 126, 185, 214, 14, 87, 
-43, -268, -224, 156, 90, -246, 214, 126, 185, 214, 14, 87, 
-43, -263, -219, 153, 87, -241, 214, 126, 190, 219, 14, 87, 
-43, -258, -214, 151, 85, -236, 214, 131, 190, 219, 14, 87, 
-43, -253, -209, 148, 82, -231, 204, 122, 180, 209, 24, 87, 
-43, -248, -204, 146, 80, -226, 204, 122, 180, 209, 24, 92, 
-43, -244, -200, 143, 78, -222, 204, 117, 180, 209, 24, 92, 
-39, -239, -200, 139, 80, -219, 204, 117, 180, 209, 29, 92, 
-39, -229, -190, 134, 75, -209, 204, 126, 175, 214, 29, 82, 
-39, -229, -190, 134, 75, -209, 200, 122, 175, 214, 29, 82, 
-39, -229, -190, 134, 75, -209, 200, 122, 175, 214, 29, 82, 
-43, -229, -185, 136, 70, -207, 200, 126, 175, 214, 29, 82, 
-43, -214, -170, 129, 63, -192, 195, 122, 165, 214, 19, 92, 
-43, -209, -165, 126, 61, -187, 190, 117, 165, 214, 19, 92, 
-39, -204, -165, 122, 63, -185, 185, 112, 165, 209, 24, 92, 
-39, -195, -156, 117, 58, -175, 185, 107, 165, 209, 24, 97, 
-29, -185, -156, 107, 63, -170, 185, 97, 156, 204, 24, 97, 
-34, -190, -156, 112, 61, -173, 180, 97, 156, 200, 19, 92, 
-34, -190, -156, 112, 61, -173, 180, 97, 161, 195, 14, 87, 
-34, -190, -156, 112, 61, -173, 180, 97, 161, 195, 9, 82, 
-34, -175, -141, 104, 53, -158, 180, 87, 156, 185, 9, 73, 
-34, -170, -136, 102, 51, -153, 180, 87, 151, 185, 14, 73, 
-34, -165, -131, 100, 48, -148, 180, 87, 146, 185, 14, 73, 
-29, -161, -131, 95, 51, -146, 180, 87, 141, 185, 9, 73, 
-39, -156, -117, 97, 39, -136, 175, 73, 131, 180, 0, 73, 
-39, -151, -112, 95, 36, -131, 170, 73, 131, 180, 0, 68, 
-29, -146, -117, 87, 43, -131, 165, 73, 131, 180, 0, 68, 
-29, -141, -112, 85, 41, -126, 161, 73, 126, 180, 0, 73, 
-29, -126, -97, 78, 34, -112, 151, 63, 126, 170, -9, 68, 
-29, -122, -92, 75, 31, -107, 151, 63, 126, 170, -9, 63, 
-29, -117, -87, 73, 29, -102, 151, 58, 126, 170, -9, 58, 
-29, -117, -87, 73, 29, -102, 151, 58, 126, 170, -9, 53, 
-29, -112, -82, 70, 26, -97, 146, 53, 112, 161, -14, 43, 
-29, -107, -78, 68, 24, -92, 141, 53, 107, 156, -19, 43, 
-34, -102, -68, 68, 17, -85, 136, 53, 102, 146, -24, 43, 
-34, -97, -63, 65, 14, -80, 131, 53, 97, 141, -29, 43, 
-43, -92, -48, 68, 2, -70, 131, 43, 87, 141, -24, 34, 
-43, -87, -43, 65, 0, -65, 131, 39, 82, 141, -24, 34, 
-43, -82, -39, 63, -2, -61, 131, 39, 82, 141, -24, 34, 
-43, -78, -34, 61, -4, -56, 131, 39, 82, 141, -29, 34, 
-53, -63, -9, 58, -21, -36, 126, 34, 73, 126, -29, 34, 
-53, -58, -4, 56, -24, -31, 126, 34, 73, 126, -29, 34, 
-53, -48, 4, 51, -29, -21, 126, 29, 73, 131, -29, 34, 
-53, -43, 9, 48, -31, -17, 126, 29, 73, 131, -29, 34, 
-43, -39, 4, 41, -24, -17, 117, 24, 63, 131, -19, 34, 
-43, -34, 9, 39, -26, -12, 122, 24, 63, 131, -14, 34, 
-43, -29, 14, 36, -29, -7, 122, 24, 63, 131, -14, 34, 
-43, -24, 19, 34, -31, -2, 122, 24, 63, 131, -19, 34, 
-34, -19, 14, 26, -24, -2, 112, 19, 58, 131, -29, 29, 
-34, -19, 14, 26, -24, -2, 112, 14, 58, 131, -29, 24, 
-34, -14, 19, 24, -26, 2, 107, 14, 63, 131, -24, 19, 
-34, -9, 24, 21, -29, 7, 107, 14, 63, 126, -24, 14, 
-43, 0, 43, 21, -43, 21, 97, 4, 43, 122, -39, 4, 
-43, 4, 48, 19, -46, 26, 97, 4, 43, 117, -43, 4, 
-43, 14, 58, 14, -51, 36, 97, 4, 43, 117, -48, 4, 
-43, 19, 63, 12, -53, 41, 102, 4, 43, 112, -53, 4, 
-53, 19, 73, 17, -63, 46, 92, -4, 39, 107, -63, -4, 
-53, 24, 78, 14, -65, 51, 92, -4, 34, 97, -68, -4, 
-53, 29, 82, 12, -68, 56, 92, -4, 24, 92, -68, -4, 
-58, 34, 92, 12, -75, 63, 92, -4, 19, 87, -68, -4, 
-48, 53, 102, -2, -75, 78, 78, -14, 9, 78, -68, -9, 
-43, 58, 102, -7, -73, 80, 78, -14, 14, 78, -68, -14, 
-43, 63, 107, -9, -75, 85, 78, -14, 14, 78, -68, -19, 
-43, 68, 112, -12, -78, 90, 78, -14, 14, 78, -68, -24, 
-43, 73, 117, -14, -80, 95, 68, -24, 19, 87, -78, -24, 
-43, 78, 122, -17, -82, 100, 68, -24, 19, 92, -78, -24, 
-43, 82, 126, -19, -85, 104, 73, -24, 14, 92, -78, -24, 
-48, 87, 136, -19, -92, 112, 73, -24, 14, 87, -78, -24, 
-48, 102, 151, -26, -100, 126, 58, -29, 4, 73, -87, -34, 
-43, 107, 151, -31, -97, 129, 58, -29, 4, 68, -87, -34, 
-43, 112, 156, -34, -100, 134, 58, -29, 4, 63, -87, -34, 
-43, 117, 161, -36, -102, 139, 63, -29, 4, 58, -87, -34, 
-58, 131, 190, -36, -124, 161, 53, -34, 0, 58, -97, -43, 
-58, 136, 195, -39, -126, 165, 53, -34, -4, 58, -97, -43, 
-58, 141, 200, -41, -129, 170, 53, -39, -9, 58, -97, -43, 
-58, 141, 200, -41, -129, 170, 53, -39, -14, 58, -97, -43, 
-48, 146, 195, -48, -122, 170, 48, -43, -14, 48, -107, -48, 
-48, 156, 204, -53, -126, 180, 43, -48, -19, 48, -102, -53, 
-48, 161, 209, -56, -129, 185, 39, -53, -24, 53, -102, -58, 
-53, 161, 214, -53, -134, 187, 34, -58, -29, 53, -102, -63, 
-53, 170, 224, -58, -139, 197, 24, -68, -34, 39, -107, -73, 
-48, 180, 229, -65, -139, 204, 24, -68, -34, 39, -112, -73, 
-48, 190, 239, -70, -143, 214, 24, -68, -34, 39, -117, -73, 
-48, 195, 244, -73, -146, 219, 24, -68, -34, 43, -122, -73, 
-58, 200, 258, -70, -158, 229, 24, -68, -43, 34, -131, -82, 
-58, 204, 263, -73, -161, 234, 24, -68, -43, 29, -131, -82, 
-58, 209, 268, -75, -163, 239, 24, -68, -43, 29, -131, -82, 
-58, 214, 273, -78, -165, 244, 24, -68, -43, 29, -131, -82, 
-63, 219, 283, -78, -173, 251, 24, -78, -48, 29, -131, -82, 
-68, 224, 292, -78, -180, 258, 24, -78, -48, 29, -131, -82, 
-73, 229, 302, -78, -187, 265, 24, -78, -48, 29, -131, -82, 
-78, 234, 312, -78, -195, 273, 24, -78, -48, 29, -131, -82, 
-68, 253, 322, -92, -195, 287, 19, -87, -53, 19, -141, -92, 
-68, 268, 336, -100, -202, 302, 14, -87, -53, 19, -141, -92, 
-68, 278, 346, -104, -207, 312, 9, -87, -53, 19, -141, -92, 
-68, 283, 351, -107, -209, 317, 4, -87, -53, 19, -141, -87, 
-63, 292, 356, -114, -209, 324, 4, -87, -53, 19, -136, -97, 
-63, 307, 370, -122, -217, 339, 4, -92, -53, 19, -136, -97, 
-58, 317, 375, -129, -217, 346, 4, -97, -53, 19, -136, -97, 
-58, 326, 385, -134, -222, 356, 4, -102, -48, 19, -136, -97, 
-68, 336, 405, -134, -236, 370, 4, -92, -58, 14, -136, -107, 
-68, 341, 409, -136, -239, 375, 4, -92, -53, 14, -136, -102, 
-68, 351, 419, -141, -244, 385, 9, -92, -53, 14, -131, -102, 
-68, 366, 434, -148, -251, 400, 9, -92, -58, 19, -126, -102, 
-68, 380, 448, -156, -258, 414, 0, -102, -68, 9, -141, -117, 
-68, 390, 458, -161, -263, 424, 0, -102, -68, 9, -146, -117, 
-68, 390, 458, -161, -263, 424, 4, -97, -63, 9, -146, -122, 
-68, 395, 463, -163, -265, 429, 9, -97, -58, 9, -146, -122, 
-78, 405, 483, -163, -280, 444, 0, -107, -53, 0, -161, -131, 
-78, 409, 488, -165, -283, 448, 4, -107, -58, 4, -165, -131, 
-73, 414, 488, -170, -280, 451, 9, -97, -53, 0, -165, -131, 
-73, 419, 492, -173, -283, 456, 9, -87, -58, 0, -170, -126, 
-73, 434, 507, -180, -290, 470, 0, -102, -58, 4, -165, -126, 
-78, 439, 517, -180, -297, 478, -9, -107, -53, 9, -161, -126, 
-78, 444, 522, -183, -300, 483, -14, -112, -53, 14, -161, -122, 
-73, 448, 522, -187, -297, 485, -14, -112, -53, 19, -156, -122, 
-78, 463, 541, -192, -309, 502, -24, -117, -63, 14, -156, -122, 
-78, 463, 541, -192, -309, 502, -39, -122, -68, 9, -156, -122, 
-68, 468, 536, -200, -302, 502, -48, -126, -73, 4, -156, -126, 
-63, 468, 531, -202, -297, 500, -58, -131, -78, -4, -156, -126, 
-82, 473, 556, -195, -319, 514, -73, -151, -87, -14, -161, -117, 
-82, 483, 566, -200, -324, 524, -73, -151, -92, -19, -170, -126, 
-73, 488, 561, -207, -317, 524, -73, -151, -102, -29, -180, -141, 
-63, 492, 556, -214, -309, 524, -78, -146, -112, -34, -180, -146, 
-68, 497, 566, -214, -317, 531, -78, -156, -107, -39, -185, -146, 
-68, 507, 575, -219, -322, 541, -87, -165, -112, -48, -190, -161, 
-68, 507, 575, -219, -322, 541, -87, -165, -117, -48, -195, -165, 
-68, 507, 575, -219, -322, 541, -87, -165, -122, -48, -200, -170, 
-68, 507, 575, -219, -322, 541, -87, -165, -126, -48, -204, -175, 
-78, 517, 595, -219, -336, 556, -87, -175, -136, -53, -219, -185, 
-78, 517, 595, -219, -336, 556, -87, -175, -146, -58, -224, -185, 
-78, 517, 595, -219, -336, 556, -87, -175, -156, -63, -229, -185, 
-78, 517, 595, -219, -336, 556, -87, -175, -165, -68, -234, -185, 
-78, 531, 610, -226, -344, 570, -102, -190, -170, -73, -244, -195, 
-78, 536, 614, -229, -346, 575, -107, -195, -175, -78, -244, -195, 
-78, 541, 619, -231, -348, 580, -112, -200, -180, -82, -244, -195, 
-78, 546, 624, -234, -351, 585, -117, -204, -185, -87, -244, -195, 
-78, 561, 639, -241, -358, 600, -126, -209, -195, -97, -234, -195, 
-78, 566, 644, -244, -361, 605, -126, -214, -195, -97, -234, -195, 
-78, 570, 649, -246, -363, 610, -126, -219, -195, -97, -234, -195, 
-78, 575, 653, -248, -366, 614, -126, -224, -195, -97, -234, -195, 
-78, 585, 663, -253, -370, 624, -136, -234, -200, -107, -244, -195, 
-78, 595, 673, -258, -375, 634, -136, -234, -204, -107, -244, -195, 
-78, 605, 683, -263, -380, 644, -136, -234, -209, -107, -244, -195, 
-78, 614, 692, -268, -385, 653, -136, -234, -214, -107, -244, -195, 
-68, 624, 692, -278, -380, 658, -146, -234, -204, -107, -244, -204, 
-68, 634, 702, -283, -385, 668, -146, -234, -204, -107, -244, -204, 
-68, 644, 712, -287, -390, 678, -146, -234, -204, -107, -244, -204, 
-68, 653, 722, -292, -395, 688, -146, -234, -204, -107, -244, -204, 
-78, 658, 736, -290, -407, 697, -136, -224, -204, -107, -253, -214, 
-78, 663, 741, -292, -409, 702, -136, -224, -204, -107, -253, -214, 
-78, 668, 746, -295, -412, 707, -136, -224, -204, -107, -253, -214, 
-78, 673, 751, -297, -414, 712, -136, -224, -204, -107, -253, -214, 
-78, 683, 761, -302, -419, 722, -136, -234, -209, -112, -258, -219, 
-78, 683, 761, -302, -419, 722, -136, -234, -214, -117, -263, -224, 
-78, 683, 761, -302, -419, 722, -136, -234, -219, -122, -268, -229, 
-78, 683, 761, -302, -419, 722, -136, -234, -224, -126, -273, -234, 
-87, 688, 775, -300, -431, 732, -141, -244, -229, -136, -283, -244, 
-87, 692, 780, -302, -434, 736, -146, -244, -234, -146, -292, -253, 
-87, 697, 785, -305, -436, 741, -151, -244, -239, -156, -302, -263, 
-87, 702, 790, -307, -439, 746, -161, -244, -253, -165, -312, -273, 
-97, 712, 810, -307, -453, 761, -170, -258, -263, -165, -302, -273, 
-97, 722, 819, -312, -458, 771, -170, -263, -263, -165, -307, -278, 
-102, 732, 834, -314, -468, 783, -170, -263, -263, -165, -307, -278, 
-102, 741, 844, -319, -473, 793, -170, -268, -258, -165, -302, -273, 
-97, 756, 854, -329, -475, 805, -180, -278, -263, -161, -302, -263, 
-107, 766, 873, -329, -490, 819, -175, -278, -263, -161, -297, -263, 
-107, 775, 883, -334, -495, 829, -170, -273, -263, -156, -297, -263, 
-102, 785, 888, -341, -495, 836, -165, -273, -253, -156, -297, -263, 
-92, 795, 888, -351, -490, 841, -170, -273, -273, -161, -317, -273, 
-92, 800, 893, -353, -492, 846, -170, -273, -273, -165, -317, -283, 
-92, 800, 893, -353, -492, 846, -170, -273, -273, -170, -317, -283, 
-97, 805, 902, -353, -500, 854, -175, -273, -273, -180, -317, -283, 
-97, 810, 907, -356, -502, 858, -190, -283, -283, -190, -331, -292, 
-92, 814, 907, -361, -500, 861, -190, -283, -283, -190, -331, -297, 
-92, 819, 912, -363, -502, 866, -195, -283, -283, -185, -331, -297, 
-97, 819, 917, -361, -507, 868, -195, -283, -283, -185, -331, -302, 
-102, 829, 932, -363, -517, 880, -204, -292, -292, -190, -346, -317, 
-102, 834, 936, -366, -519, 885, -204, -292, -297, -190, -346, -317, 
-97, 844, 941, -373, -519, 893, -200, -292, -297, -190, -341, -317, 
-97, 849, 946, -375, -522, 897, -200, -292, -297, -190, -341, -317, 
-97, 863, 961, -383, -529, 912, -209, -302, -297, -195, -346, -322, 
-97, 868, 966, -385, -531, 917, -209, -302, -302, -200, -351, -326, 
-92, 873, 966, -390, -529, 919, -209, -302, -302, -200, -351, -331, 
-92, 878, 971, -392, -531, 924, -214, -302, -302, -204, -356, -336, 
-97, 883, 980, -392, -539, 932, -224, -312, -307, -209, -366, -351, 
-102, 893, 995, -395, -549, 944, -224, -312, -307, -219, -370, -351, 
-107, 897, 1005, -395, -556, 951, -224, -312, -312, -224, -370, -351, 
-112, 902, 1015, -395, -563, 958, -224, -312, -317, -229, -370, -351, 
-112, 912, 1024, -400, -568, 968, -234, -322, -331, -219, -370, -361, 
-112, 922, 1034, -405, -573, 978, -234, -322, -331, -219, -370, -361, 
-117, 932, 1049, -407, -583, 990, -234, -317, -326, -219, -370, -366, 
-117, 941, 1058, -412, -588, 1000, -234, -317, -326, -219, -370, -366, 
-122, 980, 1102, -429, -612, 1041, -244, -331, -331, -224, -390, -370, 
-122, 976, 1098, -427, -610, 1037, -244, -331, -331, -229, -390, -370, 
-122, 971, 1093, -424, -607, 1032, -244, -331, -331, -234, -390, -370, 
-122, 966, 1088, -422, -605, 1027, -244, -331, -331, -239, -390, -370, 
-122, 980, 1102, -429, -612, 1041, -248, -341, -341, -253, -395, -380, 
-122, 985, 1107, -431, -614, 1046, -248, -341, -341, -253, -400, -380, 
-122, 985, 1107, -431, -614, 1046, -253, -341, -341, -253, -405, -380, 
-122, 990, 1112, -434, -617, 1051, -253, -341, -341, -253, -409, -380, 
-122, 1005, 1127, -441, -624, 1066, -263, -346, -346, -263, -409, -385, 
-122, 1015, 1137, -446, -629, 1076, -263, -351, -351, -263, -409, -390, 
-122, 1029, 1151, -453, -636, 1090, -263, -356, -356, -263, -409, -390, 
-122, 1044, 1166, -461, -644, 1105, -263, -361, -361, -263, -409, -395, 
-117, 1054, 1171, -468, -644, 1112, -268, -361, -361, -263, -419, -409, 
-117, 1054, 1171, -468, -644, 1112, -273, -361, -361, -263, -419, -409, 
-117, 1054, 1171, -468, -644, 1112, -278, -361, -366, -263, -419, -405, 
-117, 1054, 1171, -468, -644, 1112, -283, -361, -366, -263, -424, -405, 
-126, 1063, 1190, -468, -658, 1127, -283, -361, -366, -273, -414, -405, 
-126, 1068, 1195, -470, -661, 1132, -283, -366, -366, -273, -414, -405, 
-126, 1073, 1200, -473, -663, 1137, -283, -366, -361, -273, -414, -405, 
-122, 1078, 1200, -478, -661, 1139, -283, -366, -361, -273, -414, -405, 
-131, 1088, 1220, -478, -675, 1154, -292, -370, -375, -287, -419, -414, 
-131, 1098, 1229, -483, -680, 1163, -297, -375, -380, -287, -424, -414, 
-131, 1107, 1239, -488, -685, 1173, -297, -380, -385, -287, -429, -414, 
-131, 1117, 1249, -492, -690, 1183, -297, -385, -390, -287, -434, -414, 
-122, 1132, 1254, -505, -688, 1193, -302, -395, -405, -292, -439, -424, 
-122, 1137, 1259, -507, -690, 1198, -307, -395, -405, -297, -444, -429, 
-122, 1141, 1263, -509, -692, 1202, -307, -390, -405, -302, -448, -434, 
-122, 1146, 1268, -512, -695, 1207, -312, -390, -405, -307, -448, -434, 
-122, 1156, 1278, -517, -700, 1217, -312, -395, -414, -312, -458, -444, 
-122, 1166, 1288, -522, -705, 1227, -312, -395, -414, -317, -458, -444, 
-122, 1176, 1298, -527, -710, 1237, -312, -395, -414, -322, -458, -439, 
-122, 1185, 1307, -531, -714, 1246, -312, -395, -409, -322, -458, -439, 
-131, 1190, 1322, -529, -727, 1256, -322, -405, -409, -322, -463, -439, 
-131, 1200, 1332, -534, -732, 1266, -322, -405, -414, -322, -468, -444, 
-131, 1205, 1337, -536, -734, 1271, -322, -405, -419, -322, -463, -448, 
-131, 1210, 1342, -539, -736, 1276, -322, -405, -424, -317, -468, -453, 
-131, 1224, 1356, -546, -744, 1290, -331, -405, -419, -326, -458, -463, 
-131, 1229, 1361, -549, -746, 1295, -331, -409, -419, -326, -463, -463, 
-136, 1229, 1366, -546, -751, 1298, -331, -414, -424, -326, -463, -463, 
-136, 1234, 1371, -549, -753, 1302, -331, -419, -424, -326, -463, -463, 
-126, 1239, 1366, -556, -746, 1302, -336, -429, -434, -336, -473, -468, 
-126, 1244, 1371, -558, -749, 1307, -341, -429, -434, -331, -473, -468, 
-126, 1254, 1381, -563, -753, 1317, -341, -429, -434, -331, -473, -468, 
-126, 1259, 1385, -566, -756, 1322, -346, -429, -434, -331, -468, -468, 
-136, 1273, 1410, -568, -773, 1342, -351, -439, -439, -336, -478, -483, 
-136, 1278, 1415, -570, -775, 1346, -351, -439, -439, -336, -478, -483, 
-136, 1283, 1420, -573, -778, 1351, -351, -439, -444, -336, -478, -488, 
-136, 1288, 1424, -575, -780, 1356, -351, -439, -444, -336, -478, -488, 
-156, 1312, 1468, -578, -812, 1390, -356, -439, -439, -346, -488, -497, 
-156, 1322, 1478, -583, -817, 1400, -351, -434, -439, -336, -502, -502, 
-146, 1327, 1473, -590, -810, 1400, -336, -429, -429, -351, -522, -512, 
-170, 1327, 1498, -578, -834, 1412, -326, -429, -419, -361, -531, -536, 
-200, 1337, 1537, -568, -868, 1437, -326, -434, -414, -370, -546, -561, 
-204, 1361, 1566, -578, -885, 1464, -326, -424, -395, -356, -556, -570, 
-204, 1381, 1586, -588, -895, 1483, -317, -400, -366, -331, -551, -575, 
-224, 1385, 1610, -580, -917, 1498, -297, -380, -341, -317, -541, -580, 
-234, 1400, 1634, -583, -934, 1517, -297, -385, -346, -312, -541, -570, 
-224, 1420, 1644, -597, -934, 1532, -302, -380, -336, -278, -507, -556, 
-204, 1454, 1659, -624, -932, 1556, -312, -366, -287, -219, -448, -517, 
-175, 1512, 1688, -668, -932, 1600, -331, -346, -224, -122, -356, -458, 
-141, 1581, 1722, -719, -932, 1651, -351, -341, -170, -14, -239, -395, 
-102, 1639, 1742, -768, -922, 1690, -390, -317, -126, 68, -131, -331, 
-48, 1683, 1732, -817, -890, 1708, -434, -312, -112, 141, -19, -253, 
34, 1717, 1683, -875, -824, 1700, -478, -278, -102, 200, 82, -161, 
136, 1747, 1610, -941, -736, 1678, -512, -239, -102, 244, 200, -48, 
253, 1790, 1537, -1022, -641, 1664, -570, -214, -117, 302, 341, 87, 
380, 1839, 1459, -1110, -539, 1649, -619, -195, -126, 356, 502, 244, 
488, 1883, 1395, -1185, -453, 1639, -649, -151, -87, 424, 639, 370, 
570, 1927, 1356, -1249, -392, 1642, -663, -97, 4, 512, 780, 478, 
653, 1981, 1327, -1317, -336, 1654, -702, -102, 117, 614, 893, 570, 
717, 2015, 1298, -1366, -290, 1656, -766, -170, 151, 663, 976, 644, 
756, 2020, 1263, -1388, -253, 1642, -839, -287, 87, 585, 941, 673, 
775, 2000, 1224, -1388, -224, 1612, -883, -375, 4, 414, 766, 653, 
775, 1986, 1210, -1381, -217, 1598, -897, -458, -78, 219, 551, 585, 
722, 1956, 1234, -1339, -256, 1595, -907, -590, -161, 97, 405, 522, 
619, 1956, 1337, -1288, -358, 1647, -907, -775, -244, 24, 283, 458, 
458, 1966, 1507, -1212, -524, 1737, -868, -961, -361, -78, 141, 361, 
292, 1942, 1649, -1117, -678, 1795, -805, -1073, -492, -195, -24, 244, 
112, 1888, 1776, -1000, -832, 1832, -732, -1102, -624, -336, -214, 73, 
-73, 1790, 1864, -858, -968, 1827, -614, -1073, -780, -492, -429, -126, 
-224, 1673, 1898, -724, -1061, 1786, -507, -966, -902, -653, -610, -322, 
-317, 1590, 1908, -636, -1112, 1749, -405, -849, -966, -766, -741, -473, 
-356, 1512, 1869, -578, -1112, 1690, -322, -756, -1000, -844, -834, -590, 
-370, 1459, 1830, -544, -1100, 1644, -253, -678, -1024, -873, -883, -653, 
-361, 1424, 1786, -531, -1073, 1605, -195, -590, -1024, -863, -883, -697, 
-346, 1395, 1742, -524, -1044, 1568, -175, -517, -995, -844, -888, -707, 
-322, 1385, 1708, -531, -1015, 1546, -204, -507, -980, -814, -888, -712, 
-297, 1385, 1683, -544, -990, 1534, -248, -488, -936, -790, -863, -712, 
-258, 1405, 1664, -573, -961, 1534, -263, -439, -873, -736, -824, -702, 
-244, 1434, 1678, -595, -961, 1556, -283, -390, -805, -683, -771, -688, 
-239, 1459, 1698, -610, -968, 1578, -317, -380, -766, -639, -741, -678, 
-229, 1488, 1717, -629, -973, 1603, -331, -370, -741, -605, -717, -678, 
-204, 1527, 1732, -661, -968, 1629, -331, -351, -702, -575, -683, -663, 
-190, 1561, 1751, -685, -971, 1656, -346, -341, -658, -541, -653, -649, 
-175, 1595, 1771, -710, -973, 1683, -356, -356, -619, -527, -649, -629, 
-165, 1620, 1786, -727, -976, 1703, -375, -380, -610, -527, -644, -614, 
-161, 1634, 1795, -736, -978, 1715, -385, -400, -610, -527, -644, -610, 
-161, 1629, 1790, -734, -976, 1710, -385, -409, -605, -527, -639, -610, 
-161, 1620, 1781, -729, -971, 1700, -400, -429, -605, -522, -644, -629, 
-161, 1620, 1781, -729, -971, 1700, -434, -453, -600, -512, -634, -634, 
-161, 1639, 1800, -739, -980, 1720, -453, -483, -590, -497, -624, -629, 
-161, 1659, 1820, -749, -990, 1739, -468, -502, -585, -502, -610, -634, 
-151, 1668, 1820, -758, -985, 1744, -502, -512, -595, -502, -610, -644, 
-165, 1688, 1854, -761, -1010, 1771, -517, -527, -590, -502, -610, -634, 
-151, 1703, 1854, -775, -1002, 1778, -517, -541, -600, -502, -610, -634, 
-151, 1708, 1859, -778, -1005, 1783, -512, -541, -595, -502, -605, -624, 
-146, 1712, 1859, -783, -1002, 1786, -512, -536, -595, -502, -610, -624, 
-146, 1717, 1864, -785, -1005, 1790, -512, -536, -595, -507, -614, -624, 
-136, 1722, 1859, -793, -997, 1790, -512, -551, -600, -507, -619, -629, 
-136, 1722, 1859, -793, -997, 1790, -517, -551, -600, -507, -624, -634, 
-141, 1722, 1864, -790, -1002, 1793, -517, -551, -600, -507, -634, -644, 
-141, 1727, 1869, -793, -1005, 1798, -517, -551, -600, -497, -639, -649, 
-156, 1742, 1898, -793, -1027, 1820, -527, -566, -595, -507, -639, -653, 
-161, 1747, 1908, -793, -1034, 1827, -527, -570, -590, -507, -639, -653, 
-165, 1756, 1922, -795, -1044, 1839, -536, -570, -590, -502, -639, -649, 
-170, 1761, 1932, -795, -1051, 1847, -536, -570, -590, -502, -634, -649, 
-161, 1766, 1927, -802, -1044, 1847, -546, -580, -605, -517, -639, -653, 
-161, 1776, 1937, -807, -1049, 1856, -541, -580, -610, -522, -649, -658, 
-165, 1786, 1952, -810, -1058, 1869, -541, -585, -619, -527, -653, -668, 
-165, 1786, 1952, -810, -1058, 1869, -541, -585, -624, -536, -658, -673, 
-151, 1805, 1956, -827, -1054, 1881, -546, -590, -634, -546, -668, -683, 
-151, 1815, 1966, -832, -1058, 1891, -551, -590, -634, -546, -668, -678, 
-156, 1825, 1981, -834, -1068, 1903, -561, -590, -634, -541, -663, -678, 
-156, 1830, 1986, -836, -1071, 1908, -566, -590, -634, -541, -663, -678, 
-151, 1839, 1991, -844, -1071, 1915, -575, -600, -639, -546, -668, -683, 
-151, 1849, 2000, -849, -1076, 1925, -575, -600, -644, -546, -668, -683, 
-151, 1859, 2010, -854, -1080, 1934, -575, -605, -649, -551, -668, -683, 
-151, 1869, 2020, -858, -1085, 1944, -575, -605, -653, -551, -668, -688, 
-151, 1873, 2025, -861, -1088, 1949, -585, -605, -653, -561, -678, -697, 
-151, 1878, 2030, -863, -1090, 1954, -585, -605, -653, -561, -678, -692, 
-151, 1883, 2034, -866, -1093, 1959, -585, -605, -649, -561, -683, -692, 
-156, 1888, 2044, -866, -1100, 1966, -585, -605, -649, -561, -683, -697, 
-165, 1903, 2069, -868, -1117, 1986, -600, -610, -658, -570, -692, -702, 
-156, 1908, 2064, -875, -1110, 1986, -600, -610, -663, -575, -692, -707, 
-156, 1917, 2074, -880, -1115, 1995, -600, -614, -663, -580, -692, -712, 
-156, 1922, 2078, -883, -1117, 2000, -595, -614, -668, -585, -692, -717, 
-151, 1937, 2088, -893, -1119, 2013, -610, -614, -668, -575, -692, -717, 
-146, 1942, 2088, -897, -1117, 2015, -614, -619, -668, -575, -692, -717, 
-146, 1947, 2093, -900, -1119, 2020, -619, -624, -668, -575, -688, -717, 
-146, 1947, 2093, -900, -1119, 2020, -624, -629, -668, -570, -688, -717, 
-151, 1956, 2108, -902, -1129, 2032, -614, -629, -678, -580, -688, -702, 
-151, 1961, 2113, -905, -1132, 2037, -619, -629, -678, -580, -683, -702, 
-151, 1961, 2113, -905, -1132, 2037, -619, -629, -673, -580, -683, -707, 
-151, 1961, 2113, -905, -1132, 2037, -619, -629, -673, -575, -683, -707, 
-165, 1971, 2137, -902, -1151, 2054, -629, -629, -673, -575, -692, -717, 
-170, 1971, 2142, -900, -1156, 2056, -629, -629, -678, -575, -688, -717, 
-175, 1971, 2147, -897, -1161, 2059, -629, -629, -683, -575, -688, -717, 
-175, 1971, 2147, -897, -1161, 2059, -629, -629, -688, -575, -688, -712, 
-165, 1986, 2152, -910, -1159, 2069, -639, -629, -673, -580, -683, -722, 
-165, 1991, 2156, -912, -1161, 2074, -639, -624, -673, -580, -683, -717, 
-165, 1995, 2161, -915, -1163, 2078, -639, -624, -673, -575, -683, -707, 
-165, 2000, 2166, -917, -1166, 2083, -639, -624, -678, -570, -678, -707, 
-156, 2015, 2171, -929, -1163, 2093, -644, -624, -683, -575, -683, -712, 
-156, 2020, 2176, -932, -1166, 2098, -644, -624, -688, -575, -683, -712, 
-156, 2025, 2181, -934, -1168, 2103, -644, -629, -692, -580, -688, -712, 
-151, 2030, 2181, -939, -1166, 2105, -644, -629, -697, -585, -692, -717, 
-146, 2044, 2191, -949, -1168, 2117, -653, -629, -707, -595, -702, -722, 
-151, 2044, 2196, -946, -1173, 2120, -653, -629, -707, -595, -702, -727, 
-156, 2044, 2200, -944, -1178, 2122, -653, -629, -702, -590, -702, -727, 
-161, 2044, 2205, -941, -1183, 2125, -653, -624, -697, -580, -692, -732, 
-151, 2054, 2205, -951, -1178, 2130, -663, -629, -683, -580, -697, -736, 
-151, 2059, 2210, -954, -1180, 2135, -663, -629, -683, -580, -692, -736, 
-151, 2069, 2220, -958, -1185, 2144, -663, -619, -683, -580, -688, -736, 
-146, 2083, 2230, -968, -1188, 2156, -663, -619, -673, -570, -683, -732, 
-136, 2098, 2235, -980, -1185, 2166, -673, -619, -673, -570, -673, -712, 
-136, 2103, 2239, -983, -1188, 2171, -678, -619, -678, -570, -663, -712, 
-126, 2108, 2235, -990, -1180, 2171, -678, -619, -678, -570, -658, -712, 
-122, 2117, 2239, -997, -1180, 2178, -678, -614, -678, -566, -649, -712, 
-126, 2113, 2239, -993, -1183, 2176, -688, -614, -683, -561, -653, -707, 
-126, 2113, 2239, -993, -1183, 2176, -688, -614, -683, -561, -653, -707, 
-126, 2113, 2239, -993, -1183, 2176, -688, -605, -683, -556, -649, -702, 
-122, 2117, 2239, -997, -1180, 2178, -692, -600, -673, -556, -644, -692, 
-117, 2132, 2249, -1007, -1183, 2191, -707, -600, -683, -556, -649, -692, 
-117, 2142, 2259, -1012, -1188, 2200, -707, -600, -673, -551, -644, -692, 
-122, 2147, 2269, -1012, -1195, 2208, -707, -600, -668, -546, -634, -688, 
-126, 2147, 2274, -1010, -1200, 2210, -712, -600, -668, -541, -629, -692, 
-117, 2161, 2278, -1022, -1198, 2220, -722, -600, -678, -541, -634, -697, 
-112, 2176, 2288, -1032, -1200, 2232, -727, -600, -678, -546, -629, -692, 
-97, 2191, 2288, -1046, -1193, 2239, -727, -595, -678, -546, -624, -688, 
-87, 2196, 2283, -1054, -1185, 2239, -727, -590, -668, -541, -619, -683, 
-92, 2215, 2308, -1061, -1200, 2261, -741, -570, -663, -527, -600, -678, 
-87, 2225, 2313, -1068, -1200, 2269, -746, -561, -658, -522, -590, -668, 
-78, 2235, 2313, -1078, -1195, 2274, -751, -556, -658, -522, -585, -663, 
-73, 2244, 2318, -1085, -1195, 2281, -761, -556, -653, -517, -580, -653, 
-53, 2259, 2313, -1102, -1183, 2286, -766, -556, -644, -497, -570, -649, 
-48, 2274, 2322, -1112, -1185, 2298, -771, -551, -639, -488, -561, -644, 
-34, 2283, 2318, -1124, -1176, 2300, -775, -546, -624, -483, -551, -644, 
-29, 2303, 2332, -1137, -1180, 2318, -775, -541, -619, -473, -541, -639, 
-24, 2327, 2352, -1151, -1188, 2339, -780, -536, -610, -473, -517, -629, 
-14, 2337, 2352, -1161, -1183, 2344, -785, -527, -600, -463, -497, -614, 
-4, 2342, 2347, -1168, -1176, 2344, -790, -512, -595, -448, -478, -605, 
0, 2352, 2352, -1176, -1176, 2352, -795, -502, -585, -439, -468, -595, 
24, 2376, 2352, -1200, -1163, 2364, -814, -492, -580, -424, -458, -570, 
34, 2391, 2357, -1212, -1161, 2374, -824, -492, -580, -419, -439, -561, 
48, 2396, 2347, -1222, -1149, 2371, -829, -488, -575, -414, -419, -556, 
58, 2400, 2342, -1229, -1141, 2371, -834, -488, -575, -409, -405, -546, 
63, 2420, 2357, -1241, -1146, 2388, -849, -483, -566, -390, -400, -541, 
73, 2430, 2357, -1251, -1141, 2393, -858, -478, -561, -380, -385, -522, 
82, 2440, 2357, -1261, -1137, 2398, -863, -478, -556, -370, -370, -507, 
92, 2440, 2347, -1266, -1127, 2393, -868, -478, -551, -361, -356, -507, 
92, 2454, 2361, -1273, -1134, 2408, -883, -483, -551, -356, -341, -497, 
102, 2474, 2371, -1288, -1134, 2422, -888, -478, -546, -341, -326, -488, 
112, 2488, 2376, -1300, -1132, 2432, -893, -473, -546, -336, -322, -478, 
126, 2503, 2376, -1315, -1124, 2440, -897, -468, -546, -326, -307, -468, 
131, 2518, 2386, -1324, -1127, 2452, -907, -468, -546, -336, -312, -468, 
141, 2527, 2386, -1334, -1122, 2457, -917, -473, -546, -326, -302, -453, 
141, 2542, 2400, -1342, -1129, 2471, -932, -483, -551, -326, -297, -453, 
146, 2547, 2400, -1346, -1127, 2474, -932, -488, -551, -326, -297, -444, 
146, 2562, 2415, -1354, -1134, 2488, -932, -497, -561, -312, -292, -439, 
151, 2571, 2420, -1361, -1134, 2496, -936, -502, -556, -312, -283, -434, 
156, 2576, 2420, -1366, -1132, 2498, -941, -507, -551, -307, -278, -434, 
156, 2581, 2425, -1368, -1134, 2503, -941, -507, -551, -302, -278, -429, 
156, 2586, 2430, -1371, -1137, 2508, -956, -507, -556, -307, -278, -434, 
156, 2591, 2435, -1373, -1139, 2513, -961, -512, -556, -307, -278, -434, 
156, 2596, 2440, -1376, -1141, 2518, -966, -522, -556, -312, -278, -434, 
156, 2605, 2449, -1381, -1146, 2527, -971, -527, -556, -322, -278, -439, 
156, 2615, 2459, -1385, -1151, 2537, -971, -541, -570, -326, -297, -453, 
156, 2615, 2459, -1385, -1151, 2537, -971, -551, -570, -336, -302, -453, 
151, 2615, 2464, -1383, -1156, 2540, -971, -566, -575, -341, -302, -453, 
146, 2615, 2469, -1381, -1161, 2542, -966, -580, -575, -346, -312, -458, 
126, 2610, 2483, -1368, -1178, 2547, -966, -585, -585, -361, -326, -478, 
117, 2610, 2493, -1363, -1188, 2552, -961, -595, -585, -366, -341, -492, 
102, 2605, 2503, -1354, -1200, 2554, -956, -605, -585, -370, -356, -512, 
82, 2596, 2513, -1339, -1215, 2554, -956, -614, -590, -380, -366, -527, 
58, 2596, 2537, -1327, -1239, 2566, -951, -639, -605, -400, -390, -541, 
43, 2591, 2547, -1317, -1251, 2569, -946, -644, -614, -419, -409, -556, 
24, 2576, 2552, -1300, -1263, 2564, -941, -658, -619, -434, -424, -570, 
9, 2571, 2562, -1290, -1276, 2566, -932, -668, -629, -448, -448, -590, 
4, 2576, 2571, -1290, -1283, 2574, -932, -688, -653, -473, -478, -614, 
-4, 2566, 2571, -1281, -1288, 2569, -927, -688, -668, -488, -502, -629, 
-19, 2562, 2581, -1271, -1300, 2571, -907, -692, -673, -502, -527, -644, 
-34, 2547, 2581, -1256, -1307, 2564, -897, -702, -683, -517, -546, -653, 
-39, 2547, 2586, -1254, -1312, 2566, -907, -722, -702, -541, -585, -683, 
-48, 2547, 2596, -1249, -1322, 2571, -902, -732, -717, -561, -610, -702, 
-58, 2547, 2605, -1244, -1332, 2576, -888, -736, -722, -575, -629, -727, 
-73, 2547, 2620, -1237, -1346, 2583, -888, -736, -732, -590, -649, -751, 
-78, 2542, 2620, -1232, -1349, 2581, -883, -746, -751, -600, -673, -756, 
-92, 2537, 2630, -1222, -1361, 2583, -883, -756, -761, -614, -683, -775, 
-107, 2532, 2640, -1212, -1373, 2586, -873, -766, -771, -634, -697, -785, 
-112, 2532, 2644, -1210, -1378, 2588, -863, -775, -785, -644, -712, -800, 
-122, 2522, 2644, -1200, -1383, 2583, -863, -785, -785, -649, -727, -810, 
-136, 2513, 2649, -1188, -1393, 2581, -863, -790, -790, -658, -736, -810, 
-151, 2513, 2664, -1180, -1407, 2588, -854, -795, -790, -663, -741, -810, 
-161, 2498, 2659, -1168, -1410, 2579, -854, -800, -790, -668, -746, -819, 
-165, 2503, 2669, -1168, -1417, 2586, -854, -800, -805, -683, -746, -819, 
-170, 2503, 2674, -1166, -1422, 2588, -854, -805, -810, -697, -751, -829, 
-175, 2498, 2674, -1161, -1424, 2586, -849, -810, -819, -707, -761, -839, 
-175, 2493, 2669, -1159, -1422, 2581, -849, -814, -819, -712, -771, -849, 
-170, 2493, 2664, -1161, -1417, 2579, -854, -829, -829, -727, -790, -849, 
-185, 2493, 2679, -1154, -1432, 2586, -849, -829, -834, -732, -800, -849, 
-185, 2483, 2669, -1149, -1427, 2576, -844, -834, -839, -732, -805, -854, 
-185, 2479, 2664, -1146, -1424, 2571, -839, -834, -844, -732, -805, -858, 
-190, 2488, 2679, -1149, -1434, 2583, -844, -834, -854, -736, -814, -873, 
-190, 2488, 2679, -1149, -1434, 2583, -839, -834, -858, -741, -824, -883, 
-195, 2488, 2684, -1146, -1439, 2586, -834, -834, -858, -751, -829, -893, 
-200, 2488, 2688, -1144, -1444, 2588, -829, -834, -858, -751, -834, -897, 
-214, 2493, 2708, -1139, -1461, 2601, -834, -839, -863, -766, -844, -912, 
-219, 2493, 2713, -1137, -1466, 2603, -829, -844, -868, -771, -854, -917, 
-219, 2498, 2718, -1139, -1468, 2608, -834, -849, -873, -775, -863, -917, 
-224, 2503, 2727, -1139, -1476, 2615, -829, -849, -878, -780, -868, -917, 
-214, 2508, 2723, -1146, -1468, 2615, -829, -858, -888, -790, -873, -917, 
-224, 2513, 2737, -1144, -1481, 2625, -834, -858, -883, -790, -878, -917, 
-224, 2513, 2737, -1144, -1481, 2625, -839, -858, -883, -795, -883, -927, 
-224, 2518, 2742, -1146, -1483, 2630, -844, -858, -888, -795, -893, -932, 
-224, 2527, 2752, -1151, -1488, 2640, -834, -868, -897, -795, -888, -932, 
-224, 2527, 2752, -1151, -1488, 2640, -834, -863, -897, -795, -883, -932, 
-224, 2522, 2747, -1149, -1485, 2635, -834, -863, -902, -800, -883, -932, 
-224, 2522, 2747, -1149, -1485, 2635, -834, -863, -902, -800, -878, -932, 
-234, 2532, 2766, -1149, -1500, 2649, -844, -863, -902, -790, -883, -941, 
-234, 2532, 2766, -1149, -1500, 2649, -839, -863, -897, -785, -883, -941, 
-234, 2527, 2762, -1146, -1498, 2644, -839, -863, -897, -785, -883, -941, 
-234, 2527, 2762, -1146, -1498, 2644, -839, -863, -897, -785, -883, -941, 
-244, 2537, 2781, -1146, -1512, 2659, -849, -863, -897, -795, -888, -946, 
-244, 2537, 2781, -1146, -1512, 2659, -849, -863, -897, -800, -893, -956, 
-244, 2537, 2781, -1146, -1512, 2659, -849, -863, -897, -800, -897, -966, 
-244, 2532, 2776, -1144, -1510, 2654, -849, -858, -897, -800, -902, -971, 
-253, 2537, 2791, -1141, -1522, 2664, -849, -858, -897, -800, -902, -961, 
-253, 2542, 2796, -1144, -1525, 2669, -844, -858, -897, -800, -902, -961, 
-258, 2542, 2801, -1141, -1529, 2671, -844, -858, -897, -805, -907, -966, 
-258, 2547, 2806, -1144, -1532, 2676, -839, -858, -897, -805, -907, -966, 
-253, 2552, 2806, -1149, -1529, 2679, -839, -868, -902, -805, -917, -976, 
-248, 2562, 2810, -1156, -1529, 2686, -844, -863, -902, -810, -922, -976, 
-244, 2566, 2810, -1161, -1527, 2688, -849, -858, -902, -814, -922, -976, 
-248, 2566, 2815, -1159, -1532, 2691, -849, -858, -902, -819, -922, -976, 
-263, 2566, 2830, -1151, -1546, 2698, -858, -868, -907, -829, -936, -976, 
-263, 2571, 2835, -1154, -1549, 2703, -854, -868, -902, -829, -936, -980, 
-263, 2571, 2835, -1154, -1549, 2703, -854, -868, -902, -829, -941, -985, 
-263, 2576, 2840, -1156, -1551, 2708, -854, -863, -902, -829, -946, -985, 
-263, 2581, 2845, -1159, -1554, 2713, -844, -863, -902, -824, -941, -995, 
-263, 2581, 2845, -1159, -1554, 2713, -844, -863, -897, -824, -941, -995, 
-263, 2581, 2845, -1159, -1554, 2713, -844, -863, -893, -824, -941, -995, 
-263, 2581, 2845, -1159, -1554, 2713, -839, -863, -893, -824, -941, -995, 
-263, 2571, 2835, -1154, -1549, 2703, -844, -873, -902, -829, -956, -1005, 
-263, 2586, 2849, -1161, -1556, 2718, -844, -868, -907, -834, -956, -1005, 
-258, 2591, 2849, -1166, -1554, 2720, -844, -863, -912, -839, -956, -1005, 
-258, 2596, 2854, -1168, -1556, 2725, -844, -858, -917, -844, -956, -1005, 
-258, 2605, 2864, -1173, -1561, 2735, -854, -868, -902, -834, -966, -1005, 
-263, 2605, 2869, -1171, -1566, 2737, -854, -868, -902, -829, -966, -1010, 
-263, 2605, 2869, -1171, -1566, 2737, -854, -868, -902, -829, -966, -1019, 
-268, 2605, 2874, -1168, -1571, 2740, -854, -868, -897, -829, -966, -1024, 
-278, 2615, 2893, -1168, -1586, 2754, -854, -868, -897, -839, -956, -1015, 
-278, 2615, 2893, -1168, -1586, 2754, -854, -868, -902, -844, -956, -1015, 
-278, 2620, 2898, -1171, -1588, 2759, -854, -868, -907, -844, -956, -1015, 
-278, 2620, 2898, -1171, -1588, 2759, -849, -868, -912, -844, -956, -1015, 
-278, 2630, 2908, -1176, -1593, 2769, -858, -878, -917, -844, -961, -1015, 
-278, 2630, 2908, -1176, -1593, 2769, -858, -878, -917, -849, -961, -1015, 
-278, 2630, 2908, -1176, -1593, 2769, -858, -878, -912, -849, -961, -1015, 
-278, 2630, 2908, -1176, -1593, 2769, -858, -873, -912, -854, -961, -1015, 
-268, 2635, 2903, -1183, -1586, 2769, -868, -883, -922, -844, -961, -1019, 
-268, 2640, 2908, -1185, -1588, 2774, -868, -883, -922, -844, -961, -1019, 
-268, 2644, 2913, -1188, -1590, 2779, -868, -888, -922, -844, -961, -1024, 
-263, 2649, 2913, -1193, -1588, 2781, -868, -888, -922, -844, -956, -1029, 
-273, 2649, 2923, -1188, -1598, 2786, -868, -888, -917, -849, -966, -1019, 
-273, 2649, 2923, -1188, -1598, 2786, -873, -893, -917, -849, -966, -1019, 
-273, 2649, 2923, -1188, -1598, 2786, -873, -893, -917, -849, -966, -1019, 
-278, 2649, 2928, -1185, -1603, 2788, -873, -888, -917, -849, -966, -1019, 
-278, 2649, 2928, -1185, -1603, 2788, -883, -888, -922, -858, -976, -1029, 
-278, 2649, 2928, -1185, -1603, 2788, -883, -888, -927, -858, -976, -1029, 
-273, 2649, 2923, -1188, -1598, 2786, -883, -888, -932, -863, -971, -1029, 
-273, 2654, 2928, -1190, -1600, 2791, -878, -888, -936, -863, -971, -1024, 
-273, 2669, 2942, -1198, -1607, 2806, -878, -897, -946, -863, -976, -1029, 
-278, 2669, 2947, -1195, -1612, 2808, -883, -897, -946, -863, -976, -1029, 
-278, 2674, 2952, -1198, -1615, 2813, -883, -897, -941, -863, -976, -1029, 
-278, 2679, 2957, -1200, -1617, 2818, -883, -897, -941, -858, -976, -1029, 
-268, 2684, 2952, -1207, -1610, 2818, -893, -907, -951, -868, -966, -1019, 
-268, 2688, 2957, -1210, -1612, 2823, -893, -907, -951, -868, -961, -1019, 
-268, 2693, 2962, -1212, -1615, 2827, -893, -907, -951, -868, -961, -1019, 
-263, 2698, 2962, -1217, -1612, 2830, -893, -907, -951, -868, -966, -1019, 
-273, 2708, 2981, -1217, -1627, 2845, -902, -922, -956, -863, -966, -1029, 
-273, 2708, 2981, -1217, -1627, 2845, -902, -922, -961, -863, -966, -1034, 
-263, 2708, 2971, -1222, -1617, 2840, -902, -922, -966, -863, -966, -1034, 
-263, 2708, 2971, -1222, -1617, 2840, -902, -922, -976, -863, -966, -1029, 
-263, 2713, 2976, -1224, -1620, 2845, -902, -932, -966, -873, -966, -1039, 
-263, 2718, 2981, -1227, -1622, 2849, -902, -932, -966, -873, -966, -1039, 
-263, 2723, 2986, -1229, -1625, 2854, -902, -936, -966, -873, -966, -1039, 
-263, 2723, 2986, -1229, -1625, 2854, -902, -936, -966, -873, -966, -1039, 
-263, 2723, 2986, -1229, -1625, 2854, -912, -932, -966, -868, -966, -1039, 
-263, 2723, 2986, -1229, -1625, 2854, -912, -932, -966, -868, -966, -1039, 
-268, 2723, 2991, -1227, -1629, 2857, -912, -932, -966, -873, -966, -1039, 
-268, 2723, 2991, -1227, -1629, 2857, -912, -932, -966, -873, -966, -1039, 
-278, 2732, 3010, -1227, -1644, 2871, -912, -932, -966, -883, -971, -1039, 
-278, 2732, 3010, -1227, -1644, 2871, -912, -936, -971, -883, -971, -1039, 
-278, 2732, 3010, -1227, -1644, 2871, -912, -936, -971, -883, -971, -1039, 
-278, 2732, 3010, -1227, -1644, 2871, -912, -936, -971, -883, -976, -1039, 
-268, 2737, 3006, -1234, -1637, 2871, -917, -941, -980, -897, -976, -1039, 
-268, 2742, 3010, -1237, -1639, 2876, -917, -941, -980, -897, -976, -1039, 
-268, 2752, 3020, -1241, -1644, 2886, -917, -946, -980, -893, -976, -1039, 
-268, 2757, 3025, -1244, -1647, 2891, -917, -946, -980, -893, -976, -1039, 
-278, 2766, 3045, -1244, -1661, 2906, -927, -951, -990, -893, -985, -1044, 
-278, 2766, 3045, -1244, -1661, 2906, -922, -951, -990, -893, -980, -1049, 
-278, 2766, 3045, -1244, -1661, 2906, -922, -951, -990, -893, -980, -1054, 
-278, 2766, 3045, -1244, -1661, 2906, -922, -951, -990, -893, -985, -1058, 
-278, 2776, 3054, -1249, -1666, 2915, -932, -966, -1005, -902, -995, -1068, 
-278, 2771, 3050, -1246, -1664, 2910, -932, -971, -1005, -902, -995, -1068, 
-278, 2771, 3050, -1246, -1664, 2910, -936, -971, -1000, -902, -990, -1068, 
-278, 2771, 3050, -1246, -1664, 2910, -936, -971, -1000, -907, -990, -1068, 
-278, 2771, 3050, -1246, -1664, 2910, -936, -971, -1000, -907, -990, -1058, 
-278, 2776, 3054, -1249, -1666, 2915, -936, -971, -1000, -907, -990, -1058, 
-278, 2786, 3064, -1254, -1671, 2925, -936, -971, -1000, -902, -990, -1058, 
-278, 2791, 3069, -1256, -1673, 2930, -932, -971, -1000, -902, -990, -1058, 
-268, 2796, 3064, -1263, -1666, 2930, -936, -971, -1010, -912, -990, -1068, 
-268, 2796, 3064, -1263, -1666, 2930, -941, -971, -1010, -917, -995, -1068, 
-268, 2796, 3064, -1263, -1666, 2930, -946, -971, -1015, -917, -995, -1068, 
-273, 2796, 3069, -1261, -1671, 2932, -951, -971, -1015, -917, -995, -1068, 
-283, 2810, 3093, -1263, -1688, 2952, -946, -980, -1024, -927, -1005, -1078, 
-278, 2810, 3089, -1266, -1683, 2949, -946, -980, -1019, -927, -1005, -1078, 
-278, 2810, 3089, -1266, -1683, 2949, -946, -980, -1019, -927, -1005, -1078, 
-278, 2810, 3089, -1266, -1683, 2949, -946, -980, -1019, -927, -1005, -1078, 
-278, 2820, 3098, -1271, -1688, 2959, -956, -980, -1019, -927, -1005, -1088, 
-278, 2820, 3098, -1271, -1688, 2959, -956, -980, -1024, -922, -1005, -1088, 
-278, 2820, 3098, -1271, -1688, 2959, -951, -980, -1034, -922, -1005, -1088, 
-283, 2820, 3103, -1268, -1693, 2962, -951, -980, -1039, -927, -1005, -1088, 
-283, 2835, 3118, -1276, -1700, 2976, -966, -995, -1039, -927, -1015, -1098, 
-278, 2840, 3118, -1281, -1698, 2979, -966, -995, -1039, -927, -1015, -1098, 
-278, 2845, 3123, -1283, -1700, 2984, -966, -995, -1039, -927, -1015, -1098, 
-278, 2849, 3128, -1285, -1703, 2989, -961, -995, -1039, -927, -1015, -1098, 
-283, 2849, 3132, -1283, -1708, 2991, -971, -990, -1039, -927, -1015, -1098, 
-283, 2849, 3132, -1283, -1708, 2991, -971, -990, -1039, -927, -1015, -1098, 
-283, 2849, 3132, -1283, -1708, 2991, -971, -995, -1039, -927, -1015, -1098, 
-283, 2845, 3128, -1281, -1705, 2986, -971, -995, -1039, -927, -1015, -1098, 
-283, 2854, 3137, -1285, -1710, 2996, -961, -995, -1034, -936, -1015, -1098, 
-283, 2859, 3142, -1288, -1712, 3001, -961, -995, -1034, -936, -1010, -1098, 
-283, 2859, 3142, -1288, -1712, 3001, -961, -995, -1034, -932, -1010, -1098, 
-287, 2854, 3142, -1283, -1715, 2998, -961, -995, -1034, -932, -1010, -1098, 
-287, 2859, 3147, -1285, -1717, 3003, -971, -1005, -1049, -946, -1019, -1098, 
-283, 2864, 3147, -1290, -1715, 3006, -971, -1005, -1049, -946, -1019, -1098, 
-283, 2869, 3152, -1293, -1717, 3010, -971, -1005, -1049, -946, -1019, -1098, 
-283, 2869, 3152, -1293, -1717, 3010, -971, -1005, -1049, -941, -1019, -1098, 
-283, 2879, 3162, -1298, -1722, 3020, -980, -1005, -1049, -941, -1029, -1098, 
-283, 2879, 3162, -1298, -1722, 3020, -980, -1005, -1049, -946, -1029, -1098, 
-283, 2879, 3162, -1298, -1722, 3020, -980, -1005, -1049, -946, -1029, -1098, 
-283, 2879, 3162, -1298, -1722, 3020, -980, -1005, -1049, -946, -1029, -1098, 
-292, 2879, 3172, -1293, -1732, 3025, -980, -1005, -1054, -946, -1019, -1098, 
-292, 2879, 3172, -1293, -1732, 3025, -980, -1005, -1054, -946, -1019, -1098, 
-292, 2879, 3172, -1293, -1732, 3025, -980, -1005, -1054, -946, -1019, -1098, 
-292, 2879, 3172, -1293, -1732, 3025, -980, -1005, -1054, -946, -1019, -1098, 
-292, 2888, 3181, -1298, -1737, 3035, -980, -1005, -1049, -946, -1019, -1098, 
-292, 2893, 3186, -1300, -1739, 3040, -980, -1005, -1049, -946, -1019, -1098, 
-292, 2893, 3186, -1300, -1739, 3040, -980, -1005, -1049, -946, -1019, -1098, 
-292, 2888, 3181, -1298, -1737, 3035, -980, -1005, -1049, -946, -1019, -1093, 
-297, 2903, 3201, -1302, -1749, 3052, -980, -1000, -1039, -946, -1019, -1102, 
-297, 2913, 3211, -1307, -1754, 3062, -980, -1000, -1039, -946, -1024, -1102, 
-292, 2918, 3211, -1312, -1751, 3064, -980, -1000, -1039, -946, -1029, -1102, 
-292, 2923, 3215, -1315, -1754, 3069, -980, -1000, -1034, -946, -1034, -1102, 
-292, 2937, 3230, -1322, -1761, 3084, -971, -1000, -1024, -936, -1024, -1112, 
-292, 2937, 3230, -1322, -1761, 3084, -971, -1000, -1019, -932, -1024, -1107, 
-292, 2942, 3235, -1324, -1764, 3089, -966, -1000, -1019, -927, -1019, -1107, 
-292, 2952, 3245, -1329, -1769, 3098, -966, -1000, -1024, -917, -1015, -1107, 
-283, 2957, 3240, -1337, -1761, 3098, -976, -1000, -1034, -927, -1015, -1107, 
-283, 2967, 3250, -1342, -1766, 3108, -976, -1000, -1034, -927, -1015, -1102, 
-283, 2967, 3250, -1342, -1766, 3108, -971, -995, -1029, -927, -1010, -1102, 
-283, 2971, 3254, -1344, -1769, 3113, -966, -995, -1024, -927, -1005, -1098, 
-292, 2967, 3259, -1337, -1776, 3113, -976, -1005, -1024, -932, -1005, -1107, 
-292, 2967, 3259, -1337, -1776, 3113, -971, -1005, -1024, -922, -1005, -1107, 
-287, 2967, 3254, -1339, -1771, 3111, -966, -995, -1015, -922, -1000, -1107, 
-287, 2967, 3254, -1339, -1771, 3111, -966, -985, -1015, -917, -1000, -1102, 
-278, 2967, 3245, -1344, -1761, 3106, -980, -995, -1015, -927, -1000, -1112, 
-283, 2967, 3250, -1342, -1766, 3108, -985, -995, -1010, -927, -1000, -1112, 
-283, 2967, 3250, -1342, -1766, 3108, -985, -995, -1010, -927, -1005, -1107, 
-278, 2967, 3245, -1344, -1761, 3106, -980, -990, -1010, -927, -1005, -1107, 
-283, 2971, 3254, -1344, -1769, 3113, -995, -1005, -1015, -936, -1015, -1098, 
-283, 2971, 3254, -1344, -1769, 3113, -1005, -1010, -1015, -936, -1015, -1098, 
-273, 2976, 3250, -1351, -1761, 3113, -1010, -1015, -1015, -936, -1015, -1102, 
-268, 2976, 3245, -1354, -1756, 3111, -1015, -1019, -1015, -941, -1015, -1102, 
-278, 2962, 3240, -1342, -1759, 3101, -1019, -1029, -1034, -941, -1019, -1102, 
-287, 2942, 3230, -1327, -1759, 3086, -1019, -1019, -1049, -946, -1010, -1112, 
-287, 2928, 3215, -1320, -1751, 3071, -1000, -1010, -1049, -946, -1019, -1107, 
-278, 2932, 3211, -1327, -1744, 3071, -1005, -1015, -1058, -951, -1029, -1112, 
-283, 2937, 3220, -1327, -1751, 3079, -1015, -1015, -1063, -956, -1024, -1112, 
-283, 2937, 3220, -1327, -1751, 3079, -1015, -1015, -1063, -966, -1034, -1122, 
-283, 2937, 3220, -1327, -1751, 3079, -1015, -1015, -1063, -966, -1034, -1122, 
-283, 2937, 3220, -1327, -1751, 3079, -1015, -1015, -1063, -966, -1034, -1122, 
-283, 2937, 3220, -1327, -1751, 3079, -1015, -1015, -1063, -966, -1034, -1122, 
-283, 2947, 3230, -1332, -1756, 3089, -1015, -1019, -1073, -966, -1034, -1122, 
-283, 2947, 3230, -1332, -1756, 3089, -1015, -1024, -1073, -966, -1034, -1122, 
-283, 2947, 3230, -1332, -1756, 3089, -1015, -1029, -1073, -966, -1034, -1122, 
-283, 2947, 3230, -1332, -1756, 3089, -1015, -1034, -1073, -966, -1034, -1122, 
-292, 2947, 3240, -1327, -1766, 3093, -1024, -1034, -1088, -976, -1044, -1112, 
-292, 2947, 3240, -1327, -1766, 3093, -1024, -1034, -1093, -976, -1044, -1112, 
-292, 2947, 3240, -1327, -1766, 3093, -1024, -1034, -1098, -976, -1044, -1112, 
-292, 2947, 3240, -1327, -1766, 3093, -1024, -1034, -1102, -976, -1044, -1112, 
-283, 2952, 3235, -1334, -1759, 3093, -1034, -1039, -1102, -985, -1044, -1122, 
-283, 2957, 3240, -1337, -1761, 3098, -1034, -1044, -1102, -985, -1044, -1122, 
-283, 2962, 3245, -1339, -1764, 3103, -1034, -1049, -1102, -985, -1044, -1122, 
-283, 2967, 3250, -1342, -1766, 3108, -1034, -1054, -1102, -985, -1044, -1122, 
-283, 2967, 3250, -1342, -1766, 3108, -1034, -1063, -1093, -976, -1044, -1122, 
-283, 2967, 3250, -1342, -1766, 3108, -1034, -1063, -1093, -976, -1044, -1122, 
-283, 2967, 3250, -1342, -1766, 3108, -1034, -1063, -1093, -976, -1044, -1122, 
-283, 2967, 3250, -1342, -1766, 3108, -1034, -1063, -1093, -976, -1044, -1122, 
-283, 2957, 3240, -1337, -1761, 3098, -1029, -1058, -1093, -966, -1034, -1122, 
-283, 2957, 3240, -1337, -1761, 3098, -1024, -1054, -1093, -966, -1034, -1122, 
-283, 2957, 3240, -1337, -1761, 3098, -1019, -1049, -1093, -966, -1034, -1122, 
-283, 2957, 3240, -1337, -1761, 3098, -1015, -1044, -1093, -966, -1034, -1122, 
-292, 2957, 3250, -1332, -1771, 3103, -1015, -1034, -1083, -966, -1044, -1122, 
-292, 2957, 3250, -1332, -1771, 3103, -1015, -1034, -1083, -966, -1044, -1122, 
-292, 2957, 3250, -1332, -1771, 3103, -1015, -1034, -1083, -966, -1044, -1122, 
-292, 2957, 3250, -1332, -1771, 3103, -1015, -1034, -1083, -966, -1044, -1122, 
-283, 2947, 3230, -1332, -1756, 3089, -1015, -1034, -1093, -976, -1044, -1122, 
-283, 2947, 3230, -1332, -1756, 3089, -1015, -1034, -1093, -976, -1044, -1122, 
-283, 2947, 3230, -1332, -1756, 3089, -1015, -1034, -1093, -976, -1044, -1122, 
-283, 2947, 3230, -1332, -1756, 3089, -1015, -1034, -1093, -976, -1044, -1122, 
-283, 2937, 3220, -1327, -1751, 3079, -1019, -1044, -1102, -985, -1044, -1132, 
-283, 2937, 3220, -1327, -1751, 3079, -1019, -1044, -1102, -985, -1044, -1132, 
-283, 2937, 3220, -1327, -1751, 3079, -1019, -1044, -1102, -985, -1049, -1137, 
-287, 2937, 3225, -1324, -1756, 3081, -1019, -1039, -1102, -985, -1049, -1137, 
-287, 2928, 3215, -1320, -1751, 3071, -1019, -1039, -1107, -995, -1054, -1141, 
-292, 2932, 3225, -1320, -1759, 3079, -1019, -1039, -1102, -990, -1054, -1141, 
-302, 2932, 3235, -1315, -1769, 3084, -1015, -1039, -1102, -990, -1049, -1141, 
-302, 2932, 3235, -1315, -1769, 3084, -1010, -1034, -1102, -985, -1049, -1141, 
-307, 2942, 3250, -1317, -1778, 3096, -1015, -1044, -1093, -976, -1044, -1132, 
-307, 2947, 3254, -1320, -1781, 3101, -1015, -1044, -1102, -976, -1049, -1132, 
-307, 2947, 3254, -1320, -1781, 3101, -1010, -1044, -1102, -976, -1044, -1141, 
-307, 2942, 3250, -1317, -1778, 3096, -1005, -1044, -1102, -976, -1039, -1141, 
-312, 2932, 3245, -1310, -1778, 3089, -995, -1039, -1093, -980, -1039, -1132, 
-312, 2932, 3245, -1310, -1778, 3089, -1000, -1034, -1093, -980, -1044, -1137, 
-307, 2932, 3240, -1312, -1773, 3086, -1000, -1029, -1093, -980, -1044, -1137, 
-307, 2932, 3240, -1312, -1773, 3086, -1005, -1024, -1093, -976, -1044, -1132, 
-312, 2928, 3240, -1307, -1776, 3084, -1015, -1034, -1083, -976, -1044, -1132, 
-317, 2923, 3240, -1302, -1778, 3081, -1015, -1034, -1083, -980, -1049, -1137, 
-317, 2923, 3240, -1302, -1778, 3081, -1015, -1034, -1088, -980, -1049, -1137, 
-312, 2928, 3240, -1307, -1776, 3084, -1010, -1034, -1088, -980, -1044, -1137, 
-322, 2918, 3240, -1298, -1781, 3079, -1000, -1024, -1078, -971, -1034, -1127, 
-322, 2918, 3240, -1298, -1781, 3079, -1000, -1024, -1078, -971, -1034, -1127, 
-322, 2918, 3240, -1298, -1781, 3079, -1000, -1024, -1083, -971, -1034, -1127, 
-317, 2918, 3235, -1300, -1776, 3076, -1000, -1024, -1083, -966, -1029, -1127, 
-307, 2913, 3220, -1302, -1764, 3067, -995, -1015, -1083, -956, -1019, -1117, 
-307, 2908, 3215, -1300, -1761, 3062, -995, -1015, -1083, -956, -1019, -1122, 
-307, 2908, 3215, -1300, -1761, 3062, -995, -1015, -1078, -961, -1024, -1122, 
-307, 2903, 3211, -1298, -1759, 3057, -995, -1015, -1078, -961, -1024, -1122, 
-307, 2903, 3211, -1298, -1759, 3057, -995, -1015, -1078, -961, -1024, -1122, 
-307, 2903, 3211, -1298, -1759, 3057, -995, -1015, -1083, -961, -1024, -1122, 
-307, 2903, 3211, -1298, -1759, 3057, -995, -1015, -1083, -961, -1024, -1122, 
-312, 2903, 3215, -1295, -1764, 3059, -995, -1010, -1078, -961, -1024, -1127, 
-312, 2893, 3206, -1290, -1759, 3050, -995, -1010, -1068, -951, -1015, -1117, 
-307, 2928, 3235, -1310, -1771, 3081, -995, -1015, -1073, -951, -1024, -1122, 
-307, 2918, 3225, -1305, -1766, 3071, -995, -1015, -1073, -951, -1024, -1122, 
-307, 2908, 3215, -1300, -1761, 3062, -995, -1015, -1073, -951, -1024, -1122, 
-297, 2898, 3196, -1300, -1747, 3047, -995, -1015, -1073, -961, -1024, -1122, 
-297, 2898, 3196, -1300, -1747, 3047, -990, -1015, -1073, -966, -1024, -1122, 
-297, 2898, 3196, -1300, -1747, 3047, -990, -1015, -1073, -966, -1024, -1122, 
-297, 2893, 3191, -1298, -1744, 3042, -995, -1015, -1073, -966, -1024, -1122, 
-307, 2884, 3191, -1288, -1749, 3037, -985, -1005, -1073, -956, -1015, -1122, 
-307, 2884, 3191, -1288, -1749, 3037, -985, -1005, -1073, -956, -1015, -1122, 
-307, 2879, 3186, -1285, -1747, 3032, -985, -1005, -1073, -956, -1015, -1122, 
-307, 2879, 3186, -1285, -1747, 3032, -985, -1005, -1073, -956, -1015, -1117, 
-297, 2869, 3167, -1285, -1732, 3018, -976, -1005, -1063, -946, -1015, -1117, 
-302, 2869, 3172, -1283, -1737, 3020, -976, -1005, -1063, -946, -1015, -1122, 
-302, 2869, 3172, -1283, -1737, 3020, -976, -1005, -1063, -946, -1015, -1122, 
-302, 2869, 3172, -1283, -1737, 3020, -976, -1005, -1068, -946, -1015, -1117, 
-302, 2859, 3162, -1278, -1732, 3010, -976, -995, -1068, -946, -1010, -1117, 
-302, 2864, 3167, -1281, -1734, 3015, -976, -995, -1068, -946, -1010, -1117, 
-302, 2864, 3167, -1281, -1734, 3015, -976, -1000, -1068, -946, -1010, -1117, 
-302, 2864, 3167, -1281, -1734, 3015, -976, -1000, -1063, -946, -1010, -1117, 
-297, 2854, 3152, -1278, -1725, 3003, -976, -1000, -1054, -936, -1010, -1117, 
-297, 2854, 3152, -1278, -1725, 3003, -976, -1000, -1054, -941, -1010, -1117, 
-297, 2854, 3152, -1278, -1725, 3003, -980, -1000, -1054, -941, -1010, -1117, 
-297, 2854, 3152, -1278, -1725, 3003, -980, -1000, -1054, -941, -1010, -1117, 
-297, 2854, 3152, -1278, -1725, 3003, -971, -995, -1044, -941, -1000, -1107, 
-297, 2854, 3152, -1278, -1725, 3003, -971, -990, -1049, -941, -1000, -1107, 
-297, 2854, 3152, -1278, -1725, 3003, -971, -985, -1049, -941, -1000, -1112, 
-297, 2854, 3152, -1278, -1725, 3003, -966, -976, -1049, -941, -1000, -1117, 
-287, 2849, 3137, -1281, -1712, 2993, -976, -985, -1049, -932, -995, -1107, 
-287, 2845, 3132, -1278, -1710, 2989, -976, -990, -1049, -932, -995, -1107, 
-287, 2840, 3128, -1276, -1708, 2984, -976, -990, -1049, -932, -995, -1107, 
-287, 2835, 3123, -1273, -1705, 2979, -976, -990, -1049, -932, -995, -1102, 
-287, 2825, 3113, -1268, -1700, 2969, -966, -980, -1044, -927, -985, -1093, 
-287, 2825, 3113, -1268, -1700, 2969, -966, -980, -1039, -927, -985, -1088, 
-287, 2830, 3118, -1271, -1703, 2974, -966, -980, -1039, -927, -985, -1088, 
-287, 2830, 3118, -1271, -1703, 2974, -966, -980, -1039, -927, -976, -1088, 
-297, 2820, 3118, -1261, -1708, 2969, -956, -980, -1029, -912, -966, -1078, 
-297, 2820, 3118, -1261, -1708, 2969, -956, -976, -1024, -912, -966, -1078, 
-297, 2820, 3118, -1261, -1708, 2969, -956, -976, -1024, -912, -971, -1078, 
-302, 2815, 3118, -1256, -1710, 2967, -956, -976, -1029, -912, -971, -1078, 
-302, 2806, 3108, -1251, -1705, 2957, -956, -976, -1019, -912, -971, -1088, 
-302, 2806, 3108, -1251, -1705, 2957, -956, -976, -1019, -912, -971, -1093, 
-302, 2806, 3108, -1251, -1705, 2957, -956, -976, -1019, -907, -971, -1093, 
-302, 2810, 3113, -1254, -1708, 2962, -951, -976, -1019, -907, -971, -1093, 
-302, 2806, 3108, -1251, -1705, 2957, -941, -966, -1010, -897, -956, -1083, 
-302, 2801, 3103, -1249, -1703, 2952, -946, -966, -1005, -893, -956, -1083, 
-302, 2796, 3098, -1246, -1700, 2947, -946, -966, -1005, -893, -956, -1078, 
-302, 2791, 3093, -1244, -1698, 2942, -946, -966, -1010, -893, -956, -1078, 
-292, 2781, 3074, -1244, -1683, 2928, -946, -966, -1010, -902, -956, -1073, 
-292, 2776, 3069, -1241, -1681, 2923, -941, -956, -1005, -902, -956, -1073, 
-302, 2776, 3079, -1237, -1690, 2928, -936, -951, -995, -902, -961, -1078, 
-312, 2771, 3084, -1229, -1698, 2928, -932, -956, -995, -897, -971, -1078, 
-336, 2762, 3098, -1212, -1717, 2930, -922, -946, -985, -897, -990, -1093, 
-346, 2762, 3108, -1207, -1727, 2935, -902, -941, -980, -897, -995, -1117, 
-351, 2757, 3108, -1202, -1729, 2932, -893, -932, -941, -893, -995, -1117, 
-370, 2757, 3128, -1193, -1749, 2942, -873, -897, -902, -868, -980, -1112, 
-390, 2752, 3142, -1180, -1766, 2947, -844, -878, -878, -844, -980, -1117, 
-390, 2747, 3137, -1178, -1764, 2942, -834, -873, -873, -839, -971, -1117, 
-380, 2757, 3137, -1188, -1759, 2947, -829, -858, -854, -814, -946, -1102, 
-370, 2791, 3162, -1210, -1766, 2976, -829, -844, -805, -746, -878, -1073, 
-351, 2840, 3191, -1244, -1771, 3015, -849, -814, -751, -658, -795, -1024, 
-317, 2888, 3206, -1285, -1761, 3047, -878, -810, -688, -551, -688, -971, 
-268, 2928, 3196, -1329, -1732, 3062, -907, -795, -644, -448, -580, -897, 
-214, 2962, 3176, -1373, -1695, 3069, -941, -771, -610, -356, -468, -800, 
-131, 2976, 3108, -1422, -1620, 3042, -976, -736, -590, -287, -336, -707, 
-29, 3006, 3035, -1488, -1532, 3020, -1010, -697, -590, -234, -209, -595, 
87, 3059, 2971, -1573, -1442, 3015, -1058, -663, -595, -175, -68, -458, 
204, 3098, 2893, -1651, -1344, 2996, -1117, -624, -575, -112, 92, -312, 
312, 3123, 2810, -1717, -1249, 2967, -1146, -570, -527, -43, 229, -185, 
395, 3157, 2762, -1776, -1183, 2959, -1161, -536, -453, 34, 351, -87, 
458, 3201, 2742, -1830, -1141, 2971, -1190, -531, -351, 136, 453, 4, 
522, 3235, 2713, -1878, -1095, 2974, -1244, -590, -307, 204, 536, 78, 
590, 3240, 2649, -1915, -1029, 2945, -1298, -688, -341, 165, 531, 136, 
629, 3211, 2581, -1920, -976, 2896, -1332, -766, -405, 4, 395, 136, 
619, 3176, 2557, -1898, -968, 2867, -1346, -849, -497, -180, 209, 87, 
575, 3137, 2562, -1856, -993, 2849, -1366, -990, -590, -302, 53, 34, 
473, 3118, 2644, -1795, -1085, 2881, -1366, -1166, -663, -375, -58, -19, 
322, 3108, 2786, -1715, -1232, 2947, -1337, -1342, -780, -478, -180, -97, 
146, 3084, 2937, -1615, -1395, 3010, -1273, -1464, -941, -634, -356, -204, 
-24, 3040, 3064, -1507, -1544, 3052, -1200, -1503, -1083, -775, -536, -356, 
-200, 2932, 3132, -1366, -1666, 3032, -1093, -1473, -1239, -932, -741, -546, 
-351, 2796, 3147, -1222, -1749, 2971, -966, -1366, -1371, -1083, -922, -732, 
-453, 2684, 3137, -1115, -1795, 2910, -844, -1239, -1415, -1185, -1054, -873, 
-492, 2596, 3089, -1051, -1790, 2842, -751, -1127, -1429, -1234, -1137, -980, 
-497, 2522, 3020, -1012, -1759, 2771, -673, -1039, -1444, -1263, -1176, -1054, 
-488, 2469, 2957, -990, -1722, 2713, -624, -961, -1434, -1263, -1185, -1088, 
-473, 2430, 2903, -978, -1688, 2666, -614, -888, -1405, -1254, -1180, -1117, 
-448, 2420, 2869, -985, -1659, 2644, -653, -868, -1390, -1234, -1171, -1132, 
-434, 2430, 2864, -997, -1649, 2647, -688, -849, -1346, -1200, -1156, -1132, 
-414, 2440, 2854, -1012, -1634, 2647, -683, -790, -1273, -1137, -1107, -1112, 
-390, 2449, 2840, -1029, -1615, 2644, -683, -741, -1205, -1073, -1063, -1098, 
-366, 2454, 2820, -1044, -1593, 2637, -697, -712, -1146, -1010, -1024, -1078, 
-336, 2464, 2801, -1063, -1568, 2632, -712, -683, -1093, -956, -990, -1078, 
-312, 2483, 2796, -1085, -1554, 2640, -722, -663, -1054, -917, -946, -1063, 
-307, 2508, 2815, -1100, -1561, 2662, -736, -673, -1010, -883, -917, -1039, 
-302, 2522, 2825, -1110, -1564, 2674, -746, -688, -980, -868, -902, -1019, 
-292, 2527, 2820, -1117, -1556, 2674, -756, -702, -961, -868, -897, -1005, 
-287, 2532, 2820, -1122, -1554, 2676, -756, -722, -961, -878, -897, -1000, 
-287, 2527, 2815, -1119, -1551, 2671, -775, -741, -956, -878, -902, -990, 
-278, 2518, 2796, -1119, -1537, 2657, -800, -751, -946, -863, -897, -990, 
-287, 2518, 2806, -1115, -1546, 2662, -805, -775, -941, -854, -897, -995, 
-297, 2508, 2806, -1105, -1551, 2657, -814, -785, -932, -839, -888, -990, 
-297, 2498, 2796, -1100, -1546, 2647, -829, -805, -927, -824, -873, -985, 
-287, 2508, 2796, -1110, -1542, 2652, -834, -814, -917, -814, -863, -985, 
-283, 2508, 2791, -1112, -1537, 2649, -839, -819, -902, -805, -854, -976, 
-278, 2498, 2776, -1110, -1527, 2637, -839, -824, -893, -805, -858, -976, 
-278, 2498, 2776, -1110, -1527, 2637, -834, -824, -888, -805, -849, -966, 
-273, 2498, 2771, -1112, -1522, 2635, -834, -819, -888, -805, -849, -966, 
-273, 2498, 2771, -1112, -1522, 2635, -834, -819, -888, -810, -849, -966, 
-273, 2488, 2762, -1107, -1517, 2625, -824, -814, -893, -810, -839, -956, 
-273, 2483, 2757, -1105, -1515, 2620, -829, -814, -893, -810, -839, -956, 
-278, 2479, 2757, -1100, -1517, 2618, -829, -814, -893, -810, -844, -961, 
-278, 2479, 2757, -1100, -1517, 2618, -829, -814, -893, -800, -844, -961, 
-268, 2474, 2742, -1102, -1505, 2608, -829, -819, -897, -790, -824, -956, 
-268, 2469, 2737, -1100, -1503, 2603, -829, -824, -893, -790, -824, -956, 
-268, 2469, 2737, -1100, -1503, 2603, -839, -824, -893, -785, -824, -951, 
-268, 2464, 2732, -1098, -1500, 2598, -839, -824, -893, -785, -819, -951, 
-263, 2444, 2708, -1090, -1485, 2576, -839, -814, -883, -785, -819, -941, 
-258, 2440, 2698, -1090, -1478, 2569, -834, -814, -883, -785, -824, -941, 
-258, 2435, 2693, -1088, -1476, 2564, -834, -819, -888, -785, -824, -946, 
-253, 2420, 2674, -1083, -1464, 2547, -834, -819, -888, -790, -824, -946, 
-248, 2410, 2659, -1080, -1454, 2535, -829, -805, -878, -785, -814, -936, 
-248, 2410, 2659, -1080, -1454, 2535, -824, -805, -878, -780, -814, -932, 
-253, 2410, 2664, -1078, -1459, 2537, -824, -805, -878, -771, -810, -932, 
-253, 2405, 2659, -1076, -1456, 2532, -819, -805, -878, -766, -810, -932, 
-248, 2396, 2644, -1073, -1446, 2520, -819, -800, -868, -761, -805, -917, 
-248, 2396, 2644, -1073, -1446, 2520, -819, -795, -868, -761, -805, -917, 
-248, 2396, 2644, -1073, -1446, 2520, -819, -795, -868, -766, -805, -917, 
-248, 2396, 2644, -1073, -1446, 2520, -819, -790, -868, -766, -805, -922, 
-239, 2391, 2630, -1076, -1434, 2510, -810, -780, -863, -756, -800, -912, 
-239, 2386, 2625, -1073, -1432, 2505, -810, -780, -858, -756, -795, -907, 
-239, 2381, 2620, -1071, -1429, 2501, -810, -780, -849, -756, -795, -907, 
-244, 2376, 2620, -1066, -1432, 2498, -810, -780, -844, -756, -790, -912, 
-244, 2366, 2610, -1061, -1427, 2488, -805, -775, -839, -751, -780, -902, 
-234, 2357, 2591, -1061, -1412, 2474, -805, -775, -839, -751, -780, -902, 
-234, 2352, 2586, -1058, -1410, 2469, -805, -780, -834, -751, -780, -902, 
-234, 2342, 2576, -1054, -1405, 2459, -800, -780, -834, -751, -780, -902, 
-234, 2327, 2562, -1046, -1398, 2444, -800, -766, -834, -746, -775, -893, 
-234, 2322, 2557, -1044, -1395, 2440, -800, -766, -834, -741, -771, -893, 
-239, 2318, 2557, -1039, -1398, 2437, -800, -766, -834, -736, -761, -893, 
-244, 2308, 2552, -1032, -1398, 2430, -800, -766, -834, -727, -756, -893, 
-239, 2293, 2532, -1027, -1385, 2413, -795, -761, -829, -717, -751, -883, 
-239, 2293, 2532, -1027, -1385, 2413, -795, -756, -824, -717, -741, -878, 
-239, 2288, 2527, -1024, -1383, 2408, -790, -751, -814, -717, -736, -878, 
-239, 2283, 2522, -1022, -1381, 2403, -785, -746, -810, -712, -732, -873, 
-239, 2269, 2508, -1015, -1373, 2388, -780, -741, -795, -702, -722, -868, 
-239, 2264, 2503, -1012, -1371, 2383, -775, -736, -795, -702, -717, -863, 
-239, 2259, 2498, -1010, -1368, 2379, -771, -732, -795, -702, -717, -858, 
-234, 2254, 2488, -1010, -1361, 2371, -766, -727, -795, -702, -717, -849, 
-234, 2244, 2479, -1005, -1356, 2361, -766, -717, -780, -688, -702, -849, 
-234, 2235, 2469, -1000, -1351, 2352, -766, -712, -780, -688, -702, -844, 
-234, 2225, 2459, -995, -1346, 2342, -766, -712, -780, -683, -702, -834, 
-234, 2215, 2449, -990, -1342, 2332, -766, -712, -785, -678, -697, -834, 
-224, 2200, 2425, -988, -1324, 2313, -766, -697, -775, -668, -688, -824, 
-224, 2196, 2420, -985, -1322, 2308, -761, -692, -775, -663, -683, -819, 
-224, 2191, 2415, -983, -1320, 2303, -756, -692, -775, -663, -683, -814, 
-219, 2186, 2405, -983, -1312, 2296, -751, -688, -775, -663, -683, -814, 
-209, 2176, 2386, -983, -1298, 2281, -741, -678, -771, -663, -678, -805, 
-209, 2171, 2381, -980, -1295, 2276, -741, -678, -766, -663, -673, -805, 
-209, 2166, 2376, -978, -1293, 2271, -741, -678, -756, -658, -668, -800, 
-209, 2161, 2371, -976, -1290, 2266, -741, -673, -746, -649, -653, -800, 
-200, 2147, 2347, -973, -1273, 2247, -732, -658, -741, -644, -639, -790, 
-200, 2137, 2337, -968, -1268, 2237, -732, -658, -741, -639, -634, -785, 
-200, 2132, 2332, -966, -1266, 2232, -732, -649, -741, -634, -629, -780, 
-195, 2132, 2327, -968, -1261, 2230, -732, -649, -732, -619, -624, -771, 
-195, 2122, 2318, -963, -1256, 2220, -722, -639, -717, -610, -610, -751, 
-195, 2113, 2308, -958, -1251, 2210, -727, -639, -717, -610, -605, -751, 
-185, 2103, 2288, -958, -1237, 2196, -727, -639, -712, -610, -605, -751, 
-180, 2098, 2278, -958, -1229, 2188, -727, -634, -707, -605, -600, -751, 
-175, 2093, 2269, -958, -1222, 2181, -717, -629, -697, -595, -590, -736, 
-175, 2083, 2259, -954, -1217, 2171, -717, -624, -692, -590, -585, -736, 
-175, 2074, 2249, -949, -1212, 2161, -717, -610, -688, -580, -575, -732, 
-170, 2069, 2239, -949, -1205, 2154, -722, -600, -673, -575, -566, -722, 
-170, 2064, 2235, -946, -1202, 2149, -717, -585, -663, -561, -556, -712, 
-165, 2064, 2230, -949, -1198, 2147, -717, -580, -653, -551, -546, -702, 
-165, 2059, 2225, -946, -1195, 2142, -717, -575, -649, -541, -531, -688, 
-165, 2049, 2215, -941, -1190, 2132, -722, -570, -649, -531, -522, -683, 
-156, 2044, 2200, -944, -1178, 2122, -717, -551, -644, -517, -512, -668, 
-151, 2049, 2200, -949, -1176, 2125, -717, -551, -639, -517, -502, -663, 
-136, 2054, 2191, -958, -1163, 2122, -712, -546, -634, -512, -492, -658, 
-126, 2049, 2176, -961, -1151, 2113, -707, -541, -619, -502, -483, -653, 
-131, 2039, 2171, -954, -1151, 2105, -702, -522, -610, -492, -463, -639, 
-126, 2039, 2166, -956, -1146, 2103, -707, -512, -600, -483, -453, -629, 
-117, 2039, 2156, -961, -1137, 2098, -712, -507, -595, -478, -448, -624, 
-112, 2039, 2152, -963, -1132, 2095, -722, -507, -585, -468, -444, -614, 
-92, 2030, 2122, -968, -1107, 2076, -717, -488, -575, -439, -419, -595, 
-87, 2030, 2117, -971, -1102, 2074, -722, -483, -570, -429, -405, -585, 
-73, 2025, 2098, -976, -1085, 2061, -727, -478, -556, -424, -390, -580, 
-68, 2030, 2098, -980, -1083, 2064, -727, -473, -551, -414, -375, -570, 
-58, 2034, 2093, -988, -1076, 2064, -727, -463, -531, -400, -356, -556, 
-43, 2034, 2078, -995, -1061, 2056, -727, -448, -522, -385, -331, -536, 
-29, 2030, 2059, -1000, -1044, 2044, -727, -429, -517, -366, -307, -522, 
-19, 2030, 2049, -1005, -1034, 2039, -727, -414, -507, -351, -292, -507, 
-9, 2030, 2039, -1010, -1024, 2034, -727, -395, -488, -331, -273, -488, 
-4, 2039, 2044, -1017, -1024, 2042, -736, -395, -483, -322, -253, -473, 
4, 2039, 2034, -1022, -1015, 2037, -741, -390, -473, -312, -234, -463, 
9, 2039, 2030, -1024, -1010, 2034, -746, -390, -468, -302, -219, -448, 
24, 2034, 2010, -1029, -993, 2022, -741, -385, -463, -283, -200, -434, 
34, 2039, 2005, -1037, -985, 2022, -751, -380, -453, -273, -180, -414, 
43, 2044, 2000, -1044, -978, 2022, -756, -380, -444, -263, -161, -400, 
53, 2039, 1986, -1046, -966, 2013, -761, -380, -434, -253, -141, -400, 
73, 2034, 1961, -1054, -944, 1998, -766, -366, -419, -244, -117, -385, 
82, 2044, 1961, -1063, -939, 2003, -771, -361, -409, -224, -102, -370, 
92, 2049, 1956, -1071, -932, 2003, -775, -356, -405, -214, -97, -356, 
107, 2054, 1947, -1080, -919, 2000, -780, -351, -400, -200, -82, -341, 
117, 2049, 1932, -1083, -907, 1991, -775, -346, -395, -190, -68, -326, 
122, 2049, 1927, -1085, -902, 1988, -780, -346, -390, -180, -48, -307, 
117, 2054, 1937, -1085, -910, 1995, -790, -351, -390, -180, -34, -302, 
117, 2049, 1932, -1083, -907, 1991, -785, -351, -385, -180, -24, -287, 
126, 2039, 1912, -1083, -893, 1976, -775, -341, -375, -170, -14, -278, 
131, 2034, 1903, -1083, -885, 1969, -780, -346, -370, -165, 0, -268, 
136, 2025, 1888, -1080, -875, 1956, -785, -351, -366, -156, 9, -263, 
136, 2015, 1878, -1076, -871, 1947, -785, -351, -366, -146, 14, -253, 
146, 2010, 1864, -1078, -858, 1937, -780, -341, -361, -146, 24, -239, 
146, 2005, 1859, -1076, -856, 1932, -785, -346, -361, -141, 24, -239, 
146, 2000, 1854, -1073, -854, 1927, -790, -356, -361, -141, 24, -239, 
146, 2000, 1854, -1073, -854, 1927, -795, -361, -361, -146, 24, -244, 
141, 1991, 1849, -1066, -854, 1920, -790, -366, -361, -136, 14, -239, 
136, 1981, 1844, -1058, -854, 1912, -785, -366, -356, -141, 9, -239, 
126, 1971, 1844, -1049, -858, 1908, -780, -370, -356, -141, 9, -239, 
117, 1961, 1844, -1039, -863, 1903, -771, -375, -351, -141, 0, -244, 
102, 1937, 1834, -1019, -866, 1886, -761, -380, -351, -156, -4, -248, 
97, 1927, 1830, -1012, -866, 1878, -756, -390, -351, -161, -19, -258, 
87, 1912, 1825, -1000, -868, 1869, -751, -400, -351, -165, -34, -273, 
73, 1893, 1820, -983, -873, 1856, -751, -409, -356, -175, -43, -283, 
68, 1883, 1815, -976, -873, 1849, -741, -419, -375, -195, -63, -297, 
53, 1869, 1815, -961, -880, 1842, -732, -419, -380, -204, -78, -312, 
34, 1844, 1810, -939, -888, 1827, -722, -429, -380, -209, -87, -326, 
19, 1830, 1810, -924, -895, 1820, -707, -434, -385, -214, -107, -346, 
-4, 1805, 1810, -900, -907, 1808, -688, -434, -385, -234, -122, -356, 
-14, 1786, 1800, -885, -907, 1793, -683, -434, -395, -244, -141, -366, 
-29, 1771, 1800, -871, -915, 1786, -663, -439, -395, -253, -161, -375, 
-43, 1747, 1790, -851, -917, 1769, -653, -448, -400, -263, -175, -380, 
-43, 1732, 1776, -844, -910, 1754, -644, -458, -409, -283, -204, -400, 
-48, 1717, 1766, -834, -907, 1742, -639, -468, -424, -297, -219, -409, 
-53, 1703, 1756, -824, -905, 1729, -624, -473, -429, -307, -229, -424, 
-63, 1688, 1751, -812, -907, 1720, -624, -473, -439, -317, -239, -439, 
-78, 1673, 1751, -797, -915, 1712, -610, -468, -444, -322, -253, -448, 
-92, 1659, 1751, -783, -922, 1705, -610, -473, -448, -331, -263, -463, 
-107, 1644, 1751, -768, -929, 1698, -600, -478, -453, -346, -278, -468, 
-112, 1634, 1747, -761, -929, 1690, -590, -483, -463, -351, -292, -478, 
-126, 1615, 1742, -744, -934, 1678, -570, -473, -453, -346, -297, -478, 
-136, 1595, 1732, -729, -934, 1664, -570, -478, -458, -356, -307, -478, 
-146, 1586, 1732, -719, -939, 1659, -561, -483, -458, -361, -312, -478, 
-151, 1561, 1712, -705, -932, 1637, -561, -488, -458, -366, -317, -488, 
-151, 1551, 1703, -700, -927, 1627, -551, -488, -473, -375, -326, -497, 
-161, 1546, 1708, -692, -934, 1627, -551, -492, -478, -385, -331, -507, 
-170, 1537, 1708, -683, -939, 1622, -546, -497, -488, -390, -341, -517, 
-175, 1527, 1703, -675, -939, 1615, -546, -502, -488, -390, -351, -527, 
-170, 1507, 1678, -668, -924, 1593, -536, -497, -492, -385, -356, -531, 
-185, 1498, 1683, -656, -934, 1590, -527, -497, -492, -390, -361, -527, 
-185, 1478, 1664, -646, -924, 1571, -517, -502, -492, -390, -361, -527, 
-185, 1464, 1649, -639, -917, 1556, -507, -502, -492, -390, -356, -527, 
-190, 1454, 1644, -631, -917, 1549, -512, -497, -488, -385, -351, -517, 
-190, 1444, 1634, -627, -912, 1539, -507, -492, -488, -390, -356, -522, 
-195, 1434, 1629, -619, -912, 1532, -502, -488, -483, -400, -356, -527, 
-200, 1424, 1625, -612, -912, 1525, -497, -483, -478, -400, -356, -527, 
-195, 1420, 1615, -612, -905, 1517, -488, -483, -478, -409, -361, -531, 
-200, 1410, 1610, -605, -905, 1510, -478, -483, -478, -409, -366, -536, 
-200, 1405, 1605, -602, -902, 1505, -478, -483, -478, -409, -370, -536, 
-204, 1400, 1605, -597, -905, 1503, -468, -478, -478, -409, -370, -536, 
-214, 1390, 1605, -588, -910, 1498, -463, -468, -468, -400, -361, -531, 
-224, 1381, 1605, -578, -915, 1493, -463, -468, -463, -400, -361, -527, 
-224, 1366, 1590, -570, -907, 1478, -463, -468, -463, -405, -361, -531, 
-224, 1356, 1581, -566, -902, 1468, -463, -468, -468, -405, -366, -531, 
-224, 1342, 1566, -558, -895, 1454, -453, -458, -458, -395, -356, -522, 
-224, 1337, 1561, -556, -893, 1449, -453, -453, -458, -395, -356, -522, 
-224, 1327, 1551, -551, -888, 1439, -453, -453, -463, -400, -361, -522, 
-224, 1322, 1546, -549, -885, 1434, -453, -453, -463, -400, -361, -522, 
-224, 1307, 1532, -541, -878, 1420, -448, -444, -453, -400, -356, -512, 
-224, 1302, 1527, -539, -875, 1415, -439, -444, -448, -395, -356, -512, 
-224, 1293, 1517, -534, -871, 1405, -434, -444, -448, -395, -356, -512, 
-224, 1288, 1512, -531, -868, 1400, -429, -444, -448, -395, -356, -512, 
-224, 1273, 1498, -524, -861, 1385, -424, -434, -444, -385, -346, -502, 
-224, 1268, 1493, -522, -858, 1381, -419, -434, -439, -390, -346, -507, 
-224, 1263, 1488, -519, -856, 1376, -414, -434, -434, -390, -346, -512, 
-224, 1254, 1478, -514, -851, 1366, -409, -429, -429, -390, -346, -512, 
-224, 1249, 1473, -512, -849, 1361, -400, -424, -419, -385, -336, -502, 
-224, 1244, 1468, -509, -846, 1356, -395, -419, -419, -380, -336, -502, 
-229, 1234, 1464, -502, -846, 1349, -395, -414, -419, -380, -341, -507, 
-229, 1229, 1459, -500, -844, 1344, -390, -409, -419, -375, -341, -507, 
-229, 1210, 1439, -490, -834, 1324, -385, -400, -409, -361, -331, -497, 
-229, 1205, 1434, -488, -832, 1320, -385, -395, -405, -361, -336, -497, 
-229, 1195, 1424, -483, -827, 1310, -385, -390, -400, -361, -336, -497, 
-239, 1180, 1420, -470, -829, 1300, -380, -390, -395, -361, -336, -497, 
-244, 1171, 1415, -463, -829, 1293, -380, -380, -390, -351, -326, -492, 
-244, 1166, 1410, -461, -827, 1288, -375, -380, -385, -351, -322, -492, 
-244, 1156, 1400, -456, -822, 1278, -375, -380, -385, -351, -322, -492, 
-244, 1151, 1395, -453, -819, 1273, -375, -375, -385, -351, -322, -488, 
-244, 1146, 1390, -451, -817, 1268, -370, -366, -385, -346, -317, -488, 
-244, 1137, 1381, -446, -812, 1259, -366, -366, -380, -346, -317, -488, 
-244, 1127, 1371, -441, -807, 1249, -361, -366, -375, -346, -317, -488, 
-244, 1117, 1361, -436, -802, 1239, -351, -366, -375, -346, -317, -488, 
-244, 1098, 1342, -427, -793, 1220, -346, -366, -361, -336, -312, -478, 
-244, 1102, 1346, -429, -795, 1224, -346, -361, -361, -336, -312, -478, 
-239, 1098, 1337, -429, -788, 1217, -346, -356, -361, -336, -312, -478, 
-239, 1093, 1332, -427, -785, 1212, -346, -351, -361, -336, -312, -478, 
-234, 1088, 1322, -427, -778, 1205, -346, -351, -346, -326, -302, -483, 
-234, 1083, 1317, -424, -775, 1200, -346, -351, -346, -322, -302, -483, 
-229, 1078, 1307, -424, -768, 1193, -346, -351, -346, -322, -302, -488, 
-229, 1073, 1302, -422, -766, 1188, -346, -351, -341, -322, -302, -488, 
-239, 1058, 1298, -409, -768, 1178, -341, -341, -336, -312, -302, -483, 
-239, 1054, 1293, -407, -766, 1173, -336, -341, -336, -317, -302, -478, 
-239, 1054, 1293, -407, -766, 1173, -331, -341, -336, -317, -302, -473, 
-239, 1049, 1288, -405, -763, 1168, -322, -341, -336, -317, -302, -468, 
-248, 1044, 1293, -397, -771, 1168, -322, -331, -336, -312, -287, -458, 
-248, 1039, 1288, -395, -768, 1163, -322, -331, -331, -312, -287, -458, 
-248, 1034, 1283, -392, -766, 1159, -322, -331, -322, -307, -287, -458, 
-248, 1029, 1278, -390, -763, 1154, -322, -326, -317, -307, -287, -458, 
-248, 1019, 1268, -385, -758, 1144, -312, -317, -317, -302, -283, -448, 
-248, 1010, 1259, -380, -753, 1134, -312, -317, -317, -297, -278, -444, 
-248, 1000, 1249, -375, -749, 1124, -312, -322, -317, -292, -273, -444, 
-244, 990, 1234, -373, -739, 1112, -312, -322, -317, -287, -263, -444, 
-244, 980, 1224, -368, -734, 1102, -307, -322, -312, -292, -263, -434, 
-244, 980, 1224, -368, -734, 1102, -307, -326, -312, -292, -263, -434, 
-244, 980, 1224, -368, -734, 1102, -302, -326, -312, -292, -263, -434, 
-248, 980, 1229, -366, -739, 1105, -297, -322, -312, -292, -263, -434, 
-244, 976, 1220, -366, -732, 1098, -297, -322, -312, -283, -258, -424, 
-239, 971, 1210, -366, -724, 1090, -297, -322, -312, -283, -253, -424, 
-229, 966, 1195, -368, -712, 1080, -297, -322, -312, -287, -244, -424, 
-224, 966, 1190, -370, -707, 1078, -292, -322, -312, -287, -239, -419, 
-224, 951, 1176, -363, -700, 1063, -292, -312, -302, -278, -234, -414, 
-229, 941, 1171, -356, -700, 1056, -297, -312, -302, -278, -234, -414, 
-229, 936, 1166, -353, -697, 1051, -297, -312, -297, -278, -234, -414, 
-229, 932, 1161, -351, -695, 1046, -297, -312, -297, -273, -234, -414, 
-239, 917, 1156, -339, -697, 1037, -287, -312, -297, -273, -234, -414, 
-239, 912, 1151, -336, -695, 1032, -287, -312, -297, -273, -229, -414, 
-239, 907, 1146, -334, -692, 1027, -287, -312, -297, -273, -229, -414, 
-234, 902, 1137, -334, -685, 1019, -287, -312, -297, -273, -234, -414, 
-234, 893, 1127, -329, -680, 1010, -278, -307, -297, -268, -229, -409, 
-234, 893, 1127, -329, -680, 1010, -278, -307, -297, -268, -224, -409, 
-224, 893, 1117, -334, -671, 1005, -278, -307, -297, -268, -219, -405, 
-224, 893, 1117, -334, -671, 1005, -278, -307, -302, -268, -214, -395, 
-224, 878, 1102, -326, -663, 990, -268, -302, -292, -258, -209, -385, 
-224, 873, 1098, -324, -661, 985, -268, -297, -292, -258, -204, -385, 
-224, 868, 1093, -322, -658, 980, -268, -297, -292, -258, -200, -385, 
-224, 858, 1083, -317, -653, 971, -268, -292, -292, -258, -195, -385, 
-224, 844, 1068, -309, -646, 956, -268, -297, -283, -253, -195, -375, 
-224, 839, 1063, -307, -644, 951, -268, -297, -283, -253, -195, -375, 
-229, 834, 1063, -302, -646, 949, -268, -297, -283, -258, -195, -375, 
-229, 829, 1058, -300, -644, 944, -268, -297, -283, -258, -195, -375, 
-229, 824, 1054, -297, -641, 939, -258, -287, -273, -248, -190, -366, 
-229, 819, 1049, -295, -639, 934, -258, -292, -278, -248, -190, -366, 
-229, 814, 1044, -292, -636, 929, -258, -292, -278, -248, -190, -366, 
-229, 810, 1039, -290, -634, 924, -258, -292, -278, -248, -195, -366, 
-229, 805, 1034, -287, -631, 919, -253, -292, -268, -244, -190, -366, 
-229, 800, 1029, -285, -629, 915, -253, -287, -268, -244, -185, -366, 
-229, 800, 1029, -285, -629, 915, -253, -287, -268, -239, -180, -366, 
-229, 795, 1024, -283, -627, 910, -253, -283, -268, -239, -175, -366, 
-239, 780, 1019, -270, -629, 900, -253, -278, -258, -229, -175, -361, 
-239, 775, 1015, -268, -627, 895, -248, -278, -258, -229, -170, -356, 
-239, 771, 1010, -265, -624, 890, -248, -278, -258, -229, -170, -351, 
-239, 766, 1005, -263, -622, 885, -248, -278, -258, -229, -175, -346, 
-234, 761, 995, -263, -614, 878, -239, -283, -263, -229, -175, -346, 
-229, 751, 980, -261, -605, 866, -239, -287, -263, -229, -175, -346, 
-224, 746, 971, -261, -597, 858, -244, -287, -258, -229, -170, -346, 
-219, 741, 961, -261, -590, 851, -244, -287, -258, -234, -170, -346, 
-219, 732, 951, -256, -585, 841, -234, -278, -258, -224, -161, -336, 
-219, 727, 946, -253, -583, 836, -234, -278, -258, -224, -161, -336, 
-219, 727, 946, -253, -583, 836, -234, -278, -258, -219, -161, -336, 
-219, 722, 941, -251, -580, 832, -229, -278, -258, -219, -161, -336, 
-219, 707, 927, -244, -573, 817, -229, -268, -248, -209, -156, -326, 
-219, 707, 927, -244, -573, 817, -229, -268, -248, -214, -156, -326, 
-219, 707, 927, -244, -573, 817, -229, -268, -253, -214, -151, -326, 
-224, 707, 932, -241, -578, 819, -229, -268, -253, -214, -146, -326, 
-224, 697, 922, -236, -573, 810, -229, -268, -244, -204, -146, -326, 
-219, 692, 912, -236, -566, 802, -224, -268, -239, -204, -146, -326, 
-219, 688, 907, -234, -563, 797, -219, -268, -239, -204, -146, -326, 
-219, 683, 902, -231, -561, 793, -214, -268, -239, -204, -146, -326, 
-219, 678, 897, -229, -558, 788, -214, -258, -234, -204, -136, -317, 
-219, 673, 893, -226, -556, 783, -214, -258, -234, -200, -136, -317, 
-219, 668, 888, -224, -553, 778, -209, -258, -239, -200, -136, -317, 
-224, 663, 888, -219, -556, 775, -209, -258, -239, -204, -136, -317, 
-224, 649, 873, -212, -549, 761, -204, -263, -234, -195, -126, -307, 
-219, 644, 863, -212, -541, 753, -204, -263, -229, -195, -126, -307, 
-219, 639, 858, -209, -539, 749, -204, -263, -224, -195, -126, -307, 
-219, 634, 854, -207, -536, 744, -200, -263, -219, -195, -126, -307, 
-224, 629, 854, -202, -539, 741, -200, -253, -219, -185, -117, -307, 
-224, 624, 849, -200, -536, 736, -200, -248, -219, -185, -117, -307, 
-224, 619, 844, -197, -534, 732, -200, -248, -219, -185, -117, -307, 
-224, 610, 834, -192, -529, 722, -200, -244, -219, -185, -117, -307, 
-224, 605, 829, -190, -527, 717, -190, -244, -214, -185, -117, -297, 
-224, 605, 829, -190, -527, 717, -190, -244, -214, -185, -112, -297, 
-224, 600, 824, -187, -524, 712, -190, -244, -214, -180, -112, -297, 
-229, 590, 819, -180, -524, 705, -190, -244, -214, -180, -112, -297, 
-229, 585, 814, -178, -522, 700, -180, -234, -214, -175, -102, -287, 
-224, 580, 805, -178, -514, 692, -180, -234, -209, -175, -102, -287, 
-224, 575, 800, -175, -512, 688, -180, -234, -204, -175, -102, -287, 
-224, 566, 790, -170, -507, 678, -180, -234, -200, -170, -102, -287, 
-224, 556, 780, -165, -502, 668, -170, -224, -190, -161, -92, -278, 
-224, 556, 780, -165, -502, 668, -170, -224, -190, -165, -92, -278, 
-224, 556, 780, -165, -502, 668, -170, -224, -190, -165, -92, -278, 
-224, 556, 780, -165, -502, 668, -170, -224, -190, -165, -92, -278, 
-224, 541, 766, -158, -495, 653, -170, -224, -195, -156, -82, -278, 
-224, 536, 761, -156, -492, 649, -170, -224, -195, -156, -82, -278, 
-224, 531, 756, -153, -490, 644, -170, -224, -195, -156, -82, -278, 
-224, 527, 751, -151, -488, 639, -170, -224, -195, -156, -82, -278, 
-234, 522, 756, -143, -495, 639, -161, -214, -180, -156, -82, -268, 
-234, 522, 756, -143, -495, 639, -161, -214, -180, -156, -82, -268, 
-234, 517, 751, -141, -492, 634, -161, -214, -180, -156, -82, -268, 
-234, 507, 741, -136, -488, 624, -161, -214, -180, -156, -82, -263, 
-239, 502, 741, -131, -490, 622, -151, -219, -170, -146, -68, -263, 
-239, 502, 741, -131, -490, 622, -151, -219, -170, -146, -68, -263, 
-234, 497, 732, -131, -483, 614, -151, -219, -170, -146, -68, -263, 
-234, 492, 727, -129, -480, 610, -151, -219, -165, -146, -68, -263, 
-234, 488, 722, -126, -478, 605, -151, -214, -165, -141, -58, -253, 
-234, 478, 712, -122, -473, 595, -151, -209, -161, -141, -58, -248, 
-234, 473, 707, -119, -470, 590, -146, -204, -161, -141, -53, -248, 
-234, 473, 707, -119, -470, 590, -146, -200, -165, -136, -48, -248, 
-234, 468, 702, -117, -468, 585, -141, -200, -161, -131, -39, -239, 
-234, 478, 712, -122, -473, 595, -136, -200, -156, -126, -39, -234, 
-234, 478, 712, -122, -473, 595, -126, -195, -146, -122, -34, -234, 
-234, 483, 717, -124, -475, 600, -117, -195, -136, -117, -29, -229, 
-234, 483, 717, -124, -475, 600, -117, -190, -117, -102, -19, -219, 
-234, 478, 712, -122, -473, 595, -112, -185, -117, -92, -19, -219, 
-229, 473, 702, -122, -466, 588, -107, -170, -107, -92, -14, -219, 
-229, 468, 697, -119, -463, 583, -107, -156, -107, -87, -14, -214, 
-229, 458, 688, -114, -458, 573, -107, -156, -97, -87, -4, -214, 
-234, 458, 692, -112, -463, 575, -107, -156, -92, -87, -4, -214, 
-234, 458, 692, -112, -463, 575, -102, -156, -92, -87, -9, -209, 
-229, 458, 688, -114, -458, 573, -92, -151, -92, -87, -9, -209, 
-224, 458, 683, -117, -453, 570, -87, -146, -92, -82, 0, -209, 
-224, 453, 678, -114, -451, 566, -87, -141, -87, -78, 0, -209, 
-214, 453, 668, -119, -441, 561, -82, -136, -82, -73, 0, -214, 
-209, 448, 658, -119, -434, 553, -78, -131, -78, -73, 0, -214, 
-209, 444, 653, -117, -431, 549, -82, -131, -68, -63, 4, -204, 
-200, 434, 634, -117, -417, 534, -82, -122, -63, -58, 14, -195, 
-200, 419, 619, -109, -409, 519, -92, -131, -53, -48, 14, -190, 
-209, 424, 634, -107, -422, 529, -107, -136, -53, -43, 14, -185, 
-204, 419, 624, -107, -414, 522, -117, -136, -58, -48, 19, -185, 
-195, 405, 600, -104, -397, 502, -117, -146, -58, -48, 19, -195, 
-195, 400, 595, -102, -395, 497, -117, -146, -58, -48, 19, -195, 
-195, 395, 590, -100, -392, 492, -117, -146, -58, -48, 19, -195, 
-195, 390, 585, -97, -390, 488, -117, -146, -58, -48, 19, -195, 
-200, 375, 575, -87, -387, 475, -117, -146, -63, -48, 19, -185, 
-204, 370, 575, -82, -390, 473, -117, -146, -68, -48, 19, -185, 
-209, 366, 575, -78, -392, 470, -117, -146, -73, -48, 19, -185, 
-214, 361, 575, -73, -395, 468, -117, -146, -78, -48, 19, -185, 
-214, 346, 561, -65, -387, 453, -117, -156, -87, -58, 19, -185, 
-214, 341, 556, -63, -385, 448, -117, -156, -87, -58, 19, -185, 
-214, 336, 551, -61, -383, 444, -117, -156, -87, -58, 19, -185, 
-214, 331, 546, -58, -380, 439, -117, -156, -87, -58, 19, -185, 
-214, 317, 531, -51, -373, 424, -112, -156, -87, -68, 9, -185, 
-214, 312, 527, -48, -370, 419, -107, -156, -87, -68, 9, -185, 
-214, 307, 522, -46, -368, 414, -102, -156, -87, -68, 9, -185, 
-214, 302, 517, -43, -366, 409, -97, -156, -87, -68, 9, -185, 
-214, 297, 512, -41, -363, 405, -97, -156, -97, -68, 19, -175, 
-214, 292, 507, -39, -361, 400, -97, -156, -97, -68, 19, -175, 
-214, 287, 502, -36, -358, 395, -97, -156, -97, -68, 19, -175, 
-214, 283, 497, -34, -356, 390, -97, -156, -97, -68, 19, -175, 
-214, 273, 488, -29, -351, 380, -97, -156, -97, -68, 19, -165, 
-214, 273, 488, -29, -351, 380, -97, -156, -97, -68, 19, -165, 
-214, 273, 488, -29, -351, 380, -97, -156, -97, -68, 19, -165, 
-214, 273, 488, -29, -351, 380, -97, -156, -97, -68, 19, -165, 
-214, 263, 478, -24, -346, 370, -87, -156, -87, -58, 29, -156, 
-214, 263, 478, -24, -346, 370, -87, -156, -87, -58, 29, -156, 
-214, 263, 478, -24, -346, 370, -87, -156, -87, -58, 29, -156, 
-214, 263, 478, -24, -346, 370, -87, -156, -87, -58, 29, -156, 
-214, 258, 473, -21, -344, 366, -82, -146, -78, -48, 39, -146, 
-214, 253, 468, -19, -341, 361, -78, -146, -78, -48, 39, -146, 
-214, 248, 463, -17, -339, 356, -73, -146, -78, -48, 39, -146, 
-214, 244, 458, -14, -336, 351, -68, -146, -78, -48, 39, -146, 
-204, 234, 439, -14, -322, 336, -58, -136, -68, -39, 39, -146, 
-204, 234, 439, -14, -322, 336, -58, -136, -68, -39, 39, -146, 
-204, 234, 439, -14, -322, 336, -58, -136, -68, -39, 39, -146, 
-204, 234, 439, -14, -322, 336, -58, -136, -68, -39, 39, -146, 
-195, 229, 424, -17, -309, 326, -48, -126, -58, -39, 43, -146, 
-195, 224, 419, -14, -307, 322, -48, -126, -58, -39, 48, -146, 
-195, 219, 414, -12, -305, 317, -48, -126, -58, -39, 53, -146, 
-195, 214, 409, -9, -302, 312, -53, -126, -68, -39, 58, -146, 
-195, 195, 390, 0, -292, 292, -53, -126, -68, -39, 48, -146, 
-195, 185, 380, 4, -287, 283, -53, -126, -68, -39, 43, -151, 
-200, 175, 375, 12, -287, 275, -53, -122, -68, -39, 43, -151, 
-200, 165, 366, 17, -283, 265, -53, -122, -63, -39, 48, -146, 
-204, 161, 366, 21, -285, 263, -53, -122, -58, -34, 48, -146, 
-214, 161, 375, 26, -295, 268, -48, -122, -58, -34, 53, -146, 
-214, 161, 375, 26, -295, 268, -43, -117, -58, -29, 53, -146, 
-209, 161, 370, 24, -290, 265, -39, -117, -48, -29, 53, -146, 
-209, 156, 366, 26, -287, 261, -39, -117, -53, -19, 48, -136, 
-209, 156, 366, 26, -287, 261, -34, -117, -48, -19, 53, -146, 
-209, 151, 361, 29, -285, 256, -29, -117, -43, -19, 58, -146, 
-214, 151, 366, 31, -290, 258, -29, -117, -39, -24, 63, -146, 
-224, 146, 370, 39, -297, 258, -29, -112, -29, -14, 68, -141, 
-219, 141, 361, 39, -290, 251, -24, -107, -29, -14, 68, -141, 
-219, 136, 356, 41, -287, 246, -24, -102, -29, -9, 68, -136, 
-224, 126, 351, 48, -287, 239, -19, -97, -29, -9, 68, -136, 
-229, 112, 341, 58, -285, 226, -9, -97, -29, -14, 73, -131, 
-229, 112, 341, 58, -285, 226, -9, -97, -34, -14, 73, -131, 
-224, 117, 341, 53, -283, 229, -4, -97, -34, -14, 78, -131, 
-224, 117, 341, 53, -283, 229, -4, -97, -34, -14, 78, -131, 
-224, 112, 336, 56, -280, 224, -4, -87, -29, -4, 78, -131, 
-224, 107, 331, 58, -278, 219, -4, -87, -29, -4, 78, -131, 
-219, 102, 322, 58, -270, 212, -4, -87, -24, 0, 82, -131, 
-219, 97, 317, 61, -268, 207, -9, -87, -19, 0, 82, -131, 
-219, 92, 312, 63, -265, 202, 0, -87, -29, 0, 92, -126, 
-219, 92, 312, 63, -265, 202, 0, -87, -24, -4, 87, -126, 
-219, 87, 307, 65, -263, 197, 0, -87, -24, -4, 87, -126, 
-219, 82, 302, 68, -261, 192, 0, -87, -24, -4, 87, -126, 
-219, 73, 292, 73, -256, 183, 0, -78, -19, 4, 87, -117, 
-219, 73, 292, 73, -256, 183, 0, -78, -19, 4, 87, -117, 
-224, 73, 297, 75, -261, 185, 0, -73, -14, 4, 87, -122, 
-224, 73, 297, 75, -261, 185, 0, -73, -14, 4, 87, -122, 
-219, 102, 322, 58, -270, 212, 0, -78, -9, 4, 87, -117, 
-219, 87, 307, 65, -263, 197, 0, -78, -9, 4, 87, -117, 
-219, 73, 292, 73, -256, 183, 0, -78, -9, 4, 87, -117, 
-219, 58, 278, 80, -248, 168, 0, -78, -9, 4, 87, -117, 
-219, 48, 268, 85, -244, 158, 14, -78, 0, 4, 92, -107, 
-219, 48, 268, 85, -244, 158, 14, -78, 0, 9, 97, -107, 
-219, 43, 263, 87, -241, 153, 9, -78, 0, 14, 102, -107, 
-219, 43, 263, 87, -241, 153, 9, -78, 0, 19, 107, -107, 
-219, 43, 263, 87, -241, 153, 19, -68, 0, 19, 107, -107, 
-219, 39, 258, 90, -239, 148, 19, -68, 0, 19, 107, -107, 
-219, 39, 258, 90, -239, 148, 19, -68, 0, 19, 107, -102, 
-219, 39, 258, 90, -239, 148, 19, -68, 0, 19, 107, -102, 
-224, 29, 253, 97, -239, 141, 19, -68, 9, 29, 117, -107, 
-224, 29, 253, 97, -239, 141, 19, -68, 9, 29, 117, -107, 
-224, 29, 253, 97, -239, 141, 19, -68, 4, 29, 117, -102, 
-224, 29, 253, 97, -239, 141, 19, -68, 4, 29, 112, -102, 
-224, 29, 253, 97, -239, 141, 19, -58, 14, 29, 112, -92, 
-224, 24, 248, 100, -236, 136, 19, -63, 14, 29, 112, -92, 
-224, 19, 244, 102, -234, 131, 19, -63, 19, 29, 112, -92, 
-219, 14, 234, 102, -226, 124, 19, -63, 19, 29, 112, -92, 
-229, 9, 239, 109, -234, 124, 29, -53, 19, 34, 122, -92, 
-229, 4, 234, 112, -231, 119, 24, -53, 19, 34, 122, -92, 
-229, 0, 229, 114, -229, 114, 24, -53, 19, 34, 122, -92, 
-229, -4, 224, 117, -226, 109, 24, -53, 19, 34, 122, -92, 
-219, -14, 204, 117, -212, 95, 24, -63, 24, 43, 112, -82, 
-219, -14, 204, 117, -212, 95, 24, -63, 24, 43, 112, -87, 
-219, -14, 204, 117, -212, 95, 29, -58, 24, 43, 112, -92, 
-219, -14, 204, 117, -212, 95, 29, -58, 24, 43, 117, -92, 
-219, -14, 204, 117, -212, 95, 29, -53, 24, 43, 126, -82, 
-219, -14, 204, 117, -212, 95, 29, -53, 24, 43, 126, -82, 
-219, -14, 204, 117, -212, 95, 29, -53, 24, 43, 126, -78, 
-219, -14, 204, 117, -212, 95, 29, -53, 29, 48, 126, -78, 
-229, -19, 209, 124, -219, 95, 39, -43, 34, 48, 136, -73, 
-229, -19, 209, 124, -219, 95, 39, -43, 34, 48, 136, -73, 
-229, -24, 204, 126, -217, 90, 39, -43, 34, 48, 146, -73, 
-229, -29, 200, 129, -214, 85, 39, -43, 34, 53, 146, -73, 
-219, -39, 180, 129, -200, 70, 39, -39, 48, 53, 136, -73, 
-219, -39, 180, 129, -200, 70, 39, -39, 48, 53, 131, -73, 
-224, -43, 180, 134, -202, 68, 39, -39, 43, 53, 131, -73, 
-224, -43, 180, 134, -202, 68, 39, -39, 43, 53, 131, -73, 
-224, -53, 170, 139, -197, 58, 48, -39, 43, 53, 141, -68, 
-224, -53, 170, 139, -197, 58, 48, -39, 43, 58, 141, -68, 
-224, -48, 175, 136, -200, 63, 53, -39, 43, 58, 141, -68, 
-224, -48, 175, 136, -200, 63, 53, -39, 43, 58, 146, -68, 
-224, -58, 165, 141, -195, 53, 48, -39, 58, 63, 156, -68, 
-224, -58, 165, 141, -195, 53, 48, -39, 58, 63, 156, -63, 
-224, -58, 165, 141, -195, 53, 48, -39, 53, 63, 156, -63, 
-224, -58, 165, 141, -195, 53, 48, -39, 53, 63, 156, -58, 
-214, -63, 151, 139, -183, 43, 53, -29, 58, 73, 156, -58, 
-214, -63, 151, 139, -183, 43, 58, -34, 58, 73, 161, -53, 
-224, -68, 156, 146, -190, 43, 73, -19, 68, 68, 151, -63, 
-229, -78, 151, 153, -190, 36, 82, -9, 78, 78, 131, -78, 
-248, -78, 170, 163, -209, 46, 92, -4, 82, 68, 117, -92, 
-273, -82, 190, 178, -231, 53, 102, 4, 102, 73, 117, -102, 
-283, -63, 219, 173, -251, 78, 122, 29, 131, 97, 122, -107, 
-283, -58, 224, 170, -253, 82, 141, 58, 165, 122, 131, -112, 
-302, -73, 229, 187, -265, 78, 161, 73, 190, 126, 131, -112, 
-312, -82, 229, 197, -270, 73, 165, 87, 200, 151, 146, -107, 
-302, -58, 244, 180, -273, 92, 175, 102, 219, 190, 185, -87, 
-283, -9, 273, 146, -278, 131, 156, 112, 273, 258, 258, -48, 
-258, 29, 287, 114, -273, 158, 136, 126, 336, 346, 366, 14, 
-219, 78, 297, 70, -258, 187, 107, 141, 390, 448, 463, 78, 
-165, 131, 297, 17, -231, 214, 73, 146, 414, 531, 575, 156, 
-92, 165, 258, -36, -175, 212, 29, 151, 424, 600, 688, 258, 
0, 185, 185, -92, -92, 185, -14, 180, 424, 644, 795, 351, 
107, 209, 102, -158, 2, 156, -43, 234, 409, 683, 907, 468, 
224, 239, 14, -231, 104, 126, -92, 253, 400, 727, 1049, 605, 
351, 283, -68, -317, 209, 107, -141, 287, 429, 775, 1195, 751, 
463, 326, -136, -395, 300, 95, -185, 341, 483, 834, 1317, 858, 
556, 370, -185, -463, 370, 92, -204, 366, 556, 907, 1410, 951, 
639, 405, -234, -522, 436, 85, -248, 326, 610, 976, 1493, 1034, 
707, 419, -287, -563, 497, 65, -322, 239, 595, 966, 1527, 1093, 
756, 409, -346, -583, 551, 31, -385, 131, 541, 854, 1429, 1112, 
766, 385, -380, -575, 573, 2, -409, 48, 458, 688, 1244, 1083, 
741, 356, -385, -549, 563, -14, -429, -82, 356, 536, 1058, 1019, 
678, 317, -361, -497, 519, -21, -439, -239, 273, 444, 927, 966, 
556, 297, -258, -427, 407, 19, -400, -385, 185, 370, 814, 907, 
390, 273, -117, -331, 253, 78, -336, -507, 53, 263, 688, 819, 
209, 239, 29, -224, 90, 134, -283, -575, -68, 151, 546, 688, 
24, 161, 136, -92, -56, 148, -195, -566, -175, 24, 380, 536, 
-156, 43, 200, 56, -178, 122, -58, -488, -297, -117, 209, 361, 
-297, -58, 239, 178, -268, 90, 63, -361, -351, -219, 68, 190, 
-385, -126, 258, 256, -322, 65, 175, -229, -356, -278, -24, 63, 
-419, -180, 239, 300, -329, 29, 273, -112, -361, -297, -73, -9, 
-409, -234, 175, 322, -292, -29, 341, -14, -370, -307, -82, -53, 
-405, -292, 112, 348, -258, -90, 341, 58, -361, -297, -78, -92, 
-390, -331, 58, 361, -224, -136, 322, 87, -336, -268, -68, -117, 
-375, -331, 43, 353, -209, -143, 297, 117, -292, -234, -53, -126, 
-346, -322, 24, 334, -185, -148, 283, 165, -239, -180, -14, -107, 
-331, -312, 19, 322, -175, -146, 273, 214, -170, -126, 19, -102, 
-307, -297, 9, 302, -158, -143, 258, 244, -102, -73, 68, -82, 
-287, -278, 9, 283, -148, -134, 244, 263, -48, -19, 102, -73, 
-253, -258, -4, 256, -124, -131, 234, 263, -9, 19, 126, -58, 
-239, -244, -4, 241, -117, -124, 219, 253, 24, 53, 156, -43, 
-224, -209, 14, 217, -119, -97, 200, 239, 53, 78, 180, -14, 
-214, -195, 19, 204, -117, -87, 200, 214, 73, 78, 195, 0, 
-219, -190, 29, 204, -124, -80, 190, 195, 82, 87, 195, 4, 
-209, -195, 14, 202, -112, -90, 170, 175, 87, 87, 200, 14, 
-209, -195, 14, 202, -112, -90, 165, 156, 87, 82, 204, 4, 
-219, -214, 4, 217, -112, -104, 151, 141, 92, 92, 204, 0, 
-219, -234, -14, 226, -102, -124, 141, 112, 102, 107, 204, -4, 
-209, -234, -24, 222, -92, -129, 126, 82, 107, 112, 209, 0, 
-209, -234, -24, 222, -92, -129, 122, 73, 117, 122, 219, -9, 
-204, -234, -29, 219, -87, -131, 117, 78, 122, 131, 219, 0, 
-209, -229, -19, 219, -95, -124, 117, 73, 122, 122, 214, 19, 
-209, -224, -14, 217, -97, -119, 122, 73, 126, 122, 224, 29, 
-204, -219, -14, 212, -95, -117, 122, 78, 126, 122, 224, 29, 
-204, -214, -9, 209, -97, -112, 122, 78, 126, 117, 224, 29, 
-204, -224, -19, 214, -92, -122, 131, 73, 122, 126, 234, 19, 
-204, -229, -24, 217, -90, -126, 126, 73, 122, 126, 234, 19, 
-209, -234, -24, 222, -92, -129, 126, 73, 122, 126, 229, 14, 
-209, -234, -24, 222, -92, -129, 126, 73, 122, 136, 229, 14, 
-200, -244, -43, 222, -78, -143, 126, 58, 126, 136, 239, 19, 
-200, -244, -43, 222, -78, -143, 126, 53, 131, 136, 239, 19, 
-200, -239, -39, 219, -80, -139, 117, 53, 131, 141, 239, 24, 
-200, -239, -39, 219, -80, -139, 117, 53, 131, 141, 244, 24, 
-200, -234, -34, 217, -82, -134, 117, 63, 131, 141, 244, 34, 
-200, -234, -34, 217, -82, -134, 122, 63, 131, 141, 239, 34, 
-204, -234, -29, 219, -87, -131, 122, 58, 126, 141, 239, 29, 
-204, -244, -39, 224, -82, -141, 122, 58, 126, 136, 239, 29, 
-200, -244, -43, 222, -78, -143, 131, 73, 126, 146, 248, 29, 
-200, -244, -43, 222, -78, -143, 131, 73, 126, 146, 248, 34, 
-204, -244, -39, 224, -82, -141, 126, 73, 126, 151, 253, 34, 
-204, -248, -43, 226, -80, -146, 126, 73, 126, 151, 253, 34, 
-190, -258, -68, 224, -61, -163, 126, 73, 136, 156, 248, 39, 
-190, -258, -68, 224, -61, -163, 126, 73, 136, 156, 248, 39, 
-190, -258, -68, 224, -61, -163, 126, 68, 136, 151, 248, 39, 
-190, -258, -68, 224, -61, -163, 126, 68, 136, 151, 248, 34, 
-190, -268, -78, 229, -56, -173, 126, 78, 136, 151, 258, 34, 
-190, -268, -78, 229, -56, -173, 126, 78, 136, 151, 258, 39, 
-190, -268, -78, 229, -56, -173, 126, 78, 141, 151, 253, 39, 
-195, -268, -73, 231, -61, -170, 126, 78, 141, 151, 253, 34, 
-195, -268, -73, 231, -61, -170, 131, 92, 136, 156, 263, 39, 
-185, -268, -82, 226, -51, -175, 131, 92, 136, 156, 263, 43, 
-185, -263, -78, 224, -53, -170, 131, 87, 141, 156, 263, 48, 
-185, -263, -78, 224, -53, -170, 136, 87, 141, 156, 263, 53, 
-190, -273, -82, 231, -53, -178, 126, 82, 151, 165, 263, 53, 
-185, -273, -87, 229, -48, -180, 126, 82, 151, 165, 263, 53, 
-185, -273, -87, 229, -48, -180, 126, 82, 151, 165, 268, 53, 
-185, -278, -92, 231, -46, -185, 126, 82, 151, 170, 268, 53, 
-180, -278, -97, 229, -41, -187, 136, 92, 151, 170, 268, 58, 
-180, -273, -92, 226, -43, -183, 131, 92, 151, 170, 273, 58, 
-180, -273, -92, 226, -43, -183, 131, 92, 156, 170, 273, 53, 
-180, -273, -92, 226, -43, -183, 131, 92, 156, 175, 273, 53, 
-170, -283, -112, 226, -29, -197, 131, 92, 170, 175, 283, 63, 
-170, -283, -112, 226, -29, -197, 131, 92, 170, 175, 287, 63, 
-170, -283, -112, 226, -29, -197, 131, 92, 170, 175, 287, 63, 
-165, -283, -117, 224, -24, -200, 131, 92, 170, 175, 287, 68, 
-165, -292, -126, 229, -19, -209, 131, 92, 165, 180, 292, 68, 
-165, -292, -126, 229, -19, -209, 131, 97, 165, 180, 292, 73, 
-165, -292, -126, 229, -19, -209, 131, 97, 165, 185, 292, 82, 
-165, -292, -126, 229, -19, -209, 131, 97, 161, 190, 297, 82, 
-165, -302, -136, 234, -14, -219, 136, 102, 165, 190, 307, 82, 
-165, -302, -136, 234, -14, -219, 136, 107, 170, 195, 312, 87, 
-165, -302, -136, 234, -14, -219, 136, 107, 175, 195, 312, 92, 
-161, -302, -141, 231, -9, -222, 136, 112, 180, 195, 312, 92, 
-151, -307, -156, 229, 2, -231, 136, 122, 180, 204, 322, 92, 
-151, -307, -156, 229, 2, -231, 136, 122, 180, 204, 322, 92, 
-151, -307, -156, 229, 2, -231, 136, 122, 185, 209, 322, 97, 
-151, -307, -156, 229, 2, -231, 136, 126, 190, 219, 331, 97, 
-151, -307, -156, 229, 2, -231, 136, 131, 195, 219, 336, 102, 
-151, -312, -161, 231, 4, -236, 136, 131, 195, 219, 341, 102, 
-151, -312, -161, 231, 4, -236, 136, 141, 195, 219, 346, 102, 
-146, -307, -161, 226, 7, -234, 136, 141, 204, 229, 351, 107, 
-146, -317, -170, 231, 12, -244, 136, 151, 214, 239, 356, 126, 
-146, -317, -170, 231, 12, -244, 131, 151, 209, 239, 361, 126, 
-136, -317, -180, 226, 21, -248, 131, 151, 209, 239, 361, 126, 
-131, -312, -180, 222, 24, -246, 131, 156, 209, 244, 366, 126, 
-136, -317, -180, 226, 21, -248, 131, 156, 224, 248, 370, 131, 
-136, -317, -180, 226, 21, -248, 131, 156, 224, 248, 370, 131, 
-136, -317, -180, 226, 21, -248, 131, 165, 224, 253, 375, 136, 
-131, -312, -180, 222, 24, -246, 126, 170, 234, 253, 380, 146, 
-112, -307, -195, 209, 41, -251, 122, 175, 234, 273, 395, 151, 
-107, -307, -200, 207, 46, -253, 122, 180, 244, 278, 400, 156, 
-107, -312, -204, 209, 48, -258, 122, 185, 248, 283, 409, 165, 
-107, -322, -214, 214, 53, -268, 117, 190, 248, 287, 414, 165, 
-87, -322, -234, 204, 73, -278, 117, 190, 248, 292, 419, 170, 
-82, -312, -229, 197, 73, -270, 112, 190, 248, 292, 424, 175, 
-68, -302, -234, 185, 82, -268, 112, 195, 248, 297, 429, 180, 
-58, -302, -244, 180, 92, -273, 112, 200, 258, 307, 434, 185, 
-63, -297, -234, 180, 85, -265, 117, 214, 268, 322, 448, 200, 
-58, -292, -234, 175, 87, -263, 112, 229, 278, 326, 463, 209, 
-48, -287, -239, 168, 95, -263, 107, 239, 283, 326, 473, 214, 
-43, -283, -239, 163, 97, -261, 97, 244, 292, 331, 483, 224, 
-34, -287, -253, 161, 109, -270, 102, 253, 307, 351, 502, 244, 
-29, -283, -253, 156, 112, -268, 97, 258, 307, 361, 512, 253, 
-14, -283, -268, 148, 126, -275, 92, 263, 317, 366, 522, 258, 
-9, -273, -263, 141, 126, -268, 92, 268, 317, 375, 531, 268, 
0, -263, -263, 131, 131, -263, 87, 273, 326, 375, 546, 268, 
14, -258, -273, 122, 143, -265, 82, 283, 336, 385, 566, 283, 
29, -258, -287, 114, 158, -273, 78, 297, 341, 400, 585, 292, 
39, -253, -292, 107, 165, -273, 73, 307, 351, 409, 595, 302, 
43, -248, -292, 102, 168, -270, 63, 326, 356, 429, 610, 326, 
53, -234, -287, 90, 170, -261, 53, 326, 356, 439, 624, 336, 
68, -229, -297, 80, 183, -263, 48, 331, 361, 448, 639, 341, 
78, -224, -302, 73, 190, -263, 43, 331, 361, 458, 649, 351, 
92, -214, -307, 61, 200, -261, 48, 326, 366, 478, 673, 375, 
102, -204, -307, 51, 204, -256, 39, 331, 375, 488, 688, 395, 
112, -195, -307, 41, 209, -251, 34, 331, 385, 497, 702, 409, 
122, -195, -317, 36, 219, -256, 29, 331, 395, 507, 717, 409, 
131, -190, -322, 29, 226, -256, 14, 336, 400, 507, 732, 429, 
141, -180, -322, 19, 231, -251, 9, 341, 409, 517, 746, 439, 
151, -175, -326, 12, 239, -251, 4, 346, 414, 517, 751, 448, 
165, -170, -336, 2, 251, -253, 0, 351, 419, 522, 766, 458, 
180, -170, -351, -4, 265, -261, -4, 366, 429, 536, 775, 478, 
190, -165, -356, -12, 273, -261, -9, 366, 429, 551, 790, 492, 
190, -156, -346, -17, 268, -251, -19, 361, 424, 556, 800, 492, 
195, -156, -351, -19, 273, -253, -14, 361, 424, 561, 805, 502, 
204, -156, -361, -24, 283, -258, -24, 351, 414, 556, 810, 502, 
209, -151, -361, -29, 285, -256, -29, 346, 419, 556, 819, 512, 
214, -151, -366, -31, 290, -258, -34, 341, 424, 561, 824, 517, 
214, -151, -366, -31, 290, -258, -34, 341, 424, 566, 824, 527, 
224, -151, -375, -36, 300, -263, -39, 331, 429, 566, 834, 531, 
224, -151, -375, -36, 300, -263, -43, 326, 429, 570, 834, 531, 
224, -151, -375, -36, 300, -263, -48, 317, 429, 570, 834, 531, 
224, -146, -370, -39, 297, -258, -53, 312, 429, 566, 834, 527, 
214, -151, -366, -31, 290, -258, -48, 312, 434, 575, 834, 527, 
214, -156, -370, -29, 292, -263, -43, 307, 434, 570, 829, 531, 
209, -161, -370, -24, 290, -265, -39, 297, 429, 570, 829, 536, 
204, -165, -370, -19, 287, -268, -29, 287, 429, 570, 819, 536, 
190, -180, -370, -4, 280, -275, -29, 283, 429, 556, 814, 527, 
185, -180, -366, -2, 275, -273, -24, 273, 429, 551, 800, 512, 
175, -185, -361, 4, 268, -273, -19, 263, 429, 546, 785, 492, 
161, -195, -356, 17, 258, -275, -19, 253, 424, 536, 775, 478, 
151, -200, -351, 24, 251, -275, -14, 239, 405, 522, 746, 473, 
141, -209, -351, 34, 246, -280, -9, 234, 400, 507, 732, 458, 
126, -229, -356, 51, 241, -292, -4, 219, 400, 497, 722, 444, 
117, -239, -356, 61, 236, -297, 4, 209, 395, 488, 702, 424, 
92, -253, -346, 80, 219, -300, 14, 204, 385, 468, 688, 409, 
82, -263, -346, 90, 214, -305, 19, 209, 375, 458, 668, 395, 
68, -268, -336, 100, 202, -302, 39, 209, 375, 448, 649, 380, 
53, -283, -336, 114, 195, -309, 48, 204, 370, 439, 634, 370, 
48, -302, -351, 126, 200, -326, 58, 185, 356, 419, 605, 351, 
39, -312, -351, 136, 195, -331, 63, 175, 346, 405, 590, 341, 
29, -322, -351, 146, 190, -336, 78, 170, 346, 395, 580, 326, 
14, -331, -346, 158, 180, -339, 78, 170, 341, 385, 570, 312, 
0, -341, -341, 170, 170, -341, 92, 175, 336, 390, 556, 302, 
-14, -351, -336, 183, 161, -344, 92, 170, 331, 380, 546, 287, 
-29, -361, -331, 195, 151, -346, 102, 165, 326, 366, 531, 283, 
-34, -366, -331, 200, 148, -348, 112, 161, 317, 361, 517, 273, 
-29, -385, -356, 207, 163, -370, 112, 161, 307, 351, 492, 258, 
-39, -395, -356, 217, 158, -375, 112, 156, 302, 336, 483, 253, 
-48, -395, -346, 222, 148, -370, 122, 151, 302, 326, 478, 248, 
-53, -409, -356, 231, 151, -383, 122, 146, 302, 317, 473, 234, 
-63, -424, -361, 244, 148, -392, 141, 146, 297, 307, 463, 234, 
-73, -424, -351, 248, 139, -387, 141, 141, 292, 297, 458, 224, 
-82, -429, -346, 256, 131, -387, 146, 136, 283, 292, 448, 214, 
-87, -434, -346, 261, 129, -390, 146, 131, 283, 292, 439, 204, 
-102, -444, -341, 273, 119, -392, 161, 131, 268, 297, 439, 195, 
-117, -444, -326, 280, 104, -385, 165, 136, 268, 292, 429, 195, 
-117, -453, -336, 285, 109, -395, 170, 136, 268, 292, 424, 190, 
-117, -458, -341, 287, 112, -400, 175, 141, 268, 292, 424, 185, 
-122, -473, -351, 297, 114, -412, 170, 131, 268, 287, 419, 185, 
-122, -478, -356, 300, 117, -417, 175, 131, 263, 283, 414, 180, 
-126, -483, -356, 305, 114, -419, 180, 131, 263, 273, 414, 175, 
-131, -488, -356, 309, 112, -422, 185, 131, 263, 273, 414, 175, 
-126, -488, -361, 307, 117, -424, 185, 131, 263, 273, 409, 180, 
-131, -492, -361, 312, 114, -427, 195, 131, 263, 273, 405, 175, 
-131, -492, -361, 312, 114, -427, 195, 131, 263, 273, 400, 175, 
-136, -492, -356, 314, 109, -424, 204, 136, 263, 273, 400, 175, 
-126, -502, -375, 314, 124, -439, 209, 146, 263, 273, 400, 175, 
-136, -502, -366, 319, 114, -434, 209, 146, 268, 273, 400, 175, 
-136, -507, -370, 322, 117, -439, 209, 146, 268, 268, 400, 165, 
-136, -507, -370, 322, 117, -439, 209, 146, 263, 268, 395, 161, 
-136, -517, -380, 326, 122, -448, 209, 136, 273, 268, 395, 170, 
-136, -517, -380, 326, 122, -448, 209, 141, 273, 268, 395, 170, 
-136, -522, -385, 329, 124, -453, 209, 141, 268, 263, 390, 170, 
-136, -522, -385, 329, 124, -453, 209, 141, 268, 263, 390, 170, 
-146, -531, -385, 339, 119, -458, 219, 151, 268, 263, 395, 170, 
-146, -531, -385, 339, 119, -458, 224, 151, 273, 268, 395, 170, 
-146, -536, -390, 341, 122, -463, 224, 151, 273, 268, 395, 170, 
-146, -536, -390, 341, 122, -463, 224, 151, 273, 268, 395, 170, 
-156, -536, -380, 346, 112, -458, 224, 161, 283, 268, 395, 170, 
-156, -536, -380, 346, 112, -458, 224, 161, 283, 263, 395, 165, 
-156, -536, -380, 346, 112, -458, 224, 161, 283, 263, 395, 161, 
-156, -541, -385, 348, 114, -463, 224, 165, 283, 263, 395, 161, 
-146, -551, -405, 348, 129, -478, 234, 165, 292, 263, 385, 161, 
-146, -551, -405, 348, 129, -478, 239, 165, 292, 263, 385, 161, 
-151, -556, -405, 353, 126, -480, 239, 165, 292, 258, 380, 156, 
-151, -556, -405, 353, 126, -480, 244, 165, 292, 258, 380, 156, 
-151, -556, -405, 353, 126, -480, 248, 165, 297, 263, 390, 156, 
-151, -551, -400, 351, 124, -475, 248, 170, 297, 263, 385, 156, 
-151, -551, -400, 351, 124, -475, 248, 175, 297, 263, 385, 156, 
-161, -556, -395, 358, 117, -475, 253, 175, 297, 263, 385, 156, 
-156, -561, -405, 358, 124, -483, 253, 175, 302, 263, 385, 165, 
-156, -561, -405, 358, 124, -483, 258, 175, 307, 263, 390, 161, 
-156, -566, -409, 361, 126, -488, 258, 175, 307, 263, 390, 156, 
-156, -566, -409, 361, 126, -488, 258, 180, 307, 263, 390, 156, 
-165, -570, -405, 368, 119, -488, 258, 190, 317, 278, 385, 156, 
-165, -570, -405, 368, 119, -488, 258, 190, 322, 278, 385, 156, 
-165, -570, -405, 368, 119, -488, 258, 190, 326, 278, 385, 156, 
-165, -570, -405, 368, 119, -488, 263, 190, 326, 278, 385, 156, 
-175, -585, -409, 380, 117, -497, 268, 180, 322, 278, 380, 156, 
-175, -575, -400, 375, 112, -488, 268, 185, 322, 278, 380, 156, 
-170, -575, -405, 373, 117, -490, 268, 190, 322, 278, 380, 156, 
-170, -575, -405, 373, 117, -490, 268, 195, 322, 278, 380, 156, 
-170, -580, -409, 375, 119, -495, 278, 195, 326, 278, 380, 161, 
-175, -585, -409, 380, 117, -497, 278, 195, 326, 283, 380, 161, 
-175, -590, -414, 383, 119, -502, 278, 195, 326, 283, 380, 156, 
-180, -595, -414, 387, 117, -505, 278, 195, 331, 283, 380, 156, 
-170, -605, -434, 387, 131, -519, 268, 195, 336, 283, 380, 156, 
-170, -605, -434, 387, 131, -519, 268, 195, 336, 278, 380, 156, 
-170, -600, -429, 385, 129, -514, 268, 195, 336, 278, 380, 156, 
-170, -600, -429, 385, 129, -514, 273, 195, 336, 278, 380, 156, 
-170, -590, -419, 380, 124, -505, 273, 195, 331, 273, 385, 156, 
-170, -590, -419, 380, 124, -505, 273, 195, 331, 273, 385, 156, 
-170, -590, -419, 380, 124, -505, 273, 195, 336, 278, 385, 156, 
-170, -590, -419, 380, 124, -505, 273, 200, 336, 278, 385, 156, 
-170, -600, -429, 385, 129, -514, 283, 200, 346, 287, 395, 165, 
-170, -600, -429, 385, 129, -514, 283, 200, 346, 287, 395, 170, 
-170, -600, -429, 385, 129, -514, 283, 195, 346, 287, 395, 170, 
-165, -600, -434, 383, 134, -517, 283, 195, 346, 287, 400, 170, 
-175, -610, -434, 392, 129, -522, 273, 195, 341, 292, 400, 170, 
-175, -610, -434, 392, 129, -522, 268, 190, 341, 292, 400, 170, 
-175, -610, -434, 392, 129, -522, 268, 190, 341, 292, 400, 170, 
-180, -610, -429, 395, 124, -519, 268, 195, 341, 292, 400, 170, 
-170, -600, -429, 385, 129, -514, 278, 185, 341, 292, 400, 170, 
-170, -600, -429, 385, 129, -514, 278, 185, 341, 292, 400, 170, 
-165, -600, -434, 383, 134, -517, 278, 185, 341, 287, 405, 170, 
-165, -595, -429, 380, 131, -512, 283, 185, 341, 287, 405, 175, 
-156, -605, -448, 380, 146, -527, 283, 195, 341, 297, 419, 180, 
-161, -610, -448, 385, 143, -529, 278, 195, 341, 297, 419, 180, 
-161, -610, -448, 385, 143, -529, 278, 195, 346, 297, 419, 180, 
-161, -610, -448, 385, 143, -529, 278, 195, 346, 302, 419, 180, 
-151, -610, -458, 380, 153, -534, 278, 195, 346, 302, 409, 190, 
-151, -610, -458, 380, 153, -534, 278, 195, 346, 302, 414, 190, 
-151, -610, -458, 380, 153, -534, 278, 195, 346, 302, 414, 190, 
-146, -610, -463, 378, 158, -536, 278, 195, 346, 302, 409, 190, 
-156, -619, -463, 387, 153, -541, 278, 190, 346, 297, 419, 190, 
-156, -619, -463, 387, 153, -541, 278, 190, 346, 297, 419, 185, 
-146, -619, -473, 383, 163, -546, 278, 190, 346, 297, 419, 185, 
-146, -619, -473, 383, 163, -546, 278, 190, 341, 297, 419, 190, 
-136, -619, -483, 378, 173, -551, 278, 190, 331, 297, 419, 190, 
-136, -619, -483, 378, 173, -551, 278, 190, 331, 297, 419, 190, 
-136, -619, -483, 378, 173, -551, 278, 185, 331, 297, 419, 190, 
-136, -624, -488, 380, 175, -556, 278, 185, 331, 297, 419, 190, 
-146, -634, -488, 390, 170, -561, 278, 180, 331, 292, 419, 190, 
-146, -634, -488, 390, 170, -561, 278, 180, 331, 292, 419, 190, 
-151, -634, -483, 392, 165, -558, 278, 180, 331, 287, 419, 190, 
-151, -634, -483, 392, 165, -558, 278, 180, 331, 287, 419, 190, 
-151, -644, -492, 397, 170, -568, 278, 180, 331, 287, 424, 190, 
-151, -644, -492, 397, 170, -568, 278, 175, 326, 287, 424, 190, 
-151, -644, -492, 397, 170, -568, 278, 175, 326, 287, 424, 190, 
-151, -644, -492, 397, 170, -568, 278, 175, 326, 287, 419, 190, 
-151, -653, -502, 402, 175, -578, 273, 180, 326, 283, 419, 190, 
-151, -653, -502, 402, 175, -578, 273, 180, 326, 283, 419, 190, 
-151, -649, -497, 400, 173, -573, 273, 175, 326, 287, 419, 190, 
-151, -649, -497, 400, 173, -573, 273, 175, 326, 287, 419, 190, 
-151, -649, -497, 400, 173, -573, 273, 180, 326, 297, 419, 200, 
-151, -649, -497, 400, 173, -573, 278, 180, 326, 297, 424, 200, 
-151, -649, -497, 400, 173, -573, 278, 180, 326, 297, 424, 200, 
-151, -649, -497, 400, 173, -573, 278, 180, 326, 297, 419, 200, 
-141, -649, -507, 395, 183, -578, 278, 185, 331, 287, 419, 200, 
-141, -653, -512, 397, 185, -583, 278, 180, 331, 287, 419, 200, 
-141, -653, -512, 397, 185, -583, 273, 180, 336, 287, 424, 200, 
-141, -653, -512, 397, 185, -583, 273, 180, 336, 283, 424, 200, 
-141, -668, -527, 405, 192, -597, 273, 180, 326, 292, 424, 200, 
-141, -668, -527, 405, 192, -597, 273, 180, 326, 292, 424, 200, 
-141, -663, -522, 402, 190, -592, 273, 180, 326, 297, 424, 200, 
-141, -663, -522, 402, 190, -592, 278, 180, 326, 297, 424, 200, 
-151, -668, -517, 409, 183, -592, 287, 180, 326, 297, 434, 200, 
-151, -668, -517, 409, 183, -592, 287, 180, 326, 292, 429, 200, 
-151, -668, -517, 409, 183, -592, 287, 180, 322, 292, 429, 200, 
-156, -668, -512, 412, 178, -590, 287, 180, 322, 292, 429, 200, 
-146, -668, -522, 407, 187, -595, 283, 180, 322, 292, 429, 200, 
-141, -673, -531, 407, 195, -602, 283, 180, 326, 292, 429, 200, 
-141, -678, -536, 409, 197, -607, 283, 180, 326, 292, 429, 200, 
-141, -683, -541, 412, 200, -612, 283, 180, 326, 292, 429, 200, 
-141, -683, -541, 412, 200, -612, 283, 180, 331, 292, 429, 200, 
-141, -683, -541, 412, 200, -612, 283, 180, 331, 297, 429, 200, 
-141, -683, -541, 412, 200, -612, 287, 180, 326, 297, 429, 200, 
-146, -683, -536, 414, 195, -610, 287, 180, 326, 292, 429, 200, 
-146, -683, -536, 414, 195, -610, 283, 185, 326, 292, 429, 209, 
-141, -683, -541, 412, 200, -612, 283, 185, 326, 292, 429, 209, 
-141, -683, -541, 412, 200, -612, 283, 185, 326, 292, 429, 209, 
-141, -683, -541, 412, 200, -612, 287, 185, 326, 292, 429, 209, 
-146, -683, -536, 414, 195, -610, 287, 180, 326, 292, 429, 209, 
-146, -683, -536, 414, 195, -610, 287, 180, 326, 292, 429, 209, 
-146, -683, -536, 414, 195, -610, 287, 175, 326, 292, 429, 209, 
-146, -688, -541, 417, 197, -614, 287, 175, 326, 292, 429, 209, 
-146, -697, -551, 422, 202, -624, 287, 185, 331, 292, 429, 209, 
-146, -692, -546, 419, 200, -619, 287, 185, 331, 292, 434, 209, 
-146, -692, -546, 419, 200, -619, 287, 185, 331, 297, 434, 209, 
-151, -697, -546, 424, 197, -622, 287, 185, 331, 297, 434, 209, 
-141, -688, -546, 414, 202, -617, 297, 175, 336, 302, 434, 209, 
-136, -688, -551, 412, 207, -619, 297, 175, 336, 302, 434, 209, 
-136, -688, -551, 412, 207, -619, 297, 175, 336, 302, 434, 209, 
-136, -692, -556, 414, 209, -624, 297, 175, 336, 307, 434, 209, 
-146, -692, -546, 419, 200, -619, 297, 185, 336, 307, 434, 219, 
-146, -692, -546, 419, 200, -619, 297, 185, 336, 302, 434, 219, 
-146, -692, -546, 419, 200, -619, 297, 185, 336, 302, 434, 219, 
-146, -692, -546, 419, 200, -619, 297, 185, 336, 302, 434, 219, 
-146, -702, -556, 424, 204, -629, 297, 185, 341, 312, 434, 219, 
-146, -702, -556, 424, 204, -629, 297, 185, 341, 312, 434, 219, 
-146, -702, -556, 424, 204, -629, 297, 185, 341, 312, 434, 219, 
-146, -702, -556, 424, 204, -629, 297, 185, 341, 312, 434, 219, 
-146, -712, -566, 429, 209, -639, 297, 185, 336, 302, 444, 219, 
-146, -707, -561, 427, 207, -634, 297, 185, 336, 302, 444, 219, 
-146, -707, -561, 427, 207, -634, 297, 185, 336, 302, 444, 219, 
-146, -712, -566, 429, 209, -639, 297, 185, 336, 302, 444, 224, 
-151, -712, -561, 431, 204, -636, 307, 190, 336, 302, 439, 214, 
-151, -707, -556, 429, 202, -631, 307, 190, 336, 302, 439, 214, 
-146, -707, -561, 427, 207, -634, 307, 190, 336, 302, 439, 214, 
-146, -707, -561, 427, 207, -634, 307, 190, 341, 302, 439, 214, 
-146, -707, -561, 427, 207, -634, 307, 190, 351, 307, 448, 214, 
-146, -712, -566, 429, 209, -639, 307, 190, 356, 307, 448, 219, 
-146, -712, -566, 429, 209, -639, 312, 190, 356, 307, 453, 219, 
-146, -707, -561, 427, 207, -634, 312, 190, 351, 312, 458, 219, 
-146, -712, -566, 429, 209, -639, 312, 190, 351, 312, 458, 219, 
-146, -702, -556, 424, 204, -629, 312, 190, 351, 312, 458, 224, 
-146, -702, -556, 424, 204, -629, 317, 195, 356, 312, 463, 224, 
-146, -697, -551, 422, 202, -624, 322, 195, 361, 312, 468, 229, 
-136, -683, -546, 409, 204, -614, 322, 185, 361, 326, 458, 229, 
-136, -683, -546, 409, 204, -614, 326, 185, 361, 336, 458, 229, 
-131, -683, -551, 407, 209, -617, 331, 195, 370, 336, 463, 229, 
-131, -683, -551, 407, 209, -617, 331, 204, 370, 341, 463, 234, 
-122, -673, -551, 397, 214, -612, 331, 204, 380, 341, 473, 244, 
-126, -673, -546, 400, 209, -610, 331, 204, 385, 341, 473, 244, 
-126, -673, -546, 400, 209, -610, 336, 204, 385, 341, 468, 248, 
-122, -673, -551, 397, 214, -612, 346, 209, 385, 341, 468, 248, 
-126, -678, -551, 402, 212, -614, 356, 214, 390, 341, 473, 248, 
-126, -678, -551, 402, 212, -614, 351, 219, 390, 341, 478, 248, 
-117, -673, -556, 395, 219, -614, 351, 224, 390, 341, 483, 244, 
-112, -673, -561, 392, 224, -617, 351, 229, 390, 336, 488, 244, 
-112, -668, -556, 390, 222, -612, 356, 248, 409, 356, 492, 253, 
-112, -658, -546, 385, 217, -602, 356, 248, 414, 361, 502, 263, 
-112, -663, -551, 387, 219, -607, 356, 239, 414, 370, 502, 258, 
-102, -658, -556, 380, 226, -607, 351, 244, 414, 366, 492, 253, 
-97, -663, -566, 380, 234, -614, 341, 234, 409, 361, 488, 253, 
-97, -663, -566, 380, 234, -614, 336, 224, 409, 351, 497, 253, 
-97, -663, -566, 380, 234, -614, 331, 224, 409, 351, 497, 253, 
-97, -663, -566, 380, 234, -614, 326, 224, 409, 351, 497, 253, 
-97, -663, -566, 380, 234, -614, 322, 224, 409, 351, 497, 253, 
-107, -668, -561, 387, 226, -614, 317, 219, 400, 351, 488, 244, 
-107, -673, -566, 390, 229, -619, 312, 214, 400, 351, 488, 244, 
-107, -678, -570, 392, 231, -624, 307, 209, 400, 351, 488, 244, 
-107, -683, -575, 395, 234, -629, 302, 204, 400, 351, 488, 244, 
-107, -688, -580, 397, 236, -634, 302, 204, 395, 351, 488, 253, 
-107, -692, -585, 400, 239, -639, 302, 204, 390, 351, 488, 253, 
-107, -697, -590, 402, 241, -644, 302, 204, 385, 351, 488, 253, 
-107, -702, -595, 405, 244, -649, 302, 204, 380, 351, 488, 253, 
-117, -712, -595, 414, 239, -653, 292, 204, 370, 341, 478, 244, 
-117, -712, -595, 414, 239, -653, 292, 204, 370, 341, 478, 244, 
-117, -712, -595, 414, 239, -653, 292, 204, 370, 341, 478, 244, 
-117, -712, -595, 414, 239, -653, 292, 204, 370, 341, 478, 244, 
-117, -717, -600, 417, 241, -658, 302, 200, 361, 331, 478, 244, 
-117, -722, -605, 419, 244, -663, 302, 195, 361, 331, 478, 244, 
-117, -727, -610, 422, 246, -668, 302, 190, 361, 331, 478, 244, 
-117, -732, -614, 424, 248, -673, 302, 185, 361, 331, 478, 244, 
-107, -741, -634, 424, 263, -688, 302, 185, 356, 322, 478, 244, 
-107, -741, -634, 424, 263, -688, 302, 185, 351, 322, 478, 244, 
-107, -741, -634, 424, 263, -688, 302, 185, 346, 322, 478, 244, 
-107, -741, -634, 424, 263, -688, 302, 185, 341, 322, 478, 244, 
-107, -732, -624, 419, 258, -678, 292, 175, 341, 322, 468, 253, 
-107, -732, -624, 419, 258, -678, 292, 175, 341, 322, 468, 253, 
-107, -732, -624, 419, 258, -678, 292, 175, 341, 322, 468, 253, 
-107, -732, -624, 419, 258, -678, 292, 175, 341, 322, 468, 253, 
-107, -722, -614, 414, 253, -668, 292, 175, 351, 322, 478, 253, 
-107, -722, -614, 414, 253, -668, 292, 175, 351, 322, 478, 253, 
-107, -722, -614, 414, 253, -668, 292, 175, 351, 322, 478, 253, 
-107, -722, -614, 414, 253, -668, 292, 175, 351, 322, 478, 253, 
-107, -732, -624, 419, 258, -678, 297, 185, 351, 322, 478, 263, 
-107, -732, -624, 419, 258, -678, 302, 185, 351, 322, 478, 263, 
-107, -732, -624, 419, 258, -678, 307, 185, 351, 322, 478, 263, 
-107, -732, -624, 419, 258, -678, 312, 185, 351, 322, 478, 263, 
-107, -732, -624, 419, 258, -678, 317, 195, 361, 331, 488, 263, 
-107, -732, -624, 419, 258, -678, 322, 195, 361, 331, 488, 263, 
-107, -732, -624, 419, 258, -678, 326, 195, 361, 331, 488, 263, 
-107, -732, -624, 419, 258, -678, 331, 195, 361, 331, 488, 263, 
-102, -741, -639, 422, 268, -690, 322, 204, 361, 331, 478, 263, 
-97, -741, -644, 419, 273, -692, 322, 204, 361, 331, 478, 263, 
-92, -741, -649, 417, 278, -695, 322, 204, 361, 331, 478, 263, 
-87, -741, -653, 414, 283, -697, 322, 204, 361, 331, 478, 263, 
-97, -756, -658, 427, 280, -707, 331, 195, 351, 322, 478, 263, 
-97, -761, -663, 429, 283, -712, 326, 195, 341, 322, 478, 263, 
-97, -766, -668, 431, 285, -717, 326, 195, 341, 322, 478, 263, 
-97, -771, -673, 434, 287, -722, 326, 195, 341, 322, 473, 258, 
-102, -780, -678, 441, 287, -729, 326, 190, 351, 312, 473, 248, 
-102, -780, -678, 441, 287, -729, 326, 190, 356, 312, 478, 253, 
-107, -775, -668, 441, 280, -722, 326, 190, 361, 317, 478, 253, 
-117, -775, -658, 446, 270, -717, 331, 190, 361, 317, 483, 253, 
-117, -775, -658, 446, 270, -717, 326, 204, 370, 322, 483, 253, 
-112, -775, -663, 444, 275, -719, 331, 204, 380, 322, 483, 253, 
-112, -771, -658, 441, 273, -714, 331, 204, 370, 322, 473, 253, 
-112, -771, -658, 441, 273, -714, 336, 204, 370, 322, 473, 244, 
-112, -775, -663, 444, 275, -719, 341, 214, 370, 331, 483, 253, 
-117, -775, -658, 446, 270, -717, 341, 214, 370, 326, 483, 253, 
-117, -775, -658, 446, 270, -717, 336, 214, 370, 326, 478, 248, 
-112, -775, -663, 444, 275, -719, 336, 214, 370, 326, 478, 248, 
-112, -775, -663, 444, 275, -719, 336, 214, 370, 322, 478, 244, 
-117, -780, -663, 448, 273, -722, 341, 214, 370, 322, 478, 244, 
-122, -785, -663, 453, 270, -724, 346, 214, 370, 317, 473, 239, 
-122, -785, -663, 453, 270, -724, 351, 214, 366, 317, 473, 239, 
-117, -790, -673, 453, 278, -732, 346, 214, 366, 326, 488, 248, 
-117, -790, -673, 453, 278, -732, 346, 214, 366, 326, 488, 248, 
-117, -790, -673, 453, 278, -732, 346, 214, 366, 326, 488, 248, 
-117, -790, -673, 453, 278, -732, 346, 214, 361, 326, 488, 248, 
-112, -800, -688, 456, 287, -744, 356, 214, 361, 331, 483, 248, 
-112, -800, -688, 456, 287, -744, 351, 214, 361, 331, 483, 248, 
-112, -800, -688, 456, 287, -744, 351, 214, 361, 331, 483, 244, 
-112, -795, -683, 453, 285, -739, 351, 214, 366, 326, 478, 244, 
-112, -795, -683, 453, 285, -739, 351, 224, 366, 326, 488, 253, 
-112, -795, -683, 453, 285, -739, 351, 224, 366, 326, 488, 253, 
-112, -795, -683, 453, 285, -739, 351, 224, 361, 326, 488, 253, 
-112, -795, -683, 453, 285, -739, 351, 224, 361, 326, 488, 253, 
-117, -800, -683, 458, 283, -741, 351, 219, 375, 336, 488, 258, 
-117, -805, -688, 461, 285, -746, 351, 219, 375, 336, 488, 258, 
-112, -766, -653, 439, 270, -710, 351, 214, 370, 336, 478, 253, 
-112, -771, -658, 441, 273, -714, 351, 214, 370, 336, 478, 253, 
-112, -785, -673, 448, 280, -729, 341, 214, 370, 336, 488, 253, 
-112, -790, -678, 451, 283, -734, 341, 214, 370, 336, 488, 253, 
-112, -795, -683, 453, 285, -739, 346, 214, 370, 331, 488, 253, 
-112, -800, -688, 456, 287, -744, 346, 214, 370, 331, 488, 253, 
-112, -805, -692, 458, 290, -749, 351, 214, 380, 331, 488, 263, 
-112, -805, -692, 458, 290, -749, 351, 214, 380, 331, 488, 263, 
-112, -805, -692, 458, 290, -749, 351, 214, 380, 331, 488, 263, 
-112, -810, -697, 461, 292, -753, 351, 214, 380, 331, 488, 263, 
-112, -810, -697, 461, 292, -753, 361, 214, 370, 331, 488, 258, 
-112, -810, -697, 461, 292, -753, 361, 214, 370, 331, 488, 258, 
-117, -810, -692, 463, 287, -751, 361, 214, 370, 331, 488, 253, 
-117, -810, -692, 463, 287, -751, 361, 214, 370, 331, 488, 253, 
-126, -819, -692, 473, 283, -756, 361, 214, 375, 341, 488, 258, 
-126, -819, -692, 473, 283, -756, 361, 214, 375, 341, 483, 258, 
-126, -814, -688, 470, 280, -751, 361, 214, 375, 341, 483, 258, 
-126, -814, -688, 470, 280, -751, 361, 209, 375, 341, 483, 258, 
-126, -814, -688, 470, 280, -751, 361, 219, 380, 341, 492, 258, 
-122, -814, -692, 468, 285, -753, 361, 219, 380, 341, 492, 258, 
-122, -814, -692, 468, 285, -753, 361, 219, 380, 336, 492, 258, 
-122, -814, -692, 468, 285, -753, 356, 219, 380, 336, 492, 258, 
-131, -824, -692, 478, 280, -758, 366, 219, 390, 346, 492, 268, 
-131, -824, -692, 478, 280, -758, 366, 219, 390, 346, 492, 268, 
-131, -824, -692, 478, 280, -758, 366, 219, 385, 346, 492, 268, 
-131, -824, -692, 478, 280, -758, 366, 219, 385, 346, 492, 263, 
-122, -814, -692, 468, 285, -753, 361, 224, 385, 346, 492, 268, 
-122, -814, -692, 468, 285, -753, 361, 224, 385, 346, 497, 268, 
-122, -814, -692, 468, 285, -753, 361, 219, 385, 346, 497, 268, 
-122, -814, -692, 468, 285, -753, 361, 219, 385, 346, 497, 268, 
-122, -814, -692, 468, 285, -753, 370, 219, 385, 346, 497, 273, 
-122, -814, -692, 468, 285, -753, 370, 219, 390, 351, 497, 273, 
-122, -814, -692, 468, 285, -753, 370, 219, 395, 351, 497, 278, 
-122, -810, -688, 466, 283, -749, 370, 219, 395, 351, 497, 278, 
-122, -819, -697, 470, 287, -758, 361, 219, 395, 341, 507, 268, 
-122, -819, -697, 470, 287, -758, 361, 219, 395, 346, 507, 268, 
-122, -819, -697, 470, 287, -758, 361, 224, 400, 346, 507, 268, 
-122, -819, -697, 470, 287, -758, 361, 224, 400, 346, 502, 268, 
-117, -824, -707, 470, 295, -766, 361, 224, 395, 346, 512, 278, 
-117, -824, -707, 470, 295, -766, 361, 224, 395, 346, 512, 278, 
-117, -824, -707, 470, 295, -766, 361, 224, 395, 346, 512, 273, 
-117, -824, -707, 470, 295, -766, 361, 224, 395, 351, 512, 273, 
-117, -819, -702, 468, 292, -761, 375, 234, 395, 351, 502, 283, 
-117, -819, -702, 468, 292, -761, 375, 234, 395, 351, 507, 283, 
-117, -819, -702, 468, 292, -761, 370, 234, 400, 356, 507, 283, 
-117, -819, -702, 468, 292, -761, 370, 234, 400, 356, 507, 287, 
-107, -819, -712, 463, 302, -766, 370, 234, 405, 366, 517, 278, 
-107, -819, -712, 463, 302, -766, 370, 234, 405, 366, 517, 283, 
-107, -814, -707, 461, 300, -761, 375, 234, 419, 366, 517, 283, 
-107, -814, -707, 461, 300, -761, 380, 239, 419, 366, 512, 278, 
-117, -810, -692, 463, 287, -751, 385, 244, 429, 370, 512, 268, 
-151, -819, -668, 485, 258, -744, 405, 253, 439, 370, 502, 263, 
-170, -819, -649, 495, 239, -734, 414, 258, 453, 361, 478, 248, 
-185, -814, -629, 500, 222, -722, 434, 278, 473, 375, 478, 248, 
-195, -805, -610, 500, 207, -707, 444, 302, 512, 400, 492, 244, 
-204, -810, -605, 507, 200, -707, 463, 322, 536, 424, 492, 229, 
-214, -805, -590, 509, 187, -697, 473, 336, 541, 429, 502, 219, 
-214, -785, -570, 500, 178, -678, 478, 351, 561, 453, 527, 234, 
-195, -761, -566, 478, 185, -663, 478, 366, 590, 502, 585, 263, 
-165, -722, -556, 444, 195, -639, 458, 385, 644, 580, 658, 312, 
-141, -673, -531, 407, 195, -602, 439, 400, 697, 668, 756, 375, 
-102, -624, -522, 363, 209, -573, 409, 424, 741, 761, 854, 458, 
-39, -590, -551, 314, 256, -570, 366, 419, 766, 834, 956, 536, 
43, -556, -600, 256, 322, -578, 322, 444, 766, 873, 1058, 629, 
156, -536, -692, 190, 424, -614, 287, 473, 746, 897, 1156, 712, 
263, -522, -785, 129, 524, -653, 239, 497, 712, 907, 1259, 819, 
400, -483, -883, 41, 641, -683, 180, 507, 683, 932, 1371, 956, 
536, -439, -976, -48, 756, -707, 131, 551, 692, 961, 1488, 1073, 
658, -395, -1054, -131, 856, -724, 97, 605, 746, 1010, 1571, 1161, 
751, -351, -1102, -200, 927, -727, 68, 619, 819, 1083, 1654, 1244, 
834, -326, -1161, -253, 997, -744, 24, 570, 854, 1122, 1727, 1327, 
893, -322, -1215, -285, 1054, -768, -48, 463, 829, 1073, 1703, 1376, 
932, -331, -1263, -300, 1098, -797, -102, 356, 766, 941, 1556, 1356, 
941, -356, -1298, -292, 1119, -827, -136, 253, 673, 785, 1351, 1298, 
907, -385, -1293, -261, 1100, -839, -165, 102, 580, 663, 1185, 1234, 
824, -405, -1229, -209, 1027, -817, -165, -73, 507, 610, 1083, 1171, 
683, -414, -1098, -134, 890, -756, -117, -239, 429, 536, 1000, 1102, 
497, -439, -936, -29, 717, -688, -43, -331, 326, 448, 902, 1015, 
317, -483, -800, 82, 558, -641, 29, -361, 224, 356, 771, 902, 
122, -561, -683, 219, 402, -622, 136, -331, 117, 239, 624, 741, 
-58, -668, -610, 363, 275, -639, 273, -214, 43, 126, 483, 575, 
-200, -751, -551, 475, 175, -651, 395, -68, 19, 63, 370, 444, 
-297, -819, -522, 558, 112, -671, 507, 63, 24, 24, 297, 346, 
-322, -893, -570, 607, 124, -732, 595, 161, 9, -14, 248, 273, 
-312, -936, -624, 624, 156, -780, 653, 248, -9, -24, 239, 229, 
-287, -976, -688, 631, 200, -832, 653, 312, 0, -4, 234, 190, 
-283, -1005, -722, 644, 219, -863, 624, 331, 14, 14, 244, 165, 
-268, -1015, -746, 641, 239, -880, 590, 341, 48, 39, 268, 175, 
-239, -995, -756, 617, 258, -875, 575, 390, 112, 82, 297, 185, 
-204, -985, -780, 595, 287, -883, 556, 439, 161, 136, 341, 190, 
-190, -980, -790, 585, 300, -885, 531, 458, 219, 200, 380, 209, 
-170, -951, -780, 561, 305, -866, 527, 478, 273, 244, 424, 219, 
-156, -922, -766, 539, 305, -844, 527, 497, 331, 292, 458, 244, 
-131, -897, -766, 514, 317, -832, 512, 488, 366, 326, 488, 268, 
-126, -873, -746, 500, 309, -810, 502, 453, 385, 341, 492, 278, 
-117, -868, -751, 492, 317, -810, 492, 429, 395, 341, 497, 292, 
-112, -863, -751, 488, 319, -807, 483, 409, 405, 341, 497, 297, 
-102, -858, -756, 480, 326, -807, 473, 390, 390, 341, 492, 297, 
-112, -858, -746, 485, 317, -802, 458, 370, 390, 336, 488, 287, 
-102, -858, -756, 480, 326, -807, 434, 356, 405, 346, 507, 292, 
-102, -868, -766, 485, 331, -817, 414, 346, 414, 361, 517, 287, 
-112, -868, -756, 490, 322, -812, 400, 317, 419, 366, 522, 292, 
-112, -868, -756, 490, 322, -812, 395, 307, 429, 366, 531, 292, 
-107, -868, -761, 488, 326, -814, 400, 292, 434, 375, 531, 292, 
-102, -858, -756, 480, 326, -807, 390, 287, 424, 375, 531, 292, 
-102, -858, -756, 480, 326, -807, 395, 287, 429, 375, 536, 302, 
-97, -858, -761, 478, 331, -810, 395, 292, 429, 375, 531, 302, 
-97, -858, -761, 478, 331, -810, 395, 292, 429, 370, 527, 302, 
-107, -858, -751, 483, 322, -805, 395, 297, 434, 370, 527, 292, 
-107, -863, -756, 485, 324, -810, 390, 297, 434, 370, 527, 292, 
-112, -868, -756, 490, 322, -812, 390, 297, 434, 370, 522, 287, 
-112, -868, -756, 490, 322, -812, 390, 297, 434, 380, 522, 287, 
-102, -868, -766, 485, 331, -817, 400, 292, 429, 370, 531, 292, 
-102, -868, -766, 485, 331, -817, 400, 287, 434, 370, 531, 292, 
-102, -863, -761, 483, 329, -812, 390, 287, 434, 375, 531, 297, 
-102, -863, -761, 483, 329, -812, 390, 287, 434, 375, 536, 297, 
-102, -868, -766, 485, 331, -817, 390, 287, 434, 375, 536, 307, 
-102, -868, -766, 485, 331, -817, 395, 287, 434, 375, 531, 307, 
-107, -868, -761, 488, 326, -814, 395, 283, 429, 375, 531, 302, 
-107, -878, -771, 492, 331, -824, 395, 283, 429, 370, 531, 302, 
-102, -873, -771, 488, 334, -822, 395, 287, 429, 380, 531, 302, 
-102, -868, -766, 485, 331, -817, 395, 287, 429, 380, 531, 307, 
-107, -863, -756, 485, 324, -810, 390, 287, 429, 385, 536, 307, 
-107, -863, -756, 485, 324, -810, 390, 287, 429, 385, 536, 307, 
-102, -873, -771, 488, 334, -822, 390, 287, 439, 385, 541, 312, 
-102, -873, -771, 488, 334, -822, 390, 287, 439, 380, 541, 312, 
-102, -873, -771, 488, 334, -822, 390, 283, 439, 370, 541, 312, 
-102, -873, -771, 488, 334, -822, 390, 283, 439, 366, 541, 307, 
-102, -863, -761, 483, 329, -812, 390, 292, 429, 370, 541, 317, 
-102, -863, -761, 483, 329, -812, 390, 292, 429, 375, 541, 322, 
-102, -863, -761, 483, 329, -812, 390, 292, 434, 380, 536, 322, 
-107, -863, -756, 485, 324, -810, 390, 292, 434, 385, 536, 317, 
-107, -863, -756, 485, 324, -810, 385, 287, 429, 380, 536, 307, 
-97, -863, -766, 480, 334, -814, 385, 287, 429, 380, 536, 307, 
-97, -858, -761, 478, 331, -810, 385, 283, 434, 380, 536, 307, 
-97, -858, -761, 478, 331, -810, 390, 283, 434, 380, 536, 307, 
-92, -858, -766, 475, 336, -812, 390, 287, 434, 370, 536, 317, 
-87, -858, -771, 473, 341, -814, 390, 287, 434, 370, 536, 317, 
-87, -858, -771, 473, 341, -814, 390, 287, 434, 370, 541, 317, 
-87, -863, -775, 475, 344, -819, 390, 287, 434, 375, 541, 317, 
-102, -873, -771, 488, 334, -822, 390, 297, 444, 375, 551, 331, 
-102, -868, -766, 485, 331, -817, 385, 297, 444, 375, 556, 331, 
-102, -868, -766, 485, 331, -817, 385, 297, 448, 375, 556, 326, 
-102, -868, -766, 485, 331, -817, 385, 297, 448, 380, 556, 326, 
-92, -868, -775, 480, 341, -822, 385, 297, 444, 390, 556, 326, 
-92, -868, -775, 480, 341, -822, 385, 297, 444, 390, 561, 326, 
-92, -868, -775, 480, 341, -822, 385, 297, 444, 390, 561, 326, 
-87, -868, -780, 478, 346, -824, 385, 297, 444, 390, 561, 331, 
-87, -868, -780, 478, 346, -824, 385, 297, 448, 385, 556, 322, 
-87, -868, -780, 478, 346, -824, 385, 302, 448, 385, 556, 326, 
-87, -868, -780, 478, 346, -824, 385, 302, 448, 390, 556, 336, 
-87, -868, -780, 478, 346, -824, 385, 302, 444, 395, 561, 336, 
-78, -858, -780, 468, 351, -819, 380, 307, 453, 395, 561, 326, 
-78, -858, -780, 468, 351, -819, 380, 312, 453, 400, 566, 331, 
-78, -858, -780, 468, 351, -819, 380, 312, 453, 400, 566, 336, 
-73, -858, -785, 466, 356, -822, 380, 317, 453, 400, 566, 336, 
-73, -854, -780, 463, 353, -817, 380, 317, 453, 400, 570, 346, 
-73, -854, -780, 463, 353, -817, 380, 317, 453, 400, 575, 346, 
-73, -854, -780, 463, 353, -817, 380, 317, 458, 405, 580, 351, 
-73, -854, -780, 463, 353, -817, 380, 322, 463, 414, 595, 351, 
-73, -854, -780, 463, 353, -817, 380, 326, 468, 414, 595, 356, 
-73, -858, -785, 466, 356, -822, 380, 326, 468, 414, 595, 356, 
-73, -858, -785, 466, 356, -822, 380, 336, 468, 414, 595, 356, 
-68, -854, -785, 461, 358, -819, 380, 336, 478, 424, 595, 361, 
-68, -854, -785, 461, 358, -819, 380, 346, 478, 424, 600, 370, 
-68, -854, -785, 461, 358, -819, 375, 346, 473, 424, 605, 370, 
-58, -854, -795, 456, 368, -824, 375, 346, 473, 424, 605, 370, 
-53, -849, -795, 451, 370, -822, 375, 351, 473, 429, 610, 370, 
-39, -854, -814, 446, 387, -834, 375, 351, 478, 434, 614, 375, 
-39, -854, -814, 446, 387, -834, 375, 351, 478, 434, 614, 375, 
-39, -854, -814, 446, 387, -834, 375, 361, 478, 439, 619, 380, 
-34, -849, -814, 441, 390, -832, 370, 366, 488, 439, 624, 390, 
-24, -839, -814, 431, 395, -827, 356, 370, 497, 448, 639, 395, 
-19, -834, -814, 427, 397, -824, 356, 375, 507, 453, 644, 400, 
-19, -834, -814, 427, 397, -824, 356, 380, 512, 458, 653, 409, 
-19, -839, -819, 429, 400, -829, 351, 385, 512, 463, 658, 409, 
-9, -834, -824, 422, 407, -829, 361, 395, 512, 468, 663, 414, 
-4, -819, -814, 412, 405, -817, 356, 395, 512, 468, 668, 419, 
9, -805, -814, 397, 412, -810, 356, 400, 512, 473, 673, 424, 
19, -800, -819, 390, 419, -810, 356, 405, 522, 483, 678, 429, 
24, -800, -824, 387, 424, -812, 361, 414, 527, 497, 688, 434, 
29, -800, -829, 385, 429, -814, 356, 424, 531, 502, 697, 444, 
39, -800, -839, 380, 439, -819, 351, 429, 531, 502, 702, 448, 
43, -800, -844, 378, 444, -822, 341, 429, 536, 507, 707, 458, 
53, -785, -839, 366, 446, -812, 336, 448, 551, 531, 722, 478, 
58, -780, -839, 361, 448, -810, 331, 453, 551, 536, 736, 488, 
73, -780, -854, 353, 463, -817, 326, 458, 561, 536, 751, 492, 
78, -771, -849, 346, 463, -810, 326, 463, 561, 541, 766, 502, 
87, -761, -849, 336, 468, -805, 322, 468, 561, 551, 775, 502, 
102, -756, -858, 326, 480, -807, 317, 478, 570, 561, 790, 517, 
117, -756, -873, 319, 495, -814, 312, 492, 575, 575, 805, 527, 
126, -751, -878, 312, 502, -814, 307, 502, 585, 585, 810, 536, 
131, -746, -878, 307, 505, -812, 297, 507, 600, 590, 824, 551, 
141, -732, -873, 295, 507, -802, 287, 502, 600, 595, 839, 561, 
156, -727, -883, 285, 519, -805, 283, 502, 605, 600, 854, 566, 
165, -722, -888, 278, 527, -805, 278, 497, 605, 605, 863, 575, 
170, -702, -873, 265, 522, -788, 273, 507, 614, 624, 888, 595, 
180, -692, -873, 256, 527, -783, 263, 517, 619, 634, 902, 619, 
190, -683, -873, 246, 531, -778, 258, 522, 624, 644, 917, 639, 
200, -683, -883, 241, 541, -783, 253, 527, 629, 653, 932, 644, 
219, -688, -907, 234, 563, -797, 239, 522, 624, 653, 932, 644, 
229, -678, -907, 224, 568, -793, 234, 527, 634, 663, 941, 653, 
239, -673, -912, 217, 575, -793, 229, 531, 639, 663, 941, 663, 
253, -668, -922, 207, 588, -795, 224, 536, 644, 668, 951, 673, 
268, -663, -932, 197, 600, -797, 224, 531, 644, 678, 971, 692, 
278, -653, -932, 187, 605, -793, 214, 531, 644, 688, 985, 707, 
278, -639, -917, 180, 597, -778, 200, 527, 639, 688, 995, 707, 
283, -634, -917, 175, 600, -775, 200, 527, 639, 688, 1000, 717, 
292, -634, -927, 170, 610, -780, 200, 527, 629, 692, 995, 722, 
297, -629, -927, 165, 612, -778, 195, 522, 634, 692, 1005, 727, 
302, -629, -932, 163, 617, -780, 190, 517, 639, 697, 1010, 727, 
302, -629, -932, 163, 617, -780, 190, 517, 639, 702, 1010, 732, 
302, -629, -932, 163, 617, -780, 185, 517, 644, 702, 1019, 736, 
302, -629, -932, 163, 617, -780, 180, 512, 644, 707, 1019, 736, 
302, -629, -932, 163, 617, -780, 175, 502, 644, 707, 1019, 736, 
302, -624, -927, 161, 614, -775, 170, 497, 644, 702, 1019, 732, 
302, -624, -927, 161, 614, -775, 170, 488, 649, 702, 1010, 736, 
302, -624, -927, 161, 614, -775, 170, 483, 649, 697, 1005, 736, 
297, -624, -922, 163, 610, -773, 170, 473, 644, 697, 1005, 736, 
292, -624, -917, 165, 605, -771, 175, 463, 644, 697, 995, 732, 
287, -639, -927, 175, 607, -783, 185, 448, 644, 683, 990, 717, 
283, -639, -922, 178, 602, -780, 190, 439, 644, 678, 976, 707, 
273, -644, -917, 185, 595, -780, 195, 429, 644, 673, 961, 692, 
258, -653, -912, 197, 585, -783, 195, 419, 639, 663, 951, 683, 
234, -658, -893, 212, 563, -775, 209, 414, 629, 653, 941, 668, 
219, -668, -888, 224, 553, -778, 214, 409, 624, 644, 927, 653, 
200, -688, -888, 244, 544, -788, 219, 395, 624, 639, 917, 639, 
185, -697, -883, 256, 534, -790, 229, 385, 619, 634, 897, 619, 
170, -702, -873, 265, 522, -788, 229, 375, 600, 614, 873, 605, 
161, -712, -873, 275, 517, -793, 234, 375, 590, 605, 854, 590, 
146, -717, -863, 285, 505, -790, 253, 370, 590, 595, 834, 575, 
131, -732, -863, 300, 497, -797, 263, 361, 585, 585, 819, 566, 
117, -741, -858, 312, 488, -800, 273, 351, 580, 575, 810, 546, 
107, -751, -858, 322, 483, -805, 278, 341, 570, 561, 795, 536, 
97, -761, -858, 331, 478, -810, 292, 336, 570, 551, 785, 522, 
82, -771, -854, 344, 468, -812, 292, 336, 566, 541, 775, 507, 
68, -780, -849, 356, 458, -814, 307, 331, 561, 536, 761, 502, 
53, -790, -844, 368, 448, -817, 307, 326, 556, 527, 751, 483, 
39, -800, -839, 380, 439, -819, 317, 322, 551, 512, 736, 473, 
34, -805, -839, 385, 436, -822, 326, 317, 541, 507, 722, 458, 
29, -805, -834, 387, 431, -819, 326, 307, 531, 502, 707, 448, 
19, -814, -834, 397, 427, -824, 326, 302, 527, 492, 697, 448, 
9, -814, -824, 402, 417, -819, 336, 297, 527, 488, 692, 448, 
4, -829, -834, 412, 419, -832, 336, 292, 527, 483, 688, 439, 
-4, -834, -829, 419, 412, -832, 346, 302, 522, 473, 678, 439, 
-14, -834, -819, 424, 402, -827, 346, 297, 517, 463, 673, 429, 
-24, -839, -814, 431, 395, -827, 351, 292, 507, 458, 663, 419, 
-29, -844, -814, 436, 392, -829, 351, 287, 507, 458, 653, 409, 
-34, -854, -819, 444, 392, -836, 366, 292, 502, 453, 644, 409, 
-48, -854, -805, 451, 378, -829, 370, 292, 502, 448, 634, 409, 
-48, -863, -814, 456, 383, -839, 375, 287, 502, 448, 629, 405, 
-48, -868, -819, 458, 385, -844, 380, 287, 502, 448, 629, 400, 
-53, -873, -819, 463, 383, -846, 385, 287, 512, 444, 634, 390, 
-53, -878, -824, 466, 385, -851, 390, 287, 507, 439, 629, 385, 
-58, -883, -824, 470, 383, -854, 395, 287, 507, 429, 629, 380, 
-63, -888, -824, 475, 380, -856, 400, 287, 507, 429, 629, 380, 
-68, -888, -819, 478, 375, -854, 390, 278, 497, 429, 624, 375, 
-73, -893, -819, 483, 373, -856, 400, 278, 497, 429, 619, 370, 
-73, -893, -819, 483, 373, -856, 400, 278, 497, 429, 614, 370, 
-78, -893, -814, 485, 368, -854, 409, 283, 497, 429, 614, 370, 
-68, -893, -824, 480, 378, -858, 405, 283, 497, 429, 605, 370, 
-78, -893, -814, 485, 368, -854, 405, 283, 502, 429, 605, 370, 
-78, -897, -819, 488, 370, -858, 405, 283, 502, 424, 605, 361, 
-78, -897, -819, 488, 370, -858, 405, 283, 497, 424, 600, 356, 
-78, -907, -829, 492, 375, -868, 414, 283, 497, 424, 600, 356, 
-78, -907, -829, 492, 375, -868, 414, 287, 497, 424, 600, 356, 
-78, -912, -834, 495, 378, -873, 414, 287, 492, 419, 595, 356, 
-78, -912, -834, 495, 378, -873, 414, 287, 492, 419, 595, 356, 
-87, -912, -824, 500, 368, -868, 414, 297, 502, 419, 600, 356, 
-87, -912, -824, 500, 368, -868, 419, 297, 507, 424, 600, 356, 
-87, -917, -829, 502, 370, -873, 419, 297, 507, 424, 600, 356, 
-87, -917, -829, 502, 370, -873, 419, 297, 507, 424, 600, 356, 
-97, -917, -819, 507, 361, -868, 429, 307, 507, 424, 590, 356, 
-97, -917, -819, 507, 361, -868, 429, 307, 507, 419, 590, 351, 
-97, -917, -819, 507, 361, -868, 429, 307, 507, 419, 590, 346, 
-97, -922, -824, 509, 363, -873, 429, 312, 507, 419, 590, 346, 
-97, -922, -824, 509, 363, -873, 429, 312, 517, 419, 590, 346, 
-97, -922, -824, 509, 363, -873, 434, 312, 517, 419, 590, 346, 
-102, -927, -824, 514, 361, -875, 434, 312, 517, 414, 585, 341, 
-102, -927, -824, 514, 361, -875, 439, 312, 517, 414, 585, 341, 
-102, -927, -824, 514, 361, -875, 434, 312, 522, 419, 585, 341, 
-102, -922, -819, 512, 358, -871, 434, 317, 522, 419, 580, 341, 
-102, -922, -819, 512, 358, -871, 434, 322, 522, 419, 580, 341, 
-112, -927, -814, 519, 351, -871, 439, 322, 522, 419, 580, 341, 
-112, -922, -810, 517, 348, -866, 448, 331, 527, 429, 580, 341, 
-107, -922, -814, 514, 353, -868, 453, 331, 531, 429, 585, 336, 
-102, -927, -824, 514, 361, -875, 453, 331, 531, 429, 585, 331, 
-97, -927, -829, 512, 366, -878, 453, 336, 531, 429, 585, 331, 
-102, -932, -829, 517, 363, -880, 453, 336, 522, 424, 580, 331, 
-107, -932, -824, 519, 358, -878, 453, 336, 527, 424, 580, 331, 
-112, -932, -819, 522, 353, -875, 453, 336, 531, 424, 580, 331, 
-117, -932, -814, 524, 348, -873, 458, 336, 531, 424, 580, 331, 
-117, -956, -839, 536, 361, -897, 463, 326, 546, 424, 585, 331, 
-117, -946, -829, 531, 356, -888, 463, 331, 546, 424, 585, 331, 
-112, -946, -834, 529, 361, -890, 463, 336, 546, 424, 585, 331, 
-112, -946, -834, 529, 361, -890, 463, 341, 546, 424, 585, 331, 
-112, -946, -834, 529, 361, -890, 463, 341, 551, 434, 575, 336, 
-117, -946, -829, 531, 356, -888, 463, 341, 551, 439, 575, 336, 
-117, -946, -829, 531, 356, -888, 463, 341, 551, 439, 575, 331, 
-122, -946, -824, 534, 351, -885, 463, 341, 556, 439, 575, 331, 
-112, -946, -834, 529, 361, -890, 463, 341, 551, 439, 575, 331, 
-112, -946, -834, 529, 361, -890, 463, 341, 551, 434, 575, 331, 
-112, -941, -829, 527, 358, -885, 463, 341, 551, 434, 575, 331, 
-112, -941, -829, 527, 358, -885, 468, 341, 551, 434, 575, 331, 
-122, -941, -819, 531, 348, -880, 468, 341, 556, 439, 580, 341, 
-122, -941, -819, 531, 348, -880, 468, 341, 556, 439, 580, 341, 
-122, -941, -819, 531, 348, -880, 468, 341, 561, 444, 580, 341, 
-122, -941, -819, 531, 348, -880, 468, 346, 561, 444, 580, 341, 
-122, -941, -819, 531, 348, -880, 468, 346, 561, 444, 590, 341, 
-122, -941, -819, 531, 348, -880, 468, 346, 561, 444, 590, 346, 
-122, -941, -819, 531, 348, -880, 468, 341, 561, 444, 590, 346, 
-117, -941, -824, 529, 353, -883, 468, 341, 561, 444, 595, 346, 
-117, -941, -824, 529, 353, -883, 468, 341, 556, 448, 595, 346, 
-117, -941, -824, 529, 353, -883, 463, 336, 556, 448, 595, 346, 
-117, -941, -824, 529, 353, -883, 463, 336, 556, 448, 595, 346, 
-122, -941, -819, 531, 348, -880, 463, 341, 556, 448, 595, 346, 
-122, -951, -829, 536, 353, -890, 463, 341, 556, 448, 605, 346, 
-122, -951, -829, 536, 353, -890, 463, 341, 556, 448, 605, 346, 
-117, -951, -834, 534, 358, -893, 463, 341, 556, 444, 610, 346, 
-117, -946, -829, 531, 356, -888, 468, 341, 556, 444, 610, 351, 
-117, -956, -839, 536, 361, -897, 478, 341, 556, 453, 614, 356, 
-122, -961, -839, 541, 358, -900, 473, 341, 556, 453, 614, 356, 
-122, -961, -839, 541, 358, -900, 473, 341, 561, 453, 614, 356, 
-122, -961, -839, 541, 358, -900, 473, 341, 561, 458, 614, 356, 
-122, -951, -829, 536, 353, -890, 463, 341, 561, 458, 614, 356, 
-122, -951, -829, 536, 353, -890, 463, 341, 561, 458, 619, 356, 
-122, -951, -829, 536, 353, -890, 463, 341, 561, 458, 619, 356, 
-117, -951, -834, 534, 358, -893, 463, 341, 561, 458, 614, 356, 
-107, -951, -844, 529, 368, -897, 463, 336, 561, 453, 624, 366, 
-107, -951, -844, 529, 368, -897, 463, 336, 561, 453, 624, 361, 
-97, -951, -854, 524, 378, -902, 463, 336, 561, 453, 624, 361, 
-97, -951, -854, 524, 378, -902, 463, 336, 556, 453, 624, 366, 
-107, -951, -844, 529, 368, -897, 453, 336, 546, 453, 624, 366, 
-107, -951, -844, 529, 368, -897, 453, 336, 546, 453, 624, 366, 
-107, -951, -844, 529, 368, -897, 453, 331, 546, 453, 624, 366, 
-107, -956, -849, 531, 370, -902, 453, 331, 546, 453, 624, 366, 
-107, -956, -849, 531, 370, -902, 463, 336, 546, 448, 624, 366, 
-107, -956, -849, 531, 370, -902, 463, 336, 546, 448, 624, 366, 
-112, -956, -844, 534, 366, -900, 463, 336, 546, 444, 624, 366, 
-112, -956, -844, 534, 366, -900, 463, 336, 546, 444, 624, 366, 
-112, -966, -854, 539, 370, -910, 463, 326, 536, 444, 619, 366, 
-112, -966, -854, 539, 370, -910, 463, 322, 531, 444, 619, 366, 
-112, -966, -854, 539, 370, -910, 463, 322, 531, 444, 619, 366, 
-112, -966, -854, 539, 370, -910, 463, 322, 531, 444, 614, 366, 
-102, -966, -863, 534, 380, -915, 458, 326, 541, 448, 624, 366, 
-102, -966, -863, 534, 380, -915, 458, 326, 541, 448, 624, 366, 
-102, -961, -858, 531, 378, -910, 458, 322, 541, 453, 624, 366, 
-102, -961, -858, 531, 378, -910, 458, 322, 541, 453, 624, 366, 
-102, -961, -858, 531, 378, -910, 458, 317, 531, 444, 614, 366, 
-102, -961, -858, 531, 378, -910, 463, 317, 531, 444, 619, 366, 
-102, -961, -858, 531, 378, -910, 463, 317, 531, 444, 619, 366, 
-102, -961, -858, 531, 378, -910, 463, 317, 531, 444, 614, 366, 
-102, -971, -868, 536, 383, -919, 463, 322, 527, 453, 624, 366, 
-102, -976, -873, 539, 385, -924, 463, 317, 527, 453, 624, 366, 
-102, -976, -873, 539, 385, -924, 458, 317, 531, 453, 629, 366, 
-102, -976, -873, 539, 385, -924, 458, 317, 531, 448, 629, 366, 
-107, -990, -883, 549, 387, -936, 468, 317, 527, 448, 629, 366, 
-112, -990, -878, 551, 383, -934, 468, 317, 531, 448, 629, 366, 
-117, -985, -868, 551, 375, -927, 468, 317, 536, 453, 629, 366, 
-122, -985, -863, 553, 370, -924, 473, 317, 541, 453, 629, 366, 
-112, -980, -868, 546, 378, -924, 473, 317, 531, 444, 629, 375, 
-112, -980, -868, 546, 378, -924, 473, 317, 531, 439, 624, 375, 
-112, -980, -868, 546, 378, -924, 473, 317, 527, 439, 624, 375, 
-117, -980, -863, 549, 373, -922, 473, 317, 527, 439, 624, 375, 
-117, -985, -868, 551, 375, -927, 458, 317, 527, 439, 624, 366, 
-112, -985, -873, 549, 380, -929, 458, 317, 531, 439, 624, 366, 
-112, -985, -873, 549, 380, -929, 458, 317, 531, 439, 624, 366, 
-112, -985, -873, 549, 380, -929, 458, 317, 531, 439, 624, 366, 
-112, -976, -863, 544, 375, -919, 468, 307, 536, 439, 624, 375, 
-112, -976, -863, 544, 375, -919, 468, 307, 536, 444, 624, 375, 
-112, -976, -863, 544, 375, -919, 473, 307, 531, 444, 624, 375, 
-117, -976, -858, 546, 370, -917, 473, 307, 531, 439, 624, 375, 
-117, -985, -868, 551, 375, -927, 468, 312, 531, 448, 624, 375, 
-112, -985, -873, 549, 380, -929, 468, 312, 531, 448, 624, 375, 
-112, -985, -873, 549, 380, -929, 468, 312, 531, 448, 624, 375, 
-112, -985, -873, 549, 380, -929, 473, 312, 531, 448, 624, 375, 
-117, -985, -868, 551, 375, -927, 473, 317, 541, 439, 634, 366, 
-117, -985, -868, 551, 375, -927, 473, 317, 541, 439, 634, 366, 
-117, -985, -868, 551, 375, -927, 473, 312, 541, 439, 634, 366, 
-117, -990, -873, 553, 378, -932, 473, 312, 541, 439, 634, 366, 
-107, -990, -883, 549, 387, -936, 473, 312, 536, 439, 624, 375, 
-107, -985, -878, 546, 385, -932, 473, 312, 536, 439, 629, 375, 
-107, -985, -878, 546, 385, -932, 473, 312, 536, 444, 629, 375, 
-112, -990, -878, 551, 383, -934, 473, 312, 536, 444, 629, 375, 
-112, -980, -868, 546, 378, -924, 473, 312, 531, 448, 629, 375, 
-107, -980, -873, 544, 383, -927, 473, 312, 531, 448, 629, 375, 
-107, -980, -873, 544, 383, -927, 473, 312, 531, 448, 629, 375, 
-107, -985, -878, 546, 385, -932, 473, 312, 531, 453, 629, 375, 
-107, -985, -878, 546, 385, -932, 483, 312, 541, 453, 639, 375, 
-107, -985, -878, 546, 385, -932, 483, 312, 541, 448, 639, 375, 
-107, -985, -878, 546, 385, -932, 483, 312, 541, 448, 639, 375, 
-107, -985, -878, 546, 385, -932, 483, 312, 541, 448, 639, 375, 
-117, -995, -878, 556, 380, -936, 483, 312, 546, 448, 639, 375, 
-117, -995, -878, 556, 380, -936, 483, 312, 546, 448, 639, 375, 
-117, -995, -878, 556, 380, -936, 483, 312, 546, 448, 639, 375, 
-117, -995, -878, 556, 380, -936, 483, 312, 546, 448, 639, 375, 
-117, -995, -878, 556, 380, -936, 483, 312, 541, 458, 639, 375, 
-117, -990, -873, 553, 378, -932, 483, 312, 541, 458, 639, 375, 
-117, -990, -873, 553, 378, -932, 483, 312, 541, 458, 639, 375, 
-117, -995, -878, 556, 380, -936, 483, 312, 541, 458, 639, 380, 
-122, -995, -873, 558, 375, -934, 483, 307, 531, 458, 634, 370, 
-122, -990, -868, 556, 373, -929, 483, 307, 531, 458, 634, 370, 
-117, -990, -873, 553, 378, -932, 483, 307, 531, 458, 634, 370, 
-117, -990, -873, 553, 378, -932, 483, 307, 536, 458, 634, 370, 
-107, -990, -883, 549, 387, -936, 483, 317, 546, 463, 634, 370, 
-107, -995, -888, 551, 390, -941, 483, 317, 551, 463, 634, 375, 
-107, -995, -888, 551, 390, -941, 488, 317, 551, 463, 639, 375, 
-107, -990, -883, 549, 387, -936, 488, 317, 546, 468, 644, 375, 
-107, -985, -878, 546, 385, -932, 488, 317, 546, 468, 634, 375, 
-107, -976, -868, 541, 380, -922, 488, 317, 546, 468, 634, 380, 
-107, -976, -868, 541, 380, -922, 492, 322, 551, 468, 639, 380, 
-107, -971, -863, 539, 378, -917, 497, 322, 556, 468, 644, 385, 
-107, -961, -854, 534, 373, -907, 497, 312, 566, 473, 653, 385, 
-107, -956, -849, 531, 370, -902, 502, 312, 566, 483, 653, 385, 
-102, -951, -849, 527, 373, -900, 507, 322, 575, 483, 658, 385, 
-102, -946, -844, 524, 370, -895, 507, 331, 575, 488, 658, 390, 
-102, -956, -854, 529, 375, -905, 507, 341, 585, 488, 668, 390, 
-107, -956, -849, 531, 370, -902, 507, 341, 590, 488, 668, 390, 
-107, -956, -849, 531, 370, -902, 512, 341, 590, 488, 663, 395, 
-102, -956, -854, 529, 375, -905, 522, 346, 590, 488, 663, 395, 
-97, -951, -854, 524, 378, -902, 531, 356, 595, 497, 673, 395, 
-97, -951, -854, 524, 378, -902, 527, 356, 595, 497, 673, 395, 
-87, -946, -858, 517, 385, -902, 527, 356, 595, 497, 673, 390, 
-82, -946, -863, 514, 390, -905, 527, 356, 595, 492, 673, 390, 
-82, -941, -858, 512, 387, -900, 531, 356, 605, 502, 688, 400, 
-82, -941, -858, 512, 387, -900, 522, 356, 600, 507, 688, 400, 
-82, -946, -863, 514, 390, -905, 512, 356, 600, 507, 688, 405, 
-82, -941, -858, 512, 387, -900, 507, 351, 610, 502, 688, 400, 
-78, -936, -858, 507, 390, -897, 488, 351, 605, 507, 683, 400, 
-78, -946, -868, 512, 395, -907, 478, 346, 595, 497, 683, 400, 
-78, -946, -868, 512, 395, -907, 478, 341, 595, 497, 683, 400, 
-78, -946, -868, 512, 395, -907, 478, 336, 595, 497, 683, 400, 
-78, -946, -868, 512, 395, -907, 478, 331, 595, 497, 683, 400, 
-87, -951, -863, 519, 387, -907, 468, 322, 585, 488, 673, 390, 
-87, -956, -868, 522, 390, -912, 468, 322, 585, 488, 673, 390, 
-87, -961, -873, 524, 392, -917, 468, 322, 585, 488, 673, 390, 
-87, -966, -878, 527, 395, -922, 468, 322, 585, 488, 673, 390, 
-87, -971, -883, 529, 397, -927, 468, 312, 575, 488, 663, 390, 
-87, -976, -888, 531, 400, -932, 468, 312, 575, 488, 663, 390, 
-87, -980, -893, 534, 402, -936, 468, 312, 575, 488, 663, 390, 
-87, -985, -897, 536, 405, -941, 468, 312, 575, 488, 663, 390, 
-87, -995, -907, 541, 409, -951, 458, 302, 570, 483, 663, 380, 
-87, -995, -907, 541, 409, -951, 458, 302, 566, 478, 663, 380, 
-87, -995, -907, 541, 409, -951, 458, 302, 561, 473, 663, 380, 
-87, -995, -907, 541, 409, -951, 458, 302, 556, 468, 663, 380, 
-97, -1005, -907, 551, 405, -956, 458, 292, 551, 458, 653, 380, 
-97, -1005, -907, 551, 405, -956, 458, 292, 546, 458, 653, 380, 
-97, -1005, -907, 551, 405, -956, 458, 292, 541, 458, 653, 380, 
-97, -1005, -907, 551, 405, -956, 458, 292, 536, 458, 653, 380, 
-97, -1005, -907, 551, 405, -956, 468, 292, 546, 458, 653, 380, 
-97, -1005, -907, 551, 405, -956, 468, 292, 546, 458, 653, 380, 
-97, -1005, -907, 551, 405, -956, 468, 292, 546, 458, 653, 380, 
-97, -1005, -907, 551, 405, -956, 468, 292, 546, 458, 653, 380, 
-87, -995, -907, 541, 409, -951, 468, 292, 536, 458, 663, 380, 
-87, -995, -907, 541, 409, -951, 468, 292, 536, 458, 663, 380, 
-87, -995, -907, 541, 409, -951, 468, 292, 536, 458, 663, 380, 
-87, -995, -907, 541, 409, -951, 468, 292, 536, 458, 663, 380, 
-97, -995, -897, 546, 400, -946, 468, 283, 536, 458, 653, 390, 
-97, -995, -897, 546, 400, -946, 468, 283, 536, 458, 653, 390, 
-97, -995, -897, 546, 400, -946, 468, 283, 536, 458, 653, 390, 
-97, -995, -897, 546, 400, -946, 468, 283, 536, 458, 653, 390, 
-87, -995, -907, 541, 409, -951, 478, 287, 546, 468, 663, 400, 
-87, -995, -907, 541, 409, -951, 478, 292, 546, 468, 663, 400, 
-87, -995, -907, 541, 409, -951, 478, 297, 546, 468, 663, 400, 
-87, -995, -907, 541, 409, -951, 478, 302, 546, 468, 663, 400, 
-78, -1005, -927, 541, 424, -966, 488, 312, 546, 468, 663, 400, 
-78, -1005, -927, 541, 424, -966, 488, 312, 546, 468, 663, 400, 
-78, -1005, -927, 541, 424, -966, 488, 312, 546, 468, 663, 400, 
-78, -1005, -927, 541, 424, -966, 488, 312, 546, 468, 663, 400, 
-78, -1010, -932, 544, 427, -971, 478, 302, 536, 463, 663, 395, 
-78, -1015, -936, 546, 429, -976, 478, 302, 536, 458, 663, 390, 
-78, -1019, -941, 549, 431, -980, 478, 302, 536, 453, 663, 385, 
-78, -1024, -946, 551, 434, -985, 478, 302, 536, 448, 663, 380, 
-87, -1034, -946, 561, 429, -990, 483, 292, 536, 448, 653, 380, 
-87, -1034, -946, 561, 429, -990, 483, 292, 536, 448, 653, 380, 
-87, -1034, -946, 561, 429, -990, 483, 292, 536, 448, 649, 375, 
-92, -1034, -941, 563, 424, -988, 483, 297, 536, 448, 649, 375, 
-92, -1034, -941, 563, 424, -988, 483, 297, 541, 448, 653, 380, 
-97, -1029, -932, 563, 417, -980, 483, 297, 546, 453, 653, 380, 
-107, -1029, -922, 568, 407, -976, 488, 297, 546, 453, 658, 380, 
-107, -1029, -922, 568, 407, -976, 492, 302, 546, 458, 658, 380, 
-92, -1029, -936, 561, 422, -983, 488, 302, 556, 458, 658, 380, 
-92, -1024, -932, 558, 419, -978, 488, 302, 546, 458, 649, 380, 
-92, -1024, -932, 558, 419, -978, 492, 302, 546, 458, 649, 370, 
-92, -1029, -936, 561, 422, -983, 497, 302, 546, 458, 649, 370, 
-107, -1029, -922, 568, 407, -976, 497, 312, 546, 453, 658, 370, 
-107, -1029, -922, 568, 407, -976, 492, 312, 546, 453, 653, 366, 
-102, -1029, -927, 566, 412, -978, 492, 312, 546, 453, 653, 366, 
-102, -1029, -927, 566, 412, -978, 488, 312, 546, 458, 653, 370, 
-97, -1034, -936, 566, 419, -985, 497, 312, 546, 458, 653, 380, 
-102, -1039, -936, 570, 417, -988, 497, 312, 546, 453, 649, 375, 
-102, -1039, -936, 570, 417, -988, 497, 312, 541, 453, 649, 375, 
-97, -1034, -936, 566, 419, -985, 502, 312, 541, 453, 653, 375, 
-97, -1034, -936, 566, 419, -985, 492, 312, 541, 453, 653, 375, 
-97, -1034, -936, 566, 419, -985, 492, 312, 541, 453, 653, 375, 
-97, -1034, -936, 566, 419, -985, 492, 312, 536, 453, 653, 375, 
-92, -1034, -941, 563, 424, -988, 492, 312, 536, 458, 658, 375, 
-92, -1034, -941, 563, 424, -988, 497, 302, 536, 458, 658, 375, 
-92, -1034, -941, 563, 424, -988, 497, 302, 536, 458, 658, 370, 
-92, -1029, -936, 561, 422, -983, 497, 302, 541, 453, 653, 370, 
-92, -1029, -936, 561, 422, -983, 497, 302, 541, 453, 653, 370, 
-102, -1039, -936, 570, 417, -988, 507, 312, 551, 453, 653, 380, 
-102, -1039, -936, 570, 417, -988, 507, 312, 546, 453, 653, 380, 
-102, -1039, -936, 570, 417, -988, 507, 312, 546, 453, 653, 380, 
-107, -1039, -932, 573, 412, -985, 507, 317, 551, 453, 653, 375, 
-107, -1054, -946, 580, 419, -1000, 507, 317, 541, 453, 663, 375, 
-102, -1015, -912, 558, 405, -963, 507, 312, 536, 453, 653, 370, 
-102, -1019, -917, 561, 407, -968, 507, 312, 536, 453, 653, 370, 
-102, -1024, -922, 563, 409, -973, 507, 312, 536, 453, 653, 370, 
-112, -1034, -922, 573, 405, -978, 507, 312, 541, 463, 663, 380, 
-112, -1034, -922, 573, 405, -978, 512, 312, 546, 458, 663, 380, 
-112, -1034, -922, 573, 405, -978, 512, 312, 551, 458, 663, 380, 
-112, -1039, -927, 575, 407, -983, 507, 312, 556, 458, 663, 380, 
-112, -1039, -927, 575, 407, -983, 497, 312, 556, 458, 663, 380, 
-112, -1039, -927, 575, 407, -983, 497, 312, 556, 458, 663, 380, 
-112, -1044, -932, 578, 409, -988, 497, 312, 556, 458, 663, 380, 
-112, -1044, -932, 578, 409, -988, 497, 312, 556, 458, 663, 385, 
-102, -1044, -941, 573, 419, -993, 497, 312, 556, 458, 663, 375, 
-107, -1044, -936, 575, 414, -990, 497, 312, 556, 458, 663, 370, 
-107, -1044, -936, 575, 414, -990, 497, 312, 556, 458, 663, 370, 
-107, -1044, -936, 575, 414, -990, 497, 312, 551, 458, 663, 375, 
-97, -1044, -946, 570, 424, -995, 507, 312, 551, 458, 658, 375, 
-97, -1039, -941, 568, 422, -990, 507, 312, 551, 458, 658, 375, 
-97, -1039, -941, 568, 422, -990, 507, 307, 551, 458, 658, 375, 
-97, -1039, -941, 568, 422, -990, 507, 307, 556, 458, 658, 375, 
-92, -1039, -946, 566, 427, -993, 507, 317, 556, 468, 658, 385, 
-92, -1039, -946, 566, 427, -993, 507, 317, 556, 463, 658, 385, 
-92, -1039, -946, 566, 427, -993, 502, 317, 556, 463, 658, 385, 
-92, -1039, -946, 566, 427, -993, 502, 317, 556, 463, 658, 385, 
-102, -1039, -936, 570, 417, -988, 502, 317, 566, 473, 658, 385, 
-102, -1039, -936, 570, 417, -988, 502, 317, 561, 473, 658, 385, 
-102, -1039, -936, 570, 417, -988, 502, 317, 561, 473, 658, 380, 
-102, -1039, -936, 570, 417, -988, 507, 322, 561, 473, 658, 375, 
-102, -1039, -936, 570, 417, -988, 507, 312, 561, 463, 663, 375, 
-102, -1039, -936, 570, 417, -988, 507, 307, 561, 463, 663, 375, 
-102, -1039, -936, 570, 417, -988, 507, 307, 561, 463, 663, 375, 
-102, -1039, -936, 570, 417, -988, 507, 307, 561, 463, 663, 380, 
-92, -1039, -946, 566, 427, -993, 507, 307, 556, 478, 663, 380, 
-92, -1039, -946, 566, 427, -993, 507, 307, 561, 478, 663, 385, 
-92, -1034, -941, 563, 424, -988, 507, 307, 561, 478, 663, 385, 
-92, -1034, -941, 563, 424, -988, 507, 307, 561, 478, 673, 385, 
-92, -1034, -941, 563, 424, -988, 517, 307, 561, 473, 673, 385, 
-92, -1034, -941, 563, 424, -988, 517, 312, 566, 473, 673, 385, 
-92, -1034, -941, 563, 424, -988, 517, 312, 566, 473, 668, 385, 
-97, -1039, -941, 568, 422, -990, 517, 312, 561, 473, 668, 385, 
-97, -1039, -941, 568, 422, -990, 517, 312, 570, 483, 668, 385, 
-97, -1039, -941, 568, 422, -990, 517, 312, 570, 483, 668, 380, 
-97, -1039, -941, 568, 422, -990, 517, 312, 570, 488, 668, 380, 
-97, -1034, -936, 566, 419, -985, 522, 312, 570, 488, 668, 380, 
-87, -1034, -946, 561, 429, -990, 512, 322, 570, 478, 673, 380, 
-87, -1034, -946, 561, 429, -990, 507, 322, 575, 483, 673, 380, 
-87, -1034, -946, 561, 429, -990, 507, 322, 575, 483, 673, 385, 
-87, -1034, -946, 561, 429, -990, 507, 322, 570, 483, 673, 385, 
-97, -1034, -936, 566, 419, -985, 507, 322, 570, 483, 673, 390, 
-87, -1029, -941, 558, 427, -985, 522, 322, 575, 483, 683, 390, 
-97, -1029, -932, 563, 417, -980, 527, 326, 575, 483, 678, 385, 
-97, -1034, -936, 566, 419, -985, 522, 331, 585, 488, 668, 385, 
-92, -1034, -941, 563, 424, -988, 531, 331, 585, 478, 658, 370, 
-122, -1034, -912, 578, 395, -973, 551, 336, 600, 488, 653, 356, 
-146, -1039, -893, 592, 373, -966, 570, 346, 619, 492, 644, 356, 
-165, -1029, -863, 597, 348, -946, 570, 361, 639, 507, 649, 351, 
-175, -1024, -849, 600, 336, -936, 590, 390, 673, 531, 668, 336, 
-185, -1029, -844, 607, 329, -936, 610, 424, 697, 556, 668, 346, 
-195, -1019, -824, 607, 314, -922, 614, 439, 707, 570, 673, 341, 
-185, -1005, -819, 595, 317, -912, 624, 444, 727, 590, 702, 351, 
-165, -976, -810, 570, 322, -893, 614, 463, 761, 639, 756, 390, 
-131, -927, -795, 529, 331, -861, 605, 478, 814, 727, 844, 434, 
-102, -868, -766, 485, 331, -817, 575, 502, 878, 829, 951, 497, 
-58, -814, -756, 436, 348, -785, 541, 507, 922, 912, 1063, 585, 
4, -790, -795, 392, 400, -793, 497, 512, 922, 961, 1166, 678, 
97, -761, -858, 331, 478, -810, 453, 531, 912, 995, 1254, 771, 
224, -746, -971, 261, 597, -858, 405, 556, 878, 1005, 1337, 858, 
361, -727, -1088, 183, 724, -907, 346, 575, 839, 1010, 1439, 976, 
497, -683, -1180, 92, 839, -932, 287, 610, 829, 1019, 1546, 1102, 
629, -649, -1278, 9, 954, -963, 244, 663, 844, 1049, 1639, 1210, 
732, -614, -1346, -58, 1039, -980, 214, 707, 897, 1093, 1712, 1293, 
824, -580, -1405, -122, 1115, -993, 180, 697, 961, 1151, 1795, 1366, 
902, -556, -1459, -173, 1180, -1007, 117, 619, 966, 1180, 1830, 1424, 
971, -546, -1517, -212, 1244, -1032, 53, 502, 922, 1117, 1771, 1454, 
1000, -561, -1561, -219, 1281, -1061, 9, 409, 858, 980, 1605, 1424, 
1005, -580, -1586, -212, 1295, -1083, -19, 297, 785, 829, 1420, 1361, 
951, -610, -1561, -170, 1256, -1085, -39, 131, 702, 736, 1278, 1298, 
858, -619, -1478, -119, 1168, -1049, -39, -53, 644, 692, 1185, 1239, 
702, -624, -1327, -39, 1015, -976, 14, -195, 570, 624, 1098, 1180, 
512, -649, -1161, 68, 836, -905, 87, -263, 468, 551, 995, 1088, 
317, -688, -1005, 185, 661, -846, 175, -273, 380, 463, 868, 956, 
117, -775, -893, 329, 505, -834, 292, -204, 297, 361, 727, 800, 
-63, -878, -814, 470, 375, -846, 444, -78, 224, 248, 595, 639, 
-200, -956, -756, 578, 278, -856, 566, 53, 200, 190, 512, 502, 
-263, -1029, -766, 646, 251, -897, 673, 170, 204, 161, 444, 409, 
-283, -1093, -810, 688, 263, -951, 771, 268, 185, 122, 414, 366, 
-278, -1151, -873, 714, 297, -1012, 819, 370, 175, 122, 409, 326, 
-273, -1200, -927, 736, 326, -1063, 800, 419, 180, 141, 409, 302, 
-258, -1229, -971, 744, 356, -1100, 756, 429, 204, 156, 414, 283, 
-239, -1220, -980, 729, 370, -1100, 722, 448, 248, 180, 444, 283, 
-204, -1200, -995, 702, 395, -1098, 702, 488, 297, 224, 478, 287, 
-180, -1185, -1005, 683, 412, -1095, 688, 527, 356, 287, 517, 297, 
-170, -1166, -995, 668, 412, -1080, 673, 536, 400, 331, 551, 307, 
-146, -1137, -990, 641, 422, -1063, 663, 536, 439, 380, 575, 322, 
-122, -1122, -1000, 622, 439, -1061, 658, 546, 483, 424, 605, 336, 
-97, -1088, -990, 592, 446, -1039, 639, 541, 512, 448, 639, 366, 
-87, -1073, -985, 580, 448, -1029, 629, 517, 541, 458, 653, 380, 
-73, -1068, -995, 570, 461, -1032, 619, 497, 551, 458, 653, 395, 
-63, -1063, -1000, 563, 468, -1032, 610, 497, 556, 448, 658, 405, 
-63, -1063, -1000, 563, 468, -1032, 595, 488, 556, 453, 653, 405, 
-63, -1063, -1000, 563, 468, -1032, 580, 463, 561, 463, 653, 390, 
-63, -1063, -1000, 563, 468, -1032, 551, 434, 561, 468, 653, 385, 
-73, -1063, -990, 568, 458, -1027, 536, 414, 566, 473, 658, 380, 
-73, -1063, -990, 568, 458, -1027, 531, 395, 575, 483, 668, 380, 
-78, -1054, -976, 566, 448, -1015, 527, 380, 580, 492, 668, 380, 
-82, -1054, -971, 568, 444, -1012, 527, 375, 590, 502, 683, 390, 
-82, -1054, -971, 568, 444, -1012, 531, 375, 595, 502, 692, 400, 
-78, -1054, -976, 566, 448, -1015, 531, 380, 595, 502, 692, 400, 
-78, -1054, -976, 566, 448, -1015, 531, 380, 595, 497, 692, 400, 
-68, -1044, -976, 556, 453, -1010, 531, 375, 590, 488, 683, 400, 
-68, -1049, -980, 558, 456, -1015, 527, 375, 590, 488, 683, 400, 
-73, -1054, -980, 563, 453, -1017, 527, 375, 590, 488, 678, 395, 
-73, -1054, -980, 563, 453, -1017, 527, 375, 590, 497, 678, 395, 
-73, -1054, -980, 563, 453, -1017, 527, 370, 585, 497, 688, 400, 
-73, -1054, -980, 563, 453, -1017, 527, 366, 590, 497, 688, 400, 
-73, -1049, -976, 561, 451, -1012, 517, 366, 590, 502, 688, 405, 
-73, -1049, -976, 561, 451, -1012, 517, 366, 590, 502, 692, 405, 
-82, -1044, -961, 563, 439, -1002, 517, 366, 590, 502, 692, 405, 
-82, -1044, -961, 563, 439, -1002, 522, 366, 590, 502, 688, 405, 
-87, -1044, -956, 566, 434, -1000, 522, 361, 585, 502, 688, 400, 
-87, -1054, -966, 570, 439, -1010, 522, 361, 585, 497, 688, 400, 
-73, -1054, -980, 563, 453, -1017, 522, 366, 585, 497, 688, 400, 
-73, -1054, -980, 563, 453, -1017, 522, 366, 585, 497, 688, 405, 
-78, -1054, -976, 566, 448, -1015, 517, 366, 585, 502, 692, 405, 
-78, -1058, -980, 568, 451, -1019, 517, 366, 585, 502, 692, 405, 
-73, -1049, -976, 561, 451, -1012, 517, 375, 585, 507, 697, 409, 
-73, -1049, -976, 561, 451, -1012, 517, 375, 585, 507, 697, 409, 
-73, -1049, -976, 561, 451, -1012, 517, 370, 585, 502, 697, 409, 
-73, -1049, -976, 561, 451, -1012, 517, 370, 585, 502, 697, 405, 
-73, -1049, -976, 561, 451, -1012, 517, 370, 595, 512, 697, 405, 
-73, -1049, -976, 561, 451, -1012, 517, 370, 595, 512, 697, 409, 
-73, -1049, -976, 561, 451, -1012, 517, 370, 600, 512, 692, 409, 
-78, -1049, -971, 563, 446, -1010, 517, 370, 600, 512, 692, 405, 
-78, -1058, -980, 568, 451, -1019, 512, 366, 585, 507, 692, 405, 
-68, -1058, -990, 563, 461, -1024, 512, 366, 585, 507, 692, 405, 
-68, -1054, -985, 561, 458, -1019, 512, 361, 590, 507, 692, 405, 
-68, -1054, -985, 561, 458, -1019, 517, 361, 590, 507, 692, 405, 
-63, -1044, -980, 553, 458, -1012, 517, 375, 600, 507, 702, 414, 
-58, -1044, -985, 551, 463, -1015, 517, 375, 600, 507, 702, 414, 
-58, -1044, -985, 551, 463, -1015, 517, 375, 600, 507, 707, 414, 
-58, -1049, -990, 553, 466, -1019, 517, 375, 600, 512, 707, 414, 
-53, -1049, -995, 551, 470, -1022, 507, 375, 590, 512, 697, 419, 
-53, -1044, -990, 549, 468, -1017, 502, 375, 590, 512, 702, 419, 
-53, -1044, -990, 549, 468, -1017, 502, 375, 595, 512, 702, 414, 
-53, -1044, -990, 549, 468, -1017, 502, 375, 595, 517, 702, 414, 
-63, -1044, -980, 553, 458, -1012, 502, 375, 600, 507, 702, 414, 
-63, -1044, -980, 553, 458, -1012, 502, 375, 600, 507, 707, 414, 
-63, -1044, -980, 553, 458, -1012, 502, 375, 600, 507, 707, 414, 
-58, -1044, -985, 551, 463, -1015, 502, 375, 600, 507, 707, 419, 
-58, -1054, -995, 556, 468, -1024, 502, 375, 605, 512, 712, 409, 
-58, -1054, -995, 556, 468, -1024, 502, 380, 605, 512, 712, 414, 
-58, -1054, -995, 556, 468, -1024, 502, 380, 605, 517, 712, 424, 
-58, -1054, -995, 556, 468, -1024, 502, 380, 600, 522, 717, 424, 
-48, -1054, -1005, 551, 478, -1029, 507, 385, 600, 522, 717, 424, 
-48, -1054, -1005, 551, 478, -1029, 507, 390, 600, 527, 722, 429, 
-48, -1054, -1005, 551, 478, -1029, 507, 390, 600, 527, 722, 434, 
-43, -1054, -1010, 549, 483, -1032, 507, 395, 600, 527, 722, 434, 
-43, -1039, -995, 541, 475, -1017, 507, 395, 600, 527, 722, 434, 
-43, -1039, -995, 541, 475, -1017, 507, 395, 600, 527, 722, 434, 
-43, -1039, -995, 541, 475, -1017, 507, 395, 605, 531, 722, 439, 
-43, -1039, -995, 541, 475, -1017, 507, 400, 610, 541, 732, 439, 
-43, -1049, -1005, 546, 480, -1027, 507, 405, 614, 541, 736, 444, 
-43, -1054, -1010, 549, 483, -1032, 507, 405, 614, 541, 741, 444, 
-43, -1054, -1010, 549, 483, -1032, 507, 414, 614, 541, 746, 444, 
-39, -1049, -1010, 544, 485, -1029, 507, 414, 624, 551, 751, 448, 
-29, -1039, -1010, 534, 490, -1024, 507, 424, 624, 551, 756, 458, 
-29, -1039, -1010, 534, 490, -1024, 502, 424, 619, 551, 761, 458, 
-19, -1039, -1019, 529, 500, -1029, 502, 424, 619, 551, 761, 458, 
-14, -1034, -1019, 524, 502, -1027, 502, 429, 619, 556, 766, 458, 
-19, -1029, -1010, 524, 495, -1019, 502, 419, 624, 561, 771, 463, 
-19, -1029, -1010, 524, 495, -1019, 502, 419, 624, 561, 771, 463, 
-19, -1029, -1010, 524, 495, -1019, 502, 429, 624, 566, 775, 468, 
-14, -1024, -1010, 519, 497, -1017, 497, 434, 634, 566, 780, 478, 
-4, -1024, -1019, 514, 507, -1022, 492, 448, 634, 585, 785, 492, 
0, -1019, -1019, 509, 509, -1019, 492, 453, 644, 590, 790, 497, 
0, -1019, -1019, 509, 509, -1019, 492, 458, 649, 595, 800, 507, 
0, -1024, -1024, 512, 512, -1024, 488, 463, 649, 600, 805, 507, 
9, -1024, -1034, 507, 522, -1029, 488, 463, 649, 600, 810, 502, 
14, -1015, -1029, 500, 522, -1022, 483, 463, 649, 595, 814, 507, 
29, -1005, -1034, 488, 531, -1019, 483, 468, 649, 595, 819, 512, 
39, -1005, -1044, 483, 541, -1024, 483, 473, 658, 600, 824, 517, 
53, -1000, -1054, 473, 553, -1027, 468, 483, 663, 605, 824, 512, 
58, -995, -1054, 468, 556, -1024, 463, 492, 668, 610, 834, 522, 
68, -990, -1058, 461, 563, -1024, 458, 497, 668, 610, 839, 527, 
73, -985, -1058, 456, 566, -1022, 448, 497, 673, 614, 844, 536, 
78, -980, -1058, 451, 568, -1019, 453, 517, 668, 629, 863, 546, 
78, -976, -1054, 448, 566, -1015, 448, 522, 668, 634, 873, 556, 
87, -976, -1063, 444, 575, -1019, 444, 527, 678, 634, 883, 561, 
87, -966, -1054, 439, 570, -1010, 444, 531, 678, 639, 893, 570, 
107, -946, -1054, 419, 580, -1000, 439, 536, 697, 658, 907, 590, 
122, -941, -1063, 409, 592, -1002, 434, 546, 707, 668, 927, 605, 
136, -941, -1078, 402, 607, -1010, 429, 561, 712, 683, 946, 614, 
146, -936, -1083, 395, 614, -1010, 424, 570, 722, 692, 956, 624, 
170, -932, -1102, 380, 636, -1017, 414, 570, 717, 688, 956, 629, 
180, -917, -1098, 368, 639, -1007, 405, 570, 717, 692, 966, 639, 
195, -912, -1107, 358, 651, -1010, 400, 575, 722, 697, 976, 644, 
204, -907, -1112, 351, 658, -1010, 395, 575, 722, 702, 980, 653, 
200, -897, -1098, 348, 649, -997, 390, 580, 732, 722, 1005, 678, 
209, -888, -1098, 339, 653, -993, 380, 585, 736, 732, 1019, 697, 
219, -878, -1098, 329, 658, -988, 375, 585, 741, 741, 1034, 712, 
229, -878, -1107, 324, 668, -993, 370, 585, 746, 751, 1049, 712, 
239, -873, -1112, 317, 675, -993, 366, 590, 761, 756, 1054, 722, 
248, -863, -1112, 307, 680, -988, 361, 595, 771, 771, 1068, 732, 
258, -858, -1117, 300, 688, -988, 356, 600, 775, 775, 1073, 741, 
273, -854, -1127, 290, 700, -990, 351, 605, 780, 785, 1088, 751, 
292, -839, -1132, 273, 712, -985, 331, 600, 775, 775, 1098, 771, 
307, -829, -1137, 261, 722, -983, 322, 600, 771, 785, 1112, 785, 
312, -814, -1127, 251, 719, -971, 307, 595, 761, 785, 1122, 785, 
322, -810, -1132, 244, 727, -971, 307, 595, 756, 785, 1127, 795, 
331, -810, -1141, 239, 736, -976, 307, 605, 766, 800, 1132, 805, 
336, -805, -1141, 234, 739, -973, 302, 600, 771, 800, 1141, 814, 
341, -805, -1146, 231, 744, -976, 297, 595, 775, 805, 1146, 819, 
341, -805, -1146, 231, 744, -976, 297, 595, 775, 810, 1146, 829, 
341, -805, -1146, 231, 744, -976, 302, 595, 780, 810, 1156, 824, 
341, -805, -1146, 231, 744, -976, 297, 590, 780, 814, 1156, 824, 
341, -805, -1146, 231, 744, -976, 292, 580, 780, 814, 1156, 824, 
341, -800, -1141, 229, 741, -971, 287, 575, 780, 810, 1156, 819, 
341, -800, -1141, 229, 741, -971, 287, 566, 775, 810, 1156, 824, 
341, -800, -1141, 229, 741, -971, 287, 561, 775, 805, 1151, 824, 
336, -800, -1137, 231, 736, -968, 287, 551, 771, 805, 1151, 824, 
331, -800, -1132, 234, 732, -966, 292, 541, 771, 805, 1141, 819, 
326, -814, -1141, 244, 734, -978, 283, 527, 771, 800, 1137, 805, 
322, -814, -1137, 246, 729, -976, 287, 517, 771, 795, 1122, 795, 
312, -819, -1132, 253, 722, -976, 292, 507, 771, 790, 1107, 780, 
297, -829, -1127, 265, 712, -978, 292, 497, 766, 780, 1098, 771, 
283, -819, -1102, 268, 692, -961, 307, 492, 756, 780, 1088, 766, 
268, -824, -1093, 278, 680, -958, 312, 488, 751, 771, 1073, 751, 
248, -839, -1088, 295, 668, -963, 317, 473, 751, 766, 1063, 736, 
234, -844, -1078, 305, 656, -961, 326, 463, 746, 761, 1044, 717, 
209, -858, -1068, 324, 639, -963, 336, 453, 746, 741, 1029, 702, 
200, -868, -1068, 334, 634, -968, 341, 453, 736, 732, 1010, 688, 
185, -873, -1058, 344, 622, -966, 361, 448, 736, 722, 990, 673, 
170, -888, -1058, 358, 614, -973, 370, 439, 732, 712, 976, 663, 
156, -897, -1054, 370, 605, -976, 370, 429, 727, 702, 966, 653, 
146, -907, -1054, 380, 600, -980, 375, 419, 717, 688, 951, 644, 
136, -917, -1054, 390, 595, -985, 390, 414, 717, 678, 941, 629, 
122, -927, -1049, 402, 585, -988, 390, 414, 712, 668, 932, 614, 
107, -936, -1044, 414, 575, -990, 405, 400, 697, 663, 907, 600, 
92, -946, -1039, 427, 566, -993, 405, 395, 692, 653, 897, 580, 
78, -956, -1034, 439, 556, -995, 414, 390, 688, 639, 883, 570, 
73, -961, -1034, 444, 553, -997, 424, 385, 678, 634, 868, 556, 
63, -971, -1034, 453, 549, -1002, 434, 385, 678, 629, 854, 546, 
48, -980, -1029, 466, 539, -1005, 434, 380, 673, 619, 844, 546, 
34, -980, -1015, 473, 524, -997, 444, 375, 673, 614, 839, 546, 
24, -995, -1019, 485, 522, -1007, 444, 370, 673, 610, 834, 536, 
24, -990, -1015, 483, 519, -1002, 453, 370, 668, 610, 824, 527, 
14, -990, -1005, 488, 509, -997, 453, 366, 663, 600, 819, 517, 
4, -995, -1000, 495, 502, -997, 458, 361, 653, 595, 810, 507, 
0, -1000, -1000, 500, 500, -1000, 458, 356, 653, 595, 800, 497, 
-4, -1000, -995, 502, 495, -997, 463, 351, 649, 580, 790, 488, 
-19, -1000, -980, 509, 480, -990, 468, 351, 649, 575, 780, 488, 
-19, -1010, -990, 514, 485, -1000, 473, 346, 649, 575, 775, 483, 
-19, -1015, -995, 517, 488, -1005, 478, 346, 649, 575, 775, 478, 
-24, -1019, -995, 522, 485, -1007, 483, 346, 649, 570, 771, 478, 
-24, -1024, -1000, 524, 488, -1012, 488, 346, 644, 566, 766, 473, 
-29, -1029, -1000, 529, 485, -1015, 492, 346, 644, 556, 766, 468, 
-34, -1034, -1000, 534, 483, -1017, 497, 346, 644, 556, 766, 468, 
-39, -1034, -995, 536, 478, -1015, 497, 346, 644, 556, 751, 463, 
-43, -1039, -995, 541, 475, -1017, 507, 346, 644, 556, 746, 458, 
-43, -1039, -995, 541, 475, -1017, 507, 346, 644, 556, 741, 458, 
-48, -1039, -990, 544, 470, -1015, 517, 351, 644, 556, 741, 458, 
-58, -1049, -990, 553, 466, -1019, 522, 351, 644, 556, 751, 458, 
-68, -1049, -980, 558, 456, -1015, 522, 351, 649, 556, 751, 458, 
-68, -1054, -985, 561, 458, -1019, 522, 351, 649, 551, 751, 448, 
-68, -1054, -985, 561, 458, -1019, 522, 351, 644, 551, 746, 444, 
-68, -1054, -985, 561, 458, -1019, 522, 351, 634, 551, 736, 444, 
-68, -1054, -985, 561, 458, -1019, 522, 356, 634, 551, 736, 444, 
-68, -1058, -990, 563, 461, -1024, 522, 356, 629, 546, 732, 444, 
-68, -1058, -990, 563, 461, -1024, 522, 356, 629, 546, 732, 444, 
-68, -1058, -990, 563, 461, -1024, 522, 356, 639, 546, 736, 444, 
-68, -1058, -990, 563, 461, -1024, 527, 356, 644, 551, 736, 444, 
-68, -1063, -995, 566, 463, -1029, 527, 356, 644, 551, 736, 444, 
-68, -1063, -995, 566, 463, -1029, 527, 356, 644, 551, 736, 444, 
-68, -1063, -995, 566, 463, -1029, 527, 356, 644, 551, 736, 444, 
-68, -1063, -995, 566, 463, -1029, 527, 356, 644, 546, 736, 439, 
-68, -1063, -995, 566, 463, -1029, 527, 356, 644, 546, 736, 434, 
-68, -1068, -1000, 568, 466, -1034, 527, 361, 644, 546, 736, 434, 
-78, -1068, -990, 573, 456, -1029, 527, 370, 653, 546, 736, 434, 
-78, -1068, -990, 573, 456, -1029, 531, 370, 653, 546, 736, 434, 
-82, -1073, -990, 578, 453, -1032, 531, 370, 653, 541, 732, 429, 
-82, -1073, -990, 578, 453, -1032, 536, 370, 653, 541, 732, 429, 
-82, -1073, -990, 578, 453, -1032, 541, 370, 658, 546, 732, 429, 
-82, -1068, -985, 575, 451, -1027, 541, 375, 658, 546, 727, 429, 
-82, -1068, -985, 575, 451, -1027, 541, 380, 658, 546, 727, 429, 
-92, -1073, -980, 583, 444, -1027, 546, 380, 658, 546, 727, 429, 
-87, -1078, -990, 583, 451, -1034, 546, 380, 653, 546, 717, 419, 
-87, -1078, -990, 583, 451, -1034, 551, 380, 658, 546, 722, 414, 
-87, -1083, -995, 585, 453, -1039, 551, 380, 658, 546, 722, 409, 
-87, -1083, -995, 585, 453, -1039, 551, 385, 658, 546, 722, 409, 
-87, -1078, -990, 583, 451, -1034, 551, 385, 658, 551, 717, 419, 
-87, -1078, -990, 583, 451, -1034, 551, 385, 663, 551, 717, 419, 
-87, -1078, -990, 583, 451, -1034, 551, 385, 668, 551, 717, 419, 
-87, -1078, -990, 583, 451, -1034, 556, 385, 668, 551, 717, 419, 
-97, -1083, -985, 590, 444, -1034, 561, 385, 673, 551, 712, 409, 
-97, -1073, -976, 585, 439, -1024, 561, 390, 673, 551, 712, 409, 
-92, -1073, -980, 583, 444, -1027, 561, 395, 673, 551, 712, 409, 
-92, -1073, -980, 583, 444, -1027, 561, 400, 673, 551, 712, 409, 
-82, -1073, -990, 578, 453, -1032, 561, 400, 678, 551, 722, 424, 
-87, -1073, -985, 580, 448, -1029, 561, 400, 678, 556, 722, 424, 
-87, -1073, -985, 580, 448, -1029, 561, 400, 678, 556, 722, 419, 
-92, -1073, -980, 583, 444, -1027, 561, 400, 683, 556, 722, 419, 
-92, -1083, -990, 588, 448, -1037, 561, 400, 688, 566, 722, 419, 
-92, -1083, -990, 588, 448, -1037, 561, 400, 688, 561, 722, 419, 
-92, -1078, -985, 585, 446, -1032, 561, 400, 688, 561, 722, 419, 
-92, -1078, -985, 585, 446, -1032, 566, 400, 688, 561, 722, 419, 
-92, -1078, -985, 585, 446, -1032, 566, 400, 683, 566, 727, 419, 
-92, -1078, -985, 585, 446, -1032, 566, 400, 683, 566, 727, 419, 
-92, -1078, -985, 585, 446, -1032, 566, 400, 688, 570, 727, 419, 
-92, -1078, -985, 585, 446, -1032, 566, 405, 688, 570, 727, 419, 
-102, -1068, -966, 585, 431, -1017, 566, 405, 688, 561, 727, 419, 
-102, -1068, -966, 585, 431, -1017, 566, 405, 688, 561, 727, 424, 
-102, -1068, -966, 585, 431, -1017, 566, 400, 688, 561, 727, 424, 
-97, -1068, -971, 583, 436, -1019, 566, 400, 688, 561, 732, 424, 
-97, -1078, -980, 588, 441, -1029, 575, 409, 692, 566, 732, 424, 
-97, -1078, -980, 588, 441, -1029, 570, 405, 692, 566, 732, 424, 
-97, -1078, -980, 588, 441, -1029, 570, 405, 692, 566, 732, 424, 
-102, -1078, -976, 590, 436, -1027, 570, 409, 692, 566, 732, 424, 
-92, -1078, -985, 585, 446, -1032, 561, 400, 692, 566, 732, 424, 
-92, -1078, -985, 585, 446, -1032, 561, 400, 692, 566, 732, 424, 
-87, -1078, -990, 583, 451, -1034, 561, 400, 692, 561, 736, 424, 
-87, -1073, -985, 580, 448, -1029, 566, 400, 692, 561, 736, 429, 
-78, -1073, -995, 575, 458, -1034, 566, 390, 692, 561, 741, 434, 
-82, -1078, -995, 580, 456, -1037, 561, 390, 692, 561, 741, 434, 
-82, -1078, -995, 580, 456, -1037, 561, 390, 697, 561, 741, 434, 
-82, -1078, -995, 580, 456, -1037, 561, 390, 697, 566, 741, 434, 
-82, -1068, -985, 575, 451, -1027, 561, 390, 688, 566, 741, 434, 
-82, -1068, -985, 575, 451, -1027, 561, 390, 688, 566, 746, 434, 
-82, -1068, -985, 575, 451, -1027, 561, 390, 688, 566, 746, 434, 
-78, -1068, -990, 573, 456, -1029, 561, 390, 688, 566, 741, 434, 
-78, -1068, -990, 573, 456, -1029, 561, 385, 678, 561, 741, 434, 
-78, -1068, -990, 573, 456, -1029, 561, 385, 678, 561, 741, 429, 
-68, -1068, -1000, 568, 466, -1034, 561, 385, 678, 561, 741, 429, 
-68, -1068, -1000, 568, 466, -1034, 561, 385, 673, 561, 741, 434, 
-78, -1068, -990, 573, 456, -1029, 561, 385, 683, 570, 741, 444, 
-78, -1068, -990, 573, 456, -1029, 561, 385, 683, 570, 741, 444, 
-78, -1068, -990, 573, 456, -1029, 561, 380, 683, 570, 741, 444, 
-78, -1073, -995, 575, 458, -1034, 561, 380, 683, 570, 741, 444, 
-78, -1073, -995, 575, 458, -1034, 561, 385, 683, 575, 751, 444, 
-78, -1073, -995, 575, 458, -1034, 561, 385, 683, 575, 751, 444, 
-82, -1073, -990, 578, 453, -1032, 561, 385, 683, 570, 751, 444, 
-82, -1073, -990, 578, 453, -1032, 561, 385, 683, 570, 751, 444, 
-82, -1073, -990, 578, 453, -1032, 561, 385, 683, 561, 746, 444, 
-82, -1073, -990, 578, 453, -1032, 561, 380, 678, 561, 746, 444, 
-82, -1073, -990, 578, 453, -1032, 561, 380, 678, 561, 746, 444, 
-82, -1073, -990, 578, 453, -1032, 561, 380, 678, 561, 741, 444, 
-73, -1083, -1010, 578, 468, -1046, 546, 375, 668, 546, 741, 434, 
-73, -1083, -1010, 578, 468, -1046, 546, 375, 668, 546, 741, 434, 
-73, -1078, -1005, 575, 466, -1041, 546, 370, 668, 551, 741, 434, 
-73, -1078, -1005, 575, 466, -1041, 546, 370, 668, 551, 741, 434, 
-82, -1078, -995, 580, 456, -1037, 546, 375, 668, 551, 741, 434, 
-82, -1078, -995, 580, 456, -1037, 551, 375, 668, 551, 746, 434, 
-82, -1078, -995, 580, 456, -1037, 551, 375, 668, 551, 746, 434, 
-82, -1078, -995, 580, 456, -1037, 551, 375, 668, 551, 741, 434, 
-82, -1078, -995, 580, 456, -1037, 551, 370, 663, 561, 741, 444, 
-82, -1083, -1000, 583, 458, -1041, 551, 366, 663, 561, 741, 444, 
-82, -1083, -1000, 583, 458, -1041, 546, 366, 668, 561, 746, 444, 
-82, -1083, -1000, 583, 458, -1041, 546, 366, 668, 556, 746, 444, 
-73, -1088, -1015, 580, 470, -1051, 546, 366, 658, 556, 746, 434, 
-73, -1088, -1015, 580, 470, -1051, 546, 366, 658, 556, 746, 434, 
-73, -1083, -1010, 578, 468, -1046, 546, 366, 658, 561, 746, 434, 
-73, -1083, -1010, 578, 468, -1046, 551, 366, 658, 561, 746, 434, 
-73, -1088, -1015, 580, 470, -1051, 551, 366, 668, 561, 746, 434, 
-73, -1088, -1015, 580, 470, -1051, 551, 366, 668, 556, 741, 434, 
-73, -1088, -1015, 580, 470, -1051, 551, 366, 663, 556, 741, 434, 
-78, -1088, -1010, 583, 466, -1049, 551, 366, 663, 556, 741, 434, 
-78, -1083, -1005, 580, 463, -1044, 546, 366, 653, 546, 732, 434, 
-73, -1083, -1010, 578, 468, -1046, 546, 366, 658, 546, 732, 434, 
-73, -1083, -1010, 578, 468, -1046, 546, 366, 658, 546, 732, 434, 
-73, -1083, -1010, 578, 468, -1046, 546, 366, 658, 546, 732, 434, 
-73, -1093, -1019, 583, 473, -1056, 546, 366, 663, 546, 741, 434, 
-73, -1093, -1019, 583, 473, -1056, 546, 366, 663, 551, 741, 434, 
-73, -1093, -1019, 583, 473, -1056, 551, 366, 658, 551, 741, 434, 
-78, -1093, -1015, 585, 468, -1054, 551, 366, 658, 546, 741, 434, 
-78, -1093, -1015, 585, 468, -1054, 556, 361, 668, 546, 732, 444, 
-73, -1093, -1019, 583, 473, -1056, 556, 361, 668, 546, 732, 444, 
-73, -1093, -1019, 583, 473, -1056, 556, 361, 668, 546, 732, 444, 
-73, -1093, -1019, 583, 473, -1056, 561, 361, 668, 546, 732, 444, 
-78, -1083, -1005, 580, 463, -1044, 551, 366, 668, 556, 741, 434, 
-78, -1083, -1005, 580, 463, -1044, 551, 366, 668, 556, 741, 434, 
-78, -1083, -1005, 580, 463, -1044, 551, 361, 668, 556, 741, 434, 
-78, -1088, -1010, 583, 466, -1049, 551, 361, 668, 556, 741, 434, 
-78, -1098, -1019, 588, 470, -1058, 551, 361, 663, 546, 741, 444, 
-78, -1093, -1015, 585, 468, -1054, 551, 361, 663, 546, 746, 444, 
-78, -1093, -1015, 585, 468, -1054, 551, 361, 663, 551, 746, 444, 
-82, -1098, -1015, 590, 466, -1056, 551, 361, 663, 551, 746, 444, 
-82, -1098, -1015, 590, 466, -1056, 561, 361, 668, 546, 756, 444, 
-78, -1098, -1019, 588, 470, -1058, 561, 361, 668, 546, 756, 444, 
-78, -1098, -1019, 588, 470, -1058, 561, 361, 668, 546, 756, 444, 
-78, -1102, -1024, 590, 473, -1063, 561, 361, 668, 551, 756, 444, 
-68, -1093, -1024, 580, 478, -1058, 561, 361, 658, 551, 746, 444, 
-68, -1093, -1024, 580, 478, -1058, 561, 361, 658, 546, 746, 444, 
-68, -1093, -1024, 580, 478, -1058, 561, 361, 658, 546, 746, 444, 
-68, -1093, -1024, 580, 478, -1058, 561, 361, 658, 546, 746, 444, 
-78, -1083, -1005, 580, 463, -1044, 561, 361, 653, 556, 746, 444, 
-78, -1083, -1005, 580, 463, -1044, 561, 361, 653, 556, 746, 444, 
-78, -1083, -1005, 580, 463, -1044, 561, 361, 653, 556, 746, 444, 
-78, -1083, -1005, 580, 463, -1044, 561, 361, 653, 556, 746, 444, 
-87, -1088, -1000, 588, 456, -1044, 561, 361, 658, 556, 746, 444, 
-87, -1088, -1000, 588, 456, -1044, 561, 361, 658, 556, 746, 444, 
-87, -1093, -1005, 590, 458, -1049, 561, 361, 658, 556, 746, 444, 
-87, -1102, -1015, 595, 463, -1058, 561, 361, 658, 556, 746, 448, 
-92, -1102, -1010, 597, 458, -1056, 561, 366, 658, 556, 751, 439, 
-92, -1098, -1005, 595, 456, -1051, 561, 366, 658, 556, 751, 439, 
-87, -1098, -1010, 592, 461, -1054, 561, 366, 658, 556, 751, 439, 
-87, -1098, -1010, 592, 461, -1054, 561, 366, 663, 556, 751, 439, 
-78, -1088, -1010, 583, 466, -1049, 561, 366, 663, 551, 751, 439, 
-78, -1093, -1015, 585, 468, -1054, 561, 366, 668, 551, 751, 444, 
-78, -1093, -1015, 585, 468, -1054, 566, 366, 668, 551, 756, 444, 
-78, -1088, -1010, 583, 466, -1049, 566, 366, 663, 556, 761, 444, 
-78, -1083, -1005, 580, 463, -1044, 566, 356, 673, 556, 761, 444, 
-78, -1073, -995, 575, 458, -1034, 566, 356, 673, 556, 761, 448, 
-78, -1073, -995, 575, 458, -1034, 570, 361, 678, 556, 766, 448, 
-78, -1068, -990, 573, 456, -1029, 575, 361, 683, 556, 771, 453, 
-78, -1054, -976, 566, 448, -1015, 585, 366, 702, 570, 771, 453, 
-78, -1054, -976, 566, 448, -1015, 590, 370, 702, 580, 771, 453, 
-73, -1054, -980, 563, 453, -1017, 595, 385, 712, 580, 775, 453, 
-73, -1054, -980, 563, 453, -1017, 595, 400, 712, 585, 775, 458, 
-63, -1054, -990, 558, 463, -1022, 595, 400, 712, 585, 775, 458, 
-68, -1054, -985, 561, 458, -1019, 595, 400, 717, 585, 775, 458, 
-68, -1054, -985, 561, 458, -1019, 600, 400, 717, 585, 771, 463, 
-63, -1054, -990, 558, 463, -1022, 610, 405, 717, 585, 771, 463, 
-68, -1049, -980, 558, 456, -1015, 610, 405, 712, 585, 780, 473, 
-68, -1049, -980, 558, 456, -1015, 605, 405, 712, 585, 780, 473, 
-58, -1044, -985, 551, 463, -1015, 605, 405, 712, 585, 780, 468, 
-53, -1044, -990, 549, 468, -1017, 605, 405, 712, 580, 780, 468, 
-53, -1049, -995, 551, 470, -1022, 600, 414, 722, 590, 785, 468, 
-63, -1049, -985, 556, 461, -1017, 600, 414, 727, 595, 795, 468, 
-53, -1044, -990, 549, 468, -1017, 600, 414, 736, 605, 795, 473, 
-53, -1049, -995, 551, 470, -1022, 585, 409, 736, 610, 785, 468, 
-58, -1044, -985, 551, 463, -1015, 566, 400, 732, 605, 790, 468, 
-48, -1054, -1005, 551, 478, -1029, 561, 395, 722, 595, 790, 458, 
-48, -1054, -1005, 551, 478, -1029, 556, 390, 722, 595, 790, 458, 
-48, -1054, -1005, 551, 478, -1029, 551, 385, 722, 595, 790, 458, 
-48, -1054, -1005, 551, 478, -1029, 546, 380, 722, 595, 790, 458, 
-58, -1063, -1005, 561, 473, -1034, 546, 370, 712, 590, 780, 458, 
-58, -1063, -1005, 561, 473, -1034, 546, 370, 712, 585, 780, 458, 
-58, -1063, -1005, 561, 473, -1034, 546, 370, 712, 580, 780, 458, 
-58, -1063, -1005, 561, 473, -1034, 546, 370, 712, 575, 780, 458, 
-58, -1073, -1015, 566, 478, -1044, 546, 370, 707, 575, 771, 458, 
-58, -1073, -1015, 566, 478, -1044, 546, 370, 702, 575, 771, 458, 
-58, -1073, -1015, 566, 478, -1044, 546, 370, 697, 575, 771, 458, 
-58, -1073, -1015, 566, 478, -1044, 546, 370, 692, 575, 771, 458, 
-58, -1083, -1024, 570, 483, -1054, 536, 361, 688, 570, 771, 448, 
-58, -1083, -1024, 570, 483, -1054, 536, 361, 683, 566, 771, 448, 
-58, -1083, -1024, 570, 483, -1054, 536, 361, 678, 561, 771, 448, 
-58, -1083, -1024, 570, 483, -1054, 536, 361, 673, 556, 771, 448, 
-58, -1088, -1029, 573, 485, -1058, 536, 356, 658, 546, 761, 448, 
-58, -1093, -1034, 575, 488, -1063, 536, 351, 653, 546, 761, 448, 
-58, -1098, -1039, 578, 490, -1068, 536, 346, 649, 546, 761, 448, 
-58, -1102, -1044, 580, 492, -1073, 536, 341, 644, 546, 761, 448, 
-68, -1102, -1034, 585, 483, -1068, 536, 341, 653, 546, 761, 458, 
-68, -1102, -1034, 585, 483, -1068, 536, 341, 653, 546, 761, 458, 
-68, -1102, -1034, 585, 483, -1068, 536, 341, 653, 546, 761, 458, 
-68, -1102, -1034, 585, 483, -1068, 536, 341, 653, 546, 761, 458, 
-58, -1098, -1039, 578, 490, -1068, 527, 331, 644, 546, 751, 458, 
-58, -1093, -1034, 575, 488, -1063, 527, 331, 644, 546, 751, 458, 
-58, -1088, -1029, 573, 485, -1058, 527, 331, 644, 546, 751, 458, 
-58, -1083, -1024, 570, 483, -1054, 527, 331, 644, 546, 751, 458, 
-58, -1073, -1015, 566, 478, -1044, 536, 331, 644, 546, 761, 458, 
-58, -1073, -1015, 566, 478, -1044, 536, 331, 644, 546, 761, 458, 
-58, -1073, -1015, 566, 478, -1044, 536, 331, 644, 546, 761, 458, 
-58, -1073, -1015, 566, 478, -1044, 536, 331, 644, 546, 761, 458, 
-58, -1083, -1024, 570, 483, -1054, 541, 341, 649, 556, 761, 458, 
-58, -1083, -1024, 570, 483, -1054, 546, 341, 653, 556, 761, 458, 
-58, -1083, -1024, 570, 483, -1054, 551, 341, 658, 556, 761, 458, 
-58, -1083, -1024, 570, 483, -1054, 556, 341, 663, 556, 761, 458, 
-48, -1093, -1044, 570, 497, -1068, 556, 346, 673, 556, 771, 458, 
-48, -1093, -1044, 570, 497, -1068, 556, 351, 673, 556, 771, 458, 
-48, -1093, -1044, 570, 497, -1068, 556, 356, 673, 556, 771, 458, 
-48, -1093, -1044, 570, 497, -1068, 556, 361, 673, 556, 771, 458, 
-48, -1098, -1049, 573, 500, -1073, 556, 351, 668, 546, 761, 448, 
-48, -1102, -1054, 575, 502, -1078, 556, 351, 663, 546, 761, 448, 
-48, -1107, -1058, 578, 505, -1083, 556, 351, 658, 546, 761, 448, 
-48, -1112, -1063, 580, 507, -1088, 556, 351, 653, 546, 761, 448, 
-48, -1122, -1073, 585, 512, -1098, 551, 341, 644, 536, 751, 448, 
-48, -1122, -1073, 585, 512, -1098, 551, 341, 644, 536, 751, 448, 
-48, -1122, -1073, 585, 512, -1098, 551, 341, 644, 536, 746, 444, 
-53, -1122, -1068, 588, 507, -1095, 551, 346, 644, 536, 746, 444, 
-63, -1112, -1049, 588, 492, -1080, 561, 346, 658, 546, 761, 448, 
-68, -1107, -1039, 588, 485, -1073, 561, 346, 663, 551, 761, 448, 
-78, -1107, -1029, 592, 475, -1068, 566, 346, 663, 551, 766, 448, 
-78, -1107, -1029, 592, 475, -1068, 570, 351, 663, 556, 766, 448, 
-73, -1117, -1044, 595, 485, -1080, 566, 361, 673, 546, 766, 448, 
-73, -1112, -1039, 592, 483, -1076, 566, 361, 663, 546, 756, 448, 
-73, -1112, -1039, 592, 483, -1076, 570, 361, 663, 546, 756, 439, 
-73, -1117, -1044, 595, 485, -1080, 575, 361, 663, 546, 756, 439, 
-78, -1117, -1039, 597, 480, -1078, 575, 361, 653, 551, 756, 439, 
-78, -1117, -1039, 597, 480, -1078, 570, 361, 653, 551, 751, 434, 
-73, -1117, -1044, 595, 485, -1080, 570, 361, 653, 551, 751, 434, 
-73, -1117, -1044, 595, 485, -1080, 566, 361, 653, 556, 751, 439, 
-68, -1122, -1054, 595, 492, -1088, 566, 361, 653, 546, 761, 439, 
-73, -1127, -1054, 600, 490, -1090, 566, 361, 653, 541, 756, 434, 
-73, -1127, -1054, 600, 490, -1090, 566, 361, 649, 541, 756, 434, 
-68, -1122, -1054, 595, 492, -1088, 570, 361, 649, 541, 761, 434, 
-68, -1122, -1054, 595, 492, -1088, 570, 361, 653, 541, 751, 444, 
-68, -1122, -1054, 595, 492, -1088, 570, 361, 658, 541, 751, 444, 
-68, -1122, -1054, 595, 492, -1088, 570, 361, 658, 541, 751, 444, 
-63, -1122, -1058, 592, 497, -1090, 570, 361, 663, 546, 756, 444, 
-73, -1132, -1058, 602, 492, -1095, 566, 361, 663, 556, 756, 444, 
-73, -1132, -1058, 602, 492, -1095, 566, 361, 663, 556, 756, 439, 
-73, -1127, -1054, 600, 490, -1090, 566, 361, 668, 551, 751, 439, 
-73, -1127, -1054, 600, 490, -1090, 566, 361, 668, 551, 751, 439, 
-73, -1127, -1054, 600, 490, -1090, 566, 361, 668, 551, 751, 439, 
-73, -1127, -1054, 600, 490, -1090, 566, 361, 663, 551, 751, 439, 
-73, -1127, -1054, 600, 490, -1090, 566, 361, 663, 551, 751, 439, 
-78, -1127, -1049, 602, 485, -1088, 566, 366, 668, 551, 751, 434, 
-78, -1137, -1058, 607, 490, -1098, 575, 366, 668, 551, 761, 439, 
-73, -1102, -1029, 588, 478, -1066, 575, 361, 663, 551, 751, 439, 
-73, -1112, -1039, 592, 483, -1076, 575, 361, 663, 551, 751, 444, 
-73, -1122, -1049, 597, 488, -1085, 575, 361, 663, 551, 751, 448, 
-73, -1122, -1049, 597, 488, -1085, 566, 361, 663, 551, 751, 439, 
-73, -1122, -1049, 597, 488, -1085, 570, 361, 663, 546, 751, 439, 
-73, -1122, -1049, 597, 488, -1085, 570, 361, 663, 546, 751, 439, 
-73, -1127, -1054, 600, 490, -1090, 566, 361, 663, 546, 751, 439, 
-82, -1127, -1044, 605, 480, -1085, 575, 361, 663, 546, 751, 439, 
-82, -1127, -1044, 605, 480, -1085, 575, 361, 663, 546, 751, 439, 
-82, -1132, -1049, 607, 483, -1090, 575, 361, 663, 546, 751, 439, 
-82, -1132, -1049, 607, 483, -1090, 575, 361, 663, 546, 751, 444, 
-78, -1132, -1054, 605, 488, -1093, 575, 351, 663, 546, 751, 444, 
-78, -1132, -1054, 605, 488, -1093, 575, 351, 663, 546, 751, 439, 
-73, -1132, -1058, 602, 492, -1095, 575, 351, 663, 546, 751, 439, 
-68, -1132, -1063, 600, 497, -1098, 575, 351, 658, 546, 751, 444, 
-68, -1132, -1063, 600, 497, -1098, 575, 361, 658, 546, 756, 444, 
-68, -1127, -1058, 597, 495, -1093, 575, 361, 658, 546, 756, 444, 
-68, -1127, -1058, 597, 495, -1093, 575, 356, 658, 546, 756, 444, 
-68, -1127, -1058, 597, 495, -1093, 575, 356, 663, 546, 756, 444, 
-63, -1127, -1063, 595, 500, -1095, 575, 366, 663, 546, 746, 444, 
-63, -1127, -1063, 595, 500, -1095, 575, 366, 663, 541, 746, 444, 
-63, -1127, -1063, 595, 500, -1095, 570, 366, 663, 541, 746, 444, 
-63, -1127, -1063, 595, 500, -1095, 570, 366, 663, 541, 746, 444, 
-73, -1127, -1054, 600, 490, -1090, 570, 356, 663, 541, 756, 444, 
-73, -1127, -1054, 600, 490, -1090, 570, 356, 658, 541, 756, 444, 
-73, -1127, -1054, 600, 490, -1090, 570, 356, 658, 541, 756, 439, 
-73, -1127, -1054, 600, 490, -1090, 575, 361, 658, 541, 756, 434, 
-73, -1127, -1054, 600, 490, -1090, 575, 361, 658, 541, 751, 444, 
-73, -1127, -1054, 600, 490, -1090, 575, 356, 658, 541, 751, 444, 
-73, -1127, -1054, 600, 490, -1090, 575, 356, 658, 541, 751, 444, 
-73, -1127, -1054, 600, 490, -1090, 575, 356, 658, 541, 751, 448, 
-63, -1127, -1063, 595, 500, -1095, 575, 366, 653, 556, 761, 458, 
-63, -1127, -1063, 595, 500, -1095, 575, 366, 658, 556, 761, 463, 
-63, -1122, -1058, 592, 497, -1090, 575, 366, 658, 556, 761, 463, 
-63, -1122, -1058, 592, 497, -1090, 575, 366, 658, 556, 771, 463, 
-63, -1112, -1049, 588, 492, -1080, 585, 366, 658, 551, 761, 453, 
-63, -1112, -1049, 588, 492, -1080, 585, 370, 663, 551, 761, 453, 
-63, -1112, -1049, 588, 492, -1080, 585, 370, 663, 551, 756, 453, 
-68, -1117, -1049, 592, 490, -1083, 585, 370, 658, 551, 756, 453, 
-58, -1117, -1058, 588, 500, -1088, 585, 361, 668, 551, 766, 463, 
-58, -1117, -1058, 588, 500, -1088, 585, 361, 668, 551, 766, 458, 
-58, -1117, -1058, 588, 500, -1088, 585, 361, 668, 556, 766, 458, 
-58, -1112, -1054, 585, 497, -1083, 590, 361, 668, 556, 766, 458, 
-68, -1112, -1044, 590, 488, -1078, 580, 361, 663, 551, 761, 448, 
-68, -1112, -1044, 590, 488, -1078, 575, 361, 663, 551, 761, 448, 
-68, -1112, -1044, 590, 488, -1078, 575, 361, 658, 546, 761, 453, 
-68, -1112, -1044, 590, 488, -1078, 575, 361, 649, 541, 761, 453, 
-58, -1112, -1054, 585, 497, -1083, 585, 361, 668, 541, 771, 448, 
-58, -1107, -1049, 583, 495, -1078, 590, 361, 663, 551, 761, 448, 
-58, -1107, -1049, 583, 495, -1078, 585, 366, 663, 551, 756, 453, 
-68, -1102, -1034, 585, 483, -1068, 590, 370, 673, 556, 756, 453, 
-73, -1102, -1029, 588, 478, -1066, 600, 380, 683, 556, 756, 439, 
-92, -1102, -1010, 597, 458, -1056, 610, 395, 697, 556, 751, 424, 
-117, -1107, -990, 612, 436, -1049, 629, 405, 707, 561, 741, 414, 
-126, -1098, -971, 612, 422, -1034, 639, 409, 727, 566, 736, 409, 
-136, -1083, -946, 610, 405, -1015, 649, 429, 751, 590, 746, 405, 
-156, -1078, -922, 617, 383, -1000, 668, 453, 775, 614, 756, 405, 
-156, -1078, -922, 617, 383, -1000, 683, 478, 795, 619, 761, 400, 
-156, -1073, -917, 614, 380, -995, 692, 492, 805, 629, 780, 409, 
-156, -1063, -907, 610, 375, -985, 692, 512, 829, 678, 824, 439, 
-141, -1024, -883, 583, 370, -954, 683, 536, 883, 756, 902, 483, 
-92, -956, -863, 524, 385, -910, 663, 551, 936, 858, 1010, 556, 
-39, -893, -854, 466, 407, -873, 619, 566, 980, 941, 1122, 624, 
24, -858, -883, 417, 453, -871, 575, 561, 990, 1000, 1215, 707, 
126, -829, -956, 351, 541, -893, 522, 580, 990, 1034, 1302, 790, 
234, -814, -1049, 290, 641, -932, 483, 614, 956, 1054, 1385, 878, 
351, -805, -1156, 226, 753, -980, 434, 624, 907, 1049, 1478, 985, 
488, -771, -1259, 141, 873, -1015, 375, 629, 878, 1068, 1576, 1122, 
629, -736, -1366, 53, 997, -1051, 322, 673, 883, 1088, 1668, 1239, 
751, -702, -1454, -24, 1102, -1078, 283, 717, 927, 1122, 1761, 1332, 
854, -668, -1522, -92, 1188, -1095, 248, 746, 1000, 1190, 1844, 1415, 
941, -624, -1566, -158, 1254, -1095, 195, 707, 1034, 1239, 1908, 1493, 
1019, -614, -1634, -202, 1327, -1124, 112, 590, 990, 1195, 1888, 1532, 
1068, -619, -1688, -224, 1378, -1154, 48, 468, 917, 1049, 1732, 1503, 
1083, -639, -1722, -222, 1403, -1180, 29, 366, 844, 888, 1527, 1439, 
1049, -658, -1708, -195, 1378, -1183, 9, 219, 761, 785, 1366, 1366, 
956, -678, -1634, -139, 1295, -1156, 19, 34, 702, 732, 1263, 1307, 
800, -683, -1483, -58, 1141, -1083, 63, -136, 658, 692, 1185, 1249, 
610, -697, -1307, 43, 958, -1002, 146, -234, 575, 619, 1093, 1166, 
414, -736, -1151, 161, 783, -944, 224, -253, 488, 541, 976, 1054, 
214, -824, -1039, 305, 627, -932, 322, -204, 395, 448, 844, 907, 
24, -927, -951, 451, 488, -939, 463, -87, 312, 346, 712, 746, 
-122, -1015, -893, 568, 385, -954, 585, 53, 278, 258, 610, 610, 
-214, -1088, -873, 651, 329, -980, 692, 180, 273, 209, 531, 497, 
-253, -1151, -897, 702, 322, -1024, 790, 268, 253, 180, 492, 434, 
-258, -1200, -941, 729, 341, -1071, 858, 370, 244, 170, 478, 395, 
-253, -1239, -985, 746, 366, -1112, 878, 448, 258, 180, 478, 351, 
-239, -1278, -1039, 758, 400, -1159, 854, 458, 273, 195, 483, 331, 
-229, -1298, -1068, 763, 419, -1183, 810, 468, 297, 219, 492, 331, 
-204, -1288, -1083, 746, 439, -1185, 790, 507, 336, 263, 517, 336, 
-170, -1273, -1102, 722, 466, -1188, 785, 556, 395, 307, 556, 346, 
-151, -1244, -1093, 697, 470, -1168, 761, 566, 439, 361, 600, 366, 
-136, -1215, -1078, 675, 470, -1146, 732, 575, 488, 409, 634, 380, 
-112, -1190, -1078, 651, 483, -1134, 717, 585, 522, 444, 663, 395, 
-87, -1166, -1078, 627, 495, -1122, 707, 580, 551, 468, 688, 405, 
-68, -1132, -1063, 600, 497, -1098, 697, 566, 580, 488, 712, 429, 
-63, -1117, -1054, 590, 495, -1085, 688, 546, 610, 497, 722, 444, 
-63, -1112, -1049, 588, 492, -1080, 678, 536, 624, 507, 717, 444, 
-53, -1112, -1058, 583, 502, -1085, 673, 527, 624, 502, 722, 444, 
-43, -1112, -1068, 578, 512, -1090, 658, 512, 619, 502, 722, 439, 
-43, -1112, -1068, 578, 512, -1090, 639, 492, 619, 507, 722, 434, 
-53, -1122, -1068, 588, 507, -1095, 614, 473, 624, 522, 727, 429, 
-63, -1112, -1049, 588, 492, -1080, 600, 444, 634, 541, 736, 429, 
-58, -1112, -1054, 585, 497, -1083, 585, 419, 629, 541, 736, 429, 
-53, -1107, -1054, 580, 500, -1080, 595, 405, 639, 551, 741, 439, 
-53, -1102, -1049, 578, 497, -1076, 600, 405, 644, 551, 751, 448, 
-48, -1098, -1049, 573, 500, -1073, 600, 409, 644, 551, 751, 448, 
-48, -1093, -1044, 570, 497, -1068, 600, 409, 644, 546, 751, 448, 
-48, -1093, -1044, 570, 497, -1068, 600, 409, 649, 541, 751, 458, 
-48, -1098, -1049, 573, 500, -1073, 595, 414, 649, 536, 751, 458, 
-53, -1102, -1049, 578, 497, -1076, 595, 419, 649, 531, 746, 453, 
-53, -1102, -1049, 578, 497, -1076, 595, 424, 649, 536, 746, 453, 
-43, -1093, -1049, 568, 502, -1071, 585, 409, 653, 546, 756, 458, 
-43, -1093, -1049, 568, 502, -1071, 585, 405, 658, 546, 756, 458, 
-43, -1088, -1044, 566, 500, -1066, 575, 405, 658, 551, 756, 463, 
-43, -1088, -1044, 566, 500, -1066, 575, 405, 658, 551, 761, 463, 
-34, -1083, -1049, 558, 507, -1066, 585, 414, 649, 551, 761, 463, 
-34, -1083, -1049, 558, 507, -1066, 590, 414, 649, 551, 756, 463, 
-39, -1083, -1044, 561, 502, -1063, 590, 409, 644, 551, 756, 458, 
-39, -1093, -1054, 566, 507, -1073, 590, 409, 644, 546, 756, 458, 
-34, -1083, -1049, 558, 507, -1066, 590, 414, 644, 546, 761, 468, 
-34, -1083, -1049, 558, 507, -1066, 590, 414, 644, 546, 766, 473, 
-39, -1083, -1044, 561, 502, -1063, 585, 414, 644, 551, 775, 473, 
-39, -1088, -1049, 563, 505, -1068, 585, 414, 644, 551, 780, 473, 
-34, -1088, -1054, 561, 509, -1071, 575, 405, 644, 546, 780, 468, 
-34, -1088, -1054, 561, 509, -1071, 575, 405, 644, 546, 775, 468, 
-34, -1088, -1054, 561, 509, -1071, 575, 400, 644, 541, 771, 468, 
-34, -1088, -1054, 561, 509, -1071, 575, 400, 644, 541, 766, 463, 
-34, -1078, -1044, 556, 505, -1061, 575, 409, 634, 551, 766, 463, 
-34, -1078, -1044, 556, 505, -1061, 575, 409, 634, 551, 766, 468, 
-34, -1078, -1044, 556, 505, -1061, 575, 409, 639, 551, 761, 468, 
-39, -1078, -1039, 558, 500, -1058, 575, 409, 639, 551, 761, 463, 
-39, -1078, -1039, 558, 500, -1058, 570, 405, 624, 546, 761, 463, 
-29, -1078, -1049, 553, 509, -1063, 570, 405, 624, 546, 761, 463, 
-29, -1073, -1044, 551, 507, -1058, 570, 400, 629, 546, 761, 463, 
-29, -1073, -1044, 551, 507, -1058, 575, 400, 629, 546, 761, 463, 
-34, -1068, -1034, 551, 500, -1051, 566, 405, 629, 546, 751, 463, 
-29, -1063, -1034, 546, 502, -1049, 566, 405, 629, 546, 751, 463, 
-29, -1058, -1029, 544, 500, -1044, 566, 405, 629, 546, 756, 463, 
-29, -1058, -1029, 544, 500, -1044, 566, 405, 629, 551, 756, 463, 
-34, -1058, -1024, 546, 495, -1041, 575, 405, 629, 541, 746, 458, 
-34, -1054, -1019, 544, 492, -1037, 570, 405, 629, 541, 751, 458, 
-34, -1054, -1019, 544, 492, -1037, 570, 405, 634, 541, 751, 453, 
-34, -1054, -1019, 544, 492, -1037, 570, 405, 634, 546, 751, 453, 
-24, -1054, -1029, 539, 502, -1041, 561, 405, 629, 546, 751, 453, 
-24, -1054, -1029, 539, 502, -1041, 561, 405, 629, 546, 756, 453, 
-24, -1054, -1029, 539, 502, -1041, 561, 405, 629, 546, 756, 453, 
-19, -1054, -1034, 536, 507, -1044, 561, 405, 629, 546, 756, 458, 
-19, -1054, -1034, 536, 507, -1044, 561, 414, 634, 551, 771, 458, 
-19, -1054, -1034, 536, 507, -1044, 561, 419, 634, 551, 771, 463, 
-19, -1054, -1034, 536, 507, -1044, 561, 419, 634, 556, 771, 473, 
-19, -1054, -1034, 536, 507, -1044, 561, 419, 629, 561, 775, 473, 
-9, -1044, -1034, 527, 512, -1039, 566, 414, 639, 561, 775, 473, 
-9, -1044, -1034, 527, 512, -1039, 566, 419, 639, 566, 780, 478, 
-9, -1044, -1034, 527, 512, -1039, 566, 419, 639, 566, 780, 483, 
-4, -1044, -1039, 524, 517, -1041, 566, 424, 639, 566, 780, 483, 
4, -1039, -1044, 517, 524, -1041, 556, 424, 629, 556, 790, 483, 
4, -1039, -1044, 517, 524, -1041, 556, 424, 629, 556, 790, 483, 
4, -1039, -1044, 517, 524, -1041, 556, 424, 634, 561, 790, 488, 
4, -1039, -1044, 517, 524, -1041, 556, 429, 639, 570, 800, 488, 
14, -1029, -1044, 507, 529, -1037, 546, 434, 644, 570, 800, 492, 
14, -1034, -1049, 509, 531, -1041, 546, 434, 644, 570, 800, 492, 
14, -1034, -1049, 509, 531, -1041, 546, 444, 644, 570, 800, 492, 
19, -1029, -1049, 505, 534, -1039, 546, 444, 653, 580, 800, 497, 
9, -1029, -1039, 509, 524, -1034, 546, 453, 644, 570, 800, 502, 
9, -1029, -1039, 509, 524, -1034, 541, 453, 639, 570, 800, 497, 
19, -1029, -1049, 505, 534, -1039, 541, 453, 639, 570, 795, 492, 
24, -1024, -1049, 500, 536, -1037, 541, 458, 639, 575, 795, 488, 
29, -1019, -1049, 495, 539, -1034, 541, 468, 653, 580, 800, 492, 
29, -1019, -1049, 495, 539, -1034, 541, 468, 653, 580, 800, 492, 
29, -1019, -1049, 495, 539, -1034, 541, 478, 653, 585, 805, 497, 
34, -1015, -1049, 490, 541, -1032, 536, 483, 663, 585, 810, 507, 
43, -1005, -1049, 480, 546, -1027, 541, 478, 658, 585, 814, 512, 
48, -1000, -1049, 475, 549, -1024, 541, 483, 663, 590, 819, 517, 
48, -1000, -1049, 475, 549, -1024, 541, 488, 663, 595, 829, 527, 
48, -1005, -1054, 478, 551, -1029, 536, 492, 658, 600, 834, 527, 
48, -995, -1044, 473, 546, -1019, 527, 502, 658, 605, 839, 531, 
53, -985, -1039, 466, 546, -1012, 522, 502, 658, 605, 844, 536, 
68, -976, -1044, 453, 556, -1010, 522, 507, 658, 610, 849, 541, 
78, -976, -1054, 448, 566, -1015, 522, 512, 668, 619, 854, 546, 
82, -971, -1054, 444, 568, -1012, 527, 522, 673, 634, 873, 541, 
87, -966, -1054, 439, 570, -1010, 522, 531, 678, 639, 883, 551, 
97, -961, -1058, 431, 578, -1010, 517, 536, 678, 639, 888, 556, 
102, -956, -1058, 427, 580, -1007, 507, 536, 683, 644, 893, 566, 
112, -941, -1054, 414, 583, -997, 502, 546, 678, 658, 893, 585, 
117, -936, -1054, 409, 585, -995, 497, 551, 678, 663, 902, 595, 
131, -936, -1068, 402, 600, -1002, 492, 556, 688, 663, 912, 600, 
136, -927, -1063, 395, 600, -995, 492, 561, 688, 668, 922, 610, 
156, -917, -1073, 380, 614, -995, 488, 575, 697, 668, 927, 629, 
170, -912, -1083, 370, 627, -997, 483, 585, 707, 678, 946, 644, 
185, -912, -1098, 363, 641, -1005, 478, 600, 712, 692, 966, 653, 
195, -907, -1102, 356, 649, -1005, 473, 610, 722, 702, 976, 663, 
200, -893, -1093, 346, 646, -993, 463, 610, 722, 697, 971, 673, 
209, -878, -1088, 334, 649, -983, 453, 610, 717, 702, 985, 678, 
224, -873, -1098, 324, 661, -985, 448, 614, 717, 707, 1000, 678, 
234, -868, -1102, 317, 668, -985, 444, 614, 712, 712, 1010, 683, 
244, -849, -1093, 302, 668, -971, 429, 629, 717, 732, 1024, 688, 
258, -839, -1098, 290, 678, -968, 419, 634, 727, 741, 1039, 707, 
273, -829, -1102, 278, 688, -966, 414, 634, 736, 751, 1054, 722, 
287, -829, -1117, 270, 702, -973, 409, 634, 746, 761, 1068, 722, 
307, -824, -1132, 258, 719, -978, 395, 649, 741, 766, 1073, 741, 
317, -814, -1132, 248, 724, -973, 390, 653, 751, 780, 1088, 751, 
326, -810, -1137, 241, 732, -973, 385, 658, 756, 785, 1093, 761, 
341, -805, -1146, 231, 744, -976, 380, 663, 761, 795, 1107, 771, 
356, -790, -1146, 217, 751, -968, 370, 658, 751, 790, 1112, 780, 
366, -780, -1146, 207, 756, -963, 361, 658, 751, 795, 1122, 795, 
366, -766, -1132, 200, 749, -949, 346, 653, 746, 790, 1127, 795, 
370, -761, -1132, 195, 751, -946, 346, 653, 746, 785, 1127, 805, 
380, -751, -1132, 185, 756, -941, 336, 653, 746, 800, 1141, 805, 
385, -746, -1132, 180, 758, -939, 331, 649, 751, 800, 1151, 814, 
390, -746, -1137, 178, 763, -941, 326, 644, 756, 805, 1156, 819, 
390, -746, -1137, 178, 763, -941, 326, 644, 756, 810, 1156, 829, 
400, -732, -1132, 165, 766, -932, 322, 634, 751, 819, 1166, 824, 
400, -727, -1127, 163, 763, -927, 317, 629, 751, 824, 1166, 824, 
400, -722, -1122, 161, 761, -922, 312, 619, 751, 824, 1166, 824, 
400, -712, -1112, 156, 756, -912, 307, 614, 751, 819, 1166, 819, 
400, -712, -1112, 156, 756, -912, 307, 605, 746, 819, 1156, 814, 
400, -712, -1112, 156, 756, -912, 307, 600, 746, 814, 1151, 814, 
395, -712, -1107, 158, 751, -910, 307, 590, 741, 814, 1151, 814, 
390, -712, -1102, 161, 746, -907, 312, 580, 741, 814, 1141, 810, 
375, -717, -1093, 170, 734, -905, 312, 575, 741, 810, 1141, 814, 
370, -717, -1088, 173, 729, -902, 317, 566, 741, 805, 1132, 805, 
361, -722, -1083, 180, 722, -902, 322, 556, 741, 800, 1122, 790, 
346, -732, -1078, 192, 712, -905, 322, 546, 736, 790, 1117, 780, 
341, -722, -1063, 190, 702, -893, 326, 522, 736, 780, 1098, 775, 
326, -727, -1054, 200, 690, -890, 331, 517, 732, 771, 1083, 761, 
307, -741, -1049, 217, 678, -895, 336, 502, 732, 766, 1073, 746, 
292, -746, -1039, 226, 666, -893, 346, 492, 727, 761, 1054, 727, 
268, -761, -1029, 246, 649, -895, 356, 483, 717, 751, 1049, 722, 
258, -771, -1029, 256, 644, -900, 361, 483, 707, 741, 1029, 707, 
244, -775, -1019, 265, 631, -897, 380, 478, 707, 732, 1010, 692, 
229, -790, -1019, 280, 624, -905, 390, 468, 702, 722, 995, 683, 
214, -790, -1005, 287, 610, -897, 390, 458, 697, 712, 976, 668, 
204, -800, -1005, 297, 605, -902, 395, 448, 688, 697, 961, 653, 
195, -810, -1005, 307, 600, -907, 409, 444, 688, 688, 951, 634, 
180, -819, -1000, 319, 590, -910, 409, 444, 683, 678, 941, 614, 
156, -814, -971, 329, 563, -893, 424, 424, 668, 673, 917, 600, 
141, -819, -961, 339, 551, -890, 424, 414, 663, 663, 907, 580, 
126, -824, -951, 348, 539, -888, 434, 405, 658, 649, 893, 570, 
122, -824, -946, 351, 534, -885, 444, 395, 649, 644, 878, 556, 
107, -824, -932, 358, 519, -878, 453, 395, 649, 629, 854, 536, 
97, -834, -932, 368, 514, -883, 453, 390, 644, 619, 844, 536, 
87, -834, -922, 373, 505, -878, 463, 385, 644, 614, 839, 536, 
82, -849, -932, 383, 507, -890, 463, 380, 644, 610, 834, 527, 
82, -854, -936, 385, 509, -895, 473, 380, 634, 600, 814, 507, 
73, -854, -927, 390, 500, -890, 473, 375, 624, 590, 810, 497, 
63, -858, -922, 397, 492, -890, 478, 370, 610, 585, 800, 488, 
58, -863, -922, 402, 490, -893, 478, 366, 605, 585, 790, 478, 
39, -863, -902, 412, 470, -883, 483, 361, 600, 570, 780, 458, 
19, -863, -883, 422, 451, -873, 488, 361, 600, 566, 771, 458, 
14, -873, -888, 429, 451, -880, 492, 356, 600, 566, 766, 453, 
9, -878, -888, 434, 448, -883, 497, 356, 600, 566, 766, 448, 
4, -873, -878, 434, 441, -875, 492, 356, 600, 570, 751, 448, 
4, -878, -883, 436, 444, -880, 497, 356, 595, 566, 746, 444, 
0, -883, -883, 441, 441, -883, 502, 356, 595, 556, 746, 439, 
-4, -888, -883, 446, 439, -885, 507, 356, 595, 556, 746, 439, 
0, -878, -878, 439, 439, -878, 497, 346, 595, 566, 741, 444, 
-4, -883, -878, 444, 436, -880, 507, 346, 595, 566, 736, 439, 
-4, -883, -878, 444, 436, -880, 507, 346, 595, 566, 732, 439, 
-9, -883, -873, 446, 431, -878, 517, 351, 595, 566, 732, 439, 
-19, -873, -854, 446, 417, -863, 522, 351, 595, 556, 732, 439, 
-29, -873, -844, 451, 407, -858, 522, 351, 600, 556, 732, 439, 
-29, -878, -849, 453, 409, -863, 522, 351, 600, 551, 732, 429, 
-29, -878, -849, 453, 409, -863, 522, 351, 595, 551, 727, 424, 
-29, -878, -849, 453, 409, -863, 522, 341, 585, 541, 717, 414, 
-29, -878, -849, 453, 409, -863, 522, 346, 585, 541, 717, 414, 
-29, -883, -854, 456, 412, -868, 522, 346, 580, 536, 712, 414, 
-29, -883, -854, 456, 412, -868, 522, 346, 580, 536, 712, 414, 
-29, -883, -854, 456, 412, -868, 522, 346, 570, 536, 717, 414, 
-29, -883, -854, 456, 412, -868, 527, 346, 575, 541, 717, 414, 
-29, -888, -858, 458, 414, -873, 527, 346, 575, 541, 717, 414, 
-29, -888, -858, 458, 414, -873, 527, 346, 575, 541, 717, 414, 
-39, -878, -839, 458, 400, -858, 536, 346, 575, 541, 707, 414, 
-39, -878, -839, 458, 400, -858, 536, 346, 575, 536, 707, 409, 
-39, -878, -839, 458, 400, -858, 536, 346, 575, 536, 707, 405, 
-39, -883, -844, 461, 402, -863, 536, 351, 575, 536, 707, 405, 
-39, -873, -834, 456, 397, -854, 527, 351, 575, 536, 697, 395, 
-39, -873, -834, 456, 397, -854, 531, 351, 575, 536, 697, 395, 
-43, -878, -834, 461, 395, -856, 531, 351, 575, 531, 692, 390, 
-43, -878, -834, 461, 395, -856, 536, 351, 575, 531, 692, 390, 
-53, -878, -824, 466, 385, -851, 531, 351, 570, 527, 692, 390, 
-53, -873, -819, 463, 383, -846, 531, 356, 570, 527, 688, 390, 
-53, -873, -819, 463, 383, -846, 531, 361, 570, 527, 688, 390, 
-63, -878, -814, 470, 375, -846, 536, 361, 570, 527, 688, 390, 
-68, -878, -810, 473, 370, -844, 546, 370, 575, 527, 683, 380, 
-68, -873, -805, 470, 368, -839, 551, 370, 580, 527, 683, 375, 
-68, -873, -805, 470, 368, -839, 551, 370, 580, 527, 678, 370, 
-68, -868, -800, 468, 366, -834, 551, 375, 580, 527, 673, 370, 
-68, -863, -795, 466, 363, -829, 541, 375, 580, 531, 658, 361, 
-68, -863, -795, 466, 363, -829, 541, 375, 585, 531, 658, 361, 
-68, -863, -795, 466, 363, -829, 541, 375, 590, 531, 658, 361, 
-68, -863, -795, 466, 363, -829, 546, 375, 590, 531, 658, 361, 
-78, -868, -790, 473, 356, -829, 551, 366, 585, 531, 663, 370, 
-78, -858, -780, 468, 351, -819, 551, 370, 585, 531, 663, 370, 
-73, -858, -785, 466, 356, -822, 551, 375, 585, 531, 663, 370, 
-73, -858, -785, 466, 356, -822, 551, 380, 585, 531, 663, 370, 
-82, -858, -775, 470, 346, -817, 551, 380, 590, 531, 668, 375, 
-87, -858, -771, 473, 341, -814, 551, 380, 590, 536, 673, 375, 
-87, -858, -771, 473, 341, -814, 551, 380, 590, 536, 678, 370, 
-92, -858, -766, 475, 336, -812, 551, 380, 595, 536, 683, 370, 
-87, -849, -761, 468, 336, -805, 551, 390, 600, 546, 683, 380, 
-82, -849, -766, 466, 341, -807, 551, 390, 600, 541, 683, 380, 
-78, -844, -766, 461, 344, -805, 551, 390, 600, 541, 683, 380, 
-73, -844, -771, 458, 348, -807, 556, 390, 600, 541, 683, 380, 
-82, -844, -761, 463, 339, -802, 556, 385, 595, 546, 683, 366, 
-82, -844, -761, 463, 339, -802, 556, 380, 595, 546, 678, 361, 
-82, -844, -761, 463, 339, -802, 556, 375, 600, 551, 673, 356, 
-82, -844, -761, 463, 339, -802, 556, 375, 600, 551, 668, 351, 
-82, -839, -756, 461, 336, -797, 546, 375, 595, 546, 658, 341, 
-82, -834, -751, 458, 334, -793, 546, 375, 590, 541, 658, 346, 
-82, -829, -746, 456, 331, -788, 546, 370, 585, 536, 658, 346, 
-78, -824, -746, 451, 334, -785, 546, 370, 580, 531, 663, 346, 
-78, -814, -736, 446, 329, -775, 536, 366, 585, 546, 663, 346, 
-78, -814, -736, 446, 329, -775, 531, 356, 585, 546, 663, 346, 
-78, -814, -736, 446, 329, -775, 531, 351, 585, 546, 663, 346, 
-82, -814, -732, 448, 324, -773, 531, 351, 585, 546, 663, 346, 
-82, -814, -732, 448, 324, -773, 541, 361, 585, 546, 663, 346, 
-82, -814, -732, 448, 324, -773, 541, 361, 585, 546, 663, 346, 
-78, -814, -736, 446, 329, -775, 541, 361, 585, 541, 668, 346, 
-78, -810, -732, 444, 326, -771, 546, 361, 585, 541, 668, 351, 
-68, -800, -732, 434, 331, -766, 536, 361, 585, 541, 673, 346, 
-73, -805, -732, 439, 329, -768, 531, 361, 585, 541, 673, 346, 
-73, -805, -732, 439, 329, -768, 531, 361, 590, 541, 673, 346, 
-73, -805, -732, 439, 329, -768, 531, 361, 590, 546, 673, 346, 
-73, -795, -722, 434, 324, -758, 522, 351, 590, 546, 673, 351, 
-73, -795, -722, 434, 324, -758, 522, 351, 590, 546, 678, 356, 
-73, -795, -722, 434, 324, -758, 522, 351, 590, 546, 678, 361, 
-68, -795, -727, 431, 329, -761, 522, 351, 590, 546, 673, 366, 
-68, -795, -727, 431, 329, -761, 522, 336, 585, 541, 663, 356, 
-68, -795, -727, 431, 329, -761, 522, 336, 580, 541, 663, 351, 
-58, -795, -736, 427, 339, -766, 522, 336, 575, 541, 663, 351, 
-58, -795, -736, 427, 339, -766, 522, 336, 566, 541, 663, 356, 
-48, -790, -741, 419, 346, -766, 522, 336, 566, 536, 658, 351, 
-48, -785, -736, 417, 344, -761, 522, 336, 566, 531, 653, 346, 
-48, -780, -732, 414, 341, -756, 522, 331, 566, 527, 649, 341, 
-48, -780, -732, 414, 341, -756, 522, 331, 566, 522, 644, 336, 
-58, -771, -712, 414, 326, -741, 522, 336, 566, 531, 649, 346, 
-58, -771, -712, 414, 326, -741, 522, 336, 566, 536, 653, 346, 
-63, -771, -707, 417, 322, -739, 522, 336, 566, 536, 658, 346, 
-63, -771, -707, 417, 322, -739, 522, 336, 566, 541, 663, 346, 
-63, -761, -697, 412, 317, -729, 512, 326, 556, 536, 668, 346, 
-63, -761, -697, 412, 317, -729, 512, 322, 551, 531, 668, 346, 
-63, -761, -697, 412, 317, -729, 512, 322, 551, 527, 668, 346, 
-63, -761, -697, 412, 317, -729, 512, 322, 551, 522, 663, 346, 
-53, -771, -717, 412, 331, -744, 517, 326, 546, 517, 673, 346, 
-53, -771, -717, 412, 331, -744, 517, 326, 541, 517, 673, 346, 
-53, -766, -712, 409, 329, -739, 517, 322, 536, 522, 673, 346, 
-53, -766, -712, 409, 329, -739, 517, 322, 531, 522, 673, 346, 
-63, -756, -692, 409, 314, -724, 507, 317, 531, 531, 673, 346, 
-63, -756, -692, 409, 314, -724, 512, 317, 531, 531, 678, 346, 
-63, -756, -692, 409, 314, -724, 512, 317, 531, 531, 678, 346, 
-63, -756, -692, 409, 314, -724, 512, 317, 531, 531, 673, 346, 
-63, -756, -692, 409, 314, -724, 512, 322, 527, 531, 663, 346, 
-63, -761, -697, 412, 317, -729, 512, 317, 527, 531, 663, 346, 
-63, -761, -697, 412, 317, -729, 507, 317, 531, 531, 668, 346, 
-63, -761, -697, 412, 317, -729, 507, 317, 531, 527, 668, 346, 
-63, -756, -692, 409, 314, -724, 497, 312, 531, 517, 663, 336, 
-63, -756, -692, 409, 314, -724, 497, 307, 531, 517, 658, 336, 
-63, -751, -688, 407, 312, -719, 497, 302, 531, 522, 653, 336, 
-63, -751, -688, 407, 312, -719, 502, 297, 531, 522, 649, 336, 
-63, -751, -688, 407, 312, -719, 502, 307, 531, 512, 649, 331, 
-63, -746, -683, 405, 309, -714, 502, 307, 531, 507, 644, 326, 
-63, -741, -678, 402, 307, -710, 502, 307, 527, 507, 644, 322, 
-68, -736, -668, 402, 300, -702, 502, 307, 527, 507, 644, 317, 
-78, -732, -653, 405, 287, -692, 497, 302, 522, 497, 639, 307, 
-73, -732, -658, 402, 292, -695, 497, 297, 522, 497, 634, 307, 
-73, -732, -658, 402, 292, -695, 497, 292, 517, 497, 629, 307, 
-73, -732, -658, 402, 292, -695, 497, 287, 512, 497, 624, 307, 
-73, -727, -653, 400, 290, -690, 492, 278, 512, 497, 614, 297, 
-73, -722, -649, 397, 287, -685, 488, 278, 507, 502, 614, 297, 
-73, -717, -644, 395, 285, -680, 488, 278, 497, 502, 614, 297, 
-78, -712, -634, 395, 278, -673, 483, 278, 492, 497, 614, 297, 
-78, -707, -629, 392, 275, -668, 478, 273, 483, 497, 619, 302, 
-73, -702, -629, 387, 278, -666, 478, 273, 483, 497, 624, 307, 
-73, -697, -624, 385, 275, -661, 478, 273, 483, 497, 629, 312, 
-73, -692, -619, 383, 273, -656, 483, 273, 483, 497, 634, 317, 
-68, -683, -614, 375, 273, -649, 473, 278, 473, 488, 624, 307, 
-68, -683, -614, 375, 273, -649, 473, 278, 473, 488, 624, 307, 
-68, -683, -614, 375, 273, -649, 473, 273, 473, 488, 624, 307, 
-68, -688, -619, 378, 275, -653, 473, 273, 473, 488, 624, 307, 
-68, -683, -614, 375, 273, -649, 483, 263, 468, 488, 614, 297, 
-68, -673, -605, 370, 268, -639, 483, 263, 468, 488, 619, 297, 
-68, -668, -600, 368, 265, -634, 483, 263, 468, 492, 619, 297, 
-73, -668, -595, 370, 261, -631, 483, 263, 468, 492, 619, 297, 
-73, -658, -585, 366, 256, -622, 473, 253, 463, 488, 610, 297, 
-68, -658, -590, 363, 261, -624, 473, 253, 463, 488, 610, 297, 
-68, -658, -590, 363, 261, -624, 473, 253, 463, 488, 610, 297, 
-68, -663, -595, 366, 263, -629, 473, 253, 463, 492, 610, 297, 
-68, -658, -590, 363, 261, -624, 463, 253, 473, 492, 610, 287, 
-68, -653, -585, 361, 258, -619, 463, 253, 473, 488, 610, 287, 
-68, -649, -580, 358, 256, -614, 463, 253, 473, 488, 610, 287, 
-68, -644, -575, 356, 253, -610, 463, 253, 473, 488, 610, 287, 
-78, -639, -561, 358, 241, -600, 463, 244, 458, 483, 605, 283, 
-78, -634, -556, 356, 239, -595, 463, 244, 458, 478, 600, 278, 
-78, -629, -551, 353, 236, -590, 463, 244, 458, 473, 595, 273, 
-78, -624, -546, 351, 234, -585, 463, 244, 458, 468, 590, 268, 
-68, -610, -541, 339, 236, -575, 458, 234, 453, 468, 580, 258, 
-68, -600, -531, 334, 231, -566, 453, 234, 453, 468, 580, 258, 
-68, -595, -527, 331, 229, -561, 448, 234, 453, 468, 580, 258, 
-68, -595, -527, 331, 229, -561, 444, 234, 453, 468, 580, 263, 
-73, -590, -517, 331, 222, -553, 444, 229, 444, 463, 580, 253, 
-73, -580, -507, 326, 217, -544, 444, 229, 444, 458, 575, 253, 
-68, -575, -507, 322, 219, -541, 444, 229, 444, 453, 570, 253, 
-68, -570, -502, 319, 217, -536, 444, 229, 448, 448, 566, 253, 
-73, -561, -488, 317, 207, -524, 444, 229, 439, 444, 566, 244, 
-78, -566, -488, 322, 204, -527, 444, 229, 444, 444, 566, 248, 
-82, -566, -483, 324, 200, -524, 448, 229, 444, 444, 570, 248, 
-87, -561, -473, 324, 192, -517, 448, 229, 439, 448, 575, 248, 
-78, -546, -468, 312, 195, -507, 439, 229, 448, 458, 566, 248, 
-78, -527, -448, 302, 185, -488, 439, 229, 448, 458, 566, 253, 
-78, -517, -439, 297, 180, -478, 444, 234, 453, 458, 570, 253, 
-78, -502, -424, 290, 173, -463, 448, 234, 458, 458, 575, 258, 
-68, -492, -424, 280, 178, -458, 439, 224, 463, 463, 585, 248, 
-68, -488, -419, 278, 175, -453, 444, 224, 458, 473, 585, 248, 
-63, -483, -419, 273, 178, -451, 448, 234, 463, 473, 590, 248, 
-63, -478, -414, 270, 175, -446, 448, 244, 458, 478, 590, 253, 
-73, -468, -395, 270, 161, -431, 448, 234, 463, 478, 590, 253, 
-78, -468, -390, 273, 156, -429, 448, 234, 463, 478, 590, 253, 
-78, -468, -390, 273, 156, -429, 453, 234, 458, 478, 585, 258, 
-73, -468, -395, 270, 161, -431, 463, 239, 453, 478, 585, 258, 
-68, -448, -380, 258, 156, -414, 453, 239, 448, 468, 580, 253, 
-68, -444, -375, 256, 153, -409, 448, 239, 448, 468, 575, 248, 
-58, -434, -375, 246, 158, -405, 448, 239, 448, 468, 570, 239, 
-53, -429, -375, 241, 161, -402, 448, 239, 448, 463, 566, 234, 
-63, -414, -351, 239, 143, -383, 444, 229, 448, 463, 561, 224, 
-63, -405, -341, 234, 139, -373, 434, 229, 463, 468, 561, 224, 
-53, -400, -346, 226, 146, -373, 434, 229, 453, 458, 551, 219, 
-43, -395, -351, 219, 153, -373, 409, 214, 444, 453, 541, 214, 
-58, -390, -331, 224, 136, -361, 390, 204, 429, 448, 536, 214, 
-68, -390, -322, 229, 126, -356, 380, 195, 419, 439, 536, 214, 
-68, -390, -322, 229, 126, -356, 380, 195, 419, 439, 536, 214, 
-68, -390, -322, 229, 126, -356, 380, 195, 419, 439, 536, 214, 
-68, -390, -322, 229, 126, -356, 380, 195, 419, 439, 536, 214, 
-58, -380, -322, 219, 131, -351, 380, 185, 405, 434, 536, 204, 
-58, -380, -322, 219, 131, -351, 380, 185, 400, 429, 536, 204, 
-58, -380, -322, 219, 131, -351, 380, 185, 395, 424, 536, 204, 
-58, -380, -322, 219, 131, -351, 380, 185, 390, 419, 536, 204, 
-58, -375, -317, 217, 129, -346, 375, 180, 385, 409, 531, 195, 
-58, -370, -312, 214, 126, -341, 370, 175, 380, 409, 527, 195, 
-58, -366, -307, 212, 124, -336, 366, 170, 375, 409, 522, 195, 
-58, -361, -302, 209, 122, -331, 361, 165, 370, 409, 517, 195, 
-63, -351, -287, 207, 112, -319, 361, 156, 361, 405, 507, 185, 
-68, -351, -283, 209, 107, -317, 361, 156, 361, 400, 507, 185, 
-73, -351, -278, 212, 102, -314, 361, 156, 361, 395, 507, 185, 
-78, -351, -273, 214, 97, -312, 361, 156, 361, 390, 507, 185, 
-68, -346, -278, 207, 104, -312, 351, 151, 346, 385, 502, 175, 
-68, -341, -273, 204, 102, -307, 351, 146, 341, 380, 497, 175, 
-68, -336, -268, 202, 100, -302, 351, 141, 336, 375, 492, 175, 
-68, -331, -263, 200, 97, -297, 351, 136, 331, 370, 488, 175, 
-58, -322, -263, 190, 102, -292, 346, 131, 326, 361, 488, 185, 
-58, -312, -253, 185, 97, -283, 341, 126, 322, 361, 488, 185, 
-58, -302, -244, 180, 92, -273, 336, 122, 317, 361, 488, 185, 
-58, -292, -234, 175, 87, -263, 331, 117, 312, 361, 488, 185, 
-63, -278, -214, 170, 75, -246, 326, 107, 312, 361, 488, 180, 
-68, -273, -204, 170, 68, -239, 322, 107, 312, 361, 488, 175, 
-73, -268, -195, 170, 61, -231, 317, 107, 312, 361, 488, 170, 
-78, -263, -185, 170, 53, -224, 312, 107, 312, 361, 488, 165, 
-68, -258, -190, 163, 61, -224, 322, 107, 302, 351, 483, 156, 
-68, -253, -185, 161, 58, -219, 322, 107, 302, 351, 478, 156, 
-68, -248, -180, 158, 56, -214, 322, 107, 302, 351, 473, 156, 
-68, -244, -175, 156, 53, -209, 322, 107, 302, 351, 468, 156, 
-58, -229, -170, 143, 56, -200, 322, 107, 302, 351, 468, 146, 
-58, -224, -165, 141, 53, -195, 322, 107, 302, 351, 468, 146, 
-58, -219, -161, 139, 51, -190, 322, 107, 302, 351, 468, 146, 
-58, -214, -156, 136, 48, -185, 322, 107, 302, 351, 468, 146, 
-58, -209, -151, 134, 46, -180, 322, 107, 302, 341, 463, 136, 
-58, -204, -146, 131, 43, -175, 322, 107, 302, 341, 458, 136, 
-58, -200, -141, 129, 41, -170, 322, 107, 302, 341, 453, 136, 
-58, -195, -136, 126, 39, -165, 322, 107, 302, 341, 448, 136, 
-68, -195, -126, 131, 29, -161, 312, 102, 292, 336, 444, 122, 
-68, -195, -126, 131, 29, -161, 312, 97, 283, 331, 439, 117, 
-68, -195, -126, 131, 29, -161, 307, 92, 263, 326, 434, 112, 
-68, -195, -126, 131, 29, -161, 307, 87, 253, 322, 429, 107, 
-78, -190, -112, 134, 17, -151, 302, 78, 253, 312, 414, 92, 
-82, -185, -102, 134, 9, -143, 297, 82, 253, 312, 414, 92, 
-82, -180, -97, 131, 7, -139, 292, 82, 258, 312, 419, 97, 
-87, -170, -82, 129, -2, -126, 287, 82, 263, 317, 419, 97, 
-107, -161, -53, 134, -26, -107, 283, 78, 253, 307, 424, 97, 
-107, -151, -43, 129, -31, -97, 287, 78, 253, 312, 424, 97, 
-102, -141, -39, 122, -31, -90, 292, 73, 263, 312, 424, 97, 
-102, -126, -24, 114, -39, -75, 292, 68, 253, 312, 414, 97, 
-102, -117, -14, 109, -43, -65, 307, 78, 253, 312, 424, 97, 
-102, -122, -19, 112, -41, -70, 312, 78, 253, 312, 424, 97, 
-107, -122, -14, 114, -46, -68, 312, 78, 253, 307, 424, 97, 
-107, -122, -14, 114, -46, -68, 307, 78, 253, 307, 419, 92, 
-92, -107, -14, 100, -39, -61, 302, 68, 244, 297, 419, 82, 
-92, -102, -9, 97, -41, -56, 292, 68, 244, 302, 419, 87, 
-97, -102, -4, 100, -46, -53, 287, 68, 244, 302, 419, 87, 
-102, -102, 0, 102, -51, -51, 283, 68, 244, 297, 414, 82, 
-102, -87, 14, 95, -58, -36, 278, 58, 229, 287, 409, 78, 
-97, -78, 19, 87, -58, -29, 278, 58, 229, 287, 409, 73, 
-97, -73, 24, 85, -61, -24, 273, 58, 229, 287, 405, 68, 
-97, -68, 29, 82, -63, -19, 268, 58, 229, 287, 400, 63, 
-97, -53, 43, 75, -70, -4, 268, 53, 214, 273, 385, 53, 
-92, -48, 43, 70, -68, -2, 268, 48, 214, 273, 385, 53, 
-92, -43, 48, 68, -70, 2, 263, 43, 214, 268, 380, 53, 
-92, -39, 53, 65, -73, 7, 263, 39, 214, 263, 375, 48, 
-92, -19, 73, 56, -82, 26, 263, 39, 209, 258, 361, 39, 
-92, -14, 78, 53, -85, 31, 263, 39, 209, 258, 361, 39, 
-92, -9, 82, 51, -87, 36, 263, 39, 209, 258, 361, 39, 
-92, -4, 87, 48, -90, 41, 263, 39, 204, 258, 361, 39, 
-102, 0, 102, 51, -102, 51, 258, 29, 195, 258, 361, 39, 
-107, 4, 112, 51, -109, 58, 253, 34, 200, 258, 361, 34, 
-107, 9, 117, 48, -112, 63, 248, 34, 200, 258, 361, 34, 
-102, 58, 161, 21, -131, 109, 244, 29, 195, 258, 351, 29, 
-102, 53, 156, 24, -129, 104, 234, 19, 195, 248, 361, 29, 
-102, 48, 151, 26, -126, 100, 234, 19, 195, 248, 361, 29, 
-102, 43, 146, 29, -124, 95, 234, 19, 195, 248, 361, 29, 
-102, 39, 141, 31, -122, 90, 239, 19, 195, 244, 361, 29, 
-102, 53, 156, 24, -129, 104, 239, 19, 180, 234, 356, 19, 
-102, 53, 156, 24, -129, 104, 234, 19, 175, 234, 351, 19, 
-102, 58, 161, 21, -131, 109, 234, 19, 170, 234, 346, 19, 
-102, 63, 165, 19, -134, 114, 234, 19, 165, 234, 341, 19, 
-102, 78, 180, 12, -141, 129, 229, 9, 175, 244, 331, 14, 
-102, 87, 190, 7, -146, 139, 224, 9, 175, 244, 331, 14, 
-102, 97, 200, 2, -151, 148, 219, 9, 175, 244, 331, 9, 
-107, 107, 214, 0, -161, 161, 214, 9, 175, 244, 331, 0, 
-107, 122, 229, -7, -168, 175, 214, 0, 175, 234, 326, -4, 
-107, 126, 234, -9, -170, 180, 214, 0, 170, 234, 322, -4, 
-107, 131, 239, -12, -173, 185, 214, 0, 170, 234, 312, -9, 
-107, 141, 248, -17, -178, 195, 214, 0, 170, 234, 307, -14, 
-107, 146, 253, -19, -180, 200, 209, -4, 165, 229, 307, -14, 
-107, 151, 258, -21, -183, 204, 204, -4, 165, 224, 307, -14, 
-102, 156, 258, -26, -180, 207, 200, -4, 161, 219, 307, -14, 
-102, 161, 263, -29, -183, 212, 195, -4, 156, 209, 307, -14, 
-112, 170, 283, -29, -197, 226, 190, -14, 146, 200, 297, -24, 
-112, 180, 292, -34, -202, 236, 190, -14, 146, 200, 297, -24, 
-112, 190, 302, -39, -207, 246, 190, -14, 146, 200, 297, -24, 
-112, 200, 312, -43, -212, 256, 190, -14, 141, 200, 297, -24, 
-102, 204, 307, -51, -204, 256, 180, -19, 131, 190, 287, -29, 
-102, 209, 312, -53, -207, 261, 185, -19, 131, 190, 287, -34, 
-102, 214, 317, -56, -209, 265, 185, -24, 131, 190, 292, -34, 
-102, 219, 322, -58, -212, 270, 185, -34, 131, 190, 292, -34, 
-112, 234, 346, -61, -229, 290, 175, -34, 122, 180, 283, -39, 
-112, 239, 351, -63, -231, 295, 175, -34, 122, 180, 283, -39, 
-112, 244, 356, -65, -234, 300, 175, -34, 126, 185, 283, -43, 
-112, 248, 361, -68, -236, 305, 175, -34, 131, 185, 283, -43, 
-112, 268, 380, -78, -246, 324, 165, -39, 122, 175, 273, -53, 
-112, 273, 385, -80, -248, 329, 165, -43, 122, 175, 283, -53, 
-112, 278, 390, -82, -251, 334, 165, -48, 122, 180, 283, -53, 
-112, 283, 395, -85, -253, 339, 165, -48, 126, 180, 283, -53, 
-112, 297, 409, -92, -261, 353, 156, -48, 117, 170, 278, -63, 
-117, 297, 414, -90, -265, 356, 156, -48, 112, 170, 278, -63, 
-117, 302, 419, -92, -268, 361, 156, -48, 112, 170, 278, -63, 
-117, 307, 424, -95, -270, 366, 156, -48, 112, 170, 278, -68, 
-107, 322, 429, -107, -268, 375, 146, -53, 107, 165, 273, -68, 
-107, 331, 439, -112, -273, 385, 151, -58, 102, 165, 268, -68, 
-107, 336, 444, -114, -275, 390, 151, -63, 97, 165, 268, -68, 
-107, 341, 448, -117, -278, 395, 146, -68, 97, 170, 263, -68, 
-117, 346, 463, -114, -290, 405, 141, -78, 87, 165, 258, -68, 
-117, 351, 468, -117, -292, 409, 136, -78, 82, 161, 253, -73, 
-117, 356, 473, -119, -295, 414, 131, -78, 82, 156, 248, -73, 
-117, 366, 483, -124, -300, 424, 131, -78, 97, 151, 244, -78, 
-117, 385, 502, -134, -309, 444, 136, -63, 87, 151, 258, -73, 
-126, 390, 517, -131, -322, 453, 141, -58, 87, 156, 248, -82, 
-131, 390, 522, -129, -326, 456, 151, -58, 87, 146, 239, -97, 
-131, 400, 531, -134, -331, 466, 161, -53, 102, 136, 204, -122, 
-156, 405, 561, -124, -358, 483, 170, -53, 122, 141, 195, -141, 
-175, 414, 590, -119, -383, 502, 180, -48, 151, 156, 190, -146, 
-185, 419, 605, -117, -395, 512, 190, -29, 185, 170, 200, -151, 
-195, 434, 629, -119, -412, 531, 209, -14, 209, 195, 200, -151, 
-204, 453, 658, -124, -431, 556, 224, 0, 219, 209, 204, -156, 
-204, 468, 673, -131, -439, 570, 224, 14, 219, 229, 234, -146, 
-185, 497, 683, -156, -434, 590, 204, 24, 244, 287, 287, -117, 
-170, 556, 727, -192, -448, 641, 185, 29, 297, 366, 375, -73, 
-131, 624, 756, -246, -444, 690, 156, 43, 351, 468, 483, -19, 
-78, 688, 766, -305, -422, 727, 112, 58, 395, 561, 595, 58, 
-24, 732, 756, -353, -390, 744, 68, 63, 414, 639, 717, 151, 
48, 761, 712, -405, -331, 736, 34, 102, 424, 683, 834, 253, 
156, 785, 629, -470, -236, 707, -4, 136, 409, 712, 936, 370, 
283, 834, 551, -558, -134, 692, -63, 146, 380, 746, 1068, 497, 
419, 888, 468, -653, -24, 678, -131, 161, 361, 795, 1195, 634, 
541, 941, 400, -741, 70, 671, -175, 204, 385, 844, 1317, 751, 
644, 985, 341, -814, 151, 663, -204, 239, 458, 907, 1429, 844, 
717, 1049, 331, -883, 192, 690, -239, 258, 551, 995, 1532, 927, 
775, 1093, 317, -934, 229, 705, -292, 200, 605, 1044, 1605, 995, 
824, 1093, 268, -958, 278, 680, -356, 92, 561, 990, 1576, 1034, 
854, 1068, 214, -961, 319, 641, -390, -9, 478, 824, 1420, 1015, 
839, 1029, 190, -934, 324, 610, -400, -82, 385, 634, 1205, 961, 
785, 1010, 224, -897, 280, 617, -409, -219, 322, 531, 1054, 897, 
673, 1010, 336, -841, 168, 673, -409, -405, 253, 468, 932, 839, 
527, 1015, 488, -771, 19, 751, -395, -595, 151, 380, 795, 761, 
356, 1010, 653, -683, -148, 832, -341, -712, 29, 258, 653, 658, 
180, 971, 790, -575, -305, 880, -253, -751, -107, 141, 488, 507, 
-9, 873, 883, -431, -446, 878, -156, -702, -239, 0, 297, 312, 
-161, 761, 922, -300, -541, 841, -34, -595, -351, -141, 126, 122, 
-278, 683, 961, -202, -619, 822, 87, -473, -395, -229, 4, -43, 
-331, 610, 941, -139, -636, 775, 195, -385, -429, -297, -82, -156, 
-341, 546, 888, -102, -614, 717, 273, -297, -458, -326, -112, -209, 
-317, 507, 824, -95, -570, 666, 341, -195, -448, -336, -126, -248, 
-302, 458, 761, -78, -531, 610, 361, -126, -434, -326, -126, -283, 
-297, 429, 727, -65, -512, 578, 326, -117, -429, -322, -122, -302, 
-287, 429, 717, -70, -502, 573, 263, -107, -414, -297, -102, -292, 
-253, 439, 692, -92, -473, 566, 234, -68, -356, -244, -68, -278, 
-229, 473, 702, -122, -466, 588, 219, -29, -278, -180, -29, -278, 
-209, 512, 722, -151, -466, 617, 204, 0, -234, -136, 4, -268, 
-195, 551, 746, -178, -470, 649, 185, 9, -195, -97, 19, -263, 
-170, 575, 746, -202, -458, 661, 180, 19, -161, -63, 39, -258, 
-156, 610, 766, -226, -461, 688, 170, 24, -131, -58, 53, -248, 
-146, 644, 790, -248, -468, 717, 170, 19, -112, -48, 68, -234, 
-141, 668, 810, -263, -475, 739, 161, 9, -92, -39, 78, -219, 
-122, 673, 795, -275, -458, 734, 141, -9, -68, -19, 82, -209, 
-122, 683, 805, -280, -463, 744, 126, -19, -58, -14, 87, -200, 
-122, 683, 805, -280, -463, 744, 102, -34, -53, -24, 97, -214, 
-122, 683, 805, -280, -463, 744, 73, -53, -53, -19, 87, -229, 
-131, 692, 824, -280, -478, 758, 48, -92, -58, -14, 82, -234, 
-122, 712, 834, -295, -478, 773, 24, -112, -58, -14, 92, -234, 
-117, 722, 839, -302, -478, 780, 9, -126, -43, -4, 102, -234, 
-122, 732, 854, -305, -488, 793, 0, -146, -48, -14, 97, -234, 
-122, 741, 863, -309, -492, 802, 4, -151, -48, -14, 107, -224, 
-117, 751, 868, -317, -492, 810, 4, -151, -53, -14, 107, -224, 
-117, 761, 878, -322, -497, 819, 4, -156, -58, -19, 107, -224, 
-126, 775, 902, -324, -514, 839, 14, -156, -73, -19, 102, -224, 
-126, 775, 902, -324, -514, 839, 9, -151, -73, -19, 97, -224, 
-131, 775, 907, -322, -519, 841, 9, -146, -73, -19, 87, -229, 
-131, 780, 912, -324, -522, 846, 9, -141, -73, -9, 82, -229, 
-131, 795, 927, -331, -529, 861, 4, -151, -73, -19, 82, -229, 
-131, 800, 932, -334, -531, 866, 0, -161, -73, -19, 82, -234, 
-131, 810, 941, -339, -536, 875, -14, -165, -78, -14, 82, -234, 
-131, 814, 946, -341, -539, 880, -19, -170, -82, -14, 87, -239, 
-122, 819, 941, -348, -531, 880, -24, -180, -82, -14, 87, -239, 
-122, 829, 951, -353, -536, 890, -24, -180, -82, -14, 82, -239, 
-126, 839, 966, -356, -546, 902, -29, -185, -87, -14, 82, -244, 
-126, 839, 966, -356, -546, 902, -34, -185, -87, -19, 82, -244, 
-122, 849, 971, -363, -546, 910, -34, -190, -97, -24, 73, -253, 
-122, 858, 980, -368, -551, 919, -34, -190, -97, -29, 73, -248, 
-126, 868, 995, -370, -561, 932, -39, -190, -97, -29, 78, -248, 
-126, 873, 1000, -373, -563, 936, -39, -190, -97, -34, 78, -248, 
-122, 883, 1005, -380, -563, 944, -43, -195, -107, -39, 78, -248, 
-122, 893, 1015, -385, -568, 954, -48, -200, -107, -39, 73, -253, 
-122, 902, 1024, -390, -573, 963, -53, -209, -107, -43, 68, -258, 
-122, 912, 1034, -395, -578, 973, -58, -214, -107, -43, 63, -268, 
-131, 917, 1049, -392, -590, 983, -68, -214, -112, -53, 58, -278, 
-131, 922, 1054, -395, -592, 988, -68, -214, -117, -53, 53, -273, 
-131, 927, 1058, -397, -595, 993, -68, -214, -117, -53, 43, -273, 
-136, 932, 1068, -397, -602, 1000, -68, -214, -122, -53, 39, -278, 
-136, 946, 1083, -405, -610, 1015, -82, -219, -126, -68, 39, -287, 
-126, 951, 1078, -412, -602, 1015, -82, -219, -126, -68, 39, -287, 
-126, 961, 1088, -417, -607, 1024, -82, -224, -122, -68, 39, -287, 
-126, 966, 1093, -419, -610, 1029, -78, -224, -122, -68, 39, -287, 
-122, 976, 1098, -427, -610, 1037, -87, -224, -131, -73, 29, -297, 
-117, 985, 1102, -434, -610, 1044, -87, -229, -131, -78, 29, -297, 
-117, 995, 1112, -439, -614, 1054, -87, -234, -131, -82, 34, -297, 
-117, 1000, 1117, -441, -617, 1058, -87, -239, -131, -82, 34, -297, 
-131, 1005, 1137, -436, -634, 1071, -87, -239, -141, -82, 24, -302, 
-131, 1015, 1146, -441, -639, 1080, -92, -239, -141, -82, 29, -302, 
-131, 1019, 1151, -444, -641, 1085, -92, -239, -136, -82, 29, -307, 
-131, 1024, 1156, -446, -644, 1090, -92, -239, -136, -78, 29, -307, 
-131, 1039, 1171, -453, -651, 1105, -97, -248, -136, -87, 29, -317, 
-131, 1044, 1176, -456, -653, 1110, -102, -248, -141, -87, 34, -317, 
-131, 1049, 1180, -458, -656, 1115, -107, -248, -146, -87, 34, -317, 
-126, 1054, 1180, -463, -653, 1117, -112, -248, -151, -87, 34, -312, 
-126, 1058, 1185, -466, -656, 1122, -122, -248, -151, -92, 29, -312, 
-126, 1063, 1190, -468, -658, 1127, -122, -244, -156, -92, 29, -307, 
-126, 1068, 1195, -470, -661, 1132, -122, -244, -161, -87, 29, -297, 
-126, 1073, 1200, -473, -663, 1137, -122, -244, -170, -82, 34, -297, 
-117, 1088, 1205, -485, -661, 1146, -126, -244, -161, -87, 19, -302, 
-117, 1093, 1210, -488, -663, 1151, -126, -244, -161, -87, 19, -302, 
-117, 1098, 1215, -490, -666, 1156, -126, -248, -161, -92, 14, -302, 
-112, 1102, 1215, -495, -663, 1159, -126, -248, -161, -97, 9, -307, 
-112, 1122, 1234, -505, -673, 1178, -136, -248, -170, -87, 19, -317, 
-112, 1127, 1239, -507, -675, 1183, -136, -248, -170, -87, 19, -317, 
-112, 1132, 1244, -509, -678, 1188, -136, -248, -165, -82, 19, -312, 
-112, 1137, 1249, -512, -680, 1193, -136, -244, -161, -73, 29, -312, 
-112, 1141, 1254, -514, -683, 1198, -146, -248, -165, -82, 34, -297, 
-112, 1141, 1254, -514, -683, 1198, -146, -248, -165, -82, 39, -297, 
-112, 1146, 1259, -517, -685, 1202, -146, -239, -165, -82, 43, -297, 
-107, 1156, 1263, -524, -685, 1210, -146, -239, -156, -73, 48, -292, 
-117, 1161, 1278, -522, -697, 1220, -156, -239, -165, -87, 48, -287, 
-117, 1166, 1283, -524, -700, 1224, -161, -239, -170, -92, 48, -292, 
-107, 1171, 1278, -531, -692, 1224, -161, -239, -170, -97, 43, -297, 
-102, 1180, 1283, -539, -692, 1232, -161, -234, -170, -97, 43, -302, 
-97, 1195, 1293, -549, -695, 1244, -170, -244, -170, -102, 34, -312, 
-97, 1205, 1302, -553, -700, 1254, -170, -244, -175, -102, 29, -317, 
-97, 1215, 1312, -558, -705, 1263, -170, -234, -180, -97, 29, -317, 
-92, 1229, 1322, -568, -707, 1276, -175, -229, -175, -97, 29, -312, 
-82, 1244, 1327, -580, -705, 1285, -190, -229, -175, -87, 43, -297, 
-78, 1254, 1332, -588, -705, 1293, -190, -229, -165, -82, 48, -292, 
-78, 1259, 1337, -590, -707, 1298, -190, -229, -161, -78, 58, -283, 
-78, 1259, 1337, -590, -707, 1298, -195, -229, -161, -73, 63, -283, 
-78, 1263, 1342, -592, -710, 1302, -204, -209, -170, -78, 58, -287, 
-73, 1278, 1351, -602, -712, 1315, -209, -209, -170, -78, 63, -283, 
-58, 1293, 1351, -617, -705, 1322, -209, -204, -170, -73, 68, -278, 
-48, 1298, 1346, -624, -697, 1322, -209, -200, -161, -63, 73, -273, 
-34, 1322, 1356, -644, -695, 1339, -224, -195, -156, -58, 82, -278, 
-29, 1337, 1366, -653, -697, 1351, -229, -190, -151, -53, 92, -268, 
-19, 1351, 1371, -666, -695, 1361, -234, -190, -151, -53, 97, -263, 
-14, 1366, 1381, -675, -697, 1373, -244, -195, -146, -48, 102, -253, 
-14, 1381, 1395, -683, -705, 1388, -248, -185, -131, -24, 122, -248, 
-9, 1385, 1395, -688, -702, 1390, -253, -180, -131, -19, 131, -244, 
4, 1385, 1381, -695, -688, 1383, -258, -175, -122, -19, 141, -244, 
9, 1395, 1385, -702, -688, 1390, -258, -170, -122, -14, 151, -239, 
14, 1420, 1405, -717, -695, 1412, -273, -165, -117, -14, 161, -239, 
24, 1429, 1405, -727, -690, 1417, -278, -156, -112, -4, 175, -224, 
34, 1434, 1400, -734, -683, 1417, -283, -141, -112, 9, 190, -214, 
39, 1444, 1405, -741, -683, 1424, -287, -131, -107, 19, 195, -204, 
43, 1473, 1429, -758, -692, 1451, -297, -131, -102, 24, 190, -200, 
53, 1493, 1439, -773, -692, 1466, -307, -131, -102, 29, 204, -190, 
68, 1503, 1434, -785, -683, 1468, -312, -126, -97, 34, 219, -185, 
78, 1512, 1434, -795, -678, 1473, -317, -126, -97, 39, 229, -175, 
92, 1527, 1434, -810, -671, 1481, -331, -112, -92, 48, 244, -170, 
102, 1542, 1439, -822, -668, 1490, -341, -107, -82, 58, 258, -151, 
112, 1556, 1444, -834, -666, 1500, -346, -107, -73, 68, 273, -136, 
122, 1561, 1439, -841, -658, 1500, -351, -107, -63, 78, 287, -136, 
122, 1576, 1454, -849, -666, 1515, -361, -112, -68, 78, 297, -117, 
131, 1595, 1464, -863, -666, 1529, -370, -107, -68, 87, 307, -107, 
141, 1610, 1468, -875, -663, 1539, -380, -102, -73, 87, 307, -97, 
156, 1625, 1468, -890, -656, 1546, -390, -97, -78, 92, 317, -87, 
170, 1639, 1468, -905, -649, 1554, -400, -92, -63, 107, 331, -78, 
180, 1659, 1478, -919, -649, 1568, -409, -92, -58, 122, 351, -63, 
180, 1683, 1503, -932, -661, 1593, -424, -97, -58, 126, 366, -63, 
185, 1698, 1512, -941, -663, 1605, -424, -97, -53, 131, 375, -53, 
195, 1708, 1512, -951, -658, 1610, -424, -107, -63, 136, 390, -53, 
200, 1712, 1512, -956, -656, 1612, -429, -112, -58, 136, 400, -43, 
204, 1712, 1507, -958, -651, 1610, -434, -117, -53, 141, 405, -39, 
204, 1712, 1507, -958, -651, 1610, -434, -117, -53, 146, 405, -29, 
195, 1727, 1532, -961, -668, 1629, -448, -117, -58, 146, 405, -24, 
195, 1732, 1537, -963, -671, 1634, -453, -122, -58, 151, 405, -24, 
195, 1737, 1542, -966, -673, 1639, -458, -131, -58, 151, 405, -24, 
195, 1747, 1551, -971, -678, 1649, -463, -136, -58, 146, 405, -29, 
185, 1751, 1566, -968, -690, 1659, -473, -156, -63, 136, 395, -39, 
185, 1756, 1571, -971, -692, 1664, -473, -161, -63, 131, 390, -43, 
180, 1761, 1581, -971, -700, 1671, -473, -170, -68, 131, 390, -48, 
175, 1766, 1590, -971, -707, 1678, -468, -180, -68, 131, 380, -58, 
180, 1766, 1586, -973, -702, 1676, -478, -204, -78, 112, 361, -68, 
175, 1771, 1595, -973, -710, 1683, -473, -214, -78, 102, 341, -82, 
165, 1771, 1605, -968, -719, 1688, -468, -224, -78, 92, 322, -102, 
151, 1766, 1615, -958, -732, 1690, -468, -234, -82, 78, 307, -117, 
146, 1776, 1629, -961, -741, 1703, -468, -258, -102, 48, 273, -126, 
131, 1781, 1649, -956, -758, 1715, -468, -263, -117, 29, 253, -146, 
112, 1776, 1664, -944, -775, 1720, -468, -278, -126, 14, 239, -165, 
97, 1781, 1683, -939, -793, 1732, -463, -287, -141, 0, 214, -190, 
82, 1786, 1703, -934, -810, 1744, -463, -302, -156, -9, 200, -195, 
73, 1776, 1703, -924, -814, 1739, -458, -307, -170, -19, 180, -209, 
58, 1771, 1712, -915, -827, 1742, -439, -317, -175, -29, 161, -224, 
43, 1756, 1712, -900, -834, 1734, -429, -331, -185, -39, 146, -234, 
19, 1761, 1742, -890, -861, 1751, -439, -346, -190, -63, 122, -258, 
9, 1756, 1747, -883, -868, 1751, -434, -361, -200, -82, 102, -273, 
0, 1751, 1751, -875, -875, 1751, -419, -370, -200, -97, 87, -292, 
-14, 1747, 1761, -866, -888, 1754, -419, -375, -204, -112, 73, -312, 
-29, 1747, 1776, -858, -902, 1761, -414, -385, -224, -122, 43, -331, 
-43, 1747, 1790, -851, -917, 1769, -414, -395, -244, -136, 29, -356, 
-58, 1747, 1805, -844, -932, 1776, -405, -405, -263, -156, 9, -370, 
-63, 1751, 1815, -844, -939, 1783, -395, -414, -287, -165, -9, -390, 
-78, 1751, 1830, -836, -954, 1790, -395, -429, -297, -180, -34, -400, 
-87, 1742, 1830, -827, -958, 1786, -395, -439, -302, -190, -43, -400, 
-97, 1742, 1839, -822, -968, 1790, -385, -448, -302, -195, -48, -400, 
-102, 1727, 1830, -812, -966, 1778, -385, -458, -302, -200, -53, -409, 
-102, 1737, 1839, -817, -971, 1788, -385, -458, -317, -224, -73, -424, 
-112, 1742, 1854, -814, -983, 1798, -385, -463, -322, -239, -87, -439, 
-122, 1742, 1864, -810, -993, 1803, -380, -468, -331, -248, -107, -453, 
-126, 1742, 1869, -807, -997, 1805, -380, -473, -331, -253, -126, -468, 
-131, 1747, 1878, -807, -1005, 1812, -385, -483, -341, -273, -141, -488, 
-146, 1751, 1898, -802, -1022, 1825, -380, -488, -346, -283, -156, -488, 
-146, 1747, 1893, -800, -1019, 1820, -375, -497, -351, -287, -165, -492, 
-146, 1747, 1893, -800, -1019, 1820, -370, -502, -356, -292, -170, -497, 
-165, 1756, 1922, -795, -1044, 1839, -370, -512, -370, -312, -190, -512, 
-170, 1756, 1927, -793, -1049, 1842, -370, -512, -380, -322, -200, -522, 
-180, 1756, 1937, -788, -1058, 1847, -370, -512, -385, -336, -204, -531, 
-190, 1756, 1947, -783, -1068, 1851, -370, -512, -390, -341, -209, -536, 
-190, 1771, 1961, -790, -1076, 1866, -385, -517, -400, -341, -204, -541, 
-190, 1771, 1961, -790, -1076, 1866, -380, -522, -400, -341, -209, -546, 
-185, 1776, 1961, -795, -1073, 1869, -385, -527, -400, -341, -214, -546, 
-185, 1781, 1966, -797, -1076, 1873, -380, -527, -400, -341, -214, -546, 
-185, 1786, 1971, -800, -1078, 1878, -385, -536, -405, -341, -214, -536, 
-195, 1790, 1986, -797, -1090, 1888, -385, -536, -405, -341, -214, -536, 
-195, 1790, 1986, -797, -1090, 1888, -385, -536, -409, -346, -214, -546, 
-195, 1795, 1991, -800, -1093, 1893, -385, -536, -419, -346, -219, -551, 
-200, 1805, 2005, -802, -1102, 1905, -385, -546, -429, -351, -229, -556, 
-204, 1805, 2010, -800, -1107, 1908, -385, -541, -429, -356, -229, -561, 
-209, 1800, 2010, -795, -1110, 1905, -385, -541, -434, -366, -234, -566, 
-214, 1800, 2015, -793, -1115, 1908, -385, -541, -434, -370, -234, -570, 
-224, 1805, 2030, -790, -1127, 1917, -395, -551, -439, -370, -244, -575, 
-224, 1810, 2034, -793, -1129, 1922, -390, -551, -439, -366, -248, -580, 
-224, 1810, 2034, -793, -1129, 1922, -390, -551, -444, -366, -253, -585, 
-224, 1815, 2039, -795, -1132, 1927, -390, -551, -448, -366, -258, -590, 
-224, 1830, 2054, -802, -1139, 1942, -400, -561, -458, -380, -273, -595, 
-224, 1834, 2059, -805, -1141, 1947, -400, -561, -458, -390, -278, -605, 
-224, 1839, 2064, -807, -1144, 1952, -400, -561, -458, -395, -283, -614, 
-224, 1839, 2064, -807, -1144, 1952, -400, -556, -458, -400, -287, -619, 
-224, 1849, 2074, -812, -1149, 1961, -409, -566, -448, -400, -292, -629, 
-224, 1859, 2083, -817, -1154, 1971, -405, -566, -448, -400, -297, -629, 
-229, 1864, 2093, -817, -1161, 1978, -405, -566, -448, -405, -307, -634, 
-229, 1873, 2103, -822, -1166, 1988, -400, -566, -448, -405, -312, -634, 
-229, 1888, 2117, -829, -1173, 2003, -400, -575, -453, -405, -322, -644, 
-229, 1898, 2127, -834, -1178, 2013, -405, -570, -453, -409, -326, -644, 
-229, 1903, 2132, -836, -1180, 2017, -409, -566, -453, -414, -326, -644, 
-239, 1903, 2142, -832, -1190, 2022, -409, -566, -453, -419, -326, -644, 
-244, 1903, 2147, -829, -1195, 2025, -409, -575, -458, -429, -326, -644, 
-244, 1908, 2152, -832, -1198, 2030, -405, -575, -453, -429, -322, -649, 
-244, 1908, 2152, -832, -1198, 2030, -405, -575, -453, -429, -322, -653, 
-244, 1912, 2156, -834, -1200, 2034, -405, -570, -453, -429, -322, -653, 
-244, 1922, 2166, -839, -1205, 2044, -409, -580, -458, -434, -326, -653, 
-244, 1927, 2171, -841, -1207, 2049, -414, -580, -458, -434, -326, -653, 
-244, 1932, 2176, -844, -1210, 2054, -419, -580, -458, -434, -326, -653, 
-244, 1937, 2181, -846, -1212, 2059, -419, -580, -463, -434, -326, -653, 
-253, 1937, 2191, -841, -1222, 2064, -414, -590, -463, -434, -341, -658, 
-253, 1952, 2205, -849, -1229, 2078, -414, -585, -468, -434, -341, -663, 
-248, 1956, 2205, -854, -1227, 2081, -414, -580, -473, -434, -341, -668, 
-248, 1961, 2210, -856, -1229, 2086, -414, -575, -478, -434, -341, -673, 
-239, 1966, 2205, -863, -1222, 2086, -419, -585, -473, -444, -346, -678, 
-244, 1971, 2215, -863, -1229, 2093, -424, -585, -473, -439, -351, -678, 
-244, 1976, 2220, -866, -1232, 2098, -429, -585, -473, -439, -356, -683, 
-248, 1981, 2230, -866, -1239, 2105, -434, -585, -468, -439, -361, -683, 
-248, 1986, 2235, -868, -1241, 2110, -434, -595, -473, -444, -370, -692, 
-248, 1991, 2239, -871, -1244, 2115, -434, -595, -473, -453, -370, -692, 
-248, 2000, 2249, -875, -1249, 2125, -434, -595, -473, -458, -370, -692, 
-248, 2005, 2254, -878, -1251, 2130, -429, -595, -473, -463, -370, -692, 
-248, 2010, 2259, -880, -1254, 2135, -439, -595, -478, -468, -375, -692, 
-248, 2015, 2264, -883, -1256, 2139, -439, -595, -478, -468, -375, -692, 
-248, 2020, 2269, -885, -1259, 2144, -439, -595, -473, -463, -375, -692, 
-248, 2025, 2274, -888, -1261, 2149, -439, -590, -473, -463, -375, -692, 
-258, 2039, 2298, -890, -1278, 2169, -444, -595, -478, -468, -380, -707, 
-258, 2044, 2303, -893, -1281, 2174, -448, -600, -483, -473, -385, -707, 
-258, 2049, 2308, -895, -1283, 2178, -453, -610, -488, -478, -390, -712, 
-253, 2054, 2308, -900, -1281, 2181, -458, -614, -492, -483, -390, -717, 
-253, 2069, 2322, -907, -1288, 2196, -468, -614, -497, -473, -385, -707, 
-253, 2074, 2327, -910, -1290, 2200, -473, -619, -497, -468, -380, -707, 
-253, 2078, 2332, -912, -1293, 2205, -473, -619, -497, -463, -375, -707, 
-258, 2083, 2342, -912, -1300, 2213, -473, -614, -497, -458, -370, -707, 
-248, 2088, 2337, -919, -1293, 2213, -483, -619, -502, -468, -370, -707, 
-248, 2093, 2342, -922, -1295, 2217, -483, -624, -507, -468, -370, -707, 
-244, 2098, 2342, -927, -1293, 2220, -483, -629, -512, -473, -366, -707, 
-244, 2108, 2352, -932, -1298, 2230, -478, -634, -517, -473, -366, -702, 
-244, 2122, 2366, -939, -1305, 2244, -488, -644, -522, -478, -375, -702, 
-248, 2122, 2371, -936, -1310, 2247, -492, -644, -527, -483, -380, -707, 
-248, 2127, 2376, -939, -1312, 2252, -492, -644, -527, -488, -385, -712, 
-248, 2132, 2381, -941, -1315, 2257, -492, -644, -531, -488, -390, -717, 
-248, 2147, 2396, -949, -1322, 2271, -492, -653, -531, -488, -400, -727, 
-248, 2152, 2400, -951, -1324, 2276, -492, -653, -531, -488, -395, -727, 
-248, 2156, 2405, -954, -1327, 2281, -492, -653, -531, -488, -395, -727, 
-244, 2161, 2405, -958, -1324, 2283, -492, -653, -531, -488, -400, -727, 
-253, 2171, 2425, -958, -1339, 2298, -497, -658, -536, -502, -409, -736, 
-253, 2171, 2425, -958, -1339, 2298, -502, -658, -541, -502, -409, -741, 
-244, 2171, 2415, -963, -1329, 2293, -507, -658, -546, -502, -409, -741, 
-244, 2171, 2415, -963, -1329, 2293, -512, -658, -556, -502, -409, -736, 
-253, 2186, 2440, -966, -1346, 2313, -522, -668, -556, -502, -400, -736, 
-253, 2191, 2444, -968, -1349, 2318, -522, -668, -556, -502, -400, -736, 
-253, 2196, 2449, -971, -1351, 2322, -522, -673, -556, -502, -400, -736, 
-253, 2196, 2449, -971, -1351, 2322, -522, -673, -556, -502, -400, -736, 
-244, 2200, 2444, -978, -1344, 2322, -531, -678, -566, -512, -405, -746, 
-244, 2205, 2449, -980, -1346, 2327, -531, -678, -566, -517, -409, -746, 
-248, 2210, 2459, -980, -1354, 2335, -531, -678, -566, -527, -414, -746, 
-248, 2215, 2464, -983, -1356, 2339, -531, -678, -566, -531, -419, -746, 
-258, 2220, 2479, -980, -1368, 2349, -536, -683, -570, -546, -419, -751, 
-258, 2225, 2483, -983, -1371, 2354, -541, -692, -580, -551, -424, -756, 
-258, 2230, 2488, -985, -1373, 2359, -546, -697, -585, -556, -429, -761, 
-258, 2235, 2493, -988, -1376, 2364, -551, -702, -590, -561, -439, -766, 
-268, 2249, 2518, -990, -1393, 2383, -556, -707, -590, -551, -439, -766, 
-268, 2254, 2522, -993, -1395, 2388, -556, -707, -590, -546, -439, -766, 
-268, 2264, 2532, -997, -1400, 2398, -556, -712, -590, -536, -439, -766, 
-268, 2269, 2537, -1000, -1403, 2403, -556, -712, -590, -531, -439, -766, 
-258, 2278, 2537, -1010, -1398, 2408, -561, -712, -590, -541, -429, -775, 
-258, 2288, 2547, -1015, -1403, 2418, -561, -717, -590, -541, -424, -775, 
-258, 2298, 2557, -1019, -1407, 2427, -566, -722, -590, -541, -424, -775, 
-258, 2308, 2566, -1024, -1412, 2437, -570, -727, -590, -541, -429, -775, 
-258, 2313, 2571, -1027, -1415, 2442, -580, -732, -600, -551, -439, -766, 
-258, 2313, 2571, -1027, -1415, 2442, -580, -736, -605, -551, -439, -766, 
-258, 2318, 2576, -1029, -1417, 2447, -585, -736, -605, -551, -434, -766, 
-258, 2322, 2581, -1032, -1420, 2452, -585, -736, -610, -556, -434, -766, 
-258, 2327, 2586, -1034, -1422, 2457, -585, -736, -619, -566, -444, -771, 
-258, 2327, 2586, -1034, -1422, 2457, -585, -736, -619, -566, -444, -775, 
-258, 2332, 2591, -1037, -1424, 2461, -585, -736, -619, -561, -444, -780, 
-258, 2332, 2591, -1037, -1424, 2461, -580, -736, -619, -561, -444, -785, 
-258, 2332, 2591, -1037, -1424, 2461, -585, -746, -624, -566, -448, -790, 
-258, 2337, 2596, -1039, -1427, 2466, -590, -746, -629, -575, -458, -795, 
-258, 2342, 2601, -1041, -1429, 2471, -595, -746, -639, -580, -463, -800, 
-263, 2347, 2610, -1041, -1437, 2479, -600, -746, -644, -585, -468, -805, 
-273, 2366, 2640, -1046, -1456, 2503, -614, -751, -653, -595, -478, -805, 
-268, 2371, 2640, -1051, -1454, 2505, -614, -756, -649, -595, -478, -805, 
-268, 2376, 2644, -1054, -1456, 2510, -614, -761, -649, -595, -478, -805, 
-268, 2381, 2649, -1056, -1459, 2515, -614, -766, -649, -595, -478, -805, 
-278, 2396, 2674, -1058, -1476, 2535, -614, -766, -644, -605, -478, -810, 
-278, 2400, 2679, -1061, -1478, 2540, -614, -766, -644, -600, -478, -814, 
-278, 2405, 2684, -1063, -1481, 2544, -610, -766, -649, -600, -478, -819, 
-283, 2410, 2693, -1063, -1488, 2552, -610, -766, -649, -605, -478, -824, 
-273, 2425, 2698, -1076, -1485, 2562, -624, -780, -653, -614, -483, -834, 
-268, 2430, 2698, -1080, -1483, 2564, -624, -780, -658, -614, -488, -834, 
-268, 2435, 2703, -1083, -1485, 2569, -624, -780, -663, -614, -492, -834, 
-268, 2440, 2708, -1085, -1488, 2574, -619, -780, -668, -614, -497, -834, 
-263, 2449, 2713, -1093, -1488, 2581, -629, -785, -678, -624, -502, -844, 
-263, 2459, 2723, -1098, -1493, 2591, -629, -785, -678, -624, -507, -844, 
-263, 2469, 2732, -1102, -1498, 2601, -629, -790, -678, -624, -512, -844, 
-263, 2474, 2737, -1105, -1500, 2605, -629, -790, -678, -624, -517, -844, 
-273, 2479, 2752, -1102, -1512, 2615, -639, -790, -688, -634, -527, -858, 
-273, 2488, 2762, -1107, -1517, 2625, -639, -790, -692, -634, -522, -863, 
-273, 2493, 2766, -1110, -1520, 2630, -639, -790, -697, -629, -522, -868, 
-278, 2493, 2771, -1107, -1525, 2632, -639, -790, -702, -629, -522, -873, 
-287, 2498, 2786, -1105, -1537, 2642, -649, -795, -697, -644, -522, -863, 
-283, 2503, 2786, -1110, -1534, 2644, -649, -800, -697, -644, -522, -863, 
-283, 2508, 2791, -1112, -1537, 2649, -649, -805, -697, -644, -522, -863, 
-283, 2508, 2791, -1112, -1537, 2649, -649, -810, -697, -639, -522, -863, 
-292, 2522, 2815, -1115, -1554, 2669, -658, -810, -697, -639, -522, -858, 
-292, 2527, 2820, -1117, -1556, 2674, -658, -810, -697, -644, -522, -854, 
-292, 2532, 2825, -1119, -1559, 2679, -658, -810, -697, -644, -522, -849, 
-292, 2537, 2830, -1122, -1561, 2684, -658, -810, -697, -644, -522, -844, 
-283, 2542, 2825, -1129, -1554, 2684, -663, -814, -707, -653, -527, -849, 
-283, 2547, 2830, -1132, -1556, 2688, -668, -819, -712, -653, -531, -854, 
-283, 2552, 2835, -1134, -1559, 2693, -673, -824, -717, -653, -536, -858, 
-283, 2557, 2840, -1137, -1561, 2698, -678, -829, -722, -653, -541, -863, 
-283, 2571, 2854, -1144, -1568, 2713, -678, -829, -727, -658, -551, -868, 
-283, 2581, 2864, -1149, -1573, 2723, -678, -829, -727, -663, -551, -873, 
-283, 2586, 2869, -1151, -1576, 2727, -678, -829, -727, -668, -551, -878, 
-283, 2586, 2869, -1151, -1576, 2727, -678, -829, -727, -673, -551, -878, 
-287, 2601, 2888, -1156, -1588, 2745, -678, -834, -727, -673, -536, -878, 
-287, 2610, 2898, -1161, -1593, 2754, -678, -834, -727, -673, -536, -878, 
-283, 2615, 2898, -1166, -1590, 2757, -678, -834, -727, -673, -536, -878, 
-283, 2620, 2903, -1168, -1593, 2762, -678, -834, -722, -673, -536, -878, 
-292, 2635, 2928, -1171, -1610, 2781, -678, -844, -732, -678, -541, -883, 
-292, 2635, 2928, -1171, -1610, 2781, -678, -844, -727, -678, -546, -883, 
-292, 2640, 2932, -1173, -1612, 2786, -673, -844, -727, -678, -546, -888, 
-292, 2649, 2942, -1178, -1617, 2796, -673, -844, -732, -673, -546, -893, 
-292, 2664, 2957, -1185, -1625, 2810, -678, -844, -732, -663, -551, -897, 
-292, 2674, 2967, -1190, -1629, 2820, -683, -844, -732, -663, -556, -897, 
-292, 2674, 2967, -1190, -1629, 2820, -683, -839, -727, -663, -556, -902, 
-292, 2679, 2971, -1193, -1632, 2825, -683, -839, -722, -663, -556, -902, 
-292, 2698, 2991, -1202, -1642, 2845, -692, -849, -727, -673, -561, -912, 
-292, 2703, 2996, -1205, -1644, 2849, -688, -849, -732, -668, -566, -912, 
-287, 2708, 2996, -1210, -1642, 2852, -683, -839, -727, -673, -566, -912, 
-287, 2713, 3001, -1212, -1644, 2857, -683, -829, -732, -673, -570, -907, 
-287, 2718, 3006, -1215, -1647, 2862, -688, -834, -732, -663, -561, -897, 
-292, 2723, 3015, -1215, -1654, 2869, -692, -839, -727, -663, -561, -897, 
-292, 2727, 3020, -1217, -1656, 2874, -692, -844, -727, -663, -566, -893, 
-287, 2732, 3020, -1222, -1654, 2876, -688, -844, -727, -663, -566, -893, 
-292, 2747, 3040, -1227, -1666, 2893, -702, -854, -722, -663, -566, -893, 
-292, 2747, 3040, -1227, -1666, 2893, -712, -854, -722, -663, -566, -893, 
-283, 2752, 3035, -1234, -1659, 2893, -717, -854, -722, -663, -566, -897, 
-278, 2752, 3030, -1237, -1654, 2891, -722, -854, -722, -668, -566, -897, 
-268, 2766, 3035, -1249, -1651, 2901, -736, -854, -722, -668, -561, -907, 
-278, 2766, 3045, -1244, -1661, 2906, -736, -863, -727, -673, -570, -917, 
-287, 2762, 3050, -1237, -1668, 2906, -736, -883, -736, -702, -580, -922, 
-297, 2757, 3054, -1229, -1676, 2906, -741, -888, -766, -727, -590, -927, 
-292, 2771, 3064, -1239, -1678, 2918, -751, -888, -780, -732, -595, -927, 
-283, 2762, 3045, -1239, -1664, 2903, -751, -888, -780, -732, -595, -936, 
-283, 2762, 3045, -1239, -1664, 2903, -751, -888, -780, -732, -595, -936, 
-283, 2762, 3045, -1239, -1664, 2903, -751, -888, -780, -732, -595, -936, 
-283, 2762, 3045, -1239, -1664, 2903, -751, -888, -780, -732, -595, -936, 
-283, 2771, 3054, -1244, -1668, 2913, -751, -897, -780, -732, -605, -946, 
-283, 2771, 3054, -1244, -1668, 2913, -751, -897, -780, -732, -605, -946, 
-283, 2771, 3054, -1244, -1668, 2913, -751, -897, -780, -732, -605, -946, 
-283, 2771, 3054, -1244, -1668, 2913, -751, -897, -780, -732, -605, -946, 
-292, 2776, 3069, -1241, -1681, 2923, -761, -907, -785, -741, -614, -946, 
-292, 2781, 3074, -1244, -1683, 2928, -761, -907, -790, -741, -614, -946, 
-292, 2786, 3079, -1246, -1686, 2932, -761, -907, -795, -741, -614, -946, 
-292, 2791, 3084, -1249, -1688, 2937, -761, -907, -800, -741, -614, -946, 
-283, 2791, 3074, -1254, -1678, 2932, -766, -912, -814, -756, -629, -956, 
-283, 2791, 3074, -1254, -1678, 2932, -771, -917, -819, -761, -634, -956, 
-283, 2791, 3074, -1254, -1678, 2932, -775, -922, -824, -766, -639, -956, 
-283, 2791, 3074, -1254, -1678, 2932, -780, -927, -829, -771, -644, -956, 
-292, 2796, 3089, -1251, -1690, 2942, -790, -936, -829, -771, -653, -966, 
-292, 2801, 3093, -1254, -1693, 2947, -790, -936, -829, -771, -653, -966, 
-292, 2806, 3098, -1256, -1695, 2952, -790, -936, -829, -771, -653, -966, 
-292, 2810, 3103, -1259, -1698, 2957, -790, -936, -829, -771, -653, -966, 
-302, 2825, 3128, -1261, -1715, 2976, -790, -936, -839, -761, -644, -966, 
-302, 2830, 3132, -1263, -1717, 2981, -790, -936, -839, -761, -644, -966, 
-302, 2835, 3137, -1266, -1720, 2986, -790, -936, -839, -761, -644, -966, 
-302, 2840, 3142, -1268, -1722, 2991, -790, -936, -839, -761, -644, -966, 
-302, 2845, 3147, -1271, -1725, 2996, -790, -936, -829, -771, -644, -956, 
-302, 2849, 3152, -1273, -1727, 3001, -790, -936, -829, -771, -644, -956, 
-302, 2854, 3157, -1276, -1729, 3006, -790, -936, -829, -771, -644, -956, 
-302, 2859, 3162, -1278, -1732, 3010, -790, -936, -829, -771, -644, -956, 
-292, 2874, 3167, -1290, -1729, 3020, -780, -927, -829, -761, -639, -946, 
-292, 2879, 3172, -1293, -1732, 3025, -780, -927, -829, -761, -634, -946, 
-292, 2884, 3176, -1295, -1734, 3030, -780, -927, -829, -761, -629, -946, 
-292, 2888, 3181, -1298, -1737, 3035, -780, -927, -829, -761, -624, -946, 
-292, 2888, 3181, -1298, -1737, 3035, -780, -927, -839, -771, -629, -951, 
-292, 2888, 3181, -1298, -1737, 3035, -780, -927, -839, -771, -634, -956, 
-292, 2888, 3181, -1298, -1737, 3035, -780, -927, -839, -771, -639, -961, 
-292, 2888, 3181, -1298, -1737, 3035, -780, -927, -839, -771, -644, -966, 
-297, 2884, 3181, -1293, -1739, 3032, -785, -932, -844, -780, -653, -980, 
-302, 2879, 3181, -1288, -1742, 3030, -790, -936, -849, -790, -663, -985, 
-307, 2874, 3181, -1283, -1744, 3028, -800, -941, -863, -800, -673, -990, 
-312, 2869, 3181, -1278, -1747, 3025, -805, -946, -868, -810, -683, -995, 
-302, 2874, 3176, -1285, -1739, 3025, -805, -956, -868, -819, -688, -1010, 
-307, 2879, 3186, -1285, -1747, 3032, -805, -951, -868, -819, -688, -1010, 
-307, 2884, 3191, -1288, -1749, 3037, -805, -951, -863, -819, -683, -1005, 
-312, 2893, 3206, -1290, -1759, 3050, -805, -951, -858, -814, -683, -1005, 
-322, 2898, 3220, -1288, -1771, 3059, -810, -961, -858, -814, -688, -1005, 
-322, 2903, 3225, -1290, -1773, 3064, -805, -956, -858, -810, -688, -1005, 
-317, 2908, 3225, -1295, -1771, 3067, -800, -956, -849, -810, -688, -1005, 
-317, 2918, 3235, -1300, -1776, 3076, -800, -956, -858, -810, -697, -1005, 
-317, 2928, 3245, -1305, -1781, 3086, -805, -956, -868, -810, -688, -1015, 
-317, 2923, 3240, -1302, -1778, 3081, -800, -956, -868, -810, -688, -1015, 
-322, 2923, 3245, -1300, -1783, 3084, -800, -956, -868, -814, -688, -1015, 
-322, 2923, 3245, -1300, -1783, 3084, -805, -956, -868, -814, -692, -1019, 
-317, 2928, 3245, -1305, -1781, 3086, -805, -956, -868, -824, -692, -1019, 
-317, 2932, 3250, -1307, -1783, 3091, -810, -956, -868, -819, -692, -1015, 
-322, 2932, 3254, -1305, -1788, 3093, -810, -956, -868, -819, -692, -1015, 
-326, 2932, 3259, -1302, -1793, 3096, -810, -956, -868, -824, -697, -1019, 
-326, 2942, 3269, -1307, -1798, 3106, -810, -966, -883, -824, -707, -1029, 
-322, 2947, 3269, -1312, -1795, 3108, -805, -966, -883, -824, -702, -1029, 
-322, 2947, 3269, -1312, -1795, 3108, -805, -966, -883, -824, -702, -1029, 
-322, 2947, 3269, -1312, -1795, 3108, -805, -966, -883, -824, -702, -1029, 
-331, 2957, 3289, -1312, -1810, 3123, -814, -966, -878, -824, -702, -1019, 
-326, 2957, 3284, -1315, -1805, 3120, -814, -966, -878, -819, -697, -1019, 
-326, 2957, 3284, -1315, -1805, 3120, -819, -966, -878, -819, -697, -1019, 
-326, 2957, 3284, -1315, -1805, 3120, -819, -966, -878, -819, -697, -1024, 
-326, 2962, 3289, -1317, -1808, 3125, -819, -966, -873, -814, -702, -1024, 
-326, 2962, 3289, -1317, -1808, 3125, -819, -966, -873, -814, -702, -1024, 
-326, 2962, 3289, -1317, -1808, 3125, -819, -966, -873, -814, -702, -1024, 
-326, 2962, 3289, -1317, -1808, 3125, -819, -966, -878, -814, -702, -1024, 
-317, 2962, 3279, -1322, -1798, 3120, -819, -966, -888, -824, -712, -1034, 
-322, 2962, 3284, -1320, -1803, 3123, -819, -961, -883, -824, -712, -1039, 
-322, 2962, 3284, -1320, -1803, 3123, -819, -961, -883, -824, -712, -1039, 
-317, 3006, 3323, -1344, -1820, 3164, -819, -966, -888, -824, -722, -1044, 
-326, 3001, 3328, -1337, -1827, 3164, -829, -976, -888, -829, -732, -1054, 
-326, 2996, 3323, -1334, -1825, 3159, -829, -976, -888, -834, -732, -1054, 
-326, 2991, 3318, -1332, -1822, 3154, -829, -976, -888, -839, -732, -1054, 
-326, 2986, 3313, -1329, -1820, 3150, -824, -976, -888, -849, -732, -1054, 
-326, 2991, 3318, -1332, -1822, 3154, -824, -976, -888, -849, -732, -1054, 
-326, 2991, 3318, -1332, -1822, 3154, -829, -976, -888, -849, -732, -1054, 
-326, 2996, 3323, -1334, -1825, 3159, -829, -976, -888, -849, -732, -1054, 
-326, 3001, 3328, -1337, -1827, 3164, -829, -976, -888, -849, -732, -1054, 
-326, 3006, 3333, -1339, -1830, 3169, -829, -976, -888, -839, -722, -1054, 
-326, 3006, 3333, -1339, -1830, 3169, -829, -976, -888, -839, -722, -1049, 
-326, 3006, 3333, -1339, -1830, 3169, -829, -976, -888, -839, -722, -1049, 
-331, 3006, 3337, -1337, -1834, 3172, -829, -976, -888, -839, -722, -1054, 
-331, 3006, 3337, -1337, -1834, 3172, -829, -985, -888, -839, -722, -1044, 
-331, 3006, 3337, -1337, -1834, 3172, -829, -985, -893, -839, -722, -1039, 
-331, 3006, 3337, -1337, -1834, 3172, -829, -985, -893, -839, -727, -1039, 
-331, 3010, 3342, -1339, -1837, 3176, -829, -985, -893, -839, -727, -1039, 
-331, 3020, 3352, -1344, -1842, 3186, -839, -980, -902, -849, -727, -1049, 
-331, 3020, 3352, -1344, -1842, 3186, -839, -980, -897, -849, -727, -1049, 
-326, 3020, 3347, -1346, -1837, 3184, -839, -980, -897, -849, -727, -1049, 
-326, 3020, 3347, -1346, -1837, 3184, -839, -980, -897, -854, -727, -1049, 
-336, 3020, 3357, -1342, -1847, 3189, -844, -980, -897, -844, -727, -1049, 
-336, 3020, 3357, -1342, -1847, 3189, -844, -980, -897, -844, -727, -1049, 
-336, 3020, 3357, -1342, -1847, 3189, -844, -980, -897, -844, -727, -1049, 
-336, 3020, 3357, -1342, -1847, 3189, -844, -980, -902, -844, -727, -1049, 
-326, 3020, 3347, -1346, -1837, 3184, -844, -990, -893, -844, -736, -1054, 
-326, 3020, 3347, -1346, -1837, 3184, -839, -985, -893, -844, -736, -1058, 
-326, 3020, 3347, -1346, -1837, 3184, -839, -985, -893, -844, -732, -1058, 
-326, 3020, 3347, -1346, -1837, 3184, -839, -990, -893, -844, -732, -1058, 
-326, 3030, 3357, -1351, -1842, 3193, -839, -980, -893, -844, -732, -1058, 
-326, 3030, 3357, -1351, -1842, 3193, -839, -980, -893, -844, -732, -1054, 
-326, 3030, 3357, -1351, -1842, 3193, -839, -980, -888, -839, -732, -1054, 
-326, 3030, 3357, -1351, -1842, 3193, -839, -980, -883, -839, -732, -1049, 
-336, 3045, 3381, -1354, -1859, 3213, -839, -980, -883, -839, -741, -1049, 
-336, 3045, 3381, -1354, -1859, 3213, -839, -980, -883, -839, -732, -1049, 
-336, 3045, 3381, -1354, -1859, 3213, -839, -980, -883, -834, -732, -1049, 
-336, 3045, 3381, -1354, -1859, 3213, -839, -976, -878, -834, -732, -1049, 
-336, 3054, 3391, -1359, -1864, 3223, -849, -976, -888, -844, -727, -1049, 
-341, 3050, 3391, -1354, -1866, 3220, -849, -976, -893, -844, -727, -1049, 
-341, 3050, 3391, -1354, -1866, 3220, -849, -976, -893, -844, -727, -1049, 
-341, 3050, 3391, -1354, -1866, 3220, -849, -976, -893, -844, -727, -1054, 
-331, 3040, 3372, -1354, -1851, 3206, -849, -985, -883, -839, -727, -1044, 
-331, 3045, 3376, -1356, -1854, 3211, -844, -985, -883, -839, -727, -1044, 
-331, 3045, 3376, -1356, -1854, 3211, -844, -985, -883, -839, -722, -1044, 
-331, 3045, 3376, -1356, -1854, 3211, -849, -985, -878, -834, -722, -1044, 
-331, 3045, 3376, -1356, -1854, 3211, -839, -976, -878, -824, -722, -1049, 
-331, 3045, 3376, -1356, -1854, 3211, -839, -976, -883, -824, -722, -1049, 
-331, 3045, 3376, -1356, -1854, 3211, -839, -976, -883, -824, -722, -1044, 
-331, 3050, 3381, -1359, -1856, 3215, -834, -976, -868, -824, -722, -1044, 
-331, 3050, 3381, -1359, -1856, 3215, -829, -971, -868, -824, -727, -1049, 
-341, 3054, 3396, -1356, -1869, 3225, -824, -966, -868, -829, -746, -1058, 
-346, 3064, 3411, -1359, -1878, 3237, -814, -966, -868, -839, -756, -1073, 
-346, 3054, 3401, -1354, -1873, 3228, -805, -961, -863, -858, -771, -1088, 
-370, 3059, 3430, -1344, -1900, 3245, -795, -951, -844, -844, -761, -1088, 
-390, 3059, 3450, -1334, -1920, 3254, -785, -927, -805, -819, -756, -1093, 
-409, 3064, 3474, -1327, -1942, 3269, -756, -917, -780, -795, -756, -1107, 
-419, 3069, 3489, -1324, -1954, 3279, -736, -893, -766, -771, -736, -1098, 
-419, 3089, 3508, -1334, -1964, 3298, -741, -878, -746, -736, -702, -1083, 
-400, 3113, 3513, -1356, -1956, 3313, -751, -873, -707, -678, -653, -1054, 
-390, 3162, 3552, -1385, -1971, 3357, -771, -854, -644, -580, -561, -1015, 
-346, 3230, 3577, -1442, -1961, 3403, -800, -829, -570, -473, -463, -951, 
-287, 3289, 3577, -1500, -1932, 3433, -839, -824, -527, -380, -346, -858, 
-214, 3342, 3557, -1564, -1886, 3450, -883, -810, -512, -287, -224, -761, 
-131, 3376, 3508, -1622, -1820, 3442, -927, -775, -492, -229, -92, -658, 
-39, 3386, 3425, -1673, -1732, 3406, -961, -727, -483, -175, 43, -546, 
68, 3411, 3342, -1739, -1637, 3376, -1010, -692, -497, -126, 195, -409, 
185, 3450, 3264, -1817, -1539, 3357, -1049, -653, -488, -53, 346, -263, 
283, 3484, 3201, -1883, -1459, 3342, -1078, -610, -429, 14, 483, -156, 
356, 3518, 3162, -1937, -1403, 3340, -1093, -585, -346, 102, 595, -58, 
429, 3581, 3152, -2005, -1361, 3367, -1132, -600, -244, 195, 697, 24, 
502, 3625, 3123, -2064, -1310, 3374, -1195, -668, -219, 244, 761, 107, 
561, 3620, 3059, -2091, -1249, 3340, -1259, -766, -273, 165, 717, 146, 
580, 3591, 3010, -2086, -1215, 3301, -1302, -844, -346, -24, 561, 117, 
561, 3557, 2996, -2059, -1217, 3276, -1317, -936, -439, -190, 375, 68, 
507, 3528, 3020, -2017, -1256, 3274, -1327, -1088, -522, -292, 229, 14, 
385, 3518, 3132, -1952, -1373, 3325, -1327, -1273, -605, -366, 107, -48, 
234, 3508, 3274, -1871, -1520, 3391, -1288, -1449, -732, -488, -43, -136, 
58, 3484, 3425, -1771, -1683, 3455, -1215, -1542, -883, -624, -219, -253, 
-112, 3411, 3523, -1649, -1817, 3467, -1122, -1581, -1044, -775, -409, -414, 
-287, 3303, 3591, -1507, -1939, 3447, -1015, -1532, -1190, -941, -624, -624, 
-429, 3196, 3625, -1383, -2027, 3411, -888, -1415, -1302, -1093, -785, -800, 
-502, 3103, 3606, -1300, -2054, 3355, -795, -1288, -1346, -1185, -897, -932, 
-522, 3025, 3547, -1251, -2034, 3286, -712, -1195, -1371, -1234, -971, -1029, 
-536, 2962, 3498, -1212, -2017, 3230, -634, -1107, -1376, -1254, -990, -1083, 
-527, 2908, 3435, -1190, -1981, 3172, -575, -1019, -1366, -1244, -990, -1117, 
-502, 2869, 3372, -1183, -1937, 3120, -566, -966, -1346, -1224, -995, -1146, 
-488, 2859, 3347, -1185, -1917, 3103, -605, -956, -1322, -1205, -985, -1151, 
-483, 2869, 3352, -1193, -1917, 3111, -639, -927, -1278, -1161, -961, -1151, 
-463, 2879, 3342, -1207, -1903, 3111, -644, -868, -1205, -1117, -932, -1132, 
-439, 2888, 3328, -1224, -1883, 3108, -653, -819, -1137, -1054, -897, -1127, 
-414, 2923, 3337, -1254, -1876, 3130, -668, -800, -1068, -1000, -858, -1117, 
-385, 2952, 3337, -1283, -1861, 3145, -683, -780, -1024, -946, -814, -1107, 
-361, 2962, 3323, -1300, -1842, 3142, -692, -761, -976, -917, -790, -1093, 
-346, 2986, 3333, -1320, -1839, 3159, -707, -761, -951, -893, -771, -1068, 
-322, 3020, 3342, -1349, -1832, 3181, -727, -785, -932, -888, -746, -1049, 
-312, 3025, 3337, -1356, -1825, 3181, -727, -790, -922, -878, -732, -1034, 
-317, 3020, 3337, -1351, -1827, 3179, -736, -800, -912, -878, -732, -1029, 
-336, 3015, 3352, -1339, -1844, 3184, -746, -829, -907, -878, -736, -1029, 
-346, 3006, 3352, -1329, -1849, 3179, -771, -858, -897, -863, -741, -1029, 
-336, 3006, 3342, -1334, -1839, 3174, -785, -873, -893, -854, -741, -1034, 
-336, 3025, 3362, -1344, -1849, 3193, -795, -883, -883, -839, -732, -1049, 
-336, 3025, 3362, -1344, -1849, 3193, -810, -902, -868, -824, -727, -1044, 
-336, 3025, 3362, -1344, -1849, 3193, -814, -912, -849, -814, -707, -1034, 
-331, 3025, 3357, -1346, -1844, 3191, -819, -907, -854, -814, -707, -1034, 
-336, 3015, 3352, -1339, -1844, 3184, -819, -912, -863, -824, -712, -1034, 
-336, 3015, 3352, -1339, -1844, 3184, -814, -912, -858, -824, -702, -1024, 
-331, 3015, 3347, -1342, -1839, 3181, -814, -907, -858, -824, -702, -1024, 
-331, 3015, 3347, -1342, -1839, 3181, -814, -907, -858, -829, -702, -1024, 
-331, 3015, 3347, -1342, -1839, 3181, -824, -922, -873, -819, -712, -1024, 
-331, 3010, 3342, -1339, -1837, 3176, -829, -922, -873, -819, -712, -1024, 
-336, 3006, 3342, -1334, -1839, 3174, -829, -922, -873, -819, -717, -1029, 
-336, 3006, 3342, -1334, -1839, 3174, -829, -922, -873, -810, -717, -1029, 
-326, 3006, 3333, -1339, -1830, 3169, -829, -922, -858, -810, -697, -1024, 
-326, 3006, 3333, -1339, -1830, 3169, -829, -922, -854, -810, -697, -1024, 
-326, 3010, 3337, -1342, -1832, 3174, -839, -917, -854, -805, -697, -1019, 
-326, 3010, 3337, -1342, -1832, 3174, -839, -912, -854, -805, -692, -1019, 
-326, 2996, 3323, -1334, -1825, 3159, -839, -912, -854, -805, -692, -1010, 
-326, 2996, 3323, -1334, -1825, 3159, -834, -912, -854, -805, -697, -1010, 
-331, 2996, 3328, -1332, -1830, 3162, -834, -917, -858, -805, -697, -1015, 
-331, 2986, 3318, -1327, -1825, 3152, -834, -917, -858, -810, -697, -1015, 
-326, 2996, 3323, -1334, -1825, 3159, -824, -912, -858, -810, -697, -1005, 
-326, 2996, 3323, -1334, -1825, 3159, -824, -912, -858, -810, -697, -1000, 
-331, 2996, 3328, -1332, -1830, 3162, -829, -912, -858, -805, -692, -1000, 
-331, 2991, 3323, -1329, -1827, 3157, -829, -912, -858, -805, -692, -1000, 
-317, 2981, 3298, -1332, -1808, 3140, -829, -902, -854, -800, -678, -995, 
-317, 2981, 3298, -1332, -1808, 3140, -829, -902, -849, -800, -678, -995, 
-317, 2981, 3298, -1332, -1808, 3140, -829, -907, -844, -805, -678, -995, 
-317, 2981, 3298, -1332, -1808, 3140, -829, -907, -839, -805, -678, -1000, 
-317, 2971, 3289, -1327, -1803, 3130, -819, -897, -839, -800, -678, -990, 
-317, 2971, 3289, -1327, -1803, 3130, -819, -897, -839, -795, -678, -985, 
-317, 2971, 3289, -1327, -1803, 3130, -819, -897, -834, -790, -683, -985, 
-322, 2971, 3294, -1324, -1808, 3132, -819, -897, -834, -785, -683, -990, 
-331, 2967, 3298, -1317, -1815, 3132, -824, -902, -839, -790, -673, -990, 
-322, 2962, 3284, -1320, -1803, 3123, -824, -902, -839, -790, -673, -990, 
-322, 2962, 3284, -1320, -1803, 3123, -824, -907, -834, -790, -673, -990, 
-322, 2957, 3279, -1317, -1800, 3118, -819, -907, -834, -790, -673, -990, 
-317, 2957, 3274, -1320, -1795, 3115, -829, -902, -824, -800, -673, -990, 
-312, 2957, 3269, -1322, -1790, 3113, -829, -902, -824, -800, -673, -990, 
-312, 2957, 3269, -1322, -1790, 3113, -829, -902, -824, -800, -668, -990, 
-312, 2952, 3264, -1320, -1788, 3108, -829, -902, -824, -795, -668, -990, 
-317, 2942, 3259, -1312, -1788, 3101, -824, -893, -824, -785, -658, -976, 
-317, 2947, 3264, -1315, -1790, 3106, -824, -893, -824, -785, -653, -976, 
-317, 2947, 3264, -1315, -1790, 3106, -819, -893, -819, -785, -653, -980, 
-317, 2947, 3264, -1315, -1790, 3106, -814, -893, -819, -780, -653, -980, 
-307, 2932, 3240, -1312, -1773, 3086, -814, -888, -805, -775, -644, -976, 
-307, 2928, 3235, -1310, -1771, 3081, -814, -883, -805, -771, -639, -971, 
-307, 2923, 3230, -1307, -1769, 3076, -814, -878, -805, -766, -639, -966, 
-302, 2918, 3220, -1307, -1761, 3069, -814, -873, -805, -761, -639, -956, 
-312, 2913, 3225, -1300, -1769, 3069, -805, -863, -790, -756, -634, -956, 
-312, 2908, 3220, -1298, -1766, 3064, -805, -858, -790, -756, -634, -951, 
-312, 2903, 3215, -1295, -1764, 3059, -805, -858, -790, -751, -634, -941, 
-312, 2898, 3211, -1293, -1761, 3054, -805, -858, -795, -746, -629, -941, 
-302, 2888, 3191, -1293, -1747, 3040, -800, -854, -785, -746, -619, -941, 
-302, 2888, 3191, -1293, -1747, 3040, -800, -849, -785, -741, -614, -936, 
-302, 2888, 3191, -1293, -1747, 3040, -800, -849, -785, -741, -614, -932, 
-297, 2888, 3186, -1295, -1742, 3037, -800, -844, -785, -741, -614, -932, 
-297, 2888, 3186, -1295, -1742, 3037, -800, -844, -775, -732, -605, -922, 
-297, 2884, 3181, -1293, -1739, 3032, -800, -844, -775, -732, -605, -922, 
-297, 2879, 3176, -1290, -1737, 3028, -800, -844, -771, -727, -605, -917, 
-297, 2874, 3172, -1288, -1734, 3023, -800, -839, -766, -717, -595, -917, 
-287, 2874, 3162, -1293, -1725, 3018, -800, -824, -761, -717, -590, -912, 
-287, 2869, 3157, -1290, -1722, 3013, -800, -824, -761, -717, -585, -912, 
-287, 2869, 3157, -1290, -1722, 3013, -800, -814, -761, -717, -580, -912, 
-283, 2874, 3157, -1295, -1720, 3015, -800, -814, -751, -707, -575, -907, 
-273, 2869, 3142, -1298, -1708, 3006, -800, -805, -741, -697, -561, -888, 
-273, 2864, 3137, -1295, -1705, 3001, -805, -805, -746, -697, -556, -888, 
-263, 2859, 3123, -1298, -1693, 2991, -805, -805, -746, -697, -556, -888, 
-258, 2859, 3118, -1300, -1688, 2989, -805, -800, -746, -692, -551, -888, 
-263, 2854, 3118, -1295, -1690, 2986, -795, -800, -736, -678, -536, -878, 
-263, 2854, 3118, -1295, -1690, 2986, -795, -800, -732, -678, -536, -873, 
-263, 2854, 3118, -1295, -1690, 2986, -795, -790, -727, -673, -531, -863, 
-258, 2859, 3118, -1300, -1688, 2989, -800, -785, -712, -673, -527, -849, 
-248, 2864, 3113, -1307, -1681, 2989, -795, -775, -722, -653, -512, -854, 
-244, 2864, 3108, -1310, -1676, 2986, -795, -766, -712, -649, -507, -849, 
-244, 2859, 3103, -1307, -1673, 2981, -795, -756, -707, -644, -497, -839, 
-244, 2849, 3093, -1302, -1668, 2971, -800, -746, -707, -639, -492, -839, 
-244, 2845, 3089, -1300, -1666, 2967, -800, -746, -697, -629, -488, -834, 
-239, 2849, 3089, -1305, -1664, 2969, -805, -746, -697, -624, -483, -829, 
-224, 2854, 3079, -1315, -1651, 2967, -805, -741, -697, -614, -478, -824, 
-214, 2849, 3064, -1317, -1639, 2957, -805, -736, -688, -600, -473, -819, 
-209, 2840, 3050, -1315, -1629, 2945, -800, -717, -668, -585, -458, -810, 
-204, 2840, 3045, -1317, -1625, 2942, -805, -707, -658, -580, -444, -795, 
-195, 2840, 3035, -1322, -1615, 2937, -810, -702, -653, -580, -434, -785, 
-190, 2840, 3030, -1324, -1610, 2935, -819, -702, -644, -575, -424, -771, 
-190, 2845, 3035, -1327, -1612, 2940, -819, -688, -629, -546, -400, -761, 
-185, 2849, 3035, -1332, -1610, 2942, -819, -678, -629, -536, -385, -751, 
-170, 2849, 3020, -1339, -1595, 2935, -819, -668, -619, -531, -370, -746, 
-165, 2859, 3025, -1346, -1595, 2942, -814, -658, -619, -522, -356, -736, 
-146, 2859, 3006, -1356, -1576, 2932, -819, -653, -605, -507, -331, -717, 
-131, 2864, 2996, -1366, -1564, 2930, -824, -644, -590, -492, -312, -702, 
-117, 2864, 2981, -1373, -1549, 2923, -829, -629, -580, -473, -292, -692, 
-107, 2869, 2976, -1381, -1542, 2923, -834, -619, -566, -458, -283, -683, 
-97, 2879, 2976, -1390, -1537, 2928, -834, -605, -546, -439, -263, -663, 
-92, 2888, 2981, -1398, -1537, 2935, -844, -600, -541, -429, -244, -649, 
-82, 2888, 2971, -1403, -1527, 2930, -849, -590, -531, -419, -224, -639, 
-78, 2888, 2967, -1405, -1522, 2928, -854, -585, -527, -409, -209, -624, 
-63, 2893, 2957, -1415, -1510, 2925, -849, -570, -522, -390, -190, -600, 
-53, 2898, 2952, -1422, -1503, 2925, -858, -566, -512, -380, -170, -580, 
-43, 2903, 2947, -1429, -1495, 2925, -863, -566, -502, -370, -151, -566, 
-34, 2898, 2932, -1432, -1483, 2915, -868, -566, -492, -361, -131, -566, 
-14, 2893, 2908, -1439, -1461, 2901, -873, -561, -478, -346, -107, -551, 
-4, 2903, 2908, -1449, -1456, 2906, -878, -556, -468, -331, -92, -536, 
4, 2908, 2903, -1456, -1449, 2906, -883, -551, -463, -326, -87, -522, 
19, 2913, 2893, -1466, -1437, 2903, -888, -546, -458, -317, -73, -507, 
29, 2903, 2874, -1466, -1422, 2888, -893, -541, -448, -312, -53, -497, 
34, 2908, 2874, -1471, -1420, 2891, -897, -541, -448, -297, -39, -483, 
29, 2918, 2888, -1473, -1429, 2903, -907, -546, -453, -292, -29, -483, 
29, 2918, 2888, -1473, -1429, 2903, -902, -546, -453, -287, -24, -473, 
39, 2913, 2874, -1476, -1417, 2893, -893, -536, -444, -273, -9, -453, 
43, 2913, 2869, -1478, -1412, 2891, -897, -541, -439, -273, 0, -444, 
48, 2908, 2859, -1478, -1405, 2884, -902, -546, -434, -268, 4, -439, 
48, 2903, 2854, -1476, -1403, 2879, -902, -546, -434, -263, 4, -429, 
48, 2898, 2849, -1473, -1400, 2874, -907, -536, -429, -253, 14, -414, 
48, 2893, 2845, -1471, -1398, 2869, -912, -541, -429, -248, 14, -414, 
48, 2888, 2840, -1468, -1395, 2864, -917, -551, -429, -248, 14, -414, 
48, 2888, 2840, -1468, -1395, 2864, -922, -556, -429, -253, 14, -419, 
48, 2884, 2835, -1466, -1393, 2859, -917, -566, -424, -263, 4, -434, 
48, 2879, 2830, -1464, -1390, 2854, -912, -570, -424, -268, 0, -434, 
43, 2874, 2830, -1459, -1393, 2852, -907, -580, -429, -268, 0, -434, 
39, 2869, 2830, -1454, -1395, 2849, -897, -590, -429, -268, -9, -439, 
34, 2854, 2820, -1444, -1393, 2837, -888, -600, -439, -273, -14, -444, 
29, 2845, 2815, -1437, -1393, 2830, -883, -605, -439, -278, -29, -453, 
19, 2830, 2810, -1424, -1395, 2820, -878, -610, -439, -283, -43, -468, 
4, 2810, 2806, -1407, -1400, 2808, -878, -614, -444, -292, -53, -478, 
-9, 2801, 2810, -1395, -1410, 2806, -868, -619, -453, -312, -73, -483, 
-24, 2786, 2810, -1381, -1417, 2798, -858, -624, -458, -322, -87, -497, 
-43, 2762, 2806, -1359, -1424, 2784, -849, -639, -458, -326, -97, -512, 
-58, 2747, 2806, -1344, -1432, 2776, -834, -649, -463, -331, -117, -531, 
-63, 2723, 2786, -1329, -1424, 2754, -824, -658, -473, -346, -131, -536, 
-73, 2703, 2776, -1315, -1424, 2740, -819, -658, -483, -361, -151, -551, 
-87, 2688, 2776, -1300, -1432, 2732, -800, -663, -483, -375, -170, -566, 
-102, 2664, 2766, -1281, -1434, 2715, -790, -673, -488, -390, -185, -575, 
-126, 2649, 2776, -1261, -1451, 2713, -780, -673, -502, -390, -204, -585, 
-136, 2635, 2771, -1249, -1454, 2703, -775, -683, -512, -405, -219, -595, 
-146, 2620, 2766, -1237, -1456, 2693, -761, -688, -512, -414, -229, -610, 
-161, 2605, 2766, -1222, -1464, 2686, -761, -688, -517, -424, -239, -624, 
-165, 2591, 2757, -1212, -1461, 2674, -746, -692, -522, -434, -263, -629, 
-180, 2576, 2757, -1198, -1468, 2666, -746, -697, -527, -448, -273, -649, 
-195, 2562, 2757, -1183, -1476, 2659, -736, -702, -531, -468, -287, -658, 
-200, 2552, 2752, -1176, -1476, 2652, -727, -707, -541, -478, -302, -673, 
-204, 2527, 2732, -1161, -1468, 2630, -707, -707, -546, -483, -317, -673, 
-214, 2513, 2727, -1149, -1471, 2620, -707, -712, -556, -492, -326, -673, 
-224, 2508, 2732, -1141, -1478, 2620, -697, -717, -561, -497, -331, -673, 
-229, 2488, 2718, -1129, -1473, 2603, -697, -722, -566, -502, -336, -683, 
-229, 2469, 2698, -1119, -1464, 2583, -678, -712, -561, -512, -346, -683, 
-239, 2464, 2703, -1112, -1471, 2583, -678, -717, -566, -522, -351, -692, 
-248, 2454, 2703, -1102, -1476, 2579, -673, -722, -575, -527, -361, -702, 
-253, 2444, 2698, -1095, -1476, 2571, -673, -727, -575, -527, -370, -712, 
-258, 2425, 2684, -1083, -1471, 2554, -658, -727, -570, -527, -375, -717, 
-273, 2415, 2688, -1071, -1481, 2552, -653, -722, -570, -527, -380, -712, 
-273, 2396, 2669, -1061, -1471, 2532, -649, -722, -570, -522, -380, -712, 
-273, 2381, 2654, -1054, -1464, 2518, -644, -717, -570, -517, -375, -712, 
-268, 2366, 2635, -1049, -1451, 2501, -639, -717, -580, -531, -380, -712, 
-268, 2361, 2630, -1046, -1449, 2496, -634, -717, -585, -536, -385, -717, 
-273, 2357, 2630, -1041, -1451, 2493, -629, -717, -585, -546, -385, -722, 
-278, 2352, 2630, -1037, -1454, 2491, -624, -717, -585, -546, -385, -722, 
-273, 2347, 2620, -1037, -1446, 2483, -634, -717, -580, -546, -390, -727, 
-278, 2337, 2615, -1029, -1446, 2476, -624, -717, -575, -546, -395, -732, 
-278, 2332, 2610, -1027, -1444, 2471, -624, -717, -570, -546, -400, -732, 
-283, 2327, 2610, -1022, -1446, 2469, -614, -712, -566, -546, -400, -732, 
-292, 2318, 2610, -1012, -1451, 2464, -600, -707, -566, -541, -390, -727, 
-302, 2308, 2610, -1002, -1456, 2459, -600, -702, -561, -536, -390, -722, 
-302, 2293, 2596, -995, -1449, 2444, -600, -697, -561, -536, -390, -727, 
-302, 2283, 2586, -990, -1444, 2435, -600, -692, -566, -531, -395, -727, 
-292, 2278, 2571, -993, -1432, 2425, -590, -692, -556, -531, -395, -727, 
-292, 2274, 2566, -990, -1429, 2420, -590, -688, -556, -531, -395, -727, 
-292, 2264, 2557, -985, -1424, 2410, -590, -688, -561, -536, -400, -727, 
-292, 2259, 2552, -983, -1422, 2405, -590, -688, -561, -536, -400, -727, 
-302, 2254, 2557, -976, -1429, 2405, -580, -678, -551, -527, -400, -717, 
-302, 2249, 2552, -973, -1427, 2400, -575, -678, -546, -522, -395, -717, 
-302, 2239, 2542, -968, -1422, 2391, -575, -678, -546, -522, -390, -717, 
-302, 2235, 2537, -966, -1420, 2386, -575, -678, -546, -522, -385, -717, 
-312, 2225, 2537, -956, -1424, 2381, -570, -668, -541, -512, -385, -712, 
-312, 2215, 2527, -951, -1420, 2371, -566, -668, -536, -517, -385, -712, 
-312, 2205, 2518, -946, -1415, 2361, -561, -668, -531, -517, -385, -712, 
-312, 2191, 2503, -939, -1407, 2347, -556, -663, -527, -517, -385, -707, 
-322, 2186, 2508, -932, -1415, 2347, -546, -653, -517, -507, -375, -697, 
-322, 2181, 2503, -929, -1412, 2342, -541, -653, -517, -507, -375, -697, 
-326, 2171, 2498, -922, -1412, 2335, -541, -653, -517, -512, -380, -702, 
-326, 2166, 2493, -919, -1410, 2330, -536, -653, -517, -512, -380, -702, 
-312, 2156, 2469, -922, -1390, 2313, -541, -653, -512, -507, -370, -712, 
-307, 2161, 2469, -927, -1388, 2315, -541, -649, -512, -507, -375, -712, 
-302, 2161, 2464, -929, -1383, 2313, -541, -644, -512, -507, -375, -712, 
-307, 2156, 2464, -924, -1385, 2310, -536, -644, -512, -507, -375, -712, 
-312, 2142, 2454, -915, -1383, 2298, -527, -639, -497, -502, -366, -707, 
-312, 2132, 2444, -910, -1378, 2288, -522, -634, -492, -497, -361, -707, 
-312, 2117, 2430, -902, -1371, 2274, -522, -629, -492, -492, -361, -707, 
-312, 2108, 2420, -897, -1366, 2264, -522, -619, -492, -488, -361, -702, 
-322, 2098, 2420, -888, -1371, 2259, -512, -619, -492, -492, -375, -702, 
-322, 2093, 2415, -885, -1368, 2254, -512, -619, -488, -492, -375, -702, 
-322, 2088, 2410, -883, -1366, 2249, -512, -619, -483, -492, -375, -702, 
-322, 2083, 2405, -880, -1363, 2244, -507, -619, -483, -492, -375, -702, 
-312, 2069, 2381, -878, -1346, 2225, -502, -610, -478, -483, -375, -692, 
-312, 2078, 2391, -883, -1351, 2235, -502, -605, -478, -483, -370, -692, 
-307, 2078, 2386, -885, -1346, 2232, -502, -600, -478, -483, -366, -692, 
-307, 2078, 2386, -885, -1346, 2232, -502, -595, -478, -483, -361, -692, 
-317, 2059, 2376, -871, -1346, 2217, -497, -585, -468, -473, -351, -678, 
-322, 2049, 2371, -863, -1346, 2210, -492, -585, -463, -468, -351, -678, 
-322, 2039, 2361, -858, -1342, 2200, -488, -585, -458, -468, -351, -683, 
-326, 2030, 2357, -851, -1342, 2193, -483, -585, -448, -468, -351, -683, 
-317, 2025, 2342, -854, -1329, 2183, -473, -575, -444, -458, -341, -673, 
-317, 2020, 2337, -851, -1327, 2178, -473, -575, -444, -463, -341, -673, 
-317, 2020, 2337, -851, -1327, 2178, -473, -575, -444, -463, -341, -673, 
-317, 2015, 2332, -849, -1324, 2174, -468, -575, -444, -463, -341, -673, 
-326, 2000, 2327, -836, -1327, 2164, -468, -575, -439, -448, -336, -663, 
-326, 1995, 2322, -834, -1324, 2159, -468, -575, -439, -448, -336, -663, 
-326, 1991, 2318, -832, -1322, 2154, -468, -575, -434, -444, -336, -663, 
-326, 1986, 2313, -829, -1320, 2149, -468, -570, -434, -444, -336, -663, 
-317, 1971, 2288, -827, -1302, 2130, -468, -570, -424, -444, -326, -663, 
-317, 1966, 2283, -824, -1300, 2125, -468, -570, -424, -444, -326, -658, 
-317, 1961, 2278, -822, -1298, 2120, -468, -575, -424, -444, -326, -658, 
-312, 1956, 2269, -822, -1290, 2113, -468, -575, -424, -444, -322, -658, 
-312, 1942, 2254, -814, -1283, 2098, -458, -570, -419, -448, -312, -653, 
-312, 1937, 2249, -812, -1281, 2093, -463, -570, -419, -448, -312, -649, 
-312, 1932, 2244, -810, -1278, 2088, -463, -566, -419, -448, -312, -644, 
-317, 1927, 2244, -805, -1281, 2086, -463, -556, -419, -448, -312, -639, 
-307, 1917, 2225, -805, -1266, 2071, -453, -556, -419, -444, -302, -629, 
-307, 1917, 2225, -805, -1266, 2071, -453, -556, -419, -439, -302, -629, 
-302, 1917, 2220, -807, -1261, 2069, -453, -556, -419, -439, -297, -629, 
-302, 1922, 2225, -810, -1263, 2074, -448, -556, -419, -434, -297, -624, 
-292, 1908, 2200, -807, -1246, 2054, -439, -546, -409, -424, -283, -614, 
-297, 1898, 2196, -800, -1246, 2047, -444, -546, -409, -424, -283, -610, 
-297, 1893, 2191, -797, -1244, 2042, -444, -546, -405, -424, -283, -605, 
-297, 1888, 2186, -795, -1241, 2037, -444, -546, -405, -419, -283, -600, 
-297, 1873, 2171, -788, -1234, 2022, -439, -546, -395, -409, -273, -600, 
-297, 1869, 2166, -785, -1232, 2017, -434, -546, -395, -409, -268, -600, 
-297, 1864, 2161, -783, -1229, 2013, -429, -546, -395, -409, -268, -600, 
-292, 1859, 2152, -783, -1222, 2005, -424, -546, -395, -409, -273, -600, 
-302, 1854, 2156, -775, -1229, 2005, -424, -541, -405, -414, -263, -590, 
-302, 1849, 2152, -773, -1227, 2000, -424, -541, -405, -414, -263, -595, 
-292, 1844, 2137, -775, -1215, 1991, -424, -541, -405, -414, -263, -595, 
-292, 1839, 2132, -773, -1212, 1986, -424, -541, -409, -414, -263, -590, 
-283, 1834, 2117, -775, -1200, 1976, -424, -531, -400, -405, -253, -580, 
-283, 1830, 2113, -773, -1198, 1971, -424, -531, -400, -405, -253, -580, 
-283, 1825, 2108, -771, -1195, 1966, -424, -536, -400, -405, -253, -580, 
-283, 1815, 2098, -766, -1190, 1956, -424, -536, -400, -405, -253, -580, 
-283, 1810, 2093, -763, -1188, 1952, -414, -522, -390, -400, -244, -575, 
-283, 1805, 2088, -761, -1185, 1947, -414, -522, -390, -400, -244, -570, 
-287, 1800, 2088, -756, -1188, 1944, -414, -522, -390, -405, -244, -566, 
-287, 1795, 2083, -753, -1185, 1939, -414, -522, -390, -405, -244, -561, 
-297, 1790, 2088, -746, -1193, 1939, -405, -522, -380, -400, -229, -561, 
-297, 1786, 2083, -744, -1190, 1934, -405, -527, -385, -395, -229, -561, 
-297, 1781, 2078, -741, -1188, 1930, -405, -527, -385, -390, -229, -561, 
-297, 1776, 2074, -739, -1185, 1925, -405, -527, -385, -385, -234, -561, 
-297, 1761, 2059, -732, -1178, 1910, -400, -522, -375, -380, -224, -551, 
-297, 1756, 2054, -729, -1176, 1905, -400, -522, -375, -380, -224, -551, 
-297, 1756, 2054, -729, -1176, 1905, -400, -527, -375, -375, -224, -551, 
-297, 1751, 2049, -727, -1173, 1900, -400, -527, -375, -375, -224, -551, 
-297, 1737, 2034, -719, -1166, 1886, -390, -512, -366, -375, -214, -541, 
-297, 1732, 2030, -717, -1163, 1881, -385, -512, -366, -375, -209, -541, 
-297, 1727, 2025, -714, -1161, 1876, -385, -512, -366, -375, -209, -541, 
-297, 1722, 2020, -712, -1159, 1871, -385, -512, -366, -375, -214, -541, 
-297, 1717, 2015, -710, -1156, 1866, -385, -507, -361, -366, -204, -531, 
-297, 1708, 2005, -705, -1151, 1856, -385, -512, -361, -366, -204, -531, 
-297, 1703, 2000, -702, -1149, 1851, -390, -512, -356, -366, -200, -531, 
-297, 1698, 1995, -700, -1146, 1847, -390, -512, -356, -370, -200, -531, 
-297, 1678, 1976, -690, -1137, 1827, -385, -502, -356, -370, -200, -531, 
-297, 1673, 1971, -688, -1134, 1822, -380, -502, -356, -370, -200, -531, 
-297, 1673, 1971, -688, -1134, 1822, -375, -502, -356, -366, -200, -531, 
-297, 1668, 1966, -685, -1132, 1817, -366, -502, -356, -366, -200, -531, 
-297, 1659, 1956, -680, -1127, 1808, -366, -502, -346, -356, -190, -522, 
-297, 1654, 1952, -678, -1124, 1803, -366, -502, -346, -361, -195, -522, 
-297, 1649, 1947, -675, -1122, 1798, -366, -502, -351, -361, -195, -522, 
-302, 1644, 1947, -671, -1124, 1795, -366, -502, -351, -361, -195, -522, 
-312, 1634, 1947, -661, -1129, 1790, -366, -492, -351, -356, -190, -517, 
-307, 1629, 1937, -661, -1122, 1783, -361, -492, -346, -351, -185, -512, 
-307, 1625, 1932, -658, -1119, 1778, -356, -492, -346, -346, -180, -507, 
-307, 1620, 1927, -656, -1117, 1773, -351, -492, -346, -341, -175, -502, 
-297, 1605, 1903, -653, -1100, 1754, -351, -483, -331, -331, -165, -492, 
-297, 1600, 1898, -651, -1098, 1749, -351, -483, -331, -326, -165, -492, 
-297, 1595, 1893, -649, -1095, 1744, -346, -483, -336, -326, -165, -492, 
-302, 1590, 1893, -644, -1098, 1742, -346, -483, -336, -331, -165, -492, 
-302, 1586, 1888, -641, -1095, 1737, -341, -478, -326, -331, -165, -492, 
-297, 1581, 1878, -641, -1088, 1729, -341, -478, -326, -331, -165, -492, 
-297, 1576, 1873, -639, -1085, 1725, -341, -478, -326, -331, -165, -492, 
-297, 1571, 1869, -636, -1083, 1720, -336, -478, -326, -331, -165, -492, 
-292, 1566, 1859, -636, -1076, 1712, -326, -463, -317, -322, -156, -483, 
-292, 1561, 1854, -634, -1073, 1708, -326, -463, -317, -322, -156, -483, 
-292, 1556, 1849, -631, -1071, 1703, -326, -468, -317, -322, -156, -483, 
-292, 1546, 1839, -627, -1066, 1693, -326, -468, -317, -322, -156, -483, 
-292, 1542, 1834, -624, -1063, 1688, -326, -468, -312, -322, -156, -483, 
-292, 1542, 1834, -624, -1063, 1688, -326, -468, -312, -322, -151, -483, 
-292, 1537, 1830, -622, -1061, 1683, -326, -468, -312, -317, -151, -483, 
-297, 1527, 1825, -614, -1061, 1676, -326, -468, -312, -317, -151, -483, 
-307, 1512, 1820, -602, -1063, 1666, -317, -458, -312, -312, -141, -473, 
-302, 1507, 1810, -602, -1056, 1659, -317, -458, -307, -312, -141, -473, 
-302, 1503, 1805, -600, -1054, 1654, -317, -458, -302, -312, -141, -473, 
-302, 1493, 1795, -595, -1049, 1644, -317, -458, -297, -307, -141, -473, 
-302, 1488, 1790, -592, -1046, 1639, -307, -448, -307, -297, -141, -473, 
-302, 1483, 1786, -590, -1044, 1634, -307, -448, -307, -302, -141, -473, 
-302, 1478, 1781, -588, -1041, 1629, -307, -448, -307, -302, -141, -473, 
-302, 1473, 1776, -585, -1039, 1625, -307, -448, -307, -302, -141, -473, 
-302, 1464, 1766, -580, -1034, 1615, -297, -439, -307, -292, -131, -468, 
-302, 1464, 1766, -580, -1034, 1615, -297, -439, -302, -292, -131, -463, 
-302, 1464, 1766, -580, -1034, 1615, -297, -439, -297, -292, -131, -458, 
-302, 1464, 1766, -580, -1034, 1615, -297, -439, -292, -292, -131, -453, 
-297, 1449, 1747, -575, -1022, 1598, -297, -429, -287, -292, -126, -444, 
-292, 1449, 1742, -578, -1017, 1595, -297, -429, -287, -292, -122, -444, 
-287, 1444, 1732, -578, -1010, 1588, -297, -429, -287, -292, -117, -444, 
-283, 1434, 1717, -575, -1000, 1576, -297, -429, -287, -292, -112, -439, 
-287, 1429, 1717, -570, -1002, 1573, -287, -424, -278, -283, -107, -439, 
-287, 1429, 1717, -570, -1002, 1573, -287, -424, -278, -283, -107, -439, 
-283, 1424, 1708, -570, -995, 1566, -287, -424, -278, -283, -107, -439, 
-283, 1420, 1703, -568, -993, 1561, -287, -424, -273, -283, -107, -439, 
-292, 1415, 1708, -561, -1000, 1561, -278, -414, -273, -278, -107, -429, 
-292, 1405, 1698, -556, -995, 1551, -278, -414, -268, -278, -107, -424, 
-292, 1400, 1693, -553, -993, 1546, -273, -414, -268, -278, -102, -424, 
-292, 1400, 1693, -553, -993, 1546, -273, -414, -273, -273, -97, -424, 
-292, 1400, 1693, -553, -993, 1546, -263, -414, -258, -268, -87, -414, 
-292, 1405, 1698, -556, -995, 1551, -263, -414, -253, -263, -87, -409, 
-292, 1400, 1693, -553, -993, 1546, -258, -409, -244, -258, -82, -409, 
-292, 1400, 1693, -553, -993, 1546, -253, -409, -234, -253, -78, -405, 
-283, 1395, 1678, -556, -980, 1537, -244, -405, -224, -248, -73, -405, 
-283, 1395, 1678, -556, -980, 1537, -239, -400, -224, -239, -68, -405, 
-278, 1395, 1673, -558, -976, 1534, -234, -385, -214, -239, -58, -405, 
-278, 1395, 1673, -558, -976, 1534, -234, -370, -214, -234, -53, -400, 
-278, 1385, 1664, -553, -971, 1525, -234, -370, -214, -224, -43, -400, 
-283, 1385, 1668, -551, -976, 1527, -234, -370, -209, -224, -43, -400, 
-283, 1385, 1668, -551, -976, 1527, -229, -370, -209, -224, -48, -395, 
-278, 1385, 1664, -553, -971, 1525, -219, -366, -209, -224, -48, -395, 
-278, 1385, 1664, -553, -971, 1525, -219, -356, -200, -214, -39, -390, 
-283, 1381, 1664, -549, -973, 1522, -224, -356, -195, -214, -39, -385, 
-278, 1381, 1659, -551, -968, 1520, -224, -356, -190, -214, -39, -385, 
-278, 1376, 1654, -549, -966, 1515, -224, -356, -185, -219, -39, -380, 
-278, 1351, 1629, -536, -954, 1490, -229, -356, -175, -209, -34, -380, 
-278, 1351, 1629, -536, -954, 1490, -229, -356, -170, -204, -24, -370, 
-278, 1346, 1625, -534, -951, 1485, -239, -356, -170, -204, -24, -375, 
-278, 1342, 1620, -531, -949, 1481, -244, -361, -170, -200, -24, -370, 
-263, 1337, 1600, -536, -932, 1468, -244, -361, -175, -204, -19, -370, 
-273, 1322, 1595, -524, -934, 1459, -244, -370, -185, -204, -29, -370, 
-273, 1317, 1590, -522, -932, 1454, -244, -370, -185, -204, -29, -370, 
-273, 1312, 1586, -519, -929, 1449, -244, -370, -185, -204, -29, -370, 
-273, 1307, 1581, -517, -927, 1444, -244, -370, -185, -204, -29, -370, 
-273, 1293, 1566, -509, -919, 1429, -234, -361, -185, -214, -29, -361, 
-273, 1288, 1561, -507, -917, 1424, -234, -361, -185, -214, -29, -361, 
-273, 1283, 1556, -505, -915, 1420, -234, -361, -185, -214, -29, -361, 
-273, 1278, 1551, -502, -912, 1415, -234, -361, -185, -214, -29, -361, 
-273, 1263, 1537, -495, -905, 1400, -234, -370, -195, -214, -39, -361, 
-273, 1259, 1532, -492, -902, 1395, -234, -370, -195, -214, -39, -361, 
-273, 1254, 1527, -490, -900, 1390, -234, -370, -195, -214, -39, -361, 
-273, 1249, 1522, -488, -897, 1385, -234, -370, -195, -214, -39, -361, 
-273, 1244, 1517, -485, -895, 1381, -224, -361, -204, -214, -39, -361, 
-273, 1239, 1512, -483, -893, 1376, -224, -361, -204, -214, -39, -361, 
-273, 1234, 1507, -480, -890, 1371, -224, -361, -204, -214, -39, -361, 
-273, 1229, 1503, -478, -888, 1366, -224, -361, -204, -214, -39, -361, 
-263, 1220, 1483, -478, -873, 1351, -224, -370, -204, -224, -39, -351, 
-263, 1210, 1473, -473, -868, 1342, -224, -370, -204, -224, -39, -351, 
-263, 1200, 1464, -468, -863, 1332, -224, -370, -204, -224, -39, -351, 
-263, 1190, 1454, -463, -858, 1322, -224, -370, -204, -224, -39, -351, 
-273, 1180, 1454, -453, -863, 1317, -214, -370, -204, -224, -29, -341, 
-273, 1180, 1454, -453, -863, 1317, -214, -370, -204, -224, -29, -341, 
-273, 1180, 1454, -453, -863, 1317, -214, -370, -204, -224, -29, -341, 
-273, 1180, 1454, -453, -863, 1317, -214, -370, -204, -224, -29, -341, 
-273, 1171, 1444, -448, -858, 1307, -214, -370, -195, -214, -19, -331, 
-273, 1171, 1444, -448, -858, 1307, -214, -370, -195, -214, -19, -331, 
-273, 1171, 1444, -448, -858, 1307, -214, -370, -195, -214, -19, -331, 
-273, 1171, 1444, -448, -858, 1307, -214, -370, -195, -214, -19, -331, 
-273, 1156, 1429, -441, -851, 1293, -200, -366, -185, -204, -9, -322, 
-273, 1151, 1424, -439, -849, 1288, -195, -361, -185, -204, -9, -322, 
-273, 1146, 1420, -436, -846, 1283, -190, -356, -185, -204, -9, -322, 
-273, 1141, 1415, -434, -844, 1278, -185, -351, -185, -204, -9, -322, 
-273, 1132, 1405, -429, -839, 1268, -175, -346, -180, -200, -4, -312, 
-273, 1132, 1405, -429, -839, 1268, -175, -341, -175, -195, 0, -312, 
-273, 1132, 1405, -429, -839, 1268, -175, -336, -170, -190, 4, -312, 
-273, 1132, 1405, -429, -839, 1268, -175, -331, -165, -185, 9, -312, 
-268, 1117, 1385, -424, -827, 1251, -165, -331, -165, -185, 9, -302, 
-263, 1112, 1376, -424, -819, 1244, -165, -331, -165, -185, 9, -302, 
-258, 1107, 1366, -424, -812, 1237, -165, -331, -165, -185, 9, -302, 
-253, 1102, 1356, -424, -805, 1229, -165, -331, -165, -185, 9, -302, 
-253, 1093, 1346, -419, -800, 1220, -165, -322, -170, -190, 4, -312, 
-253, 1083, 1337, -414, -795, 1210, -165, -322, -175, -195, 0, -312, 
-253, 1073, 1327, -409, -790, 1200, -165, -322, -180, -200, -4, -312, 
-253, 1063, 1317, -405, -785, 1190, -165, -322, -185, -204, -9, -312, 
-258, 1049, 1307, -395, -783, 1178, -156, -322, -175, -195, -4, -302, 
-263, 1044, 1307, -390, -785, 1176, -156, -322, -175, -195, 0, -302, 
-268, 1039, 1307, -385, -788, 1173, -156, -322, -175, -195, 4, -302, 
-273, 1034, 1307, -380, -790, 1171, -156, -322, -175, -195, 9, -302, 
-278, 1034, 1312, -378, -795, 1173, -146, -312, -161, -190, 19, -292, 
-283, 1034, 1317, -375, -800, 1176, -146, -312, -156, -185, 19, -292, 
-287, 1034, 1322, -373, -805, 1178, -146, -312, -151, -180, 19, -292, 
-292, 1034, 1327, -370, -810, 1180, -146, -312, -146, -175, 19, -292, 
-292, 1019, 1312, -363, -802, 1166, -136, -302, -136, -165, 29, -292, 
-292, 1015, 1307, -361, -800, 1161, -136, -302, -136, -165, 29, -292, 
-292, 1010, 1302, -358, -797, 1156, -136, -302, -136, -165, 29, -292, 
-292, 1005, 1298, -356, -795, 1151, -136, -302, -136, -165, 29, -292, 
-283, 990, 1273, -353, -778, 1132, -126, -292, -136, -165, 29, -292, 
-283, 985, 1268, -351, -775, 1127, -126, -292, -136, -165, 29, -292, 
-283, 980, 1263, -348, -773, 1122, -126, -292, -136, -165, 29, -292, 
-283, 976, 1259, -346, -771, 1117, -126, -292, -136, -165, 29, -292, 
-283, 966, 1249, -341, -766, 1107, -117, -292, -136, -175, 29, -292, 
