I, II, III, aVR, aVL, aVF, V1, V2, V3, V4, V5, V6, 
-126, -165, -39, 146, -43, -102, 39, -19, 34, -63, -92, 97, 
-126, -170, -43, 148, -41, -107, 39, -19, 34, -63, -92, 97, 
-126, -170, -43, 148, -41, -107, 29, -19, 29, -63, -97, 97, 
-126, -170, -43, 148, -41, -107, 29, -24, 24, -63, -97, 97, 
-126, -161, -34, 143, -46, -97, 24, -39, 24, -63, -82, 92, 
-122, -161, -39, 141, -41, -100, 19, -39, 24, -58, -78, 92, 
-112, -161, -48, 136, -31, -104, 19, -34, 29, -53, -73, 97, 
-112, -161, -48, 136, -31, -104, 14, -34, 29, -43, -68, 97, 
-102, -146, -43, 124, -29, -95, 24, -24, 19, -53, -73, 97, 
-97, -141, -43, 119, -26, -92, 24, -29, 19, -53, -73, 97, 
-97, -141, -43, 119, -26, -92, 24, -29, 19, -53, -73, 97, 
-97, -136, -39, 117, -29, -87, 24, -24, 19, -53, -73, 102, 
-107, -146, -39, 126, -34, -92, 34, -24, 34, -43, -73, 102, 
-117, -141, -24, 129, -46, -82, 34, -14, 34, -43, -68, 102, 
-117, -136, -19, 126, -48, -78, 39, -14, 39, -34, -68, 102, 
-122, -136, -14, 129, -53, -75, 43, -14, 43, -34, -63, 102, 
-136, -136, 0, 136, -68, -68, 48, -9, 34, -43, -73, 92, 
-146, -141, 4, 143, -75, -68, 53, -4, 34, -48, -73, 92, 
-156, -141, 14, 148, -85, -63, 53, -4, 39, -53, -73, 92, 
-156, -141, 14, 148, -85, -63, 58, -4, 39, -58, -73, 92, 
-156, -136, 19, 146, -87, -58, 48, -4, 39, -58, -63, 97, 
-156, -131, 24, 143, -90, -53, 53, -9, 34, -53, -58, 102, 
-156, -126, 29, 141, -92, -48, 53, -9, 34, -48, -48, 107, 
-151, -126, 24, 139, -87, -51, 53, -9, 34, -43, -43, 107, 
-151, -117, 34, 134, -92, -41, 43, -19, 34, -43, -48, 107, 
-146, -117, 29, 131, -87, -43, 43, -19, 34, -43, -53, 107, 
-146, -112, 34, 129, -90, -39, 43, -19, 34, -43, -58, 107, 
-146, -112, 34, 129, -90, -39, 43, -14, 34, -43, -63, 112, 
-151, -126, 24, 139, -87, -51, 48, -4, 34, -43, -73, 107, 
-151, -131, 19, 141, -85, -56, 53, -4, 34, -43, -73, 102, 
-151, -136, 14, 143, -82, -61, 53, -4, 34, -43, -73, 97, 
-156, -141, 14, 148, -85, -63, 58, -4, 34, -43, -73, 92, 
-165, -146, 19, 156, -92, -63, 58, -14, 24, -53, -73, 92, 
-165, -146, 19, 156, -92, -63, 58, -14, 24, -53, -73, 92, 
-165, -146, 19, 156, -92, -63, 58, -14, 24, -58, -73, 92, 
-165, -146, 19, 156, -92, -63, 58, -14, 24, -58, -73, 92, 
-165, -141, 24, 153, -95, -58, 43, -14, 24, -58, -73, 102, 
-165, -136, 29, 151, -97, -53, 43, -14, 24, -53, -73, 102, 
-165, -131, 34, 148, -100, -48, 53, -14, 24, -53, -73, 102, 
-165, -126, 39, 146, -102, -43, 53, -14, 24, -48, -73, 102, 
-151, -126, 24, 139, -87, -51, 63, -4, 29, -48, -63, 112, 
-151, -126, 24, 139, -87, -51, 58, -4, 29, -48, -63, 112, 
-151, -126, 24, 139, -87, -51, 58, -4, 29, -48, -63, 112, 
-156, -122, 34, 139, -95, -43, 58, -4, 29, -48, -63, 112, 
-156, -112, 43, 134, -100, -34, 48, -9, 29, -39, -58, 112, 
-151, -112, 39, 131, -95, -36, 48, -14, 29, -39, -53, 112, 
-151, -112, 39, 131, -95, -36, 48, -19, 29, -39, -48, 112, 
-151, -112, 39, 131, -95, -36, 48, -24, 29, -39, -43, 112, 
-151, -126, 24, 139, -87, -51, 58, -9, 29, -48, -58, 102, 
-151, -126, 24, 139, -87, -51, 58, -9, 29, -48, -63, 102, 
-151, -126, 24, 139, -87, -51, 53, -9, 29, -48, -68, 102, 
-151, -126, 24, 139, -87, -51, 53, -9, 29, -48, -73, 102, 
-161, -122, 39, 141, -100, -41, 58, -9, 29, -58, -82, 102, 
-161, -122, 39, 141, -100, -41, 58, -9, 29, -58, -82, 102, 
-161, -122, 39, 141, -100, -41, 58, -9, 29, -58, -87, 102, 
-161, -122, 39, 141, -100, -41, 58, -9, 29, -63, -87, 102, 
-151, -112, 39, 131, -95, -36, 48, -19, 29, -63, -78, 102, 
-151, -112, 39, 131, -95, -36, 48, -19, 29, -58, -73, 102, 
-151, -112, 39, 131, -95, -36, 53, -19, 29, -58, -73, 102, 
-151, -112, 39, 131, -95, -36, 53, -19, 29, -58, -73, 102, 
-161, -107, 53, 134, -107, -26, 43, -19, 24, -48, -68, 112, 
-165, -107, 58, 136, -112, -24, 43, -19, 24, -48, -63, 112, 
-165, -107, 58, 136, -112, -24, 43, -19, 19, -48, -58, 112, 
-165, -107, 58, 136, -112, -24, 43, -19, 19, -48, -53, 112, 
-156, -97, 58, 126, -107, -19, 63, -9, 29, -48, -63, 102, 
-161, -112, 48, 136, -104, -31, 63, -4, 34, -34, -58, 112, 
-151, -107, 43, 129, -97, -31, 73, -4, 39, -34, -48, 112, 
-161, -97, 63, 129, -112, -17, 78, 4, 53, -24, -48, 122, 
-175, -102, 73, 139, -124, -14, 78, 9, 63, -14, -43, 117, 
-165, -112, 53, 139, -109, -29, 58, 4, 68, -19, -53, 107, 
-151, -112, 39, 131, -95, -36, 39, 0, 68, -9, -58, 97, 
-156, -117, 39, 136, -97, -39, 29, -4, 63, -4, -53, 107, 
-146, -112, 34, 129, -90, -39, 24, -14, 68, 4, -43, 112, 
-131, -112, 19, 122, -75, -46, 24, -19, 68, 4, -29, 112, 
-112, -112, 0, 112, -56, -56, 9, -43, 58, 9, -24, 112, 
-97, -107, -9, 102, -43, -58, -4, -63, 43, 19, 4, 131, 
-68, -87, -19, 78, -24, -53, -19, -87, 34, 39, 53, 175, 
-39, -53, -14, 46, -12, -34, -39, -107, 9, 58, 102, 209, 
-14, -39, -24, 26, 4, -31, -63, -185, -48, 39, 122, 239, 
39, -24, -63, -7, 51, -43, -136, -317, -156, -9, 136, 268, 
112, 0, -112, -56, 112, -56, -229, -478, -287, -68, 146, 292, 
175, 9, -165, -92, 170, -78, -302, -634, -419, -146, 141, 307, 
239, 43, -195, -141, 217, -75, -375, -746, -517, -214, 131, 326, 
312, 68, -244, -190, 278, -87, -419, -824, -585, -263, 122, 331, 
390, 58, -331, -224, 361, -136, -478, -917, -673, -341, 73, 312, 
458, 29, -429, -244, 444, -200, -566, -1049, -790, -439, 4, 283, 
531, 14, -517, -273, 524, -251, -629, -1146, -873, -497, -43, 258, 
595, 34, -561, -314, 578, -263, -658, -1200, -917, -522, -58, 253, 
639, 34, -605, -336, 622, -285, -683, -1234, -941, -541, -92, 234, 
663, 9, -653, -336, 658, -322, -673, -1210, -941, -570, -146, 200, 
688, -24, -712, -331, 700, -368, -624, -1151, -907, -580, -195, 170, 
712, -39, -751, -336, 732, -395, -585, -1073, -858, -570, -239, 141, 
736, -43, -780, -346, 758, -412, -566, -1015, -810, -561, -268, 122, 
736, -53, -790, -341, 763, -422, -556, -961, -761, -551, -287, 92, 
717, -78, -795, -319, 756, -436, -556, -912, -707, -536, -287, 92, 
658, -87, -746, -285, 702, -417, -546, -824, -629, -483, -248, 112, 
561, -24, -585, -268, 573, -305, -463, -668, -478, -361, -161, 170, 
400, 29, -370, -214, 385, -170, -351, -483, -322, -224, -63, 229, 
258, 34, -224, -146, 241, -95, -263, -361, -219, -156, -19, 248, 
175, 34, -141, -104, 158, -53, -214, -292, -165, -112, -19, 239, 
78, 34, -43, -56, 61, -4, -165, -224, -117, -87, -9, 224, 
-9, 34, 43, -12, -26, 39, -122, -185, -78, -73, -9, 214, 
-34, 43, 78, -4, -56, 61, -87, -156, -53, -63, -4, 200, 
-48, 43, 92, 2, -70, 68, -53, -122, -34, -58, -14, 190, 
-68, 24, 92, 21, -80, 58, -19, -82, -4, -58, -29, 170, 
-78, 0, 78, 39, -78, 39, -9, -68, -4, -68, -39, 146, 
-78, 0, 78, 39, -78, 39, 9, -53, 4, -58, -48, 141, 
-87, -4, 82, 46, -85, 39, 24, -34, 34, -43, -39, 136, 
-97, -14, 82, 56, -90, 34, 24, -24, 43, -39, -39, 131, 
-102, -19, 82, 61, -92, 31, 9, -19, 34, -34, -39, 122, 
-107, -19, 87, 63, -97, 34, 0, -19, 34, -24, -43, 122, 
-122, -29, 92, 75, -107, 31, 14, -9, 48, -24, -29, 131, 
-136, -29, 107, 82, -122, 39, 19, 4, 53, -9, -19, 146, 
-141, -39, 102, 90, -122, 31, 29, 0, 63, -19, -24, 136, 
-151, -34, 117, 92, -134, 41, 34, 4, 68, -19, -34, 136, 
-151, -34, 117, 92, -134, 41, 39, 14, 68, -29, -39, 126, 
-151, -34, 117, 92, -134, 41, 43, 19, 68, -34, -43, 122, 
-146, -43, 102, 95, -124, 29, 43, 19, 68, -24, -39, 117, 
-146, -48, 97, 97, -122, 24, 43, 19, 68, -24, -43, 117, 
-151, -48, 102, 100, -126, 26, 43, 19, 68, -19, -43, 117, 
-151, -48, 102, 100, -126, 26, 39, 19, 68, -19, -43, 117, 
-165, -29, 136, 97, -151, 53, 39, 9, 63, -14, -39, 122, 
-170, -29, 141, 100, -156, 56, 39, 14, 63, -14, -34, 122, 
-170, -29, 141, 100, -156, 56, 43, 19, 68, -9, -34, 126, 
-170, -29, 141, 100, -156, 56, 43, 19, 73, -9, -39, 126, 
-161, -29, 131, 95, -146, 51, 48, 24, 73, -24, -53, 117, 
-156, -24, 131, 90, -143, 53, 48, 24, 68, -24, -53, 117, 
-156, -24, 131, 90, -143, 53, 53, 24, 68, -24, -53, 112, 
-156, -24, 131, 90, -143, 53, 53, 24, 68, -24, -53, 112, 
-146, -24, 122, 85, -134, 48, 48, 19, 68, -14, -43, 112, 
-146, -24, 122, 85, -134, 48, 43, 19, 68, -14, -43, 112, 
-146, -19, 126, 82, -136, 53, 39, 24, 73, -14, -39, 112, 
-151, -19, 131, 85, -141, 56, 34, 24, 73, -9, -39, 117, 
-161, -9, 151, 85, -156, 70, 34, 24, 78, -4, -34, 117, 
-161, -9, 151, 85, -156, 70, 34, 24, 78, -4, -34, 117, 
-161, -9, 151, 85, -156, 70, 34, 24, 78, -4, -34, 117, 
-161, -9, 151, 85, -156, 70, 34, 24, 73, -9, -34, 117, 
-151, -19, 131, 85, -141, 56, 34, 14, 63, -9, -43, 117, 
-151, -24, 126, 87, -139, 51, 34, 14, 63, -9, -43, 117, 
-146, -24, 122, 85, -134, 48, 34, 14, 68, -9, -53, 112, 
-146, -29, 117, 87, -131, 43, 29, 14, 68, -9, -53, 107, 
-146, -19, 126, 82, -136, 53, 29, 24, 78, -9, -43, 117, 
-146, -14, 131, 80, -139, 58, 34, 24, 78, -9, -43, 117, 
-146, -14, 131, 80, -139, 58, 39, 24, 78, -9, -43, 117, 
-151, -14, 136, 82, -143, 61, 39, 24, 82, -9, -39, 122, 
-161, -24, 136, 92, -148, 56, 39, 19, 73, -19, -39, 122, 
-161, -24, 136, 92, -148, 56, 39, 19, 68, -14, -39, 122, 
-161, -24, 136, 92, -148, 56, 39, 24, 68, -9, -34, 122, 
-161, -24, 136, 92, -148, 56, 39, 24, 68, -9, -34, 122, 
-151, -24, 126, 87, -139, 51, 29, 19, 68, -14, -34, 122, 
-151, -24, 126, 87, -139, 51, 29, 19, 73, -14, -34, 122, 
-156, -24, 131, 90, -143, 53, 29, 19, 78, -14, -34, 122, 
-156, -24, 131, 90, -143, 53, 29, 29, 78, -14, -34, 122, 
-156, -24, 131, 90, -143, 53, 29, 19, 87, -4, -39, 112, 
-151, -24, 126, 87, -139, 51, 29, 19, 87, -4, -39, 112, 
-151, -24, 126, 87, -139, 51, 29, 19, 87, -4, -34, 112, 
-151, -24, 126, 87, -139, 51, 29, 24, 87, -4, -34, 112, 
-161, -24, 136, 92, -148, 56, 24, 14, 78, -14, -34, 112, 
-161, -24, 136, 92, -148, 56, 24, 19, 82, -4, -34, 112, 
-161, -24, 136, 92, -148, 56, 24, 19, 82, -4, -39, 112, 
-161, -29, 131, 95, -146, 51, 24, 24, 87, -4, -39, 112, 
-151, -29, 122, 90, -136, 46, 29, 24, 78, -4, -34, 112, 
-156, -24, 131, 90, -143, 53, 29, 34, 82, 0, -34, 112, 
-156, -24, 131, 90, -143, 53, 29, 34, 87, 0, -34, 112, 
-156, -24, 131, 90, -143, 53, 29, 29, 87, 0, -34, 112, 
-156, -24, 131, 90, -143, 53, 29, 39, 87, 0, -24, 112, 
-156, -19, 136, 87, -146, 58, 29, 39, 87, 0, -24, 112, 
-156, -19, 136, 87, -146, 58, 29, 39, 87, 0, -24, 112, 
-156, -19, 136, 87, -146, 58, 29, 39, 87, 0, -19, 112, 
-156, -19, 136, 87, -146, 58, 29, 39, 97, -4, -29, 112, 
-156, -19, 136, 87, -146, 58, 29, 43, 102, -4, -29, 112, 
-156, -19, 136, 87, -146, 58, 29, 53, 102, 0, -29, 112, 
-156, -19, 136, 87, -146, 58, 29, 53, 112, 9, -29, 112, 
-146, -29, 117, 87, -131, 43, 29, 53, 112, 19, -19, 122, 
-146, -29, 117, 87, -131, 43, 29, 53, 122, 19, -19, 122, 
-146, -29, 117, 87, -131, 43, 29, 53, 122, 19, -19, 122, 
-146, -29, 117, 87, -131, 43, 29, 53, 122, 19, -14, 122, 
-146, -29, 117, 87, -131, 43, 39, 58, 131, 24, -14, 122, 
-151, -29, 122, 90, -136, 46, 39, 58, 136, 24, -14, 122, 
-151, -29, 122, 90, -136, 46, 39, 63, 136, 29, -9, 126, 
-151, -29, 122, 90, -136, 46, 39, 68, 136, 29, -9, 126, 
-151, -29, 122, 90, -136, 46, 43, 82, 136, 29, -9, 117, 
-151, -29, 122, 90, -136, 46, 43, 82, 146, 29, -4, 117, 
-146, -29, 117, 87, -131, 43, 48, 97, 151, 39, -4, 122, 
-146, -29, 117, 87, -131, 43, 48, 97, 161, 39, -4, 122, 
-146, -29, 117, 87, -131, 43, 39, 92, 151, 39, -9, 122, 
-146, -29, 117, 87, -131, 43, 39, 97, 151, 39, -9, 122, 
-146, -29, 117, 87, -131, 43, 48, 102, 161, 48, 0, 122, 
-146, -29, 117, 87, -131, 43, 48, 102, 161, 53, 4, 126, 
-146, -19, 126, 82, -136, 53, 39, 97, 156, 58, 4, 126, 
-146, -14, 131, 80, -139, 58, 39, 102, 161, 63, 4, 126, 
-146, -14, 131, 80, -139, 58, 43, 107, 170, 63, 4, 126, 
-146, -9, 136, 78, -141, 63, 43, 117, 175, 68, 4, 122, 
-146, -9, 136, 78, -141, 63, 53, 131, 185, 73, 4, 122, 
-146, -9, 136, 78, -141, 63, 53, 131, 195, 78, 4, 126, 
-146, -9, 136, 78, -141, 63, 53, 141, 204, 82, 4, 126, 
-146, -9, 136, 78, -141, 63, 58, 146, 214, 87, 14, 126, 
-156, -9, 146, 82, -151, 68, 63, 165, 224, 97, 19, 136, 
-156, -14, 141, 85, -148, 63, 68, 175, 234, 102, 24, 141, 
-156, -19, 136, 87, -146, 58, 68, 180, 239, 112, 39, 141, 
-156, -24, 131, 90, -143, 53, 68, 190, 244, 122, 48, 141, 
-146, -9, 136, 78, -141, 63, 73, 195, 248, 131, 43, 131, 
-146, -9, 136, 78, -141, 63, 78, 200, 263, 136, 48, 136, 
-146, -9, 136, 78, -141, 63, 82, 209, 278, 151, 48, 136, 
-146, -9, 136, 78, -141, 63, 82, 214, 287, 161, 53, 141, 
-146, -9, 136, 78, -141, 63, 73, 224, 307, 165, 63, 146, 
-146, -9, 136, 78, -141, 63, 73, 234, 317, 175, 68, 146, 
-146, -14, 131, 80, -139, 58, 82, 244, 322, 185, 73, 146, 
-141, -19, 122, 80, -131, 51, 82, 244, 326, 190, 78, 146, 
-136, -14, 122, 75, -129, 53, 73, 239, 326, 195, 82, 156, 
-136, -9, 126, 73, -131, 58, 82, 253, 341, 204, 87, 161, 
-141, -9, 131, 75, -136, 61, 82, 258, 351, 209, 87, 161, 
-141, -4, 136, 73, -139, 65, 82, 268, 361, 219, 92, 161, 
-131, 9, 141, 61, -136, 75, 87, 273, 370, 224, 97, 156, 
-131, 9, 141, 61, -136, 75, 92, 283, 380, 239, 102, 161, 
-131, 9, 141, 61, -136, 75, 97, 292, 390, 248, 107, 161, 
-131, 14, 146, 58, -139, 80, 102, 302, 395, 248, 112, 165, 
-136, 24, 161, 56, -148, 92, 92, 312, 400, 263, 117, 165, 
-131, 29, 161, 51, -146, 95, 92, 312, 400, 268, 122, 165, 
-131, 29, 161, 51, -146, 95, 92, 312, 400, 273, 126, 165, 
-131, 34, 165, 48, -148, 100, 92, 317, 400, 278, 131, 165, 
-136, 34, 170, 51, -153, 102, 102, 322, 405, 278, 131, 175, 
-136, 29, 165, 53, -151, 97, 102, 326, 414, 283, 136, 180, 
-131, 24, 156, 53, -143, 90, 97, 326, 424, 287, 136, 180, 
-131, 24, 156, 53, -143, 90, 97, 326, 434, 292, 136, 180, 
-122, 14, 136, 53, -129, 75, 87, 326, 424, 292, 136, 185, 
-122, 4, 126, 58, -124, 65, 87, 326, 429, 292, 141, 185, 
-122, 14, 136, 53, -129, 75, 87, 326, 429, 292, 146, 185, 
-112, 14, 126, 48, -119, 70, 82, 322, 424, 292, 146, 185, 
-107, 19, 126, 43, -117, 73, 82, 322, 409, 283, 136, 175, 
-107, 24, 131, 41, -119, 78, 82, 317, 409, 283, 136, 175, 
-107, 29, 136, 39, -122, 82, 82, 307, 409, 278, 131, 175, 
-102, 34, 136, 34, -119, 85, 78, 307, 409, 278, 131, 180, 
-97, 39, 136, 29, -117, 87, 73, 297, 390, 273, 131, 180, 
-97, 39, 136, 29, -117, 87, 63, 287, 380, 268, 131, 180, 
-97, 39, 136, 29, -117, 87, 58, 283, 375, 268, 126, 180, 
-87, 39, 126, 24, -107, 82, 53, 268, 366, 258, 126, 175, 
-97, 29, 126, 34, -112, 78, 53, 263, 361, 258, 126, 185, 
-97, 29, 126, 34, -112, 78, 48, 258, 351, 253, 126, 185, 
-97, 19, 117, 39, -107, 68, 48, 248, 346, 248, 126, 185, 
-87, 19, 107, 34, -97, 63, 48, 239, 346, 244, 117, 185, 
-87, 19, 107, 34, -97, 63, 48, 234, 336, 244, 126, 195, 
-87, 19, 107, 34, -97, 63, 48, 224, 322, 234, 117, 195, 
-87, 14, 102, 36, -95, 58, 43, 214, 317, 224, 117, 190, 
-87, 9, 97, 39, -92, 53, 34, 200, 302, 219, 112, 190, 
-73, 0, 73, 36, -73, 36, 19, 185, 278, 200, 107, 180, 
-73, 0, 73, 36, -73, 36, 19, 165, 268, 190, 102, 180, 
-73, 0, 73, 36, -73, 36, 9, 161, 253, 175, 92, 175, 
-73, 0, 73, 36, -73, 36, 4, 146, 239, 156, 87, 175, 
-73, -4, 68, 39, -70, 31, 4, 141, 229, 156, 73, 165, 
-73, -9, 63, 41, -68, 26, 4, 126, 219, 146, 73, 161, 
-73, -9, 63, 41, -68, 26, 4, 117, 209, 141, 73, 161, 
-73, -9, 63, 41, -68, 26, 4, 102, 204, 126, 63, 161, 
-73, -19, 53, 46, -63, 17, -4, 78, 190, 112, 73, 161, 
-73, -24, 48, 48, -61, 12, -9, 73, 185, 97, 58, 156, 
-73, -29, 43, 51, -58, 7, -14, 68, 165, 92, 53, 156, 
-73, -34, 39, 53, -56, 2, -19, 53, 156, 73, 48, 151, 
-82, -34, 48, 58, -65, 7, -19, 43, 131, 63, 48, 151, 
-82, -29, 53, 56, -68, 12, -19, 39, 126, 53, 39, 151, 
-82, -29, 53, 56, -68, 12, -24, 24, 122, 48, 39, 151, 
-82, -24, 58, 53, -70, 17, -29, 14, 112, 43, 39, 146, 
-82, -29, 53, 56, -68, 12, -24, 14, 117, 43, 39, 151, 
-82, -29, 53, 56, -68, 12, -24, 4, 102, 34, 39, 151, 
-82, -29, 53, 56, -68, 12, -24, -4, 97, 24, 34, 151, 
-87, -34, 53, 61, -70, 9, -29, -4, 92, 24, 29, 151, 
-87, -43, 43, 65, -65, 0, -29, -9, 87, 9, 14, 136, 
-87, -43, 43, 65, -65, 0, -29, -9, 78, 4, 9, 136, 
-82, -43, 39, 63, -61, -2, -29, -14, 73, 4, 9, 136, 
-82, -53, 29, 68, -56, -12, -34, -19, 73, 0, 9, 136, 
-92, -58, 34, 75, -63, -12, -34, -9, 58, 0, 14, 141, 
-102, -58, 43, 80, -73, -7, -34, -19, 58, 0, 14, 141, 
-102, -58, 43, 80, -73, -7, -29, -24, 58, -4, 14, 141, 
-97, -58, 39, 78, -68, -9, -29, -24, 58, -4, 14, 141, 
-87, -68, 19, 78, -53, -24, -29, -39, 43, -19, 9, 131, 
-92, -73, 19, 82, -56, -26, -29, -39, 43, -24, 4, 126, 
-92, -73, 19, 82, -56, -26, -29, -39, 39, -24, 0, 126, 
-92, -73, 19, 82, -56, -26, -29, -39, 39, -29, 0, 126, 
-97, -63, 34, 80, -65, -14, -39, -43, 43, -34, 0, 126, 
-97, -63, 34, 80, -65, -14, -39, -48, 39, -34, -4, 126, 
-97, -63, 34, 80, -65, -14, -39, -48, 39, -34, -4, 126, 
-102, -68, 34, 85, -68, -17, -34, -43, 43, -34, -4, 126, 
-112, -58, 53, 85, -82, -2, -34, -43, 43, -34, -14, 131, 
-112, -58, 53, 85, -82, -2, -34, -43, 39, -34, -14, 126, 
-112, -58, 53, 85, -82, -2, -34, -48, 34, -34, -14, 126, 
-117, -58, 58, 87, -87, 0, -29, -48, 29, -34, -14, 126, 
-117, -68, 48, 92, -82, -9, -29, -53, 19, -43, -14, 122, 
-117, -68, 48, 92, -82, -9, -29, -53, 14, -43, -14, 122, 
-117, -73, 43, 95, -80, -14, -29, -48, 14, -48, -14, 122, 
-117, -73, 43, 95, -80, -14, -29, -48, 19, -48, -14, 122, 
-117, -73, 43, 95, -80, -14, -39, -48, 19, -39, -14, 117, 
-117, -73, 43, 95, -80, -14, -39, -48, 19, -39, -19, 117, 
-122, -73, 48, 97, -85, -12, -39, -43, 24, -39, -19, 117, 
-122, -73, 48, 97, -85, -12, -39, -43, 24, -34, -9, 122, 
-122, -82, 39, 102, -80, -21, -29, -53, 24, -43, -19, 122, 
-122, -82, 39, 102, -80, -21, -24, -53, 24, -43, -19, 117, 
-122, -82, 39, 102, -80, -21, -24, -53, 24, -43, -24, 117, 
-122, -82, 39, 102, -80, -21, -24, -48, 24, -43, -24, 117, 
-122, -73, 48, 97, -85, -12, -34, -58, 24, -43, -14, 117, 
-122, -73, 48, 97, -85, -12, -34, -53, 24, -43, -14, 117, 
-122, -68, 53, 95, -87, -7, -29, -53, 24, -43, -14, 112, 
-122, -68, 53, 95, -87, -7, -19, -53, 24, -43, -14, 112, 
-122, -73, 48, 97, -85, -12, -19, -43, 29, -43, -19, 117, 
-122, -73, 48, 97, -85, -12, -24, -43, 29, -39, -19, 117, 
-122, -73, 48, 97, -85, -12, -24, -39, 29, -39, -19, 117, 
-126, -73, 53, 100, -90, -9, -24, -39, 34, -39, -14, 122, 
-126, -68, 58, 97, -92, -4, -14, -39, 24, -34, -9, 122, 
-122, -68, 53, 95, -87, -7, -19, -39, 24, -34, -9, 122, 
-122, -68, 53, 95, -87, -7, -19, -29, 24, -34, -9, 117, 
-122, -73, 48, 97, -85, -12, -14, -29, 24, -34, -9, 117, 
-122, -73, 48, 97, -85, -12, -24, -34, 29, -39, -19, 117, 
-122, -73, 48, 97, -85, -12, -24, -34, 29, -39, -19, 117, 
-126, -73, 53, 100, -90, -9, -24, -29, 29, -39, -19, 117, 
-126, -73, 53, 100, -90, -9, -24, -29, 34, -39, -19, 112, 
-126, -78, 48, 102, -87, -14, -19, -29, 48, -29, -9, 112, 
-126, -82, 43, 104, -85, -19, -14, -24, 48, -29, -9, 117, 
-126, -92, 34, 109, -80, -29, -14, -24, 43, -29, -9, 117, 
-122, -97, 24, 109, -73, -36, -14, -24, 43, -29, -9, 117, 
-122, -92, 29, 107, -75, -31, -19, -29, 43, -29, -9, 126, 
-126, -87, 39, 107, -82, -24, -19, -29, 43, -29, -14, 126, 
-126, -87, 39, 107, -82, -24, -19, -29, 43, -24, -14, 126, 
-126, -87, 39, 107, -82, -24, -24, -29, 43, -24, -14, 126, 
-117, -78, 39, 97, -78, -19, -24, -24, 48, -34, -19, 117, 
-117, -78, 39, 97, -78, -19, -24, -24, 48, -34, -19, 117, 
-117, -78, 39, 97, -78, -19, -19, -24, 48, -34, -14, 117, 
-117, -78, 39, 97, -78, -19, -19, -24, 48, -34, -14, 117, 
-126, -78, 48, 102, -87, -14, -19, -14, 58, -24, -14, 117, 
-126, -78, 48, 102, -87, -14, -19, -14, 58, -19, -14, 117, 
-126, -78, 48, 102, -87, -14, -14, -14, 58, -14, -14, 117, 
-122, -78, 43, 100, -82, -17, -14, -14, 58, -9, -14, 117, 
-117, -87, 29, 102, -73, -29, -19, -24, 58, -9, -4, 126, 
-117, -92, 24, 104, -70, -34, -19, -24, 58, -9, -4, 126, 
-122, -92, 29, 107, -75, -31, -19, -24, 58, -9, -4, 126, 
-122, -87, 34, 104, -78, -26, -19, -24, 58, -9, -4, 126, 
-112, -87, 24, 100, -68, -31, -19, -24, 58, -14, -14, 126, 
-112, -87, 24, 100, -68, -31, -19, -24, 58, -14, -14, 126, 
-117, -87, 29, 102, -73, -29, -19, -24, 58, -14, -14, 126, 
-117, -87, 29, 102, -73, -29, -19, -24, 58, -9, -14, 126, 
-126, -78, 48, 102, -87, -14, -19, -24, 58, -9, -4, 117, 
-126, -78, 48, 102, -87, -14, -19, -24, 58, -9, -4, 117, 
-126, -82, 43, 104, -85, -19, -19, -24, 58, -14, -4, 117, 
-126, -82, 43, 104, -85, -19, -19, -24, 58, -14, -4, 117, 
-126, -73, 53, 100, -90, -9, -29, -24, 53, -14, -9, 126, 
-126, -73, 53, 100, -90, -9, -29, -24, 53, -14, -9, 126, 
-126, -78, 48, 102, -87, -14, -29, -24, 58, -14, -9, 126, 
-126, -78, 48, 102, -87, -14, -24, -24, 58, -14, -9, 126, 
-117, -82, 34, 100, -75, -24, -14, -19, 53, -19, -24, 117, 
-117, -82, 34, 100, -75, -24, -14, -19, 53, -19, -24, 112, 
-117, -82, 34, 100, -75, -24, -14, -19, 53, -14, -19, 112, 
-117, -82, 34, 100, -75, -24, -14, -19, 53, -14, -14, 117, 
-126, -82, 43, 104, -85, -19, -24, -29, 63, -4, -9, 117, 
-126, -82, 43, 104, -85, -19, -24, -29, 63, -4, -9, 117, 
-126, -87, 39, 107, -82, -24, -24, -29, 58, -9, -4, 117, 
-126, -87, 39, 107, -82, -24, -24, -29, 58, -9, -4, 117, 
-117, -92, 24, 104, -70, -34, -24, -29, 58, -9, -9, 126, 
-117, -92, 24, 104, -70, -34, -24, -29, 58, -9, -9, 126, 
-117, -92, 24, 104, -70, -34, -24, -29, 58, -14, -9, 126, 
-117, -92, 24, 104, -70, -34, -24, -29, 58, -14, -14, 126, 
-117, -82, 34, 100, -75, -24, -24, -29, 53, -14, -14, 117, 
-117, -82, 34, 100, -75, -24, -24, -34, 53, -14, -14, 117, 
-117, -82, 34, 100, -75, -24, -24, -39, 53, -14, -19, 117, 
-117, -82, 34, 100, -75, -24, -24, -39, 53, -14, -19, 117, 
-126, -73, 53, 100, -90, -9, -14, -29, 43, -24, -19, 117, 
-126, -73, 53, 100, -90, -9, -14, -29, 43, -19, -14, 117, 
-126, -73, 53, 100, -90, -9, -14, -29, 43, -19, -14, 117, 
-126, -73, 53, 100, -90, -9, -14, -29, 43, -24, -14, 117, 
-117, -82, 34, 100, -75, -24, -19, -39, 43, -24, -9, 122, 
-117, -82, 34, 100, -75, -24, -19, -39, 43, -29, -9, 122, 
-117, -82, 34, 100, -75, -24, -24, -39, 43, -29, -9, 122, 
-117, -82, 34, 100, -75, -24, -29, -39, 39, -29, -4, 117, 
-122, -92, 29, 107, -75, -31, -19, -29, 39, -19, -9, 107, 
-122, -92, 29, 107, -75, -31, -19, -34, 39, -19, -14, 107, 
-122, -92, 29, 107, -75, -31, -19, -34, 39, -19, -19, 107, 
-122, -92, 29, 107, -75, -31, -19, -34, 39, -14, -19, 107, 
-117, -82, 34, 100, -75, -24, -29, -34, 39, -24, -29, 107, 
-117, -82, 34, 100, -75, -24, -29, -34, 39, -29, -29, 107, 
-117, -82, 34, 100, -75, -24, -29, -34, 39, -29, -29, 112, 
-117, -87, 29, 102, -73, -29, -29, -34, 39, -29, -29, 112, 
-117, -87, 29, 102, -73, -29, -29, -43, 48, -29, -19, 112, 
-117, -82, 34, 100, -75, -24, -29, -43, 48, -29, -19, 112, 
-117, -82, 34, 100, -75, -24, -29, -43, 48, -29, -19, 117, 
-117, -82, 34, 100, -75, -24, -29, -43, 48, -29, -19, 117, 
-117, -73, 43, 95, -80, -14, -29, -43, 39, -29, -24, 107, 
-117, -73, 43, 95, -80, -14, -29, -43, 39, -24, -24, 102, 
-117, -73, 43, 95, -80, -14, -29, -39, 39, -24, -24, 102, 
-117, -73, 43, 95, -80, -14, -29, -39, 39, -24, -24, 102, 
-117, -82, 34, 100, -75, -24, -29, -39, 43, -29, -14, 112, 
-122, -87, 34, 104, -78, -26, -29, -39, 43, -29, -14, 112, 
-122, -92, 29, 107, -75, -31, -29, -39, 43, -34, -14, 112, 
-122, -92, 29, 107, -75, -31, -29, -39, 39, -34, -19, 112, 
-122, -97, 24, 109, -73, -36, -29, -39, 48, -29, -19, 102, 
-122, -97, 24, 109, -73, -36, -29, -39, 48, -24, -19, 102, 
-122, -92, 29, 107, -75, -31, -29, -43, 48, -19, -19, 102, 
-122, -87, 34, 104, -78, -26, -29, -43, 48, -9, -14, 102, 
-122, -87, 34, 104, -78, -26, -19, -34, 39, -19, -9, 107, 
-122, -87, 34, 104, -78, -26, -19, -34, 39, -19, -9, 112, 
-122, -87, 34, 104, -78, -26, -19, -34, 39, -19, -9, 117, 
-122, -87, 34, 104, -78, -26, -19, -34, 39, -14, -9, 122, 
-112, -87, 24, 100, -68, -31, -29, -43, 48, -24, -14, 122, 
-112, -87, 24, 100, -68, -31, -24, -43, 48, -29, -19, 122, 
-112, -92, 19, 102, -65, -36, -24, -43, 48, -29, -24, 122, 
-112, -92, 19, 102, -65, -36, -29, -43, 48, -29, -29, 122, 
-112, -78, 34, 95, -73, -21, -29, -43, 48, -19, -29, 112, 
-112, -78, 34, 95, -73, -21, -29, -39, 53, -19, -29, 112, 
-112, -78, 34, 95, -73, -21, -29, -39, 53, -19, -29, 112, 
-112, -73, 39, 92, -75, -17, -24, -34, 53, -19, -34, 112, 
-122, -78, 43, 100, -82, -17, -19, -43, 48, -29, -24, 112, 
-122, -82, 39, 102, -80, -21, -24, -48, 43, -19, -19, 112, 
-117, -87, 29, 102, -73, -29, -24, -48, 39, -19, -14, 112, 
-117, -92, 24, 104, -70, -34, -24, -39, 34, -29, -9, 117, 
-112, -82, 29, 97, -70, -26, -24, -39, 43, -29, -19, 107, 
-112, -78, 34, 95, -73, -21, -24, -39, 43, -29, -19, 107, 
-112, -73, 39, 92, -75, -17, -24, -39, 48, -29, -24, 107, 
-112, -73, 39, 92, -75, -17, -24, -39, 48, -24, -24, 107, 
-117, -82, 34, 100, -75, -24, -19, -29, 53, -14, -24, 117, 
-117, -82, 34, 100, -75, -24, -14, -24, 58, -14, -19, 117, 
-122, -82, 39, 102, -80, -21, -9, -24, 63, -14, -14, 122, 
-122, -82, 39, 102, -80, -21, -4, -19, 68, -14, -9, 126, 
-117, -63, 53, 90, -85, -4, 0, -4, 73, 0, 0, 126, 
-107, -63, 43, 85, -75, -9, -4, -4, 73, 0, -4, 126, 
-102, -63, 39, 82, -70, -12, -4, -4, 73, 0, -9, 126, 
-97, -63, 34, 80, -65, -14, 0, -4, 73, 0, -9, 126, 
-102, -48, 53, 75, -78, 2, 4, 4, 87, 14, -4, 126, 
-102, -43, 58, 73, -80, 7, 14, 4, 92, 14, -4, 126, 
-102, -39, 63, 70, -82, 12, 4, 4, 92, 19, -4, 126, 
-102, -34, 68, 68, -85, 17, 4, 4, 92, 19, -4, 126, 
-97, -29, 68, 63, -82, 19, 9, 19, 92, 14, -14, 126, 
-92, -19, 73, 56, -82, 26, 14, 19, 92, 14, -19, 126, 
-92, -9, 82, 51, -87, 36, 19, 29, 97, 14, -19, 126, 
-97, -4, 92, 51, -95, 43, 19, 29, 102, 19, -19, 126, 
-87, -9, 78, 48, -82, 34, 14, 24, 102, 24, -4, 126, 
-87, -9, 78, 48, -82, 34, 14, 24, 107, 24, 4, 126, 
-87, -9, 78, 48, -82, 34, 9, 29, 107, 24, 9, 126, 
-87, -9, 78, 48, -82, 34, 9, 29, 107, 24, 14, 131, 
-97, -14, 82, 56, -90, 34, 19, 19, 107, 24, 4, 131, 
-97, -19, 78, 58, -87, 29, 19, 19, 107, 24, 4, 136, 
-97, -24, 73, 61, -85, 24, 14, 19, 107, 24, 9, 136, 
-97, -29, 68, 63, -82, 19, 9, 14, 107, 24, 9, 131, 
-102, -39, 63, 70, -82, 12, -4, 0, 97, 14, -4, 126, 
-107, -43, 63, 75, -85, 9, -4, -4, 87, 4, -9, 126, 
-112, -48, 63, 80, -87, 7, -19, -9, 82, 4, -9, 126, 
-117, -48, 68, 82, -92, 9, -24, -14, 78, 4, -9, 126, 
-107, -58, 48, 82, -78, -4, -24, -24, 68, -4, -19, 117, 
-107, -58, 48, 82, -78, -4, -24, -29, 68, -4, -14, 117, 
-107, -63, 43, 85, -75, -9, -24, -34, 63, -4, -14, 112, 
-107, -63, 43, 85, -75, -9, -29, -43, 58, -4, -9, 112, 
-107, -68, 39, 87, -73, -14, -48, -53, 53, -14, 0, 112, 
-97, -68, 29, 82, -63, -19, -43, -53, 53, -14, -4, 112, 
-92, -68, 24, 80, -58, -21, -39, -53, 58, -4, -4, 122, 
-107, -68, 39, 87, -73, -14, -34, -43, 58, -4, 0, 122, 
-107, -78, 29, 92, -68, -24, -48, -48, 58, -9, -9, 117, 
-97, -87, 9, 92, -53, -39, -48, -58, 53, -19, -9, 117, 
-97, -87, 9, 92, -53, -39, -48, -58, 48, -19, -9, 117, 
-97, -87, 9, 92, -53, -39, -48, -58, 43, -19, -9, 117, 
-97, -87, 9, 92, -53, -39, -48, -58, 39, -19, -9, 117, 
-107, -78, 29, 92, -68, -24, -58, -68, 29, -29, -14, 107, 
-107, -78, 29, 92, -68, -24, -58, -68, 29, -29, -19, 107, 
-107, -78, 29, 92, -68, -24, -58, -68, 29, -29, -24, 107, 
-107, -78, 29, 92, -68, -24, -58, -68, 29, -29, -29, 107, 
-107, -78, 29, 92, -68, -24, -58, -78, 19, -39, -29, 97, 
-112, -82, 29, 97, -70, -26, -58, -78, 19, -39, -29, 97, 
-117, -97, 19, 107, -68, -39, -58, -82, 19, -39, -29, 102, 
-122, -97, 24, 109, -73, -36, -58, -82, 19, -39, -29, 102, 
-122, -112, 9, 117, -65, -51, -48, -78, 29, -39, -34, 102, 
-122, -117, 4, 119, -63, -56, -48, -73, 29, -39, -39, 102, 
-122, -117, 4, 119, -63, -56, -48, -73, 29, -34, -39, 97, 
-126, -117, 9, 122, -68, -53, -43, -73, 24, -34, -34, 97, 
-126, -117, 9, 122, -68, -53, -43, -73, 24, -43, -43, 97, 
-122, -117, 4, 119, -63, -56, -43, -73, 24, -43, -48, 92, 
-122, -117, 4, 119, -63, -56, -43, -82, 24, -48, -53, 92, 
-122, -117, 4, 119, -63, -56, -43, -82, 24, -48, -53, 92, 
-117, -122, -4, 119, -56, -63, -43, -87, 14, -48, -63, 87, 
-117, -117, 0, 117, -58, -58, -39, -87, 14, -53, -63, 87, 
-117, -117, 0, 117, -58, -58, -39, -87, 14, -53, -63, 87, 
-117, -112, 4, 114, -61, -53, -48, -87, 9, -53, -68, 87, 
-107, -117, -9, 112, -48, -63, -48, -82, 14, -48, -58, 87, 
-107, -122, -14, 114, -46, -68, -48, -87, 14, -48, -58, 82, 
-102, -126, -24, 114, -39, -75, -48, -87, 14, -43, -58, 82, 
-92, -131, -39, 112, -26, -85, -43, -82, 19, -39, -58, 87, 
-102, -122, -19, 112, -41, -70, -53, -82, 19, -39, -58, 78, 
-92, -117, -24, 104, -34, -70, -53, -82, 19, -43, -53, 78, 
-87, -112, -24, 100, -31, -68, -53, -87, 19, -48, -53, 78, 
-87, -112, -24, 100, -31, -68, -53, -87, 19, -53, -53, 78, 
-87, -97, -9, 92, -39, -53, -53, -82, 19, -43, -53, 92, 
-87, -97, -9, 92, -39, -53, -53, -82, 24, -43, -53, 92, 
-97, -92, 4, 95, -51, -43, -53, -73, 24, -43, -48, 92, 
-97, -87, 9, 92, -53, -39, -48, -73, 29, -34, -48, 92, 
-102, -87, 14, 95, -58, -36, -43, -73, 34, -24, -43, 92, 
-107, -87, 19, 97, -63, -34, -39, -68, 34, -19, -43, 92, 
-117, -92, 24, 104, -70, -34, -34, -63, 34, -19, -43, 92, 
-126, -92, 34, 109, -80, -29, -34, -63, 39, -19, -43, 92, 
-126, -102, 24, 114, -75, -39, -19, -63, 39, -19, -34, 92, 
-131, -102, 29, 117, -80, -36, -19, -63, 39, -24, -39, 92, 
-136, -102, 34, 119, -85, -34, -14, -68, 34, -24, -39, 92, 
-141, -102, 39, 122, -90, -31, -14, -68, 34, -24, -34, 92, 
-151, -117, 34, 134, -92, -41, -14, -58, 34, -34, -43, 78, 
-151, -117, 34, 134, -92, -41, -14, -58, 34, -34, -43, 78, 
-146, -117, 29, 131, -87, -43, -14, -58, 34, -34, -43, 78, 
-146, -112, 34, 129, -90, -39, -14, -58, 34, -34, -43, 78, 
-141, -102, 39, 122, -90, -31, -24, -53, 34, -34, -43, 87, 
-141, -102, 39, 122, -90, -31, -24, -53, 34, -34, -43, 92, 
-136, -102, 34, 119, -85, -34, -24, -53, 34, -34, -43, 97, 
-131, -102, 29, 117, -80, -36, -29, -53, 34, -34, -43, 102, 
-146, -92, 53, 119, -100, -19, -19, -63, 43, -24, -43, 92, 
-146, -97, 48, 122, -97, -24, -9, -63, 43, -24, -43, 92, 
-146, -97, 48, 122, -97, -24, -9, -63, 43, -24, -43, 92, 
-146, -97, 48, 122, -97, -24, -9, -63, 43, -29, -43, 92, 
-136, -97, 39, 117, -87, -29, -19, -53, 34, -39, -43, 92, 
-136, -97, 39, 117, -87, -29, -24, -53, 34, -39, -43, 92, 
-136, -97, 39, 117, -87, -29, -24, -53, 34, -34, -43, 92, 
-136, -97, 39, 117, -87, -29, -14, -53, 34, -34, -43, 92, 
-146, -107, 39, 126, -92, -34, -14, -63, 34, -29, -34, 82, 
-141, -107, 34, 124, -87, -36, -14, -63, 39, -29, -34, 82, 
-141, -107, 34, 124, -87, -36, -19, -63, 39, -29, -34, 82, 
-141, -107, 34, 124, -87, -36, -19, -63, 39, -29, -34, 82, 
-146, -102, 43, 124, -95, -29, -9, -53, 39, -29, -43, 82, 
-146, -102, 43, 124, -95, -29, -9, -53, 39, -29, -43, 82, 
-141, -102, 39, 122, -90, -31, -9, -53, 39, -29, -43, 82, 
-141, -102, 39, 122, -90, -31, -9, -53, 39, -29, -43, 82, 
-141, -112, 29, 126, -85, -41, -9, -53, 39, -29, -43, 92, 
-141, -117, 24, 129, -82, -46, 0, -48, 39, -29, -43, 92, 
-141, -117, 24, 129, -82, -46, 0, -48, 39, -29, -43, 92, 
-141, -117, 24, 129, -82, -46, -4, -48, 39, -29, -43, 92, 
-141, -107, 34, 124, -87, -36, -14, -58, 39, -29, -34, 92, 
-141, -102, 39, 122, -90, -31, -19, -58, 39, -29, -34, 92, 
-141, -102, 39, 122, -90, -31, -19, -58, 39, -29, -34, 92, 
-141, -102, 39, 122, -90, -31, -19, -58, 39, -29, -39, 92, 
-141, -87, 53, 114, -97, -17, -19, -58, 39, -34, -48, 87, 
-141, -82, 58, 112, -100, -12, -19, -58, 39, -34, -48, 82, 
-141, -78, 63, 109, -102, -7, -19, -58, 39, -29, -43, 78, 
-141, -73, 68, 107, -104, -2, -14, -58, 39, -29, -43, 73, 
-141, -78, 63, 109, -102, -7, -14, -58, 29, -39, -53, 78, 
-141, -78, 63, 109, -102, -7, -14, -58, 34, -39, -53, 82, 
-146, -82, 63, 114, -104, -9, -14, -58, 34, -39, -53, 87, 
-146, -87, 58, 117, -102, -14, -14, -58, 29, -39, -53, 92, 
-146, -97, 48, 122, -97, -24, -14, -58, 48, -29, -34, 92, 
-146, -97, 48, 122, -97, -24, -14, -68, 39, -29, -34, 82, 
-131, -82, 48, 107, -90, -17, -14, -53, 43, -24, -19, 92, 
-141, -68, 73, 104, -107, 2, -14, -43, 68, -4, 0, 112, 
-141, -68, 73, 104, -107, 2, -19, -43, 73, 4, 9, 102, 
-146, -82, 63, 114, -104, -9, -19, -48, 63, 4, -4, 97, 
-146, -92, 53, 119, -100, -19, -19, -43, 68, 9, -24, 97, 
-141, -92, 48, 117, -95, -21, -19, -19, 97, 19, -19, 97, 
-136, -87, 48, 112, -92, -19, -19, -14, 112, 43, -4, 97, 
-126, -102, 24, 114, -75, -39, -14, -24, 107, 43, -4, 92, 
-131, -122, 9, 126, -70, -56, -14, -39, 107, 53, -9, 92, 
-131, -122, 9, 126, -70, -56, -29, -34, 117, 68, 14, 102, 
-107, -97, 9, 102, -58, -43, -53, -53, 102, 97, 63, 131, 
-87, -58, 29, 73, -58, -14, -87, -87, 92, 107, 102, 156, 
-58, -34, 24, 46, -41, -4, -97, -117, 78, 117, 131, 180, 
-14, -19, -4, 17, -4, -12, -131, -165, 48, 126, 161, 209, 
29, -4, -34, -12, 31, -19, -204, -278, -39, 97, 175, 239, 
73, 0, -73, -36, 73, -36, -278, -419, -151, 48, 195, 263, 
146, 19, -126, -82, 136, -53, -351, -566, -263, 0, 209, 297, 
219, 43, -175, -131, 197, -65, -414, -688, -361, -29, 219, 317, 
283, 58, -224, -170, 253, -82, -488, -766, -419, -58, 229, 341, 
341, 68, -273, -204, 307, -102, -536, -839, -468, -97, 209, 341, 
429, 58, -370, -244, 400, -156, -614, -951, -575, -185, 141, 322, 
502, 63, -439, -283, 470, -187, -688, -1049, -658, -244, 102, 307, 
566, 63, -502, -314, 534, -219, -727, -1083, -683, -239, 87, 292, 
639, 53, -585, -346, 612, -265, -751, -1088, -688, -239, 63, 273, 
683, 48, -634, -366, 658, -292, -751, -1073, -697, -268, 19, 248, 
697, 4, -692, -351, 695, -344, -712, -1044, -683, -287, -39, 209, 
732, -29, -761, -351, 746, -395, -663, -985, -634, -268, -73, 200, 
775, -34, -810, -370, 793, -422, -644, -927, -585, -258, -73, 200, 
795, -43, -839, -375, 817, -441, -653, -893, -536, -248, -92, 180, 
805, -58, -863, -373, 834, -461, -673, -844, -502, -244, -112, 161, 
785, -58, -844, -363, 814, -451, -653, -775, -463, -229, -112, 161, 
697, -24, -722, -336, 710, -373, -590, -668, -380, -185, -63, 180, 
556, 29, -527, -292, 541, -248, -478, -522, -263, -97, 4, 219, 
375, 53, -322, -214, 348, -134, -380, -400, -180, -58, 48, 239, 
253, 34, -219, -143, 236, -92, -322, -331, -136, -63, 39, 229, 
185, 24, -161, -104, 173, -68, -263, -283, -97, -39, 39, 224, 
107, 14, -92, -61, 100, -39, -200, -224, -48, -24, 39, 234, 
43, -4, -48, -19, 46, -26, -156, -185, -14, -14, 24, 219, 
9, -24, -34, 7, 21, -29, -112, -151, 4, 0, 14, 190, 
-19, -24, -4, 21, -7, -14, -78, -131, 24, 0, -9, 161, 
-48, -39, 9, 43, -29, -14, -58, -97, 24, -19, -19, 136, 
-68, -48, 19, 58, -43, -14, -39, -63, 34, -9, -19, 122, 
-78, -43, 34, 61, -56, -4, -34, -34, 43, -4, -9, 117, 
-68, -53, 14, 61, -41, -19, -34, -34, 43, -19, -19, 112, 
-73, -68, 4, 70, -39, -31, -39, -39, 43, -14, -39, 112, 
-97, -68, 29, 82, -63, -19, -29, -29, 63, -4, -34, 122, 
-102, -58, 43, 80, -73, -7, -14, -29, 78, 4, -19, 122, 
-117, -48, 68, 82, -92, 9, 0, -24, 82, 19, -9, 126, 
-122, -58, 63, 90, -92, 2, 0, -29, 82, 19, -9, 117, 
-131, -53, 78, 92, -104, 12, 4, -24, 87, 19, -14, 117, 
-131, -53, 78, 92, -104, 12, 9, -14, 87, 9, -14, 107, 
-131, -53, 78, 92, -104, 12, 14, -9, 87, 4, -14, 102, 
-126, -63, 63, 95, -95, 0, 9, -9, 78, 4, -29, 87, 
-126, -68, 58, 97, -92, -4, 4, -9, 78, 4, -34, 87, 
-131, -68, 63, 100, -97, -2, 0, -9, 78, 9, -34, 87, 
-131, -68, 63, 100, -97, -2, -9, -9, 78, 9, -34, 87, 
-136, -68, 68, 102, -102, 0, -4, 0, 97, 24, -19, 102, 
-141, -68, 73, 104, -107, 2, 0, 4, 102, 24, -14, 102, 
-141, -68, 73, 104, -107, 2, 9, 9, 112, 29, -14, 107, 
-141, -68, 73, 104, -107, 2, 14, 9, 122, 29, -19, 107, 
-131, -63, 68, 97, -100, 2, 9, 4, 117, 24, -34, 97, 
-126, -53, 73, 90, -100, 9, 9, 4, 107, 24, -34, 97, 
-126, -48, 78, 87, -102, 14, 14, 4, 102, 24, -34, 92, 
-126, -43, 82, 85, -104, 19, 14, 4, 97, 24, -34, 92, 
-136, -58, 78, 97, -107, 9, 14, 9, 97, 19, -43, 102, 
-136, -63, 73, 100, -104, 4, 14, 9, 97, 14, -43, 102, 
-136, -63, 73, 100, -104, 4, 14, 14, 102, 9, -39, 102, 
-141, -68, 73, 104, -107, 2, 14, 14, 102, 9, -39, 107, 
-151, -68, 82, 109, -117, 7, 14, 14, 117, 29, -24, 97, 
-151, -68, 82, 109, -117, 7, 14, 14, 117, 34, -24, 97, 
-151, -68, 82, 109, -117, 7, 14, 14, 117, 39, -24, 97, 
-151, -68, 82, 109, -117, 7, 14, 14, 112, 39, -24, 97, 
-141, -58, 82, 100, -112, 12, 24, 14, 102, 34, -34, 97, 
-141, -63, 78, 102, -109, 7, 24, 14, 102, 29, -34, 97, 
-136, -63, 73, 100, -104, 4, 24, 14, 107, 24, -43, 92, 
-136, -68, 68, 102, -102, 0, 19, 14, 107, 19, -43, 87, 
-146, -68, 78, 107, -112, 4, 19, 14, 117, 29, -34, 97, 
-146, -63, 82, 104, -114, 9, 24, 14, 117, 29, -34, 97, 
-146, -63, 82, 104, -114, 9, 29, 14, 117, 29, -34, 97, 
-151, -63, 87, 107, -119, 12, 29, 14, 122, 29, -29, 102, 
-146, -63, 82, 104, -114, 9, 19, 19, 122, 29, -39, 92, 
-141, -63, 78, 102, -109, 7, 19, 19, 117, 34, -39, 92, 
-136, -63, 73, 100, -104, 4, 19, 24, 117, 39, -34, 92, 
-131, -63, 68, 97, -100, 2, 19, 24, 117, 39, -34, 92, 
-141, -73, 68, 107, -104, -2, 29, 19, 117, 43, -24, 102, 
-141, -73, 68, 107, -104, -2, 29, 19, 122, 43, -24, 102, 
-146, -73, 73, 109, -109, 0, 29, 19, 126, 43, -24, 102, 
-146, -73, 73, 109, -109, 0, 29, 29, 126, 43, -24, 102, 
-146, -73, 73, 109, -109, 0, 19, 29, 126, 53, -29, 112, 
-141, -73, 68, 107, -104, -2, 19, 29, 126, 53, -29, 112, 
-141, -73, 68, 107, -104, -2, 19, 29, 126, 53, -24, 112, 
-141, -73, 68, 107, -104, -2, 19, 34, 126, 53, -24, 112, 
-141, -73, 68, 107, -104, -2, 24, 24, 126, 43, -14, 102, 
-141, -73, 68, 107, -104, -2, 24, 29, 131, 53, -14, 102, 
-141, -73, 68, 107, -104, -2, 24, 29, 131, 53, -19, 102, 
-141, -78, 63, 109, -102, -7, 24, 34, 136, 53, -19, 102, 
-131, -68, 63, 100, -97, -2, 19, 34, 136, 53, -24, 112, 
-136, -63, 73, 100, -104, 4, 19, 43, 141, 58, -24, 112, 
-136, -63, 73, 100, -104, 4, 19, 43, 146, 58, -24, 112, 
-136, -63, 73, 100, -104, 4, 19, 39, 146, 58, -24, 112, 
-146, -63, 82, 104, -114, 9, 29, 29, 136, 58, -34, 102, 
-146, -58, 87, 102, -117, 14, 29, 29, 136, 58, -34, 102, 
-146, -58, 87, 102, -117, 14, 29, 29, 136, 58, -34, 102, 
-146, -58, 87, 102, -117, 14, 29, 29, 136, 58, -29, 102, 
-136, -58, 78, 97, -107, 9, 29, 39, 146, 53, -19, 102, 
-136, -58, 78, 97, -107, 9, 29, 43, 151, 53, -19, 102, 
-136, -58, 78, 97, -107, 9, 29, 53, 151, 58, -19, 102, 
-136, -58, 78, 97, -107, 9, 29, 53, 161, 68, -19, 102, 
-146, -68, 78, 107, -112, 4, 29, 53, 151, 78, -29, 92, 
-146, -68, 78, 107, -112, 4, 29, 53, 161, 78, -29, 92, 
-146, -68, 78, 107, -112, 4, 29, 53, 161, 78, -29, 92, 
-146, -68, 78, 107, -112, 4, 29, 53, 161, 78, -24, 92, 
-136, -58, 78, 97, -107, 9, 29, 58, 170, 78, -24, 92, 
-141, -58, 82, 100, -112, 12, 29, 58, 175, 73, -24, 92, 
-141, -58, 82, 100, -112, 12, 29, 63, 175, 73, -19, 97, 
-141, -58, 82, 100, -112, 12, 29, 68, 175, 68, -19, 97, 
-151, -48, 102, 100, -126, 26, 34, 73, 175, 87, -9, 107, 
-151, -48, 102, 100, -126, 26, 34, 73, 185, 87, -4, 107, 
-146, -48, 97, 97, -122, 24, 39, 87, 190, 97, -4, 112, 
-146, -48, 97, 97, -122, 24, 39, 87, 200, 97, -4, 112, 
-146, -58, 87, 102, -117, 14, 29, 92, 200, 97, -9, 112, 
-146, -58, 87, 102, -117, 14, 29, 97, 200, 97, -9, 112, 
-146, -58, 87, 102, -117, 14, 39, 102, 209, 107, 0, 112, 
-146, -58, 87, 102, -117, 14, 39, 102, 209, 112, 4, 117, 
-146, -68, 78, 107, -112, 4, 48, 117, 214, 126, 4, 117, 
-146, -63, 82, 104, -114, 9, 48, 122, 219, 131, 4, 117, 
-146, -63, 82, 104, -114, 9, 53, 126, 229, 131, 4, 117, 
-146, -58, 87, 102, -117, 14, 53, 136, 234, 136, 4, 112, 
-146, -48, 97, 97, -122, 24, 43, 141, 248, 141, 4, 112, 
-146, -48, 97, 97, -122, 24, 43, 141, 253, 146, 4, 117, 
-146, -48, 97, 97, -122, 24, 43, 151, 258, 151, 4, 117, 
-146, -48, 97, 97, -122, 24, 48, 156, 263, 156, 14, 117, 
-146, -34, 112, 90, -129, 39, 53, 161, 268, 156, 14, 107, 
-146, -34, 112, 90, -129, 39, 58, 165, 273, 161, 14, 112, 
-146, -34, 112, 90, -129, 39, 58, 165, 273, 170, 24, 112, 
-146, -34, 112, 90, -129, 39, 58, 170, 273, 180, 29, 112, 
-146, -29, 117, 87, -131, 43, 73, 190, 292, 185, 43, 122, 
-146, -29, 117, 87, -131, 43, 78, 200, 312, 195, 48, 126, 
-146, -29, 117, 87, -131, 43, 82, 214, 331, 214, 48, 126, 
-146, -29, 117, 87, -131, 43, 82, 224, 346, 229, 53, 131, 
-136, -34, 102, 85, -119, 34, 73, 224, 351, 224, 43, 136, 
-136, -29, 107, 82, -122, 39, 73, 234, 356, 234, 48, 136, 
-136, -29, 107, 82, -122, 39, 82, 244, 356, 244, 53, 136, 
-131, -29, 102, 80, -117, 36, 82, 244, 356, 248, 58, 136, 
-136, -14, 122, 75, -129, 53, 82, 248, 366, 253, 63, 136, 
-136, -9, 126, 73, -131, 58, 92, 263, 380, 263, 68, 141, 
-141, -9, 131, 75, -136, 61, 92, 268, 390, 268, 68, 141, 
-141, -4, 136, 73, -139, 65, 92, 278, 400, 278, 73, 141, 
-131, 0, 131, 65, -131, 65, 92, 283, 419, 283, 87, 136, 
-131, 0, 131, 65, -131, 65, 92, 292, 429, 297, 92, 141, 
-131, 0, 131, 65, -131, 65, 92, 302, 439, 307, 97, 141, 
-131, 4, 136, 63, -134, 70, 92, 312, 444, 307, 102, 146, 
-136, 0, 136, 68, -136, 68, 92, 312, 448, 312, 107, 156, 
-131, 0, 131, 65, -131, 65, 92, 312, 448, 317, 112, 156, 
-131, -4, 126, 68, -129, 61, 92, 312, 448, 322, 117, 156, 
-131, -4, 126, 68, -129, 61, 92, 317, 448, 326, 122, 156, 
-126, 9, 136, 58, -131, 73, 102, 322, 458, 326, 112, 156, 
-126, 9, 136, 58, -131, 73, 102, 326, 463, 331, 117, 161, 
-122, 9, 131, 56, -126, 70, 97, 326, 468, 336, 117, 161, 
-122, 14, 136, 53, -129, 75, 97, 326, 473, 341, 117, 161, 
-112, 19, 131, 46, -122, 75, 87, 336, 463, 331, 117, 156, 
-112, 14, 126, 48, -119, 70, 87, 336, 468, 331, 122, 156, 
-112, 29, 141, 41, -126, 85, 87, 336, 468, 331, 126, 156, 
-102, 34, 136, 34, -119, 85, 82, 331, 463, 331, 126, 156, 
-102, 24, 126, 39, -114, 75, 82, 322, 458, 322, 117, 156, 
-107, 24, 131, 41, -119, 78, 82, 317, 458, 322, 117, 156, 
-112, 24, 136, 43, -124, 80, 82, 307, 458, 317, 112, 156, 
-112, 24, 136, 43, -124, 80, 78, 307, 458, 317, 112, 161, 
-97, 19, 117, 39, -107, 68, 73, 287, 439, 322, 112, 161, 
-97, 19, 117, 39, -107, 68, 63, 278, 429, 317, 112, 161, 
-97, 19, 117, 39, -107, 68, 58, 273, 424, 317, 107, 161, 
-87, 19, 107, 34, -97, 63, 53, 258, 414, 307, 107, 156, 
-97, 19, 117, 39, -107, 68, 63, 248, 414, 297, 107, 156, 
-97, 19, 117, 39, -107, 68, 58, 248, 400, 292, 107, 156, 
-97, 9, 107, 43, -102, 58, 58, 244, 390, 287, 107, 156, 
-87, 9, 97, 39, -92, 53, 58, 239, 385, 283, 97, 156, 
-78, 9, 87, 34, -82, 48, 48, 224, 375, 283, 107, 165, 
-78, 9, 87, 34, -82, 48, 48, 214, 361, 273, 97, 165, 
-78, 4, 82, 36, -80, 43, 43, 204, 356, 263, 97, 161, 
-78, 0, 78, 39, -78, 39, 34, 190, 341, 258, 92, 161, 
-73, -9, 63, 41, -68, 26, 29, 175, 326, 248, 87, 161, 
-73, -9, 63, 41, -68, 26, 29, 156, 317, 239, 82, 161, 
-73, -9, 63, 41, -68, 26, 19, 151, 302, 224, 73, 156, 
-73, -9, 63, 41, -68, 26, 14, 136, 287, 204, 68, 156, 
-73, -9, 63, 41, -68, 26, 9, 122, 273, 185, 63, 146, 
-73, -9, 63, 41, -68, 26, 4, 107, 258, 175, 63, 141, 
-73, -4, 68, 39, -70, 31, 0, 97, 244, 170, 63, 141, 
-73, 0, 73, 36, -73, 36, -4, 82, 234, 156, 53, 141, 
-73, -9, 63, 41, -68, 26, -14, 68, 209, 151, 43, 151, 
-73, -14, 58, 43, -65, 21, -19, 63, 204, 136, 29, 146, 
-73, -19, 53, 46, -63, 17, -24, 58, 185, 131, 24, 146, 
-73, -24, 48, 48, -61, 12, -29, 43, 175, 112, 19, 141, 
-73, -34, 39, 53, -56, 2, -29, 34, 170, 107, 14, 141, 
-73, -39, 34, 56, -53, -2, -29, 29, 165, 102, 9, 141, 
-73, -48, 24, 61, -48, -12, -34, 14, 161, 102, 14, 141, 
-73, -53, 19, 63, -46, -17, -39, 4, 151, 102, 19, 136, 
-73, -43, 29, 58, -51, -7, -43, 0, 141, 87, 14, 122, 
-73, -39, 34, 56, -53, -2, -43, -14, 122, 73, 9, 122, 
-73, -34, 39, 53, -56, 2, -43, -29, 112, 58, 0, 122, 
-78, -34, 43, 56, -61, 4, -48, -34, 102, 53, -9, 122, 
-78, -34, 43, 56, -61, 4, -58, -39, 97, 48, -14, 117, 
-78, -34, 43, 56, -61, 4, -58, -39, 87, 43, -19, 117, 
-73, -34, 39, 53, -56, 2, -58, -43, 82, 43, -19, 117, 
-73, -43, 29, 58, -51, -7, -63, -48, 82, 39, -19, 117, 
-82, -58, 24, 70, -53, -17, -53, -39, 78, 29, -34, 122, 
-92, -58, 34, 75, -63, -12, -53, -48, 78, 29, -34, 122, 
-92, -58, 34, 75, -63, -12, -48, -53, 78, 24, -34, 122, 
-87, -58, 29, 73, -58, -14, -48, -53, 78, 24, -34, 122, 
-87, -58, 29, 73, -58, -14, -48, -68, 73, 9, -29, 112, 
-92, -63, 29, 78, -61, -17, -48, -68, 73, 4, -34, 107, 
-92, -63, 29, 78, -61, -17, -48, -68, 68, 4, -39, 107, 
-92, -63, 29, 78, -61, -17, -48, -68, 68, 0, -39, 107, 
-87, -53, 34, 70, -61, -9, -58, -73, 73, 0, -39, 107, 
-87, -53, 34, 70, -61, -9, -58, -78, 68, 4, -43, 107, 
-87, -53, 34, 70, -61, -9, -58, -78, 68, 9, -43, 107, 
-92, -58, 34, 75, -63, -12, -53, -73, 73, 14, -43, 107, 
-92, -58, 34, 75, -63, -12, -53, -63, 68, 14, -34, 112, 
-92, -58, 34, 75, -63, -12, -53, -63, 68, 14, -34, 107, 
-92, -58, 34, 75, -63, -12, -53, -68, 68, 14, -34, 107, 
-97, -58, 39, 78, -68, -9, -48, -68, 68, 14, -34, 107, 
-97, -68, 29, 82, -63, -19, -48, -73, 68, 14, -34, 112, 
-97, -68, 29, 82, -63, -19, -48, -73, 63, 14, -34, 112, 
-97, -73, 24, 85, -61, -24, -48, -68, 63, 9, -34, 112, 
-97, -73, 24, 85, -61, -24, -48, -68, 68, 9, -34, 112, 
-97, -63, 34, 80, -65, -14, -48, -68, 68, 9, -24, 117, 
-97, -63, 34, 80, -65, -14, -48, -68, 68, 9, -29, 117, 
-102, -63, 39, 82, -70, -12, -48, -63, 73, 9, -29, 117, 
-102, -63, 39, 82, -70, -12, -48, -63, 73, 14, -19, 122, 
-102, -63, 39, 82, -70, -12, -48, -53, 73, 14, -29, 122, 
-102, -63, 39, 82, -70, -12, -43, -53, 73, 14, -29, 117, 
-102, -63, 39, 82, -70, -12, -43, -53, 73, 14, -34, 117, 
-102, -63, 39, 82, -70, -12, -43, -48, 73, 14, -34, 117, 
-112, -73, 39, 92, -75, -17, -43, -58, 82, 24, -24, 126, 
-112, -73, 39, 92, -75, -17, -43, -53, 82, 24, -24, 126, 
-112, -68, 43, 90, -78, -12, -39, -53, 82, 24, -24, 122, 
-112, -68, 43, 90, -78, -12, -29, -53, 82, 24, -24, 122, 
-112, -73, 39, 92, -75, -17, -29, -53, 87, 24, -19, 126, 
-112, -73, 39, 92, -75, -17, -34, -53, 87, 29, -19, 126, 
-112, -73, 39, 92, -75, -17, -34, -48, 87, 29, -19, 126, 
-117, -73, 43, 95, -80, -14, -34, -48, 92, 29, -14, 131, 
-117, -73, 43, 95, -80, -14, -43, -48, 92, 24, -19, 122, 
-112, -68, 43, 90, -78, -12, -48, -48, 92, 24, -19, 122, 
-112, -63, 48, 87, -80, -7, -48, -39, 92, 24, -19, 117, 
-112, -63, 48, 87, -80, -7, -43, -39, 92, 24, -19, 117, 
-112, -58, 53, 85, -82, -2, -43, -43, 87, 19, -19, 126, 
-112, -53, 58, 82, -85, 2, -43, -43, 87, 19, -19, 126, 
-117, -48, 68, 82, -92, 9, -43, -39, 87, 19, -19, 126, 
-117, -43, 73, 80, -95, 14, -43, -39, 92, 19, -19, 122, 
-107, -43, 63, 75, -85, 9, -39, -48, 97, 24, -19, 112, 
-107, -43, 63, 75, -85, 9, -34, -43, 97, 29, -19, 117, 
-107, -48, 58, 78, -82, 4, -34, -43, 92, 34, -19, 117, 
-102, -48, 53, 75, -78, 2, -34, -43, 92, 39, -19, 117, 
-102, -48, 53, 75, -78, 2, -29, -48, 92, 29, -19, 126, 
-107, -48, 58, 78, -82, 4, -29, -48, 92, 29, -24, 126, 
-107, -53, 53, 80, -80, 0, -29, -48, 92, 34, -24, 126, 
-107, -58, 48, 82, -78, -4, -34, -48, 92, 34, -24, 126, 
-107, -48, 58, 78, -82, 4, -43, -34, 107, 43, -19, 126, 
-107, -48, 58, 78, -82, 4, -43, -34, 107, 43, -19, 126, 
-107, -48, 58, 78, -82, 4, -39, -34, 107, 43, -14, 126, 
-107, -48, 58, 78, -82, 4, -39, -34, 107, 43, -14, 126, 
-107, -53, 53, 80, -80, 0, -39, -34, 107, 48, -14, 126, 
-107, -58, 48, 82, -78, -4, -39, -34, 107, 48, -14, 126, 
-107, -63, 43, 85, -75, -9, -34, -34, 107, 48, -14, 126, 
-102, -68, 34, 85, -68, -17, -34, -34, 107, 48, -14, 126, 
-107, -58, 48, 82, -78, -4, -29, -34, 107, 48, -14, 126, 
-107, -63, 43, 85, -75, -9, -29, -34, 107, 48, -14, 126, 
-112, -63, 48, 87, -80, -7, -29, -34, 107, 48, -14, 126, 
-112, -58, 53, 85, -82, -2, -29, -34, 107, 48, -14, 126, 
-92, -58, 34, 75, -63, -12, -29, -43, 97, 34, -14, 136, 
-92, -58, 34, 75, -63, -12, -29, -43, 97, 34, -14, 136, 
-97, -58, 39, 78, -68, -9, -29, -43, 97, 34, -14, 136, 
-97, -58, 39, 78, -68, -9, -29, -43, 97, 39, -14, 136, 
-107, -48, 58, 78, -82, 4, -39, -43, 97, 39, -24, 131, 
-107, -48, 58, 78, -82, 4, -39, -43, 97, 39, -24, 126, 
-107, -53, 53, 80, -80, 0, -39, -43, 97, 34, -24, 122, 
-107, -53, 53, 80, -80, 0, -39, -43, 97, 34, -24, 117, 
-107, -53, 53, 80, -80, 0, -29, -43, 82, 43, -19, 126, 
-107, -53, 53, 80, -80, 0, -29, -43, 82, 43, -19, 126, 
-107, -58, 48, 82, -78, -4, -29, -43, 87, 43, -19, 126, 
-107, -58, 48, 82, -78, -4, -24, -43, 87, 43, -19, 126, 
-107, -53, 53, 80, -80, 0, -29, -48, 82, 29, -24, 126, 
-107, -53, 53, 80, -80, 0, -34, -48, 82, 29, -24, 122, 
-107, -53, 53, 80, -80, 0, -39, -48, 82, 34, -19, 122, 
-107, -53, 53, 80, -80, 0, -43, -48, 82, 34, -14, 126, 
-97, -53, 43, 75, -70, -4, -34, -58, 82, 34, -14, 126, 
-97, -53, 43, 75, -70, -4, -34, -58, 82, 34, -19, 126, 
-97, -58, 39, 78, -68, -9, -34, -58, 78, 29, -19, 126, 
-97, -58, 39, 78, -68, -9, -34, -58, 78, 29, -24, 126, 
-107, -53, 53, 80, -80, 0, -43, -58, 78, 29, -19, 117, 
-107, -53, 53, 80, -80, 0, -43, -58, 78, 29, -19, 117, 
-107, -53, 53, 80, -80, 0, -43, -58, 78, 24, -19, 117, 
-107, -53, 53, 80, -80, 0, -43, -58, 78, 24, -24, 117, 
-97, -53, 43, 75, -70, -4, -43, -58, 73, 14, -24, 117, 
-97, -53, 43, 75, -70, -4, -43, -63, 73, 14, -24, 117, 
-97, -53, 43, 75, -70, -4, -43, -68, 73, 14, -29, 117, 
-97, -53, 43, 75, -70, -4, -43, -68, 73, 14, -29, 117, 
-107, -53, 53, 80, -80, 0, -43, -58, 73, 24, -29, 126, 
-107, -53, 53, 80, -80, 0, -43, -58, 73, 29, -24, 126, 
-107, -53, 53, 80, -80, 0, -43, -58, 73, 29, -24, 126, 
-107, -53, 53, 80, -80, 0, -43, -58, 73, 24, -24, 126, 
-97, -53, 43, 75, -70, -4, -43, -68, 73, 14, -39, 122, 
-97, -53, 43, 75, -70, -4, -39, -68, 73, 9, -39, 122, 
-97, -53, 43, 75, -70, -4, -39, -68, 73, 9, -39, 122, 
-97, -53, 43, 75, -70, -4, -39, -68, 68, 9, -34, 117, 
-102, -43, 58, 73, -80, 7, -48, -68, 58, 9, -34, 117, 
-102, -43, 58, 73, -80, 7, -48, -73, 58, 9, -34, 117, 
-102, -43, 58, 73, -80, 7, -48, -73, 58, 9, -34, 117, 
-102, -43, 58, 73, -80, 7, -48, -73, 58, 14, -29, 117, 
-97, -53, 43, 75, -70, -4, -39, -63, 68, 24, -29, 117, 
-97, -53, 43, 75, -70, -4, -39, -63, 68, 19, -29, 117, 
-97, -53, 43, 75, -70, -4, -39, -63, 68, 19, -29, 122, 
-97, -58, 39, 78, -68, -9, -39, -63, 68, 19, -29, 122, 
-107, -58, 48, 82, -78, -4, -39, -73, 58, 9, -29, 112, 
-107, -53, 53, 80, -80, 0, -39, -73, 58, 9, -29, 112, 
-107, -53, 53, 80, -80, 0, -39, -73, 58, 9, -29, 117, 
-107, -53, 53, 80, -80, 0, -39, -73, 58, 9, -29, 117, 
-107, -53, 53, 80, -80, 0, -48, -73, 58, 9, -34, 117, 
-107, -53, 53, 80, -80, 0, -48, -73, 58, 14, -34, 112, 
-107, -53, 53, 80, -80, 0, -48, -68, 58, 14, -34, 112, 
-107, -53, 53, 80, -80, 0, -48, -68, 58, 14, -34, 112, 
-107, -43, 63, 75, -85, 9, -48, -68, 63, 19, -24, 122, 
-112, -48, 63, 80, -87, 7, -48, -68, 63, 19, -24, 122, 
-112, -53, 58, 82, -85, 2, -48, -68, 63, 14, -24, 122, 
-112, -53, 58, 82, -85, 2, -48, -68, 58, 14, -29, 122, 
-107, -58, 48, 82, -78, -4, -48, -58, 48, 4, -39, 112, 
-102, -58, 43, 80, -73, -7, -48, -58, 48, 4, -39, 112, 
-97, -53, 43, 75, -70, -4, -48, -63, 48, 4, -39, 112, 
-92, -48, 43, 70, -68, -2, -48, -63, 48, 9, -34, 112, 
-97, -48, 48, 73, -73, 0, -39, -63, 58, 9, -29, 122, 
-102, -48, 53, 75, -78, 2, -39, -63, 58, 9, -29, 122, 
-107, -48, 58, 78, -82, 4, -39, -63, 58, 9, -29, 122, 
-112, -48, 63, 80, -87, 7, -39, -63, 58, 14, -29, 122, 
-102, -48, 53, 75, -78, 2, -29, -53, 58, 24, -29, 131, 
-102, -48, 53, 75, -78, 2, -24, -53, 58, 19, -29, 131, 
-102, -53, 48, 78, -75, -2, -24, -53, 58, 19, -29, 131, 
-102, -53, 48, 78, -75, -2, -29, -53, 58, 19, -29, 131, 
-92, -43, 48, 68, -70, 2, -19, -48, 73, 24, -19, 131, 
-92, -39, 53, 65, -73, 7, -19, -39, 82, 29, -19, 131, 
-92, -34, 58, 63, -75, 12, -19, -34, 87, 34, -19, 131, 
-92, -24, 68, 58, -80, 21, -14, -24, 92, 39, -24, 131, 
-92, -14, 78, 53, -85, 31, -4, -19, 92, 39, -19, 131, 
-92, -14, 78, 53, -85, 31, -4, -19, 92, 48, -9, 131, 
-87, -14, 73, 51, -80, 29, 0, -14, 92, 48, 0, 131, 
-87, -14, 73, 51, -80, 29, 4, 0, 92, 39, 9, 136, 
-82, -14, 68, 48, -75, 26, 14, 4, 97, 43, 0, 146, 
-82, -9, 73, 46, -78, 31, 14, 9, 102, 48, 0, 146, 
-82, -4, 78, 43, -80, 36, 14, 14, 112, 53, -4, 146, 
-82, -4, 78, 43, -80, 36, 14, 19, 117, 63, -4, 146, 
-78, 0, 78, 39, -78, 39, 4, 19, 126, 73, -4, 146, 
-78, 4, 82, 36, -80, 43, 4, 24, 126, 73, 0, 146, 
-82, 9, 92, 36, -87, 51, 4, 24, 126, 73, 4, 151, 
-82, 14, 97, 34, -90, 56, 4, 29, 126, 73, 9, 156, 
-73, 19, 92, 26, -82, 56, -9, 24, 117, 63, 0, 146, 
-68, 14, 82, 26, -75, 48, -14, 14, 112, 58, -4, 146, 
-68, 9, 78, 29, -73, 43, -14, 4, 107, 53, -9, 146, 
-68, 4, 73, 31, -70, 39, -9, -4, 102, 48, -9, 146, 
-78, 0, 78, 39, -78, 39, -19, -19, 92, 48, -14, 146, 
-82, -4, 78, 43, -80, 36, -14, -24, 92, 43, -14, 146, 
-87, -9, 78, 48, -82, 34, -29, -29, 87, 43, -14, 146, 
-92, -14, 78, 53, -85, 31, -34, -34, 82, 39, -14, 146, 
-97, -24, 73, 61, -85, 24, -48, -43, 78, 39, -14, 141, 
-92, -19, 73, 56, -82, 26, -53, -48, 73, 34, -19, 136, 
-92, -14, 78, 53, -85, 31, -58, -43, 73, 29, -19, 131, 
-97, -14, 82, 56, -90, 34, -68, -48, 73, 29, -19, 126, 
-87, -24, 63, 56, -75, 19, -63, -63, 68, 24, -19, 126, 
-87, -29, 58, 58, -73, 14, -63, -63, 68, 24, -14, 126, 
-87, -34, 53, 61, -70, 9, -68, -58, 63, 24, -14, 126, 
-87, -39, 48, 63, -68, 4, -68, -58, 58, 24, -14, 131, 
-87, -43, 43, 65, -65, 0, -68, -68, 58, 14, -24, 131, 
-87, -48, 39, 68, -63, -4, -68, -68, 58, 14, -24, 136, 
-87, -53, 34, 70, -61, -9, -73, -68, 58, 14, -19, 136, 
-87, -58, 29, 73, -58, -14, -78, -73, 58, 14, -19, 131, 
-97, -43, 53, 70, -75, 4, -73, -87, 34, 4, -34, 126, 
-78, -29, 48, 53, -63, 9, -78, -97, 19, 0, -39, 117, 
-87, -39, 48, 63, -68, 4, -78, -97, 19, -9, -43, 117, 
-87, -39, 48, 63, -68, 4, -78, -97, 19, -9, -48, 117, 
-87, -39, 48, 63, -68, 4, -78, -97, 19, -9, -53, 117, 
-87, -39, 48, 63, -68, 4, -78, -97, 19, -9, -58, 117, 
-92, -34, 58, 63, -75, 12, -78, -107, 19, -19, -58, 112, 
-97, -48, 48, 73, -73, 0, -78, -112, 19, -19, -58, 112, 
-102, -48, 53, 75, -78, 2, -78, -112, 19, -19, -58, 107, 
-102, -53, 48, 78, -75, -2, -78, -107, 19, -19, -63, 102, 
-102, -68, 34, 85, -68, -17, -78, -92, 29, -9, -63, 112, 
-102, -68, 34, 85, -68, -17, -78, -92, 29, -4, -58, 107, 
-107, -68, 39, 87, -73, -14, -73, -92, 24, -4, -48, 107, 
-107, -68, 39, 87, -73, -14, -73, -92, 24, -4, -43, 107, 
-112, -63, 48, 87, -80, -7, -63, -102, 14, -4, -48, 102, 
-112, -58, 53, 85, -82, -2, -63, -112, 14, -9, -53, 102, 
-112, -53, 58, 82, -85, 2, -63, -112, 14, -9, -53, 102, 
-107, -58, 48, 82, -78, -4, -63, -107, 14, -9, -53, 97, 
-107, -63, 43, 85, -75, -9, -68, -97, 14, -14, -63, 97, 
-107, -73, 34, 90, -70, -19, -68, -97, 14, -14, -63, 97, 
-107, -78, 29, 92, -68, -24, -78, -97, 9, -14, -68, 97, 
-107, -82, 24, 95, -65, -29, -78, -102, 4, -14, -68, 97, 
-102, -73, 29, 87, -65, -21, -78, -107, 4, -19, -68, 92, 
-92, -73, 19, 82, -56, -26, -78, -107, 4, -19, -68, 92, 
-78, -73, 4, 75, -41, -34, -73, -102, 9, -19, -68, 97, 
-73, -73, 0, 73, -36, -36, -73, -102, 9, -14, -68, 97, 
-73, -58, 14, 65, -43, -21, -73, -92, 19, -4, -53, 97, 
-68, -53, 14, 61, -41, -19, -73, -97, 19, -4, -53, 97, 
-68, -53, 14, 61, -41, -19, -73, -97, 19, -4, -53, 97, 
-68, -48, 19, 58, -43, -14, -73, -92, 19, -4, -53, 102, 
-68, -58, 9, 63, -39, -24, -73, -102, 14, -14, -63, 102, 
-78, -53, 24, 65, -51, -14, -73, -92, 14, -14, -58, 102, 
-78, -48, 29, 63, -53, -9, -68, -92, 19, -4, -58, 102, 
-82, -48, 34, 65, -58, -7, -63, -92, 24, -4, -53, 102, 
-87, -48, 39, 68, -63, -4, -48, -82, 34, 0, -43, 112, 
-97, -53, 43, 75, -70, -4, -43, -73, 34, 0, -43, 112, 
-107, -53, 53, 80, -80, 0, -43, -68, 39, 0, -43, 112, 
-107, -53, 53, 80, -80, 0, -39, -63, 39, 0, -43, 112, 
-112, -53, 58, 82, -85, 2, -48, -73, 29, -4, -39, 102, 
-117, -53, 63, 85, -90, 4, -43, -78, 24, -4, -39, 102, 
-122, -53, 68, 87, -95, 7, -43, -78, 24, -4, -34, 102, 
-122, -58, 63, 90, -92, 2, -43, -78, 24, -4, -34, 97, 
-122, -58, 63, 90, -92, 2, -43, -78, 24, -4, -39, 97, 
-117, -58, 58, 87, -87, 0, -43, -78, 24, -4, -43, 97, 
-117, -53, 63, 85, -90, 4, -43, -78, 24, -4, -48, 97, 
-117, -53, 63, 85, -90, 4, -43, -73, 24, -4, -53, 102, 
-122, -63, 58, 92, -90, -2, -34, -73, 24, 4, -43, 102, 
-122, -63, 58, 92, -90, -2, -34, -73, 24, 4, -43, 102, 
-122, -63, 58, 92, -90, -2, -39, -73, 24, 4, -43, 102, 
-126, -63, 63, 95, -95, 0, -39, -73, 24, 4, -43, 102, 
-117, -58, 58, 87, -87, 0, -39, -82, 24, 4, -34, 102, 
-117, -58, 58, 87, -87, 0, -39, -82, 24, 4, -34, 102, 
-117, -58, 58, 87, -87, 0, -39, -82, 24, 0, -34, 102, 
-117, -58, 58, 87, -87, 0, -39, -82, 24, 0, -34, 102, 
-126, -58, 68, 92, -97, 4, -43, -73, 24, -9, -34, 102, 
-126, -58, 68, 92, -97, 4, -43, -73, 24, -4, -34, 102, 
-126, -58, 68, 92, -97, 4, -34, -73, 24, -4, -34, 102, 
-126, -58, 68, 92, -97, 4, -34, -73, 24, 0, -34, 102, 
-112, -48, 63, 80, -87, 7, -43, -73, 19, 0, -34, 112, 
-112, -48, 63, 80, -87, 7, -48, -73, 19, 0, -34, 112, 
-112, -48, 63, 80, -87, 7, -48, -73, 19, 0, -34, 112, 
-117, -43, 73, 80, -95, 14, -48, -73, 19, 0, -34, 112, 
-117, -53, 63, 85, -90, 4, -39, -63, 29, 0, -43, 102, 
-112, -53, 58, 82, -85, 2, -39, -63, 29, 0, -43, 102, 
-112, -53, 58, 82, -85, 2, -39, -63, 29, 0, -43, 102, 
-112, -53, 58, 82, -85, 2, -39, -63, 29, 0, -43, 102, 
-122, -68, 53, 95, -87, -7, -29, -58, 29, 9, -53, 102, 
-122, -68, 53, 95, -87, -7, -29, -58, 29, 9, -53, 102, 
-122, -68, 53, 95, -87, -7, -34, -58, 29, 9, -53, 102, 
-122, -68, 53, 95, -87, -7, -34, -58, 29, 9, -53, 102, 
-122, -53, 68, 87, -95, 7, -39, -58, 29, 9, -48, 112, 
-122, -53, 68, 87, -95, 7, -39, -58, 29, 9, -43, 112, 
-122, -53, 68, 87, -95, 7, -39, -58, 29, 9, -43, 112, 
-122, -53, 68, 87, -95, 7, -39, -58, 29, 4, -39, 112, 
-122, -53, 68, 87, -95, 7, -48, -58, 29, 4, -29, 112, 
-122, -53, 68, 87, -95, 7, -48, -58, 29, 9, -24, 112, 
-122, -53, 68, 87, -95, 7, -43, -58, 29, 9, -24, 112, 
-122, -53, 68, 87, -95, 7, -43, -58, 29, 9, -24, 112, 
-112, -48, 63, 80, -87, 7, -43, -58, 34, 9, -29, 102, 
-117, -48, 68, 82, -92, 9, -43, -58, 34, 9, -34, 102, 
-117, -48, 68, 82, -92, 9, -43, -58, 29, 9, -39, 102, 
-117, -48, 68, 82, -92, 9, -43, -58, 29, 9, -43, 102, 
-117, -68, 48, 92, -82, -9, -43, -58, 39, 9, -43, 102, 
-122, -53, 68, 87, -95, 7, -34, -53, 43, 14, -39, 122, 
-122, -39, 82, 80, -102, 21, -24, -43, 39, 14, -39, 131, 
-122, -39, 82, 80, -102, 21, -19, -53, 43, 14, -39, 112, 
-126, -53, 73, 90, -100, 9, -29, -58, 43, 14, -34, 97, 
-117, -63, 53, 90, -85, -4, -39, -43, 48, 19, -34, 97, 
-112, -53, 58, 82, -85, 2, -29, -39, 58, 39, -39, 97, 
-126, -39, 87, 82, -107, 24, -19, -14, 92, 53, -34, 97, 
-126, -53, 73, 90, -100, 9, -34, -4, 107, 73, -24, 102, 
-112, -63, 48, 87, -80, -7, -53, -19, 97, 73, -19, 112, 
-112, -73, 39, 92, -75, -17, -58, -34, 107, 87, -4, 112, 
-107, -58, 48, 82, -78, -4, -53, -34, 102, 97, 24, 131, 
-68, -39, 29, 53, -48, -4, -78, -48, 102, 126, 73, 156, 
-39, -24, 14, 31, -26, -4, -97, -87, 97, 156, 122, 180, 
-24, -9, 14, 17, -19, 2, -122, -126, 87, 175, 151, 209, 
9, -4, -14, -2, 12, -9, -156, -200, 29, 165, 175, 229, 
43, 19, -24, -31, 34, -2, -219, -322, -63, 136, 204, 263, 
87, 39, -48, -63, 68, -4, -302, -468, -175, 87, 219, 297, 
161, 43, -117, -102, 139, -36, -385, -610, -302, 19, 209, 307, 
244, 58, -185, -151, 214, -63, -468, -727, -400, -39, 200, 331, 
312, 87, -224, -200, 268, -68, -536, -800, -468, -58, 209, 361, 
380, 97, -283, -239, 331, -92, -614, -883, -527, -107, 190, 370, 
463, 82, -380, -273, 422, -148, -688, -1010, -629, -185, 141, 346, 
527, 63, -463, -295, 495, -200, -746, -1102, -702, -239, 97, 312, 
580, 53, -527, -317, 553, -236, -771, -1117, -717, -248, 63, 292, 
644, 58, -585, -351, 614, -263, -771, -1102, -707, -229, 48, 268, 
688, 34, -653, -361, 671, -309, -741, -1083, -692, -239, 0, 248, 
692, -9, -702, -341, 697, -356, -702, -1034, -673, -248, -63, 209, 
727, -34, -761, -346, 744, -397, -683, -976, -634, -248, -102, 170, 
785, -34, -819, -375, 802, -427, -683, -932, -595, -248, -131, 161, 
824, -48, -873, -387, 849, -461, -712, -902, -570, -253, -161, 141, 
844, -58, -902, -392, 873, -480, -722, -854, -522, -239, -161, 131, 
824, -63, -888, -380, 856, -475, -688, -775, -468, -234, -161, 141, 
741, -39, -780, -351, 761, -409, -614, -658, -390, -185, -112, 161, 
580, 4, -575, -292, 578, -285, -497, -517, -268, -87, -29, 219, 
390, 24, -366, -207, 378, -170, -380, -390, -165, -24, 29, 248, 
263, 24, -239, -143, 251, -107, -302, -312, -117, -9, 29, 244, 
195, 14, -180, -104, 187, -82, -258, -263, -78, -4, 19, 224, 
112, 14, -97, -63, 104, -41, -214, -214, -43, 4, 14, 209, 
58, 14, -43, -36, 51, -14, -180, -190, -34, 9, 4, 180, 
29, 4, -24, -17, 26, -9, -156, -161, -24, 9, 0, 161, 
0, 0, 0, 0, 0, 0, -126, -126, 14, 19, 0, 156, 
-19, 0, 19, 9, -19, 9, -87, -82, 34, 19, 9, 151, 
-39, -4, 34, 21, -36, 14, -63, -53, 34, 14, 9, 146, 
-48, -34, 14, 41, -31, -9, -53, -34, 53, 9, -9, 141, 
-63, -39, 24, 51, -43, -7, -39, -29, 53, 14, -29, 131, 
-68, -48, 19, 58, -43, -14, -29, -19, 63, 34, -34, 122, 
-82, -48, 34, 65, -58, -7, -34, -9, 78, 53, -19, 122, 
-97, -48, 48, 73, -73, 0, -29, -14, 82, 58, -19, 126, 
-102, -48, 53, 75, -78, 2, -39, -19, 82, 58, -19, 126, 
-112, -43, 68, 78, -90, 12, -34, -14, 87, 58, -24, 126, 
-112, -43, 68, 78, -90, 12, -29, -4, 87, 48, -24, 117, 
-112, -43, 68, 78, -90, 12, -24, 0, 87, 43, -24, 112, 
-107, -53, 53, 80, -80, 0, -19, 9, 78, 34, -29, 107, 
-107, -58, 48, 82, -78, -4, -14, 9, 78, 34, -34, 107, 
-112, -58, 53, 85, -82, -2, -9, 9, 78, 39, -34, 107, 
-112, -58, 53, 85, -82, -2, -9, 9, 78, 39, -34, 107, 
-126, -53, 73, 90, -100, 9, 0, 9, 92, 43, -39, 102, 
-131, -58, 73, 95, -102, 7, 0, 14, 92, 43, -34, 102, 
-131, -63, 68, 97, -100, 2, 4, 19, 97, 48, -34, 107, 
-131, -68, 63, 100, -97, -2, 4, 19, 102, 48, -39, 107, 
-141, -58, 82, 100, -112, 12, 0, 24, 107, 48, -29, 107, 
-136, -53, 82, 95, -109, 14, 0, 24, 107, 53, -24, 107, 
-136, -53, 82, 95, -109, 14, 4, 24, 112, 58, -19, 102, 
-136, -53, 82, 95, -109, 14, 4, 24, 117, 63, -14, 102, 
-131, -58, 73, 95, -102, 7, -4, 19, 107, 53, -14, 102, 
-126, -53, 73, 90, -100, 9, -4, 19, 107, 53, -14, 102, 
-122, -43, 78, 82, -100, 17, -4, 24, 112, 53, -9, 102, 
-122, -39, 82, 80, -102, 21, -4, 24, 112, 58, -9, 107, 
-122, -34, 87, 78, -104, 26, 4, 34, 117, 63, -19, 107, 
-122, -39, 82, 80, -102, 21, 4, 34, 117, 63, -24, 107, 
-122, -43, 78, 82, -100, 17, 4, 34, 117, 63, -29, 107, 
-122, -48, 73, 85, -97, 12, 4, 34, 112, 58, -34, 107, 
-122, -48, 73, 85, -97, 12, 4, 34, 122, 68, -29, 107, 
-122, -53, 68, 87, -95, 7, 4, 34, 122, 68, -24, 107, 
-117, -53, 63, 85, -90, 4, 4, 34, 126, 68, -29, 102, 
-117, -58, 58, 87, -87, 0, 0, 34, 126, 68, -24, 97, 
-126, -68, 58, 97, -92, -4, 0, 43, 126, 68, -24, 97, 
-126, -63, 63, 95, -95, 0, 4, 43, 126, 68, -24, 97, 
-126, -63, 63, 95, -95, 0, 9, 43, 126, 68, -24, 97, 
-131, -63, 68, 97, -100, 2, 9, 43, 131, 68, -19, 102, 
-141, -63, 78, 102, -109, 7, 9, 48, 141, 68, -29, 112, 
-141, -63, 78, 102, -109, 7, 9, 48, 136, 73, -29, 112, 
-141, -63, 78, 102, -109, 7, 9, 53, 136, 78, -24, 112, 
-141, -63, 78, 102, -109, 7, 9, 53, 136, 78, -24, 112, 
-131, -53, 78, 92, -104, 12, 9, 48, 126, 82, -19, 112, 
-131, -53, 78, 92, -104, 12, 9, 48, 131, 82, -14, 112, 
-136, -53, 82, 95, -109, 14, 9, 48, 136, 82, -9, 112, 
-136, -53, 82, 95, -109, 14, 9, 58, 136, 82, -4, 112, 
-126, -43, 82, 85, -104, 19, 9, 48, 136, 73, -24, 112, 
-122, -43, 78, 82, -100, 17, 9, 48, 136, 73, -29, 112, 
-122, -43, 78, 82, -100, 17, 9, 48, 136, 73, -29, 112, 
-122, -43, 78, 82, -100, 17, 9, 53, 136, 73, -34, 112, 
-131, -48, 82, 90, -107, 17, -4, 43, 136, 63, -24, 112, 
-131, -53, 78, 92, -104, 12, -4, 48, 141, 73, -24, 112, 
-131, -58, 73, 95, -102, 7, -4, 48, 141, 73, -29, 112, 
-131, -68, 63, 100, -97, -2, -4, 53, 146, 73, -29, 112, 
-122, -58, 63, 90, -92, 2, -9, 48, 136, 78, -14, 122, 
-126, -53, 73, 90, -100, 9, -9, 53, 141, 87, -4, 122, 
-126, -53, 73, 90, -100, 9, -9, 48, 146, 92, 4, 122, 
-126, -53, 73, 90, -100, 9, -9, 39, 146, 97, 14, 122, 
-136, -43, 92, 90, -114, 24, 0, 43, 156, 97, 9, 122, 
-136, -39, 97, 87, -117, 29, 0, 48, 156, 97, 4, 122, 
-136, -39, 97, 87, -117, 29, 0, 53, 156, 97, 0, 122, 
-136, -39, 97, 87, -117, 29, 0, 58, 156, 97, 0, 122, 
-126, -48, 78, 87, -102, 14, 9, 68, 156, 92, -9, 112, 
-126, -48, 78, 87, -102, 14, 9, 73, 161, 92, -9, 112, 
-126, -48, 78, 87, -102, 14, 9, 82, 161, 97, -9, 112, 
-126, -48, 78, 87, -102, 14, 9, 82, 170, 107, -9, 112, 
-126, -48, 78, 87, -102, 14, 9, 82, 161, 97, -9, 112, 
-126, -48, 78, 87, -102, 14, 9, 82, 170, 97, -9, 112, 
-126, -48, 78, 87, -102, 14, 9, 82, 170, 97, -9, 112, 
-126, -48, 78, 87, -102, 14, 9, 82, 170, 97, -4, 112, 
-136, -48, 87, 92, -112, 19, 19, 87, 170, 102, -4, 112, 
-141, -48, 92, 95, -117, 21, 19, 87, 175, 102, -4, 112, 
-141, -48, 92, 95, -117, 21, 19, 92, 175, 107, 0, 117, 
-141, -48, 92, 95, -117, 21, 19, 97, 175, 107, 0, 117, 
-131, -39, 92, 85, -112, 26, 14, 102, 185, 117, 0, 126, 
-131, -39, 92, 85, -112, 26, 14, 102, 195, 117, 4, 126, 
-126, -39, 87, 82, -107, 24, 19, 117, 200, 126, 4, 131, 
-126, -39, 87, 82, -107, 24, 19, 117, 209, 126, 4, 131, 
-117, -29, 87, 73, -102, 29, 29, 122, 219, 136, 9, 122, 
-117, -29, 87, 73, -102, 29, 29, 126, 219, 136, 9, 122, 
-117, -29, 87, 73, -102, 29, 39, 131, 229, 146, 19, 122, 
-117, -29, 87, 73, -102, 29, 39, 131, 229, 151, 24, 126, 
-126, -29, 97, 78, -112, 34, 29, 136, 224, 156, 24, 136, 
-126, -24, 102, 75, -114, 39, 29, 141, 229, 161, 24, 136, 
-126, -24, 102, 75, -114, 39, 34, 146, 239, 161, 24, 136, 
-126, -19, 107, 73, -117, 43, 34, 156, 244, 165, 24, 131, 
-126, -29, 97, 78, -112, 34, 34, 161, 258, 161, 14, 122, 
-126, -29, 97, 78, -112, 34, 34, 161, 263, 165, 14, 126, 
-126, -29, 97, 78, -112, 34, 34, 170, 268, 170, 14, 126, 
-126, -29, 97, 78, -112, 34, 39, 175, 273, 175, 24, 126, 
-126, -34, 92, 80, -109, 29, 43, 195, 283, 195, 24, 126, 
-126, -34, 92, 80, -109, 29, 48, 204, 292, 200, 24, 131, 
-126, -34, 92, 80, -109, 29, 48, 209, 297, 209, 34, 131, 
-126, -34, 92, 80, -109, 29, 48, 219, 302, 219, 39, 131, 
-136, -29, 107, 82, -122, 39, 63, 224, 307, 209, 43, 141, 
-136, -29, 107, 82, -122, 39, 68, 229, 322, 214, 48, 146, 
-136, -29, 107, 82, -122, 39, 73, 239, 336, 229, 48, 146, 
-136, -29, 107, 82, -122, 39, 73, 244, 346, 239, 53, 151, 
-136, -14, 122, 75, -129, 53, 63, 253, 356, 253, 63, 156, 
-136, -9, 126, 73, -131, 58, 63, 263, 366, 263, 68, 156, 
-136, -9, 126, 73, -131, 58, 73, 273, 370, 273, 73, 156, 
-131, -9, 122, 70, -126, 56, 73, 273, 375, 278, 78, 156, 
-117, -4, 112, 61, -114, 53, 73, 287, 380, 283, 73, 156, 
-117, 0, 117, 58, -117, 58, 82, 302, 400, 292, 78, 161, 
-122, 0, 122, 61, -122, 61, 82, 307, 414, 297, 78, 161, 
-122, 4, 126, 58, -124, 65, 82, 317, 429, 307, 82, 161, 
-122, 9, 131, 56, -126, 70, 82, 312, 434, 312, 87, 165, 
-122, 9, 131, 56, -126, 70, 82, 322, 439, 326, 92, 170, 
-122, 9, 131, 56, -126, 70, 82, 331, 444, 336, 97, 170, 
-122, 14, 136, 53, -129, 75, 82, 341, 444, 336, 102, 175, 
-117, 4, 122, 56, -119, 63, 92, 341, 458, 351, 117, 175, 
-112, 9, 122, 51, -117, 65, 92, 341, 458, 356, 122, 175, 
-112, 9, 122, 51, -117, 65, 92, 341, 458, 361, 126, 175, 
-112, 14, 126, 48, -119, 70, 92, 346, 458, 366, 131, 175, 
-117, 19, 136, 48, -126, 78, 82, 361, 458, 356, 122, 175, 
-117, 19, 136, 48, -126, 78, 82, 366, 463, 361, 126, 180, 
-112, 19, 131, 46, -122, 75, 78, 366, 468, 366, 126, 180, 
-112, 24, 136, 43, -124, 80, 78, 366, 473, 370, 126, 180, 
-102, 34, 136, 34, -119, 85, 78, 361, 473, 380, 136, 185, 
-102, 24, 126, 39, -114, 75, 78, 356, 478, 380, 141, 185, 
-102, 34, 136, 34, -119, 85, 78, 351, 478, 380, 146, 185, 
-92, 34, 126, 29, -109, 80, 73, 341, 473, 380, 146, 185, 
-87, 24, 112, 31, -100, 68, 82, 346, 468, 370, 136, 195, 
-87, 24, 112, 31, -100, 68, 82, 346, 468, 370, 136, 195, 
-87, 24, 112, 31, -100, 68, 82, 341, 468, 366, 131, 195, 
-82, 24, 107, 29, -95, 65, 78, 346, 468, 366, 131, 200, 
-68, 19, 87, 24, -78, 53, 82, 336, 458, 351, 122, 200, 
-68, 19, 87, 24, -78, 53, 73, 326, 448, 346, 122, 200, 
-68, 19, 87, 24, -78, 53, 68, 322, 444, 346, 117, 200, 
-58, 19, 78, 19, -68, 48, 63, 307, 434, 336, 117, 195, 
-68, 29, 97, 19, -82, 63, 58, 283, 414, 326, 122, 195, 
-68, 29, 97, 19, -82, 63, 48, 278, 400, 322, 126, 195, 
-68, 19, 87, 24, -78, 53, 43, 268, 390, 317, 131, 195, 
-58, 19, 78, 19, -68, 48, 39, 258, 385, 312, 126, 195, 
-48, 24, 73, 12, -61, 48, 19, 234, 375, 292, 117, 195, 
-48, 29, 78, 9, -63, 53, 19, 224, 361, 283, 107, 195, 
-48, 29, 78, 9, -63, 53, 14, 214, 356, 273, 107, 190, 
-48, 29, 78, 9, -63, 53, 4, 200, 341, 268, 102, 190, 
-43, 24, 68, 9, -56, 46, 9, 195, 326, 258, 97, 190, 
-43, 19, 63, 12, -53, 41, 9, 175, 317, 248, 92, 190, 
-43, 14, 58, 14, -51, 36, 0, 170, 302, 234, 82, 185, 
-43, 9, 53, 17, -48, 31, -4, 156, 287, 214, 78, 185, 
-53, 4, 58, 24, -56, 31, -19, 131, 263, 204, 78, 185, 
-53, 0, 53, 26, -53, 26, -24, 117, 248, 195, 82, 180, 
-53, 0, 53, 26, -53, 26, -29, 107, 234, 190, 87, 180, 
-53, 0, 53, 26, -53, 26, -34, 92, 224, 175, 82, 180, 
-43, 9, 53, 17, -48, 31, -24, 78, 209, 180, 82, 190, 
-43, 4, 48, 19, -46, 26, -29, 73, 204, 165, 68, 185, 
-43, 0, 43, 21, -43, 21, -34, 68, 185, 161, 63, 185, 
-43, -4, 39, 24, -41, 17, -39, 53, 175, 141, 58, 180, 
-43, 0, 43, 21, -43, 21, -43, 34, 151, 122, 39, 170, 
-43, 0, 43, 21, -43, 21, -48, 29, 146, 112, 29, 170, 
-43, -4, 39, 24, -41, 17, -58, 14, 141, 107, 29, 170, 
-43, -4, 39, 24, -41, 17, -68, 4, 131, 102, 29, 165, 
-53, -19, 34, 36, -43, 7, -63, 4, 136, 82, 19, 170, 
-53, -19, 34, 36, -43, 7, -63, -4, 122, 73, 19, 170, 
-53, -19, 34, 36, -43, 7, -63, -14, 117, 63, 14, 170, 
-58, -24, 34, 41, -46, 4, -68, -14, 112, 63, 9, 170, 
-68, -34, 34, 51, -51, 0, -63, -9, 102, 68, 14, 156, 
-68, -34, 34, 51, -51, 0, -58, -9, 97, 63, 9, 156, 
-63, -34, 29, 48, -46, -2, -53, -14, 97, 63, 9, 156, 
-63, -43, 19, 53, -41, -12, -53, -19, 102, 58, 9, 156, 
-58, -48, 9, 53, -34, -19, -63, -29, 87, 39, -4, 141, 
-63, -48, 14, 56, -39, -17, -63, -39, 87, 39, -4, 141, 
-58, -48, 9, 53, -34, -19, -58, -43, 87, 34, -4, 141, 
-48, -48, 0, 48, -24, -24, -58, -43, 87, 34, -4, 141, 
-58, -48, 9, 53, -34, -19, -48, -34, 82, 39, 0, 151, 
-63, -53, 9, 58, -36, -21, -48, -29, 82, 34, -4, 146, 
-63, -53, 9, 58, -36, -21, -48, -24, 78, 34, -9, 146, 
-63, -53, 9, 58, -36, -21, -48, -19, 78, 29, -9, 146, 
-68, -43, 24, 56, -46, -9, -58, -29, 63, 34, -4, 156, 
-68, -43, 24, 56, -46, -9, -58, -39, 58, 34, -4, 156, 
-68, -43, 24, 56, -46, -9, -58, -43, 58, 34, 0, 156, 
-73, -48, 24, 61, -48, -12, -53, -43, 63, 34, 4, 156, 
-63, -39, 24, 51, -43, -7, -63, -34, 68, 24, -4, 151, 
-63, -39, 24, 51, -43, -7, -63, -34, 68, 24, -4, 146, 
-63, -39, 24, 51, -43, -7, -63, -39, 68, 24, -4, 146, 
-68, -39, 29, 53, -48, -4, -58, -39, 68, 24, -4, 146, 
-78, -39, 39, 58, -58, 0, -53, -39, 78, 24, -14, 151, 
-78, -39, 39, 58, -58, 0, -48, -34, 73, 24, -14, 151, 
-78, -43, 34, 61, -56, -4, -43, -24, 73, 19, -14, 151, 
-78, -43, 34, 61, -56, -4, -39, -19, 78, 19, -14, 151, 
-78, -48, 29, 63, -53, -9, -48, -29, 68, 19, -24, 136, 
-78, -53, 24, 65, -51, -14, -48, -29, 68, 19, -29, 136, 
-82, -58, 24, 70, -53, -17, -48, -24, 73, 19, -29, 136, 
-82, -63, 19, 73, -51, -21, -48, -24, 73, 24, -19, 141, 
-82, -63, 19, 73, -51, -21, -48, -24, 73, 24, -19, 141, 
-82, -63, 19, 73, -51, -21, -43, -24, 73, 24, -19, 136, 
-82, -63, 19, 73, -51, -21, -43, -24, 73, 24, -24, 136, 
-82, -63, 19, 73, -51, -21, -43, -19, 73, 24, -24, 136, 
-92, -63, 29, 78, -61, -17, -34, -19, 73, 34, -14, 146, 
-92, -63, 29, 78, -61, -17, -34, -14, 73, 34, -14, 146, 
-92, -58, 34, 75, -63, -12, -29, -14, 73, 34, -14, 141, 
-92, -58, 34, 75, -63, -12, -19, -14, 73, 34, -14, 141, 
-92, -48, 43, 70, -68, -2, -19, -14, 68, 34, 0, 136, 
-92, -43, 48, 68, -70, 2, -24, -14, 68, 39, 0, 136, 
-92, -39, 53, 65, -73, 7, -24, -9, 68, 39, 0, 136, 
-97, -34, 63, 65, -80, 14, -24, -9, 73, 39, 4, 141, 
-107, -39, 68, 73, -87, 14, -14, 0, 78, 43, 0, 146, 
-102, -39, 63, 70, -82, 12, -19, 0, 82, 43, 0, 151, 
-102, -39, 63, 70, -82, 12, -19, 9, 87, 43, 0, 151, 
-102, -43, 58, 73, -80, 7, -14, 9, 92, 43, 0, 156, 
-102, -53, 48, 78, -75, -2, -14, 14, 97, 48, 0, 156, 
-102, -53, 48, 78, -75, -2, -14, 14, 97, 48, 0, 156, 
-107, -53, 53, 80, -80, 0, -14, 19, 97, 48, 0, 156, 
-107, -53, 53, 80, -80, 0, -14, 19, 102, 48, 0, 151, 
-117, -53, 63, 85, -90, 4, -19, 9, 97, 48, -9, 141, 
-117, -53, 63, 85, -90, 4, -14, 14, 97, 48, -9, 146, 
-117, -58, 58, 87, -87, 0, -14, 14, 92, 48, -9, 146, 
-112, -58, 53, 85, -82, -2, -14, 14, 92, 48, -9, 146, 
-102, -53, 48, 78, -75, -2, -9, 19, 92, 48, -9, 146, 
-107, -48, 58, 78, -82, 4, -9, 19, 92, 48, -14, 146, 
-107, -48, 58, 78, -82, 4, -9, 19, 92, 53, -14, 146, 
-107, -48, 58, 78, -82, 4, -14, 19, 92, 53, -14, 146, 
-107, -43, 63, 75, -85, 9, -14, 14, 97, 53, -4, 156, 
-107, -39, 68, 73, -87, 14, -14, 14, 97, 53, 0, 156, 
-107, -34, 73, 70, -90, 19, -9, 14, 97, 53, 9, 156, 
-107, -29, 78, 68, -92, 24, -9, 14, 97, 53, 14, 156, 
-107, -29, 78, 68, -92, 24, -9, 14, 97, 58, 4, 156, 
-107, -29, 78, 68, -92, 24, -9, 14, 97, 58, 4, 156, 
-107, -29, 78, 68, -92, 24, -4, 14, 97, 58, 4, 156, 
-102, -29, 73, 65, -87, 21, -4, 14, 97, 58, 4, 156, 
-87, -19, 68, 53, -78, 24, -19, 14, 87, 48, 4, 156, 
-87, -24, 63, 56, -75, 19, -19, 14, 87, 48, 4, 156, 
-92, -24, 68, 58, -80, 21, -19, 14, 87, 48, 4, 156, 
-92, -19, 73, 56, -82, 26, -19, 14, 87, 48, 4, 156, 
-87, -29, 58, 58, -73, 14, -19, 4, 87, 43, -4, 146, 
-92, -29, 63, 61, -78, 17, -19, 4, 87, 43, -4, 146, 
-102, -29, 73, 65, -87, 21, -19, 4, 87, 43, -4, 146, 
-107, -29, 78, 68, -92, 24, -19, 4, 87, 48, -4, 146, 
-107, -39, 68, 73, -87, 14, -19, -4, 87, 48, -4, 146, 
-107, -39, 68, 73, -87, 14, -19, -4, 87, 48, -4, 146, 
-107, -43, 63, 75, -85, 9, -19, -4, 87, 43, -4, 146, 
-107, -43, 63, 75, -85, 9, -19, -4, 87, 43, -4, 146, 
-97, -34, 63, 65, -80, 14, -19, -4, 73, 43, 0, 156, 
-97, -34, 63, 65, -80, 14, -19, -4, 73, 43, 0, 156, 
-97, -39, 58, 68, -78, 9, -19, -4, 78, 43, 0, 156, 
-97, -39, 58, 68, -78, 9, -14, -4, 78, 43, 0, 156, 
-97, -24, 73, 61, -85, 24, -14, -9, 73, 39, 4, 156, 
-97, -24, 73, 61, -85, 24, -14, -9, 73, 39, 4, 151, 
-97, -24, 73, 61, -85, 24, -14, -9, 73, 43, 9, 151, 
-97, -24, 73, 61, -85, 24, -14, -9, 73, 43, 14, 156, 
-97, -14, 82, 56, -90, 34, -14, 0, 73, 34, 4, 146, 
-97, -14, 82, 56, -90, 34, -14, 0, 73, 34, 0, 146, 
-97, -19, 78, 58, -87, 29, -14, 0, 68, 29, 0, 146, 
-97, -19, 78, 58, -87, 29, -14, 0, 68, 29, -4, 146, 
-87, -19, 68, 53, -78, 24, -14, -9, 68, 29, -14, 146, 
-87, -24, 63, 56, -75, 19, -14, -9, 68, 29, -19, 146, 
-87, -29, 58, 58, -73, 14, -14, -9, 68, 24, -24, 146, 
-87, -34, 53, 61, -70, 9, -14, -9, 68, 24, -34, 146, 
-97, -43, 53, 70, -75, 4, -24, 0, 73, 24, -24, 146, 
-97, -43, 53, 70, -75, 4, -24, -4, 73, 24, -24, 146, 
-97, -43, 53, 70, -75, 4, -24, -9, 73, 24, -29, 146, 
-97, -43, 53, 70, -75, 4, -24, -9, 73, 24, -29, 146, 
-87, -34, 53, 61, -70, 9, -24, -9, 73, 34, -24, 146, 
-87, -34, 53, 61, -70, 9, -24, -9, 73, 39, -14, 146, 
-87, -34, 53, 61, -70, 9, -24, -9, 73, 39, -9, 146, 
-87, -34, 53, 61, -70, 9, -24, -9, 73, 34, -4, 146, 
-87, -24, 63, 56, -75, 19, -14, -9, 63, 34, -9, 151, 
-87, -24, 63, 56, -75, 19, -9, -9, 63, 29, -9, 151, 
-87, -24, 63, 56, -75, 19, -9, -9, 63, 29, -9, 151, 
-87, -24, 63, 56, -75, 19, -9, -9, 58, 29, -4, 146, 
-82, -24, 58, 53, -70, 17, -9, -9, 58, 19, -4, 146, 
-82, -24, 58, 53, -70, 17, -9, -14, 58, 19, -4, 146, 
-82, -24, 58, 53, -70, 17, -9, -14, 58, 19, -4, 146, 
-82, -24, 58, 53, -70, 17, -9, -14, 58, 24, 0, 146, 
-82, -34, 48, 58, -65, 7, -19, -14, 58, 24, -9, 136, 
-87, -34, 53, 61, -70, 9, -19, -14, 58, 19, -9, 136, 
-92, -34, 58, 63, -75, 12, -19, -14, 58, 19, -9, 141, 
-97, -39, 58, 68, -78, 9, -19, -14, 58, 19, -9, 141, 
-97, -39, 58, 68, -78, 9, -19, -14, 58, 19, -19, 141, 
-97, -34, 63, 65, -80, 14, -19, -14, 58, 19, -19, 141, 
-97, -34, 63, 65, -80, 14, -19, -14, 58, 19, -19, 146, 
-97, -34, 63, 65, -80, 14, -19, -14, 58, 19, -19, 146, 
-97, -24, 73, 61, -85, 24, -19, -19, 58, 29, -9, 146, 
-97, -24, 73, 61, -85, 24, -19, -24, 58, 34, -4, 141, 
-97, -24, 73, 61, -85, 24, -19, -24, 58, 34, 0, 141, 
-97, -24, 73, 61, -85, 24, -19, -29, 58, 34, 4, 141, 
-87, -34, 53, 61, -70, 9, -19, -24, 63, 29, -9, 151, 
-92, -39, 53, 65, -73, 7, -19, -19, 63, 29, -14, 151, 
-92, -43, 48, 68, -70, 2, -19, -14, 63, 24, -19, 151, 
-92, -43, 48, 68, -70, 2, -19, -9, 58, 24, -29, 151, 
-92, -48, 43, 70, -68, -2, -9, -9, 58, 24, -19, 151, 
-92, -48, 43, 70, -68, -2, -9, -9, 58, 24, -19, 151, 
-92, -43, 48, 68, -70, 2, -9, -14, 58, 24, -19, 151, 
-92, -39, 53, 65, -73, 7, -9, -14, 58, 29, -14, 151, 
-87, -34, 53, 61, -70, 9, -9, -14, 68, 29, -4, 151, 
-82, -29, 53, 56, -68, 12, -9, -14, 68, 29, 0, 151, 
-78, -24, 53, 51, -65, 14, -9, -14, 68, 29, 4, 151, 
-73, -19, 53, 46, -63, 17, -9, -14, 68, 34, 9, 151, 
-78, -24, 53, 51, -65, 14, -9, -14, 58, 24, -4, 151, 
-82, -29, 53, 56, -68, 12, -4, -14, 58, 19, -9, 151, 
-87, -39, 48, 63, -68, 4, -4, -14, 58, 19, -14, 151, 
-92, -43, 48, 68, -70, 2, -9, -14, 58, 19, -19, 151, 
-102, -48, 53, 75, -78, 2, -9, -19, 48, 9, -19, 141, 
-102, -48, 53, 75, -78, 2, -9, -19, 53, 9, -19, 141, 
-102, -48, 53, 75, -78, 2, -9, -24, 53, 9, -19, 141, 
-102, -43, 58, 73, -80, 7, -4, -24, 53, 9, -24, 141, 
-92, -34, 58, 63, -75, 12, -9, -24, 53, 14, -14, 151, 
-92, -34, 58, 63, -75, 12, -14, -29, 53, 29, -9, 151, 
-87, -34, 53, 61, -70, 9, -14, -29, 53, 34, -4, 151, 
-87, -34, 53, 61, -70, 9, -14, -19, 53, 29, 0, 156, 
-82, -34, 48, 58, -65, 7, -14, -29, 53, 29, 0, 156, 
-82, -29, 53, 56, -68, 12, -14, -29, 53, 29, 0, 156, 
-82, -24, 58, 53, -70, 17, -14, -29, 58, 29, -4, 156, 
-82, -24, 58, 53, -70, 17, -14, -29, 58, 34, -4, 156, 
-78, -34, 43, 56, -61, 4, -14, -29, 48, 34, -4, 146, 
-78, -34, 43, 56, -61, 4, -14, -24, 48, 34, 0, 146, 
-82, -34, 48, 58, -65, 7, -14, -24, 48, 34, 4, 151, 
-82, -34, 48, 58, -65, 7, -14, -19, 48, 34, 9, 156, 
-92, -34, 58, 63, -75, 12, -29, -24, 53, 34, 0, 156, 
-87, -34, 53, 61, -70, 9, -34, -24, 53, 29, -4, 156, 
-87, -34, 53, 61, -70, 9, -34, -24, 53, 24, -9, 156, 
-87, -34, 53, 61, -70, 9, -29, -24, 53, 19, -9, 156, 
-82, -48, 34, 65, -58, -7, -19, -14, 58, 24, -9, 156, 
-82, -53, 29, 68, -56, -12, -4, -14, 63, 24, -14, 156, 
-82, -58, 24, 70, -53, -17, -9, -14, 63, 29, -19, 156, 
-82, -63, 19, 73, -51, -21, -4, -14, 63, 29, -24, 156, 
-78, -63, 14, 70, -46, -24, 0, -9, 63, 34, -19, 165, 
-73, -58, 14, 65, -43, -21, 4, -9, 63, 34, -19, 165, 
-73, -53, 19, 63, -46, -17, 9, 0, 68, 34, -14, 165, 
-78, -53, 24, 65, -51, -14, 9, 0, 73, 39, -9, 165, 
-78, -53, 24, 65, -51, -14, 4, -14, 63, 34, -4, 165, 
-78, -48, 29, 63, -53, -9, 4, -14, 68, 34, 4, 165, 
-78, -43, 34, 61, -56, -4, 0, -9, 68, 34, 9, 165, 
-78, -39, 39, 58, -58, 0, 0, -9, 68, 34, 14, 170, 
-78, -24, 53, 51, -65, 14, 9, 0, 63, 34, 14, 170, 
-78, -19, 58, 48, -68, 19, 9, 0, 68, 34, 14, 175, 
-78, -14, 63, 46, -70, 24, 4, 0, 73, 34, 19, 175, 
-78, -9, 68, 43, -73, 29, 0, -4, 78, 34, 19, 170, 
-78, -14, 63, 46, -70, 24, 9, 4, 78, 39, 9, 165, 
-78, -14, 63, 46, -70, 24, 14, 4, 78, 34, 0, 165, 
-78, -14, 63, 46, -70, 24, 4, 4, 82, 39, -4, 165, 
-78, -9, 68, 43, -73, 29, 4, 4, 87, 43, -9, 165, 
-68, 0, 68, 34, -68, 34, 14, 14, 92, 48, 4, 175, 
-68, 0, 68, 34, -68, 34, 24, 19, 97, 53, 14, 175, 
-68, -4, 63, 36, -65, 29, 34, 24, 97, 58, 19, 170, 
-68, -4, 63, 36, -65, 29, 39, 24, 97, 63, 29, 170, 
-68, 9, 78, 29, -73, 43, 58, 53, 122, 63, 29, 180, 
-68, 9, 78, 29, -73, 43, 63, 63, 131, 82, 43, 200, 
-63, 9, 73, 26, -68, 41, 58, 73, 136, 82, 53, 200, 
-58, 9, 68, 24, -63, 39, 63, 82, 136, 82, 48, 190, 
-48, 19, 68, 14, -58, 43, 58, 68, 126, 87, 58, 195, 
-58, 24, 82, 17, -70, 53, 53, 68, 117, 78, 48, 195, 
-58, 29, 87, 14, -73, 58, 48, 68, 117, 78, 48, 195, 
-58, 34, 92, 12, -75, 63, 43, 68, 117, 78, 48, 195, 
-58, 39, 97, 9, -78, 68, 39, 68, 117, 78, 48, 195, 
-58, 34, 92, 12, -75, 63, 39, 58, 117, 68, 34, 185, 
-58, 29, 87, 14, -73, 58, 39, 58, 117, 68, 29, 185, 
-58, 24, 82, 17, -70, 53, 39, 58, 117, 68, 24, 185, 
-58, 19, 78, 19, -68, 48, 39, 58, 117, 68, 19, 185, 
-68, 14, 82, 26, -75, 48, 24, 48, 107, 58, 19, 185, 
-68, 9, 78, 29, -73, 43, 19, 39, 107, 58, 19, 185, 
-68, 4, 73, 31, -70, 39, 14, 29, 107, 58, 19, 185, 
-68, 0, 68, 34, -68, 34, 9, 19, 107, 58, 19, 185, 
-68, -4, 63, 36, -65, 29, 4, 14, 92, 48, 19, 175, 
-68, -9, 58, 39, -63, 24, 0, 9, 87, 48, 19, 175, 
-68, -14, 53, 41, -61, 19, -4, 4, 82, 48, 19, 175, 
-68, -19, 48, 43, -58, 14, -9, 0, 78, 48, 19, 175, 
-58, -14, 43, 36, -51, 14, -24, -14, 68, 39, 19, 185, 
-58, -9, 48, 34, -53, 19, -29, -19, 68, 39, 19, 185, 
-58, -4, 53, 31, -56, 24, -34, -24, 68, 39, 19, 185, 
-58, 0, 58, 29, -58, 29, -39, -29, 68, 39, 19, 185, 
-58, 0, 58, 29, -58, 29, -48, -34, 58, 29, 29, 185, 
-58, 0, 58, 29, -58, 29, -48, -39, 58, 29, 29, 185, 
-58, 0, 58, 29, -58, 29, -48, -43, 58, 29, 29, 185, 
-58, 0, 58, 29, -58, 29, -48, -48, 58, 29, 29, 185, 
-68, -9, 58, 39, -63, 24, -48, -58, 53, 19, 14, 185, 
-68, -9, 58, 39, -63, 24, -48, -58, 48, 19, 9, 185, 
-68, -9, 58, 39, -63, 24, -48, -58, 43, 19, 4, 185, 
-68, -9, 58, 39, -63, 24, -48, -58, 39, 19, 0, 185, 
-63, -24, 39, 43, -51, 7, -39, -48, 48, 9, -4, 180, 
-68, -39, 29, 53, -48, -4, -39, -53, 48, 9, -9, 180, 
-73, -39, 34, 56, -53, -2, -39, -53, 48, 9, -14, 175, 
-73, -43, 29, 58, -51, -7, -39, -48, 48, 9, -24, 170, 
-82, -48, 34, 65, -58, -7, -34, -53, 39, 4, -19, 170, 
-82, -48, 34, 65, -58, -7, -29, -53, 39, 4, -19, 165, 
-87, -48, 39, 68, -63, -4, -19, -53, 34, 0, -14, 165, 
-87, -48, 39, 68, -63, -4, -14, -53, 34, -4, -14, 165, 
-82, -39, 43, 61, -63, 2, -19, -53, 34, 4, -9, 165, 
-82, -39, 43, 61, -63, 2, -24, -63, 34, 9, -4, 170, 
-82, -39, 43, 61, -63, 2, -29, -63, 34, 19, 4, 175, 
-78, -48, 29, 63, -53, -9, -34, -58, 34, 29, 14, 175, 
-78, -48, 29, 63, -53, -9, -29, -48, 34, 19, 9, 175, 
-78, -53, 24, 65, -51, -14, -29, -48, 34, 14, 4, 175, 
-78, -53, 24, 65, -51, -14, -39, -48, 29, 9, -4, 175, 
-78, -53, 24, 65, -51, -14, -39, -53, 24, 4, -9, 175, 
-68, -63, 4, 65, -36, -29, -39, -48, 34, 0, -19, 161, 
-63, -63, 0, 63, -31, -31, -39, -48, 34, 0, -19, 161, 
-53, -63, -9, 58, -21, -36, -34, -43, 39, 0, -19, 165, 
-53, -63, -9, 58, -21, -36, -34, -43, 39, 4, -19, 165, 
-43, -48, -4, 46, -19, -26, -34, -43, 29, 4, -24, 165, 
-39, -43, -4, 41, -17, -24, -34, -48, 29, 4, -24, 165, 
-39, -43, -4, 41, -17, -24, -34, -48, 29, 4, -24, 165, 
-39, -39, 0, 39, -19, -19, -34, -43, 29, 4, -24, 170, 
-39, -39, 0, 39, -19, -19, -34, -43, 34, 14, -19, 180, 
-48, -34, 14, 41, -31, -9, -34, -34, 34, 14, -9, 180, 
-48, -29, 19, 39, -34, -4, -29, -34, 39, 24, -4, 180, 
-53, -29, 24, 41, -39, -2, -24, -34, 43, 24, 4, 180, 
-58, -29, 29, 43, -43, 0, -19, -29, 53, 29, 14, 170, 
-68, -34, 34, 51, -51, 0, -14, -24, 53, 29, 14, 170, 
-78, -34, 43, 56, -61, 4, -14, -24, 58, 29, 14, 170, 
-78, -34, 43, 56, -61, 4, -9, -24, 58, 29, 14, 170, 
-82, -34, 48, 58, -65, 7, -9, -24, 48, 14, -4, 170, 
-87, -34, 53, 61, -70, 9, -4, -29, 43, 14, -9, 170, 
-92, -34, 58, 63, -75, 12, -4, -29, 43, 14, -9, 170, 
-92, -39, 53, 65, -73, 7, -4, -29, 43, 14, -14, 165, 
-102, -48, 53, 75, -78, 2, -4, -39, 43, 14, -9, 165, 
-97, -48, 48, 73, -73, 0, -4, -39, 43, 14, -4, 165, 
-97, -43, 53, 70, -75, 4, -4, -39, 43, 14, 0, 165, 
-97, -43, 53, 70, -75, 4, -4, -34, 43, 14, 4, 170, 
-102, -39, 63, 70, -82, 12, -4, -43, 43, 14, -4, 170, 
-102, -34, 68, 68, -85, 17, -4, -43, 43, 14, -4, 170, 
-102, -29, 73, 65, -87, 21, -9, -43, 43, 14, -4, 170, 
-107, -24, 82, 65, -95, 29, -9, -43, 43, 14, -4, 170, 
-107, -39, 68, 73, -87, 14, 0, -34, 43, 24, 4, 170, 
-107, -39, 68, 73, -87, 14, 0, -34, 43, 24, 4, 170, 
-107, -39, 68, 73, -87, 14, 0, -34, 43, 19, 4, 170, 
-107, -39, 68, 73, -87, 14, 0, -34, 43, 19, 4, 170, 
-97, -48, 48, 73, -73, 0, 4, -29, 48, 19, 0, 170, 
-97, -48, 48, 73, -73, 0, 4, -24, 53, 24, -4, 170, 
-97, -48, 48, 73, -73, 0, 14, -19, 58, 24, -9, 170, 
-97, -48, 48, 73, -73, 0, 14, -14, 63, 29, -14, 170, 
-92, -43, 48, 68, -70, 2, 4, -24, 58, 19, -9, 170, 
-92, -39, 53, 65, -73, 7, 0, -24, 58, 19, -4, 170, 
-92, -34, 58, 63, -75, 12, 0, -24, 58, 19, 0, 170, 
-97, -24, 73, 61, -85, 24, 0, -24, 58, 19, 4, 170, 
-87, -24, 63, 56, -75, 19, 0, -24, 48, 19, -4, 180, 
-82, -24, 58, 53, -70, 17, 0, -24, 48, 19, -4, 180, 
-82, -24, 58, 53, -70, 17, 0, -24, 48, 19, -4, 180, 
-82, -24, 58, 53, -70, 17, 0, -24, 48, 19, -4, 180, 
-92, -29, 63, 61, -78, 17, 9, -19, 48, 19, 4, 170, 
-92, -29, 63, 61, -78, 17, 9, -19, 48, 19, 4, 170, 
-92, -29, 63, 61, -78, 17, 4, -19, 48, 19, 4, 170, 
-92, -29, 63, 61, -78, 17, 4, -19, 48, 19, 4, 170, 
-92, -24, 68, 58, -80, 21, 0, -29, 48, 19, 0, 170, 
-92, -24, 68, 58, -80, 21, 0, -29, 48, 19, -4, 170, 
-92, -24, 68, 58, -80, 21, 0, -29, 48, 19, -14, 170, 
-92, -24, 68, 58, -80, 21, 0, -29, 48, 14, -19, 170, 
-92, -14, 78, 53, -85, 31, 0, -29, 48, 24, -9, 180, 
-92, -14, 78, 53, -85, 31, 0, -29, 48, 29, -4, 180, 
-92, -14, 78, 53, -85, 31, 4, -29, 48, 29, -4, 180, 
-92, -14, 78, 53, -85, 31, 4, -29, 48, 29, -4, 180, 
-92, -9, 82, 51, -87, 36, 14, -24, 63, 29, 4, 180, 
-97, -9, 87, 53, -92, 39, 14, -19, 63, 29, 4, 180, 
-97, -9, 87, 53, -92, 39, 14, -14, 58, 29, 4, 180, 
-97, -9, 87, 53, -92, 39, 14, -9, 58, 29, 4, 180, 
-97, -9, 87, 53, -92, 39, 14, -29, 58, 29, 4, 180, 
-102, -4, 97, 53, -100, 46, 14, -24, 63, 43, 29, 190, 
-102, 0, 102, 51, -102, 51, 14, -24, 78, 53, 39, 190, 
-102, -9, 92, 56, -97, 41, 19, -24, 73, 34, 9, 170, 
-117, -34, 82, 75, -100, 24, 19, -9, 63, 14, -34, 156, 
-117, -34, 82, 75, -100, 24, 9, -4, 68, 19, -34, 165, 
-122, -24, 97, 73, -109, 36, 9, 0, 87, 48, 0, 175, 
-117, -29, 87, 73, -102, 29, 9, 4, 102, 82, 43, 175, 
-107, -34, 73, 70, -90, 19, -4, -4, 97, 82, 53, 180, 
-92, -43, 48, 68, -70, 2, -24, -19, 87, 82, 48, 190, 
-92, -34, 58, 63, -75, 12, -29, -24, 87, 87, 53, 190, 
-68, -29, 39, 48, -53, 4, -24, -34, 92, 97, 63, 200, 
-39, 0, 39, 19, -39, 19, -39, -58, 73, 117, 73, 234, 
0, 14, 14, -7, -7, 14, -68, -97, 58, 136, 112, 258, 
34, 19, -14, -26, 24, 2, -92, -126, 29, 136, 141, 278, 
87, 34, -53, -61, 70, -9, -126, -219, -39, 107, 165, 307, 
141, 48, -92, -95, 117, -21, -180, -361, -151, 58, 185, 341, 
175, 58, -117, -117, 146, -29, -244, -517, -283, 0, 190, 366, 
248, 73, -175, -161, 212, -51, -326, -658, -409, -87, 190, 375, 
322, 87, -234, -204, 278, -73, -400, -766, -517, -165, 170, 390, 
390, 117, -273, -253, 331, -78, -468, -849, -595, -214, 161, 400, 
468, 126, -341, -297, 405, -107, -546, -951, -683, -283, 122, 390, 
551, 131, -419, -341, 485, -143, -629, -1088, -795, -370, 63, 366, 
624, 112, -512, -368, 568, -200, -688, -1180, -878, -434, 9, 341, 
678, 112, -566, -395, 622, -226, -712, -1234, -902, -473, -24, 322, 
732, 107, -624, -419, 678, -258, -722, -1249, -922, -502, -58, 297, 
746, 82, -663, -414, 705, -290, -683, -1210, -917, -502, -97, 278, 
761, 58, -702, -409, 732, -322, -634, -1132, -868, -492, -141, 239, 
785, 43, -741, -414, 763, -348, -605, -1054, -819, -492, -180, 209, 
805, 14, -790, -409, 797, -387, -585, -990, -780, -492, -229, 190, 
795, -9, -805, -392, 800, -407, -585, -941, -736, -478, -248, 161, 
766, -19, -785, -373, 775, -402, -605, -883, -668, -434, -229, 161, 
697, 4, -692, -351, 695, -344, -580, -766, -556, -361, -180, 209, 
566, 68, -497, -317, 531, -214, -468, -590, -390, -234, -82, 268, 
405, 92, -312, -248, 358, -109, -351, -419, -239, -126, 0, 307, 
302, 92, -209, -197, 256, -58, -273, -322, -156, -53, 29, 317, 
204, 92, -112, -148, 158, -9, -214, -253, -97, -19, 48, 312, 
87, 82, -4, -85, 46, 39, -141, -175, -48, 4, 48, 302, 
34, 63, 29, -48, 2, 46, -107, -136, -24, 4, 43, 287, 
19, 53, 34, -36, -7, 43, -82, -112, -4, 9, 34, 268, 
-9, 63, 73, -26, -41, 68, -58, -82, 14, 29, 29, 258, 
-29, 58, 87, -14, -58, 73, -39, -58, 34, 29, 9, 234, 
-19, 48, 68, -14, -43, 58, -19, -43, 34, 29, 0, 219, 
-29, 34, 63, -2, -46, 48, -24, -34, 43, 24, -9, 204, 
-39, 24, 63, 7, -51, 43, -14, -14, 53, 29, -19, 190, 
-43, 19, 63, 12, -53, 41, 0, -9, 63, 43, -9, 190, 
-48, 29, 78, 9, -63, 53, 0, 0, 73, 63, 14, 200, 
-73, 29, 102, 21, -87, 65, 4, 0, 87, 73, 19, 200, 
-78, 29, 107, 24, -92, 68, 0, -4, 82, 58, 9, 195, 
-82, 29, 112, 26, -97, 70, 9, 9, 82, 48, 4, 195, 
-92, 34, 126, 29, -109, 80, 14, 14, 87, 48, -4, 195, 
-92, 34, 126, 29, -109, 80, 19, 24, 87, 39, -9, 185, 
-92, 34, 126, 29, -109, 80, 24, 29, 87, 34, -14, 180, 
-87, 24, 112, 31, -100, 68, 24, 39, 87, 39, -9, 175, 
-87, 19, 107, 34, -97, 63, 24, 39, 87, 43, -14, 175, 
-92, 19, 112, 36, -102, 65, 24, 39, 87, 53, -14, 175, 
-92, 19, 112, 36, -102, 65, 19, 39, 87, 58, -14, 175, 
-87, 39, 126, 24, -107, 82, 9, 34, 92, 53, 0, 180, 
-92, 39, 131, 26, -112, 85, 9, 34, 92, 53, 4, 180, 
-92, 39, 131, 26, -112, 85, 14, 34, 97, 58, 4, 185, 
-92, 39, 131, 26, -112, 85, 14, 29, 102, 58, 0, 185, 
-97, 48, 146, 24, -122, 97, 19, 34, 112, 58, 0, 195, 
-97, 53, 151, 21, -124, 102, 19, 34, 107, 63, 4, 195, 
-102, 53, 156, 24, -129, 104, 24, 34, 107, 68, 9, 190, 
-107, 53, 161, 26, -134, 107, 24, 34, 107, 73, 14, 190, 
-97, 43, 141, 26, -119, 92, 14, 29, 97, 63, 9, 180, 
-97, 43, 141, 26, -119, 92, 14, 29, 97, 63, 4, 180, 
-97, 48, 146, 24, -122, 97, 14, 34, 102, 63, 4, 180, 
-102, 48, 151, 26, -126, 100, 14, 34, 102, 68, 0, 185, 
-92, 53, 146, 19, -119, 100, 24, 34, 97, 63, -4, 185, 
-92, 48, 141, 21, -117, 95, 24, 34, 97, 63, -4, 185, 
-92, 43, 136, 24, -114, 90, 24, 34, 97, 63, -4, 185, 
-92, 39, 131, 26, -112, 85, 24, 34, 92, 58, -4, 185, 
-102, 43, 146, 29, -124, 95, 14, 34, 102, 68, 4, 195, 
-102, 43, 146, 29, -124, 95, 14, 34, 102, 68, 4, 195, 
-97, 48, 146, 24, -122, 97, 14, 34, 107, 68, -4, 190, 
-97, 48, 146, 24, -122, 97, 9, 34, 107, 68, -4, 185, 
-97, 58, 156, 19, -126, 107, 4, 24, 102, 58, -4, 175, 
-97, 63, 161, 17, -129, 112, 4, 24, 97, 58, -4, 175, 
-97, 63, 161, 17, -129, 112, 4, 24, 92, 58, -4, 175, 
-102, 63, 165, 19, -134, 114, 0, 24, 92, 58, 0, 180, 
-102, 73, 175, 14, -139, 124, 0, 19, 102, 58, 0, 180, 
-102, 73, 175, 14, -139, 124, 0, 19, 97, 63, 0, 180, 
-102, 73, 175, 14, -139, 124, 0, 24, 97, 68, 4, 180, 
-102, 73, 175, 14, -139, 124, 0, 24, 97, 68, 4, 180, 
-92, 73, 165, 9, -129, 119, 0, 29, 87, 63, -4, 190, 
-92, 73, 165, 9, -129, 119, 0, 29, 92, 63, -4, 190, 
-97, 73, 170, 12, -134, 122, 0, 29, 97, 63, -4, 190, 
-97, 73, 170, 12, -134, 122, 0, 39, 97, 63, -4, 190, 
-97, 73, 170, 12, -134, 122, 0, 29, 97, 63, -9, 180, 
-92, 73, 165, 9, -129, 119, 0, 29, 97, 63, -9, 180, 
-92, 73, 165, 9, -129, 119, 0, 29, 97, 63, -4, 180, 
-92, 73, 165, 9, -129, 119, 0, 34, 97, 63, -4, 180, 
-102, 73, 175, 14, -139, 124, -4, 24, 97, 63, -4, 190, 
-102, 73, 175, 14, -139, 124, -4, 29, 102, 73, -4, 190, 
-102, 73, 175, 14, -139, 124, -4, 29, 102, 73, -9, 190, 
-102, 68, 170, 17, -136, 119, -4, 34, 107, 73, -9, 190, 
-92, 68, 161, 12, -126, 114, 0, 34, 97, 63, -14, 180, 
-97, 73, 170, 12, -134, 122, 0, 43, 102, 68, -14, 180, 
-97, 73, 170, 12, -134, 122, 0, 43, 107, 68, -14, 180, 
-97, 73, 170, 12, -134, 122, 0, 39, 107, 68, -14, 180, 
-97, 73, 170, 12, -134, 122, -9, 48, 117, 78, -4, 180, 
-97, 78, 175, 9, -136, 126, -9, 48, 117, 78, -4, 180, 
-97, 78, 175, 9, -136, 126, -9, 48, 117, 78, -4, 180, 
-97, 78, 175, 9, -136, 126, -9, 48, 117, 78, 0, 180, 
-107, 87, 195, 9, -151, 141, -9, 39, 107, 73, -9, 180, 
-107, 87, 195, 9, -151, 141, -9, 43, 112, 73, -9, 180, 
-107, 87, 195, 9, -151, 141, -9, 53, 112, 78, -9, 180, 
-107, 87, 195, 9, -151, 141, -9, 53, 122, 87, -9, 180, 
-97, 78, 175, 9, -136, 126, 0, 53, 122, 87, -19, 180, 
-97, 78, 175, 9, -136, 126, 0, 53, 131, 87, -19, 180, 
-97, 78, 175, 9, -136, 126, 0, 53, 131, 87, -19, 180, 
-97, 78, 175, 9, -136, 126, 0, 53, 131, 87, -14, 180, 
-87, 78, 165, 4, -126, 122, -9, 58, 131, 92, -14, 180, 
-92, 78, 170, 7, -131, 124, -9, 58, 136, 92, -14, 180, 
-92, 78, 170, 7, -131, 124, -9, 63, 136, 97, -9, 185, 
-92, 78, 170, 7, -131, 124, -9, 68, 136, 97, -9, 185, 
-102, 87, 190, 7, -146, 139, -4, 73, 136, 97, 0, 175, 
-102, 87, 190, 7, -146, 139, -4, 73, 146, 97, 4, 175, 
-97, 87, 185, 4, -141, 136, 0, 87, 151, 107, 4, 180, 
-97, 87, 185, 4, -141, 136, 0, 87, 161, 107, 4, 180, 
-97, 78, 175, 9, -136, 126, 0, 92, 165, 112, 9, 190, 
-97, 78, 175, 9, -136, 126, 0, 97, 170, 117, 9, 190, 
-97, 78, 175, 9, -136, 126, 9, 102, 185, 131, 19, 190, 
-97, 78, 175, 9, -136, 126, 9, 102, 190, 141, 24, 195, 
-97, 68, 165, 14, -131, 117, 19, 117, 195, 146, 24, 204, 
-97, 73, 170, 12, -134, 122, 19, 122, 200, 151, 24, 204, 
-97, 73, 170, 12, -134, 122, 24, 126, 209, 151, 24, 204, 
-97, 78, 175, 9, -136, 126, 24, 136, 214, 156, 24, 200, 
-97, 87, 185, 4, -141, 136, 24, 141, 219, 161, 24, 190, 
-97, 87, 185, 4, -141, 136, 24, 141, 224, 165, 24, 195, 
-97, 87, 185, 4, -141, 136, 24, 151, 229, 170, 24, 195, 
-97, 87, 185, 4, -141, 136, 29, 156, 234, 175, 34, 195, 
-97, 92, 190, 2, -143, 141, 24, 156, 244, 175, 24, 195, 
-97, 92, 190, 2, -143, 141, 29, 165, 253, 180, 24, 200, 
-97, 92, 190, 2, -143, 141, 29, 170, 258, 190, 34, 200, 
-97, 92, 190, 2, -143, 141, 29, 180, 263, 200, 39, 200, 
-97, 97, 195, 0, -146, 146, 34, 185, 273, 200, 43, 200, 
-97, 97, 195, 0, -146, 146, 39, 190, 283, 204, 48, 204, 
-97, 97, 195, 0, -146, 146, 43, 200, 292, 219, 48, 204, 
-97, 97, 195, 0, -146, 146, 43, 204, 297, 229, 53, 209, 
-87, 107, 195, -9, -141, 151, 39, 204, 297, 224, 53, 204, 
-87, 117, 204, -14, -146, 161, 34, 214, 307, 234, 58, 204, 
-87, 122, 209, -17, -148, 165, 39, 224, 312, 244, 63, 204, 
-82, 126, 209, -21, -146, 168, 34, 224, 317, 248, 68, 204, 
-78, 126, 204, -24, -141, 165, 34, 239, 322, 253, 73, 204, 
-78, 126, 204, -24, -141, 165, 43, 253, 341, 263, 78, 209, 
-82, 122, 204, -19, -143, 163, 43, 258, 356, 268, 78, 209, 
-82, 122, 204, -19, -143, 163, 43, 268, 370, 278, 82, 209, 
-82, 136, 219, -26, -151, 178, 53, 268, 366, 273, 87, 214, 
-82, 136, 219, -26, -151, 178, 53, 273, 370, 287, 92, 219, 
-82, 136, 219, -26, -151, 178, 53, 278, 375, 297, 97, 219, 
-82, 141, 224, -29, -153, 183, 53, 283, 375, 297, 102, 224, 
-78, 141, 219, -31, -148, 180, 43, 292, 385, 312, 97, 224, 
-73, 146, 219, -36, -146, 183, 43, 292, 390, 317, 102, 224, 
-73, 146, 219, -36, -146, 183, 43, 292, 395, 322, 107, 224, 
-73, 151, 224, -39, -148, 187, 43, 297, 400, 326, 112, 224, 
-68, 156, 224, -43, -146, 190, 48, 302, 409, 326, 122, 224, 
-68, 156, 224, -43, -146, 190, 53, 307, 414, 331, 126, 229, 
-63, 156, 219, -46, -141, 187, 53, 307, 419, 336, 126, 229, 
-63, 161, 224, -48, -143, 192, 58, 307, 424, 341, 126, 229, 
-63, 161, 224, -48, -143, 192, 48, 307, 414, 341, 117, 234, 
-63, 151, 214, -43, -139, 183, 48, 307, 419, 341, 122, 234, 
-63, 161, 224, -48, -143, 192, 48, 307, 419, 341, 126, 234, 
-53, 161, 214, -53, -134, 187, 43, 302, 414, 341, 126, 234, 
-48, 170, 219, -61, -134, 195, 34, 302, 409, 341, 126, 234, 
-48, 170, 219, -61, -134, 195, 34, 297, 409, 341, 126, 234, 
-48, 170, 219, -61, -134, 195, 34, 287, 409, 336, 122, 234, 
-43, 170, 214, -63, -129, 192, 29, 287, 409, 336, 122, 239, 
-48, 170, 219, -61, -134, 195, 29, 287, 409, 341, 122, 239, 
-48, 165, 214, -58, -131, 190, 24, 278, 400, 336, 122, 239, 
-48, 161, 209, -56, -129, 185, 24, 273, 395, 336, 117, 239, 
-39, 156, 195, -58, -117, 175, 24, 258, 385, 326, 117, 234, 
-39, 165, 204, -63, -122, 185, 19, 244, 385, 317, 117, 234, 
-39, 165, 204, -63, -122, 185, 9, 239, 370, 312, 117, 234, 
-39, 156, 195, -58, -117, 175, 4, 229, 361, 307, 117, 234, 
-29, 156, 185, -63, -107, 170, 0, 219, 356, 302, 107, 234, 
-29, 146, 175, -58, -102, 161, -4, 214, 356, 302, 117, 234, 
-29, 146, 175, -58, -102, 161, 0, 204, 341, 292, 107, 234, 
-29, 141, 170, -56, -100, 156, 0, 195, 336, 283, 107, 229, 
-29, 136, 165, -53, -97, 151, -4, 180, 322, 278, 102, 229, 
-24, 136, 161, -56, -92, 148, -9, 175, 317, 268, 87, 239, 
-24, 136, 161, -56, -92, 148, -9, 156, 307, 258, 82, 239, 
-24, 136, 161, -56, -92, 148, -19, 151, 292, 244, 73, 234, 
-24, 136, 161, -56, -92, 148, -24, 136, 278, 224, 68, 234, 
-24, 131, 156, -53, -90, 143, -39, 122, 253, 204, 53, 224, 
-24, 126, 151, -51, -87, 139, -43, 107, 239, 195, 53, 219, 
-24, 126, 151, -51, -87, 139, -48, 97, 224, 190, 53, 219, 
-24, 126, 151, -51, -87, 139, -53, 82, 214, 175, 43, 219, 
-24, 136, 161, -56, -92, 148, -43, 58, 209, 180, 53, 219, 
-24, 131, 156, -53, -90, 143, -48, 53, 204, 165, 39, 214, 
-24, 126, 151, -51, -87, 139, -53, 48, 185, 161, 34, 214, 
-24, 122, 146, -48, -85, 134, -58, 34, 175, 141, 29, 209, 
-24, 117, 141, -46, -82, 129, -58, 24, 151, 131, 9, 200, 
-24, 117, 141, -46, -82, 129, -58, 19, 146, 122, 0, 200, 
-24, 112, 136, -43, -80, 124, -63, 4, 141, 117, 0, 200, 
-24, 112, 136, -43, -80, 124, -68, -4, 131, 112, 0, 195, 
-34, 97, 131, -31, -82, 114, -73, 4, 136, 92, 0, 200, 
-34, 97, 131, -31, -82, 114, -73, -4, 122, 82, 0, 200, 
-34, 97, 131, -31, -82, 114, -73, -14, 117, 73, -4, 200, 
-39, 92, 131, -26, -85, 112, -78, -14, 112, 73, -9, 200, 
-48, 92, 141, -21, -95, 117, -68, -19, 107, 78, -4, 195, 
-48, 92, 141, -21, -95, 117, -68, -19, 97, 73, -9, 195, 
-43, 92, 136, -24, -90, 114, -68, -24, 92, 73, -9, 195, 
-43, 82, 126, -19, -85, 104, -73, -29, 92, 68, -9, 195, 
-43, 87, 131, -21, -87, 109, -73, -39, 78, 48, -24, 180, 
-53, 87, 141, -17, -97, 114, -73, -48, 78, 48, -24, 180, 
-53, 87, 141, -17, -97, 114, -68, -53, 78, 43, -24, 180, 
-48, 87, 136, -19, -92, 112, -68, -53, 78, 43, -24, 180, 
-48, 82, 131, -17, -90, 107, -78, -48, 73, 39, -29, 190, 
-53, 73, 126, -9, -90, 100, -78, -48, 73, 34, -34, 185, 
-53, 68, 122, -7, -87, 95, -78, -48, 68, 34, -39, 185, 
-53, 63, 117, -4, -85, 90, -78, -48, 68, 29, -39, 185, 
-58, 73, 131, -7, -95, 102, -78, -63, 53, 24, -39, 185, 
-58, 73, 131, -7, -95, 102, -78, -68, 48, 24, -43, 185, 
-58, 73, 131, -7, -95, 102, -78, -68, 48, 24, -43, 185, 
-63, 68, 131, -2, -97, 100, -73, -63, 53, 24, -43, 185, 
-53, 68, 122, -7, -87, 95, -73, -63, 48, 24, -43, 180, 
-53, 68, 122, -7, -87, 95, -73, -63, 48, 24, -43, 175, 
-53, 68, 122, -7, -87, 95, -73, -68, 48, 24, -43, 175, 
-58, 68, 126, -4, -92, 97, -68, -68, 48, 24, -43, 175, 
-68, 68, 136, 0, -102, 102, -78, -63, 48, 24, -43, 170, 
-68, 68, 136, 0, -102, 102, -78, -63, 43, 24, -43, 170, 
-68, 63, 131, 2, -100, 97, -78, -58, 43, 19, -43, 170, 
-68, 63, 131, 2, -100, 97, -78, -58, 48, 19, -43, 170, 
-58, 63, 122, -2, -90, 92, -68, -63, 48, 9, -43, 175, 
-58, 63, 122, -2, -90, 92, -68, -68, 48, 9, -48, 175, 
-63, 63, 126, 0, -95, 95, -68, -68, 53, 9, -48, 175, 
-63, 63, 126, 0, -95, 95, -68, -73, 53, 14, -39, 180, 
-68, 53, 122, 7, -95, 87, -68, -63, 53, 24, -39, 190, 
-73, 53, 126, 9, -100, 90, -63, -63, 53, 24, -39, 185, 
-78, 53, 131, 12, -104, 92, -63, -63, 53, 24, -43, 185, 
-82, 53, 136, 14, -109, 95, -63, -58, 53, 24, -43, 185, 
-87, 63, 151, 12, -119, 107, -73, -68, 43, 14, -53, 175, 
-82, 63, 146, 9, -114, 104, -73, -63, 43, 14, -53, 175, 
-78, 68, 146, 4, -112, 107, -68, -63, 43, 14, -53, 170, 
-73, 68, 141, 2, -107, 104, -58, -63, 43, 14, -53, 170, 
-82, 63, 146, 9, -114, 104, -58, -63, 48, 14, -48, 165, 
-82, 63, 146, 9, -114, 104, -63, -63, 48, 19, -48, 165, 
-82, 63, 146, 9, -114, 104, -63, -58, 48, 19, -48, 165, 
-87, 63, 151, 12, -119, 107, -63, -58, 53, 19, -43, 170, 
-87, 58, 146, 14, -117, 102, -53, -48, 53, 34, -29, 175, 
-82, 58, 141, 12, -112, 100, -58, -48, 53, 34, -29, 180, 
-82, 58, 141, 12, -112, 100, -58, -39, 53, 34, -29, 180, 
-82, 53, 136, 14, -109, 95, -53, -39, 53, 34, -29, 185, 
-82, 43, 126, 19, -104, 85, -53, -43, 68, 29, -39, 175, 
-82, 43, 126, 19, -104, 85, -53, -43, 68, 29, -39, 175, 
-87, 43, 131, 21, -109, 87, -53, -39, 68, 29, -39, 175, 
-87, 43, 131, 21, -109, 87, -53, -39, 73, 29, -39, 170, 
-78, 43, 122, 17, -100, 82, -48, -39, 68, 39, -39, 170, 
-78, 43, 122, 17, -100, 82, -43, -34, 68, 39, -39, 175, 
-78, 39, 117, 19, -97, 78, -43, -34, 63, 39, -39, 175, 
-73, 39, 112, 17, -92, 75, -43, -34, 63, 39, -39, 175, 
-73, 34, 107, 19, -90, 70, -48, -39, 73, 39, -29, 175, 
-78, 39, 117, 19, -97, 78, -48, -39, 73, 39, -34, 175, 
-78, 39, 117, 19, -97, 78, -48, -39, 73, 43, -34, 175, 
-78, 39, 117, 19, -97, 78, -53, -39, 73, 43, -34, 175, 
-87, 48, 136, 19, -112, 92, -53, -34, 78, 43, -39, 175, 
-87, 48, 136, 19, -112, 92, -53, -34, 78, 43, -39, 175, 
-87, 48, 136, 19, -112, 92, -48, -34, 78, 43, -34, 175, 
-87, 48, 136, 19, -112, 92, -48, -34, 78, 43, -34, 175, 
-78, 48, 126, 14, -102, 87, -48, -34, 68, 48, -34, 175, 
-78, 48, 126, 14, -102, 87, -48, -34, 68, 48, -34, 175, 
-78, 48, 126, 14, -102, 87, -43, -34, 68, 48, -34, 175, 
-73, 48, 122, 12, -97, 85, -43, -34, 68, 48, -34, 175, 
-68, 48, 117, 9, -92, 82, -48, -34, 68, 48, -34, 185, 
-68, 43, 112, 12, -90, 78, -48, -34, 68, 48, -34, 185, 
-73, 43, 117, 14, -95, 80, -48, -34, 68, 48, -34, 185, 
-73, 48, 122, 12, -97, 85, -48, -34, 68, 48, -34, 185, 
-63, 48, 112, 7, -87, 80, -48, -24, 73, 53, -34, 180, 
-63, 48, 112, 7, -87, 80, -48, -24, 78, 53, -34, 175, 
-68, 48, 117, 9, -92, 82, -48, -24, 82, 53, -34, 170, 
-68, 48, 117, 9, -92, 82, -48, -24, 87, 58, -34, 165, 
-68, 39, 107, 14, -87, 73, -48, -24, 87, 58, -34, 175, 
-68, 39, 107, 14, -87, 73, -48, -24, 87, 58, -34, 175, 
-68, 34, 102, 17, -85, 68, -48, -24, 87, 53, -34, 175, 
-68, 34, 102, 17, -85, 68, -48, -24, 87, 53, -34, 175, 
-78, 34, 112, 21, -95, 73, -48, -24, 73, 53, -29, 175, 
-78, 34, 112, 21, -95, 73, -48, -24, 73, 53, -29, 175, 
-78, 29, 107, 24, -92, 68, -48, -24, 78, 53, -29, 175, 
-78, 29, 107, 24, -92, 68, -43, -24, 78, 53, -29, 175, 
-68, 43, 112, 12, -90, 78, -53, -39, 73, 58, -34, 175, 
-68, 43, 112, 12, -90, 78, -53, -39, 73, 58, -34, 170, 
-68, 43, 112, 12, -90, 78, -53, -39, 73, 63, -29, 170, 
-68, 43, 112, 12, -90, 78, -53, -39, 73, 63, -24, 175, 
-78, 43, 122, 17, -100, 82, -43, -29, 73, 53, -34, 175, 
-78, 43, 122, 17, -100, 82, -43, -29, 73, 53, -39, 175, 
-78, 39, 117, 19, -97, 78, -43, -29, 68, 48, -39, 175, 
-78, 39, 117, 19, -97, 78, -43, -29, 68, 48, -43, 175, 
-78, 34, 112, 21, -95, 73, -53, -39, 68, 58, -43, 175, 
-78, 34, 112, 21, -95, 73, -53, -39, 68, 58, -39, 175, 
-78, 34, 112, 21, -95, 73, -53, -39, 68, 53, -34, 175, 
-78, 34, 112, 21, -95, 73, -53, -39, 68, 53, -34, 175, 
-68, 34, 102, 17, -85, 68, -43, -29, 73, 43, -29, 175, 
-68, 34, 102, 17, -85, 68, -43, -34, 73, 43, -24, 175, 
-68, 34, 102, 17, -85, 68, -43, -39, 73, 43, -24, 175, 
-68, 34, 102, 17, -85, 68, -43, -39, 73, 43, -19, 175, 
-78, 34, 112, 21, -95, 73, -43, -39, 73, 43, -24, 175, 
-78, 34, 112, 21, -95, 73, -43, -39, 73, 48, -24, 175, 
-78, 34, 112, 21, -95, 73, -43, -39, 73, 48, -29, 175, 
-78, 34, 112, 21, -95, 73, -43, -39, 73, 43, -34, 175, 
-68, 34, 102, 17, -85, 68, -43, -39, 73, 53, -39, 170, 
-68, 34, 102, 17, -85, 68, -39, -39, 73, 48, -39, 170, 
-68, 34, 102, 17, -85, 68, -39, -39, 73, 48, -39, 170, 
-68, 34, 102, 17, -85, 68, -39, -39, 68, 48, -34, 165, 
-73, 34, 107, 19, -90, 70, -39, -29, 68, 48, -34, 165, 
-73, 34, 107, 19, -90, 70, -39, -34, 68, 48, -34, 165, 
-73, 34, 107, 19, -90, 70, -39, -34, 68, 48, -34, 165, 
-73, 34, 107, 19, -90, 70, -39, -34, 68, 53, -29, 165, 
-78, 24, 102, 26, -90, 63, -48, -43, 58, 53, -39, 165, 
-78, 24, 102, 26, -90, 63, -48, -43, 58, 48, -39, 165, 
-78, 24, 102, 26, -90, 63, -48, -43, 58, 48, -39, 170, 
-78, 19, 97, 29, -87, 58, -48, -43, 58, 48, -39, 170, 
-78, 19, 97, 29, -87, 58, -48, -43, 58, 48, -29, 170, 
-78, 24, 102, 26, -90, 63, -48, -43, 58, 48, -29, 170, 
-78, 24, 102, 26, -90, 63, -48, -43, 58, 48, -29, 175, 
-78, 24, 102, 26, -90, 63, -48, -43, 58, 48, -29, 175, 
-68, 24, 92, 21, -80, 58, -48, -53, 58, 39, -34, 175, 
-68, 24, 92, 21, -80, 58, -48, -53, 58, 43, -34, 170, 
-68, 24, 92, 21, -80, 58, -48, -48, 58, 43, -34, 170, 
-68, 24, 92, 21, -80, 58, -48, -48, 58, 43, -34, 170, 
-78, 34, 112, 21, -95, 73, -39, -39, 63, 48, -24, 161, 
-82, 29, 112, 26, -97, 70, -39, -39, 63, 48, -24, 161, 
-82, 24, 107, 29, -95, 65, -39, -39, 63, 43, -24, 161, 
-82, 24, 107, 29, -95, 65, -39, -39, 58, 43, -29, 161, 
-82, 19, 102, 31, -92, 61, -48, -29, 68, 53, -29, 170, 
-82, 19, 102, 31, -92, 61, -48, -29, 68, 53, -29, 170, 
-82, 24, 107, 29, -95, 65, -48, -34, 68, 53, -29, 170, 
-82, 29, 112, 26, -97, 70, -48, -34, 68, 58, -24, 170, 
-73, 29, 102, 21, -87, 65, -39, -34, 63, 48, -24, 170, 
-73, 29, 102, 21, -87, 65, -39, -34, 58, 48, -29, 170, 
-73, 29, 102, 21, -87, 65, -39, -34, 53, 48, -34, 170, 
-73, 29, 102, 21, -87, 65, -39, -34, 48, 53, -39, 170, 
-73, 29, 102, 21, -87, 65, -48, -39, 58, 43, -48, 161, 
-73, 29, 102, 21, -87, 65, -43, -43, 58, 39, -48, 161, 
-73, 24, 97, 24, -85, 61, -43, -48, 58, 39, -48, 161, 
-73, 24, 97, 24, -85, 61, -48, -53, 58, 39, -48, 161, 
-73, 24, 97, 24, -85, 61, -58, -63, 48, 48, -43, 170, 
-73, 19, 92, 26, -82, 56, -58, -58, 53, 48, -39, 170, 
-73, 14, 87, 29, -80, 51, -58, -58, 53, 48, -34, 170, 
-73, 14, 87, 29, -80, 51, -53, -53, 53, 48, -34, 170, 
-73, 14, 87, 29, -80, 51, -53, -43, 58, 48, -43, 170, 
-73, 14, 87, 29, -80, 51, -53, -48, 63, 58, -39, 170, 
-68, 14, 82, 26, -75, 48, -48, -48, 68, 58, -34, 170, 
-68, 14, 82, 26, -75, 48, -43, -39, 73, 48, -29, 175, 
-73, 24, 97, 24, -85, 61, -43, -48, 63, 48, -29, 175, 
-73, 29, 102, 21, -87, 65, -43, -48, 63, 48, -29, 175, 
-73, 34, 107, 19, -90, 70, -43, -48, 68, 48, -34, 175, 
-73, 34, 107, 19, -90, 70, -43, -48, 68, 53, -34, 175, 
-68, 34, 102, 17, -85, 68, -34, -48, 68, 53, -34, 165, 
-68, 34, 102, 17, -85, 68, -34, -43, 68, 53, -29, 165, 
-73, 34, 107, 19, -90, 70, -34, -43, 68, 53, -24, 170, 
-73, 34, 107, 19, -90, 70, -34, -39, 68, 53, -19, 175, 
-73, 34, 107, 19, -90, 70, -34, -24, 82, 68, -19, 185, 
-68, 34, 102, 17, -85, 68, -34, -24, 82, 68, -24, 185, 
-68, 34, 102, 17, -85, 68, -29, -24, 82, 68, -29, 185, 
-68, 34, 102, 17, -85, 68, -19, -24, 82, 68, -29, 185, 
-63, 43, 107, 9, -85, 75, -4, -14, 92, 82, -14, 185, 
-63, 43, 107, 9, -85, 75, 4, -14, 102, 82, -14, 185, 
-63, 43, 107, 9, -85, 75, -4, -14, 107, 87, -14, 185, 
-63, 43, 107, 9, -85, 75, -4, -14, 112, 87, -14, 185, 
-58, 58, 117, 0, -87, 87, -4, 4, 112, 92, 0, 195, 
-53, 68, 122, -7, -87, 95, -4, 9, 112, 92, 0, 195, 
-53, 78, 131, -12, -92, 104, -4, 24, 117, 92, 4, 195, 
-58, 82, 141, -12, -100, 112, -9, 29, 122, 97, 9, 195, 
-48, 87, 136, -19, -92, 112, 0, 34, 131, 102, 0, 204, 
-48, 87, 136, -19, -92, 112, 4, 34, 136, 102, 4, 204, 
-48, 87, 136, -19, -92, 112, 4, 39, 136, 102, 4, 204, 
-48, 87, 136, -19, -92, 112, 9, 39, 136, 102, 4, 209, 
-48, 78, 126, -14, -87, 102, 9, 29, 136, 102, 4, 209, 
-48, 78, 126, -14, -87, 102, 9, 29, 136, 102, 4, 214, 
-48, 78, 126, -14, -87, 102, 4, 29, 136, 102, 9, 214, 
-48, 78, 126, -14, -87, 102, 0, 24, 136, 102, 9, 209, 
-58, 68, 126, -4, -92, 97, -14, 14, 126, 92, -4, 200, 
-58, 63, 122, -2, -90, 92, -14, 4, 117, 82, -9, 195, 
-58, 58, 117, 0, -87, 87, -29, -4, 112, 82, -9, 190, 
-58, 58, 117, 0, -87, 87, -34, -14, 107, 82, -9, 185, 
-58, 53, 112, 2, -85, 82, -39, -24, 97, 73, -19, 185, 
-58, 48, 107, 4, -82, 78, -43, -29, 97, 73, -14, 185, 
-58, 39, 97, 9, -78, 68, -48, -34, 92, 73, -14, 180, 
-58, 34, 92, 12, -75, 63, -58, -43, 87, 73, -9, 180, 
-58, 39, 97, 9, -78, 68, -48, -34, 92, 82, -9, 180, 
-48, 39, 87, 4, -68, 63, -53, -43, 82, 73, -14, 180, 
-53, 39, 92, 7, -73, 65, -68, -53, 78, 63, -14, 180, 
-68, 39, 107, 14, -87, 73, -73, -53, 78, 63, -19, 180, 
-48, 39, 87, 4, -68, 63, -68, -48, 78, 58, -19, 175, 
-58, 29, 87, 14, -73, 58, -78, -53, 68, 48, -29, 175, 
-58, 29, 87, 14, -73, 58, -78, -58, 68, 48, -29, 175, 
-58, 29, 87, 14, -73, 58, -78, -63, 68, 48, -29, 175, 
-58, 29, 87, 14, -73, 58, -78, -68, 68, 48, -29, 175, 
-58, 24, 82, 17, -70, 53, -78, -68, 68, 48, -29, 175, 
-58, 19, 78, 19, -68, 48, -78, -68, 68, 48, -29, 175, 
-58, 14, 73, 21, -65, 43, -78, -68, 68, 48, -29, 175, 
-58, 9, 68, 24, -63, 39, -78, -68, 68, 48, -29, 175, 
-58, 19, 78, 19, -68, 48, -78, -68, 58, 43, -39, 170, 
-58, 19, 78, 19, -68, 48, -78, -68, 58, 39, -39, 165, 
-63, 14, 78, 24, -70, 46, -78, -68, 58, 34, -39, 161, 
-68, 0, 68, 34, -68, 34, -78, -73, 58, 29, -39, 161, 
-73, 9, 82, 31, -78, 46, -68, -78, 58, 39, -48, 161, 
-73, 4, 78, 34, -75, 41, -68, -78, 58, 39, -53, 161, 
-73, 0, 73, 36, -73, 36, -68, -78, 58, 39, -58, 161, 
-73, 0, 73, 36, -73, 36, -68, -82, 58, 43, -58, 156, 
-78, -4, 73, 41, -75, 34, -73, -82, 53, 34, -48, 165, 
-78, -9, 68, 43, -73, 29, -73, -82, 53, 34, -43, 165, 
-73, -14, 58, 43, -65, 21, -73, -82, 53, 34, -43, 161, 
-73, -19, 53, 46, -63, 17, -73, -92, 53, 29, -43, 161, 
-82, -9, 73, 46, -78, 31, -63, -82, 53, 39, -43, 151, 
-78, -19, 58, 48, -68, 19, -63, -78, 53, 39, -43, 146, 
-78, -19, 58, 48, -68, 19, -58, -78, 53, 34, -43, 146, 
-78, -24, 53, 51, -65, 14, -58, -78, 53, 34, -43, 146, 
-68, -34, 34, 51, -51, 0, -58, -78, 58, 34, -48, 146, 
-68, -34, 34, 51, -51, 0, -58, -82, 53, 34, -48, 146, 
-68, -34, 34, 51, -51, 0, -58, -87, 53, 29, -48, 141, 
-63, -34, 29, 48, -46, -2, -58, -87, 53, 29, -48, 141, 
-53, -34, 19, 43, -36, -7, -63, -82, 48, 29, -48, 156, 
-53, -34, 19, 43, -36, -7, -63, -82, 48, 34, -48, 156, 
-43, -29, 14, 36, -29, -7, -63, -82, 48, 34, -43, 156, 
-39, -24, 14, 31, -26, -4, -63, -87, 48, 34, -43, 156, 
-39, -24, 14, 31, -26, -4, -63, -87, 48, 43, -43, 156, 
-39, -19, 19, 29, -29, 0, -63, -82, 48, 43, -43, 161, 
-39, -19, 19, 29, -29, 0, -63, -82, 53, 43, -43, 161, 
-48, -14, 34, 31, -41, 9, -63, -73, 53, 43, -39, 161, 
-48, 0, 48, 24, -48, 24, -58, -73, 68, 53, -39, 161, 
-53, 0, 53, 26, -53, 26, -53, -73, 73, 53, -34, 161, 
-58, 0, 58, 29, -58, 29, -48, -68, 73, 58, -34, 161, 
-68, -4, 63, 36, -65, 29, -43, -63, 73, 58, -34, 161, 
-87, 4, 92, 41, -90, 48, -43, -53, 78, 58, -43, 161, 
-87, 4, 92, 41, -90, 48, -39, -53, 78, 58, -43, 161, 
-92, 4, 97, 43, -95, 51, -39, -53, 78, 53, -48, 161, 
-97, 4, 102, 46, -100, 53, -34, -58, 73, 53, -48, 161, 
-92, 4, 97, 43, -95, 51, -34, -58, 63, 43, -43, 161, 
-92, 0, 92, 46, -92, 46, -34, -58, 63, 43, -43, 156, 
-92, 0, 92, 46, -92, 46, -34, -58, 63, 43, -43, 156, 
-87, 0, 87, 43, -87, 43, -34, -58, 63, 43, -43, 156, 
-87, -9, 78, 48, -82, 34, -24, -58, 68, 53, -43, 156, 
-87, -14, 73, 51, -80, 29, -24, -53, 73, 53, -43, 161, 
-92, -19, 73, 56, -82, 26, -24, -53, 78, 53, -43, 161, 
-92, -24, 68, 58, -80, 21, -24, -53, 82, 53, -43, 161, 
-92, -24, 68, 58, -80, 21, -29, -53, 82, 63, -34, 161, 
-97, -24, 73, 61, -85, 24, -29, -53, 82, 63, -34, 161, 
-97, -29, 68, 63, -82, 19, -19, -53, 82, 63, -34, 161, 
-97, -29, 68, 63, -82, 19, -19, -53, 82, 63, -34, 161, 
-97, -19, 78, 58, -87, 29, -29, -53, 73, 58, -34, 161, 
-97, -19, 78, 58, -87, 29, -29, -53, 73, 58, -34, 161, 
-97, -19, 78, 58, -87, 29, -34, -53, 73, 58, -34, 161, 
-97, -19, 78, 58, -87, 29, -34, -53, 73, 63, -34, 161, 
-97, -29, 68, 63, -82, 19, -14, -53, 73, 53, -34, 161, 
-97, -29, 68, 63, -82, 19, -14, -53, 73, 58, -34, 161, 
-92, -29, 63, 61, -78, 17, -14, -53, 78, 58, -34, 161, 
-92, -29, 63, 61, -78, 17, -19, -53, 78, 58, -34, 161, 
-102, -19, 82, 61, -92, 31, -19, -53, 68, 68, -34, 161, 
-107, -14, 92, 61, -100, 39, -19, -53, 68, 68, -34, 161, 
-107, -14, 92, 61, -100, 39, -19, -53, 68, 68, -34, 161, 
-102, -14, 87, 58, -95, 36, -19, -53, 68, 68, -34, 161, 
-92, -4, 87, 48, -90, 41, -29, -63, 78, 58, -43, 161, 
-92, -4, 87, 48, -90, 41, -29, -63, 78, 58, -43, 161, 
-92, -9, 82, 51, -87, 36, -19, -58, 78, 58, -43, 161, 
-92, -9, 82, 51, -87, 36, -19, -58, 78, 58, -43, 161, 
-82, -19, 63, 51, -73, 21, -24, -58, 68, 58, -43, 161, 
-82, -19, 63, 51, -73, 21, -24, -58, 68, 58, -43, 161, 
-82, -14, 68, 48, -75, 26, -29, -58, 68, 58, -43, 161, 
-82, -14, 68, 48, -75, 26, -29, -58, 68, 58, -43, 161, 
-92, -14, 78, 53, -85, 31, -29, -58, 78, 58, -39, 170, 
-92, -14, 78, 53, -85, 31, -29, -58, 78, 53, -39, 170, 
-92, -14, 78, 53, -85, 31, -29, -58, 78, 53, -39, 170, 
-92, -14, 78, 53, -85, 31, -29, -58, 78, 58, -34, 170, 
-102, -14, 87, 58, -95, 36, -14, -48, 78, 63, -24, 161, 
-102, -14, 87, 58, -95, 36, -14, -48, 78, 68, -24, 161, 
-102, -9, 92, 56, -97, 41, -14, -48, 82, 73, -24, 161, 
-107, -9, 97, 58, -102, 43, -14, -48, 82, 78, -24, 161, 
-97, -9, 87, 53, -92, 39, -14, -48, 68, 58, -34, 161, 
-97, -9, 87, 53, -92, 39, -4, -39, 78, 68, -24, 161, 
-97, -9, 87, 53, -92, 39, -14, -29, 97, 87, -14, 161, 
-102, -4, 97, 53, -100, 46, -24, -34, 102, 82, -19, 161, 
-102, -9, 92, 56, -97, 41, -14, -43, 87, 82, -19, 161, 
-102, -9, 92, 56, -97, 41, 0, -43, 102, 92, -19, 170, 
-107, -4, 102, 56, -104, 48, -9, -39, 112, 102, -14, 165, 
-107, 4, 112, 51, -109, 58, -19, -34, 117, 107, -4, 165, 
-102, -4, 97, 53, -100, 46, -9, -19, 126, 107, 0, 165, 
-97, -9, 87, 53, -92, 39, -9, -14, 141, 122, 14, 165, 
-107, -4, 102, 56, -104, 48, -24, -14, 146, 131, 4, 170, 
-102, 4, 107, 48, -104, 56, -34, -19, 146, 141, 9, 170, 
-92, 4, 97, 43, -95, 51, -39, -24, 156, 146, 24, 170, 
-78, 0, 78, 39, -78, 39, -53, -43, 151, 165, 43, 190, 
-48, 9, 58, 19, -53, 34, -78, -78, 141, 195, 82, 214, 
-9, 43, 53, -17, -31, 48, -107, -97, 136, 224, 122, 239, 
4, 58, 53, -31, -24, 56, -112, -136, 117, 234, 151, 268, 
19, 63, 43, -41, -12, 53, -156, -219, 39, 204, 175, 297, 
82, 68, -14, -75, 48, 26, -239, -361, -53, 175, 195, 331, 
165, 68, -97, -117, 131, -14, -322, -517, -185, 117, 209, 356, 
239, 82, -156, -161, 197, -36, -395, -639, -312, 58, 209, 385, 
302, 126, -175, -214, 239, -24, -458, -717, -361, 39, 239, 419, 
361, 146, -214, -253, 287, -34, -507, -780, -400, 19, 248, 429, 
419, 126, -292, -273, 356, -82, -585, -883, -488, -48, 200, 409, 
502, 102, -400, -302, 451, -148, -668, -1000, -600, -136, 122, 375, 
595, 102, -492, -348, 544, -195, -717, -1063, -644, -161, 87, 351, 
658, 122, -536, -390, 597, -207, -732, -1078, -639, -141, 73, 351, 
712, 117, -595, -414, 653, -239, -732, -1073, -639, -141, 48, 326, 
736, 73, -663, -405, 700, -295, -712, -1054, -624, -170, -9, 287, 
751, 39, -712, -395, 732, -336, -673, -1005, -595, -180, -63, 248, 
775, 34, -741, -405, 758, -353, -653, -936, -566, -170, -82, 239, 
814, 43, -771, -429, 793, -363, -663, -873, -517, -161, -92, 248, 
854, 39, -814, -446, 834, -387, -663, -824, -473, -165, -102, 239, 
844, 19, -824, -431, 834, -402, -653, -785, -444, -161, -112, 219, 
785, 14, -771, -400, 778, -378, -619, -707, -380, -126, -82, 239, 
673, 68, -605, -370, 639, -268, -527, -561, -263, -29, -4, 287, 
483, 112, -370, -297, 427, -129, -400, -419, -131, 68, 68, 336, 
312, 92, -219, -202, 265, -63, -302, -331, -58, 92, 78, 317, 
244, 73, -170, -158, 207, -48, -263, -283, -39, 87, 58, 292, 
165, 63, -102, -114, 134, -19, -219, -224, -9, 82, 58, 283, 
73, 43, -29, -58, 51, 7, -156, -175, 24, 92, 43, 268, 
39, 43, 4, -41, 17, 24, -112, -141, 53, 107, 43, 248, 
29, 53, 24, -41, 2, 39, -87, -102, 73, 117, 39, 239, 
-9, 29, 39, -9, -24, 34, -68, -78, 82, 107, 19, 204, 
-19, 9, 29, 4, -24, 19, -48, -63, 82, 87, -9, 170, 
-19, 24, 43, -2, -31, 34, -24, -43, 92, 92, -19, 165, 
-39, 24, 63, 7, -51, 43, -4, -24, 102, 107, 0, 170, 
-53, 19, 73, 17, -63, 46, -19, -29, 112, 102, 0, 180, 
-48, 9, 58, 19, -53, 34, -29, -29, 112, 102, -4, 180, 
-53, 0, 53, 26, -53, 26, -24, -19, 126, 122, 9, 180, 
-78, 9, 87, 34, -82, 48, -9, -4, 141, 136, 9, 185, 
-82, 9, 92, 36, -87, 51, 0, -9, 131, 126, 0, 175, 
-92, 14, 107, 39, -100, 61, 4, -4, 136, 126, -4, 175, 
-92, 14, 107, 39, -100, 61, 9, 4, 136, 117, -4, 165, 
-92, 14, 107, 39, -100, 61, 14, 9, 136, 112, -4, 161, 
-87, -4, 82, 46, -85, 39, 14, 9, 146, 112, -9, 146, 
-87, -9, 78, 48, -82, 34, 14, 9, 146, 112, -14, 146, 
-92, -9, 82, 51, -87, 36, 14, 9, 146, 117, -14, 146, 
-92, -9, 82, 51, -87, 36, 9, 9, 146, 117, -14, 146, 
-107, 9, 117, 48, -112, 63, 9, 9, 141, 112, -19, 161, 
-112, 9, 122, 51, -117, 65, 9, 14, 141, 112, -14, 161, 
-112, 9, 122, 51, -117, 65, 14, 19, 146, 117, -14, 165, 
-112, 9, 122, 51, -117, 65, 14, 19, 151, 117, -19, 165, 
-112, 4, 117, 53, -114, 61, 19, 24, 161, 122, -14, 156, 
-107, 4, 112, 51, -109, 58, 19, 24, 156, 122, -14, 156, 
-107, 0, 107, 53, -107, 53, 24, 24, 156, 122, -14, 151, 
-107, -4, 102, 56, -104, 48, 24, 24, 156, 122, -14, 151, 
-97, -14, 82, 56, -90, 34, 14, 19, 156, 122, -24, 161, 
-97, -14, 82, 56, -90, 34, 14, 19, 156, 122, -24, 161, 
-97, -9, 87, 53, -92, 39, 14, 24, 161, 122, -19, 161, 
-102, -9, 92, 56, -97, 41, 14, 24, 161, 126, -19, 165, 
-102, 9, 112, 46, -107, 61, 24, 34, 156, 131, -14, 165, 
-102, 9, 112, 46, -107, 61, 24, 34, 156, 131, -14, 165, 
-102, 9, 112, 46, -107, 61, 24, 34, 156, 131, -14, 165, 
-102, 9, 112, 46, -107, 61, 24, 34, 151, 126, -14, 165, 
-102, 9, 112, 46, -107, 61, 24, 24, 151, 126, -14, 156, 
-102, 4, 107, 48, -104, 56, 24, 24, 151, 126, -14, 156, 
-97, 4, 102, 46, -100, 53, 24, 24, 156, 126, -24, 151, 
-97, 0, 97, 48, -97, 48, 19, 24, 156, 126, -24, 146, 
-107, 0, 107, 53, -107, 53, 19, 34, 165, 136, -19, 151, 
-107, 4, 112, 51, -109, 58, 24, 34, 165, 136, -14, 156, 
-107, 4, 112, 51, -109, 58, 29, 34, 165, 136, -9, 161, 
-112, 4, 117, 53, -114, 61, 29, 34, 170, 136, 0, 170, 
-102, -4, 97, 53, -100, 46, 19, 39, 180, 136, -9, 161, 
-102, -4, 97, 53, -100, 46, 19, 39, 175, 141, -9, 161, 
-102, -4, 97, 53, -100, 46, 19, 43, 175, 146, -4, 161, 
-102, -4, 97, 53, -100, 46, 19, 43, 175, 146, -4, 161, 
-102, 4, 107, 48, -104, 56, 19, 29, 170, 131, -4, 170, 
-102, 4, 107, 48, -104, 56, 19, 29, 170, 131, -4, 170, 
-107, 4, 112, 51, -109, 58, 19, 29, 170, 131, -4, 170, 
-107, 4, 112, 51, -109, 58, 19, 39, 165, 131, -4, 170, 
-107, 14, 122, 46, -114, 68, 19, 29, 175, 131, -19, 170, 
-102, 14, 117, 43, -109, 65, 19, 29, 175, 131, -19, 170, 
-102, 14, 117, 43, -109, 65, 19, 29, 175, 131, -14, 170, 
-102, 14, 117, 43, -109, 65, 19, 34, 175, 131, -14, 170, 
-102, 4, 107, 48, -104, 56, 14, 43, 185, 141, -9, 161, 
-102, 4, 107, 48, -104, 56, 14, 48, 190, 151, -4, 161, 
-102, 4, 107, 48, -104, 56, 14, 48, 190, 151, -4, 161, 
-102, 0, 102, 51, -102, 51, 14, 53, 195, 151, 0, 161, 
-102, 0, 102, 51, -102, 51, 29, 53, 190, 141, -4, 170, 
-107, 4, 112, 51, -109, 58, 29, 63, 190, 146, -4, 170, 
-107, 4, 112, 51, -109, 58, 29, 63, 190, 146, -4, 170, 
-107, 4, 112, 51, -109, 58, 29, 58, 185, 146, -4, 170, 
-107, -4, 102, 56, -104, 48, 19, 58, 195, 156, 4, 170, 
-107, 0, 107, 53, -107, 53, 19, 58, 195, 156, 4, 170, 
-107, 0, 107, 53, -107, 53, 19, 58, 195, 156, 4, 170, 
-107, 0, 107, 53, -107, 53, 19, 58, 195, 156, 9, 170, 
-107, 0, 107, 53, -107, 53, 29, 58, 195, 161, 9, 170, 
-107, 0, 107, 53, -107, 53, 29, 63, 200, 161, 9, 170, 
-107, 0, 107, 53, -107, 53, 29, 73, 200, 165, 9, 170, 
-107, 0, 107, 53, -107, 53, 29, 73, 209, 175, 9, 170, 
-97, 9, 107, 43, -102, 58, 29, 73, 209, 175, 9, 180, 
-97, 9, 107, 43, -102, 58, 29, 73, 219, 175, 9, 180, 
-97, 9, 107, 43, -102, 58, 29, 73, 219, 175, 9, 180, 
-97, 9, 107, 43, -102, 58, 29, 73, 219, 175, 14, 180, 
-107, 9, 117, 48, -112, 63, 19, 87, 229, 180, 14, 170, 
-112, 9, 122, 51, -117, 65, 19, 87, 234, 180, 14, 170, 
-112, 9, 122, 51, -117, 65, 19, 92, 234, 185, 19, 175, 
-112, 9, 122, 51, -117, 65, 19, 97, 234, 185, 19, 175, 
-102, 19, 122, 41, -112, 70, 34, 102, 234, 195, 9, 165, 
-102, 19, 122, 41, -112, 70, 34, 102, 244, 195, 14, 165, 
-97, 19, 117, 39, -107, 68, 39, 117, 248, 204, 14, 170, 
-97, 19, 117, 39, -107, 68, 39, 117, 258, 204, 14, 170, 
-107, 19, 126, 43, -117, 73, 29, 122, 258, 195, 19, 180, 
-107, 19, 126, 43, -117, 73, 29, 126, 258, 195, 19, 180, 
-107, 19, 126, 43, -117, 73, 39, 131, 268, 204, 29, 180, 
-107, 19, 126, 43, -117, 73, 39, 131, 268, 209, 34, 185, 
-117, 9, 126, 53, -122, 68, 39, 136, 273, 219, 43, 185, 
-117, 14, 131, 51, -124, 73, 39, 141, 278, 229, 43, 185, 
-117, 14, 131, 51, -124, 73, 43, 146, 287, 234, 43, 185, 
-117, 19, 136, 48, -126, 78, 43, 156, 292, 244, 43, 180, 
-107, 19, 126, 43, -117, 73, 43, 161, 297, 239, 53, 180, 
-107, 19, 126, 43, -117, 73, 43, 161, 302, 244, 53, 185, 
-107, 19, 126, 43, -117, 73, 43, 170, 307, 248, 53, 185, 
-107, 19, 126, 43, -117, 73, 48, 175, 312, 253, 63, 185, 
-107, 29, 136, 39, -122, 82, 53, 195, 331, 263, 58, 185, 
-107, 34, 141, 36, -124, 87, 58, 204, 341, 268, 53, 190, 
-107, 39, 146, 34, -126, 92, 58, 209, 346, 278, 58, 190, 
-107, 43, 151, 31, -129, 97, 58, 219, 351, 287, 58, 190, 
-97, 48, 146, 24, -122, 97, 53, 224, 356, 287, 73, 190, 
-97, 48, 146, 24, -122, 97, 58, 229, 370, 292, 78, 195, 
-97, 48, 146, 24, -122, 97, 63, 239, 385, 307, 78, 195, 
-97, 48, 146, 24, -122, 97, 63, 244, 395, 317, 82, 200, 
-107, 48, 156, 29, -131, 102, 73, 263, 405, 331, 82, 204, 
-107, 48, 156, 29, -131, 102, 73, 273, 414, 341, 87, 204, 
-107, 43, 151, 31, -129, 97, 82, 283, 419, 351, 92, 204, 
-102, 39, 141, 31, -122, 90, 82, 283, 424, 356, 97, 204, 
-97, 43, 141, 26, -119, 92, 82, 297, 429, 370, 102, 214, 
-97, 48, 146, 24, -122, 97, 92, 312, 448, 380, 107, 219, 
-102, 48, 151, 26, -126, 100, 92, 317, 463, 385, 107, 219, 
-102, 53, 156, 24, -129, 104, 92, 326, 478, 395, 112, 219, 
-102, 58, 161, 21, -131, 109, 102, 326, 473, 395, 117, 219, 
-102, 58, 161, 21, -131, 109, 102, 331, 478, 405, 122, 219, 
-102, 58, 161, 21, -131, 109, 102, 336, 483, 409, 126, 214, 
-102, 63, 165, 19, -134, 114, 102, 341, 483, 405, 131, 214, 
-97, 68, 165, 14, -131, 117, 102, 351, 492, 400, 126, 224, 
-92, 78, 170, 7, -131, 124, 102, 351, 497, 405, 131, 224, 
-92, 82, 175, 4, -134, 129, 102, 351, 502, 409, 136, 224, 
-92, 92, 185, 0, -139, 139, 102, 356, 507, 414, 141, 224, 
-87, 97, 185, -4, -136, 141, 102, 361, 517, 419, 141, 224, 
-87, 97, 185, -4, -136, 141, 102, 366, 522, 429, 146, 229, 
-82, 97, 180, -7, -131, 139, 97, 366, 527, 439, 146, 229, 
-82, 102, 185, -9, -134, 143, 97, 366, 531, 448, 146, 229, 
-92, 92, 185, 0, -139, 139, 107, 356, 531, 448, 156, 234, 
-92, 82, 175, 4, -134, 129, 107, 356, 536, 448, 161, 234, 
-92, 92, 185, 0, -139, 139, 107, 356, 536, 448, 165, 234, 
-82, 92, 175, -4, -129, 134, 102, 351, 531, 448, 165, 234, 
-78, 82, 161, -2, -119, 122, 102, 356, 536, 458, 170, 244, 
-78, 82, 161, -2, -119, 122, 102, 356, 536, 458, 175, 244, 
-78, 82, 161, -2, -119, 122, 102, 351, 536, 453, 175, 244, 
-73, 82, 156, -4, -114, 119, 97, 356, 536, 453, 180, 248, 
-68, 97, 165, -14, -117, 131, 82, 336, 517, 444, 175, 239, 
-68, 97, 165, -14, -117, 131, 73, 326, 507, 434, 170, 239, 
-68, 97, 165, -14, -117, 131, 68, 322, 502, 429, 161, 239, 
-58, 97, 156, -19, -107, 126, 63, 307, 492, 414, 156, 234, 
-58, 97, 156, -19, -107, 126, 63, 292, 483, 414, 146, 224, 
-58, 97, 156, -19, -107, 126, 58, 287, 468, 409, 146, 224, 
-58, 87, 146, -14, -102, 117, 58, 278, 458, 405, 146, 224, 
-48, 87, 136, -19, -92, 112, 58, 268, 453, 400, 136, 224, 
-48, 87, 136, -19, -92, 112, 48, 253, 444, 380, 136, 224, 
-48, 87, 136, -19, -92, 112, 48, 244, 429, 370, 126, 224, 
-48, 82, 131, -17, -90, 107, 43, 234, 424, 361, 126, 219, 
-48, 78, 126, -14, -87, 102, 34, 219, 409, 356, 122, 219, 
-34, 78, 112, -21, -73, 95, 29, 204, 385, 346, 126, 229, 
-34, 78, 112, -21, -73, 95, 29, 185, 375, 336, 122, 229, 
-34, 78, 112, -21, -73, 95, 19, 180, 361, 322, 112, 224, 
-34, 78, 112, -21, -73, 95, 14, 165, 346, 302, 107, 224, 
-34, 63, 97, -14, -65, 80, 19, 151, 341, 292, 97, 224, 
-34, 58, 92, -12, -63, 75, 14, 136, 326, 283, 92, 219, 
-34, 58, 92, -12, -63, 75, 9, 126, 312, 278, 87, 219, 
-34, 58, 92, -12, -63, 75, 4, 112, 302, 263, 73, 219, 
-34, 58, 92, -12, -63, 75, 4, 97, 287, 268, 78, 209, 
-34, 53, 87, -9, -61, 70, 0, 92, 283, 253, 68, 204, 
-34, 48, 82, -7, -58, 65, -4, 87, 263, 248, 68, 204, 
-34, 43, 78, -4, -56, 61, -9, 73, 253, 229, 68, 200, 
-34, 48, 82, -7, -58, 65, -19, 53, 229, 219, 58, 200, 
-34, 48, 82, -7, -58, 65, -19, 48, 224, 209, 48, 200, 
-34, 43, 78, -4, -56, 61, -24, 34, 219, 204, 48, 200, 
-34, 43, 78, -4, -56, 61, -29, 24, 209, 200, 48, 195, 
-43, 29, 73, 7, -58, 51, -34, 24, 214, 200, 39, 190, 
-43, 29, 73, 7, -58, 51, -34, 14, 200, 190, 39, 190, 
-43, 29, 73, 7, -58, 51, -34, 4, 195, 180, 34, 190, 
-48, 24, 73, 12, -61, 48, -39, 4, 190, 180, 29, 190, 
-48, 14, 63, 17, -56, 39, -29, 0, 185, 165, 14, 185, 
-48, 14, 63, 17, -56, 39, -29, 0, 175, 161, 9, 185, 
-43, 14, 58, 14, -51, 36, -29, -4, 170, 161, 9, 185, 
-43, 4, 48, 19, -46, 26, -34, -9, 170, 156, 9, 185, 
-53, 9, 63, 21, -58, 36, -34, -9, 161, 136, 4, 180, 
-63, 9, 73, 26, -68, 41, -34, -19, 156, 136, 4, 180, 
-63, 9, 73, 26, -68, 41, -29, -24, 151, 131, 4, 180, 
-58, 9, 68, 24, -63, 39, -29, -24, 146, 131, 4, 180, 
-48, 14, 63, 17, -56, 39, -34, -39, 141, 126, 0, 170, 
-53, 14, 68, 19, -61, 41, -39, -39, 141, 122, -4, 165, 
-53, 19, 73, 17, -63, 46, -43, -39, 136, 122, -9, 165, 
-53, 24, 78, 14, -65, 51, -48, -39, 136, 117, -9, 165, 
-58, 14, 73, 21, -65, 43, -39, -43, 122, 122, -4, 175, 
-58, 14, 73, 21, -65, 43, -39, -48, 117, 122, -4, 175, 
-58, 14, 73, 21, -65, 43, -39, -48, 117, 122, 0, 175, 
-63, 9, 73, 26, -68, 41, -34, -43, 122, 122, 4, 175, 
-53, 9, 63, 21, -58, 36, -34, -34, 131, 122, 4, 170, 
-53, 9, 63, 21, -58, 36, -34, -34, 136, 122, 4, 165, 
-53, 9, 63, 21, -58, 36, -34, -39, 141, 122, 4, 165, 
-58, 9, 68, 24, -63, 39, -29, -39, 146, 122, 4, 165, 
-68, 19, 87, 24, -78, 53, -34, -48, 131, 112, -9, 161, 
-68, 19, 87, 24, -78, 53, -39, -53, 122, 112, -14, 161, 
-68, 14, 82, 26, -75, 48, -43, -53, 117, 107, -19, 161, 
-68, 14, 82, 26, -75, 48, -48, -58, 117, 107, -24, 161, 
-58, 14, 73, 21, -65, 43, -39, -48, 126, 117, -9, 165, 
-58, 14, 73, 21, -65, 43, -39, -48, 126, 117, -9, 165, 
-63, 14, 78, 24, -70, 46, -39, -43, 131, 117, -4, 165, 
-63, 14, 78, 24, -70, 46, -39, -43, 131, 122, 9, 170, 
-73, 4, 78, 34, -75, 41, -39, -34, 141, 131, 9, 170, 
-73, 4, 78, 34, -75, 41, -34, -34, 141, 131, 9, 165, 
-73, 4, 78, 34, -75, 41, -34, -34, 141, 131, 4, 165, 
-73, 4, 78, 34, -75, 41, -34, -29, 141, 131, 4, 165, 
-73, 9, 82, 31, -78, 46, -43, -39, 131, 122, -4, 165, 
-73, 14, 87, 29, -80, 51, -43, -34, 131, 122, -4, 165, 
-73, 24, 97, 24, -85, 61, -39, -34, 131, 122, -4, 161, 
-73, 29, 102, 21, -87, 65, -29, -34, 131, 122, -4, 161, 
-73, 24, 97, 24, -85, 61, -19, -24, 146, 122, 0, 165, 
-73, 24, 97, 24, -85, 61, -24, -24, 146, 126, 0, 165, 
-73, 24, 97, 24, -85, 61, -24, -19, 146, 126, 0, 165, 
-78, 24, 102, 26, -90, 63, -24, -19, 151, 126, 4, 170, 
-78, 9, 87, 34, -82, 48, -34, -29, 151, 131, 9, 170, 
-73, 9, 82, 31, -78, 46, -39, -29, 151, 131, 9, 170, 
-73, 9, 82, 31, -78, 46, -39, -19, 151, 131, 9, 165, 
-73, 4, 78, 34, -75, 41, -34, -19, 151, 131, 9, 165, 
-82, 4, 87, 39, -85, 46, -29, -14, 156, 146, 19, 175, 
-82, 4, 87, 39, -85, 46, -24, -14, 156, 146, 19, 175, 
-87, 4, 92, 41, -90, 48, -19, -9, 156, 146, 19, 175, 
-87, 4, 92, 41, -90, 48, -14, -9, 161, 146, 19, 170, 
-78, 14, 92, 31, -85, 53, -14, -19, 165, 136, 9, 161, 
-78, 14, 92, 31, -85, 53, -14, -14, 165, 136, 9, 165, 
-78, 9, 87, 34, -82, 48, -19, -14, 161, 136, 9, 165, 
-73, 9, 82, 31, -78, 46, -24, -14, 161, 136, 9, 165, 
-73, 4, 78, 34, -75, 41, -19, -9, 161, 136, 9, 165, 
-78, 9, 87, 34, -82, 48, -19, -9, 161, 136, 4, 165, 
-78, 9, 87, 34, -82, 48, -19, -9, 161, 141, 4, 165, 
-78, 9, 87, 34, -82, 48, -24, -9, 161, 141, 4, 165, 
-78, 9, 87, 34, -82, 48, -14, 4, 165, 151, 19, 170, 
-78, 9, 87, 34, -82, 48, -14, 4, 165, 151, 19, 175, 
-78, 9, 87, 34, -82, 48, -9, 4, 165, 151, 24, 180, 
-78, 9, 87, 34, -82, 48, -9, 4, 165, 151, 24, 185, 
-78, 19, 97, 29, -87, 58, -9, -4, 165, 146, 24, 175, 
-78, 19, 97, 29, -87, 58, -9, -4, 165, 146, 24, 175, 
-78, 19, 97, 29, -87, 58, -4, -4, 165, 146, 24, 175, 
-73, 19, 92, 26, -82, 56, -4, -4, 165, 146, 24, 175, 
-78, 19, 97, 29, -87, 58, -19, -14, 156, 146, 14, 165, 
-78, 14, 92, 31, -85, 53, -19, -14, 156, 146, 14, 165, 
-82, 14, 97, 34, -90, 56, -19, -14, 156, 146, 14, 165, 
-82, 19, 102, 31, -92, 61, -19, -14, 156, 146, 14, 165, 
-73, 9, 82, 31, -78, 46, -19, -4, 156, 151, 24, 165, 
-73, 9, 82, 31, -78, 46, -19, -4, 156, 151, 24, 165, 
-78, 9, 87, 34, -82, 48, -19, -4, 156, 151, 24, 165, 
-78, 9, 87, 34, -82, 48, -19, -4, 156, 156, 24, 165, 
-78, 9, 87, 34, -82, 48, -9, -4, 165, 146, 14, 175, 
-78, 9, 87, 34, -82, 48, -9, -4, 165, 146, 14, 175, 
-78, 4, 82, 36, -80, 43, -9, -4, 165, 141, 14, 175, 
-78, 4, 82, 36, -80, 43, -9, -4, 165, 141, 14, 175, 
-78, 14, 92, 31, -85, 53, -9, -4, 156, 141, 19, 185, 
-78, 14, 92, 31, -85, 53, -9, -4, 151, 141, 19, 185, 
-78, 9, 87, 34, -82, 48, -9, -4, 151, 141, 19, 185, 
-78, 9, 87, 34, -82, 48, -4, -4, 146, 141, 19, 185, 
-68, 4, 73, 31, -70, 39, -4, -19, 151, 136, 4, 180, 
-68, 4, 73, 31, -70, 39, -4, -19, 151, 136, 4, 170, 
-68, 4, 73, 31, -70, 39, -4, -19, 151, 141, 9, 165, 
-68, 4, 73, 31, -70, 39, -4, -19, 151, 141, 14, 165, 
-78, 4, 82, 36, -80, 43, -14, -19, 151, 141, 14, 165, 
-78, 4, 82, 36, -80, 43, -14, -19, 151, 141, 9, 165, 
-78, 0, 78, 39, -78, 39, -14, -19, 146, 136, 9, 165, 
-78, 0, 78, 39, -78, 39, -14, -19, 146, 136, 4, 165, 
-78, 14, 92, 31, -85, 53, -24, -29, 146, 136, 9, 175, 
-78, 14, 92, 31, -85, 53, -24, -29, 146, 136, 9, 175, 
-78, 14, 92, 31, -85, 53, -24, -29, 146, 131, 9, 175, 
-78, 14, 92, 31, -85, 53, -24, -29, 146, 131, 4, 175, 
-73, 4, 78, 34, -75, 41, -24, -29, 141, 122, 14, 165, 
-68, 4, 73, 31, -70, 39, -24, -34, 141, 122, 14, 165, 
-63, 4, 68, 29, -65, 36, -24, -39, 141, 122, 9, 165, 
-58, 4, 63, 26, -61, 34, -24, -39, 141, 122, 9, 165, 
-63, 4, 68, 29, -65, 36, -14, -34, 151, 131, 9, 165, 
-68, 4, 73, 31, -70, 39, -14, -29, 151, 136, 14, 165, 
-73, 4, 78, 34, -75, 41, -14, -24, 151, 136, 14, 165, 
-78, 4, 82, 36, -80, 43, -14, -19, 151, 131, 14, 165, 
-78, 4, 82, 36, -80, 43, -14, -29, 141, 131, 0, 161, 
-78, 4, 82, 36, -80, 43, -9, -29, 141, 126, 0, 161, 
-78, 4, 82, 36, -80, 43, -9, -29, 141, 126, 0, 161, 
-78, 4, 82, 36, -80, 43, -9, -29, 136, 126, 4, 156, 
-73, -4, 68, 39, -70, 31, -14, -29, 136, 117, -4, 165, 
-73, -4, 68, 39, -70, 31, -19, -34, 136, 117, -4, 165, 
-73, -4, 68, 39, -70, 31, -24, -34, 136, 117, -4, 165, 
-73, -4, 68, 39, -70, 31, -29, -34, 136, 122, 0, 165, 
-78, 4, 82, 36, -80, 43, -19, -24, 136, 131, 9, 156, 
-78, 4, 82, 36, -80, 43, -19, -24, 136, 126, 9, 156, 
-78, 4, 82, 36, -80, 43, -19, -24, 136, 126, 9, 161, 
-78, 0, 78, 39, -78, 39, -19, -24, 136, 126, 9, 161, 
-68, 0, 68, 34, -68, 34, -29, -34, 136, 117, 0, 161, 
-68, 4, 73, 31, -70, 39, -29, -34, 136, 117, 0, 161, 
-68, 4, 73, 31, -70, 39, -29, -34, 136, 117, 0, 165, 
-68, 4, 73, 31, -70, 39, -29, -34, 136, 117, 0, 165, 
-68, 4, 73, 31, -70, 39, -29, -34, 126, 107, -4, 165, 
-68, 4, 73, 31, -70, 39, -29, -34, 126, 112, -4, 161, 
-68, 4, 73, 31, -70, 39, -29, -29, 126, 112, -4, 161, 
-68, 4, 73, 31, -70, 39, -29, -29, 126, 112, -4, 161, 
-78, 14, 92, 31, -85, 53, -19, -39, 131, 117, 4, 161, 
-82, 9, 92, 36, -87, 51, -19, -39, 131, 117, 4, 161, 
-82, 4, 87, 39, -85, 46, -19, -39, 131, 112, 4, 161, 
-82, 4, 87, 39, -85, 46, -19, -39, 126, 112, 0, 161, 
-73, 0, 73, 36, -73, 36, -29, -29, 126, 112, 0, 170, 
-73, 0, 73, 36, -73, 36, -29, -29, 126, 112, 0, 170, 
-73, 4, 78, 34, -75, 41, -29, -34, 126, 112, 0, 170, 
-73, 9, 82, 31, -78, 46, -29, -34, 126, 117, 4, 170, 
-73, 4, 78, 34, -75, 41, -19, -24, 136, 117, 19, 161, 
-73, 0, 73, 36, -73, 36, -19, -24, 136, 117, 19, 161, 
-73, -4, 68, 39, -70, 31, -19, -24, 136, 117, 19, 161, 
-73, -9, 63, 41, -68, 26, -19, -24, 136, 122, 19, 161, 
-73, 0, 73, 36, -73, 36, -19, -24, 136, 131, 14, 161, 
-73, 0, 73, 36, -73, 36, -14, -24, 136, 126, 9, 161, 
-73, -4, 68, 39, -70, 31, -14, -24, 136, 126, 4, 161, 
-73, -4, 68, 39, -70, 31, -19, -24, 136, 126, 0, 161, 
-63, 9, 73, 26, -68, 41, -9, -14, 146, 136, 0, 170, 
-63, 9, 73, 26, -68, 41, -9, -9, 151, 136, 0, 170, 
-63, 9, 73, 26, -68, 41, -9, -9, 151, 136, 0, 170, 
-63, 14, 78, 24, -70, 46, -4, -4, 151, 136, -4, 170, 
-73, 24, 97, 24, -85, 61, 14, 4, 161, 136, 0, 170, 
-73, 24, 97, 24, -85, 61, 14, 0, 161, 146, 9, 170, 
-68, 24, 92, 21, -80, 58, 19, 0, 161, 146, 19, 170, 
-68, 24, 92, 21, -80, 58, 24, 9, 161, 136, 29, 175, 
-53, 24, 78, 14, -65, 51, 14, 9, 170, 141, 29, 165, 
-53, 29, 82, 12, -68, 56, 14, 9, 170, 146, 29, 165, 
-53, 34, 87, 9, -70, 61, 14, 9, 175, 151, 24, 165, 
-53, 34, 87, 9, -70, 61, 14, 9, 175, 161, 24, 165, 
-48, 43, 92, 2, -70, 68, 19, 19, 180, 170, 29, 170, 
-48, 43, 92, 2, -70, 68, 24, 34, 185, 170, 39, 175, 
-53, 43, 97, 4, -75, 70, 29, 43, 190, 170, 48, 185, 
-53, 43, 97, 4, -75, 70, 34, 58, 195, 170, 58, 195, 
-43, 53, 97, -4, -70, 75, 29, 53, 200, 175, 48, 195, 
-39, 53, 92, -7, -65, 73, 24, 53, 200, 175, 43, 195, 
-39, 53, 92, -7, -65, 73, 24, 53, 200, 175, 39, 195, 
-39, 53, 92, -7, -65, 73, 29, 53, 200, 175, 39, 195, 
-53, 43, 97, 4, -75, 70, 29, 48, 195, 170, 43, 185, 
-53, 43, 97, 4, -75, 70, 34, 43, 200, 170, 43, 185, 
-53, 43, 97, 4, -75, 70, 19, 39, 200, 175, 43, 185, 
-53, 43, 97, 4, -75, 70, 14, 34, 200, 175, 43, 185, 
-48, 34, 82, 7, -65, 58, 0, 19, 180, 165, 39, 175, 
-43, 39, 82, 2, -63, 61, -4, 9, 170, 161, 29, 175, 
-43, 43, 87, 0, -65, 65, -9, 9, 165, 156, 24, 175, 
-48, 43, 92, 2, -70, 68, -19, 0, 161, 156, 19, 175, 
-58, 29, 87, 14, -73, 58, -34, -19, 156, 146, 19, 175, 
-58, 29, 87, 14, -73, 58, -34, -24, 156, 141, 24, 175, 
-58, 29, 87, 14, -73, 58, -39, -24, 151, 136, 24, 175, 
-58, 29, 87, 14, -73, 58, -39, -29, 146, 131, 24, 180, 
-58, 19, 78, 19, -68, 48, -39, -29, 136, 131, 14, 170, 
-58, 19, 78, 19, -68, 48, -39, -29, 136, 131, 14, 175, 
-58, 19, 78, 19, -68, 48, -43, -29, 136, 131, 19, 175, 
-58, 19, 78, 19, -68, 48, -48, -34, 136, 131, 19, 170, 
-58, 14, 73, 21, -65, 43, -48, -29, 131, 131, 24, 175, 
-58, 14, 73, 21, -65, 43, -43, -34, 126, 122, 19, 175, 
-58, 14, 73, 21, -65, 43, -53, -39, 126, 122, 19, 175, 
-58, 19, 78, 19, -68, 48, -53, -43, 126, 122, 19, 175, 
-58, 9, 68, 24, -63, 39, -53, -48, 126, 122, 19, 175, 
-58, 19, 78, 19, -68, 48, -53, -48, 126, 122, 24, 175, 
-58, 19, 78, 19, -68, 48, -48, -58, 117, 117, 19, 175, 
-68, 14, 82, 26, -75, 48, -48, -58, 107, 117, 9, 170, 
-68, 9, 78, 29, -73, 43, -48, -58, 107, 117, 9, 165, 
-68, 4, 73, 31, -70, 39, -48, -58, 107, 117, 9, 161, 
-68, 0, 68, 34, -68, 34, -48, -58, 107, 117, 9, 156, 
-63, 4, 68, 29, -65, 36, -48, -58, 107, 107, 0, 156, 
-68, -9, 58, 39, -63, 24, -48, -63, 107, 107, 0, 161, 
-73, -9, 63, 41, -68, 26, -48, -63, 107, 107, 0, 161, 
-73, -14, 58, 43, -65, 21, -48, -58, 107, 107, -4, 161, 
-73, -9, 63, 41, -68, 26, -48, -63, 107, 97, 0, 161, 
-73, -9, 63, 41, -68, 26, -48, -63, 107, 102, 0, 156, 
-78, -9, 68, 43, -73, 29, -43, -63, 102, 102, 4, 156, 
-78, -9, 68, 43, -73, 29, -43, -63, 102, 102, 4, 156, 
-82, -19, 63, 51, -73, 21, -43, -53, 92, 92, 0, 151, 
-82, -19, 63, 51, -73, 21, -43, -63, 92, 87, -4, 151, 
-82, -19, 63, 51, -73, 21, -43, -63, 92, 87, -4, 151, 
-78, -29, 48, 53, -63, 9, -43, -58, 92, 87, -4, 146, 
-68, -19, 48, 43, -58, 14, -48, -68, 102, 92, -4, 146, 
-68, -24, 43, 46, -56, 9, -48, -68, 102, 92, -4, 146, 
-68, -24, 43, 46, -56, 9, -58, -68, 97, 92, -9, 146, 
-68, -24, 43, 46, -56, 9, -58, -73, 92, 92, -9, 146, 
-68, -24, 43, 46, -56, 9, -48, -78, 92, 87, -9, 151, 
-63, -24, 39, 43, -51, 7, -48, -78, 92, 87, -9, 151, 
-53, -24, 29, 39, -41, 2, -43, -73, 97, 87, -9, 156, 
-53, -24, 29, 39, -41, 2, -43, -73, 97, 92, -9, 156, 
-43, -29, 14, 36, -29, -7, -53, -63, 97, 92, -14, 146, 
-39, -24, 14, 31, -26, -4, -53, -68, 97, 92, -14, 146, 
-39, -24, 14, 31, -26, -4, -53, -68, 97, 92, -14, 146, 
-39, -19, 19, 29, -29, 0, -53, -63, 97, 92, -14, 151, 
-48, -19, 29, 34, -39, 4, -43, -63, 112, 102, -4, 161, 
-58, -14, 43, 36, -51, 14, -43, -53, 112, 102, 0, 161, 
-58, -9, 48, 34, -53, 19, -39, -53, 117, 112, 0, 161, 
-63, -9, 53, 36, -58, 21, -34, -53, 122, 112, 4, 161, 
-68, -9, 58, 39, -63, 24, -29, -48, 112, 117, 14, 151, 
-78, -14, 63, 46, -70, 24, -24, -43, 112, 117, 14, 151, 
-87, -14, 73, 51, -80, 29, -24, -43, 117, 117, 14, 151, 
-87, -14, 73, 51, -80, 29, -19, -43, 117, 117, 14, 151, 
-82, -14, 68, 48, -75, 26, -29, -43, 117, 102, 0, 151, 
-87, -14, 73, 51, -80, 29, -24, -48, 112, 102, 0, 151, 
-92, -14, 78, 53, -85, 31, -24, -48, 112, 102, 4, 151, 
-92, -19, 73, 56, -82, 26, -24, -48, 112, 102, 4, 146, 
-92, -19, 73, 56, -82, 26, -14, -48, 112, 92, -4, 146, 
-87, -19, 68, 53, -78, 24, -14, -48, 112, 92, -4, 146, 
-87, -14, 73, 51, -80, 29, -14, -48, 112, 92, -4, 146, 
-87, -14, 73, 51, -80, 29, -14, -43, 112, 92, -4, 151, 
-92, -24, 68, 58, -80, 21, -14, -34, 102, 92, -4, 141, 
-92, -24, 68, 58, -80, 21, -14, -34, 102, 92, -4, 141, 
-92, -24, 68, 58, -80, 21, -19, -34, 102, 92, -4, 141, 
-97, -24, 73, 61, -85, 24, -19, -34, 102, 92, -4, 141, 
-107, -29, 78, 68, -92, 24, 0, -34, 107, 102, 4, 151, 
-107, -29, 78, 68, -92, 24, 0, -34, 112, 102, 4, 151, 
-107, -29, 78, 68, -92, 24, 0, -34, 117, 97, 4, 151, 
-107, -29, 78, 68, -92, 24, 0, -34, 122, 97, 4, 151, 
-97, -29, 68, 63, -82, 19, -14, -43, 112, 107, 14, 151, 
-97, -29, 68, 63, -82, 19, -14, -43, 112, 112, 14, 151, 
-97, -29, 68, 63, -82, 19, -4, -43, 112, 112, 14, 151, 
-97, -29, 68, 63, -82, 19, -4, -43, 112, 117, 14, 151, 
-92, -19, 73, 56, -82, 26, -4, -43, 117, 107, 9, 151, 
-92, -19, 73, 56, -82, 26, -9, -43, 117, 107, 4, 151, 
-92, -19, 73, 56, -82, 26, -9, -43, 117, 107, 0, 151, 
-97, -14, 82, 56, -90, 34, -9, -43, 117, 107, -4, 151, 
-107, -19, 87, 63, -97, 34, -9, -34, 117, 97, -14, 141, 
-102, -24, 78, 63, -90, 26, -9, -34, 117, 97, -14, 141, 
-102, -29, 73, 65, -87, 21, -9, -34, 117, 97, -14, 141, 
-102, -34, 68, 68, -85, 17, -9, -34, 117, 97, -14, 141, 
-102, -39, 63, 70, -82, 12, 0, -29, 117, 97, -14, 141, 
-102, -39, 63, 70, -82, 12, 0, -29, 117, 97, -14, 141, 
-102, -39, 63, 70, -82, 12, -4, -29, 117, 97, -14, 141, 
-102, -39, 63, 70, -82, 12, -4, -29, 117, 97, -14, 141, 
-112, -34, 78, 73, -95, 21, 0, -29, 117, 102, -9, 151, 
-112, -34, 78, 73, -95, 21, 0, -29, 117, 107, -4, 151, 
-112, -34, 78, 73, -95, 21, 0, -29, 117, 112, -4, 151, 
-112, -34, 78, 73, -95, 21, 0, -29, 117, 112, 0, 151, 
-112, -43, 68, 78, -90, 12, 0, -29, 126, 102, -9, 151, 
-112, -43, 68, 78, -90, 12, 0, -29, 126, 107, -4, 151, 
-112, -43, 68, 78, -90, 12, 4, -29, 126, 107, -4, 151, 
-112, -43, 68, 78, -90, 12, 4, -29, 126, 107, -4, 151, 
-102, -29, 73, 65, -87, 21, 4, -19, 131, 107, 4, 151, 
-107, -29, 78, 68, -92, 24, 4, -19, 131, 107, 4, 151, 
-107, -29, 78, 68, -92, 24, 4, -19, 126, 107, 4, 151, 
-107, -29, 78, 68, -92, 24, 4, -19, 126, 107, 4, 151, 
-97, -19, 78, 58, -87, 29, 4, -19, 126, 117, 4, 151, 
-112, -24, 87, 68, -100, 31, -4, -24, 122, 112, 9, 151, 
-112, -9, 102, 61, -107, 46, -4, -34, 117, 112, 19, 161, 
-112, 9, 122, 51, -117, 65, 0, -34, 122, 122, 29, 161, 
-117, 4, 122, 56, -119, 63, 0, -29, 141, 141, 34, 165, 
-117, -4, 112, 61, -114, 53, 0, -14, 156, 146, 24, 165, 
-102, -14, 87, 58, -95, 36, 0, -19, 165, 146, 19, 165, 
-107, -19, 87, 63, -97, 34, -9, -4, 170, 151, 24, 165, 
-107, -24, 82, 65, -95, 29, -4, -4, 185, 161, 24, 170, 
-92, -24, 68, 58, -80, 21, -14, 0, 185, 180, 39, 170, 
-82, -43, 39, 63, -61, -2, -29, -14, 175, 185, 43, 170, 
-68, -39, 29, 53, -48, -4, -53, -34, 170, 204, 82, 190, 
-39, -19, 19, 29, -29, 0, -78, -58, 161, 224, 122, 214, 
-9, 4, 14, 2, -12, 9, -97, -87, 146, 234, 151, 248, 
4, 19, 14, -12, -4, 17, -122, -156, 97, 234, 180, 278, 
48, 34, -14, -41, 31, 9, -175, -287, 0, 195, 204, 307, 
131, 39, -92, -85, 112, -26, -268, -468, -122, 146, 224, 331, 
195, 48, -146, -122, 170, -48, -361, -634, -263, 78, 219, 346, 
258, 73, -185, -165, 222, -56, -434, -756, -370, 29, 229, 375, 
331, 107, -224, -219, 278, -58, -507, -834, -439, -9, 239, 400, 
409, 107, -302, -258, 356, -97, -566, -917, -517, -78, 200, 400, 
468, 87, -380, -278, 424, -146, -644, -1029, -634, -185, 131, 361, 
541, 73, -468, -307, 505, -197, -717, -1117, -717, -263, 73, 336, 
605, 82, -522, -344, 563, -219, -746, -1151, -722, -258, 58, 322, 
658, 82, -575, -370, 617, -246, -741, -1137, -697, -239, 34, 312, 
702, 48, -653, -375, 678, -302, -712, -1112, -688, -248, -9, 268, 
736, -4, -741, -366, 739, -373, -673, -1063, -663, -278, -97, 209, 
771, -29, -800, -370, 785, -414, -644, -1005, -634, -287, -151, 170, 
805, -34, -839, -385, 822, -436, -634, -956, -595, -268, -180, 161, 
854, -34, -888, -409, 871, -461, -653, -912, -556, -248, -190, 151, 
863, -78, -941, -392, 902, -509, -673, -863, -512, -244, -190, 151, 
834, -126, -961, -353, 897, -544, -653, -775, -453, -219, -170, 151, 
766, -102, -868, -331, 817, -485, -570, -658, -370, -156, -122, 180, 
614, -9, -624, -302, 619, -317, -458, -512, -224, -48, -24, 239, 
405, 34, -370, -219, 387, -168, -341, -380, -102, 39, 39, 278, 
273, 24, -248, -148, 261, -112, -263, -302, -39, 63, 58, 287, 
214, 14, -200, -114, 207, -92, -224, -253, -9, 78, 48, 273, 
136, 14, -122, -75, 129, -53, -170, -214, 19, 92, 48, 263, 
73, 24, -48, -48, 61, -12, -126, -175, 53, 112, 53, 258, 
48, 34, -14, -41, 31, 9, -92, -141, 63, 117, 63, 248, 
19, 14, -4, -17, 12, 4, -68, -102, 82, 107, 48, 239, 
-9, -19, -9, 14, 0, -14, -29, -58, 92, 87, 19, 204, 
-19, -29, -9, 24, -4, -19, -9, -34, 102, 78, 9, 180, 
-29, -14, 14, 21, -21, 0, -4, -14, 122, 92, 9, 175, 
-58, -14, 43, 36, -51, 14, -4, -4, 141, 107, 9, 180, 
-63, -29, 34, 46, -48, 2, 0, 0, 151, 122, 9, 180, 
-58, -39, 19, 48, -39, -9, 0, -9, 151, 131, 14, 170, 
-82, -39, 43, 61, -63, 2, 4, -9, 156, 141, 19, 180, 
-97, -39, 58, 68, -78, 9, 9, -4, 161, 136, 29, 185, 
-92, -39, 53, 65, -73, 7, 9, 4, 161, 136, 24, 175, 
-102, -34, 68, 68, -85, 17, 14, 14, 165, 136, 14, 175, 
-102, -34, 68, 68, -85, 17, 19, 29, 165, 126, 9, 165, 
-102, -34, 68, 68, -85, 17, 24, 39, 165, 122, 4, 161, 
-107, -43, 63, 75, -85, 9, 34, 29, 165, 122, 4, 156, 
-107, -48, 58, 78, -82, 4, 34, 29, 165, 122, 4, 156, 
-112, -48, 63, 80, -87, 7, 34, 29, 165, 126, 9, 156, 
-112, -48, 63, 80, -87, 7, 29, 29, 165, 126, 14, 156, 
-107, -29, 78, 68, -92, 24, 29, 19, 170, 136, 29, 165, 
-112, -29, 82, 70, -97, 26, 29, 24, 170, 141, 34, 170, 
-112, -29, 82, 70, -97, 26, 34, 29, 175, 151, 34, 180, 
-112, -29, 82, 70, -97, 26, 34, 29, 180, 156, 29, 185, 
-112, -39, 73, 75, -92, 17, 29, 43, 180, 136, 19, 180, 
-107, -34, 73, 70, -90, 19, 29, 43, 175, 131, 14, 175, 
-107, -34, 73, 70, -90, 19, 34, 43, 175, 126, 9, 165, 
-107, -34, 73, 70, -90, 19, 34, 43, 175, 122, 4, 161, 
-117, -34, 82, 75, -100, 24, 24, 34, 175, 131, 14, 170, 
-117, -34, 82, 75, -100, 24, 24, 29, 175, 131, 14, 170, 
-117, -29, 87, 73, -102, 29, 24, 29, 180, 131, 19, 170, 
-122, -29, 92, 75, -107, 31, 24, 24, 180, 136, 19, 175, 
-112, -19, 92, 65, -102, 36, 24, 34, 185, 151, 34, 175, 
-112, -19, 92, 65, -102, 36, 24, 34, 185, 151, 34, 175, 
-112, -19, 92, 65, -102, 36, 24, 34, 185, 151, 34, 175, 
-112, -19, 92, 65, -102, 36, 24, 34, 180, 146, 34, 175, 
-112, -29, 82, 70, -97, 26, 29, 39, 190, 136, 19, 175, 
-112, -34, 78, 73, -95, 21, 34, 43, 190, 136, 14, 175, 
-107, -34, 73, 70, -90, 19, 39, 48, 195, 136, 0, 170, 
-107, -39, 68, 73, -87, 14, 39, 53, 195, 136, -4, 165, 
-117, -48, 68, 82, -92, 9, 48, 43, 195, 146, 4, 165, 
-117, -43, 73, 80, -95, 14, 53, 43, 195, 146, 4, 165, 
-117, -43, 73, 80, -95, 14, 58, 43, 195, 146, 4, 165, 
-122, -43, 78, 82, -100, 17, 58, 43, 200, 146, 9, 170, 
-112, -34, 78, 73, -95, 21, 53, 48, 200, 146, 14, 170, 
-112, -34, 78, 73, -95, 21, 48, 48, 195, 151, 19, 170, 
-112, -34, 78, 73, -95, 21, 43, 53, 195, 156, 29, 170, 
-112, -34, 78, 73, -95, 21, 39, 53, 195, 156, 34, 170, 
-112, -43, 68, 78, -90, 12, 48, 58, 195, 141, 19, 170, 
-112, -43, 68, 78, -90, 12, 48, 58, 200, 141, 14, 170, 
-117, -43, 73, 80, -95, 14, 48, 58, 204, 141, 9, 170, 
-117, -43, 73, 80, -95, 14, 48, 68, 204, 141, 4, 170, 
-126, -34, 92, 80, -109, 29, 39, 48, 195, 151, 9, 170, 
-122, -34, 87, 78, -104, 26, 39, 48, 195, 151, 19, 170, 
-122, -34, 87, 78, -104, 26, 39, 48, 195, 151, 34, 170, 
-122, -34, 87, 78, -104, 26, 39, 53, 195, 151, 43, 170, 
-122, -34, 87, 78, -104, 26, 34, 53, 204, 151, 39, 170, 
-122, -34, 87, 78, -104, 26, 34, 58, 209, 161, 34, 170, 
-122, -34, 87, 78, -104, 26, 34, 58, 209, 161, 24, 170, 
-122, -39, 82, 80, -102, 21, 34, 63, 214, 161, 19, 170, 
-122, -43, 78, 82, -100, 17, 48, 73, 214, 161, 24, 170, 
-126, -43, 82, 85, -104, 19, 48, 82, 219, 165, 24, 170, 
-126, -48, 78, 87, -102, 14, 48, 82, 224, 165, 24, 170, 
-126, -53, 73, 90, -100, 9, 48, 78, 224, 165, 24, 170, 
-126, -53, 73, 90, -100, 9, 48, 78, 214, 156, 24, 170, 
-126, -48, 78, 87, -102, 14, 48, 78, 214, 156, 24, 170, 
-126, -48, 78, 87, -102, 14, 48, 78, 214, 156, 24, 170, 
-126, -48, 78, 87, -102, 14, 48, 78, 214, 156, 29, 170, 
-117, -39, 78, 78, -97, 19, 39, 68, 214, 170, 39, 180, 
-117, -39, 78, 78, -97, 19, 39, 73, 219, 170, 39, 180, 
-117, -39, 78, 78, -97, 19, 39, 82, 219, 175, 39, 180, 
-117, -39, 78, 78, -97, 19, 39, 82, 229, 185, 39, 180, 
-107, -39, 68, 73, -87, 14, 43, 87, 239, 185, 29, 170, 
-107, -39, 68, 73, -87, 14, 48, 92, 248, 185, 29, 170, 
-107, -39, 68, 73, -87, 14, 53, 97, 248, 185, 29, 170, 
-107, -39, 68, 73, -87, 14, 58, 102, 248, 185, 34, 170, 
-117, -48, 68, 82, -92, 9, 68, 107, 248, 190, 34, 180, 
-122, -48, 73, 85, -97, 12, 68, 107, 253, 190, 34, 180, 
-122, -48, 73, 85, -97, 12, 68, 112, 253, 195, 39, 185, 
-122, -48, 73, 85, -97, 12, 68, 117, 253, 195, 39, 185, 
-131, -39, 92, 85, -112, 26, 73, 122, 253, 204, 39, 175, 
-131, -39, 92, 85, -112, 26, 73, 122, 263, 204, 43, 175, 
-126, -39, 87, 82, -107, 24, 78, 136, 268, 214, 43, 180, 
-126, -39, 87, 82, -107, 24, 78, 136, 278, 214, 43, 180, 
-126, -48, 78, 87, -102, 14, 68, 131, 268, 214, 58, 190, 
-126, -48, 78, 87, -102, 14, 68, 136, 268, 214, 58, 190, 
-126, -48, 78, 87, -102, 14, 78, 141, 278, 224, 68, 190, 
-126, -48, 78, 87, -102, 14, 78, 141, 278, 229, 73, 195, 
-117, -43, 73, 80, -95, 14, 68, 146, 292, 234, 73, 195, 
-117, -34, 82, 75, -100, 24, 68, 151, 297, 239, 73, 195, 
-117, -29, 87, 73, -102, 29, 73, 156, 307, 239, 73, 195, 
-117, -19, 97, 68, -107, 39, 73, 165, 312, 244, 73, 190, 
-117, -19, 97, 68, -107, 39, 82, 175, 317, 248, 73, 190, 
-117, -19, 97, 68, -107, 39, 82, 180, 322, 253, 73, 195, 
-117, -19, 97, 68, -107, 39, 82, 195, 326, 258, 73, 195, 
-117, -19, 97, 68, -107, 39, 87, 204, 331, 263, 82, 195, 
-117, -24, 92, 70, -104, 34, 92, 204, 351, 273, 92, 195, 
-117, -24, 92, 70, -104, 34, 97, 214, 361, 278, 92, 200, 
-117, -24, 92, 70, -104, 34, 97, 219, 366, 287, 102, 200, 
-117, -24, 92, 70, -104, 34, 97, 229, 370, 297, 107, 200, 
-117, -19, 97, 68, -107, 39, 102, 248, 385, 297, 97, 209, 
-117, -19, 97, 68, -107, 39, 107, 258, 400, 302, 97, 214, 
-117, -19, 97, 68, -107, 39, 112, 273, 414, 317, 92, 214, 
-117, -19, 97, 68, -107, 39, 112, 283, 424, 326, 92, 219, 
-126, -4, 122, 65, -124, 58, 122, 292, 434, 331, 107, 214, 
-126, 0, 126, 63, -126, 63, 122, 302, 444, 341, 117, 214, 
-126, 0, 126, 63, -126, 63, 131, 312, 448, 351, 126, 214, 
-122, 0, 122, 61, -122, 61, 131, 312, 453, 356, 136, 214, 
-117, 14, 131, 51, -124, 73, 131, 307, 444, 351, 136, 214, 
-117, 19, 136, 48, -126, 78, 141, 322, 458, 361, 136, 219, 
-122, 19, 141, 51, -131, 80, 141, 326, 468, 366, 131, 219, 
-122, 24, 146, 48, -134, 85, 141, 336, 478, 375, 131, 219, 
-122, 24, 146, 48, -134, 85, 141, 351, 497, 390, 136, 234, 
-122, 19, 141, 51, -131, 80, 141, 361, 507, 405, 141, 239, 
-122, 14, 136, 53, -129, 75, 141, 370, 517, 414, 146, 239, 
-122, 14, 136, 53, -129, 75, 141, 380, 522, 414, 151, 244, 
-107, 24, 131, 41, -119, 78, 131, 370, 517, 419, 170, 244, 
-102, 29, 131, 36, -117, 80, 131, 370, 517, 424, 180, 244, 
-102, 29, 131, 36, -117, 80, 131, 370, 517, 429, 190, 244, 
-102, 34, 136, 34, -119, 85, 131, 375, 517, 434, 200, 244, 
-107, 48, 156, 29, -131, 102, 131, 375, 517, 434, 195, 234, 
-107, 48, 156, 29, -131, 102, 131, 375, 522, 439, 195, 239, 
-102, 48, 151, 26, -126, 100, 126, 370, 527, 444, 190, 239, 
-102, 53, 156, 24, -129, 104, 126, 366, 531, 448, 185, 239, 
-102, 48, 151, 26, -126, 100, 126, 375, 531, 448, 175, 253, 
-102, 34, 136, 34, -119, 85, 126, 375, 536, 448, 180, 253, 
-102, 39, 141, 31, -122, 90, 126, 375, 536, 448, 185, 253, 
-92, 34, 126, 29, -109, 80, 122, 370, 531, 448, 185, 253, 
-78, 43, 122, 17, -100, 82, 112, 361, 527, 439, 185, 244, 
-78, 43, 122, 17, -100, 82, 112, 356, 527, 439, 185, 244, 
-78, 43, 122, 17, -100, 82, 112, 346, 527, 434, 180, 244, 
-73, 43, 117, 14, -95, 80, 107, 346, 527, 434, 180, 248, 
-68, 58, 126, 4, -97, 92, 112, 326, 512, 419, 185, 248, 
-68, 58, 126, 4, -97, 92, 102, 317, 497, 414, 190, 248, 
-68, 58, 126, 4, -97, 92, 97, 312, 488, 414, 190, 248, 
-58, 58, 117, 0, -87, 87, 92, 297, 473, 405, 195, 244, 
-58, 58, 117, 0, -87, 87, 82, 283, 463, 395, 190, 253, 
-58, 58, 117, 0, -87, 87, 78, 278, 448, 390, 185, 253, 
-58, 48, 107, 4, -82, 78, 78, 268, 439, 385, 180, 253, 
-48, 48, 97, 0, -73, 73, 78, 258, 434, 380, 165, 253, 
-48, 39, 87, 4, -68, 63, 58, 244, 434, 370, 165, 244, 
-48, 39, 87, 4, -68, 63, 58, 234, 419, 361, 156, 244, 
-48, 34, 82, 7, -65, 58, 53, 224, 414, 351, 156, 239, 
-48, 29, 78, 9, -63, 53, 43, 209, 400, 346, 151, 239, 
-53, 19, 73, 17, -63, 46, 39, 185, 370, 326, 146, 248, 
-53, 19, 73, 17, -63, 46, 39, 165, 356, 317, 141, 248, 
-53, 19, 73, 17, -63, 46, 29, 161, 336, 302, 131, 244, 
-53, 19, 73, 17, -63, 46, 24, 146, 317, 283, 126, 244, 
-43, 14, 58, 14, -51, 36, 29, 122, 302, 273, 126, 244, 
-43, 9, 53, 17, -48, 31, 24, 107, 287, 263, 131, 239, 
-43, 9, 53, 17, -48, 31, 19, 97, 273, 258, 136, 239, 
-43, 9, 53, 17, -48, 31, 14, 82, 263, 244, 131, 239, 
-43, 14, 58, 14, -51, 36, 14, 78, 258, 234, 126, 229, 
-43, 14, 58, 14, -51, 36, 9, 73, 253, 214, 107, 224, 
-43, 14, 58, 14, -51, 36, 4, 68, 234, 204, 97, 224, 
-43, 14, 58, 14, -51, 36, 0, 53, 224, 180, 87, 219, 
-34, 9, 43, 12, -39, 26, 0, 53, 209, 170, 68, 229, 
-34, 9, 43, 12, -39, 26, 0, 48, 204, 161, 58, 229, 
-34, 4, 39, 14, -36, 21, -4, 34, 200, 156, 58, 229, 
-34, 4, 39, 14, -36, 21, -9, 24, 190, 151, 58, 224, 
-43, -9, 34, 26, -39, 12, -4, 24, 195, 151, 48, 209, 
-43, -9, 34, 26, -39, 12, -4, 14, 180, 141, 48, 209, 
-43, -9, 34, 26, -39, 12, -4, 4, 175, 131, 43, 209, 
-48, -14, 34, 31, -41, 9, -9, 4, 170, 131, 39, 209, 
-68, -4, 63, 36, -65, 29, -9, -9, 146, 136, 48, 204, 
-68, -4, 63, 36, -65, 29, -9, -9, 136, 131, 48, 204, 
-63, -4, 58, 34, -61, 26, -9, -14, 131, 131, 53, 204, 
-63, -14, 48, 39, -56, 17, -14, -19, 131, 126, 58, 204, 
-53, -29, 24, 41, -39, -2, -14, -19, 126, 107, 63, 209, 
-63, -29, 34, 46, -48, 2, -14, -29, 126, 107, 63, 209, 
-63, -29, 34, 46, -48, 2, -9, -34, 126, 102, 63, 209, 
-58, -29, 29, 43, -43, 0, -9, -34, 126, 102, 63, 209, 
-68, -29, 39, 48, -53, 4, 0, -34, 131, 97, 48, 219, 
-73, -34, 39, 53, -56, 2, 0, -29, 131, 92, 43, 214, 
-73, -34, 39, 53, -56, 2, 0, -24, 126, 92, 39, 214, 
-73, -34, 39, 53, -56, 2, 0, -19, 126, 87, 39, 214, 
-78, -34, 43, 56, -61, 4, 0, -14, 122, 82, 34, 209, 
-78, -34, 43, 56, -61, 4, 0, -19, 117, 82, 24, 204, 
-78, -34, 43, 56, -61, 4, 0, -19, 117, 82, 19, 200, 
-82, -39, 43, 61, -63, 2, 4, -14, 122, 82, 14, 195, 
-82, -48, 34, 65, -58, -7, 4, -14, 126, 73, 14, 200, 
-82, -48, 34, 65, -58, -7, 4, -14, 126, 73, 14, 195, 
-82, -48, 34, 65, -58, -7, 4, -19, 126, 73, 14, 195, 
-87, -48, 39, 68, -63, -4, 9, -19, 126, 73, 14, 195, 
-87, -39, 48, 63, -68, 4, 4, -29, 122, 82, 19, 200, 
-87, -39, 48, 63, -68, 4, 0, -34, 112, 82, 24, 200, 
-87, -43, 43, 65, -65, 0, -4, -34, 107, 78, 29, 200, 
-87, -43, 43, 65, -65, 0, -9, -39, 107, 78, 34, 200, 
-87, -43, 43, 65, -65, 0, -4, -34, 112, 68, 29, 185, 
-87, -43, 43, 65, -65, 0, 0, -29, 117, 68, 19, 185, 
-92, -43, 48, 68, -70, 2, 4, -19, 126, 68, 14, 185, 
-92, -43, 48, 68, -70, 2, 9, -14, 131, 73, 19, 190, 
-82, -34, 48, 58, -65, 7, 9, -4, 141, 78, 24, 200, 
-82, -34, 48, 58, -65, 7, 14, -4, 141, 82, 29, 195, 
-82, -34, 48, 58, -65, 7, 14, -4, 141, 87, 29, 195, 
-82, -34, 48, 58, -65, 7, 14, 0, 141, 92, 34, 195, 
-92, -34, 58, 63, -75, 12, 14, -9, 131, 82, 34, 204, 
-92, -34, 58, 63, -75, 12, 14, -4, 131, 82, 34, 204, 
-92, -29, 63, 61, -78, 17, 19, -4, 131, 82, 34, 200, 
-92, -29, 63, 61, -78, 17, 29, -4, 131, 82, 34, 200, 
-102, -43, 58, 73, -80, 7, 39, 4, 146, 82, 34, 195, 
-102, -43, 58, 73, -80, 7, 34, 4, 146, 87, 29, 195, 
-102, -43, 58, 73, -80, 7, 34, 9, 146, 87, 24, 195, 
-107, -43, 63, 75, -85, 9, 34, 9, 151, 87, 24, 200, 
-107, -48, 58, 78, -82, 4, 43, 19, 151, 102, 39, 209, 
-102, -48, 53, 75, -78, 2, 39, 19, 151, 102, 39, 209, 
-102, -48, 53, 75, -78, 2, 39, 29, 151, 102, 39, 204, 
-102, -53, 48, 78, -75, -2, 43, 29, 151, 102, 39, 204, 
-102, -39, 63, 70, -82, 12, 29, 19, 151, 107, 39, 204, 
-102, -34, 68, 68, -85, 17, 24, 14, 146, 107, 39, 204, 
-107, -29, 78, 68, -92, 24, 19, 14, 141, 107, 39, 204, 
-107, -24, 82, 65, -95, 29, 14, 9, 141, 107, 39, 200, 
-107, -24, 82, 65, -95, 29, 29, 19, 156, 97, 34, 190, 
-107, -24, 82, 65, -95, 29, 34, 24, 156, 97, 29, 195, 
-107, -29, 78, 68, -92, 24, 34, 24, 151, 97, 24, 195, 
-102, -29, 73, 65, -87, 21, 34, 24, 151, 97, 19, 195, 
-112, -29, 82, 70, -97, 26, 34, 19, 151, 97, 24, 204, 
-117, -29, 87, 73, -102, 29, 39, 19, 151, 97, 24, 204, 
-117, -34, 82, 75, -100, 24, 43, 19, 151, 102, 29, 204, 
-117, -39, 78, 78, -97, 19, 43, 19, 151, 102, 34, 204, 
-107, -29, 78, 68, -92, 24, 34, 14, 146, 102, 29, 195, 
-107, -29, 78, 68, -92, 24, 34, 14, 146, 102, 29, 195, 
-107, -29, 78, 68, -92, 24, 39, 14, 146, 102, 34, 195, 
-107, -29, 78, 68, -92, 24, 39, 14, 146, 102, 34, 195, 
-107, -19, 87, 63, -97, 34, 39, 14, 146, 97, 24, 195, 
-107, -19, 87, 63, -97, 34, 39, 14, 146, 97, 24, 195, 
-107, -19, 87, 63, -97, 34, 43, 14, 146, 97, 24, 195, 
-102, -19, 82, 61, -92, 31, 43, 14, 146, 97, 24, 195, 
-107, -29, 78, 68, -92, 24, 39, 14, 146, 107, 34, 204, 
-107, -34, 73, 70, -90, 19, 39, 14, 146, 107, 34, 204, 
-112, -34, 78, 73, -95, 21, 39, 14, 146, 107, 34, 204, 
-112, -29, 82, 70, -97, 26, 39, 14, 146, 107, 34, 204, 
-92, -24, 68, 58, -80, 21, 29, 4, 136, 102, 43, 195, 
-92, -19, 73, 56, -82, 26, 29, 4, 136, 102, 43, 195, 
-97, -14, 82, 56, -90, 34, 29, 4, 136, 102, 43, 195, 
-97, -9, 87, 53, -92, 39, 29, 4, 136, 107, 43, 195, 
-87, 0, 87, 43, -87, 43, 39, 4, 136, 107, 53, 204, 
-87, 0, 87, 43, -87, 43, 39, 4, 136, 107, 53, 204, 
-87, -4, 82, 46, -85, 39, 39, 4, 136, 102, 53, 204, 
-87, -4, 82, 46, -85, 39, 39, 4, 136, 102, 53, 204, 
-97, -19, 78, 58, -87, 29, 48, 14, 141, 92, 39, 195, 
-97, -24, 73, 61, -85, 24, 48, 14, 141, 92, 29, 195, 
-97, -34, 63, 65, -80, 14, 48, 14, 146, 92, 19, 195, 
-97, -39, 58, 68, -78, 9, 53, 14, 146, 92, 9, 195, 
-107, -34, 73, 70, -90, 19, 43, 0, 131, 78, 4, 195, 
-107, -34, 73, 70, -90, 19, 43, 0, 131, 78, 4, 190, 
-107, -34, 73, 70, -90, 19, 43, 0, 131, 82, 9, 190, 
-107, -34, 73, 70, -90, 19, 43, 0, 131, 82, 14, 195, 
-107, -43, 63, 75, -85, 9, 43, 0, 131, 92, 19, 195, 
-107, -43, 63, 75, -85, 9, 43, 0, 131, 92, 19, 195, 
-107, -48, 58, 78, -82, 4, 43, 0, 126, 87, 24, 195, 
-107, -48, 58, 78, -82, 4, 43, 0, 126, 87, 24, 195, 
-107, -29, 78, 68, -92, 24, 39, -4, 126, 87, 24, 195, 
-107, -24, 82, 65, -95, 29, 34, -9, 126, 87, 29, 195, 
-107, -19, 87, 63, -97, 34, 29, -14, 126, 82, 34, 195, 
-107, -14, 92, 61, -100, 39, 24, -19, 126, 82, 34, 195, 
-97, -24, 73, 61, -85, 24, 29, -14, 122, 73, 29, 185, 
-97, -24, 73, 61, -85, 24, 34, -14, 122, 73, 24, 185, 
-97, -24, 73, 61, -85, 24, 39, -14, 122, 73, 14, 185, 
-97, -24, 73, 61, -85, 24, 43, -9, 122, 73, 9, 185, 
-97, -24, 73, 61, -85, 24, 43, 0, 122, 82, 19, 195, 
-97, -24, 73, 61, -85, 24, 43, 0, 122, 87, 24, 195, 
-97, -24, 73, 61, -85, 24, 43, 0, 122, 87, 24, 195, 
-97, -24, 73, 61, -85, 24, 43, 0, 122, 82, 24, 195, 
-107, -24, 82, 65, -95, 29, 34, -4, 117, 78, 9, 190, 
-107, -24, 82, 65, -95, 29, 39, -9, 112, 68, 9, 190, 
-107, -24, 82, 65, -95, 29, 39, -14, 107, 63, 9, 190, 
-107, -24, 82, 65, -95, 29, 39, -19, 97, 58, 14, 185, 
-107, -14, 92, 61, -100, 39, 39, -9, 97, 68, 4, 185, 
-102, -14, 87, 58, -95, 36, 39, -14, 97, 68, 4, 185, 
-97, -14, 82, 56, -90, 34, 39, -14, 97, 68, 4, 185, 
-92, -14, 78, 53, -85, 31, 39, -14, 97, 73, 9, 185, 
-92, -14, 78, 53, -85, 31, 39, -14, 107, 73, 9, 185, 
-97, -14, 82, 56, -90, 34, 39, -14, 107, 68, 9, 185, 
-102, -14, 87, 58, -95, 36, 39, -14, 107, 68, 9, 190, 
-107, -19, 87, 63, -97, 34, 39, -14, 107, 68, 9, 190, 
-97, -19, 78, 58, -87, 29, 29, -14, 107, 68, 19, 190, 
-97, -14, 82, 56, -90, 34, 29, -14, 107, 68, 19, 190, 
-97, -14, 82, 56, -90, 34, 29, -14, 107, 68, 19, 195, 
-97, -14, 82, 56, -90, 34, 29, -14, 107, 68, 19, 195, 
-107, -14, 92, 61, -100, 39, 34, -14, 107, 58, 14, 195, 
-107, -14, 92, 61, -100, 39, 39, -14, 107, 63, 14, 190, 
-107, -14, 92, 61, -100, 39, 43, -9, 107, 63, 14, 190, 
-107, -14, 92, 61, -100, 39, 48, -9, 107, 63, 14, 190, 
-97, -14, 82, 56, -90, 34, 39, -14, 112, 68, 24, 190, 
-102, -19, 82, 61, -92, 31, 39, -19, 112, 68, 24, 190, 
-102, -24, 78, 63, -90, 26, 39, -24, 112, 63, 24, 190, 
-102, -24, 78, 63, -90, 26, 39, -29, 107, 63, 19, 190, 
-102, -29, 73, 65, -87, 21, 29, -29, 97, 53, 4, 180, 
-102, -29, 73, 65, -87, 21, 29, -29, 97, 53, 0, 180, 
-102, -24, 78, 63, -90, 26, 29, -34, 97, 53, -4, 180, 
-102, -19, 82, 61, -92, 31, 29, -34, 97, 58, -4, 180, 
-92, -19, 73, 56, -82, 26, 39, -29, 107, 68, 0, 180, 
-92, -19, 73, 56, -82, 26, 39, -24, 107, 68, 0, 180, 
-92, -19, 73, 56, -82, 26, 39, -19, 107, 68, 0, 180, 
-92, -19, 73, 56, -82, 26, 39, -14, 107, 73, 0, 180, 
-102, -29, 73, 65, -87, 21, 48, -24, 107, 63, 4, 185, 
-102, -29, 73, 65, -87, 21, 53, -24, 107, 58, 9, 190, 
-102, -34, 68, 68, -85, 17, 53, -24, 107, 58, 14, 195, 
-102, -34, 68, 68, -85, 17, 48, -24, 107, 58, 19, 200, 
-102, -14, 87, 58, -95, 36, 39, -29, 102, 68, 24, 200, 
-102, -9, 92, 56, -97, 41, 39, -29, 102, 68, 29, 200, 
-102, -4, 97, 53, -100, 46, 39, -34, 97, 68, 34, 200, 
-102, 4, 107, 48, -104, 56, 43, -34, 92, 68, 34, 200, 
-112, 4, 117, 53, -114, 61, 39, -43, 92, 63, 19, 200, 
-112, 4, 117, 53, -114, 61, 34, -48, 92, 68, 19, 200, 
-107, 4, 112, 51, -109, 58, 34, -48, 92, 63, 19, 200, 
-107, 4, 112, 51, -109, 58, 34, -39, 92, 48, 19, 204, 
-102, -4, 97, 53, -100, 46, 43, -39, 102, 48, 4, 195, 
-102, -9, 92, 56, -97, 41, 43, -39, 102, 48, 0, 195, 
-102, -14, 87, 58, -95, 36, 43, -39, 107, 48, -9, 195, 
-102, -24, 78, 63, -90, 26, 43, -39, 107, 53, -14, 195, 
-97, -34, 63, 65, -80, 14, 43, -39, 97, 73, -9, 195, 
-97, -34, 63, 65, -80, 14, 43, -34, 97, 73, 0, 195, 
-102, -34, 68, 68, -85, 17, 43, -34, 97, 73, 9, 200, 
-102, -34, 68, 68, -85, 17, 43, -29, 97, 73, 19, 204, 
-102, -9, 92, 56, -97, 41, 39, -29, 92, 68, 29, 204, 
-97, -4, 92, 51, -95, 43, 34, -34, 92, 68, 24, 204, 
-97, 0, 97, 48, -97, 48, 34, -39, 92, 68, 19, 204, 
-97, 4, 102, 46, -100, 53, 39, -43, 92, 68, 19, 204, 
-102, 4, 107, 48, -104, 56, 43, -34, 87, 58, 14, 195, 
-102, 4, 107, 48, -104, 56, 53, -34, 92, 53, 14, 195, 
-102, 4, 107, 48, -104, 56, 43, -34, 92, 53, 14, 195, 
-102, 4, 107, 48, -104, 56, 43, -34, 92, 48, 14, 195, 
-97, 4, 102, 46, -100, 53, 48, -19, 102, 58, 14, 204, 
-92, 9, 102, 41, -97, 56, 53, -19, 102, 63, 9, 204, 
-92, 14, 107, 39, -100, 61, 58, -9, 107, 68, 9, 204, 
-97, 14, 112, 41, -104, 63, 58, -9, 112, 78, 9, 204, 
-87, 0, 87, 43, -87, 43, 63, -14, 122, 82, 9, 204, 
-87, 0, 87, 43, -87, 43, 63, -14, 126, 82, 14, 204, 
-87, 0, 87, 43, -87, 43, 58, -9, 126, 82, 14, 204, 
-87, 0, 87, 43, -87, 43, 58, -9, 126, 82, 14, 209, 
-97, 4, 102, 46, -100, 53, 63, 0, 117, 87, 29, 219, 
-97, 9, 107, 43, -102, 58, 68, 0, 117, 92, 34, 224, 
-97, 14, 112, 41, -104, 63, 68, 0, 117, 97, 43, 224, 
-97, 19, 117, 39, -107, 68, 68, -4, 117, 102, 48, 219, 
-92, 29, 122, 31, -107, 75, 82, 14, 122, 102, 34, 214, 
-87, 34, 122, 26, -104, 78, 92, 24, 126, 92, 29, 214, 
-82, 39, 122, 21, -102, 80, 87, 34, 136, 92, 29, 214, 
-78, 48, 126, 14, -102, 87, 92, 43, 146, 92, 29, 214, 
-78, 58, 136, 9, -107, 97, 92, 48, 156, 92, 19, 224, 
-78, 58, 136, 9, -107, 97, 92, 48, 156, 92, 24, 224, 
-78, 53, 131, 12, -104, 92, 92, 48, 151, 92, 24, 219, 
-78, 53, 131, 12, -104, 92, 87, 43, 146, 92, 29, 219, 
-78, 58, 136, 9, -107, 97, 68, 43, 151, 102, 39, 219, 
-78, 58, 136, 9, -107, 97, 82, 43, 161, 122, 53, 229, 
-82, 58, 141, 12, -112, 100, 87, 43, 156, 131, 63, 239, 
-97, 68, 165, 14, -131, 117, 82, 34, 146, 122, 68, 239, 
-78, 58, 136, 9, -107, 97, 58, 19, 126, 107, 58, 234, 
-78, 68, 146, 4, -112, 107, 48, 14, 117, 97, 48, 224, 
-78, 68, 146, 4, -112, 107, 48, 9, 117, 97, 48, 224, 
-78, 68, 146, 4, -112, 107, 48, 4, 117, 97, 48, 224, 
-78, 68, 146, 4, -112, 107, 48, 0, 117, 97, 48, 224, 
-82, 58, 141, 12, -112, 100, 39, -4, 107, 82, 29, 219, 
-87, 48, 136, 19, -112, 92, 39, -9, 107, 78, 19, 214, 
-92, 39, 131, 26, -112, 85, 39, -14, 107, 73, 9, 209, 
-97, 29, 126, 34, -112, 78, 39, -19, 107, 68, 0, 204, 
-87, 19, 107, 34, -97, 63, 29, -34, 92, 68, 4, 204, 
-87, 19, 107, 34, -97, 63, 19, -39, 87, 68, 9, 204, 
-87, 19, 107, 34, -97, 63, 9, -43, 82, 68, 14, 204, 
-87, 19, 107, 34, -97, 63, 0, -48, 78, 68, 19, 204, 
-87, 29, 117, 29, -102, 73, 0, -58, 78, 58, 19, 214, 
-87, 29, 117, 29, -102, 73, 0, -58, 78, 58, 19, 214, 
-87, 29, 117, 29, -102, 73, 0, -58, 78, 58, 19, 214, 
-87, 29, 117, 29, -102, 73, 0, -58, 78, 58, 19, 214, 
-87, 29, 117, 29, -102, 73, -9, -63, 68, 58, 19, 204, 
-87, 29, 117, 29, -102, 73, -9, -68, 68, 58, 19, 204, 
-87, 29, 117, 29, -102, 73, -9, -73, 68, 58, 19, 204, 
-87, 29, 117, 29, -102, 73, -9, -78, 68, 58, 19, 204, 
-87, 39, 126, 24, -107, 82, -9, -87, 63, 43, 14, 195, 
-87, 39, 126, 24, -107, 82, -9, -87, 58, 39, 9, 195, 
-92, 34, 126, 29, -109, 80, -9, -87, 53, 34, 4, 195, 
-97, 19, 117, 39, -107, 68, -9, -92, 48, 29, 0, 200, 
-102, 9, 112, 46, -107, 61, 0, -92, 48, 29, -4, 190, 
-102, 4, 107, 48, -104, 56, 0, -87, 48, 29, -14, 190, 
-102, 0, 102, 51, -102, 51, 0, -82, 48, 29, -24, 190, 
-102, 0, 102, 51, -102, 51, 0, -82, 48, 34, -29, 185, 
-117, -9, 107, 63, -112, 48, 14, -73, 53, 34, -14, 185, 
-117, -9, 107, 63, -112, 48, 14, -73, 53, 34, -14, 185, 
-112, -9, 102, 61, -107, 46, 14, -73, 53, 34, -19, 180, 
-112, -9, 102, 61, -107, 46, 14, -82, 53, 29, -24, 180, 
-102, 0, 102, 51, -102, 51, 24, -82, 53, 39, -14, 180, 
-97, -9, 87, 53, -92, 39, 24, -78, 53, 39, -14, 175, 
-97, -9, 87, 53, -92, 39, 29, -78, 53, 34, -14, 175, 
-97, -14, 82, 56, -90, 34, 29, -78, 53, 34, -14, 175, 
-107, -4, 102, 56, -104, 48, 4, -82, 39, 24, -9, 185, 
-107, -4, 102, 56, -104, 48, 0, -92, 34, 24, -9, 185, 
-107, -4, 102, 56, -104, 48, -4, -102, 34, 19, -9, 180, 
-102, -4, 97, 53, -100, 46, -9, -107, 34, 19, -9, 180, 
-92, -4, 87, 48, -90, 41, -14, -92, 39, 19, -14, 175, 
-92, -4, 87, 48, -90, 41, -14, -92, 39, 24, -19, 175, 
-82, 0, 82, 41, -82, 41, -14, -92, 39, 24, -19, 175, 
-78, 4, 82, 36, -80, 43, -14, -97, 39, 24, -24, 175, 
-68, 4, 73, 31, -70, 39, -9, -97, 39, 34, -14, 185, 
-68, 9, 78, 29, -73, 43, -4, -92, 39, 34, -14, 190, 
-68, 9, 78, 29, -73, 43, 0, -92, 43, 34, -14, 190, 
-78, 14, 92, 31, -85, 53, 4, -82, 43, 34, -9, 190, 
-87, 19, 107, 34, -97, 63, 0, -82, 48, 43, 0, 190, 
-92, 19, 112, 36, -102, 65, 4, -82, 53, 43, 4, 190, 
-97, 19, 117, 39, -107, 68, 9, -78, 53, 48, 4, 190, 
-107, 14, 122, 46, -114, 68, 14, -73, 53, 48, 4, 190, 
-126, 4, 131, 61, -129, 68, 19, -68, 58, 43, -4, 190, 
-126, 4, 131, 61, -129, 68, 29, -63, 58, 39, -4, 190, 
-131, 4, 136, 63, -134, 70, 34, -58, 58, 29, -9, 190, 
-136, 4, 141, 65, -139, 73, 43, -58, 53, 24, -9, 190, 
-131, 14, 146, 58, -139, 80, 39, -63, 53, 34, -14, 190, 
-131, 9, 141, 61, -136, 75, 34, -68, 53, 34, -14, 185, 
-131, 9, 141, 61, -136, 75, 29, -73, 53, 34, -14, 185, 
-126, 9, 136, 58, -131, 73, 24, -78, 53, 34, -14, 185, 
-117, 14, 131, 51, -124, 73, 24, -68, 53, 43, -14, 185, 
-117, 14, 131, 51, -124, 73, 24, -63, 53, 43, -14, 190, 
-122, 14, 136, 53, -129, 75, 24, -63, 53, 43, -14, 190, 
-122, 14, 136, 53, -129, 75, 24, -63, 53, 43, -14, 190, 
-112, 19, 131, 46, -122, 75, 9, -73, 43, 43, 0, 200, 
-117, 24, 141, 46, -129, 82, 9, -73, 43, 43, 4, 200, 
-117, 24, 141, 46, -129, 82, 19, -73, 43, 43, 9, 200, 
-117, 29, 146, 43, -131, 87, 19, -73, 43, 43, 14, 200, 
-126, 19, 146, 53, -136, 82, 24, -73, 48, 39, 9, 190, 
-126, 19, 146, 53, -136, 82, 29, -73, 53, 39, 4, 190, 
-126, 19, 146, 53, -136, 82, 29, -73, 58, 39, 0, 190, 
-126, 19, 146, 53, -136, 82, 34, -73, 63, 43, -4, 190, 
-136, 14, 151, 61, -143, 82, 43, -73, 53, 39, -14, 180, 
-136, 9, 146, 63, -141, 78, 43, -73, 53, 39, -14, 180, 
-131, 4, 136, 63, -134, 70, 43, -73, 58, 34, -14, 180, 
-131, 0, 131, 65, -131, 65, 39, -73, 58, 29, -14, 180, 
-131, 0, 131, 65, -131, 65, 39, -63, 58, 29, -24, 180, 
-136, 4, 141, 65, -139, 73, 39, -63, 58, 29, -24, 180, 
-136, 4, 141, 65, -139, 73, 39, -63, 58, 29, -24, 180, 
-131, 4, 136, 63, -134, 70, 39, -63, 58, 29, -24, 180, 
-122, 9, 131, 56, -126, 70, 29, -73, 48, 39, -9, 190, 
-122, 14, 136, 53, -129, 75, 29, -73, 48, 39, -4, 190, 
-122, 14, 136, 53, -129, 75, 39, -68, 48, 39, 0, 190, 
-122, 19, 141, 51, -131, 80, 39, -68, 48, 39, 4, 190, 
-122, 19, 141, 51, -131, 80, 24, -68, 58, 39, 0, 190, 
-122, 19, 141, 51, -131, 80, 24, -68, 58, 39, -4, 190, 
-122, 24, 146, 48, -134, 85, 19, -68, 58, 39, -9, 190, 
-122, 24, 146, 48, -134, 85, 19, -68, 58, 39, -14, 190, 
-122, 24, 146, 48, -134, 85, 29, -78, 48, 29, -9, 190, 
-122, 24, 146, 48, -134, 85, 29, -78, 48, 24, -9, 190, 
-122, 24, 146, 48, -134, 85, 29, -78, 48, 24, -9, 190, 
-122, 24, 146, 48, -134, 85, 29, -78, 48, 29, -4, 190, 
-131, 34, 165, 48, -148, 100, 24, -87, 39, 29, 4, 190, 
-131, 34, 165, 48, -148, 100, 24, -87, 39, 29, 4, 190, 
-131, 39, 170, 46, -151, 104, 24, -87, 43, 29, 4, 190, 
-136, 39, 175, 48, -156, 107, 24, -87, 43, 29, 4, 190, 
-126, 39, 165, 43, -146, 102, 34, -58, 58, 29, -24, 190, 
-126, 39, 165, 43, -146, 102, 34, -58, 58, 39, -24, 190, 
-136, 48, 185, 43, -161, 117, 43, -58, 58, 39, -14, 190, 
-141, 43, 185, 48, -163, 114, 34, -73, 53, 43, -9, 190, 
-131, 48, 180, 41, -156, 114, 24, -82, 58, 43, 0, 190, 
-141, 39, 180, 51, -161, 109, 29, -73, 63, 43, -9, 180, 
-136, 43, 180, 46, -158, 112, 48, -68, 73, 53, -14, 185, 
-136, 43, 180, 46, -158, 112, 48, -53, 87, 68, 4, 195, 
-131, 34, 165, 48, -148, 100, 39, -58, 97, 87, 29, 195, 
-126, 19, 146, 53, -136, 82, 19, -73, 92, 92, 34, 204, 
-117, 14, 131, 51, -124, 73, 4, -82, 97, 102, 43, 200, 
-112, 14, 126, 48, -119, 70, 4, -87, 97, 102, 48, 209, 
-102, 24, 126, 39, -114, 75, -9, -102, 87, 107, 53, 219, 
-78, 29, 107, 24, -92, 68, -34, -131, 73, 117, 73, 239, 
-39, 29, 68, 4, -53, 48, -29, -146, 63, 126, 102, 253, 
-9, 43, 53, -17, -31, 48, -48, -185, 39, 136, 131, 278, 
24, 78, 53, -51, -14, 65, -82, -253, -29, 117, 170, 307, 
78, 102, 24, -90, 26, 63, -146, -375, -136, 68, 204, 356, 
131, 107, -24, -119, 78, 41, -219, -536, -268, 9, 214, 380, 
195, 117, -78, -156, 136, 19, -302, -692, -400, -58, 209, 395, 
278, 151, -126, -214, 202, 12, -375, -814, -497, -117, 190, 424, 
361, 175, -185, -268, 273, -4, -429, -883, -566, -156, 170, 439, 
429, 175, -253, -302, 341, -39, -507, -976, -644, -234, 122, 419, 
507, 156, -351, -331, 429, -97, -585, -1107, -761, -351, 43, 370, 
570, 141, -429, -356, 500, -143, -639, -1195, -854, -439, -14, 336, 
614, 141, -473, -378, 544, -165, -668, -1249, -888, -473, -39, 322, 
649, 151, -497, -400, 573, -173, -673, -1283, -912, -492, -53, 312, 
683, 136, -546, -409, 614, -204, -644, -1259, -912, -502, -87, 287, 
688, 92, -595, -390, 641, -251, -605, -1180, -878, -492, -136, 248, 
722, 68, -653, -395, 688, -292, -575, -1102, -829, -473, -180, 219, 
756, 53, -702, -405, 729, -324, -556, -1044, -780, -463, -209, 200, 
766, 43, -722, -405, 744, -339, -546, -1000, -732, -444, -229, 190, 
727, 19, -707, -373, 717, -344, -546, -951, -668, -429, -229, 200, 
678, 29, -649, -353, 663, -309, -536, -854, -580, -366, -200, 219, 
580, 92, -488, -336, 534, -197, -453, -697, -429, -253, -102, 268, 
409, 146, -263, -278, 336, -58, -331, -522, -263, -136, -4, 326, 
268, 161, -107, -214, 187, 26, -244, -380, -161, -68, 39, 346, 
175, 151, -24, -163, 100, 63, -195, -302, -107, -24, 48, 326, 
78, 141, 63, -109, 7, 102, -136, -244, -68, 19, 58, 312, 
0, 131, 131, -65, -65, 131, -102, -204, -39, 34, 58, 302, 
-34, 122, 156, -43, -95, 139, -87, -195, -24, 34, 43, 278, 
-48, 122, 170, -36, -109, 146, -53, -161, 4, 39, 24, 258, 
-68, 102, 170, -17, -119, 136, -19, -131, 24, 39, 0, 239, 
-58, 78, 136, -9, -97, 107, -9, -117, 34, 19, -19, 214, 
-58, 68, 126, -4, -92, 97, 0, -102, 43, 9, -29, 200, 
-78, 63, 141, 7, -109, 102, 24, -73, 53, 24, -29, 204, 
-97, 63, 161, 17, -129, 112, 34, -63, 73, 29, -19, 209, 
-102, 68, 170, 17, -136, 119, 29, -58, 73, 43, -19, 209, 
-117, 68, 185, 24, -151, 126, 29, -58, 73, 53, -4, 200, 
-122, 68, 190, 26, -156, 129, 34, -58, 78, 63, 0, 200, 
-117, 78, 195, 19, -156, 136, 39, -53, 82, 68, 19, 214, 
-122, 78, 200, 21, -161, 139, 29, -48, 92, 78, 19, 214, 
-131, 82, 214, 24, -173, 148, 34, -43, 97, 78, 14, 214, 
-131, 82, 214, 24, -173, 148, 39, -34, 97, 68, 14, 204, 
-131, 82, 214, 24, -173, 148, 43, -29, 97, 63, 14, 200, 
-126, 82, 209, 21, -168, 146, 53, -39, 87, 63, 0, 195, 
-126, 78, 204, 24, -165, 141, 53, -39, 87, 63, -4, 195, 
-131, 78, 209, 26, -170, 143, 53, -39, 87, 68, -4, 195, 
-131, 78, 209, 26, -170, 143, 48, -39, 87, 68, -4, 195, 
-136, 87, 224, 24, -180, 156, 39, -39, 92, 73, 0, 200, 
-141, 87, 229, 26, -185, 158, 39, -34, 92, 73, 4, 200, 
-141, 87, 229, 26, -185, 158, 43, -29, 97, 78, 4, 204, 
-141, 87, 229, 26, -185, 158, 43, -29, 102, 78, 0, 204, 
-141, 82, 224, 29, -183, 153, 39, -34, 112, 63, -4, 204, 
-136, 82, 219, 26, -178, 151, 39, -34, 107, 63, -4, 204, 
-136, 78, 214, 29, -175, 146, 43, -34, 107, 63, -4, 200, 
-136, 73, 209, 31, -173, 141, 43, -34, 107, 63, -4, 200, 
-136, 78, 214, 29, -175, 146, 43, -39, 97, 73, 0, 209, 
-136, 82, 219, 26, -178, 151, 43, -39, 97, 73, 4, 209, 
-136, 92, 229, 21, -183, 161, 43, -34, 102, 73, 14, 209, 
-141, 97, 239, 21, -190, 168, 43, -34, 102, 78, 19, 214, 
-131, 117, 248, 7, -190, 183, 34, -34, 107, 82, 24, 214, 
-131, 117, 248, 7, -190, 183, 34, -34, 107, 82, 24, 214, 
-131, 117, 248, 7, -190, 183, 34, -34, 107, 82, 24, 214, 
-131, 117, 248, 7, -190, 183, 34, -34, 102, 78, 24, 214, 
-141, 112, 253, 14, -197, 183, 34, -34, 92, 78, 24, 204, 
-141, 102, 244, 19, -192, 173, 34, -34, 92, 78, 24, 204, 
-136, 97, 234, 19, -185, 165, 34, -34, 97, 78, 14, 200, 
-136, 87, 224, 24, -180, 156, 29, -34, 97, 78, 14, 195, 
-136, 87, 224, 24, -180, 156, 29, -24, 97, 78, 4, 195, 
-136, 92, 229, 21, -183, 161, 34, -24, 97, 78, 4, 195, 
-136, 92, 229, 21, -183, 161, 39, -24, 97, 78, 4, 195, 
-141, 92, 234, 24, -187, 163, 39, -24, 102, 78, 9, 200, 
-131, 102, 234, 14, -183, 168, 29, -29, 102, 68, 9, 200, 
-131, 102, 234, 14, -183, 168, 29, -29, 97, 73, 9, 200, 
-131, 102, 234, 14, -183, 168, 29, -24, 97, 78, 14, 200, 
-131, 102, 234, 14, -183, 168, 29, -24, 97, 78, 14, 200, 
-141, 112, 253, 14, -197, 183, 39, -29, 97, 73, 14, 200, 
-141, 112, 253, 14, -197, 183, 39, -29, 102, 73, 14, 200, 
-146, 112, 258, 17, -202, 185, 39, -29, 107, 73, 14, 200, 
-146, 112, 258, 17, -202, 185, 39, -19, 107, 73, 14, 200, 
-146, 112, 258, 17, -202, 185, 29, -29, 97, 73, 0, 200, 
-141, 112, 253, 14, -197, 183, 29, -29, 97, 73, 0, 200, 
-141, 112, 253, 14, -197, 183, 29, -29, 97, 73, 4, 200, 
-141, 112, 253, 14, -197, 183, 29, -24, 97, 73, 4, 200, 
-151, 102, 253, 24, -202, 178, 34, -24, 97, 63, 4, 200, 
-151, 102, 253, 24, -202, 178, 34, -19, 102, 73, 4, 200, 
-151, 102, 253, 24, -202, 178, 34, -19, 102, 73, 0, 200, 
-151, 97, 248, 26, -200, 173, 34, -14, 107, 73, 0, 200, 
-151, 97, 248, 26, -200, 173, 29, -24, 97, 73, 14, 190, 
-156, 102, 258, 26, -207, 180, 29, -14, 102, 78, 14, 190, 
-156, 102, 258, 26, -207, 180, 29, -14, 107, 78, 14, 190, 
-156, 102, 258, 26, -207, 180, 29, -19, 107, 78, 14, 190, 
-146, 92, 239, 26, -192, 165, 19, -9, 107, 87, 4, 200, 
-146, 97, 244, 24, -195, 170, 19, -9, 107, 87, 4, 200, 
-146, 97, 244, 24, -195, 170, 19, -9, 107, 87, 4, 200, 
-146, 97, 244, 24, -195, 170, 19, -9, 107, 87, 9, 200, 
-136, 97, 234, 19, -185, 165, 29, -9, 112, 92, 9, 190, 
-136, 97, 234, 19, -185, 165, 29, -4, 122, 92, 9, 190, 
-136, 97, 234, 19, -185, 165, 29, 4, 126, 97, 9, 190, 
-136, 97, 234, 19, -185, 165, 29, 4, 141, 107, 9, 190, 
-146, 97, 244, 24, -195, 170, 39, 14, 131, 107, 19, 200, 
-146, 97, 244, 24, -195, 170, 39, 14, 141, 107, 19, 200, 
-146, 97, 244, 24, -195, 170, 39, 14, 141, 107, 19, 200, 
-146, 97, 244, 24, -195, 170, 39, 14, 141, 107, 24, 200, 
-146, 87, 234, 29, -190, 161, 39, 9, 141, 112, 14, 200, 
-151, 87, 239, 31, -195, 163, 39, 9, 146, 112, 14, 200, 
-151, 87, 239, 31, -195, 163, 39, 14, 146, 117, 19, 204, 
-151, 87, 239, 31, -195, 163, 39, 19, 146, 117, 19, 204, 
-151, 78, 229, 36, -190, 153, 43, 24, 156, 126, 29, 204, 
-151, 78, 229, 36, -190, 153, 43, 24, 165, 126, 34, 204, 
-146, 78, 224, 34, -185, 151, 48, 39, 170, 136, 34, 209, 
-146, 78, 224, 34, -185, 151, 48, 39, 180, 136, 34, 209, 
-156, 87, 244, 34, -200, 165, 48, 43, 180, 136, 39, 209, 
-156, 87, 244, 34, -200, 165, 48, 48, 180, 136, 39, 209, 
-156, 87, 244, 34, -200, 165, 58, 53, 190, 146, 48, 209, 
-156, 87, 244, 34, -200, 165, 58, 53, 190, 151, 53, 214, 
-146, 87, 234, 29, -190, 161, 48, 68, 204, 156, 53, 214, 
-146, 92, 239, 26, -192, 165, 48, 73, 209, 161, 53, 214, 
-146, 92, 239, 26, -192, 165, 53, 78, 219, 161, 53, 214, 
-146, 97, 244, 24, -195, 170, 53, 87, 224, 165, 53, 209, 
-146, 107, 253, 19, -200, 180, 53, 92, 219, 170, 53, 209, 
-146, 107, 253, 19, -200, 180, 53, 92, 224, 175, 53, 214, 
-146, 107, 253, 19, -200, 180, 53, 102, 229, 180, 53, 214, 
-146, 107, 253, 19, -200, 180, 58, 107, 234, 185, 63, 214, 
-146, 102, 248, 21, -197, 175, 63, 107, 244, 195, 63, 214, 
-146, 102, 248, 21, -197, 175, 68, 117, 253, 200, 63, 219, 
-146, 102, 248, 21, -197, 175, 68, 122, 258, 209, 73, 219, 
-146, 102, 248, 21, -197, 175, 68, 131, 263, 219, 78, 219, 
-136, 107, 244, 14, -190, 175, 63, 146, 268, 209, 73, 219, 
-136, 107, 244, 14, -190, 175, 68, 151, 283, 214, 78, 224, 
-136, 107, 244, 14, -190, 175, 73, 161, 297, 229, 78, 224, 
-136, 107, 244, 14, -190, 175, 73, 165, 307, 239, 82, 229, 
-136, 112, 248, 12, -192, 180, 73, 175, 317, 253, 82, 234, 
-136, 117, 253, 9, -195, 185, 73, 185, 326, 263, 87, 234, 
-136, 117, 253, 9, -195, 185, 82, 195, 331, 273, 92, 234, 
-131, 117, 248, 7, -190, 183, 82, 195, 336, 278, 97, 234, 
-117, 131, 248, -7, -183, 190, 82, 200, 336, 273, 102, 224, 
-117, 136, 253, -9, -185, 195, 92, 214, 351, 283, 107, 229, 
-122, 136, 258, -7, -190, 197, 92, 219, 361, 287, 107, 229, 
-122, 141, 263, -9, -192, 202, 92, 229, 370, 297, 112, 229, 
-131, 136, 268, -2, -200, 202, 92, 234, 380, 302, 126, 234, 
-131, 136, 268, -2, -200, 202, 92, 244, 390, 317, 131, 239, 
-131, 136, 268, -2, -200, 202, 92, 253, 400, 326, 136, 239, 
-131, 141, 273, -4, -202, 207, 92, 263, 405, 326, 141, 244, 
-126, 141, 268, -7, -197, 204, 102, 253, 414, 331, 136, 244, 
-122, 146, 268, -12, -195, 207, 102, 253, 419, 336, 141, 244, 
-122, 146, 268, -12, -195, 207, 102, 253, 424, 341, 146, 244, 
-122, 151, 273, -14, -197, 212, 102, 258, 429, 346, 151, 244, 
-117, 146, 263, -14, -190, 204, 92, 263, 429, 356, 161, 253, 
-117, 146, 263, -14, -190, 204, 92, 268, 434, 361, 165, 258, 
-112, 146, 258, -17, -185, 202, 87, 268, 439, 366, 165, 258, 
-112, 151, 263, -19, -187, 207, 87, 268, 444, 370, 165, 258, 
-112, 151, 263, -19, -187, 207, 87, 268, 434, 361, 165, 263, 
-112, 141, 253, -14, -183, 197, 87, 268, 439, 361, 170, 263, 
-112, 151, 263, -19, -187, 207, 87, 268, 439, 361, 175, 263, 
-102, 151, 253, -24, -178, 202, 82, 263, 434, 361, 175, 263, 
-97, 151, 248, -26, -173, 200, 82, 253, 429, 370, 175, 263, 
-97, 151, 248, -26, -173, 200, 82, 248, 429, 370, 175, 263, 
-97, 151, 248, -26, -173, 200, 82, 239, 429, 366, 170, 263, 
-92, 151, 244, -29, -168, 197, 78, 239, 429, 366, 170, 268, 
-87, 156, 244, -34, -165, 200, 82, 239, 429, 351, 170, 258, 
-87, 156, 244, -34, -165, 200, 73, 229, 419, 346, 170, 258, 
-87, 156, 244, -34, -165, 200, 68, 224, 414, 346, 165, 258, 
-78, 156, 234, -39, -156, 195, 63, 209, 405, 336, 165, 253, 
-87, 156, 244, -34, -165, 200, 73, 200, 395, 336, 165, 263, 
-87, 156, 244, -34, -165, 200, 68, 200, 380, 331, 165, 263, 
-87, 146, 234, -29, -161, 190, 68, 195, 370, 326, 165, 263, 
-78, 146, 224, -34, -151, 185, 68, 190, 366, 322, 156, 263, 
-78, 146, 224, -34, -151, 185, 48, 165, 356, 302, 165, 253, 
-78, 146, 224, -34, -151, 185, 48, 156, 341, 292, 156, 253, 
-78, 141, 219, -31, -148, 180, 43, 146, 336, 283, 156, 248, 
-78, 136, 214, -29, -146, 175, 34, 131, 322, 278, 151, 248, 
-63, 126, 190, -31, -126, 158, 39, 126, 307, 268, 136, 248, 
-63, 126, 190, -31, -126, 158, 39, 107, 297, 258, 131, 248, 
-63, 126, 190, -31, -126, 158, 29, 102, 283, 244, 122, 244, 
-63, 126, 190, -31, -126, 158, 24, 87, 268, 224, 117, 244, 
-73, 122, 195, -24, -134, 158, 19, 82, 253, 224, 102, 244, 
-73, 117, 190, -21, -131, 153, 14, 68, 239, 214, 102, 239, 
-73, 117, 190, -21, -131, 153, 9, 58, 224, 209, 102, 239, 
-73, 117, 190, -21, -131, 153, 4, 43, 214, 195, 92, 239, 
-73, 117, 190, -21, -131, 153, 4, 29, 209, 190, 102, 239, 
-73, 112, 185, -19, -129, 148, 0, 24, 204, 175, 87, 234, 
-73, 107, 180, -17, -126, 143, -4, 19, 185, 170, 82, 234, 
-73, 102, 175, -14, -124, 139, -9, 4, 175, 151, 78, 229, 
-82, 107, 190, -12, -136, 148, -4, 4, 170, 151, 73, 239, 
-82, 107, 190, -12, -136, 148, 0, 0, 165, 141, 68, 239, 
-82, 102, 185, -9, -134, 143, 0, -14, 161, 136, 73, 239, 
-82, 102, 185, -9, -134, 143, 0, -24, 151, 131, 78, 234, 
-82, 87, 170, -2, -126, 129, -14, -14, 136, 122, 78, 219, 
-82, 87, 170, -2, -126, 129, -14, -24, 122, 112, 78, 219, 
-82, 87, 170, -2, -126, 129, -14, -34, 117, 102, 73, 219, 
-87, 82, 170, 2, -129, 126, -19, -34, 112, 102, 68, 219, 
-97, 82, 180, 7, -139, 131, -9, -39, 102, 97, 63, 224, 
-97, 82, 180, 7, -139, 131, -9, -39, 97, 92, 58, 224, 
-92, 82, 175, 4, -134, 129, -9, -43, 97, 92, 58, 224, 
-92, 73, 165, 9, -129, 119, -14, -48, 102, 87, 58, 224, 
-92, 68, 161, 12, -126, 114, -24, -53, 92, 68, 43, 209, 
-102, 68, 170, 17, -136, 119, -24, -68, 87, 68, 43, 209, 
-102, 68, 170, 17, -136, 119, -19, -78, 82, 63, 43, 209, 
-97, 68, 165, 14, -131, 117, -19, -82, 78, 63, 43, 209, 
-97, 68, 165, 14, -131, 117, -19, -87, 73, 68, 39, 219, 
-102, 63, 165, 19, -134, 114, -19, -87, 73, 63, 34, 214, 
-102, 63, 165, 19, -134, 114, -19, -87, 68, 63, 29, 214, 
-102, 63, 165, 19, -134, 114, -19, -87, 68, 58, 29, 214, 
-107, 63, 170, 21, -139, 117, -9, -82, 63, 53, 34, 214, 
-107, 63, 170, 21, -139, 117, -9, -87, 58, 53, 34, 214, 
-107, 63, 170, 21, -139, 117, -9, -87, 58, 53, 39, 214, 
-112, 58, 170, 26, -141, 114, -4, -82, 63, 53, 43, 214, 
-112, 48, 161, 31, -136, 104, -9, -92, 63, 43, 39, 200, 
-112, 48, 161, 31, -136, 104, -14, -92, 58, 43, 34, 195, 
-112, 48, 161, 31, -136, 104, -19, -97, 53, 43, 29, 195, 
-117, 48, 165, 34, -141, 107, -19, -97, 48, 43, 24, 195, 
-107, 58, 165, 24, -136, 112, -9, -102, 48, 53, 24, 209, 
-107, 58, 165, 24, -136, 112, -9, -102, 43, 53, 24, 209, 
-107, 53, 161, 26, -134, 107, -9, -97, 43, 48, 24, 209, 
-107, 53, 161, 26, -134, 107, -9, -97, 48, 48, 24, 209, 
-117, 53, 170, 31, -143, 112, -9, -97, 39, 43, 24, 204, 
-117, 53, 170, 31, -143, 112, -9, -97, 39, 39, 19, 204, 
-122, 53, 175, 34, -148, 114, -9, -92, 43, 34, 19, 204, 
-122, 53, 175, 34, -148, 114, -9, -92, 43, 34, 29, 209, 
-122, 53, 175, 34, -148, 114, -9, -102, 34, 34, 29, 209, 
-122, 53, 175, 34, -148, 114, -4, -102, 34, 34, 29, 204, 
-122, 53, 175, 34, -148, 114, -4, -102, 34, 34, 24, 204, 
-122, 53, 175, 34, -148, 114, -4, -97, 34, 34, 24, 204, 
-122, 43, 165, 39, -143, 104, -4, -87, 43, 39, 34, 214, 
-122, 43, 165, 39, -143, 104, -4, -82, 43, 43, 34, 214, 
-122, 48, 170, 36, -146, 109, 0, -82, 43, 48, 34, 209, 
-122, 48, 170, 36, -146, 109, 9, -82, 43, 53, 34, 209, 
-131, 43, 175, 43, -153, 109, 9, -82, 48, 43, 29, 204, 
-131, 43, 175, 43, -153, 109, 4, -82, 48, 48, 29, 204, 
-131, 43, 175, 43, -153, 109, 4, -78, 48, 48, 29, 204, 
-136, 43, 180, 46, -158, 112, 4, -78, 53, 48, 34, 209, 
-136, 39, 175, 48, -156, 107, 4, -78, 43, 43, 39, 209, 
-131, 39, 170, 46, -151, 104, 0, -78, 43, 43, 39, 209, 
-131, 39, 170, 46, -151, 104, 0, -68, 43, 43, 39, 204, 
-131, 34, 165, 48, -148, 100, 4, -68, 43, 43, 39, 204, 
-122, 43, 165, 39, -143, 104, 4, -73, 48, 58, 39, 195, 
-122, 43, 165, 39, -143, 104, 4, -73, 48, 58, 39, 195, 
-126, 43, 170, 41, -148, 107, 4, -68, 48, 58, 39, 195, 
-126, 43, 170, 41, -148, 107, 4, -68, 53, 58, 39, 190, 
-126, 34, 161, 46, -143, 97, 9, -58, 68, 58, 29, 190, 
-126, 34, 161, 46, -143, 97, 14, -53, 68, 58, 29, 195, 
-126, 29, 156, 48, -141, 92, 14, -53, 63, 58, 29, 195, 
-122, 29, 151, 46, -136, 90, 14, -53, 63, 58, 29, 195, 
-122, 24, 146, 48, -134, 85, 9, -58, 63, 68, 39, 204, 
-126, 29, 156, 48, -141, 92, 9, -58, 63, 68, 34, 204, 
-126, 29, 156, 48, -141, 92, 9, -58, 63, 73, 34, 204, 
-126, 29, 156, 48, -141, 92, 4, -58, 63, 73, 34, 204, 
-126, 39, 165, 43, -146, 102, 4, -63, 68, 73, 39, 204, 
-126, 39, 165, 43, -146, 102, 4, -63, 68, 73, 39, 204, 
-126, 39, 165, 43, -146, 102, 9, -63, 68, 73, 43, 204, 
-126, 39, 165, 43, -146, 102, 9, -63, 68, 73, 43, 204, 
-126, 29, 156, 48, -141, 92, 9, -53, 68, 78, 53, 204, 
-126, 29, 156, 48, -141, 92, 9, -53, 68, 78, 53, 204, 
-126, 29, 156, 48, -141, 92, 14, -53, 68, 78, 53, 204, 
-122, 29, 151, 46, -136, 90, 14, -53, 68, 78, 53, 204, 
-117, 39, 156, 39, -136, 97, 0, -53, 68, 78, 43, 204, 
-117, 34, 151, 41, -134, 92, 0, -53, 68, 78, 43, 204, 
-122, 34, 156, 43, -139, 95, 0, -53, 68, 78, 43, 204, 
-122, 39, 161, 41, -141, 100, 0, -53, 68, 78, 43, 204, 
-112, 39, 151, 36, -131, 95, 9, -53, 68, 82, 53, 204, 
-112, 39, 151, 36, -131, 95, 9, -53, 68, 82, 53, 204, 
-117, 39, 156, 39, -136, 97, 9, -53, 68, 82, 53, 204, 
-117, 39, 156, 39, -136, 97, 9, -53, 68, 87, 53, 204, 
-117, 39, 156, 39, -136, 97, 0, -53, 68, 78, 43, 195, 
-117, 39, 156, 39, -136, 97, 0, -53, 68, 78, 43, 195, 
-117, 34, 151, 41, -134, 92, 0, -53, 68, 73, 43, 195, 
-117, 34, 151, 41, -134, 92, 0, -53, 68, 73, 43, 195, 
-117, 34, 151, 41, -134, 92, 0, -63, 73, 82, 48, 195, 
-117, 34, 151, 41, -134, 92, 0, -63, 73, 82, 48, 195, 
-117, 29, 146, 43, -131, 87, 0, -63, 78, 82, 48, 195, 
-117, 29, 146, 43, -131, 87, 4, -63, 78, 82, 48, 195, 
-117, 34, 151, 41, -134, 92, 4, -58, 63, 87, 43, 204, 
-117, 34, 151, 41, -134, 92, 4, -58, 63, 87, 43, 200, 
-117, 34, 151, 41, -134, 92, 4, -58, 63, 92, 48, 200, 
-117, 34, 151, 41, -134, 92, 4, -58, 63, 92, 53, 204, 
-117, 24, 141, 46, -129, 82, 4, -58, 73, 82, 53, 204, 
-117, 24, 141, 46, -129, 82, 4, -58, 73, 82, 48, 204, 
-117, 19, 136, 48, -126, 78, 4, -58, 68, 78, 48, 204, 
-117, 19, 136, 48, -126, 78, 4, -58, 68, 78, 43, 204, 
-117, 34, 151, 41, -134, 92, 4, -58, 68, 78, 48, 204, 
-117, 34, 151, 41, -134, 92, 4, -58, 68, 78, 48, 204, 
-117, 34, 151, 41, -134, 92, 4, -58, 68, 73, 48, 204, 
-117, 34, 151, 41, -134, 92, 4, -58, 68, 73, 43, 204, 
-117, 34, 151, 41, -134, 92, 4, -58, 73, 82, 43, 204, 
-117, 34, 151, 41, -134, 92, 4, -63, 73, 82, 43, 204, 
-117, 34, 151, 41, -134, 92, 4, -68, 73, 82, 39, 204, 
-117, 34, 151, 41, -134, 92, 4, -68, 73, 82, 39, 204, 
-117, 34, 151, 41, -134, 92, 14, -68, 63, 78, 39, 195, 
-117, 34, 151, 41, -134, 92, 14, -68, 63, 78, 43, 195, 
-117, 34, 151, 41, -134, 92, 14, -68, 63, 73, 43, 195, 
-117, 34, 151, 41, -134, 92, 14, -68, 63, 63, 43, 195, 
-126, 34, 161, 46, -143, 97, 4, -68, 63, 73, 29, 190, 
-126, 34, 161, 46, -143, 97, 9, -68, 63, 68, 29, 190, 
-126, 34, 161, 46, -143, 97, 9, -68, 63, 68, 29, 190, 
-126, 34, 161, 46, -143, 97, 9, -68, 58, 68, 34, 185, 
-126, 34, 161, 46, -143, 97, 9, -68, 58, 78, 43, 195, 
-122, 34, 156, 43, -139, 95, 9, -73, 58, 78, 43, 195, 
-117, 34, 151, 41, -134, 92, 9, -73, 58, 78, 43, 195, 
-112, 34, 146, 39, -129, 90, 9, -73, 58, 82, 48, 195, 
-117, 34, 151, 41, -134, 92, 9, -63, 58, 73, 48, 204, 
-117, 34, 151, 41, -134, 92, 9, -63, 58, 68, 48, 204, 
-117, 34, 151, 41, -134, 92, 9, -63, 58, 68, 48, 209, 
-117, 29, 146, 43, -131, 87, 9, -63, 58, 68, 48, 209, 
-126, 29, 156, 48, -141, 92, 0, -73, 58, 78, 39, 209, 
-126, 34, 161, 46, -143, 97, 0, -73, 58, 78, 39, 209, 
-126, 34, 161, 46, -143, 97, 0, -73, 58, 78, 39, 214, 
-126, 34, 161, 46, -143, 97, 0, -73, 58, 78, 39, 214, 
-117, 24, 141, 46, -129, 82, 9, -73, 58, 68, 43, 214, 
-117, 24, 141, 46, -129, 82, 9, -73, 58, 73, 43, 209, 
-117, 24, 141, 46, -129, 82, 9, -68, 58, 73, 43, 209, 
-117, 24, 141, 46, -129, 82, 9, -68, 58, 73, 43, 209, 
-117, 24, 141, 46, -129, 82, 0, -68, 63, 78, 43, 209, 
-122, 19, 141, 51, -131, 80, 0, -68, 63, 78, 43, 209, 
-122, 14, 136, 53, -129, 75, 0, -68, 63, 73, 43, 209, 
-122, 14, 136, 53, -129, 75, 0, -68, 58, 73, 39, 209, 
-122, 14, 136, 53, -129, 75, 0, -68, 58, 73, 39, 204, 
-122, 19, 141, 51, -131, 80, 0, -68, 58, 73, 39, 200, 
-122, 29, 151, 46, -136, 90, 0, -73, 58, 73, 39, 195, 
-122, 39, 161, 41, -141, 100, 0, -73, 58, 78, 43, 190, 
-122, 39, 161, 41, -141, 100, 9, -73, 58, 68, 39, 195, 
-122, 39, 161, 41, -141, 100, 9, -73, 58, 68, 39, 200, 
-122, 39, 161, 41, -141, 100, 9, -73, 58, 68, 39, 204, 
-122, 39, 161, 41, -141, 100, 9, -73, 58, 73, 39, 209, 
-112, 29, 141, 41, -126, 85, 0, -73, 58, 82, 39, 200, 
-112, 29, 141, 41, -126, 85, 4, -73, 58, 78, 39, 200, 
-112, 24, 136, 43, -124, 80, 4, -73, 58, 78, 39, 200, 
-112, 24, 136, 43, -124, 80, 0, -73, 58, 78, 39, 200, 
-122, 24, 146, 48, -134, 85, 9, -73, 58, 78, 48, 200, 
-122, 19, 141, 51, -131, 80, 9, -68, 63, 78, 48, 200, 
-122, 14, 136, 53, -129, 75, 9, -68, 63, 78, 48, 200, 
-122, 14, 136, 53, -129, 75, 14, -63, 63, 78, 43, 200, 
-122, 24, 146, 48, -134, 85, 19, -63, 63, 68, 43, 200, 
-122, 24, 146, 48, -134, 85, 14, -68, 63, 78, 48, 200, 
-117, 24, 141, 46, -129, 82, 14, -68, 63, 78, 53, 200, 
-117, 24, 141, 46, -129, 82, 14, -58, 63, 68, 58, 204, 
-122, 34, 156, 43, -139, 95, 24, -58, 73, 78, 48, 204, 
-122, 39, 161, 41, -141, 100, 24, -58, 73, 78, 48, 204, 
-122, 43, 165, 39, -143, 104, 24, -58, 78, 78, 43, 204, 
-122, 43, 165, 39, -143, 104, 24, -58, 78, 82, 43, 204, 
-107, 53, 161, 26, -134, 107, 24, -58, 78, 92, 43, 195, 
-107, 53, 161, 26, -134, 107, 24, -53, 78, 92, 48, 195, 
-112, 53, 165, 29, -139, 109, 24, -53, 78, 92, 53, 200, 
-112, 53, 165, 29, -139, 109, 24, -48, 78, 92, 58, 204, 
-102, 53, 156, 24, -129, 104, 34, -39, 87, 107, 68, 209, 
-97, 53, 151, 21, -124, 102, 34, -34, 92, 107, 63, 214, 
-97, 53, 151, 21, -124, 102, 39, -29, 97, 107, 58, 219, 
-97, 53, 151, 21, -124, 102, 48, -24, 102, 107, 58, 224, 
-102, 53, 156, 24, -129, 104, 53, -19, 117, 122, 68, 234, 
-102, 53, 156, 24, -129, 104, 63, -14, 122, 122, 73, 234, 
-102, 53, 156, 24, -129, 104, 53, -9, 122, 126, 78, 234, 
-102, 53, 156, 24, -129, 104, 53, -4, 122, 126, 82, 234, 
-97, 58, 156, 19, -126, 107, 63, 0, 122, 131, 82, 234, 
-92, 68, 161, 12, -126, 114, 63, 0, 122, 131, 78, 234, 
-92, 78, 170, 7, -131, 124, 63, 9, 126, 131, 78, 234, 
-97, 82, 180, 7, -139, 131, 58, 9, 131, 136, 78, 234, 
-97, 68, 165, 14, -131, 117, 53, 14, 131, 131, 78, 234, 
-97, 68, 165, 14, -131, 117, 53, 14, 136, 131, 82, 234, 
-97, 68, 165, 14, -131, 117, 48, 19, 136, 131, 82, 234, 
-97, 68, 165, 14, -131, 117, 48, 19, 136, 131, 82, 239, 
-97, 68, 165, 14, -131, 117, 43, 0, 112, 126, 73, 229, 
-97, 68, 165, 14, -131, 117, 39, -9, 107, 122, 73, 234, 
-97, 68, 165, 14, -131, 117, 29, -19, 102, 117, 78, 234, 
-97, 68, 165, 14, -131, 117, 19, -34, 97, 112, 78, 229, 
-107, 58, 165, 24, -136, 112, 14, -48, 92, 112, 82, 224, 
-107, 53, 161, 26, -134, 107, 14, -53, 87, 102, 78, 224, 
-107, 48, 156, 29, -131, 102, 0, -58, 87, 102, 78, 224, 
-107, 48, 156, 29, -131, 102, -4, -63, 87, 102, 78, 224, 
-107, 39, 146, 34, -126, 92, -4, -58, 78, 92, 63, 214, 
-107, 39, 146, 34, -126, 92, -4, -58, 78, 92, 63, 214, 
-107, 34, 141, 36, -124, 87, -4, -58, 73, 92, 58, 209, 
-107, 34, 141, 36, -124, 87, -9, -63, 68, 92, 58, 209, 
-87, 39, 126, 24, -107, 82, -9, -73, 73, 82, 58, 209, 
-97, 29, 126, 34, -112, 78, -14, -73, 63, 82, 43, 209, 
-102, 19, 122, 41, -112, 70, -9, -73, 68, 82, 53, 209, 
-97, 29, 126, 34, -112, 78, -14, -73, 78, 92, 58, 209, 
-107, 29, 136, 39, -122, 82, -9, -78, 68, 87, 68, 214, 
-107, 29, 136, 39, -122, 82, -14, -87, 58, 78, 58, 204, 
-107, 29, 136, 39, -122, 82, -19, -87, 58, 78, 58, 204, 
-107, 29, 136, 39, -122, 82, -24, -87, 58, 78, 58, 204, 
-107, 29, 136, 39, -122, 82, -29, -87, 58, 78, 58, 204, 
-97, 29, 126, 34, -112, 78, -29, -97, 53, 73, 53, 204, 
-97, 29, 126, 34, -112, 78, -29, -97, 48, 68, 48, 204, 
-102, 24, 126, 39, -114, 75, -29, -97, 43, 63, 43, 204, 
-107, 9, 117, 48, -112, 63, -29, -102, 39, 58, 39, 209, 
-112, 9, 122, 51, -117, 65, -19, -102, 48, 68, 39, 209, 
-112, 4, 117, 53, -114, 61, -19, -97, 48, 68, 34, 209, 
-112, 0, 112, 56, -112, 56, -19, -92, 48, 68, 29, 209, 
-112, 0, 112, 56, -112, 56, -19, -92, 48, 73, 29, 204, 
-126, 0, 126, 63, -126, 63, -24, -92, 43, 63, 34, 195, 
-126, 0, 126, 63, -126, 63, -24, -92, 43, 63, 34, 195, 
-122, 0, 122, 61, -122, 61, -24, -92, 43, 63, 29, 190, 
-122, 0, 122, 61, -122, 61, -24, -102, 43, 58, 24, 190, 
-122, 0, 122, 61, -122, 61, -14, -102, 43, 58, 34, 190, 
-117, -9, 107, 63, -112, 48, -14, -97, 43, 58, 34, 185, 
-117, -9, 107, 63, -112, 48, -9, -97, 43, 53, 34, 185, 
-117, -14, 102, 65, -109, 43, -9, -97, 43, 53, 34, 185, 
-117, -14, 102, 65, -109, 43, -19, -97, 39, 63, 29, 195, 
-117, -14, 102, 65, -109, 43, -19, -102, 34, 63, 29, 195, 
-117, -14, 102, 65, -109, 43, -19, -107, 34, 58, 29, 190, 
-112, -14, 97, 63, -104, 41, -19, -107, 34, 58, 29, 190, 
-92, -14, 78, 53, -85, 31, -24, -102, 39, 48, 19, 195, 
-92, -14, 78, 53, -85, 31, -24, -102, 39, 53, 19, 195, 
-82, -9, 73, 46, -78, 31, -24, -102, 39, 53, 24, 195, 
-78, -4, 73, 41, -75, 34, -24, -107, 39, 53, 24, 195, 
-78, -14, 63, 46, -70, 24, -24, -107, 29, 53, 24, 185, 
-78, -9, 68, 43, -73, 29, -24, -102, 29, 53, 24, 190, 
-78, -9, 68, 43, -73, 29, -24, -102, 34, 53, 24, 190, 
-87, -4, 82, 46, -85, 39, -24, -92, 34, 53, 29, 190, 
-87, 9, 97, 39, -92, 53, -19, -92, 43, 73, 39, 200, 
-92, 9, 102, 41, -97, 56, -14, -92, 53, 73, 43, 200, 
-97, 9, 107, 43, -102, 58, -9, -87, 58, 78, 43, 200, 
-107, 4, 112, 51, -109, 58, -4, -82, 63, 78, 43, 200, 
-126, 4, 131, 61, -129, 68, 4, -82, 68, 78, 34, 200, 
-126, 4, 131, 61, -129, 68, 9, -82, 68, 78, 34, 200, 
-131, 4, 136, 63, -134, 70, 9, -82, 68, 73, 29, 200, 
-136, 4, 141, 65, -139, 73, 14, -87, 63, 73, 29, 200, 
-151, 0, 151, 75, -151, 75, 14, -87, 53, 63, 24, 190, 
-151, -9, 141, 80, -146, 65, 14, -87, 53, 63, 24, 185, 
-151, -14, 136, 82, -143, 61, 14, -87, 53, 63, 24, 185, 
-146, -19, 126, 82, -136, 53, 14, -87, 53, 63, 24, 185, 
-136, -9, 126, 73, -131, 58, 14, -97, 53, 63, 24, 195, 
-136, -4, 131, 70, -134, 63, 14, -92, 53, 63, 24, 200, 
-141, 0, 141, 70, -141, 70, 14, -92, 53, 63, 24, 200, 
-141, 4, 146, 68, -143, 75, 14, -92, 53, 63, 24, 200, 
-131, 14, 146, 58, -139, 80, 9, -82, 63, 68, 34, 190, 
-136, 14, 151, 61, -143, 82, 9, -82, 63, 73, 34, 190, 
-136, 9, 146, 63, -141, 78, 19, -82, 63, 78, 34, 190, 
-136, 9, 146, 63, -141, 78, 19, -82, 63, 82, 34, 190, 
-126, 0, 126, 63, -126, 63, 19, -92, 53, 73, 34, 190, 
-126, 0, 126, 63, -126, 63, 19, -92, 53, 68, 34, 190, 
-126, 0, 126, 63, -126, 63, 14, -92, 53, 63, 34, 190, 
-126, 0, 126, 63, -126, 63, 14, -92, 53, 63, 34, 190, 
-131, 0, 131, 65, -131, 65, 14, -82, 63, 73, 43, 200, 
-136, 0, 136, 68, -136, 68, 14, -82, 63, 78, 43, 200, 
-136, 0, 136, 68, -136, 68, 14, -82, 68, 78, 43, 200, 
-141, 0, 141, 70, -141, 70, 9, -82, 68, 78, 43, 200, 
-141, 0, 141, 70, -141, 70, 9, -82, 58, 78, 34, 190, 
-146, 4, 151, 70, -148, 78, 9, -82, 58, 78, 34, 190, 
-146, 4, 151, 70, -148, 78, 9, -82, 58, 78, 34, 190, 
-141, 4, 146, 68, -143, 75, 9, -82, 58, 78, 34, 190, 
-141, 4, 146, 68, -143, 75, 9, -82, 68, 68, 34, 190, 
-141, 4, 146, 68, -143, 75, 9, -82, 68, 68, 34, 190, 
-141, 0, 141, 70, -141, 70, 19, -78, 68, 68, 34, 190, 
-141, 0, 141, 70, -141, 70, 19, -78, 68, 68, 34, 190, 
-141, -9, 131, 75, -136, 61, 24, -78, 68, 73, 43, 200, 
-141, -9, 131, 75, -136, 61, 24, -78, 68, 78, 43, 200, 
-141, -4, 136, 73, -139, 65, 19, -78, 68, 82, 43, 200, 
-141, -4, 136, 73, -139, 65, 19, -78, 68, 87, 43, 200, 
-151, -14, 136, 82, -143, 61, 29, -78, 78, 87, 39, 200, 
-151, -14, 136, 82, -143, 61, 29, -78, 78, 82, 39, 200, 
-151, -14, 136, 82, -143, 61, 29, -78, 78, 82, 39, 200, 
-151, -14, 136, 82, -143, 61, 29, -78, 78, 87, 43, 200, 
-151, -4, 146, 78, -148, 70, 24, -78, 78, 78, 34, 200, 
-151, -4, 146, 78, -148, 70, 24, -78, 78, 78, 34, 200, 
-151, 0, 151, 75, -151, 75, 24, -78, 82, 78, 34, 200, 
-156, 0, 156, 78, -156, 78, 24, -78, 82, 78, 34, 200, 
-146, -19, 126, 82, -136, 53, 24, -68, 78, 87, 43, 200, 
-156, -29, 126, 92, -141, 48, 24, -68, 78, 78, 34, 190, 
-156, -9, 146, 82, -151, 68, 24, -68, 78, 87, 43, 190, 
-161, 4, 165, 78, -163, 85, 24, -63, 82, 102, 48, 190, 
-161, 0, 161, 80, -161, 80, 24, -73, 87, 92, 48, 190, 
-151, 9, 161, 70, -156, 85, 19, -82, 82, 92, 48, 200, 
-156, 14, 170, 70, -163, 92, 29, -87, 82, 92, 43, 195, 
-156, 14, 170, 70, -163, 92, 29, -73, 97, 107, 43, 195, 
-141, 24, 165, 58, -153, 95, 29, -58, 126, 117, 48, 195, 
-136, 29, 165, 53, -151, 97, 29, -43, 141, 131, 63, 204, 
-156, 14, 170, 70, -163, 92, 14, -43, 146, 131, 63, 200, 
-151, 4, 156, 73, -153, 80, -4, -58, 136, 141, 68, 200, 
-131, 4, 136, 63, -134, 70, 0, -63, 136, 165, 92, 200, 
-136, 9, 146, 63, -141, 78, -4, -63, 141, 185, 122, 219, 
-117, 9, 126, 53, -122, 68, -19, -87, 141, 204, 151, 234, 
-78, 24, 102, 26, -90, 63, -48, -107, 136, 224, 180, 268, 
-43, 29, 73, 7, -58, 51, -63, -146, 117, 244, 209, 287, 
-19, 43, 63, -12, -41, 53, -87, -209, 68, 234, 234, 317, 
24, 68, 43, -46, -9, 56, -151, -322, -4, 214, 273, 361, 
78, 78, 0, -78, 39, 39, -234, -468, -117, 185, 307, 405, 
131, 82, -48, -107, 90, 17, -307, -610, -224, 126, 317, 434, 
204, 107, -97, -156, 151, 4, -380, -727, -322, 78, 307, 439, 
283, 156, -126, -219, 204, 14, -458, -800, -390, 58, 317, 458, 
351, 156, -195, -253, 273, -19, -527, -883, -458, 9, 297, 458, 
424, 131, -292, -278, 358, -80, -610, -980, -551, -68, 239, 424, 
507, 122, -385, -314, 446, -131, -668, -1073, -624, -122, 185, 400, 
580, 122, -458, -351, 519, -168, -692, -1098, -639, -122, 151, 380, 
624, 126, -497, -375, 561, -185, -692, -1093, -629, -122, 126, 385, 
668, 112, -556, -390, 612, -222, -663, -1083, -624, -131, 87, 375, 
692, 97, -595, -395, 644, -248, -634, -1044, -605, -151, 53, 336, 
717, 73, -644, -395, 680, -285, -614, -985, -575, -141, 24, 297, 
756, 73, -683, -414, 719, -305, -624, -932, -536, -122, 4, 278, 
785, 58, -727, -422, 756, -334, -634, -893, -483, -117, -4, 268, 
785, 39, -746, -412, 766, -353, -624, -844, -444, -122, -14, 268, 
746, 14, -732, -380, 739, -358, -600, -766, -390, -97, -24, 268, 
673, 39, -634, -356, 653, -297, -527, -639, -283, -19, 14, 307, 
512, 82, -429, -297, 470, -173, -409, -507, -161, 58, 87, 346, 
322, 92, -229, -207, 275, -68, -292, -400, -87, 102, 136, 366, 
204, 73, -131, -139, 168, -29, -224, -322, -39, 107, 136, 361, 
136, 73, -63, -104, 100, 4, -170, -263, -9, 122, 136, 341, 
43, 63, 19, -53, 12, 41, -126, -224, 14, 122, 131, 326, 
-9, 63, 73, -26, -41, 68, -102, -200, 24, 117, 122, 297, 
-19, 73, 92, -26, -56, 82, -78, -161, 34, 107, 117, 287, 
-48, 78, 126, -14, -87, 102, -48, -126, 53, 107, 107, 263, 
-78, 48, 126, 14, -102, 87, -19, -102, 73, 117, 87, 239, 
-68, 34, 102, 17, -85, 68, -4, -92, 82, 102, 68, 224, 
-68, 14, 82, 26, -75, 48, 4, -82, 92, 107, 58, 219, 
-92, 19, 112, 36, -102, 65, 19, -68, 112, 122, 58, 229, 
-107, 19, 126, 43, -117, 73, 19, -58, 122, 141, 63, 229, 
-122, 19, 141, 51, -131, 80, 24, -48, 126, 151, 68, 229, 
-136, 19, 156, 58, -146, 87, 29, -53, 131, 146, 68, 224, 
-141, 19, 161, 61, -151, 90, 39, -39, 141, 146, 68, 224, 
-151, 24, 175, 63, -163, 100, 43, -34, 146, 146, 63, 224, 
-151, 24, 175, 63, -163, 100, 48, -24, 146, 136, 63, 214, 
-151, 24, 175, 63, -163, 100, 53, -19, 146, 131, 63, 209, 
-136, 9, 146, 63, -141, 78, 53, -29, 136, 131, 58, 214, 
-136, 0, 136, 68, -136, 68, 53, -29, 136, 131, 53, 214, 
-141, -4, 136, 73, -139, 65, 53, -29, 136, 136, 53, 214, 
-141, -9, 131, 75, -136, 61, 48, -29, 136, 136, 53, 214, 
-146, 0, 146, 73, -146, 73, 48, -29, 151, 131, 58, 214, 
-151, 0, 151, 75, -151, 75, 48, -24, 151, 131, 63, 209, 
-151, 0, 151, 75, -151, 75, 53, -19, 156, 136, 63, 209, 
-151, 0, 151, 75, -151, 75, 53, -19, 161, 136, 58, 204, 
-161, 0, 161, 80, -161, 80, 48, -4, 151, 136, 53, 204, 
-156, 4, 161, 75, -158, 82, 48, -4, 146, 141, 53, 204, 
-156, 4, 161, 75, -158, 82, 53, -4, 146, 146, 53, 200, 
-156, 4, 161, 75, -158, 82, 53, -4, 146, 151, 53, 200, 
-156, 0, 156, 78, -156, 78, 63, -19, 146, 146, 43, 200, 
-156, 4, 161, 75, -158, 82, 63, -19, 146, 141, 43, 200, 
-156, 14, 170, 70, -163, 92, 63, -14, 151, 136, 48, 200, 
-161, 19, 180, 70, -170, 100, 63, -14, 151, 136, 48, 204, 
-161, 19, 180, 70, -170, 100, 53, -14, 156, 151, 58, 195, 
-161, 19, 180, 70, -170, 100, 53, -14, 156, 151, 63, 195, 
-161, 19, 180, 70, -170, 100, 53, -14, 156, 151, 68, 195, 
-161, 19, 180, 70, -170, 100, 53, -14, 151, 146, 73, 195, 
-161, 19, 180, 70, -170, 100, 53, -24, 151, 146, 68, 195, 
-161, 14, 175, 73, -168, 95, 53, -24, 151, 146, 63, 195, 
-156, 14, 170, 70, -163, 92, 53, -24, 156, 146, 48, 190, 
-156, 9, 165, 73, -161, 87, 48, -24, 156, 146, 43, 185, 
-156, 9, 165, 73, -161, 87, 48, -14, 156, 146, 48, 195, 
-156, 14, 170, 70, -163, 92, 53, -14, 156, 146, 53, 195, 
-156, 14, 170, 70, -163, 92, 58, -14, 156, 146, 58, 195, 
-161, 14, 175, 73, -168, 95, 58, -14, 161, 146, 68, 200, 
-161, 4, 165, 78, -163, 85, 58, -9, 161, 146, 68, 209, 
-161, 4, 165, 78, -163, 85, 58, -9, 156, 151, 68, 209, 
-161, 4, 165, 78, -163, 85, 58, -4, 156, 156, 73, 209, 
-161, 4, 165, 78, -163, 85, 58, -4, 156, 156, 73, 209, 
-161, 14, 175, 73, -168, 95, 58, -9, 165, 151, 63, 209, 
-161, 14, 175, 73, -168, 95, 58, -9, 170, 151, 63, 209, 
-165, 14, 180, 75, -173, 97, 58, -9, 175, 151, 63, 209, 
-165, 14, 180, 75, -173, 97, 58, 0, 175, 151, 63, 209, 
-165, 4, 170, 80, -168, 87, 58, -9, 175, 161, 68, 200, 
-161, 4, 165, 78, -163, 85, 58, -9, 175, 161, 68, 200, 
-161, 4, 165, 78, -163, 85, 58, -9, 175, 161, 73, 200, 
-161, 4, 165, 78, -163, 85, 58, -4, 175, 161, 73, 200, 
-151, 4, 156, 73, -153, 80, 53, -4, 165, 151, 63, 209, 
-151, 4, 156, 73, -153, 80, 53, 0, 170, 161, 63, 209, 
-151, 4, 156, 73, -153, 80, 53, 0, 170, 161, 58, 209, 
-151, 0, 151, 75, -151, 75, 53, 4, 175, 161, 58, 209, 
-151, 4, 156, 73, -153, 80, 48, -4, 165, 151, 63, 200, 
-156, 14, 170, 70, -163, 92, 48, 4, 170, 156, 63, 200, 
-156, 19, 175, 68, -165, 97, 48, 4, 175, 156, 63, 200, 
-156, 24, 180, 65, -168, 102, 48, 0, 175, 156, 63, 200, 
-165, 24, 190, 70, -178, 107, 48, -9, 175, 156, 73, 209, 
-165, 29, 195, 68, -180, 112, 48, -9, 175, 156, 73, 209, 
-165, 29, 195, 68, -180, 112, 48, -9, 175, 156, 73, 209, 
-165, 29, 195, 68, -180, 112, 48, -9, 175, 156, 78, 209, 
-156, 24, 180, 65, -168, 102, 58, 0, 185, 170, 68, 200, 
-156, 19, 175, 68, -165, 97, 58, 4, 190, 170, 68, 200, 
-156, 14, 170, 70, -163, 92, 58, 14, 190, 175, 68, 200, 
-156, 9, 165, 73, -161, 87, 58, 14, 200, 185, 68, 200, 
-165, 19, 185, 73, -175, 102, 58, 24, 200, 185, 68, 200, 
-165, 19, 185, 73, -175, 102, 58, 24, 209, 185, 68, 200, 
-165, 19, 185, 73, -175, 102, 58, 24, 209, 185, 68, 200, 
-165, 19, 185, 73, -175, 102, 58, 24, 209, 185, 73, 200, 
-156, 14, 170, 70, -163, 92, 68, 39, 229, 190, 73, 204, 
-161, 9, 170, 75, -165, 90, 68, 39, 234, 190, 73, 209, 
-161, 4, 165, 78, -163, 85, 68, 43, 234, 195, 78, 219, 
-161, 0, 161, 80, -161, 80, 68, 48, 234, 195, 78, 224, 
-161, 9, 170, 75, -165, 90, 63, 48, 224, 204, 78, 219, 
-161, 9, 170, 75, -165, 90, 63, 43, 234, 204, 82, 214, 
-156, 9, 165, 73, -161, 87, 68, 53, 239, 214, 82, 214, 
-156, 9, 165, 73, -161, 87, 68, 48, 248, 214, 82, 209, 
-165, 0, 165, 82, -165, 82, 68, 53, 248, 214, 97, 209, 
-165, 0, 165, 82, -165, 82, 68, 58, 248, 214, 97, 209, 
-165, 0, 165, 82, -165, 82, 78, 63, 258, 224, 107, 209, 
-165, 0, 165, 82, -165, 82, 78, 63, 258, 229, 112, 214, 
-165, 4, 170, 80, -168, 87, 78, 73, 253, 234, 112, 214, 
-165, 14, 180, 75, -173, 97, 78, 82, 258, 239, 112, 214, 
-165, 19, 185, 73, -175, 102, 82, 92, 268, 239, 112, 214, 
-165, 29, 195, 68, -180, 112, 82, 107, 273, 244, 112, 209, 
-165, 29, 195, 68, -180, 112, 73, 102, 287, 248, 102, 209, 
-165, 29, 195, 68, -180, 112, 73, 102, 292, 253, 102, 214, 
-165, 29, 195, 68, -180, 112, 73, 112, 297, 258, 102, 214, 
-165, 29, 195, 68, -180, 112, 78, 117, 302, 263, 112, 214, 
-161, 24, 185, 68, -173, 104, 92, 136, 312, 273, 122, 214, 
-156, 24, 180, 65, -168, 102, 97, 146, 322, 278, 122, 219, 
-151, 24, 175, 63, -163, 100, 97, 151, 326, 287, 131, 219, 
-146, 24, 170, 61, -158, 97, 97, 161, 331, 297, 136, 219, 
-156, 39, 195, 58, -175, 117, 102, 165, 336, 297, 141, 224, 
-156, 39, 195, 58, -175, 117, 107, 170, 351, 302, 146, 234, 
-156, 39, 195, 58, -175, 117, 112, 180, 366, 317, 146, 239, 
-156, 39, 195, 58, -175, 117, 112, 185, 375, 326, 151, 248, 
-156, 34, 190, 61, -173, 112, 112, 195, 385, 331, 161, 244, 
-156, 39, 195, 58, -175, 117, 112, 204, 395, 341, 165, 244, 
-156, 39, 195, 58, -175, 117, 122, 214, 400, 351, 170, 244, 
-151, 39, 190, 56, -170, 114, 122, 214, 405, 356, 175, 244, 
-146, 48, 195, 48, -170, 122, 122, 219, 414, 361, 170, 239, 
-146, 58, 204, 43, -175, 131, 131, 234, 429, 370, 175, 239, 
-151, 63, 214, 43, -183, 139, 131, 239, 439, 375, 175, 234, 
-151, 73, 224, 39, -187, 148, 131, 248, 448, 385, 180, 229, 
-141, 68, 209, 36, -175, 139, 131, 253, 458, 390, 185, 244, 
-141, 68, 209, 36, -175, 139, 131, 263, 468, 405, 190, 248, 
-141, 68, 209, 36, -175, 139, 131, 273, 478, 414, 195, 248, 
-141, 73, 214, 34, -178, 143, 131, 283, 483, 414, 200, 253, 
-146, 68, 214, 39, -180, 141, 131, 273, 488, 429, 195, 253, 
-141, 68, 209, 36, -175, 139, 131, 273, 488, 434, 200, 253, 
-141, 63, 204, 39, -173, 134, 131, 273, 488, 439, 204, 253, 
-141, 63, 204, 39, -173, 134, 131, 278, 488, 444, 209, 253, 
-146, 78, 224, 34, -185, 151, 141, 292, 497, 444, 200, 253, 
-146, 78, 224, 34, -185, 151, 141, 297, 502, 448, 204, 258, 
-141, 78, 219, 31, -180, 148, 136, 297, 507, 453, 204, 258, 
-141, 82, 224, 29, -183, 153, 136, 297, 512, 458, 204, 258, 
-131, 73, 204, 29, -168, 139, 136, 287, 512, 458, 214, 263, 
-131, 63, 195, 34, -163, 129, 136, 287, 517, 458, 219, 263, 
-131, 73, 204, 29, -168, 139, 136, 287, 517, 458, 224, 263, 
-122, 73, 195, 24, -158, 134, 131, 283, 512, 458, 224, 263, 
-126, 82, 209, 21, -168, 146, 122, 292, 507, 458, 234, 263, 
-126, 82, 209, 21, -168, 146, 122, 287, 507, 458, 234, 263, 
-126, 82, 209, 21, -168, 146, 122, 278, 507, 453, 229, 263, 
-122, 82, 204, 19, -163, 143, 117, 278, 507, 453, 229, 268, 
-117, 97, 214, 9, -165, 156, 122, 268, 507, 448, 219, 268, 
-117, 97, 214, 9, -165, 156, 112, 258, 497, 444, 219, 268, 
-117, 97, 214, 9, -165, 156, 107, 253, 492, 444, 214, 268, 
-107, 97, 204, 4, -156, 151, 102, 239, 483, 434, 214, 263, 
-117, 92, 209, 12, -163, 151, 92, 224, 473, 414, 204, 263, 
-117, 87, 204, 14, -161, 146, 87, 219, 458, 409, 204, 263, 
-117, 73, 190, 21, -153, 131, 87, 209, 448, 405, 204, 263, 
-107, 68, 175, 19, -141, 122, 87, 200, 444, 400, 195, 263, 
-102, 78, 180, 12, -141, 129, 87, 185, 424, 400, 204, 263, 
-97, 78, 175, 9, -136, 126, 87, 175, 409, 390, 195, 263, 
-92, 73, 165, 9, -129, 119, 82, 165, 405, 380, 195, 258, 
-87, 68, 156, 9, -122, 112, 73, 151, 390, 375, 190, 258, 
-92, 68, 161, 12, -126, 114, 68, 146, 385, 366, 185, 248, 
-92, 68, 161, 12, -126, 114, 68, 126, 375, 356, 180, 248, 
-92, 68, 161, 12, -126, 114, 58, 122, 361, 341, 170, 244, 
-92, 68, 161, 12, -126, 114, 53, 107, 346, 322, 165, 244, 
-82, 63, 146, 9, -114, 104, 48, 82, 322, 312, 151, 244, 
-82, 58, 141, 12, -112, 100, 43, 68, 307, 302, 151, 239, 
-82, 58, 141, 12, -112, 100, 39, 58, 292, 297, 151, 239, 
-82, 58, 141, 12, -112, 100, 34, 43, 283, 283, 141, 239, 
-82, 53, 136, 14, -109, 95, 34, 29, 268, 278, 151, 248, 
-82, 43, 126, 19, -104, 85, 29, 24, 263, 263, 136, 244, 
-82, 34, 117, 24, -100, 75, 24, 19, 244, 258, 131, 244, 
-82, 24, 107, 29, -95, 65, 19, 4, 234, 239, 126, 239, 
-92, 19, 112, 36, -102, 65, 29, -4, 219, 219, 107, 239, 
-92, 19, 112, 36, -102, 65, 29, -9, 214, 209, 97, 239, 
-92, 14, 107, 39, -100, 61, 24, -24, 209, 204, 97, 239, 
-92, 14, 107, 39, -100, 61, 19, -34, 200, 200, 97, 234, 
-92, 14, 107, 39, -100, 61, 4, -43, 195, 200, 97, 229, 
-92, 19, 112, 36, -102, 65, 4, -53, 180, 190, 97, 229, 
-92, 24, 117, 34, -104, 70, 4, -63, 175, 180, 92, 229, 
-97, 24, 122, 36, -109, 73, 0, -63, 170, 180, 87, 229, 
-97, 19, 117, 39, -107, 68, 9, -68, 156, 165, 92, 224, 
-97, 14, 112, 41, -104, 63, 9, -68, 146, 161, 87, 224, 
-92, 9, 102, 41, -97, 56, 9, -73, 141, 161, 87, 224, 
-92, -4, 87, 48, -90, 41, 4, -78, 141, 156, 87, 224, 
-82, 0, 82, 41, -82, 41, -4, -78, 136, 156, 73, 219, 
-92, 0, 92, 46, -92, 46, -4, -87, 136, 156, 73, 219, 
-92, 0, 92, 46, -92, 46, 0, -92, 136, 151, 73, 219, 
-87, 0, 87, 43, -87, 43, 0, -92, 136, 151, 73, 219, 
-97, 0, 97, 48, -97, 48, 0, -107, 131, 146, 58, 209, 
-102, -4, 97, 53, -100, 46, 0, -107, 131, 141, 53, 204, 
-102, -4, 97, 53, -100, 46, 0, -107, 126, 141, 48, 204, 
-102, -4, 97, 53, -100, 46, 0, -107, 126, 136, 48, 204, 
-107, -14, 92, 61, -100, 39, 0, -102, 122, 131, 58, 204, 
-107, -14, 92, 61, -100, 39, 0, -107, 117, 131, 53, 204, 
-107, -14, 92, 61, -100, 39, 0, -107, 117, 131, 53, 204, 
-112, -19, 92, 65, -102, 36, 4, -102, 122, 131, 53, 204, 
-112, -9, 102, 61, -107, 46, -4, -112, 122, 122, 63, 209, 
-112, -9, 102, 61, -107, 46, -4, -112, 117, 122, 63, 204, 
-112, -9, 102, 61, -107, 46, -4, -117, 112, 122, 63, 204, 
-117, -9, 107, 63, -112, 48, 0, -117, 107, 122, 63, 204, 
-107, 0, 107, 53, -107, 53, 0, -112, 117, 131, 53, 200, 
-107, 0, 107, 53, -107, 53, 0, -112, 112, 131, 53, 200, 
-107, -4, 102, 56, -104, 48, 0, -107, 112, 126, 53, 200, 
-107, -4, 102, 56, -104, 48, 0, -107, 117, 126, 53, 200, 
-107, 4, 112, 51, -109, 58, 0, -107, 107, 117, 63, 195, 
-107, 4, 112, 51, -109, 58, 0, -107, 107, 117, 58, 195, 
-112, 4, 117, 53, -114, 61, 0, -102, 112, 117, 58, 195, 
-112, 4, 117, 53, -114, 61, 0, -102, 112, 122, 68, 200, 
-112, 0, 112, 56, -112, 56, 9, -102, 122, 131, 58, 209, 
-112, -4, 107, 58, -109, 51, 14, -102, 122, 131, 58, 204, 
-112, -9, 102, 61, -107, 46, 14, -102, 122, 131, 53, 204, 
-112, -14, 97, 63, -104, 41, 14, -97, 122, 131, 53, 204, 
-122, -14, 107, 68, -114, 46, 4, -97, 122, 131, 63, 195, 
-122, -14, 107, 68, -114, 46, 4, -92, 122, 131, 63, 195, 
-122, -9, 112, 65, -117, 51, 9, -92, 122, 131, 63, 190, 
-122, -9, 112, 65, -117, 51, 19, -92, 122, 131, 63, 190, 
-112, -4, 107, 58, -109, 51, 9, -102, 117, 122, 68, 204, 
-112, -4, 107, 58, -109, 51, 4, -102, 117, 126, 68, 204, 
-112, -4, 107, 58, -109, 51, 4, -97, 117, 126, 68, 204, 
-117, -4, 112, 61, -114, 53, 4, -97, 122, 126, 73, 209, 
-126, -19, 107, 73, -117, 43, 9, -87, 131, 141, 78, 209, 
-122, -19, 102, 70, -112, 41, 9, -87, 131, 141, 78, 209, 
-122, -19, 102, 70, -112, 41, 14, -78, 131, 141, 78, 204, 
-122, -24, 97, 73, -109, 36, 24, -78, 131, 141, 78, 204, 
-122, -19, 102, 70, -112, 41, 14, -82, 136, 146, 78, 204, 
-122, -14, 107, 68, -114, 46, 14, -82, 136, 146, 78, 204, 
-126, -9, 117, 68, -122, 53, 14, -78, 136, 146, 78, 204, 
-126, -4, 122, 65, -124, 58, 14, -78, 141, 146, 78, 200, 
-126, -14, 112, 70, -119, 48, 29, -78, 146, 146, 78, 200, 
-126, -14, 112, 70, -119, 48, 34, -73, 146, 146, 78, 204, 
-126, -19, 107, 73, -117, 43, 34, -73, 141, 146, 78, 204, 
-122, -19, 102, 70, -112, 41, 34, -73, 141, 146, 78, 204, 
-112, -14, 97, 63, -104, 41, 19, -78, 141, 146, 78, 195, 
-117, -9, 107, 63, -112, 48, 19, -78, 141, 146, 73, 195, 
-117, -9, 107, 63, -112, 48, 19, -78, 141, 151, 73, 195, 
-117, -9, 107, 63, -112, 48, 14, -78, 141, 151, 73, 195, 
-117, -9, 107, 63, -112, 48, 14, -82, 146, 151, 68, 195, 
-117, -9, 107, 63, -112, 48, 14, -82, 146, 151, 68, 195, 
-117, -9, 107, 63, -112, 48, 19, -82, 146, 151, 73, 195, 
-117, -9, 107, 63, -112, 48, 19, -82, 146, 151, 73, 195, 
-117, -9, 107, 63, -112, 48, 9, -82, 146, 146, 82, 204, 
-117, -9, 107, 63, -112, 48, 9, -82, 146, 146, 82, 204, 
-117, -9, 107, 63, -112, 48, 14, -82, 146, 146, 82, 204, 
-112, -9, 102, 61, -107, 46, 14, -82, 146, 146, 82, 204, 
-107, -9, 97, 58, -102, 43, 14, -82, 156, 156, 82, 204, 
-107, -14, 92, 61, -100, 39, 19, -82, 156, 156, 82, 204, 
-112, -14, 97, 63, -104, 41, 24, -82, 156, 156, 82, 204, 
-112, -9, 102, 61, -107, 46, 29, -82, 156, 156, 82, 204, 
-107, -19, 87, 63, -97, 34, 19, -73, 146, 151, 82, 204, 
-112, -19, 92, 65, -102, 36, 19, -73, 146, 151, 82, 204, 
-122, -19, 102, 70, -112, 41, 19, -73, 146, 151, 82, 204, 
-126, -19, 107, 73, -117, 43, 19, -73, 146, 156, 82, 204, 
-122, -19, 102, 70, -112, 41, 19, -82, 136, 146, 78, 195, 
-117, -19, 97, 68, -107, 39, 19, -82, 136, 146, 73, 195, 
-112, -24, 87, 68, -100, 31, 19, -82, 136, 141, 68, 195, 
-107, -24, 82, 65, -95, 29, 19, -82, 136, 141, 63, 195, 
-117, -14, 102, 65, -109, 43, 19, -82, 131, 141, 68, 195, 
-117, -14, 102, 65, -109, 43, 19, -82, 131, 141, 68, 195, 
-117, -19, 97, 68, -107, 39, 19, -82, 136, 141, 68, 195, 
-117, -19, 97, 68, -107, 39, 24, -82, 136, 141, 68, 195, 
-117, -4, 112, 61, -114, 53, 14, -97, 131, 136, 63, 195, 
-117, -4, 112, 61, -114, 53, 14, -97, 131, 136, 63, 190, 
-117, -4, 112, 61, -114, 53, 14, -97, 131, 141, 68, 190, 
-117, -4, 112, 61, -114, 53, 14, -97, 131, 141, 73, 195, 
-117, -4, 112, 61, -114, 53, 24, -97, 131, 131, 73, 204, 
-117, -4, 112, 61, -114, 53, 24, -97, 131, 131, 68, 204, 
-117, -9, 107, 63, -112, 48, 24, -97, 126, 126, 68, 204, 
-117, -9, 107, 63, -112, 48, 24, -97, 126, 126, 63, 204, 
-117, -9, 107, 63, -112, 48, 14, -97, 126, 136, 68, 195, 
-117, -14, 102, 65, -109, 43, 14, -97, 126, 136, 68, 195, 
-117, -19, 97, 68, -107, 39, 14, -97, 126, 131, 68, 195, 
-117, -24, 92, 70, -104, 34, 14, -97, 126, 131, 63, 195, 
-117, -24, 92, 70, -104, 34, 24, -97, 122, 131, 73, 204, 
-117, -24, 92, 70, -104, 34, 24, -102, 122, 131, 73, 204, 
-117, -24, 92, 70, -104, 34, 24, -107, 122, 131, 68, 204, 
-117, -24, 92, 70, -104, 34, 24, -107, 122, 131, 68, 204, 
-117, -24, 92, 70, -104, 34, 19, -107, 122, 122, 58, 195, 
-117, -24, 92, 70, -104, 34, 14, -107, 122, 126, 63, 195, 
-117, -24, 92, 70, -104, 34, 9, -107, 122, 126, 63, 195, 
-117, -24, 92, 70, -104, 34, 4, -107, 122, 122, 63, 195, 
-117, -24, 92, 70, -104, 34, 14, -107, 122, 131, 58, 200, 
-117, -24, 92, 70, -104, 34, 19, -107, 122, 126, 58, 200, 
-117, -24, 92, 70, -104, 34, 19, -107, 122, 126, 58, 200, 
-117, -24, 92, 70, -104, 34, 19, -107, 117, 126, 63, 195, 
-122, -24, 97, 73, -109, 36, 19, -97, 117, 126, 63, 185, 
-122, -24, 97, 73, -109, 36, 19, -102, 117, 126, 63, 185, 
-122, -24, 97, 73, -109, 36, 19, -102, 117, 126, 63, 185, 
-122, -24, 97, 73, -109, 36, 19, -102, 117, 131, 68, 185, 
-117, -24, 92, 70, -104, 34, 9, -112, 117, 131, 58, 195, 
-117, -24, 92, 70, -104, 34, 9, -112, 117, 126, 58, 195, 
-117, -24, 92, 70, -104, 34, 9, -112, 117, 126, 58, 200, 
-117, -29, 87, 73, -102, 29, 9, -112, 117, 126, 58, 200, 
-117, -29, 87, 73, -102, 29, 9, -112, 117, 126, 58, 195, 
-117, -24, 92, 70, -104, 34, 9, -112, 117, 126, 58, 190, 
-117, -24, 92, 70, -104, 34, 9, -112, 117, 126, 58, 190, 
-117, -24, 92, 70, -104, 34, 9, -112, 117, 126, 58, 185, 
-117, -34, 82, 75, -100, 24, 9, -112, 107, 117, 53, 175, 
-117, -34, 82, 75, -100, 24, 9, -112, 107, 122, 53, 170, 
-117, -34, 82, 75, -100, 24, 9, -107, 107, 122, 53, 170, 
-117, -34, 82, 75, -100, 24, 9, -107, 107, 122, 53, 170, 
-126, -34, 92, 80, -109, 29, 19, -107, 122, 126, 63, 185, 
-131, -39, 92, 85, -112, 26, 19, -107, 122, 126, 63, 190, 
-131, -43, 87, 87, -109, 21, 19, -107, 122, 122, 63, 195, 
-131, -43, 87, 87, -109, 21, 19, -107, 117, 122, 58, 200, 
-122, -43, 78, 82, -100, 17, 9, -107, 107, 122, 58, 190, 
-122, -39, 82, 80, -102, 21, 9, -107, 107, 122, 58, 190, 
-122, -29, 92, 75, -107, 31, 9, -112, 107, 122, 58, 190, 
-122, -19, 102, 70, -112, 41, 9, -112, 107, 126, 63, 190, 
-122, -19, 102, 70, -112, 41, 9, -112, 97, 117, 58, 180, 
-122, -19, 102, 70, -112, 41, 9, -112, 97, 117, 58, 180, 
-122, -19, 102, 70, -112, 41, 9, -112, 97, 117, 58, 180, 
-122, -19, 102, 70, -112, 41, 9, -112, 97, 122, 58, 180, 
-122, -14, 107, 68, -114, 46, 9, -102, 102, 131, 68, 190, 
-122, -9, 112, 65, -117, 51, 14, -102, 107, 126, 68, 190, 
-122, -9, 112, 65, -117, 51, 14, -102, 112, 126, 68, 190, 
-122, -4, 117, 63, -119, 56, 9, -102, 117, 126, 68, 190, 
-112, 0, 112, 56, -112, 56, 19, -92, 126, 131, 78, 200, 
-112, 0, 112, 56, -112, 56, 19, -87, 131, 136, 78, 200, 
-112, 0, 112, 56, -112, 56, 19, -87, 131, 141, 78, 200, 
-112, 4, 117, 53, -114, 61, 24, -82, 131, 146, 73, 200, 
-112, -4, 107, 58, -109, 51, 43, -78, 141, 156, 82, 209, 
-112, -4, 107, 58, -109, 51, 43, -78, 141, 165, 87, 209, 
-107, -4, 102, 56, -104, 48, 48, -73, 141, 165, 92, 209, 
-107, -4, 102, 56, -104, 48, 53, -58, 141, 156, 97, 214, 
-92, 4, 97, 43, -95, 51, 53, -53, 156, 161, 97, 214, 
-92, 9, 102, 41, -97, 56, 53, -48, 161, 165, 97, 214, 
-92, 14, 107, 39, -100, 61, 53, -43, 170, 170, 92, 214, 
-92, 14, 107, 39, -100, 61, 53, -39, 175, 180, 92, 214, 
-97, 24, 122, 36, -109, 73, 63, -39, 175, 190, 82, 214, 
-97, 24, 122, 36, -109, 73, 63, -34, 175, 190, 87, 214, 
-102, 24, 126, 39, -114, 75, 63, -34, 175, 190, 92, 219, 
-102, 24, 126, 39, -114, 75, 63, -29, 175, 190, 97, 224, 
-102, 34, 136, 34, -119, 85, 48, -29, 170, 185, 107, 214, 
-97, 34, 131, 31, -114, 82, 43, -34, 170, 185, 102, 214, 
-97, 34, 131, 31, -114, 82, 43, -39, 170, 185, 97, 214, 
-97, 34, 131, 31, -114, 82, 48, -43, 170, 185, 97, 214, 
-92, 24, 117, 34, -104, 70, 43, -53, 165, 180, 87, 204, 
-92, 24, 117, 34, -104, 70, 43, -63, 161, 170, 82, 204, 
-92, 24, 117, 34, -104, 70, 24, -73, 151, 165, 78, 204, 
-92, 24, 117, 34, -104, 70, 14, -82, 141, 156, 73, 204, 
-102, 4, 107, 48, -104, 56, 0, -87, 126, 156, 82, 204, 
-102, 0, 102, 51, -102, 51, -4, -97, 122, 151, 78, 204, 
-107, -4, 102, 56, -104, 48, -9, -97, 122, 146, 78, 204, 
-117, -14, 102, 65, -109, 43, -19, -107, 122, 146, 78, 204, 
-107, -9, 97, 58, -102, 43, -14, -117, 117, 141, 68, 195, 
-107, -9, 97, 58, -102, 43, -14, -122, 117, 141, 73, 195, 
-107, -9, 97, 58, -102, 43, -19, -122, 112, 141, 73, 195, 
-107, -9, 97, 58, -102, 43, -19, -126, 107, 141, 73, 200, 
-107, -19, 87, 63, -97, 34, -29, -126, 107, 131, 68, 195, 
-107, -19, 87, 63, -97, 34, -29, -126, 107, 131, 63, 195, 
-107, -19, 87, 63, -97, 34, -34, -126, 107, 131, 63, 190, 
-107, -19, 87, 63, -97, 34, -39, -131, 107, 131, 58, 180, 
-97, -24, 73, 61, -85, 24, -43, -136, 92, 122, 53, 185, 
-97, -24, 73, 61, -85, 24, -34, -141, 97, 112, 48, 185, 
-107, -24, 82, 65, -95, 29, -29, -136, 97, 122, 58, 175, 
-107, -29, 78, 68, -92, 24, -29, -136, 97, 117, 58, 185, 
-117, -39, 78, 78, -97, 19, -29, -146, 87, 107, 58, 185, 
-117, -39, 78, 78, -97, 19, -29, -146, 87, 107, 58, 185, 
-117, -39, 78, 78, -97, 19, -29, -146, 87, 107, 58, 185, 
-117, -39, 78, 78, -97, 19, -29, -146, 87, 107, 58, 185, 
-112, -34, 78, 73, -95, 21, -29, -151, 82, 107, 58, 175, 
-117, -48, 68, 82, -92, 9, -29, -161, 78, 107, 58, 180, 
-122, -48, 73, 85, -97, 12, -29, -165, 73, 107, 58, 180, 
-122, -53, 68, 87, -95, 7, -29, -165, 68, 107, 53, 180, 
-112, -48, 63, 80, -87, 7, -29, -161, 78, 97, 48, 180, 
-112, -48, 63, 80, -87, 7, -29, -161, 78, 102, 48, 175, 
-117, -48, 68, 82, -92, 9, -24, -161, 73, 102, 53, 175, 
-117, -48, 68, 82, -92, 9, -24, -161, 73, 102, 53, 175, 
-122, -48, 73, 85, -97, 12, -24, -151, 73, 102, 43, 170, 
-122, -48, 73, 85, -97, 12, -24, -161, 73, 97, 34, 170, 
-122, -48, 73, 85, -97, 12, -24, -161, 73, 97, 29, 170, 
-117, -58, 58, 87, -87, 0, -24, -156, 73, 97, 24, 165, 
-117, -68, 48, 92, -82, -9, -29, -156, 73, 102, 34, 156, 
-117, -73, 43, 95, -80, -14, -29, -156, 73, 102, 34, 156, 
-117, -73, 43, 95, -80, -14, -39, -156, 68, 102, 29, 156, 
-117, -73, 43, 95, -80, -14, -39, -161, 63, 102, 29, 156, 
-107, -68, 39, 87, -73, -14, -39, -165, 63, 87, 39, 161, 
-102, -63, 39, 82, -70, -12, -39, -165, 63, 87, 39, 161, 
-92, -58, 34, 75, -63, -12, -34, -161, 68, 87, 39, 165, 
-92, -53, 39, 73, -65, -7, -34, -161, 68, 92, 39, 165, 
-92, -48, 43, 70, -68, -2, -34, -170, 68, 102, 34, 165, 
-87, -43, 43, 65, -65, 0, -34, -175, 68, 102, 34, 165, 
-87, -43, 43, 65, -65, 0, -34, -175, 68, 102, 34, 165, 
-87, -39, 48, 63, -68, 4, -34, -170, 68, 102, 34, 170, 
-87, -39, 48, 63, -68, 4, -24, -161, 73, 102, 43, 170, 
-97, -34, 63, 65, -80, 14, -24, -151, 73, 102, 48, 170, 
-97, -29, 68, 63, -82, 19, -19, -151, 78, 112, 48, 170, 
-102, -29, 73, 65, -87, 21, -14, -151, 82, 112, 53, 170, 
-117, -39, 78, 78, -97, 19, 0, -146, 82, 107, 43, 170, 
-126, -43, 82, 85, -104, 19, 4, -141, 82, 107, 43, 170, 
-136, -43, 92, 90, -114, 24, 4, -141, 87, 107, 43, 170, 
-136, -43, 92, 90, -114, 24, 9, -141, 87, 107, 43, 170, 
-151, -53, 97, 102, -124, 21, 0, -141, 87, 102, 39, 161, 
-156, -53, 102, 104, -129, 24, 4, -146, 82, 102, 39, 161, 
-161, -53, 107, 107, -134, 26, 4, -146, 82, 102, 43, 161, 
-161, -58, 102, 109, -131, 21, 4, -146, 82, 102, 43, 156, 
-156, -48, 107, 102, -131, 29, 4, -146, 82, 102, 43, 165, 
-146, -48, 97, 97, -122, 24, 4, -146, 82, 102, 43, 165, 
-141, -43, 97, 92, -119, 26, 4, -146, 82, 102, 43, 165, 
-136, -43, 92, 90, -114, 24, 4, -141, 82, 102, 43, 170, 
-141, -43, 97, 92, -119, 26, 14, -151, 82, 112, 43, 170, 
-141, -43, 97, 92, -119, 26, 14, -151, 82, 112, 43, 170, 
-141, -43, 97, 92, -119, 26, 9, -151, 82, 112, 43, 170, 
-146, -43, 102, 95, -124, 29, 9, -151, 82, 112, 43, 170, 
-146, -58, 87, 102, -117, 14, 9, -141, 82, 102, 34, 170, 
-146, -58, 87, 102, -117, 14, 9, -141, 82, 102, 34, 170, 
-146, -58, 87, 102, -117, 14, 9, -141, 82, 97, 34, 170, 
-146, -58, 87, 102, -117, 14, 9, -141, 82, 97, 34, 170, 
-136, -58, 78, 97, -107, 9, 9, -131, 87, 107, 43, 170, 
-136, -58, 78, 97, -107, 9, 14, -131, 92, 112, 43, 170, 
-136, -58, 78, 97, -107, 9, 29, -131, 97, 112, 43, 170, 
-136, -58, 78, 97, -107, 9, 34, -131, 102, 117, 43, 170, 
-131, -48, 82, 90, -107, 17, 24, -141, 102, 117, 43, 170, 
-131, -48, 82, 90, -107, 17, 19, -141, 97, 117, 43, 170, 
-131, -48, 82, 90, -107, 17, 19, -141, 92, 117, 43, 170, 
-136, -43, 92, 90, -114, 24, 19, -141, 87, 117, 43, 170, 
-146, -43, 102, 95, -124, 29, 9, -141, 87, 107, 43, 161, 
-141, -43, 97, 92, -119, 26, 9, -141, 87, 107, 43, 161, 
-141, -43, 97, 92, -119, 26, 9, -141, 87, 107, 43, 161, 
-141, -43, 97, 92, -119, 26, 9, -141, 87, 107, 43, 161, 
-141, -58, 82, 100, -112, 12, 29, -136, 87, 117, 43, 170, 
-141, -58, 82, 100, -112, 12, 29, -136, 87, 117, 43, 170, 
-141, -58, 82, 100, -112, 12, 24, -136, 87, 117, 43, 170, 
-141, -58, 82, 100, -112, 12, 24, -136, 87, 117, 43, 170, 
-131, -43, 87, 87, -109, 21, 19, -136, 87, 107, 43, 170, 
-131, -43, 87, 87, -109, 21, 19, -136, 87, 107, 43, 170, 
-131, -43, 87, 87, -109, 21, 19, -136, 87, 107, 39, 170, 
-131, -43, 87, 87, -109, 21, 19, -136, 87, 102, 39, 170, 
-141, -34, 107, 87, -124, 36, 9, -136, 97, 112, 39, 161, 
-141, -34, 107, 87, -124, 36, 9, -136, 97, 117, 43, 161, 
-141, -34, 107, 87, -124, 36, 14, -136, 97, 117, 43, 161, 
-141, -34, 107, 87, -124, 36, 14, -136, 97, 117, 43, 161, 
-131, -39, 92, 85, -112, 26, 14, -136, 92, 107, 43, 161, 
-136, -39, 97, 87, -117, 29, 14, -136, 92, 107, 43, 161, 
-136, -39, 97, 87, -117, 29, 14, -136, 87, 107, 43, 161, 
-136, -39, 97, 87, -117, 29, 14, -136, 87, 107, 43, 161, 
-146, -39, 107, 92, -126, 34, 24, -136, 97, 117, 24, 170, 
-151, -34, 117, 92, -134, 41, 24, -122, 102, 122, 39, 170, 
-141, -29, 112, 85, -126, 41, 24, -131, 97, 122, 58, 170, 
-151, -29, 122, 90, -136, 46, 29, -122, 112, 122, 68, 180, 
-156, -34, 122, 95, -139, 43, 39, -97, 122, 141, 73, 185, 
-156, -43, 112, 100, -134, 34, 29, -102, 136, 156, 63, 156, 
-151, -43, 107, 97, -129, 31, 19, -107, 146, 156, 68, 156, 
-146, -29, 117, 87, -131, 43, 9, -112, 151, 170, 73, 165, 
-136, -24, 112, 80, -124, 43, -4, -102, 165, 180, 82, 170, 
-131, -24, 107, 78, -119, 41, -4, -107, 175, 200, 87, 180, 
-122, -24, 97, 73, -109, 36, 0, -122, 165, 214, 102, 190, 
-117, -19, 97, 68, -107, 39, -34, -151, 161, 224, 131, 209, 
-78, 0, 78, 39, -78, 39, -58, -175, 141, 234, 161, 234, 
-48, 24, 73, 12, -61, 48, -78, -204, 126, 253, 219, 268, 
-24, 48, 73, -12, -48, 61, -102, -273, 87, 253, 258, 297, 
29, 63, 34, -46, -2, 48, -175, -385, -9, 234, 273, 326, 
102, 68, -34, -85, 68, 17, -268, -546, -131, 185, 292, 361, 
156, 68, -87, -112, 122, -9, -351, -692, -244, 136, 297, 385, 
209, 92, -117, -151, 163, -12, -414, -795, -312, 107, 317, 414, 
273, 136, -136, -204, 204, 0, -458, -854, -361, 97, 336, 448, 
351, 136, -214, -244, 283, -39, -527, -946, -439, 58, 307, 439, 
429, 107, -322, -268, 375, -107, -614, -1058, -536, -29, 248, 409, 
502, 92, -409, -297, 456, -158, -678, -1127, -600, -107, 200, 385, 
556, 92, -463, -324, 509, -185, -688, -1141, -595, -102, 175, 370, 
610, 102, -507, -356, 558, -202, -692, -1117, -570, -73, 161, 361, 
663, 87, -575, -375, 619, -244, -673, -1102, -570, -82, 117, 326, 
697, 53, -644, -375, 671, -295, -644, -1073, -566, -102, 58, 278, 
722, 29, -692, -375, 707, -331, -614, -1024, -536, -92, 14, 258, 
756, 24, -732, -390, 744, -353, -605, -966, -488, -73, 4, 268, 
795, 24, -771, -409, 783, -373, -624, -932, -448, -53, -4, 268, 
814, 0, -814, -407, 814, -407, -634, -893, -414, -58, -14, 248, 
785, -19, -805, -383, 795, -412, -624, -824, -375, -53, -4, 239, 
717, 4, -712, -361, 714, -353, -561, -717, -292, -9, 34, 258, 
566, 68, -497, -317, 531, -214, -439, -580, -175, 68, 112, 317, 
375, 102, -273, -239, 324, -85, -322, -478, -82, 117, 165, 336, 
253, 92, -161, -173, 207, -34, -263, -409, -58, 122, 156, 317, 
204, 82, -122, -143, 163, -19, -224, -370, -39, 117, 126, 302, 
117, 82, -34, -100, 75, 24, -161, -322, -9, 122, 117, 292, 
24, 73, 48, -48, -12, 61, -117, -283, 14, 131, 112, 278, 
-9, 73, 82, -31, -46, 78, -92, -239, 43, 146, 112, 268, 
-29, 53, 82, -12, -56, 68, -58, -200, 73, 146, 107, 248, 
-48, 39, 87, 4, -68, 63, -29, -165, 82, 126, 78, 204, 
-48, 19, 68, 14, -58, 43, -9, -141, 92, 126, 78, 200, 
-48, 14, 63, 17, -56, 39, 4, -122, 112, 131, 87, 195, 
-68, 4, 73, 31, -70, 39, 14, -102, 131, 136, 87, 190, 
-73, 0, 73, 36, -73, 36, 9, -107, 122, 141, 78, 180, 
-78, 0, 78, 39, -78, 39, 9, -117, 131, 151, 73, 180, 
-102, 0, 102, 51, -102, 51, 14, -107, 146, 170, 78, 190, 
-117, 9, 126, 53, -122, 68, 29, -102, 151, 175, 87, 204, 
-112, 9, 122, 51, -117, 65, 19, -107, 141, 165, 87, 195, 
-122, 14, 136, 53, -129, 75, 24, -102, 146, 165, 82, 195, 
-122, 14, 136, 53, -129, 75, 29, -92, 146, 156, 82, 185, 
-122, 14, 136, 53, -129, 75, 34, -87, 146, 151, 82, 180, 
-117, 14, 131, 51, -124, 73, 34, -78, 146, 151, 78, 175, 
-117, 9, 126, 53, -122, 68, 34, -78, 146, 151, 73, 175, 
-122, 9, 131, 56, -126, 70, 34, -78, 146, 156, 73, 175, 
-122, 9, 131, 56, -126, 70, 29, -78, 146, 156, 73, 175, 
-136, 14, 151, 61, -143, 82, 34, -87, 151, 170, 78, 170, 
-141, 9, 151, 65, -146, 80, 39, -82, 151, 170, 82, 170, 
-141, 4, 146, 68, -143, 75, 48, -78, 156, 175, 82, 175, 
-141, 0, 141, 70, -141, 70, 53, -78, 161, 175, 78, 175, 
-141, 0, 141, 70, -141, 70, 48, -73, 170, 161, 63, 175, 
-136, 4, 141, 65, -139, 73, 48, -73, 165, 161, 63, 175, 
-136, 4, 141, 65, -139, 73, 53, -73, 165, 161, 63, 170, 
-136, 4, 141, 65, -139, 73, 53, -73, 165, 161, 63, 170, 
-136, -4, 131, 70, -134, 63, 43, -68, 165, 161, 63, 170, 
-136, -4, 131, 70, -134, 63, 43, -68, 165, 161, 63, 170, 
-136, 0, 136, 68, -136, 68, 43, -63, 170, 161, 68, 170, 
-141, 0, 141, 70, -141, 70, 43, -63, 170, 165, 68, 175, 
-141, 0, 141, 70, -141, 70, 53, -73, 175, 180, 73, 175, 
-141, 0, 141, 70, -141, 70, 53, -73, 175, 180, 73, 175, 
-141, 0, 141, 70, -141, 70, 53, -73, 175, 180, 73, 175, 
-141, 0, 141, 70, -141, 70, 53, -73, 170, 175, 73, 175, 
-151, 0, 151, 75, -151, 75, 53, -63, 161, 165, 73, 175, 
-151, -4, 146, 78, -148, 70, 53, -63, 161, 165, 73, 175, 
-146, -4, 141, 75, -143, 68, 53, -63, 165, 165, 63, 170, 
-146, -9, 136, 78, -141, 63, 48, -63, 165, 165, 63, 165, 
-146, 0, 146, 73, -146, 73, 48, -73, 165, 165, 73, 165, 
-146, 4, 151, 70, -148, 78, 53, -73, 165, 165, 73, 165, 
-146, 4, 151, 70, -148, 78, 58, -73, 165, 165, 73, 165, 
-151, 4, 156, 73, -153, 80, 58, -73, 170, 165, 78, 170, 
-151, 0, 151, 75, -151, 75, 58, -68, 180, 165, 73, 170, 
-151, -4, 146, 78, -148, 70, 58, -68, 175, 170, 68, 170, 
-151, -9, 141, 80, -146, 65, 58, -63, 175, 175, 68, 170, 
-151, -14, 136, 82, -143, 61, 58, -63, 175, 175, 63, 170, 
-151, -14, 136, 82, -143, 61, 58, -68, 175, 180, 73, 170, 
-151, -14, 136, 82, -143, 61, 58, -68, 180, 180, 73, 170, 
-156, -14, 141, 85, -148, 63, 58, -68, 185, 180, 73, 170, 
-156, -14, 141, 85, -148, 63, 58, -58, 185, 180, 73, 170, 
-156, -4, 151, 80, -153, 73, 58, -68, 185, 190, 73, 170, 
-151, -4, 146, 78, -148, 70, 58, -68, 185, 190, 78, 170, 
-151, -4, 146, 78, -148, 70, 58, -68, 185, 190, 87, 170, 
-151, -4, 146, 78, -148, 70, 58, -63, 185, 190, 92, 170, 
-151, -4, 146, 78, -148, 70, 53, -63, 175, 180, 82, 170, 
-151, -4, 146, 78, -148, 70, 53, -58, 180, 190, 82, 170, 
-151, -4, 146, 78, -148, 70, 53, -58, 180, 190, 78, 170, 
-151, -9, 141, 80, -146, 65, 53, -53, 185, 190, 78, 170, 
-151, 0, 151, 75, -151, 75, 58, -53, 195, 190, 82, 180, 
-156, 4, 161, 75, -158, 82, 58, -43, 200, 195, 82, 180, 
-156, 4, 161, 75, -158, 82, 58, -43, 204, 195, 82, 180, 
-156, 4, 161, 75, -158, 82, 58, -48, 204, 195, 82, 180, 
-146, -4, 141, 75, -143, 68, 58, -39, 214, 195, 78, 170, 
-146, 0, 146, 73, -146, 73, 58, -39, 214, 195, 73, 170, 
-146, 0, 146, 73, -146, 73, 58, -39, 214, 195, 68, 170, 
-146, 0, 146, 73, -146, 73, 58, -39, 214, 195, 68, 170, 
-146, -9, 136, 78, -141, 63, 68, -39, 204, 190, 78, 170, 
-146, -9, 136, 78, -141, 63, 68, -34, 209, 190, 78, 170, 
-146, -9, 136, 78, -141, 63, 68, -24, 209, 195, 78, 170, 
-146, -9, 136, 78, -141, 63, 68, -24, 219, 204, 78, 170, 
-156, -9, 146, 82, -151, 68, 78, -14, 219, 214, 78, 180, 
-156, -9, 146, 82, -151, 68, 78, -14, 229, 214, 78, 180, 
-156, -9, 146, 82, -151, 68, 78, -14, 229, 214, 78, 180, 
-156, -9, 146, 82, -151, 68, 78, -14, 229, 214, 82, 180, 
-156, 0, 156, 78, -156, 78, 68, -19, 229, 229, 92, 180, 
-161, 0, 161, 80, -161, 80, 68, -19, 234, 229, 92, 180, 
-161, 0, 161, 80, -161, 80, 68, -14, 234, 234, 97, 185, 
-161, 0, 161, 80, -161, 80, 68, -9, 234, 234, 97, 185, 
-161, 0, 161, 80, -161, 80, 73, -14, 234, 234, 97, 175, 
-161, 0, 161, 80, -161, 80, 73, -14, 244, 234, 102, 175, 
-156, 0, 156, 78, -156, 78, 78, 0, 248, 244, 102, 180, 
-156, 0, 156, 78, -156, 78, 78, 0, 258, 244, 102, 180, 
-156, 0, 156, 78, -156, 78, 78, 9, 263, 253, 97, 180, 
-156, 0, 156, 78, -156, 78, 78, 19, 268, 253, 97, 180, 
-156, 0, 156, 78, -156, 78, 87, 29, 283, 263, 107, 180, 
-156, 0, 156, 78, -156, 78, 87, 34, 287, 268, 112, 185, 
-156, 0, 156, 78, -156, 78, 78, 29, 283, 263, 112, 185, 
-156, 4, 161, 75, -158, 82, 78, 34, 287, 268, 112, 185, 
-156, 4, 161, 75, -158, 82, 82, 39, 297, 268, 112, 185, 
-156, 9, 165, 73, -161, 87, 82, 48, 302, 273, 112, 180, 
-156, 9, 165, 73, -161, 87, 82, 63, 307, 278, 122, 190, 
-156, 9, 165, 73, -161, 87, 82, 63, 312, 283, 122, 195, 
-156, 9, 165, 73, -161, 87, 82, 73, 317, 287, 122, 195, 
-156, 9, 165, 73, -161, 87, 87, 78, 322, 292, 131, 195, 
-156, 14, 170, 70, -163, 92, 102, 87, 331, 302, 122, 195, 
-156, 14, 170, 70, -163, 92, 107, 97, 341, 307, 122, 200, 
-156, 14, 170, 70, -163, 92, 107, 102, 346, 317, 131, 200, 
-156, 14, 170, 70, -163, 92, 107, 112, 351, 326, 136, 200, 
-156, 19, 175, 68, -165, 97, 112, 117, 366, 336, 141, 200, 
-156, 19, 175, 68, -165, 97, 117, 122, 380, 341, 146, 204, 
-156, 19, 175, 68, -165, 97, 122, 131, 395, 356, 146, 204, 
-156, 19, 175, 68, -165, 97, 122, 136, 405, 366, 151, 209, 
-156, 24, 180, 65, -168, 102, 122, 146, 405, 370, 161, 204, 
-156, 29, 185, 63, -170, 107, 122, 156, 414, 380, 165, 204, 
-156, 29, 185, 63, -170, 107, 131, 165, 419, 390, 170, 204, 
-151, 29, 180, 61, -165, 104, 131, 165, 424, 395, 175, 204, 
-146, 34, 180, 56, -163, 107, 122, 170, 434, 400, 180, 214, 
-146, 39, 185, 53, -165, 112, 131, 185, 448, 409, 185, 219, 
-151, 39, 190, 56, -170, 114, 131, 190, 458, 414, 185, 219, 
-151, 43, 195, 53, -173, 119, 131, 200, 468, 424, 190, 219, 
-151, 48, 200, 51, -175, 124, 131, 204, 468, 429, 185, 224, 
-151, 48, 200, 51, -175, 124, 131, 214, 478, 444, 190, 229, 
-151, 48, 200, 51, -175, 124, 131, 224, 488, 453, 195, 229, 
-151, 53, 204, 48, -178, 129, 131, 234, 492, 453, 200, 234, 
-156, 43, 200, 56, -178, 122, 131, 234, 507, 448, 204, 224, 
-151, 48, 200, 51, -175, 124, 131, 234, 507, 453, 209, 224, 
-151, 48, 200, 51, -175, 124, 131, 234, 507, 458, 214, 224, 
-151, 53, 204, 48, -178, 129, 131, 239, 507, 463, 219, 224, 
-146, 68, 214, 39, -180, 141, 131, 234, 507, 463, 219, 234, 
-146, 68, 214, 39, -180, 141, 131, 239, 512, 468, 224, 239, 
-141, 68, 209, 36, -175, 139, 126, 239, 517, 473, 224, 239, 
-141, 73, 214, 34, -178, 143, 126, 239, 522, 478, 224, 239, 
-131, 73, 204, 29, -168, 139, 126, 239, 512, 468, 214, 234, 
-131, 63, 195, 34, -163, 129, 126, 239, 517, 468, 219, 234, 
-131, 73, 204, 29, -168, 139, 126, 239, 517, 468, 224, 234, 
-122, 73, 195, 24, -158, 134, 122, 234, 512, 468, 224, 234, 
-117, 73, 190, 21, -153, 131, 112, 224, 497, 478, 234, 244, 
-117, 73, 190, 21, -153, 131, 112, 219, 497, 478, 234, 244, 
-117, 73, 190, 21, -153, 131, 112, 209, 497, 473, 229, 244, 
-112, 73, 185, 19, -148, 129, 107, 209, 497, 473, 229, 248, 
-107, 87, 195, 9, -151, 141, 112, 209, 488, 458, 239, 248, 
-107, 87, 195, 9, -151, 141, 102, 200, 478, 453, 239, 248, 
-107, 87, 195, 9, -151, 141, 97, 195, 473, 453, 234, 248, 
-97, 87, 185, 4, -141, 136, 92, 180, 463, 444, 234, 244, 
-97, 87, 185, 4, -141, 136, 92, 156, 453, 434, 229, 244, 
-97, 87, 185, 4, -141, 136, 87, 151, 439, 429, 224, 244, 
-97, 78, 175, 9, -136, 126, 87, 141, 429, 424, 219, 244, 
-87, 78, 165, 4, -126, 122, 87, 131, 424, 419, 204, 244, 
-87, 63, 151, 12, -119, 107, 68, 117, 409, 405, 200, 234, 
-87, 58, 146, 14, -117, 102, 68, 107, 390, 390, 185, 234, 
-87, 48, 136, 19, -112, 92, 63, 97, 380, 375, 180, 229, 
-87, 39, 126, 24, -107, 82, 53, 82, 361, 366, 170, 229, 
-82, 48, 131, 17, -107, 90, 48, 68, 356, 366, 175, 219, 
-82, 48, 131, 17, -107, 90, 48, 48, 346, 356, 170, 219, 
-82, 48, 131, 17, -107, 90, 39, 43, 331, 341, 161, 214, 
-82, 48, 131, 17, -107, 90, 34, 29, 317, 322, 156, 214, 
-73, 58, 131, 7, -102, 95, 29, 14, 302, 312, 161, 224, 
-73, 58, 131, 7, -102, 95, 24, 0, 287, 302, 161, 219, 
-73, 63, 136, 4, -104, 100, 19, -9, 273, 297, 161, 219, 
-73, 68, 141, 2, -107, 104, 14, -24, 263, 283, 151, 219, 
-73, 58, 131, 7, -102, 95, 14, -39, 248, 268, 141, 219, 
-73, 53, 126, 9, -100, 90, 9, -43, 244, 253, 126, 214, 
-73, 48, 122, 12, -97, 85, 4, -48, 224, 248, 122, 214, 
-73, 43, 117, 14, -95, 80, 0, -63, 214, 229, 117, 209, 
-82, 39, 122, 21, -102, 80, 0, -73, 209, 229, 112, 200, 
-82, 39, 122, 21, -102, 80, 0, -78, 204, 219, 107, 200, 
-82, 34, 117, 24, -100, 75, -4, -92, 200, 214, 112, 200, 
-82, 34, 117, 24, -100, 75, -9, -102, 190, 209, 117, 195, 
-92, 39, 131, 26, -112, 85, -4, -102, 185, 200, 107, 195, 
-92, 39, 131, 26, -112, 85, -4, -112, 170, 190, 107, 200, 
-92, 39, 131, 26, -112, 85, -4, -122, 165, 180, 102, 204, 
-97, 34, 131, 31, -114, 82, -9, -122, 161, 180, 97, 209, 
-97, 24, 122, 36, -109, 73, -9, -117, 156, 185, 102, 195, 
-97, 24, 122, 36, -109, 73, -9, -117, 146, 180, 97, 195, 
-92, 24, 117, 34, -104, 70, -9, -122, 141, 180, 97, 195, 
-92, 14, 107, 39, -100, 61, -14, -126, 141, 175, 97, 195, 
-82, 19, 102, 31, -92, 61, -4, -126, 136, 165, 82, 190, 
-92, 19, 112, 36, -102, 65, -4, -136, 136, 165, 82, 190, 
-92, 19, 112, 36, -102, 65, 0, -141, 136, 161, 82, 190, 
-87, 19, 107, 34, -97, 63, 0, -141, 136, 161, 82, 190, 
-87, 19, 107, 34, -97, 63, 0, -146, 131, 165, 82, 190, 
-92, 14, 107, 39, -100, 61, 0, -146, 131, 161, 82, 185, 
-92, 14, 107, 39, -100, 61, 0, -146, 126, 161, 82, 185, 
-92, 14, 107, 39, -100, 61, 0, -146, 126, 156, 87, 185, 
-97, 24, 122, 36, -109, 73, 0, -141, 131, 151, 78, 185, 
-97, 24, 122, 36, -109, 73, 0, -146, 126, 151, 73, 185, 
-97, 24, 122, 36, -109, 73, 0, -146, 126, 151, 73, 185, 
-102, 19, 122, 41, -112, 70, 4, -141, 131, 151, 73, 185, 
-112, 14, 126, 48, -119, 70, 4, -131, 126, 146, 63, 190, 
-112, 9, 122, 51, -117, 65, 4, -131, 126, 141, 63, 185, 
-112, 4, 117, 53, -114, 61, 4, -136, 126, 136, 63, 185, 
-117, 0, 117, 58, -117, 58, 9, -136, 126, 131, 63, 185, 
-117, 9, 126, 53, -122, 68, 4, -151, 117, 141, 73, 190, 
-117, 9, 126, 53, -122, 68, 0, -151, 112, 141, 73, 190, 
-117, 4, 122, 56, -119, 63, -4, -146, 112, 136, 73, 190, 
-117, 4, 122, 56, -119, 63, -9, -146, 117, 136, 73, 190, 
-117, 14, 131, 51, -124, 73, 0, -146, 117, 136, 73, 185, 
-117, 14, 131, 51, -124, 73, 0, -146, 117, 136, 68, 185, 
-122, 14, 136, 53, -129, 75, 0, -141, 122, 136, 68, 185, 
-122, 14, 136, 53, -129, 75, 0, -141, 122, 141, 78, 190, 
-122, 4, 126, 58, -124, 65, 0, -131, 131, 151, 87, 190, 
-122, 4, 126, 58, -124, 65, 4, -131, 131, 151, 87, 185, 
-122, 4, 126, 58, -124, 65, 4, -131, 131, 151, 82, 185, 
-122, 4, 126, 58, -124, 65, 4, -126, 131, 151, 82, 185, 
-122, 4, 126, 58, -124, 65, 14, -126, 141, 151, 82, 195, 
-122, 4, 126, 58, -124, 65, 14, -122, 141, 151, 82, 195, 
-122, 9, 131, 56, -126, 70, 19, -122, 141, 151, 82, 190, 
-122, 9, 131, 56, -126, 70, 29, -122, 141, 151, 82, 190, 
-122, 14, 136, 53, -129, 75, 29, -112, 146, 161, 97, 195, 
-122, 14, 136, 53, -129, 75, 24, -112, 146, 165, 97, 195, 
-122, 14, 136, 53, -129, 75, 24, -107, 146, 165, 97, 195, 
-126, 14, 141, 56, -134, 78, 24, -107, 151, 165, 102, 200, 
-136, 9, 146, 63, -141, 78, 24, -112, 141, 161, 102, 190, 
-131, 9, 141, 61, -136, 75, 19, -117, 141, 161, 97, 190, 
-131, 9, 141, 61, -136, 75, 19, -112, 141, 161, 92, 185, 
-131, 4, 136, 63, -134, 70, 24, -117, 141, 161, 87, 185, 
-141, 4, 146, 68, -143, 75, 24, -112, 146, 156, 78, 185, 
-141, 4, 146, 68, -143, 75, 24, -112, 146, 156, 78, 185, 
-146, 4, 151, 70, -148, 78, 24, -107, 146, 156, 78, 185, 
-146, 4, 151, 70, -148, 78, 24, -107, 151, 156, 78, 180, 
-136, 4, 141, 65, -139, 73, 29, -107, 156, 165, 82, 190, 
-136, 4, 141, 65, -139, 73, 34, -102, 156, 165, 87, 195, 
-136, 0, 136, 68, -136, 68, 34, -102, 151, 165, 92, 195, 
-131, 0, 131, 65, -131, 65, 34, -102, 151, 165, 97, 195, 
-131, 14, 146, 58, -139, 80, 39, -107, 151, 156, 87, 185, 
-136, 19, 156, 58, -146, 87, 39, -107, 151, 156, 82, 185, 
-136, 19, 156, 58, -146, 87, 39, -107, 151, 161, 82, 185, 
-136, 19, 156, 58, -146, 87, 34, -107, 151, 161, 82, 185, 
-136, 19, 156, 58, -146, 87, 34, -102, 146, 161, 78, 185, 
-136, 19, 156, 58, -146, 87, 34, -102, 146, 161, 78, 185, 
-136, 19, 156, 58, -146, 87, 39, -102, 146, 161, 82, 185, 
-136, 19, 156, 58, -146, 87, 39, -102, 146, 161, 82, 185, 
-126, 9, 136, 58, -131, 73, 29, -107, 146, 156, 92, 195, 
-126, 9, 136, 58, -131, 73, 29, -112, 146, 156, 92, 195, 
-126, 9, 136, 58, -131, 73, 34, -117, 146, 156, 92, 195, 
-122, 9, 131, 56, -126, 70, 34, -122, 146, 156, 92, 195, 
-126, 0, 126, 63, -126, 63, 39, -117, 146, 156, 82, 195, 
-126, -4, 122, 65, -124, 58, 39, -112, 146, 156, 82, 195, 
-131, -4, 126, 68, -129, 61, 39, -107, 146, 156, 82, 195, 
-131, 0, 131, 65, -131, 65, 39, -102, 146, 156, 82, 195, 
-131, -4, 126, 68, -129, 61, 48, -102, 146, 151, 82, 195, 
-131, -9, 122, 70, -126, 56, 48, -102, 146, 151, 82, 195, 
-136, -14, 122, 75, -129, 53, 48, -102, 146, 151, 82, 195, 
-136, -19, 117, 78, -126, 48, 48, -102, 146, 156, 82, 195, 
-136, -9, 126, 73, -131, 58, 39, -112, 136, 156, 92, 195, 
-136, -9, 126, 73, -131, 58, 39, -112, 136, 156, 92, 195, 
-136, -14, 122, 75, -129, 53, 39, -112, 136, 151, 92, 195, 
-136, -14, 122, 75, -129, 53, 39, -112, 136, 151, 92, 195, 
-126, -9, 117, 68, -122, 53, 29, -122, 131, 151, 87, 185, 
-126, -4, 122, 65, -124, 58, 29, -122, 131, 151, 87, 185, 
-126, -4, 122, 65, -124, 58, 29, -122, 136, 151, 87, 185, 
-126, 0, 126, 63, -126, 63, 34, -122, 136, 151, 87, 185, 
-126, 4, 131, 61, -129, 68, 34, -126, 131, 136, 73, 195, 
-126, 4, 131, 61, -129, 68, 34, -126, 131, 136, 73, 190, 
-126, 4, 131, 61, -129, 68, 34, -126, 131, 141, 78, 190, 
-126, 4, 131, 61, -129, 68, 34, -126, 131, 141, 82, 195, 
-117, 14, 131, 51, -124, 73, 34, -126, 131, 151, 92, 195, 
-117, 14, 131, 51, -124, 73, 34, -126, 131, 151, 87, 195, 
-117, 9, 126, 53, -122, 68, 34, -126, 126, 146, 87, 195, 
-117, 9, 126, 53, -122, 68, 34, -126, 126, 146, 82, 195, 
-126, 4, 131, 61, -129, 68, 34, -126, 126, 136, 78, 185, 
-126, 4, 131, 61, -129, 68, 34, -126, 126, 136, 78, 185, 
-126, 4, 131, 61, -129, 68, 34, -126, 126, 131, 78, 185, 
-126, 4, 131, 61, -129, 68, 34, -126, 126, 131, 73, 185, 
-136, -4, 131, 70, -134, 63, 43, -126, 122, 131, 73, 185, 
-136, -4, 131, 70, -134, 63, 43, -131, 122, 131, 73, 185, 
-136, -4, 131, 70, -134, 63, 43, -136, 122, 131, 68, 185, 
-136, -4, 131, 70, -134, 63, 43, -136, 122, 131, 68, 185, 
-136, 0, 136, 68, -136, 68, 34, -136, 122, 122, 68, 185, 
-136, 4, 141, 65, -139, 73, 34, -136, 122, 126, 73, 185, 
-136, 9, 146, 63, -141, 78, 34, -136, 122, 126, 73, 185, 
-136, 14, 151, 61, -143, 82, 34, -136, 122, 122, 73, 185, 
-126, 14, 141, 56, -134, 78, 24, -136, 122, 131, 68, 190, 
-126, 14, 141, 56, -134, 78, 29, -136, 122, 126, 68, 190, 
-126, 14, 141, 56, -134, 78, 29, -136, 122, 126, 68, 190, 
-126, 14, 141, 56, -134, 78, 29, -136, 117, 126, 73, 185, 
-131, 14, 146, 58, -139, 80, 29, -146, 117, 126, 78, 195, 
-131, 14, 146, 58, -139, 80, 29, -151, 117, 126, 82, 195, 
-131, 14, 146, 58, -139, 80, 29, -151, 117, 126, 87, 195, 
-131, 14, 146, 58, -139, 80, 29, -151, 117, 131, 97, 195, 
-126, 14, 141, 56, -134, 78, 39, -141, 117, 131, 92, 185, 
-126, 14, 141, 56, -134, 78, 39, -141, 117, 126, 87, 185, 
-126, 14, 141, 56, -134, 78, 39, -141, 117, 126, 82, 190, 
-126, 9, 136, 58, -131, 73, 39, -141, 117, 126, 78, 190, 
-126, 9, 136, 58, -131, 73, 39, -141, 117, 117, 73, 190, 
-126, 14, 141, 56, -134, 78, 39, -141, 117, 117, 68, 190, 
-126, 14, 141, 56, -134, 78, 39, -141, 117, 117, 63, 195, 
-126, 14, 141, 56, -134, 78, 39, -141, 117, 117, 58, 195, 
-126, 14, 141, 56, -134, 78, 48, -131, 126, 126, 68, 185, 
-126, 14, 141, 56, -134, 78, 48, -131, 126, 131, 73, 180, 
-126, 14, 141, 56, -134, 78, 48, -126, 126, 131, 78, 180, 
-126, 14, 141, 56, -134, 78, 48, -126, 126, 131, 82, 180, 
-136, 14, 151, 61, -143, 82, 39, -131, 126, 126, 73, 180, 
-141, 9, 151, 65, -146, 80, 39, -136, 122, 126, 73, 180, 
-141, 4, 146, 68, -143, 75, 39, -141, 117, 122, 73, 180, 
-141, 4, 146, 68, -143, 75, 39, -146, 107, 122, 68, 180, 
-141, -4, 136, 73, -139, 65, 48, -146, 117, 122, 68, 190, 
-141, -9, 131, 75, -136, 61, 48, -146, 117, 122, 68, 190, 
-141, -9, 131, 75, -136, 61, 48, -151, 117, 122, 68, 190, 
-141, -9, 131, 75, -136, 61, 48, -151, 117, 126, 73, 190, 
-131, 0, 131, 65, -131, 65, 39, -141, 117, 126, 87, 200, 
-131, 0, 131, 65, -131, 65, 39, -141, 117, 126, 87, 200, 
-131, 0, 131, 65, -131, 65, 39, -141, 117, 126, 87, 200, 
-131, 0, 131, 65, -131, 65, 39, -141, 117, 131, 87, 200, 
-131, 0, 131, 65, -131, 65, 39, -141, 117, 141, 78, 200, 
-131, 0, 131, 65, -131, 65, 43, -141, 117, 136, 78, 200, 
-131, -4, 126, 68, -129, 61, 43, -141, 117, 136, 78, 200, 
-131, -4, 126, 68, -129, 61, 39, -141, 117, 136, 78, 200, 
-131, 4, 136, 63, -134, 70, 39, -151, 107, 126, 87, 200, 
-131, 9, 141, 61, -136, 75, 39, -146, 112, 126, 87, 200, 
-131, 14, 146, 58, -139, 80, 39, -146, 112, 126, 87, 200, 
-131, 24, 156, 53, -143, 90, 43, -141, 112, 126, 82, 200, 
-131, 19, 151, 56, -141, 85, 43, -131, 122, 117, 78, 200, 
-131, 14, 146, 58, -139, 80, 43, -136, 122, 126, 78, 200, 
-126, 9, 136, 58, -131, 73, 48, -136, 122, 126, 78, 200, 
-126, 4, 131, 61, -129, 68, 53, -126, 122, 117, 78, 204, 
-126, 0, 126, 63, -126, 63, 53, -136, 122, 126, 68, 195, 
-131, 0, 131, 65, -131, 65, 53, -136, 122, 126, 68, 195, 
-136, 0, 136, 68, -136, 68, 53, -136, 126, 126, 63, 195, 
-141, -4, 136, 73, -139, 65, 53, -136, 126, 131, 63, 195, 
-146, -14, 131, 80, -139, 58, 43, -146, 117, 131, 63, 185, 
-146, -14, 131, 80, -139, 58, 43, -141, 117, 131, 68, 185, 
-151, -14, 136, 82, -143, 61, 43, -141, 117, 131, 73, 190, 
-151, -14, 136, 82, -143, 61, 43, -136, 117, 131, 78, 195, 
-141, 4, 146, 68, -143, 75, 39, -136, 112, 131, 78, 195, 
-136, 4, 141, 65, -139, 73, 34, -141, 112, 126, 73, 195, 
-136, 4, 141, 65, -139, 73, 34, -146, 112, 122, 68, 195, 
-136, 4, 141, 65, -139, 73, 39, -151, 112, 117, 68, 195, 
-136, 14, 151, 61, -143, 82, 43, -141, 117, 131, 78, 204, 
-131, 14, 146, 58, -139, 80, 53, -141, 122, 131, 82, 204, 
-126, 14, 141, 56, -134, 78, 43, -141, 122, 136, 87, 204, 
-122, 14, 136, 53, -129, 75, 43, -141, 122, 136, 92, 204, 
-131, 9, 141, 61, -136, 75, 53, -146, 112, 131, 87, 195, 
-131, 9, 141, 61, -136, 75, 53, -146, 112, 131, 78, 195, 
-136, 9, 146, 63, -141, 78, 53, -136, 117, 131, 73, 195, 
-146, 4, 151, 70, -148, 78, 48, -136, 122, 136, 68, 195, 
-136, 0, 136, 68, -136, 68, 58, -131, 122, 131, 58, 195, 
-136, 0, 136, 68, -136, 68, 63, -131, 126, 131, 63, 195, 
-136, 0, 136, 68, -136, 68, 63, -126, 126, 131, 63, 195, 
-136, 0, 136, 68, -136, 68, 68, -126, 126, 131, 63, 200, 
-126, 9, 136, 58, -131, 73, 82, -112, 131, 146, 73, 204, 
-126, 19, 146, 53, -136, 82, 87, -107, 136, 151, 82, 214, 
-126, 29, 156, 48, -141, 92, 87, -102, 141, 156, 97, 219, 
-126, 39, 165, 43, -146, 102, 87, -102, 146, 161, 107, 219, 
-126, 39, 165, 43, -146, 102, 87, -92, 146, 156, 102, 224, 
-126, 43, 170, 41, -148, 107, 92, -92, 146, 151, 97, 224, 
-126, 48, 175, 39, -151, 112, 82, -92, 151, 156, 97, 224, 
-126, 58, 185, 34, -156, 122, 82, -92, 156, 161, 97, 224, 
-117, 58, 175, 29, -146, 117, 92, -87, 170, 170, 97, 224, 
-117, 58, 175, 29, -146, 117, 102, -78, 175, 170, 102, 224, 
-117, 53, 170, 31, -143, 112, 112, -68, 175, 170, 102, 219, 
-117, 53, 170, 31, -143, 112, 117, -63, 175, 170, 107, 219, 
-107, 58, 165, 24, -136, 112, 107, -63, 180, 180, 107, 219, 
-107, 68, 175, 19, -141, 122, 102, -63, 180, 170, 112, 229, 
-112, 78, 190, 17, -151, 134, 117, -53, 185, 180, 122, 229, 
-117, 87, 204, 14, -161, 146, 122, -63, 185, 190, 126, 229, 
-107, 87, 195, 9, -151, 141, 107, -78, 175, 195, 136, 234, 
-107, 78, 185, 14, -146, 131, 97, -68, 175, 185, 131, 234, 
-107, 78, 185, 14, -146, 131, 97, -68, 175, 185, 126, 234, 
-107, 78, 185, 14, -146, 131, 97, -68, 175, 185, 122, 234, 
-107, 78, 185, 14, -146, 131, 97, -68, 175, 185, 117, 234, 
-107, 73, 180, 17, -143, 126, 82, -82, 165, 170, 107, 229, 
-107, 68, 175, 19, -141, 122, 78, -87, 165, 165, 97, 224, 
-107, 63, 170, 21, -139, 117, 73, -92, 165, 161, 87, 219, 
-107, 58, 165, 24, -136, 112, 68, -97, 165, 156, 78, 214, 
-117, 53, 170, 31, -143, 112, 58, -112, 161, 151, 78, 204, 
-117, 48, 165, 34, -141, 107, 58, -117, 156, 146, 78, 204, 
-117, 43, 161, 36, -139, 102, 58, -122, 151, 141, 78, 204, 
-117, 39, 156, 39, -136, 97, 58, -126, 146, 136, 78, 204, 
-126, 48, 175, 39, -151, 112, 53, -131, 141, 146, 82, 214, 
-126, 48, 175, 39, -151, 112, 48, -136, 136, 146, 87, 214, 
-126, 48, 175, 39, -151, 112, 43, -141, 131, 146, 92, 214, 
-126, 48, 175, 39, -151, 112, 39, -146, 126, 146, 97, 214, 
-117, 39, 156, 39, -136, 97, 29, -151, 117, 141, 92, 204, 
-117, 39, 156, 39, -136, 97, 29, -156, 117, 136, 87, 204, 
-117, 39, 156, 39, -136, 97, 29, -161, 117, 131, 82, 204, 
-117, 39, 156, 39, -136, 97, 29, -165, 117, 126, 78, 204, 
-126, 29, 156, 48, -141, 92, 19, -170, 112, 126, 87, 214, 
-126, 29, 156, 48, -141, 92, 19, -175, 107, 126, 87, 214, 
-126, 29, 156, 48, -141, 92, 19, -180, 102, 126, 87, 214, 
-126, 29, 156, 48, -141, 92, 19, -185, 97, 126, 87, 214, 
-117, 24, 141, 46, -129, 82, 24, -175, 97, 122, 82, 204, 
-117, 19, 136, 48, -126, 78, 29, -175, 97, 117, 78, 204, 
-122, 9, 131, 56, -126, 70, 34, -175, 97, 112, 73, 204, 
-126, -9, 117, 68, -122, 53, 39, -180, 97, 107, 68, 209, 
-131, 0, 131, 65, -131, 65, 48, -180, 97, 107, 68, 200, 
-131, -4, 126, 68, -129, 61, 48, -175, 97, 107, 63, 200, 
-131, -9, 122, 70, -126, 56, 48, -170, 97, 107, 58, 200, 
-131, -9, 122, 70, -126, 56, 48, -170, 97, 112, 58, 195, 
-146, 0, 146, 73, -146, 73, 53, -170, 92, 122, 78, 200, 
-146, 0, 146, 73, -146, 73, 53, -170, 92, 122, 82, 204, 
-141, 0, 141, 70, -141, 70, 53, -170, 92, 122, 82, 204, 
-141, 0, 141, 70, -141, 70, 53, -180, 92, 117, 82, 209, 
-141, 0, 141, 70, -141, 70, 43, -180, 92, 107, 68, 200, 
-136, -9, 126, 73, -131, 58, 43, -175, 92, 107, 63, 195, 
-136, -9, 126, 73, -131, 58, 48, -175, 92, 102, 58, 195, 
-136, -14, 122, 75, -129, 53, 48, -175, 92, 102, 53, 195, 
-126, -4, 122, 65, -124, 58, 29, -175, 78, 102, 48, 195, 
-126, -4, 122, 65, -124, 58, 29, -180, 73, 102, 48, 195, 
-126, -4, 122, 65, -124, 58, 29, -185, 73, 97, 48, 190, 
-122, -4, 117, 63, -119, 56, 29, -185, 73, 97, 48, 190, 
-122, -14, 107, 68, -114, 46, 43, -180, 78, 97, 48, 195, 
-122, -14, 107, 68, -114, 46, 43, -180, 78, 102, 48, 195, 
-112, -9, 102, 61, -107, 46, 43, -180, 78, 102, 53, 195, 
-107, -4, 102, 56, -104, 48, 43, -185, 78, 102, 53, 195, 
-97, -14, 82, 56, -90, 34, 48, -185, 78, 102, 53, 195, 
-97, -9, 87, 53, -92, 39, 53, -180, 78, 102, 53, 200, 
-97, -9, 87, 53, -92, 39, 58, -180, 82, 102, 53, 200, 
-107, -4, 102, 56, -104, 48, 63, -170, 82, 102, 58, 200, 
-107, 0, 107, 53, -107, 53, 58, -161, 97, 102, 48, 200, 
-112, 0, 112, 56, -112, 56, 63, -161, 102, 102, 53, 200, 
-117, 0, 117, 58, -117, 58, 68, -156, 102, 107, 53, 200, 
-126, -4, 122, 65, -124, 58, 73, -151, 102, 107, 53, 200, 
-136, 0, 136, 68, -136, 68, 73, -161, 97, 107, 68, 200, 
-136, 4, 141, 65, -139, 73, 78, -161, 97, 107, 73, 200, 
-141, 9, 151, 65, -146, 80, 78, -161, 97, 102, 73, 200, 
-146, 14, 161, 65, -153, 87, 82, -165, 92, 102, 78, 200, 
-151, 14, 165, 68, -158, 90, 82, -175, 92, 112, 78, 209, 
-151, 9, 161, 70, -156, 85, 82, -175, 92, 112, 73, 204, 
-151, 9, 161, 70, -156, 85, 82, -175, 92, 112, 68, 204, 
-146, 9, 156, 68, -151, 82, 82, -175, 92, 112, 63, 204, 
-156, 14, 170, 70, -163, 92, 73, -185, 92, 112, 73, 195, 
-156, 14, 170, 70, -163, 92, 73, -180, 92, 112, 73, 200, 
-161, 14, 175, 73, -168, 95, 73, -180, 92, 112, 73, 200, 
-161, 14, 175, 73, -168, 95, 73, -180, 92, 112, 73, 200, 
-161, 24, 185, 68, -173, 104, 78, -180, 92, 122, 82, 209, 
-165, 24, 190, 70, -178, 107, 78, -180, 92, 122, 82, 209, 
-165, 19, 185, 73, -175, 102, 87, -180, 92, 122, 82, 209, 
-165, 19, 185, 73, -175, 102, 87, -180, 92, 122, 82, 209, 
-165, 4, 170, 80, -168, 87, 97, -175, 102, 102, 63, 204, 
-165, 0, 165, 82, -165, 82, 97, -170, 102, 97, 53, 200, 
-165, -4, 161, 85, -163, 78, 92, -165, 102, 92, 43, 195, 
-165, -9, 156, 87, -161, 73, 92, -161, 102, 92, 34, 190, 
-175, 0, 175, 87, -175, 87, 102, -161, 92, 102, 43, 190, 
-175, 0, 175, 87, -175, 87, 102, -161, 92, 107, 43, 190, 
-170, 0, 170, 85, -170, 85, 102, -161, 97, 107, 43, 190, 
-170, 0, 170, 85, -170, 85, 97, -161, 97, 107, 43, 190, 
-161, 4, 165, 78, -163, 85, 97, -161, 97, 117, 58, 200, 
-165, 14, 180, 75, -173, 97, 97, -161, 97, 117, 63, 200, 
-165, 19, 185, 73, -175, 102, 97, -161, 97, 117, 68, 200, 
-161, 24, 185, 68, -173, 104, 97, -161, 97, 117, 73, 200, 
-161, 19, 180, 70, -170, 100, 87, -161, 97, 117, 63, 209, 
-161, 14, 175, 73, -168, 95, 87, -161, 97, 117, 63, 209, 
-161, 4, 165, 78, -163, 85, 97, -156, 97, 117, 63, 209, 
-161, 0, 161, 80, -161, 80, 97, -156, 97, 117, 63, 209, 
-170, 0, 170, 85, -170, 85, 102, -165, 97, 107, 53, 204, 
-170, 0, 170, 85, -170, 85, 102, -165, 97, 107, 53, 200, 
-170, 4, 175, 82, -173, 90, 97, -165, 97, 107, 53, 195, 
-170, 4, 175, 82, -173, 90, 97, -165, 97, 107, 53, 190, 
-180, 4, 185, 87, -183, 95, 97, -165, 87, 107, 48, 190, 
-180, 4, 185, 87, -183, 95, 97, -165, 87, 102, 48, 190, 
-180, 4, 185, 87, -183, 95, 97, -165, 87, 102, 48, 190, 
-180, 4, 185, 87, -183, 95, 97, -165, 87, 107, 53, 190, 
-175, 4, 180, 85, -178, 92, 92, -165, 87, 107, 53, 200, 
-170, 4, 175, 82, -173, 90, 92, -165, 87, 107, 53, 200, 
-165, 9, 175, 78, -170, 92, 92, -165, 92, 107, 53, 200, 
-165, 9, 175, 78, -170, 92, 92, -165, 92, 107, 53, 200, 
-156, 0, 156, 78, -156, 78, 92, -165, 87, 107, 53, 200, 
-165, 9, 175, 78, -170, 92, 82, -156, 87, 117, 53, 200, 
-175, 29, 204, 73, -190, 117, 82, -156, 107, 136, 73, 219, 
-170, 43, 214, 63, -192, 129, 82, -170, 112, 151, 107, 229, 
-180, 48, 229, 65, -204, 139, 92, -161, 107, 151, 107, 229, 
-180, 39, 219, 70, -200, 129, 87, -161, 112, 141, 97, 219, 
-175, 24, 200, 75, -187, 112, 97, -156, 122, 131, 82, 204, 
-175, 14, 190, 80, -183, 102, 97, -141, 126, 136, 73, 204, 
-180, 24, 204, 78, -192, 114, 87, -146, 126, 136, 68, 204, 
-175, 19, 195, 78, -185, 107, 87, -161, 122, 141, 63, 195, 
-165, 4, 170, 80, -168, 87, 82, -180, 117, 141, 53, 190, 
-161, -4, 156, 82, -158, 75, 92, -185, 117, 151, 68, 209, 
-151, 4, 156, 73, -153, 80, 87, -180, 126, 175, 112, 229, 
-117, 19, 136, 48, -126, 78, 63, -200, 122, 195, 151, 248, 
-87, 39, 126, 24, -107, 82, 29, -244, 102, 214, 180, 263, 
-58, 34, 92, 12, -75, 63, 0, -273, 78, 224, 200, 287, 
-14, 39, 53, -12, -34, 46, -24, -331, 19, 195, 209, 297, 
29, 63, 34, -46, -2, 48, -58, -444, -78, 146, 214, 326, 
82, 87, 4, -85, 39, 46, -141, -595, -190, 107, 234, 361, 
165, 97, -68, -131, 117, 14, -234, -761, -322, 29, 239, 385, 
229, 102, -126, -165, 178, -12, -307, -902, -448, -48, 219, 405, 
292, 136, -156, -214, 224, -9, -361, -1000, -527, -107, 219, 419, 
361, 156, -204, -258, 283, -24, -429, -1083, -614, -165, 200, 419, 
448, 146, -302, -297, 375, -78, -507, -1195, -722, -253, 151, 390, 
522, 131, -390, -326, 456, -129, -570, -1302, -814, -331, 92, 366, 
585, 131, -453, -358, 519, -161, -629, -1366, -858, -375, 48, 331, 
639, 131, -507, -385, 573, -187, -644, -1400, -902, -414, 4, 302, 
653, 117, -536, -385, 595, -209, -605, -1385, -902, -444, -58, 278, 
678, 92, -585, -385, 631, -246, -546, -1317, -849, -444, -107, 248, 
722, 78, -644, -400, 683, -283, -517, -1239, -800, -434, -141, 219, 
756, 43, -712, -400, 734, -334, -517, -1190, -771, -434, -180, 190, 
756, 24, -732, -390, 744, -353, -517, -1137, -732, -424, -219, 161, 
746, 9, -736, -378, 741, -363, -517, -1078, -668, -400, -219, 151, 
697, 9, -688, -353, 692, -339, -497, -1000, -580, -326, -170, 180, 
600, 53, -546, -326, 573, -246, -434, -834, -429, -195, -82, 239, 
439, 107, -331, -273, 385, -112, -322, -649, -253, -68, 14, 297, 
287, 131, -156, -209, 222, -12, -214, -517, -151, 0, 58, 307, 
175, 131, -43, -153, 109, 43, -156, -439, -87, 43, 87, 317, 
58, 141, 82, -100, -12, 112, -87, -370, -29, 78, 117, 331, 
-19, 131, 151, -56, -85, 141, -34, -322, 0, 92, 126, 322, 
-43, 131, 175, -43, -109, 153, -19, -302, 4, 102, 112, 307, 
-58, 131, 190, -36, -124, 161, 4, -287, 24, 107, 102, 278, 
-78, 112, 190, -17, -134, 151, 39, -248, 53, 107, 78, 248, 
-87, 97, 185, -4, -136, 141, 68, -224, 63, 87, 58, 224, 
-87, 68, 156, 9, -122, 112, 78, -200, 73, 97, 39, 219, 
-97, 53, 151, 21, -124, 102, 82, -180, 92, 102, 39, 204, 
-97, 43, 141, 26, -119, 92, 82, -170, 102, 126, 58, 200, 
-112, 39, 151, 36, -131, 95, 87, -156, 112, 141, 68, 209, 
-146, 48, 195, 48, -170, 122, 97, -156, 122, 151, 82, 229, 
-151, 58, 209, 46, -180, 134, 92, -156, 126, 141, 87, 229, 
-156, 68, 224, 43, -190, 146, 97, -151, 122, 136, 87, 224, 
-161, 58, 219, 51, -190, 139, 107, -146, 131, 136, 82, 224, 
-170, 63, 234, 53, -202, 148, 112, -141, 136, 136, 73, 224, 
-170, 63, 234, 53, -202, 148, 117, -131, 136, 126, 68, 214, 
-170, 63, 234, 53, -202, 148, 122, -126, 136, 122, 63, 209, 
-156, 63, 219, 46, -187, 141, 122, -136, 136, 131, 68, 195, 
-156, 58, 214, 48, -185, 136, 122, -136, 136, 131, 63, 195, 
-161, 58, 219, 51, -190, 139, 122, -136, 136, 136, 63, 195, 
-161, 58, 219, 51, -190, 139, 117, -136, 136, 136, 63, 195, 
-165, 68, 234, 48, -200, 151, 112, -136, 141, 141, 58, 200, 
-170, 68, 239, 51, -204, 153, 107, -131, 141, 141, 63, 200, 
-170, 68, 239, 51, -204, 153, 107, -126, 146, 146, 63, 204, 
-170, 68, 239, 51, -204, 153, 102, -126, 151, 146, 58, 204, 
-170, 58, 229, 56, -200, 143, 117, -122, 151, 141, 53, 214, 
-165, 63, 229, 51, -197, 146, 117, -122, 146, 141, 53, 214, 
-165, 63, 229, 51, -197, 146, 122, -122, 146, 141, 53, 209, 
-165, 63, 229, 51, -197, 146, 122, -122, 146, 141, 53, 209, 
-165, 53, 219, 56, -192, 136, 131, -117, 146, 141, 53, 209, 
-165, 53, 219, 56, -192, 136, 131, -117, 146, 141, 53, 209, 
-165, 58, 224, 53, -195, 141, 131, -112, 151, 141, 58, 209, 
-170, 58, 229, 56, -200, 143, 131, -112, 151, 146, 58, 214, 
-170, 78, 248, 46, -209, 163, 122, -117, 156, 161, 73, 214, 
-170, 78, 248, 46, -209, 163, 122, -122, 156, 161, 73, 214, 
-170, 78, 248, 46, -209, 163, 122, -126, 156, 161, 73, 214, 
-170, 78, 248, 46, -209, 163, 122, -131, 151, 156, 73, 214, 
-180, 68, 248, 56, -214, 158, 122, -131, 146, 146, 73, 214, 
-180, 63, 244, 58, -212, 153, 122, -131, 141, 146, 73, 214, 
-175, 63, 239, 56, -207, 151, 122, -131, 141, 146, 63, 209, 
-175, 58, 234, 58, -204, 146, 117, -131, 136, 146, 63, 204, 
-185, 48, 234, 68, -209, 141, 117, -122, 146, 136, 58, 195, 
-185, 53, 239, 65, -212, 146, 122, -122, 146, 136, 53, 195, 
-185, 53, 239, 65, -212, 146, 126, -122, 146, 136, 48, 195, 
-190, 53, 244, 68, -217, 148, 126, -122, 151, 136, 48, 200, 
-180, 63, 244, 58, -212, 153, 122, -122, 151, 146, 63, 209, 
-180, 63, 244, 58, -212, 153, 117, -126, 146, 151, 68, 209, 
-180, 63, 244, 58, -212, 153, 112, -126, 146, 156, 78, 209, 
-180, 63, 244, 58, -212, 153, 107, -131, 146, 156, 82, 209, 
-170, 63, 234, 53, -202, 148, 117, -126, 136, 141, 78, 209, 
-170, 63, 234, 53, -202, 148, 117, -126, 141, 141, 73, 209, 
-175, 63, 239, 56, -207, 151, 117, -126, 146, 141, 68, 209, 
-175, 63, 239, 56, -207, 151, 117, -117, 146, 141, 63, 209, 
-185, 73, 258, 56, -222, 165, 107, -126, 156, 141, 48, 209, 
-180, 73, 253, 53, -217, 163, 107, -126, 156, 141, 48, 209, 
-180, 73, 253, 53, -217, 163, 107, -126, 156, 141, 53, 209, 
-180, 73, 253, 53, -217, 163, 107, -122, 156, 141, 53, 209, 
-180, 73, 253, 53, -217, 163, 117, -131, 146, 151, 58, 209, 
-180, 73, 253, 53, -217, 163, 122, -126, 151, 161, 63, 209, 
-180, 73, 253, 53, -217, 163, 126, -126, 151, 161, 63, 209, 
-180, 68, 248, 56, -214, 158, 131, -122, 156, 161, 68, 209, 
-170, 58, 229, 56, -200, 143, 131, -122, 146, 151, 58, 200, 
-175, 63, 239, 56, -207, 151, 126, -112, 151, 156, 53, 200, 
-175, 63, 239, 56, -207, 151, 122, -112, 156, 156, 48, 200, 
-175, 63, 239, 56, -207, 151, 117, -117, 156, 156, 43, 200, 
-175, 63, 239, 56, -207, 151, 117, -117, 165, 165, 53, 209, 
-175, 68, 244, 53, -209, 156, 117, -117, 165, 165, 63, 209, 
-175, 68, 244, 53, -209, 156, 117, -117, 165, 165, 73, 209, 
-175, 68, 244, 53, -209, 156, 117, -117, 165, 165, 87, 209, 
-185, 73, 258, 56, -222, 165, 107, -126, 165, 161, 82, 209, 
-185, 78, 263, 53, -224, 170, 107, -122, 170, 161, 78, 209, 
-185, 82, 268, 51, -226, 175, 107, -112, 170, 165, 73, 209, 
-185, 87, 273, 48, -229, 180, 107, -112, 180, 175, 68, 209, 
-185, 73, 258, 56, -222, 165, 122, -102, 170, 175, 78, 219, 
-185, 68, 253, 58, -219, 161, 126, -102, 180, 175, 78, 219, 
-185, 63, 248, 61, -217, 156, 131, -102, 180, 175, 78, 219, 
-185, 58, 244, 63, -214, 151, 136, -102, 180, 175, 82, 219, 
-175, 63, 239, 56, -207, 151, 136, -97, 190, 180, 82, 219, 
-180, 68, 248, 56, -214, 158, 136, -97, 195, 180, 82, 219, 
-180, 73, 253, 53, -217, 163, 136, -92, 195, 185, 87, 224, 
-180, 78, 258, 51, -219, 168, 136, -87, 195, 185, 87, 224, 
-170, 87, 258, 41, -214, 173, 131, -73, 195, 204, 78, 224, 
-170, 87, 258, 41, -214, 173, 131, -73, 204, 204, 82, 224, 
-165, 87, 253, 39, -209, 170, 136, -58, 209, 214, 82, 229, 
-165, 87, 253, 39, -209, 170, 136, -58, 219, 214, 82, 229, 
-175, 82, 258, 46, -217, 170, 126, -63, 229, 204, 78, 219, 
-175, 78, 253, 48, -214, 165, 126, -58, 229, 204, 78, 219, 
-175, 73, 248, 51, -212, 161, 136, -53, 239, 214, 87, 219, 
-175, 68, 244, 53, -209, 156, 136, -53, 239, 219, 92, 224, 
-175, 73, 248, 51, -212, 161, 146, -58, 244, 214, 92, 224, 
-175, 82, 258, 46, -217, 170, 146, -53, 248, 219, 92, 224, 
-175, 87, 263, 43, -219, 175, 151, -48, 258, 219, 92, 224, 
-175, 97, 273, 39, -224, 185, 151, -39, 263, 224, 92, 219, 
-185, 107, 292, 39, -239, 200, 141, -34, 258, 239, 97, 229, 
-185, 107, 292, 39, -239, 200, 141, -34, 263, 244, 102, 234, 
-185, 107, 292, 39, -239, 200, 141, -24, 268, 248, 107, 234, 
-185, 107, 292, 39, -239, 200, 146, -19, 273, 253, 122, 234, 
-185, 102, 287, 41, -236, 195, 161, 0, 292, 263, 112, 234, 
-185, 92, 278, 46, -231, 185, 165, 9, 302, 268, 112, 239, 
-185, 82, 268, 51, -226, 175, 165, 14, 307, 278, 122, 239, 
-185, 73, 258, 56, -222, 165, 165, 24, 312, 287, 126, 239, 
-185, 78, 263, 53, -224, 170, 161, 29, 317, 278, 126, 229, 
-185, 78, 263, 53, -224, 170, 165, 34, 331, 283, 126, 234, 
-185, 78, 263, 53, -224, 170, 170, 43, 346, 297, 122, 234, 
-185, 78, 263, 53, -224, 170, 170, 48, 356, 307, 122, 239, 
-180, 97, 278, 41, -229, 187, 170, 58, 356, 322, 131, 244, 
-175, 107, 283, 34, -229, 195, 170, 68, 366, 331, 136, 244, 
-170, 112, 283, 29, -226, 197, 180, 78, 370, 341, 141, 244, 
-161, 117, 278, 21, -219, 197, 180, 78, 375, 346, 146, 244, 
-165, 117, 283, 24, -224, 200, 180, 92, 375, 341, 151, 244, 
-165, 117, 283, 24, -224, 200, 190, 107, 390, 351, 156, 248, 
-170, 112, 283, 29, -226, 197, 190, 112, 400, 356, 156, 248, 
-170, 112, 283, 29, -226, 197, 190, 122, 409, 366, 161, 248, 
-170, 122, 292, 24, -231, 207, 180, 122, 419, 370, 175, 253, 
-170, 126, 297, 21, -234, 212, 180, 126, 429, 385, 180, 258, 
-170, 131, 302, 19, -236, 217, 180, 131, 439, 395, 185, 258, 
-170, 141, 312, 14, -241, 226, 180, 136, 444, 395, 190, 263, 
-165, 131, 297, 17, -231, 214, 180, 126, 448, 400, 185, 253, 
-161, 136, 297, 12, -229, 217, 180, 126, 448, 405, 190, 253, 
-161, 136, 297, 12, -229, 217, 180, 126, 448, 409, 195, 253, 
-161, 141, 302, 9, -231, 222, 180, 131, 448, 414, 200, 253, 
-146, 156, 302, -4, -224, 229, 170, 126, 448, 414, 200, 263, 
-146, 156, 302, -4, -224, 229, 170, 131, 453, 419, 204, 268, 
-141, 156, 297, -7, -219, 226, 165, 131, 458, 424, 204, 268, 
-141, 161, 302, -9, -222, 231, 165, 131, 463, 429, 204, 268, 
-141, 170, 312, -14, -226, 241, 165, 131, 463, 439, 214, 283, 
-141, 161, 302, -9, -222, 231, 165, 131, 468, 439, 219, 283, 
-141, 170, 312, -14, -226, 241, 165, 131, 468, 439, 224, 283, 
-131, 170, 302, -19, -217, 236, 161, 126, 463, 439, 224, 283, 
-117, 161, 278, -21, -197, 219, 170, 136, 458, 429, 224, 283, 
-117, 161, 278, -21, -197, 219, 170, 131, 458, 429, 224, 283, 
-117, 161, 278, -21, -197, 219, 170, 122, 458, 424, 219, 283, 
-112, 161, 273, -24, -192, 217, 165, 122, 458, 424, 219, 287, 
-107, 175, 283, -34, -195, 229, 161, 112, 448, 429, 219, 287, 
-107, 175, 283, -34, -195, 229, 151, 102, 439, 424, 219, 287, 
-107, 175, 283, -34, -195, 229, 146, 97, 434, 424, 214, 287, 
-97, 175, 273, -39, -185, 224, 141, 82, 424, 414, 214, 283, 
-107, 175, 283, -34, -195, 229, 131, 68, 414, 395, 214, 283, 
-107, 175, 283, -34, -195, 229, 126, 63, 400, 390, 214, 283, 
-107, 165, 273, -29, -190, 219, 126, 53, 390, 385, 214, 283, 
-97, 165, 263, -34, -180, 214, 126, 43, 385, 380, 204, 283, 
-97, 175, 273, -39, -185, 224, 117, 19, 375, 380, 214, 283, 
-97, 175, 273, -39, -185, 224, 117, 9, 361, 370, 204, 283, 
-97, 170, 268, -36, -183, 219, 112, 0, 356, 361, 204, 278, 
-97, 165, 263, -34, -180, 214, 102, -14, 341, 356, 200, 278, 
-92, 170, 263, -39, -178, 217, 97, -24, 336, 346, 185, 278, 
-92, 175, 268, -41, -180, 222, 97, -39, 326, 336, 180, 278, 
-92, 180, 273, -43, -183, 226, 87, -39, 312, 322, 170, 273, 
-92, 185, 278, -46, -185, 231, 82, -48, 297, 302, 165, 273, 
-92, 170, 263, -39, -178, 217, 87, -63, 283, 302, 161, 273, 
-92, 165, 258, -36, -175, 212, 82, -78, 268, 292, 161, 268, 
-92, 165, 258, -36, -175, 212, 78, -87, 253, 287, 161, 268, 
-92, 165, 258, -36, -175, 212, 73, -102, 244, 273, 151, 268, 
-92, 165, 258, -36, -175, 212, 82, -117, 229, 258, 151, 268, 
-92, 161, 253, -34, -173, 207, 78, -122, 224, 244, 136, 263, 
-92, 156, 248, -31, -170, 202, 73, -126, 204, 239, 131, 263, 
-92, 151, 244, -29, -168, 197, 68, -141, 195, 219, 126, 258, 
-102, 146, 248, -21, -175, 197, 58, -141, 190, 209, 126, 258, 
-102, 146, 248, -21, -175, 197, 58, -146, 185, 200, 117, 258, 
-102, 141, 244, -19, -173, 192, 53, -161, 180, 195, 117, 258, 
-102, 141, 244, -19, -173, 192, 48, -170, 170, 190, 117, 253, 
-112, 136, 248, -12, -180, 192, 48, -170, 156, 180, 107, 248, 
-112, 136, 248, -12, -180, 192, 53, -180, 141, 170, 107, 248, 
-112, 136, 248, -12, -180, 192, 58, -190, 136, 161, 102, 248, 
-117, 131, 248, -7, -183, 190, 58, -190, 131, 161, 97, 248, 
-117, 131, 248, -7, -183, 190, 58, -204, 126, 146, 92, 234, 
-117, 131, 248, -7, -183, 190, 58, -204, 117, 141, 87, 234, 
-112, 131, 244, -9, -178, 187, 58, -209, 112, 141, 87, 234, 
-112, 122, 234, -4, -173, 178, 53, -214, 112, 136, 87, 234, 
-112, 126, 239, -7, -175, 183, 53, -214, 97, 136, 82, 229, 
-122, 126, 248, -2, -185, 187, 53, -224, 97, 136, 82, 229, 
-122, 126, 248, -2, -185, 187, 58, -229, 97, 131, 82, 229, 
-117, 126, 244, -4, -180, 185, 58, -229, 97, 131, 82, 229, 
-126, 126, 253, 0, -190, 190, 58, -234, 102, 126, 78, 229, 
-131, 122, 253, 4, -192, 187, 58, -234, 102, 122, 73, 224, 
-131, 122, 253, 4, -192, 187, 58, -234, 97, 122, 68, 224, 
-131, 122, 253, 4, -192, 187, 58, -234, 97, 117, 68, 224, 
-146, 117, 263, 14, -204, 190, 58, -229, 87, 112, 58, 224, 
-146, 112, 258, 17, -202, 185, 58, -234, 78, 112, 53, 224, 
-146, 107, 253, 19, -200, 180, 58, -234, 73, 112, 53, 224, 
-151, 97, 248, 26, -200, 173, 63, -229, 73, 112, 53, 224, 
-146, 107, 253, 19, -200, 180, 53, -234, 68, 102, 53, 219, 
-141, 107, 248, 17, -195, 178, 53, -239, 68, 102, 53, 214, 
-136, 107, 244, 14, -190, 175, 53, -248, 68, 102, 53, 214, 
-136, 107, 244, 14, -190, 175, 58, -253, 68, 102, 53, 214, 
-136, 107, 244, 14, -190, 175, 68, -244, 73, 112, 63, 219, 
-136, 107, 244, 14, -190, 175, 68, -239, 73, 112, 63, 219, 
-136, 102, 239, 17, -187, 170, 68, -229, 78, 107, 63, 219, 
-136, 102, 239, 17, -187, 170, 68, -224, 87, 107, 63, 219, 
-136, 102, 239, 17, -187, 170, 68, -234, 82, 97, 63, 214, 
-136, 102, 239, 17, -187, 170, 68, -234, 78, 97, 58, 214, 
-141, 102, 244, 19, -192, 173, 68, -229, 78, 97, 58, 214, 
-141, 102, 244, 19, -192, 173, 68, -229, 73, 102, 68, 219, 
-151, 102, 253, 24, -202, 178, 68, -239, 73, 102, 58, 219, 
-151, 102, 253, 24, -202, 178, 73, -239, 73, 102, 58, 214, 
-151, 102, 253, 24, -202, 178, 73, -239, 73, 102, 53, 214, 
-151, 102, 253, 24, -202, 178, 73, -234, 73, 102, 53, 214, 
-151, 97, 248, 26, -200, 173, 73, -224, 82, 102, 53, 214, 
-151, 92, 244, 29, -197, 168, 73, -219, 82, 102, 53, 214, 
-151, 92, 244, 29, -197, 168, 78, -219, 82, 102, 53, 209, 
-151, 87, 239, 31, -195, 163, 87, -219, 82, 102, 53, 209, 
-161, 92, 253, 34, -207, 173, 87, -219, 87, 102, 58, 214, 
-161, 92, 253, 34, -207, 173, 82, -219, 87, 107, 58, 214, 
-161, 92, 253, 34, -207, 173, 82, -214, 87, 107, 58, 214, 
-165, 92, 258, 36, -212, 175, 82, -214, 92, 107, 63, 219, 
-156, 87, 244, 34, -200, 165, 82, -224, 82, 102, 63, 209, 
-151, 87, 239, 31, -195, 163, 78, -224, 82, 102, 58, 209, 
-151, 87, 239, 31, -195, 163, 78, -214, 82, 102, 53, 204, 
-151, 82, 234, 34, -192, 158, 82, -214, 82, 102, 48, 204, 
-151, 82, 234, 34, -192, 158, 82, -219, 92, 107, 48, 204, 
-151, 82, 234, 34, -192, 158, 82, -219, 97, 107, 48, 204, 
-156, 82, 239, 36, -197, 161, 82, -214, 102, 107, 48, 204, 
-156, 82, 239, 36, -197, 161, 82, -214, 112, 107, 48, 200, 
-165, 82, 248, 41, -207, 165, 87, -204, 107, 117, 48, 209, 
-165, 82, 248, 41, -207, 165, 92, -200, 107, 117, 48, 214, 
-165, 78, 244, 43, -204, 161, 92, -200, 102, 117, 48, 214, 
-161, 78, 239, 41, -200, 158, 92, -200, 102, 117, 48, 214, 
-151, 73, 224, 39, -187, 148, 97, -195, 112, 117, 58, 204, 
-156, 78, 234, 39, -195, 156, 97, -195, 112, 117, 53, 204, 
-156, 78, 234, 39, -195, 156, 97, -195, 112, 122, 53, 204, 
-156, 78, 234, 39, -195, 156, 92, -195, 112, 122, 53, 204, 
-165, 87, 253, 39, -209, 170, 92, -190, 107, 122, 48, 204, 
-165, 87, 253, 39, -209, 170, 92, -190, 107, 122, 48, 204, 
-165, 87, 253, 39, -209, 170, 97, -190, 107, 122, 53, 204, 
-165, 87, 253, 39, -209, 170, 97, -190, 107, 122, 53, 204, 
-156, 78, 234, 39, -195, 156, 87, -190, 117, 126, 63, 204, 
-156, 78, 234, 39, -195, 156, 87, -190, 117, 126, 63, 204, 
-156, 78, 234, 39, -195, 156, 92, -190, 117, 126, 63, 204, 
-151, 78, 229, 36, -190, 153, 92, -190, 117, 126, 63, 204, 
-146, 73, 219, 36, -183, 146, 97, -180, 126, 136, 63, 204, 
-146, 63, 209, 41, -178, 136, 97, -180, 126, 136, 63, 204, 
-151, 58, 209, 46, -180, 134, 97, -180, 126, 136, 63, 204, 
-151, 58, 209, 46, -180, 134, 97, -180, 126, 136, 63, 204, 
-151, 68, 219, 41, -185, 143, 97, -180, 126, 122, 63, 204, 
-151, 68, 219, 41, -185, 143, 97, -180, 126, 122, 63, 204, 
-156, 68, 224, 43, -190, 146, 97, -180, 126, 122, 63, 204, 
-156, 68, 224, 43, -190, 146, 97, -180, 126, 126, 63, 204, 
-156, 68, 224, 43, -190, 146, 87, -190, 126, 136, 73, 204, 
-156, 68, 224, 43, -190, 146, 87, -190, 126, 136, 73, 204, 
-156, 63, 219, 46, -187, 141, 87, -190, 126, 131, 73, 204, 
-156, 63, 219, 46, -187, 141, 87, -190, 126, 131, 73, 204, 
-146, 63, 209, 41, -178, 136, 97, -190, 122, 122, 68, 204, 
-146, 63, 209, 41, -178, 136, 97, -190, 122, 122, 68, 204, 
-146, 58, 204, 43, -175, 131, 97, -190, 126, 122, 68, 204, 
-146, 58, 204, 43, -175, 131, 102, -190, 126, 122, 68, 204, 
-156, 53, 209, 51, -183, 131, 102, -185, 131, 126, 63, 214, 
-156, 53, 209, 51, -183, 131, 102, -185, 131, 126, 63, 209, 
-156, 53, 209, 51, -183, 131, 102, -185, 131, 131, 68, 209, 
-156, 53, 209, 51, -183, 131, 102, -185, 131, 131, 73, 214, 
-146, 53, 200, 46, -173, 126, 102, -185, 131, 122, 63, 214, 
-146, 53, 200, 46, -173, 126, 102, -185, 131, 122, 58, 214, 
-146, 48, 195, 48, -170, 122, 102, -185, 126, 117, 58, 214, 
-146, 48, 195, 48, -170, 122, 102, -185, 126, 117, 53, 214, 
-156, 53, 209, 51, -183, 131, 102, -185, 126, 126, 53, 214, 
-156, 53, 209, 51, -183, 131, 102, -185, 126, 126, 58, 214, 
-156, 53, 209, 51, -183, 131, 102, -185, 126, 122, 63, 214, 
-156, 53, 209, 51, -183, 131, 102, -185, 126, 122, 63, 214, 
-156, 43, 200, 56, -178, 122, 102, -185, 122, 122, 73, 204, 
-156, 43, 200, 56, -178, 122, 102, -190, 122, 122, 73, 204, 
-156, 43, 200, 56, -178, 122, 102, -195, 122, 122, 68, 204, 
-156, 43, 200, 56, -178, 122, 102, -195, 122, 122, 68, 204, 
-156, 34, 190, 61, -173, 112, 92, -185, 122, 131, 58, 214, 
-156, 34, 190, 61, -173, 112, 92, -185, 122, 136, 63, 214, 
-156, 34, 190, 61, -173, 112, 92, -185, 122, 136, 63, 214, 
-156, 34, 190, 61, -173, 112, 92, -185, 122, 131, 63, 214, 
-156, 24, 180, 65, -168, 102, 102, -185, 131, 131, 68, 209, 
-156, 24, 180, 65, -168, 102, 107, -185, 131, 126, 68, 209, 
-156, 24, 180, 65, -168, 102, 107, -185, 131, 126, 68, 209, 
-156, 24, 180, 65, -168, 102, 107, -185, 126, 126, 73, 204, 
-151, 34, 185, 58, -168, 109, 107, -185, 126, 126, 63, 204, 
-151, 34, 185, 58, -168, 109, 107, -190, 126, 126, 63, 204, 
-151, 34, 185, 58, -168, 109, 107, -190, 126, 126, 63, 204, 
-151, 34, 185, 58, -168, 109, 107, -190, 126, 131, 68, 204, 
-156, 34, 190, 61, -173, 112, 107, -180, 126, 131, 68, 214, 
-156, 34, 190, 61, -173, 112, 107, -180, 126, 126, 68, 214, 
-156, 34, 190, 61, -173, 112, 107, -180, 126, 126, 68, 219, 
-156, 29, 185, 63, -170, 107, 107, -180, 126, 126, 68, 219, 
-156, 29, 185, 63, -170, 107, 107, -190, 126, 126, 68, 214, 
-156, 34, 190, 61, -173, 112, 107, -190, 126, 126, 68, 209, 
-156, 34, 190, 61, -173, 112, 107, -190, 126, 126, 68, 209, 
-156, 34, 190, 61, -173, 112, 107, -190, 126, 126, 68, 204, 
-156, 24, 180, 65, -168, 102, 107, -190, 126, 126, 73, 214, 
-156, 24, 180, 65, -168, 102, 107, -190, 126, 131, 73, 209, 
-156, 24, 180, 65, -168, 102, 107, -185, 126, 131, 73, 209, 
-156, 24, 180, 65, -168, 102, 107, -185, 126, 131, 73, 209, 
-156, 34, 190, 61, -173, 112, 107, -185, 131, 126, 63, 209, 
-161, 29, 190, 65, -175, 109, 107, -185, 131, 126, 63, 209, 
-161, 24, 185, 68, -173, 104, 107, -185, 131, 122, 63, 209, 
-161, 24, 185, 68, -173, 104, 107, -185, 126, 122, 58, 209, 
-151, 19, 170, 65, -161, 95, 117, -185, 126, 131, 68, 209, 
-151, 19, 170, 65, -161, 95, 117, -185, 126, 131, 68, 209, 
-151, 24, 175, 63, -163, 100, 117, -190, 126, 131, 68, 209, 
-151, 29, 180, 61, -165, 104, 117, -190, 126, 136, 73, 209, 
-151, 29, 180, 61, -165, 104, 117, -190, 126, 136, 78, 209, 
-151, 29, 180, 61, -165, 104, 117, -190, 126, 136, 78, 209, 
-151, 29, 180, 61, -165, 104, 117, -190, 126, 136, 78, 209, 
-151, 29, 180, 61, -165, 104, 117, -190, 126, 141, 78, 209, 
-161, 19, 180, 70, -170, 100, 117, -190, 126, 131, 78, 209, 
-161, 19, 180, 70, -170, 100, 122, -190, 126, 126, 78, 209, 
-161, 14, 175, 73, -168, 95, 122, -190, 126, 126, 78, 209, 
-161, 14, 175, 73, -168, 95, 117, -190, 126, 126, 78, 209, 
-151, 19, 170, 65, -161, 95, 117, -190, 117, 136, 68, 209, 
-151, 19, 170, 65, -161, 95, 117, -185, 122, 136, 68, 209, 
-151, 19, 170, 65, -161, 95, 117, -185, 122, 136, 68, 209, 
-151, 24, 175, 63, -163, 100, 122, -180, 122, 136, 63, 209, 
-151, 14, 165, 68, -158, 90, 126, -180, 122, 126, 63, 209, 
-151, 14, 165, 68, -158, 90, 122, -185, 122, 136, 68, 209, 
-146, 14, 161, 65, -153, 87, 122, -185, 122, 136, 73, 209, 
-146, 14, 161, 65, -153, 87, 122, -175, 122, 126, 78, 214, 
-151, 4, 156, 73, -153, 80, 112, -185, 122, 136, 78, 204, 
-151, 9, 161, 70, -156, 85, 112, -185, 122, 136, 78, 204, 
-151, 14, 165, 68, -158, 90, 112, -185, 126, 136, 73, 204, 
-151, 14, 165, 68, -158, 90, 112, -185, 126, 141, 73, 204, 
-156, 24, 180, 65, -168, 102, 117, -180, 131, 141, 73, 214, 
-156, 24, 180, 65, -168, 102, 122, -170, 136, 141, 78, 214, 
-161, 24, 185, 68, -173, 104, 126, -165, 141, 141, 82, 219, 
-161, 24, 185, 68, -173, 104, 131, -156, 146, 141, 87, 224, 
-151, 34, 185, 58, -168, 109, 131, -151, 161, 156, 97, 224, 
-146, 34, 180, 56, -163, 107, 131, -151, 161, 156, 92, 224, 
-146, 34, 180, 56, -163, 107, 136, -151, 161, 156, 87, 224, 
-146, 34, 180, 56, -163, 107, 146, -151, 161, 156, 87, 224, 
-151, 34, 185, 58, -168, 109, 161, -146, 165, 161, 102, 224, 
-151, 34, 185, 58, -168, 109, 170, -141, 170, 161, 102, 224, 
-151, 34, 185, 58, -168, 109, 161, -136, 170, 165, 102, 224, 
-151, 34, 185, 58, -168, 109, 161, -131, 170, 165, 102, 224, 
-136, 39, 175, 48, -156, 107, 165, -117, 175, 175, 112, 224, 
-131, 48, 180, 41, -156, 114, 170, -117, 180, 180, 107, 224, 
-131, 58, 190, 36, -161, 124, 175, -107, 190, 185, 107, 224, 
-136, 63, 200, 36, -168, 131, 175, -107, 200, 195, 107, 224, 
-126, 68, 195, 29, -161, 131, 170, -102, 200, 200, 107, 234, 
-126, 68, 195, 29, -161, 131, 170, -102, 204, 200, 112, 234, 
-126, 68, 195, 29, -161, 131, 165, -97, 204, 200, 112, 234, 
-126, 68, 195, 29, -161, 131, 165, -97, 204, 200, 112, 239, 
-126, 78, 204, 24, -165, 141, 175, -97, 195, 190, 112, 239, 
-126, 78, 204, 24, -165, 141, 175, -97, 195, 190, 112, 244, 
-126, 78, 204, 24, -165, 141, 170, -97, 195, 190, 117, 244, 
-126, 78, 204, 24, -165, 141, 165, -102, 195, 190, 117, 239, 
-126, 63, 190, 31, -158, 126, 161, -112, 190, 190, 122, 234, 
-126, 63, 190, 31, -158, 126, 161, -122, 185, 180, 117, 234, 
-126, 63, 190, 31, -158, 126, 146, -131, 185, 180, 117, 234, 
-126, 68, 195, 29, -161, 131, 141, -141, 185, 180, 117, 234, 
-136, 63, 200, 36, -168, 131, 136, -156, 180, 180, 107, 244, 
-136, 58, 195, 39, -165, 126, 131, -156, 175, 180, 112, 244, 
-136, 48, 185, 43, -161, 117, 126, -156, 165, 180, 112, 239, 
-136, 43, 180, 46, -158, 112, 117, -161, 156, 180, 117, 239, 
-136, 39, 175, 48, -156, 107, 117, -161, 161, 170, 107, 229, 
-136, 19, 156, 58, -146, 87, 112, -161, 151, 161, 102, 229, 
-141, 19, 161, 61, -151, 90, 107, -161, 156, 161, 92, 229, 
-126, 29, 156, 48, -141, 92, 112, -170, 146, 170, 87, 229, 
-126, 29, 156, 48, -141, 92, 117, -175, 146, 165, 87, 224, 
-136, 19, 156, 58, -146, 87, 112, -180, 136, 156, 87, 224, 
-136, 19, 156, 58, -146, 87, 107, -185, 136, 156, 87, 224, 
-136, 19, 156, 58, -146, 87, 102, -190, 136, 156, 87, 224, 
-136, 19, 156, 58, -146, 87, 97, -195, 136, 156, 87, 224, 
-136, 19, 156, 58, -146, 87, 87, -195, 136, 156, 97, 224, 
-136, 19, 156, 58, -146, 87, 87, -195, 136, 156, 97, 224, 
-136, 19, 156, 58, -146, 87, 87, -195, 136, 156, 97, 224, 
-136, 19, 156, 58, -146, 87, 87, -195, 136, 156, 97, 224, 
-146, 19, 165, 63, -156, 92, 97, -204, 126, 146, 87, 214, 
-146, 19, 165, 63, -156, 92, 97, -204, 126, 146, 87, 214, 
-146, 19, 165, 63, -156, 92, 97, -204, 126, 146, 87, 214, 
-151, 14, 165, 68, -158, 90, 97, -204, 126, 146, 87, 214, 
-146, -9, 136, 78, -141, 63, 107, -200, 126, 136, 97, 219, 
-151, -9, 141, 80, -146, 65, 107, -200, 126, 136, 97, 219, 
-151, -14, 136, 82, -143, 61, 107, -195, 126, 136, 92, 219, 
-151, -19, 131, 85, -141, 56, 107, -190, 126, 136, 87, 219, 
-141, -9, 131, 75, -136, 61, 107, -195, 117, 131, 78, 204, 
-146, -9, 136, 78, -141, 63, 112, -200, 112, 131, 82, 204, 
-146, -9, 136, 78, -141, 63, 112, -204, 112, 131, 82, 204, 
-141, -9, 131, 75, -136, 61, 112, -209, 112, 131, 78, 200, 
-151, -9, 141, 80, -146, 65, 112, -209, 112, 136, 73, 209, 
-151, -9, 141, 80, -146, 65, 112, -209, 112, 136, 73, 209, 
-146, -19, 126, 82, -136, 53, 112, -204, 112, 136, 73, 204, 
-146, -19, 126, 82, -136, 53, 117, -204, 112, 131, 73, 204, 
-156, -14, 141, 85, -148, 63, 117, -204, 122, 131, 73, 195, 
-156, -14, 141, 85, -148, 63, 107, -204, 117, 131, 68, 195, 
-156, -14, 141, 85, -148, 63, 107, -209, 112, 131, 68, 195, 
-156, -14, 141, 85, -148, 63, 107, -214, 112, 126, 68, 190, 
-146, -14, 131, 80, -139, 58, 107, -214, 102, 136, 68, 190, 
-131, -14, 117, 73, -124, 51, 112, -209, 107, 136, 68, 195, 
-126, -14, 112, 70, -119, 48, 112, -209, 107, 141, 68, 195, 
-112, -9, 102, 61, -107, 46, 112, -209, 107, 141, 73, 195, 
-117, -14, 102, 65, -109, 43, 102, -214, 117, 141, 82, 204, 
-117, -14, 102, 65, -109, 43, 102, -214, 117, 141, 82, 204, 
-117, -9, 107, 63, -112, 48, 102, -209, 117, 141, 82, 209, 
-117, -9, 107, 63, -112, 48, 102, -209, 122, 141, 82, 209, 
-117, -4, 112, 61, -114, 53, 112, -200, 122, 131, 82, 209, 
-117, 0, 117, 58, -117, 58, 117, -200, 126, 141, 78, 209, 
-122, 0, 122, 61, -122, 61, 122, -200, 131, 141, 78, 209, 
-126, 0, 126, 63, -126, 63, 126, -195, 131, 146, 73, 209, 
-146, -14, 131, 80, -139, 58, 131, -190, 122, 146, 82, 209, 
-156, -14, 141, 85, -148, 63, 131, -190, 126, 146, 82, 209, 
-156, -14, 141, 85, -148, 63, 136, -190, 126, 146, 82, 209, 
-161, -14, 146, 87, -153, 65, 136, -190, 126, 141, 78, 209, 
-165, -14, 151, 90, -158, 68, 141, -195, 131, 151, 78, 209, 
-170, -14, 156, 92, -163, 70, 141, -195, 131, 151, 82, 209, 
-170, -19, 151, 95, -161, 65, 141, -195, 131, 151, 82, 204, 
-170, -19, 151, 95, -161, 65, 141, -195, 131, 151, 82, 204, 
-165, -19, 146, 92, -156, 63, 141, -195, 131, 141, 82, 195, 
-165, -14, 151, 90, -158, 68, 141, -195, 131, 141, 82, 195, 
-165, -14, 151, 90, -158, 68, 141, -190, 131, 141, 82, 200, 
-170, -14, 156, 92, -163, 70, 141, -190, 131, 141, 82, 200, 
-170, -14, 156, 92, -163, 70, 141, -190, 131, 151, 82, 200, 
-170, -14, 156, 92, -163, 70, 136, -190, 131, 151, 82, 200, 
-175, -14, 161, 95, -168, 73, 136, -190, 131, 151, 82, 200, 
-175, -19, 156, 97, -165, 68, 146, -190, 131, 151, 82, 200, 
-165, -19, 146, 92, -156, 63, 146, -190, 131, 151, 82, 209, 
-165, -19, 146, 92, -156, 63, 146, -190, 131, 146, 82, 209, 
-165, -19, 146, 92, -156, 63, 146, -190, 131, 146, 82, 209, 
-165, -19, 146, 92, -156, 63, 141, -190, 131, 146, 82, 209, 
-175, -9, 165, 92, -170, 78, 131, -190, 141, 141, 73, 200, 
-175, -9, 165, 92, -170, 78, 141, -190, 141, 141, 73, 200, 
-175, -9, 165, 92, -170, 78, 141, -190, 141, 146, 73, 200, 
-170, -9, 161, 90, -165, 75, 141, -190, 146, 146, 73, 200, 
-170, -19, 151, 95, -161, 65, 141, -190, 136, 156, 73, 200, 
-170, -19, 151, 95, -161, 65, 146, -190, 136, 156, 73, 200, 
-175, -14, 161, 95, -168, 73, 151, -190, 136, 156, 73, 200, 
-175, -14, 161, 95, -168, 73, 156, -190, 136, 156, 73, 200, 
-161, -14, 146, 87, -153, 65, 146, -190, 136, 146, 82, 204, 
-161, -14, 146, 87, -153, 65, 146, -190, 136, 146, 82, 209, 
-161, -14, 146, 87, -153, 65, 146, -190, 136, 146, 82, 214, 
-161, -19, 141, 90, -151, 61, 156, -185, 136, 146, 82, 219, 
-170, -19, 151, 95, -161, 65, 156, -175, 136, 156, 82, 209, 
-170, -19, 151, 95, -161, 65, 151, -175, 136, 156, 82, 209, 
-170, -19, 151, 95, -161, 65, 151, -175, 136, 156, 82, 209, 
-170, -14, 156, 92, -163, 70, 146, -175, 136, 156, 82, 209, 
-180, -24, 156, 102, -168, 65, 156, -185, 136, 156, 82, 209, 
-180, -24, 156, 102, -168, 65, 156, -185, 136, 156, 78, 209, 
-180, -24, 156, 102, -168, 65, 156, -185, 136, 151, 78, 209, 
-180, -24, 156, 102, -168, 65, 156, -185, 136, 151, 78, 209, 
-170, -14, 156, 92, -163, 70, 146, -175, 146, 156, 73, 209, 
-170, -14, 156, 92, -163, 70, 151, -175, 146, 156, 73, 209, 
-170, -14, 156, 92, -163, 70, 151, -175, 146, 156, 73, 209, 
-170, -9, 161, 90, -165, 75, 151, -175, 151, 156, 73, 209, 
-175, -19, 156, 97, -165, 68, 151, -185, 151, 156, 82, 219, 
-175, -19, 156, 97, -165, 68, 151, -185, 146, 156, 82, 219, 
-175, -19, 156, 97, -165, 68, 151, -185, 146, 156, 82, 219, 
-175, -19, 156, 97, -165, 68, 151, -185, 146, 156, 82, 219, 
-170, -14, 156, 92, -163, 70, 151, -180, 141, 161, 87, 209, 
-180, 0, 180, 90, -180, 90, 161, -170, 146, 170, 87, 219, 
-170, 9, 180, 80, -175, 95, 165, -170, 161, 170, 97, 229, 
-165, -4, 161, 85, -163, 78, 156, -165, 170, 180, 92, 214, 
-185, -24, 161, 104, -173, 68, 156, -161, 175, 185, 102, 214, 
-190, -34, 156, 112, -173, 61, 156, -146, 204, 204, 117, 214, 
-175, -29, 146, 102, -161, 58, 156, -131, 229, 219, 131, 224, 
-175, -24, 151, 100, -163, 63, 151, -131, 234, 239, 141, 229, 
-180, -34, 146, 107, -163, 56, 141, -146, 234, 248, 146, 229, 
-161, -43, 117, 102, -139, 36, 136, -161, 224, 253, 151, 239, 
-136, -19, 117, 78, -126, 48, 122, -180, 209, 263, 170, 248, 
-126, 0, 126, 63, -126, 63, 107, -195, 200, 283, 209, 273, 
-107, 24, 131, 41, -119, 78, 78, -214, 195, 312, 258, 297, 
-73, 29, 102, 21, -87, 65, 53, -263, 165, 312, 287, 317, 
-29, 43, 73, -7, -51, 58, -9, -366, 107, 292, 292, 346, 
24, 68, 43, -46, -9, 56, -73, -497, 4, 263, 322, 380, 
78, 87, 9, -82, 34, 48, -136, -644, -117, 214, 346, 414, 
151, 102, -48, -126, 100, 26, -209, -775, -234, 146, 336, 444, 
214, 117, -97, -165, 156, 9, -283, -863, -322, 107, 336, 468, 
292, 136, -156, -214, 224, -9, -361, -927, -370, 87, 326, 478, 
370, 126, -244, -248, 307, -58, -439, -1029, -448, 29, 287, 458, 
444, 112, -331, -278, 387, -109, -502, -1137, -541, -48, 239, 424, 
507, 112, -395, -309, 451, -141, -541, -1190, -585, -73, 204, 400, 
570, 112, -458, -341, 514, -173, -556, -1195, -570, -63, 180, 390, 
624, 97, -527, -361, 575, -214, -566, -1210, -580, -82, 146, 375, 
649, 63, -585, -356, 617, -261, -536, -1190, -575, -112, 97, 336, 
673, 48, -624, -361, 649, -287, -488, -1132, -536, -102, 53, 307, 
717, 43, -673, -380, 695, -314, -468, -1073, -488, -82, 34, 297, 
746, 34, -712, -390, 729, -339, -478, -1029, -458, -82, 14, 287, 
756, 19, -736, -387, 746, -358, -488, -990, -434, -87, -4, 268, 
746, 0, -746, -373, 746, -373, -478, -932, -395, -73, -14, 258, 
688, 24, -663, -356, 675, -319, -434, -834, -322, -29, 34, 278, 
566, 78, -488, -322, 527, -204, -341, -688, -195, 48, 102, 326, 
375, 112, -263, -244, 319, -75, -234, -566, -82, 117, 156, 356, 
234, 102, -131, -168, 183, -14, -146, -478, -19, 141, 156, 356, 
146, 82, -63, -114, 104, 9, -78, -409, 29, 156, 156, 351, 
68, 82, 14, -75, 26, 48, -24, -351, 78, 170, 156, 341, 
-4, 73, 78, -34, -41, 75, 19, -312, 102, 180, 161, 326, 
-29, 63, 92, -17, -61, 78, 53, -287, 112, 185, 151, 307, 
-58, 43, 102, 7, -80, 73, 87, -258, 131, 195, 136, 287, 
-78, 29, 107, 24, -92, 68, 107, -224, 151, 185, 117, 253, 
-78, 29, 107, 24, -92, 68, 117, -190, 151, 175, 117, 239, 
-87, 24, 112, 31, -100, 68, 131, -180, 151, 170, 107, 234, 
-97, -4, 92, 51, -95, 43, 131, -170, 161, 175, 97, 219, 
-122, -19, 102, 70, -112, 41, 136, -165, 170, 180, 87, 219, 
-146, -19, 126, 82, -136, 53, 156, -146, 200, 209, 102, 229, 
-151, 0, 151, 75, -151, 75, 170, -136, 224, 239, 126, 239, 
-146, 0, 146, 73, -146, 73, 175, -131, 219, 244, 126, 244, 
-161, -4, 156, 82, -158, 75, 175, -131, 209, 234, 126, 234, 
-170, -4, 165, 87, -168, 80, 180, -131, 214, 234, 122, 234, 
-170, -9, 161, 90, -165, 75, 185, -126, 214, 224, 122, 224, 
-170, -14, 156, 92, -163, 70, 190, -126, 214, 219, 122, 219, 
-156, -14, 141, 85, -148, 63, 180, -126, 214, 209, 112, 214, 
-156, -19, 136, 87, -146, 58, 180, -126, 214, 209, 102, 214, 
-161, -19, 141, 90, -151, 61, 180, -126, 214, 214, 97, 214, 
-161, -19, 141, 90, -151, 61, 175, -126, 214, 214, 92, 214, 
-175, -4, 170, 90, -173, 82, 175, -126, 219, 219, 97, 219, 
-180, 0, 180, 90, -180, 90, 175, -122, 219, 219, 102, 219, 
-180, 4, 185, 87, -183, 95, 180, -117, 224, 224, 102, 224, 
-180, 9, 190, 85, -185, 100, 180, -117, 229, 224, 97, 224, 
-180, 9, 190, 85, -185, 100, 185, -122, 219, 209, 92, 224, 
-175, 14, 190, 80, -183, 102, 185, -122, 214, 209, 92, 224, 
-175, 14, 190, 80, -183, 102, 190, -122, 214, 209, 92, 219, 
-175, 14, 190, 80, -183, 102, 190, -122, 214, 209, 92, 219, 
-175, -9, 165, 92, -170, 78, 190, -122, 219, 214, 102, 229, 
-175, -14, 161, 95, -168, 73, 190, -117, 224, 219, 102, 229, 
-175, -14, 161, 95, -168, 73, 190, -107, 234, 224, 107, 229, 
-180, -19, 161, 100, -170, 70, 190, -102, 239, 234, 107, 234, 
-180, 0, 180, 90, -180, 90, 190, -112, 239, 234, 102, 224, 
-180, 0, 180, 90, -180, 90, 190, -112, 234, 229, 102, 224, 
-180, 0, 180, 90, -180, 90, 190, -112, 229, 224, 102, 224, 
-180, 0, 180, 90, -180, 90, 190, -112, 219, 214, 102, 224, 
-180, 9, 190, 85, -185, 100, 180, -112, 219, 214, 92, 224, 
-180, 4, 185, 87, -183, 95, 180, -112, 219, 214, 92, 224, 
-175, 4, 180, 85, -178, 92, 180, -112, 224, 214, 82, 219, 
-175, 0, 175, 87, -175, 87, 175, -112, 224, 214, 82, 214, 
-185, 9, 195, 87, -190, 102, 185, -122, 224, 224, 82, 224, 
-185, 14, 200, 85, -192, 107, 190, -122, 224, 224, 82, 224, 
-185, 14, 200, 85, -192, 107, 195, -122, 224, 224, 82, 224, 
-190, 14, 204, 87, -197, 109, 195, -122, 229, 224, 87, 229, 
-190, 9, 200, 90, -195, 104, 204, -117, 239, 224, 92, 229, 
-190, 4, 195, 92, -192, 100, 204, -117, 234, 229, 97, 229, 
-190, 0, 190, 95, -190, 95, 204, -112, 234, 234, 107, 229, 
-190, -4, 185, 97, -187, 90, 204, -112, 234, 234, 112, 229, 
-190, -4, 185, 97, -187, 90, 200, -117, 224, 229, 107, 219, 
-190, -4, 185, 97, -187, 90, 195, -117, 229, 229, 102, 219, 
-195, -4, 190, 100, -192, 92, 190, -117, 234, 229, 97, 219, 
-195, -4, 190, 100, -192, 92, 185, -107, 234, 229, 92, 219, 
-185, 4, 190, 90, -187, 97, 185, -107, 244, 229, 87, 219, 
-180, 4, 185, 87, -183, 95, 185, -107, 244, 229, 87, 219, 
-180, 4, 185, 87, -183, 95, 185, -107, 244, 229, 92, 219, 
-180, 4, 185, 87, -183, 95, 185, -102, 244, 229, 92, 219, 
-180, -4, 175, 92, -178, 85, 180, -112, 244, 229, 102, 229, 
-180, -4, 175, 92, -178, 85, 180, -107, 248, 239, 102, 229, 
-180, -4, 175, 92, -178, 85, 180, -107, 248, 239, 97, 229, 
-180, -9, 170, 95, -175, 80, 180, -102, 253, 239, 97, 229, 
-190, -9, 180, 100, -185, 85, 195, -102, 263, 248, 112, 229, 
-195, -4, 190, 100, -192, 92, 195, -92, 268, 253, 112, 229, 
-195, -4, 190, 100, -192, 92, 195, -92, 273, 253, 112, 229, 
-195, -4, 190, 100, -192, 92, 195, -97, 273, 253, 112, 229, 
-185, -4, 180, 95, -183, 87, 195, -97, 268, 244, 112, 229, 
-185, 0, 185, 92, -185, 92, 195, -97, 263, 244, 112, 229, 
-185, 0, 185, 92, -185, 92, 195, -97, 258, 244, 112, 229, 
-185, 0, 185, 92, -185, 92, 195, -97, 253, 244, 117, 229, 
-195, 0, 195, 97, -195, 97, 195, -97, 263, 248, 117, 239, 
-195, 0, 195, 97, -195, 97, 195, -92, 268, 248, 117, 239, 
-195, 0, 195, 97, -195, 97, 195, -82, 268, 253, 117, 239, 
-195, 0, 195, 97, -195, 97, 195, -82, 278, 263, 117, 239, 
-204, 9, 214, 97, -209, 112, 195, -92, 268, 253, 107, 234, 
-204, 9, 214, 97, -209, 112, 195, -92, 278, 253, 107, 229, 
-204, 9, 214, 97, -209, 112, 195, -92, 278, 253, 107, 224, 
-204, 9, 214, 97, -209, 112, 195, -92, 278, 253, 112, 219, 
-200, 9, 209, 95, -204, 109, 195, -78, 278, 258, 102, 219, 
-200, 9, 209, 95, -204, 109, 195, -78, 283, 258, 102, 219, 
-195, 9, 204, 92, -200, 107, 195, -73, 283, 263, 107, 224, 
-190, 9, 200, 90, -195, 104, 195, -68, 283, 263, 107, 224, 
-200, 0, 200, 100, -200, 100, 209, -63, 287, 278, 117, 229, 
-200, 0, 200, 100, -200, 100, 209, -63, 302, 283, 122, 234, 
-195, 0, 195, 97, -195, 97, 214, -48, 312, 297, 122, 244, 
-195, 0, 195, 97, -195, 97, 214, -48, 326, 302, 122, 248, 
-185, 9, 195, 87, -190, 102, 214, -43, 326, 302, 136, 239, 
-185, 9, 195, 87, -190, 102, 214, -39, 326, 302, 136, 239, 
-185, 9, 195, 87, -190, 102, 224, -34, 336, 312, 146, 239, 
-185, 9, 195, 87, -190, 102, 224, -34, 336, 317, 151, 244, 
-195, 9, 204, 92, -200, 107, 214, -29, 341, 312, 141, 234, 
-195, 14, 209, 90, -202, 112, 214, -24, 346, 317, 141, 234, 
-195, 14, 209, 90, -202, 112, 219, -19, 356, 317, 141, 234, 
-195, 19, 214, 87, -204, 117, 219, -9, 361, 322, 141, 229, 
-195, 19, 214, 87, -204, 117, 229, -4, 375, 336, 141, 239, 
-195, 19, 214, 87, -204, 117, 229, -4, 380, 341, 141, 244, 
-195, 19, 214, 87, -204, 117, 229, 4, 385, 346, 141, 244, 
-195, 19, 214, 87, -204, 117, 234, 9, 390, 351, 151, 244, 
-195, 24, 219, 85, -207, 122, 229, 9, 390, 351, 151, 244, 
-195, 24, 219, 85, -207, 122, 234, 19, 400, 356, 151, 248, 
-195, 24, 219, 85, -207, 122, 234, 24, 405, 366, 161, 248, 
-195, 24, 219, 85, -207, 122, 234, 34, 409, 375, 165, 248, 
-195, 29, 224, 82, -209, 126, 229, 58, 414, 385, 170, 248, 
-195, 29, 224, 82, -209, 126, 234, 63, 429, 390, 175, 253, 
-195, 29, 224, 82, -209, 126, 239, 73, 444, 405, 175, 253, 
-195, 29, 224, 82, -209, 126, 239, 78, 453, 414, 180, 258, 
-185, 43, 229, 70, -207, 136, 248, 87, 468, 409, 180, 263, 
-185, 48, 234, 68, -209, 141, 248, 97, 483, 419, 185, 263, 
-185, 48, 234, 68, -209, 141, 258, 107, 492, 429, 190, 263, 
-180, 48, 229, 65, -204, 139, 258, 107, 502, 434, 195, 263, 
-175, 48, 224, 63, -200, 136, 268, 122, 492, 444, 200, 263, 
-175, 48, 224, 63, -200, 136, 278, 136, 507, 458, 204, 268, 
-180, 43, 224, 68, -202, 134, 278, 141, 517, 468, 204, 268, 
-180, 43, 224, 68, -202, 134, 278, 151, 527, 483, 209, 268, 
-180, 39, 219, 70, -200, 129, 268, 156, 546, 488, 219, 283, 
-180, 39, 219, 70, -200, 129, 268, 165, 556, 502, 229, 287, 
-180, 39, 219, 70, -200, 129, 268, 175, 566, 512, 239, 287, 
-180, 43, 224, 68, -202, 134, 268, 185, 570, 512, 248, 292, 
-175, 58, 234, 58, -204, 146, 268, 175, 566, 512, 239, 283, 
-170, 68, 239, 51, -204, 153, 268, 175, 566, 512, 239, 283, 
-170, 73, 244, 48, -207, 158, 268, 175, 566, 512, 239, 283, 
-170, 82, 253, 43, -212, 168, 268, 180, 566, 512, 239, 283, 
-175, 78, 253, 48, -214, 165, 268, 185, 575, 522, 248, 283, 
-175, 78, 253, 48, -214, 165, 268, 190, 580, 527, 253, 287, 
-170, 78, 248, 46, -209, 163, 263, 190, 585, 531, 253, 287, 
-170, 82, 253, 43, -212, 168, 263, 190, 590, 536, 253, 287, 
-170, 82, 253, 43, -212, 168, 263, 190, 600, 546, 263, 292, 
-170, 73, 244, 48, -207, 158, 263, 190, 605, 546, 268, 292, 
-170, 82, 253, 43, -212, 168, 263, 190, 605, 546, 273, 292, 
-161, 82, 244, 39, -202, 163, 258, 185, 600, 546, 273, 292, 
-156, 82, 239, 36, -197, 161, 258, 185, 595, 546, 268, 292, 
-156, 82, 239, 36, -197, 161, 258, 180, 595, 546, 263, 292, 
-156, 82, 239, 36, -197, 161, 258, 170, 595, 541, 253, 292, 
-151, 82, 234, 34, -192, 158, 253, 170, 595, 541, 248, 297, 
-156, 82, 239, 36, -197, 161, 258, 161, 575, 536, 258, 297, 
-156, 78, 234, 39, -195, 156, 248, 151, 566, 531, 258, 297, 
-156, 73, 229, 41, -192, 151, 244, 146, 561, 531, 253, 297, 
-146, 68, 214, 39, -180, 141, 239, 131, 551, 522, 253, 292, 
-136, 78, 214, 29, -175, 146, 229, 126, 546, 512, 244, 292, 
-136, 78, 214, 29, -175, 146, 224, 122, 536, 507, 244, 292, 
-136, 68, 204, 34, -170, 136, 224, 112, 531, 502, 244, 292, 
-126, 68, 195, 29, -161, 131, 224, 102, 531, 497, 234, 292, 
-136, 68, 204, 34, -170, 136, 224, 87, 512, 488, 234, 283, 
-136, 68, 204, 34, -170, 136, 224, 78, 497, 478, 224, 283, 
-136, 63, 200, 36, -168, 131, 219, 68, 492, 468, 224, 278, 
-136, 58, 195, 39, -165, 126, 209, 53, 478, 463, 219, 278, 
-131, 53, 185, 39, -158, 119, 195, 39, 463, 453, 219, 278, 
-131, 48, 180, 41, -156, 114, 195, 19, 453, 444, 219, 278, 
-131, 43, 175, 43, -153, 109, 185, 14, 439, 429, 214, 273, 
-131, 39, 170, 46, -151, 104, 180, 0, 424, 409, 214, 273, 
-126, 39, 165, 43, -146, 102, 175, -14, 409, 400, 204, 283, 
-122, 39, 161, 41, -141, 100, 170, -29, 395, 390, 200, 278, 
-117, 43, 161, 36, -139, 102, 165, -39, 380, 385, 195, 278, 
-112, 48, 161, 31, -136, 104, 161, -53, 370, 370, 180, 278, 
-122, 39, 161, 41, -141, 100, 170, -68, 346, 375, 190, 273, 
-122, 34, 156, 43, -139, 95, 165, -73, 341, 361, 175, 263, 
-122, 29, 151, 46, -136, 90, 161, -78, 322, 356, 170, 258, 
-122, 24, 146, 48, -134, 85, 156, -92, 312, 336, 165, 248, 
-122, 19, 141, 51, -131, 80, 156, -102, 307, 317, 156, 248, 
-122, 19, 141, 51, -131, 80, 156, -107, 302, 307, 146, 248, 
-122, 14, 136, 53, -129, 75, 151, -122, 297, 302, 146, 248, 
-122, 14, 136, 53, -129, 75, 146, -131, 287, 297, 146, 244, 
-122, 9, 131, 56, -126, 70, 141, -141, 273, 297, 146, 239, 
-122, 9, 131, 56, -126, 70, 141, -151, 258, 287, 146, 239, 
-122, 9, 131, 56, -126, 70, 141, -161, 253, 278, 141, 239, 
-126, 4, 131, 61, -129, 68, 136, -161, 248, 278, 136, 239, 
-136, 4, 141, 65, -139, 73, 136, -156, 244, 263, 126, 244, 
-136, 4, 141, 65, -139, 73, 136, -156, 234, 258, 117, 244, 
-131, 4, 136, 63, -134, 70, 136, -161, 229, 258, 112, 244, 
-131, -4, 126, 68, -129, 61, 131, -165, 229, 253, 107, 244, 
-131, 0, 131, 65, -131, 65, 122, -170, 214, 234, 92, 229, 
-141, 0, 141, 70, -141, 70, 122, -185, 214, 234, 92, 229, 
-141, 0, 141, 70, -141, 70, 126, -195, 214, 229, 92, 229, 
-136, 0, 136, 68, -136, 68, 126, -200, 214, 229, 92, 229, 
-136, -9, 126, 73, -131, 58, 136, -195, 200, 234, 102, 229, 
-141, -14, 126, 78, -134, 56, 136, -195, 200, 229, 102, 224, 
-141, -14, 126, 78, -134, 56, 136, -195, 195, 229, 102, 224, 
-141, -14, 126, 78, -134, 56, 136, -195, 195, 224, 107, 224, 
-146, -14, 131, 80, -139, 58, 126, -209, 190, 219, 107, 234, 
-146, -14, 131, 80, -139, 58, 126, -214, 185, 219, 102, 234, 
-146, -14, 131, 80, -139, 58, 126, -214, 185, 219, 102, 234, 
-151, -19, 131, 85, -141, 56, 131, -209, 190, 219, 102, 234, 
-161, -9, 151, 85, -156, 70, 141, -209, 195, 209, 102, 229, 
