I, II, III, aVR, aVL, aVF, V1, V2, V3, V4, V5, V6, 
165, 195, 29, -180, 68, 112, -39, 136, -39, -9, -195, 97, 
165, 195, 29, -180, 68, 112, -39, 136, -39, -9, -195, 97, 
165, 195, 29, -180, 68, 112, -39, 136, -39, -9, -195, 97, 
165, 195, 29, -180, 68, 112, -39, 136, -39, -9, -195, 97, 
156, 200, 43, -178, 56, 122, -29, 141, -39, 0, -204, 87, 
156, 204, 48, -180, 53, 126, -29, 146, -39, 0, -204, 87, 
156, 209, 53, -183, 51, 131, -29, 151, -39, 0, -204, 87, 
156, 214, 58, -185, 48, 136, -29, 156, -39, 0, -204, 87, 
165, 204, 39, -185, 63, 122, -29, 146, -39, 9, -204, 87, 
165, 204, 39, -185, 63, 122, -29, 146, -39, 9, -204, 87, 
165, 204, 39, -185, 63, 122, -29, 146, -39, 9, -204, 87, 
165, 204, 39, -185, 63, 122, -29, 146, -39, 9, -204, 87, 
156, 209, 53, -183, 51, 131, -29, 156, -39, 9, -195, 87, 
156, 214, 58, -185, 48, 136, -29, 156, -39, 9, -195, 87, 
156, 219, 63, -187, 46, 141, -29, 156, -39, 9, -195, 87, 
156, 224, 68, -190, 43, 146, -29, 156, -39, 9, -195, 87, 
165, 224, 58, -195, 53, 141, -39, 156, -29, 9, -185, 87, 
165, 224, 58, -195, 53, 141, -39, 156, -29, 9, -185, 87, 
165, 224, 58, -195, 53, 141, -39, 156, -29, 9, -185, 87, 
165, 224, 58, -195, 53, 141, -39, 156, -29, 9, -185, 87, 
175, 234, 58, -204, 58, 146, -39, 161, -29, 19, -175, 92, 
175, 234, 58, -204, 58, 146, -39, 165, -29, 19, -175, 97, 
175, 234, 58, -204, 58, 146, -39, 170, -29, 19, -175, 102, 
175, 234, 58, -204, 58, 146, -39, 175, -29, 19, -175, 107, 
175, 224, 48, -200, 63, 136, -29, 185, -19, 29, -170, 112, 
175, 224, 48, -200, 63, 136, -29, 185, -19, 29, -165, 117, 
175, 224, 48, -200, 63, 136, -29, 185, -19, 29, -161, 122, 
175, 224, 48, -200, 63, 136, -29, 185, -19, 29, -156, 126, 
175, 234, 58, -204, 58, 146, -29, 190, -14, 34, -151, 126, 
175, 234, 58, -204, 58, 146, -29, 195, -9, 39, -146, 126, 
175, 234, 58, -204, 58, 146, -29, 200, -4, 43, -141, 126, 
175, 234, 58, -204, 58, 146, -29, 204, 0, 48, -136, 126, 
180, 244, 63, -212, 58, 153, -34, 204, 9, 53, -122, 136, 
185, 244, 58, -214, 63, 151, -39, 204, 9, 58, -117, 146, 
190, 244, 53, -217, 68, 148, -43, 204, 9, 63, -112, 156, 
195, 244, 48, -219, 73, 146, -48, 204, 9, 68, -107, 165, 
200, 263, 63, -231, 68, 163, -58, 214, 0, 68, -112, 175, 
204, 273, 68, -239, 68, 170, -58, 214, 0, 68, -117, 175, 
209, 283, 73, -246, 68, 178, -58, 214, 0, 68, -122, 175, 
214, 292, 78, -253, 68, 185, -58, 214, 0, 68, -126, 175, 
224, 312, 87, -268, 68, 200, -63, 214, 0, 73, -107, 190, 
224, 322, 97, -273, 63, 209, -68, 214, 0, 78, -97, 195, 
224, 331, 107, -278, 58, 219, -73, 214, 0, 82, -87, 200, 
224, 341, 117, -283, 53, 229, -78, 214, 0, 87, -78, 204, 
229, 336, 107, -283, 61, 222, -78, 219, 9, 97, -63, 229, 
234, 331, 97, -283, 68, 214, -78, 224, 19, 107, -48, 244, 
239, 326, 87, -283, 75, 207, -78, 229, 29, 117, -34, 258, 
244, 322, 78, -283, 82, 200, -78, 234, 39, 126, -19, 273, 
253, 336, 82, -295, 85, 209, -87, 244, 48, 136, 0, 287, 
253, 341, 87, -297, 82, 214, -87, 244, 48, 146, 9, 302, 
253, 346, 92, -300, 80, 219, -87, 244, 48, 156, 19, 317, 
253, 351, 97, -302, 78, 224, -87, 244, 48, 165, 29, 331, 
263, 366, 102, -314, 80, 234, -92, 234, 58, 180, 43, 346, 
263, 370, 107, -317, 78, 239, -97, 234, 58, 185, 58, 361, 
263, 375, 112, -319, 75, 244, -102, 234, 58, 190, 73, 375, 
263, 380, 117, -322, 73, 248, -107, 234, 58, 195, 87, 390, 
273, 390, 117, -331, 78, 253, -117, 234, 63, 204, 97, 405, 
273, 390, 117, -331, 78, 253, -117, 234, 68, 214, 97, 409, 
273, 390, 117, -331, 78, 253, -117, 234, 73, 224, 97, 414, 
273, 390, 117, -331, 78, 253, -117, 234, 78, 234, 97, 419, 
273, 405, 131, -339, 70, 268, -107, 234, 78, 229, 107, 429, 
273, 409, 136, -341, 68, 273, -107, 234, 78, 224, 107, 429, 
273, 414, 141, -344, 65, 278, -107, 234, 78, 219, 107, 429, 
273, 419, 146, -346, 63, 283, -107, 234, 78, 214, 107, 429, 
283, 444, 161, -363, 61, 302, -117, 229, 68, 219, 117, 429, 
283, 458, 175, -370, 53, 317, -126, 224, 68, 224, 117, 429, 
283, 473, 190, -378, 46, 331, -136, 219, 68, 229, 117, 429, 
283, 488, 204, -385, 39, 346, -146, 214, 68, 234, 117, 429, 
283, 488, 204, -385, 39, 346, -146, 214, 78, 234, 117, 434, 
283, 488, 204, -385, 39, 346, -146, 214, 78, 234, 117, 439, 
283, 488, 204, -385, 39, 346, -146, 214, 78, 234, 117, 444, 
283, 488, 204, -385, 39, 346, -146, 214, 78, 234, 117, 448, 
273, 483, 209, -378, 31, 346, -136, 209, 78, 229, 107, 439, 
273, 478, 204, -375, 34, 341, -136, 204, 78, 224, 107, 439, 
273, 473, 200, -373, 36, 336, -136, 200, 78, 219, 107, 439, 
273, 468, 195, -370, 39, 331, -136, 195, 78, 214, 107, 439, 
263, 453, 190, -358, 36, 322, -131, 204, 87, 224, 97, 434, 
263, 448, 185, -356, 39, 317, -126, 204, 87, 224, 97, 429, 
263, 444, 180, -353, 41, 312, -122, 204, 87, 224, 97, 424, 
263, 439, 175, -351, 43, 307, -117, 204, 87, 224, 97, 419, 
253, 429, 175, -341, 39, 302, -107, 204, 87, 214, 92, 409, 
253, 429, 175, -341, 39, 302, -107, 204, 87, 214, 87, 400, 
253, 429, 175, -341, 39, 302, -107, 204, 87, 214, 82, 390, 
253, 429, 175, -341, 39, 302, -107, 204, 87, 214, 78, 380, 
248, 424, 175, -336, 36, 300, -97, 195, 82, 195, 63, 361, 
244, 419, 175, -331, 34, 297, -97, 195, 78, 185, 48, 351, 
239, 414, 175, -326, 31, 295, -97, 195, 73, 175, 34, 341, 
234, 409, 175, -322, 29, 292, -97, 195, 68, 165, 19, 331, 
229, 395, 165, -312, 31, 280, -92, 185, 68, 156, 14, 322, 
224, 390, 165, -307, 29, 278, -87, 185, 68, 156, 9, 312, 
219, 385, 165, -302, 26, 275, -82, 185, 68, 156, 4, 302, 
214, 380, 165, -297, 24, 273, -78, 185, 68, 156, 0, 292, 
204, 370, 165, -287, 19, 268, -73, 175, 63, 141, -14, 278, 
204, 370, 165, -287, 19, 268, -68, 175, 58, 136, -19, 273, 
204, 370, 165, -287, 19, 268, -63, 175, 53, 131, -24, 268, 
204, 370, 165, -287, 19, 268, -58, 175, 48, 126, -29, 263, 
195, 380, 185, -287, 4, 283, -68, 175, 43, 117, -43, 248, 
195, 380, 185, -287, 4, 283, -68, 175, 39, 117, -48, 244, 
195, 380, 185, -287, 4, 283, -68, 175, 34, 117, -53, 239, 
195, 380, 185, -287, 4, 283, -68, 175, 29, 117, -58, 234, 
195, 366, 170, -280, 12, 268, -58, 175, 29, 107, -58, 234, 
195, 361, 165, -278, 14, 263, -58, 175, 29, 107, -58, 234, 
195, 356, 161, -275, 17, 258, -58, 175, 29, 107, -58, 234, 
195, 351, 156, -273, 19, 253, -58, 175, 29, 107, -58, 234, 
195, 346, 151, -270, 21, 248, -48, 175, 19, 97, -68, 229, 
195, 341, 146, -268, 24, 244, -48, 175, 19, 97, -68, 224, 
195, 336, 141, -265, 26, 239, -48, 175, 19, 97, -68, 219, 
195, 331, 136, -263, 29, 234, -48, 175, 19, 97, -68, 214, 
185, 317, 131, -251, 26, 224, -39, 190, 24, 97, -68, 219, 
185, 302, 117, -244, 34, 209, -29, 195, 29, 97, -68, 224, 
185, 287, 102, -236, 41, 195, -19, 200, 34, 97, -68, 229, 
185, 273, 87, -229, 48, 180, -9, 204, 39, 97, -68, 234, 
185, 278, 92, -231, 46, 185, -14, 200, 34, 97, -68, 224, 
185, 283, 97, -234, 43, 190, -19, 195, 29, 97, -68, 224, 
185, 287, 102, -236, 41, 195, -24, 190, 24, 97, -68, 224, 
185, 292, 107, -239, 39, 200, -29, 185, 19, 97, -68, 224, 
185, 307, 122, -246, 31, 214, -34, 175, 9, 82, -82, 209, 
185, 312, 126, -248, 29, 219, -39, 175, 9, 78, -87, 204, 
185, 317, 131, -251, 26, 224, -43, 175, 9, 73, -92, 200, 
185, 322, 136, -253, 24, 229, -48, 175, 9, 68, -97, 195, 
185, 322, 136, -253, 24, 229, -43, 185, 9, 68, -97, 195, 
185, 322, 136, -253, 24, 229, -39, 185, 9, 68, -97, 195, 
185, 322, 136, -253, 24, 229, -34, 185, 9, 68, -97, 195, 
185, 322, 136, -253, 24, 229, -29, 185, 9, 68, -97, 195, 
185, 317, 131, -251, 26, 224, -29, 195, 14, 82, -92, 209, 
185, 312, 126, -248, 29, 219, -29, 195, 19, 87, -87, 214, 
185, 307, 122, -246, 31, 214, -29, 195, 24, 92, -82, 219, 
185, 302, 117, -244, 34, 209, -29, 195, 29, 97, -78, 224, 
175, 312, 136, -244, 19, 224, -29, 190, 19, 92, -87, 209, 
175, 312, 136, -244, 19, 224, -29, 185, 19, 87, -87, 204, 
175, 312, 136, -244, 19, 224, -29, 180, 19, 82, -87, 200, 
175, 312, 136, -244, 19, 224, -29, 175, 19, 78, -87, 195, 
185, 322, 136, -253, 24, 229, -29, 165, 19, 78, -97, 185, 
185, 322, 136, -253, 24, 229, -29, 165, 19, 78, -97, 185, 
185, 322, 136, -253, 24, 229, -29, 165, 19, 78, -97, 185, 
185, 322, 136, -253, 24, 229, -29, 165, 19, 78, -97, 185, 
185, 312, 126, -248, 29, 219, -29, 175, 29, 92, -82, 200, 
185, 312, 126, -248, 29, 219, -29, 175, 29, 97, -78, 204, 
185, 312, 126, -248, 29, 219, -29, 175, 29, 102, -73, 209, 
185, 312, 126, -248, 29, 219, -29, 175, 29, 107, -68, 214, 
185, 322, 136, -253, 24, 229, -29, 175, 29, 97, -78, 204, 
185, 322, 136, -253, 24, 229, -29, 175, 29, 97, -78, 204, 
185, 322, 136, -253, 24, 229, -29, 175, 29, 97, -78, 204, 
185, 322, 136, -253, 24, 229, -29, 175, 29, 97, -78, 204, 
185, 322, 136, -253, 24, 229, -29, 175, 29, 87, -87, 214, 
185, 322, 136, -253, 24, 229, -29, 175, 29, 87, -87, 214, 
185, 322, 136, -253, 24, 229, -29, 175, 29, 87, -87, 214, 
185, 322, 136, -253, 24, 229, -29, 175, 29, 87, -87, 214, 
185, 312, 126, -248, 29, 219, -19, 175, 29, 97, -78, 214, 
185, 312, 126, -248, 29, 219, -19, 175, 29, 97, -78, 214, 
185, 312, 126, -248, 29, 219, -19, 175, 29, 97, -78, 214, 
185, 312, 126, -248, 29, 219, -19, 175, 29, 97, -78, 214, 
185, 322, 136, -253, 24, 229, -24, 170, 24, 87, -87, 209, 
185, 331, 146, -258, 19, 239, -29, 165, 19, 87, -87, 204, 
185, 341, 156, -263, 14, 248, -34, 161, 14, 87, -87, 200, 
185, 351, 165, -268, 9, 258, -39, 156, 9, 87, -87, 195, 
185, 346, 161, -265, 12, 253, -39, 165, 19, 87, -82, 200, 
185, 341, 156, -263, 14, 248, -39, 165, 19, 87, -78, 204, 
185, 336, 151, -261, 17, 244, -39, 165, 19, 87, -73, 209, 
185, 331, 146, -258, 19, 239, -39, 165, 19, 87, -68, 214, 
195, 322, 126, -258, 34, 224, -29, 165, 19, 97, -58, 219, 
195, 322, 126, -258, 34, 224, -29, 165, 19, 97, -58, 224, 
195, 322, 126, -258, 34, 224, -29, 165, 19, 97, -58, 229, 
195, 322, 126, -258, 34, 224, -29, 165, 19, 97, -58, 234, 
195, 336, 141, -265, 26, 239, -39, 165, 19, 87, -63, 229, 
195, 341, 146, -268, 24, 244, -39, 165, 19, 87, -68, 224, 
195, 346, 151, -270, 21, 248, -39, 165, 19, 87, -73, 219, 
195, 351, 156, -273, 19, 253, -39, 165, 19, 87, -78, 214, 
185, 356, 170, -270, 7, 263, -29, 165, 9, 82, -87, 204, 
185, 361, 175, -273, 4, 268, -29, 165, 9, 78, -87, 204, 
185, 366, 180, -275, 2, 273, -29, 165, 9, 73, -87, 204, 
185, 370, 185, -278, 0, 278, -29, 165, 9, 68, -87, 204, 
195, 356, 161, -275, 17, 258, -19, 175, 19, 73, -73, 209, 
195, 341, 146, -268, 24, 244, -19, 175, 19, 78, -68, 214, 
195, 326, 131, -261, 31, 229, -19, 175, 19, 82, -63, 219, 
195, 312, 117, -253, 39, 214, -19, 175, 19, 87, -58, 224, 
195, 302, 107, -248, 43, 204, -19, 165, 19, 87, -63, 224, 
195, 302, 107, -248, 43, 204, -19, 165, 19, 87, -68, 224, 
195, 302, 107, -248, 43, 204, -19, 165, 19, 87, -73, 224, 
195, 302, 107, -248, 43, 204, -19, 165, 19, 87, -78, 224, 
195, 312, 117, -253, 39, 214, -19, 165, 9, 82, -78, 224, 
195, 312, 117, -253, 39, 214, -19, 165, 9, 78, -78, 224, 
195, 312, 117, -253, 39, 214, -19, 165, 9, 73, -78, 224, 
195, 312, 117, -253, 39, 214, -19, 165, 9, 68, -78, 224, 
185, 322, 136, -253, 24, 229, -29, 175, 9, 68, -78, 214, 
185, 322, 136, -253, 24, 229, -29, 175, 9, 68, -78, 214, 
185, 322, 136, -253, 24, 229, -29, 175, 9, 68, -78, 214, 
185, 322, 136, -253, 24, 229, -29, 175, 9, 68, -78, 214, 
195, 307, 112, -251, 41, 209, -19, 175, 9, 68, -68, 224, 
195, 302, 107, -248, 43, 204, -19, 175, 9, 68, -68, 224, 
195, 297, 102, -246, 46, 200, -19, 175, 9, 68, -68, 224, 
195, 292, 97, -244, 48, 195, -19, 175, 9, 68, -68, 224, 
195, 297, 102, -246, 46, 200, -9, 165, 0, 58, -73, 214, 
195, 302, 107, -248, 43, 204, -9, 165, 0, 58, -78, 214, 
195, 307, 112, -251, 41, 209, -9, 165, 0, 58, -82, 214, 
195, 312, 117, -253, 39, 214, -9, 165, 0, 58, -87, 214, 
195, 326, 131, -261, 31, 229, -19, 165, -9, 48, -87, 204, 
195, 331, 136, -263, 29, 234, -19, 165, -9, 48, -87, 204, 
195, 326, 131, -261, 31, 229, -19, 165, -9, 39, -87, 204, 
195, 331, 136, -263, 29, 234, -14, 170, -9, 39, -87, 204, 
185, 322, 136, -253, 24, 229, -24, 170, 0, 48, -92, 190, 
185, 331, 146, -258, 19, 239, -24, 165, -4, 48, -97, 190, 
180, 331, 151, -256, 14, 241, -24, 165, -4, 48, -97, 190, 
180, 331, 151, -256, 14, 241, -24, 170, -4, 53, -97, 190, 
190, 322, 131, -256, 29, 226, -14, 170, -4, 53, -92, 200, 
195, 317, 122, -256, 36, 219, -14, 165, -4, 53, -92, 204, 
195, 322, 126, -258, 34, 224, -14, 165, 0, 53, -87, 204, 
195, 317, 122, -256, 36, 219, -14, 165, 0, 53, -82, 204, 
195, 312, 117, -253, 39, 214, -4, 165, 19, 63, -73, 214, 
190, 322, 131, -256, 29, 226, -4, 170, 24, 63, -73, 214, 
190, 322, 131, -256, 29, 226, -4, 175, 24, 73, -63, 219, 
195, 322, 126, -258, 34, 224, -4, 180, 29, 78, -58, 224, 
195, 341, 146, -268, 24, 244, -14, 175, 39, 78, -53, 229, 
195, 351, 156, -273, 19, 253, -14, 170, 43, 78, -53, 234, 
195, 370, 175, -283, 9, 273, -14, 170, 48, 78, -53, 239, 
195, 380, 185, -287, 4, 283, -14, 165, 58, 87, -48, 239, 
195, 400, 204, -297, -4, 302, -4, 165, 53, 82, -43, 244, 
195, 400, 204, -297, -4, 302, -4, 165, 53, 87, -43, 244, 
195, 400, 204, -297, -4, 302, 0, 165, 58, 87, -39, 244, 
195, 385, 190, -290, 2, 287, 14, 170, 63, 92, -34, 248, 
195, 385, 190, -290, 2, 287, 4, 175, 78, 102, -43, 244, 
195, 380, 185, -287, 4, 283, 4, 180, 82, 102, -43, 239, 
195, 380, 185, -287, 4, 283, 4, 180, 82, 102, -43, 234, 
195, 390, 195, -292, 0, 292, 4, 175, 82, 102, -48, 229, 
204, 409, 204, -307, 0, 307, 0, 165, 73, 97, -58, 214, 
204, 414, 209, -309, -2, 312, 0, 165, 78, 92, -58, 214, 
204, 424, 219, -314, -7, 322, 0, 165, 82, 92, -53, 214, 
204, 434, 229, -319, -12, 331, -4, 165, 82, 92, -53, 219, 
195, 419, 224, -307, -14, 322, -9, 161, 92, 97, -43, 224, 
195, 414, 219, -305, -12, 317, -19, 156, 87, 102, -39, 239, 
200, 424, 224, -312, -12, 324, -29, 151, 87, 107, -34, 244, 
200, 424, 224, -312, -12, 324, -34, 151, 87, 112, -19, 253, 
219, 439, 219, -329, 0, 329, -53, 141, 82, 122, -14, 253, 
224, 453, 229, -339, -2, 341, -68, 136, 78, 122, -19, 258, 
224, 473, 248, -348, -12, 361, -78, 126, 68, 122, -24, 258, 
224, 497, 273, -361, -24, 385, -82, 122, 63, 122, -19, 263, 
224, 483, 258, -353, -17, 370, -82, 126, 73, 122, -14, 268, 
229, 478, 248, -353, -9, 363, -82, 126, 73, 122, -9, 273, 
229, 463, 234, -346, -2, 348, -82, 141, 63, 126, -4, 283, 
234, 444, 209, -339, 12, 326, -78, 151, 63, 126, 0, 292, 
253, 434, 180, -344, 36, 307, -68, 161, 58, 122, -4, 287, 
258, 434, 175, -346, 41, 305, -68, 161, 53, 122, -4, 287, 
258, 424, 165, -341, 46, 295, -68, 161, 48, 117, -4, 287, 
258, 405, 146, -331, 56, 275, -63, 165, 43, 107, -9, 287, 
253, 400, 146, -326, 53, 273, -63, 165, 34, 92, -29, 268, 
253, 400, 146, -326, 53, 273, -63, 175, 14, 82, -39, 258, 
263, 405, 141, -334, 61, 273, -63, 165, 9, 82, -39, 258, 
253, 409, 156, -331, 48, 283, -63, 165, 9, 82, -39, 263, 
248, 395, 146, -322, 51, 270, -53, 180, 19, 92, -29, 278, 
248, 370, 122, -309, 63, 246, -48, 180, 14, 87, -34, 268, 
234, 356, 122, -295, 56, 239, -39, 185, 14, 78, -39, 263, 
219, 341, 122, -280, 48, 231, -34, 185, 14, 78, -43, 263, 
204, 322, 117, -263, 43, 219, -19, 175, 0, 68, -58, 244, 
200, 302, 102, -251, 48, 202, -14, 175, 0, 58, -68, 239, 
200, 292, 92, -246, 53, 192, -9, 180, -4, 58, -68, 234, 
195, 283, 87, -239, 53, 185, -4, 180, -9, 58, -68, 234, 
195, 302, 107, -248, 43, 204, -9, 175, -9, 48, -82, 224, 
190, 307, 117, -248, 36, 212, -9, 175, -9, 43, -87, 214, 
185, 317, 131, -251, 26, 224, -9, 175, -9, 39, -87, 209, 
185, 336, 151, -261, 17, 244, -14, 175, -14, 29, -87, 200, 
195, 317, 122, -256, 36, 219, -9, 185, -9, 43, -82, 209, 
200, 297, 97, -248, 51, 197, 0, 195, -4, 48, -82, 209, 
200, 273, 73, -236, 63, 173, 9, 200, 0, 53, -78, 214, 
200, 258, 58, -229, 70, 158, 14, 200, 4, 53, -73, 219, 
195, 273, 78, -234, 58, 175, 4, 190, -4, 48, -82, 209, 
190, 273, 82, -231, 53, 178, 4, 195, -9, 34, -92, 204, 
185, 263, 78, -224, 53, 170, 4, 195, -24, 29, -97, 195, 
185, 268, 82, -226, 51, 175, 4, 195, -29, 19, -107, 185, 
185, 278, 92, -231, 46, 185, 4, 185, -29, 4, -112, 175, 
185, 273, 87, -229, 48, 180, 4, 180, -29, 4, -112, 175, 
185, 273, 87, -229, 48, 180, 9, 180, -29, 4, -112, 175, 
185, 278, 92, -231, 46, 185, 9, 185, -29, 4, -107, 175, 
175, 273, 97, -224, 39, 185, 9, 185, -29, 4, -97, 185, 
175, 268, 92, -222, 41, 180, 9, 185, -24, 4, -97, 185, 
175, 263, 87, -219, 43, 175, 9, 185, -24, 14, -97, 185, 
180, 263, 82, -222, 48, 173, 9, 185, -24, 14, -97, 185, 
190, 273, 82, -231, 53, 178, 9, 185, -29, 14, -107, 195, 
190, 273, 82, -231, 53, 178, 9, 185, -29, 14, -107, 195, 
185, 273, 87, -229, 48, 180, 9, 185, -24, 14, -107, 195, 
185, 263, 78, -224, 53, 170, 14, 185, -24, 14, -102, 200, 
175, 302, 126, -239, 24, 214, 14, 185, -19, 14, -102, 200, 
185, 297, 112, -241, 36, 204, 14, 190, -19, 14, -102, 200, 
185, 302, 117, -244, 34, 209, 24, 185, -4, 19, -102, 190, 
185, 292, 107, -239, 39, 200, 29, 200, 14, 29, -97, 170, 
180, 268, 87, -224, 46, 178, 43, 229, 48, 34, -112, 136, 
190, 258, 68, -224, 61, 163, 58, 253, 58, 43, -126, 107, 
195, 268, 73, -231, 61, 170, 58, 287, 82, 68, -126, 97, 
200, 292, 92, -246, 53, 192, 58, 307, 131, 112, -102, 107, 
214, 336, 122, -275, 46, 229, 43, 322, 180, 175, -48, 151, 
248, 424, 175, -336, 36, 300, 9, 302, 224, 253, 34, 224, 
287, 531, 244, -409, 21, 387, -29, 278, 263, 322, 136, 331, 
336, 619, 283, -478, 26, 451, -87, 268, 263, 380, 244, 478, 
409, 712, 302, -561, 53, 507, -151, 234, 239, 444, 380, 644, 
483, 839, 356, -661, 63, 597, -234, 200, 214, 546, 570, 888, 
570, 961, 390, -766, 90, 675, -331, 146, 204, 653, 795, 1171, 
678, 1068, 390, -873, 143, 729, -458, 63, 146, 736, 1029, 1498, 
800, 1190, 390, -995, 204, 790, -605, -63, 43, 790, 1288, 1869, 
868, 1332, 463, -1100, 202, 897, -741, -234, -78, 795, 1488, 2191, 
893, 1390, 497, -1141, 197, 944, -834, -366, -180, 756, 1576, 2376, 
912, 1371, 458, -1141, 226, 915, -878, -444, -263, 692, 1610, 2493, 
897, 1327, 429, -1112, 234, 878, -888, -492, -341, 629, 1595, 2522, 
849, 1185, 336, -1017, 256, 761, -824, -473, -419, 522, 1420, 2352, 
761, 980, 219, -871, 270, 600, -727, -439, -502, 356, 1146, 2044, 
649, 829, 180, -739, 234, 505, -639, -429, -566, 190, 878, 1717, 
522, 727, 204, -624, 158, 466, -527, -409, -566, 39, 590, 1346, 
380, 561, 180, -470, 100, 370, -375, -356, -541, -141, 224, 878, 
278, 366, 87, -322, 95, 226, -239, -292, -561, -351, -156, 424, 
219, 248, 29, -234, 95, 139, -175, -224, -614, -478, -351, 180, 
190, 204, 14, -197, 87, 109, -141, -156, -605, -492, -385, 126, 
161, 165, 4, -163, 78, 85, -97, -78, -551, -473, -405, 58, 
151, 122, -29, -136, 90, 46, -58, -19, -502, -439, -434, 9, 
141, 122, -19, -131, 80, 51, -24, 24, -444, -385, -419, 19, 
151, 156, 4, -153, 73, 80, -4, 43, -390, -331, -390, 39, 
151, 170, 19, -161, 65, 95, -4, 53, -380, -307, -361, 43, 
161, 190, 29, -175, 65, 109, -24, 78, -356, -273, -331, 58, 
161, 224, 63, -192, 48, 143, -24, 97, -302, -239, -297, 73, 
156, 195, 39, -175, 58, 117, -24, 122, -244, -214, -287, 63, 
156, 156, 0, -156, 78, 78, 14, 146, -185, -185, -263, 73, 
156, 175, 19, -165, 68, 97, 29, 151, -156, -170, -258, 63, 
170, 204, 34, -187, 68, 119, 24, 146, -122, -146, -253, 58, 
170, 175, 4, -173, 82, 90, 34, 151, -102, -122, -244, 63, 
161, 151, -9, -156, 85, 70, 43, 170, -87, -102, -239, 78, 
151, 161, 9, -156, 70, 85, 39, 165, -92, -102, -239, 82, 
151, 170, 19, -161, 65, 95, 39, 165, -92, -97, -229, 87, 
161, 180, 19, -170, 70, 100, 43, 170, -87, -97, -219, 92, 
165, 190, 24, -178, 70, 107, 43, 175, -82, -97, -214, 97, 
175, 180, 4, -178, 85, 92, 58, 190, -63, -82, -209, 97, 
175, 175, 0, -175, 87, 87, 63, 204, -53, -68, -204, 97, 
175, 170, -4, -173, 90, 82, 68, 209, -48, -63, -204, 97, 
175, 170, -4, -173, 90, 82, 68, 209, -43, -48, -204, 92, 
175, 185, 9, -180, 82, 97, 58, 204, -53, -58, -214, 87, 
175, 195, 19, -185, 78, 107, 58, 195, -53, -58, -209, 82, 
170, 200, 29, -185, 70, 114, 58, 190, -58, -58, -209, 78, 
170, 209, 39, -190, 65, 124, 58, 185, -58, -58, -209, 73, 
161, 204, 43, -183, 58, 124, 68, 195, -43, -53, -195, 82, 
161, 195, 34, -178, 63, 114, 68, 195, -39, -43, -190, 87, 
165, 190, 24, -178, 70, 107, 68, 200, -34, -43, -185, 97, 
165, 185, 19, -175, 73, 102, 63, 200, -34, -48, -185, 87, 
175, 200, 24, -187, 75, 112, 63, 200, -29, -48, -185, 97, 
175, 200, 24, -187, 75, 112, 63, 204, -29, -48, -185, 97, 
175, 200, 24, -187, 75, 112, 63, 204, -29, -43, -185, 97, 
175, 200, 24, -187, 75, 112, 63, 200, -29, -43, -185, 97, 
175, 209, 34, -192, 70, 122, 68, 200, -29, -43, -185, 87, 
175, 209, 34, -192, 70, 122, 68, 200, -29, -43, -190, 87, 
175, 209, 34, -192, 70, 122, 68, 200, -34, -48, -190, 87, 
175, 209, 34, -192, 70, 122, 68, 200, -34, -48, -190, 87, 
175, 209, 34, -192, 70, 122, 58, 200, -29, -58, -190, 87, 
175, 214, 39, -195, 68, 126, 58, 200, -24, -58, -190, 87, 
175, 219, 43, -197, 65, 131, 58, 204, -24, -58, -190, 87, 
175, 224, 48, -200, 63, 136, 63, 209, -19, -58, -190, 87, 
175, 209, 34, -192, 70, 122, 73, 219, -9, -48, -190, 97, 
175, 200, 24, -187, 75, 112, 73, 219, -9, -48, -190, 97, 
175, 195, 19, -185, 78, 107, 68, 219, -14, -53, -190, 97, 
175, 190, 14, -183, 80, 102, 68, 219, -14, -53, -190, 97, 
165, 180, 14, -173, 75, 97, 78, 229, -14, -53, -180, 97, 
165, 185, 19, -175, 73, 102, 78, 229, -14, -48, -180, 97, 
165, 190, 24, -178, 70, 107, 78, 229, -14, -48, -180, 97, 
165, 190, 24, -178, 70, 107, 78, 229, -14, -48, -180, 97, 
165, 180, 14, -173, 75, 97, 68, 229, -19, -48, -180, 92, 
165, 185, 19, -175, 73, 102, 68, 224, -19, -48, -185, 92, 
165, 190, 24, -178, 70, 107, 68, 219, -19, -48, -190, 92, 
170, 195, 24, -183, 73, 109, 73, 219, -14, -43, -195, 92, 
180, 200, 19, -190, 80, 109, 68, 229, -14, -43, -195, 82, 
180, 209, 29, -195, 75, 119, 58, 224, -14, -43, -195, 82, 
175, 219, 43, -197, 65, 131, 53, 224, -19, -39, -195, 82, 
175, 224, 48, -200, 63, 136, 53, 229, -19, -39, -195, 82, 
175, 219, 43, -197, 65, 131, 58, 239, -9, -29, -185, 92, 
175, 214, 39, -195, 68, 126, 63, 244, 0, -19, -185, 92, 
175, 195, 19, -185, 78, 107, 68, 244, 0, -14, -175, 97, 
175, 200, 24, -187, 75, 112, 73, 244, 0, -14, -175, 97, 
175, 214, 39, -195, 68, 126, 63, 234, -4, -14, -180, 102, 
175, 219, 43, -197, 65, 131, 58, 239, -4, -14, -180, 102, 
175, 219, 43, -197, 65, 131, 58, 239, 0, -14, -180, 107, 
175, 219, 43, -197, 65, 131, 58, 244, 9, -14, -175, 107, 
175, 219, 43, -197, 65, 131, 68, 253, 0, -24, -175, 112, 
175, 219, 43, -197, 65, 131, 73, 253, 0, -24, -175, 112, 
180, 214, 34, -197, 73, 124, 73, 253, 0, -24, -165, 117, 
180, 214, 34, -197, 73, 124, 73, 253, 0, -19, -165, 117, 
195, 214, 19, -204, 87, 117, 58, 244, 9, -9, -165, 117, 
195, 224, 29, -209, 82, 126, 53, 244, 9, -14, -165, 122, 
195, 224, 29, -209, 82, 126, 53, 248, 9, -14, -161, 122, 
195, 229, 34, -212, 80, 131, 53, 248, 9, -9, -161, 122, 
185, 229, 43, -207, 70, 136, 63, 258, 19, -9, -156, 122, 
190, 224, 34, -207, 78, 129, 58, 258, 19, -9, -146, 122, 
190, 219, 29, -204, 80, 124, 58, 263, 24, 0, -136, 136, 
190, 219, 29, -204, 80, 124, 58, 263, 24, 0, -131, 136, 
180, 229, 48, -204, 65, 139, 43, 258, 24, -9, -136, 126, 
185, 234, 48, -209, 68, 141, 43, 263, 29, -9, -141, 136, 
190, 244, 53, -217, 68, 148, 43, 268, 29, -4, -141, 141, 
195, 248, 53, -222, 70, 151, 43, 268, 29, 0, -141, 141, 
204, 248, 43, -226, 80, 146, 43, 268, 39, 14, -131, 151, 
204, 248, 43, -226, 80, 146, 43, 268, 39, 19, -122, 161, 
209, 253, 43, -231, 82, 148, 43, 268, 39, 24, -117, 165, 
214, 268, 53, -241, 80, 161, 34, 268, 39, 29, -112, 170, 
209, 278, 68, -244, 70, 173, 34, 273, 34, 19, -107, 180, 
219, 278, 58, -248, 80, 168, 34, 273, 39, 29, -97, 185, 
224, 278, 53, -251, 85, 165, 24, 278, 39, 39, -92, 190, 
224, 287, 63, -256, 80, 175, 19, 278, 43, 43, -87, 204, 
239, 283, 43, -261, 97, 163, 19, 278, 63, 58, -73, 214, 
244, 287, 43, -265, 100, 165, 14, 278, 63, 63, -63, 224, 
244, 297, 53, -270, 95, 175, 14, 278, 68, 68, -53, 234, 
248, 307, 58, -278, 95, 183, 9, 278, 68, 73, -43, 248, 
244, 322, 78, -283, 82, 200, -4, 268, 58, 73, -39, 258, 
248, 331, 82, -290, 82, 207, -4, 268, 58, 68, -34, 268, 
253, 346, 92, -300, 80, 219, -9, 268, 63, 73, -19, 287, 
258, 346, 87, -302, 85, 217, -14, 268, 73, 82, -9, 297, 
263, 346, 82, -305, 90, 214, -9, 278, 87, 92, 0, 312, 
268, 361, 92, -314, 87, 226, -14, 278, 87, 107, 14, 326, 
268, 370, 102, -319, 82, 236, -19, 278, 92, 117, 24, 331, 
273, 390, 117, -331, 78, 253, -29, 278, 97, 131, 34, 336, 
287, 390, 102, -339, 92, 246, -29, 268, 97, 131, 53, 366, 
292, 395, 102, -344, 95, 248, -34, 268, 102, 141, 58, 370, 
297, 405, 107, -351, 95, 256, -34, 268, 102, 146, 68, 390, 
297, 409, 112, -353, 92, 261, -39, 268, 102, 151, 78, 395, 
287, 419, 131, -353, 78, 275, -53, 258, 117, 141, 68, 395, 
287, 439, 151, -363, 68, 295, -58, 258, 117, 146, 73, 400, 
287, 448, 161, -368, 63, 305, -58, 258, 117, 156, 87, 409, 
297, 458, 161, -378, 68, 309, -63, 248, 126, 161, 97, 419, 
297, 458, 161, -378, 68, 309, -58, 258, 126, 165, 107, 434, 
297, 468, 170, -383, 63, 319, -63, 258, 126, 175, 112, 434, 
297, 463, 165, -380, 65, 314, -63, 258, 126, 180, 122, 444, 
297, 463, 165, -380, 65, 314, -63, 258, 131, 190, 131, 453, 
312, 468, 156, -390, 78, 312, -68, 244, 131, 180, 126, 453, 
312, 473, 161, -392, 75, 317, -73, 234, 126, 180, 126, 458, 
312, 478, 165, -395, 73, 322, -78, 234, 126, 180, 131, 463, 
307, 483, 175, -395, 65, 329, -78, 234, 131, 185, 131, 468, 
307, 492, 185, -400, 61, 339, -78, 229, 141, 175, 126, 458, 
312, 497, 185, -405, 63, 341, -82, 224, 141, 175, 131, 463, 
312, 497, 185, -405, 63, 341, -82, 224, 141, 175, 136, 468, 
312, 497, 185, -405, 63, 341, -82, 219, 146, 175, 136, 468, 
307, 488, 180, -397, 63, 334, -82, 224, 146, 185, 131, 463, 
307, 492, 185, -400, 61, 339, -87, 219, 146, 185, 131, 458, 
307, 502, 195, -405, 56, 348, -87, 214, 146, 180, 126, 453, 
307, 507, 200, -407, 53, 353, -87, 214, 146, 175, 112, 439, 
297, 502, 204, -400, 46, 353, -92, 204, 136, 161, 97, 424, 
287, 492, 204, -390, 41, 348, -87, 204, 136, 161, 92, 419, 
283, 483, 200, -383, 41, 341, -87, 200, 141, 156, 87, 405, 
278, 468, 190, -373, 43, 329, -82, 195, 141, 156, 82, 395, 
273, 468, 195, -370, 39, 331, -68, 195, 141, 156, 82, 390, 
268, 458, 190, -363, 39, 324, -68, 190, 141, 146, 78, 385, 
263, 458, 195, -361, 34, 326, -68, 190, 136, 141, 68, 375, 
263, 448, 185, -356, 39, 317, -58, 190, 136, 136, 63, 370, 
253, 439, 185, -346, 34, 312, -53, 195, 136, 131, 48, 366, 
248, 429, 180, -339, 34, 305, -53, 195, 136, 126, 39, 356, 
244, 424, 180, -334, 31, 302, -48, 195, 136, 117, 29, 351, 
244, 409, 165, -326, 39, 287, -43, 190, 136, 117, 29, 346, 
229, 409, 180, -319, 24, 295, -43, 175, 126, 112, 9, 322, 
229, 414, 185, -322, 21, 300, -43, 170, 112, 102, -9, 302, 
229, 419, 190, -324, 19, 305, -48, 161, 107, 87, -19, 287, 
229, 429, 200, -329, 14, 314, -53, 151, 102, 78, -34, 273, 
234, 414, 180, -324, 26, 297, -43, 156, 97, 73, -34, 263, 
229, 405, 175, -317, 26, 290, -39, 161, 102, 73, -34, 263, 
224, 385, 161, -305, 31, 273, -34, 165, 107, 78, -29, 263, 
224, 380, 156, -302, 34, 268, -34, 170, 112, 78, -24, 263, 
214, 375, 161, -295, 26, 268, -19, 165, 117, 78, -24, 258, 
209, 370, 161, -290, 24, 265, -19, 165, 117, 78, -29, 253, 
209, 370, 161, -290, 24, 265, -19, 165, 117, 68, -34, 253, 
209, 366, 156, -287, 26, 261, -19, 165, 112, 63, -34, 248, 
214, 356, 141, -285, 36, 248, -14, 156, 102, 58, -29, 244, 
214, 351, 136, -283, 39, 244, -14, 161, 92, 58, -34, 239, 
214, 351, 136, -283, 39, 244, -14, 161, 87, 58, -39, 234, 
214, 351, 136, -283, 39, 244, -14, 156, 82, 53, -43, 229, 
219, 351, 131, -285, 43, 241, -14, 151, 82, 43, -48, 229, 
209, 356, 146, -283, 31, 251, -19, 151, 78, 39, -58, 229, 
209, 361, 151, -285, 29, 256, -24, 146, 78, 34, -63, 229, 
209, 346, 136, -278, 36, 241, -24, 141, 82, 34, -68, 224, 
209, 331, 122, -270, 43, 226, -19, 151, 92, 34, -73, 234, 
214, 326, 112, -270, 51, 219, -14, 151, 92, 34, -73, 234, 
214, 326, 112, -270, 51, 219, -9, 151, 87, 34, -73, 234, 
209, 322, 112, -265, 48, 217, -4, 151, 82, 34, -78, 234, 
209, 326, 117, -268, 46, 222, -14, 141, 82, 34, -68, 219, 
214, 326, 112, -270, 51, 219, -14, 141, 82, 34, -68, 219, 
214, 312, 97, -263, 58, 204, -14, 141, 78, 34, -68, 219, 
209, 322, 112, -265, 48, 217, -14, 141, 78, 29, -73, 219, 
209, 331, 122, -270, 43, 226, -19, 136, 73, 14, -78, 200, 
209, 341, 131, -275, 39, 236, -24, 136, 73, 9, -82, 195, 
209, 351, 141, -280, 34, 246, -29, 131, 73, 4, -92, 185, 
209, 366, 156, -287, 26, 261, -34, 126, 73, 0, -97, 180, 
209, 351, 141, -280, 34, 246, -19, 131, 73, 14, -87, 195, 
209, 336, 126, -273, 41, 231, -14, 136, 78, 19, -82, 195, 
209, 317, 107, -263, 51, 212, -4, 141, 82, 24, -78, 200, 
209, 302, 92, -256, 58, 197, 0, 146, 87, 29, -73, 204, 
195, 302, 107, -248, 43, 204, 0, 146, 92, 29, -82, 209, 
195, 302, 107, -248, 43, 204, 0, 146, 92, 29, -82, 209, 
195, 297, 102, -246, 46, 200, 0, 146, 92, 29, -82, 209, 
200, 297, 97, -248, 51, 197, 0, 146, 92, 34, -78, 209, 
209, 312, 102, -261, 53, 207, -4, 136, 82, 24, -87, 200, 
209, 322, 112, -265, 48, 217, -9, 136, 82, 19, -92, 200, 
209, 331, 122, -270, 43, 226, -14, 131, 82, 14, -92, 200, 
209, 336, 126, -273, 41, 231, -19, 131, 82, 14, -92, 204, 
200, 336, 136, -268, 31, 236, -19, 122, 82, 14, -92, 204, 
200, 341, 141, -270, 29, 241, -19, 122, 82, 14, -97, 204, 
200, 346, 146, -273, 26, 246, -19, 126, 82, 19, -97, 204, 
200, 346, 146, -273, 26, 246, -19, 126, 87, 19, -97, 200, 
200, 331, 131, -265, 34, 231, -14, 136, 97, 29, -82, 200, 
200, 322, 122, -261, 39, 222, -9, 136, 97, 29, -82, 200, 
200, 312, 112, -256, 43, 212, -9, 136, 97, 29, -82, 200, 
200, 307, 107, -253, 46, 207, -4, 136, 97, 29, -82, 200, 
195, 317, 122, -256, 36, 219, -9, 126, 97, 34, -73, 200, 
195, 317, 122, -256, 36, 219, -9, 126, 97, 34, -73, 200, 
200, 317, 117, -258, 41, 217, -9, 126, 97, 34, -73, 200, 
200, 317, 117, -258, 41, 217, -14, 126, 97, 39, -73, 200, 
209, 326, 117, -268, 46, 222, -19, 136, 87, 29, -73, 190, 
209, 336, 126, -273, 41, 231, -24, 136, 87, 29, -78, 190, 
209, 336, 126, -273, 41, 231, -29, 131, 87, 29, -82, 190, 
209, 336, 126, -273, 41, 231, -34, 131, 87, 24, -87, 190, 
200, 341, 141, -270, 29, 241, -24, 122, 87, 24, -87, 200, 
200, 341, 141, -270, 29, 241, -24, 122, 87, 24, -87, 200, 
200, 341, 141, -270, 29, 241, -24, 122, 87, 24, -87, 200, 
200, 356, 156, -278, 21, 256, -24, 122, 87, 24, -87, 200, 
200, 351, 151, -275, 24, 251, -24, 112, 78, 24, -87, 200, 
200, 346, 146, -273, 26, 246, -24, 112, 78, 24, -82, 200, 
200, 351, 151, -275, 24, 251, -24, 112, 78, 24, -82, 204, 
195, 361, 165, -278, 14, 263, -29, 112, 82, 24, -82, 204, 
204, 351, 146, -278, 29, 248, -24, 117, 87, 24, -73, 214, 
204, 341, 136, -273, 34, 239, -24, 122, 87, 24, -73, 214, 
204, 331, 126, -268, 39, 229, -24, 117, 92, 24, -73, 219, 
209, 322, 112, -265, 48, 217, -24, 122, 97, 24, -73, 219, 
209, 326, 117, -268, 46, 222, -34, 112, 97, 24, -82, 209, 
209, 331, 122, -270, 43, 226, -29, 117, 97, 24, -82, 214, 
209, 336, 126, -273, 41, 231, -29, 117, 97, 24, -82, 214, 
214, 346, 131, -280, 41, 239, -29, 117, 92, 19, -82, 209, 
214, 346, 131, -280, 41, 239, -29, 126, 92, 19, -73, 200, 
214, 341, 126, -278, 43, 234, -29, 126, 92, 19, -73, 209, 
214, 336, 122, -275, 46, 229, -29, 126, 92, 24, -68, 214, 
214, 336, 122, -275, 46, 229, -34, 122, 92, 24, -68, 214, 
214, 351, 136, -283, 39, 244, -43, 122, 82, 29, -73, 219, 
214, 351, 136, -283, 39, 244, -39, 122, 82, 29, -73, 219, 
214, 351, 136, -283, 39, 244, -39, 126, 82, 24, -73, 219, 
214, 351, 136, -283, 39, 244, -39, 126, 82, 19, -73, 219, 
214, 356, 141, -285, 36, 248, -39, 122, 78, 9, -78, 219, 
214, 361, 146, -287, 34, 253, -39, 117, 73, 4, -82, 219, 
214, 375, 161, -295, 26, 268, -39, 107, 73, 4, -92, 214, 
214, 380, 165, -297, 24, 273, -39, 102, 78, 9, -97, 214, 
204, 366, 161, -285, 21, 263, -48, 112, 68, 9, -82, 209, 
204, 356, 151, -280, 26, 253, -48, 112, 68, 9, -82, 209, 
204, 351, 146, -278, 29, 248, -48, 112, 68, 9, -87, 200, 
204, 351, 146, -278, 29, 248, -48, 107, 63, 9, -97, 200, 
204, 351, 146, -278, 29, 248, -48, 107, 73, 9, -87, 204, 
204, 341, 136, -273, 34, 239, -48, 107, 73, 9, -87, 204, 
204, 341, 136, -273, 34, 239, -53, 107, 73, 9, -87, 209, 
204, 346, 141, -275, 31, 244, -58, 107, 68, 4, -87, 209, 
214, 331, 117, -273, 48, 224, -48, 117, 78, 9, -78, 214, 
214, 326, 112, -270, 51, 219, -48, 117, 78, 9, -78, 214, 
214, 317, 102, -265, 56, 209, -43, 122, 78, 9, -68, 214, 
214, 302, 87, -258, 63, 195, -43, 122, 78, 9, -68, 214, 
214, 307, 92, -261, 61, 200, -34, 122, 78, 9, -87, 204, 
214, 317, 102, -265, 56, 209, -34, 122, 78, 9, -87, 204, 
214, 326, 112, -270, 51, 219, -34, 117, 78, 4, -87, 204, 
214, 331, 117, -273, 48, 224, -34, 117, 78, 4, -87, 204, 
219, 326, 107, -273, 56, 217, -43, 107, 68, -4, -97, 200, 
219, 322, 102, -270, 58, 212, -43, 107, 68, -4, -92, 200, 
219, 322, 102, -270, 58, 212, -43, 107, 68, -4, -92, 200, 
219, 326, 107, -273, 56, 217, -43, 107, 63, -9, -92, 195, 
209, 297, 87, -253, 61, 192, -43, 107, 73, -4, -78, 204, 
214, 307, 92, -261, 61, 200, -34, 107, 73, -4, -78, 214, 
214, 307, 92, -261, 61, 200, -34, 107, 73, -4, -78, 214, 
224, 292, 68, -258, 78, 180, -29, 117, 78, 0, -78, 214, 
219, 307, 87, -263, 65, 197, -39, 107, 68, -9, -82, 204, 
214, 312, 97, -263, 58, 204, -39, 107, 68, -9, -87, 204, 
209, 317, 107, -263, 51, 212, -39, 107, 68, -9, -92, 204, 
204, 322, 117, -263, 43, 219, -39, 107, 68, -9, -97, 204, 
214, 331, 117, -273, 48, 224, -48, 97, 68, -9, -97, 204, 
214, 322, 107, -268, 53, 214, -48, 97, 68, -19, -97, 204, 
214, 322, 107, -268, 53, 214, -43, 102, 68, -19, -97, 204, 
214, 322, 107, -268, 53, 214, -43, 102, 68, -19, -102, 200, 
214, 322, 107, -268, 53, 214, -53, 87, 63, -19, -102, 200, 
209, 322, 112, -265, 48, 217, -53, 87, 63, -19, -97, 200, 
209, 322, 112, -265, 48, 217, -53, 92, 63, -14, -92, 200, 
209, 317, 107, -263, 51, 212, -53, 92, 63, -14, -92, 200, 
214, 317, 102, -265, 56, 209, -53, 87, 73, -4, -92, 204, 
214, 326, 112, -270, 51, 219, -53, 87, 78, -4, -87, 204, 
214, 326, 112, -270, 51, 219, -53, 87, 78, -4, -82, 204, 
214, 326, 112, -270, 51, 219, -53, 82, 87, -4, -82, 204, 
209, 346, 136, -278, 36, 241, -53, 73, 82, -14, -92, 195, 
209, 356, 146, -283, 31, 251, -53, 73, 82, -4, -82, 200, 
214, 366, 151, -290, 31, 258, -53, 73, 87, 0, -78, 204, 
214, 385, 170, -300, 21, 278, -53, 73, 97, 9, -73, 209, 
214, 400, 185, -307, 14, 292, -53, 63, 112, 19, -73, 214, 
214, 414, 200, -314, 7, 307, -53, 68, 117, 19, -73, 219, 
214, 419, 204, -317, 4, 312, -53, 68, 126, 29, -68, 219, 
214, 429, 214, -322, 0, 322, -53, 68, 131, 34, -63, 224, 
224, 419, 195, -322, 14, 307, -53, 78, 131, 29, -63, 224, 
224, 419, 195, -322, 14, 307, -48, 78, 136, 29, -58, 224, 
224, 405, 180, -314, 21, 292, -34, 82, 141, 34, -53, 229, 
224, 405, 180, -314, 21, 292, -34, 87, 146, 34, -53, 229, 
214, 390, 175, -302, 19, 283, -34, 82, 151, 34, -53, 229, 
214, 390, 175, -302, 19, 283, -34, 82, 151, 34, -53, 229, 
214, 400, 185, -307, 14, 292, -34, 78, 151, 34, -58, 229, 
214, 405, 190, -309, 12, 297, -39, 78, 151, 34, -58, 224, 
214, 395, 180, -305, 17, 287, -29, 78, 156, 34, -48, 234, 
214, 400, 185, -307, 14, 292, -29, 78, 161, 39, -43, 234, 
214, 405, 190, -309, 12, 297, -34, 78, 161, 43, -43, 239, 
214, 405, 190, -309, 12, 297, -48, 68, 161, 43, -39, 239, 
224, 414, 190, -319, 17, 302, -73, 53, 146, 34, -48, 244, 
229, 429, 200, -329, 14, 314, -87, 39, 146, 34, -48, 239, 
229, 434, 204, -331, 12, 319, -97, 29, 146, 34, -39, 239, 
239, 439, 200, -339, 19, 319, -112, 24, 146, 43, -29, 244, 
244, 439, 195, -341, 24, 317, -117, 29, 146, 53, -29, 258, 
244, 444, 200, -344, 21, 322, -126, 19, 141, 53, -29, 258, 
244, 453, 209, -348, 17, 331, -131, 14, 141, 53, -19, 263, 
244, 448, 204, -346, 19, 326, -131, 9, 141, 53, -19, 263, 
248, 439, 190, -344, 29, 314, -122, 19, 141, 53, -19, 263, 
248, 429, 180, -339, 34, 305, -122, 34, 131, 58, -19, 268, 
253, 414, 161, -334, 46, 287, -117, 43, 131, 58, -19, 273, 
263, 405, 141, -334, 61, 273, -117, 53, 126, 53, -14, 278, 
268, 409, 141, -339, 63, 275, -126, 43, 112, 43, -14, 268, 
268, 405, 136, -336, 65, 270, -126, 43, 107, 39, -14, 268, 
268, 390, 122, -329, 73, 256, -122, 48, 102, 29, -19, 268, 
273, 385, 112, -329, 80, 248, -122, 48, 92, 14, -39, 258, 
263, 375, 112, -319, 75, 244, -112, 58, 78, 14, -48, 253, 
273, 370, 97, -322, 87, 234, -112, 48, 78, 14, -48, 258, 
263, 366, 102, -314, 80, 234, -112, 48, 82, 14, -48, 268, 
258, 356, 97, -307, 80, 226, -102, 53, 87, 14, -48, 273, 
248, 346, 97, -297, 75, 222, -107, 48, 73, 0, -58, 244, 
234, 346, 112, -290, 61, 229, -97, 48, 73, -9, -68, 229, 
219, 346, 126, -283, 46, 236, -92, 43, 73, -9, -78, 219, 
214, 346, 131, -280, 41, 239, -87, 39, 68, -19, -97, 204, 
209, 326, 117, -268, 46, 222, -82, 39, 78, -19, -102, 209, 
209, 317, 107, -263, 51, 212, -78, 43, 73, -19, -97, 204, 
204, 307, 102, -256, 51, 204, -73, 43, 68, -19, -92, 204, 
204, 302, 97, -253, 53, 200, -73, 39, 68, -24, -92, 200, 
200, 307, 107, -253, 46, 207, -68, 48, 68, -34, -97, 195, 
195, 307, 112, -251, 41, 209, -63, 48, 68, -34, -97, 195, 
195, 317, 122, -256, 36, 219, -63, 48, 63, -39, -97, 190, 
195, 307, 112, -251, 41, 209, -63, 48, 63, -39, -97, 185, 
200, 302, 102, -251, 48, 202, -68, 48, 53, -39, -112, 180, 
200, 292, 92, -246, 53, 192, -63, 53, 53, -39, -112, 180, 
200, 292, 92, -246, 53, 192, -63, 53, 53, -43, -112, 180, 
195, 297, 102, -246, 46, 200, -63, 53, 48, -43, -117, 175, 
190, 278, 87, -234, 51, 183, -53, 68, 58, -43, -122, 185, 
185, 258, 73, -222, 56, 165, -53, 68, 48, -43, -122, 180, 
185, 253, 68, -219, 58, 161, -53, 68, 48, -48, -126, 175, 
185, 248, 63, -217, 61, 156, -53, 63, 48, -53, -131, 175, 
195, 258, 63, -226, 65, 161, -63, 58, 39, -63, -131, 175, 
195, 263, 68, -229, 63, 165, -58, 58, 39, -63, -131, 175, 
195, 273, 78, -234, 58, 175, -58, 63, 39, -63, -126, 175, 
195, 278, 82, -236, 56, 180, -58, 48, 39, -63, -126, 175, 
185, 283, 97, -234, 43, 190, -68, 48, 43, -63, -136, 175, 
185, 287, 102, -236, 41, 195, -68, 48, 43, -53, -136, 175, 
190, 297, 107, -244, 41, 202, -68, 48, 43, -53, -136, 175, 
190, 312, 122, -251, 34, 217, -68, 48, 39, -53, -136, 175, 
200, 292, 92, -246, 53, 192, -58, 58, 43, -43, -131, 175, 
195, 283, 87, -239, 53, 185, -58, 58, 53, -43, -126, 175, 
195, 263, 68, -229, 63, 165, -53, 58, 58, -43, -117, 180, 
195, 253, 58, -224, 68, 156, -53, 58, 68, -43, -112, 180, 
195, 268, 73, -231, 61, 170, -53, 63, 68, -34, -112, 170, 
195, 283, 87, -239, 53, 185, -53, 68, 73, -29, -112, 161, 
195, 273, 78, -234, 58, 175, -39, 92, 82, -29, -117, 151, 
190, 258, 68, -224, 61, 163, -14, 141, 107, -24, -141, 117, 
180, 268, 87, -224, 46, 178, -9, 156, 126, -14, -156, 87, 
185, 307, 122, -246, 31, 214, -19, 161, 161, 0, -156, 78, 
219, 351, 131, -285, 43, 241, -39, 151, 190, 34, -131, 87, 
253, 375, 122, -314, 65, 248, -53, 165, 239, 107, -58, 151, 
278, 434, 156, -356, 61, 295, -78, 165, 302, 195, 53, 263, 
317, 551, 234, -434, 41, 392, -126, 141, 322, 263, 146, 370, 
405, 629, 224, -517, 90, 427, -185, 141, 312, 322, 263, 517, 
478, 712, 234, -595, 122, 473, -258, 126, 287, 385, 409, 712, 
561, 839, 278, -700, 141, 558, -351, 73, 283, 478, 600, 966, 
649, 961, 312, -805, 168, 636, -448, 9, 273, 585, 805, 1249, 
766, 1058, 292, -912, 236, 675, -566, -63, 224, 668, 1029, 1576, 
878, 1190, 312, -1034, 283, 751, -712, -209, 141, 712, 1249, 1908, 
946, 1312, 366, -1129, 290, 839, -839, -380, 48, 717, 1400, 2161, 
961, 1351, 390, -1156, 285, 871, -922, -502, -53, 668, 1459, 2308, 
971, 1342, 370, -1156, 300, 856, -956, -580, -146, 605, 1483, 2396, 
946, 1249, 302, -1098, 322, 775, -936, -590, -224, 512, 1400, 2347, 
858, 1058, 200, -958, 329, 629, -844, -541, -302, 366, 1166, 2098, 
751, 902, 151, -827, 300, 527, -766, -517, -395, 200, 912, 1800, 
629, 829, 200, -729, 214, 514, -688, -536, -448, 73, 683, 1493, 
492, 697, 204, -595, 143, 451, -566, -527, -429, -68, 414, 1122, 
351, 502, 151, -427, 100, 326, -414, -492, -424, -248, 58, 663, 
248, 336, 87, -292, 80, 212, -307, -439, -463, -429, -244, 287, 
200, 258, 58, -229, 70, 158, -253, -380, -507, -527, -380, 131, 
180, 214, 34, -197, 73, 124, -219, -302, -507, -541, -424, 68, 
170, 156, -14, -163, 92, 70, -185, -214, -473, -531, -463, 9, 
170, 131, -39, -151, 104, 46, -146, -136, -414, -497, -463, -19, 
170, 141, -29, -156, 100, 56, -112, -92, -346, -444, -419, 0, 
170, 146, -24, -158, 97, 61, -102, -63, -312, -390, -390, 19, 
180, 170, -9, -175, 95, 80, -112, -43, -302, -366, -370, 24, 
180, 170, -9, -175, 95, 80, -112, -39, -268, -331, -351, 29, 
180, 146, -34, -163, 107, 56, -82, -29, -204, -297, -317, 43, 
175, 146, -29, -161, 102, 58, -73, -4, -156, -273, -307, 43, 
165, 175, 9, -170, 78, 92, -82, -9, -126, -253, -312, 34, 
165, 175, 9, -170, 78, 92, -87, -4, -78, -229, -297, 34, 
161, 175, 14, -168, 73, 95, -63, 9, -34, -204, -273, 48, 
170, 175, 4, -173, 82, 90, -53, 14, -14, -170, -253, 53, 
180, 180, 0, -180, 90, 90, -43, 14, -9, -161, -239, 58, 
175, 185, 9, -180, 82, 97, -48, 9, -9, -151, -239, 53, 
170, 190, 19, -180, 75, 104, -48, 9, -14, -146, -229, 58, 
175, 195, 19, -185, 78, 107, -43, 14, -14, -146, -219, 63, 
175, 200, 24, -187, 75, 112, -43, 19, -14, -146, -214, 68, 
185, 190, 4, -187, 90, 97, -48, 19, -4, -146, -224, 68, 
185, 185, 0, -185, 92, 92, -43, 29, 4, -136, -224, 68, 
185, 180, -4, -183, 95, 87, -39, 29, 9, -136, -229, 68, 
185, 180, -4, -183, 95, 87, -39, 24, 14, -126, -234, 63, 
175, 190, 14, -183, 80, 102, -39, 14, 24, -126, -234, 63, 
175, 195, 19, -185, 78, 107, -39, 9, 24, -126, -229, 63, 
170, 195, 24, -183, 73, 109, -39, 9, 19, -126, -229, 63, 
170, 200, 29, -185, 70, 114, -39, 9, 19, -126, -229, 63, 
180, 190, 9, -185, 85, 100, -39, 19, 14, -122, -214, 73, 
180, 185, 4, -183, 87, 95, -39, 19, 19, -112, -209, 78, 
185, 185, 0, -185, 92, 92, -39, 24, 24, -112, -204, 87, 
185, 185, 0, -185, 92, 92, -43, 24, 24, -117, -204, 78, 
185, 200, 14, -192, 85, 107, -43, 14, 29, -117, -214, 73, 
185, 200, 14, -192, 85, 107, -43, 19, 29, -117, -214, 68, 
185, 200, 14, -192, 85, 107, -43, 19, 29, -112, -214, 63, 
185, 200, 14, -192, 85, 107, -43, 14, 29, -112, -214, 58, 
185, 195, 9, -190, 87, 102, -39, 24, 39, -102, -204, 68, 
185, 190, 4, -187, 90, 97, -39, 24, 39, -102, -209, 68, 
185, 185, 0, -185, 92, 92, -39, 24, 34, -107, -209, 68, 
185, 180, -4, -183, 95, 87, -39, 24, 34, -107, -209, 68, 
185, 190, 4, -187, 90, 97, -43, 19, 34, -117, -219, 68, 
185, 195, 9, -190, 87, 102, -48, 14, 34, -117, -219, 68, 
185, 200, 14, -192, 85, 107, -53, 14, 29, -117, -219, 68, 
185, 204, 19, -195, 82, 112, -53, 14, 29, -117, -219, 68, 
175, 200, 24, -187, 75, 112, -43, 14, 39, -117, -209, 68, 
175, 200, 24, -187, 75, 112, -43, 14, 39, -117, -209, 68, 
175, 204, 29, -190, 73, 117, -48, 14, 34, -122, -209, 68, 
175, 209, 34, -192, 70, 122, -48, 14, 34, -122, -209, 68, 
185, 209, 24, -197, 80, 117, -58, 14, 34, -131, -219, 58, 
185, 214, 29, -200, 78, 122, -58, 14, 34, -126, -219, 58, 
185, 219, 34, -202, 75, 126, -58, 14, 34, -126, -219, 58, 
185, 219, 34, -202, 75, 126, -58, 14, 34, -126, -219, 58, 
185, 195, 9, -190, 87, 102, -58, 19, 39, -117, -204, 73, 
185, 195, 9, -190, 87, 102, -58, 19, 39, -117, -204, 73, 
185, 195, 9, -190, 87, 102, -58, 19, 39, -117, -204, 73, 
190, 195, 4, -192, 92, 100, -53, 24, 43, -112, -204, 73, 
190, 195, 4, -192, 92, 100, -43, 24, 53, -112, -214, 73, 
190, 200, 9, -195, 90, 104, -48, 19, 53, -112, -214, 73, 
185, 204, 19, -195, 82, 112, -48, 19, 48, -107, -214, 73, 
185, 204, 19, -195, 82, 112, -43, 24, 48, -107, -214, 73, 
195, 195, 0, -195, 97, 97, -53, 24, 39, -107, -214, 73, 
195, 195, 0, -195, 97, 97, -53, 29, 48, -97, -214, 73, 
195, 180, -14, -187, 104, 82, -53, 29, 48, -92, -204, 78, 
195, 190, -4, -192, 100, 92, -53, 29, 48, -92, -204, 78, 
195, 185, -9, -190, 102, 87, -53, 19, 53, -92, -200, 82, 
195, 180, -14, -187, 104, 82, -58, 24, 53, -92, -200, 82, 
195, 170, -24, -183, 109, 73, -58, 24, 58, -92, -200, 87, 
195, 161, -34, -178, 114, 63, -58, 29, 68, -92, -195, 87, 
185, 175, -9, -180, 97, 82, -68, 39, 58, -92, -195, 87, 
185, 180, -4, -183, 95, 87, -63, 39, 58, -92, -195, 82, 
190, 180, -9, -185, 100, 85, -63, 39, 58, -92, -185, 82, 
190, 185, -4, -187, 97, 90, -63, 39, 58, -87, -185, 78, 
204, 185, -19, -195, 112, 82, -58, 39, 58, -87, -195, 78, 
204, 195, -9, -200, 107, 92, -63, 39, 58, -92, -195, 82, 
204, 195, -9, -200, 107, 92, -63, 43, 58, -92, -190, 82, 
204, 200, -4, -202, 104, 97, -63, 43, 58, -87, -190, 82, 
204, 214, 9, -209, 97, 112, -73, 34, 58, -97, -200, 82, 
209, 214, 4, -212, 102, 109, -78, 34, 58, -97, -195, 82, 
209, 214, 4, -212, 102, 109, -78, 39, 63, -87, -190, 97, 
209, 219, 9, -214, 100, 114, -78, 39, 63, -87, -190, 97, 
209, 234, 24, -222, 92, 129, -92, 43, 63, -87, -180, 107, 
214, 234, 19, -224, 97, 126, -92, 48, 68, -87, -180, 117, 
219, 239, 19, -229, 100, 129, -92, 53, 68, -82, -175, 122, 
224, 239, 14, -231, 104, 126, -92, 53, 68, -78, -170, 122, 
214, 248, 34, -231, 90, 141, -92, 58, 78, -82, -161, 122, 
214, 248, 34, -231, 90, 141, -92, 63, 78, -78, -151, 131, 
219, 253, 34, -236, 92, 143, -92, 68, 78, -73, -146, 136, 
224, 268, 43, -246, 90, 156, -102, 73, 78, -68, -141, 141, 
239, 263, 24, -251, 107, 143, -92, 78, 82, -58, -136, 151, 
248, 258, 9, -253, 119, 134, -92, 78, 87, -48, -126, 156, 
253, 253, 0, -253, 126, 126, -102, 82, 87, -39, -122, 161, 
253, 258, 4, -256, 124, 131, -107, 82, 92, -34, -117, 175, 
258, 258, 0, -258, 129, 129, -107, 92, 102, -29, -102, 185, 
263, 258, -4, -261, 134, 126, -112, 92, 102, -24, -92, 195, 
263, 263, 0, -263, 131, 131, -112, 92, 107, -19, -82, 204, 
268, 268, 0, -268, 134, 134, -117, 92, 107, -14, -73, 219, 
273, 287, 14, -280, 129, 151, -131, 82, 97, -9, -68, 229, 
278, 302, 24, -290, 126, 163, -131, 82, 97, -9, -63, 239, 
283, 322, 39, -302, 122, 180, -136, 82, 102, 0, -48, 258, 
287, 326, 39, -307, 124, 183, -141, 82, 112, 14, -39, 268, 
292, 326, 34, -309, 129, 180, -146, 82, 126, 19, -39, 283, 
297, 341, 43, -319, 126, 192, -151, 82, 126, 29, -24, 297, 
297, 351, 53, -324, 122, 202, -156, 82, 131, 34, -14, 302, 
302, 370, 68, -336, 117, 219, -165, 82, 136, 43, -4, 307, 
307, 380, 73, -344, 117, 226, -175, 73, 126, 34, 4, 326, 
312, 385, 73, -348, 119, 229, -180, 73, 131, 43, 9, 331, 
317, 395, 78, -356, 119, 236, -180, 73, 131, 48, 19, 351, 
317, 400, 82, -358, 117, 241, -185, 73, 131, 53, 29, 356, 
317, 395, 78, -356, 119, 236, -180, 63, 136, 53, 29, 366, 
317, 409, 92, -363, 112, 251, -185, 63, 136, 58, 34, 370, 
317, 414, 97, -366, 109, 256, -185, 63, 136, 68, 48, 380, 
326, 419, 92, -373, 117, 256, -190, 53, 146, 73, 58, 390, 
336, 424, 87, -380, 124, 256, -204, 63, 146, 73, 63, 395, 
336, 439, 102, -387, 117, 270, -209, 63, 146, 78, 63, 395, 
336, 439, 102, -387, 117, 270, -209, 63, 146, 78, 68, 405, 
336, 444, 107, -390, 114, 275, -209, 63, 151, 82, 73, 414, 
341, 463, 122, -402, 109, 292, -224, 53, 151, 73, 78, 405, 
341, 473, 131, -407, 104, 302, -229, 39, 146, 73, 78, 409, 
341, 483, 141, -412, 100, 312, -234, 34, 146, 73, 82, 414, 
336, 492, 156, -414, 90, 324, -234, 29, 151, 78, 82, 419, 
326, 483, 156, -405, 85, 319, -224, 14, 151, 87, 78, 409, 
331, 488, 156, -409, 87, 322, -229, 9, 151, 87, 82, 414, 
331, 488, 156, -409, 87, 322, -229, 9, 151, 87, 87, 419, 
331, 488, 156, -409, 87, 322, -229, 4, 156, 87, 87, 419, 
336, 478, 141, -407, 97, 309, -219, 9, 165, 87, 92, 419, 
336, 473, 136, -405, 100, 305, -224, 4, 165, 87, 92, 419, 
336, 473, 136, -405, 100, 305, -224, 0, 165, 82, 87, 419, 
336, 468, 131, -402, 102, 300, -224, 0, 165, 78, 73, 409, 
336, 458, 122, -397, 107, 290, -229, -9, 165, 82, 78, 405, 
326, 453, 126, -390, 100, 290, -224, -9, 165, 82, 73, 400, 
322, 448, 126, -385, 97, 287, -224, -14, 170, 78, 68, 385, 
317, 439, 122, -378, 97, 280, -219, -19, 170, 78, 63, 375, 
312, 434, 122, -373, 95, 278, -224, -24, 170, 68, 48, 375, 
307, 429, 122, -368, 92, 275, -224, -34, 170, 58, 39, 366, 
302, 434, 131, -368, 85, 283, -224, -39, 165, 53, 24, 351, 
302, 429, 126, -366, 87, 278, -214, -43, 165, 48, 14, 341, 
283, 419, 136, -351, 73, 278, -200, -39, 165, 53, 0, 331, 
278, 409, 131, -344, 73, 270, -200, -39, 165, 48, -9, 317, 
273, 405, 131, -339, 70, 268, -195, -39, 165, 39, -19, 307, 
273, 390, 117, -331, 78, 253, -190, -43, 165, 39, -19, 297, 
268, 370, 102, -319, 82, 236, -185, -43, 161, 39, -14, 287, 
268, 366, 97, -317, 85, 231, -180, -43, 151, 34, -29, 273, 
268, 361, 92, -314, 87, 226, -180, -48, 151, 24, -34, 263, 
268, 361, 92, -314, 87, 226, -180, -53, 151, 19, -43, 253, 
263, 375, 112, -319, 75, 244, -185, -63, 131, 0, -68, 239, 
258, 375, 117, -317, 70, 246, -185, -63, 131, -4, -73, 234, 
253, 366, 112, -309, 70, 239, -185, -63, 131, -4, -73, 229, 
253, 370, 117, -312, 68, 244, -190, -63, 131, -9, -73, 224, 
253, 356, 102, -305, 75, 229, -175, -68, 126, -9, -63, 219, 
248, 351, 102, -300, 73, 226, -175, -68, 126, -9, -68, 214, 
248, 351, 102, -300, 73, 226, -175, -68, 126, -19, -73, 214, 
248, 346, 97, -297, 75, 222, -175, -68, 122, -24, -73, 209, 
244, 336, 92, -290, 75, 214, -170, -68, 126, -19, -68, 214, 
244, 331, 87, -287, 78, 209, -170, -63, 122, -19, -73, 209, 
244, 331, 87, -287, 78, 209, -170, -63, 122, -19, -78, 204, 
244, 331, 87, -287, 78, 209, -170, -68, 122, -24, -82, 200, 
248, 336, 87, -292, 80, 212, -165, -68, 122, -24, -92, 200, 
239, 336, 97, -287, 70, 217, -165, -63, 117, -29, -97, 200, 
239, 336, 97, -287, 70, 217, -165, -63, 117, -34, -97, 200, 
239, 317, 78, -278, 80, 197, -161, -63, 122, -34, -97, 195, 
239, 326, 87, -283, 75, 207, -170, -68, 122, -43, -112, 195, 
244, 326, 82, -285, 80, 204, -170, -73, 122, -43, -112, 195, 
244, 331, 87, -287, 78, 209, -170, -78, 117, -43, -112, 195, 
239, 331, 92, -285, 73, 212, -170, -82, 112, -43, -117, 195, 
248, 331, 82, -290, 82, 207, -170, -82, 102, -43, -107, 185, 
253, 336, 82, -295, 85, 209, -170, -82, 102, -43, -107, 180, 
253, 326, 73, -290, 90, 200, -170, -82, 97, -43, -107, 175, 
248, 341, 92, -295, 78, 217, -170, -82, 97, -48, -112, 170, 
239, 331, 92, -285, 73, 212, -165, -73, 112, -39, -112, 170, 
239, 322, 82, -280, 78, 202, -161, -68, 112, -39, -112, 175, 
239, 312, 73, -275, 82, 192, -156, -68, 112, -39, -117, 175, 
239, 307, 68, -273, 85, 187, -151, -68, 112, -39, -117, 180, 
248, 317, 68, -283, 90, 192, -161, -78, 107, -43, -131, 170, 
248, 317, 68, -283, 90, 192, -161, -78, 107, -48, -131, 165, 
248, 312, 63, -280, 92, 187, -156, -78, 107, -53, -131, 165, 
248, 312, 63, -280, 92, 187, -156, -78, 107, -58, -131, 165, 
234, 302, 68, -268, 82, 185, -161, -78, 112, -48, -122, 170, 
234, 302, 68, -268, 82, 185, -165, -78, 112, -48, -122, 170, 
234, 297, 63, -265, 85, 180, -170, -78, 112, -48, -122, 170, 
239, 297, 58, -268, 90, 178, -175, -78, 112, -43, -117, 170, 
229, 297, 68, -263, 80, 183, -165, -78, 122, -43, -117, 161, 
229, 302, 73, -265, 78, 187, -165, -78, 122, -48, -122, 161, 
229, 307, 78, -268, 75, 192, -165, -82, 122, -53, -122, 161, 
229, 307, 78, -268, 75, 192, -165, -82, 122, -53, -122, 165, 
239, 317, 78, -278, 80, 197, -175, -92, 122, -63, -122, 156, 
239, 322, 82, -280, 78, 202, -175, -92, 122, -63, -126, 156, 
239, 326, 87, -283, 75, 207, -175, -87, 122, -58, -126, 156, 
239, 326, 87, -283, 75, 207, -175, -87, 126, -58, -126, 151, 
248, 326, 78, -287, 85, 202, -185, -78, 117, -58, -131, 161, 
248, 322, 73, -285, 87, 197, -185, -78, 117, -58, -131, 161, 
248, 317, 68, -283, 90, 192, -190, -78, 117, -58, -131, 161, 
248, 317, 68, -283, 90, 192, -190, -78, 117, -58, -131, 161, 
253, 312, 58, -283, 97, 185, -175, -78, 126, -43, -122, 165, 
253, 307, 53, -280, 100, 180, -175, -78, 126, -43, -122, 170, 
258, 302, 43, -280, 107, 173, -175, -78, 126, -43, -122, 175, 
258, 297, 39, -278, 109, 168, -180, -78, 126, -39, -122, 180, 
248, 307, 58, -278, 95, 183, -180, -78, 126, -39, -117, 180, 
248, 317, 68, -283, 90, 192, -180, -78, 126, -39, -117, 180, 
248, 317, 68, -283, 90, 192, -180, -82, 126, -39, -117, 180, 
248, 317, 68, -283, 90, 192, -180, -82, 126, -43, -117, 180, 
248, 322, 73, -285, 87, 197, -180, -82, 117, -34, -117, 180, 
248, 322, 73, -285, 87, 197, -180, -82, 117, -34, -117, 180, 
248, 322, 73, -285, 87, 197, -180, -82, 117, -34, -117, 180, 
248, 336, 87, -292, 80, 212, -180, -82, 117, -34, -117, 180, 
248, 317, 68, -283, 90, 192, -190, -82, 117, -34, -107, 180, 
248, 307, 58, -278, 95, 183, -190, -82, 117, -34, -102, 180, 
248, 307, 58, -278, 95, 183, -190, -82, 117, -34, -102, 185, 
244, 312, 68, -278, 87, 190, -195, -82, 122, -34, -102, 185, 
253, 312, 58, -283, 97, 185, -190, -73, 122, -43, -102, 185, 
253, 312, 58, -283, 97, 185, -190, -73, 117, -43, -102, 185, 
253, 312, 58, -283, 97, 185, -190, -82, 117, -43, -102, 190, 
258, 312, 53, -285, 102, 183, -190, -82, 117, -43, -102, 190, 
258, 322, 63, -290, 97, 192, -190, -82, 117, -43, -112, 190, 
258, 322, 63, -290, 97, 192, -185, -78, 117, -43, -112, 195, 
258, 322, 63, -290, 97, 192, -185, -78, 117, -43, -112, 195, 
263, 326, 63, -295, 100, 195, -185, -78, 112, -48, -112, 190, 
263, 317, 53, -290, 104, 185, -185, -78, 112, -48, -112, 180, 
263, 312, 48, -287, 107, 180, -185, -78, 112, -48, -112, 190, 
263, 307, 43, -285, 109, 175, -185, -78, 112, -43, -107, 195, 
263, 307, 43, -285, 109, 175, -190, -82, 112, -43, -107, 195, 
253, 322, 68, -287, 92, 195, -190, -92, 112, -48, -112, 180, 
253, 322, 68, -287, 92, 195, -185, -92, 112, -48, -112, 180, 
253, 322, 68, -287, 92, 195, -185, -87, 112, -53, -112, 180, 
253, 322, 68, -287, 92, 195, -185, -87, 112, -58, -112, 180, 
263, 322, 58, -292, 102, 190, -190, -92, 107, -58, -122, 180, 
263, 322, 58, -292, 102, 190, -195, -97, 102, -63, -122, 180, 
263, 331, 68, -297, 97, 200, -200, -107, 102, -63, -126, 175, 
263, 331, 68, -297, 97, 200, -204, -112, 107, -58, -126, 175, 
263, 312, 48, -287, 107, 180, -204, -122, 97, -68, -112, 180, 
263, 307, 43, -285, 109, 175, -204, -122, 97, -68, -112, 180, 
263, 307, 43, -285, 109, 175, -204, -122, 97, -68, -117, 170, 
263, 312, 48, -287, 107, 180, -204, -126, 92, -68, -126, 170, 
263, 302, 39, -283, 112, 170, -195, -122, 97, -58, -117, 175, 
263, 292, 29, -278, 117, 161, -195, -117, 102, -58, -117, 175, 
263, 292, 29, -278, 117, 161, -200, -112, 107, -58, -117, 180, 
263, 297, 34, -280, 114, 165, -204, -107, 107, -63, -117, 180, 
273, 302, 29, -287, 122, 165, -204, -117, 97, -68, -126, 170, 
273, 307, 34, -290, 119, 170, -204, -117, 97, -68, -126, 165, 
273, 307, 34, -290, 119, 170, -200, -112, 97, -68, -117, 161, 
273, 302, 29, -287, 122, 165, -200, -112, 97, -68, -117, 156, 
263, 302, 39, -283, 112, 170, -209, -117, 97, -78, -126, 165, 
263, 307, 43, -285, 109, 175, -209, -122, 97, -78, -126, 165, 
263, 312, 48, -287, 107, 180, -209, -131, 97, -82, -126, 165, 
263, 312, 48, -287, 107, 180, -209, -136, 97, -82, -126, 165, 
268, 312, 43, -290, 112, 178, -219, -126, 87, -92, -131, 165, 
268, 312, 43, -290, 112, 178, -219, -126, 87, -92, -131, 161, 
268, 317, 48, -292, 109, 183, -219, -126, 87, -92, -136, 156, 
268, 326, 58, -297, 104, 192, -219, -126, 82, -97, -141, 146, 
268, 322, 53, -295, 107, 187, -209, -126, 92, -102, -146, 156, 
263, 317, 53, -290, 104, 185, -209, -126, 92, -102, -146, 156, 
263, 312, 48, -287, 107, 180, -209, -126, 92, -102, -146, 156, 
263, 302, 39, -283, 112, 170, -209, -126, 92, -102, -146, 161, 
253, 297, 43, -275, 104, 170, -204, -117, 102, -92, -141, 170, 
253, 292, 39, -273, 107, 165, -204, -117, 102, -92, -141, 170, 
253, 292, 39, -273, 107, 165, -204, -117, 102, -92, -136, 170, 
253, 292, 39, -273, 107, 165, -204, -117, 102, -92, -136, 170, 
263, 322, 58, -292, 102, 190, -214, -117, 92, -92, -136, 161, 
263, 312, 48, -287, 107, 180, -214, -117, 87, -97, -136, 156, 
263, 297, 34, -280, 114, 165, -204, -117, 97, -87, -126, 156, 
263, 292, 29, -278, 117, 161, -204, -117, 97, -87, -126, 156, 
263, 287, 24, -275, 119, 156, -204, -117, 97, -87, -126, 156, 
263, 283, 19, -273, 122, 151, -204, -117, 97, -87, -126, 156, 
273, 297, 24, -285, 124, 161, -209, -122, 92, -97, -131, 151, 
273, 302, 29, -287, 122, 165, -214, -126, 87, -107, -136, 146, 
273, 317, 43, -295, 114, 180, -214, -126, 82, -107, -141, 141, 
273, 331, 58, -302, 107, 195, -219, -131, 78, -107, -151, 131, 
268, 322, 53, -295, 107, 187, -209, -126, 78, -97, -151, 141, 
258, 312, 53, -285, 102, 183, -209, -126, 82, -97, -146, 141, 
253, 302, 48, -278, 102, 175, -209, -122, 87, -92, -141, 141, 
248, 287, 39, -268, 104, 163, -209, -122, 92, -92, -141, 141, 
263, 297, 34, -280, 114, 165, -209, -126, 82, -92, -151, 146, 
263, 307, 43, -285, 109, 175, -209, -126, 87, -92, -146, 146, 
263, 307, 43, -285, 109, 175, -209, -126, 87, -92, -141, 146, 
263, 307, 43, -285, 109, 175, -209, -131, 97, -92, -141, 146, 
268, 317, 48, -292, 109, 183, -200, -126, 112, -82, -131, 161, 
268, 317, 48, -292, 109, 183, -200, -122, 112, -73, -122, 170, 
273, 317, 43, -295, 114, 180, -200, -117, 117, -68, -117, 180, 
273, 326, 53, -300, 109, 190, -200, -112, 126, -58, -112, 190, 
273, 341, 68, -307, 102, 204, -214, -117, 126, -63, -117, 190, 
273, 366, 92, -319, 90, 229, -219, -117, 126, -68, -122, 190, 
273, 380, 107, -326, 82, 244, -224, -122, 131, -63, -122, 185, 
273, 400, 126, -336, 73, 263, -229, -126, 131, -63, -122, 185, 
283, 395, 112, -339, 85, 253, -229, -117, 131, -58, -117, 175, 
283, 390, 107, -336, 87, 248, -224, -117, 136, -58, -107, 175, 
283, 370, 87, -326, 97, 229, -209, -112, 141, -53, -97, 180, 
283, 366, 82, -324, 100, 224, -209, -107, 146, -53, -92, 180, 
292, 370, 78, -331, 107, 224, -209, -102, 141, -53, -97, 180, 
292, 370, 78, -331, 107, 224, -209, -102, 141, -53, -102, 180, 
292, 380, 87, -336, 102, 234, -209, -107, 141, -53, -112, 180, 
292, 385, 92, -339, 100, 239, -214, -107, 141, -53, -117, 175, 
283, 380, 97, -331, 92, 239, -214, -97, 151, -43, -107, 185, 
283, 380, 97, -331, 92, 239, -214, -97, 161, -39, -102, 185, 
283, 380, 97, -331, 92, 239, -219, -97, 165, -34, -102, 190, 
283, 375, 92, -329, 95, 234, -234, -107, 170, -34, -97, 190, 
283, 385, 102, -334, 90, 244, -253, -131, 165, -43, -87, 195, 
287, 400, 112, -344, 87, 256, -263, -146, 165, -43, -87, 190, 
287, 405, 117, -346, 85, 261, -268, -156, 165, -43, -78, 190, 
297, 409, 112, -353, 92, 261, -278, -161, 165, -34, -68, 195, 
302, 409, 107, -356, 97, 258, -283, -156, 156, -34, -78, 209, 
302, 414, 112, -358, 95, 263, -292, -165, 151, -34, -78, 209, 
302, 424, 122, -363, 90, 273, -297, -170, 151, -34, -68, 214, 
302, 419, 117, -361, 92, 268, -297, -175, 151, -34, -68, 214, 
317, 419, 102, -368, 107, 261, -307, -175, 151, -43, -78, 214, 
317, 409, 92, -363, 112, 251, -307, -161, 141, -39, -78, 219, 
322, 395, 73, -358, 124, 234, -302, -151, 141, -39, -78, 224, 
331, 385, 53, -358, 139, 219, -302, -141, 136, -43, -73, 229, 
336, 395, 58, -366, 139, 226, -302, -141, 131, -43, -73, 229, 
336, 385, 48, -361, 143, 217, -302, -141, 126, -48, -73, 229, 
336, 366, 29, -351, 153, 197, -297, -136, 122, -58, -78, 229, 
341, 356, 14, -348, 163, 185, -297, -136, 112, -73, -97, 219, 
331, 356, 24, -344, 153, 190, -297, -136, 92, -92, -107, 200, 
341, 361, 19, -351, 161, 190, -297, -146, 87, -92, -107, 200, 
331, 366, 34, -348, 148, 200, -297, -146, 87, -92, -107, 204, 
326, 366, 39, -346, 143, 202, -287, -141, 87, -92, -107, 204, 
326, 351, 24, -339, 151, 187, -273, -151, 82, -87, -112, 190, 
312, 346, 34, -329, 139, 190, -263, -146, 82, -97, -117, 180, 
297, 341, 43, -319, 126, 192, -258, -146, 82, -97, -122, 175, 
292, 336, 43, -314, 124, 190, -253, -146, 78, -107, -136, 165, 
287, 312, 24, -300, 131, 168, -258, -156, 78, -117, -156, 151, 
287, 307, 19, -297, 134, 163, -253, -151, 73, -117, -156, 146, 
283, 302, 19, -292, 131, 161, -248, -151, 68, -117, -156, 146, 
283, 302, 19, -292, 131, 161, -248, -156, 68, -122, -161, 141, 
287, 297, 9, -292, 139, 153, -253, -146, 78, -112, -161, 136, 
283, 297, 14, -290, 134, 156, -248, -146, 78, -112, -156, 136, 
283, 307, 24, -295, 129, 165, -248, -146, 73, -117, -151, 131, 
283, 297, 14, -290, 134, 156, -248, -146, 73, -117, -146, 126, 
283, 283, 0, -283, 141, 141, -234, -126, 82, -117, -161, 126, 
278, 263, -14, -270, 146, 124, -229, -122, 82, -117, -161, 131, 
273, 253, -19, -263, 146, 117, -229, -122, 82, -122, -161, 136, 
263, 248, -14, -256, 139, 117, -229, -122, 78, -122, -165, 136, 
258, 258, 0, -258, 129, 129, -229, -117, 68, -141, -161, 136, 
253, 248, -4, -251, 129, 122, -229, -117, 58, -141, -161, 131, 
253, 253, 0, -253, 126, 126, -229, -117, 58, -146, -165, 126, 
253, 258, 4, -256, 124, 131, -229, -122, 58, -151, -170, 126, 
263, 244, -19, -253, 141, 112, -239, -112, 58, -141, -170, 126, 
263, 244, -19, -253, 141, 112, -234, -107, 58, -141, -170, 126, 
263, 248, -14, -256, 139, 117, -234, -97, 58, -141, -165, 126, 
263, 248, -14, -256, 139, 117, -234, -107, 58, -141, -165, 126, 
263, 239, -24, -251, 143, 107, -234, -117, 63, -141, -175, 126, 
263, 239, -24, -251, 143, 107, -234, -117, 63, -131, -175, 126, 
268, 244, -24, -256, 146, 109, -234, -117, 63, -131, -175, 126, 
268, 253, -14, -261, 141, 119, -234, -117, 58, -131, -175, 126, 
258, 263, 4, -261, 126, 134, -234, -122, 58, -136, -175, 117, 
253, 263, 9, -258, 122, 136, -234, -126, 63, -141, -175, 117, 
253, 253, 0, -253, 126, 126, -229, -131, 63, -146, -170, 122, 
253, 253, 0, -253, 126, 126, -229, -136, 68, -151, -170, 122, 
273, 248, -24, -261, 148, 112, -229, -131, 78, -131, -170, 122, 
263, 253, -9, -258, 136, 122, -229, -107, 82, -117, -161, 122, 
263, 244, -19, -253, 141, 112, -204, -82, 102, -117, -165, 112, 
268, 229, -39, -248, 153, 95, -190, -53, 126, -122, -190, 78, 
258, 239, -19, -248, 139, 109, -175, -29, 136, -112, -214, 48, 
263, 239, -24, -251, 143, 107, -175, -24, 170, -78, -204, 39, 
278, 253, -24, -265, 151, 114, -175, -4, 209, -34, -161, 48, 
312, 307, -4, -309, 158, 151, -190, 0, 248, 9, -117, 82, 
346, 414, 68, -380, 139, 241, -234, -29, 283, 68, -43, 165, 
366, 502, 136, -434, 114, 319, -273, -34, 312, 136, 58, 283, 
424, 551, 126, -488, 148, 339, -312, -14, 322, 195, 175, 419, 
497, 624, 126, -561, 185, 375, -375, -9, 297, 248, 302, 585, 
590, 741, 151, -666, 219, 446, -468, -63, 283, 341, 473, 810, 
688, 854, 165, -771, 261, 509, -575, -117, 273, 448, 668, 1073, 
824, 961, 136, -893, 344, 549, -692, -190, 253, 522, 863, 1361, 
956, 1073, 117, -1015, 419, 595, -819, -307, 200, 595, 1093, 1693, 
1034, 1205, 170, -1119, 431, 688, -966, -488, 107, 629, 1263, 1986, 
1068, 1273, 204, -1171, 431, 739, -1068, -639, 14, 580, 1351, 2171, 
1068, 1283, 214, -1176, 427, 749, -1112, -717, -78, 517, 1366, 2269, 
1054, 1239, 185, -1146, 434, 712, -1122, -756, -185, 424, 1302, 2239, 
985, 1058, 73, -1022, 456, 566, -1049, -727, -263, 268, 1098, 2030, 
888, 854, -34, -871, 461, 409, -951, -673, -326, 122, 863, 1751, 
775, 751, -24, -763, 400, 363, -873, -673, -380, 14, 663, 1503, 
649, 678, 29, -663, 309, 353, -790, -683, -400, -117, 405, 1161, 
497, 541, 43, -519, 226, 292, -658, -688, -405, -297, 58, 702, 
375, 395, 19, -385, 178, 207, -531, -663, -414, -468, -244, 307, 
297, 278, -19, -287, 158, 129, -458, -605, -458, -575, -400, 112, 
258, 195, -63, -226, 161, 65, -395, -527, -468, -600, -453, 48, 
248, 126, -122, -187, 185, 2, -341, -429, -444, -610, -492, -29, 
239, 92, -146, -165, 192, -26, -302, -341, -405, -595, -512, -68, 
229, 102, -126, -165, 178, -12, -287, -287, -346, -541, -478, -58, 
229, 117, -112, -173, 170, 2, -268, -248, -283, -488, -439, -29, 
229, 122, -107, -175, 168, 7, -268, -239, -253, -463, -429, -24, 
248, 122, -126, -185, 187, -2, -278, -224, -239, -448, -409, -19, 
248, 126, -122, -187, 185, 2, -268, -204, -195, -414, -385, -4, 
253, 117, -136, -185, 195, -9, -248, -190, -136, -380, -366, -4, 
244, 126, -117, -185, 180, 4, -248, -185, -107, -361, -361, -14, 
234, 146, -87, -190, 161, 29, -244, -190, -78, -336, -356, -14, 
229, 136, -92, -183, 161, 21, -219, -165, -34, -292, -331, -9, 
239, 126, -112, -183, 175, 7, -209, -141, 4, -258, -312, -4, 
239, 151, -87, -195, 163, 31, -209, -141, 9, -248, -307, -9, 
229, 156, -73, -192, 151, 41, -214, -146, 14, -239, -287, -4, 
229, 161, -68, -195, 148, 46, -214, -146, 14, -234, -278, 0, 
239, 165, -73, -202, 156, 46, -209, -141, 19, -234, -268, 4, 
244, 170, -73, -207, 158, 48, -209, -136, 24, -234, -263, 9, 
244, 170, -73, -207, 158, 48, -204, -126, 34, -224, -253, 19, 
244, 165, -78, -204, 161, 43, -200, -117, 43, -214, -253, 19, 
244, 161, -82, -202, 163, 39, -195, -117, 48, -214, -258, 19, 
244, 161, -82, -202, 163, 39, -195, -122, 53, -204, -263, 14, 
244, 161, -82, -202, 163, 39, -195, -122, 53, -204, -273, 14, 
244, 165, -78, -204, 161, 43, -195, -126, 53, -204, -268, 14, 
239, 165, -73, -202, 156, 46, -195, -126, 48, -204, -268, 14, 
239, 170, -68, -204, 153, 51, -195, -126, 48, -204, -268, 14, 
248, 161, -87, -204, 168, 36, -195, -117, 63, -209, -263, 24, 
248, 156, -92, -202, 170, 31, -195, -117, 68, -200, -258, 29, 
253, 156, -97, -204, 175, 29, -195, -112, 73, -200, -253, 39, 
253, 156, -97, -204, 175, 29, -200, -112, 73, -204, -253, 29, 
253, 175, -78, -214, 165, 48, -209, -117, 73, -214, -258, 24, 
253, 180, -73, -217, 163, 53, -209, -117, 68, -214, -263, 19, 
253, 185, -68, -219, 161, 58, -209, -122, 63, -209, -268, 14, 
253, 190, -63, -222, 158, 63, -209, -131, 58, -209, -273, 9, 
244, 190, -53, -217, 148, 68, -204, -122, 68, -204, -263, 19, 
244, 190, -53, -217, 148, 68, -204, -122, 68, -200, -268, 19, 
244, 190, -53, -217, 148, 68, -204, -122, 63, -200, -268, 19, 
244, 190, -53, -217, 148, 68, -204, -122, 63, -195, -268, 19, 
253, 170, -82, -212, 168, 43, -195, -112, 78, -195, -253, 24, 
253, 165, -87, -209, 170, 39, -195, -112, 82, -195, -248, 29, 
253, 161, -92, -207, 173, 34, -195, -107, 82, -195, -244, 34, 
253, 156, -97, -204, 175, 29, -190, -102, 87, -195, -239, 39, 
244, 151, -92, -197, 168, 29, -190, -102, 87, -195, -239, 29, 
244, 151, -92, -197, 168, 29, -190, -102, 87, -195, -239, 29, 
244, 156, -87, -200, 165, 34, -195, -102, 82, -200, -239, 29, 
244, 161, -82, -202, 163, 39, -195, -102, 82, -200, -239, 29, 
234, 156, -78, -195, 156, 39, -195, -92, 82, -200, -248, 29, 
234, 156, -78, -195, 156, 39, -195, -92, 82, -195, -248, 29, 
234, 156, -78, -195, 156, 39, -195, -92, 82, -195, -248, 29, 
234, 151, -82, -192, 158, 34, -195, -92, 82, -195, -248, 29, 
244, 141, -102, -192, 173, 19, -204, -92, 78, -195, -253, 34, 
244, 146, -97, -195, 170, 24, -204, -97, 78, -195, -253, 34, 
244, 151, -92, -197, 168, 29, -204, -102, 78, -195, -253, 34, 
248, 156, -92, -202, 170, 31, -200, -102, 82, -190, -253, 34, 
248, 161, -87, -204, 168, 36, -200, -102, 78, -200, -263, 34, 
248, 170, -78, -209, 163, 46, -204, -107, 73, -200, -263, 34, 
244, 180, -63, -212, 153, 58, -204, -107, 63, -195, -263, 34, 
244, 185, -58, -214, 151, 63, -200, -102, 58, -195, -263, 34, 
244, 180, -63, -212, 153, 58, -200, -92, 58, -195, -253, 24, 
244, 175, -68, -209, 156, 53, -200, -87, 68, -185, -253, 24, 
244, 156, -87, -200, 165, 34, -200, -87, 68, -180, -244, 29, 
244, 161, -82, -202, 163, 39, -200, -87, 68, -180, -244, 29, 
253, 170, -82, -212, 168, 43, -190, -97, 58, -190, -248, 24, 
253, 170, -82, -212, 168, 43, -195, -92, 53, -190, -248, 24, 
253, 165, -87, -209, 170, 39, -195, -92, 53, -190, -248, 29, 
253, 161, -92, -207, 173, 34, -195, -87, 58, -190, -244, 29, 
244, 170, -73, -207, 158, 48, -204, -87, 58, -180, -244, 34, 
244, 170, -73, -207, 158, 48, -200, -87, 58, -180, -244, 34, 
248, 165, -82, -207, 165, 41, -200, -87, 58, -180, -234, 39, 
248, 165, -82, -207, 165, 41, -200, -87, 58, -175, -234, 39, 
253, 165, -87, -209, 170, 39, -204, -78, 58, -175, -234, 48, 
253, 175, -78, -214, 165, 48, -209, -78, 58, -180, -234, 53, 
253, 175, -78, -214, 165, 48, -209, -73, 58, -180, -229, 53, 
253, 180, -73, -217, 163, 53, -209, -73, 58, -175, -229, 53, 
253, 185, -68, -219, 161, 58, -209, -63, 58, -175, -229, 53, 
258, 185, -73, -222, 165, 56, -214, -63, 58, -175, -224, 53, 
258, 185, -73, -222, 165, 56, -214, -58, 63, -165, -219, 68, 
258, 190, -68, -224, 163, 61, -214, -58, 63, -165, -219, 68, 
258, 185, -73, -222, 165, 56, -209, -43, 63, -165, -219, 68, 
263, 185, -78, -224, 170, 53, -209, -39, 68, -165, -219, 78, 
268, 190, -78, -229, 173, 56, -209, -34, 68, -161, -214, 82, 
273, 190, -82, -231, 178, 53, -209, -34, 68, -156, -209, 82, 
273, 180, -92, -226, 183, 43, -209, -29, 78, -151, -209, 92, 
273, 180, -92, -226, 183, 43, -209, -24, 78, -146, -200, 102, 
278, 185, -92, -231, 185, 46, -209, -19, 78, -141, -195, 107, 
283, 200, -82, -241, 183, 58, -219, -14, 78, -136, -190, 112, 
287, 204, -82, -246, 185, 61, -229, -14, 73, -146, -185, 117, 
297, 209, -87, -253, 192, 61, -229, -19, 78, -136, -175, 117, 
302, 214, -87, -258, 195, 63, -239, -19, 78, -126, -170, 117, 
302, 229, -73, -265, 187, 78, -244, -24, 82, -122, -165, 126, 
297, 229, -68, -263, 183, 80, -234, -14, 102, -107, -151, 146, 
302, 229, -73, -265, 187, 78, -239, -14, 102, -102, -141, 156, 
302, 234, -68, -268, 185, 82, -239, -14, 107, -97, -131, 165, 
307, 239, -68, -273, 187, 85, -244, -14, 107, -92, -122, 180, 
322, 244, -78, -283, 200, 82, -258, -4, 107, -78, -117, 200, 
326, 253, -73, -290, 200, 90, -258, -4, 107, -78, -112, 209, 
331, 268, -63, -300, 197, 102, -263, -4, 112, -68, -97, 229, 
336, 268, -68, -302, 202, 100, -268, -4, 122, -53, -87, 239, 
341, 278, -63, -309, 202, 107, -273, -4, 122, -58, -78, 248, 
346, 292, -53, -319, 200, 119, -278, -4, 117, -48, -63, 258, 
346, 302, -43, -324, 195, 129, -283, -4, 117, -43, -53, 258, 
351, 322, -29, -336, 190, 146, -292, -4, 117, -34, -43, 258, 
356, 331, -24, -344, 190, 153, -283, -4, 117, -24, -43, 287, 
361, 336, -24, -348, 192, 156, -287, -4, 122, -14, -39, 292, 
366, 346, -19, -356, 192, 163, -287, -4, 122, -9, -29, 312, 
366, 351, -14, -358, 190, 168, -292, -4, 122, -4, -19, 317, 
366, 346, -19, -356, 192, 163, -297, -14, 136, -14, -9, 326, 
366, 361, -4, -363, 185, 178, -302, -14, 136, -9, -4, 331, 
366, 366, 0, -366, 183, 183, -302, -14, 136, 0, 9, 341, 
375, 370, -4, -373, 190, 183, -307, -24, 146, 4, 19, 351, 
385, 375, -9, -380, 197, 183, -312, -24, 136, 4, 14, 346, 
385, 390, 4, -387, 190, 197, -317, -24, 136, 9, 14, 346, 
385, 390, 4, -387, 190, 197, -317, -24, 136, 9, 19, 356, 
385, 395, 9, -390, 187, 202, -317, -24, 141, 14, 24, 366, 
380, 395, 14, -387, 183, 204, -312, -19, 151, 4, 39, 375, 
380, 395, 14, -387, 183, 204, -317, -29, 146, 4, 39, 380, 
380, 395, 14, -387, 183, 204, -322, -29, 146, 4, 43, 385, 
375, 395, 19, -385, 178, 207, -322, -29, 151, 9, 43, 390, 
366, 395, 29, -380, 168, 212, -322, -24, 151, 19, 48, 390, 
370, 400, 29, -385, 170, 214, -326, -29, 151, 19, 53, 395, 
370, 400, 29, -385, 170, 214, -326, -29, 151, 19, 58, 400, 
370, 400, 29, -385, 170, 214, -326, -34, 156, 19, 58, 400, 
375, 400, 24, -387, 175, 212, -336, -39, 156, 29, 53, 395, 
375, 405, 29, -390, 173, 217, -341, -43, 156, 29, 53, 390, 
375, 414, 39, -395, 168, 226, -341, -48, 156, 24, 48, 385, 
375, 419, 43, -397, 165, 231, -341, -48, 156, 19, 34, 370, 
370, 424, 53, -397, 158, 239, -326, -48, 165, 14, 39, 370, 
356, 424, 68, -390, 143, 246, -322, -48, 165, 14, 34, 370, 
346, 424, 78, -385, 134, 251, -322, -53, 170, 9, 29, 361, 
336, 419, 82, -378, 126, 251, -317, -58, 170, 9, 24, 356, 
341, 409, 68, -375, 136, 239, -312, -68, 170, 19, 29, 336, 
336, 400, 63, -368, 136, 231, -312, -73, 170, 9, 19, 326, 
331, 400, 68, -366, 131, 234, -312, -73, 165, 4, 4, 312, 
331, 390, 58, -361, 136, 224, -302, -73, 165, 0, -4, 302, 
322, 380, 58, -351, 131, 219, -307, -87, 156, -14, -19, 297, 
317, 370, 53, -344, 131, 212, -307, -87, 156, -19, -29, 287, 
312, 366, 53, -339, 129, 209, -302, -87, 156, -29, -39, 283, 
312, 351, 39, -331, 136, 195, -297, -92, 156, -29, -39, 278, 
297, 346, 48, -322, 124, 197, -302, -82, 151, -29, -43, 268, 
297, 346, 48, -322, 124, 197, -297, -82, 141, -34, -58, 253, 
297, 346, 48, -322, 124, 197, -297, -87, 141, -43, -63, 244, 
297, 351, 53, -324, 122, 202, -297, -92, 141, -48, -73, 234, 
292, 341, 48, -317, 122, 195, -292, -87, 136, -53, -78, 229, 
287, 326, 39, -307, 124, 183, -283, -82, 141, -53, -82, 224, 
283, 302, 19, -292, 131, 161, -273, -78, 146, -48, -82, 219, 
283, 292, 9, -287, 136, 151, -268, -73, 151, -48, -82, 214, 
273, 283, 9, -278, 131, 146, -253, -78, 156, -48, -73, 219, 
268, 273, 4, -270, 131, 139, -253, -78, 156, -48, -78, 214, 
268, 268, 0, -268, 134, 134, -253, -78, 156, -58, -82, 214, 
268, 258, -9, -263, 139, 124, -253, -78, 151, -63, -82, 209, 
273, 268, -4, -270, 139, 131, -248, -78, 146, -58, -97, 195, 
273, 263, -9, -268, 141, 126, -248, -73, 141, -58, -102, 190, 
273, 263, -9, -268, 141, 126, -248, -73, 141, -58, -107, 185, 
273, 263, -9, -268, 141, 126, -248, -78, 141, -63, -112, 180, 
278, 268, -9, -273, 143, 129, -253, -87, 136, -73, -122, 175, 
268, 278, 9, -273, 129, 143, -253, -82, 126, -78, -126, 170, 
268, 287, 19, -278, 124, 153, -253, -82, 122, -82, -126, 165, 
268, 278, 9, -273, 129, 143, -248, -82, 122, -82, -126, 156, 
268, 263, -4, -265, 136, 129, -248, -73, 131, -82, -122, 161, 
273, 258, -14, -265, 143, 122, -248, -73, 131, -82, -122, 165, 
273, 258, -14, -265, 143, 122, -248, -73, 126, -82, -122, 170, 
268, 253, -14, -261, 141, 119, -248, -73, 122, -82, -126, 175, 
263, 258, -4, -261, 134, 126, -239, -73, 122, -92, -117, 170, 
263, 258, -4, -261, 134, 126, -239, -73, 122, -92, -117, 170, 
258, 244, -14, -251, 136, 114, -239, -73, 117, -92, -117, 170, 
248, 253, 4, -251, 122, 129, -239, -73, 117, -97, -122, 170, 
258, 248, -9, -253, 134, 119, -229, -73, 112, -97, -131, 165, 
258, 244, -14, -251, 136, 114, -229, -68, 112, -97, -131, 165, 
258, 239, -19, -248, 139, 109, -229, -68, 112, -97, -136, 161, 
258, 239, -19, -248, 139, 109, -229, -68, 112, -97, -136, 161, 
258, 244, -14, -251, 136, 114, -239, -78, 117, -107, -141, 151, 
258, 248, -9, -253, 134, 119, -239, -78, 117, -107, -141, 146, 
258, 248, -9, -253, 134, 119, -234, -78, 117, -107, -141, 146, 
258, 253, -4, -256, 131, 124, -234, -78, 117, -107, -141, 146, 
253, 263, 9, -258, 122, 136, -234, -87, 112, -107, -151, 151, 
253, 263, 9, -258, 122, 136, -234, -87, 112, -107, -151, 151, 
253, 258, 4, -256, 124, 131, -234, -87, 112, -107, -151, 151, 
258, 258, 0, -258, 129, 129, -234, -87, 112, -102, -146, 151, 
248, 253, 4, -251, 122, 129, -224, -82, 122, -97, -136, 151, 
248, 253, 4, -251, 122, 129, -224, -78, 122, -97, -141, 151, 
248, 253, 4, -251, 122, 129, -224, -78, 122, -97, -141, 151, 
248, 248, 0, -248, 124, 124, -224, -73, 122, -92, -141, 156, 
248, 248, 0, -248, 124, 124, -234, -63, 122, -92, -131, 146, 
248, 253, 4, -251, 122, 129, -234, -63, 122, -92, -136, 146, 
248, 258, 9, -253, 119, 134, -234, -58, 122, -87, -136, 146, 
248, 258, 9, -253, 119, 134, -234, -58, 126, -87, -136, 141, 
248, 268, 19, -258, 114, 143, -244, -68, 117, -87, -141, 151, 
248, 263, 14, -256, 117, 139, -244, -68, 117, -87, -141, 151, 
248, 258, 9, -253, 119, 134, -248, -68, 117, -87, -141, 151, 
248, 258, 9, -253, 119, 134, -248, -68, 117, -87, -141, 151, 
234, 248, 14, -241, 109, 131, -234, -68, 126, -82, -131, 156, 
234, 248, 14, -241, 109, 131, -234, -68, 126, -82, -131, 161, 
239, 248, 9, -244, 114, 129, -234, -68, 126, -82, -131, 165, 
239, 248, 9, -244, 114, 129, -239, -68, 126, -78, -131, 170, 
239, 248, 9, -244, 114, 129, -239, -58, 117, -78, -136, 161, 
239, 258, 19, -248, 109, 139, -239, -58, 117, -78, -136, 161, 
239, 258, 19, -248, 109, 139, -239, -63, 117, -78, -136, 161, 
239, 258, 19, -248, 109, 139, -239, -63, 117, -82, -136, 161, 
239, 263, 24, -251, 107, 143, -248, -63, 117, -73, -136, 161, 
239, 263, 24, -251, 107, 143, -248, -63, 117, -73, -136, 161, 
239, 263, 24, -251, 107, 143, -248, -63, 117, -73, -136, 161, 
239, 278, 39, -258, 100, 158, -248, -63, 117, -73, -136, 161, 
248, 258, 9, -253, 119, 134, -239, -53, 126, -73, -131, 170, 
248, 248, 0, -248, 124, 124, -239, -53, 126, -73, -122, 170, 
248, 248, 0, -248, 124, 124, -239, -53, 126, -73, -117, 175, 
244, 253, 9, -248, 117, 131, -244, -53, 131, -73, -112, 175, 
244, 263, 19, -253, 112, 141, -258, -58, 126, -87, -126, 165, 
244, 273, 29, -258, 107, 151, -258, -63, 117, -92, -131, 165, 
244, 283, 39, -263, 102, 161, -258, -78, 112, -97, -136, 170, 
248, 292, 43, -270, 102, 168, -258, -82, 107, -102, -141, 170, 
239, 273, 34, -256, 102, 153, -258, -73, 117, -92, -136, 161, 
239, 263, 24, -251, 107, 143, -253, -68, 117, -92, -131, 165, 
239, 253, 14, -246, 112, 134, -253, -68, 117, -92, -126, 165, 
244, 248, 4, -246, 119, 126, -253, -68, 112, -97, -122, 161, 
253, 248, -4, -251, 129, 122, -244, -68, 102, -97, -122, 170, 
253, 244, -9, -248, 131, 117, -244, -68, 102, -97, -122, 180, 
253, 239, -14, -246, 134, 112, -244, -68, 102, -92, -117, 185, 
253, 239, -14, -246, 134, 112, -248, -73, 102, -92, -117, 185, 
248, 244, -4, -246, 126, 119, -239, -73, 102, -97, -131, 170, 
244, 244, 0, -244, 122, 122, -234, -73, 102, -97, -131, 170, 
239, 244, 4, -241, 117, 124, -234, -68, 102, -102, -131, 170, 
234, 244, 9, -239, 112, 126, -234, -68, 102, -107, -131, 170, 
234, 253, 19, -244, 107, 136, -239, -78, 97, -107, -131, 170, 
234, 253, 19, -244, 107, 136, -244, -78, 92, -112, -131, 170, 
234, 263, 29, -248, 102, 146, -248, -82, 92, -112, -136, 165, 
234, 263, 29, -248, 102, 146, -253, -82, 97, -107, -136, 165, 
234, 244, 9, -239, 112, 126, -244, -73, 97, -107, -131, 180, 
234, 239, 4, -236, 114, 122, -244, -73, 97, -107, -131, 180, 
234, 239, 4, -236, 114, 122, -244, -73, 97, -107, -136, 170, 
234, 244, 9, -239, 112, 126, -244, -78, 92, -107, -146, 170, 
234, 253, 19, -244, 107, 136, -244, -78, 92, -117, -136, 161, 
234, 244, 9, -239, 112, 126, -244, -78, 92, -117, -136, 156, 
234, 244, 9, -239, 112, 126, -248, -78, 92, -117, -136, 156, 
234, 248, 14, -241, 109, 131, -253, -78, 87, -122, -136, 151, 
224, 239, 14, -231, 104, 126, -244, -78, 87, -117, -146, 156, 
224, 239, 14, -231, 104, 126, -244, -78, 87, -117, -146, 156, 
224, 234, 9, -229, 107, 122, -239, -73, 87, -117, -136, 156, 
224, 224, 0, -224, 112, 112, -239, -73, 87, -117, -136, 156, 
234, 224, -9, -229, 122, 107, -248, -73, 87, -126, -146, 165, 
234, 229, -4, -231, 119, 112, -248, -73, 87, -126, -146, 165, 
234, 234, 0, -234, 117, 117, -248, -78, 87, -131, -146, 165, 
234, 234, 0, -234, 117, 117, -248, -78, 87, -131, -146, 165, 
229, 234, 4, -231, 112, 119, -248, -87, 78, -141, -156, 165, 
229, 234, 4, -231, 112, 119, -248, -87, 78, -141, -151, 161, 
229, 239, 9, -234, 109, 124, -248, -87, 78, -141, -151, 156, 
229, 248, 19, -239, 104, 134, -248, -87, 73, -146, -151, 146, 
229, 239, 9, -234, 109, 124, -239, -82, 73, -146, -156, 136, 
224, 239, 14, -231, 104, 126, -239, -78, 73, -141, -156, 136, 
224, 239, 14, -231, 104, 126, -239, -73, 73, -136, -156, 136, 
224, 234, 9, -229, 107, 122, -239, -68, 73, -131, -156, 141, 
224, 253, 29, -239, 97, 141, -244, -78, 73, -151, -165, 131, 
224, 234, 9, -229, 107, 122, -234, -78, 73, -141, -161, 141, 
224, 244, 19, -234, 102, 131, -234, -78, 78, -136, -165, 146, 
224, 239, 14, -231, 104, 126, -234, -78, 78, -136, -156, 136, 
224, 234, 9, -229, 107, 122, -234, -78, 78, -136, -156, 136, 
224, 229, 4, -226, 109, 117, -234, -78, 78, -136, -156, 136, 
224, 224, 0, -224, 112, 112, -234, -78, 78, -136, -156, 136, 
224, 214, -9, -219, 117, 102, -234, -68, 68, -126, -156, 126, 
224, 204, -19, -214, 122, 92, -234, -68, 68, -136, -156, 126, 
224, 204, -19, -214, 122, 92, -229, -63, 68, -136, -156, 126, 
224, 204, -19, -214, 122, 92, -229, -63, 68, -136, -161, 122, 
224, 219, -4, -222, 114, 107, -239, -68, 73, -146, -156, 131, 
219, 224, 4, -222, 107, 114, -239, -68, 73, -146, -156, 131, 
219, 229, 9, -224, 104, 119, -239, -63, 73, -141, -156, 131, 
219, 229, 9, -224, 104, 119, -239, -63, 73, -141, -161, 131, 
214, 229, 14, -222, 100, 122, -239, -58, 63, -131, -151, 146, 
214, 239, 24, -226, 95, 131, -239, -58, 68, -131, -146, 146, 
214, 239, 24, -226, 95, 131, -239, -58, 68, -131, -141, 146, 
214, 239, 24, -226, 95, 131, -239, -63, 78, -131, -141, 146, 
219, 253, 34, -236, 92, 143, -229, -68, 82, -131, -151, 146, 
219, 258, 39, -239, 90, 148, -229, -73, 82, -122, -141, 151, 
224, 263, 39, -244, 92, 151, -229, -78, 87, -117, -136, 156, 
224, 278, 53, -251, 85, 165, -229, -82, 97, -107, -131, 161, 
224, 278, 53, -251, 85, 165, -229, -73, 102, -117, -141, 156, 
224, 287, 63, -256, 80, 175, -229, -68, 107, -117, -141, 161, 
224, 287, 63, -256, 80, 175, -229, -68, 117, -107, -136, 161, 
224, 292, 68, -258, 78, 180, -229, -68, 122, -102, -131, 165, 
214, 292, 78, -253, 68, 185, -229, -58, 122, -92, -126, 156, 
214, 292, 78, -253, 68, 185, -224, -58, 126, -87, -117, 156, 
214, 278, 63, -246, 75, 170, -209, -53, 131, -78, -107, 161, 
214, 278, 63, -246, 75, 170, -209, -48, 136, -73, -102, 161, 
214, 273, 58, -244, 78, 165, -209, -34, 131, -73, -102, 170, 
214, 273, 58, -244, 78, 165, -209, -34, 131, -73, -102, 170, 
214, 283, 68, -248, 73, 175, -209, -39, 131, -73, -107, 170, 
214, 287, 73, -251, 70, 180, -214, -39, 131, -73, -107, 165, 
224, 278, 53, -251, 85, 165, -214, -39, 141, -73, -117, 165, 
224, 283, 58, -253, 82, 170, -214, -39, 151, -68, -112, 165, 
224, 287, 63, -256, 80, 175, -219, -39, 156, -63, -112, 170, 
224, 287, 63, -256, 80, 175, -234, -48, 161, -63, -107, 170, 
214, 302, 87, -258, 63, 195, -244, -68, 146, -63, -107, 180, 
219, 322, 102, -270, 58, 212, -253, -78, 146, -63, -107, 180, 
219, 331, 112, -275, 53, 222, -258, -82, 146, -63, -97, 185, 
229, 341, 112, -285, 58, 226, -268, -82, 146, -53, -87, 195, 
234, 336, 102, -285, 65, 219, -283, -87, 136, -53, -78, 200, 
234, 346, 112, -290, 61, 229, -292, -97, 131, -53, -78, 200, 
234, 361, 126, -297, 53, 244, -297, -102, 131, -53, -68, 204, 
234, 361, 126, -297, 53, 244, -297, -107, 131, -53, -68, 204, 
248, 361, 112, -305, 68, 236, -297, -97, 141, -53, -68, 209, 
248, 351, 102, -300, 73, 226, -297, -82, 131, -48, -68, 219, 
253, 336, 82, -295, 85, 209, -292, -73, 131, -48, -68, 229, 
263, 326, 63, -295, 100, 195, -292, -63, 126, -53, -63, 239, 
258, 322, 63, -290, 97, 192, -283, -53, 112, -53, -68, 234, 
258, 307, 48, -283, 104, 178, -283, -53, 107, -58, -73, 229, 
258, 283, 24, -270, 117, 153, -278, -48, 102, -68, -82, 224, 
263, 268, 4, -265, 129, 136, -278, -48, 92, -82, -107, 209, 
263, 278, 14, -270, 124, 146, -287, -43, 73, -97, -117, 185, 
273, 283, 9, -278, 131, 146, -287, -58, 68, -102, -117, 180, 
263, 287, 24, -275, 119, 156, -287, -63, 68, -107, -117, 180, 
258, 287, 29, -273, 114, 158, -278, -63, 68, -112, -117, 175, 
248, 273, 24, -261, 112, 148, -273, -58, 63, -107, -122, 165, 
234, 268, 34, -251, 100, 151, -263, -48, 63, -117, -126, 161, 
219, 263, 43, -241, 87, 153, -258, -43, 63, -117, -131, 161, 
214, 258, 43, -236, 85, 151, -253, -39, 58, -126, -146, 156, 
209, 234, 24, -222, 92, 129, -239, -39, 58, -126, -146, 151, 
209, 229, 19, -219, 95, 124, -234, -34, 53, -126, -146, 146, 
204, 224, 19, -214, 92, 122, -229, -34, 48, -126, -146, 146, 
204, 224, 19, -214, 92, 122, -229, -39, 48, -131, -151, 141, 
200, 204, 4, -202, 97, 104, -214, -34, 58, -131, -151, 146, 
195, 200, 4, -197, 95, 102, -209, -29, 58, -131, -146, 146, 
195, 204, 9, -200, 92, 107, -209, -24, 53, -136, -141, 141, 
195, 190, -4, -192, 100, 92, -209, -19, 53, -136, -136, 136, 
209, 190, -19, -200, 114, 85, -204, -9, 53, -136, -131, 136, 
209, 175, -34, -192, 122, 70, -200, -4, 53, -136, -131, 141, 
209, 170, -39, -190, 124, 65, -200, -4, 53, -141, -131, 146, 
204, 170, -34, -187, 119, 68, -200, -4, 48, -141, -136, 146, 
190, 175, -14, -183, 102, 80, -204, -9, 43, -161, -151, 131, 
185, 161, -24, -173, 104, 68, -209, -9, 29, -161, -161, 122, 
185, 161, -24, -173, 104, 68, -214, -9, 24, -165, -175, 112, 
185, 161, -24, -173, 104, 68, -219, -14, 19, -170, -190, 107, 
185, 156, -29, -170, 107, 63, -209, -14, 29, -170, -200, 107, 
185, 156, -29, -170, 107, 63, -204, -9, 29, -170, -200, 107, 
185, 161, -24, -173, 104, 68, -204, 0, 29, -170, -195, 107, 
185, 161, -24, -173, 104, 68, -204, -9, 29, -170, -195, 107, 
185, 161, -24, -173, 104, 68, -195, -9, 43, -161, -180, 117, 
185, 161, -24, -173, 104, 68, -195, -9, 43, -151, -175, 117, 
190, 165, -24, -178, 107, 70, -195, -9, 43, -151, -170, 117, 
190, 175, -14, -183, 102, 80, -195, -9, 39, -151, -165, 117, 
200, 165, -34, -183, 117, 65, -204, 0, 39, -151, -175, 117, 
195, 165, -29, -180, 112, 68, -204, 0, 43, -151, -175, 117, 
195, 156, -39, -175, 117, 58, -200, 0, 43, -151, -170, 122, 
195, 156, -39, -175, 117, 58, -200, 0, 48, -151, -170, 122, 
175, 190, 14, -183, 80, 102, -190, 4, 39, -151, -180, 122, 
185, 195, 9, -190, 87, 102, -190, 19, 53, -136, -180, 122, 
195, 195, 0, -195, 97, 97, -175, 43, 73, -117, -175, 102, 
180, 180, 0, -180, 90, 90, -151, 73, 97, -112, -180, 68, 
180, 180, 0, -180, 90, 90, -136, 97, 126, -102, -195, 29, 
195, 180, -14, -187, 104, 82, -146, 112, 151, -87, -185, 19, 
209, 204, -4, -207, 107, 100, -156, 122, 170, -63, -170, 29, 
224, 258, 34, -241, 95, 146, -161, 136, 209, -9, -117, 73, 
258, 326, 68, -292, 95, 197, -195, 126, 253, 68, -24, 165, 
297, 395, 97, -346, 100, 246, -234, 131, 312, 165, 87, 292, 
346, 463, 117, -405, 114, 290, -273, 151, 331, 234, 204, 439, 
400, 536, 136, -468, 131, 336, -326, 146, 317, 297, 331, 605, 
492, 653, 161, -573, 165, 407, -419, 73, 302, 390, 512, 829, 
600, 795, 195, -697, 202, 495, -527, -9, 283, 488, 717, 1093, 
717, 922, 204, -819, 256, 563, -644, -82, 224, 551, 922, 1400, 
829, 1063, 234, -946, 297, 649, -790, -200, 122, 595, 1151, 1751, 
907, 1215, 307, -1061, 300, 761, -946, -380, 0, 590, 1332, 2064, 
941, 1273, 331, -1107, 305, 802, -1039, -531, -112, 541, 1410, 2259, 
941, 1244, 302, -1093, 319, 773, -1073, -610, -195, 488, 1454, 2376, 
927, 1171, 244, -1049, 341, 707, -1083, -639, -273, 414, 1429, 2386, 
868, 1019, 151, -944, 358, 585, -1019, -610, -351, 287, 1234, 2186, 
780, 824, 43, -802, 368, 434, -922, -556, -414, 141, 980, 1878, 
658, 702, 43, -680, 307, 373, -844, -536, -468, 14, 741, 1561, 
522, 619, 97, -570, 212, 358, -761, -556, -488, -146, 444, 1180, 
380, 483, 102, -431, 139, 292, -610, -531, -473, -326, 68, 702, 
248, 307, 58, -278, 95, 183, -463, -488, -473, -507, -263, 287, 
170, 209, 39, -190, 65, 124, -390, -419, -527, -624, -439, 82, 
151, 165, 14, -158, 68, 90, -356, -341, -536, -658, -483, 19, 
131, 87, -43, -109, 87, 21, -292, -253, -502, -639, -512, -29, 
112, 24, -87, -68, 100, -31, -253, -185, -453, -614, -522, -78, 
122, 34, -87, -78, 104, -26, -239, -122, -395, -561, -497, -68, 
131, 58, -73, -95, 102, -7, -219, -82, -331, -497, -458, -48, 
131, 43, -87, -87, 109, -21, -200, -53, -292, -444, -409, -24, 
141, 43, -97, -92, 119, -26, -200, -48, -268, -419, -380, -9, 
151, 58, -92, -104, 122, -17, -200, -39, -234, -395, -356, 4, 
146, 78, -68, -112, 107, 4, -190, -43, -195, -370, -336, -4, 
146, 58, -87, -102, 117, -14, -180, -39, -165, -351, -331, -14, 
146, 48, -97, -97, 122, -24, -175, -14, -117, -326, -317, -14, 
141, 68, -73, -104, 107, -2, -161, 0, -73, -302, -312, -19, 
141, 97, -43, -119, 92, 26, -161, -4, -63, -297, -322, -24, 
151, 102, -48, -126, 100, 26, -161, -4, -48, -278, -307, -19, 
151, 112, -39, -131, 95, 36, -165, -4, -53, -263, -297, -14, 
151, 122, -29, -136, 90, 46, -165, 0, -53, -253, -287, -9, 
161, 131, -29, -146, 95, 51, -161, 9, -48, -248, -278, -4, 
165, 141, -24, -153, 95, 58, -161, 19, -43, -244, -273, 0, 
156, 131, -24, -143, 90, 53, -146, 39, -24, -234, -273, 14, 
156, 117, -39, -136, 97, 39, -141, 48, -14, -224, -273, 19, 
156, 102, -53, -129, 104, 24, -136, 48, -9, -224, -278, 24, 
156, 92, -63, -124, 109, 14, -136, 43, -4, -214, -283, 24, 
156, 87, -68, -122, 112, 9, -131, 48, 4, -204, -278, 24, 
156, 87, -68, -122, 112, 9, -126, 48, 4, -204, -268, 24, 
151, 82, -68, -117, 109, 7, -122, 53, 0, -204, -263, 24, 
151, 82, -68, -117, 109, 7, -117, 58, 0, -204, -258, 24, 
151, 87, -63, -119, 107, 12, -126, 48, -4, -209, -258, 19, 
151, 87, -63, -119, 107, 12, -126, 48, 0, -200, -258, 19, 
156, 92, -63, -124, 109, 14, -126, 53, 4, -200, -258, 24, 
156, 97, -58, -126, 107, 19, -131, 53, 4, -204, -263, 9, 
156, 102, -53, -129, 104, 24, -122, 63, 9, -195, -263, 19, 
156, 102, -53, -129, 104, 24, -122, 68, 9, -195, -263, 19, 
156, 102, -53, -129, 104, 24, -122, 68, 9, -190, -263, 19, 
156, 102, -53, -129, 104, 24, -122, 63, 9, -190, -263, 19, 
156, 92, -63, -124, 109, 14, -117, 73, 19, -190, -253, 19, 
156, 92, -63, -124, 109, 14, -117, 73, 19, -190, -258, 19, 
156, 92, -63, -124, 109, 14, -117, 73, 14, -195, -258, 19, 
156, 92, -63, -124, 109, 14, -117, 73, 14, -195, -258, 19, 
156, 97, -58, -126, 107, 19, -117, 73, 9, -204, -268, 19, 
156, 97, -58, -126, 107, 19, -117, 73, 14, -204, -268, 19, 
156, 97, -58, -126, 107, 19, -117, 78, 14, -204, -268, 19, 
156, 97, -58, -126, 107, 19, -112, 82, 19, -204, -268, 19, 
156, 97, -58, -126, 107, 19, -122, 82, 9, -204, -268, 9, 
156, 102, -53, -129, 104, 24, -122, 82, 9, -204, -268, 9, 
156, 112, -43, -134, 100, 34, -126, 82, 4, -209, -268, 9, 
156, 122, -34, -139, 95, 43, -126, 82, 4, -209, -268, 9, 
156, 122, -34, -139, 95, 43, -126, 82, 4, -209, -258, 9, 
156, 126, -29, -141, 92, 48, -126, 82, 4, -204, -258, 9, 
156, 131, -24, -143, 90, 53, -126, 82, 4, -204, -258, 9, 
156, 131, -24, -143, 90, 53, -126, 82, 4, -204, -258, 9, 
146, 107, -39, -126, 92, 34, -122, 97, 14, -200, -263, 24, 
146, 97, -48, -122, 97, 24, -117, 97, 19, -195, -263, 24, 
146, 87, -58, -117, 102, 14, -112, 97, 24, -190, -263, 24, 
151, 78, -73, -114, 112, 2, -102, 102, 34, -180, -263, 24, 
156, 68, -87, -112, 122, -9, -112, 112, 34, -180, -258, 24, 
161, 73, -87, -117, 124, -7, -117, 107, 34, -180, -253, 24, 
161, 78, -82, -119, 122, -2, -117, 107, 29, -175, -248, 24, 
165, 78, -87, -122, 126, -4, -112, 112, 29, -175, -244, 24, 
156, 87, -68, -122, 112, 9, -122, 102, 24, -185, -253, 24, 
156, 97, -58, -126, 107, 19, -122, 107, 29, -175, -253, 24, 
156, 92, -63, -124, 109, 14, -122, 107, 24, -170, -244, 29, 
156, 112, -43, -134, 100, 34, -122, 107, 19, -170, -244, 29, 
156, 117, -39, -136, 97, 39, -112, 117, 24, -161, -239, 34, 
156, 112, -43, -134, 100, 34, -117, 122, 24, -161, -239, 34, 
156, 102, -53, -129, 104, 24, -117, 122, 29, -161, -239, 39, 
156, 92, -63, -124, 109, 14, -117, 126, 39, -161, -234, 39, 
165, 82, -82, -124, 124, 0, -117, 126, 39, -161, -234, 43, 
165, 82, -82, -124, 124, 0, -112, 126, 39, -161, -234, 43, 
170, 78, -92, -124, 131, -7, -112, 126, 39, -161, -224, 48, 
170, 78, -92, -124, 131, -7, -112, 126, 39, -156, -224, 48, 
175, 107, -68, -141, 122, 19, -126, 126, 29, -165, -239, 43, 
175, 126, -48, -151, 112, 39, -131, 126, 29, -170, -244, 43, 
175, 136, -39, -156, 107, 48, -131, 131, 29, -170, -244, 39, 
175, 151, -24, -163, 100, 63, -131, 131, 29, -165, -248, 34, 
175, 136, -39, -156, 107, 48, -126, 141, 34, -156, -244, 43, 
180, 126, -53, -153, 117, 36, -126, 141, 39, -156, -234, 43, 
180, 117, -63, -148, 122, 26, -122, 146, 48, -146, -224, 58, 
180, 112, -68, -146, 124, 21, -117, 146, 53, -146, -219, 58, 
170, 126, -43, -148, 107, 41, -122, 151, 53, -146, -219, 68, 
175, 126, -48, -151, 112, 39, -122, 156, 58, -146, -219, 78, 
180, 131, -48, -156, 114, 41, -122, 161, 58, -141, -214, 82, 
185, 131, -53, -158, 119, 39, -122, 161, 58, -136, -209, 82, 
185, 117, -68, -151, 126, 24, -117, 175, 78, -122, -195, 102, 
185, 112, -73, -148, 129, 19, -112, 180, 78, -117, -180, 112, 
190, 112, -78, -151, 134, 17, -107, 185, 78, -112, -170, 117, 
195, 122, -73, -158, 134, 24, -112, 190, 78, -107, -161, 122, 
195, 126, -68, -161, 131, 29, -117, 185, 73, -117, -165, 117, 
200, 131, -68, -165, 134, 31, -122, 175, 78, -107, -156, 117, 
200, 136, -63, -168, 131, 36, -136, 170, 78, -97, -151, 117, 
195, 151, -43, -173, 119, 53, -146, 161, 82, -92, -146, 126, 
200, 170, -29, -185, 114, 70, -156, 141, 87, -87, -141, 146, 
204, 180, -24, -192, 114, 78, -161, 131, 82, -82, -131, 156, 
204, 195, -9, -200, 107, 92, -161, 122, 82, -78, -122, 165, 
209, 209, 0, -209, 104, 104, -165, 112, 78, -73, -112, 180, 
204, 200, -4, -202, 104, 97, -165, 102, 87, -78, -107, 200, 
209, 204, -4, -207, 107, 100, -161, 102, 87, -78, -102, 209, 
214, 214, 0, -214, 107, 107, -161, 102, 92, -68, -87, 229, 
219, 209, -9, -214, 114, 100, -161, 102, 102, -53, -78, 239, 
234, 224, -9, -229, 122, 107, -165, 97, 97, -39, -68, 239, 
239, 244, 4, -241, 117, 124, -170, 92, 97, -29, -53, 248, 
239, 258, 19, -248, 109, 139, -175, 87, 102, -24, -43, 248, 
244, 283, 39, -263, 102, 161, -185, 82, 107, -14, -34, 248, 
248, 273, 24, -261, 112, 148, -185, 97, 117, -4, -14, 278, 
253, 268, 14, -261, 119, 141, -190, 102, 122, 4, -9, 292, 
258, 268, 9, -263, 124, 139, -190, 107, 122, 9, 0, 322, 
258, 263, 4, -261, 126, 134, -195, 112, 122, 14, 9, 336, 
268, 273, 4, -270, 131, 139, -200, 92, 126, 14, 9, 336, 
268, 292, 24, -280, 122, 158, -204, 92, 126, 19, 14, 341, 
268, 302, 34, -285, 117, 168, -204, 92, 126, 29, 29, 351, 
278, 312, 34, -295, 122, 173, -209, 82, 136, 34, 39, 361, 
278, 326, 48, -302, 114, 187, -214, 82, 136, 34, 43, 366, 
278, 341, 63, -309, 107, 202, -219, 82, 136, 39, 43, 366, 
278, 341, 63, -309, 107, 202, -219, 82, 136, 39, 48, 375, 
278, 346, 68, -312, 104, 207, -219, 82, 141, 43, 53, 385, 
273, 351, 78, -312, 97, 214, -224, 78, 141, 34, 58, 375, 
273, 356, 82, -314, 95, 219, -229, 68, 136, 34, 58, 380, 
273, 361, 87, -317, 92, 224, -234, 68, 136, 34, 63, 385, 
268, 366, 97, -317, 85, 231, -234, 68, 141, 39, 63, 390, 
278, 375, 97, -326, 90, 236, -234, 73, 131, 48, 68, 400, 
283, 380, 97, -331, 92, 239, -239, 68, 131, 48, 73, 405, 
283, 380, 97, -331, 92, 239, -239, 68, 131, 48, 78, 409, 
283, 380, 97, -331, 92, 239, -239, 63, 136, 48, 78, 409, 
278, 390, 112, -334, 82, 251, -239, 68, 126, 39, 58, 400, 
278, 395, 117, -336, 80, 256, -244, 63, 126, 39, 53, 390, 
278, 405, 126, -341, 75, 265, -244, 58, 126, 34, 43, 380, 
278, 409, 131, -344, 73, 270, -244, 58, 126, 29, 24, 361, 
268, 405, 136, -336, 65, 270, -229, 58, 136, 34, 29, 366, 
258, 395, 136, -326, 61, 265, -224, 58, 136, 34, 24, 361, 
253, 385, 131, -319, 61, 258, -224, 53, 141, 29, 19, 346, 
248, 370, 122, -309, 63, 246, -219, 48, 141, 29, 14, 336, 
248, 356, 107, -302, 70, 231, -204, 58, 141, 19, 9, 336, 
248, 341, 92, -295, 78, 217, -204, 53, 141, 9, 0, 326, 
248, 336, 87, -292, 80, 212, -204, 53, 136, 4, -14, 312, 
253, 322, 68, -287, 92, 195, -195, 53, 136, 0, -24, 302, 
244, 302, 58, -273, 92, 180, -180, 53, 146, 0, -19, 307, 
239, 292, 53, -265, 92, 173, -180, 58, 146, 0, -19, 297, 
234, 287, 53, -261, 90, 170, -175, 63, 146, -4, -19, 292, 
234, 273, 39, -253, 97, 156, -170, 63, 146, 0, -9, 287, 
209, 278, 68, -244, 70, 173, -175, 53, 131, -4, -19, 268, 
209, 278, 68, -244, 70, 173, -170, 53, 122, -14, -39, 253, 
209, 278, 68, -244, 70, 173, -170, 48, 122, -29, -48, 244, 
209, 283, 73, -246, 68, 178, -170, 43, 122, -39, -63, 234, 
204, 292, 87, -248, 58, 190, -180, 43, 102, -39, -87, 209, 
200, 287, 87, -244, 56, 187, -175, 43, 102, -43, -92, 204, 
195, 273, 78, -234, 58, 175, -170, 43, 102, -43, -92, 200, 
195, 273, 78, -234, 58, 175, -170, 43, 102, -48, -92, 195, 
204, 253, 48, -229, 78, 151, -161, 39, 97, -48, -82, 200, 
200, 244, 43, -222, 78, 143, -156, 39, 97, -48, -87, 195, 
200, 239, 39, -219, 80, 139, -151, 39, 97, -58, -92, 195, 
200, 229, 29, -214, 85, 129, -146, 39, 92, -63, -92, 190, 
195, 244, 48, -219, 73, 146, -151, 29, 87, -73, -107, 180, 
195, 244, 48, -219, 73, 146, -151, 34, 82, -78, -122, 170, 
195, 248, 53, -222, 70, 151, -151, 34, 82, -82, -136, 161, 
195, 253, 58, -224, 68, 156, -151, 29, 82, -92, -151, 151, 
190, 239, 48, -214, 70, 143, -136, 34, 73, -87, -141, 165, 
180, 229, 48, -204, 65, 139, -136, 43, 68, -87, -136, 170, 
180, 219, 39, -200, 70, 129, -136, 48, 68, -87, -126, 175, 
180, 190, 9, -185, 85, 100, -131, 53, 73, -82, -117, 175, 
180, 190, 9, -185, 85, 100, -122, 63, 82, -82, -117, 175, 
185, 190, 4, -187, 90, 97, -122, 63, 82, -82, -112, 175, 
185, 195, 9, -190, 87, 102, -122, 63, 78, -82, -107, 175, 
180, 195, 14, -187, 82, 104, -122, 63, 73, -82, -107, 175, 
180, 195, 14, -187, 82, 104, -131, 53, 73, -92, -122, 165, 
185, 200, 14, -192, 85, 107, -131, 53, 73, -92, -126, 161, 
185, 190, 4, -187, 90, 97, -131, 53, 68, -92, -131, 156, 
180, 204, 24, -192, 78, 114, -131, 53, 68, -97, -141, 151, 
190, 219, 29, -204, 80, 124, -141, 43, 63, -97, -141, 146, 
190, 224, 34, -207, 78, 129, -141, 48, 63, -97, -141, 146, 
190, 229, 39, -209, 75, 134, -141, 48, 63, -97, -146, 141, 
190, 239, 48, -214, 70, 143, -141, 48, 63, -97, -146, 141, 
190, 234, 43, -212, 73, 139, -136, 53, 68, -97, -141, 141, 
190, 229, 39, -209, 75, 134, -131, 58, 68, -97, -141, 136, 
190, 219, 29, -204, 80, 124, -122, 63, 68, -97, -141, 136, 
190, 214, 24, -202, 82, 119, -117, 68, 68, -97, -141, 136, 
175, 214, 39, -195, 68, 126, -107, 68, 63, -97, -146, 131, 
175, 214, 39, -195, 68, 126, -107, 68, 63, -97, -151, 131, 
175, 209, 34, -192, 70, 122, -107, 68, 63, -97, -156, 131, 
180, 209, 29, -195, 75, 119, -107, 68, 63, -92, -156, 131, 
180, 200, 19, -190, 80, 109, -117, 58, 63, -92, -146, 141, 
180, 204, 24, -192, 78, 114, -117, 58, 63, -97, -151, 141, 
180, 209, 29, -195, 75, 119, -117, 53, 63, -102, -151, 141, 
180, 209, 29, -195, 75, 119, -117, 53, 63, -102, -151, 146, 
180, 209, 29, -195, 75, 119, -117, 53, 63, -102, -151, 136, 
180, 214, 34, -197, 73, 124, -117, 53, 63, -102, -156, 136, 
180, 219, 39, -200, 70, 129, -117, 58, 63, -97, -156, 136, 
180, 219, 39, -200, 70, 129, -117, 58, 68, -97, -156, 131, 
180, 219, 39, -200, 70, 129, -117, 68, 78, -92, -141, 141, 
180, 214, 34, -197, 73, 124, -117, 68, 78, -87, -141, 141, 
180, 209, 29, -195, 75, 119, -122, 68, 78, -82, -141, 141, 
180, 209, 29, -195, 75, 119, -122, 68, 78, -78, -141, 141, 
185, 219, 34, -202, 75, 126, -107, 73, 78, -63, -136, 151, 
185, 219, 34, -202, 75, 126, -107, 78, 78, -63, -131, 151, 
190, 219, 29, -204, 80, 124, -107, 82, 78, -63, -126, 151, 
190, 219, 29, -204, 80, 124, -112, 87, 78, -58, -122, 151, 
195, 219, 24, -207, 85, 122, -122, 78, 68, -63, -122, 161, 
200, 229, 29, -214, 85, 129, -122, 78, 68, -68, -126, 161, 
204, 229, 24, -217, 90, 126, -122, 73, 68, -73, -131, 161, 
209, 229, 19, -219, 95, 124, -122, 73, 68, -82, -136, 161, 
200, 234, 34, -217, 82, 134, -117, 73, 68, -73, -146, 156, 
190, 234, 43, -212, 73, 139, -112, 73, 68, -73, -146, 151, 
180, 234, 53, -207, 63, 143, -107, 73, 68, -73, -146, 146, 
170, 248, 78, -209, 46, 163, -102, 73, 68, -73, -146, 141, 
180, 239, 58, -209, 61, 148, -102, 73, 68, -73, -136, 151, 
180, 229, 48, -204, 65, 139, -102, 73, 68, -73, -131, 151, 
180, 229, 48, -204, 65, 139, -102, 73, 68, -73, -131, 156, 
175, 234, 58, -204, 58, 146, -107, 73, 73, -73, -131, 156, 
185, 239, 53, -212, 65, 146, -122, 73, 63, -73, -122, 165, 
185, 244, 58, -214, 63, 151, -122, 73, 58, -73, -122, 165, 
185, 248, 63, -217, 61, 156, -122, 63, 58, -73, -122, 170, 
190, 253, 63, -222, 63, 158, -122, 63, 58, -73, -122, 170, 
190, 244, 53, -217, 68, 148, -122, 73, 58, -82, -131, 165, 
190, 244, 53, -217, 68, 148, -117, 78, 58, -82, -131, 165, 
190, 244, 53, -217, 68, 148, -117, 78, 58, -82, -131, 161, 
195, 248, 53, -222, 70, 151, -117, 78, 53, -87, -131, 151, 
195, 239, 43, -217, 75, 141, -107, 87, 53, -87, -131, 151, 
195, 234, 39, -214, 78, 136, -107, 87, 53, -87, -131, 161, 
195, 229, 34, -212, 80, 131, -107, 87, 53, -82, -126, 165, 
195, 229, 34, -212, 80, 131, -112, 82, 53, -82, -126, 165, 
195, 234, 39, -214, 78, 136, -112, 82, 53, -87, -122, 161, 
195, 234, 39, -214, 78, 136, -107, 82, 53, -87, -122, 161, 
195, 234, 39, -214, 78, 136, -107, 87, 53, -92, -122, 161, 
195, 234, 39, -214, 78, 136, -107, 87, 53, -97, -122, 161, 
185, 239, 53, -212, 65, 146, -117, 78, 48, -107, -131, 161, 
185, 244, 58, -214, 63, 151, -117, 78, 43, -112, -131, 161, 
185, 258, 73, -222, 56, 165, -117, 73, 43, -112, -136, 156, 
185, 263, 78, -224, 53, 170, -117, 73, 48, -107, -136, 156, 
185, 244, 58, -214, 63, 151, -107, 87, 58, -102, -122, 165, 
185, 229, 43, -207, 70, 136, -107, 92, 58, -97, -122, 170, 
185, 219, 34, -202, 75, 126, -107, 97, 58, -92, -126, 165, 
185, 214, 29, -200, 78, 122, -107, 97, 53, -87, -136, 170, 
195, 219, 24, -207, 85, 122, -107, 97, 53, -87, -126, 165, 
195, 214, 19, -204, 87, 117, -107, 97, 53, -87, -126, 165, 
195, 219, 24, -207, 85, 122, -112, 97, 53, -87, -126, 170, 
195, 229, 34, -212, 80, 131, -117, 97, 48, -92, -126, 170, 
195, 229, 34, -212, 80, 131, -107, 97, 48, -107, -136, 156, 
195, 229, 34, -212, 80, 131, -107, 97, 48, -107, -136, 156, 
195, 224, 29, -209, 82, 126, -102, 102, 48, -107, -126, 156, 
195, 214, 19, -204, 87, 117, -102, 102, 48, -107, -126, 156, 
204, 234, 29, -219, 87, 131, -122, 92, 39, -117, -146, 156, 
214, 229, 14, -222, 100, 122, -112, 92, 39, -107, -146, 156, 
204, 214, 9, -209, 97, 112, -107, 107, 48, -97, -146, 156, 
200, 224, 24, -212, 87, 124, -107, 107, 39, -107, -146, 156, 
195, 224, 29, -209, 82, 126, -107, 107, 39, -107, -146, 156, 
190, 224, 34, -207, 78, 129, -107, 107, 39, -107, -146, 156, 
185, 224, 39, -204, 73, 131, -107, 107, 39, -107, -146, 156, 
185, 214, 29, -200, 78, 122, -97, 107, 39, -107, -146, 156, 
185, 204, 19, -195, 82, 112, -97, 107, 39, -117, -146, 156, 
185, 204, 19, -195, 82, 112, -92, 112, 39, -117, -146, 156, 
185, 204, 19, -195, 82, 112, -92, 112, 39, -117, -151, 151, 
190, 229, 39, -209, 75, 134, -97, 107, 34, -126, -165, 141, 
190, 234, 43, -212, 73, 139, -102, 107, 34, -126, -165, 141, 
195, 239, 43, -217, 75, 141, -107, 112, 34, -122, -165, 141, 
200, 239, 39, -219, 80, 139, -112, 112, 34, -122, -170, 141, 
204, 224, 19, -214, 92, 122, -102, 117, 34, -112, -165, 156, 
204, 229, 24, -217, 90, 126, -102, 117, 39, -112, -156, 156, 
204, 224, 19, -214, 92, 122, -102, 117, 39, -112, -146, 156, 
204, 219, 14, -212, 95, 117, -102, 112, 48, -112, -141, 156, 
200, 234, 34, -217, 82, 134, -102, 112, 53, -112, -141, 170, 
200, 239, 39, -219, 80, 139, -102, 112, 53, -102, -131, 180, 
204, 244, 39, -224, 82, 141, -102, 112, 58, -97, -126, 190, 
204, 258, 53, -231, 75, 156, -102, 112, 68, -87, -122, 200, 
195, 268, 73, -231, 61, 170, -102, 112, 73, -78, -131, 190, 
195, 287, 92, -241, 51, 190, -102, 117, 78, -78, -131, 190, 
195, 297, 102, -246, 46, 200, -102, 117, 87, -68, -126, 185, 
195, 312, 117, -253, 39, 214, -102, 117, 92, -63, -122, 185, 
195, 302, 107, -248, 43, 204, -92, 126, 102, -68, -112, 185, 
195, 302, 107, -248, 43, 204, -87, 126, 107, -68, -107, 185, 
195, 287, 92, -241, 51, 190, -73, 131, 112, -63, -102, 190, 
195, 287, 92, -241, 51, 190, -73, 136, 117, -63, -102, 190, 
185, 287, 102, -236, 41, 195, -82, 136, 112, -63, -102, 200, 
185, 292, 107, -239, 39, 200, -82, 131, 112, -63, -102, 200, 
185, 307, 122, -246, 31, 214, -82, 122, 112, -63, -107, 200, 
185, 317, 131, -251, 26, 224, -87, 117, 112, -63, -107, 195, 
190, 331, 141, -261, 24, 236, -97, 117, 112, -63, -117, 195, 
195, 341, 146, -268, 24, 244, -97, 117, 112, -58, -112, 195, 
200, 351, 151, -275, 24, 251, -102, 117, 107, -53, -112, 200, 
204, 356, 151, -280, 26, 253, -117, 107, 102, -53, -107, 200, 
204, 341, 136, -273, 34, 239, -117, 107, 102, -53, -107, 219, 
209, 351, 141, -280, 34, 246, -126, 97, 107, -53, -107, 219, 
209, 351, 141, -280, 34, 246, -131, 92, 112, -53, -97, 224, 
219, 351, 131, -285, 43, 241, -141, 92, 117, -43, -87, 234, 
214, 356, 141, -285, 36, 248, -146, 87, 117, -43, -87, 234, 
214, 366, 151, -290, 31, 258, -156, 78, 112, -43, -87, 229, 
214, 380, 165, -297, 24, 273, -161, 73, 112, -43, -78, 229, 
214, 380, 165, -297, 24, 273, -161, 68, 112, -43, -78, 224, 
229, 370, 141, -300, 43, 256, -165, 68, 102, -53, -78, 224, 
229, 361, 131, -295, 48, 246, -170, 82, 92, -48, -78, 229, 
234, 346, 112, -290, 61, 229, -170, 92, 92, -48, -78, 234, 
244, 336, 92, -290, 75, 214, -175, 102, 87, -53, -73, 239, 
239, 326, 87, -283, 75, 207, -170, 112, 92, -48, -63, 239, 
239, 317, 78, -278, 80, 197, -165, 112, 87, -48, -63, 239, 
239, 297, 58, -268, 90, 178, -156, 117, 82, -53, -68, 239, 
244, 287, 43, -265, 100, 165, -151, 117, 73, -63, -87, 229, 
253, 287, 34, -270, 109, 161, -151, 136, 53, -73, -97, 229, 
263, 292, 29, -278, 117, 161, -151, 126, 48, -73, -97, 229, 
253, 297, 43, -275, 104, 170, -151, 126, 48, -73, -97, 234, 
248, 297, 48, -273, 100, 173, -141, 131, 48, -73, -97, 234, 
258, 283, 24, -270, 117, 153, -146, 122, 34, -82, -107, 214, 
244, 278, 34, -261, 104, 156, -136, 126, 34, -97, -117, 200, 
229, 273, 43, -251, 92, 158, -131, 126, 34, -102, -126, 190, 
224, 268, 43, -246, 90, 156, -126, 126, 29, -117, -146, 175, 
209, 253, 43, -231, 82, 148, -122, 117, 19, -126, -156, 180, 
209, 248, 39, -229, 85, 143, -117, 122, 14, -126, -156, 175, 
204, 244, 39, -224, 82, 141, -112, 122, 9, -126, -156, 175, 
204, 244, 39, -224, 82, 141, -112, 117, 9, -131, -161, 170, 
200, 219, 19, -209, 90, 119, -102, 131, 14, -122, -161, 175, 
195, 209, 14, -202, 90, 112, -92, 136, 19, -122, -156, 175, 
195, 209, 14, -202, 90, 112, -87, 141, 19, -126, -151, 170, 
195, 190, -4, -192, 100, 92, -82, 146, 24, -126, -146, 165, 
209, 185, -24, -197, 117, 80, -87, 146, 14, -136, -151, 151, 
209, 175, -34, -192, 122, 70, -82, 151, 14, -136, -151, 151, 
209, 175, -34, -192, 122, 70, -82, 151, 14, -141, -151, 151, 
204, 180, -24, -192, 114, 78, -82, 151, 9, -141, -156, 146, 
200, 175, -24, -187, 112, 75, -73, 156, 19, -141, -170, 146, 
195, 161, -34, -178, 114, 63, -73, 156, 9, -141, -170, 141, 
195, 161, -34, -178, 114, 63, -73, 156, 9, -146, -175, 136, 
195, 161, -34, -178, 114, 63, -73, 151, 9, -151, -180, 136, 
195, 165, -29, -180, 112, 68, -82, 151, 0, -161, -190, 146, 
195, 175, -19, -185, 107, 78, -78, 156, 0, -161, -190, 146, 
195, 190, -4, -192, 100, 92, -78, 165, 0, -161, -185, 146, 
195, 200, 4, -197, 95, 102, -78, 156, 0, -161, -185, 146, 
204, 190, -14, -197, 109, 87, -78, 156, 14, -161, -175, 156, 
204, 190, -14, -197, 109, 87, -78, 156, 14, -151, -175, 156, 
209, 195, -14, -202, 112, 90, -78, 156, 14, -151, -175, 156, 
209, 204, -4, -207, 107, 100, -78, 156, 9, -151, -175, 156, 
209, 204, -4, -207, 107, 100, -87, 165, 9, -151, -185, 151, 
204, 204, 0, -204, 102, 102, -87, 165, 14, -151, -185, 146, 
204, 195, -9, -200, 107, 92, -82, 165, 14, -151, -180, 146, 
204, 195, -9, -200, 107, 92, -82, 165, 19, -151, -180, 141, 
204, 170, -34, -187, 119, 68, -73, 180, 29, -122, -170, 151, 
204, 185, -19, -195, 112, 82, -63, 175, 43, -117, -151, 151, 
185, 175, -9, -180, 97, 82, -39, 200, 63, -107, -156, 131, 
190, 170, -19, -180, 104, 75, -24, 229, 78, -112, -180, 97, 
200, 190, -9, -195, 104, 90, -29, 253, 97, -112, -204, 58, 
204, 200, -4, -202, 104, 97, -39, 258, 122, -87, -204, 48, 
219, 224, 4, -222, 107, 114, -39, 268, 161, -43, -190, 68, 
234, 287, 53, -261, 90, 170, -53, 283, 209, 9, -136, 102, 
258, 375, 117, -317, 70, 246, -87, 273, 263, 87, -53, 175, 
297, 463, 165, -380, 65, 314, -126, 268, 302, 165, 48, 292, 
366, 531, 165, -448, 100, 348, -185, 278, 302, 234, 195, 429, 
448, 595, 146, -522, 151, 370, -248, 273, 287, 326, 361, 624, 
531, 692, 161, -612, 185, 427, -322, 219, 283, 429, 561, 878, 
619, 814, 195, -717, 212, 505, -419, 156, 253, 517, 766, 1171, 
717, 961, 244, -839, 236, 602, -546, 53, 165, 580, 990, 1507, 
810, 1132, 322, -971, 244, 727, -712, -102, 53, 614, 1229, 1878, 
868, 1244, 375, -1056, 246, 810, -849, -273, -68, 610, 1410, 2191, 
902, 1283, 380, -1093, 261, 832, -941, -395, -190, 561, 1498, 2366, 
912, 1322, 409, -1117, 251, 866, -995, -483, -292, 497, 1522, 2454, 
897, 1288, 390, -1093, 253, 839, -1005, -531, -370, 434, 1488, 2444, 
858, 1088, 229, -973, 314, 658, -932, -502, -439, 307, 1302, 2244, 
771, 854, 82, -812, 344, 468, -824, -439, -512, 151, 1029, 1937, 
649, 702, 53, -675, 297, 378, -717, -409, -546, 4, 780, 1620, 
492, 600, 107, -546, 192, 353, -595, -390, -536, -126, 502, 1239, 
351, 434, 82, -392, 134, 258, -453, -346, -522, -326, 107, 741, 
248, 278, 29, -263, 109, 153, -336, -283, -561, -546, -273, 307, 
190, 190, 0, -190, 95, 95, -283, -234, -614, -663, -458, 112, 
170, 156, -14, -163, 92, 70, -248, -165, -605, -658, -483, 68, 
161, 107, -53, -134, 107, 26, -204, -97, -541, -639, -512, 9, 
151, 73, -78, -112, 114, -2, -156, -29, -483, -605, -541, -39, 
161, 53, -107, -107, 134, -26, -122, 24, -414, -551, -497, -39, 
180, 58, -122, -119, 151, -31, -112, 53, -361, -488, -448, -29, 
170, 73, -97, -122, 134, -12, -112, 73, -331, -453, -429, -24, 
180, 92, -87, -136, 134, 2, -112, 87, -297, -429, -400, 0, 
180, 78, -102, -129, 141, -12, -92, 117, -244, -395, -366, 34, 
165, 68, -97, -117, 131, -14, -73, 141, -195, -370, -346, 43, 
156, 97, -58, -126, 107, 19, -73, 136, -156, -361, -351, 34, 
156, 126, -29, -141, 92, 48, -78, 131, -126, -336, -346, 24, 
151, 117, -34, -134, 92, 41, -63, 146, -92, -302, -331, 19, 
161, 87, -73, -124, 117, 7, -53, 151, -73, -268, -322, 14, 
161, 82, -78, -122, 119, 2, -43, 161, -58, -248, -297, 29, 
151, 78, -73, -114, 112, 2, -29, 161, -53, -229, -287, 24, 
151, 82, -68, -117, 109, 7, -29, 165, -53, -224, -278, 29, 
161, 87, -73, -124, 117, 7, -24, 175, -48, -224, -268, 34, 
165, 92, -73, -129, 119, 9, -24, 185, -43, -224, -263, 39, 
165, 102, -63, -134, 114, 19, -29, 195, -24, -219, -273, 39, 
165, 97, -68, -131, 117, 14, -24, 204, -14, -214, -273, 39, 
165, 92, -73, -129, 119, 9, -19, 204, -9, -219, -278, 39, 
165, 92, -73, -129, 119, 9, -19, 200, -4, -214, -283, 34, 
175, 102, -73, -139, 124, 14, -19, 200, -14, -214, -292, 24, 
175, 107, -68, -141, 122, 19, -19, 195, -14, -214, -287, 24, 
170, 107, -63, -139, 117, 21, -19, 195, -19, -214, -287, 24, 
170, 112, -58, -141, 114, 26, -19, 195, -19, -214, -287, 24, 
180, 122, -58, -151, 119, 31, -24, 195, -24, -219, -283, 34, 
180, 117, -63, -148, 122, 26, -29, 195, -19, -209, -278, 39, 
185, 117, -68, -151, 126, 24, -34, 200, -14, -209, -273, 48, 
185, 117, -68, -151, 126, 24, -43, 200, -14, -214, -273, 39, 
175, 117, -58, -146, 117, 29, -34, 200, -4, -204, -263, 39, 
175, 112, -63, -143, 119, 24, -34, 204, 0, -204, -263, 39, 
175, 107, -68, -141, 122, 19, -34, 204, 4, -200, -263, 39, 
175, 102, -73, -139, 124, 14, -34, 200, 9, -200, -263, 39, 
185, 107, -78, -146, 131, 14, -29, 200, 0, -209, -268, 29, 
185, 112, -73, -148, 129, 19, -29, 200, 0, -209, -278, 29, 
185, 117, -68, -151, 126, 24, -29, 200, -4, -214, -283, 29, 
185, 122, -63, -153, 124, 29, -29, 200, -4, -214, -287, 29, 
175, 102, -73, -139, 124, 14, -19, 209, 0, -204, -283, 39, 
175, 97, -78, -136, 126, 9, -19, 209, 4, -204, -278, 39, 
175, 92, -82, -134, 129, 4, -19, 214, 4, -204, -273, 39, 
175, 87, -87, -131, 131, 0, -14, 219, 9, -204, -268, 39, 
185, 87, -97, -136, 141, -4, -24, 214, 9, -204, -258, 29, 
185, 92, -92, -139, 139, 0, -24, 209, 9, -204, -258, 29, 
185, 102, -82, -143, 134, 9, -29, 204, 4, -209, -258, 29, 
185, 112, -73, -148, 129, 19, -29, 200, 4, -209, -258, 29, 
185, 126, -58, -156, 122, 34, -39, 200, -4, -214, -263, 29, 
185, 136, -48, -161, 117, 43, -39, 200, -4, -214, -268, 29, 
185, 146, -39, -165, 112, 53, -39, 200, -4, -219, -273, 29, 
185, 151, -34, -168, 109, 58, -39, 200, -4, -224, -278, 29, 
185, 146, -39, -165, 112, 53, -29, 195, 0, -224, -283, 24, 
185, 146, -39, -165, 112, 53, -29, 195, 0, -224, -283, 24, 
185, 146, -39, -165, 112, 53, -29, 195, 0, -224, -283, 24, 
190, 146, -43, -168, 117, 51, -24, 200, 4, -219, -283, 24, 
180, 126, -53, -153, 117, 36, -14, 214, 9, -214, -273, 34, 
180, 122, -58, -151, 119, 31, -19, 214, 14, -209, -273, 34, 
175, 117, -58, -146, 117, 29, -19, 219, 14, -200, -273, 34, 
175, 107, -68, -141, 122, 19, -14, 229, 19, -195, -273, 34, 
175, 107, -68, -141, 122, 19, -14, 239, 29, -185, -263, 39, 
175, 107, -68, -141, 122, 19, -14, 244, 39, -175, -263, 43, 
175, 92, -82, -134, 129, 4, -14, 244, 39, -170, -253, 53, 
175, 102, -73, -139, 124, 14, -14, 244, 39, -170, -253, 58, 
185, 122, -63, -153, 124, 29, -14, 234, 24, -170, -258, 53, 
185, 122, -63, -153, 124, 29, -19, 239, 24, -170, -258, 53, 
185, 117, -68, -151, 126, 24, -19, 239, 29, -170, -258, 58, 
185, 112, -73, -148, 129, 19, -19, 244, 39, -170, -253, 58, 
195, 112, -82, -153, 139, 14, -29, 234, 39, -180, -253, 63, 
195, 112, -82, -153, 139, 14, -24, 234, 39, -180, -253, 63, 
200, 107, -92, -153, 146, 7, -24, 234, 39, -180, -244, 68, 
200, 107, -92, -153, 146, 7, -24, 234, 39, -175, -244, 68, 
200, 117, -82, -158, 141, 17, -29, 234, 48, -175, -244, 58, 
195, 126, -68, -161, 131, 29, -34, 234, 48, -180, -244, 63, 
190, 126, -63, -158, 126, 31, -34, 239, 48, -180, -239, 63, 
185, 131, -53, -158, 119, 39, -34, 239, 48, -175, -239, 63, 
195, 141, -53, -168, 124, 43, -34, 239, 39, -175, -248, 53, 
200, 146, -53, -173, 126, 46, -39, 239, 39, -175, -244, 53, 
200, 151, -48, -175, 124, 51, -39, 244, 43, -165, -239, 68, 
200, 161, -39, -180, 119, 61, -39, 244, 43, -165, -239, 68, 
200, 156, -43, -178, 122, 56, -43, 239, 53, -165, -229, 68, 
204, 156, -48, -180, 126, 53, -43, 244, 58, -165, -229, 78, 
209, 161, -48, -185, 129, 56, -43, 248, 58, -161, -224, 82, 
214, 161, -53, -187, 134, 53, -43, 248, 58, -156, -219, 82, 
204, 161, -43, -183, 124, 58, -53, 248, 68, -141, -209, 92, 
204, 161, -43, -183, 124, 58, -53, 248, 68, -136, -200, 102, 
209, 165, -43, -187, 126, 61, -53, 248, 68, -131, -195, 107, 
214, 180, -34, -197, 124, 73, -63, 248, 68, -126, -190, 112, 
209, 175, -34, -192, 122, 70, -58, 263, 82, -126, -175, 136, 
219, 170, -48, -195, 134, 61, -53, 263, 87, -117, -165, 146, 
224, 165, -58, -195, 141, 53, -58, 268, 87, -107, -161, 156, 
224, 170, -53, -197, 139, 58, -58, 268, 92, -102, -156, 175, 
239, 180, -58, -209, 148, 61, -68, 258, 92, -97, -141, 170, 
244, 190, -53, -217, 148, 68, -73, 258, 92, -92, -131, 175, 
244, 204, -39, -224, 141, 82, -73, 258, 97, -87, -122, 180, 
248, 219, -29, -234, 139, 95, -78, 258, 97, -82, -112, 190, 
244, 234, -9, -239, 126, 112, -82, 258, 97, -68, -117, 209, 
248, 244, -4, -246, 126, 119, -82, 258, 97, -68, -112, 219, 
253, 258, 4, -256, 124, 131, -87, 258, 102, -58, -97, 239, 
258, 258, 0, -258, 129, 129, -92, 258, 112, -43, -87, 248, 
263, 278, 14, -270, 124, 146, -107, 253, 117, -48, -78, 253, 
268, 292, 24, -280, 122, 158, -112, 248, 117, -39, -63, 268, 
268, 302, 34, -285, 117, 168, -117, 244, 122, -34, -53, 273, 
273, 322, 48, -297, 112, 185, -126, 239, 126, -24, -43, 278, 
278, 312, 34, -295, 122, 173, -126, 248, 136, -14, -24, 297, 
283, 317, 34, -300, 124, 175, -131, 248, 141, -4, -19, 302, 
287, 326, 39, -307, 124, 183, -131, 248, 141, 0, -9, 322, 
287, 331, 43, -309, 122, 187, -136, 248, 141, 4, 0, 326, 
297, 326, 29, -312, 134, 178, -131, 239, 146, 4, 0, 346, 
297, 341, 43, -319, 126, 192, -136, 239, 146, 9, 4, 351, 
297, 346, 48, -322, 124, 197, -136, 239, 146, 19, 19, 361, 
307, 351, 43, -329, 131, 197, -141, 229, 156, 24, 29, 370, 
307, 351, 43, -329, 131, 197, -146, 239, 156, 24, 34, 366, 
307, 361, 53, -334, 126, 207, -151, 239, 156, 29, 34, 366, 
307, 356, 48, -331, 129, 202, -151, 239, 156, 29, 39, 375, 
307, 356, 48, -331, 129, 202, -151, 239, 161, 34, 43, 385, 
322, 370, 48, -346, 136, 209, -165, 229, 151, 29, 43, 395, 
322, 385, 63, -353, 129, 224, -170, 214, 146, 24, 39, 400, 
322, 400, 78, -361, 122, 239, -175, 209, 146, 19, 39, 405, 
317, 414, 97, -366, 109, 256, -175, 204, 151, 19, 34, 409, 
317, 400, 82, -358, 117, 241, -170, 209, 156, 24, 43, 419, 
322, 400, 78, -361, 122, 239, -170, 204, 161, 29, 53, 424, 
322, 395, 73, -358, 124, 234, -165, 204, 165, 34, 63, 429, 
322, 390, 68, -356, 126, 229, -161, 200, 175, 39, 68, 429, 
317, 405, 87, -361, 114, 246, -165, 195, 170, 34, 58, 419, 
317, 414, 97, -366, 109, 256, -175, 190, 165, 29, 53, 409, 
317, 429, 112, -373, 102, 270, -180, 185, 161, 19, 43, 400, 
317, 439, 122, -378, 97, 280, -185, 185, 156, 9, 24, 380, 
317, 434, 117, -375, 100, 275, -170, 185, 156, 4, 19, 366, 
307, 424, 117, -366, 95, 270, -165, 185, 156, 4, 14, 361, 
302, 414, 112, -358, 95, 263, -165, 180, 161, 0, 9, 346, 
297, 400, 102, -348, 97, 251, -161, 175, 161, 0, 4, 336, 
283, 390, 107, -336, 87, 248, -156, 175, 161, 9, 9, 336, 
278, 380, 102, -329, 87, 241, -156, 170, 161, 0, 0, 326, 
273, 380, 107, -326, 82, 244, -156, 170, 156, -4, -14, 312, 
273, 370, 97, -322, 87, 234, -146, 170, 156, -9, -24, 302, 
263, 351, 87, -307, 87, 219, -131, 175, 156, -14, -29, 297, 
258, 331, 73, -295, 92, 202, -131, 175, 156, -19, -39, 287, 
253, 317, 63, -285, 95, 190, -126, 175, 156, -29, -48, 283, 
253, 292, 39, -273, 107, 165, -122, 170, 156, -29, -48, 278, 
248, 297, 48, -273, 100, 173, -117, 170, 141, -39, -63, 258, 
248, 297, 48, -273, 100, 173, -112, 170, 131, -43, -78, 244, 
248, 297, 48, -273, 100, 173, -112, 165, 131, -53, -82, 234, 
248, 302, 53, -275, 97, 178, -112, 161, 131, -58, -92, 224, 
244, 302, 58, -273, 92, 180, -112, 161, 131, -58, -107, 209, 
239, 297, 58, -268, 90, 178, -107, 161, 131, -63, -112, 204, 
234, 283, 48, -258, 92, 165, -102, 161, 131, -63, -112, 200, 
234, 283, 48, -258, 92, 165, -102, 161, 131, -68, -112, 195, 
224, 287, 63, -256, 80, 175, -102, 146, 122, -73, -117, 180, 
219, 292, 73, -256, 73, 183, -107, 146, 117, -78, -126, 175, 
219, 302, 82, -261, 68, 192, -112, 146, 112, -92, -136, 175, 
219, 307, 87, -263, 65, 197, -117, 146, 102, -102, -141, 170, 
224, 287, 63, -256, 80, 175, -102, 146, 102, -102, -141, 180, 
224, 273, 48, -248, 87, 161, -102, 151, 102, -97, -141, 180, 
224, 263, 39, -244, 92, 151, -102, 151, 107, -92, -141, 180, 
224, 253, 29, -239, 97, 141, -102, 146, 112, -92, -141, 180, 
229, 258, 29, -244, 100, 143, -97, 146, 112, -97, -151, 180, 
219, 258, 39, -239, 90, 148, -97, 151, 107, -107, -156, 180, 
219, 258, 39, -239, 90, 148, -97, 151, 107, -117, -156, 180, 
219, 239, 19, -229, 100, 129, -92, 151, 112, -122, -156, 175, 
209, 229, 19, -219, 95, 124, -82, 161, 112, -112, -151, 170, 
214, 229, 14, -222, 100, 122, -82, 161, 112, -112, -151, 165, 
214, 234, 19, -224, 97, 126, -82, 161, 107, -112, -151, 161, 
209, 234, 24, -222, 92, 129, -82, 161, 102, -112, -156, 156, 
219, 234, 14, -226, 102, 124, -87, 151, 92, -122, -165, 151, 
224, 239, 14, -231, 104, 126, -92, 151, 92, -122, -165, 151, 
224, 229, 4, -226, 109, 117, -97, 151, 87, -122, -165, 151, 
219, 244, 24, -231, 97, 134, -102, 151, 87, -126, -170, 151, 
219, 234, 14, -226, 102, 124, -92, 151, 92, -136, -161, 146, 
219, 234, 14, -226, 102, 124, -92, 156, 92, -136, -161, 146, 
219, 234, 14, -226, 102, 124, -92, 156, 92, -136, -165, 141, 
219, 239, 19, -229, 100, 129, -92, 156, 92, -136, -165, 141, 
229, 248, 19, -239, 104, 134, -102, 156, 87, -126, -170, 151, 
229, 248, 19, -239, 104, 134, -102, 156, 87, -126, -170, 146, 
229, 244, 14, -236, 107, 129, -97, 156, 87, -126, -170, 146, 
229, 244, 14, -236, 107, 129, -97, 156, 87, -126, -170, 146, 
224, 239, 14, -231, 104, 126, -97, 156, 102, -126, -170, 141, 
224, 234, 9, -229, 107, 122, -97, 156, 102, -126, -170, 141, 
224, 224, 0, -224, 112, 112, -97, 156, 102, -126, -170, 141, 
229, 219, -9, -224, 119, 104, -97, 156, 102, -122, -165, 141, 
219, 229, 9, -224, 104, 119, -97, 146, 92, -131, -170, 136, 
219, 244, 24, -231, 97, 134, -97, 146, 92, -136, -180, 131, 
219, 258, 39, -239, 90, 148, -97, 141, 92, -141, -185, 126, 
219, 268, 48, -244, 85, 158, -97, 141, 92, -141, -190, 126, 
229, 258, 29, -244, 100, 143, -97, 151, 102, -131, -180, 126, 
229, 263, 34, -246, 97, 148, -97, 151, 102, -131, -185, 126, 
229, 268, 39, -248, 95, 153, -97, 156, 102, -126, -185, 126, 
229, 268, 39, -248, 95, 153, -97, 156, 107, -126, -185, 122, 
224, 253, 29, -239, 97, 141, -87, 156, 117, -126, -175, 136, 
219, 244, 24, -231, 97, 134, -87, 156, 117, -126, -170, 141, 
214, 234, 19, -224, 97, 126, -92, 156, 117, -126, -165, 146, 
209, 229, 19, -219, 95, 124, -92, 156, 117, -126, -161, 151, 
214, 248, 34, -231, 90, 141, -92, 146, 112, -131, -175, 146, 
214, 258, 43, -236, 85, 151, -97, 146, 107, -131, -180, 141, 
219, 268, 48, -244, 85, 158, -102, 146, 102, -131, -185, 136, 
219, 278, 58, -248, 80, 168, -112, 146, 97, -126, -190, 131, 
219, 273, 53, -246, 82, 163, -102, 136, 107, -126, -185, 131, 
219, 278, 58, -248, 80, 168, -102, 136, 107, -126, -185, 131, 
219, 273, 53, -246, 82, 163, -102, 131, 107, -126, -185, 131, 
219, 268, 48, -244, 85, 158, -102, 131, 107, -131, -185, 131, 
229, 263, 34, -246, 97, 148, -92, 141, 112, -126, -175, 146, 
229, 253, 24, -241, 102, 139, -92, 141, 117, -122, -175, 151, 
229, 244, 14, -236, 107, 129, -92, 141, 122, -117, -175, 156, 
229, 248, 19, -239, 104, 134, -92, 141, 126, -112, -175, 161, 
229, 253, 24, -241, 102, 139, -97, 141, 122, -122, -175, 151, 
229, 248, 19, -239, 104, 134, -102, 141, 117, -122, -170, 151, 
229, 253, 24, -241, 102, 139, -107, 141, 112, -122, -170, 156, 
224, 263, 39, -244, 92, 151, -117, 141, 112, -122, -170, 156, 
224, 263, 39, -244, 92, 151, -112, 151, 112, -112, -170, 146, 
224, 263, 39, -244, 92, 151, -112, 151, 107, -112, -170, 146, 
224, 263, 39, -244, 92, 151, -112, 141, 107, -112, -170, 151, 
229, 263, 34, -246, 97, 148, -112, 141, 107, -112, -170, 151, 
229, 273, 43, -251, 92, 158, -112, 131, 97, -117, -180, 141, 
229, 273, 43, -251, 92, 158, -107, 136, 97, -122, -180, 146, 
229, 273, 43, -251, 92, 158, -107, 136, 97, -126, -180, 146, 
234, 278, 43, -256, 95, 161, -107, 136, 92, -136, -180, 141, 
229, 268, 39, -248, 95, 153, -97, 136, 102, -126, -180, 151, 
224, 263, 39, -244, 92, 151, -97, 136, 102, -126, -180, 161, 
219, 258, 39, -239, 90, 148, -97, 136, 102, -122, -175, 165, 
214, 258, 43, -236, 85, 151, -102, 131, 102, -122, -175, 165, 
214, 273, 58, -244, 78, 165, -112, 131, 102, -136, -170, 151, 
214, 273, 58, -244, 78, 165, -107, 131, 102, -136, -170, 151, 
214, 273, 58, -244, 78, 165, -107, 136, 102, -141, -170, 151, 
214, 273, 58, -244, 78, 165, -107, 136, 102, -146, -170, 151, 
219, 268, 48, -244, 85, 158, -117, 136, 97, -136, -170, 161, 
224, 263, 39, -244, 92, 151, -117, 136, 92, -141, -170, 161, 
229, 268, 39, -248, 95, 153, -117, 131, 92, -141, -175, 156, 
234, 263, 29, -248, 102, 146, -117, 131, 97, -136, -175, 156, 
234, 253, 19, -244, 107, 136, -107, 131, 97, -136, -170, 161, 
234, 248, 14, -241, 109, 131, -107, 131, 97, -136, -170, 161, 
234, 248, 14, -241, 109, 131, -107, 131, 97, -136, -175, 151, 
234, 253, 19, -244, 107, 136, -107, 126, 92, -136, -185, 151, 
224, 253, 29, -239, 97, 141, -107, 136, 92, -136, -175, 146, 
224, 244, 19, -234, 102, 131, -107, 136, 92, -136, -175, 146, 
224, 244, 19, -234, 102, 131, -112, 136, 92, -136, -175, 151, 
224, 248, 24, -236, 100, 136, -117, 136, 87, -141, -175, 151, 
224, 253, 29, -239, 97, 141, -117, 136, 87, -146, -185, 146, 
224, 258, 34, -241, 95, 146, -117, 136, 87, -146, -185, 146, 
224, 258, 34, -241, 95, 146, -112, 141, 87, -146, -175, 146, 
224, 253, 29, -239, 97, 141, -112, 141, 87, -146, -175, 146, 
224, 244, 19, -234, 102, 131, -112, 141, 87, -156, -185, 146, 
224, 248, 24, -236, 100, 136, -112, 141, 87, -156, -185, 146, 
224, 253, 29, -239, 97, 141, -112, 136, 87, -161, -185, 146, 
224, 253, 29, -239, 97, 141, -112, 136, 87, -161, -185, 146, 
219, 268, 48, -244, 85, 158, -122, 126, 87, -151, -185, 151, 
219, 273, 53, -246, 82, 163, -122, 126, 87, -141, -180, 151, 
224, 253, 29, -239, 97, 141, -117, 146, 97, -136, -165, 156, 
234, 268, 34, -251, 100, 151, -126, 141, 92, -151, -170, 151, 
234, 273, 39, -253, 97, 156, -126, 136, 87, -156, -175, 146, 
234, 278, 43, -256, 95, 161, -126, 131, 82, -161, -180, 141, 
234, 283, 48, -258, 92, 165, -126, 126, 78, -165, -185, 136, 
224, 273, 48, -248, 87, 161, -117, 126, 87, -165, -185, 146, 
224, 253, 29, -239, 97, 141, -117, 126, 87, -175, -185, 146, 
224, 244, 19, -234, 102, 131, -112, 131, 87, -175, -185, 146, 
224, 234, 9, -229, 107, 122, -112, 131, 87, -175, -190, 141, 
229, 248, 19, -239, 104, 134, -122, 117, 78, -185, -204, 141, 
229, 253, 24, -241, 102, 139, -122, 117, 73, -185, -204, 141, 
234, 258, 24, -246, 104, 141, -122, 122, 68, -180, -204, 141, 
239, 258, 19, -248, 109, 139, -122, 122, 63, -180, -209, 141, 
234, 268, 34, -251, 100, 151, -122, 126, 68, -175, -204, 146, 
234, 278, 43, -256, 95, 161, -122, 126, 78, -170, -195, 146, 
234, 278, 43, -256, 95, 161, -122, 126, 82, -165, -185, 146, 
234, 278, 43, -256, 95, 161, -122, 122, 97, -161, -180, 146, 
229, 287, 58, -258, 85, 173, -122, 112, 102, -161, -190, 146, 
229, 287, 58, -258, 85, 173, -122, 112, 102, -151, -180, 151, 
234, 287, 53, -261, 90, 170, -122, 112, 107, -146, -175, 156, 
234, 297, 63, -265, 85, 180, -122, 112, 117, -136, -170, 161, 
234, 312, 78, -273, 78, 195, -122, 112, 112, -146, -180, 156, 
234, 326, 92, -280, 70, 209, -122, 117, 117, -146, -180, 161, 
234, 331, 97, -283, 68, 214, -122, 117, 126, -136, -175, 161, 
234, 341, 107, -287, 63, 224, -122, 117, 131, -131, -170, 165, 
234, 341, 107, -287, 63, 224, -122, 117, 131, -117, -161, 165, 
234, 341, 107, -287, 63, 224, -117, 117, 136, -117, -156, 165, 
234, 326, 92, -280, 70, 209, -102, 122, 141, -112, -151, 170, 
234, 326, 92, -280, 70, 209, -102, 126, 146, -112, -151, 170, 
224, 322, 97, -273, 63, 209, -102, 131, 161, -112, -151, 180, 
224, 322, 97, -273, 63, 209, -102, 131, 161, -112, -151, 180, 
224, 331, 107, -278, 58, 219, -102, 126, 161, -112, -156, 180, 
224, 336, 112, -280, 56, 224, -107, 126, 161, -112, -156, 175, 
234, 351, 117, -292, 58, 234, -117, 117, 161, -122, -165, 165, 
234, 361, 126, -297, 53, 244, -117, 117, 161, -117, -161, 165, 
234, 370, 136, -302, 48, 253, -122, 117, 156, -112, -161, 170, 
234, 375, 141, -305, 46, 258, -136, 107, 151, -112, -156, 170, 
234, 356, 122, -295, 56, 239, -136, 97, 151, -107, -151, 190, 
239, 361, 122, -300, 58, 241, -146, 87, 156, -102, -146, 190, 
239, 356, 117, -297, 61, 236, -151, 82, 161, -97, -131, 195, 
248, 351, 102, -300, 73, 226, -161, 82, 165, -82, -117, 204, 
253, 366, 112, -309, 70, 239, -175, 78, 165, -92, -126, 200, 
253, 375, 122, -314, 65, 248, -185, 68, 161, -92, -126, 200, 
253, 390, 136, -322, 58, 263, -190, 63, 161, -92, -117, 204, 
253, 390, 136, -322, 58, 263, -190, 58, 161, -92, -117, 204, 
258, 400, 141, -329, 58, 270, -200, 58, 161, -102, -117, 204, 
258, 390, 131, -324, 63, 261, -200, 73, 151, -97, -117, 209, 
263, 375, 112, -319, 75, 244, -195, 82, 151, -97, -117, 214, 
273, 366, 92, -319, 90, 229, -195, 92, 146, -102, -112, 219, 
287, 370, 82, -329, 102, 226, -204, 87, 131, -112, -122, 209, 
287, 366, 78, -326, 104, 222, -204, 82, 126, -117, -122, 209, 
287, 351, 63, -319, 112, 207, -200, 82, 122, -126, -126, 209, 
292, 346, 53, -319, 119, 200, -200, 78, 112, -141, -146, 200, 
283, 336, 53, -309, 114, 195, -195, 97, 102, -151, -156, 190, 
292, 331, 39, -312, 126, 185, -190, 87, 97, -151, -156, 190, 
283, 326, 43, -305, 119, 185, -185, 87, 97, -151, -156, 195, 
278, 317, 39, -297, 119, 178, -170, 92, 97, -151, -156, 195, 
278, 297, 19, -287, 129, 158, -175, 102, 92, -146, -151, 195, 
263, 287, 24, -275, 119, 156, -165, 107, 92, -156, -156, 190, 
248, 278, 29, -263, 109, 153, -161, 107, 92, -156, -161, 190, 
244, 268, 24, -256, 109, 146, -156, 107, 87, -165, -175, 185, 
239, 263, 24, -251, 107, 143, -151, 97, 78, -165, -185, 175, 
239, 258, 19, -248, 109, 139, -146, 102, 73, -165, -185, 165, 
234, 253, 19, -244, 107, 136, -141, 102, 68, -165, -185, 161, 
234, 253, 19, -244, 107, 136, -141, 97, 68, -170, -190, 151, 
239, 253, 14, -246, 112, 134, -136, 97, 68, -175, -204, 136, 
234, 258, 24, -246, 104, 141, -131, 97, 68, -180, -204, 136, 
234, 273, 39, -253, 97, 156, -131, 97, 63, -190, -204, 131, 
234, 268, 34, -251, 100, 151, -131, 97, 63, -195, -204, 126, 
229, 248, 19, -239, 104, 134, -126, 117, 73, -185, -219, 122, 
229, 234, 4, -231, 112, 119, -122, 122, 73, -185, -219, 122, 
229, 229, 0, -229, 114, 114, -122, 122, 73, -190, -219, 122, 
224, 229, 4, -226, 109, 117, -122, 122, 68, -190, -224, 117, 
219, 229, 9, -224, 104, 119, -126, 112, 63, -209, -229, 117, 
214, 219, 4, -217, 104, 112, -131, 107, 48, -209, -229, 112, 
214, 224, 9, -219, 102, 117, -136, 102, 43, -214, -234, 107, 
214, 229, 14, -222, 100, 122, -141, 92, 39, -219, -239, 107, 
224, 214, -9, -219, 117, 102, -131, 92, 48, -219, -248, 117, 
224, 214, -9, -219, 117, 102, -126, 97, 48, -219, -248, 117, 
224, 219, -4, -222, 114, 107, -126, 107, 48, -219, -244, 117, 
224, 219, -4, -222, 114, 107, -126, 97, 48, -219, -244, 117, 
214, 229, 14, -222, 100, 122, -126, 107, 53, -219, -234, 107, 
214, 229, 14, -222, 100, 122, -126, 107, 53, -209, -234, 107, 
219, 234, 14, -226, 102, 124, -126, 107, 53, -209, -234, 107, 
219, 244, 24, -231, 97, 134, -126, 107, 48, -209, -234, 107, 
219, 234, 14, -226, 102, 124, -126, 107, 58, -200, -234, 107, 
214, 234, 19, -224, 97, 126, -126, 107, 63, -200, -234, 107, 
214, 224, 9, -219, 102, 117, -122, 107, 63, -200, -229, 112, 
214, 224, 9, -219, 102, 117, -122, 107, 68, -200, -229, 112, 
224, 219, -4, -222, 114, 107, -131, 112, 68, -200, -219, 122, 
214, 204, -9, -209, 112, 97, -112, 136, 92, -185, -200, 141, 
214, 195, -19, -204, 117, 87, -87, 161, 112, -156, -204, 141, 
209, 190, -19, -200, 114, 85, -82, 170, 126, -170, -239, 87, 
219, 209, -9, -214, 114, 100, -87, 185, 136, -180, -273, 29, 
224, 229, 4, -226, 109, 117, -87, 190, 151, -156, -273, 19, 
229, 263, 34, -246, 97, 148, -87, 209, 190, -112, -239, 29, 
263, 307, 43, -285, 109, 175, -102, 224, 229, -58, -195, 63, 
287, 405, 117, -346, 85, 261, -146, 204, 263, 9, -112, 146, 
317, 473, 156, -395, 80, 314, -175, 200, 312, 87, 0, 263, 
366, 522, 156, -444, 104, 339, -214, 219, 331, 156, 126, 409, 
448, 624, 175, -536, 136, 400, -278, 195, 317, 219, 263, 595, 
541, 751, 209, -646, 165, 480, -370, 141, 302, 312, 444, 829, 
629, 873, 244, -751, 192, 558, -478, 78, 302, 419, 658, 1112, 
736, 1000, 263, -868, 236, 631, -595, -4, 253, 492, 873, 1420, 
849, 1132, 283, -990, 283, 707, -741, -141, 161, 556, 1102, 1771, 
936, 1234, 297, -1085, 319, 766, -878, -302, 58, 580, 1302, 2083, 
971, 1273, 302, -1122, 334, 788, -951, -424, -34, 541, 1400, 2288, 
961, 1293, 331, -1127, 314, 812, -995, -502, -126, 478, 1434, 2396, 
936, 1259, 322, -1098, 307, 790, -1005, -551, -214, 405, 1400, 2405, 
897, 1078, 180, -988, 358, 629, -941, -531, -292, 258, 1205, 2215, 
810, 873, 63, -841, 373, 468, -844, -488, -366, 102, 941, 1898, 
697, 751, 53, -724, 322, 402, -756, -478, -419, -34, 712, 1600, 
551, 639, 87, -595, 231, 363, -653, -468, -429, -165, 444, 1239, 
400, 512, 112, -456, 143, 312, -522, -453, -424, -346, 58, 741, 
278, 366, 87, -322, 95, 226, -414, -409, -453, -556, -302, 297, 
200, 239, 39, -219, 80, 139, -341, -331, -507, -673, -478, 92, 
180, 156, -24, -168, 102, 65, -287, -244, -507, -688, -522, 39, 
180, 107, -73, -143, 126, 17, -234, -156, -473, -678, -541, -19, 
180, 73, -107, -126, 143, -17, -195, -97, -424, -663, -561, -68, 
190, 92, -97, -141, 143, -2, -170, -53, -356, -619, -536, -58, 
190, 126, -63, -158, 126, 31, -170, -24, -312, -566, -507, -58, 
190, 131, -58, -161, 124, 36, -170, -14, -292, -541, -497, -43, 
190, 131, -58, -161, 124, 36, -180, 0, -258, -507, -468, -39, 
180, 136, -43, -158, 112, 46, -180, 9, -214, -473, -453, -34, 
175, 136, -39, -156, 107, 48, -161, 24, -175, -448, -444, -34, 
175, 117, -58, -146, 117, 29, -151, 39, -136, -419, -429, -34, 
175, 107, -68, -141, 122, 19, -136, 53, -87, -385, -405, -24, 
180, 107, -73, -143, 126, 17, -122, 68, -43, -351, -390, -19, 
180, 107, -73, -143, 126, 17, -112, 82, -14, -326, -370, -14, 
180, 112, -68, -146, 124, 21, -112, 82, 0, -317, -356, -9, 
180, 122, -58, -151, 119, 31, -107, 73, -4, -307, -356, -4, 
180, 131, -48, -156, 114, 41, -107, 78, -4, -302, -346, 0, 
190, 141, -48, -165, 119, 46, -102, 87, 0, -302, -336, 4, 
195, 151, -43, -173, 119, 53, -102, 97, 4, -302, -331, 9, 
204, 161, -43, -183, 124, 58, -107, 107, 4, -302, -331, 19, 
204, 156, -48, -180, 126, 53, -102, 117, 14, -292, -331, 19, 
204, 151, -53, -178, 129, 48, -97, 117, 19, -292, -336, 19, 
204, 151, -53, -178, 129, 48, -97, 112, 24, -283, -341, 14, 
195, 146, -48, -170, 122, 48, -97, 102, 34, -283, -341, 4, 
195, 146, -48, -170, 122, 48, -97, 97, 34, -283, -336, 4, 
190, 141, -48, -165, 119, 46, -97, 97, 29, -283, -336, 4, 
190, 141, -48, -165, 119, 46, -97, 97, 29, -283, -336, 4, 
180, 141, -39, -161, 109, 51, -107, 87, 24, -278, -341, -4, 
180, 136, -43, -158, 112, 46, -107, 87, 29, -268, -336, 0, 
185, 136, -48, -161, 117, 43, -107, 92, 34, -268, -331, 9, 
185, 136, -48, -161, 117, 43, -112, 92, 34, -273, -331, 0, 
195, 151, -43, -173, 119, 53, -102, 102, 39, -273, -331, 9, 
195, 151, -43, -173, 119, 53, -102, 107, 39, -273, -331, 9, 
195, 151, -43, -173, 119, 53, -102, 107, 39, -268, -331, 9, 
195, 151, -43, -173, 119, 53, -102, 102, 39, -268, -331, 9, 
195, 141, -53, -168, 124, 43, -97, 92, 48, -268, -322, 19, 
195, 141, -53, -168, 124, 43, -97, 92, 48, -268, -326, 19, 
195, 141, -53, -168, 124, 43, -97, 92, 43, -273, -326, 19, 
195, 141, -53, -168, 124, 43, -97, 92, 43, -273, -326, 19, 
185, 136, -48, -161, 117, 43, -97, 97, 39, -273, -326, 9, 
185, 136, -48, -161, 117, 43, -97, 102, 43, -273, -326, 9, 
185, 136, -48, -161, 117, 43, -97, 112, 43, -273, -326, 9, 
185, 136, -48, -161, 117, 43, -92, 122, 48, -273, -326, 9, 
185, 131, -53, -158, 119, 39, -92, 122, 58, -263, -317, 9, 
185, 131, -53, -158, 119, 39, -92, 122, 58, -263, -317, 9, 
185, 136, -48, -161, 117, 43, -97, 122, 53, -268, -317, 9, 
185, 141, -43, -163, 114, 48, -97, 122, 53, -268, -317, 9, 
195, 146, -48, -170, 122, 48, -97, 117, 43, -278, -322, 9, 
195, 156, -39, -175, 117, 58, -97, 112, 43, -273, -326, 9, 
195, 165, -29, -180, 112, 68, -97, 107, 43, -273, -331, 9, 
195, 170, -24, -183, 109, 73, -97, 102, 43, -273, -336, 9, 
195, 146, -48, -170, 122, 48, -97, 117, 48, -273, -322, 4, 
195, 146, -48, -170, 122, 48, -97, 117, 48, -273, -322, 4, 
195, 146, -48, -170, 122, 48, -97, 117, 48, -273, -322, 4, 
200, 146, -53, -173, 126, 46, -92, 122, 53, -268, -322, 4, 
190, 141, -48, -165, 119, 46, -102, 122, 63, -258, -312, 9, 
190, 141, -48, -165, 119, 46, -107, 117, 63, -258, -312, 14, 
185, 141, -43, -163, 114, 48, -107, 117, 58, -253, -312, 19, 
185, 136, -48, -161, 117, 43, -102, 122, 58, -253, -312, 24, 
185, 141, -43, -163, 114, 48, -112, 112, 58, -263, -317, 14, 
185, 146, -39, -165, 112, 53, -112, 117, 68, -253, -322, 14, 
185, 136, -48, -161, 117, 43, -112, 117, 68, -248, -317, 19, 
185, 151, -34, -168, 109, 58, -112, 117, 68, -248, -322, 19, 
195, 170, -24, -183, 109, 73, -122, 107, 58, -253, -336, 4, 
195, 180, -14, -187, 104, 82, -126, 112, 53, -258, -336, 4, 
195, 185, -9, -190, 102, 87, -126, 112, 53, -263, -336, 9, 
195, 190, -4, -192, 100, 92, -126, 117, 58, -268, -331, 9, 
195, 175, -19, -185, 107, 78, -117, 126, 68, -263, -322, 14, 
195, 170, -24, -183, 109, 73, -112, 126, 68, -258, -322, 14, 
200, 161, -39, -180, 119, 61, -112, 126, 68, -253, -312, 19, 
200, 156, -43, -178, 122, 56, -112, 126, 68, -244, -312, 19, 
204, 151, -53, -178, 129, 48, -107, 117, 78, -234, -312, 19, 
204, 156, -48, -180, 126, 53, -112, 117, 78, -239, -312, 24, 
204, 151, -53, -178, 129, 48, -112, 122, 78, -239, -307, 24, 
204, 151, -53, -178, 129, 48, -112, 122, 78, -234, -307, 24, 
204, 156, -48, -180, 126, 53, -112, 131, 78, -244, -307, 34, 
209, 156, -53, -183, 131, 51, -117, 131, 78, -244, -302, 34, 
209, 156, -53, -183, 131, 51, -117, 136, 82, -234, -297, 48, 
209, 161, -48, -185, 129, 56, -117, 136, 82, -234, -297, 48, 
209, 170, -39, -190, 124, 65, -131, 136, 73, -244, -297, 48, 
214, 175, -39, -195, 126, 68, -131, 136, 78, -244, -297, 58, 
219, 185, -34, -202, 126, 75, -131, 136, 78, -239, -292, 63, 
224, 190, -34, -207, 129, 78, -131, 131, 78, -234, -287, 63, 
224, 180, -43, -202, 134, 68, -141, 131, 87, -229, -287, 63, 
224, 180, -43, -202, 134, 68, -141, 131, 87, -224, -278, 73, 
229, 185, -43, -207, 136, 70, -141, 131, 87, -219, -273, 78, 
234, 200, -34, -217, 134, 82, -151, 131, 87, -214, -268, 82, 
239, 200, -39, -219, 139, 80, -151, 136, 92, -214, -253, 92, 
248, 200, -48, -224, 148, 75, -151, 136, 97, -204, -244, 97, 
253, 200, -53, -226, 153, 73, -161, 141, 97, -195, -239, 102, 
253, 209, -43, -231, 148, 82, -165, 141, 102, -190, -234, 117, 
258, 219, -39, -239, 148, 90, -156, 141, 112, -185, -229, 126, 
263, 229, -34, -246, 148, 97, -161, 141, 112, -180, -219, 136, 
263, 244, -19, -253, 141, 112, -161, 141, 117, -175, -209, 146, 
268, 258, -9, -263, 139, 124, -165, 141, 117, -170, -200, 161, 
273, 248, -24, -261, 148, 112, -170, 141, 117, -165, -195, 170, 
278, 253, -24, -265, 151, 114, -170, 141, 117, -165, -190, 180, 
283, 263, -19, -273, 151, 122, -175, 141, 122, -156, -175, 200, 
287, 258, -29, -273, 158, 114, -180, 141, 131, -141, -165, 209, 
283, 278, -4, -280, 143, 136, -195, 131, 131, -141, -156, 224, 
287, 292, 4, -290, 141, 148, -200, 131, 126, -136, -141, 239, 
287, 302, 14, -295, 136, 158, -204, 131, 126, -136, -131, 244, 
292, 322, 29, -307, 131, 175, -214, 131, 126, -131, -122, 248, 
307, 331, 24, -319, 141, 178, -224, 141, 126, -122, -122, 258, 
312, 336, 24, -324, 143, 180, -229, 141, 131, -112, -117, 263, 
317, 346, 29, -331, 143, 187, -229, 141, 131, -107, -107, 283, 
317, 351, 34, -334, 141, 192, -234, 141, 131, -102, -97, 287, 
317, 356, 39, -336, 139, 197, -239, 141, 146, -102, -97, 297, 
317, 370, 53, -344, 131, 212, -244, 141, 146, -97, -92, 302, 
317, 375, 58, -346, 129, 217, -244, 141, 146, -87, -78, 312, 
326, 380, 53, -353, 136, 217, -248, 131, 156, -82, -68, 322, 
326, 380, 53, -353, 136, 217, -253, 141, 165, -73, -53, 331, 
326, 390, 63, -358, 131, 226, -258, 141, 165, -68, -53, 336, 
326, 385, 58, -356, 134, 222, -258, 141, 165, -68, -48, 351, 
326, 385, 58, -356, 134, 222, -258, 141, 170, -63, -43, 366, 
341, 400, 58, -370, 141, 229, -253, 126, 161, -73, -48, 356, 
341, 405, 63, -373, 139, 234, -258, 117, 156, -73, -48, 361, 
341, 409, 68, -375, 136, 239, -263, 117, 156, -73, -43, 366, 
336, 414, 78, -375, 129, 246, -263, 117, 161, -68, -43, 370, 
336, 424, 87, -380, 124, 256, -273, 112, 161, -68, -29, 361, 
341, 429, 87, -385, 126, 258, -278, 107, 161, -68, -24, 366, 
341, 429, 87, -385, 126, 258, -278, 107, 161, -68, -19, 370, 
341, 429, 87, -385, 126, 258, -278, 102, 165, -68, -19, 370, 
326, 429, 102, -378, 112, 265, -287, 92, 165, -68, -34, 366, 
326, 434, 107, -380, 109, 270, -292, 82, 165, -68, -34, 361, 
326, 444, 117, -385, 104, 280, -292, 73, 165, -73, -39, 356, 
326, 448, 122, -387, 102, 285, -292, 68, 165, -78, -53, 341, 
326, 439, 112, -383, 107, 275, -278, 78, 165, -73, -48, 346, 
317, 434, 117, -375, 100, 275, -273, 78, 165, -73, -53, 341, 
312, 429, 117, -370, 97, 273, -273, 73, 170, -78, -58, 326, 
307, 419, 112, -363, 97, 265, -268, 68, 170, -78, -63, 317, 
302, 409, 107, -356, 97, 258, -263, 68, 170, -82, -78, 307, 
297, 400, 102, -348, 97, 251, -263, 63, 170, -97, -87, 297, 
292, 400, 107, -346, 92, 253, -263, 63, 165, -107, -102, 283, 
292, 390, 97, -341, 97, 244, -253, 63, 165, -117, -112, 273, 
283, 390, 107, -336, 87, 248, -248, 58, 156, -122, -117, 263, 
278, 380, 102, -329, 87, 241, -248, 58, 156, -126, -126, 248, 
273, 375, 102, -324, 85, 239, -244, 58, 156, -136, -136, 239, 
273, 361, 87, -317, 92, 224, -239, 53, 156, -136, -136, 229, 
258, 351, 92, -305, 82, 222, -224, 63, 156, -136, -141, 229, 
258, 346, 87, -302, 85, 217, -219, 63, 151, -141, -156, 214, 
258, 341, 82, -300, 87, 212, -219, 58, 156, -151, -161, 204, 
258, 341, 82, -300, 87, 212, -219, 53, 161, -156, -170, 195, 
253, 346, 92, -300, 80, 219, -224, 48, 146, -165, -185, 180, 
248, 346, 97, -297, 75, 222, -224, 43, 141, -170, -190, 175, 
244, 336, 92, -290, 75, 214, -224, 39, 136, -170, -190, 170, 
244, 341, 97, -292, 73, 219, -229, 34, 131, -175, -190, 165, 
244, 346, 102, -295, 70, 224, -224, 29, 136, -175, -190, 161, 
239, 341, 102, -290, 68, 222, -224, 29, 136, -175, -195, 156, 
239, 341, 102, -290, 68, 222, -224, 29, 136, -185, -200, 156, 
239, 336, 97, -287, 70, 217, -224, 29, 131, -190, -200, 151, 
244, 326, 82, -285, 80, 204, -219, 29, 126, -185, -204, 156, 
244, 312, 68, -278, 87, 190, -219, 34, 122, -185, -209, 151, 
244, 302, 58, -273, 92, 180, -219, 34, 122, -185, -214, 146, 
244, 292, 48, -268, 97, 170, -219, 29, 122, -190, -219, 141, 
229, 287, 58, -258, 85, 173, -214, 39, 122, -190, -219, 131, 
219, 287, 68, -253, 75, 178, -214, 43, 117, -195, -224, 131, 
219, 287, 68, -253, 75, 178, -214, 43, 117, -200, -224, 131, 
219, 268, 48, -244, 85, 158, -209, 43, 122, -200, -224, 126, 
229, 273, 43, -251, 92, 158, -219, 39, 112, -209, -239, 117, 
234, 278, 43, -256, 95, 161, -219, 34, 112, -209, -239, 117, 
234, 287, 53, -261, 90, 170, -219, 29, 107, -209, -239, 117, 
229, 292, 63, -261, 82, 178, -219, 24, 102, -209, -244, 117, 
229, 287, 58, -258, 85, 173, -209, 24, 112, -219, -244, 112, 
234, 287, 53, -261, 90, 170, -209, 24, 112, -219, -244, 112, 
234, 273, 39, -253, 97, 156, -209, 24, 107, -219, -244, 112, 
229, 283, 53, -256, 87, 168, -209, 24, 107, -224, -248, 112, 
229, 283, 53, -256, 87, 168, -219, 34, 102, -214, -248, 107, 
229, 283, 53, -256, 87, 168, -219, 39, 102, -214, -248, 107, 
229, 283, 53, -256, 87, 168, -219, 39, 102, -214, -253, 102, 
229, 287, 58, -258, 85, 173, -219, 39, 102, -214, -253, 102, 
219, 283, 63, -251, 78, 173, -209, 29, 102, -214, -253, 112, 
219, 278, 58, -248, 80, 168, -209, 29, 107, -214, -248, 107, 
219, 268, 48, -244, 85, 158, -204, 29, 112, -214, -244, 107, 
219, 263, 43, -241, 87, 153, -204, 29, 117, -214, -239, 107, 
224, 253, 29, -239, 97, 141, -195, 39, 112, -214, -248, 102, 
224, 253, 29, -239, 97, 141, -195, 39, 112, -214, -248, 102, 
224, 248, 24, -236, 100, 136, -195, 39, 112, -214, -248, 102, 
229, 248, 19, -239, 104, 134, -195, 39, 112, -209, -244, 102, 
229, 253, 24, -241, 102, 139, -204, 29, 112, -209, -244, 92, 
229, 263, 34, -246, 97, 148, -204, 29, 112, -214, -248, 92, 
229, 273, 43, -251, 92, 158, -204, 24, 112, -219, -248, 92, 
229, 278, 48, -253, 90, 163, -204, 24, 112, -219, -248, 97, 
219, 273, 53, -246, 82, 163, -204, 24, 112, -219, -248, 97, 
219, 273, 53, -246, 82, 163, -204, 24, 112, -219, -253, 97, 
219, 273, 53, -246, 82, 163, -204, 29, 112, -214, -253, 97, 
219, 268, 48, -244, 85, 158, -204, 29, 117, -214, -253, 92, 
229, 278, 48, -253, 90, 163, -204, 19, 126, -204, -248, 102, 
229, 273, 43, -251, 92, 158, -204, 19, 126, -204, -248, 102, 
229, 268, 39, -248, 95, 153, -209, 19, 126, -204, -248, 102, 
229, 268, 39, -248, 95, 153, -209, 19, 126, -204, -248, 102, 
224, 278, 53, -251, 85, 165, -204, 19, 117, -209, -248, 112, 
224, 278, 53, -251, 85, 165, -204, 19, 117, -209, -248, 112, 
229, 278, 48, -253, 90, 163, -204, 19, 117, -209, -248, 112, 
229, 278, 48, -253, 90, 163, -209, 19, 117, -204, -248, 112, 
229, 287, 58, -258, 85, 173, -219, 9, 117, -214, -253, 102, 
229, 297, 68, -263, 80, 183, -219, 9, 117, -214, -253, 102, 
229, 297, 68, -263, 80, 183, -219, 4, 117, -214, -253, 102, 
229, 297, 68, -263, 80, 183, -219, 4, 117, -219, -253, 102, 
229, 302, 73, -265, 78, 187, -229, 9, 117, -209, -253, 102, 
229, 302, 73, -265, 78, 187, -229, 14, 117, -209, -253, 102, 
229, 302, 73, -265, 78, 187, -229, 19, 117, -209, -253, 102, 
229, 317, 87, -273, 70, 202, -229, 24, 117, -209, -253, 102, 
229, 302, 73, -265, 78, 187, -219, 19, 126, -200, -244, 112, 
229, 287, 58, -258, 85, 173, -219, 14, 126, -200, -239, 112, 
229, 283, 53, -256, 87, 168, -219, 9, 126, -200, -239, 117, 
224, 283, 58, -253, 82, 170, -224, 4, 131, -200, -239, 117, 
234, 283, 48, -258, 92, 165, -239, 4, 126, -209, -239, 117, 
234, 283, 48, -258, 92, 165, -239, 4, 117, -209, -239, 117, 
234, 283, 48, -258, 92, 165, -239, -4, 112, -209, -239, 122, 
239, 283, 43, -261, 97, 163, -239, -4, 107, -209, -239, 122, 
239, 273, 34, -256, 102, 153, -229, 4, 117, -209, -248, 122, 
239, 273, 34, -256, 102, 153, -224, 9, 117, -209, -248, 126, 
239, 273, 34, -256, 102, 153, -224, 9, 117, -209, -248, 126, 
244, 278, 34, -261, 104, 156, -224, 9, 112, -214, -248, 122, 
244, 292, 48, -268, 97, 170, -234, 9, 112, -214, -239, 112, 
244, 292, 48, -268, 97, 170, -234, 9, 112, -214, -239, 122, 
244, 292, 48, -268, 97, 170, -234, 9, 112, -209, -234, 126, 
244, 297, 53, -270, 95, 175, -239, 4, 112, -209, -234, 126, 
244, 302, 58, -273, 92, 180, -248, -4, 102, -214, -239, 112, 
244, 302, 58, -273, 92, 180, -244, -4, 102, -214, -239, 112, 
244, 302, 58, -273, 92, 180, -244, 0, 102, -219, -239, 112, 
244, 302, 58, -273, 92, 180, -244, 0, 102, -224, -239, 112, 
244, 292, 48, -268, 97, 170, -234, 9, 107, -224, -239, 112, 
244, 292, 48, -268, 97, 170, -234, 9, 102, -229, -239, 112, 
244, 302, 58, -273, 92, 180, -234, 4, 102, -229, -244, 107, 
244, 302, 58, -273, 92, 180, -234, 4, 107, -224, -244, 107, 
234, 292, 58, -263, 87, 175, -234, -4, 107, -234, -248, 122, 
234, 287, 53, -261, 90, 170, -234, -4, 107, -234, -248, 122, 
234, 287, 53, -261, 90, 170, -234, -4, 107, -234, -253, 112, 
234, 292, 58, -263, 87, 175, -234, -9, 102, -234, -263, 112, 
234, 278, 43, -256, 95, 161, -224, -19, 102, -234, -253, 117, 
234, 263, 29, -248, 102, 146, -224, -19, 102, -234, -253, 117, 
234, 258, 24, -246, 104, 141, -229, -19, 102, -234, -253, 122, 
234, 258, 24, -246, 104, 141, -234, -19, 97, -239, -253, 122, 
234, 268, 34, -251, 100, 151, -224, -19, 97, -234, -253, 107, 
234, 268, 34, -251, 100, 151, -224, -19, 97, -234, -253, 107, 
234, 263, 29, -248, 102, 146, -219, -14, 97, -234, -244, 107, 
234, 253, 19, -244, 107, 136, -219, -14, 97, -234, -244, 107, 
234, 268, 34, -251, 100, 151, -224, -29, 97, -244, -258, 97, 
234, 278, 43, -256, 95, 161, -229, -34, 97, -244, -263, 97, 
234, 287, 53, -261, 90, 170, -234, -43, 97, -248, -268, 97, 
234, 292, 58, -263, 87, 175, -239, -48, 97, -248, -273, 97, 
239, 278, 39, -258, 100, 158, -248, -39, 97, -248, -273, 102, 
239, 273, 34, -256, 102, 153, -248, -39, 97, -248, -268, 102, 
239, 273, 34, -256, 102, 153, -248, -39, 97, -248, -268, 102, 
239, 278, 39, -258, 100, 158, -248, -39, 92, -253, -268, 97, 
214, 268, 53, -241, 80, 161, -234, -34, 97, -248, -263, 112, 
195, 268, 73, -231, 61, 170, -229, -29, 102, -239, -253, 117, 
180, 268, 87, -224, 46, 178, -224, -24, 107, -229, -244, 122, 
165, 263, 97, -214, 34, 180, -219, -19, 112, -219, -234, 131, 
117, 283, 165, -200, -24, 224, -204, -9, 131, -209, -224, 141, 
107, 273, 165, -190, -29, 219, -195, 9, 141, -200, -219, 141, 
97, 263, 165, -180, -34, 214, -185, 9, 146, -195, -204, 146, 
87, 268, 180, -178, -46, 224, -190, 4, 136, -200, -219, 136, 
87, 273, 185, -180, -48, 229, -195, 0, 136, -204, -224, 136, 
87, 278, 190, -183, -51, 234, -200, -4, 136, -209, -229, 136, 
87, 283, 195, -185, -53, 239, -204, -9, 136, -214, -234, 136, 
87, 273, 185, -180, -48, 229, -195, 0, 136, -204, -224, 146, 
87, 263, 175, -175, -43, 219, -195, 0, 136, -214, -224, 146, 
87, 263, 175, -175, -43, 219, -190, 4, 136, -214, -224, 146, 
87, 263, 175, -175, -43, 219, -190, 4, 136, -214, -229, 141, 
82, 273, 190, -178, -53, 231, -190, 0, 141, -204, -229, 141, 
73, 273, 200, -173, -63, 236, -190, 0, 141, -204, -224, 141, 
68, 273, 204, -170, -68, 239, -190, 4, 141, -200, -219, 141, 
63, 268, 204, -165, -70, 236, -190, 4, 141, -200, -219, 141, 
58, 258, 200, -158, -70, 229, -180, 0, 146, -190, -219, 156, 
58, 258, 200, -158, -70, 229, -180, 0, 156, -190, -214, 156, 
58, 248, 190, -153, -65, 219, -180, 0, 161, -190, -209, 156, 
58, 239, 180, -148, -61, 209, -180, -4, 175, -190, -209, 156, 
53, 273, 219, -163, -82, 246, -185, -14, 165, -195, -214, 151, 
53, 287, 234, -170, -90, 261, -190, -14, 161, -190, -209, 151, 
58, 302, 244, -180, -92, 273, -195, -14, 161, -190, -209, 151, 
58, 326, 268, -192, -104, 297, -200, -14, 165, -185, -209, 151, 
58, 326, 268, -192, -104, 297, -195, -4, 175, -180, -204, 161, 
58, 336, 278, -197, -109, 307, -190, 0, 185, -175, -200, 170, 
58, 336, 278, -197, -109, 307, -185, 0, 200, -161, -190, 175, 
58, 341, 283, -200, -112, 312, -180, 0, 209, -151, -180, 185, 
48, 341, 292, -195, -122, 317, -190, -9, 209, -156, -180, 185, 
48, 341, 292, -195, -122, 317, -185, -9, 214, -156, -175, 185, 
48, 326, 278, -187, -114, 302, -170, -4, 219, -151, -170, 190, 
48, 326, 278, -187, -114, 302, -170, 0, 224, -151, -170, 190, 
48, 326, 278, -187, -114, 302, -170, 14, 219, -141, -180, 180, 
48, 331, 283, -190, -117, 307, -170, 14, 219, -141, -180, 180, 
48, 346, 297, -197, -124, 322, -170, 9, 219, -141, -185, 180, 
48, 356, 307, -202, -129, 331, -175, 9, 219, -141, -185, 175, 
48, 351, 302, -200, -126, 326, -165, 19, 234, -151, -175, 185, 
48, 351, 302, -200, -126, 326, -165, 19, 239, -146, -170, 185, 
48, 351, 302, -200, -126, 326, -170, 19, 239, -141, -170, 190, 
48, 346, 297, -197, -124, 322, -185, 9, 239, -141, -165, 190, 
43, 331, 287, -187, -122, 309, -190, 9, 244, -131, -156, 209, 
43, 341, 297, -192, -126, 319, -195, 0, 244, -131, -156, 209, 
39, 341, 302, -190, -131, 322, -195, -4, 244, -131, -146, 214, 
43, 341, 297, -192, -126, 319, -200, -4, 244, -122, -136, 224, 
39, 356, 317, -197, -139, 336, -219, -19, 239, -122, -146, 219, 
39, 375, 336, -207, -148, 356, -234, -29, 229, -122, -146, 219, 
39, 400, 361, -219, -161, 380, -244, -34, 224, -122, -136, 224, 
39, 409, 370, -224, -165, 390, -248, -39, 219, -122, -136, 224, 
43, 400, 356, -222, -156, 378, -258, -48, 224, -122, -126, 234, 
43, 390, 346, -217, -151, 368, -258, -34, 219, -117, -126, 239, 
48, 375, 326, -212, -139, 351, -253, -24, 224, -117, -126, 244, 
58, 366, 307, -212, -124, 336, -253, -14, 224, -122, -122, 248, 
63, 361, 297, -212, -117, 329, -244, 0, 219, -122, -122, 239, 
63, 346, 283, -204, -109, 314, -244, 4, 214, -126, -122, 239, 
63, 322, 258, -192, -97, 290, -239, 14, 209, -136, -126, 239, 
68, 307, 239, -187, -85, 273, -239, 19, 200, -151, -146, 229, 
68, 307, 239, -187, -85, 273, -248, 19, 170, -170, -161, 229, 
78, 312, 234, -195, -78, 273, -248, 9, 165, -170, -165, 229, 
68, 317, 248, -192, -90, 283, -248, 9, 165, -170, -170, 234, 
63, 317, 253, -190, -95, 285, -239, 14, 165, -170, -175, 234, 
63, 312, 248, -187, -92, 280, -244, 14, 161, -165, -175, 219, 
48, 307, 258, -178, -104, 283, -234, 19, 161, -175, -175, 209, 
34, 302, 268, -168, -117, 285, -229, 19, 161, -175, -175, 204, 
29, 297, 268, -163, -119, 283, -224, 19, 156, -185, -185, 195, 
14, 268, 253, -141, -119, 261, -214, 29, 165, -195, -204, 180, 
14, 258, 244, -136, -114, 251, -204, 34, 161, -195, -204, 175, 
9, 248, 239, -129, -114, 244, -195, 34, 156, -195, -204, 175, 
9, 244, 234, -126, -112, 239, -190, 29, 156, -200, -209, 170, 
14, 248, 234, -131, -109, 241, -195, 24, 146, -209, -214, 165, 
9, 248, 239, -129, -114, 244, -190, 19, 146, -209, -214, 165, 
9, 258, 248, -134, -119, 253, -190, 14, 141, -214, -214, 161, 
9, 248, 239, -129, -114, 244, -190, 9, 141, -214, -214, 156, 
4, 244, 239, -124, -117, 241, -195, 19, 141, -204, -229, 151, 
4, 234, 229, -119, -112, 231, -190, 24, 141, -204, -229, 151, 
4, 234, 229, -119, -112, 231, -190, 24, 141, -209, -229, 151, 
0, 239, 239, -119, -119, 239, -190, 24, 136, -209, -234, 146, 
4, 244, 239, -124, -117, 241, -180, 39, 136, -229, -239, 146, 
0, 229, 229, -114, -114, 229, -180, 39, 126, -229, -239, 141, 
0, 229, 229, -114, -114, 229, -180, 39, 126, -234, -244, 136, 
0, 229, 229, -114, -114, 229, -180, 34, 126, -239, -248, 136, 
0, 214, 214, -107, -107, 214, -190, 24, 126, -248, -248, 126, 
0, 214, 214, -107, -107, 214, -185, 29, 126, -248, -248, 126, 
0, 219, 219, -109, -109, 219, -185, 39, 126, -248, -244, 126, 
0, 219, 219, -109, -109, 219, -185, 29, 126, -248, -244, 126, 
9, 234, 224, -122, -107, 229, -195, 19, 122, -248, -253, 126, 
9, 239, 229, -124, -109, 234, -195, 19, 122, -239, -253, 126, 
14, 248, 234, -131, -109, 241, -195, 19, 122, -239, -253, 126, 
14, 263, 248, -139, -117, 256, -195, 19, 117, -239, -253, 126, 
14, 258, 244, -136, -114, 251, -185, 19, 117, -239, -248, 136, 
9, 253, 244, -131, -117, 248, -185, 19, 122, -239, -244, 136, 
9, 239, 229, -124, -109, 234, -180, 19, 122, -239, -234, 141, 
9, 234, 224, -122, -107, 229, -180, 19, 126, -239, -229, 141, 
9, 229, 219, -119, -104, 224, -180, 34, 136, -219, -229, 141, 
19, 244, 224, -131, -102, 234, -180, 39, 141, -224, -239, 141, 
0, 234, 234, -117, -117, 234, -165, 53, 161, -214, -234, 141, 
-4, 200, 204, -97, -104, 202, -151, 82, 185, -200, -239, 107, 
4, 180, 175, -92, -85, 178, -126, 117, 204, -190, -253, 78, 
0, 190, 190, -95, -95, 190, -107, 141, 229, -156, -253, 58, 
14, 224, 209, -119, -97, 217, -117, 151, 268, -131, -229, 68, 
39, 268, 229, -153, -95, 248, -131, 165, 307, -97, -195, 92, 
63, 336, 273, -200, -104, 305, -165, 156, 351, -29, -122, 165, 
102, 424, 322, -263, -109, 373, -195, 141, 390, 39, -19, 273, 
170, 512, 341, -341, -85, 427, -244, 141, 400, 97, 78, 390, 
253, 575, 322, -414, -34, 448, -317, 107, 366, 141, 185, 536, 
326, 663, 336, -495, -4, 500, -419, 63, 341, 214, 336, 751, 
405, 795, 390, -600, 7, 592, -507, 19, 341, 322, 541, 1024, 
531, 922, 390, -727, 70, 656, -614, -34, 322, 424, 746, 1322, 
653, 1054, 400, -854, 126, 727, -751, -151, 258, 488, 966, 1644, 
741, 1195, 453, -968, 143, 824, -907, -312, 165, 512, 1166, 1976, 
795, 1273, 478, -1034, 158, 875, -1000, -453, 73, 492, 1293, 2200, 
805, 1302, 497, -1054, 153, 900, -1054, -561, -9, 439, 1327, 2318, 
800, 1268, 468, -1034, 165, 868, -1083, -619, -107, 366, 1312, 2347, 
761, 1107, 346, -934, 207, 727, -1019, -600, -195, 248, 1176, 2205, 
673, 902, 229, -788, 222, 566, -932, -546, -268, 92, 922, 1927, 
561, 790, 229, -675, 165, 509, -873, -546, -331, -53, 683, 1629, 
424, 707, 283, -566, 70, 495, -780, -566, -361, -175, 453, 1317, 
263, 551, 287, -407, -12, 419, -639, -551, -346, -326, 136, 888, 
112, 395, 283, -253, -85, 339, -502, -507, -346, -507, -204, 444, 
24, 268, 244, -146, -109, 256, -400, -448, -400, -653, -429, 170, 
-4, 185, 190, -90, -97, 187, -346, -370, -429, -707, -522, 68, 
-14, 117, 131, -51, -73, 124, -312, -292, -414, -727, -570, 0, 
-14, 82, 97, -34, -56, 90, -283, -224, -395, -732, -610, -68, 
-14, 82, 97, -34, -56, 90, -258, -170, -346, -688, -595, -78, 
-14, 97, 112, -41, -63, 104, -239, -112, -273, -624, -546, -58, 
-4, 112, 117, -53, -61, 114, -229, -92, -244, -590, -527, -53, 
4, 141, 136, -73, -65, 139, -239, -97, -229, -575, -517, -48, 
-4, 156, 161, -75, -82, 158, -229, -78, -175, -531, -492, -24, 
-9, 136, 146, -63, -78, 141, -219, -63, -117, -497, -473, -4, 
-9, 136, 146, -63, -78, 141, -200, -68, -87, -478, -458, -14, 
-9, 117, 126, -53, -68, 122, -185, -43, -39, -444, -434, -4, 
-14, 87, 102, -36, -58, 95, -170, -19, 24, -400, -400, 9, 
4, 87, 82, -46, -39, 85, -180, -14, 43, -366, -380, 24, 
4, 112, 107, -58, -51, 109, -180, -24, 39, -356, -375, 9, 
-4, 107, 112, -51, -58, 109, -165, -24, 53, -336, -366, 24, 
-4, 112, 117, -53, -61, 114, -165, -19, 53, -331, -356, 29, 
4, 117, 112, -61, -53, 114, -161, -9, 58, -331, -346, 34, 
9, 122, 112, -65, -51, 117, -161, 0, 63, -331, -341, 39, 
9, 136, 126, -73, -58, 131, -165, 4, 73, -331, -341, 29, 
9, 136, 126, -73, -58, 131, -161, 9, 82, -322, -341, 29, 
9, 136, 126, -73, -58, 131, -156, 4, 87, -322, -346, 29, 
9, 141, 131, -75, -61, 136, -156, -4, 92, -312, -351, 24, 
0, 141, 141, -70, -70, 141, -165, -4, 92, -312, -351, 24, 
0, 146, 146, -73, -73, 146, -165, -9, 92, -312, -346, 24, 
-4, 146, 151, -70, -78, 148, -165, -9, 87, -312, -346, 24, 
-4, 151, 156, -73, -80, 153, -165, -9, 87, -312, -346, 24, 
4, 151, 146, -78, -70, 148, -156, -24, 82, -317, -341, 14, 
4, 146, 141, -75, -68, 143, -156, -29, 87, -307, -336, 19, 
9, 146, 136, -78, -63, 141, -156, -29, 92, -307, -331, 29, 
9, 146, 136, -78, -63, 141, -161, -34, 92, -312, -331, 19, 
9, 161, 151, -85, -70, 156, -170, -34, 97, -312, -341, 19, 
9, 161, 151, -85, -70, 156, -170, -29, 97, -312, -341, 19, 
9, 161, 151, -85, -70, 156, -170, -29, 97, -307, -341, 19, 
9, 161, 151, -85, -70, 156, -170, -34, 97, -307, -341, 19, 
9, 151, 141, -80, -65, 146, -165, -24, 107, -297, -336, 24, 
9, 141, 131, -75, -61, 136, -165, -24, 107, -297, -336, 29, 
9, 131, 122, -70, -56, 126, -165, -24, 102, -302, -331, 34, 
9, 122, 112, -65, -51, 117, -165, -24, 102, -302, -326, 39, 
0, 131, 131, -65, -65, 131, -165, -34, 97, -312, -331, 29, 
0, 136, 136, -68, -68, 136, -165, -34, 102, -312, -336, 29, 
0, 141, 141, -70, -70, 141, -165, -29, 102, -312, -341, 29, 
0, 146, 146, -73, -73, 146, -161, -24, 107, -312, -346, 29, 
9, 131, 122, -70, -56, 126, -161, -34, 97, -312, -346, 19, 
9, 131, 122, -70, -56, 126, -161, -34, 97, -312, -346, 19, 
9, 136, 126, -73, -58, 131, -165, -34, 92, -317, -346, 19, 
9, 141, 131, -75, -61, 136, -165, -34, 92, -317, -346, 19, 
9, 126, 117, -68, -53, 122, -156, -24, 97, -326, -336, 24, 
9, 126, 117, -68, -53, 122, -156, -24, 102, -322, -336, 29, 
9, 126, 117, -68, -53, 122, -156, -24, 107, -322, -336, 34, 
9, 122, 112, -65, -51, 117, -156, -24, 112, -322, -336, 39, 
0, 122, 122, -61, -61, 122, -165, -24, 107, -312, -341, 39, 
0, 126, 126, -63, -63, 126, -165, -29, 107, -312, -341, 34, 
0, 131, 131, -65, -65, 131, -165, -34, 107, -312, -341, 29, 
4, 136, 131, -70, -63, 134, -161, -34, 112, -307, -341, 24, 
14, 151, 136, -82, -61, 143, -170, -39, 102, -317, -351, 24, 
14, 161, 146, -87, -65, 153, -175, -48, 102, -317, -351, 24, 
9, 170, 161, -90, -75, 165, -175, -53, 97, -312, -351, 24, 
9, 175, 165, -92, -78, 170, -170, -53, 97, -312, -351, 24, 
19, 165, 146, -92, -63, 156, -170, -53, 97, -312, -351, 24, 
19, 165, 146, -92, -63, 156, -170, -48, 107, -302, -351, 24, 
19, 151, 131, -85, -56, 141, -170, -48, 107, -297, -341, 29, 
19, 161, 141, -90, -61, 151, -170, -48, 107, -297, -341, 29, 
19, 156, 136, -87, -58, 146, -161, -39, 107, -287, -341, 34, 
19, 151, 131, -85, -56, 141, -165, -34, 112, -287, -336, 34, 
19, 141, 122, -80, -51, 131, -165, -34, 122, -287, -331, 39, 
19, 131, 112, -75, -46, 122, -165, -29, 136, -287, -322, 39, 
9, 122, 112, -65, -51, 117, -165, -29, 126, -297, -331, 43, 
9, 122, 112, -65, -51, 117, -161, -29, 126, -297, -331, 43, 
14, 117, 102, -65, -43, 109, -161, -29, 126, -297, -322, 48, 
14, 117, 102, -65, -43, 109, -161, -29, 126, -292, -322, 48, 
29, 131, 102, -80, -36, 117, -175, -29, 117, -292, -331, 39, 
29, 146, 117, -87, -43, 131, -180, -29, 117, -297, -331, 43, 
29, 151, 122, -90, -46, 136, -180, -24, 117, -297, -326, 43, 
29, 161, 131, -95, -51, 146, -180, -24, 117, -292, -326, 43, 
29, 175, 146, -102, -58, 161, -190, -24, 117, -283, -317, 43, 
34, 175, 141, -104, -53, 158, -195, -24, 117, -283, -312, 43, 
34, 175, 141, -104, -53, 158, -195, -19, 122, -273, -307, 58, 
34, 180, 146, -107, -56, 163, -195, -19, 122, -273, -307, 58, 
43, 175, 131, -109, -43, 153, -190, -19, 122, -278, -307, 58, 
48, 175, 126, -112, -39, 151, -190, -19, 126, -283, -307, 68, 
53, 180, 126, -117, -36, 153, -190, -19, 126, -283, -302, 73, 
58, 180, 122, -119, -31, 151, -190, -24, 126, -283, -297, 73, 
48, 180, 131, -114, -41, 156, -190, -24, 126, -278, -297, 82, 
48, 180, 131, -114, -41, 156, -190, -24, 126, -273, -287, 92, 
53, 185, 131, -119, -39, 158, -190, -24, 126, -268, -283, 97, 
58, 200, 141, -129, -41, 170, -200, -24, 126, -263, -278, 102, 
63, 209, 146, -136, -41, 178, -204, -24, 141, -263, -273, 102, 
73, 209, 136, -141, -31, 173, -209, -29, 146, -253, -263, 107, 
78, 209, 131, -143, -26, 170, -224, -29, 146, -244, -258, 112, 
78, 219, 141, -148, -31, 180, -234, -34, 151, -239, -253, 126, 
82, 219, 136, -151, -26, 178, -229, -29, 161, -234, -239, 146, 
87, 219, 131, -153, -21, 175, -229, -24, 161, -229, -229, 156, 
87, 224, 136, -156, -24, 180, -224, -19, 165, -224, -219, 165, 
92, 229, 136, -161, -21, 183, -224, -14, 165, -219, -209, 180, 
97, 244, 146, -170, -24, 195, -234, -24, 156, -224, -209, 180, 
102, 253, 151, -178, -24, 202, -239, -24, 156, -224, -209, 190, 
107, 268, 161, -187, -26, 214, -248, -24, 161, -214, -200, 209, 
112, 268, 156, -190, -21, 212, -258, -24, 170, -200, -195, 219, 
126, 278, 151, -202, -12, 214, -263, -34, 175, -185, -180, 244, 
131, 292, 161, -212, -14, 226, -268, -34, 175, -175, -161, 258, 
131, 302, 170, -217, -19, 236, -273, -34, 180, -170, -146, 263, 
136, 322, 185, -229, -24, 253, -283, -34, 185, -161, -131, 268, 
131, 317, 185, -224, -26, 251, -273, -34, 185, -170, -122, 287, 
136, 317, 180, -226, -21, 248, -278, -34, 190, -161, -117, 292, 
141, 322, 180, -231, -19, 251, -278, -34, 190, -156, -107, 312, 
141, 322, 180, -231, -19, 251, -283, -34, 190, -151, -97, 317, 
146, 336, 190, -241, -21, 263, -287, -34, 185, -151, -102, 317, 
151, 351, 200, -251, -24, 275, -292, -34, 185, -146, -102, 322, 
156, 356, 200, -256, -21, 278, -292, -34, 185, -136, -92, 331, 
170, 361, 190, -265, -9, 275, -297, -43, 195, -131, -87, 341, 
161, 370, 209, -265, -24, 290, -312, -48, 195, -141, -92, 346, 
161, 390, 229, -275, -34, 309, -317, -53, 195, -136, -92, 346, 
161, 395, 234, -278, -36, 314, -317, -58, 195, -136, -87, 356, 
161, 405, 244, -283, -41, 324, -317, -63, 200, -131, -82, 366, 
165, 390, 224, -278, -29, 307, -312, -58, 204, -122, -73, 375, 
165, 385, 219, -275, -26, 302, -317, -68, 204, -122, -68, 380, 
165, 380, 214, -273, -24, 297, -322, -68, 209, -122, -58, 385, 
161, 375, 214, -268, -26, 295, -322, -68, 219, -117, -53, 390, 
165, 380, 214, -273, -24, 297, -322, -73, 209, -117, -58, 380, 
175, 390, 214, -283, -19, 302, -326, -78, 209, -117, -53, 385, 
180, 395, 214, -287, -17, 305, -326, -78, 209, -117, -48, 390, 
185, 400, 214, -292, -14, 307, -326, -82, 214, -117, -48, 390, 
175, 405, 229, -290, -26, 317, -326, -87, 214, -117, -48, 395, 
170, 414, 244, -292, -36, 329, -331, -92, 214, -117, -43, 390, 
165, 429, 263, -297, -48, 346, -331, -97, 214, -122, -43, 385, 
161, 439, 278, -300, -58, 358, -331, -97, 214, -126, -53, 370, 
161, 453, 292, -307, -65, 373, -331, -102, 214, -131, -58, 356, 
151, 453, 302, -302, -75, 378, -331, -107, 214, -131, -63, 351, 
146, 453, 307, -300, -80, 380, -336, -117, 219, -136, -68, 336, 
141, 448, 307, -295, -82, 378, -336, -126, 219, -136, -73, 326, 
146, 434, 287, -290, -70, 361, -322, -136, 219, -146, -87, 326, 
141, 419, 278, -280, -68, 348, -322, -141, 219, -156, -97, 317, 
136, 414, 278, -275, -70, 346, -322, -141, 214, -161, -112, 302, 
136, 400, 263, -268, -63, 331, -312, -141, 214, -165, -122, 292, 
136, 380, 244, -258, -53, 312, -307, -146, 214, -161, -126, 297, 
131, 370, 239, -251, -53, 305, -307, -146, 214, -165, -136, 287, 
126, 366, 239, -246, -56, 302, -302, -146, 214, -175, -146, 283, 
126, 351, 224, -239, -48, 287, -297, -151, 214, -175, -146, 278, 
102, 326, 224, -214, -61, 275, -283, -141, 214, -165, -146, 268, 
102, 317, 214, -209, -56, 265, -278, -141, 209, -170, -156, 253, 
102, 307, 204, -204, -51, 256, -278, -146, 214, -180, -156, 244, 
102, 302, 200, -202, -48, 251, -278, -151, 219, -185, -161, 234, 
107, 322, 214, -214, -53, 268, -283, -165, 200, -195, -180, 209, 
102, 326, 224, -214, -61, 275, -283, -170, 200, -200, -190, 204, 
97, 322, 224, -209, -63, 273, -283, -175, 200, -200, -195, 200, 
97, 331, 234, -214, -68, 283, -287, -180, 200, -204, -200, 195, 
97, 317, 219, -207, -61, 268, -283, -195, 195, -204, -200, 180, 
92, 312, 219, -202, -63, 265, -283, -195, 195, -204, -204, 175, 
92, 312, 219, -202, -63, 265, -283, -195, 195, -214, -209, 175, 
92, 307, 214, -200, -61, 261, -283, -195, 190, -219, -209, 170, 
92, 317, 224, -204, -65, 270, -278, -200, 185, -224, -214, 156, 
87, 312, 224, -200, -68, 268, -278, -200, 180, -224, -219, 151, 
82, 312, 229, -197, -73, 270, -278, -204, 180, -224, -224, 146, 
78, 312, 234, -195, -78, 273, -278, -214, 180, -229, -229, 141, 
87, 307, 219, -197, -65, 263, -273, -214, 170, -229, -229, 151, 
82, 307, 224, -195, -70, 265, -273, -209, 165, -234, -234, 151, 
87, 307, 219, -197, -65, 263, -273, -209, 165, -239, -234, 151, 
92, 287, 195, -190, -51, 241, -268, -209, 170, -239, -234, 146, 
87, 283, 195, -185, -53, 239, -258, -209, 180, -239, -229, 146, 
87, 278, 190, -183, -51, 234, -258, -209, 180, -239, -229, 146, 
82, 278, 195, -180, -56, 236, -258, -209, 175, -239, -229, 146, 
73, 273, 200, -173, -63, 236, -258, -209, 170, -239, -234, 146, 
73, 263, 190, -168, -58, 226, -258, -229, 180, -239, -244, 151, 
78, 258, 180, -168, -51, 219, -258, -229, 180, -239, -244, 151, 
78, 239, 161, -158, -41, 200, -258, -229, 175, -239, -244, 151, 
73, 244, 170, -158, -48, 207, -258, -229, 175, -244, -248, 151, 
82, 244, 161, -163, -39, 202, -258, -239, 180, -244, -248, 136, 
82, 244, 161, -163, -39, 202, -258, -234, 180, -244, -248, 136, 
82, 244, 161, -163, -39, 202, -258, -234, 180, -244, -253, 131, 
82, 248, 165, -165, -41, 207, -258, -234, 180, -244, -253, 131, 
82, 253, 170, -168, -43, 212, -268, -244, 175, -253, -258, 131, 
82, 258, 175, -170, -46, 217, -268, -244, 175, -253, -258, 126, 
82, 258, 175, -170, -46, 217, -263, -244, 175, -253, -258, 126, 
82, 263, 180, -173, -48, 222, -263, -244, 175, -253, -258, 126, 
68, 268, 200, -168, -65, 234, -273, -244, 170, -263, -258, 112, 
68, 273, 204, -170, -68, 239, -273, -244, 170, -263, -258, 112, 
68, 273, 204, -170, -68, 239, -273, -244, 170, -263, -258, 112, 
73, 278, 204, -175, -65, 241, -273, -244, 170, -258, -253, 112, 
63, 278, 214, -170, -75, 246, -263, -244, 180, -248, -253, 112, 
63, 283, 219, -173, -78, 251, -263, -244, 180, -253, -258, 112, 
63, 287, 224, -175, -80, 256, -263, -248, 180, -258, -258, 112, 
63, 287, 224, -175, -80, 256, -263, -248, 180, -258, -258, 117, 
73, 278, 204, -175, -65, 241, -263, -258, 180, -248, -258, 126, 
73, 283, 209, -178, -68, 246, -263, -258, 180, -248, -263, 126, 
73, 287, 214, -180, -70, 251, -263, -253, 180, -244, -263, 126, 
73, 287, 214, -180, -70, 251, -263, -253, 185, -244, -263, 122, 
73, 297, 224, -185, -75, 261, -273, -253, 185, -253, -248, 122, 
73, 292, 219, -183, -73, 256, -273, -253, 185, -253, -248, 122, 
73, 287, 214, -180, -70, 251, -278, -253, 185, -253, -248, 122, 
73, 287, 214, -180, -70, 251, -278, -253, 185, -253, -248, 122, 
68, 283, 214, -175, -73, 248, -273, -263, 175, -248, -258, 131, 
68, 278, 209, -173, -70, 244, -273, -263, 175, -248, -258, 131, 
73, 273, 200, -173, -63, 236, -273, -263, 175, -248, -258, 131, 
73, 268, 195, -170, -61, 231, -278, -263, 175, -244, -258, 131, 
63, 273, 209, -168, -73, 241, -287, -263, 185, -244, -244, 141, 
63, 287, 224, -175, -80, 256, -287, -263, 185, -244, -244, 141, 
63, 292, 229, -178, -82, 261, -287, -268, 185, -244, -244, 141, 
63, 297, 234, -180, -85, 265, -287, -268, 185, -248, -244, 141, 
63, 292, 229, -178, -82, 261, -283, -268, 185, -239, -244, 141, 
63, 283, 219, -173, -78, 251, -278, -268, 185, -239, -244, 141, 
63, 273, 209, -168, -73, 241, -273, -268, 185, -239, -244, 141, 
63, 278, 214, -170, -75, 246, -268, -268, 185, -239, -244, 141, 
73, 273, 200, -173, -63, 236, -278, -278, 185, -239, -253, 141, 
73, 268, 195, -170, -61, 231, -278, -278, 185, -239, -248, 141, 
73, 273, 200, -173, -63, 236, -278, -278, 185, -239, -248, 146, 
68, 283, 214, -175, -73, 248, -283, -278, 190, -239, -248, 146, 
68, 283, 214, -175, -73, 248, -278, -268, 190, -229, -239, 156, 
68, 283, 214, -175, -73, 248, -278, -268, 185, -229, -239, 156, 
68, 283, 214, -175, -73, 248, -278, -278, 185, -229, -239, 161, 
73, 283, 209, -178, -68, 246, -278, -278, 185, -229, -239, 161, 
73, 283, 209, -178, -68, 246, -278, -287, 185, -239, -229, 151, 
73, 283, 209, -178, -68, 246, -273, -283, 185, -239, -229, 156, 
73, 283, 209, -178, -68, 246, -273, -283, 185, -239, -229, 156, 
78, 287, 209, -183, -65, 248, -273, -283, 180, -244, -229, 151, 
68, 287, 219, -178, -75, 253, -273, -292, 180, -244, -239, 151, 
68, 283, 214, -175, -73, 248, -273, -292, 180, -244, -239, 161, 
68, 278, 209, -173, -70, 244, -273, -292, 180, -239, -234, 165, 
68, 278, 209, -173, -70, 244, -278, -297, 180, -239, -234, 165, 
68, 297, 229, -183, -80, 263, -287, -287, 170, -244, -244, 151, 
68, 302, 234, -185, -82, 268, -283, -287, 170, -244, -248, 151, 
68, 307, 239, -187, -85, 273, -283, -283, 170, -248, -253, 151, 
68, 312, 244, -190, -87, 278, -283, -283, 170, -253, -258, 151, 
58, 302, 244, -180, -92, 273, -273, -273, 175, -244, -253, 161, 
58, 292, 234, -175, -87, 263, -273, -273, 170, -248, -248, 161, 
58, 292, 234, -175, -87, 263, -273, -278, 170, -248, -248, 156, 
58, 283, 224, -170, -82, 253, -273, -278, 175, -244, -244, 156, 
63, 273, 209, -168, -73, 241, -263, -287, 175, -253, -239, 151, 
68, 268, 200, -168, -65, 234, -263, -287, 175, -253, -239, 151, 
73, 268, 195, -170, -61, 231, -263, -287, 175, -253, -244, 141, 
78, 273, 195, -175, -58, 234, -263, -292, 170, -253, -253, 141, 
68, 278, 209, -173, -70, 244, -268, -292, 161, -263, -263, 146, 
68, 273, 204, -170, -68, 239, -273, -292, 161, -263, -263, 146, 
68, 278, 209, -173, -70, 244, -283, -292, 161, -263, -263, 151, 
68, 287, 219, -178, -75, 253, -292, -292, 156, -268, -263, 151, 
68, 287, 219, -178, -75, 253, -283, -283, 165, -263, -263, 136, 
68, 287, 219, -178, -75, 253, -283, -283, 165, -263, -263, 136, 
68, 283, 214, -175, -73, 248, -278, -278, 165, -263, -253, 136, 
68, 273, 204, -170, -68, 239, -278, -278, 165, -263, -253, 136, 
68, 287, 219, -178, -75, 253, -287, -283, 156, -273, -263, 126, 
68, 297, 229, -183, -80, 263, -287, -287, 156, -273, -263, 126, 
68, 307, 239, -187, -85, 273, -287, -297, 156, -278, -263, 126, 
68, 312, 244, -190, -87, 278, -287, -302, 156, -278, -263, 126, 
63, 297, 234, -180, -85, 265, -278, -292, 165, -268, -253, 141, 
63, 283, 219, -173, -78, 251, -278, -292, 165, -268, -248, 141, 
63, 273, 209, -168, -73, 241, -278, -292, 165, -268, -248, 141, 
63, 268, 204, -165, -70, 236, -278, -292, 161, -273, -248, 136, 
53, 278, 224, -165, -85, 251, -287, -283, 170, -268, -263, 136, 
48, 278, 229, -163, -90, 253, -287, -283, 170, -268, -263, 136, 
48, 278, 229, -163, -90, 253, -287, -283, 170, -268, -263, 136, 
48, 273, 224, -161, -87, 248, -287, -283, 170, -268, -263, 141, 
68, 292, 224, -180, -78, 258, -283, -292, 161, -287, -273, 141, 
48, 283, 234, -165, -92, 258, -283, -283, 170, -268, -268, 141, 
48, 278, 229, -163, -90, 253, -273, -283, 170, -278, -258, 141, 
48, 283, 234, -165, -92, 258, -273, -283, 170, -287, -263, 141, 
48, 273, 224, -161, -87, 248, -273, -283, 165, -283, -263, 136, 
39, 273, 234, -156, -97, 253, -273, -292, 165, -273, -263, 136, 
39, 273, 234, -156, -97, 253, -273, -292, 165, -273, -263, 136, 
39, 273, 234, -156, -97, 253, -273, -292, 165, -273, -263, 136, 
39, 273, 234, -156, -97, 253, -273, -292, 165, -273, -263, 136, 
29, 268, 239, -148, -104, 253, -273, -292, 175, -263, -253, 136, 
29, 253, 224, -141, -97, 239, -273, -292, 175, -273, -253, 136, 
29, 248, 219, -139, -95, 234, -268, -287, 175, -273, -253, 136, 
29, 244, 214, -136, -92, 229, -268, -287, 175, -273, -258, 131, 
39, 268, 229, -153, -95, 248, -278, -302, 161, -283, -273, 131, 
34, 273, 239, -153, -102, 256, -278, -302, 161, -283, -273, 131, 
34, 278, 244, -156, -104, 261, -278, -297, 161, -278, -273, 131, 
34, 278, 244, -156, -104, 261, -278, -297, 161, -278, -278, 131, 
29, 278, 248, -153, -109, 263, -278, -297, 151, -287, -278, 126, 
29, 287, 258, -158, -114, 273, -278, -292, 156, -287, -273, 126, 
29, 287, 258, -158, -114, 273, -278, -287, 156, -287, -268, 126, 
29, 287, 258, -158, -114, 273, -278, -287, 165, -287, -268, 126, 
34, 297, 263, -165, -114, 280, -268, -297, 180, -283, -258, 136, 
34, 297, 263, -165, -114, 280, -268, -297, 180, -268, -248, 141, 
39, 297, 258, -168, -109, 278, -268, -297, 185, -258, -244, 146, 
39, 307, 268, -173, -114, 287, -268, -297, 195, -244, -239, 151, 
39, 322, 283, -180, -122, 302, -278, -307, 200, -244, -248, 156, 
39, 336, 297, -187, -129, 317, -278, -302, 204, -244, -248, 161, 
39, 341, 302, -190, -131, 322, -278, -302, 214, -234, -244, 161, 
39, 351, 312, -195, -136, 331, -278, -302, 219, -229, -239, 165, 
39, 361, 322, -200, -141, 341, -268, -302, 219, -234, -239, 165, 
39, 361, 322, -200, -141, 341, -263, -302, 224, -234, -234, 165, 
39, 346, 307, -192, -134, 326, -248, -297, 229, -229, -229, 170, 
39, 346, 307, -192, -134, 326, -248, -292, 234, -229, -229, 170, 
39, 356, 317, -197, -139, 336, -258, -287, 229, -219, -229, 165, 
39, 361, 322, -200, -141, 341, -258, -287, 229, -219, -229, 161, 
39, 375, 336, -207, -148, 356, -258, -292, 229, -219, -234, 156, 
39, 385, 346, -212, -153, 366, -263, -292, 229, -219, -234, 146, 
39, 375, 336, -207, -148, 356, -253, -287, 239, -219, -224, 151, 
39, 370, 331, -204, -146, 351, -253, -283, 248, -214, -219, 156, 
39, 366, 326, -202, -143, 346, -258, -278, 253, -209, -219, 165, 
39, 356, 317, -197, -139, 336, -273, -283, 258, -209, -214, 170, 
39, 356, 317, -197, -139, 336, -292, -297, 244, -209, -214, 190, 
43, 370, 326, -207, -141, 348, -302, -312, 244, -209, -214, 190, 
43, 375, 331, -209, -143, 353, -307, -322, 244, -209, -204, 195, 
53, 380, 326, -217, -136, 353, -317, -326, 244, -200, -195, 204, 
48, 380, 331, -214, -141, 356, -322, -322, 253, -200, -195, 219, 
48, 385, 336, -217, -143, 361, -331, -331, 248, -200, -195, 219, 
48, 395, 346, -222, -148, 370, -336, -336, 248, -200, -185, 224, 
48, 390, 341, -219, -146, 366, -336, -341, 248, -200, -185, 224, 
53, 395, 341, -224, -143, 368, -326, -336, 248, -190, -185, 214, 
53, 390, 336, -222, -141, 363, -326, -317, 239, -185, -185, 219, 
58, 380, 322, -219, -131, 351, -322, -302, 239, -185, -185, 224, 
68, 375, 307, -222, -119, 341, -322, -287, 234, -190, -180, 229, 
73, 366, 292, -219, -109, 329, -322, -297, 229, -200, -190, 239, 
73, 356, 283, -214, -104, 319, -322, -297, 224, -204, -190, 239, 
73, 336, 263, -204, -95, 300, -317, -292, 219, -214, -195, 239, 
78, 326, 248, -202, -85, 287, -317, -292, 209, -229, -214, 229, 
68, 331, 263, -200, -97, 297, -326, -287, 180, -239, -214, 214, 
78, 331, 253, -204, -87, 292, -326, -302, 175, -239, -214, 209, 
68, 331, 263, -200, -97, 297, -326, -307, 175, -239, -214, 209, 
63, 326, 263, -195, -100, 295, -317, -307, 175, -239, -214, 204, 
78, 312, 234, -195, -78, 273, -322, -297, 170, -244, -229, 200, 
68, 307, 239, -187, -85, 273, -312, -292, 170, -253, -234, 190, 
58, 302, 244, -180, -92, 273, -307, -292, 170, -253, -239, 185, 
58, 297, 239, -178, -90, 268, -302, -292, 165, -263, -253, 175, 
43, 292, 248, -168, -102, 270, -287, -283, 175, -273, -253, 170, 
43, 287, 244, -165, -100, 265, -283, -278, 170, -273, -253, 165, 
39, 283, 244, -161, -102, 263, -278, -278, 165, -273, -253, 165, 
39, 283, 244, -161, -102, 263, -278, -283, 165, -278, -258, 161, 
24, 268, 244, -146, -109, 256, -273, -283, 165, -278, -263, 156, 
19, 268, 248, -143, -114, 258, -268, -283, 165, -278, -263, 156, 
19, 278, 258, -148, -119, 268, -268, -283, 161, -283, -263, 151, 
19, 268, 248, -143, -114, 258, -268, -283, 161, -283, -263, 146, 
9, 268, 258, -139, -124, 263, -263, -273, 161, -283, -268, 141, 
4, 253, 248, -129, -122, 251, -258, -268, 161, -283, -268, 141, 
0, 248, 248, -124, -124, 248, -258, -268, 161, -287, -268, 141, 
-9, 248, 258, -119, -134, 253, -258, -268, 156, -287, -273, 136, 
-9, 253, 263, -122, -136, 258, -268, -273, 146, -297, -287, 146, 
-9, 248, 258, -119, -134, 253, -268, -273, 136, -297, -287, 141, 
-4, 258, 263, -126, -134, 261, -268, -273, 136, -302, -292, 136, 
0, 268, 268, -134, -134, 268, -268, -278, 136, -307, -297, 136, 
-9, 248, 258, -119, -134, 253, -253, -268, 141, -297, -292, 146, 
-9, 234, 244, -112, -126, 239, -244, -263, 146, -297, -287, 146, 
-9, 224, 234, -107, -122, 229, -239, -253, 151, -297, -278, 146, 
-9, 209, 219, -100, -114, 214, -234, -263, 156, -297, -273, 146, 
-9, 219, 229, -104, -119, 224, -234, -263, 161, -297, -278, 136, 
-9, 219, 229, -104, -119, 224, -234, -263, 161, -287, -283, 136, 
-4, 224, 229, -109, -117, 226, -234, -263, 161, -287, -287, 136, 
-4, 234, 239, -114, -122, 236, -234, -263, 156, -287, -292, 136, 
-4, 244, 248, -119, -126, 246, -234, -263, 156, -278, -283, 136, 
-9, 244, 253, -117, -131, 248, -234, -263, 161, -278, -283, 136, 
-9, 234, 244, -112, -126, 239, -229, -263, 161, -278, -278, 141, 
-9, 234, 244, -112, -126, 239, -229, -263, 165, -278, -278, 141, 
0, 239, 239, -119, -119, 239, -239, -258, 156, -278, -268, 151, 
0, 244, 244, -122, -122, 244, -239, -253, 170, -273, -268, 141, 
0, 253, 253, -126, -126, 253, -224, -239, 180, -263, -273, 131, 
4, 248, 244, -126, -119, 246, -200, -219, 204, -268, -297, 107, 
-14, 229, 244, -107, -129, 236, -175, -175, 224, -258, -322, 68, 
-19, 229, 248, -104, -134, 239, -185, -161, 239, -253, -331, 29, 
-4, 283, 287, -139, -146, 285, -204, -170, 248, -229, -326, 19, 
19, 307, 287, -163, -134, 297, -219, -146, 297, -175, -273, 53, 
53, 326, 273, -190, -109, 300, -234, -126, 361, -78, -170, 156, 
82, 405, 322, -244, -119, 363, -273, -141, 419, 0, -58, 273, 
131, 502, 370, -317, -119, 436, -312, -141, 439, 68, 39, 400, 
185, 556, 370, -370, -92, 463, -356, -136, 434, 112, 156, 546, 
258, 644, 385, -451, -63, 514, -429, -170, 409, 175, 307, 741, 
356, 775, 419, -566, -31, 597, -527, -234, 400, 273, 492, 995, 
473, 893, 419, -683, 26, 656, -624, -297, 370, 366, 707, 1293, 
605, 995, 390, -800, 107, 692, -751, -395, 317, 439, 927, 1625, 
712, 1137, 424, -924, 143, 780, -897, -556, 224, 492, 1137, 1956, 
766, 1263, 497, -1015, 134, 880, -1029, -717, 122, 473, 1254, 2191, 
766, 1322, 556, -1044, 104, 939, -1112, -834, 9, 400, 1298, 2318, 
771, 1307, 536, -1039, 117, 922, -1141, -893, -87, 336, 1293, 2376, 
741, 1156, 414, -949, 163, 785, -1088, -883, -156, 219, 1166, 2264, 
644, 922, 278, -783, 183, 600, -990, -829, -229, 53, 912, 1995, 
522, 761, 239, -641, 141, 500, -902, -829, -292, -92, 673, 1708, 
395, 668, 273, -531, 61, 470, -810, -829, -322, -214, 444, 1405, 
244, 551, 307, -397, -31, 429, -688, -814, -326, -366, 126, 976, 
92, 414, 322, -253, -114, 368, -551, -780, -336, -556, -234, 492, 
-4, 278, 283, -136, -143, 280, -458, -732, -380, -702, -488, 180, 
-43, 195, 239, -75, -141, 217, -414, -663, -419, -766, -580, 68, 
-43, 146, 190, -51, -117, 168, -370, -566, -395, -766, -610, 19, 
-53, 122, 175, -34, -114, 148, -341, -478, -346, -761, -629, -39, 
-53, 112, 165, -29, -109, 139, -317, -424, -297, -717, -614, -48, 
-53, 126, 180, -36, -117, 153, -287, -405, -234, -663, -585, -29, 
-43, 141, 185, -48, -114, 163, -278, -385, -204, -629, -566, -34, 
-34, 151, 185, -58, -109, 168, -268, -370, -190, -595, -527, -29, 
-43, 136, 180, -46, -112, 158, -258, -331, -146, -541, -492, 4, 
-58, 126, 185, -34, -122, 156, -239, -307, -87, -507, -473, 14, 
-58, 126, 185, -34, -122, 156, -239, -302, -58, -497, -478, 4, 
-58, 126, 185, -34, -122, 156, -224, -297, -19, -473, -463, 4, 
-53, 136, 190, -41, -122, 163, -219, -283, 34, -429, -439, 9, 
-53, 126, 180, -36, -117, 153, -209, -278, 63, -405, -419, 14, 
-53, 112, 165, -29, -109, 139, -190, -258, 87, -385, -405, 19, 
-43, 126, 170, -41, -107, 148, -195, -263, 87, -385, -405, 24, 
-43, 131, 175, -43, -109, 153, -195, -263, 82, -380, -395, 29, 
-34, 136, 170, -51, -102, 153, -190, -258, 82, -380, -385, 34, 
-29, 141, 170, -56, -100, 156, -190, -253, 82, -380, -380, 39, 
-39, 131, 170, -46, -104, 151, -185, -234, 92, -370, -370, 43, 
-39, 126, 165, -43, -102, 146, -180, -224, 102, -361, -370, 48, 
-39, 122, 161, -41, -100, 141, -175, -224, 107, -361, -375, 53, 
-39, 122, 161, -41, -100, 141, -175, -229, 112, -351, -380, 53, 
-48, 131, 180, -41, -114, 156, -175, -229, 122, -351, -380, 43, 
-48, 146, 195, -48, -122, 170, -175, -234, 122, -351, -375, 43, 
-53, 156, 209, -51, -131, 183, -175, -234, 117, -351, -375, 43, 
-53, 170, 224, -58, -139, 197, -175, -234, 117, -351, -375, 43, 
-63, 180, 244, -58, -153, 212, -175, -244, 122, -346, -370, 34, 
-63, 175, 239, -56, -151, 207, -175, -244, 126, -336, -366, 39, 
-58, 175, 234, -58, -146, 204, -175, -239, 131, -336, -361, 48, 
-58, 175, 234, -58, -146, 204, -180, -239, 131, -341, -361, 39, 
-48, 165, 214, -58, -131, 190, -190, -229, 136, -336, -361, 39, 
-48, 161, 209, -56, -129, 185, -190, -224, 136, -331, -361, 39, 
-48, 156, 204, -53, -126, 180, -190, -224, 136, -322, -361, 39, 
-48, 151, 200, -51, -124, 175, -190, -229, 136, -317, -361, 39, 
-48, 146, 195, -48, -122, 170, -175, -219, 136, -326, -361, 43, 
-48, 141, 190, -46, -119, 165, -175, -219, 136, -326, -366, 48, 
-48, 136, 185, -43, -117, 161, -175, -219, 131, -331, -366, 53, 
-48, 131, 180, -41, -114, 156, -175, -219, 131, -331, -366, 58, 
-39, 141, 180, -51, -109, 161, -175, -229, 126, -336, -370, 53, 
-39, 146, 185, -53, -112, 165, -175, -229, 131, -341, -375, 48, 
-39, 151, 190, -56, -114, 170, -175, -224, 131, -346, -380, 43, 
-39, 156, 195, -58, -117, 175, -170, -219, 136, -351, -385, 39, 
-48, 141, 190, -46, -119, 165, -170, -209, 136, -341, -375, 39, 
-48, 141, 190, -46, -119, 165, -170, -209, 136, -341, -375, 39, 
-48, 146, 195, -48, -122, 170, -175, -209, 131, -346, -375, 39, 
-48, 151, 200, -51, -124, 175, -175, -209, 131, -346, -375, 39, 
-53, 151, 204, -48, -129, 178, -175, -219, 131, -346, -375, 48, 
-58, 156, 214, -48, -136, 185, -175, -219, 131, -341, -375, 48, 
-63, 161, 224, -48, -143, 192, -175, -219, 131, -341, -375, 48, 
-68, 161, 229, -46, -148, 195, -175, -219, 131, -341, -375, 48, 
-58, 146, 204, -43, -131, 175, -165, -204, 136, -331, -361, 53, 
-58, 146, 204, -43, -131, 175, -165, -204, 136, -331, -361, 53, 
-58, 146, 204, -43, -131, 175, -165, -204, 136, -331, -361, 53, 
-53, 146, 200, -46, -126, 173, -161, -200, 141, -326, -361, 53, 
-43, 146, 190, -51, -117, 168, -170, -200, 141, -326, -351, 53, 
-43, 151, 195, -53, -119, 173, -175, -204, 141, -326, -351, 53, 
-48, 156, 204, -53, -126, 180, -175, -204, 136, -322, -351, 53, 
-48, 156, 204, -53, -126, 180, -170, -200, 136, -322, -351, 53, 
-58, 156, 214, -48, -136, 185, -170, -200, 136, -322, -351, 58, 
-58, 156, 214, -48, -136, 185, -170, -195, 146, -312, -351, 63, 
-58, 141, 200, -41, -129, 170, -170, -195, 146, -307, -341, 73, 
-58, 151, 209, -46, -134, 180, -170, -195, 146, -307, -341, 78, 
-58, 151, 209, -46, -134, 180, -161, -195, 141, -317, -356, 63, 
-58, 151, 209, -46, -134, 180, -165, -190, 141, -317, -356, 63, 
-58, 146, 204, -43, -131, 175, -165, -190, 146, -317, -356, 68, 
-58, 141, 200, -41, -129, 170, -165, -185, 156, -317, -351, 68, 
-58, 131, 190, -36, -124, 161, -156, -175, 156, -307, -341, 73, 
-58, 131, 190, -36, -124, 161, -151, -175, 156, -307, -341, 73, 
-53, 126, 180, -36, -117, 153, -151, -175, 156, -307, -331, 78, 
-53, 126, 180, -36, -117, 153, -151, -175, 156, -302, -331, 78, 
-48, 146, 195, -48, -122, 170, -165, -175, 146, -312, -336, 73, 
-48, 165, 214, -58, -131, 190, -170, -175, 146, -317, -341, 73, 
-48, 175, 224, -63, -136, 200, -170, -170, 146, -317, -341, 68, 
-48, 190, 239, -70, -143, 214, -170, -170, 146, -312, -346, 63, 
-48, 190, 239, -70, -143, 214, -180, -180, 146, -312, -336, 73, 
-43, 185, 229, -70, -136, 207, -185, -180, 146, -312, -331, 73, 
-43, 180, 224, -68, -134, 202, -185, -175, 151, -302, -326, 87, 
-43, 180, 224, -68, -134, 202, -185, -175, 151, -302, -326, 87, 
-43, 195, 239, -75, -141, 217, -180, -170, 141, -312, -336, 78, 
-39, 195, 234, -78, -136, 214, -180, -165, 146, -312, -336, 87, 
-34, 200, 234, -82, -134, 217, -180, -161, 146, -307, -331, 92, 
-29, 200, 229, -85, -129, 214, -180, -161, 146, -302, -326, 92, 
-29, 190, 219, -80, -124, 204, -170, -151, 161, -287, -312, 112, 
-29, 180, 209, -75, -119, 195, -170, -151, 165, -283, -297, 122, 
-24, 175, 200, -75, -112, 187, -170, -151, 170, -278, -287, 126, 
-19, 180, 200, -80, -109, 190, -180, -151, 175, -273, -278, 131, 
-24, 185, 209, -80, -117, 197, -180, -146, 170, -263, -273, 146, 
-14, 190, 204, -87, -109, 197, -180, -146, 175, -253, -263, 156, 
-9, 195, 204, -92, -107, 200, -190, -141, 175, -244, -258, 165, 
-9, 209, 219, -100, -114, 214, -195, -141, 180, -239, -253, 185, 
-4, 214, 219, -104, -112, 217, -195, -131, 190, -234, -248, 190, 
0, 219, 219, -109, -109, 219, -200, -131, 190, -229, -239, 195, 
0, 229, 229, -114, -114, 229, -200, -131, 195, -224, -229, 200, 
4, 239, 234, -122, -114, 236, -204, -131, 195, -219, -219, 209, 
9, 234, 224, -122, -107, 229, -209, -141, 195, -224, -214, 209, 
14, 244, 229, -129, -107, 236, -209, -141, 195, -224, -209, 219, 
19, 258, 239, -139, -109, 248, -214, -141, 200, -214, -195, 239, 
24, 258, 234, -141, -104, 246, -219, -141, 209, -200, -185, 248, 
29, 268, 239, -148, -104, 253, -214, -131, 214, -185, -175, 268, 
34, 283, 248, -158, -107, 265, -219, -131, 214, -175, -161, 287, 
34, 292, 258, -163, -112, 275, -224, -131, 219, -170, -151, 297, 
39, 312, 273, -175, -117, 292, -234, -131, 224, -161, -141, 307, 
43, 317, 273, -180, -114, 295, -244, -141, 214, -165, -122, 326, 
48, 326, 278, -187, -114, 302, -248, -141, 219, -161, -117, 331, 
53, 341, 287, -197, -117, 314, -248, -141, 219, -161, -107, 351, 
53, 351, 297, -202, -122, 324, -253, -141, 219, -161, -97, 356, 
53, 356, 302, -204, -124, 329, -258, -146, 224, -151, -107, 366, 
53, 370, 317, -212, -131, 344, -263, -141, 224, -146, -102, 370, 
53, 375, 322, -214, -134, 348, -263, -136, 224, -136, -87, 380, 
63, 380, 317, -222, -126, 348, -268, -141, 234, -131, -78, 390, 
73, 375, 302, -224, -114, 339, -263, -146, 234, -131, -63, 395, 
73, 390, 317, -231, -122, 353, -268, -151, 234, -126, -63, 395, 
73, 390, 317, -231, -122, 353, -268, -156, 234, -126, -58, 405, 
73, 395, 322, -234, -124, 358, -268, -161, 239, -122, -53, 414, 
68, 390, 322, -229, -126, 356, -263, -151, 248, -112, -39, 414, 
68, 395, 326, -231, -129, 361, -268, -156, 244, -112, -39, 419, 
68, 400, 331, -234, -131, 366, -273, -151, 244, -112, -34, 424, 
63, 405, 341, -234, -139, 373, -273, -146, 248, -107, -34, 429, 
63, 414, 351, -239, -143, 383, -283, -161, 239, -117, -39, 439, 
68, 419, 351, -244, -141, 385, -287, -165, 239, -117, -34, 444, 
68, 419, 351, -244, -141, 385, -287, -165, 239, -117, -29, 448, 
68, 419, 351, -244, -141, 385, -287, -170, 244, -117, -29, 448, 
73, 419, 346, -246, -136, 383, -297, -175, 234, -117, -34, 434, 
73, 424, 351, -248, -139, 387, -302, -180, 234, -117, -34, 429, 
73, 434, 361, -253, -143, 397, -302, -185, 234, -122, -39, 424, 
73, 439, 366, -256, -146, 402, -302, -185, 234, -126, -53, 409, 
68, 444, 375, -256, -153, 409, -297, -195, 234, -131, -58, 395, 
53, 444, 390, -248, -168, 417, -292, -195, 234, -131, -63, 390, 
43, 444, 400, -244, -178, 422, -292, -200, 239, -136, -68, 375, 
34, 439, 405, -236, -185, 422, -287, -204, 239, -136, -73, 366, 
29, 424, 395, -226, -183, 409, -278, -200, 244, -126, -68, 361, 
24, 409, 385, -217, -180, 397, -273, -200, 248, -136, -78, 356, 
19, 405, 385, -212, -183, 395, -268, -195, 248, -141, -92, 346, 
19, 390, 370, -204, -175, 380, -253, -190, 253, -146, -102, 341, 
19, 385, 366, -202, -173, 375, -258, -195, 244, -151, -97, 326, 
14, 380, 366, -197, -175, 373, -258, -195, 244, -156, -107, 317, 
9, 380, 370, -195, -180, 375, -253, -195, 244, -165, -117, 312, 
9, 370, 361, -190, -175, 366, -248, -200, 244, -165, -117, 307, 
-4, 351, 356, -173, -180, 353, -234, -200, 248, -156, -117, 297, 
-4, 346, 351, -170, -178, 348, -229, -200, 239, -161, -126, 283, 
-4, 341, 346, -168, -175, 344, -229, -204, 239, -170, -126, 273, 
-4, 341, 346, -168, -175, 344, -229, -209, 239, -175, -131, 263, 
-9, 336, 346, -163, -178, 341, -219, -209, 239, -185, -156, 253, 
-14, 326, 341, -156, -178, 334, -214, -209, 239, -190, -161, 253, 
-19, 307, 326, -143, -173, 317, -209, -209, 239, -190, -161, 253, 
-19, 302, 322, -141, -170, 312, -209, -209, 239, -195, -161, 253, 
-29, 302, 331, -136, -180, 317, -214, -214, 224, -195, -165, 234, 
-34, 302, 336, -134, -185, 319, -214, -214, 224, -195, -175, 224, 
-34, 307, 341, -136, -187, 324, -214, -214, 224, -204, -185, 219, 
-34, 307, 341, -136, -187, 324, -214, -214, 219, -209, -190, 209, 
-29, 297, 326, -134, -178, 312, -200, -204, 214, -214, -190, 214, 
-29, 292, 322, -131, -175, 307, -200, -200, 209, -214, -190, 209, 
-29, 292, 322, -131, -175, 307, -200, -200, 209, -214, -190, 204, 
-29, 292, 322, -131, -175, 307, -200, -204, 209, -219, -190, 200, 
-43, 287, 331, -122, -187, 309, -195, -204, 209, -209, -190, 200, 
-53, 287, 341, -117, -197, 314, -195, -200, 204, -214, -195, 200, 
-53, 287, 341, -117, -197, 314, -195, -200, 204, -219, -195, 200, 
-53, 268, 322, -107, -187, 295, -190, -200, 209, -219, -195, 195, 
-43, 273, 317, -114, -180, 295, -200, -209, 204, -224, -209, 185, 
-39, 278, 317, -119, -178, 297, -200, -209, 200, -229, -209, 185, 
-39, 287, 326, -124, -183, 307, -200, -209, 190, -234, -209, 185, 
-43, 292, 336, -124, -190, 314, -200, -209, 180, -239, -214, 185, 
-43, 283, 326, -119, -185, 305, -190, -214, 190, -244, -214, 190, 
-39, 278, 317, -119, -178, 297, -190, -209, 190, -239, -214, 190, 
-39, 258, 297, -109, -168, 278, -190, -204, 185, -234, -214, 190, 
-43, 263, 307, -109, -175, 285, -190, -200, 185, -234, -219, 190, 
-43, 253, 297, -104, -170, 275, -180, -200, 200, -224, -209, 195, 
-43, 253, 297, -104, -170, 275, -180, -195, 200, -224, -209, 195, 
-43, 253, 297, -104, -170, 275, -180, -195, 200, -224, -214, 190, 
-43, 258, 302, -107, -173, 280, -180, -195, 200, -224, -214, 190, 
-53, 273, 326, -109, -190, 300, -190, -204, 185, -234, -219, 180, 
-53, 278, 331, -112, -192, 305, -190, -204, 185, -234, -219, 175, 
-53, 278, 331, -112, -192, 305, -185, -204, 185, -234, -219, 175, 
-53, 283, 336, -114, -195, 309, -185, -204, 185, -234, -219, 175, 
-58, 273, 331, -107, -195, 302, -185, -195, 190, -239, -229, 170, 
-58, 273, 331, -107, -195, 302, -185, -195, 190, -244, -229, 170, 
-58, 268, 326, -104, -192, 297, -185, -195, 190, -248, -229, 170, 
-53, 268, 322, -107, -187, 295, -185, -195, 190, -248, -224, 170, 
-53, 268, 322, -107, -187, 295, -185, -185, 190, -239, -224, 170, 
-53, 273, 326, -109, -190, 300, -185, -185, 190, -244, -229, 170, 
-53, 278, 331, -112, -192, 305, -185, -190, 190, -248, -229, 170, 
-53, 278, 331, -112, -192, 305, -185, -190, 190, -248, -229, 175, 
-53, 258, 312, -102, -183, 285, -180, -190, 200, -239, -214, 185, 
-53, 253, 307, -100, -180, 280, -175, -190, 200, -239, -214, 185, 
-53, 248, 302, -97, -178, 275, -170, -185, 200, -234, -209, 185, 
-53, 239, 292, -92, -173, 265, -165, -185, 204, -234, -204, 180, 
-53, 253, 307, -100, -180, 280, -175, -175, 195, -234, -209, 170, 
-53, 253, 307, -100, -180, 280, -175, -175, 195, -234, -209, 170, 
-53, 253, 307, -100, -180, 280, -180, -175, 195, -234, -209, 170, 
-53, 258, 312, -102, -183, 285, -180, -175, 195, -234, -209, 170, 
-58, 273, 331, -107, -195, 302, -175, -185, 185, -229, -209, 161, 
-58, 278, 336, -109, -197, 307, -175, -185, 185, -229, -209, 161, 
-53, 283, 336, -114, -195, 309, -175, -185, 185, -229, -209, 161, 
-53, 287, 341, -117, -197, 314, -180, -185, 185, -224, -209, 161, 
-53, 283, 336, -114, -195, 309, -180, -185, 195, -224, -195, 165, 
-53, 287, 341, -117, -197, 314, -180, -185, 195, -224, -195, 170, 
-53, 283, 336, -114, -195, 309, -180, -190, 195, -224, -195, 175, 
-53, 278, 331, -112, -192, 305, -180, -190, 195, -229, -195, 180, 
-43, 287, 331, -122, -187, 309, -190, -200, 185, -229, -204, 185, 
-43, 292, 336, -124, -190, 314, -190, -200, 185, -229, -204, 190, 
-43, 297, 341, -126, -192, 319, -190, -200, 185, -229, -204, 195, 
-43, 317, 361, -136, -202, 339, -190, -200, 185, -229, -204, 200, 
-53, 292, 346, -119, -200, 319, -185, -195, 195, -224, -200, 200, 
-53, 278, 331, -112, -192, 305, -180, -190, 195, -219, -190, 200, 
-53, 273, 326, -109, -190, 300, -175, -185, 195, -214, -185, 204, 
-58, 273, 331, -107, -195, 302, -175, -180, 200, -209, -180, 204, 
-48, 283, 331, -117, -190, 307, -180, -180, 200, -219, -185, 190, 
-48, 283, 331, -117, -190, 307, -180, -180, 195, -219, -190, 185, 
-48, 283, 331, -117, -190, 307, -180, -190, 195, -219, -195, 185, 
-43, 283, 326, -119, -185, 305, -180, -190, 195, -219, -200, 180, 
-53, 287, 341, -117, -197, 314, -190, -200, 190, -229, -200, 190, 
-53, 292, 346, -119, -200, 319, -185, -195, 185, -229, -200, 195, 
-53, 297, 351, -122, -202, 324, -185, -195, 180, -229, -200, 195, 
-48, 307, 356, -129, -202, 331, -185, -195, 170, -234, -200, 190, 
-58, 317, 375, -129, -217, 346, -185, -185, 170, -234, -195, 200, 
-58, 312, 370, -126, -214, 341, -185, -185, 170, -234, -190, 209, 
-58, 307, 366, -124, -212, 336, -185, -185, 170, -229, -180, 214, 
-58, 307, 366, -124, -212, 336, -190, -190, 170, -229, -175, 214, 
-48, 297, 346, -124, -197, 322, -180, -190, 180, -224, -180, 200, 
-48, 292, 341, -122, -195, 317, -175, -190, 180, -224, -180, 200, 
-48, 287, 336, -119, -192, 312, -175, -185, 180, -229, -180, 200, 
-48, 283, 331, -117, -190, 307, -175, -185, 180, -234, -180, 200, 
-53, 283, 336, -114, -195, 309, -165, -175, 175, -224, -170, 200, 
-58, 283, 341, -112, -200, 312, -165, -175, 170, -229, -170, 200, 
-63, 292, 356, -114, -209, 324, -165, -180, 170, -229, -175, 195, 
-68, 292, 361, -112, -214, 326, -165, -180, 175, -224, -175, 195, 
-58, 273, 331, -107, -195, 302, -165, -170, 175, -224, -170, 200, 
-58, 268, 326, -104, -192, 297, -165, -170, 175, -224, -170, 200, 
-58, 268, 326, -104, -192, 297, -165, -170, 175, -224, -175, 190, 
-58, 273, 331, -107, -195, 302, -165, -175, 170, -224, -185, 190, 
-58, 283, 341, -112, -200, 312, -165, -175, 170, -214, -180, 200, 
-58, 273, 331, -107, -195, 302, -165, -175, 170, -214, -175, 204, 
-58, 273, 331, -107, -195, 302, -170, -175, 170, -214, -170, 214, 
-58, 278, 336, -109, -197, 307, -175, -175, 165, -219, -165, 219, 
-58, 287, 346, -114, -202, 317, -175, -185, 165, -239, -185, 195, 
-58, 297, 356, -119, -207, 326, -175, -185, 165, -244, -195, 185, 
-58, 302, 361, -122, -209, 331, -170, -180, 165, -248, -195, 175, 
-58, 302, 361, -122, -209, 331, -170, -180, 165, -253, -204, 165, 
-58, 297, 356, -119, -207, 326, -170, -170, 165, -248, -209, 175, 
-58, 297, 356, -119, -207, 326, -170, -170, 165, -244, -204, 175, 
-58, 297, 356, -119, -207, 326, -170, -175, 165, -244, -200, 175, 
-58, 292, 351, -117, -204, 322, -170, -175, 165, -239, -195, 175, 
-63, 283, 346, -109, -204, 314, -161, -165, 165, -229, -180, 195, 
-63, 273, 336, -104, -200, 305, -161, -165, 165, -229, -170, 200, 
-63, 268, 331, -102, -197, 300, -161, -165, 165, -229, -165, 204, 
-63, 268, 331, -102, -197, 300, -161, -165, 161, -234, -161, 204, 
-53, 268, 322, -107, -187, 295, -151, -156, 161, -248, -175, 195, 
-68, 283, 351, -107, -209, 317, -156, -165, 156, -253, -185, 185, 
-58, 273, 331, -107, -195, 302, -156, -165, 146, -253, -185, 185, 
-58, 273, 331, -107, -195, 302, -156, -165, 146, -253, -185, 185, 
-58, 273, 331, -107, -195, 302, -156, -165, 146, -253, -185, 185, 
-58, 273, 331, -107, -195, 302, -156, -165, 146, -253, -185, 185, 
-68, 273, 341, -102, -204, 307, -156, -175, 156, -244, -180, 195, 
-68, 263, 331, -97, -200, 297, -156, -175, 156, -253, -175, 195, 
-68, 263, 331, -97, -200, 297, -151, -170, 156, -253, -170, 195, 
-68, 263, 331, -97, -200, 297, -151, -170, 156, -253, -170, 190, 
-68, 263, 331, -97, -200, 297, -151, -165, 161, -253, -185, 190, 
-73, 263, 336, -95, -204, 300, -151, -165, 161, -253, -185, 190, 
-73, 263, 336, -95, -204, 300, -151, -161, 161, -248, -185, 190, 
-73, 258, 331, -92, -202, 295, -151, -161, 161, -248, -190, 190, 
-68, 273, 341, -102, -204, 307, -151, -170, 156, -258, -190, 190, 
-68, 287, 356, -109, -212, 322, -151, -175, 156, -258, -185, 185, 
-68, 292, 361, -112, -214, 326, -151, -180, 151, -258, -180, 180, 
-68, 297, 366, -114, -217, 331, -151, -190, 156, -258, -180, 175, 
-73, 302, 375, -114, -224, 339, -151, -180, 151, -258, -190, 185, 
-73, 307, 380, -117, -226, 344, -151, -180, 151, -248, -180, 190, 
-68, 312, 380, -122, -224, 346, -151, -180, 156, -244, -175, 195, 
-68, 326, 395, -129, -231, 361, -151, -180, 165, -234, -170, 200, 
-68, 317, 385, -124, -226, 351, -146, -170, 185, -224, -165, 204, 
-68, 326, 395, -129, -231, 361, -141, -165, 195, -224, -161, 209, 
-68, 326, 395, -129, -231, 361, -136, -165, 209, -214, -151, 209, 
-68, 331, 400, -131, -234, 366, -131, -165, 219, -209, -141, 214, 
-78, 336, 414, -129, -246, 375, -141, -165, 209, -195, -141, 219, 
-78, 341, 419, -131, -248, 380, -136, -165, 214, -195, -136, 224, 
-78, 331, 409, -126, -244, 370, -122, -161, 219, -190, -131, 234, 
-78, 336, 414, -129, -246, 375, -122, -156, 224, -190, -131, 239, 
-68, 336, 405, -134, -236, 370, -122, -161, 219, -200, -131, 229, 
-68, 341, 409, -136, -239, 375, -122, -161, 219, -200, -131, 229, 
-68, 356, 424, -143, -246, 390, -122, -165, 219, -200, -136, 229, 
-68, 366, 434, -148, -251, 400, -126, -165, 219, -200, -136, 224, 
-68, 356, 424, -143, -246, 390, -117, -165, 224, -200, -146, 214, 
-68, 361, 429, -146, -248, 395, -117, -165, 229, -195, -141, 214, 
-68, 366, 434, -148, -251, 400, -122, -165, 229, -190, -141, 219, 
-68, 366, 434, -148, -251, 400, -136, -175, 229, -190, -136, 219, 
-58, 375, 434, -158, -246, 405, -156, -185, 224, -200, -136, 239, 
-53, 390, 444, -168, -248, 417, -165, -195, 224, -200, -136, 239, 
-53, 395, 448, -170, -251, 422, -170, -200, 224, -200, -126, 244, 
-43, 400, 444, -178, -244, 422, -180, -200, 224, -190, -117, 253, 
-43, 395, 439, -175, -241, 417, -185, -200, 224, -180, -107, 258, 
-48, 405, 453, -178, -251, 429, -195, -204, 219, -180, -107, 258, 
-53, 419, 473, -183, -263, 446, -200, -204, 219, -180, -97, 263, 
-58, 419, 478, -180, -268, 448, -200, -204, 219, -180, -97, 263, 
-43, 434, 478, -195, -261, 456, -204, -209, 219, -180, -107, 258, 
-43, 429, 473, -192, -258, 451, -209, -200, 209, -175, -107, 258, 
-39, 419, 458, -190, -248, 439, -209, -195, 209, -175, -107, 258, 
-29, 414, 444, -192, -236, 429, -214, -190, 204, -180, -102, 258, 
-24, 409, 434, -192, -229, 422, -204, -200, 200, -190, -102, 268, 
-24, 395, 419, -185, -222, 407, -204, -200, 195, -195, -102, 268, 
-24, 370, 395, -173, -209, 383, -200, -195, 190, -204, -107, 268, 
-19, 356, 375, -168, -197, 366, -200, -195, 180, -219, -126, 258, 
-19, 336, 356, -158, -187, 346, -190, -180, 170, -214, -126, 253, 
-9, 331, 341, -161, -175, 336, -190, -185, 165, -209, -117, 258, 
-19, 326, 346, -153, -183, 336, -190, -180, 165, -204, -107, 268, 
-24, 317, 341, -146, -183, 329, -180, -170, 165, -200, -97, 273, 
-24, 317, 341, -146, -183, 329, -185, -170, 151, -214, -112, 248, 
-39, 317, 356, -139, -197, 336, -175, -165, 151, -224, -117, 239, 
-53, 317, 370, -131, -212, 344, -170, -165, 151, -224, -122, 234, 
-58, 317, 375, -129, -217, 346, -165, -165, 146, -234, -136, 224, 
-63, 302, 366, -119, -214, 334, -161, -175, 136, -248, -161, 214, 
-63, 297, 361, -117, -212, 329, -156, -170, 131, -253, -165, 204, 
-68, 292, 361, -112, -214, 326, -151, -170, 126, -258, -170, 200, 
-68, 292, 361, -112, -214, 326, -151, -175, 126, -268, -180, 190, 
-73, 283, 356, -104, -214, 319, -136, -165, 126, -258, -175, 190, 
-78, 278, 356, -100, -217, 317, -131, -165, 126, -258, -175, 195, 
-78, 283, 361, -102, -219, 322, -131, -165, 122, -263, -175, 195, 
-78, 268, 346, -95, -212, 307, -131, -165, 122, -263, -175, 195, 
-82, 263, 346, -90, -214, 305, -126, -156, 122, -273, -180, 180, 
-82, 253, 336, -85, -209, 295, -122, -151, 122, -273, -180, 180, 
-82, 253, 336, -85, -209, 295, -122, -151, 122, -278, -180, 180, 
-87, 258, 346, -85, -217, 302, -122, -151, 117, -278, -185, 175, 
-92, 239, 331, -73, -212, 285, -117, -141, 122, -283, -185, 185, 
-97, 219, 317, -61, -207, 268, -112, -136, 117, -278, -180, 180, 
-97, 214, 312, -58, -204, 263, -107, -131, 122, -278, -180, 175, 
-97, 209, 307, -56, -202, 258, -102, -131, 126, -278, -180, 175, 
-92, 204, 297, -56, -195, 251, -112, -141, 117, -278, -190, 175, 
-87, 204, 292, -58, -190, 248, -107, -136, 117, -278, -190, 175, 
-82, 209, 292, -63, -187, 251, -107, -126, 117, -278, -185, 175, 
-78, 209, 287, -65, -183, 248, -107, -136, 117, -278, -185, 175, 
-87, 200, 287, -56, -187, 244, -102, -126, 122, -287, -175, 180, 
-87, 200, 287, -56, -187, 244, -97, -126, 122, -278, -175, 185, 
-82, 204, 287, -61, -185, 246, -92, -126, 122, -278, -175, 190, 
-82, 214, 297, -65, -190, 256, -87, -126, 117, -278, -175, 195, 
-92, 229, 322, -68, -207, 275, -97, -136, 117, -278, -175, 185, 
-97, 234, 331, -68, -214, 283, -97, -136, 122, -278, -175, 185, 
-97, 229, 326, -65, -212, 278, -92, -136, 122, -278, -170, 190, 
-97, 234, 331, -68, -214, 283, -92, -136, 126, -278, -170, 190, 
-97, 258, 356, -80, -226, 307, -102, -141, 117, -278, -180, 170, 
-107, 234, 341, -63, -224, 287, -92, -126, 131, -263, -170, 170, 
-97, 234, 331, -68, -214, 283, -78, -112, 151, -244, -156, 170, 
-82, 229, 312, -73, -197, 270, -63, -82, 175, -229, -170, 146, 
-82, 219, 302, -68, -192, 261, -48, -48, 195, -239, -204, 117, 
-87, 229, 317, -70, -202, 273, -29, -24, 209, -224, -234, 87, 
-82, 244, 326, -80, -204, 285, -29, -4, 248, -200, -219, 87, 
-68, 248, 317, -90, -192, 283, -34, 0, 287, -146, -185, 112, 
-43, 297, 341, -126, -192, 319, -58, 0, 331, -87, -112, 165, 
-24, 395, 419, -185, -222, 407, -97, -4, 380, -9, -19, 253, 
24, 483, 458, -253, -217, 470, -146, -24, 409, 58, 97, 370, 
97, 566, 468, -331, -185, 517, -200, -19, 405, 131, 234, 517, 
170, 653, 483, -412, -156, 568, -263, -34, 380, 224, 395, 712, 
239, 775, 536, -507, -148, 656, -351, -87, 370, 322, 580, 966, 
336, 893, 556, -614, -109, 724, -458, -151, 341, 395, 785, 1263, 
448, 1015, 566, -732, -58, 790, -595, -248, 258, 448, 1005, 1595, 
556, 1166, 610, -861, -26, 888, -761, -400, 136, 483, 1244, 1956, 
629, 1283, 653, -956, -12, 968, -902, -580, 14, 463, 1410, 2230, 
649, 1322, 673, -985, -12, 997, -985, -707, -97, 400, 1464, 2386, 
653, 1346, 692, -1000, -19, 1019, -1024, -785, -195, 336, 1488, 2474, 
624, 1283, 658, -954, -17, 971, -1000, -795, -273, 268, 1429, 2449, 
556, 1058, 502, -807, 26, 780, -902, -732, -336, 141, 1234, 2220, 
473, 839, 366, -656, 53, 602, -785, -683, -409, -4, 985, 1922, 
356, 746, 390, -551, -17, 568, -712, -673, -448, -136, 727, 1600, 
195, 649, 453, -422, -129, 551, -600, -668, -424, -307, 400, 1200, 
43, 453, 409, -248, -183, 431, -444, -614, -405, -507, 0, 697, 
-53, 258, 312, -102, -183, 285, -322, -546, -419, -683, -331, 297, 
-112, 175, 287, -31, -200, 231, -268, -488, -458, -775, -463, 146, 
-131, 136, 268, -2, -200, 202, -224, -429, -463, -775, -492, 107, 
-131, 122, 253, 4, -192, 187, -175, -361, -434, -771, -531, 39, 
-131, 122, 253, 4, -192, 187, -151, -287, -375, -727, -536, 0, 
-122, 117, 239, 2, -180, 178, -122, -248, -302, -663, -488, 9, 
-122, 122, 244, 0, -183, 183, -102, -219, -253, -610, -448, 34, 
-112, 122, 234, -4, -173, 178, -112, -204, -229, -566, -429, 39, 
-112, 136, 248, -12, -180, 192, -122, -195, -195, -541, -405, 43, 
-117, 156, 273, -19, -195, 214, -112, -180, -146, -517, -375, 34, 
-136, 136, 273, 0, -204, 204, -92, -156, -97, -497, -370, 43, 
-136, 117, 253, 9, -195, 185, -87, -151, -58, -473, -366, 53, 
-131, 126, 258, 2, -195, 192, -73, -146, -14, -448, -341, 68, 
-131, 117, 248, 7, -190, 183, -53, -131, 24, -414, -312, 73, 
-131, 102, 234, 14, -183, 168, -43, -112, 39, -395, -307, 68, 
-141, 122, 263, 9, -202, 192, -39, -122, 43, -385, -307, 63, 
-141, 131, 273, 4, -207, 202, -39, -117, 43, -380, -297, 68, 
-131, 141, 273, -4, -202, 207, -34, -107, 48, -380, -287, 73, 
-126, 151, 278, -12, -202, 214, -34, -97, 53, -380, -283, 78, 
-126, 151, 278, -12, -202, 214, -39, -87, 63, -361, -273, 87, 
-126, 146, 273, -9, -200, 209, -34, -78, 73, -351, -273, 87, 
-126, 141, 268, -7, -197, 204, -29, -78, 78, -351, -278, 87, 
-126, 141, 268, -7, -197, 204, -29, -82, 82, -341, -283, 82, 
-117, 131, 248, -7, -183, 190, -29, -78, 92, -331, -292, 82, 
-117, 136, 253, -9, -185, 195, -29, -78, 92, -331, -287, 82, 
-122, 136, 258, -7, -190, 197, -29, -73, 87, -331, -287, 82, 
-122, 141, 263, -9, -192, 202, -29, -68, 87, -331, -287, 82, 
-131, 151, 283, -9, -207, 217, -19, -73, 82, -336, -283, 73, 
-131, 146, 278, -7, -204, 212, -19, -78, 87, -326, -278, 78, 
-126, 146, 273, -9, -200, 209, -19, -78, 92, -326, -273, 87, 
-126, 146, 273, -9, -200, 209, -24, -82, 92, -331, -273, 78, 
-136, 141, 278, -2, -207, 209, -14, -73, 87, -322, -283, 78, 
-136, 141, 278, -2, -207, 209, -14, -68, 87, -322, -283, 78, 
-136, 141, 278, -2, -207, 209, -14, -68, 87, -317, -283, 78, 
-136, 141, 278, -2, -207, 209, -14, -73, 87, -317, -283, 78, 
-126, 141, 268, -7, -197, 204, -9, -63, 97, -317, -278, 87, 
-126, 141, 268, -7, -197, 204, -9, -63, 97, -317, -278, 87, 
-126, 141, 268, -7, -197, 204, -9, -63, 92, -322, -273, 87, 
-126, 141, 268, -7, -197, 204, -9, -63, 92, -322, -268, 87, 
-117, 136, 253, -9, -185, 195, -19, -63, 97, -331, -268, 97, 
-117, 136, 253, -9, -185, 195, -19, -63, 102, -331, -268, 97, 
-117, 136, 253, -9, -185, 195, -19, -58, 102, -331, -268, 97, 
-117, 136, 253, -9, -185, 195, -14, -53, 107, -331, -268, 97, 
-117, 141, 258, -12, -187, 200, -14, -53, 97, -331, -278, 87, 
-117, 141, 258, -12, -187, 200, -14, -53, 97, -331, -278, 87, 
-117, 146, 263, -14, -190, 204, -19, -53, 92, -336, -278, 87, 
-117, 151, 268, -17, -192, 209, -19, -53, 92, -336, -278, 87, 
-117, 151, 268, -17, -192, 209, -9, -63, 102, -336, -278, 78, 
-117, 156, 273, -19, -195, 214, -9, -63, 102, -331, -278, 78, 
-117, 161, 278, -21, -197, 219, -9, -63, 102, -331, -278, 78, 
-117, 161, 278, -21, -197, 219, -9, -63, 102, -331, -278, 78, 
-107, 146, 253, -19, -180, 200, -9, -48, 107, -322, -273, 92, 
-107, 146, 253, -19, -180, 200, -9, -48, 107, -322, -273, 92, 
-107, 146, 253, -19, -180, 200, -9, -48, 107, -322, -273, 92, 
-102, 146, 248, -21, -175, 197, -4, -43, 112, -317, -273, 92, 
-112, 136, 248, -12, -180, 192, 4, -39, 122, -317, -273, 102, 
-112, 131, 244, -9, -178, 187, 0, -39, 122, -317, -273, 102, 
-117, 126, 244, -4, -180, 185, 0, -34, 117, -312, -273, 102, 
-117, 117, 234, 0, -175, 175, 4, -24, 117, -312, -273, 102, 
-117, 126, 244, -4, -180, 185, -4, -34, 117, -312, -273, 102, 
-117, 126, 244, -4, -180, 185, -4, -29, 126, -302, -273, 102, 
-117, 112, 229, 2, -173, 170, -4, -29, 126, -297, -263, 107, 
-117, 122, 239, -2, -178, 180, -4, -29, 126, -297, -263, 107, 
-126, 136, 263, -4, -195, 200, 4, -29, 112, -297, -268, 92, 
-126, 141, 268, -7, -197, 204, 0, -24, 112, -297, -268, 92, 
-126, 141, 268, -7, -197, 204, 0, -24, 117, -297, -268, 97, 
-126, 141, 268, -7, -197, 204, 0, -19, 126, -297, -263, 97, 
-117, 131, 248, -7, -183, 190, 9, -19, 136, -297, -253, 102, 
-117, 131, 248, -7, -183, 190, 14, -19, 136, -297, -253, 102, 
-112, 126, 239, -7, -175, 183, 14, -19, 136, -297, -244, 107, 
-112, 126, 239, -7, -175, 183, 14, -19, 136, -292, -244, 107, 
-107, 146, 253, -19, -180, 200, 9, -9, 136, -292, -244, 117, 
-107, 156, 263, -24, -185, 209, 4, -9, 136, -297, -244, 122, 
-107, 156, 263, -24, -185, 209, 4, -4, 136, -297, -239, 122, 
-107, 161, 268, -26, -187, 214, 4, -4, 136, -292, -239, 122, 
-107, 165, 273, -29, -190, 219, -4, -14, 146, -292, -239, 117, 
-102, 165, 268, -31, -185, 217, -9, -14, 146, -292, -234, 112, 
-102, 165, 268, -31, -185, 217, -9, -9, 151, -283, -229, 122, 
-102, 170, 273, -34, -187, 222, -9, -9, 151, -283, -229, 117, 
-102, 165, 268, -31, -185, 217, -14, -14, 151, -283, -229, 126, 
-97, 165, 263, -34, -180, 214, -14, -9, 156, -283, -229, 136, 
-92, 170, 263, -39, -178, 217, -14, -4, 156, -278, -224, 141, 
-87, 170, 258, -41, -173, 214, -14, -4, 156, -273, -219, 141, 
-87, 161, 248, -36, -168, 204, -9, 0, 175, -258, -204, 156, 
-87, 161, 248, -36, -168, 204, -4, 4, 175, -253, -190, 170, 
-82, 165, 248, -41, -165, 207, 0, 9, 175, -248, -180, 180, 
-78, 180, 258, -51, -168, 219, -4, 14, 175, -244, -170, 190, 
-82, 200, 283, -58, -183, 241, -9, 4, 175, -253, -170, 185, 
-73, 209, 283, -68, -178, 246, -14, 0, 175, -244, -165, 185, 
-68, 219, 287, -75, -178, 253, -29, 0, 170, -234, -165, 185, 
-68, 239, 307, -85, -187, 273, -39, -4, 170, -229, -165, 195, 
-73, 229, 302, -78, -187, 265, -29, 4, 180, -234, -156, 195, 
-68, 229, 297, -80, -183, 263, -34, 4, 180, -229, -151, 204, 
-68, 234, 302, -82, -185, 268, -34, 4, 185, -224, -146, 214, 
-63, 239, 302, -87, -183, 270, -39, 4, 185, -219, -141, 229, 
-48, 239, 287, -95, -168, 263, -34, 9, 195, -200, -122, 248, 
-43, 244, 287, -100, -165, 265, -34, 14, 195, -195, -112, 268, 
-39, 253, 292, -107, -165, 273, -39, 19, 200, -180, -92, 297, 
-34, 248, 283, -107, -158, 265, -43, 24, 209, -161, -78, 317, 
-39, 248, 287, -104, -163, 268, -39, 14, 214, -156, -58, 322, 
-34, 263, 297, -114, -165, 280, -43, 14, 214, -146, -43, 336, 
-34, 273, 307, -119, -170, 290, -48, 14, 219, -141, -34, 341, 
-29, 292, 322, -131, -175, 307, -58, 14, 224, -131, -24, 346, 
-24, 307, 331, -141, -178, 319, -68, 14, 234, -131, -24, 356, 
-19, 317, 336, -148, -178, 326, -73, 14, 239, -122, -19, 361, 
-14, 331, 346, -158, -180, 339, -73, 14, 239, -117, -9, 380, 
-14, 341, 356, -163, -185, 348, -78, 14, 239, -112, 0, 385, 
-24, 336, 361, -156, -192, 348, -82, 14, 234, -122, 0, 395, 
-24, 351, 375, -163, -200, 363, -87, 14, 234, -117, 4, 400, 
-24, 356, 380, -165, -202, 368, -87, 14, 234, -107, 19, 409, 
-14, 361, 375, -173, -195, 368, -92, 4, 244, -102, 29, 419, 
-4, 380, 385, -187, -195, 383, -102, 0, 234, -102, 34, 414, 
-4, 400, 405, -197, -204, 402, -112, -4, 234, -97, 34, 414, 
-4, 405, 409, -200, -207, 407, -117, -9, 234, -97, 39, 424, 
-4, 414, 419, -204, -212, 417, -122, -14, 239, -92, 43, 434, 
9, 419, 409, -214, -200, 414, -117, -9, 248, -87, 58, 444, 
9, 424, 414, -217, -202, 419, -122, -19, 244, -82, 58, 448, 
9, 429, 419, -219, -204, 424, -126, -19, 244, -78, 63, 453, 
4, 434, 429, -219, -212, 431, -126, -19, 248, -68, 63, 458, 
4, 419, 414, -212, -204, 417, -122, -14, 258, -68, 78, 463, 
9, 419, 409, -214, -200, 414, -122, -19, 258, -68, 82, 473, 
9, 414, 405, -212, -197, 409, -117, -19, 258, -68, 87, 483, 
9, 409, 400, -209, -195, 405, -112, -24, 263, -68, 87, 488, 
4, 400, 395, -202, -195, 397, -112, -19, 263, -68, 82, 492, 
4, 405, 400, -204, -197, 402, -117, -24, 263, -68, 82, 488, 
4, 414, 409, -209, -202, 412, -117, -29, 263, -73, 78, 483, 
4, 419, 414, -212, -204, 417, -117, -29, 263, -78, 63, 468, 
4, 424, 419, -214, -207, 422, -117, -39, 253, -92, 48, 453, 
-4, 424, 429, -209, -217, 427, -117, -39, 253, -92, 43, 448, 
-9, 424, 434, -207, -222, 429, -122, -43, 258, -97, 39, 434, 
-14, 419, 434, -202, -224, 427, -122, -48, 258, -97, 34, 424, 
-19, 414, 434, -197, -226, 424, -107, -39, 248, -107, 19, 405, 
-24, 409, 434, -192, -229, 422, -107, -43, 248, -117, 9, 395, 
-29, 414, 444, -192, -236, 429, -107, -43, 244, -122, -4, 380, 
-29, 409, 439, -190, -234, 424, -97, -43, 244, -126, -14, 370, 
-39, 385, 424, -173, -231, 405, -92, -48, 244, -122, -19, 366, 
-43, 370, 414, -163, -229, 392, -92, -48, 244, -126, -29, 356, 
-48, 361, 409, -156, -229, 385, -87, -48, 244, -136, -39, 351, 
-48, 341, 390, -146, -219, 366, -82, -53, 244, -136, -39, 346, 
-53, 322, 375, -134, -214, 348, -78, -43, 248, -136, -34, 336, 
-53, 317, 370, -131, -212, 344, -73, -43, 239, -141, -48, 322, 
-53, 312, 366, -129, -209, 339, -73, -48, 239, -151, -53, 312, 
-53, 312, 366, -129, -209, 339, -73, -53, 239, -156, -63, 302, 
-68, 317, 385, -124, -226, 351, -73, -63, 224, -170, -92, 287, 
-73, 317, 390, -122, -231, 353, -68, -63, 219, -180, -102, 283, 
-78, 307, 385, -114, -231, 346, -63, -63, 214, -185, -107, 278, 
-78, 312, 390, -117, -234, 351, -63, -63, 209, -195, -112, 273, 
-78, 297, 375, -109, -226, 336, -48, -58, 204, -185, -107, 258, 
-82, 292, 375, -104, -229, 334, -48, -58, 204, -185, -107, 253, 
-82, 292, 375, -104, -229, 334, -48, -58, 204, -195, -107, 253, 
-82, 287, 370, -102, -226, 329, -48, -58, 200, -200, -102, 248, 
-87, 287, 375, -100, -231, 331, -43, -68, 204, -204, -97, 253, 
-87, 283, 370, -97, -229, 326, -43, -63, 200, -204, -102, 248, 
-87, 283, 370, -97, -229, 326, -43, -63, 200, -204, -107, 244, 
-87, 283, 370, -97, -229, 326, -43, -68, 200, -209, -112, 239, 
-92, 278, 370, -92, -231, 324, -29, -63, 209, -209, -112, 239, 
-102, 278, 380, -87, -241, 329, -29, -53, 204, -214, -117, 239, 
-102, 278, 380, -87, -241, 329, -29, -48, 204, -219, -117, 239, 
-102, 258, 361, -78, -231, 309, -24, -43, 209, -219, -117, 234, 
-92, 248, 341, -78, -217, 295, -34, -53, 200, -209, -122, 234, 
-87, 248, 336, -80, -212, 292, -34, -53, 200, -209, -122, 234, 
-87, 253, 341, -82, -214, 297, -34, -53, 195, -209, -122, 234, 
-92, 253, 346, -80, -219, 300, -34, -53, 190, -209, -126, 234, 
-82, 258, 341, -87, -212, 300, -43, -63, 190, -224, -136, 219, 
-78, 258, 336, -90, -207, 297, -43, -63, 190, -229, -136, 219, 
-78, 244, 322, -82, -200, 283, -43, -63, 185, -234, -136, 219, 
-82, 253, 336, -85, -209, 295, -43, -63, 185, -244, -141, 219, 
-82, 244, 326, -80, -204, 285, -39, -53, 200, -234, -141, 224, 
-82, 244, 326, -80, -204, 285, -34, -48, 200, -234, -141, 224, 
-82, 244, 326, -80, -204, 285, -29, -48, 200, -234, -146, 219, 
-82, 248, 331, -82, -207, 290, -24, -48, 200, -234, -146, 219, 
-92, 253, 346, -80, -219, 300, -34, -58, 195, -244, -151, 209, 
-92, 258, 351, -82, -222, 305, -34, -58, 195, -244, -151, 204, 
-92, 258, 351, -82, -222, 305, -29, -58, 195, -244, -151, 204, 
-92, 263, 356, -85, -224, 309, -29, -58, 195, -244, -151, 204, 
-97, 248, 346, -75, -222, 297, -29, -48, 200, -234, -141, 209, 
-97, 244, 341, -73, -219, 292, -29, -48, 200, -234, -141, 209, 
-97, 234, 331, -68, -214, 283, -29, -48, 200, -234, -141, 209, 
-92, 229, 322, -68, -207, 275, -29, -48, 200, -229, -136, 209, 
-82, 239, 322, -78, -202, 280, -29, -48, 200, -229, -146, 219, 
-82, 244, 326, -80, -204, 285, -29, -48, 200, -234, -151, 219, 
-82, 248, 331, -82, -207, 290, -29, -53, 200, -239, -151, 219, 
-82, 248, 331, -82, -207, 290, -29, -53, 200, -239, -151, 224, 
-82, 244, 326, -80, -204, 285, -19, -53, 200, -229, -146, 224, 
-82, 244, 326, -80, -204, 285, -19, -53, 200, -229, -146, 224, 
-82, 244, 326, -80, -204, 285, -19, -48, 200, -224, -141, 224, 
-82, 239, 322, -78, -202, 280, -19, -48, 204, -224, -136, 219, 
-92, 248, 341, -78, -217, 295, -19, -58, 195, -224, -141, 209, 
-92, 253, 346, -80, -219, 300, -19, -58, 195, -224, -141, 209, 
-92, 258, 351, -82, -222, 305, -24, -58, 195, -224, -141, 209, 
-92, 268, 361, -87, -226, 314, -24, -58, 195, -224, -141, 209, 
-97, 263, 361, -82, -229, 312, -19, -58, 200, -219, -151, 214, 
-97, 258, 356, -80, -226, 307, -19, -58, 204, -219, -151, 219, 
-92, 253, 346, -80, -219, 300, -19, -58, 209, -219, -151, 224, 
-92, 248, 341, -78, -217, 295, -24, -58, 214, -214, -151, 229, 
-92, 244, 336, -75, -214, 290, -24, -48, 214, -214, -136, 229, 
-92, 248, 341, -78, -217, 295, -24, -48, 214, -214, -136, 229, 
-92, 244, 336, -75, -214, 290, -24, -53, 214, -214, -136, 229, 
-92, 239, 331, -73, -212, 285, -24, -53, 214, -219, -136, 229, 
-87, 258, 346, -85, -217, 302, -34, -63, 204, -219, -136, 219, 
-82, 263, 346, -90, -214, 305, -34, -63, 204, -219, -136, 219, 
-78, 268, 346, -95, -212, 307, -34, -63, 204, -219, -136, 219, 
-73, 287, 361, -107, -217, 324, -34, -63, 204, -219, -136, 219, 
-82, 278, 361, -97, -222, 319, -24, -53, 214, -209, -126, 229, 
-82, 268, 351, -92, -217, 309, -24, -53, 214, -209, -122, 229, 
-82, 268, 351, -92, -217, 309, -24, -53, 214, -209, -122, 234, 
-87, 273, 361, -92, -224, 317, -29, -53, 219, -209, -122, 234, 
-78, 278, 356, -100, -217, 317, -43, -58, 209, -214, -126, 229, 
-78, 283, 361, -102, -219, 322, -43, -63, 204, -219, -131, 224, 
-78, 287, 366, -104, -222, 326, -43, -78, 204, -224, -136, 224, 
-73, 292, 366, -109, -219, 329, -43, -82, 204, -229, -141, 219, 
-82, 283, 366, -100, -224, 324, -34, -78, 214, -219, -136, 234, 
-82, 273, 356, -95, -219, 314, -29, -68, 214, -219, -131, 244, 
-82, 263, 346, -90, -214, 305, -29, -63, 214, -219, -126, 248, 
-78, 258, 336, -90, -207, 297, -29, -58, 209, -224, -122, 248, 
-78, 263, 341, -92, -209, 302, -29, -58, 200, -234, -131, 244, 
-78, 263, 341, -92, -209, 302, -29, -58, 200, -234, -131, 248, 
-78, 263, 341, -92, -209, 302, -29, -58, 200, -229, -126, 248, 
-78, 268, 346, -95, -212, 307, -34, -63, 200, -229, -126, 244, 
-68, 273, 341, -102, -204, 307, -34, -73, 209, -234, -141, 229, 
-68, 273, 341, -102, -204, 307, -29, -73, 209, -234, -141, 229, 
-68, 273, 341, -102, -204, 307, -29, -68, 209, -239, -141, 229, 
-68, 273, 341, -102, -204, 307, -29, -68, 209, -244, -141, 229, 
-78, 268, 346, -95, -212, 307, -29, -58, 214, -234, -131, 229, 
-78, 263, 341, -92, -209, 302, -29, -58, 209, -239, -131, 229, 
-78, 268, 346, -95, -212, 307, -29, -63, 209, -239, -136, 224, 
-78, 263, 341, -92, -209, 302, -29, -63, 214, -234, -136, 224, 
-78, 253, 331, -87, -204, 292, -19, -63, 204, -244, -131, 239, 
-78, 248, 326, -85, -202, 287, -19, -63, 204, -244, -131, 239, 
-78, 248, 326, -85, -202, 287, -19, -63, 204, -244, -136, 229, 
-78, 253, 331, -87, -204, 292, -19, -68, 200, -244, -146, 229, 
-68, 258, 326, -95, -197, 292, -29, -73, 200, -244, -146, 234, 
-68, 253, 322, -92, -195, 287, -29, -78, 200, -244, -146, 234, 
-68, 258, 326, -95, -197, 292, -34, -82, 200, -244, -146, 239, 
-68, 268, 336, -100, -202, 302, -39, -87, 195, -248, -146, 239, 
-68, 278, 346, -104, -207, 312, -29, -87, 195, -244, -146, 234, 
-68, 278, 346, -104, -207, 312, -29, -87, 195, -244, -146, 234, 
-68, 273, 341, -102, -204, 307, -24, -82, 195, -244, -136, 234, 
-68, 263, 331, -97, -200, 297, -24, -82, 195, -244, -136, 234, 
-68, 253, 322, -92, -195, 287, -24, -73, 195, -244, -146, 234, 
-68, 258, 326, -95, -197, 292, -24, -73, 195, -244, -146, 234, 
-68, 263, 331, -97, -200, 297, -24, -78, 195, -248, -146, 234, 
-68, 263, 331, -97, -200, 297, -24, -78, 195, -248, -146, 234, 
-73, 268, 341, -97, -207, 305, -24, -87, 195, -258, -156, 229, 
-73, 244, 317, -85, -195, 280, -14, -68, 204, -248, -151, 239, 
-82, 253, 336, -85, -209, 295, -24, -78, 195, -248, -151, 239, 
-78, 273, 351, -97, -214, 312, -29, -97, 185, -263, -156, 224, 
-78, 273, 351, -97, -214, 312, -29, -97, 185, -263, -156, 224, 
-78, 273, 351, -97, -214, 312, -29, -97, 185, -263, -156, 224, 
-78, 273, 351, -97, -214, 312, -29, -97, 185, -263, -156, 224, 
-78, 273, 351, -97, -214, 312, -29, -97, 185, -263, -156, 224, 
-68, 263, 331, -97, -200, 297, -29, -97, 195, -258, -156, 219, 
-68, 253, 322, -92, -195, 287, -29, -97, 195, -263, -156, 214, 
-68, 253, 322, -92, -195, 287, -24, -92, 195, -258, -156, 209, 
-68, 253, 322, -92, -195, 287, -24, -92, 195, -253, -161, 200, 
-78, 263, 341, -92, -209, 302, -24, -87, 200, -253, -156, 204, 
-82, 263, 346, -90, -214, 305, -24, -87, 200, -253, -156, 209, 
-82, 263, 346, -90, -214, 305, -24, -82, 200, -248, -156, 214, 
-82, 258, 341, -87, -212, 300, -24, -82, 200, -248, -161, 219, 
-68, 253, 322, -92, -195, 287, -14, -78, 200, -248, -151, 224, 
-68, 258, 326, -95, -197, 292, -14, -78, 204, -248, -146, 224, 
-68, 253, 322, -92, -195, 287, -14, -78, 204, -248, -141, 224, 
-68, 248, 317, -90, -192, 283, -14, -82, 214, -248, -141, 224, 
-73, 263, 336, -95, -204, 300, -14, -92, 219, -248, -141, 224, 
-73, 268, 341, -97, -207, 305, -14, -92, 219, -239, -131, 229, 
-68, 273, 341, -102, -204, 307, -14, -92, 224, -234, -126, 234, 
-68, 287, 356, -109, -212, 322, -14, -92, 234, -224, -122, 239, 
-78, 297, 375, -109, -226, 336, -24, -102, 229, -224, -131, 244, 
-78, 317, 395, -119, -236, 356, -24, -97, 234, -224, -131, 248, 
-78, 326, 405, -124, -241, 366, -24, -97, 244, -214, -126, 248, 
-78, 341, 419, -131, -248, 380, -24, -97, 248, -209, -122, 253, 
-68, 336, 405, -134, -236, 370, -24, -97, 258, -204, -122, 263, 
-68, 331, 400, -131, -234, 366, -19, -97, 263, -204, -117, 263, 
-68, 312, 380, -122, -224, 346, -4, -92, 268, -200, -112, 268, 
-68, 307, 375, -119, -222, 341, -4, -87, 273, -200, -112, 268, 
-68, 307, 375, -119, -222, 341, 4, -73, 278, -200, -102, 268, 
-68, 312, 380, -122, -224, 346, 4, -73, 278, -200, -102, 268, 
-68, 326, 395, -129, -231, 361, 4, -78, 278, -200, -107, 268, 
-68, 336, 405, -134, -236, 370, 0, -78, 278, -200, -107, 263, 
-68, 322, 390, -126, -229, 356, -9, -78, 283, -190, -97, 273, 
-68, 322, 390, -126, -229, 356, -9, -78, 287, -185, -92, 273, 
-68, 322, 390, -126, -229, 356, -14, -78, 287, -180, -92, 278, 
-68, 317, 385, -124, -226, 351, -29, -87, 287, -180, -87, 278, 
-68, 326, 395, -129, -231, 361, -48, -107, 273, -185, -92, 283, 
-63, 351, 414, -143, -239, 383, -58, -117, 273, -190, -97, 278, 
-63, 366, 429, -151, -246, 397, -63, -122, 273, -195, -92, 278, 
-53, 380, 434, -163, -244, 407, -73, -122, 273, -190, -87, 283, 
-39, 395, 434, -178, -236, 414, -87, -136, 263, -190, -87, 283, 
-39, 405, 444, -183, -241, 424, -97, -146, 258, -190, -87, 278, 
-39, 419, 458, -190, -248, 439, -102, -151, 258, -190, -78, 278, 
-39, 419, 458, -190, -248, 439, -102, -156, 258, -190, -78, 273, 
-43, 409, 453, -183, -248, 431, -92, -146, 263, -190, -87, 278, 
-43, 390, 434, -173, -239, 412, -92, -131, 258, -185, -87, 287, 
-39, 366, 405, -163, -222, 385, -87, -122, 263, -185, -87, 297, 
-29, 346, 375, -158, -202, 361, -87, -112, 263, -190, -82, 307, 
-34, 356, 390, -161, -212, 373, -87, -122, 248, -190, -73, 297, 
-34, 346, 380, -156, -207, 363, -87, -122, 244, -195, -73, 297, 
-34, 326, 361, -146, -197, 344, -82, -117, 239, -204, -78, 297, 
-29, 317, 346, -143, -187, 331, -82, -117, 229, -219, -97, 287, 
-19, 307, 326, -143, -173, 317, -78, -102, 214, -219, -97, 278, 
-9, 302, 312, -146, -161, 307, -73, -107, 214, -219, -97, 278, 
-19, 297, 317, -139, -168, 307, -68, -102, 219, -219, -97, 283, 
-24, 287, 312, -131, -168, 300, -53, -92, 224, -219, -97, 283, 
-34, 263, 297, -114, -165, 280, -48, -102, 219, -214, -92, 273, 
-48, 258, 307, -104, -178, 283, -39, -97, 219, -224, -97, 268, 
-63, 253, 317, -95, -190, 285, -34, -97, 219, -224, -102, 268, 
-68, 248, 317, -90, -192, 283, -29, -97, 214, -234, -117, 263, 
-63, 244, 307, -90, -185, 275, -29, -102, 200, -258, -141, 253, 
-63, 248, 312, -92, -187, 280, -29, -102, 190, -263, -146, 244, 
-68, 253, 322, -92, -195, 287, -29, -107, 180, -268, -151, 239, 
-68, 263, 331, -97, -200, 297, -34, -117, 175, -278, -161, 229, 
-73, 268, 341, -97, -207, 305, -29, -107, 185, -268, -165, 224, 
-78, 268, 346, -95, -212, 307, -24, -107, 185, -268, -165, 224, 
-78, 278, 356, -100, -217, 317, -24, -107, 180, -273, -165, 219, 
-78, 268, 346, -95, -212, 307, -24, -107, 180, -273, -165, 214, 
-82, 244, 326, -80, -204, 285, -9, -97, 190, -273, -161, 219, 
-82, 224, 307, -70, -195, 265, -4, -92, 190, -273, -161, 219, 
-82, 214, 297, -65, -190, 256, -4, -92, 190, -278, -161, 219, 
-87, 209, 297, -61, -192, 253, -4, -92, 185, -278, -165, 214, 
-82, 190, 273, -53, -178, 231, 4, -78, 195, -278, -161, 224, 
-87, 170, 258, -41, -173, 214, 4, -78, 185, -278, -161, 219, 
-87, 165, 253, -39, -170, 209, 4, -78, 185, -283, -165, 214, 
-87, 161, 248, -36, -168, 204, 4, -82, 185, -287, -170, 214, 
-82, 170, 253, -43, -168, 212, -4, -82, 185, -287, -161, 204, 
-78, 175, 253, -48, -165, 214, 0, -78, 185, -287, -161, 204, 
-73, 185, 258, -56, -165, 222, 0, -68, 185, -287, -156, 204, 
-68, 190, 258, -61, -163, 224, 0, -78, 185, -287, -156, 204, 
-73, 200, 273, -63, -173, 236, 0, -87, 190, -297, -165, 195, 
-78, 200, 278, -61, -178, 239, 0, -87, 190, -287, -165, 195, 
-78, 204, 283, -63, -180, 244, 0, -87, 190, -287, -165, 195, 
-82, 214, 297, -65, -190, 256, 0, -87, 185, -287, -165, 195, 
-73, 204, 278, -65, -175, 241, 0, -87, 185, -287, -165, 195, 
-78, 204, 283, -63, -180, 244, 0, -87, 190, -287, -165, 195, 
-78, 195, 273, -58, -175, 234, 4, -87, 190, -287, -161, 200, 
-78, 195, 273, -58, -175, 234, 4, -87, 195, -287, -161, 200, 
-68, 229, 297, -80, -183, 263, -4, -92, 185, -287, -170, 190, 
-68, 253, 322, -92, -195, 287, -4, -78, 200, -292, -180, 180, 
-78, 234, 312, -78, -195, 273, 19, -63, 229, -283, -195, 161, 
-82, 190, 273, -53, -178, 231, 43, -24, 263, -268, -200, 136, 
-73, 209, 283, -68, -178, 246, 39, 0, 283, -258, -214, 117, 
-58, 258, 317, -100, -187, 287, 39, 4, 317, -224, -204, 107, 
-43, 283, 326, -119, -185, 305, 39, 24, 356, -170, -170, 126, 
-39, 317, 356, -139, -197, 336, 14, 39, 405, -97, -87, 190, 
-24, 395, 419, -185, -222, 407, -9, 29, 458, -19, 14, 283, 
24, 473, 448, -248, -212, 461, -58, 14, 478, 58, 136, 419, 
92, 522, 429, -307, -168, 475, -107, 4, 478, 126, 273, 585, 
175, 605, 429, -390, -126, 517, -190, -19, 463, 209, 448, 819, 
278, 732, 453, -505, -87, 592, -292, -73, 458, 322, 658, 1093, 
385, 863, 478, -624, -46, 671, -400, -146, 419, 409, 873, 1385, 
502, 1019, 517, -761, -7, 768, -536, -258, 331, 463, 1088, 1712, 
585, 1171, 585, -878, 0, 878, -702, -414, 209, 488, 1298, 2054, 
634, 1283, 649, -958, -7, 966, -810, -566, 97, 463, 1439, 2298, 
649, 1312, 663, -980, -7, 988, -873, -678, -4, 405, 1498, 2435, 
649, 1293, 644, -971, 2, 968, -907, -746, -97, 351, 1512, 2503, 
614, 1171, 556, -893, 29, 863, -868, -746, -175, 258, 1420, 2435, 
536, 951, 414, -744, 61, 683, -775, -697, -244, 102, 1185, 2176, 
439, 775, 336, -607, 51, 556, -678, -663, -307, -43, 932, 1878, 
326, 673, 346, -500, -9, 509, -590, -653, -322, -170, 683, 1561, 
190, 541, 351, -366, -80, 446, -468, -634, -302, -322, 356, 1132, 
48, 375, 326, -212, -139, 351, -326, -590, -317, -541, -58, 624, 
-43, 239, 283, -97, -163, 261, -239, -546, -375, -732, -380, 258, 
-82, 190, 273, -53, -178, 231, -195, -488, -429, -800, -488, 131, 
-112, 175, 287, -31, -200, 231, -151, -419, -400, -795, -512, 78, 
-131, 146, 278, -7, -204, 212, -97, -322, -346, -785, -541, 19, 
-131, 122, 253, 4, -192, 187, -68, -273, -287, -741, -531, 0, 
-112, 131, 244, -9, -178, 187, -53, -239, -219, -688, -478, 9, 
-112, 117, 229, -2, -170, 173, -34, -209, -165, -634, -429, 39, 
-112, 73, 185, 19, -148, 129, -34, -180, -126, -590, -400, 73, 
-92, 73, 165, 9, -129, 119, -34, -175, -82, -566, -370, 87, 
-82, 97, 180, -7, -131, 139, -24, -165, -39, -531, -356, 82, 
-87, 97, 185, -4, -136, 141, -14, -141, 0, -507, -346, 82, 
-97, 78, 175, 9, -136, 126, 4, -126, 39, -478, -331, 82, 
-107, 78, 185, 14, -146, 131, 39, -112, 87, -444, -326, 82, 
-131, 78, 209, 26, -170, 143, 53, -97, 112, -409, -302, 87, 
-122, 78, 200, 21, -161, 139, 53, -92, 122, -395, -292, 92, 
-112, 112, 224, 0, -168, 168, 43, -102, 117, -395, -287, 97, 
-112, 117, 229, -2, -170, 173, 43, -102, 131, -385, -287, 97, 
-112, 122, 234, -4, -173, 178, 39, -97, 131, -380, -278, 97, 
-102, 126, 229, -12, -165, 178, 39, -87, 136, -380, -268, 97, 
-97, 131, 229, -17, -163, 180, 34, -78, 141, -380, -263, 97, 
-97, 122, 219, -12, -158, 170, 39, -58, 161, -370, -263, 107, 
-97, 117, 214, -9, -156, 165, 43, -48, 170, -361, -263, 107, 
-97, 112, 209, -7, -153, 161, 48, -48, 175, -361, -268, 107, 
-97, 112, 209, -7, -153, 161, 48, -53, 180, -351, -273, 102, 
-107, 122, 229, -7, -168, 175, 39, -68, 170, -361, -273, 92, 
-107, 126, 234, -9, -170, 180, 39, -78, 170, -361, -268, 92, 
-112, 126, 239, -7, -175, 183, 39, -82, 165, -361, -268, 92, 
-112, 131, 244, -9, -178, 187, 39, -87, 165, -361, -268, 92, 
-112, 126, 239, -7, -175, 183, 48, -78, 180, -356, -273, 102, 
-112, 117, 229, -2, -170, 173, 48, -78, 185, -346, -268, 107, 
-107, 112, 219, -2, -163, 165, 48, -73, 190, -346, -263, 117, 
-107, 107, 214, 0, -161, 161, 43, -73, 190, -351, -263, 107, 
-107, 122, 229, -7, -168, 175, 43, -73, 195, -341, -258, 107, 
-107, 122, 229, -7, -168, 175, 43, -68, 195, -341, -253, 107, 
-107, 122, 229, -7, -168, 175, 43, -68, 195, -336, -248, 107, 
-107, 122, 229, -7, -168, 175, 43, -73, 195, -336, -244, 107, 
-107, 112, 219, -2, -163, 165, 48, -73, 195, -336, -244, 107, 
-107, 112, 219, -2, -163, 165, 48, -73, 195, -336, -248, 107, 
-107, 112, 219, -2, -163, 165, 48, -73, 190, -341, -248, 107, 
-107, 112, 219, -2, -163, 165, 48, -73, 190, -341, -248, 107, 
-107, 107, 214, 0, -161, 161, 48, -73, 195, -351, -248, 97, 
-107, 107, 214, 0, -161, 161, 48, -73, 200, -351, -248, 97, 
-107, 107, 214, 0, -161, 161, 48, -68, 200, -351, -248, 97, 
-107, 107, 214, 0, -161, 161, 53, -63, 204, -351, -248, 97, 
-107, 92, 200, 7, -153, 146, 53, -63, 204, -351, -258, 107, 
-107, 92, 200, 7, -153, 146, 53, -63, 204, -351, -258, 107, 
-107, 97, 204, 4, -156, 151, 48, -63, 200, -356, -258, 107, 
-107, 102, 209, 2, -158, 156, 48, -63, 200, -356, -258, 107, 
-107, 102, 209, 2, -158, 156, 48, -63, 200, -356, -258, 107, 
-107, 107, 214, 0, -161, 161, 48, -63, 200, -351, -258, 107, 
-107, 112, 219, -2, -163, 165, 48, -63, 200, -351, -258, 107, 
-107, 112, 219, -2, -163, 165, 48, -63, 200, -351, -258, 107, 
-117, 102, 219, 7, -168, 161, 48, -68, 195, -351, -263, 107, 
-117, 107, 224, 4, -170, 165, 48, -68, 195, -351, -263, 102, 
-117, 112, 229, 2, -173, 170, 48, -68, 195, -351, -263, 97, 
-112, 117, 229, -2, -170, 173, 53, -63, 200, -346, -263, 92, 
-102, 122, 224, -9, -163, 173, 43, -73, 209, -346, -253, 102, 
-102, 131, 234, -14, -168, 183, 39, -78, 209, -346, -253, 102, 
-107, 141, 248, -17, -178, 195, 39, -78, 204, -341, -253, 102, 
-107, 146, 253, -19, -180, 200, 43, -73, 204, -341, -253, 102, 
-107, 136, 244, -14, -175, 190, 53, -63, 214, -331, -244, 112, 
-107, 126, 234, -9, -170, 180, 53, -58, 224, -322, -244, 112, 
-107, 102, 209, 2, -158, 156, 53, -58, 224, -317, -234, 117, 
-107, 102, 209, 2, -158, 156, 53, -58, 224, -317, -234, 117, 
-107, 112, 219, -2, -163, 165, 43, -58, 219, -317, -239, 102, 
-107, 112, 219, -2, -163, 165, 39, -53, 219, -317, -239, 102, 
-107, 107, 214, 0, -161, 161, 39, -53, 224, -317, -239, 107, 
-107, 102, 209, 2, -158, 156, 39, -48, 234, -317, -234, 107, 
-107, 117, 224, -4, -165, 170, 39, -53, 224, -322, -239, 112, 
-107, 122, 229, -7, -168, 175, 43, -58, 224, -326, -244, 112, 
-102, 122, 224, -9, -163, 173, 43, -63, 224, -331, -239, 117, 
-102, 126, 229, -12, -165, 178, 43, -68, 224, -331, -244, 117, 
-97, 122, 219, -12, -158, 170, 39, -63, 224, -326, -239, 126, 
-97, 126, 224, -14, -161, 175, 34, -58, 224, -326, -234, 131, 
-97, 122, 219, -12, -158, 170, 34, -48, 224, -322, -224, 131, 
-97, 122, 219, -12, -158, 170, 34, -43, 224, -312, -219, 131, 
-97, 126, 224, -14, -161, 175, 34, -53, 234, -312, -219, 131, 
-92, 126, 219, -17, -156, 173, 29, -53, 234, -312, -214, 131, 
-92, 126, 219, -17, -156, 173, 29, -48, 239, -302, -209, 146, 
-92, 131, 224, -19, -158, 178, 29, -48, 239, -302, -209, 146, 
-87, 146, 234, -29, -161, 190, 24, -53, 239, -302, -219, 136, 
-78, 146, 224, -34, -151, 185, 24, -48, 244, -302, -219, 146, 
-68, 151, 219, -41, -143, 185, 24, -43, 244, -297, -214, 151, 
-58, 151, 209, -46, -134, 180, 24, -43, 244, -292, -209, 151, 
-63, 151, 214, -43, -139, 183, 24, -34, 263, -287, -190, 165, 
-68, 151, 219, -41, -143, 185, 24, -34, 263, -283, -180, 180, 
-68, 156, 224, -43, -146, 190, 24, -34, 263, -278, -175, 190, 
-68, 170, 239, -51, -153, 204, 14, -34, 263, -273, -170, 200, 
-73, 161, 234, -43, -153, 197, 14, -39, 258, -273, -165, 209, 
-63, 161, 224, -48, -143, 192, 14, -39, 263, -263, -156, 214, 
-58, 161, 219, -51, -139, 190, 4, -34, 263, -253, -151, 219, 
-58, 170, 229, -56, -143, 200, 0, -34, 268, -248, -146, 234, 
-43, 180, 224, -68, -134, 202, -9, -34, 287, -244, -141, 234, 
-39, 190, 229, -75, -134, 209, -14, -34, 287, -239, -131, 244, 
-39, 204, 244, -82, -141, 224, -14, -34, 292, -234, -122, 253, 
-34, 219, 253, -92, -143, 236, -19, -34, 292, -229, -112, 268, 
-29, 239, 268, -104, -148, 253, -34, -43, 283, -224, -102, 268, 
-24, 253, 278, -114, -151, 265, -34, -43, 283, -224, -92, 278, 
-19, 273, 292, -126, -156, 283, -39, -43, 287, -214, -73, 297, 
-14, 278, 292, -131, -153, 285, -43, -43, 297, -200, -58, 307, 
-9, 278, 287, -134, -148, 283, -43, -34, 312, -185, -58, 326, 
-4, 283, 287, -139, -146, 285, -43, -34, 312, -175, -43, 346, 
-4, 283, 287, -139, -146, 285, -43, -34, 317, -170, -34, 356, 
0, 292, 292, -146, -146, 292, -48, -34, 322, -161, -24, 366, 
-4, 283, 287, -139, -146, 285, -48, -43, 331, -161, -14, 385, 
0, 287, 287, -143, -143, 287, -53, -43, 336, -151, -9, 390, 
4, 297, 292, -151, -143, 295, -53, -43, 336, -146, 0, 409, 
4, 302, 297, -153, -146, 300, -58, -43, 336, -141, 9, 414, 
4, 322, 317, -163, -156, 319, -73, -53, 331, -151, 9, 414, 
4, 341, 336, -173, -165, 339, -78, -53, 331, -146, 14, 419, 
4, 351, 346, -178, -170, 348, -78, -53, 331, -136, 29, 429, 
14, 361, 346, -187, -165, 353, -82, -63, 341, -131, 39, 439, 
14, 366, 351, -190, -168, 358, -87, -53, 351, -131, 53, 453, 
14, 380, 366, -197, -175, 373, -92, -53, 351, -126, 53, 453, 
14, 380, 366, -197, -175, 373, -92, -53, 351, -126, 58, 463, 
14, 385, 370, -200, -178, 378, -92, -53, 356, -122, 63, 473, 
19, 385, 366, -202, -173, 375, -87, -48, 366, -112, 78, 473, 
19, 385, 366, -202, -173, 375, -92, -58, 361, -112, 78, 478, 
19, 385, 366, -202, -173, 375, -97, -58, 361, -112, 82, 483, 
14, 385, 370, -200, -178, 378, -97, -58, 366, -107, 82, 488, 
24, 385, 361, -204, -168, 373, -107, -73, 356, -107, 82, 488, 
29, 390, 361, -209, -165, 375, -112, -78, 356, -107, 82, 492, 
29, 390, 361, -209, -165, 375, -112, -78, 356, -107, 82, 497, 
29, 390, 361, -209, -165, 375, -112, -82, 361, -107, 78, 497, 
14, 395, 380, -204, -183, 387, -112, -87, 351, -112, 73, 483, 
14, 405, 390, -209, -187, 397, -117, -92, 351, -117, 73, 478, 
14, 419, 405, -217, -195, 412, -117, -97, 351, -126, 68, 473, 
14, 429, 414, -222, -200, 422, -117, -97, 351, -136, 53, 458, 
24, 414, 390, -219, -183, 402, -112, -92, 351, -131, 43, 444, 
14, 405, 390, -209, -187, 397, -107, -87, 351, -131, 34, 439, 
9, 395, 385, -202, -187, 390, -107, -87, 356, -136, 24, 424, 
4, 380, 375, -192, -185, 378, -102, -87, 356, -136, 14, 414, 
-9, 380, 390, -185, -200, 385, -87, -97, 366, -141, 19, 405, 
-14, 370, 385, -178, -200, 378, -87, -102, 366, -156, 9, 395, 
-19, 370, 390, -175, -204, 380, -87, -102, 361, -165, -4, 380, 
-19, 361, 380, -170, -200, 370, -78, -102, 361, -175, -14, 370, 
-24, 361, 385, -168, -204, 373, -82, -107, 356, -180, -19, 366, 
-24, 351, 375, -163, -200, 363, -82, -107, 351, -185, -29, 356, 
-24, 346, 370, -161, -197, 358, -78, -107, 346, -195, -39, 351, 
-19, 331, 351, -156, -185, 341, -73, -112, 341, -195, -39, 346, 
-34, 317, 351, -141, -192, 334, -68, -112, 346, -190, -34, 336, 
-34, 307, 341, -136, -187, 324, -63, -112, 336, -190, -48, 322, 
-34, 297, 331, -131, -183, 314, -63, -117, 336, -195, -53, 312, 
-34, 292, 326, -129, -180, 309, -63, -122, 336, -195, -63, 302, 
-39, 302, 341, -131, -190, 322, -53, -112, 326, -214, -87, 287, 
-43, 297, 341, -126, -192, 319, -48, -112, 326, -219, -92, 283, 
-48, 283, 331, -117, -190, 307, -43, -112, 326, -219, -92, 278, 
-48, 283, 331, -117, -190, 307, -43, -112, 326, -224, -92, 273, 
-48, 278, 326, -114, -187, 302, -48, -126, 322, -234, -102, 268, 
-53, 273, 326, -109, -190, 300, -48, -126, 322, -234, -107, 263, 
-53, 273, 326, -109, -190, 300, -48, -126, 322, -244, -112, 263, 
-53, 268, 322, -107, -187, 295, -48, -126, 317, -248, -112, 258, 
-48, 273, 322, -112, -185, 297, -43, -126, 312, -253, -107, 244, 
-48, 273, 322, -112, -185, 297, -43, -122, 307, -253, -112, 239, 
-48, 278, 326, -114, -187, 302, -43, -122, 307, -253, -117, 234, 
-48, 283, 331, -117, -190, 307, -43, -126, 307, -258, -122, 229, 
-63, 287, 351, -112, -207, 319, -48, -126, 307, -258, -131, 239, 
-73, 287, 361, -107, -217, 324, -48, -122, 302, -263, -136, 239, 
-73, 287, 361, -107, -217, 324, -48, -122, 302, -268, -136, 239, 
-73, 268, 341, -97, -207, 305, -43, -122, 307, -268, -136, 234, 
-63, 258, 322, -97, -192, 290, -43, -122, 317, -268, -131, 234, 
-58, 258, 317, -100, -187, 287, -43, -122, 317, -268, -131, 234, 
-58, 263, 322, -102, -190, 292, -43, -122, 312, -268, -131, 234, 
-63, 263, 326, -100, -195, 295, -43, -122, 307, -268, -136, 234, 
-63, 253, 317, -95, -190, 285, -43, -126, 307, -268, -136, 239, 
-58, 248, 307, -95, -183, 278, -43, -122, 307, -268, -136, 239, 
-58, 229, 287, -85, -173, 258, -43, -117, 302, -268, -136, 239, 
-63, 234, 297, -85, -180, 265, -43, -112, 302, -273, -141, 239, 
-63, 229, 292, -82, -178, 261, -39, -112, 317, -263, -131, 239, 
-63, 224, 287, -80, -175, 256, -34, -107, 317, -263, -131, 244, 
-63, 219, 283, -78, -173, 251, -29, -107, 317, -263, -136, 244, 
-63, 219, 283, -78, -173, 251, -24, -107, 317, -263, -136, 248, 
-63, 234, 297, -85, -180, 265, -29, -117, 302, -273, -151, 244, 
-63, 239, 302, -87, -183, 270, -34, -117, 302, -273, -151, 234, 
-63, 239, 302, -87, -183, 270, -34, -117, 302, -273, -151, 229, 
-63, 244, 307, -90, -185, 275, -39, -117, 302, -273, -151, 224, 
-68, 248, 317, -90, -192, 283, -39, -126, 297, -283, -161, 209, 
-68, 253, 322, -92, -195, 287, -39, -126, 297, -283, -161, 209, 
-68, 253, 322, -92, -195, 287, -39, -126, 297, -283, -161, 209, 
-63, 258, 322, -97, -192, 290, -39, -126, 297, -278, -156, 209, 
-63, 248, 312, -92, -187, 280, -29, -126, 307, -278, -156, 200, 
-63, 253, 317, -95, -190, 285, -29, -126, 307, -283, -161, 200, 
-63, 258, 322, -97, -192, 290, -29, -131, 307, -287, -161, 200, 
-63, 258, 322, -97, -192, 290, -29, -131, 307, -287, -161, 204, 
-53, 248, 302, -97, -178, 275, -34, -131, 307, -287, -161, 204, 
-53, 253, 307, -100, -180, 280, -39, -131, 307, -287, -165, 204, 
-53, 258, 312, -102, -183, 285, -43, -126, 307, -283, -165, 204, 
-53, 258, 312, -102, -183, 285, -48, -126, 312, -283, -165, 200, 
-53, 268, 322, -107, -187, 295, -43, -126, 317, -278, -151, 204, 
-53, 263, 317, -104, -185, 290, -39, -126, 322, -273, -151, 209, 
-53, 258, 312, -102, -183, 285, -39, -126, 326, -268, -151, 214, 
-53, 258, 312, -102, -183, 285, -34, -126, 331, -263, -151, 219, 
-68, 248, 317, -90, -192, 283, -39, -126, 322, -268, -141, 219, 
-68, 248, 317, -90, -192, 283, -39, -126, 322, -268, -141, 219, 
-63, 248, 312, -92, -187, 280, -39, -126, 322, -268, -141, 219, 
-63, 248, 312, -92, -187, 280, -43, -126, 322, -263, -141, 219, 
-63, 248, 312, -92, -187, 280, -43, -126, 322, -263, -141, 209, 
-63, 258, 322, -97, -192, 290, -43, -126, 322, -263, -146, 209, 
-63, 258, 322, -97, -192, 290, -43, -131, 322, -263, -151, 209, 
-63, 258, 322, -97, -192, 290, -43, -131, 322, -268, -156, 209, 
-53, 263, 317, -104, -185, 290, -53, -131, 322, -268, -146, 219, 
-53, 263, 317, -104, -185, 290, -53, -131, 322, -268, -146, 219, 
-53, 263, 317, -104, -185, 290, -53, -131, 322, -268, -146, 219, 
-53, 278, 331, -112, -192, 305, -53, -131, 322, -268, -146, 219, 
-53, 273, 326, -109, -190, 300, -53, -141, 312, -268, -156, 209, 
-53, 268, 322, -107, -187, 295, -53, -141, 312, -268, -151, 209, 
-53, 273, 326, -109, -190, 300, -53, -141, 312, -268, -151, 214, 
-58, 283, 341, -112, -200, 312, -58, -141, 317, -268, -151, 214, 
-68, 283, 351, -107, -209, 317, -63, -141, 326, -268, -151, 214, 
-68, 283, 351, -107, -209, 317, -63, -141, 322, -268, -151, 214, 
-68, 283, 351, -107, -209, 317, -63, -151, 322, -268, -151, 219, 
-63, 283, 346, -109, -204, 314, -63, -151, 322, -268, -151, 219, 
-63, 278, 341, -107, -202, 309, -63, -151, 322, -268, -141, 229, 
-63, 273, 336, -104, -200, 305, -58, -146, 322, -268, -141, 234, 
-63, 268, 331, -102, -197, 300, -58, -146, 322, -268, -141, 234, 
-58, 268, 326, -104, -192, 297, -58, -146, 317, -273, -141, 229, 
-68, 263, 331, -97, -200, 297, -58, -136, 317, -273, -141, 229, 
-68, 253, 322, -92, -195, 287, -58, -136, 317, -273, -141, 239, 
-68, 244, 312, -87, -190, 278, -58, -136, 317, -268, -136, 244, 
-68, 239, 307, -85, -187, 273, -63, -141, 317, -268, -136, 244, 
-63, 248, 312, -92, -187, 280, -73, -146, 317, -273, -151, 229, 
-58, 253, 312, -97, -185, 283, -68, -151, 317, -273, -151, 229, 
-53, 258, 312, -102, -183, 285, -68, -151, 317, -278, -151, 229, 
-48, 263, 312, -107, -180, 287, -68, -156, 317, -283, -151, 229, 
-58, 253, 312, -97, -185, 283, -58, -146, 322, -283, -141, 229, 
-58, 253, 312, -97, -185, 283, -58, -146, 317, -287, -141, 229, 
-58, 263, 322, -102, -190, 292, -58, -151, 317, -287, -146, 224, 
-58, 263, 322, -102, -190, 292, -58, -151, 322, -283, -146, 224, 
-58, 268, 326, -104, -192, 297, -68, -151, 312, -292, -151, 219, 
-58, 268, 326, -104, -192, 297, -68, -151, 312, -292, -151, 219, 
-58, 273, 331, -107, -195, 302, -68, -151, 312, -292, -156, 209, 
-58, 283, 341, -112, -200, 312, -68, -156, 307, -292, -165, 209, 
-58, 273, 331, -107, -195, 302, -58, -156, 312, -283, -156, 209, 
-58, 253, 312, -97, -185, 283, -58, -156, 317, -283, -156, 214, 
-58, 244, 302, -92, -180, 273, -63, -156, 322, -283, -156, 224, 
-58, 239, 297, -90, -178, 268, -68, -156, 322, -287, -156, 229, 
-58, 244, 302, -92, -180, 273, -68, -165, 312, -283, -156, 224, 
-58, 248, 307, -95, -183, 278, -68, -165, 312, -283, -156, 224, 
-58, 248, 307, -95, -183, 278, -63, -161, 312, -283, -146, 224, 
-58, 244, 302, -92, -180, 273, -63, -161, 312, -283, -146, 224, 
-58, 239, 297, -90, -178, 268, -63, -151, 312, -292, -156, 234, 
-58, 239, 297, -90, -178, 268, -63, -151, 312, -292, -156, 234, 
-58, 239, 297, -90, -178, 268, -63, -156, 312, -297, -156, 234, 
-58, 234, 292, -87, -175, 263, -63, -156, 312, -297, -156, 234, 
-53, 229, 283, -87, -168, 256, -63, -156, 322, -297, -146, 229, 
-48, 244, 292, -97, -170, 268, -68, -156, 312, -302, -146, 224, 
-48, 244, 292, -97, -170, 268, -78, -161, 302, -312, -151, 214, 
-48, 244, 292, -97, -170, 268, -78, -165, 302, -312, -156, 214, 
-48, 244, 292, -97, -170, 268, -78, -170, 302, -312, -161, 214, 
-48, 244, 292, -97, -170, 268, -78, -175, 302, -312, -165, 214, 
-39, 253, 292, -107, -165, 273, -68, -175, 302, -302, -165, 224, 
-39, 244, 283, -102, -161, 263, -68, -175, 302, -312, -165, 224, 
-39, 244, 283, -102, -161, 263, -63, -170, 302, -312, -165, 224, 
-39, 244, 283, -102, -161, 263, -63, -170, 302, -312, -170, 219, 
-48, 263, 312, -107, -180, 287, -73, -175, 307, -312, -175, 219, 
-53, 263, 317, -104, -185, 290, -73, -175, 307, -312, -175, 219, 
-53, 263, 317, -104, -185, 290, -73, -170, 307, -307, -175, 219, 
-53, 258, 312, -102, -183, 285, -73, -170, 307, -307, -180, 219, 
-58, 248, 307, -95, -183, 278, -73, -175, 307, -297, -170, 214, 
-58, 258, 317, -100, -187, 287, -73, -175, 312, -297, -165, 214, 
-58, 258, 317, -100, -187, 287, -73, -175, 312, -297, -161, 214, 
-58, 258, 317, -100, -187, 287, -73, -180, 322, -297, -161, 214, 
-63, 297, 361, -117, -212, 329, -78, -185, 322, -312, -175, 204, 
-63, 317, 380, -126, -222, 348, -82, -190, 317, -307, -170, 209, 
-58, 336, 395, -139, -226, 366, -87, -195, 317, -307, -170, 214, 
-58, 366, 424, -153, -241, 395, -92, -200, 322, -302, -170, 219, 
-58, 341, 400, -141, -229, 370, -82, -195, 341, -283, -161, 239, 
-58, 336, 395, -139, -226, 366, -73, -185, 351, -273, -151, 248, 
-58, 322, 380, -131, -219, 351, -63, -180, 366, -253, -136, 253, 
-58, 312, 370, -126, -214, 341, -53, -175, 375, -239, -122, 263, 
-48, 307, 356, -129, -202, 331, -58, -175, 375, -244, -122, 263, 
-48, 302, 351, -126, -200, 326, -58, -175, 380, -244, -117, 263, 
-48, 283, 331, -117, -190, 307, -48, -170, 385, -239, -112, 268, 
-48, 278, 326, -114, -187, 302, -53, -165, 390, -239, -112, 268, 
-39, 283, 322, -122, -180, 302, -53, -161, 390, -248, -122, 263, 
-39, 283, 322, -122, -180, 302, -53, -161, 385, -248, -122, 258, 
-39, 292, 331, -126, -185, 312, -53, -165, 380, -248, -126, 253, 
-39, 297, 336, -129, -187, 317, -58, -165, 375, -248, -126, 244, 
-48, 312, 361, -131, -204, 336, -68, -170, 380, -253, -136, 244, 
-48, 322, 370, -136, -209, 346, -68, -175, 385, -253, -131, 244, 
-48, 331, 380, -141, -214, 356, -73, -180, 385, -253, -131, 248, 
-48, 336, 385, -143, -217, 361, -87, -195, 385, -258, -126, 248, 
-48, 326, 375, -139, -212, 351, -97, -204, 390, -248, -126, 258, 
-43, 341, 385, -148, -214, 363, -107, -214, 390, -248, -126, 258, 
-43, 346, 390, -151, -217, 368, -112, -219, 390, -248, -117, 263, 
-34, 351, 385, -158, -209, 368, -122, -219, 390, -239, -107, 273, 
-19, 356, 375, -168, -197, 366, -136, -214, 380, -239, -97, 278, 
-19, 366, 385, -173, -202, 375, -146, -224, 375, -239, -97, 278, 
-19, 380, 400, -180, -209, 390, -151, -229, 375, -239, -87, 283, 
-19, 380, 400, -180, -209, 390, -151, -234, 375, -239, -87, 283, 
-14, 380, 395, -183, -204, 387, -151, -244, 385, -248, -97, 283, 
-14, 370, 385, -178, -200, 378, -151, -229, 375, -244, -97, 287, 
-9, 356, 366, -173, -187, 361, -146, -219, 375, -244, -97, 292, 
0, 346, 346, -173, -173, 346, -146, -209, 370, -248, -92, 297, 
4, 356, 351, -180, -173, 353, -146, -209, 356, -248, -82, 297, 
4, 346, 341, -175, -168, 344, -146, -209, 351, -253, -82, 297, 
4, 326, 322, -165, -158, 324, -141, -204, 346, -263, -87, 297, 
9, 317, 307, -163, -148, 312, -141, -204, 336, -278, -107, 287, 
9, 307, 297, -158, -143, 302, -141, -185, 326, -278, -117, 278, 
19, 302, 283, -161, -131, 292, -141, -195, 322, -278, -117, 278, 
9, 297, 287, -153, -139, 292, -141, -195, 322, -278, -117, 283, 
4, 287, 283, -146, -139, 285, -131, -190, 322, -278, -117, 283, 
-4, 263, 268, -129, -136, 265, -126, -200, 326, -283, -122, 268, 
-19, 258, 278, -119, -148, 268, -117, -195, 326, -292, -126, 258, 
-34, 253, 287, -109, -161, 270, -112, -195, 326, -292, -131, 253, 
-39, 248, 287, -104, -163, 268, -107, -195, 322, -302, -146, 244, 
-53, 239, 292, -92, -173, 265, -92, -204, 322, -312, -156, 239, 
-53, 239, 292, -92, -173, 265, -87, -200, 317, -312, -156, 234, 
-58, 239, 297, -90, -178, 268, -82, -200, 312, -312, -156, 234, 
-58, 244, 302, -92, -180, 273, -82, -204, 312, -317, -161, 229, 
-58, 229, 287, -85, -173, 258, -87, -204, 302, -326, -165, 224, 
-58, 229, 287, -85, -173, 258, -82, -204, 302, -326, -165, 224, 
-53, 239, 292, -92, -173, 265, -82, -204, 297, -331, -165, 219, 
-48, 229, 278, -90, -163, 253, -82, -204, 297, -331, -165, 214, 
-53, 219, 273, -82, -163, 246, -78, -195, 307, -331, -180, 209, 
-53, 204, 258, -75, -156, 231, -73, -190, 307, -331, -180, 209, 
-53, 200, 253, -73, -153, 226, -73, -190, 307, -336, -180, 209, 
-58, 200, 258, -70, -158, 229, -73, -190, 302, -336, -185, 204, 
-53, 200, 253, -73, -153, 226, -82, -195, 292, -346, -190, 195, 
-58, 190, 248, -65, -153, 219, -82, -195, 283, -346, -190, 190, 
-58, 195, 253, -68, -156, 224, -82, -195, 283, -351, -195, 185, 
-58, 200, 258, -70, -158, 229, -82, -200, 283, -356, -200, 185, 
-68, 180, 248, -56, -158, 214, -73, -190, 292, -346, -190, 190, 
-68, 175, 244, -53, -156, 209, -68, -185, 292, -346, -190, 195, 
-68, 175, 244, -53, -156, 209, -68, -175, 292, -346, -185, 200, 
-68, 170, 239, -51, -153, 204, -68, -185, 292, -346, -185, 204, 
-58, 185, 244, -63, -151, 214, -78, -195, 287, -356, -195, 200, 
-58, 190, 248, -65, -153, 219, -78, -195, 287, -346, -195, 195, 
-53, 200, 253, -73, -153, 226, -78, -195, 287, -346, -195, 190, 
-53, 214, 268, -80, -161, 241, -78, -195, 283, -346, -195, 185, 
-53, 224, 278, -85, -165, 251, -87, -204, 283, -346, -195, 175, 
-58, 224, 283, -82, -170, 253, -87, -204, 287, -346, -195, 175, 
-58, 214, 273, -78, -165, 244, -82, -204, 287, -346, -190, 180, 
-58, 214, 273, -78, -165, 244, -82, -204, 292, -346, -190, 180, 
-58, 200, 258, -70, -158, 229, -73, -170, 312, -317, -170, 200, 
-58, 195, 253, -68, -156, 224, -73, -165, 326, -312, -170, 209, 
-68, 204, 273, -68, -170, 239, -58, -151, 346, -312, -195, 190, 
-63, 219, 283, -78, -173, 251, -53, -122, 361, -326, -229, 146, 
-63, 200, 263, -68, -163, 231, -29, -87, 380, -307, -224, 117, 
-58, 190, 248, -65, -153, 219, -19, -73, 414, -273, -195, 117, 
-43, 214, 258, -85, -151, 236, -39, -73, 444, -239, -180, 136, 
-19, 287, 307, -134, -163, 297, -53, -87, 492, -185, -126, 170, 
4, 375, 370, -190, -183, 373, -87, -107, 536, -107, -43, 253, 
63, 483, 419, -273, -178, 451, -136, -112, 556, -48, 48, 370, 
131, 551, 419, -341, -143, 485, -195, -102, 546, 0, 156, 507, 
214, 605, 390, -409, -87, 497, -258, -107, 531, 73, 302, 692, 
287, 722, 434, -505, -73, 578, -351, -161, 517, 165, 492, 927, 
385, 854, 468, -619, -41, 661, -448, -224, 507, 253, 688, 1210, 
492, 961, 468, -727, 12, 714, -556, -297, 478, 346, 912, 1527, 
605, 1093, 488, -849, 58, 790, -702, -434, 395, 409, 1141, 1878, 
683, 1234, 551, -958, 65, 893, -849, -605, 292, 414, 1322, 2161, 
697, 1273, 575, -985, 61, 924, -932, -736, 200, 366, 1390, 2327, 
717, 1273, 556, -995, 80, 915, -966, -814, 97, 302, 1405, 2425, 
712, 1210, 497, -961, 107, 854, -956, -834, 9, 209, 1342, 2386, 
644, 1029, 385, -836, 129, 707, -883, -795, -68, 53, 1117, 2156, 
546, 844, 297, -695, 124, 570, -785, -761, -141, -92, 854, 1849, 
434, 722, 287, -578, 73, 505, -697, -751, -175, -200, 644, 1571, 
287, 590, 302, -439, -7, 446, -585, -741, -165, -331, 385, 1210, 
117, 444, 326, -280, -104, 385, -453, -707, -161, -522, 19, 741, 
-4, 297, 302, -146, -153, 300, -346, -663, -200, -702, -292, 356, 
-73, 170, 244, -48, -158, 207, -263, -605, -244, -800, -439, 190, 
-82, 97, 180, -7, -131, 139, -229, -536, -253, -824, -483, 126, 
-92, 58, 151, 17, -122, 104, -195, -468, -229, -834, -531, 39, 
-82, 24, 107, 29, -95, 65, -156, -400, -180, -800, -531, 9, 
-82, 34, 117, 24, -100, 75, -122, -336, -102, -727, -497, 29, 
-82, 48, 131, 17, -107, 90, -102, -307, -39, -673, -458, 48, 
-82, 73, 156, 4, -119, 114, -102, -287, -19, -658, -439, 53, 
-82, 92, 175, -4, -129, 134, -112, -283, -4, -634, -429, 58, 
-82, 97, 180, -7, -131, 139, -112, -283, 39, -610, -405, 53, 
-97, 78, 175, 9, -136, 126, -112, -268, 87, -585, -395, 63, 
-97, 87, 185, 4, -141, 136, -102, -253, 117, -575, -390, 63, 
-97, 107, 204, -4, -151, 156, -87, -248, 156, -541, -366, 63, 
-102, 107, 209, -2, -156, 158, -73, -244, 200, -497, -351, 68, 
-102, 126, 229, -12, -165, 178, -82, -239, 209, -473, -341, 63, 
-102, 141, 244, -19, -173, 192, -73, -239, 224, -453, -326, 78, 
-97, 131, 229, -17, -163, 180, -78, -239, 229, -444, -317, 73, 
-92, 131, 224, -19, -158, 178, -78, -234, 229, -439, -307, 78, 
-78, 131, 209, -26, -143, 170, -73, -224, 234, -439, -297, 82, 
-68, 131, 200, -31, -134, 165, -73, -214, 239, -439, -292, 87, 
-73, 122, 195, -24, -134, 158, -58, -204, 258, -439, -283, 97, 
-78, 117, 195, -19, -136, 156, -53, -195, 268, -429, -283, 97, 
-82, 112, 195, -14, -139, 153, -48, -195, 273, -429, -287, 97, 
-87, 112, 200, -12, -143, 156, -48, -200, 278, -419, -292, 92, 
-87, 122, 209, -17, -148, 165, -48, -200, 278, -409, -292, 92, 
-87, 126, 214, -19, -151, 170, -48, -204, 278, -409, -287, 92, 
-92, 126, 219, -17, -156, 173, -48, -204, 273, -409, -287, 92, 
-92, 131, 224, -19, -158, 178, -48, -204, 273, -409, -287, 92, 
-92, 126, 219, -17, -156, 173, -48, -195, 278, -414, -283, 102, 
-92, 117, 209, -12, -151, 163, -48, -195, 283, -405, -278, 107, 
-87, 112, 200, -12, -143, 156, -48, -190, 287, -405, -273, 117, 
-87, 107, 195, -9, -141, 151, -53, -190, 287, -409, -273, 107, 
-87, 122, 209, -17, -148, 165, -53, -190, 283, -409, -283, 97, 
-87, 122, 209, -17, -148, 165, -53, -185, 283, -409, -283, 97, 
-87, 122, 209, -17, -148, 165, -53, -185, 283, -405, -283, 97, 
-87, 122, 209, -17, -148, 165, -53, -190, 283, -405, -283, 97, 
-87, 122, 209, -17, -148, 165, -58, -200, 292, -414, -283, 87, 
-87, 122, 209, -17, -148, 165, -58, -200, 292, -414, -287, 87, 
-87, 122, 209, -17, -148, 165, -58, -200, 287, -419, -287, 87, 
-87, 122, 209, -17, -148, 165, -58, -200, 287, -419, -287, 87, 
-87, 122, 209, -17, -148, 165, -48, -200, 292, -409, -278, 87, 
-87, 126, 214, -19, -151, 170, -48, -200, 297, -409, -278, 87, 
-87, 131, 219, -21, -153, 175, -48, -195, 297, -409, -278, 87, 
-87, 136, 224, -24, -156, 180, -43, -190, 302, -409, -278, 87, 
-78, 122, 200, -21, -139, 161, -43, -190, 302, -409, -278, 92, 
-78, 122, 200, -21, -139, 161, -43, -190, 302, -409, -278, 97, 
-78, 126, 204, -24, -141, 165, -48, -190, 297, -414, -278, 102, 
-78, 131, 209, -26, -143, 170, -48, -190, 297, -414, -278, 107, 
-78, 122, 200, -21, -139, 161, -58, -190, 297, -414, -278, 107, 
-78, 126, 204, -24, -141, 165, -58, -190, 297, -409, -278, 107, 
-78, 131, 209, -26, -143, 170, -58, -190, 297, -409, -278, 107, 
-78, 131, 209, -26, -143, 170, -58, -190, 297, -409, -278, 107, 
-78, 107, 185, -14, -131, 146, -58, -175, 312, -400, -273, 102, 
-78, 107, 185, -14, -131, 146, -58, -175, 312, -400, -273, 102, 
-78, 107, 185, -14, -131, 146, -58, -175, 312, -400, -273, 102, 
-73, 107, 180, -17, -126, 143, -53, -170, 317, -395, -273, 102, 
-63, 107, 170, -21, -117, 139, -63, -180, 307, -405, -283, 102, 
-63, 112, 175, -24, -119, 143, -68, -185, 307, -405, -283, 102, 
-68, 117, 185, -24, -126, 151, -68, -185, 302, -400, -283, 102, 
-68, 117, 185, -24, -126, 151, -63, -180, 302, -400, -283, 102, 
-68, 126, 195, -29, -131, 161, -63, -190, 302, -409, -292, 102, 
-68, 136, 204, -34, -136, 170, -63, -185, 312, -400, -292, 102, 
-68, 131, 200, -31, -134, 165, -63, -185, 312, -395, -283, 107, 
-68, 151, 219, -41, -143, 185, -63, -185, 312, -395, -283, 107, 
-68, 161, 229, -46, -148, 195, -73, -185, 307, -405, -278, 102, 
-68, 161, 229, -46, -148, 195, -78, -180, 307, -405, -278, 102, 
-68, 156, 224, -43, -146, 190, -78, -180, 312, -405, -278, 107, 
-68, 151, 219, -41, -143, 185, -78, -175, 322, -405, -273, 107, 
-68, 141, 209, -36, -139, 175, -78, -165, 322, -395, -283, 102, 
-68, 141, 209, -36, -139, 175, -73, -165, 322, -395, -283, 102, 
-63, 136, 200, -36, -131, 168, -73, -165, 322, -395, -273, 107, 
-63, 136, 200, -36, -131, 168, -73, -165, 322, -390, -273, 107, 
-58, 136, 195, -39, -126, 165, -73, -175, 331, -390, -263, 117, 
-58, 136, 195, -39, -126, 165, -73, -175, 331, -395, -263, 122, 
-58, 126, 185, -34, -122, 156, -68, -170, 331, -395, -258, 122, 
-58, 122, 180, -31, -119, 151, -63, -170, 331, -390, -258, 122, 
-48, 141, 190, -46, -119, 165, -68, -170, 322, -400, -258, 122, 
-43, 146, 190, -51, -117, 168, -78, -170, 322, -400, -253, 122, 
-43, 151, 195, -53, -119, 173, -82, -165, 326, -390, -248, 136, 
-43, 161, 204, -58, -124, 183, -87, -165, 326, -390, -248, 136, 
-43, 161, 204, -58, -124, 183, -82, -170, 336, -380, -248, 136, 
-39, 156, 195, -58, -117, 175, -82, -165, 341, -380, -248, 146, 
-34, 156, 190, -61, -112, 173, -82, -161, 341, -375, -244, 151, 
-29, 151, 180, -61, -104, 165, -82, -161, 341, -370, -239, 151, 
-39, 165, 204, -63, -122, 185, -87, -165, 336, -370, -244, 146, 
-39, 180, 219, -70, -129, 200, -92, -170, 331, -370, -239, 151, 
-34, 200, 234, -82, -134, 217, -97, -175, 326, -370, -239, 151, 
-29, 229, 258, -100, -143, 244, -112, -180, 322, -370, -239, 151, 
-24, 209, 234, -92, -129, 222, -107, -170, 331, -366, -219, 175, 
-14, 200, 214, -92, -114, 207, -102, -165, 341, -351, -204, 185, 
-9, 190, 200, -90, -104, 195, -107, -156, 346, -336, -195, 195, 
-9, 190, 200, -90, -104, 195, -107, -151, 356, -326, -185, 214, 
-4, 204, 209, -100, -107, 207, -117, -151, 356, -322, -180, 214, 
0, 209, 209, -104, -104, 209, -122, -151, 356, -317, -170, 224, 
0, 219, 219, -109, -109, 219, -122, -151, 361, -312, -161, 234, 
4, 229, 224, -117, -109, 226, -126, -151, 361, -307, -151, 248, 
9, 244, 234, -126, -112, 239, -131, -151, 361, -312, -146, 248, 
14, 253, 239, -134, -112, 246, -131, -151, 361, -312, -141, 258, 
19, 268, 248, -143, -114, 258, -136, -151, 366, -302, -126, 278, 
24, 268, 244, -146, -109, 256, -141, -151, 375, -287, -117, 287, 
29, 268, 239, -148, -104, 253, -146, -151, 370, -283, -107, 312, 
34, 283, 248, -158, -107, 265, -151, -151, 370, -273, -92, 326, 
34, 292, 258, -163, -112, 275, -156, -151, 375, -268, -82, 331, 
39, 312, 273, -175, -117, 292, -165, -151, 380, -258, -73, 336, 
43, 322, 278, -183, -117, 300, -175, -161, 390, -258, -68, 346, 
48, 326, 278, -187, -114, 302, -180, -161, 395, -248, -68, 351, 
53, 336, 283, -195, -114, 309, -180, -161, 395, -244, -63, 370, 
53, 341, 287, -197, -117, 314, -185, -161, 395, -239, -58, 375, 
63, 341, 278, -202, -107, 309, -180, -161, 409, -239, -53, 390, 
63, 351, 287, -207, -112, 319, -185, -161, 409, -234, -43, 400, 
63, 351, 287, -207, -112, 319, -185, -161, 409, -224, -24, 414, 
73, 351, 278, -212, -102, 314, -190, -170, 419, -219, -9, 429, 
82, 346, 263, -214, -90, 305, -195, -180, 419, -229, -14, 444, 
82, 361, 278, -222, -97, 319, -200, -180, 419, -224, -14, 444, 
82, 361, 278, -222, -97, 319, -200, -180, 419, -224, -9, 453, 
82, 366, 283, -224, -100, 324, -200, -180, 424, -219, -4, 463, 
82, 380, 297, -231, -107, 339, -214, -185, 414, -209, 0, 448, 
78, 395, 317, -236, -119, 356, -219, -195, 409, -209, 0, 448, 
73, 409, 336, -241, -131, 373, -224, -195, 409, -209, 4, 448, 
63, 424, 361, -244, -148, 392, -224, -195, 414, -204, 4, 448, 
63, 424, 361, -244, -148, 392, -234, -209, 414, -214, 19, 458, 
68, 429, 361, -248, -146, 395, -239, -214, 414, -214, 24, 463, 
68, 429, 361, -248, -146, 395, -239, -214, 414, -214, 29, 468, 
68, 429, 361, -248, -146, 395, -239, -219, 419, -214, 29, 468, 
63, 414, 351, -239, -143, 383, -234, -214, 429, -204, 24, 473, 
63, 414, 351, -239, -143, 383, -234, -219, 429, -204, 24, 468, 
63, 419, 356, -241, -146, 387, -229, -224, 429, -209, 19, 463, 
63, 419, 356, -241, -146, 387, -224, -224, 429, -214, 4, 448, 
73, 429, 356, -251, -141, 392, -219, -224, 429, -219, -9, 434, 
63, 424, 361, -244, -148, 392, -214, -224, 429, -219, -14, 429, 
58, 419, 361, -239, -151, 390, -214, -229, 434, -224, -19, 414, 
53, 409, 356, -231, -151, 383, -209, -234, 434, -224, -24, 405, 
48, 409, 361, -229, -156, 385, -214, -244, 434, -234, -29, 395, 
43, 400, 356, -222, -156, 378, -214, -248, 434, -244, -39, 385, 
39, 400, 361, -219, -161, 380, -214, -248, 429, -248, -53, 370, 
39, 390, 351, -214, -156, 370, -204, -248, 429, -253, -63, 361, 
29, 380, 351, -204, -161, 366, -200, -253, 429, -258, -78, 341, 
24, 370, 346, -197, -161, 358, -200, -253, 429, -263, -87, 326, 
19, 366, 346, -192, -163, 356, -195, -253, 429, -273, -97, 317, 
19, 351, 331, -185, -156, 341, -190, -258, 429, -273, -97, 307, 
-4, 336, 341, -165, -173, 339, -175, -258, 424, -263, -92, 302, 
-4, 326, 331, -161, -168, 329, -170, -258, 414, -268, -107, 292, 
-4, 317, 322, -156, -163, 319, -170, -263, 414, -278, -112, 287, 
-4, 312, 317, -153, -161, 314, -170, -268, 414, -283, -122, 283, 
-9, 322, 331, -156, -170, 326, -170, -268, 414, -292, -126, 278, 
-14, 317, 331, -151, -173, 324, -165, -268, 414, -297, -131, 273, 
-19, 302, 322, -141, -170, 312, -161, -268, 414, -297, -131, 268, 
-19, 302, 322, -141, -170, 312, -161, -268, 414, -302, -131, 263, 
-9, 302, 312, -146, -161, 307, -165, -273, 400, -302, -131, 248, 
-14, 302, 317, -143, -165, 309, -165, -273, 400, -302, -136, 244, 
-14, 307, 322, -146, -168, 314, -165, -273, 400, -312, -141, 244, 
-14, 307, 322, -146, -168, 314, -165, -273, 395, -317, -141, 239, 
-19, 317, 336, -148, -178, 326, -165, -278, 380, -331, -151, 224, 
-19, 322, 341, -151, -180, 331, -170, -278, 375, -331, -161, 219, 
-19, 331, 351, -156, -185, 341, -175, -283, 375, -331, -170, 214, 
-19, 341, 361, -161, -190, 351, -180, -292, 375, -336, -180, 209, 
-24, 317, 341, -146, -183, 329, -161, -278, 380, -322, -165, 219, 
-34, 297, 331, -131, -183, 314, -156, -268, 380, -322, -165, 219, 
-34, 278, 312, -122, -173, 295, -151, -263, 385, -322, -161, 219, 
-34, 239, 273, -102, -153, 256, -141, -258, 395, -317, -156, 214, 
-43, 239, 283, -97, -163, 261, -141, -268, 395, -326, -165, 224, 
-39, 239, 278, -100, -158, 258, -141, -268, 395, -326, -170, 224, 
-39, 244, 283, -102, -161, 263, -141, -268, 390, -326, -175, 224, 
-43, 244, 287, -100, -165, 265, -141, -268, 385, -326, -185, 224, 
-43, 239, 283, -97, -163, 261, -151, -268, 385, -336, -175, 219, 
-39, 239, 278, -100, -158, 258, -151, -268, 385, -336, -175, 219, 
-39, 224, 263, -92, -151, 244, -151, -268, 380, -336, -175, 219, 
-43, 234, 278, -95, -161, 256, -151, -268, 380, -341, -180, 219, 
-34, 253, 287, -109, -161, 270, -161, -273, 380, -351, -180, 204, 
-34, 263, 297, -114, -165, 280, -161, -273, 375, -351, -180, 204, 
-34, 273, 307, -119, -170, 290, -161, -278, 370, -351, -185, 200, 
-34, 287, 322, -126, -178, 305, -161, -283, 366, -351, -185, 200, 
-34, 278, 312, -122, -173, 295, -151, -273, 366, -341, -200, 200, 
-34, 278, 312, -122, -173, 295, -151, -273, 370, -341, -200, 195, 
-34, 273, 307, -119, -170, 290, -146, -273, 375, -341, -200, 195, 
-34, 273, 307, -119, -170, 290, -146, -273, 380, -341, -200, 195, 
-29, 263, 292, -117, -161, 278, -136, -263, 375, -341, -190, 195, 
-29, 263, 292, -117, -161, 278, -136, -263, 375, -341, -190, 200, 
-29, 258, 287, -114, -158, 273, -136, -263, 375, -341, -190, 204, 
-24, 258, 283, -117, -153, 270, -136, -263, 375, -336, -185, 209, 
-24, 248, 273, -112, -148, 261, -151, -273, 385, -336, -185, 200, 
-24, 253, 278, -114, -151, 265, -156, -273, 385, -341, -190, 200, 
-24, 258, 283, -117, -153, 270, -161, -278, 385, -346, -190, 200, 
-24, 258, 283, -117, -153, 270, -165, -278, 385, -346, -190, 204, 
-34, 268, 302, -117, -168, 285, -156, -287, 385, -346, -190, 204, 
-34, 273, 307, -119, -170, 290, -156, -287, 385, -346, -195, 204, 
-34, 278, 312, -122, -173, 295, -156, -283, 385, -341, -195, 204, 
-34, 278, 312, -122, -173, 295, -156, -283, 390, -341, -195, 200, 
-34, 268, 302, -117, -168, 285, -146, -283, 390, -351, -200, 200, 
-34, 263, 297, -114, -165, 280, -146, -283, 390, -351, -200, 200, 
-34, 258, 292, -112, -163, 275, -151, -283, 390, -351, -200, 200, 
-34, 258, 292, -112, -163, 275, -151, -283, 390, -351, -200, 200, 
-39, 263, 302, -112, -170, 283, -146, -273, 380, -346, -200, 200, 
-39, 268, 307, -114, -173, 287, -146, -273, 380, -346, -200, 200, 
-34, 273, 307, -119, -170, 290, -146, -273, 380, -346, -200, 200, 
-34, 278, 312, -122, -173, 295, -151, -273, 380, -341, -200, 200, 
-43, 273, 317, -114, -180, 295, -161, -273, 390, -341, -185, 209, 
-43, 278, 322, -117, -183, 300, -161, -273, 390, -341, -185, 209, 
-43, 273, 317, -114, -180, 295, -161, -278, 390, -341, -185, 209, 
-43, 268, 312, -112, -178, 290, -161, -278, 390, -346, -185, 209, 
-39, 283, 322, -122, -180, 302, -161, -287, 380, -346, -185, 200, 
-34, 283, 317, -124, -175, 300, -161, -287, 380, -346, -185, 200, 
-29, 283, 312, -126, -170, 297, -161, -287, 380, -346, -185, 200, 
-24, 297, 322, -136, -173, 309, -161, -287, 380, -346, -185, 200, 
-24, 287, 312, -131, -168, 300, -161, -278, 380, -336, -185, 209, 
-24, 278, 302, -126, -163, 290, -161, -278, 380, -336, -180, 209, 
-24, 278, 302, -126, -163, 290, -161, -278, 380, -336, -180, 214, 
-29, 283, 312, -126, -170, 297, -165, -278, 385, -336, -180, 214, 
-29, 283, 312, -126, -170, 297, -161, -278, 385, -346, -180, 224, 
-29, 283, 312, -126, -170, 297, -161, -278, 380, -346, -180, 224, 
-29, 283, 312, -126, -170, 297, -161, -287, 380, -346, -180, 229, 
-24, 283, 307, -129, -165, 295, -161, -287, 380, -346, -180, 229, 
-24, 287, 312, -131, -168, 300, -170, -297, 370, -356, -190, 224, 
-24, 292, 317, -134, -170, 305, -165, -292, 370, -356, -190, 224, 
-24, 297, 322, -136, -173, 309, -165, -292, 370, -356, -190, 219, 
-19, 307, 326, -143, -173, 317, -165, -292, 366, -361, -190, 209, 
-29, 302, 331, -136, -180, 317, -165, -287, 370, -346, -185, 209, 
-29, 292, 322, -131, -175, 307, -165, -283, 375, -341, -180, 219, 
-29, 283, 312, -126, -170, 297, -165, -278, 380, -331, -170, 224, 
-29, 278, 307, -124, -168, 292, -170, -278, 385, -326, -165, 224, 
-29, 283, 312, -126, -170, 297, -161, -287, 375, -341, -180, 229, 
-29, 283, 312, -126, -170, 297, -156, -287, 375, -341, -180, 229, 
-29, 283, 312, -126, -170, 297, -156, -283, 375, -346, -180, 229, 
-29, 283, 312, -126, -170, 297, -156, -283, 375, -351, -180, 229, 
-29, 273, 302, -122, -165, 287, -156, -283, 380, -351, -180, 239, 
-29, 273, 302, -122, -165, 287, -156, -283, 375, -356, -180, 239, 
-29, 283, 312, -126, -170, 297, -156, -287, 375, -356, -185, 234, 
-29, 283, 312, -126, -170, 297, -156, -287, 380, -351, -185, 234, 
-19, 278, 297, -129, -158, 287, -165, -287, 370, -351, -180, 234, 
-19, 278, 297, -129, -158, 287, -165, -287, 370, -351, -180, 229, 
-19, 283, 302, -131, -161, 292, -165, -287, 370, -351, -185, 214, 
-19, 292, 312, -136, -165, 302, -165, -292, 366, -351, -195, 209, 
-24, 297, 322, -136, -173, 309, -175, -302, 356, -356, -200, 195, 
-29, 292, 322, -131, -175, 307, -175, -302, 356, -361, -204, 195, 
-34, 297, 331, -131, -183, 314, -180, -302, 356, -366, -209, 200, 
-39, 307, 346, -134, -192, 326, -185, -302, 351, -375, -214, 200, 
-39, 302, 341, -131, -190, 322, -180, -302, 351, -370, -224, 204, 
-39, 297, 336, -129, -187, 317, -175, -302, 351, -370, -224, 204, 
-39, 287, 326, -124, -183, 307, -165, -297, 351, -370, -214, 204, 
-39, 273, 312, -117, -175, 292, -161, -297, 351, -370, -214, 204, 
-39, 263, 302, -112, -170, 283, -151, -292, 361, -361, -209, 214, 
-39, 258, 297, -109, -168, 278, -151, -287, 361, -361, -204, 214, 
-39, 253, 292, -107, -165, 273, -151, -287, 361, -366, -200, 214, 
-39, 244, 283, -102, -161, 263, -151, -283, 361, -366, -195, 214, 
-43, 244, 287, -100, -165, 265, -161, -292, 351, -366, -204, 209, 
-43, 244, 287, -100, -165, 265, -161, -292, 351, -366, -200, 209, 
-43, 248, 292, -102, -168, 270, -161, -292, 351, -366, -200, 209, 
-43, 258, 302, -107, -173, 280, -161, -292, 346, -370, -200, 204, 
-48, 273, 322, -112, -185, 297, -170, -297, 346, -385, -214, 204, 
-48, 278, 326, -114, -187, 302, -170, -302, 346, -385, -214, 204, 
-43, 283, 326, -119, -185, 305, -170, -307, 346, -385, -214, 204, 
-39, 283, 322, -122, -180, 302, -170, -312, 346, -385, -214, 209, 
-39, 292, 331, -126, -185, 312, -175, -312, 336, -395, -224, 209, 
-39, 283, 322, -122, -180, 302, -156, -302, 336, -395, -219, 219, 
-29, 307, 336, -139, -183, 322, -165, -302, 326, -405, -239, 200, 
-29, 331, 361, -151, -195, 346, -185, -312, 326, -414, -244, 190, 
-29, 331, 361, -151, -195, 346, -175, -312, 331, -400, -234, 195, 
-29, 312, 341, -141, -185, 326, -170, -297, 336, -385, -229, 200, 
-29, 292, 322, -131, -175, 307, -165, -292, 341, -380, -224, 204, 
-29, 273, 302, -122, -165, 287, -161, -287, 346, -375, -219, 209, 
-29, 253, 283, -112, -156, 268, -156, -283, 351, -370, -214, 214, 
-19, 263, 283, -122, -151, 273, -156, -283, 361, -370, -204, 214, 
-19, 253, 273, -117, -146, 263, -156, -283, 361, -380, -204, 214, 
-19, 253, 273, -117, -146, 263, -151, -278, 361, -380, -204, 214, 
-19, 253, 273, -117, -146, 263, -151, -278, 361, -380, -209, 209, 
-29, 258, 287, -114, -158, 273, -151, -273, 356, -370, -209, 209, 
-34, 253, 287, -109, -161, 270, -151, -273, 356, -370, -204, 209, 
-34, 248, 283, -107, -158, 265, -151, -268, 356, -366, -200, 209, 
-34, 239, 273, -102, -153, 256, -151, -268, 356, -366, -200, 209, 
-29, 258, 287, -114, -158, 273, -161, -287, 351, -370, -214, 204, 
-29, 278, 307, -124, -168, 292, -161, -292, 351, -375, -214, 204, 
-29, 287, 317, -129, -173, 302, -161, -297, 346, -380, -214, 204, 
-29, 297, 326, -134, -178, 312, -161, -307, 351, -385, -219, 204, 
-39, 302, 341, -131, -190, 322, -161, -302, 366, -375, -209, 214, 
-43, 307, 351, -131, -197, 329, -161, -297, 366, -366, -200, 219, 
-43, 312, 356, -134, -200, 334, -161, -292, 370, -361, -195, 224, 
-48, 326, 375, -139, -212, 351, -161, -287, 380, -351, -190, 229, 
-39, 336, 375, -148, -207, 356, -170, -297, 375, -361, -200, 224, 
-39, 356, 395, -158, -217, 375, -170, -292, 380, -361, -200, 229, 
-39, 366, 405, -163, -222, 385, -170, -292, 390, -351, -195, 229, 
-39, 380, 419, -170, -229, 400, -170, -292, 395, -346, -190, 234, 
-39, 375, 414, -168, -226, 395, -165, -302, 405, -341, -190, 224, 
-39, 370, 409, -165, -224, 390, -156, -302, 409, -341, -185, 224, 
-39, 351, 390, -156, -214, 370, -136, -297, 414, -336, -180, 229, 
-39, 346, 385, -153, -212, 366, -131, -292, 419, -336, -180, 229, 
-39, 326, 366, -143, -202, 346, -122, -283, 424, -326, -175, 234, 
-39, 322, 361, -141, -200, 341, -122, -278, 424, -326, -170, 239, 
-39, 326, 366, -143, -202, 346, -122, -278, 424, -326, -170, 244, 
-39, 326, 366, -143, -202, 346, -126, -273, 424, -326, -165, 244, 
-29, 326, 356, -148, -192, 341, -136, -273, 439, -317, -165, 244, 
-29, 331, 361, -151, -195, 346, -136, -273, 444, -312, -161, 244, 
-29, 336, 366, -153, -197, 351, -141, -273, 444, -307, -161, 248, 
-29, 336, 366, -153, -197, 351, -156, -283, 444, -307, -156, 248, 
-39, 346, 385, -153, -212, 366, -170, -292, 429, -317, -156, 253, 
-34, 361, 395, -163, -214, 378, -185, -302, 429, -317, -156, 248, 
-34, 366, 400, -165, -217, 383, -195, -307, 429, -317, -146, 248, 
-24, 370, 395, -173, -209, 383, -209, -307, 429, -307, -136, 253, 
-19, 390, 409, -185, -214, 400, -224, -322, 419, -307, -151, 258, 
-19, 405, 424, -192, -222, 414, -234, -331, 414, -307, -156, 258, 
-19, 424, 444, -202, -231, 434, -239, -336, 414, -307, -151, 263, 
-19, 429, 448, -204, -234, 439, -239, -341, 414, -307, -156, 263, 
-14, 419, 434, -202, -224, 427, -229, -331, 414, -307, -146, 273, 
-14, 400, 414, -192, -214, 407, -229, -317, 405, -302, -146, 278, 
-9, 375, 385, -183, -197, 380, -224, -307, 405, -302, -146, 283, 
0, 356, 356, -178, -178, 356, -224, -297, 400, -307, -141, 287, 
14, 366, 351, -190, -168, 358, -224, -297, 385, -317, -131, 297, 
14, 356, 341, -185, -163, 348, -224, -297, 380, -322, -131, 297, 
14, 336, 322, -175, -153, 329, -219, -292, 375, -331, -136, 297, 
19, 326, 307, -173, -143, 317, -219, -292, 366, -346, -156, 287, 
14, 326, 312, -170, -148, 319, -209, -283, 356, -356, -170, 278, 
19, 331, 312, -175, -146, 322, -209, -292, 351, -356, -175, 278, 
4, 336, 331, -170, -163, 334, -209, -292, 351, -356, -180, 283, 
-4, 336, 341, -165, -173, 339, -200, -287, 351, -356, -185, 283, 
4, 331, 326, -168, -161, 329, -204, -287, 346, -370, -190, 258, 
-9, 326, 336, -158, -173, 331, -195, -283, 346, -380, -195, 248, 
-24, 322, 346, -148, -185, 334, -190, -283, 346, -380, -200, 244, 
-29, 317, 346, -143, -187, 331, -185, -283, 341, -390, -214, 234, 
-34, 292, 326, -129, -180, 309, -170, -283, 341, -395, -219, 229, 
-34, 287, 322, -126, -178, 305, -165, -278, 336, -390, -214, 224, 
-39, 283, 322, -122, -180, 302, -161, -278, 331, -385, -209, 224, 
-39, 283, 322, -122, -180, 302, -161, -283, 331, -385, -209, 219, 
-43, 273, 317, -114, -180, 295, -146, -278, 341, -375, -214, 224, 
-48, 268, 317, -109, -183, 292, -141, -273, 341, -375, -214, 224, 
-48, 273, 322, -112, -185, 297, -141, -268, 336, -380, -214, 219, 
-48, 258, 307, -104, -178, 283, -141, -263, 336, -380, -214, 214, 
-43, 258, 302, -107, -173, 280, -146, -258, 336, -390, -229, 200, 
-43, 244, 287, -100, -165, 265, -141, -258, 336, -390, -229, 200, 
-43, 239, 283, -97, -163, 261, -141, -263, 336, -395, -229, 200, 
-48, 239, 287, -95, -168, 263, -141, -268, 331, -395, -234, 195, 
-53, 224, 278, -85, -165, 251, -131, -263, 331, -405, -239, 195, 
-58, 209, 268, -75, -163, 239, -131, -263, 322, -405, -239, 190, 
-58, 209, 268, -75, -163, 239, -131, -263, 322, -409, -244, 185, 
-58, 209, 268, -75, -163, 239, -131, -268, 322, -414, -248, 185, 
-58, 209, 268, -75, -163, 239, -141, -268, 312, -414, -248, 185, 
-58, 214, 273, -78, -165, 244, -136, -263, 312, -414, -248, 185, 
-58, 224, 283, -82, -170, 253, -136, -253, 312, -414, -244, 185, 
-58, 229, 287, -85, -173, 258, -136, -263, 312, -414, -244, 185, 
-68, 219, 287, -75, -178, 253, -136, -263, 317, -414, -234, 195, 
-68, 219, 287, -75, -178, 253, -136, -263, 317, -405, -234, 195, 
-63, 224, 287, -80, -175, 256, -136, -263, 317, -405, -234, 195, 
-63, 234, 297, -85, -180, 265, -136, -263, 312, -405, -234, 195, 
-53, 244, 297, -95, -175, 270, -136, -263, 312, -405, -244, 195, 
-58, 244, 302, -92, -180, 273, -136, -263, 317, -405, -244, 195, 
-58, 234, 292, -87, -175, 263, -131, -263, 317, -405, -239, 200, 
-58, 234, 292, -87, -175, 263, -131, -263, 322, -405, -239, 200, 
-68, 219, 287, -75, -178, 253, -122, -248, 331, -385, -229, 200, 
-78, 224, 302, -73, -190, 263, -112, -234, 346, -380, -219, 209, 
-68, 234, 302, -82, -185, 268, -117, -219, 366, -380, -234, 200, 
-63, 239, 302, -87, -183, 270, -102, -190, 380, -375, -248, 165, 
-73, 219, 292, -73, -183, 256, -78, -146, 409, -356, -253, 126, 
-78, 219, 297, -70, -187, 258, -68, -141, 434, -351, -263, 107, 
-53, 273, 326, -109, -190, 300, -87, -151, 444, -336, -248, 107, 
-9, 336, 346, -163, -178, 341, -112, -146, 483, -273, -195, 151, 
14, 395, 380, -204, -183, 387, -136, -136, 546, -165, -82, 244, 
53, 453, 400, -253, -173, 427, -165, -131, 595, -87, 19, 361, 
122, 541, 419, -331, -148, 480, -214, -131, 595, -39, 107, 488, 
185, 644, 458, -414, -136, 551, -297, -156, 561, 4, 214, 653, 
258, 761, 502, -509, -122, 631, -390, -200, 536, 97, 395, 888, 
346, 883, 536, -614, -95, 710, -478, -253, 536, 195, 610, 1180, 
463, 980, 517, -722, -26, 749, -585, -317, 507, 278, 834, 1498, 
575, 1112, 536, -844, 19, 824, -732, -453, 424, 331, 1073, 1830, 
653, 1234, 580, -944, 36, 907, -868, -644, 312, 356, 1263, 2142, 
697, 1293, 595, -995, 51, 944, -961, -805, 190, 307, 1351, 2337, 
717, 1302, 585, -1010, 65, 944, -1024, -893, 97, 234, 1366, 2435, 
692, 1259, 566, -976, 63, 912, -1024, -902, 19, 151, 1322, 2435, 
624, 1068, 444, -846, 90, 756, -951, -854, -48, 14, 1117, 2244, 
536, 883, 346, -710, 95, 614, -863, -829, -122, -141, 844, 1937, 
414, 771, 356, -592, 29, 563, -785, -829, -175, -278, 624, 1639, 
278, 649, 370, -463, -46, 509, -663, -819, -175, -400, 366, 1278, 
126, 483, 356, -305, -114, 419, -512, -795, -161, -580, 9, 800, 
-4, 326, 331, -161, -168, 329, -395, -751, -190, -771, -331, 375, 
-73, 229, 302, -78, -187, 265, -331, -702, -244, -888, -507, 170, 
-92, 185, 278, -46, -185, 231, -297, -624, -263, -912, -551, 97, 
-112, 136, 248, -12, -180, 192, -253, -536, -229, -893, -580, 39, 
-122, 102, 224, 9, -173, 163, -214, -458, -170, -858, -590, 0, 
-122, 102, 224, 9, -173, 163, -180, -395, -102, -814, -566, 9, 
-112, 97, 209, 7, -161, 153, -151, -366, -29, -761, -527, 29, 
-102, 92, 195, 4, -148, 143, -141, -356, 0, -717, -497, 43, 
-102, 112, 214, -4, -158, 163, -151, -351, 14, -692, -458, 58, 
-102, 117, 219, -7, -161, 168, -141, -341, 48, -668, -444, 53, 
-107, 126, 234, -9, -170, 180, -131, -317, 97, -644, -434, 53, 
-117, 146, 263, -14, -190, 204, -131, -312, 126, -614, -429, 63, 
-117, 165, 283, -24, -200, 224, -126, -307, 165, -590, -414, 63, 
-122, 185, 307, -31, -214, 246, -122, -292, 200, -546, -390, 58, 
-131, 204, 336, -36, -234, 270, -122, -287, 229, -522, -390, 53, 
-131, 200, 331, -34, -231, 265, -112, -287, 244, -512, -375, 58, 
-136, 190, 326, -26, -231, 258, -102, -278, 258, -497, -361, 78, 
-141, 190, 331, -24, -236, 261, -97, -273, 258, -488, -346, 87, 
-136, 190, 326, -26, -231, 258, -87, -263, 263, -483, -331, 97, 
-136, 190, 326, -26, -231, 258, -82, -253, 268, -478, -322, 107, 
-146, 200, 346, -26, -246, 273, -78, -244, 278, -478, -322, 107, 
-146, 195, 341, -24, -244, 268, -73, -234, 287, -468, -322, 107, 
-146, 190, 336, -21, -241, 263, -68, -234, 292, -468, -326, 107, 
-146, 190, 336, -21, -241, 263, -68, -239, 297, -458, -331, 102, 
-165, 180, 346, -7, -256, 263, -63, -224, 302, -453, -326, 107, 
-175, 175, 351, 0, -263, 263, -58, -224, 307, -448, -317, 112, 
-190, 165, 356, 12, -273, 261, -53, -219, 307, -444, -312, 117, 
-200, 161, 361, 19, -280, 261, -48, -214, 312, -439, -307, 122, 
-200, 161, 361, 19, -280, 261, -39, -224, 317, -434, -302, 131, 
-200, 156, 356, 21, -278, 256, -39, -224, 322, -424, -297, 136, 
-195, 156, 351, 19, -273, 253, -39, -219, 326, -424, -292, 146, 
-195, 156, 351, 19, -273, 253, -43, -219, 326, -429, -292, 136, 
-195, 156, 351, 19, -273, 253, -39, -209, 341, -419, -292, 146, 
-195, 151, 346, 21, -270, 248, -34, -204, 341, -419, -292, 146, 
-195, 146, 341, 24, -268, 244, -29, -204, 341, -414, -292, 146, 
-195, 141, 336, 26, -265, 239, -24, -209, 341, -414, -292, 146, 
-204, 161, 366, 21, -285, 263, -34, -219, 336, -419, -297, 136, 
-204, 170, 375, 17, -290, 273, -39, -219, 331, -424, -307, 126, 
-204, 180, 385, 12, -295, 283, -43, -219, 322, -434, -312, 117, 
-204, 190, 395, 7, -300, 292, -48, -219, 317, -439, -317, 107, 
-204, 175, 380, 14, -292, 278, -39, -219, 322, -429, -302, 122, 
-204, 165, 370, 19, -287, 268, -39, -219, 326, -429, -297, 126, 
-204, 156, 361, 24, -283, 258, -39, -214, 326, -429, -292, 131, 
-204, 146, 351, 29, -278, 248, -34, -209, 331, -429, -287, 136, 
-204, 131, 336, 36, -270, 234, -34, -200, 341, -429, -287, 146, 
-204, 131, 336, 36, -270, 234, -34, -200, 341, -429, -287, 146, 
-204, 136, 341, 34, -273, 239, -39, -200, 336, -434, -287, 146, 
-204, 141, 346, 31, -275, 244, -39, -200, 336, -434, -287, 146, 
-195, 156, 351, 19, -273, 253, -48, -204, 326, -444, -297, 141, 
-195, 165, 361, 14, -278, 263, -48, -209, 326, -439, -297, 136, 
-195, 175, 370, 9, -283, 273, -48, -214, 326, -439, -297, 131, 
-195, 180, 375, 7, -285, 278, -48, -219, 326, -439, -297, 126, 
-195, 175, 370, 9, -283, 273, -39, -204, 331, -429, -292, 122, 
-195, 175, 370, 9, -283, 273, -39, -204, 331, -429, -292, 122, 
-195, 175, 370, 9, -283, 273, -39, -204, 331, -429, -292, 122, 
-190, 175, 366, 7, -278, 270, -34, -200, 336, -424, -292, 122, 
-190, 175, 366, 7, -278, 270, -34, -200, 336, -424, -302, 131, 
-190, 180, 370, 4, -280, 275, -39, -204, 336, -424, -302, 131, 
-195, 185, 380, 4, -287, 283, -39, -204, 331, -419, -302, 131, 
-195, 185, 380, 4, -287, 283, -34, -200, 331, -419, -302, 131, 
-195, 170, 366, 12, -280, 268, -34, -200, 331, -419, -292, 141, 
-195, 165, 361, 14, -278, 263, -34, -195, 341, -409, -292, 141, 
-195, 146, 341, 24, -268, 244, -34, -195, 341, -405, -283, 146, 
-195, 151, 346, 21, -270, 248, -34, -195, 341, -405, -283, 146, 
-200, 175, 375, 12, -287, 275, -34, -195, 336, -395, -287, 141, 
-204, 180, 385, 12, -295, 283, -39, -190, 336, -395, -287, 141, 
-209, 180, 390, 14, -300, 285, -39, -190, 341, -395, -287, 146, 
-214, 180, 395, 17, -305, 287, -39, -185, 351, -395, -283, 146, 
-224, 185, 409, 19, -317, 297, -39, -175, 351, -405, -283, 141, 
-224, 190, 414, 17, -319, 302, -34, -175, 351, -405, -283, 141, 
-219, 190, 409, 14, -314, 300, -34, -175, 351, -405, -273, 146, 
-219, 195, 414, 12, -317, 305, -34, -175, 351, -400, -273, 146, 
-224, 195, 419, 14, -322, 307, -29, -165, 361, -390, -273, 151, 
-224, 204, 429, 9, -326, 317, -34, -165, 361, -395, -273, 161, 
-224, 204, 429, 9, -326, 317, -34, -161, 361, -395, -268, 165, 
-224, 209, 434, 7, -329, 322, -34, -161, 361, -390, -268, 170, 
-224, 214, 439, 4, -331, 326, -24, -161, 351, -390, -268, 161, 
-219, 214, 434, 2, -326, 324, -29, -161, 351, -390, -263, 161, 
-219, 214, 434, 2, -326, 324, -29, -156, 356, -380, -258, 175, 
-219, 219, 439, 0, -329, 329, -29, -156, 356, -380, -258, 175, 
-219, 209, 429, 4, -324, 319, -34, -151, 366, -370, -248, 175, 
-214, 204, 419, 4, -317, 312, -34, -146, 370, -370, -248, 185, 
-209, 204, 414, 2, -312, 309, -34, -141, 370, -366, -244, 190, 
-204, 200, 405, 2, -305, 302, -34, -141, 370, -361, -239, 190, 
-204, 190, 395, 7, -300, 292, -24, -126, 390, -356, -229, 200, 
-204, 190, 395, 7, -300, 292, -24, -122, 390, -351, -219, 209, 
-200, 195, 395, 2, -297, 295, -24, -117, 390, -346, -214, 214, 
-195, 209, 405, -7, -300, 307, -34, -112, 390, -341, -209, 219, 
-195, 219, 414, -12, -305, 317, -34, -112, 385, -351, -195, 239, 
-190, 229, 419, -19, -305, 324, -34, -117, 390, -341, -185, 244, 
-190, 239, 429, -24, -309, 334, -43, -117, 390, -331, -180, 248, 
-195, 258, 453, -31, -324, 356, -48, -122, 395, -326, -175, 263, 
-190, 253, 444, -31, -317, 348, -48, -112, 395, -322, -170, 283, 
-185, 258, 444, -36, -314, 351, -53, -112, 395, -317, -161, 292, 
-185, 268, 453, -41, -319, 361, -53, -112, 400, -312, -151, 302, 
-180, 278, 458, -48, -319, 368, -58, -112, 400, -307, -141, 317, 
-185, 278, 463, -46, -324, 370, -53, -102, 405, -297, -126, 326, 
-180, 283, 463, -51, -322, 373, -53, -102, 409, -292, -122, 336, 
-175, 292, 468, -58, -322, 380, -58, -102, 419, -278, -107, 356, 
-170, 287, 458, -58, -314, 373, -63, -102, 434, -258, -97, 366, 
-165, 297, 463, -65, -314, 380, -78, -102, 429, -263, -78, 380, 
-161, 312, 473, -75, -317, 392, -82, -102, 429, -253, -63, 395, 
-161, 322, 483, -80, -322, 402, -87, -102, 434, -248, -53, 400, 
-156, 341, 497, -92, -326, 419, -97, -102, 439, -239, -43, 405, 
-156, 351, 507, -97, -331, 429, -87, -102, 448, -239, -43, 424, 
-156, 356, 512, -100, -334, 434, -92, -102, 453, -229, -39, 429, 
-156, 366, 522, -104, -339, 444, -92, -102, 453, -224, -29, 448, 
-161, 370, 531, -104, -346, 451, -97, -102, 453, -219, -19, 453, 
-156, 380, 536, -112, -346, 458, -112, -112, 453, -219, -19, 463, 
-151, 400, 551, -124, -351, 475, -117, -112, 448, -214, -14, 468, 
-146, 409, 556, -131, -351, 483, -117, -112, 444, -204, 0, 478, 
-131, 419, 551, -143, -341, 485, -122, -122, 448, -200, 9, 488, 
-141, 414, 556, -136, -348, 485, -117, -122, 458, -209, 4, 488, 
-141, 429, 570, -143, -356, 500, -122, -122, 458, -204, 4, 483, 
-141, 429, 570, -143, -356, 500, -122, -122, 458, -204, 9, 488, 
-141, 434, 575, -146, -358, 505, -122, -122, 463, -200, 14, 492, 
-126, 429, 556, -151, -341, 492, -126, -117, 463, -190, 19, 502, 
-126, 434, 561, -153, -344, 497, -131, -126, 458, -190, 19, 507, 
-126, 439, 566, -156, -346, 502, -136, -126, 458, -190, 24, 512, 
-131, 444, 575, -156, -353, 509, -136, -126, 463, -185, 24, 517, 
-131, 453, 585, -161, -358, 519, -136, -131, 463, -185, 19, 517, 
-126, 458, 585, -165, -356, 522, -141, -136, 463, -185, 24, 522, 
-126, 458, 585, -165, -356, 522, -141, -136, 463, -185, 29, 527, 
-126, 458, 585, -165, -356, 522, -141, -141, 468, -185, 29, 527, 
-122, 458, 580, -168, -351, 519, -131, -136, 468, -175, 39, 527, 
-122, 463, 585, -170, -353, 524, -136, -141, 468, -175, 43, 527, 
-122, 473, 595, -175, -358, 534, -136, -146, 468, -180, 43, 527, 
-122, 478, 600, -178, -361, 539, -136, -146, 468, -185, 34, 517, 
-131, 473, 605, -170, -368, 539, -131, -136, 478, -190, 29, 512, 
-141, 463, 605, -161, -373, 534, -126, -136, 478, -190, 24, 507, 
-146, 453, 600, -153, -373, 527, -126, -141, 483, -195, 19, 492, 
-151, 439, 590, -143, -370, 514, -122, -146, 483, -195, 14, 483, 
-156, 439, 595, -141, -375, 517, -117, -156, 473, -204, -4, 463, 
-161, 429, 590, -134, -375, 509, -117, -161, 473, -214, -19, 453, 
-165, 429, 595, -131, -380, 512, -117, -161, 468, -219, -39, 439, 
-165, 419, 585, -126, -375, 502, -107, -161, 468, -224, -53, 429, 
-175, 419, 595, -122, -385, 507, -102, -161, 458, -219, -53, 424, 
-180, 409, 590, -114, -385, 500, -102, -156, 458, -224, -58, 414, 
-185, 405, 590, -109, -387, 497, -97, -151, 458, -234, -63, 409, 
-185, 390, 575, -102, -380, 483, -92, -151, 458, -234, -58, 405, 
-209, 390, 600, -90, -405, 495, -87, -156, 453, -244, -63, 395, 
-209, 395, 605, -92, -407, 500, -82, -161, 444, -248, -78, 380, 
-209, 400, 610, -95, -409, 505, -82, -170, 444, -258, -82, 370, 
-209, 409, 619, -100, -414, 514, -82, -180, 444, -263, -92, 361, 
-204, 395, 600, -95, -402, 497, -82, -175, 439, -273, -107, 356, 
-209, 385, 595, -87, -402, 490, -78, -170, 444, -278, -112, 351, 
-214, 366, 580, -75, -397, 473, -73, -165, 448, -278, -112, 346, 
-214, 361, 575, -73, -395, 468, -73, -161, 453, -283, -112, 341, 
-224, 341, 566, -58, -395, 453, -58, -161, 439, -273, -122, 336, 
-229, 331, 561, -51, -395, 446, -58, -156, 439, -273, -126, 331, 
-229, 326, 556, -48, -392, 441, -58, -151, 439, -283, -131, 331, 
-229, 317, 546, -43, -387, 431, -58, -146, 434, -287, -131, 326, 
-234, 312, 546, -39, -390, 429, -48, -156, 439, -283, -126, 312, 
-234, 302, 536, -34, -385, 419, -43, -151, 434, -283, -131, 307, 
-234, 297, 531, -31, -383, 414, -39, -151, 434, -283, -136, 302, 
-234, 292, 527, -29, -380, 409, -34, -156, 434, -287, -141, 297, 
-229, 302, 531, -36, -380, 417, -34, -165, 424, -297, -151, 297, 
-239, 307, 546, -34, -392, 427, -39, -161, 419, -302, -156, 297, 
-239, 312, 551, -36, -395, 431, -43, -161, 419, -307, -156, 297, 
-239, 297, 536, -29, -387, 417, -43, -161, 424, -307, -156, 292, 
-239, 302, 541, -31, -390, 422, -43, -161, 414, -307, -151, 292, 
-234, 307, 541, -36, -387, 424, -43, -161, 414, -307, -151, 292, 
-234, 317, 551, -41, -392, 434, -43, -161, 409, -307, -151, 292, 
-239, 322, 561, -41, -400, 441, -43, -161, 405, -307, -156, 292, 
-239, 326, 566, -43, -402, 446, -43, -161, 405, -307, -156, 287, 
-234, 326, 561, -46, -397, 444, -43, -161, 405, -307, -156, 287, 
-234, 312, 546, -39, -390, 429, -43, -161, 400, -307, -156, 287, 
-239, 322, 561, -41, -400, 441, -43, -161, 400, -312, -161, 287, 
-239, 322, 561, -41, -400, 441, -43, -151, 405, -322, -161, 283, 
-239, 322, 561, -41, -400, 441, -43, -146, 405, -322, -161, 283, 
-239, 322, 561, -41, -400, 441, -43, -146, 405, -322, -165, 278, 
-239, 326, 566, -43, -402, 446, -43, -146, 405, -322, -165, 278, 
-248, 322, 570, -36, -409, 446, -34, -136, 400, -331, -175, 278, 
-248, 317, 566, -34, -407, 441, -34, -136, 400, -331, -180, 273, 
-248, 307, 556, -29, -402, 431, -29, -136, 400, -331, -185, 273, 
-248, 302, 551, -26, -400, 427, -29, -136, 400, -331, -190, 273, 
-253, 302, 556, -24, -405, 429, -19, -136, 405, -331, -180, 268, 
-253, 302, 556, -24, -405, 429, -19, -136, 405, -331, -180, 268, 
-253, 297, 551, -21, -402, 424, -19, -136, 405, -331, -180, 268, 
-248, 297, 546, -24, -397, 422, -19, -136, 405, -326, -175, 268, 
-248, 297, 546, -24, -397, 422, -29, -146, 405, -317, -165, 268, 
-248, 302, 551, -26, -400, 427, -29, -146, 405, -322, -170, 268, 
-248, 307, 556, -29, -402, 431, -29, -151, 405, -326, -170, 268, 
-248, 307, 556, -29, -402, 431, -29, -151, 405, -326, -170, 273, 
-248, 302, 551, -26, -400, 427, -29, -141, 395, -336, -180, 263, 
-248, 302, 551, -26, -400, 427, -29, -141, 395, -336, -185, 263, 
-248, 302, 551, -26, -400, 427, -29, -136, 395, -331, -185, 263, 
-248, 297, 546, -24, -397, 422, -29, -136, 400, -331, -185, 258, 
-248, 307, 556, -29, -402, 431, -39, -146, 390, -331, -190, 258, 
-248, 312, 561, -31, -405, 436, -39, -146, 390, -331, -190, 258, 
-248, 317, 566, -34, -407, 441, -43, -146, 390, -331, -190, 258, 
-248, 326, 575, -39, -412, 451, -43, -146, 390, -331, -190, 258, 
-244, 322, 566, -39, -405, 444, -34, -136, 395, -322, -180, 263, 
-244, 317, 561, -36, -402, 439, -29, -136, 400, -317, -170, 268, 
-239, 312, 551, -36, -395, 431, -24, -136, 405, -312, -161, 273, 
-239, 307, 546, -34, -392, 427, -24, -136, 409, -302, -151, 278, 
-229, 297, 527, -34, -378, 412, -24, -126, 409, -302, -151, 287, 
-229, 307, 536, -39, -383, 422, -24, -126, 409, -302, -156, 287, 
-229, 307, 536, -39, -383, 422, -24, -131, 409, -302, -161, 287, 
-229, 307, 536, -39, -383, 422, -24, -131, 409, -307, -165, 287, 
-229, 317, 546, -43, -387, 431, -34, -136, 409, -307, -165, 278, 
-229, 322, 551, -46, -390, 436, -34, -141, 409, -307, -165, 278, 
-229, 326, 556, -48, -392, 441, -34, -146, 409, -307, -165, 278, 
-229, 346, 575, -58, -402, 461, -34, -151, 409, -307, -165, 278, 
-229, 326, 556, -48, -392, 441, -24, -146, 409, -297, -156, 283, 
-229, 317, 546, -43, -387, 431, -24, -141, 409, -297, -151, 287, 
-229, 317, 546, -43, -387, 431, -24, -136, 409, -297, -151, 297, 
-234, 322, 556, -43, -395, 439, -29, -131, 414, -297, -151, 302, 
-234, 312, 546, -39, -390, 429, -24, -131, 414, -297, -151, 292, 
-234, 312, 546, -39, -390, 429, -24, -131, 409, -297, -151, 292, 
-234, 312, 546, -39, -390, 429, -24, -141, 409, -297, -151, 297, 
-229, 312, 541, -41, -385, 427, -24, -141, 409, -297, -151, 297, 
-239, 312, 551, -36, -395, 431, -34, -151, 400, -307, -156, 297, 
-239, 312, 551, -36, -395, 431, -29, -146, 400, -307, -161, 302, 
-239, 312, 551, -36, -395, 431, -29, -146, 400, -307, -165, 302, 
-234, 317, 551, -41, -392, 434, -29, -146, 395, -312, -170, 297, 
-234, 326, 561, -46, -397, 444, -39, -146, 385, -322, -170, 292, 
-234, 331, 566, -48, -400, 448, -39, -146, 385, -322, -170, 297, 
-234, 336, 570, -51, -402, 453, -39, -146, 385, -317, -165, 297, 
-234, 346, 580, -56, -407, 463, -43, -151, 385, -317, -165, 292, 
-234, 341, 575, -53, -405, 458, -39, -136, 395, -317, -165, 292, 
-234, 331, 566, -48, -400, 448, -29, -131, 395, -312, -161, 297, 
-234, 322, 556, -43, -395, 439, -24, -122, 395, -312, -156, 302, 
-234, 312, 546, -39, -390, 429, -19, -117, 395, -312, -151, 307, 
-234, 312, 546, -39, -390, 429, -19, -126, 390, -312, -161, 307, 
-234, 312, 546, -39, -390, 429, -19, -126, 385, -317, -161, 307, 
-234, 322, 556, -43, -395, 439, -19, -131, 385, -317, -165, 302, 
-234, 322, 556, -43, -395, 439, -19, -131, 390, -312, -165, 302, 
-234, 312, 546, -39, -390, 429, -9, -131, 390, -312, -170, 307, 
-234, 307, 541, -36, -387, 424, -9, -131, 390, -312, -170, 307, 
-234, 307, 541, -36, -387, 424, -9, -131, 390, -312, -175, 297, 
-234, 312, 546, -39, -390, 429, -9, -136, 385, -312, -185, 297, 
-234, 312, 546, -39, -390, 429, -19, -126, 385, -312, -180, 292, 
-234, 302, 536, -34, -385, 419, -19, -126, 385, -312, -175, 292, 
-234, 302, 536, -34, -385, 419, -24, -126, 385, -312, -170, 297, 
-234, 307, 541, -36, -387, 424, -29, -126, 380, -317, -165, 297, 
-234, 307, 541, -36, -387, 424, -29, -117, 390, -331, -175, 283, 
-234, 307, 541, -36, -387, 424, -29, -117, 390, -331, -175, 283, 
-234, 302, 536, -34, -385, 419, -24, -112, 390, -331, -165, 283, 
-234, 292, 527, -29, -380, 409, -24, -112, 390, -331, -165, 283, 
-234, 307, 541, -36, -387, 424, -24, -117, 380, -331, -185, 283, 
-234, 317, 551, -41, -392, 434, -24, -122, 380, -331, -185, 283, 
-234, 326, 561, -46, -397, 444, -24, -131, 380, -336, -185, 283, 
-234, 331, 566, -48, -400, 448, -24, -136, 380, -336, -185, 283, 
-219, 326, 546, -53, -383, 436, -24, -117, 380, -336, -185, 287, 
-229, 312, 541, -41, -385, 427, -24, -126, 380, -336, -180, 287, 
-229, 292, 522, -31, -375, 407, -14, -117, 380, -336, -161, 287, 
-219, 307, 527, -43, -373, 417, -14, -126, 375, -341, -170, 292, 
-224, 312, 536, -43, -380, 424, -19, -136, 361, -351, -185, 283, 
-229, 297, 527, -34, -378, 412, -9, -131, 370, -346, -175, 292, 
-234, 292, 527, -29, -380, 409, -9, -126, 370, -341, -175, 292, 
-239, 287, 527, -24, -383, 407, -9, -122, 370, -336, -175, 292, 
-244, 283, 527, -19, -385, 405, -9, -117, 370, -331, -175, 292, 
-244, 297, 541, -26, -392, 419, -19, -126, 361, -331, -175, 283, 
-244, 292, 536, -24, -390, 414, -19, -126, 361, -341, -175, 283, 
-244, 297, 541, -26, -392, 419, -14, -122, 361, -341, -175, 283, 
-244, 302, 546, -29, -395, 424, -14, -122, 361, -341, -180, 278, 
-234, 312, 546, -39, -390, 429, -4, -126, 366, -341, -175, 278, 
-239, 312, 551, -36, -395, 431, -4, -126, 366, -341, -175, 278, 
-239, 312, 551, -36, -395, 431, -4, -122, 366, -336, -175, 278, 
-239, 307, 546, -34, -392, 427, -4, -122, 366, -336, -180, 278, 
-234, 317, 551, -41, -392, 434, -14, -126, 366, -346, -190, 283, 
-234, 326, 561, -46, -397, 444, -14, -126, 370, -346, -185, 283, 
-234, 326, 561, -46, -397, 444, -14, -126, 370, -346, -180, 283, 
-234, 326, 561, -46, -397, 444, -14, -131, 380, -346, -180, 283, 
-229, 341, 570, -56, -400, 456, -14, -131, 375, -336, -180, 273, 
-229, 346, 575, -58, -402, 461, -14, -131, 375, -326, -170, 278, 
-224, 351, 575, -63, -400, 463, -14, -131, 380, -322, -165, 283, 
-224, 366, 590, -70, -407, 478, -14, -131, 390, -312, -161, 287, 
-234, 361, 595, -63, -414, 478, -4, -122, 395, -302, -161, 292, 
-234, 375, 610, -70, -422, 492, -4, -117, 400, -302, -161, 297, 
-234, 380, 614, -73, -424, 497, -4, -117, 409, -292, -156, 297, 
-234, 390, 624, -78, -429, 507, -4, -117, 414, -287, -151, 302, 
-234, 409, 644, -87, -439, 527, -9, -122, 405, -297, -161, 312, 
-234, 419, 653, -92, -444, 536, -9, -126, 409, -302, -156, 312, 
-234, 414, 649, -90, -441, 531, 0, -126, 414, -302, -151, 317, 
-234, 424, 658, -95, -446, 541, -4, -126, 419, -307, -151, 317, 
-234, 405, 639, -85, -436, 522, 9, -112, 434, -302, -146, 326, 
-234, 390, 624, -78, -429, 507, 14, -112, 434, -297, -141, 326, 
-234, 385, 619, -75, -427, 502, 19, -117, 434, -292, -141, 326, 
-234, 375, 610, -70, -422, 492, 19, -117, 434, -287, -136, 322, 
-224, 385, 610, -80, -417, 497, 9, -117, 439, -297, -146, 312, 
-224, 390, 614, -82, -419, 502, 9, -117, 444, -292, -141, 312, 
-224, 395, 619, -85, -422, 507, 4, -117, 444, -287, -141, 317, 
-224, 395, 619, -85, -422, 507, -9, -126, 444, -287, -136, 317, 
-234, 390, 624, -78, -429, 507, -9, -131, 448, -287, -136, 326, 
-229, 400, 629, -85, -429, 514, -19, -136, 448, -287, -136, 326, 
-229, 400, 629, -85, -429, 514, -24, -136, 448, -287, -126, 331, 
-219, 400, 619, -90, -419, 509, -34, -131, 448, -278, -117, 341, 
-204, 414, 619, -104, -412, 517, -48, -141, 439, -278, -117, 336, 
-204, 434, 639, -114, -422, 536, -58, -156, 434, -278, -117, 336, 
-204, 458, 663, -126, -434, 561, -63, -165, 434, -278, -107, 341, 
-204, 468, 673, -131, -439, 570, -63, -175, 434, -278, -107, 341, 
-195, 478, 673, -141, -434, 575, -68, -165, 424, -278, -117, 351, 
-190, 468, 658, -139, -424, 563, -73, -151, 414, -273, -117, 356, 
-180, 453, 634, -136, -407, 544, -73, -141, 414, -273, -117, 361, 
-165, 444, 610, -139, -387, 527, -78, -131, 409, -278, -112, 366, 
-165, 429, 595, -131, -380, 512, -73, -122, 414, -268, -97, 380, 
-170, 405, 575, -117, -373, 490, -68, -122, 409, -273, -92, 385, 
-175, 370, 546, -97, -361, 458, -58, -117, 405, -283, -92, 390, 
-175, 346, 522, -85, -348, 434, -53, -117, 395, -297, -107, 385, 
-175, 356, 531, -90, -353, 444, -53, -117, 366, -317, -126, 361, 
-165, 361, 527, -97, -346, 444, -53, -126, 361, -317, -126, 356, 
-175, 366, 541, -95, -358, 453, -53, -126, 361, -317, -126, 356, 
-180, 366, 546, -92, -363, 456, -43, -122, 361, -317, -126, 351, 
-170, 361, 531, -95, -351, 446, -48, -117, 356, -331, -136, 336, 
-185, 356, 541, -85, -363, 448, -39, -107, 356, -341, -146, 326, 
-200, 351, 551, -75, -375, 451, -34, -102, 356, -341, -156, 322, 
-204, 346, 551, -70, -378, 448, -29, -97, 351, -351, -175, 312, 
-200, 322, 522, -61, -361, 422, -14, -97, 351, -361, -185, 307, 
-200, 317, 517, -58, -358, 417, -9, -92, 346, -361, -185, 302, 
-204, 312, 517, -53, -361, 414, -4, -92, 341, -361, -185, 302, 
-204, 312, 517, -53, -361, 414, -4, -97, 341, -366, -190, 297, 
-219, 322, 541, -51, -380, 431, 0, -107, 341, -356, -195, 283, 
-224, 326, 551, -51, -387, 439, 4, -107, 341, -356, -195, 283, 
-224, 341, 566, -58, -395, 453, 4, -107, 336, -361, -195, 278, 
-224, 336, 561, -56, -392, 448, 4, -107, 336, -361, -195, 273, 
-219, 317, 536, -48, -378, 427, 0, -97, 336, -370, -209, 268, 
-219, 302, 522, -41, -370, 412, 4, -92, 336, -370, -209, 268, 
-219, 297, 517, -39, -368, 407, 4, -92, 336, -375, -209, 268, 
-224, 297, 522, -36, -373, 409, 4, -92, 331, -375, -214, 263, 
-229, 287, 517, -29, -373, 402, 14, -78, 322, -385, -219, 273, 
-234, 268, 502, -17, -368, 385, 14, -78, 312, -385, -219, 268, 
-234, 263, 497, -14, -366, 380, 14, -78, 312, -390, -224, 263, 
-234, 258, 492, -12, -363, 375, 14, -82, 312, -395, -229, 263, 
-244, 244, 488, 0, -366, 366, 24, -73, 322, -390, -224, 263, 
-244, 244, 488, 0, -366, 366, 29, -68, 322, -385, -219, 263, 
-244, 248, 492, -2, -368, 370, 29, -58, 322, -380, -209, 263, 
-244, 248, 492, -2, -368, 370, 29, -68, 322, -375, -204, 263, 
-234, 258, 492, -12, -363, 375, 29, -68, 326, -385, -195, 263, 
-234, 258, 492, -12, -363, 375, 29, -68, 326, -375, -195, 263, 
-229, 263, 492, -17, -361, 378, 29, -68, 326, -375, -195, 263, 
-229, 273, 502, -21, -366, 387, 29, -68, 322, -375, -195, 263, 
-219, 287, 507, -34, -363, 397, 24, -73, 312, -385, -209, 263, 
-224, 292, 517, -34, -370, 405, 19, -78, 317, -385, -214, 263, 
-224, 287, 512, -31, -368, 400, 19, -82, 317, -385, -214, 268, 
-224, 292, 517, -34, -370, 405, 14, -87, 322, -385, -219, 268, 
-224, 287, 512, -31, -368, 400, 24, -73, 331, -385, -229, 268, 
-224, 273, 497, -24, -361, 385, 34, -58, 346, -370, -219, 278, 
-224, 283, 507, -29, -366, 395, 39, -43, 366, -351, -204, 287, 
-229, 258, 488, -14, -358, 373, 63, -14, 390, -346, -209, 244, 
-239, 229, 468, 4, -353, 348, 78, 19, 419, -336, -234, 195, 
-224, 248, 473, -12, -348, 361, 78, 43, 444, -312, -234, 175, 
-200, 302, 502, -51, -351, 402, 68, 53, 473, -268, -219, 175, 
-185, 326, 512, -70, -348, 419, 63, 58, 522, -214, -165, 209, 
-170, 414, 585, -122, -378, 500, 39, 48, 575, -136, -73, 302, 
-141, 531, 673, -195, -407, 602, 0, 53, 614, -58, 29, 429, 
-73, 619, 692, -273, -383, 656, -58, 63, 624, 9, 156, 575, 
0, 702, 702, -351, -351, 702, -141, 39, 600, 73, 302, 771, 
82, 810, 727, -446, -322, 768, -224, -24, 585, 185, 502, 1024, 
180, 932, 751, -556, -285, 841, -322, -97, 566, 273, 717, 1307, 
297, 1049, 751, -673, -226, 900, -458, -190, 488, 326, 922, 1615, 
400, 1180, 780, -790, -190, 980, -614, -336, 366, 361, 1151, 1956, 
478, 1312, 834, -895, -178, 1073, -751, -507, 244, 375, 1342, 2278, 
512, 1371, 858, -941, -173, 1115, -834, -629, 131, 317, 1429, 2454, 
512, 1390, 878, -951, -183, 1134, -888, -727, 29, 253, 1454, 2562, 
478, 1356, 878, -917, -200, 1117, -888, -756, -39, 190, 1439, 2591, 
419, 1166, 746, -793, -163, 956, -805, -707, -97, 82, 1273, 2420, 
331, 932, 600, -631, -134, 766, -707, -644, -170, -73, 1010, 2113, 
229, 810, 580, -519, -175, 695, -629, -634, -224, -219, 751, 1786, 
102, 736, 634, -419, -265, 685, -536, -644, -234, -370, 453, 1395, 
-39, 590, 629, -275, -334, 610, -395, -610, -219, -561, 68, 888, 
-161, 395, 556, -117, -358, 475, -248, -527, -229, -761, -312, 434, 
-229, 268, 497, -19, -363, 383, -175, -468, -273, -888, -497, 219, 
-248, 224, 473, 12, -361, 348, -141, -419, -283, -912, -541, 165, 
-258, 185, 444, 36, -351, 314, -97, -341, -239, -883, -561, 117, 
-258, 141, 400, 58, -329, 270, -48, -263, -170, -839, -561, 78, 
-258, 151, 409, 53, -334, 280, -24, -209, -102, -785, -536, 87, 
-248, 165, 414, 41, -331, 290, -14, -190, -58, -741, -497, 97, 
-239, 170, 409, 34, -324, 290, -4, -170, -29, -707, -468, 102, 
-239, 190, 429, 24, -334, 309, -14, -156, 4, -683, -439, 117, 
-239, 204, 444, 17, -341, 324, -4, -126, 48, -639, -414, 131, 
-253, 185, 439, 34, -346, 312, 14, -112, 107, -614, -405, 122, 
-263, 185, 448, 39, -356, 317, 24, -107, 146, -585, -400, 122, 
-253, 195, 448, 29, -351, 322, 29, -102, 175, -561, -385, 122, 
-258, 195, 453, 31, -356, 324, 34, -97, 209, -536, -370, 126, 
-258, 195, 453, 31, -356, 324, 43, -92, 229, -522, -361, 141, 
-258, 219, 478, 19, -368, 348, 43, -92, 234, -512, -366, 136, 
-258, 219, 478, 19, -368, 348, 58, -82, 239, -497, -346, 151, 
-258, 219, 478, 19, -368, 348, 58, -78, 239, -488, -336, 156, 
-248, 219, 468, 14, -358, 344, 63, -68, 244, -483, -326, 161, 
-244, 219, 463, 12, -353, 341, 63, -58, 248, -478, -322, 165, 
-244, 209, 453, 17, -348, 331, 58, -48, 268, -478, -322, 156, 
-244, 204, 448, 19, -346, 326, 63, -39, 278, -468, -322, 156, 
-244, 200, 444, 21, -344, 322, 68, -39, 283, -468, -326, 156, 
-244, 200, 444, 21, -344, 322, 68, -43, 287, -458, -331, 151, 
-253, 195, 448, 29, -351, 322, 68, -43, 287, -448, -322, 161, 
-253, 195, 448, 29, -351, 322, 68, -48, 287, -448, -317, 161, 
-258, 190, 448, 34, -353, 319, 68, -48, 283, -448, -317, 161, 
-258, 190, 448, 34, -353, 319, 68, -48, 283, -448, -317, 161, 
-258, 204, 463, 26, -361, 334, 58, -48, 287, -453, -312, 161, 
-258, 204, 463, 26, -361, 334, 58, -48, 292, -444, -307, 165, 
-253, 209, 463, 21, -358, 336, 58, -43, 297, -444, -302, 175, 
-253, 214, 468, 19, -361, 341, 53, -43, 297, -448, -302, 165, 
-244, 224, 468, 9, -356, 346, 63, -43, 292, -448, -307, 161, 
-244, 229, 473, 7, -358, 351, 63, -39, 292, -448, -312, 156, 
-244, 234, 478, 4, -361, 356, 63, -39, 292, -444, -317, 151, 
-244, 239, 483, 2, -363, 361, 63, -43, 292, -444, -322, 146, 
-244, 229, 473, 7, -358, 351, 68, -43, 302, -444, -312, 156, 
-244, 229, 473, 7, -358, 351, 68, -43, 302, -444, -317, 156, 
-244, 229, 473, 7, -358, 351, 68, -43, 297, -448, -317, 156, 
-244, 229, 473, 7, -358, 351, 68, -43, 297, -448, -317, 156, 
-244, 219, 463, 12, -353, 341, 68, -43, 302, -448, -317, 165, 
-244, 214, 458, 14, -351, 336, 68, -43, 307, -448, -317, 165, 
-244, 209, 453, 17, -348, 331, 68, -39, 307, -448, -317, 165, 
-244, 204, 448, 19, -346, 326, 73, -34, 312, -448, -317, 165, 
-244, 200, 444, 21, -344, 322, 73, -34, 312, -448, -317, 165, 
-244, 200, 444, 21, -344, 322, 73, -34, 312, -448, -317, 165, 
-244, 204, 448, 19, -346, 326, 68, -34, 307, -453, -317, 165, 
-244, 209, 453, 17, -348, 331, 68, -34, 307, -453, -317, 165, 
-244, 219, 463, 12, -353, 341, 78, -34, 307, -453, -317, 156, 
-244, 224, 468, 9, -356, 346, 78, -34, 307, -448, -317, 156, 
-244, 229, 473, 7, -358, 351, 78, -34, 307, -448, -317, 156, 
-244, 229, 473, 7, -358, 351, 78, -34, 307, -448, -317, 156, 
-244, 204, 448, 19, -346, 326, 87, -29, 312, -439, -302, 161, 
-244, 204, 448, 19, -346, 326, 87, -29, 312, -439, -302, 161, 
-244, 204, 448, 19, -346, 326, 87, -29, 312, -439, -302, 161, 
-239, 204, 444, 17, -341, 324, 92, -24, 317, -434, -302, 161, 
-229, 214, 444, 7, -336, 329, 87, -34, 317, -444, -312, 170, 
-229, 219, 448, 4, -339, 334, 78, -39, 317, -444, -312, 170, 
-234, 224, 458, 4, -346, 341, 73, -39, 312, -439, -312, 170, 
-234, 224, 458, 4, -346, 341, 73, -34, 312, -439, -312, 170, 
-234, 214, 448, 9, -341, 331, 73, -24, 312, -439, -312, 170, 
-234, 214, 448, 9, -341, 331, 73, -19, 322, -429, -312, 170, 
-234, 200, 434, 17, -334, 317, 73, -19, 322, -424, -302, 175, 
-234, 209, 444, 12, -339, 326, 73, -19, 322, -424, -302, 175, 
-244, 219, 463, 12, -353, 341, 82, -29, 326, -414, -307, 170, 
-244, 219, 463, 12, -353, 341, 78, -24, 326, -414, -307, 170, 
-244, 214, 458, 14, -351, 336, 78, -24, 331, -414, -307, 175, 
-244, 209, 453, 17, -348, 331, 78, -19, 341, -414, -302, 175, 
-234, 200, 434, 17, -334, 317, 78, -19, 341, -414, -292, 180, 
-234, 200, 434, 17, -334, 317, 82, -19, 341, -414, -292, 180, 
-229, 195, 424, 17, -326, 309, 82, -19, 341, -414, -283, 185, 
-229, 195, 424, 17, -326, 309, 82, -19, 341, -409, -283, 185, 
-234, 219, 453, 7, -344, 336, 78, -9, 331, -409, -283, 185, 
-234, 234, 468, 0, -351, 351, 73, -9, 331, -414, -283, 190, 
-234, 239, 473, -2, -353, 356, 73, -4, 331, -414, -278, 190, 
-234, 248, 483, -7, -358, 366, 73, -4, 331, -409, -278, 190, 
-234, 253, 488, -9, -361, 370, 73, -14, 341, -409, -287, 180, 
-229, 253, 483, -12, -356, 368, 68, -14, 341, -409, -283, 180, 
-229, 253, 483, -12, -356, 368, 68, -9, 346, -400, -278, 195, 
-229, 258, 488, -14, -358, 373, 68, -9, 346, -400, -278, 195, 
-219, 263, 483, -21, -351, 373, 53, -14, 336, -400, -278, 195, 
-214, 263, 478, -24, -346, 370, 53, -9, 341, -400, -278, 204, 
-209, 268, 478, -29, -344, 373, 53, -4, 341, -395, -273, 209, 
-204, 268, 473, -31, -339, 370, 53, -4, 341, -390, -268, 209, 
-204, 273, 478, -34, -341, 375, 43, -4, 351, -395, -268, 219, 
-204, 278, 483, -36, -344, 380, 43, -4, 351, -390, -258, 229, 
-200, 287, 488, -43, -344, 387, 43, -4, 351, -385, -253, 234, 
-195, 307, 502, -56, -348, 405, 34, -4, 351, -380, -248, 239, 
-195, 292, 488, -48, -341, 390, 39, 9, 366, -370, -239, 253, 
-190, 287, 478, -48, -334, 383, 43, 9, 370, -361, -224, 263, 
-190, 283, 473, -46, -331, 378, 39, 14, 370, -351, -214, 273, 
-195, 287, 483, -46, -339, 385, 39, 14, 375, -346, -204, 292, 
-185, 302, 488, -58, -336, 395, 39, 14, 375, -341, -190, 292, 
-175, 307, 483, -65, -329, 395, 34, 14, 375, -336, -180, 302, 
-170, 317, 488, -73, -329, 402, 34, 14, 380, -331, -170, 312, 
-161, 326, 488, -82, -324, 407, 29, 14, 380, -326, -161, 326, 
-165, 341, 507, -87, -336, 424, 24, 14, 390, -322, -165, 336, 
-161, 351, 512, -95, -336, 431, 24, 14, 390, -322, -161, 346, 
-156, 366, 522, -104, -339, 444, 19, 14, 395, -312, -146, 366, 
-151, 366, 517, -107, -334, 441, 14, 14, 405, -297, -136, 375, 
-151, 385, 536, -117, -344, 461, 0, 14, 400, -292, -117, 390, 
-151, 400, 551, -124, -351, 475, -4, 14, 400, -283, -102, 405, 
-156, 409, 566, -126, -361, 488, -9, 14, 405, -278, -92, 409, 
-156, 429, 585, -136, -370, 507, -19, 14, 409, -268, -82, 414, 
-141, 429, 570, -143, -356, 500, -19, 9, 409, -268, -63, 434, 
-136, 434, 570, -148, -353, 502, -24, 4, 414, -258, -58, 439, 
-131, 444, 575, -156, -353, 509, -24, 0, 414, -253, -48, 458, 
-131, 448, 580, -158, -356, 514, -29, -4, 414, -248, -39, 463, 
-131, 448, 580, -158, -356, 514, -34, -9, 419, -248, -48, 473, 
-131, 458, 590, -163, -361, 524, -39, -4, 419, -244, -43, 478, 
-131, 458, 590, -163, -361, 524, -39, 0, 419, -234, -29, 488, 
-122, 458, 580, -168, -351, 519, -43, -4, 429, -229, -19, 497, 
-112, 463, 575, -175, -344, 519, -48, -14, 429, -229, -24, 492, 
-112, 478, 590, -183, -351, 534, -53, -14, 429, -224, -24, 492, 
-112, 478, 590, -183, -351, 534, -53, -14, 429, -224, -19, 502, 
-112, 483, 595, -185, -353, 539, -53, -14, 434, -219, -14, 512, 
-117, 492, 610, -187, -363, 551, -58, -19, 434, -219, 0, 512, 
-117, 502, 619, -192, -368, 561, -63, -29, 429, -219, 0, 517, 
-117, 512, 629, -197, -373, 570, -68, -29, 429, -219, 4, 522, 
-122, 522, 644, -200, -383, 583, -68, -29, 434, -214, 4, 527, 
-122, 517, 639, -197, -380, 578, -58, -34, 444, -204, 9, 536, 
-117, 517, 634, -200, -375, 575, -63, -39, 444, -204, 14, 541, 
-117, 512, 629, -197, -373, 570, -63, -39, 444, -204, 19, 546, 
-117, 507, 624, -195, -370, 566, -63, -43, 448, -204, 19, 546, 
-122, 517, 639, -197, -380, 578, -73, -39, 439, -209, 9, 531, 
-122, 522, 644, -200, -383, 583, -78, -43, 439, -214, 4, 527, 
-122, 531, 653, -204, -387, 592, -78, -48, 439, -224, -4, 522, 
-122, 536, 658, -207, -390, 597, -78, -48, 439, -234, -24, 507, 
-122, 522, 644, -200, -383, 583, -63, -39, 439, -239, -29, 502, 
-131, 512, 644, -190, -387, 578, -58, -39, 439, -239, -34, 497, 
-136, 502, 639, -183, -387, 570, -58, -43, 444, -244, -39, 483, 
-141, 488, 629, -173, -385, 558, -53, -48, 444, -244, -43, 473, 
-156, 492, 649, -168, -402, 570, -48, -53, 434, -253, -48, 453, 
-161, 488, 649, -163, -405, 568, -48, -63, 434, -263, -58, 444, 
-165, 492, 658, -163, -412, 575, -48, -68, 429, -268, -73, 429, 
-165, 488, 653, -161, -409, 570, -39, -73, 429, -273, -82, 419, 
-165, 478, 644, -156, -405, 561, -43, -68, 429, -278, -87, 424, 
-170, 468, 639, -148, -405, 553, -43, -68, 429, -283, -97, 414, 
-175, 463, 639, -143, -407, 551, -39, -68, 429, -292, -107, 409, 
-175, 448, 624, -136, -400, 536, -34, -73, 429, -292, -107, 405, 
-190, 439, 629, -124, -409, 534, -19, -63, 434, -292, -112, 395, 
-190, 434, 624, -122, -407, 529, -14, -63, 424, -297, -126, 380, 
-190, 429, 619, -119, -405, 524, -14, -68, 424, -307, -131, 370, 
-190, 429, 619, -119, -405, 524, -14, -73, 424, -312, -141, 361, 
-204, 429, 634, -112, -419, 531, -24, -78, 405, -322, -156, 336, 
-209, 424, 634, -107, -422, 529, -19, -82, 405, -326, -161, 331, 
-214, 409, 624, -97, -419, 517, -14, -87, 405, -326, -161, 326, 
-214, 409, 624, -97, -419, 517, -14, -92, 405, -331, -161, 322, 
-209, 405, 614, -97, -412, 509, -9, -92, 390, -331, -170, 326, 
-209, 400, 610, -95, -409, 505, -9, -87, 390, -331, -175, 322, 
-204, 400, 605, -97, -405, 502, -9, -82, 390, -341, -180, 322, 
-200, 395, 595, -97, -397, 495, -9, -78, 385, -346, -180, 317, 
-195, 390, 585, -97, -390, 488, 4, -78, 390, -361, -185, 312, 
-195, 380, 575, -92, -385, 478, 4, -73, 385, -361, -190, 307, 
-195, 375, 570, -90, -383, 473, 4, -73, 385, -361, -195, 302, 
-195, 370, 566, -87, -380, 468, 4, -78, 385, -366, -200, 297, 
-209, 370, 580, -80, -395, 475, 9, -78, 385, -356, -190, 297, 
-219, 375, 595, -78, -407, 485, 9, -73, 380, -361, -195, 297, 
-219, 380, 600, -80, -409, 490, 9, -73, 380, -366, -195, 297, 
-219, 366, 585, -73, -402, 475, 14, -73, 385, -366, -195, 292, 
-209, 356, 566, -73, -387, 461, 14, -73, 385, -356, -190, 302, 
-204, 356, 561, -75, -383, 458, 14, -73, 385, -356, -190, 302, 
-204, 361, 566, -78, -385, 463, 14, -73, 380, -356, -190, 302, 
-209, 361, 570, -75, -390, 466, 14, -73, 375, -356, -195, 302, 
-209, 366, 575, -78, -392, 470, 14, -82, 385, -366, -204, 287, 
-204, 366, 570, -80, -387, 468, 14, -82, 385, -366, -204, 287, 
-204, 351, 556, -73, -380, 453, 14, -82, 380, -366, -204, 287, 
-209, 361, 570, -75, -390, 466, 14, -82, 380, -370, -209, 287, 
-209, 370, 580, -80, -395, 475, 4, -82, 375, -375, -209, 283, 
-209, 370, 580, -80, -395, 475, 4, -78, 375, -380, -209, 283, 
-209, 370, 580, -80, -395, 475, 4, -78, 375, -385, -214, 278, 
-209, 375, 585, -82, -397, 480, 4, -78, 375, -390, -214, 278, 
-200, 385, 585, -92, -392, 485, -4, -87, 370, -390, -219, 268, 
-200, 385, 585, -92, -392, 485, -4, -87, 370, -390, -219, 263, 
-200, 380, 580, -90, -390, 480, 0, -87, 370, -390, -219, 263, 
-200, 380, 580, -90, -390, 480, 0, -87, 370, -390, -219, 263, 
-204, 370, 575, -82, -390, 473, 4, -82, 375, -390, -229, 258, 
-204, 370, 575, -82, -390, 473, 9, -78, 375, -390, -229, 258, 
-204, 366, 570, -80, -387, 468, 14, -73, 375, -390, -229, 258, 
-200, 366, 566, -82, -383, 466, 19, -68, 375, -385, -224, 258, 
-200, 361, 561, -80, -380, 461, 19, -68, 385, -375, -214, 268, 
-200, 361, 561, -80, -380, 461, 19, -68, 385, -380, -219, 268, 
-200, 361, 561, -80, -380, 461, 19, -73, 385, -385, -219, 268, 
-200, 356, 556, -78, -378, 456, 19, -73, 385, -385, -219, 273, 
-200, 356, 556, -78, -378, 456, 9, -82, 375, -395, -219, 263, 
-200, 361, 561, -80, -380, 461, 9, -82, 375, -395, -224, 263, 
-200, 366, 566, -82, -383, 466, 9, -78, 375, -390, -224, 263, 
-200, 366, 566, -82, -383, 466, 9, -78, 380, -390, -224, 258, 
-209, 356, 566, -73, -387, 461, 19, -78, 380, -390, -229, 268, 
-209, 351, 561, -70, -385, 456, 19, -78, 380, -390, -229, 268, 
-209, 346, 556, -68, -383, 451, 14, -78, 380, -390, -229, 268, 
-209, 346, 556, -68, -383, 451, 14, -78, 380, -390, -229, 268, 
-204, 356, 561, -75, -383, 458, 19, -87, 390, -375, -229, 258, 
-204, 356, 561, -75, -383, 458, 19, -87, 390, -375, -229, 258, 
-200, 356, 556, -78, -378, 456, 19, -87, 390, -375, -229, 258, 
-200, 356, 556, -78, -378, 456, 14, -87, 390, -370, -229, 258, 
-209, 366, 575, -78, -392, 470, 14, -87, 390, -370, -219, 263, 
-209, 375, 585, -82, -397, 480, 14, -87, 390, -370, -214, 268, 
-209, 375, 585, -82, -397, 480, 14, -92, 390, -370, -209, 273, 
-209, 375, 585, -82, -397, 480, 14, -92, 390, -375, -204, 278, 
-209, 370, 580, -80, -395, 475, 4, -82, 390, -375, -204, 268, 
-209, 370, 580, -80, -395, 475, 4, -82, 390, -375, -204, 268, 
-209, 370, 580, -80, -395, 475, 4, -82, 390, -375, -204, 268, 
-209, 385, 595, -87, -402, 490, 4, -82, 390, -375, -204, 268, 
-200, 385, 585, -92, -392, 485, 4, -87, 380, -385, -214, 268, 
-200, 375, 575, -87, -387, 475, 4, -92, 380, -385, -219, 268, 
-200, 375, 575, -87, -387, 475, 4, -97, 380, -385, -229, 273, 
-204, 380, 585, -87, -395, 483, 0, -102, 385, -385, -239, 273, 
-204, 385, 590, -90, -397, 488, -4, -92, 375, -385, -229, 263, 
-204, 390, 595, -92, -400, 492, -4, -92, 370, -385, -229, 263, 
-204, 395, 600, -95, -402, 497, -4, -102, 370, -385, -229, 268, 
-200, 400, 600, -100, -400, 500, -4, -102, 370, -385, -229, 268, 
-200, 390, 590, -95, -395, 490, -4, -102, 380, -375, -224, 278, 
-200, 390, 590, -95, -395, 490, 0, -97, 380, -375, -219, 283, 
-200, 390, 590, -95, -395, 490, 0, -97, 380, -375, -214, 283, 
-195, 395, 590, -100, -392, 492, 0, -97, 375, -380, -209, 278, 
-195, 390, 585, -97, -390, 488, 0, -107, 385, -390, -209, 268, 
-195, 380, 575, -92, -385, 478, 0, -107, 385, -390, -209, 278, 
-195, 370, 566, -87, -380, 468, 0, -107, 385, -385, -204, 283, 
-195, 366, 561, -85, -378, 463, -4, -112, 385, -385, -204, 283, 
-195, 375, 570, -90, -383, 473, -14, -122, 375, -400, -219, 268, 
-195, 380, 575, -92, -385, 478, -9, -122, 375, -400, -219, 268, 
-195, 385, 580, -95, -387, 483, -9, -117, 375, -405, -219, 268, 
-195, 390, 585, -97, -390, 488, -9, -117, 375, -409, -219, 268, 
-195, 400, 595, -102, -395, 497, 0, -107, 370, -409, -224, 268, 
-195, 400, 595, -102, -395, 497, 0, -107, 366, -414, -229, 268, 
-195, 409, 605, -107, -400, 507, 0, -112, 366, -414, -239, 263, 
-195, 409, 605, -107, -400, 507, 0, -112, 370, -409, -244, 263, 
-204, 385, 590, -90, -397, 488, 0, -112, 380, -400, -234, 278, 
-204, 375, 580, -85, -392, 478, 0, -112, 380, -400, -229, 278, 
-204, 370, 575, -82, -390, 473, 0, -112, 380, -400, -229, 268, 
-204, 370, 575, -82, -390, 473, 0, -117, 375, -400, -234, 268, 
-195, 385, 580, -95, -387, 483, -4, -126, 366, -400, -234, 273, 
-195, 380, 575, -92, -385, 478, -9, -126, 366, -400, -234, 273, 
-195, 385, 580, -95, -387, 483, -19, -126, 366, -400, -234, 278, 
-195, 395, 590, -100, -392, 492, -29, -126, 361, -405, -234, 278, 
-195, 395, 590, -100, -392, 492, -19, -126, 351, -419, -244, 263, 
-195, 395, 590, -100, -392, 492, -19, -126, 351, -419, -244, 263, 
-195, 390, 585, -97, -390, 488, -14, -122, 351, -419, -234, 263, 
-195, 380, 575, -92, -385, 478, -14, -122, 351, -419, -234, 263, 
-204, 380, 585, -87, -395, 483, -14, -122, 361, -419, -244, 263, 
-204, 385, 590, -90, -397, 488, -14, -122, 361, -419, -244, 263, 
-204, 390, 595, -92, -400, 492, -14, -126, 361, -424, -244, 263, 
-204, 390, 595, -92, -400, 492, -14, -126, 361, -424, -244, 263, 
-209, 380, 590, -85, -400, 485, -4, -117, 370, -414, -234, 278, 
-209, 370, 580, -80, -395, 475, -4, -117, 370, -414, -229, 278, 
-209, 366, 575, -78, -392, 470, -4, -117, 370, -414, -229, 278, 
-209, 366, 575, -78, -392, 470, -4, -117, 366, -419, -229, 273, 
-214, 370, 585, -78, -400, 478, -4, -117, 356, -414, -234, 263, 
-214, 375, 590, -80, -402, 483, -4, -117, 356, -414, -234, 263, 
-209, 380, 590, -85, -400, 485, -4, -117, 356, -414, -234, 263, 
-204, 380, 585, -87, -395, 483, -4, -117, 356, -414, -234, 268, 
-204, 375, 580, -85, -392, 478, 0, -117, 366, -424, -234, 268, 
-204, 370, 575, -82, -390, 473, 0, -117, 366, -424, -239, 268, 
-204, 370, 575, -82, -390, 473, 0, -117, 366, -424, -239, 268, 
-204, 370, 575, -82, -390, 473, 0, -117, 366, -424, -244, 268, 
-200, 380, 580, -90, -390, 480, -9, -117, 356, -424, -253, 268, 
-195, 375, 570, -90, -383, 473, -9, -117, 356, -424, -248, 268, 
-190, 366, 556, -87, -373, 461, -9, -117, 356, -419, -244, 268, 
-185, 366, 551, -90, -368, 458, -9, -117, 361, -419, -244, 268, 
-190, 370, 561, -90, -375, 466, -9, -117, 370, -409, -234, 278, 
-195, 380, 575, -92, -385, 478, -9, -117, 370, -409, -234, 278, 
-204, 385, 590, -90, -397, 488, -9, -117, 370, -409, -234, 273, 
-209, 390, 600, -90, -405, 495, -9, -117, 375, -409, -229, 273, 
-209, 395, 605, -92, -407, 500, -9, -117, 380, -405, -219, 273, 
-209, 409, 619, -100, -414, 514, -9, -117, 385, -405, -219, 273, 
-209, 414, 624, -102, -417, 519, -9, -117, 395, -400, -214, 278, 
-209, 419, 629, -104, -419, 524, -9, -117, 400, -385, -214, 287, 
-200, 424, 624, -112, -412, 524, 0, -126, 409, -380, -209, 287, 
-195, 434, 629, -119, -412, 531, 0, -126, 414, -380, -209, 287, 
-195, 453, 649, -129, -422, 551, 0, -131, 419, -380, -209, 292, 
-195, 458, 653, -131, -424, 556, 0, -131, 424, -380, -204, 292, 
-195, 463, 658, -134, -427, 561, 0, -131, 414, -390, -214, 292, 
-195, 458, 653, -131, -424, 556, 0, -131, 414, -380, -214, 302, 
-195, 453, 649, -129, -422, 551, 0, -126, 424, -380, -209, 302, 
-195, 448, 644, -126, -419, 546, 4, -126, 429, -375, -200, 307, 
-195, 444, 639, -124, -417, 541, 9, -122, 424, -385, -200, 307, 
-190, 448, 639, -129, -414, 544, 9, -117, 429, -380, -204, 302, 
-190, 453, 644, -131, -417, 549, 4, -112, 429, -380, -204, 292, 
-190, 458, 649, -134, -419, 553, 4, -112, 429, -380, -200, 287, 
-195, 463, 658, -134, -427, 561, 0, -117, 429, -380, -200, 297, 
-200, 468, 668, -134, -434, 568, -4, -122, 439, -380, -200, 302, 
-204, 473, 678, -134, -441, 575, -14, -126, 439, -370, -195, 302, 
-209, 478, 688, -134, -448, 583, -29, -136, 439, -370, -195, 302, 
-204, 483, 688, -139, -446, 585, -39, -141, 434, -366, -195, 312, 
-200, 488, 688, -143, -444, 588, -43, -146, 434, -366, -195, 317, 
-190, 492, 683, -151, -436, 588, -53, -151, 434, -366, -195, 322, 
-175, 512, 688, -168, -431, 600, -63, -161, 429, -370, -195, 322, 
-180, 517, 697, -168, -439, 607, -82, -156, 429, -370, -185, 331, 
-180, 517, 697, -168, -439, 607, -82, -161, 429, -361, -180, 336, 
-180, 517, 697, -168, -439, 607, -82, -165, 429, -361, -170, 341, 
-175, 517, 692, -170, -434, 605, -82, -170, 429, -361, -170, 341, 
-156, 517, 673, -180, -414, 595, -87, -165, 424, -375, -175, 341, 
-151, 512, 663, -180, -407, 588, -87, -161, 414, -375, -175, 346, 
-141, 497, 639, -178, -390, 568, -87, -156, 409, -366, -165, 351, 
-136, 502, 639, -183, -387, 570, -102, -146, 400, -366, -165, 356, 
-146, 488, 634, -170, -390, 561, -102, -146, 400, -375, -180, 346, 
-146, 483, 629, -168, -387, 556, -102, -146, 390, -385, -180, 346, 
-146, 468, 614, -161, -380, 541, -92, -141, 385, -390, -180, 346, 
-156, 453, 610, -148, -383, 531, -78, -136, 380, -395, -180, 356, 
-146, 434, 580, -143, -363, 507, -63, -122, 385, -390, -190, 356, 
-136, 444, 580, -153, -358, 512, -68, -126, 380, -395, -190, 356, 
-126, 453, 580, -163, -353, 517, -63, -131, 366, -409, -200, 336, 
-136, 444, 580, -153, -358, 512, -58, -126, 361, -424, -209, 317, 
-156, 429, 585, -136, -370, 507, -48, -126, 361, -419, -214, 302, 
-161, 424, 585, -131, -373, 505, -39, -126, 351, -429, -219, 297, 
-165, 419, 585, -126, -375, 502, -39, -126, 351, -429, -224, 292, 
-170, 414, 585, -122, -378, 500, -39, -126, 351, -429, -229, 287, 
-175, 409, 585, -117, -380, 497, -39, -126, 351, -429, -234, 283, 
-180, 400, 580, -109, -380, 490, -29, -126, 351, -439, -244, 273, 
-185, 390, 575, -102, -380, 483, -29, -126, 351, -439, -244, 273, 
-190, 380, 570, -95, -380, 475, -29, -126, 351, -439, -244, 273, 
-195, 370, 566, -87, -380, 468, -29, -126, 351, -439, -244, 273, 
-195, 356, 551, -80, -373, 453, -24, -122, 361, -439, -244, 283, 
-195, 351, 546, -78, -370, 448, -19, -117, 361, -439, -244, 283, 
-195, 346, 541, -75, -368, 444, -14, -112, 361, -439, -244, 283, 
-195, 341, 536, -73, -366, 439, -9, -107, 361, -439, -244, 283, 
-185, 341, 527, -78, -356, 434, -9, -117, 346, -453, -258, 278, 
-185, 341, 527, -78, -356, 434, -9, -117, 341, -458, -263, 273, 
-185, 341, 527, -78, -356, 434, -9, -117, 336, -463, -268, 268, 
-185, 341, 527, -78, -356, 434, -9, -117, 331, -468, -273, 263, 
