I, II, III, aVR, aVL, aVF, V1, V2, V3, V4, V5, V6, 
14, -39, -53, 12, 34, -46, 34, -14, -14, -29, -14, -24, 
14, -34, -48, 9, 31, -41, 29, -9, -14, -24, -14, -19, 
19, -34, -53, 7, 36, -43, 29, -9, -9, -19, 0, -14, 
19, -34, -53, 7, 36, -43, 24, -9, -9, -19, 0, -9, 
19, -29, -48, 4, 34, -39, 24, -9, -9, -14, 4, -9, 
24, -29, -53, 2, 39, -41, 19, -9, -9, -14, 9, 0, 
24, -29, -53, 2, 39, -41, 19, -9, 0, -9, 9, 0, 
24, -29, -53, 2, 39, -41, 14, -9, 0, -9, 14, 4, 
29, -24, -53, -2, 41, -39, 19, 0, 0, -9, 14, 4, 
34, -19, -53, -7, 43, -36, 19, -9, -9, -9, 14, 4, 
34, -19, -53, -7, 43, -36, 14, -9, -9, -14, 9, 0, 
34, -19, -53, -7, 43, -36, 14, -9, -9, -14, 9, 0, 
34, -19, -53, -7, 43, -36, 14, -9, -9, -14, 9, 0, 
39, -19, -58, -9, 48, -39, 14, -9, -14, -19, 4, -9, 
39, -19, -58, -9, 48, -39, 14, -14, -14, -24, 4, -9, 
34, -19, -53, -7, 43, -36, 19, -14, -19, -24, 0, -14, 
34, -24, -58, -4, 46, -41, 19, -14, -19, -24, 0, -14, 
39, -24, -63, -7, 51, -43, 19, -14, -19, -29, 0, -14, 
39, -24, -63, -7, 51, -43, 19, -19, -19, -29, 0, -14, 
39, -24, -63, -7, 51, -43, 24, -19, -24, -24, 0, -14, 
39, -29, -68, -4, 53, -48, 24, -19, -24, -29, 0, -14, 
34, -29, -63, -2, 48, -46, 19, -19, -24, -29, 0, -14, 
39, -34, -73, -2, 56, -53, 19, -19, -29, -29, 0, -14, 
39, -34, -73, -2, 56, -53, 19, -14, -29, -29, 0, -14, 
39, -34, -73, -2, 56, -53, 19, -14, -29, -29, 0, -14, 
39, -29, -68, -4, 53, -48, 19, -14, -29, -29, 0, -14, 
43, -29, -73, -7, 58, -51, 19, -14, -29, -29, 0, -14, 
43, -29, -73, -7, 58, -51, 19, -14, -34, -29, 0, -14, 
43, -29, -73, -7, 58, -51, 19, -14, -34, -29, 0, -9, 
43, -24, -68, -9, 56, -46, 14, -14, -34, -29, 0, -14, 
43, -24, -68, -9, 56, -46, 14, -19, -29, -29, 0, -14, 
43, -24, -68, -9, 56, -46, 14, -19, -29, -24, 0, -14, 
48, -24, -73, -12, 61, -48, 14, -19, -34, -24, -9, -14, 
48, -24, -73, -12, 61, -48, 19, -19, -34, -29, -9, -14, 
48, -24, -73, -12, 61, -48, 24, -19, -34, -29, -9, -14, 
48, -24, -73, -12, 61, -48, 24, -19, -34, -29, -9, -14, 
48, -24, -73, -12, 61, -48, 24, -19, -34, -29, -9, -19, 
48, -24, -73, -12, 61, -48, 24, -19, -34, -29, -9, -19, 
48, -24, -73, -12, 61, -48, 24, -19, -29, -29, -9, -14, 
48, -24, -73, -12, 61, -48, 24, -19, -29, -29, -9, -14, 
48, -24, -73, -12, 61, -48, 24, -19, -34, -29, -9, -14, 
48, -19, -68, -14, 58, -43, 24, -24, -34, -29, -9, -14, 
48, -19, -68, -14, 58, -43, 24, -19, -29, -29, -9, -14, 
48, -19, -68, -14, 58, -43, 24, -19, -29, -29, -9, -14, 
48, -19, -68, -14, 58, -43, 19, -19, -24, -34, -9, -14, 
48, -19, -68, -14, 58, -43, 19, -19, -24, -29, -9, -14, 
48, -14, -63, -17, 56, -39, 14, -19, -24, -29, -9, -14, 
48, -14, -63, -17, 56, -39, 14, -19, -29, -29, -9, -14, 
48, -14, -63, -17, 56, -39, 14, -19, -29, -29, -9, -14, 
48, -14, -63, -17, 56, -39, 14, -19, -29, -29, -9, -9, 
48, -14, -63, -17, 56, -39, 14, -14, -34, -29, -9, -14, 
48, -14, -63, -17, 56, -39, 14, -14, -34, -29, -9, -14, 
48, -14, -63, -17, 56, -39, 14, -14, -34, -29, -9, -9, 
48, -14, -63, -17, 56, -39, 14, -14, -34, -29, -9, -9, 
43, -14, -58, -14, 51, -36, 19, -19, -34, -29, -9, -14, 
43, -14, -58, -14, 51, -36, 19, -19, -34, -29, -9, -9, 
39, -14, -53, -12, 46, -34, 19, -19, -34, -29, -14, -9, 
39, -19, -58, -9, 48, -39, 24, -19, -34, -34, -14, -14, 
39, -19, -58, -9, 48, -39, 24, -19, -34, -34, -14, -14, 
39, -19, -58, -9, 48, -39, 24, -24, -34, -34, -14, -14, 
39, -19, -58, -9, 48, -39, 24, -24, -34, -39, -19, -14, 
34, -24, -58, -4, 46, -41, 29, -24, -34, -39, -19, -14, 
34, -24, -58, -4, 46, -41, 29, -24, -34, -39, -19, -14, 
29, -29, -58, 0, 43, -43, 29, -24, -34, -39, -19, -14, 
29, -29, -58, 0, 43, -43, 29, -24, -39, -43, -19, -14, 
24, -34, -58, 4, 41, -46, 24, -29, -39, -39, -24, -19, 
24, -34, -58, 4, 41, -46, 24, -29, -39, -43, -24, -19, 
19, -34, -53, 7, 36, -43, 24, -29, -39, -43, -19, -19, 
19, -34, -53, 7, 36, -43, 24, -29, -39, -43, -19, -19, 
19, -34, -53, 7, 36, -43, 19, -29, -39, -43, -19, -19, 
14, -34, -48, 9, 31, -41, 19, -29, -39, -43, -19, -19, 
14, -34, -48, 9, 31, -41, 19, -29, -34, -43, -19, -19, 
14, -34, -48, 9, 31, -41, 19, -29, -39, -48, -19, -19, 
9, -34, -43, 12, 26, -39, 14, -29, -39, -48, -19, -19, 
9, -34, -43, 12, 26, -39, 14, -29, -39, -48, -24, -19, 
9, -34, -43, 12, 26, -39, 14, -29, -39, -48, -19, -19, 
9, -34, -43, 12, 26, -39, 14, -29, -39, -53, -19, -19, 
9, -29, -39, 9, 24, -34, 14, -29, -39, -48, -19, -19, 
9, -24, -34, 7, 21, -29, 9, -29, -39, -48, -19, -19, 
9, -24, -34, 7, 21, -29, 9, -29, -39, -48, -19, -14, 
9, -24, -34, 7, 21, -29, 9, -29, -39, -48, -14, -14, 
9, -19, -29, 4, 19, -24, 9, -29, -39, -48, -14, -14, 
9, -14, -24, 2, 17, -19, 9, -29, -34, -43, -9, -9, 
9, -14, -24, 2, 17, -19, 9, -24, -34, -43, -9, -9, 
9, -9, -19, 0, 14, -14, 4, -24, -29, -39, -9, -9, 
9, 4, -4, -7, 7, 0, 4, -24, -24, -39, 0, 0, 
9, 9, 0, -9, 4, 4, 4, -24, -14, -34, 4, 4, 
14, 14, 0, -14, 7, 7, 0, -24, -14, -29, 9, 4, 
14, 19, 4, -17, 4, 12, 0, -19, -9, -24, 9, 9, 
14, 24, 9, -19, 2, 17, -9, -19, 0, -24, 14, 9, 
19, 29, 9, -24, 4, 19, -14, -19, 0, -19, 14, 14, 
19, 34, 14, -26, 2, 24, -14, -19, 0, -19, 14, 14, 
24, 39, 14, -31, 4, 26, -19, -19, 4, -14, 14, 14, 
24, 39, 14, -31, 4, 26, -19, -19, 4, -14, 19, 14, 
24, 43, 19, -34, 2, 31, -24, -14, 4, -14, 19, 19, 
24, 43, 19, -34, 2, 31, -24, -19, 9, -9, 19, 19, 
29, 48, 19, -39, 4, 34, -29, -19, 9, -9, 19, 19, 
29, 53, 24, -41, 2, 39, -34, -14, 9, 0, 24, 24, 
34, 58, 24, -46, 4, 41, -34, -14, 14, 0, 24, 29, 
34, 58, 24, -46, 4, 41, -39, -19, 14, 4, 29, 29, 
34, 63, 29, -48, 2, 46, -43, -19, 14, 9, 29, 34, 
34, 68, 34, -51, 0, 51, -48, -19, 14, 9, 34, 34, 
39, 73, 34, -56, 2, 53, -53, -19, 24, 14, 39, 39, 
43, 73, 29, -58, 7, 51, -53, -24, 24, 19, 39, 43, 
43, 78, 34, -61, 4, 56, -58, -24, 29, 19, 43, 48, 
43, 82, 39, -63, 2, 61, -63, -24, 29, 24, 43, 48, 
48, 87, 39, -68, 4, 63, -63, -24, 29, 24, 48, 53, 
48, 87, 39, -68, 4, 63, -68, -29, 29, 24, 48, 53, 
48, 87, 39, -68, 4, 63, -68, -29, 29, 24, 48, 48, 
43, 87, 43, -65, 0, 65, -68, -29, 24, 24, 48, 48, 
43, 82, 39, -63, 2, 61, -68, -29, 19, 24, 48, 48, 
43, 82, 39, -63, 2, 61, -68, -29, 19, 24, 48, 53, 
43, 82, 39, -63, 2, 61, -68, -29, 14, 24, 48, 53, 
43, 78, 34, -61, 4, 56, -68, -29, 9, 19, 43, 48, 
43, 73, 29, -58, 7, 51, -68, -29, 4, 14, 39, 48, 
43, 68, 24, -56, 9, 46, -68, -29, -9, 9, 34, 43, 
39, 58, 19, -48, 9, 39, -63, -34, -14, 0, 29, 39, 
39, 48, 9, -43, 14, 29, -58, -34, -24, -9, 19, 34, 
34, 43, 9, -39, 12, 26, -53, -34, -29, -14, 14, 29, 
29, 34, 4, -31, 12, 19, -53, -34, -34, -19, 9, 24, 
24, 24, 0, -24, 12, 12, -43, -34, -34, -24, 4, 19, 
19, 19, 0, -19, 9, 9, -39, -39, -39, -34, 0, 14, 
14, 9, -4, -12, 9, 2, -39, -39, -48, -39, -14, 9, 
14, 0, -14, -7, 14, -7, -34, -39, -53, -48, -19, 0, 
9, -14, -24, 2, 17, -19, -29, -39, -58, -53, -29, -9, 
0, -19, -19, 9, 9, -19, -24, -43, -63, -58, -34, -14, 
-9, -29, -19, 19, 4, -24, -19, -43, -68, -63, -34, -19, 
-14, -34, -19, 24, 2, -26, -14, -43, -68, -68, -39, -24, 
-19, -39, -19, 29, 0, -29, -14, -43, -73, -73, -39, -29, 
-19, -43, -24, 31, 2, -34, -14, -48, -73, -73, -43, -29, 
-19, -48, -29, 34, 4, -39, -9, -48, -78, -78, -43, -34, 
-24, -48, -24, 36, 0, -36, -9, -48, -82, -82, -48, -34, 
-24, -53, -29, 39, 2, -41, -9, -48, -87, -87, -53, -39, 
-24, -58, -34, 41, 4, -46, -9, -48, -92, -87, -58, -39, 
-29, -68, -39, 48, 4, -53, 0, -48, -97, -92, -63, -43, 
-34, -73, -39, 53, 2, -56, 0, -48, -102, -97, -63, -48, 
-39, -73, -34, 56, -2, -53, 0, -53, -97, -97, -68, -48, 
-39, -78, -39, 58, 0, -58, 0, -53, -102, -97, -68, -48, 
-43, -78, -34, 61, -4, -56, 4, -53, -102, -102, -73, -53, 
-43, -82, -39, 63, -2, -61, 4, -53, -107, -102, -73, -53, 
-43, -82, -39, 63, -2, -61, 4, -53, -107, -107, -73, -53, 
-48, -87, -39, 68, -4, -63, 9, -53, -107, -107, -78, -53, 
-53, -92, -39, 73, -7, -65, 14, -53, -112, -107, -78, -58, 
-58, -92, -34, 75, -12, -63, 14, -58, -112, -107, -78, -58, 
-58, -97, -39, 78, -9, -68, 14, -58, -112, -112, -82, -58, 
-63, -97, -34, 80, -14, -65, 19, -58, -112, -112, -82, -58, 
-63, -97, -34, 80, -14, -65, 19, -58, -117, -112, -82, -63, 
-63, -97, -34, 80, -14, -65, 19, -58, -117, -112, -82, -63, 
-63, -97, -34, 80, -14, -65, 19, -58, -117, -112, -82, -63, 
-63, -102, -39, 82, -12, -70, 19, -58, -117, -112, -82, -63, 
-63, -102, -39, 82, -12, -70, 19, -58, -112, -112, -82, -63, 
-68, -102, -34, 85, -17, -68, 19, -58, -112, -112, -82, -68, 
-68, -102, -34, 85, -17, -68, 19, -58, -117, -117, -82, -68, 
-68, -102, -34, 85, -17, -68, 19, -58, -117, -117, -82, -68, 
-68, -102, -34, 85, -17, -68, 19, -58, -117, -117, -87, -68, 
-68, -102, -34, 85, -17, -68, 19, -58, -117, -117, -87, -68, 
-68, -102, -34, 85, -17, -68, 19, -58, -117, -117, -87, -68, 
-68, -102, -34, 85, -17, -68, 19, -58, -117, -117, -87, -68, 
-68, -102, -34, 85, -17, -68, 19, -58, -117, -117, -87, -68, 
-68, -102, -34, 85, -17, -68, 19, -58, -117, -117, -87, -68, 
-68, -102, -34, 85, -17, -68, 19, -58, -117, -117, -87, -68, 
-68, -97, -29, 82, -19, -63, 19, -58, -117, -117, -87, -68, 
-68, -97, -29, 82, -19, -63, 19, -53, -112, -117, -87, -68, 
-63, -92, -29, 78, -17, -61, 19, -53, -112, -112, -87, -68, 
-63, -92, -29, 78, -17, -61, 19, -53, -112, -112, -87, -68, 
-63, -92, -29, 78, -17, -61, 19, -53, -112, -117, -87, -68, 
-63, -92, -29, 78, -17, -61, 19, -53, -112, -117, -87, -68, 
-63, -92, -29, 78, -17, -61, 19, -53, -112, -117, -87, -68, 
-73, -102, -29, 87, -21, -65, 14, -58, -112, -117, -87, -73, 
-73, -102, -29, 87, -21, -65, 14, -53, -117, -117, -87, -73, 
-73, -97, -24, 85, -24, -61, 14, -53, -117, -117, -82, -73, 
-73, -102, -29, 87, -21, -65, 14, -58, -117, -117, -92, -73, 
-78, -107, -29, 92, -24, -68, 19, -58, -122, -117, -92, -78, 
-82, -112, -29, 97, -26, -70, 29, -53, -122, -126, -92, -78, 
-87, -117, -29, 102, -29, -73, 29, -58, -122, -131, -102, -82, 
-87, -122, -34, 104, -26, -78, 29, -58, -117, -136, -102, -87, 
-87, -117, -29, 102, -29, -73, 34, -58, -102, -131, -102, -87, 
-97, -112, -14, 104, -41, -63, 29, -63, -87, -126, -102, -92, 
-102, -112, -9, 107, -46, -61, 34, -63, -73, -126, -112, -97, 
-112, -122, -9, 117, -51, -65, 39, -48, -39, -112, -112, -112, 
-102, -122, -19, 112, -41, -70, 43, -19, 9, -102, -112, -117, 
-97, -117, -19, 107, -39, -68, 53, 24, 63, -82, -107, -122, 
-97, -126, -29, 112, -34, -78, 63, 68, 117, -63, -102, -126, 
-97, -126, -29, 112, -34, -78, 78, 107, 175, -34, -92, -126, 
-87, -107, -19, 97, -34, -63, 78, 146, 224, 19, -58, -107, 
-63, -92, -29, 78, -17, -61, 68, 185, 278, 82, 0, -73, 
-29, -78, -48, 53, 9, -63, 63, 234, 326, 165, 63, -39, 
9, -58, -68, 24, 39, -63, 58, 273, 375, 244, 122, 0, 
39, -24, -63, -7, 51, -43, 34, 283, 409, 336, 195, 63, 
73, 53, -19, -63, 46, 17, -19, 248, 400, 439, 307, 151, 
102, 141, 39, -122, 31, 90, -78, 185, 370, 546, 424, 253, 
126, 229, 102, -178, 12, 165, -136, 136, 356, 668, 541, 341, 
141, 297, 156, -219, -7, 226, -180, 102, 370, 790, 663, 439, 
161, 385, 224, -273, -31, 305, -229, 68, 361, 878, 766, 536, 
175, 483, 307, -329, -65, 395, -273, 9, 283, 878, 824, 629, 
165, 541, 375, -353, -104, 458, -302, -87, 146, 785, 819, 678, 
151, 561, 409, -356, -129, 485, -317, -180, 29, 663, 771, 688, 
122, 541, 419, -331, -148, 480, -312, -244, -53, 522, 683, 658, 
97, 458, 361, -278, -131, 409, -292, -292, -165, 302, 512, 580, 
63, 380, 317, -222, -126, 348, -263, -361, -341, 73, 341, 483, 
14, 331, 317, -173, -151, 324, -258, -463, -546, -107, 204, 400, 
-39, 253, 292, -107, -165, 273, -234, -556, -756, -287, 53, 292, 
-78, 122, 200, -21, -139, 161, -195, -600, -946, -517, -131, 156, 
-102, 24, 126, 39, -114, 75, -156, -605, -1078, -683, -273, 48, 
-102, -19, 82, 61, -92, 31, -136, -575, -1112, -717, -307, 14, 
-102, -34, 68, 68, -85, 17, -122, -507, -1049, -673, -287, 4, 
-97, -58, 39, 78, -68, -9, -97, -419, -932, -619, -283, -14, 
-78, -102, -24, 90, -26, -63, -58, -341, -854, -580, -292, -53, 
-63, -146, -82, 104, 9, -114, -24, -273, -785, -556, -297, -87, 
-53, -180, -126, 117, 36, -153, 9, -209, -702, -517, -297, -107, 
-53, -200, -146, 126, 46, -173, 19, -151, -619, -468, -287, -126, 
-43, -219, -175, 131, 65, -197, 29, -112, -546, -429, -273, -131, 
-48, -219, -170, 134, 61, -195, 39, -78, -478, -380, -258, -141, 
-43, -209, -165, 126, 61, -187, 43, -53, -405, -346, -239, -141, 
-34, -190, -156, 112, 61, -173, 43, -39, -336, -297, -209, -136, 
-29, -156, -126, 92, 48, -141, 39, -29, -278, -248, -175, -112, 
-24, -126, -102, 75, 39, -114, 34, -19, -219, -209, -151, -102, 
-24, -112, -87, 68, 31, -100, 29, 0, -165, -165, -131, -92, 
-24, -97, -73, 61, 24, -85, 24, 9, -141, -141, -117, -87, 
-34, -97, -63, 65, 14, -80, 14, 9, -131, -131, -102, -82, 
-39, -97, -58, 68, 9, -78, 9, 0, -117, -131, -97, -78, 
-43, -92, -48, 68, 2, -70, 4, -14, -107, -117, -92, -78, 
-43, -87, -43, 65, 0, -65, 9, -14, -102, -112, -82, -68, 
-43, -87, -43, 65, 0, -65, 9, -14, -92, -107, -87, -68, 
-48, -87, -39, 68, -4, -63, 14, -19, -82, -107, -87, -68, 
-48, -82, -34, 65, -7, -58, 14, -14, -73, -102, -82, -68, 
-48, -82, -34, 65, -7, -58, 14, -14, -68, -97, -78, -68, 
-58, -92, -34, 75, -12, -63, 9, -19, -63, -87, -73, -73, 
-63, -97, -34, 80, -14, -65, 4, -19, -58, -87, -78, -73, 
-68, -102, -34, 85, -17, -68, 9, -19, -58, -92, -78, -78, 
-68, -102, -34, 85, -17, -68, 14, -24, -58, -92, -82, -73, 
-73, -107, -34, 90, -19, -70, 24, -24, -58, -87, -82, -73, 
-73, -102, -29, 87, -21, -65, 24, -24, -63, -87, -78, -73, 
-63, -97, -34, 80, -14, -65, 19, -19, -58, -92, -82, -73, 
-63, -92, -29, 78, -17, -61, 9, -14, -53, -87, -78, -73, 
-63, -97, -34, 80, -14, -65, 9, -14, -48, -78, -78, -73, 
-63, -87, -24, 75, -19, -56, 9, -14, -43, -73, -78, -73, 
-53, -82, -29, 68, -12, -56, 4, 0, -39, -73, -73, -73, 
-53, -82, -29, 68, -12, -56, 4, 0, -39, -73, -73, -73, 
-58, -87, -29, 73, -14, -58, 4, -9, -43, -73, -73, -73, 
-63, -87, -24, 75, -19, -56, 4, -9, -43, -68, -73, -68, 
-68, -97, -29, 82, -19, -63, 4, -9, -39, -73, -73, -68, 
-73, -102, -29, 87, -21, -65, 9, -9, -39, -73, -78, -73, 
-73, -102, -29, 87, -21, -65, 14, -9, -34, -73, -78, -73, 
-63, -87, -24, 75, -19, -56, 14, 0, -29, -68, -78, -73, 
-68, -87, -19, 78, -24, -53, 9, 0, -24, -63, -68, -73, 
-68, -92, -24, 80, -21, -58, 4, 0, -19, -63, -68, -73, 
-73, -92, -19, 82, -26, -56, 14, -9, -14, -63, -68, -68, 
-73, -87, -14, 80, -29, -51, 14, -9, -19, -58, -63, -68, 
-73, -87, -14, 80, -29, -51, 9, 0, -19, -53, -58, -63, 
-78, -87, -9, 82, -34, -48, 14, 0, -19, -53, -53, -63, 
-82, -92, -9, 87, -36, -51, 14, 0, -24, -58, -58, -63, 
-78, -87, -9, 82, -34, -48, 9, 0, -19, -58, -58, -63, 
-73, -87, -14, 80, -29, -51, 9, 4, -14, -53, -58, -63, 
-78, -87, -9, 82, -34, -48, 14, 4, 0, -53, -58, -58, 
-78, -78, 0, 78, -39, -39, 14, 4, 4, -48, -58, -58, 
-68, -73, -4, 70, -31, -39, 14, 9, 14, -43, -53, -53, 
-68, -73, -4, 70, -31, -39, 14, 9, 14, -39, -48, -53, 
-73, -73, 0, 73, -36, -36, 19, 19, 19, -34, -43, -53, 
-68, -68, 0, 68, -34, -34, 19, 19, 19, -34, -43, -48, 
-68, -68, 0, 68, -34, -34, 19, 19, 19, -34, -34, -53, 
-63, -68, -4, 65, -29, -36, 14, 19, 19, -34, -39, -53, 
-68, -68, 0, 68, -34, -34, 14, 19, 19, -39, -39, -48, 
-68, -73, -4, 70, -31, -39, 4, 19, 19, -39, -43, -48, 
-63, -73, -9, 68, -26, -41, 4, 19, 24, -39, -43, -53, 
-58, -63, -4, 61, -26, -34, 4, 24, 29, -34, -43, -48, 
-58, -58, 0, 58, -29, -29, 4, 29, 34, -24, -34, -48, 
-53, -58, -4, 56, -24, -31, 4, 34, 48, -14, -39, -43, 
-53, -53, 0, 53, -26, -26, 4, 34, 48, -14, -34, -43, 
-48, -53, -4, 51, -21, -29, 0, 39, 43, -9, -29, -43, 
-48, -48, 0, 48, -24, -24, -9, 34, 43, 0, -29, -39, 
-48, -48, 0, 48, -24, -24, -9, 34, 43, 0, -24, -39, 
-48, -53, -4, 51, -21, -29, 0, 29, 48, -14, -29, -43, 
-53, -58, -4, 56, -24, -31, 4, 34, 53, -14, -29, -43, 
-63, -63, 0, 63, -31, -31, 4, 34, 58, -14, -34, -43, 
-63, -63, 0, 63, -31, -31, 9, 34, 63, -9, -34, -48, 
-58, -58, 0, 58, -29, -29, 9, 39, 68, 0, -34, -43, 
-58, -53, 4, 56, -31, -24, 9, 39, 73, 9, -24, -43, 
-63, -53, 9, 58, -36, -21, 14, 39, 73, 14, -19, -39, 
-53, -43, 9, 48, -31, -17, 14, 43, 78, 19, -14, -34, 
-43, -34, 9, 39, -26, -12, 14, 48, 82, 19, -9, -29, 
-39, -29, 9, 34, -24, -9, 9, 48, 87, 24, -9, -29, 
-48, -34, 14, 41, -31, -9, 9, 48, 82, 19, -14, -29, 
-43, -39, 4, 41, -24, -17, 4, 53, 92, 24, -14, -29, 
-48, -39, 9, 43, -29, -14, 4, 53, 97, 24, -14, -34, 
-48, -39, 9, 43, -29, -14, 4, 58, 102, 29, -14, -34, 
-48, -29, 19, 39, -34, -4, 9, 63, 117, 34, -9, -24, 
-39, -24, 14, 31, -26, -4, 9, 68, 126, 48, 0, -24, 
-39, -19, 19, 29, -29, 0, 9, 68, 126, 53, 9, -19, 
-34, -14, 19, 24, -26, 2, 4, 68, 126, 48, 14, -19, 
-29, -9, 19, 19, -24, 4, 4, 73, 126, 53, 14, -14, 
-34, -9, 24, 21, -29, 7, 0, 73, 126, 53, 19, -9, 
-34, -9, 24, 21, -29, 7, 0, 78, 131, 53, 19, -9, 
-29, 4, 34, 12, -31, 19, 0, 82, 136, 58, 14, -9, 
-19, 9, 29, 4, -24, 19, 0, 92, 146, 63, 14, 0, 
-19, 14, 34, 2, -26, 24, -9, 92, 170, 73, 19, 0, 
-24, 14, 39, 4, -31, 26, -9, 92, 170, 78, 24, 0, 
-24, 9, 34, 7, -29, 21, -14, 97, 180, 87, 29, 4, 
-29, 9, 39, 9, -34, 24, -19, 97, 180, 92, 39, 4, 
-34, 14, 48, 9, -41, 31, -19, 97, 185, 87, 43, 9, 
-24, 19, 43, 2, -34, 31, -14, 102, 190, 92, 43, 14, 
-14, 34, 48, -9, -31, 41, -14, 107, 195, 107, 48, 19, 
-9, 43, 53, -17, -31, 48, -19, 117, 214, 112, 53, 24, 
-9, 48, 58, -19, -34, 53, -19, 117, 229, 117, 58, 29, 
0, 53, 53, -26, -26, 53, -19, 122, 239, 122, 58, 29, 
0, 53, 53, -26, -26, 53, -19, 126, 244, 131, 63, 34, 
0, 48, 48, -24, -24, 48, -24, 131, 258, 136, 73, 34, 
4, 53, 48, -29, -21, 51, -24, 136, 268, 146, 78, 34, 
4, 63, 58, -34, -26, 61, -24, 141, 278, 156, 87, 39, 
9, 73, 63, -41, -26, 68, -29, 141, 283, 161, 92, 48, 
9, 73, 63, -41, -26, 68, -29, 141, 287, 165, 97, 58, 
4, 78, 73, -41, -34, 75, -34, 146, 292, 170, 102, 58, 
9, 82, 73, -46, -31, 78, -34, 151, 297, 175, 107, 63, 
19, 97, 78, -58, -29, 87, -29, 156, 307, 185, 122, 73, 
24, 102, 78, -63, -26, 90, -29, 161, 317, 195, 117, 78, 
24, 107, 82, -65, -29, 95, -39, 165, 326, 209, 126, 82, 
14, 107, 92, -61, -39, 100, -43, 170, 346, 214, 131, 78, 
19, 122, 102, -70, -41, 112, -48, 170, 356, 229, 141, 87, 
29, 131, 102, -80, -36, 117, -53, 175, 361, 239, 146, 92, 
34, 141, 107, -87, -36, 124, -53, 175, 370, 244, 161, 102, 
39, 146, 107, -92, -34, 126, -53, 185, 370, 253, 165, 112, 
39, 151, 112, -95, -36, 131, -58, 190, 375, 258, 175, 117, 
34, 151, 117, -92, -41, 134, -58, 190, 380, 258, 180, 122, 
34, 151, 117, -92, -41, 134, -58, 190, 390, 263, 180, 122, 
34, 151, 117, -92, -41, 134, -58, 190, 395, 263, 185, 126, 
39, 161, 122, -100, -41, 141, -58, 195, 409, 273, 190, 131, 
48, 170, 122, -109, -36, 146, -63, 195, 414, 283, 204, 136, 
48, 170, 122, -109, -36, 146, -68, 195, 419, 283, 209, 146, 
43, 175, 131, -109, -43, 153, -78, 195, 409, 297, 219, 151, 
43, 180, 136, -112, -46, 158, -82, 204, 414, 302, 224, 156, 
53, 190, 136, -122, -41, 163, -87, 204, 409, 307, 229, 161, 
53, 204, 151, -129, -48, 178, -87, 195, 409, 307, 234, 165, 
63, 209, 146, -136, -41, 178, -87, 195, 414, 307, 239, 175, 
68, 219, 151, -143, -41, 185, -92, 195, 414, 312, 248, 180, 
73, 224, 151, -148, -39, 187, -97, 195, 419, 322, 248, 190, 
73, 229, 156, -151, -41, 192, -102, 195, 419, 322, 248, 190, 
78, 224, 146, -151, -34, 185, -112, 185, 414, 326, 253, 190, 
73, 229, 156, -151, -41, 192, -117, 180, 409, 326, 253, 195, 
78, 239, 161, -158, -41, 200, -117, 170, 400, 331, 263, 204, 
78, 244, 165, -161, -43, 204, -117, 161, 390, 331, 263, 204, 
78, 239, 161, -158, -41, 200, -117, 151, 370, 322, 263, 204, 
78, 234, 156, -156, -39, 195, -112, 141, 356, 317, 263, 204, 
68, 229, 161, -148, -46, 195, -107, 131, 341, 297, 253, 195, 
63, 219, 156, -141, -46, 187, -97, 126, 326, 287, 244, 185, 
48, 204, 156, -126, -53, 180, -92, 117, 302, 273, 234, 180, 
48, 190, 141, -119, -46, 165, -87, 107, 287, 258, 224, 170, 
34, 180, 146, -107, -56, 163, -78, 97, 268, 248, 209, 161, 
34, 165, 131, -100, -48, 148, -73, 82, 258, 239, 204, 151, 
24, 151, 126, -87, -51, 139, -68, 78, 244, 224, 190, 141, 
9, 131, 122, -70, -56, 126, -58, 68, 214, 209, 180, 131, 
0, 117, 117, -58, -58, 117, -53, 58, 190, 185, 165, 122, 
4, 107, 102, -56, -48, 104, -48, 53, 170, 175, 161, 112, 
4, 107, 102, -56, -48, 104, -39, 48, 156, 156, 146, 107, 
4, 87, 82, -46, -39, 85, -39, 39, 141, 136, 131, 92, 
0, 78, 78, -39, -39, 78, -39, 34, 126, 122, 122, 78, 
4, 68, 63, -36, -29, 65, -39, 29, 117, 112, 112, 68, 
0, 63, 63, -31, -31, 63, -39, 29, 107, 102, 97, 58, 
0, 53, 53, -26, -26, 53, -34, 24, 97, 92, 87, 48, 
0, 43, 43, -21, -21, 43, -39, 19, 82, 78, 78, 43, 
-9, 34, 43, -12, -26, 39, -29, 14, 68, 63, 63, 39, 
-14, 19, 34, -2, -24, 26, -24, 4, 48, 53, 53, 29, 
-24, 9, 34, 7, -29, 21, -19, 0, 34, 39, 43, 24, 
-19, 0, 19, 9, -19, 9, -14, -9, 19, 29, 34, 9, 
-19, -9, 9, 14, -14, 0, 0, -9, 14, 24, 29, 4, 
-9, -14, -4, 12, -2, -9, 0, -9, 9, 19, 24, 0, 
-14, -19, -4, 17, -4, -12, -9, -14, 4, 9, 9, -9, 
-24, -34, -9, 29, -7, -21, -9, -14, -9, 4, 4, -14, 
-24, -39, -14, 31, -4, -26, -9, -14, -14, 0, 0, -19, 
-29, -43, -14, 36, -7, -29, -9, -19, -14, -9, -14, -29, 
-29, -48, -19, 39, -4, -34, -9, -19, -24, -14, -14, -24, 
-29, -48, -19, 39, -4, -34, -9, -24, -34, -19, -19, -24, 
-19, -39, -19, 29, 0, -29, 0, -19, -34, -19, -19, -24, 
-14, -34, -19, 24, 2, -26, 0, -24, -34, -24, -19, -24, 
-24, -39, -14, 31, -4, -26, 0, -19, -39, -29, -24, -29, 
-24, -48, -24, 36, 0, -36, 0, -24, -39, -29, -29, -34, 
-24, -48, -24, 36, 0, -36, 0, -24, -43, -34, -24, -39, 
-19, -58, -39, 39, 9, -48, 9, -29, -43, -39, -34, -43, 
-19, -53, -34, 36, 7, -43, 9, -29, -43, -39, -34, -43, 
-14, -53, -39, 34, 12, -46, 9, -29, -43, -39, -34, -39, 
-14, -48, -34, 31, 9, -41, 9, -29, -43, -39, -34, -39, 
-14, -48, -34, 31, 9, -41, 9, -29, -43, -39, -34, -39, 
-19, -48, -29, 34, 4, -39, 9, -29, -43, -43, -34, -39, 
-14, -48, -34, 31, 9, -41, 9, -29, -48, -48, -39, -43, 
-14, -48, -34, 31, 9, -41, 9, -24, -43, -48, -39, -43, 
-14, -48, -34, 31, 9, -41, 9, -24, -43, -48, -39, -43, 
-14, -48, -34, 31, 9, -41, 4, -24, -43, -48, -39, -43, 
-14, -48, -34, 31, 9, -41, 4, -24, -43, -48, -39, -43, 
-9, -43, -34, 26, 12, -39, 0, -24, -43, -48, -39, -43, 
-9, -43, -34, 26, 12, -39, 0, -24, -43, -43, -39, -43, 
-9, -43, -34, 26, 12, -39, -9, -24, -43, -43, -39, -43, 
-9, -43, -34, 26, 12, -39, -9, -24, -43, -48, -39, -43, 
-9, -43, -34, 26, 12, -39, -9, -24, -43, -48, -39, -43, 
-9, -48, -39, 29, 14, -43, -14, -24, -48, -48, -39, -43, 
-9, -48, -39, 29, 14, -43, -14, -24, -48, -48, -39, -43, 
-19, -48, -29, 34, 4, -39, -14, -24, -48, -48, -43, -43, 
-19, -53, -34, 36, 7, -43, -14, -24, -48, -48, -43, -43, 
-24, -53, -29, 39, 2, -41, -9, -24, -48, -53, -43, -43, 
-24, -53, -29, 39, 2, -41, -9, -24, -48, -53, -43, -48, 
-19, -53, -34, 36, 7, -43, 0, -24, -48, -53, -43, -48, 
-19, -53, -34, 36, 7, -43, 0, -24, -48, -53, -43, -48, 
-14, -53, -39, 34, 12, -46, 4, -24, -48, -53, -43, -48, 
-14, -53, -39, 34, 12, -46, 9, -24, -48, -53, -43, -48, 
-14, -53, -39, 34, 12, -46, 9, -24, -48, -48, -43, -48, 
-14, -53, -39, 34, 12, -46, 9, -24, -48, -48, -43, -48, 
-19, -53, -34, 36, 7, -43, 9, -24, -43, -48, -43, -48, 
-19, -53, -34, 36, 7, -43, 9, -24, -39, -53, -48, -48, 
-19, -53, -34, 36, 7, -43, 4, -24, -39, -53, -48, -53, 
-19, -53, -34, 36, 7, -43, 4, -29, -39, -53, -48, -53, 
-19, -53, -34, 36, 7, -43, 4, -29, -39, -58, -48, -53, 
-19, -58, -39, 39, 9, -48, 4, -29, -39, -58, -48, -53, 
-19, -58, -39, 39, 9, -48, 4, -29, -39, -58, -48, -53, 
-24, -63, -39, 43, 7, -51, 9, -29, -39, -58, -48, -53, 
-24, -63, -39, 43, 7, -51, 9, -29, -39, -63, -48, -53, 
-29, -63, -34, 46, 2, -48, 9, -29, -39, -63, -48, -53, 
-29, -63, -34, 46, 2, -48, 9, -29, -39, -63, -48, -53, 
-34, -63, -29, 48, -2, -46, 9, -29, -39, -63, -48, -53, 
-34, -63, -29, 48, -2, -46, 9, -24, -34, -63, -48, -53, 
-29, -63, -34, 46, 2, -48, 9, -24, -34, -63, -48, -48, 
-29, -63, -34, 46, 2, -48, 9, -24, -34, -58, -43, -48, 
-24, -58, -34, 41, 4, -46, 9, -24, -34, -58, -43, -48, 
-24, -58, -34, 41, 4, -46, 9, -19, -34, -58, -43, -48, 
-24, -53, -29, 39, 2, -41, 9, -19, -34, -58, -43, -48, 
-24, -53, -29, 39, 2, -41, 9, -19, -34, -58, -43, -43, 
-24, -53, -29, 39, 2, -41, 4, -19, -29, -53, -43, -43, 
-19, -53, -34, 36, 7, -43, 4, -19, -29, -53, -39, -43, 
-19, -48, -29, 34, 4, -39, 4, -19, -29, -53, -43, -43, 
-19, -48, -29, 34, 4, -39, 4, -19, -29, -53, -43, -43, 
-19, -48, -29, 34, 4, -39, 4, -19, -29, -48, -43, -48, 
-14, -43, -29, 29, 7, -36, 4, -19, -29, -48, -43, -48, 
-14, -43, -29, 29, 7, -36, 9, -19, -24, -48, -43, -43, 
-14, -43, -29, 29, 7, -36, 9, -19, -24, -48, -43, -43, 
-14, -48, -34, 31, 9, -41, 4, -19, -19, -43, -39, -43, 
-14, -48, -34, 31, 9, -41, 4, -19, -19, -48, -39, -43, 
-19, -48, -29, 34, 4, -39, 4, -19, -19, -48, -39, -43, 
-19, -48, -29, 34, 4, -39, 4, -19, -19, -48, -39, -43, 
-19, -48, -29, 34, 4, -39, 4, -19, -19, -48, -39, -39, 
-19, -48, -29, 34, 4, -39, 4, -24, -19, -48, -34, -39, 
-19, -48, -29, 34, 4, -39, 4, -24, -14, -43, -34, -39, 
-19, -43, -24, 31, 2, -34, 4, -19, -14, -43, -34, -39, 
-19, -43, -24, 31, 2, -34, 4, -19, -14, -39, -29, -34, 
-19, -43, -24, 31, 2, -34, 4, -19, -14, -39, -29, -34, 
-19, -48, -29, 34, 4, -39, 4, -19, -14, -39, -29, -34, 
-19, -48, -29, 34, 4, -39, 4, -19, -14, -39, -29, -34, 
-19, -48, -29, 34, 4, -39, 4, -19, -14, -39, -29, -34, 
-19, -48, -29, 34, 4, -39, 4, -19, -14, -39, -29, -34, 
-19, -43, -24, 31, 2, -34, 4, -19, -19, -39, -29, -34, 
-14, -48, -34, 31, 9, -41, 4, -24, -19, -39, -29, -34, 
-14, -48, -34, 31, 9, -41, 4, -19, -19, -39, -29, -34, 
-14, -48, -34, 31, 9, -41, 4, -19, -19, -39, -29, -34, 
-14, -48, -34, 31, 9, -41, 4, -19, -19, -39, -29, -34, 
-19, -48, -29, 34, 4, -39, 4, -19, -19, -39, -29, -34, 
-19, -48, -29, 34, 4, -39, 4, -19, -19, -39, -29, -34, 
-19, -48, -29, 34, 4, -39, 4, -19, -24, -39, -29, -34, 
-19, -48, -29, 34, 4, -39, 4, -19, -24, -39, -29, -34, 
-19, -48, -29, 34, 4, -39, 4, -19, -24, -39, -29, -29, 
-19, -43, -24, 31, 2, -34, 4, -19, -24, -43, -29, -29, 
-19, -43, -24, 31, 2, -34, 4, -19, -24, -43, -29, -29, 
-19, -43, -24, 31, 2, -34, 4, -19, -24, -43, -29, -29, 
-19, -43, -24, 31, 2, -34, 4, -19, -24, -43, -29, -29, 
-19, -43, -24, 31, 2, -34, 4, -19, -24, -43, -29, -29, 
-19, -43, -24, 31, 2, -34, 4, -19, -24, -39, -29, -29, 
-19, -43, -24, 31, 2, -34, 4, -19, -29, -39, -29, -29, 
-24, -39, -14, 31, -4, -26, 4, -19, -29, -39, -29, -29, 
-24, -39, -14, 31, -4, -26, 4, -19, -29, -39, -29, -29, 
-24, -43, -19, 34, -2, -31, 4, -19, -34, -39, -29, -29, 
-19, -39, -19, 29, 0, -29, 4, -19, -34, -39, -29, -29, 
-19, -39, -19, 29, 0, -29, 4, -19, -34, -39, -29, -24, 
-19, -39, -19, 29, 0, -29, 4, -19, -34, -39, -29, -29, 
-19, -34, -14, 26, -2, -24, 4, -19, -39, -39, -29, -29, 
-24, -34, -9, 29, -7, -21, 4, -19, -39, -39, -29, -29, 
-19, -34, -14, 26, -2, -24, 4, -19, -39, -39, -24, -29, 
-19, -34, -14, 26, -2, -24, 4, -19, -39, -39, -24, -29, 
-14, -34, -19, 24, 2, -26, 4, -24, -43, -43, -24, -29, 
-14, -29, -14, 21, 0, -21, 4, -24, -43, -48, -24, -29, 
-14, -29, -14, 21, 0, -21, 4, -24, -43, -48, -24, -29, 
-9, -29, -19, 19, 4, -24, 4, -24, -43, -48, -24, -29, 
-9, -29, -19, 19, 4, -24, 9, -24, -43, -43, -24, -29, 
-9, -29, -19, 19, 4, -24, 9, -24, -43, -43, -24, -29, 
-14, -29, -14, 21, 0, -21, 9, -29, -43, -43, -24, -29, 
-14, -34, -19, 24, 2, -26, 9, -29, -48, -43, -29, -29, 
-14, -34, -19, 24, 2, -26, 9, -29, -48, -43, -29, -29, 
-14, -34, -19, 24, 2, -26, 9, -29, -48, -43, -29, -29, 
-14, -34, -19, 24, 2, -26, 9, -29, -48, -43, -29, -29, 
-14, -34, -19, 24, 2, -26, 9, -29, -48, -43, -29, -29, 
-14, -34, -19, 24, 2, -26, 14, -29, -48, -48, -29, -29, 
-19, -34, -14, 26, -2, -24, 14, -29, -48, -48, -29, -29, 
-19, -34, -14, 26, -2, -24, 9, -34, -48, -48, -34, -29, 
-19, -34, -14, 26, -2, -24, 9, -34, -48, -48, -34, -29, 
-19, -34, -14, 26, -2, -24, 9, -29, -48, -48, -34, -29, 
-24, -34, -9, 29, -7, -21, 9, -29, -48, -48, -34, -29, 
-24, -34, -9, 29, -7, -21, 9, -29, -48, -48, -34, -29, 
-24, -34, -9, 29, -7, -21, 9, -29, -48, -48, -34, -29, 
-24, -29, -4, 26, -9, -17, 4, -29, -53, -48, -34, -29, 
-24, -34, -9, 29, -7, -21, 4, -29, -53, -48, -34, -29, 
-24, -34, -9, 29, -7, -21, 4, -29, -53, -48, -34, -29, 
-24, -34, -9, 29, -7, -21, 4, -29, -53, -53, -34, -29, 
-24, -34, -9, 29, -7, -21, 4, -29, -53, -53, -34, -29, 
-24, -34, -9, 29, -7, -21, 4, -29, -53, -53, -34, -24, 
-24, -34, -9, 29, -7, -21, 4, -29, -53, -48, -29, -24, 
-24, -29, -4, 26, -9, -17, 4, -29, -53, -48, -29, -24, 
-19, -29, -9, 24, -4, -19, 4, -29, -53, -53, -29, -24, 
-19, -34, -14, 26, -2, -24, 4, -29, -53, -53, -29, -24, 
-24, -34, -9, 29, -7, -21, 4, -29, -53, -53, -29, -24, 
-24, -34, -9, 29, -7, -21, 4, -29, -58, -53, -29, -24, 
-24, -34, -9, 29, -7, -21, 9, -34, -53, -53, -29, -24, 
-29, -39, -9, 34, -9, -24, 9, -34, -53, -53, -29, -24, 
-29, -39, -9, 34, -9, -24, 9, -34, -58, -58, -34, -24, 
-29, -39, -9, 34, -9, -24, 9, -34, -58, -58, -34, -34, 
-24, -39, -14, 31, -4, -26, 9, -34, -58, -58, -34, -34, 
-29, -39, -9, 34, -9, -24, 9, -34, -58, -58, -34, -34, 
-24, -39, -14, 31, -4, -26, 9, -34, -63, -58, -39, -34, 
-24, -39, -14, 31, -4, -26, 9, -34, -63, -58, -39, -34, 
-24, -39, -14, 31, -4, -26, 9, -34, -63, -58, -39, -34, 
-24, -39, -14, 31, -4, -26, 9, -34, -63, -58, -39, -39, 
-24, -39, -14, 31, -4, -26, 4, -34, -63, -58, -39, -39, 
-19, -39, -19, 29, 0, -29, 4, -34, -63, -58, -43, -39, 
-19, -39, -19, 29, 0, -29, 4, -29, -63, -63, -43, -39, 
-19, -34, -14, 26, -2, -24, 4, -29, -63, -63, -43, -39, 
-19, -39, -19, 29, 0, -29, 4, -29, -63, -58, -43, -34, 
-19, -39, -19, 29, 0, -29, 4, -29, -63, -58, -43, -34, 
-24, -39, -14, 31, -4, -26, 4, -24, -63, -58, -43, -34, 
-24, -39, -14, 31, -4, -26, 4, -24, -63, -58, -43, -34, 
-24, -39, -14, 31, -4, -26, 4, -24, -63, -58, -43, -34, 
-24, -34, -9, 29, -7, -21, 4, -24, -63, -58, -39, -34, 
-29, -34, -4, 31, -12, -19, 0, -24, -63, -53, -39, -34, 
-29, -29, 0, 29, -14, -14, 0, -24, -58, -53, -39, -29, 
-29, -29, 0, 29, -14, -14, 0, -24, -58, -53, -39, -29, 
-29, -24, 4, 26, -17, -9, 0, -19, -58, -53, -34, -29, 
-29, -24, 4, 26, -17, -9, 0, -19, -58, -53, -34, -29, 
-29, -29, 0, 29, -14, -14, 0, -19, -58, -53, -34, -29, 
-29, -29, 0, 29, -14, -14, 0, -19, -58, -53, -34, -29, 
-29, -34, -4, 31, -12, -19, 0, -19, -58, -53, -34, -29, 
-29, -34, -4, 31, -12, -19, 0, -19, -63, -53, -34, -29, 
-29, -34, -4, 31, -12, -19, 4, -19, -63, -53, -39, -29, 
-29, -34, -4, 31, -12, -19, 4, -24, -63, -53, -39, -29, 
-29, -34, -4, 31, -12, -19, 4, -24, -68, -53, -39, -29, 
-29, -34, -4, 31, -12, -19, 9, -24, -68, -53, -39, -34, 
-29, -34, -4, 31, -12, -19, 14, -29, -68, -58, -39, -34, 
-29, -34, -4, 31, -12, -19, 14, -29, -68, -58, -39, -34, 
-29, -29, 0, 29, -14, -14, 19, -29, -68, -58, -39, -29, 
-29, -24, 4, 26, -17, -9, 19, -29, -68, -53, -39, -29, 
-24, -19, 4, 21, -14, -7, 19, -29, -63, -53, -34, -29, 
-24, -19, 4, 21, -14, -7, 9, -24, -63, -48, -34, -24, 
-24, -19, 4, 21, -14, -7, 9, -24, -58, -43, -29, -24, 
-24, -14, 9, 19, -17, -2, 4, -24, -53, -39, -29, -19, 
-24, -9, 14, 17, -19, 2, 4, -19, -53, -39, -24, -19, 
-24, 0, 24, 12, -24, 12, 4, -19, -48, -29, -19, -14, 
-24, 4, 29, 9, -26, 17, 0, -14, -43, -24, -19, -9, 
-19, 9, 29, 4, -24, 19, 0, -14, -39, -24, -14, 0, 
-19, 14, 34, 2, -26, 24, -9, -9, -34, -19, -9, -9, 
-14, 19, 34, -2, -24, 26, -9, -9, -29, -14, -9, -9, 
-14, 19, 34, -2, -24, 26, -14, -14, -29, -14, 0, 0, 
-14, 24, 39, -4, -26, 31, -14, -9, -24, -9, 0, 0, 
-9, 24, 34, -7, -21, 29, -14, -9, -19, 0, 4, 0, 
0, 24, 24, -12, -12, 24, -14, -9, -19, 0, 4, 0, 
4, 29, 24, -17, -9, 26, -14, -9, -19, -9, 9, 4, 
9, 34, 24, -21, -7, 29, -14, -9, -14, 0, 9, 4, 
14, 43, 29, -29, -7, 36, -19, -14, -14, 0, 14, 9, 
19, 48, 29, -34, -4, 39, -24, -14, -14, 4, 19, 9, 
19, 53, 34, -36, -7, 43, -29, -14, -14, 9, 24, 14, 
24, 58, 34, -41, -4, 46, -29, -14, -14, 9, 24, 19, 
29, 63, 34, -46, -2, 48, -34, -14, -14, 14, 29, 19, 
34, 68, 34, -51, 0, 51, -39, -19, -9, 14, 29, 24, 
34, 73, 39, -53, -2, 56, -39, -19, -9, 19, 34, 29, 
39, 78, 39, -58, 0, 58, -43, -19, -9, 24, 34, 34, 
43, 82, 39, -63, 2, 61, -48, -19, -9, 24, 39, 34, 
43, 87, 43, -65, 0, 65, -53, -19, 0, 29, 43, 39, 
48, 92, 43, -70, 2, 68, -53, -14, 0, 29, 43, 43, 
48, 97, 48, -73, 0, 73, -58, -14, 0, 29, 48, 48, 
53, 97, 43, -75, 4, 70, -58, -14, -9, 29, 48, 48, 
53, 92, 39, -73, 7, 65, -58, -14, -9, 29, 48, 48, 
53, 92, 39, -73, 7, 65, -58, -14, -14, 29, 43, 48, 
58, 87, 29, -73, 14, 58, -53, -14, -19, 24, 43, 48, 
58, 82, 24, -70, 17, 53, -53, -14, -24, 19, 43, 48, 
58, 73, 14, -65, 21, 43, -48, -14, -29, 14, 39, 48, 
58, 68, 9, -63, 24, 39, -48, -14, -34, 9, 34, 43, 
58, 58, 0, -58, 29, 29, -43, -14, -39, 9, 29, 39, 
58, 48, -9, -53, 34, 19, -39, -14, -48, 0, 24, 39, 
53, 43, -9, -48, 31, 17, -34, -19, -53, -9, 19, 34, 
48, 34, -14, -41, 31, 9, -24, -19, -58, -14, 9, 24, 
43, 29, -14, -36, 29, 7, -19, -19, -63, -19, 4, 19, 
39, 19, -19, -29, 29, 0, -14, -19, -68, -24, 0, 14, 
39, 14, -24, -26, 31, -4, -14, -24, -68, -29, -9, 4, 
39, 9, -29, -24, 34, -9, -9, -24, -73, -34, -19, 0, 
34, 4, -29, -19, 31, -12, 0, -24, -78, -39, -24, -9, 
34, 0, -34, -17, 34, -17, 4, -24, -82, -43, -29, -19, 
29, -9, -39, -9, 34, -24, 4, -29, -87, -48, -39, -24, 
19, -14, -34, -2, 26, -24, 4, -29, -87, -53, -39, -29, 
19, -24, -43, 2, 31, -34, 4, -29, -92, -58, -43, -34, 
14, -29, -43, 7, 29, -36, 4, -29, -97, -63, -48, -34, 
14, -34, -48, 9, 31, -41, 4, -29, -97, -63, -53, -39, 
14, -39, -53, 12, 34, -46, 9, -29, -102, -73, -53, -43, 
14, -39, -53, 12, 34, -46, 9, -34, -107, -78, -58, -43, 
14, -43, -58, 14, 36, -51, 9, -29, -107, -78, -58, -43, 
14, -48, -63, 17, 39, -56, 14, -29, -107, -82, -63, -48, 
9, -53, -63, 21, 36, -58, 14, -29, -112, -82, -63, -48, 
9, -53, -63, 21, 36, -58, 19, -29, -112, -82, -63, -48, 
9, -58, -68, 24, 39, -63, 19, -29, -112, -87, -63, -48, 
9, -58, -68, 24, 39, -63, 24, -29, -112, -87, -63, -48, 
9, -58, -68, 24, 39, -63, 24, -29, -112, -87, -63, -48, 
4, -68, -73, 31, 39, -70, 29, -29, -112, -87, -63, -48, 
4, -68, -73, 31, 39, -70, 29, -29, -112, -87, -63, -53, 
4, -68, -73, 31, 39, -70, 34, -29, -112, -87, -63, -53, 
0, -68, -68, 34, 34, -68, 34, -29, -112, -87, -63, -53, 
0, -68, -68, 34, 34, -68, 29, -29, -112, -87, -63, -53, 
4, -68, -73, 31, 39, -70, 29, -29, -112, -87, -63, -53, 
4, -68, -73, 31, 39, -70, 29, -29, -112, -87, -63, -53, 
4, -68, -73, 31, 39, -70, 29, -29, -112, -87, -63, -53, 
0, -68, -68, 34, 34, -68, 29, -29, -112, -87, -68, -53, 
0, -68, -68, 34, 34, -68, 29, -29, -112, -82, -68, -58, 
0, -68, -68, 34, 34, -68, 29, -29, -112, -82, -68, -53, 
0, -68, -68, 34, 34, -68, 29, -29, -112, -82, -68, -58, 
0, -73, -73, 36, 36, -73, 29, -29, -107, -82, -68, -58, 
0, -73, -73, 36, 36, -73, 29, -29, -107, -87, -68, -58, 
0, -73, -73, 36, 36, -73, 29, -29, -107, -87, -68, -58, 
-9, -78, -68, 43, 29, -73, 34, -34, -112, -87, -68, -58, 
-9, -78, -68, 43, 29, -73, 34, -34, -112, -87, -68, -58, 
-9, -78, -68, 43, 29, -73, 34, -34, -112, -87, -73, -58, 
-14, -78, -63, 46, 24, -70, 39, -34, -112, -87, -73, -58, 
-14, -78, -63, 46, 24, -70, 39, -34, -112, -87, -73, -58, 
-9, -78, -68, 43, 29, -73, 39, -34, -112, -87, -73, -58, 
-9, -78, -68, 43, 29, -73, 39, -34, -107, -87, -73, -58, 
-9, -73, -63, 41, 26, -68, 39, -34, -112, -87, -73, -58, 
-9, -73, -63, 41, 26, -68, 39, -34, -112, -87, -73, -58, 
0, -73, -73, 36, 36, -73, 39, -39, -112, -87, -73, -58, 
0, -73, -73, 36, 36, -73, 39, -39, -112, -87, -73, -58, 
0, -68, -68, 34, 34, -68, 39, -39, -112, -87, -73, -58, 
0, -73, -73, 36, 36, -73, 29, -43, -112, -87, -73, -63, 
0, -68, -68, 34, 34, -68, 29, -39, -112, -87, -73, -63, 
4, -63, -68, 29, 36, -65, 29, -39, -112, -87, -73, -63, 
0, -68, -68, 34, 34, -68, 29, -39, -112, -87, -73, -63, 
4, -63, -68, 29, 36, -65, 29, -39, -112, -92, -78, -63, 
0, -68, -68, 34, 34, -68, 29, -43, -117, -87, -78, -63, 
0, -68, -68, 34, 34, -68, 29, -43, -117, -92, -82, -63, 
-9, -63, -53, 36, 21, -58, 29, -48, -112, -92, -82, -63, 
-9, -58, -48, 34, 19, -53, 34, -48, -102, -87, -82, -63, 
-14, -53, -39, 34, 12, -46, 34, -58, -87, -82, -78, -68, 
-24, -48, -24, 36, 0, -36, 34, -53, -68, -87, -78, -73, 
-34, -48, -14, 41, -9, -31, 43, -43, -29, -78, -87, -82, 
-29, -53, -24, 41, -2, -39, 48, -19, 14, -68, -87, -92, 
-24, -53, -29, 39, 2, -41, 58, 19, 63, -43, -82, -97, 
-29, -58, -29, 43, 0, -43, 68, 63, 112, -29, -82, -102, 
-34, -58, -24, 46, -4, -41, 87, 102, 165, 0, -73, -102, 
-24, -53, -29, 39, 2, -41, 82, 141, 219, 43, -43, -92, 
4, -43, -48, 19, 26, -46, 82, 180, 263, 102, 4, -58, 
34, -39, -73, 2, 53, -56, 82, 234, 312, 170, 58, -34, 
63, -34, -97, -14, 80, -65, 82, 278, 361, 248, 112, -9, 
97, -9, -107, -43, 102, -58, 63, 292, 395, 331, 175, 48, 
131, 58, -73, -95, 102, -7, 19, 268, 400, 444, 283, 131, 
170, 141, -29, -156, 100, 56, -48, 214, 375, 551, 400, 234, 
190, 214, 24, -202, 82, 119, -97, 170, 370, 673, 517, 322, 
214, 283, 68, -248, 73, 175, -146, 141, 390, 800, 644, 424, 
244, 361, 117, -302, 63, 239, -190, 126, 385, 897, 746, 522, 
263, 448, 185, -356, 39, 317, -244, 73, 322, 902, 814, 614, 
263, 507, 244, -385, 9, 375, -273, -19, 190, 819, 819, 668, 
248, 531, 283, -390, -17, 407, -292, -102, 73, 702, 780, 692, 
234, 512, 278, -373, -21, 395, -292, -165, -9, 566, 697, 673, 
219, 444, 224, -331, -2, 334, -273, -200, -122, 346, 541, 595, 
185, 356, 170, -270, 7, 263, -253, -278, -307, 117, 366, 507, 
141, 312, 170, -226, -14, 241, -248, -385, -517, -68, 239, 434, 
92, 244, 151, -168, -29, 197, -234, -483, -736, -248, 92, 336, 
48, 112, 63, -80, -7, 87, -195, -527, -936, -473, -87, 195, 
24, 14, -9, -19, 17, 2, -156, -546, -1073, -644, -234, 92, 
14, -29, -43, 7, 29, -36, -131, -527, -1117, -688, -273, 58, 
14, -29, -43, 7, 29, -36, -122, -463, -1054, -644, -258, 48, 
14, -43, -58, 14, 36, -51, -87, -370, -936, -585, -244, 34, 
29, -78, -107, 24, 68, -92, -53, -297, -849, -551, -253, -9, 
34, -122, -156, 43, 95, -139, -14, -234, -775, -522, -263, -43, 
34, -146, -180, 56, 107, -163, 14, -175, -688, -483, -263, -68, 
24, -161, -185, 68, 104, -173, 29, -126, -590, -429, -248, -82, 
19, -165, -185, 73, 102, -175, 39, -87, -517, -380, -234, -97, 
14, -156, -170, 70, 92, -163, 43, -53, -444, -331, -209, -97, 
14, -151, -165, 68, 90, -158, 53, -24, -370, -292, -185, -92, 
14, -131, -146, 58, 80, -139, 53, -9, -302, -248, -165, -82, 
24, -102, -126, 39, 75, -114, 53, 4, -239, -195, -131, -68, 
24, -78, -102, 26, 63, -90, 43, 14, -170, -151, -107, -58, 
24, -63, -87, 19, 56, -75, 43, 29, -126, -122, -92, -53, 
19, -58, -78, 19, 48, -68, 43, 39, -97, -102, -82, -48, 
4, -48, -53, 21, 29, -51, 43, 34, -87, -92, -68, -43, 
-9, -48, -39, 29, 14, -43, 34, 19, -78, -92, -63, -43, 
-9, -43, -34, 26, 12, -39, 29, 14, -68, -82, -58, -43, 
0, -39, -39, 19, 19, -39, 39, 14, -63, -78, -53, -39, 
0, -43, -43, 21, 21, -43, 39, 14, -53, -78, -58, -39, 
0, -43, -43, 21, 21, -43, 39, 14, -43, -68, -58, -39, 
4, -34, -39, 14, 21, -36, 39, 19, -34, -63, -53, -39, 
0, -34, -34, 17, 17, -34, 39, 19, -29, -58, -48, -39, 
-9, -43, -34, 26, 12, -39, 34, 14, -29, -53, -48, -43, 
-14, -43, -29, 29, 7, -36, 34, 14, -29, -53, -48, -43, 
-19, -43, -24, 31, 2, -34, 39, 14, -24, -53, -48, -43, 
-19, -48, -29, 34, 4, -39, 43, 14, -29, -53, -53, -39, 
-19, -43, -24, 31, 2, -34, 48, 14, -24, -48, -48, -39, 
-19, -39, -19, 29, 0, -29, 43, 19, -19, -48, -48, -39, 
-9, -39, -29, 24, 9, -34, 39, 19, -19, -43, -53, -43, 
-9, -34, -24, 21, 7, -29, 34, 24, -9, -43, -48, -48, 
-9, -34, -24, 21, 7, -29, 29, 24, 0, -43, -43, -48, 
-9, -34, -24, 21, 7, -29, 29, 24, 4, -39, -43, -48, 
0, -34, -34, 17, 17, -34, 34, 24, 9, -39, -39, -48, 
4, -34, -39, 14, 21, -36, 34, 29, 9, -29, -34, -43, 
0, -34, -34, 17, 17, -34, 34, 24, 4, -29, -34, -43, 
-9, -34, -24, 21, 7, -29, 34, 29, 4, -29, -29, -39, 
-14, -39, -24, 26, 4, -31, 34, 29, 4, -29, -34, -43, 
-19, -48, -29, 34, 4, -39, 34, 29, 0, -39, -39, -43, 
-19, -48, -29, 34, 4, -39, 39, 29, 0, -43, -39, -43, 
-9, -39, -29, 24, 9, -34, 34, 34, 9, -39, -39, -43, 
-14, -39, -24, 26, 4, -31, 39, 34, 14, -34, -34, -43, 
-14, -39, -24, 26, 4, -31, 34, 29, 19, -34, -34, -48, 
-19, -39, -19, 29, 0, -29, 34, 29, 19, -29, -34, -48, 
-14, -29, -14, 21, 0, -21, 39, 29, 24, -29, -29, -43, 
-9, -24, -14, 17, 2, -19, 39, 29, 24, -19, -24, -43, 
-14, -24, -9, 19, -2, -17, 39, 34, 24, -24, -24, -39, 
-14, -29, -14, 21, 0, -21, 34, 34, 19, -24, -29, -39, 
-9, -34, -24, 21, 7, -29, 34, 29, 24, -29, -34, -39, 
0, -34, -34, 17, 17, -34, 29, 29, 29, -24, -34, -43, 
0, -29, -29, 14, 14, -29, 29, 34, 34, -24, -34, -43, 
0, -29, -29, 14, 14, -29, 29, 29, 43, -24, -39, -43, 
4, -24, -29, 9, 17, -26, 29, 34, 48, -24, -34, -43, 
4, -24, -29, 9, 17, -26, 29, 34, 48, -19, -34, -39, 
4, -24, -29, 9, 17, -26, 34, 29, 48, -14, -29, -39, 
4, -14, -19, 4, 12, -17, 34, 29, 48, -9, -24, -34, 
4, -14, -19, 4, 12, -17, 34, 29, 48, -9, -24, -34, 
4, -24, -29, 9, 17, -26, 29, 29, 48, -14, -24, -34, 
0, -29, -29, 14, 14, -29, 24, 29, 48, -19, -24, -34, 
-14, -29, -14, 21, 0, -21, 24, 29, 48, -24, -29, -39, 
-14, -34, -19, 24, 2, -26, 19, 34, 53, -19, -34, -39, 
0, -24, -24, 12, 12, -24, 29, 39, 63, -14, -29, -39, 
0, -19, -19, 9, 9, -19, 34, 43, 68, -9, -24, -34, 
9, -14, -24, 2, 17, -19, 34, 43, 73, 0, -19, -34, 
9, -14, -24, 2, 17, -19, 29, 43, 78, 4, -14, -29, 
14, -14, -29, 0, 21, -21, 29, 48, 82, 9, -9, -24, 
14, -14, -29, 0, 21, -21, 19, 48, 82, 9, -9, -24, 
14, -14, -29, 0, 21, -21, 19, 48, 82, 9, -9, -24, 
14, -14, -29, 0, 21, -21, 24, 43, 78, 9, -9, -29, 
9, -14, -24, 2, 17, -19, 29, 48, 87, 4, -14, -29, 
4, -19, -24, 7, 14, -21, 29, 48, 92, 4, -14, -24, 
0, -19, -19, 9, 9, -19, 29, 48, 97, 9, -14, -29, 
4, -14, -19, 4, 12, -17, 29, 58, 112, 19, -9, -24, 
4, -9, -14, 2, 9, -12, 29, 58, 112, 24, 0, -24, 
4, -9, -14, 2, 9, -12, 29, 58, 117, 29, 9, -24, 
9, 4, -4, -7, 7, 0, 34, 63, 122, 34, 14, -19, 
24, 14, -9, -19, 17, 2, 29, 63, 122, 39, 14, 0, 
19, 19, 0, -19, 9, 9, 24, 68, 122, 39, 19, 0, 
9, 9, 0, -9, 4, 4, 24, 68, 126, 39, 14, 0, 
14, 14, 0, -14, 7, 7, 24, 73, 131, 39, 14, 0, 
9, 4, -4, -7, 7, 0, 19, 78, 146, 43, 14, -9, 
9, 4, -4, -7, 7, 0, 19, 78, 156, 43, 14, -9, 
9, 9, 0, -9, 4, 4, 24, 82, 161, 53, 19, 0, 
19, 19, 0, -19, 9, 9, 24, 82, 165, 58, 24, 0, 
19, 24, 4, -21, 7, 14, 24, 87, 170, 63, 29, 0, 
24, 29, 4, -26, 9, 17, 19, 87, 170, 63, 34, 4, 
29, 39, 9, -34, 9, 24, 19, 92, 175, 68, 39, 9, 
24, 34, 9, -29, 7, 21, 9, 92, 180, 73, 39, 9, 
29, 39, 9, -34, 9, 24, 9, 92, 185, 68, 34, 9, 
34, 43, 9, -39, 12, 26, 9, 97, 190, 68, 39, 14, 
43, 53, 9, -48, 17, 31, 9, 102, 204, 73, 39, 14, 
43, 53, 9, -48, 17, 31, 9, 107, 214, 82, 43, 24, 
39, 53, 14, -46, 12, 34, 4, 112, 224, 87, 48, 19, 
29, 53, 24, -41, 2, 39, 4, 107, 229, 97, 48, 19, 
24, 48, 24, -36, 0, 36, 9, 112, 234, 102, 53, 19, 
14, 43, 29, -29, -7, 36, 9, 107, 239, 97, 53, 19, 
19, 48, 29, -34, -4, 39, 14, 112, 244, 102, 53, 24, 
19, 58, 39, -39, -9, 48, 14, 117, 248, 112, 58, 34, 
24, 63, 39, -43, -7, 51, 14, 122, 253, 117, 68, 34, 
19, 63, 43, -41, -12, 53, 14, 126, 268, 122, 73, 39, 
14, 58, 43, -36, -14, 51, 19, 126, 278, 131, 68, 39, 
9, 63, 53, -36, -21, 58, 14, 131, 287, 136, 73, 39, 
4, 68, 63, -36, -29, 65, 14, 136, 297, 141, 78, 39, 
9, 68, 58, -39, -24, 63, 19, 141, 307, 146, 87, 48, 
9, 73, 63, -41, -26, 68, 19, 146, 317, 156, 92, 53, 
14, 82, 68, -48, -26, 75, 9, 146, 317, 165, 102, 58, 
14, 92, 78, -53, -31, 85, 4, 146, 322, 170, 107, 58, 
9, 92, 82, -51, -36, 87, 0, 146, 326, 170, 107, 63, 
19, 102, 82, -61, -31, 92, 4, 151, 336, 175, 117, 68, 
29, 117, 87, -73, -29, 102, 4, 165, 356, 185, 122, 78, 
34, 126, 92, -80, -29, 109, 4, 170, 366, 195, 122, 82, 
34, 131, 97, -82, -31, 114, 0, 175, 375, 209, 122, 87, 
34, 131, 97, -82, -31, 114, -14, 180, 390, 214, 136, 92, 
39, 141, 102, -90, -31, 122, -24, 185, 390, 229, 141, 97, 
43, 151, 107, -97, -31, 129, -19, 185, 400, 244, 151, 102, 
43, 165, 122, -104, -39, 143, -24, 185, 409, 248, 161, 112, 
53, 175, 122, -114, -34, 148, -24, 190, 414, 258, 165, 117, 
48, 175, 126, -112, -39, 151, -19, 204, 419, 268, 170, 126, 
34, 175, 141, -104, -53, 158, -24, 204, 429, 268, 175, 131, 
34, 180, 146, -107, -56, 163, -24, 204, 434, 278, 185, 136, 
34, 185, 151, -109, -58, 168, -24, 195, 439, 278, 185, 136, 
39, 195, 156, -117, -58, 175, -24, 209, 448, 287, 195, 141, 
43, 214, 170, -129, -63, 192, -24, 209, 458, 302, 209, 141, 
43, 209, 165, -126, -61, 187, -19, 209, 463, 307, 219, 146, 
39, 214, 175, -126, -68, 195, -24, 209, 468, 312, 224, 156, 
39, 224, 185, -131, -73, 204, -39, 209, 468, 317, 229, 165, 
48, 234, 185, -141, -68, 209, -39, 209, 473, 322, 239, 170, 
48, 239, 190, -143, -70, 214, -43, 209, 468, 326, 244, 175, 
53, 248, 195, -151, -70, 222, -43, 204, 463, 331, 248, 180, 
58, 258, 200, -158, -70, 229, -43, 209, 468, 336, 253, 185, 
63, 263, 200, -163, -68, 231, -48, 204, 473, 341, 258, 195, 
58, 263, 204, -161, -73, 234, -53, 204, 468, 341, 258, 195, 
58, 268, 209, -163, -75, 239, -63, 190, 463, 341, 258, 195, 
53, 263, 209, -158, -78, 236, -68, 185, 453, 346, 263, 204, 
58, 273, 214, -165, -78, 244, -68, 175, 444, 346, 263, 204, 
63, 278, 214, -170, -75, 246, -73, 165, 434, 341, 273, 209, 
58, 278, 219, -168, -80, 248, -78, 161, 419, 341, 268, 209, 
58, 273, 214, -165, -78, 244, -73, 151, 395, 331, 263, 209, 
58, 263, 204, -161, -73, 234, -73, 136, 380, 317, 263, 204, 
53, 248, 195, -151, -70, 222, -73, 126, 370, 307, 253, 195, 
48, 239, 190, -143, -70, 214, -68, 117, 356, 297, 244, 185, 
48, 234, 185, -141, -68, 209, -63, 107, 336, 283, 229, 175, 
48, 224, 175, -136, -63, 200, -58, 102, 322, 273, 224, 170, 
48, 214, 165, -131, -58, 190, -53, 92, 297, 268, 214, 165, 
43, 209, 165, -126, -61, 187, -53, 78, 278, 253, 204, 161, 
34, 185, 151, -109, -58, 168, -48, 68, 258, 234, 195, 151, 
29, 170, 141, -100, -56, 156, -48, 58, 239, 214, 180, 136, 
29, 161, 131, -95, -51, 146, -43, 53, 219, 195, 170, 126, 
29, 151, 122, -90, -46, 136, -29, 48, 204, 175, 161, 117, 
29, 136, 107, -82, -39, 122, -29, 43, 175, 161, 141, 112, 
19, 122, 102, -70, -41, 112, -29, 43, 165, 146, 131, 97, 
19, 112, 92, -65, -36, 102, -24, 39, 151, 136, 117, 87, 
14, 102, 87, -58, -36, 95, -19, 34, 141, 126, 102, 78, 
14, 87, 73, -51, -29, 80, -24, 29, 126, 112, 92, 68, 
9, 82, 73, -46, -31, 78, -24, 24, 107, 97, 82, 58, 
4, 68, 63, -36, -29, 65, -19, 19, 97, 87, 78, 53, 
4, 58, 53, -31, -24, 56, -14, 9, 82, 73, 63, 43, 
-9, 43, 53, -17, -31, 48, -14, 4, 68, 58, 58, 34, 
-14, 34, 48, -9, -31, 41, 0, 0, 53, 43, 48, 34, 
-14, 24, 39, -4, -26, 31, 4, 0, 48, 34, 34, 29, 
-9, 24, 34, -7, -21, 29, 9, 0, 39, 29, 29, 19, 
-14, 14, 29, 0, -21, 21, 9, -9, 34, 24, 19, 14, 
-24, 4, 29, 9, -26, 17, 0, -14, 24, 14, 9, 4, 
-24, -14, 9, 19, -17, -2, 0, -14, 19, 4, 9, 4, 
-24, -14, 9, 19, -17, -2, 0, -19, 14, 4, 4, 0, 
-34, -19, 14, 26, -24, -2, 0, -24, 4, -9, 4, -14, 
-29, -19, 9, 24, -19, -4, 4, -24, 0, -14, 4, -9, 
-19, -9, 9, 14, -14, 0, 9, -19, 0, -9, 4, 0, 
-19, -9, 9, 14, -14, 0, 9, -19, -9, -14, 0, -9, 
-19, -14, 4, 17, -12, -4, 14, -24, -14, -19, -9, -14, 
-24, -19, 4, 21, -14, -7, 14, -24, -14, -19, -14, -14, 
-24, -19, 4, 21, -14, -7, 14, -24, -14, -24, -14, -19, 
-29, -29, 0, 29, -14, -14, 14, -29, -19, -34, -24, -24, 
-29, -29, 0, 29, -14, -14, 14, -29, -19, -34, -24, -24, 
-29, -24, 4, 26, -17, -9, 14, -24, -19, -34, -24, -24, 
-29, -24, 4, 26, -17, -9, 9, -24, -19, -34, -19, -24, 
-29, -24, 4, 26, -17, -9, 9, -24, -19, -34, -19, -24, 
-29, -29, 0, 29, -14, -14, 9, -24, -19, -34, -19, -24, 
-29, -29, 0, 29, -14, -14, 14, -24, -24, -34, -24, -24, 
-34, -29, 4, 31, -19, -12, 14, -29, -24, -34, -24, -29, 
-34, -34, 0, 34, -17, -17, 14, -29, -29, -39, -24, -29, 
-34, -34, 0, 34, -17, -17, 19, -29, -29, -39, -29, -29, 
-34, -34, 0, 34, -17, -17, 19, -29, -29, -39, -29, -29, 
-34, -34, 0, 34, -17, -17, 19, -29, -29, -39, -29, -29, 
-34, -34, 0, 34, -17, -17, 14, -24, -29, -39, -29, -29, 
-29, -34, -4, 31, -12, -19, 19, -24, -24, -39, -29, -29, 
-29, -34, -4, 31, -12, -19, 19, -24, -24, -39, -29, -29, 
-24, -29, -4, 26, -9, -17, 19, -24, -24, -39, -29, -29, 
-24, -29, -4, 26, -9, -17, 14, -19, -24, -39, -29, -29, 
-19, -24, -4, 21, -7, -14, 14, -19, -24, -39, -29, -29, 
-19, -24, -4, 21, -7, -14, 14, -19, -24, -39, -34, -29, 
-19, -24, -4, 21, -7, -14, 14, -19, -24, -39, -34, -29, 
-14, -24, -9, 19, -2, -17, 14, -19, -24, -39, -34, -29, 
-14, -29, -14, 21, 0, -21, 9, -19, -24, -39, -34, -29, 
-14, -29, -14, 21, 0, -21, 9, -19, -24, -39, -39, -29, 
-14, -29, -14, 21, 0, -21, 4, -19, -24, -43, -39, -34, 
-14, -34, -19, 24, 2, -26, 4, -19, -24, -43, -39, -34, 
-19, -39, -19, 29, 0, -29, 4, -19, -29, -43, -34, -34, 
-19, -39, -19, 29, 0, -29, 4, -19, -29, -43, -39, -39, 
-19, -39, -19, 29, 0, -29, 4, -24, -29, -43, -39, -39, 
-19, -43, -24, 31, 2, -34, 4, -24, -29, -43, -39, -39, 
-19, -43, -24, 31, 2, -34, 4, -24, -29, -43, -39, -39, 
-19, -43, -24, 31, 2, -34, 4, -29, -34, -48, -39, -39, 
-19, -43, -24, 31, 2, -34, 9, -29, -34, -48, -39, -39, 
-19, -39, -19, 29, 0, -29, 9, -29, -29, -48, -39, -39, 
-19, -39, -19, 29, 0, -29, 9, -29, -29, -48, -39, -39, 
-19, -39, -19, 29, 0, -29, 9, -29, -29, -43, -39, -39, 
-19, -34, -14, 26, -2, -24, 9, -29, -29, -43, -39, -39, 
-14, -34, -19, 24, 2, -26, 9, -29, -29, -43, -39, -39, 
-14, -34, -19, 24, 2, -26, 9, -29, -29, -43, -39, -39, 
-14, -34, -19, 24, 2, -26, 9, -29, -29, -43, -39, -39, 
-14, -34, -19, 24, 2, -26, 9, -29, -29, -43, -39, -39, 
-14, -34, -19, 24, 2, -26, 9, -29, -29, -43, -39, -39, 
-14, -34, -19, 24, 2, -26, 9, -29, -29, -43, -39, -39, 
-14, -34, -19, 24, 2, -26, 9, -29, -29, -43, -39, -39, 
-14, -34, -19, 24, 2, -26, 9, -24, -29, -43, -39, -39, 
-14, -34, -19, 24, 2, -26, 9, -24, -29, -43, -39, -39, 
-14, -29, -14, 21, 0, -21, 9, -24, -29, -43, -34, -39, 
-14, -29, -14, 21, 0, -21, 9, -24, -29, -43, -34, -39, 
-14, -29, -14, 21, 0, -21, 9, -24, -29, -43, -34, -39, 
-14, -29, -14, 21, 0, -21, 9, -24, -29, -43, -34, -39, 
-9, -29, -19, 19, 4, -24, 9, -24, -29, -43, -34, -39, 
-9, -29, -19, 19, 4, -24, 9, -19, -29, -39, -34, -34, 
-9, -29, -19, 19, 4, -24, 9, -19, -24, -39, -34, -34, 
-9, -29, -19, 19, 4, -24, 9, -19, -24, -39, -34, -34, 
-9, -29, -19, 19, 4, -24, 9, -19, -24, -39, -34, -34, 
-9, -29, -19, 19, 4, -24, 9, -19, -24, -39, -34, -34, 
-9, -29, -19, 19, 4, -24, 9, -19, -24, -39, -34, -34, 
-9, -34, -24, 21, 7, -29, 9, -19, -24, -39, -34, -34, 
-9, -34, -24, 21, 7, -29, 9, -19, -29, -39, -34, -34, 
-9, -34, -24, 21, 7, -29, 4, -19, -29, -39, -34, -34, 
-9, -34, -24, 21, 7, -29, 9, -19, -29, -34, -34, -34, 
-9, -34, -24, 21, 7, -29, 9, -19, -29, -34, -34, -34, 
-9, -34, -24, 21, 7, -29, 9, -19, -34, -39, -34, -34, 
-9, -34, -24, 21, 7, -29, 4, -19, -34, -39, -39, -34, 
-9, -39, -29, 24, 9, -34, 9, -19, -34, -34, -39, -34, 
-9, -34, -24, 21, 7, -29, 9, -19, -34, -34, -39, -34, 
-9, -34, -24, 21, 7, -29, 9, -19, -34, -34, -34, -34, 
-9, -29, -19, 19, 4, -24, 9, -19, -34, -29, -34, -34, 
0, -29, -29, 14, 14, -29, 9, -19, -34, -29, -34, -34, 
0, -29, -29, 14, 14, -29, 9, -19, -34, -29, -34, -34, 
0, -29, -29, 14, 14, -29, 4, -19, -39, -29, -34, -34, 
-9, -29, -19, 19, 4, -24, 4, -19, -39, -29, -34, -34, 
-9, -29, -19, 19, 4, -24, 4, -19, -39, -29, -34, -34, 
-9, -29, -19, 19, 4, -24, 4, -19, -39, -34, -34, -34, 
-9, -29, -19, 19, 4, -24, 4, -19, -39, -34, -34, -34, 
-9, -29, -19, 19, 4, -24, 9, -19, -39, -34, -34, -34, 
-9, -29, -19, 19, 4, -24, 9, -19, -39, -34, -34, -34, 
-9, -34, -24, 21, 7, -29, 9, -19, -39, -34, -34, -34, 
-9, -34, -24, 21, 7, -29, 9, -19, -43, -34, -34, -34, 
-9, -39, -29, 24, 9, -34, 9, -19, -43, -34, -34, -34, 
-9, -39, -29, 24, 9, -34, 9, -19, -48, -39, -39, -34, 
-9, -39, -29, 24, 9, -34, 9, -19, -48, -39, -39, -34, 
-9, -39, -29, 24, 9, -34, 9, -19, -48, -39, -39, -34, 
-9, -39, -29, 24, 9, -34, 14, -19, -48, -39, -39, -34, 
-9, -39, -29, 24, 9, -34, 9, -19, -48, -39, -39, -34, 
0, -39, -39, 19, 19, -39, 9, -19, -53, -39, -34, -34, 
0, -39, -39, 19, 19, -39, 9, -19, -53, -39, -34, -34, 
-9, -39, -29, 24, 9, -34, 9, -19, -53, -39, -34, -34, 
-9, -39, -29, 24, 9, -34, 9, -19, -53, -39, -34, -34, 
-9, -39, -29, 24, 9, -34, 9, -19, -53, -39, -34, -34, 
-9, -39, -29, 24, 9, -34, 14, -19, -58, -39, -34, -34, 
-9, -39, -29, 24, 9, -34, 14, -19, -58, -39, -34, -34, 
-9, -39, -29, 24, 9, -34, 14, -19, -58, -39, -34, -29, 
-9, -39, -29, 24, 9, -34, 14, -19, -53, -39, -34, -29, 
-9, -39, -29, 24, 9, -34, 14, -19, -53, -39, -34, -34, 
-9, -39, -29, 24, 9, -34, 19, -19, -53, -39, -34, -34, 
-9, -34, -24, 21, 7, -29, 19, -19, -53, -39, -34, -34, 
-9, -34, -24, 21, 7, -29, 19, -19, -53, -39, -34, -34, 
-9, -34, -24, 21, 7, -29, 19, -19, -53, -39, -34, -34, 
-9, -34, -24, 21, 7, -29, 19, -19, -58, -39, -34, -34, 
-9, -34, -24, 21, 7, -29, 19, -19, -58, -39, -39, -34, 
-9, -34, -24, 21, 7, -29, 19, -24, -58, -39, -39, -34, 
-9, -34, -24, 21, 7, -29, 19, -24, -58, -39, -39, -34, 
-9, -34, -24, 21, 7, -29, 19, -24, -58, -39, -39, -34, 
-9, -34, -24, 21, 7, -29, 19, -24, -58, -39, -39, -34, 
-9, -29, -19, 19, 4, -24, 19, -24, -58, -39, -39, -34, 
-9, -29, -19, 19, 4, -24, 14, -24, -58, -39, -43, -34, 
-9, -29, -19, 19, 4, -24, 14, -24, -58, -39, -43, -34, 
-9, -29, -19, 19, 4, -24, 14, -24, -63, -43, -43, -34, 
-9, -29, -19, 19, 4, -24, 14, -24, -63, -43, -43, -34, 
-9, -29, -19, 19, 4, -24, 14, -29, -63, -48, -43, -34, 
-9, -29, -19, 19, 4, -24, 14, -29, -68, -48, -43, -34, 
-9, -34, -24, 21, 7, -29, 19, -29, -68, -48, -43, -34, 
-9, -29, -19, 19, 4, -24, 19, -29, -63, -48, -39, -34, 
-9, -29, -19, 19, 4, -24, 19, -24, -63, -48, -39, -34, 
-9, -29, -19, 19, 4, -24, 19, -29, -68, -48, -39, -34, 
-9, -29, -19, 19, 4, -24, 19, -29, -68, -48, -39, -34, 
-9, -29, -19, 19, 4, -24, 19, -29, -68, -43, -39, -34, 
-9, -29, -19, 19, 4, -24, 19, -29, -68, -43, -39, -34, 
0, -24, -24, 12, 12, -24, 19, -29, -68, -43, -39, -34, 
0, -24, -24, 12, 12, -24, 14, -24, -68, -43, -39, -34, 
4, -19, -24, 7, 14, -21, 14, -24, -68, -43, -39, -29, 
4, -19, -24, 7, 14, -21, 14, -24, -68, -43, -39, -29, 
4, -19, -24, 7, 14, -21, 19, -24, -63, -39, -39, -29, 
4, -19, -24, 7, 14, -21, 19, -24, -68, -39, -39, -29, 
4, -19, -24, 7, 14, -21, 19, -24, -68, -39, -39, -29, 
0, -19, -19, 9, 9, -19, 19, -29, -68, -39, -39, -34, 
0, -24, -24, 12, 12, -24, 19, -29, -68, -39, -43, -34, 
0, -24, -24, 12, 12, -24, 19, -29, -68, -39, -43, -34, 
-9, -24, -14, 17, 2, -19, 19, -29, -68, -39, -43, -34, 
-9, -24, -14, 17, 2, -19, 19, -29, -68, -39, -43, -34, 
-9, -24, -14, 17, 2, -19, 19, -29, -73, -39, -43, -34, 
-9, -29, -19, 19, 4, -24, 19, -34, -73, -43, -43, -34, 
-14, -29, -14, 21, 0, -21, 19, -34, -73, -43, -48, -39, 
-14, -29, -14, 21, 0, -21, 24, -34, -73, -43, -48, -39, 
-14, -34, -19, 24, 2, -26, 24, -34, -73, -43, -48, -39, 
-19, -34, -14, 26, -2, -24, 24, -34, -73, -43, -48, -39, 
-14, -29, -14, 21, 0, -21, 24, -34, -73, -43, -43, -39, 
-14, -29, -14, 21, 0, -21, 29, -34, -73, -43, -43, -39, 
-14, -29, -14, 21, 0, -21, 29, -34, -73, -43, -43, -39, 
-9, -29, -19, 19, 4, -24, 29, -29, -73, -43, -43, -39, 
-9, -29, -19, 19, 4, -24, 29, -29, -73, -48, -43, -39, 
-9, -29, -19, 19, 4, -24, 24, -29, -78, -48, -43, -39, 
-14, -34, -19, 24, 2, -26, 24, -29, -78, -48, -43, -39, 
-14, -34, -19, 24, 2, -26, 29, -29, -78, -48, -43, -43, 
-14, -34, -19, 24, 2, -26, 29, -29, -78, -48, -48, -43, 
-19, -39, -19, 29, 0, -29, 24, -29, -78, -53, -48, -43, 
-14, -39, -24, 26, 4, -31, 24, -34, -73, -53, -48, -43, 
-14, -39, -24, 26, 4, -31, 24, -34, -73, -53, -48, -43, 
-14, -39, -24, 26, 4, -31, 24, -34, -73, -48, -48, -43, 
-14, -39, -24, 26, 4, -31, 19, -34, -78, -48, -48, -43, 
-9, -39, -29, 24, 9, -34, 19, -34, -78, -48, -48, -43, 
-9, -34, -24, 21, 7, -29, 19, -34, -78, -48, -48, -43, 
0, -34, -34, 17, 17, -34, 19, -34, -78, -48, -48, -43, 
0, -34, -34, 17, 17, -34, 19, -34, -78, -48, -48, -43, 
0, -34, -34, 17, 17, -34, 14, -34, -78, -48, -48, -43, 
0, -29, -29, 14, 14, -29, 14, -29, -78, -48, -43, -39, 
4, -29, -34, 12, 19, -31, 14, -29, -78, -48, -43, -39, 
4, -29, -34, 12, 19, -31, 14, -29, -78, -48, -43, -39, 
4, -29, -34, 12, 19, -31, 14, -29, -78, -48, -43, -39, 
4, -29, -34, 12, 19, -31, 14, -29, -78, -48, -43, -39, 
4, -29, -34, 12, 19, -31, 9, -29, -78, -48, -43, -39, 
4, -29, -34, 12, 19, -31, 9, -29, -78, -48, -43, -39, 
4, -29, -34, 12, 19, -31, 9, -29, -78, -48, -43, -39, 
4, -29, -34, 12, 19, -31, 9, -29, -82, -48, -48, -39, 
4, -29, -34, 12, 19, -31, 9, -29, -82, -48, -48, -39, 
4, -34, -39, 14, 21, -36, 9, -29, -82, -48, -48, -39, 
4, -34, -39, 14, 21, -36, 9, -34, -82, -48, -48, -39, 
9, -29, -39, 9, 24, -34, 9, -34, -82, -48, -48, -39, 
9, -29, -39, 9, 24, -34, 9, -34, -82, -48, -48, -39, 
9, -29, -39, 9, 24, -34, 9, -34, -82, -48, -48, -39, 
9, -29, -39, 9, 24, -34, 9, -34, -82, -48, -48, -39, 
9, -29, -39, 9, 24, -34, 4, -34, -82, -48, -48, -39, 
14, -24, -39, 4, 26, -31, 4, -34, -82, -43, -43, -39, 
14, -29, -43, 7, 29, -36, 4, -34, -78, -43, -43, -39, 
14, -24, -39, 4, 26, -31, 4, -34, -78, -43, -43, -39, 
19, -19, -39, 0, 29, -29, 0, -29, -73, -43, -39, -34, 
19, -14, -34, -2, 26, -24, 0, -29, -68, -39, -39, -34, 
24, -9, -34, -7, 29, -21, -9, -29, -63, -34, -34, -29, 
24, 0, -24, -12, 24, -12, -9, -24, -58, -29, -29, -24, 
29, 4, -24, -17, 26, -9, -14, -24, -58, -29, -24, -24, 
29, 9, -19, -19, 24, -4, -14, -24, -53, -24, -19, -19, 
29, 14, -14, -21, 21, 0, -19, -24, -48, -19, -19, -14, 
34, 19, -14, -26, 24, 2, -19, -19, -43, -14, -14, -19, 
34, 24, -9, -29, 21, 7, -19, -19, -39, -14, -14, -14, 
34, 29, -4, -31, 19, 12, -24, -14, -34, -9, -9, -14, 
39, 34, -4, -36, 21, 14, -19, -14, -34, 0, -9, -14, 
39, 34, -4, -36, 21, 14, -24, -14, -29, 4, 0, -9, 
39, 39, 0, -39, 19, 19, -24, -14, -29, 9, 0, -9, 
39, 43, 4, -41, 17, 24, -29, -14, -24, 9, 4, 0, 
43, 43, 0, -43, 21, 21, -34, -19, -24, 14, 4, 0, 
43, 48, 4, -46, 19, 26, -34, -19, -19, 14, 4, 4, 
43, 48, 4, -46, 19, 26, -39, -19, -19, 19, 9, 4, 
43, 53, 9, -48, 17, 31, -39, -19, -19, 19, 9, 9, 
43, 53, 9, -48, 17, 31, -43, -24, -19, 24, 14, 9, 
43, 58, 14, -51, 14, 36, -43, -24, -14, 29, 14, 14, 
43, 53, 9, -48, 17, 31, -48, -29, -14, 29, 19, 14, 
43, 58, 14, -51, 14, 36, -48, -29, -14, 34, 19, 19, 
43, 58, 14, -51, 14, 36, -48, -29, -14, 34, 24, 24, 
48, 63, 14, -56, 17, 39, -48, -34, -14, 39, 24, 24, 
48, 68, 19, -58, 14, 43, -53, -34, -9, 39, 29, 29, 
53, 68, 14, -61, 19, 41, -53, -34, -14, 39, 29, 29, 
53, 68, 14, -61, 19, 41, -53, -29, -14, 34, 29, 29, 
58, 68, 9, -63, 24, 39, -53, -29, -14, 34, 29, 34, 
58, 68, 9, -63, 24, 39, -53, -29, -19, 34, 29, 34, 
58, 68, 9, -63, 24, 39, -53, -29, -19, 34, 29, 34, 
58, 63, 4, -61, 26, 34, -53, -29, -24, 34, 29, 34, 
63, 58, -4, -61, 34, 26, -53, -29, -29, 29, 24, 34, 
63, 53, -9, -58, 36, 21, -53, -29, -34, 24, 19, 29, 
63, 48, -14, -56, 39, 17, -48, -29, -43, 19, 19, 24, 
63, 43, -19, -53, 41, 12, -48, -29, -48, 9, 14, 19, 
58, 34, -24, -46, 41, 4, -43, -34, -53, 4, 4, 14, 
53, 24, -29, -39, 41, -2, -39, -34, -53, 0, 0, 9, 
48, 14, -34, -31, 41, -9, -34, -39, -58, -9, -9, 4, 
43, 4, -39, -24, 41, -17, -29, -39, -63, -19, -14, 0, 
39, 0, -39, -19, 39, -19, -24, -43, -73, -24, -19, -9, 
34, -14, -48, -9, 41, -31, -19, -43, -78, -29, -29, -14, 
29, -24, -53, -2, 41, -39, -14, -48, -82, -39, -34, -24, 
19, -29, -48, 4, 34, -39, -9, -48, -87, -43, -39, -29, 
14, -39, -53, 12, 34, -46, 0, -53, -92, -48, -43, -34, 
9, -43, -53, 17, 31, -48, 4, -53, -92, -48, -48, -39, 
9, -53, -63, 21, 36, -58, 9, -53, -97, -53, -53, -43, 
4, -53, -58, 24, 31, -56, 14, -53, -102, -53, -58, -43, 
4, -58, -63, 26, 34, -61, 19, -48, -102, -58, -58, -43, 
4, -58, -63, 26, 34, -61, 19, -48, -107, -63, -63, -48, 
4, -63, -68, 29, 36, -65, 19, -48, -112, -68, -63, -48, 
0, -68, -68, 34, 34, -68, 19, -48, -112, -68, -68, -53, 
0, -68, -68, 34, 34, -68, 19, -48, -117, -73, -68, -53, 
0, -73, -73, 36, 36, -73, 24, -48, -117, -73, -68, -53, 
0, -73, -73, 36, 36, -73, 24, -48, -117, -73, -73, -58, 
-9, -78, -68, 43, 29, -73, 24, -48, -117, -78, -73, -58, 
-9, -78, -68, 43, 29, -73, 29, -48, -122, -78, -68, -58, 
-9, -78, -68, 43, 29, -73, 34, -48, -122, -78, -73, -58, 
-9, -82, -73, 46, 31, -78, 34, -48, -122, -78, -73, -63, 
-14, -82, -68, 48, 26, -75, 34, -48, -122, -82, -73, -63, 
-14, -82, -68, 48, 26, -75, 34, -48, -122, -82, -73, -63, 
-14, -87, -73, 51, 29, -80, 34, -48, -122, -82, -73, -63, 
-14, -87, -73, 51, 29, -80, 34, -43, -122, -82, -73, -68, 
-14, -82, -68, 48, 26, -75, 34, -43, -122, -82, -78, -68, 
-14, -82, -68, 48, 26, -75, 34, -43, -122, -82, -78, -68, 
-14, -82, -68, 48, 26, -75, 29, -43, -122, -82, -78, -68, 
-14, -82, -68, 48, 26, -75, 29, -43, -122, -82, -78, -68, 
-14, -82, -68, 48, 26, -75, 29, -43, -122, -82, -78, -68, 
-14, -78, -63, 46, 24, -70, 29, -43, -117, -82, -78, -68, 
-14, -78, -63, 46, 24, -70, 29, -43, -117, -87, -78, -68, 
-14, -78, -63, 46, 24, -70, 29, -43, -117, -87, -78, -68, 
-9, -78, -68, 43, 29, -73, 29, -39, -117, -87, -78, -68, 
-9, -73, -63, 41, 26, -68, 34, -39, -117, -82, -78, -68, 
-14, -73, -58, 43, 21, -65, 34, -39, -117, -82, -78, -68, 
-14, -73, -58, 43, 21, -65, 34, -39, -117, -82, -78, -68, 
-19, -78, -58, 48, 19, -68, 39, -39, -117, -82, -78, -68, 
-19, -78, -58, 48, 19, -68, 39, -39, -117, -82, -78, -68, 
-19, -78, -58, 48, 19, -68, 43, -43, -117, -82, -78, -68, 
-24, -82, -58, 53, 17, -70, 43, -43, -112, -87, -78, -68, 
-24, -82, -58, 53, 17, -70, 43, -43, -112, -87, -78, -68, 
-29, -87, -58, 58, 14, -73, 43, -43, -117, -87, -78, -68, 
-29, -87, -58, 58, 14, -73, 43, -48, -117, -87, -78, -68, 
-29, -92, -63, 61, 17, -78, 43, -48, -117, -92, -78, -68, 
-29, -92, -63, 61, 17, -78, 43, -48, -117, -92, -78, -68, 
-29, -92, -63, 61, 17, -78, 43, -48, -117, -92, -78, -73, 
-29, -92, -63, 61, 17, -78, 43, -48, -117, -92, -78, -73, 
-39, -92, -53, 65, 7, -73, 34, -48, -117, -92, -78, -73, 
-39, -92, -53, 65, 7, -73, 34, -48, -117, -92, -78, -73, 
-39, -92, -53, 65, 7, -73, 34, -48, -112, -92, -78, -68, 
-39, -87, -48, 63, 4, -68, 34, -48, -112, -92, -78, -73, 
-39, -87, -48, 63, 4, -68, 39, -53, -112, -92, -78, -73, 
-34, -92, -58, 63, 12, -75, 43, -53, -117, -92, -82, -73, 
-39, -92, -53, 65, 7, -73, 43, -53, -117, -97, -82, -78, 
-43, -92, -48, 68, 2, -70, 43, -53, -112, -97, -87, -73, 
-43, -82, -39, 63, -2, -61, 43, -53, -102, -92, -87, -73, 
-48, -78, -29, 63, -9, -53, 43, -58, -82, -82, -82, -78, 
-53, -73, -19, 63, -17, -46, 48, -53, -68, -82, -82, -82, 
-58, -73, -14, 65, -21, -43, 58, -43, -29, -68, -87, -87, 
-58, -73, -14, 65, -21, -43, 58, -14, 19, -53, -82, -97, 
-53, -68, -14, 61, -19, -41, 68, 29, 63, -34, -78, -97, 
-53, -78, -24, 65, -14, -51, 82, 63, 112, -19, -73, -102, 
-53, -78, -24, 65, -14, -51, 87, 107, 161, 9, -63, -102, 
-43, -63, -19, 53, -12, -41, 87, 141, 214, 58, -29, -87, 
-14, -48, -34, 31, 9, -41, 78, 180, 258, 117, 19, -53, 
19, -43, -63, 12, 41, -53, 73, 234, 307, 185, 73, -24, 
53, -39, -92, -7, 73, -65, 68, 278, 351, 263, 126, 9, 
92, 0, -92, -46, 92, -46, 48, 292, 385, 341, 195, 63, 
122, 58, -63, -90, 92, -2, 0, 263, 380, 439, 297, 146, 
161, 141, -19, -151, 90, 61, -68, 214, 356, 536, 409, 244, 
185, 214, 29, -200, 78, 122, -117, 156, 341, 649, 517, 326, 
209, 278, 68, -244, 70, 173, -161, 131, 361, 761, 624, 419, 
229, 356, 126, -292, 51, 241, -200, 102, 346, 844, 722, 517, 
248, 448, 200, -348, 24, 324, -248, 48, 278, 839, 775, 600, 
244, 492, 248, -368, -2, 370, -278, -43, 141, 746, 775, 653, 
229, 512, 283, -370, -26, 397, -287, -131, 29, 624, 732, 663, 
209, 478, 268, -344, -29, 373, -283, -195, -58, 478, 639, 644, 
180, 395, 214, -287, -17, 305, -263, -239, -170, 263, 473, 561, 
141, 312, 170, -226, -14, 241, -239, -307, -346, 34, 297, 468, 
97, 268, 170, -183, -36, 219, -229, -414, -551, -136, 170, 385, 
43, 195, 151, -119, -53, 173, -200, -507, -756, -307, 34, 292, 
4, 73, 68, -39, -31, 70, -161, -556, -951, -527, -141, 156, 
-24, -24, 0, 24, -12, -12, -122, -566, -1088, -688, -273, 58, 
-29, -53, -24, 41, -2, -39, -107, -541, -1112, -717, -302, 24, 
-29, -58, -29, 43, 0, -43, -97, -473, -1044, -668, -283, 19, 
-29, -68, -39, 48, 4, -53, -68, -380, -922, -595, -263, 4, 
-14, -102, -87, 58, 36, -95, -34, -302, -824, -556, -263, -29, 
0, -131, -131, 65, 65, -131, 4, -244, -746, -522, -268, -63, 
4, -151, -156, 73, 80, -153, 24, -170, -653, -473, -263, -82, 
0, -161, -161, 80, 80, -161, 39, -126, -556, -419, -248, -92, 
4, -156, -161, 75, 82, -158, 39, -82, -483, -370, -229, -102, 
4, -151, -156, 73, 80, -153, 48, -53, -414, -326, -214, -102, 
0, -146, -146, 73, 73, -146, 53, -24, -346, -287, -185, -97, 
4, -126, -131, 61, 68, -129, 48, -14, -283, -244, -161, -92, 
0, -97, -97, 48, 48, -97, 43, -9, -219, -195, -131, -78, 
0, -73, -73, 36, 36, -73, 39, 4, -156, -151, -107, -68, 
0, -63, -63, 31, 31, -63, 34, 14, -117, -117, -87, -58, 
-9, -48, -39, 29, 14, -43, 34, 24, -97, -102, -78, -58, 
-19, -48, -29, 34, 4, -39, 29, 19, -82, -92, -68, -53, 
-29, -48, -19, 39, -4, -34, 19, 9, -78, -92, -63, -53, 
-29, -43, -14, 36, -7, -29, 19, -9, -73, -87, -63, -53, 
-29, -48, -19, 39, -4, -34, 19, -9, -68, -82, -63, -53, 
-34, -48, -14, 41, -9, -31, 29, -9, -58, -82, -63, -53, 
-29, -48, -19, 39, -4, -34, 24, -9, -48, -82, -63, -53, 
-29, -43, -14, 36, -7, -29, 24, 0, -39, -78, -58, -53, 
-29, -43, -14, 36, -7, -29, 19, 4, -34, -73, -58, -53, 
-29, -48, -19, 39, -4, -34, 19, 4, -34, -68, -58, -58, 
-39, -53, -14, 46, -12, -34, 14, 0, -34, -63, -58, -58, 
-39, -58, -19, 48, -9, -39, 19, 0, -34, -73, -58, -58, 
-43, -58, -14, 51, -14, -36, 24, 0, -39, -68, -63, -53, 
-43, -58, -14, 51, -14, -36, 34, 0, -39, -68, -58, -53, 
-39, -53, -14, 46, -12, -34, 29, 4, -39, -73, -58, -53, 
-29, -43, -14, 36, -7, -29, 19, 4, -29, -73, -63, -53, 
-29, -48, -19, 39, -4, -34, 14, 9, -24, -68, -68, -58, 
-29, -43, -14, 36, -7, -29, 14, 9, -14, -68, -63, -58, 
-29, -43, -14, 36, -7, -29, 9, 9, -9, -68, -63, -58, 
-19, -39, -19, 29, 0, -29, 14, 9, 0, -68, -58, -58, 
-14, -29, -14, 21, 0, -21, 14, 14, 0, -63, -53, -58, 
-19, -34, -14, 26, -2, -24, 14, 9, -9, -58, -53, -53, 
-24, -34, -9, 29, -7, -21, 9, 9, -9, -53, -48, -53, 
-29, -39, -9, 34, -9, -24, 9, 9, -9, -58, -53, -53, 
-34, -48, -14, 41, -9, -31, 14, 9, -14, -63, -58, -58, 
-34, -48, -14, 41, -9, -31, 14, 9, -14, -63, -58, -58, 
-24, -43, -19, 34, -2, -31, 14, 14, 0, -58, -53, -58, 
-19, -43, -24, 31, 2, -34, 9, 14, 4, -58, -48, -58, 
-29, -43, -14, 36, -7, -29, 9, 14, 9, -48, -48, -58, 
-34, -48, -14, 41, -9, -31, 4, 14, 14, -48, -48, -58, 
-34, -43, -9, 39, -12, -26, 4, 14, 19, -43, -43, -53, 
-34, -43, -9, 39, -12, -26, 4, 19, 14, -39, -39, -53, 
-43, -48, -4, 46, -19, -26, 4, 19, 9, -43, -39, -48, 
-48, -53, -4, 51, -21, -29, 0, 19, 9, -43, -43, -48, 
-43, -53, -9, 48, -17, -31, 0, 19, 9, -43, -43, -48, 
-39, -48, -9, 43, -14, -29, 4, 24, 19, -43, -48, -53, 
-39, -48, -9, 43, -14, -29, 4, 24, 24, -39, -48, -43, 
-34, -39, -4, 36, -14, -21, 4, 29, 34, -43, -43, -48, 
-34, -39, -4, 36, -14, -21, 4, 29, 39, -39, -43, -43, 
-39, -43, -4, 41, -17, -24, 9, 29, 39, -39, -39, -43, 
-39, -43, -4, 41, -17, -24, 9, 29, 39, -34, -39, -43, 
-43, -39, 4, 41, -24, -17, 14, 34, 43, -29, -34, -34, 
-43, -34, 9, 39, -26, -12, 9, 34, 43, -29, -34, -39, 
-39, -34, 4, 36, -21, -14, 9, 34, 39, -29, -34, -39, 
-43, -34, 9, 39, -26, -12, 4, 34, 39, -29, -34, -39, 
-43, -39, 4, 41, -24, -17, 0, 34, 43, -29, -39, -34, 
-48, -39, 9, 43, -29, -14, 0, 39, 48, -29, -39, -39, 
-43, -39, 4, 41, -24, -17, 0, 43, 63, -24, -34, -39, 
-39, -29, 9, 34, -24, -9, 4, 43, 68, -19, -29, -34, 
-43, -34, 9, 39, -26, -12, 9, 43, 73, -9, -24, -34, 
-39, -24, 14, 31, -26, -4, 9, 48, 73, 0, -19, -24, 
-34, -24, 9, 29, -21, -7, 4, 53, 78, 0, -14, -19, 
-34, -19, 14, 26, -24, -2, 4, 53, 78, 9, -14, -19, 
-29, -19, 9, 24, -19, -4, 0, 53, 82, 9, -14, -19, 
-29, -14, 14, 21, -21, 0, 0, 53, 78, 0, -14, -19, 
-29, -14, 14, 21, -21, 0, 0, 53, 82, 4, -19, -19, 
-34, -19, 14, 26, -24, -2, 4, 53, 87, 4, -19, -24, 
-34, -19, 14, 26, -24, -2, 0, 53, 92, 9, -19, -24, 
-34, -9, 24, 21, -29, 7, -9, 63, 97, 14, -14, -19, 
-34, -14, 19, 24, -26, 2, -9, 63, 107, 19, -9, -19, 
-34, -9, 24, 21, -29, 7, -9, 58, 107, 24, 0, -14, 
-29, 0, 29, 14, -29, 14, -9, 63, 112, 29, 4, -14, 
-19, 4, 24, 7, -21, 14, -14, 73, 112, 29, 4, -9, 
-19, 4, 24, 7, -21, 14, -19, 73, 112, 34, 4, -9, 
-34, -9, 24, 21, -29, 7, -19, 73, 117, 34, 4, -9, 
-39, -14, 24, 26, -31, 4, -14, 73, 122, 34, 9, -9, 
-43, -19, 24, 31, -34, 2, -14, 73, 131, 34, 9, -19, 
-53, -29, 24, 41, -39, -2, -14, 73, 136, 34, 9, -19, 
-48, -19, 29, 34, -39, 4, 0, 78, 146, 43, 14, -14, 
-48, -19, 29, 34, -39, 4, 0, 82, 156, 48, 19, -14, 
-43, -19, 24, 31, -34, 2, 0, 78, 156, 53, 24, -14, 
-43, 0, 43, 21, -43, 21, 0, 78, 156, 48, 24, -9, 
-39, 4, 43, 17, -41, 24, 0, 82, 161, 53, 34, 0, 
-43, 4, 48, 19, -46, 26, -9, 87, 165, 58, 39, 0, 
-43, 0, 43, 21, -43, 21, -9, 87, 170, 63, 39, 4, 
-29, 9, 39, 9, -34, 24, 0, 97, 180, 63, 29, 9, 
-24, 19, 43, 2, -34, 31, -14, 97, 190, 68, 34, 9, 
-24, 19, 43, 2, -34, 31, -14, 102, 204, 78, 39, 14, 
-24, 24, 48, 0, -36, 36, -24, 102, 214, 82, 48, 14, 
-29, 24, 53, 2, -41, 39, -24, 107, 219, 92, 53, 14, 
-34, 19, 53, 7, -43, 36, -24, 107, 224, 97, 58, 14, 
-34, 19, 53, 7, -43, 36, -19, 107, 224, 97, 63, 19, 
-29, 29, 58, 0, -43, 43, -14, 112, 234, 107, 63, 24, 
-19, 43, 63, -12, -41, 53, -19, 117, 244, 112, 68, 29, 
-14, 53, 68, -19, -41, 61, -19, 126, 248, 122, 73, 39, 
-9, 58, 68, -24, -39, 63, -24, 131, 258, 126, 73, 39, 
-9, 58, 68, -24, -39, 63, -24, 141, 268, 131, 78, 43, 
-9, 63, 73, -26, -41, 68, -29, 141, 278, 146, 82, 43, 
0, 68, 68, -34, -34, 68, -29, 146, 287, 151, 87, 48, 
0, 73, 73, -36, -36, 73, -24, 151, 302, 156, 97, 48, 
0, 82, 82, -41, -41, 82, -24, 156, 307, 165, 102, 53, 
4, 87, 82, -46, -39, 85, -29, 156, 312, 175, 112, 58, 
4, 97, 92, -51, -43, 95, -34, 161, 317, 180, 112, 68, 
4, 97, 92, -51, -43, 95, -34, 165, 322, 185, 117, 73, 
9, 102, 92, -56, -41, 97, -34, 170, 331, 190, 122, 78, 
19, 117, 97, -68, -39, 107, -34, 175, 346, 204, 131, 78, 
24, 131, 107, -78, -41, 119, -34, 180, 361, 214, 126, 82, 
24, 131, 107, -78, -41, 119, -39, 185, 370, 219, 136, 87, 
24, 136, 112, -80, -43, 124, -48, 190, 380, 229, 146, 92, 
34, 146, 112, -90, -39, 129, -53, 195, 385, 239, 151, 97, 
39, 161, 122, -100, -41, 141, -63, 195, 395, 248, 161, 107, 
48, 175, 126, -112, -39, 151, -63, 204, 400, 263, 165, 112, 
58, 190, 131, -124, -36, 161, -73, 209, 409, 268, 175, 122, 
58, 190, 131, -124, -36, 161, -73, 214, 409, 278, 185, 131, 
58, 190, 131, -124, -36, 161, -78, 214, 419, 278, 190, 136, 
48, 190, 141, -119, -46, 165, -78, 214, 429, 283, 185, 141, 
53, 204, 151, -129, -48, 178, -78, 209, 434, 283, 190, 146, 
53, 204, 151, -129, -48, 178, -73, 214, 439, 297, 209, 146, 
53, 209, 156, -131, -51, 183, -73, 214, 448, 302, 214, 151, 
48, 214, 165, -131, -58, 190, -68, 214, 448, 312, 219, 156, 
48, 219, 170, -134, -61, 195, -73, 214, 448, 322, 229, 161, 
48, 219, 170, -134, -61, 195, -68, 214, 448, 322, 234, 170, 
53, 224, 170, -139, -58, 197, -63, 214, 448, 326, 239, 170, 
53, 229, 175, -141, -61, 202, -68, 204, 448, 322, 244, 175, 
48, 239, 190, -143, -70, 214, -63, 204, 444, 326, 248, 180, 
53, 239, 185, -146, -65, 212, -63, 209, 448, 331, 248, 185, 
58, 244, 185, -151, -63, 214, -63, 204, 453, 336, 258, 190, 
63, 244, 180, -153, -58, 212, -68, 195, 448, 336, 253, 190, 
58, 248, 190, -153, -65, 219, -73, 195, 448, 341, 258, 195, 
63, 253, 190, -158, -63, 222, -78, 185, 439, 341, 263, 195, 
63, 263, 200, -163, -68, 231, -82, 175, 429, 346, 268, 209, 
73, 268, 195, -170, -61, 231, -82, 170, 419, 346, 273, 214, 
73, 263, 190, -168, -58, 226, -92, 165, 400, 336, 273, 214, 
73, 263, 190, -168, -58, 226, -87, 156, 390, 336, 268, 209, 
68, 258, 190, -163, -61, 224, -92, 146, 370, 317, 263, 204, 
58, 244, 185, -151, -63, 214, -87, 131, 356, 307, 253, 195, 
58, 239, 180, -148, -61, 209, -82, 122, 341, 302, 248, 190, 
58, 229, 170, -143, -56, 200, -78, 117, 326, 287, 239, 185, 
53, 219, 165, -136, -56, 192, -78, 107, 307, 273, 224, 175, 
48, 204, 156, -126, -53, 180, -73, 97, 287, 263, 219, 165, 
48, 190, 141, -119, -46, 165, -73, 87, 268, 248, 214, 156, 
39, 175, 136, -107, -48, 156, -68, 73, 244, 234, 195, 146, 
34, 161, 126, -97, -46, 143, -68, 63, 219, 214, 180, 136, 
34, 156, 122, -95, -43, 139, -63, 58, 195, 195, 170, 126, 
39, 146, 107, -92, -34, 126, -53, 53, 180, 180, 156, 117, 
34, 131, 97, -82, -31, 114, -53, 43, 165, 161, 141, 102, 
29, 122, 92, -75, -31, 107, -53, 39, 151, 146, 126, 87, 
24, 112, 87, -68, -31, 100, -48, 34, 136, 131, 117, 82, 
24, 97, 73, -61, -24, 85, -43, 29, 126, 122, 102, 68, 
19, 87, 68, -53, -24, 78, -43, 24, 112, 107, 87, 58, 
19, 78, 58, -48, -19, 68, -39, 19, 97, 97, 78, 58, 
9, 68, 58, -39, -24, 63, -34, 14, 82, 82, 73, 48, 
4, 53, 48, -29, -21, 51, -29, 4, 68, 68, 63, 39, 
0, 43, 43, -21, -21, 43, -24, 0, 53, 53, 53, 34, 
-9, 34, 43, -12, -26, 39, -14, 0, 43, 43, 43, 24, 
0, 29, 29, -14, -14, 29, 0, -9, 34, 34, 29, 24, 
9, 24, 14, -17, -2, 19, 4, -9, 34, 24, 24, 14, 
4, 19, 14, -12, -4, 17, 4, -14, 24, 19, 19, 9, 
0, 4, 4, -2, -2, 4, 0, -19, 19, 9, 9, 0, 
0, 0, 0, 0, 0, 0, 0, -14, 14, 4, 4, 0, 
0, 0, 0, 0, 0, 0, -14, -14, 4, 0, 0, -14, 
-14, -19, -4, 17, -4, -12, -14, -19, 0, -9, 4, -14, 
-9, -19, -9, 14, 0, -14, -9, -19, -14, -14, 0, -19, 
4, -9, -14, 2, 9, -12, 0, -19, -14, -9, 0, -14, 
4, -9, -14, 2, 9, -12, 0, -19, -19, -14, -9, -19, 
4, -14, -19, 4, 12, -17, 0, -19, -19, -19, -14, -24, 
0, -19, -19, 9, 9, -19, 0, -19, -24, -24, -19, -19, 
0, -24, -24, 12, 12, -24, 0, -19, -29, -29, -24, -24, 
-14, -34, -19, 24, 2, -26, 4, -19, -34, -39, -29, -34, 
-14, -34, -19, 24, 2, -26, 0, -24, -34, -39, -29, -29, 
-14, -34, -19, 24, 2, -26, 0, -24, -34, -39, -29, -29, 
-9, -34, -24, 21, 7, -29, 0, -24, -34, -39, -29, -34, 
-9, -34, -24, 21, 7, -29, 0, -24, -34, -39, -29, -34, 
-9, -34, -24, 21, 7, -29, 0, -24, -34, -39, -29, -34, 
-9, -34, -24, 21, 7, -29, 0, -24, -39, -39, -29, -34, 
0, -34, -34, 17, 17, -34, 0, -24, -39, -39, -29, -34, 
0, -34, -34, 17, 17, -34, -9, -24, -39, -39, -29, -34, 
0, -34, -34, 17, 17, -34, -9, -24, -39, -39, -29, -34, 
0, -34, -34, 17, 17, -34, -9, -24, -39, -39, -29, -34, 
4, -34, -39, 14, 21, -36, -9, -24, -43, -39, -29, -34, 
4, -34, -39, 14, 21, -36, -9, -24, -43, -39, -34, -34, 
4, -34, -39, 14, 21, -36, -14, -19, -43, -39, -34, -34, 
0, -34, -34, 17, 17, -34, -14, -19, -43, -39, -34, -34, 
0, -34, -34, 17, 17, -34, -14, -19, -39, -34, -34, -34, 
0, -34, -34, 17, 17, -34, -14, -19, -43, -34, -34, -34, 
0, -39, -39, 19, 19, -39, -9, -19, -43, -34, -34, -34, 
-9, -43, -34, 26, 12, -39, -9, -19, -43, -39, -39, -39, 
-9, -43, -34, 26, 12, -39, 0, -19, -43, -39, -39, -39, 
-9, -48, -39, 29, 14, -43, 0, -19, -43, -39, -39, -39, 
-9, -48, -39, 29, 14, -43, 4, -19, -43, -39, -39, -39, 
-14, -48, -34, 31, 9, -41, 4, -19, -43, -39, -39, -39, 
-14, -48, -34, 31, 9, -41, 9, -19, -39, -39, -39, -39, 
-14, -48, -34, 31, 9, -41, 9, -19, -39, -39, -39, -39, 
-14, -48, -34, 31, 9, -41, 14, -19, -39, -39, -39, -39, 
-14, -43, -29, 29, 7, -36, 14, -19, -39, -39, -39, -39, 
-14, -43, -29, 29, 7, -36, 14, -19, -39, -39, -34, -39, 
-9, -43, -34, 26, 12, -39, 9, -19, -39, -39, -34, -39, 
-9, -39, -29, 24, 9, -34, 9, -19, -39, -34, -34, -39, 
-9, -39, -29, 24, 9, -34, 9, -19, -39, -34, -34, -39, 
-9, -39, -29, 24, 9, -34, 9, -19, -34, -34, -34, -39, 
-9, -34, -24, 21, 7, -29, 9, -19, -34, -34, -34, -39, 
-9, -34, -24, 21, 7, -29, 9, -19, -34, -34, -34, -34, 
-9, -34, -24, 21, 7, -29, 9, -19, -34, -34, -34, -39, 
0, -39, -39, 19, 19, -39, 9, -24, -34, -39, -34, -39, 
0, -39, -39, 19, 19, -39, 9, -24, -34, -39, -34, -39, 
0, -34, -34, 17, 17, -34, 9, -24, -34, -39, -39, -39, 
0, -34, -34, 17, 17, -34, 9, -24, -29, -39, -34, -39, 
0, -34, -34, 17, 17, -34, 9, -24, -29, -39, -34, -34, 
0, -34, -34, 17, 17, -34, 14, -19, -29, -39, -34, -34, 
0, -34, -34, 17, 17, -34, 14, -19, -29, -39, -34, -34, 
4, -34, -39, 14, 21, -36, 14, -19, -29, -34, -34, -34, 
4, -34, -39, 14, 21, -36, 14, -19, -29, -34, -34, -34, 
0, -29, -29, 14, 14, -29, 14, -19, -29, -34, -34, -34, 
0, -29, -29, 14, 14, -29, 14, -19, -29, -34, -34, -34, 
-9, -29, -19, 19, 4, -24, 14, -19, -29, -34, -34, -34, 
-9, -29, -19, 19, 4, -24, 9, -19, -29, -34, -39, -29, 
-9, -29, -19, 19, 4, -24, 9, -19, -29, -34, -39, -29, 
-9, -29, -19, 19, 4, -24, 9, -14, -29, -34, -39, -29, 
-9, -29, -19, 19, 4, -24, 9, -14, -29, -34, -34, -29, 
0, -29, -29, 14, 14, -29, 4, -14, -24, -34, -34, -29, 
-9, -29, -19, 19, 4, -24, 4, -14, -29, -34, -39, -29, 
-9, -29, -19, 19, 4, -24, 4, -14, -29, -34, -39, -29, 
-9, -29, -19, 19, 4, -24, 4, -19, -29, -34, -34, -29, 
-9, -29, -19, 19, 4, -24, 4, -19, -29, -34, -34, -29, 
-14, -29, -14, 21, 0, -21, 4, -19, -29, -34, -34, -29, 
-14, -29, -14, 21, 0, -21, 0, -19, -29, -34, -29, -29, 
-14, -29, -14, 21, 0, -21, 4, -19, -29, -34, -29, -29, 
-14, -29, -14, 21, 0, -21, 4, -19, -29, -34, -29, -29, 
-14, -29, -14, 21, 0, -21, 4, -19, -29, -34, -29, -29, 
-14, -29, -14, 21, 0, -21, 4, -19, -29, -34, -29, -29, 
-14, -29, -14, 21, 0, -21, 0, -24, -29, -34, -29, -29, 
-14, -29, -14, 21, 0, -21, 0, -24, -29, -34, -29, -29, 
-9, -29, -19, 19, 4, -24, 0, -24, -29, -34, -29, -29, 
-9, -29, -19, 19, 4, -24, 4, -24, -24, -34, -29, -29, 
-9, -29, -19, 19, 4, -24, 4, -24, -29, -34, -29, -29, 
-9, -34, -24, 21, 7, -29, 0, -24, -29, -29, -29, -29, 
0, -34, -34, 17, 17, -34, 0, -24, -29, -29, -29, -29, 
0, -34, -34, 17, 17, -34, 4, -24, -29, -29, -29, -29, 
0, -34, -34, 17, 17, -34, 4, -24, -29, -29, -29, -29, 
4, -29, -34, 12, 19, -31, 4, -24, -29, -34, -29, -29, 
4, -29, -34, 12, 19, -31, 4, -24, -34, -34, -29, -29, 
0, -34, -34, 17, 17, -34, 9, -24, -34, -34, -29, -34, 
0, -34, -34, 17, 17, -34, 9, -24, -39, -34, -29, -34, 
-9, -34, -24, 21, 7, -29, 14, -24, -39, -34, -29, -34, 
-9, -34, -24, 21, 7, -29, 14, -29, -39, -39, -29, -34, 
-9, -34, -24, 21, 7, -29, 14, -29, -39, -39, -29, -34, 
-9, -34, -24, 21, 7, -29, 14, -29, -39, -39, -29, -29, 
-9, -34, -24, 21, 7, -29, 19, -29, -39, -39, -29, -29, 
0, -34, -34, 17, 17, -34, 19, -29, -39, -39, -29, -29, 
0, -29, -29, 14, 14, -29, 19, -24, -39, -39, -29, -29, 
0, -29, -29, 14, 14, -29, 19, -24, -39, -39, -29, -29, 
0, -29, -29, 14, 14, -29, 19, -24, -39, -39, -29, -29, 
4, -29, -34, 12, 19, -31, 14, -24, -39, -34, -24, -29, 
4, -29, -34, 12, 19, -31, 14, -24, -39, -34, -24, -29, 
4, -29, -34, 12, 19, -31, 14, -24, -39, -34, -24, -29, 
4, -24, -29, 9, 17, -26, 14, -24, -43, -34, -24, -29, 
4, -24, -29, 9, 17, -26, 14, -24, -43, -34, -24, -24, 
4, -29, -34, 12, 19, -31, 14, -24, -43, -34, -24, -29, 
4, -29, -34, 12, 19, -31, 14, -29, -43, -34, -24, -29, 
4, -29, -34, 12, 19, -31, 14, -29, -48, -34, -29, -29, 
0, -29, -29, 14, 14, -29, 14, -29, -48, -34, -29, -29, 
0, -29, -29, 14, 14, -29, 14, -29, -48, -34, -29, -29, 
0, -34, -34, 17, 17, -34, 14, -29, -48, -34, -29, -29, 
-9, -34, -24, 21, 7, -29, 19, -29, -48, -39, -29, -29, 
-9, -34, -24, 21, 7, -29, 19, -29, -53, -39, -29, -29, 
-9, -34, -24, 21, 7, -29, 19, -29, -53, -39, -29, -29, 
-9, -34, -24, 21, 7, -29, 19, -34, -53, -39, -29, -29, 
-9, -34, -24, 21, 7, -29, 19, -34, -58, -39, -29, -29, 
-9, -34, -24, 21, 7, -29, 19, -34, -58, -39, -29, -29, 
-9, -34, -24, 21, 7, -29, 19, -34, -58, -43, -29, -29, 
-9, -34, -24, 21, 7, -29, 14, -34, -58, -43, -29, -29, 
-9, -34, -24, 21, 7, -29, 14, -34, -63, -43, -29, -29, 
-9, -34, -24, 21, 7, -29, 14, -39, -63, -43, -29, -34, 
0, -34, -34, 17, 17, -34, 14, -39, -63, -43, -34, -34, 
0, -34, -34, 17, 17, -34, 14, -39, -63, -43, -34, -34, 
0, -34, -34, 17, 17, -34, 14, -39, -63, -48, -34, -34, 
0, -34, -34, 17, 17, -34, 14, -39, -63, -48, -34, -34, 
0, -29, -29, 14, 14, -29, 19, -39, -68, -53, -34, -34, 
0, -34, -34, 17, 17, -34, 19, -39, -63, -53, -34, -34, 
0, -39, -39, 19, 19, -39, 24, -39, -63, -53, -34, -34, 
0, -39, -39, 19, 19, -39, 24, -39, -63, -53, -39, -34, 
0, -39, -39, 19, 19, -39, 24, -39, -63, -53, -34, -34, 
0, -39, -39, 19, 19, -39, 29, -34, -63, -53, -29, -34, 
0, -39, -39, 19, 19, -39, 29, -34, -63, -53, -29, -34, 
0, -34, -34, 17, 17, -34, 29, -34, -63, -53, -29, -34, 
0, -34, -34, 17, 17, -34, 29, -34, -63, -53, -29, -34, 
0, -34, -34, 17, 17, -34, 29, -34, -63, -53, -29, -34, 
0, -34, -34, 17, 17, -34, 29, -34, -63, -53, -29, -34, 
4, -34, -39, 14, 21, -36, 29, -34, -63, -53, -29, -34, 
4, -34, -39, 14, 21, -36, 29, -34, -63, -53, -29, -34, 
0, -34, -34, 17, 17, -34, 24, -39, -68, -53, -34, -34, 
0, -39, -39, 19, 19, -39, 24, -39, -68, -58, -34, -34, 
0, -34, -34, 17, 17, -34, 24, -39, -68, -58, -34, -34, 
0, -34, -34, 17, 17, -34, 19, -39, -68, -58, -34, -34, 
0, -34, -34, 17, 17, -34, 19, -39, -68, -58, -34, -34, 
0, -34, -34, 17, 17, -34, 19, -39, -68, -58, -34, -34, 
0, -34, -34, 17, 17, -34, 19, -39, -68, -58, -34, -34, 
0, -34, -34, 17, 17, -34, 19, -39, -68, -58, -34, -34, 
0, -34, -34, 17, 17, -34, 24, -39, -68, -58, -34, -34, 
0, -34, -34, 17, 17, -34, 24, -39, -68, -58, -34, -34, 
-9, -34, -24, 21, 7, -29, 24, -39, -68, -58, -34, -34, 
-9, -34, -24, 21, 7, -29, 29, -39, -68, -58, -34, -34, 
-9, -34, -24, 21, 7, -29, 29, -39, -63, -58, -34, -34, 
-9, -34, -24, 21, 7, -29, 29, -39, -63, -53, -34, -34, 
-9, -34, -24, 21, 7, -29, 34, -39, -63, -53, -34, -34, 
-9, -34, -24, 21, 7, -29, 34, -39, -63, -53, -34, -34, 
-9, -34, -24, 21, 7, -29, 39, -39, -63, -53, -34, -34, 
-9, -29, -19, 19, 4, -24, 34, -39, -63, -53, -34, -34, 
0, -29, -29, 14, 14, -29, 34, -39, -63, -53, -34, -34, 
0, -29, -29, 14, 14, -29, 34, -39, -63, -53, -39, -34, 
0, -29, -29, 14, 14, -29, 34, -39, -63, -53, -39, -34, 
-9, -29, -19, 19, 4, -24, 34, -39, -63, -53, -39, -34, 
-9, -29, -19, 19, 4, -24, 29, -39, -63, -53, -39, -34, 
-9, -29, -19, 19, 4, -24, 29, -39, -63, -53, -39, -34, 
-9, -29, -19, 19, 4, -24, 29, -34, -68, -53, -39, -34, 
-9, -29, -19, 19, 4, -24, 29, -34, -68, -53, -39, -34, 
-9, -29, -19, 19, 4, -24, 24, -34, -68, -53, -39, -34, 
-9, -34, -24, 21, 7, -29, 24, -34, -68, -53, -39, -34, 
-9, -34, -24, 21, 7, -29, 19, -34, -68, -53, -39, -34, 
-14, -34, -19, 24, 2, -26, 19, -34, -68, -48, -39, -34, 
-14, -34, -19, 24, 2, -26, 19, -34, -68, -48, -39, -34, 
-14, -34, -19, 24, 2, -26, 19, -34, -68, -48, -39, -34, 
-9, -34, -24, 21, 7, -29, 19, -34, -68, -53, -39, -34, 
0, -34, -34, 17, 17, -34, 19, -29, -68, -53, -39, -34, 
0, -29, -29, 14, 14, -29, 19, -29, -68, -53, -39, -34, 
0, -29, -29, 14, 14, -29, 19, -29, -68, -53, -39, -34, 
0, -29, -29, 14, 14, -29, 19, -29, -68, -53, -39, -34, 
0, -29, -29, 14, 14, -29, 19, -29, -68, -53, -39, -34, 
0, -29, -29, 14, 14, -29, 19, -29, -68, -53, -39, -34, 
0, -29, -29, 14, 14, -29, 19, -29, -68, -53, -39, -34, 
-9, -34, -24, 21, 7, -29, 24, -29, -68, -53, -39, -34, 
-9, -34, -24, 21, 7, -29, 24, -29, -68, -58, -39, -34, 
-9, -34, -24, 21, 7, -29, 24, -29, -68, -58, -39, -34, 
-14, -39, -24, 26, 4, -31, 24, -34, -68, -58, -39, -34, 
-14, -39, -24, 26, 4, -31, 29, -34, -68, -58, -39, -34, 
-19, -39, -19, 29, 0, -29, 29, -34, -68, -58, -43, -39, 
-19, -43, -24, 31, 2, -34, 29, -34, -73, -58, -43, -39, 
-19, -43, -24, 31, 2, -34, 29, -34, -73, -63, -43, -39, 
-19, -43, -24, 31, 2, -34, 29, -34, -73, -63, -43, -39, 
-24, -48, -24, 36, 0, -36, 29, -34, -73, -63, -48, -39, 
-24, -48, -24, 36, 0, -36, 34, -34, -73, -63, -43, -39, 
-24, -48, -24, 36, 0, -36, 34, -34, -73, -63, -43, -39, 
-24, -48, -24, 36, 0, -36, 34, -34, -73, -63, -43, -39, 
-24, -48, -24, 36, 0, -36, 34, -34, -73, -58, -43, -43, 
-24, -48, -24, 36, 0, -36, 29, -34, -73, -58, -43, -43, 
-24, -48, -24, 36, 0, -36, 29, -34, -73, -58, -43, -43, 
-24, -48, -24, 36, 0, -36, 29, -34, -73, -58, -43, -43, 
-24, -48, -24, 36, 0, -36, 29, -34, -73, -58, -48, -43, 
-24, -48, -24, 36, 0, -36, 29, -34, -73, -58, -48, -39, 
-24, -48, -24, 36, 0, -36, 24, -34, -73, -58, -48, -39, 
-24, -48, -24, 36, 0, -36, 24, -34, -73, -58, -48, -39, 
-24, -48, -24, 36, 0, -36, 24, -34, -68, -58, -48, -39, 
-24, -48, -24, 36, 0, -36, 19, -34, -68, -58, -48, -39, 
-24, -43, -19, 34, -2, -31, 19, -34, -68, -58, -48, -39, 
-24, -43, -19, 34, -2, -31, 19, -34, -68, -58, -48, -39, 
-24, -39, -14, 31, -4, -26, 19, -34, -68, -58, -43, -39, 
-24, -39, -14, 31, -4, -26, 14, -34, -63, -53, -43, -39, 
-19, -34, -14, 26, -2, -24, 14, -29, -63, -53, -39, -34, 
-19, -29, -9, 24, -4, -19, 14, -29, -58, -48, -34, -34, 
-19, -24, -4, 21, -7, -14, 9, -29, -53, -43, -29, -29, 
-14, -19, -4, 17, -4, -12, 9, -24, -53, -39, -29, -29, 
-14, -14, 0, 14, -7, -7, 4, -24, -48, -39, -24, -24, 
-9, -9, 0, 9, -4, -4, 4, -24, -43, -34, -19, -24, 
-9, 0, 9, 4, -9, 4, 4, -19, -39, -29, -14, -19, 
0, 4, 4, -2, -2, 4, 0, -19, -34, -24, -9, -14, 
0, 9, 9, -4, -4, 9, 0, -19, -29, -19, -9, -14, 
4, 14, 9, -9, -2, 12, -9, -19, -24, -19, 0, -9, 
4, 19, 14, -12, -4, 17, -14, -19, -24, -14, 4, -9, 
9, 24, 14, -17, -2, 19, -14, -14, -19, -14, 4, -9, 
9, 24, 14, -17, -2, 19, -19, -14, -14, -9, 4, -9, 
14, 29, 14, -21, 0, 21, -19, -14, -14, -9, 4, -9, 
14, 29, 14, -21, 0, 21, -24, -14, -9, -9, 4, -9, 
19, 34, 14, -26, 2, 24, -29, -14, -9, 0, 4, 0, 
24, 39, 14, -31, 4, 26, -29, -14, 0, 0, 4, 0, 
24, 39, 14, -31, 4, 26, -34, -14, 0, 4, 9, 0, 
29, 43, 14, -36, 7, 29, -34, -14, 4, 4, 9, 4, 
29, 48, 19, -39, 4, 34, -39, -19, 4, 4, 14, 9, 
34, 53, 19, -43, 7, 36, -39, -19, 4, 9, 14, 9, 
34, 58, 24, -46, 4, 41, -43, -19, 9, 9, 19, 14, 
34, 53, 19, -43, 7, 36, -43, -19, 9, 14, 19, 19, 
39, 58, 19, -48, 9, 39, -43, -24, 9, 14, 24, 19, 
39, 58, 19, -48, 9, 39, -43, -24, 9, 14, 24, 24, 
39, 63, 24, -51, 7, 43, -43, -24, 14, 19, 29, 29, 
39, 68, 29, -53, 4, 48, -43, -29, 14, 24, 29, 34, 
39, 68, 29, -53, 4, 48, -43, -29, 14, 24, 34, 34, 
39, 68, 29, -53, 4, 48, -43, -29, 9, 24, 34, 34, 
39, 68, 29, -53, 4, 48, -43, -29, 9, 24, 34, 39, 
43, 63, 19, -53, 12, 41, -43, -29, 4, 19, 34, 39, 
43, 63, 19, -53, 12, 41, -43, -29, 4, 19, 34, 39, 
43, 58, 14, -51, 14, 36, -39, -29, 0, 19, 39, 39, 
48, 53, 4, -51, 21, 29, -39, -29, -9, 14, 34, 34, 
48, 48, 0, -48, 24, 24, -39, -29, -14, 9, 29, 34, 
48, 43, -4, -46, 26, 19, -39, -29, -19, 4, 24, 29, 
48, 39, -9, -43, 29, 14, -34, -29, -24, 0, 24, 24, 
48, 34, -14, -41, 31, 9, -34, -29, -34, -9, 19, 19, 
48, 24, -24, -36, 36, 0, -34, -29, -39, -14, 9, 14, 
43, 19, -24, -31, 34, -2, -29, -29, -43, -19, 4, 9, 
39, 14, -24, -26, 31, -4, -24, -29, -48, -24, 0, 9, 
34, 9, -24, -21, 29, -7, -24, -34, -53, -29, -9, 4, 
29, 0, -29, -14, 29, -14, -19, -34, -58, -34, -14, -9, 
24, -14, -39, -4, 31, -26, -14, -34, -63, -43, -19, -14, 
19, -19, -39, 0, 29, -29, -9, -39, -68, -48, -29, -19, 
9, -24, -34, 7, 21, -29, 4, -34, -68, -48, -34, -24, 
0, -34, -34, 17, 17, -34, 9, -34, -73, -53, -34, -29, 
-9, -39, -29, 24, 9, -34, 9, -34, -78, -58, -39, -34, 
-14, -43, -29, 29, 7, -36, 14, -39, -82, -63, -43, -39, 
-19, -53, -34, 36, 7, -43, 19, -39, -82, -68, -48, -39, 
-24, -58, -34, 41, 4, -46, 19, -43, -87, -68, -53, -43, 
-24, -63, -39, 43, 7, -51, 24, -43, -92, -73, -53, -48, 
-24, -68, -43, 46, 9, -56, 24, -43, -97, -78, -58, -48, 
-29, -73, -43, 51, 7, -58, 29, -43, -97, -78, -63, -53, 
-29, -73, -43, 51, 7, -58, 29, -43, -92, -78, -63, -53, 
-29, -78, -48, 53, 9, -63, 29, -43, -92, -78, -63, -53, 
-29, -73, -43, 51, 7, -58, 29, -43, -92, -78, -63, -53, 
-29, -73, -43, 51, 7, -58, 29, -43, -92, -78, -63, -53, 
-29, -73, -43, 51, 7, -58, 29, -43, -92, -78, -63, -53, 
-29, -73, -43, 51, 7, -58, 29, -43, -92, -82, -58, -53, 
-29, -73, -43, 51, 7, -58, 34, -43, -92, -82, -58, -53, 
-29, -68, -39, 48, 4, -53, 34, -39, -92, -82, -58, -53, 
-29, -68, -39, 48, 4, -53, 34, -39, -87, -82, -58, -53, 
-29, -68, -39, 48, 4, -53, 34, -39, -87, -78, -58, -53, 
-29, -68, -39, 48, 4, -53, 34, -39, -87, -78, -58, -53, 
-29, -73, -43, 51, 7, -58, 39, -43, -87, -78, -58, -53, 
-29, -73, -43, 51, 7, -58, 39, -43, -87, -78, -63, -53, 
-29, -73, -43, 51, 7, -58, 39, -43, -87, -82, -63, -58, 
-29, -73, -43, 51, 7, -58, 39, -43, -87, -82, -63, -58, 
-29, -73, -43, 51, 7, -58, 43, -43, -87, -82, -63, -58, 
-29, -73, -43, 51, 7, -58, 43, -43, -87, -82, -63, -58, 
-24, -73, -48, 48, 12, -61, 43, -43, -87, -82, -63, -58, 
-24, -68, -43, 46, 9, -56, 43, -43, -87, -82, -63, -58, 
-29, -68, -39, 48, 4, -53, 43, -43, -87, -82, -63, -58, 
-29, -73, -43, 51, 7, -58, 43, -43, -87, -82, -63, -58, 
-24, -73, -48, 48, 12, -61, 43, -43, -92, -82, -63, -58, 
-24, -73, -48, 48, 12, -61, 43, -43, -92, -82, -63, -63, 
-29, -73, -43, 51, 7, -58, 43, -43, -92, -82, -63, -63, 
-29, -73, -43, 51, 7, -58, 43, -43, -92, -82, -63, -63, 
-29, -73, -43, 51, 7, -58, 48, -43, -92, -82, -63, -58, 
-29, -73, -43, 51, 7, -58, 48, -43, -92, -78, -63, -58, 
-34, -78, -43, 56, 4, -61, 48, -48, -92, -78, -63, -58, 
-34, -78, -43, 56, 4, -61, 48, -48, -92, -78, -68, -58, 
-34, -78, -43, 56, 4, -61, 48, -48, -92, -78, -68, -58, 
-34, -82, -48, 58, 7, -65, 48, -48, -87, -78, -68, -58, 
-34, -82, -48, 58, 7, -65, 53, -48, -87, -73, -68, -58, 
-34, -78, -43, 56, 4, -61, 53, -48, -87, -73, -68, -58, 
-34, -78, -43, 56, 4, -61, 48, -43, -87, -73, -68, -58, 
-39, -82, -43, 61, 2, -63, 43, -43, -82, -78, -68, -63, 
-39, -82, -43, 61, 2, -63, 43, -43, -82, -73, -68, -63, 
-34, -82, -48, 58, 7, -65, 39, -43, -82, -73, -68, -58, 
-34, -82, -48, 58, 7, -65, 43, -43, -82, -73, -68, -63, 
-34, -82, -48, 58, 7, -65, 39, -43, -82, -78, -68, -63, 
-34, -82, -48, 58, 7, -65, 43, -48, -87, -78, -73, -63, 
-34, -82, -48, 58, 7, -65, 43, -53, -87, -82, -73, -63, 
-39, -78, -39, 58, 0, -58, 43, -53, -82, -78, -78, -63, 
-43, -78, -34, 61, -4, -56, 43, -53, -73, -73, -73, -63, 
-48, -68, -19, 58, -14, -43, 39, -63, -63, -73, -73, -68, 
-53, -63, -9, 58, -21, -36, 43, -58, -48, -68, -78, -73, 
-63, -73, -9, 68, -26, -41, 53, -43, -14, -58, -78, -78, 
-58, -68, -9, 63, -24, -39, 58, -19, 29, -48, -78, -87, 
-53, -68, -14, 61, -19, -41, 68, 29, 78, -29, -73, -92, 
-48, -73, -24, 61, -12, -48, 82, 68, 122, -9, -73, -97, 
-48, -78, -29, 63, -9, -53, 92, 112, 170, 14, -63, -97, 
-39, -68, -29, 53, -4, -48, 87, 151, 219, 58, -39, -87, 
-9, -53, -43, 31, 17, -48, 82, 190, 263, 117, 9, -58, 
29, -48, -78, 9, 53, -63, 78, 244, 312, 185, 68, -29, 
63, -48, -112, -7, 87, -80, 78, 292, 366, 253, 117, 4, 
97, -19, -117, -39, 107, -68, 53, 302, 409, 336, 180, 53, 
141, 43, -97, -92, 119, -26, 9, 283, 409, 439, 283, 136, 
180, 126, -53, -153, 117, 36, -58, 234, 380, 536, 395, 234, 
204, 190, -14, -197, 109, 87, -112, 180, 375, 653, 502, 322, 
224, 258, 34, -241, 95, 146, -156, 151, 395, 775, 624, 419, 
253, 341, 87, -297, 82, 214, -200, 122, 390, 858, 722, 517, 
268, 429, 161, -348, 53, 295, -248, 63, 322, 858, 775, 595, 
263, 483, 219, -373, 21, 351, -283, -34, 195, 766, 775, 649, 
248, 497, 248, -373, 0, 373, -297, -122, 78, 649, 732, 663, 
224, 473, 248, -348, -12, 361, -292, -185, 4, 512, 649, 644, 
195, 380, 185, -287, 4, 283, -273, -234, -107, 302, 483, 561, 
151, 297, 146, -224, 2, 222, -248, -302, -283, 78, 312, 468, 
102, 253, 151, -178, -24, 202, -234, -414, -488, -97, 190, 390, 
53, 180, 126, -117, -36, 153, -214, -512, -697, -268, 53, 297, 
4, 63, 58, -34, -26, 61, -165, -556, -893, -483, -122, 161, 
-24, -39, -14, 31, -4, -26, -126, -566, -1029, -644, -263, 63, 
-29, -73, -43, 51, 7, -58, -112, -546, -1068, -673, -292, 29, 
-34, -68, -34, 51, 0, -51, -97, -478, -995, -629, -268, 24, 
-29, -82, -53, 56, 12, -68, -73, -385, -878, -561, -253, 9, 
-14, -122, -107, 68, 46, -114, -34, -312, -790, -522, -258, -29, 
0, -156, -156, 78, 78, -156, 4, -244, -717, -492, -263, -63, 
4, -175, -180, 85, 92, -178, 29, -180, -634, -453, -258, -82, 
0, -185, -185, 92, 92, -185, 43, -126, -546, -395, -244, -97, 
4, -185, -190, 90, 97, -187, 43, -82, -468, -351, -229, -107, 
0, -180, -180, 90, 90, -180, 53, -48, -405, -312, -214, -102, 
0, -175, -175, 87, 87, -175, 58, -24, -336, -278, -190, -97, 
0, -156, -156, 78, 78, -156, 58, -9, -278, -234, -165, -92, 
4, -126, -131, 61, 68, -129, 53, 4, -214, -185, -136, -82, 
4, -102, -107, 48, 56, -104, 48, 14, -156, -141, -112, -68, 
4, -87, -92, 41, 48, -90, 48, 24, -112, -107, -97, -58, 
4, -82, -87, 39, 46, -85, 43, 29, -87, -87, -87, -53, 
0, -73, -73, 36, 36, -73, 39, 29, -78, -78, -78, -48, 
-19, -73, -53, 46, 17, -63, 39, 19, -73, -73, -73, -48, 
-19, -63, -43, 41, 12, -53, 34, 14, -68, -68, -68, -48, 
-24, -63, -39, 43, 7, -51, 39, 14, -58, -63, -68, -43, 
-24, -68, -43, 46, 9, -56, 39, 9, -48, -63, -68, -43, 
-19, -63, -43, 41, 12, -53, 39, 9, -39, -63, -73, -43, 
-19, -58, -39, 39, 9, -48, 34, 9, -29, -58, -73, -53, 
-19, -58, -39, 39, 9, -48, 34, 14, -24, -53, -68, -48, 
-24, -63, -39, 43, 7, -51, 29, 9, -29, -48, -63, -53, 
-24, -63, -39, 43, 7, -51, 29, 9, -24, -43, -58, -53, 
-29, -68, -39, 48, 4, -53, 29, 9, -29, -48, -53, -53, 
-29, -68, -39, 48, 4, -53, 34, 9, -24, -48, -58, -53, 
-29, -63, -34, 46, 2, -48, 39, 9, -24, -43, -58, -48, 
-24, -58, -34, 41, 4, -46, 34, 9, -19, -43, -63, -48, 
-19, -63, -43, 41, 12, -53, 34, 14, -14, -48, -63, -48, 
-24, -58, -34, 41, 4, -46, 34, 9, -9, -48, -58, -48, 
-24, -63, -39, 43, 7, -51, 29, 14, 0, -43, -58, -53, 
-24, -58, -34, 41, 4, -46, 34, 14, 4, -39, -53, -48, 
-19, -53, -34, 36, 7, -43, 39, 14, 9, -34, -48, -48, 
-19, -48, -29, 34, 4, -39, 39, 14, 9, -24, -48, -43, 
-19, -48, -29, 34, 4, -39, 34, 14, 9, -24, -43, -43, 
-29, -53, -24, 41, -2, -39, 34, 14, 9, -24, -43, -39, 
-34, -53, -19, 43, -7, -36, 34, 14, 4, -29, -43, -43, 
-39, -58, -19, 48, -9, -39, 39, 9, 0, -34, -48, -43, 
-34, -63, -29, 48, -2, -46, 39, 14, 4, -39, -48, -43, 
-29, -48, -19, 39, -4, -34, 34, 14, 9, -34, -48, -43, 
-19, -48, -29, 34, 4, -39, 34, 24, 19, -34, -48, -43, 
-19, -48, -29, 34, 4, -39, 29, 24, 24, -29, -43, -48, 
-24, -48, -24, 36, 0, -36, 29, 24, 24, -24, -43, -48, 
-19, -43, -24, 31, 2, -34, 24, 24, 24, -19, -39, -48, 
-29, -43, -14, 36, -7, -29, 24, 24, 19, -19, -34, -43, 
-29, -43, -14, 36, -7, -29, 29, 24, 19, -19, -34, -39, 
-29, -43, -14, 36, -7, -29, 24, 24, 19, -19, -39, -39, 
-19, -43, -24, 31, 2, -34, 24, 29, 19, -19, -43, -43, 
-19, -34, -14, 26, -2, -24, 24, 29, 24, -24, -43, -43, 
-19, -34, -14, 26, -2, -24, 24, 34, 39, -24, -43, -43, 
-14, -29, -14, 21, 0, -21, 24, 34, 43, -19, -43, -43, 
-14, -29, -14, 21, 0, -21, 24, 34, 48, -19, -34, -43, 
-19, -34, -14, 26, -2, -24, 29, 34, 43, -14, -34, -39, 
-19, -29, -9, 24, -4, -19, 29, 39, 43, 0, -29, -34, 
-14, -19, -4, 17, -4, -12, 29, 39, 43, 0, -24, -29, 
-14, -19, -4, 17, -4, -12, 29, 39, 48, 4, -24, -29, 
-19, -24, -4, 21, -7, -14, 29, 43, 48, 0, -29, -29, 
-19, -24, -4, 21, -7, -14, 24, 39, 48, -9, -29, -29, 
-24, -24, 0, 24, -12, -12, 19, 39, 53, -14, -34, -34, 
-24, -29, -4, 26, -9, -17, 24, 39, 58, -14, -34, -34, 
-19, -24, -4, 21, -7, -14, 29, 43, 63, -9, -34, -34, 
-24, -19, 4, 21, -14, -7, 29, 43, 73, 4, -29, -29, 
-14, -19, -4, 17, -4, -12, 29, 43, 73, 9, -24, -29, 
-14, -14, 0, 14, -7, -7, 24, 43, 73, 14, -19, -24, 
-9, -9, 0, 9, -4, -4, 24, 48, 73, 14, 0, -24, 
-9, -9, 0, 9, -4, -4, 19, 43, 73, 19, 0, -19, 
-9, 0, 9, 4, -9, 4, 19, 48, 73, 19, 0, -19, 
0, 0, 0, 0, 0, 0, 24, 43, 78, 9, -9, -19, 
-9, -9, 0, 9, -4, -4, 19, 48, 78, 9, -14, -24, 
-14, -14, 0, 14, -7, -7, 14, 48, 87, 9, -14, -29, 
-19, -14, 4, 17, -12, -4, 14, 48, 92, 14, -14, -29, 
-14, -9, 4, 12, -9, -2, 14, 53, 97, 19, -9, -24, 
-14, 0, 14, 7, -14, 7, 14, 53, 102, 24, 4, -24, 
-19, 0, 19, 9, -19, 9, 19, 53, 102, 29, 0, -24, 
-9, 9, 19, 0, -14, 14, 19, 58, 102, 34, 4, -19, 
0, 14, 14, -7, -7, 14, 14, 58, 107, 34, 9, -14, 
0, 14, 14, -7, -7, 14, 14, 63, 107, 24, 9, -14, 
-14, 9, 24, 2, -19, 17, 9, 58, 112, 19, 4, -14, 
-19, 4, 24, 7, -21, 14, 9, 63, 117, 24, 4, -9, 
-14, 4, 19, 4, -17, 12, 9, 68, 122, 29, 9, -14, 
-19, 4, 24, 7, -21, 14, 4, 68, 131, 29, 9, -19, 
-19, 4, 24, 7, -21, 14, 14, 73, 141, 39, 14, -9, 
-14, 4, 19, 4, -17, 12, 19, 73, 146, 43, 19, 0, 
-9, 9, 19, 0, -14, 14, 14, 78, 146, 53, 19, 0, 
-9, 14, 24, -2, -17, 19, 14, 78, 146, 53, 24, 0, 
-9, 24, 34, -7, -21, 29, 14, 82, 146, 58, 29, 9, 
0, 24, 24, -12, -12, 24, 4, 82, 151, 63, 29, 9, 
0, 29, 29, -14, -14, 29, 4, 87, 156, 63, 29, 9, 
4, 34, 29, -19, -12, 31, 9, 92, 165, 63, 24, 14, 
14, 39, 24, -26, -4, 31, 4, 102, 175, 68, 29, 14, 
19, 39, 19, -29, 0, 29, 4, 107, 190, 78, 34, 14, 
9, 48, 39, -29, -14, 43, 4, 112, 195, 87, 43, 24, 
4, 43, 39, -24, -17, 41, 0, 112, 209, 92, 43, 24, 
0, 43, 43, -21, -21, 43, 0, 117, 214, 102, 53, 19, 
0, 43, 43, -21, -21, 43, 0, 117, 214, 102, 53, 24, 
4, 53, 48, -29, -21, 51, 4, 122, 219, 102, 53, 29, 
14, 63, 48, -39, -17, 56, 4, 126, 224, 107, 58, 34, 
24, 73, 48, -48, -12, 61, 4, 131, 234, 112, 63, 39, 
24, 78, 53, -51, -14, 65, 4, 141, 244, 122, 68, 43, 
24, 82, 58, -53, -17, 70, 0, 146, 253, 126, 73, 48, 
24, 87, 63, -56, -19, 75, -9, 151, 263, 136, 78, 48, 
24, 87, 63, -56, -19, 75, -14, 151, 273, 141, 82, 48, 
29, 92, 63, -61, -17, 78, -9, 156, 278, 146, 87, 53, 
29, 102, 73, -65, -21, 87, -14, 156, 287, 156, 97, 58, 
34, 112, 78, -73, -21, 95, -19, 161, 292, 161, 102, 63, 
34, 112, 78, -73, -21, 95, -24, 161, 297, 165, 107, 63, 
24, 112, 87, -68, -31, 100, -24, 165, 302, 170, 112, 68, 
29, 122, 92, -75, -31, 107, -19, 165, 312, 175, 117, 73, 
34, 131, 97, -82, -31, 114, -19, 175, 322, 185, 122, 82, 
39, 141, 102, -90, -31, 122, -19, 180, 341, 195, 122, 82, 
34, 146, 112, -90, -39, 129, -24, 180, 346, 204, 131, 87, 
34, 151, 117, -92, -41, 134, -34, 185, 361, 214, 131, 92, 
39, 151, 112, -95, -36, 131, -39, 190, 361, 224, 146, 97, 
39, 161, 122, -100, -41, 141, -43, 190, 366, 234, 156, 107, 
43, 170, 126, -107, -41, 148, -43, 195, 370, 239, 161, 112, 
53, 180, 126, -117, -36, 153, -43, 195, 375, 244, 165, 122, 
53, 185, 131, -119, -39, 158, -43, 209, 380, 248, 175, 126, 
48, 190, 141, -119, -46, 165, -43, 209, 385, 253, 180, 131, 
48, 190, 141, -119, -46, 165, -43, 214, 390, 258, 180, 136, 
43, 190, 146, -117, -51, 168, -48, 209, 400, 258, 185, 131, 
48, 204, 156, -126, -53, 180, -53, 209, 409, 273, 190, 136, 
53, 209, 156, -131, -51, 183, -53, 209, 424, 278, 204, 141, 
58, 219, 161, -139, -51, 190, -48, 214, 424, 287, 209, 146, 
58, 224, 165, -141, -53, 195, -58, 214, 419, 292, 219, 151, 
58, 229, 170, -143, -56, 200, -63, 209, 419, 292, 219, 151, 
58, 239, 180, -148, -61, 209, -63, 214, 419, 302, 224, 165, 
63, 244, 180, -153, -58, 212, -68, 209, 414, 302, 234, 165, 
63, 244, 180, -153, -58, 212, -68, 204, 414, 307, 239, 170, 
68, 248, 180, -158, -56, 214, -68, 209, 419, 307, 244, 180, 
78, 258, 180, -168, -51, 219, -73, 209, 424, 317, 244, 180, 
73, 263, 190, -168, -58, 226, -82, 204, 424, 322, 244, 185, 
73, 263, 190, -168, -58, 226, -87, 190, 419, 322, 248, 185, 
73, 263, 190, -168, -58, 226, -97, 185, 414, 326, 248, 185, 
78, 278, 200, -178, -61, 239, -97, 180, 400, 322, 258, 190, 
82, 278, 195, -180, -56, 236, -102, 170, 395, 326, 263, 195, 
82, 278, 195, -180, -56, 236, -107, 161, 380, 317, 258, 204, 
82, 278, 195, -180, -56, 236, -112, 156, 370, 312, 258, 195, 
78, 273, 195, -175, -58, 234, -107, 146, 351, 297, 253, 190, 
68, 263, 195, -165, -63, 229, -102, 136, 341, 292, 244, 190, 
68, 253, 185, -161, -58, 219, -102, 126, 326, 283, 239, 185, 
58, 244, 185, -151, -63, 214, -97, 117, 317, 268, 224, 170, 
58, 234, 175, -146, -58, 204, -92, 107, 297, 258, 214, 165, 
53, 214, 161, -134, -53, 187, -87, 92, 278, 248, 204, 161, 
48, 204, 156, -126, -53, 180, -87, 82, 258, 234, 195, 151, 
39, 185, 146, -112, -53, 165, -82, 73, 234, 219, 185, 146, 
29, 165, 136, -97, -53, 151, -78, 63, 214, 195, 170, 131, 
29, 161, 131, -95, -51, 146, -68, 58, 195, 180, 161, 122, 
24, 151, 126, -87, -51, 139, -63, 53, 180, 161, 146, 112, 
24, 131, 107, -78, -41, 119, -63, 39, 165, 146, 131, 107, 
9, 117, 107, -63, -48, 112, -58, 34, 146, 131, 117, 92, 
9, 107, 97, -58, -43, 102, -53, 29, 131, 117, 107, 82, 
0, 97, 97, -48, -48, 97, -48, 19, 122, 107, 87, 73, 
0, 82, 82, -41, -41, 82, -53, 14, 107, 87, 73, 63, 
-9, 78, 87, -34, -48, 82, -48, 9, 92, 78, 63, 53, 
-14, 68, 82, -26, -48, 75, -43, 4, 73, 68, 58, 43, 
-24, 53, 78, -14, -51, 65, -43, -14, 58, 48, 48, 39, 
-24, 43, 68, -9, -46, 56, -39, -19, 43, 39, 39, 29, 
-29, 39, 68, -4, -48, 53, -34, -24, 29, 29, 29, 19, 
-19, 34, 53, -7, -36, 43, -24, -24, 29, 19, 14, 14, 
-19, 29, 48, -4, -34, 39, -29, -24, 29, 9, 9, 9, 
-19, 24, 43, -2, -31, 34, -34, -24, 19, 4, 4, 4, 
-24, 14, 39, 4, -31, 26, -34, -29, 4, -9, -9, -9, 
-29, 9, 39, 9, -34, 24, -39, -29, 0, -14, -14, -14, 
-29, 4, 34, 12, -31, 19, -39, -29, -9, -19, -19, -24, 
-34, 0, 34, 17, -34, 17, -39, -34, -19, -24, -19, -24, 
-29, -9, 19, 19, -24, 4, -34, -39, -24, -29, -24, -24, 
-24, 0, 24, 12, -24, 12, -29, -34, -29, -29, -19, -24, 
-14, 0, 14, 7, -14, 7, -29, -34, -29, -34, -24, -24, 
-24, -9, 14, 17, -19, 2, -24, -39, -34, -39, -24, -24, 
-19, -9, 9, 14, -14, 0, -19, -34, -34, -43, -29, -29, 
-19, -19, 0, 19, -9, -9, -19, -34, -34, -48, -34, -29, 
-29, -29, 0, 29, -14, -14, -9, -43, -43, -53, -39, -39, 
-29, -34, -4, 31, -12, -19, -9, -43, -43, -53, -39, -39, 
-29, -34, -4, 31, -12, -19, -9, -39, -43, -53, -39, -39, 
-34, -34, 0, 34, -17, -17, -9, -39, -43, -53, -39, -39, 
-34, -34, 0, 34, -17, -17, -9, -39, -48, -53, -39, -39, 
-34, -34, 0, 34, -17, -17, -14, -39, -48, -53, -39, -39, 
-34, -34, 0, 34, -17, -17, -14, -39, -48, -53, -39, -39, 
-34, -34, 0, 34, -17, -17, -14, -39, -48, -53, -43, -39, 
-39, -39, 0, 39, -19, -19, -14, -43, -48, -53, -43, -39, 
-39, -39, 0, 39, -19, -19, -19, -43, -48, -53, -43, -39, 
-43, -43, 0, 43, -21, -21, -19, -43, -48, -58, -43, -39, 
-48, -43, 4, 46, -26, -19, -19, -43, -53, -58, -43, -43, 
-48, -43, 4, 46, -26, -19, -19, -43, -53, -58, -43, -43, 
-48, -43, 4, 46, -26, -19, -19, -43, -53, -58, -43, -43, 
-48, -43, 4, 46, -26, -19, -14, -43, -53, -58, -43, -43, 
-48, -43, 4, 46, -26, -19, -14, -43, -48, -58, -43, -43, 
-48, -43, 4, 46, -26, -19, -14, -43, -53, -58, -43, -43, 
-48, -43, 4, 46, -26, -19, -14, -43, -53, -58, -48, -43, 
-48, -43, 4, 46, -26, -19, -9, -43, -53, -58, -48, -43, 
-48, -43, 4, 46, -26, -19, -9, -43, -53, -58, -48, -43, 
-48, -43, 4, 46, -26, -19, -9, -43, -53, -58, -48, -43, 
-43, -43, 0, 43, -21, -21, -9, -39, -53, -58, -48, -43, 
-43, -39, 4, 41, -24, -17, -9, -39, -53, -58, -48, -43, 
-39, -39, 0, 39, -19, -19, -9, -39, -53, -58, -48, -43, 
-39, -39, 0, 39, -19, -19, -14, -34, -53, -58, -48, -43, 
-39, -39, 0, 39, -19, -19, -9, -34, -53, -53, -48, -43, 
-34, -39, -4, 36, -14, -21, -9, -34, -53, -53, -48, -43, 
-34, -39, -4, 36, -14, -21, -9, -34, -53, -58, -48, -48, 
-34, -39, -4, 36, -14, -21, -9, -34, -53, -58, -53, -48, 
-34, -39, -4, 36, -14, -21, -9, -34, -53, -53, -53, -43, 
-34, -34, 0, 34, -17, -17, -9, -34, -53, -53, -53, -48, 
-34, -39, -4, 36, -14, -21, -9, -34, -53, -58, -53, -48, 
-29, -39, -9, 34, -9, -24, -9, -34, -53, -58, -53, -48, 
-29, -39, -9, 34, -9, -24, 0, -34, -53, -58, -53, -48, 
-29, -39, -9, 34, -9, -24, 0, -34, -53, -58, -53, -43, 
-34, -39, -4, 36, -14, -21, 0, -34, -53, -58, -53, -43, 
-34, -43, -9, 39, -12, -26, 4, -34, -53, -58, -53, -43, 
-29, -43, -14, 36, -7, -29, 4, -39, -53, -58, -53, -43, 
-29, -43, -14, 36, -7, -29, 4, -39, -53, -63, -53, -43, 
-29, -39, -9, 34, -9, -24, 4, -39, -53, -63, -53, -43, 
-24, -39, -14, 31, -4, -26, 0, -39, -53, -63, -53, -43, 
-24, -39, -14, 31, -4, -26, 0, -34, -53, -63, -53, -43, 
-24, -39, -14, 31, -4, -26, 0, -34, -53, -63, -53, -43, 
-24, -39, -14, 31, -4, -26, 0, -34, -53, -63, -53, -43, 
-24, -39, -14, 31, -4, -26, 0, -34, -53, -58, -48, -43, 
-24, -39, -14, 31, -4, -26, 4, -34, -53, -58, -48, -43, 
-24, -39, -14, 31, -4, -26, 0, -34, -53, -58, -48, -43, 
-24, -39, -14, 31, -4, -26, 0, -34, -53, -58, -48, -39, 
-24, -39, -14, 31, -4, -26, 0, -34, -58, -58, -48, -39, 
-24, -39, -14, 31, -4, -26, 0, -29, -53, -58, -48, -39, 
-24, -43, -19, 34, -2, -31, 0, -29, -53, -58, -48, -39, 
-24, -43, -19, 34, -2, -31, 0, -29, -53, -58, -48, -39, 
-24, -43, -19, 34, -2, -31, 0, -29, -53, -53, -48, -39, 
-29, -39, -9, 34, -9, -24, 0, -29, -53, -53, -43, -39, 
-29, -39, -9, 34, -9, -24, 0, -29, -53, -53, -43, -39, 
-24, -39, -14, 31, -4, -26, 0, -29, -48, -53, -43, -39, 
-24, -34, -9, 29, -7, -21, 0, -24, -48, -53, -43, -39, 
-19, -34, -14, 26, -2, -24, 0, -24, -48, -53, -43, -39, 
-19, -29, -9, 24, -4, -19, 0, -24, -48, -48, -43, -34, 
-19, -24, -4, 21, -7, -14, 0, -24, -48, -48, -43, -34, 
-14, -24, -9, 19, -2, -17, 4, -24, -48, -48, -43, -34, 
-9, -19, -9, 14, 0, -14, 4, -19, -48, -48, -43, -34, 
-9, -19, -9, 14, 0, -14, 4, -19, -48, -48, -43, -34, 
-9, -14, -4, 12, -2, -9, 4, -19, -48, -48, -43, -34, 
-9, -19, -9, 14, 0, -14, 4, -19, -48, -48, -43, -34, 
-9, -19, -9, 14, 0, -14, 4, -19, -48, -48, -43, -34, 
-14, -24, -9, 19, -2, -17, 4, -19, -48, -53, -43, -39, 
-14, -29, -14, 21, 0, -21, 4, -19, -53, -53, -43, -39, 
-19, -29, -9, 24, -4, -19, 4, -24, -53, -53, -39, -39, 
-24, -34, -9, 29, -7, -21, 4, -19, -53, -53, -39, -34, 
-24, -34, -9, 29, -7, -21, 4, -19, -53, -53, -39, -39, 
-29, -39, -9, 34, -9, -24, 9, -19, -53, -53, -34, -39, 
-29, -43, -14, 36, -7, -29, 9, -19, -53, -53, -34, -34, 
-34, -43, -9, 39, -12, -26, 9, -19, -53, -53, -34, -34, 
-34, -48, -14, 41, -9, -31, 9, -24, -53, -53, -34, -34, 
-34, -48, -14, 41, -9, -31, 14, -24, -53, -48, -34, -34, 
-34, -53, -19, 43, -7, -36, 19, -24, -53, -48, -29, -34, 
-29, -53, -24, 41, -2, -39, 19, -24, -53, -48, -29, -34, 
-29, -53, -24, 41, -2, -39, 19, -24, -53, -48, -29, -34, 
-24, -48, -24, 36, 0, -36, 19, -24, -58, -48, -29, -34, 
-24, -48, -24, 36, 0, -36, 19, -24, -58, -48, -29, -34, 
-19, -48, -29, 34, 4, -39, 19, -24, -58, -48, -29, -34, 
-19, -43, -24, 31, 2, -34, 19, -24, -53, -48, -29, -34, 
-14, -43, -29, 29, 7, -36, 19, -24, -53, -48, -29, -34, 
-14, -39, -24, 26, 4, -31, 19, -24, -53, -48, -29, -34, 
-14, -39, -24, 26, 4, -31, 19, -24, -53, -48, -29, -34, 
-14, -39, -24, 26, 4, -31, 19, -24, -53, -48, -29, -34, 
-14, -39, -24, 26, 4, -31, 19, -24, -53, -48, -29, -34, 
-14, -39, -24, 26, 4, -31, 14, -24, -58, -48, -29, -34, 
-14, -39, -24, 26, 4, -31, 14, -24, -58, -48, -29, -34, 
-14, -39, -24, 26, 4, -31, 9, -24, -58, -48, -29, -34, 
-14, -39, -24, 26, 4, -31, 9, -24, -58, -48, -29, -34, 
-14, -39, -24, 26, 4, -31, 9, -24, -58, -48, -29, -34, 
-14, -43, -29, 29, 7, -36, 14, -24, -58, -48, -29, -34, 
-14, -43, -29, 29, 7, -36, 14, -24, -63, -48, -29, -34, 
-14, -43, -29, 29, 7, -36, 14, -29, -63, -48, -34, -34, 
-14, -43, -29, 29, 7, -36, 14, -24, -63, -48, -34, -34, 
-9, -43, -34, 26, 12, -39, 9, -24, -63, -53, -34, -34, 
-9, -43, -34, 26, 12, -39, 9, -24, -63, -53, -34, -34, 
0, -43, -43, 21, 21, -43, 9, -24, -63, -53, -34, -34, 
0, -43, -43, 21, 21, -43, 14, -24, -63, -53, -34, -34, 
0, -43, -43, 21, 21, -43, 14, -24, -63, -53, -34, -34, 
0, -43, -43, 21, 21, -43, 14, -24, -63, -48, -34, -34, 
0, -39, -39, 19, 19, -39, 14, -24, -63, -48, -34, -39, 
0, -43, -43, 21, 21, -43, 14, -24, -63, -48, -34, -34, 
0, -43, -43, 21, 21, -43, 14, -24, -63, -48, -34, -34, 
0, -43, -43, 21, 21, -43, 14, -24, -63, -48, -34, -34, 
-9, -43, -34, 26, 12, -39, 14, -24, -63, -48, -34, -34, 
-9, -43, -34, 26, 12, -39, 14, -24, -63, -48, -34, -34, 
-9, -48, -39, 29, 14, -43, 14, -24, -63, -48, -34, -34, 
-14, -48, -34, 31, 9, -41, 14, -29, -63, -53, -39, -39, 
-14, -48, -34, 31, 9, -41, 14, -29, -63, -53, -39, -39, 
-14, -48, -34, 31, 9, -41, 14, -29, -63, -53, -39, -39, 
-14, -48, -34, 31, 9, -41, 14, -29, -63, -48, -39, -39, 
-14, -48, -34, 31, 9, -41, 14, -29, -63, -48, -39, -39, 
-14, -48, -34, 31, 9, -41, 14, -29, -63, -48, -39, -39, 
-14, -48, -34, 31, 9, -41, 14, -29, -63, -53, -39, -39, 
-19, -48, -29, 34, 4, -39, 14, -29, -63, -53, -43, -39, 
-19, -48, -29, 34, 4, -39, 14, -29, -63, -53, -39, -39, 
-19, -53, -34, 36, 7, -43, 14, -29, -63, -53, -39, -43, 
-19, -53, -34, 36, 7, -43, 14, -29, -63, -53, -39, -43, 
-19, -53, -34, 36, 7, -43, 14, -29, -63, -53, -39, -43, 
-19, -53, -34, 36, 7, -43, 14, -29, -63, -53, -39, -43, 
-24, -53, -29, 39, 2, -41, 14, -29, -63, -48, -39, -39, 
-24, -53, -29, 39, 2, -41, 19, -29, -63, -48, -39, -39, 
-29, -58, -29, 43, 0, -43, 19, -29, -63, -48, -39, -39, 
-29, -58, -29, 43, 0, -43, 19, -29, -63, -48, -39, -39, 
-29, -58, -29, 43, 0, -43, 19, -29, -63, -48, -39, -39, 
-29, -58, -29, 43, 0, -43, 19, -29, -63, -48, -39, -39, 
-29, -53, -24, 41, -2, -39, 19, -29, -63, -48, -34, -39, 
-29, -53, -24, 41, -2, -39, 19, -29, -58, -48, -34, -39, 
-29, -53, -24, 41, -2, -39, 19, -29, -58, -48, -34, -39, 
-24, -53, -29, 39, 2, -41, 19, -29, -58, -43, -34, -39, 
-24, -53, -29, 39, 2, -41, 19, -29, -58, -43, -34, -34, 
-24, -53, -29, 39, 2, -41, 19, -29, -53, -43, -34, -34, 
-24, -48, -24, 36, 0, -36, 19, -29, -53, -43, -34, -34, 
-19, -48, -29, 34, 4, -39, 19, -29, -58, -43, -34, -34, 
-19, -48, -29, 34, 4, -39, 19, -29, -53, -43, -34, -34, 
-19, -48, -29, 34, 4, -39, 19, -29, -53, -43, -34, -34, 
-14, -43, -29, 29, 7, -36, 19, -24, -53, -43, -29, -34, 
-14, -43, -29, 29, 7, -36, 19, -24, -53, -39, -29, -34, 
-14, -43, -29, 29, 7, -36, 19, -24, -53, -39, -29, -34, 
-14, -39, -24, 26, 4, -31, 19, -19, -53, -39, -29, -29, 
-14, -39, -24, 26, 4, -31, 19, -19, -53, -39, -29, -29, 
-14, -43, -29, 29, 7, -36, 19, -19, -53, -39, -29, -29, 
-14, -43, -29, 29, 7, -36, 24, -19, -53, -39, -29, -29, 
-14, -43, -29, 29, 7, -36, 24, -19, -53, -39, -29, -29, 
-14, -48, -34, 31, 9, -41, 24, -19, -53, -39, -29, -29, 
-14, -48, -34, 31, 9, -41, 24, -24, -53, -39, -24, -29, 
-14, -48, -34, 31, 9, -41, 24, -19, -53, -39, -24, -29, 
-14, -48, -34, 31, 9, -41, 29, -24, -53, -39, -29, -29, 
-14, -48, -34, 31, 9, -41, 29, -24, -53, -39, -29, -34, 
-14, -48, -34, 31, 9, -41, 29, -24, -53, -39, -29, -29, 
-9, -48, -39, 29, 14, -43, 29, -24, -53, -39, -29, -29, 
-9, -48, -39, 29, 14, -43, 29, -24, -53, -39, -29, -34, 
-9, -48, -39, 29, 14, -43, 24, -24, -53, -39, -29, -34, 
-9, -48, -39, 29, 14, -43, 24, -24, -53, -39, -29, -34, 
-9, -48, -39, 29, 14, -43, 29, -24, -53, -39, -29, -34, 
-9, -48, -39, 29, 14, -43, 29, -24, -58, -39, -29, -34, 
-14, -48, -34, 31, 9, -41, 29, -24, -58, -39, -29, -34, 
-14, -48, -34, 31, 9, -41, 29, -24, -58, -48, -34, -34, 
-14, -48, -34, 31, 9, -41, 29, -24, -53, -48, -34, -34, 
-14, -48, -34, 31, 9, -41, 29, -24, -53, -48, -34, -34, 
-14, -48, -34, 31, 9, -41, 34, -24, -58, -48, -34, -34, 
-19, -53, -34, 36, 7, -43, 34, -24, -58, -48, -39, -39, 
-19, -58, -39, 39, 9, -48, 34, -29, -58, -53, -39, -39, 
-24, -58, -34, 41, 4, -46, 34, -29, -63, -53, -39, -39, 
-24, -58, -34, 41, 4, -46, 34, -29, -63, -53, -39, -39, 
-24, -58, -34, 41, 4, -46, 29, -29, -63, -53, -34, -39, 
-19, -53, -34, 36, 7, -43, 29, -29, -63, -53, -34, -39, 
-19, -53, -34, 36, 7, -43, 29, -29, -63, -53, -34, -39, 
-19, -53, -34, 36, 7, -43, 29, -29, -63, -53, -34, -39, 
-19, -53, -34, 36, 7, -43, 24, -29, -68, -53, -34, -39, 
-19, -53, -34, 36, 7, -43, 24, -34, -68, -58, -34, -39, 
-19, -53, -34, 36, 7, -43, 24, -34, -68, -58, -34, -39, 
-19, -53, -34, 36, 7, -43, 24, -34, -68, -53, -34, -39, 
-19, -48, -29, 34, 4, -39, 29, -29, -68, -53, -34, -39, 
-14, -48, -34, 31, 9, -41, 29, -29, -63, -53, -34, -39, 
-14, -48, -34, 31, 9, -41, 29, -29, -63, -53, -34, -39, 
-19, -48, -29, 34, 4, -39, 29, -29, -63, -53, -34, -39, 
-19, -48, -29, 34, 4, -39, 34, -29, -63, -53, -34, -39, 
-19, -48, -29, 34, 4, -39, 34, -24, -63, -53, -34, -39, 
-19, -48, -29, 34, 4, -39, 34, -24, -58, -53, -34, -34, 
-19, -43, -24, 31, 2, -34, 39, -24, -58, -53, -34, -34, 
-19, -43, -24, 31, 2, -34, 39, -24, -58, -53, -34, -34, 
-14, -39, -24, 26, 4, -31, 39, -19, -53, -48, -34, -34, 
-14, -34, -19, 24, 2, -26, 34, -19, -53, -48, -29, -34, 
-14, -29, -14, 21, 0, -21, 34, -19, -53, -48, -29, -29, 
-9, -24, -14, 17, 2, -19, 29, -19, -53, -48, -29, -29, 
0, -19, -19, 9, 9, -19, 29, -19, -48, -43, -29, -29, 
4, -14, -19, 4, 12, -17, 24, -19, -48, -39, -24, -24, 
9, -9, -19, 0, 14, -14, 19, -19, -43, -39, -24, -24, 
9, 0, -9, -4, 9, -4, 14, -14, -39, -34, -19, -19, 
14, 4, -9, -9, 12, -2, 14, -14, -39, -29, -19, -19, 
19, 9, -9, -14, 14, 0, 9, -19, -34, -24, -14, -14, 
19, 14, -4, -17, 12, 4, 4, -19, -29, -24, -14, -9, 
19, 19, 0, -19, 9, 9, 4, -19, -24, -19, -9, 0, 
19, 24, 4, -21, 7, 14, 4, -14, -24, -14, 0, 0, 
24, 24, 0, -24, 12, 12, 4, -14, -19, -14, 0, 4, 
24, 29, 4, -26, 9, 17, 4, -14, -19, -9, 0, 4, 
24, 29, 4, -26, 9, 17, 4, -14, -14, -9, 4, 4, 
24, 29, 4, -26, 9, 17, 4, -9, -9, -9, 4, 4, 
29, 29, 0, -29, 14, 14, 9, -9, -9, 0, 4, 9, 
34, 34, 0, -34, 17, 17, 4, -9, 0, 0, 14, 9, 
34, 39, 4, -36, 14, 21, 0, -9, 0, 4, 14, 9, 
39, 43, 4, -41, 17, 24, -9, -9, 4, 4, 19, 14, 
43, 48, 4, -46, 19, 26, -14, -9, 4, 9, 19, 14, 
48, 53, 4, -51, 21, 29, -14, -9, 9, 9, 24, 19, 
53, 58, 4, -56, 24, 31, -19, -9, 9, 14, 24, 19, 
58, 63, 4, -61, 26, 34, -24, -9, 14, 14, 29, 24, 
58, 68, 9, -63, 24, 39, -24, -9, 14, 19, 29, 29, 
58, 73, 14, -65, 21, 43, -29, -9, 19, 24, 34, 34, 
58, 78, 19, -68, 19, 48, -29, -9, 24, 29, 39, 34, 
58, 82, 24, -70, 17, 53, -34, -9, 24, 34, 43, 39, 
58, 87, 29, -73, 14, 58, -34, -9, 24, 34, 43, 43, 
58, 87, 29, -73, 14, 58, -34, -9, 24, 39, 48, 43, 
58, 87, 29, -73, 14, 58, -34, 0, 24, 39, 48, 48, 
58, 87, 29, -73, 14, 58, -34, 0, 24, 39, 48, 48, 
58, 87, 29, -73, 14, 58, -29, 0, 24, 39, 48, 48, 
58, 87, 29, -73, 14, 58, -29, 0, 24, 39, 48, 48, 
58, 87, 29, -73, 14, 58, -29, 0, 19, 39, 48, 53, 
58, 82, 24, -70, 17, 53, -29, 0, 14, 34, 48, 48, 
58, 78, 19, -68, 19, 48, -24, 0, 9, 29, 43, 48, 
58, 73, 14, -65, 21, 43, -24, -9, 4, 24, 39, 43, 
58, 63, 4, -61, 26, 34, -24, 0, -9, 19, 34, 39, 
58, 58, 0, -58, 29, 29, -19, 0, -14, 14, 29, 34, 
58, 48, -9, -53, 34, 19, -19, -9, -19, 4, 24, 29, 
53, 39, -14, -46, 34, 12, -14, -14, -24, 0, 19, 24, 
48, 34, -14, -41, 31, 9, -14, -14, -29, -9, 9, 19, 
34, 24, -9, -29, 21, 7, -9, -19, -34, -14, 4, 14, 
29, 14, -14, -21, 21, 0, 0, -19, -43, -24, 0, 9, 
24, 4, -19, -14, 21, -7, 4, -24, -48, -29, -9, 0, 
19, -9, -29, -4, 24, -19, 9, -24, -53, -34, -19, -9, 
14, -19, -34, 2, 24, -26, 14, -29, -58, -39, -24, -14, 
14, -24, -39, 4, 26, -31, 14, -29, -58, -43, -29, -19, 
9, -29, -39, 9, 24, -34, 19, -34, -63, -48, -29, -24, 
4, -34, -39, 14, 21, -36, 24, -34, -68, -48, -34, -29, 
0, -39, -39, 19, 19, -39, 24, -34, -68, -53, -34, -34, 
0, -43, -43, 21, 21, -43, 29, -39, -73, -53, -39, -34, 
0, -48, -48, 24, 24, -48, 29, -39, -78, -63, -43, -39, 
0, -48, -48, 24, 24, -48, 29, -39, -78, -68, -43, -39, 
0, -53, -53, 26, 26, -53, 29, -43, -82, -68, -48, -43, 
-9, -58, -48, 34, 19, -53, 29, -43, -82, -73, -53, -48, 
-9, -63, -53, 36, 21, -58, 29, -43, -87, -73, -53, -48, 
-9, -63, -53, 36, 21, -58, 29, -43, -87, -73, -48, -48, 
-14, -63, -48, 39, 17, -56, 34, -43, -87, -78, -53, -53, 
-14, -68, -53, 41, 19, -61, 34, -43, -87, -78, -53, -53, 
-14, -68, -53, 41, 19, -61, 34, -43, -87, -78, -53, -53, 
-14, -73, -58, 43, 21, -65, 34, -43, -87, -78, -53, -53, 
-14, -73, -58, 43, 21, -65, 39, -43, -87, -78, -53, -53, 
-19, -73, -53, 46, 17, -63, 39, -43, -87, -78, -53, -53, 
-19, -73, -53, 46, 17, -63, 39, -43, -92, -82, -58, -53, 
-19, -78, -58, 48, 19, -68, 39, -43, -92, -82, -58, -58, 
-19, -78, -58, 48, 19, -68, 43, -43, -87, -82, -58, -58, 
-19, -78, -58, 48, 19, -68, 43, -48, -87, -78, -58, -58, 
-19, -78, -58, 48, 19, -68, 43, -48, -87, -78, -58, -58, 
-19, -78, -58, 48, 19, -68, 43, -48, -87, -78, -58, -58, 
-19, -78, -58, 48, 19, -68, 43, -48, -87, -78, -58, -58, 
-19, -78, -58, 48, 19, -68, 43, -48, -87, -82, -58, -58, 
-19, -78, -58, 48, 19, -68, 43, -48, -87, -82, -58, -58, 
-19, -82, -63, 51, 21, -73, 43, -48, -87, -82, -58, -58, 
-19, -82, -63, 51, 21, -73, 43, -48, -92, -82, -63, -63, 
-19, -82, -63, 51, 21, -73, 43, -53, -97, -87, -63, -63, 
-24, -82, -58, 53, 17, -70, 43, -53, -97, -87, -63, -63, 
-19, -78, -58, 48, 19, -68, 43, -53, -97, -87, -63, -63, 
-19, -78, -58, 48, 19, -68, 43, -53, -97, -87, -63, -63, 
-24, -78, -53, 51, 14, -65, 43, -53, -97, -87, -63, -63, 
-24, -78, -53, 51, 14, -65, 43, -53, -97, -87, -63, -63, 
-24, -82, -58, 53, 17, -70, 39, -53, -97, -87, -63, -63, 
-24, -82, -58, 53, 17, -70, 39, -53, -97, -87, -63, -63, 
-24, -82, -58, 53, 17, -70, 43, -53, -97, -87, -63, -63, 
-24, -82, -58, 53, 17, -70, 39, -53, -97, -87, -63, -63, 
-24, -78, -53, 51, 14, -65, 39, -53, -97, -87, -63, -63, 
-24, -78, -53, 51, 14, -65, 43, -53, -97, -87, -63, -58, 
-24, -78, -53, 51, 14, -65, 43, -53, -97, -87, -63, -58, 
-24, -78, -53, 51, 14, -65, 43, -53, -97, -87, -63, -58, 
-24, -78, -53, 51, 14, -65, 43, -53, -97, -87, -63, -58, 
-24, -78, -53, 51, 14, -65, 43, -53, -92, -87, -63, -58, 
-29, -82, -53, 56, 12, -68, 39, -53, -92, -87, -63, -63, 
-29, -82, -53, 56, 12, -68, 39, -53, -92, -87, -63, -63, 
-29, -82, -53, 56, 12, -68, 39, -53, -87, -87, -58, -63, 
-29, -82, -53, 56, 12, -68, 43, -53, -87, -82, -58, -63, 
-34, -82, -48, 58, 7, -65, 43, -53, -87, -87, -58, -63, 
-34, -87, -53, 61, 9, -70, 48, -53, -87, -87, -63, -63, 
-34, -87, -53, 61, 9, -70, 48, -53, -87, -87, -58, -68, 
-34, -87, -53, 61, 9, -70, 43, -53, -82, -87, -63, -68, 
-34, -82, -48, 58, 7, -65, 48, -53, -68, -82, -63, -73, 
-39, -73, -34, 56, -2, -53, 48, -58, -58, -78, -63, -73, 
-48, -73, -24, 61, -12, -48, 53, -48, -39, -73, -58, -78, 
-48, -73, -24, 61, -12, -48, 58, -34, -9, -58, -63, -78, 
-48, -78, -29, 63, -9, -53, 63, 0, 39, -43, -63, -87, 
-43, -78, -34, 61, -4, -56, 73, 43, 82, -29, -58, -92, 
-34, -82, -48, 58, 7, -65, 82, 87, 122, -14, -58, -97, 
-34, -82, -48, 58, 7, -65, 92, 131, 170, 14, -48, -97, 
-19, -73, -53, 46, 17, -63, 87, 170, 214, 53, -19, -82, 
19, -63, -82, 21, 51, -73, 73, 214, 258, 112, 29, -53, 
53, -53, -107, 0, 80, -80, 68, 258, 307, 180, 78, -19, 
92, -43, -136, -24, 114, -90, 63, 302, 351, 244, 126, 14, 
131, -14, -146, -58, 139, -80, 34, 317, 385, 312, 185, 68, 
170, 53, -117, -112, 143, -31, -9, 292, 385, 400, 283, 146, 
204, 131, -73, -168, 139, 29, -68, 229, 361, 488, 375, 234, 
234, 195, -39, -214, 136, 78, -126, 170, 356, 585, 478, 317, 
248, 263, 14, -256, 117, 139, -165, 131, 375, 697, 580, 400, 
263, 341, 78, -302, 92, 209, -219, 92, 375, 771, 673, 497, 
273, 429, 156, -351, 58, 292, -258, 29, 312, 771, 722, 570, 
263, 483, 219, -373, 21, 351, -287, -73, 185, 678, 717, 614, 
239, 497, 258, -368, -9, 378, -297, -170, 82, 551, 668, 624, 
209, 463, 253, -336, -21, 358, -292, -248, 14, 424, 575, 590, 
175, 385, 209, -280, -17, 297, -273, -297, -87, 219, 419, 517, 
131, 302, 170, -217, -19, 236, -244, -370, -248, 4, 253, 419, 
82, 253, 170, -168, -43, 212, -234, -478, -439, -151, 131, 346, 
24, 180, 156, -102, -65, 168, -209, -570, -639, -307, 4, 253, 
-24, 68, 92, -21, -58, 80, -161, -624, -829, -517, -165, 117, 
-53, -29, 24, 41, -39, -2, -126, -634, -961, -663, -292, 19, 
-58, -63, -4, 61, -26, -34, -112, -619, -995, -683, -312, -9, 
-58, -58, 0, 58, -29, -29, -97, -541, -927, -624, -278, -9, 
-53, -73, -19, 63, -17, -46, -78, -453, -810, -551, -253, -24, 
-34, -107, -73, 70, 19, -90, -39, -361, -722, -502, -253, -48, 
-24, -146, -122, 85, 48, -134, 0, -297, -658, -478, -253, -78, 
-14, -175, -161, 95, 73, -168, 24, -229, -575, -439, -253, -97, 
-19, -190, -170, 104, 75, -180, 34, -165, -502, -390, -244, -112, 
-19, -190, -170, 104, 75, -180, 43, -117, -439, -351, -229, -122, 
-19, -190, -170, 104, 75, -180, 53, -87, -380, -322, -219, -126, 
-14, -190, -175, 102, 80, -183, 58, -58, -326, -287, -195, -122, 
-14, -170, -156, 92, 70, -163, 58, -39, -273, -253, -175, -112, 
-9, -141, -131, 75, 61, -136, 53, -29, -214, -209, -146, -97, 
0, -117, -117, 58, 58, -117, 43, -14, -151, -165, -122, -87, 
4, -97, -102, 46, 53, -100, 43, 4, -117, -131, -102, -78, 
4, -87, -92, 41, 48, -90, 39, 14, -92, -112, -87, -68, 
0, -82, -82, 41, 41, -82, 34, 14, -78, -102, -78, -63, 
-14, -78, -63, 46, 24, -70, 29, 4, -73, -97, -68, -63, 
-14, -63, -48, 39, 17, -56, 24, -9, -68, -92, -63, -58, 
-9, -58, -48, 34, 19, -53, 29, 0, -58, -87, -58, -58, 
-9, -58, -48, 34, 19, -53, 24, 0, -53, -87, -63, -53, 
4, -48, -53, 21, 29, -51, 24, 0, -43, -78, -58, -53, 
9, -43, -53, 17, 31, -48, 19, 4, -34, -73, -53, -53, 
9, -43, -53, 17, 31, -48, 19, 9, -29, -68, -53, -53, 
4, -48, -53, 21, 29, -51, 14, 4, -29, -63, -48, -58, 
0, -53, -53, 26, 26, -53, 14, 4, -29, -58, -48, -58, 
0, -53, -53, 26, 26, -53, 14, 0, -29, -63, -48, -63, 
-9, -58, -48, 34, 19, -53, 19, 0, -39, -63, -53, -58, 
0, -53, -53, 26, 26, -53, 19, 0, -34, -53, -48, -53, 
0, -48, -48, 24, 24, -48, 19, 0, -34, -53, -48, -53, 
0, -53, -53, 26, 26, -53, 24, 4, -29, -58, -53, -53, 
0, -48, -48, 24, 24, -48, 19, 4, -19, -53, -53, -53, 
-9, -53, -43, 31, 17, -48, 19, 4, -14, -53, -53, -53, 
-9, -53, -43, 31, 17, -48, 19, 4, -9, -48, -53, -58, 
0, -53, -53, 26, 26, -53, 24, 4, 0, -48, -53, -58, 
-9, -48, -39, 29, 14, -43, 24, 4, -9, -43, -43, -53, 
-14, -43, -29, 29, 7, -36, 24, 4, -9, -39, -39, -48, 
-19, -48, -29, 34, 4, -39, 24, 0, 0, -34, -39, -43, 
-19, -48, -29, 34, 4, -39, 24, 0, 0, -39, -39, -43, 
-24, -58, -34, 41, 4, -46, 24, 4, -14, -43, -43, -43, 
-19, -58, -39, 39, 9, -48, 39, 9, -9, -43, -43, -43, 
-9, -43, -34, 26, 12, -39, 34, 9, 4, -39, -43, -48, 
0, -43, -43, 21, 21, -43, 39, 14, 14, -34, -39, -43, 
4, -39, -43, 17, 24, -41, 39, 14, 19, -29, -39, -48, 
0, -39, -39, 19, 19, -39, 34, 14, 19, -24, -39, -43, 
4, -34, -39, 14, 21, -36, 34, 14, 24, -24, -29, -39, 
4, -29, -34, 12, 19, -31, 34, 14, 19, -14, -24, -39, 
0, -29, -29, 14, 14, -29, 34, 14, 19, -14, -24, -34, 
9, -34, -43, 12, 26, -39, 29, 14, 19, -14, -29, -34, 
9, -29, -39, 9, 24, -34, 29, 19, 19, -24, -29, -34, 
14, -19, -34, 2, 24, -26, 24, 24, 24, -19, -29, -34, 
14, -19, -34, 2, 24, -26, 29, 29, 34, -19, -29, -34, 
14, -14, -29, 0, 21, -21, 29, 29, 39, -19, -29, -34, 
19, -9, -29, -4, 24, -19, 24, 29, 43, -19, -24, -29, 
14, -14, -29, 0, 21, -21, 24, 29, 39, -9, -19, -29, 
14, -14, -29, 0, 21, -21, 29, 29, 39, 0, -14, -24, 
14, -9, -24, -2, 19, -17, 24, 29, 43, 0, -9, -19, 
14, -9, -24, -2, 19, -17, 24, 29, 39, 0, -9, -19, 
14, -9, -24, -2, 19, -17, 24, 29, 39, 0, -9, -24, 
14, 0, -14, -7, 14, -7, 24, 29, 39, 0, -14, -19, 
9, 0, -9, -4, 9, -4, 19, 34, 43, -9, -14, -24, 
4, -9, -14, 2, 9, -12, 14, 39, 48, 0, -14, -24, 
9, -9, -19, 0, 14, -14, 19, 43, 58, 4, -14, -24, 
9, 4, -4, -7, 7, 0, 19, 43, 63, 9, -9, -19, 
9, 4, -4, -7, 7, 0, 19, 48, 68, 14, 0, -19, 
14, 9, -4, -12, 9, 2, 24, 53, 68, 19, 0, -14, 
14, 9, -4, -12, 9, 2, 19, 53, 68, 19, 9, -9, 
14, 14, 0, -14, 7, 7, 14, 53, 68, 24, 9, 0, 
19, 14, -4, -17, 12, 4, 9, 58, 68, 24, 9, 0, 
19, 14, -4, -17, 12, 4, 14, 53, 68, 19, 0, -9, 
14, 9, -4, -12, 9, 2, 19, 58, 73, 19, 0, -14, 
9, 4, -4, -7, 7, 0, 19, 58, 78, 19, 0, -14, 
9, 4, -4, -7, 7, 0, 19, 58, 82, 19, 0, -19, 
14, 14, 0, -14, 7, 7, 14, 58, 92, 29, 4, -14, 
9, 14, 4, -12, 2, 9, 14, 68, 92, 34, 9, -9, 
9, 19, 9, -14, 0, 14, 19, 68, 97, 39, 9, -9, 
14, 19, 4, -17, 4, 12, 19, 68, 102, 43, 19, 0, 
24, 29, 4, -26, 9, 17, 19, 73, 97, 43, 24, 4, 
24, 29, 4, -26, 9, 17, 9, 78, 97, 43, 19, 0, 
19, 24, 4, -21, 7, 14, 9, 73, 102, 39, 19, 0, 
14, 19, 4, -17, 4, 12, 4, 78, 107, 43, 19, 4, 
14, 19, 4, -17, 4, 12, 4, 78, 117, 48, 14, 0, 
14, 19, 4, -17, 4, 12, 4, 82, 122, 48, 19, 0, 
14, 24, 9, -19, 2, 17, 9, 82, 126, 58, 24, 0, 
19, 29, 9, -24, 4, 19, 9, 92, 136, 63, 29, 4, 
19, 24, 4, -21, 7, 14, 4, 97, 136, 68, 29, 4, 
19, 34, 14, -26, 2, 24, 4, 97, 136, 63, 34, 4, 
19, 39, 19, -29, 0, 29, 0, 97, 141, 68, 39, 14, 
19, 39, 19, -29, 0, 29, 4, 102, 146, 73, 39, 14, 
19, 43, 24, -31, -2, 34, 0, 107, 146, 73, 39, 14, 
29, 48, 19, -39, 4, 34, 4, 112, 156, 78, 34, 19, 
34, 53, 19, -43, 7, 36, 0, 117, 165, 82, 39, 19, 
34, 53, 19, -43, 7, 36, -9, 126, 175, 87, 43, 19, 
34, 63, 29, -48, 2, 46, -14, 131, 185, 97, 48, 24, 
34, 58, 24, -46, 4, 41, -14, 131, 195, 102, 48, 29, 
24, 58, 34, -41, -4, 46, -14, 131, 204, 112, 53, 24, 
24, 63, 39, -43, -7, 51, -14, 131, 204, 112, 58, 29, 
34, 68, 34, -51, 0, 51, -9, 136, 214, 117, 63, 34, 
39, 82, 43, -61, -2, 63, -9, 146, 219, 122, 63, 39, 
43, 92, 48, -68, -2, 70, -14, 156, 224, 122, 68, 43, 
48, 87, 39, -68, 4, 63, -14, 165, 229, 131, 73, 48, 
48, 92, 43, -70, 2, 68, -19, 170, 239, 136, 68, 53, 
39, 92, 53, -65, -7, 73, -19, 165, 244, 146, 78, 48, 
39, 97, 58, -68, -9, 78, -24, 170, 253, 146, 82, 53, 
39, 102, 63, -70, -12, 82, -19, 175, 258, 151, 82, 53, 
39, 107, 68, -73, -14, 87, -19, 175, 268, 161, 92, 58, 
43, 112, 68, -78, -12, 90, -19, 175, 273, 165, 97, 63, 
48, 112, 63, -80, -7, 87, -24, 180, 273, 165, 102, 68, 
39, 112, 73, -75, -17, 92, -29, 185, 278, 170, 107, 68, 
34, 112, 78, -73, -21, 95, -29, 190, 283, 175, 112, 73, 
43, 122, 78, -82, -17, 100, -24, 209, 297, 180, 117, 78, 
48, 131, 82, -90, -17, 107, -29, 209, 307, 190, 117, 82, 
48, 136, 87, -92, -19, 112, -39, 214, 317, 195, 122, 87, 
48, 141, 92, -95, -21, 117, -43, 219, 326, 209, 131, 92, 
53, 141, 87, -97, -17, 114, -53, 224, 331, 219, 136, 97, 
53, 151, 97, -102, -21, 124, -58, 224, 336, 229, 146, 102, 
58, 161, 102, -109, -21, 131, -58, 229, 341, 234, 156, 112, 
63, 170, 107, -117, -21, 139, -58, 234, 341, 244, 161, 122, 
58, 165, 107, -112, -24, 136, -63, 239, 346, 244, 165, 126, 
53, 165, 112, -109, -29, 139, -63, 244, 341, 248, 165, 126, 
48, 170, 122, -109, -36, 146, -63, 244, 351, 253, 170, 131, 
53, 175, 122, -114, -34, 148, -58, 239, 356, 253, 175, 131, 
58, 180, 122, -119, -31, 151, -58, 244, 366, 263, 175, 136, 
58, 190, 131, -124, -36, 161, -58, 244, 370, 268, 185, 141, 
58, 195, 136, -126, -39, 165, -58, 244, 375, 278, 190, 146, 
58, 204, 146, -131, -43, 175, -63, 244, 380, 283, 204, 151, 
58, 209, 151, -134, -46, 180, -63, 244, 380, 287, 209, 156, 
63, 219, 156, -141, -46, 187, -68, 244, 380, 287, 214, 161, 
63, 229, 165, -146, -51, 197, -73, 244, 375, 292, 224, 165, 
68, 234, 165, -151, -48, 200, -78, 239, 375, 297, 229, 170, 
78, 244, 165, -161, -43, 204, -78, 244, 380, 302, 234, 180, 
78, 244, 165, -161, -43, 204, -78, 244, 385, 307, 234, 185, 
73, 248, 175, -161, -51, 212, -82, 239, 385, 307, 234, 185, 
73, 248, 175, -161, -51, 212, -92, 229, 380, 312, 234, 185, 
68, 248, 180, -158, -56, 214, -97, 219, 375, 312, 239, 185, 
68, 253, 185, -161, -58, 219, -102, 214, 370, 312, 244, 190, 
73, 253, 180, -163, -53, 217, -102, 209, 361, 317, 248, 195, 
73, 253, 180, -163, -53, 217, -107, 190, 346, 307, 244, 195, 
73, 248, 175, -161, -51, 212, -102, 180, 336, 307, 244, 190, 
68, 248, 180, -158, -56, 214, -102, 170, 326, 287, 239, 190, 
63, 239, 175, -151, -56, 207, -97, 161, 317, 283, 229, 185, 
58, 224, 165, -141, -53, 195, -92, 151, 302, 273, 219, 180, 
48, 214, 165, -131, -58, 190, -87, 141, 287, 263, 209, 170, 
43, 204, 161, -124, -58, 183, -78, 131, 278, 253, 190, 161, 
39, 185, 146, -112, -53, 165, -78, 112, 253, 244, 185, 156, 
34, 180, 146, -107, -56, 163, -73, 102, 239, 234, 180, 146, 
24, 161, 136, -92, -56, 148, -73, 92, 224, 219, 170, 136, 
24, 151, 126, -87, -51, 139, -68, 82, 209, 204, 156, 126, 
24, 146, 122, -85, -48, 134, -58, 73, 185, 185, 151, 117, 
24, 136, 112, -80, -43, 124, -53, 68, 170, 170, 136, 107, 
19, 126, 107, -73, -43, 117, -48, 63, 156, 156, 122, 97, 
9, 107, 97, -58, -43, 102, -48, 53, 146, 141, 107, 87, 
9, 97, 87, -53, -39, 92, -48, 43, 136, 131, 97, 73, 
0, 82, 82, -41, -41, 82, -43, 39, 122, 112, 82, 63, 
4, 73, 68, -39, -31, 70, -43, 34, 107, 102, 73, 53, 
0, 63, 63, -31, -31, 63, -43, 24, 92, 92, 68, 43, 
-14, 53, 68, -19, -41, 61, -43, 19, 82, 78, 58, 39, 
-19, 43, 63, -12, -41, 53, -34, 4, 68, 63, 48, 29, 
-24, 29, 53, -2, -39, 41, -29, 0, 58, 53, 39, 24, 
-34, 24, 58, 4, -46, 41, -29, -14, 43, 43, 29, 14, 
-34, 19, 53, 7, -43, 36, -19, -14, 39, 34, 19, 9, 
-24, 14, 39, 4, -31, 26, -19, -14, 34, 24, 9, 4, 
-29, 9, 39, 9, -34, 24, -19, -19, 29, 19, 4, 0, 
-34, -9, 24, 21, -29, 7, -14, -19, 19, 9, 0, -14, 
-39, -14, 24, 26, -31, 4, -14, -24, 14, 4, -9, -19, 
-39, -19, 19, 29, -29, 0, -14, -29, 4, 0, -14, -24, 
-43, -24, 19, 34, -31, -2, -14, -29, 0, -9, -14, -19, 
-39, -29, 9, 34, -24, -9, 0, -34, -14, -14, -19, -19, 
-34, -19, 14, 26, -24, -2, 4, -29, -14, -14, -19, -19, 
-29, -19, 9, 24, -19, -4, 4, -34, -19, -19, -24, -19, 
-34, -24, 9, 29, -21, -7, 9, -34, -19, -24, -29, -24, 
-29, -29, 0, 29, -14, -14, 9, -34, -19, -29, -34, -29, 
-34, -29, 4, 31, -19, -12, 9, -34, -24, -29, -29, -24, 
-39, -39, 0, 39, -19, -19, 14, -39, -34, -39, -39, -34, 
-39, -39, 0, 39, -19, -19, 14, -39, -34, -39, -34, -34, 
-39, -39, 0, 39, -19, -19, 14, -39, -34, -39, -34, -34, 
-39, -34, 4, 36, -21, -14, 9, -39, -29, -39, -34, -34, 
-34, -34, 0, 34, -17, -17, 9, -39, -29, -39, -39, -34, 
-34, -29, 4, 31, -19, -12, 9, -39, -29, -39, -39, -34, 
-34, -29, 4, 31, -19, -12, 9, -39, -29, -39, -34, -29, 
-29, -29, 0, 29, -14, -14, 9, -39, -29, -39, -34, -29, 
-29, -29, 0, 29, -14, -14, 9, -39, -34, -39, -34, -29, 
-29, -29, 0, 29, -14, -14, 4, -39, -34, -39, -34, -34, 
-29, -29, 0, 29, -14, -14, 4, -39, -34, -39, -34, -34, 
-29, -34, -4, 31, -12, -19, 4, -39, -34, -39, -34, -34, 
-34, -34, 0, 34, -17, -17, 4, -39, -34, -39, -34, -34, 
-34, -34, 0, 34, -17, -17, 4, -39, -34, -43, -34, -34, 
-34, -39, -4, 36, -14, -21, 4, -39, -34, -43, -39, -39, 
-34, -43, -9, 39, -12, -26, 4, -39, -34, -43, -39, -39, 
-39, -43, -4, 41, -17, -24, 4, -39, -39, -43, -39, -39, 
-39, -48, -9, 43, -14, -29, 9, -43, -39, -43, -39, -39, 
-43, -48, -4, 46, -19, -26, 9, -43, -39, -48, -39, -43, 
-48, -53, -4, 51, -21, -29, 9, -43, -39, -48, -43, -43, 
-48, -58, -9, 53, -19, -34, 9, -43, -39, -48, -43, -43, 
-48, -58, -9, 53, -19, -34, 9, -43, -39, -48, -43, -43, 
-53, -58, -4, 56, -24, -31, 9, -43, -34, -48, -43, -43, 
-48, -53, -4, 51, -21, -29, 9, -43, -34, -48, -43, -43, 
-48, -53, -4, 51, -21, -29, 9, -43, -34, -48, -43, -43, 
-48, -53, -4, 51, -21, -29, 14, -43, -34, -48, -43, -39, 
-53, -53, 0, 53, -26, -26, 14, -43, -34, -48, -43, -39, 
-48, -53, -4, 51, -21, -29, 14, -43, -34, -48, -43, -43, 
-48, -53, -4, 51, -21, -29, 9, -43, -34, -48, -48, -43, 
-48, -53, -4, 51, -21, -29, 9, -43, -34, -48, -43, -43, 
-48, -53, -4, 51, -21, -29, 9, -43, -34, -53, -43, -43, 
-48, -48, 0, 48, -24, -24, 9, -43, -34, -53, -43, -43, 
-48, -48, 0, 48, -24, -24, 9, -39, -34, -53, -43, -43, 
-48, -48, 0, 48, -24, -24, 9, -39, -34, -53, -43, -43, 
-48, -53, -4, 51, -21, -29, 9, -39, -34, -53, -43, -43, 
-53, -53, 0, 53, -26, -26, 9, -39, -34, -48, -43, -43, 
-53, -53, 0, 53, -26, -26, 9, -39, -34, -48, -43, -43, 
-53, -53, 0, 53, -26, -26, 9, -39, -34, -48, -43, -43, 
-53, -53, 0, 53, -26, -26, 9, -39, -34, -48, -43, -43, 
-53, -48, 4, 51, -29, -21, 9, -39, -34, -48, -43, -39, 
-53, -48, 4, 51, -29, -21, 14, -39, -29, -48, -43, -39, 
-53, -48, 4, 51, -29, -21, 14, -39, -29, -43, -43, -39, 
-48, -48, 0, 48, -24, -24, 14, -34, -29, -43, -43, -39, 
-48, -43, 4, 46, -26, -19, 14, -34, -29, -43, -43, -39, 
-48, -43, 4, 46, -26, -19, 19, -34, -29, -43, -39, -39, 
-43, -43, 0, 43, -21, -21, 19, -34, -29, -43, -39, -39, 
-43, -43, 0, 43, -21, -21, 19, -34, -29, -43, -39, -39, 
-39, -39, 0, 39, -19, -19, 19, -34, -29, -43, -39, -39, 
-39, -39, 0, 39, -19, -19, 19, -34, -29, -39, -39, -34, 
-34, -29, 4, 31, -19, -12, 19, -34, -29, -39, -34, -34, 
-34, -29, 4, 31, -19, -12, 14, -34, -29, -39, -34, -34, 
-34, -29, 4, 31, -19, -12, 14, -29, -29, -39, -34, -34, 
-34, -29, 4, 31, -19, -12, 9, -29, -29, -34, -34, -34, 
-29, -29, 0, 29, -14, -14, 9, -29, -29, -34, -29, -34, 
-29, -29, 0, 29, -14, -14, 9, -29, -29, -34, -24, -34, 
-29, -24, 4, 26, -17, -9, 9, -29, -29, -34, -24, -34, 
-29, -24, 4, 26, -17, -9, 9, -29, -29, -34, -24, -29, 
-24, -24, 0, 24, -12, -12, 4, -29, -24, -34, -24, -29, 
-24, -24, 0, 24, -12, -12, 4, -29, -29, -34, -24, -29, 
-24, -24, 0, 24, -12, -12, 4, -29, -29, -34, -24, -29, 
-24, -24, 0, 24, -12, -12, 4, -24, -24, -34, -29, -34, 
-24, -24, 0, 24, -12, -12, 4, -19, -24, -34, -29, -34, 
-24, -24, 0, 24, -12, -12, 4, -19, -24, -34, -29, -34, 
-24, -24, 0, 24, -12, -12, 4, -24, -24, -34, -29, -34, 
-24, -24, 0, 24, -12, -12, 4, -24, -29, -34, -29, -34, 
-24, -24, 0, 24, -12, -12, 4, -24, -29, -34, -29, -34, 
-24, -24, 0, 24, -12, -12, 4, -24, -29, -34, -29, -34, 
-29, -24, 4, 26, -17, -9, 4, -24, -29, -34, -29, -34, 
-29, -24, 4, 26, -17, -9, 4, -24, -29, -34, -29, -34, 
-29, -24, 4, 26, -17, -9, 4, -29, -29, -34, -29, -34, 
-29, -24, 4, 26, -17, -9, 4, -29, -29, -34, -29, -34, 
-29, -24, 4, 26, -17, -9, 0, -29, -29, -34, -29, -34, 
-29, -24, 4, 26, -17, -9, 0, -29, -29, -34, -29, -34, 
-29, -24, 4, 26, -17, -9, 0, -29, -29, -34, -29, -34, 
-34, -29, 4, 31, -19, -12, 0, -29, -34, -34, -34, -34, 
-34, -29, 4, 31, -19, -12, 0, -29, -34, -34, -34, -39, 
-34, -29, 4, 31, -19, -12, 0, -29, -34, -34, -34, -34, 
-29, -29, 0, 29, -14, -14, 0, -29, -34, -34, -34, -34, 
-29, -29, 0, 29, -14, -14, -9, -29, -34, -39, -39, -34, 
-29, -24, 4, 26, -17, -9, -9, -29, -39, -39, -39, -34, 
-24, -29, -4, 26, -9, -17, -9, -34, -39, -39, -39, -34, 
-24, -29, -4, 26, -9, -17, -9, -34, -39, -39, -39, -34, 
-24, -24, 0, 24, -12, -12, -9, -34, -39, -39, -39, -34, 
-24, -24, 0, 24, -12, -12, -9, -34, -43, -39, -39, -34, 
-24, -29, -4, 26, -9, -17, -9, -34, -43, -39, -39, -34, 
-24, -29, -4, 26, -9, -17, 0, -39, -43, -39, -39, -34, 
-24, -29, -4, 26, -9, -17, 0, -39, -43, -39, -39, -34, 
-24, -29, -4, 26, -9, -17, 0, -39, -43, -39, -39, -34, 
-24, -29, -4, 26, -9, -17, 0, -39, -43, -39, -39, -34, 
-29, -29, 0, 29, -14, -14, 4, -39, -43, -39, -39, -34, 
-29, -29, 0, 29, -14, -14, 4, -39, -43, -39, -39, -34, 
-24, -29, -4, 26, -9, -17, 4, -39, -43, -43, -39, -34, 
-24, -29, -4, 26, -9, -17, 4, -39, -43, -43, -43, -34, 
-24, -29, -4, 26, -9, -17, 4, -39, -43, -43, -43, -34, 
-24, -29, -4, 26, -9, -17, 0, -43, -43, -43, -43, -34, 
-24, -29, -4, 26, -9, -17, 0, -43, -43, -43, -43, -34, 
-24, -29, -4, 26, -9, -17, 0, -43, -43, -43, -43, -39, 
-24, -29, -4, 26, -9, -17, 0, -43, -43, -48, -48, -39, 
-19, -24, -4, 21, -7, -14, -9, -43, -43, -48, -48, -39, 
-19, -24, -4, 21, -7, -14, -9, -43, -43, -48, -48, -39, 
-19, -24, -4, 21, -7, -14, -9, -43, -43, -48, -48, -39, 
-19, -24, -4, 21, -7, -14, -9, -43, -48, -48, -48, -39, 
-19, -24, -4, 21, -7, -14, -9, -43, -48, -48, -48, -43, 
-19, -24, -4, 21, -7, -14, -9, -43, -48, -48, -43, -43, 
-19, -24, -4, 21, -7, -14, 0, -43, -48, -48, -43, -43, 
-19, -24, -4, 21, -7, -14, 0, -43, -48, -48, -43, -43, 
-24, -29, -4, 26, -9, -17, 0, -43, -48, -48, -43, -43, 
-24, -34, -9, 29, -7, -21, 0, -43, -53, -53, -43, -43, 
-24, -34, -9, 29, -7, -21, 0, -43, -53, -53, -43, -43, 
-24, -39, -14, 31, -4, -26, 4, -43, -53, -53, -43, -43, 
-24, -39, -14, 31, -4, -26, 4, -43, -53, -53, -48, -43, 
-24, -43, -19, 34, -2, -31, 4, -43, -53, -53, -48, -43, 
-29, -43, -14, 36, -7, -29, 4, -43, -53, -53, -48, -43, 
-29, -43, -14, 36, -7, -29, 4, -43, -53, -53, -48, -43, 
-29, -48, -19, 39, -4, -34, 4, -43, -53, -53, -48, -43, 
-29, -43, -14, 36, -7, -29, 4, -43, -53, -53, -48, -43, 
-29, -43, -14, 36, -7, -29, 4, -43, -53, -53, -48, -43, 
-29, -43, -14, 36, -7, -29, 4, -43, -53, -53, -48, -43, 
-29, -43, -14, 36, -7, -29, 4, -43, -58, -53, -48, -39, 
-29, -43, -14, 36, -7, -29, 4, -43, -58, -53, -48, -39, 
-29, -39, -9, 34, -9, -24, 4, -43, -58, -53, -48, -39, 
-29, -39, -9, 34, -9, -24, 4, -43, -58, -53, -48, -39, 
-29, -39, -9, 34, -9, -24, 4, -48, -58, -53, -43, -39, 
-29, -39, -9, 34, -9, -24, 4, -48, -58, -53, -43, -39, 
-29, -39, -9, 34, -9, -24, 4, -48, -58, -53, -48, -39, 
-24, -39, -14, 31, -4, -26, 0, -48, -58, -53, -48, -39, 
-24, -39, -14, 31, -4, -26, 0, -48, -58, -53, -48, -39, 
-24, -39, -14, 31, -4, -26, 0, -48, -58, -58, -48, -39, 
-19, -34, -14, 26, -2, -24, 0, -53, -58, -58, -48, -39, 
-19, -39, -19, 29, 0, -29, 0, -53, -58, -58, -48, -43, 
-19, -39, -19, 29, 0, -29, 0, -48, -58, -58, -48, -43, 
-19, -39, -19, 29, 0, -29, 0, -48, -58, -58, -48, -43, 
-19, -39, -19, 29, 0, -29, 0, -48, -58, -58, -48, -43, 
-14, -39, -24, 26, 4, -31, 0, -48, -53, -63, -48, -43, 
-14, -39, -24, 26, 4, -31, 0, -48, -53, -58, -48, -43, 
-14, -39, -24, 26, 4, -31, 0, -48, -53, -58, -48, -43, 
-14, -39, -24, 26, 4, -31, 0, -48, -53, -58, -48, -43, 
-14, -39, -24, 26, 4, -31, 0, -48, -53, -58, -48, -39, 
-14, -43, -29, 29, 7, -36, 0, -48, -53, -58, -48, -39, 
-19, -43, -24, 31, 2, -34, 0, -48, -53, -58, -48, -43, 
-19, -43, -24, 31, 2, -34, 0, -48, -53, -58, -48, -43, 
-19, -43, -24, 31, 2, -34, 4, -48, -53, -58, -48, -43, 
-19, -43, -24, 31, 2, -34, 4, -43, -53, -58, -48, -43, 
-19, -43, -24, 31, 2, -34, 4, -43, -53, -58, -48, -43, 
-24, -43, -19, 34, -2, -31, 4, -43, -53, -58, -48, -43, 
-24, -43, -19, 34, -2, -31, 4, -48, -53, -58, -48, -43, 
-24, -43, -19, 34, -2, -31, 4, -48, -53, -58, -48, -43, 
-24, -43, -19, 34, -2, -31, 4, -48, -53, -58, -53, -48, 
-24, -43, -19, 34, -2, -31, 4, -48, -53, -58, -48, -48, 
-24, -43, -19, 34, -2, -31, 4, -48, -53, -58, -48, -48, 
-19, -43, -24, 31, 2, -34, 4, -48, -53, -58, -48, -48, 
-19, -43, -24, 31, 2, -34, 4, -48, -53, -53, -48, -48, 
-14, -43, -29, 29, 7, -36, 0, -48, -53, -53, -48, -43, 
-14, -43, -29, 29, 7, -36, 0, -43, -53, -53, -48, -43, 
-14, -43, -29, 29, 7, -36, -9, -43, -53, -53, -43, -43, 
-14, -43, -29, 29, 7, -36, -9, -43, -53, -53, -43, -43, 
-14, -43, -29, 29, 7, -36, -9, -43, -58, -53, -43, -43, 
-9, -43, -34, 26, 12, -39, -9, -43, -58, -53, -43, -43, 
-9, -43, -34, 26, 12, -39, -9, -48, -58, -48, -43, -43, 
-9, -43, -34, 26, 12, -39, -9, -43, -58, -48, -43, -43, 
-9, -39, -29, 24, 9, -34, -9, -43, -58, -48, -43, -43, 
-9, -34, -24, 21, 7, -29, -9, -43, -53, -48, -43, -43, 
-9, -39, -29, 24, 9, -34, 0, -43, -53, -48, -43, -43, 
-9, -39, -29, 24, 9, -34, 0, -43, -53, -48, -43, -43, 
-14, -39, -24, 26, 4, -31, 4, -43, -53, -48, -43, -43, 
-14, -43, -29, 29, 7, -36, 4, -43, -53, -48, -43, -43, 
-14, -43, -29, 29, 7, -36, 4, -43, -53, -48, -43, -43, 
-14, -43, -29, 29, 7, -36, 4, -43, -53, -53, -43, -39, 
-14, -43, -29, 29, 7, -36, 9, -43, -53, -53, -43, -39, 
-14, -48, -34, 31, 9, -41, 9, -43, -53, -53, -43, -43, 
-14, -48, -34, 31, 9, -41, 9, -43, -53, -53, -43, -39, 
-14, -48, -34, 31, 9, -41, 14, -43, -53, -53, -43, -43, 
-19, -53, -34, 36, 7, -43, 14, -43, -53, -48, -43, -43, 
-19, -48, -29, 34, 4, -39, 9, -43, -53, -48, -43, -43, 
-14, -48, -34, 31, 9, -41, 9, -43, -53, -48, -43, -43, 
-14, -43, -29, 29, 7, -36, 9, -43, -53, -48, -39, -43, 
-14, -43, -29, 29, 7, -36, 9, -43, -48, -48, -39, -43, 
-14, -39, -24, 26, 4, -31, 9, -43, -48, -43, -39, -43, 
-14, -39, -24, 26, 4, -31, 9, -43, -48, -43, -39, -39, 
-14, -39, -24, 26, 4, -31, 9, -39, -48, -43, -39, -39, 
-9, -34, -24, 21, 7, -29, 9, -39, -43, -43, -34, -39, 
-9, -29, -19, 19, 4, -24, 4, -39, -43, -39, -34, -39, 
-9, -24, -14, 17, 2, -19, 4, -34, -39, -39, -34, -34, 
0, -19, -19, 9, 9, -19, 4, -34, -39, -34, -29, -34, 
0, -19, -19, 9, 9, -19, 0, -34, -34, -34, -29, -29, 
0, -14, -14, 7, 7, -14, 0, -34, -29, -29, -29, -29, 
0, -14, -14, 7, 7, -14, 0, -29, -29, -24, -24, -29, 
0, -9, -9, 4, 4, -9, -9, -29, -24, -24, -24, -24, 
4, 0, -4, -2, 4, -2, -9, -29, -19, -19, -19, -24, 
4, 4, 0, -4, 2, 2, -14, -24, -19, -14, -19, -19, 
9, 9, 0, -9, 4, 4, -14, -24, -14, -14, -14, -19, 
9, 14, 4, -12, 2, 9, -9, -19, -9, -9, -9, -19, 
14, 19, 4, -17, 4, 12, -14, -19, -9, 0, -9, -14, 
14, 24, 9, -19, 2, 17, -14, -19, 0, 0, -9, -14, 
14, 24, 9, -19, 2, 17, -14, -19, 0, 4, -9, -14, 
14, 29, 14, -21, 0, 21, -19, -14, 4, 4, 0, -14, 
19, 34, 14, -26, 2, 24, -19, -14, 4, 9, 0, -14, 
24, 39, 14, -31, 4, 26, -24, -14, 9, 9, 0, -9, 
29, 43, 14, -36, 7, 29, -29, -9, 9, 14, 4, -9, 
34, 53, 19, -43, 7, 36, -34, -9, 14, 14, 4, 0, 
39, 58, 19, -48, 9, 39, -39, -9, 14, 19, 4, 4, 
43, 68, 24, -56, 9, 46, -43, -9, 19, 19, 9, 4, 
48, 68, 19, -58, 14, 43, -48, -9, 19, 24, 9, 9, 
48, 73, 24, -61, 12, 48, -53, -9, 24, 29, 14, 14, 
53, 78, 24, -65, 14, 51, -53, -9, 29, 29, 19, 19, 
53, 82, 29, -68, 12, 56, -58, 0, 34, 34, 24, 19, 
53, 82, 29, -68, 12, 56, -58, -9, 34, 39, 29, 24, 
53, 92, 39, -73, 7, 65, -58, -9, 39, 39, 29, 29, 
53, 92, 39, -73, 7, 65, -53, -9, 39, 43, 34, 34, 
53, 92, 39, -73, 7, 65, -53, -9, 39, 43, 39, 39, 
53, 92, 39, -73, 7, 65, -53, -9, 39, 43, 39, 39, 
53, 87, 34, -70, 9, 61, -53, -9, 34, 43, 43, 39, 
53, 82, 29, -68, 12, 56, -48, 0, 29, 48, 43, 43, 
53, 78, 24, -65, 14, 51, -43, 0, 29, 43, 43, 43, 
53, 73, 19, -63, 17, 46, -43, 0, 24, 39, 43, 43, 
53, 73, 19, -63, 17, 46, -43, 0, 19, 39, 39, 39, 
58, 63, 4, -61, 26, 34, -39, 0, 14, 34, 34, 39, 
58, 58, 0, -58, 29, 29, -39, -9, 4, 24, 29, 34, 
58, 53, -4, -56, 31, 24, -34, -9, 0, 19, 24, 34, 
58, 43, -14, -51, 36, 14, -34, -9, -14, 14, 19, 29, 
53, 34, -19, -43, 36, 7, -29, -9, -19, 4, 14, 19, 
48, 24, -24, -36, 36, 0, -24, -14, -24, 0, 4, 14, 
39, 19, -19, -29, 29, 0, -19, -14, -29, -9, 0, 9, 
34, 9, -24, -21, 29, -7, -14, -19, -34, -19, -9, 4, 
24, 0, -24, -12, 24, -12, -9, -24, -39, -24, -14, 0, 
19, -14, -34, -2, 26, -24, 0, -29, -43, -29, -24, -14, 
14, -19, -34, 2, 24, -26, 9, -29, -48, -39, -29, -19, 
4, -29, -34, 12, 19, -31, 9, -34, -53, -43, -34, -24, 
0, -34, -34, 17, 17, -34, 14, -34, -58, -48, -39, -29, 
-9, -39, -29, 24, 9, -34, 19, -39, -63, -53, -43, -34, 
-14, -39, -24, 26, 4, -31, 19, -39, -63, -53, -43, -39, 
-14, -43, -29, 29, 7, -36, 19, -43, -68, -58, -48, -43, 
-14, -43, -29, 29, 7, -36, 24, -43, -73, -63, -53, -48, 
-14, -43, -29, 29, 7, -36, 24, -43, -73, -68, -58, -48, 
-14, -48, -34, 31, 9, -41, 24, -43, -78, -68, -58, -53, 
-9, -48, -39, 29, 14, -43, 24, -43, -82, -73, -63, -53, 
-14, -53, -39, 34, 12, -46, 24, -43, -82, -78, -63, -58, 
-14, -53, -39, 34, 12, -46, 29, -43, -82, -78, -68, -58, 
-14, -58, -43, 36, 14, -51, 29, -43, -82, -78, -68, -58, 
-19, -58, -39, 39, 9, -48, 34, -43, -82, -78, -68, -58, 
-19, -63, -43, 41, 12, -53, 34, -43, -87, -82, -68, -58, 
-19, -63, -43, 41, 12, -53, 34, -43, -87, -82, -68, -58, 
-19, -68, -48, 43, 14, -58, 34, -43, -87, -82, -68, -58, 
-24, -68, -43, 46, 9, -56, 34, -43, -87, -82, -68, -58, 
-24, -73, -48, 48, 12, -61, 34, -43, -87, -78, -68, -58, 
-29, -73, -43, 51, 7, -58, 34, -43, -87, -78, -68, -58, 
-29, -78, -48, 53, 9, -63, 39, -43, -87, -78, -68, -58, 
-34, -78, -43, 56, 4, -61, 39, -43, -87, -78, -68, -58, 
-34, -78, -43, 56, 4, -61, 39, -43, -87, -78, -68, -58, 
-29, -82, -53, 56, 12, -68, 39, -43, -92, -78, -73, -58, 
-29, -82, -53, 56, 12, -68, 39, -43, -92, -78, -73, -58, 
-29, -82, -53, 56, 12, -68, 39, -43, -92, -78, -73, -63, 
-34, -82, -48, 58, 7, -65, 34, -43, -92, -78, -73, -63, 
-34, -82, -48, 58, 7, -65, 34, -43, -92, -78, -78, -63, 
-34, -87, -53, 61, 9, -70, 39, -43, -92, -82, -78, -63, 
-34, -87, -53, 61, 9, -70, 39, -43, -92, -82, -78, -68, 
-34, -87, -53, 61, 9, -70, 39, -43, -97, -82, -78, -68, 
-34, -87, -53, 61, 9, -70, 39, -43, -97, -82, -78, -68, 
-34, -87, -53, 61, 9, -70, 39, -48, -97, -87, -82, -68, 
-34, -82, -48, 58, 7, -65, 39, -48, -97, -87, -82, -68, 
-34, -82, -48, 58, 7, -65, 39, -48, -97, -87, -82, -68, 
-34, -82, -48, 58, 7, -65, 39, -48, -97, -87, -82, -68, 
-34, -82, -48, 58, 7, -65, 34, -48, -97, -87, -78, -68, 
-34, -78, -43, 56, 4, -61, 39, -48, -97, -82, -78, -68, 
-34, -78, -43, 56, 4, -61, 39, -48, -92, -82, -78, -68, 
-34, -78, -43, 56, 4, -61, 39, -48, -92, -82, -78, -68, 
-34, -82, -48, 58, 7, -65, 39, -48, -92, -82, -78, -68, 
-34, -82, -48, 58, 7, -65, 43, -48, -92, -82, -78, -68, 
-39, -82, -43, 61, 2, -63, 43, -48, -92, -82, -78, -68, 
-39, -82, -43, 61, 2, -63, 43, -48, -92, -82, -78, -68, 
-39, -82, -43, 61, 2, -63, 43, -48, -87, -78, -78, -63, 
-43, -87, -43, 65, 0, -65, 43, -48, -87, -78, -78, -68, 
-43, -87, -43, 65, 0, -65, 43, -43, -87, -82, -78, -68, 
-43, -87, -43, 65, 0, -65, 43, -43, -87, -78, -78, -63, 
-48, -92, -43, 70, -2, -68, 48, -43, -87, -78, -82, -68, 
-48, -92, -43, 70, -2, -68, 48, -43, -87, -87, -82, -68, 
-53, -97, -43, 75, -4, -70, 53, -43, -92, -87, -87, -68, 
-53, -97, -43, 75, -4, -70, 53, -48, -92, -82, -87, -73, 
-53, -97, -43, 75, -4, -70, 53, -48, -92, -87, -87, -73, 
-48, -97, -48, 73, 0, -73, 58, -48, -82, -82, -87, -73, 
-53, -82, -29, 68, -12, -56, 53, -48, -68, -82, -97, -82, 
-58, -82, -24, 70, -17, -53, 58, -43, -53, -78, -97, -87, 
-58, -82, -24, 70, -17, -53, 63, -29, -24, -68, -102, -97, 
-58, -82, -24, 70, -17, -53, 78, 9, 19, -58, -107, -107, 
-48, -82, -34, 65, -7, -58, 82, 48, 63, -48, -102, -117, 
-39, -92, -53, 65, 7, -73, 92, 97, 97, -34, -107, -122, 
-39, -92, -53, 65, 7, -73, 102, 146, 146, -9, -97, -122, 
-19, -87, -68, 53, 24, -78, 102, 185, 190, 29, -73, -112, 
9, -78, -87, 34, 48, -82, 92, 229, 239, 82, -24, -78, 
43, -68, -112, 12, 78, -90, 87, 273, 292, 156, 29, -43, 
78, -58, -136, -9, 107, -97, 82, 317, 341, 224, 82, -14, 
112, -29, -141, -41, 126, -85, 58, 331, 380, 307, 151, 43, 
146, 39, -107, -92, 126, -34, 14, 307, 385, 395, 248, 126, 
180, 117, -63, -148, 122, 26, -48, 244, 370, 497, 356, 219, 
204, 185, -19, -195, 112, 82, -102, 180, 366, 610, 468, 302, 
224, 253, 29, -239, 97, 141, -146, 146, 400, 732, 575, 390, 
239, 331, 92, -285, 73, 212, -190, 107, 414, 819, 678, 488, 
248, 424, 175, -336, 36, 300, -239, 39, 356, 824, 741, 570, 
239, 478, 239, -358, 0, 358, -263, -63, 248, 736, 732, 619, 
219, 502, 283, -361, -31, 392, -283, -165, 136, 624, 692, 629, 
180, 478, 297, -329, -58, 387, -278, -239, 73, 492, 610, 610, 
156, 390, 234, -273, -39, 312, -258, -292, -29, 292, 458, 527, 
107, 312, 204, -209, -48, 258, -234, -366, -190, 73, 287, 434, 
58, 268, 209, -163, -75, 239, -224, -478, -385, -87, 161, 356, 
4, 195, 190, -100, -92, 192, -200, -575, -590, -253, 34, 258, 
-53, 73, 126, -9, -90, 100, -161, -629, -795, -468, -146, 122, 
-78, -24, 53, 51, -65, 14, -122, -644, -936, -624, -273, 24, 
-82, -58, 24, 70, -53, -17, -107, -614, -980, -653, -302, 0, 
-78, -58, 19, 68, -48, -19, -92, -546, -927, -600, -273, 0, 
-73, -78, -4, 75, -34, -41, -68, -453, -819, -531, -244, -14, 
-58, -117, -58, 87, 0, -87, -29, -366, -741, -497, -253, -43, 
-43, -161, -117, 102, 36, -139, 14, -297, -688, -473, -258, -78, 
-39, -185, -146, 112, 53, -165, 43, -229, -614, -439, -258, -102, 
-39, -214, -175, 126, 68, -195, 58, -170, -541, -395, -253, -117, 
-34, -219, -185, 126, 75, -202, 73, -126, -478, -361, -244, -126, 
-34, -219, -185, 126, 75, -202, 78, -92, -424, -326, -224, -131, 
-34, -209, -175, 122, 70, -192, 92, -58, -361, -297, -209, -126, 
-29, -185, -156, 107, 63, -170, 92, -34, -307, -258, -185, -122, 
-24, -156, -131, 90, 53, -143, 87, -29, -248, -219, -161, -107, 
-24, -131, -107, 78, 41, -119, 82, -14, -190, -175, -136, -97, 
-19, -122, -102, 70, 41, -112, 73, 9, -146, -141, -122, -87, 
-19, -107, -87, 63, 34, -97, 73, 19, -122, -122, -112, -82, 
-24, -97, -73, 61, 24, -85, 63, 19, -112, -112, -102, -78, 
-29, -87, -58, 58, 14, -73, 58, 9, -102, -107, -92, -73, 
-29, -68, -39, 48, 4, -53, 53, 9, -87, -97, -82, -63, 
-24, -58, -34, 41, 4, -46, 53, 4, -82, -92, -78, -63, 
-24, -53, -29, 39, 2, -41, 53, 9, -68, -82, -78, -63, 
-19, -53, -34, 36, 7, -43, 48, 9, -58, -82, -78, -63, 
-14, -48, -34, 31, 9, -41, 48, 9, -48, -73, -73, -63, 
-14, -43, -29, 29, 7, -36, 43, 9, -43, -68, -73, -58, 
-14, -53, -39, 34, 12, -46, 39, 9, -43, -63, -68, -63, 
-24, -53, -29, 39, 2, -41, 34, 9, -43, -63, -63, -63, 
-24, -53, -29, 39, 2, -41, 43, 4, -43, -63, -63, -63, 
-29, -58, -29, 43, 0, -43, 48, 4, -48, -63, -68, -53, 
-24, -58, -34, 41, 4, -46, 48, 9, -43, -58, -58, -53, 
-24, -53, -29, 39, 2, -41, 48, 9, -39, -53, -63, -53, 
-24, -53, -29, 39, 2, -41, 43, 14, -39, -53, -58, -48, 
-19, -53, -34, 36, 7, -43, 43, 14, -29, -53, -58, -48, 
-24, -53, -29, 39, 2, -41, 39, 19, -24, -48, -53, -48, 
-19, -53, -34, 36, 7, -43, 39, 19, -19, -39, -53, -48, 
-24, -58, -34, 41, 4, -46, 43, 19, -14, -43, -48, -48, 
-19, -48, -29, 34, 4, -39, 43, 19, -9, -43, -43, -48, 
-24, -48, -24, 36, 0, -36, 43, 24, -14, -39, -43, -43, 
-29, -48, -19, 39, -4, -34, 39, 19, -14, -34, -39, -43, 
-24, -48, -24, 36, 0, -36, 39, 19, -9, -34, -39, -43, 
-29, -53, -24, 41, -2, -39, 34, 19, -19, -39, -43, -43, 
-29, -53, -24, 41, -2, -39, 39, 24, -9, -39, -43, -48, 
-24, -43, -19, 34, -2, -31, 39, 29, 4, -34, -43, -43, 
-14, -39, -24, 26, 4, -31, 39, 34, 9, -34, -39, -43, 
-19, -39, -19, 29, 0, -29, 34, 34, 14, -34, -39, -43, 
-14, -39, -24, 26, 4, -31, 29, 34, 14, -29, -39, -43, 
-14, -34, -19, 24, 2, -26, 29, 34, 14, -24, -39, -48, 
-9, -29, -19, 19, 4, -24, 29, 34, 14, -24, -34, -43, 
-14, -29, -14, 21, 0, -21, 24, 39, 14, -24, -29, -39, 
-14, -39, -24, 26, 4, -31, 24, 39, 14, -19, -34, -39, 
-9, -34, -24, 21, 7, -29, 24, 43, 14, -24, -39, -39, 
0, -29, -29, 14, 14, -29, 24, 43, 24, -19, -39, -39, 
0, -29, -29, 14, 14, -29, 24, 48, 29, -19, -39, -39, 
0, -29, -29, 14, 14, -29, 24, 48, 34, -24, -39, -39, 
0, -24, -24, 12, 12, -24, 19, 48, 34, -19, -34, -39, 
0, -29, -29, 14, 14, -29, 19, 48, 29, -14, -34, -39, 
-9, -29, -19, 19, 4, -24, 29, 48, 29, -9, -34, -34, 
0, -24, -24, 12, 12, -24, 29, 48, 39, -9, -29, -34, 
0, -24, -24, 12, 12, -24, 29, 48, 34, -9, -24, -34, 
-9, -24, -14, 17, 2, -19, 34, 48, 34, -9, -29, -39, 
-14, -24, -9, 19, -2, -17, 24, 53, 34, -14, -29, -39, 
-14, -24, -9, 19, -2, -17, 19, 48, 39, -14, -34, -39, 
-19, -24, -4, 21, -7, -14, 24, 48, 43, -9, -29, -39, 
-9, -24, -14, 17, 2, -19, 24, 53, 53, -9, -29, -39, 
0, -9, -9, 4, 4, -9, 29, 58, 58, 0, -24, -34, 
0, 0, 0, 0, 0, 0, 24, 63, 63, 9, -24, -29, 
4, 4, 0, -4, 2, 2, 29, 63, 63, 9, -19, -24, 
9, 9, 0, -9, 4, 4, 24, 63, 68, 14, 0, -24, 
9, 9, 0, -9, 4, 4, 19, 63, 68, 14, 0, -19, 
9, 9, 0, -9, 4, 4, 14, 68, 68, 14, 0, -19, 
9, 9, 0, -9, 4, 4, 14, 63, 63, 9, -14, -19, 
9, 9, 0, -9, 4, 4, 19, 68, 68, 9, -14, -19, 
4, 0, -4, -2, 4, -2, 14, 68, 73, 9, -14, -24, 
4, 0, -4, -2, 4, -2, 14, 68, 78, 9, -14, -24, 
9, 4, -4, -7, 7, 0, 9, 73, 87, 19, -9, -19, 
9, 9, 0, -9, 4, 4, 9, 73, 87, 24, 0, -19, 
4, 4, 0, -4, 2, 2, 4, 73, 87, 29, 4, -19, 
9, 9, 0, -9, 4, 4, 9, 73, 92, 29, 0, -14, 
14, 19, 4, -17, 4, 12, 4, 78, 92, 29, 4, -14, 
14, 19, 4, -17, 4, 12, 4, 78, 92, 29, 4, -14, 
9, 9, 0, -9, 4, 4, 4, 82, 97, 29, 4, -14, 
9, 9, 0, -9, 4, 4, 4, 87, 97, 34, 4, -14, 
9, 4, -4, -7, 7, 0, 4, 87, 107, 34, 4, -19, 
4, 0, -4, -2, 4, -2, 4, 92, 112, 43, 9, -19, 
4, 9, 4, -7, 0, 7, 9, 92, 122, 48, 14, -9, 
9, 14, 4, -12, 2, 9, 14, 97, 126, 58, 19, 0, 
9, 14, 4, -12, 2, 9, 9, 97, 126, 63, 24, 0, 
14, 19, 4, -17, 4, 12, 4, 102, 126, 63, 29, 0, 
9, 24, 14, -17, -2, 19, 4, 102, 131, 68, 29, 9, 
9, 19, 9, -14, 0, 14, 4, 107, 136, 63, 34, 9, 
4, 14, 9, -9, -2, 12, 0, 112, 136, 58, 34, 9, 
19, 19, 0, -19, 9, 9, 0, 117, 141, 63, 29, 9, 
24, 29, 4, -26, 9, 17, 0, 122, 151, 68, 34, 14, 
24, 34, 9, -29, 7, 21, -14, 122, 161, 73, 39, 14, 
24, 39, 14, -31, 4, 26, -14, 122, 170, 82, 43, 9, 
19, 39, 19, -29, 0, 29, -14, 126, 170, 87, 43, 14, 
14, 39, 24, -26, -4, 31, -24, 126, 175, 92, 48, 14, 
14, 43, 29, -29, -7, 36, -19, 126, 180, 97, 53, 19, 
19, 48, 29, -34, -4, 39, -19, 131, 185, 97, 58, 24, 
34, 63, 29, -48, 2, 46, -19, 136, 190, 102, 63, 29, 
39, 68, 29, -53, 4, 48, -19, 146, 195, 112, 68, 34, 
43, 73, 29, -58, 7, 51, -19, 151, 219, 117, 73, 39, 
43, 78, 34, -61, 4, 56, -29, 156, 229, 126, 73, 39, 
43, 82, 39, -63, 2, 61, -29, 161, 239, 131, 78, 48, 
39, 87, 48, -63, -4, 68, -34, 165, 248, 141, 87, 48, 
43, 87, 43, -65, 0, 65, -29, 170, 258, 146, 92, 48, 
43, 92, 48, -68, -2, 70, -34, 175, 263, 156, 102, 58, 
48, 102, 53, -75, -2, 78, -39, 175, 268, 165, 107, 63, 
43, 102, 58, -73, -7, 80, -39, 180, 273, 170, 112, 73, 
39, 102, 63, -70, -12, 82, -43, 185, 278, 175, 117, 78, 
39, 102, 63, -70, -12, 82, -43, 190, 287, 175, 126, 82, 
43, 112, 68, -78, -12, 90, -43, 195, 302, 185, 131, 87, 
43, 122, 78, -82, -17, 100, -43, 204, 307, 195, 131, 92, 
43, 126, 82, -85, -19, 104, -48, 209, 317, 209, 136, 102, 
43, 131, 87, -87, -21, 109, -53, 214, 326, 219, 146, 107, 
48, 131, 82, -90, -17, 107, -58, 214, 326, 229, 151, 112, 
53, 141, 87, -97, -17, 114, -63, 224, 331, 239, 165, 117, 
58, 151, 92, -104, -17, 122, -63, 224, 336, 239, 175, 126, 
63, 161, 97, -112, -17, 129, -58, 229, 346, 253, 180, 136, 
63, 165, 102, -114, -19, 134, -63, 234, 351, 258, 190, 141, 
58, 165, 107, -112, -24, 136, -68, 234, 356, 263, 190, 136, 
58, 170, 112, -114, -26, 141, -63, 234, 361, 263, 195, 146, 
63, 170, 107, -117, -21, 139, -63, 229, 370, 263, 209, 151, 
73, 180, 107, -126, -17, 143, -58, 234, 375, 273, 214, 156, 
73, 190, 117, -131, -21, 153, -68, 234, 380, 283, 224, 161, 
73, 195, 122, -134, -24, 158, -63, 239, 385, 292, 229, 165, 
73, 195, 122, -134, -24, 158, -73, 234, 385, 297, 234, 170, 
73, 204, 131, -139, -29, 168, -82, 234, 385, 302, 244, 175, 
73, 209, 136, -141, -31, 173, -82, 234, 390, 307, 248, 175, 
78, 214, 136, -146, -29, 175, -78, 229, 385, 307, 253, 180, 
82, 224, 141, -153, -29, 183, -87, 229, 385, 307, 253, 185, 
87, 234, 146, -161, -29, 190, -87, 229, 390, 317, 263, 195, 
92, 239, 146, -165, -26, 192, -87, 229, 395, 326, 263, 190, 
92, 244, 151, -168, -29, 197, -92, 229, 395, 326, 268, 204, 
87, 244, 156, -165, -34, 200, -102, 219, 385, 326, 268, 204, 
87, 248, 161, -168, -36, 204, -102, 209, 385, 331, 268, 204, 
87, 253, 165, -170, -39, 209, -107, 204, 375, 331, 273, 209, 
92, 253, 161, -173, -34, 207, -112, 190, 370, 331, 283, 214, 
92, 258, 165, -175, -36, 212, -117, 180, 361, 326, 278, 224, 
92, 253, 161, -173, -34, 207, -112, 175, 351, 322, 283, 224, 
92, 253, 161, -173, -34, 207, -117, 165, 336, 312, 273, 214, 
82, 244, 161, -163, -39, 202, -112, 156, 326, 297, 263, 209, 
78, 234, 156, -156, -39, 195, -112, 146, 312, 292, 253, 204, 
73, 224, 151, -148, -39, 187, -107, 136, 302, 278, 244, 190, 
68, 214, 146, -141, -39, 180, -102, 126, 287, 263, 229, 175, 
68, 195, 126, -131, -29, 161, -97, 112, 263, 253, 219, 170, 
63, 190, 126, -126, -31, 158, -92, 102, 248, 244, 214, 165, 
48, 175, 126, -112, -39, 151, -87, 92, 229, 229, 204, 156, 
43, 161, 117, -102, -36, 139, -82, 78, 214, 214, 190, 146, 
43, 151, 107, -97, -31, 129, -73, 73, 195, 190, 175, 141, 
39, 141, 102, -90, -31, 122, -63, 68, 180, 175, 165, 131, 
34, 126, 92, -80, -29, 109, -58, 58, 165, 161, 146, 112, 
29, 112, 82, -70, -26, 97, -53, 53, 151, 146, 141, 102, 
24, 112, 87, -68, -31, 100, -53, 43, 136, 131, 126, 92, 
19, 102, 82, -61, -31, 92, -48, 39, 126, 122, 112, 78, 
19, 87, 68, -53, -24, 78, -48, 34, 112, 107, 97, 73, 
14, 78, 63, -46, -24, 70, -43, 24, 97, 97, 92, 63, 
9, 68, 58, -39, -24, 63, -39, 19, 82, 82, 82, 53, 
4, 58, 53, -31, -24, 56, -29, 14, 68, 68, 73, 48, 
0, 43, 43, -21, -21, 43, -24, 9, 53, 53, 63, 43, 
4, 39, 34, -21, -14, 36, -19, 4, 43, 43, 53, 39, 
9, 34, 24, -21, -7, 29, -14, 4, 39, 34, 43, 34, 
14, 29, 14, -21, 0, 21, -9, 4, 34, 29, 34, 24, 
9, 24, 14, -17, -2, 19, -9, 0, 29, 14, 29, 19, 
4, 9, 4, -7, 0, 7, -9, -9, 19, 9, 19, 4, 
0, 4, 4, -2, -2, 4, -9, -9, 9, 4, 14, 0, 
0, -9, -9, 4, 4, -9, -9, -9, 0, 0, 9, -9, 
-9, -14, -4, 12, -2, -9, 0, -14, -9, -14, 9, 0, 
-9, -19, -9, 14, 0, -14, 4, -19, -19, -19, 4, -9, 
0, -19, -19, 9, 9, -19, 4, -19, -19, -19, 4, -9, 
0, -19, -19, 9, 9, -19, 9, -19, -24, -24, 0, 0, 
-9, -24, -14, 17, 2, -19, 9, -29, -24, -29, -9, -9, 
-9, -29, -19, 19, 4, -24, 14, -29, -24, -34, -14, -9, 
-9, -29, -19, 19, 4, -24, 9, -29, -24, -39, -9, -14, 
-24, -48, -24, 36, 0, -36, 19, -34, -39, -43, -19, -24, 
-19, -43, -24, 31, 2, -34, 19, -34, -39, -48, -19, -24, 
-19, -43, -24, 31, 2, -34, 9, -34, -39, -48, -19, -24, 
-14, -43, -29, 29, 7, -36, 4, -34, -39, -48, -19, -24, 
-14, -43, -29, 29, 7, -36, 4, -34, -39, -48, -19, -24, 
-9, -39, -29, 24, 9, -34, 0, -39, -39, -48, -19, -24, 
-9, -39, -29, 24, 9, -34, 0, -39, -39, -48, -19, -24, 
-9, -39, -29, 24, 9, -34, 0, -39, -39, -48, -19, -24, 
-9, -39, -29, 24, 9, -34, 0, -39, -39, -43, -24, -24, 
-9, -39, -29, 24, 9, -34, 0, -39, -39, -43, -24, -24, 
-14, -43, -29, 29, 7, -36, 4, -39, -39, -48, -24, -24, 
-14, -43, -29, 29, 7, -36, 4, -39, -43, -48, -24, -24, 
-14, -43, -29, 29, 7, -36, 9, -34, -43, -48, -24, -24, 
-14, -43, -29, 29, 7, -36, 9, -34, -43, -48, -24, -29, 
-14, -48, -34, 31, 9, -41, 14, -34, -39, -48, -24, -29, 
-14, -48, -34, 31, 9, -41, 14, -34, -39, -43, -24, -29, 
-14, -48, -34, 31, 9, -41, 19, -34, -39, -43, -24, -29, 
-14, -48, -34, 31, 9, -41, 19, -34, -39, -43, -24, -29, 
-14, -48, -34, 31, 9, -41, 19, -34, -43, -43, -24, -29, 
-14, -48, -34, 31, 9, -41, 19, -34, -43, -43, -24, -29, 
-9, -48, -39, 29, 14, -43, 14, -34, -43, -48, -24, -29, 
-9, -48, -39, 29, 14, -43, 14, -34, -43, -48, -29, -29, 
-9, -48, -39, 29, 14, -43, 14, -34, -43, -48, -29, -34, 
0, -48, -48, 24, 24, -48, 9, -34, -43, -43, -29, -34, 
0, -48, -48, 24, 24, -48, 9, -34, -39, -43, -29, -34, 
0, -43, -43, 21, 21, -43, 9, -34, -39, -43, -29, -34, 
0, -48, -48, 24, 24, -48, 9, -34, -39, -43, -29, -34, 
0, -48, -48, 24, 24, -48, 9, -34, -39, -43, -29, -34, 
0, -43, -43, 21, 21, -43, 9, -34, -39, -43, -29, -29, 
4, -43, -48, 19, 26, -46, 9, -34, -39, -43, -29, -29, 
4, -43, -48, 19, 26, -46, 9, -34, -39, -43, -29, -29, 
4, -43, -48, 19, 26, -46, 9, -34, -39, -43, -29, -29, 
4, -43, -48, 19, 26, -46, 9, -34, -34, -43, -29, -29, 
4, -43, -48, 19, 26, -46, 14, -34, -34, -43, -24, -29, 
4, -34, -39, 14, 21, -36, 14, -29, -34, -43, -24, -29, 
4, -34, -39, 14, 21, -36, 14, -29, -34, -43, -24, -29, 
4, -29, -34, 12, 19, -31, 14, -29, -29, -39, -24, -29, 
4, -29, -34, 12, 19, -31, 9, -29, -29, -39, -24, -24, 
9, -29, -39, 9, 24, -34, 9, -29, -29, -39, -24, -24, 
9, -29, -39, 9, 24, -34, 9, -29, -29, -39, -24, -24, 
9, -29, -39, 9, 24, -34, 9, -29, -29, -39, -24, -24, 
4, -29, -34, 12, 19, -31, 9, -29, -29, -39, -24, -29, 
4, -29, -34, 12, 19, -31, 9, -29, -29, -39, -24, -24, 
4, -29, -34, 12, 19, -31, 14, -29, -29, -39, -24, -29, 
4, -29, -34, 12, 19, -31, 14, -34, -29, -39, -24, -29, 
0, -34, -34, 17, 17, -34, 14, -34, -29, -39, -29, -29, 
0, -34, -34, 17, 17, -34, 14, -34, -29, -43, -29, -29, 
0, -34, -34, 17, 17, -34, 14, -34, -29, -43, -29, -29, 
0, -39, -39, 19, 19, -39, 14, -34, -34, -43, -29, -29, 
0, -39, -39, 19, 19, -39, 14, -39, -34, -43, -29, -29, 
0, -39, -39, 19, 19, -39, 14, -39, -34, -43, -29, -29, 
0, -39, -39, 19, 19, -39, 14, -39, -34, -43, -29, -29, 
0, -39, -39, 19, 19, -39, 14, -39, -34, -43, -29, -29, 
4, -34, -39, 14, 21, -36, 14, -29, -34, -43, -29, -29, 
4, -34, -39, 14, 21, -36, 14, -29, -34, -39, -29, -29, 
9, -34, -43, 12, 26, -39, 14, -29, -34, -39, -29, -29, 
9, -34, -43, 12, 26, -39, 9, -29, -34, -39, -29, -29, 
9, -29, -39, 9, 24, -34, 9, -29, -34, -39, -29, -29, 
14, -29, -43, 7, 29, -36, 4, -29, -34, -34, -24, -24, 
14, -24, -39, 4, 26, -31, 4, -29, -34, -34, -24, -24, 
14, -24, -39, 4, 26, -31, 4, -24, -34, -34, -24, -24, 
14, -24, -39, 4, 26, -31, 0, -24, -34, -34, -24, -24, 
14, -24, -39, 4, 26, -31, 0, -24, -34, -34, -24, -24, 
14, -24, -39, 4, 26, -31, 0, -29, -34, -34, -24, -24, 
9, -24, -34, 7, 21, -29, 0, -29, -34, -34, -24, -24, 
9, -29, -39, 9, 24, -34, 0, -29, -34, -34, -24, -24, 
9, -29, -39, 9, 24, -34, 0, -29, -34, -34, -24, -24, 
4, -29, -34, 12, 19, -31, 0, -29, -34, -34, -24, -24, 
4, -24, -29, 9, 17, -26, 0, -29, -39, -34, -24, -24, 
4, -24, -29, 9, 17, -26, 0, -29, -39, -34, -24, -24, 
4, -24, -29, 9, 17, -26, 0, -29, -39, -39, -24, -24, 
4, -24, -29, 9, 17, -26, 0, -29, -39, -39, -24, -24, 
4, -24, -29, 9, 17, -26, 0, -29, -43, -39, -24, -24, 
4, -24, -29, 9, 17, -26, 0, -29, -43, -39, -24, -24, 
4, -24, -29, 9, 17, -26, 0, -29, -43, -39, -24, -24, 
4, -29, -34, 12, 19, -31, 0, -29, -43, -39, -24, -24, 
0, -29, -29, 14, 14, -29, 0, -29, -43, -39, -24, -24, 
0, -29, -29, 14, 14, -29, 0, -34, -43, -39, -24, -24, 
0, -29, -29, 14, 14, -29, 0, -34, -43, -39, -29, -24, 
4, -29, -34, 12, 19, -31, 0, -34, -48, -39, -29, -24, 
4, -29, -34, 12, 19, -31, 0, -34, -48, -39, -29, -24, 
4, -29, -34, 12, 19, -31, 0, -34, -48, -39, -29, -24, 
4, -29, -34, 12, 19, -31, 0, -34, -48, -39, -29, -24, 
0, -29, -29, 14, 14, -29, 0, -34, -48, -39, -29, -24, 
0, -34, -34, 17, 17, -34, 4, -34, -48, -39, -29, -29, 
0, -34, -34, 17, 17, -34, 4, -34, -48, -39, -29, -29, 
-9, -34, -24, 21, 7, -29, 4, -34, -48, -39, -29, -29, 
-9, -34, -24, 21, 7, -29, 4, -34, -48, -43, -34, -29, 
-9, -34, -24, 21, 7, -29, 4, -34, -48, -43, -34, -29, 
-9, -34, -24, 21, 7, -29, 4, -34, -48, -43, -29, -24, 
-9, -34, -24, 21, 7, -29, 4, -34, -48, -43, -29, -24, 
-14, -39, -24, 26, 4, -31, 4, -34, -53, -43, -34, -29, 
-14, -43, -29, 29, 7, -36, 4, -34, -53, -43, -34, -29, 
-14, -43, -29, 29, 7, -36, 4, -39, -53, -48, -34, -29, 
-19, -43, -24, 31, 2, -34, 4, -39, -53, -48, -34, -29, 
-19, -43, -24, 31, 2, -34, 4, -39, -53, -43, -34, -29, 
-19, -43, -24, 31, 2, -34, 4, -39, -58, -43, -34, -29, 
-19, -43, -24, 31, 2, -34, 4, -39, -58, -43, -34, -29, 
-19, -43, -24, 31, 2, -34, 4, -39, -58, -43, -34, -29, 
-19, -43, -24, 31, 2, -34, 9, -39, -58, -43, -34, -29, 
-19, -43, -24, 31, 2, -34, 9, -39, -63, -43, -34, -29, 
-19, -43, -24, 31, 2, -34, 9, -39, -63, -43, -34, -29, 
-14, -43, -29, 29, 7, -36, 9, -39, -63, -43, -39, -29, 
-14, -43, -29, 29, 7, -36, 9, -39, -63, -43, -39, -29, 
-14, -43, -29, 29, 7, -36, 9, -39, -63, -43, -39, -29, 
-14, -43, -29, 29, 7, -36, 14, -39, -63, -43, -39, -34, 
-14, -43, -29, 29, 7, -36, 9, -39, -63, -48, -39, -34, 
-14, -39, -24, 26, 4, -31, 9, -39, -68, -48, -39, -34, 
-14, -43, -29, 29, 7, -36, 9, -39, -68, -48, -43, -34, 
-14, -39, -24, 26, 4, -31, 9, -39, -68, -53, -43, -34, 
-14, -39, -24, 26, 4, -31, 4, -39, -68, -53, -43, -34, 
-14, -39, -24, 26, 4, -31, 4, -43, -68, -53, -43, -34, 
-9, -39, -29, 24, 9, -34, 4, -43, -68, -53, -43, -34, 
-9, -39, -29, 24, 9, -34, 4, -39, -68, -53, -43, -34, 
-9, -39, -29, 24, 9, -34, 4, -39, -68, -53, -43, -34, 
-9, -39, -29, 24, 9, -34, 4, -43, -68, -53, -43, -34, 
-9, -39, -29, 24, 9, -34, 4, -43, -68, -53, -43, -34, 
-14, -43, -29, 29, 7, -36, 4, -43, -73, -58, -39, -34, 
-14, -43, -29, 29, 7, -36, 9, -43, -73, -58, -39, -39, 
-19, -43, -24, 31, 2, -34, 9, -48, -73, -58, -39, -34, 
-19, -43, -24, 31, 2, -34, 9, -48, -73, -58, -39, -34, 
-19, -48, -29, 34, 4, -39, 9, -48, -73, -58, -39, -39, 
-19, -48, -29, 34, 4, -39, 14, -48, -73, -58, -39, -39, 
-19, -48, -29, 34, 4, -39, 14, -48, -78, -58, -39, -39, 
-24, -53, -29, 39, 2, -41, 9, -48, -78, -58, -43, -39, 
-24, -58, -34, 41, 4, -46, 9, -53, -82, -58, -43, -39, 
-29, -58, -29, 43, 0, -43, 9, -53, -82, -58, -43, -39, 
-29, -63, -34, 46, 2, -48, 9, -53, -82, -63, -43, -43, 
-29, -63, -34, 46, 2, -48, 9, -53, -82, -63, -43, -43, 
-29, -58, -29, 43, 0, -43, 9, -53, -82, -63, -43, -43, 
-24, -58, -34, 41, 4, -46, 9, -53, -82, -63, -43, -43, 
-19, -58, -39, 39, 9, -48, 4, -53, -82, -63, -43, -43, 
-19, -53, -34, 36, 7, -43, 4, -53, -82, -58, -43, -43, 
-19, -53, -34, 36, 7, -43, 4, -53, -82, -58, -43, -43, 
-19, -53, -34, 36, 7, -43, 9, -53, -82, -58, -43, -43, 
-19, -53, -34, 36, 7, -43, 9, -53, -82, -58, -48, -43, 
-14, -53, -39, 34, 12, -46, 9, -53, -82, -58, -48, -43, 
-14, -53, -39, 34, 12, -46, 9, -53, -82, -58, -48, -43, 
-14, -53, -39, 34, 12, -46, 9, -53, -82, -58, -48, -43, 
-9, -48, -39, 29, 14, -43, 14, -53, -78, -58, -48, -43, 
-9, -48, -39, 29, 14, -43, 9, -53, -78, -58, -48, -43, 
-9, -48, -39, 29, 14, -43, 9, -53, -78, -58, -48, -43, 
-9, -43, -34, 26, 12, -39, 9, -53, -78, -58, -48, -43, 
-9, -43, -34, 26, 12, -39, 9, -53, -73, -58, -48, -43, 
-9, -43, -34, 26, 12, -39, 9, -53, -73, -58, -48, -43, 
0, -43, -43, 21, 21, -43, 9, -53, -73, -58, -53, -43, 
0, -43, -43, 21, 21, -43, 9, -48, -73, -58, -53, -39, 
0, -43, -43, 21, 21, -43, 14, -53, -73, -58, -53, -39, 
0, -43, -43, 21, 21, -43, 14, -53, -73, -58, -53, -39, 
-9, -43, -34, 26, 12, -39, 14, -53, -73, -58, -53, -39, 
-9, -43, -34, 26, 12, -39, 19, -48, -73, -58, -53, -39, 
-9, -43, -34, 26, 12, -39, 19, -48, -73, -58, -53, -39, 
-9, -43, -34, 26, 12, -39, 19, -48, -73, -58, -53, -39, 
0, -43, -43, 21, 21, -43, 24, -48, -73, -63, -53, -43, 
0, -43, -43, 21, 21, -43, 24, -48, -73, -63, -53, -43, 
0, -39, -39, 19, 19, -39, 24, -48, -73, -58, -53, -43, 
0, -39, -39, 19, 19, -39, 24, -48, -73, -63, -48, -43, 
0, -39, -39, 19, 19, -39, 24, -48, -73, -63, -43, -43, 
0, -39, -39, 19, 19, -39, 24, -48, -73, -63, -43, -43, 
0, -39, -39, 19, 19, -39, 19, -48, -73, -58, -43, -43, 
0, -39, -39, 19, 19, -39, 19, -48, -73, -63, -43, -43, 
0, -39, -39, 19, 19, -39, 14, -48, -73, -63, -43, -43, 
0, -39, -39, 19, 19, -39, 14, -48, -73, -58, -43, -39, 
0, -39, -39, 19, 19, -39, 14, -48, -68, -58, -43, -39, 
0, -34, -34, 17, 17, -34, 9, -48, -68, -58, -43, -39, 
0, -34, -34, 17, 17, -34, 9, -48, -73, -53, -39, -39, 
0, -29, -29, 14, 14, -29, 4, -43, -68, -53, -39, -34, 
0, -24, -24, 12, 12, -24, 4, -43, -63, -48, -34, -34, 
-9, -24, -14, 17, 2, -19, 4, -43, -63, -48, -34, -29, 
-9, -19, -9, 14, 0, -14, 0, -39, -58, -43, -29, -29, 
0, -14, -14, 7, 7, -14, 0, -39, -53, -39, -29, -24, 
0, -14, -14, 7, 7, -14, 0, -39, -48, -34, -24, -24, 
0, -9, -9, 4, 4, -9, 0, -34, -43, -34, -24, -19, 
0, 0, 0, 0, 0, 0, 0, -34, -39, -29, -19, -19, 
0, 9, 9, -4, -4, 9, 0, -34, -34, -24, -19, -14, 
0, 14, 14, -7, -7, 14, 0, -34, -29, -24, -14, -14, 
0, 14, 14, -7, -7, 14, -9, -34, -24, -19, -9, -9, 
0, 19, 19, -9, -9, 19, -9, -29, -24, -19, -9, -9, 
0, 19, 19, -9, -9, 19, -9, -29, -19, -14, 0, 0, 
4, 19, 14, -12, -4, 17, -19, -29, -14, -14, 0, 0, 
9, 24, 14, -17, -2, 19, -24, -24, -9, -9, 4, 0, 
9, 29, 19, -19, -4, 24, -29, -24, -9, -9, 4, 4, 
14, 39, 24, -26, -4, 31, -29, -24, 0, 0, 9, 9, 
19, 43, 24, -31, -2, 34, -34, -24, 4, 4, 14, 14, 
24, 43, 19, -34, 2, 31, -39, -24, 4, 4, 14, 14, 
24, 48, 24, -36, 0, 36, -39, -24, 9, 9, 19, 14, 
29, 53, 24, -41, 2, 39, -43, -24, 9, 9, 19, 14, 
29, 58, 29, -43, 0, 43, -43, -29, 14, 14, 24, 19, 
29, 58, 29, -43, 0, 43, -43, -29, 9, 19, 29, 24, 
34, 63, 29, -48, 2, 46, -48, -29, 9, 19, 29, 24, 
34, 68, 34, -51, 0, 51, -48, -29, 14, 24, 34, 29, 
34, 73, 39, -53, -2, 56, -48, -34, 14, 24, 34, 34, 
34, 73, 39, -53, -2, 56, -43, -34, 19, 29, 39, 34, 
34, 73, 39, -53, -2, 56, -43, -34, 14, 29, 39, 34, 
34, 73, 39, -53, -2, 56, -43, -34, 14, 29, 39, 34, 
34, 73, 39, -53, -2, 56, -48, -34, 14, 29, 39, 34, 
34, 73, 39, -53, -2, 56, -48, -34, 14, 29, 39, 39, 
34, 73, 39, -53, -2, 56, -48, -34, 9, 29, 39, 39, 
34, 73, 39, -53, -2, 56, -48, -29, 9, 29, 39, 39, 
39, 63, 24, -51, 7, 43, -48, -34, 4, 24, 34, 34, 
39, 58, 19, -48, 9, 39, -48, -34, -9, 19, 34, 34, 
34, 48, 14, -41, 9, 31, -48, -34, -14, 14, 29, 29, 
34, 39, 4, -36, 14, 21, -43, -34, -19, 9, 19, 24, 
29, 29, 0, -29, 14, 14, -43, -34, -29, 4, 14, 19, 
24, 19, -4, -21, 14, 7, -39, -34, -34, -9, 9, 14, 
19, 9, -9, -14, 14, 0, -34, -34, -43, -14, 4, 9, 
14, 4, -9, -9, 12, -2, -24, -39, -48, -19, 0, 4, 
9, -9, -19, 0, 14, -14, -19, -43, -53, -29, -14, -9, 
4, -19, -24, 7, 14, -21, -14, -43, -58, -39, -19, -14, 
0, -29, -29, 14, 14, -29, 0, -48, -63, -43, -29, -19, 
-9, -34, -24, 21, 7, -29, 4, -48, -68, -48, -34, -29, 
-14, -43, -29, 29, 7, -36, 9, -48, -73, -53, -39, -34, 
-24, -48, -24, 36, 0, -36, 9, -53, -73, -58, -43, -39, 
-29, -58, -29, 43, 0, -43, 14, -53, -78, -63, -48, -39, 
-34, -63, -29, 48, -2, -46, 14, -58, -78, -68, -53, -43, 
-34, -68, -34, 51, 0, -51, 19, -58, -82, -73, -53, -48, 
-39, -73, -34, 56, -2, -53, 19, -58, -87, -73, -58, -48, 
-39, -73, -34, 56, -2, -53, 19, -58, -92, -78, -63, -48, 
-39, -78, -39, 58, 0, -58, 19, -58, -97, -78, -63, -53, 
-43, -82, -39, 63, -2, -61, 19, -58, -97, -82, -68, -53, 
-43, -87, -43, 65, 0, -65, 19, -58, -102, -82, -68, -58, 
-43, -87, -43, 65, 0, -65, 19, -63, -102, -87, -73, -58, 
-48, -92, -43, 70, -2, -68, 19, -63, -102, -87, -73, -58, 
-48, -87, -39, 68, -4, -63, 24, -63, -102, -87, -73, -63, 
-48, -92, -43, 70, -2, -68, 24, -63, -102, -87, -78, -63, 
-48, -92, -43, 70, -2, -68, 24, -63, -102, -87, -78, -63, 
-48, -92, -43, 70, -2, -68, 24, -63, -102, -87, -78, -68, 
-48, -92, -43, 70, -2, -68, 24, -63, -102, -87, -78, -68, 
-48, -92, -43, 70, -2, -68, 24, -63, -102, -87, -78, -68, 
-48, -92, -43, 70, -2, -68, 24, -63, -102, -87, -73, -68, 
-48, -92, -43, 70, -2, -68, 24, -63, -107, -87, -73, -68, 
-48, -92, -43, 70, -2, -68, 29, -63, -107, -87, -78, -68, 
-53, -92, -39, 73, -7, -65, 29, -63, -107, -92, -78, -73, 
-53, -97, -43, 75, -4, -70, 29, -63, -107, -92, -78, -73, 
-53, -97, -43, 75, -4, -70, 29, -63, -107, -92, -78, -73, 
-53, -97, -43, 75, -4, -70, 29, -63, -107, -92, -78, -73, 
-53, -97, -43, 75, -4, -70, 29, -63, -107, -92, -78, -73, 
-58, -97, -39, 78, -9, -68, 34, -63, -107, -92, -78, -73, 
-58, -97, -39, 78, -9, -68, 34, -63, -112, -92, -78, -73, 
-58, -97, -39, 78, -9, -68, 39, -63, -112, -97, -82, -78, 
-58, -102, -43, 80, -7, -73, 39, -63, -112, -97, -82, -78, 
-58, -102, -43, 80, -7, -73, 39, -63, -112, -97, -82, -78, 
-58, -102, -43, 80, -7, -73, 39, -68, -112, -97, -82, -78, 
-58, -102, -43, 80, -7, -73, 39, -68, -112, -97, -82, -78, 
-58, -102, -43, 80, -7, -73, 39, -68, -112, -97, -82, -78, 
-53, -102, -48, 78, -2, -75, 39, -68, -112, -97, -82, -78, 
-53, -102, -48, 78, -2, -75, 34, -68, -112, -97, -82, -78, 
-53, -102, -48, 78, -2, -75, 34, -68, -107, -97, -82, -78, 
-53, -102, -48, 78, -2, -75, 34, -68, -107, -92, -82, -73, 
-53, -102, -48, 78, -2, -75, 34, -63, -107, -92, -82, -73, 
-53, -97, -43, 75, -4, -70, 34, -63, -107, -92, -78, -68, 
-48, -97, -48, 73, 0, -73, 34, -63, -107, -92, -78, -68, 
-48, -97, -48, 73, 0, -73, 34, -63, -107, -92, -78, -68, 
-48, -97, -48, 73, 0, -73, 29, -63, -107, -92, -78, -68, 
-48, -97, -48, 73, 0, -73, 24, -63, -107, -87, -82, -68, 
-48, -97, -48, 73, 0, -73, 24, -63, -102, -87, -78, -68, 
-48, -97, -48, 73, 0, -73, 24, -63, -102, -87, -78, -68, 
-48, -97, -48, 73, 0, -73, 29, -63, -102, -92, -78, -68, 
-53, -97, -43, 75, -4, -70, 29, -63, -102, -92, -78, -68, 
-58, -102, -43, 80, -7, -73, 34, -63, -107, -87, -78, -68, 
-58, -102, -43, 80, -7, -73, 34, -68, -107, -87, -78, -68, 
-63, -102, -39, 82, -12, -70, 29, -68, -102, -92, -78, -73, 
-63, -107, -43, 85, -9, -75, 34, -68, -97, -87, -82, -82, 
-68, -97, -29, 82, -19, -63, 34, -68, -82, -87, -82, -82, 
-78, -97, -19, 87, -29, -58, 39, -68, -68, -87, -82, -87, 
-82, -97, -14, 90, -34, -56, 43, -53, -34, -78, -87, -92, 
-78, -92, -14, 85, -31, -53, 48, -24, 9, -63, -92, -97, 
-78, -92, -14, 85, -31, -53, 53, 19, 58, -53, -87, -107, 
-78, -97, -19, 87, -29, -58, 73, 63, 92, -34, -87, -117, 
-73, -97, -24, 85, -24, -61, 82, 107, 141, -14, -82, -122, 
-58, -92, -34, 75, -12, -63, 82, 151, 190, 24, -58, -112, 
-34, -82, -48, 58, 7, -65, 78, 190, 244, 78, -14, -82, 
4, -78, -82, 36, 43, -80, 73, 248, 292, 146, 34, -53, 
39, -68, -107, 14, 73, -87, 73, 297, 346, 214, 82, -29, 
78, -39, -117, -19, 97, -78, 48, 312, 390, 287, 151, 24, 
112, 29, -82, -70, 97, -26, 9, 287, 400, 385, 248, 102, 
156, 107, -48, -131, 102, 29, -58, 239, 380, 483, 351, 195, 
185, 170, -14, -178, 100, 78, -112, 180, 375, 600, 458, 287, 
209, 244, 34, -226, 87, 139, -156, 151, 414, 727, 575, 380, 
234, 326, 92, -280, 70, 209, -200, 122, 419, 824, 678, 483, 
253, 409, 156, -331, 48, 283, -248, 58, 361, 824, 736, 561, 
244, 468, 224, -356, 9, 346, -287, -43, 248, 746, 741, 614, 
229, 492, 263, -361, -17, 378, -302, -146, 146, 639, 707, 634, 
195, 473, 278, -334, -41, 375, -297, -219, 78, 512, 629, 619, 
170, 395, 224, -283, -26, 309, -278, -273, -34, 307, 473, 536, 
131, 312, 180, -222, -24, 246, -258, -356, -200, 87, 307, 448, 
82, 273, 190, -178, -53, 231, -248, -478, -405, -78, 180, 370, 
24, 204, 180, -114, -78, 192, -234, -580, -624, -244, 58, 287, 
-34, 78, 112, -21, -73, 95, -185, -644, -829, -463, -122, 151, 
-58, -19, 39, 39, -48, 9, -151, -658, -966, -624, -258, 53, 
-68, -53, 14, 61, -41, -19, -131, -644, -1010, -663, -287, 14, 
-68, -53, 14, 61, -41, -19, -117, -575, -961, -614, -268, 19, 
-63, -63, 0, 63, -31, -31, -92, -492, -854, -541, -244, 4, 
-48, -102, -53, 75, 2, -78, -58, -414, -771, -512, -253, -34, 
-39, -146, -107, 92, 34, -126, -19, -336, -722, -492, -268, -73, 
-34, -170, -136, 102, 51, -153, 14, -273, -649, -458, -263, -97, 
-39, -190, -151, 114, 56, -170, 29, -219, -566, -414, -253, -107, 
-29, -190, -161, 109, 65, -175, 39, -161, -497, -370, -239, -117, 
-34, -185, -151, 109, 58, -168, 48, -122, -434, -331, -219, -126, 
-34, -180, -146, 107, 56, -163, 63, -87, -370, -292, -200, -122, 
-29, -165, -136, 97, 53, -151, 58, -58, -307, -258, -185, -117, 
-29, -136, -107, 82, 39, -122, 58, -48, -244, -214, -156, -102, 
-29, -117, -87, 73, 29, -102, 53, -34, -180, -165, -131, -87, 
-29, -107, -78, 68, 24, -92, 53, -19, -131, -131, -112, -82, 
-29, -92, -63, 61, 17, -78, 58, 0, -107, -112, -102, -78, 
-39, -92, -53, 65, 7, -73, 53, 0, -97, -102, -92, -73, 
-43, -92, -48, 68, 2, -70, 48, -9, -87, -97, -82, -73, 
-48, -78, -29, 63, -9, -53, 48, -14, -73, -87, -78, -68, 
-48, -78, -29, 63, -9, -53, 48, -19, -68, -82, -73, -63, 
-43, -78, -34, 61, -4, -56, 48, -9, -53, -78, -73, -63, 
-43, -73, -29, 58, -7, -51, 48, -9, -43, -73, -73, -63, 
-39, -68, -29, 53, -4, -48, 43, -9, -34, -68, -73, -68, 
-39, -68, -29, 53, -4, -48, 43, -9, -29, -63, -68, -63, 
-39, -63, -24, 51, -7, -43, 39, -9, -34, -58, -68, -63, 
-43, -63, -19, 53, -12, -41, 34, -9, -29, -58, -63, -63, 
-43, -63, -19, 53, -12, -41, 34, -14, -34, -58, -63, -63, 
-48, -68, -19, 58, -14, -43, 39, -14, -39, -53, -63, -63, 
-43, -63, -19, 53, -12, -41, 43, -9, -39, -48, -63, -58, 
-39, -58, -19, 48, -9, -39, 43, -9, -34, -48, -58, -58, 
-34, -58, -24, 46, -4, -41, 43, 0, -29, -48, -63, -58, 
-34, -58, -24, 46, -4, -41, 34, 0, -19, -48, -63, -63, 
-39, -63, -24, 51, -7, -43, 34, 4, -19, -43, -63, -63, 
-34, -63, -29, 48, -2, -46, 34, 4, -9, -39, -58, -63, 
-34, -58, -24, 46, -4, -41, 34, 0, -9, -39, -63, -63, 
-34, -53, -19, 43, -7, -36, 39, -9, -9, -34, -58, -63, 
-34, -58, -24, 46, -4, -41, 34, -9, -9, -34, -53, -58, 
-39, -58, -19, 48, -9, -39, 34, -9, -9, -29, -53, -58, 
-39, -63, -24, 51, -7, -43, 34, -9, -14, -34, -53, -58, 
-43, -58, -14, 51, -14, -36, 34, -9, -19, -39, -58, -58, 
-39, -58, -19, 48, -9, -39, 34, 0, -9, -39, -58, -58, 
-34, -53, -19, 43, -7, -36, 29, 4, 4, -34, -58, -53, 
-24, -48, -24, 36, 0, -36, 24, 9, 9, -29, -53, -53, 
-29, -53, -24, 41, -2, -39, 24, 9, 14, -29, -53, -58, 
-34, -58, -24, 46, -4, -41, 24, 9, 19, -24, -53, -58, 
-34, -53, -19, 43, -7, -36, 24, 9, 19, -19, -48, -58, 
-29, -48, -19, 39, -4, -34, 24, 9, 19, -19, -48, -53, 
-34, -48, -14, 41, -9, -31, 24, 14, 14, -19, -43, -53, 
-34, -48, -14, 41, -9, -31, 24, 14, 14, -19, -43, -48, 
-29, -43, -14, 36, -7, -29, 24, 14, 19, -19, -43, -53, 
-29, -43, -14, 36, -7, -29, 24, 24, 24, -19, -43, -48, 
-24, -43, -19, 34, -2, -31, 24, 24, 29, -14, -43, -48, 
-29, -43, -14, 36, -7, -29, 24, 24, 39, -19, -39, -48, 
-29, -39, -9, 34, -9, -24, 29, 24, 43, -24, -39, -48, 
-29, -39, -9, 34, -9, -24, 29, 29, 39, -24, -34, -48, 
-29, -39, -9, 34, -9, -24, 39, 29, 43, -14, -29, -43, 
-24, -29, -4, 26, -9, -17, 39, 29, 43, -9, -24, -39, 
-24, -29, -4, 26, -9, -17, 39, 29, 43, -9, -24, -39, 
-24, -34, -9, 29, -7, -21, 29, 29, 43, -14, -29, -39, 
-29, -34, -4, 31, -12, -19, 29, 34, 43, -14, -29, -39, 
-24, -34, -9, 29, -7, -21, 24, 39, 48, -14, -29, -39, 
-29, -34, -4, 31, -12, -19, 24, 39, 53, -14, -34, -39, 
-24, -34, -9, 29, -7, -21, 24, 43, 58, -9, -29, -39, 
-19, -29, -9, 24, -4, -19, 24, 43, 68, 0, -24, -39, 
-9, -24, -14, 17, 2, -19, 24, 48, 73, 4, -29, -34, 
-9, -24, -14, 17, 2, -19, 19, 48, 73, 9, -24, -34, 
0, -19, -19, 9, 9, -19, 14, 48, 73, 14, -19, -29, 
0, -19, -19, 9, 9, -19, 9, 48, 73, 14, -19, -24, 
0, -19, -19, 9, 9, -19, 9, 48, 73, 14, -19, -29, 
0, -24, -24, 12, 12, -24, 14, 53, 73, 9, -24, -34, 
-9, -29, -19, 19, 4, -24, 19, 53, 78, 4, -19, -34, 
-9, -29, -19, 19, 4, -24, 19, 58, 87, 9, -19, -34, 
-9, -19, -9, 14, 0, -14, 19, 58, 92, 14, -19, -34, 
-9, -9, 0, 9, -4, -4, 24, 58, 97, 19, -14, -24, 
0, -9, -9, 4, 4, -9, 24, 63, 102, 29, -9, -24, 
0, 0, 0, 0, 0, 0, 19, 63, 112, 34, -9, -24, 
4, 4, 0, -4, 2, 2, 19, 68, 112, 39, 0, -19, 
9, 14, 4, -12, 2, 9, 19, 73, 117, 43, 4, -14, 
9, 14, 4, -12, 2, 9, 14, 73, 117, 43, 9, -14, 
4, 9, 4, -7, 0, 7, 14, 78, 122, 43, 9, -14, 
4, 9, 4, -7, 0, 7, 14, 82, 126, 43, 9, -9, 
4, 9, 4, -7, 0, 7, 14, 82, 131, 48, 4, -9, 
4, 9, 4, -7, 0, 7, 14, 87, 141, 53, 9, -9, 
4, 9, 4, -7, 0, 7, 14, 92, 151, 58, 9, 0, 
4, 14, 9, -9, -2, 12, 14, 92, 151, 63, 14, 0, 
4, 19, 14, -12, -4, 17, 14, 92, 156, 68, 19, -9, 
9, 19, 9, -14, 0, 14, 14, 97, 151, 63, 19, 0, 
9, 24, 14, -17, -2, 19, 14, 102, 156, 68, 24, 4, 
9, 24, 14, -17, -2, 19, 9, 107, 156, 73, 29, 9, 
9, 24, 14, -17, -2, 19, 9, 107, 161, 73, 29, 9, 
19, 29, 9, -24, 4, 19, 9, 117, 170, 78, 29, 14, 
29, 39, 9, -34, 9, 24, 9, 122, 180, 82, 29, 19, 
29, 39, 9, -34, 9, 24, 4, 131, 190, 87, 34, 14, 
24, 39, 14, -31, 4, 26, 4, 131, 204, 92, 34, 14, 
24, 39, 14, -31, 4, 26, 4, 136, 209, 97, 39, 19, 
14, 39, 24, -26, -4, 31, 0, 136, 209, 102, 43, 14, 
14, 39, 24, -26, -4, 31, 4, 136, 214, 107, 48, 24, 
24, 48, 24, -36, 0, 36, 4, 141, 219, 117, 53, 29, 
29, 58, 29, -43, 0, 43, 4, 146, 229, 122, 58, 34, 
39, 63, 24, -51, 7, 43, 4, 156, 234, 126, 63, 39, 
43, 68, 24, -56, 9, 46, 0, 165, 239, 131, 63, 43, 
43, 73, 29, -58, 7, 51, 0, 170, 248, 131, 68, 43, 
43, 78, 34, -61, 4, 56, -9, 175, 258, 141, 73, 43, 
43, 73, 29, -58, 7, 51, -9, 180, 268, 146, 73, 48, 
48, 82, 34, -65, 7, 58, -9, 180, 278, 151, 73, 48, 
48, 87, 39, -68, 4, 63, -9, 180, 287, 161, 82, 53, 
53, 102, 48, -78, 2, 75, -14, 190, 292, 165, 87, 58, 
58, 107, 48, -82, 4, 78, -14, 190, 297, 175, 92, 63, 
58, 107, 48, -82, 4, 78, -24, 204, 297, 175, 97, 68, 
58, 107, 48, -82, 4, 78, -24, 204, 307, 180, 102, 73, 
58, 117, 58, -87, 0, 87, -19, 214, 317, 190, 107, 78, 
63, 126, 63, -95, 0, 95, -19, 224, 331, 195, 112, 82, 
63, 122, 58, -92, 2, 90, -24, 224, 341, 204, 117, 82, 
63, 126, 63, -95, 0, 95, -24, 229, 351, 214, 122, 87, 
68, 136, 68, -102, 0, 102, -29, 234, 351, 234, 131, 92, 
73, 146, 73, -109, 0, 109, -34, 234, 356, 234, 141, 102, 
78, 156, 78, -117, 0, 117, -34, 244, 361, 244, 146, 112, 
73, 165, 92, -119, -9, 129, -39, 244, 370, 248, 156, 117, 
73, 161, 87, -117, -7, 124, -39, 248, 375, 253, 161, 126, 
68, 161, 92, -114, -12, 126, -43, 248, 375, 258, 165, 126, 
68, 165, 97, -117, -14, 131, -39, 258, 385, 263, 170, 126, 
73, 165, 92, -119, -9, 129, -39, 258, 390, 268, 170, 126, 
82, 175, 92, -129, -4, 134, -39, 268, 400, 273, 180, 131, 
82, 180, 97, -131, -7, 139, -43, 268, 414, 287, 185, 136, 
82, 185, 102, -134, -9, 143, -43, 268, 414, 292, 195, 141, 
87, 190, 102, -139, -7, 146, -53, 268, 414, 302, 204, 151, 
82, 195, 112, -139, -14, 153, -63, 268, 419, 302, 209, 156, 
87, 204, 117, -146, -14, 161, -63, 268, 419, 307, 209, 161, 
92, 209, 117, -151, -12, 163, -63, 268, 419, 312, 219, 165, 
87, 224, 136, -156, -24, 180, -68, 268, 419, 312, 224, 170, 
92, 229, 136, -161, -21, 183, -68, 268, 424, 317, 229, 175, 
97, 234, 136, -165, -19, 185, -68, 268, 424, 322, 234, 180, 
97, 239, 141, -168, -21, 190, -78, 258, 424, 322, 234, 180, 
92, 239, 146, -165, -26, 192, -78, 253, 419, 326, 239, 180, 
92, 244, 151, -168, -29, 197, -82, 248, 419, 331, 244, 185, 
87, 248, 161, -168, -36, 204, -82, 244, 409, 336, 248, 190, 
92, 248, 156, -170, -31, 202, -82, 234, 400, 331, 248, 195, 
97, 253, 156, -175, -29, 204, -87, 224, 385, 331, 253, 195, 
97, 258, 161, -178, -31, 209, -87, 214, 380, 322, 253, 204, 
97, 253, 156, -175, -29, 204, -87, 195, 366, 312, 248, 195, 
87, 248, 161, -168, -36, 204, -87, 185, 356, 302, 244, 195, 
87, 239, 151, -163, -31, 195, -82, 175, 341, 297, 234, 185, 
82, 234, 151, -158, -34, 192, -78, 165, 331, 287, 229, 180, 
78, 224, 146, -151, -34, 185, -78, 156, 317, 278, 214, 170, 
78, 214, 136, -146, -29, 175, -73, 136, 297, 268, 209, 170, 
68, 204, 136, -136, -34, 170, -78, 126, 278, 253, 195, 161, 
63, 185, 122, -124, -29, 153, -78, 112, 258, 239, 190, 151, 
58, 165, 107, -112, -24, 136, -78, 97, 244, 224, 175, 136, 
48, 156, 107, -102, -29, 131, -68, 92, 224, 209, 165, 126, 
53, 146, 92, -100, -19, 119, -58, 82, 209, 185, 151, 117, 
48, 131, 82, -90, -17, 107, -53, 73, 190, 170, 131, 107, 
39, 112, 73, -75, -17, 92, -53, 63, 175, 156, 122, 97, 
39, 107, 68, -73, -14, 87, -48, 53, 161, 141, 107, 82, 
29, 97, 68, -63, -19, 82, -43, 48, 151, 131, 92, 73, 
24, 82, 58, -53, -17, 70, -39, 34, 141, 117, 82, 63, 
24, 68, 43, -46, -9, 56, -34, 29, 126, 107, 73, 58, 
14, 58, 43, -36, -14, 51, -29, 24, 112, 97, 68, 48, 
9, 48, 39, -29, -14, 43, -24, 19, 97, 82, 58, 43, 
0, 43, 43, -21, -21, 43, -14, 14, 87, 68, 53, 34, 
0, 34, 34, -17, -17, 34, 0, 4, 73, 63, 43, 29, 
4, 34, 29, -19, -12, 31, 4, 4, 68, 53, 34, 24, 
4, 24, 19, -14, -7, 21, 4, 4, 63, 48, 34, 19, 
4, 19, 14, -12, -4, 17, 4, 0, 58, 39, 24, 9, 
0, 9, 9, -4, -4, 9, 4, -9, 53, 29, 14, 9, 
-9, 4, 14, 2, -12, 9, 0, -9, 43, 24, 9, 4, 
-9, 0, 9, 4, -9, 4, 0, -14, 34, 19, 9, 0, 
-14, -14, 0, 14, -7, -7, 4, -14, 29, 14, 4, 0, 
-14, -14, 0, 14, -7, -7, 4, -19, 19, 9, 4, 0, 
0, 4, 4, -2, -2, 4, 9, -19, 19, 9, 4, 0, 
0, 4, 4, -2, -2, 4, 0, -19, 14, 4, 0, -9, 
-9, -9, 0, 9, -4, -4, 4, -19, 9, -9, -9, -9, 
-9, -14, -4, 12, -2, -9, 4, -19, 4, -19, -14, -14, 
-9, -19, -9, 14, 0, -14, 4, -19, 4, -14, -24, -19, 
-19, -29, -9, 24, -4, -19, 9, -29, -9, -24, -29, -24, 
-19, -29, -9, 24, -4, -19, 9, -29, -9, -24, -29, -29, 
-19, -34, -14, 26, -2, -24, 14, -29, -9, -24, -29, -29, 
-19, -34, -14, 26, -2, -24, 14, -29, -9, -24, -29, -29, 
-19, -34, -14, 26, -2, -24, 14, -29, -14, -24, -29, -29, 
-19, -34, -14, 26, -2, -24, 14, -29, -14, -24, -29, -29, 
-19, -34, -14, 26, -2, -24, 14, -29, -14, -29, -29, -29, 
-19, -34, -14, 26, -2, -24, 14, -29, -14, -29, -29, -29, 
-19, -34, -14, 26, -2, -24, 14, -29, -19, -29, -29, -29, 
-19, -34, -14, 26, -2, -24, 14, -29, -19, -29, -29, -29, 
-19, -34, -14, 26, -2, -24, 14, -29, -19, -29, -29, -29, 
-19, -34, -14, 26, -2, -24, 14, -29, -19, -29, -29, -29, 
-19, -34, -14, 26, -2, -24, 19, -29, -19, -34, -29, -29, 
-19, -34, -14, 26, -2, -24, 14, -29, -19, -34, -29, -29, 
-19, -29, -9, 24, -4, -19, 14, -29, -19, -34, -29, -24, 
-19, -29, -9, 24, -4, -19, 19, -29, -19, -34, -29, -24, 
-14, -29, -14, 21, 0, -21, 19, -29, -19, -29, -29, -24, 
-14, -29, -14, 21, 0, -21, 19, -29, -19, -29, -29, -24, 
-14, -29, -14, 21, 0, -21, 19, -29, -19, -29, -29, -24, 
-14, -29, -14, 21, 0, -21, 19, -29, -19, -29, -29, -24, 
-19, -34, -14, 26, -2, -24, 19, -29, -19, -34, -29, -24, 
-19, -34, -14, 26, -2, -24, 19, -29, -19, -34, -34, -29, 
-19, -39, -19, 29, 0, -29, 19, -29, -19, -34, -34, -29, 
-19, -39, -19, 29, 0, -29, 24, -29, -19, -34, -34, -34, 
-19, -39, -19, 29, 0, -29, 24, -29, -14, -34, -34, -34, 
-24, -39, -14, 31, -4, -26, 24, -29, -19, -39, -34, -34, 
-24, -39, -14, 31, -4, -26, 19, -29, -19, -39, -39, -39, 
-24, -39, -14, 31, -4, -26, 19, -34, -19, -39, -39, -39, 
-24, -39, -14, 31, -4, -26, 19, -34, -19, -39, -39, -39, 
-24, -39, -14, 31, -4, -26, 19, -34, -19, -43, -39, -39, 
-19, -39, -19, 29, 0, -29, 19, -34, -19, -43, -39, -39, 
-19, -34, -14, 26, -2, -24, 14, -34, -19, -43, -43, -43, 
-14, -29, -14, 21, 0, -21, 14, -34, -19, -43, -43, -39, 
-9, -24, -14, 17, 2, -19, 14, -29, -19, -39, -39, -39, 
-9, -24, -14, 17, 2, -19, 14, -29, -19, -39, -39, -39, 
-9, -24, -14, 17, 2, -19, 14, -29, -14, -39, -39, -39, 
0, -19, -19, 9, 9, -19, 14, -29, -14, -39, -39, -39, 
0, -19, -19, 9, 9, -19, 14, -29, -14, -39, -39, -39, 
0, -19, -19, 9, 9, -19, 14, -29, -14, -34, -39, -39, 
0, -24, -24, 12, 12, -24, 19, -29, -14, -34, -39, -39, 
0, -24, -24, 12, 12, -24, 19, -29, -19, -39, -39, -39, 
4, -24, -29, 9, 17, -26, 19, -29, -19, -39, -39, -39, 
4, -24, -29, 9, 17, -26, 19, -29, -19, -39, -39, -34, 
4, -24, -29, 9, 17, -26, 24, -29, -19, -39, -39, -34, 
0, -24, -24, 12, 12, -24, 19, -29, -19, -39, -39, -39, 
4, -29, -34, 12, 19, -31, 14, -29, -19, -39, -39, -39, 
4, -24, -29, 9, 17, -26, 14, -29, -19, -39, -39, -34, 
4, -24, -29, 9, 17, -26, 9, -29, -19, -39, -39, -34, 
4, -24, -29, 9, 17, -26, 9, -29, -19, -39, -39, -34, 
9, -24, -34, 7, 21, -29, 9, -29, -24, -39, -39, -34, 
9, -24, -34, 7, 21, -29, 9, -29, -24, -34, -34, -34, 
9, -24, -34, 7, 21, -29, 9, -29, -24, -34, -34, -34, 
9, -24, -34, 7, 21, -29, 9, -29, -24, -34, -34, -34, 
9, -24, -34, 7, 21, -29, 4, -29, -24, -34, -34, -34, 
9, -24, -34, 7, 21, -29, 4, -29, -24, -34, -34, -34, 
9, -24, -34, 7, 21, -29, 4, -29, -24, -34, -34, -34, 
9, -19, -29, 4, 19, -24, 4, -29, -24, -34, -34, -34, 
9, -19, -29, 4, 19, -24, 4, -29, -24, -34, -34, -29, 
9, -19, -29, 4, 19, -24, 4, -29, -24, -29, -34, -29, 
9, -19, -29, 4, 19, -24, 9, -29, -24, -29, -34, -29, 
9, -19, -29, 4, 19, -24, 9, -29, -24, -34, -34, -29, 
9, -19, -29, 4, 19, -24, 9, -29, -24, -34, -34, -29, 
9, -14, -24, 2, 17, -19, 9, -29, -24, -34, -29, -29, 
9, -14, -24, 2, 17, -19, 9, -29, -24, -29, -29, -29, 
9, -14, -24, 2, 17, -19, 9, -29, -24, -29, -29, -29, 
9, -14, -24, 2, 17, -19, 9, -29, -24, -29, -29, -29, 
9, -14, -24, 2, 17, -19, 9, -29, -24, -29, -29, -29, 
9, -14, -24, 2, 17, -19, 9, -34, -24, -29, -34, -29, 
9, -14, -24, 2, 17, -19, 9, -34, -24, -29, -34, -29, 
4, -14, -19, 4, 12, -17, 9, -34, -24, -29, -34, -29, 
4, -14, -19, 4, 12, -17, 9, -34, -24, -34, -34, -29, 
4, -14, -19, 4, 12, -17, 9, -34, -24, -34, -34, -29, 
4, -14, -19, 4, 12, -17, 9, -34, -24, -34, -34, -29, 
4, -14, -19, 4, 12, -17, 4, -34, -24, -34, -34, -29, 
4, -14, -19, 4, 12, -17, 4, -34, -24, -34, -34, -29, 
0, -19, -19, 9, 9, -19, 4, -34, -24, -34, -34, -29, 
0, -19, -19, 9, 9, -19, 4, -39, -29, -34, -34, -29, 
-9, -24, -14, 17, 2, -19, 4, -39, -29, -34, -39, -29, 
-9, -24, -14, 17, 2, -19, 4, -39, -29, -39, -39, -29, 
-9, -29, -19, 19, 4, -24, 4, -39, -34, -39, -39, -29, 
-9, -29, -19, 19, 4, -24, 4, -39, -34, -39, -39, -29, 
-9, -29, -19, 19, 4, -24, 4, -39, -34, -39, -34, -29, 
-9, -29, -19, 19, 4, -24, 4, -39, -34, -39, -34, -29, 
-9, -29, -19, 19, 4, -24, 4, -39, -34, -39, -34, -29, 
-9, -29, -19, 19, 4, -24, 4, -39, -39, -39, -34, -29, 
-9, -29, -19, 19, 4, -24, 4, -39, -39, -39, -34, -29, 
-9, -29, -19, 19, 4, -24, 4, -39, -39, -39, -34, -29, 
-9, -24, -14, 17, 2, -19, 4, -39, -39, -39, -34, -29, 
-9, -24, -14, 17, 2, -19, 4, -39, -39, -39, -29, -24, 
0, -24, -24, 12, 12, -24, 9, -39, -39, -39, -29, -24, 
0, -19, -19, 9, 9, -19, 9, -43, -39, -39, -29, -24, 
0, -19, -19, 9, 9, -19, 9, -43, -39, -39, -29, -24, 
0, -19, -19, 9, 9, -19, 4, -43, -39, -39, -29, -24, 
0, -19, -19, 9, 9, -19, 4, -43, -43, -39, -29, -24, 
-9, -19, -9, 14, 0, -14, 4, -43, -43, -39, -34, -24, 
-9, -19, -9, 14, 0, -14, 4, -43, -43, -39, -34, -29, 
-9, -19, -9, 14, 0, -14, 4, -48, -43, -39, -34, -29, 
-9, -19, -9, 14, 0, -14, 4, -48, -43, -39, -34, -34, 
-9, -19, -9, 14, 0, -14, 4, -48, -43, -43, -34, -29, 
-9, -19, -9, 14, 0, -14, 4, -48, -43, -43, -34, -29, 
-14, -19, -4, 17, -4, -12, 4, -53, -43, -43, -34, -34, 
-14, -19, -4, 17, -4, -12, 4, -53, -43, -43, -34, -34, 
-14, -19, -4, 17, -4, -12, 4, -53, -43, -43, -34, -34, 
-14, -19, -4, 17, -4, -12, 4, -53, -43, -43, -34, -34, 
-14, -19, -4, 17, -4, -12, 4, -53, -43, -43, -34, -34, 
-14, -19, -4, 17, -4, -12, 4, -53, -43, -48, -34, -34, 
-14, -14, 0, 14, -7, -7, 4, -53, -43, -48, -34, -34, 
-14, -14, 0, 14, -7, -7, 4, -53, -43, -48, -34, -34, 
-14, -14, 0, 14, -7, -7, 4, -53, -43, -48, -34, -34, 
-19, -19, 0, 19, -9, -9, 4, -53, -48, -48, -39, -34, 
-19, -19, 0, 19, -9, -9, 4, -53, -48, -48, -43, -39, 
-19, -19, 0, 19, -9, -9, 4, -53, -48, -48, -43, -39, 
-24, -24, 0, 24, -12, -12, 4, -53, -48, -53, -43, -39, 
-24, -24, 0, 24, -12, -12, 9, -53, -53, -53, -43, -39, 
-24, -24, 0, 24, -12, -12, 9, -53, -53, -53, -48, -39, 
-24, -24, 0, 24, -12, -12, 9, -53, -53, -53, -48, -43, 
-24, -24, 0, 24, -12, -12, 9, -53, -53, -53, -48, -43, 
-24, -29, -4, 26, -9, -17, 9, -53, -53, -58, -48, -43, 
-24, -29, -4, 26, -9, -17, 9, -53, -58, -58, -53, -48, 
-24, -29, -4, 26, -9, -17, 9, -53, -58, -58, -53, -48, 
-24, -34, -9, 29, -7, -21, 9, -58, -58, -63, -53, -48, 
-24, -34, -9, 29, -7, -21, 9, -58, -58, -63, -53, -48, 
-24, -34, -9, 29, -7, -21, 9, -58, -58, -63, -48, -48, 
-24, -34, -9, 29, -7, -21, 4, -58, -58, -63, -48, -43, 
-24, -34, -9, 29, -7, -21, 4, -58, -58, -58, -48, -43, 
-24, -34, -9, 29, -7, -21, 4, -58, -58, -58, -48, -43, 
-24, -34, -9, 29, -7, -21, 4, -58, -58, -58, -48, -43, 
-24, -34, -9, 29, -7, -21, 4, -58, -58, -58, -48, -43, 
-24, -34, -9, 29, -7, -21, 4, -58, -63, -58, -43, -39, 
-24, -34, -9, 29, -7, -21, 4, -58, -63, -58, -43, -39, 
-24, -34, -9, 29, -7, -21, 4, -58, -63, -58, -43, -39, 
-24, -34, -9, 29, -7, -21, 4, -58, -63, -58, -48, -39, 
-24, -34, -9, 29, -7, -21, 4, -58, -63, -58, -48, -39, 
-24, -34, -9, 29, -7, -21, 4, -58, -63, -58, -48, -39, 
-24, -29, -4, 26, -9, -17, 4, -58, -63, -58, -48, -39, 
-24, -29, -4, 26, -9, -17, 9, -58, -63, -58, -48, -39, 
-24, -29, -4, 26, -9, -17, 9, -58, -63, -58, -48, -39, 
-19, -29, -9, 24, -4, -19, 4, -58, -63, -58, -48, -39, 
-19, -29, -9, 24, -4, -19, 4, -58, -63, -58, -48, -39, 
-19, -29, -9, 24, -4, -19, 4, -53, -63, -58, -43, -39, 
-19, -29, -9, 24, -4, -19, 4, -53, -63, -58, -43, -43, 
-19, -34, -14, 26, -2, -24, 4, -53, -63, -58, -43, -43, 
-19, -34, -14, 26, -2, -24, 0, -53, -63, -58, -43, -43, 
-24, -34, -9, 29, -7, -21, 4, -53, -63, -58, -43, -43, 
-24, -34, -9, 29, -7, -21, 4, -53, -58, -58, -43, -43, 
-24, -34, -9, 29, -7, -21, 4, -53, -58, -58, -43, -43, 
-24, -34, -9, 29, -7, -21, 0, -53, -58, -58, -43, -43, 
-19, -39, -19, 29, 0, -29, 0, -53, -58, -58, -43, -43, 
-19, -39, -19, 29, 0, -29, 0, -48, -58, -58, -43, -39, 
-24, -39, -14, 31, -4, -26, 0, -48, -58, -58, -43, -39, 
-24, -39, -14, 31, -4, -26, 0, -48, -58, -58, -43, -39, 
-24, -39, -14, 31, -4, -26, 0, -53, -63, -58, -43, -39, 
-29, -43, -14, 36, -7, -29, 0, -53, -63, -58, -43, -43, 
-29, -43, -14, 36, -7, -29, 0, -53, -63, -58, -43, -43, 
-29, -43, -14, 36, -7, -29, 0, -53, -63, -58, -48, -43, 
-29, -48, -19, 39, -4, -34, -9, -53, -63, -58, -48, -43, 
-29, -48, -19, 39, -4, -34, 0, -53, -63, -58, -48, -43, 
-34, -48, -14, 41, -9, -31, 0, -53, -63, -58, -48, -43, 
-34, -53, -19, 43, -7, -36, 4, -53, -68, -58, -48, -43, 
-39, -53, -14, 46, -12, -34, 4, -58, -68, -58, -48, -43, 
-39, -53, -14, 46, -12, -34, 9, -58, -68, -58, -48, -43, 
-39, -53, -14, 46, -12, -34, 9, -58, -68, -58, -48, -43, 
-39, -53, -14, 46, -12, -34, 9, -58, -68, -58, -48, -43, 
-39, -53, -14, 46, -12, -34, 9, -58, -68, -58, -48, -43, 
-34, -53, -19, 43, -7, -36, 14, -58, -68, -58, -48, -43, 
-34, -53, -19, 43, -7, -36, 14, -58, -68, -63, -48, -43, 
-34, -53, -19, 43, -7, -36, 14, -58, -63, -63, -48, -43, 
-34, -53, -19, 43, -7, -36, 14, -58, -63, -58, -48, -43, 
-34, -48, -14, 41, -9, -31, 9, -58, -63, -58, -48, -39, 
-29, -43, -14, 36, -7, -29, 9, -58, -58, -58, -43, -39, 
-29, -43, -14, 36, -7, -29, 4, -53, -58, -58, -43, -39, 
-24, -39, -14, 31, -4, -26, 4, -53, -58, -53, -43, -34, 
-19, -34, -14, 26, -2, -24, 4, -53, -53, -53, -39, -34, 
-19, -24, -4, 21, -7, -14, 0, -48, -48, -48, -39, -34, 
-19, -19, 0, 19, -9, -9, 0, -48, -48, -43, -34, -29, 
-19, -14, 4, 17, -12, -4, -9, -48, -43, -43, -29, -29, 
-14, 0, 14, 7, -14, 7, -9, -48, -43, -39, -29, -29, 
-14, 4, 19, 4, -17, 12, -9, -43, -39, -34, -24, -24, 
-14, 9, 24, 2, -19, 17, -14, -43, -34, -34, -19, -19, 
-9, 14, 24, -2, -17, 19, -14, -43, -29, -29, -14, -19, 
-9, 19, 29, -4, -19, 24, -14, -39, -24, -24, -14, -14, 
-9, 24, 34, -7, -21, 29, -14, -39, -24, -19, -9, -14, 
-9, 29, 39, -9, -24, 34, -19, -34, -19, -19, -9, -9, 
-9, 34, 43, -12, -26, 39, -19, -34, -14, -14, 0, -9, 
0, 34, 34, -17, -17, 34, -19, -34, -9, -14, 0, -9, 
0, 34, 34, -17, -17, 34, -19, -34, -9, -14, -9, 0, 
4, 39, 34, -21, -14, 36, -19, -29, 0, -9, 0, 0, 
9, 43, 34, -26, -12, 39, -24, -29, 4, 0, 0, 4, 
14, 48, 34, -31, -9, 41, -24, -29, 4, 0, 4, 9, 
19, 53, 34, -36, -7, 43, -29, -29, 9, 4, 9, 9, 
24, 53, 29, -39, -2, 41, -34, -29, 14, 9, 14, 9, 
29, 58, 29, -43, 0, 43, -39, -24, 14, 14, 14, 14, 
34, 63, 29, -48, 2, 46, -43, -24, 19, 19, 19, 19, 
34, 63, 29, -48, 2, 46, -48, -24, 24, 24, 24, 24, 
34, 68, 34, -51, 0, 51, -53, -24, 24, 29, 29, 29, 
39, 68, 29, -53, 4, 48, -53, -29, 29, 29, 34, 29, 
39, 73, 34, -56, 2, 53, -53, -29, 29, 34, 39, 34, 
39, 73, 34, -56, 2, 53, -53, -29, 29, 34, 39, 39, 
39, 78, 39, -58, 0, 58, -53, -29, 29, 34, 39, 39, 
39, 78, 39, -58, 0, 58, -58, -34, 29, 34, 39, 39, 
39, 78, 39, -58, 0, 58, -53, -34, 24, 34, 39, 39, 
39, 78, 39, -58, 0, 58, -53, -34, 24, 29, 39, 39, 
39, 73, 34, -56, 2, 53, -53, -29, 19, 29, 39, 39, 
39, 73, 34, -56, 2, 53, -48, -34, 14, 24, 34, 39, 
39, 68, 29, -53, 4, 48, -48, -34, 9, 19, 34, 39, 
43, 63, 19, -53, 12, 41, -43, -34, 4, 14, 29, 34, 
43, 58, 14, -51, 14, 36, -43, -34, -9, 9, 19, 29, 
43, 48, 4, -46, 19, 26, -39, -34, -14, 4, 14, 24, 
48, 43, -4, -46, 26, 19, -39, -34, -24, -9, 9, 24, 
43, 34, -9, -39, 26, 12, -39, -34, -29, -19, 4, 19, 
43, 24, -19, -34, 31, 2, -34, -34, -34, -24, 0, 14, 
39, 14, -24, -26, 31, -4, -24, -39, -39, -29, -9, 4, 
34, 9, -24, -21, 29, -7, -19, -39, -48, -34, -14, 0, 
29, 0, -29, -14, 29, -14, -14, -39, -53, -39, -19, -9, 
19, -14, -34, -2, 26, -24, -9, -43, -58, -43, -29, -14, 
14, -24, -39, 4, 26, -31, 0, -48, -63, -48, -34, -24, 
9, -29, -39, 9, 24, -34, 4, -48, -68, -53, -39, -29, 
4, -34, -39, 14, 21, -36, 9, -48, -68, -58, -43, -34, 
0, -39, -39, 19, 19, -39, 14, -53, -73, -63, -48, -39, 
0, -43, -43, 21, 21, -43, 19, -53, -73, -63, -48, -43, 
-9, -48, -39, 29, 14, -43, 19, -53, -78, -68, -53, -43, 
-9, -48, -39, 29, 14, -43, 19, -58, -73, -68, -53, -48, 
-9, -48, -39, 29, 14, -43, 19, -58, -78, -73, -58, -53, 
-14, -53, -39, 34, 12, -46, 19, -63, -82, -78, -63, -53, 
-14, -58, -43, 36, 14, -51, 19, -63, -82, -82, -63, -58, 
-9, -63, -53, 36, 21, -58, 24, -63, -87, -82, -68, -63, 
-9, -63, -53, 36, 21, -58, 14, -63, -87, -87, -68, -63, 
-14, -63, -48, 39, 17, -56, 14, -68, -87, -87, -73, -63, 
-14, -68, -53, 41, 19, -61, 19, -68, -92, -87, -73, -63, 
-14, -73, -58, 43, 21, -65, 19, -63, -92, -87, -73, -63, 
-14, -73, -58, 43, 21, -65, 19, -63, -92, -92, -73, -63, 
-14, -78, -63, 46, 24, -70, 24, -63, -92, -92, -73, -68, 
-19, -82, -63, 51, 21, -73, 29, -63, -92, -92, -73, -68, 
-19, -82, -63, 51, 21, -73, 29, -63, -92, -92, -78, -68, 
-19, -87, -68, 53, 24, -78, 34, -63, -92, -87, -78, -68, 
-24, -87, -63, 56, 19, -75, 34, -58, -92, -87, -73, -68, 
-24, -87, -63, 56, 19, -75, 34, -58, -92, -87, -73, -68, 
-19, -87, -68, 53, 24, -78, 34, -53, -92, -82, -73, -63, 
-19, -82, -63, 51, 21, -73, 34, -53, -92, -82, -73, -63, 
-19, -82, -63, 51, 21, -73, 29, -53, -92, -87, -73, -63, 
-19, -82, -63, 51, 21, -73, 29, -53, -92, -87, -73, -63, 
-19, -82, -63, 51, 21, -73, 29, -53, -92, -87, -73, -63, 
-24, -82, -58, 53, 17, -70, 29, -53, -92, -87, -78, -63, 
-24, -82, -58, 53, 17, -70, 29, -53, -92, -92, -78, -63, 
-24, -82, -58, 53, 17, -70, 29, -53, -92, -92, -78, -63, 
-24, -87, -63, 56, 19, -75, 29, -53, -92, -92, -78, -63, 
-24, -87, -63, 56, 19, -75, 29, -53, -92, -92, -78, -63, 
-29, -82, -53, 56, 12, -68, 29, -53, -92, -92, -78, -63, 
-29, -87, -58, 58, 14, -73, 29, -53, -97, -92, -78, -63, 
-29, -87, -58, 58, 14, -73, 34, -53, -97, -92, -78, -63, 
-34, -87, -53, 61, 9, -70, 34, -53, -97, -92, -78, -68, 
-34, -87, -53, 61, 9, -70, 34, -53, -97, -92, -78, -68, 
-34, -87, -53, 61, 9, -70, 34, -53, -97, -92, -82, -68, 
-34, -87, -53, 61, 9, -70, 34, -53, -97, -92, -82, -68, 
-34, -87, -53, 61, 9, -70, 34, -53, -97, -92, -82, -68, 
-34, -87, -53, 61, 9, -70, 39, -53, -92, -92, -82, -73, 
-29, -87, -58, 58, 14, -73, 39, -53, -92, -92, -82, -73, 
-29, -82, -53, 56, 12, -68, 39, -53, -92, -92, -82, -73, 
-29, -82, -53, 56, 12, -68, 34, -53, -92, -92, -82, -73, 
-29, -87, -58, 58, 14, -73, 34, -53, -97, -92, -82, -73, 
-39, -92, -53, 65, 7, -73, 29, -53, -97, -92, -82, -68, 
-39, -92, -53, 65, 7, -73, 34, -53, -97, -87, -82, -68, 
-39, -97, -58, 68, 9, -78, 39, -53, -97, -87, -82, -68, 
-39, -97, -58, 68, 9, -78, 39, -53, -97, -92, -82, -68, 
-39, -97, -58, 68, 9, -78, 39, -53, -97, -92, -78, -73, 
-43, -102, -58, 73, 7, -80, 39, -48, -97, -92, -82, -73, 
-48, -107, -58, 78, 4, -82, 39, -53, -92, -87, -82, -68, 
-53, -107, -53, 80, 0, -80, 39, -53, -92, -87, -78, -73, 
-58, -102, -43, 80, -7, -73, 43, -48, -82, -87, -78, -73, 
-63, -102, -39, 82, -12, -70, 43, -48, -68, -87, -78, -78, 
-73, -97, -24, 85, -24, -61, 48, -43, -48, -82, -82, -82, 
-78, -102, -24, 90, -26, -63, 53, -24, -24, -73, -87, -87, 
-73, -102, -29, 87, -21, -65, 58, 9, 24, -63, -87, -92, 
-68, -102, -34, 85, -17, -68, 63, 53, 63, -48, -87, -102, 
-63, -112, -48, 87, -7, -80, 82, 97, 102, -34, -82, -112, 
-63, -112, -48, 87, -7, -80, 92, 136, 151, -14, -82, -112, 
-48, -107, -58, 78, 4, -82, 92, 185, 195, 29, -53, -97, 
-24, -92, -68, 58, 21, -80, 82, 229, 244, 82, -9, -68, 
19, -87, -107, 34, 63, -97, 78, 273, 292, 146, 43, -39, 
53, -78, -131, 12, 92, -104, 73, 317, 346, 219, 92, -9, 
92, -43, -136, -24, 114, -90, 48, 331, 385, 292, 161, 48, 
131, 24, -107, -78, 119, -41, 0, 307, 390, 380, 258, 126, 
170, 102, -68, -136, 119, 17, -63, 248, 375, 483, 366, 229, 
204, 175, -29, -190, 117, 73, -122, 185, 370, 595, 468, 307, 
224, 244, 19, -234, 102, 131, -165, 156, 400, 717, 575, 395, 
239, 322, 82, -280, 78, 202, -214, 117, 414, 805, 678, 497, 
253, 409, 156, -331, 48, 283, -258, 48, 356, 805, 732, 575, 
244, 468, 224, -356, 9, 346, -292, -58, 244, 717, 732, 619, 
224, 488, 263, -356, -19, 375, -302, -161, 136, 610, 688, 634, 
190, 468, 278, -329, -43, 373, -297, -234, 68, 478, 610, 614, 
156, 380, 224, -268, -34, 302, -278, -287, -39, 273, 448, 531, 
117, 302, 185, -209, -34, 244, -253, -366, -200, 58, 283, 439, 
63, 258, 195, -161, -65, 226, -244, -488, -400, -97, 161, 361, 
4, 180, 175, -92, -85, 178, -224, -585, -614, -263, 29, 258, 
-48, 58, 107, -4, -78, 82, -175, -644, -810, -483, -146, 126, 
-73, -39, 34, 56, -53, -2, -131, -658, -946, -634, -273, 29, 
-78, -68, 9, 73, -43, -29, -117, -639, -990, -663, -302, 0, 
-78, -73, 4, 75, -41, -34, -102, -566, -932, -605, -268, 4, 
-78, -82, -4, 80, -36, -43, -82, -473, -829, -536, -253, -14, 
-58, -122, -63, 90, 2, -92, -43, -390, -746, -502, -258, -43, 
-48, -170, -122, 109, 36, -146, 0, -317, -697, -488, -268, -82, 
-39, -209, -170, 124, 65, -190, 29, -253, -624, -453, -273, -107, 
-43, -224, -180, 134, 68, -202, 43, -195, -546, -414, -263, -122, 
-39, -229, -190, 134, 75, -209, 53, -146, -488, -370, -248, -131, 
-39, -229, -190, 134, 75, -209, 58, -107, -434, -336, -234, -131, 
-39, -224, -185, 131, 73, -204, 68, -78, -366, -297, -214, -126, 
-29, -209, -180, 119, 75, -195, 68, -53, -307, -263, -190, -122, 
-29, -175, -146, 102, 58, -161, 63, -39, -244, -219, -161, -107, 
-24, -146, -122, 85, 48, -134, 58, -29, -185, -170, -136, -97, 
-24, -136, -112, 80, 43, -124, 58, -9, -141, -141, -117, -87, 
-29, -126, -97, 78, 34, -112, 53, 4, -122, -122, -107, -78, 
-39, -117, -78, 78, 19, -97, 43, 9, -107, -107, -92, -73, 
-43, -112, -68, 78, 12, -90, 48, 4, -97, -107, -87, -68, 
-39, -97, -58, 68, 9, -78, 43, 4, -82, -92, -78, -68, 
-39, -92, -53, 65, 7, -73, 43, 0, -73, -87, -73, -58, 
-39, -92, -53, 65, 7, -73, 43, 4, -63, -82, -73, -58, 
-39, -92, -53, 65, 7, -73, 43, 9, -53, -78, -73, -58, 
-34, -82, -48, 58, 7, -65, 43, 9, -43, -73, -73, -63, 
-34, -82, -48, 58, 7, -65, 34, 9, -39, -68, -68, -58, 
-34, -78, -43, 56, 4, -61, 34, 9, -43, -58, -63, -58, 
-34, -78, -43, 56, 4, -61, 29, 9, -39, -58, -58, -58, 
-39, -78, -39, 58, 0, -58, 29, 9, -39, -58, -58, -58, 
-34, -82, -48, 58, 7, -65, 34, 4, -43, -58, -63, -58, 
-34, -78, -43, 56, 4, -61, 39, 4, -43, -53, -63, -53, 
-29, -73, -43, 51, 7, -58, 34, 14, -34, -53, -58, -53, 
-24, -73, -48, 48, 12, -61, 34, 19, -24, -58, -58, -53, 
-24, -73, -48, 48, 12, -61, 24, 19, -19, -53, -58, -48, 
-24, -73, -48, 48, 12, -61, 24, 19, -14, -48, -58, -53, 
-24, -68, -43, 46, 9, -56, 24, 24, 0, -43, -48, -48, 
-24, -68, -43, 46, 9, -56, 24, 19, 0, -43, -53, -53, 
-24, -58, -34, 41, 4, -46, 24, 19, 0, -43, -48, -53, 
-24, -58, -34, 41, 4, -46, 24, 24, 0, -43, -43, -48, 
-29, -58, -29, 43, 0, -43, 24, 24, 0, -39, -43, -48, 
-29, -63, -34, 46, 2, -48, 24, 24, -9, -43, -43, -43, 
-34, -68, -34, 51, 0, -51, 24, 24, -9, -48, -48, -43, 
-34, -63, -29, 48, -2, -46, 29, 29, 0, -43, -43, -43, 
-29, -58, -29, 43, 0, -43, 34, 29, 9, -34, -43, -43, 
-24, -53, -29, 39, 2, -41, 29, 34, 14, -34, -39, -43, 
-34, -63, -29, 48, -2, -46, 34, 34, 19, -34, -39, -43, 
-34, -68, -34, 51, 0, -51, 39, 29, 19, -29, -34, -43, 
-29, -63, -34, 46, 2, -48, 39, 34, 19, -24, -29, -43, 
-34, -58, -24, 46, -4, -41, 43, 34, 19, -24, -29, -39, 
-39, -63, -24, 51, -7, -43, 39, 34, 19, -24, -24, -39, 
-39, -63, -24, 51, -7, -43, 43, 34, 19, -24, -29, -34, 
-34, -58, -24, 46, -4, -41, 39, 39, 19, -24, -29, -39, 
-29, -63, -34, 46, 2, -48, 43, 39, 24, -19, -29, -34, 
-29, -58, -29, 43, 0, -43, 43, 39, 29, -19, -29, -34, 
-24, -58, -34, 41, 4, -46, 39, 43, 39, -24, -29, -34, 
-24, -53, -29, 39, 2, -41, 39, 43, 43, -19, -29, -34, 
-24, -48, -24, 36, 0, -36, 39, 43, 39, -14, -24, -34, 
-19, -48, -29, 34, 4, -39, 39, 48, 39, -9, -19, -29, 
-14, -43, -29, 29, 7, -36, 39, 48, 39, 0, -19, -24, 
-14, -43, -29, 29, 7, -36, 39, 48, 39, 4, -9, -29, 
-9, -39, -29, 24, 9, -34, 29, 48, 48, 0, -14, -24, 
-14, -39, -24, 26, 4, -31, 29, 48, 48, 0, -14, -19, 
-19, -43, -24, 31, 2, -34, 19, 53, 53, 0, -9, -24, 
-19, -43, -24, 31, 2, -34, 19, 53, 58, 4, -9, -24, 
-14, -43, -29, 29, 7, -36, 19, 58, 58, 9, -9, -19, 
-14, -39, -24, 26, 4, -31, 19, 63, 63, 14, 0, -19, 
-14, -34, -19, 24, 2, -26, 19, 63, 68, 19, 0, -14, 
-14, -24, -9, 19, -2, -17, 19, 63, 73, 24, 4, -14, 
-9, -24, -14, 17, 2, -19, 19, 63, 73, 24, 9, -9, 
-14, -24, -9, 19, -2, -17, 14, 63, 73, 29, 9, -9, 
-14, -24, -9, 19, -2, -17, 14, 63, 73, 24, 9, -14, 
-14, -29, -14, 21, 0, -21, 19, 68, 73, 19, 9, -9, 
-14, -29, -14, 21, 0, -21, 24, 68, 73, 14, 9, -14, 
-14, -29, -14, 21, 0, -21, 24, 73, 82, 19, 4, -14, 
-9, -24, -14, 17, 2, -19, 29, 73, 87, 19, 9, -14, 
-9, -19, -9, 14, 0, -14, 29, 78, 92, 29, 14, -9, 
0, -9, -9, 4, 4, -9, 24, 78, 97, 39, 19, -9, 
0, -9, -9, 4, 4, -9, 24, 78, 102, 39, 14, 0, 
4, 0, -4, -2, 4, -2, 24, 78, 102, 43, 19, 4, 
14, 9, -4, -12, 9, 2, 24, 87, 107, 48, 19, 9, 
14, 4, -9, -9, 12, -2, 14, 87, 107, 48, 24, 9, 
9, 0, -9, -4, 9, -4, 14, 92, 102, 43, 24, 9, 
9, -9, -19, 0, 14, -14, 9, 97, 112, 48, 24, 9, 
9, -9, -19, 0, 14, -14, 9, 97, 117, 53, 24, 4, 
4, -9, -14, 2, 9, -12, 9, 102, 122, 58, 29, 4, 
4, 0, -4, -2, 4, -2, 14, 102, 136, 68, 29, 9, 
9, 4, -4, -7, 7, 0, 14, 107, 136, 73, 34, 9, 
4, 4, 0, -4, 2, 2, 14, 102, 136, 78, 39, 9, 
4, 9, 4, -7, 0, 7, 14, 102, 136, 73, 34, 14, 
9, 9, 0, -9, 4, 4, 19, 107, 141, 78, 39, 19, 
4, 9, 4, -7, 0, 7, 14, 112, 146, 82, 39, 19, 
4, 9, 4, -7, 0, 7, 14, 117, 151, 82, 43, 24, 
14, 14, 0, -14, 7, 7, 19, 122, 161, 87, 39, 24, 
14, 19, 4, -17, 4, 12, 19, 126, 165, 92, 39, 29, 
19, 24, 4, -21, 7, 14, 14, 131, 180, 97, 43, 29, 
19, 24, 4, -21, 7, 14, 4, 131, 185, 97, 48, 24, 
9, 24, 14, -17, -2, 19, 4, 136, 195, 107, 53, 29, 
4, 14, 9, -9, -2, 12, 4, 136, 195, 112, 58, 29, 
0, 14, 14, -7, -7, 14, 0, 136, 195, 112, 63, 34, 
4, 24, 19, -14, -7, 21, 4, 141, 204, 112, 63, 39, 
19, 34, 14, -26, 2, 24, 4, 146, 214, 122, 63, 43, 
19, 39, 19, -29, 0, 29, 0, 156, 214, 126, 73, 48, 
24, 43, 19, -34, 2, 31, -9, 165, 229, 131, 73, 48, 
24, 48, 24, -36, 0, 36, -14, 165, 239, 136, 78, 48, 
24, 53, 29, -39, -2, 41, -14, 170, 248, 146, 82, 48, 
19, 53, 34, -36, -7, 43, -14, 175, 258, 151, 87, 53, 
24, 58, 34, -41, -4, 46, -14, 175, 263, 156, 87, 53, 
29, 63, 34, -46, -2, 48, -14, 180, 268, 165, 97, 58, 
34, 73, 39, -53, -2, 56, -19, 180, 273, 170, 102, 63, 
34, 82, 48, -58, -7, 65, -24, 185, 278, 175, 112, 73, 
29, 82, 53, -56, -12, 68, -24, 190, 283, 180, 117, 78, 
29, 87, 58, -58, -14, 73, -24, 195, 292, 180, 122, 82, 
39, 97, 58, -68, -9, 78, -24, 204, 307, 190, 126, 87, 
43, 107, 63, -75, -9, 85, -24, 209, 317, 204, 126, 92, 
43, 107, 63, -75, -9, 85, -34, 209, 326, 214, 131, 97, 
43, 112, 68, -78, -12, 90, -43, 214, 336, 224, 146, 102, 
48, 126, 78, -87, -14, 102, -43, 219, 341, 234, 156, 112, 
58, 136, 78, -97, -9, 107, -48, 224, 346, 244, 161, 117, 
63, 146, 82, -104, -9, 114, -53, 224, 351, 248, 170, 122, 
63, 156, 92, -109, -14, 124, -53, 229, 356, 258, 180, 126, 
63, 156, 92, -109, -14, 124, -63, 229, 361, 263, 185, 131, 
58, 156, 97, -107, -19, 126, -63, 234, 361, 263, 185, 136, 
63, 161, 97, -112, -17, 129, -68, 234, 370, 278, 195, 141, 
68, 165, 97, -117, -14, 131, -63, 239, 375, 278, 204, 151, 
68, 175, 107, -122, -19, 141, -63, 244, 385, 287, 209, 151, 
73, 185, 112, -129, -19, 148, -63, 244, 390, 292, 219, 156, 
73, 190, 117, -131, -21, 153, -63, 244, 395, 307, 224, 165, 
68, 195, 126, -131, -29, 161, -73, 239, 400, 312, 229, 170, 
68, 204, 136, -136, -34, 170, -73, 239, 400, 317, 239, 170, 
73, 209, 136, -141, -31, 173, -73, 239, 400, 322, 244, 175, 
78, 214, 136, -146, -29, 175, -78, 234, 400, 322, 244, 180, 
78, 224, 146, -151, -34, 185, -78, 239, 395, 322, 253, 185, 
82, 229, 146, -156, -31, 187, -78, 239, 400, 331, 258, 195, 
87, 234, 146, -161, -29, 190, -78, 239, 409, 336, 263, 204, 
92, 239, 146, -165, -26, 192, -82, 234, 409, 341, 263, 204, 
87, 239, 151, -163, -31, 195, -82, 224, 409, 346, 268, 204, 
87, 244, 156, -165, -34, 200, -87, 219, 395, 346, 273, 209, 
87, 253, 165, -170, -39, 209, -87, 209, 395, 346, 273, 209, 
92, 253, 161, -173, -34, 207, -92, 195, 385, 346, 278, 214, 
97, 258, 161, -178, -31, 209, -92, 185, 375, 341, 278, 219, 
97, 253, 156, -175, -29, 204, -97, 180, 366, 336, 278, 219, 
97, 253, 156, -175, -29, 204, -92, 170, 356, 326, 268, 214, 
92, 248, 156, -170, -31, 202, -97, 156, 341, 317, 263, 209, 
92, 239, 146, -165, -26, 192, -92, 146, 326, 307, 253, 195, 
87, 234, 146, -161, -29, 190, -87, 141, 312, 297, 244, 190, 
82, 219, 136, -151, -26, 178, -82, 126, 302, 283, 234, 180, 
78, 209, 131, -143, -26, 170, -78, 117, 278, 278, 224, 175, 
68, 204, 136, -136, -34, 170, -78, 102, 258, 263, 214, 165, 
63, 185, 122, -124, -29, 153, -73, 87, 239, 248, 204, 156, 
58, 165, 107, -112, -24, 136, -68, 82, 219, 229, 185, 146, 
53, 156, 102, -104, -24, 129, -63, 68, 204, 214, 175, 136, 
48, 146, 97, -97, -24, 122, -53, 63, 185, 190, 161, 126, 
53, 131, 78, -92, -12, 104, -53, 53, 170, 175, 146, 112, 
43, 117, 73, -80, -14, 95, -58, 48, 156, 161, 136, 102, 
39, 102, 63, -70, -12, 82, -48, 43, 141, 146, 126, 92, 
34, 92, 58, -63, -12, 75, -48, 39, 136, 136, 102, 82, 
29, 73, 43, -51, -7, 58, -43, 34, 122, 122, 97, 73, 
24, 68, 43, -46, -9, 56, -39, 29, 102, 112, 87, 68, 
19, 53, 34, -36, -7, 43, -34, 19, 87, 97, 78, 58, 
14, 39, 24, -26, -4, 31, -29, 14, 78, 82, 68, 58, 
9, 24, 14, -17, -2, 19, -24, 9, 63, 68, 63, 48, 
4, 19, 14, -12, -4, 17, -19, 4, 53, 63, 58, 43, 
9, 14, 4, -12, 2, 9, -14, 0, 48, 53, 48, 39, 
9, 4, -4, -7, 7, 0, -9, -9, 43, 48, 48, 29, 
4, 0, -4, -2, 4, -2, -9, -9, 34, 39, 34, 19, 
0, -14, -14, 7, 7, -14, -9, -14, 29, 24, 24, 14, 
0, -24, -24, 12, 12, -24, -9, -14, 24, 19, 19, 9, 
0, -19, -19, 9, 9, -19, -9, -19, 14, 19, 19, 4, 
-9, -19, -9, 14, 0, -14, -9, -24, 9, 14, 14, 4, 
-9, -24, -14, 17, 2, -19, 0, -29, 0, 9, 14, 4, 
4, -14, -19, 4, 12, -17, 4, -29, 0, 4, 14, 4, 
4, -14, -19, 4, 12, -17, 4, -29, -9, 0, 4, 0, 
0, -24, -24, 12, 12, -24, 9, -29, -9, -14, 0, -9, 
0, -29, -29, 14, 14, -29, 9, -24, -14, -19, -9, -14, 
0, -29, -29, 14, 14, -29, 9, -24, -19, -24, -14, -14, 
-9, -39, -29, 24, 9, -34, 14, -34, -24, -29, -19, -19, 
-9, -34, -24, 21, 7, -29, 14, -34, -19, -29, -19, -19, 
0, -34, -34, 17, 17, -34, 14, -34, -19, -29, -19, -19, 
0, -34, -34, 17, 17, -34, 14, -34, -19, -29, -19, -19, 
0, -34, -34, 17, 17, -34, 14, -34, -24, -29, -19, -19, 
0, -39, -39, 19, 19, -39, 14, -29, -24, -29, -19, -19, 
-9, -39, -29, 24, 9, -34, 19, -29, -24, -34, -19, -19, 
-9, -39, -29, 24, 9, -34, 19, -29, -24, -34, -19, -19, 
-9, -39, -29, 24, 9, -34, 14, -29, -24, -34, -19, -19, 
-9, -43, -34, 26, 12, -39, 19, -29, -24, -34, -19, -19, 
-9, -43, -34, 26, 12, -39, 19, -29, -29, -34, -19, -19, 
-9, -43, -34, 26, 12, -39, 19, -29, -29, -39, -24, -19, 
0, -43, -43, 21, 21, -43, 24, -29, -29, -39, -24, -19, 
0, -43, -43, 21, 21, -43, 24, -29, -29, -39, -24, -19, 
0, -43, -43, 21, 21, -43, 19, -29, -29, -39, -24, -19, 
0, -43, -43, 21, 21, -43, 19, -29, -29, -39, -24, -19, 
0, -43, -43, 21, 21, -43, 19, -29, -29, -39, -24, -19, 
0, -43, -43, 21, 21, -43, 19, -29, -29, -39, -24, -19, 
0, -43, -43, 21, 21, -43, 19, -29, -29, -39, -24, -19, 
0, -43, -43, 21, 21, -43, 14, -29, -29, -39, -29, -24, 
0, -43, -43, 21, 21, -43, 14, -29, -29, -43, -29, -24, 
0, -39, -39, 19, 19, -39, 14, -29, -29, -43, -29, -24, 
-9, -39, -29, 24, 9, -34, 14, -29, -29, -43, -29, -24, 
0, -39, -39, 19, 19, -39, 14, -29, -24, -43, -29, -24, 
0, -39, -39, 19, 19, -39, 14, -24, -24, -39, -29, -24, 
-9, -39, -29, 24, 9, -34, 14, -24, -24, -34, -29, -24, 
-9, -39, -29, 24, 9, -34, 14, -29, -24, -39, -29, -24, 
-9, -43, -34, 26, 12, -39, 14, -29, -24, -39, -29, -24, 
-14, -39, -24, 26, 4, -31, 19, -29, -24, -39, -29, -24, 
-14, -39, -24, 26, 4, -31, 19, -29, -24, -39, -24, -24, 
-9, -39, -29, 24, 9, -34, 19, -29, -24, -39, -24, -24, 
-9, -39, -29, 24, 9, -34, 19, -29, -24, -39, -24, -24, 
-9, -39, -29, 24, 9, -34, 19, -24, -24, -39, -24, -24, 
-9, -39, -29, 24, 9, -34, 19, -24, -24, -39, -24, -24, 
-9, -39, -29, 24, 9, -34, 24, -24, -24, -34, -24, -24, 
-9, -39, -29, 24, 9, -34, 24, -24, -24, -34, -24, -24, 
-9, -34, -24, 21, 7, -29, 24, -29, -19, -34, -24, -24, 
0, -34, -34, 17, 17, -34, 24, -29, -19, -34, -24, -24, 
0, -29, -29, 14, 14, -29, 29, -24, -19, -34, -24, -19, 
0, -29, -29, 14, 14, -29, 29, -24, -19, -34, -19, -19, 
0, -24, -24, 12, 12, -24, 29, -24, -19, -34, -19, -19, 
0, -24, -24, 12, 12, -24, 29, -24, -19, -29, -19, -19, 
0, -24, -24, 12, 12, -24, 29, -24, -19, -29, -19, -19, 
0, -24, -24, 12, 12, -24, 29, -24, -19, -29, -19, -19, 
0, -24, -24, 12, 12, -24, 29, -24, -19, -29, -19, -19, 
0, -24, -24, 12, 12, -24, 29, -29, -24, -29, -19, -19, 
0, -29, -29, 14, 14, -29, 29, -24, -24, -29, -19, -19, 
-9, -29, -19, 19, 4, -24, 29, -24, -24, -29, -19, -19, 
-9, -24, -14, 17, 2, -19, 29, -24, -24, -29, -19, -19, 
-9, -24, -14, 17, 2, -19, 34, -24, -24, -29, -14, -14, 
-9, -24, -14, 17, 2, -19, 34, -24, -24, -24, -14, -14, 
-9, -24, -14, 17, 2, -19, 34, -24, -24, -24, -14, -14, 
-9, -24, -14, 17, 2, -19, 34, -24, -24, -24, -14, -14, 
0, -24, -24, 12, 12, -24, 34, -24, -24, -24, -9, -9, 
0, -19, -19, 9, 9, -19, 34, -24, -24, -24, -9, -9, 
0, -19, -19, 9, 9, -19, 34, -24, -19, -24, -9, -9, 
0, -19, -19, 9, 9, -19, 34, -19, -19, -24, -9, -9, 
0, -19, -19, 9, 9, -19, 34, -19, -14, -19, -9, -9, 
0, -14, -14, 7, 7, -14, 34, -19, -14, -19, -9, -9, 
0, -14, -14, 7, 7, -14, 34, -19, -14, -19, -9, -9, 
0, -14, -14, 7, 7, -14, 29, -19, -19, -19, -9, -9, 
0, -14, -14, 7, 7, -14, 29, -19, -19, -24, -9, -9, 
0, -14, -14, 7, 7, -14, 29, -24, -19, -24, -9, -9, 
0, -14, -14, 7, 7, -14, 29, -24, -19, -24, -9, -9, 
0, -14, -14, 7, 7, -14, 24, -24, -19, -24, -9, -9, 
-9, -14, -4, 12, -2, -9, 24, -24, -19, -24, -9, -9, 
-9, -14, -4, 12, -2, -9, 29, -24, -24, -24, -9, -14, 
-9, -14, -4, 12, -2, -9, 29, -24, -24, -24, -9, -14, 
-9, -14, -4, 12, -2, -9, 29, -24, -24, -24, -14, -14, 
-9, -14, -4, 12, -2, -9, 24, -24, -24, -29, -14, -14, 
-9, -14, -4, 12, -2, -9, 24, -29, -29, -29, -14, -14, 
-9, -14, -4, 12, -2, -9, 24, -29, -29, -29, -14, -14, 
-9, -14, -4, 12, -2, -9, 24, -29, -29, -29, -14, -14, 
-9, -14, -4, 12, -2, -9, 24, -29, -29, -29, -14, -14, 
-9, -19, -9, 14, 0, -14, 24, -29, -29, -29, -19, -14, 
-9, -19, -9, 14, 0, -14, 24, -29, -29, -34, -19, -19, 
-9, -19, -9, 14, 0, -14, 19, -29, -29, -34, -19, -19, 
-9, -19, -9, 14, 0, -14, 14, -29, -34, -34, -19, -19, 
-9, -19, -9, 14, 0, -14, 14, -29, -34, -34, -19, -19, 
-14, -19, -4, 17, -4, -12, 14, -34, -34, -34, -19, -19, 
-14, -19, -4, 17, -4, -12, 19, -34, -34, -34, -24, -19, 
-24, -24, 0, 24, -12, -12, 19, -34, -34, -34, -24, -19, 
-24, -24, 0, 24, -12, -12, 24, -34, -39, -34, -24, -19, 
-24, -24, 0, 24, -12, -12, 24, -34, -34, -39, -24, -19, 
-24, -24, 0, 24, -12, -12, 24, -39, -34, -39, -24, -19, 
-24, -24, 0, 24, -12, -12, 19, -39, -39, -39, -29, -19, 
-24, -24, 0, 24, -12, -12, 19, -39, -39, -39, -29, -19, 
-24, -24, 0, 24, -12, -12, 19, -39, -39, -39, -29, -24, 
-24, -29, -4, 26, -9, -17, 19, -39, -39, -43, -29, -24, 
-24, -29, -4, 26, -9, -17, 14, -39, -43, -43, -29, -24, 
-24, -29, -4, 26, -9, -17, 14, -39, -43, -43, -29, -24, 
-24, -29, -4, 26, -9, -17, 14, -39, -43, -43, -34, -24, 
-24, -29, -4, 26, -9, -17, 14, -39, -43, -43, -34, -24, 
-19, -34, -14, 26, -2, -24, 14, -39, -43, -43, -34, -24, 
-19, -34, -14, 26, -2, -24, 14, -39, -43, -43, -34, -24, 
-19, -34, -14, 26, -2, -24, 14, -39, -43, -43, -34, -29, 
-19, -34, -14, 26, -2, -24, 14, -39, -43, -43, -34, -29, 
-19, -34, -14, 26, -2, -24, 19, -39, -43, -43, -34, -29, 
-19, -34, -14, 26, -2, -24, 19, -39, -48, -43, -34, -29, 
-19, -34, -14, 26, -2, -24, 19, -39, -48, -43, -34, -29, 
-24, -34, -9, 29, -7, -21, 19, -39, -48, -48, -39, -29, 
-24, -34, -9, 29, -7, -21, 24, -39, -48, -48, -39, -34, 
-24, -34, -9, 29, -7, -21, 24, -39, -48, -48, -39, -34, 
-24, -34, -9, 29, -7, -21, 24, -39, -48, -48, -39, -34, 
-24, -34, -9, 29, -7, -21, 24, -39, -48, -48, -39, -34, 
-24, -29, -4, 26, -9, -17, 19, -39, -48, -48, -43, -34, 
-24, -29, -4, 26, -9, -17, 19, -39, -48, -53, -43, -34, 
-19, -29, -9, 24, -4, -19, 19, -39, -53, -53, -43, -34, 
-19, -29, -9, 24, -4, -19, 14, -39, -53, -53, -43, -34, 
-19, -29, -9, 24, -4, -19, 14, -39, -53, -53, -43, -34, 
-19, -29, -9, 24, -4, -19, 14, -39, -53, -53, -43, -34, 
-19, -29, -9, 24, -4, -19, 14, -43, -53, -53, -43, -34, 
-19, -29, -9, 24, -4, -19, 14, -43, -53, -53, -43, -39, 
-19, -24, -4, 21, -7, -14, 14, -43, -58, -53, -48, -39, 
-19, -24, -4, 21, -7, -14, 9, -39, -58, -53, -48, -39, 
-19, -24, -4, 21, -7, -14, 9, -43, -58, -53, -43, -39, 
-14, -19, -4, 17, -4, -12, 9, -43, -58, -53, -43, -34, 
-14, -19, -4, 17, -4, -12, 9, -43, -58, -53, -43, -34, 
-14, -19, -4, 17, -4, -12, 9, -43, -53, -53, -43, -34, 
-14, -19, -4, 17, -4, -12, 9, -43, -53, -53, -43, -34, 
-14, -19, -4, 17, -4, -12, 14, -43, -53, -53, -43, -34, 
-19, -19, 0, 19, -9, -9, 14, -43, -58, -58, -43, -34, 
-19, -19, 0, 19, -9, -9, 14, -43, -58, -58, -43, -34, 
-19, -14, 4, 17, -12, -4, 14, -43, -58, -58, -43, -34, 
-19, -14, 4, 17, -12, -4, 14, -43, -58, -58, -43, -34, 
-19, -14, 4, 17, -12, -4, 19, -48, -58, -58, -43, -34, 
-19, -14, 4, 17, -12, -4, 19, -48, -58, -58, -43, -34, 
-24, -19, 4, 21, -14, -7, 19, -48, -63, -58, -43, -34, 
-24, -19, 4, 21, -14, -7, 19, -48, -63, -58, -43, -34, 
-24, -19, 4, 21, -14, -7, 19, -48, -63, -63, -43, -39, 
-24, -19, 4, 21, -14, -7, 19, -48, -63, -63, -43, -39, 
-24, -19, 4, 21, -14, -7, 19, -48, -63, -63, -43, -39, 
-24, -19, 4, 21, -14, -7, 19, -48, -68, -63, -43, -39, 
-24, -19, 4, 21, -14, -7, 14, -48, -68, -63, -43, -39, 
-24, -19, 4, 21, -14, -7, 14, -48, -68, -63, -43, -39, 
-24, -19, 4, 21, -14, -7, 14, -48, -68, -63, -48, -39, 
-24, -19, 4, 21, -14, -7, 14, -48, -68, -63, -48, -39, 
-24, -19, 4, 21, -14, -7, 14, -48, -68, -63, -48, -43, 
-24, -19, 4, 21, -14, -7, 14, -48, -68, -63, -48, -43, 
-24, -19, 4, 21, -14, -7, 14, -48, -68, -63, -48, -43, 
-24, -19, 4, 21, -14, -7, 14, -48, -68, -63, -48, -43, 
-24, -19, 4, 21, -14, -7, 14, -48, -68, -63, -48, -43, 
-24, -19, 4, 21, -14, -7, 19, -48, -68, -63, -48, -43, 
-24, -19, 4, 21, -14, -7, 19, -48, -68, -63, -48, -43, 
-29, -19, 9, 24, -19, -4, 19, -48, -68, -63, -48, -39, 
-29, -19, 9, 24, -19, -4, 14, -48, -68, -58, -43, -39, 
-29, -19, 9, 24, -19, -4, 9, -48, -68, -58, -43, -39, 
-29, -19, 9, 24, -19, -4, 9, -48, -68, -63, -43, -39, 
-29, -19, 9, 24, -19, -4, 9, -48, -73, -63, -43, -39, 
-29, -19, 9, 24, -19, -4, 9, -48, -73, -63, -43, -39, 
-29, -19, 9, 24, -19, -4, 9, -48, -73, -63, -43, -39, 
-29, -19, 9, 24, -19, -4, 9, -53, -73, -63, -43, -39, 
-29, -19, 9, 24, -19, -4, 9, -53, -73, -63, -48, -39, 
-29, -19, 9, 24, -19, -4, 9, -53, -78, -63, -48, -39, 
-29, -19, 9, 24, -19, -4, 9, -53, -78, -68, -48, -39, 
-24, -19, 4, 21, -14, -7, 9, -48, -73, -68, -48, -39, 
-24, -19, 4, 21, -14, -7, 9, -48, -73, -68, -48, -43, 
-24, -19, 4, 21, -14, -7, 9, -48, -73, -68, -48, -43, 
-24, -19, 4, 21, -14, -7, 9, -48, -73, -68, -48, -43, 
-24, -19, 4, 21, -14, -7, 9, -48, -73, -68, -53, -43, 
-24, -19, 4, 21, -14, -7, 9, -48, -73, -73, -53, -43, 
-24, -19, 4, 21, -14, -7, 9, -48, -78, -73, -53, -43, 
-24, -19, 4, 21, -14, -7, 9, -48, -78, -73, -53, -43, 
-24, -14, 9, 19, -17, -2, 9, -48, -73, -73, -53, -43, 
-24, -14, 9, 19, -17, -2, 4, -48, -73, -73, -53, -43, 
-24, -14, 9, 19, -17, -2, 4, -48, -73, -73, -53, -43, 
-19, -9, 9, 14, -14, 0, 0, -48, -73, -68, -53, -39, 
-19, -9, 9, 14, -14, 0, -9, -48, -68, -68, -48, -39, 
-19, 0, 19, 9, -19, 9, -9, -43, -68, -63, -48, -34, 
-14, 4, 19, 4, -17, 12, -14, -43, -63, -63, -43, -34, 
-14, 9, 24, 2, -19, 17, -14, -43, -58, -58, -39, -29, 
-14, 14, 29, 0, -21, 21, -14, -39, -53, -53, -34, -24, 
-14, 19, 34, -2, -24, 26, -14, -39, -48, -48, -29, -19, 
-9, 24, 34, -7, -21, 29, -19, -39, -43, -43, -24, -14, 
-9, 29, 39, -9, -24, 34, -19, -34, -39, -39, -19, -9, 
0, 34, 34, -17, -17, 34, -24, -34, -34, -34, -14, -9, 
4, 34, 29, -19, -12, 31, -24, -29, -34, -29, -14, 0, 
4, 39, 34, -21, -14, 36, -24, -29, -29, -29, -9, 0, 
9, 43, 34, -26, -12, 39, -24, -24, -29, -24, -9, 4, 
14, 48, 34, -31, -9, 41, -24, -24, -24, -19, 0, 4, 
19, 53, 34, -36, -7, 43, -24, -19, -24, -19, 4, 9, 
24, 58, 34, -41, -4, 46, -29, -19, -19, -14, 4, 9, 
24, 63, 39, -43, -7, 51, -29, -19, -19, -14, 4, 14, 
29, 68, 39, -48, -4, 53, -34, -19, -19, -14, 9, 14, 
29, 68, 39, -48, -4, 53, -39, -24, -14, -9, 9, 14, 
29, 73, 43, -51, -7, 58, -43, -24, -14, -9, 14, 14, 
34, 78, 43, -56, -4, 61, -43, -24, -14, 0, 14, 14, 
34, 82, 48, -58, -7, 65, -48, -29, -9, 4, 19, 19, 
34, 87, 53, -61, -9, 70, -48, -29, -9, 4, 19, 19, 
34, 92, 58, -63, -12, 75, -53, -29, 0, 9, 24, 24, 
39, 92, 53, -65, -7, 73, -53, -34, 0, 9, 24, 24, 
34, 97, 63, -65, -14, 80, -53, -34, 0, 14, 24, 24, 
34, 97, 63, -65, -14, 80, -53, -34, 0, 14, 24, 24, 
34, 97, 63, -65, -14, 80, -53, -39, 0, 14, 24, 24, 
39, 92, 53, -65, -7, 73, -53, -39, -9, 9, 19, 24, 
39, 87, 48, -63, -4, 68, -53, -39, -9, 9, 19, 24, 
39, 87, 48, -63, -4, 68, -53, -34, -9, 9, 24, 29, 
43, 82, 39, -63, 2, 61, -53, -34, -14, 4, 24, 29, 
43, 78, 34, -61, 4, 56, -48, -34, -19, 0, 19, 29, 
43, 73, 29, -58, 7, 51, -53, -34, -24, -9, 19, 29, 
48, 68, 19, -58, 14, 43, -53, -34, -34, -14, 14, 24, 
48, 58, 9, -53, 19, 34, -48, -34, -43, -19, 9, 24, 
43, 48, 4, -46, 19, 26, -48, -39, -48, -24, 4, 19, 
39, 39, 0, -39, 19, 19, -43, -39, -58, -29, 0, 14, 
39, 29, -9, -34, 24, 9, -43, -39, -63, -39, -14, 9, 
29, 19, -9, -24, 19, 4, -39, -43, -68, -43, -19, 4, 
24, 9, -14, -17, 19, -2, -34, -43, -73, -48, -24, 0, 
19, 0, -19, -9, 19, -9, -29, -48, -78, -53, -29, -14, 
14, -14, -29, 0, 21, -21, -24, -48, -87, -63, -34, -19, 
9, -24, -34, 7, 21, -29, -19, -53, -92, -68, -43, -24, 
4, -34, -39, 14, 21, -36, -19, -53, -97, -73, -48, -34, 
-9, -39, -29, 24, 9, -34, -14, -58, -97, -78, -53, -39, 
-14, -43, -29, 29, 7, -36, -9, -58, -102, -82, -53, -43, 
-19, -48, -29, 34, 4, -39, -9, -58, -102, -82, -58, -48, 
-19, -53, -34, 36, 7, -43, 0, -58, -107, -87, -63, -53, 
-24, -53, -29, 39, 2, -41, 0, -63, -112, -87, -63, -53, 
-19, -58, -39, 39, 9, -48, 0, -63, -112, -92, -68, -53, 
-19, -58, -39, 39, 9, -48, 0, -63, -117, -97, -68, -58, 
-24, -63, -39, 43, 7, -51, 4, -63, -122, -97, -73, -63, 
-24, -68, -43, 46, 9, -56, 4, -63, -122, -102, -78, -63, 
-24, -68, -43, 46, 9, -56, 4, -63, -122, -102, -78, -63, 
-24, -73, -48, 48, 12, -61, 4, -63, -126, -102, -82, -68, 
-24, -73, -48, 48, 12, -61, 4, -63, -126, -102, -82, -68, 
-24, -73, -48, 48, 12, -61, 4, -63, -126, -107, -82, -68, 
-24, -73, -48, 48, 12, -61, 4, -63, -126, -107, -82, -73, 
-29, -73, -43, 51, 7, -58, 9, -63, -126, -107, -87, -73, 
-29, -78, -48, 53, 9, -63, 9, -63, -126, -107, -87, -73, 
-34, -82, -48, 58, 7, -65, 9, -58, -126, -107, -87, -78, 
-39, -82, -43, 61, 2, -63, 9, -58, -126, -107, -87, -78, 
-39, -82, -43, 61, 2, -63, 9, -58, -126, -107, -87, -78, 
-39, -82, -43, 61, 2, -63, 9, -63, -126, -107, -87, -78, 
-39, -82, -43, 61, 2, -63, 14, -63, -131, -107, -92, -82, 
-43, -87, -43, 65, 0, -65, 14, -63, -126, -102, -92, -82, 
-43, -87, -43, 65, 0, -65, 14, -63, -126, -107, -92, -82, 
-48, -92, -43, 70, -2, -68, 14, -63, -126, -107, -92, -82, 
-48, -92, -43, 70, -2, -68, 19, -63, -126, -107, -92, -82, 
-48, -87, -39, 68, -4, -63, 19, -63, -126, -107, -97, -82, 
-48, -87, -39, 68, -4, -63, 19, -63, -126, -107, -97, -82, 
-48, -87, -39, 68, -4, -63, 19, -63, -126, -107, -97, -82, 
-43, -87, -43, 65, 0, -65, 19, -68, -122, -107, -97, -78, 
-43, -87, -43, 65, 0, -65, 19, -68, -122, -107, -97, -78, 
-43, -87, -43, 65, 0, -65, 19, -68, -117, -107, -97, -78, 
-43, -87, -43, 65, 0, -65, 19, -63, -117, -107, -97, -78, 
-43, -87, -43, 65, 0, -65, 19, -63, -112, -107, -97, -78, 
-43, -87, -43, 65, 0, -65, 19, -63, -112, -107, -97, -78, 
-43, -87, -43, 65, 0, -65, 19, -63, -112, -102, -92, -78, 
-43, -87, -43, 65, 0, -65, 19, -63, -112, -102, -92, -78, 
-43, -92, -48, 68, 2, -70, 19, -68, -112, -102, -92, -82, 
-43, -92, -48, 68, 2, -70, 19, -68, -112, -102, -87, -82, 
-43, -92, -48, 68, 2, -70, 19, -68, -112, -97, -87, -82, 
-43, -92, -48, 68, 2, -70, 19, -68, -112, -102, -87, -82, 
-48, -92, -43, 70, -2, -68, 19, -68, -117, -102, -87, -82, 
-48, -92, -43, 70, -2, -68, 19, -68, -117, -102, -87, -82, 
-43, -97, -53, 70, 4, -75, 19, -68, -117, -97, -87, -82, 
-48, -97, -48, 73, 0, -73, 19, -68, -117, -102, -87, -78, 
-48, -97, -48, 73, 0, -73, 14, -68, -117, -102, -87, -78, 
-48, -102, -53, 75, 2, -78, 19, -68, -117, -97, -87, -73, 
-48, -102, -53, 75, 2, -78, 14, -68, -117, -107, -92, -73, 
-53, -107, -53, 80, 0, -80, 19, -68, -122, -107, -92, -78, 
-53, -107, -53, 80, 0, -80, 24, -68, -122, -107, -97, -78, 
-53, -107, -53, 80, 0, -80, 24, -73, -117, -112, -97, -78, 
-63, -112, -48, 87, -7, -80, 29, -68, -117, -112, -97, -82, 
-63, -107, -43, 85, -9, -75, 29, -73, -107, -107, -97, -82, 
-68, -102, -34, 85, -17, -68, 29, -73, -97, -107, -102, -92, 
-78, -107, -29, 92, -24, -68, 34, -73, -78, -107, -107, -97, 
-82, -107, -24, 95, -29, -65, 39, -53, -53, -97, -112, -102, 
-82, -107, -24, 95, -29, -65, 48, -24, -9, -82, -112, -107, 
-78, -107, -29, 92, -24, -68, 53, 24, 39, -78, -112, -117, 
-78, -112, -34, 95, -21, -73, 73, 63, 78, -63, -117, -131, 
-78, -117, -39, 97, -19, -78, 82, 112, 126, -39, -107, -136, 
-63, -107, -43, 85, -9, -75, 87, 156, 170, 0, -82, -122, 
-34, -92, -58, 63, 12, -75, 78, 195, 224, 48, -39, -92, 
9, -87, -97, 39, 53, -92, 78, 253, 273, 112, 9, -68, 
43, -82, -126, 19, 85, -104, 73, 297, 322, 175, 58, -43, 
82, -53, -136, -14, 109, -95, 48, 317, 370, 263, 117, 14, 
117, 19, -97, -68, 107, -39, 4, 292, 385, 366, 224, 92, 
156, 97, -58, -126, 107, 19, -58, 234, 366, 473, 331, 185, 
190, 170, -19, -180, 104, 75, -117, 180, 366, 590, 448, 278, 
214, 248, 34, -231, 90, 141, -161, 146, 409, 732, 566, 370, 
239, 331, 92, -285, 73, 212, -209, 122, 419, 824, 673, 478, 
258, 419, 161, -339, 48, 290, -253, 58, 366, 834, 736, 561, 
253, 473, 219, -363, 17, 346, -287, -43, 258, 751, 736, 614, 
234, 502, 268, -368, -17, 385, -302, -141, 156, 649, 702, 634, 
204, 483, 278, -344, -36, 380, -302, -214, 87, 522, 624, 614, 
175, 395, 219, -285, -21, 307, -283, -268, -19, 317, 468, 536, 
131, 322, 190, -226, -29, 256, -263, -351, -190, 92, 292, 444, 
78, 278, 200, -178, -61, 239, -253, -473, -395, -68, 175, 370, 
24, 204, 180, -114, -78, 192, -239, -575, -614, -244, 43, 278, 
-29, 82, 112, -26, -70, 97, -190, -629, -819, -458, -136, 141, 
-58, -19, 39, 39, -48, 9, -151, -653, -961, -624, -273, 43, 
-63, -53, 9, 58, -36, -21, -136, -629, -1010, -658, -302, 9, 
-63, -53, 9, 58, -36, -21, -122, -566, -956, -619, -278, 9, 
-58, -73, -14, 65, -21, -43, -97, -478, -863, -561, -263, 0, 
-48, -112, -63, 80, 7, -87, -63, -400, -795, -531, -268, -43, 
-34, -161, -126, 97, 46, -143, -24, -331, -746, -517, -287, -82, 
-24, -190, -165, 107, 70, -178, 9, -268, -673, -488, -292, -107, 
-24, -214, -190, 119, 82, -202, 24, -209, -595, -444, -283, -122, 
-24, -214, -190, 119, 82, -202, 34, -161, -531, -400, -268, -131, 
-24, -214, -190, 119, 82, -202, 48, -117, -468, -366, -253, -131, 
-24, -214, -190, 119, 82, -202, 53, -87, -400, -326, -234, -131, 
-14, -190, -175, 102, 80, -183, 53, -63, -346, -292, -209, -126, 
-14, -161, -146, 87, 65, -153, 48, -48, -278, -248, -175, -112, 
-9, -136, -126, 73, 58, -131, 43, -34, -219, -209, -151, -102, 
-9, -122, -112, 65, 51, -117, 39, -19, -170, -165, -131, -92, 
-9, -107, -97, 58, 43, -102, 39, 0, -141, -146, -117, -82, 
-14, -92, -78, 53, 31, -85, 34, 4, -126, -131, -107, -82, 
-19, -92, -73, 56, 26, -82, 29, 0, -112, -122, -102, -73, 
-19, -82, -63, 51, 21, -73, 29, 0, -102, -117, -92, -73, 
-24, -78, -53, 51, 14, -65, 29, 0, -87, -102, -87, -68, 
-24, -78, -53, 51, 14, -65, 29, -9, -82, -97, -82, -68, 
-29, -78, -48, 53, 9, -63, 29, 4, -68, -97, -82, -68, 
-24, -68, -43, 46, 9, -56, 29, 4, -63, -92, -82, -73, 
-24, -68, -43, 46, 9, -56, 24, 4, -58, -82, -78, -68, 
-29, -63, -34, 46, 2, -48, 24, 4, -58, -78, -78, -73, 
-29, -63, -34, 46, 2, -48, 24, 4, -58, -78, -73, -73, 
-34, -68, -34, 51, 0, -51, 24, 0, -58, -78, -73, -73, 
-39, -68, -29, 53, -4, -48, 29, 4, -58, -78, -78, -68, 
-39, -68, -29, 53, -4, -48, 34, 9, -58, -73, -78, -68, 
-34, -68, -34, 51, 0, -51, 29, 9, -53, -78, -78, -68, 
-24, -68, -43, 46, 9, -56, 29, 14, -48, -78, -78, -68, 
-24, -68, -43, 46, 9, -56, 24, 14, -43, -78, -78, -63, 
-19, -68, -48, 43, 14, -58, 29, 14, -34, -73, -78, -63, 
-19, -68, -48, 43, 14, -58, 29, 24, -29, -68, -73, -58, 
-14, -63, -48, 39, 17, -56, 29, 14, -24, -63, -73, -63, 
-14, -63, -48, 39, 17, -56, 29, 14, -19, -58, -63, -53, 
-9, -58, -48, 34, 19, -53, 29, 14, -24, -53, -58, -53, 
-14, -58, -43, 36, 14, -51, 29, 14, -24, -53, -58, -53, 
-14, -63, -48, 39, 17, -56, 29, 14, -24, -53, -58, -53, 
-19, -68, -48, 43, 14, -58, 29, 14, -29, -58, -63, -53, 
-19, -63, -43, 41, 12, -53, 34, 19, -24, -63, -58, -53, 
-14, -53, -39, 34, 12, -46, 34, 19, -19, -58, -63, -53, 
-9, -53, -43, 31, 17, -48, 29, 24, -14, -53, -58, -53, 
0, -53, -53, 26, 26, -53, 29, 24, 0, -53, -53, -53, 
-14, -58, -43, 36, 14, -51, 24, 19, 4, -43, -53, -53, 
-9, -53, -43, 31, 17, -48, 24, 24, 4, -39, -48, -48, 
-14, -48, -34, 31, 9, -41, 19, 24, 4, -39, -48, -48, 
-14, -48, -34, 31, 9, -41, 24, 19, 4, -43, -43, -43, 
-14, -43, -29, 29, 7, -36, 24, 19, 0, -39, -48, -43, 
-14, -39, -24, 26, 4, -31, 19, 29, 9, -39, -48, -48, 
-9, -39, -29, 24, 9, -34, 19, 29, 14, -39, -43, -43, 
-9, -29, -19, 19, 4, -24, 19, 34, 19, -34, -43, -43, 
-9, -29, -19, 19, 4, -24, 19, 34, 29, -29, -39, -39, 
-9, -29, -19, 19, 4, -24, 19, 39, 34, -24, -39, -39, 
-9, -29, -19, 19, 4, -24, 19, 39, 34, -19, -29, -34, 
-9, -24, -14, 17, 2, -19, 19, 39, 39, -14, -24, -34, 
-9, -19, -9, 14, 0, -14, 29, 39, 39, -9, -24, -29, 
-9, -19, -9, 14, 0, -14, 29, 39, 39, -9, -19, -29, 
0, -19, -19, 9, 9, -19, 24, 39, 34, -9, -24, -29, 
-9, -24, -14, 17, 2, -19, 19, 43, 39, -14, -24, -24, 
-14, -24, -9, 19, -2, -17, 14, 43, 43, -14, -24, -29, 
-14, -24, -9, 19, -2, -17, 9, 48, 48, -14, -29, -29, 
-9, -29, -19, 19, 4, -24, 14, 48, 53, -9, -24, -34, 
-9, -24, -14, 17, 2, -19, 14, 53, 58, 0, -19, -29, 
-9, -19, -9, 14, 0, -14, 14, 48, 63, 4, -19, -29, 
0, -19, -19, 9, 9, -19, 19, 48, 68, 9, -14, -34, 
-9, -14, -4, 12, -2, -9, 14, 48, 68, 9, -14, -29, 
-9, -14, -4, 12, -2, -9, 9, 48, 68, 14, -14, -24, 
0, 0, 0, 0, 0, 0, 9, 53, 68, 14, -14, -24, 
0, -9, -9, 4, 4, -9, 14, 53, 63, 4, -19, -24, 
-9, -19, -9, 14, 0, -14, 19, 58, 63, 4, -19, -24, 
-9, -24, -14, 17, 2, -19, 19, 58, 68, 0, -19, -29, 
-9, -24, -14, 17, 2, -19, 19, 58, 73, 4, -19, -34, 
-9, -19, -9, 14, 0, -14, 19, 63, 82, 9, -14, -24, 
-9, -19, -9, 14, 0, -14, 14, 63, 82, 19, -14, -24, 
0, -14, -14, 7, 7, -14, 14, 63, 87, 19, -9, -24, 
4, -9, -14, 2, 9, -12, 14, 68, 92, 24, 0, -19, 
9, 0, -9, -4, 9, -4, 14, 73, 92, 24, 0, -9, 
9, -9, -19, 0, 14, -14, 4, 68, 92, 19, 0, -9, 
4, -14, -19, 4, 12, -17, 4, 78, 97, 19, 0, -9, 
4, -14, -19, 4, 12, -17, 9, 78, 102, 24, 0, -9, 
4, -9, -14, 2, 9, -12, 4, 78, 107, 29, 0, -14, 
4, -9, -14, 2, 9, -12, 9, 82, 117, 34, 4, -14, 
9, 0, -9, -4, 9, -4, 9, 82, 126, 43, 9, -9, 
9, 9, 0, -9, 4, 4, 9, 87, 131, 48, 14, -9, 
14, 9, -4, -12, 9, 2, 9, 87, 136, 53, 24, 4, 
14, 14, 0, -14, 7, 7, 4, 97, 136, 53, 24, 4, 
19, 14, -4, -17, 12, 4, 9, 97, 141, 58, 29, 9, 
19, 14, -4, -17, 12, 4, 4, 102, 146, 63, 29, 9, 
19, 19, 0, -19, 9, 9, 4, 102, 146, 68, 39, 14, 
24, 29, 4, -26, 9, 17, 9, 112, 156, 68, 34, 19, 
29, 34, 4, -31, 12, 19, 9, 117, 165, 78, 39, 24, 
29, 39, 9, -34, 9, 24, 4, 122, 175, 82, 43, 24, 
29, 43, 14, -36, 7, 29, 0, 122, 180, 97, 48, 24, 
24, 39, 14, -31, 4, 26, 0, 126, 190, 107, 53, 29, 
19, 39, 19, -29, 0, 29, 0, 126, 204, 112, 63, 29, 
19, 43, 24, -31, -2, 34, 0, 126, 204, 112, 58, 34, 
24, 53, 29, -39, -2, 41, 0, 131, 214, 112, 63, 39, 
29, 63, 34, -46, -2, 48, -9, 136, 219, 107, 68, 39, 
34, 68, 34, -51, 0, 51, -14, 146, 219, 112, 63, 43, 
39, 73, 34, -56, 2, 53, -9, 156, 234, 122, 68, 48, 
39, 78, 39, -58, 0, 58, -14, 161, 244, 122, 68, 43, 
39, 78, 39, -58, 0, 58, -14, 156, 253, 131, 73, 43, 
34, 82, 48, -58, -7, 65, -14, 161, 263, 136, 78, 48, 
34, 87, 53, -61, -9, 70, -9, 161, 273, 146, 82, 53, 
39, 92, 53, -65, -7, 73, -14, 165, 283, 151, 92, 58, 
39, 102, 63, -70, -12, 82, -14, 165, 283, 161, 97, 63, 
39, 102, 63, -70, -12, 82, -19, 175, 292, 170, 102, 68, 
39, 102, 63, -70, -12, 82, -19, 180, 297, 170, 107, 73, 
39, 107, 68, -73, -14, 87, -19, 185, 302, 175, 117, 78, 
43, 117, 73, -80, -14, 95, -19, 190, 317, 190, 122, 82, 
48, 126, 78, -87, -14, 102, -19, 195, 331, 204, 126, 87, 
48, 131, 82, -90, -17, 107, -24, 204, 341, 219, 131, 97, 
48, 141, 92, -95, -21, 117, -34, 209, 356, 229, 146, 102, 
53, 151, 97, -102, -21, 124, -39, 214, 361, 244, 156, 112, 
63, 156, 92, -109, -14, 124, -39, 219, 370, 258, 165, 117, 
63, 165, 102, -114, -19, 134, -43, 224, 375, 258, 175, 126, 
68, 175, 107, -122, -19, 141, -48, 224, 380, 268, 185, 136, 
68, 180, 112, -124, -21, 146, -53, 229, 390, 278, 195, 146, 
68, 185, 117, -126, -24, 151, -53, 229, 395, 278, 195, 146, 
63, 185, 122, -124, -29, 153, -53, 229, 400, 287, 204, 151, 
68, 190, 122, -129, -26, 156, -58, 229, 409, 292, 214, 156, 
78, 204, 126, -141, -24, 165, -53, 234, 419, 302, 219, 161, 
78, 219, 141, -148, -31, 180, -58, 234, 424, 312, 229, 165, 
78, 219, 141, -148, -31, 180, -63, 239, 429, 322, 229, 170, 
78, 224, 146, -151, -34, 185, -68, 234, 429, 326, 239, 175, 
78, 234, 156, -156, -39, 195, -73, 229, 429, 331, 239, 175, 
78, 239, 161, -158, -41, 200, -78, 229, 429, 331, 244, 175, 
78, 244, 165, -161, -43, 204, -82, 229, 429, 336, 248, 180, 
78, 248, 170, -163, -46, 209, -82, 224, 424, 336, 253, 185, 
82, 258, 175, -170, -46, 217, -82, 224, 424, 341, 258, 185, 
87, 263, 175, -175, -43, 219, -82, 224, 434, 351, 263, 195, 
82, 263, 180, -173, -48, 222, -92, 219, 429, 351, 258, 195, 
82, 263, 180, -173, -48, 222, -92, 209, 429, 351, 263, 195, 
78, 263, 185, -170, -53, 224, -97, 209, 424, 361, 268, 204, 
78, 268, 190, -173, -56, 229, -107, 195, 419, 356, 268, 214, 
78, 273, 195, -175, -58, 234, -107, 190, 409, 351, 278, 219, 
87, 273, 185, -180, -48, 229, -107, 180, 390, 351, 273, 219, 
82, 273, 190, -178, -53, 231, -112, 170, 385, 346, 278, 219, 
82, 273, 190, -178, -53, 231, -112, 161, 370, 341, 268, 219, 
73, 258, 185, -165, -56, 222, -107, 151, 356, 336, 268, 214, 
68, 248, 180, -158, -56, 214, -107, 141, 341, 322, 258, 209, 
63, 244, 180, -153, -58, 212, -97, 136, 331, 312, 248, 195, 
68, 234, 165, -151, -48, 200, -92, 122, 317, 297, 239, 190, 
63, 224, 161, -143, -48, 192, -92, 112, 297, 292, 229, 185, 
58, 214, 156, -136, -48, 185, -92, 102, 278, 278, 219, 175, 
53, 195, 141, -124, -43, 168, -87, 92, 258, 263, 209, 165, 
43, 175, 131, -109, -43, 153, -82, 82, 239, 244, 190, 156, 
39, 165, 126, -102, -43, 146, -73, 73, 219, 229, 185, 146, 
43, 161, 117, -102, -36, 139, -68, 68, 195, 209, 170, 136, 
39, 141, 102, -90, -31, 122, -63, 63, 180, 190, 161, 122, 
34, 126, 92, -80, -29, 109, -63, 53, 165, 175, 146, 112, 
39, 117, 78, -78, -19, 97, -58, 48, 151, 156, 131, 102, 
39, 107, 68, -73, -14, 87, -58, 39, 131, 141, 117, 82, 
29, 87, 58, -58, -14, 73, -53, 29, 122, 131, 97, 78, 
24, 78, 53, -51, -14, 65, -53, 24, 112, 117, 87, 63, 
19, 68, 48, -43, -14, 58, -43, 9, 87, 97, 78, 53, 
14, 53, 39, -34, -12, 46, -34, 4, 73, 87, 63, 48, 
9, 43, 34, -26, -12, 39, -29, 0, 63, 73, 58, 39, 
9, 39, 29, -24, -9, 34, -24, -9, 43, 58, 48, 29, 
9, 34, 24, -21, -7, 29, -14, -9, 39, 48, 39, 24, 
14, 29, 14, -21, 0, 21, -9, -9, 34, 43, 29, 24, 
9, 19, 9, -14, 0, 14, -9, -19, 24, 34, 19, 14, 
0, 9, 9, -4, -4, 9, -9, -19, 19, 24, 14, 9, 
0, -9, -9, 4, 4, -9, -9, -19, 14, 19, 4, 4, 
0, -14, -14, 7, 7, -14, -14, -24, 4, 14, 4, 0, 
-9, -19, -9, 14, 0, -14, -14, -24, 0, 4, 0, 0, 
-9, -24, -14, 17, 2, -19, -9, -24, -14, 4, 0, 0, 
4, -24, -29, 9, 17, -26, -9, -24, -14, 4, 0, 0, 
0, -29, -29, 14, 14, -29, 0, -29, -19, 0, -9, -9, 
0, -34, -34, 17, 17, -34, 0, -29, -24, -9, -9, -9, 
0, -29, -29, 14, 14, -29, 0, -29, -24, -9, -14, -14, 
0, -29, -29, 14, 14, -29, 0, -29, -29, -9, -19, -14, 
-14, -39, -24, 26, 4, -31, 0, -39, -34, -24, -24, -19, 
-14, -39, -24, 26, 4, -31, 0, -34, -34, -24, -24, -19, 
-14, -39, -24, 26, 4, -31, 0, -34, -34, -24, -29, -19, 
-9, -39, -29, 24, 9, -34, 0, -34, -39, -24, -29, -24, 
-9, -39, -29, 24, 9, -34, 0, -34, -39, -24, -29, -24, 
0, -34, -34, 17, 17, -34, 0, -34, -39, -24, -29, -24, 
0, -34, -34, 17, 17, -34, 0, -34, -39, -24, -29, -24, 
0, -34, -34, 17, 17, -34, 0, -34, -39, -29, -29, -24, 
0, -34, -34, 17, 17, -34, 0, -34, -43, -34, -34, -24, 
-9, -39, -29, 24, 9, -34, 0, -34, -43, -39, -34, -29, 
-9, -39, -29, 24, 9, -34, 4, -29, -43, -39, -39, -29, 
-9, -43, -34, 26, 12, -39, 0, -29, -43, -43, -43, -34, 
-9, -43, -34, 26, 12, -39, 4, -29, -43, -43, -43, -34, 
-9, -43, -34, 26, 12, -39, 4, -29, -43, -43, -43, -34, 
-9, -43, -34, 26, 12, -39, 4, -29, -43, -43, -43, -34, 
-9, -39, -29, 24, 9, -34, 4, -29, -43, -39, -43, -34, 
-9, -43, -34, 26, 12, -39, 4, -29, -43, -43, -39, -34, 
-9, -43, -34, 26, 12, -39, 4, -29, -43, -43, -39, -34, 
-9, -43, -34, 26, 12, -39, 4, -29, -43, -43, -39, -34, 
-9, -43, -34, 26, 12, -39, 4, -29, -43, -43, -39, -29, 
-9, -43, -34, 26, 12, -39, 9, -29, -43, -43, -34, -29, 
-9, -43, -34, 26, 12, -39, 9, -24, -39, -39, -34, -29, 
-9, -43, -34, 26, 12, -39, 9, -24, -39, -39, -34, -29, 
-9, -43, -34, 26, 12, -39, 9, -24, -39, -39, -39, -34, 
-14, -43, -29, 29, 7, -36, 9, -24, -39, -39, -39, -34, 
-14, -43, -29, 29, 7, -36, 9, -24, -39, -39, -39, -34, 
-14, -43, -29, 29, 7, -36, 9, -19, -34, -39, -39, -34, 
-14, -43, -29, 29, 7, -36, 9, -19, -39, -39, -39, -34, 
-14, -43, -29, 29, 7, -36, 9, -19, -39, -39, -43, -34, 
-19, -43, -24, 31, 2, -34, 9, -19, -34, -39, -43, -34, 
-19, -43, -24, 31, 2, -34, 9, -14, -39, -43, -43, -34, 
-19, -48, -29, 34, 4, -39, 14, -14, -39, -43, -43, -34, 
-14, -43, -29, 29, 7, -36, 9, -14, -39, -43, -43, -34, 
-14, -43, -29, 29, 7, -36, 9, -14, -34, -43, -43, -34, 
-14, -43, -29, 29, 7, -36, 9, -14, -34, -39, -43, -34, 
-9, -43, -34, 26, 12, -39, 14, -14, -34, -39, -43, -34, 
-9, -43, -34, 26, 12, -39, 14, -14, -34, -39, -43, -34, 
-9, -43, -34, 26, 12, -39, 14, -14, -34, -39, -43, -34, 
-9, -43, -34, 26, 12, -39, 14, -14, -34, -39, -43, -34, 
0, -43, -43, 21, 21, -43, 14, -14, -34, -39, -43, -34, 
0, -43, -43, 21, 21, -43, 14, -14, -34, -39, -43, -34, 
0, -39, -39, 19, 19, -39, 14, -14, -34, -39, -43, -34, 
0, -39, -39, 19, 19, -39, 14, -14, -34, -39, -43, -34, 
0, -39, -39, 19, 19, -39, 14, -19, -29, -39, -43, -39, 
0, -39, -39, 19, 19, -39, 9, -19, -29, -39, -39, -39, 
0, -39, -39, 19, 19, -39, 9, -19, -29, -39, -39, -39, 
-9, -39, -29, 24, 9, -34, 9, -24, -29, -39, -39, -39, 
-9, -39, -29, 24, 9, -34, 14, -24, -29, -39, -39, -39, 
-14, -34, -19, 24, 2, -26, 14, -24, -29, -39, -39, -39, 
-14, -34, -19, 24, 2, -26, 14, -24, -34, -39, -39, -39, 
-14, -34, -19, 24, 2, -26, 14, -24, -34, -34, -34, -34, 
-14, -29, -14, 21, 0, -21, 14, -24, -29, -34, -34, -34, 
-14, -29, -14, 21, 0, -21, 14, -24, -29, -29, -29, -34, 
-9, -29, -19, 19, 4, -24, 14, -24, -29, -29, -29, -34, 
-9, -24, -14, 17, 2, -19, 14, -19, -29, -34, -24, -29, 
-9, -24, -14, 17, 2, -19, 14, -24, -29, -34, -24, -24, 
-9, -24, -14, 17, 2, -19, 9, -24, -29, -29, -19, -24, 
0, -24, -24, 12, 12, -24, 9, -24, -29, -29, -19, -24, 
0, -19, -19, 9, 9, -19, 9, -24, -29, -29, -19, -19, 
0, -24, -24, 12, 12, -24, 4, -19, -34, -29, -19, -19, 
0, -24, -24, 12, 12, -24, 4, -19, -34, -34, -19, -24, 
0, -29, -29, 14, 14, -29, 4, -19, -39, -39, -19, -24, 
0, -29, -29, 14, 14, -29, 4, -19, -39, -39, -24, -24, 
0, -34, -34, 17, 17, -34, 9, -19, -39, -43, -29, -29, 
-9, -34, -24, 21, 7, -29, 9, -19, -39, -43, -29, -29, 
-9, -34, -24, 21, 7, -29, 9, -19, -39, -43, -29, -29, 
-9, -34, -24, 21, 7, -29, 9, -24, -39, -43, -34, -34, 
-9, -34, -24, 21, 7, -29, 9, -24, -39, -43, -39, -34, 
-14, -34, -19, 24, 2, -26, 9, -24, -39, -48, -39, -34, 
-14, -39, -24, 26, 4, -31, 9, -24, -43, -48, -39, -34, 
-14, -34, -19, 24, 2, -26, 14, -24, -43, -48, -39, -29, 
-14, -34, -19, 24, 2, -26, 14, -24, -43, -43, -34, -29, 
-9, -34, -24, 21, 7, -29, 19, -24, -43, -39, -34, -29, 
-9, -34, -24, 21, 7, -29, 14, -19, -43, -39, -29, -29, 
-9, -34, -24, 21, 7, -29, 14, -19, -39, -34, -29, -29, 
-9, -34, -24, 21, 7, -29, 14, -19, -39, -29, -29, -24, 
0, -34, -34, 17, 17, -34, 14, -19, -39, -29, -24, -24, 
0, -34, -34, 17, 17, -34, 14, -19, -43, -29, -24, -24, 
0, -34, -34, 17, 17, -34, 14, -24, -43, -34, -29, -24, 
0, -39, -39, 19, 19, -39, 14, -24, -48, -34, -29, -24, 
0, -39, -39, 19, 19, -39, 14, -24, -48, -34, -29, -24, 
0, -39, -39, 19, 19, -39, 9, -24, -48, -34, -29, -24, 
-9, -39, -29, 24, 9, -34, 9, -34, -53, -34, -29, -29, 
-9, -43, -34, 26, 12, -39, 9, -34, -53, -39, -29, -29, 
-9, -43, -34, 26, 12, -39, 9, -34, -58, -39, -34, -29, 
-9, -43, -34, 26, 12, -39, 9, -34, -58, -43, -34, -29, 
-9, -43, -34, 26, 12, -39, 9, -34, -58, -43, -34, -29, 
-9, -43, -34, 26, 12, -39, 9, -39, -58, -43, -34, -29, 
-9, -43, -34, 26, 12, -39, 9, -39, -63, -43, -34, -29, 
-9, -39, -29, 24, 9, -34, 9, -39, -63, -39, -29, -34, 
0, -39, -39, 19, 19, -39, 9, -39, -63, -43, -29, -34, 
0, -34, -34, 17, 17, -34, 4, -39, -63, -43, -29, -29, 
0, -34, -34, 17, 17, -34, 4, -34, -63, -43, -29, -29, 
0, -34, -34, 17, 17, -34, 4, -34, -58, -43, -29, -29, 
0, -34, -34, 17, 17, -34, 0, -34, -58, -43, -29, -29, 
0, -34, -34, 17, 17, -34, 0, -34, -58, -43, -29, -29, 
-9, -34, -24, 21, 7, -29, 0, -39, -58, -43, -34, -29, 
-9, -39, -29, 24, 9, -34, 4, -39, -58, -43, -34, -34, 
-14, -39, -24, 26, 4, -31, 4, -39, -63, -48, -34, -34, 
-14, -43, -29, 29, 7, -36, 4, -39, -63, -48, -39, -34, 
-14, -43, -29, 29, 7, -36, 4, -39, -63, -53, -39, -34, 
-14, -48, -34, 31, 9, -41, 9, -39, -63, -53, -39, -39, 
-19, -53, -34, 36, 7, -43, 9, -39, -63, -53, -43, -39, 
-19, -58, -39, 39, 9, -48, 9, -39, -63, -58, -43, -39, 
-19, -58, -39, 39, 9, -48, 9, -39, -68, -58, -43, -39, 
-19, -58, -39, 39, 9, -48, 9, -43, -68, -58, -48, -39, 
-14, -53, -39, 34, 12, -46, 9, -43, -68, -58, -43, -39, 
-14, -53, -39, 34, 12, -46, 4, -43, -68, -58, -43, -39, 
-14, -48, -34, 31, 9, -41, 4, -43, -68, -58, -48, -39, 
-14, -48, -34, 31, 9, -41, 4, -48, -68, -58, -53, -39, 
-9, -43, -34, 26, 12, -39, 0, -48, -73, -58, -53, -39, 
-9, -43, -34, 26, 12, -39, 0, -48, -73, -58, -53, -39, 
-9, -39, -29, 24, 9, -34, 0, -48, -73, -58, -48, -39, 
-9, -34, -24, 21, 7, -29, 0, -48, -73, -58, -53, -39, 
-14, -34, -19, 24, 2, -26, -9, -48, -68, -58, -48, -39, 
-14, -34, -19, 24, 2, -26, -9, -48, -68, -58, -48, -39, 
-14, -39, -24, 26, 4, -31, -9, -48, -68, -53, -48, -39, 
-14, -39, -24, 26, 4, -31, 0, -53, -68, -53, -48, -39, 
-19, -43, -24, 31, 2, -34, 0, -53, -68, -53, -43, -39, 
-19, -43, -24, 31, 2, -34, 0, -53, -68, -53, -43, -39, 
-24, -48, -24, 36, 0, -36, 4, -53, -68, -53, -43, -39, 
-24, -48, -24, 36, 0, -36, 4, -53, -68, -48, -43, -39, 
-19, -53, -34, 36, 7, -43, 9, -48, -63, -48, -39, -39, 
-24, -53, -29, 39, 2, -41, 9, -48, -63, -48, -39, -39, 
-24, -58, -34, 41, 4, -46, 9, -48, -63, -48, -34, -34, 
-19, -58, -39, 39, 9, -48, 14, -48, -58, -43, -34, -34, 
-19, -58, -39, 39, 9, -48, 14, -43, -58, -43, -29, -34, 
-14, -53, -39, 34, 12, -46, 14, -39, -58, -39, -29, -29, 
-14, -53, -39, 34, 12, -46, 14, -43, -58, -43, -29, -29, 
-14, -53, -39, 34, 12, -46, 9, -43, -58, -43, -29, -29, 
-14, -53, -39, 34, 12, -46, 9, -43, -58, -43, -29, -29, 
-9, -53, -43, 31, 17, -48, 4, -43, -58, -43, -29, -29, 
-14, -53, -39, 34, 12, -46, 4, -43, -58, -53, -29, -29, 
-14, -53, -39, 34, 12, -46, 4, -43, -58, -53, -34, -29, 
-14, -53, -39, 34, 12, -46, 4, -43, -58, -53, -34, -29, 
-14, -53, -39, 34, 12, -46, 4, -43, -58, -53, -34, -34, 
-14, -53, -39, 34, 12, -46, 4, -43, -63, -58, -34, -34, 
-14, -53, -39, 34, 12, -46, 4, -43, -63, -58, -39, -34, 
-19, -53, -34, 36, 7, -43, 4, -48, -63, -58, -39, -39, 
-19, -53, -34, 36, 7, -43, 9, -48, -68, -63, -39, -39, 
-19, -58, -39, 39, 9, -48, 9, -48, -68, -63, -43, -39, 
-19, -58, -39, 39, 9, -48, 9, -48, -68, -63, -43, -43, 
-19, -53, -34, 36, 7, -43, 14, -48, -73, -63, -43, -43, 
-14, -53, -39, 34, 12, -46, 14, -48, -73, -63, -43, -43, 
-14, -53, -39, 34, 12, -46, 14, -48, -68, -63, -43, -43, 
-9, -48, -39, 29, 14, -43, 14, -43, -68, -63, -43, -39, 
-9, -48, -39, 29, 14, -43, 9, -43, -68, -63, -43, -39, 
-9, -48, -39, 29, 14, -43, 9, -43, -73, -63, -43, -39, 
-9, -53, -43, 31, 17, -48, 9, -48, -73, -63, -43, -39, 
-9, -53, -43, 31, 17, -48, 9, -48, -73, -63, -43, -34, 
-9, -53, -43, 31, 17, -48, 9, -43, -73, -58, -39, -34, 
-9, -53, -43, 31, 17, -48, 9, -43, -68, -58, -39, -34, 
-9, -53, -43, 31, 17, -48, 9, -43, -68, -53, -34, -34, 
-9, -53, -43, 31, 17, -48, 9, -43, -63, -53, -34, -29, 
0, -48, -48, 24, 24, -48, 9, -43, -68, -53, -34, -29, 
0, -48, -48, 24, 24, -48, 9, -43, -63, -48, -29, -24, 
0, -43, -43, 21, 21, -43, 4, -43, -63, -48, -29, -24, 
0, -39, -39, 19, 19, -39, 4, -43, -63, -43, -24, -24, 
0, -34, -34, 17, 17, -34, 4, -43, -58, -43, -24, -24, 
4, -34, -39, 14, 21, -36, 4, -43, -58, -39, -24, -19, 
4, -29, -34, 12, 19, -31, 4, -39, -53, -39, -24, -19, 
4, -24, -29, 9, 17, -26, 0, -39, -48, -39, -19, -19, 
4, -19, -24, 7, 14, -21, 0, -39, -43, -34, -19, -14, 
4, -14, -19, 4, 12, -17, 0, -39, -39, -29, -14, -14, 
4, -9, -14, 2, 9, -12, 0, -34, -34, -29, -14, -9, 
4, -9, -14, 2, 9, -12, 0, -34, -29, -24, -9, -9, 
4, -9, -14, 2, 9, -12, 0, -34, -29, -19, 0, 0, 
4, -9, -14, 2, 9, -12, 0, -34, -24, -19, 0, 0, 
4, 0, -4, -2, 4, -2, 0, -29, -24, -19, 0, 0, 
4, 0, -4, -2, 4, -2, 0, -29, -19, -14, 4, 4, 
4, 4, 0, -4, 2, 2, 0, -29, -19, -14, 4, 4, 
9, 4, -4, -7, 7, 0, 0, -29, -14, -9, 9, 4, 
9, 9, 0, -9, 4, 4, 0, -24, -9, 0, 9, 9, 
14, 14, 0, -14, 7, 7, -9, -24, -9, 0, 14, 9, 
14, 19, 4, -17, 4, 12, -9, -24, 0, 4, 14, 14, 
19, 24, 4, -21, 7, 14, -14, -29, 0, 4, 19, 14, 
19, 29, 9, -24, 4, 19, -19, -29, 0, 9, 19, 19, 
24, 34, 9, -29, 7, 21, -19, -29, 4, 9, 24, 19, 
29, 43, 14, -36, 7, 29, -19, -34, 4, 9, 19, 24, 
29, 48, 19, -39, 4, 34, -24, -34, 9, 14, 24, 24, 
34, 58, 24, -46, 4, 41, -24, -34, 14, 19, 29, 29, 
34, 63, 29, -48, 2, 46, -24, -34, 14, 24, 34, 34, 
34, 68, 34, -51, 0, 51, -29, -34, 19, 29, 34, 39, 
34, 73, 39, -53, -2, 56, -34, -34, 24, 29, 39, 39, 
34, 73, 39, -53, -2, 56, -34, -34, 24, 34, 39, 43, 
29, 73, 43, -51, -7, 58, -34, -34, 24, 34, 39, 43, 
29, 68, 39, -48, -4, 53, -34, -34, 19, 34, 39, 43, 
29, 68, 39, -48, -4, 53, -34, -34, 19, 29, 39, 43, 
29, 68, 39, -48, -4, 53, -34, -34, 14, 29, 39, 43, 
29, 63, 34, -46, -2, 48, -34, -34, 14, 29, 39, 43, 
29, 58, 29, -43, 0, 43, -29, -34, 9, 29, 39, 43, 
29, 53, 24, -41, 2, 39, -29, -39, 0, 24, 34, 43, 
29, 48, 19, -39, 4, 34, -29, -39, -9, 19, 34, 39, 
29, 39, 9, -34, 9, 24, -24, -39, -19, 9, 29, 34, 
29, 29, 0, -29, 14, 14, -24, -39, -24, 4, 19, 29, 
29, 19, -9, -24, 19, 4, -19, -39, -34, -9, 14, 24, 
24, 9, -14, -17, 19, -2, -14, -39, -39, -14, 9, 19, 
24, 4, -19, -14, 21, -7, -9, -39, -43, -19, 4, 14, 
19, 0, -19, -9, 19, -9, 0, -43, -48, -24, 0, 9, 
14, -14, -29, 0, 21, -21, 0, -43, -53, -29, -9, 4, 
9, -24, -34, 7, 21, -29, 4, -43, -58, -39, -19, -9, 
9, -29, -39, 9, 24, -34, 9, -43, -68, -43, -24, -14, 
4, -39, -43, 17, 24, -41, 14, -43, -68, -48, -29, -19, 
0, -43, -43, 21, 21, -43, 19, -48, -73, -53, -34, -24, 
-9, -48, -39, 29, 14, -43, 24, -48, -73, -53, -39, -29, 
-14, -53, -39, 34, 12, -46, 24, -48, -73, -58, -39, -34, 
-19, -53, -34, 36, 7, -43, 29, -48, -78, -58, -39, -34, 
-19, -58, -39, 39, 9, -48, 29, -48, -78, -58, -43, -39, 
-19, -58, -39, 39, 9, -48, 34, -48, -82, -63, -43, -39, 
-19, -63, -43, 41, 12, -53, 29, -48, -87, -68, -48, -39, 
-19, -68, -48, 43, 14, -58, 29, -48, -87, -73, -48, -43, 
-19, -73, -53, 46, 17, -63, 34, -48, -92, -78, -53, -43, 
-19, -73, -53, 46, 17, -63, 34, -48, -92, -78, -53, -43, 
-19, -78, -58, 48, 19, -68, 34, -48, -92, -78, -53, -43, 
-19, -78, -58, 48, 19, -68, 34, -48, -92, -78, -53, -43, 
-19, -78, -58, 48, 19, -68, 34, -48, -92, -82, -53, -43, 
-19, -82, -63, 51, 21, -73, 39, -48, -92, -82, -58, -43, 
-19, -78, -58, 48, 19, -68, 39, -48, -97, -82, -58, -43, 
-24, -82, -58, 53, 17, -70, 39, -48, -97, -82, -58, -43, 
-24, -82, -58, 53, 17, -70, 43, -48, -97, -87, -58, -43, 
-24, -87, -63, 56, 19, -75, 43, -48, -97, -87, -58, -48, 
-24, -87, -63, 56, 19, -75, 43, -48, -97, -87, -58, -48, 
-29, -87, -58, 58, 14, -73, 48, -48, -92, -87, -58, -48, 
-34, -87, -53, 61, 9, -70, 48, -48, -92, -82, -63, -48, 
-34, -92, -58, 63, 12, -75, 48, -48, -92, -82, -63, -48, 
-39, -97, -58, 68, 9, -78, 48, -48, -92, -82, -63, -53, 
-39, -97, -58, 68, 9, -78, 53, -48, -92, -82, -63, -53, 
-39, -97, -58, 68, 9, -78, 53, -53, -92, -82, -63, -53, 
-39, -97, -58, 68, 9, -78, 48, -53, -92, -82, -63, -53, 
-39, -97, -58, 68, 9, -78, 48, -48, -92, -82, -68, -53, 
-39, -92, -53, 65, 7, -73, 48, -48, -92, -82, -68, -53, 
-39, -92, -53, 65, 7, -73, 39, -48, -92, -82, -68, -53, 
-39, -87, -48, 63, 4, -68, 39, -48, -92, -82, -68, -53, 
-34, -87, -53, 61, 9, -70, 34, -48, -92, -82, -68, -53, 
-34, -87, -53, 61, 9, -70, 34, -48, -92, -82, -68, -53, 
-39, -87, -48, 63, 4, -68, 34, -53, -92, -82, -68, -53, 
-39, -87, -48, 63, 4, -68, 29, -53, -92, -87, -68, -53, 
-39, -87, -48, 63, 4, -68, 29, -53, -92, -87, -68, -53, 
-43, -92, -48, 68, 2, -70, 29, -53, -97, -87, -68, -58, 
-43, -92, -48, 68, 2, -70, 29, -53, -97, -87, -68, -58, 
-48, -97, -48, 73, 0, -73, 29, -53, -97, -87, -68, -58, 
-48, -97, -48, 73, 0, -73, 29, -53, -97, -87, -68, -58, 
-53, -97, -43, 75, -4, -70, 29, -53, -97, -87, -68, -58, 
-53, -102, -48, 78, -2, -75, 29, -53, -97, -87, -68, -58, 
-53, -102, -48, 78, -2, -75, 34, -53, -97, -87, -68, -58, 
-53, -102, -48, 78, -2, -75, 34, -53, -97, -87, -68, -58, 
-58, -102, -43, 80, -7, -73, 34, -53, -97, -92, -68, -53, 
-53, -102, -48, 78, -2, -75, 34, -53, -97, -92, -68, -53, 
-53, -97, -43, 75, -4, -70, 39, -48, -97, -87, -68, -53, 
-48, -97, -48, 73, 0, -73, 39, -48, -102, -87, -68, -53, 
-48, -102, -53, 75, 2, -78, 39, -48, -107, -87, -63, -58, 
-43, -97, -53, 70, 4, -75, 39, -48, -102, -92, -68, -58, 
-43, -97, -53, 70, 4, -75, 48, -48, -97, -92, -68, -58, 
-48, -97, -48, 73, 0, -73, 43, -43, -97, -92, -68, -63, 
-53, -102, -48, 78, -2, -75, 48, -48, -87, -92, -68, -63, 
-58, -97, -39, 78, -9, -68, 43, -48, -68, -87, -73, -73, 
-63, -97, -34, 80, -14, -65, 48, -48, -53, -82, -73, -78, 
-68, -97, -29, 82, -19, -63, 53, -34, -14, -73, -82, -82, 
-58, -102, -43, 80, -7, -73, 58, 4, 34, -58, -82, -87, 
-58, -102, -43, 80, -7, -73, 68, 53, 87, -39, -78, -102, 
-58, -107, -48, 82, -4, -78, 82, 92, 136, -24, -78, -107, 
-58, -112, -53, 85, -2, -82, 92, 136, 190, 9, -68, -107, 
-48, -102, -53, 75, 2, -78, 92, 175, 253, 58, -43, -87, 
-24, -87, -63, 56, 19, -75, 82, 219, 302, 112, 14, -58, 
9, -78, -87, 34, 48, -82, 82, 258, 356, 190, 68, -29, 
43, -68, -112, 12, 78, -90, 78, 302, 400, 273, 122, 9, 
78, -29, -107, -24, 92, -68, 53, 317, 439, 356, 195, 68, 
107, 39, -68, -73, 87, -14, 4, 287, 439, 463, 307, 156, 
141, 126, -14, -134, 78, 56, -53, 224, 414, 570, 424, 258, 
165, 209, 43, -187, 61, 126, -107, 161, 395, 692, 541, 346, 
180, 283, 102, -231, 39, 192, -146, 126, 419, 829, 663, 444, 
195, 370, 175, -283, 9, 273, -195, 92, 424, 917, 771, 546, 
214, 463, 248, -339, -17, 356, -244, 34, 351, 917, 834, 634, 
204, 522, 317, -363, -56, 419, -273, -63, 229, 834, 834, 683, 
180, 546, 366, -363, -92, 456, -287, -161, 112, 717, 785, 697, 
161, 531, 370, -346, -104, 451, -292, -229, 34, 575, 697, 673, 
131, 453, 322, -292, -95, 387, -273, -278, -78, 361, 531, 590, 
97, 370, 273, -234, -87, 322, -248, -351, -258, 126, 356, 488, 
43, 326, 283, -185, -119, 305, -239, -458, -463, -48, 224, 409, 
-14, 248, 263, -117, -139, 256, -219, -556, -678, -229, 78, 307, 
-53, 117, 170, -31, -112, 143, -165, -600, -878, -453, -112, 161, 
-78, 14, 92, 31, -85, 53, -131, -614, -1010, -624, -258, 58, 
-78, -29, 48, 53, -63, 9, -117, -585, -1058, -668, -292, 14, 
-73, -39, 34, 56, -53, -2, -102, -517, -1000, -624, -273, 14, 
-68, -53, 14, 61, -41, -19, -78, -434, -897, -566, -263, -9, 
-53, -102, -48, 78, -2, -75, -43, -346, -824, -536, -273, -48, 
-39, -156, -117, 97, 39, -136, 4, -287, -761, -522, -287, -87, 
-34, -185, -151, 109, 58, -168, 39, -224, -692, -492, -292, -112, 
-29, -219, -190, 124, 80, -204, 53, -165, -619, -444, -287, -126, 
-29, -229, -200, 129, 85, -214, 63, -117, -541, -405, -273, -141, 
-24, -224, -200, 124, 87, -212, 68, -82, -478, -361, -258, -141, 
-19, -219, -200, 119, 90, -209, 73, -53, -405, -326, -234, -136, 
-14, -200, -185, 107, 85, -192, 73, -34, -346, -283, -209, -126, 
-14, -175, -161, 95, 73, -168, 68, -19, -278, -239, -180, -112, 
-9, -146, -136, 78, 63, -141, 63, -9, -219, -190, -156, -102, 
-14, -126, -112, 70, 48, -119, 63, 4, -170, -151, -126, -87, 
-9, -112, -102, 61, 46, -107, 63, 19, -146, -126, -117, -82, 
-14, -107, -92, 61, 39, -100, 53, 19, -126, -117, -102, -78, 
-19, -97, -78, 58, 29, -87, 48, 9, -112, -112, -92, -73, 
-19, -87, -68, 53, 24, -78, 39, 9, -102, -102, -87, -63, 
-14, -78, -63, 46, 24, -70, 34, 9, -87, -92, -78, -58, 
-19, -73, -53, 46, 17, -63, 39, 4, -78, -87, -78, -53, 
-19, -73, -53, 46, 17, -63, 39, 14, -58, -78, -73, -53, 
-14, -63, -48, 39, 17, -56, 34, 14, -53, -78, -73, -58, 
-19, -63, -43, 41, 12, -53, 29, 14, -39, -68, -63, -53, 
-19, -63, -43, 41, 12, -53, 29, 14, -43, -58, -63, -53, 
-19, -58, -39, 39, 9, -48, 24, 9, -43, -58, -53, -53, 
-24, -58, -34, 41, 4, -46, 24, 4, -43, -58, -53, -48, 
-24, -58, -34, 41, 4, -46, 29, 9, -43, -58, -58, -48, 
-29, -58, -29, 43, 0, -43, 29, 9, -39, -53, -58, -43, 
-24, -53, -29, 39, 2, -41, 29, 9, -34, -53, -58, -43, 
-19, -58, -39, 39, 9, -48, 29, 14, -34, -58, -58, -48, 
-19, -58, -39, 39, 9, -48, 29, 14, -29, -58, -58, -48, 
-19, -58, -39, 39, 9, -48, 24, 14, -24, -53, -58, -53, 
-19, -63, -43, 41, 12, -53, 24, 14, -19, -48, -53, -48, 
-19, -58, -39, 39, 9, -48, 24, 19, -14, -48, -58, -53, 
-19, -58, -39, 39, 9, -48, 24, 19, -9, -48, -53, -58, 
-29, -53, -24, 41, -2, -39, 24, 19, -9, -43, -48, -53, 
-29, -58, -29, 43, 0, -43, 29, 14, -14, -48, -48, -53, 
-29, -58, -29, 43, 0, -43, 29, 14, -14, -48, -53, -53, 
-34, -63, -29, 48, -2, -46, 29, 14, -19, -53, -53, -48, 
-34, -63, -29, 48, -2, -46, 29, 19, -14, -53, -53, -48, 
-29, -58, -29, 43, 0, -43, 24, 19, 0, -39, -53, -48, 
-24, -53, -29, 39, 2, -41, 24, 24, 9, -39, -48, -48, 
-24, -58, -34, 41, 4, -46, 24, 24, 9, -34, -43, -43, 
-29, -58, -29, 43, 0, -43, 19, 19, 14, -34, -39, -39, 
-19, -53, -34, 36, 7, -43, 19, 24, 19, -29, -29, -39, 
-19, -48, -29, 34, 4, -39, 14, 24, 19, -24, -29, -34, 
-19, -48, -29, 34, 4, -39, 14, 19, 19, -24, -24, -29, 
-19, -39, -19, 29, 0, -29, 19, 19, 14, -24, -34, -29, 
-19, -39, -19, 29, 0, -29, 14, 29, 19, -19, -29, -34, 
-19, -39, -19, 29, 0, -29, 19, 24, 24, -19, -24, -34, 
-19, -39, -19, 29, 0, -29, 19, 29, 29, -14, -24, -29, 
-14, -34, -19, 24, 2, -26, 19, 34, 34, -19, -24, -29, 
-14, -34, -19, 24, 2, -26, 24, 34, 39, -14, -24, -29, 
-14, -34, -19, 24, 2, -26, 24, 29, 39, -9, -19, -29, 
-9, -29, -19, 19, 4, -24, 34, 29, 43, -9, -19, -29, 
-9, -24, -14, 17, 2, -19, 34, 29, 43, 4, -14, -24, 
-9, -24, -14, 17, 2, -19, 39, 34, 43, 4, -14, -24, 
-9, -29, -19, 19, 4, -24, 34, 39, 43, 0, -14, -24, 
-9, -29, -19, 19, 4, -24, 29, 39, 43, 0, -14, -24, 
-9, -29, -19, 19, 4, -24, 24, 34, 48, -9, -19, -24, 
-9, -29, -19, 19, 4, -24, 24, 39, 53, -9, -24, -24, 
0, -29, -29, 14, 14, -29, 24, 43, 53, 0, -19, -24, 
0, -19, -19, 9, 9, -19, 29, 43, 63, 9, -14, -19, 
4, -14, -19, 4, 12, -17, 24, 43, 68, 14, -14, -19, 
9, -14, -24, 2, 17, -19, 14, 43, 73, 19, -9, -19, 
9, 0, -9, -4, 9, -4, 14, 48, 73, 19, 0, -19, 
9, 0, -9, -4, 9, -4, 4, 43, 73, 19, 0, -14, 
19, 0, -19, -9, 19, -9, 4, 48, 73, 19, 0, -19, 
19, -9, -29, -4, 24, -19, 9, 48, 68, 9, -9, -14, 
14, -9, -24, -2, 19, -17, 14, 53, 73, 9, -9, -19, 
9, -14, -24, 2, 17, -19, 14, 53, 82, 14, -14, -19, 
9, -9, -19, 0, 14, -14, 9, 53, 87, 14, 0, -19, 
9, 0, -9, -4, 9, -4, 9, 58, 97, 24, 4, -14, 
9, 0, -9, -4, 9, -4, 4, 58, 102, 29, 0, -14, 
4, 4, 0, -4, 2, 2, 4, 58, 102, 29, 4, -14, 
9, 4, -4, -7, 7, 0, 4, 63, 107, 34, 9, -9, 
14, 9, -4, -12, 9, 2, 9, 63, 107, 34, 9, 0, 
14, 4, -9, -9, 12, -2, 4, 68, 107, 39, 9, 0, 
14, 4, -9, -9, 12, -2, 4, 68, 107, 34, 9, 0, 
9, 0, -9, -4, 9, -4, 4, 73, 112, 39, 9, 0, 
9, 0, -9, -4, 9, -4, 4, 73, 122, 43, 14, -9, 
9, 0, -9, -4, 9, -4, 4, 73, 126, 48, 14, -9, 
9, 4, -4, -7, 7, 0, 4, 78, 136, 58, 19, 0, 
9, 14, 4, -12, 2, 9, 4, 78, 141, 63, 24, 0, 
14, 19, 4, -17, 4, 12, 4, 78, 141, 68, 24, 4, 
14, 14, 0, -14, 7, 7, 0, 82, 141, 63, 29, 4, 
14, 19, 4, -17, 4, 12, 0, 92, 146, 68, 34, 9, 
14, 24, 9, -19, 2, 17, -9, 92, 151, 73, 34, 9, 
14, 29, 14, -21, 0, 21, -9, 97, 156, 73, 39, 14, 
24, 34, 9, -29, 7, 21, -9, 102, 161, 73, 34, 14, 
29, 34, 4, -31, 12, 19, -9, 107, 170, 78, 34, 14, 
29, 39, 9, -34, 9, 24, -14, 112, 180, 82, 43, 19, 
24, 43, 19, -34, 2, 31, -14, 117, 190, 97, 48, 19, 
19, 39, 19, -29, 0, 29, -14, 117, 195, 107, 53, 24, 
14, 34, 19, -24, -2, 26, -14, 122, 204, 107, 58, 24, 
14, 39, 24, -26, -4, 31, -14, 117, 209, 112, 58, 29, 
19, 43, 24, -31, -2, 34, -9, 122, 214, 117, 63, 34, 
24, 53, 29, -39, -2, 41, -9, 126, 219, 122, 68, 39, 
29, 58, 29, -43, 0, 43, -9, 131, 224, 126, 78, 43, 
34, 58, 24, -46, 4, 41, 0, 141, 234, 136, 82, 43, 
29, 63, 34, -46, -2, 48, 0, 146, 244, 141, 82, 48, 
29, 68, 39, -48, -4, 53, -9, 151, 253, 151, 92, 48, 
29, 73, 43, -51, -7, 58, 0, 156, 263, 156, 97, 53, 
34, 78, 43, -56, -4, 61, -9, 156, 273, 161, 102, 53, 
34, 82, 48, -58, -7, 65, -14, 156, 283, 165, 107, 63, 
34, 87, 53, -61, -9, 70, -14, 156, 287, 175, 117, 68, 
39, 92, 53, -65, -7, 73, -14, 161, 292, 185, 122, 73, 
39, 92, 53, -65, -7, 73, -19, 170, 297, 185, 122, 78, 
39, 102, 63, -70, -12, 82, -24, 170, 307, 190, 126, 78, 
48, 112, 63, -80, -7, 87, -19, 180, 317, 204, 136, 87, 
53, 117, 63, -85, -4, 90, -24, 185, 326, 214, 136, 92, 
48, 122, 73, -85, -12, 97, -39, 185, 336, 224, 136, 97, 
53, 126, 73, -90, -9, 100, -43, 190, 346, 229, 146, 97, 
53, 136, 82, -95, -14, 109, -43, 190, 351, 239, 151, 102, 
58, 141, 82, -100, -12, 112, -48, 190, 356, 244, 161, 107, 
63, 151, 87, -107, -12, 119, -48, 195, 356, 253, 165, 117, 
68, 156, 87, -112, -9, 122, -53, 195, 361, 258, 170, 117, 
68, 165, 97, -117, -14, 131, -53, 204, 366, 258, 175, 122, 
63, 165, 102, -114, -19, 134, -63, 209, 370, 263, 180, 126, 
63, 170, 107, -117, -21, 139, -63, 214, 370, 268, 185, 136, 
68, 170, 102, -119, -17, 136, -58, 209, 380, 273, 190, 141, 
73, 180, 107, -126, -17, 143, -58, 214, 385, 278, 195, 141, 
78, 185, 107, -131, -14, 146, -63, 214, 390, 287, 204, 146, 
78, 195, 117, -136, -19, 156, -68, 214, 395, 297, 214, 156, 
78, 204, 126, -141, -24, 165, -78, 209, 395, 302, 219, 156, 
82, 209, 126, -146, -21, 168, -82, 209, 395, 307, 224, 165, 
87, 219, 131, -153, -21, 175, -87, 209, 395, 312, 234, 165, 
92, 229, 136, -161, -21, 183, -87, 204, 395, 312, 234, 175, 
92, 229, 136, -161, -21, 183, -87, 204, 390, 312, 244, 180, 
92, 239, 146, -165, -26, 192, -87, 204, 390, 317, 248, 185, 
97, 239, 141, -168, -21, 190, -92, 204, 395, 326, 253, 190, 
92, 239, 146, -165, -26, 192, -92, 195, 390, 326, 248, 190, 
87, 239, 151, -163, -31, 195, -97, 185, 390, 326, 253, 190, 
82, 239, 156, -161, -36, 197, -102, 180, 385, 331, 253, 195, 
82, 244, 161, -163, -39, 202, -97, 170, 375, 331, 258, 195, 
87, 253, 165, -170, -39, 209, -102, 165, 366, 331, 263, 204, 
92, 258, 165, -175, -36, 212, -102, 156, 356, 326, 263, 204, 
87, 253, 165, -170, -39, 209, -97, 151, 341, 322, 263, 209, 
87, 253, 165, -170, -39, 209, -92, 141, 326, 307, 253, 204, 
78, 244, 165, -161, -43, 204, -92, 126, 317, 302, 244, 195, 
73, 234, 161, -153, -43, 197, -92, 117, 302, 287, 234, 185, 
73, 229, 156, -151, -41, 192, -82, 117, 292, 278, 224, 175, 
73, 219, 146, -146, -36, 183, -78, 102, 273, 263, 214, 170, 
68, 204, 136, -136, -34, 170, -78, 92, 253, 253, 204, 161, 
63, 204, 141, -134, -39, 173, -78, 82, 239, 244, 204, 151, 
53, 185, 131, -119, -39, 158, -73, 73, 219, 229, 185, 151, 
48, 165, 117, -107, -34, 141, -68, 63, 190, 214, 170, 136, 
43, 156, 112, -100, -34, 134, -63, 53, 180, 190, 161, 131, 
43, 146, 102, -95, -29, 124, -53, 48, 161, 175, 146, 122, 
43, 131, 87, -87, -21, 109, -48, 39, 146, 156, 131, 102, 
39, 117, 78, -78, -19, 97, -53, 39, 131, 141, 122, 92, 
39, 107, 68, -73, -14, 87, -53, 34, 117, 126, 107, 82, 
34, 97, 63, -65, -14, 80, -48, 29, 107, 122, 92, 68, 
29, 78, 48, -53, -9, 63, -43, 19, 92, 107, 78, 63, 
24, 73, 48, -48, -12, 61, -39, 14, 78, 92, 68, 53, 
19, 63, 43, -41, -12, 53, -34, 9, 63, 78, 58, 48, 
19, 43, 24, -31, -2, 34, -29, 0, 48, 63, 48, 43, 
14, 34, 19, -24, -2, 26, -24, -9, 39, 53, 43, 39, 
9, 29, 19, -19, -4, 24, -19, -9, 19, 39, 34, 29, 
14, 24, 9, -19, 2, 17, -14, -14, 9, 34, 24, 24, 
14, 19, 4, -17, 4, 12, -19, -14, 9, 24, 19, 14, 
9, 9, 0, -9, 4, 4, -19, -14, 0, 14, 9, 9, 
0, -9, -9, 4, 4, -9, -14, -19, -9, 9, 4, 0, 
-9, -14, -4, 12, -2, -9, -14, -24, -14, 4, -9, -9, 
-9, -14, -4, 12, -2, -9, -14, -24, -19, 0, -9, -14, 
0, -19, -19, 9, 9, -19, -14, -29, -29, -9, -14, -14, 
0, -14, -14, 7, 7, -14, -9, -29, -34, -14, -14, -14, 
4, -14, -19, 4, 12, -17, -9, -29, -39, -14, -14, -14, 
4, -14, -19, 4, 12, -17, 0, -29, -43, -19, -19, -14, 
0, -19, -19, 9, 9, -19, 0, -34, -39, -29, -24, -14, 
0, -19, -19, 9, 9, -19, 4, -34, -39, -29, -29, -19, 
0, -29, -29, 14, 14, -29, 4, -34, -43, -34, -34, -19, 
-14, -39, -24, 26, 4, -31, 9, -39, -53, -43, -39, -29, 
-9, -34, -24, 21, 7, -29, 4, -39, -53, -43, -39, -29, 
-9, -34, -24, 21, 7, -29, 4, -39, -53, -43, -39, -29, 
-9, -34, -24, 21, 7, -29, 4, -39, -53, -43, -39, -29, 
-9, -39, -29, 24, 9, -34, 4, -39, -53, -43, -39, -34, 
-9, -39, -29, 24, 9, -34, 4, -39, -53, -48, -39, -34, 
-9, -39, -29, 24, 9, -34, 9, -39, -53, -39, -39, -34, 
-9, -39, -29, 24, 9, -34, 9, -39, -53, -43, -39, -34, 
-9, -43, -34, 26, 12, -39, 9, -39, -58, -43, -39, -34, 
-14, -48, -34, 31, 9, -41, 4, -39, -58, -48, -43, -39, 
-14, -48, -34, 31, 9, -41, 9, -39, -58, -48, -43, -39, 
-14, -48, -34, 31, 9, -41, 14, -39, -58, -48, -43, -39, 
-14, -48, -34, 31, 9, -41, 14, -39, -58, -48, -48, -39, 
-14, -48, -34, 31, 9, -41, 14, -39, -58, -48, -48, -43, 
-14, -48, -34, 31, 9, -41, 14, -39, -58, -48, -48, -39, 
-14, -48, -34, 31, 9, -41, 14, -39, -58, -48, -48, -39, 
-14, -48, -34, 31, 9, -41, 14, -39, -58, -53, -48, -39, 
-14, -48, -34, 31, 9, -41, 9, -39, -58, -53, -48, -39, 
-14, -43, -29, 29, 7, -36, 9, -39, -58, -53, -53, -39, 
-9, -48, -39, 29, 14, -43, 9, -39, -58, -53, -53, -39, 
-9, -48, -39, 29, 14, -43, 9, -39, -58, -58, -53, -39, 
-9, -43, -34, 26, 12, -39, 9, -39, -58, -58, -53, -39, 
-9, -43, -34, 26, 12, -39, 9, -39, -53, -58, -53, -39, 
-9, -43, -34, 26, 12, -39, 9, -39, -53, -58, -53, -39, 
-9, -43, -34, 26, 12, -39, 9, -39, -53, -58, -53, -39, 
-9, -48, -39, 29, 14, -43, 9, -39, -53, -58, -53, -43, 
-14, -48, -34, 31, 9, -41, 9, -39, -53, -58, -53, -43, 
-14, -48, -34, 31, 9, -41, 14, -34, -53, -58, -53, -43, 
-9, -48, -39, 29, 14, -43, 14, -34, -48, -58, -53, -39, 
-9, -48, -39, 29, 14, -43, 19, -34, -48, -58, -48, -39, 
-9, -48, -39, 29, 14, -43, 19, -34, -48, -58, -48, -39, 
-9, -43, -34, 26, 12, -39, 19, -29, -48, -58, -48, -39, 
-9, -43, -34, 26, 12, -39, 19, -29, -48, -53, -43, -39, 
-9, -39, -29, 24, 9, -34, 19, -29, -43, -53, -39, -39, 
-9, -39, -29, 24, 9, -34, 19, -29, -43, -58, -43, -39, 
-9, -39, -29, 24, 9, -34, 19, -29, -43, -58, -39, -39, 
-9, -39, -29, 24, 9, -34, 14, -29, -43, -53, -39, -39, 
-9, -39, -29, 24, 9, -34, 14, -29, -43, -53, -39, -39, 
-9, -39, -29, 24, 9, -34, 14, -29, -43, -53, -39, -39, 
-9, -34, -24, 21, 7, -29, 14, -29, -43, -53, -39, -34, 
-9, -39, -29, 24, 9, -34, 14, -29, -43, -53, -39, -34, 
-9, -39, -29, 24, 9, -34, 14, -29, -43, -53, -43, -39, 
-14, -39, -24, 26, 4, -31, 14, -29, -43, -53, -43, -39, 
-9, -39, -29, 24, 9, -34, 14, -29, -43, -53, -43, -39, 
-9, -39, -29, 24, 9, -34, 14, -29, -39, -53, -43, -39, 
-9, -39, -29, 24, 9, -34, 14, -29, -39, -53, -43, -39, 
-9, -39, -29, 24, 9, -34, 14, -29, -39, -53, -43, -39, 
-9, -39, -29, 24, 9, -34, 14, -29, -39, -53, -43, -39, 
-9, -39, -29, 24, 9, -34, 14, -29, -39, -48, -39, -39, 
-9, -39, -29, 24, 9, -34, 14, -29, -39, -48, -39, -39, 
-9, -39, -29, 24, 9, -34, 9, -29, -39, -48, -39, -39, 
-9, -34, -24, 21, 7, -29, 9, -29, -39, -48, -39, -39, 
-9, -34, -24, 21, 7, -29, 9, -29, -39, -48, -39, -39, 
0, -34, -34, 17, 17, -34, 9, -29, -39, -48, -39, -39, 
0, -34, -34, 17, 17, -34, 4, -24, -39, -48, -34, -39, 
0, -34, -34, 17, 17, -34, 4, -24, -39, -48, -34, -39, 
0, -34, -34, 17, 17, -34, 4, -29, -39, -48, -34, -34, 
0, -34, -34, 17, 17, -34, 9, -24, -39, -43, -29, -34, 
0, -39, -39, 19, 19, -39, 9, -24, -39, -43, -29, -34, 
0, -34, -34, 17, 17, -34, 9, -24, -39, -43, -29, -34, 
0, -34, -34, 17, 17, -34, 9, -24, -39, -43, -29, -34, 
0, -34, -34, 17, 17, -34, 14, -24, -39, -43, -29, -34, 
0, -34, -34, 17, 17, -34, 14, -24, -39, -39, -29, -34, 
0, -34, -34, 17, 17, -34, 9, -24, -34, -39, -24, -34, 
4, -34, -39, 14, 21, -36, 9, -24, -39, -39, -24, -34, 
4, -29, -34, 12, 19, -31, 14, -24, -39, -39, -24, -34, 
4, -29, -34, 12, 19, -31, 14, -24, -39, -39, -24, -29, 
4, -34, -39, 14, 21, -36, 14, -24, -39, -34, -24, -29, 
4, -34, -39, 14, 21, -36, 14, -24, -39, -34, -24, -29, 
4, -34, -39, 14, 21, -36, 14, -24, -39, -34, -24, -29, 
4, -34, -39, 14, 21, -36, 14, -24, -39, -34, -24, -29, 
4, -34, -39, 14, 21, -36, 14, -24, -39, -34, -24, -29, 
4, -34, -39, 14, 21, -36, 14, -29, -39, -34, -29, -29, 
4, -34, -39, 14, 21, -36, 14, -29, -39, -39, -29, -29, 
4, -39, -43, 17, 24, -41, 14, -29, -39, -39, -29, -29, 
4, -39, -43, 17, 24, -41, 14, -29, -43, -39, -29, -29, 
0, -39, -39, 19, 19, -39, 14, -29, -43, -39, -34, -29, 
0, -39, -39, 19, 19, -39, 14, -29, -48, -39, -34, -29, 
0, -34, -34, 17, 17, -34, 14, -29, -48, -39, -34, -34, 
0, -39, -39, 19, 19, -39, 14, -29, -48, -39, -34, -34, 
-9, -39, -29, 24, 9, -34, 14, -34, -48, -43, -34, -34, 
-9, -39, -29, 24, 9, -34, 14, -34, -53, -43, -34, -34, 
-9, -39, -29, 24, 9, -34, 19, -34, -53, -43, -34, -34, 
-9, -43, -34, 26, 12, -39, 19, -34, -53, -43, -34, -34, 
-9, -43, -34, 26, 12, -39, 19, -34, -53, -43, -34, -34, 
-14, -43, -29, 29, 7, -36, 19, -34, -53, -43, -34, -34, 
-14, -43, -29, 29, 7, -36, 19, -34, -53, -43, -34, -34, 
-14, -43, -29, 29, 7, -36, 19, -34, -53, -43, -34, -34, 
-14, -43, -29, 29, 7, -36, 19, -34, -53, -43, -34, -34, 
-14, -43, -29, 29, 7, -36, 19, -34, -53, -43, -34, -34, 
-14, -43, -29, 29, 7, -36, 19, -34, -53, -43, -34, -34, 
-14, -43, -29, 29, 7, -36, 19, -34, -53, -43, -34, -34, 
-14, -43, -29, 29, 7, -36, 9, -34, -53, -43, -34, -34, 
-14, -43, -29, 29, 7, -36, 9, -34, -53, -48, -39, -34, 
-14, -39, -24, 26, 4, -31, 9, -34, -53, -43, -39, -34, 
-14, -39, -24, 26, 4, -31, 9, -34, -53, -43, -39, -34, 
-14, -39, -24, 26, 4, -31, 9, -34, -53, -43, -39, -34, 
-14, -39, -24, 26, 4, -31, 9, -34, -53, -48, -39, -34, 
-14, -39, -24, 26, 4, -31, 14, -34, -53, -48, -39, -39, 
-14, -43, -29, 29, 7, -36, 14, -34, -53, -48, -39, -39, 
-14, -43, -29, 29, 7, -36, 14, -34, -53, -48, -43, -39, 
-9, -39, -29, 24, 9, -34, 19, -34, -53, -53, -43, -39, 
-14, -39, -24, 26, 4, -31, 19, -39, -53, -53, -43, -39, 
-14, -43, -29, 29, 7, -36, 19, -39, -58, -53, -43, -39, 
-14, -43, -29, 29, 7, -36, 24, -39, -58, -53, -43, -43, 
-14, -43, -29, 29, 7, -36, 24, -39, -58, -53, -43, -43, 
-14, -43, -29, 29, 7, -36, 24, -39, -58, -58, -43, -43, 
-9, -43, -34, 26, 12, -39, 24, -43, -63, -58, -43, -43, 
0, -43, -43, 21, 21, -43, 19, -43, -63, -58, -43, -43, 
-9, -43, -34, 26, 12, -39, 19, -43, -63, -58, -43, -43, 
-9, -43, -34, 26, 12, -39, 19, -43, -63, -63, -43, -43, 
-9, -43, -34, 26, 12, -39, 14, -43, -63, -63, -43, -43, 
-9, -43, -34, 26, 12, -39, 14, -48, -63, -63, -48, -43, 
-9, -48, -39, 29, 14, -43, 14, -48, -63, -63, -48, -43, 
-9, -48, -39, 29, 14, -43, 14, -48, -63, -63, -48, -43, 
-9, -48, -39, 29, 14, -43, 14, -48, -63, -63, -48, -43, 
-14, -48, -34, 31, 9, -41, 14, -48, -63, -63, -48, -43, 
-14, -53, -39, 34, 12, -46, 19, -48, -63, -63, -48, -43, 
-14, -53, -39, 34, 12, -46, 19, -48, -63, -68, -48, -48, 
-14, -53, -39, 34, 12, -46, 14, -48, -63, -68, -48, -48, 
-14, -53, -39, 34, 12, -46, 14, -48, -63, -68, -53, -48, 
-9, -58, -48, 34, 19, -53, 19, -48, -63, -68, -53, -48, 
-9, -53, -43, 31, 17, -48, 19, -48, -63, -68, -53, -48, 
-9, -53, -43, 31, 17, -48, 19, -43, -63, -68, -53, -48, 
-9, -53, -43, 31, 17, -48, 19, -43, -63, -73, -53, -48, 
-9, -53, -43, 31, 17, -48, 19, -43, -63, -73, -53, -53, 
-9, -53, -43, 31, 17, -48, 19, -43, -63, -73, -58, -53, 
-9, -53, -43, 31, 17, -48, 19, -43, -63, -73, -53, -53, 
-9, -53, -43, 31, 17, -48, 19, -43, -58, -68, -53, -53, 
-9, -53, -43, 31, 17, -48, 19, -43, -58, -68, -53, -53, 
-9, -48, -39, 29, 14, -43, 19, -43, -58, -68, -53, -48, 
-9, -48, -39, 29, 14, -43, 19, -43, -58, -68, -53, -48, 
-9, -48, -39, 29, 14, -43, 19, -43, -53, -68, -53, -48, 
-9, -53, -43, 31, 17, -48, 19, -43, -53, -68, -53, -48, 
-14, -53, -39, 34, 12, -46, 19, -43, -53, -68, -53, -48, 
-14, -53, -39, 34, 12, -46, 19, -43, -53, -68, -53, -48, 
-14, -53, -39, 34, 12, -46, 19, -43, -58, -68, -53, -48, 
-14, -53, -39, 34, 12, -46, 24, -43, -58, -68, -53, -48, 
-14, -53, -39, 34, 12, -46, 24, -43, -58, -68, -53, -48, 
-14, -53, -39, 34, 12, -46, 24, -43, -58, -68, -53, -48, 
-9, -53, -43, 31, 17, -48, 24, -43, -58, -68, -53, -48, 
-9, -53, -43, 31, 17, -48, 24, -43, -58, -68, -53, -43, 
-14, -53, -39, 34, 12, -46, 19, -43, -58, -68, -53, -43, 
-9, -53, -43, 31, 17, -48, 19, -43, -58, -68, -53, -43, 
-9, -48, -39, 29, 14, -43, 19, -43, -58, -68, -53, -39, 
-14, -48, -34, 31, 9, -41, 19, -43, -58, -63, -53, -39, 
-14, -48, -34, 31, 9, -41, 19, -43, -58, -63, -53, -39, 
-14, -48, -34, 31, 9, -41, 19, -43, -58, -63, -53, -39, 
-19, -48, -29, 34, 4, -39, 19, -43, -58, -63, -53, -39, 
-19, -48, -29, 34, 4, -39, 14, -43, -58, -63, -53, -39, 
-24, -48, -24, 36, 0, -36, 14, -43, -58, -63, -53, -39, 
-24, -48, -24, 36, 0, -36, 14, -43, -58, -63, -53, -39, 
-24, -48, -24, 36, 0, -36, 14, -43, -58, -63, -53, -39, 
-24, -48, -24, 36, 0, -36, 14, -43, -58, -63, -53, -39, 
-24, -48, -24, 36, 0, -36, 14, -39, -58, -63, -53, -39, 
-24, -53, -29, 39, 2, -41, 14, -43, -58, -63, -53, -39, 
-24, -53, -29, 39, 2, -41, 14, -43, -58, -63, -53, -39, 
-24, -53, -29, 39, 2, -41, 14, -43, -58, -68, -53, -39, 
-24, -53, -29, 39, 2, -41, 14, -43, -58, -68, -53, -39, 
-24, -53, -29, 39, 2, -41, 14, -43, -63, -68, -53, -39, 
-19, -53, -34, 36, 7, -43, 14, -43, -63, -68, -53, -39, 
-19, -53, -34, 36, 7, -43, 14, -43, -63, -68, -53, -43, 
-19, -53, -34, 36, 7, -43, 14, -48, -63, -68, -53, -43, 
-19, -53, -34, 36, 7, -43, 14, -48, -63, -68, -53, -43, 
-19, -58, -39, 39, 9, -48, 19, -48, -63, -68, -58, -43, 
-19, -58, -39, 39, 9, -48, 19, -48, -63, -68, -58, -48, 
-19, -58, -39, 39, 9, -48, 14, -48, -63, -68, -58, -48, 
-19, -53, -34, 36, 7, -43, 14, -48, -63, -68, -53, -43, 
-19, -53, -34, 36, 7, -43, 14, -48, -63, -68, -53, -43, 
-19, -48, -29, 34, 4, -39, 14, -43, -58, -63, -53, -43, 
-19, -48, -29, 34, 4, -39, 14, -43, -58, -63, -53, -43, 
-19, -43, -24, 31, 2, -34, 9, -43, -63, -63, -48, -39, 
-19, -43, -24, 31, 2, -34, 9, -39, -58, -58, -43, -39, 
-19, -39, -19, 29, 0, -29, 9, -39, -53, -58, -43, -34, 
-19, -34, -14, 26, -2, -24, 9, -39, -48, -53, -39, -34, 
-14, -29, -14, 21, 0, -21, 9, -34, -43, -48, -34, -29, 
-14, -19, -4, 17, -4, -12, 4, -34, -39, -43, -29, -24, 
-14, -14, 0, 14, -7, -7, 4, -29, -34, -39, -24, -19, 
-9, -9, 0, 9, -4, -4, 4, -29, -29, -34, -24, -19, 
-9, -9, 0, 9, -4, -4, 4, -29, -24, -29, -19, -14, 
-9, 0, 9, 4, -9, 4, 0, -24, -24, -29, -19, -14, 
-9, 0, 9, 4, -9, 4, 0, -24, -19, -24, -19, -14, 
0, 4, 4, -2, -2, 4, -9, -24, -14, -19, -14, -9, 
9, 9, 0, -9, 4, 4, -9, -24, -9, -19, -14, -9, 
14, 14, 0, -14, 7, 7, -14, -24, -9, -14, -14, -9, 
14, 19, 4, -17, 4, 12, -14, -19, 0, -14, -9, 0, 
19, 19, 0, -19, 9, 9, -19, -24, 4, -9, -9, 0, 
24, 24, 0, -24, 12, 12, -24, -24, 4, -9, -9, 4, 
24, 29, 4, -26, 9, 17, -24, -24, 9, 0, 0, 4, 
24, 34, 9, -29, 7, 21, -24, -24, 9, 0, 4, 9, 
29, 34, 4, -31, 12, 19, -29, -29, 9, 4, 4, 9, 
29, 39, 9, -34, 9, 24, -29, -29, 14, 4, 9, 14, 
34, 43, 9, -39, 12, 26, -34, -29, 14, 9, 9, 14, 
34, 48, 14, -41, 9, 31, -34, -29, 19, 9, 14, 19, 
34, 53, 19, -43, 7, 36, -34, -29, 19, 14, 19, 24, 
29, 48, 19, -39, 4, 34, -34, -29, 19, 19, 24, 24, 
34, 53, 19, -43, 7, 36, -39, -29, 24, 19, 24, 29, 
34, 53, 19, -43, 7, 36, -39, -29, 19, 19, 29, 29, 
34, 53, 19, -43, 7, 36, -39, -29, 14, 24, 29, 29, 
34, 53, 19, -43, 7, 36, -39, -29, 14, 24, 29, 29, 
34, 53, 19, -43, 7, 36, -39, -24, 14, 24, 29, 34, 
34, 53, 19, -43, 7, 36, -39, -24, 9, 24, 29, 34, 
39, 53, 14, -46, 12, 34, -39, -24, 9, 24, 29, 34, 
39, 53, 14, -46, 12, 34, -39, -24, 4, 19, 29, 34, 
39, 48, 9, -43, 14, 29, -34, -24, 0, 14, 24, 29, 
39, 43, 4, -41, 17, 24, -34, -24, -9, 9, 24, 29, 
39, 34, -4, -36, 21, 14, -29, -24, -14, 4, 19, 24, 
34, 29, -4, -31, 19, 12, -29, -29, -24, 0, 14, 24, 
29, 19, -9, -24, 19, 4, -24, -29, -29, -9, 9, 19, 
24, 9, -14, -17, 19, -2, -19, -29, -34, -14, 4, 14, 
19, 4, -14, -12, 17, -4, -19, -34, -39, -19, 0, 9, 
14, -9, -24, -2, 19, -17, -14, -34, -43, -24, -9, 4, 
9, -19, -29, 4, 19, -24, -14, -34, -48, -34, -14, 0, 
4, -24, -29, 9, 17, -26, -9, -39, -53, -39, -24, -9, 
-9, -34, -24, 21, 7, -29, 0, -39, -58, -43, -29, -19, 
-14, -43, -29, 29, 7, -36, 4, -43, -63, -48, -34, -24, 
-19, -48, -29, 34, 4, -39, 9, -43, -63, -48, -39, -29, 
-24, -53, -29, 39, 2, -41, 9, -43, -68, -53, -39, -29, 
-29, -53, -24, 41, -2, -39, 14, -43, -68, -53, -43, -34, 
-29, -58, -29, 43, 0, -43, 19, -43, -73, -58, -48, -39, 
-29, -58, -29, 43, 0, -43, 19, -48, -73, -63, -48, -39, 
-29, -63, -34, 46, 2, -48, 19, -48, -78, -68, -53, -43, 
-29, -63, -34, 46, 2, -48, 24, -48, -87, -73, -53, -43, 
-29, -68, -39, 48, 4, -53, 24, -48, -87, -73, -58, -48, 
-29, -68, -39, 48, 4, -53, 24, -48, -92, -78, -63, -48, 
-29, -73, -43, 51, 7, -58, 24, -48, -92, -78, -63, -53, 
-34, -73, -39, 53, 2, -56, 24, -53, -92, -82, -68, -53, 
-34, -78, -43, 56, 4, -61, 24, -53, -97, -82, -68, -53, 
-34, -78, -43, 56, 4, -61, 24, -53, -97, -87, -68, -58, 
-34, -82, -48, 58, 7, -65, 24, -53, -97, -87, -73, -58, 
-34, -82, -48, 58, 7, -65, 24, -53, -97, -92, -73, -58, 
-39, -87, -48, 63, 4, -68, 29, -53, -97, -92, -73, -58, 
-39, -87, -48, 63, 4, -68, 29, -53, -97, -92, -78, -63, 
-39, -92, -53, 65, 7, -73, 29, -53, -97, -92, -78, -63, 
-43, -92, -48, 68, 2, -70, 29, -53, -97, -92, -78, -63, 
-43, -92, -48, 68, 2, -70, 29, -53, -97, -92, -78, -63, 
-43, -92, -48, 68, 2, -70, 29, -53, -97, -92, -78, -63, 
-43, -92, -48, 68, 2, -70, 29, -53, -97, -92, -78, -63, 
-43, -92, -48, 68, 2, -70, 29, -53, -97, -92, -78, -68, 
-43, -92, -48, 68, 2, -70, 29, -53, -97, -92, -78, -68, 
-43, -92, -48, 68, 2, -70, 29, -53, -97, -92, -78, -68, 
-43, -92, -48, 68, 2, -70, 29, -48, -97, -87, -78, -68, 
-43, -87, -43, 65, 0, -65, 29, -48, -92, -87, -78, -68, 
-43, -87, -43, 65, 0, -65, 29, -48, -92, -87, -78, -68, 
-43, -87, -43, 65, 0, -65, 29, -48, -92, -87, -78, -68, 
-43, -92, -48, 68, 2, -70, 29, -48, -92, -87, -78, -68, 
-43, -92, -48, 68, 2, -70, 29, -48, -92, -87, -78, -68, 
-43, -92, -48, 68, 2, -70, 34, -48, -92, -87, -78, -68, 
-43, -92, -48, 68, 2, -70, 34, -48, -92, -87, -78, -68, 
-43, -92, -48, 68, 2, -70, 39, -48, -92, -87, -78, -68, 
-43, -92, -48, 68, 2, -70, 39, -48, -92, -87, -78, -68, 
-43, -92, -48, 68, 2, -70, 39, -48, -92, -87, -78, -68, 
-43, -92, -48, 68, 2, -70, 39, -48, -92, -87, -78, -68, 
-43, -92, -48, 68, 2, -70, 43, -53, -92, -87, -78, -68, 
-43, -97, -53, 70, 4, -75, 39, -53, -92, -87, -78, -63, 
-43, -97, -53, 70, 4, -75, 39, -53, -92, -87, -78, -63, 
-43, -97, -53, 70, 4, -75, 39, -53, -92, -87, -78, -63, 
-39, -92, -53, 65, 7, -73, 39, -58, -97, -87, -78, -63, 
-39, -92, -53, 65, 7, -73, 34, -58, -97, -87, -78, -63, 
-39, -97, -58, 68, 9, -78, 29, -58, -97, -92, -78, -68, 
-39, -97, -58, 68, 9, -78, 29, -58, -97, -92, -78, -68, 
-39, -92, -53, 65, 7, -73, 29, -58, -97, -87, -78, -63, 
-39, -92, -53, 65, 7, -73, 24, -58, -97, -87, -82, -63, 
-43, -97, -53, 70, 4, -75, 24, -63, -102, -87, -82, -68, 
-43, -97, -53, 70, 4, -75, 29, -63, -97, -92, -87, -68, 
-43, -97, -53, 70, 4, -75, 29, -58, -92, -92, -87, -73, 
-53, -97, -43, 75, -4, -70, 34, -53, -87, -92, -87, -78, 
-58, -97, -39, 78, -9, -68, 39, -58, -82, -92, -87, -78, 
-68, -92, -24, 80, -21, -58, 39, -58, -68, -87, -82, -78, 
-78, -87, -9, 82, -34, -48, 43, -58, -48, -87, -87, -82, 
-87, -87, 0, 87, -43, -43, 53, -43, -14, -73, -92, -87, 
-82, -92, -9, 87, -36, -51, 58, -9, 24, -58, -87, -92, 
-78, -87, -9, 82, -34, -48, 68, 34, 78, -39, -82, -97, 
-73, -92, -19, 82, -26, -56, 87, 73, 126, -24, -78, -107, 
-73, -92, -19, 82, -26, -56, 97, 117, 175, 9, -73, -107, 
-58, -82, -24, 70, -17, -53, 102, 156, 229, 48, -39, -87, 
-29, -68, -39, 48, 4, -53, 92, 195, 273, 107, 9, -58, 
9, -63, -73, 26, 41, -68, 87, 248, 331, 175, 58, -34, 
43, -48, -92, 2, 68, -70, 78, 297, 380, 253, 102, 4, 
87, -19, -107, -34, 97, -63, 53, 317, 424, 326, 175, 58, 
126, 53, -73, -90, 100, -9, 9, 292, 434, 429, 278, 141, 
161, 126, -34, -143, 97, 46, -58, 234, 409, 527, 380, 229, 
204, 195, -9, -200, 107, 92, -112, 180, 409, 644, 492, 317, 
224, 263, 39, -244, 92, 151, -156, 151, 429, 761, 610, 409, 
253, 341, 87, -297, 82, 214, -209, 122, 434, 849, 707, 507, 
268, 429, 161, -348, 53, 295, -253, 63, 361, 844, 766, 590, 
263, 478, 214, -370, 24, 346, -283, -34, 239, 746, 761, 639, 
244, 497, 253, -370, -4, 375, -297, -131, 122, 634, 717, 653, 
219, 473, 253, -346, -17, 363, -297, -195, 53, 497, 634, 629, 
190, 380, 190, -285, 0, 285, -268, -253, -68, 287, 468, 546, 
146, 297, 151, -222, -2, 224, -248, -331, -244, 63, 297, 458, 
97, 253, 156, -175, -29, 204, -239, -448, -453, -97, 180, 380, 
43, 180, 136, -112, -46, 158, -214, -546, -663, -273, 53, 287, 
-14, 58, 73, -21, -43, 65, -165, -600, -868, -483, -126, 151, 
-39, -43, -4, 41, -17, -24, -131, -614, -1000, -639, -258, 58, 
-43, -68, -24, 56, -9, -46, -112, -595, -1044, -668, -287, 29, 
-43, -68, -24, 56, -9, -46, -102, -527, -976, -619, -258, 34, 
-43, -73, -29, 58, -7, -51, -78, -434, -863, -546, -239, 19, 
-29, -112, -82, 70, 26, -97, -43, -351, -780, -512, -244, -19, 
-24, -151, -126, 87, 51, -139, 0, -283, -722, -492, -253, -53, 
-19, -175, -156, 97, 68, -165, 34, -219, -644, -453, -248, -73, 
-24, -185, -161, 104, 68, -173, 48, -156, -556, -400, -239, -92, 
-24, -185, -161, 104, 68, -173, 58, -117, -483, -361, -224, -102, 
-24, -185, -161, 104, 68, -173, 68, -78, -414, -322, -209, -102, 
-24, -180, -156, 102, 65, -168, 68, -43, -346, -287, -185, -102, 
-19, -165, -146, 92, 63, -156, 73, -29, -287, -244, -170, -97, 
-19, -136, -117, 78, 48, -126, 63, -19, -229, -200, -141, -87, 
-14, -112, -97, 63, 41, -104, 58, 0, -165, -156, -117, -73, 
-19, -92, -73, 56, 26, -82, 58, 14, -122, -126, -92, -63, 
-24, -87, -63, 56, 19, -75, 63, 24, -97, -102, -82, -63, 
-29, -82, -53, 56, 12, -68, 58, 19, -82, -97, -73, -58, 
-39, -82, -43, 61, 2, -63, 48, 19, -73, -92, -68, -48, 
-39, -73, -34, 56, -2, -53, 48, 9, -68, -92, -63, -48, 
-39, -73, -34, 56, -2, -53, 48, 9, -68, -82, -58, -43, 
-43, -73, -29, 58, -7, -51, 48, 9, -63, -78, -63, -43, 
-43, -73, -29, 58, -7, -51, 48, 9, -43, -78, -63, -43, 
-43, -73, -29, 58, -7, -51, 48, 4, -39, -73, -58, -48, 
-43, -68, -24, 56, -9, -46, 48, 4, -34, -68, -53, -48, 
-43, -73, -29, 58, -7, -51, 43, 4, -34, -63, -53, -53, 
-43, -68, -24, 56, -9, -46, 39, 4, -34, -58, -53, -53, 
-48, -78, -29, 63, -9, -53, 43, 4, -34, -63, -53, -53, 
-48, -73, -24, 61, -12, -48, 48, 4, -34, -58, -53, -48, 
-48, -68, -19, 58, -14, -43, 53, 4, -29, -58, -53, -48, 
-43, -63, -19, 53, -12, -41, 53, 4, -24, -58, -53, -48, 
-34, -63, -29, 48, -2, -46, 48, 9, -19, -58, -53, -48, 
-34, -58, -24, 46, -4, -41, 43, 9, -14, -48, -53, -48, 
-34, -58, -24, 46, -4, -41, 34, 19, -9, -48, -53, -48, 
-34, -63, -29, 48, -2, -46, 34, 19, -9, -48, -48, -53, 
-29, -63, -34, 46, 2, -48, 34, 19, 0, -43, -48, -53, 
-34, -58, -24, 46, -4, -41, 29, 14, 4, -43, -43, -48, 
-39, -58, -19, 48, -9, -39, 29, 14, 0, -34, -39, -48, 
-39, -53, -14, 46, -12, -34, 34, 14, 0, -34, -39, -48, 
-39, -53, -14, 46, -12, -34, 34, 19, 0, -34, -43, -43, 
-43, -58, -14, 51, -14, -36, 39, 24, 0, -43, -43, -43, 
-43, -58, -14, 51, -14, -36, 39, 24, 4, -39, -43, -43, 
-39, -53, -14, 46, -12, -34, 39, 29, 9, -34, -39, -43, 
-34, -53, -19, 43, -7, -36, 34, 29, 24, -29, -39, -43, 
-34, -58, -24, 46, -4, -41, 39, 34, 24, -24, -34, -43, 
-39, -58, -19, 48, -9, -39, 39, 34, 24, -19, -34, -43, 
-34, -53, -19, 43, -7, -36, 39, 34, 24, -14, -29, -39, 
-34, -48, -14, 41, -9, -31, 39, 34, 24, -14, -24, -39, 
-39, -48, -9, 43, -14, -29, 39, 34, 14, -14, -19, -34, 
-34, -48, -14, 41, -9, -31, 39, 34, 9, -24, -24, -34, 
-34, -48, -14, 41, -9, -31, 39, 34, 14, -24, -24, -43, 
-34, -48, -14, 41, -9, -31, 34, 34, 19, -24, -24, -39, 
-34, -48, -14, 41, -9, -31, 39, 39, 24, -24, -24, -34, 
-29, -43, -14, 36, -7, -29, 39, 39, 29, -24, -24, -34, 
-29, -39, -9, 34, -9, -24, 34, 43, 34, -19, -24, -29, 
-29, -43, -14, 36, -7, -29, 34, 43, 39, -14, -19, -29, 
-34, -43, -9, 39, -12, -26, 39, 39, 39, -14, -19, -24, 
-29, -43, -14, 36, -7, -29, 39, 43, 43, -9, -14, -29, 
-29, -39, -9, 34, -9, -24, 39, 43, 43, -9, -9, -24, 
-34, -43, -9, 39, -12, -26, 34, 43, 43, -9, -19, -24, 
-34, -43, -9, 39, -12, -26, 34, 43, 43, -9, -19, -24, 
-34, -43, -9, 39, -12, -26, 34, 43, 48, -9, -19, -24, 
-39, -43, -4, 41, -17, -24, 34, 48, 48, 0, -14, -24, 
-34, -39, -4, 36, -14, -21, 39, 53, 53, 0, -14, -29, 
-34, -34, 0, 34, -17, -17, 39, 53, 58, 4, -9, -19, 
-34, -39, -4, 36, -14, -21, 39, 53, 68, 9, -9, -19, 
-24, -34, -9, 29, -7, -21, 34, 53, 73, 14, 0, -14, 
-19, -29, -9, 24, -4, -19, 34, 58, 73, 14, 4, -19, 
-19, -29, -9, 24, -4, -19, 29, 58, 73, 19, 4, -14, 
-19, -29, -9, 24, -4, -19, 29, 53, 68, 14, 4, -14, 
-19, -29, -9, 24, -4, -19, 29, 53, 68, 9, 4, -14, 
-19, -29, -9, 24, -4, -19, 29, 58, 73, 14, 4, -14, 
-19, -34, -14, 26, -2, -24, 29, 58, 82, 14, 4, -14, 
-14, -29, -14, 21, 0, -21, 29, 63, 87, 19, 4, -19, 
-14, -29, -14, 21, 0, -21, 29, 63, 97, 24, 9, -14, 
-14, -19, -4, 17, -4, -12, 29, 63, 102, 29, 9, -9, 
-9, -19, -9, 14, 0, -14, 29, 68, 97, 29, 14, 0, 
0, -9, -9, 4, 4, -9, 29, 73, 102, 34, 19, 0, 
4, -9, -14, 2, 9, -12, 24, 78, 102, 39, 14, 4, 
4, -9, -14, 2, 9, -12, 19, 78, 102, 39, 19, 0, 
4, -14, -19, 4, 12, -17, 19, 82, 107, 34, 19, 0, 
0, -19, -19, 9, 9, -19, 19, 82, 112, 39, 19, -9, 
-9, -24, -14, 17, 2, -19, 14, 82, 122, 43, 14, -9, 
-9, -24, -14, 17, 2, -19, 19, 82, 126, 48, 19, 0, 
-9, -14, -4, 12, -2, -9, 19, 87, 136, 53, 19, 0, 
0, -9, -9, 4, 4, -9, 19, 87, 146, 58, 24, 4, 
0, -9, -9, 4, 4, -9, 19, 92, 146, 58, 29, 4, 
4, 0, -4, -2, 4, -2, 19, 92, 146, 58, 24, 9, 
4, 9, 4, -7, 0, 7, 19, 102, 151, 68, 29, 14, 
4, 9, 4, -7, 0, 7, 14, 107, 156, 73, 29, 9, 
4, 9, 4, -7, 0, 7, 14, 107, 156, 73, 34, 9, 
14, 19, 4, -17, 4, 12, 9, 117, 165, 78, 34, 14, 
14, 24, 9, -19, 2, 17, 9, 117, 175, 78, 34, 14, 
14, 24, 9, -19, 2, 17, 4, 122, 185, 78, 39, 14, 
19, 34, 14, -26, 2, 24, 4, 126, 190, 87, 43, 19, 
14, 34, 19, -24, -2, 26, 4, 131, 204, 97, 48, 19, 
14, 34, 19, -24, -2, 26, 4, 131, 204, 102, 53, 19, 
14, 34, 19, -24, -2, 26, 4, 131, 195, 102, 48, 24, 
19, 43, 24, -31, -2, 34, 4, 136, 204, 107, 53, 29, 
24, 48, 24, -36, 0, 36, 9, 141, 214, 112, 53, 29, 
29, 58, 29, -43, 0, 43, 9, 146, 219, 117, 58, 34, 
24, 53, 29, -39, -2, 41, 4, 156, 234, 122, 63, 39, 
29, 63, 34, -46, -2, 48, 9, 161, 244, 131, 63, 39, 
29, 68, 39, -48, -4, 53, 4, 161, 253, 136, 73, 39, 
29, 68, 39, -48, -4, 53, 9, 170, 258, 141, 78, 39, 
34, 68, 34, -51, 0, 51, 9, 175, 273, 146, 82, 43, 
34, 82, 48, -58, -7, 65, 9, 175, 278, 156, 87, 48, 
39, 87, 48, -63, -4, 68, 4, 180, 283, 161, 97, 53, 
