I, II, III, aVR, aVL, aVF, V1, V2, V3, V4, V5, V6, 
-48, 0, 48, 24, -48, 24, 9, 214, 370, 136, -995, 234, 
-48, 0, 48, 24, -48, 24, 9, 214, 370, 136, -995, 234, 
-48, 0, 48, 24, -48, 24, 9, 214, 370, 136, -995, 234, 
-48, 0, 48, 24, -48, 24, 9, 214, 370, 136, -995, 234, 
-48, -19, 29, 34, -39, 4, 0, 204, 351, 126, -1010, 219, 
-48, -29, 19, 39, -34, -4, 0, 204, 341, 117, -1015, 214, 
-48, -39, 9, 43, -29, -14, 0, 204, 331, 107, -1019, 209, 
-48, -48, 0, 48, -24, -24, 0, 204, 322, 97, -1024, 204, 
-48, -58, -9, 53, -19, -34, 0, 200, 302, 87, -1039, 190, 
-48, -68, -19, 58, -14, -43, 0, 195, 292, 78, -1044, 185, 
-48, -78, -29, 63, -9, -53, 0, 190, 283, 68, -1049, 180, 
-48, -87, -39, 68, -4, -63, 0, 185, 273, 58, -1054, 175, 
-48, -97, -48, 73, 0, -73, 9, 175, 263, 43, -1068, 161, 
-48, -107, -58, 78, 4, -82, 9, 175, 253, 39, -1073, 156, 
-48, -117, -68, 82, 9, -92, 9, 175, 244, 34, -1078, 151, 
-48, -126, -78, 87, 14, -102, 9, 175, 234, 29, -1083, 146, 
-48, -136, -87, 92, 19, -112, 0, 175, 219, 14, -1088, 141, 
-48, -136, -87, 92, 19, -112, 0, 175, 214, 9, -1093, 136, 
-48, -136, -87, 92, 19, -112, 0, 175, 209, 4, -1098, 131, 
-48, -136, -87, 92, 19, -112, 0, 175, 204, 0, -1102, 126, 
-48, -151, -102, 100, 26, -126, 9, 165, 195, -14, -1112, 122, 
-48, -156, -107, 102, 29, -131, 9, 165, 185, -19, -1112, 117, 
-48, -161, -112, 104, 31, -136, 9, 165, 175, -24, -1112, 112, 
-48, -165, -117, 107, 34, -141, 9, 165, 165, -29, -1112, 107, 
-58, -170, -112, 114, 26, -141, 19, 175, 175, -19, -1122, 97, 
-58, -175, -117, 117, 29, -146, 19, 175, 175, -19, -1122, 97, 
-58, -180, -122, 119, 31, -151, 19, 175, 175, -19, -1122, 97, 
-58, -185, -126, 122, 34, -156, 19, 175, 175, -19, -1122, 97, 
-48, -190, -141, 119, 46, -165, 19, 175, 161, -24, -1127, 87, 
-48, -195, -146, 122, 48, -170, 19, 175, 156, -29, -1132, 87, 
-48, -200, -151, 124, 51, -175, 19, 175, 151, -34, -1137, 87, 
-48, -204, -156, 126, 53, -180, 19, 175, 146, -39, -1141, 87, 
-48, -195, -146, 122, 48, -170, 19, 165, 146, -43, -1141, 78, 
-48, -195, -146, 122, 48, -170, 19, 165, 146, -48, -1141, 78, 
-48, -195, -146, 122, 48, -170, 19, 165, 146, -53, -1141, 78, 
-48, -195, -146, 122, 48, -170, 19, 165, 146, -58, -1141, 78, 
-39, -204, -165, 122, 63, -185, 9, 165, 136, -48, -1151, 68, 
-39, -204, -165, 122, 63, -185, 9, 165, 136, -48, -1151, 68, 
-39, -204, -165, 122, 63, -185, 9, 165, 136, -48, -1151, 68, 
-39, -204, -165, 122, 63, -185, 9, 165, 136, -48, -1151, 68, 
-29, -195, -165, 112, 68, -180, 9, 165, 126, -58, -1161, 58, 
-29, -195, -165, 112, 68, -180, 9, 165, 126, -58, -1161, 58, 
-29, -195, -165, 112, 68, -180, 9, 165, 126, -58, -1161, 58, 
-29, -195, -165, 112, 68, -180, 9, 165, 126, -58, -1161, 58, 
-39, -204, -165, 122, 63, -185, 19, 175, 126, -58, -1151, 58, 
-39, -204, -165, 122, 63, -185, 19, 175, 126, -58, -1151, 58, 
-39, -204, -165, 122, 63, -185, 19, 175, 126, -58, -1151, 58, 
-39, -204, -165, 122, 63, -185, 19, 175, 126, -58, -1151, 58, 
-39, -214, -175, 126, 68, -195, 19, 175, 117, -68, -1151, 58, 
-39, -214, -175, 126, 68, -195, 19, 175, 117, -68, -1151, 58, 
-39, -214, -175, 126, 68, -195, 19, 175, 117, -68, -1151, 58, 
-39, -214, -175, 126, 68, -195, 19, 175, 117, -68, -1151, 58, 
-34, -204, -170, 119, 68, -187, 19, 175, 117, -58, -1156, 53, 
-29, -204, -175, 117, 73, -190, 19, 175, 117, -58, -1161, 48, 
-24, -204, -180, 114, 78, -192, 19, 175, 117, -58, -1166, 43, 
-19, -204, -185, 112, 82, -195, 19, 175, 117, -58, -1171, 39, 
-19, -214, -195, 117, 87, -204, 19, 175, 117, -68, -1161, 48, 
-19, -214, -195, 117, 87, -204, 19, 175, 117, -68, -1161, 48, 
-19, -214, -195, 117, 87, -204, 19, 175, 117, -68, -1161, 48, 
-19, -214, -195, 117, 87, -204, 19, 175, 117, -68, -1161, 48, 
-19, -224, -204, 122, 92, -214, 19, 185, 107, -68, -1161, 48, 
-19, -224, -204, 122, 92, -214, 19, 185, 107, -68, -1161, 48, 
-19, -224, -204, 122, 92, -214, 19, 185, 107, -68, -1161, 48, 
-19, -224, -204, 122, 92, -214, 19, 185, 107, -68, -1161, 48, 
-29, -214, -185, 122, 78, -200, 19, 175, 107, -68, -1151, 48, 
-29, -214, -185, 122, 78, -200, 19, 175, 107, -68, -1151, 48, 
-29, -214, -185, 122, 78, -200, 19, 175, 107, -68, -1151, 48, 
-29, -214, -185, 122, 78, -200, 19, 175, 107, -68, -1151, 48, 
-29, -214, -185, 122, 78, -200, 29, 175, 117, -58, -1161, 39, 
-29, -214, -185, 122, 78, -200, 29, 175, 117, -58, -1161, 39, 
-29, -214, -185, 122, 78, -200, 29, 175, 117, -58, -1161, 39, 
-29, -214, -185, 122, 78, -200, 29, 175, 117, -58, -1161, 39, 
-19, -214, -195, 117, 87, -204, 24, 175, 117, -63, -1151, 48, 
-19, -214, -195, 117, 87, -204, 19, 175, 117, -68, -1151, 48, 
-19, -214, -195, 117, 87, -204, 14, 175, 117, -73, -1151, 48, 
-19, -214, -195, 117, 87, -204, 9, 175, 117, -78, -1151, 48, 
-19, -224, -204, 122, 92, -214, 19, 175, 107, -73, -1166, 39, 
-19, -224, -204, 122, 92, -214, 19, 175, 107, -68, -1171, 29, 
-19, -224, -204, 122, 92, -214, 19, 175, 107, -63, -1176, 19, 
-19, -224, -204, 122, 92, -214, 19, 175, 107, -58, -1180, 9, 
-19, -224, -204, 122, 92, -214, 19, 175, 117, -58, -1171, 19, 
-19, -224, -204, 122, 92, -214, 19, 175, 117, -58, -1171, 19, 
-19, -224, -204, 122, 92, -214, 19, 175, 117, -58, -1171, 19, 
-19, -224, -204, 122, 92, -214, 19, 175, 117, -58, -1171, 19, 
-9, -234, -224, 122, 107, -229, 19, 185, 107, -68, -1171, 19, 
-9, -234, -224, 122, 107, -229, 19, 185, 107, -68, -1171, 19, 
-9, -234, -224, 122, 107, -229, 19, 185, 107, -68, -1171, 19, 
-9, -234, -224, 122, 107, -229, 19, 185, 107, -68, -1171, 19, 
0, -224, -224, 112, 112, -224, 19, 185, 117, -78, -1171, 19, 
0, -224, -224, 112, 112, -224, 19, 185, 117, -78, -1171, 19, 
0, -224, -224, 112, 112, -224, 19, 185, 117, -78, -1171, 19, 
0, -224, -224, 112, 112, -224, 19, 185, 117, -78, -1171, 19, 
0, -224, -224, 112, 112, -224, 19, 185, 117, -78, -1171, 19, 
0, -224, -224, 112, 112, -224, 19, 185, 117, -78, -1171, 19, 
0, -224, -224, 112, 112, -224, 19, 185, 117, -78, -1171, 19, 
0, -224, -224, 112, 112, -224, 19, 185, 117, -78, -1171, 19, 
0, -214, -214, 107, 107, -214, 19, 175, 112, -87, -1171, 9, 
0, -214, -214, 107, 107, -214, 19, 175, 107, -87, -1171, 9, 
0, -214, -214, 107, 107, -214, 19, 175, 102, -87, -1171, 9, 
0, -214, -214, 107, 107, -214, 19, 175, 97, -87, -1171, 9, 
9, -224, -234, 107, 122, -229, 9, 185, 97, -87, -1171, 4, 
9, -224, -234, 107, 122, -229, 9, 185, 97, -87, -1171, 0, 
9, -224, -234, 107, 122, -229, 9, 185, 97, -87, -1171, -4, 
9, -224, -234, 107, 122, -229, 9, 185, 97, -87, -1171, -9, 
19, -214, -234, 97, 126, -224, 9, 185, 107, -78, -1171, 0, 
19, -214, -234, 97, 126, -224, 9, 185, 107, -78, -1171, 0, 
19, -214, -234, 97, 126, -224, 9, 185, 107, -78, -1171, 0, 
19, -214, -234, 97, 126, -224, 9, 185, 107, -78, -1171, 0, 
19, -224, -244, 102, 131, -234, 19, 185, 97, -87, -1171, -9, 
19, -224, -244, 102, 131, -234, 19, 185, 97, -87, -1171, -9, 
19, -224, -244, 102, 131, -234, 19, 185, 97, -87, -1171, -9, 
19, -224, -244, 102, 131, -234, 19, 185, 97, -87, -1171, -9, 
19, -214, -234, 97, 126, -224, 19, 185, 107, -87, -1171, -4, 
19, -214, -234, 97, 126, -224, 19, 185, 107, -87, -1171, 0, 
19, -214, -234, 97, 126, -224, 19, 185, 107, -87, -1171, 4, 
19, -214, -234, 97, 126, -224, 19, 185, 107, -87, -1171, 9, 
24, -214, -239, 95, 131, -226, 29, 190, 107, -78, -1161, 0, 
29, -214, -244, 92, 136, -229, 29, 195, 107, -78, -1161, 0, 
34, -214, -248, 90, 141, -231, 29, 200, 107, -78, -1161, 0, 
39, -214, -253, 87, 146, -234, 29, 204, 107, -78, -1161, 0, 
48, -204, -253, 78, 151, -229, 19, 204, 112, -68, -1161, 0, 
48, -195, -244, 73, 146, -219, 19, 204, 117, -68, -1161, 0, 
48, -185, -234, 68, 141, -209, 19, 204, 122, -68, -1161, 0, 
48, -175, -224, 63, 136, -200, 19, 204, 126, -68, -1161, 0, 
63, -170, -234, 53, 148, -202, 19, 204, 126, -68, -1171, 0, 
68, -165, -234, 48, 151, -200, 19, 204, 126, -68, -1171, 0, 
73, -161, -234, 43, 153, -197, 19, 204, 126, -68, -1171, 0, 
78, -156, -234, 39, 156, -195, 19, 204, 126, -68, -1171, 0, 
87, -156, -244, 34, 165, -200, 29, 214, 136, -78, -1161, 0, 
87, -156, -244, 34, 165, -200, 29, 214, 136, -78, -1161, 0, 
87, -156, -244, 34, 165, -200, 29, 214, 136, -78, -1161, 0, 
87, -156, -244, 34, 165, -200, 29, 214, 136, -78, -1161, 0, 
78, -170, -248, 46, 163, -209, 19, 204, 126, -87, -1171, -4, 
78, -175, -253, 48, 165, -214, 19, 204, 126, -87, -1171, -9, 
78, -180, -258, 51, 168, -219, 19, 204, 126, -87, -1171, -14, 
78, -185, -263, 53, 170, -224, 19, 204, 126, -87, -1171, -19, 
87, -185, -273, 48, 180, -229, 14, 195, 112, -92, -1180, -29, 
87, -185, -273, 48, 180, -229, 9, 195, 107, -97, -1180, -29, 
87, -185, -273, 48, 180, -229, 4, 195, 102, -102, -1180, -29, 
87, -185, -273, 48, 180, -229, 0, 195, 97, -107, -1180, -29, 
92, -195, -287, 51, 190, -241, -9, 190, 92, -117, -1190, -29, 
97, -195, -292, 48, 195, -244, -19, 185, 87, -117, -1190, -29, 
102, -195, -297, 46, 200, -246, -29, 180, 82, -117, -1190, -29, 
107, -195, -302, 43, 204, -248, -39, 175, 78, -117, -1190, -29, 
107, -200, -307, 46, 207, -253, -34, 175, 73, -131, -1200, -34, 
107, -204, -312, 48, 209, -258, -29, 175, 68, -136, -1200, -39, 
107, -209, -317, 51, 212, -263, -24, 175, 63, -141, -1200, -43, 
107, -214, -322, 53, 214, -268, -19, 175, 58, -146, -1200, -48, 
107, -219, -326, 56, 217, -273, -19, 175, 53, -156, -1215, -63, 
107, -224, -331, 58, 219, -278, -19, 175, 48, -156, -1220, -68, 
107, -229, -336, 61, 222, -283, -19, 175, 43, -156, -1224, -73, 
107, -234, -341, 63, 224, -287, -19, 175, 39, -156, -1229, -78, 
107, -234, -341, 63, 224, -287, -9, 175, 39, -156, -1220, -87, 
107, -234, -341, 63, 224, -287, -9, 175, 39, -156, -1220, -87, 
107, -234, -341, 63, 224, -287, -9, 175, 39, -156, -1220, -87, 
107, -234, -341, 63, 224, -287, -9, 175, 39, -156, -1220, -87, 
117, -214, -331, 48, 224, -273, 0, 190, 53, -141, -1210, -78, 
117, -204, -322, 43, 219, -263, 0, 195, 58, -136, -1200, -68, 
117, -195, -312, 39, 214, -253, 0, 200, 63, -131, -1190, -58, 
117, -185, -302, 34, 209, -244, 0, 204, 68, -126, -1180, -48, 
117, -185, -302, 34, 209, -244, 0, 204, 68, -136, -1190, -48, 
117, -185, -302, 34, 209, -244, 0, 204, 68, -136, -1190, -48, 
117, -185, -302, 34, 209, -244, 0, 204, 68, -136, -1190, -48, 
117, -185, -302, 34, 209, -244, 0, 204, 68, -136, -1190, -48, 
107, -200, -307, 46, 207, -253, 0, 200, 63, -146, -1195, -63, 
107, -204, -312, 48, 209, -258, 0, 195, 58, -146, -1200, -68, 
107, -209, -317, 51, 212, -263, 0, 190, 53, -146, -1205, -73, 
107, -214, -322, 53, 214, -268, 0, 185, 48, -146, -1210, -78, 
102, -219, -322, 58, 212, -270, -9, 175, 43, -151, -1215, -82, 
97, -224, -322, 63, 209, -273, -9, 175, 39, -156, -1220, -87, 
92, -229, -322, 68, 207, -275, -9, 175, 34, -161, -1224, -92, 
87, -234, -322, 73, 204, -278, -9, 175, 29, -165, -1229, -97, 
97, -234, -331, 68, 214, -283, 0, 185, 39, -170, -1229, -107, 
97, -234, -331, 68, 214, -283, 0, 185, 39, -175, -1229, -107, 
97, -234, -331, 68, 214, -283, 0, 185, 39, -180, -1229, -107, 
97, -234, -331, 68, 214, -283, 0, 185, 39, -185, -1229, -107, 
92, -234, -326, 70, 209, -280, 0, 175, 29, -161, -1239, -107, 
92, -239, -331, 73, 212, -285, 0, 175, 24, -156, -1239, -112, 
92, -244, -336, 75, 214, -290, 0, 175, 24, -151, -1239, -112, 
97, -244, -341, 73, 219, -292, 0, 170, 29, -151, -1239, -112, 
97, -248, -346, 75, 222, -297, 9, 170, 29, -156, -1224, -112, 
97, -248, -346, 75, 222, -297, 9, 170, 29, -161, -1224, -112, 
87, -244, -331, 78, 209, -287, 9, 170, 29, -170, -1224, -112, 
87, -244, -331, 78, 209, -287, 9, 170, 29, -175, -1224, -112, 
87, -244, -331, 78, 209, -287, 0, 175, 19, -180, -1234, -122, 
87, -244, -331, 78, 209, -287, 0, 175, 19, -180, -1234, -122, 
87, -244, -331, 78, 209, -287, 4, 175, 19, -185, -1234, -122, 
82, -248, -331, 82, 207, -290, 9, 175, 19, -190, -1234, -122, 
87, -239, -326, 75, 207, -283, 4, 175, 19, -190, -1234, -112, 
102, -239, -341, 68, 222, -290, 4, 170, 19, -200, -1234, -112, 
107, -239, -346, 65, 226, -292, 0, 170, 14, -200, -1234, -112, 
112, -239, -351, 63, 231, -295, -4, 170, 14, -195, -1234, -112, 
112, -253, -366, 70, 239, -309, 4, 185, 29, -190, -1234, -117, 
107, -253, -361, 73, 234, -307, 4, 185, 29, -185, -1234, -117, 
107, -253, -361, 73, 234, -307, 4, 185, 29, -180, -1234, -117, 
107, -253, -361, 73, 234, -307, 4, 180, 29, -175, -1234, -117, 
107, -253, -361, 73, 234, -307, 4, 180, 19, -185, -1239, -122, 
107, -253, -361, 73, 234, -307, 9, 185, 19, -180, -1244, -131, 
107, -253, -361, 73, 234, -307, 9, 185, 19, -180, -1244, -136, 
107, -253, -361, 73, 234, -307, 9, 185, 19, -185, -1239, -141, 
112, -248, -361, 68, 236, -305, 0, 185, 19, -185, -1234, -136, 
112, -248, -361, 68, 236, -305, 0, 185, 19, -185, -1234, -136, 
112, -248, -361, 68, 236, -305, 0, 180, 19, -185, -1234, -141, 
117, -248, -366, 65, 241, -307, 0, 175, 14, -195, -1239, -141, 
126, -239, -366, 56, 246, -302, 0, 175, 4, -204, -1239, -136, 
122, -239, -361, 58, 241, -300, 0, 175, 4, -195, -1234, -131, 
122, -239, -361, 58, 241, -300, 0, 175, 4, -195, -1234, -131, 
117, -239, -356, 61, 236, -297, 4, 175, 4, -195, -1234, -136, 
126, -239, -366, 56, 246, -302, -4, 165, -4, -185, -1234, -146, 
126, -239, -366, 56, 246, -302, -9, 165, -4, -185, -1239, -151, 
126, -239, -366, 56, 246, -302, -9, 165, -4, -190, -1249, -151, 
126, -239, -366, 56, 246, -302, -9, 170, 0, -190, -1254, -146, 
117, -244, -361, 63, 239, -302, -4, 180, 9, -175, -1244, -146, 
117, -248, -366, 65, 241, -307, 0, 180, 9, -175, -1244, -146, 
117, -258, -375, 70, 246, -317, 4, 180, 9, -175, -1244, -156, 
117, -263, -380, 73, 248, -322, 9, 180, 9, -175, -1239, -146, 
122, -248, -370, 63, 246, -309, 4, 170, 0, -190, -1239, -146, 
126, -248, -375, 61, 251, -312, 0, 170, 0, -195, -1239, -151, 
131, -248, -380, 58, 256, -314, -4, 170, 0, -200, -1239, -151, 
136, -248, -385, 56, 261, -317, -9, 170, 0, -204, -1239, -151, 
136, -248, -385, 56, 261, -317, 0, 180, 9, -204, -1249, -161, 
136, -244, -380, 53, 258, -312, 0, 180, 9, -204, -1249, -156, 
136, -244, -380, 53, 258, -312, 0, 175, 9, -204, -1244, -156, 
136, -248, -385, 56, 261, -317, 0, 175, 9, -200, -1244, -156, 
146, -248, -395, 51, 270, -322, 0, 185, 9, -190, -1234, -151, 
146, -248, -395, 51, 270, -322, 0, 185, 9, -190, -1234, -146, 
146, -244, -390, 48, 268, -317, 0, 185, 9, -190, -1234, -141, 
146, -244, -390, 48, 268, -317, 0, 185, 9, -190, -1234, -136, 
156, -244, -400, 43, 278, -322, -9, 180, 4, -190, -1234, -141, 
156, -244, -400, 43, 278, -322, -4, 175, 0, -190, -1229, -146, 
156, -244, -400, 43, 278, -322, -4, 170, 0, -190, -1229, -151, 
161, -234, -395, 36, 278, -314, -4, 165, -4, -190, -1229, -156, 
156, -239, -395, 41, 275, -317, 4, 175, 0, -180, -1244, -156, 
151, -244, -395, 46, 273, -319, 0, 175, 4, -180, -1244, -156, 
146, -248, -395, 51, 270, -322, 0, 180, 9, -180, -1239, -156, 
141, -258, -400, 58, 270, -329, 0, 180, 14, -185, -1239, -156, 
151, -258, -409, 53, 280, -334, 0, 180, 14, -195, -1239, -156, 
151, -248, -400, 48, 275, -324, 0, 180, 14, -190, -1239, -156, 
151, -248, -400, 48, 275, -324, 0, 180, 14, -190, -1239, -161, 
151, -253, -405, 51, 278, -329, 4, 180, 19, -185, -1239, -161, 
161, -244, -405, 41, 283, -324, -4, 170, 9, -185, -1244, -165, 
161, -244, -405, 41, 283, -324, -4, 170, 9, -180, -1234, -165, 
161, -244, -405, 41, 283, -324, -4, 170, 9, -180, -1244, -170, 
161, -244, -405, 41, 283, -324, -4, 170, 9, -180, -1244, -170, 
161, -253, -414, 46, 287, -334, -4, 180, 0, -185, -1234, -170, 
161, -253, -414, 46, 287, -334, -4, 180, 0, -185, -1234, -165, 
161, -253, -414, 46, 287, -334, -4, 180, 0, -185, -1234, -165, 
161, -248, -409, 43, 285, -329, -9, 180, 0, -185, -1234, -161, 
170, -239, -409, 34, 290, -324, -9, 180, -4, -185, -1229, -161, 
180, -239, -419, 29, 300, -329, -14, 170, -4, -195, -1229, -161, 
175, -224, -400, 24, 287, -312, -14, 161, -19, -204, -1220, -151, 
180, -204, -385, 12, 283, -295, -24, 161, -29, -200, -1210, -122, 
190, -180, -370, -4, 280, -275, -43, 146, -34, -165, -1210, -107, 
195, -161, -356, -17, 275, -258, -68, 146, -34, -112, -1180, -87, 
200, -146, -346, -26, 273, -246, -87, 156, -9, -78, -1127, -58, 
219, -112, -331, -53, 275, -222, -122, 170, 24, -43, -1063, -4, 
273, -68, -341, -102, 307, -204, -170, 180, 39, -19, -1005, 48, 
326, -34, -361, -146, 344, -197, -229, 195, 63, 4, -932, 97, 
356, -14, -370, -170, 363, -192, -268, 214, 82, 58, -863, 156, 
395, -4, -400, -195, 397, -202, -317, 224, 73, 117, -819, 200, 
439, 24, -414, -231, 427, -195, -375, 204, 19, 165, -780, 219, 
483, 34, -448, -258, 466, -207, -405, 175, -68, 165, -771, 224, 
488, 34, -453, -261, 470, -209, -429, 151, -175, 146, -771, 234, 
502, 34, -468, -268, 485, -217, -434, 122, -312, 87, -780, 229, 
512, 34, -478, -273, 495, -222, -434, 107, -419, 14, -814, 204, 
522, 9, -512, -265, 517, -251, -419, 82, -502, -78, -888, 161, 
497, -73, -570, -212, 534, -322, -356, 63, -566, -161, -990, 58, 
468, -156, -624, -156, 546, -390, -283, 58, -595, -239, -1107, -29, 
434, -190, -624, -122, 529, -407, -219, 34, -600, -307, -1180, -73, 
380, -234, -614, -73, 497, -424, -180, -43, -649, -366, -1239, -112, 
322, -331, -653, 4, 488, -492, -146, -107, -712, -468, -1361, -224, 
248, -502, -751, 126, 500, -627, -73, -126, -775, -619, -1556, -380, 
170, -653, -824, 241, 497, -739, -4, -136, -839, -741, -1693, -512, 
141, -697, -839, 278, 490, -768, 0, -146, -858, -780, -1717, -546, 
136, -678, -814, 270, 475, -746, -29, -146, -839, -761, -1693, -507, 
112, -678, -790, 283, 451, -734, -34, -122, -814, -727, -1664, -492, 
112, -678, -790, 283, 451, -734, -39, -102, -766, -692, -1644, -483, 
122, -649, -771, 263, 446, -710, -58, -82, -697, -673, -1629, -478, 
126, -619, -746, 246, 436, -683, -63, -53, -619, -644, -1600, -448, 
131, -600, -732, 234, 431, -666, -53, -24, -551, -580, -1561, -414, 
141, -570, -712, 214, 427, -641, -43, 14, -463, -522, -1522, -395, 
151, -531, -683, 190, 417, -607, -24, 73, -380, -473, -1488, -375, 
151, -507, -658, 178, 405, -583, 0, 122, -317, -424, -1454, -361, 
161, -492, -653, 165, 407, -573, 4, 161, -273, -385, -1424, -346, 
156, -478, -634, 161, 395, -556, 29, 170, -239, -366, -1420, -341, 
161, -453, -614, 146, 387, -534, 34, 180, -224, -361, -1395, -312, 
175, -405, -580, 114, 378, -492, 24, 170, -195, -341, -1361, -268, 
190, -366, -556, 87, 373, -461, 19, 156, -161, -322, -1337, -248, 
195, -356, -551, 80, 373, -453, 4, 156, -122, -292, -1317, -244, 
190, -341, -531, 75, 361, -436, -19, 156, -87, -278, -1302, -234, 
195, -312, -507, 58, 351, -409, -24, 165, -43, -263, -1293, -219, 
214, -278, -492, 31, 353, -385, -14, 185, -9, -244, -1268, -195, 
224, -268, -492, 21, 358, -380, 0, 209, 9, -204, -1244, -195, 
214, -263, -478, 24, 346, -370, 0, 229, 19, -165, -1229, -190, 
214, -268, -483, 26, 348, -375, 0, 229, 29, -161, -1229, -190, 
214, -273, -488, 29, 351, -380, 4, 214, 9, -200, -1224, -180, 
224, -244, -468, 9, 346, -356, -9, 200, -9, -209, -1215, -161, 
244, -209, -453, -17, 348, -331, -29, 190, -19, -185, -1200, -151, 
244, -219, -463, -12, 353, -341, -29, 185, 0, -175, -1215, -156, 
234, -229, -463, -2, 348, -346, -19, 195, 4, -185, -1220, -165, 
229, -229, -458, 0, 344, -344, -19, 200, 9, -185, -1224, -170, 
229, -229, -458, 0, 344, -344, -19, 204, 24, -170, -1224, -170, 
234, -224, -458, -4, 346, -341, -19, 214, 39, -165, -1224, -175, 
234, -219, -453, -7, 344, -336, -9, 204, 43, -165, -1220, -165, 
239, -219, -458, -9, 348, -339, -14, 209, 43, -161, -1215, -161, 
239, -214, -453, -12, 346, -334, -14, 209, 43, -161, -1210, -156, 
239, -209, -448, -14, 344, -329, -14, 204, 34, -170, -1210, -156, 
248, -209, -458, -19, 353, -334, -24, 204, 29, -175, -1215, -146, 
248, -209, -458, -19, 353, -334, -24, 204, 29, -175, -1215, -146, 
248, -209, -458, -19, 353, -334, -19, 204, 29, -175, -1220, -146, 
244, -209, -453, -17, 348, -331, -19, 204, 43, -170, -1220, -146, 
253, -209, -463, -21, 358, -336, -19, 195, 43, -170, -1224, -151, 
253, -209, -463, -21, 358, -336, -24, 195, 53, -165, -1220, -156, 
258, -209, -468, -24, 363, -339, -24, 195, 53, -156, -1220, -161, 
258, -204, -463, -26, 361, -334, -24, 195, 53, -151, -1210, -165, 
268, -200, -468, -34, 368, -334, -24, 195, 48, -161, -1200, -151, 
263, -200, -463, -31, 363, -331, -24, 195, 48, -165, -1205, -151, 
263, -204, -468, -29, 366, -336, -24, 195, 43, -175, -1205, -151, 
263, -204, -468, -29, 366, -336, -24, 195, 43, -175, -1205, -151, 
263, -200, -463, -31, 363, -331, -24, 195, 43, -180, -1215, -156, 
268, -195, -463, -36, 366, -329, -24, 195, 48, -175, -1215, -156, 
268, -190, -458, -39, 363, -324, -29, 195, 48, -175, -1215, -156, 
263, -185, -448, -39, 356, -317, -29, 195, 48, -175, -1210, -151, 
268, -190, -458, -39, 363, -324, -29, 204, 58, -156, -1210, -161, 
273, -190, -463, -41, 368, -326, -29, 204, 58, -156, -1210, -161, 
278, -190, -468, -43, 373, -329, -29, 204, 58, -156, -1210, -161, 
283, -185, -468, -48, 375, -326, -29, 204, 58, -156, -1205, -156, 
283, -185, -468, -48, 375, -326, -29, 214, 68, -151, -1195, -146, 
283, -190, -473, -46, 378, -331, -29, 214, 68, -156, -1195, -146, 
283, -190, -473, -46, 378, -331, -29, 214, 68, -156, -1200, -146, 
283, -190, -473, -46, 378, -331, -29, 219, 73, -151, -1200, -146, 
283, -185, -468, -48, 375, -326, -29, 214, 73, -146, -1195, -156, 
283, -175, -458, -53, 370, -317, -34, 209, 73, -146, -1195, -156, 
283, -170, -453, -56, 368, -312, -34, 204, 78, -141, -1195, -156, 
283, -165, -448, -58, 366, -307, -34, 200, 82, -136, -1195, -156, 
283, -170, -453, -56, 368, -312, -34, 190, 73, -146, -1195, -151, 
278, -165, -444, -56, 361, -305, -29, 190, 73, -146, -1195, -146, 
278, -170, -448, -53, 363, -309, -29, 190, 73, -146, -1195, -151, 
283, -175, -458, -53, 370, -317, -29, 190, 82, -136, -1200, -161, 
292, -180, -473, -56, 383, -326, -39, 200, 78, -141, -1195, -161, 
287, -175, -463, -56, 375, -319, -43, 204, 78, -151, -1195, -156, 
287, -161, -448, -63, 368, -305, -43, 204, 78, -156, -1190, -151, 
287, -146, -434, -70, 361, -290, -43, 204, 82, -156, -1190, -136, 
297, -156, -453, -70, 375, -305, -43, 200, 78, -156, -1190, -136, 
297, -161, -458, -68, 378, -309, -39, 200, 78, -156, -1190, -136, 
297, -161, -458, -68, 378, -309, -39, 195, 78, -151, -1190, -136, 
297, -156, -453, -70, 375, -305, -39, 195, 78, -146, -1185, -122, 
292, -156, -448, -68, 370, -302, -34, 200, 82, -141, -1190, -136, 
297, -156, -453, -70, 375, -305, -34, 200, 92, -136, -1190, -141, 
297, -156, -453, -70, 375, -305, -34, 200, 97, -131, -1190, -146, 
297, -151, -448, -73, 373, -300, -29, 204, 107, -122, -1180, -146, 
302, -141, -444, -80, 373, -292, -39, 214, 102, -131, -1185, -136, 
302, -141, -444, -80, 373, -292, -43, 214, 102, -131, -1185, -136, 
302, -136, -439, -82, 370, -287, -43, 219, 112, -131, -1185, -136, 
302, -136, -439, -82, 370, -287, -39, 219, 112, -117, -1185, -141, 
312, -141, -453, -85, 383, -297, -29, 219, 126, -112, -1185, -151, 
312, -136, -448, -87, 380, -292, -34, 219, 126, -112, -1185, -151, 
312, -131, -444, -90, 378, -287, -39, 219, 131, -117, -1185, -146, 
307, -136, -444, -85, 375, -290, -39, 224, 136, -117, -1176, -131, 
317, -122, -439, -97, 378, -280, -29, 214, 131, -122, -1171, -122, 
322, -122, -444, -100, 383, -283, -29, 214, 136, -117, -1171, -122, 
322, -117, -439, -102, 380, -278, -29, 224, 141, -112, -1171, -122, 
322, -112, -434, -104, 378, -273, -39, 224, 146, -107, -1161, -117, 
322, -102, -424, -109, 373, -263, -48, 219, 151, -112, -1146, -102, 
322, -102, -424, -109, 373, -263, -48, 219, 151, -112, -1146, -97, 
322, -92, -414, -114, 368, -253, -48, 224, 156, -107, -1146, -97, 
322, -92, -414, -114, 368, -253, -48, 224, 161, -102, -1141, -102, 
331, -92, -424, -119, 378, -258, -48, 219, 165, -92, -1151, -112, 
331, -92, -424, -119, 378, -258, -48, 219, 180, -87, -1146, -107, 
331, -82, -414, -124, 373, -248, -39, 229, 190, -78, -1141, -107, 
336, -78, -414, -129, 375, -246, -39, 229, 195, -68, -1137, -102, 
326, -78, -405, -124, 366, -241, -43, 229, 195, -78, -1146, -107, 
326, -82, -409, -122, 368, -246, -48, 229, 195, -78, -1137, -102, 
331, -82, -414, -124, 373, -248, -48, 234, 204, -63, -1137, -102, 
331, -82, -414, -124, 373, -248, -48, 239, 214, -48, -1132, -97, 
326, -68, -395, -129, 361, -231, -48, 239, 214, -53, -1127, -97, 
326, -58, -385, -134, 356, -222, -43, 239, 214, -53, -1122, -92, 
326, -43, -370, -141, 348, -207, -43, 244, 224, -53, -1117, -87, 
326, -39, -366, -143, 346, -202, -48, 244, 229, -58, -1112, -78, 
336, -34, -370, -151, 353, -202, -48, 244, 239, -43, -1107, -78, 
336, -29, -366, -153, 351, -197, -48, 244, 239, -34, -1102, -73, 
336, -29, -366, -153, 351, -197, -48, 253, 253, -29, -1102, -73, 
336, -24, -361, -156, 348, -192, -48, 253, 258, -24, -1098, -73, 
336, -14, -351, -161, 344, -183, -39, 253, 268, -19, -1088, -73, 
336, -4, -341, -165, 339, -173, -39, 258, 273, -9, -1083, -73, 
336, -19, -356, -158, 346, -187, -39, 263, 278, 4, -1083, -73, 
336, -24, -361, -156, 348, -192, -39, 263, 287, 9, -1078, -68, 
346, -9, -356, -168, 351, -183, -48, 253, 278, 9, -1083, -78, 
346, -4, -351, -170, 348, -178, -43, 253, 283, 4, -1088, -73, 
346, -4, -351, -170, 348, -178, -43, 258, 292, 0, -1083, -73, 
346, 4, -341, -175, 344, -168, -48, 258, 292, -4, -1088, -73, 
361, 14, -346, -187, 353, -165, -53, 263, 287, -14, -1088, -58, 
361, 14, -346, -187, 353, -165, -53, 263, 287, 0, -1088, -58, 
361, 14, -346, -187, 353, -165, -53, 263, 292, 0, -1078, -48, 
361, 19, -341, -190, 351, -161, -53, 263, 292, -4, -1078, -43, 
361, 24, -336, -192, 348, -156, -48, 263, 302, -9, -1083, -43, 
361, 24, -336, -192, 348, -156, -48, 263, 307, -9, -1083, -48, 
366, 19, -346, -192, 356, -163, -53, 263, 307, -9, -1093, -63, 
366, 14, -351, -190, 358, -168, -53, 263, 307, -14, -1093, -68, 
370, 19, -351, -195, 361, -165, -58, 253, 307, -4, -1078, -63, 
370, 24, -346, -197, 358, -161, -58, 253, 307, 0, -1078, -58, 
375, 29, -346, -202, 361, -158, -58, 253, 307, 4, -1078, -53, 
375, 34, -341, -204, 358, -153, -58, 253, 307, 4, -1078, -53, 
366, 29, -336, -197, 351, -153, -58, 253, 297, 0, -1073, -53, 
366, 19, -346, -192, 356, -163, -63, 248, 292, -4, -1073, -53, 
366, 19, -346, -192, 356, -163, -63, 244, 283, -19, -1073, -53, 
370, 29, -341, -200, 356, -156, -63, 239, 273, -24, -1073, -58, 
375, 19, -356, -197, 366, -168, -63, 239, 268, -19, -1088, -68, 
375, 14, -361, -195, 368, -173, -63, 229, 258, -29, -1098, -73, 
380, 14, -366, -197, 373, -175, -73, 229, 248, -39, -1107, -78, 
385, 0, -385, -192, 385, -192, -73, 224, 239, -43, -1117, -82, 
385, 0, -385, -192, 385, -192, -73, 219, 219, -43, -1117, -97, 
385, -14, -400, -185, 392, -207, -73, 214, 209, -58, -1122, -97, 
390, -24, -414, -183, 402, -219, -73, 209, 190, -68, -1132, -102, 
390, -29, -419, -180, 405, -224, -73, 209, 180, -82, -1137, -112, 
380, -48, -429, -165, 405, -239, -78, 204, 161, -92, -1141, -112, 
380, -68, -448, -156, 414, -258, -78, 200, 146, -107, -1161, -126, 
385, -87, -473, -148, 429, -280, -73, 190, 136, -117, -1166, -141, 
385, -107, -492, -139, 439, -300, -68, 190, 131, -126, -1176, -141, 
390, -97, -488, -146, 439, -292, -78, 190, 112, -136, -1190, -141, 
390, -102, -492, -143, 441, -297, -78, 185, 97, -151, -1190, -156, 
390, -107, -497, -141, 444, -302, -78, 180, 78, -165, -1195, -165, 
390, -117, -507, -136, 448, -312, -78, 175, 78, -180, -1205, -170, 
380, -126, -507, -126, 444, -317, -68, 175, 82, -170, -1215, -185, 
380, -141, -522, -119, 451, -331, -68, 170, 73, -180, -1220, -185, 
375, -146, -522, -114, 448, -334, -63, 165, 68, -195, -1220, -190, 
375, -151, -527, -112, 451, -339, -63, 165, 53, -200, -1229, -190, 
380, -141, -522, -119, 451, -331, -68, 161, 39, -209, -1234, -190, 
385, -146, -531, -119, 458, -339, -68, 156, 34, -219, -1249, -195, 
385, -151, -536, -117, 461, -344, -68, 156, 24, -224, -1254, -204, 
380, -151, -531, -114, 456, -341, -68, 151, 14, -229, -1259, -204, 
380, -161, -541, -109, 461, -351, -58, 161, 14, -219, -1263, -214, 
380, -165, -546, -107, 463, -356, -58, 161, 14, -224, -1263, -219, 
380, -170, -551, -104, 466, -361, -58, 161, 14, -224, -1259, -219, 
375, -175, -551, -100, 463, -363, -58, 156, 4, -224, -1259, -224, 
375, -180, -556, -97, 466, -368, -68, 156, -9, -229, -1268, -229, 
375, -190, -566, -92, 470, -378, -63, 156, -9, -229, -1268, -229, 
375, -200, -575, -87, 475, -387, -58, 156, -9, -229, -1263, -229, 
380, -200, -580, -90, 480, -390, -58, 156, -9, -234, -1263, -229, 
390, -214, -605, -87, 497, -409, -48, 151, -9, -244, -1278, -234, 
385, -214, -600, -85, 492, -407, -48, 151, -19, -244, -1283, -234, 
385, -214, -600, -85, 492, -407, -48, 151, -19, -244, -1283, -234, 
385, -209, -595, -87, 490, -402, -48, 151, -24, -253, -1288, -239, 
385, -219, -605, -82, 495, -412, -48, 156, -19, -263, -1278, -239, 
385, -219, -605, -82, 495, -412, -48, 156, -19, -258, -1278, -239, 
380, -219, -600, -80, 490, -409, -43, 156, -19, -258, -1278, -239, 
380, -219, -600, -80, 490, -409, -43, 151, -19, -263, -1283, -244, 
380, -214, -595, -82, 488, -405, -53, 141, -39, -253, -1283, -248, 
380, -219, -600, -80, 490, -409, -53, 141, -39, -258, -1283, -248, 
380, -219, -600, -80, 490, -409, -58, 141, -39, -258, -1283, -248, 
380, -219, -600, -80, 490, -409, -58, 141, -39, -268, -1293, -248, 
375, -229, -605, -73, 490, -417, -58, 136, -39, -268, -1293, -258, 
375, -224, -600, -75, 488, -412, -58, 136, -39, -268, -1293, -258, 
380, -224, -605, -78, 492, -414, -58, 136, -39, -268, -1298, -253, 
380, -224, -605, -78, 492, -414, -58, 136, -43, -268, -1298, -253, 
390, -224, -614, -82, 502, -419, -58, 136, -34, -268, -1298, -263, 
390, -224, -614, -82, 502, -419, -53, 136, -34, -258, -1298, -263, 
385, -224, -610, -80, 497, -417, -48, 136, -34, -258, -1293, -258, 
385, -224, -610, -80, 497, -417, -48, 136, -34, -258, -1288, -258, 
375, -219, -595, -78, 485, -407, -53, 136, -43, -268, -1293, -248, 
375, -219, -595, -78, 485, -407, -53, 131, -43, -273, -1293, -248, 
375, -229, -605, -73, 490, -417, -53, 131, -43, -278, -1298, -248, 
380, -229, -610, -75, 495, -419, -53, 136, -43, -273, -1302, -258, 
390, -224, -614, -82, 502, -419, -53, 136, -48, -273, -1302, -268, 
385, -224, -610, -80, 497, -417, -53, 131, -48, -273, -1302, -263, 
380, -224, -605, -78, 492, -414, -53, 131, -53, -273, -1298, -258, 
380, -224, -605, -78, 492, -414, -48, 131, -53, -273, -1298, -258, 
380, -224, -605, -78, 492, -414, -48, 131, -53, -273, -1288, -258, 
380, -224, -605, -78, 492, -414, -53, 131, -53, -273, -1288, -258, 
380, -224, -605, -78, 492, -414, -53, 131, -53, -278, -1288, -258, 
375, -229, -605, -73, 490, -417, -53, 131, -53, -287, -1283, -258, 
380, -229, -610, -75, 495, -419, -53, 131, -53, -283, -1288, -258, 
395, -224, -619, -85, 507, -422, -53, 131, -53, -287, -1288, -253, 
400, -224, -624, -87, 512, -424, -53, 131, -53, -287, -1293, -248, 
405, -224, -629, -90, 517, -427, -53, 131, -58, -287, -1302, -244, 
400, -224, -624, -87, 512, -424, -53, 131, -58, -283, -1302, -248, 
395, -219, -614, -87, 505, -417, -53, 131, -58, -278, -1298, -253, 
395, -219, -614, -87, 505, -417, -48, 131, -53, -273, -1298, -258, 
395, -224, -619, -85, 507, -422, -48, 131, -53, -263, -1307, -273, 
385, -239, -624, -73, 505, -431, -48, 141, -48, -273, -1307, -283, 
385, -244, -629, -70, 507, -436, -48, 141, -43, -278, -1302, -278, 
385, -253, -639, -65, 512, -446, -48, 141, -39, -278, -1298, -273, 
385, -263, -649, -61, 517, -456, -48, 141, -34, -278, -1298, -273, 
385, -253, -639, -65, 512, -446, -48, 131, -43, -268, -1288, -273, 
385, -244, -629, -70, 507, -436, -48, 131, -43, -268, -1288, -268, 
385, -234, -619, -75, 502, -427, -48, 131, -43, -268, -1288, -258, 
385, -214, -600, -85, 492, -407, -48, 131, -43, -268, -1288, -253, 
375, -214, -590, -80, 483, -402, -48, 131, -43, -278, -1293, -263, 
375, -219, -595, -78, 485, -407, -48, 131, -43, -278, -1293, -263, 
375, -229, -605, -73, 490, -417, -48, 131, -43, -278, -1293, -263, 
375, -234, -610, -70, 492, -422, -48, 131, -43, -278, -1293, -268, 
380, -234, -614, -73, 497, -424, -48, 141, -48, -292, -1293, -268, 
385, -234, -619, -75, 502, -427, -48, 141, -48, -302, -1288, -263, 
390, -234, -624, -78, 507, -429, -48, 141, -48, -307, -1288, -263, 
390, -239, -629, -75, 509, -434, -48, 141, -48, -307, -1288, -263, 
390, -239, -629, -75, 509, -434, -58, 131, -48, -292, -1293, -273, 
400, -239, -639, -80, 519, -439, -58, 131, -53, -283, -1293, -273, 
400, -234, -634, -82, 517, -434, -58, 131, -53, -278, -1293, -273, 
400, -224, -624, -87, 512, -424, -53, 131, -53, -273, -1293, -273, 
405, -219, -624, -92, 514, -422, -53, 141, -53, -278, -1283, -273, 
409, -219, -629, -95, 519, -424, -53, 141, -53, -283, -1283, -273, 
409, -229, -639, -90, 524, -434, -53, 141, -48, -287, -1283, -273, 
414, -229, -644, -92, 529, -436, -53, 141, -48, -297, -1283, -273, 
409, -239, -649, -85, 529, -444, -53, 151, -48, -297, -1293, -273, 
409, -239, -649, -85, 529, -444, -53, 151, -48, -297, -1302, -278, 
409, -239, -649, -85, 529, -444, -53, 151, -53, -297, -1307, -278, 
409, -239, -649, -85, 529, -444, -53, 151, -53, -292, -1307, -278, 
414, -229, -644, -92, 529, -436, -53, 146, -53, -292, -1298, -278, 
419, -229, -649, -95, 534, -439, -53, 141, -53, -297, -1298, -278, 
424, -229, -653, -97, 539, -441, -53, 136, -48, -302, -1298, -278, 
429, -229, -658, -100, 544, -444, -53, 131, -48, -302, -1298, -273, 
414, -229, -644, -92, 529, -436, -43, 131, -48, -292, -1288, -283, 
414, -229, -644, -92, 529, -436, -43, 131, -48, -283, -1288, -287, 
419, -229, -649, -95, 534, -439, -43, 131, -43, -278, -1288, -287, 
419, -229, -649, -95, 534, -439, -43, 136, -43, -273, -1288, -287, 
429, -229, -658, -100, 544, -444, -53, 146, -48, -278, -1298, -278, 
429, -229, -658, -100, 544, -444, -53, 141, -53, -283, -1293, -273, 
429, -229, -658, -100, 544, -444, -58, 141, -63, -287, -1293, -273, 
434, -229, -663, -102, 549, -446, -58, 141, -68, -292, -1293, -273, 
434, -229, -663, -102, 549, -446, -63, 131, -58, -297, -1302, -283, 
434, -224, -658, -104, 546, -441, -63, 131, -53, -302, -1298, -283, 
434, -219, -653, -107, 544, -436, -63, 131, -53, -307, -1298, -283, 
434, -214, -649, -109, 541, -431, -63, 131, -53, -312, -1298, -287, 
444, -219, -663, -112, 553, -441, -63, 146, -53, -297, -1293, -292, 
444, -219, -663, -112, 553, -441, -63, 146, -53, -292, -1293, -292, 
439, -224, -663, -107, 551, -444, -63, 146, -53, -287, -1293, -287, 
434, -224, -658, -104, 546, -441, -63, 141, -53, -283, -1288, -287, 
439, -209, -649, -114, 544, -429, -58, 131, -63, -287, -1288, -287, 
448, -204, -653, -122, 551, -429, -58, 136, -58, -287, -1288, -287, 
458, -200, -658, -129, 558, -429, -58, 136, -53, -287, -1288, -287, 
463, -195, -658, -134, 561, -427, -58, 136, -53, -287, -1288, -287, 
463, -185, -649, -139, 556, -417, -48, 151, -43, -283, -1283, -278, 
463, -180, -644, -141, 553, -412, -48, 151, -39, -278, -1273, -278, 
463, -170, -634, -146, 549, -402, -48, 151, -29, -268, -1268, -278, 
463, -170, -634, -146, 549, -402, -48, 156, -14, -258, -1263, -273, 
473, -170, -644, -151, 558, -407, -48, 156, -24, -258, -1259, -263, 
478, -170, -649, -153, 563, -409, -48, 156, -24, -258, -1249, -258, 
473, -165, -639, -153, 556, -402, -48, 156, -24, -263, -1249, -258, 
478, -165, -644, -156, 561, -405, -48, 156, -24, -273, -1254, -258, 
468, -170, -639, -148, 553, -405, -48, 165, -19, -273, -1259, -268, 
478, -175, -653, -151, 566, -414, -48, 165, -19, -273, -1263, -268, 
478, -180, -658, -148, 568, -419, -48, 165, -19, -273, -1268, -268, 
478, -175, -653, -151, 566, -414, -48, 165, -19, -273, -1273, -268, 
483, -180, -663, -151, 573, -422, -58, 161, -24, -278, -1273, -273, 
478, -175, -653, -151, 566, -414, -58, 156, -29, -278, -1273, -278, 
478, -175, -653, -151, 566, -414, -58, 151, -34, -278, -1273, -283, 
478, -175, -653, -151, 566, -414, -58, 146, -34, -278, -1278, -287, 
478, -180, -658, -148, 568, -419, -73, 146, -39, -287, -1288, -292, 
478, -180, -658, -148, 568, -419, -78, 141, -43, -292, -1283, -297, 
478, -185, -663, -146, 570, -424, -82, 141, -48, -302, -1283, -297, 
473, -195, -668, -139, 570, -431, -82, 141, -48, -317, -1283, -297, 
478, -200, -678, -139, 578, -439, -92, 136, -58, -317, -1288, -307, 
483, -200, -683, -141, 583, -441, -102, 131, -68, -312, -1293, -307, 
488, -200, -688, -143, 588, -444, -112, 122, -73, -307, -1298, -307, 
492, -204, -697, -143, 595, -451, -112, 117, -78, -302, -1307, -307, 
497, -209, -707, -143, 602, -458, -112, 117, -92, -317, -1307, -307, 
502, -214, -717, -143, 610, -466, -112, 112, -92, -317, -1307, -317, 
507, -214, -722, -146, 614, -468, -107, 112, -97, -317, -1302, -317, 
512, -214, -727, -148, 619, -470, -102, 117, -97, -317, -1302, -312, 
502, -224, -727, -139, 614, -475, -92, 117, -97, -331, -1317, -312, 
497, -229, -727, -134, 612, -478, -92, 117, -97, -336, -1322, -317, 
488, -244, -732, -122, 610, -488, -92, 117, -102, -341, -1327, -326, 
483, -263, -746, -109, 614, -505, -92, 117, -107, -351, -1332, -331, 
483, -253, -736, -114, 610, -495, -82, 122, -102, -341, -1337, -336, 
488, -248, -736, -119, 612, -492, -82, 122, -102, -336, -1337, -336, 
488, -244, -732, -122, 610, -488, -82, 122, -102, -331, -1332, -336, 
488, -244, -732, -122, 610, -488, -82, 126, -102, -326, -1332, -336, 
497, -229, -727, -134, 612, -478, -82, 136, -92, -336, -1327, -326, 
492, -229, -722, -131, 607, -475, -73, 136, -87, -331, -1322, -317, 
492, -219, -712, -136, 602, -466, -73, 136, -82, -331, -1317, -312, 
497, -209, -707, -143, 602, -458, -73, 136, -78, -336, -1312, -312, 
497, -204, -702, -146, 600, -453, -73, 136, -68, -336, -1302, -302, 
497, -200, -697, -148, 597, -448, -78, 136, -68, -336, -1302, -302, 
502, -195, -697, -153, 600, -446, -78, 131, -73, -336, -1302, -307, 
507, -185, -692, -161, 600, -439, -78, 131, -73, -336, -1302, -307, 
502, -200, -702, -151, 602, -451, -78, 122, -78, -326, -1302, -302, 
497, -204, -702, -146, 600, -453, -78, 126, -82, -326, -1307, -302, 
492, -209, -702, -141, 597, -456, -78, 126, -87, -326, -1312, -312, 
488, -214, -702, -136, 595, -458, -78, 122, -92, -331, -1322, -312, 
488, -239, -727, -124, 607, -483, -58, 122, -97, -341, -1337, -331, 
483, -248, -732, -117, 607, -490, -58, 122, -97, -341, -1327, -336, 
483, -239, -722, -122, 602, -480, -58, 117, -97, -331, -1312, -336, 
483, -239, -722, -122, 602, -480, -63, 117, -97, -326, -1322, -341, 
488, -244, -732, -122, 610, -488, -68, 117, -107, -331, -1327, -351, 
497, -234, -732, -131, 614, -483, -78, 117, -107, -341, -1327, -346, 
497, -234, -732, -131, 614, -483, -78, 117, -107, -341, -1327, -341, 
497, -234, -732, -131, 614, -483, -78, 117, -107, -341, -1327, -336, 
497, -234, -732, -131, 614, -483, -78, 117, -107, -341, -1327, -331, 
497, -244, -741, -126, 619, -492, -73, 117, -107, -336, -1337, -341, 
492, -248, -741, -122, 617, -495, -68, 117, -112, -341, -1337, -346, 
488, -253, -741, -117, 614, -497, -63, 117, -112, -346, -1337, -346, 
488, -253, -741, -117, 614, -497, -58, 112, -107, -356, -1337, -346, 
497, -239, -736, -129, 617, -488, -68, 112, -117, -346, -1342, -346, 
497, -239, -736, -129, 617, -488, -68, 112, -117, -346, -1342, -346, 
488, -234, -722, -126, 605, -478, -68, 112, -117, -351, -1342, -346, 
488, -234, -722, -126, 605, -478, -68, 112, -117, -351, -1342, -346, 
488, -244, -732, -122, 610, -488, -68, 117, -117, -356, -1332, -341, 
488, -244, -732, -122, 610, -488, -68, 117, -117, -356, -1332, -336, 
488, -244, -732, -122, 610, -488, -63, 117, -117, -361, -1332, -331, 
483, -248, -732, -117, 607, -490, -58, 117, -117, -366, -1332, -326, 
473, -248, -722, -112, 597, -485, -53, 117, -107, -366, -1342, -336, 
483, -248, -732, -117, 607, -490, -53, 112, -107, -375, -1342, -336, 
483, -248, -732, -117, 607, -490, -58, 112, -112, -375, -1342, -336, 
483, -248, -732, -117, 607, -490, -63, 112, -112, -370, -1342, -336, 
492, -248, -741, -122, 617, -495, -63, 117, -117, -366, -1342, -341, 
488, -244, -732, -122, 610, -488, -63, 117, -117, -361, -1342, -341, 
488, -239, -727, -124, 607, -483, -63, 117, -117, -356, -1342, -341, 
488, -234, -722, -126, 605, -478, -63, 112, -117, -351, -1342, -341, 
488, -239, -727, -124, 607, -483, -63, 112, -117, -361, -1346, -346, 
488, -244, -732, -122, 610, -488, -58, 117, -117, -356, -1351, -356, 
488, -248, -736, -119, 612, -492, -58, 117, -117, -356, -1351, -361, 
488, -253, -741, -117, 614, -497, -58, 117, -117, -361, -1346, -366, 
488, -248, -736, -119, 612, -492, -68, 117, -107, -351, -1342, -351, 
483, -248, -732, -117, 607, -490, -68, 117, -107, -351, -1342, -351, 
478, -248, -727, -114, 602, -488, -68, 112, -107, -351, -1342, -356, 
478, -248, -727, -114, 602, -488, -68, 107, -112, -361, -1346, -356, 
488, -248, -736, -119, 612, -492, -58, 107, -122, -370, -1346, -351, 
483, -248, -732, -117, 607, -490, -58, 107, -122, -361, -1342, -346, 
483, -248, -732, -117, 607, -490, -58, 107, -122, -361, -1342, -346, 
478, -248, -727, -114, 602, -488, -53, 107, -122, -361, -1342, -351, 
488, -239, -727, -124, 607, -483, -53, 117, -112, -351, -1327, -351, 
488, -239, -727, -124, 607, -483, -58, 117, -112, -351, -1327, -356, 
488, -239, -727, -124, 607, -483, -58, 117, -112, -356, -1332, -356, 
488, -239, -727, -124, 607, -483, -58, 122, -107, -356, -1332, -351, 
478, -239, -717, -119, 597, -478, -58, 117, -112, -356, -1342, -351, 
478, -239, -717, -119, 597, -478, -58, 112, -117, -361, -1342, -351, 
478, -244, -722, -117, 600, -483, -58, 107, -122, -366, -1342, -361, 
478, -244, -722, -117, 600, -483, -58, 102, -126, -370, -1337, -351, 
488, -239, -727, -124, 607, -483, -58, 112, -117, -370, -1337, -341, 
488, -239, -727, -124, 607, -483, -58, 112, -117, -370, -1337, -346, 
488, -239, -727, -124, 607, -483, -58, 112, -117, -370, -1337, -346, 
488, -239, -727, -124, 607, -483, -58, 112, -117, -370, -1337, -346, 
497, -248, -746, -124, 622, -497, -58, 112, -126, -361, -1346, -346, 
497, -244, -741, -126, 619, -492, -58, 112, -126, -361, -1346, -341, 
497, -244, -741, -126, 619, -492, -58, 107, -126, -361, -1342, -341, 
497, -248, -746, -124, 622, -497, -58, 107, -126, -356, -1342, -341, 
497, -239, -736, -129, 617, -488, -48, 117, -122, -356, -1342, -351, 
497, -239, -736, -129, 617, -488, -48, 117, -117, -356, -1342, -351, 
497, -234, -732, -131, 614, -483, -48, 117, -112, -356, -1342, -351, 
497, -234, -732, -131, 614, -483, -48, 117, -107, -356, -1342, -351, 
497, -248, -746, -124, 622, -497, -48, 107, -107, -356, -1342, -351, 
497, -253, -751, -122, 624, -502, -43, 107, -107, -356, -1337, -351, 
497, -258, -756, -119, 627, -507, -43, 107, -102, -356, -1337, -351, 
502, -253, -756, -124, 629, -505, -43, 107, -102, -356, -1337, -351, 
492, -239, -732, -126, 612, -485, -48, 107, -117, -361, -1342, -351, 
492, -234, -727, -129, 610, -480, -58, 107, -122, -366, -1342, -351, 
492, -229, -722, -131, 607, -475, -63, 112, -126, -370, -1337, -351, 
492, -229, -722, -131, 607, -475, -68, 112, -131, -380, -1337, -351, 
502, -229, -732, -136, 617, -480, -58, 122, -126, -370, -1327, -341, 
502, -219, -722, -141, 612, -470, -58, 122, -122, -366, -1327, -341, 
502, -219, -722, -141, 612, -470, -58, 122, -117, -366, -1327, -346, 
502, -224, -727, -139, 614, -475, -53, 122, -107, -361, -1327, -346, 
502, -234, -736, -134, 619, -485, -53, 112, -107, -361, -1327, -346, 
502, -234, -736, -134, 619, -485, -53, 112, -107, -356, -1322, -351, 
502, -234, -736, -134, 619, -485, -53, 112, -107, -356, -1337, -361, 
502, -234, -736, -134, 619, -485, -53, 112, -107, -356, -1342, -366, 
502, -234, -736, -134, 619, -485, -53, 122, -107, -351, -1332, -366, 
502, -234, -736, -134, 619, -485, -53, 122, -107, -351, -1332, -361, 
502, -234, -736, -134, 619, -485, -53, 122, -107, -351, -1332, -361, 
502, -229, -732, -136, 617, -480, -58, 122, -107, -351, -1332, -356, 
522, -209, -732, -156, 627, -470, -58, 112, -122, -351, -1307, -326, 
512, -200, -712, -156, 612, -456, -63, 102, -131, -331, -1307, -326, 
507, -204, -712, -151, 610, -458, -73, 102, -136, -341, -1317, -336, 
522, -195, -717, -163, 619, -456, -92, 82, -146, -366, -1317, -326, 
541, -151, -692, -195, 617, -422, -112, 68, -151, -341, -1288, -302, 
556, -122, -678, -217, 617, -400, -136, 78, -151, -287, -1249, -263, 
570, -107, -678, -231, 624, -392, -156, 107, -117, -234, -1195, -234, 
590, -92, -683, -248, 636, -387, -170, 141, -82, -190, -1141, -190, 
614, -87, -702, -263, 658, -395, -219, 151, -68, -146, -1093, -146, 
649, -73, -722, -287, 685, -397, -258, 175, -43, -112, -1039, -97, 
697, -43, -741, -326, 719, -392, -307, 185, -43, -107, -1000, -58, 
756, -4, -761, -375, 758, -383, -385, 156, -112, -126, -966, -24, 
829, 24, -805, -427, 817, -390, -463, 117, -214, -136, -936, -4, 
863, 24, -839, -444, 851, -407, -492, 87, -331, -136, -946, -9, 
878, 14, -863, -446, 871, -424, -497, 63, -458, -165, -976, -29, 
883, -14, -897, -434, 890, -456, -483, 43, -556, -214, -1015, -63, 
883, -43, -927, -419, 905, -485, -453, 39, -624, -278, -1068, -97, 
863, -87, -951, -387, 907, -519, -409, 24, -688, -351, -1151, -161, 
829, -151, -980, -339, 905, -566, -346, 14, -741, -444, -1254, -234, 
800, -195, -995, -302, 897, -595, -283, -19, -771, -512, -1322, -292, 
746, -248, -995, -248, 871, -622, -239, -82, -795, -570, -1385, -346, 
692, -322, -1015, -185, 854, -668, -200, -161, -834, -649, -1473, -414, 
624, -439, -1063, -92, 844, -751, -136, -204, -888, -761, -1605, -536, 
541, -570, -1112, 14, 827, -841, -63, -214, -932, -893, -1742, -663, 
502, -634, -1137, 65, 819, -885, -43, -224, -976, -956, -1820, -727, 
483, -629, -1112, 73, 797, -871, -68, -234, -985, -956, -1815, -712, 
458, -619, -1078, 80, 768, -849, -78, -224, -956, -917, -1781, -673, 
434, -639, -1073, 102, 753, -856, -73, -209, -912, -893, -1761, -668, 
424, -649, -1073, 112, 749, -861, -78, -170, -863, -858, -1732, -649, 
444, -629, -1073, 92, 758, -851, -78, -151, -795, -800, -1688, -624, 
458, -600, -1058, 70, 758, -829, -82, -112, -707, -751, -1668, -605, 
453, -590, -1044, 68, 749, -817, -73, -73, -619, -707, -1639, -600, 
453, -561, -1015, 53, 734, -788, -63, -24, -551, -668, -1610, -590, 
473, -531, -1005, 29, 739, -768, -63, 34, -478, -619, -1566, -561, 
483, -488, -971, 2, 727, -729, -58, 82, -405, -580, -1532, -527, 
492, -453, -946, -19, 719, -700, -34, 112, -351, -570, -1493, -492, 
488, -439, -927, -24, 707, -683, -19, 131, -336, -561, -1459, -458, 
492, -405, -897, -43, 695, -651, -14, 122, -322, -507, -1444, -429, 
488, -385, -873, -51, 680, -629, -14, 112, -283, -448, -1429, -424, 
492, -366, -858, -63, 675, -612, -9, 117, -239, -439, -1424, -424, 
497, -356, -854, -70, 675, -605, -34, 107, -219, -448, -1405, -400, 
502, -331, -834, -85, 668, -583, -48, 107, -185, -405, -1371, -370, 
507, -312, -819, -97, 663, -566, -43, 126, -131, -361, -1342, -356, 
517, -268, -785, -124, 651, -527, -34, 156, -87, -341, -1317, -351, 
527, -239, -766, -143, 646, -502, -39, 170, -68, -351, -1312, -351, 
507, -234, -741, -136, 624, -488, -48, 161, -68, -341, -1317, -356, 
517, -239, -756, -139, 636, -497, -48, 161, -68, -317, -1307, -346, 
527, -234, -761, -146, 644, -497, -43, 156, -68, -297, -1302, -336, 
517, -224, -741, -146, 629, -483, -48, 151, -68, -317, -1293, -317, 
517, -229, -746, -143, 631, -488, -48, 141, -87, -331, -1298, -326, 
527, -239, -766, -143, 646, -502, -39, 136, -78, -322, -1293, -322, 
517, -229, -746, -143, 631, -488, -39, 146, -63, -312, -1302, -326, 
512, -229, -741, -141, 627, -485, -39, 151, -58, -312, -1302, -326, 
512, -229, -741, -141, 627, -485, -39, 156, -43, -297, -1298, -322, 
517, -224, -741, -146, 629, -483, -39, 165, -29, -292, -1293, -322, 
517, -214, -732, -151, 624, -473, -48, 156, -39, -292, -1278, -312, 
522, -209, -732, -156, 627, -470, -53, 161, -43, -287, -1273, -307, 
522, -200, -722, -161, 622, -461, -53, 161, -48, -287, -1268, -302, 
522, -190, -712, -165, 617, -451, -53, 156, -63, -297, -1268, -302, 
522, -195, -717, -163, 619, -456, -53, 146, -68, -307, -1278, -302, 
522, -200, -722, -161, 622, -461, -53, 146, -68, -312, -1283, -302, 
522, -204, -727, -158, 624, -466, -48, 146, -68, -317, -1293, -302, 
517, -209, -727, -153, 622, -468, -48, 146, -53, -317, -1298, -302, 
507, -219, -727, -143, 617, -473, -58, 156, -53, -317, -1283, -302, 
507, -219, -727, -143, 617, -473, -63, 156, -43, -312, -1278, -302, 
512, -219, -732, -146, 622, -475, -63, 156, -43, -302, -1278, -302, 
512, -214, -727, -148, 619, -470, -63, 156, -43, -297, -1268, -302, 
512, -200, -712, -156, 612, -456, -53, 156, -39, -297, -1268, -297, 
507, -200, -707, -153, 607, -453, -53, 156, -39, -302, -1273, -297, 
507, -204, -712, -151, 610, -458, -53, 156, -43, -312, -1273, -297, 
507, -204, -712, -151, 610, -458, -53, 156, -43, -312, -1273, -297, 
497, -209, -707, -143, 602, -458, -43, 165, -34, -297, -1263, -302, 
502, -214, -717, -143, 610, -466, -43, 165, -29, -292, -1263, -302, 
502, -219, -722, -141, 612, -470, -48, 165, -29, -292, -1263, -302, 
497, -224, -722, -136, 610, -473, -48, 165, -29, -292, -1259, -297, 
502, -219, -722, -141, 612, -470, -48, 165, -29, -273, -1249, -297, 
507, -209, -717, -148, 612, -463, -48, 165, -29, -273, -1249, -297, 
512, -200, -712, -156, 612, -456, -48, 165, -29, -273, -1249, -297, 
517, -185, -702, -165, 610, -444, -48, 165, -29, -273, -1244, -292, 
527, -185, -712, -170, 619, -448, -48, 156, -29, -283, -1254, -283, 
527, -190, -717, -168, 622, -453, -48, 156, -29, -292, -1254, -283, 
527, -190, -717, -168, 622, -453, -48, 156, -29, -297, -1259, -283, 
527, -190, -717, -168, 622, -453, -48, 161, -24, -297, -1259, -283, 
527, -200, -727, -163, 627, -463, -48, 170, -24, -283, -1263, -287, 
527, -195, -722, -165, 624, -458, -53, 170, -24, -283, -1263, -292, 
527, -195, -722, -165, 624, -458, -53, 170, -19, -278, -1263, -297, 
527, -195, -722, -165, 624, -458, -53, 170, -14, -273, -1263, -302, 
531, -185, -717, -173, 624, -451, -63, 170, -14, -273, -1259, -283, 
531, -175, -707, -178, 619, -441, -58, 170, -14, -273, -1254, -273, 
536, -175, -712, -180, 624, -444, -58, 170, -14, -273, -1249, -273, 
546, -175, -722, -185, 634, -448, -58, 170, -4, -263, -1249, -278, 
546, -175, -722, -185, 634, -448, -68, 170, -9, -273, -1249, -273, 
541, -175, -717, -183, 629, -446, -73, 175, -9, -278, -1244, -273, 
541, -165, -707, -187, 624, -436, -73, 175, -9, -278, -1234, -273, 
541, -156, -697, -192, 619, -427, -73, 175, -4, -273, -1229, -263, 
541, -165, -707, -187, 624, -436, -63, 190, 9, -263, -1239, -273, 
541, -170, -712, -185, 627, -441, -58, 190, 9, -263, -1239, -273, 
541, -170, -712, -185, 627, -441, -58, 185, 9, -258, -1239, -273, 
541, -165, -707, -187, 624, -436, -58, 185, 9, -253, -1234, -258, 
536, -161, -697, -187, 617, -429, -63, 190, 19, -263, -1220, -258, 
541, -156, -697, -192, 619, -427, -63, 190, 24, -263, -1220, -258, 
541, -151, -692, -195, 617, -422, -63, 190, 24, -263, -1220, -258, 
541, -141, -683, -200, 612, -412, -58, 195, 29, -258, -1210, -253, 
546, -131, -678, -207, 612, -405, -58, 204, 43, -248, -1205, -253, 
546, -131, -678, -207, 612, -405, -63, 204, 43, -248, -1205, -253, 
546, -126, -673, -209, 610, -400, -63, 209, 53, -248, -1205, -253, 
546, -126, -673, -209, 610, -400, -58, 209, 53, -234, -1205, -258, 
556, -136, -692, -209, 624, -414, -58, 209, 48, -239, -1215, -248, 
556, -126, -683, -214, 619, -405, -63, 209, 48, -239, -1215, -248, 
556, -117, -673, -219, 614, -395, -68, 209, 53, -244, -1215, -244, 
551, -117, -668, -217, 610, -392, -68, 214, 58, -244, -1205, -229, 
551, -112, -663, -219, 607, -387, -68, 214, 73, -234, -1200, -234, 
556, -112, -668, -222, 612, -390, -68, 214, 78, -224, -1200, -239, 
556, -107, -663, -224, 610, -385, -68, 224, 82, -214, -1200, -244, 
556, -102, -658, -226, 607, -380, -78, 224, 87, -204, -1190, -244, 
556, -92, -649, -231, 602, -370, -68, 229, 82, -200, -1180, -229, 
556, -92, -649, -231, 602, -370, -68, 229, 82, -200, -1176, -224, 
556, -82, -639, -236, 597, -361, -68, 234, 87, -195, -1171, -224, 
556, -82, -639, -236, 597, -361, -68, 234, 92, -190, -1161, -229, 
556, -82, -639, -236, 597, -361, -58, 248, 102, -185, -1171, -219, 
556, -82, -639, -236, 597, -361, -58, 248, 122, -185, -1166, -214, 
556, -73, -629, -241, 592, -351, -48, 258, 136, -180, -1161, -214, 
561, -68, -629, -246, 595, -348, -48, 258, 146, -175, -1156, -209, 
561, -53, -614, -253, 588, -334, -58, 248, 136, -180, -1156, -204, 
561, -53, -614, -253, 588, -334, -68, 248, 136, -185, -1146, -200, 
566, -48, -614, -258, 590, -331, -73, 253, 146, -175, -1146, -200, 
566, -43, -610, -261, 588, -326, -78, 258, 156, -165, -1141, -195, 
570, -39, -610, -265, 590, -324, -68, 268, 175, -161, -1127, -204, 
570, -39, -610, -265, 590, -324, -63, 268, 175, -151, -1122, -200, 
570, -34, -605, -268, 588, -319, -63, 273, 185, -141, -1117, -195, 
570, -39, -610, -265, 590, -324, -68, 273, 190, -136, -1112, -185, 
570, -29, -600, -270, 585, -314, -68, 273, 190, -131, -1117, -195, 
570, -19, -590, -275, 580, -305, -68, 273, 190, -122, -1112, -190, 
570, -14, -585, -278, 578, -300, -68, 283, 204, -117, -1112, -190, 
570, -4, -575, -283, 573, -290, -68, 283, 209, -112, -1107, -190, 
570, 0, -570, -285, 570, -285, -68, 283, 209, -122, -1098, -170, 
570, 14, -556, -292, 563, -270, -68, 287, 214, -117, -1093, -170, 
570, 4, -566, -287, 568, -280, -68, 292, 219, -107, -1093, -170, 
570, 4, -566, -287, 568, -280, -68, 292, 229, -107, -1088, -165, 
570, 14, -556, -292, 563, -270, -78, 292, 239, -102, -1088, -165, 
570, 24, -546, -297, 558, -261, -73, 292, 244, -102, -1088, -161, 
570, 29, -541, -300, 556, -256, -73, 297, 253, -102, -1078, -161, 
570, 43, -527, -307, 549, -241, -78, 297, 253, -102, -1078, -161, 
566, 48, -517, -307, 541, -234, -82, 302, 258, -102, -1078, -156, 
566, 43, -522, -305, 544, -239, -82, 302, 258, -87, -1078, -156, 
566, 39, -527, -302, 546, -244, -82, 302, 263, -87, -1068, -146, 
566, 39, -527, -302, 546, -244, -82, 302, 263, -92, -1068, -141, 
575, 58, -517, -317, 546, -229, -78, 292, 258, -92, -1058, -126, 
575, 63, -512, -319, 544, -224, -78, 292, 258, -87, -1054, -126, 
580, 63, -517, -322, 549, -226, -82, 292, 253, -82, -1058, -136, 
580, 63, -517, -322, 549, -226, -82, 292, 248, -82, -1054, -136, 
585, 53, -531, -319, 558, -239, -87, 292, 258, -92, -1063, -141, 
585, 53, -531, -319, 558, -239, -87, 292, 258, -87, -1068, -146, 
590, 53, -536, -322, 563, -241, -87, 292, 258, -82, -1073, -151, 
590, 53, -536, -322, 563, -241, -87, 292, 258, -82, -1078, -161, 
600, 48, -551, -324, 575, -251, -87, 283, 248, -78, -1083, -161, 
600, 39, -561, -319, 580, -261, -92, 278, 244, -82, -1083, -161, 
600, 39, -561, -319, 580, -261, -92, 273, 234, -97, -1083, -161, 
605, 48, -556, -326, 580, -253, -92, 268, 224, -102, -1083, -165, 
595, 39, -556, -317, 575, -258, -92, 268, 209, -112, -1093, -156, 
590, 34, -556, -312, 573, -261, -92, 258, 200, -126, -1098, -161, 
590, 34, -556, -312, 573, -261, -102, 258, 190, -141, -1102, -165, 
590, 19, -570, -305, 580, -275, -102, 253, 180, -151, -1107, -170, 
590, 9, -580, -300, 585, -285, -92, 248, 180, -141, -1117, -175, 
590, -4, -595, -292, 592, -300, -92, 244, 170, -156, -1122, -175, 
595, -14, -610, -290, 602, -312, -92, 239, 151, -165, -1132, -180, 
595, -19, -614, -287, 605, -317, -92, 239, 141, -180, -1137, -190, 
595, -24, -619, -285, 607, -322, -97, 234, 122, -175, -1132, -195, 
595, -39, -634, -278, 614, -336, -97, 229, 107, -185, -1151, -214, 
600, -53, -653, -273, 627, -353, -92, 219, 97, -190, -1156, -234, 
600, -68, -668, -265, 634, -368, -87, 219, 92, -195, -1166, -239, 
590, -63, -653, -263, 622, -358, -87, 209, 82, -209, -1180, -239, 
585, -73, -658, -256, 622, -366, -87, 204, 68, -219, -1180, -253, 
580, -82, -663, -248, 622, -373, -87, 200, 48, -229, -1185, -263, 
575, -97, -673, -239, 624, -385, -87, 195, 48, -239, -1195, -268, 
570, -117, -688, -226, 629, -402, -78, 195, 34, -253, -1195, -263, 
575, -131, -707, -222, 641, -419, -78, 190, 24, -268, -1200, -263, 
575, -136, -712, -219, 644, -424, -73, 185, 19, -287, -1200, -268, 
580, -141, -722, -219, 651, -431, -73, 185, 4, -297, -1210, -268, 
585, -141, -727, -222, 656, -434, -78, 180, 0, -292, -1224, -287, 
590, -146, -736, -222, 663, -441, -78, 175, -4, -297, -1239, -292, 
590, -151, -741, -219, 666, -446, -78, 175, -14, -297, -1244, -302, 
585, -151, -736, -217, 661, -444, -78, 170, -24, -297, -1249, -302, 
575, -146, -722, -214, 649, -434, -78, 161, -34, -302, -1249, -302, 
575, -146, -722, -214, 649, -434, -78, 161, -34, -312, -1254, -307, 
575, -146, -722, -214, 649, -434, -78, 161, -34, -317, -1254, -307, 
570, -146, -717, -212, 644, -431, -78, 156, -43, -322, -1259, -312, 
561, -151, -712, -204, 636, -431, -68, 161, -39, -322, -1249, -307, 
561, -161, -722, -200, 641, -441, -63, 165, -39, -317, -1249, -307, 
561, -170, -732, -195, 646, -451, -58, 170, -39, -312, -1244, -307, 
566, -170, -736, -197, 651, -453, -58, 175, -39, -312, -1244, -307, 
556, -175, -732, -190, 644, -453, -58, 161, -53, -331, -1254, -317, 
551, -175, -727, -187, 639, -451, -58, 161, -68, -331, -1263, -322, 
551, -175, -727, -187, 639, -451, -58, 161, -73, -331, -1268, -326, 
551, -170, -722, -190, 636, -446, -58, 161, -82, -341, -1278, -336, 
561, -175, -736, -192, 649, -456, -68, 156, -82, -341, -1268, -326, 
561, -180, -741, -190, 651, -461, -68, 156, -78, -336, -1268, -326, 
556, -185, -741, -185, 649, -463, -63, 156, -73, -336, -1268, -326, 
556, -190, -746, -183, 651, -468, -63, 151, -68, -341, -1273, -331, 
556, -185, -741, -185, 649, -463, -63, 151, -78, -341, -1273, -336, 
556, -190, -746, -183, 651, -468, -63, 151, -78, -346, -1273, -336, 
556, -190, -746, -183, 651, -468, -68, 151, -78, -346, -1273, -336, 
556, -190, -746, -183, 651, -468, -68, 151, -78, -356, -1283, -336, 
551, -195, -746, -178, 649, -470, -68, 156, -68, -356, -1293, -356, 
551, -195, -746, -178, 649, -470, -68, 156, -68, -356, -1293, -356, 
556, -200, -756, -178, 656, -478, -68, 156, -68, -356, -1298, -351, 
556, -204, -761, -175, 658, -483, -68, 156, -73, -356, -1298, -351, 
556, -200, -756, -178, 656, -478, -68, 146, -82, -356, -1293, -346, 
556, -195, -751, -180, 653, -473, -63, 146, -82, -346, -1288, -341, 
551, -190, -741, -180, 646, -466, -58, 146, -82, -346, -1278, -331, 
551, -185, -736, -183, 644, -461, -58, 146, -82, -346, -1268, -326, 
551, -180, -732, -185, 641, -456, -63, 146, -92, -341, -1273, -336, 
551, -180, -732, -185, 641, -456, -63, 141, -92, -341, -1273, -336, 
551, -190, -741, -180, 646, -466, -63, 141, -92, -341, -1278, -336, 
556, -190, -746, -183, 651, -468, -63, 146, -92, -331, -1283, -346, 
546, -200, -746, -173, 646, -473, -63, 146, -82, -341, -1283, -356, 
541, -204, -746, -168, 644, -475, -63, 141, -78, -341, -1283, -351, 
536, -209, -746, -163, 641, -478, -63, 141, -78, -341, -1278, -346, 
536, -214, -751, -161, 644, -483, -58, 141, -73, -341, -1278, -346, 
541, -209, -751, -165, 646, -480, -58, 151, -73, -336, -1268, -336, 
546, -204, -751, -170, 649, -478, -63, 151, -73, -331, -1268, -336, 
551, -200, -751, -175, 651, -475, -63, 151, -73, -331, -1268, -336, 
551, -200, -751, -175, 651, -475, -63, 151, -73, -336, -1263, -336, 
541, -200, -741, -170, 641, -470, -63, 141, -78, -346, -1259, -336, 
551, -195, -746, -178, 649, -470, -63, 141, -82, -356, -1259, -331, 
551, -195, -746, -178, 649, -470, -63, 141, -87, -361, -1263, -326, 
551, -195, -746, -178, 649, -470, -63, 141, -97, -366, -1273, -322, 
556, -200, -756, -178, 656, -478, -63, 151, -87, -356, -1273, -331, 
551, -200, -751, -175, 651, -475, -63, 151, -87, -356, -1268, -331, 
551, -204, -756, -173, 653, -480, -58, 151, -82, -356, -1268, -331, 
551, -214, -766, -168, 658, -490, -58, 151, -82, -351, -1278, -341, 
546, -209, -756, -168, 651, -483, -58, 151, -82, -351, -1278, -341, 
541, -204, -746, -168, 644, -475, -58, 151, -82, -356, -1273, -336, 
536, -204, -741, -165, 639, -473, -58, 151, -82, -356, -1268, -331, 
531, -204, -736, -163, 634, -470, -58, 151, -82, -356, -1268, -331, 
541, -209, -751, -165, 646, -480, -48, 161, -73, -356, -1268, -336, 
541, -214, -756, -163, 649, -485, -48, 161, -73, -356, -1268, -336, 
541, -219, -761, -161, 651, -490, -48, 161, -73, -356, -1268, -331, 
541, -214, -756, -163, 649, -485, -48, 161, -73, -356, -1268, -331, 
551, -200, -751, -175, 651, -475, -58, 151, -82, -346, -1273, -331, 
551, -200, -751, -175, 651, -475, -58, 151, -82, -346, -1273, -331, 
551, -204, -756, -173, 653, -480, -58, 151, -82, -346, -1273, -331, 
551, -204, -756, -173, 653, -480, -58, 151, -82, -346, -1273, -336, 
541, -204, -746, -168, 644, -475, -58, 151, -87, -356, -1273, -336, 
541, -204, -746, -168, 644, -475, -58, 151, -87, -361, -1268, -331, 
541, -204, -746, -168, 644, -475, -58, 151, -87, -361, -1268, -331, 
536, -209, -746, -163, 641, -478, -58, 151, -87, -356, -1268, -331, 
536, -209, -746, -163, 641, -478, -48, 151, -78, -346, -1263, -331, 
546, -209, -756, -168, 651, -483, -48, 151, -82, -341, -1263, -331, 
546, -204, -751, -170, 649, -478, -48, 151, -82, -341, -1263, -331, 
546, -195, -741, -175, 644, -468, -43, 151, -82, -341, -1263, -331, 
546, -200, -746, -173, 646, -473, -53, 151, -92, -346, -1263, -331, 
546, -200, -746, -173, 646, -473, -53, 151, -92, -351, -1263, -331, 
541, -209, -751, -165, 646, -480, -53, 151, -87, -356, -1263, -331, 
541, -209, -751, -165, 646, -480, -53, 151, -87, -366, -1263, -331, 
546, -209, -756, -168, 651, -483, -53, 151, -78, -361, -1259, -331, 
546, -209, -756, -168, 651, -483, -53, 151, -78, -356, -1263, -336, 
546, -209, -756, -168, 651, -483, -53, 151, -82, -351, -1263, -336, 
546, -209, -756, -168, 651, -483, -53, 151, -82, -341, -1259, -336, 
536, -209, -746, -163, 641, -478, -53, 151, -92, -346, -1268, -326, 
536, -209, -746, -163, 641, -478, -53, 151, -92, -356, -1268, -326, 
536, -209, -746, -163, 641, -478, -53, 151, -87, -366, -1268, -326, 
536, -209, -746, -163, 641, -478, -53, 151, -87, -370, -1268, -322, 
541, -209, -751, -165, 646, -480, -53, 151, -97, -361, -1263, -322, 
541, -209, -751, -165, 646, -480, -53, 151, -97, -351, -1259, -326, 
546, -209, -756, -168, 651, -483, -53, 151, -92, -346, -1254, -326, 
546, -209, -756, -168, 651, -483, -53, 156, -92, -341, -1249, -326, 
546, -209, -756, -168, 651, -483, -53, 156, -92, -351, -1259, -326, 
546, -209, -756, -168, 651, -483, -53, 151, -92, -351, -1254, -322, 
546, -209, -756, -168, 651, -483, -58, 151, -97, -351, -1254, -322, 
551, -209, -761, -170, 656, -485, -58, 151, -97, -351, -1254, -322, 
541, -214, -756, -163, 649, -485, -43, 161, -97, -351, -1263, -331, 
541, -214, -756, -163, 649, -485, -43, 161, -92, -351, -1259, -331, 
541, -214, -756, -163, 649, -485, -43, 161, -92, -351, -1259, -331, 
541, -214, -756, -163, 649, -485, -43, 161, -92, -351, -1259, -336, 
551, -209, -761, -170, 656, -485, -53, 165, -92, -346, -1254, -331, 
551, -209, -761, -170, 656, -485, -53, 165, -92, -341, -1254, -331, 
546, -214, -761, -165, 653, -488, -53, 165, -92, -336, -1254, -326, 
541, -214, -756, -163, 649, -485, -53, 161, -92, -331, -1249, -326, 
531, -214, -746, -158, 639, -480, -39, 161, -87, -331, -1249, -317, 
536, -214, -751, -161, 644, -483, -39, 165, -78, -336, -1249, -317, 
541, -214, -756, -163, 649, -485, -39, 165, -68, -341, -1249, -317, 
541, -214, -756, -163, 649, -485, -39, 165, -63, -346, -1249, -317, 
551, -209, -761, -170, 656, -485, -39, 170, -63, -341, -1244, -307, 
551, -200, -751, -175, 651, -475, -39, 170, -68, -336, -1234, -307, 
551, -185, -736, -183, 644, -461, -39, 170, -68, -326, -1229, -307, 
551, -180, -732, -185, 641, -456, -39, 175, -63, -317, -1224, -302, 
556, -175, -732, -190, 644, -453, -39, 185, -58, -312, -1215, -292, 
556, -170, -727, -192, 641, -448, -39, 185, -53, -307, -1200, -287, 
546, -161, -707, -192, 627, -434, -39, 185, -48, -307, -1195, -287, 
546, -156, -702, -195, 624, -429, -39, 185, -43, -312, -1195, -287, 
556, -170, -727, -192, 641, -448, -29, 195, -39, -322, -1200, -292, 
566, -175, -741, -195, 653, -458, -29, 195, -39, -322, -1205, -297, 
566, -180, -746, -192, 656, -463, -29, 195, -39, -322, -1210, -302, 
566, -175, -741, -195, 653, -458, -29, 195, -39, -322, -1215, -307, 
551, -175, -727, -187, 639, -451, -29, 195, -43, -317, -1205, -297, 
546, -175, -722, -185, 634, -448, -29, 195, -48, -317, -1205, -297, 
546, -180, -727, -183, 636, -453, -29, 195, -53, -317, -1205, -297, 
546, -185, -732, -180, 639, -458, -29, 195, -53, -317, -1210, -297, 
556, -190, -746, -183, 651, -468, -34, 185, -63, -317, -1215, -302, 
556, -190, -746, -183, 651, -468, -39, 180, -63, -322, -1215, -307, 
556, -195, -751, -180, 653, -473, -43, 180, -63, -331, -1220, -307, 
551, -204, -756, -173, 653, -480, -43, 180, -58, -346, -1224, -307, 
551, -200, -751, -175, 651, -475, -58, 175, -63, -346, -1224, -317, 
551, -200, -751, -175, 651, -475, -73, 170, -78, -341, -1224, -317, 
551, -200, -751, -175, 651, -475, -87, 161, -87, -336, -1224, -317, 
551, -204, -756, -173, 653, -480, -92, 156, -97, -331, -1229, -317, 
551, -219, -771, -165, 661, -495, -87, 146, -112, -346, -1239, -317, 
551, -224, -775, -163, 663, -500, -92, 141, -112, -356, -1239, -326, 
551, -224, -775, -163, 663, -500, -92, 141, -117, -366, -1234, -326, 
551, -224, -775, -163, 663, -500, -92, 146, -117, -375, -1234, -322, 
546, -234, -780, -156, 663, -507, -78, 146, -117, -366, -1239, -322, 
546, -239, -785, -153, 666, -512, -73, 146, -117, -366, -1244, -326, 
541, -253, -795, -143, 668, -524, -68, 146, -122, -366, -1249, -336, 
541, -273, -814, -134, 678, -544, -63, 146, -126, -370, -1254, -341, 
536, -278, -814, -129, 675, -546, -63, 141, -122, -375, -1249, -336, 
536, -278, -814, -129, 675, -546, -63, 141, -122, -375, -1249, -336, 
531, -278, -810, -126, 671, -544, -63, 141, -122, -375, -1244, -336, 
527, -283, -810, -122, 668, -546, -63, 146, -122, -375, -1244, -336, 
527, -278, -805, -124, 666, -541, -63, 156, -107, -366, -1234, -331, 
522, -278, -800, -122, 661, -539, -53, 156, -107, -361, -1234, -326, 
522, -268, -790, -126, 656, -529, -53, 156, -107, -361, -1234, -326, 
527, -258, -785, -134, 656, -522, -53, 156, -107, -366, -1234, -331, 
517, -239, -756, -139, 636, -497, -53, 156, -102, -361, -1229, -326, 
517, -229, -746, -143, 631, -488, -58, 156, -97, -356, -1224, -322, 
522, -219, -741, -151, 631, -480, -58, 151, -97, -351, -1220, -322, 
527, -204, -732, -161, 629, -468, -58, 151, -92, -346, -1215, -317, 
517, -209, -727, -153, 622, -468, -53, 141, -92, -336, -1210, -322, 
517, -214, -732, -151, 624, -473, -48, 146, -92, -336, -1210, -322, 
517, -219, -736, -148, 627, -478, -43, 146, -92, -336, -1210, -331, 
517, -224, -741, -146, 629, -483, -39, 141, -92, -341, -1215, -331, 
507, -229, -736, -139, 622, -483, -48, 126, -102, -351, -1224, -331, 
502, -239, -741, -131, 622, -490, -48, 122, -107, -361, -1229, -326, 
502, -248, -751, -126, 627, -500, -48, 122, -112, -361, -1229, -326, 
502, -258, -761, -122, 631, -509, -43, 117, -117, -356, -1234, -331, 
483, -258, -741, -112, 612, -500, -34, 117, -117, -331, -1239, -356, 
478, -263, -741, -107, 610, -502, -39, 117, -126, -361, -1229, -341, 
478, -263, -741, -107, 610, -502, -39, 107, -117, -366, -1239, -336, 
478, -263, -741, -107, 610, -502, -39, 107, -117, -370, -1239, -331, 
478, -263, -741, -107, 610, -502, -39, 107, -117, -375, -1239, -326, 
478, -263, -741, -107, 610, -502, -39, 107, -117, -380, -1239, -322, 
473, -263, -736, -104, 605, -500, -29, 117, -107, -356, -1229, -331, 
473, -268, -741, -102, 607, -505, -29, 117, -112, -351, -1229, -336, 
473, -273, -746, -100, 610, -509, -29, 117, -112, -346, -1229, -336, 
478, -273, -751, -102, 614, -512, -29, 112, -107, -346, -1229, -336, 
468, -278, -746, -95, 607, -512, -29, 112, -117, -356, -1224, -346, 
468, -278, -746, -95, 607, -512, -29, 112, -117, -356, -1224, -346, 
458, -273, -732, -92, 595, -502, -29, 112, -117, -361, -1224, -346, 
458, -273, -732, -92, 595, -502, -29, 112, -117, -361, -1224, -346, 
458, -273, -732, -92, 595, -502, -29, 107, -107, -361, -1224, -336, 
458, -273, -732, -92, 595, -502, -29, 107, -107, -356, -1224, -336, 
458, -273, -732, -92, 595, -502, -24, 107, -107, -356, -1224, -336, 
453, -278, -732, -87, 592, -505, -19, 107, -107, -356, -1224, -336, 
453, -268, -722, -92, 588, -495, -24, 107, -117, -366, -1224, -326, 
463, -268, -732, -97, 597, -500, -24, 102, -117, -375, -1224, -326, 
463, -268, -732, -97, 597, -500, -29, 102, -122, -375, -1224, -326, 
463, -268, -732, -97, 597, -500, -34, 102, -122, -370, -1224, -326, 
453, -283, -736, -85, 595, -509, -34, 107, -117, -361, -1224, -341, 
448, -283, -732, -82, 590, -507, -34, 107, -117, -361, -1224, -341, 
448, -283, -732, -82, 590, -507, -34, 107, -117, -361, -1224, -341, 
448, -283, -732, -82, 590, -507, -34, 102, -117, -361, -1224, -341, 
458, -283, -741, -87, 600, -512, -24, 92, -117, -370, -1220, -331, 
458, -283, -741, -87, 600, -512, -19, 97, -117, -366, -1224, -336, 
458, -283, -741, -87, 600, -512, -19, 97, -117, -366, -1224, -336, 
458, -283, -741, -87, 600, -512, -19, 97, -117, -370, -1220, -336, 
453, -268, -722, -92, 588, -495, -29, 97, -117, -370, -1220, -341, 
453, -268, -722, -92, 588, -495, -29, 97, -117, -370, -1224, -341, 
453, -268, -722, -92, 588, -495, -29, 92, -117, -370, -1229, -346, 
458, -268, -727, -95, 592, -497, -29, 87, -122, -380, -1239, -346, 
448, -273, -722, -87, 585, -497, -19, 87, -112, -390, -1229, -341, 
444, -278, -722, -82, 583, -500, -19, 87, -112, -380, -1224, -336, 
444, -283, -727, -80, 585, -505, -19, 87, -112, -380, -1224, -336, 
439, -287, -727, -75, 583, -507, -14, 87, -112, -380, -1224, -341, 
448, -278, -727, -85, 588, -502, -14, 78, -112, -370, -1220, -331, 
448, -278, -727, -85, 588, -502, -19, 78, -112, -370, -1220, -336, 
448, -278, -727, -85, 588, -502, -19, 78, -112, -375, -1224, -336, 
448, -278, -727, -85, 588, -502, -19, 82, -107, -375, -1224, -331, 
448, -268, -717, -90, 583, -492, -19, 82, -107, -370, -1220, -331, 
448, -268, -717, -90, 583, -492, -19, 82, -107, -370, -1215, -331, 
448, -273, -722, -87, 585, -497, -19, 82, -107, -370, -1210, -341, 
448, -273, -722, -87, 585, -497, -19, 82, -107, -370, -1200, -331, 
458, -258, -717, -100, 588, -488, -19, 82, -107, -370, -1210, -331, 
458, -258, -717, -100, 588, -488, -19, 82, -107, -370, -1210, -336, 
458, -258, -717, -100, 588, -488, -19, 82, -107, -370, -1210, -336, 
458, -258, -717, -100, 588, -488, -19, 82, -107, -370, -1210, -336, 
448, -268, -717, -90, 583, -492, -19, 73, -107, -370, -1220, -336, 
448, -263, -712, -92, 580, -488, -19, 73, -107, -370, -1220, -331, 
448, -263, -712, -92, 580, -488, -19, 68, -107, -370, -1215, -331, 
448, -268, -717, -90, 583, -492, -19, 68, -107, -366, -1215, -331, 
448, -268, -717, -90, 583, -492, -19, 78, -102, -356, -1215, -336, 
448, -268, -717, -90, 583, -492, -19, 78, -97, -356, -1215, -341, 
448, -263, -712, -92, 580, -488, -19, 78, -92, -356, -1215, -346, 
448, -263, -712, -92, 580, -488, -19, 78, -87, -356, -1215, -351, 
448, -273, -722, -87, 585, -497, -9, 78, -87, -356, -1215, -351, 
448, -273, -722, -87, 585, -497, -4, 78, -87, -356, -1210, -351, 
448, -273, -722, -87, 585, -497, -4, 78, -82, -356, -1210, -351, 
453, -263, -717, -95, 585, -490, -4, 78, -82, -356, -1210, -351, 
453, -253, -707, -100, 580, -480, -14, 68, -92, -361, -1205, -341, 
453, -253, -707, -100, 580, -480, -19, 68, -92, -366, -1205, -341, 
453, -253, -707, -100, 580, -480, -19, 73, -92, -370, -1200, -341, 
453, -258, -712, -97, 583, -485, -19, 73, -92, -380, -1200, -341, 
453, -248, -702, -102, 578, -475, -9, 73, -92, -370, -1190, -331, 
453, -239, -692, -107, 573, -466, -9, 73, -92, -366, -1190, -331, 
453, -239, -692, -107, 573, -466, -9, 73, -92, -366, -1190, -336, 
453, -244, -697, -104, 575, -470, -4, 73, -87, -361, -1190, -336, 
453, -244, -697, -104, 575, -470, -14, 63, -87, -361, -1185, -341, 
453, -244, -697, -104, 575, -470, -14, 63, -87, -356, -1176, -341, 
453, -244, -697, -104, 575, -470, -14, 63, -87, -356, -1185, -346, 
453, -244, -697, -104, 575, -470, -14, 63, -87, -356, -1185, -346, 
453, -244, -697, -104, 575, -470, -14, 63, -78, -351, -1176, -346, 
453, -244, -697, -104, 575, -470, -14, 63, -78, -351, -1176, -341, 
453, -244, -697, -104, 575, -470, -14, 63, -78, -351, -1176, -341, 
453, -239, -692, -107, 573, -466, -19, 63, -78, -351, -1176, -336, 
444, -239, -683, -102, 563, -461, -9, 53, -82, -361, -1180, -336, 
453, -229, -683, -112, 568, -456, -24, 43, -92, -380, -1180, -326, 
458, -214, -673, -122, 566, -444, -34, 34, -107, -380, -1161, -307, 
463, -195, -658, -134, 561, -427, -43, 24, -117, -336, -1151, -297, 
483, -200, -683, -141, 583, -441, -53, 29, -112, -312, -1151, -312, 
488, -190, -678, -148, 583, -434, -68, 29, -112, -307, -1122, -292, 
492, -146, -639, -173, 566, -392, -97, 29, -107, -292, -1058, -244, 
531, -92, -624, -219, 578, -358, -131, 34, -102, -278, -1005, -180, 
556, -87, -644, -234, 600, -366, -170, 53, -87, -234, -976, -156, 
570, -82, -653, -244, 612, -368, -209, 78, -73, -180, -941, -136, 
629, -73, -702, -278, 666, -387, -248, 97, -63, -175, -902, -107, 
697, -63, -761, -317, 729, -412, -317, 87, -122, -165, -888, -92, 
732, -63, -795, -334, 763, -429, -375, 58, -195, -165, -878, -82, 
775, -63, -839, -356, 807, -451, -405, 39, -292, -214, -897, -87, 
819, -73, -893, -373, 856, -483, -429, 4, -448, -292, -927, -97, 
834, -82, -917, -375, 875, -500, -434, -34, -605, -351, -936, -122, 
814, -102, -917, -356, 866, -509, -414, -58, -712, -395, -990, -156, 
814, -146, -961, -334, 888, -553, -370, -82, -766, -468, -1083, -219, 
790, -200, -990, -295, 890, -595, -307, -102, -810, -570, -1176, -292, 
741, -244, -985, -248, 863, -614, -234, -117, -839, -649, -1244, -341, 
688, -287, -976, -200, 832, -631, -190, -161, -844, -668, -1307, -375, 
634, -351, -985, -141, 810, -668, -161, -229, -854, -697, -1376, -444, 
566, -458, -1024, -53, 795, -741, -107, -273, -888, -771, -1468, -546, 
483, -590, -1073, 53, 778, -832, -34, -302, -941, -883, -1595, -673, 
424, -673, -1098, 124, 761, -885, 14, -312, -966, -956, -1673, -746, 
395, -678, -1073, 141, 734, -875, 9, -322, -956, -956, -1668, -741, 
380, -658, -1039, 139, 710, -849, 0, -331, -946, -936, -1625, -702, 
375, -658, -1034, 141, 705, -846, -24, -317, -951, -922, -1605, -688, 
366, -658, -1024, 146, 695, -841, -29, -297, -902, -897, -1586, -668, 
356, -629, -985, 136, 671, -807, -29, -268, -805, -849, -1561, -644, 
361, -600, -961, 119, 661, -780, -34, -239, -697, -790, -1542, -624, 
356, -590, -946, 117, 651, -768, -34, -190, -619, -736, -1503, -610, 
346, -561, -907, 107, 627, -734, -14, -122, -531, -678, -1454, -580, 
366, -541, -907, 87, 636, -724, 4, -43, -439, -619, -1400, -551, 
385, -527, -912, 70, 649, -719, 19, 4, -366, -580, -1366, -536, 
395, -502, -897, 53, 646, -700, 24, 34, -331, -570, -1337, -522, 
390, -468, -858, 39, 624, -663, 29, 34, -326, -570, -1312, -488, 
395, -414, -810, 9, 602, -612, 34, 24, -312, -556, -1298, -458, 
400, -385, -785, -7, 592, -585, 43, 14, -263, -507, -1273, -444, 
405, -356, -761, -24, 583, -558, 39, 9, -229, -468, -1268, -434, 
409, -346, -756, -31, 583, -551, 24, 9, -190, -439, -1249, -419, 
405, -322, -727, -41, 566, -524, 9, 19, -146, -414, -1224, -400, 
419, -292, -712, -63, 566, -502, 4, 39, -92, -390, -1195, -385, 
429, -278, -707, -75, 568, -492, 14, 68, -58, -361, -1171, -370, 
429, -268, -697, -80, 563, -483, 19, 92, -29, -341, -1146, -361, 
429, -253, -683, -87, 556, -468, 19, 102, -19, -351, -1122, -336, 
439, -239, -678, -100, 558, -458, 9, 92, -48, -336, -1102, -317, 
429, -234, -663, -97, 546, -448, 14, 87, -48, -307, -1117, -317, 
419, -224, -644, -97, 531, -434, 9, 73, -39, -307, -1117, -326, 
429, -200, -629, -114, 529, -414, 9, 53, -48, -331, -1112, -307, 
429, -180, -610, -124, 519, -395, 0, 39, -58, -331, -1107, -292, 
424, -200, -624, -112, 524, -412, 9, 43, -48, -322, -1112, -302, 
414, -209, -624, -102, 519, -417, 9, 53, -39, -322, -1117, -307, 
409, -219, -629, -95, 519, -424, 9, 63, -19, -307, -1117, -307, 
409, -224, -634, -92, 522, -429, 9, 78, 0, -302, -1117, -312, 
409, -209, -619, -100, 514, -414, 0, 78, -4, -297, -1112, -312, 
414, -209, -624, -102, 519, -417, -4, 82, -4, -297, -1107, -307, 
414, -204, -619, -104, 517, -412, -4, 82, -4, -302, -1102, -302, 
414, -200, -614, -107, 514, -407, -4, 78, -14, -317, -1102, -302, 
414, -190, -605, -112, 509, -397, 4, 73, -29, -312, -1098, -302, 
414, -190, -605, -112, 509, -397, 4, 68, -29, -312, -1098, -302, 
414, -190, -605, -112, 509, -397, 9, 63, -29, -312, -1102, -302, 
409, -190, -600, -109, 505, -395, 9, 58, -14, -307, -1102, -302, 
400, -204, -605, -97, 502, -405, 14, 73, -4, -292, -1088, -307, 
400, -209, -610, -95, 505, -409, 14, 78, 14, -283, -1083, -312, 
405, -214, -619, -95, 512, -417, 19, 82, 24, -268, -1083, -317, 
405, -214, -619, -95, 512, -417, 24, 87, 34, -258, -1073, -322, 
414, -200, -614, -107, 514, -407, 19, 78, 14, -263, -1083, -307, 
409, -200, -610, -104, 509, -405, 14, 78, 9, -273, -1088, -307, 
409, -204, -614, -102, 512, -409, 9, 78, 0, -287, -1088, -307, 
409, -204, -614, -102, 512, -409, 4, 78, -4, -292, -1088, -307, 
405, -195, -600, -104, 502, -397, 4, 68, 0, -278, -1078, -302, 
405, -195, -600, -104, 502, -397, 4, 68, 9, -273, -1078, -302, 
400, -195, -595, -102, 497, -395, 0, 68, 14, -273, -1078, -302, 
390, -195, -585, -97, 488, -390, 0, 68, 19, -273, -1073, -297, 
390, -185, -575, -102, 483, -380, 0, 78, 24, -268, -1068, -292, 
390, -180, -570, -104, 480, -375, 0, 78, 19, -273, -1063, -287, 
390, -175, -566, -107, 478, -370, 0, 78, 14, -278, -1058, -283, 
390, -165, -556, -112, 473, -361, 0, 78, 9, -283, -1049, -273, 
390, -170, -561, -109, 475, -366, 9, 78, 9, -273, -1058, -278, 
390, -180, -570, -104, 480, -375, 9, 78, 9, -273, -1058, -283, 
390, -185, -575, -102, 483, -380, 9, 78, 9, -268, -1063, -287, 
390, -190, -580, -100, 485, -385, 9, 82, 14, -258, -1063, -292, 
400, -180, -580, -109, 490, -380, 9, 82, 19, -258, -1054, -287, 
400, -175, -575, -112, 488, -375, 4, 82, 24, -263, -1049, -283, 
400, -175, -575, -112, 488, -375, 4, 82, 34, -263, -1044, -278, 
400, -175, -575, -112, 488, -375, 4, 82, 43, -263, -1039, -273, 
409, -175, -585, -117, 497, -380, 4, 82, 34, -268, -1034, -253, 
405, -165, -570, -119, 488, -368, 9, 82, 34, -273, -1029, -244, 
405, -165, -570, -119, 488, -368, 9, 82, 34, -278, -1024, -244, 
409, -165, -575, -122, 492, -370, 9, 82, 43, -273, -1024, -248, 
409, -185, -595, -112, 502, -390, 19, 92, 58, -258, -1034, -268, 
405, -185, -590, -109, 497, -387, 14, 97, 58, -258, -1039, -273, 
405, -175, -580, -114, 492, -378, 14, 97, 58, -253, -1039, -278, 
405, -165, -570, -119, 488, -368, 14, 97, 63, -244, -1044, -273, 
395, -165, -561, -114, 478, -363, 4, 102, 68, -234, -1029, -273, 
395, -170, -566, -112, 480, -368, 9, 102, 68, -234, -1024, -273, 
395, -170, -566, -112, 480, -368, 9, 97, 68, -229, -1019, -273, 
395, -165, -561, -114, 478, -363, 9, 97, 68, -224, -1010, -258, 
390, -156, -546, -117, 468, -351, 4, 102, 68, -234, -1015, -248, 
395, -156, -551, -119, 473, -353, 4, 102, 73, -234, -1015, -248, 
395, -156, -551, -119, 473, -353, 4, 102, 73, -234, -1015, -248, 
395, -151, -546, -122, 470, -348, 9, 107, 78, -229, -1005, -244, 
390, -151, -541, -119, 466, -346, 9, 107, 92, -229, -990, -234, 
390, -151, -541, -119, 466, -346, 4, 107, 92, -229, -990, -234, 
390, -146, -536, -122, 463, -341, 4, 112, 102, -229, -990, -234, 
390, -146, -536, -122, 463, -341, 9, 112, 102, -214, -990, -239, 
390, -146, -536, -122, 463, -341, 19, 112, 97, -200, -980, -248, 
390, -136, -527, -126, 458, -331, 14, 112, 97, -200, -980, -248, 
390, -126, -517, -131, 453, -322, 9, 112, 102, -204, -980, -244, 
385, -126, -512, -129, 448, -319, 9, 117, 107, -204, -971, -229, 
375, -122, -497, -126, 436, -309, 14, 126, 112, -209, -951, -214, 
380, -122, -502, -129, 441, -312, 9, 126, 117, -204, -946, -209, 
380, -117, -497, -131, 439, -307, 4, 136, 122, -200, -941, -204, 
380, -112, -492, -134, 436, -302, -9, 136, 126, -195, -927, -195, 
380, -112, -492, -134, 436, -302, 0, 141, 141, -180, -936, -195, 
380, -112, -492, -134, 436, -302, 0, 141, 141, -180, -941, -195, 
380, -102, -483, -139, 431, -292, 0, 146, 146, -175, -946, -200, 
380, -102, -483, -139, 431, -292, 0, 146, 151, -170, -946, -209, 
370, -92, -463, -139, 417, -278, 0, 146, 156, -165, -941, -200, 
370, -92, -463, -139, 417, -278, 0, 141, 170, -165, -932, -195, 
370, -82, -453, -143, 412, -268, 9, 146, 180, -161, -922, -195, 
375, -78, -453, -148, 414, -265, 9, 141, 185, -156, -912, -190, 
366, -82, -448, -141, 407, -265, 14, 146, 195, -151, -907, -175, 
366, -82, -448, -141, 407, -265, 9, 151, 195, -146, -893, -170, 
370, -78, -448, -146, 409, -263, 9, 161, 204, -126, -888, -170, 
370, -73, -444, -148, 407, -258, 9, 170, 214, -107, -878, -165, 
366, -63, -429, -151, 397, -246, 9, 170, 224, -107, -883, -165, 
366, -58, -424, -153, 395, -241, 14, 170, 224, -102, -878, -161, 
366, -48, -414, -158, 390, -231, 14, 175, 234, -97, -873, -156, 
366, -48, -414, -158, 390, -231, 9, 175, 239, -97, -868, -146, 
366, -34, -400, -165, 383, -217, 0, 175, 248, -82, -863, -151, 
366, -29, -395, -168, 380, -212, 0, 175, 248, -73, -858, -151, 
366, -29, -395, -168, 380, -212, 0, 185, 263, -68, -858, -156, 
366, -24, -390, -170, 378, -207, 0, 185, 268, -63, -854, -161, 
356, -9, -366, -173, 361, -187, 0, 185, 268, -73, -839, -136, 
356, 4, -351, -180, 353, -173, 0, 190, 273, -68, -829, -131, 
356, -4, -361, -175, 358, -183, 0, 195, 278, -58, -824, -126, 
356, -4, -361, -175, 358, -183, 0, 195, 287, -58, -814, -117, 
366, 0, -366, -183, 366, -183, 0, 195, 278, -48, -814, -117, 
366, 4, -361, -185, 363, -178, 4, 195, 283, -43, -814, -112, 
366, 4, -361, -185, 363, -178, 4, 200, 292, -39, -805, -112, 
366, 14, -351, -190, 358, -168, 0, 200, 292, -34, -805, -112, 
370, 19, -351, -195, 361, -165, -4, 204, 302, -39, -795, -117, 
370, 14, -356, -192, 363, -170, -4, 204, 307, -29, -795, -117, 
370, 9, -361, -190, 366, -175, -4, 204, 317, -34, -785, -107, 
370, 9, -361, -190, 366, -175, -4, 204, 322, -43, -785, -102, 
361, 29, -331, -195, 346, -151, -9, 195, 312, -43, -771, -87, 
361, 34, -326, -197, 344, -146, -9, 195, 317, -39, -771, -87, 
366, 34, -331, -200, 348, -148, -14, 195, 317, -34, -780, -97, 
366, 34, -331, -200, 348, -148, -14, 195, 317, -34, -780, -97, 
370, 43, -326, -207, 348, -141, -9, 195, 317, -29, -785, -102, 
370, 43, -326, -207, 348, -141, -9, 195, 317, -19, -785, -107, 
375, 43, -331, -209, 353, -143, -9, 195, 317, -9, -785, -112, 
375, 43, -331, -209, 353, -143, -9, 195, 317, -4, -785, -122, 
366, 29, -336, -197, 351, -153, -9, 195, 326, -19, -780, -112, 
366, 19, -346, -192, 356, -163, -14, 190, 322, -24, -780, -112, 
366, 19, -346, -192, 356, -163, -14, 185, 312, -39, -780, -112, 
370, 29, -341, -200, 356, -156, -14, 180, 302, -43, -780, -117, 
380, 29, -351, -204, 366, -161, -14, 180, 292, -48, -795, -117, 
375, 24, -351, -200, 363, -163, -14, 170, 278, -58, -805, -122, 
375, 24, -351, -200, 363, -163, -24, 170, 263, -68, -814, -126, 
375, 9, -366, -192, 370, -178, -24, 165, 248, -73, -824, -131, 
366, -9, -375, -178, 370, -192, -14, 161, 239, -82, -824, -146, 
366, -24, -390, -170, 378, -207, -14, 156, 229, -97, -829, -146, 
370, -34, -405, -168, 387, -219, -14, 151, 209, -107, -839, -151, 
370, -39, -409, -165, 390, -224, -14, 151, 200, -122, -844, -161, 
370, -34, -405, -168, 387, -219, -19, 146, 190, -136, -849, -161, 
370, -48, -419, -161, 395, -234, -19, 141, 175, -146, -868, -175, 
375, -63, -439, -156, 407, -251, -14, 131, 165, -151, -873, -190, 
375, -78, -453, -148, 414, -265, -9, 131, 161, -156, -883, -190, 
380, -82, -463, -148, 422, -273, -9, 122, 141, -161, -893, -200, 
380, -92, -473, -143, 427, -283, -9, 117, 126, -170, -897, -214, 
380, -102, -483, -139, 431, -292, -9, 112, 107, -180, -907, -224, 
380, -117, -497, -131, 439, -307, -9, 107, 107, -190, -922, -229, 
361, -126, -488, -117, 424, -307, 0, 107, 102, -195, -922, -234, 
361, -141, -502, -109, 431, -322, 0, 102, 92, -209, -927, -234, 
356, -146, -502, -104, 429, -324, 4, 97, 87, -229, -927, -239, 
356, -151, -507, -102, 431, -329, 4, 97, 73, -239, -936, -239, 
351, -141, -492, -104, 422, -317, 9, 92, 58, -239, -936, -239, 
356, -146, -502, -104, 429, -324, 9, 87, 53, -248, -946, -244, 
356, -151, -507, -102, 431, -329, 9, 87, 43, -253, -946, -253, 
351, -151, -502, -100, 427, -326, 9, 82, 34, -258, -946, -253, 
346, -156, -502, -95, 424, -329, 0, 92, 29, -268, -966, -263, 
351, -156, -507, -97, 429, -331, 0, 92, 34, -273, -971, -268, 
356, -156, -512, -100, 434, -334, 0, 92, 39, -273, -971, -268, 
356, -156, -512, -100, 434, -334, 0, 87, 34, -273, -976, -273, 
356, -170, -527, -92, 441, -348, 9, 87, 39, -273, -985, -283, 
356, -180, -536, -87, 446, -358, 14, 87, 39, -268, -985, -287, 
356, -190, -546, -82, 451, -368, 19, 87, 39, -263, -980, -292, 
361, -190, -551, -85, 456, -370, 19, 87, 39, -263, -980, -297, 
351, -195, -546, -78, 448, -370, 19, 82, 29, -283, -976, -297, 
346, -195, -541, -75, 444, -368, 19, 82, 19, -283, -980, -292, 
346, -195, -541, -75, 444, -368, 19, 82, 19, -283, -980, -287, 
346, -190, -536, -78, 441, -363, 19, 82, 14, -292, -985, -287, 
356, -190, -546, -82, 451, -368, 9, 78, 19, -283, -985, -297, 
356, -190, -546, -82, 451, -368, 9, 78, 19, -278, -985, -297, 
351, -190, -541, -80, 446, -366, 14, 78, 19, -278, -985, -297, 
351, -190, -541, -80, 446, -366, 14, 73, 19, -283, -990, -302, 
351, -195, -546, -78, 448, -370, 24, 82, 19, -283, -980, -297, 
351, -200, -551, -75, 451, -375, 24, 82, 19, -287, -980, -297, 
351, -200, -551, -75, 451, -375, 19, 82, 19, -287, -980, -297, 
351, -200, -551, -75, 451, -375, 19, 82, 19, -297, -990, -297, 
336, -190, -527, -73, 431, -358, 19, 68, 9, -297, -980, -297, 
336, -185, -522, -75, 429, -353, 19, 68, 9, -297, -980, -297, 
341, -185, -527, -78, 434, -356, 19, 68, 9, -297, -985, -292, 
341, -185, -527, -78, 434, -356, 19, 68, 4, -297, -985, -292, 
331, -195, -527, -68, 429, -361, 19, 68, 4, -287, -985, -302, 
331, -195, -527, -68, 429, -361, 24, 68, 4, -278, -985, -302, 
326, -195, -522, -65, 424, -358, 29, 68, 4, -278, -980, -297, 
326, -195, -522, -65, 424, -358, 29, 68, 4, -278, -976, -297, 
326, -190, -517, -68, 422, -353, 24, 68, 4, -292, -980, -297, 
326, -190, -517, -68, 422, -353, 24, 63, 4, -292, -980, -297, 
326, -200, -527, -63, 427, -363, 24, 63, 4, -292, -985, -297, 
331, -200, -531, -65, 431, -366, 24, 68, 4, -283, -990, -307, 
322, -214, -536, -53, 429, -375, 24, 68, 9, -292, -990, -307, 
317, -214, -531, -51, 424, -373, 24, 63, 9, -292, -990, -302, 
312, -214, -527, -48, 419, -370, 24, 63, 4, -292, -985, -297, 
312, -214, -527, -48, 419, -370, 29, 63, 4, -292, -985, -297, 
312, -204, -517, -53, 414, -361, 39, 63, 4, -292, -985, -297, 
312, -204, -517, -53, 414, -361, 34, 63, 4, -292, -985, -297, 
312, -204, -517, -53, 414, -361, 34, 63, 4, -297, -985, -297, 
307, -209, -517, -48, 412, -363, 34, 63, 4, -307, -980, -297, 
297, -200, -497, -48, 397, -348, 24, 63, 14, -302, -976, -292, 
307, -195, -502, -56, 405, -348, 24, 63, 14, -307, -976, -292, 
307, -195, -502, -56, 405, -348, 24, 63, 14, -307, -980, -292, 
307, -195, -502, -56, 405, -348, 24, 63, 9, -307, -990, -292, 
312, -195, -507, -58, 409, -351, 34, 63, 0, -302, -980, -292, 
307, -190, -497, -58, 402, -344, 34, 63, 0, -297, -976, -292, 
307, -190, -497, -58, 402, -344, 39, 63, 4, -292, -976, -292, 
307, -195, -502, -56, 405, -348, 39, 63, 4, -283, -985, -302, 
307, -204, -512, -51, 409, -358, 39, 73, 9, -273, -985, -312, 
307, -204, -512, -51, 409, -358, 39, 73, 14, -278, -980, -307, 
307, -209, -517, -48, 412, -363, 39, 73, 19, -278, -976, -302, 
307, -214, -522, -46, 414, -368, 39, 73, 24, -278, -976, -302, 
307, -204, -512, -51, 409, -358, 29, 68, 19, -283, -976, -307, 
307, -204, -512, -51, 409, -358, 29, 63, 14, -287, -976, -307, 
307, -204, -512, -51, 409, -358, 29, 58, 9, -292, -976, -302, 
307, -195, -502, -56, 405, -348, 29, 53, 4, -297, -976, -302, 
297, -200, -497, -48, 397, -348, 39, 63, 4, -287, -971, -292, 
297, -200, -497, -48, 397, -348, 39, 63, 4, -287, -971, -292, 
297, -204, -502, -46, 400, -353, 39, 63, 4, -287, -971, -292, 
297, -204, -502, -46, 400, -353, 39, 63, 4, -287, -971, -297, 
297, -204, -502, -46, 400, -353, 39, 73, 19, -287, -980, -297, 
297, -204, -502, -46, 400, -353, 39, 73, 19, -292, -976, -292, 
297, -204, -502, -46, 400, -353, 39, 73, 19, -292, -976, -292, 
292, -209, -502, -41, 397, -356, 39, 73, 19, -287, -976, -292, 
283, -200, -483, -41, 383, -341, 39, 63, 9, -297, -961, -283, 
292, -200, -492, -46, 392, -346, 39, 63, 4, -302, -961, -283, 
292, -195, -488, -48, 390, -341, 39, 63, 4, -312, -961, -283, 
292, -185, -478, -53, 385, -331, 43, 63, 4, -322, -961, -283, 
292, -185, -478, -53, 385, -331, 43, 73, 4, -297, -961, -287, 
292, -190, -483, -51, 387, -336, 43, 73, 4, -283, -961, -292, 
287, -204, -492, -41, 390, -348, 43, 73, 9, -268, -961, -297, 
287, -209, -497, -39, 392, -353, 43, 73, 9, -258, -961, -302, 
292, -204, -497, -43, 395, -351, 43, 63, 9, -268, -961, -302, 
292, -200, -492, -46, 392, -346, 43, 63, 9, -268, -961, -307, 
292, -195, -488, -48, 390, -341, 43, 63, 4, -268, -956, -307, 
292, -190, -483, -51, 387, -336, 43, 63, 4, -263, -946, -307, 
302, -200, -502, -51, 402, -351, 43, 63, 14, -273, -946, -297, 
302, -200, -502, -51, 402, -351, 43, 63, 14, -278, -946, -297, 
302, -200, -502, -51, 402, -351, 43, 63, 19, -283, -946, -297, 
302, -200, -502, -51, 402, -351, 43, 63, 19, -283, -946, -292, 
292, -190, -483, -51, 387, -336, 43, 73, 0, -287, -946, -292, 
287, -190, -478, -48, 383, -334, 43, 73, 0, -283, -946, -297, 
287, -190, -478, -48, 383, -334, 43, 73, 4, -283, -946, -297, 
283, -190, -473, -46, 378, -331, 43, 78, 4, -283, -946, -297, 
283, -190, -473, -46, 378, -331, 43, 78, 14, -278, -956, -297, 
283, -190, -473, -46, 378, -331, 43, 73, 14, -273, -951, -292, 
283, -190, -473, -46, 378, -331, 39, 73, 9, -268, -951, -292, 
287, -190, -478, -48, 383, -334, 39, 73, 9, -263, -951, -292, 
287, -204, -492, -41, 390, -348, 53, 82, 9, -268, -941, -292, 
287, -204, -492, -41, 390, -348, 53, 82, 14, -273, -936, -292, 
287, -204, -492, -41, 390, -348, 53, 82, 14, -278, -936, -292, 
287, -204, -492, -41, 390, -348, 53, 82, 14, -283, -936, -297, 
297, -200, -497, -48, 397, -348, 43, 78, 14, -283, -941, -302, 
297, -200, -497, -48, 397, -348, 43, 78, 14, -283, -941, -302, 
292, -204, -497, -43, 395, -351, 43, 78, 14, -283, -941, -297, 
287, -204, -492, -41, 390, -348, 43, 73, 14, -283, -936, -297, 
287, -204, -492, -41, 390, -348, 58, 73, 14, -268, -936, -297, 
292, -204, -497, -43, 395, -351, 58, 78, 19, -268, -936, -297, 
297, -204, -502, -46, 400, -353, 58, 78, 24, -268, -936, -297, 
297, -204, -502, -46, 400, -353, 58, 78, 24, -268, -936, -297, 
297, -204, -502, -46, 400, -353, 48, 82, 19, -278, -936, -297, 
297, -200, -497, -48, 397, -348, 48, 82, 9, -278, -932, -297, 
297, -190, -488, -53, 392, -339, 48, 82, 4, -273, -932, -297, 
297, -190, -488, -53, 392, -339, 48, 87, 4, -268, -932, -292, 
297, -185, -483, -56, 390, -334, 58, 97, 9, -263, -917, -283, 
292, -180, -473, -56, 383, -326, 58, 97, 14, -258, -907, -278, 
278, -170, -448, -53, 363, -309, 58, 97, 19, -258, -907, -278, 
273, -165, -439, -53, 356, -302, 58, 97, 24, -263, -912, -278, 
283, -165, -448, -58, 366, -307, 58, 107, 34, -253, -902, -268, 
292, -165, -458, -63, 375, -312, 58, 107, 39, -253, -902, -268, 
292, -165, -458, -63, 375, -312, 58, 107, 43, -253, -902, -268, 
292, -156, -448, -68, 370, -302, 58, 107, 48, -253, -902, -268, 
292, -151, -444, -70, 368, -297, 68, 117, 58, -248, -897, -258, 
292, -146, -439, -73, 366, -292, 68, 117, 58, -248, -893, -258, 
297, -146, -444, -75, 370, -295, 68, 117, 58, -248, -888, -258, 
302, -146, -448, -78, 375, -297, 68, 117, 63, -248, -888, -258, 
302, -146, -448, -78, 375, -297, 68, 126, 63, -234, -888, -253, 
302, -141, -444, -80, 373, -292, 68, 122, 63, -234, -883, -258, 
302, -141, -444, -80, 373, -292, 68, 122, 63, -239, -883, -258, 
297, -146, -444, -75, 370, -295, 73, 122, 68, -248, -883, -258, 
287, -156, -444, -65, 366, -300, 82, 131, 68, -244, -883, -258, 
287, -161, -448, -63, 368, -305, 73, 131, 58, -244, -883, -258, 
287, -165, -453, -61, 370, -309, 63, 126, 53, -244, -883, -258, 
287, -175, -463, -56, 375, -319, 63, 126, 48, -244, -888, -258, 
287, -170, -458, -58, 373, -314, 48, 122, 43, -248, -907, -263, 
287, -175, -463, -56, 375, -319, 43, 112, 43, -248, -907, -278, 
287, -175, -463, -56, 375, -319, 43, 107, 39, -248, -902, -283, 
287, -175, -463, -56, 375, -319, 43, 107, 39, -248, -902, -283, 
292, -180, -473, -56, 383, -326, 29, 102, 34, -248, -893, -278, 
292, -180, -473, -56, 383, -326, 24, 97, 29, -248, -893, -278, 
287, -190, -478, -48, 383, -334, 19, 92, 19, -248, -893, -283, 
287, -204, -492, -41, 390, -348, 14, 87, 9, -253, -893, -283, 
283, -214, -497, -34, 390, -356, 24, 73, 0, -278, -902, -297, 
283, -219, -502, -31, 392, -361, 24, 73, -4, -287, -907, -297, 
278, -224, -502, -26, 390, -363, 24, 73, -9, -297, -907, -297, 
273, -234, -507, -19, 390, -370, 24, 78, -14, -307, -912, -297, 
263, -239, -502, -12, 383, -370, 24, 78, -9, -297, -922, -297, 
258, -248, -507, -4, 383, -378, 34, 78, -9, -292, -922, -297, 
258, -248, -507, -4, 383, -378, 34, 78, -9, -292, -922, -302, 
263, -248, -512, -7, 387, -380, 34, 78, -9, -297, -922, -312, 
273, -244, -517, -14, 395, -380, 39, 82, -9, -287, -912, -302, 
273, -239, -512, -17, 392, -375, 39, 87, -9, -287, -912, -302, 
278, -234, -512, -21, 395, -373, 43, 87, -14, -287, -912, -307, 
283, -224, -507, -29, 395, -366, 48, 92, -14, -287, -912, -307, 
273, -219, -492, -26, 383, -356, 39, 92, 0, -283, -897, -297, 
273, -214, -488, -29, 380, -351, 39, 97, 4, -278, -897, -292, 
273, -209, -483, -31, 378, -346, 39, 97, 9, -273, -897, -297, 
273, -204, -478, -34, 375, -341, 39, 92, 14, -273, -902, -292, 
263, -209, -473, -26, 368, -341, 48, 92, 19, -273, -897, -283, 
258, -209, -468, -24, 363, -339, 48, 92, 19, -273, -897, -278, 
258, -209, -468, -24, 363, -339, 48, 97, 19, -263, -893, -278, 
258, -209, -468, -24, 363, -339, 53, 97, 19, -248, -893, -283, 
253, -200, -453, -26, 353, -326, 63, 87, 9, -273, -888, -278, 
244, -200, -444, -21, 344, -322, 63, 87, 4, -283, -888, -278, 
239, -200, -439, -19, 339, -319, 63, 82, 0, -292, -888, -273, 
234, -200, -434, -17, 334, -317, 63, 82, 0, -292, -888, -273, 
234, -209, -444, -12, 339, -326, 63, 82, 0, -263, -902, -297, 
234, -239, -473, 2, 353, -356, 63, 87, 9, -283, -922, -317, 
234, -244, -478, 4, 356, -361, 63, 87, 0, -292, -922, -317, 
224, -234, -458, 4, 341, -346, 58, 78, -9, -292, -917, -302, 
224, -239, -463, 7, 344, -351, 68, 78, -9, -292, -917, -302, 
224, -244, -468, 9, 346, -356, 68, 78, -9, -292, -917, -302, 
224, -248, -473, 12, 348, -361, 68, 78, -9, -292, -917, -302, 
224, -253, -478, 14, 351, -366, 68, 78, -9, -292, -917, -302, 
219, -239, -458, 9, 339, -348, 58, 68, 0, -283, -907, -302, 
219, -239, -458, 9, 339, -348, 58, 68, -4, -283, -907, -307, 
219, -239, -458, 9, 339, -348, 58, 68, -4, -283, -907, -307, 
224, -234, -458, 4, 341, -346, 58, 63, 0, -287, -907, -307, 
224, -239, -463, 7, 344, -351, 68, 73, 0, -278, -902, -307, 
224, -239, -463, 7, 344, -351, 68, 73, 0, -278, -902, -307, 
214, -234, -448, 9, 331, -341, 68, 73, 0, -283, -902, -307, 
214, -234, -448, 9, 331, -341, 68, 73, 0, -283, -902, -307, 
224, -234, -458, 4, 341, -346, 58, 68, -9, -292, -912, -317, 
224, -234, -458, 4, 341, -346, 58, 68, -9, -287, -912, -317, 
224, -234, -458, 4, 341, -346, 63, 68, -9, -287, -912, -317, 
219, -239, -458, 9, 339, -348, 68, 68, -9, -287, -912, -317, 
219, -224, -444, 2, 331, -334, 63, 68, 0, -287, -912, -317, 
229, -219, -448, -4, 339, -334, 63, 63, 0, -297, -912, -317, 
229, -214, -444, -7, 336, -329, 58, 63, -4, -297, -912, -317, 
229, -209, -439, -9, 334, -324, 53, 63, -4, -292, -912, -317, 
229, -204, -434, -12, 331, -319, 63, 68, -9, -292, -902, -312, 
224, -204, -429, -9, 326, -317, 63, 68, -9, -292, -902, -312, 
224, -204, -429, -9, 326, -317, 63, 68, -9, -292, -902, -312, 
224, -204, -429, -9, 326, -317, 63, 63, -9, -292, -902, -312, 
224, -209, -434, -7, 329, -322, 63, 63, 0, -292, -897, -312, 
224, -214, -439, -4, 331, -326, 68, 68, 0, -287, -902, -317, 
224, -219, -444, -2, 334, -331, 68, 68, 0, -287, -902, -317, 
224, -224, -448, 0, 336, -336, 68, 68, 0, -292, -897, -317, 
229, -209, -439, -9, 334, -324, 78, 68, 0, -283, -902, -302, 
229, -209, -439, -9, 334, -324, 78, 68, 0, -283, -902, -302, 
229, -209, -439, -9, 334, -324, 78, 63, 0, -283, -902, -307, 
234, -209, -444, -12, 339, -326, 78, 58, -4, -292, -907, -307, 
234, -200, -434, -17, 334, -317, 68, 68, 4, -292, -897, -292, 
229, -200, -429, -14, 329, -314, 68, 68, 4, -283, -893, -287, 
229, -200, -429, -14, 329, -314, 68, 68, 4, -283, -893, -287, 
224, -200, -424, -12, 324, -312, 73, 68, 4, -283, -893, -292, 
234, -209, -444, -12, 339, -326, 73, 58, 4, -292, -888, -302, 
234, -209, -444, -12, 339, -326, 68, 58, 4, -292, -888, -307, 
234, -209, -444, -12, 339, -326, 68, 58, 4, -297, -893, -307, 
234, -209, -444, -12, 339, -326, 68, 63, 9, -297, -893, -302, 
224, -200, -424, -12, 324, -312, 68, 63, 0, -283, -893, -292, 
224, -200, -424, -12, 324, -312, 68, 63, 0, -283, -893, -292, 
224, -204, -429, -9, 326, -317, 68, 63, 0, -283, -893, -302, 
224, -204, -429, -9, 326, -317, 68, 63, 0, -283, -888, -292, 
224, -200, -424, -12, 324, -312, 68, 73, 0, -283, -878, -302, 
224, -200, -424, -12, 324, -312, 68, 73, 0, -283, -878, -307, 
224, -200, -424, -12, 324, -312, 68, 73, 0, -283, -878, -307, 
224, -200, -424, -12, 324, -312, 68, 73, 0, -283, -878, -307, 
234, -200, -434, -17, 334, -317, 78, 73, 9, -273, -888, -307, 
234, -195, -429, -19, 331, -312, 78, 73, 9, -273, -888, -302, 
234, -195, -429, -19, 331, -312, 78, 68, 9, -273, -883, -302, 
234, -200, -434, -17, 334, -317, 78, 68, 9, -268, -883, -302, 
224, -200, -424, -12, 324, -312, 68, 68, 0, -278, -883, -302, 
224, -200, -424, -12, 324, -312, 68, 68, 0, -278, -883, -302, 
224, -195, -419, -14, 322, -307, 68, 68, 0, -278, -883, -302, 
224, -195, -419, -14, 322, -307, 68, 68, 0, -278, -883, -302, 
214, -204, -419, -4, 317, -312, 78, 68, 9, -278, -883, -292, 
214, -204, -419, -4, 317, -312, 82, 68, 9, -278, -878, -292, 
214, -204, -419, -4, 317, -312, 82, 68, 14, -278, -878, -292, 
219, -195, -414, -12, 317, -305, 82, 68, 14, -278, -878, -292, 
219, -185, -405, -17, 312, -295, 73, 58, 9, -287, -878, -292, 
219, -185, -405, -17, 312, -295, 68, 58, 4, -287, -873, -292, 
219, -185, -405, -17, 312, -295, 68, 63, 0, -287, -863, -292, 
219, -190, -409, -14, 314, -300, 68, 63, -4, -292, -858, -292, 
219, -200, -419, -9, 319, -309, 78, 63, 0, -283, -863, -302, 
219, -190, -409, -14, 314, -300, 78, 63, 4, -278, -868, -302, 
219, -190, -409, -14, 314, -300, 78, 63, 9, -278, -873, -307, 
219, -195, -414, -12, 317, -305, 82, 63, 19, -273, -878, -307, 
209, -204, -414, -2, 312, -309, 73, 73, 19, -273, -863, -302, 
209, -204, -414, -2, 312, -309, 73, 73, 19, -268, -854, -302, 
209, -204, -414, -2, 312, -309, 73, 73, 19, -268, -863, -307, 
209, -204, -414, -2, 312, -309, 73, 73, 19, -268, -863, -307, 
219, -200, -419, -9, 319, -309, 73, 73, 9, -283, -854, -297, 
219, -195, -414, -12, 317, -305, 73, 73, 9, -283, -854, -292, 
219, -190, -409, -14, 314, -300, 73, 73, 9, -283, -854, -292, 
219, -180, -400, -19, 309, -290, 68, 73, 9, -283, -854, -287, 
219, -161, -380, -29, 300, -270, 78, 63, 4, -263, -858, -287, 
219, -161, -380, -29, 300, -270, 73, 63, 4, -263, -858, -287, 
214, -156, -370, -29, 292, -263, 63, 53, 0, -263, -849, -278, 
209, -156, -366, -26, 287, -261, 43, 34, -9, -278, -839, -268, 
219, -151, -370, -34, 295, -261, 34, 29, -24, -273, -829, -263, 
224, -131, -356, -46, 290, -244, 19, 29, -24, -258, -810, -244, 
229, -97, -326, -65, 278, -212, 0, 29, -19, -214, -766, -214, 
248, -82, -331, -82, 290, -207, -14, 43, -14, -180, -722, -180, 
283, -68, -351, -107, 317, -209, -43, 63, 0, -175, -683, -146, 
317, -53, -370, -131, 344, -212, -82, 78, -4, -161, -649, -107, 
366, -34, -400, -165, 383, -217, -122, 97, -4, -126, -619, -78, 
434, -24, -458, -204, 446, -241, -180, 117, -14, -126, -595, -63, 
497, -14, -512, -241, 505, -263, -248, 97, -78, -146, -585, -53, 
531, -14, -546, -258, 539, -280, -307, 58, -175, -156, -575, -48, 
556, -24, -580, -265, 568, -302, -341, 34, -283, -195, -605, -58, 
580, -43, -624, -268, 602, -334, -366, -4, -419, -253, -644, -82, 
610, -43, -653, -283, 631, -348, -366, -39, -556, -317, -678, -117, 
600, -68, -668, -265, 634, -368, -331, -53, -639, -390, -732, -151, 
566, -141, -707, -212, 636, -424, -278, -63, -692, -473, -805, -204, 
546, -185, -732, -180, 639, -458, -214, -78, -732, -541, -893, -273, 
522, -200, -722, -161, 622, -461, -151, -112, -746, -570, -946, -317, 
468, -224, -692, -122, 580, -458, -92, -161, -746, -590, -985, -346, 
390, -283, -673, -53, 531, -478, -48, -214, -761, -644, -1049, -400, 
307, -395, -702, 43, 505, -549, 14, -253, -785, -727, -1156, -507, 
239, -507, -746, 134, 492, -627, 82, -273, -819, -810, -1283, -619, 
170, -570, -741, 200, 456, -656, 117, -283, -839, -839, -1327, -663, 
126, -570, -697, 222, 412, -634, 97, -283, -829, -819, -1302, -644, 
112, -570, -683, 229, 397, -627, 82, -287, -814, -795, -1273, -619, 
102, -590, -692, 244, 397, -641, 87, -278, -795, -790, -1263, -619, 
122, -590, -712, 234, 417, -651, 78, -248, -756, -780, -1249, -614, 
126, -570, -697, 222, 412, -634, 63, -219, -707, -761, -1229, -595, 
131, -541, -673, 204, 402, -607, 63, -190, -619, -717, -1200, -570, 
131, -502, -634, 185, 383, -568, 73, -141, -522, -649, -1141, -531, 
141, -473, -614, 165, 378, -544, 82, -82, -439, -580, -1098, -502, 
141, -458, -600, 158, 370, -529, 78, -24, -366, -531, -1063, -488, 
141, -434, -575, 146, 358, -505, 82, 24, -302, -492, -1024, -463, 
156, -409, -566, 126, 361, -488, 87, 53, -258, -463, -1000, -448, 
161, -405, -566, 122, 363, -485, 92, 63, -234, -448, -985, -429, 
156, -395, -551, 119, 353, -473, 112, 73, -204, -439, -971, -424, 
161, -366, -527, 102, 344, -446, 126, 78, -180, -419, -956, -405, 
165, -336, -502, 85, 334, -419, 122, 68, -151, -400, -936, -380, 
180, -302, -483, 61, 331, -392, 117, 78, -97, -366, -912, -351, 
185, -273, -458, 43, 322, -366, 102, 87, -43, -341, -883, -326, 
185, -239, -424, 26, 305, -331, 92, 87, -9, -302, -849, -312, 
195, -239, -434, 21, 314, -336, 87, 102, 29, -263, -824, -302, 
204, -234, -439, 14, 322, -336, 87, 131, 58, -244, -810, -297, 
204, -200, -405, -2, 305, -302, 87, 141, 68, -229, -800, -287, 
185, -165, -351, -9, 268, -258, 82, 126, 58, -239, -795, -278, 
185, -156, -341, -14, 263, -248, 68, 122, 48, -239, -795, -268, 
195, -161, -356, -17, 275, -258, 68, 112, 48, -244, -790, -268, 
185, -151, -336, -17, 261, -244, 78, 107, 48, -234, -785, -263, 
185, -151, -336, -17, 261, -244, 78, 97, 43, -244, -785, -258, 
180, -151, -331, -14, 256, -241, 78, 102, 48, -244, -785, -258, 
180, -151, -331, -14, 256, -241, 78, 107, 63, -229, -780, -253, 
185, -146, -331, -19, 258, -239, 78, 117, 78, -224, -775, -253, 
175, -141, -317, -17, 246, -229, 78, 117, 82, -224, -766, -244, 
180, -141, -322, -19, 251, -231, 73, 122, 82, -219, -756, -239, 
180, -136, -317, -21, 248, -226, 73, 122, 82, -219, -746, -234, 
180, -131, -312, -24, 246, -222, 73, 117, 73, -229, -741, -234, 
190, -131, -322, -29, 256, -226, 73, 117, 68, -229, -746, -234, 
190, -131, -322, -29, 256, -226, 73, 117, 68, -224, -746, -234, 
190, -131, -322, -29, 256, -226, 78, 117, 68, -219, -751, -234, 
185, -131, -317, -26, 251, -224, 78, 117, 82, -209, -751, -234, 
185, -131, -317, -26, 251, -224, 78, 126, 82, -209, -756, -244, 
185, -131, -317, -26, 251, -224, 73, 126, 92, -204, -751, -244, 
190, -131, -322, -29, 256, -226, 73, 126, 92, -195, -751, -244, 
190, -126, -317, -31, 253, -222, 73, 126, 92, -190, -741, -244, 
190, -122, -312, -34, 251, -217, 73, 126, 97, -200, -732, -239, 
185, -122, -307, -31, 246, -214, 73, 126, 97, -204, -736, -239, 
185, -126, -312, -29, 248, -219, 73, 126, 92, -214, -736, -239, 
185, -126, -312, -29, 248, -219, 73, 126, 92, -214, -736, -239, 
185, -126, -312, -29, 248, -219, 63, 126, 82, -219, -736, -239, 
190, -126, -317, -31, 253, -222, 63, 126, 87, -214, -736, -234, 
190, -126, -317, -31, 253, -222, 58, 126, 87, -214, -736, -229, 
185, -126, -312, -29, 248, -219, 58, 126, 87, -214, -732, -219, 
185, -136, -322, -24, 253, -229, 63, 126, 102, -195, -722, -229, 
185, -131, -317, -26, 251, -224, 68, 126, 107, -185, -722, -229, 
185, -126, -312, -29, 248, -219, 73, 126, 112, -175, -722, -229, 
185, -117, -302, -34, 244, -209, 78, 126, 117, -165, -717, -224, 
175, -126, -302, -24, 239, -214, 68, 126, 117, -175, -717, -224, 
175, -131, -307, -21, 241, -219, 68, 126, 117, -185, -717, -224, 
175, -131, -307, -21, 241, -219, 68, 126, 117, -190, -722, -224, 
175, -131, -307, -21, 241, -219, 68, 131, 122, -190, -722, -224, 
175, -122, -297, -26, 236, -209, 68, 141, 112, -195, -707, -214, 
175, -117, -292, -29, 234, -204, 63, 141, 112, -195, -707, -214, 
175, -117, -292, -29, 234, -204, 63, 141, 117, -190, -707, -214, 
175, -117, -292, -29, 234, -204, 63, 141, 122, -185, -707, -214, 
175, -117, -292, -29, 234, -204, 63, 131, 122, -175, -692, -204, 
170, -107, -278, -31, 224, -192, 68, 131, 122, -175, -688, -195, 
170, -107, -278, -31, 224, -192, 68, 131, 122, -175, -683, -195, 
175, -107, -283, -34, 229, -195, 68, 131, 131, -165, -683, -200, 
175, -117, -292, -29, 234, -204, 68, 141, 136, -170, -697, -204, 
170, -117, -287, -26, 229, -202, 63, 146, 136, -180, -697, -204, 
170, -107, -278, -31, 224, -192, 63, 146, 136, -185, -692, -204, 
170, -97, -268, -36, 219, -183, 63, 146, 141, -185, -692, -195, 
161, -107, -268, -26, 214, -187, 73, 141, 146, -175, -692, -214, 
161, -112, -273, -24, 217, -192, 78, 141, 146, -165, -692, -214, 
161, -112, -273, -24, 217, -192, 78, 136, 146, -151, -692, -214, 
161, -107, -268, -26, 214, -187, 78, 136, 146, -136, -688, -200, 
161, -97, -258, -31, 209, -178, 63, 151, 156, -146, -678, -190, 
161, -97, -258, -31, 209, -178, 63, 151, 161, -146, -673, -190, 
156, -97, -253, -29, 204, -175, 63, 151, 161, -146, -668, -190, 
151, -92, -244, -29, 197, -168, 68, 156, 165, -141, -653, -185, 
156, -92, -248, -31, 202, -170, 68, 156, 165, -151, -658, -185, 
156, -92, -248, -31, 202, -170, 63, 156, 161, -151, -658, -185, 
156, -87, -244, -34, 200, -165, 63, 161, 165, -151, -658, -185, 
156, -87, -244, -34, 200, -165, 68, 161, 161, -136, -658, -190, 
156, -78, -234, -39, 195, -156, 78, 151, 175, -131, -649, -180, 
156, -68, -224, -43, 190, -146, 73, 151, 175, -131, -649, -180, 
156, -58, -214, -48, 185, -136, 68, 151, 180, -136, -649, -175, 
151, -58, -209, -46, 180, -134, 68, 156, 185, -136, -639, -161, 
161, -53, -214, -53, 187, -134, 68, 156, 190, -126, -634, -170, 
165, -53, -219, -56, 192, -136, 68, 156, 195, -117, -634, -170, 
165, -48, -214, -58, 190, -131, 68, 165, 200, -107, -634, -170, 
165, -43, -209, -61, 187, -126, 58, 165, 204, -97, -624, -165, 
165, -34, -200, -65, 183, -117, 63, 165, 219, -82, -610, -151, 
165, -34, -200, -65, 183, -117, 68, 170, 219, -82, -610, -146, 
165, -24, -190, -70, 178, -107, 73, 180, 224, -78, -610, -146, 
165, -24, -190, -70, 178, -107, 78, 185, 229, -73, -605, -151, 
156, -24, -180, -65, 168, -102, 73, 180, 224, -78, -595, -151, 
156, -24, -180, -65, 168, -102, 68, 180, 239, -78, -590, -146, 
156, -14, -170, -70, 163, -92, 73, 190, 248, -73, -585, -146, 
161, -9, -170, -75, 165, -90, 68, 190, 253, -68, -580, -141, 
161, 4, -156, -82, 158, -75, 63, 190, 263, -68, -580, -136, 
161, 4, -156, -82, 158, -75, 58, 190, 263, -68, -570, -131, 
165, 9, -156, -87, 161, -73, 58, 195, 273, -53, -570, -131, 
165, 14, -151, -90, 158, -68, 58, 200, 283, -39, -566, -126, 
161, 14, -146, -87, 153, -65, 58, 200, 292, -39, -570, -126, 
161, 19, -141, -90, 151, -61, 63, 200, 292, -34, -566, -122, 
161, 29, -131, -95, 146, -51, 63, 204, 302, -29, -561, -117, 
161, 29, -131, -95, 146, -51, 58, 204, 307, -29, -556, -107, 
161, 39, -122, -100, 141, -41, 48, 204, 326, -24, -541, -97, 
161, 48, -112, -104, 136, -31, 48, 204, 326, -14, -536, -92, 
161, 53, -107, -107, 134, -26, 48, 214, 341, -9, -536, -92, 
161, 63, -97, -112, 129, -17, 48, 214, 346, -4, -531, -92, 
161, 68, -92, -114, 126, -12, 53, 214, 356, 4, -512, -92, 
161, 82, -78, -122, 119, 2, 58, 219, 361, 9, -507, -92, 
161, 73, -87, -117, 124, -7, 63, 224, 366, 19, -507, -92, 
161, 73, -87, -117, 124, -7, 68, 224, 375, 19, -502, -87, 
170, 87, -82, -129, 126, 2, 63, 234, 366, 24, -502, -87, 
170, 92, -78, -131, 124, 7, 63, 234, 370, 24, -502, -82, 
170, 92, -78, -131, 124, 7, 58, 239, 380, 24, -492, -82, 
170, 102, -68, -136, 119, 17, 48, 239, 380, 24, -492, -82, 
175, 122, -53, -148, 114, 34, 43, 234, 385, 24, -483, -68, 
175, 122, -53, -148, 114, 34, 43, 234, 385, 39, -483, -68, 
175, 122, -53, -148, 114, 34, 43, 234, 390, 39, -473, -58, 
175, 126, -48, -151, 112, 39, 43, 234, 390, 34, -473, -53, 
175, 126, -48, -151, 112, 39, 48, 234, 400, 43, -468, -58, 
175, 131, -43, -153, 109, 43, 48, 234, 405, 48, -468, -58, 
180, 131, -48, -156, 114, 41, 43, 234, 405, 53, -478, -68, 
180, 131, -48, -156, 114, 41, 43, 234, 405, 53, -478, -68, 
165, 131, -34, -148, 100, 48, 48, 234, 405, 43, -463, -58, 
165, 131, -34, -148, 100, 48, 48, 234, 405, 48, -463, -58, 
170, 131, -39, -151, 104, 46, 48, 234, 405, 53, -463, -58, 
170, 131, -39, -151, 104, 46, 48, 234, 405, 53, -463, -63, 
180, 136, -43, -158, 112, 46, 48, 234, 395, 58, -468, -63, 
180, 126, -53, -153, 117, 36, 43, 229, 390, 53, -468, -63, 
180, 126, -53, -153, 117, 36, 43, 224, 380, 39, -468, -63, 
185, 136, -48, -161, 117, 43, 43, 219, 370, 34, -468, -68, 
195, 126, -68, -161, 131, 29, 43, 219, 366, 19, -478, -68, 
190, 122, -68, -156, 129, 26, 43, 209, 356, 9, -483, -73, 
190, 122, -68, -156, 129, 26, 34, 209, 346, 0, -488, -78, 
190, 107, -82, -148, 136, 12, 34, 204, 336, -4, -492, -82, 
180, 97, -82, -139, 131, 7, 34, 200, 326, -4, -502, -97, 
180, 82, -97, -131, 139, -7, 34, 195, 317, -19, -507, -97, 
185, 73, -112, -129, 148, -19, 34, 190, 297, -29, -517, -102, 
185, 68, -117, -126, 151, -24, 34, 190, 287, -43, -522, -112, 
185, 68, -117, -126, 151, -24, 29, 185, 268, -58, -527, -112, 
185, 58, -126, -122, 156, -34, 29, 180, 253, -68, -546, -126, 
190, 48, -141, -119, 165, -46, 34, 170, 244, -73, -551, -141, 
190, 39, -151, -114, 170, -56, 39, 170, 239, -78, -561, -141, 
175, 34, -141, -104, 158, -53, 39, 170, 229, -92, -566, -151, 
175, 24, -151, -100, 163, -63, 39, 165, 214, -102, -566, -165, 
175, 14, -161, -95, 168, -73, 39, 161, 195, -112, -570, -175, 
175, 0, -175, -87, 175, -87, 39, 156, 195, -122, -580, -180, 
165, -9, -175, -78, 170, -92, 48, 156, 180, -117, -585, -195, 
165, -24, -190, -70, 178, -107, 48, 151, 170, -131, -595, -195, 
161, -29, -190, -65, 175, -109, 53, 146, 165, -151, -600, -200, 
161, -34, -195, -63, 178, -114, 53, 146, 151, -161, -614, -200, 
156, -43, -200, -56, 178, -122, 48, 131, 146, -170, -605, -200, 
161, -48, -209, -56, 185, -129, 48, 126, 141, -180, -614, -204, 
161, -53, -214, -53, 187, -134, 48, 126, 131, -185, -614, -214, 
156, -53, -209, -51, 183, -131, 48, 122, 122, -190, -614, -214, 
156, -68, -224, -43, 190, -146, 58, 131, 122, -185, -634, -234, 
156, -68, -224, -43, 190, -146, 58, 131, 122, -185, -639, -239, 
156, -68, -224, -43, 190, -146, 58, 131, 122, -180, -639, -239, 
151, -68, -219, -41, 185, -143, 58, 126, 112, -175, -644, -244, 
141, -73, -214, -34, 178, -143, 68, 126, 97, -190, -644, -239, 
141, -82, -224, -29, 183, -153, 73, 126, 97, -190, -644, -239, 
141, -92, -234, -24, 187, -163, 78, 126, 97, -190, -639, -239, 
146, -92, -239, -26, 192, -165, 78, 126, 97, -195, -639, -239, 
136, -97, -234, -19, 185, -165, 68, 122, 87, -204, -634, -244, 
131, -97, -229, -17, 180, -163, 68, 122, 78, -204, -639, -244, 
131, -97, -229, -17, 180, -163, 68, 122, 78, -204, -639, -244, 
131, -92, -224, -19, 178, -158, 68, 122, 73, -214, -644, -248, 
131, -102, -234, -14, 183, -168, 78, 126, 78, -204, -634, -248, 
131, -102, -234, -14, 183, -168, 78, 126, 78, -200, -634, -248, 
126, -102, -229, -12, 178, -165, 82, 126, 78, -200, -634, -248, 
126, -102, -229, -12, 178, -165, 82, 122, 78, -204, -639, -253, 
126, -117, -244, -4, 185, -180, 82, 122, 78, -204, -649, -258, 
126, -122, -248, -2, 187, -185, 82, 122, 78, -209, -649, -258, 
126, -122, -248, -2, 187, -185, 78, 122, 78, -209, -649, -258, 
126, -122, -248, -2, 187, -185, 78, 122, 78, -219, -658, -258, 
122, -112, -234, -4, 178, -173, 68, 117, 68, -229, -658, -278, 
122, -107, -229, -7, 175, -168, 68, 117, 68, -229, -658, -278, 
126, -107, -234, -9, 180, -170, 68, 117, 68, -229, -663, -273, 
126, -107, -234, -9, 180, -170, 68, 117, 63, -229, -663, -273, 
126, -117, -244, -4, 185, -180, 68, 117, 53, -239, -663, -273, 
126, -117, -244, -4, 185, -180, 73, 117, 53, -229, -663, -273, 
122, -117, -239, -2, 180, -178, 78, 117, 53, -229, -658, -268, 
122, -117, -239, -2, 180, -178, 78, 117, 53, -229, -653, -268, 
122, -112, -234, -4, 178, -173, 73, 117, 53, -224, -639, -258, 
122, -112, -234, -4, 178, -173, 73, 112, 53, -224, -639, -258, 
122, -122, -244, 0, 183, -183, 73, 112, 53, -224, -644, -258, 
126, -122, -248, -2, 187, -185, 73, 117, 53, -214, -649, -268, 
117, -126, -244, 4, 180, -185, 82, 117, 68, -224, -639, -268, 
112, -126, -239, 7, 175, -183, 82, 112, 68, -224, -639, -263, 
107, -126, -234, 9, 170, -180, 82, 112, 63, -224, -634, -258, 
107, -126, -234, 9, 170, -180, 87, 112, 63, -224, -634, -258, 
107, -117, -224, 4, 165, -170, 87, 112, 63, -234, -634, -248, 
107, -117, -224, 4, 165, -170, 82, 112, 63, -234, -634, -248, 
107, -117, -224, 4, 165, -170, 82, 112, 63, -239, -634, -248, 
102, -122, -224, 9, 163, -173, 82, 112, 63, -248, -629, -248, 
112, -122, -234, 4, 173, -178, 82, 112, 63, -248, -634, -258, 
122, -117, -239, -2, 180, -178, 82, 112, 63, -248, -634, -263, 
122, -117, -239, -2, 180, -178, 82, 112, 63, -244, -639, -268, 
122, -117, -239, -2, 180, -178, 82, 112, 58, -239, -649, -273, 
107, -126, -234, 9, 170, -180, 73, 112, 68, -229, -639, -273, 
102, -122, -224, 9, 163, -173, 73, 112, 68, -229, -634, -273, 
102, -122, -224, 9, 163, -173, 78, 112, 73, -229, -634, -273, 
102, -126, -229, 12, 165, -178, 78, 112, 73, -224, -644, -283, 
102, -117, -219, 7, 161, -168, 78, 112, 63, -224, -634, -283, 
102, -117, -219, 7, 161, -168, 78, 112, 63, -229, -629, -278, 
102, -122, -224, 9, 163, -173, 78, 112, 63, -229, -624, -273, 
102, -126, -229, 12, 165, -178, 78, 112, 63, -229, -624, -273, 
102, -126, -229, 12, 165, -178, 87, 122, 73, -219, -614, -273, 
102, -126, -229, 12, 165, -178, 87, 122, 73, -219, -614, -268, 
102, -126, -229, 12, 165, -178, 87, 122, 73, -219, -614, -258, 
102, -117, -219, 7, 161, -168, 87, 122, 73, -219, -614, -253, 
112, -112, -224, 0, 168, -168, 78, 122, 73, -219, -614, -253, 
112, -112, -224, 0, 168, -168, 78, 122, 73, -219, -610, -253, 
112, -117, -229, 2, 170, -173, 78, 122, 73, -219, -605, -253, 
112, -117, -229, 2, 170, -173, 78, 122, 73, -219, -600, -258, 
112, -112, -224, 0, 168, -168, 78, 122, 68, -219, -610, -258, 
112, -107, -219, -2, 165, -163, 78, 122, 68, -224, -605, -253, 
112, -102, -214, -4, 163, -158, 78, 122, 68, -224, -605, -253, 
107, -102, -209, -2, 158, -156, 78, 122, 68, -219, -605, -253, 
97, -102, -200, 2, 148, -151, 68, 122, 68, -229, -610, -258, 
107, -102, -209, -2, 158, -156, 68, 122, 63, -224, -610, -263, 
107, -97, -204, -4, 156, -151, 68, 122, 63, -224, -610, -268, 
107, -87, -195, -9, 151, -141, 73, 122, 63, -224, -610, -273, 
107, -92, -200, -7, 153, -146, 82, 122, 73, -214, -600, -263, 
107, -92, -200, -7, 153, -146, 82, 122, 73, -214, -600, -263, 
102, -102, -204, 0, 153, -153, 82, 122, 78, -214, -600, -263, 
102, -102, -204, 0, 153, -153, 82, 122, 78, -219, -600, -263, 
107, -112, -219, 2, 163, -165, 73, 122, 68, -229, -605, -263, 
107, -112, -219, 2, 163, -165, 73, 122, 68, -229, -610, -268, 
107, -112, -219, 2, 163, -165, 73, 122, 63, -229, -610, -268, 
107, -112, -219, 2, 163, -165, 73, 122, 63, -224, -605, -268, 
97, -122, -219, 12, 158, -170, 82, 122, 53, -219, -605, -258, 
97, -122, -219, 12, 158, -170, 82, 122, 53, -219, -605, -258, 
97, -122, -219, 12, 158, -170, 82, 122, 58, -219, -605, -258, 
97, -122, -219, 12, 158, -170, 82, 122, 58, -214, -605, -253, 
92, -122, -214, 14, 153, -168, 82, 122, 58, -219, -595, -253, 
92, -122, -214, 14, 153, -168, 82, 122, 58, -214, -595, -258, 
97, -122, -219, 12, 158, -170, 82, 122, 63, -214, -595, -258, 
97, -122, -219, 12, 158, -170, 82, 126, 63, -214, -595, -258, 
107, -112, -219, 2, 163, -165, 73, 126, 63, -214, -605, -268, 
107, -112, -219, 2, 163, -165, 73, 122, 63, -214, -600, -263, 
107, -112, -219, 2, 163, -165, 68, 122, 58, -214, -600, -263, 
112, -112, -224, 0, 168, -168, 68, 122, 58, -214, -600, -263, 
102, -107, -209, 2, 156, -158, 82, 122, 48, -224, -590, -253, 
102, -107, -209, 2, 156, -158, 82, 122, 53, -224, -585, -253, 
102, -107, -209, 2, 156, -158, 82, 122, 53, -224, -585, -253, 
102, -107, -209, 2, 156, -158, 82, 122, 53, -224, -585, -258, 
102, -107, -209, 2, 156, -158, 82, 136, 53, -224, -600, -273, 
102, -112, -214, 4, 158, -163, 82, 136, 53, -224, -600, -273, 
97, -122, -219, 12, 158, -170, 82, 136, 53, -224, -600, -268, 
92, -126, -219, 17, 156, -173, 82, 131, 53, -224, -595, -268, 
82, -117, -200, 17, 141, -158, 82, 126, 48, -224, -595, -268, 
87, -117, -204, 14, 146, -161, 78, 126, 48, -229, -595, -268, 
92, -117, -209, 12, 151, -163, 73, 122, 48, -234, -595, -268, 
92, -117, -209, 12, 151, -163, 68, 117, 43, -239, -595, -268, 
92, -117, -209, 12, 151, -163, 78, 112, 43, -239, -595, -278, 
92, -112, -204, 9, 148, -158, 78, 112, 39, -239, -590, -278, 
92, -102, -195, 4, 143, -148, 78, 112, 39, -234, -590, -278, 
92, -102, -195, 4, 143, -148, 78, 117, 43, -229, -590, -273, 
97, -112, -209, 7, 153, -161, 87, 126, 53, -224, -585, -273, 
97, -112, -209, 7, 153, -161, 87, 126, 53, -219, -575, -268, 
87, -107, -195, 9, 141, -151, 87, 126, 53, -219, -575, -268, 
87, -107, -195, 9, 141, -151, 87, 126, 53, -224, -580, -268, 
78, -107, -185, 14, 131, -146, 87, 126, 58, -219, -570, -268, 
87, -107, -195, 9, 141, -151, 87, 126, 58, -214, -570, -268, 
87, -107, -195, 9, 141, -151, 87, 126, 58, -209, -570, -268, 
87, -97, -185, 4, 136, -141, 87, 126, 58, -204, -570, -268, 
97, -82, -180, -7, 139, -131, 87, 136, 68, -200, -561, -258, 
97, -78, -175, -9, 136, -126, 87, 136, 68, -200, -561, -258, 
102, -78, -180, -12, 141, -129, 87, 136, 68, -200, -561, -258, 
107, -78, -185, -14, 146, -131, 87, 136, 73, -200, -566, -258, 
107, -68, -175, -19, 141, -122, 87, 146, 82, -185, -556, -258, 
107, -63, -170, -21, 139, -117, 87, 141, 82, -185, -551, -258, 
107, -63, -170, -21, 139, -117, 87, 141, 82, -190, -551, -253, 
102, -68, -170, -17, 136, -119, 92, 141, 87, -200, -551, -248, 
102, -63, -165, -19, 134, -114, 97, 151, 92, -200, -551, -248, 
102, -63, -165, -19, 134, -114, 92, 151, 87, -195, -551, -248, 
102, -63, -165, -19, 134, -114, 87, 146, 87, -190, -551, -248, 
102, -68, -170, -17, 136, -119, 92, 146, 87, -185, -556, -248, 
102, -73, -175, -14, 139, -124, 97, 156, 82, -200, -556, -258, 
102, -78, -180, -12, 141, -129, 92, 151, 82, -200, -556, -268, 
102, -78, -180, -12, 141, -129, 92, 151, 78, -200, -551, -268, 
102, -78, -180, -12, 141, -129, 92, 156, 78, -200, -551, -263, 
107, -82, -190, -12, 148, -136, 87, 146, 68, -209, -551, -258, 
107, -82, -190, -12, 148, -136, 82, 146, 68, -209, -551, -258, 
102, -92, -195, -4, 148, -143, 78, 146, 63, -209, -551, -263, 
102, -107, -209, 2, 156, -158, 73, 146, 58, -214, -551, -263, 
102, -107, -209, 2, 156, -158, 58, 136, 43, -219, -566, -268, 
107, -102, -209, -2, 158, -156, 53, 131, 43, -219, -566, -268, 
107, -97, -204, -4, 156, -151, 48, 126, 43, -219, -561, -268, 
107, -97, -204, -4, 156, -151, 43, 126, 43, -219, -561, -268, 
117, -102, -219, -7, 168, -161, 34, 122, 34, -224, -566, -268, 
112, -112, -224, 0, 168, -168, 43, 117, 29, -224, -570, -268, 
112, -112, -224, 0, 168, -168, 43, 112, 24, -229, -575, -273, 
117, -112, -229, -2, 173, -170, 43, 107, 19, -239, -580, -283, 
107, -117, -224, 4, 165, -170, 53, 117, 14, -244, -580, -283, 
107, -122, -229, 7, 168, -175, 48, 117, 9, -248, -580, -283, 
112, -126, -239, 7, 175, -183, 48, 112, 0, -253, -580, -287, 
117, -126, -244, 4, 180, -185, 48, 112, -4, -258, -580, -287, 
112, -126, -239, 7, 175, -183, 58, 112, -4, -258, -585, -292, 
107, -126, -234, 9, 170, -180, 58, 117, -4, -258, -585, -292, 
102, -126, -229, 12, 165, -178, 58, 117, -4, -258, -585, -302, 
97, -126, -224, 14, 161, -175, 58, 112, -4, -263, -590, -302, 
102, -112, -214, 4, 158, -163, 58, 107, 4, -253, -585, -302, 
102, -112, -214, 4, 158, -163, 58, 112, 9, -253, -585, -297, 
107, -112, -219, 2, 163, -165, 58, 122, 14, -244, -580, -297, 
112, -112, -224, 0, 168, -168, 63, 126, 19, -229, -580, -302, 
122, -107, -229, -7, 175, -168, 63, 136, 24, -234, -580, -292, 
117, -102, -219, -7, 168, -161, 63, 136, 24, -244, -575, -287, 
117, -97, -214, -9, 165, -156, 63, 131, 24, -253, -570, -278, 
117, -92, -209, -12, 163, -151, 63, 131, 29, -253, -566, -273, 
107, -92, -200, -7, 153, -146, 73, 131, 19, -229, -561, -278, 
107, -102, -209, -2, 158, -156, 73, 136, 19, -224, -561, -278, 
107, -107, -214, 0, 161, -161, 73, 136, 19, -229, -561, -278, 
107, -107, -214, 0, 161, -161, 73, 131, 9, -229, -561, -278, 
97, -97, -195, 0, 146, -146, 73, 122, 9, -248, -551, -268, 
87, -102, -190, 7, 139, -146, 78, 122, 4, -248, -570, -278, 
97, -102, -200, 2, 148, -151, 78, 112, 4, -248, -570, -292, 
97, -107, -204, 4, 151, -156, 68, 117, 4, -244, -580, -302, 
97, -107, -204, 4, 151, -156, 78, 117, 0, -234, -575, -302, 
97, -112, -209, 7, 153, -161, 78, 117, 9, -239, -575, -292, 
97, -117, -214, 9, 156, -165, 78, 117, 9, -244, -575, -292, 
97, -122, -219, 12, 158, -170, 78, 117, 9, -248, -575, -292, 
97, -126, -224, 14, 161, -175, 78, 117, 9, -253, -575, -292, 
92, -117, -209, 12, 151, -163, 78, 126, 9, -253, -575, -302, 
92, -122, -214, 14, 153, -168, 78, 126, 4, -253, -575, -307, 
92, -126, -219, 17, 156, -173, 78, 126, 4, -253, -575, -307, 
97, -126, -224, 14, 161, -175, 78, 122, 9, -258, -575, -307, 
97, -122, -219, 12, 158, -170, 78, 112, 9, -258, -580, -307, 
97, -122, -219, 12, 158, -170, 78, 112, 9, -258, -580, -307, 
87, -117, -204, 14, 146, -161, 78, 112, 9, -263, -580, -307, 
87, -117, -204, 14, 146, -161, 78, 112, 9, -263, -580, -307, 
87, -126, -214, 19, 151, -170, 68, 117, 0, -253, -575, -297, 
87, -126, -214, 19, 151, -170, 68, 117, 0, -248, -570, -297, 
87, -126, -214, 19, 151, -170, 73, 117, 0, -248, -566, -297, 
82, -131, -214, 24, 148, -173, 78, 117, 0, -248, -561, -297, 
82, -131, -214, 24, 148, -173, 82, 117, 0, -258, -570, -307, 
92, -131, -224, 19, 158, -178, 82, 112, 0, -268, -570, -307, 
92, -131, -224, 19, 158, -178, 78, 112, -4, -268, -570, -307, 
92, -131, -224, 19, 158, -178, 73, 112, -4, -263, -570, -307, 
92, -131, -224, 19, 158, -178, 73, 117, 0, -253, -570, -302, 
87, -126, -214, 19, 151, -170, 73, 117, 0, -253, -570, -302, 
87, -122, -209, 17, 148, -165, 73, 117, 0, -253, -570, -302, 
87, -117, -204, 14, 146, -161, 73, 112, 0, -253, -570, -302, 
87, -126, -214, 19, 151, -170, 82, 112, 9, -244, -570, -292, 
87, -126, -214, 19, 151, -170, 87, 117, 9, -239, -570, -297, 
87, -126, -214, 19, 151, -170, 87, 117, 9, -239, -566, -297, 
87, -126, -214, 19, 151, -170, 87, 117, 9, -244, -556, -297, 
92, -122, -214, 14, 153, -168, 78, 117, 0, -253, -561, -302, 
92, -122, -214, 14, 153, -168, 78, 117, 0, -253, -561, -302, 
92, -122, -214, 14, 153, -168, 78, 112, 0, -253, -561, -307, 
97, -122, -219, 12, 158, -170, 78, 107, -4, -263, -566, -307, 
87, -122, -209, 17, 148, -165, 87, 117, 4, -263, -566, -302, 
82, -122, -204, 19, 143, -163, 87, 117, 4, -253, -561, -297, 
82, -122, -204, 19, 143, -163, 87, 117, 4, -253, -561, -297, 
78, -122, -200, 21, 139, -161, 92, 117, 4, -253, -561, -302, 
87, -131, -219, 21, 153, -175, 102, 117, 4, -244, -556, -302, 
87, -131, -219, 21, 153, -175, 97, 117, 4, -244, -556, -307, 
87, -131, -219, 21, 153, -175, 97, 117, 4, -248, -561, -307, 
87, -131, -219, 21, 153, -175, 97, 122, 9, -248, -561, -302, 
78, -122, -200, 21, 139, -161, 87, 122, 0, -253, -561, -302, 
78, -122, -200, 21, 139, -161, 87, 122, 0, -253, -561, -302, 
78, -126, -204, 24, 141, -165, 87, 122, 0, -253, -561, -312, 
78, -126, -204, 24, 141, -165, 87, 122, 0, -253, -556, -302, 
78, -122, -200, 21, 139, -161, 87, 112, 0, -253, -556, -302, 
78, -122, -200, 21, 139, -161, 87, 112, 0, -253, -556, -307, 
78, -122, -200, 21, 139, -161, 87, 112, 0, -253, -556, -307, 
78, -122, -200, 21, 139, -161, 87, 112, 0, -253, -556, -307, 
78, -131, -209, 26, 143, -170, 97, 122, 0, -244, -551, -297, 
78, -126, -204, 24, 141, -165, 97, 122, 0, -244, -546, -292, 
78, -126, -204, 24, 141, -165, 97, 117, 0, -244, -536, -292, 
78, -131, -209, 26, 143, -170, 97, 117, 0, -239, -531, -292, 
87, -122, -209, 17, 148, -165, 87, 117, 0, -244, -541, -297, 
87, -122, -209, 17, 148, -165, 87, 117, 0, -248, -541, -302, 
87, -117, -204, 14, 146, -161, 87, 117, 0, -253, -541, -307, 
87, -117, -204, 14, 146, -161, 87, 117, 0, -258, -541, -312, 
78, -107, -185, 14, 131, -146, 87, 117, 9, -248, -541, -307, 
78, -107, -185, 14, 131, -146, 92, 117, 9, -248, -536, -302, 
78, -107, -185, 14, 131, -146, 92, 117, 14, -248, -536, -297, 
82, -97, -180, 7, 131, -139, 92, 117, 14, -248, -536, -292, 
92, -107, -200, 7, 146, -153, 92, 117, 14, -239, -541, -302, 
92, -107, -200, 7, 146, -153, 87, 117, 14, -239, -541, -302, 
92, -107, -200, 7, 146, -153, 87, 122, 14, -239, -536, -302, 
92, -112, -204, 9, 148, -158, 87, 122, 14, -244, -536, -302, 
87, -117, -204, 14, 146, -161, 87, 112, 4, -248, -546, -302, 
82, -112, -195, 14, 139, -153, 87, 112, 4, -248, -546, -302, 
78, -117, -195, 19, 136, -156, 87, 112, 4, -253, -546, -307, 
73, -126, -200, 26, 136, -163, 92, 112, 9, -253, -546, -307, 
82, -122, -204, 19, 143, -163, 82, 122, 0, -244, -531, -297, 
82, -117, -200, 17, 141, -158, 82, 122, 0, -239, -522, -292, 
82, -112, -195, 14, 139, -153, 82, 122, 0, -239, -531, -292, 
82, -107, -190, 12, 136, -148, 82, 122, 0, -239, -531, -287, 
82, -107, -190, 12, 136, -148, 82, 122, 9, -234, -531, -292, 
82, -107, -190, 12, 136, -148, 82, 122, 9, -234, -531, -292, 
82, -107, -190, 12, 136, -148, 82, 122, 9, -234, -531, -297, 
82, -102, -185, 9, 134, -143, 78, 122, 9, -234, -531, -297, 
92, -102, -195, 4, 143, -148, 87, 122, 14, -244, -517, -287, 
92, -102, -195, 4, 143, -148, 92, 112, 14, -244, -507, -278, 
87, -97, -185, 4, 136, -141, 82, 112, 0, -234, -507, -268, 
82, -87, -170, 2, 126, -129, 73, 102, -9, -219, -497, -268, 
92, -82, -175, -4, 134, -129, 63, 97, -14, -224, -497, -263, 
117, -53, -170, -31, 143, -112, 48, 87, -34, -219, -488, -244, 
141, -9, -151, -65, 146, -80, 19, 78, -29, -195, -444, -204, 
141, 24, -117, -82, 129, -46, 4, 82, -4, -141, -380, -151, 
156, 29, -126, -92, 141, -48, -24, 102, 9, -107, -331, -107, 
200, 43, -156, -122, 178, -56, -73, 107, 14, -82, -287, -68, 
248, 73, -175, -161, 212, -51, -112, 126, 24, -39, -229, -19, 
287, 92, -195, -190, 241, -51, -151, 146, 34, 0, -185, 14, 
341, 112, -229, -226, 285, -58, -209, 146, 0, 9, -156, 34, 
385, 122, -263, -253, 324, -70, -258, 107, -87, 9, -136, 58, 
409, 112, -297, -261, 353, -92, -292, 73, -204, -29, -146, 58, 
424, 102, -322, -263, 373, -109, -317, 34, -331, -78, -175, 43, 
444, 102, -341, -273, 392, -119, -326, 0, -468, -141, -209, 19, 
444, 87, -356, -265, 400, -134, -322, -34, -561, -204, -263, -14, 
429, 34, -395, -231, 412, -180, -278, -43, -614, -278, -336, -78, 
400, -9, -409, -195, 405, -209, -234, -58, -653, -346, -414, -136, 
375, -43, -419, -165, 397, -231, -170, -82, -668, -405, -488, -200, 
322, -78, -400, -122, 361, -239, -92, -112, -658, -444, -546, -248, 
253, -136, -390, -58, 322, -263, -29, -146, -663, -488, -610, -322, 
170, -248, -419, 39, 295, -334, 34, -165, -688, -570, -736, -419, 
102, -390, -492, 143, 297, -441, 112, -165, -741, -683, -883, -551, 
43, -473, -517, 214, 280, -495, 156, -165, -771, -761, -966, -614, 
29, -483, -512, 226, 270, -497, 136, -175, -771, -771, -971, -614, 
14, -483, -497, 234, 256, -490, 112, -190, -775, -736, -941, -590, 
4, -512, -517, 253, 261, -514, 107, -180, -766, -732, -922, -590, 
-4, -531, -527, 268, 261, -529, 107, -170, -746, -732, -917, -595, 
0, -512, -512, 256, 256, -512, 82, -151, -697, -702, -897, -585, 
24, -473, -497, 224, 261, -485, 63, -131, -619, -658, -868, -561, 
24, -444, -468, 209, 246, -456, 73, -82, -531, -610, -829, -531, 
34, -414, -448, 190, 241, -431, 82, -34, -448, -570, -795, -502, 
34, -390, -424, 178, 229, -407, 97, 14, -375, -522, -761, -478, 
34, -375, -409, 170, 222, -392, 102, 53, -322, -483, -732, -463, 
39, -361, -400, 161, 219, -380, 107, 82, -278, -453, -707, -439, 
53, -336, -390, 141, 222, -363, 102, 92, -253, -439, -683, -419, 
68, -317, -385, 124, 226, -351, 102, 102, -244, -429, -668, -414, 
73, -297, -370, 112, 222, -334, 117, 107, -219, -409, -644, -405, 
78, -258, -336, 90, 207, -297, 122, 117, -170, -370, -624, -380, 
82, -224, -307, 70, 195, -265, 117, 107, -126, -346, -600, -361, 
78, -214, -292, 68, 185, -253, 122, 107, -82, -331, -590, -356, 
78, -190, -268, 56, 173, -229, 112, 126, -39, -292, -556, -331, 
78, -151, -229, 36, 153, -190, 97, 141, 0, -244, -522, -292, 
87, -136, -224, 24, 156, -180, 97, 161, 29, -214, -497, -278, 
87, -131, -219, 21, 153, -175, 107, 170, 39, -209, -488, -268, 
97, -117, -214, 9, 156, -165, 102, 165, 39, -200, -483, -268, 
87, -87, -175, 0, 131, -131, 97, 161, 29, -209, -483, -268, 
87, -73, -161, -7, 124, -117, 87, 151, 29, -204, -478, -258, 
107, -73, -180, -17, 143, -126, 97, 146, 29, -204, -473, -253, 
107, -78, -185, -14, 146, -131, 97, 136, 43, -204, -473, -248, 
102, -82, -185, -9, 143, -134, 97, 141, 48, -204, -473, -248, 
102, -87, -190, -7, 146, -139, 97, 146, 63, -190, -468, -244, 
107, -87, -195, -9, 151, -141, 97, 156, 78, -185, -463, -244, 
102, -82, -185, -9, 143, -134, 97, 165, 73, -175, -458, -234, 
102, -82, -185, -9, 143, -134, 92, 170, 73, -170, -453, -229, 
97, -78, -175, -9, 136, -126, 92, 170, 73, -170, -448, -224, 
92, -73, -165, -9, 129, -119, 92, 165, 63, -180, -448, -224, 
92, -63, -156, -14, 124, -109, 82, 161, 68, -175, -444, -224, 
92, -63, -156, -14, 124, -109, 82, 156, 68, -175, -444, -224, 
92, -63, -156, -14, 124, -109, 87, 151, 68, -175, -448, -224, 
87, -63, -151, -12, 119, -107, 87, 146, 82, -170, -448, -224, 
87, -73, -161, -7, 124, -117, 87, 156, 82, -180, -453, -214, 
87, -73, -161, -7, 124, -117, 82, 156, 92, -175, -448, -214, 
92, -73, -165, -9, 129, -119, 82, 156, 92, -165, -448, -214, 
92, -68, -161, -12, 126, -114, 82, 156, 92, -161, -439, -214, 
92, -63, -156, -14, 124, -109, 92, 156, 87, -151, -439, -209, 
87, -63, -151, -12, 119, -107, 92, 156, 87, -156, -444, -209, 
87, -68, -156, -9, 122, -112, 92, 156, 82, -165, -444, -209, 
87, -68, -156, -9, 122, -112, 92, 156, 82, -165, -444, -209, 
87, -58, -146, -14, 117, -102, 92, 156, 73, -170, -444, -214, 
92, -58, -151, -17, 122, -104, 92, 156, 78, -165, -444, -214, 
92, -58, -151, -17, 122, -104, 87, 156, 78, -165, -444, -214, 
87, -58, -146, -14, 117, -102, 87, 156, 78, -165, -439, -209, 
97, -68, -165, -14, 131, -117, 87, 156, 87, -165, -444, -219, 
97, -63, -161, -17, 129, -112, 87, 156, 87, -165, -448, -219, 
97, -58, -156, -19, 126, -107, 87, 156, 87, -165, -453, -219, 
97, -48, -146, -24, 122, -97, 87, 156, 87, -165, -453, -214, 
97, -43, -141, -26, 119, -92, 78, 146, 87, -165, -448, -204, 
97, -43, -141, -26, 119, -92, 78, 146, 87, -165, -444, -204, 
97, -39, -136, -29, 117, -87, 78, 146, 87, -161, -444, -204, 
97, -34, -131, -31, 114, -82, 78, 151, 92, -151, -439, -204, 
87, -43, -131, -21, 109, -87, 87, 161, 92, -156, -424, -200, 
87, -39, -126, -24, 107, -82, 82, 161, 92, -156, -424, -195, 
87, -39, -126, -24, 107, -82, 82, 161, 97, -151, -424, -190, 
87, -39, -126, -24, 107, -82, 82, 161, 102, -146, -424, -185, 
78, -48, -126, -14, 102, -87, 82, 161, 102, -136, -419, -175, 
73, -39, -112, -17, 92, -75, 87, 161, 102, -136, -414, -165, 
73, -39, -112, -17, 92, -75, 87, 161, 102, -136, -409, -165, 
78, -39, -117, -19, 97, -78, 87, 161, 112, -126, -409, -170, 
87, -39, -126, -24, 107, -82, 78, 151, 107, -131, -419, -180, 
82, -39, -122, -21, 102, -80, 73, 156, 107, -141, -424, -185, 
82, -29, -112, -26, 97, -70, 73, 156, 107, -146, -424, -190, 
82, -19, -102, -31, 92, -61, 73, 156, 112, -146, -429, -185, 
82, -29, -112, -26, 97, -70, 82, 161, 126, -136, -419, -185, 
82, -34, -117, -24, 100, -75, 87, 161, 126, -136, -419, -185, 
82, -34, -117, -24, 100, -75, 87, 156, 126, -131, -419, -185, 
82, -29, -112, -26, 97, -70, 87, 156, 126, -126, -414, -170, 
78, -19, -97, -29, 87, -58, 82, 170, 136, -122, -405, -165, 
82, -19, -102, -31, 92, -61, 82, 170, 141, -117, -400, -161, 
82, -19, -102, -31, 92, -61, 82, 170, 141, -112, -395, -156, 
82, -14, -97, -34, 90, -56, 87, 175, 146, -102, -380, -146, 
87, -14, -102, -36, 95, -58, 78, 175, 141, -112, -390, -156, 
87, -14, -102, -36, 95, -58, 73, 175, 141, -112, -395, -156, 
87, -9, -97, -39, 92, -53, 73, 180, 151, -112, -400, -156, 
87, -9, -97, -39, 92, -53, 78, 180, 151, -97, -405, -161, 
78, -19, -97, -29, 87, -58, 78, 170, 156, -92, -395, -161, 
78, -9, -87, -34, 82, -48, 73, 170, 156, -92, -395, -161, 
78, 0, -78, -39, 78, -39, 68, 170, 161, -97, -395, -156, 
73, 0, -73, -36, 73, -36, 68, 175, 165, -97, -385, -141, 
73, -4, -78, -34, 75, -41, 87, 175, 161, -92, -380, -141, 
78, -4, -82, -36, 80, -43, 87, 175, 165, -87, -380, -141, 
78, 0, -78, -39, 78, -39, 87, 185, 170, -82, -380, -141, 
78, 4, -73, -41, 75, -34, 78, 185, 175, -78, -370, -136, 
78, 24, -53, -51, 65, -14, 68, 180, 190, -73, -375, -122, 
78, 24, -53, -51, 65, -14, 68, 180, 190, -73, -375, -117, 
78, 34, -43, -56, 61, -4, 68, 185, 195, -68, -375, -117, 
78, 34, -43, -56, 61, -4, 68, 185, 200, -63, -370, -122, 
78, 19, -58, -48, 68, -19, 73, 200, 214, -58, -366, -112, 
78, 14, -63, -46, 70, -24, 78, 200, 229, -58, -356, -107, 
78, 19, -58, -48, 68, -19, 92, 209, 239, -53, -346, -107, 
82, 19, -63, -51, 73, -21, 97, 209, 244, -48, -336, -102, 
82, 29, -53, -56, 68, -12, 82, 200, 234, -39, -336, -97, 
82, 34, -48, -58, 65, -7, 78, 200, 234, -39, -326, -92, 
87, 43, -43, -65, 65, 0, 78, 204, 244, -24, -326, -92, 
87, 53, -34, -70, 61, 9, 78, 209, 253, -9, -322, -87, 
92, 63, -29, -78, 61, 17, 68, 209, 253, -9, -322, -87, 
92, 68, -24, -80, 58, 21, 73, 209, 253, -4, -322, -82, 
92, 78, -14, -85, 53, 31, 73, 214, 263, 0, -322, -78, 
92, 78, -14, -85, 53, 31, 68, 214, 268, 0, -322, -68, 
82, 92, 9, -87, 36, 51, 68, 204, 268, -4, -312, -68, 
82, 97, 14, -90, 34, 56, 68, 204, 268, 4, -302, -63, 
82, 97, 14, -90, 34, 56, 68, 214, 283, 9, -297, -63, 
82, 102, 19, -92, 31, 61, 68, 214, 287, 14, -287, -63, 
92, 126, 34, -109, 29, 80, 68, 224, 297, 24, -287, -43, 
92, 141, 48, -117, 21, 95, 68, 229, 302, 29, -283, -43, 
92, 131, 39, -112, 26, 85, 68, 234, 307, 39, -283, -43, 
92, 131, 39, -112, 26, 85, 68, 234, 317, 39, -278, -39, 
82, 122, 39, -102, 21, 80, 68, 234, 317, 43, -278, -29, 
82, 122, 39, -102, 21, 80, 73, 234, 322, 43, -278, -24, 
82, 117, 34, -100, 24, 75, 73, 239, 331, 43, -268, -24, 
82, 122, 39, -102, 21, 80, 68, 239, 331, 43, -268, -24, 
87, 131, 43, -109, 21, 87, 73, 234, 336, 53, -268, -24, 
87, 131, 43, -109, 21, 87, 73, 234, 336, 68, -268, -29, 
87, 131, 43, -109, 21, 87, 73, 234, 341, 68, -258, -24, 
87, 136, 48, -112, 19, 92, 73, 234, 341, 63, -258, -24, 
87, 146, 58, -117, 14, 102, 58, 224, 331, 63, -263, -19, 
87, 151, 63, -119, 12, 107, 58, 224, 336, 68, -263, -19, 
92, 151, 58, -122, 17, 104, 53, 224, 336, 73, -273, -29, 
92, 151, 58, -122, 17, 104, 53, 224, 336, 73, -273, -29, 
87, 151, 63, -119, 12, 107, 48, 224, 346, 73, -263, -14, 
87, 151, 63, -119, 12, 107, 48, 224, 346, 78, -258, -9, 
92, 151, 58, -122, 17, 104, 48, 224, 346, 82, -253, -4, 
92, 151, 58, -122, 17, 104, 48, 224, 346, 82, -248, -4, 
92, 146, 53, -119, 19, 100, 58, 224, 346, 68, -253, -4, 
92, 136, 43, -114, 24, 90, 53, 219, 341, 63, -253, -4, 
92, 136, 43, -114, 24, 90, 53, 214, 331, 48, -253, -4, 
97, 146, 48, -122, 24, 97, 53, 209, 322, 43, -253, -9, 
87, 146, 58, -117, 14, 102, 53, 209, 317, 43, -273, -19, 
82, 141, 58, -112, 12, 100, 53, 200, 307, 39, -278, -24, 
82, 141, 58, -112, 12, 100, 43, 200, 297, 34, -283, -29, 
82, 126, 43, -104, 19, 85, 43, 195, 287, 34, -287, -34, 
92, 126, 34, -109, 29, 80, 43, 190, 278, 43, -287, -39, 
92, 112, 19, -102, 36, 65, 43, 185, 268, 29, -292, -39, 
97, 102, 4, -100, 46, 53, 43, 180, 248, 19, -302, -43, 
97, 97, 0, -97, 48, 48, 43, 180, 239, 4, -307, -53, 
87, 102, 14, -95, 36, 58, 39, 185, 224, 0, -302, -48, 
87, 87, 0, -87, 43, 43, 39, 180, 214, -9, -322, -58, 
92, 73, -19, -82, 56, 26, 43, 170, 209, -14, -326, -68, 
92, 58, -34, -75, 63, 12, 48, 170, 209, -19, -336, -63, 
87, 53, -34, -70, 61, 9, 48, 170, 190, -34, -351, -53, 
87, 43, -43, -65, 65, 0, 48, 165, 175, -43, -351, -68, 
87, 34, -53, -61, 70, -9, 48, 161, 156, -53, -356, -78, 
87, 19, -68, -53, 78, -24, 48, 156, 156, -63, -366, -82, 
78, 19, -58, -48, 68, -19, 58, 156, 141, -58, -375, -97, 
78, 4, -73, -41, 75, -34, 58, 151, 131, -73, -380, -97, 
73, 0, -73, -36, 73, -36, 63, 146, 126, -92, -380, -102, 
73, -4, -78, -34, 75, -41, 63, 146, 112, -102, -390, -102, 
68, -14, -82, -26, 75, -48, 68, 141, 122, -112, -405, -112, 
73, -29, -102, -21, 87, -65, 68, 136, 122, -122, -419, -117, 
73, -43, -117, -14, 95, -80, 68, 136, 117, -126, -424, -126, 
68, -53, -122, -7, 95, -87, 68, 131, 112, -131, -429, -126, 
58, -68, -126, 4, 92, -97, 78, 131, 97, -131, -429, -136, 
58, -68, -126, 4, 92, -97, 78, 131, 92, -136, -434, -141, 
58, -68, -126, 4, 92, -97, 78, 131, 87, -136, -434, -141, 
53, -68, -122, 7, 87, -95, 78, 126, 73, -136, -439, -146, 
63, -68, -131, 2, 97, -100, 68, 117, 68, -131, -439, -151, 
63, -73, -136, 4, 100, -104, 73, 117, 68, -131, -439, -151, 
63, -78, -141, 7, 102, -109, 78, 117, 68, -131, -434, -151, 
68, -73, -141, 2, 104, -107, 78, 117, 68, -136, -434, -151, 
58, -82, -141, 12, 100, -112, 87, 122, 78, -156, -448, -156, 
53, -87, -141, 17, 97, -114, 87, 122, 68, -156, -453, -156, 
53, -92, -146, 19, 100, -119, 87, 122, 68, -156, -453, -156, 
53, -92, -146, 19, 100, -119, 87, 122, 63, -165, -458, -161, 
53, -82, -136, 14, 95, -109, 87, 126, 58, -156, -458, -161, 
53, -82, -136, 14, 95, -109, 87, 126, 58, -151, -458, -161, 
48, -82, -131, 17, 90, -107, 92, 126, 58, -151, -458, -161, 
48, -82, -131, 17, 90, -107, 92, 122, 58, -156, -463, -165, 
48, -87, -136, 19, 92, -112, 82, 122, 58, -146, -453, -161, 
48, -92, -141, 21, 95, -117, 82, 122, 58, -151, -453, -161, 
48, -92, -141, 21, 95, -117, 78, 122, 58, -151, -453, -161, 
48, -92, -141, 21, 95, -117, 78, 122, 58, -161, -463, -161, 
43, -102, -146, 29, 95, -124, 87, 126, 58, -151, -453, -165, 
43, -97, -141, 26, 92, -119, 87, 126, 58, -151, -453, -161, 
48, -97, -146, 24, 97, -122, 87, 126, 58, -151, -458, -151, 
48, -97, -146, 24, 97, -122, 87, 126, 53, -151, -458, -146, 
48, -97, -146, 24, 97, -122, 87, 126, 63, -156, -458, -146, 
48, -97, -146, 24, 97, -122, 92, 126, 63, -151, -458, -146, 
43, -97, -141, 26, 92, -119, 97, 126, 63, -156, -453, -141, 
43, -97, -141, 26, 92, -119, 97, 126, 63, -161, -448, -141, 
43, -102, -146, 29, 95, -124, 82, 117, 58, -165, -448, -146, 
43, -102, -146, 29, 95, -124, 82, 112, 53, -165, -453, -151, 
43, -112, -156, 34, 100, -134, 82, 112, 48, -165, -463, -156, 
48, -112, -161, 31, 104, -136, 82, 117, 43, -156, -473, -170, 
58, -117, -175, 29, 117, -146, 82, 117, 58, -175, -473, -165, 
53, -117, -170, 31, 112, -143, 82, 112, 58, -175, -473, -156, 
48, -117, -165, 34, 107, -141, 82, 112, 53, -175, -468, -146, 
48, -117, -165, 34, 107, -141, 87, 112, 53, -175, -468, -141, 
48, -112, -161, 31, 104, -136, 87, 112, 43, -165, -458, -141, 
48, -107, -156, 29, 102, -131, 82, 112, 43, -156, -458, -141, 
48, -102, -151, 26, 100, -126, 82, 112, 43, -151, -458, -141, 
43, -102, -146, 29, 95, -124, 82, 112, 43, -151, -453, -141, 
43, -112, -156, 34, 100, -134, 82, 102, 43, -165, -463, -151, 
53, -107, -161, 26, 107, -134, 82, 102, 43, -180, -468, -156, 
53, -107, -161, 26, 107, -134, 82, 102, 43, -190, -478, -161, 
53, -107, -161, 26, 107, -134, 82, 102, 39, -200, -492, -165, 
39, -112, -151, 36, 95, -131, 92, 107, 43, -190, -483, -161, 
34, -112, -146, 39, 90, -129, 92, 112, 48, -190, -478, -156, 
34, -117, -151, 41, 92, -134, 97, 117, 58, -190, -478, -151, 
34, -126, -161, 46, 97, -143, 97, 122, 63, -185, -488, -156, 
34, -117, -151, 41, 92, -134, 97, 122, 53, -180, -478, -156, 
34, -117, -151, 41, 92, -134, 97, 122, 53, -180, -473, -151, 
34, -122, -156, 43, 95, -139, 97, 122, 53, -175, -468, -146, 
34, -126, -161, 46, 97, -143, 97, 122, 53, -170, -468, -146, 
34, -117, -151, 41, 92, -134, 107, 112, 53, -180, -468, -141, 
34, -117, -151, 41, 92, -134, 107, 112, 53, -180, -468, -141, 
34, -117, -151, 41, 92, -134, 107, 112, 53, -180, -468, -136, 
34, -107, -141, 36, 87, -124, 107, 112, 53, -180, -468, -136, 
43, -92, -136, 24, 90, -114, 97, 112, 53, -190, -478, -151, 
43, -92, -136, 24, 90, -114, 97, 112, 53, -190, -483, -156, 
43, -97, -141, 26, 92, -119, 97, 112, 53, -190, -488, -161, 
43, -97, -141, 26, 92, -119, 97, 112, 53, -190, -492, -170, 
34, -107, -141, 36, 87, -124, 107, 112, 58, -185, -488, -165, 
34, -107, -141, 36, 87, -124, 107, 112, 58, -185, -478, -156, 
34, -107, -141, 36, 87, -124, 107, 112, 58, -180, -473, -151, 
29, -112, -141, 41, 85, -126, 107, 112, 58, -170, -468, -146, 
19, -122, -141, 51, 80, -131, 97, 112, 68, -170, -453, -131, 
29, -122, -151, 46, 90, -136, 97, 112, 63, -165, -453, -126, 
29, -117, -146, 43, 87, -131, 97, 112, 63, -165, -453, -122, 
29, -107, -136, 39, 82, -122, 102, 112, 63, -165, -453, -117, 
34, -102, -136, 34, 85, -119, 92, 122, 63, -156, -463, -117, 
39, -102, -141, 31, 90, -122, 92, 122, 63, -156, -463, -117, 
39, -112, -151, 36, 95, -131, 92, 122, 68, -156, -463, -117, 
43, -112, -156, 34, 100, -134, 92, 122, 68, -161, -463, -117, 
48, -112, -161, 31, 104, -136, 92, 122, 68, -165, -478, -126, 
48, -112, -161, 31, 104, -136, 92, 122, 68, -170, -483, -131, 
48, -112, -161, 31, 104, -136, 92, 122, 63, -175, -483, -131, 
48, -112, -161, 31, 104, -136, 92, 122, 63, -175, -478, -131, 
43, -112, -156, 34, 100, -134, 92, 112, 53, -170, -478, -141, 
39, -112, -151, 36, 95, -131, 92, 112, 53, -170, -478, -141, 
34, -112, -146, 39, 90, -129, 92, 112, 58, -170, -478, -141, 
29, -112, -141, 41, 85, -126, 92, 112, 58, -165, -478, -136, 
34, -102, -136, 34, 85, -119, 92, 112, 48, -170, -478, -131, 
34, -102, -136, 34, 85, -119, 92, 112, 48, -165, -478, -131, 
39, -102, -141, 31, 90, -122, 92, 112, 53, -165, -478, -126, 
39, -102, -141, 31, 90, -122, 92, 117, 53, -165, -478, -122, 
48, -102, -151, 26, 100, -126, 92, 117, 63, -165, -488, -131, 
48, -102, -151, 26, 100, -126, 92, 112, 63, -165, -483, -126, 
48, -102, -151, 26, 100, -126, 87, 112, 58, -165, -483, -126, 
53, -102, -156, 24, 104, -129, 87, 112, 58, -165, -483, -126, 
43, -112, -156, 34, 100, -134, 92, 112, 58, -165, -473, -117, 
43, -117, -161, 36, 102, -139, 92, 112, 63, -165, -468, -117, 
43, -122, -165, 39, 104, -143, 92, 112, 63, -165, -468, -117, 
43, -126, -170, 41, 107, -148, 92, 112, 63, -165, -468, -122, 
43, -112, -156, 34, 100, -134, 92, 107, 53, -165, -473, -117, 
43, -112, -156, 34, 100, -134, 92, 107, 53, -165, -473, -117, 
39, -117, -156, 39, 97, -136, 92, 107, 53, -165, -473, -112, 
34, -117, -151, 41, 92, -134, 92, 102, 53, -165, -468, -112, 
24, -126, -151, 51, 87, -139, 107, 112, 53, -170, -478, -112, 
29, -126, -156, 48, 92, -141, 107, 117, 58, -170, -478, -112, 
34, -126, -161, 46, 97, -143, 107, 117, 63, -170, -478, -112, 
34, -126, -161, 46, 97, -143, 107, 117, 63, -170, -478, -112, 
43, -126, -170, 41, 107, -148, 97, 112, 53, -180, -488, -112, 
43, -122, -165, 39, 104, -143, 97, 112, 48, -180, -483, -112, 
43, -112, -156, 34, 100, -134, 97, 112, 48, -175, -483, -112, 
43, -112, -156, 34, 100, -134, 97, 117, 53, -170, -483, -107, 
48, -122, -170, 36, 109, -146, 97, 107, 43, -165, -488, -112, 
48, -122, -170, 36, 109, -146, 97, 107, 43, -161, -478, -112, 
39, -117, -156, 39, 97, -136, 97, 107, 43, -161, -478, -117, 
39, -117, -156, 39, 97, -136, 97, 107, 43, -165, -483, -122, 
39, -126, -165, 43, 102, -146, 97, 107, 48, -175, -483, -117, 
48, -126, -175, 39, 112, -151, 97, 107, 48, -175, -483, -112, 
48, -126, -175, 39, 112, -151, 97, 107, 48, -175, -483, -107, 
48, -117, -165, 34, 107, -141, 97, 107, 48, -175, -483, -102, 
43, -117, -161, 36, 102, -139, 97, 107, 48, -180, -483, -92, 
39, -117, -156, 39, 97, -136, 97, 107, 48, -180, -483, -92, 
39, -122, -161, 41, 100, -141, 97, 107, 48, -180, -483, -92, 
39, -126, -165, 43, 102, -146, 97, 107, 53, -180, -488, -92, 
48, -117, -165, 34, 107, -141, 97, 117, 53, -175, -488, -97, 
48, -112, -161, 31, 104, -136, 97, 112, 53, -175, -483, -102, 
48, -112, -161, 31, 104, -136, 97, 112, 53, -180, -483, -102, 
43, -117, -161, 36, 102, -139, 102, 112, 58, -190, -483, -102, 
43, -131, -175, 43, 109, -153, 102, 102, 58, -180, -483, -102, 
43, -131, -175, 43, 109, -153, 92, 102, 48, -175, -483, -102, 
43, -131, -175, 43, 109, -153, 82, 97, 43, -170, -483, -102, 
43, -136, -180, 46, 112, -158, 82, 97, 39, -165, -488, -102, 
34, -136, -170, 51, 102, -153, 82, 107, 43, -170, -488, -97, 
34, -136, -170, 51, 102, -153, 82, 102, 43, -170, -488, -102, 
34, -131, -165, 48, 100, -148, 87, 102, 39, -170, -483, -97, 
34, -126, -161, 46, 97, -143, 92, 107, 39, -170, -483, -87, 
43, -112, -156, 34, 100, -134, 102, 97, 43, -170, -483, -92, 
48, -112, -161, 31, 104, -136, 102, 97, 48, -170, -483, -92, 
48, -122, -170, 36, 109, -146, 102, 97, 48, -170, -483, -97, 
53, -136, -190, 41, 122, -163, 102, 97, 48, -175, -483, -97, 
43, -136, -180, 46, 112, -158, 102, 102, 53, -170, -488, -92, 
48, -131, -180, 41, 114, -156, 102, 102, 53, -170, -488, -92, 
48, -126, -175, 39, 112, -151, 102, 102, 53, -170, -483, -92, 
48, -126, -175, 39, 112, -151, 102, 107, 53, -170, -483, -92, 
39, -122, -161, 41, 100, -141, 92, 107, 48, -170, -473, -78, 
34, -131, -165, 48, 100, -148, 102, 107, 48, -165, -473, -73, 
34, -131, -165, 48, 100, -148, 102, 107, 48, -165, -473, -73, 
39, -131, -170, 46, 104, -151, 102, 107, 48, -170, -473, -78, 
39, -131, -170, 46, 104, -151, 102, 107, 48, -170, -473, -78, 
39, -131, -170, 46, 104, -151, 97, 107, 48, -170, -473, -78, 
43, -131, -175, 43, 109, -153, 97, 102, 43, -170, -473, -82, 
48, -126, -175, 39, 112, -151, 97, 102, 43, -170, -473, -82, 
48, -126, -175, 39, 112, -151, 97, 102, 53, -180, -483, -78, 
48, -126, -175, 39, 112, -151, 97, 107, 53, -180, -488, -78, 
48, -126, -175, 39, 112, -151, 97, 107, 53, -180, -492, -87, 
48, -126, -175, 39, 112, -151, 97, 102, 53, -185, -502, -87, 
58, -131, -190, 36, 124, -161, 97, 92, 58, -175, -502, -78, 
53, -131, -185, 39, 119, -158, 97, 92, 58, -175, -497, -73, 
53, -131, -185, 39, 119, -158, 97, 97, 58, -165, -488, -73, 
53, -131, -185, 39, 119, -158, 102, 97, 58, -151, -483, -78, 
53, -131, -185, 39, 119, -158, 102, 107, 58, -165, -488, -82, 
48, -131, -180, 41, 114, -156, 102, 107, 53, -175, -488, -82, 
48, -131, -180, 41, 114, -156, 102, 102, 48, -185, -488, -78, 
48, -131, -180, 41, 114, -156, 102, 102, 48, -185, -488, -78, 
48, -122, -170, 36, 109, -146, 102, 102, 58, -170, -488, -68, 
48, -131, -180, 41, 114, -156, 102, 107, 58, -165, -483, -63, 
48, -136, -185, 43, 117, -161, 102, 107, 58, -170, -478, -58, 
48, -136, -185, 43, 117, -161, 102, 102, 48, -170, -473, -53, 
48, -131, -180, 41, 114, -156, 92, 92, 48, -170, -483, -63, 
48, -141, -190, 46, 119, -165, 97, 92, 53, -161, -483, -63, 
48, -136, -185, 43, 117, -161, 97, 92, 53, -161, -483, -68, 
48, -126, -175, 39, 112, -151, 97, 87, 53, -165, -483, -68, 
34, -131, -165, 48, 100, -148, 97, 97, 43, -175, -478, -53, 
34, -131, -165, 48, 100, -148, 97, 97, 43, -170, -478, -53, 
34, -131, -165, 48, 100, -148, 97, 97, 43, -170, -478, -58, 
34, -131, -165, 48, 100, -148, 97, 97, 48, -170, -478, -58, 
34, -136, -170, 51, 102, -153, 97, 97, 48, -180, -483, -58, 
34, -136, -170, 51, 102, -153, 97, 97, 48, -185, -488, -63, 
34, -136, -170, 51, 102, -153, 92, 97, 48, -190, -497, -73, 
34, -136, -170, 51, 102, -153, 92, 97, 43, -190, -507, -87, 
43, -126, -170, 41, 107, -148, 92, 87, 43, -170, -507, -82, 
43, -126, -170, 41, 107, -148, 92, 87, 43, -170, -502, -78, 
39, -126, -165, 43, 102, -146, 97, 87, 43, -175, -492, -68, 
39, -126, -165, 43, 102, -146, 97, 87, 43, -175, -488, -58, 
39, -136, -175, 48, 107, -156, 97, 92, 48, -175, -478, -43, 
39, -141, -180, 51, 109, -161, 97, 92, 53, -175, -478, -39, 
43, -146, -190, 51, 117, -168, 97, 97, 53, -175, -473, -34, 
43, -146, -190, 51, 117, -168, 97, 102, 58, -175, -473, -39, 
39, -146, -185, 53, 112, -165, 97, 102, 53, -170, -468, -29, 
39, -141, -180, 51, 109, -161, 97, 102, 53, -165, -468, -29, 
39, -141, -180, 51, 109, -161, 92, 102, 53, -165, -468, -29, 
39, -141, -180, 51, 109, -161, 92, 102, 53, -161, -478, -29, 
39, -141, -180, 51, 109, -161, 92, 92, 48, -175, -492, -43, 
39, -141, -180, 51, 109, -161, 97, 97, 48, -180, -492, -53, 
34, -146, -180, 56, 107, -163, 97, 97, 48, -185, -497, -58, 
29, -146, -175, 58, 102, -161, 97, 97, 48, -190, -502, -63, 
29, -136, -165, 53, 97, -151, 102, 102, 53, -185, -497, -53, 
29, -131, -161, 51, 95, -146, 102, 97, 58, -180, -492, -48, 
29, -126, -156, 48, 92, -141, 97, 97, 63, -175, -488, -43, 
34, -122, -156, 43, 95, -139, 97, 97, 68, -170, -483, -39, 
39, -122, -161, 41, 100, -141, 107, 97, 68, -156, -478, -34, 
39, -122, -161, 41, 100, -141, 107, 102, 68, -151, -473, -24, 
39, -117, -156, 39, 97, -136, 107, 102, 68, -146, -468, -19, 
43, -117, -161, 36, 102, -139, 107, 97, 68, -141, -463, -14, 
43, -107, -151, 31, 97, -129, 107, 102, 73, -131, -473, -9, 
43, -107, -151, 31, 97, -129, 107, 112, 78, -131, -463, -9, 
39, -107, -146, 34, 92, -126, 112, 117, 82, -131, -463, -4, 
39, -107, -146, 34, 92, -126, 112, 122, 87, -131, -468, -4, 
48, -107, -156, 29, 102, -131, 112, 122, 102, -131, -468, -4, 
48, -107, -156, 29, 102, -131, 112, 126, 102, -131, -468, -4, 
48, -102, -151, 26, 100, -126, 112, 126, 102, -131, -468, -4, 
48, -102, -151, 26, 100, -126, 112, 126, 102, -126, -468, -4, 
58, -82, -141, 12, 100, -112, 112, 126, 102, -117, -448, -4, 
43, -82, -126, 19, 85, -104, 117, 126, 102, -126, -448, -4, 
48, -97, -146, 24, 97, -122, 117, 126, 87, -146, -478, -29, 
48, -102, -151, 26, 100, -126, 107, 117, 78, -146, -488, -29, 
48, -107, -156, 29, 102, -131, 107, 117, 78, -146, -488, -29, 
48, -112, -161, 31, 104, -136, 107, 117, 78, -146, -488, -29, 
48, -117, -165, 34, 107, -141, 107, 117, 78, -146, -488, -29, 
48, -117, -165, 34, 107, -141, 102, 107, 68, -136, -473, -24, 
48, -117, -165, 34, 107, -141, 97, 107, 68, -136, -468, -19, 
48, -117, -165, 34, 107, -141, 92, 107, 68, -136, -463, -14, 
48, -117, -165, 34, 107, -141, 87, 107, 68, -136, -458, -9, 
48, -122, -170, 36, 109, -146, 73, 97, 58, -146, -463, 0, 
48, -126, -175, 39, 112, -151, 68, 97, 58, -146, -468, 0, 
48, -131, -180, 41, 114, -156, 63, 97, 58, -146, -473, 0, 
48, -136, -185, 43, 117, -161, 58, 97, 58, -146, -478, 0, 
48, -136, -185, 43, 117, -161, 63, 87, 53, -156, -492, -14, 
48, -136, -185, 43, 117, -161, 68, 87, 48, -165, -497, -19, 
48, -136, -185, 43, 117, -161, 73, 87, 43, -175, -502, -24, 
48, -136, -185, 43, 117, -161, 78, 87, 39, -185, -507, -29, 
39, -141, -180, 51, 109, -161, 68, 87, 29, -185, -507, -29, 
39, -146, -185, 53, 112, -165, 68, 87, 29, -185, -507, -29, 
39, -151, -190, 56, 114, -170, 68, 87, 29, -185, -507, -29, 
39, -156, -195, 58, 117, -175, 68, 87, 29, -185, -507, -29, 
39, -165, -204, 63, 122, -185, 78, 97, 39, -180, -502, -24, 
39, -165, -204, 63, 122, -185, 78, 97, 39, -175, -497, -19, 
39, -165, -204, 63, 122, -185, 78, 97, 39, -170, -492, -14, 
39, -165, -204, 63, 122, -185, 78, 97, 39, -165, -488, -9, 
29, -161, -190, 65, 109, -175, 92, 102, 53, -161, -478, -9, 
29, -156, -185, 63, 107, -170, 97, 107, 58, -156, -478, -9, 
29, -151, -180, 61, 104, -165, 102, 112, 63, -151, -478, -9, 
29, -146, -175, 58, 102, -161, 107, 117, 68, -146, -478, -9, 
29, -136, -165, 53, 97, -151, 97, 107, 68, -156, -488, -19, 
29, -136, -165, 53, 97, -151, 97, 107, 68, -156, -488, -19, 
29, -136, -165, 53, 97, -151, 97, 107, 68, -156, -488, -19, 
29, -136, -165, 53, 97, -151, 97, 107, 68, -156, -488, -19, 
19, -146, -165, 63, 92, -156, 97, 97, 58, -165, -492, -19, 
19, -146, -165, 63, 92, -156, 97, 97, 58, -165, -497, -19, 
19, -146, -165, 63, 92, -156, 97, 97, 58, -165, -502, -19, 
19, -146, -165, 63, 92, -156, 97, 97, 58, -165, -507, -19, 
9, -151, -161, 70, 85, -156, 107, 92, 53, -165, -502, -4, 
14, -156, -170, 70, 92, -163, 107, 87, 48, -156, -497, 0, 
14, -165, -180, 75, 97, -173, 107, 82, 39, -156, -492, 0, 
14, -175, -190, 80, 102, -183, 107, 78, 34, -156, -488, 4, 
19, -165, -185, 73, 102, -175, 97, 82, 39, -161, -492, 0, 
19, -161, -180, 70, 100, -170, 97, 82, 39, -161, -492, -4, 
19, -161, -180, 70, 100, -170, 97, 82, 39, -161, -497, -9, 
9, -156, -165, 73, 87, -161, 97, 82, 39, -165, -502, -14, 
9, -156, -165, 73, 87, -161, 107, 82, 29, -175, -512, -24, 
9, -156, -165, 73, 87, -161, 107, 87, 29, -175, -512, -24, 
9, -156, -165, 73, 87, -161, 107, 87, 29, -170, -512, -24, 
9, -156, -165, 73, 87, -161, 112, 87, 29, -170, -512, -24, 
4, -170, -175, 82, 90, -173, 117, 87, 39, -165, -502, -9, 
4, -170, -175, 82, 90, -173, 122, 87, 39, -161, -502, -4, 
14, -170, -185, 78, 100, -178, 122, 82, 39, -165, -502, 0, 
14, -170, -185, 78, 100, -178, 117, 82, 34, -161, -502, 4, 
14, -170, -185, 78, 100, -178, 122, 92, 43, -165, -502, 4, 
14, -175, -190, 80, 102, -183, 122, 97, 48, -165, -502, 0, 
9, -175, -185, 82, 97, -180, 122, 97, 48, -165, -502, 0, 
9, -175, -185, 82, 97, -180, 122, 97, 48, -165, -502, 0, 
0, -175, -175, 87, 87, -175, 117, 82, 39, -175, -512, -9, 
0, -175, -175, 87, 87, -175, 112, 82, 39, -175, -517, -9, 
0, -175, -175, 87, 87, -175, 112, 87, 39, -170, -522, -14, 
0, -175, -175, 87, 87, -175, 107, 87, 39, -170, -522, -14, 
0, -175, -175, 87, 87, -175, 117, 87, 39, -165, -517, -14, 
4, -170, -175, 82, 90, -173, 117, 87, 39, -165, -512, -9, 
4, -170, -175, 82, 90, -173, 117, 87, 39, -165, -512, -9, 
4, -170, -175, 82, 90, -173, 117, 82, 39, -165, -512, -14, 
9, -161, -170, 75, 90, -165, 117, 87, 34, -165, -517, -4, 
9, -161, -170, 75, 90, -165, 117, 87, 34, -165, -517, 0, 
4, -161, -165, 78, 85, -163, 117, 87, 34, -156, -512, 4, 
4, -161, -165, 78, 85, -163, 117, 87, 34, -156, -512, 4, 
9, -161, -170, 75, 90, -165, 112, 78, 34, -170, -527, -9, 
9, -161, -170, 75, 90, -165, 112, 78, 34, -175, -527, -9, 
9, -161, -170, 75, 90, -165, 107, 78, 34, -180, -531, -14, 
9, -161, -170, 75, 90, -165, 107, 78, 34, -190, -541, -14, 
9, -165, -175, 78, 92, -170, 117, 82, 39, -180, -531, -9, 
9, -170, -180, 80, 95, -175, 117, 82, 39, -175, -531, -9, 
9, -175, -185, 82, 97, -180, 117, 82, 39, -175, -531, -9, 
9, -185, -195, 87, 102, -190, 117, 82, 39, -175, -531, -19, 
0, -185, -185, 92, 92, -185, 107, 82, 39, -165, -517, 0, 
0, -180, -180, 90, 90, -180, 107, 82, 39, -165, -517, 0, 
0, -180, -180, 90, 90, -180, 107, 82, 39, -165, -517, -4, 
0, -180, -180, 90, 90, -180, 107, 82, 39, -165, -517, -4, 
9, -190, -200, 90, 104, -195, 107, 92, 48, -156, -512, 4, 
9, -190, -200, 90, 104, -195, 107, 92, 48, -156, -507, 14, 
9, -185, -195, 87, 102, -190, 107, 92, 48, -156, -502, 29, 
9, -185, -195, 87, 102, -190, 107, 87, 48, -156, -492, 39, 
0, -185, -185, 92, 92, -185, 117, 87, 39, -141, -502, 24, 
0, -180, -180, 90, 90, -180, 117, 87, 39, -141, -502, 19, 
0, -175, -175, 87, 87, -175, 117, 87, 39, -141, -502, 14, 
0, -165, -165, 82, 82, -165, 117, 87, 39, -141, -502, 9, 
0, -175, -175, 87, 87, -175, 117, 97, 48, -156, -517, 0, 
0, -175, -175, 87, 87, -175, 117, 97, 48, -161, -522, 0, 
0, -175, -175, 87, 87, -175, 122, 97, 48, -165, -522, 0, 
0, -175, -175, 87, 87, -175, 122, 97, 53, -170, -527, 0, 
4, -175, -180, 85, 92, -178, 122, 87, 53, -165, -517, 9, 
4, -175, -180, 85, 92, -178, 122, 87, 53, -161, -512, 19, 
4, -175, -180, 85, 92, -178, 117, 87, 53, -156, -502, 29, 
4, -175, -180, 85, 92, -178, 117, 92, 53, -151, -488, 39, 
4, -170, -175, 82, 90, -173, 117, 82, 43, -161, -502, 34, 
4, -170, -175, 82, 90, -173, 117, 82, 43, -165, -507, 29, 
4, -161, -165, 78, 85, -163, 117, 82, 43, -165, -512, 24, 
4, -161, -165, 78, 85, -163, 117, 82, 43, -170, -517, 14, 
4, -156, -161, 75, 82, -158, 112, 82, 48, -156, -507, 19, 
4, -156, -161, 75, 82, -158, 112, 82, 48, -156, -502, 29, 
4, -156, -161, 75, 82, -158, 112, 82, 48, -151, -492, 34, 
4, -156, -161, 75, 82, -158, 112, 82, 48, -151, -502, 34, 
4, -165, -170, 80, 87, -168, 122, 92, 58, -151, -512, 24, 
4, -165, -170, 80, 87, -168, 122, 92, 58, -156, -512, 24, 
4, -165, -170, 80, 87, -168, 122, 92, 58, -156, -512, 29, 
4, -165, -170, 80, 87, -168, 122, 92, 58, -156, -512, 29, 
4, -170, -175, 82, 90, -173, 126, 92, 58, -146, -522, 34, 
14, -151, -165, 68, 90, -158, 117, 92, 53, -136, -507, 43, 
14, -151, -165, 68, 90, -158, 112, 92, 43, -136, -507, 34, 
9, -146, -156, 68, 82, -151, 112, 92, 39, -146, -507, 43, 
14, -136, -151, 61, 82, -143, 112, 82, 29, -131, -497, 63, 
14, -122, -136, 53, 75, -129, 102, 68, 34, -126, -478, 78, 
9, -112, -122, 51, 65, -117, 87, 68, 24, -122, -468, 87, 
14, -78, -92, 31, 53, -85, 68, 58, 29, -97, -434, 117, 
24, -43, -68, 9, 46, -56, 53, 63, 63, -43, -380, 161, 
39, -9, -48, -14, 43, -29, 34, 82, 97, 0, -322, 224, 
73, -4, -78, -34, 75, -41, -14, 87, 112, 63, -248, 292, 
112, 34, -78, -73, 95, -21, -63, 97, 122, 136, -170, 351, 
170, 73, -97, -122, 134, -12, -112, 107, 122, 185, -97, 395, 
214, 112, -102, -163, 158, 4, -161, 97, 87, 204, -48, 434, 
258, 122, -136, -190, 197, -7, -209, 68, 9, 204, -9, 478, 
283, 122, -161, -202, 222, -19, -234, 34, -87, 165, -19, 488, 
307, 112, -195, -209, 251, -41, -258, 14, -214, 117, -29, 492, 
317, 102, -214, -209, 265, -56, -268, -9, -331, 82, -34, 488, 
307, 78, -229, -192, 268, -75, -263, -43, -434, 29, -87, 463, 
302, 34, -268, -168, 285, -117, -219, -53, -478, -34, -161, 400, 
292, -9, -302, -141, 297, -156, -175, -58, -507, -102, -248, 331, 
248, -53, -302, -97, 275, -178, -131, -92, -541, -170, -331, 258, 
195, -117, -312, -39, 253, -214, -63, -122, -561, -239, -409, 180, 
136, -195, -331, 29, 234, -263, 9, -136, -556, -292, -483, 107, 
73, -307, -380, 117, 226, -344, 82, -136, -580, -385, -610, -19, 
14, -448, -463, 217, 239, -456, 151, -126, -624, -536, -785, -180, 
-24, -541, -517, 283, 246, -529, 195, -117, -663, -644, -917, -292, 
-48, -541, -492, 295, 222, -517, 195, -126, -663, -653, -941, -302, 
-53, -522, -468, 287, 207, -495, 180, -141, -658, -619, -912, -268, 
-73, -541, -468, 307, 197, -505, 156, -161, -658, -605, -902, -258, 
-82, -590, -507, 336, 212, -549, 146, -161, -649, -614, -907, -263, 
-78, -600, -522, 339, 222, -561, 122, -141, -629, -624, -907, -263, 
-63, -570, -507, 317, 222, -539, 112, -112, -570, -600, -878, -239, 
-63, -551, -488, 307, 212, -519, 112, -92, -492, -541, -829, -209, 
-63, -531, -468, 297, 202, -500, 112, -53, -419, -502, -795, -190, 
-53, -497, -444, 275, 195, -470, 117, -14, -356, -463, -771, -175, 
-53, -473, -419, 263, 183, -446, 131, 34, -283, -424, -751, -151, 
-39, -468, -429, 253, 195, -448, 146, 73, -239, -405, -736, -146, 
-24, -434, -409, 229, 192, -422, 141, 82, -204, -380, -712, -126, 
-9, -385, -375, 197, 183, -380, 131, 82, -175, -341, -688, -102, 
-14, -346, -331, 180, 158, -339, 136, 78, -170, -312, -663, -63, 
-9, -336, -326, 173, 158, -331, 131, 78, -151, -302, -653, -48, 
4, -312, -317, 153, 161, -314, 136, 78, -107, -278, -619, -29, 
9, -283, -292, 136, 151, -287, 141, 87, -53, -234, -590, -4, 
0, -268, -268, 134, 134, -268, 151, 97, -9, -204, -566, 0, 
0, -258, -258, 129, 129, -258, 146, 112, 29, -185, -551, 9, 
0, -244, -244, 122, 122, -244, 146, 122, 68, -165, -536, 24, 
0, -209, -209, 104, 104, -209, 146, 131, 87, -151, -527, 24, 
9, -175, -185, 82, 97, -180, 141, 136, 87, -141, -531, 14, 
9, -146, -156, 68, 82, -151, 136, 131, 78, -141, -531, 34, 
9, -131, -141, 61, 75, -136, 126, 122, 78, -136, -507, 63, 
9, -122, -131, 56, 70, -126, 126, 117, 87, -126, -492, 78, 
19, -131, -151, 56, 85, -141, 117, 107, 82, -117, -488, 82, 
14, -131, -146, 58, 80, -139, 117, 112, 87, -117, -483, 82, 
14, -131, -146, 58, 80, -139, 117, 117, 102, -102, -473, 87, 
19, -126, -146, 53, 82, -136, 117, 126, 117, -97, -463, 87, 
19, -131, -151, 56, 85, -141, 126, 126, 131, -87, -468, 87, 
24, -131, -156, 53, 90, -143, 122, 131, 131, -82, -463, 92, 
24, -126, -151, 51, 87, -139, 122, 131, 131, -82, -458, 97, 
24, -122, -146, 48, 85, -134, 122, 126, 122, -92, -458, 97, 
14, -122, -136, 53, 75, -129, 112, 126, 117, -87, -463, 107, 
14, -122, -136, 53, 75, -129, 112, 126, 117, -87, -463, 107, 
14, -122, -136, 53, 75, -129, 117, 126, 117, -87, -468, 107, 
9, -122, -131, 56, 70, -126, 117, 126, 131, -82, -468, 107, 
19, -122, -141, 51, 80, -131, 117, 126, 122, -97, -473, 97, 
19, -122, -141, 51, 80, -131, 112, 126, 131, -97, -468, 97, 
24, -122, -146, 48, 85, -134, 112, 126, 131, -92, -468, 97, 
24, -117, -141, 46, 82, -129, 112, 126, 131, -92, -458, 97, 
24, -112, -136, 43, 80, -124, 122, 126, 136, -87, -458, 102, 
19, -112, -131, 46, 75, -122, 122, 126, 136, -87, -463, 102, 
19, -117, -136, 48, 78, -126, 122, 126, 131, -92, -463, 102, 
19, -117, -136, 48, 78, -126, 122, 126, 131, -87, -463, 102, 
19, -117, -136, 48, 78, -126, 122, 126, 141, -82, -453, 102, 
24, -117, -141, 46, 82, -129, 122, 126, 146, -78, -453, 107, 
24, -117, -141, 46, 82, -129, 117, 126, 146, -78, -453, 112, 
19, -117, -136, 48, 78, -126, 117, 126, 146, -78, -448, 122, 
19, -126, -146, 53, 82, -136, 117, 126, 146, -78, -458, 112, 
19, -122, -141, 51, 80, -131, 117, 126, 146, -78, -458, 112, 
19, -117, -136, 48, 78, -126, 117, 126, 146, -78, -458, 112, 
19, -107, -126, 43, 73, -117, 117, 126, 146, -78, -453, 117, 
19, -107, -126, 43, 73, -117, 117, 126, 146, -73, -453, 107, 
19, -112, -131, 46, 75, -122, 117, 126, 146, -78, -453, 107, 
19, -112, -131, 46, 75, -122, 117, 126, 146, -78, -458, 107, 
19, -112, -131, 46, 75, -122, 117, 131, 151, -73, -458, 107, 
19, -112, -131, 46, 75, -122, 117, 131, 141, -78, -444, 117, 
19, -107, -126, 43, 73, -117, 112, 131, 141, -78, -444, 117, 
19, -107, -126, 43, 73, -117, 112, 131, 146, -73, -444, 117, 
19, -107, -126, 43, 73, -117, 112, 131, 151, -68, -444, 117, 
19, -107, -126, 43, 73, -117, 112, 131, 161, -68, -439, 126, 
14, -97, -112, 41, 63, -104, 117, 131, 161, -68, -434, 136, 
14, -97, -112, 41, 63, -104, 117, 131, 161, -68, -429, 136, 
19, -97, -117, 39, 68, -107, 117, 131, 170, -58, -429, 131, 
19, -97, -117, 39, 68, -107, 117, 131, 165, -58, -444, 117, 
14, -97, -112, 41, 63, -104, 112, 136, 165, -63, -444, 117, 
14, -87, -102, 36, 58, -95, 112, 136, 165, -63, -439, 117, 
14, -78, -92, 31, 53, -85, 112, 136, 170, -58, -439, 126, 
24, -87, -112, 31, 68, -100, 112, 141, 175, -58, -439, 126, 
24, -92, -117, 34, 70, -104, 117, 141, 175, -58, -439, 126, 
24, -92, -117, 34, 70, -104, 117, 136, 175, -53, -439, 126, 
24, -87, -112, 31, 68, -100, 117, 136, 175, -48, -434, 141, 
19, -87, -107, 34, 63, -97, 112, 131, 175, -48, -419, 141, 
24, -87, -112, 31, 68, -100, 112, 131, 180, -48, -419, 141, 
24, -87, -112, 31, 68, -100, 112, 131, 180, -48, -419, 141, 
24, -82, -107, 29, 65, -95, 117, 136, 185, -43, -409, 146, 
19, -82, -102, 31, 61, -92, 117, 136, 190, -43, -414, 156, 
19, -82, -102, 31, 61, -92, 112, 136, 190, -43, -414, 156, 
19, -78, -97, 29, 58, -87, 112, 141, 200, -43, -414, 156, 
19, -78, -97, 29, 58, -87, 117, 141, 200, -29, -414, 151, 
19, -78, -97, 29, 58, -87, 117, 141, 204, -34, -405, 151, 
19, -68, -87, 24, 53, -78, 112, 141, 204, -34, -405, 151, 
19, -58, -78, 19, 48, -68, 107, 141, 209, -39, -405, 156, 
14, -58, -73, 21, 43, -65, 107, 146, 214, -39, -395, 170, 
24, -53, -78, 14, 51, -65, 117, 136, 219, -24, -400, 161, 
29, -53, -82, 12, 56, -68, 117, 136, 224, -19, -400, 161, 
29, -48, -78, 9, 53, -63, 117, 146, 229, -14, -400, 161, 
29, -43, -73, 7, 51, -58, 107, 146, 234, -9, -390, 165, 
19, -39, -58, 9, 39, -48, 107, 151, 248, -14, -395, 170, 
19, -43, -63, 12, 41, -53, 107, 151, 248, -14, -395, 175, 
19, -39, -58, 9, 39, -48, 107, 156, 253, -9, -395, 175, 
19, -43, -63, 12, 41, -53, 107, 156, 258, -4, -390, 170, 
19, -43, -63, 12, 41, -53, 107, 151, 258, 0, -380, 170, 
19, -43, -63, 12, 41, -53, 107, 151, 268, 0, -375, 175, 
19, -34, -53, 7, 36, -43, 117, 161, 273, 4, -370, 175, 
24, -29, -53, 2, 39, -41, 117, 161, 273, 9, -366, 180, 
24, -14, -39, -4, 31, -26, 102, 151, 273, 9, -366, 185, 
24, -14, -39, -4, 31, -26, 97, 151, 273, 9, -356, 190, 
29, -9, -39, -9, 34, -24, 97, 156, 283, 24, -356, 190, 
29, -4, -34, -12, 31, -19, 97, 161, 292, 39, -351, 195, 
34, 0, -34, -17, 34, -17, 107, 170, 312, 48, -346, 195, 
34, 0, -34, -17, 34, -17, 112, 170, 312, 53, -341, 200, 
34, 4, -29, -19, 31, -12, 112, 175, 322, 58, -336, 204, 
34, 0, -34, -17, 34, -17, 107, 175, 326, 58, -331, 214, 
24, 14, -9, -19, 17, 2, 117, 175, 326, 53, -336, 204, 
24, 19, -4, -21, 14, 7, 117, 175, 326, 63, -331, 209, 
24, 19, -4, -21, 14, 7, 117, 185, 341, 68, -331, 209, 
24, 24, 0, -24, 12, 12, 117, 185, 346, 73, -326, 209, 
34, 48, 14, -41, 9, 31, 107, 175, 356, 82, -317, 209, 
34, 63, 29, -48, 2, 46, 107, 180, 361, 87, -312, 209, 
34, 53, 19, -43, 7, 36, 107, 185, 366, 97, -312, 209, 
34, 53, 19, -43, 7, 36, 107, 185, 375, 97, -307, 214, 
34, 48, 14, -41, 9, 31, 107, 185, 366, 92, -307, 224, 
34, 53, 19, -43, 7, 36, 112, 185, 370, 92, -307, 229, 
34, 53, 19, -43, 7, 36, 112, 190, 380, 92, -297, 229, 
34, 63, 29, -48, 2, 46, 107, 190, 380, 92, -297, 229, 
29, 63, 34, -46, -2, 48, 102, 195, 385, 92, -297, 234, 
29, 63, 34, -46, -2, 48, 102, 195, 385, 107, -297, 234, 
29, 63, 34, -46, -2, 48, 102, 195, 390, 107, -287, 244, 
29, 68, 39, -48, -4, 53, 102, 195, 390, 102, -287, 248, 
29, 78, 48, -53, -9, 63, 97, 185, 400, 112, -273, 244, 
29, 82, 53, -56, -12, 68, 97, 185, 405, 117, -273, 244, 
34, 82, 48, -58, -7, 65, 92, 185, 405, 122, -283, 234, 
34, 82, 48, -58, -7, 65, 92, 185, 405, 122, -283, 234, 
39, 92, 53, -65, -7, 73, 97, 185, 405, 112, -278, 244, 
39, 92, 53, -65, -7, 73, 97, 185, 405, 117, -278, 244, 
43, 92, 48, -68, -2, 70, 97, 185, 405, 122, -278, 244, 
43, 92, 48, -68, -2, 70, 97, 185, 405, 122, -278, 239, 
34, 87, 53, -61, -9, 70, 97, 185, 405, 117, -283, 239, 
34, 78, 43, -56, -4, 61, 92, 180, 400, 112, -283, 239, 
34, 78, 43, -56, -4, 61, 92, 175, 390, 97, -283, 239, 
39, 87, 48, -63, -4, 68, 92, 170, 380, 92, -283, 234, 
39, 87, 48, -63, -4, 68, 102, 180, 380, 102, -287, 244, 
34, 82, 48, -58, -7, 65, 102, 170, 375, 97, -287, 239, 
34, 82, 48, -58, -7, 65, 92, 170, 370, 92, -287, 234, 
34, 68, 34, -51, 0, 51, 92, 165, 366, 92, -287, 229, 
34, 63, 29, -48, 2, 46, 92, 161, 356, 92, -287, 224, 
34, 53, 19, -43, 7, 36, 92, 156, 346, 78, -292, 224, 
39, 48, 9, -43, 14, 29, 92, 151, 326, 68, -302, 219, 
39, 48, 9, -43, 14, 29, 92, 151, 317, 53, -307, 209, 
29, 53, 24, -41, 2, 39, 87, 146, 302, 48, -302, 219, 
29, 39, 9, -34, 9, 24, 87, 141, 292, 39, -322, 204, 
34, 24, -9, -29, 21, 7, 92, 131, 287, 34, -326, 190, 
34, 9, -24, -21, 29, -7, 97, 131, 287, 29, -336, 190, 
39, -4, -43, -17, 41, -24, 97, 131, 278, 14, -341, 200, 
39, -14, -53, -12, 46, -34, 97, 126, 263, 4, -341, 185, 
39, -24, -63, -7, 51, -43, 97, 122, 244, -4, -346, 175, 
39, -39, -78, 0, 58, -58, 97, 117, 244, -14, -356, 170, 
39, -43, -82, 2, 61, -63, 87, 117, 229, -14, -356, 175, 
39, -53, -92, 7, 65, -73, 87, 112, 219, -24, -361, 175, 
34, -53, -87, 9, 61, -70, 92, 107, 214, -39, -361, 170, 
34, -53, -87, 9, 61, -70, 92, 107, 200, -43, -370, 170, 
34, -58, -92, 12, 63, -75, 97, 112, 195, -43, -366, 151, 
34, -68, -102, 17, 68, -85, 97, 107, 190, -53, -380, 146, 
29, -78, -107, 24, 68, -92, 97, 107, 180, -58, -385, 136, 
19, -82, -102, 31, 61, -92, 97, 102, 170, -63, -390, 136, 
19, -87, -107, 34, 63, -97, 97, 92, 161, -73, -400, 126, 
19, -87, -107, 34, 63, -97, 97, 92, 161, -78, -405, 122, 
19, -87, -107, 34, 63, -97, 97, 92, 161, -78, -405, 122, 
14, -87, -102, 36, 58, -95, 97, 87, 151, -78, -409, 117, 
24, -102, -126, 39, 75, -114, 107, 87, 136, -82, -419, 112, 
24, -112, -136, 43, 80, -124, 112, 87, 136, -82, -419, 112, 
24, -122, -146, 48, 85, -134, 117, 87, 136, -82, -414, 112, 
29, -122, -151, 46, 90, -136, 117, 87, 136, -87, -414, 112, 
19, -117, -136, 48, 78, -126, 117, 82, 146, -87, -419, 107, 
14, -117, -131, 51, 73, -124, 117, 82, 136, -87, -424, 107, 
14, -117, -131, 51, 73, -124, 117, 82, 136, -87, -424, 107, 
14, -112, -126, 48, 70, -119, 117, 82, 131, -97, -429, 102, 
14, -122, -136, 53, 75, -129, 107, 87, 136, -97, -429, 102, 
14, -122, -136, 53, 75, -129, 107, 87, 136, -92, -429, 102, 
9, -122, -131, 56, 70, -126, 112, 87, 136, -92, -429, 102, 
9, -122, -131, 56, 70, -126, 112, 82, 136, -97, -434, 97, 
9, -131, -141, 61, 75, -136, 122, 82, 117, -107, -424, 92, 
9, -141, -151, 65, 80, -146, 122, 82, 117, -112, -424, 92, 
9, -146, -156, 68, 82, -151, 117, 82, 117, -112, -424, 92, 
9, -151, -161, 70, 85, -156, 117, 82, 117, -122, -434, 92, 
4, -151, -156, 73, 80, -153, 117, 78, 126, -122, -424, 82, 
4, -146, -151, 70, 78, -148, 117, 78, 126, -122, -424, 82, 
9, -146, -156, 68, 82, -151, 117, 78, 126, -122, -429, 87, 
9, -146, -156, 68, 82, -151, 117, 78, 122, -122, -429, 87, 
9, -156, -165, 73, 87, -161, 117, 87, 122, -122, -429, 78, 
9, -156, -165, 73, 87, -161, 122, 87, 122, -112, -429, 78, 
4, -156, -161, 75, 82, -158, 126, 87, 122, -112, -424, 82, 
4, -156, -161, 75, 82, -158, 126, 87, 122, -112, -419, 82, 
4, -141, -146, 68, 75, -143, 112, 78, 112, -126, -424, 82, 
4, -141, -146, 68, 75, -143, 112, 73, 112, -126, -424, 82, 
4, -151, -156, 73, 80, -153, 112, 73, 112, -126, -429, 82, 
9, -151, -161, 70, 85, -156, 112, 78, 112, -117, -434, 73, 
19, -156, -175, 68, 97, -165, 122, 78, 117, -117, -424, 73, 
14, -156, -170, 70, 92, -163, 122, 73, 117, -117, -424, 78, 
9, -156, -165, 73, 87, -161, 122, 73, 112, -117, -419, 82, 
9, -156, -165, 73, 87, -161, 126, 73, 112, -117, -419, 82, 
9, -156, -165, 73, 87, -161, 126, 73, 122, -122, -419, 73, 
9, -156, -165, 73, 87, -161, 122, 73, 122, -117, -419, 73, 
9, -156, -165, 73, 87, -161, 122, 73, 122, -117, -419, 73, 
4, -161, -165, 78, 85, -163, 122, 73, 122, -122, -414, 73, 
-4, -170, -165, 87, 80, -168, 122, 82, 122, -117, -409, 73, 
4, -165, -170, 80, 87, -168, 122, 82, 122, -122, -409, 78, 
4, -165, -170, 80, 87, -168, 122, 82, 122, -122, -414, 82, 
4, -165, -170, 80, 87, -168, 122, 82, 117, -122, -424, 87, 
0, -156, -156, 78, 78, -156, 122, 73, 117, -122, -414, 78, 
-4, -151, -146, 78, 70, -148, 122, 73, 117, -122, -409, 78, 
-4, -151, -146, 78, 70, -148, 126, 73, 122, -122, -409, 78, 
-4, -156, -151, 80, 73, -153, 126, 73, 122, -117, -419, 68, 
4, -146, -151, 70, 78, -148, 126, 73, 122, -117, -419, 68, 
4, -146, -151, 70, 78, -148, 126, 73, 122, -122, -414, 73, 
4, -151, -156, 73, 80, -153, 126, 73, 122, -122, -409, 78, 
4, -156, -161, 75, 82, -158, 126, 73, 122, -122, -409, 78, 
-4, -165, -161, 85, 78, -163, 126, 63, 112, -131, -419, 73, 
-4, -165, -161, 85, 78, -163, 126, 63, 112, -131, -419, 73, 
-4, -165, -161, 85, 78, -163, 126, 63, 112, -131, -419, 78, 
-4, -156, -151, 80, 73, -153, 126, 63, 112, -131, -419, 78, 
-4, -151, -146, 78, 70, -148, 126, 73, 112, -122, -414, 68, 
-4, -151, -146, 78, 70, -148, 126, 73, 112, -122, -414, 68, 
-4, -156, -151, 80, 73, -153, 126, 73, 112, -122, -414, 68, 
-4, -156, -151, 80, 73, -153, 126, 73, 112, -122, -414, 63, 
-4, -156, -151, 80, 73, -153, 126, 73, 117, -112, -414, 73, 
-4, -156, -151, 80, 73, -153, 126, 73, 117, -117, -409, 78, 
-4, -156, -151, 80, 73, -153, 126, 73, 117, -117, -409, 78, 
-9, -161, -151, 85, 70, -156, 126, 73, 117, -112, -409, 78, 
-19, -161, -141, 90, 61, -151, 126, 73, 126, -122, -414, 78, 
-9, -161, -151, 85, 70, -156, 126, 73, 122, -117, -414, 78, 
-9, -156, -146, 82, 68, -151, 126, 73, 122, -117, -414, 78, 
-9, -146, -136, 78, 63, -141, 131, 73, 122, -117, -414, 78, 
0, -151, -151, 75, 75, -151, 122, 63, 112, -117, -405, 78, 
0, -151, -151, 75, 75, -151, 122, 63, 112, -117, -405, 78, 
-4, -161, -156, 82, 75, -158, 122, 63, 117, -117, -405, 78, 
-4, -161, -156, 82, 75, -158, 122, 63, 117, -122, -405, 78, 
-9, -161, -151, 85, 70, -156, 131, 73, 126, -122, -405, 78, 
-9, -161, -151, 85, 70, -156, 131, 73, 126, -122, -405, 73, 
-9, -161, -151, 85, 70, -156, 131, 73, 122, -122, -400, 73, 
-9, -161, -151, 85, 70, -156, 131, 73, 122, -117, -390, 73, 
-9, -161, -151, 85, 70, -156, 122, 63, 112, -117, -400, 73, 
-9, -161, -151, 85, 70, -156, 122, 63, 112, -122, -400, 73, 
-9, -161, -151, 85, 70, -156, 122, 63, 117, -126, -400, 73, 
-9, -161, -151, 85, 70, -156, 122, 63, 117, -126, -400, 78, 
-4, -151, -146, 78, 70, -148, 122, 63, 117, -122, -390, 78, 
-4, -151, -146, 78, 70, -148, 122, 63, 117, -117, -390, 73, 
0, -151, -151, 75, 75, -151, 122, 63, 122, -117, -390, 73, 
0, -151, -151, 75, 75, -151, 122, 68, 122, -117, -390, 73, 
-9, -161, -151, 85, 70, -156, 131, 78, 131, -117, -380, 82, 
-9, -161, -151, 85, 70, -156, 131, 73, 131, -117, -375, 87, 
-9, -161, -151, 85, 70, -156, 126, 73, 126, -117, -375, 87, 
-4, -161, -156, 82, 75, -158, 126, 73, 126, -117, -375, 87, 
-4, -156, -151, 80, 73, -153, 131, 73, 117, -117, -380, 78, 
-4, -156, -151, 80, 73, -153, 131, 73, 122, -117, -380, 78, 
-4, -156, -151, 80, 73, -153, 131, 73, 122, -117, -385, 78, 
-4, -156, -151, 80, 73, -153, 131, 73, 122, -117, -390, 73, 
-4, -161, -156, 82, 75, -158, 122, 68, 122, -126, -395, 68, 
-4, -161, -156, 82, 75, -158, 122, 68, 122, -126, -395, 68, 
-9, -165, -156, 87, 73, -161, 122, 68, 122, -126, -395, 73, 
-14, -165, -151, 90, 68, -158, 122, 63, 122, -126, -390, 73, 
-14, -165, -151, 90, 68, -158, 126, 63, 112, -122, -380, 63, 
-9, -165, -156, 87, 73, -161, 126, 68, 117, -122, -380, 63, 
-4, -165, -161, 85, 78, -163, 126, 68, 122, -122, -380, 63, 
-4, -165, -161, 85, 78, -163, 126, 68, 122, -122, -380, 63, 
-14, -165, -151, 90, 68, -158, 126, 73, 122, -131, -380, 63, 
-14, -161, -146, 87, 65, -153, 126, 73, 117, -131, -375, 63, 
-14, -151, -136, 82, 61, -143, 126, 73, 117, -126, -375, 63, 
-14, -151, -136, 82, 61, -143, 126, 78, 122, -122, -375, 68, 
-9, -156, -146, 82, 68, -151, 126, 68, 112, -126, -380, 68, 
-9, -161, -151, 85, 70, -156, 126, 68, 112, -122, -370, 73, 
-19, -161, -141, 90, 61, -151, 126, 68, 112, -122, -370, 73, 
-19, -165, -146, 92, 63, -156, 126, 68, 112, -126, -375, 73, 
-19, -165, -146, 92, 63, -156, 126, 68, 117, -126, -375, 73, 
-9, -165, -156, 87, 73, -161, 126, 68, 117, -126, -375, 73, 
-9, -165, -156, 87, 73, -161, 126, 68, 117, -126, -375, 73, 
-9, -156, -146, 82, 68, -151, 126, 68, 117, -126, -375, 73, 
-14, -156, -141, 85, 63, -148, 126, 68, 107, -122, -375, 63, 
-19, -156, -136, 87, 58, -146, 126, 68, 107, -122, -375, 63, 
-19, -161, -141, 90, 61, -151, 126, 68, 107, -122, -375, 63, 
-19, -165, -146, 92, 63, -156, 126, 68, 112, -122, -380, 63, 
-19, -175, -156, 97, 68, -165, 136, 68, 112, -117, -380, 68, 
-19, -170, -151, 95, 65, -161, 136, 63, 112, -117, -375, 63, 
-19, -170, -151, 95, 65, -161, 136, 63, 112, -122, -375, 63, 
-24, -175, -151, 100, 63, -163, 141, 63, 117, -131, -375, 63, 
-24, -170, -146, 97, 61, -158, 151, 63, 117, -126, -375, 63, 
-24, -170, -146, 97, 61, -158, 141, 63, 107, -126, -375, 63, 
-24, -170, -146, 97, 61, -158, 131, 58, 102, -126, -375, 63, 
-24, -175, -151, 100, 63, -163, 131, 58, 97, -126, -380, 63, 
-24, -170, -146, 97, 61, -158, 136, 68, 97, -131, -385, 63, 
-24, -175, -151, 100, 63, -163, 131, 63, 102, -131, -380, 53, 
-24, -175, -151, 100, 63, -163, 131, 63, 102, -131, -370, 53, 
-24, -175, -151, 100, 63, -163, 131, 68, 107, -131, -366, 58, 
-19, -161, -141, 90, 61, -151, 131, 58, 117, -131, -375, 53, 
-19, -161, -141, 90, 61, -151, 131, 58, 117, -131, -375, 53, 
-24, -170, -146, 97, 61, -158, 131, 58, 112, -131, -375, 48, 
-24, -185, -161, 104, 68, -173, 131, 58, 107, -136, -375, 48, 
-24, -175, -151, 100, 63, -163, 131, 63, 112, -131, -370, 48, 
-19, -170, -151, 95, 65, -161, 131, 63, 112, -131, -370, 53, 
-19, -165, -146, 92, 63, -156, 131, 63, 112, -131, -366, 58, 
-19, -165, -146, 92, 63, -156, 131, 68, 112, -131, -366, 63, 
-19, -165, -146, 92, 63, -156, 131, 58, 117, -122, -356, 58, 
-24, -170, -146, 97, 61, -158, 141, 58, 117, -117, -356, 63, 
-24, -165, -141, 95, 58, -153, 141, 58, 117, -117, -356, 63, 
-19, -161, -141, 90, 61, -151, 141, 58, 117, -122, -356, 58, 
-29, -151, -122, 90, 46, -136, 141, 68, 126, -112, -346, 63, 
-29, -151, -122, 90, 46, -136, 136, 68, 126, -112, -346, 68, 
-24, -151, -126, 87, 51, -139, 136, 63, 122, -112, -346, 68, 
-19, -146, -126, 82, 53, -136, 136, 63, 122, -112, -346, 73, 
-14, -141, -126, 78, 56, -134, 136, 63, 136, -107, -336, 82, 
-9, -136, -126, 73, 58, -131, 136, 68, 141, -102, -331, 87, 
-4, -131, -126, 68, 61, -129, 136, 68, 146, -97, -326, 82, 
0, -126, -126, 63, 63, -126, 136, 63, 151, -97, -326, 87, 
-9, -122, -112, 65, 51, -117, 146, 68, 156, -87, -326, 97, 
-14, -122, -107, 68, 46, -114, 146, 73, 156, -87, -322, 102, 
-14, -122, -107, 68, 46, -114, 146, 82, 156, -78, -312, 102, 
-14, -122, -107, 68, 46, -114, 151, 87, 156, -63, -307, 97, 
-14, -131, -117, 73, 51, -124, 151, 87, 165, -68, -312, 82, 
-19, -131, -112, 75, 46, -122, 151, 87, 161, -78, -312, 82, 
-19, -131, -112, 75, 46, -122, 151, 82, 156, -87, -312, 87, 
-19, -131, -112, 75, 46, -122, 151, 82, 156, -87, -312, 87, 
-19, -141, -122, 80, 51, -131, 141, 73, 156, -87, -317, 82, 
-19, -151, -131, 85, 56, -141, 141, 78, 156, -87, -317, 82, 
-19, -156, -136, 87, 58, -146, 141, 78, 156, -97, -317, 82, 
-19, -156, -136, 87, 58, -146, 141, 73, 146, -102, -317, 82, 
-14, -151, -136, 82, 61, -143, 126, 63, 141, -112, -326, 82, 
-9, -161, -151, 85, 70, -156, 126, 63, 141, -102, -326, 82, 
-4, -156, -151, 80, 73, -153, 122, 63, 136, -102, -326, 78, 
0, -146, -146, 73, 73, -146, 117, 58, 131, -107, -326, 78, 
-4, -146, -141, 75, 68, -143, 112, 53, 117, -122, -322, 82, 
-4, -151, -146, 78, 70, -148, 107, 48, 112, -122, -322, 82, 
-4, -156, -151, 80, 73, -153, 102, 43, 107, -126, -322, 78, 
-4, -161, -156, 82, 75, -158, 97, 39, 107, -131, -322, 78, 
-14, -175, -161, 95, 73, -168, 107, 39, 102, -122, -331, 73, 
-14, -175, -161, 95, 73, -168, 107, 39, 97, -126, -331, 73, 
-14, -175, -161, 95, 73, -168, 102, 39, 92, -131, -336, 68, 
-14, -175, -161, 95, 73, -168, 102, 39, 82, -131, -341, 58, 
-14, -185, -170, 100, 78, -178, 112, 39, 82, -131, -346, 58, 
-14, -185, -170, 100, 78, -178, 112, 39, 82, -131, -346, 58, 
-19, -185, -165, 102, 73, -175, 117, 39, 82, -136, -341, 63, 
-19, -185, -165, 102, 73, -175, 117, 39, 82, -136, -341, 68, 
-19, -185, -165, 102, 73, -175, 117, 43, 97, -126, -336, 78, 
-19, -180, -161, 100, 70, -170, 117, 43, 102, -126, -331, 78, 
-14, -175, -161, 95, 73, -168, 117, 48, 102, -126, -322, 78, 
-14, -165, -151, 90, 68, -158, 117, 53, 107, -126, -317, 68, 
-9, -165, -156, 87, 73, -161, 126, 58, 122, -117, -302, 82, 
-9, -161, -151, 85, 70, -156, 126, 63, 122, -117, -302, 87, 
-9, -161, -151, 85, 70, -156, 122, 68, 122, -122, -302, 92, 
-9, -161, -151, 85, 70, -156, 122, 73, 122, -122, -312, 97, 
-14, -170, -156, 92, 70, -163, 131, 63, 126, -112, -312, 92, 
-19, -170, -151, 95, 65, -161, 136, 68, 126, -112, -307, 82, 
-29, -175, -146, 102, 58, -161, 136, 68, 126, -112, -307, 78, 
-39, -175, -136, 107, 48, -156, 136, 68, 126, -112, -307, 73, 
-39, -180, -141, 109, 51, -161, 131, 58, 122, -117, -312, 68, 
-39, -180, -141, 109, 51, -161, 131, 48, 117, -122, -317, 68, 
-39, -180, -141, 109, 51, -161, 126, 43, 112, -126, -322, 68, 
-34, -180, -146, 107, 56, -163, 126, 39, 107, -131, -326, 68, 
-34, -180, -146, 107, 56, -163, 136, 48, 97, -136, -317, 68, 
-39, -180, -141, 109, 51, -161, 136, 53, 97, -141, -317, 73, 
-43, -175, -131, 109, 43, -153, 136, 53, 97, -146, -317, 73, 
-43, -175, -131, 109, 43, -153, 136, 48, 97, -151, -317, 73, 
-43, -195, -151, 119, 53, -173, 146, 48, 107, -92, -317, 68, 
-43, -214, -170, 129, 63, -192, 146, 43, 107, -102, -326, 48, 
-48, -224, -175, 136, 63, -200, 146, 39, 97, -126, -331, 29, 
-48, -219, -170, 134, 61, -195, 146, 39, 97, -141, -322, 34, 
-48, -214, -165, 131, 58, -190, 146, 39, 97, -146, -322, 39, 
-48, -209, -161, 129, 56, -185, 146, 39, 97, -151, -322, 43, 
-48, -204, -156, 126, 53, -180, 146, 39, 97, -156, -322, 48, 
-43, -204, -161, 124, 58, -183, 136, 48, 87, -136, -322, 39, 
-43, -209, -165, 126, 61, -187, 136, 48, 82, -136, -322, 34, 
-43, -214, -170, 129, 63, -192, 136, 48, 82, -136, -322, 34, 
-39, -214, -175, 126, 68, -195, 136, 43, 87, -141, -322, 34, 
-39, -219, -180, 129, 70, -200, 146, 34, 97, -131, -317, 34, 
-39, -219, -180, 129, 70, -200, 146, 34, 97, -131, -317, 34, 
-48, -214, -165, 131, 58, -190, 146, 34, 97, -136, -317, 34, 
-48, -214, -165, 131, 58, -190, 146, 34, 97, -136, -317, 34, 
-58, -214, -156, 136, 48, -185, 146, 48, 87, -146, -317, 43, 
-58, -214, -156, 136, 48, -185, 146, 48, 87, -141, -317, 43, 
-58, -214, -156, 136, 48, -185, 151, 48, 87, -141, -317, 43, 
-63, -219, -156, 141, 46, -187, 156, 48, 87, -141, -317, 43, 
-63, -209, -146, 136, 41, -178, 151, 48, 97, -141, -307, 43, 
-53, -209, -156, 131, 51, -183, 151, 43, 97, -151, -307, 43, 
-53, -209, -156, 131, 51, -183, 146, 43, 92, -151, -307, 43, 
-53, -209, -156, 131, 51, -183, 141, 43, 92, -146, -307, 43, 
-43, -214, -170, 129, 63, -192, 151, 39, 97, -136, -307, 39, 
-48, -214, -165, 131, 58, -190, 151, 39, 97, -136, -307, 39, 
-48, -214, -165, 131, 58, -190, 151, 39, 97, -136, -307, 39, 
-48, -214, -165, 131, 58, -190, 151, 34, 97, -136, -307, 39, 
-48, -214, -165, 131, 58, -190, 141, 34, 97, -136, -302, 48, 
-48, -214, -165, 131, 58, -190, 146, 39, 97, -131, -307, 43, 
-48, -214, -165, 131, 58, -190, 146, 39, 97, -131, -307, 43, 
-48, -214, -165, 131, 58, -190, 146, 39, 97, -136, -302, 43, 
-53, -209, -156, 131, 51, -183, 146, 48, 107, -136, -297, 48, 
-53, -209, -156, 131, 51, -183, 146, 48, 107, -136, -297, 48, 
-53, -209, -156, 131, 51, -183, 146, 43, 107, -136, -297, 43, 
-48, -209, -161, 129, 56, -185, 146, 39, 102, -146, -302, 43, 
-39, -209, -170, 124, 65, -190, 146, 39, 92, -146, -302, 39, 
-43, -209, -165, 126, 61, -187, 146, 39, 92, -136, -297, 43, 
-43, -209, -165, 126, 61, -187, 146, 39, 92, -136, -297, 43, 
-48, -209, -161, 129, 56, -185, 151, 39, 92, -136, -297, 39, 
-48, -209, -161, 129, 56, -185, 151, 39, 92, -146, -292, 48, 
-48, -209, -161, 129, 56, -185, 146, 39, 92, -146, -292, 43, 
-48, -209, -161, 129, 56, -185, 146, 39, 92, -151, -297, 43, 
-48, -209, -161, 129, 56, -185, 146, 43, 97, -151, -297, 48, 
-48, -209, -161, 129, 56, -185, 156, 43, 97, -146, -287, 48, 
-48, -209, -161, 129, 56, -185, 156, 43, 97, -146, -287, 48, 
-48, -214, -165, 131, 58, -190, 156, 43, 97, -146, -287, 39, 
-48, -214, -165, 131, 58, -190, 156, 43, 97, -146, -283, 48, 
-48, -209, -161, 129, 56, -185, 146, 43, 97, -136, -292, 39, 
-48, -209, -161, 129, 56, -185, 146, 43, 97, -136, -292, 34, 
-48, -209, -161, 129, 56, -185, 146, 43, 97, -136, -292, 34, 
-48, -209, -161, 129, 56, -185, 146, 43, 97, -136, -292, 34, 
-58, -209, -151, 134, 46, -180, 146, 43, 107, -146, -283, 43, 
-58, -204, -146, 131, 43, -175, 146, 43, 107, -146, -283, 48, 
-58, -204, -146, 131, 43, -175, 146, 39, 107, -146, -278, 48, 
-58, -209, -151, 134, 46, -180, 146, 39, 107, -141, -278, 48, 
-53, -214, -161, 134, 53, -187, 146, 39, 107, -141, -278, 39, 
-48, -219, -170, 134, 61, -195, 146, 39, 107, -141, -278, 39, 
-43, -219, -175, 131, 65, -197, 146, 39, 107, -141, -278, 39, 
-39, -224, -185, 131, 73, -204, 146, 39, 107, -141, -278, 39, 
-48, -214, -165, 131, 58, -190, 146, 39, 102, -146, -287, 43, 
-48, -214, -165, 131, 58, -190, 151, 39, 97, -151, -283, 48, 
-48, -214, -165, 131, 58, -190, 151, 39, 97, -156, -283, 53, 
-43, -204, -161, 124, 58, -183, 151, 39, 92, -161, -283, 58, 
-43, -204, -161, 124, 58, -183, 161, 39, 102, -141, -283, 53, 
-43, -204, -161, 124, 58, -183, 156, 39, 102, -131, -278, 48, 
-43, -204, -161, 124, 58, -183, 156, 43, 102, -122, -268, 43, 
-43, -209, -165, 126, 61, -187, 156, 43, 102, -117, -263, 39, 
-53, -209, -156, 131, 51, -183, 146, 43, 102, -126, -263, 39, 
-53, -200, -146, 126, 46, -173, 146, 43, 102, -122, -263, 39, 
-53, -200, -146, 126, 46, -173, 146, 43, 102, -122, -263, 34, 
-53, -204, -151, 129, 48, -178, 151, 43, 107, -117, -263, 34, 
-43, -209, -165, 126, 61, -187, 161, 43, 117, -117, -268, 39, 
-43, -214, -170, 129, 63, -192, 161, 43, 117, -112, -258, 39, 
-43, -219, -175, 131, 65, -197, 161, 43, 117, -112, -268, 34, 
-43, -224, -180, 134, 68, -202, 161, 43, 117, -112, -268, 34, 
-43, -209, -165, 126, 61, -187, 151, 34, 107, -122, -263, 39, 
-43, -204, -161, 124, 58, -183, 151, 34, 107, -126, -258, 48, 
-43, -200, -156, 122, 56, -178, 151, 34, 107, -131, -253, 53, 
-43, -190, -146, 117, 51, -168, 146, 34, 107, -136, -248, 63, 
-43, -151, -107, 97, 31, -129, 136, 24, 92, -117, -244, 82, 
-34, -151, -117, 92, 41, -134, 131, 24, 92, -78, -224, 82, 
-19, -136, -117, 78, 48, -126, 122, 24, 107, -58, -195, 102, 
-14, -117, -102, 65, 43, -109, 102, 24, 117, -34, -136, 141, 
-14, -82, -68, 48, 26, -75, 82, 29, 141, 9, -87, 195, 
9, -43, -53, 17, 31, -48, 48, 29, 190, 43, -29, 244, 
53, 9, -43, -31, 48, -17, 0, 39, 224, 107, 53, 312, 
92, 63, -29, -78, 61, 17, -53, 73, 268, 180, 146, 385, 
126, 87, -39, -107, 82, 24, -92, 92, 302, 273, 214, 429, 
170, 102, -68, -136, 119, 17, -161, 78, 278, 336, 278, 478, 
209, 141, -68, -175, 139, 36, -209, 68, 209, 380, 326, 527, 
239, 170, -68, -204, 153, 51, -239, 48, 122, 380, 370, 561, 
244, 170, -73, -207, 158, 48, -258, 9, -9, 341, 380, 570, 
268, 170, -97, -219, 183, 36, -278, -29, -136, 283, 361, 566, 
283, 151, -131, -217, 207, 9, -263, -34, -204, 224, 312, 536, 
258, 102, -156, -180, 207, -26, -209, -43, -253, 156, 234, 463, 
239, 43, -195, -141, 217, -75, -161, -58, -302, 82, 131, 380, 
229, -19, -248, -104, 239, -134, -107, -73, -346, -9, 19, 287, 
185, -92, -278, -46, 231, -185, -43, -112, -390, -102, -63, 214, 
117, -175, -292, 29, 204, -234, -9, -156, -429, -190, -151, 146, 
53, -287, -341, 117, 197, -314, 34, -190, -492, -307, -273, 43, 
-9, -458, -448, 234, 219, -453, 122, -190, -561, -463, -458, -112, 
-58, -585, -527, 322, 234, -556, 175, -195, -634, -595, -619, -244, 
-82, -600, -517, 341, 217, -558, 170, -214, -649, -639, -668, -273, 
-92, -575, -483, 334, 195, -529, 151, -224, -624, -624, -649, -268, 
-102, -590, -488, 346, 192, -539, 146, -214, -605, -614, -644, -263, 
-107, -600, -492, 353, 192, -546, 146, -185, -566, -595, -629, -263, 
-82, -570, -488, 326, 202, -529, 122, -170, -502, -551, -580, -248, 
-73, -531, -458, 302, 192, -495, 107, -141, -444, -497, -531, -219, 
-82, -531, -448, 307, 183, -490, 117, -112, -375, -458, -517, -195, 
-78, -531, -453, 305, 187, -492, 131, -63, -287, -429, -497, -175, 
-82, -502, -419, 292, 168, -461, 161, -24, -209, -385, -458, -151, 
-82, -463, -380, 273, 148, -422, 170, 14, -161, -346, -419, -122, 
-73, -444, -370, 258, 148, -407, 170, 34, -117, -326, -395, -112, 
-63, -419, -356, 241, 146, -387, 185, 34, -112, -317, -390, -107, 
-53, -385, -331, 219, 139, -358, 190, 43, -87, -307, -370, -82, 
-58, -361, -302, 209, 122, -331, 195, 43, -53, -268, -336, -58, 
-53, -336, -283, 195, 114, -309, 180, 34, -29, -234, -312, -39, 
-48, -317, -268, 183, 109, -292, 170, 34, 0, -204, -297, -34, 
-43, -287, -244, 165, 100, -265, 165, 39, 43, -156, -273, -14, 
-39, -268, -229, 153, 95, -248, 170, 58, 92, -136, -244, 0, 
-34, -244, -209, 139, 87, -226, 165, 68, 126, -122, -229, 19, 
-39, -224, -185, 131, 73, -204, 161, 78, 141, -107, -219, 34, 
-29, -219, -190, 124, 80, -204, 161, 78, 146, -97, -214, 29, 
-29, -219, -190, 124, 80, -204, 165, 82, 146, -97, -209, 39, 
-29, -204, -175, 117, 73, -190, 165, 73, 146, -97, -214, 43, 
-19, -209, -190, 114, 85, -200, 165, 63, 136, -102, -214, 43, 
-29, -195, -165, 112, 68, -180, 161, 58, 136, -92, -200, 43, 
-48, -185, -136, 117, 43, -161, 165, 63, 146, -73, -180, 63, 
-48, -190, -141, 119, 46, -165, 175, 73, 156, -78, -185, 63, 
-29, -180, -151, 104, 61, -165, 175, 68, 165, -87, -190, 58, 
-29, -170, -141, 100, 56, -156, 165, 58, 161, -87, -180, 63, 
-34, -170, -136, 102, 51, -153, 165, 63, 165, -87, -180, 63, 
-34, -170, -136, 102, 51, -153, 165, 68, 180, -73, -175, 68, 
-29, -165, -136, 97, 53, -151, 165, 78, 195, -68, -170, 68, 
-39, -170, -131, 104, 46, -151, 165, 68, 195, -68, -170, 58, 
-34, -170, -136, 102, 51, -153, 161, 73, 190, -63, -170, 63, 
-34, -165, -131, 100, 48, -148, 161, 73, 185, -63, -170, 68, 
-34, -161, -126, 97, 46, -143, 161, 68, 170, -73, -175, 68, 
-24, -161, -136, 92, 56, -148, 161, 68, 165, -78, -175, 78, 
-24, -161, -136, 92, 56, -148, 161, 68, 165, -78, -170, 78, 
-24, -161, -136, 92, 56, -148, 165, 68, 165, -78, -170, 78, 
-29, -161, -131, 95, 51, -146, 165, 68, 180, -73, -165, 78, 
-29, -161, -131, 95, 51, -146, 165, 68, 170, -73, -161, 78, 
-29, -161, -131, 95, 51, -146, 161, 68, 180, -68, -156, 78, 
-24, -161, -136, 92, 56, -148, 161, 68, 180, -58, -156, 78, 
-24, -156, -131, 90, 53, -143, 161, 68, 180, -53, -146, 78, 
-34, -156, -122, 95, 43, -139, 161, 68, 185, -43, -146, 82, 
-39, -161, -122, 100, 41, -141, 161, 68, 185, -48, -151, 82, 
-39, -170, -131, 104, 46, -151, 161, 68, 180, -58, -151, 82, 
-39, -175, -136, 107, 48, -156, 161, 68, 180, -58, -151, 82, 
-48, -175, -126, 112, 39, -151, 161, 68, 180, -63, -151, 78, 
-43, -175, -131, 109, 43, -153, 161, 68, 185, -58, -151, 78, 
-43, -175, -131, 109, 43, -153, 156, 68, 185, -58, -151, 78, 
-48, -175, -126, 112, 39, -151, 156, 68, 185, -58, -146, 82, 
-43, -165, -122, 104, 39, -143, 156, 68, 185, -53, -136, 82, 
-39, -161, -122, 100, 41, -141, 156, 68, 185, -58, -136, 82, 
-34, -156, -122, 95, 43, -139, 156, 68, 185, -63, -136, 82, 
-29, -146, -117, 87, 43, -131, 156, 68, 185, -68, -131, 87, 
-29, -156, -126, 92, 48, -141, 156, 68, 185, -73, -122, 97, 
-29, -161, -131, 95, 51, -146, 156, 68, 185, -78, -122, 97, 
-29, -161, -131, 95, 51, -146, 156, 68, 185, -78, -126, 97, 
-29, -161, -131, 95, 51, -146, 156, 73, 190, -73, -126, 97, 
-29, -170, -141, 100, 56, -156, 165, 82, 195, -53, -126, 82, 
-29, -165, -136, 97, 53, -151, 161, 82, 200, -39, -131, 78, 
-29, -165, -136, 97, 53, -151, 161, 82, 209, -19, -136, 73, 
-29, -165, -136, 97, 53, -151, 161, 82, 219, 0, -141, 68, 
-29, -156, -126, 92, 48, -141, 161, 82, 209, -14, -131, 78, 
-34, -146, -112, 90, 39, -129, 165, 82, 209, -19, -122, 87, 
-34, -146, -112, 90, 39, -129, 165, 82, 209, -24, -112, 87, 
-29, -146, -117, 87, 43, -131, 165, 82, 219, -19, -107, 82, 
-19, -156, -136, 87, 58, -146, 165, 82, 214, -29, -112, 87, 
-24, -156, -131, 90, 53, -143, 161, 87, 214, -34, -112, 87, 
-24, -146, -122, 85, 48, -134, 161, 87, 214, -34, -107, 87, 
-24, -136, -112, 80, 43, -124, 161, 87, 219, -29, -107, 97, 
-34, -136, -102, 85, 34, -119, 161, 92, 234, -19, -97, 97, 
-34, -141, -107, 87, 36, -124, 165, 92, 234, -19, -97, 97, 
-34, -141, -107, 87, 36, -124, 165, 87, 234, -14, -97, 97, 
-34, -136, -102, 85, 34, -119, 165, 87, 234, -9, -92, 112, 
-29, -126, -97, 78, 34, -112, 161, 82, 234, -14, -97, 102, 
-24, -126, -102, 75, 39, -114, 161, 82, 239, -19, -97, 102, 
-24, -126, -102, 75, 39, -114, 161, 82, 239, -24, -97, 102, 
-24, -122, -97, 73, 36, -109, 165, 87, 244, -24, -87, 107, 
-29, -122, -92, 75, 31, -107, 175, 97, 258, -9, -82, 107, 
-29, -122, -92, 75, 31, -107, 170, 97, 258, -4, -82, 107, 
-29, -117, -87, 73, 29, -102, 170, 102, 268, 0, -82, 107, 
-29, -117, -87, 73, 29, -102, 175, 102, 268, 19, -82, 102, 
-29, -122, -92, 75, 31, -107, 175, 102, 263, 14, -82, 92, 
-29, -117, -87, 73, 29, -102, 170, 102, 263, 14, -82, 92, 
-29, -112, -82, 70, 26, -97, 165, 102, 268, 9, -82, 97, 
-34, -117, -82, 75, 24, -100, 165, 107, 273, 9, -73, 112, 
-34, -102, -68, 68, 17, -85, 165, 107, 283, 24, -58, 112, 
-29, -102, -73, 65, 21, -87, 165, 107, 292, 29, -58, 112, 
-29, -97, -68, 63, 19, -82, 165, 117, 302, 34, -58, 112, 
-29, -92, -63, 61, 17, -78, 156, 117, 312, 39, -48, 117, 
-29, -73, -43, 51, 7, -58, 156, 112, 307, 34, -43, 131, 
-29, -73, -43, 51, 7, -58, 156, 112, 307, 34, -43, 136, 
-29, -63, -34, 46, 2, -48, 156, 117, 312, 39, -43, 136, 
-29, -63, -34, 46, 2, -48, 156, 117, 317, 43, -39, 131, 
-29, -78, -48, 53, 9, -63, 165, 122, 331, 58, -39, 122, 
-29, -82, -53, 56, 12, -68, 165, 122, 346, 58, -34, 126, 
-29, -78, -48, 53, 9, -63, 175, 131, 356, 63, -29, 126, 
-24, -78, -53, 51, 14, -65, 175, 131, 361, 68, -24, 131, 
-24, -63, -39, 43, 7, -51, 170, 131, 361, 68, -24, 136, 
-24, -63, -39, 43, 7, -51, 165, 131, 361, 68, -14, 141, 
-19, -58, -39, 39, 9, -48, 165, 136, 370, 82, -14, 141, 
-19, -53, -34, 36, 7, -43, 165, 141, 380, 97, -9, 146, 
-14, -34, -19, 24, 2, -26, 165, 141, 380, 97, -4, 156, 
-14, -29, -14, 21, 0, -21, 170, 141, 380, 102, 0, 161, 
-14, -19, -4, 17, -4, -12, 170, 146, 390, 107, 4, 165, 
-14, -19, -4, 17, -4, -12, 165, 146, 395, 107, 9, 175, 
-14, -4, 9, 9, -12, 2, 175, 146, 405, 102, 24, 175, 
-14, 0, 14, 7, -14, 7, 175, 146, 405, 112, 29, 180, 
-14, 0, 14, 7, -14, 7, 175, 156, 419, 117, 29, 180, 
-14, 4, 19, 4, -17, 12, 175, 156, 424, 122, 34, 180, 
-14, 14, 29, 0, -21, 21, 175, 156, 424, 131, 39, 180, 
-14, 24, 39, -4, -26, 31, 175, 161, 429, 136, 39, 180, 
-14, 9, 24, 2, -19, 17, 175, 165, 434, 146, 34, 180, 
-14, 4, 19, 4, -17, 12, 175, 165, 444, 146, 34, 185, 
-14, 9, 24, 2, -19, 17, 175, 165, 444, 151, 43, 185, 
-14, 14, 29, 0, -21, 21, 180, 165, 448, 151, 43, 190, 
-14, 14, 29, 0, -21, 21, 180, 170, 458, 151, 53, 190, 
-14, 24, 39, -4, -26, 31, 175, 170, 458, 151, 53, 190, 
-14, 34, 48, -9, -31, 41, 180, 165, 453, 146, 53, 204, 
-19, 34, 53, -7, -36, 43, 180, 165, 453, 156, 53, 204, 
-24, 34, 58, -4, -41, 46, 180, 165, 458, 151, 63, 214, 
-29, 39, 68, -4, -48, 53, 180, 165, 458, 141, 63, 219, 
-29, 39, 68, -4, -48, 53, 175, 175, 448, 141, 68, 219, 
-29, 43, 73, -7, -51, 58, 175, 175, 453, 146, 68, 214, 
-24, 43, 68, -9, -46, 56, 170, 175, 453, 151, 58, 200, 
-24, 43, 68, -9, -46, 56, 170, 175, 453, 151, 58, 195, 
-24, 43, 68, -9, -46, 56, 165, 165, 453, 141, 63, 195, 
-19, 43, 63, -12, -41, 53, 165, 165, 453, 146, 63, 195, 
-9, 43, 53, -17, -31, 48, 165, 165, 453, 151, 63, 195, 
-4, 43, 48, -19, -26, 46, 165, 165, 453, 151, 63, 190, 
-9, 29, 39, -9, -24, 34, 175, 165, 444, 156, 48, 190, 
-14, 19, 34, -2, -24, 26, 170, 161, 439, 151, 48, 190, 
-19, 19, 39, 0, -29, 29, 170, 156, 429, 136, 48, 190, 
-19, 29, 48, -4, -34, 39, 170, 151, 419, 131, 48, 185, 
-19, 24, 43, -2, -31, 34, 170, 161, 414, 136, 48, 175, 
-24, 14, 39, 4, -31, 26, 170, 151, 405, 126, 43, 170, 
-24, 9, 34, 7, -29, 21, 161, 151, 395, 117, 39, 165, 
-24, -9, 14, 17, -19, 2, 161, 146, 385, 112, 34, 161, 
-14, -14, 0, 14, -7, -7, 151, 131, 366, 102, 34, 156, 
-14, -24, -9, 19, -2, -17, 151, 126, 356, 87, 29, 156, 
-9, -29, -19, 19, 4, -24, 151, 122, 336, 78, 19, 151, 
-9, -29, -19, 19, 4, -24, 151, 122, 326, 63, 14, 141, 
-19, -34, -14, 26, -2, -24, 146, 126, 307, 48, 19, 151, 
-19, -48, -29, 34, 4, -39, 146, 122, 292, 39, 0, 136, 
-14, -63, -48, 39, 17, -56, 151, 112, 283, 34, -4, 122, 
-14, -78, -63, 46, 24, -70, 156, 112, 278, 29, -14, 122, 
-29, -82, -53, 56, 12, -68, 156, 122, 278, 24, -9, 131, 
-29, -92, -63, 61, 17, -78, 156, 117, 263, 14, -9, 117, 
-29, -102, -73, 65, 21, -87, 156, 112, 244, 4, -14, 107, 
-29, -117, -87, 73, 29, -102, 156, 107, 244, -4, -24, 102, 
-34, -112, -78, 73, 21, -95, 156, 107, 248, 4, -24, 97, 
-29, -122, -92, 75, 31, -107, 156, 102, 239, -4, -29, 97, 
-29, -122, -92, 75, 31, -107, 161, 97, 234, -19, -29, 92, 
-24, -122, -97, 73, 36, -109, 161, 97, 219, -24, -39, 92, 
-29, -126, -97, 78, 34, -112, 165, 102, 214, -14, -39, 82, 
-24, -136, -112, 80, 43, -124, 165, 97, 209, -24, -48, 78, 
-24, -146, -122, 85, 48, -134, 165, 97, 200, -29, -48, 68, 
-29, -151, -122, 90, 46, -136, 165, 92, 190, -34, -48, 68, 
-29, -156, -126, 92, 48, -141, 165, 82, 190, -34, -48, 68, 
-29, -156, -126, 92, 48, -141, 165, 82, 190, -39, -53, 63, 
-29, -156, -126, 92, 48, -141, 165, 82, 190, -39, -53, 63, 
-34, -156, -122, 95, 43, -139, 165, 78, 180, -39, -58, 58, 
-34, -156, -122, 95, 43, -139, 165, 87, 175, -43, -58, 63, 
-34, -161, -126, 97, 46, -143, 170, 87, 175, -43, -58, 63, 
-34, -165, -131, 100, 48, -148, 175, 87, 175, -43, -53, 63, 
-29, -161, -131, 95, 51, -146, 175, 87, 175, -48, -53, 63, 
-29, -170, -141, 100, 56, -156, 175, 82, 175, -58, -58, 43, 
-34, -175, -141, 104, 53, -158, 175, 82, 165, -58, -63, 39, 
-34, -180, -146, 107, 56, -163, 175, 82, 165, -58, -63, 34, 
-34, -180, -146, 107, 56, -163, 175, 82, 161, -68, -68, 24, 
-34, -190, -156, 112, 61, -173, 175, 87, 165, -53, -58, 34, 
-34, -190, -156, 112, 61, -173, 175, 87, 165, -43, -58, 34, 
-39, -190, -151, 114, 56, -170, 180, 87, 165, -39, -58, 34, 
-39, -190, -151, 114, 56, -170, 180, 82, 165, -39, -63, 29, 
-39, -185, -146, 112, 53, -165, 180, 92, 156, -48, -53, 29, 
-39, -190, -151, 114, 56, -170, 180, 92, 156, -53, -53, 34, 
-39, -190, -151, 114, 56, -170, 175, 92, 156, -53, -53, 39, 
-39, -190, -151, 114, 56, -170, 175, 92, 156, -63, -63, 43, 
-43, -200, -156, 122, 56, -178, 175, 87, 165, -63, -63, 24, 
-43, -195, -151, 119, 53, -173, 175, 87, 165, -63, -63, 24, 
-39, -195, -156, 117, 58, -175, 175, 87, 165, -63, -68, 29, 
-39, -195, -156, 117, 58, -175, 175, 87, 161, -63, -68, 29, 
-48, -195, -146, 122, 48, -170, 175, 87, 151, -63, -58, 29, 
-48, -195, -146, 122, 48, -170, 180, 87, 151, -53, -58, 29, 
-53, -195, -141, 124, 43, -168, 185, 87, 151, -53, -53, 34, 
-53, -195, -141, 124, 43, -168, 185, 87, 151, -53, -48, 34, 
-48, -180, -131, 114, 41, -156, 170, 87, 151, -68, -43, 34, 
-43, -180, -136, 112, 46, -158, 170, 82, 151, -68, -43, 34, 
-39, -190, -151, 114, 56, -170, 170, 82, 151, -68, -48, 34, 
-29, -190, -161, 109, 65, -175, 170, 87, 151, -58, -53, 24, 
-39, -195, -156, 117, 58, -175, 180, 97, 146, -78, -63, 24, 
-43, -195, -151, 119, 53, -173, 180, 92, 146, -78, -63, 29, 
-48, -195, -146, 122, 48, -170, 180, 92, 141, -78, -58, 34, 
-48, -195, -146, 122, 48, -170, 185, 92, 141, -78, -58, 34, 
-39, -204, -165, 122, 63, -185, 185, 82, 146, -68, -58, 29, 
-39, -204, -165, 122, 63, -185, 180, 82, 151, -58, -58, 24, 
-39, -204, -165, 122, 63, -185, 180, 82, 156, -53, -58, 19, 
-43, -209, -165, 126, 61, -187, 180, 82, 161, -53, -53, 14, 
-43, -204, -161, 124, 58, -183, 180, 92, 161, -53, -39, 19, 
-34, -195, -161, 114, 63, -178, 180, 92, 161, -53, -39, 19, 
-34, -190, -156, 112, 61, -173, 180, 92, 161, -48, -43, 19, 
-34, -185, -151, 109, 58, -168, 180, 92, 156, -43, -53, 19, 
-29, -195, -165, 112, 68, -180, 170, 82, 156, -48, -53, 29, 
-34, -190, -156, 112, 61, -173, 170, 82, 156, -53, -48, 29, 
-34, -190, -156, 112, 61, -173, 175, 82, 161, -58, -48, 29, 
-34, -195, -161, 114, 63, -178, 175, 82, 161, -58, -58, 19, 
-43, -185, -141, 114, 48, -163, 175, 82, 151, -68, -43, 19, 
-43, -185, -141, 114, 48, -163, 175, 82, 151, -73, -34, 24, 
-43, -190, -146, 117, 51, -168, 175, 82, 151, -73, -24, 29, 
-43, -195, -151, 119, 53, -173, 175, 82, 151, -73, -19, 29, 
-43, -195, -151, 119, 53, -173, 175, 82, 161, -58, -29, 14, 
-43, -195, -151, 119, 53, -173, 175, 82, 161, -53, -29, 14, 
-43, -195, -151, 119, 53, -173, 175, 82, 161, -48, -29, 19, 
-43, -185, -141, 114, 48, -163, 175, 82, 161, -43, -29, 19, 
-43, -190, -146, 117, 51, -168, 185, 82, 161, -53, -24, 19, 
-43, -190, -146, 117, 51, -168, 185, 82, 161, -53, -24, 19, 
-43, -195, -151, 119, 53, -173, 185, 82, 161, -53, -24, 19, 
-43, -195, -151, 119, 53, -173, 185, 82, 161, -53, -24, 14, 
-53, -195, -141, 124, 43, -168, 185, 92, 156, -53, -24, 24, 
-53, -195, -141, 124, 43, -168, 185, 92, 156, -58, -19, 29, 
-53, -195, -141, 124, 43, -168, 185, 92, 156, -58, -19, 29, 
-58, -200, -141, 129, 41, -170, 185, 92, 156, -53, -19, 29, 
-68, -209, -141, 139, 36, -175, 195, 92, 161, -48, -4, 29, 
-58, -209, -151, 134, 46, -180, 195, 92, 161, -39, -4, 29, 
-58, -204, -146, 131, 43, -175, 195, 92, 165, -34, -4, 29, 
-58, -195, -136, 126, 39, -165, 200, 92, 170, -29, -4, 29, 
-48, -200, -151, 124, 51, -175, 200, 92, 170, -39, -4, 19, 
-48, -200, -151, 124, 51, -175, 200, 92, 170, -39, -4, 19, 
-53, -209, -156, 131, 51, -183, 200, 92, 175, -39, -4, 19, 
-53, -209, -156, 131, 51, -183, 200, 92, 175, -43, -4, 19, 
-48, -204, -156, 126, 53, -180, 190, 92, 165, -43, -9, 19, 
-48, -200, -151, 124, 51, -175, 190, 92, 165, -43, -14, 14, 
-48, -195, -146, 122, 48, -170, 190, 92, 161, -43, -14, 14, 
-48, -190, -141, 119, 46, -165, 190, 92, 161, -39, -9, 14, 
-58, -195, -136, 126, 39, -165, 200, 92, 170, -48, 0, 24, 
-58, -200, -141, 129, 41, -170, 200, 92, 170, -53, 0, 24, 
-58, -204, -146, 131, 43, -175, 200, 92, 175, -58, 0, 24, 
-58, -209, -151, 134, 46, -180, 200, 92, 175, -58, 0, 29, 
-73, -209, -136, 141, 31, -173, 190, 102, 175, -53, 0, 19, 
-73, -209, -136, 141, 31, -173, 190, 102, 175, -48, 0, 14, 
-68, -209, -141, 139, 36, -175, 190, 102, 180, -48, 0, 14, 
-68, -209, -141, 139, 36, -175, 190, 107, 180, -48, 0, 14, 
-68, -219, -151, 143, 41, -185, 200, 107, 180, -39, 9, 24, 
-68, -219, -151, 143, 41, -185, 200, 102, 180, -39, 14, 29, 
-68, -219, -151, 143, 41, -185, 195, 102, 175, -39, 14, 29, 
-63, -219, -156, 141, 46, -187, 195, 102, 175, -39, 14, 29, 
-53, -219, -165, 136, 56, -192, 200, 112, 185, -29, 9, 24, 
-53, -214, -161, 134, 53, -187, 200, 112, 190, -19, 9, 19, 
-53, -209, -156, 131, 51, -183, 200, 112, 190, -9, 4, 14, 
-53, -204, -151, 129, 48, -178, 200, 112, 190, 0, 0, 4, 
-53, -209, -156, 131, 51, -183, 200, 112, 185, -9, 0, 4, 
-53, -209, -156, 131, 51, -183, 200, 107, 180, -19, 4, 9, 
-58, -214, -156, 136, 48, -185, 200, 102, 175, -29, 9, 19, 
-63, -214, -151, 139, 43, -183, 200, 92, 170, -39, 19, 24, 
-53, -204, -151, 129, 48, -178, 195, 92, 161, -39, 9, 14, 
-48, -204, -156, 126, 53, -180, 195, 97, 165, -43, 9, 14, 
-43, -204, -161, 124, 58, -183, 195, 97, 170, -48, 9, 14, 
-43, -204, -161, 124, 58, -183, 195, 97, 170, -53, 9, 14, 
-53, -209, -156, 131, 51, -183, 195, 112, 180, -48, 9, 9, 
-53, -209, -156, 131, 51, -183, 195, 112, 175, -43, 14, 4, 
-53, -204, -151, 129, 48, -178, 195, 112, 175, -34, 14, 0, 
-53, -209, -156, 131, 51, -183, 195, 117, 180, -24, 14, 0, 
-58, -214, -156, 136, 48, -185, 204, 107, 170, -24, 9, 0, 
-58, -219, -161, 139, 51, -190, 204, 107, 170, -24, 19, 4, 
-68, -219, -151, 143, 41, -185, 204, 107, 170, -29, 19, 4, 
-68, -224, -156, 146, 43, -190, 204, 107, 170, -39, 14, 4, 
-63, -224, -161, 143, 48, -192, 204, 97, 165, -29, 4, -4, 
-48, -224, -175, 136, 63, -200, 204, 97, 165, -29, 4, -4, 
-43, -224, -180, 134, 68, -202, 204, 97, 165, -29, 4, -4, 
-39, -214, -175, 126, 68, -195, 204, 97, 165, -29, 4, -4, 
-58, -209, -151, 134, 46, -180, 195, 97, 165, -39, 19, 9, 
-68, -204, -136, 136, 34, -170, 195, 97, 165, -43, 24, 14, 
-73, -204, -131, 139, 29, -168, 195, 97, 165, -48, 29, 19, 
-78, -204, -126, 141, 24, -165, 195, 97, 170, -53, 29, 24, 
-73, -209, -136, 141, 31, -173, 204, 97, 180, -34, 29, 9, 
-68, -209, -141, 139, 36, -175, 204, 92, 180, -29, 34, 4, 
-63, -214, -151, 139, 43, -183, 204, 92, 180, -29, 34, 4, 
-63, -224, -161, 143, 48, -192, 209, 92, 185, -34, 34, 4, 
-73, -224, -151, 148, 39, -187, 219, 102, 185, -29, 34, 4, 
-73, -219, -146, 146, 36, -183, 209, 102, 175, -29, 34, 4, 
-73, -214, -141, 143, 34, -178, 200, 97, 170, -29, 34, 4, 
-73, -214, -141, 143, 34, -178, 200, 97, 165, -29, 29, 4, 
-68, -209, -141, 139, 36, -175, 204, 107, 175, -24, 29, 4, 
-63, -214, -151, 139, 43, -183, 200, 102, 180, -24, 29, -4, 
-58, -214, -156, 136, 48, -185, 200, 102, 180, -24, 34, -4, 
-53, -214, -161, 134, 53, -187, 200, 107, 185, -24, 34, 0, 
-48, -190, -141, 119, 46, -165, 204, 117, 190, -9, 43, 14, 
-48, -180, -131, 114, 41, -156, 209, 117, 195, -4, 53, 24, 
-53, -180, -126, 117, 36, -153, 214, 117, 195, 0, 63, 29, 
-53, -185, -131, 119, 39, -158, 219, 117, 195, 0, 73, 39, 
-63, -180, -117, 122, 26, -148, 219, 117, 200, 9, 78, 24, 
-58, -180, -122, 119, 31, -151, 219, 122, 209, 14, 78, 24, 
-58, -180, -122, 119, 31, -151, 219, 126, 219, 19, 82, 24, 
-58, -185, -126, 122, 34, -156, 219, 136, 229, 24, 82, 24, 
-48, -180, -131, 114, 41, -156, 219, 136, 234, 24, 82, 29, 
-53, -180, -126, 117, 36, -153, 229, 136, 234, 29, 82, 34, 
-53, -170, -117, 112, 31, -143, 229, 136, 234, 29, 82, 34, 
-48, -161, -112, 104, 31, -136, 229, 136, 234, 24, 82, 29, 
-48, -175, -126, 112, 39, -151, 229, 146, 224, 24, 82, 19, 
-48, -180, -131, 114, 41, -156, 224, 146, 224, 24, 82, 19, 
-43, -185, -141, 114, 48, -163, 224, 141, 219, 24, 82, 14, 
-39, -185, -146, 112, 53, -165, 224, 141, 219, 24, 82, 14, 
-43, -185, -141, 114, 48, -163, 219, 136, 209, 19, 78, 19, 
-48, -185, -136, 117, 43, -161, 214, 136, 209, 14, 78, 19, 
-53, -185, -131, 119, 39, -158, 209, 131, 209, 9, 78, 9, 
-58, -185, -126, 122, 34, -156, 204, 122, 209, 0, 73, 9, 
-43, -170, -126, 107, 41, -148, 195, 107, 195, -4, 68, 9, 
-43, -170, -126, 107, 41, -148, 185, 102, 185, -9, 68, 14, 
-39, -170, -131, 104, 46, -151, 175, 102, 175, -4, 73, 14, 
-34, -170, -136, 102, 51, -153, 170, 97, 165, 4, 73, 9, 
-29, -175, -146, 102, 58, -161, 161, 97, 165, 0, 63, -9, 
-29, -180, -151, 104, 61, -165, 161, 97, 161, -9, 58, -14, 
-24, -185, -161, 104, 68, -173, 161, 92, 156, -19, 53, -14, 
-19, -190, -170, 104, 75, -180, 161, 92, 156, -19, 48, -19, 
-29, -200, -170, 114, 70, -185, 161, 87, 146, -19, 34, -24, 
-29, -209, -180, 119, 75, -195, 161, 87, 146, -19, 34, -24, 
-29, -214, -185, 122, 78, -200, 161, 82, 146, -29, 34, -24, 
-29, -214, -185, 122, 78, -200, 161, 73, 136, -34, 34, -24, 
-19, -224, -204, 122, 92, -214, 170, 78, 126, -39, 34, -34, 
-19, -239, -219, 129, 100, -229, 175, 82, 131, -34, 34, -34, 
-19, -239, -219, 129, 100, -229, 175, 87, 131, -39, 34, -39, 
-19, -234, -214, 126, 97, -224, 175, 87, 131, -48, 34, -39, 
-14, -214, -200, 114, 92, -207, 175, 92, 146, -29, 43, -29, 
-14, -209, -195, 112, 90, -202, 175, 97, 151, -14, 48, -24, 
-14, -204, -190, 109, 87, -197, 175, 102, 156, -4, 53, -24, 
-14, -200, -185, 107, 85, -192, 175, 107, 165, 4, 58, -19, 
-19, -195, -175, 107, 78, -185, 190, 117, 170, 14, 63, -14, 
-24, -195, -170, 109, 73, -183, 195, 117, 175, 9, 68, -14, 
-29, -195, -165, 112, 68, -180, 195, 117, 180, 4, 68, -19, 
-34, -195, -161, 114, 63, -178, 200, 117, 180, 4, 68, -29, 
-43, -204, -161, 124, 58, -183, 200, 107, 175, 9, 53, -19, 
-43, -214, -170, 129, 63, -192, 200, 107, 170, 4, 53, -19, 
-48, -224, -175, 136, 63, -200, 204, 107, 165, -4, 58, -14, 
-48, -234, -185, 141, 68, -209, 204, 107, 161, -9, 58, -9, 
-39, -224, -185, 131, 73, -204, 195, 107, 170, 0, 68, -19, 
-39, -219, -180, 129, 70, -200, 195, 102, 170, 0, 68, -19, 
-34, -214, -180, 124, 73, -197, 195, 102, 165, 0, 73, -19, 
-34, -204, -170, 119, 68, -187, 195, 102, 165, 0, 73, -29, 
-58, -244, -185, 151, 63, -214, 214, 102, 161, -9, 29, -48, 
-48, -229, -180, 139, 65, -204, 204, 92, 151, -29, 39, -39, 
-48, -219, -170, 134, 61, -195, 200, 82, 131, -34, 39, -29, 
-48, -224, -175, 136, 63, -200, 195, 78, 126, -39, 29, -39, 
-48, -234, -185, 141, 68, -209, 185, 78, 126, -48, 29, -39, 
-48, -234, -185, 141, 68, -209, 185, 78, 126, -48, 29, -39, 
-48, -234, -185, 141, 68, -209, 185, 78, 126, -48, 29, -39, 
-48, -234, -185, 141, 68, -209, 185, 78, 126, -48, 29, -39, 
-43, -239, -195, 141, 75, -217, 190, 82, 136, -34, 19, -43, 
-43, -248, -204, 146, 80, -226, 195, 87, 131, -29, 19, -53, 
-43, -258, -214, 151, 85, -236, 200, 92, 131, -24, 19, -58, 
-39, -263, -224, 151, 92, -244, 204, 92, 136, -24, 19, -63, 
-48, -253, -204, 151, 78, -229, 204, 102, 146, -34, 34, -53, 
-48, -248, -200, 148, 75, -224, 204, 102, 146, -34, 34, -53, 
-58, -239, -180, 148, 61, -209, 204, 102, 146, -39, 34, -53, 
-58, -234, -175, 146, 58, -204, 204, 102, 146, -39, 34, -53, 
-58, -244, -185, 151, 63, -214, 195, 97, 146, -34, 43, -53, 
-58, -244, -185, 151, 63, -214, 195, 97, 146, -24, 43, -53, 
-58, -244, -185, 151, 63, -214, 200, 97, 146, -19, 43, -53, 
-63, -248, -185, 156, 61, -217, 204, 97, 146, -14, 43, -53, 
-63, -248, -185, 156, 61, -217, 219, 107, 156, -14, 34, -63, 
-53, -248, -195, 151, 70, -222, 219, 102, 156, -24, 34, -63, 
-53, -248, -195, 151, 70, -222, 214, 102, 151, -24, 34, -63, 
-53, -248, -195, 151, 70, -222, 209, 102, 151, -19, 34, -63, 
-63, -263, -200, 163, 68, -231, 209, 97, 146, -19, 24, -78, 
-68, -263, -195, 165, 63, -229, 209, 97, 146, -19, 24, -78, 
-68, -263, -195, 165, 63, -229, 209, 97, 146, -19, 24, -78, 
-68, -263, -195, 165, 63, -229, 209, 92, 146, -19, 24, -78, 
-63, -258, -195, 161, 65, -226, 209, 102, 146, -24, 24, -68, 
-58, -253, -195, 156, 68, -224, 214, 107, 146, -24, 24, -73, 
-53, -248, -195, 151, 70, -222, 214, 107, 146, -29, 29, -73, 
-48, -244, -195, 146, 73, -219, 214, 107, 146, -39, 39, -73, 
-53, -248, -195, 151, 70, -222, 204, 107, 156, -34, 43, -68, 
-53, -248, -195, 151, 70, -222, 204, 107, 156, -29, 43, -68, 
-53, -248, -195, 151, 70, -222, 204, 102, 156, -24, 43, -73, 
-48, -248, -200, 148, 75, -224, 204, 97, 151, -29, 39, -73, 
-48, -239, -190, 143, 70, -214, 204, 97, 141, -39, 39, -78, 
-53, -239, -185, 146, 65, -212, 204, 97, 141, -29, 43, -73, 
-53, -239, -185, 146, 65, -212, 204, 97, 141, -29, 43, -73, 
-58, -239, -180, 148, 61, -209, 209, 97, 141, -29, 43, -78, 
-63, -239, -175, 151, 56, -207, 219, 97, 141, -39, 58, -63, 
-68, -239, -170, 153, 51, -204, 214, 97, 141, -39, 58, -63, 
-73, -239, -165, 156, 46, -202, 214, 97, 141, -43, 53, -58, 
-78, -239, -161, 158, 41, -200, 214, 102, 146, -43, 53, -48, 
-87, -239, -151, 163, 31, -195, 214, 112, 151, -24, 43, -53, 
-87, -239, -151, 163, 31, -195, 214, 112, 156, -19, 43, -58, 
-87, -244, -156, 165, 34, -200, 214, 112, 161, -14, 43, -73, 
-87, -244, -156, 165, 34, -200, 214, 112, 165, -9, 48, -68, 
-82, -239, -156, 161, 36, -197, 204, 102, 161, -24, 48, -58, 
-78, -239, -161, 158, 41, -200, 204, 102, 156, -29, 48, -63, 
-73, -239, -165, 156, 46, -202, 204, 102, 151, -34, 48, -63, 
-68, -239, -170, 153, 51, -204, 204, 102, 146, -39, 48, -63, 
-78, -239, -161, 158, 41, -200, 214, 112, 156, -29, 48, -68, 
-78, -234, -156, 156, 39, -195, 214, 112, 156, -19, 48, -68, 
-78, -234, -156, 156, 39, -195, 214, 107, 156, -9, 53, -73, 
-78, -239, -161, 158, 41, -200, 214, 107, 156, 4, 53, -78, 
-78, -248, -170, 163, 46, -209, 214, 107, 146, -9, 53, -78, 
-78, -248, -170, 163, 46, -209, 214, 107, 146, -14, 53, -78, 
-78, -244, -165, 161, 43, -204, 214, 107, 146, -19, 53, -78, 
-78, -244, -165, 161, 43, -204, 214, 107, 146, -24, 53, -78, 
-82, -244, -161, 163, 39, -202, 214, 107, 156, -19, 63, -68, 
-87, -244, -156, 165, 34, -200, 219, 107, 156, -14, 68, -68, 
-92, -244, -151, 168, 29, -197, 219, 107, 161, -9, 68, -68, 
-92, -234, -141, 163, 24, -187, 219, 107, 161, -4, 68, -68, 
-82, -229, -146, 156, 31, -187, 219, 112, 161, -4, 73, -68, 
-82, -224, -141, 153, 29, -183, 214, 117, 161, -4, 73, -68, 
-82, -219, -136, 151, 26, -178, 214, 126, 161, -4, 78, -68, 
-82, -219, -136, 151, 26, -178, 214, 131, 161, -9, 78, -68, 
-92, -229, -136, 161, 21, -183, 224, 131, 170, -9, 78, -68, 
-92, -219, -126, 156, 17, -173, 224, 131, 170, -4, 78, -68, 
-92, -219, -126, 156, 17, -173, 224, 131, 170, -4, 78, -73, 
-92, -224, -131, 158, 19, -178, 229, 131, 175, 0, 78, -73, 
-82, -234, -151, 158, 34, -192, 229, 141, 175, 14, 87, -58, 
-82, -234, -151, 158, 34, -192, 229, 141, 175, 24, 102, -58, 
-82, -234, -151, 158, 34, -192, 229, 141, 175, 29, 97, -63, 
-82, -234, -151, 158, 34, -192, 229, 141, 175, 34, 102, -63, 
-97, -224, -126, 161, 14, -175, 239, 141, 175, 29, 112, -58, 
-102, -224, -122, 163, 9, -173, 239, 141, 175, 29, 112, -48, 
-107, -224, -117, 165, 4, -170, 239, 141, 175, 29, 112, -43, 
-112, -219, -107, 165, -2, -163, 234, 141, 175, 29, 112, -34, 
-92, -209, -117, 151, 12, -163, 224, 122, 151, 0, 97, -43, 
-102, -219, -117, 161, 7, -168, 219, 122, 161, -19, 68, -63, 
-107, -214, -107, 161, 0, -161, 219, 122, 156, 0, 78, -63, 
-112, -204, -92, 158, -9, -148, 219, 122, 156, 34, 117, -43, 
-112, -200, -87, 156, -12, -143, 219, 117, 151, 39, 136, -29, 
-97, -180, -82, 139, -7, -131, 195, 117, 151, 43, 146, -9, 
-92, -146, -53, 119, -19, -100, 175, 97, 156, 78, 190, 39, 
-92, -112, -19, 102, -36, -65, 161, 102, 190, 141, 244, 82, 
-87, -78, 9, 82, -48, -34, 141, 131, 253, 204, 302, 126, 
-63, -53, 9, 58, -36, -21, 102, 165, 287, 258, 385, 185, 
-24, -14, 9, 19, -17, -2, 53, 185, 317, 331, 463, 253, 
24, 24, 0, -24, 12, 12, 4, 204, 346, 370, 536, 307, 
68, 43, -24, -56, 46, 9, -63, 204, 331, 400, 595, 356, 
102, 73, -29, -87, 65, 21, -122, 195, 263, 429, 663, 400, 
126, 92, -34, -109, 80, 29, -156, 170, 175, 468, 692, 429, 
141, 92, -48, -117, 95, 21, -161, 141, 58, 458, 683, 414, 
170, 92, -78, -131, 124, 7, -170, 107, -58, 405, 668, 409, 
190, 78, -112, -134, 151, -17, -175, 82, -161, 322, 634, 395, 
185, 34, -151, -109, 168, -58, -141, 63, -244, 209, 551, 341, 
146, -29, -175, -58, 161, -102, -78, 58, -302, 102, 434, 263, 
112, -112, -224, 0, 168, -168, -4, 63, -336, 34, 331, 180, 
58, -165, -224, 53, 141, -195, 53, 34, -375, -4, 253, 112, 
19, -204, -224, 92, 122, -214, 78, -29, -419, -78, 180, 48, 
-24, -297, -273, 161, 124, -285, 102, -87, -483, -190, 63, -68, 
-63, -478, -414, 270, 175, -446, 161, -117, -556, -331, -112, -229, 
-131, -649, -517, 390, 192, -583, 234, -126, -614, -478, -292, -380, 
-185, -688, -502, 436, 158, -595, 253, -117, -624, -527, -346, -419, 
-209, -649, -439, 429, 114, -544, 229, -122, -610, -512, -317, -385, 
-209, -639, -429, 424, 109, -534, 214, -102, -580, -488, -287, -366, 
-209, -649, -439, 429, 114, -544, 224, -82, -522, -458, -263, -361, 
-214, -629, -414, 422, 100, -522, 219, -63, -463, -419, -224, -331, 
-200, -600, -400, 400, 100, -500, 209, -63, -424, -385, -204, -307, 
-180, -570, -390, 375, 104, -480, 209, -24, -356, -366, -185, -297, 
-170, -531, -361, 351, 95, -446, 219, 24, -263, -317, -141, -278, 
-170, -497, -326, 334, 78, -412, 234, 82, -180, -248, -78, -234, 
-180, -492, -312, 336, 65, -402, 239, 131, -107, -190, -39, -209, 
-185, -478, -292, 331, 53, -385, 263, 161, -43, -151, -24, -204, 
-180, -444, -263, 312, 41, -353, 278, 170, -19, -136, -9, -185, 
-165, -395, -229, 280, 31, -312, 278, 170, 0, -136, 4, -161, 
-161, -366, -204, 263, 21, -285, 273, 156, 24, -117, 0, -161, 
-165, -356, -190, 261, 12, -273, 278, 156, 53, -87, 19, -156, 
-161, -322, -161, 241, 0, -241, 273, 156, 78, -63, 53, -126, 
-136, -283, -146, 209, 4, -214, 248, 146, 102, -48, 92, -102, 
-126, -239, -112, 183, -7, -175, 229, 146, 126, -19, 107, -87, 
-126, -219, -92, 173, -17, -156, 234, 170, 165, 19, 112, -87, 
-136, -214, -78, 175, -29, -146, 244, 180, 214, 48, 126, -82, 
-136, -200, -63, 168, -36, -131, 244, 190, 224, 53, 136, -73, 
-146, -185, -39, 165, -53, -112, 239, 185, 214, 43, 141, -73, 
-146, -175, -29, 161, -58, -102, 234, 180, 214, 63, 141, -73, 
-136, -161, -24, 148, -56, -92, 234, 180, 214, 78, 136, -63, 
-136, -141, -4, 139, -65, -73, 244, 175, 204, 68, 141, -58, 
-141, -141, 0, 141, -70, -70, 234, 165, 204, 63, 146, -43, 
-151, -141, 9, 146, -80, -65, 234, 170, 204, 58, 151, -43, 
-156, -141, 14, 148, -85, -63, 234, 175, 214, 68, 161, -39, 
-156, -136, 19, 146, -87, -58, 234, 185, 224, 68, 170, -39, 
-156, -141, 14, 148, -85, -63, 234, 185, 239, 87, 170, -53, 
-151, -141, 9, 146, -80, -65, 229, 190, 239, 92, 170, -53, 
-151, -136, 14, 143, -82, -61, 229, 190, 239, 92, 170, -53, 
-151, -131, 19, 141, -85, -56, 229, 185, 229, 82, 165, -58, 
-151, -126, 24, 139, -87, -51, 229, 175, 214, 73, 161, -58, 
-151, -122, 29, 136, -90, -46, 229, 175, 214, 68, 161, -58, 
-151, -117, 34, 134, -92, -41, 234, 175, 214, 63, 156, -58, 
-156, -112, 43, 134, -100, -34, 234, 175, 229, 63, 156, -58, 
-156, -102, 53, 129, -104, -24, 234, 185, 229, 63, 161, -48, 
-156, -102, 53, 129, -104, -24, 229, 185, 239, 68, 165, -48, 
-151, -102, 48, 126, -100, -26, 229, 185, 239, 78, 165, -48, 
-151, -97, 53, 124, -102, -21, 229, 185, 239, 82, 175, -48, 
-151, -92, 58, 122, -104, -17, 229, 195, 244, 73, 185, -34, 
-156, -92, 63, 124, -109, -14, 229, 195, 244, 68, 180, -34, 
-156, -97, 58, 126, -107, -19, 229, 195, 239, 58, 180, -34, 
-156, -97, 58, 126, -107, -19, 229, 195, 239, 58, 180, -34, 
-161, -97, 63, 129, -112, -17, 229, 195, 229, 73, 190, -29, 
-161, -97, 63, 129, -112, -17, 229, 195, 234, 78, 190, -29, 
-165, -97, 68, 131, -117, -14, 224, 195, 234, 78, 190, -29, 
-175, -97, 78, 136, -126, -9, 224, 195, 234, 78, 195, -24, 
-161, -102, 58, 131, -109, -21, 224, 195, 253, 97, 190, -34, 
-156, -102, 53, 129, -104, -24, 224, 195, 253, 97, 185, -43, 
-151, -102, 48, 126, -100, -26, 224, 195, 253, 97, 180, -53, 
-146, -97, 48, 122, -97, -24, 224, 195, 253, 97, 180, -58, 
-146, -82, 63, 114, -104, -9, 214, 185, 248, 92, 190, -53, 
-146, -82, 63, 114, -104, -9, 214, 185, 244, 87, 190, -48, 
-146, -78, 68, 112, -107, -4, 214, 185, 239, 87, 185, -43, 
-146, -73, 73, 109, -109, 0, 214, 190, 239, 92, 185, -39, 
-151, -63, 87, 107, -119, 12, 224, 200, 244, 97, 180, -43, 
-156, -58, 97, 107, -126, 19, 219, 200, 248, 97, 180, -48, 
-161, -58, 102, 109, -131, 21, 219, 200, 258, 102, 180, -53, 
-165, -58, 107, 112, -136, 24, 219, 200, 268, 107, 180, -58, 
-156, -58, 97, 107, -126, 19, 219, 200, 258, 97, 195, -39, 
-161, -48, 112, 104, -136, 31, 224, 200, 258, 97, 200, -29, 
-161, -48, 112, 104, -136, 31, 224, 200, 258, 97, 204, -29, 
-156, -48, 107, 102, -131, 29, 224, 200, 268, 107, 204, -34, 
-161, -58, 102, 109, -131, 21, 224, 209, 273, 117, 190, -48, 
-170, -58, 112, 114, -141, 26, 219, 214, 273, 112, 190, -48, 
-175, -48, 126, 112, -151, 39, 219, 214, 273, 112, 195, -48, 
-180, -39, 141, 109, -161, 51, 219, 214, 278, 117, 195, -39, 
-175, -34, 141, 104, -158, 53, 209, 209, 283, 117, 200, -43, 
-170, -34, 136, 102, -153, 51, 214, 209, 283, 117, 204, -39, 
-165, -29, 136, 97, -151, 53, 214, 204, 283, 122, 209, -34, 
-161, -19, 141, 90, -151, 61, 214, 204, 283, 126, 219, -14, 
-146, -29, 117, 87, -131, 43, 219, 209, 283, 126, 209, -29, 
-141, -29, 112, 85, -126, 41, 219, 209, 287, 126, 204, -34, 
-141, -29, 112, 85, -126, 41, 219, 209, 287, 126, 200, -39, 
-141, -24, 117, 82, -129, 46, 224, 214, 292, 131, 204, -39, 
-136, -9, 126, 73, -131, 58, 219, 209, 292, 112, 209, -29, 
-136, -4, 131, 70, -134, 63, 209, 204, 287, 102, 209, -29, 
-136, 4, 141, 65, -139, 73, 204, 204, 292, 92, 209, -29, 
-136, 9, 146, 63, -141, 78, 204, 200, 287, 97, 209, -34, 
-141, -4, 136, 73, -139, 65, 209, 209, 297, 117, 209, -39, 
-146, 0, 146, 73, -146, 73, 209, 209, 302, 131, 209, -43, 
-151, 4, 156, 73, -153, 80, 209, 209, 312, 141, 209, -43, 
-161, 0, 161, 80, -161, 80, 214, 214, 322, 156, 219, -34, 
-151, 14, 165, 68, -158, 90, 214, 214, 317, 146, 224, -24, 
-146, 14, 161, 65, -153, 87, 214, 214, 322, 146, 224, -24, 
-146, 19, 165, 63, -156, 92, 214, 224, 326, 146, 224, -24, 
-146, 24, 170, 61, -158, 97, 204, 224, 331, 146, 234, -19, 
-151, 24, 175, 63, -163, 100, 214, 219, 346, 161, 229, -19, 
-156, 24, 180, 65, -168, 102, 214, 219, 346, 161, 229, -19, 
-161, 34, 195, 63, -178, 114, 214, 224, 351, 165, 229, -24, 
-165, 34, 200, 65, -183, 117, 214, 224, 356, 170, 234, -34, 
-161, 43, 204, 58, -183, 124, 204, 219, 346, 170, 244, -24, 
-156, 43, 200, 56, -178, 122, 204, 219, 356, 165, 248, -19, 
-151, 53, 204, 48, -178, 129, 214, 229, 361, 165, 253, -19, 
-141, 58, 200, 41, -170, 129, 214, 229, 361, 165, 258, -14, 
-141, 53, 195, 43, -168, 124, 219, 239, 366, 175, 248, -9, 
-141, 53, 195, 43, -168, 124, 214, 239, 370, 175, 258, -4, 
-136, 58, 195, 39, -165, 126, 214, 244, 385, 190, 258, -4, 
-136, 63, 200, 36, -168, 131, 214, 248, 400, 204, 263, 0, 
-141, 78, 219, 31, -180, 148, 204, 239, 409, 190, 278, 0, 
-141, 87, 229, 26, -185, 158, 209, 239, 409, 190, 283, 4, 
-141, 102, 244, 19, -192, 173, 209, 244, 419, 190, 287, 9, 
-141, 107, 248, 17, -195, 178, 204, 244, 424, 185, 292, 19, 
-156, 102, 258, 26, -207, 180, 209, 253, 444, 200, 287, 19, 
-161, 107, 268, 26, -214, 187, 214, 253, 444, 219, 292, 24, 
-165, 107, 273, 29, -219, 190, 219, 263, 458, 234, 292, 24, 
-170, 112, 283, 29, -226, 197, 224, 263, 463, 248, 297, 24, 
-156, 136, 292, 9, -224, 214, 214, 253, 453, 244, 307, 34, 
-151, 151, 302, 0, -226, 226, 214, 258, 458, 244, 312, 34, 
-146, 141, 287, 2, -217, 214, 214, 263, 463, 248, 312, 34, 
-141, 141, 283, 0, -212, 212, 214, 263, 473, 244, 317, 39, 
-151, 146, 297, 2, -224, 222, 214, 263, 483, 239, 326, 48, 
-151, 151, 302, 0, -226, 226, 219, 263, 488, 239, 326, 53, 
-151, 151, 302, 0, -226, 226, 219, 268, 497, 239, 336, 53, 
-151, 161, 312, -4, -231, 236, 214, 268, 497, 239, 336, 53, 
-146, 180, 326, -17, -236, 253, 200, 263, 492, 253, 326, 48, 
-146, 180, 326, -17, -236, 253, 200, 263, 492, 273, 326, 48, 
-146, 180, 326, -17, -236, 253, 200, 263, 497, 278, 336, 58, 
-146, 185, 331, -19, -239, 258, 200, 263, 497, 278, 336, 63, 
-156, 190, 346, -17, -251, 268, 200, 268, 502, 268, 341, 63, 
-156, 190, 346, -17, -251, 268, 204, 273, 512, 273, 341, 58, 
-151, 185, 336, -17, -244, 261, 204, 278, 517, 278, 331, 43, 
-151, 180, 331, -14, -241, 256, 209, 283, 522, 278, 331, 39, 
-146, 190, 336, -21, -241, 263, 204, 273, 531, 278, 336, 48, 
-146, 190, 336, -21, -241, 263, 204, 273, 531, 283, 336, 48, 
-141, 190, 331, -24, -236, 261, 204, 273, 531, 287, 336, 48, 
-141, 190, 331, -24, -236, 261, 204, 273, 531, 287, 336, 43, 
-141, 190, 331, -24, -236, 261, 195, 273, 527, 278, 331, 43, 
-141, 185, 326, -21, -234, 256, 190, 268, 517, 268, 331, 43, 
-141, 190, 331, -24, -236, 261, 190, 263, 502, 248, 331, 43, 
-136, 204, 341, -34, -239, 273, 190, 258, 488, 239, 331, 39, 
-136, 195, 331, -29, -234, 263, 200, 268, 488, 239, 331, 39, 
-141, 190, 331, -24, -236, 261, 200, 258, 483, 234, 326, 34, 
-141, 190, 331, -24, -236, 261, 190, 258, 478, 229, 322, 29, 
-141, 175, 317, -17, -229, 246, 190, 253, 473, 229, 317, 24, 
-151, 180, 331, -14, -241, 256, 180, 239, 453, 219, 326, 34, 
-151, 170, 322, -9, -236, 246, 180, 234, 444, 204, 322, 39, 
-146, 165, 312, -9, -229, 239, 180, 229, 424, 195, 312, 39, 
-146, 165, 312, -9, -229, 239, 180, 229, 414, 180, 307, 34, 
-146, 161, 307, -7, -226, 234, 175, 224, 405, 185, 292, 29, 
-146, 146, 292, 0, -219, 219, 175, 219, 390, 185, 273, 9, 
-141, 131, 273, 4, -207, 202, 180, 209, 380, 190, 268, -9, 
-141, 117, 258, 12, -200, 187, 185, 209, 375, 195, 258, -14, 
-136, 126, 263, 4, -200, 195, 175, 200, 361, 170, 263, -9, 
-136, 122, 258, 7, -197, 190, 175, 195, 341, 151, 263, -19, 
-136, 117, 253, 9, -195, 185, 175, 190, 317, 131, 258, -24, 
-136, 107, 244, 14, -190, 175, 175, 185, 312, 112, 248, -24, 
-161, 87, 248, 36, -204, 168, 185, 190, 317, 117, 239, -34, 
-165, 73, 239, 46, -202, 156, 185, 190, 307, 112, 224, -39, 
-175, 68, 244, 53, -209, 156, 190, 190, 302, 102, 214, -48, 
-180, 63, 244, 58, -212, 153, 190, 195, 287, 102, 195, -53, 
-165, 53, 219, 56, -192, 136, 190, 180, 278, 102, 200, -73, 
-151, 48, 200, 51, -175, 124, 185, 175, 268, 92, 185, -78, 
-141, 43, 185, 48, -163, 114, 180, 175, 253, 87, 180, -87, 
-136, 43, 180, 46, -158, 112, 175, 170, 239, 82, 175, -87, 
-156, 29, 185, 63, -170, 107, 180, 180, 234, 92, 170, -87, 
-156, 29, 185, 63, -170, 107, 185, 180, 239, 87, 170, -92, 
-156, 29, 185, 63, -170, 107, 190, 180, 244, 87, 175, -92, 
-161, 29, 190, 65, -175, 109, 195, 175, 239, 87, 175, -97, 
-170, 34, 204, 68, -187, 119, 185, 165, 224, 68, 165, -92, 
-170, 24, 195, 73, -183, 109, 190, 165, 224, 63, 165, -92, 
-170, 14, 185, 78, -178, 100, 195, 165, 224, 58, 170, -92, 
-165, 14, 180, 75, -173, 97, 195, 165, 224, 48, 170, -92, 
-156, 0, 156, 78, -156, 78, 195, 170, 214, 39, 156, -102, 
-161, 0, 161, 80, -161, 80, 195, 170, 204, 39, 151, -107, 
-161, 0, 161, 80, -161, 80, 195, 170, 204, 39, 151, -112, 
-161, 4, 165, 78, -163, 85, 195, 170, 200, 29, 146, -122, 
-170, 4, 175, 82, -173, 90, 185, 165, 195, 24, 146, -122, 
-170, 4, 175, 82, -173, 90, 185, 165, 195, 24, 146, -122, 
-175, 4, 180, 85, -178, 92, 190, 165, 195, 19, 146, -122, 
-175, 4, 180, 85, -178, 92, 190, 161, 195, 9, 141, -126, 
-185, 4, 190, 90, -187, 97, 200, 161, 185, 24, 141, -122, 
-185, 4, 190, 90, -187, 97, 200, 161, 185, 24, 141, -122, 
-185, 9, 195, 87, -190, 102, 195, 161, 185, 29, 141, -122, 
-185, 14, 200, 85, -192, 107, 195, 161, 185, 24, 131, -122, 
-185, 4, 190, 90, -187, 97, 204, 156, 185, 14, 131, -136, 
-180, 0, 180, 90, -180, 90, 204, 156, 185, 14, 131, -141, 
-170, -9, 161, 90, -165, 75, 204, 156, 185, 14, 126, -141, 
-165, -19, 146, 92, -156, 63, 204, 156, 180, 14, 126, -146, 
-170, -14, 156, 92, -163, 70, 200, 156, 170, 0, 131, -131, 
-175, -9, 165, 92, -170, 78, 200, 156, 170, 4, 136, -126, 
-185, -4, 180, 95, -183, 87, 200, 156, 170, 0, 146, -117, 
-190, 0, 190, 95, -190, 95, 195, 156, 170, -4, 156, -112, 
-200, -4, 195, 102, -197, 95, 200, 156, 180, 0, 146, -117, 
-200, -4, 195, 102, -197, 95, 200, 151, 180, 9, 141, -122, 
-200, -14, 185, 107, -192, 85, 200, 151, 180, 19, 131, -126, 
-195, -14, 180, 104, -187, 82, 200, 156, 180, 39, 122, -141, 
-185, -4, 180, 95, -183, 87, 200, 156, 185, 14, 112, -146, 
-180, 0, 180, 90, -180, 90, 200, 151, 185, 9, 112, -146, 
-175, 4, 180, 85, -178, 92, 200, 151, 180, 4, 117, -146, 
-165, 9, 175, 78, -170, 92, 204, 151, 180, 0, 117, -151, 
-170, 19, 190, 75, -180, 104, 214, 161, 190, 9, 122, -151, 
-175, 19, 195, 78, -185, 107, 209, 161, 190, 19, 126, -151, 
-180, 19, 200, 80, -190, 109, 209, 161, 190, 24, 131, -151, 
-190, 14, 204, 87, -197, 109, 209, 161, 190, 24, 141, -151, 
-190, 14, 204, 87, -197, 109, 200, 156, 180, 9, 136, -151, 
-180, 19, 200, 80, -190, 109, 200, 151, 180, 4, 136, -146, 
-180, 19, 200, 80, -190, 109, 200, 146, 180, 4, 131, -141, 
-180, 19, 200, 80, -190, 109, 200, 141, 175, 4, 122, -136, 
-195, 9, 204, 92, -200, 107, 190, 141, 165, -9, 122, -136, 
-200, 14, 214, 92, -207, 114, 190, 141, 165, -14, 126, -136, 
-200, 14, 214, 92, -207, 114, 195, 141, 170, -19, 126, -136, 
-200, 9, 209, 95, -204, 109, 195, 141, 170, -19, 117, -146, 
-195, 19, 214, 87, -204, 117, 195, 131, 170, -4, 107, -156, 
-190, 19, 209, 85, -200, 114, 195, 131, 170, -4, 112, -151, 
-185, 14, 200, 85, -192, 107, 195, 131, 170, 0, 117, -146, 
-180, 9, 190, 85, -185, 100, 195, 131, 170, 4, 117, -146, 
-190, 19, 209, 85, -200, 114, 195, 131, 170, 14, 117, -161, 
-190, 19, 209, 85, -200, 114, 195, 131, 170, 14, 117, -161, 
-190, 19, 209, 85, -200, 114, 195, 131, 170, 14, 117, -156, 
-190, 29, 219, 80, -204, 124, 195, 131, 170, 14, 117, -156, 
-185, 34, 219, 75, -202, 126, 195, 141, 170, 9, 122, -146, 
-180, 34, 214, 73, -197, 124, 195, 141, 170, 4, 122, -146, 
-175, 29, 204, 73, -190, 117, 195, 141, 170, 0, 122, -146, 
-170, 29, 200, 70, -185, 114, 195, 141, 170, -4, 122, -151, 
-180, 39, 219, 70, -200, 129, 195, 141, 175, 0, 122, -161, 
-180, 39, 219, 70, -200, 129, 195, 141, 175, 0, 126, -156, 
-180, 39, 219, 70, -200, 129, 195, 141, 175, 4, 126, -156, 
-185, 34, 219, 75, -202, 126, 195, 141, 175, 14, 126, -156, 
-185, 24, 209, 80, -197, 117, 195, 151, 185, 4, 122, -165, 
-175, 24, 200, 75, -187, 112, 195, 151, 180, 9, 122, -165, 
-175, 29, 204, 73, -190, 117, 195, 151, 180, 9, 122, -165, 
-175, 39, 214, 68, -195, 126, 200, 151, 180, 9, 122, -165, 
-190, 43, 234, 73, -212, 139, 200, 146, 180, 9, 122, -156, 
-195, 43, 239, 75, -217, 141, 200, 141, 180, 9, 122, -156, 
-204, 34, 239, 85, -222, 136, 200, 136, 185, 9, 122, -156, 
-209, 34, 244, 87, -226, 139, 200, 131, 185, 4, 122, -156, 
-195, 39, 234, 78, -214, 136, 190, 126, 180, -4, 107, -165, 
-195, 43, 239, 75, -217, 141, 190, 122, 175, -4, 102, -170, 
-195, 48, 244, 73, -219, 146, 190, 117, 165, -4, 102, -170, 
-195, 53, 248, 70, -222, 151, 190, 112, 161, 0, 107, -170, 
-190, 53, 244, 68, -217, 148, 180, 122, 161, -9, 97, -170, 
-185, 53, 239, 65, -212, 146, 180, 122, 161, -14, 97, -170, 
-180, 53, 234, 63, -207, 143, 180, 122, 165, -19, 97, -170, 
-175, 53, 229, 61, -202, 141, 180, 122, 165, -19, 97, -165, 
-175, 58, 234, 58, -204, 146, 180, 131, 156, -4, 97, -175, 
-170, 63, 234, 53, -202, 148, 180, 131, 156, 0, 97, -180, 
-161, 68, 229, 46, -195, 148, 180, 131, 161, 0, 97, -180, 
-156, 73, 229, 41, -192, 151, 180, 136, 161, 0, 97, -180, 
-161, 63, 224, 48, -192, 143, 190, 136, 170, 0, 97, -180, 
-165, 63, 229, 51, -197, 146, 190, 131, 170, 0, 102, -175, 
-170, 63, 234, 53, -202, 148, 185, 131, 165, 0, 102, -175, 
-170, 63, 234, 53, -202, 148, 185, 131, 165, 0, 102, -175, 
-170, 68, 239, 51, -204, 153, 180, 122, 156, -14, 92, -175, 
-170, 68, 239, 51, -204, 153, 180, 122, 161, -19, 97, -175, 
-170, 68, 239, 51, -204, 153, 180, 122, 161, -24, 97, -175, 
-170, 68, 239, 51, -204, 153, 180, 122, 161, -29, 97, -180, 
-180, 73, 253, 53, -217, 163, 180, 136, 161, -24, 92, -185, 
-180, 73, 253, 53, -217, 163, 180, 136, 161, -19, 92, -185, 
-185, 68, 253, 58, -219, 161, 180, 136, 161, -14, 92, -180, 
-190, 68, 258, 61, -224, 163, 180, 131, 161, -9, 97, -180, 
-190, 58, 248, 65, -219, 153, 185, 122, 151, -4, 97, -190, 
-185, 58, 244, 63, -214, 151, 185, 126, 156, -4, 97, -190, 
-180, 58, 239, 61, -209, 148, 185, 126, 161, -4, 97, -190, 
-180, 58, 239, 61, -209, 148, 185, 126, 161, -4, 97, -190, 
-170, 68, 239, 51, -204, 153, 175, 122, 161, -9, 87, -180, 
-170, 73, 244, 48, -207, 158, 175, 122, 156, -14, 92, -180, 
-170, 82, 253, 43, -212, 168, 175, 122, 156, -14, 92, -180, 
-170, 82, 253, 43, -212, 168, 175, 126, 161, -14, 92, -175, 
-175, 73, 248, 51, -212, 161, 185, 131, 161, -9, 87, -180, 
-175, 73, 248, 51, -212, 161, 185, 136, 161, -4, 97, -180, 
-185, 78, 263, 53, -224, 170, 185, 141, 161, -4, 97, -185, 
-185, 78, 263, 53, -224, 170, 185, 146, 161, -9, 92, -190, 
-195, 78, 273, 58, -234, 175, 185, 146, 175, -4, 92, -190, 
-185, 78, 263, 53, -224, 170, 185, 146, 175, 0, 92, -190, 
-185, 78, 263, 53, -224, 170, 185, 146, 175, 4, 92, -190, 
-185, 87, 273, 48, -229, 180, 185, 146, 175, 9, 92, -190, 
-180, 82, 263, 48, -222, 173, 175, 141, 170, -9, 92, -190, 
-185, 87, 273, 48, -229, 180, 175, 136, 165, -14, 92, -190, 
-185, 87, 273, 48, -229, 180, 175, 131, 161, -19, 92, -190, 
-185, 87, 273, 48, -229, 180, 175, 126, 161, -24, 87, -190, 
-180, 87, 268, 46, -224, 178, 175, 117, 146, -24, 78, -195, 
-175, 92, 268, 41, -222, 180, 175, 112, 141, -29, 82, -200, 
-170, 92, 263, 39, -217, 178, 175, 112, 136, -39, 82, -200, 
-170, 87, 258, 41, -214, 173, 180, 112, 136, -53, 82, -200, 
-165, 87, 253, 39, -209, 170, 190, 122, 141, -43, 92, -200, 
-161, 92, 253, 34, -207, 173, 180, 122, 136, -39, 92, -200, 
-156, 97, 253, 29, -204, 175, 170, 117, 136, -34, 92, -200, 
-151, 97, 248, 26, -200, 173, 170, 117, 136, -29, 87, -200, 
-161, 102, 263, 29, -212, 183, 170, 122, 141, -24, 87, -190, 
-161, 107, 268, 26, -214, 187, 170, 122, 151, -14, 87, -200, 
-161, 117, 278, 21, -219, 197, 175, 126, 156, -4, 92, -200, 
-161, 126, 287, 17, -224, 207, 180, 136, 165, 4, 92, -195, 
-165, 141, 307, 12, -236, 224, 190, 136, 180, 14, 102, -180, 
-165, 141, 307, 12, -236, 224, 190, 136, 185, 14, 102, -180, 
-170, 131, 302, 19, -236, 217, 190, 136, 185, 14, 102, -185, 
-170, 117, 287, 26, -229, 202, 190, 136, 185, 9, 102, -185, 
-156, 122, 278, 17, -217, 200, 180, 131, 170, 0, 87, -200, 
-146, 131, 278, 7, -212, 204, 180, 131, 170, -4, 87, -200, 
-141, 141, 283, 0, -212, 212, 180, 131, 170, -9, 92, -200, 
-136, 146, 283, -4, -209, 214, 180, 136, 170, -14, 92, -200, 
-136, 151, 287, -7, -212, 219, 180, 146, 175, -9, 92, -195, 
-141, 141, 283, 0, -212, 212, 190, 146, 175, 0, 92, -190, 
-141, 141, 283, 0, -212, 212, 190, 146, 175, 4, 92, -190, 
-136, 141, 278, -2, -207, 209, 190, 146, 175, 4, 92, -195, 
-151, 131, 283, 9, -217, 207, 185, 136, 165, 0, 82, -204, 
-156, 131, 287, 12, -222, 209, 175, 136, 165, -4, 82, -204, 
-156, 131, 287, 12, -222, 209, 170, 131, 161, -9, 82, -209, 
-156, 136, 292, 9, -224, 214, 165, 131, 161, -14, 82, -209, 
-156, 126, 283, 14, -219, 204, 156, 122, 156, -19, 78, -214, 
-156, 126, 283, 14, -219, 204, 146, 126, 151, -24, 78, -214, 
-156, 126, 283, 14, -219, 204, 136, 126, 146, -29, 78, -224, 
-156, 126, 283, 14, -219, 204, 126, 122, 141, -39, 73, -224, 
-156, 117, 273, 19, -214, 195, 126, 102, 126, -39, 58, -224, 
-161, 112, 273, 24, -217, 192, 126, 102, 126, -39, 58, -219, 
-161, 107, 268, 26, -214, 187, 126, 107, 126, -29, 63, -219, 
-161, 102, 263, 29, -212, 183, 131, 107, 126, -14, 63, -224, 
-151, 92, 244, 29, -197, 168, 141, 107, 117, -34, 43, -244, 
-156, 92, 248, 31, -202, 170, 141, 107, 112, -48, 39, -248, 
-156, 92, 248, 31, -202, 170, 141, 102, 107, -63, 34, -248, 
-156, 92, 248, 31, -202, 170, 141, 102, 107, -68, 29, -253, 
-156, 97, 253, 29, -204, 175, 151, 102, 107, -68, 34, -248, 
-156, 92, 248, 31, -202, 170, 151, 107, 107, -68, 34, -248, 
-156, 92, 248, 31, -202, 170, 151, 107, 107, -78, 34, -248, 
-156, 97, 253, 29, -204, 175, 151, 102, 97, -82, 34, -248, 
-151, 112, 263, 19, -207, 187, 141, 112, 102, -68, 39, -239, 
-146, 102, 248, 21, -197, 175, 146, 112, 112, -53, 43, -239, 
-141, 107, 248, 17, -195, 178, 146, 112, 117, -48, 48, -244, 
-136, 117, 253, 9, -195, 185, 146, 107, 122, -48, 53, -244, 
-151, 136, 287, 7, -219, 212, 156, 112, 126, -34, 63, -229, 
-151, 141, 292, 4, -222, 217, 156, 117, 131, -24, 68, -229, 
-151, 146, 297, 2, -224, 222, 156, 122, 136, -19, 73, -234, 
-151, 151, 302, 0, -226, 226, 156, 126, 146, -14, 78, -234, 
-161, 136, 297, 12, -229, 217, 156, 122, 141, -29, 73, -239, 
-161, 136, 297, 12, -229, 217, 156, 117, 136, -39, 68, -239, 
-161, 136, 297, 12, -229, 217, 151, 112, 131, -48, 58, -244, 
-161, 136, 297, 12, -229, 217, 151, 107, 122, -53, 48, -253, 
-170, 126, 297, 21, -234, 212, 151, 107, 122, -43, 53, -253, 
-175, 126, 302, 24, -239, 214, 156, 97, 117, -48, 48, -253, 
-175, 126, 302, 24, -239, 214, 156, 87, 107, -58, 39, -253, 
-175, 126, 302, 24, -239, 214, 156, 87, 107, -58, 39, -253, 
-175, 126, 302, 24, -239, 214, 156, 87, 107, -58, 39, -253, 
-175, 126, 302, 24, -239, 214, 156, 87, 107, -58, 39, -253, 
-165, 117, 283, 24, -224, 200, 146, 97, 107, -53, 29, -258, 
-161, 112, 273, 24, -217, 192, 146, 97, 102, -58, 29, -268, 
-156, 107, 263, 24, -209, 185, 146, 97, 102, -63, 29, -273, 
-146, 107, 253, 19, -200, 180, 146, 92, 107, -73, 29, -278, 
-151, 122, 273, 14, -212, 197, 146, 82, 97, -78, 34, -268, 
-156, 122, 278, 17, -217, 200, 146, 82, 97, -82, 34, -268, 
-170, 126, 297, 21, -234, 212, 146, 82, 97, -92, 34, -268, 
-175, 126, 302, 24, -239, 214, 146, 82, 97, -97, 34, -268, 
-175, 117, 292, 29, -234, 204, 156, 97, 107, -87, 43, -278, 
-175, 117, 292, 29, -234, 204, 156, 97, 107, -73, 43, -278, 
-175, 117, 292, 29, -234, 204, 161, 97, 107, -63, 43, -278, 
-180, 112, 292, 34, -236, 202, 165, 97, 107, -53, 43, -278, 
-175, 117, 292, 29, -234, 204, 161, 87, 107, -58, 34, -287, 
-161, 122, 283, 19, -222, 202, 161, 82, 107, -73, 34, -287, 
-156, 126, 283, 14, -219, 204, 156, 82, 102, -78, 34, -287, 
-151, 131, 283, 9, -217, 207, 151, 82, 102, -78, 34, -287, 
-156, 126, 283, 14, -219, 204, 161, 87, 97, -78, 43, -287, 
-165, 126, 292, 19, -229, 209, 161, 87, 97, -78, 43, -283, 
-170, 126, 297, 21, -234, 212, 161, 87, 97, -78, 43, -278, 
-175, 126, 302, 24, -239, 214, 161, 82, 97, -78, 43, -273, 
-165, 117, 283, 24, -224, 200, 151, 82, 97, -68, 39, -283, 
-165, 117, 283, 24, -224, 200, 156, 87, 97, -63, 34, -287, 
-165, 117, 283, 24, -224, 200, 156, 87, 97, -63, 34, -287, 
-165, 117, 283, 24, -224, 200, 156, 87, 97, -68, 39, -287, 
-161, 122, 283, 19, -222, 202, 146, 97, 107, -68, 43, -287, 
-161, 122, 283, 19, -222, 202, 146, 97, 107, -68, 43, -292, 
-161, 122, 283, 19, -222, 202, 146, 92, 107, -68, 43, -302, 
-156, 122, 278, 17, -217, 200, 146, 87, 102, -78, 39, -307, 
-165, 131, 297, 17, -231, 214, 146, 87, 102, -87, 29, -292, 
-170, 131, 302, 19, -236, 217, 146, 87, 102, -78, 34, -287, 
-170, 131, 302, 19, -236, 217, 146, 87, 102, -78, 34, -287, 
-175, 131, 307, 21, -241, 219, 151, 87, 102, -78, 34, -292, 
-185, 131, 317, 26, -251, 224, 161, 78, 102, -73, 43, -287, 
-185, 131, 317, 26, -251, 224, 156, 78, 102, -68, 48, -287, 
-185, 131, 317, 26, -251, 224, 156, 78, 102, -68, 48, -283, 
-185, 131, 317, 26, -251, 224, 156, 82, 107, -63, 53, -273, 
-180, 141, 322, 19, -251, 231, 146, 82, 107, -68, 48, -287, 
-175, 141, 317, 17, -246, 229, 146, 82, 107, -68, 43, -292, 
-170, 136, 307, 17, -239, 222, 146, 82, 107, -68, 39, -307, 
-165, 136, 302, 14, -234, 219, 146, 82, 107, -68, 39, -302, 
-156, 151, 307, 2, -231, 229, 136, 73, 102, -82, 29, -302, 
-156, 151, 307, 2, -231, 229, 136, 73, 97, -87, 29, -307, 
-156, 151, 307, 2, -231, 229, 136, 73, 92, -92, 29, -307, 
-156, 151, 307, 2, -231, 229, 136, 73, 87, -97, 29, -307, 
-156, 151, 307, 2, -231, 229, 136, 73, 78, -107, 39, -307, 
-156, 156, 312, 0, -234, 234, 136, 73, 78, -107, 39, -302, 
-156, 156, 312, 0, -234, 234, 136, 68, 78, -107, 43, -302, 
-156, 151, 307, 2, -231, 229, 136, 68, 78, -102, 43, -302, 
-165, 151, 317, 7, -241, 234, 146, 78, 82, -97, 53, -302, 
-165, 151, 317, 7, -241, 234, 146, 78, 87, -92, 53, -302, 
-165, 156, 322, 4, -244, 239, 146, 78, 92, -87, 53, -302, 
-165, 156, 322, 4, -244, 239, 146, 78, 97, -82, 53, -302, 
-175, 156, 331, 9, -253, 244, 146, 87, 97, -73, 43, -302, 
-175, 156, 331, 9, -253, 244, 151, 87, 97, -73, 48, -302, 
-175, 156, 331, 9, -253, 244, 151, 87, 102, -73, 48, -302, 
-170, 165, 336, 2, -253, 251, 151, 87, 102, -73, 48, -302, 
-161, 161, 322, 0, -241, 241, 141, 87, 102, -73, 34, -317, 
-161, 156, 317, 2, -239, 236, 136, 87, 102, -73, 34, -322, 
-161, 151, 312, 4, -236, 231, 136, 92, 102, -73, 39, -326, 
-161, 141, 302, 9, -231, 222, 136, 92, 102, -78, 39, -331, 
-161, 146, 307, 7, -234, 226, 146, 82, 102, -87, 39, -326, 
-161, 161, 322, 0, -241, 241, 146, 82, 102, -82, 39, -322, 
-161, 165, 326, -2, -244, 246, 146, 82, 102, -82, 39, -322, 
-161, 165, 326, -2, -244, 246, 151, 82, 107, -78, 39, -317, 
-170, 165, 336, 2, -253, 251, 151, 92, 107, -68, 53, -302, 
-170, 165, 336, 2, -253, 251, 151, 92, 107, -63, 63, -302, 
-170, 165, 336, 2, -253, 251, 151, 92, 107, -63, 53, -307, 
-170, 165, 336, 2, -253, 251, 151, 92, 107, -63, 53, -307, 
-161, 156, 317, 2, -239, 236, 151, 82, 107, -78, 43, -317, 
-161, 156, 317, 2, -239, 236, 151, 82, 107, -78, 43, -312, 
-161, 156, 317, 2, -239, 236, 151, 82, 107, -78, 43, -312, 
-161, 161, 322, 0, -241, 241, 146, 82, 107, -78, 43, -307, 
-151, 170, 322, -9, -236, 246, 136, 63, 82, -87, 48, -297, 
-170, 190, 361, -9, -265, 275, 131, 53, 82, -78, 58, -287, 
-165, 195, 361, -14, -263, 278, 131, 43, 78, -97, 29, -307, 
-131, 204, 336, -36, -234, 270, 122, 43, 78, -112, 29, -307, 
-122, 219, 341, -48, -231, 280, 102, 39, 63, -78, 68, -283, 
-126, 248, 375, -61, -251, 312, 78, 39, 63, -24, 117, -244, 
-112, 283, 395, -85, -253, 339, 58, 39, 97, 19, 161, -224, 
-73, 326, 400, -126, -236, 363, 34, 53, 131, 53, 214, -170, 
-58, 370, 429, -156, -244, 400, -4, 73, 146, 97, 283, -107, 
-34, 395, 429, -180, -231, 412, -53, 97, 170, 151, 336, -58, 
14, 424, 409, -219, -197, 417, -92, 126, 209, 214, 395, -19, 
53, 434, 380, -244, -163, 407, -131, 126, 200, 253, 439, 14, 
97, 434, 336, -265, -119, 385, -200, 107, 126, 253, 478, 53, 
141, 444, 302, -292, -80, 373, -248, 68, 19, 234, 507, 68, 
175, 463, 287, -319, -56, 375, -273, 34, -117, 195, 517, 78, 
190, 463, 273, -326, -41, 368, -287, -4, -244, 146, 488, 73, 
209, 453, 244, -331, -17, 348, -287, -29, -341, 112, 453, 48, 
209, 419, 209, -314, 0, 314, -253, -34, -405, 68, 370, -24, 
165, 346, 180, -256, -7, 263, -200, -43, -468, -43, 248, -117, 
117, 273, 156, -195, -19, 214, -136, -58, -507, -161, 141, -185, 
73, 248, 175, -161, -51, 212, -73, -82, -531, -239, 78, -219, 
29, 214, 185, -122, -78, 200, -43, -141, -570, -287, 9, -278, 
0, 117, 117, -58, -58, 117, -19, -195, -634, -370, -102, -390, 
-53, -34, 19, 43, -36, -7, 53, -224, -678, -502, -268, -536, 
-141, -185, -43, 163, -48, -114, 141, -224, -732, -634, -395, -658, 
-190, -229, -39, 209, -75, -134, 156, -234, -761, -673, -439, -702, 
-175, -200, -24, 187, -75, -112, 117, -244, -751, -653, -424, -683, 
-170, -190, -19, 180, -75, -104, 92, -239, -707, -639, -405, -658, 
-219, -209, 9, 214, -114, -100, 107, -209, -668, -614, -385, -649, 
-278, -190, 87, 234, -183, -51, 117, -190, -610, -585, -351, -614, 
-253, -151, 102, 202, -178, -24, 102, -161, -541, -546, -322, -585, 
-219, -122, 97, 170, -158, -12, 92, -131, -473, -492, -302, -580, 
-200, -112, 87, 156, -143, -12, 112, -82, -385, -444, -273, -570, 
-180, -82, 97, 131, -139, 7, 131, -34, -302, -395, -239, -561, 
-170, -68, 102, 119, -136, 17, 136, 14, -219, -356, -204, -536, 
-190, -53, 136, 122, -163, 41, 151, 53, -156, -317, -156, -502, 
-204, -39, 165, 122, -185, 63, 165, 82, -112, -278, -131, -488, 
-190, 4, 195, 92, -192, 100, 180, 92, -78, -244, -97, -458, 
-175, 53, 229, 61, -202, 141, 180, 73, -58, -224, -73, -424, 
-170, 92, 263, 39, -217, 178, 165, 68, -53, -214, -68, -414, 
-165, 112, 278, 26, -222, 195, 161, 68, -34, -195, -58, -400, 
-141, 136, 278, 2, -209, 207, 156, 78, 0, -161, -24, -370, 
-146, 156, 302, -4, -224, 229, 151, 87, 53, -136, -4, -356, 
-156, 161, 317, -2, -236, 239, 151, 97, 107, -117, 0, -370, 
-165, 151, 317, 7, -241, 234, 156, 112, 136, -117, 24, -351, 
-156, 165, 322, -4, -239, 244, 165, 112, 146, -97, 39, -326, 
-156, 209, 366, -26, -261, 287, 156, 102, 146, -63, 48, -326, 
-156, 224, 380, -34, -268, 302, 151, 107, 146, -34, 43, -346, 
-165, 224, 390, -29, -278, 307, 156, 102, 136, -53, 24, -346, 
-175, 229, 405, -26, -290, 317, 156, 92, 126, -87, 19, -326, 
-165, 239, 405, -36, -285, 322, 146, 87, 107, -107, 24, -322, 
-161, 239, 400, -39, -280, 319, 136, 78, 112, -102, 34, -326, 
-161, 239, 400, -39, -280, 319, 136, 82, 117, -97, 34, -326, 
-156, 239, 395, -41, -275, 317, 136, 87, 131, -78, 39, -322, 
-146, 244, 390, -48, -268, 317, 136, 97, 146, -68, 43, -322, 
-156, 248, 405, -46, -280, 326, 146, 87, 151, -58, 43, -322, 
-151, 248, 400, -48, -275, 324, 141, 92, 151, -53, 43, -317, 
-151, 253, 405, -51, -278, 329, 141, 92, 151, -53, 43, -312, 
-151, 258, 409, -53, -280, 334, 141, 87, 141, -63, 39, -312, 
-161, 248, 409, -43, -285, 329, 151, 92, 141, -63, 43, -312, 
-161, 248, 409, -43, -285, 329, 151, 97, 146, -58, 43, -312, 
-161, 248, 409, -43, -285, 329, 156, 102, 151, -53, 39, -312, 
-165, 248, 414, -41, -290, 331, 156, 107, 170, -43, 39, -312, 
-165, 258, 424, -46, -295, 341, 146, 107, 161, -58, 43, -312, 
-165, 258, 424, -46, -295, 341, 141, 107, 170, -58, 48, -312, 
-161, 258, 419, -48, -290, 339, 141, 107, 170, -53, 48, -312, 
-161, 263, 424, -51, -292, 344, 141, 107, 170, -53, 58, -312, 
-151, 278, 429, -63, -290, 353, 141, 97, 175, -48, 48, -307, 
-156, 278, 434, -61, -295, 356, 141, 97, 175, -48, 43, -307, 
-156, 273, 429, -58, -292, 351, 141, 97, 170, -53, 43, -307, 
-156, 273, 429, -58, -292, 351, 141, 97, 170, -48, 43, -307, 
-151, 263, 414, -56, -283, 339, 141, 107, 161, -53, 34, -317, 
-141, 263, 405, -61, -273, 334, 141, 107, 165, -48, 34, -322, 
-136, 263, 400, -63, -268, 331, 136, 107, 165, -48, 34, -326, 
-136, 263, 400, -63, -268, 331, 136, 107, 165, -48, 39, -326, 
-151, 273, 424, -61, -287, 348, 146, 117, 185, -39, 48, -322, 
-156, 278, 434, -61, -295, 356, 146, 117, 185, -39, 48, -317, 
-161, 283, 444, -61, -302, 363, 146, 117, 185, -39, 48, -312, 
-165, 292, 458, -63, -312, 375, 146, 117, 185, -39, 53, -302, 
-161, 302, 463, -70, -312, 383, 136, 107, 185, -43, 48, -302, 
-156, 297, 453, -70, -305, 375, 136, 107, 185, -48, 43, -302, 
-151, 297, 448, -73, -300, 373, 136, 107, 185, -48, 34, -302, 
-146, 297, 444, -75, -295, 370, 136, 112, 190, -43, 29, -302, 
-146, 292, 439, -73, -292, 366, 136, 112, 190, -29, 34, -307, 
-146, 292, 439, -73, -292, 366, 131, 112, 190, -29, 34, -312, 
-146, 287, 434, -70, -290, 361, 131, 112, 195, -24, 34, -317, 
-146, 283, 429, -68, -287, 356, 131, 112, 200, -19, 34, -322, 
-151, 283, 434, -65, -292, 358, 131, 102, 190, -34, 39, -312, 
-161, 292, 453, -65, -307, 373, 136, 102, 190, -39, 43, -302, 
-165, 292, 458, -63, -312, 375, 136, 102, 190, -43, 48, -302, 
-165, 292, 458, -63, -312, 375, 136, 102, 200, -39, 48, -307, 
-161, 283, 444, -61, -302, 363, 136, 112, 195, -29, 43, -312, 
-161, 283, 444, -61, -302, 363, 131, 117, 195, -34, 43, -312, 
-156, 292, 448, -68, -302, 370, 131, 117, 195, -34, 48, -312, 
-151, 302, 453, -75, -302, 378, 131, 117, 200, -29, 48, -302, 
-141, 312, 453, -85, -297, 383, 131, 122, 214, -19, 39, -312, 
-141, 307, 448, -82, -295, 378, 136, 122, 214, -19, 39, -312, 
-141, 307, 448, -82, -295, 378, 136, 117, 214, -14, 39, -312, 
-141, 312, 453, -85, -297, 383, 136, 117, 214, -9, 43, -297, 
-141, 322, 463, -90, -302, 392, 122, 112, 214, -24, 48, -297, 
-141, 322, 463, -90, -302, 392, 122, 112, 219, -29, 48, -297, 
-146, 322, 468, -87, -307, 395, 122, 112, 219, -34, 48, -297, 
-151, 326, 478, -87, -314, 402, 126, 117, 224, -34, 58, -292, 
-156, 326, 483, -85, -319, 405, 136, 126, 239, -24, 63, -292, 
-156, 326, 483, -85, -319, 405, 131, 126, 239, -14, 63, -292, 
-156, 331, 488, -87, -322, 409, 131, 131, 248, -4, 63, -292, 
-156, 331, 488, -87, -322, 409, 136, 131, 248, 19, 63, -297, 
-156, 322, 478, -82, -317, 400, 146, 141, 258, 29, 63, -297, 
-156, 331, 488, -87, -322, 409, 141, 141, 263, 34, 63, -297, 
-156, 341, 497, -92, -326, 419, 136, 141, 273, 34, 63, -292, 
-161, 341, 502, -90, -331, 422, 136, 146, 283, 39, 73, -278, 
-161, 351, 512, -95, -336, 431, 141, 131, 278, 29, 73, -278, 
-156, 356, 512, -100, -334, 434, 136, 126, 273, 19, 68, -278, 
-156, 366, 522, -104, -339, 444, 131, 131, 268, 9, 63, -278, 
-156, 375, 531, -109, -344, 453, 117, 126, 263, 0, 68, -273, 
-146, 380, 527, -117, -336, 453, 126, 131, 268, 4, 68, -273, 
-146, 375, 522, -114, -334, 448, 126, 131, 268, 4, 63, -273, 
-146, 380, 527, -117, -336, 453, 126, 136, 273, 9, 58, -278, 
-146, 375, 522, -114, -334, 448, 126, 136, 278, 14, 58, -287, 
-146, 385, 531, -119, -339, 458, 126, 131, 292, 34, 58, -287, 
-146, 385, 531, -119, -339, 458, 126, 131, 307, 39, 63, -283, 
-146, 395, 541, -124, -344, 468, 136, 141, 317, 48, 68, -283, 
-141, 400, 541, -129, -341, 470, 136, 141, 322, 58, 73, -278, 
-141, 419, 561, -139, -351, 490, 131, 146, 322, 53, 82, -263, 
-141, 424, 566, -141, -353, 495, 126, 151, 322, 48, 92, -258, 
-136, 434, 570, -148, -353, 502, 126, 161, 331, 58, 92, -258, 
-136, 444, 580, -153, -358, 512, 126, 170, 341, 68, 97, -253, 
-146, 439, 585, -146, -366, 512, 126, 161, 351, 73, 92, -263, 
-151, 439, 590, -143, -370, 514, 131, 161, 351, 82, 97, -258, 
-156, 444, 600, -143, -378, 522, 131, 165, 361, 92, 102, -253, 
-161, 439, 600, -139, -380, 519, 126, 165, 366, 97, 107, -244, 
-161, 453, 614, -146, -387, 534, 126, 165, 375, 102, 112, -253, 
-161, 458, 619, -148, -390, 539, 126, 165, 375, 112, 117, -248, 
-161, 458, 619, -148, -390, 539, 126, 175, 390, 117, 117, -248, 
-161, 463, 624, -151, -392, 544, 126, 175, 395, 122, 122, -248, 
-161, 488, 649, -163, -405, 568, 126, 175, 395, 122, 122, -234, 
-161, 502, 663, -170, -412, 583, 126, 180, 400, 126, 126, -229, 
-161, 492, 653, -165, -407, 573, 126, 185, 405, 136, 126, -224, 
-161, 492, 653, -165, -407, 573, 126, 185, 414, 136, 131, -214, 
-161, 497, 658, -168, -409, 578, 136, 185, 419, 141, 131, -214, 
-161, 502, 663, -170, -412, 583, 141, 185, 429, 141, 131, -209, 
-161, 502, 663, -170, -412, 583, 141, 190, 444, 141, 141, -209, 
-161, 512, 673, -175, -417, 592, 136, 190, 448, 141, 141, -209, 
-146, 522, 668, -187, -407, 595, 122, 195, 444, 131, 141, -214, 
-146, 522, 668, -187, -407, 595, 122, 195, 444, 146, 141, -214, 
-146, 522, 668, -187, -407, 595, 122, 195, 448, 146, 151, -204, 
-146, 527, 673, -190, -409, 600, 122, 195, 448, 141, 151, -200, 
-146, 527, 673, -190, -409, 600, 117, 185, 439, 151, 151, -204, 
-146, 531, 678, -192, -412, 605, 117, 185, 444, 156, 146, -204, 
-141, 531, 673, -195, -407, 602, 112, 185, 444, 161, 131, -214, 
-141, 531, 673, -195, -407, 602, 112, 185, 444, 161, 126, -214, 
-156, 541, 697, -192, -427, 619, 117, 185, 453, 151, 131, -214, 
-156, 541, 697, -192, -427, 619, 117, 185, 453, 156, 131, -214, 
-151, 541, 692, -195, -422, 617, 117, 185, 453, 161, 131, -214, 
-151, 541, 692, -195, -422, 617, 117, 185, 453, 161, 131, -219, 
-156, 536, 692, -190, -424, 614, 126, 195, 453, 156, 126, -209, 
-161, 527, 688, -183, -424, 607, 122, 190, 448, 151, 126, -209, 
-165, 527, 692, -180, -429, 610, 122, 185, 439, 136, 126, -209, 
-165, 536, 702, -185, -434, 619, 122, 180, 429, 131, 126, -214, 
-156, 546, 702, -195, -429, 624, 112, 170, 424, 136, 117, -204, 
-161, 541, 702, -190, -431, 622, 112, 161, 414, 126, 112, -209, 
-161, 541, 702, -190, -431, 622, 102, 161, 405, 117, 107, -214, 
-161, 527, 688, -183, -424, 607, 102, 156, 395, 112, 102, -219, 
-151, 527, 678, -187, -414, 602, 112, 161, 395, 102, 97, -239, 
-151, 512, 663, -180, -407, 588, 112, 156, 385, 87, 87, -244, 
-146, 502, 649, -178, -397, 575, 112, 151, 366, 78, 73, -253, 
-146, 497, 644, -175, -395, 570, 112, 151, 356, 63, 63, -268, 
-156, 502, 658, -173, -407, 580, 97, 141, 326, 48, 48, -263, 
-156, 488, 644, -165, -400, 566, 97, 131, 302, 39, 29, -273, 
-151, 473, 624, -161, -387, 549, 102, 117, 283, 34, 24, -283, 
-151, 458, 610, -153, -380, 534, 107, 112, 268, 29, 14, -278, 
-156, 453, 610, -148, -383, 531, 117, 117, 273, 24, 9, -287, 
-156, 444, 600, -143, -378, 522, 117, 117, 263, 14, 9, -302, 
-156, 434, 590, -139, -373, 512, 117, 117, 248, 4, 4, -312, 
-156, 419, 575, -131, -366, 497, 117, 117, 253, -4, -4, -317, 
-165, 424, 590, -129, -378, 507, 107, 112, 234, -14, -9, -312, 
-165, 414, 580, -124, -373, 497, 107, 102, 219, -34, -19, -312, 
-170, 414, 585, -122, -378, 500, 112, 92, 209, -58, -24, -317, 
-170, 414, 585, -122, -378, 500, 112, 87, 190, -73, -39, -317, 
-165, 409, 575, -122, -370, 492, 117, 92, 195, -63, -34, -326, 
-161, 400, 561, -119, -361, 480, 117, 87, 190, -73, -48, -331, 
-161, 390, 551, -114, -356, 470, 117, 87, 180, -78, -53, -341, 
-165, 385, 551, -109, -358, 468, 117, 82, 170, -82, -58, -341, 
-185, 375, 561, -95, -373, 468, 117, 87, 165, -68, -68, -356, 
-185, 370, 556, -92, -370, 463, 117, 92, 170, -68, -73, -366, 
-185, 366, 551, -90, -368, 458, 117, 97, 175, -63, -73, -370, 
-190, 361, 551, -85, -370, 456, 117, 97, 170, -58, -78, -380, 
-200, 346, 546, -73, -373, 446, 126, 87, 165, -53, -78, -375, 
-200, 336, 536, -68, -368, 436, 131, 87, 165, -53, -78, -375, 
-200, 326, 527, -63, -363, 427, 136, 87, 165, -53, -73, -375, 
-195, 326, 522, -65, -358, 424, 136, 87, 165, -58, -73, -375, 
-185, 322, 507, -68, -346, 414, 126, 73, 161, -82, -82, -380, 
-190, 322, 512, -65, -351, 417, 126, 73, 146, -87, -92, -380, 
-190, 322, 512, -65, -351, 417, 126, 73, 141, -92, -97, -380, 
-190, 326, 517, -68, -353, 422, 126, 73, 131, -107, -107, -385, 
-195, 336, 531, -70, -363, 434, 136, 87, 136, -107, -107, -385, 
-200, 336, 536, -68, -368, 436, 136, 87, 136, -102, -107, -385, 
-209, 336, 546, -63, -378, 441, 141, 87, 136, -102, -107, -385, 
-214, 336, 551, -61, -383, 444, 141, 82, 136, -107, -112, -390, 
-200, 336, 536, -68, -368, 436, 131, 73, 117, -117, -122, -385, 
-195, 336, 531, -70, -363, 434, 131, 73, 117, -122, -122, -385, 
-190, 341, 531, -75, -361, 436, 126, 73, 117, -122, -122, -385, 
-185, 346, 531, -80, -358, 439, 126, 73, 117, -131, -131, -385, 
-200, 341, 541, -70, -370, 441, 126, 68, 117, -126, -126, -405, 
-200, 341, 541, -70, -370, 441, 126, 68, 117, -122, -122, -405, 
-195, 336, 531, -70, -363, 434, 126, 68, 117, -117, -122, -400, 
-195, 331, 527, -68, -361, 429, 126, 68, 112, -112, -117, -400, 
-204, 331, 536, -63, -370, 434, 126, 58, 112, -122, -126, -400, 
-204, 331, 536, -63, -370, 434, 131, 58, 112, -112, -126, -400, 
-209, 331, 541, -61, -375, 436, 136, 58, 112, -112, -122, -395, 
-209, 331, 541, -61, -375, 436, 136, 58, 112, -112, -117, -395, 
-209, 341, 551, -65, -380, 446, 131, 58, 122, -126, -117, -395, 
-209, 346, 556, -68, -383, 451, 131, 53, 122, -126, -122, -395, 
-209, 341, 551, -65, -380, 446, 131, 53, 122, -126, -131, -395, 
-204, 346, 551, -70, -378, 448, 131, 58, 122, -117, -141, -405, 
-195, 341, 536, -73, -366, 439, 131, 68, 122, -126, -131, -395, 
-200, 341, 541, -70, -370, 441, 131, 63, 117, -126, -131, -390, 
-204, 341, 546, -68, -375, 444, 131, 63, 107, -126, -126, -385, 
-204, 341, 546, -68, -375, 444, 136, 63, 102, -126, -126, -385, 
-204, 331, 536, -63, -370, 434, 136, 63, 112, -122, -136, -400, 
-204, 331, 536, -63, -370, 434, 131, 63, 112, -117, -146, -405, 
-204, 331, 536, -63, -370, 434, 131, 63, 112, -117, -156, -409, 
-209, 326, 536, -58, -373, 431, 131, 63, 112, -122, -161, -414, 
-219, 336, 556, -58, -387, 446, 141, 63, 122, -112, -151, -409, 
-209, 341, 551, -65, -380, 446, 141, 63, 122, -112, -146, -409, 
-209, 341, 551, -65, -380, 446, 141, 63, 122, -107, -146, -409, 
-209, 341, 551, -65, -380, 446, 141, 63, 117, -102, -151, -409, 
-214, 331, 546, -58, -380, 439, 136, 53, 107, -107, -151, -409, 
-219, 336, 556, -58, -387, 446, 131, 53, 107, -112, -146, -409, 
-219, 336, 556, -58, -387, 446, 131, 53, 112, -117, -146, -409, 
-219, 331, 551, -56, -385, 441, 126, 53, 112, -117, -156, -419, 
-219, 341, 561, -61, -390, 451, 136, 63, 112, -126, -156, -409, 
-219, 341, 561, -61, -390, 451, 136, 63, 112, -131, -151, -405, 
-219, 336, 556, -58, -387, 446, 136, 63, 112, -131, -146, -400, 
-219, 331, 551, -56, -385, 441, 136, 63, 112, -131, -146, -400, 
-229, 336, 566, -53, -397, 451, 136, 73, 112, -122, -146, -400, 
-229, 341, 570, -56, -400, 456, 136, 73, 112, -122, -146, -395, 
-229, 346, 575, -58, -402, 461, 136, 73, 112, -122, -146, -385, 
-229, 361, 590, -65, -409, 475, 136, 73, 112, -122, -146, -380, 
-229, 356, 585, -63, -407, 470, 136, 73, 122, -112, -151, -385, 
-229, 356, 585, -63, -407, 470, 136, 73, 122, -112, -151, -390, 
-229, 351, 580, -61, -405, 466, 136, 73, 122, -112, -151, -395, 
-229, 351, 580, -61, -405, 466, 136, 73, 122, -112, -151, -405, 
-229, 351, 580, -61, -405, 466, 136, 63, 112, -126, -161, -395, 
-229, 351, 580, -61, -405, 466, 136, 63, 107, -136, -156, -390, 
-229, 351, 580, -61, -405, 466, 136, 63, 102, -141, -156, -390, 
-234, 346, 580, -56, -407, 463, 136, 63, 97, -141, -156, -390, 
-224, 336, 561, -56, -392, 448, 136, 63, 102, -136, -156, -405, 
-214, 336, 551, -61, -383, 444, 136, 63, 102, -126, -161, -409, 
-214, 341, 556, -63, -385, 448, 136, 63, 107, -122, -165, -414, 
-214, 351, 566, -68, -390, 458, 141, 63, 112, -117, -170, -419, 
-214, 366, 580, -75, -397, 473, 131, 73, 112, -126, -170, -419, 
-214, 366, 580, -75, -397, 473, 131, 73, 112, -126, -170, -419, 
-219, 356, 575, -68, -397, 466, 131, 73, 117, -126, -170, -419, 
-219, 356, 575, -68, -397, 466, 131, 73, 117, -131, -170, -419, 
-204, 356, 561, -75, -383, 458, 131, 63, 107, -141, -185, -419, 
-204, 356, 561, -75, -383, 458, 131, 63, 107, -141, -190, -424, 
-204, 356, 561, -75, -383, 458, 131, 63, 102, -141, -190, -424, 
-204, 356, 561, -75, -383, 458, 131, 63, 102, -136, -185, -424, 
-219, 346, 566, -63, -392, 456, 141, 73, 112, -131, -180, -419, 
-224, 346, 570, -61, -397, 458, 141, 73, 112, -131, -175, -414, 
-229, 346, 575, -58, -402, 461, 141, 73, 117, -131, -170, -409, 
-234, 346, 580, -56, -407, 463, 141, 73, 117, -126, -165, -400, 
-229, 351, 580, -61, -405, 466, 131, 73, 107, -131, -170, -409, 
-229, 356, 585, -63, -407, 470, 131, 73, 107, -126, -175, -414, 
-224, 361, 585, -68, -405, 473, 131, 73, 112, -126, -180, -414, 
-224, 366, 590, -70, -407, 478, 131, 78, 112, -126, -185, -414, 
-224, 356, 580, -65, -402, 468, 141, 78, 122, -117, -175, -414, 
-224, 356, 580, -65, -402, 468, 141, 73, 122, -117, -170, -409, 
-224, 356, 580, -65, -402, 468, 136, 73, 117, -117, -170, -409, 
-219, 356, 575, -68, -397, 466, 136, 73, 117, -117, -170, -409, 
-219, 361, 580, -70, -400, 470, 131, 82, 126, -107, -180, -409, 
-219, 361, 580, -70, -400, 470, 131, 82, 131, -107, -175, -409, 
-219, 361, 580, -70, -400, 470, 131, 82, 131, -107, -175, -409, 
-219, 361, 580, -70, -400, 470, 131, 82, 131, -107, -175, -414, 
-209, 370, 580, -80, -395, 475, 131, 78, 117, -122, -185, -429, 
-209, 375, 585, -82, -397, 480, 131, 78, 112, -126, -190, -429, 
-214, 375, 590, -80, -402, 483, 131, 78, 107, -131, -195, -424, 
-219, 380, 600, -80, -409, 490, 131, 73, 102, -136, -195, -424, 
-224, 370, 595, -73, -409, 483, 136, 73, 102, -141, -185, -414, 
-224, 370, 595, -73, -409, 483, 136, 78, 107, -141, -185, -414, 
-224, 370, 595, -73, -409, 483, 136, 78, 112, -141, -185, -414, 
-229, 370, 600, -70, -414, 485, 136, 78, 112, -141, -185, -414, 
-234, 361, 595, -63, -414, 478, 136, 73, 112, -136, -190, -424, 
-239, 366, 605, -63, -422, 485, 136, 73, 107, -131, -190, -424, 
-244, 375, 619, -65, -431, 497, 136, 73, 107, -122, -195, -424, 
-248, 375, 624, -63, -436, 500, 136, 78, 112, -112, -200, -419, 
-239, 380, 619, -70, -429, 500, 136, 87, 117, -112, -185, -419, 
-234, 385, 619, -75, -427, 502, 136, 87, 122, -112, -175, -414, 
-239, 395, 634, -78, -436, 514, 136, 87, 126, -117, -175, -414, 
-234, 400, 634, -82, -434, 517, 136, 87, 131, -126, -180, -414, 
-224, 400, 624, -87, -424, 512, 146, 97, 146, -117, -175, -409, 
-214, 400, 614, -92, -414, 507, 146, 97, 146, -117, -170, -405, 
-214, 400, 614, -92, -414, 507, 146, 97, 146, -117, -165, -400, 
-214, 409, 624, -97, -419, 517, 146, 97, 146, -117, -161, -395, 
-214, 424, 639, -104, -427, 531, 136, 97, 146, -112, -170, -395, 
-214, 429, 644, -107, -429, 536, 136, 97, 146, -112, -170, -395, 
-209, 429, 639, -109, -424, 534, 136, 97, 146, -112, -170, -395, 
-204, 429, 634, -112, -419, 531, 136, 97, 151, -112, -175, -395, 
-214, 414, 629, -100, -422, 522, 141, 102, 156, -102, -175, -409, 
-214, 414, 629, -100, -422, 522, 146, 102, 161, -97, -170, -414, 
-214, 409, 624, -97, -419, 517, 151, 107, 165, -97, -170, -414, 
-219, 400, 619, -90, -419, 509, 161, 112, 175, -102, -170, -414, 
-219, 395, 614, -87, -417, 505, 170, 102, 170, -107, -170, -405, 
-219, 395, 614, -87, -417, 505, 161, 102, 156, -107, -170, -405, 
-219, 395, 614, -87, -417, 505, 151, 97, 146, -107, -170, -405, 
-219, 390, 610, -85, -414, 500, 151, 97, 136, -107, -175, -405, 
-209, 395, 605, -92, -407, 500, 136, 87, 131, -122, -195, -414, 
-209, 390, 600, -90, -405, 495, 131, 82, 131, -122, -195, -424, 
-209, 390, 600, -90, -405, 495, 131, 82, 126, -122, -190, -424, 
-209, 390, 600, -90, -405, 495, 131, 87, 126, -122, -190, -419, 
-204, 395, 600, -95, -402, 497, 122, 78, 122, -126, -195, -424, 
-204, 395, 600, -95, -402, 497, 112, 78, 117, -131, -200, -424, 
-209, 385, 595, -87, -402, 490, 102, 78, 107, -136, -204, -429, 
-209, 370, 580, -80, -395, 475, 92, 78, 97, -146, -209, -429, 
-219, 361, 580, -70, -400, 470, 97, 73, 82, -161, -219, -444, 
-214, 356, 570, -70, -392, 463, 102, 73, 82, -161, -224, -444, 
-214, 351, 566, -68, -390, 458, 107, 73, 82, -161, -224, -444, 
-214, 341, 556, -63, -385, 448, 112, 78, 82, -161, -229, -444, 
-229, 341, 570, -56, -400, 456, 112, 68, 87, -170, -229, -429, 
-239, 336, 575, -48, -407, 456, 122, 68, 87, -175, -229, -424, 
-244, 341, 585, -48, -414, 463, 122, 68, 87, -185, -229, -424, 
-244, 346, 590, -51, -417, 468, 122, 68, 87, -200, -229, -429, 
-229, 341, 570, -56, -400, 456, 122, 68, 82, -190, -234, -439, 
-224, 336, 561, -56, -392, 448, 117, 68, 78, -180, -239, -448, 
-214, 331, 546, -58, -380, 439, 117, 63, 68, -170, -244, -463, 
-204, 331, 536, -63, -370, 434, 117, 63, 63, -161, -248, -473, 
-214, 341, 556, -63, -385, 448, 117, 63, 68, -161, -229, -448, 
-214, 351, 566, -68, -390, 458, 117, 68, 73, -161, -224, -439, 
-214, 361, 575, -73, -395, 468, 117, 68, 78, -161, -219, -439, 
-214, 370, 585, -78, -400, 478, 117, 63, 82, -165, -219, -429, 
-219, 366, 585, -73, -402, 475, 131, 68, 87, -161, -214, -429, 
-229, 366, 595, -68, -412, 480, 136, 73, 97, -156, -214, -424, 
-234, 366, 600, -65, -417, 483, 141, 82, 107, -141, -209, -424, 
-239, 366, 605, -63, -422, 485, 151, 87, 117, -122, -209, -429, 
-248, 366, 614, -58, -431, 490, 151, 78, 107, -131, -204, -424, 
-253, 366, 619, -56, -436, 492, 151, 78, 102, -136, -204, -424, 
-253, 366, 619, -56, -436, 492, 151, 73, 97, -141, -204, -419, 
-253, 366, 619, -56, -436, 492, 151, 73, 97, -136, -204, -419, 
-253, 346, 600, -46, -427, 473, 151, 73, 97, -126, -229, -453, 
-253, 336, 590, -41, -422, 463, 141, 58, 78, -165, -239, -453, 
-244, 341, 585, -48, -414, 463, 136, 48, 58, -195, -244, -458, 
-234, 331, 566, -48, -400, 448, 136, 53, 68, -190, -244, -458, 
-234, 331, 566, -48, -400, 448, 136, 58, 68, -185, -244, -458, 
-234, 331, 566, -48, -400, 448, 136, 63, 68, -180, -244, -458, 
-234, 331, 566, -48, -400, 448, 136, 68, 68, -175, -244, -458, 
-244, 346, 590, -51, -417, 468, 136, 58, 78, -165, -244, -453, 
-248, 346, 595, -48, -422, 470, 136, 58, 73, -165, -244, -453, 
-253, 346, 600, -46, -427, 473, 136, 58, 73, -165, -244, -448, 
-253, 351, 605, -48, -429, 478, 136, 53, 78, -170, -244, -444, 
-244, 346, 590, -51, -417, 468, 136, 53, 78, -170, -229, -448, 
-244, 346, 590, -51, -417, 468, 136, 53, 78, -170, -229, -453, 
-253, 351, 605, -48, -429, 478, 136, 53, 78, -175, -229, -458, 
-253, 351, 605, -48, -429, 478, 136, 53, 78, -175, -229, -463, 
-253, 341, 595, -43, -424, 468, 136, 68, 87, -170, -234, -463, 
-253, 341, 595, -43, -424, 468, 136, 68, 87, -161, -239, -463, 
-253, 341, 595, -43, -424, 468, 141, 68, 87, -156, -244, -463, 
-258, 336, 595, -39, -427, 466, 146, 68, 87, -151, -248, -463, 
-268, 336, 605, -34, -436, 470, 151, 68, 78, -156, -248, -453, 
-258, 336, 595, -39, -427, 466, 151, 63, 78, -170, -248, -453, 
-258, 336, 595, -39, -427, 466, 146, 63, 73, -175, -248, -453, 
-258, 336, 595, -39, -427, 466, 141, 63, 73, -175, -248, -453, 
-268, 336, 605, -34, -436, 470, 151, 68, 78, -170, -244, -453, 
-273, 341, 614, -34, -444, 478, 151, 68, 78, -165, -239, -448, 
-273, 346, 619, -36, -446, 483, 151, 68, 78, -161, -234, -444, 
-273, 351, 624, -39, -448, 488, 151, 63, 78, -156, -229, -439, 
-263, 341, 605, -39, -434, 473, 141, 53, 78, -165, -239, -448, 
-263, 341, 605, -39, -434, 473, 146, 58, 78, -161, -248, -453, 
-263, 341, 605, -39, -434, 473, 146, 58, 78, -161, -253, -453, 
-263, 341, 605, -39, -434, 473, 146, 58, 78, -165, -253, -453, 
-268, 336, 605, -34, -436, 470, 136, 48, 78, -175, -248, -453, 
-268, 336, 605, -34, -436, 470, 136, 48, 78, -175, -248, -458, 
-268, 336, 605, -34, -436, 470, 136, 43, 78, -175, -248, -468, 
-263, 336, 600, -36, -431, 468, 136, 39, 73, -185, -253, -473, 
-253, 336, 590, -41, -422, 463, 146, 48, 63, -180, -253, -468, 
-258, 336, 595, -39, -427, 466, 146, 48, 63, -165, -248, -463, 
-258, 336, 595, -39, -427, 466, 146, 48, 63, -161, -248, -463, 
-263, 336, 600, -36, -431, 468, 151, 48, 63, -156, -248, -468, 
-263, 346, 610, -41, -436, 478, 151, 58, 78, -165, -253, -468, 
-263, 346, 610, -41, -436, 478, 146, 58, 82, -165, -253, -473, 
-263, 346, 610, -41, -436, 478, 146, 58, 87, -170, -258, -473, 
-263, 346, 610, -41, -436, 478, 146, 63, 97, -170, -258, -468, 
-253, 356, 610, -51, -431, 483, 156, 73, 92, -180, -248, -463, 
-253, 356, 610, -51, -431, 483, 156, 73, 87, -185, -248, -458, 
-253, 351, 605, -48, -429, 478, 156, 73, 82, -190, -248, -463, 
-253, 351, 605, -48, -429, 478, 156, 73, 78, -195, -244, -448, 
-258, 346, 605, -43, -431, 475, 146, 68, 87, -180, -253, -453, 
-263, 346, 610, -41, -436, 478, 146, 63, 87, -165, -253, -463, 
-268, 346, 614, -39, -441, 480, 146, 58, 87, -151, -253, -468, 
-273, 346, 619, -36, -446, 483, 146, 53, 87, -136, -253, -473, 
-273, 356, 629, -41, -451, 492, 146, 43, 87, -141, -244, -468, 
-273, 361, 634, -43, -453, 497, 146, 43, 87, -146, -244, -458, 
-273, 361, 634, -43, -453, 497, 146, 39, 87, -151, -239, -453, 
-273, 356, 629, -41, -451, 492, 146, 39, 87, -151, -239, -448, 
-263, 346, 610, -41, -436, 478, 146, 48, 78, -156, -244, -458, 
-263, 346, 610, -41, -436, 478, 146, 48, 78, -161, -248, -458, 
-263, 351, 614, -43, -439, 483, 146, 48, 78, -165, -253, -458, 
-263, 351, 614, -43, -439, 483, 146, 48, 78, -170, -258, -458, 
-273, 361, 634, -43, -453, 497, 136, 48, 78, -165, -248, -458, 
-273, 361, 634, -43, -453, 497, 141, 48, 78, -161, -244, -458, 
-273, 361, 634, -43, -453, 497, 141, 48, 82, -156, -244, -458, 
-268, 370, 639, -51, -453, 505, 141, 48, 82, -151, -244, -458, 
-258, 361, 619, -51, -439, 490, 141, 48, 82, -161, -258, -458, 
-258, 361, 619, -51, -439, 490, 136, 48, 82, -170, -258, -458, 
-258, 361, 619, -51, -439, 490, 136, 53, 82, -180, -253, -458, 
-258, 356, 614, -48, -436, 485, 136, 53, 82, -195, -253, -458, 
-268, 341, 610, -36, -439, 475, 141, 63, 92, -180, -253, -468, 
-268, 346, 614, -39, -441, 480, 146, 63, 92, -161, -253, -468, 
-268, 341, 610, -36, -439, 475, 151, 63, 92, -146, -253, -473, 
-268, 331, 600, -31, -434, 466, 161, 63, 97, -126, -253, -473, 
-278, 341, 619, -31, -448, 480, 151, 53, 87, -141, -248, -458, 
-278, 351, 629, -36, -453, 490, 151, 53, 87, -141, -239, -458, 
-278, 361, 639, -41, -458, 500, 151, 53, 87, -146, -248, -463, 
-278, 370, 649, -46, -463, 509, 151, 53, 87, -151, -248, -463, 
-263, 370, 634, -53, -448, 502, 141, 53, 78, -161, -258, -473, 
-258, 370, 629, -56, -444, 500, 141, 53, 78, -165, -258, -468, 
-253, 370, 624, -58, -439, 497, 141, 53, 78, -170, -258, -468, 
-248, 375, 624, -63, -436, 500, 136, 53, 78, -175, -258, -463, 
-209, 385, 595, -87, -402, 490, 126, 43, 63, -165, -244, -453, 
-239, 395, 634, -78, -436, 514, 131, 43, 63, -146, -234, -444, 
-253, 390, 644, -68, -448, 517, 131, 43, 68, -126, -234, -444, 
-258, 419, 678, -80, -468, 549, 112, 34, 58, -131, -224, -434, 
-239, 453, 692, -107, -466, 573, 82, 9, 34, -136, -214, -419, 
-214, 492, 707, -139, -461, 600, 58, 0, 43, -112, -175, -380, 
-200, 507, 707, -153, -453, 607, 48, 19, 87, -48, -112, -341, 
-180, 512, 692, -165, -436, 602, 14, 43, 112, -14, -78, -307, 
-136, 527, 663, -195, -400, 595, -34, 63, 117, 19, -39, -263, 
-73, 561, 634, -244, -353, 597, -82, 78, 122, 53, 24, -214, 
-24, 580, 605, -278, -314, 592, -131, 87, 112, 87, 63, -185, 
4, 610, 605, -307, -300, 607, -190, 78, 63, 97, 107, -161, 
58, 619, 561, -339, -251, 590, -248, 58, -19, 97, 136, -131, 
112, 610, 497, -361, -192, 553, -278, 39, -136, 48, 117, -136, 
117, 600, 483, -358, -183, 541, -283, 4, -283, -29, 78, -156, 
102, 610, 507, -356, -202, 558, -287, -34, -400, -68, 48, -161, 
82, 580, 497, -331, -207, 539, -248, -48, -458, -102, -14, -214, 
73, 507, 434, -290, -180, 470, -195, -43, -522, -204, -136, -326, 
58, 434, 375, -246, -158, 405, -151, -73, -595, -336, -258, -409, 
9, 400, 390, -204, -190, 395, -97, -126, -644, -405, -307, -439, 
-43, 366, 409, -161, -226, 387, -53, -200, -668, -434, -351, -473, 
-97, 283, 380, -92, -239, 331, -14, -258, -688, -502, -439, -561, 
-185, 146, 331, 19, -258, 239, 48, -292, -732, -605, -570, -673, 
-268, 24, 292, 122, -280, 158, 141, -302, -766, -727, -717, -800, 
-297, -19, 278, 158, -287, 129, 161, -302, -800, -800, -785, -863, 
-307, -4, 302, 156, -305, 148, 136, -312, -800, -780, -751, -819, 
-322, -14, 307, 168, -314, 146, 117, -302, -771, -732, -717, -800, 
-336, -43, 292, 190, -314, 124, 112, -268, -727, -688, -727, -814, 
-317, -34, 283, 175, -300, 124, 107, -239, -668, -653, -707, -814, 
-297, 14, 312, 141, -305, 163, 97, -219, -600, -644, -653, -771, 
-302, 53, 356, 124, -329, 204, 92, -200, -531, -644, -605, -722, 
-317, 92, 409, 112, -363, 251, 92, -151, -453, -610, -566, -688, 
-326, 122, 448, 102, -387, 285, 122, -92, -366, -502, -527, -658, 
-307, 112, 419, 97, -363, 265, 151, -24, -263, -395, -522, -668, 
-307, 117, 424, 95, -366, 270, 175, 34, -180, -346, -497, -673, 
-297, 141, 439, 78, -368, 290, 180, 43, -136, -346, -468, -649, 
-292, 195, 488, 48, -390, 341, 175, 53, -131, -336, -434, -605, 
-287, 219, 507, 34, -397, 363, 180, 63, -107, -312, -400, -575, 
-283, 229, 512, 26, -397, 370, 180, 63, -87, -302, -366, -561, 
-278, 258, 536, 9, -407, 397, 175, 48, -53, -283, -351, -551, 
-263, 297, 561, -17, -412, 429, 161, 48, -4, -244, -331, -536, 
-258, 331, 590, -36, -424, 461, 146, 68, 29, -200, -297, -507, 
-253, 361, 614, -53, -434, 488, 141, 68, 53, -195, -278, -483, 
-253, 385, 639, -65, -446, 512, 151, 78, 87, -195, -273, -458, 
-263, 405, 668, -70, -466, 536, 156, 92, 126, -165, -287, -468, 
-263, 400, 663, -68, -463, 531, 165, 112, 146, -126, -283, -473, 
-263, 395, 658, -65, -461, 527, 175, 102, 136, -122, -263, -463, 
-263, 390, 653, -63, -458, 522, 161, 97, 117, -141, -258, -463, 
-263, 390, 653, -63, -458, 522, 146, 92, 107, -151, -258, -473, 
-253, 405, 658, -75, -456, 531, 146, 82, 107, -156, -263, -463, 
-263, 424, 688, -80, -475, 556, 146, 78, 107, -146, -248, -458, 
-253, 419, 673, -82, -463, 546, 156, 87, 122, -156, -248, -453, 
-258, 414, 673, -78, -466, 544, 156, 92, 126, -156, -248, -453, 
-258, 409, 668, -75, -463, 539, 156, 97, 141, -141, -244, -448, 
-253, 409, 663, -78, -458, 536, 156, 107, 156, -136, -239, -448, 
-253, 424, 678, -85, -466, 551, 156, 97, 151, -117, -239, -448, 
-248, 424, 673, -87, -461, 549, 151, 102, 151, -112, -239, -444, 
-248, 429, 678, -90, -463, 553, 151, 102, 151, -112, -239, -439, 
-248, 434, 683, -92, -466, 558, 151, 97, 141, -122, -244, -439, 
-239, 419, 658, -90, -448, 539, 146, 87, 126, -141, -253, -453, 
-239, 414, 653, -87, -446, 534, 141, 87, 126, -146, -258, -458, 
-239, 409, 649, -85, -444, 529, 141, 87, 126, -151, -268, -463, 
-244, 405, 649, -80, -446, 527, 136, 87, 141, -151, -273, -468, 
-253, 414, 668, -80, -461, 541, 141, 92, 151, -141, -253, -458, 
-253, 424, 678, -85, -466, 551, 141, 97, 161, -126, -244, -448, 
-248, 434, 683, -92, -466, 558, 146, 102, 161, -107, -239, -439, 
-248, 448, 697, -100, -473, 573, 151, 107, 161, -92, -224, -429, 
-248, 448, 697, -100, -473, 573, 151, 97, 156, -102, -234, -434, 
-253, 444, 697, -95, -475, 570, 151, 97, 156, -107, -239, -434, 
-253, 434, 688, -90, -470, 561, 151, 97, 151, -117, -239, -434, 
-253, 429, 683, -87, -468, 556, 151, 97, 151, -117, -239, -434, 
-263, 439, 702, -87, -483, 570, 141, 87, 151, -117, -248, -448, 
-258, 439, 697, -90, -478, 568, 141, 87, 156, -117, -248, -448, 
-258, 439, 697, -90, -478, 568, 136, 87, 156, -122, -248, -448, 
-263, 439, 702, -87, -483, 570, 136, 87, 156, -126, -244, -444, 
-253, 448, 702, -97, -478, 575, 136, 78, 161, -117, -248, -444, 
-253, 453, 707, -100, -480, 580, 136, 78, 156, -117, -253, -444, 
-253, 458, 712, -102, -483, 585, 136, 78, 151, -117, -258, -444, 
-253, 468, 722, -107, -488, 595, 136, 78, 146, -117, -258, -439, 
-244, 463, 707, -109, -475, 585, 146, 82, 151, -122, -253, -448, 
-244, 453, 697, -104, -470, 575, 146, 87, 156, -126, -248, -448, 
-244, 448, 692, -102, -468, 570, 146, 92, 161, -126, -248, -448, 
-244, 444, 688, -100, -466, 566, 146, 102, 170, -122, -244, -448, 
-229, 453, 683, -112, -456, 568, 136, 102, 170, -126, -239, -439, 
-224, 458, 683, -117, -453, 570, 131, 102, 170, -126, -239, -439, 
-219, 458, 678, -119, -448, 568, 131, 102, 175, -122, -239, -439, 
-214, 458, 673, -122, -444, 566, 131, 102, 180, -117, -239, -439, 
-224, 453, 678, -114, -451, 566, 141, 112, 180, -102, -244, -439, 
-239, 458, 697, -109, -468, 578, 146, 112, 180, -97, -239, -429, 
-248, 453, 702, -102, -475, 578, 146, 112, 180, -92, -234, -429, 
-253, 448, 702, -97, -478, 575, 146, 112, 190, -78, -234, -434, 
-263, 439, 702, -87, -483, 570, 156, 122, 204, -78, -234, -429, 
-268, 439, 707, -85, -488, 573, 151, 126, 204, -82, -229, -429, 
-268, 448, 717, -90, -492, 583, 151, 126, 204, -82, -219, -429, 
-268, 458, 727, -95, -497, 592, 151, 126, 209, -78, -214, -419, 
-263, 458, 722, -97, -492, 590, 146, 112, 204, -87, -224, -439, 
-258, 453, 712, -97, -485, 583, 146, 102, 195, -97, -234, -439, 
-253, 453, 707, -100, -480, 580, 141, 87, 185, -102, -244, -439, 
-248, 458, 707, -104, -478, 583, 136, 78, 175, -107, -248, -424, 
-244, 468, 712, -112, -478, 590, 141, 97, 190, -102, -239, -414, 
-239, 468, 707, -114, -473, 588, 141, 102, 200, -97, -234, -414, 
-239, 468, 707, -114, -473, 588, 141, 107, 204, -92, -229, -414, 
-239, 473, 712, -117, -475, 592, 146, 117, 214, -82, -214, -409, 
-253, 463, 717, -104, -485, 590, 156, 126, 229, -73, -219, -419, 
-253, 463, 717, -104, -485, 590, 151, 126, 229, -73, -219, -419, 
-253, 468, 722, -107, -488, 595, 151, 131, 239, -73, -219, -419, 
-253, 468, 722, -107, -488, 595, 156, 131, 239, -58, -219, -424, 
-244, 473, 717, -114, -480, 595, 151, 126, 229, -58, -209, -419, 
-244, 488, 732, -122, -488, 610, 141, 122, 224, -63, -209, -414, 
-244, 502, 746, -129, -495, 624, 131, 117, 224, -73, -209, -405, 
-248, 507, 756, -129, -502, 631, 126, 117, 224, -78, -200, -385, 
-253, 497, 751, -122, -502, 624, 141, 126, 244, -58, -200, -400, 
-253, 492, 746, -119, -500, 619, 146, 126, 253, -48, -204, -405, 
-258, 492, 751, -117, -505, 622, 151, 136, 263, -39, -209, -409, 
-263, 492, 756, -114, -509, 624, 146, 136, 273, -29, -204, -409, 
-248, 507, 756, -129, -502, 631, 136, 131, 268, -39, -195, -400, 
-244, 512, 756, -134, -500, 634, 136, 131, 268, -43, -190, -390, 
-239, 527, 766, -143, -502, 646, 136, 136, 273, -43, -185, -385, 
-234, 531, 766, -148, -500, 649, 136, 136, 278, -43, -175, -385, 
-244, 527, 771, -141, -507, 649, 136, 146, 292, -29, -175, -385, 
-244, 522, 766, -139, -505, 644, 136, 151, 307, -19, -170, -380, 
-244, 527, 771, -141, -507, 649, 146, 165, 317, -4, -165, -380, 
-239, 527, 766, -143, -502, 646, 146, 170, 322, 9, -161, -375, 
-239, 531, 771, -146, -505, 651, 151, 170, 326, 14, -161, -361, 
-239, 531, 771, -146, -505, 651, 146, 170, 331, 19, -151, -356, 
-234, 536, 771, -151, -502, 653, 146, 175, 346, 39, -151, -356, 
-234, 541, 775, -153, -505, 658, 146, 180, 361, 58, -146, -351, 
-253, 546, 800, -146, -527, 673, 146, 175, 366, 53, -141, -361, 
-258, 546, 805, -143, -531, 675, 151, 170, 361, 53, -136, -356, 
-263, 551, 814, -143, -539, 683, 151, 170, 366, 53, -131, -351, 
-268, 546, 814, -139, -541, 680, 146, 165, 366, 48, -126, -341, 
-253, 566, 819, -156, -536, 692, 141, 165, 366, 39, -126, -346, 
-239, 575, 814, -168, -527, 695, 136, 165, 366, 43, -126, -346, 
-224, 580, 805, -178, -514, 692, 131, 175, 380, 43, -131, -351, 
-209, 590, 800, -190, -505, 695, 126, 175, 385, 43, -131, -356, 
-224, 605, 829, -190, -527, 717, 136, 175, 395, 48, -112, -341, 
-229, 619, 849, -195, -539, 734, 136, 180, 400, 58, -107, -336, 
-234, 610, 844, -187, -539, 727, 136, 185, 405, 73, -107, -331, 
-239, 610, 849, -185, -544, 729, 136, 185, 414, 78, -102, -322, 
-229, 610, 839, -190, -534, 724, 136, 195, 424, 92, -102, -331, 
-229, 610, 839, -190, -534, 724, 141, 195, 429, 92, -102, -326, 
-229, 605, 834, -187, -531, 719, 141, 200, 439, 92, -92, -326, 
-229, 610, 839, -190, -534, 724, 136, 200, 439, 92, -92, -326, 
-219, 629, 849, -204, -534, 739, 122, 185, 434, 87, -97, -331, 
-214, 629, 844, -207, -529, 736, 122, 185, 434, 97, -102, -331, 
-209, 629, 839, -209, -524, 734, 122, 185, 439, 92, -97, -322, 
-204, 634, 839, -214, -522, 736, 122, 185, 439, 82, -102, -317, 
-224, 634, 858, -204, -541, 746, 126, 195, 439, 87, -82, -307, 
-234, 639, 873, -202, -553, 756, 126, 195, 444, 97, -78, -302, 
-239, 639, 878, -200, -558, 758, 122, 195, 444, 107, -82, -307, 
-248, 639, 888, -195, -568, 763, 122, 195, 444, 112, -78, -302, 
-239, 639, 878, -200, -558, 758, 126, 185, 444, 112, -73, -302, 
-234, 639, 873, -202, -553, 756, 126, 185, 444, 117, -73, -302, 
-224, 639, 863, -207, -544, 751, 126, 185, 444, 122, -73, -302, 
-219, 639, 858, -209, -539, 749, 126, 185, 444, 122, -73, -307, 
-229, 634, 863, -202, -546, 749, 126, 185, 444, 107, -92, -312, 
-229, 624, 854, -197, -541, 739, 122, 180, 439, 102, -97, -317, 
-229, 624, 854, -197, -541, 739, 122, 175, 429, 87, -102, -322, 
-224, 634, 858, -204, -541, 746, 122, 170, 419, 82, -107, -331, 
-214, 624, 839, -204, -527, 732, 122, 161, 414, 68, -107, -322, 
-219, 619, 839, -200, -529, 729, 122, 151, 405, 58, -112, -326, 
-219, 619, 839, -200, -529, 729, 112, 151, 395, 48, -117, -331, 
-219, 605, 824, -192, -522, 714, 112, 146, 385, 43, -122, -336, 
-229, 595, 824, -183, -527, 710, 112, 141, 370, 43, -131, -351, 
-229, 580, 810, -175, -519, 695, 112, 136, 356, 29, -136, -351, 
-224, 570, 795, -173, -509, 683, 112, 131, 331, 19, -146, -356, 
-224, 566, 790, -170, -507, 678, 112, 131, 317, 4, -151, -366, 
-214, 566, 780, -175, -497, 673, 117, 136, 307, -4, -156, -356, 
-214, 556, 771, -170, -492, 663, 117, 131, 292, -19, -175, -370, 
-209, 546, 756, -168, -483, 651, 122, 122, 283, -29, -180, -385, 
-209, 536, 746, -163, -478, 641, 126, 122, 278, -39, -190, -385, 
-224, 527, 751, -151, -488, 639, 126, 112, 268, -43, -200, -390, 
-224, 512, 736, -143, -480, 624, 126, 107, 253, -53, -204, -409, 
-224, 497, 722, -136, -473, 610, 126, 102, 234, -63, -214, -424, 
-224, 478, 702, -126, -463, 590, 126, 97, 234, -73, -229, -434, 
-224, 478, 702, -126, -463, 590, 126, 97, 219, -73, -239, -439, 
-224, 463, 688, -119, -456, 575, 126, 92, 209, -82, -244, -439, 
-229, 458, 688, -114, -458, 573, 131, 87, 204, -97, -244, -444, 
-229, 453, 683, -112, -456, 568, 131, 87, 190, -102, -253, -444, 
-214, 448, 663, -117, -439, 556, 136, 73, 185, -112, -253, -444, 
-209, 439, 649, -114, -429, 544, 136, 68, 180, -122, -263, -448, 
-209, 429, 639, -109, -424, 534, 136, 68, 170, -126, -263, -458, 
-214, 424, 639, -104, -427, 531, 136, 63, 161, -131, -263, -458, 
-234, 419, 653, -92, -444, 536, 136, 73, 151, -122, -273, -478, 
-234, 419, 653, -92, -444, 536, 136, 73, 151, -126, -278, -483, 
-234, 419, 653, -92, -444, 536, 136, 73, 151, -126, -278, -483, 
-239, 419, 658, -90, -448, 539, 136, 68, 141, -126, -283, -488, 
-248, 424, 673, -87, -461, 549, 126, 58, 126, -141, -287, -502, 
-248, 414, 663, -82, -456, 539, 131, 58, 126, -141, -292, -502, 
-248, 405, 653, -78, -451, 529, 136, 58, 126, -141, -292, -502, 
-244, 405, 649, -80, -446, 527, 136, 58, 126, -146, -297, -502, 
-234, 390, 624, -78, -429, 507, 136, 58, 136, -165, -287, -502, 
-239, 390, 629, -75, -434, 509, 136, 63, 126, -165, -287, -497, 
-239, 390, 629, -75, -434, 509, 136, 68, 126, -165, -283, -492, 
-239, 395, 634, -78, -436, 514, 136, 73, 122, -175, -283, -492, 
-229, 400, 629, -85, -429, 514, 136, 68, 126, -165, -283, -483, 
-229, 405, 634, -87, -431, 519, 136, 68, 126, -151, -283, -483, 
-234, 409, 644, -87, -439, 527, 141, 68, 126, -141, -283, -483, 
-234, 414, 649, -90, -441, 531, 141, 63, 126, -136, -287, -488, 
-229, 409, 639, -90, -434, 524, 131, 53, 107, -151, -302, -497, 
-224, 405, 629, -90, -427, 517, 131, 53, 107, -170, -307, -502, 
-219, 405, 624, -92, -422, 514, 126, 53, 107, -185, -312, -507, 
-214, 405, 619, -95, -417, 512, 126, 53, 107, -209, -326, -512, 
-224, 395, 619, -85, -422, 507, 131, 58, 107, -195, -312, -517, 
-229, 400, 629, -85, -429, 514, 136, 58, 107, -190, -307, -512, 
-229, 400, 629, -85, -429, 514, 141, 58, 107, -185, -307, -502, 
-234, 400, 634, -82, -434, 517, 146, 58, 102, -180, -302, -497, 
-224, 390, 614, -82, -419, 502, 146, 68, 112, -170, -302, -507, 
-224, 390, 614, -82, -419, 502, 151, 68, 112, -151, -302, -507, 
-229, 390, 619, -80, -424, 505, 156, 68, 112, -141, -297, -502, 
-229, 390, 619, -80, -424, 505, 156, 68, 112, -131, -292, -502, 
-234, 395, 629, -80, -431, 512, 151, 58, 122, -146, -297, -502, 
-239, 395, 634, -78, -436, 514, 151, 53, 122, -156, -297, -502, 
-244, 385, 629, -70, -436, 507, 151, 53, 122, -165, -302, -502, 
-244, 385, 629, -70, -436, 507, 151, 58, 122, -165, -307, -512, 
-234, 380, 614, -73, -424, 497, 141, 48, 122, -165, -317, -522, 
-239, 380, 619, -70, -429, 500, 141, 43, 117, -165, -317, -517, 
-244, 380, 624, -68, -434, 502, 141, 43, 107, -165, -312, -512, 
-244, 380, 624, -68, -434, 502, 146, 43, 102, -165, -312, -512, 
-234, 395, 629, -80, -431, 512, 156, 48, 102, -170, -302, -502, 
-234, 400, 634, -82, -434, 517, 151, 53, 102, -165, -302, -502, 
-234, 405, 639, -85, -436, 522, 151, 58, 102, -165, -302, -502, 
-239, 405, 644, -82, -441, 524, 151, 63, 102, -170, -297, -502, 
-229, 390, 619, -80, -424, 505, 151, 63, 107, -161, -292, -507, 
-219, 390, 610, -85, -414, 500, 151, 63, 112, -161, -292, -507, 
-219, 385, 605, -82, -412, 495, 151, 63, 117, -156, -297, -507, 
-219, 380, 600, -80, -409, 490, 151, 63, 117, -151, -307, -507, 
-224, 385, 610, -80, -417, 497, 141, 53, 107, -161, -297, -497, 
-229, 395, 624, -82, -427, 509, 141, 53, 107, -161, -292, -497, 
-229, 400, 629, -85, -429, 514, 146, 53, 112, -161, -292, -497, 
-229, 400, 629, -85, -429, 514, 146, 53, 112, -156, -302, -507, 
-219, 400, 619, -90, -419, 509, 156, 58, 112, -165, -302, -512, 
-219, 400, 619, -90, -419, 509, 156, 63, 112, -170, -297, -512, 
-219, 395, 614, -87, -417, 505, 156, 68, 112, -170, -292, -512, 
-219, 390, 610, -85, -414, 500, 156, 73, 112, -170, -292, -517, 
-229, 380, 610, -75, -419, 495, 156, 73, 112, -180, -302, -512, 
-229, 380, 610, -75, -419, 495, 156, 73, 112, -180, -302, -512, 
-229, 380, 610, -75, -419, 495, 156, 73, 112, -180, -302, -507, 
-229, 390, 619, -80, -424, 505, 156, 73, 112, -180, -302, -507, 
-229, 385, 614, -78, -422, 500, 156, 73, 112, -180, -302, -497, 
-229, 385, 614, -78, -422, 500, 156, 73, 112, -180, -297, -497, 
-229, 380, 610, -75, -419, 495, 156, 73, 112, -180, -292, -497, 
-229, 380, 610, -75, -419, 495, 156, 73, 112, -180, -287, -502, 
-219, 380, 600, -80, -409, 490, 156, 63, 126, -165, -287, -512, 
-219, 380, 600, -80, -409, 490, 156, 63, 126, -165, -283, -507, 
-219, 380, 600, -80, -409, 490, 156, 63, 126, -161, -283, -507, 
-224, 375, 600, -75, -412, 488, 156, 63, 126, -151, -283, -507, 
-214, 375, 590, -80, -402, 483, 146, 63, 122, -161, -283, -507, 
-204, 375, 580, -85, -392, 478, 146, 63, 112, -156, -287, -507, 
-204, 380, 585, -87, -395, 483, 146, 63, 107, -156, -292, -507, 
-204, 390, 595, -92, -400, 492, 151, 63, 102, -156, -297, -507, 
-195, 380, 575, -92, -385, 478, 156, 68, 107, -165, -292, -507, 
-195, 375, 570, -90, -383, 473, 161, 73, 112, -165, -287, -507, 
-200, 361, 561, -80, -380, 461, 165, 78, 122, -165, -283, -507, 
-200, 356, 556, -78, -378, 456, 170, 82, 126, -170, -278, -507, 
-200, 366, 566, -82, -383, 466, 165, 78, 122, -180, -292, -497, 
-204, 375, 580, -85, -392, 478, 161, 73, 117, -180, -297, -502, 
-209, 385, 595, -87, -402, 490, 156, 68, 107, -180, -297, -502, 
-214, 395, 610, -90, -412, 502, 151, 63, 102, -175, -292, -502, 
-224, 385, 610, -80, -417, 497, 161, 73, 112, -165, -283, -492, 
-224, 385, 610, -80, -417, 497, 161, 73, 112, -170, -283, -492, 
-224, 385, 610, -80, -417, 497, 161, 73, 117, -175, -283, -492, 
-224, 385, 610, -80, -417, 497, 161, 73, 117, -175, -283, -488, 
-224, 385, 610, -80, -417, 497, 161, 73, 117, -156, -283, -502, 
-219, 385, 605, -82, -412, 495, 161, 73, 117, -146, -283, -512, 
-209, 385, 595, -87, -402, 490, 161, 73, 122, -141, -283, -517, 
-204, 385, 590, -90, -397, 488, 161, 78, 122, -136, -283, -522, 
-204, 385, 590, -90, -397, 488, 161, 87, 122, -151, -283, -512, 
-204, 385, 590, -90, -397, 488, 161, 82, 122, -156, -278, -507, 
-204, 385, 590, -90, -397, 488, 156, 82, 117, -161, -278, -507, 
-200, 385, 585, -92, -392, 485, 156, 82, 117, -165, -278, -507, 
-209, 390, 600, -90, -405, 495, 161, 92, 117, -165, -287, -507, 
-209, 390, 600, -90, -405, 495, 161, 92, 122, -165, -283, -507, 
-209, 390, 600, -90, -405, 495, 161, 92, 122, -165, -283, -507, 
-209, 390, 600, -90, -405, 495, 161, 92, 122, -165, -283, -512, 
-204, 385, 590, -90, -397, 488, 161, 87, 122, -156, -278, -507, 
-200, 385, 585, -92, -392, 485, 161, 87, 122, -156, -278, -507, 
-200, 380, 580, -90, -390, 480, 161, 87, 122, -156, -278, -502, 
-200, 380, 580, -90, -390, 480, 161, 82, 122, -156, -273, -502, 
-204, 390, 595, -92, -400, 492, 165, 82, 122, -141, -273, -492, 
-204, 390, 595, -92, -400, 492, 165, 87, 126, -141, -273, -492, 
-204, 390, 595, -92, -400, 492, 165, 87, 131, -141, -273, -492, 
-209, 390, 600, -90, -405, 495, 165, 87, 131, -141, -273, -492, 
-209, 390, 600, -90, -405, 495, 175, 102, 141, -141, -263, -483, 
-209, 395, 605, -92, -407, 500, 175, 102, 136, -141, -258, -483, 
-209, 405, 614, -97, -412, 509, 175, 102, 136, -136, -258, -483, 
-209, 405, 614, -97, -412, 509, 175, 107, 141, -131, -258, -478, 
-190, 409, 600, -109, -395, 505, 165, 117, 151, -126, -244, -468, 
-185, 414, 600, -114, -392, 507, 165, 117, 151, -122, -234, -463, 
-190, 424, 614, -117, -402, 519, 165, 117, 151, -122, -234, -463, 
-185, 429, 614, -122, -400, 522, 165, 117, 151, -126, -239, -463, 
-185, 419, 605, -117, -395, 512, 165, 107, 146, -136, -244, -468, 
-175, 419, 595, -122, -385, 507, 165, 107, 146, -136, -248, -473, 
-175, 419, 595, -122, -385, 507, 165, 107, 146, -136, -253, -478, 
-175, 429, 605, -126, -390, 517, 165, 107, 146, -136, -258, -483, 
-190, 414, 605, -112, -397, 509, 170, 112, 156, -131, -258, -492, 
-195, 409, 605, -107, -400, 507, 175, 117, 156, -131, -258, -492, 
-195, 400, 595, -102, -395, 497, 180, 122, 156, -131, -258, -492, 
-195, 390, 585, -97, -390, 488, 185, 126, 161, -131, -263, -492, 
-195, 390, 585, -97, -390, 488, 170, 117, 156, -136, -253, -488, 
-195, 395, 590, -100, -392, 492, 165, 112, 151, -136, -248, -492, 
-195, 395, 590, -100, -392, 492, 161, 112, 146, -141, -248, -492, 
-200, 390, 590, -95, -395, 490, 161, 112, 146, -151, -248, -492, 
-190, 395, 585, -102, -387, 490, 146, 102, 141, -156, -253, -497, 
-180, 395, 575, -107, -378, 485, 131, 102, 126, -156, -258, -502, 
-170, 395, 566, -112, -368, 480, 117, 97, 117, -156, -263, -507, 
-161, 390, 551, -114, -356, 470, 112, 97, 107, -156, -273, -512, 
-161, 375, 536, -107, -348, 456, 107, 87, 102, -165, -292, -522, 
-161, 370, 531, -104, -346, 451, 102, 82, 102, -170, -292, -531, 
-161, 370, 531, -104, -346, 451, 102, 82, 97, -175, -287, -531, 
-161, 370, 531, -104, -346, 451, 102, 87, 97, -180, -287, -527, 
-170, 366, 536, -97, -353, 451, 117, 97, 107, -170, -287, -512, 
-185, 356, 541, -85, -363, 448, 122, 97, 107, -170, -287, -512, 
-204, 336, 541, -65, -373, 439, 126, 97, 102, -170, -287, -517, 
-219, 312, 531, -46, -375, 422, 131, 97, 97, -175, -287, -517, 
-209, 307, 517, -48, -363, 412, 122, 82, 82, -190, -297, -536, 
-195, 307, 502, -56, -348, 405, 122, 82, 73, -200, -302, -541, 
-185, 307, 492, -61, -339, 400, 122, 82, 63, -209, -302, -546, 
-175, 302, 478, -63, -326, 390, 122, 87, 53, -219, -307, -551, 
-180, 302, 483, -61, -331, 392, 131, 97, 63, -209, -307, -546, 
-190, 297, 488, -53, -339, 392, 141, 97, 68, -204, -307, -541, 
-195, 302, 497, -53, -346, 400, 141, 97, 73, -204, -307, -541, 
-195, 307, 502, -56, -348, 405, 141, 97, 78, -209, -307, -546, 
-204, 312, 517, -53, -361, 414, 151, 102, 92, -200, -297, -536, 
-204, 317, 522, -56, -363, 419, 146, 107, 97, -190, -287, -527, 
-200, 322, 522, -61, -361, 422, 146, 107, 97, -180, -278, -522, 
-195, 331, 527, -68, -361, 429, 146, 112, 102, -170, -268, -512, 
-200, 322, 522, -61, -361, 422, 146, 102, 92, -180, -273, -517, 
-204, 322, 527, -58, -366, 424, 146, 107, 92, -180, -273, -517, 
-209, 322, 531, -56, -370, 427, 146, 107, 92, -180, -273, -527, 
-214, 322, 536, -53, -375, 429, 146, 102, 92, -185, -278, -527, 
-204, 317, 522, -56, -363, 419, 156, 92, 78, -195, -292, -556, 
-219, 317, 536, -48, -378, 427, 156, 92, 68, -195, -292, -541, 
-219, 307, 527, -43, -373, 417, 156, 97, 78, -195, -307, -541, 
-224, 283, 507, -29, -366, 395, 165, 97, 78, -185, -312, -546, 
-224, 292, 517, -34, -370, 405, 156, 87, 68, -195, -312, -556, 
-224, 302, 527, -39, -375, 414, 156, 87, 68, -195, -312, -556, 
-224, 312, 536, -43, -380, 424, 156, 87, 68, -195, -312, -556, 
-224, 322, 546, -48, -385, 434, 156, 87, 68, -195, -312, -556, 
-209, 312, 522, -51, -366, 417, 156, 97, 68, -190, -312, -556, 
-209, 307, 517, -48, -363, 412, 156, 97, 63, -195, -312, -561, 
-209, 302, 512, -46, -361, 407, 156, 97, 63, -200, -312, -561, 
-204, 302, 507, -48, -356, 405, 156, 92, 68, -209, -312, -561, 
-214, 297, 512, -41, -363, 405, 156, 102, 68, -209, -297, -546, 
-214, 297, 512, -41, -363, 405, 156, 102, 68, -209, -297, -541, 
-224, 302, 527, -39, -375, 414, 156, 102, 68, -214, -297, -536, 
-224, 302, 527, -39, -375, 414, 156, 102, 68, -214, -297, -531, 
-224, 302, 527, -39, -375, 414, 156, 97, 68, -204, -297, -531, 
-224, 302, 527, -39, -375, 414, 156, 97, 68, -200, -297, -531, 
-224, 302, 527, -39, -375, 414, 161, 97, 68, -200, -297, -531, 
-229, 297, 527, -34, -378, 412, 165, 97, 68, -200, -297, -531, 
-219, 287, 507, -34, -363, 397, 180, 102, 78, -209, -297, -541, 
-209, 287, 497, -39, -353, 392, 180, 102, 78, -219, -297, -541, 
-209, 287, 497, -39, -353, 392, 175, 107, 73, -219, -297, -541, 
-209, 287, 497, -39, -353, 392, 170, 112, 73, -214, -297, -541, 
-209, 283, 492, -36, -351, 387, 170, 126, 78, -204, -302, -551, 
-214, 283, 497, -34, -356, 390, 170, 126, 78, -204, -307, -556, 
-214, 283, 497, -34, -356, 390, 170, 126, 78, -204, -312, -561, 
-214, 283, 497, -34, -356, 390, 170, 122, 78, -204, -317, -566, 
-204, 283, 488, -39, -346, 385, 161, 107, 63, -214, -322, -575, 
-204, 283, 488, -39, -346, 385, 165, 107, 58, -209, -326, -580, 
-204, 283, 488, -39, -346, 385, 165, 102, 53, -209, -326, -580, 
-204, 283, 488, -39, -346, 385, 165, 97, 48, -214, -322, -580, 
-200, 287, 488, -43, -344, 387, 156, 107, 58, -224, -317, -570, 
-200, 287, 488, -43, -344, 387, 156, 107, 58, -224, -317, -566, 
-200, 287, 488, -43, -344, 387, 156, 102, 58, -224, -317, -566, 
-195, 287, 483, -46, -339, 385, 156, 97, 53, -234, -322, -561, 
-209, 287, 497, -39, -353, 392, 165, 102, 63, -224, -317, -546, 
-219, 287, 507, -34, -363, 397, 165, 107, 63, -214, -307, -541, 
-224, 287, 512, -31, -368, 400, 165, 112, 63, -214, -302, -541, 
-234, 287, 522, -26, -378, 405, 170, 117, 63, -214, -297, -546, 
-229, 297, 527, -34, -378, 412, 161, 112, 53, -214, -292, -536, 
-224, 297, 522, -36, -373, 409, 156, 107, 53, -214, -292, -541, 
-219, 297, 517, -39, -368, 407, 156, 102, 53, -219, -297, -541, 
-214, 297, 512, -41, -363, 405, 156, 102, 58, -219, -297, -536, 
-204, 287, 492, -41, -348, 390, 165, 102, 48, -219, -312, -546, 
-204, 287, 492, -41, -348, 390, 165, 102, 48, -224, -317, -556, 
-204, 283, 488, -39, -346, 385, 165, 102, 48, -229, -322, -575, 
-204, 283, 488, -39, -346, 385, 165, 102, 48, -234, -322, -575, 
-195, 287, 483, -46, -339, 385, 165, 112, 58, -229, -322, -575, 
-195, 287, 483, -46, -339, 385, 165, 112, 58, -224, -322, -580, 
-195, 287, 483, -46, -339, 385, 165, 112, 58, -219, -322, -580, 
-195, 287, 483, -46, -339, 385, 165, 112, 58, -214, -322, -580, 
-200, 287, 488, -43, -344, 387, 165, 112, 58, -224, -322, -590, 
-204, 292, 497, -43, -351, 395, 165, 112, 58, -224, -322, -585, 
-209, 292, 502, -41, -356, 397, 165, 107, 58, -224, -317, -585, 
-214, 287, 502, -36, -358, 395, 165, 107, 58, -219, -317, -585, 
-214, 278, 492, -31, -353, 385, 165, 107, 48, -219, -307, -580, 
-214, 278, 492, -31, -353, 385, 165, 107, 48, -219, -307, -575, 
-214, 283, 497, -34, -356, 390, 165, 107, 48, -219, -307, -570, 
-214, 283, 497, -34, -356, 390, 165, 107, 48, -219, -307, -566, 
-204, 292, 497, -43, -351, 395, 156, 107, 58, -219, -307, -566, 
-204, 292, 497, -43, -351, 395, 161, 107, 58, -219, -302, -566, 
-204, 292, 497, -43, -351, 395, 161, 107, 63, -219, -302, -566, 
-200, 302, 502, -51, -351, 402, 161, 107, 63, -219, -302, -566, 
-209, 302, 512, -46, -361, 407, 170, 117, 63, -229, -317, -570, 
-209, 302, 512, -46, -361, 407, 165, 117, 63, -229, -317, -575, 
-209, 302, 512, -46, -361, 407, 165, 122, 63, -229, -312, -580, 
-209, 297, 507, -43, -358, 402, 165, 122, 63, -234, -312, -585, 
-209, 307, 517, -48, -363, 412, 156, 112, 63, -224, -312, -575, 
-209, 317, 527, -53, -368, 422, 156, 112, 63, -219, -312, -575, 
-209, 317, 527, -53, -368, 422, 156, 112, 63, -219, -312, -580, 
-209, 312, 522, -51, -366, 417, 161, 112, 68, -214, -312, -580, 
-219, 312, 531, -46, -375, 422, 161, 122, 78, -214, -297, -570, 
-219, 312, 531, -46, -375, 422, 161, 122, 78, -209, -287, -566, 
-219, 312, 531, -46, -375, 422, 161, 122, 78, -209, -297, -566, 
-219, 312, 531, -46, -375, 422, 161, 122, 78, -209, -297, -561, 
-209, 302, 512, -46, -361, 407, 161, 117, 73, -224, -302, -566, 
-209, 302, 512, -46, -361, 407, 161, 112, 68, -224, -307, -566, 
-209, 302, 512, -46, -361, 407, 161, 107, 63, -224, -312, -570, 
-209, 307, 517, -48, -363, 412, 156, 102, 58, -224, -317, -570, 
-200, 307, 507, -53, -353, 407, 165, 112, 53, -214, -322, -590, 
-190, 326, 517, -68, -353, 422, 151, 102, 43, -224, -322, -590, 
-175, 341, 517, -82, -346, 429, 131, 82, 29, -234, -322, -580, 
-180, 341, 522, -80, -351, 431, 122, 63, 9, -239, -322, -580, 
-190, 336, 527, -73, -358, 431, 122, 58, -4, -234, -312, -575, 
-185, 346, 531, -80, -358, 439, 107, 58, -14, -219, -292, -556, 
-161, 370, 531, -104, -346, 451, 87, 58, 9, -175, -248, -517, 
-151, 414, 566, -131, -358, 490, 73, 73, 43, -131, -185, -453, 
-126, 448, 575, -161, -351, 512, 34, 102, 58, -87, -117, -409, 
-92, 473, 566, -190, -329, 519, -14, 117, 53, -73, -82, -370, 
-53, 473, 527, -209, -290, 500, -63, 126, 53, -58, -73, -351, 
4, 492, 488, -248, -241, 490, -112, 126, 34, -48, -48, -336, 
48, 512, 463, -280, -207, 488, -170, 107, -29, -39, -19, -317, 
92, 512, 419, -302, -163, 466, -219, 68, -126, -48, -9, -302, 
117, 492, 375, -305, -129, 434, -253, 43, -244, -78, -29, -312, 
151, 483, 331, -317, -90, 407, -258, 14, -390, -126, -58, -326, 
170, 483, 312, -326, -70, 397, -258, -19, -517, -200, -102, -351, 
161, 439, 278, -300, -58, 358, -234, -34, -590, -283, -175, -414, 
126, 375, 248, -251, -61, 312, -190, -34, -644, -366, -268, -497, 
87, 322, 234, -204, -73, 278, -126, -48, -673, -444, -346, -556, 
43, 297, 253, -170, -104, 275, -53, -63, -678, -502, -409, -590, 
19, 244, 224, -131, -102, 234, -4, -112, -688, -551, -468, -639, 
-19, 165, 185, -73, -102, 175, 39, -165, -722, -614, -551, -722, 
-102, 43, 146, 29, -124, 95, 102, -204, -775, -717, -688, -839, 
-180, -68, 112, 124, -146, 21, 170, -224, -819, -819, -814, -951, 
-229, -122, 107, 175, -168, -7, 185, -244, -858, -868, -868, -1005, 
-244, -92, 151, 168, -197, 29, 156, -263, -868, -839, -844, -976, 
-278, -82, 195, 180, -236, 56, 131, -258, -834, -795, -795, -941, 
-297, -112, 185, 204, -241, 36, 146, -229, -785, -790, -775, -922, 
-287, -122, 165, 204, -226, 21, 136, -209, -727, -761, -761, -917, 
-283, -112, 170, 197, -226, 29, 131, -180, -658, -712, -732, -907, 
-278, -73, 204, 175, -241, 65, 122, -141, -561, -668, -712, -893, 
-268, -14, 253, 141, -261, 119, 141, -92, -473, -610, -673, -863, 
-219, 53, 273, 82, -246, 163, 141, -43, -400, -561, -629, -834, 
-200, 68, 268, 65, -234, 168, 146, 14, -346, -531, -605, -829, 
-258, 63, 322, 97, -290, 192, 151, 63, -283, -492, -575, -795, 
-292, 87, 380, 102, -336, 234, 175, 102, -219, -444, -531, -751, 
-239, 141, 380, 48, -309, 261, 170, 112, -195, -419, -507, -732, 
-165, 170, 336, -2, -251, 253, 161, 102, -175, -419, -492, -727, 
-170, 180, 351, -4, -261, 265, 156, 107, -141, -390, -458, -707, 
-214, 180, 395, 17, -305, 287, 170, 107, -92, -351, -429, -673, 
-248, 204, 453, 21, -351, 329, 175, 117, -48, -326, -395, -653, 
-253, 253, 507, 0, -380, 380, 180, 136, -4, -312, -375, -619, 
-253, 287, 541, -17, -397, 414, 180, 146, 48, -292, -351, -605, 
-244, 297, 541, -26, -392, 419, 175, 161, 78, -244, -346, -595, 
-224, 312, 536, -43, -380, 424, 165, 170, 78, -214, -351, -610, 
-224, 317, 541, -46, -383, 429, 156, 161, 78, -219, -361, -610, 
-234, 322, 556, -43, -395, 439, 151, 156, 87, -209, -346, -600, 
-214, 312, 527, -48, -370, 419, 146, 151, 78, -219, -336, -600, 
-195, 326, 522, -65, -358, 424, 146, 141, 68, -224, -351, -610, 
-175, 336, 512, -80, -344, 424, 146, 126, 58, -234, -356, -624, 
-175, 336, 512, -80, -344, 424, 146, 126, 63, -234, -356, -619, 
-180, 336, 517, -78, -348, 427, 146, 131, 68, -234, -356, -619, 
-180, 336, 517, -78, -348, 427, 146, 136, 82, -219, -351, -614, 
-175, 341, 517, -82, -346, 429, 146, 146, 97, -214, -346, -614, 
-185, 356, 541, -85, -363, 448, 151, 151, 107, -190, -326, -595, 
-190, 356, 546, -82, -368, 451, 151, 161, 112, -180, -317, -580, 
-200, 361, 561, -80, -380, 461, 156, 165, 117, -175, -307, -566, 
-209, 366, 575, -78, -392, 470, 161, 165, 112, -180, -302, -556, 
-209, 366, 575, -78, -392, 470, 146, 151, 97, -195, -317, -561, 
-209, 366, 575, -78, -392, 470, 141, 146, 97, -195, -317, -566, 
-209, 366, 575, -78, -392, 470, 141, 141, 97, -195, -322, -570, 
-214, 366, 580, -75, -397, 473, 136, 136, 112, -190, -322, -575, 
-204, 356, 561, -75, -383, 458, 136, 146, 102, -200, -326, -566, 
-204, 356, 561, -75, -383, 458, 131, 146, 112, -195, -322, -566, 
-200, 356, 556, -78, -378, 456, 131, 146, 112, -185, -322, -566, 
-200, 361, 561, -80, -380, 461, 131, 146, 112, -180, -312, -566, 
-209, 375, 585, -82, -397, 480, 131, 146, 107, -190, -322, -570, 
-214, 375, 590, -80, -402, 483, 131, 146, 107, -195, -326, -570, 
-214, 370, 585, -78, -400, 478, 131, 146, 102, -204, -326, -570, 
-214, 370, 585, -78, -400, 478, 131, 146, 102, -204, -326, -570, 
-209, 380, 590, -85, -400, 485, 141, 146, 112, -209, -336, -580, 
-200, 380, 580, -90, -390, 480, 141, 146, 117, -204, -336, -585, 
-195, 380, 575, -92, -385, 478, 136, 146, 117, -204, -336, -590, 
-195, 380, 575, -92, -385, 478, 136, 146, 117, -204, -331, -590, 
-209, 380, 590, -85, -400, 485, 146, 146, 126, -185, -326, -575, 
-214, 385, 600, -85, -407, 492, 146, 146, 126, -185, -322, -570, 
-219, 390, 610, -85, -414, 500, 146, 146, 126, -185, -317, -566, 
-224, 400, 624, -87, -424, 512, 146, 146, 126, -185, -307, -556, 
-224, 400, 624, -87, -424, 512, 141, 146, 126, -180, -317, -566, 
-224, 395, 619, -85, -422, 507, 136, 146, 126, -185, -317, -566, 
-224, 395, 619, -85, -422, 507, 131, 146, 126, -185, -322, -566, 
-224, 395, 619, -85, -422, 507, 126, 151, 131, -180, -322, -566, 
-214, 390, 605, -87, -409, 497, 136, 141, 131, -180, -307, -556, 
-214, 390, 605, -87, -409, 497, 131, 141, 131, -185, -307, -556, 
-214, 385, 600, -85, -407, 492, 131, 141, 136, -185, -307, -556, 
-214, 380, 595, -82, -405, 488, 131, 141, 141, -185, -307, -556, 
-209, 385, 595, -87, -402, 490, 131, 141, 131, -185, -302, -546, 
-209, 400, 610, -95, -409, 505, 136, 141, 131, -185, -297, -536, 
-204, 405, 610, -100, -407, 507, 136, 141, 131, -185, -292, -536, 
-195, 409, 605, -107, -400, 507, 136, 141, 141, -175, -292, -541, 
-209, 395, 605, -92, -407, 500, 146, 141, 146, -165, -307, -551, 
-219, 390, 610, -85, -414, 500, 141, 146, 146, -170, -307, -556, 
-224, 395, 619, -85, -422, 507, 141, 146, 146, -170, -302, -561, 
-229, 400, 629, -85, -429, 514, 141, 146, 151, -165, -302, -556, 
-224, 400, 624, -87, -424, 512, 131, 161, 165, -165, -312, -556, 
-219, 395, 614, -87, -417, 505, 136, 161, 165, -165, -312, -556, 
-214, 395, 610, -90, -412, 502, 136, 156, 165, -161, -312, -556, 
-209, 400, 610, -95, -409, 505, 136, 156, 165, -156, -307, -541, 
-195, 405, 600, -104, -397, 502, 131, 151, 156, -156, -292, -541, 
-190, 409, 600, -109, -395, 505, 131, 151, 161, -156, -292, -541, 
-190, 414, 605, -112, -397, 509, 131, 151, 161, -156, -292, -541, 
-190, 424, 614, -117, -402, 519, 136, 156, 165, -151, -283, -536, 
-209, 434, 644, -112, -427, 539, 126, 165, 161, -151, -287, -546, 
-214, 434, 649, -109, -431, 541, 122, 165, 161, -151, -287, -546, 
-219, 439, 658, -109, -439, 549, 122, 170, 170, -151, -287, -546, 
-224, 439, 663, -107, -444, 551, 126, 170, 170, -136, -287, -551, 
-214, 448, 663, -117, -439, 556, 117, 165, 175, -136, -292, -556, 
-214, 458, 673, -122, -444, 566, 112, 161, 175, -141, -297, -561, 
-214, 468, 683, -126, -448, 575, 107, 156, 180, -151, -302, -561, 
-219, 468, 688, -124, -453, 578, 107, 156, 185, -156, -297, -551, 
-219, 458, 678, -119, -448, 568, 126, 170, 195, -136, -278, -541, 
-214, 453, 668, -119, -441, 561, 126, 175, 204, -126, -273, -531, 
-214, 453, 668, -119, -441, 561, 126, 190, 214, -117, -268, -522, 
-214, 453, 668, -119, -441, 561, 117, 195, 224, -107, -253, -507, 
-219, 463, 683, -122, -451, 573, 122, 180, 219, -112, -248, -502, 
-224, 463, 688, -119, -456, 575, 126, 180, 219, -112, -248, -497, 
-229, 473, 702, -122, -466, 588, 131, 185, 224, -107, -248, -497, 
-234, 473, 707, -119, -470, 590, 136, 185, 229, -102, -244, -502, 
-229, 478, 707, -124, -468, 592, 131, 185, 229, -97, -253, -512, 
-224, 483, 707, -129, -466, 595, 126, 180, 239, -97, -248, -507, 
-219, 497, 717, -139, -468, 607, 131, 185, 244, -92, -244, -507, 
-209, 507, 717, -148, -463, 612, 126, 180, 244, -87, -239, -502, 
-200, 527, 727, -163, -463, 627, 117, 170, 234, -97, -253, -502, 
-200, 531, 732, -165, -466, 631, 107, 170, 234, -97, -248, -502, 
-195, 541, 736, -173, -466, 639, 102, 175, 244, -82, -253, -507, 
-195, 551, 746, -178, -470, 649, 97, 180, 253, -68, -253, -507, 
-200, 556, 756, -178, -478, 656, 97, 180, 263, -68, -244, -497, 
-200, 556, 756, -178, -478, 656, 102, 180, 263, -63, -234, -492, 
-200, 561, 761, -180, -480, 661, 102, 185, 273, -58, -224, -488, 
-200, 556, 756, -178, -478, 656, 97, 185, 278, -58, -214, -478, 
-214, 551, 766, -168, -490, 658, 102, 190, 292, -48, -195, -463, 
-219, 556, 775, -168, -497, 666, 107, 195, 297, -34, -185, -453, 
-224, 556, 780, -165, -502, 668, 112, 209, 317, -24, -180, -448, 
-229, 561, 790, -165, -509, 675, 117, 214, 326, -14, -170, -444, 
-214, 580, 795, -183, -505, 688, 107, 209, 322, -24, -170, -434, 
-209, 600, 810, -195, -509, 705, 107, 209, 322, -19, -165, -434, 
-204, 595, 800, -195, -502, 697, 107, 209, 322, -9, -165, -434, 
-200, 600, 800, -200, -500, 700, 107, 204, 326, -9, -161, -429, 
-190, 610, 800, -209, -495, 705, 97, 195, 317, -14, -165, -444, 
-190, 619, 810, -214, -500, 714, 102, 195, 322, -14, -170, -444, 
-190, 624, 814, -217, -502, 719, 102, 200, 331, -14, -165, -448, 
-190, 639, 829, -224, -509, 734, 97, 200, 331, -14, -170, -453, 
-204, 634, 839, -214, -522, 736, 97, 200, 341, -9, -161, -444, 
-214, 629, 844, -207, -529, 736, 102, 204, 346, 9, -161, -439, 
-224, 624, 849, -200, -536, 736, 107, 209, 356, 14, -151, -424, 
-234, 624, 858, -195, -546, 741, 112, 214, 361, 14, -151, -414, 
-214, 644, 858, -214, -536, 751, 102, 204, 361, 0, -136, -405, 
-204, 649, 854, -222, -529, 751, 97, 204, 366, 0, -136, -400, 
-190, 649, 839, -229, -514, 744, 87, 204, 366, 0, -146, -405, 
-180, 649, 829, -234, -505, 739, 82, 204, 366, -4, -146, -400, 
-190, 663, 854, -236, -522, 758, 87, 204, 366, -4, -146, -414, 
-195, 668, 863, -236, -529, 766, 87, 204, 366, 0, -151, -419, 
-195, 673, 868, -239, -531, 771, 87, 204, 366, 4, -156, -424, 
-200, 678, 878, -239, -539, 778, 87, 204, 366, 4, -161, -434, 
-190, 668, 858, -239, -524, 763, 97, 204, 366, 9, -165, -434, 
-190, 653, 844, -231, -517, 749, 92, 200, 361, 4, -165, -434, 
-190, 649, 839, -229, -514, 744, 92, 195, 351, -9, -165, -434, 
-185, 653, 839, -234, -512, 746, 92, 190, 341, -14, -165, -439, 
-195, 658, 854, -231, -524, 756, 82, 180, 326, -24, -185, -439, 
-200, 658, 858, -229, -529, 758, 82, 170, 317, -39, -190, -444, 
-200, 663, 863, -231, -531, 763, 73, 170, 307, -53, -195, -448, 
-200, 653, 854, -226, -527, 753, 73, 165, 297, -63, -200, -453, 
-190, 644, 834, -226, -512, 739, 73, 170, 287, -48, -195, -453, 
-190, 629, 819, -219, -505, 724, 73, 165, 278, -58, -195, -448, 
-185, 619, 805, -217, -495, 712, 73, 161, 258, -63, -200, -448, 
-185, 614, 800, -214, -492, 707, 73, 161, 248, -73, -200, -453, 
-185, 595, 780, -204, -483, 688, 78, 146, 229, -92, -219, -458, 
-185, 575, 761, -195, -473, 668, 78, 141, 214, -107, -244, -478, 
-180, 556, 736, -187, -458, 646, 82, 131, 204, -117, -253, -497, 
-180, 536, 717, -178, -448, 627, 87, 131, 200, -126, -268, -502, 
-190, 546, 736, -178, -463, 641, 87, 141, 190, -131, -273, -502, 
-195, 541, 736, -173, -466, 639, 87, 136, 175, -141, -273, -517, 
-200, 536, 736, -168, -468, 636, 87, 131, 156, -151, -278, -527, 
-204, 527, 732, -161, -468, 629, 87, 126, 156, -161, -287, -531, 
-214, 527, 741, -156, -478, 634, 78, 126, 156, -151, -283, -522, 
-214, 512, 727, -148, -470, 619, 78, 122, 151, -161, -283, -517, 
-219, 507, 727, -143, -473, 617, 82, 117, 151, -175, -278, -517, 
-219, 502, 722, -141, -470, 612, 82, 117, 141, -180, -283, -512, 
-214, 497, 712, -141, -463, 605, 97, 112, 131, -190, -292, -527, 
-209, 488, 697, -139, -453, 592, 97, 107, 122, -200, -312, -536, 
-209, 478, 688, -134, -448, 583, 97, 107, 107, -204, -322, -551, 
-214, 473, 688, -129, -451, 580, 97, 102, 92, -209, -331, -556, 
-214, 473, 688, -129, -451, 580, 87, 97, 73, -214, -351, -570, 
-214, 478, 692, -131, -453, 585, 87, 92, 73, -224, -356, -580, 
-214, 483, 697, -134, -456, 590, 87, 87, 73, -229, -356, -585, 
-219, 488, 707, -134, -463, 597, 87, 78, 63, -234, -361, -595, 
-229, 478, 707, -124, -468, 592, 87, 82, 68, -248, -361, -595, 
-229, 463, 692, -117, -461, 578, 92, 87, 68, -248, -361, -590, 
-229, 448, 678, -109, -453, 563, 97, 92, 68, -248, -356, -585, 
-224, 444, 668, -109, -446, 556, 97, 97, 68, -253, -356, -580, 
-209, 453, 663, -122, -436, 558, 87, 82, 63, -253, -361, -585, 
-209, 458, 668, -124, -439, 563, 87, 82, 48, -253, -366, -585, 
-204, 463, 668, -129, -436, 566, 87, 82, 43, -253, -366, -585, 
-200, 473, 673, -136, -436, 573, 87, 82, 34, -263, -370, -590, 
-204, 463, 668, -129, -436, 566, 87, 78, 29, -273, -375, -600, 
-209, 463, 673, -126, -441, 568, 87, 78, 29, -268, -380, -600, 
-219, 463, 683, -122, -451, 573, 92, 78, 29, -268, -385, -600, 
-224, 463, 688, -119, -456, 575, 92, 73, 29, -273, -395, -605, 
-224, 458, 683, -117, -453, 570, 92, 73, 29, -263, -385, -619, 
-224, 453, 678, -114, -451, 566, 92, 73, 29, -268, -385, -619, 
-224, 453, 678, -114, -451, 566, 87, 73, 29, -268, -385, -619, 
-224, 453, 678, -114, -451, 566, 87, 73, 29, -278, -395, -619, 
-219, 453, 673, -117, -446, 563, 97, 78, 29, -283, -400, -629, 
-219, 458, 678, -119, -448, 568, 97, 78, 29, -287, -405, -629, 
-214, 458, 673, -122, -444, 566, 97, 78, 29, -292, -414, -624, 
-214, 458, 673, -122, -444, 566, 97, 78, 24, -297, -419, -624, 
-204, 468, 673, -131, -439, 570, 92, 68, 24, -292, -405, -619, 
-204, 468, 673, -131, -439, 570, 92, 68, 24, -278, -400, -614, 
-209, 468, 678, -129, -444, 573, 92, 68, 24, -273, -390, -605, 
-209, 468, 678, -129, -444, 573, 87, 68, 24, -268, -380, -600, 
-219, 483, 702, -131, -461, 592, 82, 68, 14, -283, -385, -610, 
-219, 483, 702, -131, -461, 592, 82, 63, 14, -283, -385, -610, 
-219, 473, 692, -126, -456, 583, 82, 63, 14, -283, -390, -610, 
-214, 473, 688, -129, -451, 580, 82, 68, 14, -273, -395, -619, 
-214, 458, 673, -122, -444, 566, 87, 73, 29, -278, -395, -610, 
-219, 458, 678, -119, -448, 568, 92, 73, 29, -273, -395, -605, 
-224, 458, 683, -117, -453, 570, 97, 78, 24, -268, -390, -600, 
-224, 458, 683, -117, -453, 570, 107, 82, 24, -263, -390, -600, 
-214, 458, 673, -122, -444, 566, 97, 73, 24, -268, -390, -600, 
-214, 458, 673, -122, -444, 566, 92, 73, 24, -263, -390, -600, 
-214, 458, 673, -122, -444, 566, 92, 73, 24, -263, -390, -600, 
-219, 453, 673, -117, -446, 563, 92, 73, 24, -268, -385, -600, 
-229, 463, 692, -117, -461, 578, 82, 63, 14, -287, -385, -614, 
-219, 468, 688, -124, -453, 578, 82, 63, 14, -297, -390, -614, 
-219, 468, 688, -124, -453, 578, 82, 63, 14, -302, -400, -614, 
-219, 468, 688, -124, -453, 578, 82, 63, 9, -307, -414, -614, 
-214, 473, 688, -129, -451, 580, 82, 63, 0, -297, -409, -614, 
-219, 483, 702, -131, -461, 592, 82, 63, 0, -287, -400, -614, 
-219, 488, 707, -134, -463, 597, 87, 63, 4, -278, -395, -614, 
-219, 488, 707, -134, -463, 597, 87, 63, 4, -263, -400, -624, 
-214, 488, 702, -136, -458, 595, 78, 53, 14, -268, -409, -614, 
-209, 488, 697, -139, -453, 592, 78, 53, 14, -278, -405, -610, 
-204, 483, 688, -139, -446, 585, 78, 53, 14, -283, -400, -605, 
-200, 478, 678, -139, -439, 578, 78, 53, 14, -287, -400, -605, 
-204, 488, 692, -141, -448, 590, 78, 63, 4, -287, -390, -619, 
-209, 488, 697, -139, -453, 592, 78, 63, 4, -287, -390, -619, 
-214, 488, 702, -136, -458, 595, 78, 63, 4, -287, -390, -614, 
-219, 497, 717, -139, -468, 607, 78, 63, 4, -287, -390, -614, 
-219, 502, 722, -141, -470, 612, 78, 63, 14, -278, -385, -605, 
-219, 502, 722, -141, -470, 612, 78, 63, 14, -278, -385, -605, 
-219, 497, 717, -139, -468, 607, 78, 63, 14, -278, -385, -605, 
-219, 497, 717, -139, -468, 607, 78, 63, 14, -278, -385, -610, 
-209, 507, 717, -148, -463, 612, 78, 58, 14, -287, -390, -619, 
-209, 507, 717, -148, -463, 612, 78, 53, 9, -292, -390, -614, 
-209, 507, 717, -148, -463, 612, 78, 48, 4, -292, -395, -614, 
-214, 502, 717, -143, -466, 610, 78, 43, 0, -287, -400, -614, 
-224, 492, 717, -134, -470, 605, 78, 53, 0, -292, -400, -619, 
-214, 492, 707, -139, -461, 600, 78, 53, -4, -292, -405, -624, 
-214, 497, 712, -141, -463, 605, 78, 53, -4, -297, -409, -629, 
-214, 507, 722, -146, -468, 614, 82, 53, -4, -302, -414, -634, 
-214, 502, 717, -143, -466, 610, 73, 43, -4, -297, -409, -619, 
-214, 502, 717, -143, -466, 610, 73, 43, -4, -292, -405, -614, 
-219, 492, 712, -136, -466, 602, 73, 43, 0, -287, -400, -610, 
-219, 492, 712, -136, -466, 602, 73, 43, 0, -287, -395, -605, 
-204, 502, 707, -148, -456, 605, 73, 53, 0, -287, -395, -595, 
-204, 502, 707, -148, -456, 605, 73, 53, 0, -287, -395, -600, 
-204, 502, 707, -148, -456, 605, 73, 53, -4, -287, -390, -600, 
-204, 502, 707, -148, -456, 605, 73, 53, -4, -283, -380, -600, 
-195, 502, 697, -153, -446, 600, 73, 53, -4, -283, -385, -619, 
-195, 502, 697, -153, -446, 600, 73, 53, -4, -287, -390, -629, 
-195, 502, 697, -153, -446, 600, 73, 53, 0, -292, -395, -639, 
-195, 502, 697, -153, -446, 600, 73, 53, 0, -292, -400, -644, 
-204, 507, 712, -151, -458, 610, 63, 43, -9, -287, -400, -639, 
-209, 512, 722, -151, -466, 617, 63, 43, -9, -283, -400, -639, 
-209, 517, 727, -153, -468, 622, 63, 43, -4, -283, -400, -634, 
-214, 522, 736, -153, -475, 629, 63, 48, -4, -283, -400, -629, 
-200, 522, 722, -161, -461, 622, 73, 39, -14, -292, -390, -619, 
-195, 522, 717, -163, -456, 619, 73, 34, -14, -292, -385, -614, 
-190, 522, 712, -165, -451, 617, 68, 34, -19, -292, -385, -614, 
-180, 522, 702, -170, -441, 612, 68, 34, -19, -292, -385, -614, 
-180, 536, 717, -178, -448, 627, 58, 34, -19, -287, -380, -610, 
-180, 546, 727, -183, -453, 636, 53, 34, -14, -283, -370, -605, 
-180, 556, 736, -187, -458, 646, 48, 34, -14, -278, -366, -600, 
-180, 566, 746, -192, -463, 656, 43, 34, -14, -273, -361, -600, 
-190, 561, 751, -185, -470, 656, 53, 43, -4, -263, -375, -614, 
-190, 561, 751, -185, -470, 656, 63, 48, 4, -263, -375, -614, 
-195, 556, 751, -180, -473, 653, 73, 53, 14, -263, -375, -610, 
-200, 556, 756, -178, -478, 656, 82, 53, 24, -263, -370, -610, 
-200, 566, 766, -183, -483, 666, 87, 53, 24, -248, -361, -610, 
-195, 566, 761, -185, -478, 663, 87, 58, 29, -248, -361, -610, 
-190, 566, 756, -187, -473, 661, 87, 58, 34, -248, -361, -610, 
-190, 566, 756, -187, -473, 661, 87, 58, 34, -248, -361, -610, 
-180, 556, 736, -187, -458, 646, 82, 63, 34, -253, -361, -600, 
-170, 561, 732, -195, -451, 646, 78, 63, 29, -258, -356, -600, 
-161, 570, 732, -204, -446, 651, 73, 63, 29, -258, -356, -600, 
-151, 570, 722, -209, -436, 646, 68, 68, 34, -258, -356, -595, 
-156, 575, 732, -209, -444, 653, 68, 63, 29, -263, -341, -585, 
-156, 580, 736, -212, -446, 658, 68, 58, 24, -258, -331, -580, 
-165, 590, 756, -212, -461, 673, 68, 53, 19, -258, -331, -580, 
-165, 595, 761, -214, -463, 678, 68, 48, 14, -263, -336, -580, 
-175, 585, 761, -204, -468, 673, 78, 53, 19, -273, -346, -595, 
-175, 575, 751, -200, -463, 663, 78, 58, 19, -273, -346, -600, 
-185, 566, 751, -190, -468, 658, 78, 63, 19, -273, -346, -605, 
-195, 566, 761, -185, -478, 663, 78, 68, 19, -273, -346, -610, 
-185, 561, 746, -187, -466, 653, 63, 58, 0, -283, -356, -624, 
-185, 566, 751, -190, -468, 658, 48, 48, -9, -287, -366, -629, 
-180, 566, 746, -192, -463, 656, 34, 39, -19, -292, -375, -634, 
-175, 566, 741, -195, -458, 653, 19, 29, -24, -297, -390, -639, 
-170, 575, 746, -202, -458, 661, 14, 24, -39, -302, -400, -644, 
-165, 580, 746, -207, -456, 663, 9, 14, -43, -302, -395, -649, 
-161, 580, 741, -209, -451, 661, 4, 9, -48, -307, -395, -649, 
-161, 575, 736, -207, -448, 656, 4, 4, -48, -317, -395, -649, 
-151, 566, 717, -207, -434, 641, 9, 14, -48, -312, -390, -639, 
-151, 561, 712, -204, -431, 636, 4, 14, -58, -312, -385, -639, 
-151, 556, 707, -202, -429, 631, 0, 9, -63, -312, -380, -639, 
-151, 546, 697, -197, -424, 622, 4, 9, -68, -312, -380, -639, 
-161, 531, 692, -185, -427, 612, 14, 19, -68, -326, -390, -629, 
-170, 527, 697, -178, -434, 612, 14, 14, -63, -326, -390, -639, 
-180, 527, 707, -173, -444, 617, 19, 14, -63, -326, -385, -639, 
-190, 527, 717, -168, -453, 622, 24, 19, -58, -326, -385, -634, 
-175, 551, 727, -187, -451, 639, 24, 19, -53, -312, -380, -619, 
-165, 561, 727, -197, -446, 644, 24, 19, -48, -307, -375, -619, 
-161, 561, 722, -200, -441, 641, 24, 19, -48, -302, -370, -624, 
-151, 556, 707, -202, -429, 631, 24, 19, -48, -302, -366, -624, 
-161, 561, 722, -200, -441, 641, 34, 19, -39, -302, -366, -624, 
-156, 570, 727, -207, -441, 649, 34, 24, -34, -297, -361, -619, 
-156, 580, 736, -212, -446, 658, 34, 29, -29, -292, -351, -614, 
-156, 585, 741, -214, -448, 663, 34, 39, -24, -287, -346, -610, 
-170, 580, 751, -204, -461, 666, 34, 34, -24, -292, -346, -595, 
-180, 570, 751, -195, -466, 661, 43, 29, -29, -292, -346, -590, 
-185, 570, 756, -192, -470, 663, 43, 24, -34, -297, -346, -590, 
-185, 570, 756, -192, -470, 663, 43, 19, -39, -307, -346, -595, 
-185, 570, 756, -192, -470, 663, 34, 4, -48, -322, -361, -610, 
-185, 570, 756, -192, -470, 663, 29, 0, -58, -326, -375, -624, 
-180, 570, 751, -195, -466, 661, 29, -9, -73, -331, -390, -644, 
-175, 575, 751, -200, -463, 663, 29, -14, -82, -336, -405, -658, 
-165, 575, 741, -204, -453, 658, 19, -14, -82, -336, -400, -653, 
-165, 575, 741, -204, -453, 658, 19, -9, -82, -336, -400, -653, 
-165, 575, 741, -204, -453, 658, 19, -9, -82, -336, -400, -663, 
-165, 575, 741, -204, -453, 658, 19, -14, -82, -341, -405, -663, 
-165, 580, 746, -207, -456, 663, 29, -14, -78, -331, -395, -653, 
-170, 580, 751, -204, -461, 666, 29, -14, -78, -331, -390, -649, 
-170, 580, 751, -204, -461, 666, 29, -9, -78, -322, -380, -649, 
-170, 580, 751, -204, -461, 666, 34, -9, -78, -307, -375, -653, 
-180, 570, 751, -195, -466, 661, 24, 0, -68, -331, -380, -653, 
-185, 570, 756, -192, -470, 663, 24, 0, -73, -341, -380, -649, 
-185, 570, 756, -192, -470, 663, 24, -4, -78, -351, -380, -639, 
-185, 570, 756, -192, -470, 663, 24, -4, -78, -351, -380, -634, 
-185, 585, 771, -200, -478, 678, 34, -14, -78, -341, -385, -639, 
-185, 580, 766, -197, -475, 673, 34, -9, -78, -341, -385, -639, 
-185, 580, 766, -197, -475, 673, 34, -9, -78, -351, -385, -639, 
-185, 585, 771, -200, -478, 678, 34, -14, -87, -356, -385, -639, 
-175, 600, 775, -212, -475, 688, 29, -14, -87, -351, -385, -629, 
-175, 590, 766, -207, -470, 678, 29, -14, -82, -336, -385, -629, 
-175, 595, 771, -209, -473, 683, 24, -14, -82, -331, -385, -634, 
-175, 605, 780, -214, -478, 692, 19, -19, -82, -331, -385, -634, 
-180, 610, 790, -214, -485, 700, 9, -29, -92, -331, -390, -644, 
-180, 610, 790, -214, -485, 700, 9, -29, -92, -326, -390, -649, 
-180, 610, 790, -214, -485, 700, 9, -29, -92, -326, -390, -658, 
-180, 610, 790, -214, -485, 700, 9, -29, -87, -326, -390, -663, 
-175, 590, 766, -207, -470, 678, 19, -19, -87, -336, -390, -649, 
-170, 585, 756, -207, -463, 671, 19, -19, -87, -341, -390, -649, 
-165, 580, 746, -207, -456, 663, 14, -19, -87, -346, -395, -653, 
-161, 575, 736, -207, -448, 656, 14, -19, -92, -346, -400, -663, 
-175, 590, 766, -207, -470, 678, 14, -19, -82, -336, -400, -653, 
-180, 595, 775, -207, -478, 685, 14, -19, -82, -336, -395, -653, 
-190, 600, 790, -204, -490, 695, 19, -19, -82, -341, -385, -649, 
-195, 605, 800, -204, -497, 702, 19, -19, -82, -341, -380, -644, 
-180, 605, 785, -212, -483, 695, 9, -19, -82, -341, -380, -653, 
-175, 610, 785, -217, -480, 697, 9, -24, -82, -341, -380, -653, 
-165, 614, 780, -224, -473, 697, 9, -24, -87, -341, -375, -653, 
-161, 624, 785, -231, -473, 705, 9, -24, -87, -341, -375, -663, 
-170, 610, 780, -219, -475, 695, 29, -14, -92, -331, -370, -644, 
-175, 610, 785, -217, -480, 697, 29, -14, -92, -331, -370, -644, 
-180, 605, 785, -212, -483, 695, 24, -14, -92, -336, -370, -644, 
-185, 600, 785, -207, -485, 692, 24, -14, -92, -336, -380, -644, 
-175, 605, 780, -214, -478, 692, 14, -24, -87, -336, -380, -634, 
-175, 610, 785, -217, -480, 697, 19, -19, -87, -336, -375, -639, 
-180, 610, 790, -214, -485, 700, 19, -19, -87, -336, -375, -639, 
-185, 614, 800, -214, -492, 707, 19, -19, -87, -336, -375, -639, 
-180, 634, 814, -226, -497, 724, 19, -34, -97, -326, -385, -649, 
-175, 639, 814, -231, -495, 727, 14, -39, -97, -326, -385, -653, 
-170, 644, 814, -236, -492, 729, 4, -39, -97, -326, -385, -658, 
-161, 649, 810, -244, -485, 729, 0, -39, -97, -326, -385, -663, 
-151, 644, 795, -246, -473, 719, 9, -34, -87, -331, -375, -658, 
-156, 639, 795, -241, -475, 717, 9, -24, -87, -336, -375, -649, 
-161, 639, 800, -239, -480, 719, 9, -19, -87, -341, -375, -644, 
-161, 634, 795, -236, -478, 714, 9, -19, -87, -346, -375, -639, 
-170, 639, 810, -234, -490, 724, 0, -29, -97, -336, -366, -634, 
-170, 644, 814, -236, -492, 729, 0, -24, -97, -336, -356, -634, 
-175, 649, 824, -236, -500, 736, 4, -24, -97, -336, -356, -629, 
-175, 653, 829, -239, -502, 741, 4, -24, -97, -336, -361, -629, 
-161, 663, 824, -251, -492, 744, -4, -34, -92, -326, -370, -634, 
-156, 663, 819, -253, -488, 741, -4, -29, -92, -326, -370, -639, 
-151, 668, 819, -258, -485, 744, -4, -29, -92, -326, -370, -644, 
-146, 668, 814, -261, -480, 741, -4, -29, -92, -322, -370, -649, 
-156, 668, 824, -256, -490, 746, -4, -19, -82, -331, -361, -639, 
-141, 668, 810, -263, -475, 739, 0, -19, -82, -331, -361, -649, 
-146, 673, 819, -263, -483, 746, 0, -9, -78, -312, -351, -624, 
-161, 663, 824, -251, -492, 744, 0, -19, -78, -312, -346, -614, 
-165, 663, 829, -248, -497, 746, 0, -19, -78, -312, -341, -614, 
-170, 663, 834, -246, -502, 749, 0, -19, -78, -312, -336, -614, 
-175, 663, 839, -244, -507, 751, 0, -19, -78, -312, -331, -614, 
-185, 668, 854, -241, -519, 761, 0, -19, -87, -317, -336, -619, 
-185, 673, 858, -244, -522, 766, 0, -19, -87, -322, -341, -624, 
-185, 678, 863, -246, -524, 771, 0, -19, -87, -326, -346, -629, 
-185, 683, 868, -248, -527, 775, 0, -19, -87, -331, -351, -634, 
-175, 692, 868, -258, -522, 780, 0, -19, -78, -322, -346, -624, 
-175, 692, 868, -258, -522, 780, 0, -19, -78, -322, -341, -624, 
-175, 692, 868, -258, -522, 780, 0, -19, -78, -322, -336, -624, 
-175, 692, 868, -258, -522, 780, 0, -19, -78, -322, -331, -624, 
-170, 707, 878, -268, -524, 793, -9, -24, -82, -317, -341, -624, 
-165, 712, 878, -273, -522, 795, -9, -29, -87, -312, -341, -624, 
-161, 717, 878, -278, -519, 797, -9, -34, -92, -307, -341, -624, 
-156, 722, 878, -283, -517, 800, -9, -39, -97, -302, -341, -624, 
-141, 736, 878, -297, -509, 807, -29, -53, -107, -287, -326, -605, 
-136, 751, 888, -307, -512, 819, -39, -58, -107, -283, -312, -595, 
-131, 766, 897, -317, -514, 832, -48, -63, -107, -278, -297, -585, 
-126, 780, 907, -326, -517, 844, -58, -68, -107, -273, -283, -575, 
-102, 814, 917, -356, -509, 866, -87, -53, -82, -219, -219, -527, 
-87, 839, 927, -375, -507, 883, -117, -48, -68, -175, -165, -478, 
-73, 863, 936, -395, -505, 900, -146, -43, -53, -131, -112, -429, 
-58, 888, 946, -414, -502, 917, -175, -39, -39, -87, -58, -380, 
-14, 927, 941, -456, -478, 934, -229, -53, -73, -48, 4, -317, 
19, 956, 936, -488, -458, 946, -273, -58, -107, -19, 68, -263, 
53, 985, 932, -519, -439, 958, -317, -63, -141, 9, 131, -209, 
87, 1015, 927, -551, -419, 971, -361, -68, -175, 39, 195, -156, 
107, 990, 883, -549, -387, 936, -370, -97, -278, -24, 141, -195, 
117, 976, 858, -546, -370, 917, -370, -126, -370, -78, 97, -234, 
126, 961, 834, -544, -353, 897, -370, -156, -463, -131, 53, -273, 
136, 946, 810, -541, -336, 878, -370, -185, -556, -185, 9, -312, 
