I, II, III, aVR, aVL, aVF, V1, V2, V3, V4, V5, V6, 
-165, -117, 48, 141, -107, -34, 9, 87, 97, -87, -302, -39, 
-165, -117, 48, 141, -107, -34, 9, 87, 97, -87, -302, -39, 
-165, -117, 48, 141, -107, -34, 9, 87, 97, -87, -302, -39, 
-165, -117, 48, 141, -107, -34, 9, 87, 97, -87, -302, -39, 
-156, -107, 48, 131, -102, -29, 9, 87, 97, -87, -302, -39, 
-156, -107, 48, 131, -102, -29, 9, 87, 97, -87, -302, -39, 
-156, -107, 48, 131, -102, -29, 9, 87, 97, -87, -302, -39, 
-156, -107, 48, 131, -102, -29, 9, 87, 97, -87, -302, -39, 
-156, -97, 58, 126, -107, -19, 0, 78, 107, -87, -292, -39, 
-156, -97, 58, 126, -107, -19, 0, 78, 107, -87, -292, -39, 
-156, -97, 58, 126, -107, -19, 0, 78, 107, -87, -292, -39, 
-156, -97, 58, 126, -107, -19, 0, 78, 107, -87, -292, -39, 
-165, -97, 68, 131, -117, -14, 0, 78, 107, -78, -292, -29, 
-165, -97, 68, 131, -117, -14, 0, 78, 107, -78, -292, -29, 
-165, -97, 68, 131, -117, -14, 0, 78, 107, -78, -292, -29, 
-165, -97, 68, 131, -117, -14, 0, 78, 107, -78, -292, -29, 
-165, -87, 78, 126, -122, -4, 0, 68, 117, -78, -283, -19, 
-165, -87, 78, 126, -122, -4, 0, 68, 117, -78, -283, -19, 
-165, -87, 78, 126, -122, -4, 0, 68, 117, -78, -283, -19, 
-165, -87, 78, 126, -122, -4, 0, 68, 117, -78, -283, -19, 
-165, -78, 87, 122, -126, 4, -9, 68, 117, -78, -273, -19, 
-165, -78, 87, 122, -126, 4, -9, 68, 117, -78, -273, -19, 
-165, -78, 87, 122, -126, 4, -9, 68, 117, -78, -273, -19, 
-165, -78, 87, 122, -126, 4, -9, 68, 117, -78, -273, -19, 
-165, -78, 87, 122, -126, 4, -19, 58, 107, -78, -283, -19, 
-165, -78, 87, 122, -126, 4, -19, 58, 107, -78, -283, -19, 
-165, -78, 87, 122, -126, 4, -19, 58, 107, -78, -283, -19, 
-165, -78, 87, 122, -126, 4, -19, 58, 107, -78, -283, -19, 
-156, -68, 87, 112, -122, 9, -9, 68, 112, -78, -273, -19, 
-156, -68, 87, 112, -122, 9, -9, 68, 117, -78, -273, -19, 
-156, -68, 87, 112, -122, 9, -9, 68, 122, -78, -273, -19, 
-156, -68, 87, 112, -122, 9, -9, 68, 126, -78, -273, -19, 
-146, -68, 78, 107, -112, 4, -9, 58, 117, -78, -263, -19, 
-146, -68, 78, 107, -112, 4, -9, 58, 117, -78, -263, -19, 
-146, -68, 78, 107, -112, 4, -9, 58, 117, -78, -263, -19, 
-146, -68, 78, 107, -112, 4, -9, 58, 117, -78, -263, -19, 
-151, -78, 73, 114, -112, -2, -9, 58, 117, -87, -273, -29, 
-156, -78, 78, 117, -117, 0, -9, 58, 117, -87, -273, -29, 
-161, -78, 82, 119, -122, 2, -9, 58, 117, -87, -273, -29, 
-165, -78, 87, 122, -126, 4, -9, 58, 117, -87, -273, -29, 
-156, -87, 68, 122, -112, -9, -9, 58, 107, -97, -283, -39, 
-156, -87, 68, 122, -112, -9, -9, 58, 107, -97, -283, -39, 
-156, -87, 68, 122, -112, -9, -9, 58, 107, -97, -283, -39, 
-156, -87, 68, 122, -112, -9, -9, 58, 107, -97, -283, -39, 
-156, -87, 68, 122, -112, -9, -9, 58, 97, -102, -283, -48, 
-156, -87, 68, 122, -112, -9, -9, 58, 97, -107, -283, -48, 
-156, -87, 68, 122, -112, -9, -9, 58, 97, -112, -283, -48, 
-156, -87, 68, 122, -112, -9, -9, 58, 97, -117, -283, -48, 
-165, -92, 73, 129, -119, -9, -9, 58, 97, -117, -287, -58, 
-165, -97, 68, 131, -117, -14, -9, 58, 97, -117, -292, -58, 
-165, -102, 63, 134, -114, -19, -9, 58, 97, -117, -297, -58, 
-165, -107, 58, 136, -112, -24, -9, 58, 97, -117, -302, -58, 
-165, -117, 48, 141, -107, -34, 0, 68, 97, -117, -292, -48, 
-165, -117, 48, 141, -107, -34, 0, 68, 97, -117, -292, -48, 
-165, -117, 48, 141, -107, -34, 0, 68, 97, -117, -292, -48, 
-165, -117, 48, 141, -107, -34, 0, 68, 97, -117, -292, -48, 
-165, -126, 39, 146, -102, -43, 0, 58, 92, -122, -302, -63, 
-165, -126, 39, 146, -102, -43, 0, 58, 87, -126, -302, -68, 
-165, -126, 39, 146, -102, -43, 0, 58, 82, -131, -302, -73, 
-165, -126, 39, 146, -102, -43, 0, 58, 78, -136, -302, -78, 
-175, -136, 39, 156, -107, -48, 9, 68, 87, -146, -312, -78, 
-175, -136, 39, 156, -107, -48, 9, 68, 87, -146, -312, -78, 
-175, -136, 39, 156, -107, -48, 9, 68, 87, -146, -312, -78, 
-175, -136, 39, 156, -107, -48, 9, 68, 87, -146, -312, -78, 
-185, -146, 39, 165, -112, -53, 9, 68, 78, -156, -312, -82, 
-185, -146, 39, 165, -112, -53, 9, 68, 78, -156, -312, -87, 
-185, -146, 39, 165, -112, -53, 9, 68, 78, -156, -312, -92, 
-185, -146, 39, 165, -112, -53, 9, 68, 78, -156, -312, -97, 
-185, -156, 29, 170, -107, -63, 0, 58, 68, -165, -322, -107, 
-185, -156, 29, 170, -107, -63, 0, 58, 68, -165, -322, -107, 
-185, -156, 29, 170, -107, -63, 0, 58, 68, -165, -322, -107, 
-185, -156, 29, 170, -107, -63, 0, 58, 68, -165, -322, -107, 
-195, -156, 39, 175, -117, -58, 0, 58, 58, -165, -322, -107, 
-195, -156, 39, 175, -117, -58, 0, 58, 58, -165, -322, -107, 
-195, -156, 39, 175, -117, -58, 0, 58, 58, -165, -322, -107, 
-195, -156, 39, 175, -117, -58, 0, 58, 58, -165, -322, -107, 
-185, -156, 29, 170, -107, -63, 9, 68, 58, -175, -322, -107, 
-185, -156, 29, 170, -107, -63, 9, 68, 58, -175, -322, -107, 
-185, -156, 29, 170, -107, -63, 9, 68, 58, -175, -322, -107, 
-185, -156, 29, 170, -107, -63, 9, 68, 58, -175, -322, -107, 
-185, -165, 19, 175, -102, -73, 19, 68, 58, -175, -322, -107, 
-185, -165, 19, 175, -102, -73, 19, 68, 58, -175, -322, -107, 
-185, -165, 19, 175, -102, -73, 19, 68, 58, -175, -322, -107, 
-185, -165, 19, 175, -102, -73, 19, 68, 58, -175, -322, -107, 
-185, -165, 19, 175, -102, -73, 9, 68, 48, -185, -322, -117, 
-185, -165, 19, 175, -102, -73, 9, 68, 48, -185, -322, -117, 
-185, -165, 19, 175, -102, -73, 9, 68, 48, -185, -322, -117, 
-185, -165, 19, 175, -102, -73, 9, 68, 48, -185, -322, -117, 
-200, -180, 19, 190, -109, -80, 9, 58, 39, -185, -331, -126, 
-204, -185, 19, 195, -112, -82, 9, 58, 39, -185, -331, -126, 
-209, -190, 19, 200, -114, -85, 9, 58, 39, -185, -331, -126, 
-214, -195, 19, 204, -117, -87, 9, 58, 39, -185, -331, -126, 
-204, -190, 14, 197, -109, -87, 9, 58, 39, -185, -331, -126, 
-204, -185, 19, 195, -112, -82, 9, 58, 39, -185, -331, -126, 
-204, -180, 24, 192, -114, -78, 9, 58, 39, -185, -331, -126, 
-204, -175, 29, 190, -117, -73, 9, 58, 39, -185, -331, -126, 
-214, -185, 29, 200, -122, -78, 19, 58, 39, -185, -331, -131, 
-214, -185, 29, 200, -122, -78, 19, 58, 39, -185, -331, -136, 
-214, -185, 29, 200, -122, -78, 19, 58, 39, -185, -331, -141, 
-214, -185, 29, 200, -122, -78, 19, 58, 39, -185, -331, -146, 
-204, -195, 9, 200, -107, -92, 19, 48, 34, -195, -331, -146, 
-204, -195, 9, 200, -107, -92, 19, 48, 29, -195, -331, -146, 
-204, -195, 9, 200, -107, -92, 19, 48, 24, -195, -331, -146, 
-204, -195, 9, 200, -107, -92, 19, 48, 19, -195, -331, -146, 
-195, -195, 0, 195, -97, -97, 9, 48, 9, -195, -331, -146, 
-195, -195, 0, 195, -97, -97, 9, 48, 9, -195, -331, -146, 
-195, -195, 0, 195, -97, -97, 9, 48, 9, -195, -331, -146, 
-195, -195, 0, 195, -97, -97, 9, 48, 9, -195, -331, -146, 
-204, -204, 0, 204, -102, -102, 19, 58, 9, -195, -331, -156, 
-204, -204, 0, 204, -102, -102, 19, 58, 9, -195, -331, -156, 
-204, -204, 0, 204, -102, -102, 19, 58, 9, -195, -331, -156, 
-204, -204, 0, 204, -102, -102, 19, 58, 9, -195, -331, -156, 
-195, -204, -9, 200, -92, -107, 9, 48, 0, -204, -331, -156, 
-195, -204, -9, 200, -92, -107, 9, 48, 0, -204, -331, -156, 
-195, -204, -9, 200, -92, -107, 9, 48, 0, -204, -331, -156, 
-195, -204, -9, 200, -92, -107, 9, 48, 0, -204, -331, -156, 
-195, -204, -9, 200, -92, -107, 19, 48, -9, -204, -331, -156, 
-195, -204, -9, 200, -92, -107, 19, 48, -9, -204, -331, -156, 
-195, -204, -9, 200, -92, -107, 19, 48, -9, -204, -331, -156, 
-195, -204, -9, 200, -92, -107, 19, 48, -9, -204, -331, -156, 
-200, -209, -9, 204, -95, -109, 19, 48, -9, -195, -322, -156, 
-204, -214, -9, 209, -97, -112, 19, 48, -9, -195, -322, -156, 
-209, -219, -9, 214, -100, -114, 19, 48, -9, -195, -322, -156, 
-214, -224, -9, 219, -102, -117, 19, 48, -9, -195, -322, -156, 
-204, -214, -9, 209, -97, -112, 19, 48, -19, -204, -322, -156, 
-204, -214, -9, 209, -97, -112, 19, 48, -19, -204, -322, -156, 
-204, -214, -9, 209, -97, -112, 19, 48, -19, -204, -322, -156, 
-204, -214, -9, 209, -97, -112, 19, 48, -19, -204, -322, -156, 
-204, -214, -9, 209, -97, -112, 19, 48, -29, -204, -322, -165, 
-204, -214, -9, 209, -97, -112, 19, 48, -29, -204, -322, -165, 
-204, -214, -9, 209, -97, -112, 19, 48, -29, -204, -322, -165, 
-204, -214, -9, 209, -97, -112, 19, 48, -29, -204, -322, -165, 
-214, -224, -9, 219, -102, -117, 19, 58, -29, -214, -322, -165, 
-214, -224, -9, 219, -102, -117, 19, 58, -29, -214, -322, -165, 
-214, -224, -9, 219, -102, -117, 19, 58, -29, -214, -322, -165, 
-214, -224, -9, 219, -102, -117, 19, 58, -29, -214, -322, -165, 
-214, -214, 0, 214, -107, -107, 19, 53, -34, -214, -312, -175, 
-214, -214, 0, 214, -107, -107, 19, 48, -39, -214, -312, -175, 
-214, -214, 0, 214, -107, -107, 19, 43, -43, -214, -312, -175, 
-214, -214, 0, 214, -107, -107, 19, 39, -48, -214, -312, -175, 
-209, -214, -4, 212, -102, -109, 9, 48, -48, -214, -312, -175, 
-204, -214, -9, 209, -97, -112, 9, 48, -48, -214, -312, -175, 
-200, -214, -14, 207, -92, -114, 9, 48, -48, -214, -312, -175, 
-195, -214, -19, 204, -87, -117, 9, 48, -48, -214, -312, -175, 
-195, -204, -9, 200, -92, -107, 9, 43, -48, -214, -312, -165, 
-195, -204, -9, 200, -92, -107, 9, 39, -48, -214, -312, -165, 
-195, -204, -9, 200, -92, -107, 9, 34, -48, -214, -312, -165, 
-195, -204, -9, 200, -92, -107, 9, 29, -48, -214, -312, -165, 
-204, -214, -9, 209, -97, -112, 9, 39, -48, -224, -312, -165, 
-204, -214, -9, 209, -97, -112, 9, 39, -48, -224, -312, -165, 
-204, -214, -9, 209, -97, -112, 9, 39, -48, -224, -312, -165, 
-204, -214, -9, 209, -97, -112, 9, 39, -48, -224, -312, -165, 
-214, -214, 0, 214, -107, -107, 9, 29, -58, -224, -312, -175, 
-214, -214, 0, 214, -107, -107, 9, 29, -58, -224, -312, -175, 
-214, -214, 0, 214, -107, -107, 9, 29, -58, -224, -312, -175, 
-214, -214, 0, 214, -107, -107, 9, 29, -58, -224, -312, -175, 
-214, -214, 0, 214, -107, -107, 0, 29, -58, -224, -322, -185, 
-214, -214, 0, 214, -107, -107, 0, 29, -58, -224, -322, -185, 
-214, -214, 0, 214, -107, -107, 0, 29, -58, -224, -322, -185, 
-214, -214, 0, 214, -107, -107, 0, 29, -58, -224, -322, -185, 
-204, -204, 0, 204, -102, -102, 0, 29, -48, -224, -312, -175, 
-204, -204, 0, 204, -102, -102, 0, 29, -48, -224, -312, -175, 
-204, -204, 0, 204, -102, -102, 0, 29, -48, -224, -312, -175, 
-204, -204, 0, 204, -102, -102, 0, 29, -48, -224, -312, -175, 
-204, -200, 4, 202, -104, -97, 0, 19, -39, -214, -302, -175, 
-204, -195, 9, 200, -107, -92, 0, 19, -39, -214, -302, -175, 
-204, -190, 14, 197, -109, -87, 0, 19, -39, -214, -302, -175, 
-204, -185, 19, 195, -112, -82, 0, 19, -39, -214, -302, -175, 
-204, -175, 29, 190, -117, -73, -9, 9, -29, -209, -297, -170, 
-204, -175, 29, 190, -117, -73, -9, 9, -19, -204, -292, -165, 
-204, -175, 29, 190, -117, -73, -9, 9, -9, -200, -287, -161, 
-204, -175, 29, 190, -117, -73, -9, 9, 0, -195, -283, -156, 
-204, -161, 43, 183, -124, -58, -14, 4, 0, -195, -278, -146, 
-204, -156, 48, 180, -126, -53, -19, 0, 0, -195, -273, -146, 
-204, -151, 53, 178, -129, -48, -24, -4, 0, -195, -268, -146, 
-204, -146, 58, 175, -131, -43, -29, -9, 0, -195, -263, -146, 
-214, -141, 73, 178, -143, -34, -29, -9, 4, -190, -253, -146, 
-214, -122, 92, 168, -153, -14, -29, -9, 14, -185, -248, -141, 
-214, -117, 97, 165, -156, -9, -39, -14, 29, -175, -244, -136, 
-214, -102, 112, 158, -163, 4, -43, -19, 34, -170, -244, -136, 
-209, -87, 122, 148, -165, 17, -58, -24, 34, -170, -229, -131, 
-209, -82, 126, 146, -168, 21, -68, -39, 43, -170, -224, -126, 
-209, -73, 136, 141, -173, 31, -73, -43, 48, -161, -219, -122, 
-209, -58, 151, 134, -180, 46, -78, -48, 48, -156, -219, -107, 
-204, -53, 151, 129, -178, 48, -97, -58, 43, -161, -209, -112, 
-200, -43, 156, 122, -178, 56, -107, -63, 43, -165, -204, -107, 
-195, -34, 161, 114, -178, 63, -117, -68, 43, -161, -200, -107, 
-185, -24, 161, 104, -173, 68, -126, -78, 43, -165, -200, -102, 
-185, -34, 151, 109, -168, 58, -131, -68, 43, -156, -204, -102, 
-185, -43, 141, 114, -163, 48, -126, -68, 39, -156, -204, -102, 
-185, -43, 141, 114, -163, 48, -122, -68, 39, -156, -204, -102, 
-185, -39, 146, 112, -165, 53, -107, -73, 39, -156, -200, -102, 
-190, -39, 151, 114, -170, 56, -117, -82, 39, -165, -200, -97, 
-185, -39, 146, 112, -165, 53, -117, -82, 39, -165, -200, -97, 
-185, -39, 146, 112, -165, 53, -112, -82, 39, -161, -200, -97, 
-170, -39, 131, 104, -151, 46, -112, -78, 34, -161, -200, -97, 
-180, -58, 122, 119, -151, 31, -107, -63, 14, -175, -195, -102, 
-175, -73, 102, 124, -139, 14, -102, -53, 9, -175, -195, -102, 
-165, -78, 87, 122, -126, 4, -87, -43, 4, -180, -195, -102, 
-165, -92, 73, 129, -119, -9, -78, -34, 0, -185, -204, -112, 
-151, -102, 48, 126, -100, -26, -68, -24, -14, -190, -214, -131, 
-151, -107, 43, 129, -97, -31, -63, -19, -24, -200, -219, -136, 
-156, -122, 34, 139, -95, -43, -63, -19, -34, -200, -219, -141, 
-161, -126, 34, 143, -97, -46, -63, -14, -34, -200, -224, -141, 
-161, -141, 19, 151, -90, -61, -58, -19, -34, -204, -219, -136, 
-161, -151, 9, 156, -85, -70, -53, -19, -39, -209, -224, -136, 
-165, -156, 9, 161, -87, -73, -43, -14, -39, -209, -224, -141, 
-175, -165, 9, 170, -92, -78, -39, -14, -43, -214, -224, -146, 
-180, -165, 14, 173, -97, -75, -24, -9, -39, -229, -219, -161, 
-185, -175, 9, 180, -97, -82, -14, -9, -39, -234, -224, -161, 
-190, -185, 4, 187, -97, -90, -9, -9, -43, -239, -229, -165, 
-195, -190, 4, 192, -100, -92, -4, -9, -48, -244, -234, -175, 
-190, -200, -9, 195, -90, -104, -14, -4, -63, -258, -253, -190, 
-190, -209, -19, 200, -85, -114, -9, -4, -68, -263, -258, -195, 
-195, -214, -19, 204, -87, -117, -4, 0, -73, -268, -258, -204, 
-195, -224, -29, 209, -82, -126, 0, 0, -78, -268, -258, -209, 
-185, -234, -48, 209, -68, -141, 14, 14, -78, -273, -263, -204, 
-185, -244, -58, 214, -63, -151, 19, 19, -82, -283, -268, -214, 
-185, -244, -58, 214, -63, -151, 24, 24, -87, -283, -263, -214, 
-185, -258, -73, 222, -56, -165, 24, 24, -87, -287, -263, -214, 
-195, -258, -63, 226, -65, -161, 24, 14, -78, -283, -258, -219, 
-195, -258, -63, 226, -65, -161, 24, 14, -78, -283, -258, -219, 
-195, -258, -63, 226, -65, -161, 24, 19, -78, -283, -258, -219, 
-190, -258, -68, 224, -61, -163, 29, 19, -78, -287, -263, -219, 
-190, -258, -68, 224, -61, -163, 19, 9, -87, -297, -273, -219, 
-195, -263, -68, 229, -63, -165, 24, 9, -87, -297, -273, -224, 
-200, -268, -68, 234, -65, -168, 24, 9, -87, -302, -273, -224, 
-200, -273, -73, 236, -63, -173, 29, 9, -92, -307, -283, -224, 
-200, -273, -73, 236, -63, -173, 39, 19, -92, -297, -273, -224, 
-200, -273, -73, 236, -63, -173, 34, 19, -92, -297, -268, -224, 
-204, -268, -63, 236, -70, -165, 34, 19, -92, -297, -268, -229, 
-204, -268, -63, 236, -70, -165, 34, 19, -92, -292, -268, -229, 
-195, -268, -73, 231, -61, -170, 39, 19, -92, -302, -258, -229, 
-190, -268, -78, 229, -56, -173, 39, 19, -92, -307, -258, -224, 
-190, -268, -78, 229, -56, -173, 39, 19, -97, -312, -263, -224, 
-195, -278, -82, 236, -56, -180, 39, 24, -97, -312, -263, -229, 
-204, -287, -82, 246, -61, -185, 48, 24, -87, -307, -273, -229, 
-204, -292, -87, 248, -58, -190, 48, 24, -82, -307, -273, -229, 
-204, -297, -92, 251, -56, -195, 53, 24, -82, -307, -273, -229, 
-204, -297, -92, 251, -56, -195, 53, 24, -82, -307, -273, -229, 
-200, -297, -97, 248, -51, -197, 53, 24, -92, -307, -263, -229, 
-200, -292, -92, 246, -53, -192, 53, 24, -92, -307, -263, -229, 
-200, -292, -92, 246, -53, -192, 48, 24, -92, -307, -263, -229, 
-200, -297, -97, 248, -51, -197, 48, 24, -97, -307, -268, -229, 
-200, -297, -97, 248, -51, -197, 53, 19, -87, -312, -268, -219, 
-200, -297, -97, 248, -51, -197, 53, 19, -87, -312, -268, -219, 
-200, -292, -92, 246, -53, -192, 48, 24, -87, -312, -268, -219, 
-200, -292, -92, 246, -53, -192, 48, 24, -87, -312, -268, -219, 
-200, -292, -92, 246, -53, -192, 48, 24, -92, -302, -268, -229, 
-200, -292, -92, 246, -53, -192, 48, 24, -92, -302, -263, -229, 
-200, -292, -92, 246, -53, -192, 48, 24, -87, -302, -263, -229, 
-200, -292, -92, 246, -53, -192, 48, 24, -87, -302, -263, -229, 
-190, -292, -102, 241, -43, -197, 48, 24, -78, -302, -258, -219, 
-185, -292, -107, 239, -39, -200, 48, 24, -78, -302, -253, -219, 
-180, -292, -112, 236, -34, -202, 48, 29, -78, -302, -248, -219, 
-175, -292, -117, 234, -29, -204, 53, 34, -78, -302, -248, -219, 
-175, -292, -117, 234, -29, -204, 58, 39, -87, -302, -258, -214, 
-180, -307, -126, 244, -26, -217, 68, 43, -87, -302, -263, -229, 
-180, -307, -126, 244, -26, -217, 82, 82, -82, -302, -263, -229, 
-165, -317, -151, 241, -7, -234, 102, 126, -58, -302, -273, -244, 
-156, -341, -185, 248, 14, -263, 131, 180, -24, -302, -278, -258, 
-156, -370, -214, 263, 29, -292, 161, 239, 14, -292, -273, -278, 
-156, -370, -214, 263, 29, -292, 190, 283, 68, -283, -278, -297, 
-165, -366, -200, 265, 17, -283, 209, 317, 117, -268, -278, -307, 
-175, -346, -170, 261, -2, -258, 219, 326, 151, -258, -268, -297, 
-175, -307, -131, 241, -21, -219, 219, 312, 185, -253, -253, -273, 
-161, -248, -87, 204, -36, -168, 195, 292, 195, -214, -214, -229, 
-146, -161, -14, 153, -65, -87, 151, 244, 175, -156, -161, -161, 
-126, -24, 102, 75, -114, 39, 73, 146, 185, -68, -68, -58, 
-122, 151, 273, -14, -197, 212, -19, 0, 204, 39, 63, 87, 
-112, 341, 453, -114, -283, 397, -141, -190, 200, 131, 200, 248, 
-82, 517, 600, -217, -341, 558, -268, -370, 136, 204, 331, 400, 
-34, 644, 678, -305, -356, 661, -361, -517, 39, 253, 444, 531, 
24, 727, 702, -375, -339, 714, -458, -639, -107, 278, 527, 644, 
82, 829, 746, -456, -331, 788, -595, -775, -268, 312, 614, 771, 
136, 946, 810, -541, -336, 878, -732, -922, -492, 336, 707, 912, 
200, 1049, 849, -624, -324, 949, -839, -1029, -775, 326, 771, 1039, 
244, 1137, 893, -690, -324, 1015, -922, -1078, -1029, 322, 814, 1146, 
253, 1215, 961, -734, -353, 1088, -985, -1117, -1200, 312, 868, 1239, 
253, 1190, 936, -722, -341, 1063, -985, -1098, -1342, 263, 858, 1244, 
244, 1015, 771, -629, -263, 893, -912, -1010, -1449, 141, 741, 1122, 
248, 805, 556, -527, -153, 680, -824, -883, -1522, 14, 600, 951, 
244, 658, 414, -451, -85, 536, -756, -785, -1542, -78, 502, 829, 
219, 527, 307, -373, -43, 417, -712, -697, -1522, -161, 409, 712, 
185, 375, 190, -280, -2, 283, -644, -605, -1468, -234, 297, 570, 
161, 209, 48, -185, 56, 129, -561, -497, -1385, -297, 185, 419, 
122, 68, -53, -95, 87, 7, -473, -385, -1293, -361, 68, 287, 
73, -48, -122, -12, 97, -85, -366, -283, -1190, -439, -53, 141, 
29, -165, -195, 68, 112, -180, -258, -170, -1088, -502, -185, -4, 
-24, -263, -239, 143, 107, -251, -165, -68, -966, -556, -283, -131, 
-48, -336, -287, 192, 119, -312, -87, 0, -849, -585, -346, -234, 
-63, -380, -317, 222, 126, -348, -19, 68, -727, -580, -380, -292, 
-78, -405, -326, 241, 124, -366, 19, 107, -624, -546, -370, -297, 
-102, -414, -312, 258, 104, -363, 43, 131, -531, -527, -351, -287, 
-102, -409, -307, 256, 102, -358, 63, 146, -463, -517, -341, -297, 
-97, -400, -302, 248, 102, -351, 73, 165, -380, -492, -336, -297, 
-112, -385, -273, 248, 80, -329, 78, 185, -312, -448, -322, -283, 
-131, -385, -253, 258, 61, -319, 82, 185, -263, -400, -312, -263, 
-131, -356, -224, 244, 46, -290, 102, 170, -229, -370, -292, -253, 
-131, -322, -190, 226, 29, -256, 97, 156, -214, -341, -273, -239, 
-141, -302, -161, 222, 9, -231, 82, 156, -209, -331, -253, -244, 
-131, -278, -146, 204, 7, -212, 78, 146, -200, -331, -244, -234, 
-122, -253, -131, 187, 4, -192, 63, 122, -180, -322, -234, -224, 
-126, -263, -136, 195, 4, -200, 58, 97, -156, -336, -234, -219, 
-136, -273, -136, 204, 0, -204, 48, 68, -136, -346, -239, -209, 
-131, -278, -146, 204, 7, -212, 58, 58, -122, -336, -234, -204, 
-146, -287, -141, 217, -2, -214, 73, 58, -107, -331, -248, -214, 
-161, -287, -126, 224, -17, -207, 68, 58, -107, -326, -273, -244, 
-161, -287, -126, 224, -17, -207, 82, 63, -117, -322, -263, -244, 
-165, -287, -122, 226, -21, -204, 82, 63, -117, -312, -258, -244, 
-165, -283, -117, 224, -24, -200, 78, 48, -112, -307, -258, -239, 
-161, -273, -112, 217, -24, -192, 73, 34, -112, -307, -253, -234, 
-161, -268, -107, 214, -26, -187, 63, 14, -112, -312, -253, -224, 
-161, -258, -97, 209, -31, -178, 53, 4, -112, -317, -253, -224, 
-161, -258, -97, 209, -31, -178, 53, 4, -107, -317, -253, -229, 
-165, -263, -97, 214, -34, -180, 58, 9, -92, -317, -253, -229, 
-161, -283, -122, 222, -19, -202, 58, 29, -92, -307, -258, -229, 
-161, -283, -122, 222, -19, -202, 58, 29, -87, -307, -263, -229, 
-161, -283, -122, 222, -19, -202, 63, 34, -87, -307, -263, -229, 
-156, -283, -126, 219, -14, -204, 63, 34, -87, -302, -263, -229, 
-165, -283, -117, 224, -24, -200, 58, 24, -87, -307, -268, -229, 
-165, -283, -117, 224, -24, -200, 58, 19, -87, -302, -268, -224, 
-161, -273, -112, 217, -24, -192, 58, 19, -87, -302, -268, -224, 
-161, -273, -112, 217, -24, -192, 58, 19, -87, -302, -268, -224, 
-170, -273, -102, 222, -34, -187, 48, 19, -87, -302, -268, -224, 
-170, -273, -102, 222, -34, -187, 48, 14, -87, -302, -268, -219, 
-170, -268, -97, 219, -36, -183, 48, 14, -87, -302, -268, -219, 
-170, -268, -97, 219, -36, -183, 48, 14, -87, -302, -268, -219, 
-165, -268, -102, 217, -31, -185, 48, 14, -73, -302, -278, -219, 
-161, -268, -107, 214, -26, -187, 48, 14, -73, -302, -278, -219, 
-156, -268, -112, 212, -21, -190, 48, 9, -78, -297, -278, -224, 
-151, -268, -117, 209, -17, -192, 48, 9, -78, -297, -273, -224, 
-151, -258, -107, 204, -21, -183, 48, 9, -87, -297, -263, -219, 
-151, -248, -97, 200, -26, -173, 43, 4, -82, -297, -263, -219, 
-151, -248, -97, 200, -26, -173, 43, 0, -82, -297, -263, -214, 
-151, -248, -97, 200, -26, -173, 43, 0, -78, -297, -263, -214, 
-151, -258, -107, 204, -21, -183, 43, 4, -78, -297, -263, -214, 
-151, -258, -107, 204, -21, -183, 43, 4, -78, -297, -263, -214, 
-151, -258, -107, 204, -21, -183, 43, 4, -78, -297, -263, -214, 
-151, -258, -107, 204, -21, -183, 43, 4, -78, -297, -263, -214, 
-161, -258, -97, 209, -31, -178, 53, 4, -87, -292, -273, -224, 
-161, -253, -92, 207, -34, -173, 48, 4, -87, -287, -273, -219, 
-161, -253, -92, 207, -34, -173, 48, 4, -82, -287, -273, -219, 
-156, -253, -97, 204, -29, -175, 48, 0, -82, -287, -273, -219, 
-146, -239, -92, 192, -26, -165, 43, -9, -82, -292, -273, -219, 
-146, -239, -92, 192, -26, -165, 39, -9, -82, -297, -273, -214, 
-146, -239, -92, 192, -26, -165, 34, -14, -82, -302, -273, -214, 
-146, -234, -87, 190, -29, -161, 24, -14, -82, -307, -273, -214, 
-156, -244, -87, 200, -34, -165, 24, -9, -82, -302, -263, -214, 
-156, -244, -87, 200, -34, -165, 29, -9, -82, -297, -263, -214, 
-156, -244, -87, 200, -34, -165, 29, -9, -82, -287, -263, -214, 
-156, -244, -87, 200, -34, -165, 24, -9, -82, -283, -263, -214, 
-146, -234, -87, 190, -29, -161, 34, -9, -82, -292, -263, -214, 
-141, -229, -87, 185, -26, -158, 34, -9, -82, -292, -263, -209, 
-141, -229, -87, 185, -26, -158, 34, -9, -78, -292, -268, -209, 
-146, -224, -78, 185, -34, -151, 29, -9, -78, -292, -268, -204, 
-146, -229, -82, 187, -31, -156, 19, -14, -87, -292, -258, -214, 
-146, -229, -82, 187, -31, -156, 19, -14, -82, -287, -258, -214, 
-146, -229, -82, 187, -31, -156, 24, -14, -82, -287, -258, -214, 
-146, -234, -87, 190, -29, -161, 24, -14, -82, -283, -258, -214, 
-146, -229, -82, 187, -31, -156, 24, -19, -82, -278, -268, -204, 
-146, -219, -73, 183, -36, -146, 24, -19, -82, -278, -263, -200, 
-146, -214, -68, 180, -39, -141, 24, -14, -82, -278, -253, -200, 
-146, -214, -68, 180, -39, -141, 24, -14, -82, -278, -253, -200, 
-141, -214, -73, 178, -34, -143, 24, -14, -73, -278, -253, -200, 
-141, -214, -73, 178, -34, -143, 24, -14, -73, -273, -253, -195, 
-141, -214, -73, 178, -34, -143, 24, -14, -68, -263, -253, -195, 
-141, -209, -68, 175, -36, -139, 19, -14, -68, -263, -253, -185, 
-141, -209, -68, 175, -36, -139, 9, -19, -78, -263, -253, -185, 
-141, -204, -63, 173, -39, -134, 9, -24, -82, -263, -253, -190, 
-141, -200, -58, 170, -41, -129, 4, -29, -82, -258, -253, -190, 
-136, -200, -63, 168, -36, -131, 4, -34, -78, -258, -248, -180, 
-131, -195, -63, 163, -34, -129, 4, -29, -78, -268, -253, -190, 
-126, -195, -68, 161, -29, -131, 0, -34, -78, -268, -248, -190, 
-122, -195, -73, 158, -24, -134, 0, -34, -78, -258, -248, -185, 
-117, -195, -78, 156, -19, -136, 4, -34, -73, -253, -248, -175, 
-126, -190, -63, 158, -31, -126, 4, -34, -63, -239, -239, -165, 
-122, -185, -63, 153, -29, -124, 0, -34, -63, -234, -234, -170, 
-122, -180, -58, 151, -31, -119, -4, -39, -63, -234, -234, -170, 
-122, -180, -58, 151, -31, -119, -4, -39, -63, -234, -229, -165, 
-122, -180, -58, 151, -31, -119, -4, -39, -63, -229, -229, -161, 
-122, -170, -48, 146, -36, -109, -4, -39, -63, -229, -219, -161, 
-122, -165, -43, 143, -39, -104, -9, -43, -63, -224, -219, -161, 
-117, -165, -48, 141, -34, -107, -14, -43, -63, -219, -209, -151, 
-126, -151, -24, 139, -51, -87, -24, -53, -73, -214, -209, -151, 
-126, -141, -14, 134, -56, -78, -29, -53, -73, -214, -209, -151, 
-117, -136, -19, 126, -48, -78, -34, -53, -68, -204, -204, -141, 
-117, -136, -19, 126, -48, -78, -34, -53, -68, -200, -200, -136, 
-126, -141, -14, 134, -56, -78, -34, -53, -68, -200, -195, -131, 
-131, -136, -4, 134, -63, -70, -34, -58, -68, -195, -195, -131, 
-126, -136, -9, 131, -58, -73, -34, -58, -68, -195, -195, -126, 
-131, -141, -9, 136, -61, -75, -43, -58, -68, -190, -190, -122, 
-126, -126, 0, 126, -63, -63, -48, -68, -73, -185, -185, -126, 
-126, -122, 4, 124, -65, -58, -53, -73, -73, -180, -180, -122, 
-126, -112, 14, 119, -70, -48, -58, -73, -68, -175, -175, -117, 
-117, -102, 14, 109, -65, -43, -63, -73, -63, -170, -175, -107, 
-97, -102, -4, 100, -46, -53, -58, -73, -63, -161, -161, -92, 
-97, -97, 0, 97, -48, -48, -63, -78, -58, -156, -151, -82, 
-97, -87, 9, 92, -53, -39, -68, -82, -58, -151, -141, -73, 
-97, -78, 19, 87, -58, -29, -73, -87, -63, -141, -131, -73, 
-102, -68, 34, 85, -68, -17, -82, -82, -63, -141, -126, -68, 
-102, -58, 43, 80, -73, -7, -87, -87, -63, -136, -122, -58, 
-92, -53, 39, 73, -65, -7, -87, -87, -63, -126, -117, -48, 
-92, -48, 43, 70, -68, -2, -92, -87, -63, -117, -107, -48, 
-73, -43, 29, 58, -51, -7, -112, -102, -63, -102, -97, -39, 
-68, -34, 34, 51, -51, 0, -117, -107, -63, -97, -92, -29, 
-58, -24, 34, 41, -46, 4, -122, -112, -63, -92, -82, -29, 
-48, -14, 34, 31, -41, 9, -126, -117, -63, -87, -78, -19, 
-34, -4, 29, 19, -31, 12, -131, -122, -68, -92, -63, -9, 
-24, 4, 29, 9, -26, 17, -141, -126, -73, -87, -58, -4, 
-9, 19, 29, -4, -19, 24, -156, -136, -78, -82, -48, 4, 
4, 34, 29, -19, -12, 31, -165, -146, -82, -78, -39, 9, 
-4, 39, 43, -17, -24, 41, -170, -151, -82, -73, -39, 19, 
-9, 39, 48, -14, -29, 43, -170, -151, -78, -68, -29, 24, 
-14, 39, 53, -12, -34, 46, -175, -151, -78, -63, -24, 34, 
-14, 48, 63, -17, -39, 56, -180, -156, -78, -58, -24, 39, 
-19, 43, 63, -12, -41, 53, -175, -151, -78, -53, -9, 39, 
-19, 43, 63, -12, -41, 53, -175, -156, -82, -53, 0, 43, 
-24, 48, 73, -12, -48, 61, -175, -161, -82, -48, 0, 48, 
-29, 53, 82, -12, -56, 68, -180, -161, -82, -43, 4, 53, 
-19, 73, 92, -26, -56, 82, -185, -170, -92, -39, 9, 53, 
-19, 73, 92, -26, -56, 82, -190, -170, -87, -34, 19, 58, 
-19, 78, 97, -29, -58, 87, -195, -170, -87, -34, 29, 63, 
-19, 78, 97, -29, -58, 87, -195, -180, -87, -34, 39, 68, 
-9, 92, 102, -41, -56, 97, -209, -185, -87, -34, 53, 73, 
-9, 97, 107, -43, -58, 102, -209, -185, -87, -34, 53, 78, 
-9, 97, 107, -43, -58, 102, -209, -185, -87, -34, 48, 78, 
-9, 102, 112, -46, -61, 107, -214, -185, -87, -34, 48, 78, 
-4, 102, 107, -48, -56, 104, -214, -185, -87, -34, 53, 68, 
-4, 97, 102, -46, -53, 100, -214, -190, -87, -29, 58, 73, 
-4, 92, 97, -43, -51, 95, -214, -190, -87, -29, 63, 73, 
-4, 87, 92, -41, -48, 90, -219, -190, -87, -29, 73, 78, 
-4, 87, 92, -41, -48, 90, -219, -190, -87, -29, 73, 78, 
-4, 87, 92, -41, -48, 90, -219, -190, -87, -29, 73, 82, 
-4, 82, 87, -39, -46, 85, -219, -190, -87, -29, 73, 82, 
0, 82, 82, -41, -41, 82, -219, -185, -82, -29, 73, 78, 
0, 82, 82, -41, -41, 82, -219, -195, -82, -29, 73, 78, 
-4, 82, 87, -39, -46, 85, -219, -195, -82, -34, 78, 73, 
-4, 82, 87, -39, -46, 85, -214, -195, -82, -34, 87, 73, 
-4, 82, 87, -39, -46, 85, -214, -190, -82, -34, 92, 73, 
0, 78, 78, -39, -39, 78, -214, -190, -82, -39, 92, 73, 
0, 78, 78, -39, -39, 78, -214, -190, -78, -39, 82, 68, 
0, 73, 73, -36, -36, 73, -209, -190, -73, -48, 78, 63, 
0, 73, 73, -36, -36, 73, -209, -190, -73, -48, 73, 63, 
-4, 63, 68, -29, -36, 65, -200, -190, -73, -58, 78, 58, 
-14, 58, 73, -21, -43, 65, -195, -190, -73, -58, 73, 53, 
-19, 53, 73, -17, -46, 63, -190, -180, -73, -63, 68, 48, 
-29, 43, 73, -7, -51, 58, -185, -175, -73, -68, 58, 43, 
-34, 29, 63, 2, -48, 46, -180, -175, -73, -78, 63, 48, 
-39, 19, 58, 9, -48, 39, -175, -175, -73, -87, 58, 39, 
-39, 14, 53, 12, -46, 34, -165, -165, -73, -92, 53, 34, 
-43, 0, 43, 21, -43, 21, -165, -165, -78, -97, 48, 24, 
-58, -9, 48, 34, -53, 19, -156, -156, -78, -102, 53, 24, 
-63, -9, 53, 36, -58, 21, -151, -151, -78, -107, 48, 24, 
-73, -19, 53, 46, -63, 17, -146, -146, -78, -117, 48, 14, 
-78, -29, 48, 53, -63, 9, -141, -146, -87, -126, 43, 0, 
-87, -29, 58, 58, -73, 14, -146, -156, -87, -131, 34, -4, 
-87, -39, 48, 63, -68, 4, -136, -151, -87, -141, 24, -19, 
-92, -48, 43, 70, -68, -2, -131, -146, -87, -156, 24, -34, 
-97, -53, 43, 75, -70, -4, -126, -141, -87, -165, 19, -43, 
-97, -73, 24, 85, -61, -24, -126, -136, -97, -170, 19, -48, 
-97, -78, 19, 87, -58, -29, -112, -136, -97, -185, 14, -43, 
-102, -82, 19, 92, -61, -31, -112, -136, -97, -195, 9, -48, 
-107, -87, 19, 97, -63, -34, -107, -131, -97, -195, 0, -43, 
-107, -92, 14, 100, -61, -39, -107, -122, -107, -190, -4, -68, 
-112, -97, 14, 104, -63, -41, -102, -122, -112, -195, -19, -73, 
-117, -107, 9, 112, -63, -48, -97, -122, -117, -200, -24, -73, 
-117, -112, 4, 114, -61, -53, -92, -122, -117, -200, -34, -82, 
-126, -126, 0, 126, -63, -63, -87, -126, -126, -224, -39, -97, 
-126, -131, -4, 129, -61, -68, -87, -117, -126, -224, -43, -102, 
-136, -136, 0, 136, -68, -68, -82, -112, -122, -229, -43, -107, 
-136, -136, 0, 136, -68, -68, -78, -112, -122, -234, -39, -107, 
-126, -141, -14, 134, -56, -78, -78, -117, -122, -244, -39, -97, 
-126, -146, -19, 136, -53, -82, -78, -117, -126, -248, -39, -107, 
-131, -156, -24, 143, -53, -90, -73, -117, -126, -248, -39, -107, 
-131, -156, -24, 143, -53, -90, -73, -112, -126, -253, -39, -112, 
-126, -146, -19, 136, -53, -82, -68, -107, -126, -253, -48, -122, 
-122, -151, -29, 136, -46, -90, -68, -107, -126, -253, -53, -122, 
-117, -151, -34, 134, -41, -92, -63, -107, -131, -258, -58, -122, 
-112, -151, -39, 131, -36, -95, -63, -112, -131, -258, -63, -122, 
-112, -165, -53, 139, -29, -109, -73, -112, -146, -263, -63, -126, 
-112, -161, -48, 136, -31, -104, -73, -112, -146, -263, -63, -131, 
-112, -175, -63, 143, -24, -119, -73, -107, -141, -263, -63, -131, 
-112, -180, -68, 146, -21, -124, -73, -107, -136, -263, -63, -131, 
-107, -165, -58, 136, -24, -112, -63, -107, -136, -263, -73, -131, 
-107, -165, -58, 136, -24, -112, -63, -107, -136, -258, -73, -131, 
-107, -170, -63, 139, -21, -117, -68, -112, -136, -258, -68, -131, 
-107, -170, -63, 139, -21, -117, -68, -112, -136, -258, -68, -131, 
-107, -180, -73, 143, -17, -126, -68, -102, -136, -258, -68, -122, 
-107, -180, -73, 143, -17, -126, -68, -102, -136, -258, -68, -122, 
-107, -180, -73, 143, -17, -126, -63, -102, -136, -253, -63, -122, 
-122, -180, -58, 151, -31, -119, -63, -102, -136, -253, -63, -122, 
-112, -170, -58, 141, -26, -114, -78, -112, -126, -244, -63, -107, 
-112, -170, -58, 141, -26, -114, -78, -112, -126, -244, -63, -107, 
-102, -165, -63, 134, -19, -114, -78, -112, -126, -244, -58, -107, 
-102, -165, -63, 134, -19, -114, -78, -107, -122, -244, -58, -107, 
-107, -175, -68, 141, -19, -122, -87, -117, -122, -234, -58, -107, 
-107, -175, -68, 141, -19, -122, -87, -117, -122, -229, -58, -107, 
-107, -170, -63, 139, -21, -117, -87, -117, -122, -229, -58, -107, 
-107, -165, -58, 136, -24, -112, -87, -117, -117, -234, -58, -107, 
-107, -165, -58, 136, -24, -112, -97, -112, -117, -234, -58, -97, 
-107, -165, -58, 136, -24, -112, -97, -112, -122, -229, -53, -97, 
-107, -165, -58, 136, -24, -112, -97, -112, -122, -229, -53, -97, 
-102, -165, -63, 134, -19, -114, -102, -117, -122, -229, -48, -87, 
-102, -161, -58, 131, -21, -109, -107, -117, -122, -219, -48, -87, 
-102, -161, -58, 131, -21, -109, -107, -117, -122, -219, -48, -87, 
-102, -161, -58, 131, -21, -109, -107, -117, -117, -224, -48, -87, 
-97, -161, -63, 129, -17, -112, -107, -117, -117, -224, -43, -87, 
-87, -151, -63, 119, -12, -107, -117, -126, -117, -209, -43, -82, 
-87, -151, -63, 119, -12, -107, -117, -126, -112, -209, -43, -82, 
-92, -151, -58, 122, -17, -104, -117, -126, -112, -209, -43, -82, 
-92, -151, -58, 122, -17, -104, -117, -131, -117, -209, -43, -82, 
-82, -161, -78, 122, -2, -119, -126, -141, -126, -219, -48, -92, 
-82, -161, -78, 122, -2, -119, -126, -141, -122, -219, -53, -92, 
-82, -161, -78, 122, -2, -119, -126, -141, -122, -219, -58, -92, 
-82, -161, -78, 122, -2, -119, -126, -141, -122, -219, -63, -92, 
-68, -161, -92, 114, 12, -126, -126, -141, -122, -219, -78, -82, 
-68, -161, -92, 114, 12, -126, -131, -141, -122, -219, -78, -82, 
-68, -161, -92, 114, 12, -126, -131, -141, -122, -219, -73, -82, 
-68, -161, -92, 114, 12, -126, -131, -141, -122, -219, -73, -82, 
-78, -170, -92, 124, 7, -131, -131, -141, -122, -209, -78, -73, 
-78, -170, -92, 124, 7, -131, -131, -141, -122, -209, -78, -78, 
-78, -170, -92, 124, 7, -131, -126, -136, -122, -209, -78, -78, 
-78, -170, -92, 124, 7, -131, -126, -136, -122, -209, -78, -78, 
-78, -175, -97, 126, 9, -136, -136, -136, -122, -209, -82, -87, 
-78, -175, -97, 126, 9, -136, -136, -136, -122, -214, -87, -87, 
-78, -180, -102, 129, 12, -141, -136, -136, -122, -219, -92, -92, 
-82, -180, -97, 131, 7, -139, -136, -136, -122, -219, -97, -92, 
-78, -170, -92, 124, 7, -131, -141, -136, -131, -209, -107, -82, 
-73, -175, -102, 124, 14, -139, -141, -136, -131, -214, -112, -82, 
-63, -175, -112, 119, 24, -143, -141, -136, -131, -219, -117, -82, 
-58, -180, -122, 119, 31, -151, -141, -136, -131, -224, -122, -82, 
-58, -180, -122, 119, 31, -151, -151, -146, -131, -224, -131, -92, 
-58, -180, -122, 119, 31, -151, -146, -146, -136, -224, -131, -92, 
-58, -180, -122, 119, 31, -151, -146, -146, -136, -224, -131, -92, 
-58, -180, -122, 119, 31, -151, -146, -146, -141, -229, -136, -92, 
-73, -204, -131, 139, 29, -168, -141, -136, -141, -229, -151, -92, 
-73, -204, -131, 139, 29, -168, -141, -136, -141, -229, -151, -92, 
-68, -204, -136, 136, 34, -170, -141, -136, -141, -234, -156, -92, 
-68, -204, -136, 136, 34, -170, -141, -136, -141, -234, -165, -92, 
-63, -195, -131, 129, 34, -163, -141, -146, -131, -224, -175, -92, 
-68, -195, -126, 131, 29, -161, -136, -146, -131, -224, -175, -92, 
-73, -200, -126, 136, 26, -163, -136, -146, -131, -224, -175, -92, 
-73, -204, -131, 139, 29, -168, -136, -146, -131, -224, -180, -92, 
-82, -214, -131, 148, 24, -173, -146, -146, -131, -224, -190, -92, 
-82, -214, -131, 148, 24, -173, -141, -141, -131, -224, -190, -92, 
-82, -214, -131, 148, 24, -173, -141, -141, -136, -224, -190, -97, 
-82, -219, -136, 151, 26, -178, -146, -141, -136, -224, -190, -102, 
-73, -229, -156, 151, 41, -192, -146, -131, -136, -224, -204, -102, 
-73, -224, -151, 148, 39, -187, -146, -131, -136, -224, -204, -107, 
-73, -224, -151, 148, 39, -187, -141, -131, -136, -224, -204, -107, 
-73, -224, -151, 148, 39, -187, -141, -131, -136, -224, -209, -107, 
-73, -239, -165, 156, 46, -202, -141, -131, -146, -229, -219, -102, 
-73, -244, -170, 158, 48, -207, -146, -136, -146, -229, -214, -102, 
-73, -248, -175, 161, 51, -212, -146, -136, -146, -229, -214, -102, 
-78, -248, -170, 163, 46, -209, -151, -136, -146, -229, -224, -107, 
-78, -234, -156, 156, 39, -195, -165, -136, -146, -234, -239, -117, 
-78, -234, -156, 156, 39, -195, -165, -131, -146, -234, -239, -117, 
-78, -239, -161, 158, 41, -200, -165, -131, -146, -234, -239, -117, 
-78, -248, -170, 163, 46, -209, -165, -131, -146, -229, -239, -117, 
-87, -253, -165, 170, 39, -209, -165, -131, -136, -229, -248, -117, 
-87, -258, -170, 173, 41, -214, -165, -131, -141, -234, -248, -112, 
-87, -263, -175, 175, 43, -219, -165, -131, -141, -234, -248, -107, 
-87, -268, -180, 178, 46, -224, -165, -131, -141, -234, -248, -107, 
-87, -263, -175, 175, 43, -219, -165, -131, -151, -234, -253, -102, 
-87, -263, -175, 175, 43, -219, -170, -131, -151, -234, -253, -102, 
-82, -258, -175, 170, 46, -217, -175, -131, -151, -234, -258, -102, 
-82, -258, -175, 170, 46, -217, -180, -126, -151, -234, -258, -102, 
-87, -248, -161, 168, 36, -204, -180, -136, -156, -224, -263, -102, 
-87, -253, -165, 170, 39, -209, -185, -136, -156, -224, -268, -107, 
-82, -253, -170, 168, 43, -212, -190, -136, -156, -224, -268, -107, 
-82, -253, -170, 168, 43, -212, -195, -136, -161, -229, -268, -107, 
-82, -263, -180, 173, 48, -222, -200, -126, -161, -239, -268, -107, 
-82, -268, -185, 175, 51, -226, -200, -126, -156, -239, -278, -107, 
-82, -268, -185, 175, 51, -226, -195, -126, -151, -234, -283, -107, 
-82, -268, -185, 175, 51, -226, -195, -126, -146, -234, -283, -112, 
-82, -273, -190, 178, 53, -231, -204, -136, -156, -224, -278, -112, 
-82, -273, -190, 178, 53, -231, -209, -136, -151, -224, -278, -112, 
-82, -273, -190, 178, 53, -231, -209, -136, -151, -229, -278, -112, 
-82, -278, -195, 180, 56, -236, -209, -136, -151, -229, -283, -112, 
-87, -278, -190, 183, 51, -234, -224, -131, -151, -219, -283, -107, 
-87, -278, -190, 183, 51, -234, -229, -131, -151, -219, -283, -107, 
-87, -278, -190, 183, 51, -234, -229, -126, -151, -219, -278, -107, 
-87, -278, -190, 183, 51, -234, -234, -126, -161, -219, -278, -107, 
-97, -287, -190, 192, 46, -239, -234, -126, -151, -209, -287, -107, 
-97, -287, -190, 192, 46, -239, -234, -131, -151, -209, -287, -107, 
-97, -287, -190, 192, 46, -239, -239, -131, -151, -214, -287, -112, 
-92, -287, -195, 190, 51, -241, -239, -131, -146, -214, -287, -112, 
-87, -273, -185, 180, 48, -229, -239, -141, -151, -224, -287, -112, 
-82, -273, -190, 178, 53, -231, -239, -141, -151, -224, -287, -112, 
-78, -273, -195, 175, 58, -234, -239, -141, -151, -224, -292, -112, 
-73, -273, -200, 173, 63, -236, -239, -141, -156, -224, -292, -112, 
-73, -287, -214, 180, 70, -251, -248, -131, -146, -224, -297, -102, 
-73, -287, -214, 180, 70, -251, -248, -131, -146, -224, -297, -102, 
-73, -287, -214, 180, 70, -251, -248, -131, -146, -224, -297, -102, 
-73, -287, -214, 180, 70, -251, -248, -131, -151, -224, -297, -102, 
-82, -287, -204, 185, 61, -246, -258, -131, -161, -214, -292, -112, 
-82, -287, -204, 185, 61, -246, -258, -131, -156, -214, -292, -112, 
-82, -287, -204, 185, 61, -246, -258, -131, -156, -219, -292, -112, 
-87, -287, -200, 187, 56, -244, -258, -131, -161, -219, -292, -112, 
-78, -287, -209, 183, 65, -248, -268, -141, -161, -219, -297, -112, 
-78, -287, -209, 183, 65, -248, -268, -141, -156, -219, -297, -112, 
-82, -283, -200, 183, 58, -241, -268, -141, -156, -219, -297, -112, 
-82, -283, -200, 183, 58, -241, -268, -141, -156, -214, -297, -117, 
-78, -292, -214, 185, 68, -253, -268, -141, -156, -224, -302, -107, 
-78, -292, -214, 185, 68, -253, -268, -141, -156, -224, -302, -102, 
-78, -292, -214, 185, 68, -253, -263, -136, -151, -224, -302, -102, 
-78, -297, -219, 187, 70, -258, -263, -136, -151, -224, -302, -102, 
-87, -297, -209, 192, 61, -253, -263, -136, -151, -214, -302, -102, 
-87, -297, -209, 192, 61, -253, -263, -136, -151, -219, -302, -102, 
-87, -297, -209, 192, 61, -253, -263, -136, -151, -219, -302, -102, 
-92, -297, -204, 195, 56, -251, -263, -136, -151, -214, -302, -102, 
-92, -287, -195, 190, 51, -241, -273, -136, -161, -219, -302, -112, 
-87, -292, -204, 190, 58, -248, -273, -136, -161, -214, -307, -112, 
-82, -292, -209, 187, 63, -251, -273, -141, -161, -214, -307, -107, 
-82, -297, -214, 190, 65, -256, -273, -141, -161, -219, -307, -107, 
-82, -287, -204, 185, 61, -246, -263, -131, -151, -209, -307, -97, 
-78, -283, -204, 180, 63, -244, -263, -131, -151, -209, -307, -97, 
-78, -283, -204, 180, 63, -244, -263, -131, -151, -209, -307, -92, 
-78, -283, -204, 180, 63, -244, -263, -131, -151, -209, -307, -92, 
-78, -292, -214, 185, 68, -253, -263, -131, -141, -200, -307, -102, 
-78, -292, -214, 185, 68, -253, -263, -131, -141, -200, -307, -102, 
-78, -292, -214, 185, 68, -253, -263, -131, -141, -200, -307, -102, 
-78, -297, -219, 187, 70, -258, -263, -131, -141, -200, -307, -102, 
-73, -297, -224, 185, 75, -261, -263, -141, -146, -209, -302, -92, 
-73, -292, -219, 183, 73, -256, -263, -141, -151, -204, -307, -92, 
-73, -292, -219, 183, 73, -256, -263, -141, -156, -204, -312, -92, 
-78, -287, -209, 183, 65, -248, -263, -141, -156, -204, -312, -92, 
-87, -297, -209, 192, 61, -253, -263, -141, -156, -214, -317, -102, 
-87, -297, -209, 192, 61, -253, -263, -141, -156, -214, -317, -102, 
-87, -297, -209, 192, 61, -253, -263, -141, -156, -214, -317, -102, 
-87, -302, -214, 195, 63, -258, -263, -141, -156, -214, -317, -102, 
-82, -292, -209, 187, 63, -251, -253, -141, -141, -204, -326, -92, 
-78, -287, -209, 183, 65, -248, -253, -136, -141, -204, -326, -92, 
-73, -278, -204, 175, 65, -241, -253, -131, -136, -204, -326, -92, 
-68, -278, -209, 173, 70, -244, -253, -126, -136, -204, -326, -92, 
-68, -283, -214, 175, 73, -248, -268, -136, -146, -209, -326, -92, 
-73, -283, -209, 178, 68, -246, -273, -141, -146, -214, -331, -102, 
-68, -283, -214, 175, 73, -248, -273, -146, -146, -214, -341, -107, 
-78, -283, -204, 180, 63, -244, -263, -146, -146, -204, -331, -102, 
-78, -283, -204, 180, 63, -244, -263, -146, -146, -204, -331, -97, 
-78, -283, -204, 180, 63, -244, -263, -146, -146, -204, -331, -92, 
-78, -283, -204, 180, 63, -244, -263, -146, -146, -204, -331, -87, 
-68, -283, -214, 175, 73, -248, -263, -136, -146, -204, -331, -87, 
-68, -283, -214, 175, 73, -248, -263, -136, -146, -204, -331, -87, 
-68, -283, -214, 175, 73, -248, -263, -136, -146, -204, -331, -87, 
-68, -283, -214, 175, 73, -248, -263, -136, -146, -204, -331, -87, 
-78, -292, -214, 185, 68, -253, -253, -146, -146, -204, -341, -87, 
-78, -292, -214, 185, 68, -253, -253, -146, -146, -204, -341, -87, 
-78, -292, -214, 185, 68, -253, -253, -146, -146, -204, -341, -87, 
-78, -292, -214, 185, 68, -253, -253, -146, -146, -204, -341, -87, 
-78, -292, -214, 185, 68, -253, -263, -156, -156, -204, -341, -97, 
-78, -292, -214, 185, 68, -253, -263, -156, -156, -204, -341, -97, 
-78, -292, -214, 185, 68, -253, -263, -156, -156, -204, -341, -97, 
-78, -292, -214, 185, 68, -253, -263, -156, -156, -204, -341, -97, 
-78, -292, -214, 185, 68, -253, -253, -146, -156, -204, -351, -97, 
-78, -292, -214, 185, 68, -253, -253, -146, -156, -204, -351, -97, 
-78, -292, -214, 185, 68, -253, -253, -146, -156, -204, -351, -97, 
-78, -292, -214, 185, 68, -253, -253, -146, -156, -204, -351, -97, 
-68, -283, -214, 175, 73, -248, -253, -146, -156, -204, -341, -87, 
-68, -283, -214, 175, 73, -248, -253, -146, -156, -204, -341, -87, 
-68, -283, -214, 175, 73, -248, -253, -146, -156, -204, -341, -87, 
-68, -283, -214, 175, 73, -248, -253, -146, -156, -204, -341, -87, 
-68, -273, -204, 170, 68, -239, -244, -156, -156, -204, -351, -87, 
-68, -273, -204, 170, 68, -239, -244, -156, -156, -204, -351, -87, 
-68, -273, -204, 170, 68, -239, -244, -156, -156, -204, -351, -87, 
-68, -273, -204, 170, 68, -239, -244, -156, -156, -204, -351, -87, 
-68, -283, -214, 175, 73, -248, -244, -146, -156, -195, -351, -78, 
-68, -283, -214, 175, 73, -248, -244, -146, -156, -195, -351, -78, 
-68, -283, -214, 175, 73, -248, -244, -146, -156, -195, -351, -78, 
-68, -283, -214, 175, 73, -248, -244, -146, -156, -195, -351, -78, 
-78, -273, -195, 175, 58, -234, -244, -156, -156, -195, -351, -87, 
-78, -273, -195, 175, 58, -234, -244, -156, -156, -195, -351, -87, 
-78, -273, -195, 175, 58, -234, -244, -156, -156, -195, -351, -87, 
-78, -273, -195, 175, 58, -234, -244, -156, -156, -195, -351, -87, 
-68, -268, -200, 168, 65, -234, -244, -156, -151, -190, -341, -82, 
-68, -263, -195, 165, 63, -229, -244, -156, -146, -185, -341, -78, 
-68, -258, -190, 163, 61, -224, -244, -156, -141, -180, -341, -73, 
-68, -253, -185, 161, 58, -219, -244, -156, -136, -175, -341, -68, 
-68, -239, -170, 153, 51, -204, -248, -161, -122, -165, -336, -58, 
-68, -234, -165, 151, 48, -200, -253, -165, -117, -165, -331, -58, 
-68, -229, -161, 148, 46, -195, -258, -170, -112, -165, -326, -58, 
-68, -224, -156, 146, 43, -190, -263, -175, -107, -165, -322, -58, 
-68, -214, -146, 141, 39, -180, -273, -185, -92, -151, -307, -43, 
-68, -204, -136, 136, 34, -170, -273, -185, -87, -146, -302, -39, 
-68, -195, -126, 131, 29, -161, -273, -185, -82, -141, -297, -34, 
-68, -185, -117, 126, 24, -151, -273, -185, -78, -136, -292, -29, 
-58, -180, -122, 119, 31, -151, -273, -185, -73, -136, -297, -24, 
-58, -180, -122, 119, 31, -151, -283, -190, -63, -131, -292, -19, 
-58, -170, -112, 114, 26, -141, -287, -195, -63, -131, -292, -19, 
-53, -156, -102, 104, 24, -129, -302, -200, -63, -131, -287, -19, 
-63, -151, -87, 107, 12, -119, -322, -224, -53, -131, -273, -9, 
-63, -141, -78, 102, 7, -109, -326, -229, -48, -122, -268, -9, 
-63, -126, -63, 95, 0, -95, -331, -234, -48, -117, -268, 0, 
-63, -122, -58, 92, -2, -90, -341, -244, -43, -117, -268, 4, 
-53, -112, -58, 82, 2, -85, -351, -248, -53, -107, -273, 9, 
-53, -102, -48, 78, -2, -75, -361, -253, -53, -97, -268, 9, 
-48, -92, -43, 70, -2, -68, -370, -263, -53, -97, -268, 14, 
-48, -92, -43, 70, -2, -68, -380, -263, -53, -97, -263, 14, 
-48, -112, -63, 80, 7, -87, -380, -253, -68, -107, -273, 14, 
-48, -112, -63, 80, 7, -87, -380, -253, -68, -107, -273, 14, 
-48, -107, -58, 78, 4, -82, -370, -258, -68, -107, -268, 14, 
-43, -107, -63, 75, 9, -85, -370, -258, -68, -107, -268, 19, 
-39, -97, -58, 68, 9, -78, -361, -258, -58, -97, -258, 19, 
-39, -97, -58, 68, 9, -78, -356, -258, -58, -92, -258, 19, 
-24, -97, -73, 61, 24, -85, -356, -253, -63, -92, -258, 19, 
-24, -107, -82, 65, 29, -95, -351, -248, -73, -97, -263, 14, 
-19, -126, -107, 73, 43, -117, -336, -229, -82, -102, -268, 4, 
-9, -136, -126, 73, 58, -131, -322, -219, -92, -112, -273, 4, 
-9, -156, -146, 82, 68, -151, -312, -209, -102, -122, -287, -4, 
-4, -180, -175, 92, 85, -178, -302, -200, -122, -131, -302, -14, 
-4, -175, -170, 90, 82, -173, -297, -204, -126, -131, -297, -9, 
-9, -190, -180, 100, 85, -185, -297, -204, -131, -131, -297, -14, 
-14, -195, -180, 104, 82, -187, -297, -200, -126, -131, -302, -14, 
-14, -209, -195, 112, 90, -202, -292, -195, -122, -136, -307, -19, 
-19, -219, -200, 119, 90, -209, -287, -195, -136, -141, -312, -19, 
-29, -224, -195, 126, 82, -209, -278, -190, -136, -141, -312, -24, 
-43, -234, -190, 139, 73, -212, -273, -190, -141, -146, -312, -29, 
-53, -234, -180, 143, 63, -207, -268, -185, -146, -151, -317, -34, 
-58, -244, -185, 151, 63, -214, -268, -185, -156, -156, -322, -34, 
-63, -253, -190, 158, 63, -222, -263, -185, -161, -161, -326, -39, 
-68, -258, -190, 163, 61, -224, -258, -185, -165, -165, -331, -48, 
-73, -268, -195, 170, 61, -231, -258, -180, -170, -170, -341, -53, 
-68, -278, -209, 173, 70, -244, -244, -190, -170, -165, -356, -58, 
-68, -283, -214, 175, 73, -248, -239, -185, -170, -170, -356, -68, 
-63, -292, -229, 178, 82, -261, -234, -185, -170, -170, -356, -73, 
-58, -302, -244, 180, 92, -273, -229, -180, -175, -175, -366, -78, 
-63, -312, -248, 187, 92, -280, -224, -175, -190, -185, -375, -78, 
-68, -312, -244, 190, 87, -278, -219, -170, -195, -185, -375, -78, 
-73, -326, -253, 200, 90, -290, -219, -170, -195, -190, -380, -78, 
-78, -326, -248, 202, 85, -287, -219, -170, -195, -195, -385, -82, 
-78, -317, -239, 197, 80, -278, -219, -170, -204, -185, -385, -82, 
-78, -317, -239, 197, 80, -278, -219, -165, -204, -185, -385, -82, 
-73, -317, -244, 195, 85, -280, -214, -165, -204, -190, -390, -82, 
-73, -317, -244, 195, 85, -280, -214, -165, -204, -190, -390, -82, 
-78, -322, -244, 200, 82, -283, -219, -165, -204, -190, -400, -87, 
-82, -326, -244, 204, 80, -285, -219, -165, -204, -195, -400, -87, 
-82, -331, -248, 207, 82, -290, -214, -165, -209, -200, -409, -87, 
-82, -331, -248, 207, 82, -290, -214, -165, -209, -200, -409, -87, 
-92, -341, -248, 217, 78, -295, -209, -165, -209, -190, -395, -78, 
-97, -336, -239, 217, 70, -287, -209, -165, -209, -190, -395, -82, 
-97, -336, -239, 217, 70, -287, -209, -165, -209, -185, -395, -82, 
-97, -336, -239, 217, 70, -287, -204, -165, -209, -185, -395, -82, 
-102, -346, -244, 224, 70, -295, -204, -156, -219, -190, -395, -87, 
-102, -346, -244, 224, 70, -295, -204, -156, -224, -195, -400, -87, 
-107, -356, -248, 231, 70, -302, -204, -151, -224, -195, -400, -92, 
-107, -361, -253, 234, 73, -307, -204, -151, -224, -190, -400, -92, 
-102, -356, -253, 229, 75, -305, -214, -161, -219, -190, -400, -82, 
-97, -351, -253, 224, 78, -302, -209, -161, -219, -190, -400, -82, 
-92, -341, -248, 217, 78, -295, -209, -161, -219, -190, -400, -82, 
-82, -336, -253, 209, 85, -295, -209, -161, -219, -190, -400, -82, 
-73, -341, -268, 207, 97, -305, -209, -161, -209, -180, -400, -82, 
-73, -341, -268, 207, 97, -305, -214, -161, -209, -180, -400, -82, 
-73, -346, -273, 209, 100, -309, -214, -161, -214, -180, -405, -82, 
-73, -346, -273, 209, 100, -309, -209, -165, -214, -175, -405, -82, 
-82, -346, -263, 214, 90, -305, -209, -165, -224, -175, -405, -82, 
-82, -341, -258, 212, 87, -300, -214, -161, -224, -175, -405, -82, 
-82, -341, -258, 212, 87, -300, -214, -161, -224, -175, -405, -82, 
-82, -341, -258, 212, 87, -300, -214, -161, -219, -175, -405, -82, 
-82, -331, -248, 207, 82, -290, -204, -170, -219, -175, -400, -82, 
-82, -331, -248, 207, 82, -290, -204, -170, -214, -175, -400, -82, 
-82, -331, -248, 207, 82, -290, -204, -170, -214, -175, -400, -82, 
-78, -331, -253, 204, 87, -292, -204, -170, -214, -175, -400, -82, 
-78, -331, -253, 204, 87, -292, -204, -161, -214, -165, -400, -73, 
-87, -331, -244, 209, 78, -287, -204, -165, -224, -165, -409, -63, 
-87, -331, -244, 209, 78, -287, -200, -161, -224, -165, -405, -73, 
-87, -341, -253, 214, 82, -297, -195, -156, -214, -165, -405, -78, 
-73, -346, -273, 209, 100, -309, -185, -141, -214, -165, -409, -73, 
-63, -356, -292, 209, 114, -324, -170, -122, -209, -175, -419, -82, 
-68, -375, -307, 222, 119, -341, -151, -78, -185, -165, -429, -107, 
-58, -390, -331, 224, 136, -361, -131, -14, -151, -156, -434, -122, 
-68, -409, -341, 239, 136, -375, -102, 43, -112, -156, -429, -131, 
-68, -409, -341, 239, 136, -375, -73, 107, -68, -146, -444, -161, 
-58, -395, -336, 226, 139, -366, -43, 151, -19, -122, -434, -161, 
-58, -385, -326, 222, 134, -356, -34, 161, 24, -92, -414, -131, 
-68, -356, -287, 212, 109, -322, -43, 156, 48, -87, -419, -117, 
-63, -287, -224, 175, 80, -256, -68, 117, 58, -58, -400, -92, 
-39, -209, -170, 124, 65, -190, -112, 58, 48, -9, -336, -24, 
-29, -82, -53, 56, 12, -68, -180, -39, 58, 68, -244, 78, 
-34, 92, 126, -29, -80, 109, -283, -185, 97, 175, -112, 214, 
-24, 283, 307, -129, -165, 295, -395, -375, 102, 268, 24, 375, 
4, 448, 444, -226, -219, 446, -522, -566, 48, 341, 146, 527, 
34, 556, 522, -295, -244, 539, -624, -722, -48, 400, 248, 649, 
92, 639, 546, -366, -226, 592, -712, -824, -185, 424, 322, 761, 
161, 751, 590, -456, -214, 671, -829, -961, -336, 448, 400, 878, 
224, 858, 634, -541, -204, 746, -966, -1107, -551, 473, 483, 1019, 
278, 951, 673, -614, -197, 812, -1073, -1215, -824, 453, 546, 1146, 
322, 1029, 707, -675, -192, 868, -1156, -1273, -1058, 429, 590, 1244, 
331, 1078, 746, -705, -207, 912, -1220, -1302, -1239, 409, 624, 1307, 
341, 1073, 732, -707, -195, 902, -1229, -1293, -1371, 351, 624, 1322, 
341, 927, 585, -634, -122, 756, -1166, -1205, -1478, 248, 517, 1220, 
326, 717, 390, -522, -31, 553, -1078, -1088, -1551, 131, 385, 1068, 
312, 551, 239, -431, 36, 395, -1010, -980, -1590, 39, 287, 946, 
287, 429, 141, -358, 73, 285, -956, -893, -1581, -43, 185, 829, 
263, 297, 34, -280, 114, 165, -888, -790, -1537, -117, 73, 707, 
248, 161, -87, -204, 168, 36, -805, -683, -1473, -180, -39, 566, 
209, 29, -180, -119, 195, -75, -717, -570, -1400, -244, -146, 434, 
151, -97, -248, -26, 200, -173, -619, -478, -1298, -312, -258, 297, 
87, -214, -302, 63, 195, -258, -502, -356, -1176, -366, -370, 151, 
53, -302, -356, 124, 204, -329, -409, -263, -1063, -409, -468, 14, 
19, -375, -395, 178, 207, -385, -341, -185, -946, -419, -531, -78, 
-14, -429, -414, 222, 200, -422, -283, -117, -805, -405, -546, -126, 
-29, -444, -414, 236, 192, -429, -234, -68, -702, -370, -536, -141, 
-24, -444, -419, 234, 197, -431, -200, -43, -629, -341, -546, -141, 
-24, -448, -424, 236, 200, -436, -180, -9, -561, -322, -536, -141, 
-39, -458, -419, 248, 190, -439, -170, 19, -488, -307, -522, -112, 
-63, -444, -380, 253, 158, -412, -146, 19, -419, -273, -507, -107, 
-63, -414, -351, 239, 143, -383, -141, 19, -370, -234, -488, -107, 
-63, -395, -331, 229, 134, -363, -141, 4, -326, -195, -458, -97, 
-43, -370, -326, 207, 141, -348, -146, -9, -312, -165, -429, -82, 
-53, -341, -287, 197, 117, -314, -161, -19, -297, -136, -419, -58, 
-53, -317, -263, 185, 104, -290, -175, -39, -278, -136, -409, -48, 
-53, -322, -268, 187, 107, -295, -180, -63, -268, -126, -390, -39, 
-58, -322, -263, 190, 102, -292, -195, -97, -263, -131, -400, -43, 
-58, -322, -263, 190, 102, -292, -185, -107, -244, -141, -405, -43, 
-63, -326, -263, 195, 100, -295, -165, -117, -219, -141, -419, -48, 
-68, -326, -258, 197, 95, -292, -161, -126, -204, -136, -424, -48, 
-73, -346, -273, 209, 100, -309, -165, -126, -204, -131, -419, -48, 
-73, -346, -273, 209, 100, -309, -170, -131, -204, -136, -429, -58, 
-78, -346, -268, 212, 95, -307, -170, -131, -204, -126, -424, -58, 
-78, -341, -263, 209, 92, -302, -175, -146, -200, -122, -424, -53, 
-73, -331, -258, 202, 92, -295, -180, -161, -200, -122, -419, -48, 
-78, -331, -253, 204, 87, -292, -170, -161, -200, -122, -409, -39, 
-82, -326, -244, 204, 80, -285, -180, -170, -200, -122, -409, -39, 
-87, -331, -244, 209, 78, -287, -180, -170, -195, -117, -409, -43, 
-97, -341, -244, 219, 73, -292, -175, -165, -180, -112, -409, -43, 
-102, -341, -239, 222, 68, -290, -185, -165, -190, -112, -414, -53, 
-102, -341, -239, 222, 68, -290, -185, -165, -185, -112, -419, -53, 
-102, -341, -239, 222, 68, -290, -180, -161, -185, -112, -419, -53, 
-97, -341, -244, 219, 73, -292, -180, -161, -185, -107, -419, -53, 
-97, -331, -234, 214, 68, -283, -185, -170, -175, -102, -424, -53, 
-97, -331, -234, 214, 68, -283, -185, -175, -175, -97, -424, -48, 
-92, -322, -229, 207, 68, -275, -185, -175, -175, -97, -424, -48, 
-92, -322, -229, 207, 68, -275, -185, -175, -175, -97, -424, -48, 
-92, -322, -229, 207, 68, -275, -175, -165, -175, -87, -419, -39, 
-92, -322, -229, 207, 68, -275, -175, -170, -175, -87, -414, -34, 
-92, -317, -224, 204, 65, -270, -175, -170, -175, -87, -409, -34, 
-92, -317, -224, 204, 65, -270, -175, -170, -175, -87, -405, -34, 
-92, -317, -224, 204, 65, -270, -175, -170, -161, -87, -414, -43, 
-92, -317, -224, 204, 65, -270, -175, -170, -161, -87, -414, -43, 
-92, -317, -224, 204, 65, -270, -175, -175, -165, -82, -414, -48, 
-92, -317, -224, 204, 65, -270, -175, -175, -165, -82, -409, -48, 
-102, -317, -214, 209, 56, -265, -175, -175, -156, -73, -419, -34, 
-102, -307, -204, 204, 51, -256, -180, -180, -151, -73, -419, -34, 
-102, -307, -204, 204, 51, -256, -180, -185, -151, -73, -419, -29, 
-102, -307, -204, 204, 51, -256, -180, -185, -146, -73, -419, -29, 
-102, -307, -204, 204, 51, -256, -190, -190, -156, -73, -429, -29, 
-102, -307, -204, 204, 51, -256, -190, -190, -156, -73, -429, -29, 
-102, -307, -204, 204, 51, -256, -190, -190, -156, -73, -429, -29, 
-102, -307, -204, 204, 51, -256, -190, -190, -156, -73, -429, -29, 
-102, -307, -204, 204, 51, -256, -190, -190, -156, -68, -419, -29, 
-102, -302, -200, 202, 48, -251, -195, -190, -156, -63, -419, -24, 
-102, -302, -200, 202, 48, -251, -195, -190, -151, -63, -419, -24, 
-97, -302, -204, 200, 53, -253, -195, -195, -151, -63, -419, -24, 
-92, -287, -195, 190, 51, -241, -195, -185, -151, -53, -429, -24, 
-87, -287, -200, 187, 56, -244, -195, -185, -151, -53, -429, -19, 
-82, -287, -204, 185, 61, -246, -195, -190, -151, -53, -429, -19, 
-78, -283, -204, 180, 63, -244, -200, -190, -151, -53, -429, -19, 
-87, -283, -195, 185, 53, -239, -209, -204, -141, -63, -419, -9, 
-87, -283, -195, 185, 53, -239, -204, -204, -141, -63, -419, -9, 
-87, -283, -195, 185, 53, -239, -204, -204, -141, -58, -419, -9, 
-87, -283, -195, 185, 53, -239, -209, -204, -141, -58, -419, -9, 
-87, -283, -195, 185, 53, -239, -200, -204, -141, -53, -419, -9, 
-82, -278, -195, 180, 56, -236, -200, -204, -141, -48, -419, -4, 
-82, -278, -195, 180, 56, -236, -200, -204, -136, -43, -424, -4, 
-87, -273, -185, 180, 48, -229, -204, -204, -136, -39, -424, 0, 
-78, -263, -185, 170, 53, -224, -214, -209, -146, -48, -414, 0, 
-78, -258, -180, 168, 51, -219, -214, -209, -141, -43, -414, 0, 
-78, -253, -175, 165, 48, -214, -209, -209, -141, -43, -414, 0, 
-78, -253, -175, 165, 48, -214, -209, -209, -141, -39, -414, 0, 
-78, -263, -185, 170, 53, -224, -219, -214, -141, -24, -414, -9, 
-78, -258, -180, 168, 51, -219, -219, -214, -141, -24, -409, -4, 
-78, -258, -180, 168, 51, -219, -219, -209, -141, -24, -400, -4, 
-78, -263, -185, 170, 53, -224, -219, -209, -141, -24, -400, -4, 
-78, -253, -175, 165, 48, -214, -219, -219, -141, -24, -409, -4, 
-82, -253, -170, 168, 43, -212, -219, -219, -141, -19, -409, 0, 
-87, -253, -165, 170, 39, -209, -219, -219, -136, -9, -409, 0, 
-92, -248, -156, 170, 31, -202, -224, -219, -136, -9, -409, 9, 
-82, -239, -156, 161, 36, -197, -224, -219, -136, -9, -409, 9, 
-82, -234, -151, 158, 34, -192, -224, -219, -141, -9, -409, 4, 
-82, -229, -146, 156, 31, -187, -229, -219, -141, -4, -409, 4, 
-78, -229, -151, 153, 36, -190, -229, -219, -136, -4, -405, 14, 
-78, -234, -156, 156, 39, -195, -229, -214, -136, 4, -390, 14, 
-78, -234, -156, 156, 39, -195, -234, -219, -136, 4, -385, 14, 
-78, -234, -156, 156, 39, -195, -234, -219, -136, 14, -385, 19, 
-78, -234, -156, 156, 39, -195, -229, -219, -131, 19, -385, 29, 
-78, -219, -141, 148, 31, -180, -229, -229, -131, 19, -385, 34, 
-73, -214, -141, 143, 34, -178, -234, -229, -131, 19, -380, 34, 
-73, -209, -136, 141, 31, -173, -239, -234, -131, 14, -380, 39, 
-73, -209, -136, 141, 31, -173, -239, -234, -131, 9, -375, 48, 
-73, -209, -136, 141, 31, -173, -248, -234, -131, 24, -385, 43, 
-73, -200, -126, 136, 26, -163, -248, -234, -131, 24, -375, 43, 
-73, -195, -122, 134, 24, -158, -253, -239, -131, 29, -375, 43, 
-68, -195, -126, 131, 29, -161, -258, -239, -131, 34, -366, 53, 
-73, -200, -126, 136, 26, -163, -248, -248, -131, 39, -366, 63, 
-78, -190, -112, 134, 17, -151, -253, -248, -131, 39, -366, 63, 
-73, -185, -112, 129, 19, -148, -258, -248, -126, 48, -361, 73, 
-78, -185, -107, 131, 14, -146, -258, -248, -126, 53, -356, 78, 
-78, -180, -102, 129, 12, -141, -268, -248, -126, 53, -351, 82, 
-73, -165, -92, 119, 9, -129, -268, -253, -126, 58, -351, 82, 
-58, -156, -97, 107, 19, -126, -268, -253, -126, 58, -351, 87, 
-53, -151, -97, 102, 21, -124, -278, -253, -126, 63, -346, 92, 
-58, -146, -87, 102, 14, -117, -273, -263, -122, 78, -331, 97, 
-58, -141, -82, 100, 12, -112, -278, -268, -122, 82, -326, 102, 
-58, -131, -73, 95, 7, -102, -283, -268, -117, 87, -322, 107, 
-48, -122, -73, 85, 12, -97, -287, -268, -112, 92, -322, 117, 
-48, -122, -73, 85, 12, -97, -292, -268, -112, 102, -302, 122, 
-48, -117, -68, 82, 9, -92, -297, -273, -107, 107, -297, 131, 
-48, -107, -58, 78, 4, -82, -302, -278, -107, 112, -292, 141, 
-48, -97, -48, 73, 0, -73, -307, -283, -112, 122, -287, 141, 
-34, -87, -53, 61, 9, -70, -307, -278, -122, 112, -283, 156, 
-34, -78, -43, 56, 4, -61, -312, -283, -122, 117, -278, 165, 
-24, -73, -48, 48, 12, -61, -312, -283, -122, 126, -273, 175, 
-24, -68, -43, 46, 9, -56, -317, -283, -122, 136, -263, 175, 
-29, -63, -34, 46, 2, -48, -336, -292, -122, 151, -253, 185, 
-29, -53, -24, 41, -2, -39, -341, -302, -122, 156, -248, 195, 
-24, -43, -19, 34, -2, -31, -346, -312, -122, 161, -239, 195, 
-19, -34, -14, 26, -2, -24, -351, -322, -122, 165, -234, 204, 
-14, -39, -24, 26, 4, -31, -351, -322, -122, 161, -239, 204, 
-14, -34, -19, 24, 2, -26, -356, -322, -122, 165, -234, 209, 
-9, -24, -14, 17, 2, -19, -366, -326, -122, 170, -224, 219, 
-4, -14, -9, 9, 2, -12, -370, -331, -122, 175, -214, 224, 
0, 9, 9, -4, -4, 9, -375, -336, -122, 190, -204, 244, 
0, 9, 9, -4, -4, 9, -375, -336, -117, 195, -195, 248, 
0, 9, 9, -4, -4, 9, -380, -336, -117, 200, -190, 258, 
4, 19, 14, -12, -4, 17, -385, -341, -117, 204, -190, 263, 
14, 24, 9, -19, 2, 17, -390, -346, -126, 209, -195, 263, 
19, 24, 4, -21, 7, 14, -390, -351, -131, 209, -185, 268, 
19, 29, 9, -24, 4, 19, -390, -356, -131, 214, -185, 273, 
19, 34, 14, -26, 2, 24, -395, -356, -131, 219, -180, 278, 
29, 53, 24, -41, 2, 39, -409, -366, -131, 224, -180, 278, 
29, 53, 24, -41, 2, 39, -414, -366, -126, 229, -175, 283, 
29, 58, 29, -43, 0, 43, -419, -366, -126, 229, -170, 287, 
29, 58, 29, -43, 0, 43, -419, -375, -126, 229, -165, 292, 
29, 73, 43, -51, -7, 58, -414, -370, -117, 239, -151, 297, 
29, 78, 48, -53, -9, 63, -414, -370, -117, 239, -151, 302, 
29, 78, 48, -53, -9, 63, -414, -370, -117, 239, -156, 302, 
29, 82, 53, -56, -12, 68, -419, -370, -117, 239, -156, 302, 
24, 78, 53, -51, -14, 65, -419, -380, -117, 239, -165, 302, 
24, 78, 53, -51, -14, 65, -419, -385, -117, 244, -165, 307, 
24, 78, 53, -51, -14, 65, -419, -385, -117, 244, -165, 307, 
24, 78, 53, -51, -14, 65, -424, -385, -117, 244, -161, 312, 
14, 87, 73, -51, -29, 80, -424, -385, -107, 244, -161, 322, 
14, 87, 73, -51, -29, 80, -424, -385, -107, 244, -161, 326, 
14, 82, 68, -48, -26, 75, -424, -385, -107, 244, -161, 326, 
19, 82, 63, -51, -21, 73, -424, -380, -102, 244, -161, 322, 
24, 82, 58, -53, -17, 70, -434, -380, -112, 244, -175, 312, 
24, 82, 58, -53, -17, 70, -434, -380, -112, 239, -175, 307, 
29, 82, 53, -56, -12, 68, -429, -380, -112, 239, -170, 307, 
34, 82, 48, -58, -7, 65, -429, -375, -112, 239, -170, 307, 
29, 78, 48, -53, -9, 63, -419, -375, -112, 224, -170, 317, 
19, 78, 58, -48, -19, 68, -419, -375, -107, 224, -180, 312, 
9, 73, 63, -41, -26, 68, -414, -375, -102, 214, -185, 307, 
0, 73, 73, -36, -36, 73, -414, -375, -102, 214, -190, 307, 
4, 73, 68, -39, -31, 70, -414, -385, -102, 204, -204, 292, 
4, 68, 63, -36, -29, 65, -409, -385, -102, 204, -209, 287, 
9, 63, 53, -36, -21, 58, -405, -375, -102, 200, -214, 283, 
9, 53, 43, -31, -17, 48, -400, -370, -102, 195, -224, 278, 
-4, 48, 53, -21, -29, 51, -395, -361, -112, 185, -229, 283, 
-9, 39, 48, -14, -29, 43, -390, -361, -112, 175, -234, 273, 
-9, 34, 43, -12, -26, 39, -380, -351, -112, 170, -239, 268, 
-14, 19, 34, -2, -24, 26, -380, -351, -117, 165, -244, 258, 
-19, 9, 29, 4, -24, 19, -370, -361, -117, 161, -248, 248, 
-24, 9, 34, 7, -29, 21, -366, -356, -117, 156, -263, 248, 
-34, 0, 34, 17, -34, 17, -361, -351, -117, 146, -273, 239, 
-39, -9, 29, 24, -34, 9, -356, -351, -126, 136, -287, 224, 
-48, 0, 48, 24, -48, 24, -351, -351, -126, 131, -287, 214, 
-48, -9, 39, 29, -43, 14, -341, -346, -126, 122, -297, 204, 
-53, -19, 34, 36, -43, 7, -336, -341, -126, 107, -297, 195, 
-58, -24, 34, 41, -46, 4, -331, -336, -126, 97, -302, 190, 
-58, -34, 24, 46, -41, -4, -331, -341, -146, 102, -322, 180, 
-58, -39, 19, 48, -39, -9, -317, -341, -146, 87, -326, 180, 
-63, -43, 19, 53, -41, -12, -317, -341, -146, 78, -331, 170, 
-68, -48, 19, 58, -43, -14, -312, -336, -146, 78, -341, 170, 
-78, -58, 19, 68, -48, -19, -312, -326, -146, 73, -336, 165, 
-82, -68, 14, 75, -48, -26, -307, -326, -151, 68, -351, 161, 
-87, -82, 4, 85, -46, -39, -302, -326, -156, 63, -356, 161, 
-87, -92, -4, 90, -41, -48, -297, -326, -156, 63, -366, 151, 
-87, -87, 0, 87, -43, -43, -283, -322, -165, 48, -380, 146, 
-87, -92, -4, 90, -41, -48, -283, -312, -165, 48, -385, 141, 
-97, -97, 0, 97, -48, -48, -278, -307, -161, 43, -385, 136, 
-97, -97, 0, 97, -48, -48, -273, -307, -161, 39, -380, 136, 
-107, -102, 4, 104, -56, -48, -273, -302, -161, 29, -385, 136, 
-107, -107, 0, 107, -53, -53, -273, -302, -165, 24, -390, 126, 
-112, -117, -4, 114, -53, -61, -268, -302, -165, 24, -395, 126, 
-112, -117, -4, 114, -53, -61, -268, -297, -165, 19, -400, 122, 
-102, -126, -24, 114, -39, -75, -273, -302, -156, 29, -400, 122, 
-102, -131, -29, 117, -36, -80, -273, -302, -156, 29, -405, 122, 
-102, -131, -29, 117, -36, -80, -268, -302, -161, 24, -409, 122, 
-102, -131, -29, 117, -36, -80, -268, -307, -161, 24, -414, 122, 
-112, -131, -19, 122, -46, -75, -258, -297, -175, 9, -414, 126, 
-112, -122, -9, 117, -51, -65, -258, -297, -175, 9, -414, 122, 
-112, -131, -19, 122, -46, -75, -258, -292, -170, 9, -414, 122, 
-112, -131, -19, 122, -46, -75, -258, -292, -165, 9, -414, 122, 
-107, -117, -9, 112, -48, -63, -258, -292, -165, 9, -414, 112, 
-107, -117, -9, 112, -48, -63, -258, -292, -165, 14, -414, 112, 
-107, -122, -14, 114, -46, -68, -263, -297, -165, 14, -409, 112, 
-107, -122, -14, 114, -46, -68, -263, -297, -165, 14, -409, 112, 
-107, -122, -14, 114, -46, -68, -253, -297, -165, 14, -409, 122, 
-107, -122, -14, 114, -46, -68, -253, -297, -165, 14, -409, 122, 
-107, -122, -14, 114, -46, -68, -248, -297, -165, 19, -405, 122, 
-122, -122, 0, 122, -61, -61, -248, -297, -165, 19, -405, 122, 
-122, -122, 0, 122, -61, -61, -263, -297, -165, 19, -414, 126, 
-122, -122, 0, 122, -61, -61, -263, -297, -165, 19, -414, 126, 
-112, -117, -4, 114, -53, -61, -263, -297, -165, 19, -409, 126, 
-112, -117, -4, 114, -53, -61, -263, -292, -161, 19, -409, 126, 
-117, -117, 0, 117, -58, -58, -253, -302, -161, 29, -409, 117, 
-117, -117, 0, 117, -58, -58, -253, -302, -161, 34, -409, 117, 
-117, -112, 4, 114, -61, -53, -253, -302, -161, 34, -409, 117, 
-117, -107, 9, 112, -63, -48, -253, -302, -156, 29, -409, 117, 
-107, -97, 9, 102, -58, -43, -263, -317, -156, 19, -400, 126, 
-107, -97, 9, 102, -58, -43, -263, -317, -161, 24, -395, 126, 
-107, -97, 9, 102, -58, -43, -263, -317, -161, 24, -395, 126, 
-102, -97, 4, 100, -53, -46, -268, -322, -161, 24, -390, 136, 
-112, -92, 19, 102, -65, -36, -273, -312, -161, 34, -400, 136, 
-112, -92, 19, 102, -65, -36, -273, -312, -161, 34, -400, 136, 
-112, -92, 19, 102, -65, -36, -273, -312, -156, 29, -400, 136, 
-107, -92, 14, 100, -61, -39, -273, -312, -156, 29, -395, 136, 
-107, -92, 14, 100, -61, -39, -273, -312, -165, 34, -395, 131, 
-107, -92, 14, 100, -61, -39, -273, -312, -161, 34, -395, 131, 
-112, -92, 19, 102, -65, -36, -273, -312, -161, 34, -395, 131, 
-112, -92, 19, 102, -65, -36, -273, -317, -165, 34, -395, 131, 
-112, -92, 19, 102, -65, -36, -273, -317, -156, 34, -385, 141, 
-112, -92, 19, 102, -65, -36, -273, -317, -151, 34, -385, 141, 
-112, -92, 19, 102, -65, -36, -273, -317, -151, 34, -385, 141, 
-112, -92, 19, 102, -65, -36, -273, -317, -151, 34, -385, 141, 
-117, -97, 19, 107, -68, -39, -263, -317, -151, 43, -390, 141, 
-117, -102, 14, 109, -65, -43, -268, -317, -151, 43, -390, 141, 
-117, -107, 9, 112, -63, -48, -268, -317, -151, 43, -385, 141, 
-117, -112, 4, 114, -61, -53, -268, -317, -151, 43, -385, 141, 
-126, -112, 14, 119, -70, -48, -278, -326, -161, 34, -390, 141, 
-126, -112, 14, 119, -70, -48, -278, -326, -161, 34, -390, 136, 
-126, -112, 14, 119, -70, -48, -273, -322, -161, 34, -390, 136, 
-126, -112, 14, 119, -70, -48, -273, -322, -161, 34, -390, 136, 
-117, -102, 14, 109, -65, -43, -263, -322, -151, 34, -390, 136, 
-117, -97, 19, 107, -68, -39, -263, -322, -151, 29, -390, 136, 
-117, -97, 19, 107, -68, -39, -263, -322, -151, 24, -390, 131, 
-122, -92, 29, 107, -75, -31, -263, -322, -151, 24, -390, 131, 
-122, -92, 29, 107, -75, -31, -268, -312, -151, 29, -395, 131, 
-122, -97, 24, 109, -73, -36, -268, -312, -151, 29, -395, 131, 
-117, -97, 19, 107, -68, -39, -268, -312, -151, 29, -395, 131, 
-117, -102, 14, 109, -65, -43, -268, -312, -151, 29, -395, 131, 
-117, -112, 4, 114, -61, -53, -268, -322, -161, 19, -395, 122, 
-117, -112, 4, 114, -61, -53, -263, -322, -165, 19, -395, 122, 
-117, -112, 4, 114, -61, -53, -263, -322, -165, 19, -395, 122, 
-117, -112, 4, 114, -61, -53, -263, -322, -170, 14, -400, 122, 
-126, -126, 0, 126, -63, -63, -258, -322, -170, 14, -409, 122, 
-131, -126, 4, 129, -68, -61, -258, -322, -170, 14, -405, 122, 
-131, -126, 4, 129, -68, -61, -258, -322, -170, 9, -405, 122, 
-136, -126, 9, 131, -73, -58, -258, -322, -170, 9, -409, 122, 
-141, -136, 4, 139, -73, -65, -258, -322, -170, 9, -409, 112, 
-146, -136, 9, 141, -78, -63, -253, -322, -170, 9, -409, 112, 
-151, -141, 9, 146, -80, -65, -253, -322, -170, 9, -409, 112, 
-151, -146, 4, 148, -78, -70, -253, -322, -170, 9, -414, 112, 
-141, -136, 4, 139, -73, -65, -253, -322, -170, 0, -414, 112, 
-141, -136, 4, 139, -73, -65, -248, -317, -170, 0, -414, 112, 
-141, -136, 4, 139, -73, -65, -248, -317, -175, 0, -414, 107, 
-141, -141, 0, 141, -70, -70, -253, -317, -175, 0, -414, 102, 
-141, -141, 0, 141, -70, -70, -253, -317, -165, 0, -409, 112, 
-141, -136, 4, 139, -73, -65, -253, -317, -165, 0, -409, 107, 
-141, -136, 4, 139, -73, -65, -248, -317, -165, 0, -409, 107, 
-141, -136, 4, 139, -73, -65, -248, -317, -165, 0, -414, 107, 
-151, -141, 9, 146, -80, -65, -244, -317, -175, -4, -414, 122, 
-151, -146, 4, 148, -78, -70, -244, -322, -175, -4, -409, 122, 
-151, -151, 0, 151, -75, -75, -239, -322, -175, -4, -409, 122, 
-156, -151, 4, 153, -80, -73, -239, -322, -175, -4, -419, 117, 
-156, -156, 0, 156, -78, -78, -244, -312, -185, -9, -414, 107, 
-156, -156, 0, 156, -78, -78, -244, -307, -185, -9, -414, 107, 
-156, -161, -4, 158, -75, -82, -244, -307, -185, -9, -414, 107, 
-156, -170, -14, 163, -70, -92, -244, -307, -185, -4, -414, 107, 
-151, -161, -9, 156, -70, -85, -244, -317, -185, -14, -414, 102, 
-146, -161, -14, 153, -65, -87, -244, -317, -190, -19, -414, 102, 
-141, -161, -19, 151, -61, -90, -244, -317, -190, -19, -414, 102, 
-136, -161, -24, 148, -56, -92, -244, -317, -190, -19, -414, 97, 
-136, -156, -19, 146, -58, -87, -239, -317, -190, -19, -409, 102, 
-136, -156, -19, 146, -58, -87, -239, -317, -190, -19, -409, 102, 
-131, -151, -19, 141, -56, -85, -239, -317, -190, -19, -414, 102, 
-131, -151, -19, 141, -56, -85, -239, -312, -190, -19, -414, 102, 
-151, -161, -9, 156, -70, -85, -234, -312, -185, -9, -414, 112, 
-156, -165, -9, 161, -73, -87, -234, -312, -185, -9, -414, 107, 
-156, -165, -9, 161, -73, -87, -234, -312, -185, -9, -409, 107, 
-161, -165, -4, 163, -78, -85, -234, -312, -190, -14, -405, 107, 
-161, -165, -4, 163, -78, -85, -229, -322, -195, -19, -395, 97, 
-161, -170, -9, 165, -75, -90, -229, -322, -195, -24, -405, 97, 
-161, -170, -9, 165, -75, -90, -224, -322, -195, -24, -409, 97, 
-161, -170, -9, 165, -75, -90, -224, -322, -195, -29, -409, 92, 
-161, -175, -14, 168, -73, -95, -234, -312, -195, -19, -405, 102, 
-161, -175, -14, 168, -73, -95, -239, -312, -190, -19, -405, 102, 
-161, -175, -14, 168, -73, -95, -239, -312, -190, -24, -405, 102, 
-161, -180, -19, 170, -70, -100, -239, -312, -190, -24, -409, 102, 
-165, -190, -24, 178, -70, -107, -229, -307, -190, -34, -405, 97, 
-165, -190, -24, 178, -70, -107, -229, -307, -190, -34, -400, 97, 
-165, -190, -24, 178, -70, -107, -224, -302, -190, -34, -390, 97, 
-165, -190, -24, 178, -70, -107, -224, -302, -200, -34, -385, 97, 
-175, -180, -4, 178, -85, -92, -224, -307, -200, -24, -395, 87, 
-175, -180, -4, 178, -85, -92, -224, -317, -200, -24, -395, 87, 
-175, -180, -4, 178, -85, -92, -229, -322, -200, -29, -395, 82, 
-170, -180, -9, 175, -80, -95, -229, -326, -195, -29, -395, 82, 
-170, -165, 4, 168, -87, -80, -239, -326, -200, -39, -395, 87, 
-170, -165, 4, 168, -87, -80, -239, -326, -200, -39, -395, 92, 
-170, -165, 4, 168, -87, -80, -239, -326, -200, -39, -400, 97, 
-170, -165, 4, 168, -87, -80, -239, -326, -204, -39, -400, 102, 
-161, -180, -19, 170, -70, -100, -229, -322, -195, -29, -385, 92, 
-161, -180, -19, 170, -70, -100, -229, -317, -195, -29, -385, 92, 
-161, -180, -19, 170, -70, -100, -229, -312, -195, -29, -385, 92, 
-161, -180, -19, 170, -70, -100, -229, -307, -200, -29, -385, 92, 
-161, -175, -14, 168, -73, -95, -229, -317, -200, -39, -380, 92, 
-161, -170, -9, 165, -75, -90, -229, -317, -195, -39, -380, 92, 
-161, -165, -4, 163, -78, -85, -229, -317, -195, -43, -380, 92, 
-165, -161, 4, 163, -85, -78, -229, -317, -200, -43, -380, 92, 
-175, -170, 4, 173, -90, -82, -229, -307, -200, -34, -375, 87, 
-175, -170, 4, 173, -90, -82, -229, -307, -195, -34, -375, 92, 
-180, -165, 14, 173, -97, -75, -229, -307, -195, -34, -375, 97, 
-180, -165, 14, 173, -97, -75, -229, -307, -195, -29, -375, 97, 
-175, -165, 9, 170, -92, -78, -239, -312, -195, -39, -370, 97, 
-175, -165, 9, 170, -92, -78, -239, -317, -195, -39, -370, 102, 
-175, -165, 9, 170, -92, -78, -234, -317, -190, -39, -370, 102, 
-175, -170, 4, 173, -90, -82, -234, -322, -190, -39, -370, 102, 
-185, -180, 4, 183, -95, -87, -234, -322, -200, -39, -361, 102, 
-185, -180, 4, 183, -95, -87, -234, -322, -200, -43, -361, 102, 
-185, -180, 4, 183, -95, -87, -234, -322, -200, -43, -361, 102, 
-190, -180, 9, 185, -100, -85, -234, -322, -200, -39, -361, 102, 
-195, -180, 14, 187, -104, -82, -234, -312, -190, -34, -351, 102, 
-195, -185, 9, 190, -102, -87, -234, -312, -190, -29, -356, 102, 
-195, -185, 9, 190, -102, -87, -234, -317, -190, -29, -356, 107, 
-200, -190, 9, 195, -104, -90, -234, -317, -190, -34, -356, 107, 
-200, -190, 9, 195, -104, -90, -234, -317, -200, -34, -356, 107, 
-195, -185, 9, 190, -102, -87, -234, -317, -200, -34, -356, 107, 
-195, -185, 9, 190, -102, -87, -234, -317, -200, -34, -356, 112, 
-195, -185, 9, 190, -102, -87, -234, -317, -200, -34, -356, 112, 
-195, -195, 0, 195, -97, -97, -234, -307, -200, -34, -356, 102, 
-195, -195, 0, 195, -97, -97, -234, -307, -200, -34, -356, 102, 
-195, -195, 0, 195, -97, -97, -234, -307, -200, -34, -356, 102, 
-195, -200, -4, 197, -95, -102, -234, -307, -200, -34, -356, 102, 
-195, -190, 4, 192, -100, -92, -234, -307, -200, -34, -346, 112, 
-200, -185, 14, 192, -107, -85, -234, -307, -200, -29, -346, 112, 
-204, -185, 19, 195, -112, -82, -234, -307, -200, -29, -346, 112, 
-214, -180, 34, 197, -124, -73, -234, -307, -195, -29, -341, 112, 
-204, -180, 24, 192, -114, -78, -224, -297, -195, -29, -336, 122, 
-204, -180, 24, 192, -114, -78, -224, -297, -195, -29, -336, 122, 
-204, -180, 24, 192, -114, -78, -224, -297, -195, -29, -336, 122, 
-204, -185, 19, 195, -112, -82, -224, -297, -195, -29, -336, 122, 
-204, -195, 9, 200, -107, -92, -234, -312, -200, -39, -346, 112, 
-204, -190, 14, 197, -109, -87, -234, -312, -200, -39, -346, 112, 
-204, -180, 24, 192, -114, -78, -234, -312, -195, -39, -346, 112, 
-204, -180, 24, 192, -114, -78, -234, -312, -195, -39, -346, 112, 
-204, -195, 9, 200, -107, -92, -229, -312, -204, -34, -346, 122, 
-200, -195, 4, 197, -102, -95, -234, -317, -214, -39, -351, 112, 
-195, -185, 9, 190, -102, -87, -234, -302, -204, -29, -341, 117, 
-204, -185, 19, 195, -112, -82, -234, -302, -204, -29, -341, 126, 
-204, -185, 19, 195, -112, -82, -234, -302, -204, -29, -341, 126, 
-204, -185, 19, 195, -112, -82, -234, -302, -204, -29, -341, 126, 
-204, -185, 19, 195, -112, -82, -234, -302, -204, -29, -341, 126, 
-204, -185, 19, 195, -112, -82, -234, -312, -204, -29, -341, 126, 
-204, -185, 19, 195, -112, -82, -234, -312, -204, -29, -341, 126, 
-204, -185, 19, 195, -112, -82, -234, -312, -204, -29, -341, 126, 
-204, -185, 19, 195, -112, -82, -234, -312, -204, -29, -341, 126, 
-204, -185, 19, 195, -112, -82, -234, -312, -204, -39, -351, 117, 
-204, -185, 19, 195, -112, -82, -234, -312, -204, -39, -351, 117, 
-204, -185, 19, 195, -112, -82, -234, -312, -204, -39, -351, 117, 
-204, -185, 19, 195, -112, -82, -234, -312, -204, -39, -351, 117, 
-204, -195, 9, 200, -107, -92, -234, -312, -204, -39, -351, 117, 
-204, -195, 9, 200, -107, -92, -234, -312, -204, -39, -351, 117, 
-204, -195, 9, 200, -107, -92, -234, -312, -204, -39, -351, 117, 
-204, -195, 9, 200, -107, -92, -234, -312, -204, -39, -351, 117, 
-204, -185, 19, 195, -112, -82, -244, -322, -214, -39, -351, 117, 
-204, -185, 19, 195, -112, -82, -244, -322, -214, -39, -351, 117, 
-204, -185, 19, 195, -112, -82, -244, -322, -214, -39, -351, 117, 
-204, -185, 19, 195, -112, -82, -244, -322, -214, -39, -351, 117, 
-214, -195, 19, 204, -117, -87, -234, -312, -204, -29, -351, 126, 
-214, -195, 19, 204, -117, -87, -234, -312, -204, -29, -351, 126, 
-214, -195, 19, 204, -117, -87, -234, -312, -204, -29, -351, 126, 
-214, -195, 19, 204, -117, -87, -234, -312, -204, -29, -351, 126, 
-204, -185, 19, 195, -112, -82, -224, -312, -204, -29, -351, 136, 
-204, -185, 19, 195, -112, -82, -224, -312, -204, -29, -351, 136, 
-204, -185, 19, 195, -112, -82, -224, -312, -204, -29, -351, 136, 
-204, -185, 19, 195, -112, -82, -224, -312, -204, -29, -351, 136, 
-204, -175, 29, 190, -117, -73, -224, -312, -195, -24, -351, 136, 
-204, -175, 29, 190, -117, -73, -224, -312, -195, -19, -351, 136, 
-204, -175, 29, 190, -117, -73, -224, -312, -195, -14, -351, 136, 
-204, -175, 29, 190, -117, -73, -224, -312, -195, -9, -351, 136, 
-214, -165, 48, 190, -131, -58, -229, -317, -190, 0, -341, 141, 
-214, -156, 58, 185, -136, -48, -234, -322, -185, 0, -341, 146, 
-214, -146, 68, 180, -141, -39, -239, -326, -180, 0, -341, 151, 
-214, -136, 78, 175, -146, -29, -244, -331, -175, 0, -341, 156, 
-209, -122, 87, 165, -148, -17, -248, -331, -170, 4, -341, 161, 
-204, -117, 87, 161, -146, -14, -253, -331, -165, 9, -341, 165, 
-200, -112, 87, 156, -143, -12, -258, -331, -161, 14, -341, 170, 
-195, -107, 87, 151, -141, -9, -263, -331, -156, 19, -341, 175, 
-204, -97, 107, 151, -156, 4, -273, -341, -146, 29, -336, 185, 
-204, -97, 107, 151, -156, 4, -273, -341, -146, 29, -331, 185, 
-204, -97, 107, 151, -156, 4, -273, -341, -146, 29, -326, 185, 
-204, -82, 122, 143, -163, 19, -273, -341, -141, 29, -317, 190, 
-195, -92, 102, 143, -148, 4, -273, -356, -122, 43, -312, 204, 
-195, -82, 112, 139, -153, 14, -278, -361, -122, 43, -312, 204, 
-190, -68, 122, 129, -156, 26, -292, -366, -122, 43, -307, 204, 
-190, -63, 126, 126, -158, 31, -302, -380, -112, 43, -302, 204, 
-185, -43, 141, 114, -163, 48, -312, -385, -102, 58, -297, 209, 
-180, -29, 151, 104, -165, 61, -322, -390, -97, 68, -297, 224, 
-175, -24, 151, 100, -163, 63, -336, -400, -87, 73, -297, 234, 
-170, -14, 156, 92, -163, 70, -351, -405, -82, 78, -292, 244, 
-180, 4, 185, 87, -183, 95, -351, -419, -92, 78, -297, 234, 
-175, 14, 190, 80, -183, 102, -361, -429, -92, 78, -297, 239, 
-175, 14, 190, 80, -183, 102, -370, -429, -92, 78, -292, 239, 
-175, 4, 180, 85, -178, 92, -370, -429, -97, 78, -292, 239, 
-175, -4, 170, 90, -173, 82, -380, -419, -107, 78, -302, 229, 
-175, 0, 175, 87, -175, 87, -370, -424, -107, 78, -297, 229, 
-170, 0, 170, 85, -170, 85, -370, -424, -107, 78, -297, 234, 
-165, 0, 165, 82, -165, 82, -370, -424, -107, 78, -297, 234, 
-165, 9, 175, 78, -170, 92, -366, -424, -117, 82, -297, 244, 
-151, 9, 161, 70, -156, 85, -366, -419, -122, 82, -297, 244, 
-151, 0, 151, 75, -151, 75, -361, -414, -131, 78, -302, 239, 
-146, -14, 131, 80, -139, 58, -356, -405, -136, 78, -302, 239, 
-136, -29, 107, 82, -122, 39, -331, -385, -141, 73, -302, 229, 
-136, -43, 92, 90, -114, 24, -322, -375, -146, 68, -312, 219, 
-131, -63, 68, 97, -100, 2, -312, -366, -161, 63, -322, 209, 
-131, -68, 63, 100, -97, -2, -307, -361, -170, 53, -326, 204, 
-136, -82, 53, 109, -95, -14, -317, -366, -190, 43, -336, 209, 
-141, -87, 53, 114, -97, -17, -317, -366, -190, 43, -341, 209, 
-141, -102, 39, 122, -90, -31, -312, -366, -190, 39, -346, 204, 
-141, -112, 29, 126, -85, -41, -307, -370, -195, 34, -351, 204, 
-146, -107, 39, 126, -92, -34, -292, -356, -185, 43, -351, 200, 
-156, -117, 39, 136, -97, -39, -283, -356, -190, 39, -351, 195, 
-161, -117, 43, 139, -102, -36, -273, -351, -195, 34, -356, 190, 
-165, -126, 39, 146, -102, -43, -258, -351, -195, 29, -361, 190, 
-161, -136, 24, 148, -92, -56, -263, -351, -190, 24, -366, 185, 
-165, -141, 24, 153, -95, -58, -258, -351, -195, 19, -370, 175, 
-170, -151, 19, 161, -95, -65, -258, -346, -200, 14, -380, 170, 
-170, -161, 9, 165, -90, -75, -253, -346, -204, 9, -385, 165, 
-185, -175, 9, 180, -97, -82, -258, -341, -219, -4, -395, 156, 
-185, -185, 0, 185, -92, -92, -253, -341, -224, -4, -395, 151, 
-185, -195, -9, 190, -87, -102, -248, -336, -234, -9, -405, 146, 
-185, -204, -19, 195, -82, -112, -244, -331, -239, -19, -414, 136, 
-185, -195, -9, 190, -87, -102, -229, -336, -234, -9, -414, 146, 
-185, -209, -24, 197, -80, -117, -229, -336, -234, -14, -419, 146, 
-185, -209, -24, 197, -80, -117, -229, -336, -234, -19, -424, 141, 
-185, -209, -24, 197, -80, -117, -229, -336, -234, -19, -424, 141, 
-195, -219, -24, 207, -85, -122, -239, -331, -234, -9, -424, 141, 
-190, -219, -29, 204, -80, -124, -234, -331, -234, -14, -429, 141, 
-190, -219, -29, 204, -80, -124, -234, -331, -234, -14, -429, 141, 
-195, -224, -29, 209, -82, -126, -229, -331, -234, -14, -429, 136, 
-200, -219, -19, 209, -90, -119, -229, -331, -244, -9, -429, 136, 
-200, -224, -24, 212, -87, -124, -224, -331, -248, -14, -439, 136, 
-200, -224, -24, 212, -87, -124, -224, -331, -248, -14, -439, 136, 
-200, -224, -24, 212, -87, -124, -229, -331, -248, -14, -434, 136, 
-195, -209, -14, 202, -90, -112, -229, -331, -248, -24, -444, 131, 
-195, -209, -14, 202, -90, -112, -229, -331, -248, -19, -444, 131, 
-195, -209, -14, 202, -90, -112, -224, -331, -248, -19, -444, 131, 
-190, -209, -19, 200, -85, -114, -224, -331, -248, -24, -444, 136, 
-180, -200, -19, 190, -80, -109, -234, -341, -253, -29, -439, 136, 
-185, -209, -24, 197, -80, -117, -234, -336, -253, -29, -439, 131, 
-185, -214, -29, 200, -78, -122, -234, -336, -253, -24, -439, 131, 
-185, -214, -29, 200, -78, -122, -234, -336, -248, -24, -439, 131, 
-175, -224, -48, 200, -63, -136, -229, -336, -248, -24, -448, 131, 
-175, -219, -43, 197, -65, -131, -229, -336, -248, -24, -448, 131, 
-170, -219, -48, 195, -61, -134, -229, -336, -248, -24, -448, 131, 
-170, -214, -43, 192, -63, -129, -229, -336, -248, -24, -448, 131, 
-180, -209, -29, 195, -75, -119, -234, -326, -248, -24, -448, 131, 
-180, -209, -29, 195, -75, -119, -234, -326, -253, -24, -453, 131, 
-180, -204, -24, 192, -78, -114, -229, -331, -253, -19, -453, 131, 
-180, -200, -19, 190, -80, -109, -229, -331, -253, -19, -453, 131, 
-180, -204, -24, 192, -78, -114, -234, -336, -253, -19, -444, 131, 
-180, -204, -24, 192, -78, -114, -234, -336, -253, -19, -444, 131, 
-180, -204, -24, 192, -78, -114, -234, -336, -248, -19, -444, 131, 
-180, -204, -24, 192, -78, -114, -234, -336, -248, -19, -439, 131, 
-190, -214, -24, 202, -82, -119, -234, -336, -244, -9, -448, 141, 
-190, -214, -24, 202, -82, -119, -234, -336, -244, -9, -448, 141, 
-185, -214, -29, 200, -78, -122, -234, -336, -244, -9, -448, 141, 
-185, -214, -29, 200, -78, -122, -234, -336, -244, -9, -448, 141, 
-185, -185, 0, 185, -92, -92, -234, -341, -244, -9, -448, 141, 
-175, -185, -9, 180, -82, -97, -229, -336, -253, -9, -453, 141, 
-156, -185, -29, 170, -63, -107, -234, -331, -263, -19, -453, 136, 
-161, -190, -29, 175, -65, -109, -244, -326, -263, -19, -448, 131, 
-180, -209, -29, 195, -75, -119, -239, -307, -248, -9, -448, 131, 
-165, -229, -63, 197, -51, -146, -219, -273, -244, -9, -458, 117, 
-136, -234, -97, 185, -19, -165, -190, -219, -229, -19, -473, 102, 
-136, -244, -107, 190, -14, -175, -161, -170, -190, -9, -478, 92, 
-146, -263, -117, 204, -14, -190, -131, -107, -156, 0, -483, 73, 
-156, -268, -112, 212, -21, -190, -102, -53, -97, 14, -483, 53, 
-156, -248, -92, 202, -31, -170, -82, -24, -53, 34, -483, 53, 
-156, -219, -63, 187, -46, -141, -82, -19, -19, 39, -468, 68, 
-151, -180, -29, 165, -61, -104, -107, -39, 9, 58, -439, 92, 
-146, -131, 14, 139, -80, -58, -131, -68, 29, 107, -395, 141, 
-136, -43, 92, 90, -114, 24, -161, -117, 39, 175, -331, 224, 
-122, 112, 234, 4, -178, 173, -234, -224, 68, 263, -219, 341, 
-102, 302, 405, -100, -253, 353, -336, -395, 112, 375, -82, 502, 
-82, 497, 580, -207, -331, 539, -473, -605, 107, 458, 48, 644, 
-53, 653, 707, -300, -380, 680, -605, -800, 48, 527, 151, 785, 
-14, 766, 780, -375, -397, 773, -712, -951, -39, 561, 234, 907, 
43, 839, 795, -441, -375, 817, -810, -1078, -170, 585, 312, 1015, 
97, 946, 849, -522, -375, 897, -936, -1234, -336, 600, 385, 1117, 
170, 1049, 878, -610, -353, 963, -1063, -1371, -541, 610, 468, 1244, 
214, 1117, 902, -666, -344, 1010, -1156, -1449, -785, 595, 531, 1361, 
234, 1185, 951, -710, -358, 1068, -1210, -1488, -1005, 585, 585, 1464, 
263, 1249, 985, -756, -361, 1117, -1249, -1517, -1166, 566, 624, 1527, 
273, 1200, 927, -736, -326, 1063, -1234, -1478, -1293, 502, 585, 1512, 
258, 1019, 761, -639, -251, 890, -1166, -1371, -1405, 366, 453, 1381, 
253, 824, 570, -539, -158, 697, -1098, -1273, -1503, 234, 297, 1220, 
239, 683, 444, -461, -102, 563, -1044, -1185, -1551, 141, 195, 1083, 
214, 570, 356, -392, -70, 463, -985, -1073, -1537, 68, 92, 971, 
200, 414, 214, -307, -7, 314, -912, -956, -1493, -4, -9, 839, 
170, 263, 92, -217, 39, 178, -834, -854, -1439, -68, -117, 707, 
102, 146, 43, -124, 29, 95, -756, -751, -1356, -126, -209, 580, 
39, 29, -9, -34, 24, 9, -649, -639, -1254, -180, -302, 453, 
-4, -68, -63, 36, 29, -65, -536, -527, -1151, -224, -409, 317, 
-39, -141, -102, 90, 31, -122, -439, -439, -1063, -263, -502, 204, 
-53, -195, -141, 124, 43, -168, -380, -361, -961, -268, -556, 126, 
-58, -229, -170, 143, 56, -200, -331, -312, -839, -253, -575, 73, 
-63, -258, -195, 161, 65, -226, -287, -268, -746, -244, -585, 63, 
-73, -283, -209, 178, 68, -246, -258, -234, -678, -234, -575, 53, 
-87, -292, -204, 190, 58, -248, -239, -204, -605, -219, -561, 53, 
-102, -297, -195, 200, 46, -246, -234, -175, -536, -185, -546, 58, 
-112, -278, -165, 195, 26, -222, -209, -165, -468, -146, -536, 78, 
-122, -258, -136, 190, 7, -197, -200, -170, -405, -97, -507, 107, 
-131, -244, -112, 187, -9, -178, -204, -185, -370, -58, -488, 112, 
-131, -214, -82, 173, -24, -148, -200, -195, -366, -39, -468, 126, 
-122, -180, -58, 151, -31, -119, -204, -214, -356, -19, -458, 136, 
-112, -156, -43, 134, -34, -100, -219, -239, -346, -9, -439, 146, 
-117, -146, -29, 131, -43, -87, -244, -273, -341, -24, -439, 151, 
-107, -146, -39, 126, -34, -92, -263, -302, -331, -34, -444, 141, 
-112, -151, -39, 131, -36, -95, -253, -312, -307, -34, -448, 146, 
-117, -161, -43, 139, -36, -102, -248, -312, -283, -29, -444, 146, 
-122, -170, -48, 146, -36, -109, -234, -312, -273, -24, -458, 136, 
-141, -175, -34, 158, -53, -104, -219, -307, -273, -19, -468, 126, 
-146, -180, -34, 163, -56, -107, -219, -307, -273, -9, -463, 126, 
-146, -180, -34, 163, -56, -107, -224, -322, -268, -4, -463, 131, 
-141, -175, -34, 158, -53, -104, -229, -336, -268, -4, -458, 136, 
-136, -165, -29, 151, -53, -97, -239, -351, -278, 0, -458, 136, 
-131, -151, -19, 141, -56, -85, -248, -366, -278, -4, -458, 136, 
-126, -146, -19, 136, -53, -82, -248, -370, -273, -4, -458, 131, 
-126, -146, -19, 136, -53, -82, -244, -370, -258, -4, -458, 131, 
-136, -165, -29, 151, -53, -97, -244, -361, -258, -14, -463, 131, 
-141, -165, -24, 153, -58, -95, -244, -361, -253, -14, -468, 131, 
-146, -165, -19, 156, -63, -92, -239, -356, -253, -14, -468, 131, 
-146, -165, -19, 156, -63, -92, -239, -356, -253, -9, -468, 131, 
-156, -170, -14, 163, -70, -92, -234, -356, -253, 4, -453, 141, 
-156, -175, -19, 165, -68, -97, -234, -361, -253, 9, -453, 146, 
-151, -170, -19, 161, -65, -95, -234, -361, -253, 9, -453, 146, 
-151, -175, -24, 163, -63, -100, -234, -361, -253, 9, -453, 146, 
-146, -170, -24, 158, -61, -97, -244, -370, -244, 9, -453, 136, 
-141, -165, -24, 153, -58, -95, -244, -375, -244, 9, -453, 141, 
-136, -156, -19, 146, -58, -87, -244, -375, -244, 9, -453, 141, 
-131, -151, -19, 141, -56, -85, -244, -375, -244, 9, -453, 141, 
-141, -151, -9, 146, -65, -80, -244, -375, -239, 9, -453, 151, 
-141, -151, -9, 146, -65, -80, -244, -375, -239, 9, -453, 151, 
-141, -151, -9, 146, -65, -80, -244, -380, -244, 14, -453, 146, 
-141, -151, -9, 146, -65, -80, -244, -380, -244, 14, -448, 146, 
-131, -161, -29, 146, -51, -95, -234, -370, -244, 14, -439, 151, 
-131, -151, -19, 141, -56, -85, -239, -375, -239, 14, -439, 151, 
-131, -151, -19, 141, -56, -85, -239, -380, -239, 14, -439, 156, 
-131, -151, -19, 141, -56, -85, -239, -380, -234, 14, -439, 156, 
-141, -151, -9, 146, -65, -80, -248, -380, -234, 14, -448, 156, 
-141, -151, -9, 146, -65, -80, -248, -385, -234, 14, -448, 156, 
-141, -151, -9, 146, -65, -80, -248, -390, -234, 14, -448, 156, 
-141, -151, -9, 146, -65, -80, -248, -395, -234, 14, -448, 156, 
-141, -151, -9, 146, -65, -80, -239, -385, -234, 19, -439, 156, 
-141, -146, -4, 143, -68, -75, -244, -385, -234, 24, -439, 161, 
-141, -146, -4, 143, -68, -75, -244, -385, -229, 24, -439, 161, 
-136, -146, -9, 141, -63, -78, -244, -390, -229, 24, -439, 161, 
-126, -131, -4, 129, -61, -68, -253, -390, -229, 24, -448, 161, 
-126, -131, -4, 129, -61, -68, -253, -390, -229, 24, -448, 165, 
-126, -131, -4, 129, -61, -68, -253, -395, -229, 24, -448, 165, 
-126, -126, 0, 126, -63, -63, -258, -395, -229, 24, -448, 165, 
-117, -117, 0, 117, -58, -58, -258, -409, -229, 24, -448, 165, 
-117, -117, 0, 117, -58, -58, -253, -409, -229, 24, -448, 165, 
-117, -117, 0, 117, -58, -58, -253, -409, -229, 29, -448, 165, 
-117, -117, 0, 117, -58, -58, -258, -409, -229, 29, -448, 165, 
-117, -122, -4, 119, -56, -63, -248, -409, -229, 39, -429, 165, 
-112, -122, -9, 117, -51, -65, -248, -409, -229, 39, -429, 170, 
-112, -126, -14, 119, -48, -70, -248, -409, -224, 39, -434, 170, 
-117, -126, -9, 122, -53, -68, -253, -409, -224, 39, -434, 175, 
-117, -117, 0, 117, -58, -58, -263, -414, -234, 39, -444, 175, 
-117, -112, 4, 114, -61, -53, -263, -414, -229, 43, -444, 175, 
-117, -107, 9, 112, -63, -48, -258, -414, -229, 43, -444, 175, 
-117, -107, 9, 112, -63, -48, -258, -414, -229, 48, -444, 175, 
-107, -107, 0, 107, -53, -53, -268, -419, -229, 43, -444, 175, 
-107, -102, 4, 104, -56, -48, -268, -419, -229, 43, -439, 180, 
-107, -102, 4, 104, -56, -48, -268, -414, -229, 43, -429, 180, 
-107, -107, 0, 107, -53, -53, -268, -414, -229, 43, -429, 180, 
-112, -107, 4, 109, -58, -51, -268, -414, -229, 43, -429, 190, 
-112, -107, 4, 109, -58, -51, -268, -414, -229, 48, -429, 195, 
-112, -107, 4, 109, -58, -51, -268, -414, -224, 58, -429, 195, 
-112, -102, 9, 107, -61, -46, -273, -414, -224, 58, -429, 204, 
-122, -102, 19, 112, -70, -41, -273, -424, -224, 58, -439, 195, 
-122, -97, 24, 109, -73, -36, -273, -424, -229, 58, -439, 190, 
-122, -92, 29, 107, -75, -31, -278, -424, -229, 63, -439, 190, 
-117, -92, 24, 104, -70, -34, -278, -424, -224, 63, -434, 200, 
-107, -87, 19, 97, -63, -34, -268, -419, -224, 73, -419, 200, 
-107, -87, 19, 97, -63, -34, -273, -424, -224, 73, -414, 200, 
-107, -87, 19, 97, -63, -34, -273, -424, -224, 82, -414, 204, 
-107, -87, 19, 97, -63, -34, -268, -424, -219, 87, -414, 214, 
-97, -82, 14, 90, -56, -34, -278, -424, -219, 82, -414, 214, 
-92, -78, 14, 85, -53, -31, -283, -424, -219, 87, -409, 209, 
-92, -73, 19, 82, -56, -26, -287, -429, -219, 87, -409, 209, 
-92, -73, 19, 82, -56, -26, -287, -429, -219, 87, -405, 214, 
-92, -82, 9, 87, -51, -36, -297, -429, -219, 102, -405, 219, 
-92, -73, 19, 82, -56, -26, -297, -429, -219, 102, -395, 219, 
-92, -68, 24, 80, -58, -21, -302, -434, -219, 107, -395, 219, 
-87, -68, 19, 78, -53, -24, -307, -434, -219, 112, -385, 229, 
-97, -63, 34, 80, -65, -14, -297, -444, -219, 107, -385, 229, 
-97, -53, 43, 75, -70, -4, -302, -444, -219, 107, -385, 229, 
-87, -48, 39, 68, -63, -4, -307, -444, -214, 117, -380, 239, 
-87, -48, 39, 68, -63, -4, -307, -444, -214, 122, -375, 244, 
-82, -48, 34, 65, -58, -7, -307, -444, -214, 122, -370, 239, 
-82, -39, 43, 61, -63, 2, -307, -448, -214, 126, -370, 239, 
-73, -34, 39, 53, -56, 2, -307, -448, -214, 126, -370, 244, 
-73, -34, 39, 53, -56, 2, -317, -448, -214, 131, -366, 248, 
-78, -29, 48, 53, -63, 9, -322, -458, -219, 146, -361, 263, 
-78, -24, 53, 51, -65, 14, -326, -463, -219, 151, -356, 268, 
-78, -14, 63, 46, -70, 24, -331, -463, -214, 156, -351, 273, 
-68, -4, 63, 36, -65, 29, -336, -463, -209, 161, -351, 283, 
-58, -4, 53, 31, -56, 24, -331, -463, -209, 170, -341, 287, 
-58, 0, 58, 29, -58, 29, -336, -468, -204, 175, -336, 297, 
-58, 9, 68, 24, -63, 39, -341, -473, -204, 180, -331, 307, 
-58, 19, 78, 19, -68, 48, -346, -478, -209, 190, -326, 307, 
-43, 39, 82, 2, -63, 61, -356, -492, -209, 180, -322, 312, 
-43, 48, 92, -2, -68, 70, -361, -497, -209, 185, -317, 322, 
-34, 53, 87, -9, -61, 70, -361, -497, -209, 195, -312, 331, 
-34, 58, 92, -12, -63, 75, -366, -497, -209, 204, -302, 331, 
-34, 58, 92, -12, -63, 75, -375, -502, -209, 209, -302, 341, 
-39, 63, 102, -12, -70, 82, -380, -507, -209, 214, -297, 351, 
-39, 68, 107, -14, -73, 87, -385, -512, -209, 219, -287, 351, 
-39, 73, 112, -17, -75, 92, -390, -517, -209, 224, -283, 361, 
-24, 82, 107, -29, -65, 95, -390, -517, -219, 239, -268, 370, 
-24, 92, 117, -34, -70, 104, -395, -517, -219, 244, -263, 375, 
-19, 107, 126, -43, -73, 117, -405, -522, -219, 248, -253, 385, 
-14, 122, 136, -53, -75, 129, -409, -527, -219, 253, -244, 390, 
-9, 126, 136, -58, -73, 131, -414, -531, -219, 258, -244, 390, 
-9, 126, 136, -58, -73, 131, -414, -531, -214, 263, -234, 395, 
-9, 126, 136, -58, -73, 131, -419, -531, -214, 268, -229, 405, 
-4, 136, 141, -65, -73, 139, -424, -536, -214, 273, -229, 409, 
-4, 151, 156, -73, -80, 153, -429, -541, -214, 287, -224, 414, 
0, 151, 151, -75, -75, 151, -429, -546, -219, 287, -214, 424, 
0, 156, 156, -78, -78, 156, -429, -551, -219, 292, -214, 434, 
0, 161, 161, -80, -80, 161, -434, -551, -219, 297, -209, 444, 
0, 170, 170, -85, -85, 170, -439, -561, -229, 292, -200, 434, 
0, 170, 170, -85, -85, 170, -444, -561, -224, 297, -195, 439, 
0, 175, 175, -87, -87, 175, -448, -561, -224, 297, -190, 444, 
0, 175, 175, -87, -87, 175, -448, -570, -224, 297, -185, 448, 
9, 180, 170, -95, -80, 175, -453, -575, -224, 297, -190, 444, 
9, 185, 175, -97, -82, 180, -453, -575, -224, 297, -190, 448, 
9, 185, 175, -97, -82, 180, -453, -575, -224, 297, -195, 448, 
9, 190, 180, -100, -85, 185, -458, -575, -224, 297, -195, 448, 
4, 195, 190, -100, -92, 192, -468, -585, -224, 297, -195, 458, 
4, 195, 190, -100, -92, 192, -468, -590, -224, 302, -195, 463, 
4, 195, 190, -100, -92, 192, -468, -590, -224, 302, -195, 463, 
4, 195, 190, -100, -92, 192, -473, -590, -224, 302, -190, 468, 
4, 200, 195, -102, -95, 197, -483, -600, -224, 302, -180, 468, 
4, 204, 200, -104, -97, 202, -483, -600, -224, 302, -180, 473, 
4, 204, 200, -104, -97, 202, -483, -600, -224, 302, -180, 473, 
9, 209, 200, -109, -95, 204, -483, -595, -219, 302, -180, 468, 
19, 200, 180, -109, -80, 190, -483, -605, -219, 312, -185, 468, 
14, 200, 185, -107, -85, 192, -483, -605, -219, 307, -185, 463, 
14, 200, 185, -107, -85, 192, -478, -605, -219, 307, -180, 463, 
14, 200, 185, -107, -85, 192, -478, -600, -219, 307, -180, 463, 
14, 195, 180, -104, -82, 187, -468, -600, -209, 302, -180, 463, 
9, 195, 185, -102, -87, 190, -468, -600, -204, 302, -190, 458, 
4, 190, 185, -97, -90, 187, -463, -600, -200, 292, -195, 453, 
0, 190, 190, -95, -95, 190, -463, -600, -200, 292, -200, 453, 
-9, 180, 190, -85, -100, 185, -453, -590, -200, 283, -195, 453, 
-14, 175, 190, -80, -102, 183, -448, -590, -200, 283, -200, 453, 
-14, 170, 185, -78, -100, 178, -444, -580, -200, 278, -204, 453, 
-19, 161, 180, -70, -100, 170, -439, -575, -200, 273, -214, 453, 
-19, 165, 185, -73, -102, 175, -434, -575, -190, 273, -219, 448, 
-19, 156, 175, -68, -97, 165, -429, -575, -190, 263, -224, 439, 
-14, 151, 165, -68, -90, 158, -419, -566, -190, 258, -229, 434, 
-14, 136, 151, -61, -82, 143, -419, -566, -195, 253, -234, 424, 
-19, 136, 156, -58, -87, 146, -409, -566, -195, 248, -229, 424, 
-24, 136, 161, -56, -92, 148, -405, -561, -195, 244, -244, 424, 
-34, 126, 161, -46, -97, 143, -400, -556, -195, 234, -253, 414, 
-39, 117, 156, -39, -97, 136, -395, -556, -204, 224, -268, 400, 
-39, 117, 156, -39, -97, 136, -390, -546, -195, 229, -278, 390, 
-39, 107, 146, -34, -92, 126, -380, -541, -195, 219, -287, 380, 
-43, 97, 141, -26, -92, 119, -375, -536, -195, 204, -287, 370, 
-48, 92, 141, -21, -95, 117, -370, -531, -195, 195, -292, 366, 
-68, 78, 146, -4, -107, 112, -366, -527, -204, 200, -302, 356, 
-68, 68, 136, 0, -102, 102, -346, -527, -204, 185, -307, 356, 
-73, 58, 131, 7, -102, 95, -341, -527, -204, 175, -312, 346, 
-78, 48, 126, 14, -102, 87, -331, -522, -204, 175, -322, 346, 
-78, 53, 131, 12, -104, 92, -341, -522, -214, 165, -326, 331, 
-82, 48, 131, 17, -107, 90, -336, -522, -219, 156, -341, 326, 
-87, 39, 126, 24, -107, 82, -331, -522, -224, 146, -346, 326, 
-87, 34, 122, 26, -104, 78, -326, -522, -224, 141, -356, 317, 
-87, 19, 107, 34, -97, 63, -322, -527, -234, 136, -370, 322, 
-87, 14, 102, 36, -95, 58, -322, -517, -234, 136, -375, 317, 
-97, 9, 107, 43, -102, 58, -317, -512, -229, 131, -375, 312, 
-97, 9, 107, 43, -102, 58, -312, -512, -229, 126, -370, 312, 
-107, 4, 112, 51, -109, 58, -302, -517, -229, 126, -370, 302, 
-107, 0, 107, 53, -107, 53, -302, -517, -234, 122, -370, 292, 
-112, -9, 102, 61, -107, 46, -297, -517, -234, 122, -370, 292, 
-112, -9, 102, 61, -107, 46, -297, -512, -234, 117, -370, 287, 
-112, -19, 92, 65, -102, 36, -302, -507, -234, 117, -380, 287, 
-112, -24, 87, 68, -100, 31, -302, -507, -234, 117, -385, 287, 
-112, -24, 87, 68, -100, 31, -297, -507, -239, 112, -390, 287, 
-112, -24, 87, 68, -100, 31, -297, -512, -239, 112, -395, 287, 
-122, -24, 97, 73, -109, 36, -297, -512, -234, 117, -395, 283, 
-122, -14, 107, 68, -114, 46, -297, -512, -234, 117, -395, 278, 
-122, -24, 97, 73, -109, 36, -297, -507, -229, 117, -395, 278, 
-122, -24, 97, 73, -109, 36, -297, -507, -224, 117, -395, 278, 
-107, -19, 87, 63, -97, 34, -297, -507, -234, 107, -395, 278, 
-107, -19, 87, 63, -97, 34, -297, -507, -234, 112, -395, 278, 
-107, -24, 82, 65, -95, 29, -302, -512, -234, 112, -390, 278, 
-107, -24, 82, 65, -95, 29, -302, -512, -234, 112, -390, 278, 
-97, -14, 82, 56, -90, 34, -302, -502, -234, 122, -390, 287, 
-97, -14, 82, 56, -90, 34, -302, -502, -234, 122, -390, 287, 
-97, -14, 82, 56, -90, 34, -297, -502, -234, 126, -385, 287, 
-112, -14, 97, 63, -104, 41, -297, -502, -234, 126, -385, 287, 
-112, -24, 87, 68, -100, 31, -292, -512, -224, 117, -385, 283, 
-112, -24, 87, 68, -100, 31, -292, -512, -224, 117, -385, 283, 
-102, -19, 82, 61, -92, 31, -292, -512, -224, 117, -380, 283, 
-102, -19, 82, 61, -92, 31, -292, -507, -219, 117, -380, 283, 
-97, -9, 87, 53, -92, 39, -302, -507, -229, 126, -380, 283, 
-97, -9, 87, 53, -92, 39, -302, -507, -229, 131, -380, 283, 
-97, -4, 92, 51, -95, 43, -302, -507, -229, 131, -380, 283, 
-97, 0, 97, 48, -97, 48, -302, -507, -224, 126, -380, 283, 
-107, 0, 107, 53, -107, 53, -302, -512, -224, 117, -380, 292, 
-107, 0, 107, 53, -107, 53, -302, -512, -229, 122, -375, 292, 
-107, 0, 107, 53, -107, 53, -302, -512, -229, 122, -375, 292, 
-102, 0, 102, 51, -102, 51, -307, -517, -229, 122, -370, 302, 
-92, 4, 97, 43, -95, 51, -302, -507, -229, 131, -370, 292, 
-92, 4, 97, 43, -95, 51, -302, -507, -229, 131, -370, 292, 
-92, 4, 97, 43, -95, 51, -302, -507, -224, 126, -370, 292, 
-87, 4, 92, 41, -90, 48, -302, -507, -224, 126, -366, 292, 
-97, -4, 92, 51, -95, 43, -302, -517, -224, 131, -366, 297, 
-97, -4, 92, 51, -95, 43, -302, -517, -219, 131, -366, 297, 
-102, -4, 97, 53, -100, 46, -302, -517, -219, 131, -366, 297, 
-102, -4, 97, 53, -100, 46, -302, -522, -224, 131, -366, 297, 
-102, -4, 97, 53, -100, 46, -302, -512, -224, 131, -366, 307, 
-102, -4, 97, 53, -100, 46, -302, -512, -219, 131, -366, 307, 
-102, -4, 97, 53, -100, 46, -302, -512, -219, 131, -366, 307, 
-102, -4, 97, 53, -100, 46, -302, -512, -219, 131, -366, 307, 
-107, 4, 112, 51, -109, 58, -292, -522, -209, 131, -361, 307, 
-107, 4, 112, 51, -109, 58, -297, -522, -209, 131, -361, 307, 
-107, 4, 112, 51, -109, 58, -297, -522, -209, 131, -356, 307, 
-107, 4, 112, 51, -109, 58, -297, -522, -209, 131, -356, 307, 
-97, 0, 97, 48, -97, 48, -297, -522, -219, 131, -361, 297, 
-97, -4, 92, 51, -95, 43, -297, -522, -219, 131, -361, 292, 
-97, -9, 87, 53, -92, 39, -292, -517, -219, 131, -361, 292, 
-97, -14, 82, 56, -90, 34, -292, -517, -219, 131, -361, 292, 
-107, -19, 87, 63, -97, 34, -283, -517, -219, 122, -370, 292, 
-107, -19, 87, 63, -97, 34, -283, -517, -219, 117, -370, 292, 
-107, -24, 82, 65, -95, 29, -283, -517, -219, 112, -370, 287, 
-112, -24, 87, 68, -100, 31, -283, -517, -219, 112, -370, 287, 
-112, -14, 97, 63, -104, 41, -278, -517, -219, 122, -375, 287, 
-112, -19, 92, 65, -102, 36, -278, -517, -219, 117, -375, 287, 
-107, -19, 87, 63, -97, 34, -278, -517, -219, 112, -375, 287, 
-107, -24, 82, 65, -95, 29, -278, -517, -219, 107, -375, 287, 
-107, -24, 82, 65, -95, 29, -268, -507, -209, 117, -375, 287, 
-107, -24, 82, 65, -95, 29, -263, -507, -214, 117, -375, 287, 
-107, -24, 82, 65, -95, 29, -263, -507, -214, 117, -375, 287, 
-107, -24, 82, 65, -95, 29, -263, -507, -219, 112, -380, 287, 
-102, -29, 73, 65, -87, 21, -258, -507, -229, 102, -380, 287, 
-102, -29, 73, 65, -87, 21, -258, -507, -229, 102, -375, 287, 
-97, -29, 68, 63, -82, 19, -258, -507, -229, 97, -375, 287, 
-97, -29, 68, 63, -82, 19, -258, -507, -229, 97, -380, 287, 
-92, -39, 53, 65, -73, 7, -258, -517, -229, 97, -380, 287, 
-97, -39, 58, 68, -78, 9, -253, -517, -229, 97, -380, 287, 
-102, -43, 58, 73, -80, 7, -253, -517, -229, 97, -380, 287, 
-102, -48, 53, 75, -78, 2, -253, -517, -229, 97, -385, 287, 
-112, -48, 63, 80, -87, 7, -253, -517, -219, 97, -385, 287, 
-112, -48, 63, 80, -87, 7, -248, -512, -219, 97, -385, 287, 
-112, -48, 63, 80, -87, 7, -248, -512, -224, 97, -385, 283, 
-112, -53, 58, 82, -85, 2, -253, -512, -224, 97, -385, 278, 
-102, -53, 48, 78, -75, -2, -253, -512, -234, 87, -380, 278, 
-102, -48, 53, 75, -78, 2, -253, -512, -234, 87, -380, 273, 
-102, -48, 53, 75, -78, 2, -248, -512, -234, 87, -380, 273, 
-102, -48, 53, 75, -78, 2, -248, -512, -234, 87, -385, 273, 
-112, -43, 68, 78, -90, 12, -253, -502, -234, 92, -385, 278, 
-112, -48, 63, 80, -87, 7, -253, -507, -234, 92, -380, 278, 
-112, -53, 58, 82, -85, 2, -248, -507, -234, 92, -380, 278, 
-117, -53, 63, 85, -90, 4, -248, -507, -234, 92, -390, 273, 
-117, -48, 68, 82, -92, 9, -244, -507, -234, 87, -385, 273, 
-117, -48, 68, 82, -92, 9, -244, -502, -234, 87, -385, 273, 
-117, -53, 63, 85, -90, 4, -244, -502, -234, 87, -385, 273, 
-117, -63, 53, 90, -85, -4, -244, -502, -234, 92, -385, 273, 
-117, -53, 63, 85, -90, 4, -244, -502, -234, 82, -385, 268, 
-117, -53, 63, 85, -90, 4, -244, -502, -239, 78, -385, 268, 
-117, -53, 63, 85, -90, 4, -244, -502, -239, 78, -385, 268, 
-117, -53, 63, 85, -90, 4, -244, -502, -239, 78, -385, 263, 
-117, -68, 48, 92, -82, -9, -239, -502, -229, 78, -380, 268, 
-117, -68, 48, 92, -82, -9, -239, -502, -229, 78, -380, 268, 
-112, -63, 48, 87, -80, -7, -239, -502, -229, 78, -385, 268, 
-112, -63, 48, 87, -80, -7, -239, -497, -229, 78, -385, 268, 
-107, -63, 43, 85, -75, -9, -234, -497, -234, 78, -385, 268, 
-107, -68, 39, 87, -73, -14, -234, -497, -234, 78, -385, 263, 
-102, -68, 34, 85, -68, -17, -234, -497, -234, 78, -380, 263, 
-102, -68, 34, 85, -68, -17, -234, -497, -239, 73, -375, 263, 
-112, -68, 43, 90, -78, -12, -229, -497, -234, 73, -375, 273, 
-112, -73, 39, 92, -75, -17, -229, -497, -234, 73, -385, 273, 
-112, -73, 39, 92, -75, -17, -224, -497, -234, 78, -390, 273, 
-112, -73, 39, 92, -75, -17, -224, -497, -234, 78, -390, 268, 
-117, -87, 29, 102, -73, -29, -214, -497, -244, 78, -385, 268, 
-122, -87, 34, 104, -78, -26, -219, -497, -239, 78, -385, 268, 
-126, -87, 39, 107, -82, -24, -219, -497, -239, 73, -385, 268, 
-131, -92, 39, 112, -85, -26, -219, -497, -239, 73, -390, 268, 
-131, -87, 43, 109, -87, -21, -219, -502, -229, 73, -390, 263, 
-126, -82, 43, 104, -85, -19, -219, -502, -229, 73, -390, 263, 
-122, -78, 43, 100, -82, -17, -214, -497, -229, 73, -385, 263, 
-117, -73, 43, 95, -80, -14, -214, -497, -239, 73, -385, 263, 
-117, -73, 43, 95, -80, -14, -214, -497, -239, 73, -375, 263, 
-117, -73, 43, 95, -80, -14, -214, -502, -239, 73, -375, 263, 
-117, -73, 43, 95, -80, -14, -219, -502, -239, 68, -375, 258, 
-112, -73, 39, 92, -75, -17, -219, -502, -234, 68, -375, 258, 
-122, -78, 43, 100, -82, -17, -209, -502, -239, 68, -385, 268, 
-122, -78, 43, 100, -82, -17, -209, -502, -239, 68, -385, 268, 
-122, -78, 43, 100, -82, -17, -209, -502, -239, 68, -390, 268, 
-122, -78, 43, 100, -82, -17, -209, -502, -244, 68, -390, 268, 
-122, -73, 48, 97, -85, -12, -209, -502, -244, 68, -385, 268, 
-122, -73, 48, 97, -85, -12, -209, -502, -244, 68, -385, 268, 
-122, -73, 48, 97, -85, -12, -209, -502, -244, 68, -385, 268, 
-122, -73, 48, 97, -85, -12, -209, -502, -248, 68, -385, 268, 
-122, -73, 48, 97, -85, -12, -204, -502, -239, 78, -370, 268, 
-122, -73, 48, 97, -85, -12, -200, -502, -234, 78, -370, 268, 
-122, -73, 48, 97, -85, -12, -195, -502, -234, 73, -370, 268, 
-126, -73, 53, 100, -90, -9, -190, -502, -239, 73, -370, 268, 
-126, -82, 43, 104, -85, -19, -200, -502, -239, 73, -366, 268, 
-126, -82, 43, 104, -85, -19, -200, -502, -234, 73, -366, 268, 
-131, -78, 53, 104, -92, -12, -200, -502, -234, 73, -366, 268, 
-131, -78, 53, 104, -92, -12, -200, -502, -234, 78, -366, 263, 
-126, -78, 48, 102, -87, -14, -200, -512, -244, 68, -370, 263, 
-126, -78, 48, 102, -87, -14, -200, -512, -244, 68, -370, 268, 
-126, -78, 48, 102, -87, -14, -195, -507, -239, 68, -370, 268, 
-126, -82, 43, 104, -85, -19, -195, -507, -239, 68, -370, 268, 
-126, -82, 43, 104, -85, -19, -195, -507, -229, 78, -361, 268, 
-126, -82, 43, 104, -85, -19, -195, -507, -229, 73, -361, 268, 
-126, -82, 43, 104, -85, -19, -195, -507, -229, 73, -361, 268, 
-131, -82, 48, 107, -90, -17, -195, -507, -229, 78, -361, 268, 
-126, -82, 43, 104, -85, -19, -195, -497, -239, 78, -370, 268, 
-126, -87, 39, 107, -82, -24, -195, -497, -239, 78, -375, 268, 
-126, -87, 39, 107, -82, -24, -195, -502, -239, 73, -375, 273, 
-131, -92, 39, 112, -85, -26, -195, -502, -239, 63, -375, 273, 
-131, -82, 48, 107, -90, -17, -195, -512, -239, 63, -366, 263, 
-126, -78, 48, 102, -87, -14, -195, -512, -239, 63, -366, 263, 
-126, -78, 48, 102, -87, -14, -195, -512, -239, 63, -366, 268, 
-126, -78, 48, 102, -87, -14, -195, -512, -239, 63, -366, 268, 
-136, -78, 58, 107, -97, -9, -195, -502, -239, 73, -356, 268, 
-136, -78, 58, 107, -97, -9, -195, -502, -239, 73, -356, 268, 
-136, -78, 58, 107, -97, -9, -195, -502, -239, 73, -356, 268, 
-136, -82, 53, 109, -95, -14, -195, -502, -239, 73, -356, 268, 
-131, -82, 48, 107, -90, -17, -185, -512, -239, 63, -351, 268, 
-131, -78, 53, 104, -92, -12, -185, -512, -239, 68, -356, 268, 
-131, -78, 53, 104, -92, -12, -185, -512, -239, 68, -361, 268, 
-136, -73, 63, 104, -100, -4, -185, -512, -234, 68, -361, 268, 
-126, -73, 53, 100, -90, -9, -185, -502, -244, 68, -356, 268, 
-126, -73, 53, 100, -90, -9, -185, -502, -244, 68, -356, 268, 
-126, -73, 53, 100, -90, -9, -185, -502, -244, 68, -356, 268, 
-126, -78, 48, 102, -87, -14, -185, -502, -244, 68, -356, 268, 
-126, -87, 39, 107, -82, -24, -195, -507, -239, 68, -356, 268, 
-126, -82, 43, 104, -85, -19, -195, -507, -239, 68, -356, 268, 
-126, -73, 53, 100, -90, -9, -195, -507, -234, 68, -356, 268, 
-126, -73, 53, 100, -90, -9, -195, -507, -234, 68, -356, 268, 
-126, -78, 48, 102, -87, -14, -190, -517, -244, 63, -366, 268, 
-131, -87, 43, 109, -87, -21, -185, -512, -234, 68, -361, 268, 
-146, -87, 58, 117, -102, -14, -185, -517, -234, 68, -361, 263, 
-141, -87, 53, 114, -97, -17, -185, -517, -244, 58, -361, 263, 
-136, -87, 48, 112, -92, -19, -185, -517, -244, 58, -361, 263, 
-131, -87, 43, 109, -87, -21, -185, -517, -244, 58, -361, 263, 
-126, -87, 39, 107, -82, -24, -185, -517, -244, 58, -361, 263, 
-126, -87, 39, 107, -82, -24, -185, -507, -253, 58, -361, 263, 
-126, -87, 39, 107, -82, -24, -185, -507, -253, 58, -361, 263, 
-126, -87, 39, 107, -82, -24, -185, -507, -253, 58, -361, 263, 
-126, -87, 39, 107, -82, -24, -185, -507, -253, 58, -361, 263, 
-136, -78, 58, 107, -97, -9, -185, -517, -244, 58, -351, 273, 
-136, -78, 58, 107, -97, -9, -185, -517, -244, 58, -351, 273, 
-136, -78, 58, 107, -97, -9, -185, -517, -244, 58, -351, 273, 
-136, -78, 58, 107, -97, -9, -185, -517, -244, 58, -351, 273, 
-136, -78, 58, 107, -97, -9, -175, -517, -253, 58, -361, 263, 
-136, -78, 58, 107, -97, -9, -175, -517, -253, 58, -361, 263, 
-136, -78, 58, 107, -97, -9, -175, -517, -253, 58, -361, 263, 
-136, -78, 58, 107, -97, -9, -175, -517, -253, 58, -361, 263, 
-136, -68, 68, 102, -102, 0, -175, -507, -244, 68, -351, 273, 
-136, -68, 68, 102, -102, 0, -175, -507, -244, 68, -351, 273, 
-136, -68, 68, 102, -102, 0, -175, -507, -244, 68, -351, 273, 
-136, -68, 68, 102, -102, 0, -175, -507, -244, 68, -351, 273, 
-126, -53, 73, 90, -100, 9, -185, -512, -239, 78, -346, 283, 
-126, -48, 78, 87, -102, 14, -185, -517, -234, 78, -341, 283, 
-126, -43, 82, 85, -104, 19, -185, -522, -229, 78, -336, 283, 
-126, -39, 87, 82, -107, 24, -185, -527, -224, 78, -331, 283, 
-117, -24, 92, 70, -104, 34, -195, -536, -209, 82, -326, 297, 
-117, -19, 97, 68, -107, 39, -195, -536, -204, 87, -322, 302, 
-117, -14, 102, 65, -109, 43, -195, -536, -200, 92, -317, 307, 
-117, -9, 107, 63, -112, 48, -195, -536, -195, 97, -312, 312, 
-126, -4, 122, 65, -124, 58, -204, -546, -190, 107, -307, 322, 
-126, 0, 126, 63, -126, 63, -204, -546, -185, 107, -302, 322, 
-126, 4, 131, 61, -129, 68, -204, -546, -180, 107, -297, 322, 
-126, 24, 151, 51, -139, 87, -204, -546, -170, 107, -287, 326, 
-117, 29, 146, 43, -131, 87, -214, -561, -156, 117, -283, 331, 
-117, 43, 161, 36, -139, 102, -219, -566, -151, 122, -283, 331, 
-112, 63, 175, 24, -143, 119, -234, -570, -146, 126, -278, 331, 
-112, 73, 185, 19, -148, 129, -244, -585, -131, 131, -273, 331, 
-112, 78, 190, 17, -151, 134, -248, -590, -136, 131, -268, 341, 
-112, 87, 200, 12, -156, 143, -253, -595, -136, 136, -268, 351, 
-112, 87, 200, 12, -156, 143, -263, -605, -131, 136, -268, 356, 
-112, 92, 204, 9, -158, 148, -273, -610, -131, 136, -263, 361, 
-122, 102, 224, 9, -173, 163, -283, -614, -122, 146, -258, 361, 
-117, 112, 229, 2, -173, 170, -292, -624, -122, 146, -258, 366, 
-117, 112, 229, 2, -173, 170, -302, -624, -122, 146, -253, 366, 
-117, 102, 219, 7, -168, 161, -302, -624, -126, 146, -253, 366, 
-117, 112, 229, 2, -173, 170, -302, -624, -117, 156, -244, 375, 
-117, 117, 234, 0, -175, 175, -292, -629, -117, 156, -239, 375, 
-112, 117, 229, -2, -170, 173, -292, -629, -117, 156, -239, 380, 
-107, 117, 224, -4, -165, 170, -292, -629, -117, 156, -239, 380, 
-97, 107, 204, -4, -151, 156, -287, -619, -126, 151, -239, 380, 
-82, 107, 190, -12, -136, 148, -287, -614, -131, 151, -239, 380, 
-82, 97, 180, -7, -131, 139, -283, -610, -141, 146, -244, 375, 
-78, 82, 161, -2, -119, 122, -278, -600, -146, 146, -244, 375, 
-78, 68, 146, 4, -112, 107, -253, -590, -161, 131, -248, 366, 
-78, 53, 131, 12, -104, 92, -244, -580, -165, 126, -263, 356, 
-73, 34, 107, 19, -90, 70, -234, -570, -180, 122, -278, 346, 
-73, 29, 102, 21, -87, 65, -229, -566, -190, 112, -287, 341, 
-87, 9, 97, 39, -92, 53, -229, -566, -200, 112, -278, 336, 
-92, 0, 92, 46, -92, 46, -229, -561, -200, 112, -283, 336, 
-92, -19, 73, 56, -82, 26, -224, -556, -200, 107, -287, 331, 
-92, -34, 58, 63, -75, 12, -219, -556, -204, 102, -292, 331, 
-97, -29, 68, 63, -82, 19, -209, -551, -204, 102, -292, 326, 
-107, -39, 68, 73, -87, 14, -204, -551, -209, 97, -292, 322, 
-112, -39, 73, 75, -92, 17, -200, -546, -214, 92, -297, 317, 
-117, -48, 68, 82, -92, 9, -190, -546, -214, 87, -302, 317, 
-112, -53, 58, 82, -85, 2, -195, -546, -219, 73, -317, 312, 
-117, -53, 63, 85, -90, 4, -190, -546, -224, 68, -322, 302, 
-122, -58, 63, 90, -92, 2, -190, -541, -229, 63, -331, 297, 
-122, -63, 58, 92, -90, -2, -185, -541, -234, 58, -336, 292, 
-136, -73, 63, 104, -100, -4, -180, -536, -239, 63, -326, 283, 
-136, -87, 48, 112, -92, -19, -175, -536, -244, 63, -326, 278, 
-136, -102, 34, 119, -85, -34, -170, -531, -253, 58, -336, 273, 
-136, -117, 19, 126, -78, -48, -165, -527, -258, 48, -346, 263, 
-136, -117, 19, 126, -78, -48, -161, -522, -263, 39, -346, 263, 
-136, -131, 4, 134, -70, -63, -161, -522, -263, 34, -351, 263, 
-136, -131, 4, 134, -70, -63, -161, -522, -263, 29, -356, 258, 
-136, -131, 4, 134, -70, -63, -161, -522, -263, 29, -356, 258, 
-136, -122, 14, 129, -75, -53, -161, -517, -253, 39, -346, 258, 
-131, -122, 9, 126, -70, -56, -156, -517, -253, 34, -351, 258, 
-131, -122, 9, 126, -70, -56, -156, -517, -253, 34, -351, 258, 
-136, -126, 9, 131, -73, -58, -151, -517, -253, 34, -351, 253, 
-141, -141, 0, 141, -70, -70, -141, -517, -263, 29, -341, 263, 
-141, -146, -4, 143, -68, -75, -136, -517, -268, 24, -351, 263, 
-141, -146, -4, 143, -68, -75, -136, -517, -268, 24, -351, 263, 
-141, -146, -4, 143, -68, -75, -141, -517, -268, 24, -346, 263, 
-146, -141, 4, 143, -75, -68, -151, -517, -268, 24, -356, 258, 
-146, -141, 4, 143, -75, -68, -151, -517, -268, 29, -356, 258, 
-146, -141, 4, 143, -75, -68, -146, -517, -268, 29, -356, 258, 
-141, -141, 0, 141, -70, -70, -146, -517, -268, 24, -356, 263, 
-141, -131, 9, 136, -75, -61, -146, -517, -273, 19, -361, 253, 
-146, -141, 4, 143, -75, -68, -146, -512, -273, 19, -361, 248, 
-146, -146, 0, 146, -73, -73, -146, -512, -273, 24, -361, 248, 
-146, -146, 0, 146, -73, -73, -146, -512, -268, 24, -361, 248, 
-146, -156, -9, 151, -68, -82, -151, -512, -268, 14, -361, 248, 
-146, -151, -4, 148, -70, -78, -151, -512, -268, 14, -361, 248, 
-141, -151, -9, 146, -65, -80, -151, -512, -268, 14, -361, 248, 
-141, -146, -4, 143, -68, -75, -151, -512, -268, 14, -361, 248, 
-141, -136, 4, 139, -73, -65, -156, -512, -268, 24, -351, 248, 
-141, -141, 0, 141, -70, -70, -156, -512, -273, 24, -356, 248, 
-141, -141, 0, 141, -70, -70, -151, -517, -273, 29, -356, 248, 
-141, -141, 0, 141, -70, -70, -151, -517, -273, 29, -356, 248, 
-131, -136, -4, 134, -63, -70, -156, -522, -273, 29, -356, 248, 
-131, -136, -4, 134, -63, -70, -156, -522, -273, 29, -356, 248, 
-131, -136, -4, 134, -63, -70, -156, -522, -268, 29, -356, 248, 
-131, -136, -4, 134, -63, -70, -156, -522, -268, 29, -351, 248, 
-141, -146, -4, 143, -68, -75, -156, -512, -263, 29, -351, 258, 
-141, -146, -4, 143, -68, -75, -156, -512, -263, 29, -351, 258, 
-136, -146, -9, 141, -63, -78, -156, -512, -263, 29, -351, 258, 
-136, -146, -9, 141, -63, -78, -156, -512, -263, 29, -351, 258, 
-126, -136, -9, 131, -58, -73, -146, -507, -263, 29, -351, 258, 
-136, -146, -9, 141, -63, -78, -151, -502, -263, 29, -356, 248, 
-136, -146, -9, 141, -63, -78, -156, -507, -263, 29, -346, 244, 
-131, -151, -19, 141, -56, -85, -136, -492, -263, 29, -351, 248, 
-131, -151, -19, 141, -56, -85, -131, -483, -258, 29, -351, 239, 
-126, -170, -43, 148, -41, -107, -112, -439, -253, 29, -361, 234, 
-117, -185, -68, 151, -24, -126, -92, -375, -239, 29, -366, 219, 
-107, -195, -87, 151, -9, -141, -73, -307, -209, 29, -370, 200, 
-117, -214, -97, 165, -9, -156, -43, -244, -156, 39, -375, 180, 
-117, -209, -92, 163, -12, -151, -4, -180, -97, 53, -375, 180, 
-117, -200, -82, 158, -17, -141, 24, -161, -43, 73, -356, 190, 
-126, -180, -53, 153, -36, -117, 34, -156, 0, 87, -351, 195, 
-122, -131, -9, 126, -56, -70, 9, -175, 29, 107, -331, 219, 
-117, -73, 43, 95, -80, -14, -14, -204, 48, 156, -287, 287, 
-97, 24, 122, 36, -109, 73, -53, -273, 58, 224, -204, 361, 
-73, 190, 263, -58, -168, 226, -136, -390, 78, 322, -92, 478, 
-63, 380, 444, -158, -253, 412, -268, -580, 122, 434, 43, 639, 
-43, 566, 610, -261, -326, 588, -405, -780, 126, 527, 175, 790, 
-4, 712, 717, -353, -361, 714, -517, -946, 87, 595, 297, 932, 
34, 805, 771, -419, -368, 788, -605, -1088, 9, 629, 380, 1034, 
82, 888, 805, -485, -361, 846, -712, -1244, -122, 653, 448, 1132, 
146, 976, 829, -561, -341, 902, -829, -1410, -268, 668, 531, 1263, 
200, 1068, 868, -634, -334, 968, -956, -1537, -463, 678, 605, 1390, 
244, 1146, 902, -695, -329, 1024, -1049, -1625, -707, 653, 649, 1498, 
283, 1224, 941, -753, -329, 1083, -1122, -1673, -907, 634, 692, 1590, 
302, 1278, 976, -790, -336, 1127, -1161, -1683, -1078, 614, 722, 1654, 
292, 1200, 907, -746, -307, 1054, -1146, -1634, -1205, 541, 673, 1600, 
287, 1010, 722, -649, -217, 866, -1068, -1527, -1317, 414, 541, 1459, 
273, 824, 551, -549, -139, 688, -990, -1410, -1415, 292, 424, 1317, 
239, 692, 453, -466, -107, 573, -927, -1302, -1454, 200, 322, 1190, 
204, 541, 336, -373, -65, 439, -858, -1200, -1429, 117, 219, 1058, 
190, 385, 195, -287, -2, 290, -785, -1083, -1395, 34, 97, 907, 
161, 244, 82, -202, 39, 163, -707, -961, -1351, -29, -9, 785, 
112, 136, 24, -124, 43, 80, -629, -868, -1278, -87, -102, 668, 
58, 58, 0, -58, 29, 29, -531, -775, -1195, -151, -214, 541, 
-4, -39, -34, 21, 14, -36, -429, -673, -1112, -195, -322, 405, 
-48, -131, -82, 90, 17, -107, -351, -575, -1034, -224, -395, 302, 
-53, -175, -122, 114, 34, -148, -283, -507, -932, -229, -429, 244, 
-58, -209, -151, 134, 46, -180, -234, -439, -819, -214, -439, 190, 
-82, -258, -175, 170, 46, -217, -180, -385, -717, -204, -439, 170, 
-92, -292, -200, 192, 53, -246, -141, -351, -639, -195, -429, 170, 
-87, -292, -204, 190, 58, -248, -122, -312, -566, -170, -424, 170, 
-92, -297, -204, 195, 56, -251, -117, -273, -488, -146, -419, 165, 
-102, -287, -185, 195, 41, -236, -102, -263, -419, -97, -409, 185, 
-102, -248, -146, 175, 21, -197, -92, -268, -375, -48, -390, 204, 
-102, -214, -112, 158, 4, -163, -87, -292, -351, -19, -370, 229, 
-112, -185, -73, 148, -19, -129, -102, -312, -336, 9, -341, 244, 
-122, -161, -39, 141, -41, -100, -107, -331, -336, 19, -322, 253, 
-122, -136, -14, 129, -53, -75, -122, -346, -336, 9, -312, 253, 
-117, -136, -19, 126, -48, -78, -136, -370, -322, 4, -302, 258, 
-107, -136, -29, 122, -39, -82, -136, -380, -302, 4, -307, 268, 
-102, -141, -39, 122, -31, -90, -136, -400, -268, 14, -312, 263, 
-107, -161, -53, 134, -26, -107, -122, -400, -244, 9, -326, 253, 
-131, -180, -48, 156, -41, -114, -107, -400, -214, 14, -322, 253, 
-141, -180, -39, 161, -51, -109, -102, -414, -219, 19, -331, 253, 
-146, -180, -34, 163, -56, -107, -102, -414, -224, 29, -326, 253, 
-146, -175, -29, 161, -58, -102, -107, -429, -224, 34, -326, 258, 
-141, -165, -24, 153, -58, -95, -112, -444, -229, 34, -322, 263, 
-141, -161, -19, 151, -61, -90, -117, -458, -234, 29, -312, 263, 
-141, -151, -9, 146, -65, -80, -131, -473, -239, 24, -312, 263, 
-141, -151, -9, 146, -65, -80, -136, -478, -239, 24, -312, 258, 
-146, -156, -9, 151, -68, -82, -136, -478, -229, 24, -312, 258, 
-141, -165, -24, 153, -58, -95, -136, -478, -219, 24, -326, 248, 
-141, -165, -24, 153, -58, -95, -136, -478, -214, 24, -331, 248, 
-141, -165, -24, 153, -58, -95, -131, -473, -214, 24, -331, 248, 
-136, -165, -29, 151, -53, -97, -131, -473, -214, 29, -331, 248, 
-126, -161, -34, 143, -46, -97, -126, -463, -219, 34, -322, 258, 
-126, -156, -29, 141, -48, -92, -126, -468, -224, 39, -317, 263, 
-122, -141, -19, 131, -51, -80, -126, -468, -229, 39, -312, 263, 
-122, -136, -14, 129, -53, -75, -126, -468, -234, 39, -307, 263, 
-131, -136, -4, 134, -63, -70, -136, -468, -214, 29, -307, 263, 
-131, -136, -4, 134, -63, -70, -136, -473, -214, 29, -307, 268, 
-131, -131, 0, 131, -65, -65, -136, -473, -214, 29, -307, 268, 
-131, -131, 0, 131, -65, -65, -136, -473, -214, 29, -307, 268, 
-141, -141, 0, 141, -70, -70, -136, -473, -209, 29, -307, 268, 
-141, -141, 0, 141, -70, -70, -136, -473, -209, 29, -307, 268, 
-141, -141, 0, 141, -70, -70, -136, -478, -214, 34, -307, 263, 
-141, -141, 0, 141, -70, -70, -136, -478, -214, 34, -302, 263, 
-131, -141, -9, 136, -61, -75, -126, -468, -214, 34, -312, 258, 
-131, -131, 0, 131, -65, -65, -131, -473, -209, 34, -312, 258, 
-131, -131, 0, 131, -65, -65, -131, -478, -209, 34, -312, 263, 
-131, -131, 0, 131, -65, -65, -131, -478, -204, 34, -312, 263, 
-131, -131, 0, 131, -65, -65, -131, -473, -195, 34, -302, 273, 
-131, -131, 0, 131, -65, -65, -131, -473, -195, 34, -302, 273, 
-131, -131, 0, 131, -65, -65, -131, -473, -195, 34, -302, 273, 
-131, -131, 0, 131, -65, -65, -131, -473, -195, 34, -302, 273, 
-122, -131, -9, 126, -56, -70, -131, -463, -204, 39, -292, 273, 
-122, -126, -4, 124, -58, -65, -136, -463, -204, 43, -292, 278, 
-122, -126, -4, 124, -58, -65, -136, -463, -200, 43, -292, 278, 
-117, -126, -9, 122, -53, -68, -136, -468, -200, 43, -292, 278, 
-126, -122, 4, 124, -65, -58, -146, -468, -200, 43, -302, 278, 
-126, -122, 4, 124, -65, -58, -146, -468, -200, 43, -302, 283, 
-126, -122, 4, 124, -65, -58, -146, -473, -200, 43, -302, 283, 
-126, -117, 9, 122, -68, -53, -151, -473, -200, 43, -302, 283, 
-126, -107, 19, 117, -73, -43, -141, -468, -200, 34, -292, 273, 
-126, -107, 19, 117, -73, -43, -136, -468, -200, 34, -292, 273, 
-126, -107, 19, 117, -73, -43, -136, -468, -200, 39, -292, 273, 
-126, -107, 19, 117, -73, -43, -141, -468, -200, 39, -292, 273, 
-126, -107, 19, 117, -73, -43, -141, -468, -200, 39, -283, 283, 
-122, -102, 19, 112, -70, -41, -141, -468, -200, 39, -283, 287, 
-122, -102, 19, 112, -70, -41, -141, -468, -195, 39, -287, 287, 
-126, -97, 29, 112, -78, -34, -146, -468, -195, 39, -287, 292, 
-136, -102, 34, 119, -85, -34, -146, -473, -195, 29, -287, 283, 
-136, -102, 34, 119, -85, -34, -146, -473, -190, 34, -287, 283, 
-136, -102, 34, 119, -85, -34, -141, -473, -190, 34, -287, 283, 
-136, -107, 29, 122, -82, -39, -141, -473, -190, 39, -287, 283, 
-131, -107, 24, 119, -78, -41, -141, -478, -190, 53, -287, 292, 
-126, -102, 24, 114, -75, -39, -141, -478, -190, 53, -283, 297, 
-122, -102, 19, 112, -70, -41, -141, -473, -190, 53, -273, 297, 
-117, -107, 9, 112, -63, -48, -141, -473, -190, 53, -273, 297, 
-122, -107, 14, 114, -68, -46, -151, -473, -190, 43, -263, 297, 
-122, -107, 14, 114, -68, -46, -151, -473, -190, 48, -263, 302, 
-122, -107, 14, 114, -68, -46, -151, -473, -185, 58, -263, 302, 
-122, -102, 19, 112, -70, -41, -156, -473, -185, 58, -263, 312, 
-131, -102, 29, 117, -80, -36, -146, -483, -185, 58, -263, 302, 
-131, -97, 34, 114, -82, -31, -146, -483, -190, 58, -263, 297, 
-131, -92, 39, 112, -85, -26, -151, -483, -190, 63, -263, 297, 
-126, -92, 34, 109, -80, -29, -151, -483, -185, 63, -258, 307, 
-117, -97, 19, 107, -68, -39, -161, -483, -175, 63, -253, 317, 
-117, -97, 19, 107, -68, -39, -165, -483, -175, 63, -248, 317, 
-117, -97, 19, 107, -68, -39, -165, -478, -175, 73, -248, 322, 
-117, -97, 19, 107, -68, -39, -161, -473, -170, 78, -248, 331, 
-126, -102, 24, 114, -75, -39, -161, -473, -180, 78, -248, 322, 
-122, -97, 24, 109, -73, -36, -165, -473, -180, 78, -244, 317, 
-122, -92, 29, 107, -75, -31, -170, -478, -180, 73, -244, 317, 
-122, -92, 29, 107, -75, -31, -170, -478, -180, 68, -239, 322, 
-122, -92, 29, 107, -75, -31, -170, -478, -180, 82, -239, 326, 
-122, -82, 39, 102, -80, -21, -170, -478, -180, 82, -229, 326, 
-122, -78, 43, 100, -82, -17, -175, -483, -180, 87, -229, 326, 
-117, -78, 39, 97, -78, -19, -180, -483, -180, 92, -219, 336, 
-107, -73, 34, 90, -70, -19, -180, -483, -170, 87, -219, 336, 
-107, -63, 43, 85, -75, -9, -185, -483, -170, 87, -219, 336, 
-97, -58, 39, 78, -68, -9, -190, -483, -165, 97, -214, 346, 
-97, -58, 39, 78, -68, -9, -190, -483, -165, 102, -209, 351, 
-102, -48, 53, 75, -78, 2, -190, -483, -165, 102, -204, 356, 
-102, -39, 63, 70, -82, 12, -190, -488, -165, 107, -204, 356, 
-92, -34, 58, 63, -75, 12, -190, -488, -165, 107, -204, 361, 
-92, -34, 58, 63, -75, 12, -200, -488, -165, 112, -200, 366, 
-97, -39, 58, 68, -78, 9, -195, -492, -180, 107, -185, 361, 
-97, -34, 63, 65, -80, 14, -200, -502, -180, 112, -180, 366, 
-97, -24, 73, 61, -85, 24, -204, -507, -175, 117, -175, 370, 
-87, -14, 73, 51, -80, 29, -209, -512, -170, 122, -175, 380, 
-78, -24, 53, 51, -65, 14, -214, -512, -180, 131, -165, 375, 
-78, -19, 58, 48, -68, 19, -219, -517, -175, 136, -161, 385, 
-78, -9, 68, 43, -73, 29, -224, -522, -175, 141, -156, 395, 
-78, 0, 78, 39, -78, 39, -229, -527, -180, 151, -151, 395, 
-73, 9, 82, 31, -78, 46, -229, -522, -170, 151, -141, 409, 
-73, 19, 92, 26, -82, 56, -234, -527, -170, 156, -131, 419, 
-63, 24, 87, 19, -75, 56, -234, -527, -170, 165, -122, 429, 
-63, 29, 92, 17, -78, 61, -239, -527, -170, 175, -107, 429, 
-58, 43, 102, 7, -80, 73, -248, -531, -170, 170, -107, 429, 
-58, 53, 112, 2, -85, 82, -253, -536, -170, 175, -102, 439, 
-53, 63, 117, -4, -85, 90, -258, -541, -170, 180, -92, 439, 
-48, 73, 122, -12, -85, 97, -263, -546, -170, 185, -87, 448, 
-53, 68, 122, -7, -87, 95, -263, -546, -170, 190, -82, 458, 
-53, 73, 126, -9, -90, 100, -268, -546, -170, 195, -78, 463, 
-48, 82, 131, -17, -90, 107, -278, -551, -170, 200, -68, 473, 
-43, 92, 136, -24, -90, 114, -283, -556, -170, 204, -58, 478, 
-29, 107, 136, -39, -82, 122, -287, -570, -170, 209, -48, 488, 
-29, 107, 136, -39, -82, 122, -287, -570, -165, 214, -39, 492, 
-29, 107, 136, -39, -82, 122, -292, -570, -165, 219, -34, 502, 
-24, 117, 141, -46, -82, 129, -297, -575, -165, 224, -34, 507, 
-34, 122, 156, -43, -95, 139, -302, -580, -175, 229, -19, 507, 
-29, 122, 151, -46, -90, 136, -302, -585, -180, 229, -9, 512, 
-29, 126, 156, -48, -92, 141, -302, -590, -180, 234, -9, 517, 
-29, 131, 161, -51, -95, 146, -307, -590, -180, 239, -4, 522, 
-29, 141, 170, -56, -100, 156, -322, -600, -170, 244, 4, 522, 
-29, 141, 170, -56, -100, 156, -326, -600, -165, 248, 9, 527, 
-29, 146, 175, -58, -102, 161, -331, -600, -165, 248, 14, 531, 
-29, 146, 175, -58, -102, 161, -331, -610, -165, 248, 19, 536, 
-19, 141, 161, -61, -90, 151, -346, -614, -175, 248, 24, 541, 
-19, 146, 165, -63, -92, 156, -346, -614, -175, 248, 24, 546, 
-19, 146, 165, -63, -92, 156, -346, -614, -175, 248, 19, 546, 
-19, 151, 170, -65, -95, 161, -351, -614, -175, 248, 19, 546, 
-24, 165, 190, -70, -107, 178, -341, -624, -165, 258, 24, 546, 
-24, 165, 190, -70, -107, 178, -341, -629, -165, 263, 29, 551, 
-24, 165, 190, -70, -107, 178, -341, -629, -165, 263, 34, 551, 
-24, 165, 190, -70, -107, 178, -346, -629, -165, 263, 43, 556, 
-24, 175, 200, -75, -112, 187, -346, -619, -156, 253, 53, 546, 
-24, 175, 200, -75, -112, 187, -346, -619, -156, 253, 53, 551, 
-24, 170, 195, -73, -109, 183, -346, -619, -156, 253, 53, 551, 
-19, 170, 190, -75, -104, 180, -346, -614, -151, 253, 53, 546, 
-19, 170, 190, -75, -104, 180, -356, -619, -151, 253, 48, 556, 
-24, 170, 195, -73, -109, 183, -356, -624, -151, 248, 48, 551, 
-24, 170, 195, -73, -109, 183, -351, -629, -151, 248, 53, 551, 
-24, 170, 195, -73, -109, 183, -351, -629, -151, 248, 53, 551, 
-24, 175, 200, -75, -112, 187, -351, -629, -151, 244, 53, 541, 
-29, 175, 204, -73, -117, 190, -351, -629, -146, 244, 43, 536, 
-34, 170, 204, -68, -119, 187, -346, -629, -141, 234, 39, 531, 
-39, 170, 209, -65, -124, 190, -346, -629, -141, 234, 34, 531, 
-39, 170, 209, -65, -124, 190, -326, -619, -136, 214, 39, 536, 
-43, 165, 209, -61, -126, 187, -322, -619, -131, 214, 34, 531, 
-43, 161, 204, -58, -124, 183, -317, -610, -126, 209, 29, 527, 
-48, 151, 200, -51, -124, 175, -312, -605, -122, 204, 19, 522, 
-53, 146, 200, -46, -126, 173, -307, -614, -122, 204, 24, 517, 
-58, 136, 195, -39, -126, 165, -302, -614, -122, 195, 19, 507, 
-58, 131, 190, -36, -124, 161, -292, -605, -122, 190, 14, 502, 
-63, 117, 180, -26, -122, 148, -292, -605, -126, 185, 9, 492, 
-58, 97, 156, -19, -107, 126, -283, -605, -117, 180, 14, 473, 
-63, 97, 161, -17, -112, 129, -278, -600, -117, 175, 0, 473, 
-73, 87, 161, -7, -117, 124, -273, -595, -117, 165, -9, 463, 
-78, 78, 156, 0, -117, 117, -268, -595, -126, 156, -24, 448, 
-82, 68, 151, 7, -117, 109, -258, -590, -126, 161, -24, 458, 
-87, 58, 146, 14, -117, 102, -244, -580, -126, 151, -34, 448, 
-97, 48, 146, 24, -122, 97, -234, -570, -126, 136, -34, 439, 
-107, 43, 151, 31, -129, 97, -224, -561, -126, 126, -39, 434, 
-107, 43, 151, 31, -129, 97, -234, -556, -126, 131, -48, 424, 
-107, 39, 146, 34, -126, 92, -219, -556, -126, 117, -53, 424, 
-112, 34, 146, 39, -129, 90, -219, -556, -126, 107, -58, 414, 
-117, 29, 146, 43, -131, 87, -214, -551, -126, 107, -68, 414, 
-126, 14, 141, 56, -134, 78, -204, -541, -126, 92, -63, 400, 
-131, 9, 141, 61, -136, 75, -200, -541, -131, 87, -78, 395, 
-136, 0, 136, 68, -136, 68, -195, -541, -136, 82, -82, 395, 
-136, -4, 131, 70, -134, 63, -190, -541, -136, 82, -92, 385, 
-126, -19, 107, 73, -117, 43, -175, -536, -136, 68, -87, 390, 
-126, -24, 102, 75, -114, 39, -175, -527, -136, 68, -92, 385, 
-136, -29, 107, 82, -122, 39, -170, -522, -131, 63, -92, 380, 
-136, -29, 107, 82, -122, 39, -165, -522, -131, 58, -87, 380, 
-136, -43, 92, 90, -114, 24, -175, -527, -141, 58, -97, 370, 
-136, -48, 87, 92, -112, 19, -175, -527, -146, 53, -97, 361, 
-141, -58, 82, 100, -112, 12, -170, -527, -146, 53, -97, 361, 
-141, -58, 82, 100, -112, 12, -170, -522, -146, 48, -97, 356, 
-151, -48, 102, 100, -126, 26, -156, -507, -136, 58, -97, 356, 
-151, -53, 97, 102, -124, 21, -156, -507, -136, 58, -102, 356, 
-151, -53, 97, 102, -124, 21, -151, -507, -141, 53, -107, 356, 
-151, -53, 97, 102, -124, 21, -151, -512, -141, 53, -112, 356, 
-141, -53, 87, 97, -114, 17, -151, -512, -146, 39, -102, 351, 
-141, -43, 97, 92, -119, 26, -151, -512, -146, 39, -102, 346, 
-141, -53, 87, 97, -114, 17, -151, -507, -141, 39, -102, 346, 
-141, -53, 87, 97, -114, 17, -151, -507, -136, 39, -102, 346, 
-136, -48, 87, 92, -112, 19, -151, -507, -136, 39, -102, 346, 
-136, -48, 87, 92, -112, 19, -151, -507, -136, 43, -102, 346, 
-136, -53, 82, 95, -109, 14, -156, -512, -136, 43, -97, 346, 
-136, -53, 82, 95, -109, 14, -156, -512, -136, 43, -97, 346, 
-136, -43, 92, 90, -114, 24, -146, -502, -136, 34, -87, 346, 
-136, -43, 92, 90, -114, 24, -146, -502, -136, 34, -87, 346, 
-136, -43, 92, 90, -114, 24, -141, -502, -136, 39, -82, 346, 
-151, -43, 107, 97, -129, 31, -141, -502, -136, 39, -82, 346, 
-141, -43, 97, 92, -119, 26, -156, -512, -136, 48, -82, 351, 
-141, -43, 97, 92, -119, 26, -156, -512, -136, 48, -82, 351, 
-131, -39, 92, 85, -112, 26, -156, -512, -136, 48, -78, 351, 
-131, -39, 92, 85, -112, 26, -156, -507, -131, 48, -78, 351, 
-126, -39, 87, 82, -107, 24, -156, -517, -141, 39, -68, 351, 
-126, -39, 87, 82, -107, 24, -156, -517, -141, 43, -68, 351, 
-126, -34, 92, 80, -109, 29, -156, -517, -141, 43, -68, 351, 
-126, -29, 97, 78, -112, 34, -156, -517, -136, 39, -68, 351, 
-136, -39, 97, 87, -117, 29, -156, -512, -126, 48, -58, 341, 
-136, -39, 97, 87, -117, 29, -156, -512, -131, 53, -53, 341, 
-136, -39, 97, 87, -117, 29, -156, -512, -131, 53, -53, 341, 
-131, -39, 92, 85, -112, 26, -161, -517, -131, 53, -48, 351, 
-122, -24, 97, 73, -109, 36, -165, -507, -131, 53, -58, 351, 
-122, -24, 97, 73, -109, 36, -165, -507, -131, 53, -58, 351, 
-122, -24, 97, 73, -109, 36, -165, -507, -126, 48, -58, 351, 
-117, -24, 92, 70, -104, 34, -165, -507, -126, 48, -53, 351, 
-126, -34, 92, 80, -109, 29, -165, -507, -126, 53, -43, 356, 
-126, -34, 92, 80, -109, 29, -165, -507, -122, 53, -43, 356, 
-131, -34, 97, 82, -114, 31, -165, -507, -122, 53, -43, 356, 
-131, -34, 97, 82, -114, 31, -165, -512, -126, 53, -43, 356, 
-122, -34, 87, 78, -104, 26, -165, -502, -126, 53, -34, 346, 
-122, -34, 87, 78, -104, 26, -165, -502, -122, 53, -34, 346, 
-122, -34, 87, 78, -104, 26, -165, -502, -122, 53, -34, 346, 
-122, -34, 87, 78, -104, 26, -165, -502, -122, 53, -34, 346, 
-126, -34, 92, 80, -109, 29, -165, -502, -131, 43, -39, 346, 
-126, -34, 92, 80, -109, 29, -170, -502, -131, 43, -39, 346, 
-126, -34, 92, 80, -109, 29, -170, -502, -131, 43, -34, 346, 
-126, -34, 92, 80, -109, 29, -170, -502, -131, 43, -34, 346, 
-117, -34, 82, 75, -100, 24, -161, -512, -122, 43, -39, 346, 
-117, -34, 82, 75, -100, 24, -161, -512, -122, 43, -39, 341, 
-117, -34, 82, 75, -100, 24, -156, -507, -122, 43, -39, 341, 
-117, -34, 82, 75, -100, 24, -156, -507, -122, 43, -39, 341, 
-117, -48, 68, 82, -92, 9, -156, -497, -122, 43, -39, 341, 
-117, -48, 68, 82, -92, 9, -156, -497, -122, 39, -39, 341, 
-117, -53, 63, 85, -90, 4, -156, -497, -122, 34, -39, 336, 
-122, -53, 68, 87, -95, 7, -156, -497, -122, 34, -39, 336, 
-131, -63, 68, 97, -100, 2, -151, -488, -122, 43, -34, 336, 
-131, -68, 63, 100, -97, -2, -151, -488, -122, 39, -34, 336, 
-126, -68, 58, 97, -92, -4, -151, -488, -122, 34, -34, 336, 
-126, -73, 53, 100, -90, -9, -151, -488, -122, 29, -34, 336, 
-126, -63, 63, 95, -95, 0, -151, -488, -117, 29, -34, 336, 
-126, -63, 63, 95, -95, 0, -146, -488, -117, 29, -34, 336, 
-126, -63, 63, 95, -95, 0, -146, -488, -112, 29, -34, 336, 
-126, -63, 63, 95, -95, 0, -146, -488, -112, 24, -39, 336, 
-122, -68, 53, 95, -87, -7, -141, -488, -112, 24, -39, 331, 
-122, -68, 53, 95, -87, -7, -141, -488, -112, 24, -34, 326, 
-117, -68, 48, 92, -82, -9, -141, -488, -112, 19, -34, 322, 
-117, -68, 48, 92, -82, -9, -141, -488, -112, 19, -39, 317, 
-126, -73, 53, 100, -90, -9, -141, -488, -122, 14, -48, 317, 
-136, -78, 58, 107, -97, -9, -136, -488, -122, 9, -48, 317, 
-146, -87, 58, 117, -102, -14, -136, -488, -122, 4, -48, 317, 
-151, -97, 53, 124, -102, -21, -136, -488, -122, 0, -53, 317, 
-146, -97, 48, 122, -97, -24, -136, -488, -112, 9, -53, 307, 
-141, -97, 43, 119, -92, -26, -131, -483, -112, 9, -53, 307, 
-136, -97, 39, 117, -87, -29, -131, -483, -117, 9, -53, 302, 
-131, -102, 29, 117, -80, -36, -136, -483, -117, 9, -53, 297, 
-131, -102, 29, 117, -80, -36, -126, -483, -117, 0, -48, 307, 
-131, -97, 34, 114, -82, -31, -126, -483, -117, 0, -48, 302, 
-131, -97, 34, 114, -82, -31, -122, -483, -117, 0, -48, 302, 
-131, -97, 34, 114, -82, -31, -122, -483, -117, 0, -53, 302, 
-136, -112, 24, 124, -80, -43, -117, -473, -117, -4, -63, 297, 
-141, -117, 24, 129, -82, -46, -117, -478, -117, -4, -58, 297, 
-146, -122, 24, 134, -85, -48, -112, -478, -117, -4, -58, 297, 
-156, -122, 34, 139, -95, -43, -112, -478, -117, -4, -68, 292, 
-151, -107, 43, 129, -97, -31, -126, -478, -126, -9, -63, 283, 
-146, -107, 39, 126, -92, -34, -126, -473, -126, -9, -63, 283, 
-141, -112, 29, 126, -85, -41, -126, -473, -126, -9, -63, 283, 
-136, -122, 14, 129, -75, -53, -126, -473, -126, -4, -63, 283, 
-146, -122, 24, 134, -85, -48, -122, -473, -122, -14, -53, 287, 
-146, -122, 24, 134, -85, -48, -117, -473, -122, -19, -53, 287, 
-146, -122, 24, 134, -85, -48, -112, -473, -117, -19, -53, 287, 
-146, -122, 24, 134, -85, -48, -107, -473, -112, -19, -53, 283, 
-146, -126, 19, 136, -82, -53, -102, -463, -122, -9, -58, 278, 
-146, -126, 19, 136, -82, -53, -102, -463, -122, -9, -58, 278, 
-141, -122, 19, 131, -80, -51, -102, -463, -122, -9, -63, 278, 
-141, -122, 19, 131, -80, -51, -102, -458, -122, -9, -63, 278, 
-146, -112, 34, 129, -90, -39, -97, -458, -117, -9, -63, 278, 
-146, -117, 29, 131, -87, -43, -97, -458, -117, -9, -63, 273, 
-141, -117, 24, 129, -82, -46, -97, -458, -117, -9, -58, 273, 
-141, -117, 24, 129, -82, -46, -97, -458, -122, -14, -53, 273, 
-131, -117, 14, 124, -73, -51, -102, -448, -117, -24, -43, 283, 
-131, -122, 9, 126, -70, -56, -102, -448, -117, -24, -53, 283, 
-131, -122, 9, 126, -70, -56, -97, -448, -117, -19, -58, 283, 
-131, -122, 9, 126, -70, -56, -97, -448, -117, -19, -58, 278, 
-141, -126, 14, 134, -78, -56, -97, -448, -117, -19, -53, 268, 
-141, -126, 14, 134, -78, -56, -102, -448, -112, -19, -53, 268, 
-141, -126, 14, 134, -78, -56, -102, -448, -112, -24, -53, 268, 
-141, -131, 9, 136, -75, -61, -102, -448, -112, -24, -58, 268, 
-146, -131, 14, 139, -80, -58, -102, -453, -112, -24, -58, 273, 
-146, -131, 14, 139, -80, -58, -102, -453, -112, -24, -58, 273, 
-146, -131, 14, 139, -80, -58, -97, -448, -112, -24, -53, 273, 
-146, -131, 14, 139, -80, -58, -97, -448, -122, -24, -53, 273, 
-156, -131, 24, 143, -90, -53, -87, -439, -122, -34, -63, 273, 
-156, -131, 24, 143, -90, -53, -87, -444, -122, -34, -63, 273, 
-156, -131, 24, 143, -90, -53, -92, -444, -122, -39, -63, 268, 
-151, -131, 19, 141, -85, -56, -92, -444, -117, -39, -63, 268, 
-141, -126, 14, 134, -78, -56, -82, -434, -112, -29, -53, 268, 
-141, -126, 14, 134, -78, -56, -82, -434, -112, -29, -53, 268, 
-141, -126, 14, 134, -78, -56, -82, -434, -112, -29, -58, 268, 
-141, -126, 14, 134, -78, -56, -82, -434, -117, -29, -58, 268, 
-151, -131, 19, 141, -85, -56, -82, -434, -117, -29, -53, 258, 
-151, -131, 19, 141, -85, -56, -82, -434, -117, -29, -53, 258, 
-151, -131, 19, 141, -85, -56, -82, -434, -117, -29, -53, 258, 
-151, -131, 19, 141, -85, -56, -82, -434, -122, -29, -53, 258, 
-141, -141, 0, 141, -70, -70, -82, -444, -122, -29, -58, 258, 
-141, -141, 0, 141, -70, -70, -82, -444, -117, -29, -58, 258, 
-141, -141, 0, 141, -70, -70, -82, -444, -117, -34, -58, 258, 
-146, -141, 4, 143, -75, -68, -82, -444, -122, -34, -58, 258, 
-146, -151, -4, 148, -70, -78, -92, -434, -112, -34, -53, 258, 
-146, -151, -4, 148, -70, -78, -92, -434, -107, -34, -53, 258, 
-151, -146, 4, 148, -78, -70, -92, -434, -107, -34, -53, 258, 
-151, -146, 4, 148, -78, -70, -92, -434, -107, -29, -53, 253, 
-146, -136, 9, 141, -78, -63, -82, -434, -107, -39, -39, 253, 
-146, -136, 9, 141, -78, -63, -82, -434, -107, -39, -39, 258, 
-146, -136, 9, 141, -78, -63, -78, -429, -102, -39, -39, 258, 
-146, -141, 4, 143, -75, -68, -78, -429, -102, -39, -39, 258, 
-136, -141, -4, 139, -65, -73, -78, -419, -112, -39, -39, 258, 
-136, -141, -4, 139, -65, -73, -78, -419, -112, -43, -39, 258, 
-136, -141, -4, 139, -65, -73, -78, -419, -112, -43, -39, 258, 
-141, -141, 0, 141, -70, -70, -78, -419, -112, -39, -39, 258, 
-136, -131, 4, 134, -70, -63, -78, -419, -112, -34, -39, 248, 
-136, -136, 0, 136, -68, -68, -78, -419, -112, -29, -43, 248, 
-136, -136, 0, 136, -68, -68, -78, -424, -112, -29, -43, 253, 
-141, -141, 0, 141, -70, -70, -78, -424, -112, -34, -43, 253, 
-151, -141, 9, 146, -80, -65, -78, -414, -102, -34, -43, 253, 
-146, -136, 9, 141, -78, -63, -78, -414, -102, -34, -43, 253, 
-146, -136, 9, 141, -78, -63, -78, -414, -102, -34, -43, 258, 
-146, -136, 9, 141, -78, -63, -78, -414, -102, -34, -43, 258, 
-136, -136, 0, 136, -68, -68, -68, -414, -102, -43, -34, 258, 
-136, -136, 0, 136, -68, -68, -68, -414, -102, -43, -34, 258, 
-136, -136, 0, 136, -68, -68, -68, -414, -102, -43, -34, 258, 
-136, -141, -4, 139, -65, -73, -68, -414, -102, -43, -34, 258, 
-141, -151, -9, 146, -65, -80, -68, -424, -112, -43, -34, 253, 
-141, -146, -4, 143, -68, -75, -68, -424, -112, -39, -34, 248, 
-141, -146, -4, 143, -68, -75, -68, -424, -112, -39, -34, 244, 
-146, -141, 4, 143, -75, -68, -68, -424, -107, -39, -29, 239, 
-146, -141, 4, 143, -75, -68, -68, -414, -107, -39, -24, 248, 
-146, -141, 4, 143, -75, -68, -68, -414, -107, -39, -24, 248, 
-146, -141, 4, 143, -75, -68, -68, -414, -107, -39, -24, 248, 
-146, -146, 0, 146, -73, -73, -68, -414, -107, -39, -24, 248, 
-136, -146, -9, 141, -63, -78, -68, -419, -112, -39, -34, 248, 
-136, -141, -4, 139, -65, -73, -68, -419, -112, -39, -34, 248, 
-136, -131, 4, 134, -70, -63, -68, -419, -107, -39, -34, 248, 
-136, -131, 4, 134, -70, -63, -68, -419, -107, -39, -34, 248, 
-146, -146, 0, 146, -73, -73, -63, -419, -107, -43, -34, 239, 
-151, -146, 4, 148, -78, -70, -68, -424, -97, -39, -29, 239, 
-136, -136, 0, 136, -68, -68, -58, -419, -97, -39, -29, 244, 
-136, -146, -9, 141, -63, -78, -58, -409, -97, -39, -29, 244, 
-136, -146, -9, 141, -63, -78, -58, -409, -97, -39, -29, 244, 
-136, -146, -9, 141, -63, -78, -58, -409, -97, -39, -29, 244, 
-136, -146, -9, 141, -63, -78, -58, -409, -97, -39, -29, 244, 
-141, -146, -4, 143, -68, -75, -68, -419, -107, -48, -29, 239, 
-146, -146, 0, 146, -73, -73, -68, -419, -107, -48, -29, 234, 
-151, -146, 4, 148, -78, -70, -68, -419, -107, -48, -29, 229, 
-156, -146, 9, 151, -82, -68, -68, -419, -107, -48, -29, 224, 
-151, -146, 4, 148, -78, -70, -58, -409, -97, -39, -19, 234, 
-146, -146, 0, 146, -73, -73, -58, -409, -97, -39, -19, 234, 
-141, -146, -4, 143, -68, -75, -58, -409, -97, -39, -19, 234, 
-136, -146, -9, 141, -63, -78, -58, -409, -97, -39, -19, 234, 
-146, -156, -9, 151, -68, -82, -68, -409, -97, -48, -19, 224, 
-146, -156, -9, 151, -68, -82, -68, -409, -97, -48, -19, 224, 
-146, -156, -9, 151, -68, -82, -68, -409, -97, -48, -19, 224, 
-146, -156, -9, 151, -68, -82, -68, -409, -97, -48, -19, 224, 
-136, -165, -29, 151, -53, -97, -58, -409, -87, -39, -9, 234, 
-136, -165, -29, 151, -53, -97, -58, -409, -87, -39, -9, 234, 
-136, -165, -29, 151, -53, -97, -58, -409, -87, -39, -9, 234, 
-136, -165, -29, 151, -53, -97, -58, -409, -87, -39, -9, 234, 
-126, -151, -24, 139, -51, -87, -58, -400, -78, -39, -19, 234, 
-126, -146, -19, 136, -53, -82, -58, -400, -78, -39, -19, 234, 
-126, -141, -14, 134, -56, -78, -58, -400, -78, -39, -19, 234, 
-126, -136, -9, 131, -58, -73, -58, -400, -78, -39, -19, 234, 
-126, -126, 0, 126, -63, -63, -68, -409, -68, -39, -9, 244, 
-126, -126, 0, 126, -63, -63, -68, -409, -68, -39, -9, 244, 
-126, -126, 0, 126, -63, -63, -68, -409, -68, -39, -9, 244, 
-126, -126, 0, 126, -63, -63, -68, -409, -68, -39, -9, 244, 
-117, -122, -4, 119, -56, -63, -68, -409, -58, -29, 4, 248, 
-117, -117, 0, 117, -58, -58, -68, -409, -48, -19, 9, 253, 
-117, -112, 4, 114, -61, -53, -68, -409, -39, -9, 14, 258, 
-117, -107, 9, 112, -63, -48, -68, -409, -29, 0, 19, 263, 
-126, -102, 24, 114, -75, -39, -78, -414, -19, 9, 24, 268, 
-126, -97, 29, 112, -78, -34, -78, -419, -19, 9, 29, 273, 
-126, -92, 34, 109, -80, -29, -78, -424, -19, 9, 34, 278, 
-126, -87, 39, 107, -82, -24, -78, -429, -19, 9, 39, 283, 
-117, -78, 39, 97, -78, -19, -78, -429, -4, 9, 39, 283, 
-117, -68, 48, 92, -82, -9, -78, -429, 0, 9, 39, 283, 
-117, -43, 73, 80, -95, 14, -78, -429, 9, 9, 43, 287, 
-117, -34, 82, 75, -100, 24, -87, -434, 24, 14, 48, 292, 
-117, -14, 102, 65, -109, 43, -107, -444, 24, 24, 48, 292, 
-112, 0, 112, 56, -112, 56, -126, -453, 24, 24, 53, 292, 
-112, 4, 117, 53, -114, 61, -141, -473, 34, 24, 58, 292, 
-112, 14, 126, 48, -119, 70, -151, -483, 39, 34, 63, 292, 
-122, 19, 141, 51, -131, 80, -151, -478, 39, 48, 68, 312, 
-122, 24, 146, 48, -134, 85, -156, -488, 43, 48, 73, 317, 
-122, 34, 156, 43, -139, 95, -161, -492, 43, 48, 82, 322, 
-122, 43, 165, 39, -143, 104, -165, -497, 43, 58, 92, 322, 
-107, 48, 156, 29, -131, 102, -175, -507, 43, 53, 87, 322, 
-107, 43, 151, 31, -129, 97, -185, -507, 43, 48, 87, 317, 
-107, 29, 136, 39, -122, 82, -185, -507, 39, 43, 82, 312, 
-107, 24, 131, 41, -119, 78, -185, -507, 39, 39, 78, 307, 
-107, 29, 136, 39, -122, 82, -165, -507, 39, 39, 82, 307, 
-102, 29, 131, 36, -117, 80, -165, -502, 39, 39, 82, 312, 
-97, 29, 126, 34, -112, 78, -165, -497, 39, 39, 82, 312, 
-97, 29, 126, 34, -112, 78, -161, -492, 39, 43, 82, 312, 
-78, 29, 107, 24, -92, 68, -151, -478, 34, 53, 82, 312, 
-73, 19, 92, 26, -82, 56, -146, -473, 24, 48, 78, 307, 
-63, 4, 68, 29, -65, 36, -141, -463, 19, 48, 78, 307, 
-48, 0, 48, 24, -48, 24, -126, -453, 14, 43, 78, 307, 
-58, -14, 43, 36, -51, 14, -112, -434, 9, 29, 68, 307, 
-53, -34, 19, 43, -36, -7, -97, -424, -4, 24, 58, 297, 
-53, -39, 14, 46, -34, -12, -87, -419, -14, 14, 53, 292, 
-58, -53, 4, 56, -31, -24, -82, -419, -24, 14, 53, 287, 
-68, -58, 9, 63, -39, -24, -73, -414, -24, 24, 53, 283, 
-73, -73, 0, 73, -36, -36, -68, -409, -24, 19, 53, 273, 
-78, -82, -4, 80, -36, -43, -63, -409, -29, 14, 53, 268, 
-87, -87, 0, 87, -43, -43, -53, -405, -29, 14, 58, 258, 
-97, -87, 9, 92, -53, -39, -58, -414, -34, 4, 48, 253, 
-102, -87, 14, 95, -58, -36, -53, -409, -39, -4, 43, 248, 
-107, -97, 9, 102, -58, -43, -43, -409, -39, -14, 39, 248, 
-112, -107, 4, 109, -58, -51, -39, -409, -43, -24, 34, 244, 
-112, -122, -9, 117, -51, -65, -34, -405, -48, -19, 39, 244, 
-112, -131, -19, 122, -46, -75, -34, -395, -53, -24, 29, 239, 
-107, -141, -34, 124, -36, -87, -29, -390, -58, -29, 24, 234, 
-107, -146, -39, 126, -34, -92, -24, -380, -63, -34, 24, 224, 
-117, -156, -39, 136, -39, -97, -19, -390, -58, -43, 24, 214, 
-117, -165, -48, 141, -34, -107, -14, -385, -68, -48, 14, 204, 
-117, -175, -58, 146, -29, -117, -9, -380, -73, -58, 4, 190, 
-117, -175, -58, 146, -29, -117, -4, -375, -78, -58, 4, 185, 
-117, -175, -58, 146, -29, -117, -4, -375, -68, -53, 9, 190, 
-117, -170, -53, 143, -31, -112, -4, -375, -68, -58, 4, 190, 
-117, -165, -48, 141, -34, -107, -4, -375, -68, -58, 4, 195, 
-117, -161, -43, 139, -36, -102, -4, -370, -68, -58, 4, 200, 
-122, -175, -53, 148, -34, -114, 0, -370, -58, -53, 0, 200, 
-122, -180, -58, 151, -31, -119, 0, -370, -58, -53, 0, 200, 
-126, -190, -63, 158, -31, -126, 4, -370, -58, -53, 0, 195, 
-131, -200, -68, 165, -31, -134, 4, -370, -58, -58, 0, 195, 
-126, -204, -78, 165, -24, -141, 9, -361, -73, -53, -4, 204, 
-122, -204, -82, 163, -19, -143, 9, -361, -73, -53, 0, 204, 
-117, -204, -87, 161, -14, -146, 4, -361, -73, -53, 9, 204, 
-117, -200, -82, 158, -17, -141, 4, -361, -73, -53, 14, 200, 
-117, -195, -78, 156, -19, -136, 4, -361, -63, -48, 14, 200, 
-117, -190, -73, 153, -21, -131, 9, -361, -63, -48, 14, 200, 
-112, -185, -73, 148, -19, -129, 9, -361, -63, -53, 14, 204, 
-112, -180, -68, 146, -21, -124, 9, -361, -68, -58, 9, 204, 
-117, -190, -73, 153, -21, -131, 19, -356, -68, -58, 14, 190, 
-117, -195, -78, 156, -19, -136, 19, -356, -68, -53, 19, 190, 
-117, -195, -78, 156, -19, -136, 19, -356, -63, -53, 24, 190, 
-117, -195, -78, 156, -19, -136, 24, -356, -63, -53, 29, 190, 
-126, -180, -53, 153, -36, -117, 24, -351, -63, -53, 19, 190, 
-122, -180, -58, 151, -31, -119, 24, -346, -63, -53, 19, 190, 
-122, -175, -53, 148, -34, -114, 24, -341, -63, -53, 19, 190, 
-122, -175, -53, 148, -34, -114, 19, -336, -63, -53, 19, 190, 
-117, -180, -63, 148, -26, -122, 19, -346, -58, -58, 24, 190, 
-112, -180, -68, 146, -21, -124, 24, -351, -58, -58, 24, 190, 
-107, -180, -73, 143, -17, -126, 24, -351, -58, -63, 24, 190, 
-102, -175, -73, 139, -14, -124, 19, -346, -58, -68, 24, 190, 
-112, -175, -63, 143, -24, -119, 29, -346, -48, -63, 34, 190, 
-112, -175, -63, 143, -24, -119, 29, -346, -43, -58, 34, 190, 
-112, -175, -63, 143, -24, -119, 29, -346, -43, -53, 39, 190, 
-112, -175, -63, 143, -24, -119, 29, -346, -39, -48, 39, 190, 
-112, -165, -53, 139, -29, -109, 29, -336, -48, -48, 48, 190, 
-107, -165, -58, 136, -24, -112, 29, -336, -48, -48, 48, 190, 
-107, -165, -58, 136, -24, -112, 29, -336, -48, -48, 48, 190, 
-107, -165, -58, 136, -24, -112, 29, -331, -48, -48, 48, 190, 
-87, -165, -78, 126, -4, -122, 34, -326, -48, -48, 43, 190, 
-78, -175, -97, 126, 9, -136, 48, -312, -39, -48, 53, 185, 
-82, -190, -107, 136, 12, -148, 58, -287, -39, -48, 48, 180, 
-92, -219, -126, 156, 17, -173, 73, -248, -24, -39, 39, 170, 
-97, -248, -151, 173, 26, -200, 102, -204, 0, -48, 29, 156, 
-87, -273, -185, 180, 48, -229, 131, -151, 34, -48, 24, 131, 
-58, -273, -214, 165, 78, -244, 161, -92, 92, -39, 29, 112, 
-78, -273, -195, 175, 58, -234, 190, -48, 165, 0, 34, 112, 
-107, -268, -161, 187, 26, -214, 209, -34, 214, 34, 53, 122, 
-126, -239, -112, 183, -7, -175, 219, -34, 239, 43, 63, 131, 
-107, -170, -63, 139, -21, -117, 200, -48, 263, 68, 87, 165, 
-92, -92, 0, 92, -46, -46, 156, -107, 283, 97, 136, 219, 
-78, 14, 92, 31, -85, 53, 82, -185, 273, 165, 219, 307, 
-58, 190, 248, -65, -153, 219, 4, -312, 302, 263, 341, 429, 
-63, 385, 448, -161, -256, 417, -97, -478, 331, 370, 483, 585, 
-43, 556, 600, -256, -322, 578, -239, -649, 307, 453, 619, 746, 
4, 683, 678, -344, -336, 680, -336, -790, 253, 536, 722, 878, 
34, 780, 746, -407, -356, 763, -409, -897, 146, 585, 805, 990, 
73, 873, 800, -473, -363, 836, -517, -1029, 0, 619, 897, 1122, 
151, 1005, 854, -578, -351, 929, -624, -1156, -180, 653, 1005, 1278, 
214, 1102, 888, -658, -336, 995, -722, -1263, -424, 639, 1068, 1400, 
248, 1176, 927, -712, -339, 1051, -810, -1351, -707, 590, 1102, 1507, 
283, 1244, 961, -763, -339, 1102, -893, -1410, -961, 556, 1146, 1595, 
302, 1283, 980, -793, -339, 1132, -927, -1420, -1151, 507, 1171, 1639, 
283, 1200, 917, -741, -317, 1058, -907, -1371, -1293, 429, 1112, 1586, 
263, 995, 732, -629, -234, 863, -834, -1293, -1400, 307, 1005, 1454, 
239, 805, 566, -522, -163, 685, -756, -1215, -1473, 200, 883, 1322, 
214, 688, 473, -451, -129, 580, -697, -1127, -1483, 117, 785, 1210, 
209, 566, 356, -387, -73, 461, -624, -1019, -1444, 43, 702, 1093, 
195, 414, 219, -305, -12, 317, -527, -888, -1390, -29, 590, 951, 
161, 287, 126, -224, 17, 207, -444, -771, -1327, -102, 488, 819, 
131, 175, 43, -153, 43, 109, -366, -688, -1244, -175, 370, 668, 
53, 48, -4, -51, 29, 21, -287, -605, -1141, -244, 248, 512, 
-9, -78, -68, 43, 29, -73, -200, -512, -1019, -297, 136, 356, 
-24, -146, -122, 85, 48, -134, -117, -439, -917, -312, 68, 248, 
-19, -180, -161, 100, 70, -170, -58, -370, -780, -302, 34, 175, 
-53, -224, -170, 139, 58, -197, -9, -312, -639, -278, 39, 146, 
-68, -278, -209, 173, 70, -244, 39, -283, -527, -263, 29, 122, 
-73, -307, -234, 190, 80, -270, 82, -239, -434, -253, 19, 112, 
-73, -312, -239, 192, 82, -275, 112, -185, -346, -234, 39, 122, 
-68, -292, -224, 180, 78, -258, 122, -146, -273, -200, 53, 131, 
-63, -287, -224, 175, 80, -256, 126, -136, -214, -146, 78, 136, 
-73, -278, -204, 175, 65, -241, 131, -136, -165, -107, 97, 146, 
-73, -229, -156, 151, 41, -192, 122, -151, -131, -68, 126, 165, 
-73, -195, -122, 134, 24, -158, 107, -175, -117, -39, 165, 190, 
-63, -185, -122, 124, 29, -153, 102, -195, -112, -29, 185, 195, 
-53, -161, -107, 107, 26, -134, 107, -195, -82, -29, 185, 214, 
-63, -146, -82, 104, 9, -114, 112, -200, -53, -39, 185, 234, 
-78, -156, -78, 117, 0, -117, 107, -204, -39, -53, 175, 219, 
-78, -165, -87, 122, 4, -126, 97, -214, -19, -53, 170, 209, 
-82, -180, -97, 131, 7, -139, 97, -224, -4, -53, 165, 214, 
-78, -190, -112, 134, 17, -151, 102, -224, 0, -48, 170, 195, 
-82, -200, -117, 141, 17, -158, 97, -234, -9, -34, 175, 195, 
-82, -190, -107, 136, 12, -148, 112, -248, 0, -29, 180, 200, 
-87, -190, -102, 139, 7, -146, 112, -248, 0, -19, 190, 204, 
-87, -185, -97, 136, 4, -141, 107, -263, 4, -14, 195, 214, 
-82, -175, -92, 129, 4, -134, 102, -278, 4, -14, 204, 224, 
-73, -180, -107, 126, 17, -143, 102, -283, 9, -9, 209, 234, 
-73, -170, -97, 122, 12, -134, 92, -287, 14, -14, 214, 234, 
-73, -170, -97, 122, 12, -134, 92, -283, 24, -14, 219, 229, 
-78, -175, -97, 126, 9, -136, 97, -273, 43, -14, 224, 229, 
-92, -185, -92, 139, 0, -139, 107, -263, 43, -14, 219, 219, 
-92, -185, -92, 139, 0, -139, 107, -263, 48, -14, 214, 219, 
-92, -185, -92, 139, 0, -139, 112, -258, 48, -14, 214, 219, 
-87, -185, -97, 136, 4, -141, 112, -258, 48, -9, 214, 219, 
-92, -185, -92, 139, 0, -139, 107, -263, 58, -14, 224, 219, 
-97, -185, -87, 141, -4, -136, 107, -273, 58, -9, 229, 224, 
-97, -175, -78, 136, -9, -126, 107, -278, 58, -9, 234, 224, 
-102, -175, -73, 139, -14, -124, 107, -283, 58, -9, 239, 224, 
-92, -175, -82, 134, -4, -129, 117, -278, 68, -9, 239, 234, 
-92, -175, -82, 134, -4, -129, 117, -278, 68, -9, 239, 239, 
-92, -170, -78, 131, -7, -124, 117, -273, 68, -9, 239, 239, 
-92, -170, -78, 131, -7, -124, 117, -268, 68, -9, 239, 239, 
-82, -161, -78, 122, -2, -119, 107, -268, 73, 0, 244, 248, 
-82, -161, -78, 122, -2, -119, 107, -268, 73, 0, 248, 248, 
-82, -161, -78, 122, -2, -119, 107, -273, 68, 4, 253, 244, 
-82, -161, -78, 122, -2, -119, 107, -273, 68, 4, 263, 244, 
-73, -151, -78, 112, 2, -114, 112, -268, 78, 14, 268, 258, 
-73, -141, -68, 107, -2, -104, 112, -268, 82, 14, 273, 258, 
-73, -141, -68, 107, -2, -104, 117, -268, 82, 14, 278, 263, 
-73, -141, -68, 107, -2, -104, 122, -263, 87, 14, 283, 263, 
-73, -156, -82, 114, 4, -119, 122, -248, 87, 14, 283, 253, 
-73, -161, -87, 117, 7, -124, 122, -248, 87, 14, 283, 253, 
-73, -165, -92, 119, 9, -129, 122, -248, 87, 14, 283, 253, 
-73, -170, -97, 122, 12, -134, 122, -248, 87, 14, 283, 253, 
-73, -161, -87, 117, 7, -124, 122, -258, 87, 9, 292, 253, 
-73, -156, -82, 114, 4, -119, 117, -258, 87, 14, 292, 258, 
-73, -156, -82, 114, 4, -119, 117, -258, 92, 14, 292, 258, 
-68, -156, -87, 112, 9, -122, 117, -263, 92, 14, 292, 258, 
-78, -161, -82, 119, 2, -122, 126, -258, 92, 24, 297, 263, 
-78, -161, -82, 119, 2, -122, 126, -253, 92, 24, 302, 273, 
-78, -161, -82, 119, 2, -122, 126, -253, 92, 24, 307, 278, 
-78, -156, -78, 117, 0, -117, 122, -248, 92, 24, 312, 283, 
-87, -165, -78, 126, -4, -122, 131, -244, 92, 24, 322, 283, 
-87, -165, -78, 126, -4, -122, 136, -244, 92, 24, 322, 283, 
-87, -165, -78, 126, -4, -122, 136, -244, 92, 29, 322, 283, 
-87, -165, -78, 126, -4, -122, 131, -244, 92, 29, 322, 283, 
-78, -156, -78, 117, 0, -117, 122, -253, 92, 29, 331, 283, 
-73, -151, -78, 112, 2, -114, 122, -253, 92, 29, 331, 287, 
-73, -151, -78, 112, 2, -114, 122, -253, 97, 29, 326, 287, 
-78, -146, -68, 112, -4, -107, 117, -253, 97, 29, 326, 292, 
-68, -136, -68, 102, 0, -102, 117, -248, 97, 29, 331, 292, 
-68, -131, -63, 100, -2, -97, 117, -248, 102, 34, 336, 292, 
-68, -126, -58, 97, -4, -92, 122, -248, 102, 34, 341, 292, 
-68, -126, -58, 97, -4, -92, 122, -248, 102, 39, 346, 292, 
-68, -136, -68, 102, 0, -102, 117, -253, 102, 43, 356, 302, 
-68, -131, -63, 100, -2, -97, 122, -253, 102, 43, 361, 307, 
-68, -131, -63, 100, -2, -97, 126, -248, 102, 43, 370, 307, 
-68, -136, -68, 102, 0, -102, 131, -248, 102, 43, 370, 307, 
-73, -136, -63, 104, -4, -100, 122, -239, 112, 43, 370, 307, 
-73, -136, -63, 104, -4, -100, 122, -239, 112, 48, 370, 312, 
-73, -136, -63, 104, -4, -100, 122, -239, 117, 58, 370, 312, 
-73, -131, -58, 102, -7, -95, 117, -239, 117, 58, 370, 322, 
-63, -131, -68, 97, 2, -100, 126, -239, 117, 58, 375, 331, 
-63, -126, -63, 95, 0, -95, 126, -239, 112, 58, 380, 326, 
-63, -122, -58, 92, -2, -90, 122, -239, 112, 63, 385, 326, 
-58, -122, -63, 90, 2, -92, 122, -239, 117, 63, 395, 336, 
-48, -117, -68, 82, 9, -92, 131, -234, 126, 73, 409, 341, 
-48, -117, -68, 82, 9, -92, 126, -239, 126, 73, 414, 346, 
-48, -117, -68, 82, 9, -92, 126, -239, 126, 82, 414, 356, 
-48, -117, -68, 82, 9, -92, 131, -239, 131, 87, 414, 370, 
-48, -102, -53, 75, 2, -78, 122, -239, 122, 82, 414, 366, 
-43, -97, -53, 70, 4, -75, 117, -239, 122, 87, 419, 356, 
-43, -92, -48, 68, 2, -70, 112, -244, 122, 87, 419, 351, 
-43, -92, -48, 68, 2, -70, 112, -244, 122, 87, 424, 351, 
-53, -102, -48, 78, -2, -75, 117, -239, 131, 92, 434, 370, 
-53, -92, -39, 73, -7, -65, 122, -234, 131, 92, 444, 375, 
-53, -87, -34, 70, -9, -61, 122, -234, 131, 97, 444, 380, 
-48, -87, -39, 68, -4, -63, 122, -229, 131, 102, 453, 395, 
-58, -82, -24, 70, -17, -53, 112, -234, 122, 107, 453, 395, 
-58, -73, -14, 65, -21, -43, 107, -239, 122, 107, 453, 395, 
-48, -68, -19, 58, -14, -43, 102, -244, 126, 117, 458, 405, 
-48, -68, -19, 58, -14, -43, 102, -248, 126, 122, 463, 409, 
-53, -68, -14, 61, -19, -41, 102, -239, 117, 122, 478, 414, 
-53, -58, -4, 56, -24, -31, 102, -244, 117, 126, 478, 414, 
-43, -53, -9, 48, -17, -31, 102, -244, 117, 126, 478, 419, 
-43, -53, -9, 48, -17, -31, 92, -244, 117, 131, 483, 424, 
-39, -48, -9, 43, -14, -29, 92, -244, 112, 136, 497, 439, 
-39, -43, -4, 41, -17, -24, 92, -248, 112, 141, 502, 444, 
-39, -34, 4, 36, -21, -14, 92, -248, 117, 146, 507, 448, 
-29, -24, 4, 26, -17, -9, 92, -248, 122, 151, 507, 458, 
-19, -14, 4, 17, -12, -4, 87, -248, 117, 161, 527, 463, 
-19, -9, 9, 14, -14, 0, 82, -253, 117, 165, 531, 473, 
-19, 0, 19, 9, -19, 9, 78, -258, 112, 170, 536, 483, 
-19, 9, 29, 4, -24, 19, 73, -263, 102, 180, 541, 483, 
-24, 9, 34, 7, -29, 21, 73, -268, 102, 180, 551, 492, 
-24, 19, 43, 2, -34, 31, 68, -273, 102, 185, 561, 507, 
-14, 24, 39, -4, -26, 31, 68, -273, 102, 195, 570, 522, 
-14, 29, 43, -7, -29, 36, 63, -273, 102, 204, 585, 527, 
-9, 43, 53, -17, -31, 48, 53, -287, 97, 200, 595, 546, 
-9, 53, 63, -21, -36, 58, 48, -292, 92, 204, 600, 556, 
-4, 63, 68, -29, -36, 65, 43, -297, 87, 209, 610, 556, 
0, 73, 73, -36, -36, 73, 39, -302, 82, 214, 614, 566, 
-4, 68, 73, -31, -39, 70, 29, -302, 82, 229, 619, 585, 
-4, 73, 78, -34, -41, 75, 24, -302, 82, 234, 624, 590, 
0, 82, 82, -41, -41, 82, 14, -307, 82, 239, 634, 600, 
4, 92, 87, -48, -41, 90, 9, -312, 82, 244, 644, 605, 
19, 117, 97, -68, -39, 107, 14, -317, 68, 248, 644, 614, 
19, 117, 97, -68, -39, 107, 14, -317, 68, 253, 653, 619, 
19, 117, 97, -68, -39, 107, 9, -317, 63, 258, 658, 629, 
24, 126, 102, -75, -39, 114, 4, -322, 58, 263, 658, 634, 
24, 136, 112, -80, -43, 124, 0, -326, 58, 268, 673, 644, 
29, 141, 112, -85, -41, 126, 0, -331, 53, 268, 683, 649, 
29, 151, 122, -90, -46, 136, 0, -336, 53, 273, 683, 653, 
29, 161, 131, -95, -51, 146, -4, -336, 53, 278, 688, 658, 
39, 170, 131, -104, -46, 151, 0, -336, 53, 283, 697, 663, 
39, 170, 131, -104, -46, 151, -4, -336, 58, 287, 702, 673, 
39, 175, 136, -107, -48, 156, -9, -336, 58, 287, 707, 683, 
39, 175, 136, -107, -48, 156, -9, -346, 58, 287, 712, 692, 
39, 190, 151, -114, -56, 170, -24, -361, 53, 287, 707, 697, 
39, 195, 156, -117, -58, 175, -24, -361, 48, 287, 707, 702, 
39, 195, 156, -117, -58, 175, -24, -361, 43, 287, 702, 702, 
39, 200, 161, -119, -61, 180, -29, -361, 39, 287, 702, 702, 
34, 204, 170, -119, -68, 187, -29, -361, 48, 287, 712, 712, 
34, 204, 170, -119, -68, 187, -29, -366, 48, 292, 712, 717, 
34, 204, 170, -119, -68, 187, -29, -366, 48, 292, 712, 717, 
34, 204, 170, -119, -68, 187, -34, -366, 48, 292, 717, 722, 
34, 209, 175, -122, -70, 192, -34, -375, 48, 302, 707, 732, 
34, 214, 180, -124, -73, 197, -34, -375, 48, 302, 707, 736, 
34, 214, 180, -124, -73, 197, -34, -375, 48, 302, 707, 736, 
39, 219, 180, -129, -70, 200, -34, -370, 53, 302, 707, 732, 
39, 219, 180, -129, -70, 200, -34, -370, 58, 312, 702, 732, 
34, 219, 185, -126, -75, 202, -34, -370, 63, 307, 702, 727, 
34, 219, 185, -126, -75, 202, -29, -370, 68, 307, 707, 727, 
34, 219, 185, -126, -75, 202, -29, -366, 73, 307, 707, 727, 
34, 204, 170, -119, -68, 187, -24, -361, 82, 302, 707, 727, 
29, 204, 175, -117, -73, 190, -19, -356, 87, 302, 697, 722, 
24, 200, 175, -112, -75, 187, -9, -351, 92, 292, 692, 717, 
19, 200, 180, -109, -80, 190, -4, -346, 92, 292, 688, 717, 
9, 185, 175, -97, -82, 180, 4, -346, 102, 292, 673, 712, 
4, 175, 170, -90, -82, 173, 9, -346, 102, 292, 668, 707, 
4, 165, 161, -85, -78, 163, 14, -336, 102, 287, 663, 702, 
0, 151, 151, -75, -75, 151, 19, -331, 102, 283, 653, 697, 
-4, 146, 151, -70, -78, 148, 34, -331, 117, 283, 658, 692, 
-9, 136, 146, -63, -78, 141, 39, -331, 122, 273, 653, 683, 
-9, 131, 141, -61, -75, 136, 48, -322, 126, 268, 649, 678, 
-14, 117, 131, -51, -73, 124, 48, -322, 126, 263, 644, 668, 
-19, 112, 131, -46, -75, 122, 48, -322, 136, 258, 639, 649, 
-24, 117, 141, -46, -82, 129, 53, -317, 136, 253, 624, 649, 
-34, 112, 146, -39, -90, 129, 58, -312, 136, 244, 614, 639, 
-39, 107, 146, -34, -92, 126, 63, -312, 126, 234, 600, 624, 
-48, 102, 151, -26, -100, 126, 78, -302, 126, 239, 580, 614, 
-48, 87, 136, -19, -92, 112, 87, -297, 126, 229, 570, 605, 
-53, 73, 126, -9, -90, 100, 92, -292, 126, 214, 570, 595, 
-58, 63, 122, -2, -90, 92, 97, -287, 126, 204, 566, 590, 
-58, 43, 102, 7, -80, 73, 97, -283, 122, 204, 556, 580, 
-58, 39, 97, 9, -78, 68, 112, -283, 126, 195, 551, 580, 
-63, 34, 97, 14, -80, 65, 112, -283, 131, 190, 546, 570, 
-68, 29, 97, 19, -82, 63, 117, -278, 136, 195, 536, 570, 
-68, 24, 92, 21, -80, 58, 117, -278, 136, 190, 541, 566, 
-73, 19, 92, 26, -82, 56, 122, -278, 131, 185, 527, 561, 
-78, 9, 87, 34, -82, 48, 126, -278, 126, 180, 522, 561, 
-78, 4, 82, 36, -80, 43, 131, -278, 126, 180, 512, 551, 
-78, 9, 87, 34, -82, 48, 136, -273, 136, 175, 517, 546, 
-78, 4, 82, 36, -80, 43, 136, -263, 136, 175, 512, 541, 
-87, 0, 87, 43, -87, 43, 141, -258, 141, 170, 512, 536, 
-87, 0, 87, 43, -87, 43, 146, -258, 141, 165, 517, 536, 
-97, -4, 92, 51, -95, 43, 146, -253, 131, 165, 512, 536, 
-97, -9, 87, 53, -92, 39, 146, -253, 126, 161, 507, 527, 
-102, -19, 82, 61, -92, 31, 151, -253, 126, 161, 502, 527, 
-102, -19, 82, 61, -92, 31, 151, -248, 126, 156, 497, 522, 
-92, -9, 82, 51, -87, 36, 156, -244, 126, 156, 497, 522, 
-92, -14, 78, 53, -85, 31, 156, -244, 126, 156, 492, 522, 
-92, -14, 78, 53, -85, 31, 161, -244, 122, 151, 488, 522, 
-92, -14, 78, 53, -85, 31, 161, -248, 122, 151, 483, 522, 
-102, -24, 78, 63, -90, 26, 161, -248, 117, 146, 483, 517, 
-102, -14, 87, 58, -95, 36, 161, -248, 117, 146, 483, 512, 
-102, -24, 78, 63, -90, 26, 161, -244, 122, 146, 483, 512, 
-102, -24, 78, 63, -90, 26, 161, -244, 126, 146, 483, 512, 
-87, -19, 68, 53, -78, 24, 161, -244, 117, 136, 473, 502, 
-87, -19, 68, 53, -78, 24, 161, -244, 117, 141, 473, 502, 
-87, -24, 63, 56, -75, 19, 156, -248, 117, 141, 478, 502, 
-87, -24, 63, 56, -75, 19, 156, -248, 117, 141, 478, 502, 
-97, -34, 63, 65, -80, 14, 156, -248, 117, 151, 488, 512, 
-97, -34, 63, 65, -80, 14, 156, -248, 117, 151, 488, 512, 
-97, -34, 63, 65, -80, 14, 161, -248, 117, 156, 492, 512, 
-112, -34, 78, 73, -95, 21, 161, -248, 117, 156, 492, 512, 
-102, -34, 68, 68, -85, 17, 156, -248, 117, 146, 483, 512, 
-102, -34, 68, 68, -85, 17, 156, -248, 117, 146, 483, 507, 
-92, -29, 63, 61, -78, 17, 156, -248, 117, 146, 488, 502, 
-92, -29, 63, 61, -78, 17, 156, -244, 122, 146, 488, 497, 
-97, -29, 68, 63, -82, 19, 146, -244, 122, 136, 488, 497, 
-97, -29, 68, 63, -82, 19, 146, -244, 122, 141, 488, 497, 
-97, -24, 73, 61, -85, 24, 146, -244, 122, 141, 488, 497, 
-97, -19, 78, 58, -87, 29, 146, -244, 126, 136, 488, 497, 
-87, -19, 68, 53, -78, 24, 146, -239, 126, 136, 488, 497, 
-87, -19, 68, 53, -78, 24, 146, -239, 122, 141, 492, 497, 
-87, -19, 68, 53, -78, 24, 146, -239, 122, 141, 492, 497, 
-82, -19, 63, 51, -73, 21, 141, -244, 122, 141, 497, 507, 
-92, -14, 78, 53, -85, 31, 141, -244, 122, 141, 497, 502, 
-92, -14, 78, 53, -85, 31, 146, -244, 122, 141, 497, 497, 
-92, -14, 78, 53, -85, 31, 151, -244, 126, 136, 497, 492, 
-87, -14, 73, 51, -80, 29, 156, -244, 126, 136, 502, 488, 
-87, -14, 73, 51, -80, 29, 156, -234, 117, 141, 492, 483, 
-87, -14, 73, 51, -80, 29, 156, -234, 122, 141, 492, 483, 
-92, -14, 78, 53, -85, 31, 156, -234, 122, 141, 492, 483, 
-92, -14, 78, 53, -85, 31, 156, -239, 117, 141, 492, 483, 
-82, -14, 68, 48, -75, 26, 146, -248, 117, 141, 492, 483, 
-82, -14, 68, 48, -75, 26, 146, -248, 122, 141, 492, 483, 
-82, -14, 68, 48, -75, 26, 146, -248, 122, 141, 492, 483, 
-82, -14, 68, 48, -75, 26, 146, -248, 122, 141, 492, 483, 
-87, -24, 63, 56, -75, 19, 156, -239, 122, 136, 488, 473, 
-87, -24, 63, 56, -75, 19, 151, -239, 122, 131, 488, 473, 
-87, -24, 63, 56, -75, 19, 151, -239, 122, 126, 492, 473, 
-87, -24, 63, 56, -75, 19, 151, -239, 122, 122, 492, 473, 
-87, -34, 53, 61, -70, 9, 151, -229, 112, 122, 478, 473, 
-87, -34, 53, 61, -70, 9, 151, -229, 112, 122, 478, 468, 
-87, -34, 53, 61, -70, 9, 156, -224, 112, 122, 478, 468, 
-87, -34, 53, 61, -70, 9, 156, -224, 112, 122, 478, 468, 
-97, -29, 68, 63, -82, 19, 165, -224, 122, 122, 468, 468, 
-97, -29, 68, 63, -82, 19, 165, -224, 122, 117, 468, 468, 
-97, -34, 63, 65, -80, 14, 165, -224, 122, 112, 468, 463, 
-102, -34, 68, 68, -85, 17, 165, -224, 122, 112, 468, 463, 
-92, -34, 58, 63, -75, 12, 161, -234, 117, 112, 463, 458, 
-92, -39, 53, 65, -73, 7, 161, -234, 112, 107, 463, 453, 
-87, -39, 48, 63, -68, 4, 161, -234, 107, 102, 463, 448, 
-87, -43, 43, 65, -65, 0, 161, -234, 102, 97, 463, 444, 
-97, -43, 53, 70, -75, 4, 161, -229, 112, 107, 463, 444, 
-97, -43, 53, 70, -75, 4, 165, -224, 107, 107, 463, 444, 
-97, -43, 53, 70, -75, 4, 165, -219, 107, 107, 463, 444, 
-97, -43, 53, 70, -75, 4, 165, -214, 102, 102, 458, 444, 
-102, -48, 53, 75, -78, 2, 170, -224, 102, 102, 448, 439, 
-102, -48, 53, 75, -78, 2, 170, -224, 102, 102, 453, 434, 
-97, -48, 48, 73, -73, 0, 170, -224, 102, 97, 453, 429, 
-97, -48, 48, 73, -73, 0, 170, -224, 102, 97, 448, 424, 
-102, -58, 43, 80, -73, -7, 170, -214, 102, 97, 439, 424, 
-107, -58, 48, 82, -78, -4, 175, -214, 102, 97, 439, 424, 
-112, -63, 48, 87, -80, -7, 175, -214, 102, 97, 439, 424, 
-112, -68, 43, 90, -78, -12, 175, -214, 102, 97, 434, 424, 
-112, -68, 43, 90, -78, -12, 175, -224, 102, 97, 434, 414, 
-112, -68, 43, 90, -78, -12, 180, -219, 102, 97, 434, 414, 
-112, -68, 43, 90, -78, -12, 180, -219, 97, 97, 434, 409, 
-112, -73, 39, 92, -75, -17, 175, -219, 97, 97, 434, 405, 
-112, -73, 39, 92, -75, -17, 175, -219, 87, 87, 439, 405, 
-112, -68, 43, 90, -78, -12, 175, -219, 87, 87, 439, 400, 
-112, -68, 43, 90, -78, -12, 180, -219, 87, 87, 439, 400, 
-112, -68, 43, 90, -78, -12, 180, -219, 87, 87, 434, 400, 
-112, -63, 48, 87, -80, -7, 185, -209, 87, 87, 424, 395, 
-112, -68, 43, 90, -78, -12, 185, -214, 87, 82, 429, 395, 
-112, -73, 39, 92, -75, -17, 190, -214, 87, 78, 429, 395, 
-117, -73, 43, 95, -80, -14, 190, -214, 87, 73, 419, 390, 
-117, -68, 48, 92, -82, -9, 185, -224, 87, 68, 414, 380, 
-117, -68, 48, 92, -82, -9, 185, -219, 87, 68, 414, 380, 
-117, -73, 43, 95, -80, -14, 185, -219, 87, 68, 414, 380, 
-117, -82, 34, 100, -75, -24, 185, -219, 87, 73, 414, 380, 
-117, -92, 24, 104, -70, -34, 195, -209, 87, 73, 414, 375, 
-117, -92, 24, 104, -70, -34, 195, -209, 82, 68, 414, 375, 
-117, -92, 24, 104, -70, -34, 195, -209, 82, 68, 414, 375, 
-117, -92, 24, 104, -70, -34, 195, -209, 82, 68, 414, 370, 
-126, -107, 19, 117, -73, -43, 190, -209, 82, 58, 409, 366, 
-126, -107, 19, 117, -73, -43, 190, -209, 82, 58, 409, 366, 
-122, -102, 19, 112, -70, -41, 190, -209, 82, 58, 405, 366, 
-122, -102, 19, 112, -70, -41, 190, -204, 82, 58, 405, 366, 
-126, -102, 24, 114, -75, -39, 195, -204, 78, 58, 409, 356, 
-126, -107, 19, 117, -73, -43, 195, -204, 78, 58, 405, 351, 
-122, -107, 14, 114, -68, -46, 195, -204, 78, 58, 405, 351, 
-122, -107, 14, 114, -68, -46, 195, -204, 73, 53, 405, 351, 
-122, -97, 24, 109, -73, -36, 190, -214, 68, 53, 405, 341, 
-122, -102, 19, 112, -70, -41, 190, -214, 68, 53, 395, 341, 
-122, -102, 19, 112, -70, -41, 195, -214, 68, 58, 390, 341, 
-122, -102, 19, 112, -70, -41, 195, -214, 68, 58, 390, 336, 
-122, -107, 14, 114, -68, -46, 204, -204, 58, 48, 395, 346, 
-122, -107, 14, 114, -68, -46, 200, -204, 63, 48, 395, 346, 
-122, -107, 14, 114, -68, -46, 200, -204, 63, 43, 395, 346, 
-122, -112, 9, 117, -65, -51, 200, -204, 63, 43, 390, 346, 
-117, -112, 4, 114, -61, -53, 200, -209, 63, 43, 400, 331, 
-117, -112, 4, 114, -61, -53, 200, -209, 63, 43, 400, 331, 
-117, -112, 4, 114, -61, -53, 204, -204, 63, 43, 405, 331, 
-117, -112, 4, 114, -61, -53, 204, -204, 53, 43, 405, 331, 
-122, -112, 9, 117, -65, -51, 204, -195, 63, 43, 400, 322, 
-126, -112, 14, 119, -70, -48, 204, -200, 63, 43, 395, 322, 
-131, -112, 19, 122, -75, -46, 200, -200, 63, 39, 390, 317, 
-131, -112, 19, 122, -75, -46, 200, -200, 68, 39, 385, 317, 
-131, -107, 24, 119, -78, -41, 190, -200, 63, 39, 385, 317, 
-131, -107, 24, 119, -78, -41, 190, -200, 63, 39, 385, 317, 
-131, -107, 24, 119, -78, -41, 190, -200, 63, 39, 380, 317, 
-131, -107, 24, 119, -78, -41, 190, -200, 58, 39, 380, 317, 
-131, -112, 19, 122, -75, -46, 195, -190, 68, 29, 385, 317, 
-131, -112, 19, 122, -75, -46, 200, -190, 68, 29, 385, 317, 
-131, -112, 19, 122, -75, -46, 204, -190, 68, 29, 385, 317, 
-131, -112, 19, 122, -75, -46, 209, -190, 63, 29, 385, 317, 
-131, -112, 19, 122, -75, -46, 200, -190, 53, 29, 380, 312, 
-131, -112, 19, 122, -75, -46, 200, -190, 58, 29, 380, 307, 
-131, -112, 19, 122, -75, -46, 200, -190, 58, 24, 380, 302, 
-136, -112, 24, 124, -80, -43, 200, -190, 53, 24, 380, 297, 
-146, -131, 14, 139, -80, -58, 209, -190, 43, 34, 375, 292, 
-146, -131, 14, 139, -80, -58, 209, -190, 48, 34, 375, 297, 
-151, -126, 24, 139, -87, -51, 209, -190, 48, 34, 375, 302, 
-151, -126, 24, 139, -87, -51, 209, -190, 48, 39, 375, 302, 
-146, -126, 19, 136, -82, -53, 209, -180, 58, 29, 380, 292, 
-146, -126, 19, 136, -82, -53, 209, -180, 58, 29, 380, 297, 
-146, -126, 19, 136, -82, -53, 214, -175, 63, 29, 380, 297, 
-146, -131, 14, 139, -80, -58, 214, -175, 63, 29, 380, 297, 
-146, -122, 24, 134, -85, -48, 224, -185, 63, 29, 380, 297, 
-146, -122, 24, 134, -85, -48, 224, -185, 63, 24, 380, 297, 
-146, -122, 24, 134, -85, -48, 224, -185, 63, 24, 380, 297, 
-151, -122, 29, 136, -90, -46, 224, -185, 63, 29, 380, 297, 
-156, -122, 34, 139, -95, -43, 214, -175, 63, 34, 380, 292, 
-156, -126, 29, 141, -92, -48, 214, -175, 63, 39, 375, 287, 
-156, -126, 29, 141, -92, -48, 214, -180, 63, 39, 375, 287, 
-161, -131, 29, 146, -95, -51, 214, -180, 63, 34, 375, 283, 
-156, -122, 34, 139, -95, -43, 214, -180, 53, 24, 366, 283, 
-146, -117, 29, 131, -87, -43, 214, -180, 53, 24, 366, 283, 
-141, -117, 24, 129, -82, -46, 214, -180, 53, 24, 366, 287, 
-136, -117, 19, 126, -78, -48, 214, -180, 53, 24, 366, 287, 
-126, -117, 9, 122, -68, -53, 214, -180, 63, 34, 366, 278, 
-126, -117, 9, 122, -68, -53, 214, -180, 63, 34, 366, 278, 
-126, -117, 9, 122, -68, -53, 214, -180, 63, 34, 366, 278, 
-126, -122, 4, 124, -65, -58, 214, -180, 63, 34, 366, 278, 
-131, -112, 19, 122, -75, -46, 204, -180, 73, 34, 385, 287, 
-112, -78, 34, 95, -73, -21, 195, -180, 82, 48, 385, 297, 
-151, -58, 92, 104, -122, 17, 204, -180, 102, 58, 385, 297, 
-165, -53, 112, 109, -139, 29, 214, -180, 117, 68, 400, 307, 
-146, -48, 97, 97, -122, 24, 204, -195, 117, 68, 400, 302, 
-156, -58, 97, 107, -126, 19, 195, -204, 126, 78, 400, 312, 
-156, -58, 97, 107, -126, 19, 195, -204, 126, 78, 400, 312, 
-156, -58, 97, 107, -126, 19, 195, -204, 126, 78, 400, 312, 
-156, -58, 97, 107, -126, 19, 195, -204, 126, 78, 400, 312, 
-141, -34, 107, 87, -124, 36, 185, -204, 122, 68, 395, 312, 
-136, -34, 102, 85, -119, 34, 175, -209, 131, 73, 400, 312, 
-131, -24, 107, 78, -119, 41, 170, -214, 131, 73, 400, 307, 
-122, -9, 112, 65, -117, 51, 156, -219, 131, 73, 405, 302, 
-122, -4, 117, 63, -119, 56, 156, -224, 151, 73, 409, 312, 
-122, 4, 126, 58, -124, 65, 151, -229, 156, 82, 414, 312, 
-122, 19, 141, 51, -131, 80, 146, -234, 156, 87, 414, 322, 
-122, 24, 146, 48, -134, 85, 136, -244, 161, 87, 414, 326, 
-112, 43, 156, 34, -134, 100, 126, -248, 161, 87, 419, 322, 
-112, 53, 165, 29, -139, 109, 117, -253, 161, 97, 424, 322, 
-107, 63, 170, 21, -139, 117, 107, -263, 161, 97, 424, 326, 
-107, 63, 170, 21, -139, 117, 97, -263, 161, 97, 429, 326, 
-107, 58, 165, 24, -136, 112, 97, -273, 156, 97, 429, 326, 
-107, 63, 170, 21, -139, 117, 97, -273, 156, 97, 429, 326, 
-107, 73, 180, 17, -143, 126, 107, -278, 156, 97, 434, 326, 
-102, 78, 180, 12, -141, 129, 107, -278, 156, 97, 434, 331, 
-102, 78, 180, 12, -141, 129, 97, -268, 156, 97, 434, 322, 
-107, 78, 185, 14, -146, 131, 102, -268, 156, 102, 434, 322, 
-97, 78, 175, 9, -136, 126, 102, -263, 151, 102, 434, 322, 
-102, 68, 170, 17, -136, 119, 107, -258, 141, 97, 429, 317, 
-107, 63, 170, 21, -139, 117, 112, -248, 136, 87, 419, 307, 
-97, 58, 156, 19, -126, 107, 126, -239, 131, 82, 419, 307, 
-97, 43, 141, 26, -119, 92, 136, -229, 126, 78, 409, 297, 
-92, 24, 117, 34, -104, 70, 146, -219, 112, 73, 400, 287, 
-92, 9, 102, 41, -97, 56, 161, -224, 102, 63, 395, 292, 
-97, -4, 92, 51, -95, 43, 161, -224, 92, 63, 395, 287, 
-102, -9, 92, 56, -97, 41, 161, -219, 92, 63, 390, 287, 
-102, -24, 78, 63, -90, 26, 165, -214, 92, 58, 385, 283, 
-92, -24, 68, 58, -80, 21, 170, -204, 87, 63, 380, 283, 
-97, -29, 68, 63, -82, 19, 180, -200, 87, 63, 380, 278, 
-107, -39, 68, 73, -87, 14, 185, -200, 82, 58, 380, 273, 
-112, -39, 73, 75, -92, 17, 190, -195, 78, 53, 375, 268, 
-117, -63, 53, 90, -85, -4, 200, -195, 78, 48, 361, 263, 
-122, -78, 43, 100, -82, -17, 204, -195, 73, 43, 356, 253, 
-126, -87, 39, 107, -82, -24, 209, -195, 68, 39, 351, 239, 
-131, -102, 29, 117, -80, -36, 209, -190, 63, 34, 341, 229, 
-141, -112, 29, 126, -85, -41, 224, -185, 68, 29, 346, 234, 
-146, -117, 29, 131, -87, -43, 229, -175, 63, 24, 346, 224, 
-146, -126, 19, 136, -82, -53, 234, -170, 58, 24, 346, 219, 
-146, -136, 9, 141, -78, -63, 239, -161, 48, 19, 336, 214, 
-146, -146, 0, 146, -73, -73, 234, -165, 43, 4, 326, 204, 
-146, -146, 0, 146, -73, -73, 239, -161, 39, 0, 326, 204, 
-146, -161, -14, 153, -65, -87, 239, -161, 39, -9, 322, 204, 
-146, -161, -14, 153, -65, -87, 239, -161, 39, -19, 317, 200, 
-146, -170, -24, 158, -61, -97, 239, -161, 29, -9, 307, 195, 
-146, -170, -24, 158, -61, -97, 239, -156, 29, -9, 307, 190, 
-141, -170, -29, 156, -56, -100, 244, -156, 29, -14, 302, 185, 
-141, -170, -29, 156, -56, -100, 244, -156, 29, -14, 302, 180, 
-161, -185, -24, 173, -68, -104, 258, -146, 29, -14, 302, 175, 
-170, -190, -19, 180, -75, -104, 258, -146, 29, -19, 302, 175, 
-175, -195, -19, 185, -78, -107, 263, -146, 24, -24, 292, 175, 
-180, -195, -14, 187, -82, -104, 263, -146, 24, -24, 292, 175, 
-175, -195, -19, 185, -78, -107, 268, -136, 24, -24, 287, 165, 
-175, -190, -14, 183, -80, -102, 268, -136, 24, -24, 287, 161, 
-170, -190, -19, 180, -75, -104, 268, -136, 24, -19, 287, 161, 
-165, -190, -24, 178, -70, -107, 273, -136, 24, -19, 287, 161, 
-170, -200, -29, 185, -70, -114, 263, -146, 24, -24, 287, 175, 
-170, -200, -29, 185, -70, -114, 263, -146, 19, -29, 283, 175, 
-175, -209, -34, 192, -70, -122, 263, -141, 19, -29, 283, 170, 
-175, -214, -39, 195, -68, -126, 263, -141, 19, -24, 283, 170, 
-175, -214, -39, 195, -68, -126, 273, -141, 24, -24, 283, 161, 
-175, -214, -39, 195, -68, -126, 278, -141, 24, -24, 283, 161, 
-175, -209, -34, 192, -70, -122, 278, -141, 24, -24, 283, 161, 
-170, -209, -39, 190, -65, -124, 278, -141, 24, -24, 283, 161, 
-170, -214, -43, 192, -63, -129, 278, -141, 24, -24, 283, 161, 
-170, -214, -43, 192, -63, -129, 273, -141, 24, -24, 283, 161, 
-170, -219, -48, 195, -61, -134, 273, -141, 19, -24, 278, 161, 
-170, -219, -48, 195, -61, -134, 278, -146, 19, -19, 278, 161, 
-180, -229, -48, 204, -65, -139, 287, -136, 19, -19, 287, 161, 
-180, -224, -43, 202, -68, -134, 283, -131, 19, -19, 287, 161, 
-180, -224, -43, 202, -68, -134, 283, -131, 19, -19, 287, 161, 
-180, -224, -43, 202, -68, -134, 283, -131, 24, -19, 287, 161, 
-180, -214, -34, 197, -73, -124, 273, -141, 24, -29, 283, 151, 
-180, -214, -34, 197, -73, -124, 273, -141, 29, -29, 283, 151, 
-180, -214, -34, 197, -73, -124, 273, -141, 29, -29, 283, 151, 
-175, -214, -39, 195, -68, -126, 273, -141, 29, -29, 283, 151, 
-156, -195, -39, 175, -58, -117, 292, -122, 39, -9, 292, 161, 
-165, -204, -39, 185, -63, -122, 283, -117, 29, -19, 292, 151, 
-175, -204, -29, 190, -73, -117, 287, -122, 19, -19, 278, 141, 
-165, -204, -39, 185, -63, -122, 302, -97, 29, -19, 278, 146, 
-151, -219, -68, 185, -41, -143, 322, -73, 39, -19, 283, 141, 
-161, -248, -87, 204, -36, -168, 346, -34, 53, -19, 273, 122, 
-156, -268, -112, 212, -21, -190, 366, 0, 78, -9, 263, 117, 
-156, -283, -126, 219, -14, -204, 375, 43, 122, -9, 258, 102, 
-156, -283, -126, 219, -14, -204, 405, 82, 180, 0, 263, 82, 
-156, -283, -126, 219, -14, -204, 434, 117, 244, 9, 258, 63, 
-156, -258, -102, 207, -26, -180, 453, 141, 283, 24, 248, 63, 
-156, -229, -73, 192, -41, -151, 453, 141, 307, 43, 258, 73, 
-165, -190, -24, 178, -70, -107, 434, 126, 322, 68, 283, 97, 
-141, -102, 39, 122, -90, -31, 409, 87, 322, 107, 331, 151, 
-117, 14, 131, 51, -124, 73, 346, 9, 312, 185, 414, 239, 
-126, 170, 297, -21, -212, 234, 258, -107, 322, 273, 527, 361, 
-141, 346, 488, -102, -314, 417, 156, -273, 292, 370, 649, 517, 
-131, 527, 658, -197, -395, 592, 34, -453, 200, 434, 766, 658, 
-112, 663, 775, -275, -444, 719, -73, -605, 48, 497, 888, 810, 
-63, 771, 834, -353, -448, 802, -156, -702, -136, 536, 980, 932, 
-4, 883, 888, -439, -446, 885, -253, -805, -331, 580, 1073, 1054, 
34, 1005, 971, -519, -468, 988, -380, -932, -551, 634, 1190, 1220, 
78, 1122, 1044, -600, -483, 1083, -507, -1039, -844, 649, 1283, 1361, 
151, 1224, 1073, -688, -461, 1149, -614, -1107, -1156, 629, 1337, 1478, 
195, 1322, 1127, -758, -466, 1224, -697, -1166, -1390, 614, 1390, 1586, 
224, 1371, 1146, -797, -461, 1259, -751, -1195, -1561, 585, 1415, 1659, 
214, 1268, 1054, -741, -419, 1161, -712, -1166, -1673, 497, 1356, 1615, 
214, 1063, 849, -639, -317, 956, -619, -1068, -1722, 375, 1249, 1493, 
209, 873, 663, -541, -226, 768, -541, -971, -1717, 278, 1137, 1361, 
195, 727, 531, -461, -168, 629, -483, -883, -1688, 204, 1039, 1249, 
161, 585, 424, -373, -131, 505, -419, -795, -1610, 131, 936, 1112, 
136, 424, 287, -280, -75, 356, -341, -692, -1517, 68, 824, 961, 
112, 278, 165, -195, -26, 222, -258, -566, -1395, 14, 712, 810, 
82, 136, 53, -109, 14, 95, -170, -444, -1263, -48, 585, 658, 
24, -9, -34, -7, 29, -21, -73, -341, -1132, -146, 434, 483, 
-39, -156, -117, 97, 39, -136, 34, -258, -990, -239, 292, 326, 
-63, -244, -180, 153, 58, -212, 126, -175, -849, -292, 185, 190, 
-58, -297, -239, 178, 90, -268, 195, -126, -702, -292, 141, 117, 
-73, -322, -248, 197, 87, -285, 244, -87, -561, -258, 136, 87, 
-97, -326, -229, 212, 65, -278, 283, -48, -458, -234, 146, 73, 
-102, -326, -224, 214, 61, -275, 317, -24, -385, -214, 156, 73, 
-102, -331, -229, 217, 63, -280, 336, 0, -307, -185, 165, 82, 
-117, -322, -204, 219, 43, -263, 336, 19, -224, -151, 180, 92, 
-131, -317, -185, 224, 26, -251, 341, 39, -165, -117, 195, 87, 
-141, -307, -165, 224, 12, -236, 346, 29, -117, -87, 204, 87, 
-151, -297, -146, 224, -2, -222, 346, 24, -92, -58, 214, 97, 
-141, -273, -131, 207, -4, -202, 351, 19, -68, -39, 234, 122, 
-131, -224, -92, 178, -19, -158, 346, 9, -34, -19, 263, 146, 
-141, -209, -68, 175, -36, -139, 331, -19, -14, -19, 273, 146, 
-161, -204, -43, 183, -58, -124, 317, -53, -4, -29, 263, 146, 
-156, -204, -48, 180, -53, -126, 322, -58, 29, -34, 263, 151, 
-156, -204, -48, 180, -53, -126, 322, -68, 39, -34, 258, 131, 
-161, -209, -48, 185, -56, -129, 322, -68, 34, -34, 244, 107, 
-156, -219, -63, 187, -46, -141, 326, -58, 39, -29, 219, 97, 
-161, -239, -78, 200, -41, -158, 331, -58, 39, -24, 214, 97, 
-161, -248, -87, 204, -36, -168, 336, -53, 39, -19, 224, 107, 
-165, -248, -82, 207, -41, -165, 336, -53, 39, -9, 229, 107, 
-165, -244, -78, 204, -43, -161, 331, -68, 43, -4, 229, 112, 
-161, -234, -73, 197, -43, -153, 326, -82, 43, -4, 234, 117, 
-161, -229, -68, 195, -46, -148, 336, -92, 53, -9, 244, 126, 
-161, -219, -58, 190, -51, -139, 326, -102, 53, -14, 244, 126, 
-161, -219, -58, 190, -51, -139, 326, -102, 58, -14, 244, 122, 
-165, -224, -58, 195, -53, -141, 331, -97, 73, -14, 244, 122, 
-161, -224, -63, 192, -48, -143, 331, -87, 73, -14, 229, 117, 
-161, -224, -63, 192, -48, -143, 331, -87, 78, -14, 224, 112, 
-161, -224, -63, 192, -48, -143, 336, -82, 78, -14, 224, 107, 
-156, -224, -68, 190, -43, -146, 336, -82, 78, -9, 224, 102, 
-156, -234, -78, 195, -39, -156, 331, -92, 68, -14, 239, 112, 
-156, -234, -78, 195, -39, -156, 331, -97, 68, -9, 239, 117, 
-151, -224, -73, 187, -39, -148, 331, -97, 68, -9, 239, 117, 
-151, -224, -73, 187, -39, -148, 331, -97, 68, -9, 239, 117, 
-141, -219, -78, 180, -31, -148, 331, -87, 78, 0, 239, 107, 
-141, -214, -73, 178, -34, -143, 331, -92, 78, 0, 239, 112, 
-141, -204, -63, 173, -39, -134, 331, -92, 78, 0, 239, 112, 
-141, -200, -58, 170, -41, -129, 331, -92, 78, 0, 239, 112, 
-146, -209, -63, 178, -41, -136, 331, -82, 92, 0, 239, 112, 
-151, -209, -58, 180, -46, -134, 331, -82, 92, 0, 239, 112, 
-156, -209, -53, 183, -51, -131, 331, -87, 87, 4, 239, 107, 
-161, -209, -48, 185, -56, -129, 331, -87, 87, 4, 244, 107, 
-161, -209, -48, 185, -56, -129, 331, -87, 78, 4, 234, 112, 
-161, -200, -39, 180, -61, -119, 326, -92, 82, 4, 234, 112, 
-161, -200, -39, 180, -61, -119, 326, -97, 82, 4, 234, 117, 
-161, -200, -39, 180, -61, -119, 326, -97, 87, 4, 234, 117, 
-151, -200, -48, 175, -51, -124, 326, -92, 87, 4, 234, 107, 
-151, -200, -48, 175, -51, -124, 326, -92, 87, 4, 234, 107, 
-151, -200, -48, 175, -51, -124, 326, -92, 87, 4, 234, 107, 
-151, -200, -48, 175, -51, -124, 326, -92, 87, 4, 234, 107, 
-151, -200, -48, 175, -51, -124, 326, -92, 87, 0, 244, 107, 
-151, -195, -43, 173, -53, -119, 322, -92, 87, 4, 244, 112, 
-151, -195, -43, 173, -53, -119, 322, -92, 92, 4, 244, 112, 
-146, -195, -48, 170, -48, -122, 322, -97, 92, 4, 244, 112, 
-156, -190, -34, 173, -61, -112, 322, -87, 92, 4, 253, 112, 
-156, -190, -34, 173, -61, -112, 322, -87, 92, 4, 253, 117, 
-156, -190, -34, 173, -61, -112, 322, -92, 92, 4, 253, 117, 
-156, -185, -29, 170, -63, -107, 317, -92, 92, 4, 253, 117, 
-165, -190, -24, 178, -70, -107, 317, -97, 92, 4, 253, 117, 
-165, -195, -29, 180, -68, -112, 322, -97, 92, 4, 253, 117, 
-165, -200, -34, 183, -65, -117, 322, -97, 92, 9, 253, 117, 
-165, -204, -39, 185, -63, -122, 317, -97, 92, 9, 253, 117, 
-161, -195, -34, 178, -63, -114, 317, -97, 102, 9, 263, 117, 
-151, -190, -39, 170, -56, -114, 317, -97, 102, 9, 263, 122, 
-146, -190, -43, 168, -51, -117, 317, -97, 107, 9, 258, 122, 
-146, -185, -39, 165, -53, -112, 312, -97, 107, 9, 258, 126, 
-146, -195, -48, 170, -48, -122, 312, -102, 107, 9, 268, 117, 
-146, -190, -43, 168, -51, -117, 312, -102, 112, 14, 268, 117, 
-146, -185, -39, 165, -53, -112, 317, -102, 112, 14, 268, 117, 
-146, -185, -39, 165, -53, -112, 317, -102, 112, 19, 268, 117, 
-146, -185, -39, 165, -53, -112, 307, -107, 112, 14, 258, 107, 
-146, -180, -34, 163, -56, -107, 307, -107, 112, 14, 263, 112, 
-146, -180, -34, 163, -56, -107, 307, -102, 112, 14, 273, 112, 
-146, -185, -39, 165, -53, -112, 307, -102, 112, 14, 273, 112, 
-141, -180, -39, 161, -51, -109, 307, -102, 112, 14, 263, 102, 
-141, -175, -34, 158, -53, -104, 307, -102, 112, 19, 263, 107, 
-141, -170, -29, 156, -56, -100, 307, -102, 117, 29, 263, 107, 
-141, -161, -19, 151, -61, -90, 302, -102, 117, 29, 263, 117, 
-131, -161, -29, 146, -51, -95, 302, -102, 122, 29, 263, 117, 
-131, -156, -24, 143, -53, -90, 302, -102, 122, 29, 263, 112, 
-131, -151, -19, 141, -56, -85, 297, -102, 126, 34, 263, 112, 
-126, -151, -24, 139, -51, -87, 297, -102, 136, 34, 268, 122, 
-131, -156, -24, 143, -53, -90, 307, -107, 136, 34, 263, 122, 
-136, -156, -19, 146, -58, -87, 302, -112, 136, 34, 268, 122, 
-141, -156, -14, 148, -63, -85, 302, -112, 136, 43, 268, 126, 
-146, -156, -9, 151, -68, -82, 307, -112, 141, 48, 268, 136, 
-136, -141, -4, 139, -65, -73, 317, -102, 141, 53, 278, 136, 
-131, -136, -4, 134, -63, -70, 312, -102, 141, 58, 283, 131, 
-131, -131, 0, 131, -65, -65, 307, -107, 141, 58, 283, 131, 
-131, -131, 0, 131, -65, -65, 307, -107, 141, 58, 287, 136, 
-141, -141, 0, 141, -70, -70, 297, -107, 151, 73, 283, 141, 
-141, -131, 9, 136, -75, -61, 297, -107, 151, 73, 287, 141, 
-141, -126, 14, 134, -78, -56, 292, -112, 151, 78, 283, 141, 
-136, -126, 9, 131, -73, -58, 287, -112, 151, 82, 287, 151, 
-126, -112, 14, 119, -70, -48, 287, -122, 141, 78, 287, 151, 
-126, -102, 24, 114, -75, -39, 283, -122, 141, 78, 287, 151, 
-117, -97, 19, 107, -68, -39, 278, -122, 146, 87, 292, 161, 
-117, -97, 19, 107, -68, -39, 278, -122, 146, 92, 297, 165, 
-122, -97, 24, 109, -73, -36, 278, -122, 146, 102, 312, 170, 
-122, -87, 34, 104, -78, -26, 278, -126, 146, 107, 312, 170, 
-112, -82, 29, 97, -70, -26, 278, -126, 146, 107, 312, 175, 
-112, -82, 29, 97, -70, -26, 268, -126, 146, 112, 317, 180, 
-117, -87, 29, 102, -73, -29, 263, -126, 141, 117, 322, 175, 
-117, -82, 34, 100, -75, -24, 258, -131, 141, 122, 326, 180, 
-117, -73, 43, 95, -80, -14, 253, -131, 146, 126, 331, 185, 
-107, -63, 43, 85, -75, -9, 248, -131, 151, 131, 331, 195, 
-97, -63, 34, 80, -65, -14, 253, -131, 141, 141, 341, 200, 
-97, -58, 39, 78, -68, -9, 248, -136, 146, 146, 346, 209, 
-97, -48, 48, 73, -73, 0, 244, -141, 146, 151, 351, 219, 
-97, -39, 58, 68, -78, 9, 239, -146, 141, 161, 356, 219, 
-92, -29, 63, 61, -78, 17, 239, -151, 141, 170, 370, 224, 
-92, -19, 73, 56, -82, 26, 234, -156, 141, 175, 375, 234, 
-82, -14, 68, 48, -75, 26, 234, -156, 141, 185, 380, 244, 
-82, -9, 73, 46, -78, 31, 229, -156, 141, 195, 390, 244, 
-87, -4, 82, 46, -85, 39, 209, -151, 131, 200, 390, 253, 
-87, 4, 92, 41, -90, 48, 204, -156, 131, 204, 395, 263, 
-82, 14, 97, 34, -90, 56, 200, -161, 131, 209, 405, 263, 
-78, 24, 102, 26, -90, 63, 195, -165, 131, 214, 409, 273, 
-63, 39, 102, 12, -82, 70, 195, -165, 131, 219, 424, 283, 
-63, 43, 107, 9, -85, 75, 190, -165, 131, 224, 429, 287, 
-58, 53, 112, 2, -85, 82, 180, -170, 131, 229, 439, 297, 
-53, 63, 117, -4, -85, 90, 175, -175, 131, 234, 448, 302, 
-58, 68, 126, -4, -92, 97, 170, -190, 122, 239, 448, 302, 
-58, 68, 126, -4, -92, 97, 170, -190, 126, 244, 458, 307, 
-58, 68, 126, -4, -92, 97, 165, -190, 126, 248, 463, 317, 
-53, 78, 131, -12, -92, 104, 161, -195, 126, 253, 463, 322, 
-43, 82, 126, -19, -85, 104, 146, -190, 126, 258, 468, 322, 
-39, 82, 122, -21, -80, 102, 146, -195, 122, 258, 478, 326, 
-39, 87, 126, -24, -82, 107, 146, -200, 122, 263, 478, 331, 
-39, 92, 131, -26, -85, 112, 141, -200, 122, 268, 483, 336, 
-39, 102, 141, -31, -90, 122, 146, -209, 122, 263, 473, 336, 
-39, 102, 141, -31, -90, 122, 141, -209, 126, 268, 478, 341, 
-39, 107, 146, -34, -92, 126, 136, -209, 126, 268, 483, 346, 
-39, 107, 146, -34, -92, 126, 136, -219, 126, 268, 488, 351, 
-39, 112, 151, -36, -95, 131, 131, -224, 126, 278, 492, 356, 
-39, 117, 156, -39, -97, 136, 131, -224, 126, 278, 492, 361, 
-39, 117, 156, -39, -97, 136, 131, -224, 126, 278, 488, 361, 
-39, 122, 161, -41, -100, 141, 126, -224, 126, 278, 488, 361, 
-34, 126, 161, -46, -97, 143, 126, -224, 136, 278, 497, 361, 
-34, 126, 161, -46, -97, 143, 126, -229, 136, 283, 497, 366, 
-34, 126, 161, -46, -97, 143, 126, -229, 136, 283, 497, 366, 
-34, 126, 161, -46, -97, 143, 122, -229, 136, 283, 502, 370, 
-24, 141, 165, -58, -95, 153, 131, -229, 136, 283, 492, 361, 
-24, 146, 170, -61, -97, 158, 131, -229, 136, 283, 492, 366, 
-24, 146, 170, -61, -97, 158, 131, -229, 136, 283, 492, 366, 
-19, 151, 170, -65, -95, 161, 131, -224, 141, 283, 492, 361, 
-29, 146, 175, -58, -102, 161, 131, -234, 131, 278, 478, 351, 
-34, 141, 175, -53, -104, 158, 131, -234, 131, 268, 478, 346, 
-34, 136, 170, -51, -102, 153, 136, -234, 131, 263, 483, 346, 
-34, 131, 165, -48, -100, 148, 136, -229, 131, 258, 483, 346, 
-34, 117, 151, -41, -92, 134, 136, -239, 131, 244, 473, 336, 
-39, 117, 156, -39, -97, 136, 136, -239, 136, 244, 463, 331, 
-43, 112, 156, -34, -100, 134, 141, -239, 141, 234, 458, 326, 
-48, 112, 161, -31, -104, 136, 141, -239, 141, 234, 453, 326, 
-48, 102, 151, -26, -100, 126, 151, -234, 141, 224, 439, 322, 
-53, 97, 151, -21, -102, 124, 156, -229, 141, 224, 434, 317, 
-53, 92, 146, -19, -100, 119, 161, -214, 141, 219, 429, 312, 
-58, 82, 141, -12, -100, 112, 165, -204, 141, 214, 419, 307, 
-63, 78, 141, -7, -102, 109, 180, -204, 141, 195, 424, 302, 
-68, 68, 136, 0, -102, 102, 185, -204, 141, 185, 419, 292, 
-68, 63, 131, 2, -100, 97, 195, -195, 141, 180, 414, 287, 
-73, 48, 122, 12, -97, 85, 195, -195, 136, 175, 409, 278, 
-68, 39, 107, 14, -87, 73, 204, -195, 126, 161, 400, 253, 
-73, 39, 112, 17, -92, 75, 209, -190, 126, 156, 380, 248, 
-82, 29, 112, 26, -97, 70, 214, -185, 126, 146, 366, 234, 
-87, 19, 107, 34, -97, 63, 219, -185, 117, 136, 346, 214, 
-87, 19, 107, 34, -97, 63, 224, -185, 117, 141, 341, 219, 
-87, 9, 97, 39, -92, 53, 234, -180, 117, 131, 336, 214, 
-92, 0, 92, 46, -92, 46, 239, -175, 117, 117, 341, 209, 
-97, -4, 92, 51, -95, 43, 244, -170, 117, 107, 341, 209, 
-107, -24, 82, 65, -95, 29, 244, -165, 117, 112, 322, 190, 
-107, -29, 78, 68, -92, 24, 258, -165, 117, 97, 317, 190, 
-112, -34, 78, 73, -95, 21, 258, -165, 117, 87, 312, 180, 
-117, -39, 78, 78, -97, 19, 263, -161, 117, 87, 302, 180, 
-117, -53, 63, 85, -90, 4, 263, -161, 97, 73, 287, 156, 
-122, -58, 63, 90, -92, 2, 268, -161, 92, 68, 273, 151, 
-126, -68, 58, 97, -92, -4, 273, -161, 87, 63, 268, 151, 
-126, -73, 53, 100, -90, -9, 278, -161, 87, 63, 258, 141, 
-117, -78, 39, 97, -78, -19, 283, -156, 97, 48, 263, 136, 
-117, -82, 34, 100, -75, -24, 283, -146, 97, 48, 258, 131, 
-126, -87, 39, 107, -82, -24, 287, -141, 102, 43, 258, 126, 
-126, -87, 39, 107, -82, -24, 292, -141, 102, 39, 263, 126, 
-136, -92, 43, 114, -90, -24, 292, -156, 92, 39, 258, 126, 
-136, -97, 39, 117, -87, -29, 292, -156, 87, 34, 253, 117, 
-141, -107, 34, 124, -87, -36, 297, -156, 87, 34, 248, 117, 
-141, -107, 34, 124, -87, -36, 297, -151, 87, 29, 244, 112, 
-141, -117, 24, 129, -82, -46, 292, -146, 97, 29, 244, 112, 
-141, -122, 19, 131, -80, -51, 292, -146, 97, 29, 239, 112, 
-141, -122, 19, 131, -80, -51, 297, -146, 92, 24, 234, 112, 
-141, -122, 19, 131, -80, -51, 297, -151, 92, 24, 229, 112, 
-131, -112, 19, 122, -75, -46, 307, -146, 97, 19, 239, 107, 
-131, -102, 29, 117, -80, -36, 307, -141, 97, 19, 239, 102, 
-131, -112, 19, 122, -75, -46, 307, -131, 102, 19, 239, 102, 
-131, -112, 19, 122, -75, -46, 307, -126, 107, 19, 239, 102, 
-126, -117, 9, 122, -68, -53, 307, -126, 97, 19, 234, 102, 
-126, -117, 9, 122, -68, -53, 307, -126, 97, 24, 229, 102, 
-126, -122, 4, 124, -65, -58, 302, -131, 97, 24, 229, 102, 
-126, -122, 4, 124, -65, -58, 302, -131, 97, 24, 224, 102, 
-131, -122, 9, 126, -70, -56, 302, -141, 102, 14, 234, 102, 
-136, -122, 14, 129, -75, -53, 302, -141, 107, 14, 234, 102, 
-141, -122, 19, 131, -80, -51, 307, -141, 112, 19, 239, 102, 
-161, -122, 39, 141, -100, -41, 307, -141, 117, 19, 239, 102, 
-146, -112, 34, 129, -90, -39, 292, -141, 117, 29, 239, 107, 
-141, -112, 29, 126, -85, -41, 292, -141, 117, 29, 239, 107, 
-126, -107, 19, 117, -73, -43, 292, -141, 117, 29, 244, 107, 
-122, -107, 14, 114, -68, -46, 292, -136, 122, 29, 244, 107, 
-136, -107, 29, 122, -82, -39, 292, -146, 122, 29, 253, 117, 
-136, -107, 29, 122, -82, -39, 292, -146, 122, 34, 253, 117, 
-136, -102, 34, 119, -85, -34, 292, -146, 122, 34, 253, 117, 
-136, -97, 39, 117, -87, -29, 292, -146, 126, 29, 253, 117, 
-136, -87, 48, 112, -92, -19, 292, -141, 131, 34, 263, 117, 
-136, -87, 48, 112, -92, -19, 292, -141, 131, 43, 268, 117, 
-136, -87, 48, 112, -92, -19, 292, -141, 136, 48, 268, 117, 
-131, -87, 43, 109, -87, -21, 287, -146, 141, 53, 273, 126, 
-131, -87, 43, 109, -87, -21, 283, -146, 131, 53, 263, 117, 
-131, -92, 39, 112, -85, -26, 283, -146, 131, 53, 263, 117, 
-131, -97, 34, 114, -82, -31, 283, -146, 136, 48, 263, 117, 
-126, -102, 24, 114, -75, -39, 283, -146, 136, 48, 268, 117, 
-136, -102, 34, 119, -85, -34, 283, -146, 146, 43, 268, 122, 
-136, -102, 34, 119, -85, -34, 283, -146, 151, 43, 268, 122, 
-141, -102, 39, 122, -90, -31, 283, -146, 151, 43, 268, 122, 
-141, -102, 39, 122, -90, -31, 283, -151, 146, 43, 268, 122, 
-136, -97, 39, 117, -87, -29, 292, -151, 156, 53, 278, 122, 
-131, -92, 39, 112, -85, -26, 292, -151, 161, 53, 278, 122, 
-126, -87, 39, 107, -82, -24, 292, -151, 161, 53, 278, 122, 
-122, -82, 39, 102, -80, -21, 292, -151, 161, 53, 278, 122, 
-117, -82, 34, 100, -75, -24, 292, -151, 161, 53, 273, 122, 
-117, -82, 34, 100, -75, -24, 287, -151, 161, 53, 273, 122, 
-117, -82, 34, 100, -75, -24, 287, -151, 161, 53, 278, 122, 
-117, -82, 34, 100, -75, -24, 287, -151, 161, 53, 278, 122, 
-126, -82, 43, 104, -85, -19, 278, -151, 161, 43, 273, 112, 
-126, -82, 43, 104, -85, -19, 278, -151, 161, 43, 273, 107, 
-126, -82, 43, 104, -85, -19, 283, -146, 161, 43, 273, 107, 
-126, -82, 43, 104, -85, -19, 283, -146, 161, 43, 273, 107, 
-117, -87, 29, 102, -73, -29, 283, -146, 161, 43, 263, 107, 
-117, -87, 29, 102, -73, -29, 283, -146, 161, 39, 263, 107, 
-117, -92, 24, 104, -70, -34, 283, -146, 161, 34, 263, 102, 
-122, -92, 29, 107, -75, -31, 283, -146, 161, 34, 263, 102, 
-122, -92, 29, 107, -75, -31, 287, -146, 161, 43, 268, 102, 
-122, -97, 24, 109, -73, -36, 287, -146, 161, 39, 268, 102, 
-117, -97, 19, 107, -68, -39, 287, -146, 161, 34, 268, 102, 
-117, -102, 14, 109, -65, -43, 287, -146, 161, 29, 268, 102, 
-117, -112, 4, 114, -61, -53, 287, -146, 161, 29, 258, 92, 
-117, -112, 4, 114, -61, -53, 292, -146, 156, 29, 258, 92, 
-117, -112, 4, 114, -61, -53, 292, -146, 156, 29, 258, 92, 
-117, -112, 4, 114, -61, -53, 292, -146, 151, 24, 253, 92, 
-126, -126, 0, 126, -63, -63, 297, -136, 151, 24, 253, 92, 
-131, -126, 4, 129, -68, -61, 297, -136, 151, 24, 258, 92, 
-131, -126, 4, 129, -68, -61, 297, -136, 151, 19, 258, 92, 
-136, -126, 9, 131, -73, -58, 297, -136, 151, 19, 253, 92, 
-136, -126, 9, 131, -73, -58, 307, -126, 151, 19, 253, 82, 
-136, -126, 9, 131, -73, -58, 312, -126, 151, 19, 253, 82, 
-136, -131, 4, 134, -70, -63, 312, -126, 151, 19, 253, 82, 
-131, -136, -4, 134, -63, -70, 312, -126, 151, 19, 248, 82, 
-131, -136, -4, 134, -63, -70, 312, -136, 161, 19, 248, 82, 
-131, -136, -4, 134, -63, -70, 317, -131, 161, 19, 248, 82, 
-131, -136, -4, 134, -63, -70, 317, -131, 156, 19, 248, 78, 
-131, -141, -9, 136, -61, -75, 312, -131, 156, 19, 248, 73, 
-131, -141, -9, 136, -61, -75, 312, -122, 156, 9, 244, 82, 
-131, -136, -4, 134, -63, -70, 312, -122, 156, 9, 244, 78, 
-131, -136, -4, 134, -63, -70, 317, -122, 156, 9, 244, 78, 
-131, -136, -4, 134, -63, -70, 317, -122, 156, 9, 239, 78, 
-131, -141, -9, 136, -61, -75, 331, -122, 156, 14, 248, 82, 
-131, -146, -14, 139, -58, -80, 331, -126, 156, 14, 253, 82, 
-131, -151, -19, 141, -56, -85, 336, -126, 156, 14, 253, 82, 
-136, -151, -14, 143, -61, -82, 336, -126, 156, 14, 244, 78, 
-126, -146, -19, 136, -53, -82, 322, -126, 156, 19, 239, 68, 
-126, -146, -19, 136, -53, -82, 322, -122, 156, 19, 239, 68, 
-126, -151, -24, 139, -51, -87, 322, -122, 156, 19, 239, 68, 
-126, -161, -34, 143, -46, -97, 322, -122, 156, 24, 239, 68, 
-136, -170, -34, 153, -51, -102, 331, -122, 165, 14, 239, 73, 
-136, -170, -34, 153, -51, -102, 331, -122, 161, 9, 239, 73, 
-136, -170, -34, 153, -51, -102, 331, -122, 161, 9, 239, 73, 
-136, -170, -34, 153, -51, -102, 331, -122, 161, 9, 239, 68, 
-136, -175, -39, 156, -48, -107, 336, -112, 151, 0, 234, 73, 
-136, -175, -39, 156, -48, -107, 336, -112, 151, 0, 234, 73, 
-131, -170, -39, 151, -46, -104, 336, -112, 151, 0, 229, 73, 
-131, -170, -39, 151, -46, -104, 336, -107, 151, 0, 229, 73, 
-136, -170, -34, 153, -51, -102, 331, -107, 156, 0, 229, 73, 
-136, -175, -39, 156, -48, -107, 331, -107, 156, 0, 229, 68, 
-131, -175, -43, 153, -43, -109, 331, -107, 156, 0, 234, 68, 
-131, -175, -43, 153, -43, -109, 331, -107, 151, -4, 239, 68, 
-141, -175, -34, 158, -53, -104, 326, -107, 156, -4, 248, 58, 
-141, -180, -39, 161, -51, -109, 326, -107, 156, -4, 239, 58, 
-141, -180, -39, 161, -51, -109, 331, -107, 156, 0, 234, 58, 
-141, -180, -39, 161, -51, -109, 331, -107, 156, 0, 234, 53, 
-141, -185, -43, 163, -48, -114, 341, -97, 156, 0, 239, 63, 
-141, -185, -43, 163, -48, -114, 336, -97, 161, 0, 239, 63, 
-141, -185, -43, 163, -48, -114, 336, -97, 161, -4, 239, 63, 
-141, -190, -48, 165, -46, -119, 336, -97, 161, -4, 234, 63, 
-141, -190, -48, 165, -46, -119, 326, -92, 161, -4, 234, 58, 
-136, -190, -53, 163, -41, -122, 326, -92, 161, -4, 234, 58, 
-131, -190, -58, 161, -36, -124, 331, -87, 161, -4, 239, 58, 
-126, -190, -63, 158, -31, -126, 331, -87, 151, -4, 239, 58, 
-126, -200, -73, 163, -26, -136, 331, -87, 161, 4, 248, 58, 
-126, -200, -73, 163, -26, -136, 331, -92, 161, 4, 248, 58, 
-126, -200, -73, 163, -26, -136, 326, -92, 161, 0, 248, 53, 
-122, -200, -78, 161, -21, -139, 326, -92, 165, 0, 248, 53, 
-131, -195, -63, 163, -34, -129, 336, -92, 161, 0, 239, 53, 
-131, -195, -63, 163, -34, -129, 336, -92, 161, 0, 239, 53, 
-131, -195, -63, 163, -34, -129, 336, -92, 161, 0, 234, 53, 
-131, -195, -63, 163, -34, -129, 336, -92, 156, 0, 234, 53, 
-131, -200, -68, 165, -31, -134, 336, -102, 156, -9, 239, 43, 
-131, -200, -68, 165, -31, -134, 336, -102, 156, -9, 239, 43, 
-131, -200, -68, 165, -31, -134, 336, -102, 156, -9, 239, 43, 
-131, -200, -68, 165, -31, -134, 336, -102, 151, -9, 239, 43, 
-131, -209, -78, 170, -26, -143, 346, -92, 161, 0, 234, 53, 
-131, -209, -78, 170, -26, -143, 346, -92, 165, 0, 234, 53, 
-131, -209, -78, 170, -26, -143, 346, -92, 165, -4, 234, 53, 
-136, -209, -73, 173, -31, -141, 346, -92, 161, -4, 234, 53, 
-146, -209, -63, 178, -41, -136, 346, -92, 161, -14, 229, 53, 
-146, -209, -63, 178, -41, -136, 346, -92, 165, -14, 229, 53, 
-151, -204, -53, 178, -48, -129, 346, -92, 165, -14, 229, 53, 
-151, -204, -53, 178, -48, -129, 346, -92, 165, -9, 229, 48, 
-146, -204, -58, 175, -43, -131, 336, -92, 165, -9, 224, 39, 
-146, -204, -58, 175, -43, -131, 336, -92, 165, -9, 224, 43, 
-146, -204, -58, 175, -43, -131, 341, -87, 170, -9, 224, 43, 
-146, -209, -63, 178, -41, -136, 341, -87, 170, -9, 224, 43, 
-156, -219, -63, 187, -46, -141, 341, -87, 161, -9, 234, 43, 
-156, -219, -63, 187, -46, -141, 341, -87, 161, -14, 234, 43, 
-156, -219, -63, 187, -46, -141, 341, -87, 161, -14, 234, 43, 
-161, -219, -58, 190, -51, -139, 341, -87, 161, -9, 234, 43, 
-156, -219, -63, 187, -46, -141, 341, -87, 170, -14, 234, 43, 
-156, -224, -68, 190, -43, -146, 341, -87, 170, -9, 229, 43, 
-156, -224, -68, 190, -43, -146, 341, -92, 170, -9, 229, 48, 
-161, -229, -68, 195, -46, -148, 341, -92, 170, -14, 229, 48, 
-170, -229, -58, 200, -56, -143, 351, -92, 170, -14, 229, 39, 
-165, -224, -58, 195, -53, -141, 351, -92, 170, -14, 229, 39, 
-165, -224, -58, 195, -53, -141, 351, -92, 170, -14, 229, 43, 
-165, -224, -58, 195, -53, -141, 351, -92, 170, -14, 229, 43, 
-161, -214, -53, 187, -53, -134, 351, -82, 170, -14, 229, 43, 
-156, -214, -58, 185, -48, -136, 351, -82, 170, -14, 229, 43, 
-151, -214, -63, 183, -43, -139, 351, -82, 170, -14, 229, 43, 
-146, -219, -73, 183, -36, -146, 351, -82, 170, -14, 229, 43, 
-141, -219, -78, 180, -31, -148, 351, -82, 170, -14, 229, 43, 
-141, -214, -73, 178, -34, -143, 351, -82, 170, -9, 229, 43, 
-141, -214, -73, 178, -34, -143, 351, -82, 170, -9, 229, 43, 
-146, -209, -63, 178, -41, -136, 351, -82, 175, -9, 234, 43, 
-136, -219, -82, 178, -26, -151, 351, -82, 185, 0, 229, 53, 
-136, -219, -82, 178, -26, -151, 351, -82, 185, 0, 229, 53, 
-136, -219, -82, 178, -26, -151, 351, -82, 185, 0, 229, 53, 
-136, -224, -87, 180, -24, -156, 351, -82, 185, 0, 229, 53, 
-165, -224, -58, 195, -53, -141, 331, -87, 190, 0, 239, 53, 
-156, -209, -53, 183, -51, -131, 331, -87, 200, 0, 248, 63, 
-136, -190, -53, 163, -41, -122, 341, -87, 214, 9, 248, 63, 
-146, -180, -34, 163, -56, -107, 341, -87, 224, 19, 258, 73, 
-146, -175, -29, 161, -58, -102, 341, -78, 234, 29, 253, 87, 
-136, -170, -34, 153, -51, -102, 331, -82, 234, 29, 263, 87, 
-136, -165, -29, 151, -53, -97, 331, -87, 234, 29, 263, 87, 
-136, -161, -24, 148, -56, -92, 331, -92, 234, 29, 263, 87, 
-136, -156, -19, 146, -58, -87, 331, -97, 234, 29, 263, 87, 
-146, -151, -4, 148, -70, -78, 331, -87, 244, 29, 278, 92, 
-146, -151, -4, 148, -70, -78, 322, -92, 258, 34, 283, 97, 
-146, -141, 4, 143, -75, -68, 317, -97, 263, 34, 283, 97, 
-141, -126, 14, 134, -78, -56, 302, -102, 268, 34, 287, 97, 
-151, -126, 24, 139, -87, -51, 292, -126, 278, 43, 283, 97, 
-151, -122, 29, 136, -90, -46, 287, -131, 283, 53, 287, 97, 
-151, -112, 39, 131, -95, -36, 283, -136, 283, 58, 287, 107, 
-151, -112, 39, 131, -95, -36, 273, -146, 287, 58, 287, 112, 
-141, -102, 39, 122, -90, -31, 273, -141, 292, 58, 302, 126, 
-141, -92, 48, 117, -95, -21, 263, -146, 297, 68, 307, 126, 
-136, -82, 53, 109, -95, -14, 253, -156, 302, 68, 307, 131, 
-136, -82, 53, 109, -95, -14, 244, -156, 307, 68, 312, 131, 
-146, -78, 68, 112, -107, -4, 234, -161, 302, 68, 302, 131, 
-146, -73, 73, 109, -109, 0, 234, -165, 302, 68, 302, 131, 
-146, -63, 82, 104, -114, 9, 244, -175, 302, 68, 307, 131, 
-141, -58, 82, 100, -112, 12, 244, -180, 302, 68, 307, 136, 
-136, -48, 87, 92, -112, 19, 234, -170, 302, 78, 317, 146, 
-136, -48, 87, 92, -112, 19, 239, -170, 302, 82, 317, 146, 
-122, -48, 73, 85, -97, 12, 239, -165, 297, 82, 317, 146, 
-122, -58, 63, 90, -92, 2, 244, -161, 287, 78, 312, 141, 
-126, -63, 63, 95, -95, 0, 244, -156, 292, 78, 312, 141, 
-117, -68, 48, 92, -82, -9, 253, -151, 287, 73, 312, 141, 
-117, -82, 34, 100, -75, -24, 258, -146, 283, 68, 302, 131, 
-112, -102, 9, 107, -61, -46, 263, -141, 268, 63, 292, 122, 
-102, -102, 0, 102, -51, -51, 278, -126, 268, 53, 287, 117, 
-107, -112, -4, 109, -51, -58, 278, -126, 258, 53, 287, 112, 
-112, -112, 0, 112, -56, -56, 278, -122, 258, 53, 283, 112, 
-112, -122, -9, 117, -51, -65, 283, -117, 258, 48, 278, 107, 
-102, -136, -34, 119, -34, -85, 287, -117, 239, 34, 273, 107, 
-107, -146, -39, 126, -34, -92, 297, -112, 234, 34, 273, 102, 
-117, -161, -43, 139, -36, -102, 302, -112, 224, 29, 273, 97, 
-122, -165, -43, 143, -39, -104, 307, -107, 214, 24, 268, 92, 
-136, -175, -39, 156, -48, -107, 307, -97, 224, 19, 263, 92, 
-141, -185, -43, 163, -48, -114, 312, -97, 219, 14, 258, 87, 
-146, -190, -43, 168, -51, -117, 317, -97, 214, 9, 253, 78, 
-151, -200, -48, 175, -51, -124, 317, -92, 209, 4, 244, 73, 
-141, -209, -68, 175, -36, -139, 322, -92, 204, 0, 229, 68, 
-146, -214, -68, 180, -39, -141, 326, -87, 200, -4, 229, 58, 
-146, -224, -78, 185, -34, -151, 331, -87, 195, -4, 229, 53, 
-146, -234, -87, 190, -29, -161, 336, -82, 185, -9, 219, 48, 
-146, -253, -107, 200, -19, -180, 351, -78, 180, -29, 219, 29, 
-146, -253, -107, 200, -19, -180, 356, -73, 175, -29, 219, 29, 
-146, -268, -122, 207, -12, -195, 356, -73, 175, -34, 214, 29, 
-146, -268, -122, 207, -12, -195, 356, -73, 175, -39, 209, 24, 
-146, -278, -131, 212, -7, -204, 356, -73, 175, -29, 209, 24, 
-146, -278, -131, 212, -7, -204, 356, -68, 175, -29, 209, 24, 
-141, -278, -136, 209, -2, -207, 361, -68, 175, -34, 204, 24, 
-141, -278, -136, 209, -2, -207, 361, -68, 175, -34, 204, 24, 
-156, -283, -126, 219, -14, -204, 366, -58, 175, -24, 214, 19, 
-161, -287, -126, 224, -17, -207, 366, -58, 175, -29, 214, 19, 
-161, -292, -131, 226, -14, -212, 370, -58, 170, -34, 204, 19, 
-161, -292, -131, 226, -14, -212, 370, -58, 170, -34, 204, 19, 
-161, -292, -131, 226, -14, -212, 366, -58, 170, -43, 204, 9, 
-165, -287, -122, 226, -21, -204, 366, -58, 170, -43, 200, 4, 
-165, -287, -122, 226, -21, -204, 366, -58, 170, -39, 195, 4, 
-165, -287, -122, 226, -21, -204, 370, -58, 170, -39, 190, 4, 
-161, -292, -131, 226, -14, -212, 370, -58, 161, -43, 190, 9, 
-161, -297, -136, 229, -12, -217, 370, -58, 156, -48, 185, 9, 
-165, -312, -146, 239, -9, -229, 370, -53, 156, -48, 185, 4, 
-165, -322, -156, 244, -4, -239, 370, -53, 156, -43, 185, 4, 
-165, -322, -156, 244, -4, -239, 370, -53, 161, -43, 185, 4, 
-165, -322, -156, 244, -4, -239, 375, -53, 161, -43, 185, 4, 
-165, -317, -151, 241, -7, -234, 375, -53, 161, -43, 185, 4, 
-161, -317, -156, 239, -2, -236, 375, -53, 161, -43, 185, 4, 
-161, -312, -151, 236, -4, -231, 375, -53, 170, -43, 185, -4, 
-161, -312, -151, 236, -4, -231, 370, -53, 170, -43, 185, -4, 
-161, -317, -156, 239, -2, -236, 370, -53, 165, -43, 180, -4, 
-161, -317, -156, 239, -2, -236, 375, -58, 165, -39, 180, -4, 
-170, -317, -146, 244, -12, -231, 375, -48, 165, -39, 180, -4, 
-170, -312, -141, 241, -14, -226, 370, -43, 165, -39, 180, -4, 
-170, -312, -141, 241, -14, -226, 370, -43, 165, -39, 180, -4, 
-170, -312, -141, 241, -14, -226, 370, -43, 170, -39, 180, -4, 
-170, -322, -151, 246, -9, -236, 380, -53, 170, -39, 185, 0, 
-170, -322, -151, 246, -9, -236, 380, -53, 175, -39, 185, 4, 
-170, -322, -151, 246, -9, -236, 380, -53, 175, -39, 185, 9, 
-165, -322, -156, 244, -4, -239, 380, -53, 175, -39, 185, 14, 
-165, -322, -156, 244, -4, -239, 370, -53, 185, -39, 195, 4, 
-165, -322, -156, 244, -4, -239, 370, -48, 185, -39, 195, 4, 
-175, -331, -156, 253, -9, -244, 375, -53, 185, -39, 180, 4, 
-165, -331, -165, 248, 0, -248, 380, -39, 185, -48, 170, 0, 
-151, -336, -185, 244, 17, -261, 390, -14, 185, -39, 175, -4, 
-141, -356, -214, 248, 36, -285, 405, 24, 200, -29, 175, -14, 
-146, -366, -219, 256, 36, -292, 424, 48, 204, -39, 146, -48, 
-146, -380, -234, 263, 43, -307, 444, 92, 248, -39, 141, -73, 
-146, -400, -253, 273, 53, -326, 473, 151, 307, -29, 146, -82, 
-146, -409, -263, 278, 58, -336, 502, 195, 380, -9, 151, -82, 
-165, -395, -229, 280, 31, -312, 522, 219, 429, 4, 151, -82, 
-165, -366, -200, 265, 17, -283, 531, 219, 463, 24, 161, -73, 
-156, -326, -170, 241, 7, -248, 522, 204, 497, 48, 195, -48, 
-161, -248, -87, 204, -36, -168, 488, 165, 497, 87, 234, 4, 
-156, -151, 4, 153, -80, -73, 434, 107, 488, 156, 307, 82, 
-156, -4, 151, 80, -153, 73, 356, 0, 507, 244, 409, 204, 
-141, 200, 341, -29, -241, 270, 253, -165, 507, 341, 531, 351, 
-112, 400, 512, -143, -312, 456, 131, -346, 463, 424, 658, 502, 
-73, 536, 610, -231, -341, 573, 14, -497, 380, 478, 780, 644, 
-43, 624, 668, -290, -356, 646, -78, -624, 234, 517, 863, 756, 
-4, 717, 722, -356, -363, 719, -175, -736, 48, 541, 936, 868, 
63, 849, 785, -456, -361, 817, -292, -863, -151, 585, 1044, 1024, 
136, 966, 829, -551, -346, 897, -429, -980, -405, 610, 1137, 1166, 
180, 1049, 868, -614, -344, 958, -527, -1068, -707, 580, 1180, 1273, 
185, 1117, 932, -651, -373, 1024, -610, -1127, -961, 556, 1234, 1371, 
214, 1176, 961, -695, -373, 1068, -663, -1146, -1141, 536, 1278, 1434, 
234, 1132, 897, -683, -331, 1015, -634, -1117, -1263, 468, 1239, 1420, 
224, 946, 722, -585, -248, 834, -551, -1029, -1342, 356, 1122, 1298, 
209, 746, 536, -478, -163, 641, -473, -932, -1385, 239, 1010, 1166, 
185, 610, 424, -397, -119, 517, -424, -854, -1376, 146, 902, 1044, 
151, 468, 317, -309, -82, 392, -361, -766, -1327, 73, 800, 917, 
136, 307, 170, -222, -17, 239, -283, -653, -1254, 9, 697, 785, 
122, 170, 48, -146, 36, 109, -190, -536, -1161, -43, 595, 644, 
82, 48, -34, -65, 58, 7, -112, -434, -1049, -87, 478, 502, 
24, -78, -102, 26, 63, -90, -24, -331, -936, -165, 346, 336, 
-19, -195, -175, 107, 78, -185, 92, -229, -814, -248, 214, 180, 
-53, -302, -248, 178, 97, -275, 175, -156, -692, -302, 117, 53, 
-78, -366, -287, 222, 104, -326, 234, -107, -556, -312, 73, -29, 
-92, -409, -317, 251, 112, -363, 283, -68, -414, -287, 68, -58, 
-97, -434, -336, 265, 119, -385, 331, -29, -302, -263, 78, -63, 
-102, -434, -331, 268, 114, -383, 366, -4, -219, -244, 78, -63, 
-112, -439, -326, 275, 107, -383, 395, 19, -141, -234, 78, -63, 
-107, -429, -322, 268, 107, -375, 405, 58, -68, -190, 102, -53, 
-122, -424, -302, 273, 90, -363, 419, 78, 0, -146, 126, -48, 
-131, -414, -283, 273, 75, -348, 424, 87, 39, -107, 136, -48, 
-141, -385, -244, 263, 51, -314, 424, 82, 73, -68, 146, -39, 
-141, -361, -219, 251, 39, -290, 419, 68, 97, -39, 175, -14, 
-141, -341, -200, 241, 29, -270, 405, 48, 112, -29, 185, -9, 
-141, -326, -185, 234, 21, -256, 400, 29, 131, -39, 195, 0, 
-141, -322, -180, 231, 19, -251, 395, 4, 141, -39, 195, 9, 
-146, -322, -175, 234, 14, -248, 390, -9, 165, -43, 195, 4, 
-146, -331, -185, 239, 19, -258, 390, -29, 185, -43, 190, 4, 
-161, -346, -185, 253, 12, -265, 400, -29, 200, -43, 175, 0, 
-156, -356, -200, 256, 21, -278, 405, -29, 204, -48, 170, -9, 
-161, -356, -195, 258, 17, -275, 400, -29, 204, -43, 175, -9, 
-170, -356, -185, 263, 7, -270, 395, -24, 195, -39, 175, -9, 
-175, -356, -180, 265, 2, -268, 395, -24, 195, -29, 180, -9, 
-175, -351, -175, 263, 0, -263, 390, -39, 200, -24, 180, -4, 
-170, -341, -170, 256, 0, -256, 385, -53, 200, -24, 185, 0, 
-161, -336, -175, 248, 7, -256, 395, -73, 209, -29, 175, -9, 
-161, -326, -165, 244, 2, -246, 385, -82, 209, -34, 175, -9, 
-161, -326, -165, 244, 2, -246, 385, -82, 214, -34, 175, -14, 
-165, -331, -165, 248, 0, -248, 390, -78, 229, -34, 175, -14, 
-161, -341, -180, 251, 9, -261, 390, -58, 229, -24, 180, -4, 
-161, -341, -180, 251, 9, -261, 390, -58, 234, -24, 175, -4, 
-161, -341, -180, 251, 9, -261, 395, -53, 234, -24, 175, -4, 
-156, -341, -185, 248, 14, -263, 395, -53, 234, -19, 175, -4, 
-161, -351, -190, 256, 14, -270, 390, -63, 234, -24, 180, -4, 
-165, -351, -185, 258, 9, -268, 390, -68, 234, -19, 180, 0, 
-165, -341, -175, 253, 4, -258, 390, -68, 234, -19, 180, 0, 
-170, -341, -170, 256, 0, -256, 390, -68, 234, -19, 180, 0, 
-161, -341, -180, 251, 9, -261, 400, -68, 244, -19, 180, 0, 
-161, -341, -180, 251, 9, -261, 400, -73, 244, -19, 180, 4, 
-161, -336, -175, 248, 7, -256, 400, -73, 244, -19, 180, 4, 
-161, -336, -175, 248, 7, -256, 400, -73, 244, -19, 180, 4, 
-161, -346, -185, 253, 12, -265, 390, -63, 239, -19, 180, 4, 
-161, -346, -185, 253, 12, -265, 390, -63, 239, -19, 180, 4, 
-161, -346, -185, 253, 12, -265, 390, -68, 234, -14, 180, 0, 
-161, -346, -185, 253, 12, -265, 390, -68, 234, -14, 185, 0, 
-161, -346, -185, 253, 12, -265, 400, -68, 244, -14, 185, 4, 
-161, -336, -175, 248, 7, -256, 395, -73, 248, -14, 185, 4, 
-161, -336, -175, 248, 7, -256, 395, -78, 248, -14, 185, 9, 
-161, -336, -175, 248, 7, -256, 395, -78, 253, -14, 185, 9, 
-156, -326, -170, 241, 7, -248, 395, -73, 253, -4, 185, 9, 
-151, -326, -175, 239, 12, -251, 395, -73, 253, -4, 185, 9, 
-146, -326, -180, 236, 17, -253, 395, -73, 253, -4, 185, 9, 
-141, -326, -185, 234, 21, -256, 395, -73, 253, -4, 185, 9, 
-146, -326, -180, 236, 17, -253, 385, -73, 253, -9, 195, 9, 
-151, -322, -170, 236, 9, -246, 380, -73, 253, -4, 195, 14, 
-156, -322, -165, 239, 4, -244, 380, -73, 258, -4, 195, 14, 
-156, -322, -165, 239, 4, -244, 380, -78, 258, -4, 195, 14, 
-165, -322, -156, 244, -4, -239, 380, -87, 258, -4, 185, 4, 
-165, -326, -161, 246, -2, -244, 380, -87, 258, -4, 185, 9, 
-165, -331, -165, 248, 0, -248, 380, -92, 258, -4, 185, 9, 
-165, -331, -165, 248, 0, -248, 375, -92, 258, -4, 185, 9, 
-165, -331, -165, 248, 0, -248, 375, -87, 268, -4, 195, 19, 
-165, -331, -165, 248, 0, -248, 380, -87, 268, -4, 195, 19, 
-165, -331, -165, 248, 0, -248, 380, -87, 268, 0, 195, 19, 
-165, -331, -165, 248, 0, -248, 375, -87, 268, 0, 195, 19, 
-156, -331, -175, 244, 9, -253, 385, -97, 258, -9, 195, 9, 
-151, -326, -175, 239, 12, -251, 385, -97, 258, -9, 195, 14, 
-151, -326, -175, 239, 12, -251, 385, -97, 263, -9, 190, 14, 
-156, -322, -165, 239, 4, -244, 380, -97, 263, -9, 190, 19, 
-165, -331, -165, 248, 0, -248, 370, -92, 273, -4, 190, 19, 
-165, -326, -161, 246, -2, -244, 370, -92, 278, 4, 190, 19, 
-165, -322, -156, 244, -4, -239, 375, -92, 278, 9, 190, 19, 
-165, -322, -156, 244, -4, -239, 375, -92, 278, 19, 190, 19, 
-165, -322, -156, 244, -4, -239, 375, -107, 278, 14, 200, 19, 
-165, -317, -151, 241, -7, -234, 375, -107, 278, 14, 204, 24, 
-165, -317, -151, 241, -7, -234, 375, -102, 278, 14, 214, 24, 
-165, -322, -156, 244, -4, -239, 375, -102, 278, 14, 214, 24, 
-161, -312, -151, 236, -4, -231, 375, -92, 278, 14, 214, 24, 
-161, -312, -151, 236, -4, -231, 375, -92, 278, 19, 214, 29, 
-161, -312, -151, 236, -4, -231, 375, -92, 283, 29, 214, 29, 
-161, -307, -146, 234, -7, -226, 370, -92, 283, 29, 214, 39, 
-151, -307, -156, 229, 2, -231, 370, -102, 283, 29, 214, 39, 
-151, -302, -151, 226, 0, -226, 370, -102, 278, 29, 214, 34, 
-151, -297, -146, 224, -2, -222, 366, -102, 278, 34, 214, 34, 
-146, -297, -151, 222, 2, -224, 366, -102, 283, 34, 219, 43, 
-146, -292, -146, 219, 0, -219, 366, -97, 292, 34, 224, 43, 
-146, -292, -146, 219, 0, -219, 361, -102, 292, 34, 229, 43, 
-146, -292, -146, 219, 0, -219, 361, -102, 292, 43, 229, 48, 
-146, -292, -146, 219, 0, -219, 366, -102, 297, 48, 229, 58, 
-146, -297, -151, 222, 2, -224, 366, -112, 287, 53, 229, 58, 
-141, -292, -151, 217, 4, -222, 361, -112, 287, 58, 234, 53, 
-141, -287, -146, 214, 2, -217, 356, -117, 287, 58, 234, 53, 
-141, -287, -146, 214, 2, -217, 356, -117, 287, 58, 239, 58, 
-151, -287, -136, 219, -7, -212, 366, -107, 287, 63, 239, 63, 
-151, -278, -126, 214, -12, -202, 366, -107, 287, 63, 248, 63, 
-151, -273, -122, 212, -14, -197, 361, -112, 287, 68, 248, 63, 
-146, -273, -126, 209, -9, -200, 356, -112, 287, 73, 258, 73, 
-136, -268, -131, 202, -2, -200, 356, -122, 287, 78, 248, 73, 
-136, -258, -122, 197, -7, -190, 351, -122, 287, 78, 248, 73, 
-126, -253, -126, 190, 0, -190, 346, -122, 292, 87, 253, 82, 
-126, -253, -126, 190, 0, -190, 346, -122, 292, 92, 258, 87, 
-131, -263, -131, 197, 0, -197, 336, -131, 302, 92, 263, 92, 
-131, -253, -122, 192, -4, -187, 336, -136, 302, 97, 263, 92, 
-122, -248, -126, 185, 2, -187, 336, -136, 302, 97, 263, 97, 
-122, -248, -126, 185, 2, -187, 326, -136, 302, 102, 268, 102, 
-126, -234, -107, 180, -9, -170, 331, -126, 297, 117, 278, 107, 
-126, -229, -102, 178, -12, -165, 326, -131, 297, 122, 287, 112, 
-126, -219, -92, 173, -17, -156, 322, -131, 302, 126, 297, 117, 
-117, -209, -92, 163, -12, -151, 317, -131, 307, 131, 302, 126, 
-107, -209, -102, 158, -2, -156, 302, -141, 297, 136, 307, 126, 
-107, -204, -97, 156, -4, -151, 297, -146, 302, 136, 307, 131, 
-107, -195, -87, 151, -9, -141, 292, -151, 302, 136, 307, 136, 
-107, -185, -78, 146, -14, -131, 287, -156, 297, 141, 307, 131, 
-102, -180, -78, 141, -12, -129, 287, -161, 297, 151, 322, 136, 
-102, -175, -73, 139, -14, -124, 283, -165, 297, 156, 326, 146, 
-92, -175, -82, 134, -4, -129, 283, -165, 297, 165, 331, 156, 
-92, -175, -82, 134, -4, -129, 278, -165, 297, 175, 341, 156, 
-87, -170, -82, 129, -2, -126, 268, -170, 297, 180, 351, 175, 
-87, -161, -73, 124, -7, -117, 263, -175, 297, 185, 356, 185, 
-82, -151, -68, 117, -7, -109, 258, -180, 297, 190, 366, 185, 
-78, -141, -63, 109, -7, -102, 253, -185, 297, 195, 370, 195, 
-73, -136, -63, 104, -4, -100, 253, -185, 297, 200, 366, 200, 
-73, -131, -58, 102, -7, -95, 248, -185, 297, 204, 370, 200, 
-68, -122, -53, 95, -7, -87, 239, -190, 297, 209, 380, 204, 
-63, -112, -48, 87, -7, -80, 234, -195, 297, 214, 390, 204, 
-68, -102, -34, 85, -17, -68, 229, -200, 287, 219, 390, 224, 
-68, -107, -39, 87, -14, -73, 229, -200, 292, 224, 400, 229, 
-68, -112, -43, 90, -12, -78, 224, -200, 292, 229, 405, 239, 
-63, -107, -43, 85, -9, -75, 219, -204, 292, 234, 405, 244, 
-53, -97, -43, 75, -4, -70, 214, -209, 302, 239, 419, 234, 
-48, -92, -43, 70, -2, -68, 214, -214, 297, 239, 429, 239, 
-48, -82, -34, 65, -7, -58, 214, -219, 297, 244, 429, 244, 
-48, -73, -24, 61, -12, -48, 209, -219, 297, 248, 434, 248, 
-48, -63, -14, 56, -17, -39, 195, -229, 287, 244, 424, 258, 
-48, -63, -14, 56, -17, -39, 190, -229, 292, 248, 429, 263, 
-48, -58, -9, 53, -19, -34, 185, -229, 292, 248, 434, 268, 
-48, -58, -9, 53, -19, -34, 185, -239, 292, 248, 439, 273, 
-48, -58, -9, 53, -19, -34, 185, -234, 302, 258, 444, 268, 
-48, -58, -9, 53, -19, -34, 190, -234, 302, 258, 444, 273, 
-48, -63, -14, 56, -17, -39, 195, -234, 302, 258, 439, 273, 
-48, -63, -14, 56, -17, -39, 195, -234, 302, 258, 439, 273, 
-48, -68, -19, 58, -14, -43, 190, -244, 292, 248, 439, 273, 
-53, -68, -14, 61, -19, -41, 185, -248, 292, 253, 439, 278, 
-58, -68, -9, 63, -24, -39, 180, -248, 292, 253, 439, 278, 
-63, -68, -4, 65, -29, -36, 170, -248, 292, 253, 444, 283, 
-58, -58, 0, 58, -29, -29, 175, -248, 302, 253, 444, 283, 
-53, -58, -4, 56, -24, -31, 180, -248, 302, 253, 444, 287, 
-48, -63, -14, 56, -17, -39, 185, -248, 302, 253, 444, 287, 
-39, -63, -24, 51, -7, -43, 190, -244, 307, 253, 444, 283, 
-39, -63, -24, 51, -7, -43, 190, -253, 317, 263, 448, 283, 
-43, -63, -19, 53, -12, -41, 190, -253, 317, 258, 448, 278, 
-43, -63, -19, 53, -12, -41, 195, -253, 317, 258, 453, 278, 
-43, -63, -19, 53, -12, -41, 195, -248, 317, 258, 453, 278, 
-53, -68, -14, 61, -19, -41, 195, -248, 317, 244, 444, 278, 
-58, -68, -9, 63, -24, -39, 195, -248, 322, 244, 434, 273, 
-63, -73, -9, 68, -26, -41, 200, -248, 326, 234, 429, 268, 
-68, -73, -4, 70, -31, -39, 200, -248, 326, 234, 424, 268, 
-68, -92, -24, 80, -21, -58, 209, -239, 326, 214, 409, 253, 
-73, -97, -24, 85, -24, -61, 214, -239, 326, 214, 405, 248, 
-73, -102, -29, 87, -21, -65, 219, -229, 326, 209, 400, 244, 
-78, -112, -34, 95, -21, -73, 224, -224, 326, 204, 390, 239, 
-82, -107, -24, 95, -29, -65, 229, -224, 326, 195, 395, 234, 
-87, -117, -29, 102, -29, -73, 234, -224, 326, 185, 390, 224, 
-87, -122, -34, 104, -26, -78, 244, -214, 326, 180, 385, 219, 
-92, -136, -43, 114, -24, -90, 244, -214, 322, 175, 380, 209, 
-87, -146, -58, 117, -14, -102, 253, -224, 322, 170, 375, 200, 
-92, -146, -53, 119, -19, -100, 258, -219, 322, 165, 361, 200, 
-102, -156, -53, 129, -24, -104, 263, -214, 322, 156, 351, 190, 
-107, -165, -58, 136, -24, -112, 268, -214, 312, 146, 336, 175, 
-107, -165, -58, 136, -24, -112, 263, -214, 302, 151, 326, 165, 
-107, -175, -68, 141, -19, -122, 273, -209, 302, 141, 317, 156, 
-112, -185, -73, 148, -19, -129, 278, -204, 302, 126, 317, 146, 
-117, -190, -73, 153, -21, -131, 283, -200, 302, 117, 312, 141, 
-126, -200, -73, 163, -26, -136, 292, -185, 292, 122, 302, 141, 
-126, -204, -78, 165, -24, -141, 307, -185, 292, 107, 297, 141, 
-131, -209, -78, 170, -26, -143, 307, -185, 292, 97, 292, 131, 
-136, -214, -78, 175, -29, -146, 312, -180, 292, 97, 283, 131, 
-146, -224, -78, 185, -34, -151, 312, -190, 283, 82, 268, 107, 
-151, -234, -82, 192, -34, -158, 317, -190, 278, 78, 253, 102, 
-156, -248, -92, 202, -31, -170, 322, -190, 273, 73, 248, 102, 
-156, -258, -102, 207, -26, -180, 326, -190, 273, 73, 239, 92, 
-156, -253, -97, 204, -29, -175, 331, -185, 273, 68, 244, 87, 
-156, -258, -102, 207, -26, -180, 331, -175, 273, 68, 239, 82, 
-165, -263, -97, 214, -34, -180, 336, -170, 278, 63, 239, 78, 
-165, -263, -97, 214, -34, -180, 341, -170, 278, 58, 244, 78, 
-156, -268, -112, 212, -21, -190, 341, -185, 268, 58, 244, 68, 
-156, -273, -117, 214, -19, -195, 341, -185, 263, 53, 244, 58, 
-161, -283, -122, 222, -19, -202, 346, -185, 263, 53, 244, 58, 
-161, -283, -122, 222, -19, -202, 346, -180, 263, 48, 244, 53, 
-151, -278, -126, 214, -12, -202, 341, -165, 263, 48, 234, 63, 
-151, -278, -126, 214, -12, -202, 341, -165, 263, 48, 229, 63, 
-151, -273, -122, 212, -14, -197, 346, -165, 258, 43, 224, 63, 
-151, -268, -117, 209, -17, -192, 346, -170, 258, 43, 219, 63, 
-156, -268, -112, 212, -21, -190, 351, -170, 258, 39, 229, 58, 
-161, -258, -97, 209, -31, -178, 356, -170, 263, 39, 229, 53, 
-165, -268, -102, 217, -31, -185, 361, -165, 273, 39, 229, 53, 
-170, -268, -97, 219, -36, -183, 366, -165, 283, 39, 229, 53, 
-165, -268, -102, 217, -31, -185, 356, -175, 273, 39, 239, 53, 
-165, -273, -107, 219, -29, -190, 356, -175, 273, 43, 239, 53, 
-165, -283, -117, 224, -24, -200, 351, -180, 273, 43, 244, 53, 
-165, -287, -122, 226, -21, -204, 351, -180, 273, 43, 244, 53, 
-156, -283, -126, 219, -14, -204, 341, -180, 283, 43, 234, 53, 
-156, -278, -122, 217, -17, -200, 341, -180, 283, 43, 234, 53, 
-156, -273, -117, 214, -19, -195, 346, -180, 283, 48, 239, 53, 
-170, -268, -97, 219, -36, -183, 346, -180, 283, 48, 239, 53, 
-161, -268, -107, 214, -26, -187, 341, -180, 292, 48, 239, 58, 
-161, -268, -107, 214, -26, -187, 341, -180, 292, 48, 239, 58, 
-151, -263, -112, 207, -19, -187, 341, -180, 292, 48, 244, 58, 
-151, -263, -112, 207, -19, -187, 341, -175, 297, 48, 244, 58, 
-146, -273, -126, 209, -9, -200, 341, -185, 287, 48, 244, 58, 
-146, -273, -126, 209, -9, -200, 341, -185, 287, 53, 244, 58, 
-146, -268, -122, 207, -12, -195, 341, -185, 287, 53, 244, 58, 
-146, -263, -117, 204, -14, -190, 341, -185, 292, 48, 244, 58, 
-151, -253, -102, 202, -24, -178, 341, -180, 302, 48, 244, 68, 
-156, -253, -97, 204, -29, -175, 341, -180, 297, 53, 248, 68, 
-161, -253, -92, 207, -34, -173, 341, -180, 297, 53, 248, 68, 
-161, -253, -92, 207, -34, -173, 336, -185, 297, 53, 253, 78, 
-151, -248, -97, 200, -26, -173, 341, -185, 307, 63, 253, 68, 
-151, -248, -97, 200, -26, -173, 341, -185, 307, 63, 253, 68, 
-151, -248, -97, 200, -26, -173, 341, -185, 312, 58, 253, 68, 
-146, -248, -102, 197, -21, -175, 341, -185, 312, 58, 258, 68, 
-146, -248, -102, 197, -21, -175, 341, -185, 302, 63, 258, 73, 
-146, -248, -102, 197, -21, -175, 341, -185, 307, 63, 258, 73, 
-151, -248, -97, 200, -26, -173, 341, -185, 307, 63, 258, 73, 
-151, -248, -97, 200, -26, -173, 341, -190, 302, 63, 258, 73, 
-146, -248, -102, 197, -21, -175, 331, -200, 292, 53, 258, 73, 
-141, -248, -107, 195, -17, -178, 331, -200, 297, 53, 258, 73, 
-136, -248, -112, 192, -12, -180, 331, -200, 297, 53, 258, 73, 
-131, -248, -117, 190, -7, -183, 331, -200, 297, 53, 258, 73, 
-136, -248, -112, 192, -12, -180, 331, -200, 297, 53, 253, 63, 
-136, -248, -112, 192, -12, -180, 326, -200, 297, 53, 253, 63, 
-136, -248, -112, 192, -12, -180, 326, -200, 297, 53, 258, 63, 
-136, -248, -112, 192, -12, -180, 326, -200, 297, 53, 258, 63, 
-146, -258, -112, 202, -17, -185, 326, -200, 297, 53, 263, 63, 
-146, -258, -112, 202, -17, -185, 326, -200, 297, 53, 263, 58, 
-146, -258, -112, 202, -17, -185, 331, -195, 297, 53, 263, 58, 
-146, -258, -112, 202, -17, -185, 331, -195, 297, 53, 263, 58, 
-146, -263, -117, 204, -14, -190, 341, -195, 297, 53, 253, 58, 
-146, -263, -117, 204, -14, -190, 341, -195, 297, 48, 253, 58, 
-146, -268, -122, 207, -12, -195, 341, -195, 297, 43, 253, 53, 
-151, -268, -117, 209, -17, -192, 341, -195, 297, 43, 253, 53, 
-141, -258, -117, 200, -12, -187, 346, -195, 297, 43, 258, 43, 
-141, -263, -122, 202, -9, -192, 346, -195, 297, 39, 258, 43, 
-136, -263, -126, 200, -4, -195, 346, -195, 297, 34, 258, 43, 
-136, -268, -131, 202, -2, -200, 346, -195, 297, 29, 258, 43, 
-146, -273, -126, 209, -9, -200, 346, -185, 297, 39, 248, 43, 
-146, -278, -131, 212, -7, -204, 351, -185, 292, 39, 248, 43, 
-146, -283, -136, 214, -4, -209, 351, -185, 292, 39, 248, 43, 
-146, -287, -141, 217, -2, -214, 351, -185, 287, 34, 244, 43, 
-151, -292, -141, 222, -4, -217, 356, -195, 297, 34, 244, 34, 
-151, -292, -141, 222, -4, -217, 356, -195, 297, 34, 248, 34, 
-146, -292, -146, 219, 0, -219, 356, -195, 297, 29, 248, 34, 
-146, -292, -146, 219, 0, -219, 356, -195, 297, 29, 244, 34, 
-151, -292, -141, 222, -4, -217, 356, -185, 297, 19, 244, 34, 
-156, -292, -136, 224, -9, -214, 361, -185, 297, 19, 244, 34, 
-161, -297, -136, 229, -12, -217, 361, -185, 297, 19, 244, 34, 
-161, -302, -141, 231, -9, -222, 361, -185, 297, 19, 239, 34, 
-161, -302, -141, 231, -9, -222, 361, -195, 287, 19, 239, 34, 
-161, -302, -141, 231, -9, -222, 366, -190, 287, 19, 239, 34, 
-161, -302, -141, 231, -9, -222, 366, -190, 283, 19, 239, 29, 
-161, -307, -146, 234, -7, -226, 361, -190, 283, 19, 239, 24, 
-161, -307, -146, 234, -7, -226, 361, -180, 283, 9, 234, 24, 
-161, -302, -141, 231, -9, -222, 361, -180, 283, 9, 234, 19, 
-161, -302, -141, 231, -9, -222, 366, -180, 283, 9, 234, 19, 
-161, -302, -141, 231, -9, -222, 366, -180, 283, 9, 229, 19, 
-161, -307, -146, 234, -7, -226, 370, -180, 283, 14, 229, 24, 
-161, -312, -151, 236, -4, -231, 370, -185, 283, 14, 234, 24, 
-161, -317, -156, 239, -2, -236, 375, -185, 283, 14, 234, 24, 
-165, -317, -151, 241, -7, -234, 375, -185, 283, 14, 224, 19, 
-165, -312, -146, 239, -9, -229, 370, -185, 283, 9, 219, 9, 
-165, -312, -146, 239, -9, -229, 370, -180, 283, 9, 219, 9, 
-165, -317, -151, 241, -7, -234, 370, -180, 283, 9, 219, 9, 
-165, -326, -161, 246, -2, -244, 370, -180, 283, 14, 219, 9, 
-165, -326, -161, 246, -2, -244, 370, -180, 283, 4, 219, 14, 
-165, -326, -161, 246, -2, -244, 370, -180, 278, 0, 219, 14, 
-165, -326, -161, 246, -2, -244, 370, -180, 278, 0, 219, 14, 
-165, -326, -161, 246, -2, -244, 370, -180, 278, 0, 219, 9, 
-165, -331, -165, 248, 0, -248, 375, -190, 268, 0, 214, 4, 
-165, -331, -165, 248, 0, -248, 375, -190, 268, 0, 214, 4, 
-161, -326, -165, 244, 2, -246, 375, -190, 268, 0, 209, 4, 
-161, -326, -165, 244, 2, -246, 375, -185, 268, 0, 209, 4, 
-175, -326, -151, 251, -12, -239, 380, -185, 273, 0, 209, 14, 
-175, -331, -156, 253, -9, -244, 380, -185, 273, 0, 209, 9, 
-170, -331, -161, 251, -4, -246, 380, -185, 273, 0, 214, 9, 
-170, -331, -161, 251, -4, -246, 380, -185, 268, -4, 219, 9, 
-180, -341, -161, 261, -9, -251, 375, -185, 263, -14, 219, 0, 
-180, -346, -165, 263, -7, -256, 375, -185, 263, -14, 209, 0, 
-180, -346, -165, 263, -7, -256, 380, -185, 263, -9, 204, 0, 
-180, -346, -165, 263, -7, -256, 380, -185, 263, -9, 204, -4, 
-175, -336, -161, 256, -7, -248, 380, -175, 263, 0, 219, 4, 
-170, -331, -161, 251, -4, -246, 375, -175, 268, 0, 219, 4, 
-165, -326, -161, 246, -2, -244, 375, -175, 268, -4, 219, 4, 
-161, -326, -165, 244, 2, -246, 375, -175, 268, -4, 214, 4, 
-165, -331, -165, 248, 0, -248, 385, -180, 268, -14, 214, 0, 
-165, -336, -170, 251, 2, -253, 385, -180, 268, -14, 214, 0, 
-165, -341, -175, 253, 4, -258, 390, -175, 268, -14, 219, 0, 
-165, -346, -180, 256, 7, -263, 390, -175, 258, -14, 219, 0, 
-175, -346, -170, 261, -2, -258, 390, -165, 268, -4, 219, 0, 
-175, -346, -170, 261, -2, -258, 390, -170, 268, -4, 219, 0, 
-175, -346, -170, 261, -2, -258, 385, -170, 268, -9, 219, -4, 
-170, -346, -175, 258, 2, -261, 385, -170, 273, -9, 219, -4, 
-170, -341, -170, 256, 0, -256, 385, -175, 268, -9, 219, -4, 
-170, -341, -170, 256, 0, -256, 385, -180, 268, -9, 219, -4, 
-170, -341, -170, 256, 0, -256, 385, -185, 268, -9, 214, -4, 
-170, -341, -170, 256, 0, -256, 385, -190, 263, -9, 214, -4, 
-180, -356, -175, 268, -2, -265, 385, -190, 273, -9, 209, -14, 
-180, -356, -175, 268, -2, -265, 385, -190, 273, -9, 209, -14, 
-180, -356, -175, 268, -2, -265, 385, -190, 273, -9, 209, -14, 
-180, -356, -175, 268, -2, -265, 385, -190, 268, -9, 209, -14, 
-180, -356, -175, 268, -2, -265, 395, -185, 268, 0, 214, -4, 
-180, -356, -175, 268, -2, -265, 395, -180, 273, 0, 214, -4, 
-180, -356, -175, 268, -2, -265, 395, -175, 273, -4, 214, -4, 
-185, -356, -170, 270, -7, -263, 395, -170, 268, -4, 214, -4, 
-175, -356, -180, 265, 2, -268, 385, -180, 268, -14, 209, -14, 
-175, -356, -180, 265, 2, -268, 385, -180, 273, -14, 209, -14, 
-180, -351, -170, 265, -4, -261, 385, -180, 273, -14, 209, -14, 
-180, -351, -170, 265, -4, -261, 385, -180, 273, -9, 209, -19, 
-165, -351, -185, 258, 9, -268, 395, -180, 273, -9, 204, -9, 
-165, -351, -185, 258, 9, -268, 395, -180, 273, -9, 204, -4, 
-165, -351, -185, 258, 9, -268, 400, -175, 278, -9, 204, -4, 
-165, -356, -190, 261, 12, -273, 400, -175, 278, -9, 204, -4, 
-165, -346, -180, 256, 7, -263, 390, -185, 273, -9, 204, -14, 
-165, -346, -180, 256, 7, -263, 390, -185, 268, -14, 204, -14, 
-165, -346, -180, 256, 7, -263, 390, -185, 263, -14, 204, -14, 
-170, -346, -175, 258, 2, -261, 390, -185, 258, -9, 204, -14, 
-175, -346, -170, 261, -2, -258, 390, -185, 258, -14, 204, -14, 
-175, -351, -175, 263, 0, -263, 390, -185, 258, -9, 200, -14, 
-175, -351, -175, 263, 0, -263, 390, -190, 258, -9, 200, -9, 
-180, -356, -175, 268, -2, -265, 390, -190, 258, -14, 200, -9, 
-180, -366, -185, 273, 2, -275, 390, -190, 258, -14, 200, -9, 
-175, -361, -185, 268, 4, -273, 390, -190, 258, -14, 200, -9, 
-175, -361, -185, 268, 4, -273, 390, -190, 258, -14, 200, -4, 
-175, -361, -185, 268, 4, -273, 390, -190, 258, -14, 200, -4, 
-175, -351, -175, 263, 0, -263, 390, -190, 268, -14, 200, -4, 
-175, -351, -175, 263, 0, -263, 390, -190, 268, -14, 200, -4, 
-175, -351, -175, 263, 0, -263, 390, -190, 268, -14, 200, -4, 
-175, -356, -180, 265, 2, -268, 390, -190, 268, -14, 200, -4, 
-170, -346, -175, 258, 2, -261, 390, -190, 258, -14, 200, -14, 
-170, -341, -170, 256, 0, -256, 390, -190, 258, -9, 200, -14, 
-170, -341, -170, 256, 0, -256, 390, -190, 258, -9, 200, -14, 
-175, -336, -161, 256, -7, -248, 390, -190, 263, -9, 204, -14, 
-175, -346, -170, 261, -2, -258, 400, -190, 263, -19, 200, -4, 
-175, -346, -170, 261, -2, -258, 400, -190, 263, -19, 200, -4, 
-175, -346, -170, 261, -2, -258, 400, -190, 263, -19, 200, -4, 
-175, -351, -175, 263, 0, -263, 400, -190, 263, -19, 200, -4, 
-175, -361, -185, 268, 4, -273, 409, -195, 268, -19, 190, -14, 
-175, -356, -180, 265, 2, -268, 409, -195, 268, -19, 190, -14, 
-175, -346, -170, 261, -2, -258, 409, -195, 273, -19, 190, -14, 
-175, -346, -170, 261, -2, -258, 409, -195, 273, -19, 190, -14, 
-175, -351, -175, 263, 0, -263, 405, -195, 263, -14, 200, -14, 
-180, -351, -170, 265, -4, -261, 400, -200, 263, -19, 195, -4, 
-185, -351, -165, 268, -9, -258, 409, -195, 263, -19, 195, -9, 
-175, -361, -185, 268, 4, -273, 400, -195, 263, -19, 195, -9, 
-175, -361, -185, 268, 4, -273, 400, -195, 263, -19, 195, -9, 
-175, -361, -185, 268, 4, -273, 400, -195, 263, -19, 195, -9, 
-175, -361, -185, 268, 4, -273, 400, -195, 263, -19, 195, -9, 
-185, -361, -175, 273, -4, -268, 400, -195, 273, -19, 195, -9, 
-185, -361, -175, 273, -4, -268, 400, -195, 273, -19, 195, -9, 
-185, -361, -175, 273, -4, -268, 400, -195, 273, -19, 195, -9, 
-185, -361, -175, 273, -4, -268, 400, -195, 273, -19, 195, -9, 
-195, -351, -156, 273, -19, -253, 400, -204, 283, -14, 204, 0, 
-195, -351, -156, 273, -19, -253, 400, -204, 283, -9, 204, 0, 
-195, -351, -156, 273, -19, -253, 400, -204, 283, -4, 204, 0, 
-195, -351, -156, 273, -19, -253, 400, -204, 283, 0, 204, 0, 
-190, -336, -146, 263, -21, -241, 395, -214, 297, 4, 209, 4, 
-185, -322, -136, 253, -24, -229, 390, -214, 302, 9, 214, 9, 
-180, -307, -126, 244, -26, -217, 385, -214, 307, 14, 219, 14, 
-175, -292, -117, 234, -29, -204, 380, -214, 312, 19, 224, 19, 
-185, -283, -97, 234, -43, -190, 380, -224, 322, 19, 234, 29, 
-185, -283, -97, 234, -43, -190, 380, -224, 322, 19, 234, 29, 
-185, -283, -97, 234, -43, -190, 380, -224, 322, 19, 234, 29, 
-185, -268, -82, 226, -51, -175, 380, -224, 326, 19, 239, 34, 
-175, -258, -82, 217, -46, -170, 380, -219, 346, 29, 253, 48, 
-175, -248, -73, 212, -51, -161, 375, -224, 346, 34, 253, 48, 
-170, -234, -63, 202, -53, -148, 361, -229, 346, 39, 258, 48, 
-170, -229, -58, 200, -56, -143, 351, -244, 356, 43, 263, 48, 
-170, -219, -48, 195, -61, -134, 331, -253, 361, 43, 258, 39, 
-170, -204, -34, 187, -68, -119, 322, -263, 361, 48, 258, 48, 
-170, -200, -29, 185, -70, -114, 307, -278, 366, 48, 258, 53, 
-170, -190, -19, 180, -75, -104, 292, -287, 366, 48, 263, 58, 
-170, -170, 0, 170, -85, -85, 287, -283, 366, 58, 278, 68, 
-165, -161, 4, 163, -85, -78, 283, -292, 366, 58, 278, 73, 
-165, -161, 4, 163, -85, -78, 278, -292, 366, 58, 283, 73, 
-165, -170, -4, 168, -80, -87, 283, -292, 361, 58, 283, 73, 
-175, -165, 9, 170, -92, -78, 278, -302, 351, 58, 273, 73, 
-175, -156, 19, 165, -97, -68, 283, -307, 351, 58, 278, 73, 
-170, -151, 19, 161, -95, -65, 278, -307, 351, 58, 278, 78, 
-165, -146, 19, 156, -92, -63, 273, -307, 351, 58, 278, 78, 
-165, -146, 19, 156, -92, -63, 287, -307, 351, 53, 268, 68, 
-151, -146, 4, 148, -78, -70, 287, -302, 346, 53, 268, 68, 
-151, -156, -4, 153, -73, -80, 292, -297, 336, 48, 263, 63, 
-146, -170, -24, 158, -61, -97, 297, -287, 331, 48, 263, 63, 
-146, -180, -34, 163, -56, -107, 307, -278, 326, 43, 273, 63, 
-146, -200, -53, 173, -46, -126, 312, -268, 322, 39, 263, 53, 
-141, -224, -82, 183, -29, -153, 317, -258, 307, 34, 253, 43, 
-141, -234, -92, 187, -24, -163, 317, -253, 297, 24, 248, 39, 
-136, -239, -102, 187, -17, -170, 322, -253, 297, 34, 258, 43, 
-141, -244, -102, 192, -19, -173, 326, -248, 297, 34, 253, 43, 
-141, -258, -117, 200, -12, -187, 336, -244, 297, 29, 248, 39, 
-141, -268, -126, 204, -7, -197, 346, -244, 292, 24, 244, 39, 
-146, -278, -131, 212, -7, -204, 356, -239, 283, 14, 234, 24, 
-156, -292, -136, 224, -9, -214, 361, -239, 278, 9, 234, 19, 
-161, -297, -136, 229, -12, -217, 366, -234, 273, 4, 229, 14, 
-165, -312, -146, 239, -9, -229, 375, -234, 273, 0, 224, 14, 
-180, -312, -131, 246, -24, -222, 380, -234, 268, 4, 219, 9, 
-185, -317, -131, 251, -26, -224, 385, -234, 263, 0, 214, 0, 
-190, -326, -136, 258, -26, -231, 385, -229, 258, -4, 204, -4, 
-190, -336, -146, 263, -21, -241, 390, -229, 253, -9, 200, -9, 
-195, -331, -136, 263, -29, -234, 385, -224, 258, -24, 200, -9, 
-195, -341, -146, 268, -24, -244, 390, -224, 253, -24, 200, -14, 
-195, -351, -156, 273, -19, -253, 395, -219, 244, -29, 190, -19, 
-195, -361, -165, 278, -14, -263, 400, -214, 239, -39, 180, -29, 
-185, -370, -185, 278, 0, -278, 409, -200, 224, -39, 180, -39, 
-185, -385, -200, 285, 7, -292, 414, -200, 224, -43, 175, -39, 
-185, -385, -200, 285, 7, -292, 419, -200, 224, -48, 170, -43, 
-185, -385, -200, 285, 7, -292, 424, -200, 224, -48, 170, -43, 
-195, -385, -190, 290, -2, -287, 414, -204, 224, -48, 161, -43, 
-190, -385, -195, 287, 2, -290, 419, -204, 224, -53, 156, -43, 
-190, -385, -195, 287, 2, -290, 419, -204, 224, -53, 156, -43, 
-195, -390, -195, 292, 0, -292, 424, -204, 224, -53, 156, -48, 
-190, -385, -195, 287, 2, -290, 414, -195, 224, -48, 165, -58, 
-190, -390, -200, 290, 4, -295, 419, -195, 219, -53, 156, -58, 
-190, -390, -200, 290, 4, -295, 419, -195, 219, -53, 156, -58, 
-190, -390, -200, 290, 4, -295, 414, -195, 219, -53, 161, -58, 
-195, -385, -190, 290, -2, -287, 424, -195, 219, -53, 161, -53, 
-195, -385, -190, 290, -2, -287, 424, -195, 219, -48, 161, -53, 
-195, -385, -190, 290, -2, -287, 429, -195, 219, -48, 161, -53, 
-190, -385, -195, 287, 2, -290, 429, -195, 219, -53, 161, -48, 
-180, -385, -204, 283, 12, -295, 429, -195, 214, -68, 156, -48, 
-185, -395, -209, 290, 12, -302, 429, -190, 214, -68, 156, -53, 
-185, -400, -214, 292, 14, -307, 429, -190, 214, -63, 156, -53, 
-185, -400, -214, 292, 14, -307, 429, -190, 219, -63, 156, -53, 
-190, -409, -219, 300, 14, -314, 434, -200, 219, -63, 146, -63, 
-195, -405, -209, 300, 7, -307, 434, -200, 219, -63, 146, -63, 
-195, -405, -209, 300, 7, -307, 434, -200, 219, -63, 146, -63, 
-200, -400, -200, 300, 0, -300, 434, -200, 219, -63, 146, -63, 
-200, -390, -190, 295, -4, -290, 419, -200, 219, -73, 146, -63, 
-200, -395, -195, 297, -2, -295, 419, -200, 214, -73, 141, -63, 
-200, -395, -195, 297, -2, -295, 424, -204, 214, -68, 141, -63, 
-200, -395, -195, 297, -2, -295, 424, -204, 214, -68, 141, -63, 
-190, -390, -200, 290, 4, -295, 419, -200, 204, -68, 151, -63, 
-190, -390, -200, 290, 4, -295, 419, -200, 204, -68, 151, -63, 
-190, -390, -200, 290, 4, -295, 419, -200, 209, -68, 151, -63, 
-190, -390, -200, 290, 4, -295, 419, -200, 209, -68, 156, -63, 
-190, -390, -200, 290, 4, -295, 419, -200, 214, -58, 146, -63, 
-190, -390, -200, 290, 4, -295, 419, -200, 214, -58, 146, -63, 
-185, -390, -204, 287, 9, -297, 419, -200, 214, -58, 146, -63, 
-185, -390, -204, 287, 9, -297, 419, -200, 214, -58, 146, -63, 
-185, -380, -195, 283, 4, -287, 439, -195, 214, -48, 156, -53, 
-185, -400, -214, 292, 14, -307, 444, -180, 214, -58, 151, -53, 
-195, -419, -224, 307, 14, -322, 448, -185, 214, -68, 141, -68, 
-180, -414, -234, 297, 26, -324, 448, -170, 214, -68, 136, -73, 
-161, -414, -253, 287, 46, -334, 453, -131, 229, -68, 136, -73, 
-156, -434, -278, 295, 61, -356, 473, -87, 253, -68, 126, -97, 
-175, -458, -283, 317, 53, -370, 502, -34, 297, -58, 112, -122, 
-175, -468, -292, 322, 58, -380, 541, 24, 346, -39, 107, -141, 
-185, -468, -283, 326, 48, -375, 570, 58, 400, -29, 112, -141, 
-195, -463, -268, 329, 36, -366, 590, 73, 439, -14, 112, -141, 
-195, -444, -248, 319, 26, -346, 590, 82, 473, -4, 122, -131, 
-195, -405, -209, 300, 7, -307, 580, 68, 497, 19, 156, -97, 
-190, -326, -136, 258, -26, -231, 546, 19, 497, 58, 204, -43, 
-185, -209, -24, 197, -80, -117, 492, -48, 497, 117, 287, 43, 
-165, -34, 131, 100, -148, 48, 405, -165, 527, 224, 400, 175, 
-141, 170, 312, -14, -226, 241, 292, -322, 546, 331, 541, 331, 
-122, 351, 473, -114, -297, 412, 161, -512, 492, 424, 668, 492, 
-102, 507, 610, -202, -356, 558, 43, -683, 400, 468, 771, 605, 
-53, 605, 658, -275, -356, 631, -48, -800, 253, 497, 844, 717, 
-4, 678, 683, -336, -344, 680, -136, -912, 87, 541, 927, 849, 
63, 790, 727, -427, -331, 758, -263, -1058, -112, 575, 1034, 995, 
126, 907, 780, -517, -326, 844, -400, -1166, -375, 580, 1117, 1127, 
180, 1000, 819, -590, -319, 910, -497, -1234, -658, 561, 1180, 1244, 
214, 1088, 873, -651, -329, 980, -580, -1293, -902, 536, 1234, 1332, 
214, 1127, 912, -671, -348, 1019, -624, -1312, -1073, 507, 1259, 1385, 
204, 1024, 819, -614, -307, 922, -595, -1254, -1176, 429, 1190, 1322, 
195, 829, 634, -512, -219, 732, -502, -1146, -1244, 307, 1063, 1190, 
190, 649, 458, -419, -134, 553, -414, -1049, -1278, 209, 951, 1058, 
165, 512, 346, -339, -90, 429, -346, -980, -1278, 126, 844, 946, 
141, 361, 219, -251, -39, 290, -283, -893, -1239, 53, 732, 819, 
126, 190, 63, -158, 31, 126, -204, -780, -1176, -9, 629, 678, 
102, 43, -58, -73, 80, -7, -131, -663, -1083, -73, 527, 536, 
63, -68, -131, 2, 97, -100, -43, -570, -990, -146, 409, 385, 
14, -175, -190, 80, 102, -183, 53, -468, -868, -224, 278, 239, 
-39, -283, -244, 161, 102, -263, 151, -366, -756, -287, 165, 92, 
-73, -370, -297, 222, 112, -334, 224, -292, -624, -322, 78, -14, 
-107, -434, -326, 270, 109, -380, 283, -244, -488, -322, 34, -87, 
-141, -478, -336, 309, 97, -407, 331, -195, -366, -297, 19, -136, 
-136, -502, -366, 319, 114, -434, 390, -156, -263, -273, 39, -131, 
-131, -512, -380, 322, 124, -446, 444, -122, -170, -244, 58, -122, 
-151, -517, -366, 334, 107, -441, 463, -97, -102, -234, 58, -122, 
-175, -517, -341, 346, 82, -429, 463, -68, -48, -209, 73, -122, 
-170, -502, -331, 336, 80, -417, 478, -48, 19, -165, 97, -97, 
-151, -463, -312, 307, 80, -387, 492, -48, 78, -126, 117, -78, 
-151, -434, -283, 292, 65, -358, 483, -53, 102, -107, 136, -78, 
-161, -409, -248, 285, 43, -329, 468, -68, 117, -87, 156, -73, 
-161, -390, -229, 275, 34, -309, 463, -78, 131, -78, 156, -68, 
-161, -375, -214, 268, 26, -295, 458, -97, 161, -68, 165, -58, 
-161, -370, -209, 265, 24, -290, 444, -122, 170, -78, 165, -48, 
-165, -380, -214, 273, 24, -297, 439, -146, 185, -73, 156, -53, 
-165, -390, -224, 278, 29, -307, 448, -165, 204, -73, 151, -63, 
-161, -385, -224, 273, 31, -305, 448, -165, 209, -82, 156, -58, 
-175, -395, -219, 285, 21, -307, 453, -156, 214, -78, 151, -68, 
-180, -405, -224, 292, 21, -314, 458, -156, 224, -73, 136, -78, 
-200, -395, -195, 297, -2, -295, 453, -161, 224, -78, 136, -78, 
-204, -395, -190, 300, -7, -292, 453, -161, 224, -68, 141, -78, 
-204, -390, -185, 297, -9, -287, 448, -175, 229, -63, 141, -73, 
-200, -380, -180, 290, -9, -280, 444, -190, 229, -63, 146, -68, 
-190, -380, -190, 285, 0, -285, 444, -200, 229, -58, 146, -58, 
-190, -375, -185, 283, -2, -280, 434, -209, 229, -63, 146, -58, 
-190, -380, -190, 285, 0, -285, 434, -209, 234, -63, 146, -63, 
-195, -390, -195, 292, 0, -292, 439, -204, 248, -63, 146, -63, 
-200, -390, -190, 295, -4, -290, 439, -195, 248, -63, 151, -73, 
-200, -390, -190, 295, -4, -290, 439, -195, 253, -63, 146, -73, 
-200, -390, -190, 295, -4, -290, 444, -190, 253, -63, 146, -73, 
-195, -390, -195, 292, 0, -292, 444, -190, 253, -58, 146, -73, 
-195, -380, -185, 287, -4, -283, 439, -190, 253, -63, 141, -73, 
-195, -380, -185, 287, -4, -283, 439, -195, 253, -58, 141, -68, 
-190, -370, -180, 280, -4, -275, 439, -195, 253, -58, 141, -68, 
-190, -370, -180, 280, -4, -275, 439, -195, 253, -58, 141, -68, 
-200, -375, -175, 287, -12, -275, 439, -195, 253, -58, 141, -68, 
-200, -380, -180, 290, -9, -280, 439, -200, 253, -58, 141, -63, 
-200, -380, -180, 290, -9, -280, 439, -200, 253, -58, 141, -63, 
-200, -385, -185, 292, -7, -285, 439, -200, 253, -58, 141, -63, 
-190, -375, -185, 283, -2, -280, 439, -200, 268, -58, 141, -53, 
-190, -375, -185, 283, -2, -280, 439, -200, 268, -58, 141, -53, 
-190, -375, -185, 283, -2, -280, 439, -204, 263, -53, 141, -58, 
-190, -375, -185, 283, -2, -280, 439, -204, 263, -53, 146, -58, 
-200, -375, -175, 287, -12, -275, 439, -204, 253, -53, 146, -58, 
-200, -366, -165, 283, -17, -265, 434, -209, 258, -53, 146, -63, 
-200, -366, -165, 283, -17, -265, 434, -214, 258, -53, 146, -63, 
-200, -366, -165, 283, -17, -265, 434, -214, 263, -53, 146, -68, 
-200, -366, -165, 283, -17, -265, 424, -219, 263, -53, 146, -58, 
-200, -366, -165, 283, -17, -265, 424, -219, 263, -53, 146, -58, 
-200, -366, -165, 283, -17, -265, 424, -219, 263, -53, 146, -58, 
-200, -366, -165, 283, -17, -265, 424, -219, 263, -53, 146, -58, 
-200, -366, -165, 283, -17, -265, 424, -209, 263, -58, 146, -58, 
-200, -361, -161, 280, -19, -261, 419, -209, 263, -53, 146, -53, 
-200, -361, -161, 280, -19, -261, 419, -209, 268, -53, 146, -53, 
-195, -361, -165, 278, -14, -263, 419, -214, 268, -53, 146, -53, 
-195, -356, -161, 275, -17, -258, 429, -214, 268, -43, 146, -63, 
-195, -356, -161, 275, -17, -258, 429, -214, 268, -43, 146, -58, 
-195, -356, -161, 275, -17, -258, 429, -219, 268, -43, 146, -58, 
-195, -351, -156, 273, -19, -253, 424, -219, 268, -43, 146, -58, 
-195, -351, -156, 273, -19, -253, 414, -224, 268, -43, 146, -58, 
-195, -351, -156, 273, -19, -253, 419, -224, 268, -43, 146, -58, 
-195, -351, -156, 273, -19, -253, 419, -224, 268, -39, 146, -58, 
-195, -351, -156, 273, -19, -253, 414, -224, 268, -39, 146, -58, 
-185, -341, -156, 263, -14, -248, 414, -224, 268, -39, 156, -68, 
-180, -336, -156, 258, -12, -246, 414, -224, 268, -39, 156, -63, 
-180, -336, -156, 258, -12, -246, 414, -224, 273, -39, 151, -63, 
-185, -331, -146, 258, -19, -239, 409, -224, 273, -39, 151, -58, 
-185, -331, -146, 258, -19, -239, 419, -229, 273, -48, 151, -58, 
-185, -326, -141, 256, -21, -234, 419, -229, 278, -43, 151, -58, 
-185, -322, -136, 253, -24, -229, 424, -229, 278, -43, 151, -58, 
-185, -322, -136, 253, -24, -229, 424, -229, 278, -39, 151, -58, 
-195, -326, -131, 261, -31, -229, 424, -224, 278, -34, 151, -68, 
-195, -326, -131, 261, -31, -229, 424, -224, 278, -34, 156, -63, 
-195, -331, -136, 263, -29, -234, 424, -219, 278, -34, 165, -63, 
-195, -341, -146, 268, -24, -244, 424, -219, 278, -34, 165, -63, 
-190, -336, -146, 263, -21, -241, 419, -229, 278, -43, 156, -63, 
-190, -331, -141, 261, -24, -236, 414, -229, 278, -39, 156, -58, 
-190, -326, -136, 258, -26, -231, 409, -229, 283, -29, 156, -58, 
-190, -317, -126, 253, -31, -222, 400, -229, 283, -29, 156, -48, 
-180, -317, -136, 248, -21, -226, 409, -229, 292, -29, 165, -48, 
-180, -312, -131, 246, -24, -222, 409, -229, 287, -29, 165, -53, 
-180, -307, -126, 244, -26, -217, 405, -229, 287, -24, 165, -53, 
-175, -307, -131, 241, -21, -219, 405, -229, 292, -24, 170, -43, 
-180, -302, -122, 241, -29, -212, 405, -234, 292, -24, 175, -43, 
-185, -302, -117, 244, -34, -209, 400, -239, 292, -24, 180, -43, 
-190, -302, -112, 246, -39, -207, 400, -239, 292, -14, 180, -39, 
-195, -302, -107, 248, -43, -204, 405, -239, 297, -9, 180, -29, 
-185, -297, -112, 241, -36, -204, 405, -239, 297, -14, 180, -29, 
-180, -292, -112, 236, -34, -202, 400, -239, 297, -9, 185, -34, 
-180, -287, -107, 234, -36, -197, 395, -244, 297, -9, 185, -34, 
-180, -287, -107, 234, -36, -197, 395, -244, 297, -9, 190, -29, 
-170, -278, -107, 224, -31, -192, 395, -244, 307, 4, 180, -24, 
-170, -268, -97, 219, -36, -183, 395, -244, 307, 4, 190, -24, 
-170, -263, -92, 217, -39, -178, 390, -248, 307, 9, 190, -24, 
-165, -263, -97, 214, -34, -180, 385, -248, 307, 14, 200, -14, 
-175, -268, -92, 222, -41, -180, 385, -248, 307, 9, 200, -14, 
-175, -258, -82, 217, -46, -170, 380, -248, 307, 9, 200, -14, 
-165, -253, -87, 209, -39, -170, 375, -248, 312, 19, 204, -4, 
-165, -253, -87, 209, -39, -170, 375, -248, 312, 24, 209, 0, 
-170, -253, -82, 212, -43, -168, 375, -248, 312, 34, 214, 4, 
-170, -244, -73, 207, -48, -158, 375, -253, 312, 39, 214, 4, 
-161, -239, -78, 200, -41, -158, 375, -253, 312, 39, 214, 9, 
-161, -239, -78, 200, -41, -158, 366, -253, 312, 43, 219, 14, 
-165, -234, -68, 200, -48, -151, 361, -263, 297, 48, 224, 19, 
-165, -229, -63, 197, -51, -146, 356, -268, 297, 53, 229, 24, 
-165, -219, -53, 192, -56, -136, 351, -268, 302, 58, 234, 29, 
-156, -209, -53, 183, -51, -131, 346, -268, 307, 63, 234, 39, 
-146, -200, -53, 173, -46, -126, 341, -268, 307, 82, 253, 43, 
-146, -195, -48, 170, -48, -122, 336, -273, 312, 87, 258, 53, 
-146, -185, -39, 165, -53, -112, 331, -278, 312, 92, 263, 63, 
-146, -175, -29, 161, -58, -102, 326, -283, 307, 102, 268, 63, 
-141, -175, -34, 158, -53, -104, 336, -278, 307, 92, 273, 58, 
-141, -165, -24, 153, -58, -95, 331, -283, 307, 97, 278, 68, 
-131, -161, -29, 146, -51, -95, 331, -283, 307, 107, 283, 78, 
-131, -156, -24, 143, -53, -90, 326, -283, 307, 117, 292, 78, 
-126, -161, -34, 143, -46, -97, 317, -287, 307, 112, 292, 97, 
-126, -151, -24, 139, -51, -87, 312, -292, 307, 117, 297, 107, 
-122, -141, -19, 131, -51, -80, 307, -297, 307, 122, 307, 107, 
-117, -131, -14, 124, -51, -73, 302, -302, 307, 126, 312, 117, 
-122, -136, -14, 129, -53, -75, 302, -302, 307, 131, 317, 126, 
-122, -131, -9, 126, -56, -70, 297, -302, 307, 136, 322, 131, 
-117, -122, -4, 119, -56, -63, 287, -307, 307, 141, 331, 141, 
-112, -112, 0, 112, -56, -56, 283, -312, 307, 146, 341, 146, 
-97, -92, 4, 95, -51, -43, 268, -317, 297, 161, 341, 146, 
-97, -87, 9, 92, -53, -39, 268, -317, 302, 165, 351, 151, 
-97, -82, 14, 90, -56, -34, 263, -317, 302, 170, 356, 161, 
-92, -68, 24, 80, -58, -21, 258, -322, 302, 175, 356, 165, 
-92, -68, 24, 80, -58, -21, 263, -326, 312, 170, 351, 165, 
-87, -73, 14, 80, -51, -29, 263, -331, 307, 170, 361, 170, 
-87, -73, 14, 80, -51, -29, 263, -336, 307, 175, 361, 175, 
-87, -73, 14, 80, -51, -29, 258, -336, 307, 180, 366, 180, 
-97, -63, 34, 80, -65, -14, 253, -336, 297, 175, 366, 180, 
-97, -63, 34, 80, -65, -14, 248, -336, 302, 180, 370, 185, 
-97, -58, 39, 78, -68, -9, 244, -336, 302, 180, 375, 190, 
-97, -58, 39, 78, -68, -9, 244, -346, 302, 180, 380, 195, 
-97, -53, 43, 75, -70, -4, 239, -341, 302, 190, 395, 200, 
-97, -48, 48, 73, -73, 0, 239, -341, 302, 190, 395, 204, 
-97, -48, 48, 73, -73, 0, 239, -341, 302, 190, 390, 204, 
-97, -43, 53, 70, -75, 4, 234, -341, 302, 190, 390, 204, 
-92, -48, 43, 70, -68, -2, 234, -341, 312, 190, 390, 204, 
-92, -48, 43, 70, -68, -2, 234, -346, 312, 195, 390, 209, 
-92, -48, 43, 70, -68, -2, 234, -346, 312, 195, 390, 209, 
-92, -48, 43, 70, -68, -2, 229, -346, 312, 195, 395, 214, 
-102, -39, 63, 70, -82, 12, 239, -346, 312, 185, 395, 204, 
-102, -39, 63, 70, -82, 12, 239, -346, 312, 185, 395, 209, 
-102, -43, 58, 73, -80, 7, 239, -346, 312, 185, 395, 209, 
-97, -43, 53, 70, -75, 4, 239, -341, 317, 185, 395, 204, 
-107, -53, 53, 80, -80, 0, 239, -341, 317, 185, 390, 195, 
-112, -53, 58, 82, -85, 2, 239, -341, 317, 180, 390, 190, 
-112, -53, 58, 82, -85, 2, 244, -341, 317, 180, 395, 190, 
-112, -53, 58, 82, -85, 2, 244, -336, 317, 180, 395, 190, 
-102, -58, 43, 80, -73, -7, 253, -336, 326, 175, 385, 200, 
-107, -58, 48, 82, -78, -4, 253, -336, 331, 175, 375, 195, 
-112, -63, 48, 87, -80, -7, 258, -336, 336, 165, 370, 190, 
-117, -63, 53, 90, -85, -4, 258, -336, 336, 165, 366, 190, 
-107, -63, 43, 85, -75, -9, 258, -346, 326, 156, 361, 185, 
-112, -68, 43, 90, -78, -12, 263, -346, 326, 156, 356, 180, 
-112, -73, 39, 92, -75, -17, 268, -336, 326, 151, 351, 175, 
-117, -82, 34, 100, -75, -24, 273, -331, 326, 146, 341, 170, 
-126, -97, 29, 112, -78, -34, 278, -331, 326, 131, 326, 161, 
-136, -107, 29, 122, -82, -39, 283, -331, 326, 117, 322, 146, 
-141, -112, 29, 126, -85, -41, 292, -322, 326, 107, 317, 136, 
-151, -126, 24, 139, -87, -51, 292, -322, 322, 97, 312, 122, 
-146, -131, 14, 139, -80, -58, 302, -322, 322, 102, 307, 122, 
-151, -126, 24, 139, -87, -51, 307, -317, 322, 97, 292, 122, 
-161, -131, 29, 146, -95, -51, 312, -312, 322, 87, 283, 112, 
-165, -136, 29, 151, -97, -53, 317, -312, 312, 78, 268, 97, 
-165, -136, 29, 151, -97, -53, 322, -312, 312, 73, 268, 97, 
-165, -146, 19, 156, -92, -63, 331, -307, 312, 63, 258, 87, 
-170, -156, 14, 163, -92, -70, 336, -302, 312, 48, 258, 78, 
-175, -161, 14, 168, -95, -73, 341, -297, 312, 39, 253, 73, 
-175, -170, 4, 173, -90, -82, 331, -292, 312, 43, 234, 53, 
-175, -175, 0, 175, -87, -87, 346, -292, 312, 29, 229, 53, 
-180, -180, 0, 180, -90, -90, 346, -292, 312, 19, 224, 43, 
-185, -185, 0, 185, -92, -92, 351, -287, 312, 19, 214, 43, 
-185, -190, -4, 187, -90, -97, 351, -297, 302, 14, 219, 39, 
-190, -195, -4, 192, -92, -100, 356, -297, 297, 9, 204, 34, 
-195, -204, -9, 200, -92, -107, 361, -297, 292, 4, 200, 34, 
-195, -209, -14, 202, -90, -112, 366, -297, 292, 4, 190, 24, 
-195, -204, -9, 200, -92, -107, 361, -292, 292, -9, 185, 9, 
-195, -209, -14, 202, -90, -112, 361, -283, 292, -9, 180, 4, 
-204, -214, -9, 209, -97, -112, 366, -278, 297, -14, 180, 0, 
-204, -214, -9, 209, -97, -112, 370, -278, 297, -19, 185, 0, 
-195, -219, -24, 207, -85, -122, 380, -273, 297, -29, 175, 9, 
-195, -224, -29, 209, -82, -126, 380, -273, 292, -34, 175, 0, 
-200, -234, -34, 217, -82, -134, 385, -273, 292, -34, 175, 0, 
-200, -234, -34, 217, -82, -134, 385, -268, 292, -39, 175, -4, 
-209, -234, -24, 222, -92, -129, 390, -273, 292, -29, 175, -14, 
-209, -239, -29, 224, -90, -134, 390, -273, 292, -29, 170, -14, 
-209, -239, -29, 224, -90, -134, 395, -273, 287, -34, 165, -14, 
-209, -239, -29, 224, -90, -134, 395, -278, 287, -34, 161, -14, 
-209, -239, -29, 224, -90, -134, 385, -268, 283, -39, 161, -14, 
-209, -229, -19, 219, -95, -124, 385, -268, 283, -39, 161, -14, 
-209, -239, -29, 224, -90, -134, 385, -263, 287, -39, 161, -9, 
-209, -239, -29, 224, -90, -134, 385, -263, 292, -39, 161, -4, 
-209, -234, -24, 222, -92, -129, 395, -263, 292, -39, 151, -14, 
-214, -234, -19, 224, -97, -126, 395, -263, 292, -34, 151, -14, 
-219, -239, -19, 229, -100, -129, 390, -268, 292, -34, 156, -14, 
-224, -239, -14, 231, -104, -126, 390, -268, 292, -34, 156, -14, 
-219, -229, -9, 224, -104, -119, 380, -268, 292, -43, 156, -14, 
-214, -229, -14, 222, -100, -122, 380, -268, 292, -43, 156, -14, 
-209, -229, -19, 219, -95, -124, 385, -268, 292, -39, 161, -14, 
-219, -229, -9, 224, -104, -119, 385, -268, 292, -39, 161, -14, 
-209, -239, -29, 224, -90, -134, 390, -268, 302, -29, 170, -9, 
-209, -239, -29, 224, -90, -134, 390, -268, 302, -29, 170, -9, 
-200, -234, -34, 217, -82, -134, 390, -268, 302, -29, 175, -9, 
-200, -234, -34, 217, -82, -134, 390, -263, 307, -29, 175, -9, 
-204, -224, -19, 214, -92, -122, 380, -273, 307, -29, 175, 0, 
-204, -224, -19, 214, -92, -122, 380, -273, 307, -24, 175, 0, 
-204, -219, -14, 212, -95, -117, 380, -273, 307, -24, 175, 0, 
-204, -214, -9, 209, -97, -112, 380, -273, 312, -29, 175, 0, 
-204, -224, -19, 214, -92, -122, 380, -278, 322, -29, 175, 0, 
-204, -224, -19, 214, -92, -122, 380, -278, 317, -24, 180, 0, 
-204, -224, -19, 214, -92, -122, 380, -278, 317, -24, 180, 0, 
-200, -224, -24, 212, -87, -124, 375, -283, 317, -24, 185, 9, 
-209, -219, -9, 214, -100, -114, 380, -283, 307, -24, 175, 0, 
-209, -219, -9, 214, -100, -114, 380, -283, 307, -24, 175, 0, 
-209, -219, -9, 214, -100, -114, 380, -283, 312, -29, 175, 0, 
-204, -219, -14, 212, -95, -117, 380, -283, 312, -29, 180, 0, 
-214, -219, -4, 217, -104, -112, 370, -273, 322, -14, 180, 4, 
-214, -219, -4, 217, -104, -112, 370, -273, 326, -14, 180, 4, 
-219, -219, 0, 219, -109, -109, 370, -273, 326, -14, 180, 4, 
-219, -219, 0, 219, -109, -109, 370, -278, 322, -14, 180, 4, 
-219, -229, -9, 224, -104, -119, 370, -278, 331, -14, 190, -4, 
-219, -229, -9, 224, -104, -119, 370, -278, 336, -14, 190, -4, 
-219, -229, -9, 224, -104, -119, 370, -278, 336, -14, 190, -4, 
-219, -229, -9, 224, -104, -119, 370, -278, 336, -14, 190, -4, 
-204, -219, -14, 212, -95, -117, 380, -287, 326, -24, 175, -4, 
-204, -219, -14, 212, -95, -117, 375, -287, 326, -24, 175, -4, 
-204, -219, -14, 212, -95, -117, 375, -287, 326, -24, 180, -4, 
-204, -219, -14, 212, -95, -117, 375, -287, 326, -24, 180, -4, 
-204, -219, -14, 212, -95, -117, 375, -287, 326, -34, 175, -4, 
-204, -219, -14, 212, -95, -117, 375, -287, 326, -34, 175, -9, 
-204, -219, -14, 212, -95, -117, 380, -283, 326, -34, 175, -9, 
-204, -219, -14, 212, -95, -117, 380, -283, 326, -34, 175, -9, 
-204, -234, -29, 219, -87, -131, 380, -273, 336, -24, 175, -9, 
-204, -234, -29, 219, -87, -131, 380, -273, 336, -29, 175, -9, 
-204, -239, -34, 222, -85, -136, 380, -273, 336, -34, 175, -14, 
-209, -239, -29, 224, -90, -134, 380, -273, 336, -34, 175, -14, 
-219, -239, -19, 229, -100, -129, 385, -273, 346, -34, 161, -24, 
-219, -244, -24, 231, -97, -134, 385, -273, 346, -39, 161, -24, 
-214, -244, -29, 229, -92, -136, 385, -273, 346, -43, 161, -24, 
-214, -248, -34, 231, -90, -141, 385, -273, 346, -48, 161, -24, 
-214, -239, -24, 226, -95, -131, 375, -273, 346, -58, 151, -34, 
-214, -239, -24, 226, -95, -131, 380, -273, 341, -58, 151, -34, 
-214, -239, -24, 226, -95, -131, 380, -273, 341, -58, 151, -34, 
-214, -239, -24, 226, -95, -131, 380, -273, 336, -63, 146, -34, 
-219, -244, -24, 231, -97, -134, 385, -273, 346, -53, 146, -34, 
-219, -244, -24, 231, -97, -134, 385, -273, 346, -53, 151, -34, 
-214, -244, -29, 229, -92, -136, 385, -273, 346, -58, 151, -34, 
-214, -244, -29, 229, -92, -136, 385, -273, 346, -58, 146, -34, 
-214, -244, -29, 229, -92, -136, 385, -263, 346, -68, 136, -43, 
-214, -244, -29, 229, -92, -136, 390, -263, 346, -68, 136, -43, 
-214, -248, -34, 231, -90, -141, 390, -263, 346, -68, 136, -43, 
-209, -253, -43, 231, -82, -148, 390, -263, 346, -68, 131, -43, 
-214, -253, -39, 234, -87, -146, 390, -273, 346, -78, 131, -43, 
-219, -253, -34, 236, -92, -143, 395, -268, 346, -78, 131, -43, 
-224, -253, -29, 239, -97, -141, 395, -268, 341, -78, 131, -48, 
-229, -258, -29, 244, -100, -143, 390, -268, 341, -78, 131, -53, 
-229, -263, -34, 246, -97, -148, 390, -268, 351, -68, 126, -53, 
-229, -263, -34, 246, -97, -148, 390, -268, 351, -68, 126, -58, 
-229, -268, -39, 248, -95, -153, 395, -268, 351, -68, 126, -58, 
-229, -273, -43, 251, -92, -158, 395, -268, 351, -68, 122, -58, 
-229, -273, -43, 251, -92, -158, 409, -258, 361, -68, 122, -53, 
-229, -273, -43, 251, -92, -158, 409, -263, 361, -73, 126, -53, 
-229, -273, -43, 251, -92, -158, 414, -263, 361, -78, 126, -53, 
-234, -268, -34, 251, -100, -151, 414, -263, 361, -82, 117, -58, 
-224, -263, -39, 244, -92, -151, 409, -263, 370, -78, 122, -58, 
-224, -263, -39, 244, -92, -151, 409, -258, 370, -78, 122, -58, 
-224, -268, -43, 246, -90, -156, 409, -258, 370, -78, 122, -58, 
-224, -278, -53, 251, -85, -165, 409, -258, 370, -73, 122, -58, 
-234, -278, -43, 256, -95, -161, 409, -258, 370, -82, 112, -63, 
-234, -278, -43, 256, -95, -161, 409, -258, 366, -87, 112, -63, 
-234, -278, -43, 256, -95, -161, 409, -258, 366, -87, 112, -63, 
-234, -278, -43, 256, -95, -161, 409, -258, 366, -87, 112, -68, 
-234, -283, -48, 258, -92, -165, 414, -258, 375, -87, 117, -68, 
-234, -283, -48, 258, -92, -165, 414, -258, 375, -87, 117, -63, 
-229, -278, -48, 253, -90, -163, 414, -258, 375, -87, 112, -58, 
-229, -278, -48, 253, -90, -163, 414, -253, 375, -87, 112, -53, 
-244, -287, -43, 265, -100, -165, 419, -253, 380, -87, 117, -53, 
-244, -292, -48, 268, -97, -170, 419, -253, 380, -87, 112, -58, 
-239, -292, -53, 265, -92, -173, 419, -253, 380, -87, 112, -58, 
-239, -292, -53, 265, -92, -173, 419, -253, 375, -92, 112, -58, 
-248, -283, -34, 265, -107, -158, 405, -263, 370, -92, 112, -58, 
-248, -287, -39, 268, -104, -163, 405, -263, 370, -92, 102, -58, 
-248, -287, -39, 268, -104, -163, 409, -263, 370, -87, 97, -58, 
-248, -287, -39, 268, -104, -163, 409, -263, 370, -87, 97, -63, 
-239, -283, -43, 261, -97, -163, 419, -253, 380, -87, 112, -63, 
-239, -283, -43, 261, -97, -163, 414, -253, 385, -87, 112, -63, 
-239, -283, -43, 261, -97, -163, 414, -253, 385, -92, 112, -63, 
-239, -287, -48, 263, -95, -168, 414, -253, 385, -92, 107, -63, 
-244, -278, -34, 261, -104, -156, 414, -268, 385, -102, 97, -58, 
-244, -278, -34, 261, -104, -156, 414, -268, 385, -102, 97, -58, 
-244, -278, -34, 261, -104, -156, 419, -263, 385, -102, 102, -58, 
-244, -278, -34, 261, -104, -156, 419, -263, 375, -102, 102, -58, 
-253, -287, -34, 270, -109, -161, 409, -263, 385, -102, 92, -68, 
-253, -287, -34, 270, -109, -161, 409, -268, 385, -102, 92, -68, 
-253, -287, -34, 270, -109, -161, 405, -268, 385, -107, 92, -73, 
-248, -287, -39, 268, -104, -163, 405, -268, 390, -107, 92, -73, 
-239, -283, -43, 261, -97, -163, 405, -258, 395, -107, 92, -63, 
-239, -283, -43, 261, -97, -163, 405, -258, 395, -107, 92, -63, 
-239, -283, -43, 261, -97, -163, 405, -258, 395, -107, 87, -63, 
-239, -283, -43, 261, -97, -163, 405, -258, 390, -107, 87, -63, 
-239, -287, -48, 263, -95, -168, 414, -258, 400, -107, 92, -63, 
-239, -287, -48, 263, -95, -168, 414, -258, 400, -107, 92, -63, 
-239, -287, -48, 263, -95, -168, 414, -258, 400, -107, 92, -63, 
-239, -287, -48, 263, -95, -168, 414, -258, 395, -107, 92, -63, 
-248, -287, -39, 268, -104, -163, 414, -268, 405, -107, 87, -63, 
-248, -287, -39, 268, -104, -163, 414, -268, 409, -107, 87, -63, 
-248, -287, -39, 268, -104, -163, 414, -268, 409, -112, 87, -63, 
-253, -287, -34, 270, -109, -161, 414, -268, 405, -112, 87, -63, 
-244, -297, -53, 270, -95, -175, 414, -268, 414, -102, 92, -68, 
-244, -297, -53, 270, -95, -175, 414, -268, 419, -102, 92, -63, 
-248, -292, -43, 270, -102, -168, 414, -268, 419, -102, 92, -58, 
-248, -292, -43, 270, -102, -168, 414, -268, 419, -97, 92, -58, 
-244, -292, -48, 268, -97, -170, 414, -258, 419, -97, 97, -68, 
-244, -292, -48, 268, -97, -170, 414, -258, 419, -97, 97, -63, 
-244, -292, -48, 268, -97, -170, 419, -253, 424, -97, 97, -63, 
-244, -297, -53, 270, -95, -175, 419, -253, 424, -97, 97, -63, 
-244, -297, -53, 270, -95, -175, 419, -253, 434, -107, 87, -63, 
-244, -297, -53, 270, -95, -175, 419, -253, 434, -112, 87, -63, 
-244, -297, -53, 270, -95, -175, 419, -253, 434, -112, 87, -63, 
-248, -297, -48, 273, -100, -173, 419, -253, 434, -107, 87, -63, 
-248, -287, -39, 268, -104, -163, 409, -263, 424, -112, 87, -63, 
-244, -292, -48, 268, -97, -170, 409, -263, 424, -107, 82, -63, 
-239, -292, -53, 265, -92, -173, 409, -268, 424, -107, 82, -58, 
-239, -297, -58, 268, -90, -178, 409, -268, 424, -112, 82, -58, 
-244, -297, -53, 270, -95, -175, 409, -268, 424, -112, 82, -68, 
-244, -292, -48, 268, -97, -170, 409, -268, 424, -112, 82, -68, 
-248, -292, -43, 270, -102, -168, 409, -268, 424, -112, 82, -63, 
-253, -292, -39, 273, -107, -165, 409, -268, 424, -112, 82, -63, 
-244, -302, -58, 273, -92, -180, 409, -268, 434, -112, 82, -73, 
-244, -302, -58, 273, -92, -180, 409, -268, 434, -112, 82, -73, 
-244, -302, -58, 273, -92, -180, 409, -268, 434, -112, 82, -73, 
-244, -307, -63, 275, -90, -185, 409, -268, 434, -112, 82, -73, 
-248, -297, -48, 273, -100, -173, 419, -268, 434, -112, 82, -63, 
-248, -292, -43, 270, -102, -168, 419, -268, 434, -107, 82, -63, 
-248, -292, -43, 270, -102, -168, 419, -268, 434, -107, 82, -63, 
-253, -287, -34, 270, -109, -161, 419, -268, 439, -107, 87, -63, 
-253, -278, -24, 265, -114, -151, 419, -268, 439, -107, 82, -53, 
-253, -278, -24, 265, -114, -151, 419, -268, 439, -107, 82, -53, 
-253, -278, -24, 265, -114, -151, 419, -268, 439, -107, 82, -53, 
-253, -283, -29, 268, -112, -156, 419, -268, 439, -107, 82, -53, 
-253, -297, -43, 275, -104, -170, 409, -263, 444, -117, 73, -63, 
-253, -297, -43, 275, -104, -170, 409, -263, 444, -117, 73, -63, 
-253, -292, -39, 273, -107, -165, 409, -263, 448, -117, 73, -63, 
-253, -297, -43, 275, -104, -170, 409, -263, 448, -117, 73, -63, 
-244, -283, -39, 263, -102, -161, 414, -263, 448, -102, 82, -53, 
-268, -312, -43, 290, -112, -178, 419, -268, 439, -117, 78, -63, 
-273, -312, -39, 292, -117, -175, 419, -263, 448, -117, 78, -58, 
-268, -297, -29, 283, -119, -163, 419, -263, 458, -107, 68, -58, 
-263, -292, -29, 278, -117, -161, 419, -263, 458, -107, 68, -58, 
-258, -287, -29, 273, -114, -158, 419, -263, 458, -107, 68, -58, 
-253, -283, -29, 268, -112, -156, 419, -263, 458, -107, 68, -58, 
-244, -283, -39, 263, -102, -161, 419, -263, 458, -117, 78, -58, 
-244, -283, -39, 263, -102, -161, 419, -263, 458, -117, 78, -58, 
-244, -283, -39, 263, -102, -161, 419, -263, 458, -117, 78, -58, 
-244, -283, -39, 263, -102, -161, 419, -263, 458, -117, 78, -58, 
-244, -273, -29, 258, -107, -151, 419, -263, 463, -107, 68, -58, 
-244, -273, -29, 258, -107, -151, 419, -263, 468, -107, 68, -58, 
-244, -273, -29, 258, -107, -151, 419, -263, 473, -107, 68, -58, 
-244, -273, -29, 258, -107, -151, 419, -263, 478, -107, 68, -58, 
-253, -268, -14, 261, -119, -141, 414, -273, 492, -97, 82, -53, 
-253, -263, -9, 258, -122, -136, 409, -273, 497, -97, 87, -48, 
-253, -258, -4, 256, -124, -131, 405, -273, 502, -97, 92, -43, 
-253, -253, 0, 253, -126, -126, 400, -273, 507, -97, 97, -39, 
-253, -239, 14, 246, -134, -112, 390, -278, 517, -92, 107, -29, 
-253, -234, 19, 244, -136, -107, 390, -283, 527, -87, 107, -29, 
-253, -229, 24, 241, -139, -102, 390, -287, 536, -82, 107, -29, 
-253, -224, 29, 239, -141, -97, 390, -292, 546, -78, 107, -29, 
-248, -209, 39, 229, -143, -85, 385, -292, 556, -68, 112, -14, 
-244, -204, 39, 224, -141, -82, 380, -292, 556, -68, 117, -9, 
-239, -185, 53, 212, -146, -65, 375, -292, 561, -68, 126, 0, 
-234, -180, 53, 207, -143, -63, 361, -297, 570, -63, 136, 9, 
-244, -170, 73, 207, -158, -48, 366, -312, 580, -63, 126, 0, 
-239, -156, 82, 197, -161, -36, 351, -317, 580, -63, 131, 0, 
-239, -151, 87, 195, -163, -31, 341, -331, 590, -63, 136, 0, 
-239, -141, 97, 190, -168, -21, 336, -336, 595, -53, 141, 0, 
-239, -136, 102, 187, -170, -17, 331, -341, 595, -48, 141, 19, 
-239, -131, 107, 185, -173, -12, 322, -351, 600, -48, 141, 24, 
-239, -122, 117, 180, -178, -2, 312, -356, 600, -48, 146, 29, 
-239, -112, 126, 175, -183, 7, 302, -361, 600, -39, 151, 29, 
-244, -112, 131, 178, -187, 9, 292, -370, 610, -39, 156, 24, 
-244, -112, 131, 178, -187, 9, 283, -370, 610, -39, 165, 24, 
-244, -122, 122, 183, -183, 0, 283, -370, 605, -39, 170, 24, 
-244, -122, 122, 183, -183, 0, 283, -370, 605, -39, 175, 24, 
-234, -102, 131, 168, -183, 14, 283, -366, 605, -48, 170, 24, 
-229, -97, 131, 163, -180, 17, 283, -366, 605, -48, 170, 29, 
-224, -92, 131, 158, -178, 19, 283, -366, 605, -48, 170, 29, 
-224, -87, 136, 156, -180, 24, 287, -366, 605, -43, 170, 29, 
-209, -78, 131, 143, -170, 26, 287, -370, 600, -43, 161, 29, 
-209, -87, 122, 148, -165, 17, 292, -366, 590, -48, 156, 24, 
-204, -102, 102, 153, -153, 0, 297, -356, 585, -48, 156, 24, 
-195, -107, 87, 151, -141, -9, 312, -346, 580, -53, 156, 24, 
-204, -126, 78, 165, -141, -24, 312, -326, 585, -58, 146, 4, 
-200, -151, 48, 175, -124, -51, 322, -317, 570, -63, 136, -4, 
-200, -161, 39, 180, -119, -61, 326, -312, 561, -73, 131, -9, 
-204, -180, 24, 192, -114, -78, 326, -312, 551, -73, 131, -14, 
-209, -175, 34, 192, -122, -70, 336, -307, 551, -73, 126, -4, 
-209, -190, 19, 200, -114, -85, 341, -302, 551, -78, 122, -9, 
-209, -200, 9, 204, -109, -95, 346, -302, 546, -82, 117, -9, 
-214, -204, 9, 209, -112, -97, 356, -297, 546, -82, 117, -14, 
-214, -214, 0, 214, -107, -107, 351, -307, 541, -87, 126, -19, 
-219, -214, 4, 217, -112, -104, 356, -302, 536, -92, 122, -24, 
-224, -224, 0, 224, -112, -112, 366, -302, 536, -97, 117, -24, 
-229, -234, -4, 231, -112, -119, 370, -302, 531, -102, 112, -29, 
-244, -244, 0, 244, -122, -122, 385, -292, 517, -107, 102, -39, 
-248, -258, -9, 253, -119, -134, 385, -287, 512, -112, 87, -43, 
-248, -273, -24, 261, -112, -148, 390, -287, 507, -117, 78, -48, 
-253, -283, -29, 268, -112, -156, 395, -283, 502, -122, 73, -58, 
-253, -283, -29, 268, -112, -156, 400, -283, 507, -112, 82, -53, 
-253, -292, -39, 273, -107, -165, 405, -278, 497, -117, 73, -58, 
-253, -302, -48, 278, -102, -175, 409, -273, 492, -126, 63, -68, 
-253, -302, -48, 278, -102, -175, 414, -268, 488, -126, 63, -68, 
-244, -312, -68, 278, -87, -190, 405, -278, 478, -131, 58, -78, 
-244, -307, -63, 275, -90, -185, 405, -278, 478, -136, 53, -82, 
-244, -302, -58, 273, -92, -180, 405, -278, 478, -136, 53, -82, 
-244, -297, -53, 270, -95, -175, 405, -273, 478, -136, 53, -82, 
-248, -297, -48, 273, -100, -173, 400, -273, 478, -151, 48, -82, 
-248, -297, -48, 273, -100, -173, 400, -273, 478, -151, 48, -82, 
-253, -302, -48, 278, -102, -175, 405, -273, 478, -151, 48, -87, 
-258, -307, -48, 283, -104, -178, 405, -273, 478, -156, 48, -87, 
-268, -322, -53, 295, -107, -187, 409, -273, 483, -151, 48, -87, 
-268, -322, -53, 295, -107, -187, 409, -273, 483, -151, 48, -87, 
-268, -322, -53, 295, -107, -187, 405, -273, 483, -151, 53, -87, 
-273, -317, -43, 295, -114, -180, 405, -273, 483, -151, 53, -92, 
-263, -307, -43, 285, -109, -175, 414, -263, 483, -146, 43, -92, 
-263, -307, -43, 285, -109, -175, 419, -263, 483, -146, 43, -92, 
-258, -307, -48, 283, -104, -178, 419, -263, 483, -151, 43, -87, 
-258, -307, -48, 283, -104, -178, 419, -263, 478, -156, 39, -87, 
-273, -326, -53, 300, -109, -190, 409, -268, 478, -165, 39, -92, 
-273, -331, -58, 302, -107, -195, 409, -268, 478, -161, 39, -92, 
-273, -331, -58, 302, -107, -195, 409, -268, 483, -161, 39, -92, 
-273, -331, -58, 302, -107, -195, 414, -268, 483, -161, 39, -92, 
-263, -326, -63, 295, -100, -195, 414, -258, 483, -151, 39, -92, 
-258, -326, -68, 292, -95, -197, 414, -258, 483, -151, 39, -92, 
-258, -322, -63, 290, -97, -192, 414, -258, 483, -151, 39, -92, 
-258, -322, -63, 290, -97, -192, 409, -258, 483, -151, 39, -92, 
-268, -326, -58, 297, -104, -192, 409, -258, 488, -161, 34, -92, 
-268, -326, -58, 297, -104, -192, 414, -263, 488, -156, 34, -92, 
-268, -326, -58, 297, -104, -192, 414, -263, 488, -156, 34, -92, 
-268, -322, -53, 295, -107, -187, 409, -258, 488, -156, 34, -92, 
-258, -331, -73, 295, -92, -202, 400, -268, 488, -156, 43, -92, 
-258, -331, -73, 295, -92, -202, 400, -268, 492, -156, 43, -92, 
-258, -331, -73, 295, -92, -202, 400, -268, 492, -156, 48, -92, 
-258, -331, -73, 295, -92, -202, 400, -268, 497, -156, 48, -92, 
-258, -322, -63, 290, -97, -192, 400, -268, 497, -146, 48, -92, 
-253, -322, -68, 287, -92, -195, 400, -268, 497, -146, 48, -92, 
-253, -322, -68, 287, -92, -195, 400, -268, 497, -146, 48, -92, 
-253, -322, -68, 287, -92, -195, 400, -263, 497, -146, 48, -92, 
-263, -331, -68, 297, -97, -200, 405, -268, 497, -156, 43, -92, 
-283, -341, -58, 312, -112, -200, 409, -263, 497, -156, 43, -97, 
-268, -346, -78, 307, -95, -212, 429, -239, 507, -156, 39, -102, 
-248, -356, -107, 302, -70, -231, 444, -200, 512, -156, 29, -122, 
-234, -356, -122, 295, -56, -239, 463, -156, 527, -156, 19, -136, 
-224, -370, -146, 297, -39, -258, 492, -92, 570, -146, 24, -141, 
-224, -390, -165, 307, -29, -278, 522, -34, 629, -136, 19, -151, 
-234, -380, -146, 307, -43, -263, 541, 0, 683, -126, 14, -170, 
-244, -356, -112, 300, -65, -234, 551, 14, 732, -112, 14, -170, 
-253, -336, -82, 295, -85, -209, 561, 24, 766, -92, 34, -161, 
-244, -297, -53, 270, -95, -175, 551, 0, 790, -68, 48, -136, 
-229, -219, 9, 224, -119, -104, 517, -39, 790, -39, 87, -102, 
-214, -122, 92, 168, -153, -14, 473, -97, 780, 29, 170, -14, 
-224, 24, 248, 100, -236, 136, 395, -204, 800, 136, 292, 117, 
-229, 200, 429, 14, -329, 314, 283, -380, 810, 224, 414, 263, 
-219, 380, 600, -80, -409, 490, 151, -580, 766, 287, 531, 405, 
-190, 546, 736, -178, -463, 641, 24, -741, 692, 361, 653, 566, 
-131, 673, 805, -270, -468, 739, -78, -868, 566, 400, 736, 697, 
-82, 756, 839, -336, -461, 797, -175, -990, 400, 424, 810, 810, 
-14, 868, 883, -427, -448, 875, -312, -1127, 209, 468, 907, 946, 
68, 1005, 936, -536, -434, 971, -439, -1244, -34, 492, 1000, 1088, 
112, 1098, 985, -605, -436, 1041, -527, -1312, -336, 463, 1054, 1185, 
136, 1176, 1039, -656, -451, 1107, -600, -1361, -580, 439, 1107, 1273, 
165, 1224, 1058, -695, -446, 1141, -644, -1390, -751, 429, 1151, 1346, 
156, 1141, 985, -649, -414, 1063, -624, -1351, -854, 351, 1102, 1322, 
136, 917, 780, -527, -322, 849, -541, -1263, -941, 219, 956, 1180, 
112, 717, 605, -414, -246, 661, -473, -1166, -985, 92, 834, 1029, 
107, 600, 492, -353, -192, 546, -414, -1088, -976, 19, 736, 917, 
92, 478, 385, -285, -146, 431, -361, -980, -936, -53, 634, 790, 
78, 307, 229, -192, -75, 268, -292, -858, -883, -117, 512, 639, 
43, 161, 117, -102, -36, 139, -200, -741, -790, -170, 409, 497, 
-4, 39, 43, -17, -24, 41, -102, -629, -678, -234, 302, 356, 
-63, -97, -34, 80, -14, -65, 4, -536, -566, -302, 180, 209, 
-117, -214, -97, 165, -9, -156, 122, -434, -453, -375, 58, 73, 
-151, -302, -151, 226, 0, -226, 204, -351, -331, -419, -29, -53, 
-175, -366, -190, 270, 7, -278, 263, -302, -204, -429, -73, -126, 
-190, -400, -209, 295, 9, -305, 302, -273, -82, -414, -87, -146, 
-204, -405, -200, 305, -2, -302, 331, -244, 19, -400, -78, -161, 
-200, -395, -195, 297, -2, -295, 375, -219, 102, -370, -68, -161, 
-200, -390, -190, 295, -4, -290, 395, -175, 180, -331, -58, -161, 
-214, -390, -175, 302, -19, -283, 405, -146, 253, -297, -43, -161, 
-239, -385, -146, 312, -46, -265, 419, -126, 312, -263, -29, -156, 
-248, -375, -126, 312, -61, -251, 434, -117, 361, -224, -9, -136, 
-248, -346, -97, 297, -75, -222, 434, -131, 385, -195, 9, -126, 
-248, -312, -63, 280, -92, -187, 439, -146, 400, -175, 29, -102, 
-248, -283, -34, 265, -107, -158, 424, -165, 414, -165, 48, -87, 
-258, -278, -19, 268, -119, -148, 400, -185, 424, -175, 48, -78, 
-248, -273, -24, 261, -112, -148, 385, -219, 434, -185, 48, -87, 
-234, -263, -29, 248, -102, -146, 380, -234, 458, -180, 48, -82, 
-224, -263, -39, 244, -92, -151, 380, -244, 488, -170, 43, -82, 
-239, -278, -39, 258, -100, -158, 390, -234, 502, -170, 29, -87, 
-253, -287, -34, 270, -109, -161, 405, -234, 517, -165, 24, -97, 
-258, -287, -29, 273, -114, -158, 419, -224, 517, -161, 19, -107, 
-268, -278, -9, 273, -129, -143, 414, -239, 502, -156, 19, -97, 
-273, -278, -4, 275, -134, -141, 414, -239, 497, -146, 24, -97, 
-273, -273, 0, 273, -136, -136, 409, -253, 497, -141, 24, -92, 
-268, -263, 4, 265, -136, -129, 405, -268, 492, -141, 29, -87, 
-268, -258, 9, 263, -139, -124, 400, -287, 502, -156, 29, -87, 
-268, -248, 19, 258, -143, -114, 385, -297, 502, -161, 29, -87, 
-268, -248, 19, 258, -143, -114, 380, -297, 507, -161, 29, -92, 
-273, -253, 19, 263, -146, -117, 380, -292, 522, -161, 29, -92, 
-278, -253, 24, 265, -151, -114, 385, -278, 531, -151, 24, -92, 
-278, -253, 24, 265, -151, -114, 390, -273, 536, -151, 19, -92, 
-278, -253, 24, 265, -151, -114, 400, -263, 536, -151, 19, -92, 
-273, -253, 19, 263, -146, -117, 405, -258, 536, -146, 19, -92, 
-283, -253, 29, 268, -156, -112, 390, -268, 527, -141, 24, -92, 
-283, -253, 29, 268, -156, -112, 390, -273, 527, -136, 24, -87, 
-278, -244, 34, 261, -156, -104, 390, -273, 527, -136, 24, -87, 
-278, -244, 34, 261, -156, -104, 390, -273, 527, -136, 24, -87, 
-287, -253, 34, 270, -161, -109, 390, -273, 536, -146, 14, -87, 
-287, -253, 34, 270, -161, -109, 390, -278, 536, -146, 14, -82, 
-287, -248, 39, 268, -163, -104, 390, -278, 536, -146, 14, -82, 
-287, -248, 39, 268, -163, -104, 390, -278, 536, -146, 14, -82, 
-287, -248, 39, 268, -163, -104, 380, -268, 531, -136, 4, -73, 
-287, -248, 39, 268, -163, -104, 380, -268, 531, -136, 4, -73, 
-287, -248, 39, 268, -163, -104, 380, -273, 527, -131, 4, -78, 
-287, -248, 39, 268, -163, -104, 380, -273, 527, -131, 9, -78, 
-287, -248, 39, 268, -163, -104, 370, -273, 527, -141, 9, -82, 
-287, -239, 48, 263, -168, -95, 366, -278, 531, -141, 9, -82, 
-287, -239, 48, 263, -168, -95, 366, -283, 531, -141, 9, -78, 
-287, -239, 48, 263, -168, -95, 366, -283, 536, -141, 9, -78, 
-287, -234, 53, 261, -170, -90, 366, -287, 536, -141, 0, -68, 
-287, -229, 58, 258, -173, -85, 366, -287, 536, -141, 0, -68, 
-287, -224, 63, 256, -175, -80, 366, -287, 536, -141, 0, -68, 
-287, -219, 68, 253, -178, -75, 366, -287, 536, -141, 0, -68, 
-283, -209, 73, 246, -178, -68, 375, -287, 536, -126, 0, -68, 
-278, -204, 73, 241, -175, -65, 370, -287, 536, -122, 0, -63, 
-273, -204, 68, 239, -170, -68, 370, -287, 541, -122, 0, -63, 
-263, -204, 58, 234, -161, -73, 370, -292, 541, -122, 0, -63, 
-273, -209, 63, 241, -168, -73, 370, -283, 541, -131, -9, -73, 
-273, -209, 63, 241, -168, -73, 370, -283, 541, -131, -9, -68, 
-273, -209, 63, 241, -168, -73, 370, -287, 541, -131, -9, -68, 
-273, -204, 68, 239, -170, -68, 366, -287, 541, -131, -9, -68, 
-283, -195, 87, 239, -185, -53, 356, -292, 541, -131, 0, -58, 
-283, -195, 87, 239, -185, -53, 361, -292, 541, -131, 0, -58, 
-283, -195, 87, 239, -185, -53, 361, -292, 541, -126, 0, -58, 
-283, -195, 87, 239, -185, -53, 356, -292, 541, -126, 0, -58, 
-283, -195, 87, 239, -185, -53, 356, -292, 541, -126, 4, -58, 
-278, -190, 87, 234, -183, -51, 356, -292, 541, -126, 0, -53, 
-278, -190, 87, 234, -183, -51, 356, -292, 546, -126, -9, -53, 
-283, -185, 97, 234, -190, -43, 351, -292, 546, -126, -14, -48, 
-292, -185, 107, 239, -200, -39, 341, -297, 556, -117, -4, -48, 
-292, -180, 112, 236, -202, -34, 341, -297, 561, -112, -4, -48, 
-292, -175, 117, 234, -204, -29, 346, -297, 561, -112, -4, -48, 
-292, -175, 117, 234, -204, -29, 346, -297, 561, -107, -4, -48, 
-283, -175, 107, 229, -195, -34, 341, -302, 561, -112, -4, -48, 
-283, -170, 112, 226, -197, -29, 346, -302, 561, -112, 0, -43, 
-283, -170, 112, 226, -197, -29, 351, -297, 561, -112, 9, -43, 
-283, -175, 107, 229, -195, -34, 356, -297, 561, -112, 9, -43, 
-287, -165, 122, 226, -204, -21, 346, -307, 561, -112, 4, -43, 
-287, -165, 122, 226, -204, -21, 346, -307, 561, -107, 0, -39, 
-287, -165, 122, 226, -204, -21, 346, -307, 566, -97, -4, -39, 
-287, -161, 126, 224, -207, -17, 341, -307, 566, -97, -9, -29, 
-287, -161, 126, 224, -207, -17, 351, -297, 575, -87, 0, -29, 
-287, -156, 131, 222, -209, -12, 351, -297, 570, -87, 0, -34, 
-287, -151, 136, 219, -212, -7, 346, -297, 570, -82, 0, -34, 
-283, -151, 131, 217, -207, -9, 346, -297, 575, -82, 4, -24, 
-292, -146, 146, 219, -219, 0, 336, -302, 575, -82, 4, -34, 
-292, -146, 146, 219, -219, 0, 331, -307, 575, -82, 4, -34, 
-292, -146, 146, 219, -219, 0, 331, -307, 575, -73, 0, -29, 
-292, -146, 146, 219, -219, 0, 336, -307, 580, -68, -4, -19, 
-302, -151, 151, 226, -226, 0, 336, -307, 580, -63, 4, -9, 
-297, -146, 151, 222, -224, 2, 331, -307, 580, -58, 9, -14, 
-297, -141, 156, 219, -226, 7, 326, -312, 580, -58, 9, -14, 
-297, -141, 156, 219, -226, 7, 326, -312, 580, -58, 14, -9, 
-292, -131, 161, 212, -226, 14, 326, -312, 590, -53, 4, 4, 
-287, -122, 165, 204, -226, 21, 326, -312, 590, -53, 14, 4, 
-283, -117, 165, 200, -224, 24, 322, -317, 590, -48, 14, 4, 
-273, -117, 156, 195, -214, 19, 317, -317, 590, -43, 24, 14, 
-273, -102, 170, 187, -222, 34, 326, -307, 580, -39, 14, 14, 
-273, -92, 180, 183, -226, 43, 322, -307, 580, -39, 14, 14, 
-263, -87, 175, 175, -219, 43, 317, -307, 585, -29, 19, 24, 
-263, -87, 175, 175, -219, 43, 317, -307, 585, -24, 24, 29, 
-283, -92, 190, 187, -236, 48, 307, -317, 590, -24, 39, 34, 
-287, -87, 200, 187, -244, 56, 307, -322, 595, -19, 39, 34, 
-283, -87, 195, 185, -239, 53, 307, -322, 600, -19, 39, 39, 
-287, -92, 195, 190, -241, 51, 297, -322, 605, -14, 43, 43, 
-287, -87, 200, 187, -244, 56, 292, -322, 590, 0, 39, 48, 
-283, -82, 200, 183, -241, 58, 287, -326, 590, 4, 43, 53, 
-278, -73, 204, 175, -241, 65, 283, -326, 595, 9, 48, 58, 
-263, -63, 200, 163, -231, 68, 278, -326, 600, 14, 48, 68, 
-258, -63, 195, 161, -226, 65, 283, -326, 600, 24, 68, 73, 
-263, -58, 204, 161, -234, 73, 278, -331, 605, 29, 73, 82, 
-268, -48, 219, 158, -244, 85, 273, -336, 605, 34, 78, 92, 
-273, -39, 234, 156, -253, 97, 268, -341, 600, 43, 82, 92, 
-268, -29, 239, 148, -253, 104, 258, -346, 600, 43, 87, 97, 
-268, -19, 248, 143, -258, 114, 253, -351, 600, 48, 92, 107, 
-258, -14, 244, 136, -251, 114, 253, -351, 600, 58, 97, 117, 
-258, -9, 248, 134, -253, 119, 248, -351, 600, 68, 107, 117, 
-253, 4, 258, 124, -256, 131, 239, -356, 590, 73, 107, 126, 
-253, 14, 268, 119, -261, 141, 234, -361, 590, 78, 112, 136, 
-248, 24, 273, 112, -261, 148, 229, -366, 590, 82, 122, 136, 
-244, 34, 278, 104, -261, 156, 224, -370, 590, 87, 126, 146, 
-239, 29, 268, 104, -253, 148, 234, -361, 600, 92, 131, 165, 
-239, 34, 273, 102, -256, 153, 229, -361, 600, 97, 136, 170, 
-234, 43, 278, 95, -256, 161, 219, -366, 600, 102, 146, 180, 
-229, 53, 283, 87, -256, 168, 214, -370, 600, 107, 156, 185, 
-234, 63, 297, 85, -265, 180, 209, -375, 600, 112, 146, 190, 
-234, 58, 292, 87, -263, 175, 209, -375, 605, 117, 156, 190, 
-234, 53, 287, 90, -261, 170, 204, -375, 605, 122, 161, 195, 
-229, 58, 287, 85, -258, 173, 200, -380, 605, 126, 161, 195, 
-239, 73, 312, 82, -275, 192, 195, -375, 595, 131, 165, 195, 
-234, 73, 307, 80, -270, 190, 195, -380, 590, 131, 175, 200, 
-234, 78, 312, 78, -273, 195, 195, -385, 590, 136, 175, 204, 
-234, 82, 317, 75, -275, 200, 190, -385, 590, 141, 180, 209, 
-234, 97, 331, 68, -283, 214, 185, -395, 590, 146, 180, 219, 
-234, 102, 336, 65, -285, 219, 180, -395, 595, 151, 185, 224, 
-234, 112, 346, 61, -290, 229, 175, -395, 595, 151, 190, 229, 
-234, 117, 351, 58, -292, 234, 175, -405, 595, 151, 195, 234, 
-229, 122, 351, 53, -290, 236, 180, -409, 595, 161, 200, 239, 
-224, 126, 351, 48, -287, 239, 180, -409, 595, 161, 200, 244, 
-219, 126, 346, 46, -283, 236, 180, -409, 595, 161, 195, 244, 
-214, 131, 346, 41, -280, 239, 175, -409, 595, 161, 195, 244, 
-219, 136, 356, 41, -287, 246, 165, -400, 595, 161, 195, 244, 
-219, 136, 356, 41, -287, 246, 165, -405, 595, 165, 195, 248, 
-219, 136, 356, 41, -287, 246, 165, -405, 595, 165, 195, 248, 
-219, 136, 356, 41, -287, 246, 161, -405, 595, 165, 200, 253, 
-229, 136, 366, 46, -297, 251, 161, -405, 605, 165, 200, 253, 
-229, 136, 366, 46, -297, 251, 161, -405, 605, 165, 200, 258, 
-229, 131, 361, 48, -295, 246, 161, -405, 605, 165, 200, 258, 
-224, 131, 356, 46, -290, 244, 161, -400, 610, 165, 200, 253, 
-224, 131, 356, 46, -290, 244, 170, -409, 600, 156, 195, 253, 
-229, 131, 361, 48, -295, 246, 170, -409, 600, 151, 195, 248, 
-229, 131, 361, 48, -295, 246, 175, -409, 600, 151, 200, 248, 
-229, 131, 361, 48, -295, 246, 175, -405, 600, 151, 200, 248, 
-229, 117, 346, 56, -287, 231, 175, -395, 600, 146, 190, 239, 
-234, 117, 351, 58, -292, 234, 175, -395, 605, 146, 180, 234, 
-239, 112, 351, 63, -295, 231, 180, -395, 610, 136, 175, 229, 
-244, 112, 356, 65, -300, 234, 180, -395, 610, 136, 170, 229, 
-244, 102, 346, 70, -295, 224, 180, -395, 600, 136, 165, 234, 
-248, 97, 346, 75, -297, 222, 185, -395, 600, 136, 161, 229, 
-248, 92, 341, 78, -295, 217, 190, -385, 600, 131, 156, 224, 
-253, 82, 336, 85, -295, 209, 195, -380, 600, 126, 146, 219, 
-258, 87, 346, 85, -302, 217, 200, -390, 600, 107, 131, 214, 
-263, 78, 341, 92, -302, 209, 204, -390, 600, 97, 126, 204, 
-263, 73, 336, 95, -300, 204, 214, -380, 600, 92, 122, 200, 
-268, 58, 326, 104, -297, 192, 214, -380, 595, 87, 117, 190, 
-273, 58, 331, 107, -302, 195, 224, -370, 585, 82, 122, 180, 
-278, 58, 336, 109, -307, 197, 229, -366, 585, 78, 107, 180, 
-287, 48, 336, 119, -312, 192, 234, -361, 585, 68, 97, 170, 
-292, 39, 331, 126, -312, 185, 239, -361, 575, 58, 82, 156, 
-283, 39, 322, 122, -302, 180, 234, -361, 575, 53, 63, 156, 
-283, 29, 312, 126, -297, 170, 244, -356, 575, 43, 53, 146, 
-287, 19, 307, 134, -297, 163, 248, -351, 575, 29, 53, 136, 
-292, 14, 307, 139, -300, 161, 253, -346, 575, 19, 48, 131, 
-312, -4, 307, 158, -309, 151, 253, -351, 566, 14, 39, 112, 
-312, -9, 302, 161, -307, 146, 268, -351, 566, 0, 34, 112, 
-317, -14, 302, 165, -309, 143, 268, -351, 566, -9, 29, 102, 
-322, -19, 302, 170, -312, 141, 273, -346, 566, -9, 19, 102, 
-312, -19, 292, 165, -302, 136, 263, -336, 556, -14, 14, 87, 
-317, -19, 297, 168, -307, 139, 268, -336, 551, -19, 0, 82, 
-322, -24, 297, 173, -309, 136, 273, -336, 546, -24, -4, 82, 
-322, -24, 297, 173, -309, 136, 278, -336, 546, -24, -14, 73, 
-326, -39, 287, 183, -307, 124, 287, -341, 536, -39, -19, 73, 
-331, -43, 287, 187, -309, 122, 292, -331, 536, -39, -24, 73, 
-346, -48, 297, 197, -322, 124, 302, -326, 541, -43, -24, 73, 
-351, -48, 302, 200, -326, 126, 312, -326, 541, -48, -19, 78, 
-351, -63, 287, 207, -319, 112, 302, -322, 541, -39, -29, 68, 
-351, -68, 283, 209, -317, 107, 302, -322, 536, -43, -29, 58, 
-356, -78, 278, 217, -317, 100, 307, -322, 536, -43, -29, 58, 
-356, -78, 278, 217, -317, 100, 307, -317, 536, -48, -29, 53, 
-346, -73, 273, 209, -309, 100, 302, -317, 527, -58, -39, 53, 
-346, -73, 273, 209, -309, 100, 302, -322, 527, -58, -43, 53, 
-346, -68, 278, 207, -312, 104, 307, -326, 522, -63, -48, 53, 
-346, -63, 283, 204, -314, 109, 307, -336, 522, -63, -53, 53, 
-346, -63, 283, 204, -314, 109, 307, -336, 517, -68, -53, 48, 
-346, -53, 292, 200, -319, 119, 307, -336, 517, -68, -53, 43, 
-346, -63, 283, 204, -314, 109, 307, -331, 522, -68, -53, 43, 
-346, -63, 283, 204, -314, 109, 307, -331, 527, -68, -53, 43, 
-341, -58, 283, 200, -312, 112, 317, -322, 527, -68, -53, 53, 
-341, -58, 283, 200, -312, 112, 317, -322, 527, -63, -53, 53, 
-341, -63, 278, 202, -309, 107, 312, -326, 527, -63, -48, 53, 
-341, -63, 278, 202, -309, 107, 312, -326, 527, -63, -48, 53, 
-341, -63, 278, 202, -309, 107, 302, -336, 527, -63, -48, 53, 
-341, -63, 278, 202, -309, 107, 302, -336, 527, -63, -48, 53, 
-341, -63, 278, 202, -309, 107, 307, -336, 527, -58, -43, 53, 
-356, -63, 292, 209, -324, 114, 307, -336, 527, -58, -43, 53, 
-336, -58, 278, 197, -307, 109, 302, -336, 527, -58, -43, 58, 
-336, -53, 283, 195, -309, 114, 302, -336, 527, -58, -43, 58, 
-326, -43, 283, 185, -305, 119, 302, -336, 527, -58, -39, 58, 
-326, -39, 287, 183, -307, 124, 302, -331, 531, -58, -39, 58, 
-341, -39, 302, 190, -322, 131, 302, -331, 522, -58, -39, 58, 
-341, -39, 302, 190, -322, 131, 302, -331, 522, -53, -39, 58, 
-341, -34, 307, 187, -324, 136, 302, -331, 522, -53, -39, 58, 
-341, -29, 312, 185, -326, 141, 302, -331, 527, -58, -39, 58, 
-331, -29, 302, 180, -317, 136, 292, -346, 527, -48, -48, 58, 
-331, -29, 302, 180, -317, 136, 292, -346, 522, -43, -43, 58, 
-331, -29, 302, 180, -317, 136, 292, -346, 522, -43, -43, 58, 
-326, -29, 297, 178, -312, 134, 287, -351, 522, -43, -39, 68, 
-336, -34, 302, 185, -319, 134, 292, -351, 522, -43, -39, 68, 
-336, -34, 302, 185, -319, 134, 292, -351, 522, -43, -39, 68, 
-336, -34, 302, 185, -319, 134, 292, -351, 527, -48, -39, 68, 
-331, -34, 297, 183, -314, 131, 292, -351, 527, -48, -34, 68, 
-322, -29, 292, 175, -307, 131, 283, -351, 517, -53, -34, 63, 
-322, -24, 297, 173, -309, 136, 283, -351, 522, -53, -34, 63, 
-326, -19, 307, 173, -317, 143, 283, -351, 522, -53, -34, 63, 
-326, -14, 312, 170, -319, 148, 283, -356, 517, -53, -34, 63, 
-317, -14, 302, 165, -309, 143, 283, -346, 517, -53, -34, 63, 
-317, -14, 302, 165, -309, 143, 283, -346, 522, -53, -34, 63, 
-317, -14, 302, 165, -309, 143, 283, -346, 522, -53, -34, 63, 
-317, -14, 302, 165, -309, 143, 283, -346, 522, -53, -34, 63, 
-312, -14, 297, 163, -305, 141, 292, -336, 512, -43, -39, 73, 
-312, -14, 297, 163, -305, 141, 287, -336, 512, -43, -39, 73, 
-312, -14, 297, 163, -305, 141, 287, -336, 512, -43, -34, 73, 
-312, -14, 297, 163, -305, 141, 287, -336, 512, -43, -34, 73, 
-322, -14, 307, 168, -314, 146, 278, -341, 512, -48, -39, 63, 
-322, -14, 307, 168, -314, 146, 278, -346, 512, -53, -39, 58, 
-322, -14, 307, 168, -314, 146, 283, -346, 512, -58, -39, 58, 
-322, -14, 307, 168, -314, 146, 283, -351, 512, -63, -39, 58, 
-322, -19, 302, 170, -312, 141, 283, -341, 512, -53, -39, 58, 
-322, -19, 302, 170, -312, 141, 283, -341, 512, -58, -39, 58, 
-322, -24, 297, 173, -309, 136, 283, -341, 512, -63, -39, 53, 
-326, -24, 302, 175, -314, 139, 283, -341, 512, -63, -39, 53, 
-326, -24, 302, 175, -314, 139, 297, -341, 512, -63, -53, 53, 
-326, -29, 297, 178, -312, 134, 297, -341, 512, -68, -53, 53, 
-322, -29, 292, 175, -307, 131, 297, -341, 512, -73, -53, 53, 
-322, -34, 287, 178, -305, 126, 297, -341, 512, -78, -53, 53, 
-322, -24, 297, 173, -309, 136, 287, -351, 502, -78, -53, 43, 
-322, -24, 297, 173, -309, 136, 292, -351, 497, -78, -53, 43, 
-322, -24, 297, 173, -309, 136, 292, -351, 497, -78, -53, 43, 
-322, -24, 297, 173, -309, 136, 292, -351, 492, -82, -58, 43, 
-326, -39, 287, 183, -307, 124, 297, -341, 492, -82, -68, 43, 
-326, -39, 287, 183, -307, 124, 297, -341, 492, -82, -63, 43, 
-322, -39, 283, 180, -302, 122, 297, -341, 492, -87, -63, 43, 
-322, -39, 283, 180, -302, 122, 297, -341, 492, -87, -68, 43, 
-326, -39, 287, 183, -307, 124, 297, -341, 492, -87, -68, 34, 
-331, -39, 292, 185, -312, 126, 302, -341, 492, -87, -68, 34, 
-336, -43, 292, 190, -314, 124, 302, -341, 492, -87, -68, 34, 
-336, -48, 287, 192, -312, 119, 302, -341, 492, -87, -73, 34, 
-336, -39, 297, 187, -317, 129, 292, -351, 492, -97, -82, 34, 
-336, -39, 297, 187, -317, 129, 297, -346, 492, -97, -82, 34, 
-336, -39, 297, 187, -317, 129, 297, -346, 488, -97, -82, 29, 
-336, -43, 292, 190, -314, 124, 292, -346, 488, -97, -82, 24, 
-331, -43, 287, 187, -309, 122, 292, -346, 478, -97, -78, 24, 
-326, -39, 287, 183, -307, 124, 292, -346, 478, -97, -78, 19, 
-322, -39, 283, 180, -302, 122, 297, -346, 478, -97, -78, 19, 
-317, -39, 278, 178, -297, 119, 297, -346, 478, -97, -82, 19, 
-326, -34, 292, 180, -309, 129, 292, -336, 478, -97, -82, 24, 
-326, -39, 287, 183, -307, 124, 292, -341, 478, -102, -78, 24, 
-326, -43, 283, 185, -305, 119, 297, -341, 478, -107, -78, 24, 
-331, -43, 287, 187, -309, 122, 297, -341, 478, -112, -87, 19, 
-331, -39, 292, 185, -312, 126, 302, -341, 478, -117, -92, 19, 
-331, -39, 292, 185, -312, 126, 302, -336, 478, -117, -92, 19, 
-331, -43, 287, 187, -309, 122, 302, -336, 478, -117, -92, 19, 
-331, -53, 278, 192, -305, 112, 302, -336, 478, -112, -92, 19, 
-331, -63, 268, 197, -300, 102, 302, -346, 468, -112, -102, 4, 
-331, -63, 268, 197, -300, 102, 302, -346, 463, -117, -102, 4, 
-331, -63, 268, 197, -300, 102, 302, -346, 463, -117, -102, 4, 
-331, -63, 268, 197, -300, 102, 302, -346, 463, -117, -102, 0, 
-341, -58, 283, 200, -312, 112, 307, -336, 453, -126, -97, -4, 
-341, -58, 283, 200, -312, 112, 307, -336, 453, -126, -97, -4, 
-336, -53, 283, 195, -309, 114, 307, -336, 453, -126, -102, -4, 
-336, -53, 283, 195, -309, 114, 307, -331, 453, -126, -102, -4, 
-331, -53, 278, 192, -305, 112, 302, -341, 468, -126, -97, 4, 
-331, -58, 273, 195, -302, 107, 302, -341, 468, -126, -102, 0, 
-326, -58, 268, 192, -297, 104, 302, -341, 468, -126, -102, 0, 
-326, -58, 268, 192, -297, 104, 302, -341, 463, -131, -102, 0, 
-317, -58, 258, 187, -287, 100, 307, -351, 448, -141, -102, -9, 
-317, -63, 253, 190, -285, 95, 307, -351, 448, -141, -112, -9, 
-317, -63, 253, 190, -285, 95, 312, -351, 448, -136, -117, -9, 
-317, -63, 253, 190, -285, 95, 312, -351, 448, -136, -117, -14, 
-326, -68, 258, 197, -292, 95, 312, -341, 448, -136, -112, -4, 
-326, -68, 258, 197, -292, 95, 307, -341, 453, -136, -112, -4, 
-326, -68, 258, 197, -292, 95, 307, -341, 453, -141, -112, -4, 
-326, -73, 253, 200, -290, 90, 307, -341, 453, -141, -117, -4, 
-322, -63, 258, 192, -290, 97, 307, -346, 453, -141, -107, -19, 
-322, -63, 258, 192, -290, 97, 307, -346, 453, -141, -107, -19, 
-322, -63, 258, 192, -290, 97, 312, -341, 453, -141, -102, -19, 
-322, -63, 258, 192, -290, 97, 312, -341, 444, -141, -102, -19, 
-322, -63, 258, 192, -290, 97, 302, -341, 444, -151, -112, -19, 
-322, -63, 258, 192, -290, 97, 302, -346, 444, -151, -112, -19, 
-322, -63, 258, 192, -290, 97, 297, -346, 444, -156, -112, -24, 
-317, -63, 253, 190, -285, 95, 297, -346, 448, -156, -112, -24, 
-326, -63, 263, 195, -295, 100, 297, -346, 444, -156, -112, -14, 
-326, -68, 258, 197, -292, 95, 297, -346, 444, -156, -112, -14, 
-326, -73, 253, 200, -290, 90, 297, -346, 444, -156, -117, -14, 
-326, -78, 248, 202, -287, 85, 297, -346, 439, -156, -117, -14, 
-336, -73, 263, 204, -300, 95, 297, -356, 439, -156, -122, -24, 
-336, -73, 263, 204, -300, 95, 297, -356, 439, -156, -122, -24, 
-336, -73, 263, 204, -300, 95, 297, -356, 439, -156, -122, -24, 
-336, -73, 263, 204, -300, 95, 297, -356, 434, -156, -122, -24, 
-326, -73, 253, 200, -290, 90, 287, -356, 434, -156, -117, -24, 
-326, -73, 253, 200, -290, 90, 287, -356, 439, -156, -117, -24, 
-326, -73, 253, 200, -290, 90, 287, -356, 439, -161, -117, -24, 
-331, -73, 258, 202, -295, 92, 287, -356, 434, -161, -117, -24, 
-326, -73, 253, 200, -290, 90, 287, -356, 434, -161, -117, -34, 
-322, -73, 248, 197, -285, 87, 287, -356, 439, -161, -122, -34, 
-322, -68, 253, 195, -287, 92, 287, -356, 439, -161, -126, -34, 
-317, -68, 248, 192, -283, 90, 287, -356, 439, -156, -131, -39, 
-322, -68, 253, 195, -287, 92, 287, -346, 429, -156, -126, -34, 
-322, -68, 253, 195, -287, 92, 287, -346, 429, -156, -126, -24, 
-322, -68, 253, 195, -287, 92, 292, -341, 434, -156, -126, -19, 
-322, -73, 248, 197, -285, 87, 292, -341, 434, -156, -126, -14, 
-312, -73, 239, 192, -275, 82, 292, -351, 434, -165, -126, -24, 
-312, -73, 239, 192, -275, 82, 292, -351, 434, -170, -126, -24, 
-312, -73, 239, 192, -275, 82, 292, -351, 434, -170, -126, -24, 
-317, -73, 244, 195, -280, 85, 292, -351, 434, -165, -126, -24, 
-317, -73, 244, 195, -280, 85, 292, -351, 424, -161, -117, -34, 
-312, -78, 234, 195, -273, 78, 292, -351, 424, -156, -122, -34, 
-307, -78, 229, 192, -268, 75, 292, -356, 424, -156, -122, -29, 
-307, -82, 224, 195, -265, 70, 292, -356, 424, -161, -122, -29, 
-307, -82, 224, 195, -265, 70, 292, -356, 424, -170, -122, -19, 
-302, -78, 224, 190, -263, 73, 292, -356, 424, -170, -122, -19, 
-302, -78, 224, 190, -263, 73, 292, -356, 424, -170, -122, -14, 
-302, -78, 224, 190, -263, 73, 292, -356, 424, -170, -122, -14, 
-302, -78, 224, 190, -263, 73, 302, -356, 414, -170, -131, -19, 
-302, -78, 224, 190, -263, 73, 302, -356, 414, -170, -131, -24, 
-302, -78, 224, 190, -263, 73, 302, -356, 414, -170, -131, -29, 
-302, -82, 219, 192, -261, 68, 302, -356, 414, -170, -131, -34, 
-297, -82, 214, 190, -256, 65, 292, -346, 414, -170, -131, -24, 
-297, -78, 219, 187, -258, 70, 292, -346, 414, -165, -131, -24, 
-297, -78, 219, 187, -258, 70, 292, -346, 414, -165, -131, -24, 
-302, -73, 229, 187, -265, 78, 292, -346, 419, -165, -126, -24, 
-292, -73, 219, 183, -256, 73, 292, -346, 414, -165, -131, -34, 
-292, -73, 219, 183, -256, 73, 292, -346, 409, -165, -131, -34, 
-292, -73, 219, 183, -256, 73, 292, -346, 405, -165, -131, -34, 
-292, -78, 214, 185, -253, 68, 292, -346, 400, -165, -131, -34, 
-302, -82, 219, 192, -261, 68, 292, -351, 414, -175, -131, -34, 
-302, -82, 219, 192, -261, 68, 292, -351, 414, -175, -131, -34, 
-302, -78, 224, 190, -263, 73, 292, -351, 419, -175, -131, -34, 
-302, -82, 219, 192, -261, 68, 292, -351, 419, -175, -131, -34, 
-302, -87, 214, 195, -258, 63, 297, -341, 409, -170, -122, -24, 
-307, -78, 229, 192, -268, 75, 292, -346, 409, -175, -126, -24, 
-283, -68, 214, 175, -248, 73, 292, -341, 409, -175, -117, -19, 
-292, -78, 214, 185, -253, 68, 302, -341, 400, -175, -126, -29, 
-292, -78, 214, 185, -253, 68, 302, -341, 400, -175, -126, -29, 
-292, -78, 214, 185, -253, 68, 302, -341, 400, -175, -126, -29, 
-292, -78, 214, 185, -253, 68, 302, -341, 400, -175, -126, -29, 
-292, -78, 214, 185, -253, 68, 292, -351, 400, -175, -126, -29, 
-292, -78, 214, 185, -253, 68, 292, -351, 400, -175, -126, -29, 
-292, -78, 214, 185, -253, 68, 292, -351, 400, -175, -126, -29, 
-292, -78, 214, 185, -253, 68, 292, -351, 400, -175, -126, -29, 
-302, -87, 214, 195, -258, 63, 292, -341, 400, -185, -136, -29, 
-302, -87, 214, 195, -258, 63, 292, -341, 400, -185, -136, -29, 
-302, -87, 214, 195, -258, 63, 292, -341, 400, -185, -136, -29, 
-302, -87, 214, 195, -258, 63, 292, -341, 400, -185, -136, -29, 
-302, -78, 224, 190, -263, 73, 302, -341, 409, -180, -136, -29, 
-302, -78, 224, 190, -263, 73, 302, -341, 409, -175, -136, -29, 
-302, -78, 224, 190, -263, 73, 302, -341, 409, -170, -136, -29, 
-302, -78, 224, 190, -263, 73, 302, -341, 409, -165, -136, -29, 
-302, -68, 234, 185, -268, 82, 292, -351, 400, -175, -136, -29, 
-302, -68, 234, 185, -268, 82, 292, -351, 400, -175, -136, -29, 
-302, -68, 234, 185, -268, 82, 292, -351, 400, -175, -136, -29, 
-302, -68, 234, 185, -268, 82, 292, -351, 400, -175, -136, -29, 
-297, -63, 234, 180, -265, 85, 283, -351, 409, -165, -126, -19, 
-292, -58, 234, 175, -263, 87, 283, -351, 409, -165, -126, -19, 
-287, -53, 234, 170, -261, 90, 283, -351, 409, -165, -126, -19, 
-283, -48, 234, 165, -258, 92, 283, -351, 409, -165, -126, -19, 
-292, -34, 258, 163, -275, 112, 273, -361, 419, -161, -122, -14, 
-292, -29, 263, 161, -278, 117, 273, -361, 429, -156, -117, -9, 
-292, -24, 268, 158, -280, 122, 273, -361, 439, -151, -112, -4, 
-292, -19, 273, 156, -283, 126, 273, -361, 448, -146, -107, 0, 
-283, -14, 268, 148, -275, 126, 268, -366, 448, -146, -97, 0, 
-283, -9, 273, 146, -278, 131, 263, -370, 448, -146, -97, 0, 
-283, -4, 278, 143, -280, 136, 258, -375, 448, -146, -97, 0, 
-283, 0, 283, 141, -283, 141, 253, -380, 448, -146, -97, 0, 
-292, 14, 307, 139, -300, 161, 244, -380, 463, -141, -87, 14, 
-292, 34, 326, 129, -309, 180, 244, -380, 473, -136, -82, 24, 
-292, 39, 331, 126, -312, 185, 234, -385, 488, -126, -78, 34, 
-292, 53, 346, 119, -319, 200, 229, -390, 492, -122, -78, 39, 
-287, 68, 356, 109, -322, 212, 224, -395, 492, -112, -73, 48, 
-287, 73, 361, 107, -324, 217, 214, -409, 502, -112, -68, 48, 
-287, 82, 370, 102, -329, 226, 209, -414, 507, -102, -63, 48, 
-287, 97, 385, 95, -336, 241, 204, -419, 507, -97, -63, 58, 
-287, 92, 380, 97, -334, 236, 195, -439, 497, -97, -73, 53, 
-287, 102, 390, 92, -339, 246, 185, -444, 492, -97, -68, 58, 
-287, 112, 400, 87, -344, 256, 175, -448, 488, -87, -63, 58, 
-283, 122, 405, 80, -344, 263, 165, -458, 483, -87, -63, 63, 
-273, 122, 395, 75, -334, 258, 146, -448, 492, -87, -68, 73, 
-273, 112, 385, 80, -329, 248, 146, -448, 488, -87, -68, 73, 
-273, 112, 385, 80, -329, 248, 146, -448, 488, -87, -68, 73, 
-273, 117, 390, 78, -331, 253, 156, -453, 488, -87, -63, 73, 
-278, 112, 390, 82, -334, 251, 165, -444, 478, -97, -58, 68, 
-273, 107, 380, 82, -326, 244, 165, -444, 478, -97, -53, 68, 
-273, 102, 375, 85, -324, 239, 170, -444, 478, -92, -48, 68, 
-258, 97, 356, 80, -307, 226, 170, -439, 473, -92, -43, 68, 
-258, 92, 351, 82, -305, 222, 175, -424, 453, -97, -58, 63, 
-253, 82, 336, 85, -295, 209, 180, -414, 448, -97, -58, 63, 
-244, 82, 326, 80, -285, 204, 195, -405, 444, -102, -58, 63, 
-244, 73, 317, 85, -280, 195, 204, -395, 439, -107, -68, 53, 
-229, 53, 283, 87, -256, 168, 214, -385, 434, -112, -78, 53, 
-229, 48, 278, 90, -253, 163, 219, -380, 424, -122, -82, 48, 
-234, 34, 268, 100, -251, 151, 219, -380, 414, -122, -82, 43, 
-239, 29, 268, 104, -253, 148, 219, -375, 414, -122, -87, 43, 
-248, 14, 263, 117, -256, 139, 234, -380, 409, -126, -102, 29, 
-248, 4, 253, 122, -251, 129, 239, -380, 400, -131, -107, 29, 
-253, 0, 253, 126, -253, 126, 248, -375, 395, -131, -107, 24, 
-263, -9, 253, 136, -258, 122, 253, -375, 385, -136, -107, 19, 
-268, -19, 248, 143, -258, 114, 253, -370, 370, -151, -112, 14, 
-273, -29, 244, 151, -258, 107, 258, -370, 370, -156, -117, 14, 
-278, -39, 239, 158, -258, 100, 258, -370, 366, -161, -122, 9, 
-283, -43, 239, 163, -261, 97, 258, -370, 361, -165, -126, 0, 
-287, -43, 244, 165, -265, 100, 268, -356, 361, -161, -136, 4, 
-287, -53, 234, 170, -261, 90, 273, -356, 361, -165, -141, 0, 
-292, -58, 234, 175, -263, 87, 278, -351, 361, -170, -141, -9, 
-292, -68, 224, 180, -258, 78, 283, -351, 361, -170, -141, -14, 
-283, -68, 214, 175, -248, 73, 278, -356, 341, -185, -161, -29, 
-283, -78, 204, 180, -244, 63, 283, -351, 336, -195, -170, -39, 
-283, -78, 204, 180, -244, 63, 287, -346, 331, -195, -170, -39, 
-283, -92, 190, 187, -236, 48, 287, -346, 331, -200, -175, -39, 
-287, -102, 185, 195, -236, 41, 287, -346, 341, -195, -175, -34, 
-292, -102, 190, 197, -241, 43, 287, -346, 341, -195, -170, -34, 
-297, -102, 195, 200, -246, 46, 287, -341, 341, -195, -165, -34, 
-297, -102, 195, 200, -246, 46, 292, -341, 341, -200, -165, -34, 
-292, -102, 190, 197, -241, 43, 292, -331, 341, -190, -175, -24, 
-292, -107, 185, 200, -239, 39, 297, -331, 341, -190, -175, -29, 
-292, -112, 180, 202, -236, 34, 297, -331, 341, -195, -175, -29, 
-287, -117, 170, 202, -229, 26, 302, -331, 336, -200, -185, -29, 
-278, -107, 170, 192, -224, 31, 302, -341, 326, -209, -195, -39, 
-278, -107, 170, 192, -224, 31, 297, -341, 326, -209, -190, -39, 
-283, -102, 180, 192, -231, 39, 297, -341, 326, -209, -190, -43, 
-283, -102, 180, 192, -231, 39, 297, -341, 326, -204, -190, -43, 
-283, -112, 170, 197, -226, 29, 302, -331, 336, -195, -180, -34, 
-278, -112, 165, 195, -222, 26, 302, -331, 336, -200, -180, -29, 
-278, -112, 165, 195, -222, 26, 302, -331, 331, -204, -185, -29, 
-283, -122, 161, 202, -222, 19, 302, -326, 331, -204, -185, -34, 
-273, -117, 156, 195, -214, 19, 302, -326, 322, -200, -195, -34, 
-273, -117, 156, 195, -214, 19, 302, -326, 326, -200, -195, -34, 
-273, -117, 156, 195, -214, 19, 307, -326, 326, -200, -195, -34, 
-273, -112, 161, 192, -217, 24, 307, -326, 326, -200, -195, -34, 
-258, -112, 146, 185, -202, 17, 297, -336, 326, -209, -204, -43, 
-258, -107, 151, 183, -204, 21, 297, -336, 326, -209, -204, -43, 
-258, -107, 151, 183, -204, 21, 292, -336, 326, -209, -204, -43, 
-258, -112, 146, 185, -202, 17, 292, -336, 322, -209, -209, -43, 
-268, -112, 156, 190, -212, 21, 307, -331, 331, -195, -200, -34, 
-268, -112, 156, 190, -212, 21, 307, -331, 331, -195, -200, -34, 
-268, -107, 161, 187, -214, 26, 302, -326, 331, -195, -200, -34, 
-268, -107, 161, 187, -214, 26, 302, -326, 331, -195, -200, -34, 
-278, -107, 170, 192, -224, 31, 302, -326, 326, -195, -200, -34, 
-278, -107, 170, 192, -224, 31, 302, -326, 326, -195, -195, -34, 
-278, -107, 170, 192, -224, 31, 302, -326, 331, -195, -195, -34, 
-278, -107, 170, 192, -224, 31, 302, -326, 331, -195, -195, -34, 
-278, -107, 170, 192, -224, 31, 302, -326, 331, -195, -195, -34, 
-283, -107, 175, 195, -229, 34, 302, -326, 331, -195, -195, -34, 
-287, -107, 180, 197, -234, 36, 302, -322, 331, -195, -195, -34, 
-292, -107, 185, 200, -239, 39, 307, -317, 331, -195, -200, -34, 
-283, -107, 175, 195, -229, 34, 312, -312, 331, -185, -200, -19, 
-278, -112, 165, 195, -222, 26, 322, -297, 341, -185, -204, -34, 
-278, -122, 156, 200, -217, 17, 336, -268, 346, -185, -204, -43, 
-273, -141, 131, 207, -202, -4, 356, -224, 351, -185, -224, -58, 
-263, -165, 97, 214, -180, -34, 385, -170, 385, -185, -239, -82, 
-263, -175, 87, 219, -175, -43, 405, -112, 444, -165, -234, -92, 
-253, -185, 68, 219, -161, -58, 434, -48, 497, -146, -229, -92, 
-273, -170, 102, 222, -187, -34, 463, -14, 536, -141, -229, -102, 
-292, -141, 151, 217, -222, 4, 463, -24, 570, -131, -229, -112, 
-273, -112, 161, 192, -217, 24, 453, -29, 614, -97, -195, -78, 
-248, -53, 195, 151, -222, 70, 429, -58, 634, -58, -146, -14, 
-234, 53, 287, 90, -261, 170, 375, -136, 624, -9, -82, 63, 
-224, 190, 414, 17, -319, 302, 307, -244, 634, 87, 9, 175, 
-209, 375, 585, -82, -397, 480, 204, -400, 653, 185, 141, 312, 
-200, 575, 775, -187, -488, 675, 73, -590, 639, 268, 268, 453, 
-180, 741, 922, -280, -551, 832, -43, -771, 585, 331, 370, 585, 
-151, 849, 1000, -348, -575, 924, -146, -897, 488, 370, 453, 707, 
-102, 932, 1034, -414, -568, 983, -244, -1019, 351, 405, 536, 819, 
-34, 1044, 1078, -505, -556, 1061, -361, -1166, 180, 439, 634, 956, 
39, 1161, 1122, -600, -541, 1141, -497, -1302, -34, 463, 717, 1107, 
92, 1234, 1141, -663, -524, 1188, -605, -1400, -317, 444, 780, 1224, 
136, 1312, 1176, -724, -519, 1244, -688, -1459, -561, 419, 824, 1322, 
175, 1381, 1205, -778, -514, 1293, -741, -1498, -741, 400, 858, 1395, 
175, 1346, 1171, -761, -497, 1259, -732, -1468, -873, 331, 819, 1371, 
146, 1151, 1005, -649, -429, 1078, -658, -1361, -971, 209, 702, 1239, 
102, 932, 829, -517, -363, 880, -570, -1244, -1054, 82, 570, 1088, 
87, 795, 707, -441, -309, 751, -502, -1156, -1073, 0, 463, 956, 
82, 683, 600, -383, -258, 641, -448, -1049, -1054, -73, 361, 839, 
87, 531, 444, -309, -178, 488, -370, -936, -1010, -146, 248, 707, 
63, 385, 322, -224, -129, 353, -287, -819, -936, -200, 146, 585, 
14, 244, 229, -129, -107, 236, -209, -727, -834, -244, 48, 453, 
-53, 117, 170, -31, -112, 143, -112, -624, -732, -322, -63, 317, 
-117, 0, 117, 58, -117, 58, -14, -522, -629, -395, -185, 170, 
-151, -78, 73, 114, -112, -2, 78, -429, -517, -439, -273, 53, 
-156, -122, 34, 139, -95, -43, 156, -361, -400, -439, -326, -29, 
-180, -175, 4, 178, -92, -85, 214, -312, -278, -424, -351, -87, 
-224, -200, 24, 212, -124, -87, 263, -273, -175, -400, -351, -92, 
-239, -209, 29, 224, -134, -90, 297, -229, -92, -370, -341, -92, 
-229, -204, 24, 217, -126, -90, 326, -195, -14, -351, -331, -92, 
-224, -204, 19, 214, -122, -92, 326, -165, 68, -317, -317, -82, 
-239, -200, 39, 219, -139, -80, 341, -156, 126, -273, -292, -68, 
-239, -180, 58, 209, -148, -61, 356, -156, 175, -244, -273, -48, 
-229, -151, 78, 190, -153, -36, 356, -170, 200, -214, -253, -39, 
-248, -136, 112, 192, -180, -12, 341, -204, 214, -195, -244, -24, 
-268, -117, 151, 192, -209, 17, 317, -224, 229, -185, -234, -19, 
-258, -102, 156, 180, -207, 26, 312, -234, 239, -185, -224, -9, 
-239, -87, 151, 163, -195, 31, 307, -248, 248, -185, -224, 0, 
-224, -78, 146, 151, -185, 34, 302, -273, 273, -170, -224, 4, 
-234, -78, 156, 156, -195, 39, 292, -283, 292, -170, -219, 4, 
-239, -92, 146, 165, -192, 26, 312, -283, 307, -170, -234, -9, 
-244, -102, 141, 173, -192, 19, 317, -283, 312, -165, -248, -19, 
-258, -112, 146, 185, -202, 17, 302, -292, 312, -161, -253, -29, 
-258, -112, 146, 185, -202, 17, 317, -307, 302, -165, -253, -19, 
-263, -112, 151, 187, -207, 19, 317, -307, 302, -156, -248, -19, 
-263, -107, 156, 185, -209, 24, 312, -322, 307, -151, -248, -14, 
-258, -97, 161, 178, -209, 31, 307, -336, 307, -151, -244, -9, 
-268, -97, 170, 183, -219, 36, 307, -341, 317, -146, -244, 0, 
-268, -92, 175, 180, -222, 41, 297, -346, 317, -151, -244, 0, 
-268, -97, 170, 183, -219, 36, 297, -341, 322, -151, -244, -4, 
-273, -107, 165, 190, -219, 29, 302, -331, 336, -151, -244, -4, 
-268, -107, 161, 187, -214, 26, 302, -331, 336, -141, -258, -14, 
-268, -107, 161, 187, -214, 26, 302, -331, 341, -141, -263, -14, 
-268, -107, 161, 187, -214, 26, 307, -326, 341, -141, -263, -14, 
-263, -107, 156, 185, -209, 24, 307, -326, 341, -136, -263, -14, 
-253, -97, 156, 175, -204, 29, 302, -336, 331, -141, -258, -9, 
-253, -97, 156, 175, -204, 29, 302, -341, 331, -136, -258, 0, 
-248, -87, 161, 168, -204, 36, 302, -341, 331, -136, -258, 4, 
-248, -87, 161, 168, -204, 36, 302, -341, 331, -136, -258, 9, 
-258, -87, 170, 173, -214, 41, 302, -341, 341, -126, -258, 9, 
-258, -87, 170, 173, -214, 41, 302, -346, 341, -126, -258, 14, 
-258, -82, 175, 170, -217, 46, 302, -346, 341, -126, -258, 14, 
-258, -82, 175, 170, -217, 46, 302, -346, 341, -126, -258, 14, 
-258, -82, 175, 170, -217, 46, 297, -346, 336, -136, -268, 4, 
-258, -82, 175, 170, -217, 46, 292, -346, 336, -136, -268, 4, 
-258, -82, 175, 170, -217, 46, 287, -351, 331, -131, -268, 0, 
-258, -82, 175, 170, -217, 46, 283, -351, 331, -131, -263, 0, 
-263, -92, 170, 178, -217, 39, 292, -351, 331, -122, -263, 4, 
-268, -82, 185, 175, -226, 51, 287, -356, 336, -122, -263, 4, 
-273, -82, 190, 178, -231, 53, 287, -361, 336, -122, -263, 9, 
-278, -82, 195, 180, -236, 56, 287, -361, 341, -122, -263, 9, 
-273, -73, 200, 173, -236, 63, 287, -356, 331, -122, -268, 19, 
-268, -73, 195, 170, -231, 61, 287, -356, 331, -122, -273, 19, 
-263, -73, 190, 168, -226, 58, 287, -356, 331, -122, -278, 19, 
-258, -73, 185, 165, -222, 56, 287, -356, 331, -122, -283, 19, 
-263, -82, 180, 173, -222, 48, 278, -356, 331, -126, -283, 9, 
-268, -78, 190, 173, -229, 56, 273, -356, 331, -122, -283, 14, 
-273, -78, 195, 175, -234, 58, 273, -356, 336, -122, -283, 14, 
-273, -78, 195, 175, -234, 58, 273, -361, 336, -122, -283, 14, 
-268, -73, 195, 170, -231, 61, 273, -370, 326, -112, -273, 24, 
-263, -73, 190, 168, -226, 58, 273, -370, 326, -112, -273, 29, 
-258, -73, 185, 165, -222, 56, 273, -375, 326, -112, -273, 29, 
-253, -68, 185, 161, -219, 58, 268, -375, 326, -112, -273, 29, 
-253, -68, 185, 161, -219, 58, 268, -366, 336, -112, -283, 29, 
-253, -68, 185, 161, -219, 58, 273, -361, 336, -112, -283, 29, 
-253, -68, 185, 161, -219, 58, 273, -356, 336, -107, -283, 29, 
-253, -68, 185, 161, -219, 58, 268, -351, 336, -107, -283, 29, 
-263, -68, 195, 165, -229, 63, 278, -361, 336, -97, -273, 29, 
-258, -63, 195, 161, -226, 65, 278, -361, 336, -97, -273, 34, 
-258, -63, 195, 161, -226, 65, 278, -361, 341, -97, -278, 34, 
-263, -58, 204, 161, -234, 73, 273, -361, 341, -97, -278, 39, 
-263, -68, 195, 165, -229, 63, 263, -366, 331, -97, -278, 39, 
-263, -63, 200, 163, -231, 68, 263, -366, 336, -92, -278, 39, 
-263, -58, 204, 161, -234, 73, 268, -366, 336, -92, -278, 39, 
-263, -58, 204, 161, -234, 73, 268, -366, 336, -87, -278, 39, 
-253, -58, 195, 156, -224, 68, 248, -380, 326, -92, -283, 29, 
-253, -53, 200, 153, -226, 73, 248, -380, 326, -92, -283, 34, 
-253, -53, 200, 153, -226, 73, 248, -375, 326, -92, -278, 34, 
-253, -58, 195, 156, -224, 68, 248, -375, 326, -92, -283, 34, 
-258, -58, 200, 158, -229, 70, 258, -375, 336, -82, -283, 43, 
-258, -58, 200, 158, -229, 70, 258, -375, 336, -78, -283, 48, 
-258, -58, 200, 158, -229, 70, 258, -375, 341, -68, -283, 48, 
-258, -53, 204, 156, -231, 75, 253, -375, 341, -68, -283, 58, 
-248, -53, 195, 151, -222, 70, 253, -366, 341, -68, -283, 48, 
-248, -48, 200, 148, -224, 75, 253, -366, 336, -68, -283, 43, 
-248, -43, 204, 146, -226, 80, 248, -366, 336, -63, -283, 43, 
-244, -43, 200, 143, -222, 78, 248, -366, 341, -63, -278, 53, 
-234, -39, 195, 136, -214, 78, 239, -370, 331, -73, -283, 43, 
-234, -39, 195, 136, -214, 78, 234, -375, 331, -73, -278, 43, 
-234, -39, 195, 136, -214, 78, 234, -375, 331, -63, -278, 48, 
-234, -39, 195, 136, -214, 78, 239, -375, 336, -58, -278, 58, 
-239, -43, 195, 141, -217, 75, 239, -375, 326, -53, -287, 58, 
-239, -39, 200, 139, -219, 80, 234, -375, 326, -48, -283, 53, 
-244, -34, 209, 139, -226, 87, 229, -380, 326, -48, -283, 53, 
-248, -34, 214, 141, -231, 90, 229, -380, 326, -48, -278, 58, 
-239, -29, 209, 134, -224, 90, 219, -370, 336, -34, -268, 63, 
-239, -14, 224, 126, -231, 104, 219, -370, 336, -34, -258, 63, 
-239, -4, 234, 122, -236, 114, 214, -375, 336, -29, -258, 63, 
-234, 0, 234, 117, -234, 117, 209, -375, 336, -24, -248, 73, 
-234, -4, 229, 119, -231, 112, 219, -385, 326, -19, -258, 73, 
-234, 4, 239, 114, -236, 122, 214, -385, 326, -19, -258, 73, 
-224, 9, 234, 107, -229, 122, 209, -385, 331, -9, -253, 82, 
-224, 9, 234, 107, -229, 122, 209, -385, 331, -4, -248, 87, 
-229, 19, 248, 104, -239, 134, 209, -385, 331, 4, -244, 102, 
-229, 29, 258, 100, -244, 143, 209, -390, 331, 9, -244, 102, 
-219, 34, 253, 92, -236, 143, 209, -390, 331, 9, -244, 107, 
-219, 34, 253, 92, -236, 143, 200, -390, 331, 14, -239, 112, 
-234, 29, 263, 102, -248, 146, 195, -390, 336, 19, -224, 117, 
-234, 34, 268, 100, -251, 151, 190, -395, 336, 24, -219, 122, 
-234, 43, 278, 95, -256, 161, 185, -395, 341, 29, -214, 126, 
-224, 53, 278, 85, -251, 165, 180, -395, 346, 34, -214, 136, 
-214, 63, 278, 75, -246, 170, 185, -395, 341, 53, -204, 131, 
-214, 68, 283, 73, -248, 175, 180, -400, 341, 58, -200, 141, 
-214, 78, 292, 68, -253, 185, 175, -405, 336, 63, -195, 151, 
-214, 87, 302, 63, -258, 195, 170, -409, 326, 73, -190, 151, 
-209, 97, 307, 56, -258, 202, 165, -414, 326, 73, -195, 156, 
-209, 107, 317, 51, -263, 212, 156, -419, 326, 78, -190, 165, 
-200, 112, 312, 43, -256, 212, 151, -419, 326, 87, -185, 175, 
-200, 117, 317, 41, -258, 217, 141, -419, 326, 97, -175, 175, 
-195, 131, 326, 31, -261, 229, 141, -414, 336, 102, -156, 190, 
-195, 141, 336, 26, -265, 239, 136, -419, 336, 107, -151, 204, 
-190, 151, 341, 19, -265, 246, 131, -424, 336, 112, -141, 209, 
-185, 161, 346, 12, -265, 253, 126, -429, 336, 117, -136, 224, 
-170, 156, 326, 7, -248, 241, 126, -439, 331, 126, -136, 224, 
-170, 161, 331, 4, -251, 246, 122, -439, 326, 136, -136, 229, 
-165, 170, 336, -2, -251, 253, 112, -444, 322, 146, -131, 239, 
-161, 180, 341, -9, -251, 261, 107, -448, 317, 156, -126, 244, 
-165, 185, 351, -9, -258, 268, 102, -453, 317, 151, -126, 244, 
-165, 185, 351, -9, -258, 268, 102, -453, 322, 156, -117, 248, 
-165, 185, 351, -9, -258, 268, 97, -453, 322, 161, -112, 258, 
-161, 195, 356, -17, -258, 275, 92, -458, 322, 165, -112, 263, 
-170, 200, 370, -14, -270, 285, 78, -463, 322, 170, -107, 263, 
-165, 200, 366, -17, -265, 283, 78, -468, 317, 170, -97, 268, 
-165, 204, 370, -19, -268, 287, 78, -473, 317, 175, -97, 273, 
-165, 209, 375, -21, -270, 292, 73, -473, 317, 180, -92, 278, 
-161, 219, 380, -29, -270, 300, 68, -463, 317, 185, -92, 287, 
-156, 219, 375, -31, -265, 297, 63, -463, 322, 190, -87, 292, 
-151, 224, 375, -36, -263, 300, 58, -463, 322, 190, -82, 297, 
-146, 224, 370, -39, -258, 297, 58, -473, 322, 190, -78, 302, 
-146, 239, 385, -46, -265, 312, 53, -478, 312, 200, -78, 297, 
-146, 244, 390, -48, -268, 317, 53, -478, 312, 200, -82, 302, 
-146, 244, 390, -48, -268, 317, 53, -478, 312, 200, -92, 302, 
-146, 248, 395, -51, -270, 322, 48, -478, 312, 200, -97, 302, 
-151, 248, 400, -48, -275, 324, 48, -488, 312, 200, -87, 302, 
-151, 244, 395, -46, -273, 319, 48, -492, 312, 204, -87, 307, 
-151, 239, 390, -43, -270, 314, 48, -492, 312, 204, -87, 307, 
-151, 234, 385, -41, -268, 309, 43, -492, 312, 204, -82, 312, 
-141, 244, 385, -51, -263, 314, 43, -483, 322, 204, -82, 312, 
-141, 244, 385, -51, -263, 314, 43, -483, 322, 204, -82, 317, 
-141, 239, 380, -48, -261, 309, 43, -483, 322, 204, -82, 317, 
-136, 239, 375, -51, -256, 307, 43, -478, 326, 204, -82, 312, 
-146, 229, 375, -41, -261, 302, 53, -478, 326, 204, -97, 322, 
-151, 229, 380, -39, -265, 305, 53, -478, 326, 200, -97, 317, 
-151, 229, 380, -39, -265, 305, 58, -478, 326, 200, -92, 317, 
-151, 229, 380, -39, -265, 305, 58, -473, 326, 200, -92, 317, 
-141, 224, 366, -41, -253, 295, 58, -483, 317, 195, -97, 312, 
-146, 224, 370, -39, -258, 297, 58, -483, 322, 195, -112, 302, 
-151, 219, 370, -34, -261, 295, 63, -483, 326, 185, -122, 292, 
-156, 219, 375, -31, -265, 297, 63, -483, 326, 185, -131, 287, 
-165, 200, 366, -17, -265, 283, 63, -473, 326, 175, -126, 292, 
-170, 195, 366, -12, -268, 280, 68, -473, 326, 175, -131, 287, 
-170, 190, 361, -9, -265, 275, 73, -463, 326, 170, -136, 283, 
-175, 180, 356, -2, -265, 268, 78, -458, 326, 165, -146, 278, 
-175, 180, 356, -2, -265, 268, 73, -468, 326, 156, -156, 263, 
-175, 175, 351, 0, -263, 263, 78, -468, 326, 146, -165, 253, 
-170, 175, 346, -2, -258, 261, 87, -458, 326, 141, -175, 248, 
-170, 165, 336, 2, -253, 251, 87, -458, 322, 136, -185, 239, 
-185, 156, 341, 14, -263, 248, 107, -448, 312, 141, -180, 239, 
-190, 156, 346, 17, -268, 251, 112, -444, 312, 136, -195, 239, 
-200, 146, 346, 26, -273, 246, 117, -439, 312, 126, -204, 229, 
-204, 136, 341, 34, -273, 239, 122, -439, 302, 117, -219, 214, 
-204, 136, 341, 34, -273, 239, 117, -439, 302, 112, -229, 224, 
-204, 126, 331, 39, -268, 229, 126, -434, 302, 102, -239, 214, 
-209, 117, 326, 46, -268, 222, 131, -429, 302, 87, -239, 204, 
-214, 112, 326, 51, -270, 219, 136, -424, 302, 78, -244, 200, 
-224, 102, 326, 61, -275, 214, 136, -419, 283, 82, -263, 190, 
-224, 97, 322, 63, -273, 209, 151, -419, 283, 68, -268, 190, 
-229, 92, 322, 68, -275, 207, 151, -419, 283, 58, -273, 180, 
-234, 87, 322, 73, -278, 204, 156, -414, 283, 58, -283, 180, 
-224, 82, 307, 70, -265, 195, 165, -405, 273, 53, -283, 175, 
-229, 78, 307, 75, -268, 192, 170, -405, 268, 48, -292, 170, 
-234, 68, 302, 82, -268, 185, 175, -405, 263, 43, -292, 170, 
-234, 63, 297, 85, -265, 180, 180, -405, 263, 43, -297, 161, 
-224, 58, 283, 82, -253, 170, 180, -409, 253, 29, -312, 146, 
-224, 53, 278, 85, -251, 165, 175, -400, 253, 29, -317, 141, 
-234, 48, 283, 92, -258, 165, 175, -395, 258, 24, -317, 136, 
-234, 48, 283, 92, -258, 165, 175, -395, 258, 19, -312, 136, 
-244, 43, 287, 100, -265, 165, 165, -409, 248, 19, -317, 136, 
-244, 39, 283, 102, -263, 161, 165, -409, 244, 14, -322, 126, 
-248, 29, 278, 109, -263, 153, 170, -409, 244, 14, -326, 126, 
-248, 29, 278, 109, -263, 153, 170, -405, 244, 9, -331, 122, 
-239, 29, 268, 104, -253, 148, 175, -390, 244, 9, -331, 122, 
-239, 24, 263, 107, -251, 143, 175, -390, 244, 9, -336, 122, 
-239, 24, 263, 107, -251, 143, 180, -390, 239, 4, -341, 122, 
-239, 24, 263, 107, -251, 143, 180, -395, 239, 4, -346, 122, 
-239, 24, 263, 107, -251, 143, 180, -395, 224, 0, -346, 107, 
-239, 34, 273, 102, -256, 153, 180, -395, 224, 0, -346, 102, 
-239, 24, 263, 107, -251, 143, 180, -390, 229, 0, -346, 102, 
-239, 24, 263, 107, -251, 143, 180, -390, 234, 0, -346, 102, 
-244, 29, 273, 107, -258, 151, 190, -380, 234, 0, -346, 107, 
-244, 29, 273, 107, -258, 151, 190, -380, 234, 4, -346, 112, 
-244, 24, 268, 109, -256, 146, 185, -385, 234, 4, -341, 117, 
-244, 24, 268, 109, -256, 146, 185, -385, 234, 4, -341, 122, 
-244, 24, 268, 109, -256, 146, 185, -385, 234, 14, -341, 122, 
-244, 24, 268, 109, -256, 146, 185, -385, 234, 14, -341, 122, 
-244, 24, 268, 109, -256, 146, 190, -385, 234, 19, -336, 122, 
-258, 24, 283, 117, -270, 153, 190, -385, 234, 19, -336, 122, 
-248, 24, 273, 112, -261, 148, 185, -375, 244, 29, -336, 126, 
-248, 24, 273, 112, -261, 148, 185, -375, 244, 29, -336, 126, 
-239, 29, 268, 104, -253, 148, 185, -375, 244, 29, -331, 126, 
-239, 29, 268, 104, -253, 148, 185, -370, 248, 29, -331, 126, 
-248, 19, 268, 114, -258, 143, 195, -370, 248, 39, -322, 136, 
-253, 19, 273, 117, -263, 146, 195, -370, 248, 43, -322, 136, 
-258, 24, 283, 117, -270, 153, 195, -370, 248, 43, -322, 136, 
-263, 29, 292, 117, -278, 161, 195, -370, 253, 39, -322, 136, 
-258, 29, 287, 114, -273, 158, 185, -375, 253, 39, -331, 126, 
-253, 29, 283, 112, -268, 156, 185, -375, 248, 43, -326, 126, 
-248, 29, 278, 109, -263, 153, 185, -375, 248, 43, -326, 126, 
-239, 29, 268, 104, -253, 148, 180, -380, 248, 43, -322, 136, 
-234, 34, 268, 100, -251, 151, 170, -385, 239, 43, -322, 136, 
-229, 34, 263, 97, -246, 148, 165, -390, 239, 43, -322, 136, 
-224, 34, 258, 95, -241, 146, 161, -395, 244, 39, -322, 136, 
-214, 34, 248, 90, -231, 141, 156, -400, 244, 39, -317, 136, 
-214, 43, 258, 85, -236, 151, 165, -390, 244, 53, -317, 131, 
-214, 43, 258, 85, -236, 151, 165, -390, 248, 53, -317, 131, 
-219, 43, 263, 87, -241, 153, 165, -390, 248, 53, -317, 131, 
-219, 43, 263, 87, -241, 153, 165, -395, 244, 53, -317, 131, 
-229, 34, 263, 97, -246, 148, 175, -385, 253, 63, -307, 136, 
-239, 34, 273, 102, -256, 153, 175, -385, 258, 63, -307, 141, 
-248, 34, 283, 107, -265, 158, 175, -385, 258, 63, -307, 146, 
-258, 34, 292, 112, -275, 163, 175, -385, 258, 63, -307, 151, 
-244, 34, 278, 104, -261, 156, 175, -385, 248, 53, -322, 141, 
-244, 34, 278, 104, -261, 156, 170, -385, 248, 53, -322, 141, 
-244, 34, 278, 104, -261, 156, 170, -385, 248, 53, -317, 141, 
-244, 34, 278, 104, -261, 156, 170, -385, 248, 53, -317, 141, 
-234, 24, 258, 104, -246, 141, 180, -395, 248, 63, -322, 141, 
-234, 24, 258, 104, -246, 141, 180, -395, 248, 63, -322, 136, 
-234, 24, 258, 104, -246, 141, 185, -390, 248, 63, -322, 136, 
-234, 24, 258, 104, -246, 141, 185, -390, 248, 63, -322, 136, 
-234, 19, 253, 107, -244, 136, 185, -390, 239, 53, -331, 136, 
-234, 19, 253, 107, -244, 136, 185, -390, 239, 48, -331, 136, 
-234, 14, 248, 109, -241, 131, 185, -390, 239, 43, -331, 131, 
-239, 14, 253, 112, -246, 134, 185, -390, 239, 43, -331, 131, 
-248, 24, 273, 112, -261, 148, 190, -390, 239, 48, -336, 131, 
-248, 19, 268, 114, -258, 143, 190, -390, 239, 48, -336, 131, 
-244, 19, 263, 112, -253, 141, 190, -390, 239, 48, -336, 131, 
-244, 14, 258, 114, -251, 136, 190, -390, 239, 48, -336, 131, 
-244, 14, 258, 114, -251, 136, 190, -390, 248, 48, -341, 122, 
-244, 14, 258, 114, -251, 136, 195, -390, 244, 48, -346, 122, 
-244, 14, 258, 114, -251, 136, 195, -390, 244, 48, -351, 122, 
-244, 14, 258, 114, -251, 136, 195, -390, 239, 43, -361, 122, 
-248, 0, 248, 124, -248, 124, 190, -390, 229, 43, -361, 131, 
-248, 0, 248, 124, -248, 124, 190, -390, 229, 43, -356, 131, 
-244, 0, 244, 122, -244, 122, 190, -390, 229, 39, -356, 131, 
-244, 0, 244, 122, -244, 122, 190, -390, 229, 39, -361, 131, 
-258, 9, 268, 124, -263, 139, 190, -380, 229, 48, -370, 131, 
-263, 9, 273, 126, -268, 141, 195, -380, 229, 48, -370, 131, 
-268, 4, 273, 131, -270, 139, 195, -380, 229, 48, -370, 131, 
-268, 0, 268, 134, -268, 134, 195, -380, 229, 48, -375, 131, 
-263, 0, 263, 131, -263, 131, 200, -390, 239, 48, -366, 122, 
-258, 0, 258, 129, -258, 129, 209, -385, 239, 48, -366, 122, 
-253, 0, 253, 126, -253, 126, 214, -385, 234, 48, -366, 117, 
-248, -4, 244, 126, -246, 119, 214, -385, 234, 48, -366, 112, 
-248, -9, 239, 129, -244, 114, 214, -375, 224, 58, -380, 117, 
-248, -9, 239, 129, -244, 114, 214, -375, 224, 58, -380, 117, 
-248, -14, 234, 131, -241, 109, 219, -375, 224, 58, -380, 122, 
-248, -19, 229, 134, -239, 104, 219, -375, 224, 58, -385, 126, 
-248, -14, 234, 131, -241, 109, 214, -366, 224, 58, -385, 122, 
-248, -19, 229, 134, -239, 104, 214, -370, 224, 53, -380, 122, 
-248, -24, 224, 136, -236, 100, 219, -370, 224, 48, -380, 122, 
-253, -24, 229, 139, -241, 102, 219, -370, 224, 43, -390, 117, 
-253, -19, 234, 136, -244, 107, 224, -375, 224, 48, -385, 122, 
-253, -19, 234, 136, -244, 107, 224, -375, 224, 48, -385, 126, 
-253, -24, 229, 139, -241, 102, 224, -380, 224, 48, -385, 131, 
-253, -34, 219, 143, -236, 92, 224, -385, 224, 53, -385, 136, 
-263, -24, 239, 143, -251, 107, 214, -385, 214, 63, -395, 136, 
-263, -24, 239, 143, -251, 107, 214, -385, 209, 58, -395, 141, 
-263, -24, 239, 143, -251, 107, 214, -385, 209, 58, -395, 146, 
-263, -24, 239, 143, -251, 107, 214, -385, 209, 58, -395, 146, 
-273, -39, 234, 156, -253, 97, 219, -385, 209, 48, -390, 151, 
-273, -39, 234, 156, -253, 97, 219, -385, 209, 48, -390, 151, 
-268, -34, 234, 151, -251, 100, 219, -385, 209, 48, -395, 151, 
-268, -34, 234, 151, -251, 100, 219, -380, 209, 48, -395, 151, 
-263, -43, 219, 153, -241, 87, 234, -370, 214, 58, -405, 131, 
-263, -48, 214, 156, -239, 82, 234, -370, 214, 58, -414, 107, 
-258, -48, 209, 153, -234, 80, 234, -370, 214, 58, -419, 87, 
-258, -48, 209, 153, -234, 80, 234, -370, 209, 53, -424, 68, 
-258, -39, 219, 148, -239, 90, 229, -361, 204, 53, -434, 78, 
-258, -43, 214, 151, -236, 85, 229, -361, 204, 53, -444, 78, 
-258, -43, 214, 151, -236, 85, 234, -361, 204, 58, -448, 78, 
-258, -43, 214, 151, -236, 85, 234, -361, 204, 58, -448, 73, 
-268, -58, 209, 163, -239, 75, 234, -370, 204, 58, -444, 78, 
-268, -58, 209, 163, -239, 75, 229, -370, 209, 58, -444, 82, 
-268, -58, 209, 163, -239, 75, 229, -370, 209, 53, -444, 87, 
-268, -63, 204, 165, -236, 70, 229, -370, 209, 53, -448, 92, 
-283, -82, 200, 183, -241, 58, 219, -375, 195, 43, -463, 78, 
-292, -92, 200, 192, -246, 53, 219, -375, 190, 43, -468, 78, 
-302, -102, 200, 202, -251, 48, 224, -370, 185, 43, -468, 78, 
-312, -112, 200, 212, -256, 43, 224, -370, 170, 43, -473, 78, 
-287, -87, 200, 187, -244, 56, 234, -366, 185, 48, -458, 92, 
-273, -73, 200, 173, -236, 63, 234, -366, 190, 53, -453, 97, 
-258, -58, 200, 158, -229, 70, 229, -361, 195, 53, -448, 97, 
-239, -43, 195, 141, -217, 75, 229, -356, 204, 58, -444, 102, 
-248, -48, 200, 148, -224, 75, 234, -356, 200, 63, -434, 112, 
-248, -48, 200, 148, -224, 75, 239, -356, 200, 68, -434, 112, 
-248, -48, 200, 148, -224, 75, 244, -356, 200, 73, -439, 112, 
-248, -48, 200, 148, -224, 75, 248, -356, 195, 78, -439, 112, 
-248, -53, 195, 151, -222, 70, 239, -346, 185, 68, -439, 102, 
-248, -53, 195, 151, -222, 70, 239, -346, 185, 68, -444, 102, 
-248, -53, 195, 151, -222, 70, 239, -346, 185, 68, -448, 102, 
-248, -53, 195, 151, -222, 70, 239, -346, 180, 68, -453, 102, 
-258, -63, 195, 161, -226, 65, 239, -346, 180, 68, -448, 112, 
-258, -63, 195, 161, -226, 65, 239, -346, 185, 68, -448, 112, 
-258, -63, 195, 161, -226, 65, 239, -346, 185, 63, -448, 112, 
-263, -63, 200, 163, -231, 68, 239, -346, 180, 63, -448, 112, 
-253, -73, 180, 163, -217, 53, 229, -356, 180, 73, -453, 102, 
-253, -73, 180, 163, -217, 53, 229, -356, 185, 73, -453, 102, 
-258, -68, 190, 163, -224, 61, 229, -356, 185, 73, -453, 102, 
-258, -68, 190, 163, -224, 61, 229, -356, 185, 78, -453, 97, 
-258, -78, 180, 168, -219, 51, 229, -356, 180, 68, -463, 87, 
-263, -78, 185, 170, -224, 53, 229, -356, 175, 68, -468, 92, 
-268, -78, 190, 173, -229, 56, 234, -351, 175, 68, -473, 92, 
-273, -82, 190, 178, -231, 53, 234, -351, 170, 68, -478, 92, 
-273, -82, 190, 178, -231, 53, 234, -351, 180, 68, -458, 102, 
-263, -63, 200, 163, -231, 68, 244, -351, 170, 73, -458, 102, 
-263, -63, 200, 163, -231, 68, 253, -351, 180, 82, -458, 112, 
-278, -73, 204, 175, -241, 65, 253, -351, 180, 87, -468, 102, 
