I, II, III, aVR, aVL, aVF, V1, V2, V3, V4, V5, V6, 
-653, -795, -141, 724, -256, -468, 575, 419, 956, -92, 19, 14, 
-653, -795, -141, 724, -256, -468, 575, 419, 951, -92, 24, 14, 
-649, -800, -151, 724, -248, -475, 570, 414, 946, -92, 24, 14, 
-644, -800, -156, 722, -244, -478, 561, 409, 946, -92, 24, 14, 
-639, -790, -151, 714, -244, -470, 561, 419, 946, -87, 34, 14, 
-639, -790, -151, 714, -244, -470, 580, 419, 941, -82, 34, 9, 
-634, -790, -156, 712, -239, -473, 595, 424, 941, -78, 34, 4, 
-629, -795, -165, 712, -231, -480, 605, 424, 936, -78, 29, 4, 
-614, -780, -165, 697, -224, -473, 605, 429, 936, -92, 19, 14, 
-610, -775, -165, 692, -222, -470, 605, 429, 932, -92, 14, 19, 
-600, -771, -170, 685, -214, -470, 605, 434, 927, -102, 14, 19, 
-595, -766, -170, 680, -212, -468, 605, 444, 922, -107, 9, 19, 
-605, -790, -185, 697, -209, -488, 610, 444, 927, -102, 14, 4, 
-619, -800, -180, 710, -219, -490, 619, 444, 922, -107, 9, 0, 
-629, -814, -185, 722, -222, -500, 624, 444, 922, -107, 14, 0, 
-639, -819, -180, 729, -229, -500, 629, 439, 917, -107, 19, 0, 
-653, -829, -175, 741, -239, -502, 644, 434, 912, -107, 14, 0, 
-663, -829, -165, 746, -248, -497, 649, 434, 907, -112, 4, 0, 
-673, -839, -165, 756, -253, -502, 658, 439, 907, -117, -4, 0, 
-688, -839, -151, 763, -268, -495, 673, 439, 902, -122, -9, -4, 
-707, -854, -146, 780, -280, -500, 673, 434, 888, -141, -19, -24, 
-717, -873, -156, 795, -280, -514, 668, 429, 888, -151, -29, -43, 
-727, -893, -165, 810, -280, -529, 668, 424, 883, -156, -43, -58, 
-741, -902, -161, 822, -290, -531, 673, 419, 883, -161, -48, -68, 
-727, -897, -170, 812, -278, -534, 692, 419, 888, -151, -39, -58, 
-712, -888, -175, 800, -268, -531, 702, 429, 893, -146, -39, -48, 
-707, -883, -175, 795, -265, -529, 712, 429, 897, -141, -39, -43, 
-697, -878, -180, 788, -258, -529, 717, 429, 893, -146, -39, -39, 
-712, -907, -195, 810, -258, -551, 707, 434, 883, -151, -58, -48, 
-727, -922, -195, 824, -265, -558, 707, 429, 873, -161, -63, -53, 
-741, -932, -190, 836, -275, -561, 712, 424, 863, -170, -63, -58, 
-756, -946, -190, 851, -283, -568, 717, 414, 858, -175, -63, -63, 
-746, -936, -190, 841, -278, -563, 707, 405, 868, -165, -58, -68, 
-741, -932, -190, 836, -275, -561, 707, 405, 873, -170, -58, -68, 
-741, -927, -185, 834, -278, -556, 702, 405, 873, -170, -58, -68, 
-736, -922, -185, 829, -275, -553, 702, 405, 868, -170, -58, -68, 
-732, -907, -175, 819, -278, -541, 717, 424, 878, -161, -53, -63, 
-727, -902, -175, 814, -275, -539, 717, 429, 878, -161, -53, -58, 
-717, -897, -180, 807, -268, -539, 717, 434, 878, -161, -53, -53, 
-712, -893, -180, 802, -265, -536, 712, 434, 878, -161, -53, -48, 
-697, -888, -190, 793, -253, -539, 712, 444, 878, -146, -39, -48, 
-692, -878, -185, 785, -253, -531, 712, 444, 878, -146, -39, -48, 
-688, -873, -185, 780, -251, -529, 712, 444, 878, -151, -43, -48, 
-683, -868, -185, 775, -248, -527, 712, 444, 878, -151, -43, -48, 
-692, -883, -190, 788, -251, -536, 712, 444, 878, -151, -53, -39, 
-697, -893, -195, 795, -251, -544, 712, 444, 878, -151, -53, -39, 
-702, -897, -195, 800, -253, -546, 712, 444, 878, -151, -53, -39, 
-707, -907, -200, 807, -253, -553, 712, 444, 878, -146, -53, -39, 
-712, -917, -204, 814, -253, -561, 707, 434, 873, -151, -58, -53, 
-722, -917, -195, 819, -263, -556, 702, 434, 873, -156, -63, -58, 
-727, -917, -190, 822, -268, -553, 697, 434, 868, -161, -68, -63, 
-727, -917, -190, 822, -268, -553, 692, 434, 863, -165, -73, -68, 
-727, -927, -200, 827, -263, -563, 688, 419, 863, -170, -73, -78, 
-727, -927, -200, 827, -263, -563, 683, 419, 863, -170, -68, -78, 
-732, -927, -195, 829, -268, -561, 678, 424, 858, -165, -68, -78, 
-732, -927, -195, 829, -268, -561, 673, 424, 858, -165, -78, -78, 
-736, -971, -234, 854, -251, -602, 688, 458, 858, -170, -87, -87, 
-727, -990, -263, 858, -231, -627, 702, 488, 858, -170, -82, -82, 
-746, -1010, -263, 878, -241, -636, 717, 527, 873, -170, -92, -82, 
-746, -1010, -263, 878, -241, -636, 736, 566, 912, -161, -87, -87, 
-727, -1000, -273, 863, -226, -636, 741, 570, 946, -141, -78, -97, 
-707, -966, -258, 836, -224, -612, 722, 561, 990, -117, -78, -87, 
-707, -893, -185, 800, -261, -539, 702, 527, 1049, -63, -48, -78, 
-741, -819, -78, 780, -331, -448, 692, 488, 1132, 19, 14, -48, 
-751, -717, 34, 734, -392, -341, 649, 444, 1205, 112, 97, 24, 
-727, -614, 112, 671, -419, -251, 595, 395, 1259, 195, 180, 117, 
-697, -492, 204, 595, -451, -143, 536, 326, 1312, 287, 297, 244, 
-692, -322, 370, 507, -531, 24, 463, 204, 1371, 395, 444, 385, 
-678, -151, 527, 414, -602, 187, 370, 63, 1376, 488, 590, 536, 
-649, -14, 634, 331, -641, 309, 278, -68, 1332, 551, 707, 692, 
-629, 122, 751, 253, -690, 436, 190, -190, 1263, 610, 824, 824, 
-614, 234, 849, 190, -732, 541, 117, -278, 1166, 644, 922, 932, 
-610, 312, 922, 148, -766, 617, 82, -331, 1063, 673, 1010, 1015, 
-629, 395, 1024, 117, -827, 710, 58, -370, 966, 717, 1093, 1088, 
-678, 478, 1156, 100, -917, 817, 39, -414, 849, 746, 1146, 1151, 
-741, 531, 1273, 104, -1007, 902, 43, -448, 727, 761, 1180, 1200, 
-751, 541, 1293, 104, -1022, 917, 43, -444, 605, 751, 1180, 1180, 
-800, 448, 1249, 175, -1024, 849, 87, -409, 473, 634, 1044, 1073, 
-868, 190, 1058, 339, -963, 624, 204, -292, 351, 390, 756, 814, 
-922, -141, 780, 531, -851, 319, 356, -136, 258, 107, 405, 492, 
-971, -351, 619, 661, -795, 134, 453, -43, 209, -97, 136, 258, 
-1010, -414, 595, 712, -802, 90, 502, -4, 190, -204, -9, 146, 
-1015, -468, 546, 741, -780, 39, 546, 19, 195, -244, -53, 78, 
-1005, -570, 434, 788, -719, -68, 610, 97, 229, -263, -78, 34, 
-980, -707, 273, 844, -627, -217, 683, 195, 263, -283, -117, -9, 
-946, -839, 107, 893, -527, -366, 756, 283, 307, -351, -175, -63, 
-907, -917, -9, 912, -448, -463, 785, 341, 380, -380, -214, -107, 
-873, -927, -53, 900, -409, -490, 785, 366, 473, -346, -190, -97, 
-854, -936, -82, 895, -385, -509, 775, 380, 551, -302, -165, -92, 
-834, -946, -112, 890, -361, -529, 751, 385, 614, -287, -156, -92, 
-819, -941, -122, 880, -348, -531, 736, 380, 663, -268, -141, -78, 
-805, -941, -136, 873, -334, -539, 712, 385, 717, -258, -141, -87, 
-766, -922, -156, 844, -305, -539, 692, 400, 766, -239, -126, -92, 
-697, -878, -180, 788, -258, -529, 702, 448, 819, -190, -102, -53, 
-649, -829, -180, 739, -234, -505, 707, 478, 863, -146, -78, -19, 
-653, -829, -175, 741, -239, -502, 702, 483, 878, -126, -63, -24, 
-663, -834, -170, 749, -246, -502, 702, 483, 893, -122, -63, -43, 
-663, -829, -165, 746, -248, -497, 702, 483, 902, -117, -58, -39, 
-658, -805, -146, 732, -256, -475, 692, 478, 902, -112, -53, -14, 
-678, -810, -131, 744, -273, -470, 692, 448, 902, -122, -43, -4, 
-683, -814, -131, 749, -275, -473, 702, 453, 897, -126, -48, -19, 
-678, -829, -151, 753, -263, -490, 702, 453, 902, -141, -58, -24, 
-678, -834, -156, 756, -261, -495, 702, 463, 912, -151, -68, -29, 
-673, -854, -180, 763, -246, -517, 707, 468, 917, -156, -73, -29, 
-673, -868, -195, 771, -239, -531, 702, 488, 917, -146, -68, -43, 
-673, -868, -195, 771, -239, -531, 702, 497, 922, -141, -68, -43, 
-673, -868, -195, 771, -239, -531, 697, 502, 922, -131, -68, -39, 
-668, -863, -195, 766, -236, -529, 697, 502, 922, -126, -68, -39, 
-668, -858, -190, 763, -239, -524, 697, 497, 927, -126, -63, -29, 
-668, -858, -190, 763, -239, -524, 692, 497, 927, -126, -58, -29, 
-663, -849, -185, 756, -239, -517, 692, 497, 927, -126, -48, -29, 
-663, -849, -185, 756, -239, -517, 688, 497, 927, -126, -48, -29, 
-663, -863, -200, 763, -231, -531, 683, 497, 917, -136, -63, -34, 
-668, -863, -195, 766, -236, -529, 683, 497, 917, -136, -68, -43, 
-663, -863, -200, 763, -231, -531, 683, 502, 917, -136, -73, -48, 
-678, -868, -190, 773, -244, -529, 683, 502, 917, -136, -73, -48, 
-673, -868, -195, 771, -239, -531, 673, 497, 917, -126, -73, -48, 
-673, -868, -195, 771, -239, -531, 673, 497, 917, -126, -73, -48, 
-668, -858, -190, 763, -239, -524, 673, 497, 912, -126, -73, -48, 
-668, -858, -190, 763, -239, -524, 673, 492, 912, -122, -73, -43, 
-678, -854, -175, 766, -251, -514, 668, 492, 922, -131, -68, -34, 
-678, -854, -175, 766, -251, -514, 668, 492, 922, -131, -68, -39, 
-678, -858, -180, 768, -248, -519, 663, 492, 922, -131, -63, -39, 
-673, -858, -185, 766, -244, -522, 663, 492, 922, -126, -58, -39, 
-673, -868, -195, 771, -239, -531, 653, 502, 912, -136, -68, -29, 
-673, -868, -195, 771, -239, -531, 649, 502, 912, -141, -68, -29, 
-673, -863, -190, 768, -241, -527, 649, 502, 912, -141, -68, -24, 
-673, -863, -190, 768, -241, -527, 653, 502, 912, -141, -63, -24, 
-683, -868, -185, 775, -248, -527, 653, 502, 912, -141, -63, -29, 
-683, -873, -190, 778, -246, -531, 644, 502, 912, -141, -68, -34, 
-678, -868, -190, 773, -244, -529, 644, 502, 912, -136, -73, -39, 
-678, -868, -190, 773, -244, -529, 644, 502, 912, -136, -78, -43, 
-678, -878, -200, 778, -239, -539, 634, 502, 912, -141, -68, -34, 
-683, -878, -195, 780, -244, -536, 629, 502, 912, -141, -73, -34, 
-688, -878, -190, 783, -248, -534, 629, 502, 912, -141, -73, -34, 
-692, -883, -190, 788, -251, -536, 629, 502, 917, -136, -73, -29, 
-678, -863, -185, 771, -246, -524, 629, 507, 927, -136, -63, -19, 
-673, -858, -185, 766, -244, -522, 629, 512, 927, -136, -63, -19, 
-668, -849, -180, 758, -244, -514, 629, 517, 927, -136, -63, -19, 
-663, -834, -170, 749, -246, -502, 629, 522, 927, -136, -63, -14, 
-653, -834, -180, 744, -236, -507, 629, 512, 927, -136, -73, -14, 
-649, -834, -185, 741, -231, -509, 629, 512, 927, -136, -73, -19, 
-649, -829, -180, 739, -234, -505, 629, 512, 927, -136, -73, -19, 
-649, -829, -180, 739, -234, -505, 629, 507, 927, -136, -73, -19, 
-649, -839, -190, 744, -229, -514, 624, 517, 927, -136, -73, -19, 
-649, -839, -190, 744, -229, -514, 624, 517, 932, -131, -73, -19, 
-644, -839, -195, 741, -224, -517, 619, 517, 932, -131, -73, -14, 
-644, -834, -190, 739, -226, -512, 619, 517, 932, -136, -73, -14, 
-653, -834, -180, 744, -236, -507, 619, 522, 932, -136, -73, -19, 
-653, -834, -180, 744, -236, -507, 619, 527, 932, -131, -68, -19, 
-649, -834, -185, 741, -231, -509, 619, 536, 932, -131, -68, -14, 
-649, -834, -185, 741, -231, -509, 619, 541, 932, -126, -68, -14, 
-658, -824, -165, 741, -246, -495, 619, 541, 936, -126, -68, -4, 
-658, -824, -165, 741, -246, -495, 619, 541, 936, -126, -68, -4, 
-658, -824, -165, 741, -246, -495, 614, 541, 941, -126, -68, -9, 
-653, -824, -170, 739, -241, -497, 614, 541, 941, -126, -68, -9, 
-644, -824, -180, 734, -231, -502, 610, 541, 927, -131, -68, -19, 
-649, -829, -180, 739, -234, -505, 605, 541, 927, -131, -68, -19, 
-649, -834, -185, 741, -231, -509, 595, 541, 927, -131, -68, -19, 
-644, -834, -190, 739, -226, -512, 590, 541, 936, -126, -68, -19, 
-639, -824, -185, 732, -226, -505, 605, 541, 946, -122, -63, -4, 
-634, -819, -185, 727, -224, -502, 610, 546, 946, -112, -58, 0, 
-634, -814, -180, 724, -226, -497, 619, 551, 951, -102, -43, 4, 
-629, -810, -180, 719, -224, -495, 624, 556, 956, -97, -39, 9, 
-634, -814, -180, 724, -226, -497, 610, 556, 956, -112, -58, 0, 
-629, -819, -190, 724, -219, -505, 605, 551, 956, -117, -63, -4, 
-634, -824, -190, 729, -222, -507, 605, 551, 956, -117, -63, -9, 
-644, -834, -190, 739, -226, -512, 605, 551, 956, -122, -68, -14, 
-649, -839, -190, 744, -229, -514, 600, 561, 946, -117, -68, -14, 
-653, -844, -190, 749, -231, -517, 600, 561, 946, -117, -68, -9, 
-649, -839, -190, 744, -229, -514, 595, 556, 946, -107, -68, -4, 
-653, -839, -185, 746, -234, -512, 595, 556, 951, -102, -63, -4, 
-634, -814, -180, 724, -226, -497, 610, 566, 961, -92, -39, 14, 
-614, -790, -175, 702, -219, -483, 614, 570, 976, -82, -29, 29, 
-590, -761, -170, 675, -209, -466, 619, 580, 985, -68, -14, 43, 
-570, -736, -165, 653, -202, -451, 624, 590, 1000, -53, -4, 53, 
-561, -732, -170, 646, -195, -451, 624, 600, 1000, -58, -9, 48, 
-551, -727, -175, 639, -187, -451, 624, 600, 1005, -63, -9, 43, 
-546, -717, -170, 631, -187, -444, 619, 600, 1005, -68, -9, 39, 
-536, -707, -170, 622, -183, -439, 619, 600, 1010, -68, -14, 34, 
-556, -717, -161, 636, -197, -439, 610, 610, 1000, -58, -4, 34, 
-580, -727, -146, 653, -217, -436, 605, 605, 1000, -48, -4, 39, 
-600, -732, -131, 666, -234, -431, 595, 605, 1000, -48, 0, 39, 
-614, -741, -126, 678, -244, -434, 585, 605, 1005, -48, 0, 39, 
-605, -751, -146, 678, -229, -448, 585, 595, 1010, -48, 0, 29, 
-605, -746, -141, 675, -231, -444, 585, 595, 1015, -48, 4, 34, 
-600, -741, -141, 671, -229, -441, 580, 595, 1019, -39, 9, 34, 
-600, -736, -136, 668, -231, -436, 580, 595, 1019, -34, 14, 43, 
-590, -727, -136, 658, -226, -431, 575, 595, 1019, -34, 14, 34, 
-590, -722, -131, 656, -229, -427, 570, 595, 1019, -29, 9, 39, 
-585, -717, -131, 651, -226, -424, 566, 595, 1019, -29, 9, 43, 
-585, -712, -126, 649, -229, -419, 566, 595, 1029, -29, 9, 43, 
-590, -717, -126, 653, -231, -422, 566, 600, 1024, -29, 19, 48, 
-590, -712, -122, 651, -234, -417, 566, 595, 1024, -19, 19, 58, 
-590, -707, -117, 649, -236, -412, 561, 585, 1029, -14, 29, 68, 
-590, -702, -112, 646, -239, -407, 561, 585, 1034, -14, 34, 78, 
-590, -697, -107, 644, -241, -402, 551, 585, 1029, -9, 39, 78, 
-590, -692, -102, 641, -244, -397, 546, 575, 1029, -9, 43, 78, 
-585, -688, -102, 636, -241, -395, 541, 575, 1029, 0, 43, 78, 
-585, -683, -97, 634, -244, -390, 541, 575, 1029, 4, 53, 78, 
-585, -678, -92, 631, -246, -385, 527, 585, 1029, 4, 53, 78, 
-575, -678, -102, 627, -236, -390, 527, 575, 1034, 4, 48, 82, 
-575, -673, -97, 624, -239, -385, 522, 575, 1034, 4, 48, 87, 
-575, -668, -92, 622, -241, -380, 522, 570, 1034, 4, 43, 87, 
-585, -678, -92, 631, -246, -385, 512, 570, 1024, -4, 53, 78, 
-595, -683, -87, 639, -253, -385, 507, 566, 1024, -4, 63, 87, 
-605, -688, -82, 646, -261, -385, 502, 566, 1019, 0, 63, 92, 
-619, -692, -73, 656, -273, -383, 492, 566, 1019, 4, 63, 97, 
-639, -707, -68, 673, -285, -387, 478, 551, 1000, 0, 53, 87, 
-653, -722, -68, 688, -292, -395, 473, 536, 995, -4, 53, 87, 
-668, -736, -68, 702, -300, -402, 473, 531, 995, -9, 48, 87, 
-678, -736, -58, 707, -309, -397, 473, 531, 1010, -9, 48, 87, 
-619, -673, -53, 646, -283, -363, 492, 551, 1034, 4, 63, 102, 
-570, -619, -48, 595, -261, -334, 502, 556, 1044, 19, 82, 117, 
-527, -570, -43, 549, -241, -307, 507, 575, 1049, 34, 97, 131, 
-478, -522, -43, 500, -217, -283, 517, 595, 1058, 48, 117, 146, 
-488, -531, -43, 509, -222, -287, 512, 595, 1044, 43, 112, 136, 
-497, -546, -48, 522, -224, -297, 507, 595, 1039, 39, 107, 136, 
-507, -561, -53, 534, -226, -307, 502, 595, 1034, 34, 102, 126, 
-522, -575, -53, 549, -234, -314, 497, 595, 1029, 34, 102, 126, 
-531, -590, -58, 561, -236, -324, 502, 595, 1039, 34, 92, 126, 
-541, -595, -53, 568, -244, -324, 507, 595, 1039, 24, 87, 126, 
-551, -600, -48, 575, -251, -324, 512, 595, 1034, 24, 87, 126, 
-561, -605, -43, 583, -258, -324, 517, 595, 1034, 24, 87, 126, 
-570, -610, -39, 590, -265, -324, 507, 595, 1024, 19, 82, 126, 
-570, -610, -39, 590, -265, -324, 512, 595, 1019, 19, 82, 126, 
-570, -610, -39, 590, -265, -324, 512, 600, 1019, 14, 82, 126, 
-575, -619, -43, 597, -265, -331, 512, 600, 1019, 9, 82, 122, 
-575, -619, -43, 597, -265, -331, 502, 610, 1019, 14, 78, 117, 
-580, -624, -43, 602, -268, -334, 502, 610, 1019, 0, 68, 107, 
-585, -629, -43, 607, -270, -336, 512, 610, 1015, -4, 63, 102, 
-585, -634, -48, 610, -268, -341, 512, 610, 1010, -14, 63, 97, 
-595, -649, -53, 622, -270, -351, 522, 619, 1005, -14, 43, 78, 
-605, -663, -58, 634, -273, -361, 527, 624, 1000, -19, 39, 68, 
-614, -678, -63, 646, -275, -370, 536, 629, 995, -24, 24, 63, 
-624, -697, -73, 661, -275, -385, 541, 644, 990, -34, 14, 53, 
-619, -688, -68, 653, -275, -378, 551, 649, 995, -39, 19, 53, 
-619, -688, -68, 653, -275, -378, 556, 649, 990, -48, 14, 48, 
-614, -692, -78, 653, -268, -385, 561, 653, 980, -58, 9, 48, 
-610, -692, -82, 651, -263, -387, 570, 658, 980, -58, 9, 48, 
-619, -697, -78, 658, -270, -387, 570, 663, 980, -53, 4, 39, 
-619, -707, -87, 663, -265, -397, 575, 668, 976, -63, -4, 39, 
-619, -712, -92, 666, -263, -402, 580, 668, 971, -73, -19, 29, 
-614, -722, -107, 668, -253, -414, 585, 673, 971, -73, -24, 24, 
-614, -727, -112, 671, -251, -419, 575, 688, 976, -82, -29, 9, 
-619, -732, -112, 675, -253, -422, 575, 688, 976, -87, -39, 9, 
-624, -736, -112, 680, -256, -424, 575, 692, 971, -87, -39, 4, 
-624, -741, -117, 683, -253, -429, 580, 697, 966, -87, -43, 0, 
-644, -761, -117, 702, -263, -439, 570, 707, 961, -92, -48, 9, 
-644, -761, -117, 702, -263, -439, 580, 712, 956, -102, -48, 9, 
-639, -761, -122, 700, -258, -441, 580, 712, 951, -102, -48, 9, 
-639, -761, -122, 700, -258, -441, 580, 717, 951, -107, -53, 9, 
-644, -775, -131, 710, -256, -453, 585, 727, 951, -112, -58, 0, 
-649, -780, -131, 714, -258, -456, 590, 727, 951, -112, -58, -9, 
-658, -785, -126, 722, -265, -456, 590, 727, 941, -117, -63, -9, 
-663, -790, -126, 727, -268, -458, 590, 727, 941, -117, -63, -9, 
-653, -780, -126, 717, -263, -453, 600, 727, 951, -117, -63, -4, 
-653, -780, -126, 717, -263, -453, 595, 727, 946, -117, -63, -4, 
-653, -785, -131, 719, -261, -458, 595, 727, 946, -122, -63, 0, 
-653, -785, -131, 719, -261, -458, 600, 732, 946, -122, -63, 0, 
-663, -795, -131, 729, -265, -463, 590, 736, 946, -131, -68, -9, 
-668, -795, -126, 732, -270, -461, 590, 741, 946, -131, -68, -14, 
-668, -795, -126, 732, -270, -461, 590, 741, 946, -131, -68, -14, 
-668, -795, -126, 732, -270, -461, 590, 746, 946, -131, -73, -14, 
-673, -800, -126, 736, -273, -463, 580, 741, 936, -136, -82, -24, 
-678, -805, -126, 741, -275, -466, 575, 741, 932, -146, -87, -24, 
-688, -810, -122, 749, -283, -466, 570, 741, 927, -151, -92, -29, 
-692, -814, -122, 753, -285, -468, 561, 741, 922, -156, -97, -29, 
-683, -795, -112, 739, -285, -453, 566, 746, 927, -151, -87, -34, 
-673, -790, -117, 732, -278, -453, 570, 751, 936, -146, -87, -34, 
-663, -785, -122, 724, -270, -453, 575, 756, 941, -136, -82, -34, 
-653, -780, -126, 717, -263, -453, 585, 761, 946, -131, -82, -29, 
-658, -780, -122, 719, -268, -451, 585, 775, 941, -146, -82, -24, 
-658, -780, -122, 719, -268, -451, 580, 775, 941, -146, -82, -19, 
-658, -780, -122, 719, -268, -451, 580, 775, 941, -146, -78, -14, 
-663, -780, -117, 722, -273, -448, 580, 775, 946, -146, -78, -9, 
-663, -790, -126, 727, -268, -458, 570, 780, 946, -136, -82, -14, 
-663, -790, -126, 727, -268, -458, 570, 780, 946, -136, -87, -14, 
-663, -790, -126, 727, -268, -458, 570, 780, 946, -136, -87, -14, 
-663, -790, -126, 727, -268, -458, 570, 780, 946, -136, -87, -14, 
-663, -800, -136, 732, -263, -468, 561, 790, 956, -146, -87, -24, 
-668, -800, -131, 734, -268, -466, 561, 790, 956, -146, -87, -29, 
-673, -800, -126, 736, -273, -463, 566, 790, 956, -146, -82, -29, 
-678, -800, -122, 739, -278, -461, 566, 790, 956, -141, -82, -29, 
-668, -790, -122, 729, -273, -456, 566, 800, 966, -141, -73, -14, 
-668, -790, -122, 729, -273, -456, 566, 800, 966, -141, -73, -4, 
-668, -790, -122, 729, -273, -456, 561, 800, 971, -141, -78, 0, 
-668, -790, -122, 729, -273, -456, 556, 800, 971, -141, -78, 9, 
-668, -800, -131, 734, -268, -466, 566, 810, 971, -131, -78, 4, 
-668, -800, -131, 734, -268, -466, 566, 810, 971, -131, -78, -4, 
-668, -800, -131, 734, -268, -466, 566, 810, 971, -131, -78, -9, 
-668, -800, -131, 734, -268, -466, 566, 810, 971, -131, -73, -14, 
-653, -790, -136, 722, -258, -463, 566, 819, 971, -141, -82, -19, 
-653, -785, -131, 719, -261, -458, 566, 819, 971, -141, -82, -19, 
-653, -780, -126, 717, -263, -453, 561, 819, 971, -136, -82, -24, 
-653, -775, -122, 714, -265, -448, 561, 819, 971, -136, -82, -24, 
-653, -775, -122, 714, -265, -448, 561, 829, 976, -136, -82, -14, 
-653, -771, -117, 712, -268, -444, 561, 824, 976, -136, -82, -9, 
-653, -771, -117, 712, -268, -444, 561, 824, 976, -136, -82, -9, 
-658, -771, -112, 714, -273, -441, 561, 824, 976, -136, -82, -9, 
-668, -780, -112, 724, -278, -446, 561, 829, 976, -141, -82, -9, 
-663, -775, -112, 719, -275, -444, 561, 834, 976, -141, -82, -14, 
-658, -775, -117, 717, -270, -446, 561, 834, 976, -136, -82, -14, 
-658, -775, -117, 717, -270, -446, 561, 839, 976, -136, -82, -14, 
-658, -785, -126, 722, -265, -456, 561, 854, 976, -141, -73, -14, 
-663, -790, -126, 727, -268, -458, 551, 854, 976, -141, -73, -14, 
-663, -790, -126, 727, -268, -458, 551, 854, 976, -141, -73, -14, 
-663, -790, -126, 727, -268, -458, 556, 854, 976, -141, -82, -9, 
-673, -800, -126, 736, -273, -463, 546, 854, 966, -151, -92, -19, 
-673, -800, -126, 736, -273, -463, 546, 854, 966, -151, -87, -19, 
-673, -800, -126, 736, -273, -463, 541, 854, 966, -151, -87, -24, 
-673, -800, -126, 736, -273, -463, 541, 854, 966, -151, -92, -24, 
-673, -800, -126, 736, -273, -463, 541, 863, 971, -156, -92, -29, 
-673, -800, -126, 736, -273, -463, 541, 863, 971, -156, -87, -29, 
-673, -800, -126, 736, -273, -463, 541, 863, 971, -161, -87, -29, 
-668, -800, -131, 734, -268, -466, 541, 863, 971, -161, -87, -29, 
-673, -805, -131, 739, -270, -468, 541, 873, 971, -161, -97, -19, 
-683, -805, -122, 744, -280, -463, 541, 873, 971, -161, -97, -19, 
-688, -805, -117, 746, -285, -461, 541, 873, 966, -161, -97, -19, 
-688, -805, -117, 746, -285, -461, 541, 868, 966, -161, -102, -24, 
-678, -814, -136, 746, -270, -475, 541, 873, 966, -161, -102, -24, 
-683, -814, -131, 749, -275, -473, 546, 878, 966, -161, -97, -24, 
-683, -814, -131, 749, -275, -473, 546, 883, 961, -165, -97, -24, 
-683, -819, -136, 751, -273, -478, 546, 883, 961, -165, -97, -24, 
-673, -814, -141, 744, -265, -478, 546, 893, 971, -165, -97, -24, 
-673, -814, -141, 744, -265, -478, 546, 893, 961, -170, -97, -29, 
-673, -814, -141, 744, -265, -478, 546, 893, 951, -175, -97, -34, 
-678, -810, -131, 744, -273, -470, 546, 893, 951, -180, -102, -34, 
-678, -819, -141, 749, -268, -480, 546, 893, 951, -180, -102, -43, 
-678, -819, -141, 749, -268, -480, 546, 893, 946, -180, -102, -43, 
-678, -819, -141, 749, -268, -480, 546, 893, 946, -175, -102, -43, 
-678, -819, -141, 749, -268, -480, 546, 893, 946, -175, -102, -43, 
-688, -819, -131, 753, -278, -475, 536, 902, 946, -185, -112, -39, 
-683, -819, -136, 751, -273, -478, 536, 902, 941, -185, -112, -39, 
-683, -824, -141, 753, -270, -483, 536, 902, 941, -185, -112, -43, 
-683, -824, -141, 753, -270, -483, 531, 902, 941, -185, -117, -43, 
-673, -824, -151, 749, -261, -488, 531, 912, 951, -180, -112, -39, 
-668, -824, -156, 746, -256, -490, 536, 917, 951, -180, -112, -34, 
-668, -824, -156, 746, -256, -490, 536, 917, 946, -185, -107, -34, 
-673, -824, -151, 749, -261, -488, 536, 912, 946, -185, -102, -29, 
-683, -814, -131, 749, -275, -473, 546, 922, 936, -185, -107, -34, 
-683, -814, -131, 749, -275, -473, 546, 922, 936, -185, -107, -34, 
-683, -819, -136, 751, -273, -478, 546, 922, 936, -180, -107, -34, 
-683, -819, -136, 751, -273, -478, 546, 922, 936, -180, -102, -29, 
-683, -814, -131, 749, -275, -473, 546, 932, 936, -180, -102, -39, 
-683, -814, -131, 749, -275, -473, 546, 932, 941, -180, -102, -39, 
-683, -819, -136, 751, -273, -478, 546, 932, 946, -185, -102, -39, 
-683, -819, -136, 751, -273, -478, 546, 936, 951, -185, -102, -39, 
-683, -824, -141, 753, -270, -483, 546, 936, 951, -190, -112, -43, 
-683, -824, -141, 753, -270, -483, 546, 936, 951, -190, -112, -43, 
-683, -819, -136, 751, -273, -478, 546, 936, 946, -190, -112, -43, 
-683, -819, -136, 751, -273, -478, 546, 936, 946, -190, -112, -43, 
-683, -829, -146, 756, -268, -488, 546, 936, 941, -200, -112, -34, 
-683, -829, -146, 756, -268, -488, 546, 936, 941, -200, -112, -34, 
-683, -824, -141, 753, -270, -483, 546, 936, 936, -200, -112, -39, 
-683, -824, -141, 753, -270, -483, 546, 936, 932, -200, -112, -39, 
-673, -819, -146, 746, -263, -483, 556, 946, 932, -204, -112, -34, 
-673, -819, -146, 746, -263, -483, 556, 946, 932, -204, -112, -29, 
-673, -819, -146, 746, -263, -483, 556, 946, 932, -204, -112, -29, 
-673, -819, -146, 746, -263, -483, 556, 946, 936, -204, -112, -24, 
-683, -819, -136, 751, -273, -478, 546, 946, 936, -195, -112, -34, 
-683, -819, -136, 751, -273, -478, 546, 946, 932, -200, -112, -39, 
-683, -819, -136, 751, -273, -478, 546, 946, 932, -209, -117, -48, 
-683, -824, -141, 753, -270, -483, 546, 946, 936, -209, -122, -53, 
-678, -824, -146, 751, -265, -485, 551, 951, 936, -195, -112, -53, 
-673, -819, -146, 746, -263, -483, 556, 956, 927, -195, -112, -48, 
-668, -819, -151, 744, -258, -485, 561, 961, 927, -200, -112, -43, 
-663, -819, -156, 741, -253, -488, 566, 966, 927, -204, -112, -39, 
-663, -814, -151, 739, -256, -483, 566, 966, 936, -204, -112, -34, 
-663, -810, -146, 736, -258, -478, 566, 971, 936, -200, -112, -29, 
-658, -805, -146, 732, -256, -475, 566, 971, 936, -200, -107, -29, 
-658, -800, -141, 729, -258, -470, 570, 971, 936, -200, -107, -29, 
-663, -805, -141, 734, -261, -473, 570, 971, 927, -200, -117, -39, 
-668, -810, -141, 739, -263, -475, 566, 966, 927, -204, -117, -39, 
-678, -814, -136, 746, -270, -475, 566, 966, 927, -209, -122, -43, 
-683, -824, -141, 753, -270, -483, 566, 966, 922, -219, -122, -43, 
-688, -839, -151, 763, -268, -495, 566, 966, 917, -229, -126, -48, 
-692, -844, -151, 768, -270, -497, 566, 966, 917, -234, -126, -53, 
-697, -849, -151, 773, -273, -500, 566, 966, 912, -234, -126, -58, 
-702, -854, -151, 778, -275, -502, 566, 966, 907, -229, -122, -58, 
-683, -834, -151, 758, -265, -492, 570, 971, 907, -214, -112, -43, 
-673, -824, -151, 749, -261, -488, 575, 976, 912, -214, -117, -43, 
-663, -814, -151, 739, -256, -483, 580, 980, 917, -209, -117, -39, 
-653, -800, -146, 727, -253, -473, 585, 985, 922, -200, -117, -34, 
-653, -810, -156, 732, -248, -483, 585, 995, 922, -209, -117, -39, 
-649, -810, -161, 729, -244, -485, 585, 995, 922, -209, -117, -39, 
-649, -810, -161, 729, -244, -485, 580, 995, 922, -214, -117, -39, 
-653, -810, -156, 732, -248, -483, 580, 995, 922, -219, -117, -39, 
-668, -814, -146, 741, -261, -480, 570, 985, 907, -224, -126, -48, 
-668, -819, -151, 744, -258, -485, 570, 985, 907, -224, -126, -53, 
-673, -824, -151, 749, -261, -488, 570, 985, 907, -229, -126, -53, 
-678, -834, -156, 756, -261, -495, 566, 985, 907, -234, -126, -53, 
-692, -844, -151, 768, -270, -497, 556, 995, 897, -234, -131, -53, 
-692, -844, -151, 768, -270, -497, 556, 995, 897, -234, -131, -48, 
-692, -844, -151, 768, -270, -497, 556, 995, 897, -234, -131, -48, 
-692, -844, -151, 768, -270, -497, 556, 995, 897, -234, -131, -48, 
-702, -844, -141, 773, -280, -492, 551, 995, 888, -248, -136, -48, 
-702, -849, -146, 775, -278, -497, 551, 995, 888, -248, -136, -53, 
-702, -849, -146, 775, -278, -497, 551, 995, 888, -248, -136, -53, 
-702, -849, -146, 775, -278, -497, 551, 995, 883, -248, -136, -53, 
-712, -854, -141, 783, -285, -497, 546, 990, 873, -248, -141, -63, 
-712, -854, -141, 783, -285, -497, 546, 990, 873, -248, -146, -63, 
-712, -858, -146, 785, -283, -502, 546, 990, 873, -248, -151, -63, 
-717, -863, -146, 790, -285, -505, 546, 995, 873, -248, -156, -63, 
-727, -873, -146, 800, -290, -509, 536, 995, 873, -248, -156, -63, 
-727, -873, -146, 800, -290, -509, 536, 995, 873, -253, -151, -58, 
-722, -873, -151, 797, -285, -512, 536, 995, 873, -253, -146, -58, 
-722, -873, -151, 797, -285, -512, 531, 995, 873, -253, -136, -58, 
-712, -868, -156, 790, -278, -512, 522, 1005, 883, -244, -146, -48, 
-712, -863, -151, 788, -280, -507, 527, 1005, 883, -244, -146, -48, 
-712, -863, -151, 788, -280, -507, 531, 1005, 883, -244, -146, -48, 
-712, -858, -146, 785, -283, -502, 531, 1005, 878, -244, -146, -53, 
-707, -854, -146, 780, -280, -500, 531, 1005, 878, -244, -146, -53, 
-702, -854, -151, 778, -275, -502, 527, 1005, 873, -244, -146, -53, 
-697, -854, -156, 775, -270, -505, 527, 1005, 873, -244, -151, -53, 
-692, -854, -161, 773, -265, -507, 527, 1005, 873, -244, -151, -58, 
-697, -854, -156, 775, -270, -505, 522, 1015, 873, -253, -146, -58, 
-702, -854, -151, 778, -275, -502, 522, 1015, 873, -253, -146, -63, 
-707, -854, -146, 780, -280, -500, 522, 1015, 873, -263, -151, -63, 
-712, -854, -141, 783, -285, -497, 522, 1010, 873, -263, -151, -58, 
-712, -863, -151, 788, -280, -507, 512, 1010, 868, -258, -151, -58, 
-712, -863, -151, 788, -280, -507, 512, 1010, 868, -258, -151, -63, 
-712, -863, -151, 788, -280, -507, 512, 1010, 863, -258, -151, -63, 
-712, -863, -151, 788, -280, -507, 507, 1015, 863, -258, -151, -58, 
-712, -863, -151, 788, -280, -507, 497, 1015, 863, -248, -151, -58, 
-712, -863, -151, 788, -280, -507, 502, 1015, 863, -253, -151, -58, 
-712, -863, -151, 788, -280, -507, 502, 1015, 863, -253, -151, -58, 
-712, -863, -151, 788, -280, -507, 502, 1015, 863, -253, -151, -58, 
-712, -863, -151, 788, -280, -507, 502, 1024, 844, -273, -161, -68, 
-712, -854, -141, 783, -285, -497, 497, 1024, 854, -263, -151, -53, 
-702, -858, -156, 780, -273, -507, 497, 1034, 858, -253, -141, -53, 
-712, -858, -146, 785, -283, -502, 497, 1034, 858, -253, -146, -58, 
-702, -858, -156, 780, -273, -507, 488, 1034, 849, -253, -146, -48, 
-702, -858, -156, 780, -273, -507, 488, 1034, 849, -253, -146, -48, 
-702, -858, -156, 780, -273, -507, 488, 1034, 849, -253, -146, -48, 
-702, -858, -156, 780, -273, -507, 488, 1034, 849, -253, -146, -48, 
-702, -849, -146, 775, -278, -497, 497, 1034, 854, -253, -156, -48, 
-702, -849, -146, 775, -278, -497, 497, 1039, 854, -253, -156, -48, 
-702, -849, -146, 775, -278, -497, 497, 1039, 858, -258, -156, -48, 
-702, -849, -146, 775, -278, -497, 497, 1039, 858, -258, -151, -48, 
-697, -849, -151, 773, -273, -500, 497, 1039, 858, -258, -141, -48, 
-697, -839, -141, 768, -278, -490, 497, 1039, 858, -263, -141, -48, 
-697, -839, -141, 768, -278, -490, 492, 1039, 858, -263, -141, -48, 
-697, -839, -141, 768, -278, -490, 478, 1039, 858, -258, -141, -48, 
-697, -834, -136, 766, -280, -485, 488, 1039, 863, -248, -141, -39, 
-697, -829, -131, 763, -283, -480, 488, 1039, 863, -248, -141, -39, 
-692, -824, -131, 758, -280, -478, 483, 1039, 863, -248, -141, -34, 
-692, -819, -126, 756, -283, -473, 483, 1039, 863, -248, -136, -29, 
-688, -810, -122, 749, -283, -466, 473, 1049, 873, -239, -136, -24, 
-688, -810, -122, 749, -283, -466, 463, 1054, 873, -239, -136, -24, 
-688, -805, -117, 746, -285, -461, 463, 1054, 878, -239, -131, -24, 
-688, -800, -112, 744, -287, -456, 458, 1054, 888, -229, -131, -19, 
-683, -775, -92, 729, -295, -434, 439, 1039, 893, -234, -122, -9, 
-683, -766, -82, 724, -300, -424, 434, 1034, 897, -234, -122, -9, 
-683, -751, -68, 717, -307, -409, 429, 1024, 907, -224, -112, -4, 
-678, -751, -73, 714, -302, -412, 424, 1024, 907, -219, -112, -4, 
-678, -741, -63, 710, -307, -402, 409, 1019, 912, -204, -107, -4, 
-673, -732, -58, 702, -307, -395, 405, 1015, 917, -200, -102, -4, 
-673, -727, -53, 700, -309, -390, 395, 1015, 922, -200, -97, -4, 
-673, -722, -48, 697, -312, -385, 395, 1015, 927, -204, -92, -4, 
-663, -727, -63, 695, -300, -395, 405, 1024, 922, -204, -102, -4, 
-658, -732, -73, 695, -292, -402, 405, 1029, 932, -195, -102, 0, 
-653, -736, -82, 695, -285, -409, 409, 1039, 927, -195, -92, 4, 
-653, -746, -92, 700, -280, -419, 409, 1044, 927, -190, -87, 9, 
-653, -756, -102, 705, -275, -429, 409, 1049, 917, -204, -102, 9, 
-653, -756, -102, 705, -275, -429, 409, 1054, 912, -209, -102, 4, 
-649, -761, -112, 705, -268, -436, 405, 1054, 907, -214, -107, 0, 
-644, -761, -117, 702, -263, -439, 395, 1054, 907, -219, -112, -4, 
-634, -771, -136, 702, -248, -453, 385, 1054, 897, -219, -102, -4, 
-639, -771, -131, 705, -253, -451, 395, 1054, 893, -219, -102, -9, 
-639, -771, -131, 705, -253, -451, 400, 1058, 893, -219, -102, -14, 
-639, -775, -136, 707, -251, -456, 400, 1058, 888, -224, -107, -14, 
-649, -785, -136, 717, -256, -461, 409, 1058, 868, -229, -107, -4, 
-649, -785, -136, 717, -256, -461, 409, 1054, 863, -229, -112, 0, 
-644, -785, -141, 714, -251, -463, 409, 1054, 858, -239, -112, 0, 
-644, -785, -141, 714, -251, -463, 409, 1058, 854, -244, -117, 0, 
-644, -790, -146, 717, -248, -468, 400, 1058, 849, -248, -126, -14, 
-649, -790, -141, 719, -253, -466, 405, 1058, 844, -253, -136, -19, 
-649, -795, -146, 722, -251, -470, 405, 1058, 844, -253, -136, -19, 
-649, -790, -141, 719, -253, -466, 405, 1054, 839, -253, -136, -19, 
-649, -800, -151, 724, -248, -475, 405, 1049, 834, -253, -136, -19, 
-653, -800, -146, 727, -253, -473, 405, 1049, 829, -258, -141, -19, 
-658, -810, -151, 734, -253, -480, 409, 1054, 829, -263, -146, -19, 
-668, -810, -141, 739, -263, -475, 419, 1054, 824, -268, -146, -24, 
-678, -814, -136, 746, -270, -475, 434, 1058, 829, -263, -141, -29, 
-688, -824, -136, 756, -275, -480, 434, 1063, 829, -268, -146, -34, 
-697, -834, -136, 766, -280, -485, 439, 1068, 824, -268, -156, -34, 
-712, -834, -122, 773, -295, -478, 448, 1073, 824, -268, -156, -29, 
-712, -849, -136, 780, -287, -492, 453, 1073, 814, -283, -165, -34, 
-712, -849, -136, 780, -287, -492, 458, 1083, 814, -283, -165, -39, 
-722, -854, -131, 788, -295, -492, 463, 1083, 814, -283, -165, -48, 
-727, -858, -131, 793, -297, -495, 463, 1083, 805, -292, -165, -58, 
-717, -858, -141, 788, -287, -500, 463, 1093, 800, -302, -175, -63, 
-717, -863, -146, 790, -285, -505, 463, 1093, 795, -307, -180, -63, 
-717, -863, -146, 790, -285, -505, 468, 1093, 790, -312, -180, -63, 
-717, -868, -151, 793, -283, -509, 473, 1088, 790, -312, -180, -63, 
-722, -883, -161, 802, -280, -522, 473, 1088, 780, -312, -185, -68, 
-722, -883, -161, 802, -280, -522, 473, 1088, 785, -317, -185, -68, 
-727, -883, -156, 805, -285, -519, 468, 1088, 785, -317, -185, -68, 
-727, -883, -156, 805, -285, -519, 468, 1088, 780, -317, -185, -68, 
-732, -883, -151, 807, -290, -517, 473, 1093, 780, -307, -190, -78, 
-736, -883, -146, 810, -295, -514, 473, 1093, 780, -307, -190, -78, 
-736, -883, -146, 810, -295, -514, 473, 1093, 780, -307, -190, -78, 
-741, -883, -141, 812, -300, -512, 468, 1088, 780, -307, -190, -78, 
-732, -893, -161, 812, -285, -527, 468, 1098, 780, -312, -185, -68, 
-732, -888, -156, 810, -287, -522, 468, 1098, 780, -312, -185, -68, 
-732, -888, -156, 810, -287, -522, 468, 1098, 780, -317, -190, -68, 
-732, -888, -156, 810, -287, -522, 468, 1098, 780, -317, -190, -68, 
-746, -893, -146, 819, -300, -519, 478, 1098, 780, -317, -190, -68, 
-746, -893, -146, 819, -300, -519, 478, 1098, 780, -317, -190, -68, 
-746, -888, -141, 817, -302, -514, 478, 1098, 780, -317, -190, -68, 
-746, -888, -141, 817, -302, -514, 478, 1098, 780, -312, -190, -68, 
-736, -878, -141, 807, -297, -509, 478, 1098, 771, -312, -190, -58, 
-741, -878, -136, 810, -302, -507, 478, 1098, 775, -312, -190, -58, 
-741, -878, -136, 810, -302, -507, 478, 1098, 775, -312, -190, -58, 
-736, -878, -141, 807, -297, -509, 478, 1098, 775, -312, -190, -58, 
-736, -868, -131, 802, -302, -500, 468, 1102, 775, -317, -190, -68, 
-736, -868, -131, 802, -302, -500, 468, 1102, 775, -317, -185, -68, 
-741, -868, -126, 805, -307, -497, 468, 1107, 771, -312, -185, -68, 
-741, -868, -126, 805, -307, -497, 468, 1107, 771, -312, -195, -68, 
-736, -883, -146, 810, -295, -514, 483, 1122, 771, -317, -195, -87, 
-727, -893, -165, 810, -280, -529, 488, 1161, 780, -317, -200, -92, 
-727, -912, -185, 819, -270, -549, 492, 1200, 785, -317, -209, -92, 
-717, -922, -204, 819, -256, -563, 512, 1239, 795, -317, -224, -117, 
-697, -932, -234, 814, -231, -583, 527, 1263, 819, -307, -234, -136, 
-697, -917, -219, 807, -239, -568, 517, 1263, 863, -302, -224, -126, 
-697, -893, -195, 795, -251, -544, 507, 1239, 922, -258, -195, -97, 
-702, -819, -117, 761, -292, -468, 488, 1210, 1005, -204, -151, -58, 
-702, -727, -24, 714, -339, -375, 453, 1156, 1078, -131, -87, -4, 
-688, -634, 53, 661, -370, -290, 409, 1098, 1132, -48, -14, 48, 
-678, -522, 156, 600, -417, -183, 361, 1029, 1185, 53, 73, 136, 
-673, -370, 302, 522, -488, -34, 297, 936, 1224, 151, 219, 278, 
-668, -190, 478, 429, -573, 143, 204, 795, 1229, 244, 366, 429, 
-649, -34, 614, 341, -631, 290, 122, 663, 1205, 317, 483, 566, 
-619, 102, 722, 258, -671, 412, 43, 541, 1146, 385, 610, 707, 
-614, 204, 819, 204, -717, 512, -29, 424, 1058, 439, 727, 834, 
-600, 292, 893, 153, -746, 592, -82, 341, 956, 468, 824, 956, 
-570, 385, 956, 92, -763, 671, -146, 283, 849, 512, 927, 1058, 
-600, 478, 1078, 61, -839, 778, -185, 229, 732, 551, 1019, 1141, 
-683, 551, 1234, 65, -958, 893, -190, 185, 619, 595, 1083, 1210, 
-741, 600, 1342, 70, -1041, 971, -190, 161, 517, 624, 1112, 1229, 
-780, 566, 1346, 107, -1063, 956, -175, 165, 385, 566, 1044, 1171, 
-829, 366, 1195, 231, -1012, 780, -97, 253, 234, 351, 814, 961, 
-883, 14, 897, 434, -890, 456, 53, 429, 122, 68, 453, 639, 
-932, -322, 610, 627, -771, 143, 209, 600, 73, -195, 117, 346, 
-1000, -473, 527, 736, -763, 26, 317, 688, 53, -370, -97, 156, 
-1034, -536, 497, 785, -766, -19, 370, 712, 68, -439, -190, 58, 
-1015, -629, 385, 822, -700, -122, 414, 761, 102, -458, -224, 24, 
-990, -756, 234, 873, -612, -261, 478, 858, 146, -488, -253, 0, 
-985, -888, 97, 936, -541, -395, 531, 936, 190, -556, -302, -53, 
-966, -966, 0, 966, -483, -483, 561, 995, 263, -585, -341, -107, 
-932, -976, -43, 954, -444, -509, 561, 1029, 356, -541, -336, -117, 
-893, -956, -63, 924, -414, -509, 541, 1063, 444, -478, -292, -112, 
-863, -946, -82, 905, -390, -514, 536, 1078, 517, -434, -263, -112, 
-839, -932, -92, 885, -373, -512, 512, 1073, 575, -414, -248, -107, 
-805, -912, -107, 858, -348, -509, 488, 1078, 619, -395, -248, -107, 
-766, -902, -136, 834, -314, -519, 468, 1083, 658, -385, -234, -92, 
-756, -888, -131, 822, -312, -509, 458, 1102, 692, -366, -219, -82, 
-746, -888, -141, 817, -302, -514, 453, 1122, 746, -351, -214, -87, 
-741, -878, -136, 810, -302, -507, 448, 1137, 771, -341, -219, -82, 
-741, -873, -131, 807, -305, -502, 448, 1146, 766, -317, -209, -73, 
-751, -858, -107, 805, -322, -483, 458, 1137, 766, -312, -204, -78, 
-756, -854, -97, 805, -329, -475, 448, 1132, 766, -317, -209, -82, 
-746, -849, -102, 797, -322, -475, 439, 1122, 756, -317, -209, -73, 
-741, -849, -107, 795, -317, -478, 429, 1117, 751, -326, -200, -68, 
-736, -858, -122, 797, -307, -490, 429, 1117, 756, -336, -204, -73, 
-736, -858, -122, 797, -307, -490, 429, 1127, 766, -341, -209, -78, 
-732, -873, -141, 802, -295, -507, 434, 1132, 771, -341, -209, -78, 
-732, -868, -136, 800, -297, -502, 439, 1137, 771, -346, -214, -82, 
-732, -868, -136, 800, -297, -502, 439, 1141, 775, -346, -214, -82, 
-732, -868, -136, 800, -297, -502, 434, 1141, 775, -341, -214, -78, 
-727, -863, -136, 795, -295, -500, 434, 1137, 775, -341, -214, -78, 
-727, -868, -141, 797, -292, -505, 434, 1141, 771, -331, -219, -78, 
-727, -868, -141, 797, -292, -505, 429, 1141, 771, -331, -214, -78, 
-722, -858, -136, 790, -292, -497, 429, 1141, 771, -331, -204, -78, 
-722, -858, -136, 790, -292, -497, 424, 1141, 771, -331, -204, -78, 
-727, -854, -126, 790, -300, -490, 429, 1141, 771, -322, -209, -68, 
-727, -854, -126, 790, -300, -490, 429, 1141, 771, -322, -204, -73, 
-717, -854, -136, 785, -290, -495, 429, 1146, 771, -322, -200, -73, 
-727, -858, -131, 793, -297, -495, 429, 1146, 771, -322, -190, -68, 
-722, -858, -136, 790, -292, -497, 429, 1151, 780, -326, -195, -68, 
-722, -858, -136, 790, -292, -497, 429, 1151, 780, -331, -200, -68, 
-717, -849, -131, 783, -292, -490, 429, 1151, 775, -336, -204, -68, 
-717, -849, -131, 783, -292, -490, 429, 1146, 775, -336, -209, -63, 
-717, -834, -117, 775, -300, -475, 424, 1146, 775, -331, -200, -53, 
-717, -834, -117, 775, -300, -475, 424, 1146, 775, -326, -204, -58, 
-717, -839, -122, 778, -297, -480, 419, 1146, 775, -322, -204, -58, 
-712, -839, -126, 775, -292, -483, 419, 1146, 775, -312, -204, -58, 
-702, -839, -136, 771, -283, -488, 419, 1146, 775, -322, -195, -58, 
-702, -839, -136, 771, -283, -488, 414, 1146, 775, -326, -195, -58, 
-702, -834, -131, 768, -285, -483, 414, 1146, 775, -326, -195, -53, 
-702, -834, -131, 768, -285, -483, 419, 1146, 775, -326, -190, -53, 
-712, -824, -112, 768, -300, -468, 419, 1146, 775, -336, -200, -68, 
-712, -824, -112, 768, -300, -468, 409, 1146, 775, -336, -204, -73, 
-707, -814, -107, 761, -300, -461, 409, 1146, 775, -331, -209, -78, 
-707, -810, -102, 758, -302, -456, 409, 1146, 775, -331, -214, -82, 
-702, -814, -112, 758, -295, -463, 409, 1146, 766, -331, -209, -78, 
-702, -819, -117, 761, -292, -468, 405, 1146, 766, -326, -209, -73, 
-702, -824, -122, 763, -290, -473, 405, 1146, 766, -322, -204, -68, 
-702, -834, -131, 768, -285, -483, 405, 1146, 771, -312, -200, -58, 
-702, -844, -141, 773, -280, -492, 414, 1146, 780, -312, -190, -48, 
-702, -849, -146, 775, -278, -497, 414, 1146, 780, -312, -190, -48, 
-702, -849, -146, 775, -278, -497, 414, 1146, 780, -312, -190, -48, 
-702, -844, -141, 773, -280, -492, 414, 1146, 780, -312, -190, -43, 
-702, -834, -131, 768, -285, -483, 414, 1137, 771, -322, -200, -48, 
-697, -834, -136, 766, -280, -485, 414, 1137, 771, -322, -200, -58, 
-697, -829, -131, 763, -283, -480, 414, 1137, 771, -322, -200, -63, 
-697, -829, -131, 763, -283, -480, 414, 1132, 771, -322, -200, -68, 
-697, -819, -122, 758, -287, -470, 400, 1122, 761, -322, -209, -78, 
-697, -819, -122, 758, -287, -470, 400, 1122, 766, -317, -209, -78, 
-692, -819, -126, 756, -283, -473, 395, 1122, 766, -317, -209, -73, 
-692, -814, -122, 753, -285, -468, 395, 1122, 766, -322, -209, -73, 
-702, -814, -112, 758, -295, -463, 395, 1122, 775, -322, -209, -73, 
-702, -814, -112, 758, -295, -463, 395, 1122, 775, -317, -204, -68, 
-697, -814, -117, 756, -290, -466, 395, 1127, 775, -317, -204, -58, 
-697, -814, -117, 756, -290, -466, 395, 1127, 775, -312, -204, -53, 
-697, -824, -126, 761, -285, -475, 395, 1117, 771, -322, -195, -53, 
-697, -824, -126, 761, -285, -475, 395, 1117, 771, -322, -195, -53, 
-697, -824, -126, 761, -285, -475, 390, 1117, 775, -322, -195, -58, 
-692, -824, -131, 758, -280, -478, 390, 1117, 775, -322, -195, -58, 
-683, -810, -126, 746, -278, -468, 390, 1127, 771, -317, -204, -68, 
-688, -810, -122, 749, -283, -466, 390, 1127, 771, -317, -204, -68, 
-688, -810, -122, 749, -283, -466, 385, 1127, 771, -317, -204, -68, 
-683, -805, -122, 744, -280, -463, 385, 1127, 780, -312, -204, -68, 
-692, -810, -117, 751, -287, -463, 385, 1122, 780, -322, -204, -48, 
-692, -810, -117, 751, -287, -463, 385, 1122, 780, -317, -204, -48, 
-697, -810, -112, 753, -292, -461, 390, 1122, 785, -312, -195, -48, 
-697, -810, -112, 753, -292, -461, 390, 1122, 790, -312, -195, -48, 
-707, -810, -102, 758, -302, -456, 395, 1122, 780, -312, -200, -53, 
-697, -810, -112, 753, -292, -461, 390, 1117, 780, -312, -200, -53, 
-697, -810, -112, 753, -292, -461, 390, 1117, 780, -307, -195, -53, 
-702, -814, -112, 758, -295, -463, 390, 1117, 780, -307, -195, -53, 
-702, -805, -102, 753, -300, -453, 385, 1117, 780, -302, -195, -53, 
-702, -805, -102, 753, -300, -453, 385, 1117, 780, -302, -195, -48, 
-692, -795, -102, 744, -295, -448, 380, 1112, 780, -292, -195, -43, 
-692, -790, -97, 741, -297, -444, 380, 1112, 785, -287, -190, -43, 
-692, -790, -97, 741, -297, -444, 380, 1122, 795, -287, -195, -43, 
-692, -790, -97, 741, -297, -444, 380, 1117, 800, -287, -195, -39, 
-688, -785, -97, 736, -295, -441, 380, 1117, 800, -283, -190, -34, 
-688, -785, -97, 736, -295, -441, 380, 1117, 805, -278, -190, -34, 
-692, -795, -102, 744, -295, -448, 370, 1117, 805, -278, -190, -48, 
-688, -795, -107, 741, -290, -451, 370, 1117, 810, -278, -185, -53, 
-688, -790, -102, 739, -292, -446, 366, 1117, 810, -278, -180, -58, 
-683, -785, -102, 734, -290, -444, 366, 1117, 814, -273, -180, -63, 
-673, -790, -117, 732, -278, -453, 370, 1117, 805, -283, -190, -58, 
-678, -785, -107, 732, -285, -446, 370, 1112, 805, -273, -190, -48, 
-678, -775, -97, 727, -290, -436, 366, 1112, 805, -273, -185, -43, 
-673, -771, -97, 722, -287, -434, 361, 1112, 810, -273, -185, -39, 
-673, -761, -87, 717, -292, -424, 351, 1102, 814, -253, -180, -29, 
-673, -756, -82, 714, -295, -419, 351, 1102, 819, -253, -170, -24, 
-668, -751, -82, 710, -292, -417, 346, 1102, 824, -244, -161, -24, 
-668, -746, -78, 707, -295, -412, 346, 1102, 824, -239, -151, -14, 
-668, -746, -78, 707, -295, -412, 351, 1112, 834, -239, -136, -14, 
-668, -741, -73, 705, -297, -407, 346, 1112, 834, -234, -136, -9, 
-663, -736, -73, 700, -295, -405, 341, 1112, 834, -234, -131, -4, 
-663, -732, -68, 697, -297, -400, 341, 1112, 844, -234, -126, -4, 
-658, -717, -58, 688, -300, -387, 331, 1117, 839, -234, -131, -9, 
-658, -712, -53, 685, -302, -383, 331, 1112, 839, -224, -136, -9, 
-658, -707, -48, 683, -305, -378, 326, 1102, 844, -219, -131, -9, 
-658, -702, -43, 680, -307, -373, 326, 1102, 849, -219, -131, -9, 
-658, -697, -39, 678, -309, -368, 317, 1093, 854, -204, -126, -4, 
-658, -692, -34, 675, -312, -363, 312, 1083, 854, -204, -122, 0, 
-653, -688, -34, 671, -309, -361, 307, 1083, 854, -195, -122, 4, 
-653, -683, -29, 668, -312, -356, 307, 1083, 854, -190, -112, 9, 
-663, -688, -24, 675, -319, -356, 302, 1093, 854, -185, -97, 19, 
-653, -688, -34, 671, -309, -361, 302, 1083, 858, -180, -97, 24, 
-653, -683, -29, 668, -312, -356, 297, 1083, 858, -175, -92, 29, 
-653, -678, -24, 666, -314, -351, 297, 1078, 858, -170, -92, 29, 
-644, -678, -34, 661, -305, -356, 292, 1078, 858, -161, -87, 39, 
-644, -673, -29, 658, -307, -351, 292, 1073, 858, -161, -73, 48, 
-644, -668, -24, 656, -309, -346, 292, 1073, 854, -156, -68, 53, 
-649, -663, -14, 656, -317, -339, 287, 1073, 854, -151, -63, 58, 
-649, -653, -4, 651, -322, -329, 273, 1073, 854, -151, -63, 58, 
-644, -653, -9, 649, -317, -331, 268, 1063, 849, -151, -63, 58, 
-639, -653, -14, 646, -312, -334, 268, 1063, 849, -151, -68, 58, 
-629, -639, -9, 634, -309, -324, 268, 1068, 863, -146, -68, 58, 
-629, -634, -4, 631, -312, -319, 278, 1078, 863, -156, -68, 58, 
-629, -629, 0, 629, -314, -314, 278, 1063, 858, -156, -63, 58, 
-634, -629, 4, 631, -319, -312, 273, 1063, 849, -156, -63, 58, 
-634, -629, 4, 631, -319, -312, 273, 1063, 844, -156, -58, 58, 
-624, -624, 0, 624, -312, -312, 263, 1063, 834, -165, -58, 58, 
-624, -624, 0, 624, -312, -312, 263, 1063, 834, -165, -58, 68, 
-624, -624, 0, 624, -312, -312, 263, 1063, 834, -165, -58, 68, 
-629, -624, 4, 627, -317, -309, 263, 1063, 834, -161, -53, 78, 
-639, -624, 14, 631, -326, -305, 263, 1073, 844, -151, -53, 68, 
-639, -624, 14, 631, -326, -305, 263, 1073, 844, -161, -58, 68, 
-639, -624, 14, 631, -326, -305, 263, 1073, 839, -161, -58, 68, 
-639, -624, 14, 631, -326, -305, 263, 1073, 839, -161, -58, 68, 
-639, -619, 19, 629, -329, -300, 263, 1073, 819, -165, -73, 63, 
-639, -619, 19, 629, -329, -300, 268, 1073, 814, -165, -73, 58, 
-639, -619, 19, 629, -329, -300, 268, 1078, 814, -170, -73, 53, 
-644, -629, 14, 636, -329, -307, 268, 1078, 814, -175, -73, 43, 
-653, -634, 19, 644, -336, -307, 278, 1088, 795, -170, -78, 39, 
-658, -644, 14, 651, -336, -314, 278, 1088, 795, -185, -87, 29, 
-663, -653, 9, 658, -336, -322, 287, 1088, 790, -190, -92, 24, 
-663, -663, 0, 663, -331, -331, 287, 1088, 785, -200, -92, 19, 
-668, -678, -9, 673, -329, -344, 287, 1102, 780, -209, -112, 14, 
-673, -683, -9, 678, -331, -346, 292, 1102, 775, -214, -117, 9, 
-678, -688, -9, 683, -334, -348, 302, 1102, 771, -219, -131, 9, 
-683, -697, -14, 690, -334, -356, 307, 1112, 766, -229, -141, 4, 
-683, -702, -19, 692, -331, -361, 312, 1107, 751, -234, -146, 0, 
-688, -707, -19, 697, -334, -363, 312, 1107, 746, -244, -151, -9, 
-688, -717, -29, 702, -329, -373, 312, 1112, 736, -253, -156, -14, 
-688, -722, -34, 705, -326, -378, 317, 1117, 736, -253, -156, -19, 
-697, -727, -29, 712, -334, -378, 326, 1122, 741, -268, -165, -39, 
-697, -736, -39, 717, -329, -387, 331, 1127, 732, -278, -180, -39, 
-697, -741, -43, 719, -326, -392, 336, 1127, 722, -287, -200, -48, 
-692, -751, -58, 722, -317, -405, 341, 1132, 717, -287, -209, -53, 
-702, -756, -53, 729, -324, -405, 341, 1146, 712, -307, -209, -53, 
-707, -761, -53, 734, -326, -407, 341, 1146, 712, -312, -214, -48, 
-712, -766, -53, 739, -329, -409, 341, 1151, 707, -312, -209, -48, 
-712, -771, -58, 741, -326, -414, 346, 1156, 702, -312, -209, -48, 
-722, -790, -68, 756, -326, -429, 346, 1146, 697, -307, -204, -48, 
-722, -790, -68, 756, -326, -429, 356, 1151, 692, -317, -204, -48, 
-717, -790, -73, 753, -322, -431, 356, 1151, 688, -317, -204, -48, 
-717, -790, -73, 753, -322, -431, 356, 1156, 688, -322, -209, -48, 
-727, -790, -63, 758, -331, -427, 361, 1161, 688, -326, -219, -68, 
-727, -790, -63, 758, -331, -427, 366, 1166, 688, -326, -224, -78, 
-732, -790, -58, 761, -336, -424, 366, 1171, 678, -331, -234, -78, 
-732, -790, -58, 761, -336, -424, 366, 1176, 678, -331, -239, -78, 
-732, -780, -48, 756, -341, -414, 356, 1166, 668, -341, -244, -87, 
-732, -780, -48, 756, -341, -414, 351, 1166, 663, -341, -248, -92, 
-732, -785, -53, 758, -339, -419, 351, 1166, 663, -346, -253, -92, 
-732, -785, -53, 758, -339, -419, 356, 1171, 663, -346, -258, -97, 
-732, -795, -63, 763, -334, -429, 356, 1180, 653, -351, -253, -97, 
-736, -795, -58, 766, -339, -427, 356, 1180, 653, -346, -253, -102, 
-736, -795, -58, 766, -339, -427, 356, 1176, 653, -341, -253, -102, 
-736, -795, -58, 766, -339, -427, 356, 1176, 653, -336, -258, -102, 
-736, -805, -68, 771, -334, -436, 361, 1171, 639, -346, -253, -102, 
-736, -805, -68, 771, -334, -436, 361, 1171, 639, -351, -253, -102, 
-741, -805, -63, 773, -339, -434, 361, 1171, 639, -351, -253, -107, 
-741, -805, -63, 773, -339, -434, 356, 1171, 639, -351, -253, -107, 
-732, -790, -58, 761, -336, -424, 356, 1180, 629, -341, -253, -87, 
-732, -790, -58, 761, -336, -424, 356, 1180, 634, -341, -253, -82, 
-732, -790, -58, 761, -336, -424, 356, 1180, 634, -336, -248, -78, 
-732, -790, -58, 761, -336, -424, 361, 1180, 634, -336, -248, -68, 
-736, -795, -58, 766, -339, -427, 361, 1176, 639, -341, -258, -68, 
-736, -800, -63, 768, -336, -431, 356, 1176, 639, -341, -258, -68, 
-736, -805, -68, 771, -334, -436, 356, 1176, 639, -341, -253, -68, 
-741, -810, -68, 775, -336, -439, 356, 1176, 644, -341, -253, -68, 
-741, -805, -63, 773, -339, -434, 356, 1171, 644, -351, -258, -82, 
-741, -800, -58, 771, -341, -429, 356, 1171, 644, -351, -263, -92, 
-741, -795, -53, 768, -344, -424, 356, 1171, 644, -351, -263, -102, 
-741, -790, -48, 766, -346, -419, 356, 1171, 644, -351, -263, -112, 
-736, -780, -43, 758, -346, -412, 346, 1180, 644, -341, -263, -102, 
-736, -780, -43, 758, -346, -412, 346, 1180, 644, -341, -263, -107, 
-736, -780, -43, 758, -346, -412, 351, 1180, 644, -341, -258, -107, 
-736, -780, -43, 758, -346, -412, 351, 1180, 644, -336, -258, -107, 
-736, -780, -43, 758, -346, -412, 351, 1190, 644, -336, -258, -97, 
-736, -780, -43, 758, -346, -412, 351, 1190, 644, -336, -258, -92, 
-736, -780, -43, 758, -346, -412, 346, 1190, 649, -336, -263, -92, 
-736, -780, -43, 758, -346, -412, 341, 1190, 649, -336, -263, -87, 
-746, -790, -43, 768, -351, -417, 351, 1190, 649, -336, -253, -97, 
-746, -790, -43, 768, -351, -417, 351, 1190, 649, -336, -253, -102, 
-746, -790, -43, 768, -351, -417, 351, 1190, 649, -336, -253, -102, 
-746, -790, -43, 768, -351, -417, 351, 1190, 649, -336, -248, -102, 
-741, -795, -53, 768, -344, -424, 361, 1190, 649, -346, -253, -102, 
-741, -795, -53, 768, -344, -424, 361, 1190, 649, -346, -258, -97, 
-741, -795, -53, 768, -344, -424, 356, 1190, 649, -341, -263, -97, 
-741, -795, -53, 768, -344, -424, 356, 1190, 649, -341, -268, -92, 
-732, -795, -63, 763, -334, -429, 346, 1200, 644, -341, -258, -92, 
-732, -790, -58, 761, -336, -424, 346, 1195, 644, -341, -258, -87, 
-732, -790, -58, 761, -336, -424, 346, 1195, 644, -341, -258, -87, 
-736, -790, -53, 763, -341, -422, 346, 1195, 644, -341, -258, -87, 
-746, -790, -43, 768, -351, -417, 346, 1205, 644, -326, -248, -87, 
-741, -785, -43, 763, -348, -414, 346, 1205, 644, -326, -248, -92, 
-736, -785, -48, 761, -344, -417, 346, 1200, 644, -322, -248, -92, 
-736, -785, -48, 761, -344, -417, 346, 1200, 644, -322, -248, -92, 
-727, -780, -53, 753, -336, -417, 336, 1195, 644, -336, -253, -102, 
-732, -780, -48, 756, -341, -414, 326, 1195, 644, -336, -258, -102, 
-732, -775, -43, 753, -344, -409, 326, 1195, 644, -336, -263, -102, 
-732, -771, -39, 751, -346, -405, 331, 1195, 644, -336, -278, -97, 
-732, -771, -39, 751, -346, -405, 331, 1205, 634, -346, -268, -97, 
-732, -771, -39, 751, -346, -405, 331, 1205, 634, -346, -263, -97, 
-732, -771, -39, 751, -346, -405, 326, 1205, 634, -346, -263, -102, 
-732, -771, -39, 751, -346, -405, 326, 1205, 634, -346, -268, -102, 
-741, -780, -39, 761, -351, -409, 326, 1205, 639, -341, -268, -107, 
-741, -780, -39, 761, -351, -409, 326, 1205, 639, -341, -263, -107, 
-741, -780, -39, 761, -351, -409, 326, 1205, 639, -346, -263, -107, 
-736, -780, -43, 758, -346, -412, 326, 1205, 639, -346, -263, -107, 
-727, -766, -39, 746, -344, -402, 317, 1205, 629, -346, -263, -102, 
-732, -766, -34, 749, -348, -400, 317, 1205, 629, -346, -263, -97, 
-732, -766, -34, 749, -348, -400, 317, 1205, 624, -346, -263, -92, 
-727, -766, -39, 746, -344, -402, 317, 1200, 624, -346, -268, -92, 
-736, -771, -34, 753, -351, -402, 326, 1210, 634, -336, -258, -102, 
-741, -775, -34, 758, -353, -405, 331, 1210, 634, -336, -253, -102, 
-741, -780, -39, 761, -351, -409, 331, 1210, 629, -341, -253, -102, 
-741, -790, -48, 766, -346, -419, 331, 1205, 629, -341, -253, -102, 
-732, -780, -48, 756, -341, -414, 331, 1215, 629, -341, -263, -102, 
-732, -785, -53, 758, -339, -419, 331, 1215, 619, -346, -263, -107, 
-732, -790, -58, 761, -336, -424, 331, 1215, 610, -351, -263, -112, 
-736, -790, -53, 763, -341, -422, 331, 1215, 610, -356, -268, -112, 
-727, -780, -53, 753, -336, -417, 322, 1215, 610, -356, -268, -102, 
-727, -780, -53, 753, -336, -417, 322, 1215, 605, -356, -268, -102, 
-727, -780, -53, 753, -336, -417, 322, 1215, 605, -351, -268, -102, 
-727, -780, -53, 753, -336, -417, 322, 1215, 605, -351, -268, -102, 
-732, -780, -48, 756, -341, -414, 331, 1215, 605, -351, -268, -107, 
-732, -780, -48, 756, -341, -414, 331, 1215, 600, -351, -268, -107, 
-736, -785, -48, 761, -344, -417, 331, 1215, 600, -351, -268, -112, 
-741, -785, -43, 763, -348, -414, 326, 1215, 600, -351, -273, -112, 
-732, -775, -43, 753, -344, -409, 322, 1215, 600, -356, -283, -122, 
-727, -775, -48, 751, -339, -412, 322, 1220, 600, -356, -287, -122, 
-727, -775, -48, 751, -339, -412, 317, 1220, 595, -361, -287, -126, 
-732, -775, -43, 753, -344, -409, 312, 1215, 595, -361, -287, -126, 
-722, -775, -53, 749, -334, -414, 312, 1215, 585, -370, -292, -112, 
-722, -775, -53, 749, -334, -414, 312, 1215, 585, -370, -292, -112, 
-722, -780, -58, 751, -331, -419, 312, 1215, 585, -366, -292, -112, 
-722, -780, -58, 751, -331, -419, 312, 1215, 585, -366, -287, -107, 
-732, -775, -43, 753, -344, -409, 322, 1224, 580, -356, -278, -97, 
-732, -775, -43, 753, -344, -409, 322, 1224, 580, -356, -278, -97, 
-732, -780, -48, 756, -341, -414, 322, 1224, 580, -361, -278, -97, 
-732, -780, -48, 756, -341, -414, 322, 1229, 580, -361, -278, -97, 
-741, -795, -53, 768, -344, -424, 322, 1229, 580, -375, -287, -117, 
-741, -795, -53, 768, -344, -424, 322, 1229, 580, -375, -287, -122, 
-741, -790, -48, 766, -346, -419, 322, 1229, 575, -375, -287, -126, 
-741, -790, -48, 766, -346, -419, 322, 1229, 575, -375, -287, -131, 
-732, -780, -48, 756, -341, -414, 322, 1239, 580, -366, -287, -126, 
-732, -780, -48, 756, -341, -414, 322, 1239, 580, -366, -287, -122, 
-732, -775, -43, 753, -344, -409, 322, 1239, 575, -366, -287, -122, 
-732, -775, -43, 753, -344, -409, 322, 1239, 570, -366, -287, -117, 
-732, -790, -58, 761, -336, -424, 322, 1239, 580, -361, -287, -122, 
-732, -790, -58, 761, -336, -424, 322, 1239, 580, -361, -287, -117, 
-732, -790, -58, 761, -336, -424, 322, 1239, 580, -361, -287, -117, 
-732, -790, -58, 761, -336, -424, 322, 1239, 585, -361, -287, -112, 
-741, -790, -48, 766, -346, -419, 322, 1249, 575, -361, -287, -102, 
-741, -790, -48, 766, -346, -419, 322, 1249, 570, -366, -287, -107, 
-741, -790, -48, 766, -346, -419, 322, 1249, 570, -375, -292, -117, 
-741, -795, -53, 768, -344, -424, 322, 1249, 575, -375, -297, -122, 
-741, -795, -53, 768, -344, -424, 322, 1249, 566, -370, -297, -126, 
-741, -790, -48, 766, -346, -419, 322, 1249, 556, -370, -297, -126, 
-741, -790, -48, 766, -346, -419, 322, 1249, 556, -375, -297, -126, 
-741, -790, -48, 766, -346, -419, 322, 1249, 556, -380, -297, -126, 
-741, -780, -39, 761, -351, -409, 312, 1239, 566, -380, -307, -131, 
-741, -780, -39, 761, -351, -409, 312, 1244, 566, -375, -307, -126, 
-736, -780, -43, 758, -346, -412, 312, 1244, 566, -375, -302, -126, 
-736, -780, -43, 758, -346, -412, 317, 1244, 566, -375, -302, -126, 
-746, -780, -34, 763, -356, -407, 317, 1249, 566, -370, -292, -126, 
-746, -780, -34, 763, -356, -407, 312, 1249, 566, -370, -292, -126, 
-751, -780, -29, 766, -361, -405, 312, 1254, 566, -370, -297, -131, 
-751, -785, -34, 768, -358, -409, 312, 1259, 561, -375, -297, -131, 
-741, -785, -43, 763, -348, -414, 312, 1249, 561, -366, -292, -131, 
-741, -785, -43, 763, -348, -414, 312, 1249, 566, -370, -292, -131, 
-741, -785, -43, 763, -348, -414, 312, 1249, 566, -370, -292, -131, 
-741, -785, -43, 763, -348, -414, 312, 1249, 566, -366, -287, -126, 
-751, -785, -34, 768, -358, -409, 312, 1259, 551, -375, -297, -126, 
-751, -785, -34, 768, -358, -409, 312, 1259, 551, -380, -302, -131, 
-751, -785, -34, 768, -358, -409, 312, 1259, 551, -380, -302, -131, 
-751, -780, -29, 766, -361, -405, 312, 1259, 551, -375, -302, -131, 
-741, -780, -39, 761, -351, -409, 312, 1259, 551, -366, -302, -136, 
-736, -780, -43, 758, -346, -412, 312, 1259, 551, -366, -302, -136, 
-736, -780, -43, 758, -346, -412, 307, 1259, 551, -370, -302, -136, 
-741, -780, -39, 761, -351, -409, 307, 1259, 551, -375, -302, -136, 
-751, -780, -29, 766, -361, -405, 307, 1259, 546, -375, -292, -136, 
-746, -780, -34, 763, -356, -407, 307, 1259, 546, -370, -292, -141, 
-746, -780, -34, 763, -356, -407, 307, 1259, 546, -370, -292, -141, 
-746, -785, -39, 766, -353, -412, 302, 1259, 546, -370, -292, -141, 
-741, -775, -34, 758, -353, -405, 292, 1259, 536, -380, -307, -141, 
-741, -775, -34, 758, -353, -405, 292, 1259, 536, -380, -307, -136, 
-741, -775, -34, 758, -353, -405, 292, 1259, 536, -380, -307, -136, 
-741, -775, -34, 758, -353, -405, 292, 1259, 536, -380, -307, -136, 
-751, -785, -34, 768, -358, -409, 307, 1268, 546, -375, -302, -131, 
-751, -790, -39, 771, -356, -414, 307, 1268, 546, -375, -302, -131, 
-751, -790, -39, 771, -356, -414, 307, 1268, 546, -375, -302, -126, 
-751, -790, -39, 771, -356, -414, 307, 1268, 541, -375, -302, -122, 
-741, -780, -39, 761, -351, -409, 292, 1263, 531, -375, -302, -126, 
-741, -775, -34, 758, -353, -405, 292, 1263, 531, -375, -302, -131, 
-741, -775, -34, 758, -353, -405, 292, 1263, 531, -375, -302, -136, 
-746, -775, -29, 761, -358, -402, 292, 1268, 531, -375, -302, -141, 
-746, -775, -29, 761, -358, -402, 292, 1268, 531, -375, -317, -141, 
-746, -775, -29, 761, -358, -402, 292, 1268, 531, -380, -317, -136, 
-741, -775, -34, 758, -353, -405, 292, 1268, 531, -380, -317, -136, 
-741, -775, -34, 758, -353, -405, 287, 1268, 531, -380, -312, -136, 
-746, -785, -39, 766, -353, -412, 287, 1268, 541, -390, -322, -146, 
-751, -785, -34, 768, -358, -409, 292, 1268, 541, -390, -322, -146, 
-756, -790, -34, 773, -361, -412, 297, 1268, 541, -390, -322, -146, 
-761, -790, -29, 775, -366, -409, 297, 1268, 536, -390, -322, -151, 
-751, -785, -34, 768, -358, -409, 297, 1268, 536, -380, -312, -141, 
-751, -785, -34, 768, -358, -409, 292, 1268, 531, -380, -312, -141, 
-751, -785, -34, 768, -358, -409, 292, 1268, 531, -380, -317, -141, 
-751, -785, -34, 768, -358, -409, 292, 1268, 531, -380, -317, -146, 
-751, -785, -34, 768, -358, -409, 287, 1268, 522, -380, -322, -146, 
-751, -785, -34, 768, -358, -409, 287, 1268, 522, -380, -322, -151, 
-751, -785, -34, 768, -358, -409, 287, 1268, 522, -390, -326, -151, 
-751, -785, -34, 768, -358, -409, 287, 1263, 522, -390, -326, -146, 
-751, -785, -34, 768, -358, -409, 287, 1263, 527, -395, -326, -146, 
-751, -785, -34, 768, -358, -409, 287, 1263, 527, -395, -326, -151, 
-751, -785, -34, 768, -358, -409, 287, 1263, 522, -395, -326, -151, 
-751, -785, -34, 768, -358, -409, 283, 1268, 522, -395, -326, -146, 
-751, -785, -34, 768, -358, -409, 283, 1268, 512, -395, -317, -136, 
-751, -785, -34, 768, -358, -409, 287, 1268, 512, -400, -317, -136, 
-751, -785, -34, 768, -358, -409, 287, 1268, 512, -400, -317, -136, 
-751, -785, -34, 768, -358, -409, 287, 1268, 512, -400, -317, -136, 
-761, -785, -24, 773, -368, -405, 287, 1268, 512, -395, -326, -141, 
-761, -785, -24, 773, -368, -405, 283, 1268, 512, -390, -326, -141, 
-761, -790, -29, 775, -366, -409, 283, 1268, 517, -385, -326, -146, 
-761, -790, -29, 775, -366, -409, 283, 1268, 517, -380, -326, -151, 
-751, -775, -24, 763, -363, -400, 283, 1288, 517, -390, -322, -156, 
-761, -780, -19, 771, -370, -400, 283, 1278, 517, -400, -331, -156, 
-761, -780, -19, 771, -370, -400, 283, 1278, 517, -400, -331, -146, 
-761, -780, -19, 771, -370, -400, 283, 1278, 517, -400, -331, -146, 
-761, -780, -19, 771, -370, -400, 283, 1278, 517, -400, -331, -146, 
-761, -780, -19, 771, -370, -400, 283, 1278, 517, -400, -331, -146, 
-751, -780, -29, 766, -361, -405, 283, 1278, 507, -400, -331, -146, 
-751, -780, -29, 766, -361, -405, 283, 1278, 507, -400, -331, -146, 
-751, -780, -29, 766, -361, -405, 283, 1278, 507, -400, -331, -146, 
-751, -780, -29, 766, -361, -405, 283, 1278, 507, -400, -331, -146, 
-761, -780, -19, 771, -370, -400, 273, 1278, 507, -400, -331, -151, 
-761, -780, -19, 771, -370, -400, 273, 1278, 507, -400, -331, -156, 
-761, -780, -19, 771, -370, -400, 273, 1278, 507, -400, -331, -161, 
-761, -780, -19, 771, -370, -400, 273, 1278, 507, -400, -331, -165, 
-751, -780, -29, 766, -361, -405, 273, 1278, 507, -400, -331, -156, 
-751, -780, -29, 766, -361, -405, 273, 1278, 507, -400, -331, -156, 
-751, -780, -29, 766, -361, -405, 273, 1278, 507, -400, -331, -156, 
-751, -780, -29, 766, -361, -405, 273, 1278, 507, -400, -331, -156, 
-761, -780, -19, 771, -370, -400, 273, 1288, 507, -409, -331, -156, 
-761, -780, -19, 771, -370, -400, 273, 1288, 507, -409, -331, -156, 
-761, -780, -19, 771, -370, -400, 273, 1288, 507, -409, -331, -156, 
-761, -780, -19, 771, -370, -400, 273, 1288, 507, -409, -331, -156, 
-761, -771, -9, 766, -375, -390, 263, 1278, 497, -409, -331, -165, 
-761, -771, -9, 766, -375, -390, 263, 1278, 497, -409, -331, -165, 
-761, -771, -9, 766, -375, -390, 263, 1278, 497, -409, -331, -165, 
-761, -771, -9, 766, -375, -390, 263, 1278, 497, -409, -331, -165, 
-761, -771, -9, 766, -375, -390, 263, 1288, 497, -409, -331, -156, 
-761, -771, -9, 766, -375, -390, 263, 1288, 492, -409, -331, -156, 
-761, -771, -9, 766, -375, -390, 263, 1293, 492, -409, -331, -156, 
-761, -771, -9, 766, -375, -390, 263, 1293, 497, -414, -331, -156, 
-761, -771, -9, 766, -375, -390, 263, 1293, 497, -414, -326, -156, 
-756, -771, -14, 763, -370, -392, 268, 1293, 497, -414, -326, -156, 
-756, -761, -4, 758, -375, -383, 273, 1293, 497, -419, -326, -156, 
-756, -761, -4, 758, -375, -383, 273, 1293, 497, -419, -326, -156, 
-766, -771, -4, 768, -380, -387, 263, 1293, 497, -405, -336, -146, 
-766, -766, 0, 766, -383, -383, 263, 1293, 502, -405, -336, -146, 
-766, -761, 4, 763, -385, -378, 263, 1293, 502, -405, -336, -146, 
-761, -756, 4, 758, -383, -375, 258, 1293, 502, -405, -336, -141, 
-761, -746, 14, 753, -387, -366, 248, 1283, 502, -414, -322, -141, 
-756, -741, 14, 749, -385, -363, 248, 1283, 502, -405, -322, -141, 
-756, -736, 19, 746, -387, -358, 239, 1288, 502, -405, -322, -146, 
-756, -727, 29, 741, -392, -348, 239, 1288, 507, -405, -317, -151, 
-751, -722, 29, 736, -390, -346, 224, 1288, 507, -405, -326, -146, 
-741, -707, 34, 724, -387, -336, 214, 1273, 512, -400, -317, -136, 
-736, -697, 39, 717, -387, -329, 209, 1268, 517, -400, -317, -136, 
-732, -683, 48, 707, -390, -317, 204, 1259, 527, -390, -307, -131, 
-732, -683, 48, 707, -390, -317, 200, 1249, 531, -385, -297, -122, 
-736, -673, 63, 705, -400, -305, 195, 1244, 541, -380, -297, -122, 
-736, -663, 73, 700, -405, -295, 190, 1239, 551, -375, -297, -122, 
-741, -658, 82, 700, -412, -287, 180, 1239, 561, -375, -297, -122, 
-751, -653, 97, 702, -424, -278, 180, 1249, 561, -370, -297, -131, 
-741, -653, 87, 697, -414, -283, 180, 1249, 556, -370, -297, -131, 
-736, -653, 82, 695, -409, -285, 180, 1254, 566, -361, -297, -126, 
-732, -653, 78, 692, -405, -287, 185, 1263, 561, -361, -287, -122, 
-732, -673, 58, 702, -395, -307, 195, 1278, 556, -366, -292, -117, 
-722, -678, 43, 700, -383, -317, 195, 1278, 556, -366, -292, -112, 
-722, -683, 39, 702, -380, -322, 195, 1278, 551, -366, -287, -112, 
-717, -692, 24, 705, -370, -334, 190, 1273, 546, -366, -287, -112, 
-702, -692, 9, 697, -356, -341, 190, 1278, 546, -366, -278, -107, 
-702, -692, 9, 697, -356, -341, 180, 1278, 536, -366, -278, -102, 
-707, -692, 14, 700, -361, -339, 190, 1278, 531, -366, -278, -102, 
-707, -692, 14, 700, -361, -339, 195, 1283, 531, -366, -278, -102, 
-712, -707, 4, 710, -358, -351, 195, 1283, 527, -370, -292, -117, 
-717, -707, 9, 712, -363, -348, 195, 1283, 517, -375, -292, -122, 
-722, -707, 14, 714, -368, -346, 195, 1278, 512, -375, -297, -122, 
-722, -707, 14, 714, -368, -346, 195, 1278, 507, -385, -297, -126, 
-712, -697, 14, 705, -363, -341, 195, 1273, 492, -390, -302, -126, 
-712, -707, 4, 710, -358, -351, 195, 1273, 488, -395, -302, -131, 
-717, -712, 4, 714, -361, -353, 200, 1273, 483, -400, -312, -136, 
-717, -722, -4, 719, -356, -363, 200, 1273, 483, -400, -312, -136, 
-727, -712, 14, 719, -370, -348, 200, 1268, 488, -400, -312, -136, 
-727, -712, 14, 719, -370, -348, 200, 1263, 483, -400, -312, -136, 
-732, -712, 19, 722, -375, -346, 200, 1263, 478, -405, -317, -136, 
-736, -722, 14, 729, -375, -353, 204, 1268, 478, -409, -322, -136, 
-746, -732, 14, 739, -380, -358, 214, 1278, 473, -414, -322, -131, 
-751, -736, 14, 744, -383, -361, 219, 1278, 468, -419, -326, -141, 
-756, -746, 9, 751, -383, -368, 219, 1278, 468, -424, -331, -151, 
-761, -756, 4, 758, -383, -375, 224, 1278, 463, -424, -341, -156, 
-771, -756, 14, 763, -392, -370, 224, 1278, 453, -424, -341, -165, 
-771, -761, 9, 766, -390, -375, 229, 1278, 453, -429, -341, -165, 
-771, -761, 9, 766, -390, -375, 234, 1288, 453, -429, -341, -165, 
-780, -766, 14, 773, -397, -375, 239, 1288, 453, -429, -341, -170, 
-775, -761, 14, 768, -395, -373, 229, 1288, 444, -448, -351, -185, 
-775, -771, 4, 773, -390, -383, 229, 1298, 439, -448, -361, -190, 
-775, -775, 0, 775, -387, -387, 229, 1298, 434, -453, -366, -190, 
-775, -775, 0, 775, -387, -387, 234, 1298, 429, -458, -366, -190, 
-785, -780, 4, 783, -395, -387, 248, 1302, 429, -458, -366, -180, 
-790, -785, 4, 788, -397, -390, 248, 1302, 429, -458, -370, -185, 
-790, -785, 4, 788, -397, -390, 248, 1302, 434, -463, -370, -185, 
-795, -785, 9, 790, -402, -387, 244, 1302, 434, -463, -370, -185, 
-795, -785, 9, 790, -402, -387, 234, 1293, 429, -463, -370, -195, 
-795, -785, 9, 790, -402, -387, 239, 1298, 429, -463, -375, -195, 
-795, -785, 9, 790, -402, -387, 239, 1298, 429, -463, -375, -195, 
-790, -785, 4, 788, -397, -390, 239, 1298, 429, -463, -375, -195, 
-790, -795, -4, 793, -392, -400, 234, 1293, 439, -463, -366, -185, 
-790, -795, -4, 793, -392, -400, 234, 1293, 439, -458, -361, -185, 
-790, -790, 0, 790, -395, -395, 234, 1293, 439, -458, -361, -185, 
-790, -790, 0, 790, -395, -395, 234, 1293, 439, -463, -366, -185, 
-790, -790, 0, 790, -395, -395, 234, 1302, 439, -453, -375, -195, 
-795, -795, 0, 795, -397, -397, 234, 1302, 439, -453, -375, -195, 
-795, -795, 0, 795, -397, -397, 234, 1302, 439, -453, -375, -195, 
-795, -790, 4, 793, -400, -392, 234, 1302, 439, -453, -375, -195, 
-795, -780, 14, 788, -405, -383, 234, 1293, 429, -458, -375, -195, 
-795, -780, 14, 788, -405, -383, 234, 1293, 429, -458, -375, -195, 
-800, -780, 19, 790, -409, -380, 234, 1293, 434, -458, -375, -195, 
-800, -780, 19, 790, -409, -380, 234, 1293, 434, -458, -375, -195, 
-785, -780, 4, 783, -395, -387, 234, 1302, 434, -458, -375, -185, 
-785, -780, 4, 783, -395, -387, 234, 1298, 434, -463, -375, -185, 
-785, -780, 4, 783, -395, -387, 234, 1298, 434, -463, -370, -185, 
-790, -780, 9, 785, -400, -385, 234, 1302, 429, -458, -370, -185, 
-790, -780, 9, 785, -400, -385, 244, 1312, 439, -448, -370, -185, 
-785, -785, 0, 785, -392, -392, 239, 1327, 439, -453, -380, -185, 
-766, -795, -29, 780, -368, -412, 244, 1346, 439, -453, -385, -200, 
-756, -824, -68, 790, -344, -446, 268, 1395, 444, -463, -385, -219, 
-746, -834, -87, 790, -329, -461, 278, 1424, 463, -463, -400, -234, 
-746, -824, -78, 785, -334, -451, 273, 1429, 497, -444, -390, -234, 
-746, -800, -53, 773, -346, -427, 263, 1429, 541, -400, -380, -244, 
-766, -756, 9, 761, -387, -373, 253, 1395, 610, -356, -370, -234, 
-771, -683, 87, 727, -429, -297, 224, 1356, 692, -283, -317, -195, 
-761, -580, 180, 671, -470, -200, 190, 1312, 775, -209, -244, -131, 
-746, -478, 268, 612, -507, -104, 146, 1254, 829, -126, -151, -29, 
-727, -336, 390, 531, -558, 26, 78, 1185, 873, -34, -34, 97, 
-702, -156, 546, 429, -624, 195, -14, 1063, 922, 82, 122, 239, 
-697, 4, 702, 346, -700, 353, -97, 932, 936, 185, 268, 390, 
-688, 151, 839, 268, -763, 495, -180, 800, 912, 268, 405, 527, 
-668, 268, 936, 200, -802, 602, -268, 678, 844, 336, 522, 649, 
-644, 351, 995, 146, -819, 673, -331, 600, 736, 361, 610, 756, 
-629, 419, 1049, 104, -839, 734, -385, 546, 634, 390, 688, 858, 
-649, 512, 1161, 68, -905, 836, -409, 497, 546, 434, 771, 941, 
-717, 605, 1322, 56, -1019, 963, -419, 453, 448, 453, 834, 1005, 
-780, 658, 1439, 61, -1110, 1049, -424, 419, 317, 448, 858, 1034, 
-810, 668, 1478, 70, -1144, 1073, -424, 405, 165, 429, 849, 1024, 
-858, 575, 1434, 141, -1146, 1005, -380, 429, 24, 331, 732, 917, 
-927, 326, 1254, 300, -1090, 790, -263, 536, -97, 97, 444, 658, 
-971, 4, 976, 483, -973, 490, -112, 692, -190, -185, 92, 336, 
-1010, -204, 805, 607, -907, 300, -4, 805, -239, -390, -185, 102, 
-1068, -268, 800, 668, -934, 265, 43, 854, -248, -497, -312, -9, 
-1083, -331, 751, 707, -917, 209, 87, 878, -244, -536, -366, -58, 
-1073, -453, 619, 763, -846, 82, 131, 946, -219, -556, -390, -112, 
-1058, -600, 458, 829, -758, -70, 195, 1034, -185, -585, -429, -146, 
-1044, -732, 312, 888, -678, -209, 268, 1122, -131, -634, -478, -190, 
-1024, -819, 204, 922, -614, -307, 317, 1180, -78, -683, -517, -234, 
-990, -839, 151, 915, -570, -344, 317, 1215, -4, -668, -512, -234, 
-961, -829, 131, 895, -546, -348, 297, 1220, 73, -624, -488, -219, 
-922, -839, 82, 880, -502, -378, 283, 1234, 146, -600, -468, -219, 
-888, -834, 53, 861, -470, -390, 268, 1229, 214, -580, -453, -224, 
-863, -814, 48, 839, -456, -383, 253, 1244, 278, -551, -444, -224, 
-834, -814, 19, 824, -427, -397, 224, 1268, 336, -531, -429, -219, 
-824, -810, 14, 817, -419, -397, 214, 1288, 380, -512, -424, -219, 
-805, -790, 14, 797, -409, -387, 209, 1298, 414, -497, -419, -214, 
-800, -780, 19, 790, -409, -380, 204, 1302, 429, -478, -414, -209, 
-800, -766, 34, 783, -417, -366, 195, 1302, 444, -453, -395, -190, 
-800, -751, 48, 775, -424, -351, 195, 1293, 434, -439, -370, -175, 
-795, -746, 48, 771, -422, -348, 195, 1278, 424, -453, -375, -180, 
-805, -741, 63, 773, -434, -339, 185, 1278, 424, -463, -375, -170, 
-800, -751, 48, 775, -424, -351, 185, 1283, 439, -463, -375, -165, 
-795, -761, 34, 778, -414, -363, 185, 1283, 444, -473, -380, -170, 
-795, -761, 34, 778, -414, -363, 185, 1293, 453, -478, -385, -175, 
-790, -775, 14, 783, -402, -380, 190, 1298, 458, -478, -385, -175, 
-790, -780, 9, 785, -400, -385, 195, 1302, 458, -463, -400, -195, 
-790, -780, 9, 785, -400, -385, 195, 1307, 463, -463, -400, -200, 
-790, -780, 9, 785, -400, -385, 190, 1307, 463, -458, -400, -200, 
-785, -775, 9, 780, -397, -383, 190, 1302, 463, -458, -400, -204, 
-785, -761, 24, 773, -405, -368, 190, 1288, 463, -458, -395, -200, 
-785, -761, 24, 773, -405, -368, 185, 1288, 458, -458, -390, -195, 
-780, -751, 29, 766, -405, -361, 185, 1288, 453, -458, -380, -190, 
-780, -751, 29, 766, -405, -361, 180, 1288, 448, -458, -380, -185, 
-785, -766, 19, 775, -402, -373, 175, 1288, 458, -468, -390, -195, 
-785, -766, 19, 775, -402, -373, 175, 1288, 458, -468, -390, -200, 
-775, -766, 9, 771, -392, -378, 175, 1293, 458, -468, -390, -200, 
-785, -771, 14, 778, -400, -378, 175, 1293, 458, -468, -385, -195, 
-780, -771, 9, 775, -395, -380, 175, 1293, 458, -468, -385, -190, 
-780, -771, 9, 775, -395, -380, 175, 1298, 458, -468, -385, -185, 
-775, -761, 14, 768, -395, -373, 175, 1302, 453, -468, -385, -180, 
-775, -761, 14, 768, -395, -373, 175, 1302, 453, -463, -385, -170, 
-775, -746, 29, 761, -402, -358, 170, 1293, 453, -463, -385, -180, 
-775, -746, 29, 761, -402, -358, 170, 1293, 453, -463, -390, -185, 
-775, -751, 24, 763, -400, -363, 165, 1293, 453, -463, -390, -185, 
-771, -751, 19, 761, -395, -366, 165, 1293, 453, -458, -390, -185, 
-771, -751, 19, 761, -395, -366, 165, 1293, 453, -458, -390, -195, 
-771, -751, 19, 761, -395, -366, 161, 1293, 453, -463, -390, -195, 
-771, -746, 24, 758, -397, -361, 161, 1293, 453, -463, -390, -190, 
-771, -746, 24, 758, -397, -361, 165, 1293, 453, -463, -385, -190, 
-761, -746, 14, 753, -387, -366, 165, 1293, 453, -463, -390, -190, 
-761, -746, 14, 753, -387, -366, 156, 1293, 453, -463, -390, -190, 
-756, -736, 19, 746, -387, -358, 156, 1293, 453, -458, -390, -190, 
-756, -732, 24, 744, -390, -353, 156, 1293, 453, -458, -390, -190, 
-761, -741, 19, 751, -390, -361, 156, 1293, 444, -473, -390, -190, 
-761, -741, 19, 751, -390, -361, 151, 1293, 444, -473, -395, -190, 
-761, -741, 19, 751, -390, -361, 151, 1293, 444, -473, -395, -190, 
-761, -746, 14, 753, -387, -366, 151, 1293, 448, -468, -395, -185, 
-761, -746, 14, 753, -387, -366, 141, 1293, 448, -478, -395, -185, 
-761, -751, 9, 756, -385, -370, 141, 1293, 448, -478, -395, -185, 
-761, -751, 9, 756, -385, -370, 141, 1293, 448, -478, -395, -185, 
-761, -746, 14, 753, -387, -366, 141, 1293, 448, -478, -395, -180, 
-771, -746, 24, 758, -397, -361, 141, 1293, 448, -478, -395, -180, 
-766, -746, 19, 756, -392, -363, 141, 1293, 448, -478, -395, -185, 
-766, -741, 24, 753, -395, -358, 141, 1293, 448, -478, -395, -185, 
-766, -741, 24, 753, -395, -358, 141, 1288, 448, -478, -395, -185, 
-775, -741, 34, 758, -405, -353, 136, 1288, 448, -478, -395, -175, 
-775, -741, 34, 758, -405, -353, 136, 1288, 453, -473, -395, -175, 
-771, -741, 29, 756, -400, -356, 131, 1288, 453, -473, -395, -170, 
-771, -736, 34, 753, -402, -351, 131, 1288, 453, -478, -395, -170, 
-761, -736, 24, 749, -392, -356, 141, 1288, 453, -478, -395, -185, 
-761, -736, 24, 749, -392, -356, 141, 1288, 453, -473, -390, -185, 
-756, -736, 19, 746, -387, -358, 141, 1293, 453, -473, -390, -180, 
-756, -736, 19, 746, -387, -358, 141, 1293, 453, -468, -390, -180, 
-766, -736, 29, 751, -397, -353, 141, 1302, 458, -458, -380, -170, 
-766, -736, 29, 751, -397, -353, 141, 1302, 458, -458, -380, -170, 
-766, -736, 29, 751, -397, -353, 136, 1302, 463, -458, -380, -175, 
-761, -736, 24, 749, -392, -356, 136, 1302, 463, -458, -380, -175, 
-751, -732, 19, 741, -385, -356, 126, 1298, 448, -473, -390, -175, 
-756, -732, 24, 744, -390, -353, 126, 1293, 448, -473, -390, -175, 
-756, -732, 24, 744, -390, -353, 122, 1288, 448, -473, -390, -175, 
-751, -727, 24, 739, -387, -351, 122, 1283, 458, -468, -390, -175, 
-751, -732, 19, 741, -385, -356, 122, 1288, 458, -478, -390, -175, 
-751, -732, 19, 741, -385, -356, 122, 1288, 458, -473, -390, -175, 
-756, -732, 24, 744, -390, -353, 126, 1288, 463, -468, -380, -175, 
-756, -732, 24, 744, -390, -353, 126, 1288, 468, -468, -380, -175, 
-766, -732, 34, 749, -400, -348, 122, 1298, 468, -458, -385, -180, 
-756, -732, 24, 744, -390, -353, 117, 1293, 468, -458, -385, -180, 
-756, -732, 24, 744, -390, -353, 117, 1293, 468, -453, -380, -180, 
-761, -736, 24, 749, -392, -356, 117, 1293, 468, -453, -380, -180, 
-751, -727, 24, 739, -387, -351, 112, 1283, 458, -468, -380, -170, 
-751, -727, 24, 739, -387, -351, 112, 1283, 458, -468, -380, -165, 
-741, -717, 24, 729, -383, -346, 107, 1278, 458, -458, -380, -161, 
-741, -712, 29, 727, -385, -341, 107, 1278, 463, -453, -375, -161, 
-751, -712, 39, 732, -395, -336, 107, 1288, 463, -453, -370, -161, 
-751, -712, 39, 732, -395, -336, 107, 1283, 468, -453, -370, -156, 
-746, -707, 39, 727, -392, -334, 107, 1283, 468, -448, -366, -151, 
-746, -707, 39, 727, -392, -334, 107, 1283, 473, -444, -366, -151, 
-751, -707, 43, 729, -397, -331, 97, 1273, 473, -444, -366, -151, 
-746, -707, 39, 727, -392, -334, 97, 1273, 478, -444, -361, -151, 
-746, -702, 43, 724, -395, -329, 92, 1273, 478, -444, -356, -151, 
-741, -697, 43, 719, -392, -326, 92, 1273, 483, -439, -356, -151, 
-741, -697, 43, 719, -392, -326, 97, 1273, 492, -439, -356, -151, 
-746, -697, 48, 722, -397, -324, 97, 1268, 492, -429, -356, -146, 
-746, -692, 53, 719, -400, -319, 92, 1268, 492, -429, -351, -146, 
-741, -692, 48, 717, -395, -322, 87, 1268, 497, -429, -351, -146, 
-741, -683, 58, 712, -400, -312, 78, 1268, 497, -424, -361, -146, 
-741, -678, 63, 710, -402, -307, 78, 1268, 497, -429, -356, -141, 
-736, -673, 63, 705, -400, -305, 73, 1268, 497, -424, -351, -141, 
-736, -668, 68, 702, -402, -300, 73, 1268, 492, -424, -346, -131, 
-736, -668, 68, 702, -402, -300, 68, 1268, 497, -414, -341, -141, 
-736, -663, 73, 700, -405, -295, 63, 1268, 502, -409, -341, -136, 
-732, -658, 73, 695, -402, -292, 58, 1268, 507, -409, -336, -131, 
-732, -653, 78, 692, -405, -287, 58, 1268, 522, -409, -331, -131, 
-727, -658, 68, 692, -397, -295, 58, 1263, 522, -409, -322, -122, 
-727, -653, 73, 690, -400, -290, 58, 1259, 517, -400, -322, -117, 
-727, -649, 78, 688, -402, -285, 53, 1249, 517, -395, -312, -112, 
-727, -644, 82, 685, -405, -280, 53, 1249, 517, -395, -307, -107, 
-717, -649, 68, 683, -392, -290, 53, 1259, 512, -390, -312, -102, 
-717, -644, 73, 680, -395, -285, 48, 1249, 512, -390, -307, -97, 
-712, -639, 73, 675, -392, -283, 43, 1249, 512, -380, -307, -92, 
-712, -634, 78, 673, -395, -278, 43, 1249, 512, -375, -297, -87, 
-722, -619, 102, 671, -412, -258, 29, 1239, 512, -380, -292, -87, 
-712, -619, 92, 666, -402, -263, 29, 1229, 517, -375, -292, -82, 
-712, -614, 97, 663, -405, -258, 24, 1229, 517, -370, -287, -78, 
-712, -610, 102, 661, -407, -253, 24, 1224, 517, -366, -287, -78, 
-712, -610, 102, 661, -407, -253, 19, 1234, 517, -366, -278, -68, 
-712, -605, 107, 658, -409, -248, 19, 1229, 517, -366, -268, -58, 
-712, -600, 112, 656, -412, -244, 19, 1229, 512, -361, -268, -53, 
-717, -595, 122, 656, -419, -236, 14, 1229, 512, -356, -268, -48, 
-712, -595, 117, 653, -414, -239, 9, 1229, 502, -356, -263, -53, 
-712, -595, 117, 653, -414, -239, 4, 1220, 497, -356, -258, -58, 
-712, -595, 117, 653, -414, -239, 4, 1220, 497, -356, -258, -63, 
-707, -580, 126, 644, -417, -226, 4, 1224, 512, -351, -253, -68, 
-707, -585, 122, 646, -414, -231, 4, 1224, 507, -361, -263, -68, 
-707, -580, 126, 644, -417, -226, 4, 1210, 507, -361, -258, -68, 
-712, -580, 131, 646, -422, -224, 0, 1210, 502, -361, -258, -68, 
-712, -580, 131, 646, -422, -224, 0, 1210, 502, -361, -253, -68, 
-712, -575, 136, 644, -424, -219, 0, 1210, 502, -361, -263, -58, 
-712, -575, 136, 644, -424, -219, 0, 1210, 502, -361, -263, -48, 
-712, -575, 136, 644, -424, -219, 0, 1210, 502, -361, -263, -48, 
-717, -575, 141, 646, -429, -217, 0, 1210, 502, -356, -258, -39, 
-717, -575, 141, 646, -429, -217, 0, 1210, 502, -346, -253, -29, 
-717, -575, 141, 646, -429, -217, 0, 1210, 502, -356, -253, -29, 
-717, -575, 141, 646, -429, -217, 0, 1210, 497, -356, -248, -29, 
-717, -575, 141, 646, -429, -217, 0, 1210, 497, -356, -244, -29, 
-717, -580, 136, 649, -427, -222, -9, 1210, 488, -361, -258, -39, 
-717, -580, 136, 649, -427, -222, -4, 1210, 483, -361, -258, -39, 
-717, -580, 136, 649, -427, -222, -4, 1215, 483, -366, -258, -39, 
-722, -590, 131, 656, -427, -229, -4, 1215, 483, -370, -258, -43, 
-722, -590, 131, 656, -427, -229, 0, 1224, 483, -366, -273, -58, 
-727, -595, 131, 661, -429, -231, 4, 1224, 483, -380, -283, -68, 
-732, -600, 131, 666, -431, -234, 19, 1224, 478, -385, -287, -73, 
-732, -605, 126, 668, -429, -239, 24, 1224, 473, -395, -287, -78, 
-736, -610, 126, 673, -431, -241, 14, 1220, 468, -405, -297, -82, 
-741, -614, 126, 678, -434, -244, 19, 1220, 463, -409, -302, -87, 
-746, -619, 126, 683, -436, -246, 29, 1220, 458, -414, -317, -87, 
-751, -629, 122, 690, -436, -253, 34, 1229, 453, -424, -326, -92, 
-751, -634, 117, 692, -434, -258, 39, 1244, 448, -419, -331, -97, 
-756, -639, 117, 697, -436, -261, 39, 1244, 444, -429, -336, -107, 
-756, -649, 107, 702, -431, -270, 39, 1249, 434, -439, -341, -112, 
-756, -653, 102, 705, -429, -275, 43, 1254, 434, -439, -341, -117, 
-775, -658, 117, 717, -446, -270, 43, 1249, 439, -453, -346, -126, 
-775, -668, 107, 722, -441, -280, 48, 1254, 429, -463, -356, -126, 
-775, -673, 102, 724, -439, -285, 53, 1254, 419, -473, -370, -136, 
-771, -683, 87, 727, -429, -297, 58, 1259, 414, -473, -375, -141, 
-771, -678, 92, 724, -431, -292, 58, 1273, 409, -483, -380, -146, 
-775, -683, 92, 729, -434, -295, 58, 1273, 409, -488, -390, -146, 
-780, -688, 92, 734, -436, -297, 58, 1278, 405, -488, -390, -151, 
-780, -692, 87, 736, -434, -302, 63, 1283, 400, -488, -395, -156, 
-800, -702, 97, 751, -448, -302, 63, 1273, 395, -492, -400, -165, 
-800, -702, 97, 751, -448, -302, 73, 1278, 390, -502, -400, -165, 
-795, -702, 92, 749, -444, -305, 73, 1278, 385, -502, -400, -165, 
-795, -702, 92, 749, -444, -305, 73, 1283, 385, -507, -405, -165, 
-795, -707, 87, 751, -441, -309, 78, 1283, 395, -502, -409, -165, 
-795, -712, 82, 753, -439, -314, 82, 1283, 395, -502, -409, -175, 
-800, -717, 82, 758, -441, -317, 82, 1283, 385, -507, -414, -175, 
-800, -722, 78, 761, -439, -322, 82, 1283, 385, -507, -414, -175, 
-800, -712, 87, 756, -444, -312, 82, 1293, 385, -507, -414, -175, 
-800, -712, 87, 756, -444, -312, 78, 1293, 380, -507, -414, -170, 
-800, -717, 82, 758, -441, -317, 78, 1293, 380, -512, -414, -161, 
-800, -717, 82, 758, -441, -317, 82, 1298, 380, -512, -414, -156, 
-810, -717, 92, 763, -451, -312, 73, 1288, 370, -512, -419, -165, 
-814, -717, 97, 766, -456, -309, 73, 1288, 370, -512, -419, -170, 
-814, -717, 97, 766, -456, -309, 73, 1283, 370, -512, -419, -170, 
-814, -717, 97, 766, -456, -309, 73, 1283, 370, -512, -424, -170, 
-805, -717, 87, 761, -446, -314, 68, 1298, 375, -512, -429, -180, 
-805, -717, 87, 761, -446, -314, 68, 1298, 375, -517, -429, -180, 
-810, -717, 92, 763, -451, -312, 68, 1298, 375, -517, -429, -185, 
-810, -717, 92, 763, -451, -312, 63, 1298, 375, -517, -429, -185, 
-810, -722, 87, 766, -448, -317, 73, 1288, 366, -527, -439, -190, 
-810, -722, 87, 766, -448, -317, 73, 1288, 370, -527, -439, -190, 
-810, -722, 87, 766, -448, -317, 73, 1288, 370, -522, -434, -190, 
-810, -722, 87, 766, -448, -317, 78, 1288, 370, -522, -434, -185, 
-805, -712, 92, 758, -448, -309, 78, 1293, 375, -527, -434, -175, 
-805, -712, 92, 758, -448, -309, 73, 1293, 375, -527, -434, -175, 
-805, -712, 92, 758, -448, -309, 73, 1293, 375, -527, -429, -175, 
-810, -712, 97, 761, -453, -307, 73, 1293, 380, -527, -429, -175, 
-810, -712, 97, 761, -453, -307, 73, 1288, 380, -517, -424, -180, 
-810, -712, 97, 761, -453, -307, 73, 1288, 380, -517, -429, -180, 
-810, -712, 97, 761, -453, -307, 73, 1288, 380, -517, -429, -180, 
-810, -712, 97, 761, -453, -307, 73, 1288, 380, -517, -429, -180, 
-805, -712, 92, 758, -448, -309, 63, 1288, 380, -517, -429, -170, 
-805, -712, 92, 758, -448, -309, 63, 1288, 380, -517, -429, -175, 
-805, -712, 92, 758, -448, -309, 68, 1288, 380, -517, -424, -175, 
-805, -712, 92, 758, -448, -309, 68, 1288, 380, -512, -424, -175, 
-805, -712, 92, 758, -448, -309, 58, 1278, 380, -522, -424, -185, 
-805, -712, 92, 758, -448, -309, 58, 1278, 380, -522, -424, -180, 
-805, -712, 92, 758, -448, -309, 53, 1278, 385, -522, -429, -180, 
-805, -712, 92, 758, -448, -309, 48, 1278, 385, -522, -429, -175, 
-805, -702, 102, 753, -453, -300, 58, 1278, 385, -522, -429, -175, 
-805, -702, 102, 753, -453, -300, 58, 1278, 385, -522, -429, -180, 
-805, -702, 102, 753, -453, -300, 58, 1278, 385, -522, -429, -180, 
-805, -702, 102, 753, -453, -300, 58, 1278, 385, -522, -424, -180, 
-810, -707, 102, 758, -456, -302, 58, 1288, 385, -522, -434, -170, 
-810, -707, 102, 758, -456, -302, 58, 1288, 385, -522, -434, -165, 
-810, -707, 102, 758, -456, -302, 53, 1288, 385, -517, -434, -165, 
-810, -707, 102, 758, -456, -302, 53, 1288, 385, -517, -434, -161, 
-810, -707, 102, 758, -456, -302, 53, 1288, 390, -517, -424, -170, 
-810, -702, 107, 756, -458, -297, 53, 1283, 390, -517, -424, -165, 
-810, -702, 107, 756, -458, -297, 53, 1283, 390, -517, -424, -165, 
-814, -702, 112, 758, -463, -295, 53, 1283, 390, -517, -424, -165, 
-805, -692, 112, 749, -458, -290, 43, 1283, 390, -512, -434, -165, 
-800, -688, 112, 744, -456, -287, 43, 1283, 390, -512, -434, -170, 
-795, -688, 107, 741, -451, -290, 43, 1278, 390, -507, -434, -170, 
-795, -688, 107, 741, -451, -290, 43, 1278, 390, -507, -434, -170, 
-795, -688, 107, 741, -451, -290, 53, 1283, 380, -522, -434, -170, 
-800, -692, 107, 746, -453, -292, 43, 1283, 380, -522, -434, -170, 
-800, -692, 107, 746, -453, -292, 43, 1283, 380, -522, -434, -170, 
-800, -692, 107, 746, -453, -292, 48, 1283, 380, -522, -444, -165, 
-800, -692, 107, 746, -453, -292, 39, 1283, 380, -522, -439, -165, 
-800, -692, 107, 746, -453, -292, 39, 1283, 380, -522, -429, -165, 
-800, -692, 107, 746, -453, -292, 34, 1283, 380, -522, -424, -170, 
-800, -692, 107, 746, -453, -292, 34, 1283, 380, -522, -424, -170, 
-800, -702, 97, 751, -448, -302, 43, 1283, 375, -527, -434, -175, 
-800, -702, 97, 751, -448, -302, 43, 1283, 375, -527, -429, -175, 
-800, -702, 97, 751, -448, -302, 43, 1283, 375, -531, -429, -175, 
-795, -702, 92, 749, -444, -305, 43, 1283, 375, -531, -429, -175, 
-795, -707, 87, 751, -441, -309, 34, 1283, 366, -531, -439, -175, 
-800, -707, 92, 753, -446, -307, 34, 1283, 366, -531, -439, -175, 
-800, -707, 92, 753, -446, -307, 34, 1283, 361, -531, -439, -175, 
-795, -707, 87, 751, -441, -309, 34, 1278, 361, -531, -444, -180, 
-785, -707, 78, 746, -431, -314, 34, 1288, 361, -531, -434, -170, 
-790, -707, 82, 749, -436, -312, 39, 1288, 361, -531, -429, -170, 
-790, -707, 82, 749, -436, -312, 39, 1288, 356, -536, -429, -170, 
-790, -712, 78, 751, -434, -317, 39, 1283, 356, -536, -429, -170, 
-800, -702, 97, 751, -448, -302, 39, 1293, 361, -536, -429, -170, 
-800, -707, 92, 753, -446, -307, 39, 1293, 356, -541, -429, -175, 
-800, -712, 87, 756, -444, -312, 39, 1293, 351, -546, -429, -180, 
-805, -712, 92, 758, -448, -309, 39, 1293, 356, -551, -434, -180, 
-795, -702, 92, 749, -444, -305, 29, 1293, 366, -541, -434, -170, 
-795, -702, 92, 749, -444, -305, 29, 1293, 361, -541, -434, -170, 
-795, -702, 92, 749, -444, -305, 29, 1293, 361, -536, -434, -170, 
-795, -702, 92, 749, -444, -305, 29, 1293, 361, -536, -434, -170, 
-805, -702, 102, 753, -453, -300, 29, 1293, 361, -546, -434, -165, 
-800, -702, 97, 751, -448, -302, 29, 1293, 356, -546, -434, -165, 
-800, -707, 92, 753, -446, -307, 29, 1293, 356, -546, -434, -170, 
-800, -707, 92, 753, -446, -307, 24, 1293, 356, -546, -439, -170, 
-800, -707, 92, 753, -446, -307, 24, 1293, 346, -541, -439, -170, 
-795, -707, 87, 751, -441, -309, 29, 1298, 346, -541, -444, -170, 
-795, -707, 87, 751, -441, -309, 29, 1298, 341, -546, -444, -175, 
-800, -707, 92, 753, -446, -307, 29, 1293, 341, -546, -444, -175, 
-800, -717, 82, 758, -441, -317, 29, 1293, 341, -546, -448, -170, 
-800, -717, 82, 758, -441, -317, 29, 1293, 341, -546, -448, -170, 
-800, -722, 78, 761, -439, -322, 29, 1293, 341, -541, -448, -170, 
-800, -722, 78, 761, -439, -322, 29, 1293, 341, -541, -444, -165, 
-800, -727, 73, 763, -436, -326, 39, 1293, 346, -531, -444, -175, 
-800, -727, 73, 763, -436, -326, 39, 1293, 346, -531, -444, -175, 
-800, -732, 68, 766, -434, -331, 39, 1293, 346, -536, -444, -175, 
-800, -732, 68, 766, -434, -331, 39, 1298, 346, -536, -444, -175, 
-800, -727, 73, 763, -436, -326, 29, 1298, 336, -541, -444, -175, 
-800, -727, 73, 763, -436, -326, 29, 1298, 336, -541, -444, -170, 
-800, -722, 78, 761, -439, -322, 29, 1298, 331, -541, -444, -165, 
-800, -722, 78, 761, -439, -322, 29, 1298, 331, -541, -444, -161, 
-800, -722, 78, 761, -439, -322, 29, 1298, 336, -551, -453, -170, 
-800, -722, 78, 761, -439, -322, 29, 1298, 336, -551, -453, -170, 
-800, -717, 82, 758, -441, -317, 29, 1298, 331, -551, -453, -175, 
-800, -717, 82, 758, -441, -317, 29, 1298, 326, -551, -453, -175, 
-800, -722, 78, 761, -439, -322, 29, 1298, 326, -556, -453, -170, 
-800, -722, 78, 761, -439, -322, 29, 1298, 326, -556, -453, -165, 
-800, -722, 78, 761, -439, -322, 29, 1298, 326, -556, -453, -165, 
-800, -722, 78, 761, -439, -322, 29, 1298, 331, -556, -453, -161, 
-800, -722, 78, 761, -439, -322, 29, 1298, 331, -546, -453, -165, 
-800, -722, 78, 761, -439, -322, 29, 1298, 326, -551, -453, -175, 
-800, -722, 78, 761, -439, -322, 29, 1298, 326, -561, -458, -190, 
-800, -727, 73, 763, -436, -326, 29, 1298, 331, -561, -463, -200, 
-800, -727, 73, 763, -436, -326, 29, 1298, 331, -556, -463, -200, 
-800, -722, 78, 761, -439, -322, 29, 1298, 322, -556, -463, -195, 
-800, -722, 78, 761, -439, -322, 29, 1298, 322, -561, -463, -190, 
-800, -722, 78, 761, -439, -322, 29, 1298, 322, -566, -463, -185, 
-810, -732, 78, 771, -444, -326, 29, 1298, 322, -556, -463, -180, 
-810, -732, 78, 771, -444, -326, 29, 1302, 322, -551, -463, -175, 
-805, -732, 73, 768, -439, -329, 29, 1302, 322, -551, -458, -175, 
-805, -732, 73, 768, -439, -329, 34, 1302, 322, -551, -458, -175, 
-805, -732, 73, 768, -439, -329, 34, 1302, 331, -546, -448, -175, 
-805, -732, 73, 768, -439, -329, 29, 1298, 331, -546, -448, -175, 
-810, -732, 78, 771, -444, -326, 29, 1298, 331, -546, -453, -180, 
-810, -736, 73, 773, -441, -331, 29, 1298, 326, -551, -453, -180, 
-805, -736, 68, 771, -436, -334, 29, 1298, 317, -561, -458, -190, 
-800, -736, 63, 768, -431, -336, 29, 1298, 322, -566, -458, -190, 
-795, -736, 58, 766, -427, -339, 29, 1298, 322, -566, -458, -190, 
-790, -736, 53, 763, -422, -341, 29, 1298, 322, -561, -453, -185, 
-800, -736, 63, 768, -431, -336, 19, 1298, 317, -561, -463, -185, 
-800, -736, 63, 768, -431, -336, 19, 1298, 317, -566, -468, -190, 
-800, -736, 63, 768, -431, -336, 19, 1298, 317, -566, -468, -190, 
-800, -732, 68, 766, -434, -331, 19, 1298, 317, -561, -468, -190, 
-800, -732, 68, 766, -434, -331, 19, 1298, 317, -561, -468, -185, 
-795, -732, 63, 763, -429, -334, 19, 1298, 317, -561, -468, -185, 
-795, -732, 63, 763, -429, -334, 14, 1298, 317, -566, -468, -185, 
-800, -732, 68, 766, -434, -331, 14, 1298, 317, -570, -468, -185, 
-810, -722, 87, 766, -448, -317, 14, 1298, 312, -570, -468, -185, 
-805, -722, 82, 763, -444, -319, 14, 1298, 312, -566, -468, -190, 
-805, -722, 82, 763, -444, -319, 14, 1298, 312, -566, -468, -190, 
-805, -727, 78, 766, -441, -324, 9, 1298, 312, -566, -468, -190, 
-800, -736, 63, 768, -431, -336, 19, 1298, 312, -566, -463, -190, 
-800, -736, 63, 768, -431, -336, 19, 1298, 312, -566, -463, -185, 
-800, -736, 63, 768, -431, -336, 19, 1298, 312, -566, -463, -185, 
-800, -736, 63, 768, -431, -336, 19, 1298, 312, -566, -463, -185, 
-810, -736, 73, 773, -441, -331, 24, 1298, 312, -570, -478, -185, 
-810, -741, 68, 775, -439, -336, 24, 1298, 312, -570, -478, -190, 
-810, -741, 68, 775, -439, -336, 24, 1298, 312, -570, -478, -190, 
-810, -741, 68, 775, -439, -336, 24, 1298, 307, -570, -478, -190, 
-810, -741, 68, 775, -439, -336, 9, 1293, 307, -570, -478, -190, 
-810, -736, 73, 773, -441, -331, 9, 1293, 307, -570, -478, -190, 
-810, -736, 73, 773, -441, -331, 9, 1293, 307, -570, -478, -190, 
-814, -736, 78, 775, -446, -329, 9, 1298, 307, -570, -478, -190, 
-805, -736, 68, 771, -436, -334, 9, 1298, 307, -570, -473, -190, 
-805, -736, 68, 771, -436, -334, 9, 1298, 307, -575, -473, -185, 
-800, -736, 63, 768, -431, -336, 9, 1298, 307, -575, -473, -185, 
-800, -736, 63, 768, -431, -336, 4, 1298, 307, -575, -468, -185, 
-800, -736, 63, 768, -431, -336, 4, 1298, 307, -575, -468, -175, 
-800, -736, 63, 768, -431, -336, 9, 1298, 307, -575, -468, -175, 
-800, -741, 58, 771, -429, -341, 14, 1298, 307, -575, -468, -175, 
-800, -741, 58, 771, -429, -341, 14, 1298, 302, -575, -468, -180, 
-810, -736, 73, 773, -441, -331, 14, 1298, 302, -575, -468, -190, 
-810, -736, 73, 773, -441, -331, 9, 1298, 297, -575, -468, -190, 
-810, -736, 73, 773, -441, -331, 9, 1298, 297, -575, -473, -190, 
-810, -736, 73, 773, -441, -331, 9, 1298, 297, -575, -473, -195, 
-810, -736, 73, 773, -441, -331, 14, 1298, 297, -566, -468, -195, 
-810, -736, 73, 773, -441, -331, 14, 1298, 297, -566, -468, -200, 
-810, -736, 73, 773, -441, -331, 14, 1298, 297, -575, -473, -200, 
-810, -736, 73, 773, -441, -331, 14, 1293, 297, -575, -473, -195, 
-810, -736, 73, 773, -441, -331, 14, 1293, 302, -570, -473, -185, 
-810, -736, 73, 773, -441, -331, 14, 1293, 302, -570, -473, -190, 
-810, -736, 73, 773, -441, -331, 14, 1293, 297, -570, -473, -190, 
-810, -736, 73, 773, -441, -331, 9, 1298, 297, -570, -473, -185, 
-800, -736, 63, 768, -431, -336, 0, 1288, 287, -580, -483, -195, 
-800, -736, 63, 768, -431, -336, 4, 1288, 287, -585, -483, -195, 
-800, -736, 63, 768, -431, -336, 4, 1288, 287, -585, -483, -195, 
-800, -736, 63, 768, -431, -336, 4, 1288, 287, -585, -483, -195, 
-810, -736, 73, 773, -441, -331, 14, 1288, 287, -575, -483, -185, 
-810, -736, 73, 773, -441, -331, 9, 1288, 287, -575, -483, -180, 
-810, -741, 68, 775, -439, -336, 9, 1288, 292, -575, -483, -180, 
-810, -741, 68, 775, -439, -336, 9, 1288, 292, -575, -483, -180, 
-800, -736, 63, 768, -431, -336, 9, 1288, 292, -575, -468, -185, 
-800, -741, 58, 771, -429, -341, 9, 1288, 292, -575, -478, -175, 
-810, -741, 68, 775, -439, -336, 9, 1298, 292, -575, -488, -185, 
-810, -741, 68, 775, -439, -336, 9, 1298, 292, -575, -488, -185, 
-810, -741, 68, 775, -439, -336, 9, 1298, 292, -575, -488, -185, 
-810, -741, 68, 775, -439, -336, 9, 1298, 292, -575, -488, -185, 
-810, -741, 68, 775, -439, -336, 9, 1288, 292, -575, -488, -185, 
-810, -741, 68, 775, -439, -336, 9, 1288, 292, -575, -488, -185, 
-810, -741, 68, 775, -439, -336, 9, 1288, 292, -575, -488, -185, 
-810, -741, 68, 775, -439, -336, 9, 1288, 292, -575, -488, -185, 
-810, -741, 68, 775, -439, -336, 0, 1288, 292, -575, -488, -195, 
-810, -741, 68, 775, -439, -336, 0, 1288, 292, -575, -488, -195, 
-810, -741, 68, 775, -439, -336, 0, 1288, 292, -575, -488, -195, 
-810, -741, 68, 775, -439, -336, 0, 1288, 292, -575, -488, -195, 
-810, -741, 68, 775, -439, -336, 0, 1288, 283, -585, -488, -195, 
-810, -741, 68, 775, -439, -336, 0, 1288, 283, -585, -488, -195, 
-810, -741, 68, 775, -439, -336, 0, 1288, 283, -585, -488, -195, 
-810, -741, 68, 775, -439, -336, 0, 1288, 283, -585, -488, -195, 
-810, -751, 58, 780, -434, -346, 9, 1288, 292, -585, -488, -185, 
-810, -751, 58, 780, -434, -346, 9, 1288, 292, -585, -488, -185, 
-810, -751, 58, 780, -434, -346, 9, 1288, 292, -585, -488, -185, 
-810, -751, 58, 780, -434, -346, 9, 1288, 292, -585, -488, -185, 
-810, -751, 58, 780, -434, -346, 0, 1288, 283, -585, -488, -185, 
-810, -751, 58, 780, -434, -346, 0, 1288, 283, -585, -488, -185, 
-810, -751, 58, 780, -434, -346, 0, 1288, 283, -585, -488, -185, 
-810, -751, 58, 780, -434, -346, 0, 1288, 283, -585, -488, -185, 
-800, -751, 48, 775, -424, -351, 0, 1288, 283, -585, -488, -185, 
-800, -751, 48, 775, -424, -351, 0, 1288, 283, -585, -488, -185, 
-800, -751, 48, 775, -424, -351, 0, 1288, 283, -585, -488, -185, 
-800, -751, 48, 775, -424, -351, 0, 1288, 283, -585, -488, -185, 
-810, -741, 68, 775, -439, -336, 0, 1298, 283, -585, -478, -185, 
-810, -741, 68, 775, -439, -336, 0, 1298, 283, -585, -478, -185, 
-810, -741, 68, 775, -439, -336, 0, 1298, 283, -585, -478, -185, 
-810, -741, 68, 775, -439, -336, 0, 1298, 283, -585, -478, -185, 
-810, -741, 68, 775, -439, -336, 0, 1298, 283, -585, -488, -175, 
-810, -741, 68, 775, -439, -336, 0, 1298, 283, -585, -488, -175, 
-810, -741, 68, 775, -439, -336, 0, 1298, 283, -585, -488, -175, 
-810, -741, 68, 775, -439, -336, 0, 1298, 283, -585, -488, -175, 
-810, -741, 68, 775, -439, -336, -9, 1288, 283, -585, -497, -180, 
-810, -741, 68, 775, -439, -336, -9, 1288, 283, -585, -497, -185, 
-810, -741, 68, 775, -439, -336, -9, 1288, 283, -585, -497, -190, 
-810, -741, 68, 775, -439, -336, -9, 1288, 283, -585, -497, -195, 
-810, -741, 68, 775, -439, -336, -9, 1288, 273, -585, -497, -185, 
-810, -741, 68, 775, -439, -336, -9, 1288, 273, -585, -497, -185, 
-810, -741, 68, 775, -439, -336, -9, 1288, 273, -585, -497, -185, 
-810, -741, 68, 775, -439, -336, -9, 1288, 273, -585, -497, -185, 
-810, -741, 68, 775, -439, -336, -9, 1288, 273, -585, -497, -195, 
-810, -741, 68, 775, -439, -336, -9, 1288, 273, -585, -497, -195, 
-810, -741, 68, 775, -439, -336, -9, 1288, 273, -585, -497, -195, 
-810, -741, 68, 775, -439, -336, -9, 1288, 273, -585, -497, -195, 
-810, -751, 58, 780, -434, -346, -9, 1288, 273, -595, -497, -195, 
-810, -751, 58, 780, -434, -346, -9, 1288, 273, -595, -497, -195, 
-810, -751, 58, 780, -434, -346, -9, 1288, 273, -595, -497, -195, 
-810, -751, 58, 780, -434, -346, -9, 1288, 268, -595, -497, -195, 
-810, -751, 58, 780, -434, -346, -9, 1293, 268, -585, -497, -190, 
-810, -751, 58, 780, -434, -346, -9, 1293, 273, -590, -497, -185, 
-810, -751, 58, 780, -434, -346, -9, 1293, 273, -590, -492, -180, 
-805, -751, 53, 778, -429, -348, -4, 1293, 273, -590, -492, -175, 
-805, -741, 63, 773, -434, -339, 0, 1293, 273, -595, -502, -185, 
-805, -741, 63, 773, -434, -339, 0, 1293, 273, -595, -502, -185, 
-805, -741, 63, 773, -434, -339, -9, 1293, 273, -590, -502, -185, 
-805, -736, 68, 771, -436, -334, -9, 1293, 278, -590, -502, -185, 
-814, -727, 87, 771, -451, -319, -9, 1293, 287, -590, -492, -195, 
-810, -717, 92, 763, -451, -312, -14, 1293, 287, -590, -492, -190, 
-810, -707, 102, 758, -456, -302, -14, 1293, 287, -590, -488, -185, 
-805, -702, 102, 753, -453, -300, -14, 1293, 287, -580, -488, -180, 
-795, -702, 92, 749, -444, -305, -34, 1298, 287, -580, -488, -170, 
-795, -697, 97, 746, -446, -300, -34, 1298, 292, -580, -483, -170, 
-795, -692, 102, 744, -448, -295, -39, 1298, 302, -570, -483, -165, 
-790, -678, 112, 734, -451, -283, -48, 1283, 307, -566, -473, -156, 
-790, -658, 131, 724, -461, -263, -63, 1273, 322, -556, -463, -156, 
-790, -644, 146, 717, -468, -248, -68, 1259, 331, -546, -453, -151, 
-785, -644, 141, 714, -463, -251, -73, 1254, 331, -541, -453, -151, 
-785, -634, 151, 710, -468, -241, -78, 1244, 336, -536, -453, -151, 
-780, -629, 151, 705, -466, -239, -92, 1249, 341, -541, -453, -141, 
-780, -629, 151, 705, -466, -239, -102, 1249, 346, -541, -453, -141, 
-780, -629, 151, 705, -466, -239, -102, 1249, 351, -546, -453, -141, 
-771, -634, 136, 702, -453, -248, -102, 1249, 351, -546, -453, -141, 
-775, -634, 141, 705, -458, -246, -92, 1263, 361, -536, -453, -136, 
-771, -634, 136, 702, -453, -248, -87, 1273, 356, -536, -444, -131, 
-771, -639, 131, 705, -451, -253, -87, 1278, 356, -531, -439, -126, 
-761, -639, 122, 700, -441, -258, -87, 1278, 351, -531, -439, -122, 
-761, -649, 112, 705, -436, -268, -78, 1278, 346, -536, -439, -126, 
-756, -653, 102, 705, -429, -275, -82, 1273, 341, -541, -444, -131, 
-751, -653, 97, 702, -424, -278, -92, 1268, 341, -546, -448, -136, 
-751, -653, 97, 702, -424, -278, -102, 1268, 331, -551, -453, -141, 
-746, -663, 82, 705, -414, -290, -82, 1268, 326, -541, -453, -146, 
-746, -663, 82, 705, -414, -290, -78, 1273, 326, -541, -453, -151, 
-746, -668, 78, 707, -412, -295, -78, 1273, 322, -546, -458, -151, 
-746, -668, 78, 707, -412, -295, -78, 1273, 312, -551, -458, -151, 
-746, -668, 78, 707, -412, -295, -78, 1278, 307, -551, -463, -146, 
-741, -668, 73, 705, -407, -297, -78, 1278, 302, -561, -463, -146, 
-741, -668, 73, 705, -407, -297, -78, 1283, 297, -566, -468, -146, 
-741, -678, 63, 710, -402, -307, -78, 1283, 292, -570, -468, -151, 
-756, -683, 73, 719, -414, -305, -63, 1283, 287, -575, -478, -146, 
-756, -692, 63, 724, -409, -314, -63, 1283, 287, -575, -478, -146, 
-756, -692, 63, 724, -409, -314, -63, 1278, 283, -575, -478, -146, 
-756, -692, 63, 724, -409, -314, -63, 1273, 278, -575, -478, -146, 
-761, -692, 68, 727, -414, -312, -73, 1268, 273, -590, -483, -156, 
-766, -702, 63, 734, -414, -319, -68, 1268, 273, -595, -488, -156, 
-775, -702, 73, 739, -424, -314, -58, 1263, 268, -600, -488, -161, 
-780, -707, 73, 744, -427, -317, -53, 1259, 263, -605, -492, -170, 
-785, -717, 68, 751, -427, -324, -53, 1268, 263, -600, -497, -170, 
-790, -727, 63, 758, -427, -331, -48, 1268, 258, -600, -507, -175, 
-800, -727, 73, 763, -436, -326, -39, 1268, 258, -600, -507, -175, 
-800, -732, 68, 766, -434, -331, -34, 1268, 258, -605, -507, -175, 
-800, -722, 78, 761, -439, -322, -29, 1268, 258, -605, -507, -185, 
-810, -727, 82, 768, -446, -322, -24, 1268, 258, -605, -507, -190, 
-814, -732, 82, 773, -448, -324, -24, 1268, 248, -614, -507, -195, 
-814, -741, 73, 778, -444, -334, -24, 1278, 244, -614, -517, -200, 
-814, -746, 68, 780, -441, -339, -24, 1288, 239, -629, -531, -209, 
-814, -746, 68, 780, -441, -339, -19, 1288, 234, -634, -531, -209, 
-814, -751, 63, 783, -439, -344, -14, 1283, 234, -634, -531, -209, 
-819, -756, 63, 788, -441, -346, -14, 1283, 234, -634, -536, -214, 
-810, -766, 43, 788, -427, -361, -14, 1283, 239, -639, -527, -209, 
-814, -766, 48, 790, -431, -358, -19, 1283, 239, -639, -527, -204, 
-814, -766, 48, 790, -431, -358, -19, 1283, 234, -639, -527, -200, 
-814, -766, 48, 790, -431, -358, -14, 1288, 234, -639, -531, -195, 
-824, -756, 68, 790, -446, -344, -24, 1288, 224, -629, -531, -204, 
-819, -756, 63, 788, -441, -346, -24, 1288, 224, -629, -531, -204, 
-819, -756, 63, 788, -441, -346, -29, 1283, 224, -629, -531, -204, 
-819, -756, 63, 788, -441, -346, -29, 1283, 224, -624, -527, -204, 
-819, -751, 68, 785, -444, -341, -19, 1283, 234, -624, -536, -200, 
-819, -751, 68, 785, -444, -341, -19, 1283, 234, -629, -541, -195, 
-819, -751, 68, 785, -444, -341, -19, 1283, 234, -629, -541, -190, 
-824, -756, 68, 790, -446, -344, -19, 1283, 234, -629, -541, -185, 
-814, -756, 58, 785, -436, -348, -19, 1283, 224, -639, -541, -200, 
-814, -751, 63, 783, -439, -344, -19, 1283, 224, -639, -541, -204, 
-814, -751, 63, 783, -439, -344, -19, 1283, 224, -634, -541, -209, 
-814, -751, 63, 783, -439, -344, -19, 1283, 224, -634, -541, -214, 
-819, -761, 58, 790, -439, -351, -29, 1283, 229, -634, -541, -214, 
-819, -761, 58, 790, -439, -351, -29, 1283, 229, -634, -541, -214, 
-814, -761, 53, 788, -434, -353, -29, 1283, 229, -634, -541, -214, 
-814, -761, 53, 788, -434, -353, -29, 1278, 229, -639, -541, -214, 
-814, -741, 73, 778, -444, -334, -29, 1278, 229, -629, -536, -185, 
-819, -741, 78, 780, -448, -331, -29, 1283, 224, -634, -536, -175, 
-829, -751, 78, 790, -453, -336, -39, 1273, 214, -634, -536, -185, 
-824, -756, 68, 790, -446, -344, -34, 1278, 224, -629, -536, -195, 
-814, -766, 48, 790, -431, -358, -9, 1307, 224, -629, -541, -209, 
-814, -775, 39, 795, -427, -368, 4, 1346, 229, -639, -551, -239, 
-795, -795, 0, 795, -397, -397, 4, 1376, 239, -639, -566, -253, 
-775, -805, -29, 790, -373, -417, 9, 1410, 263, -639, -575, -273, 
-775, -800, -24, 788, -375, -412, 19, 1429, 297, -624, -575, -283, 
-775, -775, 0, 775, -387, -387, 9, 1424, 356, -590, -566, -273, 
-771, -712, 58, 741, -414, -326, -9, 1395, 429, -536, -531, -244, 
-780, -639, 141, 710, -461, -248, -24, 1351, 502, -463, -468, -190, 
-795, -546, 248, 671, -522, -148, -58, 1283, 575, -380, -385, -117, 
-775, -444, 331, 610, -553, -56, -97, 1224, 619, -297, -287, -19, 
-741, -312, 429, 527, -585, 58, -161, 1151, 668, -200, -170, 92, 
-727, -141, 585, 434, -656, 222, -244, 1029, 692, -97, -34, 244, 
-717, 24, 741, 346, -729, 383, -336, 878, 688, -14, 102, 380, 
-707, 151, 858, 278, -783, 505, -414, 766, 668, 53, 219, 502, 
-692, 273, 966, 209, -829, 619, -507, 639, 610, 107, 326, 639, 
-688, 370, 1058, 158, -873, 714, -580, 527, 497, 146, 434, 771, 
-658, 473, 1132, 92, -895, 802, -634, 448, 400, 190, 536, 883, 
-658, 566, 1224, 46, -941, 895, -673, 405, 283, 229, 639, 976, 
-722, 639, 1361, 41, -1041, 1000, -688, 351, 151, 263, 712, 1054, 
-800, 697, 1498, 51, -1149, 1098, -688, 317, 39, 302, 771, 1102, 
-819, 712, 1532, 53, -1176, 1122, -683, 312, -73, 292, 761, 1083, 
-858, 610, 1468, 124, -1163, 1039, -644, 351, -204, 156, 619, 971, 
-932, 317, 1249, 307, -1090, 783, -522, 488, -326, -87, 307, 697, 
-990, -48, 941, 519, -966, 446, -356, 678, -395, -361, -58, 366, 
-1039, -287, 751, 663, -895, 231, -219, 814, -424, -566, -331, 117, 
-1093, -380, 712, 736, -902, 165, -136, 858, -429, -663, -473, -39, 
-1102, -463, 639, 783, -871, 87, -92, 897, -414, -722, -536, -112, 
-1088, -580, 507, 834, -797, -36, -48, 966, -390, -761, -575, -156, 
-1073, -712, 361, 893, -717, -175, 4, 1054, -356, -819, -624, -200, 
-1054, -810, 244, 932, -649, -283, 53, 1112, -292, -878, -683, -263, 
-1029, -849, 180, 939, -605, -334, 73, 1156, -209, -863, -688, -283, 
-1000, -839, 161, 919, -580, -339, 63, 1190, -112, -800, -663, -278, 
-961, -819, 141, 890, -551, -339, 58, 1215, -19, -746, -634, -258, 
-907, -795, 112, 851, -509, -341, 34, 1220, 39, -717, -610, -244, 
-883, -775, 107, 829, -495, -334, 0, 1224, 92, -688, -580, -224, 
-854, -756, 97, 805, -475, -329, -29, 1220, 131, -678, -575, -219, 
-834, -751, 82, 793, -458, -334, -39, 1220, 165, -668, -570, -209, 
-824, -741, 82, 783, -453, -329, -34, 1239, 200, -653, -566, -204, 
-829, -741, 87, 785, -458, -326, -39, 1254, 234, -634, -551, -209, 
-829, -727, 102, 778, -466, -312, -39, 1273, 239, -629, -551, -200, 
-829, -712, 117, 771, -473, -297, -29, 1263, 239, -634, -546, -204, 
-824, -727, 97, 775, -461, -314, -39, 1259, 239, -629, -551, -209, 
-824, -712, 112, 768, -468, -300, -39, 1259, 248, -619, -541, -200, 
-829, -712, 117, 771, -473, -297, -39, 1244, 244, -610, -531, -195, 
-824, -722, 102, 773, -463, -309, -39, 1244, 248, -619, -536, -200, 
-824, -722, 102, 773, -463, -309, -39, 1254, 258, -624, -541, -204, 
-819, -736, 82, 778, -451, -326, -34, 1259, 263, -624, -541, -204, 
-819, -732, 87, 775, -453, -322, -39, 1263, 253, -629, -556, -219, 
-819, -732, 87, 775, -453, -322, -39, 1268, 258, -629, -556, -219, 
-819, -732, 87, 775, -453, -322, -43, 1268, 258, -624, -556, -214, 
-814, -727, 87, 771, -451, -319, -43, 1263, 258, -624, -556, -214, 
-814, -722, 92, 768, -453, -314, -43, 1268, 263, -624, -561, -214, 
-814, -722, 92, 768, -453, -314, -48, 1268, 263, -624, -556, -214, 
-810, -712, 97, 761, -453, -307, -48, 1268, 263, -624, -546, -214, 
-810, -712, 97, 761, -453, -307, -53, 1268, 263, -624, -546, -214, 
-805, -717, 87, 761, -446, -314, -48, 1268, 273, -614, -546, -214, 
-805, -717, 87, 761, -446, -314, -48, 1268, 273, -614, -546, -219, 
-795, -717, 78, 756, -436, -319, -48, 1273, 273, -614, -546, -219, 
-805, -722, 82, 763, -444, -319, -48, 1273, 273, -614, -541, -214, 
-800, -722, 78, 761, -439, -322, -48, 1268, 273, -614, -531, -209, 
-800, -722, 78, 761, -439, -322, -48, 1268, 273, -614, -531, -204, 
-795, -712, 82, 753, -439, -314, -48, 1268, 268, -614, -531, -200, 
-795, -712, 82, 753, -439, -314, -48, 1263, 268, -610, -531, -190, 
-795, -707, 87, 751, -441, -309, -53, 1263, 268, -619, -541, -200, 
-795, -707, 87, 751, -441, -309, -53, 1263, 268, -619, -546, -204, 
-795, -712, 82, 753, -439, -314, -58, 1263, 268, -619, -546, -204, 
-790, -712, 78, 751, -434, -317, -58, 1263, 268, -614, -546, -204, 
-800, -712, 87, 756, -444, -312, -68, 1263, 268, -614, -536, -214, 
-800, -712, 87, 756, -444, -312, -73, 1263, 268, -619, -536, -214, 
-800, -707, 92, 753, -446, -307, -73, 1263, 268, -619, -536, -209, 
-800, -707, 92, 753, -446, -307, -68, 1263, 268, -619, -531, -209, 
-800, -707, 92, 753, -446, -307, -58, 1263, 278, -619, -536, -219, 
-800, -707, 92, 753, -446, -307, -68, 1263, 278, -619, -536, -219, 
-795, -697, 97, 746, -446, -300, -68, 1263, 278, -614, -536, -219, 
-795, -692, 102, 744, -448, -295, -68, 1263, 278, -614, -536, -219, 
-790, -692, 97, 741, -444, -297, -68, 1263, 268, -610, -536, -219, 
-790, -692, 97, 741, -444, -297, -73, 1263, 268, -610, -541, -219, 
-790, -692, 97, 741, -444, -297, -73, 1263, 268, -610, -541, -219, 
-790, -697, 92, 744, -441, -302, -73, 1263, 273, -605, -541, -214, 
-790, -697, 92, 744, -441, -302, -73, 1263, 273, -614, -541, -204, 
-790, -702, 87, 746, -439, -307, -73, 1263, 273, -614, -541, -204, 
-790, -702, 87, 746, -439, -307, -73, 1263, 273, -614, -541, -204, 
-790, -697, 92, 744, -441, -302, -73, 1263, 273, -614, -541, -200, 
-790, -697, 92, 744, -441, -302, -82, 1273, 273, -605, -541, -200, 
-785, -697, 87, 741, -436, -305, -82, 1273, 273, -605, -541, -204, 
-785, -692, 92, 739, -439, -300, -82, 1273, 273, -605, -541, -204, 
-785, -692, 92, 739, -439, -300, -82, 1268, 273, -605, -541, -204, 
-795, -688, 107, 741, -451, -290, -78, 1268, 273, -605, -541, -204, 
-795, -683, 112, 739, -453, -285, -78, 1268, 278, -600, -541, -204, 
-790, -678, 112, 734, -451, -283, -82, 1268, 278, -600, -541, -200, 
-790, -668, 122, 729, -456, -273, -82, 1268, 278, -605, -541, -200, 
-790, -678, 112, 734, -451, -283, -82, 1259, 278, -614, -541, -204, 
-790, -678, 112, 734, -451, -283, -82, 1259, 278, -610, -536, -204, 
-785, -678, 107, 732, -446, -285, -82, 1263, 278, -610, -536, -200, 
-785, -678, 107, 732, -446, -285, -82, 1263, 278, -605, -536, -200, 
-785, -678, 107, 732, -446, -285, -82, 1263, 283, -605, -536, -209, 
-785, -678, 107, 732, -446, -285, -82, 1263, 283, -605, -536, -209, 
-785, -678, 107, 732, -446, -285, -87, 1263, 287, -605, -536, -214, 
-780, -678, 102, 729, -441, -287, -87, 1263, 287, -605, -536, -214, 
-771, -673, 97, 722, -434, -287, -78, 1263, 283, -600, -536, -214, 
-775, -673, 102, 724, -439, -285, -78, 1263, 283, -600, -536, -214, 
-775, -673, 102, 724, -439, -285, -82, 1263, 283, -600, -536, -214, 
-771, -668, 102, 719, -436, -283, -82, 1263, 292, -595, -536, -214, 
-780, -663, 117, 722, -448, -273, -82, 1259, 292, -605, -546, -209, 
-780, -663, 117, 722, -448, -273, -82, 1259, 292, -600, -546, -214, 
-785, -663, 122, 724, -453, -270, -78, 1259, 297, -595, -536, -219, 
-785, -663, 122, 724, -453, -270, -78, 1259, 302, -595, -536, -224, 
-785, -663, 122, 724, -453, -270, -92, 1259, 302, -595, -531, -214, 
-775, -663, 112, 719, -444, -275, -97, 1254, 302, -595, -531, -209, 
-775, -663, 112, 719, -444, -275, -97, 1254, 302, -590, -527, -204, 
-780, -668, 112, 724, -446, -278, -97, 1254, 302, -590, -527, -200, 
-780, -658, 122, 719, -451, -268, -92, 1254, 302, -595, -527, -200, 
-780, -658, 122, 719, -451, -268, -92, 1254, 302, -595, -527, -195, 
-771, -649, 122, 710, -446, -263, -97, 1249, 302, -585, -527, -190, 
-771, -644, 126, 707, -448, -258, -97, 1249, 307, -580, -522, -190, 
-771, -644, 126, 707, -448, -258, -107, 1249, 307, -580, -527, -204, 
-771, -644, 126, 707, -448, -258, -107, 1244, 312, -580, -527, -204, 
-766, -639, 126, 702, -446, -256, -107, 1244, 312, -575, -522, -204, 
-766, -639, 126, 702, -446, -256, -107, 1244, 317, -570, -522, -209, 
-771, -639, 131, 705, -451, -253, -107, 1254, 326, -570, -522, -204, 
-766, -639, 126, 702, -446, -256, -107, 1254, 331, -570, -517, -200, 
-766, -634, 131, 700, -448, -251, -112, 1254, 331, -570, -512, -195, 
-761, -629, 131, 695, -446, -248, -112, 1254, 336, -566, -512, -190, 
-761, -634, 126, 697, -444, -253, -107, 1254, 336, -566, -502, -180, 
-766, -629, 136, 697, -451, -246, -107, 1249, 336, -556, -502, -175, 
-766, -619, 146, 692, -456, -236, -112, 1249, 336, -556, -497, -175, 
-761, -614, 146, 688, -453, -234, -117, 1249, 341, -556, -497, -175, 
-751, -605, 146, 678, -448, -229, -117, 1239, 346, -546, -507, -185, 
-751, -600, 151, 675, -451, -224, -117, 1239, 351, -546, -502, -180, 
-746, -595, 151, 671, -448, -222, -122, 1239, 356, -536, -497, -180, 
-746, -590, 156, 668, -451, -217, -122, 1239, 356, -531, -492, -170, 
-746, -600, 146, 673, -446, -226, -126, 1239, 356, -531, -488, -175, 
-746, -595, 151, 671, -448, -222, -131, 1239, 356, -527, -488, -175, 
-741, -590, 151, 666, -446, -219, -136, 1239, 356, -527, -483, -175, 
-741, -585, 156, 663, -448, -214, -136, 1239, 366, -527, -478, -180, 
-746, -570, 175, 658, -461, -197, -136, 1234, 380, -527, -468, -165, 
-746, -566, 180, 656, -463, -192, -136, 1229, 380, -517, -468, -156, 
-746, -561, 185, 653, -466, -187, -141, 1220, 385, -512, -458, -146, 
-746, -556, 190, 651, -468, -183, -141, 1220, 390, -512, -453, -136, 
-741, -561, 180, 651, -461, -190, -151, 1220, 385, -497, -448, -136, 
-736, -556, 180, 646, -458, -187, -156, 1210, 385, -497, -444, -136, 
-727, -551, 175, 639, -451, -187, -161, 1210, 385, -488, -444, -136, 
-722, -546, 175, 634, -448, -185, -161, 1210, 385, -483, -434, -136, 
-732, -541, 190, 636, -461, -175, -165, 1210, 385, -488, -429, -136, 
-722, -541, 180, 631, -451, -180, -165, 1200, 390, -483, -429, -131, 
-722, -536, 185, 629, -453, -175, -170, 1200, 390, -478, -424, -126, 
-722, -531, 190, 627, -456, -170, -170, 1195, 390, -473, -424, -126, 
-722, -527, 195, 624, -458, -165, -185, 1195, 390, -473, -434, -136, 
-722, -517, 204, 619, -463, -156, -185, 1190, 390, -473, -424, -126, 
-722, -507, 214, 614, -468, -146, -185, 1190, 385, -468, -424, -122, 
-727, -497, 229, 612, -478, -134, -190, 1190, 385, -463, -424, -117, 
-722, -497, 224, 610, -473, -136, -185, 1190, 380, -463, -409, -117, 
-722, -497, 224, 610, -473, -136, -190, 1180, 380, -463, -405, -117, 
-722, -497, 224, 610, -473, -136, -190, 1180, 385, -463, -405, -117, 
-717, -483, 234, 600, -475, -124, -190, 1185, 405, -458, -400, -117, 
-722, -488, 234, 605, -478, -126, -200, 1185, 405, -458, -400, -107, 
-717, -483, 234, 600, -475, -124, -200, 1171, 400, -458, -395, -107, 
-717, -483, 234, 600, -475, -124, -204, 1171, 390, -458, -395, -107, 
-712, -483, 229, 597, -470, -126, -204, 1171, 385, -458, -390, -107, 
-712, -478, 234, 595, -473, -122, -195, 1171, 395, -448, -390, -102, 
-712, -478, 234, 595, -473, -122, -195, 1171, 395, -448, -390, -87, 
-712, -478, 234, 595, -473, -122, -195, 1171, 395, -448, -390, -82, 
-717, -478, 239, 597, -478, -119, -195, 1171, 395, -444, -385, -68, 
-707, -468, 239, 588, -473, -114, -204, 1171, 385, -444, -385, -73, 
-707, -468, 239, 588, -473, -114, -204, 1171, 385, -453, -390, -78, 
-707, -468, 239, 588, -473, -114, -204, 1171, 380, -453, -390, -82, 
-707, -468, 239, 588, -473, -114, -204, 1171, 380, -453, -390, -87, 
-717, -483, 234, 600, -475, -124, -204, 1171, 370, -458, -405, -97, 
-717, -483, 234, 600, -475, -124, -200, 1171, 366, -458, -405, -97, 
-717, -483, 234, 600, -475, -124, -200, 1176, 366, -463, -405, -97, 
-722, -492, 229, 607, -475, -131, -200, 1176, 366, -468, -405, -102, 
-732, -492, 239, 612, -485, -126, -190, 1176, 356, -468, -409, -97, 
-736, -497, 239, 617, -488, -129, -190, 1176, 356, -478, -419, -107, 
-741, -502, 239, 622, -490, -131, -180, 1176, 351, -478, -424, -112, 
-741, -507, 234, 624, -488, -136, -180, 1176, 346, -483, -424, -117, 
-741, -507, 234, 624, -488, -136, -190, 1190, 331, -492, -434, -122, 
-741, -507, 234, 624, -488, -136, -185, 1190, 326, -497, -439, -126, 
-741, -507, 234, 624, -488, -136, -175, 1190, 322, -502, -453, -126, 
-741, -512, 229, 627, -485, -141, -170, 1200, 317, -512, -463, -131, 
-751, -527, 224, 639, -488, -151, -165, 1205, 322, -517, -458, -126, 
-756, -531, 224, 644, -490, -153, -165, 1205, 317, -527, -463, -136, 
-756, -541, 214, 649, -485, -163, -165, 1210, 307, -536, -468, -141, 
-756, -546, 209, 651, -483, -168, -161, 1215, 307, -536, -468, -146, 
-766, -551, 214, 658, -490, -168, -151, 1220, 297, -541, -483, -161, 
-766, -561, 204, 663, -485, -178, -146, 1224, 283, -551, -492, -165, 
-766, -566, 200, 666, -483, -183, -141, 1224, 268, -561, -507, -180, 
-761, -575, 185, 668, -473, -195, -136, 1229, 258, -561, -512, -190, 
-771, -580, 190, 675, -480, -195, -136, 1224, 263, -580, -517, -204, 
-775, -585, 190, 680, -483, -197, -136, 1224, 263, -585, -527, -204, 
-780, -590, 190, 685, -485, -200, -136, 1229, 258, -585, -527, -209, 
-780, -595, 185, 688, -483, -204, -131, 1234, 253, -585, -531, -214, 
-780, -605, 175, 692, -478, -214, -131, 1244, 258, -590, -546, -224, 
-780, -605, 175, 692, -478, -214, -122, 1249, 253, -600, -546, -224, 
-775, -605, 170, 690, -473, -217, -122, 1249, 248, -600, -546, -224, 
-775, -605, 170, 690, -473, -217, -122, 1254, 248, -605, -551, -224, 
-785, -600, 185, 692, -485, -207, -117, 1244, 239, -610, -556, -234, 
-785, -605, 180, 695, -483, -212, -112, 1244, 239, -610, -556, -244, 
-790, -610, 180, 700, -485, -214, -112, 1244, 229, -614, -561, -244, 
-790, -614, 175, 702, -483, -219, -112, 1244, 229, -614, -561, -244, 
-790, -614, 175, 702, -483, -219, -112, 1244, 229, -614, -570, -239, 
-790, -614, 175, 702, -483, -219, -117, 1244, 224, -614, -570, -239, 
-790, -619, 170, 705, -480, -224, -117, 1244, 224, -619, -570, -234, 
-790, -619, 170, 705, -480, -224, -112, 1249, 224, -619, -570, -234, 
-780, -629, 151, 705, -466, -239, -102, 1259, 214, -619, -566, -224, 
-785, -629, 156, 707, -470, -236, -102, 1259, 214, -619, -566, -229, 
-785, -629, 156, 707, -470, -236, -102, 1254, 214, -619, -566, -229, 
-785, -629, 156, 707, -470, -236, -102, 1254, 214, -619, -570, -229, 
-795, -619, 175, 707, -485, -222, -97, 1259, 219, -629, -575, -239, 
-795, -619, 175, 707, -485, -222, -97, 1259, 219, -634, -575, -239, 
-800, -619, 180, 710, -490, -219, -97, 1259, 219, -634, -575, -244, 
-800, -619, 180, 710, -490, -219, -102, 1259, 219, -634, -575, -244, 
-800, -624, 175, 712, -488, -224, -112, 1249, 214, -634, -575, -229, 
-800, -624, 175, 712, -488, -224, -112, 1249, 214, -634, -575, -229, 
-800, -624, 175, 712, -488, -224, -112, 1249, 209, -629, -570, -229, 
-800, -624, 175, 712, -488, -224, -107, 1249, 204, -629, -570, -224, 
-795, -624, 170, 710, -483, -226, -97, 1263, 209, -629, -570, -229, 
-795, -624, 170, 710, -483, -226, -102, 1263, 209, -624, -570, -234, 
-795, -624, 170, 710, -483, -226, -102, 1263, 209, -619, -566, -239, 
-800, -624, 175, 712, -488, -224, -102, 1263, 214, -614, -566, -244, 
-790, -624, 165, 707, -478, -229, -112, 1249, 214, -624, -580, -244, 
-790, -624, 165, 707, -478, -229, -112, 1249, 214, -624, -585, -248, 
-790, -624, 165, 707, -478, -229, -112, 1249, 214, -624, -585, -253, 
-790, -624, 165, 707, -478, -229, -112, 1249, 214, -624, -585, -258, 
-785, -619, 165, 702, -475, -226, -112, 1249, 214, -634, -575, -244, 
-785, -614, 170, 700, -478, -222, -112, 1249, 214, -634, -575, -244, 
-785, -610, 175, 697, -480, -217, -107, 1249, 214, -634, -570, -239, 
-785, -605, 180, 695, -483, -212, -107, 1249, 214, -629, -570, -234, 
-790, -610, 180, 700, -485, -214, -107, 1249, 214, -619, -570, -244, 
-795, -614, 180, 705, -488, -217, -107, 1249, 214, -619, -570, -239, 
-800, -619, 180, 710, -490, -219, -112, 1249, 219, -619, -575, -239, 
-805, -624, 180, 714, -492, -222, -117, 1249, 219, -619, -575, -234, 
-795, -619, 175, 707, -485, -222, -107, 1249, 229, -619, -575, -239, 
-795, -614, 180, 705, -488, -217, -107, 1249, 229, -619, -575, -248, 
-795, -610, 185, 702, -490, -212, -107, 1249, 229, -619, -575, -253, 
-795, -605, 190, 700, -492, -207, -107, 1249, 229, -619, -570, -258, 
-790, -600, 190, 695, -490, -204, -117, 1249, 229, -619, -570, -248, 
-790, -600, 190, 695, -490, -204, -117, 1249, 229, -619, -570, -244, 
-790, -600, 190, 695, -490, -204, -122, 1249, 229, -614, -570, -244, 
-790, -600, 190, 695, -490, -204, -122, 1249, 229, -614, -570, -239, 
-780, -600, 180, 690, -480, -209, -122, 1249, 224, -614, -570, -239, 
-780, -595, 185, 688, -483, -204, -122, 1244, 224, -614, -570, -234, 
-780, -595, 185, 688, -483, -204, -122, 1244, 224, -614, -570, -234, 
-785, -595, 190, 690, -488, -202, -122, 1244, 224, -614, -570, -234, 
-795, -595, 200, 695, -497, -197, -122, 1244, 224, -610, -570, -244, 
-790, -590, 200, 690, -495, -195, -122, 1244, 224, -610, -570, -248, 
-785, -590, 195, 688, -490, -197, -122, 1239, 224, -605, -570, -248, 
-785, -590, 195, 688, -490, -197, -122, 1239, 224, -605, -570, -248, 
-785, -600, 185, 692, -485, -207, -122, 1254, 224, -619, -570, -248, 
-790, -605, 185, 697, -488, -209, -131, 1254, 224, -619, -570, -248, 
-790, -605, 185, 697, -488, -209, -131, 1254, 224, -619, -570, -248, 
-790, -605, 185, 697, -488, -209, -126, 1254, 224, -619, -580, -244, 
-790, -600, 190, 695, -490, -204, -126, 1254, 214, -619, -590, -248, 
-790, -595, 195, 692, -492, -200, -126, 1254, 214, -619, -585, -253, 
-790, -590, 200, 690, -495, -195, -131, 1254, 214, -619, -585, -263, 
-790, -585, 204, 688, -497, -190, -131, 1254, 214, -619, -590, -268, 
-780, -575, 204, 678, -492, -185, -141, 1244, 209, -614, -580, -253, 
-780, -575, 204, 678, -492, -185, -141, 1244, 209, -614, -575, -253, 
-780, -575, 204, 678, -492, -185, -141, 1244, 209, -619, -575, -253, 
-775, -575, 200, 675, -488, -187, -141, 1244, 209, -619, -575, -253, 
-785, -575, 209, 680, -497, -183, -131, 1254, 209, -610, -575, -244, 
-790, -580, 209, 685, -500, -185, -131, 1254, 209, -610, -575, -244, 
-790, -585, 204, 688, -497, -190, -131, 1254, 204, -610, -575, -244, 
-785, -590, 195, 688, -490, -197, -131, 1249, 204, -610, -580, -248, 
-775, -590, 185, 683, -480, -202, -131, 1259, 204, -610, -580, -248, 
-780, -590, 190, 685, -485, -200, -126, 1259, 204, -610, -575, -248, 
-780, -590, 190, 685, -485, -200, -126, 1259, 200, -614, -575, -248, 
-780, -595, 185, 688, -483, -204, -126, 1254, 200, -614, -575, -248, 
-771, -585, 185, 678, -478, -200, -136, 1254, 209, -614, -585, -258, 
-771, -590, 180, 680, -475, -204, -136, 1254, 200, -619, -585, -263, 
-771, -595, 175, 683, -473, -209, -136, 1254, 190, -624, -585, -268, 
-775, -595, 180, 685, -478, -207, -136, 1254, 190, -629, -590, -268, 
-775, -595, 180, 685, -478, -207, -136, 1254, 200, -629, -590, -258, 
-775, -595, 180, 685, -478, -207, -136, 1254, 195, -629, -590, -258, 
-775, -595, 180, 685, -478, -207, -136, 1254, 195, -624, -590, -258, 
-775, -595, 180, 685, -478, -207, -136, 1254, 195, -624, -590, -258, 
-785, -595, 190, 690, -488, -202, -136, 1254, 185, -624, -590, -253, 
-780, -595, 185, 688, -483, -204, -136, 1254, 180, -624, -590, -253, 
-780, -600, 180, 690, -480, -209, -136, 1254, 180, -624, -590, -258, 
-780, -600, 180, 690, -480, -209, -141, 1254, 180, -624, -595, -258, 
-771, -590, 180, 680, -475, -204, -141, 1254, 180, -629, -595, -268, 
-766, -590, 175, 678, -470, -207, -136, 1259, 180, -629, -600, -268, 
-766, -590, 175, 678, -470, -207, -136, 1259, 175, -634, -600, -273, 
-771, -590, 180, 680, -475, -204, -136, 1254, 175, -634, -600, -273, 
-775, -590, 185, 683, -480, -202, -136, 1254, 185, -644, -605, -278, 
-780, -590, 190, 685, -485, -200, -136, 1254, 185, -644, -605, -278, 
-785, -595, 190, 690, -488, -202, -136, 1254, 185, -639, -605, -278, 
-790, -595, 195, 692, -492, -200, -136, 1254, 185, -639, -600, -273, 
-775, -590, 185, 683, -480, -202, -146, 1254, 170, -639, -600, -273, 
-771, -590, 180, 680, -475, -204, -146, 1254, 170, -639, -600, -273, 
-766, -595, 170, 680, -468, -212, -146, 1254, 170, -644, -600, -273, 
-761, -595, 165, 678, -463, -214, -146, 1259, 170, -644, -600, -273, 
-771, -590, 180, 680, -475, -204, -146, 1259, 170, -639, -600, -278, 
-771, -590, 180, 680, -475, -204, -146, 1259, 170, -639, -600, -278, 
-771, -585, 185, 678, -478, -200, -146, 1259, 165, -639, -600, -278, 
-771, -585, 185, 678, -478, -200, -146, 1259, 165, -639, -600, -278, 
-771, -595, 175, 683, -473, -209, -146, 1259, 170, -639, -600, -278, 
-771, -595, 175, 683, -473, -209, -146, 1259, 170, -639, -600, -278, 
-771, -590, 180, 680, -475, -204, -146, 1259, 165, -639, -600, -283, 
-771, -590, 180, 680, -475, -204, -146, 1259, 161, -639, -600, -283, 
-761, -595, 165, 678, -463, -214, -146, 1259, 170, -634, -600, -268, 
-761, -595, 165, 678, -463, -214, -146, 1259, 170, -634, -600, -263, 
-761, -595, 165, 678, -463, -214, -146, 1259, 170, -634, -600, -263, 
-761, -595, 165, 678, -463, -214, -146, 1259, 175, -634, -600, -258, 
-766, -595, 170, 680, -468, -212, -146, 1259, 165, -634, -600, -268, 
-771, -595, 175, 683, -473, -209, -146, 1259, 161, -639, -600, -273, 
-775, -595, 180, 685, -478, -207, -146, 1259, 161, -649, -605, -283, 
-780, -600, 180, 690, -480, -209, -146, 1259, 165, -649, -610, -287, 
-780, -600, 180, 690, -480, -209, -146, 1249, 165, -644, -610, -292, 
-780, -595, 185, 688, -483, -204, -146, 1249, 156, -644, -610, -292, 
-780, -595, 185, 688, -483, -204, -146, 1249, 156, -649, -610, -292, 
-780, -595, 185, 688, -483, -204, -146, 1249, 156, -653, -610, -292, 
-780, -595, 185, 688, -483, -204, -146, 1259, 156, -653, -619, -287, 
-780, -595, 185, 688, -483, -204, -146, 1263, 156, -649, -619, -283, 
-775, -595, 180, 685, -478, -207, -146, 1263, 156, -649, -614, -283, 
-775, -595, 180, 685, -478, -207, -141, 1263, 156, -649, -614, -283, 
-775, -585, 190, 680, -483, -197, -151, 1263, 156, -644, -605, -273, 
-775, -585, 190, 680, -483, -197, -156, 1259, 156, -644, -605, -273, 
-780, -585, 195, 683, -488, -195, -156, 1259, 156, -644, -610, -278, 
-780, -590, 190, 685, -485, -200, -156, 1259, 151, -649, -610, -278, 
-771, -590, 180, 680, -475, -204, -156, 1249, 141, -639, -624, -287, 
-771, -590, 180, 680, -475, -204, -156, 1249, 146, -644, -624, -287, 
-771, -590, 180, 680, -475, -204, -156, 1249, 146, -644, -624, -287, 
-771, -590, 180, 680, -475, -204, -156, 1249, 146, -639, -619, -283, 
-771, -590, 180, 680, -475, -204, -146, 1259, 151, -639, -610, -292, 
-771, -590, 180, 680, -475, -204, -146, 1259, 151, -644, -614, -297, 
-771, -590, 180, 680, -475, -204, -146, 1259, 151, -644, -614, -297, 
-771, -585, 185, 678, -478, -200, -146, 1259, 151, -639, -614, -297, 
-780, -585, 195, 683, -488, -195, -156, 1259, 151, -639, -605, -283, 
-775, -585, 190, 680, -483, -197, -156, 1259, 151, -639, -605, -283, 
-775, -585, 190, 680, -483, -197, -161, 1259, 151, -644, -605, -283, 
-780, -585, 195, 683, -488, -195, -161, 1259, 151, -649, -605, -283, 
-780, -595, 185, 688, -483, -204, -151, 1259, 136, -649, -614, -292, 
-775, -595, 180, 685, -478, -207, -151, 1259, 136, -644, -614, -297, 
-775, -595, 180, 685, -478, -207, -151, 1259, 136, -644, -614, -297, 
-775, -600, 175, 688, -475, -212, -156, 1259, 136, -644, -614, -297, 
-771, -590, 180, 680, -475, -204, -156, 1259, 146, -644, -619, -287, 
-771, -590, 180, 680, -475, -204, -156, 1259, 146, -644, -619, -283, 
-771, -590, 180, 680, -475, -204, -156, 1259, 146, -644, -619, -283, 
-771, -590, 180, 680, -475, -204, -156, 1259, 146, -644, -619, -283, 
-780, -590, 190, 685, -485, -200, -151, 1259, 146, -649, -624, -292, 
-780, -595, 185, 688, -483, -204, -151, 1259, 146, -649, -624, -297, 
-780, -595, 185, 688, -483, -204, -151, 1259, 146, -649, -624, -297, 
-780, -595, 185, 688, -483, -204, -151, 1259, 141, -649, -624, -297, 
-780, -585, 195, 683, -488, -195, -156, 1254, 141, -649, -624, -297, 
-780, -580, 200, 680, -490, -190, -156, 1254, 141, -649, -624, -297, 
-780, -580, 200, 680, -490, -190, -156, 1254, 141, -649, -624, -297, 
-785, -580, 204, 683, -495, -187, -156, 1259, 141, -649, -624, -297, 
-775, -590, 185, 683, -480, -202, -156, 1259, 141, -639, -629, -287, 
-775, -590, 185, 683, -480, -202, -156, 1259, 141, -644, -629, -283, 
-771, -590, 180, 680, -475, -204, -156, 1259, 141, -644, -629, -283, 
-771, -590, 180, 680, -475, -204, -161, 1259, 141, -644, -624, -283, 
-780, -580, 200, 680, -490, -190, -161, 1259, 141, -644, -614, -283, 
-780, -580, 200, 680, -490, -190, -156, 1259, 141, -644, -614, -283, 
-780, -585, 195, 683, -488, -195, -151, 1259, 141, -644, -614, -283, 
-780, -585, 195, 683, -488, -195, -151, 1259, 136, -644, -614, -287, 
-780, -590, 190, 685, -485, -200, -151, 1259, 146, -649, -624, -292, 
-780, -590, 190, 685, -485, -200, -156, 1259, 141, -653, -624, -297, 
-780, -590, 190, 685, -485, -200, -156, 1259, 141, -658, -629, -302, 
-780, -590, 190, 685, -485, -200, -156, 1259, 141, -663, -629, -312, 
-780, -590, 190, 685, -485, -200, -151, 1259, 141, -658, -624, -307, 
-780, -590, 190, 685, -485, -200, -151, 1259, 141, -653, -624, -307, 
-780, -590, 190, 685, -485, -200, -151, 1259, 141, -658, -629, -302, 
-780, -590, 190, 685, -485, -200, -151, 1254, 141, -653, -629, -292, 
-771, -585, 185, 678, -478, -200, -161, 1254, 136, -649, -629, -297, 
-771, -580, 190, 675, -480, -195, -161, 1254, 136, -649, -629, -307, 
-771, -575, 195, 673, -483, -190, -161, 1254, 131, -649, -629, -312, 
-771, -570, 200, 671, -485, -185, -165, 1259, 131, -649, -629, -312, 
-771, -580, 190, 675, -480, -195, -156, 1259, 141, -649, -619, -302, 
-771, -580, 190, 675, -480, -195, -151, 1259, 141, -653, -619, -302, 
-771, -580, 190, 675, -480, -195, -151, 1259, 141, -653, -619, -302, 
-771, -580, 190, 675, -480, -195, -151, 1259, 141, -653, -619, -302, 
-780, -580, 200, 680, -490, -190, -151, 1259, 131, -653, -629, -312, 
-780, -580, 200, 680, -490, -190, -156, 1259, 131, -653, -629, -307, 
-780, -585, 195, 683, -488, -195, -156, 1259, 136, -653, -629, -307, 
-780, -585, 195, 683, -488, -195, -156, 1259, 136, -653, -629, -307, 
-761, -570, 190, 666, -475, -190, -165, 1249, 136, -653, -634, -302, 
-771, -575, 195, 673, -483, -190, -165, 1249, 126, -663, -644, -302, 
-761, -575, 185, 668, -473, -195, -165, 1259, 136, -653, -634, -302, 
-761, -575, 185, 668, -473, -195, -165, 1259, 136, -653, -634, -302, 
-761, -575, 185, 668, -473, -195, -165, 1259, 136, -653, -634, -302, 
-761, -575, 185, 668, -473, -195, -165, 1259, 136, -653, -634, -302, 
-771, -585, 185, 678, -478, -200, -156, 1259, 136, -653, -624, -292, 
-771, -585, 185, 678, -478, -200, -156, 1259, 136, -653, -624, -292, 
-771, -585, 185, 678, -478, -200, -156, 1259, 136, -653, -624, -292, 
-771, -585, 185, 678, -478, -200, -156, 1259, 136, -653, -624, -292, 
-780, -585, 195, 683, -488, -195, -156, 1259, 136, -644, -634, -297, 
-780, -585, 195, 683, -488, -195, -156, 1259, 136, -644, -634, -302, 
-780, -585, 195, 683, -488, -195, -156, 1259, 136, -644, -634, -307, 
-780, -585, 195, 683, -488, -195, -156, 1259, 136, -644, -634, -312, 
-780, -580, 200, 680, -490, -190, -165, 1259, 126, -653, -634, -322, 
-780, -575, 204, 678, -492, -185, -165, 1259, 126, -653, -634, -322, 
-780, -570, 209, 675, -495, -180, -165, 1259, 126, -653, -634, -322, 
-780, -566, 214, 673, -497, -175, -165, 1259, 126, -653, -634, -322, 
-775, -566, 209, 671, -492, -178, -165, 1249, 126, -644, -634, -312, 
-771, -566, 204, 668, -488, -180, -165, 1249, 126, -644, -634, -312, 
-766, -566, 200, 666, -483, -183, -165, 1249, 126, -644, -634, -312, 
-761, -566, 195, 663, -478, -185, -165, 1249, 126, -644, -634, -312, 
-761, -566, 195, 663, -478, -185, -165, 1259, 126, -653, -634, -312, 
-761, -566, 195, 663, -478, -185, -165, 1259, 126, -653, -634, -312, 
-761, -566, 195, 663, -478, -185, -165, 1259, 126, -653, -634, -312, 
-761, -566, 195, 663, -478, -185, -165, 1259, 126, -653, -634, -312, 
-771, -566, 204, 668, -488, -180, -165, 1259, 126, -644, -624, -302, 
-771, -566, 204, 668, -488, -180, -165, 1259, 126, -644, -624, -302, 
-771, -566, 204, 668, -488, -180, -165, 1259, 126, -644, -624, -302, 
-771, -566, 204, 668, -488, -180, -165, 1259, 126, -644, -624, -302, 
-761, -566, 195, 663, -478, -185, -165, 1249, 126, -653, -634, -292, 
-761, -566, 195, 663, -478, -185, -165, 1249, 126, -653, -634, -292, 
-761, -566, 195, 663, -478, -185, -165, 1249, 122, -653, -634, -292, 
-761, -566, 195, 663, -478, -185, -165, 1254, 122, -653, -634, -292, 
-771, -566, 204, 668, -488, -180, -175, 1254, 126, -649, -634, -302, 
-771, -566, 204, 668, -488, -180, -175, 1254, 126, -649, -629, -302, 
-766, -566, 200, 666, -483, -183, -170, 1254, 126, -649, -629, -302, 
-766, -556, 209, 661, -488, -173, -165, 1254, 126, -653, -629, -302, 
-766, -556, 209, 661, -488, -173, -156, 1254, 117, -653, -639, -312, 
-766, -556, 209, 661, -488, -173, -165, 1254, 117, -649, -639, -312, 
-766, -551, 214, 658, -490, -168, -165, 1254, 122, -649, -639, -312, 
-766, -546, 219, 656, -492, -163, -165, 1254, 122, -649, -639, -312, 
-761, -531, 229, 646, -495, -151, -170, 1254, 131, -639, -634, -317, 
-761, -527, 234, 644, -497, -146, -170, 1254, 131, -639, -624, -312, 
-756, -527, 229, 641, -492, -148, -170, 1254, 131, -629, -619, -307, 
-756, -527, 229, 641, -492, -148, -180, 1259, 131, -629, -614, -307, 
-746, -522, 224, 634, -485, -148, -185, 1259, 136, -619, -610, -297, 
-746, -517, 229, 631, -488, -143, -195, 1259, 146, -610, -610, -292, 
-741, -502, 239, 622, -490, -131, -209, 1244, 151, -605, -600, -283, 
-741, -492, 248, 617, -495, -122, -219, 1239, 156, -605, -600, -283, 
-741, -468, 273, 605, -507, -97, -224, 1220, 175, -595, -600, -287, 
-736, -468, 268, 602, -502, -100, -229, 1220, 175, -590, -600, -287, 
-736, -458, 278, 597, -507, -90, -234, 1215, 180, -585, -600, -287, 
-732, -448, 283, 590, -507, -82, -239, 1210, 185, -580, -600, -287, 
-741, -444, 297, 592, -519, -73, -248, 1200, 180, -590, -600, -287, 
-741, -439, 302, 590, -522, -68, -248, 1200, 185, -595, -600, -287, 
-732, -439, 292, 585, -512, -73, -248, 1200, 185, -595, -600, -287, 
-727, -439, 287, 583, -507, -75, -248, 1205, 200, -585, -600, -283, 
-722, -448, 273, 585, -497, -87, -244, 1215, 190, -595, -590, -278, 
-722, -453, 268, 588, -495, -92, -244, 1220, 195, -590, -585, -273, 
-712, -453, 258, 583, -485, -97, -244, 1220, 195, -590, -585, -268, 
-712, -453, 258, 583, -485, -97, -244, 1220, 190, -590, -580, -268, 
-707, -458, 248, 583, -478, -104, -239, 1224, 185, -590, -580, -268, 
-702, -458, 244, 580, -473, -107, -248, 1220, 185, -590, -580, -268, 
-702, -458, 244, 580, -473, -107, -258, 1220, 175, -590, -580, -268, 
-707, -458, 248, 583, -478, -104, -248, 1220, 170, -590, -580, -273, 
-707, -468, 239, 588, -473, -114, -244, 1224, 180, -590, -580, -278, 
-707, -473, 234, 590, -470, -119, -244, 1224, 175, -595, -585, -278, 
-707, -473, 234, 590, -470, -119, -244, 1224, 165, -600, -585, -278, 
-707, -473, 234, 590, -470, -119, -244, 1220, 161, -600, -590, -273, 
-702, -473, 229, 588, -466, -122, -234, 1229, 156, -600, -590, -273, 
-702, -473, 229, 588, -466, -122, -234, 1234, 151, -605, -595, -273, 
-702, -483, 219, 592, -461, -131, -234, 1234, 146, -610, -595, -278, 
-707, -488, 219, 597, -463, -134, -229, 1234, 141, -614, -605, -283, 
-707, -497, 209, 602, -458, -143, -229, 1224, 141, -614, -605, -283, 
-707, -497, 209, 602, -458, -143, -229, 1220, 136, -614, -605, -283, 
-707, -497, 209, 602, -458, -143, -229, 1215, 131, -614, -605, -283, 
-712, -497, 214, 605, -463, -141, -229, 1215, 126, -619, -610, -283, 
-707, -497, 209, 602, -458, -143, -234, 1220, 126, -614, -614, -283, 
-717, -497, 219, 607, -468, -139, -224, 1220, 122, -619, -614, -287, 
-722, -502, 219, 612, -470, -141, -219, 1220, 117, -624, -619, -297, 
-727, -512, 214, 619, -470, -148, -219, 1220, 117, -629, -624, -307, 
-741, -522, 219, 631, -480, -151, -214, 1229, 112, -639, -634, -302, 
-751, -522, 229, 636, -490, -146, -204, 1229, 112, -639, -634, -302, 
-751, -527, 224, 639, -488, -151, -200, 1229, 112, -644, -634, -302, 
-751, -527, 224, 639, -488, -151, -195, 1239, 112, -644, -634, -302, 
-761, -531, 229, 646, -495, -151, -180, 1229, 102, -634, -634, -297, 
-766, -536, 229, 651, -497, -153, -180, 1229, 92, -644, -634, -302, 
-766, -546, 219, 656, -492, -163, -180, 1239, 87, -644, -644, -307, 
-766, -551, 214, 658, -490, -168, -180, 1239, 82, -649, -649, -307, 
-766, -551, 214, 658, -490, -168, -185, 1249, 78, -663, -649, -312, 
-766, -556, 209, 661, -488, -173, -180, 1244, 78, -663, -649, -317, 
-771, -561, 209, 666, -490, -175, -180, 1244, 78, -663, -653, -326, 
-771, -561, 209, 666, -490, -175, -180, 1244, 82, -668, -653, -331, 
-775, -561, 214, 668, -495, -173, -185, 1244, 92, -668, -653, -322, 
-775, -561, 214, 668, -495, -173, -185, 1244, 87, -668, -653, -322, 
-775, -561, 214, 668, -495, -173, -180, 1249, 87, -668, -658, -322, 
-775, -561, 214, 668, -495, -173, -180, 1249, 87, -668, -658, -322, 
-771, -570, 200, 671, -485, -185, -170, 1239, 78, -668, -658, -322, 
-771, -570, 200, 671, -485, -185, -175, 1234, 78, -668, -658, -322, 
-771, -570, 200, 671, -485, -185, -175, 1234, 78, -663, -653, -322, 
-771, -566, 204, 668, -488, -180, -175, 1234, 78, -663, -653, -322, 
-761, -556, 204, 658, -483, -175, -175, 1234, 78, -668, -649, -331, 
-761, -556, 204, 658, -483, -175, -175, 1234, 78, -668, -649, -331, 
-766, -561, 204, 663, -485, -178, -175, 1234, 78, -668, -649, -331, 
-766, -561, 204, 663, -485, -178, -175, 1234, 78, -668, -649, -331, 
-766, -546, 219, 656, -492, -163, -185, 1234, 78, -668, -658, -322, 
-766, -546, 219, 656, -492, -163, -185, 1234, 78, -663, -658, -322, 
-766, -546, 219, 656, -492, -163, -185, 1234, 78, -663, -658, -322, 
-771, -546, 224, 658, -497, -161, -185, 1234, 82, -663, -658, -322, 
-761, -556, 204, 658, -483, -175, -185, 1234, 82, -663, -668, -326, 
-756, -556, 200, 656, -478, -178, -185, 1234, 82, -663, -668, -331, 
-756, -556, 200, 656, -478, -178, -185, 1229, 82, -668, -668, -336, 
-756, -556, 200, 656, -478, -178, -185, 1229, 82, -668, -663, -341, 
-761, -546, 214, 653, -488, -165, -175, 1234, 87, -663, -653, -331, 
-771, -556, 214, 663, -492, -170, -175, 1234, 87, -663, -663, -331, 
-766, -561, 204, 663, -485, -178, -180, 1249, 87, -668, -663, -331, 
-746, -570, 175, 658, -461, -197, -185, 1268, 87, -668, -658, -326, 
-736, -580, 156, 658, -446, -212, -161, 1317, 92, -658, -668, -336, 
-736, -600, 136, 668, -436, -231, -151, 1346, 102, -658, -673, -361, 
-727, -600, 126, 663, -427, -236, -146, 1371, 126, -649, -683, -380, 
-727, -585, 141, 656, -434, -222, -146, 1361, 170, -624, -673, -370, 
-727, -541, 185, 634, -456, -178, -156, 1346, 229, -580, -653, -361, 
-732, -497, 234, 614, -483, -131, -175, 1317, 312, -527, -619, -331, 
-732, -414, 317, 573, -524, -48, -200, 1263, 395, -463, -566, -287, 
-707, -302, 405, 505, -556, 51, -234, 1215, 458, -380, -483, -214, 
-688, -170, 517, 429, -602, 173, -302, 1156, 512, -287, -375, -117, 
-673, -19, 653, 346, -663, 317, -385, 1054, 570, -180, -239, 4, 
-668, 161, 829, 253, -749, 495, -468, 932, 605, -58, -92, 156, 
-649, 326, 976, 161, -812, 651, -551, 810, 600, 24, 24, 292, 
-639, 473, 1112, 82, -875, 793, -639, 678, 541, 92, 151, 434, 
-614, 566, 1180, 24, -897, 873, -712, 580, 463, 146, 278, 580, 
-600, 624, 1224, -12, -912, 924, -756, 517, 361, 165, 375, 692, 
-600, 697, 1298, -48, -949, 997, -800, 458, 263, 200, 448, 775, 
-639, 771, 1410, -65, -1024, 1090, -829, 405, 175, 219, 512, 849, 
-702, 844, 1546, -70, -1124, 1195, -834, 370, 53, 234, 556, 897, 
-741, 883, 1625, -70, -1183, 1254, -844, 346, -78, 234, 566, 897, 
-780, 868, 1649, -43, -1215, 1259, -829, 341, -229, 185, 517, 839, 
-849, 717, 1566, 65, -1207, 1141, -761, 400, -361, 29, 326, 668, 
-912, 424, 1337, 244, -1124, 880, -619, 546, -473, -214, 4, 375, 
-961, 126, 1088, 417, -1024, 607, -483, 697, -551, -468, -322, 73, 
-1019, -4, 1015, 512, -1017, 505, -395, 766, -580, -634, -527, -97, 
-1063, -48, 1015, 556, -1039, 483, -351, 790, -585, -702, -610, -156, 
-1063, -122, 941, 592, -1002, 409, -307, 829, -570, -732, -634, -190, 
-1039, -248, 790, 644, -915, 270, -253, 897, -546, -761, -663, -234, 
-1005, -400, 605, 702, -805, 102, -190, 985, -502, -810, -722, -297, 
-985, -527, 458, 756, -722, -34, -122, 1063, -439, -868, -771, -351, 
-971, -595, 375, 783, -673, -109, -92, 1117, -375, -883, -785, -380, 
-941, -605, 336, 773, -639, -134, -102, 1132, -307, -849, -780, -385, 
-912, -595, 317, 753, -614, -139, -117, 1146, -244, -814, -761, -375, 
-878, -600, 278, 739, -578, -161, -131, 1171, -175, -775, -736, -351, 
-844, -590, 253, 717, -549, -168, -146, 1185, -102, -746, -707, -331, 
-824, -590, 234, 707, -529, -178, -165, 1200, -34, -727, -702, -336, 
-795, -585, 209, 690, -502, -187, -185, 1210, 19, -717, -697, -326, 
-766, -585, 180, 675, -473, -202, -190, 1220, 63, -692, -692, -331, 
-761, -566, 195, 663, -478, -185, -204, 1215, 97, -673, -678, -346, 
-751, -531, 219, 641, -485, -156, -204, 1215, 112, -658, -678, -346, 
-751, -517, 234, 634, -492, -141, -204, 1215, 92, -653, -673, -331, 
-756, -512, 244, 634, -500, -134, -204, 1200, 82, -639, -658, -317, 
-756, -507, 248, 631, -502, -129, -214, 1200, 92, -629, -658, -317, 
-761, -507, 253, 634, -507, -126, -214, 1205, 87, -634, -658, -322, 
-756, -517, 239, 636, -497, -139, -214, 1205, 92, -649, -663, -326, 
-756, -517, 239, 636, -497, -139, -214, 1215, 102, -658, -668, -331, 
-751, -531, 219, 641, -485, -156, -209, 1220, 107, -663, -668, -331, 
-761, -536, 224, 649, -492, -156, -204, 1224, 112, -658, -673, -336, 
-761, -536, 224, 649, -492, -156, -204, 1229, 122, -658, -673, -336, 
-761, -536, 224, 649, -492, -156, -209, 1229, 126, -653, -673, -331, 
-756, -531, 224, 644, -490, -153, -209, 1224, 131, -653, -673, -331, 
-746, -527, 219, 636, -483, -153, -209, 1229, 131, -644, -668, -322, 
-746, -527, 219, 636, -483, -153, -214, 1229, 126, -644, -663, -322, 
-741, -517, 224, 629, -483, -146, -214, 1229, 122, -644, -653, -322, 
-741, -517, 224, 629, -483, -146, -219, 1229, 117, -644, -653, -322, 
-736, -522, 214, 629, -475, -153, -224, 1229, 126, -644, -663, -322, 
-736, -522, 214, 629, -475, -153, -224, 1229, 126, -644, -663, -326, 
-727, -522, 204, 624, -466, -158, -224, 1234, 126, -644, -663, -326, 
-736, -527, 209, 631, -473, -158, -224, 1234, 126, -644, -658, -322, 
-741, -536, 204, 639, -473, -165, -224, 1229, 126, -653, -658, -322, 
-741, -536, 204, 639, -473, -165, -224, 1229, 126, -653, -658, -322, 
-736, -527, 209, 631, -473, -158, -224, 1229, 122, -653, -658, -322, 
-736, -527, 209, 631, -473, -158, -224, 1224, 122, -649, -658, -317, 
-727, -522, 204, 624, -466, -158, -229, 1215, 122, -649, -658, -326, 
-727, -522, 204, 624, -466, -158, -229, 1215, 122, -649, -663, -331, 
-727, -527, 200, 627, -463, -163, -234, 1215, 122, -649, -663, -331, 
-722, -527, 195, 624, -458, -165, -234, 1215, 122, -644, -663, -331, 
-722, -517, 204, 619, -463, -156, -234, 1205, 122, -653, -663, -322, 
-722, -517, 204, 619, -463, -156, -239, 1205, 122, -658, -663, -322, 
-722, -512, 209, 617, -466, -151, -239, 1205, 122, -658, -663, -317, 
-722, -512, 209, 617, -466, -151, -234, 1205, 122, -658, -658, -317, 
-722, -512, 209, 617, -466, -151, -224, 1215, 122, -649, -653, -317, 
-722, -512, 209, 617, -466, -151, -234, 1215, 122, -649, -653, -317, 
-717, -502, 214, 610, -466, -143, -234, 1215, 122, -644, -653, -317, 
-717, -497, 219, 607, -468, -139, -234, 1215, 122, -644, -653, -317, 
-722, -507, 214, 614, -468, -146, -244, 1215, 122, -639, -653, -317, 
-722, -507, 214, 614, -468, -146, -248, 1215, 122, -639, -658, -317, 
-722, -507, 214, 614, -468, -146, -248, 1215, 122, -639, -658, -317, 
-722, -512, 209, 617, -466, -151, -248, 1215, 126, -634, -658, -312, 
-712, -502, 209, 607, -461, -146, -248, 1215, 126, -639, -658, -322, 
-712, -507, 204, 610, -458, -151, -248, 1215, 126, -644, -658, -322, 
-712, -507, 204, 610, -458, -151, -248, 1215, 126, -649, -658, -322, 
-712, -502, 209, 607, -461, -146, -248, 1215, 126, -653, -658, -317, 
-722, -502, 219, 612, -470, -141, -248, 1215, 126, -653, -658, -307, 
-717, -502, 214, 610, -466, -143, -248, 1215, 126, -653, -658, -312, 
-717, -497, 219, 607, -468, -139, -248, 1215, 126, -653, -658, -312, 
-717, -497, 219, 607, -468, -139, -248, 1210, 126, -653, -658, -312, 
-717, -497, 219, 607, -468, -139, -253, 1210, 126, -644, -658, -312, 
-717, -497, 219, 607, -468, -139, -253, 1210, 131, -639, -658, -312, 
-712, -497, 214, 605, -463, -141, -258, 1210, 131, -639, -658, -307, 
-712, -492, 219, 602, -466, -136, -258, 1210, 131, -644, -658, -307, 
-712, -502, 209, 607, -461, -146, -258, 1210, 131, -653, -649, -312, 
-712, -502, 209, 607, -461, -146, -258, 1210, 131, -649, -644, -312, 
-707, -502, 204, 605, -456, -148, -258, 1215, 131, -649, -644, -307, 
-707, -502, 204, 605, -456, -148, -258, 1215, 131, -644, -644, -307, 
-697, -492, 204, 595, -451, -143, -258, 1215, 136, -644, -653, -317, 
-697, -492, 204, 595, -451, -143, -258, 1215, 136, -644, -653, -317, 
-697, -492, 204, 595, -451, -143, -263, 1215, 141, -644, -653, -322, 
-692, -492, 200, 592, -446, -146, -263, 1215, 141, -644, -653, -322, 
-692, -497, 195, 595, -444, -151, -263, 1215, 136, -639, -653, -312, 
-697, -497, 200, 597, -448, -148, -263, 1215, 136, -639, -653, -312, 
-697, -497, 200, 597, -448, -148, -268, 1215, 136, -639, -653, -312, 
-692, -492, 200, 592, -446, -146, -268, 1215, 146, -634, -653, -312, 
-683, -497, 185, 590, -434, -156, -278, 1210, 136, -634, -653, -302, 
-683, -497, 185, 590, -434, -156, -278, 1210, 136, -629, -653, -302, 
-688, -497, 190, 592, -439, -153, -273, 1210, 141, -624, -644, -302, 
-688, -497, 190, 592, -439, -153, -273, 1210, 146, -624, -644, -302, 
-692, -488, 204, 590, -448, -141, -268, 1210, 146, -634, -658, -307, 
-688, -488, 200, 588, -444, -143, -273, 1205, 146, -634, -658, -307, 
-692, -488, 204, 590, -448, -141, -273, 1205, 146, -629, -653, -307, 
-702, -492, 209, 597, -456, -141, -273, 1205, 146, -629, -653, -307, 
-692, -492, 200, 592, -446, -146, -278, 1205, 146, -644, -644, -307, 
-692, -492, 200, 592, -446, -146, -278, 1205, 146, -644, -644, -302, 
-683, -483, 200, 583, -441, -141, -283, 1200, 146, -634, -644, -297, 
-683, -478, 204, 580, -444, -136, -283, 1200, 151, -629, -639, -297, 
-683, -478, 204, 580, -444, -136, -283, 1210, 151, -629, -644, -297, 
-683, -478, 204, 580, -444, -136, -283, 1205, 156, -629, -644, -292, 
-678, -473, 204, 575, -441, -134, -283, 1205, 156, -624, -639, -287, 
-678, -473, 204, 575, -441, -134, -283, 1205, 161, -619, -639, -287, 
-683, -473, 209, 578, -446, -131, -283, 1205, 170, -610, -629, -278, 
-678, -473, 204, 575, -441, -134, -283, 1205, 175, -610, -624, -278, 
-678, -468, 209, 573, -444, -129, -287, 1205, 175, -610, -619, -278, 
-673, -463, 209, 568, -441, -126, -287, 1205, 180, -605, -619, -278, 
-673, -458, 214, 566, -444, -122, -292, 1195, 170, -605, -629, -287, 
-678, -453, 224, 566, -451, -114, -292, 1190, 170, -595, -629, -283, 
-678, -444, 234, 561, -456, -104, -297, 1190, 170, -595, -624, -283, 
-673, -439, 234, 556, -453, -102, -302, 1190, 175, -595, -624, -283, 
-668, -439, 229, 553, -448, -104, -302, 1180, 170, -590, -624, -292, 
-663, -434, 229, 549, -446, -102, -302, 1180, 175, -595, -619, -287, 
-653, -429, 224, 541, -439, -102, -307, 1180, 180, -590, -614, -287, 
-649, -424, 224, 536, -436, -100, -307, 1180, 180, -590, -610, -278, 
-658, -424, 234, 541, -446, -95, -312, 1171, 180, -590, -605, -268, 
-658, -419, 239, 539, -448, -90, -317, 1171, 180, -585, -605, -263, 
-653, -414, 239, 534, -446, -87, -322, 1171, 180, -585, -600, -258, 
-653, -409, 244, 531, -448, -82, -322, 1171, 190, -585, -595, -258, 
-649, -414, 234, 531, -441, -90, -322, 1176, 195, -580, -585, -248, 
-649, -409, 239, 529, -444, -85, -322, 1171, 195, -566, -585, -244, 
-649, -405, 244, 527, -446, -80, -326, 1161, 200, -556, -575, -239, 
-649, -400, 248, 524, -448, -75, -326, 1161, 204, -551, -570, -234, 
-639, -395, 244, 517, -441, -75, -326, 1171, 200, -546, -556, -219, 
-639, -390, 248, 514, -444, -70, -331, 1161, 200, -546, -551, -214, 
-634, -385, 248, 509, -441, -68, -336, 1161, 200, -536, -551, -209, 
-634, -380, 253, 507, -444, -63, -336, 1161, 200, -531, -541, -204, 
-644, -375, 268, 509, -456, -53, -341, 1151, 200, -531, -546, -209, 
-634, -375, 258, 505, -446, -58, -341, 1141, 204, -531, -546, -209, 
-634, -370, 263, 502, -448, -53, -346, 1141, 204, -531, -541, -209, 
-634, -366, 268, 500, -451, -48, -346, 1137, 204, -531, -541, -214, 
-634, -356, 278, 495, -456, -39, -361, 1137, 204, -531, -541, -214, 
-634, -351, 283, 492, -458, -34, -361, 1132, 204, -531, -531, -204, 
-634, -346, 287, 490, -461, -29, -361, 1132, 200, -527, -531, -200, 
-639, -341, 297, 490, -468, -21, -366, 1132, 200, -522, -531, -195, 
-639, -351, 287, 495, -463, -31, -361, 1141, 200, -522, -527, -185, 
-634, -351, 283, 492, -458, -34, -366, 1132, 195, -522, -522, -185, 
-629, -351, 278, 490, -453, -36, -366, 1132, 195, -522, -522, -185, 
-619, -336, 283, 478, -451, -26, -366, 1137, 209, -517, -517, -185, 
-619, -341, 278, 480, -448, -31, -375, 1137, 209, -517, -527, -185, 
-619, -336, 283, 478, -451, -26, -375, 1122, 204, -517, -522, -185, 
-624, -336, 287, 480, -456, -24, -380, 1122, 195, -517, -522, -185, 
-624, -336, 287, 480, -456, -24, -380, 1122, 190, -517, -517, -185, 
-624, -331, 292, 478, -458, -19, -380, 1112, 190, -517, -507, -195, 
-624, -331, 292, 478, -458, -19, -380, 1112, 190, -517, -507, -185, 
-624, -331, 292, 478, -458, -19, -380, 1112, 190, -517, -507, -185, 
-629, -331, 297, 480, -463, -17, -380, 1112, 190, -512, -502, -175, 
-629, -322, 307, 475, -468, -7, -380, 1112, 190, -512, -502, -165, 
-629, -322, 307, 475, -468, -7, -380, 1112, 190, -522, -507, -165, 
-629, -322, 307, 475, -468, -7, -380, 1112, 185, -522, -507, -165, 
-629, -322, 307, 475, -468, -7, -380, 1112, 185, -522, -507, -165, 
-629, -317, 312, 473, -470, -2, -380, 1112, 185, -517, -512, -165, 
-629, -317, 312, 473, -470, -2, -375, 1112, 180, -517, -512, -165, 
-629, -317, 312, 473, -470, -2, -375, 1117, 180, -522, -512, -165, 
-634, -326, 307, 480, -470, -9, -375, 1117, 180, -527, -512, -170, 
-634, -317, 317, 475, -475, 0, -385, 1117, 180, -527, -517, -175, 
-639, -322, 317, 480, -478, -2, -385, 1117, 180, -536, -527, -185, 
-644, -326, 317, 485, -480, -4, -375, 1117, 175, -536, -531, -190, 
-644, -331, 312, 488, -478, -9, -375, 1117, 170, -541, -531, -195, 
-649, -346, 302, 497, -475, -21, -366, 1122, 175, -541, -541, -190, 
-653, -351, 302, 502, -478, -24, -361, 1122, 170, -546, -546, -195, 
-658, -356, 302, 507, -480, -26, -351, 1122, 165, -551, -561, -195, 
-663, -366, 297, 514, -480, -34, -346, 1132, 161, -561, -570, -200, 
-653, -380, 273, 517, -463, -53, -341, 1137, 156, -566, -575, -209, 
-658, -385, 273, 522, -466, -56, -341, 1137, 151, -575, -580, -224, 
-658, -395, 263, 527, -461, -65, -341, 1141, 141, -585, -585, -234, 
-658, -400, 258, 529, -458, -70, -336, 1146, 141, -585, -585, -244, 
-678, -395, 283, 536, -480, -56, -326, 1151, 146, -590, -590, -253, 
-678, -405, 273, 541, -475, -65, -322, 1156, 136, -600, -600, -253, 
-678, -409, 268, 544, -473, -70, -317, 1156, 126, -610, -614, -263, 
-673, -419, 253, 546, -463, -82, -312, 1161, 122, -610, -619, -268, 
-683, -424, 258, 553, -470, -82, -312, 1166, 126, -629, -624, -263, 
-688, -429, 258, 558, -473, -85, -312, 1166, 126, -634, -634, -263, 
-692, -434, 258, 563, -475, -87, -312, 1171, 122, -634, -634, -268, 
-692, -439, 253, 566, -473, -92, -307, 1176, 117, -634, -639, -273, 
-692, -448, 244, 570, -468, -102, -307, 1185, 102, -639, -644, -283, 
-692, -448, 244, 570, -468, -102, -297, 1190, 97, -649, -644, -283, 
-688, -448, 239, 568, -463, -104, -297, 1190, 92, -649, -644, -283, 
-688, -448, 239, 568, -463, -104, -297, 1195, 92, -653, -649, -283, 
-688, -453, 234, 570, -461, -109, -302, 1185, 92, -649, -663, -292, 
-688, -458, 229, 573, -458, -114, -297, 1185, 92, -649, -663, -302, 
-692, -463, 229, 578, -461, -117, -297, 1185, 82, -653, -668, -302, 
-692, -468, 224, 580, -458, -122, -297, 1185, 82, -653, -668, -302, 
-702, -468, 234, 585, -468, -117, -287, 1185, 92, -653, -668, -307, 
-702, -468, 234, 585, -468, -117, -292, 1185, 87, -653, -668, -307, 
-702, -473, 229, 588, -466, -122, -292, 1185, 87, -658, -668, -302, 
-702, -473, 229, 588, -466, -122, -287, 1190, 87, -658, -668, -302, 
-692, -473, 219, 583, -456, -126, -287, 1190, 78, -668, -673, -302, 
-697, -473, 224, 585, -461, -124, -287, 1190, 78, -668, -673, -307, 
-697, -473, 224, 585, -461, -124, -287, 1185, 78, -668, -673, -307, 
-697, -473, 224, 585, -461, -124, -287, 1185, 78, -668, -678, -307, 
-697, -483, 214, 590, -456, -134, -283, 1190, 82, -668, -673, -307, 
-697, -483, 214, 590, -456, -134, -283, 1190, 82, -673, -673, -307, 
-702, -483, 219, 592, -461, -131, -283, 1190, 82, -673, -673, -312, 
-702, -483, 219, 592, -461, -131, -287, 1190, 82, -673, -673, -312, 
-702, -478, 224, 590, -463, -126, -287, 1190, 73, -673, -683, -307, 
-702, -478, 224, 590, -463, -126, -287, 1190, 78, -673, -683, -307, 
-702, -478, 224, 590, -463, -126, -287, 1190, 78, -668, -678, -307, 
-702, -478, 224, 590, -463, -126, -283, 1190, 78, -668, -678, -302, 
-697, -468, 229, 583, -463, -119, -292, 1185, 73, -683, -678, -312, 
-697, -468, 229, 583, -463, -119, -297, 1185, 73, -683, -678, -312, 
-697, -468, 229, 583, -463, -119, -297, 1185, 73, -683, -673, -312, 
-702, -468, 234, 585, -468, -117, -297, 1185, 78, -683, -673, -312, 
-692, -468, 224, 580, -458, -122, -297, 1190, 78, -673, -678, -307, 
-692, -468, 224, 580, -458, -122, -297, 1190, 78, -673, -683, -307, 
-692, -468, 224, 580, -458, -122, -297, 1190, 78, -673, -683, -307, 
-692, -468, 224, 580, -458, -122, -297, 1190, 78, -673, -683, -307, 
-692, -468, 224, 580, -458, -122, -297, 1180, 78, -673, -683, -297, 
-697, -468, 229, 583, -463, -119, -297, 1180, 78, -673, -683, -302, 
-702, -468, 234, 585, -468, -117, -292, 1180, 78, -673, -678, -302, 
-707, -468, 239, 588, -473, -114, -292, 1180, 78, -668, -678, -302, 
-697, -468, 229, 583, -463, -119, -292, 1180, 78, -678, -678, -302, 
-697, -468, 229, 583, -463, -119, -292, 1180, 78, -678, -678, -297, 
-697, -468, 229, 583, -463, -119, -297, 1180, 82, -678, -683, -297, 
-697, -468, 229, 583, -463, -119, -302, 1180, 82, -678, -683, -292, 
-697, -468, 229, 583, -463, -119, -292, 1190, 92, -668, -673, -287, 
-697, -468, 229, 583, -463, -119, -292, 1190, 92, -668, -673, -287, 
-697, -468, 229, 583, -463, -119, -292, 1190, 92, -668, -673, -283, 
-697, -468, 229, 583, -463, -119, -292, 1190, 92, -668, -668, -278, 
-692, -463, 229, 578, -461, -117, -292, 1180, 92, -658, -668, -287, 
-692, -463, 229, 578, -461, -117, -292, 1180, 92, -658, -668, -283, 
-692, -463, 229, 578, -461, -117, -297, 1180, 92, -653, -668, -283, 
-692, -463, 229, 578, -461, -117, -297, 1180, 92, -653, -668, -278, 
-683, -463, 219, 573, -451, -122, -307, 1180, 87, -663, -678, -283, 
-683, -458, 224, 570, -453, -117, -307, 1176, 87, -663, -678, -283, 
-683, -458, 224, 570, -453, -117, -307, 1176, 87, -663, -678, -287, 
-688, -458, 229, 573, -458, -114, -307, 1176, 87, -663, -678, -292, 
-688, -458, 229, 573, -458, -114, -307, 1185, 87, -668, -678, -292, 
-683, -453, 229, 568, -456, -112, -307, 1185, 87, -668, -678, -297, 
-678, -453, 224, 566, -451, -114, -307, 1180, 87, -663, -678, -297, 
-678, -453, 224, 566, -451, -114, -307, 1180, 87, -663, -678, -297, 
-678, -463, 214, 570, -446, -124, -297, 1176, 87, -668, -668, -287, 
-683, -468, 214, 575, -448, -126, -307, 1176, 87, -668, -668, -287, 
-683, -468, 214, 575, -448, -126, -307, 1176, 87, -668, -668, -287, 
-683, -468, 214, 575, -448, -126, -302, 1176, 87, -668, -678, -283, 
-683, -458, 224, 570, -453, -117, -312, 1176, 78, -668, -678, -292, 
-683, -458, 224, 570, -453, -117, -312, 1176, 78, -668, -673, -292, 
-683, -458, 224, 570, -453, -117, -317, 1176, 78, -668, -673, -297, 
-683, -458, 224, 570, -453, -117, -317, 1176, 78, -668, -678, -297, 
-683, -458, 224, 570, -453, -117, -307, 1176, 82, -663, -688, -302, 
-683, -458, 224, 570, -453, -117, -307, 1176, 82, -663, -683, -302, 
-683, -458, 224, 570, -453, -117, -307, 1176, 82, -668, -683, -302, 
-678, -458, 219, 568, -448, -119, -307, 1176, 82, -668, -683, -302, 
-678, -453, 224, 566, -451, -114, -307, 1176, 82, -678, -683, -292, 
-683, -453, 229, 568, -456, -112, -307, 1176, 82, -678, -683, -292, 
-683, -453, 229, 568, -456, -112, -307, 1176, 78, -678, -683, -292, 
-678, -453, 224, 566, -451, -114, -307, 1171, 78, -678, -688, -297, 
-678, -453, 224, 566, -451, -114, -307, 1180, 78, -678, -678, -287, 
-683, -453, 229, 568, -456, -112, -302, 1180, 78, -678, -673, -287, 
-683, -453, 229, 568, -456, -112, -302, 1180, 73, -683, -673, -287, 
-683, -458, 224, 570, -453, -117, -302, 1176, 73, -683, -673, -287, 
-683, -458, 224, 570, -453, -117, -312, 1185, 82, -673, -673, -278, 
-683, -463, 219, 573, -451, -122, -312, 1185, 73, -678, -673, -283, 
-683, -468, 214, 575, -448, -126, -312, 1185, 63, -683, -673, -287, 
-688, -468, 219, 578, -453, -124, -312, 1185, 63, -688, -678, -287, 
-678, -458, 219, 568, -448, -119, -302, 1185, 63, -688, -688, -297, 
-678, -458, 219, 568, -448, -119, -302, 1185, 58, -688, -688, -297, 
-678, -458, 219, 568, -448, -119, -302, 1185, 58, -683, -688, -297, 
-678, -458, 219, 568, -448, -119, -302, 1185, 58, -683, -688, -297, 
-678, -458, 219, 568, -448, -119, -302, 1185, 68, -692, -678, -292, 
-673, -458, 214, 566, -444, -122, -302, 1185, 63, -692, -678, -292, 
-673, -463, 209, 568, -441, -126, -302, 1185, 63, -692, -678, -297, 
-673, -463, 209, 568, -441, -126, -307, 1185, 63, -692, -683, -297, 
-673, -463, 209, 568, -441, -126, -307, 1176, 63, -697, -683, -287, 
-668, -463, 204, 566, -436, -129, -302, 1180, 63, -697, -688, -287, 
-668, -463, 204, 566, -436, -129, -302, 1180, 58, -702, -688, -292, 
-673, -463, 209, 568, -441, -126, -302, 1176, 58, -702, -688, -292, 
-683, -463, 219, 573, -451, -122, -312, 1185, 58, -692, -692, -287, 
-683, -463, 219, 573, -451, -122, -312, 1185, 58, -692, -692, -287, 
-683, -468, 214, 575, -448, -126, -312, 1185, 58, -688, -692, -287, 
-683, -468, 214, 575, -448, -126, -312, 1185, 58, -688, -688, -283, 
-673, -463, 209, 568, -441, -126, -312, 1185, 53, -697, -688, -292, 
-673, -463, 209, 568, -441, -126, -312, 1185, 53, -697, -688, -292, 
-673, -468, 204, 570, -439, -131, -312, 1185, 53, -702, -688, -292, 
-673, -468, 204, 570, -439, -131, -312, 1190, 53, -702, -688, -292, 
-673, -473, 200, 573, -436, -136, -312, 1180, 43, -707, -697, -297, 
-673, -473, 200, 573, -436, -136, -312, 1180, 43, -707, -697, -297, 
-673, -468, 204, 570, -439, -131, -312, 1180, 39, -707, -697, -297, 
-673, -468, 204, 570, -439, -131, -312, 1180, 39, -707, -697, -297, 
-673, -468, 204, 570, -439, -131, -312, 1180, 53, -707, -697, -307, 
-673, -468, 204, 570, -439, -131, -312, 1180, 53, -707, -697, -307, 
-673, -463, 209, 568, -441, -126, -312, 1180, 48, -707, -697, -312, 
-673, -463, 209, 568, -441, -126, -312, 1180, 43, -707, -697, -312, 
-673, -468, 204, 570, -439, -131, -312, 1171, 34, -702, -688, -307, 
-673, -468, 204, 570, -439, -131, -312, 1171, 34, -702, -688, -302, 
-673, -468, 204, 570, -439, -131, -312, 1171, 34, -702, -688, -302, 
-673, -468, 204, 570, -439, -131, -312, 1171, 39, -702, -688, -297, 
-673, -468, 204, 570, -439, -131, -312, 1180, 39, -702, -688, -287, 
-673, -468, 204, 570, -439, -131, -312, 1180, 34, -707, -688, -292, 
-673, -468, 204, 570, -439, -131, -312, 1180, 34, -717, -692, -302, 
-673, -473, 200, 573, -436, -136, -312, 1180, 39, -717, -697, -307, 
-673, -473, 200, 573, -436, -136, -312, 1180, 48, -722, -697, -302, 
-673, -468, 204, 570, -439, -131, -312, 1180, 39, -722, -697, -302, 
-673, -468, 204, 570, -439, -131, -312, 1180, 39, -727, -697, -302, 
-673, -468, 204, 570, -439, -131, -312, 1180, 39, -732, -697, -302, 
-673, -468, 204, 570, -439, -131, -312, 1180, 39, -722, -707, -302, 
-673, -468, 204, 570, -439, -131, -312, 1185, 39, -717, -707, -302, 
-668, -468, 200, 568, -434, -134, -312, 1185, 39, -717, -702, -307, 
-668, -468, 200, 568, -434, -134, -307, 1185, 39, -717, -702, -312, 
-668, -458, 209, 563, -439, -124, -307, 1185, 29, -712, -712, -312, 
-668, -458, 209, 563, -439, -124, -312, 1180, 29, -712, -712, -312, 
-673, -458, 214, 566, -444, -122, -312, 1180, 29, -712, -717, -317, 
-673, -463, 209, 568, -441, -126, -312, 1180, 24, -717, -717, -317, 
-673, -463, 209, 568, -441, -126, -312, 1190, 24, -717, -707, -307, 
-673, -463, 209, 568, -441, -126, -312, 1190, 29, -722, -702, -307, 
-673, -463, 209, 568, -441, -126, -312, 1190, 29, -722, -697, -307, 
-673, -463, 209, 568, -441, -126, -312, 1190, 29, -717, -688, -302, 
-663, -463, 200, 563, -431, -131, -312, 1180, 24, -717, -697, -302, 
-663, -463, 200, 563, -431, -131, -312, 1180, 24, -722, -702, -307, 
-663, -463, 200, 563, -431, -131, -312, 1180, 24, -722, -702, -307, 
-663, -458, 204, 561, -434, -126, -312, 1180, 24, -717, -702, -307, 
-673, -468, 204, 570, -439, -131, -312, 1190, 24, -717, -712, -302, 
-668, -468, 200, 568, -434, -134, -312, 1190, 24, -717, -712, -302, 
-668, -468, 200, 568, -434, -134, -317, 1190, 24, -722, -712, -302, 
-673, -468, 204, 570, -439, -131, -317, 1190, 24, -727, -712, -302, 
-663, -458, 204, 561, -434, -126, -317, 1180, 19, -727, -702, -292, 
-658, -458, 200, 558, -429, -129, -317, 1180, 19, -722, -702, -297, 
-658, -458, 200, 558, -429, -129, -317, 1180, 19, -722, -702, -297, 
-658, -463, 195, 561, -427, -134, -322, 1180, 19, -722, -702, -297, 
-663, -463, 200, 563, -431, -131, -322, 1180, 19, -732, -707, -307, 
-663, -463, 200, 563, -431, -131, -322, 1180, 19, -732, -707, -302, 
-663, -463, 200, 563, -431, -131, -322, 1180, 19, -732, -707, -302, 
-663, -463, 200, 563, -431, -131, -322, 1180, 19, -732, -707, -302, 
-653, -453, 200, 553, -427, -126, -317, 1180, 19, -736, -722, -307, 
-653, -458, 195, 556, -424, -131, -317, 1180, 19, -736, -722, -317, 
-653, -458, 195, 556, -424, -131, -317, 1180, 19, -736, -722, -322, 
-653, -458, 195, 556, -424, -131, -317, 1180, 14, -736, -722, -326, 
-663, -468, 195, 566, -429, -136, -312, 1176, 14, -727, -722, -326, 
-663, -463, 200, 563, -431, -131, -312, 1176, 14, -727, -722, -326, 
-663, -463, 200, 563, -431, -131, -312, 1176, 14, -727, -722, -326, 
-668, -463, 204, 566, -436, -129, -312, 1180, 14, -727, -722, -326, 
-668, -453, 214, 561, -441, -119, -322, 1180, 14, -736, -727, -322, 
-668, -453, 214, 561, -441, -119, -322, 1180, 14, -741, -727, -312, 
-663, -453, 209, 558, -436, -122, -322, 1180, 14, -741, -727, -307, 
-663, -453, 209, 558, -436, -122, -326, 1180, 14, -741, -722, -302, 
-653, -453, 200, 553, -427, -126, -326, 1180, 14, -741, -722, -312, 
-653, -453, 200, 553, -427, -126, -322, 1180, 14, -741, -722, -312, 
-653, -458, 195, 556, -424, -131, -317, 1180, 14, -741, -722, -312, 
-653, -458, 195, 556, -424, -131, -317, 1180, 9, -741, -722, -317, 
-663, -463, 200, 563, -431, -131, -317, 1190, 19, -732, -712, -307, 
-663, -463, 200, 563, -431, -131, -322, 1190, 14, -732, -712, -307, 
-663, -463, 200, 563, -431, -131, -322, 1190, 14, -732, -717, -307, 
-663, -463, 200, 563, -431, -131, -322, 1190, 14, -732, -717, -312, 
-653, -453, 200, 553, -427, -126, -326, 1180, 4, -741, -712, -302, 
-653, -453, 200, 553, -427, -126, -326, 1180, 4, -741, -712, -307, 
-653, -453, 200, 553, -427, -126, -326, 1180, 4, -751, -717, -307, 
-653, -453, 200, 553, -427, -126, -326, 1176, 4, -751, -717, -302, 
-663, -453, 209, 558, -436, -122, -326, 1176, 9, -746, -727, -312, 
-663, -453, 209, 558, -436, -122, -326, 1176, 9, -746, -727, -317, 
-663, -453, 209, 558, -436, -122, -326, 1176, 4, -746, -727, -317, 
-663, -453, 209, 558, -436, -122, -331, 1180, 4, -746, -727, -312, 
-663, -453, 209, 558, -436, -122, -331, 1180, 4, -736, -727, -312, 
-663, -453, 209, 558, -436, -122, -326, 1180, 4, -741, -727, -312, 
-663, -453, 209, 558, -436, -122, -326, 1180, 4, -741, -727, -312, 
-663, -453, 209, 558, -436, -122, -326, 1180, 4, -741, -727, -312, 
-663, -453, 209, 558, -436, -122, -317, 1180, 14, -751, -717, -317, 
-663, -453, 209, 558, -436, -122, -322, 1180, 14, -751, -717, -317, 
-663, -458, 204, 561, -434, -126, -322, 1180, 19, -751, -717, -322, 
-663, -458, 204, 561, -434, -126, -322, 1180, 19, -751, -717, -326, 
-653, -444, 209, 549, -431, -117, -331, 1180, 9, -741, -712, -312, 
-653, -448, 204, 551, -429, -122, -331, 1180, 9, -741, -722, -322, 
-653, -448, 204, 551, -429, -122, -331, 1180, 9, -751, -722, -322, 
-653, -448, 204, 551, -429, -122, -331, 1180, 9, -751, -722, -322, 
-653, -448, 204, 551, -429, -122, -331, 1180, 9, -751, -722, -322, 
-653, -448, 204, 551, -429, -122, -331, 1180, 9, -751, -722, -322, 
-663, -458, 204, 561, -434, -126, -331, 1171, 9, -741, -732, -331, 
-663, -458, 204, 561, -434, -126, -331, 1171, 9, -741, -732, -331, 
-663, -458, 204, 561, -434, -126, -331, 1171, 9, -741, -732, -331, 
-663, -458, 204, 561, -434, -126, -331, 1171, 9, -741, -732, -331, 
-653, -458, 195, 556, -424, -131, -331, 1180, 0, -751, -732, -331, 
-653, -458, 195, 556, -424, -131, -331, 1180, 0, -751, -732, -331, 
-653, -458, 195, 556, -424, -131, -331, 1180, 0, -751, -732, -331, 
-653, -458, 195, 556, -424, -131, -331, 1180, 0, -751, -732, -331, 
-663, -458, 204, 561, -434, -126, -331, 1180, 9, -761, -722, -322, 
-663, -458, 204, 561, -434, -126, -331, 1180, 9, -761, -722, -322, 
-663, -458, 204, 561, -434, -126, -331, 1180, 9, -761, -722, -322, 
-663, -458, 204, 561, -434, -126, -331, 1180, 9, -761, -722, -322, 
-653, -458, 195, 556, -424, -131, -331, 1180, 9, -761, -722, -312, 
-653, -458, 195, 556, -424, -131, -331, 1180, 9, -761, -722, -312, 
-653, -458, 195, 556, -424, -131, -331, 1180, 9, -761, -722, -312, 
-653, -458, 195, 556, -424, -131, -331, 1180, 9, -761, -722, -312, 
-653, -458, 195, 556, -424, -131, -331, 1180, 0, -751, -732, -302, 
-653, -458, 195, 556, -424, -131, -331, 1180, 0, -751, -732, -302, 
-653, -458, 195, 556, -424, -131, -331, 1180, 0, -751, -732, -302, 
-653, -458, 195, 556, -424, -131, -331, 1180, 0, -751, -732, -302, 
-653, -458, 195, 556, -424, -131, -331, 1180, 0, -751, -722, -312, 
-653, -458, 195, 556, -424, -131, -331, 1180, 0, -751, -722, -312, 
-653, -458, 195, 556, -424, -131, -331, 1180, 0, -751, -722, -312, 
-653, -458, 195, 556, -424, -131, -331, 1180, 0, -751, -722, -312, 
-653, -458, 195, 556, -424, -131, -331, 1180, 0, -761, -732, -312, 
-653, -458, 195, 556, -424, -131, -331, 1180, 0, -761, -732, -312, 
-653, -458, 195, 556, -424, -131, -331, 1180, 0, -761, -732, -312, 
-653, -458, 195, 556, -424, -131, -331, 1180, 0, -761, -732, -312, 
-653, -448, 204, 551, -429, -122, -341, 1180, 0, -761, -732, -322, 
-653, -448, 204, 551, -429, -122, -341, 1180, 0, -761, -732, -322, 
-653, -448, 204, 551, -429, -122, -341, 1180, 0, -761, -732, -322, 
-653, -448, 204, 551, -429, -122, -341, 1180, 0, -761, -732, -322, 
-653, -458, 195, 556, -424, -131, -341, 1180, 0, -771, -732, -312, 
-653, -458, 195, 556, -424, -131, -341, 1180, 0, -771, -732, -312, 
-653, -458, 195, 556, -424, -131, -341, 1180, 0, -771, -732, -312, 
-653, -458, 195, 556, -424, -131, -341, 1180, 0, -771, -732, -312, 
-653, -458, 195, 556, -424, -131, -341, 1180, 0, -761, -732, -302, 
-653, -458, 195, 556, -424, -131, -341, 1180, 0, -761, -732, -302, 
-653, -458, 195, 556, -424, -131, -341, 1180, 0, -761, -732, -302, 
-653, -458, 195, 556, -424, -131, -341, 1180, 0, -761, -732, -302, 
-644, -448, 195, 546, -419, -126, -341, 1180, 0, -761, -732, -307, 
-644, -448, 195, 546, -419, -126, -341, 1180, 0, -761, -732, -312, 
-644, -448, 195, 546, -419, -126, -341, 1180, 0, -761, -732, -317, 
-644, -448, 195, 546, -419, -126, -341, 1180, 0, -761, -732, -322, 
-653, -458, 195, 556, -424, -131, -341, 1171, 0, -761, -741, -312, 
-653, -458, 195, 556, -424, -131, -341, 1171, 0, -761, -741, -312, 
-653, -458, 195, 556, -424, -131, -341, 1171, 0, -761, -741, -312, 
-653, -458, 195, 556, -424, -131, -341, 1171, -4, -761, -741, -312, 
-644, -458, 185, 551, -414, -136, -341, 1176, -4, -761, -741, -302, 
-644, -458, 185, 551, -414, -136, -341, 1176, 0, -766, -741, -302, 
-644, -458, 185, 551, -414, -136, -341, 1176, 0, -766, -736, -302, 
-639, -458, 180, 549, -409, -139, -336, 1176, 0, -766, -736, -302, 
-639, -448, 190, 544, -414, -129, -331, 1176, 9, -761, -727, -302, 
-639, -448, 190, 544, -414, -129, -331, 1176, 9, -761, -727, -302, 
-639, -448, 190, 544, -414, -129, -341, 1176, 9, -756, -727, -302, 
-639, -444, 195, 541, -417, -124, -341, 1176, 14, -756, -727, -302, 
-639, -439, 200, 539, -419, -119, -341, 1176, 24, -746, -727, -302, 
-634, -434, 200, 534, -417, -117, -346, 1176, 24, -746, -727, -297, 
-634, -429, 204, 531, -419, -112, -346, 1176, 24, -746, -722, -292, 
-629, -429, 200, 529, -414, -114, -346, 1176, 24, -736, -722, -287, 
-629, -424, 204, 527, -417, -109, -366, 1171, 14, -746, -712, -278, 
-629, -414, 214, 522, -422, -100, -366, 1171, 19, -746, -707, -278, 
-629, -405, 224, 517, -427, -90, -370, 1171, 29, -736, -707, -273, 
-624, -385, 239, 505, -431, -73, -380, 1156, 34, -732, -697, -263, 
-624, -366, 258, 495, -441, -53, -395, 1146, 48, -732, -697, -273, 
-624, -351, 273, 488, -448, -39, -400, 1132, 58, -722, -688, -268, 
-619, -351, 268, 485, -444, -41, -405, 1127, 58, -717, -688, -268, 
-619, -341, 278, 480, -448, -31, -409, 1117, 63, -712, -688, -268, 
-624, -336, 287, 480, -456, -24, -405, 1122, 68, -707, -697, -268, 
-624, -336, 287, 480, -456, -24, -414, 1122, 73, -707, -697, -268, 
-624, -336, 287, 480, -456, -24, -414, 1122, 78, -712, -697, -268, 
-614, -341, 273, 478, -444, -34, -414, 1122, 78, -712, -697, -268, 
-600, -346, 253, 473, -427, -46, -414, 1137, 87, -712, -697, -253, 
-595, -351, 244, 473, -419, -53, -409, 1146, 82, -712, -688, -248, 
-595, -361, 234, 478, -414, -63, -409, 1151, 82, -707, -683, -244, 
-585, -366, 219, 475, -402, -73, -409, 1151, 78, -707, -683, -239, 
-585, -375, 209, 480, -397, -82, -400, 1161, 63, -707, -678, -244, 
-580, -380, 200, 480, -390, -90, -405, 1156, 58, -707, -678, -248, 
-575, -380, 195, 478, -385, -92, -414, 1151, 58, -707, -678, -253, 
-575, -380, 195, 478, -385, -92, -424, 1151, 48, -707, -678, -258, 
-580, -370, 209, 475, -395, -80, -414, 1141, 43, -717, -683, -268, 
-580, -370, 209, 475, -395, -80, -409, 1146, 43, -717, -688, -278, 
-580, -375, 204, 478, -392, -85, -409, 1146, 39, -722, -697, -283, 
-580, -375, 204, 478, -392, -85, -409, 1146, 29, -727, -702, -287, 
-590, -385, 204, 488, -397, -90, -409, 1151, 24, -727, -697, -278, 
-585, -385, 200, 485, -392, -92, -409, 1151, 19, -736, -697, -273, 
-585, -385, 200, 485, -392, -92, -409, 1156, 14, -741, -702, -268, 
-585, -395, 190, 490, -387, -102, -409, 1156, 9, -746, -702, -268, 
-580, -390, 190, 485, -385, -100, -405, 1151, 4, -741, -702, -263, 
-580, -400, 180, 490, -380, -109, -405, 1146, 4, -741, -702, -263, 
-580, -400, 180, 490, -380, -109, -405, 1137, 0, -741, -702, -263, 
-580, -400, 180, 490, -380, -109, -405, 1127, -4, -741, -702, -263, 
-595, -405, 190, 500, -392, -107, -400, 1137, 0, -746, -707, -263, 
-600, -419, 180, 509, -390, -119, -390, 1141, 0, -751, -712, -263, 
-610, -424, 185, 517, -397, -119, -375, 1141, -4, -756, -712, -268, 
-614, -434, 180, 524, -397, -126, -366, 1141, -9, -761, -717, -278, 
-619, -434, 185, 527, -402, -124, -366, 1151, -9, -766, -732, -287, 
-624, -444, 180, 534, -402, -131, -361, 1151, -14, -766, -741, -292, 
-634, -444, 190, 539, -412, -126, -351, 1151, -14, -766, -741, -292, 
-634, -448, 185, 541, -409, -131, -346, 1151, -14, -771, -741, -292, 
-634, -448, 185, 541, -409, -131, -351, 1151, -24, -771, -741, -302, 
-644, -453, 190, 549, -417, -131, -346, 1151, -24, -771, -741, -307, 
-649, -458, 190, 553, -419, -134, -346, 1151, -34, -780, -741, -312, 
-649, -468, 180, 558, -414, -143, -346, 1161, -39, -780, -751, -317, 
-649, -463, 185, 556, -417, -139, -346, 1171, -39, -785, -766, -317, 
-649, -463, 185, 556, -417, -139, -341, 1171, -39, -790, -766, -317, 
-649, -468, 180, 558, -414, -143, -336, 1166, -34, -790, -766, -317, 
-653, -473, 180, 563, -417, -146, -336, 1166, -29, -790, -771, -322, 
-644, -473, 170, 558, -407, -151, -336, 1166, -34, -795, -771, -312, 
-649, -473, 175, 561, -412, -148, -341, 1166, -34, -795, -771, -312, 
-649, -473, 175, 561, -412, -148, -341, 1166, -39, -795, -771, -312, 
-649, -473, 175, 561, -412, -148, -336, 1171, -39, -795, -775, -312, 
-649, -473, 175, 561, -412, -148, -336, 1161, -39, -785, -771, -312, 
-644, -473, 170, 558, -407, -151, -336, 1161, -39, -785, -766, -312, 
-644, -473, 170, 558, -407, -151, -341, 1156, -39, -785, -761, -312, 
-644, -473, 170, 558, -407, -151, -341, 1156, -39, -780, -751, -312, 
-644, -468, 175, 556, -409, -146, -341, 1166, -39, -780, -751, -312, 
-644, -468, 175, 556, -409, -146, -341, 1166, -39, -785, -756, -312, 
-644, -468, 175, 556, -409, -146, -341, 1166, -39, -785, -756, -312, 
-649, -473, 175, 561, -412, -148, -341, 1166, -39, -785, -756, -312, 
-649, -473, 175, 561, -412, -148, -341, 1166, -39, -795, -766, -312, 
-649, -468, 180, 558, -414, -143, -341, 1166, -39, -795, -766, -312, 
-649, -468, 180, 558, -414, -143, -341, 1166, -39, -790, -766, -312, 
-649, -468, 180, 558, -414, -143, -341, 1166, -39, -790, -766, -312, 
-644, -468, 175, 556, -409, -146, -341, 1156, -34, -790, -766, -312, 
-644, -468, 175, 556, -409, -146, -341, 1156, -34, -790, -766, -312, 
-639, -468, 170, 553, -405, -148, -341, 1156, -34, -790, -766, -312, 
-639, -468, 170, 553, -405, -148, -341, 1151, -34, -795, -766, -312, 
-639, -458, 180, 549, -409, -139, -341, 1161, -34, -785, -761, -302, 
-653, -468, 185, 561, -419, -141, -341, 1156, -39, -780, -761, -302, 
-644, -468, 175, 556, -409, -146, -341, 1166, -29, -780, -761, -302, 
-639, -473, 165, 556, -402, -153, -326, 1190, -29, -785, -771, -312, 
-629, -492, 136, 561, -383, -178, -322, 1220, -39, -785, -775, -326, 
-619, -502, 117, 561, -368, -192, -307, 1249, -24, -785, -775, -326, 
-600, -502, 97, 551, -348, -202, -307, 1288, -4, -795, -780, -341, 
-600, -522, 78, 561, -339, -222, -292, 1312, 29, -775, -790, -370, 
-600, -517, 82, 558, -341, -217, -292, 1312, 73, -751, -771, -361, 
-600, -453, 146, 527, -373, -153, -302, 1288, 151, -707, -732, -331, 
-595, -370, 224, 483, -409, -73, -331, 1239, 244, -634, -688, -292, 
-595, -278, 317, 436, -456, 19, -366, 1185, 297, -561, -624, -239, 
-590, -175, 414, 383, -502, 119, -419, 1117, 351, -478, -531, -146, 
-570, -43, 527, 307, -549, 241, -468, 1049, 405, -375, -424, -29, 
-556, 107, 663, 224, -610, 385, -551, 936, 444, -278, -287, 112, 
-551, 258, 810, 146, -680, 534, -644, 795, 448, -195, -151, 253, 
-541, 395, 936, 73, -739, 666, -727, 673, 414, -122, -24, 390, 
-522, 541, 1063, -9, -793, 802, -805, 551, 356, -53, 102, 512, 
-507, 653, 1161, -73, -834, 907, -878, 434, 258, -19, 200, 629, 
-483, 751, 1234, -134, -858, 993, -932, 361, 156, 19, 297, 741, 
-463, 844, 1307, -190, -885, 1076, -985, 312, 48, 63, 390, 844, 
-522, 917, 1439, -197, -980, 1178, -1005, 258, -68, 92, 463, 927, 
-614, 971, 1586, -178, -1100, 1278, -990, 224, -190, 126, 517, 966, 
-644, 1000, 1644, -178, -1144, 1322, -1000, 209, -302, 136, 517, 966, 
-673, 927, 1600, -126, -1137, 1263, -976, 234, -444, 39, 419, 888, 
-741, 668, 1410, 36, -1076, 1039, -868, 341, -585, -195, 151, 649, 
-805, 297, 1102, 253, -954, 700, -707, 527, -678, -478, -209, 307, 
-854, 29, 883, 412, -868, 456, -570, 678, -707, -702, -517, 34, 
-902, -53, 849, 478, -875, 397, -492, 736, -717, -819, -673, -117, 
-927, -107, 819, 517, -873, 356, -439, 761, -692, -868, -736, -185, 
-907, -209, 697, 558, -802, 244, -385, 829, -668, -897, -771, -239, 
-883, -346, 536, 614, -710, 95, -331, 917, -624, -946, -819, -273, 
-868, -468, 400, 668, -634, -34, -268, 995, -570, -1005, -878, -317, 
-858, -536, 322, 697, -590, -107, -239, 1034, -497, -1015, -907, -341, 
-834, -546, 287, 690, -561, -129, -248, 1058, -405, -971, -883, -322, 
-785, -536, 248, 661, -517, -143, -258, 1083, -317, -917, -839, -307, 
-746, -527, 219, 636, -483, -153, -273, 1098, -244, -883, -810, -317, 
-722, -512, 209, 617, -466, -151, -297, 1093, -185, -863, -805, -312, 
-688, -483, 204, 585, -446, -139, -322, 1107, -141, -844, -795, -312, 
-658, -473, 185, 566, -422, -143, -351, 1122, -102, -834, -790, -336, 
-639, -468, 170, 553, -405, -148, -361, 1132, -68, -814, -785, -346, 
-629, -458, 170, 544, -400, -143, -356, 1141, -43, -790, -790, -322, 
-624, -448, 175, 536, -400, -136, -351, 1146, -19, -780, -785, -307, 
-634, -453, 180, 544, -407, -136, -341, 1156, -14, -775, -775, -297, 
-644, -439, 204, 541, -424, -117, -341, 1156, -14, -771, -771, -292, 
-639, -434, 204, 536, -422, -114, -341, 1151, -14, -766, -766, -287, 
-639, -439, 200, 539, -419, -119, -351, 1141, -14, -775, -756, -287, 
-634, -429, 204, 531, -419, -112, -351, 1137, -9, -775, -756, -292, 
-629, -439, 190, 534, -409, -124, -351, 1137, -4, -785, -761, -297, 
-629, -439, 190, 534, -409, -124, -351, 1146, 4, -790, -766, -302, 
-624, -453, 170, 539, -397, -141, -346, 1151, 9, -790, -766, -302, 
-624, -458, 165, 541, -395, -146, -341, 1156, 0, -785, -761, -307, 
-624, -458, 165, 541, -395, -146, -341, 1161, 4, -785, -761, -307, 
-624, -458, 165, 541, -395, -146, -346, 1161, 4, -780, -761, -302, 
-619, -453, 165, 536, -392, -143, -346, 1156, 4, -780, -761, -302, 
-619, -448, 170, 534, -395, -139, -346, 1151, 9, -780, -766, -302, 
-619, -448, 170, 534, -395, -139, -351, 1151, 9, -780, -761, -302, 
-614, -439, 175, 527, -395, -131, -351, 1151, 9, -780, -751, -302, 
-614, -439, 175, 527, -395, -131, -356, 1151, 9, -780, -751, -302, 
-619, -434, 185, 527, -402, -124, -361, 1151, 9, -771, -761, -302, 
-619, -434, 185, 527, -402, -124, -361, 1151, 9, -771, -761, -307, 
-610, -434, 175, 522, -392, -129, -361, 1156, 9, -771, -761, -307, 
-619, -439, 180, 529, -400, -129, -361, 1156, 9, -771, -756, -302, 
-614, -429, 185, 522, -400, -122, -370, 1151, 19, -771, -766, -302, 
-614, -429, 185, 522, -400, -122, -370, 1151, 19, -771, -766, -302, 
-610, -419, 190, 514, -400, -114, -370, 1151, 14, -771, -766, -302, 
-610, -419, 190, 514, -400, -114, -370, 1146, 14, -766, -766, -297, 
-610, -424, 185, 517, -397, -119, -366, 1156, 14, -766, -756, -297, 
-610, -424, 185, 517, -397, -119, -366, 1156, 14, -766, -761, -302, 
-610, -429, 180, 519, -395, -124, -370, 1156, 14, -766, -761, -302, 
-605, -429, 175, 517, -390, -126, -370, 1156, 14, -761, -761, -302, 
-614, -429, 185, 522, -400, -122, -370, 1146, 24, -761, -751, -302, 
-614, -429, 185, 522, -400, -122, -375, 1146, 24, -766, -751, -302, 
-614, -424, 190, 519, -402, -117, -375, 1146, 24, -766, -751, -297, 
-614, -424, 190, 519, -402, -117, -370, 1146, 24, -766, -746, -297, 
-605, -424, 180, 514, -392, -122, -370, 1146, 24, -766, -751, -297, 
-605, -424, 180, 514, -392, -122, -380, 1146, 24, -766, -751, -297, 
-600, -414, 185, 507, -392, -114, -380, 1146, 24, -761, -751, -297, 
-600, -409, 190, 505, -395, -109, -380, 1146, 24, -761, -751, -297, 
-595, -400, 195, 497, -395, -102, -380, 1146, 14, -766, -741, -297, 
-595, -400, 195, 497, -395, -102, -385, 1146, 14, -766, -746, -297, 
-595, -400, 195, 497, -395, -102, -385, 1146, 14, -766, -746, -297, 
-595, -405, 190, 500, -392, -107, -385, 1146, 19, -761, -746, -292, 
-595, -405, 190, 500, -392, -107, -385, 1146, 19, -761, -746, -292, 
-595, -409, 185, 502, -390, -112, -385, 1146, 19, -761, -746, -292, 
-595, -409, 185, 502, -390, -112, -385, 1146, 19, -761, -746, -292, 
-595, -405, 190, 500, -392, -107, -385, 1146, 19, -761, -746, -287, 
-605, -395, 209, 500, -407, -92, -385, 1146, 29, -761, -746, -297, 
-600, -395, 204, 497, -402, -95, -385, 1146, 29, -761, -746, -302, 
-600, -390, 209, 495, -405, -90, -385, 1146, 29, -761, -746, -302, 
-600, -390, 209, 495, -405, -90, -385, 1141, 29, -761, -746, -302, 
-595, -400, 195, 497, -395, -102, -390, 1141, 29, -761, -746, -292, 
-590, -400, 190, 495, -390, -104, -390, 1141, 34, -756, -746, -292, 
-580, -400, 180, 490, -380, -109, -395, 1141, 34, -756, -746, -287, 
-575, -395, 180, 485, -378, -107, -395, 1141, 34, -761, -746, -287, 
-585, -395, 190, 490, -387, -102, -395, 1141, 34, -761, -756, -292, 
-585, -395, 190, 490, -387, -102, -395, 1141, 34, -756, -751, -292, 
-580, -395, 185, 488, -383, -104, -395, 1146, 34, -756, -751, -287, 
-580, -395, 185, 488, -383, -104, -395, 1146, 34, -751, -751, -287, 
-580, -385, 195, 483, -387, -95, -395, 1146, 29, -761, -741, -278, 
-580, -385, 195, 483, -387, -95, -395, 1146, 29, -761, -741, -278, 
-580, -385, 195, 483, -387, -95, -400, 1146, 34, -761, -741, -283, 
-575, -385, 190, 480, -383, -97, -400, 1146, 34, -761, -741, -283, 
-575, -390, 185, 483, -380, -102, -400, 1137, 39, -756, -741, -287, 
-580, -390, 190, 485, -385, -100, -400, 1137, 39, -756, -741, -292, 
-580, -390, 190, 485, -385, -100, -405, 1137, 39, -756, -741, -297, 
-575, -385, 190, 480, -383, -97, -405, 1137, 48, -751, -741, -302, 
-575, -390, 185, 483, -380, -102, -405, 1141, 39, -751, -751, -292, 
-575, -390, 185, 483, -380, -102, -405, 1141, 39, -746, -751, -292, 
-580, -390, 190, 485, -385, -100, -400, 1141, 43, -741, -741, -292, 
-580, -390, 190, 485, -385, -100, -400, 1141, 48, -741, -741, -292, 
-580, -380, 200, 480, -390, -90, -405, 1141, 48, -741, -736, -292, 
-570, -380, 190, 475, -380, -95, -409, 1137, 48, -741, -736, -287, 
-570, -380, 190, 475, -380, -95, -409, 1137, 48, -736, -732, -283, 
-575, -385, 190, 480, -383, -97, -409, 1137, 48, -736, -732, -278, 
-570, -385, 185, 478, -378, -100, -414, 1127, 48, -741, -732, -278, 
-566, -385, 180, 475, -373, -102, -414, 1127, 48, -741, -732, -273, 
-551, -375, 175, 463, -363, -100, -419, 1122, 48, -732, -732, -268, 
-546, -370, 175, 458, -361, -97, -419, 1122, 53, -727, -727, -268, 
-551, -370, 180, 461, -366, -95, -419, 1122, 63, -736, -722, -268, 
-556, -370, 185, 463, -370, -92, -419, 1117, 68, -736, -722, -263, 
-556, -366, 190, 461, -373, -87, -419, 1117, 68, -732, -717, -258, 
-561, -366, 195, 463, -378, -85, -419, 1117, 73, -727, -717, -258, 
-566, -366, 200, 466, -383, -82, -419, 1117, 73, -717, -717, -268, 
-561, -366, 195, 463, -378, -85, -419, 1117, 78, -717, -712, -268, 
-561, -361, 200, 461, -380, -80, -424, 1117, 78, -717, -707, -268, 
-556, -356, 200, 456, -378, -78, -424, 1117, 82, -712, -707, -268, 
-556, -351, 204, 453, -380, -73, -429, 1117, 92, -712, -707, -258, 
-561, -346, 214, 453, -387, -65, -429, 1112, 92, -702, -707, -253, 
-561, -336, 224, 448, -392, -56, -434, 1112, 92, -702, -702, -253, 
-556, -331, 224, 444, -390, -53, -439, 1112, 97, -702, -702, -253, 
-546, -341, 204, 444, -375, -68, -439, 1112, 92, -702, -702, -253, 
-546, -336, 209, 441, -378, -63, -439, 1112, 97, -702, -697, -248, 
-541, -331, 209, 436, -375, -61, -444, 1112, 102, -692, -692, -248, 
-541, -326, 214, 434, -378, -56, -444, 1112, 102, -688, -688, -239, 
-541, -317, 224, 429, -383, -46, -448, 1102, 112, -688, -683, -248, 
-541, -312, 229, 427, -385, -41, -453, 1102, 112, -683, -683, -244, 
-536, -307, 229, 422, -383, -39, -458, 1102, 112, -683, -678, -239, 
-536, -302, 234, 419, -385, -34, -458, 1102, 122, -683, -673, -239, 
-522, -297, 224, 409, -373, -36, -468, 1098, 126, -673, -673, -239, 
-522, -292, 229, 407, -375, -31, -468, 1093, 126, -663, -673, -234, 
-522, -287, 234, 405, -378, -26, -473, 1083, 131, -658, -663, -229, 
-522, -283, 239, 402, -380, -21, -473, 1083, 136, -658, -658, -224, 
-531, -287, 244, 409, -387, -21, -473, 1083, 131, -653, -644, -219, 
-531, -283, 248, 407, -390, -17, -478, 1073, 131, -653, -639, -214, 
-527, -278, 248, 402, -387, -14, -483, 1073, 131, -644, -639, -209, 
-527, -273, 253, 400, -390, -9, -483, 1073, 131, -639, -629, -204, 
-517, -268, 248, 392, -383, -9, -478, 1073, 131, -634, -629, -204, 
-507, -268, 239, 387, -373, -14, -478, 1063, 136, -629, -634, -200, 
-507, -263, 244, 385, -375, -9, -483, 1063, 136, -624, -634, -195, 
-507, -258, 248, 383, -378, -4, -483, 1058, 136, -619, -639, -195, 
-507, -248, 258, 378, -383, 4, -497, 1068, 146, -619, -634, -195, 
-507, -244, 263, 375, -385, 9, -497, 1063, 146, -619, -619, -185, 
-507, -239, 268, 373, -387, 14, -497, 1063, 141, -614, -614, -180, 
-512, -234, 278, 373, -395, 21, -502, 1063, 141, -610, -610, -175, 
-507, -234, 273, 370, -390, 19, -507, 1063, 141, -610, -605, -165, 
-507, -234, 273, 370, -390, 19, -512, 1054, 136, -610, -600, -165, 
-507, -234, 273, 370, -390, 19, -512, 1054, 136, -610, -600, -165, 
-502, -219, 283, 361, -392, 31, -512, 1058, 151, -605, -595, -165, 
-507, -224, 283, 366, -395, 29, -512, 1058, 146, -595, -605, -165, 
-502, -219, 283, 361, -392, 31, -512, 1044, 146, -595, -600, -165, 
-502, -219, 283, 361, -392, 31, -517, 1044, 141, -595, -600, -165, 
-497, -219, 278, 358, -387, 29, -517, 1044, 141, -595, -595, -165, 
-507, -214, 292, 361, -400, 39, -517, 1034, 141, -605, -595, -161, 
-507, -214, 292, 361, -400, 39, -517, 1034, 141, -605, -595, -146, 
-507, -214, 292, 361, -400, 39, -517, 1034, 141, -605, -595, -141, 
-512, -214, 297, 363, -405, 41, -517, 1034, 141, -600, -590, -126, 
-502, -214, 287, 358, -395, 36, -517, 1044, 131, -590, -580, -141, 
-502, -214, 287, 358, -395, 36, -517, 1044, 131, -600, -585, -146, 
-502, -214, 287, 358, -395, 36, -517, 1044, 126, -600, -585, -151, 
-502, -214, 287, 358, -395, 36, -517, 1044, 126, -600, -585, -156, 
-502, -219, 283, 361, -392, 31, -517, 1034, 117, -605, -590, -165, 
-502, -219, 283, 361, -392, 31, -512, 1034, 112, -605, -590, -165, 
-502, -219, 283, 361, -392, 31, -512, 1039, 112, -610, -590, -165, 
-507, -229, 278, 368, -392, 24, -512, 1039, 112, -614, -590, -170, 
-507, -229, 278, 368, -392, 24, -512, 1039, 102, -619, -595, -170, 
-512, -234, 278, 373, -395, 21, -512, 1039, 102, -634, -605, -175, 
-517, -239, 278, 378, -397, 19, -502, 1039, 97, -639, -610, -175, 
-517, -244, 273, 380, -395, 14, -502, 1039, 92, -649, -610, -175, 
-522, -239, 283, 380, -402, 21, -502, 1044, 87, -639, -619, -180, 
-527, -244, 283, 385, -405, 19, -497, 1044, 82, -644, -624, -185, 
-531, -248, 283, 390, -407, 17, -488, 1044, 78, -649, -639, -185, 
-536, -258, 278, 397, -407, 9, -483, 1054, 73, -658, -649, -190, 
-536, -263, 273, 400, -405, 4, -478, 1058, 68, -673, -653, -195, 
-541, -268, 273, 405, -407, 2, -478, 1058, 63, -683, -658, -204, 
-541, -278, 263, 409, -402, -7, -478, 1063, 53, -692, -663, -209, 
-541, -283, 258, 412, -400, -12, -473, 1068, 53, -692, -663, -214, 
-551, -287, 263, 419, -407, -12, -473, 1073, 48, -707, -668, -214, 
-551, -297, 253, 424, -402, -21, -468, 1078, 39, -717, -678, -214, 
-551, -302, 248, 427, -400, -26, -463, 1078, 29, -727, -692, -224, 
-546, -312, 234, 429, -390, -39, -458, 1083, 24, -727, -697, -229, 
-546, -317, 229, 431, -387, -43, -458, 1078, 29, -736, -702, -244, 
-551, -322, 229, 436, -390, -46, -458, 1078, 29, -741, -712, -244, 
-556, -326, 229, 441, -392, -48, -458, 1083, 24, -741, -712, -248, 
-556, -331, 224, 444, -390, -53, -453, 1088, 19, -741, -717, -253, 
-566, -341, 224, 453, -395, -58, -453, 1088, 4, -746, -722, -263, 
-566, -341, 224, 453, -395, -58, -444, 1093, 0, -756, -722, -263, 
-561, -341, 219, 451, -390, -61, -444, 1093, -4, -756, -722, -263, 
-561, -341, 219, 451, -390, -61, -444, 1098, -4, -761, -727, -263, 
-561, -346, 214, 453, -387, -65, -448, 1098, -4, -766, -732, -263, 
-561, -351, 209, 456, -385, -70, -444, 1098, -4, -766, -732, -273, 
-566, -356, 209, 461, -387, -73, -444, 1098, -14, -771, -736, -273, 
-566, -361, 204, 463, -385, -78, -444, 1098, -14, -771, -736, -273, 
-575, -361, 214, 468, -395, -73, -434, 1098, -14, -771, -746, -268, 
-575, -361, 214, 468, -395, -73, -439, 1098, -19, -771, -746, -268, 
-575, -366, 209, 470, -392, -78, -439, 1098, -19, -775, -746, -263, 
-575, -366, 209, 470, -392, -78, -434, 1102, -19, -775, -746, -263, 
-566, -356, 209, 461, -387, -73, -434, 1102, -19, -775, -751, -263, 
-570, -356, 214, 463, -392, -70, -434, 1102, -19, -775, -751, -268, 
-570, -356, 214, 463, -392, -70, -434, 1098, -19, -775, -751, -268, 
-570, -356, 214, 463, -392, -70, -434, 1098, -19, -775, -756, -268, 
-570, -356, 214, 463, -392, -70, -429, 1093, -34, -775, -761, -283, 
-570, -356, 214, 463, -392, -70, -429, 1093, -34, -780, -761, -287, 
-575, -356, 219, 466, -397, -68, -429, 1093, -34, -780, -761, -297, 
-575, -356, 219, 466, -397, -68, -434, 1093, -34, -780, -761, -302, 
-575, -361, 214, 468, -395, -73, -434, 1093, -34, -790, -771, -297, 
-575, -361, 214, 468, -395, -73, -434, 1093, -29, -790, -771, -297, 
-575, -361, 214, 468, -395, -73, -434, 1093, -29, -785, -766, -297, 
-575, -361, 214, 468, -395, -73, -429, 1093, -29, -785, -766, -292, 
-580, -361, 219, 470, -400, -70, -429, 1098, -34, -790, -756, -292, 
-580, -361, 219, 470, -400, -70, -434, 1098, -34, -790, -756, -292, 
-580, -361, 219, 470, -400, -70, -434, 1098, -34, -790, -751, -292, 
-585, -361, 224, 473, -405, -68, -434, 1098, -29, -790, -751, -292, 
-575, -361, 214, 468, -395, -73, -424, 1093, -29, -790, -756, -287, 
-575, -361, 214, 468, -395, -73, -424, 1093, -29, -790, -761, -287, 
-575, -361, 214, 468, -395, -73, -424, 1093, -29, -790, -761, -287, 
-575, -361, 214, 468, -395, -73, -424, 1093, -29, -790, -761, -287, 
-570, -361, 209, 466, -390, -75, -434, 1102, -29, -780, -761, -287, 
-570, -361, 209, 466, -390, -75, -434, 1102, -29, -780, -761, -292, 
-570, -361, 209, 466, -390, -75, -429, 1102, -29, -780, -756, -292, 
-570, -361, 209, 466, -390, -75, -429, 1102, -29, -775, -756, -292, 
-580, -361, 219, 470, -400, -70, -429, 1093, -19, -775, -746, -283, 
-580, -361, 219, 470, -400, -70, -429, 1093, -19, -775, -746, -278, 
-580, -361, 219, 470, -400, -70, -434, 1093, -14, -775, -751, -278, 
-580, -361, 219, 470, -400, -70, -439, 1093, -14, -775, -751, -273, 
-570, -361, 209, 466, -390, -75, -439, 1083, -14, -775, -751, -273, 
-570, -361, 209, 466, -390, -75, -439, 1083, -14, -775, -751, -278, 
-570, -361, 209, 466, -390, -75, -439, 1083, -14, -775, -751, -278, 
-570, -361, 209, 466, -390, -75, -439, 1083, -14, -775, -746, -278, 
-566, -346, 219, 456, -392, -63, -448, 1083, -14, -785, -756, -278, 
-566, -346, 219, 456, -392, -63, -448, 1083, -14, -785, -756, -273, 
-566, -346, 219, 456, -392, -63, -453, 1083, -14, -780, -756, -273, 
-566, -346, 219, 456, -392, -63, -453, 1083, -14, -780, -756, -268, 
-556, -356, 200, 456, -378, -78, -444, 1083, -19, -790, -756, -278, 
-556, -351, 204, 453, -380, -73, -444, 1078, -19, -790, -756, -273, 
-556, -351, 204, 453, -380, -73, -444, 1078, -19, -790, -756, -273, 
-561, -351, 209, 456, -385, -70, -444, 1078, -19, -790, -756, -273, 
-551, -351, 200, 451, -375, -75, -453, 1088, -19, -785, -746, -263, 
-546, -346, 200, 446, -373, -73, -453, 1088, -19, -785, -746, -268, 
-541, -346, 195, 444, -368, -75, -453, 1083, -19, -780, -746, -268, 
-541, -346, 195, 444, -368, -75, -453, 1083, -19, -780, -746, -268, 
-541, -336, 204, 439, -373, -65, -444, 1078, -19, -785, -756, -273, 
-546, -341, 204, 444, -375, -68, -453, 1078, -19, -785, -756, -278, 
-546, -341, 204, 444, -375, -68, -453, 1078, -19, -785, -756, -283, 
-546, -341, 204, 444, -375, -68, -448, 1078, -19, -785, -766, -283, 
-546, -331, 214, 439, -380, -58, -448, 1088, -19, -785, -766, -283, 
-546, -331, 214, 439, -380, -58, -448, 1088, -19, -785, -761, -283, 
-546, -331, 214, 439, -380, -58, -453, 1088, -19, -785, -761, -287, 
-546, -331, 214, 439, -380, -58, -453, 1088, -19, -785, -766, -287, 
-546, -341, 204, 444, -375, -68, -453, 1078, -24, -780, -766, -283, 
-546, -341, 204, 444, -375, -68, -453, 1078, -24, -780, -761, -283, 
-546, -341, 204, 444, -375, -68, -453, 1078, -24, -785, -761, -283, 
-541, -341, 200, 441, -370, -70, -453, 1078, -24, -785, -761, -283, 
-541, -326, 214, 434, -378, -56, -453, 1078, -24, -795, -761, -273, 
-546, -326, 219, 436, -383, -53, -453, 1078, -24, -795, -761, -273, 
-546, -326, 219, 436, -383, -53, -453, 1078, -29, -795, -761, -273, 
-541, -326, 214, 434, -378, -56, -453, 1073, -29, -795, -766, -278, 
-541, -326, 214, 434, -378, -56, -453, 1083, -29, -785, -756, -268, 
-546, -326, 219, 436, -383, -53, -448, 1083, -29, -785, -751, -268, 
-546, -326, 219, 436, -383, -53, -448, 1083, -34, -790, -751, -268, 
-546, -331, 214, 439, -380, -58, -448, 1078, -34, -790, -751, -268, 
-536, -341, 195, 439, -366, -73, -448, 1088, -24, -800, -751, -268, 
-536, -346, 190, 441, -363, -78, -448, 1088, -34, -805, -751, -273, 
-536, -351, 185, 444, -361, -82, -448, 1088, -43, -810, -751, -278, 
-541, -351, 190, 446, -366, -80, -448, 1088, -43, -814, -756, -278, 
-541, -351, 190, 446, -366, -80, -448, 1088, -34, -805, -766, -287, 
-541, -351, 190, 446, -366, -80, -448, 1088, -39, -805, -766, -287, 
-541, -351, 190, 446, -366, -80, -448, 1088, -39, -800, -766, -287, 
-541, -351, 190, 446, -366, -80, -448, 1088, -39, -800, -766, -287, 
-541, -341, 200, 441, -370, -70, -448, 1088, -39, -810, -766, -292, 
-536, -341, 195, 439, -366, -73, -448, 1088, -43, -810, -766, -292, 
-536, -346, 190, 441, -363, -78, -448, 1088, -43, -810, -766, -297, 
-536, -346, 190, 441, -363, -78, -453, 1088, -43, -810, -771, -297, 
-546, -346, 200, 446, -373, -73, -463, 1088, -43, -805, -761, -292, 
-541, -346, 195, 444, -368, -75, -458, 1093, -43, -805, -766, -287, 
-541, -346, 195, 444, -368, -75, -458, 1093, -48, -810, -766, -287, 
-546, -346, 200, 446, -373, -73, -458, 1088, -48, -810, -766, -283, 
-536, -356, 180, 446, -358, -87, -448, 1088, -48, -810, -771, -287, 
-536, -356, 180, 446, -358, -87, -448, 1088, -48, -810, -771, -287, 
-536, -361, 175, 448, -356, -92, -448, 1088, -48, -805, -771, -287, 
-536, -361, 175, 448, -356, -92, -448, 1088, -48, -805, -766, -283, 
-546, -346, 200, 446, -373, -73, -448, 1088, -53, -814, -775, -292, 
-546, -346, 200, 446, -373, -73, -448, 1088, -53, -814, -775, -292, 
-546, -351, 195, 448, -370, -78, -448, 1088, -53, -819, -775, -292, 
-546, -351, 195, 448, -370, -78, -448, 1093, -53, -819, -775, -292, 
-536, -356, 180, 446, -358, -87, -448, 1083, -53, -814, -785, -307, 
-536, -356, 180, 446, -358, -87, -448, 1083, -53, -814, -785, -307, 
-536, -351, 185, 444, -361, -82, -448, 1083, -58, -814, -785, -307, 
-536, -351, 185, 444, -361, -82, -448, 1083, -58, -814, -785, -307, 
-536, -346, 190, 441, -363, -78, -458, 1083, -63, -814, -775, -307, 
-536, -341, 195, 439, -366, -73, -458, 1083, -63, -814, -775, -307, 
-536, -331, 204, 434, -370, -63, -458, 1083, -68, -814, -775, -312, 
-536, -326, 209, 431, -373, -58, -458, 1083, -73, -814, -775, -312, 
-536, -341, 195, 439, -366, -73, -453, 1093, -63, -810, -766, -302, 
-536, -341, 195, 439, -366, -73, -448, 1093, -63, -810, -766, -292, 
-536, -341, 195, 439, -366, -73, -444, 1093, -63, -810, -766, -287, 
-536, -341, 195, 439, -366, -73, -439, 1093, -58, -810, -766, -278, 
-536, -351, 185, 444, -361, -82, -448, 1083, -68, -810, -756, -278, 
-536, -351, 185, 444, -361, -82, -448, 1083, -73, -814, -756, -283, 
-536, -351, 185, 444, -361, -82, -448, 1083, -73, -824, -761, -292, 
-536, -356, 180, 446, -358, -87, -448, 1083, -68, -824, -766, -297, 
-536, -356, 180, 446, -358, -87, -439, 1083, -58, -810, -775, -292, 
-536, -351, 185, 444, -361, -82, -439, 1083, -68, -810, -775, -292, 
-536, -351, 185, 444, -361, -82, -439, 1083, -68, -814, -775, -292, 
-536, -351, 185, 444, -361, -82, -439, 1083, -68, -819, -775, -292, 
-546, -351, 195, 448, -370, -78, -448, 1093, -68, -819, -775, -297, 
-546, -351, 195, 448, -370, -78, -448, 1098, -68, -814, -775, -292, 
-541, -351, 190, 446, -366, -80, -448, 1098, -68, -814, -771, -292, 
-541, -351, 190, 446, -366, -80, -444, 1098, -68, -814, -771, -292, 
-541, -341, 200, 441, -370, -70, -444, 1088, -68, -819, -771, -302, 
-541, -341, 200, 441, -370, -70, -448, 1083, -68, -819, -771, -302, 
-546, -341, 204, 444, -375, -68, -448, 1083, -68, -819, -775, -307, 
-546, -346, 200, 446, -373, -73, -448, 1083, -73, -824, -775, -307, 
-536, -346, 190, 441, -363, -78, -439, 1093, -73, -824, -780, -307, 
-536, -346, 190, 441, -363, -78, -439, 1093, -68, -829, -780, -307, 
-536, -346, 190, 441, -363, -78, -439, 1093, -68, -829, -780, -307, 
-536, -346, 190, 441, -363, -78, -439, 1093, -68, -824, -775, -302, 
-527, -356, 170, 441, -348, -92, -448, 1083, -82, -824, -775, -292, 
-527, -356, 170, 441, -348, -92, -448, 1083, -82, -829, -780, -297, 
-527, -356, 170, 441, -348, -92, -448, 1083, -82, -829, -780, -297, 
-527, -351, 175, 439, -351, -87, -448, 1083, -82, -824, -780, -297, 
-536, -341, 195, 439, -366, -73, -448, 1083, -82, -814, -771, -302, 
-531, -341, 190, 436, -361, -75, -448, 1083, -82, -814, -771, -302, 
-531, -341, 190, 436, -361, -75, -453, 1083, -82, -819, -771, -302, 
-536, -341, 195, 439, -366, -73, -453, 1083, -82, -824, -771, -302, 
-536, -341, 195, 439, -366, -73, -444, 1083, -78, -824, -780, -302, 
-531, -341, 190, 436, -361, -75, -444, 1083, -78, -819, -780, -307, 
-531, -341, 190, 436, -361, -75, -444, 1083, -78, -819, -780, -307, 
-531, -346, 185, 439, -358, -80, -448, 1083, -78, -819, -780, -307, 
-536, -346, 190, 441, -363, -78, -448, 1093, -87, -829, -775, -307, 
-536, -346, 190, 441, -363, -78, -448, 1093, -87, -829, -775, -302, 
-536, -346, 190, 441, -363, -78, -448, 1093, -87, -829, -775, -302, 
-536, -346, 190, 441, -363, -78, -448, 1093, -87, -829, -775, -302, 
-536, -346, 190, 441, -363, -78, -453, 1083, -87, -824, -780, -302, 
-536, -351, 185, 444, -361, -82, -453, 1083, -87, -824, -780, -307, 
-536, -351, 185, 444, -361, -82, -453, 1083, -87, -824, -780, -307, 
-536, -351, 185, 444, -361, -82, -453, 1083, -92, -824, -780, -307, 
-536, -341, 195, 439, -366, -73, -448, 1088, -82, -824, -780, -307, 
-536, -336, 200, 436, -368, -68, -448, 1088, -82, -824, -780, -307, 
-536, -336, 200, 436, -368, -68, -448, 1088, -82, -824, -780, -307, 
-541, -336, 204, 439, -373, -65, -448, 1093, -82, -824, -780, -307, 
-541, -336, 204, 439, -373, -65, -448, 1083, -92, -824, -785, -297, 
-541, -336, 204, 439, -373, -65, -448, 1083, -92, -829, -785, -292, 
-536, -336, 200, 436, -368, -68, -448, 1083, -92, -829, -785, -292, 
-536, -336, 200, 436, -368, -68, -453, 1083, -92, -829, -780, -292, 
-536, -346, 190, 441, -363, -78, -453, 1093, -92, -829, -771, -292, 
-536, -346, 190, 441, -363, -78, -448, 1093, -92, -829, -771, -292, 
-536, -351, 185, 444, -361, -82, -444, 1093, -92, -829, -771, -292, 
-536, -351, 185, 444, -361, -82, -444, 1093, -97, -829, -771, -297, 
-527, -346, 180, 436, -353, -82, -444, 1093, -87, -819, -771, -297, 
-527, -346, 180, 436, -353, -82, -448, 1093, -92, -819, -771, -297, 
-527, -346, 180, 436, -353, -82, -448, 1093, -92, -819, -775, -297, 
-527, -346, 180, 436, -353, -82, -448, 1093, -92, -819, -775, -302, 
-527, -336, 190, 431, -358, -73, -444, 1083, -92, -829, -771, -302, 
-527, -336, 190, 431, -358, -73, -444, 1083, -92, -829, -771, -307, 
-527, -336, 190, 431, -358, -73, -444, 1083, -92, -839, -775, -307, 
-527, -336, 190, 431, -358, -73, -444, 1078, -92, -839, -775, -302, 
-527, -336, 190, 431, -358, -73, -453, 1078, -97, -834, -785, -302, 
-527, -336, 190, 431, -358, -73, -453, 1078, -97, -834, -785, -307, 
-527, -336, 190, 431, -358, -73, -453, 1078, -102, -834, -785, -307, 
-527, -336, 190, 431, -358, -73, -458, 1083, -102, -834, -785, -302, 
-517, -336, 180, 427, -348, -78, -458, 1093, -102, -834, -785, -302, 
-517, -336, 180, 427, -348, -78, -453, 1093, -102, -839, -785, -302, 
-517, -336, 180, 427, -348, -78, -453, 1093, -102, -839, -785, -302, 
-517, -336, 180, 427, -348, -78, -453, 1093, -102, -839, -785, -302, 
-517, -326, 190, 422, -353, -68, -453, 1083, -92, -829, -780, -312, 
-517, -326, 190, 422, -353, -68, -458, 1083, -92, -829, -775, -307, 
-517, -331, 185, 424, -351, -73, -458, 1083, -87, -829, -771, -307, 
-517, -331, 185, 424, -351, -73, -458, 1083, -87, -829, -766, -307, 
-517, -336, 180, 427, -348, -78, -448, 1083, -87, -839, -771, -312, 
-527, -331, 195, 429, -361, -68, -448, 1093, -87, -839, -780, -312, 
-527, -331, 195, 429, -361, -68, -448, 1093, -97, -839, -790, -312, 
-527, -331, 195, 429, -361, -68, -448, 1093, -97, -839, -790, -312, 
-527, -331, 195, 429, -361, -68, -448, 1093, -97, -839, -790, -312, 
-527, -331, 195, 429, -361, -68, -448, 1093, -97, -839, -790, -312, 
-527, -331, 195, 429, -361, -68, -448, 1083, -97, -829, -780, -312, 
-527, -331, 195, 429, -361, -68, -448, 1083, -97, -829, -780, -312, 
-527, -331, 195, 429, -361, -68, -448, 1083, -97, -829, -780, -312, 
-527, -331, 195, 429, -361, -68, -448, 1083, -97, -829, -780, -312, 
-536, -341, 195, 439, -366, -73, -448, 1083, -97, -839, -771, -302, 
-536, -341, 195, 439, -366, -73, -448, 1083, -97, -839, -771, -302, 
-536, -341, 195, 439, -366, -73, -448, 1083, -97, -839, -771, -302, 
-536, -341, 195, 439, -366, -73, -448, 1083, -97, -839, -771, -302, 
-527, -331, 195, 429, -361, -68, -448, 1083, -97, -839, -771, -302, 
-527, -331, 195, 429, -361, -68, -448, 1083, -97, -839, -771, -302, 
-527, -331, 195, 429, -361, -68, -448, 1083, -97, -839, -771, -302, 
-527, -331, 195, 429, -361, -68, -448, 1083, -97, -839, -771, -302, 
-527, -331, 195, 429, -361, -68, -458, 1083, -97, -839, -780, -302, 
-527, -331, 195, 429, -361, -68, -458, 1083, -97, -839, -780, -302, 
-527, -331, 195, 429, -361, -68, -458, 1083, -97, -839, -780, -302, 
-527, -331, 195, 429, -361, -68, -458, 1083, -97, -839, -780, -302, 
-527, -322, 204, 424, -366, -58, -448, 1083, -107, -839, -790, -307, 
-527, -322, 204, 424, -366, -58, -448, 1083, -107, -839, -790, -312, 
-527, -322, 204, 424, -366, -58, -448, 1083, -107, -839, -790, -317, 
-527, -322, 204, 424, -366, -58, -448, 1083, -107, -839, -790, -322, 
-527, -331, 195, 429, -361, -68, -458, 1083, -107, -849, -780, -312, 
-527, -331, 195, 429, -361, -68, -458, 1083, -107, -849, -780, -312, 
-527, -331, 195, 429, -361, -68, -458, 1083, -107, -849, -780, -312, 
-527, -331, 195, 429, -361, -68, -458, 1083, -107, -849, -780, -312, 
-517, -331, 185, 424, -351, -73, -448, 1083, -107, -839, -771, -312, 
-517, -331, 185, 424, -351, -73, -448, 1083, -107, -839, -771, -312, 
-517, -331, 185, 424, -351, -73, -448, 1083, -107, -839, -771, -312, 
-517, -331, 185, 424, -351, -73, -448, 1083, -107, -839, -771, -312, 
-527, -331, 195, 429, -361, -68, -448, 1093, -107, -829, -771, -302, 
-527, -331, 195, 429, -361, -68, -448, 1093, -107, -829, -771, -302, 
-527, -331, 195, 429, -361, -68, -448, 1093, -107, -829, -771, -302, 
-527, -331, 195, 429, -361, -68, -448, 1093, -107, -829, -771, -302, 
-527, -331, 195, 429, -361, -68, -458, 1083, -107, -839, -780, -312, 
-527, -331, 195, 429, -361, -68, -458, 1083, -107, -839, -780, -312, 
-527, -331, 195, 429, -361, -68, -458, 1083, -107, -839, -780, -312, 
-527, -331, 195, 429, -361, -68, -458, 1083, -107, -839, -780, -312, 
-527, -322, 204, 424, -366, -58, -458, 1073, -107, -839, -780, -312, 
-527, -322, 204, 424, -366, -58, -458, 1073, -107, -839, -780, -312, 
-527, -322, 204, 424, -366, -58, -458, 1073, -107, -839, -780, -312, 
-527, -322, 204, 424, -366, -58, -458, 1073, -107, -839, -780, -312, 
-517, -312, 204, 414, -361, -53, -458, 1078, -107, -839, -780, -312, 
-517, -312, 204, 414, -361, -53, -458, 1083, -107, -839, -780, -312, 
-517, -312, 204, 414, -361, -53, -458, 1088, -107, -839, -780, -312, 
-517, -312, 204, 414, -361, -53, -458, 1093, -107, -839, -780, -312, 
-527, -317, 209, 422, -368, -53, -458, 1083, -117, -849, -780, -312, 
-527, -322, 204, 424, -366, -58, -458, 1083, -117, -849, -780, -312, 
-527, -326, 200, 427, -363, -63, -458, 1083, -117, -849, -780, -312, 
-527, -331, 195, 429, -361, -68, -458, 1083, -117, -849, -780, -312, 
-517, -331, 185, 424, -351, -73, -458, 1093, -117, -839, -780, -312, 
-517, -331, 185, 424, -351, -73, -458, 1093, -117, -839, -780, -312, 
-517, -331, 185, 424, -351, -73, -458, 1093, -117, -839, -780, -312, 
-517, -331, 185, 424, -351, -73, -458, 1093, -117, -839, -780, -312, 
-517, -322, 195, 419, -356, -63, -458, 1093, -117, -839, -780, -312, 
-517, -322, 195, 419, -356, -63, -458, 1093, -117, -839, -780, -312, 
-517, -322, 195, 419, -356, -63, -458, 1093, -117, -839, -780, -312, 
-517, -322, 195, 419, -356, -63, -458, 1093, -117, -839, -780, -312, 
-517, -312, 204, 414, -361, -53, -458, 1093, -117, -849, -780, -312, 
-517, -312, 204, 414, -361, -53, -458, 1093, -117, -849, -780, -312, 
-517, -312, 204, 414, -361, -53, -458, 1093, -117, -849, -780, -312, 
-517, -312, 204, 414, -361, -53, -458, 1093, -117, -849, -780, -312, 
-527, -312, 214, 419, -370, -48, -448, 1093, -107, -839, -780, -322, 
-527, -312, 214, 419, -370, -48, -448, 1093, -107, -839, -780, -322, 
-527, -312, 214, 419, -370, -48, -448, 1093, -107, -839, -780, -322, 
-527, -312, 214, 419, -370, -48, -448, 1093, -107, -839, -780, -322, 
-517, -312, 204, 414, -361, -53, -458, 1093, -117, -849, -780, -312, 
-517, -312, 204, 414, -361, -53, -458, 1093, -117, -849, -780, -312, 
-517, -312, 204, 414, -361, -53, -458, 1093, -117, -849, -780, -312, 
-517, -312, 204, 414, -361, -53, -458, 1093, -117, -849, -780, -312, 
-517, -322, 195, 419, -356, -63, -458, 1093, -117, -849, -780, -302, 
-517, -322, 195, 419, -356, -63, -458, 1093, -117, -849, -780, -302, 
-517, -322, 195, 419, -356, -63, -458, 1093, -117, -849, -780, -302, 
-517, -322, 195, 419, -356, -63, -458, 1093, -117, -849, -780, -302, 
-527, -322, 204, 424, -366, -58, -458, 1093, -117, -849, -780, -307, 
-527, -322, 204, 424, -366, -58, -458, 1093, -117, -849, -780, -312, 
-527, -322, 204, 424, -366, -58, -458, 1093, -117, -849, -780, -317, 
-527, -322, 204, 424, -366, -58, -458, 1093, -117, -849, -780, -322, 
-527, -322, 204, 424, -366, -58, -468, 1083, -126, -849, -790, -322, 
-527, -322, 204, 424, -366, -58, -468, 1083, -126, -849, -790, -322, 
-527, -322, 204, 424, -366, -58, -468, 1083, -126, -849, -790, -322, 
-527, -322, 204, 424, -366, -58, -468, 1083, -126, -849, -790, -322, 
-527, -312, 214, 419, -370, -48, -468, 1093, -117, -849, -790, -322, 
-527, -312, 214, 419, -370, -48, -468, 1093, -117, -849, -790, -322, 
-527, -312, 214, 419, -370, -48, -468, 1093, -117, -849, -790, -322, 
-527, -312, 214, 419, -370, -48, -468, 1093, -117, -849, -790, -322, 
-527, -312, 214, 419, -370, -48, -468, 1083, -117, -839, -780, -317, 
-527, -312, 214, 419, -370, -48, -468, 1083, -117, -839, -780, -312, 
-527, -312, 214, 419, -370, -48, -468, 1083, -117, -839, -780, -307, 
-527, -312, 214, 419, -370, -48, -468, 1083, -117, -839, -780, -302, 
-527, -322, 204, 424, -366, -58, -468, 1093, -117, -849, -780, -312, 
-527, -322, 204, 424, -366, -58, -468, 1093, -117, -849, -780, -312, 
-527, -322, 204, 424, -366, -58, -468, 1093, -117, -849, -780, -312, 
-527, -322, 204, 424, -366, -58, -468, 1093, -117, -849, -780, -312, 
-517, -312, 204, 414, -361, -53, -468, 1093, -117, -849, -780, -312, 
-517, -312, 204, 414, -361, -53, -468, 1093, -117, -849, -780, -312, 
-517, -312, 204, 414, -361, -53, -468, 1093, -117, -849, -780, -312, 
-517, -312, 204, 414, -361, -53, -468, 1093, -117, -849, -780, -312, 
-517, -302, 214, 409, -366, -43, -468, 1093, -126, -839, -790, -322, 
-517, -302, 214, 409, -366, -43, -468, 1093, -126, -839, -790, -322, 
-517, -302, 214, 409, -366, -43, -468, 1093, -126, -839, -790, -322, 
-517, -302, 214, 409, -366, -43, -468, 1093, -126, -839, -790, -322, 
-517, -302, 214, 409, -366, -43, -468, 1093, -126, -844, -780, -322, 
-517, -302, 214, 409, -366, -43, -468, 1093, -126, -849, -780, -322, 
-517, -302, 214, 409, -366, -43, -468, 1093, -126, -854, -780, -322, 
-517, -302, 214, 409, -366, -43, -468, 1093, -126, -858, -780, -322, 
-517, -312, 204, 414, -361, -53, -468, 1093, -126, -849, -780, -312, 
-517, -312, 204, 414, -361, -53, -468, 1093, -126, -849, -780, -312, 
-517, -312, 204, 414, -361, -53, -468, 1093, -126, -849, -780, -312, 
-517, -312, 204, 414, -361, -53, -468, 1093, -126, -849, -780, -312, 
-527, -302, 224, 414, -375, -39, -468, 1093, -126, -858, -790, -322, 
-527, -302, 224, 414, -375, -39, -468, 1093, -126, -858, -790, -322, 
-527, -302, 224, 414, -375, -39, -468, 1093, -126, -858, -790, -322, 
-527, -302, 224, 414, -375, -39, -468, 1093, -126, -858, -790, -322, 
-517, -292, 224, 405, -370, -34, -468, 1083, -126, -858, -790, -326, 
-517, -292, 224, 405, -370, -34, -468, 1083, -126, -858, -790, -331, 
-517, -292, 224, 405, -370, -34, -468, 1083, -126, -858, -790, -336, 
-517, -292, 224, 405, -370, -34, -468, 1083, -126, -858, -790, -341, 
-517, -302, 214, 409, -366, -43, -468, 1093, -126, -849, -790, -336, 
-517, -302, 214, 409, -366, -43, -468, 1093, -126, -849, -790, -331, 
-517, -302, 214, 409, -366, -43, -468, 1093, -126, -849, -790, -326, 
-517, -302, 214, 409, -366, -43, -468, 1093, -126, -849, -790, -322, 
-517, -312, 204, 414, -361, -53, -468, 1102, -126, -849, -780, -322, 
-517, -312, 204, 414, -361, -53, -468, 1102, -126, -849, -780, -322, 
-517, -312, 204, 414, -361, -53, -468, 1102, -126, -849, -780, -322, 
-517, -312, 204, 414, -361, -53, -468, 1102, -131, -849, -780, -322, 
-517, -307, 209, 412, -363, -48, -468, 1102, -141, -849, -790, -322, 
-517, -302, 214, 409, -366, -43, -468, 1098, -136, -854, -790, -322, 
-517, -297, 219, 407, -368, -39, -468, 1093, -136, -854, -785, -322, 
-512, -292, 219, 402, -366, -36, -463, 1088, -136, -854, -785, -322, 
-522, -292, 229, 407, -375, -31, -458, 1098, -126, -849, -785, -322, 
-522, -292, 229, 407, -375, -31, -458, 1098, -126, -849, -785, -322, 
-522, -292, 229, 407, -375, -31, -468, 1098, -126, -844, -785, -322, 
-522, -287, 234, 405, -378, -26, -468, 1098, -122, -844, -785, -322, 
-512, -283, 229, 397, -370, -26, -468, 1098, -122, -844, -775, -312, 
-507, -278, 229, 392, -368, -24, -473, 1098, -122, -844, -775, -307, 
-507, -273, 234, 390, -370, -19, -473, 1098, -122, -844, -771, -302, 
-502, -273, 229, 387, -366, -21, -473, 1098, -122, -834, -771, -297, 
-512, -283, 229, 397, -370, -26, -473, 1102, -122, -834, -771, -307, 
-512, -278, 234, 395, -373, -21, -473, 1102, -117, -834, -766, -307, 
-512, -273, 239, 392, -375, -17, -478, 1102, -107, -824, -766, -302, 
-507, -258, 248, 383, -378, -4, -488, 1088, -102, -819, -756, -292, 
-507, -239, 268, 373, -387, 14, -502, 1078, -92, -819, -766, -302, 
-507, -224, 283, 366, -395, 29, -507, 1063, -78, -810, -756, -297, 
-502, -224, 278, 363, -390, 26, -512, 1058, -73, -805, -756, -297, 
-502, -214, 287, 358, -395, 36, -517, 1049, -63, -800, -756, -297, 
-497, -195, 302, 346, -400, 53, -522, 1034, -68, -795, -746, -297, 
-497, -190, 307, 344, -402, 58, -531, 1034, -63, -795, -746, -297, 
-497, -185, 312, 341, -405, 63, -531, 1034, -58, -800, -746, -297, 
-488, -185, 302, 336, -395, 58, -531, 1034, -58, -800, -746, -297, 
-483, -190, 292, 336, -387, 51, -531, 1054, -53, -790, -746, -287, 
-478, -195, 283, 336, -380, 43, -527, 1068, -53, -790, -736, -278, 
-478, -204, 273, 341, -375, 34, -527, 1078, -48, -785, -732, -268, 
-468, -209, 258, 339, -363, 24, -527, 1083, -48, -785, -732, -258, 
-468, -219, 248, 344, -358, 14, -527, 1073, -63, -785, -727, -268, 
-463, -224, 239, 344, -351, 7, -531, 1068, -68, -785, -727, -268, 
-458, -224, 234, 341, -346, 4, -541, 1063, -68, -785, -727, -268, 
-458, -224, 234, 341, -346, 4, -551, 1063, -78, -785, -727, -268, 
-463, -214, 248, 339, -356, 17, -531, 1063, -73, -785, -736, -283, 
-463, -214, 248, 339, -356, 17, -527, 1068, -73, -785, -736, -287, 
-463, -219, 244, 341, -353, 12, -527, 1068, -78, -790, -741, -287, 
-463, -219, 244, 341, -353, 12, -527, 1068, -87, -795, -741, -287, 
-453, -219, 234, 336, -344, 7, -527, 1073, -92, -805, -746, -273, 
-448, -219, 229, 334, -339, 4, -527, 1073, -97, -814, -746, -273, 
-448, -219, 229, 334, -339, 4, -527, 1078, -102, -819, -751, -273, 
-448, -229, 219, 339, -334, -4, -527, 1078, -107, -824, -751, -278, 
-453, -234, 219, 344, -336, -7, -512, 1068, -122, -829, -761, -287, 
-453, -244, 209, 348, -331, -17, -512, 1068, -122, -829, -761, -292, 
-453, -244, 209, 348, -331, -17, -512, 1063, -126, -829, -761, -297, 
-453, -244, 209, 348, -331, -17, -512, 1058, -131, -829, -761, -302, 
-468, -244, 224, 356, -346, -9, -512, 1068, -126, -834, -766, -302, 
-473, -253, 219, 363, -346, -17, -507, 1073, -126, -839, -771, -302, 
-483, -253, 229, 368, -356, -12, -497, 1073, -131, -844, -771, -307, 
-488, -258, 229, 373, -358, -14, -492, 1073, -136, -849, -775, -317, 
-492, -268, 224, 380, -358, -21, -502, 1073, -136, -844, -771, -322, 
-497, -278, 219, 387, -358, -29, -497, 1073, -141, -844, -780, -322, 
-507, -278, 229, 392, -368, -24, -488, 1073, -141, -844, -780, -317, 
-507, -283, 224, 395, -366, -29, -483, 1073, -141, -849, -780, -312, 
-507, -283, 224, 395, -366, -29, -468, 1083, -141, -858, -780, -312, 
-517, -287, 229, 402, -373, -29, -463, 1083, -141, -858, -780, -317, 
-522, -292, 229, 407, -375, -31, -463, 1083, -151, -868, -780, -322, 
-522, -302, 219, 412, -370, -41, -463, 1093, -156, -868, -790, -326, 
-522, -297, 224, 409, -373, -36, -463, 1093, -161, -873, -795, -336, 
-522, -297, 224, 409, -373, -36, -458, 1093, -165, -878, -795, -336, 
-522, -302, 219, 412, -370, -41, -453, 1088, -165, -878, -795, -336, 
-527, -307, 219, 417, -373, -43, -453, 1088, -165, -878, -800, -341, 
-517, -307, 209, 412, -363, -48, -444, 1088, -161, -878, -800, -331, 
-522, -307, 214, 414, -368, -46, -448, 1088, -161, -873, -800, -331, 
-522, -307, 214, 414, -368, -46, -448, 1088, -165, -868, -800, -331, 
-522, -307, 214, 414, -368, -46, -444, 1093, -165, -863, -805, -331, 
-522, -297, 224, 409, -373, -36, -453, 1083, -165, -863, -805, -341, 
-517, -297, 219, 407, -368, -39, -453, 1083, -165, -863, -805, -341, 
-517, -297, 219, 407, -368, -39, -458, 1078, -165, -863, -805, -341, 
-517, -297, 219, 407, -368, -39, -458, 1078, -165, -858, -800, -341, 
-517, -302, 214, 409, -366, -43, -458, 1088, -156, -868, -800, -351, 
-517, -302, 214, 409, -366, -43, -458, 1088, -156, -873, -805, -351, 
-517, -302, 214, 409, -366, -43, -458, 1088, -156, -873, -805, -351, 
-522, -307, 214, 414, -368, -46, -458, 1088, -156, -873, -805, -351, 
-522, -302, 219, 412, -370, -41, -468, 1078, -165, -883, -805, -341, 
-522, -292, 229, 407, -375, -31, -468, 1078, -165, -883, -805, -341, 
-522, -287, 234, 405, -378, -26, -468, 1078, -165, -878, -805, -341, 
-522, -283, 239, 402, -380, -21, -468, 1078, -165, -878, -805, -341, 
-527, -292, 234, 409, -380, -29, -458, 1078, -161, -868, -805, -331, 
-527, -292, 234, 409, -380, -29, -458, 1078, -161, -868, -805, -331, 
-522, -292, 229, 407, -375, -31, -458, 1078, -161, -868, -805, -331, 
-522, -292, 229, 407, -375, -31, -458, 1073, -161, -873, -805, -331, 
-522, -292, 229, 407, -375, -31, -458, 1073, -161, -873, -790, -331, 
-527, -302, 224, 414, -375, -39, -458, 1078, -146, -868, -800, -341, 
-527, -302, 224, 414, -375, -39, -458, 1088, -146, -868, -810, -341, 
-512, -307, 204, 409, -358, -51, -444, 1102, -156, -873, -810, -341, 
-492, -317, 175, 405, -334, -70, -439, 1141, -156, -883, -824, -356, 
-483, -346, 136, 414, -309, -104, -434, 1190, -151, -873, -834, -385, 
-492, -356, 136, 424, -314, -109, -424, 1210, -122, -863, -829, -400, 
-483, -336, 146, 409, -314, -95, -419, 1215, -87, -844, -819, -390, 
-473, -302, 170, 387, -322, -65, -419, 1224, -34, -800, -800, -370, 
-483, -258, 224, 370, -353, -17, -429, 1180, 43, -756, -771, -361, 
-497, -185, 312, 341, -405, 63, -448, 1132, 126, -702, -717, -331, 
-488, -82, 405, 285, -446, 161, -492, 1088, 200, -619, -634, -258, 
-453, 29, 483, 212, -468, 256, -536, 1029, 253, -527, -541, -156, 
-434, 151, 585, 141, -509, 368, -605, 951, 297, -434, -434, -39, 
-419, 331, 751, 43, -585, 541, -697, 829, 336, -326, -297, 92, 
-405, 502, 907, -48, -656, 705, -780, 697, 331, -224, -161, 244, 
-395, 649, 1044, -126, -719, 846, -863, 575, 307, -151, -24, 390, 
-385, 766, 1151, -190, -768, 958, -941, 453, 248, -92, 92, 512, 
-361, 858, 1220, -248, -790, 1039, -1015, 346, 151, -58, 180, 629, 
-336, 946, 1283, -305, -810, 1115, -1068, 283, 58, -29, 278, 741, 
-356, 1029, 1385, -336, -871, 1207, -1102, 244, -48, -4, 370, 844, 
-434, 1093, 1527, -329, -980, 1310, -1112, 200, -165, 24, 444, 897, 
-497, 1137, 1634, -319, -1066, 1385, -1107, 165, -287, 48, 478, 927, 
-527, 1137, 1664, -305, -1095, 1400, -1107, 161, -419, 29, 458, 907, 
-575, 1044, 1620, -234, -1098, 1332, -1063, 195, -561, -87, 312, 790, 
-644, 785, 1429, -70, -1037, 1107, -936, 312, -692, -322, 24, 522, 
-688, 453, 1141, 117, -915, 797, -785, 488, -775, -585, -326, 209, 
-746, 234, 980, 256, -863, 607, -678, 600, -814, -790, -605, -43, 
-795, 161, 956, 317, -875, 558, -619, 639, -814, -888, -741, -175, 
-819, 97, 917, 361, -868, 507, -566, 673, -800, -936, -785, -234, 
-790, -14, 775, 402, -783, 380, -522, 732, -775, -985, -819, -268, 
-766, -161, 605, 463, -685, 222, -468, 819, -732, -1044, -868, -322, 
-761, -302, 458, 531, -610, 78, -405, 907, -668, -1093, -917, -366, 
-732, -361, 370, 546, -551, 4, -366, 956, -585, -1102, -936, -380, 
-697, -370, 326, 534, -512, -21, -375, 980, -502, -1049, -912, -370, 
-658, -361, 297, 509, -478, -31, -385, 995, -434, -1005, -888, -366, 
-629, -351, 278, 490, -453, -36, -390, 1000, -370, -971, -868, -366, 
-585, -317, 268, 451, -427, -24, -414, 1015, -322, -941, -854, -361, 
-551, -307, 244, 429, -397, -31, -448, 1019, -268, -922, -834, -361, 
-531, -307, 224, 419, -378, -41, -468, 1044, -219, -912, -839, -366, 
-531, -292, 239, 412, -385, -26, -468, 1054, -185, -893, -824, -356, 
-522, -283, 239, 402, -380, -21, -463, 1063, -151, -868, -810, -351, 
-507, -283, 224, 395, -366, -29, -468, 1068, -126, -858, -805, -356, 
-507, -278, 229, 392, -368, -24, -468, 1068, -131, -863, -805, -346, 
-517, -263, 253, 390, -385, -4, -468, 1058, -131, -849, -800, -331, 
-522, -268, 253, 395, -387, -7, -468, 1063, -131, -844, -805, -326, 
-512, -263, 248, 387, -380, -7, -468, 1063, -141, -844, -795, -326, 
-507, -253, 253, 380, -380, 0, -468, 1058, -146, -854, -795, -331, 
-502, -263, 239, 383, -370, -12, -468, 1058, -141, -863, -800, -336, 
-502, -263, 239, 383, -370, -12, -468, 1068, -131, -868, -805, -341, 
-497, -278, 219, 387, -358, -29, -463, 1073, -126, -868, -805, -341, 
-497, -283, 214, 390, -356, -34, -468, 1088, -117, -873, -800, -336, 
-497, -283, 214, 390, -356, -34, -468, 1093, -112, -873, -800, -336, 
-497, -283, 214, 390, -356, -34, -473, 1093, -112, -868, -800, -331, 
-492, -278, 214, 385, -353, -31, -473, 1088, -112, -868, -800, -331, 
-502, -283, 219, 392, -361, -31, -463, 1073, -107, -863, -800, -331, 
-502, -283, 219, 392, -361, -31, -468, 1073, -107, -858, -800, -331, 
-497, -273, 224, 385, -361, -24, -468, 1073, -107, -854, -795, -331, 
-497, -273, 224, 385, -361, -24, -473, 1073, -107, -849, -800, -331, 
-492, -268, 224, 380, -358, -21, -478, 1073, -107, -858, -800, -341, 
-492, -268, 224, 380, -358, -21, -478, 1073, -107, -858, -800, -346, 
-483, -268, 214, 375, -348, -26, -478, 1078, -107, -858, -800, -346, 
-492, -273, 219, 383, -356, -26, -478, 1078, -107, -858, -795, -341, 
-488, -263, 224, 375, -356, -19, -478, 1073, -107, -858, -805, -341, 
-488, -263, 224, 375, -356, -19, -478, 1073, -107, -858, -805, -341, 
-483, -253, 229, 368, -356, -12, -478, 1073, -112, -858, -805, -341, 
-483, -253, 229, 368, -356, -12, -478, 1068, -112, -854, -805, -336, 
-483, -258, 224, 370, -353, -17, -473, 1068, -112, -854, -805, -341, 
-483, -258, 224, 370, -353, -17, -473, 1068, -112, -854, -810, -351, 
-483, -263, 219, 373, -351, -21, -478, 1068, -112, -854, -810, -356, 
-478, -263, 214, 370, -346, -24, -478, 1068, -112, -849, -810, -361, 
-478, -263, 214, 370, -346, -24, -478, 1068, -112, -839, -800, -356, 
-478, -263, 214, 370, -346, -24, -483, 1068, -112, -844, -800, -351, 
-478, -258, 219, 368, -348, -19, -483, 1068, -112, -844, -800, -341, 
-478, -258, 219, 368, -348, -19, -478, 1068, -112, -844, -795, -336, 
-478, -258, 219, 368, -348, -19, -478, 1068, -102, -844, -790, -326, 
-478, -258, 219, 368, -348, -19, -488, 1068, -102, -844, -790, -326, 
-473, -248, 224, 361, -348, -12, -488, 1068, -102, -839, -790, -326, 
-473, -244, 229, 358, -351, -7, -488, 1068, -102, -839, -790, -326, 
-478, -253, 224, 366, -351, -14, -488, 1068, -102, -844, -780, -317, 
-478, -253, 224, 366, -351, -14, -492, 1068, -102, -844, -785, -317, 
-478, -253, 224, 366, -351, -14, -492, 1068, -102, -844, -785, -317, 
-478, -258, 219, 368, -348, -19, -492, 1068, -97, -839, -785, -312, 
-478, -258, 219, 368, -348, -19, -492, 1078, -107, -839, -795, -317, 
-478, -263, 214, 370, -346, -24, -492, 1078, -107, -839, -795, -322, 
-478, -263, 214, 370, -346, -24, -492, 1078, -107, -839, -795, -326, 
-478, -258, 219, 368, -348, -19, -492, 1078, -107, -839, -795, -326, 
-468, -248, 219, 358, -344, -14, -492, 1068, -97, -839, -785, -326, 
-463, -248, 214, 356, -339, -17, -492, 1068, -97, -839, -785, -331, 
-463, -244, 219, 353, -341, -12, -492, 1068, -97, -839, -785, -331, 
-463, -244, 219, 353, -341, -12, -492, 1063, -97, -839, -785, -331, 
-463, -234, 229, 348, -346, -2, -497, 1063, -97, -849, -795, -341, 
-463, -234, 229, 348, -346, -2, -497, 1063, -92, -844, -795, -341, 
-458, -234, 224, 346, -341, -4, -502, 1063, -92, -844, -795, -336, 
-458, -229, 229, 344, -344, 0, -502, 1063, -92, -849, -795, -336, 
-458, -239, 219, 348, -339, -9, -502, 1063, -92, -849, -795, -341, 
-458, -239, 219, 348, -339, -9, -502, 1063, -92, -844, -790, -341, 
-453, -239, 214, 346, -334, -12, -502, 1068, -92, -844, -790, -336, 
-453, -239, 214, 346, -334, -12, -502, 1068, -92, -839, -790, -336, 
-453, -229, 224, 341, -339, -2, -502, 1058, -87, -839, -800, -336, 
-453, -229, 224, 341, -339, -2, -502, 1058, -87, -839, -800, -336, 
-453, -229, 224, 341, -339, -2, -507, 1058, -82, -839, -800, -341, 
-448, -229, 219, 339, -334, -4, -507, 1058, -82, -839, -800, -341, 
-448, -234, 214, 341, -331, -9, -507, 1058, -87, -844, -790, -331, 
-453, -234, 219, 344, -336, -7, -507, 1058, -87, -844, -790, -331, 
-453, -234, 219, 344, -336, -7, -512, 1058, -87, -844, -790, -331, 
-448, -229, 219, 339, -334, -4, -512, 1058, -78, -839, -790, -331, 
-458, -224, 234, 341, -346, 4, -512, 1054, -78, -829, -780, -312, 
-458, -224, 234, 341, -346, 4, -512, 1054, -78, -824, -780, -312, 
-463, -224, 239, 344, -351, 7, -507, 1054, -73, -819, -771, -312, 
-463, -224, 239, 344, -351, 7, -507, 1054, -68, -819, -771, -312, 
-453, -214, 239, 334, -346, 12, -512, 1063, -68, -819, -785, -317, 
-444, -214, 229, 329, -336, 7, -517, 1058, -68, -819, -785, -317, 
-444, -214, 229, 329, -336, 7, -517, 1058, -68, -814, -780, -317, 
-448, -219, 229, 334, -339, 4, -517, 1058, -68, -814, -780, -317, 
-448, -229, 219, 339, -334, -4, -512, 1058, -68, -819, -780, -326, 
-448, -229, 219, 339, -334, -4, -512, 1058, -68, -819, -780, -322, 
-439, -219, 219, 329, -329, 0, -517, 1054, -68, -810, -780, -317, 
-439, -214, 224, 326, -331, 4, -517, 1054, -63, -805, -775, -317, 
-448, -204, 244, 326, -346, 19, -527, 1044, -53, -814, -771, -317, 
-448, -204, 244, 326, -346, 19, -527, 1039, -48, -814, -771, -312, 
-444, -200, 244, 322, -344, 21, -527, 1039, -48, -810, -766, -307, 
-444, -200, 244, 322, -344, 21, -527, 1039, -43, -805, -766, -307, 
-439, -190, 248, 314, -344, 29, -536, 1049, -39, -795, -766, -317, 
-434, -190, 244, 312, -339, 26, -536, 1049, -39, -795, -761, -317, 
-434, -185, 248, 309, -341, 31, -541, 1049, -43, -795, -756, -317, 
-429, -180, 248, 305, -339, 34, -541, 1049, -43, -790, -756, -317, 
-429, -185, 244, 307, -336, 29, -536, 1049, -34, -800, -766, -307, 
-434, -180, 253, 307, -344, 36, -536, 1044, -34, -790, -766, -302, 
-434, -170, 263, 302, -348, 46, -541, 1044, -34, -790, -761, -302, 
-429, -165, 263, 297, -346, 48, -546, 1044, -29, -790, -761, -302, 
-429, -165, 263, 297, -346, 48, -536, 1034, -34, -780, -761, -312, 
-429, -161, 268, 295, -348, 53, -536, 1034, -29, -780, -756, -307, 
-424, -156, 268, 290, -346, 56, -541, 1034, -24, -771, -751, -307, 
-424, -151, 273, 287, -348, 61, -541, 1034, -24, -766, -746, -297, 
-424, -141, 283, 283, -353, 70, -546, 1029, -14, -756, -732, -292, 
-424, -136, 287, 280, -356, 75, -551, 1024, -14, -751, -732, -283, 
-419, -131, 287, 275, -353, 78, -556, 1019, -14, -751, -727, -273, 
-419, -126, 292, 273, -356, 82, -556, 1015, -4, -751, -722, -268, 
-405, -131, 273, 268, -339, 70, -566, 1019, 0, -751, -722, -278, 
-405, -126, 278, 265, -341, 75, -566, 1015, 0, -741, -722, -273, 
-405, -122, 283, 263, -344, 80, -570, 1005, 4, -736, -712, -268, 
-405, -117, 287, 261, -346, 85, -570, 1005, 9, -736, -707, -263, 
-414, -112, 302, 263, -358, 95, -570, 1015, 4, -741, -702, -268, 
-414, -107, 307, 261, -361, 100, -575, 1005, 4, -741, -697, -263, 
-409, -102, 307, 256, -358, 102, -580, 1005, 4, -732, -697, -258, 
-409, -97, 312, 253, -361, 107, -580, 1005, 4, -727, -688, -253, 
-400, -92, 307, 246, -353, 107, -585, 1015, 14, -722, -683, -244, 
-390, -92, 297, 241, -344, 102, -585, 1005, 19, -717, -683, -239, 
-390, -87, 302, 239, -346, 107, -590, 1005, 19, -712, -678, -234, 
-390, -82, 307, 236, -348, 112, -590, 1000, 19, -707, -678, -234, 
-400, -78, 322, 239, -361, 122, -595, 990, 19, -697, -678, -239, 
-400, -68, 331, 234, -366, 131, -595, 985, 19, -697, -668, -234, 
-400, -58, 341, 229, -370, 141, -595, 985, 14, -692, -668, -234, 
-405, -48, 356, 226, -380, 153, -600, 985, 14, -688, -668, -234, 
-400, -48, 351, 224, -375, 151, -614, 985, 14, -697, -663, -234, 
-400, -48, 351, 224, -375, 151, -619, 976, 9, -697, -658, -234, 
-400, -48, 351, 224, -375, 151, -619, 976, 9, -697, -658, -234, 
-395, -34, 361, 214, -378, 163, -619, 980, 24, -692, -653, -234, 
-400, -39, 361, 219, -380, 161, -619, 971, 19, -692, -653, -229, 
-395, -34, 361, 214, -378, 163, -619, 956, 19, -692, -649, -224, 
-395, -34, 361, 214, -378, 163, -624, 956, 14, -692, -649, -219, 
-390, -34, 356, 212, -373, 161, -624, 956, 14, -692, -644, -214, 
-390, -29, 361, 209, -375, 165, -614, 966, 4, -688, -644, -204, 
-390, -29, 361, 209, -375, 165, -614, 966, 4, -683, -644, -195, 
-390, -29, 361, 209, -375, 165, -614, 966, 4, -678, -644, -195, 
-395, -29, 366, 212, -380, 168, -614, 966, 4, -668, -639, -185, 
-395, -29, 366, 212, -380, 168, -614, 966, 4, -663, -629, -195, 
-395, -29, 366, 212, -380, 168, -614, 966, 4, -678, -634, -195, 
-395, -29, 366, 212, -380, 168, -614, 966, 0, -683, -634, -195, 
-395, -29, 366, 212, -380, 168, -614, 966, 0, -688, -634, -195, 
-390, -24, 366, 207, -378, 170, -614, 966, 0, -683, -629, -185, 
-385, -24, 361, 204, -373, 168, -610, 966, -4, -683, -629, -185, 
-380, -24, 356, 202, -368, 165, -610, 971, -4, -688, -629, -185, 
-380, -34, 346, 207, -363, 156, -610, 971, -4, -692, -629, -190, 
-390, -34, 356, 212, -373, 161, -610, 971, -14, -688, -644, -204, 
-395, -39, 356, 217, -375, 158, -610, 971, -14, -702, -653, -214, 
-400, -43, 356, 222, -378, 156, -600, 971, -19, -707, -658, -219, 
-400, -48, 351, 224, -375, 151, -600, 971, -24, -717, -658, -224, 
-395, -53, 341, 224, -368, 143, -610, 985, -29, -717, -658, -229, 
-400, -58, 341, 229, -370, 141, -605, 985, -34, -722, -663, -234, 
-405, -63, 341, 234, -373, 139, -595, 985, -39, -727, -678, -234, 
-409, -73, 336, 241, -373, 131, -590, 995, -43, -736, -688, -239, 
-409, -78, 331, 244, -370, 126, -585, 990, -48, -741, -697, -244, 
-414, -82, 331, 248, -373, 124, -585, 990, -53, -751, -707, -253, 
-414, -92, 322, 253, -368, 114, -585, 995, -63, -761, -717, -258, 
-414, -97, 317, 256, -366, 109, -580, 1000, -63, -761, -722, -263, 
-429, -112, 317, 270, -373, 102, -570, 1005, -68, -766, -727, -273, 
-434, -122, 312, 278, -373, 95, -566, 1010, -78, -775, -736, -273, 
-439, -126, 312, 283, -375, 92, -561, 1010, -87, -785, -751, -283, 
-439, -136, 302, 287, -370, 82, -556, 1015, -92, -785, -756, -287, 
-429, -126, 302, 278, -366, 87, -546, 1019, -87, -795, -751, -292, 
-434, -126, 307, 280, -370, 90, -546, 1019, -87, -800, -761, -292, 
-439, -126, 312, 283, -375, 92, -546, 1024, -92, -800, -761, -297, 
-439, -126, 312, 283, -375, 92, -541, 1029, -97, -800, -766, -302, 
-448, -146, 302, 297, -375, 78, -541, 1029, -102, -795, -761, -292, 
-448, -146, 302, 297, -375, 78, -531, 1034, -107, -805, -761, -292, 
-444, -146, 297, 295, -370, 75, -531, 1034, -112, -805, -761, -292, 
-444, -146, 297, 295, -370, 75, -531, 1039, -112, -810, -766, -292, 
-444, -156, 287, 300, -366, 65, -527, 1049, -102, -814, -780, -312, 
-444, -165, 278, 305, -361, 56, -522, 1049, -102, -814, -780, -322, 
-448, -175, 273, 312, -361, 48, -522, 1049, -112, -819, -785, -322, 
-448, -185, 263, 317, -356, 39, -522, 1049, -112, -819, -785, -322, 
-448, -175, 273, 312, -361, 48, -522, 1049, -122, -819, -795, -336, 
-448, -175, 273, 312, -361, 48, -527, 1049, -126, -819, -795, -336, 
-448, -180, 268, 314, -358, 43, -527, 1049, -126, -824, -795, -331, 
-448, -180, 268, 314, -358, 43, -522, 1054, -126, -824, -795, -331, 
-458, -180, 278, 319, -368, 48, -522, 1054, -126, -834, -800, -331, 
-463, -180, 283, 322, -373, 51, -522, 1054, -126, -834, -800, -336, 
-463, -180, 283, 322, -373, 51, -522, 1049, -126, -834, -800, -336, 
-463, -180, 283, 322, -373, 51, -522, 1049, -126, -834, -805, -336, 
-453, -180, 273, 317, -363, 46, -517, 1054, -131, -824, -810, -336, 
-453, -180, 273, 317, -363, 46, -517, 1054, -131, -829, -810, -336, 
-458, -180, 278, 319, -368, 48, -517, 1054, -131, -829, -810, -341, 
-458, -180, 278, 319, -368, 48, -522, 1054, -131, -829, -810, -341, 
-458, -175, 283, 317, -370, 53, -502, 1054, -122, -839, -800, -336, 
-468, -185, 283, 326, -375, 48, -502, 1054, -126, -839, -810, -346, 
-468, -175, 292, 322, -380, 58, -502, 1054, -126, -834, -814, -346, 
-468, -175, 292, 322, -380, 58, -497, 1054, -126, -829, -800, -341, 
-458, -175, 283, 317, -370, 53, -502, 1044, -126, -829, -805, -351, 
-458, -175, 283, 317, -370, 53, -507, 1044, -126, -829, -810, -351, 
-458, -175, 283, 317, -370, 53, -512, 1044, -126, -829, -814, -351, 
-458, -175, 283, 317, -370, 53, -517, 1044, -126, -829, -819, -351, 
-458, -185, 273, 322, -366, 43, -507, 1054, -131, -839, -810, -346, 
-458, -185, 273, 322, -366, 43, -507, 1058, -131, -839, -810, -341, 
-458, -185, 273, 322, -366, 43, -507, 1058, -126, -844, -810, -336, 
-458, -185, 273, 322, -366, 43, -507, 1058, -126, -844, -805, -331, 
-444, -195, 248, 319, -346, 26, -512, 1068, -126, -834, -805, -331, 
-444, -185, 258, 314, -351, 36, -507, 1068, -126, -839, -805, -331, 
-444, -185, 258, 314, -351, 36, -507, 1068, -126, -839, -805, -331, 
-444, -185, 258, 314, -351, 36, -517, 1068, -126, -834, -805, -331, 
-444, -170, 273, 307, -358, 51, -517, 1058, -122, -834, -805, -341, 
-444, -165, 278, 305, -361, 56, -517, 1058, -122, -834, -805, -341, 
-439, -161, 278, 300, -358, 58, -522, 1058, -122, -834, -805, -336, 
-439, -156, 283, 297, -361, 63, -522, 1058, -122, -834, -800, -331, 
-429, -151, 278, 290, -353, 63, -512, 1063, -112, -819, -790, -317, 
-424, -146, 278, 285, -351, 65, -522, 1073, -112, -814, -790, -317, 
-419, -136, 283, 278, -351, 73, -522, 1078, -107, -810, -785, -317, 
-414, -126, 287, 270, -351, 80, -527, 1083, -97, -795, -785, -312, 
-409, -117, 292, 263, -351, 87, -531, 1083, -102, -790, -785, -312, 
-409, -112, 297, 261, -353, 92, -531, 1083, -97, -790, -785, -312, 
-409, -102, 307, 256, -358, 102, -531, 1078, -87, -780, -775, -307, 
-405, -107, 297, 256, -351, 95, -531, 1083, -87, -775, -775, -307, 
-405, -97, 307, 251, -356, 104, -536, 1068, -78, -761, -761, -292, 
-400, -87, 312, 244, -356, 112, -541, 1063, -68, -756, -756, -287, 
-400, -82, 317, 241, -358, 117, -551, 1063, -58, -756, -751, -283, 
-400, -78, 322, 239, -361, 122, -551, 1063, -48, -761, -746, -278, 
-400, -58, 341, 229, -370, 141, -561, 1054, -43, -756, -741, -278, 
-395, -48, 346, 222, -370, 148, -561, 1049, -24, -741, -736, -273, 
-390, -39, 351, 214, -370, 156, -556, 1049, -19, -736, -722, -268, 
-390, -34, 356, 212, -373, 161, -556, 1044, -9, -727, -712, -263, 
-395, -24, 370, 209, -383, 173, -546, 1034, -9, -732, -722, -273, 
-400, -24, 375, 212, -387, 175, -546, 1034, -14, -736, -727, -278, 
-400, -29, 370, 214, -385, 170, -551, 1029, -19, -741, -736, -283, 
-400, -29, 370, 214, -385, 170, -561, 1024, -19, -746, -746, -287, 
-390, -39, 351, 214, -370, 156, -561, 1024, -19, -746, -736, -283, 
-395, -39, 356, 217, -375, 158, -551, 1024, -24, -746, -736, -283, 
-395, -39, 356, 217, -375, 158, -546, 1029, -24, -746, -736, -283, 
-395, -43, 351, 219, -373, 153, -546, 1029, -29, -751, -741, -278, 
-385, -34, 351, 209, -368, 158, -551, 1039, -24, -751, -732, -268, 
-385, -34, 351, 209, -368, 158, -556, 1034, -24, -746, -736, -263, 
-380, -34, 346, 207, -363, 156, -561, 1034, -24, -751, -736, -263, 
-380, -34, 346, 207, -363, 156, -566, 1039, -24, -751, -741, -263, 
-385, -34, 351, 209, -368, 158, -566, 1029, -14, -746, -736, -268, 
-395, -39, 356, 217, -375, 158, -561, 1029, -14, -751, -741, -273, 
-400, -48, 351, 224, -375, 151, -561, 1029, -9, -751, -736, -273, 
-405, -48, 356, 226, -380, 153, -561, 1024, -9, -751, -732, -273, 
-405, -48, 356, 226, -380, 153, -561, 1029, -34, -766, -741, -283, 
-409, -48, 361, 229, -385, 156, -561, 1029, -48, -775, -756, -292, 
-414, -58, 356, 236, -385, 148, -556, 1034, -58, -785, -771, -302, 
-424, -58, 366, 241, -395, 153, -546, 1034, -73, -795, -780, -317, 
-419, -73, 346, 246, -383, 136, -546, 1024, -87, -805, -785, -322, 
-424, -82, 341, 253, -383, 129, -551, 1024, -97, -814, -790, -326, 
-429, -92, 336, 261, -383, 122, -551, 1024, -112, -819, -800, -326, 
-439, -92, 346, 265, -392, 126, -546, 1024, -122, -824, -800, -322, 
-429, -112, 317, 270, -373, 102, -541, 1029, -131, -839, -810, -326, 
-429, -117, 312, 273, -370, 97, -536, 1044, -131, -839, -810, -331, 
-439, -126, 312, 283, -375, 92, -531, 1049, -131, -839, -810, -341, 
-444, -136, 307, 290, -375, 85, -531, 1054, -141, -849, -810, -351, 
-434, -146, 287, 290, -361, 70, -531, 1063, -156, -849, -819, -346, 
-434, -151, 283, 292, -358, 65, -531, 1063, -161, -854, -824, -346, 
-434, -151, 283, 292, -358, 65, -527, 1063, -165, -858, -824, -346, 
-434, -156, 278, 295, -356, 61, -522, 1058, -165, -858, -824, -346, 
-439, -161, 278, 300, -358, 58, -512, 1068, -165, -858, -829, -351, 
-439, -161, 278, 300, -358, 58, -512, 1068, -161, -863, -829, -351, 
-444, -161, 283, 302, -363, 61, -517, 1068, -161, -863, -829, -351, 
-444, -161, 283, 302, -363, 61, -517, 1068, -165, -863, -829, -351, 
-444, -161, 283, 302, -363, 61, -512, 1073, -165, -854, -824, -351, 
-444, -161, 283, 302, -363, 61, -512, 1073, -165, -854, -824, -351, 
-439, -161, 278, 300, -358, 58, -512, 1073, -165, -854, -824, -351, 
-439, -161, 278, 300, -358, 58, -517, 1068, -165, -854, -824, -351, 
-439, -151, 287, 295, -363, 68, -517, 1068, -170, -854, -824, -361, 
-439, -146, 292, 292, -366, 73, -517, 1068, -175, -858, -829, -361, 
-439, -146, 292, 292, -366, 73, -517, 1068, -180, -868, -839, -361, 
-439, -146, 292, 292, -366, 73, -517, 1068, -185, -873, -844, -361, 
-453, -161, 292, 307, -373, 65, -507, 1068, -175, -873, -834, -351, 
-453, -161, 292, 307, -373, 65, -507, 1068, -175, -873, -834, -351, 
-453, -156, 297, 305, -375, 70, -507, 1068, -175, -873, -834, -351, 
-453, -156, 297, 305, -375, 70, -507, 1068, -175, -868, -834, -351, 
-453, -161, 292, 307, -373, 65, -507, 1078, -175, -858, -834, -351, 
-458, -165, 292, 312, -375, 63, -507, 1078, -170, -858, -834, -351, 
-458, -170, 287, 314, -373, 58, -507, 1078, -170, -858, -834, -351, 
-453, -175, 278, 314, -366, 51, -507, 1078, -170, -858, -834, -351, 
-453, -165, 287, 309, -370, 61, -507, 1063, -170, -873, -834, -361, 
-453, -165, 287, 309, -370, 61, -507, 1063, -170, -873, -829, -361, 
-458, -165, 292, 312, -375, 63, -507, 1068, -175, -868, -829, -361, 
-458, -165, 292, 312, -375, 63, -507, 1068, -175, -868, -839, -361, 
-444, -180, 263, 312, -353, 41, -483, 1102, -175, -873, -839, -361, 
-434, -200, 234, 317, -334, 17, -468, 1141, -175, -873, -834, -356, 
-424, -239, 185, 331, -305, -26, -453, 1190, -161, -873, -854, -375, 
-414, -258, 156, 336, -285, -51, -453, 1210, -141, -873, -868, -390, 
-405, -248, 156, 326, -280, -46, -448, 1215, -117, -863, -878, -409, 
-414, -214, 200, 314, -307, -7, -458, 1195, -73, -829, -849, -400, 
-405, -141, 263, 273, -334, 61, -488, 1151, 4, -766, -819, -380, 
-409, -39, 370, 224, -390, 165, -517, 1102, 87, -683, -756, -331, 
-429, 73, 502, 178, -466, 287, -551, 1058, 180, -590, -673, -268, 
-414, 185, 600, 114, -507, 392, -605, 1010, 244, -488, -580, -195, 
-366, 356, 722, 4, -544, 539, -683, 922, 317, -366, -444, -78, 
-331, 527, 858, -97, -595, 692, -775, 800, 385, -239, -278, 92, 
-326, 678, 1005, -175, -666, 841, -858, 688, 439, -126, -131, 253, 
-317, 824, 1141, -253, -729, 983, -951, 566, 424, -34, 4, 400, 
-297, 951, 1249, -326, -773, 1100, -1029, 453, 356, 34, 141, 541, 
-253, 1044, 1298, -395, -775, 1171, -1093, 395, 258, 78, 248, 668, 
-239, 1132, 1371, -446, -805, 1251, -1137, 331, 146, 107, 346, 761, 
-287, 1205, 1493, -458, -890, 1349, -1151, 263, 58, 131, 409, 834, 
-375, 1268, 1644, -446, -1010, 1456, -1151, 209, -29, 151, 444, 878, 
-439, 1302, 1742, -431, -1090, 1522, -1146, 185, -161, 146, 458, 878, 
-468, 1283, 1751, -407, -1110, 1517, -1137, 180, -302, 97, 400, 829, 
-517, 1141, 1659, -312, -1088, 1400, -1063, 244, -424, -48, 214, 673, 
-585, 844, 1429, -129, -1007, 1137, -907, 400, -527, -312, -112, 375, 
-649, 531, 1180, 58, -915, 856, -766, 546, -619, -595, -463, 63, 
-707, 409, 1117, 148, -912, 763, -707, 610, -688, -761, -673, -131, 
-736, 414, 1151, 161, -944, 783, -678, 629, -727, -829, -751, -185, 
-751, 370, 1122, 190, -936, 746, -644, 644, -751, -868, -785, -224, 
-741, 248, 990, 246, -866, 619, -590, 692, -775, -917, -829, -278, 
-717, 112, 829, 302, -773, 470, -527, 780, -761, -956, -868, -322, 
-702, -29, 673, 366, -688, 322, -453, 888, -717, -1015, -907, -366, 
-683, -165, 517, 424, -600, 175, -405, 966, -663, -1063, -956, -400, 
-649, -224, 424, 436, -536, 100, -385, 1000, -610, -1058, -961, -409, 
-629, -234, 395, 431, -512, 80, -395, 1015, -531, -1015, -927, -395, 
-610, -244, 366, 427, -488, 61, -409, 1019, -468, -990, -907, -385, 
-556, -239, 317, 397, -436, 39, -424, 1024, -400, -971, -902, -390, 
-512, -219, 292, 366, -402, 36, -458, 1029, -336, -951, -902, -400, 
-492, -209, 283, 351, -387, 36, -468, 1044, -278, -941, -878, -395, 
-463, -204, 258, 334, -361, 26, -478, 1073, -224, -922, -873, -385, 
-453, -195, 258, 324, -356, 31, -492, 1093, -190, -897, -868, -370, 
-458, -175, 283, 317, -370, 53, -488, 1088, -175, -868, -854, -366, 
-458, -161, 297, 309, -378, 68, -488, 1088, -170, -854, -834, -346, 
-448, -146, 302, 297, -375, 78, -497, 1078, -170, -829, -819, -322, 
-463, -131, 331, 297, -397, 100, -507, 1073, -180, -824, -805, -317, 
-483, -126, 356, 305, -419, 114, -507, 1063, -180, -834, -805, -317, 
-473, -131, 341, 302, -407, 104, -507, 1068, -165, -839, -819, -336, 
-463, -146, 317, 305, -390, 85, -507, 1068, -161, -854, -829, -346, 
-458, -151, 307, 305, -383, 78, -507, 1078, -151, -863, -839, -356, 
-448, -170, 278, 309, -363, 53, -502, 1083, -146, -868, -844, -361, 
-448, -175, 273, 312, -361, 48, -497, 1088, -146, -863, -858, -375, 
-448, -175, 273, 312, -361, 48, -497, 1093, -141, -863, -858, -375, 
-448, -175, 273, 312, -361, 48, -502, 1093, -141, -858, -858, -370, 
-444, -170, 273, 307, -358, 51, -502, 1088, -141, -858, -858, -370, 
-444, -156, 287, 300, -366, 65, -502, 1073, -141, -858, -844, -361, 
-444, -156, 287, 300, -366, 65, -507, 1073, -146, -858, -839, -361, 
-439, -146, 292, 292, -366, 73, -507, 1073, -151, -858, -829, -361, 
-439, -146, 292, 292, -366, 73, -512, 1073, -156, -858, -829, -361, 
-434, -156, 278, 295, -356, 61, -512, 1078, -151, -858, -839, -361, 
-434, -161, 273, 297, -353, 56, -507, 1083, -146, -858, -839, -366, 
-424, -165, 258, 295, -341, 46, -502, 1093, -141, -858, -839, -366, 
-434, -175, 258, 305, -346, 41, -497, 1098, -136, -858, -834, -361, 
-439, -170, 268, 305, -353, 48, -497, 1093, -136, -854, -829, -356, 
-439, -165, 273, 302, -356, 53, -497, 1093, -136, -849, -824, -351, 
-434, -151, 283, 292, -358, 65, -497, 1093, -141, -844, -819, -346, 
-434, -146, 287, 290, -361, 70, -497, 1088, -141, -834, -814, -336, 
-424, -141, 283, 283, -353, 70, -502, 1078, -131, -839, -814, -346, 
-424, -141, 283, 283, -353, 70, -502, 1078, -131, -844, -819, -351, 
-424, -146, 278, 285, -351, 65, -507, 1078, -131, -849, -819, -351, 
-419, -146, 273, 283, -346, 63, -507, 1078, -131, -849, -819, -351, 
-419, -156, 263, 287, -341, 53, -507, 1088, -131, -839, -829, -351, 
-419, -156, 263, 287, -341, 53, -512, 1088, -131, -844, -829, -351, 
-419, -151, 268, 285, -344, 58, -512, 1088, -131, -844, -829, -346, 
-419, -151, 268, 285, -344, 58, -507, 1088, -131, -844, -824, -346, 
-419, -161, 258, 290, -339, 48, -497, 1078, -131, -844, -819, -336, 
-419, -161, 258, 290, -339, 48, -507, 1078, -131, -844, -819, -336, 
-414, -151, 263, 283, -339, 56, -507, 1078, -131, -839, -819, -336, 
-414, -146, 268, 280, -341, 61, -507, 1078, -131, -839, -819, -336, 
-419, -136, 283, 278, -351, 73, -507, 1078, -131, -854, -819, -346, 
-419, -136, 283, 278, -351, 73, -512, 1078, -131, -854, -824, -346, 
-419, -136, 283, 278, -351, 73, -512, 1078, -131, -854, -824, -346, 
-419, -141, 278, 280, -348, 68, -512, 1078, -126, -849, -824, -341, 
-409, -131, 278, 270, -344, 73, -512, 1078, -126, -839, -814, -331, 
-409, -136, 273, 273, -341, 68, -512, 1078, -126, -839, -814, -331, 
-409, -136, 273, 273, -341, 68, -512, 1078, -126, -839, -814, -331, 
-409, -131, 278, 270, -344, 73, -512, 1078, -126, -839, -814, -326, 
-409, -141, 268, 275, -339, 63, -522, 1078, -136, -839, -805, -326, 
-405, -141, 263, 273, -334, 61, -522, 1078, -136, -839, -805, -331, 
-405, -136, 268, 270, -336, 65, -522, 1078, -136, -839, -805, -331, 
-405, -136, 268, 270, -336, 65, -522, 1073, -136, -839, -805, -331, 
-414, -126, 287, 270, -351, 80, -517, 1073, -126, -839, -805, -331, 
-414, -126, 287, 270, -351, 80, -517, 1073, -122, -834, -805, -331, 
-409, -126, 283, 268, -346, 78, -522, 1073, -122, -834, -805, -326, 
-409, -122, 287, 265, -348, 82, -522, 1073, -122, -839, -805, -326, 
-400, -122, 278, 261, -339, 78, -531, 1073, -122, -829, -805, -331, 
-400, -122, 278, 261, -339, 78, -531, 1073, -122, -824, -800, -331, 
-395, -122, 273, 258, -334, 75, -531, 1078, -122, -824, -800, -326, 
-395, -122, 273, 258, -334, 75, -531, 1078, -122, -819, -800, -326, 
-395, -122, 273, 258, -334, 75, -531, 1068, -126, -819, -800, -326, 
-395, -122, 273, 258, -334, 75, -531, 1068, -126, -819, -800, -326, 
-395, -122, 273, 258, -334, 75, -536, 1068, -122, -819, -800, -331, 
-390, -122, 268, 256, -329, 73, -536, 1068, -122, -819, -800, -331, 
-390, -107, 283, 248, -336, 87, -536, 1078, -117, -834, -790, -331, 
-395, -107, 287, 251, -341, 90, -536, 1078, -117, -834, -790, -331, 
-395, -107, 287, 251, -341, 90, -541, 1078, -117, -834, -790, -331, 
-390, -102, 287, 246, -339, 92, -541, 1078, -107, -829, -790, -331, 
-380, -97, 283, 239, -331, 92, -541, 1063, -107, -829, -800, -322, 
-380, -97, 283, 239, -331, 92, -541, 1063, -107, -824, -800, -322, 
-385, -97, 287, 241, -336, 95, -536, 1063, -102, -819, -790, -322, 
-385, -97, 287, 241, -336, 95, -536, 1063, -97, -819, -790, -322, 
-385, -87, 297, 236, -341, 104, -541, 1063, -107, -819, -785, -326, 
-375, -87, 287, 231, -331, 100, -546, 1058, -107, -819, -785, -326, 
-375, -87, 287, 231, -331, 100, -546, 1058, -107, -814, -780, -326, 
-380, -92, 287, 236, -334, 97, -546, 1058, -107, -814, -780, -326, 
-380, -92, 287, 236, -334, 97, -551, 1068, -102, -810, -780, -317, 
-380, -92, 287, 236, -334, 97, -551, 1068, -97, -810, -780, -312, 
-370, -82, 287, 226, -329, 102, -556, 1063, -92, -800, -780, -307, 
-370, -78, 292, 224, -331, 107, -556, 1063, -82, -795, -775, -307, 
-370, -78, 292, 224, -331, 107, -556, 1054, -92, -785, -761, -307, 
-370, -78, 292, 224, -331, 107, -556, 1049, -87, -785, -761, -302, 
-366, -73, 292, 219, -329, 109, -556, 1049, -87, -780, -756, -297, 
-366, -73, 292, 219, -329, 109, -556, 1049, -82, -775, -756, -297, 
-361, -63, 297, 212, -329, 117, -566, 1049, -82, -775, -756, -292, 
-356, -63, 292, 209, -324, 114, -566, 1049, -78, -775, -751, -287, 
-356, -58, 297, 207, -326, 119, -570, 1049, -78, -775, -746, -283, 
-351, -53, 297, 202, -324, 122, -570, 1049, -73, -771, -746, -278, 
-341, -48, 292, 195, -317, 122, -575, 1039, -82, -771, -736, -278, 
-346, -43, 302, 195, -324, 129, -575, 1034, -82, -761, -736, -273, 
-346, -34, 312, 190, -329, 139, -580, 1034, -82, -761, -732, -273, 
-341, -29, 312, 185, -326, 141, -585, 1034, -78, -761, -732, -273, 
-331, -29, 302, 180, -317, 136, -585, 1034, -73, -751, -722, -283, 
-331, -24, 307, 178, -319, 141, -585, 1034, -68, -751, -717, -278, 
-326, -19, 307, 173, -317, 143, -590, 1034, -63, -741, -712, -278, 
-326, -14, 312, 170, -319, 148, -590, 1034, -63, -736, -707, -268, 
-326, -4, 322, 165, -324, 158, -605, 1024, -63, -727, -692, -263, 
-326, 0, 326, 163, -326, 163, -610, 1024, -63, -722, -692, -253, 
-322, 4, 326, 158, -324, 165, -614, 1024, -63, -722, -688, -244, 
-322, 9, 331, 156, -326, 170, -614, 1024, -53, -722, -683, -239, 
-307, 24, 331, 141, -319, 178, -624, 1019, -48, -712, -673, -229, 
-307, 29, 336, 139, -322, 183, -624, 1015, -48, -702, -673, -224, 
-307, 34, 341, 136, -324, 187, -629, 1005, -43, -697, -663, -219, 
-307, 39, 346, 134, -326, 192, -629, 1005, -39, -697, -658, -214, 
-307, 43, 351, 131, -329, 197, -639, 1005, -43, -683, -644, -209, 
-307, 48, 356, 129, -331, 202, -644, 995, -43, -683, -639, -204, 
-302, 53, 356, 124, -329, 204, -649, 995, -43, -673, -639, -200, 
-302, 58, 361, 122, -331, 209, -649, 995, -43, -668, -629, -195, 
-292, 73, 366, 109, -329, 219, -653, 985, -53, -668, -629, -204, 
-283, 73, 356, 104, -319, 214, -653, 976, -48, -668, -634, -200, 
-283, 78, 361, 102, -322, 219, -658, 976, -48, -668, -634, -195, 
-283, 82, 366, 100, -324, 224, -658, 971, -48, -668, -639, -195, 
-292, 82, 375, 104, -334, 229, -653, 980, -39, -668, -629, -190, 
-292, 87, 380, 102, -336, 234, -653, 976, -39, -668, -619, -175, 
-292, 92, 385, 100, -339, 239, -653, 976, -43, -663, -619, -165, 
-297, 97, 395, 100, -346, 246, -658, 976, -43, -658, -619, -156, 
-292, 97, 390, 97, -341, 244, -653, 976, -53, -658, -605, -146, 
-292, 97, 390, 97, -341, 244, -658, 966, -58, -658, -600, -146, 
-292, 97, 390, 97, -341, 244, -658, 966, -58, -658, -600, -146, 
-287, 112, 400, 87, -344, 256, -658, 971, -43, -653, -595, -146, 
-283, 107, 390, 87, -336, 248, -668, 971, -43, -663, -605, -146, 
-278, 112, 390, 82, -334, 251, -668, 956, -48, -663, -600, -146, 
-278, 112, 390, 82, -334, 251, -673, 956, -58, -663, -600, -146, 
-273, 112, 385, 80, -329, 248, -673, 956, -63, -663, -595, -146, 
-283, 117, 400, 82, -341, 258, -673, 956, -63, -673, -605, -161, 
-283, 117, 400, 82, -341, 258, -673, 956, -63, -673, -605, -156, 
-283, 117, 400, 82, -341, 258, -673, 956, -63, -673, -605, -161, 
-287, 117, 405, 85, -346, 261, -673, 956, -63, -668, -600, -156, 
-297, 112, 409, 92, -353, 261, -663, 966, -53, -668, -605, -165, 
-297, 107, 405, 95, -351, 256, -663, 966, -53, -678, -614, -165, 
-297, 102, 400, 97, -348, 251, -663, 966, -58, -678, -619, -165, 
-297, 97, 395, 100, -346, 246, -663, 966, -58, -678, -624, -165, 
-302, 82, 385, 109, -344, 234, -658, 966, -58, -692, -634, -170, 
-307, 82, 390, 112, -348, 236, -649, 966, -63, -692, -639, -175, 
-312, 82, 395, 114, -353, 239, -644, 971, -63, -697, -644, -180, 
-322, 73, 395, 124, -358, 234, -639, 971, -63, -702, -649, -190, 
-331, 63, 395, 134, -363, 229, -629, 980, -73, -712, -663, -209, 
-336, 58, 395, 139, -366, 226, -629, 980, -73, -732, -683, -224, 
-341, 53, 395, 143, -368, 224, -619, 980, -78, -741, -697, -234, 
-341, 48, 390, 146, -366, 219, -619, 980, -82, -756, -707, -244, 
-336, 29, 366, 153, -351, 197, -610, 995, -78, -756, -717, -253, 
-341, 19, 361, 161, -351, 190, -605, 995, -82, -761, -722, -263, 
-346, 9, 356, 168, -351, 183, -595, 995, -87, -766, -736, -268, 
-351, -4, 346, 178, -348, 170, -590, 1005, -92, -775, -746, -278, 
-361, -19, 341, 190, -351, 161, -575, 1000, -107, -780, -756, -292, 
-366, -24, 341, 195, -353, 158, -575, 1000, -112, -790, -766, -302, 
-366, -34, 331, 200, -348, 148, -575, 1005, -122, -800, -775, -307, 
-366, -39, 326, 202, -346, 143, -570, 1010, -122, -800, -780, -312, 
-375, -34, 341, 204, -358, 153, -570, 1015, -117, -814, -775, -317, 
-375, -43, 331, 209, -353, 143, -566, 1019, -126, -824, -785, -312, 
-375, -48, 326, 212, -351, 139, -561, 1019, -136, -834, -800, -317, 
-370, -58, 312, 214, -341, 126, -556, 1024, -141, -834, -805, -317, 
-380, -63, 317, 222, -348, 126, -556, 1029, -136, -834, -805, -322, 
-385, -68, 317, 226, -351, 124, -556, 1029, -136, -839, -810, -322, 
-390, -73, 317, 231, -353, 122, -556, 1034, -141, -839, -805, -326, 
-390, -78, 312, 234, -351, 117, -551, 1039, -146, -839, -805, -331, 
-390, -78, 312, 234, -351, 117, -556, 1029, -151, -844, -819, -331, 
-390, -78, 312, 234, -351, 117, -551, 1034, -156, -854, -819, -331, 
-385, -78, 307, 231, -346, 114, -556, 1034, -161, -854, -819, -331, 
-385, -78, 307, 231, -346, 114, -561, 1039, -161, -858, -824, -331, 
-385, -73, 312, 229, -348, 119, -556, 1039, -151, -858, -819, -336, 
-385, -78, 307, 231, -346, 114, -551, 1039, -151, -854, -819, -341, 
-390, -82, 307, 236, -348, 112, -551, 1039, -161, -854, -824, -336, 
-390, -87, 302, 239, -346, 107, -551, 1039, -161, -849, -824, -331, 
-390, -87, 302, 239, -346, 107, -551, 1039, -161, -849, -824, -346, 
-390, -87, 302, 239, -346, 107, -556, 1039, -165, -849, -824, -346, 
-390, -92, 297, 241, -344, 102, -556, 1039, -165, -854, -824, -341, 
-390, -92, 297, 241, -344, 102, -551, 1044, -165, -854, -824, -341, 
-390, -92, 297, 241, -344, 102, -551, 1034, -165, -863, -829, -336, 
-395, -92, 302, 244, -348, 104, -551, 1034, -165, -863, -829, -336, 
-395, -92, 302, 244, -348, 104, -551, 1029, -165, -863, -829, -331, 
-395, -92, 302, 244, -348, 104, -551, 1029, -165, -863, -834, -326, 
-395, -82, 312, 239, -353, 114, -546, 1034, -165, -854, -829, -336, 
-395, -82, 312, 239, -353, 114, -546, 1034, -161, -858, -829, -336, 
-400, -82, 317, 241, -358, 117, -546, 1034, -156, -858, -829, -341, 
-400, -82, 317, 241, -358, 117, -551, 1034, -151, -858, -829, -341, 
-390, -87, 302, 239, -346, 107, -551, 1034, -161, -868, -839, -346, 
-390, -87, 302, 239, -346, 107, -551, 1034, -156, -868, -839, -346, 
-390, -87, 302, 239, -346, 107, -551, 1034, -156, -863, -834, -346, 
-390, -87, 302, 239, -346, 107, -546, 1034, -156, -863, -834, -341, 
-385, -87, 297, 236, -341, 104, -546, 1039, -161, -858, -834, -331, 
-385, -87, 297, 236, -341, 104, -551, 1039, -161, -858, -834, -331, 
-385, -87, 297, 236, -341, 104, -551, 1039, -161, -858, -829, -331, 
-390, -87, 302, 239, -346, 107, -551, 1039, -156, -858, -829, -331, 
-380, -78, 302, 229, -341, 112, -551, 1024, -146, -858, -834, -331, 
-380, -78, 302, 229, -341, 112, -551, 1024, -146, -858, -839, -336, 
-380, -78, 302, 229, -341, 112, -551, 1024, -146, -858, -839, -341, 
-380, -78, 302, 229, -341, 112, -551, 1024, -146, -858, -839, -346, 
-375, -68, 307, 222, -341, 119, -561, 1015, -156, -858, -839, -336, 
-375, -68, 307, 222, -341, 119, -561, 1015, -156, -858, -839, -341, 
-375, -68, 307, 222, -341, 119, -556, 1015, -156, -858, -834, -341, 
-375, -68, 307, 222, -341, 119, -556, 1015, -156, -854, -834, -341, 
-375, -68, 307, 222, -341, 119, -556, 1015, -156, -854, -824, -331, 
-375, -68, 307, 222, -341, 119, -556, 1015, -156, -854, -824, -326, 
-375, -68, 307, 222, -341, 119, -561, 1015, -151, -854, -829, -326, 
-375, -68, 307, 222, -341, 119, -566, 1015, -151, -854, -829, -322, 
-375, -68, 307, 222, -341, 119, -575, 1015, -151, -854, -829, -312, 
-375, -68, 307, 222, -341, 119, -575, 1015, -151, -854, -829, -317, 
-375, -68, 307, 222, -341, 119, -575, 1015, -151, -854, -829, -317, 
-375, -68, 307, 222, -341, 119, -575, 1015, -151, -854, -824, -317, 
-370, -63, 307, 217, -339, 122, -575, 1015, -151, -863, -824, -322, 
-370, -63, 307, 217, -339, 122, -575, 1015, -151, -863, -824, -322, 
-370, -63, 307, 217, -339, 122, -580, 1015, -151, -858, -824, -326, 
-370, -63, 307, 217, -339, 122, -580, 1015, -151, -858, -824, -326, 
-361, -63, 297, 212, -329, 117, -580, 1015, -156, -858, -824, -326, 
-361, -58, 302, 209, -331, 122, -580, 1010, -156, -858, -824, -322, 
-361, -58, 302, 209, -331, 122, -580, 1010, -156, -858, -824, -322, 
-366, -58, 307, 212, -336, 124, -580, 1010, -156, -858, -824, -322, 
-375, -58, 317, 217, -346, 129, -580, 1010, -156, -854, -824, -312, 
-370, -53, 317, 212, -344, 131, -580, 1010, -156, -854, -824, -317, 
-366, -53, 312, 209, -339, 129, -580, 1005, -156, -849, -824, -317, 
-366, -53, 312, 209, -339, 129, -580, 1005, -156, -849, -824, -317, 
-366, -63, 302, 214, -334, 119, -575, 1019, -165, -854, -824, -317, 
-370, -68, 302, 219, -336, 117, -580, 1019, -165, -854, -824, -317, 
-370, -68, 302, 219, -336, 117, -575, 1019, -165, -854, -824, -317, 
-370, -68, 302, 219, -336, 117, -566, 1019, -165, -854, -834, -312, 
-370, -68, 302, 219, -336, 117, -566, 1019, -165, -854, -824, -312, 
-370, -68, 302, 219, -336, 117, -566, 1019, -165, -854, -819, -312, 
-370, -68, 302, 219, -336, 117, -570, 1019, -165, -854, -819, -317, 
-370, -68, 302, 219, -336, 117, -570, 1019, -165, -854, -824, -317, 
-370, -58, 312, 214, -341, 126, -580, 1010, -170, -849, -834, -322, 
-370, -58, 312, 214, -341, 126, -580, 1010, -170, -849, -829, -322, 
-370, -58, 312, 214, -341, 126, -580, 1010, -170, -854, -829, -322, 
-366, -58, 307, 212, -336, 124, -580, 1010, -170, -854, -829, -322, 
-366, -53, 312, 209, -339, 129, -570, 1010, -170, -863, -829, -331, 
-370, -53, 317, 212, -344, 131, -570, 1010, -170, -863, -829, -331, 
-370, -53, 317, 212, -344, 131, -570, 1010, -175, -863, -829, -331, 
-366, -53, 312, 209, -339, 129, -570, 1005, -175, -863, -834, -336, 
-366, -63, 302, 214, -334, 119, -580, 1015, -175, -863, -834, -336, 
-370, -63, 307, 217, -339, 122, -575, 1015, -175, -863, -829, -336, 
-370, -63, 307, 217, -339, 122, -575, 1015, -180, -868, -829, -336, 
-370, -68, 302, 219, -336, 117, -575, 1010, -180, -868, -829, -336, 
-361, -58, 302, 209, -331, 122, -575, 1019, -170, -858, -829, -326, 
-361, -63, 297, 212, -329, 117, -575, 1019, -180, -863, -829, -331, 
-361, -68, 292, 214, -326, 112, -575, 1019, -190, -868, -829, -336, 
-366, -68, 297, 217, -331, 114, -575, 1019, -190, -873, -834, -336, 
-366, -68, 297, 217, -331, 114, -575, 1019, -185, -863, -834, -331, 
-366, -68, 297, 217, -331, 114, -575, 1019, -185, -863, -834, -326, 
-366, -68, 297, 217, -331, 114, -575, 1019, -180, -858, -834, -322, 
-366, -68, 297, 217, -331, 114, -575, 1019, -175, -858, -834, -317, 
-366, -68, 297, 217, -331, 114, -575, 1010, -175, -868, -844, -317, 
-361, -68, 292, 214, -326, 112, -575, 1010, -180, -868, -844, -322, 
-361, -73, 287, 217, -324, 107, -575, 1010, -180, -868, -844, -331, 
-361, -73, 287, 217, -324, 107, -580, 1010, -180, -868, -849, -336, 
-361, -73, 287, 217, -324, 107, -580, 1010, -190, -873, -839, -336, 
-356, -73, 283, 214, -319, 104, -575, 1015, -190, -873, -844, -336, 
-356, -73, 283, 214, -319, 104, -575, 1015, -195, -878, -844, -341, 
-361, -73, 287, 217, -324, 107, -575, 1010, -195, -878, -844, -341, 
-370, -63, 307, 217, -339, 122, -585, 1010, -185, -868, -849, -336, 
-370, -63, 307, 217, -339, 122, -585, 1010, -185, -868, -849, -336, 
-370, -68, 302, 219, -336, 117, -585, 1010, -185, -863, -849, -336, 
-370, -68, 302, 219, -336, 117, -585, 1010, -185, -863, -844, -331, 
-361, -63, 297, 212, -329, 117, -575, 1019, -190, -873, -834, -331, 
-361, -63, 297, 212, -329, 117, -575, 1019, -190, -873, -834, -331, 
-361, -68, 292, 214, -326, 112, -575, 1019, -190, -878, -834, -331, 
-361, -68, 292, 214, -326, 112, -575, 1024, -190, -878, -834, -331, 
-361, -73, 287, 217, -324, 107, -575, 1015, -190, -873, -844, -346, 
-361, -73, 287, 217, -324, 107, -575, 1015, -190, -873, -844, -346, 
-361, -68, 292, 214, -326, 112, -575, 1015, -195, -873, -844, -346, 
-361, -68, 292, 214, -326, 112, -575, 1015, -195, -873, -844, -346, 
-361, -68, 292, 214, -326, 112, -575, 1015, -200, -883, -854, -336, 
-361, -68, 292, 214, -326, 112, -575, 1015, -200, -883, -854, -336, 
-361, -63, 297, 212, -329, 117, -575, 1015, -204, -883, -854, -341, 
-361, -63, 297, 212, -329, 117, -575, 1015, -209, -883, -854, -341, 
-370, -78, 292, 224, -331, 107, -585, 1015, -200, -888, -854, -336, 
-370, -78, 292, 224, -331, 107, -585, 1015, -200, -888, -854, -331, 
-370, -78, 292, 224, -331, 107, -585, 1015, -200, -888, -854, -331, 
-370, -78, 292, 224, -331, 107, -585, 1015, -195, -888, -854, -326, 
-370, -68, 302, 219, -336, 117, -585, 1015, -195, -883, -849, -326, 
-370, -68, 302, 219, -336, 117, -585, 1015, -200, -883, -844, -331, 
-370, -68, 302, 219, -336, 117, -585, 1015, -200, -888, -844, -341, 
-370, -73, 297, 222, -334, 112, -585, 1015, -195, -883, -844, -346, 
-370, -73, 297, 222, -334, 112, -585, 1015, -204, -878, -854, -341, 
-370, -68, 302, 219, -336, 117, -585, 1015, -214, -878, -854, -341, 
-370, -68, 302, 219, -336, 117, -585, 1015, -214, -883, -854, -341, 
-370, -68, 302, 219, -336, 117, -585, 1015, -214, -888, -854, -341, 
-370, -68, 302, 219, -336, 117, -585, 1005, -204, -888, -854, -336, 
-370, -68, 302, 219, -336, 117, -585, 1010, -204, -883, -854, -331, 
-366, -68, 297, 217, -331, 114, -585, 1010, -204, -883, -849, -331, 
-366, -68, 297, 217, -331, 114, -580, 1010, -204, -883, -849, -331, 
-366, -78, 287, 222, -326, 104, -580, 1010, -204, -878, -849, -331, 
-366, -78, 287, 222, -326, 104, -585, 1005, -204, -878, -849, -331, 
-370, -78, 292, 224, -331, 107, -585, 1005, -204, -878, -854, -336, 
-370, -82, 287, 226, -329, 102, -585, 1005, -209, -883, -854, -336, 
-361, -73, 287, 217, -324, 107, -585, 1005, -209, -883, -849, -336, 
-361, -73, 287, 217, -324, 107, -585, 1005, -204, -888, -849, -336, 
-361, -73, 287, 217, -324, 107, -585, 1005, -204, -888, -849, -336, 
-361, -73, 287, 217, -324, 107, -585, 1005, -204, -883, -844, -331, 
-361, -63, 297, 212, -329, 117, -585, 1005, -209, -893, -844, -341, 
-361, -63, 297, 212, -329, 117, -585, 1005, -209, -897, -849, -346, 
-361, -63, 297, 212, -329, 117, -585, 1005, -209, -897, -849, -346, 
-361, -58, 302, 209, -331, 122, -585, 1005, -209, -893, -849, -346, 
-361, -68, 292, 214, -326, 112, -585, 1005, -219, -893, -858, -341, 
-356, -68, 287, 212, -322, 109, -585, 1005, -219, -893, -858, -341, 
-356, -68, 287, 212, -322, 109, -590, 1005, -219, -897, -858, -341, 
-361, -68, 292, 214, -326, 112, -590, 1005, -219, -902, -858, -341, 
-370, -68, 302, 219, -336, 117, -590, 995, -214, -902, -858, -331, 
-366, -68, 297, 217, -331, 114, -590, 995, -214, -897, -858, -336, 
-366, -68, 297, 217, -331, 114, -590, 995, -214, -897, -858, -336, 
-366, -73, 292, 219, -329, 109, -595, 995, -214, -897, -858, -336, 
-361, -63, 297, 212, -329, 117, -595, 995, -214, -888, -854, -336, 
-361, -63, 297, 212, -329, 117, -595, 995, -214, -888, -854, -331, 
-361, -63, 297, 212, -329, 117, -595, 995, -214, -888, -854, -331, 
-361, -63, 297, 212, -329, 117, -595, 995, -214, -888, -854, -331, 
-361, -73, 287, 217, -324, 107, -590, 995, -214, -893, -849, -331, 
-361, -78, 283, 219, -322, 102, -590, 995, -214, -893, -849, -336, 
-361, -78, 283, 219, -322, 102, -590, 995, -214, -893, -849, -336, 
-361, -78, 283, 219, -322, 102, -590, 995, -219, -893, -849, -336, 
-361, -78, 283, 219, -322, 102, -595, 990, -219, -902, -858, -336, 
-361, -73, 287, 217, -324, 107, -595, 990, -219, -902, -858, -336, 
-361, -73, 287, 217, -324, 107, -595, 990, -219, -902, -858, -336, 
-366, -73, 292, 219, -329, 109, -595, 995, -219, -902, -858, -336, 
-366, -63, 302, 214, -334, 119, -595, 985, -219, -897, -863, -346, 
-366, -63, 302, 214, -334, 119, -595, 985, -219, -897, -863, -341, 
-361, -63, 297, 212, -329, 117, -595, 985, -219, -893, -863, -341, 
-361, -63, 297, 212, -329, 117, -600, 985, -219, -888, -858, -341, 
-361, -63, 297, 212, -329, 117, -600, 985, -229, -897, -858, -341, 
-361, -63, 297, 212, -329, 117, -595, 985, -229, -897, -858, -341, 
-361, -68, 292, 214, -326, 112, -590, 985, -229, -897, -858, -341, 
-361, -68, 292, 214, -326, 112, -590, 985, -234, -897, -858, -346, 
-361, -63, 297, 212, -329, 117, -590, 985, -224, -897, -858, -336, 
-361, -63, 297, 212, -329, 117, -595, 985, -229, -897, -858, -336, 
-361, -63, 297, 212, -329, 117, -595, 985, -229, -897, -863, -336, 
-361, -63, 297, 212, -329, 117, -595, 985, -229, -897, -863, -341, 
-361, -73, 287, 217, -324, 107, -590, 985, -219, -888, -858, -331, 
-361, -73, 287, 217, -324, 107, -590, 985, -219, -888, -858, -336, 
-361, -73, 287, 217, -324, 107, -590, 985, -219, -897, -863, -336, 
-361, -73, 287, 217, -324, 107, -590, 980, -219, -897, -863, -331, 
-361, -73, 287, 217, -324, 107, -590, 971, -214, -893, -854, -322, 
-361, -73, 287, 217, -324, 107, -590, 971, -214, -893, -854, -326, 
-361, -73, 287, 217, -324, 107, -590, 971, -219, -893, -854, -326, 
-361, -73, 287, 217, -324, 107, -595, 976, -219, -893, -854, -322, 
-370, -82, 287, 226, -329, 102, -605, 976, -219, -902, -863, -331, 
-370, -82, 287, 226, -329, 102, -600, 976, -219, -907, -863, -331, 
-370, -82, 287, 226, -329, 102, -600, 976, -219, -907, -863, -331, 
-370, -82, 287, 226, -329, 102, -600, 976, -219, -907, -863, -331, 
-361, -82, 278, 222, -319, 97, -590, 976, -229, -897, -854, -341, 
-361, -82, 278, 222, -319, 97, -595, 976, -229, -897, -854, -336, 
-361, -87, 273, 224, -317, 92, -595, 976, -224, -897, -854, -336, 
-361, -87, 273, 224, -317, 92, -595, 976, -224, -897, -854, -336, 
-361, -73, 287, 217, -324, 107, -595, 976, -224, -897, -858, -351, 
-361, -78, 283, 219, -322, 102, -595, 976, -224, -897, -858, -341, 
-351, -78, 273, 214, -312, 97, -595, 976, -224, -897, -868, -341, 
-351, -78, 273, 214, -312, 97, -595, 976, -224, -897, -868, -341, 
-351, -78, 273, 214, -312, 97, -595, 976, -224, -897, -868, -341, 
-351, -78, 273, 214, -312, 97, -595, 976, -224, -897, -868, -341, 
-361, -78, 283, 219, -322, 102, -605, 966, -234, -897, -858, -341, 
-361, -78, 283, 219, -322, 102, -605, 966, -234, -897, -858, -341, 
-361, -78, 283, 219, -322, 102, -605, 966, -234, -897, -858, -341, 
-361, -78, 283, 219, -322, 102, -605, 966, -234, -897, -858, -341, 
-361, -78, 283, 219, -322, 102, -605, 966, -234, -897, -858, -351, 
-361, -78, 283, 219, -322, 102, -605, 966, -234, -897, -858, -351, 
-361, -78, 283, 219, -322, 102, -605, 966, -234, -897, -858, -351, 
-361, -78, 283, 219, -322, 102, -605, 966, -234, -897, -858, -351, 
-351, -68, 283, 209, -317, 107, -605, 966, -234, -907, -868, -341, 
-351, -68, 283, 209, -317, 107, -605, 966, -234, -907, -868, -341, 
-351, -68, 283, 209, -317, 107, -605, 966, -234, -907, -868, -341, 
-351, -68, 283, 209, -317, 107, -605, 966, -234, -907, -868, -341, 
-351, -78, 273, 214, -312, 97, -605, 966, -234, -907, -858, -331, 
-351, -78, 273, 214, -312, 97, -605, 966, -234, -907, -858, -331, 
-351, -78, 273, 214, -312, 97, -605, 966, -234, -907, -858, -331, 
-351, -78, 273, 214, -312, 97, -605, 966, -234, -907, -858, -331, 
-361, -78, 283, 219, -322, 102, -605, 966, -234, -897, -858, -331, 
-361, -78, 283, 219, -322, 102, -605, 966, -234, -897, -858, -331, 
-361, -78, 283, 219, -322, 102, -605, 966, -234, -897, -858, -331, 
-361, -78, 283, 219, -322, 102, -605, 966, -234, -897, -858, -331, 
-351, -68, 283, 209, -317, 107, -614, 956, -244, -907, -868, -331, 
-351, -68, 283, 209, -317, 107, -614, 956, -244, -907, -868, -331, 
-351, -68, 283, 209, -317, 107, -614, 956, -244, -907, -868, -331, 
-351, -68, 283, 209, -317, 107, -614, 956, -244, -907, -868, -331, 
-361, -68, 292, 214, -326, 112, -614, 956, -244, -907, -868, -341, 
-361, -68, 292, 214, -326, 112, -614, 956, -244, -907, -868, -341, 
-361, -68, 292, 214, -326, 112, -614, 956, -244, -907, -868, -341, 
-361, -68, 292, 214, -326, 112, -614, 956, -244, -907, -868, -341, 
-361, -78, 283, 219, -322, 102, -614, 956, -234, -907, -868, -331, 
-361, -78, 283, 219, -322, 102, -614, 956, -234, -907, -868, -331, 
-361, -78, 283, 219, -322, 102, -614, 956, -234, -907, -868, -331, 
-361, -78, 283, 219, -322, 102, -614, 956, -234, -907, -868, -331, 
-361, -78, 283, 219, -322, 102, -605, 956, -234, -907, -858, -322, 
-361, -78, 283, 219, -322, 102, -605, 956, -234, -907, -858, -322, 
-361, -78, 283, 219, -322, 102, -605, 956, -234, -907, -858, -322, 
-361, -78, 283, 219, -322, 102, -605, 956, -234, -907, -858, -322, 
-361, -68, 292, 214, -326, 112, -614, 956, -244, -907, -868, -322, 
-361, -68, 292, 214, -326, 112, -614, 956, -244, -907, -868, -322, 
-361, -68, 292, 214, -326, 112, -614, 956, -244, -907, -868, -322, 
-361, -68, 292, 214, -326, 112, -614, 956, -244, -907, -868, -322, 
-351, -68, 283, 209, -317, 107, -614, 956, -244, -907, -868, -331, 
-351, -68, 283, 209, -317, 107, -614, 956, -244, -907, -868, -331, 
-351, -68, 283, 209, -317, 107, -614, 956, -244, -907, -868, -331, 
-351, -68, 283, 209, -317, 107, -614, 956, -244, -907, -868, -331, 
-351, -68, 283, 209, -317, 107, -614, 946, -244, -907, -878, -331, 
-351, -68, 283, 209, -317, 107, -614, 946, -244, -907, -878, -331, 
-351, -68, 283, 209, -317, 107, -614, 946, -244, -907, -878, -331, 
-351, -68, 283, 209, -317, 107, -614, 946, -244, -907, -878, -331, 
-351, -68, 283, 209, -317, 107, -614, 946, -244, -917, -878, -331, 
-351, -68, 283, 209, -317, 107, -614, 946, -244, -917, -878, -331, 
-351, -68, 283, 209, -317, 107, -614, 946, -244, -917, -878, -331, 
-351, -68, 283, 209, -317, 107, -614, 946, -244, -917, -878, -331, 
-351, -78, 273, 214, -312, 97, -614, 946, -244, -907, -868, -322, 
-351, -78, 273, 214, -312, 97, -614, 946, -244, -907, -868, -322, 
-351, -78, 273, 214, -312, 97, -614, 946, -244, -907, -868, -322, 
-351, -78, 273, 214, -312, 97, -614, 946, -244, -907, -868, -322, 
-351, -68, 283, 209, -317, 107, -614, 946, -244, -907, -868, -331, 
-351, -68, 283, 209, -317, 107, -614, 946, -244, -907, -868, -331, 
-351, -68, 283, 209, -317, 107, -614, 946, -244, -907, -868, -331, 
-351, -68, 283, 209, -317, 107, -614, 946, -244, -907, -868, -331, 
-351, -68, 283, 209, -317, 107, -614, 936, -244, -907, -878, -331, 
-351, -68, 283, 209, -317, 107, -614, 936, -244, -907, -878, -331, 
-351, -68, 283, 209, -317, 107, -614, 936, -244, -907, -878, -331, 
-351, -68, 283, 209, -317, 107, -614, 936, -244, -907, -878, -331, 
-351, -68, 283, 209, -317, 107, -614, 946, -244, -907, -878, -331, 
-351, -68, 283, 209, -317, 107, -614, 946, -244, -907, -878, -331, 
-351, -68, 283, 209, -317, 107, -614, 946, -244, -907, -878, -331, 
-351, -68, 283, 209, -317, 107, -614, 946, -244, -907, -878, -331, 
-341, -58, 283, 200, -312, 112, -624, 936, -244, -917, -878, -322, 
-341, -58, 283, 200, -312, 112, -624, 936, -244, -917, -878, -322, 
-341, -58, 283, 200, -312, 112, -624, 936, -244, -917, -878, -322, 
-341, -58, 283, 200, -312, 112, -624, 936, -244, -917, -878, -322, 
-341, -68, 273, 204, -307, 102, -624, 946, -244, -917, -868, -322, 
-341, -68, 273, 204, -307, 102, -624, 946, -244, -917, -868, -322, 
-341, -68, 273, 204, -307, 102, -624, 946, -244, -917, -868, -322, 
-341, -68, 273, 204, -307, 102, -624, 946, -244, -917, -868, -322, 
-341, -68, 273, 204, -307, 102, -624, 946, -253, -917, -868, -331, 
-341, -68, 273, 204, -307, 102, -624, 946, -253, -917, -868, -331, 
-341, -68, 273, 204, -307, 102, -624, 946, -253, -917, -868, -331, 
-341, -68, 273, 204, -307, 102, -624, 946, -253, -917, -868, -331, 
-341, -78, 263, 209, -302, 92, -614, 946, -244, -917, -873, -331, 
-341, -78, 263, 209, -302, 92, -614, 946, -244, -917, -878, -331, 
-341, -78, 263, 209, -302, 92, -614, 946, -244, -917, -883, -331, 
-341, -78, 263, 209, -302, 92, -614, 946, -244, -917, -888, -331, 
-351, -68, 283, 209, -317, 107, -624, 936, -253, -907, -878, -331, 
-351, -68, 283, 209, -317, 107, -624, 936, -253, -907, -878, -331, 
-351, -68, 283, 209, -317, 107, -624, 936, -253, -907, -878, -331, 
-351, -68, 283, 209, -317, 107, -624, 936, -253, -907, -878, -331, 
-341, -58, 283, 200, -312, 112, -624, 946, -253, -917, -878, -322, 
-341, -58, 283, 200, -312, 112, -624, 946, -253, -917, -878, -322, 
-341, -58, 283, 200, -312, 112, -624, 946, -253, -917, -878, -322, 
-341, -58, 283, 200, -312, 112, -624, 946, -253, -917, -878, -322, 
-341, -58, 283, 200, -312, 112, -624, 946, -253, -907, -878, -322, 
-341, -58, 283, 200, -312, 112, -624, 946, -253, -907, -878, -322, 
-341, -58, 283, 200, -312, 112, -624, 946, -253, -907, -878, -322, 
-341, -58, 283, 200, -312, 112, -624, 946, -253, -907, -878, -322, 
-341, -58, 283, 200, -312, 112, -624, 946, -263, -917, -878, -322, 
-341, -58, 283, 200, -312, 112, -624, 946, -263, -917, -878, -322, 
-341, -58, 283, 200, -312, 112, -624, 946, -263, -917, -878, -322, 
-341, -58, 283, 200, -312, 112, -624, 946, -263, -917, -878, -322, 
-341, -58, 283, 200, -312, 112, -634, 936, -263, -917, -878, -322, 
-341, -58, 283, 200, -312, 112, -634, 936, -263, -917, -878, -322, 
-341, -58, 283, 200, -312, 112, -634, 936, -263, -917, -878, -322, 
-341, -58, 283, 200, -312, 112, -634, 936, -263, -917, -878, -322, 
-331, -58, 273, 195, -302, 107, -634, 927, -258, -907, -878, -331, 
-331, -58, 273, 195, -302, 107, -634, 932, -258, -907, -878, -331, 
-331, -58, 273, 195, -302, 107, -634, 932, -253, -912, -878, -331, 
-331, -58, 273, 195, -302, 107, -634, 932, -253, -912, -873, -331, 
-336, -58, 278, 197, -307, 109, -629, 941, -253, -912, -873, -326, 
-336, -48, 287, 192, -312, 119, -624, 941, -253, -917, -873, -322, 
-336, -48, 287, 192, -312, 119, -624, 941, -253, -917, -873, -317, 
-336, -48, 287, 192, -312, 119, -634, 941, -253, -912, -873, -312, 
-346, -53, 292, 200, -319, 119, -624, 941, -258, -912, -883, -312, 
-346, -48, 297, 197, -322, 124, -624, 941, -258, -912, -883, -312, 
-341, -43, 297, 192, -319, 126, -629, 941, -258, -912, -883, -307, 
-341, -39, 302, 190, -322, 131, -629, 941, -258, -912, -878, -302, 
-336, -48, 287, 192, -312, 119, -629, 932, -248, -912, -878, -302, 
-336, -48, 287, 192, -312, 119, -639, 936, -248, -912, -878, -307, 
-336, -43, 292, 190, -314, 124, -639, 936, -244, -912, -873, -312, 
-336, -39, 297, 187, -317, 129, -644, 936, -234, -902, -873, -312, 
-341, -34, 307, 187, -324, 136, -644, 936, -239, -912, -868, -317, 
-341, -34, 307, 187, -324, 136, -639, 936, -244, -917, -873, -322, 
-341, -29, 312, 185, -326, 141, -634, 932, -244, -912, -868, -322, 
-336, -39, 297, 187, -317, 129, -629, 936, -253, -912, -873, -326, 
-331, -43, 287, 187, -309, 122, -619, 951, -253, -917, -883, -326, 
-322, -39, 283, 180, -302, 122, -619, 956, -253, -912, -883, -326, 
-317, -39, 278, 178, -297, 119, -624, 966, -253, -912, -883, -326, 
-312, -39, 273, 175, -292, 117, -619, 976, -253, -917, -883, -326, 
-292, -43, 248, 168, -270, 102, -605, 990, -253, -917, -883, -317, 
-287, -48, 239, 168, -263, 95, -600, 1000, -239, -907, -883, -312, 
-283, -53, 229, 168, -256, 87, -590, 1015, -239, -907, -873, -307, 
-283, -63, 219, 173, -251, 78, -585, 1024, -234, -902, -868, -302, 
-273, -58, 214, 165, -244, 78, -590, 1015, -224, -902, -858, -297, 
-273, -53, 219, 163, -246, 82, -595, 1015, -229, -902, -854, -297, 
-268, -53, 214, 161, -241, 80, -605, 1010, -234, -902, -854, -297, 
-263, -48, 214, 156, -239, 82, -619, 1005, -234, -902, -854, -297, 
-263, -34, 229, 148, -246, 97, -634, 995, -234, -888, -844, -292, 
-268, -29, 239, 148, -253, 104, -629, 985, -229, -883, -844, -292, 
-268, -24, 244, 146, -256, 109, -629, 980, -219, -878, -844, -292, 
-268, -24, 244, 146, -256, 109, -634, 971, -214, -878, -849, -287, 
-268, -14, 253, 141, -261, 119, -639, 961, -219, -883, -839, -287, 
-268, -14, 253, 141, -261, 119, -644, 956, -219, -883, -844, -283, 
-263, -14, 248, 139, -256, 117, -649, 956, -219, -893, -844, -283, 
-263, -14, 248, 139, -256, 117, -653, 961, -219, -897, -849, -283, 
-273, -24, 248, 148, -261, 112, -663, 951, -239, -902, -849, -287, 
-278, -29, 248, 153, -263, 109, -658, 951, -248, -907, -858, -292, 
-278, -39, 239, 158, -258, 100, -658, 951, -253, -907, -858, -292, 
-278, -39, 239, 158, -258, 100, -658, 946, -263, -907, -858, -292, 
-268, -24, 244, 146, -256, 109, -663, 936, -253, -897, -854, -283, 
-273, -19, 253, 146, -263, 117, -668, 932, -253, -902, -854, -283, 
-278, -24, 253, 151, -265, 114, -668, 932, -248, -907, -854, -283, 
-287, -19, 268, 153, -278, 124, -663, 927, -248, -912, -849, -287, 
-292, -19, 273, 156, -283, 126, -663, 917, -253, -907, -863, -287, 
-297, -24, 273, 161, -285, 124, -668, 917, -253, -912, -868, -297, 
-302, -29, 273, 165, -287, 122, -668, 917, -258, -912, -878, -302, 
-312, -24, 287, 168, -300, 131, -663, 917, -258, -912, -878, -302, 
-312, -19, 292, 165, -302, 136, -668, 907, -248, -907, -868, -302, 
-312, -19, 292, 165, -302, 136, -663, 917, -248, -907, -868, -302, 
-322, -24, 297, 173, -309, 136, -658, 917, -248, -907, -868, -307, 
-326, -29, 297, 178, -312, 134, -658, 917, -258, -917, -868, -312, 
-326, -29, 297, 178, -312, 134, -658, 922, -253, -917, -868, -307, 
-326, -34, 292, 180, -309, 129, -658, 917, -258, -922, -873, -307, 
-326, -34, 292, 180, -309, 129, -653, 912, -263, -927, -873, -307, 
-326, -39, 287, 183, -307, 124, -649, 902, -263, -927, -873, -307, 
-331, -43, 287, 187, -309, 122, -649, 912, -263, -927, -868, -302, 
-331, -43, 287, 187, -309, 122, -649, 912, -258, -932, -868, -302, 
-336, -43, 292, 190, -314, 124, -653, 912, -258, -932, -868, -302, 
-336, -43, 292, 190, -314, 124, -653, 912, -263, -932, -868, -302, 
-346, -48, 297, 197, -322, 124, -644, 907, -263, -932, -873, -302, 
-346, -53, 292, 200, -319, 119, -639, 907, -263, -932, -873, -302, 
-341, -58, 283, 200, -312, 112, -634, 907, -263, -932, -873, -302, 
-341, -63, 278, 202, -309, 107, -634, 902, -263, -932, -873, -302, 
-341, -63, 278, 202, -309, 107, -634, 912, -273, -936, -878, -307, 
-341, -58, 283, 200, -312, 112, -634, 912, -273, -936, -878, -312, 
-341, -58, 283, 200, -312, 112, -634, 912, -273, -941, -883, -317, 
-341, -58, 283, 200, -312, 112, -634, 912, -273, -941, -883, -322, 
-346, -63, 283, 204, -314, 109, -644, 902, -273, -941, -883, -317, 
-346, -63, 283, 204, -314, 109, -644, 902, -273, -941, -883, -312, 
-346, -58, 287, 202, -317, 114, -644, 902, -273, -941, -883, -307, 
-346, -58, 287, 202, -317, 114, -644, 902, -273, -936, -883, -302, 
-336, -48, 287, 192, -312, 119, -644, 902, -273, -936, -873, -312, 
-341, -48, 292, 195, -317, 122, -644, 902, -268, -936, -873, -312, 
-341, -48, 292, 195, -317, 122, -644, 902, -268, -936, -873, -312, 
-336, -48, 287, 192, -312, 119, -644, 902, -268, -936, -873, -312, 
-336, -48, 287, 192, -312, 119, -644, 897, -268, -941, -883, -312, 
-336, -48, 287, 192, -312, 119, -644, 897, -268, -941, -878, -312, 
-341, -48, 292, 195, -317, 122, -644, 902, -273, -936, -878, -312, 
-341, -48, 292, 195, -317, 122, -644, 902, -273, -936, -888, -312, 
-336, -43, 292, 190, -314, 124, -639, 907, -263, -932, -878, -302, 
-326, -43, 283, 185, -305, 119, -644, 907, -273, -941, -883, -317, 
-326, -53, 273, 190, -300, 109, -629, 936, -278, -941, -883, -326, 
-307, -73, 234, 190, -270, 80, -619, 976, -258, -932, -907, -341, 
-297, -92, 204, 195, -251, 56, -605, 1010, -244, -932, -917, -361, 
-297, -97, 200, 197, -248, 51, -595, 1039, -200, -917, -907, -361, 
-297, -82, 214, 190, -256, 65, -595, 1044, -151, -893, -888, -361, 
-302, -29, 273, 165, -287, 122, -605, 1024, -78, -849, -873, -351, 
-302, 43, 346, 129, -324, 195, -639, 980, 4, -775, -829, -307, 
-297, 136, 434, 80, -366, 285, -673, 932, 78, -712, -756, -253, 
-287, 229, 517, 29, -402, 373, -702, 863, 131, -639, -668, -175, 
-273, 361, 634, -43, -453, 497, -756, 790, 170, -541, -561, -73, 
-268, 531, 800, -131, -534, 666, -849, 678, 185, -448, -434, 78, 
-258, 707, 966, -224, -612, 836, -941, 536, 180, -356, -287, 224, 
-248, 844, 1093, -297, -671, 968, -1010, 405, 151, -268, -161, 366, 
-234, 966, 1200, -366, -717, 1083, -1093, 278, 92, -204, -43, 502, 
-219, 1073, 1293, -427, -756, 1183, -1166, 156, -9, -156, 73, 624, 
-200, 1156, 1356, -478, -778, 1256, -1229, 87, -107, -131, 165, 727, 
-180, 1239, 1420, -529, -800, 1329, -1278, 53, -234, -92, 258, 819, 
-234, 1322, 1556, -544, -895, 1439, -1293, 0, -385, -58, 331, 897, 
-302, 1390, 1693, -544, -997, 1542, -1293, -43, -507, -29, 380, 946, 
-331, 1424, 1756, -546, -1044, 1590, -1307, -68, -629, -29, 390, 946, 
-361, 1361, 1722, -500, -1041, 1542, -1298, -58, -780, -126, 297, 873, 
-424, 1137, 1561, -356, -993, 1349, -1205, 39, -922, -341, 63, 678, 
-473, 780, 1254, -153, -863, 1017, -1039, 219, -990, -605, -283, 375, 
-522, 492, 1015, 14, -768, 753, -893, 385, -1010, -829, -605, 87, 
-595, 351, 946, 122, -771, 649, -800, 458, -1005, -966, -795, -87, 
-624, 287, 912, 168, -768, 600, -736, 488, -971, -1024, -868, -170, 
-600, 170, 771, 214, -685, 470, -683, 556, -927, -1073, -917, -234, 
-575, 39, 614, 268, -595, 326, -629, 644, -883, -1132, -956, -278, 
-556, -78, 478, 317, -517, 200, -570, 722, -810, -1180, -1005, -331, 
-531, -136, 395, 334, -463, 129, -561, 766, -717, -1176, -1010, -351, 
-502, -126, 375, 314, -439, 124, -561, 800, -619, -1122, -985, -346, 
-463, -117, 346, 290, -405, 114, -566, 824, -536, -1058, -956, -336, 
-429, -112, 317, 270, -373, 102, -580, 829, -458, -1029, -941, -331, 
-414, -92, 322, 253, -368, 114, -605, 824, -395, -1000, -922, -322, 
-385, -73, 312, 229, -348, 119, -624, 839, -346, -980, -907, -297, 
-366, -58, 307, 212, -336, 124, -644, 849, -312, -971, -902, -307, 
-346, -58, 287, 202, -317, 114, -649, 858, -287, -956, -897, -312, 
-331, -58, 273, 195, -302, 107, -644, 873, -263, -946, -893, -307, 
-331, -53, 278, 192, -305, 112, -644, 883, -248, -941, -893, -317, 
-341, -48, 292, 195, -317, 122, -644, 883, -248, -936, -897, -322, 
-336, -24, 312, 180, -324, 143, -653, 888, -248, -932, -883, -317, 
-336, -19, 317, 178, -326, 148, -653, 878, -248, -932, -883, -307, 
-341, -9, 331, 175, -336, 161, -653, 873, -244, -922, -883, -307, 
-336, -19, 317, 178, -326, 148, -653, 873, -239, -932, -888, -307, 
-336, -19, 317, 178, -326, 148, -653, 883, -229, -936, -893, -307, 
-331, -34, 297, 183, -314, 131, -649, 888, -224, -936, -893, -302, 
-331, -43, 287, 187, -309, 122, -634, 893, -224, -941, -897, -317, 
-331, -48, 283, 190, -307, 117, -634, 897, -219, -941, -897, -317, 
-331, -53, 278, 192, -305, 112, -639, 897, -219, -936, -897, -312, 
-326, -53, 273, 190, -300, 109, -639, 893, -219, -936, -897, -312, 
-326, -58, 268, 192, -297, 104, -639, 897, -224, -936, -893, -322, 
-326, -58, 268, 192, -297, 104, -644, 897, -224, -936, -888, -322, 
-322, -48, 273, 185, -297, 112, -644, 897, -224, -936, -878, -322, 
-322, -48, 273, 185, -297, 112, -649, 897, -224, -936, -878, -322, 
-317, -43, 273, 180, -295, 114, -644, 897, -214, -936, -888, -312, 
-317, -43, 273, 180, -295, 114, -644, 897, -214, -936, -888, -317, 
-307, -43, 263, 175, -285, 109, -644, 902, -214, -936, -888, -317, 
-317, -48, 268, 183, -292, 109, -644, 902, -214, -936, -883, -312, 
-322, -39, 283, 180, -302, 122, -653, 897, -204, -936, -883, -312, 
-322, -39, 283, 180, -302, 122, -653, 897, -204, -936, -883, -312, 
-317, -29, 287, 173, -302, 129, -653, 897, -209, -936, -883, -312, 
-317, -29, 287, 173, -302, 129, -653, 893, -209, -932, -883, -307, 
-317, -34, 283, 175, -300, 124, -649, 893, -209, -941, -873, -307, 
-317, -34, 283, 175, -300, 124, -649, 893, -209, -941, -878, -312, 
-317, -39, 278, 178, -297, 119, -653, 893, -209, -941, -878, -312, 
-312, -39, 273, 175, -292, 117, -653, 893, -209, -936, -878, -312, 
-312, -39, 273, 175, -292, 117, -653, 893, -219, -936, -888, -302, 
-312, -39, 273, 175, -292, 117, -658, 893, -219, -941, -888, -302, 
-312, -34, 278, 173, -295, 122, -658, 893, -219, -941, -888, -297, 
-312, -34, 278, 173, -295, 122, -653, 893, -219, -941, -883, -297, 
-312, -34, 278, 173, -295, 122, -653, 883, -214, -932, -878, -287, 
-312, -34, 278, 173, -295, 122, -663, 883, -209, -932, -878, -287, 
-307, -24, 283, 165, -295, 129, -663, 883, -204, -927, -878, -287, 
-307, -19, 287, 163, -297, 134, -663, 883, -200, -927, -878, -287, 
-302, -19, 283, 161, -292, 131, -663, 893, -200, -932, -878, -292, 
-302, -19, 283, 161, -292, 131, -668, 893, -200, -932, -883, -297, 
-302, -19, 283, 161, -292, 131, -668, 893, -200, -932, -883, -302, 
-302, -24, 278, 163, -290, 126, -668, 893, -195, -927, -883, -302, 
-302, -24, 278, 163, -290, 126, -668, 883, -204, -936, -883, -312, 
-302, -29, 273, 165, -287, 122, -668, 883, -204, -936, -883, -312, 
-302, -29, 273, 165, -287, 122, -668, 883, -204, -936, -883, -312, 
-302, -24, 278, 163, -290, 126, -668, 883, -204, -936, -883, -307, 
-312, -34, 278, 173, -295, 122, -668, 893, -195, -927, -883, -302, 
-307, -34, 273, 170, -290, 119, -668, 893, -195, -927, -883, -302, 
-307, -29, 278, 168, -292, 124, -668, 893, -195, -927, -883, -297, 
-307, -29, 278, 168, -292, 124, -668, 888, -195, -927, -883, -292, 
-307, -29, 278, 168, -292, 124, -663, 897, -195, -936, -883, -292, 
-307, -29, 278, 168, -292, 124, -663, 897, -190, -932, -883, -292, 
-302, -29, 273, 165, -287, 122, -668, 897, -190, -932, -883, -287, 
-302, -24, 278, 163, -290, 126, -668, 897, -190, -936, -883, -287, 
-302, -24, 278, 163, -290, 126, -668, 888, -190, -936, -883, -292, 
-302, -24, 278, 163, -290, 126, -668, 888, -190, -932, -878, -292, 
-297, -24, 273, 161, -285, 124, -668, 893, -190, -932, -878, -287, 
-297, -24, 273, 161, -285, 124, -668, 893, -190, -927, -878, -287, 
-297, -14, 283, 156, -290, 134, -668, 883, -195, -927, -878, -287, 
-297, -14, 283, 156, -290, 134, -668, 883, -195, -927, -878, -287, 
-297, -14, 283, 156, -290, 134, -673, 883, -190, -927, -878, -292, 
-292, -14, 278, 153, -285, 131, -673, 883, -190, -927, -878, -292, 
-292, -19, 273, 156, -283, 126, -673, 883, -185, -922, -878, -302, 
-297, -19, 278, 158, -287, 129, -673, 883, -185, -922, -878, -302, 
-297, -19, 278, 158, -287, 129, -678, 883, -185, -922, -878, -302, 
-292, -14, 278, 153, -285, 131, -678, 883, -175, -917, -878, -302, 
-292, -9, 283, 151, -287, 136, -678, 878, -185, -927, -878, -292, 
-292, -9, 283, 151, -287, 136, -678, 878, -185, -922, -878, -292, 
-297, -9, 287, 153, -292, 139, -673, 878, -180, -917, -868, -292, 
-297, -9, 287, 153, -292, 139, -673, 878, -175, -917, -868, -292, 
-287, -9, 278, 148, -283, 134, -678, 888, -175, -917, -863, -292, 
-278, -9, 268, 143, -273, 129, -683, 883, -175, -917, -863, -287, 
-278, -9, 268, 143, -273, 129, -683, 883, -175, -912, -858, -283, 
-283, -14, 268, 148, -275, 126, -683, 883, -175, -912, -858, -278, 
-283, -24, 258, 153, -270, 117, -678, 883, -165, -917, -868, -283, 
-283, -24, 258, 153, -270, 117, -678, 883, -165, -917, -868, -283, 
-273, -14, 258, 143, -265, 122, -683, 878, -165, -907, -868, -283, 
-273, -9, 263, 141, -268, 126, -683, 878, -161, -902, -863, -287, 
-283, -9, 273, 146, -278, 131, -692, 878, -161, -912, -868, -297, 
-283, -9, 273, 146, -278, 131, -692, 873, -156, -912, -868, -292, 
-278, -4, 273, 141, -275, 134, -692, 873, -156, -907, -863, -287, 
-278, -4, 273, 141, -275, 134, -692, 873, -151, -902, -863, -287, 
-273, 4, 278, 134, -275, 141, -692, 863, -151, -902, -873, -287, 
-268, 4, 273, 131, -270, 139, -692, 863, -146, -902, -868, -287, 
-268, 9, 278, 129, -273, 143, -697, 863, -146, -902, -863, -287, 
-263, 14, 278, 124, -270, 146, -697, 863, -141, -897, -863, -287, 
-263, 19, 283, 122, -273, 151, -692, 863, -131, -897, -854, -278, 
-268, 24, 292, 122, -280, 158, -692, 858, -131, -888, -854, -273, 
-268, 34, 302, 117, -285, 168, -697, 858, -131, -888, -849, -273, 
-263, 39, 302, 112, -283, 170, -702, 858, -126, -888, -849, -273, 
-263, 29, 292, 117, -278, 161, -712, 858, -122, -888, -849, -273, 
-263, 34, 297, 114, -280, 165, -712, 858, -117, -888, -844, -268, 
-258, 39, 297, 109, -278, 168, -717, 858, -112, -878, -839, -268, 
-258, 43, 302, 107, -280, 173, -717, 858, -112, -873, -834, -258, 
-258, 34, 292, 112, -275, 163, -712, 858, -112, -863, -839, -268, 
-258, 39, 297, 109, -278, 168, -717, 858, -112, -858, -839, -263, 
-253, 43, 297, 104, -275, 170, -722, 858, -112, -858, -834, -258, 
-253, 48, 302, 102, -278, 175, -722, 858, -102, -858, -829, -258, 
-248, 53, 302, 97, -275, 178, -722, 854, -97, -868, -839, -268, 
-248, 58, 307, 95, -278, 183, -722, 849, -97, -858, -839, -263, 
-248, 63, 312, 92, -280, 187, -727, 839, -92, -854, -829, -258, 
-248, 68, 317, 90, -283, 192, -727, 839, -87, -854, -824, -253, 
-258, 73, 331, 92, -295, 202, -727, 849, -82, -839, -819, -239, 
-258, 78, 336, 90, -297, 207, -732, 839, -82, -839, -814, -234, 
-253, 82, 336, 85, -295, 209, -736, 839, -82, -829, -814, -229, 
-253, 87, 341, 82, -297, 214, -736, 839, -82, -824, -805, -224, 
-253, 82, 336, 85, -295, 209, -741, 839, -73, -829, -790, -224, 
-244, 82, 326, 80, -285, 204, -741, 829, -68, -824, -790, -219, 
-244, 87, 331, 78, -287, 209, -746, 829, -68, -819, -785, -214, 
-244, 92, 336, 75, -290, 214, -746, 824, -68, -814, -785, -214, 
-234, 92, 326, 70, -280, 209, -751, 824, -68, -824, -795, -224, 
-234, 97, 331, 68, -283, 214, -751, 819, -68, -824, -785, -214, 
-234, 102, 336, 65, -285, 219, -751, 819, -73, -819, -785, -209, 
-239, 107, 346, 65, -292, 226, -756, 819, -73, -814, -785, -204, 
-234, 107, 341, 63, -287, 224, -751, 819, -73, -814, -780, -204, 
-234, 107, 341, 63, -287, 224, -756, 810, -78, -814, -775, -204, 
-234, 107, 341, 63, -287, 224, -756, 810, -78, -814, -775, -204, 
-229, 122, 351, 53, -290, 236, -756, 814, -63, -810, -771, -204, 
-229, 117, 346, 56, -287, 231, -756, 814, -68, -810, -771, -204, 
-229, 122, 351, 53, -290, 236, -756, 800, -68, -810, -766, -204, 
-234, 122, 356, 56, -295, 239, -761, 800, -73, -810, -766, -204, 
-234, 122, 356, 56, -295, 239, -761, 800, -73, -810, -761, -204, 
-234, 136, 370, 48, -302, 253, -771, 800, -82, -800, -761, -195, 
-234, 136, 370, 48, -302, 253, -771, 800, -82, -800, -761, -185, 
-234, 136, 370, 48, -302, 253, -771, 800, -82, -800, -761, -185, 
-239, 136, 375, 51, -307, 256, -771, 800, -82, -795, -756, -175, 
-239, 136, 375, 51, -307, 256, -771, 800, -73, -795, -756, -175, 
-239, 136, 375, 51, -307, 256, -771, 800, -73, -805, -761, -175, 
-239, 136, 375, 51, -307, 256, -771, 800, -78, -805, -761, -175, 
-239, 136, 375, 51, -307, 256, -771, 800, -78, -805, -761, -175, 
-239, 131, 370, 53, -305, 251, -771, 790, -97, -800, -761, -165, 
-239, 131, 370, 53, -305, 251, -766, 790, -102, -800, -756, -165, 
-239, 131, 370, 53, -305, 251, -766, 795, -102, -805, -751, -165, 
-244, 122, 366, 61, -305, 244, -766, 795, -102, -810, -746, -170, 
-234, 131, 366, 51, -300, 248, -775, 795, -102, -810, -741, -170, 
-239, 126, 366, 56, -302, 246, -775, 795, -102, -819, -751, -175, 
-244, 122, 366, 61, -305, 244, -766, 795, -107, -819, -756, -175, 
-244, 117, 361, 63, -302, 239, -766, 795, -112, -824, -756, -175, 
-244, 122, 366, 61, -305, 244, -775, 800, -117, -814, -756, -180, 
-244, 117, 361, 63, -302, 239, -771, 800, -122, -819, -761, -185, 
-244, 112, 356, 65, -300, 234, -761, 800, -126, -824, -775, -185, 
-244, 102, 346, 70, -295, 224, -756, 810, -131, -834, -785, -190, 
-253, 107, 361, 73, -307, 234, -751, 805, -136, -839, -785, -195, 
-258, 102, 361, 78, -309, 231, -751, 805, -141, -849, -785, -204, 
-258, 92, 351, 82, -305, 222, -751, 810, -151, -858, -785, -209, 
-258, 87, 346, 85, -302, 217, -746, 814, -151, -858, -780, -214, 
-258, 92, 351, 82, -305, 222, -756, 810, -156, -863, -795, -219, 
-258, 82, 341, 87, -300, 212, -751, 814, -165, -873, -805, -214, 
-258, 78, 336, 90, -297, 207, -746, 814, -175, -883, -819, -219, 
-253, 68, 322, 92, -287, 195, -741, 819, -180, -883, -824, -219, 
-263, 63, 326, 100, -295, 195, -732, 824, -185, -883, -819, -234, 
-268, 58, 326, 104, -297, 192, -732, 824, -185, -888, -829, -234, 
-273, 53, 326, 109, -300, 190, -732, 829, -190, -888, -829, -239, 
-273, 48, 322, 112, -297, 185, -727, 834, -195, -888, -834, -244, 
-283, 39, 322, 122, -302, 180, -727, 834, -190, -902, -844, -253, 
-283, 39, 322, 122, -302, 180, -717, 839, -195, -912, -849, -253, 
-278, 39, 317, 119, -297, 178, -717, 839, -200, -912, -854, -253, 
-278, 39, 317, 119, -297, 178, -717, 844, -200, -917, -863, -253, 
-278, 34, 312, 122, -295, 173, -722, 844, -209, -912, -858, -263, 
-278, 29, 307, 124, -292, 168, -717, 844, -209, -912, -858, -273, 
-283, 24, 307, 129, -295, 165, -717, 844, -219, -917, -863, -273, 
-283, 19, 302, 131, -292, 161, -717, 844, -219, -917, -863, -273, 
-283, 19, 302, 131, -292, 161, -707, 844, -219, -927, -873, -268, 
-283, 19, 302, 131, -292, 161, -712, 844, -224, -927, -873, -268, 
-283, 14, 297, 134, -290, 156, -712, 844, -224, -932, -873, -263, 
-283, 14, 297, 134, -290, 156, -707, 849, -224, -932, -873, -263, 
-283, 14, 297, 134, -290, 156, -707, 858, -224, -941, -878, -273, 
-287, 14, 302, 136, -295, 158, -707, 858, -224, -941, -878, -278, 
-287, 14, 302, 136, -295, 158, -707, 854, -224, -941, -878, -278, 
-287, 14, 302, 136, -295, 158, -707, 854, -224, -941, -883, -278, 
-287, 4, 292, 141, -290, 148, -702, 849, -229, -941, -878, -283, 
-287, 4, 292, 141, -290, 148, -702, 849, -229, -946, -878, -278, 
-292, 4, 297, 143, -295, 151, -702, 849, -229, -946, -878, -278, 
-292, 4, 297, 143, -295, 151, -707, 849, -229, -946, -878, -273, 
-292, 9, 302, 141, -297, 156, -707, 849, -229, -946, -888, -258, 
-292, 9, 302, 141, -297, 156, -707, 849, -224, -946, -888, -258, 
-292, 9, 302, 141, -297, 156, -707, 849, -224, -941, -883, -258, 
-292, 9, 302, 141, -297, 156, -702, 849, -224, -941, -883, -253, 
-287, 0, 287, 143, -287, 143, -702, 854, -239, -946, -883, -258, 
-287, 0, 287, 143, -287, 143, -707, 854, -239, -946, -883, -263, 
-287, 0, 287, 143, -287, 143, -707, 854, -239, -946, -878, -268, 
-292, 0, 292, 146, -292, 146, -707, 854, -234, -946, -878, -273, 
-292, 0, 292, 146, -292, 146, -707, 839, -234, -946, -873, -258, 
-292, 0, 292, 146, -292, 146, -707, 839, -234, -946, -878, -258, 
-292, 0, 292, 146, -292, 146, -707, 839, -234, -946, -878, -258, 
-292, 0, 292, 146, -292, 146, -707, 839, -234, -946, -878, -258, 
-287, 9, 297, 139, -292, 153, -717, 839, -224, -946, -888, -258, 
-287, 9, 297, 139, -292, 153, -717, 839, -224, -946, -888, -263, 
-287, 9, 297, 139, -292, 153, -712, 839, -224, -946, -883, -263, 
-287, 9, 297, 139, -292, 153, -712, 839, -224, -941, -883, -263, 
-287, 9, 297, 139, -292, 153, -712, 839, -214, -932, -873, -273, 
-287, 9, 297, 139, -292, 153, -712, 839, -214, -932, -873, -268, 
-287, 9, 297, 139, -292, 153, -717, 839, -209, -932, -878, -268, 
-287, 9, 297, 139, -292, 153, -722, 839, -209, -932, -878, -263, 
-287, 9, 297, 139, -292, 153, -712, 839, -219, -941, -878, -253, 
-287, 9, 297, 139, -292, 153, -712, 839, -219, -941, -878, -258, 
-287, 9, 297, 139, -292, 153, -712, 839, -219, -941, -878, -258, 
-287, 9, 297, 139, -292, 153, -712, 839, -219, -941, -873, -258, 
-283, 14, 297, 134, -290, 156, -712, 839, -219, -941, -883, -258, 
-283, 14, 297, 134, -290, 156, -712, 839, -219, -941, -883, -253, 
-283, 14, 297, 134, -290, 156, -717, 839, -219, -936, -883, -253, 
-283, 14, 297, 134, -290, 156, -717, 839, -219, -936, -883, -248, 
-273, 14, 287, 129, -280, 151, -717, 839, -214, -936, -873, -248, 
-273, 19, 292, 126, -283, 156, -717, 834, -214, -936, -873, -244, 
-273, 19, 292, 126, -283, 156, -717, 834, -214, -936, -873, -244, 
-278, 19, 297, 129, -287, 158, -717, 834, -214, -936, -873, -244, 
-278, 9, 287, 134, -283, 148, -727, 834, -224, -941, -883, -248, 
-273, 14, 287, 129, -280, 151, -727, 834, -224, -941, -883, -258, 
-268, 14, 283, 126, -275, 148, -727, 829, -224, -936, -883, -263, 
-268, 14, 283, 126, -275, 148, -727, 829, -224, -936, -883, -268, 
-278, 14, 292, 131, -285, 153, -717, 844, -214, -941, -873, -258, 
-283, 9, 292, 136, -287, 151, -727, 844, -214, -941, -873, -258, 
-283, 9, 292, 136, -287, 151, -727, 844, -214, -941, -873, -258, 
-283, 9, 292, 136, -287, 151, -722, 844, -214, -941, -883, -253, 
-273, 9, 283, 131, -278, 146, -722, 844, -214, -951, -883, -244, 
-273, 9, 283, 131, -278, 146, -722, 844, -214, -951, -878, -244, 
-273, 9, 283, 131, -278, 146, -727, 844, -214, -951, -878, -248, 
-273, 9, 283, 131, -278, 146, -727, 844, -214, -951, -883, -248, 
-273, 9, 283, 131, -278, 146, -717, 834, -219, -946, -883, -248, 
-273, 9, 283, 131, -278, 146, -717, 834, -219, -946, -878, -253, 
-273, 9, 283, 131, -278, 146, -717, 834, -219, -951, -878, -258, 
-268, 9, 278, 129, -273, 143, -717, 834, -219, -951, -878, -263, 
-268, 14, 283, 126, -275, 148, -717, 844, -224, -951, -878, -253, 
-273, 14, 287, 129, -280, 151, -717, 844, -229, -951, -878, -253, 
-273, 14, 287, 129, -280, 151, -717, 844, -239, -951, -878, -253, 
-268, 14, 283, 126, -275, 148, -717, 839, -244, -951, -883, -258, 
-268, 4, 273, 131, -270, 139, -727, 849, -234, -961, -888, -268, 
-273, 4, 278, 134, -275, 141, -722, 849, -234, -961, -888, -268, 
-273, 4, 278, 134, -275, 141, -722, 849, -239, -966, -893, -268, 
-273, 0, 273, 136, -273, 136, -722, 844, -239, -966, -897, -268, 
-273, 0, 273, 136, -273, 136, -722, 844, -234, -956, -888, -268, 
-273, -4, 268, 139, -270, 131, -722, 844, -239, -961, -888, -273, 
-273, -9, 263, 141, -268, 126, -722, 844, -244, -966, -888, -278, 
-278, -9, 268, 143, -273, 129, -722, 844, -239, -971, -893, -278, 
-268, -9, 258, 139, -263, 124, -722, 844, -248, -971, -902, -268, 
-268, -9, 258, 139, -263, 124, -722, 844, -253, -971, -902, -268, 
-268, -9, 258, 139, -263, 124, -722, 844, -253, -966, -902, -268, 
-268, -9, 258, 139, -263, 124, -722, 844, -253, -966, -902, -268, 
-268, -9, 258, 139, -263, 124, -722, 854, -244, -976, -893, -263, 
-263, -9, 253, 136, -258, 122, -722, 854, -248, -976, -893, -263, 
-263, -14, 248, 139, -256, 117, -722, 854, -248, -976, -893, -268, 
-263, -14, 248, 139, -256, 117, -727, 854, -248, -976, -897, -268, 
-273, -9, 263, 141, -268, 126, -717, 844, -248, -971, -897, -268, 
-268, -4, 263, 136, -265, 129, -712, 849, -248, -971, -902, -268, 
-268, 0, 268, 134, -268, 134, -712, 849, -253, -976, -902, -273, 
-273, 4, 278, 134, -275, 141, -712, 844, -253, -976, -902, -273, 
-263, 4, 268, 129, -265, 136, -722, 854, -263, -985, -907, -278, 
-263, 4, 268, 129, -265, 136, -722, 854, -263, -985, -907, -278, 
-263, 0, 263, 131, -263, 131, -722, 854, -263, -980, -907, -278, 
-263, 0, 263, 131, -263, 131, -722, 854, -263, -980, -902, -273, 
-263, -4, 258, 134, -261, 126, -722, 844, -258, -980, -912, -273, 
-263, -4, 258, 134, -261, 126, -722, 844, -258, -980, -912, -273, 
-263, -9, 253, 136, -258, 122, -722, 844, -258, -985, -912, -273, 
-263, -9, 253, 136, -258, 122, -722, 849, -258, -985, -912, -273, 
-263, -14, 248, 139, -256, 117, -712, 849, -258, -990, -902, -273, 
-263, -14, 248, 139, -256, 117, -712, 849, -258, -990, -902, -268, 
-263, -9, 253, 136, -258, 122, -712, 849, -263, -990, -902, -263, 
-263, -9, 253, 136, -258, 122, -712, 849, -263, -990, -902, -258, 
-263, -9, 253, 136, -258, 122, -722, 849, -258, -990, -912, -273, 
-263, -9, 253, 136, -258, 122, -722, 849, -258, -990, -912, -278, 
-263, -4, 258, 134, -261, 126, -722, 849, -263, -990, -912, -287, 
-263, -4, 258, 134, -261, 126, -722, 849, -268, -990, -912, -292, 
-263, -9, 253, 136, -258, 122, -722, 849, -268, -990, -912, -287, 
-263, -9, 253, 136, -258, 122, -722, 849, -268, -995, -912, -283, 
-263, -9, 253, 136, -258, 122, -722, 849, -268, -1000, -912, -283, 
-263, -9, 253, 136, -258, 122, -722, 849, -263, -1005, -912, -278, 
-263, -19, 244, 141, -253, 112, -722, 849, -263, -995, -912, -268, 
-263, -19, 244, 141, -253, 112, -722, 849, -268, -1000, -912, -273, 
-263, -19, 244, 141, -253, 112, -722, 849, -268, -1010, -917, -283, 
-263, -24, 239, 143, -251, 107, -722, 849, -263, -1010, -922, -287, 
-263, -24, 239, 143, -251, 107, -722, 849, -263, -1005, -922, -283, 
-263, -19, 244, 141, -253, 112, -722, 849, -273, -1005, -922, -283, 
-263, -19, 244, 141, -253, 112, -722, 849, -273, -1010, -922, -283, 
-263, -19, 244, 141, -253, 112, -722, 849, -273, -1015, -922, -283, 
-263, -9, 253, 136, -258, 122, -722, 839, -283, -1015, -922, -287, 
-263, -9, 253, 136, -258, 122, -722, 844, -283, -1010, -922, -283, 
-258, -9, 248, 134, -253, 119, -722, 844, -283, -1010, -917, -283, 
-258, -9, 248, 134, -253, 119, -717, 844, -283, -1010, -917, -283, 
-258, -9, 248, 134, -253, 119, -717, 844, -273, -995, -917, -283, 
-258, -9, 248, 134, -253, 119, -722, 839, -273, -995, -917, -283, 
-263, -9, 253, 136, -258, 122, -722, 839, -273, -995, -922, -287, 
-263, -14, 248, 139, -256, 117, -722, 839, -278, -1000, -922, -287, 
-263, -24, 239, 143, -251, 107, -722, 849, -278, -1000, -917, -283, 
-263, -24, 239, 143, -251, 107, -722, 849, -273, -1005, -917, -278, 
-263, -24, 239, 143, -251, 107, -722, 849, -273, -1005, -917, -273, 
-263, -24, 239, 143, -251, 107, -722, 849, -273, -1000, -912, -263, 
-263, -24, 239, 143, -251, 107, -722, 849, -278, -1000, -912, -273, 
-263, -24, 239, 143, -251, 107, -722, 849, -278, -1005, -917, -278, 
-263, -24, 239, 143, -251, 107, -722, 849, -278, -1005, -917, -278, 
-263, -19, 244, 141, -253, 112, -722, 849, -278, -1000, -917, -278, 
-263, -29, 234, 146, -248, 102, -722, 849, -278, -1010, -927, -283, 
-258, -29, 229, 143, -244, 100, -722, 849, -278, -1010, -927, -283, 
-258, -29, 229, 143, -244, 100, -727, 849, -278, -1015, -927, -283, 
-263, -29, 234, 146, -248, 102, -727, 849, -278, -1019, -927, -283, 
-263, -19, 244, 141, -253, 112, -727, 839, -283, -1019, -927, -273, 
-258, -19, 239, 139, -248, 109, -727, 839, -283, -1015, -927, -278, 
-258, -19, 239, 139, -248, 109, -727, 839, -283, -1015, -927, -278, 
-258, -24, 234, 141, -246, 104, -732, 839, -283, -1015, -927, -278, 
-263, -24, 239, 143, -251, 107, -722, 839, -283, -1015, -922, -268, 
-263, -24, 239, 143, -251, 107, -722, 839, -283, -1015, -922, -263, 
-263, -24, 239, 143, -251, 107, -722, 839, -283, -1015, -922, -263, 
-263, -24, 239, 143, -251, 107, -722, 839, -283, -1015, -922, -263, 
-263, -14, 248, 139, -256, 117, -727, 839, -292, -1010, -927, -268, 
-263, -19, 244, 141, -253, 112, -727, 839, -292, -1010, -927, -278, 
-263, -19, 244, 141, -253, 112, -727, 839, -292, -1010, -927, -283, 
-263, -19, 244, 141, -253, 112, -727, 839, -297, -1010, -927, -287, 
-253, -19, 234, 136, -244, 107, -732, 834, -297, -1019, -936, -287, 
-253, -14, 239, 134, -246, 112, -732, 834, -297, -1019, -936, -287, 
-253, -14, 239, 134, -246, 112, -732, 834, -297, -1019, -936, -287, 
-258, -14, 244, 136, -251, 114, -732, 839, -297, -1019, -936, -287, 
-248, -14, 234, 131, -241, 109, -732, 839, -307, -1019, -941, -287, 
-248, -14, 234, 131, -241, 109, -732, 839, -307, -1024, -941, -283, 
-244, -14, 229, 129, -236, 107, -732, 839, -307, -1024, -941, -283, 
-244, -14, 229, 129, -236, 107, -736, 839, -307, -1024, -936, -283, 
-248, -14, 234, 131, -241, 109, -736, 839, -302, -1015, -927, -283, 
-253, -14, 239, 134, -246, 112, -732, 839, -297, -1015, -927, -283, 
-258, -19, 239, 139, -248, 109, -727, 839, -292, -1015, -927, -283, 
-263, -19, 244, 141, -253, 112, -727, 839, -292, -1015, -927, -287, 
-263, -14, 248, 139, -256, 117, -727, 829, -302, -1024, -927, -278, 
-263, -14, 248, 139, -256, 117, -732, 829, -307, -1024, -927, -278, 
-263, -14, 248, 139, -256, 117, -732, 829, -307, -1024, -932, -278, 
-263, -14, 248, 139, -256, 117, -732, 829, -307, -1024, -932, -283, 
-258, -14, 244, 136, -251, 114, -736, 829, -307, -1024, -936, -292, 
-253, -14, 239, 134, -246, 112, -736, 829, -307, -1024, -936, -297, 
-248, -14, 234, 131, -241, 109, -736, 829, -307, -1034, -941, -297, 
-244, -14, 229, 129, -236, 107, -736, 824, -307, -1034, -941, -292, 
-253, -24, 229, 139, -241, 102, -727, 834, -302, -1029, -932, -287, 
-253, -24, 229, 139, -241, 102, -727, 834, -302, -1029, -932, -287, 
-253, -24, 229, 139, -241, 102, -727, 834, -307, -1029, -932, -283, 
-253, -24, 229, 139, -241, 102, -732, 839, -307, -1029, -932, -273, 
-253, -24, 229, 139, -241, 102, -732, 829, -297, -1029, -941, -283, 
-253, -24, 229, 139, -241, 102, -727, 829, -297, -1034, -941, -283, 
-253, -24, 229, 139, -241, 102, -727, 829, -297, -1034, -941, -283, 
-253, -24, 229, 139, -241, 102, -727, 829, -297, -1034, -941, -283, 
-253, -14, 239, 134, -246, 112, -727, 839, -307, -1034, -941, -292, 
-253, -14, 239, 134, -246, 112, -732, 839, -307, -1034, -941, -287, 
-253, -19, 234, 136, -244, 107, -732, 839, -302, -1034, -941, -287, 
-253, -19, 234, 136, -244, 107, -732, 839, -302, -1034, -941, -287, 
-253, -14, 239, 134, -246, 112, -722, 839, -302, -1034, -936, -292, 
-253, -19, 234, 136, -244, 107, -732, 839, -302, -1034, -936, -283, 
-253, -19, 234, 136, -244, 107, -732, 829, -302, -1034, -936, -283, 
-253, -19, 234, 136, -244, 107, -732, 829, -302, -1034, -936, -283, 
-253, -19, 234, 136, -244, 107, -732, 829, -302, -1034, -936, -283, 
-253, -19, 234, 136, -244, 107, -732, 829, -302, -1034, -936, -283, 
-253, -19, 234, 136, -244, 107, -741, 829, -312, -1034, -936, -283, 
-253, -19, 234, 136, -244, 107, -741, 829, -312, -1034, -936, -283, 
-253, -19, 234, 136, -244, 107, -741, 829, -312, -1034, -936, -283, 
-253, -19, 234, 136, -244, 107, -741, 829, -312, -1034, -936, -283, 
-253, -19, 234, 136, -244, 107, -732, 829, -312, -1034, -927, -283, 
-253, -19, 234, 136, -244, 107, -732, 829, -312, -1034, -927, -283, 
-253, -19, 234, 136, -244, 107, -732, 829, -312, -1034, -927, -283, 
-253, -19, 234, 136, -244, 107, -732, 829, -312, -1034, -927, -283, 
-263, -19, 244, 141, -253, 112, -741, 829, -312, -1044, -936, -283, 
-263, -19, 244, 141, -253, 112, -741, 829, -312, -1044, -936, -283, 
-263, -19, 244, 141, -253, 112, -741, 829, -312, -1044, -936, -283, 
-263, -19, 244, 141, -253, 112, -741, 829, -312, -1044, -936, -283, 
-253, -29, 224, 141, -239, 97, -741, 829, -312, -1044, -946, -292, 
-253, -29, 224, 141, -239, 97, -741, 829, -312, -1044, -946, -292, 
-253, -29, 224, 141, -239, 97, -741, 829, -312, -1044, -946, -292, 
-253, -29, 224, 141, -239, 97, -741, 829, -312, -1044, -946, -292, 
-253, -19, 234, 136, -244, 107, -741, 829, -312, -1044, -946, -292, 
-253, -19, 234, 136, -244, 107, -741, 829, -312, -1044, -946, -292, 
-253, -19, 234, 136, -244, 107, -741, 829, -312, -1044, -946, -292, 
-253, -19, 234, 136, -244, 107, -741, 829, -312, -1044, -946, -292, 
-253, -9, 244, 131, -248, 117, -741, 819, -322, -1044, -946, -287, 
-253, -9, 244, 131, -248, 117, -741, 819, -322, -1044, -946, -283, 
-253, -9, 244, 131, -248, 117, -741, 819, -322, -1044, -946, -278, 
-253, -9, 244, 131, -248, 117, -741, 819, -322, -1044, -946, -273, 
-253, -19, 234, 136, -244, 107, -741, 819, -312, -1044, -936, -283, 
-253, -19, 234, 136, -244, 107, -741, 819, -312, -1044, -936, -283, 
-253, -19, 234, 136, -244, 107, -741, 819, -312, -1044, -936, -283, 
-253, -19, 234, 136, -244, 107, -741, 819, -312, -1044, -936, -283, 
-253, -9, 244, 131, -248, 117, -741, 819, -312, -1044, -941, -287, 
-253, -9, 244, 131, -248, 117, -741, 819, -312, -1044, -946, -292, 
-253, -9, 244, 131, -248, 117, -741, 819, -312, -1044, -951, -297, 
-253, -9, 244, 131, -248, 117, -741, 819, -312, -1044, -956, -302, 
-253, -9, 244, 131, -248, 117, -741, 819, -322, -1044, -956, -297, 
-253, -9, 244, 131, -248, 117, -741, 819, -322, -1044, -956, -292, 
-253, -9, 244, 131, -248, 117, -741, 819, -322, -1044, -956, -287, 
-253, -9, 244, 131, -248, 117, -741, 819, -322, -1044, -956, -283, 
-253, -14, 239, 134, -246, 112, -741, 819, -322, -1044, -951, -273, 
-253, -19, 234, 136, -244, 107, -741, 819, -322, -1044, -946, -273, 
-253, -24, 229, 139, -241, 102, -741, 819, -322, -1044, -941, -273, 
-253, -29, 224, 141, -239, 97, -741, 819, -322, -1044, -936, -273, 
-263, -39, 224, 151, -244, 92, -741, 819, -322, -1044, -936, -283, 
-263, -39, 224, 151, -244, 92, -741, 819, -322, -1044, -936, -283, 
-263, -39, 224, 151, -244, 92, -741, 819, -322, -1044, -936, -283, 
-263, -39, 224, 151, -244, 92, -741, 819, -322, -1044, -936, -283, 
-263, -29, 234, 146, -248, 102, -732, 819, -322, -1044, -936, -292, 
-263, -29, 234, 146, -248, 102, -732, 819, -322, -1044, -936, -292, 
-263, -29, 234, 146, -248, 102, -732, 819, -322, -1044, -936, -292, 
-263, -29, 234, 146, -248, 102, -732, 819, -322, -1044, -936, -292, 
-253, -19, 234, 136, -244, 107, -741, 819, -322, -1054, -941, -283, 
-253, -19, 234, 136, -244, 107, -741, 819, -322, -1054, -946, -283, 
-253, -19, 234, 136, -244, 107, -741, 819, -322, -1054, -951, -283, 
-253, -19, 234, 136, -244, 107, -741, 819, -322, -1054, -956, -283, 
-253, -29, 224, 141, -239, 97, -751, 819, -322, -1044, -956, -283, 
-253, -29, 224, 141, -239, 97, -751, 819, -322, -1044, -956, -283, 
-253, -29, 224, 141, -239, 97, -751, 819, -322, -1044, -956, -283, 
-253, -29, 224, 141, -239, 97, -751, 819, -322, -1044, -956, -283, 
-253, -19, 234, 136, -244, 107, -741, 810, -322, -1054, -956, -292, 
-253, -19, 234, 136, -244, 107, -741, 810, -322, -1054, -956, -292, 
-253, -19, 234, 136, -244, 107, -741, 810, -322, -1054, -956, -292, 
-253, -19, 234, 136, -244, 107, -741, 810, -322, -1054, -956, -292, 
-253, -9, 244, 131, -248, 117, -741, 810, -322, -1054, -956, -292, 
-253, -9, 244, 131, -248, 117, -741, 810, -322, -1054, -956, -292, 
-253, -9, 244, 131, -248, 117, -741, 810, -322, -1054, -956, -292, 
-253, -9, 244, 131, -248, 117, -741, 810, -322, -1054, -956, -292, 
-253, -9, 244, 131, -248, 117, -751, 810, -322, -1063, -956, -292, 
-253, -9, 244, 131, -248, 117, -751, 810, -322, -1063, -956, -292, 
-253, -9, 244, 131, -248, 117, -751, 810, -322, -1063, -956, -292, 
-253, -9, 244, 131, -248, 117, -751, 810, -322, -1063, -956, -292, 
-253, -9, 244, 131, -248, 117, -741, 810, -331, -1073, -956, -283, 
-253, -9, 244, 131, -248, 117, -741, 810, -331, -1073, -956, -283, 
-253, -9, 244, 131, -248, 117, -741, 810, -331, -1073, -956, -283, 
-253, -9, 244, 131, -248, 117, -741, 810, -331, -1073, -956, -283, 
-253, -19, 234, 136, -244, 107, -751, 800, -331, -1063, -956, -273, 
-253, -19, 234, 136, -244, 107, -751, 800, -331, -1063, -956, -273, 
-253, -19, 234, 136, -244, 107, -751, 800, -331, -1063, -956, -273, 
-253, -19, 234, 136, -244, 107, -751, 800, -331, -1063, -956, -273, 
-244, -19, 224, 131, -234, 102, -751, 810, -322, -1063, -956, -278, 
-244, -19, 224, 131, -234, 102, -751, 810, -322, -1063, -956, -283, 
-244, -19, 224, 131, -234, 102, -751, 810, -322, -1063, -956, -287, 
-244, -19, 224, 131, -234, 102, -751, 810, -322, -1063, -956, -292, 
-244, -9, 234, 126, -239, 112, -751, 800, -331, -1063, -966, -302, 
-244, -9, 234, 126, -239, 112, -751, 800, -331, -1063, -966, -302, 
-244, -9, 234, 126, -239, 112, -751, 800, -331, -1063, -966, -302, 
-244, -9, 234, 126, -239, 112, -751, 800, -331, -1063, -966, -302, 
-253, -19, 234, 136, -244, 107, -751, 810, -322, -1073, -956, -292, 
-253, -19, 234, 136, -244, 107, -751, 810, -322, -1073, -956, -292, 
-253, -19, 234, 136, -244, 107, -751, 810, -322, -1073, -956, -292, 
-253, -19, 234, 136, -244, 107, -751, 810, -322, -1073, -956, -292, 
-253, -19, 234, 136, -244, 107, -751, 810, -331, -1063, -956, -283, 
-253, -19, 234, 136, -244, 107, -751, 810, -331, -1063, -956, -283, 
-253, -19, 234, 136, -244, 107, -751, 810, -331, -1063, -956, -283, 
-253, -19, 234, 136, -244, 107, -751, 810, -331, -1063, -956, -283, 
-244, -19, 224, 131, -234, 102, -741, 800, -341, -1073, -966, -292, 
-244, -19, 224, 131, -234, 102, -741, 800, -341, -1073, -966, -292, 
-244, -19, 224, 131, -234, 102, -741, 800, -341, -1073, -966, -292, 
-244, -19, 224, 131, -234, 102, -741, 800, -341, -1073, -966, -292, 
-244, -9, 234, 126, -239, 112, -751, 800, -331, -1063, -966, -292, 
-244, -9, 234, 126, -239, 112, -751, 800, -331, -1063, -966, -292, 
-244, -9, 234, 126, -239, 112, -751, 800, -331, -1063, -966, -292, 
-244, -9, 234, 126, -239, 112, -751, 800, -331, -1063, -966, -292, 
-244, 0, 244, 122, -244, 122, -751, 800, -346, -1063, -966, -302, 
-244, 0, 244, 122, -244, 122, -751, 805, -346, -1063, -966, -302, 
-244, 0, 244, 122, -244, 122, -751, 805, -341, -1068, -966, -302, 
-244, 0, 244, 122, -244, 122, -751, 805, -341, -1068, -961, -302, 
-239, -9, 229, 124, -234, 109, -756, 795, -341, -1078, -961, -302, 
-239, 0, 239, 119, -239, 119, -751, 795, -341, -1083, -961, -302, 
-239, 0, 239, 119, -239, 119, -751, 795, -341, -1083, -961, -302, 
-239, 0, 239, 119, -239, 119, -761, 795, -341, -1078, -961, -302, 
-248, 0, 248, 124, -248, 124, -751, 785, -336, -1078, -966, -312, 
-248, 0, 248, 124, -248, 124, -751, 785, -336, -1078, -971, -312, 
-244, 0, 244, 122, -244, 122, -756, 785, -336, -1078, -976, -307, 
-244, 0, 244, 122, -244, 122, -756, 785, -336, -1078, -976, -302, 
-248, 9, 258, 119, -253, 134, -746, 795, -336, -1068, -966, -287, 
-248, 9, 258, 119, -253, 134, -756, 800, -336, -1068, -966, -287, 
-248, 14, 263, 117, -256, 139, -756, 800, -331, -1068, -961, -287, 
-248, 19, 268, 114, -258, 143, -761, 800, -322, -1058, -961, -283, 
-244, 24, 268, 109, -256, 146, -756, 800, -322, -1058, -956, -278, 
-244, 24, 268, 109, -256, 146, -756, 800, -322, -1063, -961, -283, 
-244, 29, 273, 107, -258, 151, -756, 795, -317, -1058, -956, -283, 
-239, 19, 258, 109, -248, 139, -756, 800, -322, -1058, -961, -287, 
-234, 19, 253, 107, -244, 136, -741, 810, -322, -1068, -971, -292, 
-224, 19, 244, 102, -234, 131, -736, 819, -322, -1068, -971, -297, 
-219, 14, 234, 102, -226, 124, -736, 834, -322, -1073, -971, -302, 
-214, 9, 224, 102, -219, 117, -727, 849, -322, -1083, -971, -307, 
-195, 0, 195, 97, -195, 97, -717, 863, -322, -1073, -961, -307, 
-190, 0, 190, 95, -190, 95, -717, 873, -307, -1063, -961, -302, 
-185, 0, 185, 92, -185, 92, -712, 888, -307, -1063, -951, -297, 
-185, -4, 180, 95, -183, 87, -712, 897, -302, -1058, -946, -292, 
-175, 9, 185, 82, -180, 97, -717, 888, -292, -1054, -946, -283, 
-175, 14, 190, 80, -183, 102, -722, 878, -297, -1049, -941, -278, 
-170, 14, 185, 78, -178, 100, -732, 863, -302, -1044, -941, -273, 
-165, 19, 185, 73, -175, 102, -746, 849, -302, -1039, -941, -268, 
-175, 24, 200, 75, -187, 112, -771, 834, -297, -1034, -932, -263, 
-180, 29, 209, 75, -195, 119, -766, 829, -297, -1029, -932, -263, 
-180, 34, 214, 73, -197, 124, -766, 829, -292, -1024, -932, -263, 
-180, 34, 214, 73, -197, 124, -771, 824, -292, -1024, -936, -258, 
-180, 43, 224, 68, -202, 134, -785, 814, -302, -1029, -936, -273, 
-180, 43, 224, 68, -202, 134, -790, 810, -307, -1029, -941, -273, 
-175, 43, 219, 65, -197, 131, -795, 810, -312, -1039, -941, -278, 
-175, 43, 219, 65, -197, 131, -800, 814, -317, -1044, -946, -283, 
-175, 43, 219, 65, -197, 131, -800, 810, -322, -1058, -946, -278, 
-180, 39, 219, 70, -200, 129, -795, 805, -326, -1063, -956, -283, 
-180, 29, 209, 75, -195, 119, -795, 800, -326, -1063, -956, -283, 
-180, 29, 209, 75, -195, 119, -795, 790, -331, -1063, -956, -283, 
-190, 39, 229, 75, -209, 134, -795, 775, -326, -1063, -946, -273, 
-195, 39, 234, 78, -214, 136, -795, 775, -331, -1068, -951, -273, 
-200, 29, 229, 85, -214, 129, -790, 780, -331, -1073, -956, -273, 
-209, 29, 239, 90, -224, 134, -780, 780, -336, -1078, -956, -278, 
-214, 34, 248, 90, -231, 141, -785, 771, -331, -1078, -951, -278, 
-219, 24, 244, 97, -231, 134, -785, 771, -331, -1078, -956, -287, 
-224, 14, 239, 104, -231, 126, -780, 771, -336, -1073, -966, -292, 
-234, 14, 248, 109, -241, 131, -771, 771, -336, -1068, -966, -292, 
-224, 19, 244, 102, -234, 131, -775, 761, -336, -1073, -976, -283, 
-224, 19, 244, 102, -234, 131, -771, 771, -336, -1073, -976, -283, 
-234, 14, 248, 109, -241, 131, -766, 771, -336, -1073, -976, -287, 
-239, 9, 248, 114, -244, 129, -766, 771, -346, -1083, -976, -292, 
-239, 9, 248, 114, -244, 129, -756, 780, -351, -1073, -976, -297, 
-239, 4, 244, 117, -241, 124, -756, 780, -356, -1078, -980, -297, 
-239, 4, 244, 117, -241, 124, -751, 780, -361, -1083, -980, -297, 
-239, 0, 239, 119, -239, 119, -746, 775, -361, -1083, -980, -297, 
-244, -9, 234, 126, -239, 112, -756, 785, -361, -1083, -976, -302, 
-244, -14, 229, 129, -236, 107, -756, 785, -356, -1088, -976, -302, 
-248, -19, 229, 134, -239, 104, -761, 785, -356, -1088, -976, -302, 
-248, -24, 224, 136, -236, 100, -761, 785, -361, -1088, -976, -302, 
-248, -14, 234, 131, -241, 109, -746, 780, -361, -1098, -990, -312, 
-248, -14, 234, 131, -241, 109, -746, 780, -361, -1098, -990, -312, 
-244, -14, 229, 129, -236, 107, -746, 780, -361, -1098, -990, -312, 
-244, -14, 229, 129, -236, 107, -751, 775, -361, -1098, -990, -312, 
-248, -4, 244, 126, -246, 119, -751, 766, -361, -1083, -985, -312, 
-253, 0, 253, 126, -253, 126, -751, 766, -361, -1083, -985, -312, 
-258, 0, 258, 129, -258, 129, -751, 766, -361, -1088, -990, -312, 
-263, 0, 263, 131, -263, 131, -751, 766, -361, -1088, -990, -312, 
-263, -14, 248, 139, -256, 117, -751, 766, -361, -1088, -980, -302, 
-258, -14, 244, 136, -251, 114, -751, 766, -361, -1088, -980, -302, 
-253, -9, 244, 131, -248, 117, -751, 766, -361, -1088, -980, -302, 
-248, -9, 239, 129, -244, 114, -751, 766, -361, -1083, -980, -302, 
-258, -9, 248, 134, -253, 119, -751, 756, -361, -1093, -980, -302, 
-263, -9, 253, 136, -258, 122, -751, 756, -356, -1093, -980, -302, 
-263, -9, 253, 136, -258, 122, -751, 756, -356, -1093, -980, -302, 
-258, -9, 248, 134, -253, 119, -751, 756, -356, -1093, -980, -302, 
-258, 0, 258, 129, -258, 129, -751, 761, -356, -1098, -980, -302, 
-258, 0, 258, 129, -258, 129, -751, 761, -356, -1098, -976, -302, 
-263, 0, 263, 131, -263, 131, -751, 766, -361, -1093, -976, -302, 
-263, 0, 263, 131, -263, 131, -751, 766, -361, -1093, -985, -302, 
-258, -14, 244, 136, -251, 114, -736, 771, -361, -1098, -995, -312, 
-239, -24, 214, 131, -226, 95, -732, 800, -361, -1098, -1000, -336, 
-209, -34, 175, 122, -192, 70, -717, 849, -346, -1098, -1010, -356, 
-209, -53, 156, 131, -183, 51, -707, 888, -317, -1098, -1015, -361, 
-209, -63, 146, 136, -178, 41, -702, 912, -292, -1078, -1005, -370, 
-209, -48, 161, 129, -185, 56, -702, 922, -248, -1054, -995, -361, 
-239, -4, 234, 122, -236, 114, -722, 897, -190, -1010, -976, -331, 
-234, 87, 322, 73, -278, 204, -751, 858, -107, -936, -932, -302, 
-224, 190, 414, 17, -319, 302, -785, 805, -34, -863, -868, -248, 
-209, 292, 502, -41, -356, 397, -829, 746, 19, -780, -775, -156, 
-190, 405, 595, -107, -392, 500, -888, 668, 82, -688, -658, -48, 
-175, 566, 741, -195, -458, 653, -971, 546, 122, -590, -531, 92, 
-180, 717, 897, -268, -539, 807, -1044, 405, 117, -497, -385, 234, 
-161, 854, 1015, -346, -588, 934, -1117, 283, 102, -424, -248, 370, 
-122, 990, 1112, -434, -617, 1051, -1205, 151, 34, -366, -141, 502, 
-107, 1102, 1210, -497, -658, 1156, -1278, 43, -53, -331, -34, 639, 
-92, 1190, 1283, -549, -688, 1237, -1332, -39, -146, -283, 63, 761, 
-73, 1283, 1356, -605, -714, 1320, -1395, -87, -253, -229, 165, 854, 
-112, 1366, 1478, -627, -795, 1422, -1424, -141, -390, -200, 239, 927, 
-204, 1429, 1634, -612, -919, 1532, -1420, -175, -502, -175, 302, 966, 
-263, 1449, 1712, -592, -988, 1581, -1420, -190, -595, -156, 322, 976, 
-302, 1385, 1688, -541, -995, 1537, -1405, -165, -717, -244, 234, 907, 
-361, 1146, 1507, -392, -934, 1327, -1298, -68, -858, -468, -14, 697, 
-405, 805, 1210, -200, -807, 1007, -1127, 117, -951, -741, -375, 375, 
-444, 517, 961, -36, -702, 739, -980, 268, -1000, -976, -692, 92, 
-502, 395, 897, 53, -700, 646, -893, 326, -1019, -1112, -878, -78, 
-527, 341, 868, 92, -697, 605, -839, 361, -995, -1161, -961, -156, 
-517, 248, 766, 134, -641, 507, -805, 429, -980, -1190, -995, -209, 
-512, 102, 614, 204, -563, 358, -751, 517, -946, -1239, -1034, -273, 
-497, -29, 468, 263, -483, 219, -688, 585, -883, -1298, -1093, -336, 
-468, -87, 380, 278, -424, 146, -668, 624, -800, -1307, -1122, -370, 
-434, -87, 346, 261, -390, 129, -668, 649, -697, -1263, -1088, -361, 
-405, -68, 336, 236, -370, 134, -668, 692, -610, -1210, -1054, -336, 
-375, -58, 317, 217, -346, 129, -673, 707, -556, -1176, -1034, -326, 
-331, -43, 287, 187, -309, 122, -707, 702, -507, -1166, -1029, -331, 
-307, -34, 273, 170, -290, 119, -732, 707, -473, -1146, -1029, -331, 
-278, -14, 263, 146, -270, 124, -751, 722, -434, -1127, -1015, -317, 
-258, 0, 258, 129, -258, 129, -761, 741, -400, -1107, -1010, -317, 
-258, 19, 278, 119, -268, 148, -766, 741, -366, -1093, -995, -302, 
-263, 9, 273, 126, -268, 141, -761, 746, -351, -1083, -990, -297, 
-253, -4, 248, 129, -251, 122, -761, 756, -336, -1088, -1000, -317, 
-253, 19, 273, 117, -263, 146, -761, 756, -336, -1073, -985, -312, 
-258, 34, 292, 112, -275, 163, -761, 751, -326, -1068, -961, -287, 
-268, 29, 297, 119, -283, 163, -761, 741, -336, -1078, -961, -287, 
-263, 19, 283, 122, -273, 151, -761, 746, -341, -1078, -966, -302, 
-258, 9, 268, 124, -263, 139, -761, 746, -336, -1088, -976, -307, 
-258, 9, 268, 124, -263, 139, -761, 756, -326, -1093, -985, -312, 
-253, -4, 248, 129, -251, 122, -756, 761, -322, -1093, -990, -312, 
-253, 0, 253, 126, -253, 126, -751, 756, -312, -1078, -995, -307, 
-253, 0, 253, 126, -253, 126, -751, 761, -307, -1078, -995, -307, 
-253, 0, 253, 126, -253, 126, -756, 761, -307, -1073, -995, -302, 
-248, 4, 253, 122, -251, 129, -756, 756, -307, -1073, -995, -302, 
-248, 19, 268, 114, -258, 143, -756, 761, -312, -1083, -990, -292, 
-248, 19, 268, 114, -258, 143, -761, 761, -312, -1083, -985, -292, 
-244, 29, 273, 107, -258, 151, -761, 761, -312, -1083, -976, -292, 
-244, 29, 273, 107, -258, 151, -766, 761, -312, -1083, -976, -292, 
-239, 19, 258, 109, -248, 139, -761, 761, -312, -1083, -995, -307, 
-239, 14, 253, 112, -246, 134, -761, 761, -312, -1083, -995, -317, 
-229, 9, 239, 109, -234, 124, -761, 766, -312, -1083, -995, -322, 
-239, 0, 239, 119, -239, 119, -761, 766, -312, -1083, -990, -322, 
-244, 0, 244, 122, -244, 122, -761, 771, -302, -1083, -980, -317, 
-244, 0, 244, 122, -244, 122, -761, 771, -302, -1083, -980, -312, 
-239, 9, 248, 114, -244, 129, -761, 771, -307, -1083, -980, -307, 
-239, 9, 248, 114, -244, 129, -761, 766, -307, -1078, -980, -297, 
-239, 24, 263, 107, -251, 143, -766, 756, -317, -1088, -980, -297, 
-239, 24, 263, 107, -251, 143, -766, 756, -317, -1088, -985, -302, 
-239, 19, 258, 109, -248, 139, -771, 756, -317, -1088, -985, -302, 
-234, 19, 253, 107, -244, 136, -771, 756, -317, -1083, -985, -302, 
-234, 19, 253, 107, -244, 136, -761, 766, -307, -1078, -976, -297, 
-234, 19, 253, 107, -244, 136, -766, 766, -307, -1078, -976, -292, 
-234, 24, 258, 104, -246, 141, -766, 766, -307, -1073, -976, -283, 
-234, 24, 258, 104, -246, 141, -761, 766, -307, -1068, -971, -278, 
-234, 19, 253, 107, -244, 136, -761, 766, -307, -1078, -976, -283, 
-234, 14, 248, 109, -241, 131, -771, 766, -307, -1078, -976, -287, 
-229, 19, 248, 104, -239, 134, -771, 766, -307, -1073, -976, -292, 
-229, 19, 248, 104, -239, 134, -771, 766, -307, -1073, -976, -297, 
-234, 9, 244, 112, -239, 126, -761, 766, -307, -1078, -976, -307, 
-234, 9, 244, 112, -239, 126, -766, 766, -307, -1078, -980, -307, 
-234, 9, 244, 112, -239, 126, -766, 766, -307, -1078, -980, -307, 
-234, 4, 239, 114, -236, 122, -766, 766, -302, -1073, -980, -302, 
-234, 9, 244, 112, -239, 126, -766, 756, -302, -1083, -990, -302, 
-234, 9, 244, 112, -239, 126, -766, 756, -302, -1083, -990, -302, 
-234, 14, 248, 109, -241, 131, -766, 756, -302, -1083, -990, -302, 
-234, 24, 258, 104, -246, 141, -766, 756, -302, -1083, -990, -297, 
-234, 14, 248, 109, -241, 131, -766, 756, -302, -1073, -980, -287, 
-229, 14, 244, 107, -236, 129, -766, 756, -302, -1073, -980, -292, 
-229, 19, 248, 104, -239, 134, -766, 756, -302, -1073, -980, -292, 
-229, 19, 248, 104, -239, 134, -766, 751, -302, -1073, -980, -292, 
-229, 19, 248, 104, -239, 134, -771, 751, -302, -1063, -980, -302, 
-229, 19, 248, 104, -239, 134, -771, 751, -297, -1058, -980, -302, 
-224, 19, 244, 102, -234, 131, -775, 751, -297, -1058, -980, -297, 
-224, 24, 248, 100, -236, 136, -775, 751, -297, -1063, -980, -297, 
-224, 24, 248, 100, -236, 136, -785, 751, -297, -1073, -980, -292, 
-224, 24, 248, 100, -236, 136, -785, 751, -297, -1068, -976, -292, 
-219, 24, 244, 97, -231, 134, -785, 756, -297, -1068, -976, -287, 
-219, 24, 244, 97, -231, 134, -785, 756, -297, -1063, -976, -287, 
-219, 24, 244, 97, -231, 134, -775, 766, -292, -1073, -976, -287, 
-219, 24, 244, 97, -231, 134, -775, 766, -292, -1073, -976, -287, 
-219, 24, 244, 97, -231, 134, -780, 766, -287, -1073, -976, -292, 
-214, 24, 239, 95, -226, 131, -780, 766, -287, -1073, -976, -292, 
-224, 29, 253, 97, -239, 141, -780, 756, -283, -1073, -966, -292, 
-229, 29, 258, 100, -244, 143, -780, 756, -283, -1068, -966, -292, 
-229, 29, 258, 100, -244, 143, -785, 756, -283, -1063, -966, -292, 
-224, 34, 258, 95, -241, 146, -785, 756, -273, -1054, -966, -292, 
-214, 39, 253, 87, -234, 146, -785, 751, -283, -1058, -971, -292, 
-214, 39, 253, 87, -234, 146, -785, 751, -283, -1058, -976, -292, 
-219, 39, 258, 90, -239, 148, -780, 751, -278, -1058, -971, -292, 
-219, 39, 258, 90, -239, 148, -780, 751, -273, -1063, -976, -292, 
-229, 39, 268, 95, -248, 153, -785, 761, -263, -1063, -980, -297, 
-219, 39, 258, 90, -239, 148, -790, 756, -263, -1063, -980, -297, 
-219, 39, 258, 90, -239, 148, -790, 756, -263, -1058, -976, -297, 
-224, 34, 258, 95, -241, 146, -790, 756, -263, -1058, -976, -297, 
-224, 24, 248, 100, -236, 136, -785, 756, -263, -1054, -971, -297, 
-224, 24, 248, 100, -236, 136, -785, 756, -263, -1054, -966, -292, 
-214, 34, 248, 90, -231, 141, -790, 751, -263, -1044, -961, -287, 
-214, 39, 253, 87, -234, 146, -790, 751, -258, -1039, -951, -287, 
-214, 48, 263, 82, -239, 156, -800, 741, -258, -1039, -956, -287, 
-214, 48, 263, 82, -239, 156, -800, 736, -253, -1039, -956, -283, 
-209, 53, 263, 78, -236, 158, -800, 736, -253, -1034, -951, -278, 
-209, 53, 263, 78, -236, 158, -800, 736, -248, -1029, -951, -278, 
-214, 53, 268, 80, -241, 161, -790, 741, -248, -1029, -951, -278, 
-209, 53, 263, 78, -236, 158, -790, 746, -244, -1029, -946, -278, 
-209, 58, 268, 75, -239, 163, -795, 751, -244, -1029, -941, -278, 
-204, 63, 268, 70, -236, 165, -795, 756, -239, -1024, -941, -278, 
-195, 58, 253, 68, -224, 156, -810, 746, -229, -1024, -932, -268, 
-200, 63, 263, 68, -231, 163, -810, 741, -229, -1015, -932, -263, 
-200, 73, 273, 63, -236, 173, -814, 741, -229, -1015, -927, -263, 
-195, 78, 273, 58, -234, 175, -819, 741, -224, -1015, -927, -263, 
-204, 68, 273, 68, -239, 170, -810, 741, -229, -1015, -936, -263, 
-204, 73, 278, 65, -241, 175, -810, 741, -224, -1015, -932, -258, 
-200, 78, 278, 61, -239, 178, -814, 741, -219, -1005, -927, -258, 
-200, 82, 283, 58, -241, 183, -814, 741, -219, -1000, -922, -248, 
-190, 82, 273, 53, -231, 178, -819, 736, -209, -1000, -917, -258, 
-190, 87, 278, 51, -234, 183, -824, 732, -209, -995, -917, -253, 
-185, 92, 278, 46, -231, 185, -829, 727, -209, -995, -912, -248, 
-185, 97, 283, 43, -234, 190, -829, 722, -200, -995, -907, -248, 
-190, 92, 283, 48, -236, 187, -829, 727, -195, -995, -907, -258, 
-190, 97, 287, 46, -239, 192, -829, 722, -195, -985, -907, -253, 
-190, 102, 292, 43, -241, 197, -834, 712, -190, -980, -897, -248, 
-190, 107, 297, 41, -244, 202, -834, 712, -185, -980, -893, -244, 
-180, 112, 292, 34, -236, 202, -834, 702, -180, -966, -897, -239, 
-180, 117, 297, 31, -239, 207, -839, 692, -180, -966, -893, -234, 
-175, 122, 297, 26, -236, 209, -844, 692, -180, -956, -893, -229, 
-175, 126, 302, 24, -239, 214, -844, 692, -180, -951, -883, -224, 
-185, 141, 326, 21, -256, 234, -849, 702, -170, -946, -868, -214, 
-175, 141, 317, 17, -246, 229, -849, 692, -165, -941, -868, -209, 
-175, 146, 322, 14, -248, 234, -854, 692, -165, -936, -863, -204, 
-175, 151, 326, 12, -251, 239, -854, 688, -165, -932, -863, -204, 
-165, 151, 317, 7, -241, 234, -868, 697, -165, -941, -873, -214, 
-165, 156, 322, 4, -244, 239, -868, 692, -165, -941, -863, -204, 
-165, 161, 326, 2, -246, 244, -868, 692, -170, -936, -863, -200, 
-170, 165, 336, 2, -253, 251, -873, 692, -170, -932, -863, -195, 
-165, 165, 331, 0, -248, 248, -868, 683, -170, -922, -858, -185, 
-165, 165, 331, 0, -248, 248, -873, 673, -175, -922, -854, -185, 
-165, 165, 331, 0, -248, 248, -873, 673, -175, -922, -854, -185, 
-161, 180, 341, -9, -251, 261, -873, 678, -161, -917, -849, -185, 
-170, 175, 346, -2, -258, 261, -873, 688, -156, -917, -849, -185, 
-170, 180, 351, -4, -261, 265, -873, 673, -156, -917, -844, -185, 
-175, 180, 356, -2, -265, 268, -878, 673, -161, -917, -844, -185, 
-175, 180, 356, -2, -265, 268, -878, 673, -161, -917, -839, -185, 
-165, 175, 341, -4, -253, 258, -878, 673, -170, -917, -839, -195, 
-165, 175, 341, -4, -253, 258, -878, 673, -170, -917, -839, -185, 
-165, 175, 341, -4, -253, 258, -878, 673, -170, -917, -839, -185, 
-170, 175, 346, -2, -258, 261, -878, 673, -170, -912, -834, -175, 
-170, 185, 356, -7, -263, 270, -888, 663, -180, -912, -824, -165, 
-170, 185, 356, -7, -263, 270, -888, 663, -180, -922, -829, -165, 
-170, 185, 356, -7, -263, 270, -888, 663, -185, -922, -829, -165, 
-170, 185, 356, -7, -263, 270, -888, 663, -185, -922, -829, -165, 
-170, 180, 351, -4, -261, 265, -888, 663, -195, -927, -834, -165, 
-170, 180, 351, -4, -261, 265, -883, 663, -200, -927, -834, -165, 
-170, 180, 351, -4, -261, 265, -883, 668, -200, -932, -834, -165, 
-175, 170, 346, 2, -261, 258, -883, 668, -200, -936, -834, -170, 
-175, 170, 346, 2, -261, 258, -883, 668, -200, -936, -829, -165, 
-180, 165, 346, 7, -263, 256, -883, 668, -200, -946, -839, -175, 
-185, 161, 346, 12, -265, 253, -873, 668, -204, -946, -844, -180, 
-185, 156, 341, 14, -263, 248, -873, 668, -209, -951, -844, -185, 
-180, 161, 341, 9, -261, 251, -883, 673, -224, -941, -863, -190, 
-185, 156, 341, 14, -263, 248, -878, 673, -229, -946, -868, -195, 
-190, 151, 341, 19, -265, 246, -868, 673, -234, -951, -883, -195, 
-195, 141, 336, 26, -265, 239, -863, 683, -239, -961, -893, -200, 
-195, 136, 331, 29, -263, 234, -858, 688, -244, -976, -888, -204, 
-200, 131, 331, 34, -265, 231, -858, 688, -248, -985, -893, -214, 
-200, 122, 322, 39, -261, 222, -858, 692, -258, -995, -897, -219, 
-200, 117, 317, 41, -258, 217, -854, 697, -258, -995, -897, -224, 
-219, 112, 331, 53, -275, 222, -849, 702, -253, -1000, -902, -234, 
-219, 102, 322, 58, -270, 212, -839, 707, -263, -1010, -912, -234, 
-219, 97, 317, 61, -268, 207, -829, 707, -273, -1019, -927, -244, 
-214, 87, 302, 63, -258, 195, -819, 712, -278, -1019, -932, -248, 
-214, 73, 287, 70, -251, 180, -819, 717, -292, -1029, -936, -253, 
-219, 68, 287, 75, -253, 178, -819, 717, -292, -1034, -946, -253, 
-224, 63, 287, 80, -256, 175, -819, 722, -297, -1034, -946, -258, 
-224, 58, 283, 82, -253, 170, -814, 727, -302, -1034, -951, -263, 
-224, 48, 273, 87, -248, 161, -814, 727, -297, -1039, -946, -263, 
-224, 48, 273, 87, -248, 161, -805, 732, -302, -1049, -946, -263, 
-219, 48, 268, 85, -244, 158, -805, 732, -307, -1049, -946, -263, 
-219, 48, 268, 85, -244, 158, -805, 736, -307, -1054, -951, -263, 
-229, 34, 263, 97, -246, 148, -800, 736, -317, -1063, -961, -278, 
-229, 29, 258, 100, -244, 143, -795, 736, -317, -1068, -966, -292, 
-234, 24, 258, 104, -246, 141, -795, 736, -326, -1078, -976, -297, 
-234, 19, 253, 107, -244, 136, -795, 736, -326, -1083, -980, -302, 
-234, 29, 263, 102, -248, 146, -795, 736, -326, -1078, -990, -302, 
-234, 29, 263, 102, -248, 146, -800, 736, -331, -1073, -990, -297, 
-234, 24, 258, 104, -246, 141, -800, 736, -331, -1073, -990, -287, 
-234, 24, 258, 104, -246, 141, -795, 741, -331, -1068, -990, -283, 
-234, 24, 258, 104, -246, 141, -795, 741, -341, -1078, -995, -287, 
-239, 24, 263, 107, -251, 143, -795, 741, -341, -1078, -995, -297, 
-239, 24, 263, 107, -251, 143, -795, 736, -341, -1078, -995, -302, 
-239, 24, 263, 107, -251, 143, -795, 736, -341, -1078, -1000, -307, 
-229, 34, 263, 97, -246, 148, -790, 741, -346, -1088, -1005, -307, 
-229, 34, 263, 97, -246, 148, -790, 741, -346, -1093, -1005, -307, 
-234, 34, 268, 100, -251, 151, -790, 741, -346, -1093, -1005, -312, 
-234, 34, 268, 100, -251, 151, -795, 741, -346, -1093, -1005, -312, 
-244, 29, 273, 107, -258, 151, -795, 741, -346, -1093, -1005, -297, 
-244, 29, 273, 107, -258, 151, -795, 741, -341, -1093, -1005, -297, 
-244, 29, 273, 107, -258, 151, -795, 741, -341, -1088, -1000, -297, 
-244, 29, 273, 107, -258, 151, -790, 741, -341, -1088, -1000, -292, 
-239, 19, 258, 109, -248, 139, -790, 746, -336, -1093, -1000, -292, 
-239, 19, 258, 109, -248, 139, -795, 746, -336, -1093, -1000, -292, 
-239, 19, 258, 109, -248, 139, -795, 746, -336, -1093, -995, -292, 
-244, 19, 263, 112, -253, 141, -795, 746, -331, -1093, -995, -292, 
-244, 9, 253, 117, -248, 131, -795, 741, -331, -1083, -990, -278, 
-244, 9, 253, 117, -248, 131, -795, 741, -331, -1083, -995, -278, 
-244, 9, 253, 117, -248, 131, -795, 741, -331, -1083, -995, -278, 
-244, 9, 253, 117, -248, 131, -795, 741, -331, -1083, -995, -278, 
-239, 19, 258, 109, -248, 139, -805, 732, -331, -1093, -1005, -292, 
-239, 19, 258, 109, -248, 139, -805, 732, -331, -1093, -1005, -302, 
-239, 19, 258, 109, -248, 139, -800, 732, -331, -1093, -1000, -307, 
-239, 19, 258, 109, -248, 139, -800, 732, -331, -1088, -1000, -312, 
-229, 29, 258, 100, -244, 143, -810, 732, -331, -1078, -1000, -302, 
-229, 29, 258, 100, -244, 143, -810, 732, -331, -1078, -1000, -297, 
-229, 29, 258, 100, -244, 143, -814, 732, -326, -1078, -1005, -297, 
-229, 29, 258, 100, -244, 143, -819, 732, -326, -1078, -1005, -292, 
-239, 29, 268, 104, -253, 148, -810, 741, -336, -1088, -995, -292, 
-239, 29, 268, 104, -253, 148, -810, 741, -336, -1088, -995, -297, 
-239, 29, 268, 104, -253, 148, -810, 741, -336, -1088, -995, -297, 
-239, 29, 268, 104, -253, 148, -810, 741, -336, -1088, -990, -297, 
-234, 34, 268, 100, -251, 151, -800, 732, -326, -1078, -990, -297, 
-234, 34, 268, 100, -251, 151, -800, 732, -326, -1078, -990, -292, 
-234, 34, 268, 100, -251, 151, -805, 732, -326, -1073, -990, -292, 
-234, 34, 268, 100, -251, 151, -805, 732, -326, -1073, -990, -287, 
-224, 34, 258, 95, -241, 146, -805, 741, -331, -1083, -1000, -297, 
-224, 39, 263, 92, -244, 151, -805, 736, -331, -1083, -1000, -292, 
-224, 39, 263, 92, -244, 151, -805, 736, -331, -1083, -1000, -292, 
-229, 39, 268, 95, -248, 153, -805, 736, -331, -1083, -1000, -292, 
-229, 29, 258, 100, -244, 143, -805, 736, -331, -1078, -1000, -283, 
-224, 34, 258, 95, -241, 146, -805, 736, -331, -1078, -1000, -287, 
-219, 34, 253, 92, -236, 143, -805, 732, -331, -1073, -1000, -287, 
-219, 34, 253, 92, -236, 143, -805, 732, -331, -1073, -1000, -287, 
-219, 43, 263, 87, -241, 153, -805, 736, -331, -1078, -1000, -292, 
-224, 39, 263, 92, -244, 151, -814, 736, -331, -1078, -1000, -297, 
-224, 39, 263, 92, -244, 151, -814, 736, -331, -1078, -1000, -302, 
-224, 39, 263, 92, -244, 151, -810, 736, -331, -1078, -1010, -302, 
-214, 39, 253, 87, -234, 146, -810, 736, -341, -1088, -1010, -292, 
-214, 39, 253, 87, -234, 146, -810, 736, -341, -1088, -1005, -292, 
-214, 39, 253, 87, -234, 146, -814, 736, -341, -1088, -1005, -297, 
-214, 39, 253, 87, -234, 146, -814, 736, -341, -1088, -1010, -297, 
-224, 34, 258, 95, -241, 146, -814, 736, -346, -1093, -1010, -302, 
-224, 29, 253, 97, -239, 141, -814, 736, -346, -1093, -1005, -302, 
-224, 24, 248, 100, -236, 136, -814, 736, -346, -1098, -1005, -302, 
-219, 19, 239, 100, -229, 129, -814, 736, -346, -1098, -1005, -302, 
-229, 34, 263, 97, -246, 148, -805, 746, -336, -1088, -995, -292, 
-234, 34, 268, 100, -251, 151, -805, 746, -336, -1088, -995, -292, 
-234, 34, 268, 100, -251, 151, -805, 746, -341, -1088, -995, -292, 
-229, 34, 263, 97, -246, 148, -805, 741, -341, -1088, -1000, -297, 
-219, 34, 253, 92, -236, 143, -805, 741, -341, -1098, -1010, -297, 
-224, 34, 258, 95, -241, 146, -800, 741, -341, -1098, -1005, -297, 
-224, 34, 258, 95, -241, 146, -800, 741, -346, -1102, -1005, -297, 
-224, 29, 253, 97, -239, 141, -800, 736, -346, -1102, -1005, -297, 
-214, 39, 253, 87, -234, 146, -810, 736, -336, -1093, -1005, -292, 
-214, 34, 248, 90, -231, 141, -810, 736, -346, -1098, -1005, -292, 
-214, 29, 244, 92, -229, 136, -810, 736, -356, -1102, -1005, -292, 
-219, 29, 248, 95, -234, 139, -810, 736, -356, -1107, -1010, -287, 
-229, 19, 248, 104, -239, 134, -800, 746, -346, -1107, -1000, -297, 
-229, 19, 248, 104, -239, 134, -800, 746, -351, -1107, -1000, -297, 
-229, 19, 248, 104, -239, 134, -800, 746, -351, -1102, -1000, -297, 
-229, 19, 248, 104, -239, 134, -800, 746, -351, -1102, -1000, -297, 
-219, 19, 239, 100, -229, 129, -810, 736, -361, -1112, -1005, -302, 
-214, 19, 234, 97, -224, 126, -810, 736, -366, -1112, -1010, -302, 
-214, 14, 229, 100, -222, 122, -810, 736, -366, -1112, -1015, -307, 
-214, 14, 229, 100, -222, 122, -814, 736, -366, -1112, -1024, -307, 
-214, 24, 239, 95, -226, 131, -814, 746, -366, -1107, -1024, -312, 
-209, 24, 234, 92, -222, 129, -810, 751, -366, -1107, -1029, -317, 
-209, 24, 234, 92, -222, 129, -810, 751, -370, -1112, -1029, -326, 
-214, 24, 239, 95, -226, 131, -810, 746, -370, -1112, -1029, -331, 
-224, 24, 248, 100, -236, 136, -810, 746, -361, -1112, -1034, -326, 
-224, 24, 248, 100, -236, 136, -810, 746, -361, -1112, -1034, -326, 
-224, 19, 244, 102, -234, 131, -810, 746, -361, -1107, -1034, -326, 
-224, 19, 244, 102, -234, 131, -810, 746, -361, -1107, -1029, -322, 
-224, 14, 239, 104, -231, 126, -800, 736, -375, -1112, -1019, -317, 
-224, 14, 239, 104, -231, 126, -800, 736, -375, -1117, -1019, -312, 
-224, 9, 234, 107, -229, 122, -800, 736, -375, -1127, -1019, -307, 
-224, 9, 234, 107, -229, 122, -800, 741, -375, -1132, -1019, -302, 
-234, 4, 239, 114, -236, 122, -800, 751, -375, -1132, -1029, -317, 
-234, 4, 239, 114, -236, 122, -800, 751, -375, -1127, -1029, -317, 
-234, 9, 244, 112, -239, 126, -800, 751, -380, -1122, -1029, -317, 
-234, 9, 244, 112, -239, 126, -800, 751, -380, -1117, -1029, -317, 
-229, 9, 239, 109, -234, 124, -800, 741, -375, -1117, -1019, -307, 
-224, 9, 234, 107, -229, 122, -800, 741, -375, -1117, -1019, -307, 
-219, 14, 234, 102, -226, 124, -800, 741, -380, -1117, -1019, -312, 
-214, 14, 229, 100, -222, 122, -800, 741, -385, -1117, -1019, -312, 
-224, 0, 224, 112, -224, 112, -790, 751, -375, -1122, -1029, -297, 
-224, 0, 224, 112, -224, 112, -790, 751, -375, -1122, -1029, -292, 
-224, 0, 224, 112, -224, 112, -790, 751, -375, -1122, -1029, -292, 
-224, 0, 224, 112, -224, 112, -790, 751, -370, -1122, -1029, -287, 
-214, 9, 224, 102, -219, 117, -800, 751, -380, -1122, -1029, -297, 
-214, 9, 224, 102, -219, 117, -800, 751, -385, -1127, -1029, -302, 
-214, 9, 224, 102, -219, 117, -800, 751, -385, -1137, -1034, -312, 
-214, 4, 219, 104, -217, 112, -800, 751, -380, -1137, -1039, -317, 
-214, 4, 219, 104, -217, 112, -800, 741, -370, -1132, -1039, -322, 
-214, 9, 224, 102, -219, 117, -800, 741, -380, -1132, -1039, -322, 
-214, 9, 224, 102, -219, 117, -800, 741, -380, -1137, -1039, -322, 
-214, 9, 224, 102, -219, 117, -800, 741, -380, -1141, -1039, -322, 
-214, 9, 224, 102, -219, 117, -800, 751, -390, -1141, -1049, -317, 
-214, 9, 224, 102, -219, 117, -800, 756, -390, -1137, -1049, -312, 
-209, 9, 219, 100, -214, 114, -800, 756, -390, -1137, -1044, -312, 
-209, 9, 219, 100, -214, 114, -795, 756, -390, -1137, -1044, -312, 
-209, 9, 219, 100, -214, 114, -795, 746, -380, -1132, -1034, -302, 
-209, 9, 219, 100, -214, 114, -800, 741, -380, -1132, -1034, -302, 
-214, 9, 224, 102, -219, 117, -800, 741, -380, -1132, -1039, -307, 
-214, 4, 219, 104, -217, 112, -800, 741, -385, -1137, -1039, -307, 
-224, -4, 219, 114, -222, 107, -800, 741, -385, -1127, -1034, -307, 
-224, -4, 219, 114, -222, 107, -800, 741, -380, -1132, -1034, -307, 
-224, -4, 219, 114, -222, 107, -800, 741, -380, -1132, -1034, -307, 
-224, -4, 219, 114, -222, 107, -800, 741, -380, -1127, -1029, -302, 
-214, -4, 209, 109, -212, 102, -800, 751, -395, -1127, -1034, -307, 
-214, -4, 209, 109, -212, 102, -800, 751, -395, -1132, -1044, -317, 
-214, -4, 209, 109, -212, 102, -800, 751, -395, -1132, -1049, -322, 
-214, 0, 214, 107, -214, 107, -800, 751, -395, -1127, -1054, -326, 
-214, 9, 224, 102, -219, 117, -800, 751, -385, -1137, -1049, -322, 
-209, 9, 219, 100, -214, 114, -800, 751, -385, -1137, -1044, -322, 
-209, 9, 219, 100, -214, 114, -805, 751, -385, -1141, -1039, -322, 
-214, 9, 224, 102, -219, 117, -805, 751, -385, -1146, -1034, -322, 
-224, 0, 224, 112, -224, 112, -795, 751, -390, -1137, -1039, -322, 
-219, 0, 219, 109, -219, 109, -795, 751, -390, -1132, -1044, -326, 
-219, 0, 219, 109, -219, 109, -795, 751, -390, -1132, -1049, -326, 
-219, -4, 214, 112, -217, 104, -800, 751, -390, -1132, -1054, -326, 
-214, -4, 209, 109, -212, 102, -800, 741, -390, -1132, -1058, -336, 
-214, -4, 209, 109, -212, 102, -800, 741, -390, -1132, -1058, -331, 
-214, -4, 209, 109, -212, 102, -800, 741, -390, -1132, -1058, -331, 
-214, -4, 209, 109, -212, 102, -800, 741, -390, -1132, -1058, -331, 
-214, 4, 219, 104, -217, 112, -795, 746, -390, -1127, -1058, -326, 
-214, 0, 214, 107, -214, 107, -795, 751, -390, -1127, -1054, -326, 
-214, 0, 214, 107, -214, 107, -795, 756, -390, -1127, -1049, -322, 
-214, 0, 214, 107, -214, 107, -795, 761, -395, -1127, -1044, -317, 
-224, 0, 224, 112, -224, 112, -800, 746, -395, -1137, -1054, -326, 
-224, 4, 229, 109, -226, 117, -800, 746, -395, -1137, -1054, -326, 
-224, 4, 229, 109, -226, 117, -800, 746, -395, -1137, -1054, -326, 
-229, 4, 234, 112, -231, 119, -800, 751, -395, -1137, -1054, -326, 
-224, -4, 219, 114, -222, 107, -800, 751, -405, -1137, -1058, -336, 
-219, -4, 214, 112, -217, 104, -800, 751, -405, -1141, -1058, -331, 
-209, -4, 204, 107, -207, 100, -800, 751, -405, -1141, -1058, -331, 
-204, -4, 200, 104, -202, 97, -805, 751, -405, -1141, -1054, -331, 
-209, -4, 204, 107, -207, 100, -805, 751, -395, -1132, -1054, -322, 
-214, -4, 209, 109, -212, 102, -800, 751, -395, -1132, -1054, -322, 
-219, -9, 209, 114, -214, 100, -795, 751, -395, -1132, -1054, -322, 
-224, -9, 214, 117, -219, 102, -795, 751, -400, -1132, -1054, -326, 
-214, 0, 214, 107, -214, 107, -805, 741, -390, -1141, -1063, -326, 
-214, 4, 219, 104, -217, 112, -810, 741, -395, -1141, -1063, -326, 
-214, 9, 224, 102, -219, 117, -810, 741, -395, -1141, -1068, -326, 
-214, 14, 229, 100, -222, 122, -810, 741, -395, -1141, -1068, -331, 
-224, 4, 229, 109, -226, 117, -805, 741, -395, -1141, -1063, -322, 
-224, 4, 229, 109, -226, 117, -805, 741, -395, -1141, -1063, -326, 
-224, 4, 229, 109, -226, 117, -805, 741, -395, -1151, -1068, -326, 
-224, 4, 229, 109, -226, 117, -805, 736, -395, -1151, -1068, -322, 
-214, 4, 219, 104, -217, 112, -805, 746, -400, -1146, -1058, -331, 
-214, 4, 219, 104, -217, 112, -805, 746, -400, -1146, -1058, -336, 
-214, 4, 219, 104, -217, 112, -805, 746, -405, -1146, -1058, -336, 
-214, 4, 219, 104, -217, 112, -810, 751, -405, -1146, -1058, -331, 
-224, 14, 239, 104, -231, 126, -810, 741, -395, -1137, -1068, -331, 
-224, 14, 239, 104, -231, 126, -805, 741, -395, -1141, -1068, -331, 
-224, 14, 239, 104, -231, 126, -805, 741, -395, -1141, -1068, -331, 
-224, 14, 239, 104, -231, 126, -805, 741, -395, -1141, -1068, -331, 
-214, 4, 219, 104, -217, 112, -805, 751, -405, -1141, -1068, -331, 
-214, 4, 219, 104, -217, 112, -810, 751, -405, -1141, -1068, -326, 
-214, 0, 214, 107, -214, 107, -810, 751, -400, -1141, -1068, -326, 
-214, 0, 214, 107, -214, 107, -810, 751, -400, -1141, -1068, -326, 
-224, -4, 219, 114, -222, 107, -810, 741, -409, -1151, -1073, -331, 
-224, 0, 224, 112, -224, 112, -800, 751, -409, -1141, -1073, -331, 
-214, 9, 224, 102, -219, 117, -810, 741, -400, -1151, -1073, -341, 
-214, 9, 224, 102, -219, 117, -810, 741, -400, -1151, -1073, -341, 
-214, 9, 224, 102, -219, 117, -810, 741, -400, -1151, -1073, -341, 
-214, 9, 224, 102, -219, 117, -810, 741, -400, -1151, -1073, -341, 
-204, 0, 204, 102, -204, 102, -800, 746, -409, -1151, -1073, -331, 
-204, 0, 204, 102, -204, 102, -800, 751, -409, -1151, -1073, -331, 
-204, 0, 204, 102, -204, 102, -800, 756, -409, -1151, -1073, -331, 
-204, 0, 204, 102, -204, 102, -800, 761, -409, -1151, -1073, -331, 
-209, 0, 209, 104, -209, 104, -800, 751, -400, -1141, -1063, -331, 
-214, 0, 214, 107, -214, 107, -800, 751, -400, -1141, -1063, -331, 
-219, 0, 219, 109, -219, 109, -800, 751, -400, -1141, -1063, -331, 
-224, 0, 224, 112, -224, 112, -800, 751, -400, -1141, -1063, -331, 
-224, 9, 234, 107, -229, 122, -810, 741, -400, -1151, -1073, -336, 
-224, 9, 234, 107, -229, 122, -810, 741, -400, -1151, -1073, -341, 
-224, 9, 234, 107, -229, 122, -810, 741, -400, -1151, -1073, -346, 
-224, 9, 234, 107, -229, 122, -810, 741, -400, -1151, -1073, -351, 
-224, 9, 234, 107, -229, 122, -800, 751, -409, -1151, -1073, -336, 
-224, 9, 234, 107, -229, 122, -800, 751, -409, -1151, -1073, -331, 
-224, 9, 234, 107, -229, 122, -800, 751, -409, -1151, -1073, -326, 
-224, 9, 234, 107, -229, 122, -800, 751, -409, -1151, -1073, -322, 
-224, 9, 234, 107, -229, 122, -810, 741, -409, -1151, -1083, -336, 
-224, 9, 234, 107, -229, 122, -810, 741, -409, -1151, -1083, -341, 
-224, 9, 234, 107, -229, 122, -810, 741, -409, -1151, -1083, -346, 
-224, 9, 234, 107, -229, 122, -810, 741, -409, -1151, -1083, -351, 
-214, 9, 224, 102, -219, 117, -810, 741, -409, -1151, -1073, -341, 
-214, 9, 224, 102, -219, 117, -810, 741, -409, -1151, -1073, -341, 
-214, 9, 224, 102, -219, 117, -810, 741, -409, -1151, -1073, -341, 
-214, 9, 224, 102, -219, 117, -810, 741, -409, -1151, -1073, -341, 
-214, 0, 214, 107, -214, 107, -810, 741, -409, -1141, -1073, -331, 
-214, 0, 214, 107, -214, 107, -810, 741, -409, -1141, -1073, -331, 
-214, 0, 214, 107, -214, 107, -810, 741, -409, -1141, -1073, -331, 
-214, 0, 214, 107, -214, 107, -810, 741, -409, -1141, -1073, -331, 
-214, 0, 214, 107, -214, 107, -800, 741, -400, -1141, -1063, -331, 
-214, 0, 214, 107, -214, 107, -800, 741, -400, -1141, -1063, -331, 
-214, 0, 214, 107, -214, 107, -800, 741, -400, -1141, -1063, -331, 
-214, 0, 214, 107, -214, 107, -800, 741, -400, -1141, -1063, -331, 
-224, 0, 224, 112, -224, 112, -810, 732, -409, -1151, -1073, -336, 
-224, 0, 224, 112, -224, 112, -810, 732, -409, -1151, -1073, -341, 
-224, 0, 224, 112, -224, 112, -810, 732, -409, -1151, -1073, -346, 
-224, 0, 224, 112, -224, 112, -810, 732, -409, -1151, -1073, -351, 
-214, 9, 224, 102, -219, 117, -810, 741, -419, -1161, -1083, -341, 
-214, 9, 224, 102, -219, 117, -810, 741, -419, -1161, -1083, -341, 
-214, 9, 224, 102, -219, 117, -810, 741, -419, -1161, -1083, -341, 
-214, 9, 224, 102, -219, 117, -810, 741, -419, -1161, -1083, -341, 
-224, 0, 224, 112, -224, 112, -810, 741, -414, -1151, -1073, -351, 
-224, 0, 224, 112, -224, 112, -810, 741, -409, -1151, -1073, -351, 
-224, 0, 224, 112, -224, 112, -810, 741, -405, -1151, -1073, -351, 
-224, 0, 224, 112, -224, 112, -810, 741, -400, -1151, -1073, -351, 
-214, 9, 224, 102, -219, 117, -819, 732, -409, -1151, -1083, -341, 
-214, 9, 224, 102, -219, 117, -819, 732, -409, -1151, -1083, -341, 
-214, 9, 224, 102, -219, 117, -819, 732, -409, -1151, -1083, -341, 
-214, 9, 224, 102, -219, 117, -819, 732, -409, -1151, -1083, -341, 
-214, 19, 234, 97, -224, 126, -819, 722, -409, -1151, -1083, -351, 
-214, 19, 234, 97, -224, 126, -819, 722, -409, -1151, -1083, -351, 
-214, 19, 234, 97, -224, 126, -819, 722, -409, -1151, -1083, -351, 
-214, 19, 234, 97, -224, 126, -819, 722, -409, -1151, -1083, -351, 
-214, 19, 234, 97, -224, 126, -810, 732, -409, -1161, -1083, -341, 
-214, 19, 234, 97, -224, 126, -810, 732, -409, -1161, -1083, -341, 
-214, 19, 234, 97, -224, 126, -810, 732, -409, -1161, -1083, -341, 
-214, 19, 234, 97, -224, 126, -810, 732, -409, -1161, -1083, -341, 
-214, 29, 244, 92, -229, 136, -810, 732, -409, -1161, -1083, -351, 
-214, 29, 244, 92, -229, 136, -810, 732, -409, -1161, -1083, -351, 
-214, 29, 244, 92, -229, 136, -810, 732, -409, -1161, -1083, -351, 
-214, 29, 244, 92, -229, 136, -810, 732, -409, -1161, -1083, -351, 
-209, 24, 234, 92, -222, 129, -805, 741, -409, -1161, -1083, -346, 
-204, 19, 224, 92, -214, 122, -800, 751, -409, -1161, -1083, -341, 
-200, 14, 214, 92, -207, 114, -795, 761, -409, -1161, -1083, -336, 
-195, 9, 204, 92, -200, 107, -790, 771, -409, -1161, -1083, -331, 
