I, II, III, aVR, aVL, aVF, V1, V2, V3, V4, V5, V6, 
-34, 165, 200, -65, -117, 183, -29, -126, -43, -248, -87, -53, 
-29, 165, 195, -68, -112, 180, -29, -126, -43, -248, -87, -58, 
-29, 161, 190, -65, -109, 175, -24, -126, -48, -258, -92, -58, 
-24, 161, 185, -68, -104, 173, -24, -131, -48, -258, -92, -58, 
-34, 165, 200, -65, -117, 183, -24, -122, -48, -258, -92, -53, 
-39, 161, 200, -61, -119, 180, -19, -122, -58, -258, -92, -53, 
-53, 156, 209, -51, -131, 183, -14, -122, -48, -253, -92, -53, 
-58, 151, 209, -46, -134, 180, -9, -117, -48, -253, -92, -53, 
-58, 165, 224, -53, -141, 195, -14, -117, -43, -244, -92, -43, 
-53, 170, 224, -58, -139, 197, -14, -117, -43, -244, -92, -43, 
-48, 175, 224, -63, -136, 200, -9, -117, -43, -248, -92, -43, 
-34, 180, 214, -73, -124, 197, -4, -112, -43, -248, -92, -43, 
-43, 175, 219, -65, -131, 197, 0, -102, -43, -258, -92, -53, 
-43, 165, 209, -61, -126, 187, 0, -112, -43, -258, -92, -53, 
-53, 156, 209, -51, -131, 183, -4, -112, -48, -258, -92, -53, 
-53, 146, 200, -46, -126, 173, -4, -112, -48, -258, -92, -53, 
-53, 146, 200, -46, -126, 173, -4, -117, -48, -258, -102, -53, 
-53, 146, 200, -46, -126, 173, -4, -117, -43, -253, -102, -53, 
-53, 146, 200, -46, -126, 173, -4, -117, -43, -253, -102, -48, 
-63, 146, 209, -41, -136, 178, 4, -107, -39, -253, -102, -48, 
-34, 175, 209, -70, -122, 192, 4, -97, -19, -234, -87, -39, 
-53, 156, 209, -51, -131, 183, 4, -97, -29, -244, -87, -48, 
-87, 146, 234, -29, -161, 190, 9, -97, -29, -244, -102, -53, 
-97, 156, 253, -29, -175, 204, 29, -78, -4, -244, -107, -63, 
-82, 175, 258, -46, -170, 217, 39, -73, 19, -258, -117, -78, 
-122, 170, 292, -24, -207, 231, 73, -43, 53, -268, -126, -97, 
-170, 180, 351, -4, -261, 265, 117, 0, 97, -268, -136, -102, 
-180, 204, 385, -12, -283, 295, 136, 29, 136, -258, -126, -112, 
-161, 234, 395, -36, -278, 314, 136, 58, 165, -234, -112, -92, 
-151, 234, 385, -41, -268, 309, 156, 97, 195, -175, -63, -63, 
-136, 229, 366, -46, -251, 297, 170, 141, 234, -97, -9, -9, 
-102, 219, 322, -58, -212, 270, 170, 175, 253, 4, 73, 53, 
0, 273, 273, -136, -136, 273, 146, 180, 258, 146, 214, 175, 
161, 341, 180, -251, -9, 261, 92, 141, 283, 322, 400, 351, 
331, 414, 82, -373, 124, 248, 39, 102, 326, 556, 605, 551, 
517, 502, -14, -509, 265, 244, -73, 14, 341, 839, 868, 819, 
702, 619, -82, -661, 392, 268, -239, -151, 273, 1112, 1151, 1102, 
888, 717, -170, -802, 529, 273, -434, -351, 126, 1366, 1410, 1366, 
1098, 824, -273, -961, 685, 275, -668, -566, -63, 1595, 1644, 1610, 
1307, 932, -375, -1119, 841, 278, -897, -775, -283, 1761, 1825, 1825, 
1468, 980, -488, -1224, 978, 246, -1054, -907, -453, 1815, 1898, 1927, 
1512, 917, -595, -1215, 1054, 161, -1083, -927, -580, 1659, 1737, 1854, 
1444, 780, -663, -1112, 1054, 58, -1024, -849, -707, 1224, 1361, 1595, 
1298, 566, -732, -932, 1015, -82, -893, -722, -834, 732, 917, 1239, 
1068, 370, -697, -719, 883, -163, -780, -649, -927, 351, 570, 936, 
766, 297, -468, -531, 617, -85, -732, -707, -995, 48, 341, 712, 
527, 292, -234, -409, 380, 29, -712, -795, -1044, -224, 180, 536, 
434, 239, -195, -336, 314, 21, -697, -824, -1044, -400, 43, 390, 
336, 170, -165, -253, 251, 2, -639, -785, -961, -507, -82, 248, 
229, 131, -97, -180, 163, 17, -536, -678, -839, -541, -146, 141, 
175, 156, -19, -165, 97, 68, -448, -561, -688, -478, -126, 122, 
131, 185, 53, -158, 39, 119, -370, -448, -522, -375, -82, 122, 
112, 204, 92, -158, 9, 148, -283, -336, -366, -283, -43, 131, 
131, 219, 87, -175, 21, 153, -200, -239, -234, -209, -9, 122, 
92, 209, 117, -151, -12, 163, -146, -180, -161, -156, 14, 122, 
48, 195, 146, -122, -48, 170, -97, -156, -102, -117, 29, 122, 
63, 204, 141, -134, -39, 173, -48, -107, -48, -97, 39, 122, 
58, 204, 146, -131, -43, 175, -4, -53, -14, -78, 48, 117, 
14, 185, 170, -100, -78, 178, 19, -19, 24, -87, 39, 107, 
4, 185, 180, -95, -87, 183, 39, -9, 34, -97, 19, 87, 
9, 204, 195, -107, -92, 200, 43, 0, 48, -107, 4, 68, 
-29, 204, 234, -87, -131, 219, 43, -9, 53, -122, -9, 43, 
-48, 185, 234, -68, -141, 209, 34, -24, 43, -146, -24, 24, 
-53, 185, 239, -65, -146, 212, 24, -39, 48, -141, -29, 19, 
-53, 185, 239, -65, -146, 212, 24, -39, 48, -141, -29, 19, 
-48, 180, 229, -65, -139, 204, 29, -34, 48, -141, -19, 24, 
-39, 180, 219, -70, -129, 200, 34, -24, 48, -136, -14, 24, 
-29, 190, 219, -80, -124, 204, 58, -9, 73, -131, -4, 29, 
-48, 185, 234, -68, -141, 209, 73, 4, 82, -126, -4, 34, 
-63, 175, 239, -56, -151, 207, 82, 19, 87, -126, -4, 29, 
-68, 175, 244, -53, -156, 209, 82, 24, 97, -136, -9, 29, 
-58, 170, 229, -56, -143, 200, 73, 19, 92, -146, -24, 14, 
-58, 180, 239, -61, -148, 209, 68, 14, 92, -141, -24, 9, 
-68, 180, 248, -56, -158, 214, 68, 0, 92, -141, -24, 9, 
-73, 180, 253, -53, -163, 217, 63, -4, 92, -136, -24, 14, 
-58, 180, 239, -61, -148, 209, 63, -9, 82, -136, -24, 9, 
-43, 180, 224, -68, -134, 202, 68, -9, 82, -131, -14, 19, 
-34, 175, 209, -70, -122, 192, 73, -4, 82, -131, -14, 19, 
-29, 175, 204, -73, -117, 190, 73, 0, 92, -131, -9, 19, 
-34, 180, 214, -73, -124, 197, 78, 14, 102, -126, -4, 24, 
-34, 185, 219, -75, -126, 202, 78, 14, 117, -122, -9, 24, 
-29, 200, 229, -85, -129, 214, 78, 14, 122, -117, -4, 24, 
-29, 204, 234, -87, -131, 219, 73, 14, 122, -112, 4, 24, 
-48, 195, 244, -73, -146, 219, 82, 19, 122, -102, 4, 24, 
-48, 200, 248, -75, -148, 224, 82, 19, 122, -97, 4, 24, 
-48, 209, 258, -80, -153, 234, 82, 19, 122, -97, 4, 29, 
-73, 195, 268, -61, -170, 231, 82, 19, 122, -97, 4, 29, 
-63, 190, 253, -63, -158, 222, 78, 14, 112, -97, -4, 29, 
-48, 190, 239, -70, -143, 214, 73, 14, 117, -102, -4, 29, 
-34, 195, 229, -80, -131, 212, 68, 14, 117, -107, -4, 29, 
-24, 195, 219, -85, -122, 207, 63, 9, 122, -107, -4, 29, 
-4, 204, 209, -100, -107, 207, 73, 19, 136, -97, 4, 29, 
0, 209, 209, -104, -104, 209, 73, 19, 141, -97, 9, 29, 
9, 214, 204, -112, -97, 209, 73, 19, 141, -92, 9, 29, 
19, 219, 200, -119, -90, 209, 73, 19, 141, -92, 9, 29, 
9, 229, 219, -119, -104, 224, 82, 29, 151, -78, 19, 43, 
4, 229, 224, -117, -109, 226, 82, 34, 151, -73, 29, 48, 
4, 229, 224, -117, -109, 226, 87, 39, 161, -58, 34, 53, 
-4, 239, 244, -117, -124, 241, 87, 39, 161, -48, 34, 63, 
-29, 224, 253, -97, -141, 239, 78, 29, 156, -58, 24, 53, 
-39, 219, 258, -90, -148, 239, 78, 29, 156, -58, 24, 53, 
-43, 214, 258, -85, -151, 236, 78, 34, 161, -53, 24, 53, 
-48, 209, 258, -80, -153, 234, 78, 34, 165, -53, 24, 53, 
-29, 224, 253, -97, -141, 239, 78, 29, 180, -63, 24, 43, 
-24, 229, 253, -102, -139, 241, 78, 29, 180, -53, 29, 48, 
-9, 234, 244, -112, -126, 239, 78, 39, 180, -48, 34, 58, 
-29, 234, 263, -102, -146, 248, 78, 43, 185, -43, 39, 58, 
-39, 234, 273, -97, -156, 253, 82, 58, 200, -24, 48, 73, 
-29, 239, 268, -104, -148, 253, 87, 58, 200, -19, 48, 78, 
-24, 244, 268, -109, -146, 256, 92, 58, 200, -14, 48, 82, 
-24, 248, 273, -112, -148, 261, 97, 58, 200, 0, 48, 87, 
-24, 239, 263, -107, -143, 251, 87, 48, 200, -9, 48, 87, 
-9, 244, 253, -117, -131, 248, 87, 48, 200, -9, 48, 82, 
0, 253, 253, -126, -126, 253, 82, 48, 204, -9, 48, 78, 
4, 258, 253, -131, -124, 256, 82, 53, 214, 0, 58, 82, 
29, 263, 234, -146, -102, 248, 68, 39, 209, 0, 53, 82, 
34, 263, 229, -148, -97, 246, 63, 43, 209, 0, 53, 78, 
43, 263, 219, -153, -87, 241, 63, 43, 204, 4, 48, 82, 
58, 268, 209, -163, -75, 239, 58, 43, 209, 9, 48, 82, 
53, 258, 204, -156, -75, 231, 63, 58, 224, 19, 53, 82, 
39, 248, 209, -143, -85, 229, 68, 58, 224, 19, 53, 87, 
48, 258, 209, -153, -80, 234, 68, 58, 229, 24, 58, 92, 
58, 263, 204, -161, -73, 234, 73, 58, 229, 24, 58, 92, 
48, 278, 229, -163, -90, 253, 87, 68, 244, 43, 63, 102, 
43, 287, 244, -165, -100, 265, 92, 82, 258, 58, 73, 112, 
48, 297, 248, -173, -100, 273, 92, 97, 268, 63, 92, 131, 
58, 312, 253, -185, -97, 283, 97, 107, 283, 78, 107, 146, 
58, 307, 248, -183, -95, 278, 87, 107, 278, 78, 107, 136, 
58, 302, 244, -180, -92, 273, 87, 107, 278, 87, 107, 136, 
63, 297, 234, -180, -85, 265, 87, 102, 283, 87, 107, 136, 
78, 297, 219, -187, -70, 258, 87, 102, 287, 97, 112, 136, 
53, 302, 248, -178, -97, 275, 92, 112, 297, 122, 122, 146, 
29, 302, 273, -165, -122, 287, 102, 122, 312, 131, 136, 161, 
24, 302, 278, -163, -126, 290, 107, 126, 322, 141, 151, 175, 
19, 302, 283, -161, -131, 292, 97, 131, 326, 146, 156, 180, 
39, 317, 278, -178, -119, 297, 97, 136, 336, 156, 170, 190, 
48, 331, 283, -190, -117, 307, 97, 141, 341, 170, 175, 195, 
68, 346, 278, -207, -104, 312, 92, 141, 346, 180, 185, 204, 
87, 361, 273, -224, -92, 317, 92, 141, 351, 200, 195, 214, 
92, 346, 253, -219, -80, 300, 87, 141, 346, 200, 185, 209, 
97, 341, 244, -219, -73, 292, 87, 136, 346, 195, 185, 204, 
107, 346, 239, -226, -65, 292, 87, 136, 346, 204, 200, 209, 
107, 346, 239, -226, -65, 292, 78, 136, 351, 204, 204, 209, 
126, 346, 219, -236, -46, 283, 63, 126, 351, 224, 219, 224, 
141, 351, 209, -246, -34, 280, 63, 126, 356, 234, 219, 239, 
156, 351, 195, -253, -19, 273, 58, 126, 356, 234, 229, 239, 
175, 361, 185, -268, -4, 273, 53, 117, 356, 244, 229, 239, 
175, 370, 195, -273, -9, 283, 58, 126, 361, 253, 239, 244, 
165, 385, 219, -275, -26, 302, 58, 126, 366, 258, 248, 258, 
146, 390, 244, -268, -48, 317, 58, 126, 370, 263, 253, 258, 
136, 395, 258, -265, -61, 326, 58, 122, 375, 263, 253, 258, 
156, 414, 258, -285, -51, 336, 53, 126, 375, 278, 268, 263, 
175, 414, 239, -295, -31, 326, 58, 122, 375, 278, 268, 273, 
185, 414, 229, -300, -21, 322, 58, 117, 375, 278, 273, 278, 
200, 424, 224, -312, -12, 324, 63, 117, 380, 283, 278, 287, 
190, 419, 229, -305, -19, 324, 48, 102, 370, 278, 278, 287, 
185, 409, 224, -297, -19, 317, 34, 97, 366, 278, 278, 287, 
175, 400, 224, -287, -24, 312, 19, 87, 361, 273, 278, 283, 
156, 385, 229, -270, -36, 307, 14, 78, 356, 268, 273, 283, 
151, 400, 248, -275, -48, 324, 19, 87, 361, 273, 283, 287, 
146, 405, 258, -275, -56, 331, 29, 82, 361, 273, 283, 297, 
151, 409, 258, -280, -53, 334, 34, 78, 351, 273, 283, 287, 
146, 414, 268, -280, -61, 341, 39, 73, 351, 263, 283, 278, 
131, 409, 278, -270, -73, 344, 39, 68, 346, 268, 278, 283, 
131, 405, 273, -268, -70, 339, 34, 58, 336, 253, 263, 278, 
131, 400, 268, -265, -68, 334, 29, 48, 317, 239, 258, 273, 
122, 380, 258, -251, -68, 319, 29, 43, 302, 219, 248, 268, 
97, 375, 278, -236, -90, 326, 24, 53, 287, 204, 248, 263, 
87, 370, 283, -229, -97, 326, 24, 39, 283, 190, 229, 253, 
82, 361, 278, -222, -97, 319, 19, 29, 268, 170, 209, 239, 
73, 356, 283, -214, -104, 319, 19, 19, 258, 156, 195, 229, 
58, 356, 297, -207, -119, 326, 24, 19, 239, 141, 200, 219, 
48, 341, 292, -195, -122, 317, 24, 9, 234, 126, 195, 209, 
48, 341, 292, -195, -122, 317, 24, 4, 224, 112, 180, 204, 
43, 336, 292, -190, -124, 314, 29, 0, 224, 102, 175, 190, 
39, 322, 283, -180, -122, 302, 19, 0, 200, 92, 161, 195, 
29, 317, 287, -173, -129, 302, 19, -9, 195, 78, 151, 180, 
29, 317, 287, -173, -129, 302, 19, -14, 180, 63, 141, 170, 
29, 307, 278, -168, -124, 292, 19, -24, 170, 43, 122, 156, 
34, 287, 253, -161, -109, 270, 19, -39, 151, 29, 107, 141, 
19, 278, 258, -148, -119, 268, 19, -43, 146, 9, 92, 126, 
19, 273, 253, -146, -117, 263, 19, -48, 136, -4, 87, 122, 
19, 268, 248, -143, -114, 258, 14, -53, 131, -24, 82, 107, 
4, 258, 253, -131, -124, 256, 4, -53, 117, -34, 63, 97, 
-4, 258, 263, -126, -134, 261, 14, -53, 112, -39, 58, 92, 
-4, 258, 263, -126, -134, 261, 14, -58, 112, -48, 53, 87, 
-4, 258, 263, -126, -134, 261, 14, -63, 102, -48, 43, 78, 
-9, 229, 239, -109, -124, 234, 19, -53, 97, -63, 43, 82, 
-14, 229, 244, -107, -129, 236, 19, -58, 92, -73, 39, 78, 
-29, 229, 258, -100, -143, 244, 24, -58, 87, -78, 39, 73, 
-43, 229, 273, -92, -158, 251, 24, -58, 87, -82, 34, 73, 
-39, 234, 273, -97, -156, 253, 34, -48, 97, -82, 34, 68, 
-34, 239, 273, -102, -153, 256, 34, -48, 92, -82, 39, 68, 
-29, 244, 273, -107, -151, 258, 39, -53, 87, -87, 34, 58, 
-24, 253, 278, -114, -151, 265, 39, -53, 87, -97, 39, 53, 
-29, 239, 268, -104, -148, 253, 29, -58, 82, -102, 24, 58, 
-34, 234, 268, -100, -151, 251, 24, -63, 78, -107, 14, 58, 
-53, 224, 278, -85, -165, 251, 24, -68, 63, -112, 4, 58, 
-39, 219, 258, -90, -148, 239, 19, -78, 58, -122, 0, 53, 
-29, 219, 248, -95, -139, 234, 29, -73, 63, -112, 4, 53, 
-34, 224, 258, -95, -146, 241, 29, -68, 68, -112, 9, 53, 
-43, 229, 273, -92, -158, 251, 29, -63, 73, -112, 14, 53, 
-58, 229, 287, -85, -173, 258, 29, -58, 78, -117, 14, 48, 
-63, 224, 287, -80, -175, 256, 29, -53, 68, -107, 4, 48, 
-73, 224, 297, -75, -185, 261, 39, -53, 73, -107, 9, 48, 
-68, 224, 292, -78, -180, 258, 39, -53, 73, -107, 14, 58, 
-68, 224, 292, -78, -180, 258, 39, -53, 68, -107, 14, 58, 
-87, 204, 292, -58, -190, 248, 24, -63, 63, -112, 0, 53, 
-87, 204, 292, -58, -190, 248, 24, -63, 63, -112, 0, 53, 
-73, 214, 287, -70, -180, 251, 24, -63, 63, -117, 0, 53, 
-68, 214, 283, -73, -175, 248, 24, -63, 63, -126, 0, 53, 
-82, 209, 292, -63, -187, 251, 24, -68, 68, -131, 0, 53, 
-82, 204, 287, -61, -185, 246, 29, -63, 68, -126, 0, 53, 
-92, 204, 297, -56, -195, 251, 34, -53, 68, -122, 4, 58, 
-102, 200, 302, -48, -202, 251, 39, -48, 68, -117, 9, 58, 
-87, 204, 292, -58, -190, 248, 39, -48, 68, -112, 9, 58, 
-92, 209, 302, -58, -197, 256, 39, -43, 68, -112, 9, 58, 
-87, 209, 297, -61, -192, 253, 39, -43, 68, -112, 9, 58, 
-82, 214, 297, -65, -190, 256, 39, -43, 73, -112, 14, 63, 
-97, 209, 307, -56, -202, 258, 39, -53, 63, -122, 9, 53, 
-97, 204, 302, -53, -200, 253, 39, -53, 63, -122, 4, 53, 
-92, 200, 292, -53, -192, 246, 34, -63, 53, -126, -4, 43, 
-82, 195, 278, -56, -180, 236, 34, -63, 53, -131, -9, 43, 
-92, 204, 297, -56, -195, 251, 39, -48, 68, -117, 4, 58, 
-102, 209, 312, -53, -207, 261, 43, -43, 73, -112, 9, 63, 
-112, 209, 322, -48, -217, 265, 53, -34, 82, -102, 14, 73, 
-136, 209, 346, -36, -241, 278, 58, -29, 87, -97, 19, 78, 
-126, 209, 336, -41, -231, 273, 53, -39, 78, -107, 14, 68, 
-102, 209, 312, -53, -207, 261, 48, -39, 73, -107, 9, 68, 
-92, 214, 307, -61, -200, 261, 43, -39, 73, -107, 4, 63, 
-82, 219, 302, -68, -192, 261, 34, -39, 73, -107, 0, 63, 
-63, 214, 278, -75, -170, 246, 43, -48, 78, -107, 0, 58, 
-63, 219, 283, -78, -173, 251, 43, -43, 78, -107, 0, 58, 
-73, 224, 297, -75, -185, 261, 48, -43, 82, -102, 4, 58, 
-73, 224, 297, -75, -185, 261, 48, -43, 82, -92, 4, 58, 
-73, 234, 307, -80, -190, 270, 48, -39, 92, -92, 14, 63, 
-73, 239, 312, -82, -192, 275, 48, -39, 92, -92, 14, 68, 
-63, 258, 322, -97, -192, 290, 48, -34, 92, -87, 19, 82, 
-48, 263, 312, -107, -180, 287, 48, -34, 92, -82, 24, 87, 
-48, 268, 317, -109, -183, 292, 58, -34, 102, -73, 24, 87, 
-58, 263, 322, -102, -190, 292, 58, -34, 102, -73, 24, 87, 
-58, 263, 322, -102, -190, 292, 58, -34, 107, -78, 24, 87, 
-53, 263, 317, -104, -185, 290, 53, -34, 107, -78, 24, 87, 
-68, 263, 331, -97, -200, 297, 53, -34, 97, -87, 14, 78, 
-73, 258, 331, -92, -202, 295, 58, -34, 97, -82, 14, 78, 
-78, 253, 331, -87, -204, 292, 58, -34, 97, -82, 14, 78, 
-82, 248, 331, -82, -207, 290, 58, -34, 97, -82, 14, 78, 
-78, 244, 322, -82, -200, 283, 48, -48, 82, -97, 4, 73, 
-78, 234, 312, -78, -195, 273, 39, -53, 78, -97, 0, 68, 
-78, 219, 297, -70, -187, 258, 29, -58, 73, -102, -9, 63, 
-92, 204, 297, -56, -195, 251, 19, -63, 68, -107, -19, 58, 
-92, 209, 302, -58, -197, 256, 34, -58, 73, -97, -14, 68, 
-87, 214, 302, -63, -195, 258, 34, -58, 78, -97, -9, 68, 
-82, 219, 302, -68, -192, 261, 39, -53, 82, -97, -4, 68, 
-63, 229, 292, -82, -178, 261, 43, -48, 87, -97, 0, 73, 
-68, 239, 307, -85, -187, 273, 48, -48, 97, -92, 0, 73, 
-87, 229, 317, -70, -202, 273, 43, -48, 97, -97, 4, 68, 
-97, 224, 322, -63, -209, 273, 43, -48, 92, -97, 9, 68, 
-102, 224, 326, -61, -214, 275, 48, -48, 92, -92, 14, 68, 
-107, 229, 336, -61, -222, 283, 48, -48, 92, -92, 4, 78, 
-117, 229, 346, -56, -231, 287, 53, -43, 92, -82, 4, 82, 
-122, 229, 351, -53, -236, 290, 53, -43, 97, -82, 9, 87, 
-131, 229, 361, -48, -246, 295, 53, -43, 97, -87, 9, 87, 
-126, 214, 341, -43, -234, 278, 43, -43, 87, -87, 9, 68, 
-122, 214, 336, -46, -229, 275, 43, -43, 87, -97, 4, 68, 
-107, 224, 331, -58, -219, 278, 48, -48, 92, -87, 4, 73, 
-97, 234, 331, -68, -214, 283, 48, -48, 92, -87, 4, 73, 
-92, 224, 317, -65, -204, 270, 43, -53, 87, -97, -4, 63, 
-87, 224, 312, -68, -200, 268, 39, -58, 82, -97, -4, 63, 
-82, 224, 307, -70, -195, 265, 34, -63, 78, -97, 4, 63, 
-78, 224, 302, -73, -190, 263, 29, -63, 73, -97, 4, 63, 
-92, 214, 307, -61, -200, 261, 39, -58, 78, -87, 9, 73, 
-102, 209, 312, -53, -207, 261, 39, -58, 82, -87, 9, 73, 
-107, 204, 312, -48, -209, 258, 39, -58, 87, -92, 9, 73, 
-112, 204, 317, -46, -214, 261, 34, -53, 87, -97, 4, 68, 
-102, 214, 317, -56, -209, 265, 39, -53, 97, -87, 14, 78, 
-97, 224, 322, -63, -209, 273, 48, -48, 97, -82, 14, 82, 
-87, 239, 326, -75, -207, 283, 53, -48, 97, -82, 14, 82, 
-73, 248, 322, -87, -197, 285, 58, -48, 97, -82, 19, 82, 
-73, 258, 331, -92, -202, 295, 68, -39, 107, -73, 29, 92, 
-73, 253, 326, -90, -200, 290, 68, -34, 107, -73, 29, 92, 
-82, 253, 336, -85, -209, 295, 68, -34, 107, -73, 29, 92, 
-82, 258, 341, -87, -212, 300, 68, -39, 107, -73, 29, 92, 
-73, 253, 326, -90, -200, 290, 68, -48, 97, -82, 9, 82, 
-63, 244, 307, -90, -185, 275, 63, -53, 92, -92, 4, 78, 
-58, 239, 297, -90, -178, 268, 48, -53, 82, -102, -4, 68, 
-53, 224, 278, -85, -165, 251, 43, -53, 78, -107, -9, 63, 
-58, 209, 268, -75, -163, 239, 43, -58, 73, -112, -14, 58, 
-58, 209, 268, -75, -163, 239, 39, -63, 68, -112, -19, 53, 
-63, 209, 273, -73, -168, 241, 34, -68, 63, -112, -24, 48, 
-73, 204, 278, -65, -175, 241, 29, -73, 58, -112, -24, 43, 
-68, 209, 278, -70, -173, 244, 24, -82, 68, -102, -19, 53, 
-73, 214, 287, -70, -180, 251, 24, -82, 68, -102, -19, 53, 
-73, 214, 287, -70, -180, 251, 24, -82, 68, -112, -29, 53, 
-73, 219, 292, -73, -183, 256, 24, -82, 68, -112, -29, 53, 
-63, 219, 283, -78, -173, 251, 39, -68, 73, -102, -24, 63, 
-73, 224, 297, -75, -185, 261, 43, -58, 82, -102, -19, 63, 
-73, 234, 307, -80, -190, 270, 48, -53, 87, -102, -24, 63, 
-58, 239, 297, -90, -178, 268, 53, -53, 82, -102, -19, 63, 
-63, 234, 297, -85, -180, 265, 53, -58, 73, -102, -19, 58, 
-82, 224, 307, -70, -195, 265, 53, -58, 73, -102, -19, 58, 
-112, 219, 331, -53, -222, 275, 43, -58, 73, -107, -19, 58, 
-122, 214, 336, -46, -229, 275, 43, -58, 68, -107, -19, 63, 
-24, 244, 268, -109, -146, 256, 43, -68, 68, -107, -19, 53, 
9, 239, 229, -124, -109, 234, 19, -87, 53, -126, -39, 29, 
-29, 224, 253, -97, -141, 239, 19, -87, 58, -126, -39, 39, 
-43, 224, 268, -90, -156, 246, 34, -73, 63, -122, -34, 43, 
-58, 224, 283, -82, -170, 253, 39, -68, 68, -117, -29, 48, 
-73, 224, 297, -75, -185, 261, 43, -63, 73, -112, -24, 53, 
-87, 224, 312, -68, -200, 268, 48, -58, 78, -107, -19, 58, 
-87, 224, 312, -68, -200, 268, 39, -68, 63, -117, -14, 53, 
-73, 224, 297, -75, -185, 261, 39, -73, 63, -117, -19, 48, 
-73, 219, 292, -73, -183, 256, 39, -73, 63, -117, -24, 43, 
-73, 214, 287, -70, -180, 251, 39, -73, 63, -117, -24, 43, 
-68, 204, 273, -68, -170, 239, 34, -87, 53, -122, -24, 34, 
-68, 204, 273, -68, -170, 239, 24, -92, 53, -131, -29, 29, 
-63, 195, 258, -65, -161, 226, 19, -97, 53, -136, -34, 24, 
-58, 195, 253, -68, -156, 224, 9, -102, 53, -141, -39, 19, 
-73, 209, 283, -68, -178, 246, 14, -92, 68, -136, -19, 24, 
-87, 214, 302, -63, -195, 258, 29, -87, 78, -122, -14, 39, 
-82, 224, 307, -70, -195, 265, 34, -78, 78, -117, -9, 43, 
-82, 224, 307, -70, -195, 265, 39, -73, 82, -112, 0, 48, 
-82, 229, 312, -73, -197, 270, 29, -73, 78, -122, -4, 39, 
-82, 229, 312, -73, -197, 270, 34, -78, 82, -122, -9, 34, 
-73, 234, 307, -80, -190, 270, 39, -73, 87, -112, 0, 48, 
-63, 239, 302, -87, -183, 270, 24, -78, 82, -112, -4, 43, 
-63, 263, 326, -100, -195, 295, 34, -68, 102, -97, 9, 53, 
-58, 273, 331, -107, -195, 302, 48, -53, 112, -82, 29, 68, 
-58, 292, 351, -117, -204, 322, 58, -39, 126, -68, 43, 82, 
-58, 312, 370, -126, -214, 341, 68, -29, 131, -58, 58, 92, 
-48, 322, 370, -136, -209, 346, 53, -34, 131, -68, 48, 78, 
-39, 322, 361, -141, -200, 341, 53, -39, 136, -68, 48, 78, 
-34, 326, 361, -146, -197, 344, 53, -43, 141, -58, 58, 82, 
-24, 346, 370, -161, -197, 358, 53, -48, 151, -48, 68, 97, 
-29, 341, 370, -156, -200, 356, 43, -63, 141, -48, 82, 87, 
-19, 341, 361, -161, -190, 351, 29, -82, 141, -53, 82, 87, 
-14, 351, 366, -168, -190, 358, 9, -102, 141, -53, 82, 87, 
-34, 361, 395, -163, -214, 378, -4, -131, 141, -43, 82, 97, 
-48, 351, 400, -151, -224, 375, -24, -136, 136, -53, 82, 97, 
-34, 351, 385, -158, -209, 368, -34, -151, 112, -63, 73, 92, 
-19, 346, 366, -163, -192, 356, -58, -170, 102, -68, 73, 92, 
-34, 341, 375, -153, -204, 358, -73, -190, 97, -68, 73, 92, 
-24, 361, 385, -168, -204, 373, -78, -195, 97, -58, 87, 92, 
4, 370, 366, -187, -180, 368, -73, -190, 87, -58, 92, 97, 
14, 375, 361, -195, -173, 368, -68, -195, 87, -58, 92, 97, 
0, 375, 375, -187, -187, 375, -63, -175, 87, -58, 92, 97, 
-19, 375, 395, -178, -207, 385, -53, -165, 97, -48, 97, 107, 
-4, 375, 380, -185, -192, 378, -48, -161, 102, -43, 107, 117, 
0, 375, 375, -187, -187, 375, -43, -156, 102, -43, 112, 117, 
0, 375, 375, -187, -187, 375, -43, -151, 97, -48, 112, 117, 
4, 361, 356, -183, -175, 358, -43, -136, 82, -39, 107, 107, 
4, 351, 346, -178, -170, 348, -39, -131, 82, -39, 107, 107, 
-4, 336, 341, -165, -173, 339, -34, -122, 82, -43, 107, 102, 
-4, 326, 331, -161, -168, 329, -24, -112, 73, -43, 107, 102, 
4, 317, 312, -161, -153, 314, -19, -97, 63, -43, 97, 102, 
9, 297, 287, -153, -139, 292, -14, -92, 58, -58, 82, 92, 
4, 273, 268, -139, -131, 270, -9, -92, 48, -58, 82, 82, 
4, 258, 253, -131, -124, 256, -4, -87, 39, -63, 82, 78, 
-14, 268, 283, -126, -148, 275, 14, -82, 43, -53, 92, 82, 
-29, 248, 278, -109, -153, 263, 19, -78, 48, -58, 82, 82, 
-34, 248, 283, -107, -158, 265, 19, -78, 48, -63, 82, 78, 
-48, 244, 292, -97, -170, 268, 29, -78, 48, -73, 82, 78, 
-73, 224, 297, -75, -185, 261, 19, -78, 39, -82, 68, 68, 
-78, 214, 292, -68, -185, 253, 19, -78, 34, -92, 53, 58, 
-78, 200, 278, -61, -178, 239, 24, -78, 24, -107, 48, 43, 
-78, 195, 273, -58, -175, 234, 29, -78, 19, -112, 43, 39, 
-73, 190, 263, -58, -168, 226, 24, -78, 4, -117, 48, 24, 
-73, 180, 253, -53, -163, 217, 24, -78, 4, -117, 48, 19, 
-48, 185, 234, -68, -141, 209, 19, -78, 4, -122, 43, 19, 
-34, 195, 229, -80, -131, 212, 19, -78, 4, -122, 39, 14, 
-39, 195, 234, -78, -136, 214, 29, -73, 9, -117, 48, 24, 
-48, 190, 239, -70, -143, 214, 34, -68, 9, -122, 43, 29, 
-53, 190, 244, -68, -148, 217, 34, -68, 14, -117, 43, 34, 
-63, 185, 248, -61, -156, 217, 29, -63, 19, -112, 43, 34, 
-78, 185, 263, -53, -170, 224, 39, -53, 19, -112, 48, 43, 
-102, 185, 287, -41, -195, 236, 48, -53, 29, -107, 53, 43, 
-117, 185, 302, -34, -209, 244, 58, -48, 29, -107, 58, 43, 
-126, 190, 317, -31, -222, 253, 73, -48, 24, -107, 63, 43, 
-117, 180, 297, -31, -207, 239, 63, -53, 19, -117, 58, 39, 
-107, 170, 278, -31, -192, 224, 58, -58, 14, -122, 53, 34, 
-87, 161, 248, -36, -168, 204, 53, -58, 9, -122, 48, 29, 
-92, 156, 248, -31, -170, 202, 48, -53, 14, -122, 43, 24, 
-102, 151, 253, -24, -178, 202, 39, -73, 4, -131, 34, 14, 
-112, 146, 258, -17, -185, 202, 34, -73, 0, -131, 34, 14, 
-112, 141, 253, -14, -183, 197, 34, -73, 0, -131, 34, 14, 
-112, 136, 248, -12, -180, 192, 34, -68, 0, -131, 34, 14, 
-102, 156, 258, -26, -180, 207, 48, -53, 19, -112, 53, 24, 
-102, 165, 268, -31, -185, 217, 53, -48, 24, -107, 63, 39, 
-112, 175, 287, -31, -200, 231, 68, -34, 34, -102, 73, 48, 
-122, 185, 307, -31, -214, 246, 73, -29, 39, -97, 87, 58, 
-161, 175, 336, -7, -248, 256, 92, -9, 58, -78, 87, 78, 
-156, 175, 331, -9, -244, 253, 87, -9, 58, -87, 82, 63, 
-146, 185, 331, -19, -239, 258, 87, -9, 53, -87, 68, 53, 
-122, 185, 307, -31, -214, 246, 87, -14, 58, -102, 48, 29, 
-92, 190, 283, -48, -187, 236, 92, -4, 73, -131, 29, 0, 
-131, 190, 322, -29, -226, 256, 126, 29, 107, -141, 19, -24, 
-190, 214, 405, -12, -297, 309, 165, 78, 156, -122, 19, -24, 
-141, 253, 395, -56, -268, 324, 175, 87, 185, -107, 43, -24, 
-102, 263, 366, -80, -234, 314, 185, 107, 214, -68, 63, -14, 
-136, 229, 366, -46, -251, 297, 200, 141, 234, -9, 107, 29, 
-112, 229, 341, -58, -226, 285, 219, 195, 263, 73, 180, 102, 
9, 292, 283, -151, -136, 287, 224, 248, 297, 204, 302, 224, 
112, 361, 248, -236, -68, 305, 200, 268, 331, 380, 468, 400, 
234, 385, 151, -309, 41, 268, 136, 229, 346, 566, 653, 580, 
429, 434, 4, -431, 212, 219, 43, 161, 361, 790, 858, 790, 
673, 551, -122, -612, 397, 214, -92, 34, 331, 1034, 1093, 1024, 
917, 668, -248, -793, 583, 209, -278, -156, 234, 1259, 1322, 1268, 
1137, 766, -370, -951, 753, 197, -483, -390, 73, 1439, 1517, 1483, 
1327, 854, -473, -1090, 900, 190, -712, -619, -136, 1566, 1678, 1678, 
1478, 902, -575, -1190, 1027, 163, -917, -800, -336, 1610, 1742, 1790, 
1561, 897, -663, -1229, 1112, 117, -1015, -868, -492, 1503, 1649, 1756, 
1493, 819, -673, -1156, 1083, 73, -976, -829, -610, 1166, 1342, 1556, 
1307, 644, -663, -976, 985, -9, -854, -712, -707, 722, 927, 1229, 
1088, 458, -629, -773, 858, -85, -712, -600, -790, 370, 580, 927, 
805, 385, -419, -595, 612, -17, -634, -610, -849, 126, 390, 722, 
556, 370, -185, -463, 370, 92, -624, -707, -907, -97, 278, 575, 
424, 326, -97, -375, 261, 114, -629, -795, -956, -292, 151, 448, 
346, 278, -68, -312, 207, 104, -600, -805, -922, -429, 24, 297, 
258, 229, -29, -244, 143, 100, -527, -736, -819, -483, -58, 190, 
195, 204, 9, -200, 92, 107, -439, -619, -688, -448, -78, 141, 
151, 204, 53, -178, 48, 129, -380, -517, -551, -366, -43, 131, 
122, 214, 92, -168, 14, 153, -322, -424, -405, -263, -4, 141, 
82, 209, 126, -146, -21, 168, -229, -278, -263, -170, 48, 170, 
63, 209, 146, -136, -41, 178, -126, -141, -151, -78, 102, 200, 
48, 204, 156, -126, -53, 180, -58, -97, -82, -19, 136, 209, 
34, 195, 161, -114, -63, 178, -29, -58, -29, 0, 136, 190, 
29, 195, 165, -112, -68, 180, 24, -14, 4, 19, 146, 195, 
24, 204, 180, -114, -78, 192, 68, 9, 34, 29, 146, 185, 
-4, 195, 200, -95, -102, 197, 78, 9, 43, 9, 117, 156, 
-29, 195, 224, -82, -126, 209, 82, 19, 58, -9, 92, 126, 
-29, 224, 253, -97, -141, 239, 82, 29, 82, -14, 87, 122, 
-58, 234, 292, -87, -175, 263, 92, 34, 102, -9, 92, 141, 
-78, 219, 297, -70, -187, 258, 73, 29, 97, -9, 97, 146, 
-92, 214, 307, -61, -200, 261, 73, 29, 97, -4, 97, 146, 
-102, 204, 307, -51, -204, 256, 78, 34, 97, 0, 107, 151, 
-107, 200, 307, -46, -207, 253, 82, 43, 97, 9, 112, 151, 
-68, 190, 258, -61, -163, 224, 92, 48, 97, 0, 107, 136, 
-68, 185, 253, -58, -161, 219, 102, 53, 102, 0, 102, 131, 
-63, 175, 239, -56, -151, 207, 107, 58, 102, -4, 97, 117, 
-48, 175, 224, -63, -136, 200, 102, 53, 107, -19, 87, 107, 
-53, 185, 239, -65, -146, 212, 107, 63, 117, -14, 82, 112, 
-58, 200, 258, -70, -158, 229, 107, 63, 122, -4, 82, 107, 
-73, 204, 278, -65, -175, 241, 112, 53, 126, 0, 82, 107, 
-82, 209, 292, -63, -187, 251, 112, 53, 131, 9, 82, 112, 
-92, 209, 302, -58, -197, 256, 102, 68, 131, 19, 102, 126, 
-82, 209, 292, -63, -187, 251, 107, 68, 131, 24, 112, 136, 
-78, 204, 283, -63, -180, 244, 112, 73, 131, 24, 112, 136, 
-78, 204, 283, -63, -180, 244, 112, 78, 141, 24, 117, 136, 
-78, 214, 292, -68, -185, 253, 122, 73, 141, 34, 117, 131, 
-73, 214, 287, -70, -180, 251, 126, 73, 156, 34, 107, 131, 
-63, 224, 287, -80, -175, 256, 131, 73, 161, 34, 107, 131, 
-58, 224, 283, -82, -170, 253, 131, 73, 161, 34, 112, 131, 
-73, 224, 297, -75, -185, 261, 126, 68, 161, 43, 112, 141, 
-68, 229, 297, -80, -183, 263, 122, 68, 161, 48, 112, 141, 
-63, 239, 302, -87, -183, 270, 117, 68, 161, 48, 112, 146, 
-82, 224, 307, -70, -195, 265, 112, 68, 161, 48, 112, 146, 
-73, 209, 283, -68, -178, 246, 117, 68, 161, 53, 112, 136, 
-68, 209, 278, -70, -173, 244, 122, 73, 165, 53, 112, 136, 
-63, 214, 278, -75, -170, 246, 126, 78, 165, 53, 112, 136, 
-63, 214, 278, -75, -170, 246, 131, 78, 170, 58, 112, 136, 
-68, 219, 287, -75, -178, 253, 122, 78, 175, 58, 102, 136, 
-78, 219, 297, -70, -187, 258, 122, 78, 180, 58, 107, 136, 
-82, 219, 302, -68, -192, 261, 122, 78, 180, 63, 107, 136, 
-87, 219, 307, -65, -197, 263, 122, 78, 180, 63, 107, 136, 
-97, 219, 317, -61, -207, 268, 131, 87, 190, 78, 107, 151, 
-102, 219, 322, -58, -212, 270, 131, 92, 190, 82, 117, 156, 
-102, 219, 322, -58, -212, 270, 136, 97, 200, 97, 122, 161, 
-112, 229, 341, -58, -226, 285, 136, 97, 200, 107, 122, 170, 
-102, 229, 331, -63, -217, 280, 146, 107, 195, 107, 122, 161, 
-97, 229, 326, -65, -212, 278, 146, 107, 195, 107, 122, 161, 
-87, 229, 317, -70, -202, 273, 146, 112, 200, 112, 122, 161, 
-78, 229, 307, -75, -192, 268, 146, 112, 204, 112, 122, 161, 
-63, 248, 312, -92, -187, 280, 141, 102, 219, 112, 112, 151, 
-53, 258, 312, -102, -183, 285, 136, 97, 219, 122, 117, 156, 
-34, 268, 302, -117, -168, 285, 131, 102, 219, 126, 122, 165, 
-48, 273, 322, -112, -185, 297, 126, 102, 224, 131, 126, 165, 
-58, 258, 317, -100, -187, 287, 117, 102, 214, 126, 117, 156, 
-48, 248, 297, -100, -173, 273, 117, 97, 209, 126, 117, 156, 
-43, 239, 283, -97, -163, 261, 117, 92, 204, 126, 117, 156, 
-43, 229, 273, -92, -158, 251, 117, 87, 200, 136, 117, 156, 
-43, 244, 287, -100, -165, 265, 126, 102, 214, 141, 126, 170, 
-29, 253, 283, -112, -156, 268, 126, 107, 219, 146, 126, 170, 
-19, 268, 287, -124, -153, 278, 122, 112, 229, 151, 126, 170, 
-14, 278, 292, -131, -153, 285, 122, 122, 244, 165, 136, 180, 
-24, 273, 297, -124, -161, 285, 131, 122, 253, 175, 151, 190, 
-43, 273, 317, -114, -180, 295, 131, 131, 258, 185, 161, 195, 
-58, 273, 331, -107, -195, 302, 136, 136, 258, 200, 165, 209, 
-68, 278, 346, -104, -207, 312, 136, 141, 268, 214, 175, 219, 
-53, 278, 331, -112, -192, 305, 136, 136, 263, 219, 175, 204, 
-58, 268, 326, -104, -192, 297, 136, 136, 263, 214, 170, 204, 
-39, 278, 317, -119, -178, 297, 131, 136, 268, 214, 170, 204, 
-19, 283, 302, -131, -161, 292, 131, 136, 268, 209, 165, 200, 
-4, 278, 283, -136, -143, 280, 117, 122, 263, 214, 151, 190, 
-4, 278, 283, -136, -143, 280, 112, 122, 268, 224, 151, 190, 
4, 278, 273, -141, -134, 275, 102, 122, 268, 224, 161, 200, 
19, 283, 263, -151, -122, 273, 97, 117, 273, 234, 165, 204, 
14, 287, 273, -151, -129, 280, 102, 126, 283, 248, 175, 219, 
9, 292, 283, -151, -136, 287, 107, 136, 287, 263, 185, 224, 
9, 297, 287, -153, -139, 292, 112, 141, 297, 268, 195, 229, 
19, 307, 287, -163, -134, 297, 117, 151, 307, 283, 209, 234, 
34, 312, 278, -173, -122, 295, 112, 151, 302, 287, 209, 229, 
29, 312, 283, -170, -126, 297, 112, 151, 312, 297, 214, 239, 
43, 312, 268, -178, -112, 290, 107, 146, 317, 307, 219, 248, 
58, 312, 253, -185, -97, 283, 87, 141, 317, 312, 214, 248, 
78, 322, 244, -200, -82, 283, 97, 136, 317, 326, 219, 258, 
78, 331, 253, -204, -87, 292, 97, 141, 322, 336, 224, 263, 
87, 341, 253, -214, -82, 297, 92, 141, 326, 341, 234, 273, 
97, 351, 253, -224, -78, 302, 92, 141, 331, 356, 244, 283, 
97, 346, 248, -222, -75, 297, 78, 141, 326, 361, 253, 273, 
97, 341, 244, -219, -73, 292, 78, 136, 326, 361, 253, 273, 
102, 346, 244, -224, -70, 295, 78, 136, 326, 375, 268, 283, 
97, 346, 248, -222, -75, 297, 68, 136, 331, 380, 273, 287, 
112, 361, 248, -236, -68, 305, 73, 136, 336, 395, 287, 307, 
122, 370, 248, -246, -63, 309, 73, 136, 346, 409, 287, 326, 
131, 375, 244, -253, -56, 309, 68, 136, 351, 414, 297, 331, 
146, 390, 244, -268, -48, 317, 63, 126, 356, 429, 297, 336, 
151, 385, 234, -268, -41, 309, 58, 126, 356, 424, 297, 331, 
146, 395, 248, -270, -51, 322, 58, 126, 356, 424, 307, 346, 
131, 395, 263, -263, -65, 329, 58, 126, 356, 424, 312, 346, 
126, 395, 268, -261, -70, 331, 58, 122, 356, 419, 312, 346, 
126, 395, 268, -261, -70, 331, 48, 117, 356, 429, 326, 351, 
136, 395, 258, -265, -61, 326, 48, 112, 356, 434, 326, 361, 
136, 395, 258, -265, -61, 326, 43, 107, 356, 439, 331, 366, 
141, 405, 263, -273, -61, 334, 43, 107, 361, 448, 336, 375, 
156, 419, 263, -287, -53, 341, 43, 92, 356, 448, 326, 366, 
165, 419, 253, -292, -43, 336, 34, 87, 346, 444, 326, 366, 
170, 419, 248, -295, -39, 334, 24, 78, 336, 434, 326, 361, 
165, 414, 248, -290, -41, 331, 24, 68, 326, 424, 322, 361, 
161, 414, 253, -287, -46, 334, 24, 68, 322, 409, 312, 356, 
156, 414, 258, -285, -51, 336, 29, 63, 322, 409, 312, 366, 
161, 414, 253, -287, -46, 334, 29, 58, 312, 409, 312, 356, 
156, 414, 258, -285, -51, 336, 29, 53, 312, 400, 312, 346, 
136, 409, 273, -273, -68, 341, 19, 48, 302, 395, 297, 346, 
131, 405, 273, -268, -70, 339, 14, 39, 297, 380, 283, 336, 
126, 400, 273, -263, -73, 336, 9, 29, 283, 366, 278, 326, 
112, 380, 268, -246, -78, 324, 9, 24, 273, 346, 268, 317, 
117, 380, 263, -248, -73, 322, 14, 19, 263, 326, 263, 297, 
126, 380, 253, -253, -63, 317, 14, 0, 253, 307, 239, 283, 
141, 375, 234, -258, -46, 305, 9, -14, 234, 283, 214, 263, 
151, 375, 224, -263, -36, 300, 9, -29, 219, 263, 195, 248, 
102, 356, 253, -229, -75, 305, 24, -14, 214, 253, 195, 253, 
78, 341, 263, -209, -92, 302, 24, -19, 214, 244, 195, 248, 
63, 341, 278, -202, -107, 309, 24, -19, 209, 234, 185, 248, 
43, 336, 292, -190, -124, 314, 29, -19, 214, 229, 185, 239, 
29, 312, 283, -170, -126, 297, 19, -19, 190, 219, 161, 224, 
19, 307, 287, -163, -134, 297, 19, -29, 185, 204, 151, 209, 
19, 307, 287, -163, -134, 297, 19, -34, 170, 190, 141, 200, 
19, 297, 278, -158, -129, 287, 19, -43, 161, 170, 122, 185, 
4, 287, 283, -146, -139, 285, 29, -48, 141, 156, 117, 165, 
-9, 278, 287, -134, -148, 283, 29, -53, 136, 136, 102, 156, 
-9, 273, 283, -131, -146, 278, 29, -58, 126, 122, 97, 156, 
-9, 268, 278, -129, -143, 273, 24, -63, 122, 102, 92, 146, 
-24, 258, 283, -117, -153, 270, 14, -63, 117, 102, 73, 146, 
-34, 258, 292, -112, -163, 275, 24, -63, 112, 97, 68, 141, 
-34, 258, 292, -112, -163, 275, 24, -68, 112, 87, 63, 136, 
-34, 258, 292, -112, -163, 275, 24, -73, 102, 87, 53, 126, 
-29, 239, 268, -104, -148, 253, 19, -82, 92, 63, 43, 107, 
-24, 239, 263, -107, -143, 251, 19, -87, 82, 53, 39, 97, 
-29, 239, 268, -104, -148, 253, 24, -87, 73, 48, 39, 87, 
-34, 239, 273, -102, -153, 256, 24, -87, 68, 43, 34, 82, 
-43, 244, 287, -100, -165, 265, 24, -78, 78, 43, 29, 82, 
-43, 239, 283, -97, -163, 261, 24, -78, 73, 43, 29, 87, 
-43, 234, 278, -95, -161, 256, 29, -82, 68, 39, 19, 82, 
-43, 234, 278, -95, -161, 256, 29, -82, 68, 29, 19, 82, 
-58, 224, 283, -82, -170, 253, 29, -73, 82, 43, 34, 82, 
-73, 224, 297, -75, -185, 261, 34, -73, 87, 48, 34, 87, 
-102, 219, 322, -58, -212, 270, 43, -73, 82, 53, 34, 92, 
-97, 219, 317, -61, -207, 268, 48, -78, 87, 53, 39, 92, 
-58, 229, 287, -85, -173, 258, 43, -82, 73, 43, 34, 87, 
-34, 234, 268, -100, -151, 251, 39, -87, 68, 34, 29, 82, 
-14, 239, 253, -112, -134, 246, 34, -92, 63, 24, 24, 78, 
0, 239, 239, -119, -119, 239, 29, -97, 58, 9, 14, 68, 
-34, 224, 258, -95, -146, 241, 29, -87, 68, 24, 24, 78, 
-63, 224, 287, -80, -175, 256, 39, -82, 73, 29, 29, 78, 
-78, 224, 302, -73, -190, 263, 39, -78, 73, 34, 34, 87, 
-97, 224, 322, -63, -209, 273, 39, -73, 68, 39, 34, 87, 
-87, 214, 302, -63, -195, 258, 24, -78, 53, 29, 39, 82, 
-78, 214, 292, -68, -185, 253, 24, -82, 53, 34, 39, 82, 
-53, 224, 278, -85, -165, 251, 24, -87, 53, 34, 39, 82, 
-39, 224, 263, -92, -151, 244, 24, -92, 53, 29, 39, 82, 
-39, 224, 263, -92, -151, 244, 29, -92, 58, 29, 43, 73, 
-34, 224, 258, -95, -146, 241, 29, -92, 58, 29, 39, 73, 
-39, 229, 268, -95, -153, 248, 29, -87, 58, 29, 39, 78, 
-43, 229, 273, -92, -158, 251, 29, -87, 58, 29, 39, 78, 
-34, 219, 253, -92, -143, 236, 24, -102, 53, 29, 34, 73, 
-34, 219, 253, -92, -143, 236, 19, -102, 48, 24, 29, 68, 
-24, 214, 239, -95, -131, 226, 14, -107, 43, 19, 24, 63, 
-14, 214, 229, -100, -122, 222, 9, -112, 43, 14, 24, 63, 
-4, 229, 234, -112, -119, 231, 9, -107, 53, 19, 29, 68, 
0, 234, 234, -117, -117, 234, 9, -102, 53, 24, 34, 73, 
9, 239, 229, -124, -109, 234, 4, -107, 43, 24, 34, 68, 
24, 244, 219, -134, -97, 231, 4, -102, 43, 24, 39, 73, 
14, 234, 219, -124, -102, 226, 14, -102, 43, 24, 48, 63, 
4, 239, 234, -122, -114, 236, 14, -102, 43, 24, 48, 63, 
-4, 239, 244, -117, -124, 241, 19, -97, 48, 29, 48, 68, 
-29, 239, 268, -104, -148, 253, 19, -97, 48, 29, 48, 68, 
-53, 219, 273, -82, -163, 246, 19, -87, 58, 34, 48, 73, 
-53, 209, 263, -78, -158, 236, 19, -87, 53, 39, 48, 78, 
-68, 204, 273, -68, -170, 239, 19, -87, 53, 43, 48, 78, 
-82, 200, 283, -58, -183, 241, 14, -87, 53, 48, 48, 82, 
-73, 214, 287, -70, -180, 251, 24, -78, 68, 39, 58, 87, 
-73, 219, 292, -73, -183, 256, 24, -73, 68, 39, 58, 87, 
-82, 224, 307, -70, -195, 265, 29, -73, 73, 43, 63, 87, 
-82, 224, 307, -70, -195, 265, 29, -73, 73, 53, 63, 87, 
-63, 229, 292, -82, -178, 261, 19, -82, 63, 43, 58, 82, 
-53, 229, 283, -87, -168, 256, 19, -87, 63, 43, 53, 78, 
-34, 244, 278, -104, -156, 261, 19, -87, 63, 48, 53, 82, 
-9, 244, 253, -117, -131, 248, 19, -92, 63, 53, 53, 78, 
-34, 224, 258, -95, -146, 241, 9, -92, 53, 43, 43, 68, 
-48, 214, 263, -82, -156, 239, 9, -92, 53, 43, 43, 68, 
-53, 209, 263, -78, -158, 236, 9, -92, 58, 39, 43, 68, 
-53, 204, 258, -75, -156, 231, 4, -92, 58, 39, 43, 68, 
-43, 224, 268, -90, -156, 246, -4, -92, 48, 29, 43, 68, 
-34, 229, 263, -97, -148, 246, 0, -92, 48, 34, 43, 68, 
-24, 234, 258, -104, -141, 246, 0, -92, 48, 34, 43, 68, 
-14, 239, 253, -112, -134, 246, 0, -92, 48, 34, 43, 68, 
-24, 234, 258, -104, -141, 246, 9, -92, 58, 43, 43, 78, 
-29, 234, 263, -102, -146, 248, 9, -92, 58, 48, 48, 78, 
-34, 229, 263, -97, -148, 246, 9, -92, 58, 48, 48, 78, 
-53, 224, 278, -85, -165, 251, 9, -92, 58, 48, 48, 78, 
-34, 224, 258, -95, -146, 241, 0, -92, 48, 39, 39, 78, 
-29, 224, 253, -97, -141, 239, -4, -97, 48, 39, 39, 78, 
-24, 224, 248, -100, -136, 236, -4, -97, 48, 39, 39, 78, 
-4, 229, 234, -112, -119, 231, -4, -97, 48, 39, 39, 82, 
-4, 253, 258, -124, -131, 256, 0, -92, 53, 39, 39, 92, 
-19, 248, 268, -114, -143, 258, -4, -87, 58, 39, 43, 87, 
-24, 248, 273, -112, -148, 261, -4, -82, 58, 43, 48, 87, 
-24, 253, 278, -114, -151, 265, 0, -78, 63, 53, 53, 87, 
-34, 253, 287, -109, -161, 270, 0, -82, 63, 43, 43, 87, 
-39, 248, 287, -104, -163, 268, 4, -82, 63, 53, 43, 92, 
-39, 244, 283, -102, -161, 263, 4, -87, 68, 53, 48, 97, 
-43, 239, 283, -97, -163, 261, 4, -92, 68, 48, 48, 97, 
-43, 214, 258, -85, -151, 236, -4, -102, 58, 39, 43, 78, 
-43, 214, 258, -85, -151, 236, -4, -102, 58, 29, 34, 78, 
-34, 224, 258, -95, -146, 241, 0, -107, 63, 39, 29, 82, 
-29, 234, 263, -102, -146, 248, 0, -107, 63, 39, 24, 82, 
-19, 239, 258, -109, -139, 248, 9, -97, 63, 48, 34, 92, 
-19, 244, 263, -112, -141, 253, 9, -97, 63, 48, 34, 92, 
-19, 248, 268, -114, -143, 258, 9, -97, 63, 48, 43, 92, 
-19, 253, 273, -117, -146, 263, 9, -92, 63, 48, 43, 92, 
-24, 244, 268, -109, -146, 256, 9, -82, 73, 48, 39, 92, 
-34, 239, 273, -102, -153, 256, 9, -87, 73, 48, 39, 92, 
-39, 234, 273, -97, -156, 253, 9, -92, 73, 43, 39, 92, 
-43, 234, 278, -95, -161, 256, 4, -92, 68, 39, 34, 87, 
-43, 224, 268, -90, -156, 246, 0, -97, 58, 34, 19, 78, 
-48, 214, 263, -82, -156, 239, 0, -97, 48, 34, 14, 73, 
-48, 209, 258, -80, -153, 234, -4, -102, 39, 29, 9, 63, 
-43, 200, 244, -78, -143, 222, -9, -107, 29, 24, 9, 53, 
-39, 209, 248, -85, -143, 229, 4, -97, 34, 29, 14, 63, 
-34, 214, 248, -90, -141, 231, 9, -92, 39, 34, 19, 73, 
-39, 224, 263, -92, -151, 244, 14, -92, 43, 39, 24, 82, 
-34, 239, 273, -102, -153, 256, 19, -97, 48, 43, 29, 92, 
-34, 229, 263, -97, -148, 246, 14, -87, 53, 39, 24, 87, 
-34, 224, 258, -95, -146, 241, 14, -92, 53, 34, 24, 87, 
-39, 224, 263, -92, -151, 244, 4, -92, 48, 29, 19, 82, 
-43, 214, 258, -85, -151, 236, 4, -92, 48, 29, 19, 82, 
-43, 214, 258, -85, -151, 236, 9, -92, 39, 34, 9, 73, 
-39, 219, 258, -90, -148, 239, 9, -92, 39, 34, 9, 73, 
-39, 224, 263, -92, -151, 244, 9, -92, 39, 34, 9, 73, 
-43, 224, 268, -90, -156, 246, 9, -92, 39, 34, 14, 73, 
-48, 219, 268, -85, -158, 244, 4, -102, 39, 24, 9, 63, 
-53, 214, 268, -80, -161, 241, 4, -102, 39, 24, 9, 63, 
-53, 204, 258, -75, -156, 231, 4, -102, 39, 14, 0, 63, 
-53, 200, 253, -73, -153, 226, 4, -102, 39, 14, 0, 63, 
-39, 209, 248, -85, -143, 229, 14, -92, 48, 24, 4, 73, 
-43, 214, 258, -85, -151, 236, 14, -87, 53, 24, 9, 73, 
-39, 224, 263, -92, -151, 244, 14, -87, 53, 24, 4, 73, 
-19, 229, 248, -104, -134, 239, 14, -92, 43, 24, 9, 73, 
-14, 219, 234, -102, -124, 226, 24, -97, 43, 29, 9, 78, 
-34, 214, 248, -90, -141, 231, 24, -97, 43, 34, 9, 78, 
-63, 214, 278, -75, -170, 246, 14, -97, 43, 34, 9, 78, 
-73, 214, 287, -70, -180, 251, 14, -97, 39, 39, 9, 82, 
-68, 224, 292, -78, -180, 258, 24, -92, 43, 39, 14, 82, 
-58, 229, 287, -85, -173, 258, 29, -87, 53, 39, 19, 87, 
-73, 229, 302, -78, -187, 265, 34, -82, 58, 43, 24, 87, 
-92, 224, 317, -65, -204, 270, 34, -73, 63, 43, 29, 82, 
-82, 209, 292, -63, -187, 251, 24, -78, 58, 34, 24, 73, 
-78, 204, 283, -63, -180, 244, 24, -82, 53, 34, 19, 73, 
-73, 195, 268, -61, -170, 231, 24, -87, 43, 24, 9, 73, 
-73, 190, 263, -58, -168, 226, 19, -102, 39, 19, 4, 68, 
-48, 204, 253, -78, -151, 229, 14, -112, 29, 19, -4, 58, 
-19, 224, 244, -102, -131, 234, 9, -107, 34, 24, 0, 58, 
-9, 234, 244, -112, -126, 239, 4, -107, 34, 24, 0, 63, 
4, 239, 234, -122, -114, 236, -4, -107, 34, 24, -4, 63, 
-29, 229, 258, -100, -143, 244, 4, -102, 34, 24, 4, 68, 
-34, 219, 253, -92, -143, 236, 4, -97, 34, 24, 4, 68, 
-43, 209, 253, -82, -148, 231, 4, -92, 34, 19, 0, 68, 
-58, 200, 258, -70, -158, 229, 4, -87, 34, 19, 0, 68, 
-82, 204, 287, -61, -185, 246, 14, -78, 39, 29, 9, 73, 
-87, 209, 297, -61, -192, 253, 24, -78, 43, 34, 19, 78, 
-87, 219, 307, -65, -197, 263, 29, -78, 48, 43, 24, 82, 
-73, 234, 307, -80, -190, 270, 34, -78, 53, 48, 24, 87, 
-4, 224, 229, -109, -117, 226, -4, -107, 29, 9, -4, 58, 
-29, 204, 234, -87, -131, 219, 0, -107, 29, 19, 0, 58, 
-58, 204, 263, -73, -161, 234, 0, -102, 29, 19, 19, 68, 
-48, 204, 253, -78, -151, 229, 0, -97, 19, 19, 9, 58, 
-48, 204, 253, -78, -151, 229, 9, -97, 29, 19, 9, 58, 
-48, 204, 253, -78, -151, 229, 9, -97, 29, 19, 9, 58, 
-48, 204, 253, -78, -151, 229, 9, -97, 29, 19, 9, 58, 
-48, 204, 253, -78, -151, 229, 9, -97, 29, 19, 9, 58, 
-53, 209, 263, -78, -158, 236, 0, -97, 24, 19, 14, 63, 
-43, 214, 258, -85, -151, 236, 0, -102, 24, 19, 9, 58, 
-48, 214, 263, -82, -156, 239, 0, -102, 24, 19, 4, 53, 
-53, 214, 268, -80, -161, 241, 0, -102, 24, 19, 4, 53, 
-48, 229, 278, -90, -163, 253, 9, -92, 34, 29, 9, 68, 
-48, 234, 283, -92, -165, 258, 4, -92, 34, 24, 9, 68, 
-43, 229, 273, -92, -158, 251, 4, -92, 34, 24, 9, 68, 
-39, 234, 273, -97, -156, 253, 0, -92, 34, 24, 9, 68, 
-48, 224, 273, -87, -161, 248, -9, -97, 29, 14, 14, 58, 
-58, 224, 283, -82, -170, 253, 0, -97, 39, 24, 14, 68, 
-48, 229, 278, -90, -163, 253, 0, -92, 39, 24, 14, 68, 
-43, 224, 268, -90, -156, 246, 0, -92, 43, 24, 19, 68, 
-48, 248, 297, -100, -173, 273, 9, -82, 58, 34, 34, 78, 
-53, 258, 312, -102, -183, 285, 24, -78, 73, 43, 39, 82, 
-48, 273, 322, -112, -185, 297, 39, -63, 87, 63, 58, 107, 
-43, 287, 331, -122, -187, 309, 34, -58, 92, 73, 63, 112, 
-48, 287, 336, -119, -192, 312, 24, -68, 87, 68, 63, 102, 
-48, 283, 331, -117, -190, 307, 29, -63, 92, 73, 68, 107, 
-53, 287, 341, -117, -197, 314, 29, -58, 102, 78, 68, 112, 
-58, 292, 351, -117, -204, 322, 29, -58, 102, 78, 68, 112, 
-68, 292, 361, -112, -214, 326, 34, -58, 112, 87, 68, 107, 
-68, 292, 361, -112, -214, 326, 34, -58, 117, 87, 68, 107, 
-73, 297, 370, -112, -222, 334, 34, -58, 122, 97, 78, 112, 
-73, 317, 390, -122, -231, 353, 34, -58, 131, 107, 87, 126, 
-82, 317, 400, -117, -241, 358, 39, -58, 141, 117, 92, 126, 
-78, 312, 390, -117, -234, 351, 29, -63, 141, 112, 92, 126, 
-78, 317, 395, -119, -236, 356, 14, -68, 141, 112, 92, 126, 
-102, 322, 424, -109, -263, 373, 4, -82, 141, 122, 92, 136, 
-92, 336, 429, -122, -261, 383, -14, -107, 141, 122, 112, 136, 
-73, 341, 414, -134, -244, 378, -24, -122, 122, 112, 102, 131, 
-53, 341, 395, -143, -224, 368, -48, -141, 117, 107, 102, 131, 
-63, 341, 405, -139, -234, 373, -63, -161, 117, 107, 102, 131, 
-53, 366, 419, -156, -236, 392, -82, -180, 112, 97, 102, 141, 
-34, 370, 405, -168, -219, 387, -82, -180, 97, 97, 102, 146, 
-34, 370, 405, -168, -219, 387, -82, -190, 92, 97, 97, 146, 
-58, 366, 424, -153, -241, 395, -82, -175, 87, 97, 92, 146, 
-58, 356, 414, -148, -236, 385, -97, -185, 82, 92, 82, 131, 
-34, 356, 390, -161, -212, 373, -97, -190, 82, 92, 87, 136, 
-19, 356, 375, -168, -197, 366, -97, -195, 78, 87, 87, 131, 
-9, 356, 366, -173, -187, 361, -102, -200, 68, 78, 82, 126, 
-4, 351, 356, -173, -180, 353, -87, -185, 68, 92, 92, 131, 
-14, 341, 356, -163, -185, 348, -78, -170, 73, 97, 97, 136, 
-34, 326, 361, -146, -197, 344, -68, -151, 78, 97, 102, 136, 
-43, 317, 361, -136, -202, 339, -53, -131, 73, 102, 107, 141, 
-24, 322, 346, -148, -185, 334, -48, -126, 82, 107, 97, 146, 
-19, 307, 326, -143, -173, 317, -43, -122, 78, 97, 82, 141, 
-24, 287, 312, -131, -168, 300, -39, -122, 68, 102, 82, 136, 
-24, 278, 302, -126, -163, 290, -34, -117, 58, 102, 82, 136, 
-39, 287, 326, -124, -183, 307, -24, -102, 58, 97, 87, 146, 
-48, 268, 317, -109, -183, 292, -19, -97, 58, 87, 73, 141, 
-48, 268, 317, -109, -183, 292, -19, -97, 53, 78, 68, 131, 
-58, 263, 322, -102, -190, 292, -9, -97, 48, 63, 63, 126, 
-82, 234, 317, -75, -200, 275, -19, -102, 39, 48, 48, 107, 
-87, 224, 312, -68, -200, 268, -19, -107, 34, 43, 34, 97, 
-87, 209, 297, -61, -192, 253, -14, -112, 24, 34, 29, 82, 
-87, 204, 292, -58, -190, 248, -9, -117, 19, 34, 24, 78, 
-92, 200, 292, -53, -192, 246, -14, -117, 14, 29, 19, 73, 
-102, 190, 292, -43, -197, 241, -14, -117, 14, 29, 19, 68, 
-87, 195, 283, -53, -185, 239, -19, -117, 14, 24, 14, 68, 
-82, 204, 287, -61, -185, 246, -19, -117, 14, 24, 9, 63, 
-87, 200, 287, -56, -187, 244, -14, -112, 14, 24, 19, 68, 
-87, 190, 278, -51, -183, 234, -4, -107, 9, 14, 14, 68, 
-82, 185, 268, -51, -175, 226, 0, -107, 9, 14, 14, 68, 
-82, 175, 258, -46, -170, 217, 0, -102, 9, 14, 14, 63, 
-102, 175, 278, -36, -190, 226, 4, -97, 4, 29, 14, 73, 
-122, 175, 297, -26, -209, 236, 9, -92, 19, 39, 14, 73, 
-131, 175, 307, -21, -219, 241, 14, -82, 24, 43, 14, 73, 
-136, 180, 317, -21, -226, 248, 24, -78, 24, 48, 14, 73, 
-131, 180, 312, -24, -222, 246, 19, -87, 14, 43, 14, 63, 
-126, 180, 307, -26, -217, 244, 19, -87, 14, 34, 14, 63, 
-112, 180, 292, -34, -202, 236, 19, -82, 14, 29, 14, 63, 
-122, 185, 307, -31, -214, 246, 19, -73, 24, 24, 14, 63, 
-126, 185, 312, -29, -219, 248, 24, -73, 34, 29, 24, 73, 
-141, 185, 326, -21, -234, 256, 24, -73, 29, 34, 24, 73, 
-146, 185, 331, -19, -239, 258, 29, -73, 29, 39, 24, 73, 
-151, 185, 336, -17, -244, 261, 34, -68, 29, 43, 24, 73, 
-146, 185, 331, -19, -239, 258, 24, -78, 24, 48, 24, 63, 
-141, 185, 326, -21, -234, 256, 24, -78, 24, 48, 24, 68, 
-146, 185, 331, -19, -239, 258, 34, -68, 29, 48, 24, 68, 
-151, 185, 336, -17, -244, 261, 34, -68, 29, 48, 29, 68, 
-180, 136, 317, 21, -248, 226, 24, -87, 9, 19, 9, 58, 
-175, 136, 312, 19, -244, 224, 29, -68, 9, 19, 14, 63, 
-165, 165, 331, 0, -248, 248, 48, -39, 43, 39, 39, 63, 
-161, 224, 385, -31, -273, 305, 78, -24, 87, 53, 39, 78, 
-190, 248, 439, -29, -314, 344, 102, -4, 122, 53, 29, 58, 
-248, 219, 468, 14, -358, 344, 126, 39, 156, 53, 9, 34, 
-278, 224, 502, 26, -390, 363, 156, 68, 195, 63, 0, 14, 
-239, 253, 492, -7, -366, 373, 156, 78, 224, 78, 14, 24, 
-209, 273, 483, -31, -346, 378, 175, 117, 244, 126, 53, 63, 
-195, 258, 453, -31, -324, 356, 190, 151, 263, 175, 107, 107, 
-151, 258, 409, -53, -280, 334, 190, 195, 273, 239, 161, 151, 
-97, 263, 361, -82, -229, 312, 195, 239, 287, 331, 263, 244, 
4, 283, 278, -143, -136, 280, 161, 248, 292, 448, 380, 361, 
156, 317, 161, -236, -2, 239, 97, 209, 307, 605, 527, 502, 
341, 395, 53, -368, 143, 224, 24, 161, 351, 819, 712, 692, 
546, 502, -43, -524, 295, 229, -92, 43, 341, 1054, 936, 936, 
790, 619, -170, -705, 480, 224, -268, -136, 263, 1268, 1146, 1180, 
1029, 727, -302, -878, 666, 212, -463, -351, 122, 1459, 1342, 1405, 
1249, 834, -414, -1041, 832, 209, -692, -580, -58, 1595, 1512, 1610, 
1410, 893, -517, -1151, 963, 187, -888, -780, -268, 1649, 1605, 1751, 
1493, 888, -605, -1190, 1049, 141, -1005, -878, -453, 1561, 1542, 1747, 
1464, 810, -653, -1137, 1058, 78, -1005, -888, -580, 1254, 1273, 1546, 
1288, 653, -634, -971, 961, 9, -902, -810, -688, 810, 858, 1200, 
1029, 468, -561, -749, 795, -46, -761, -688, -761, 439, 483, 868, 
736, 375, -361, -556, 549, 7, -663, -649, -800, 214, 292, 663, 
478, 370, -107, -424, 292, 131, -644, -736, -839, 39, 180, 546, 
346, 356, 9, -351, 168, 183, -639, -824, -868, -126, 82, 448, 
278, 326, 48, -302, 114, 187, -610, -824, -844, -224, -4, 346, 
180, 268, 87, -224, 46, 178, -546, -766, -771, -297, -87, 229, 
87, 185, 97, -136, -4, 141, -488, -678, -688, -302, -126, 151, 
43, 165, 122, -104, -39, 143, -419, -575, -570, -239, -102, 141, 
24, 185, 161, -104, -68, 173, -361, -473, -444, -156, -53, 151, 
-4, 190, 195, -92, -100, 192, -278, -336, -302, -73, -19, 161, 
14, 209, 195, -112, -90, 202, -175, -200, -170, 9, 24, 180, 
29, 244, 214, -136, -92, 229, -97, -126, -73, 78, 58, 200, 
14, 253, 239, -134, -112, 246, -48, -87, -9, 117, 78, 190, 
0, 234, 234, -117, -117, 234, -24, -53, 14, 136, 78, 185, 
-24, 224, 248, -100, -136, 236, 9, -29, 43, 146, 78, 185, 
-43, 214, 258, -85, -151, 236, 29, -19, 53, 146, 68, 185, 
-29, 224, 253, -97, -141, 239, 34, -19, 48, 126, 63, 165, 
-58, 224, 283, -82, -170, 253, 43, -9, 63, 131, 58, 161, 
-117, 224, 341, -53, -229, 283, 63, 4, 82, 136, 53, 161, 
-122, 234, 356, -56, -239, 295, 53, 9, 82, 126, 43, 141, 
-122, 234, 356, -56, -239, 295, 53, 9, 87, 122, 39, 136, 
-117, 229, 346, -56, -231, 287, 58, 14, 92, 117, 43, 136, 
-107, 229, 336, -61, -222, 283, 63, 24, 97, 117, 43, 131, 
-68, 219, 287, -75, -178, 253, 63, 19, 102, 102, 34, 117, 
-58, 214, 273, -78, -165, 244, 63, 14, 102, 97, 24, 112, 
-43, 204, 248, -80, -146, 226, 58, 9, 97, 87, 14, 97, 
-19, 204, 224, -92, -122, 214, 43, -4, 97, 68, 0, 87, 
-34, 209, 244, -87, -139, 226, 58, 9, 112, 82, 9, 97, 
-48, 219, 268, -85, -158, 244, 58, 14, 112, 92, 14, 97, 
-73, 219, 292, -73, -183, 256, 63, 9, 112, 97, 19, 102, 
-92, 219, 312, -63, -202, 265, 63, 14, 112, 107, 24, 112, 
-107, 214, 322, -53, -214, 268, 73, 24, 126, 117, 24, 117, 
-112, 209, 322, -48, -217, 265, 78, 29, 131, 122, 34, 126, 
-122, 200, 322, -39, -222, 261, 82, 39, 136, 122, 34, 126, 
-136, 195, 331, -29, -234, 263, 82, 48, 151, 122, 39, 126, 
-131, 204, 336, -36, -234, 270, 78, 43, 136, 122, 48, 122, 
-131, 204, 336, -36, -234, 270, 78, 43, 146, 122, 39, 122, 
-126, 214, 341, -43, -234, 278, 78, 43, 146, 122, 39, 122, 
-126, 214, 341, -43, -234, 278, 73, 43, 141, 122, 43, 122, 
-102, 204, 307, -51, -204, 256, 58, 34, 122, 117, 39, 107, 
-78, 209, 287, -65, -183, 248, 53, 29, 122, 117, 34, 102, 
-53, 219, 273, -82, -163, 246, 48, 24, 122, 112, 29, 102, 
-53, 204, 258, -75, -156, 231, 43, 19, 122, 107, 24, 97, 
-68, 204, 273, -68, -170, 239, 53, 19, 131, 117, 34, 102, 
-68, 209, 278, -70, -173, 244, 53, 24, 136, 122, 34, 107, 
-68, 219, 287, -75, -178, 253, 53, 29, 136, 126, 34, 112, 
-73, 224, 297, -75, -185, 261, 53, 29, 141, 136, 34, 117, 
-58, 219, 278, -80, -168, 248, 63, 29, 136, 136, 34, 117, 
-58, 219, 278, -80, -168, 248, 63, 29, 141, 136, 39, 117, 
-53, 219, 273, -82, -163, 246, 63, 29, 141, 141, 39, 117, 
-48, 219, 268, -85, -158, 244, 63, 29, 141, 141, 39, 117, 
-29, 239, 268, -104, -148, 253, 58, 29, 141, 146, 39, 117, 
-14, 239, 253, -112, -134, 246, 53, 34, 141, 141, 48, 117, 
4, 239, 234, -122, -114, 236, 53, 39, 151, 146, 53, 117, 
14, 248, 234, -131, -109, 241, 48, 39, 151, 146, 53, 122, 
-4, 248, 253, -122, -129, 251, 53, 48, 165, 161, 58, 117, 
-9, 248, 258, -119, -134, 253, 58, 48, 165, 165, 63, 122, 
-9, 248, 258, -119, -134, 253, 63, 53, 170, 175, 68, 126, 
-9, 248, 258, -119, -134, 253, 68, 53, 175, 180, 73, 131, 
-14, 244, 258, -114, -136, 251, 78, 58, 180, 180, 82, 131, 
-24, 248, 273, -112, -148, 261, 78, 58, 180, 190, 87, 136, 
-24, 253, 278, -114, -151, 265, 78, 68, 180, 195, 92, 146, 
-58, 253, 312, -97, -185, 283, 78, 73, 185, 200, 97, 146, 
-63, 248, 312, -92, -187, 280, 68, 68, 190, 204, 87, 146, 
-58, 248, 307, -95, -183, 278, 68, 68, 190, 204, 87, 146, 
-58, 248, 307, -95, -183, 278, 68, 68, 190, 204, 87, 146, 
-63, 248, 312, -92, -187, 280, 68, 68, 190, 214, 87, 146, 
-39, 253, 292, -107, -165, 273, 68, 58, 190, 214, 92, 141, 
-9, 263, 273, -126, -141, 268, 68, 58, 190, 214, 97, 141, 
14, 278, 263, -146, -124, 270, 63, 58, 195, 214, 102, 141, 
34, 287, 253, -161, -109, 270, 63, 63, 204, 224, 117, 151, 
34, 287, 253, -161, -109, 270, 63, 63, 204, 229, 112, 156, 
14, 283, 268, -148, -126, 275, 63, 73, 209, 234, 122, 156, 
0, 278, 278, -139, -139, 278, 68, 78, 209, 244, 126, 165, 
-9, 278, 287, -134, -148, 283, 68, 82, 219, 253, 136, 170, 
4, 268, 263, -136, -129, 265, 58, 87, 214, 263, 136, 170, 
0, 258, 258, -129, -129, 258, 58, 87, 214, 263, 131, 175, 
19, 268, 248, -143, -114, 258, 53, 87, 219, 268, 131, 180, 
39, 273, 234, -156, -97, 253, 53, 87, 219, 268, 126, 180, 
24, 283, 258, -153, -117, 270, 58, 92, 234, 278, 131, 185, 
14, 287, 273, -151, -129, 280, 63, 102, 239, 292, 141, 190, 
14, 292, 278, -153, -131, 285, 63, 112, 239, 297, 161, 204, 
19, 302, 283, -161, -131, 292, 68, 117, 244, 312, 175, 214, 
24, 312, 287, -168, -131, 300, 58, 112, 248, 312, 170, 209, 
29, 312, 283, -170, -126, 297, 58, 117, 248, 322, 175, 214, 
39, 312, 273, -175, -117, 292, 58, 117, 253, 322, 180, 219, 
58, 317, 258, -187, -100, 287, 58, 122, 258, 331, 190, 224, 
58, 322, 263, -190, -102, 292, 48, 117, 253, 336, 185, 219, 
48, 322, 273, -185, -112, 297, 53, 122, 263, 346, 195, 229, 
58, 322, 263, -190, -102, 292, 53, 122, 268, 356, 204, 239, 
68, 322, 253, -195, -92, 287, 39, 122, 268, 361, 204, 239, 
92, 326, 234, -209, -70, 280, 29, 117, 258, 366, 219, 239, 
97, 331, 234, -214, -68, 283, 29, 122, 263, 375, 224, 244, 
112, 336, 224, -224, -56, 280, 24, 122, 268, 380, 234, 253, 
126, 341, 214, -234, -43, 278, 24, 122, 273, 395, 244, 263, 
131, 346, 214, -239, -41, 280, 24, 131, 283, 405, 253, 278, 
136, 351, 214, -244, -39, 283, 29, 126, 287, 409, 253, 283, 
146, 366, 219, -256, -36, 292, 34, 126, 292, 429, 268, 297, 
146, 375, 229, -261, -41, 302, 29, 126, 302, 439, 273, 307, 
136, 361, 224, -248, -43, 292, 19, 117, 297, 444, 278, 307, 
141, 361, 219, -251, -39, 290, 14, 117, 297, 448, 278, 317, 
146, 356, 209, -251, -31, 283, 4, 117, 292, 444, 287, 312, 
156, 361, 204, -258, -24, 283, -4, 107, 287, 448, 287, 307, 
180, 385, 204, -283, -12, 295, 0, 107, 292, 453, 292, 317, 
185, 405, 219, -295, -17, 312, 0, 107, 297, 463, 307, 336, 
180, 414, 234, -297, -26, 324, 0, 107, 302, 473, 317, 341, 
185, 424, 239, -305, -26, 331, 0, 102, 307, 478, 322, 346, 
190, 429, 239, -309, -24, 334, -19, 97, 297, 473, 322, 346, 
204, 424, 219, -314, -7, 322, -19, 92, 297, 473, 317, 351, 
209, 419, 209, -314, 0, 314, -24, 87, 297, 473, 317, 351, 
219, 424, 204, -322, 7, 314, -24, 87, 302, 478, 317, 356, 
224, 419, 195, -322, 14, 307, -24, 73, 292, 473, 317, 356, 
224, 419, 195, -322, 14, 307, -34, 68, 287, 473, 317, 356, 
219, 419, 200, -319, 9, 309, -43, 58, 283, 468, 317, 351, 
204, 414, 209, -309, -2, 312, -43, 48, 278, 463, 312, 351, 
180, 405, 224, -292, -21, 314, -43, 58, 283, 463, 312, 366, 
165, 405, 239, -285, -36, 322, -39, 53, 283, 468, 312, 375, 
161, 405, 244, -283, -41, 324, -39, 48, 273, 473, 312, 366, 
146, 405, 258, -275, -56, 331, -39, 43, 273, 468, 312, 356, 
151, 419, 268, -285, -58, 344, -29, 39, 273, 463, 317, 366, 
161, 424, 263, -292, -51, 344, -34, 29, 268, 448, 302, 356, 
170, 429, 258, -300, -43, 344, -39, 19, 253, 434, 297, 346, 
170, 419, 248, -295, -39, 334, -39, 14, 244, 414, 287, 336, 
151, 409, 258, -280, -53, 334, -43, 14, 248, 409, 287, 322, 
136, 400, 263, -268, -63, 331, -43, 0, 244, 395, 268, 312, 
126, 385, 258, -256, -65, 322, -48, -9, 229, 375, 248, 297, 
112, 375, 263, -244, -75, 319, -48, -19, 219, 361, 234, 287, 
87, 375, 287, -231, -100, 331, -34, -19, 200, 346, 219, 278, 
78, 361, 283, -219, -102, 322, -34, -29, 195, 331, 214, 268, 
78, 361, 283, -219, -102, 322, -34, -34, 185, 317, 200, 263, 
73, 356, 283, -214, -104, 319, -29, -39, 185, 307, 195, 248, 
63, 341, 278, -202, -107, 309, -39, -39, 170, 287, 190, 244, 
58, 336, 278, -197, -109, 307, -39, -48, 165, 273, 180, 229, 
63, 336, 273, -200, -104, 305, -39, -53, 151, 258, 170, 219, 
68, 326, 258, -197, -95, 292, -39, -63, 141, 239, 151, 204, 
48, 312, 263, -180, -107, 287, -48, -78, 122, 229, 136, 185, 
29, 297, 268, -163, -119, 283, -48, -82, 117, 214, 122, 175, 
24, 287, 263, -156, -119, 275, -48, -87, 107, 204, 117, 175, 
19, 278, 258, -148, -119, 268, -53, -92, 102, 190, 112, 165, 
19, 273, 253, -146, -117, 263, -53, -92, 97, 180, 112, 165, 
14, 278, 263, -146, -124, 270, -43, -92, 92, 175, 107, 161, 
19, 283, 263, -151, -122, 273, -43, -97, 92, 165, 102, 156, 
24, 287, 263, -156, -119, 275, -43, -102, 82, 165, 92, 146, 
4, 268, 263, -136, -129, 265, -43, -97, 82, 161, 82, 151, 
-4, 268, 273, -131, -139, 270, -39, -97, 82, 151, 78, 146, 
-24, 268, 292, -122, -158, 280, -29, -92, 82, 146, 78, 141, 
-43, 268, 312, -112, -178, 290, -24, -87, 87, 141, 73, 141, 
-58, 263, 322, -102, -190, 292, -24, -78, 87, 141, 68, 146, 
-63, 258, 322, -97, -192, 290, -24, -78, 82, 141, 68, 146, 
-68, 253, 322, -92, -195, 287, -19, -82, 78, 136, 58, 136, 
-73, 253, 326, -90, -200, 290, -19, -82, 78, 126, 58, 131, 
-68, 248, 317, -90, -192, 283, -24, -87, 68, 122, 58, 117, 
-73, 244, 317, -85, -195, 280, -24, -92, 68, 117, 53, 117, 
-92, 234, 326, -70, -209, 280, -19, -97, 58, 112, 48, 117, 
-78, 229, 307, -75, -192, 268, -19, -107, 58, 102, 48, 112, 
-53, 239, 292, -92, -173, 265, -19, -97, 58, 102, 39, 112, 
-43, 244, 287, -100, -165, 265, -19, -97, 58, 102, 39, 112, 
-39, 248, 287, -104, -163, 268, -19, -97, 58, 102, 39, 112, 
-39, 248, 287, -104, -163, 268, -19, -97, 58, 97, 34, 107, 
-48, 224, 273, -87, -161, 248, -24, -107, 53, 87, 29, 102, 
-63, 224, 287, -80, -175, 256, -19, -112, 53, 87, 29, 97, 
-63, 224, 287, -80, -175, 256, -24, -117, 48, 87, 29, 102, 
-68, 224, 292, -78, -180, 258, -29, -122, 39, 87, 24, 97, 
-92, 229, 322, -68, -207, 275, -29, -112, 48, 92, 34, 107, 
-97, 234, 331, -68, -214, 283, -24, -102, 53, 102, 39, 112, 
-87, 248, 336, -80, -212, 292, -19, -92, 58, 107, 43, 117, 
-87, 253, 341, -82, -214, 297, -14, -82, 63, 107, 48, 122, 
-102, 248, 351, -73, -226, 300, -9, -82, 68, 107, 43, 122, 
-102, 244, 346, -70, -224, 295, -9, -82, 68, 107, 39, 122, 
-112, 244, 356, -65, -234, 300, -9, -78, 68, 107, 39, 126, 
-122, 239, 361, -58, -241, 300, -9, -78, 68, 107, 39, 126, 
-92, 244, 336, -75, -214, 290, -14, -92, 63, 97, 34, 122, 
-82, 248, 331, -82, -207, 290, -19, -92, 58, 92, 29, 117, 
-63, 248, 312, -92, -187, 280, -24, -97, 53, 87, 24, 112, 
-43, 253, 297, -104, -170, 275, -29, -102, 53, 82, 24, 112, 
-58, 263, 322, -102, -190, 292, -19, -92, 63, 87, 34, 122, 
-58, 263, 322, -102, -190, 292, -19, -92, 63, 92, 34, 122, 
-53, 263, 317, -104, -185, 290, -24, -102, 53, 92, 29, 112, 
-43, 263, 307, -109, -175, 285, -24, -102, 53, 92, 29, 112, 
-58, 253, 312, -97, -185, 283, -29, -112, 43, 87, 24, 102, 
-63, 248, 312, -92, -187, 280, -34, -112, 43, 82, 19, 102, 
-68, 239, 307, -85, -187, 273, -34, -107, 48, 82, 14, 107, 
-87, 229, 317, -70, -202, 273, -39, -107, 48, 78, 9, 107, 
-92, 244, 336, -75, -214, 290, -29, -97, 53, 82, 19, 117, 
-73, 248, 322, -87, -197, 285, -29, -97, 53, 87, 19, 117, 
-68, 258, 326, -95, -197, 292, -29, -97, 58, 92, 19, 112, 
-63, 268, 331, -102, -197, 300, -34, -97, 63, 97, 19, 112, 
-58, 268, 326, -104, -192, 297, -24, -97, 68, 97, 19, 117, 
-63, 268, 331, -102, -197, 300, -24, -92, 68, 97, 19, 117, 
-78, 268, 346, -95, -212, 307, -19, -92, 73, 102, 24, 117, 
-82, 263, 346, -90, -214, 305, -19, -92, 73, 112, 24, 117, 
-92, 253, 346, -80, -219, 300, -19, -97, 73, 102, 34, 126, 
-102, 248, 351, -73, -226, 300, -19, -97, 73, 102, 34, 126, 
-102, 258, 361, -78, -231, 309, -19, -92, 73, 107, 39, 136, 
-97, 253, 351, -78, -224, 302, -19, -92, 73, 112, 43, 136, 
-102, 253, 356, -75, -229, 305, -19, -82, 73, 122, 43, 126, 
-107, 253, 361, -73, -234, 307, -19, -82, 73, 122, 43, 126, 
-102, 258, 361, -78, -231, 309, -19, -82, 78, 117, 43, 126, 
-92, 263, 356, -85, -224, 309, -24, -82, 78, 117, 43, 126, 
-73, 268, 341, -97, -207, 305, -34, -87, 73, 107, 39, 117, 
-63, 268, 331, -102, -197, 300, -29, -92, 68, 112, 34, 117, 
-53, 268, 322, -107, -187, 295, -29, -97, 63, 112, 29, 117, 
-43, 268, 312, -112, -178, 290, -29, -102, 58, 112, 24, 117, 
-63, 263, 326, -100, -195, 295, -29, -92, 68, 112, 34, 126, 
-68, 263, 331, -97, -200, 297, -29, -92, 68, 117, 39, 126, 
-73, 258, 331, -92, -202, 295, -29, -92, 68, 117, 39, 126, 
-92, 253, 346, -80, -219, 300, -29, -92, 68, 117, 39, 126, 
-97, 244, 341, -73, -219, 292, -29, -92, 68, 117, 39, 126, 
-97, 244, 341, -73, -219, 292, -34, -97, 68, 117, 39, 126, 
-97, 244, 341, -73, -219, 292, -34, -97, 68, 117, 39, 126, 
-82, 248, 331, -82, -207, 290, -34, -97, 68, 117, 39, 131, 
-68, 273, 341, -102, -204, 307, -29, -97, 68, 122, 43, 131, 
-78, 268, 346, -95, -212, 307, -34, -97, 68, 117, 43, 126, 
-78, 268, 346, -95, -212, 307, -34, -97, 63, 117, 43, 126, 
-73, 273, 346, -100, -209, 309, -29, -97, 63, 122, 43, 126, 
-73, 268, 341, -97, -207, 305, -39, -97, 63, 112, 43, 117, 
-78, 268, 346, -95, -212, 307, -34, -92, 63, 122, 43, 122, 
-78, 268, 346, -95, -212, 307, -34, -92, 68, 122, 48, 126, 
-82, 268, 351, -92, -217, 309, -34, -92, 68, 117, 48, 126, 
-82, 263, 346, -90, -214, 305, -34, -92, 68, 122, 58, 122, 
-82, 263, 346, -90, -214, 305, -34, -92, 68, 117, 53, 126, 
-73, 273, 346, -100, -209, 309, -29, -97, 73, 131, 53, 136, 
-68, 283, 351, -107, -209, 317, -29, -97, 73, 136, 53, 141, 
-58, 283, 341, -112, -200, 312, -29, -87, 73, 136, 53, 141, 
-58, 283, 341, -112, -200, 312, -29, -87, 73, 136, 53, 141, 
-58, 283, 341, -112, -200, 312, -29, -87, 73, 136, 63, 141, 
-58, 283, 341, -112, -200, 312, -29, -82, 73, 136, 63, 141, 
-78, 268, 346, -95, -212, 307, -29, -92, 63, 136, 58, 131, 
-92, 258, 351, -82, -222, 305, -29, -97, 63, 136, 58, 131, 
-102, 248, 351, -73, -226, 300, -29, -102, 63, 131, 58, 131, 
-112, 244, 356, -65, -234, 300, -34, -102, 58, 126, 53, 126, 
-102, 253, 356, -75, -229, 305, -34, -92, 68, 126, 53, 126, 
-107, 253, 361, -73, -234, 307, -29, -87, 68, 131, 53, 131, 
-107, 258, 366, -75, -236, 312, -29, -87, 68, 131, 53, 131, 
-102, 258, 361, -78, -231, 309, -29, -87, 68, 131, 58, 131, 
-82, 263, 346, -90, -214, 305, -29, -97, 58, 122, 58, 122, 
-73, 263, 336, -95, -204, 300, -29, -92, 58, 122, 58, 122, 
-73, 268, 341, -97, -207, 305, -29, -92, 58, 122, 58, 122, 
-63, 278, 341, -107, -202, 309, -29, -97, 58, 122, 58, 122, 
-78, 258, 336, -90, -207, 297, -24, -87, 53, 117, 53, 117, 
-92, 244, 336, -75, -214, 290, -24, -92, 53, 112, 53, 117, 
-112, 234, 346, -61, -229, 290, -34, -92, 48, 107, 48, 112, 
-131, 214, 346, -41, -239, 280, -34, -92, 48, 107, 48, 112, 
-117, 234, 351, -58, -234, 292, -34, -97, 48, 112, 48, 122, 
-97, 248, 346, -75, -222, 297, -39, -102, 48, 112, 48, 122, 
-82, 263, 346, -90, -214, 305, -43, -107, 48, 112, 48, 122, 
-73, 273, 346, -100, -209, 309, -48, -112, 48, 112, 53, 122, 
-82, 268, 351, -92, -217, 309, -34, -102, 48, 122, 58, 122, 
-92, 263, 356, -85, -224, 309, -34, -102, 48, 122, 58, 122, 
-97, 253, 351, -78, -224, 302, -34, -102, 48, 112, 48, 122, 
-102, 248, 351, -73, -226, 300, -34, -102, 48, 112, 48, 122, 
-97, 248, 346, -75, -222, 297, -34, -112, 48, 112, 58, 122, 
-102, 253, 356, -75, -229, 305, -34, -107, 53, 112, 58, 122, 
-97, 263, 361, -82, -229, 312, -34, -107, 53, 112, 48, 122, 
-78, 268, 346, -95, -212, 307, -34, -112, 43, 112, 48, 122, 
-68, 278, 346, -104, -207, 312, -24, -107, 48, 117, 53, 126, 
-82, 273, 356, -95, -219, 314, -24, -107, 53, 122, 58, 126, 
-107, 273, 380, -82, -244, 326, -34, -107, 58, 122, 63, 126, 
-112, 273, 385, -80, -248, 329, -34, -107, 58, 126, 68, 131, 
-97, 263, 361, -82, -229, 312, -43, -107, 53, 122, 58, 126, 
-78, 268, 346, -95, -212, 307, -39, -107, 53, 117, 58, 126, 
-82, 268, 351, -92, -217, 309, -34, -107, 48, 117, 58, 122, 
-92, 263, 356, -85, -224, 309, -34, -102, 43, 112, 58, 112, 
-107, 258, 366, -75, -236, 312, -34, -102, 43, 122, 68, 122, 
-107, 253, 361, -73, -234, 307, -34, -102, 43, 122, 68, 122, 
-107, 244, 351, -68, -229, 297, -34, -102, 39, 112, 63, 122, 
-112, 239, 351, -63, -231, 295, -39, -112, 39, 107, 63, 117, 
-97, 234, 331, -68, -214, 283, -39, -122, 39, 97, 53, 107, 
-87, 244, 331, -78, -209, 287, -39, -117, 43, 102, 58, 107, 
-97, 244, 341, -73, -219, 292, -39, -117, 43, 102, 58, 112, 
-102, 239, 341, -68, -222, 290, -43, -117, 43, 102, 53, 112, 
-107, 244, 351, -68, -229, 297, -53, -126, 43, 102, 53, 107, 
-92, 248, 341, -78, -217, 295, -53, -126, 43, 102, 53, 107, 
-82, 253, 336, -85, -209, 295, -53, -126, 43, 97, 48, 107, 
-78, 258, 336, -90, -207, 297, -53, -126, 43, 97, 48, 107, 
-87, 248, 336, -80, -212, 292, -58, -117, 43, 102, 53, 107, 
-87, 248, 336, -80, -212, 292, -53, -117, 43, 102, 58, 107, 
-82, 253, 336, -85, -209, 295, -53, -117, 43, 107, 58, 107, 
-63, 263, 326, -100, -195, 295, -53, -117, 43, 107, 53, 107, 
-161, 214, 375, -26, -268, 295, -43, -117, 39, 97, 53, 107, 
-156, 244, 400, -43, -278, 322, -39, -97, 48, 107, 58, 117, 
-87, 283, 370, -97, -229, 326, -39, -92, 48, 117, 68, 117, 
-48, 302, 351, -126, -200, 326, -48, -97, 48, 117, 68, 126, 
-63, 287, 351, -112, -207, 319, -39, -107, 48, 107, 58, 117, 
-68, 283, 351, -107, -209, 317, -39, -107, 48, 107, 58, 117, 
-73, 278, 351, -102, -212, 314, -39, -107, 48, 107, 58, 117, 
-78, 273, 351, -97, -214, 312, -39, -107, 48, 107, 58, 117, 
-82, 278, 361, -97, -222, 319, -43, -112, 34, 97, 53, 112, 
-73, 273, 346, -100, -209, 309, -48, -122, 34, 97, 48, 107, 
-78, 263, 341, -92, -209, 302, -53, -126, 34, 97, 43, 102, 
-82, 253, 336, -85, -209, 295, -58, -131, 34, 97, 43, 102, 
-78, 263, 341, -92, -209, 302, -58, -131, 24, 97, 39, 107, 
-78, 263, 341, -92, -209, 302, -63, -131, 24, 92, 39, 107, 
-73, 253, 326, -90, -200, 290, -63, -131, 24, 92, 39, 107, 
-68, 253, 322, -92, -195, 287, -68, -131, 24, 92, 39, 107, 
-87, 258, 346, -85, -217, 302, -58, -117, 39, 102, 48, 117, 
-97, 263, 361, -82, -229, 312, -48, -117, 48, 112, 53, 126, 
-87, 273, 361, -92, -224, 317, -48, -112, 48, 112, 58, 126, 
-82, 273, 356, -95, -219, 314, -48, -112, 53, 112, 68, 126, 
-82, 268, 351, -92, -217, 309, -58, -112, 43, 102, 58, 107, 
-82, 268, 351, -92, -217, 309, -53, -117, 53, 102, 48, 102, 
-73, 273, 346, -100, -209, 309, -48, -112, 63, 112, 53, 117, 
-63, 278, 341, -107, -202, 309, -63, -117, 63, 112, 43, 112, 
-82, 292, 375, -104, -229, 334, -48, -102, 78, 122, 58, 122, 
-87, 292, 380, -102, -234, 336, -39, -92, 82, 131, 68, 126, 
-97, 302, 400, -102, -248, 351, -34, -82, 92, 141, 73, 131, 
-107, 312, 419, -102, -263, 366, -29, -78, 92, 146, 78, 131, 
-82, 326, 409, -122, -246, 368, -39, -82, 82, 141, 73, 136, 
-58, 331, 390, -136, -224, 361, -43, -87, 87, 136, 68, 136, 
-39, 341, 380, -151, -209, 361, -48, -92, 92, 141, 73, 141, 
-14, 366, 380, -175, -197, 373, -53, -97, 102, 146, 78, 156, 
-24, 361, 385, -168, -204, 373, -58, -102, 102, 146, 73, 151, 
-19, 351, 370, -165, -195, 361, -68, -112, 102, 141, 73, 146, 
-19, 351, 370, -165, -195, 361, -82, -122, 102, 141, 73, 141, 
-43, 351, 395, -153, -219, 373, -92, -141, 102, 151, 73, 146, 
-39, 370, 409, -165, -224, 390, -102, -165, 112, 156, 92, 151, 
-14, 390, 405, -187, -209, 397, -112, -180, 92, 151, 82, 151, 
9, 405, 395, -207, -192, 400, -136, -200, 87, 151, 82, 156, 
4, 419, 414, -212, -204, 417, -151, -219, 87, 156, 82, 161, 
0, 419, 419, -209, -209, 419, -151, -219, 87, 156, 87, 170, 
14, 419, 405, -217, -195, 412, -151, -219, 78, 156, 92, 175, 
9, 414, 405, -212, -197, 409, -151, -229, 78, 156, 92, 175, 
-19, 405, 424, -192, -222, 414, -151, -214, 78, 156, 92, 175, 
-34, 395, 429, -180, -231, 412, -141, -214, 87, 156, 102, 165, 
-24, 395, 419, -185, -222, 407, -136, -209, 92, 161, 107, 175, 
-24, 395, 419, -185, -222, 407, -131, -204, 92, 161, 107, 175, 
-29, 395, 424, -183, -226, 409, -131, -200, 87, 156, 102, 175, 
-9, 385, 395, -187, -202, 390, -136, -204, 63, 146, 87, 175, 
-4, 380, 385, -187, -195, 383, -136, -200, 63, 146, 87, 175, 
-9, 370, 380, -180, -195, 375, -136, -190, 63, 141, 87, 170, 
-4, 366, 370, -180, -187, 368, -131, -180, 53, 141, 87, 170, 
9, 356, 346, -183, -168, 351, -126, -165, 43, 141, 78, 165, 
19, 336, 317, -178, -148, 326, -122, -161, 39, 126, 63, 151, 
19, 312, 292, -165, -136, 302, -117, -161, 29, 126, 63, 136, 
24, 297, 273, -161, -124, 285, -112, -156, 19, 122, 63, 126, 
0, 287, 287, -143, -143, 287, -112, -156, 19, 112, 48, 126, 
-19, 268, 287, -124, -153, 278, -107, -156, 19, 107, 34, 122, 
-29, 268, 297, -119, -163, 283, -107, -161, 14, 102, 29, 112, 
-48, 263, 312, -107, -180, 287, -97, -165, 9, 92, 24, 107, 
-63, 253, 317, -95, -190, 285, -87, -161, 14, 87, 24, 112, 
-68, 253, 322, -92, -195, 287, -87, -156, 14, 82, 14, 107, 
-68, 248, 317, -90, -192, 283, -82, -151, 9, 73, 14, 97, 
-68, 253, 322, -92, -195, 287, -78, -146, 9, 73, 14, 97, 
-92, 229, 322, -68, -207, 275, -63, -126, 4, 73, 9, 92, 
-112, 209, 322, -48, -217, 265, -63, -126, 4, 78, 9, 87, 
-107, 204, 312, -48, -209, 258, -68, -126, 4, 78, 4, 87, 
-112, 204, 317, -46, -214, 261, -68, -126, 4, 82, 0, 82, 
-107, 214, 322, -53, -214, 268, -68, -126, 14, 82, 9, 82, 
-107, 219, 326, -56, -217, 273, -63, -126, 9, 73, 4, 87, 
-102, 229, 331, -63, -217, 280, -63, -131, 9, 73, 4, 92, 
-102, 234, 336, -65, -219, 285, -68, -131, 9, 73, 4, 92, 
-112, 224, 336, -56, -224, 280, -58, -122, 0, 73, 4, 92, 
-131, 214, 346, -41, -239, 280, -58, -122, 9, 78, 4, 92, 
-141, 204, 346, -31, -244, 275, -58, -117, 9, 78, 4, 92, 
-146, 200, 346, -26, -246, 273, -53, -117, 4, 78, 4, 92, 
-117, 200, 317, -41, -217, 258, -68, -131, 0, 68, 0, 78, 
-97, 200, 297, -51, -197, 248, -68, -136, -4, 63, -4, 73, 
-68, 200, 268, -65, -168, 234, -68, -136, -9, 63, -9, 68, 
-63, 204, 268, -70, -165, 236, -68, -131, -4, 63, -14, 63, 
-53, 219, 273, -82, -163, 246, -58, -131, -4, 63, -4, 68, 
-63, 224, 287, -80, -175, 256, -63, -131, -9, 63, -4, 73, 
-63, 229, 292, -82, -178, 261, -63, -131, -9, 63, -4, 78, 
-63, 234, 297, -85, -180, 265, -63, -126, -9, 63, -4, 82, 
-73, 219, 292, -73, -183, 256, -63, -136, -4, 68, -4, 73, 
-73, 214, 287, -70, -180, 251, -63, -136, -4, 68, -4, 78, 
-82, 209, 292, -63, -187, 251, -53, -126, 0, 68, -4, 78, 
-92, 204, 297, -56, -195, 251, -53, -126, 0, 68, 0, 78, 
-131, 214, 346, -41, -239, 280, -34, -107, 19, 87, 19, 97, 
-126, 224, 351, -48, -239, 287, -39, -97, 29, 87, 14, 92, 
-175, 204, 380, -14, -278, 292, -29, -107, 34, 78, 0, 82, 
-200, 204, 405, -2, -302, 305, -19, -92, 48, 63, -9, 58, 
-190, 219, 409, -14, -300, 314, 4, -53, 82, 73, -19, 39, 
-190, 239, 429, -24, -309, 334, 48, 0, 126, 82, -19, 34, 
-190, 273, 463, -41, -326, 368, 78, 39, 175, 102, -9, 43, 
-161, 302, 463, -70, -312, 383, 97, 68, 214, 146, 34, 63, 
-151, 302, 453, -75, -302, 378, 107, 97, 234, 195, 82, 92, 
-146, 287, 434, -70, -290, 361, 122, 131, 253, 253, 126, 136, 
-112, 297, 409, -92, -261, 353, 122, 175, 273, 326, 190, 209, 
0, 322, 322, -161, -161, 322, 97, 200, 258, 419, 283, 292, 
141, 351, 209, -246, -34, 280, 43, 180, 244, 527, 390, 409, 
322, 395, 73, -358, 124, 234, -19, 151, 258, 683, 527, 570, 
546, 463, -82, -505, 314, 190, -122, 82, 283, 888, 722, 780, 
790, 561, -229, -675, 509, 165, -268, -53, 244, 1083, 927, 1005, 
1015, 678, -336, -846, 675, 170, -434, -244, 156, 1268, 1127, 1239, 
1254, 785, -468, -1019, 861, 158, -629, -468, 24, 1439, 1312, 1444, 
1483, 873, -610, -1178, 1046, 131, -858, -707, -165, 1527, 1434, 1590, 
1625, 912, -712, -1268, 1168, 100, -1034, -888, -366, 1503, 1459, 1654, 
1629, 888, -741, -1259, 1185, 73, -1112, -976, -522, 1327, 1307, 1561, 
1493, 790, -702, -1141, 1098, 43, -1063, -976, -639, 971, 961, 1283, 
1268, 624, -644, -946, 956, -9, -941, -878, -727, 556, 566, 936, 
951, 458, -492, -705, 722, -17, -810, -785, -780, 273, 287, 683, 
610, 414, -195, -512, 402, 109, -741, -795, -800, 117, 185, 556, 
409, 419, 9, -414, 200, 214, -741, -873, -839, -19, 131, 488, 
317, 375, 58, -346, 129, 217, -717, -912, -868, -146, 53, 390, 
229, 317, 87, -273, 70, 202, -668, -873, -824, -244, -43, 278, 
141, 258, 117, -200, 12, 187, -605, -805, -732, -278, -97, 190, 
87, 224, 136, -156, -24, 180, -527, -688, -619, -244, -97, 151, 
63, 244, 180, -153, -58, 212, -478, -595, -512, -170, -63, 151, 
63, 253, 190, -158, -63, 222, -429, -512, -405, -87, -34, 151, 
82, 258, 175, -170, -46, 217, -346, -385, -292, -14, 0, 161, 
112, 268, 156, -190, -21, 212, -253, -258, -180, 68, 34, 180, 
97, 263, 165, -180, -34, 214, -195, -204, -122, 107, 48, 190, 
53, 234, 180, -143, -63, 207, -146, -165, -68, 136, 58, 190, 
68, 253, 185, -161, -58, 219, -82, -92, -24, 175, 87, 204, 
102, 292, 190, -197, -43, 241, -48, -48, 24, 195, 117, 214, 
63, 273, 209, -168, -73, 241, -39, -58, 34, 175, 107, 195, 
-29, 244, 273, -107, -151, 258, -43, -58, 48, 165, 82, 165, 
-58, 244, 302, -92, -180, 273, -43, -58, 43, 151, 78, 151, 
-39, 244, 283, -102, -161, 263, -63, -82, 34, 136, 53, 131, 
-39, 248, 287, -104, -163, 268, -63, -78, 29, 141, 48, 131, 
-34, 253, 287, -109, -161, 270, -63, -78, 29, 141, 48, 136, 
-24, 253, 278, -114, -151, 265, -58, -73, 29, 141, 58, 146, 
-9, 258, 268, -124, -139, 263, -53, -63, 29, 146, 63, 151, 
-19, 253, 273, -117, -146, 263, -24, -39, 58, 156, 78, 156, 
-48, 244, 292, -97, -170, 268, -4, -24, 73, 165, 82, 161, 
-73, 229, 302, -78, -187, 265, 9, -9, 82, 170, 87, 156, 
-87, 224, 312, -68, -200, 268, 14, -4, 97, 165, 87, 156, 
-92, 229, 322, -68, -207, 275, 9, -9, 92, 165, 73, 141, 
-97, 239, 336, -70, -217, 287, 0, -14, 92, 170, 73, 136, 
-112, 239, 351, -63, -231, 295, -4, -29, 92, 170, 73, 136, 
-122, 239, 361, -58, -241, 300, -14, -34, 92, 175, 73, 141, 
-102, 248, 351, -73, -226, 300, -24, -29, 82, 180, 73, 146, 
-82, 248, 331, -82, -207, 290, -19, -29, 82, 180, 82, 156, 
-68, 244, 312, -87, -190, 278, -14, -24, 82, 175, 82, 156, 
-58, 244, 302, -92, -180, 273, -14, -19, 92, 170, 87, 156, 
-63, 253, 317, -95, -190, 285, -4, -4, 102, 175, 97, 151, 
-63, 253, 317, -95, -190, 285, 0, -4, 117, 180, 87, 151, 
-58, 263, 322, -102, -190, 292, 4, -4, 122, 185, 87, 151, 
-58, 263, 322, -102, -190, 292, 4, -4, 122, 190, 92, 151, 
-63, 253, 317, -95, -190, 285, 0, -14, 102, 190, 92, 151, 
-58, 258, 317, -100, -187, 287, -4, -19, 102, 195, 92, 151, 
-53, 268, 322, -107, -187, 295, -9, -24, 102, 195, 92, 156, 
-73, 253, 326, -90, -200, 290, -14, -29, 102, 195, 92, 156, 
-63, 248, 312, -92, -187, 280, -9, -19, 107, 200, 92, 156, 
-58, 248, 307, -95, -183, 278, -4, -14, 117, 200, 92, 156, 
-53, 253, 307, -100, -180, 280, 0, -9, 122, 200, 92, 156, 
-53, 253, 307, -100, -180, 280, 4, -9, 131, 204, 92, 156, 
-63, 248, 312, -92, -187, 280, -4, -9, 136, 204, 102, 165, 
-78, 248, 326, -85, -202, 287, -4, -9, 141, 204, 107, 165, 
-87, 248, 336, -80, -212, 292, -4, -9, 141, 209, 107, 165, 
-97, 248, 346, -75, -222, 297, -4, -9, 141, 209, 107, 165, 
-82, 248, 331, -82, -207, 290, -14, -19, 136, 209, 102, 165, 
-73, 248, 322, -87, -197, 285, -14, -14, 131, 209, 107, 165, 
-58, 248, 307, -95, -183, 278, -9, -9, 136, 219, 107, 165, 
-53, 258, 312, -102, -183, 285, -9, -9, 131, 224, 102, 170, 
-58, 263, 322, -102, -190, 292, -4, 0, 146, 224, 112, 165, 
-58, 268, 326, -104, -192, 297, 0, 0, 146, 224, 112, 170, 
-53, 273, 326, -109, -190, 300, 4, 4, 151, 229, 112, 175, 
-48, 278, 326, -114, -187, 302, 9, 4, 156, 229, 112, 180, 
-34, 273, 307, -119, -170, 290, 4, -9, 151, 229, 102, 175, 
-34, 278, 312, -122, -173, 295, 0, -9, 151, 239, 107, 175, 
-24, 283, 307, -129, -165, 295, -4, 0, 151, 244, 112, 180, 
-48, 283, 331, -117, -190, 307, -9, 4, 156, 248, 117, 175, 
-48, 287, 336, -119, -192, 312, 0, 9, 170, 253, 126, 185, 
-39, 287, 326, -124, -183, 307, 0, 9, 170, 253, 126, 185, 
-34, 287, 322, -126, -178, 305, 0, 9, 170, 253, 126, 185, 
-34, 287, 322, -126, -178, 305, 0, 9, 170, 263, 126, 185, 
-43, 278, 322, -117, -183, 300, 0, 9, 180, 273, 136, 190, 
-29, 283, 312, -126, -170, 297, 0, 9, 180, 273, 136, 190, 
-19, 292, 312, -136, -165, 302, -4, 9, 185, 273, 136, 190, 
-14, 297, 312, -141, -163, 305, -4, 14, 195, 283, 146, 200, 
9, 312, 302, -161, -146, 307, -4, 14, 190, 278, 146, 195, 
4, 312, 307, -158, -151, 309, -4, 24, 190, 283, 151, 195, 
4, 312, 307, -158, -151, 309, 0, 29, 185, 292, 151, 204, 
9, 317, 307, -163, -148, 312, 0, 34, 190, 302, 156, 209, 
0, 307, 307, -153, -153, 307, 0, 39, 204, 322, 165, 219, 
-19, 297, 317, -139, -168, 307, 0, 39, 204, 322, 170, 224, 
-14, 307, 322, -146, -168, 314, -4, 39, 209, 326, 180, 229, 
-9, 312, 322, -151, -165, 317, -4, 39, 209, 326, 185, 229, 
-4, 312, 317, -153, -161, 314, -4, 48, 214, 331, 190, 219, 
-4, 317, 322, -156, -163, 319, -4, 53, 219, 341, 190, 219, 
4, 322, 317, -163, -156, 319, -9, 58, 219, 341, 200, 229, 
19, 331, 312, -175, -146, 322, -9, 58, 224, 351, 204, 234, 
29, 322, 292, -175, -131, 307, -9, 53, 229, 351, 200, 239, 
29, 322, 292, -175, -131, 307, -9, 58, 229, 361, 204, 244, 
34, 322, 287, -178, -126, 305, -9, 58, 234, 361, 209, 248, 
48, 326, 278, -187, -114, 302, -9, 63, 239, 370, 219, 253, 
63, 346, 283, -204, -109, 314, -19, 68, 234, 375, 224, 248, 
58, 351, 292, -204, -117, 322, -14, 73, 244, 385, 234, 258, 
73, 356, 283, -214, -104, 319, -14, 73, 248, 395, 244, 268, 
87, 361, 273, -224, -92, 317, -29, 73, 248, 400, 244, 268, 
87, 366, 278, -226, -95, 322, -19, 78, 253, 409, 258, 287, 
87, 370, 283, -229, -97, 326, -19, 82, 263, 424, 263, 292, 
97, 375, 278, -236, -90, 326, -24, 82, 273, 434, 273, 302, 
107, 380, 273, -244, -82, 326, -24, 82, 283, 453, 283, 312, 
117, 375, 258, -246, -70, 317, -34, 73, 273, 444, 278, 302, 
126, 370, 244, -248, -58, 307, -39, 68, 268, 439, 273, 302, 
141, 375, 234, -258, -46, 305, -43, 68, 263, 448, 283, 312, 
146, 375, 229, -261, -41, 302, -58, 68, 263, 448, 283, 317, 
141, 380, 239, -261, -48, 309, -53, 68, 273, 468, 297, 331, 
151, 390, 239, -270, -43, 314, -53, 68, 278, 478, 297, 346, 
161, 395, 234, -278, -36, 314, -58, 68, 278, 478, 307, 346, 
175, 409, 234, -292, -29, 322, -63, 58, 278, 488, 307, 346, 
170, 400, 229, -285, -29, 314, -58, 68, 278, 488, 307, 341, 
165, 405, 239, -285, -36, 322, -58, 68, 278, 492, 317, 356, 
151, 400, 248, -275, -48, 324, -58, 68, 278, 497, 322, 356, 
146, 395, 248, -270, -51, 322, -58, 63, 278, 497, 322, 356, 
146, 419, 273, -283, -63, 346, -58, 63, 287, 512, 336, 370, 
156, 424, 268, -290, -56, 346, -58, 63, 287, 512, 336, 380, 
156, 429, 273, -292, -58, 351, -63, 63, 287, 512, 341, 385, 
161, 444, 283, -302, -61, 363, -63, 68, 292, 517, 346, 395, 
185, 458, 273, -322, -43, 366, -63, 53, 292, 512, 346, 395, 
195, 458, 263, -326, -34, 361, -73, 48, 287, 512, 346, 395, 
200, 458, 258, -329, -29, 358, -82, 39, 283, 507, 346, 390, 
195, 453, 258, -324, -31, 356, -82, 29, 278, 502, 341, 390, 
185, 439, 253, -312, -34, 346, -87, 24, 268, 492, 336, 380, 
175, 434, 258, -305, -41, 346, -87, 14, 263, 488, 331, 385, 
175, 429, 253, -302, -39, 341, -92, 4, 248, 483, 326, 370, 
165, 424, 258, -295, -46, 341, -97, -4, 244, 468, 322, 356, 
165, 419, 253, -292, -43, 336, -102, -19, 239, 458, 312, 346, 
170, 414, 244, -292, -36, 329, -112, -29, 229, 439, 292, 336, 
175, 409, 234, -292, -29, 322, -122, -39, 209, 419, 283, 326, 
170, 390, 219, -280, -24, 305, -126, -43, 195, 395, 268, 317, 
156, 395, 239, -275, -41, 317, -117, -39, 195, 405, 273, 317, 
146, 400, 253, -273, -53, 326, -112, -48, 195, 395, 258, 312, 
141, 400, 258, -270, -58, 329, -112, -53, 185, 380, 244, 302, 
131, 405, 273, -268, -70, 339, -107, -58, 180, 370, 234, 297, 
92, 385, 292, -239, -100, 339, -92, -58, 170, 351, 214, 287, 
68, 361, 292, -214, -112, 326, -92, -68, 165, 331, 204, 278, 
53, 351, 297, -202, -122, 324, -92, -73, 156, 312, 185, 273, 
34, 336, 302, -185, -134, 319, -87, -78, 156, 297, 175, 258, 
19, 336, 317, -178, -148, 326, -78, -73, 146, 302, 170, 263, 
9, 336, 326, -173, -158, 331, -78, -78, 146, 292, 170, 248, 
9, 341, 331, -175, -161, 336, -78, -78, 136, 283, 170, 239, 
9, 336, 326, -173, -158, 331, -78, -82, 131, 268, 161, 224, 
29, 331, 302, -180, -136, 317, -87, -97, 122, 258, 151, 214, 
29, 326, 297, -178, -134, 312, -87, -102, 117, 244, 131, 204, 
43, 326, 283, -185, -119, 305, -87, -107, 107, 234, 122, 204, 
58, 326, 268, -192, -104, 297, -92, -112, 102, 219, 112, 195, 
9, 302, 292, -156, -141, 297, -82, -102, 107, 209, 102, 185, 
-24, 297, 322, -136, -173, 309, -73, -102, 102, 204, 97, 180, 
-48, 292, 341, -122, -195, 317, -73, -107, 102, 195, 92, 175, 
-73, 287, 361, -107, -217, 324, -73, -112, 92, 195, 82, 165, 
-68, 258, 326, -95, -197, 292, -87, -117, 82, 170, 63, 151, 
-63, 258, 322, -97, -192, 290, -87, -126, 73, 161, 58, 146, 
-68, 258, 326, -95, -197, 292, -82, -131, 63, 156, 58, 141, 
-73, 258, 331, -92, -202, 295, -82, -136, 58, 151, 53, 141, 
-53, 258, 312, -102, -183, 285, -92, -136, 58, 136, 43, 126, 
-34, 258, 292, -112, -163, 275, -92, -136, 53, 131, 39, 126, 
-14, 258, 273, -122, -143, 265, -87, -141, 48, 122, 24, 117, 
4, 263, 258, -134, -126, 261, -87, -141, 48, 107, 19, 112, 
-9, 253, 263, -122, -136, 258, -92, -131, 48, 112, 24, 107, 
-24, 253, 278, -114, -151, 265, -92, -131, 48, 117, 24, 107, 
-53, 248, 302, -97, -178, 275, -87, -131, 39, 122, 24, 107, 
-48, 248, 297, -100, -173, 273, -87, -136, 39, 122, 29, 102, 
-19, 263, 283, -122, -151, 273, -73, -126, 43, 126, 39, 107, 
-14, 273, 287, -129, -151, 280, -68, -126, 48, 131, 39, 112, 
-14, 283, 297, -134, -156, 290, -63, -126, 53, 136, 39, 117, 
-19, 287, 307, -134, -163, 297, -58, -126, 58, 136, 34, 117, 
-34, 268, 302, -117, -168, 285, -73, -126, 43, 126, 19, 102, 
-43, 263, 307, -109, -175, 285, -68, -131, 43, 117, 19, 97, 
-39, 258, 297, -109, -168, 278, -73, -136, 39, 107, 19, 102, 
-39, 253, 292, -107, -165, 273, -78, -141, 29, 97, 14, 97, 
-43, 248, 292, -102, -168, 270, -82, -131, 24, 102, 14, 102, 
-39, 253, 292, -107, -165, 273, -82, -131, 24, 112, 19, 102, 
-19, 268, 287, -124, -153, 278, -82, -131, 24, 117, 24, 102, 
-9, 273, 283, -131, -146, 278, -82, -131, 24, 117, 29, 102, 
-19, 258, 278, -119, -148, 268, -78, -141, 24, 117, 34, 102, 
-24, 253, 278, -114, -151, 265, -78, -141, 29, 117, 29, 102, 
-39, 253, 292, -107, -165, 273, -78, -136, 34, 117, 29, 107, 
-53, 248, 302, -97, -178, 275, -78, -136, 39, 117, 29, 107, 
-53, 258, 312, -102, -183, 285, -78, -146, 39, 122, 39, 107, 
-63, 258, 322, -97, -192, 290, -78, -141, 39, 122, 39, 107, 
-63, 253, 317, -95, -190, 285, -78, -141, 39, 122, 39, 107, 
-63, 253, 317, -95, -190, 285, -78, -141, 43, 122, 43, 112, 
-82, 248, 331, -82, -207, 290, -68, -131, 53, 131, 43, 112, 
-87, 244, 331, -78, -209, 287, -68, -131, 53, 131, 43, 112, 
-87, 239, 326, -75, -207, 283, -73, -141, 43, 126, 39, 102, 
-82, 234, 317, -75, -200, 275, -73, -141, 43, 122, 39, 102, 
-48, 253, 302, -102, -175, 278, -78, -151, 39, 117, 34, 97, 
-24, 268, 292, -122, -158, 280, -82, -151, 34, 112, 29, 92, 
0, 278, 278, -139, -139, 278, -82, -146, 34, 112, 24, 92, 
9, 287, 278, -148, -134, 283, -87, -146, 29, 107, 19, 87, 
-29, 263, 292, -117, -161, 278, -87, -156, 29, 117, 29, 97, 
-34, 248, 283, -107, -158, 265, -87, -156, 24, 117, 29, 97, 
-53, 239, 292, -92, -173, 265, -87, -156, 24, 117, 29, 92, 
-73, 229, 302, -78, -187, 265, -92, -156, 24, 117, 29, 92, 
-39, 244, 283, -102, -161, 263, -82, -151, 29, 126, 39, 107, 
-24, 258, 283, -117, -153, 270, -82, -141, 29, 126, 39, 107, 
-19, 273, 292, -126, -156, 283, -78, -136, 34, 131, 43, 107, 
-4, 283, 287, -139, -146, 285, -78, -131, 34, 141, 43, 107, 
-9, 278, 287, -134, -148, 283, -78, -136, 34, 131, 43, 97, 
-14, 278, 292, -131, -153, 285, -78, -136, 34, 131, 43, 97, 
-9, 292, 302, -141, -156, 297, -78, -131, 34, 136, 48, 107, 
0, 292, 292, -146, -146, 292, -78, -131, 34, 141, 53, 107, 
-19, 287, 307, -134, -163, 297, -68, -122, 39, 146, 68, 112, 
-29, 283, 312, -126, -170, 297, -68, -122, 43, 151, 73, 117, 
-29, 283, 312, -126, -170, 297, -68, -122, 53, 151, 78, 122, 
-24, 283, 307, -129, -165, 295, -73, -122, 58, 156, 82, 126, 
-48, 273, 322, -112, -185, 297, -78, -131, 53, 151, 68, 122, 
-63, 258, 322, -97, -192, 290, -78, -131, 48, 151, 63, 117, 
-78, 244, 322, -82, -200, 283, -82, -131, 43, 146, 58, 112, 
-92, 229, 322, -68, -207, 275, -87, -131, 39, 141, 53, 107, 
-82, 253, 336, -85, -209, 295, -73, -126, 43, 156, 63, 122, 
-78, 263, 341, -92, -209, 302, -68, -122, 48, 165, 78, 126, 
-73, 268, 341, -97, -207, 305, -63, -117, 53, 170, 87, 131, 
-82, 273, 356, -95, -219, 314, -58, -112, 58, 175, 97, 136, 
-63, 268, 331, -102, -197, 300, -73, -117, 53, 161, 92, 131, 
-58, 263, 322, -102, -190, 292, -82, -126, 48, 156, 87, 126, 
-53, 258, 312, -102, -183, 285, -87, -131, 43, 151, 82, 122, 
-34, 258, 292, -112, -163, 275, -92, -136, 39, 146, 78, 122, 
-19, 258, 278, -119, -148, 268, -97, -146, 29, 141, 63, 112, 
-29, 248, 278, -109, -153, 263, -102, -146, 29, 136, 63, 107, 
-29, 244, 273, -107, -151, 258, -102, -146, 24, 136, 63, 107, 
-24, 244, 268, -109, -146, 256, -97, -146, 24, 141, 63, 107, 
-14, 253, 268, -119, -141, 261, -97, -136, 34, 151, 73, 107, 
-19, 258, 278, -119, -148, 268, -92, -131, 34, 161, 73, 112, 
-19, 263, 283, -122, -151, 273, -92, -131, 39, 161, 78, 117, 
-24, 268, 292, -122, -158, 280, -92, -131, 39, 156, 78, 117, 
-48, 248, 297, -100, -173, 273, -102, -131, 29, 146, 68, 107, 
-53, 244, 297, -95, -175, 270, -102, -131, 29, 136, 63, 107, 
-48, 248, 297, -100, -173, 273, -97, -136, 34, 146, 63, 112, 
-48, 253, 302, -102, -175, 278, -97, -136, 34, 146, 63, 112, 
-39, 263, 302, -112, -170, 283, -87, -146, 34, 146, 63, 102, 
-29, 263, 292, -117, -161, 278, -87, -146, 34, 146, 63, 102, 
-19, 263, 283, -122, -151, 273, -87, -146, 34, 146, 73, 102, 
-9, 263, 273, -126, -141, 268, -87, -141, 34, 146, 73, 102, 
0, 268, 268, -134, -134, 268, -87, -131, 34, 156, 78, 112, 
-4, 268, 273, -131, -139, 270, -87, -136, 34, 156, 78, 112, 
-4, 268, 273, -131, -139, 270, -87, -141, 34, 151, 78, 112, 
-4, 273, 278, -134, -141, 275, -92, -141, 29, 146, 73, 107, 
-14, 263, 278, -124, -146, 270, -92, -141, 29, 136, 73, 107, 
-29, 253, 283, -112, -156, 268, -87, -136, 29, 141, 73, 112, 
-39, 248, 287, -104, -163, 268, -87, -136, 29, 141, 73, 112, 
-43, 239, 283, -97, -163, 261, -87, -136, 29, 141, 78, 112, 
-53, 229, 283, -87, -168, 256, -97, -136, 19, 141, 78, 102, 
-63, 224, 287, -80, -175, 256, -97, -131, 19, 141, 78, 102, 
-82, 224, 307, -70, -195, 265, -97, -131, 19, 141, 78, 102, 
-92, 229, 322, -68, -207, 275, -97, -136, 19, 141, 78, 102, 
-63, 244, 307, -90, -185, 275, -87, -126, 19, 146, 82, 102, 
-34, 253, 287, -109, -161, 270, -82, -131, 24, 141, 82, 107, 
-9, 268, 278, -129, -143, 273, -87, -131, 24, 136, 78, 107, 
14, 273, 258, -143, -122, 265, -82, -131, 29, 136, 78, 112, 
4, 263, 258, -134, -126, 261, -68, -122, 39, 151, 87, 122, 
0, 268, 268, -134, -134, 268, -68, -122, 39, 151, 87, 122, 
-9, 273, 283, -131, -146, 278, -68, -122, 39, 151, 87, 122, 
-24, 273, 297, -124, -161, 285, -68, -122, 39, 151, 92, 122, 
-39, 258, 297, -109, -168, 278, -68, -131, 29, 141, 92, 112, 
-53, 253, 307, -100, -180, 280, -73, -131, 29, 141, 87, 112, 
-63, 244, 307, -90, -185, 275, -78, -131, 29, 131, 73, 112, 
-73, 239, 312, -82, -192, 275, -82, -131, 29, 131, 68, 112, 
-63, 244, 307, -90, -185, 275, -92, -141, 19, 131, 68, 102, 
-63, 244, 307, -90, -185, 275, -92, -136, 24, 131, 68, 102, 
-53, 248, 302, -97, -178, 275, -92, -136, 24, 131, 58, 102, 
-29, 248, 278, -109, -153, 263, -92, -141, 14, 131, 58, 102, 
-9, 248, 258, -119, -134, 253, -92, -146, 4, 126, 53, 92, 
-14, 244, 258, -114, -136, 251, -92, -146, 4, 122, 48, 87, 
-29, 244, 273, -107, -151, 258, -102, -146, 4, 112, 43, 82, 
-24, 244, 268, -109, -146, 256, -102, -146, 0, 107, 39, 82, 
-34, 234, 268, -100, -151, 251, -102, -146, 9, 117, 48, 92, 
-29, 239, 268, -104, -148, 253, -97, -146, 14, 117, 48, 97, 
-48, 239, 287, -95, -168, 263, -92, -146, 14, 122, 48, 97, 
-73, 234, 307, -80, -190, 270, -92, -141, 14, 122, 48, 92, 
-73, 229, 302, -78, -187, 265, -92, -141, 4, 122, 39, 92, 
-68, 224, 292, -78, -180, 258, -92, -141, 4, 122, 39, 92, 
-63, 214, 278, -75, -170, 246, -92, -141, 0, 112, 34, 92, 
-63, 209, 273, -73, -168, 241, -97, -151, 0, 107, 34, 87, 
-53, 219, 273, -82, -163, 246, -87, -141, 9, 107, 34, 87, 
-39, 234, 273, -97, -156, 253, -87, -136, 14, 112, 39, 87, 
-43, 239, 283, -97, -163, 261, -87, -136, 14, 112, 39, 92, 
-43, 239, 283, -97, -163, 261, -92, -136, 14, 112, 34, 92, 
-53, 239, 292, -92, -173, 265, -92, -136, 14, 112, 43, 87, 
-43, 239, 283, -97, -163, 261, -92, -136, 14, 112, 43, 87, 
-39, 239, 278, -100, -158, 258, -92, -136, 14, 107, 39, 87, 
-39, 239, 278, -100, -158, 258, -92, -136, 14, 107, 39, 87, 
-39, 239, 278, -100, -158, 258, -87, -136, 4, 112, 34, 87, 
-39, 239, 278, -100, -158, 258, -82, -136, 4, 112, 39, 87, 
-34, 244, 278, -104, -156, 261, -82, -136, 4, 117, 39, 87, 
-14, 253, 268, -119, -141, 261, -82, -136, 4, 117, 34, 87, 
-19, 244, 263, -112, -141, 253, -92, -146, 9, 112, 29, 78, 
-19, 244, 263, -112, -141, 253, -97, -146, 9, 107, 29, 78, 
-14, 253, 268, -119, -141, 261, -97, -141, 9, 102, 24, 78, 
-4, 253, 258, -124, -131, 256, -97, -141, 9, 97, 19, 78, 
-34, 248, 283, -107, -158, 265, -87, -141, 9, 112, 19, 82, 
-43, 248, 292, -102, -168, 270, -78, -131, 24, 122, 29, 92, 
-29, 253, 283, -112, -156, 268, -68, -117, 29, 117, 39, 97, 
-24, 244, 268, -109, -146, 256, -82, -131, 14, 102, 24, 82, 
-19, 244, 263, -112, -141, 253, -87, -136, 9, 97, 19, 78, 
-14, 244, 258, -114, -136, 251, -92, -141, 4, 92, 14, 73, 
-9, 244, 253, -117, -131, 248, -97, -146, 0, 87, 9, 68, 
-9, 258, 268, -124, -139, 263, -87, -136, 4, 97, 9, 78, 
4, 263, 258, -134, -126, 261, -87, -141, 4, 97, 9, 78, 
4, 263, 258, -134, -126, 261, -87, -141, 4, 97, 9, 78, 
4, 263, 258, -134, -126, 261, -87, -141, 4, 97, 14, 82, 
-14, 244, 258, -114, -136, 251, -87, -141, -4, 87, 14, 82, 
-39, 234, 273, -97, -156, 253, -92, -141, -4, 82, 9, 78, 
-58, 214, 273, -78, -165, 244, -92, -141, -4, 82, 4, 73, 
-78, 204, 283, -63, -180, 244, -97, -141, -4, 82, 0, 68, 
-78, 219, 297, -70, -187, 258, -97, -136, 0, 82, 4, 68, 
-87, 224, 312, -68, -200, 268, -87, -136, 9, 92, 4, 78, 
-78, 234, 312, -78, -195, 273, -87, -131, 9, 92, 4, 78, 
-73, 234, 307, -80, -190, 270, -87, -131, 14, 92, 9, 78, 
-39, 263, 302, -112, -170, 283, -87, -136, 14, 92, 0, 73, 
-14, 278, 292, -131, -153, 285, -82, -136, 24, 92, 0, 73, 
19, 297, 278, -158, -129, 287, -78, -126, 34, 102, 14, 92, 
53, 317, 263, -185, -104, 290, -92, -126, 34, 102, 14, 92, 
29, 307, 278, -168, -124, 292, -87, -117, 39, 107, 14, 82, 
19, 302, 283, -161, -131, 292, -78, -112, 43, 112, 19, 87, 
4, 307, 302, -156, -148, 305, -73, -107, 53, 117, 19, 92, 
-9, 312, 322, -151, -165, 317, -68, -107, 53, 117, 19, 92, 
0, 312, 312, -156, -156, 312, -73, -97, 53, 117, 9, 97, 
0, 312, 312, -156, -156, 312, -73, -97, 58, 117, 9, 97, 
-4, 317, 322, -156, -163, 319, -73, -97, 63, 126, 19, 102, 
-4, 336, 341, -165, -173, 339, -73, -97, 73, 136, 29, 117, 
-4, 351, 356, -173, -180, 353, -78, -102, 82, 136, 34, 107, 
9, 351, 341, -180, -165, 346, -87, -112, 82, 131, 34, 107, 
19, 361, 341, -190, -161, 351, -102, -122, 82, 131, 34, 107, 
4, 370, 366, -187, -180, 368, -112, -141, 82, 141, 34, 117, 
14, 366, 351, -190, -168, 358, -131, -156, 82, 141, 43, 117, 
34, 370, 336, -202, -151, 353, -141, -170, 63, 131, 34, 112, 
53, 370, 317, -212, -131, 344, -165, -190, 58, 126, 34, 112, 
43, 370, 326, -207, -141, 348, -180, -209, 58, 126, 34, 112, 
34, 395, 361, -214, -163, 378, -200, -229, 48, 136, 39, 122, 
53, 400, 346, -226, -146, 373, -200, -229, 39, 136, 43, 126, 
53, 400, 346, -226, -146, 373, -200, -239, 39, 136, 43, 126, 
29, 395, 366, -212, -168, 380, -200, -224, 39, 136, 43, 126, 
34, 400, 366, -217, -165, 383, -190, -214, 48, 136, 53, 136, 
53, 405, 351, -229, -148, 378, -185, -209, 53, 141, 58, 146, 
63, 409, 346, -236, -141, 378, -180, -204, 53, 141, 58, 146, 
68, 414, 346, -241, -139, 380, -180, -200, 48, 136, 53, 146, 
87, 395, 307, -241, -109, 351, -195, -200, 29, 131, 43, 141, 
92, 380, 287, -236, -97, 334, -195, -200, 24, 126, 39, 136, 
87, 361, 273, -224, -92, 317, -195, -195, 19, 117, 34, 126, 
92, 346, 253, -219, -80, 300, -190, -190, 4, 112, 29, 122, 
92, 341, 248, -217, -78, 295, -180, -175, 14, 117, 34, 131, 
87, 326, 239, -207, -75, 283, -170, -170, 9, 107, 24, 122, 
73, 307, 234, -190, -80, 270, -161, -170, 0, 112, 29, 112, 
63, 297, 234, -180, -85, 265, -151, -165, -9, 112, 34, 107, 
34, 287, 253, -161, -109, 270, -131, -151, 0, 112, 39, 107, 
19, 268, 248, -143, -114, 258, -126, -146, 0, 107, 24, 102, 
14, 268, 253, -141, -119, 261, -126, -146, -4, 102, 19, 92, 
0, 263, 263, -131, -131, 263, -117, -146, -9, 92, 14, 87, 
-9, 263, 273, -126, -141, 268, -126, -156, -24, 87, 4, 82, 
-9, 263, 273, -126, -141, 268, -126, -156, -24, 82, -4, 78, 
-4, 258, 263, -126, -134, 261, -122, -156, -29, 73, -4, 68, 
0, 263, 263, -131, -131, 263, -117, -156, -29, 73, -4, 68, 
-14, 244, 258, -114, -136, 251, -102, -136, -24, 68, -9, 63, 
-34, 229, 263, -97, -148, 246, -102, -136, -24, 68, -9, 58, 
-29, 229, 258, -100, -143, 244, -107, -136, -24, 63, -14, 58, 
-34, 234, 268, -100, -151, 251, -107, -136, -24, 63, -19, 53, 
-24, 229, 253, -102, -139, 241, -117, -146, -29, 58, -29, 43, 
-19, 219, 239, -100, -129, 229, -112, -146, -39, 43, -34, 39, 
-9, 214, 224, -102, -117, 219, -112, -151, -43, 39, -34, 34, 
-4, 204, 209, -100, -107, 207, -117, -151, -48, 34, -34, 24, 
0, 214, 214, -107, -107, 214, -126, -161, -48, 39, -29, 34, 
-4, 214, 219, -104, -112, 217, -126, -161, -39, 48, -24, 34, 
0, 214, 214, -107, -107, 214, -126, -156, -39, 53, -19, 34, 
9, 219, 209, -114, -100, 214, -122, -156, -43, 58, -14, 34, 
4, 219, 214, -112, -104, 217, -107, -141, -39, 58, -4, 39, 
0, 219, 219, -109, -109, 219, -97, -136, -34, 53, -4, 43, 
4, 219, 214, -112, -104, 217, -87, -126, -29, 53, -4, 48, 
-14, 224, 239, -104, -126, 231, -78, -112, -14, 53, -4, 53, 
-4, 209, 214, -102, -109, 212, -92, -126, -19, 53, -4, 48, 
-14, 204, 219, -95, -117, 212, -102, -131, -29, 53, -4, 43, 
-14, 200, 214, -92, -114, 207, -107, -136, -34, 53, -4, 39, 
-14, 195, 209, -90, -112, 202, -112, -136, -39, 53, -4, 34, 
-39, 185, 224, -73, -131, 204, -107, -126, -24, 63, 4, 43, 
-53, 185, 239, -65, -146, 212, -102, -126, -24, 68, 4, 48, 
-78, 185, 263, -53, -170, 224, -87, -117, -19, 73, 4, 48, 
-102, 185, 287, -41, -195, 236, -82, -117, -19, 78, 9, 48, 
-73, 214, 287, -70, -180, 251, -63, -97, 0, 78, 19, 58, 
-78, 195, 273, -58, -175, 234, -68, -97, -9, 68, 4, 43, 
-58, 185, 244, -63, -151, 214, -87, -117, -24, 48, -19, 14, 
-43, 204, 248, -80, -146, 226, -87, -122, -19, 34, -29, 0, 
-24, 239, 263, -107, -143, 251, -73, -102, 14, 43, -29, 0, 
-43, 258, 302, -107, -173, 280, -48, -58, 48, 53, -29, -4, 
-92, 244, 336, -75, -214, 290, -9, -19, 87, 63, -29, -24, 
-122, 253, 375, -65, -248, 314, 19, 19, 126, 87, -14, -14, 
-92, 292, 385, -100, -239, 339, 48, 58, 165, 136, 34, 24, 
-97, 278, 375, -90, -236, 326, 73, 102, 195, 185, 78, 58, 
-112, 239, 351, -63, -231, 295, 82, 146, 204, 229, 122, 102, 
0, 273, 273, -136, -136, 273, 78, 200, 219, 312, 204, 185, 
170, 341, 170, -256, 0, 256, 53, 229, 224, 429, 312, 302, 
322, 375, 53, -348, 134, 214, 0, 200, 229, 556, 429, 424, 
478, 414, -63, -446, 270, 175, -82, 151, 244, 722, 575, 595, 
692, 502, -190, -597, 441, 156, -200, 43, 224, 927, 771, 810, 
956, 610, -346, -783, 651, 131, -366, -136, 146, 1122, 971, 1024, 
1224, 707, -517, -966, 871, 95, -580, -361, 34, 1293, 1146, 1229, 
1444, 795, -649, -1119, 1046, 73, -800, -600, -117, 1420, 1307, 1415, 
1605, 863, -741, -1234, 1173, 61, -1005, -800, -287, 1493, 1410, 1566, 
1708, 878, -829, -1293, 1268, 24, -1132, -936, -453, 1454, 1385, 1581, 
1688, 829, -858, -1259, 1273, -14, -1151, -976, -590, 1205, 1166, 1429, 
1503, 702, -800, -1102, 1151, -48, -1068, -927, -688, 800, 790, 1112, 
1244, 527, -717, -885, 980, -95, -927, -814, -771, 419, 424, 780, 
971, 424, -546, -697, 758, -61, -829, -785, -829, 195, 224, 566, 
712, 429, -283, -570, 497, 73, -829, -863, -878, 48, 141, 458, 
551, 405, -146, -478, 348, 129, -834, -951, -927, -87, 73, 380, 
463, 336, -126, -400, 295, 104, -824, -971, -932, -224, -24, 258, 
375, 278, -97, -326, 236, 90, -771, -922, -868, -297, -117, 151, 
312, 244, -68, -278, 190, 87, -683, -824, -756, -302, -146, 92, 
268, 224, -43, -246, 156, 90, -595, -692, -629, -248, -112, 92, 
239, 234, -4, -236, 122, 114, -517, -580, -502, -165, -73, 102, 
209, 258, 48, -234, 80, 153, -434, -444, -380, -82, -29, 112, 
200, 258, 58, -229, 70, 158, -341, -287, -258, 9, 4, 131, 
165, 244, 78, -204, 43, 161, -263, -195, -180, 68, 29, 141, 
141, 244, 102, -192, 19, 173, -224, -165, -126, 97, 48, 141, 
146, 244, 97, -195, 24, 170, -190, -131, -82, 117, 58, 136, 
131, 234, 102, -183, 14, 168, -146, -97, -53, 136, 68, 146, 
92, 234, 141, -163, -24, 187, -117, -78, -34, 136, 78, 146, 
78, 234, 156, -156, -39, 195, -102, -58, -9, 146, 73, 136, 
78, 234, 156, -156, -39, 195, -82, -48, 14, 131, 68, 122, 
39, 204, 165, -122, -63, 185, -82, -53, 4, 107, 43, 92, 
19, 214, 195, -117, -87, 204, -82, -48, 4, 112, 39, 87, 
14, 224, 209, -119, -97, 217, -82, -48, 9, 112, 39, 87, 
14, 229, 214, -122, -100, 222, -78, -43, 14, 112, 48, 92, 
19, 239, 219, -129, -100, 229, -73, -34, 19, 117, 53, 92, 
24, 248, 224, -136, -100, 236, -58, -14, 24, 131, 63, 107, 
9, 244, 234, -126, -112, 239, -43, -4, 34, 136, 63, 112, 
0, 234, 234, -117, -117, 234, -34, 4, 39, 136, 63, 107, 
0, 234, 234, -117, -117, 234, -34, 4, 48, 126, 58, 107, 
4, 224, 219, -114, -107, 222, -48, -9, 43, 112, 48, 92, 
9, 229, 219, -119, -104, 224, -58, -14, 43, 112, 43, 78, 
4, 224, 219, -114, -107, 222, -63, -29, 43, 107, 39, 68, 
4, 219, 214, -112, -104, 217, -73, -34, 43, 107, 34, 63, 
9, 234, 224, -122, -107, 229, -63, -24, 53, 126, 43, 78, 
24, 239, 214, -131, -95, 226, -58, -19, 53, 131, 53, 87, 
34, 239, 204, -136, -85, 222, -53, -9, 53, 131, 53, 87, 
39, 244, 204, -141, -82, 224, -53, 0, 63, 131, 58, 87, 
29, 239, 209, -134, -90, 224, -39, 4, 53, 131, 68, 92, 
24, 234, 209, -129, -92, 222, -39, 4, 68, 131, 58, 92, 
24, 239, 214, -131, -95, 226, -39, 4, 73, 131, 58, 92, 
19, 234, 214, -126, -97, 224, -43, 4, 73, 131, 63, 92, 
29, 244, 214, -136, -92, 229, -53, 0, 73, 131, 53, 82, 
39, 248, 209, -143, -85, 229, -53, 0, 73, 136, 53, 82, 
48, 258, 209, -153, -80, 234, -53, 0, 73, 136, 53, 87, 
34, 244, 209, -139, -87, 226, -53, 0, 73, 136, 53, 87, 
29, 229, 200, -129, -85, 214, -43, 0, 63, 131, 53, 87, 
29, 219, 190, -124, -80, 204, -43, 4, 68, 131, 53, 87, 
29, 214, 185, -122, -78, 200, -43, 9, 68, 131, 53, 87, 
24, 204, 180, -114, -78, 192, -43, 9, 73, 136, 53, 87, 
19, 214, 195, -117, -87, 204, -34, 14, 82, 146, 63, 97, 
9, 219, 209, -114, -100, 214, -34, 19, 92, 146, 68, 97, 
4, 224, 219, -114, -107, 222, -34, 24, 97, 151, 68, 97, 
0, 229, 229, -114, -114, 229, -34, 29, 102, 151, 68, 97, 
14, 248, 234, -131, -109, 241, -39, 19, 92, 161, 58, 92, 
24, 248, 224, -136, -100, 236, -43, 24, 92, 161, 68, 97, 
39, 248, 209, -143, -85, 229, -43, 29, 102, 170, 73, 102, 
43, 258, 214, -151, -85, 236, -48, 29, 102, 175, 73, 112, 
58, 239, 180, -148, -61, 209, -48, 29, 92, 161, 63, 92, 
68, 239, 170, -153, -51, 204, -48, 29, 87, 156, 63, 92, 
82, 239, 156, -161, -36, 197, -48, 34, 87, 156, 63, 92, 
97, 239, 141, -168, -21, 190, -48, 34, 87, 151, 63, 92, 
82, 253, 170, -168, -43, 212, -43, 43, 107, 156, 73, 97, 
73, 258, 185, -165, -56, 222, -39, 48, 112, 170, 78, 107, 
73, 263, 190, -168, -58, 226, -34, 63, 117, 180, 82, 122, 
39, 263, 224, -151, -92, 244, -29, 73, 126, 190, 87, 126, 
43, 258, 214, -151, -85, 236, -34, 73, 126, 190, 87, 122, 
58, 258, 200, -158, -70, 229, -39, 68, 122, 185, 87, 117, 
68, 258, 190, -163, -61, 224, -43, 63, 117, 180, 87, 112, 
73, 258, 185, -165, -56, 222, -48, 58, 112, 185, 87, 107, 
58, 258, 200, -158, -70, 229, -39, 68, 117, 185, 78, 112, 
68, 263, 195, -165, -63, 229, -39, 68, 122, 185, 78, 112, 
73, 273, 200, -173, -63, 236, -43, 68, 131, 185, 78, 112, 
73, 278, 204, -175, -65, 241, -43, 73, 146, 195, 87, 122, 
97, 287, 190, -192, -46, 239, -34, 78, 146, 204, 102, 126, 
92, 292, 200, -192, -53, 246, -34, 92, 151, 214, 112, 126, 
92, 297, 204, -195, -56, 251, -29, 102, 151, 229, 117, 136, 
97, 307, 209, -202, -56, 258, -29, 112, 161, 244, 126, 141, 
87, 297, 209, -192, -61, 253, -39, 112, 151, 239, 131, 141, 
78, 278, 200, -178, -61, 239, -39, 107, 146, 234, 131, 146, 
92, 278, 185, -185, -46, 231, -43, 102, 146, 234, 136, 151, 
107, 273, 165, -190, -29, 219, -43, 97, 141, 229, 136, 151, 
122, 283, 161, -202, -19, 222, -53, 87, 156, 234, 131, 141, 
122, 287, 165, -204, -21, 226, -53, 92, 161, 244, 131, 141, 
131, 292, 161, -212, -14, 226, -58, 97, 161, 244, 141, 151, 
146, 302, 156, -224, -4, 229, -58, 97, 165, 253, 146, 156, 
141, 287, 146, -214, -2, 217, -58, 112, 161, 263, 151, 161, 
136, 283, 146, -209, -4, 214, -58, 117, 161, 273, 156, 165, 
136, 278, 141, -207, -2, 209, -58, 117, 165, 273, 161, 170, 
146, 278, 131, -212, 7, 204, -58, 122, 170, 283, 170, 175, 
146, 302, 156, -224, -4, 229, -53, 131, 180, 307, 180, 185, 
136, 312, 175, -224, -19, 244, -43, 141, 195, 317, 195, 200, 
146, 322, 175, -234, -14, 248, -39, 146, 204, 326, 209, 214, 
156, 331, 175, -244, -9, 253, -48, 151, 209, 331, 214, 219, 
156, 336, 180, -246, -12, 258, -58, 165, 219, 336, 229, 219, 
156, 341, 185, -248, -14, 263, -58, 170, 224, 346, 234, 224, 
165, 346, 180, -256, -7, 263, -63, 170, 229, 351, 244, 234, 
175, 351, 175, -263, 0, 263, -63, 170, 234, 366, 253, 244, 
200, 356, 156, -278, 21, 256, -68, 170, 229, 361, 244, 244, 
214, 361, 146, -287, 34, 253, -68, 165, 229, 361, 244, 244, 
234, 375, 141, -305, 46, 258, -68, 165, 229, 375, 258, 253, 
244, 385, 141, -314, 51, 263, -78, 165, 234, 380, 263, 258, 
244, 385, 141, -314, 51, 263, -82, 156, 224, 385, 273, 258, 
248, 390, 141, -319, 53, 265, -82, 156, 229, 390, 268, 268, 
253, 390, 136, -322, 58, 263, -87, 156, 229, 385, 273, 263, 
263, 400, 136, -331, 63, 268, -92, 146, 229, 390, 268, 258, 
258, 390, 131, -324, 63, 261, -97, 156, 229, 395, 273, 273, 
253, 395, 141, -324, 56, 268, -97, 156, 229, 405, 287, 287, 
239, 390, 151, -314, 43, 270, -97, 156, 229, 414, 297, 287, 
234, 385, 151, -309, 41, 268, -97, 151, 229, 419, 302, 287, 
239, 400, 161, -319, 39, 280, -102, 151, 239, 434, 312, 302, 
253, 405, 151, -329, 51, 278, -97, 151, 239, 434, 317, 312, 
258, 409, 151, -334, 53, 280, -97, 151, 239, 434, 326, 317, 
268, 424, 156, -346, 56, 290, -92, 156, 244, 439, 336, 326, 
278, 414, 136, -346, 70, 275, -107, 146, 229, 429, 322, 317, 
283, 409, 126, -346, 78, 268, -122, 136, 219, 424, 317, 307, 
283, 405, 122, -344, 80, 263, -136, 122, 209, 414, 312, 292, 
273, 395, 122, -334, 75, 258, -141, 107, 200, 405, 302, 283, 
253, 405, 151, -329, 51, 278, -131, 112, 209, 409, 307, 302, 
244, 405, 161, -324, 41, 283, -126, 112, 214, 409, 312, 317, 
244, 405, 161, -324, 41, 283, -126, 112, 209, 409, 317, 312, 
234, 405, 170, -319, 31, 287, -126, 112, 214, 400, 322, 307, 
248, 414, 165, -331, 41, 290, -136, 102, 204, 395, 312, 302, 
258, 414, 156, -336, 51, 285, -141, 87, 200, 380, 292, 287, 
268, 414, 146, -341, 61, 280, -146, 73, 185, 366, 283, 273, 
268, 400, 131, -334, 68, 265, -146, 63, 175, 346, 268, 258, 
248, 395, 146, -322, 51, 270, -141, 63, 170, 341, 273, 263, 
234, 390, 156, -312, 39, 273, -141, 48, 165, 326, 258, 253, 
224, 380, 156, -302, 34, 268, -146, 39, 151, 307, 244, 239, 
209, 375, 165, -292, 21, 270, -146, 29, 141, 292, 234, 229, 
195, 375, 180, -285, 7, 278, -131, 39, 136, 283, 239, 224, 
185, 361, 175, -273, 4, 268, -131, 29, 136, 273, 234, 219, 
185, 361, 175, -273, 4, 268, -131, 24, 131, 263, 219, 219, 
180, 356, 175, -268, 2, 265, -126, 19, 136, 258, 214, 209, 
146, 331, 185, -239, -19, 258, -117, 24, 126, 248, 200, 204, 
126, 326, 200, -226, -36, 263, -117, 19, 126, 234, 190, 190, 
117, 326, 209, -222, -46, 268, -117, 19, 117, 219, 180, 180, 
107, 317, 209, -212, -51, 263, -117, 14, 112, 200, 161, 165, 
107, 317, 209, -212, -51, 263, -117, 0, 97, 190, 165, 156, 
97, 307, 209, -202, -56, 258, -117, -4, 87, 175, 151, 146, 
102, 302, 200, -202, -48, 251, -117, -9, 73, 165, 146, 146, 
107, 297, 190, -202, -41, 244, -122, -14, 63, 151, 141, 136, 
87, 283, 195, -185, -53, 239, -122, -14, 58, 141, 131, 126, 
73, 278, 204, -175, -65, 241, -112, -14, 53, 136, 126, 122, 
68, 273, 204, -170, -68, 239, -112, -19, 53, 126, 122, 117, 
63, 268, 204, -165, -70, 236, -112, -24, 43, 126, 112, 107, 
63, 253, 190, -158, -63, 222, -107, -14, 48, 102, 102, 102, 
63, 258, 195, -161, -65, 226, -107, -19, 43, 92, 97, 97, 
53, 263, 209, -158, -78, 236, -102, -19, 39, 87, 97, 92, 
43, 268, 224, -156, -90, 246, -102, -19, 39, 82, 92, 92, 
24, 253, 229, -139, -102, 241, -112, -19, 29, 73, 78, 78, 
14, 248, 234, -131, -109, 241, -112, -19, 24, 73, 78, 78, 
4, 244, 239, -124, -117, 241, -107, -24, 19, 68, 68, 68, 
-4, 244, 248, -119, -126, 246, -107, -24, 19, 58, 68, 63, 
9, 234, 224, -122, -107, 229, -112, -34, 19, 53, 63, 48, 
14, 234, 219, -124, -102, 226, -112, -34, 19, 48, 53, 48, 
4, 229, 224, -117, -109, 226, -107, -34, 9, 43, 43, 48, 
29, 229, 200, -129, -85, 214, -107, -39, 9, 34, 39, 43, 
58, 239, 180, -148, -61, 209, -117, -39, 9, 43, 43, 48, 
63, 244, 180, -153, -58, 212, -117, -39, 9, 43, 48, 53, 
63, 248, 185, -156, -61, 217, -117, -39, 9, 43, 53, 58, 
58, 248, 190, -153, -65, 219, -117, -39, 9, 39, 53, 58, 
24, 234, 209, -129, -92, 222, -112, -29, 19, 48, 63, 58, 
-4, 234, 239, -114, -122, 236, -97, -24, 24, 48, 68, 58, 
-19, 234, 253, -107, -136, 244, -92, -19, 24, 48, 73, 68, 
-39, 234, 273, -97, -156, 253, -87, -14, 19, 48, 73, 68, 
-39, 214, 253, -87, -146, 234, -102, -24, 4, 34, 53, 58, 
-29, 214, 244, -92, -136, 229, -102, -24, 4, 34, 48, 53, 
-4, 224, 229, -109, -117, 226, -102, -24, 4, 29, 43, 48, 
9, 224, 214, -117, -102, 219, -102, -24, 4, 19, 39, 43, 
39, 234, 195, -136, -78, 214, -112, -43, -9, 0, 29, 24, 
63, 234, 170, -148, -53, 202, -117, -43, -9, 0, 19, 24, 
78, 239, 161, -158, -41, 200, -122, -39, -9, 0, 14, 29, 
92, 239, 146, -165, -26, 192, -126, -39, -9, 0, 9, 29, 
78, 229, 151, -153, -36, 190, -112, -34, 0, 14, 19, 39, 
53, 229, 175, -141, -61, 202, -107, -24, 0, 14, 19, 39, 
39, 224, 185, -131, -73, 204, -102, -19, 0, 14, 19, 39, 
24, 224, 200, -124, -87, 212, -97, -14, 4, 14, 24, 43, 
29, 239, 209, -134, -90, 224, -97, -14, 14, 24, 34, 34, 
39, 244, 204, -141, -82, 224, -97, -14, 14, 24, 34, 34, 
53, 248, 195, -151, -70, 222, -102, -24, 4, 19, 29, 24, 
73, 253, 180, -163, -53, 217, -102, -24, 4, 14, 29, 24, 
58, 239, 180, -148, -61, 209, -102, -24, -4, 9, 24, 24, 
43, 239, 195, -141, -75, 217, -102, -24, -4, 4, 19, 24, 
29, 234, 204, -131, -87, 219, -97, -19, 0, 4, 14, 29, 
0, 229, 229, -114, -114, 229, -97, -19, 0, 0, 9, 29, 
9, 219, 209, -114, -100, 214, -102, -29, -9, -4, 0, 19, 
34, 209, 175, -122, -70, 192, -107, -29, -14, -9, 0, 19, 
43, 204, 161, -124, -58, 183, -112, -29, -14, -14, 0, 14, 
53, 200, 146, -126, -46, 173, -122, -29, -14, -19, 0, 14, 
48, 209, 161, -129, -56, 185, -112, -29, -9, -14, 9, 19, 
43, 219, 175, -131, -65, 197, -112, -24, -9, -9, 9, 19, 
29, 229, 200, -129, -85, 214, -107, -24, -4, 0, 14, 19, 
24, 234, 209, -129, -92, 222, -107, -24, -4, 14, 14, 19, 
14, 229, 214, -122, -100, 222, -102, -14, 9, 14, 19, 24, 
14, 229, 214, -122, -100, 222, -97, -9, 14, 14, 24, 29, 
24, 244, 219, -134, -97, 231, -92, 0, 19, 19, 34, 43, 
39, 244, 204, -141, -82, 224, -87, 4, 24, 24, 43, 48, 
43, 239, 195, -141, -75, 217, -97, 0, 19, 19, 34, 39, 
39, 234, 195, -136, -78, 214, -97, -4, 14, 14, 34, 39, 
43, 234, 190, -139, -73, 212, -97, -9, 14, 4, 34, 39, 
53, 234, 180, -143, -63, 207, -102, -14, 9, 0, 34, 39, 
48, 248, 200, -148, -75, 224, -102, -4, 9, 9, 24, 39, 
43, 248, 204, -146, -80, 226, -97, -4, 9, 14, 24, 39, 
39, 248, 209, -143, -85, 229, -97, -4, 9, 14, 24, 39, 
34, 248, 214, -141, -90, 231, -97, -4, 9, 14, 24, 39, 
39, 253, 214, -146, -87, 234, -87, -4, 9, 4, 24, 29, 
39, 253, 214, -146, -87, 234, -87, -4, 9, 9, 29, 29, 
39, 248, 209, -143, -85, 229, -87, -4, 9, 9, 29, 29, 
24, 244, 219, -134, -97, 231, -87, -4, 9, 9, 29, 29, 
39, 253, 214, -146, -87, 234, -97, -4, 9, 0, 29, 19, 
48, 253, 204, -151, -78, 229, -102, -9, 9, 0, 29, 19, 
58, 253, 195, -156, -68, 224, -102, -9, 9, 0, 29, 19, 
82, 258, 175, -170, -46, 217, -102, -9, 9, 0, 29, 24, 
73, 253, 180, -163, -53, 217, -107, -14, 0, -4, 14, 14, 
48, 229, 180, -139, -65, 204, -112, -19, 0, -9, 14, 9, 
34, 209, 175, -122, -70, 192, -112, -24, -4, -9, 14, 9, 
24, 195, 170, -109, -73, 183, -107, -29, -4, -4, 14, 9, 
29, 224, 195, -126, -82, 209, -102, -9, 9, 0, 29, 24, 
29, 239, 209, -134, -90, 224, -92, 4, 14, 14, 34, 34, 
34, 253, 219, -143, -92, 236, -87, 14, 24, 19, 43, 43, 
34, 268, 234, -151, -100, 251, -82, 24, 29, 19, 48, 48, 
14, 248, 234, -131, -109, 241, -102, 9, 9, 9, 39, 34, 
14, 244, 229, -129, -107, 236, -102, 4, 9, 0, 34, 29, 
24, 248, 224, -136, -100, 236, -97, -4, 14, 9, 34, 29, 
29, 253, 224, -141, -97, 239, -97, -9, 14, 9, 34, 24, 
39, 244, 204, -141, -82, 224, -107, -9, 9, 4, 29, 14, 
48, 244, 195, -146, -73, 219, -107, -9, 4, 0, 24, 14, 
58, 244, 185, -151, -63, 214, -107, -9, 0, -4, 29, 14, 
68, 244, 175, -156, -53, 209, -107, -4, -4, -9, 24, 14, 
53, 234, 180, -143, -63, 207, -97, 4, -4, -9, 29, 24, 
43, 229, 185, -136, -70, 207, -97, 0, -4, -9, 29, 24, 
39, 224, 185, -131, -73, 204, -97, -4, -4, -14, 29, 24, 
34, 224, 190, -129, -78, 207, -102, -4, -9, -19, 24, 19, 
24, 239, 214, -131, -95, 226, -102, -14, 0, -9, 34, 9, 
19, 244, 224, -131, -102, 234, -97, -9, 0, -4, 34, 14, 
19, 253, 234, -136, -107, 244, -97, -9, 0, -4, 34, 14, 
24, 258, 234, -141, -104, 246, -97, -9, 0, -4, 39, 14, 
34, 253, 219, -143, -92, 236, -97, -4, 0, -4, 29, 24, 
34, 244, 209, -139, -87, 226, -97, 4, 0, -4, 29, 24, 
24, 239, 214, -131, -95, 226, -97, 9, 0, -4, 29, 24, 
24, 239, 214, -131, -95, 226, -97, 9, 0, -4, 29, 24, 
39, 239, 200, -139, -80, 219, -102, -4, -14, -14, 19, 14, 
53, 234, 180, -143, -63, 207, -102, -14, -14, -24, 14, 9, 
63, 234, 170, -148, -53, 202, -112, -19, -19, -34, 4, 0, 
73, 224, 151, -148, -39, 187, -112, -24, -19, -39, 0, -4, 
58, 234, 175, -146, -58, 204, -107, -19, -9, -34, 4, 4, 
58, 239, 180, -148, -61, 209, -107, -14, -9, -34, 9, 4, 
53, 244, 190, -148, -68, 217, -107, -9, -9, -34, 14, 4, 
43, 244, 200, -143, -78, 222, -107, -4, -9, -34, 24, 4, 
34, 234, 200, -134, -82, 217, -102, -4, -19, -34, 19, 4, 
24, 234, 209, -129, -92, 222, -102, -4, -19, -34, 19, 4, 
19, 229, 209, -124, -95, 219, -102, -4, -19, -43, 9, 4, 
14, 229, 214, -122, -100, 222, -102, -4, -19, -43, 9, 4, 
24, 234, 209, -129, -92, 222, -92, -4, -9, -43, 9, -4, 
24, 234, 209, -129, -92, 222, -92, 0, -4, -43, 9, -4, 
34, 239, 204, -136, -85, 222, -92, 0, -4, -43, 0, -4, 
58, 239, 180, -148, -61, 209, -92, -4, -14, -43, 0, -4, 
58, 229, 170, -143, -56, 200, -92, -4, -14, -39, 14, -4, 
34, 224, 190, -129, -78, 207, -92, 0, -14, -34, 19, 0, 
0, 224, 224, -112, -112, 224, -102, 4, -14, -34, 24, 4, 
-14, 224, 239, -104, -126, 231, -102, 9, -19, -29, 29, 14, 
9, 234, 224, -122, -107, 229, -102, 0, -19, -34, 19, 9, 
29, 239, 209, -134, -90, 224, -97, 0, -14, -39, 19, 9, 
24, 239, 214, -131, -95, 226, -92, 0, -14, -39, 19, 4, 
14, 234, 219, -124, -102, 226, -92, 4, -14, -43, 19, -4, 
4, 204, 200, -104, -97, 202, -112, -24, -34, -63, -9, -34, 
19, 204, 185, -112, -82, 195, -112, -14, -34, -63, -9, -24, 
19, 204, 185, -112, -82, 195, -107, 0, -29, -58, -9, -19, 
34, 229, 195, -131, -80, 212, -92, 4, -14, -53, 4, -4, 
39, 244, 204, -141, -82, 224, -87, 9, -9, -48, 9, 0, 
43, 258, 214, -151, -85, 236, -82, 14, -4, -43, 14, 4, 
48, 273, 224, -161, -87, 248, -78, 19, 0, -39, 19, 9, 
29, 263, 234, -146, -102, 248, -82, 9, -9, -43, 4, -4, 
24, 253, 229, -139, -102, 241, -87, 4, -14, -48, 0, -9, 
4, 239, 234, -122, -114, 236, -92, 4, -19, -53, -4, -14, 
-14, 224, 239, -104, -126, 231, -97, 4, -24, -58, -4, -14, 
9, 234, 224, -122, -107, 229, -97, -4, -34, -58, -4, -14, 
19, 234, 214, -126, -97, 224, -102, -4, -34, -63, -9, -19, 
34, 224, 190, -129, -78, 207, -102, -4, -34, -63, -14, -24, 
48, 224, 175, -136, -63, 200, -107, -4, -34, -63, -19, -29, 
39, 244, 204, -141, -82, 224, -102, 4, -14, -58, -4, -14, 
29, 253, 224, -141, -97, 239, -87, 9, 0, -43, 4, 0, 
39, 268, 229, -153, -95, 248, -82, 19, 4, -39, 14, 4, 
43, 273, 229, -158, -92, 251, -78, 24, 14, -34, 29, 9, 
24, 263, 239, -143, -107, 251, -82, 29, 9, -34, 19, -4, 
14, 258, 244, -136, -114, 251, -73, 29, 14, -34, 19, -4, 
14, 258, 244, -136, -114, 251, -63, 39, 19, -24, 34, 14, 
14, 258, 244, -136, -114, 251, -73, 39, 14, -24, 34, 14, 
24, 283, 258, -153, -117, 270, -63, 48, 24, -19, 43, 24, 
39, 292, 253, -165, -107, 273, -58, 53, 34, -14, 48, 29, 
48, 312, 263, -180, -107, 287, -58, 58, 48, -9, 48, 34, 
58, 331, 273, -195, -107, 302, -58, 58, 53, -9, 48, 34, 
48, 331, 283, -190, -117, 307, -63, 48, 53, -14, 43, 24, 
48, 331, 283, -190, -117, 307, -63, 48, 58, -19, 39, 19, 
43, 336, 292, -190, -124, 314, -63, 48, 63, -14, 43, 19, 
43, 356, 312, -200, -134, 334, -63, 48, 73, -9, 48, 29, 
58, 346, 287, -202, -114, 317, -82, 24, 58, -14, 48, 24, 
78, 341, 263, -209, -92, 302, -97, 4, 53, -24, 43, 19, 
92, 346, 253, -219, -80, 300, -117, -14, 48, -29, 39, 14, 
82, 351, 268, -217, -92, 309, -131, -43, 43, -24, 34, 19, 
68, 356, 287, -212, -109, 322, -151, -48, 34, -24, 43, 29, 
82, 361, 278, -222, -97, 319, -161, -63, 14, -34, 34, 24, 
97, 361, 263, -229, -82, 312, -185, -82, 9, -39, 34, 24, 
82, 361, 278, -222, -97, 319, -200, -102, 9, -39, 34, 24, 
92, 380, 287, -236, -97, 334, -195, -97, 19, -29, 48, 29, 
112, 390, 278, -251, -82, 334, -190, -92, 9, -29, 53, 39, 
112, 395, 283, -253, -85, 339, -185, -97, 9, -29, 53, 43, 
87, 395, 307, -241, -109, 351, -180, -78, 9, -29, 53, 48, 
58, 390, 331, -224, -136, 361, -175, -73, 24, -19, 63, 48, 
63, 385, 322, -224, -129, 353, -165, -63, 34, -14, 68, 58, 
58, 380, 322, -219, -131, 351, -156, -53, 39, -14, 68, 58, 
48, 375, 326, -212, -139, 351, -151, -43, 39, -19, 63, 58, 
68, 351, 283, -209, -107, 317, -161, -39, 19, -24, 53, 53, 
73, 341, 268, -207, -97, 305, -156, -34, 14, -29, 48, 48, 
68, 326, 258, -197, -95, 292, -151, -24, 9, -39, 43, 39, 
73, 317, 244, -195, -85, 280, -141, -14, -4, -43, 39, 34, 
68, 307, 239, -187, -85, 273, -126, -9, -9, -53, 34, 24, 
68, 287, 219, -178, -75, 253, -122, -4, -19, -68, 14, 14, 
58, 263, 204, -161, -73, 234, -117, -4, -34, -68, 9, 4, 
53, 248, 195, -151, -70, 222, -112, 0, -48, -73, 4, 0, 
58, 258, 200, -158, -70, 229, -102, 4, -43, -63, 9, 9, 
58, 248, 190, -153, -65, 219, -97, 9, -39, -68, -4, 4, 
68, 258, 190, -163, -61, 224, -97, 9, -39, -73, -9, -4, 
68, 263, 195, -165, -63, 229, -87, 9, -39, -82, -14, -9, 
53, 248, 195, -151, -70, 222, -87, 19, -43, -87, -34, -24, 
48, 244, 195, -146, -73, 219, -87, 19, -43, -92, -43, -29, 
48, 234, 185, -141, -68, 209, -82, 19, -48, -102, -43, -39, 
48, 234, 185, -141, -68, 209, -78, 19, -48, -102, -43, -39, 
24, 214, 190, -119, -82, 202, -63, 29, -48, -107, -48, -34, 
4, 200, 195, -102, -95, 197, -63, 29, -43, -107, -48, -39, 
9, 200, 190, -104, -90, 195, -68, 29, -39, -112, -53, -39, 
4, 204, 200, -104, -97, 202, -68, 29, -34, -112, -58, -43, 
9, 195, 185, -102, -87, 190, -73, 24, -39, -122, -68, -58, 
9, 190, 180, -100, -85, 185, -73, 19, -48, -131, -73, -58, 
14, 190, 175, -102, -80, 183, -78, 9, -53, -131, -73, -58, 
14, 185, 170, -100, -78, 178, -87, 4, -58, -131, -73, -63, 
9, 195, 185, -102, -87, 190, -73, 9, -58, -122, -63, -58, 
-4, 195, 200, -95, -102, 197, -68, 14, -48, -117, -63, -53, 
-9, 195, 204, -92, -107, 200, -63, 24, -48, -117, -63, -48, 
-9, 200, 209, -95, -109, 204, -53, 29, -53, -117, -63, -43, 
-14, 190, 204, -87, -109, 197, -63, 19, -53, -126, -73, -48, 
-9, 180, 190, -85, -100, 185, -58, 19, -53, -131, -73, -53, 
4, 170, 165, -87, -80, 168, -53, 24, -53, -131, -73, -58, 
-4, 165, 170, -80, -87, 168, -48, 34, -43, -131, -73, -63, 
0, 170, 170, -85, -85, 170, -48, 34, -43, -131, -82, -63, 
-4, 175, 180, -85, -92, 178, -53, 34, -48, -131, -82, -63, 
0, 180, 180, -90, -90, 180, -53, 34, -48, -131, -82, -63, 
4, 185, 180, -95, -87, 183, -53, 39, -48, -131, -82, -63, 
14, 190, 175, -102, -80, 183, -53, 29, -53, -126, -82, -73, 
24, 195, 170, -109, -73, 183, -53, 29, -53, -126, -82, -68, 
24, 200, 175, -112, -75, 187, -43, 39, -48, -126, -82, -68, 
24, 204, 180, -114, -78, 192, -43, 39, -48, -126, -78, -68, 
14, 185, 170, -100, -78, 178, -53, 29, -48, -126, -87, -68, 
0, 156, 156, -78, -78, 156, -58, 19, -48, -146, -102, -92, 
-29, 165, 195, -68, -112, 180, -48, 48, -34, -136, -97, -92, 
-53, 175, 229, -61, -141, 202, -19, 82, 9, -131, -107, -97, 
-73, 190, 263, -58, -168, 226, 24, 131, 53, -131, -117, -107, 
-112, 190, 302, -39, -207, 246, 68, 175, 97, -122, -117, -112, 
-141, 195, 336, -26, -239, 265, 97, 204, 136, -92, -97, -122, 
-63, 234, 297, -85, -180, 265, 107, 234, 165, -39, -53, -102, 
-24, 263, 287, -119, -156, 275, 117, 263, 195, 29, 4, -43, 
-68, 239, 307, -85, -187, 273, 141, 317, 234, 107, 78, 19, 
-34, 229, 263, -97, -148, 246, 141, 361, 244, 200, 161, 102, 
97, 273, 175, -185, -39, 224, 97, 375, 239, 302, 273, 214, 
287, 312, 24, -300, 131, 168, 43, 366, 244, 429, 400, 351, 
497, 356, -141, -427, 319, 107, -39, 326, 248, 595, 556, 522, 
702, 414, -287, -558, 495, 63, -151, 239, 253, 810, 761, 751, 
936, 541, -395, -739, 666, 73, -278, 122, 234, 1054, 1015, 1015, 
1161, 658, -502, -910, 832, 78, -444, -58, 146, 1278, 1244, 1268, 
1351, 756, -595, -1054, 973, 80, -629, -283, 4, 1439, 1439, 1493, 
1493, 873, -619, -1183, 1056, 126, -810, -483, -126, 1537, 1571, 1659, 
1576, 951, -624, -1263, 1100, 163, -936, -634, -307, 1454, 1546, 1683, 
1503, 907, -595, -1205, 1049, 156, -985, -712, -492, 1151, 1268, 1483, 
1278, 800, -478, -1039, 878, 161, -927, -702, -610, 717, 854, 1146, 
1034, 663, -370, -849, 702, 146, -814, -634, -678, 331, 468, 790, 
785, 575, -209, -680, 497, 183, -692, -570, -732, 68, 239, 536, 
551, 541, -9, -546, 280, 265, -634, -551, -800, -117, 117, 400, 
409, 488, 78, -448, 165, 283, -644, -610, -888, -292, 14, 292, 
326, 414, 87, -370, 119, 251, -649, -658, -927, -439, -102, 165, 
248, 346, 97, -297, 75, 222, -600, -649, -893, -527, -190, 53, 
170, 317, 146, -244, 12, 231, -536, -590, -800, -531, -224, -24, 
146, 292, 146, -219, 0, 219, -488, -512, -678, -478, -214, -43, 
151, 283, 131, -217, 9, 207, -448, -439, -570, -414, -190, -43, 
161, 292, 131, -226, 14, 212, -409, -356, -463, -341, -161, -34, 
170, 287, 117, -229, 26, 202, -346, -239, -351, -248, -107, -14, 
180, 239, 58, -209, 61, 148, -263, -122, -258, -165, -73, -4, 
185, 234, 48, -209, 68, 141, -195, -29, -190, -107, -39, 14, 
161, 244, 82, -202, 39, 163, -126, 19, -117, -58, -9, 34, 
97, 224, 126, -161, -14, 175, -73, 63, -63, -29, 19, 58, 
73, 204, 131, -139, -29, 168, -48, 87, -43, -29, 9, 39, 
73, 224, 151, -148, -39, 187, -39, 87, -24, -39, 0, 19, 
48, 224, 175, -136, -63, 200, -34, 97, 9, -29, -4, 19, 
19, 224, 204, -122, -92, 214, -34, 97, 24, -34, 0, 14, 
19, 224, 204, -122, -92, 214, -34, 102, 14, -39, -14, -4, 
29, 234, 204, -131, -87, 219, -53, 92, 4, -48, -24, -19, 
43, 234, 190, -139, -73, 212, -53, 87, 0, -53, -29, -19, 
63, 229, 165, -146, -51, 197, -48, 87, -4, -58, -24, -14, 
87, 229, 141, -158, -26, 185, -43, 92, -9, -58, -24, -14, 
87, 214, 126, -151, -19, 170, -34, 97, -4, -58, -34, -19, 
58, 204, 146, -131, -43, 175, -24, 102, 4, -58, -34, -24, 
34, 190, 156, -112, -61, 173, -19, 107, 9, -63, -34, -39, 
19, 185, 165, -102, -73, 175, -24, 102, 19, -78, -39, -48, 
43, 209, 165, -126, -61, 187, -14, 112, 39, -63, -29, -39, 
58, 229, 170, -143, -56, 200, -19, 112, 43, -53, -24, -39, 
63, 239, 175, -151, -56, 207, -19, 102, 48, -48, -19, -34, 
73, 248, 175, -161, -51, 212, -24, 102, 53, -39, -14, -24, 
58, 234, 175, -146, -58, 204, -14, 117, 43, -29, -4, -9, 
53, 229, 175, -141, -61, 202, -9, 117, 43, -24, 4, 0, 
43, 219, 175, -131, -65, 197, -4, 122, 43, -24, 4, 0, 
29, 214, 185, -122, -78, 200, -4, 126, 53, -24, 9, 0, 
9, 214, 204, -112, -97, 209, 9, 141, 63, -19, 19, -4, 
4, 214, 209, -109, -102, 212, 9, 141, 78, -14, 9, -4, 
4, 224, 219, -114, -107, 222, 9, 141, 82, -9, 9, -4, 
0, 224, 224, -112, -112, 224, 4, 141, 82, -4, 14, -4, 
19, 224, 204, -122, -92, 214, 0, 122, 73, -9, 9, -4, 
39, 229, 190, -134, -75, 209, -4, 117, 73, -9, 4, -4, 
58, 239, 180, -148, -61, 209, -9, 112, 73, -14, 0, 0, 
53, 224, 170, -139, -58, 197, -14, 107, 73, -19, -4, 0, 
68, 219, 151, -143, -41, 185, -24, 107, 68, -24, -14, -4, 
87, 219, 131, -153, -21, 175, -24, 112, 68, -24, -14, -9, 
107, 224, 117, -165, -4, 170, -24, 117, 63, -24, -14, -14, 
122, 224, 102, -173, 9, 163, -24, 117, 63, -19, -14, -19, 
102, 229, 126, -165, -12, 178, -14, 126, 68, -9, -14, -9, 
87, 229, 141, -158, -26, 185, -14, 126, 73, -9, -9, -9, 
78, 229, 151, -153, -36, 190, -14, 126, 73, -4, -9, -9, 
68, 229, 161, -148, -46, 195, -14, 126, 73, -4, -9, -9, 
48, 248, 200, -148, -75, 224, -4, 136, 82, 4, -9, -4, 
43, 248, 204, -146, -80, 226, -4, 141, 82, 4, 0, 0, 
43, 248, 204, -146, -80, 226, 0, 146, 92, 14, 4, 4, 
34, 258, 224, -146, -95, 241, 0, 146, 92, 19, 4, 14, 
48, 239, 190, -143, -70, 214, -4, 141, 87, 9, 14, 4, 
58, 239, 180, -148, -61, 209, -9, 136, 87, 9, 14, 4, 
73, 239, 165, -156, -46, 202, -14, 136, 92, 14, 14, 4, 
87, 239, 151, -163, -31, 195, -19, 131, 97, 14, 14, 4, 
97, 253, 156, -175, -29, 204, -19, 126, 102, 14, 4, 4, 
102, 258, 156, -180, -26, 207, -19, 126, 102, 24, 9, 9, 
117, 263, 146, -190, -14, 204, -19, 136, 102, 29, 14, 19, 
97, 263, 165, -180, -34, 214, -19, 141, 107, 34, 19, 19, 
82, 248, 165, -165, -41, 207, -9, 146, 102, 39, 29, 29, 
87, 248, 161, -168, -36, 204, -9, 146, 102, 39, 29, 29, 
87, 248, 161, -168, -36, 204, -9, 146, 102, 39, 29, 29, 
82, 248, 165, -165, -41, 207, -9, 146, 102, 48, 29, 29, 
78, 244, 165, -161, -43, 204, -19, 136, 112, 58, 29, 24, 
87, 244, 156, -165, -34, 200, -19, 136, 112, 58, 29, 24, 
92, 248, 156, -170, -31, 202, -24, 136, 117, 58, 29, 24, 
92, 248, 156, -170, -31, 202, -24, 141, 126, 68, 39, 34, 
92, 263, 170, -178, -39, 217, -24, 151, 126, 82, 43, 43, 
82, 263, 180, -173, -48, 222, -24, 161, 131, 87, 53, 48, 
78, 263, 185, -170, -53, 224, -19, 165, 131, 97, 58, 63, 
78, 268, 190, -173, -56, 229, -19, 170, 141, 107, 68, 73, 
107, 283, 175, -195, -34, 229, -19, 165, 136, 107, 73, 63, 
117, 278, 161, -197, -21, 219, -19, 165, 136, 107, 73, 68, 
151, 292, 141, -222, 4, 217, -24, 165, 141, 112, 78, 73, 
185, 302, 117, -244, 34, 209, -24, 165, 141, 112, 78, 73, 
170, 287, 117, -229, 26, 202, -34, 156, 146, 126, 82, 82, 
161, 287, 126, -224, 17, 207, -34, 161, 151, 136, 82, 82, 
161, 287, 126, -224, 17, 207, -39, 165, 151, 136, 92, 92, 
165, 292, 126, -229, 19, 209, -39, 165, 156, 146, 97, 97, 
165, 292, 126, -229, 19, 209, -39, 180, 151, 156, 102, 92, 
165, 292, 126, -229, 19, 209, -39, 185, 151, 165, 107, 97, 
170, 292, 122, -231, 24, 207, -39, 185, 156, 165, 112, 102, 
185, 297, 112, -241, 36, 204, -39, 190, 161, 175, 122, 107, 
175, 312, 136, -244, 19, 224, -34, 195, 170, 200, 136, 117, 
165, 322, 156, -244, 4, 239, -24, 200, 185, 209, 146, 131, 
175, 331, 156, -253, 9, 244, -19, 200, 195, 219, 156, 146, 
185, 341, 156, -263, 14, 248, -29, 200, 200, 224, 156, 151, 
204, 331, 126, -268, 39, 229, -39, 190, 185, 214, 146, 146, 
204, 331, 126, -268, 39, 229, -48, 190, 185, 219, 146, 146, 
214, 331, 117, -273, 48, 224, -63, 185, 185, 219, 151, 151, 
224, 331, 107, -278, 58, 219, -73, 180, 185, 229, 156, 156, 
229, 331, 102, -280, 63, 217, -68, 190, 190, 244, 156, 165, 
234, 331, 97, -283, 68, 214, -68, 185, 190, 244, 156, 165, 
244, 341, 97, -292, 73, 219, -68, 185, 190, 258, 170, 175, 
244, 346, 102, -295, 70, 224, -78, 185, 195, 263, 175, 180, 
234, 356, 122, -295, 56, 239, -73, 175, 195, 273, 180, 185, 
239, 361, 122, -300, 58, 241, -73, 175, 200, 283, 180, 200, 
244, 361, 117, -302, 63, 239, -78, 175, 200, 283, 190, 200, 
253, 370, 117, -312, 68, 244, -82, 165, 200, 292, 190, 200, 
273, 380, 107, -326, 82, 244, -97, 175, 200, 292, 200, 204, 
283, 395, 112, -339, 85, 253, -97, 175, 200, 297, 209, 219, 
283, 400, 117, -341, 82, 258, -97, 175, 200, 302, 214, 219, 
292, 405, 112, -348, 90, 258, -97, 170, 200, 302, 214, 219, 
283, 400, 117, -341, 82, 258, -117, 161, 195, 302, 214, 219, 
292, 395, 102, -344, 95, 248, -117, 151, 190, 297, 209, 224, 
292, 390, 97, -341, 97, 244, -122, 141, 185, 292, 209, 224, 
297, 395, 97, -346, 100, 246, -122, 136, 185, 292, 209, 229, 
297, 405, 107, -351, 95, 256, -122, 131, 195, 297, 219, 239, 
302, 409, 107, -356, 97, 258, -131, 126, 190, 297, 219, 239, 
302, 414, 112, -358, 95, 263, -141, 117, 185, 292, 219, 234, 
292, 414, 122, -353, 85, 268, -141, 107, 180, 287, 214, 234, 
273, 400, 126, -336, 73, 263, -131, 107, 175, 273, 214, 239, 
253, 395, 141, -324, 56, 268, -126, 102, 175, 273, 214, 248, 
244, 390, 146, -317, 48, 268, -126, 97, 165, 273, 214, 239, 
224, 385, 161, -305, 31, 273, -126, 92, 165, 263, 214, 229, 
224, 400, 175, -312, 24, 287, -112, 102, 170, 263, 219, 234, 
229, 405, 175, -317, 26, 290, -112, 97, 170, 253, 204, 229, 
234, 409, 175, -322, 29, 292, -112, 92, 161, 244, 200, 224, 
229, 400, 170, -314, 29, 285, -107, 92, 156, 229, 190, 219, 
214, 385, 170, -300, 21, 278, -107, 87, 141, 219, 175, 200, 
204, 380, 175, -292, 14, 278, -112, 68, 136, 200, 151, 185, 
200, 370, 170, -285, 14, 270, -122, 53, 122, 175, 126, 165, 
190, 366, 175, -278, 7, 270, -126, 39, 112, 156, 107, 151, 
180, 346, 165, -263, 7, 256, -122, 39, 102, 141, 102, 141, 
175, 331, 156, -253, 9, 244, -122, 29, 97, 126, 97, 131, 
180, 331, 151, -256, 14, 241, -122, 24, 87, 112, 82, 126, 
180, 326, 146, -253, 17, 236, -117, 19, 87, 102, 78, 112, 
151, 312, 161, -231, -4, 236, -112, 24, 82, 97, 73, 117, 
126, 307, 180, -217, -26, 244, -107, 19, 78, 87, 63, 102, 
112, 307, 195, -209, -41, 251, -102, 19, 63, 78, 53, 92, 
97, 297, 200, -197, -51, 248, -97, 14, 53, 63, 34, 78, 
107, 302, 195, -204, -43, 248, -97, 9, 53, 53, 39, 78, 
107, 297, 190, -202, -41, 244, -97, 4, 48, 39, 24, 68, 
122, 297, 175, -209, -26, 236, -97, 0, 39, 29, 19, 68, 
136, 297, 161, -217, -12, 229, -102, -4, 34, 14, 14, 58, 
107, 283, 175, -195, -34, 229, -92, 4, 39, 4, 14, 48, 
82, 278, 195, -180, -56, 236, -82, 4, 34, 0, 9, 43, 
68, 273, 204, -170, -68, 239, -82, 0, 34, -9, 4, 39, 
53, 268, 214, -161, -80, 241, -82, -4, 24, -9, -4, 29, 
58, 244, 185, -151, -63, 214, -102, -9, 14, -34, -19, 19, 
63, 239, 175, -151, -56, 207, -107, -19, 4, -43, -29, 9, 
58, 234, 175, -146, -58, 204, -107, -24, -4, -48, -34, 0, 
53, 229, 175, -141, -61, 202, -112, -29, -9, -53, -43, -4, 
68, 239, 170, -153, -51, 204, -107, -19, 0, -58, -43, -4, 
73, 239, 165, -156, -46, 202, -102, -19, -4, -53, -39, 0, 
78, 239, 161, -158, -41, 200, -92, -24, -9, -53, -43, -4, 
82, 244, 161, -163, -39, 202, -87, -24, -9, -58, -39, -4, 
63, 239, 175, -151, -56, 207, -102, -24, -9, -58, -39, -9, 
53, 234, 180, -143, -63, 207, -102, -24, -9, -58, -43, -9, 
29, 224, 195, -126, -82, 209, -97, -24, -19, -58, -48, -9, 
39, 219, 180, -129, -70, 200, -97, -29, -19, -63, -48, -14, 
58, 229, 170, -143, -56, 200, -97, -29, -19, -63, -48, -14, 
63, 234, 170, -148, -53, 202, -97, -29, -19, -63, -48, -14, 
63, 239, 175, -151, -56, 207, -97, -29, -19, -63, -48, -14, 
58, 239, 180, -148, -61, 209, -97, -29, -19, -68, -53, -19, 
48, 239, 190, -143, -70, 214, -87, -14, -9, -63, -43, -9, 
43, 244, 200, -143, -78, 222, -78, -14, -4, -58, -39, -9, 
53, 248, 195, -151, -70, 222, -78, -14, -4, -53, -34, 0, 
58, 253, 195, -156, -68, 224, -78, -14, -9, -48, -34, 0, 
39, 239, 200, -139, -80, 219, -82, -19, -4, -58, -39, -4, 
29, 234, 204, -131, -87, 219, -82, -24, -4, -53, -39, -4, 
34, 239, 204, -136, -85, 222, -82, -29, -4, -53, -39, -4, 
29, 234, 204, -131, -87, 219, -82, -34, -4, -58, -39, -4, 
24, 224, 200, -124, -87, 212, -97, -34, -19, -68, -43, -24, 
34, 224, 190, -129, -78, 207, -97, -34, -19, -68, -48, -24, 
34, 229, 195, -131, -80, 212, -97, -29, -19, -68, -48, -19, 
34, 229, 195, -131, -80, 212, -97, -29, -19, -68, -48, -19, 
43, 239, 195, -141, -75, 217, -87, -39, -19, -73, -48, -19, 
43, 239, 195, -141, -75, 217, -87, -34, -19, -73, -48, -19, 
53, 234, 180, -143, -63, 207, -87, -34, -19, -73, -48, -19, 
63, 234, 170, -148, -53, 202, -87, -34, -14, -73, -43, -14, 
48, 234, 185, -141, -68, 209, -97, -34, -14, -63, -53, -14, 
48, 234, 185, -141, -68, 209, -97, -34, -14, -63, -53, -14, 
53, 234, 180, -143, -63, 207, -102, -43, -24, -68, -58, -24, 
63, 234, 170, -148, -53, 202, -102, -43, -24, -73, -58, -24, 
53, 234, 180, -143, -63, 207, -92, -39, -14, -63, -48, -14, 
43, 239, 195, -141, -75, 217, -92, -34, -14, -63, -48, -14, 
34, 239, 204, -136, -85, 222, -87, -24, -9, -58, -48, -9, 
9, 239, 229, -124, -109, 234, -87, -19, -9, -58, -48, -9, 
4, 224, 219, -114, -107, 222, -97, -24, -19, -68, -58, -9, 
24, 219, 195, -122, -85, 207, -97, -29, -24, -68, -58, -9, 
29, 219, 190, -124, -80, 204, -97, -34, -24, -68, -58, -14, 
34, 219, 185, -126, -75, 202, -102, -39, -24, -68, -58, -14, 
48, 234, 185, -141, -68, 209, -102, -29, -19, -68, -48, -9, 
53, 239, 185, -146, -65, 212, -102, -24, -19, -68, -48, -9, 
48, 244, 195, -146, -73, 219, -97, -24, -14, -63, -43, -9, 
53, 244, 190, -148, -68, 217, -97, -24, -14, -53, -43, -9, 
48, 239, 190, -143, -70, 214, -87, -19, -4, -53, -43, -9, 
43, 239, 195, -141, -75, 217, -87, -19, -4, -53, -43, -9, 
48, 253, 204, -151, -78, 229, -87, -14, -4, -48, -39, 0, 
58, 253, 195, -156, -68, 224, -87, -14, -4, -43, -34, 0, 
58, 239, 180, -148, -61, 209, -92, -19, -19, -48, -39, -9, 
48, 234, 185, -141, -68, 209, -97, -24, -24, -53, -43, -9, 
48, 234, 185, -141, -68, 209, -102, -29, -24, -63, -48, -9, 
53, 234, 180, -143, -63, 207, -112, -34, -29, -68, -53, -9, 
58, 244, 185, -151, -63, 214, -107, -29, -14, -63, -39, -4, 
63, 248, 185, -156, -61, 217, -97, -24, -9, -53, -34, 0, 
68, 253, 185, -161, -58, 219, -92, -19, -4, -48, -29, 4, 
73, 258, 185, -165, -56, 222, -87, -14, 0, -43, -24, 9, 
53, 263, 209, -158, -78, 236, -78, -14, 0, -34, -34, 9, 
48, 263, 214, -156, -82, 239, -78, -14, 0, -29, -29, 9, 
43, 258, 214, -151, -85, 236, -78, -14, 0, -29, -29, 9, 
24, 253, 229, -139, -102, 241, -78, -14, 0, -29, -29, 9, 
48, 248, 200, -148, -75, 224, -92, -29, -9, -39, -43, 4, 
58, 244, 185, -151, -63, 214, -102, -39, -19, -48, -48, 0, 
68, 239, 170, -153, -51, 204, -107, -43, -29, -58, -53, -4, 
92, 239, 146, -165, -26, 192, -112, -48, -39, -68, -58, -4, 
92, 239, 146, -165, -26, 192, -117, -48, -29, -63, -53, -14, 
78, 229, 151, -153, -36, 190, -122, -48, -29, -68, -53, -19, 
73, 224, 151, -148, -39, 187, -122, -48, -34, -68, -53, -19, 
73, 224, 151, -148, -39, 187, -117, -48, -34, -63, -53, -19, 
73, 244, 170, -158, -48, 207, -102, -34, -29, -58, -39, -4, 
68, 248, 180, -158, -56, 214, -92, -24, -24, -43, -34, 4, 
68, 253, 185, -161, -58, 219, -87, -19, -14, -39, -24, 14, 
63, 258, 195, -161, -65, 226, -82, -14, -9, -39, -19, 19, 
53, 234, 180, -143, -63, 207, -107, -24, -34, -53, -29, -4, 
53, 224, 170, -139, -58, 197, -112, -34, -39, -68, -43, -9, 
63, 224, 161, -143, -48, 192, -112, -48, -39, -63, -53, -9, 
68, 224, 156, -146, -43, 190, -117, -58, -43, -68, -63, -14, 
73, 239, 165, -156, -46, 202, -107, -53, -34, -58, -53, -4, 
78, 244, 165, -161, -43, 204, -107, -48, -34, -58, -53, -4, 
82, 248, 165, -165, -41, 207, -107, -43, -34, -58, -43, -4, 
87, 253, 165, -170, -39, 209, -107, -34, -34, -58, -43, -4, 
78, 263, 185, -170, -53, 224, -97, -34, -34, -58, -48, 4, 
73, 258, 185, -165, -56, 222, -97, -39, -34, -58, -48, 4, 
73, 253, 180, -163, -53, 217, -97, -43, -34, -63, -48, 4, 
73, 253, 180, -163, -53, 217, -102, -43, -39, -68, -53, 0, 
63, 244, 180, -153, -58, 212, -102, -34, -29, -58, -43, -9, 
48, 244, 195, -146, -73, 219, -97, -29, -29, -53, -43, -4, 
39, 248, 209, -143, -85, 229, -97, -29, -29, -53, -43, -4, 
34, 248, 214, -141, -90, 231, -97, -29, -29, -53, -39, -4, 
43, 244, 200, -143, -78, 222, -97, -39, -39, -63, -48, -4, 
43, 234, 190, -139, -73, 212, -97, -34, -39, -63, -48, -4, 
34, 229, 195, -131, -80, 212, -97, -34, -39, -63, -48, -4, 
34, 229, 195, -131, -80, 212, -97, -39, -39, -63, -48, -4, 
48, 244, 195, -146, -73, 219, -102, -39, -34, -68, -43, 0, 
53, 244, 190, -148, -68, 217, -102, -43, -34, -73, -43, 0, 
53, 248, 195, -151, -70, 222, -112, -43, -39, -78, -48, -4, 
53, 244, 190, -148, -68, 217, -112, -43, -39, -78, -48, -4, 
63, 239, 175, -151, -56, 207, -107, -43, -48, -73, -48, -9, 
68, 239, 170, -153, -51, 204, -107, -43, -48, -73, -48, -14, 
68, 239, 170, -153, -51, 204, -107, -43, -48, -73, -48, -19, 
63, 234, 170, -148, -53, 202, -107, -43, -48, -73, -43, -24, 
63, 244, 180, -153, -58, 212, -112, -53, -48, -73, -43, -14, 
63, 244, 180, -153, -58, 212, -112, -53, -48, -73, -48, -14, 
68, 239, 170, -153, -51, 204, -112, -53, -48, -82, -63, -14, 
73, 239, 165, -156, -46, 202, -112, -53, -48, -82, -68, -14, 
48, 234, 185, -141, -68, 209, -97, -39, -43, -68, -48, 0, 
24, 234, 209, -129, -92, 222, -92, -29, -34, -63, -39, 4, 
9, 239, 229, -124, -109, 234, -87, -24, -29, -58, -39, 9, 
9, 239, 229, -124, -109, 234, -82, -24, -34, -53, -29, 14, 
39, 229, 190, -134, -75, 209, -92, -39, -43, -63, -39, 4, 
34, 224, 190, -129, -78, 207, -92, -39, -43, -63, -39, 0, 
19, 224, 204, -122, -92, 214, -102, -39, -43, -68, -39, -4, 
24, 224, 200, -124, -87, 212, -102, -39, -48, -68, -39, -4, 
43, 234, 190, -139, -73, 212, -112, -43, -58, -73, -43, -14, 
68, 239, 170, -153, -51, 204, -107, -48, -53, -78, -48, -9, 
68, 239, 170, -153, -51, 204, -102, -53, -53, -78, -53, -9, 
63, 234, 170, -148, -53, 202, -102, -53, -53, -82, -58, -14, 
53, 224, 170, -139, -58, 197, -102, -53, -53, -82, -58, -14, 
58, 224, 165, -141, -53, 195, -102, -53, -53, -82, -58, -14, 
63, 219, 156, -141, -46, 187, -102, -53, -58, -92, -63, -14, 
63, 219, 156, -141, -46, 187, -107, -63, -58, -97, -63, -19, 
68, 229, 161, -148, -46, 195, -97, -53, -58, -87, -58, -19, 
78, 244, 165, -161, -43, 204, -97, -48, -53, -82, -48, -19, 
68, 248, 180, -158, -56, 214, -97, -48, -53, -82, -43, -14, 
63, 248, 185, -156, -61, 217, -102, -48, -53, -82, -43, -14, 
48, 244, 195, -146, -73, 219, -102, -48, -53, -82, -53, -19, 
53, 239, 185, -146, -65, 212, -102, -48, -53, -82, -53, -19, 
53, 234, 180, -143, -63, 207, -102, -48, -53, -87, -58, -19, 
48, 229, 180, -139, -65, 204, -102, -48, -53, -87, -58, -19, 
29, 229, 200, -129, -85, 214, -87, -39, -43, -82, -43, -9, 
39, 234, 195, -136, -78, 214, -97, -39, -48, -87, -39, -19, 
48, 239, 190, -143, -70, 214, -97, -39, -39, -87, -39, -9, 
48, 244, 195, -146, -73, 219, -97, -39, -39, -87, -39, -9, 
48, 248, 200, -148, -75, 224, -97, -39, -39, -87, -39, -9, 
48, 253, 204, -151, -78, 229, -97, -39, -39, -87, -39, -9, 
48, 248, 200, -148, -75, 224, -107, -43, -53, -92, -48, -24, 
63, 244, 180, -153, -58, 212, -107, -53, -53, -97, -58, -29, 
63, 234, 170, -148, -53, 202, -107, -58, -53, -102, -68, -34, 
63, 224, 161, -143, -48, 192, -107, -63, -53, -107, -73, -34, 
58, 229, 170, -143, -56, 200, -92, -48, -48, -92, -53, -24, 
48, 234, 185, -141, -68, 209, -92, -43, -43, -92, -48, -19, 
43, 229, 185, -136, -70, 207, -87, -39, -39, -87, -43, -14, 
39, 234, 195, -136, -78, 214, -87, -34, -34, -82, -39, -9, 
19, 239, 219, -129, -100, 229, -97, -39, -39, -82, -43, -19, 
9, 244, 234, -126, -112, 239, -87, -39, -29, -73, -43, -9, 
19, 253, 234, -136, -107, 244, -87, -34, -29, -73, -43, -9, 
24, 253, 229, -139, -102, 241, -87, -34, -24, -73, -39, -9, 
19, 273, 253, -146, -117, 263, -78, -24, -19, -63, -34, -9, 
14, 278, 263, -146, -124, 270, -63, -19, -4, -63, -29, -4, 
19, 287, 268, -153, -124, 278, -48, -4, 9, -53, -9, 19, 
24, 297, 273, -161, -124, 285, -53, 0, 14, -53, -4, 24, 
48, 302, 253, -175, -102, 278, -63, -9, 9, -63, -19, 9, 
68, 302, 234, -185, -82, 268, -68, -14, 4, -63, -19, 9, 
82, 312, 229, -197, -73, 270, -78, -19, 4, -63, -24, 9, 
97, 322, 224, -209, -63, 273, -87, -29, -4, -68, -29, 4, 
87, 317, 229, -202, -70, 273, -87, -19, 0, -58, -19, 9, 
78, 312, 234, -195, -78, 273, -82, -19, 9, -58, -19, 9, 
63, 312, 248, -187, -92, 280, -78, -19, 19, -48, -9, 14, 
53, 326, 273, -190, -109, 300, -73, -19, 34, -39, 0, 29, 
68, 341, 273, -204, -102, 307, -92, -34, 29, -48, 0, 19, 
87, 341, 253, -214, -82, 297, -107, -53, 24, -53, -4, 19, 
102, 351, 248, -226, -73, 300, -126, -73, 19, -53, -9, 19, 
92, 361, 268, -226, -87, 314, -141, -102, 14, -43, -14, 29, 
78, 356, 278, -217, -100, 317, -151, -112, 14, -43, 4, 39, 
92, 361, 268, -226, -87, 314, -161, -122, -4, -53, -4, 34, 
107, 361, 253, -234, -73, 307, -185, -136, -9, -58, -4, 34, 
92, 361, 268, -226, -87, 314, -200, -151, -9, -58, -4, 34, 
102, 385, 283, -244, -90, 334, -200, -146, 0, -48, 0, 43, 
122, 390, 268, -256, -73, 329, -190, -141, -9, -48, 4, 48, 
122, 390, 268, -256, -73, 329, -180, -146, -9, -48, 4, 48, 
97, 385, 287, -241, -95, 336, -170, -126, -9, -48, 4, 48, 
73, 370, 297, -222, -112, 334, -180, -126, -9, -58, 4, 43, 
82, 366, 283, -224, -100, 324, -175, -122, -4, -53, 9, 48, 
82, 361, 278, -222, -97, 319, -170, -117, -4, -53, 9, 43, 
78, 356, 278, -217, -100, 317, -170, -112, -9, -58, 4, 39, 
97, 351, 253, -224, -78, 302, -180, -107, -34, -58, -9, 39, 
102, 341, 239, -222, -68, 290, -175, -102, -34, -58, -9, 39, 
97, 326, 229, -212, -65, 278, -170, -92, -34, -63, -9, 34, 
102, 317, 214, -209, -56, 265, -161, -82, -43, -63, -9, 34, 
122, 322, 200, -222, -39, 261, -146, -78, -43, -63, -9, 34, 
126, 307, 180, -217, -26, 244, -141, -73, -48, -78, -24, 24, 
122, 287, 165, -204, -21, 226, -136, -73, -58, -78, -24, 14, 
122, 278, 156, -200, -17, 217, -131, -68, -68, -82, -24, 9, 
102, 268, 165, -185, -31, 217, -131, -68, -68, -92, -29, 9, 
87, 248, 161, -168, -36, 204, -126, -68, -68, -97, -43, 4, 
82, 248, 165, -165, -41, 207, -126, -73, -73, -102, -48, -4, 
68, 244, 175, -156, -53, 209, -117, -78, -78, -112, -53, -9, 
43, 234, 190, -139, -73, 212, -112, -63, -78, -112, -53, -14, 
39, 234, 195, -136, -78, 214, -107, -58, -73, -112, -63, -19, 
39, 229, 190, -134, -75, 209, -97, -53, -73, -117, -63, -29, 
39, 234, 195, -136, -78, 214, -87, -48, -68, -112, -63, -29, 
19, 214, 195, -117, -87, 204, -73, -29, -63, -107, -63, -29, 
-4, 200, 204, -97, -104, 202, -73, -29, -63, -107, -58, -29, 
-4, 200, 204, -97, -104, 202, -78, -29, -63, -112, -58, -24, 
-14, 204, 219, -95, -117, 212, -78, -29, -63, -112, -58, -24, 
9, 214, 204, -112, -97, 209, -92, -39, -78, -117, -73, -34, 
29, 209, 180, -119, -75, 195, -92, -48, -87, -131, -82, -39, 
53, 209, 156, -131, -51, 183, -97, -63, -92, -136, -87, -43, 
73, 204, 131, -139, -29, 168, -107, -73, -97, -141, -92, -53, 
58, 200, 141, -129, -41, 170, -97, -68, -97, -141, -82, -53, 
43, 195, 151, -119, -53, 173, -97, -63, -87, -136, -82, -53, 
39, 190, 151, -114, -56, 170, -97, -53, -87, -136, -82, -53, 
39, 190, 151, -114, -56, 170, -92, -48, -92, -136, -82, -53, 
39, 200, 161, -119, -61, 180, -92, -48, -92, -136, -73, -43, 
39, 200, 161, -119, -61, 180, -87, -48, -92, -141, -73, -43, 
48, 200, 151, -124, -51, 175, -82, -43, -92, -141, -73, -43, 
34, 204, 170, -119, -68, 187, -78, -34, -82, -141, -73, -43, 
24, 190, 165, -107, -70, 178, -87, -53, -82, -141, -73, -43, 
14, 185, 170, -100, -78, 178, -92, -53, -87, -141, -73, -43, 
14, 180, 165, -97, -75, 173, -92, -53, -87, -141, -73, -43, 
14, 175, 161, -95, -73, 168, -92, -48, -87, -141, -73, -43, 
24, 180, 156, -102, -65, 168, -82, -39, -73, -126, -63, -43, 
24, 185, 161, -104, -68, 173, -82, -39, -73, -126, -63, -39, 
14, 190, 175, -102, -80, 183, -73, -29, -68, -126, -63, -39, 
4, 195, 190, -100, -92, 192, -73, -29, -68, -126, -58, -39, 
63, 214, 151, -139, -43, 183, -73, -39, -78, -136, -78, -39, 
29, 204, 175, -117, -73, 190, -78, -48, -78, -136, -73, -53, 
9, 224, 214, -117, -102, 219, -58, -29, -53, -136, -78, -63, 
4, 234, 229, -119, -112, 231, -29, -4, -9, -141, -87, -78, 
-24, 229, 253, -102, -139, 241, -4, 34, 14, -141, -97, -97, 
-53, 239, 292, -92, -173, 265, 19, 78, 48, -131, -107, -112, 
-63, 263, 326, -100, -195, 295, 48, 117, 97, -112, -87, -102, 
-63, 273, 336, -104, -200, 305, 68, 156, 136, -68, -34, -63, 
-63, 273, 336, -104, -200, 305, 78, 185, 156, -9, 14, -24, 
-48, 258, 307, -104, -178, 283, 92, 219, 165, 48, 58, 19, 
34, 278, 244, -156, -104, 261, 112, 273, 195, 141, 141, 102, 
185, 341, 156, -263, 14, 248, 87, 297, 209, 283, 273, 234, 
336, 400, 63, -368, 136, 231, 34, 278, 234, 439, 429, 390, 
497, 444, -53, -470, 275, 195, -39, 229, 258, 634, 605, 580, 
692, 512, -180, -602, 436, 165, -161, 131, 253, 878, 829, 810, 
907, 619, -287, -763, 597, 165, -317, -43, 185, 1122, 1073, 1054, 
1141, 727, -414, -934, 778, 156, -522, -263, 58, 1317, 1283, 1278, 
1381, 844, -536, -1112, 958, 153, -756, -497, -112, 1478, 1459, 1493, 
1551, 941, -610, -1246, 1080, 165, -966, -697, -292, 1576, 1600, 1668, 
1634, 961, -673, -1298, 1154, 143, -1102, -819, -444, 1551, 1586, 1712, 
1600, 878, -722, -1239, 1161, 78, -1141, -858, -590, 1278, 1337, 1551, 
1454, 712, -741, -1083, 1098, -14, -1073, -810, -727, 814, 912, 1224, 
1259, 507, -751, -883, 1005, -122, -951, -712, -854, 390, 507, 868, 
1049, 400, -649, -724, 849, -124, -858, -678, -936, 117, 268, 614, 
844, 434, -409, -639, 627, 12, -829, -756, -985, -68, 156, 488, 
634, 429, -204, -531, 419, 112, -819, -834, -1015, -224, 73, 400, 
483, 356, -126, -419, 305, 114, -785, -844, -995, -361, -24, 283, 
414, 317, -97, -366, 256, 109, -727, -775, -922, -439, -112, 170, 
356, 297, -58, -326, 207, 119, -644, -678, -810, -444, -146, 92, 
312, 263, -48, -287, 180, 107, -575, -580, -697, -409, -146, 63, 
297, 263, -34, -280, 165, 114, -527, -507, -580, -346, -131, 43, 
278, 263, -14, -270, 146, 124, -448, -385, -444, -263, -92, 53, 
258, 248, -9, -253, 134, 119, -346, -248, -331, -180, -58, 63, 
229, 229, 0, -229, 114, 114, -263, -151, -248, -117, -34, 53, 
175, 214, 39, -195, 68, 126, -204, -97, -180, -78, -19, 63, 
122, 195, 73, -158, 24, 134, -136, -48, -126, -39, 9, 73, 
136, 204, 68, -170, 34, 136, -92, 4, -82, -9, 19, 78, 
141, 244, 102, -192, 19, 173, -58, 29, -34, 0, 39, 78, 
73, 244, 170, -158, -48, 207, -48, 48, -14, 0, 39, 68, 
29, 234, 204, -131, -87, 219, -43, 58, -9, -29, 14, 48, 
78, 253, 175, -165, -48, 214, -53, 39, -14, -43, 0, 24, 
117, 263, 146, -190, -14, 204, -82, 14, -24, -68, -24, -4, 
102, 258, 156, -180, -26, 207, -87, 9, -29, -68, -29, -4, 
92, 253, 161, -173, -34, 207, -82, 9, -29, -63, -29, 0, 
87, 244, 156, -165, -34, 200, -73, 14, -29, -58, -19, 9, 
87, 239, 151, -163, -31, 195, -63, 24, -29, -48, -14, 14, 
87, 234, 146, -161, -29, 190, -48, 39, -14, -43, -9, 24, 
68, 224, 156, -146, -43, 190, -34, 53, -4, -39, -4, 24, 
53, 209, 156, -131, -51, 183, -24, 68, 0, -39, 0, 14, 
48, 204, 156, -126, -53, 180, -24, 73, 9, -48, 0, 9, 
48, 224, 175, -136, -63, 200, -24, 73, 24, -58, -14, -4, 
48, 239, 190, -143, -70, 214, -29, 73, 24, -53, -14, -9, 
39, 244, 204, -141, -82, 224, -29, 63, 24, -53, -14, -9, 
34, 248, 214, -141, -90, 231, -34, 63, 24, -48, -14, -4, 
39, 239, 200, -139, -80, 219, -34, 58, 14, -29, 4, 9, 
53, 239, 185, -146, -65, 212, -29, 58, 14, -24, 14, 19, 
63, 234, 170, -148, -53, 202, -24, 63, 14, -24, 14, 19, 
68, 234, 165, -151, -48, 200, -24, 68, 24, -24, 19, 19, 
58, 224, 165, -141, -53, 195, -19, 73, 14, -34, 9, 4, 
53, 224, 170, -139, -58, 197, -19, 73, 29, -34, 0, 4, 
53, 234, 180, -143, -63, 207, -19, 73, 34, -34, 0, 4, 
48, 234, 185, -141, -68, 209, -24, 73, 34, -34, 4, 4, 
58, 224, 165, -141, -53, 195, -29, 58, 34, -43, -4, 4, 
68, 229, 161, -148, -46, 195, -34, 58, 34, -39, -4, 4, 
78, 239, 161, -158, -41, 200, -39, 58, 34, -39, -4, 9, 
63, 224, 161, -143, -48, 192, -43, 58, 34, -39, -4, 9, 
48, 229, 180, -139, -65, 204, -29, 63, 43, -24, 4, 14, 
48, 229, 180, -139, -65, 204, -24, 73, 48, -14, 14, 19, 
48, 234, 185, -141, -68, 209, -19, 82, 48, -4, 24, 24, 
43, 234, 190, -139, -73, 212, -14, 87, 53, 9, 34, 29, 
58, 253, 195, -156, -68, 224, -24, 78, 58, -4, 19, 24, 
68, 258, 190, -163, -61, 224, -24, 78, 63, -9, 19, 19, 
82, 263, 180, -173, -48, 222, -24, 78, 63, -9, 14, 14, 
97, 268, 170, -183, -36, 219, -24, 78, 63, -14, 9, 9, 
82, 268, 185, -175, -51, 226, -34, 78, 53, -4, 19, 14, 
82, 258, 175, -170, -46, 217, -34, 82, 53, -4, 29, 19, 
87, 248, 161, -168, -36, 204, -29, 87, 63, 4, 34, 24, 
82, 248, 165, -165, -41, 207, -29, 87, 63, 9, 34, 34, 
63, 244, 180, -153, -58, 212, -24, 97, 73, 19, 43, 34, 
58, 248, 190, -153, -65, 219, -19, 97, 78, 19, 43, 34, 
58, 253, 195, -156, -68, 224, -14, 102, 87, 24, 43, 34, 
58, 258, 200, -158, -70, 229, -9, 102, 97, 24, 43, 34, 
82, 263, 180, -173, -48, 222, -14, 97, 97, 14, 39, 34, 
92, 268, 175, -180, -41, 222, -19, 97, 92, 24, 39, 39, 
112, 273, 161, -192, -24, 217, -24, 107, 87, 29, 39, 48, 
97, 273, 175, -185, -39, 224, -29, 112, 87, 34, 39, 48, 
107, 278, 170, -192, -31, 224, -19, 107, 92, 48, 43, 48, 
117, 278, 161, -197, -21, 219, -19, 107, 92, 48, 48, 48, 
122, 278, 156, -200, -17, 217, -19, 107, 92, 48, 53, 48, 
122, 278, 156, -200, -17, 217, -19, 107, 92, 58, 58, 48, 
117, 273, 156, -195, -19, 214, -29, 107, 92, 48, 53, 48, 
126, 273, 146, -200, -9, 209, -29, 107, 92, 48, 48, 43, 
131, 278, 146, -204, -7, 212, -34, 107, 97, 48, 43, 39, 
131, 278, 146, -204, -7, 212, -34, 112, 107, 58, 48, 43, 
131, 283, 151, -207, -9, 217, -29, 117, 117, 68, 68, 63, 
112, 283, 170, -197, -29, 226, -24, 131, 122, 78, 82, 68, 
97, 283, 185, -190, -43, 234, -14, 141, 122, 92, 92, 82, 
87, 287, 200, -187, -56, 244, -9, 151, 131, 107, 107, 92, 
102, 297, 195, -200, -46, 246, -14, 146, 126, 112, 97, 82, 
97, 287, 190, -192, -46, 239, -19, 146, 126, 107, 92, 87, 
117, 297, 180, -207, -31, 239, -29, 146, 131, 107, 92, 92, 
136, 302, 165, -219, -14, 234, -34, 146, 131, 102, 87, 92, 
151, 307, 156, -229, -2, 231, -34, 156, 146, 117, 92, 92, 
151, 317, 165, -234, -7, 241, -34, 161, 151, 126, 92, 92, 
161, 326, 165, -244, -2, 246, -39, 165, 151, 126, 102, 102, 
175, 341, 165, -258, 4, 253, -39, 165, 156, 136, 107, 107, 
165, 326, 161, -246, 2, 244, -29, 161, 161, 136, 122, 112, 
165, 322, 156, -244, 4, 239, -29, 165, 161, 146, 126, 117, 
170, 317, 146, -244, 12, 231, -29, 165, 165, 146, 131, 122, 
185, 317, 131, -251, 26, 224, -29, 170, 170, 156, 141, 126, 
195, 336, 141, -265, 26, 239, -39, 185, 185, 180, 146, 141, 
185, 351, 165, -268, 9, 258, -34, 190, 195, 190, 156, 151, 
195, 366, 170, -280, 12, 268, -34, 190, 200, 200, 165, 161, 
204, 380, 175, -292, 14, 278, -48, 190, 200, 204, 165, 161, 
204, 370, 165, -287, 19, 268, -48, 185, 190, 209, 170, 161, 
204, 370, 165, -287, 19, 268, -48, 190, 195, 219, 175, 165, 
214, 370, 156, -292, 29, 263, -53, 190, 200, 224, 185, 175, 
224, 370, 146, -297, 39, 258, -53, 190, 204, 239, 195, 185, 
229, 375, 146, -302, 41, 261, -48, 200, 219, 244, 204, 195, 
234, 380, 146, -307, 43, 263, -48, 195, 219, 244, 204, 195, 
244, 395, 151, -319, 46, 273, -48, 195, 219, 258, 219, 204, 
244, 405, 161, -324, 41, 283, -58, 195, 224, 263, 224, 209, 
248, 414, 165, -331, 41, 290, -63, 195, 224, 273, 239, 214, 
258, 419, 161, -339, 48, 290, -63, 195, 229, 283, 239, 229, 
268, 419, 151, -344, 58, 285, -68, 195, 229, 283, 248, 229, 
283, 429, 146, -356, 68, 287, -73, 185, 229, 292, 248, 229, 
307, 424, 117, -366, 95, 270, -87, 175, 219, 292, 248, 234, 
312, 434, 122, -373, 95, 278, -87, 175, 219, 297, 258, 248, 
307, 434, 126, -370, 90, 280, -87, 175, 219, 302, 263, 248, 
312, 434, 122, -373, 95, 278, -87, 170, 219, 302, 263, 248, 
302, 444, 141, -373, 80, 292, -97, 170, 219, 307, 268, 253, 
302, 444, 141, -373, 80, 292, -97, 170, 219, 307, 268, 263, 
292, 444, 151, -368, 70, 297, -102, 170, 219, 307, 273, 268, 
287, 453, 165, -370, 61, 309, -102, 175, 224, 312, 278, 278, 
297, 444, 146, -370, 75, 295, -102, 165, 219, 312, 268, 273, 
302, 439, 136, -370, 82, 287, -112, 156, 209, 307, 268, 268, 
302, 434, 131, -368, 85, 283, -122, 141, 200, 297, 268, 258, 
292, 424, 131, -358, 80, 278, -122, 126, 190, 287, 263, 253, 
283, 439, 156, -361, 63, 297, -112, 136, 190, 287, 273, 263, 
273, 444, 170, -358, 51, 307, -107, 131, 195, 292, 273, 278, 
273, 448, 175, -361, 48, 312, -107, 126, 190, 297, 273, 273, 
263, 453, 190, -358, 36, 322, -107, 122, 195, 292, 273, 268, 
248, 444, 195, -346, 26, 319, -107, 117, 195, 278, 258, 258, 
248, 444, 195, -346, 26, 319, -112, 107, 190, 263, 244, 248, 
248, 444, 195, -346, 26, 319, -117, 97, 175, 248, 239, 239, 
239, 429, 190, -334, 24, 309, -117, 92, 165, 229, 229, 229, 
239, 414, 175, -326, 31, 295, -126, 82, 141, 214, 214, 209, 
234, 400, 165, -317, 34, 283, -131, 58, 126, 190, 190, 195, 
234, 380, 146, -307, 43, 263, -141, 39, 102, 161, 165, 175, 
229, 366, 136, -297, 46, 251, -146, 19, 82, 136, 146, 161, 
204, 366, 161, -285, 21, 263, -136, 24, 87, 131, 146, 165, 
195, 361, 165, -278, 14, 263, -131, 19, 87, 126, 146, 161, 
195, 370, 175, -283, 9, 273, -126, 19, 82, 122, 136, 161, 
190, 375, 185, -283, 2, 280, -117, 19, 87, 122, 136, 151, 
175, 361, 185, -268, -4, 273, -117, 9, 73, 107, 122, 136, 
165, 356, 190, -261, -12, 273, -117, 0, 68, 87, 112, 122, 
165, 356, 190, -261, -12, 273, -117, -4, 53, 68, 102, 112, 
165, 346, 180, -256, -7, 263, -117, -14, 43, 43, 82, 97, 
151, 336, 185, -244, -17, 261, -117, -9, 34, 39, 87, 92, 
126, 326, 200, -226, -36, 263, -117, -14, 29, 29, 73, 87, 
117, 322, 204, -219, -43, 263, -117, -19, 19, 24, 68, 92, 
107, 317, 209, -212, -51, 263, -122, -24, 14, 14, 63, 87, 
92, 302, 209, -197, -58, 256, -136, -29, 0, 0, 48, 63, 
82, 297, 214, -190, -65, 256, -131, -34, -4, -9, 39, 53, 
82, 292, 209, -187, -63, 251, -136, -43, -4, -24, 29, 43, 
82, 287, 204, -185, -61, 246, -141, -53, -14, -29, 14, 29, 
92, 278, 185, -185, -46, 231, -131, -48, -9, -39, 9, 39, 
92, 287, 195, -190, -51, 241, -126, -48, -14, -43, 9, 39, 
82, 297, 214, -190, -65, 256, -117, -43, -19, -43, 14, 39, 
73, 307, 234, -190, -80, 270, -112, -39, -19, -43, 14, 43, 
78, 302, 224, -190, -73, 263, -122, -39, -29, -63, 0, 34, 
82, 297, 214, -190, -65, 256, -122, -39, -34, -63, 0, 29, 
87, 292, 204, -190, -58, 248, -117, -43, -39, -68, -9, 14, 
92, 292, 200, -192, -53, 246, -117, -43, -39, -78, -9, 4, 
102, 287, 185, -195, -41, 236, -126, -48, -39, -87, -19, 0, 
102, 283, 180, -192, -39, 231, -131, -53, -39, -87, -24, 0, 
87, 273, 185, -180, -48, 229, -131, -58, -48, -87, -29, 0, 
107, 268, 161, -187, -26, 214, -136, -68, -48, -92, -29, -4, 
112, 258, 146, -185, -17, 202, -131, -58, -48, -82, -24, 4, 
102, 263, 161, -183, -29, 212, -126, -58, -48, -82, -19, 4, 
87, 268, 180, -178, -46, 224, -122, -58, -48, -82, -14, 4, 
68, 268, 200, -168, -65, 234, -117, -58, -48, -87, -14, 0, 
48, 258, 209, -153, -80, 234, -117, -43, -39, -78, -4, 9, 
34, 263, 229, -148, -97, 246, -107, -43, -34, -78, 0, 9, 
34, 268, 234, -151, -100, 251, -107, -43, -34, -78, 4, 19, 
29, 273, 244, -151, -107, 258, -107, -43, -39, -78, 4, 19, 
29, 258, 229, -143, -100, 244, -122, -53, -43, -82, -9, 9, 
29, 253, 224, -141, -97, 239, -122, -53, -43, -82, -9, 4, 
43, 258, 214, -151, -85, 236, -122, -53, -43, -87, -9, 0, 
48, 253, 204, -151, -78, 229, -122, -53, -43, -97, -9, -4, 
68, 253, 185, -161, -58, 219, -136, -73, -63, -107, -24, -24, 
82, 253, 170, -168, -43, 212, -136, -73, -68, -107, -29, -24, 
87, 258, 170, -173, -41, 214, -136, -68, -73, -107, -29, -19, 
92, 258, 165, -175, -36, 212, -136, -68, -78, -107, -29, -19, 
82, 263, 180, -173, -48, 222, -131, -63, -68, -97, -14, -4, 
73, 268, 195, -170, -61, 231, -126, -53, -58, -92, -9, 0, 
73, 268, 195, -170, -61, 231, -122, -48, -48, -87, -4, 4, 
73, 273, 200, -173, -63, 236, -117, -43, -34, -82, 4, 14, 
58, 258, 200, -158, -70, 229, -126, -53, -39, -87, 0, 9, 
58, 253, 195, -156, -68, 224, -126, -53, -43, -92, -4, 4, 
63, 248, 185, -156, -61, 217, -131, -63, -58, -102, -14, -9, 
73, 244, 170, -158, -48, 207, -131, -63, -63, -112, -19, -14, 
87, 253, 165, -170, -39, 209, -131, -63, -53, -102, -19, -4, 
92, 268, 175, -180, -41, 222, -131, -63, -53, -102, -19, -4, 
97, 278, 180, -187, -41, 229, -126, -58, -48, -97, -19, 0, 
87, 287, 200, -187, -56, 244, -126, -58, -48, -97, -19, 0, 
58, 278, 219, -168, -80, 248, -117, -48, -39, -97, -9, 9, 
63, 268, 204, -165, -70, 236, -117, -48, -43, -97, -9, 9, 
53, 263, 209, -158, -78, 236, -117, -48, -43, -97, -9, 4, 
43, 258, 214, -151, -85, 236, -122, -48, -43, -97, -9, 4, 
58, 263, 204, -161, -73, 234, -122, -58, -48, -97, -9, 0, 
63, 268, 204, -165, -70, 236, -122, -53, -48, -97, -9, 0, 
58, 273, 214, -165, -78, 244, -117, -53, -43, -92, -4, 0, 
63, 273, 209, -168, -73, 241, -117, -53, -43, -82, -4, 0, 
63, 268, 204, -165, -70, 236, -126, -58, -53, -92, -4, -9, 
63, 268, 204, -165, -70, 236, -126, -58, -53, -92, -4, -9, 
73, 283, 209, -178, -68, 246, -126, -53, -53, -87, 0, 0, 
87, 283, 195, -185, -53, 239, -126, -53, -53, -82, 4, 0, 
87, 278, 190, -183, -51, 234, -136, -63, -43, -92, 4, 0, 
78, 273, 195, -175, -58, 234, -136, -63, -43, -92, 4, 0, 
78, 273, 195, -175, -58, 234, -136, -63, -39, -97, 4, 0, 
82, 273, 190, -178, -53, 231, -141, -63, -39, -97, 4, 0, 
78, 268, 190, -173, -56, 229, -131, -53, -48, -87, -4, 0, 
73, 268, 195, -170, -61, 231, -126, -53, -48, -82, -4, 0, 
68, 268, 200, -168, -65, 234, -126, -53, -48, -82, -4, 0, 
63, 268, 204, -165, -70, 236, -126, -53, -48, -82, -4, 0, 
68, 278, 209, -173, -70, 244, -126, -43, -39, -82, 0, 4, 
68, 283, 214, -175, -73, 248, -126, -43, -39, -78, 9, 9, 
68, 283, 214, -175, -73, 248, -126, -43, -39, -78, 14, 14, 
53, 283, 229, -168, -87, 256, -126, -43, -39, -78, 19, 19, 
53, 283, 229, -168, -87, 256, -136, -53, -39, -78, 19, 9, 
58, 283, 224, -170, -82, 253, -141, -58, -39, -78, 19, 9, 
63, 283, 219, -173, -78, 251, -141, -58, -39, -78, 19, 9, 
82, 287, 204, -185, -61, 246, -141, -58, -39, -78, 19, 14, 
107, 297, 190, -202, -41, 244, -146, -68, -43, -92, 9, 4, 
97, 287, 190, -192, -46, 239, -151, -68, -48, -97, 4, 0, 
97, 283, 185, -190, -43, 234, -151, -68, -58, -97, 0, 0, 
102, 283, 180, -192, -39, 231, -146, -68, -63, -92, -4, 0, 
87, 278, 190, -183, -51, 234, -146, -68, -58, -82, 0, 4, 
78, 278, 200, -178, -61, 239, -141, -63, -53, -73, 4, 14, 
73, 278, 204, -175, -65, 241, -141, -63, -43, -73, 14, 24, 
63, 278, 214, -170, -75, 246, -141, -63, -39, -78, 19, 29, 
58, 268, 209, -163, -75, 239, -151, -53, -48, -78, 19, 9, 
63, 273, 209, -168, -73, 241, -151, -53, -48, -87, 14, 9, 
78, 287, 209, -183, -65, 248, -146, -58, -43, -78, 14, 14, 
87, 302, 214, -195, -63, 258, -146, -58, -43, -78, 14, 14, 
78, 297, 219, -187, -70, 258, -146, -58, -43, -87, 14, 14, 
78, 292, 214, -185, -68, 253, -146, -58, -43, -87, 14, 14, 
78, 287, 209, -183, -65, 248, -146, -58, -43, -87, 24, 14, 
78, 283, 204, -180, -63, 244, -146, -53, -43, -87, 24, 14, 
82, 297, 214, -190, -65, 256, -136, -53, -43, -78, 19, 14, 
82, 297, 214, -190, -65, 256, -136, -58, -43, -78, 19, 14, 
87, 297, 209, -192, -61, 253, -136, -63, -43, -82, 19, 14, 
92, 302, 209, -197, -58, 256, -141, -63, -48, -87, 14, 9, 
82, 292, 209, -187, -63, 251, -141, -63, -48, -87, 14, 9, 
68, 283, 214, -175, -73, 248, -136, -58, -48, -82, 14, 14, 
58, 278, 219, -168, -80, 248, -136, -58, -48, -82, 14, 14, 
53, 268, 214, -161, -80, 241, -136, -58, -48, -82, 19, 14, 
68, 283, 214, -175, -73, 248, -146, -68, -48, -92, 19, 24, 
73, 283, 209, -178, -68, 246, -146, -63, -48, -92, 19, 24, 
68, 287, 219, -178, -75, 253, -146, -63, -48, -92, 19, 24, 
73, 297, 224, -185, -75, 261, -146, -68, -48, -92, 19, 24, 
68, 287, 219, -178, -75, 253, -131, -58, -53, -87, 14, 19, 
73, 283, 209, -178, -68, 246, -131, -63, -53, -92, 14, 19, 
73, 283, 209, -178, -68, 246, -141, -63, -58, -97, 9, 14, 
73, 273, 200, -173, -63, 236, -141, -63, -58, -97, 9, 14, 
73, 273, 200, -173, -63, 236, -146, -63, -48, -92, 9, 14, 
78, 278, 200, -178, -61, 239, -146, -63, -48, -92, 9, 14, 
78, 283, 204, -180, -63, 244, -146, -63, -48, -92, 9, 14, 
73, 283, 209, -178, -68, 246, -146, -63, -48, -92, 14, 14, 
78, 287, 209, -183, -65, 248, -151, -63, -53, -102, 19, 14, 
82, 292, 209, -187, -63, 251, -151, -63, -58, -102, 19, 14, 
92, 292, 200, -192, -53, 246, -151, -63, -63, -112, 9, 14, 
102, 297, 195, -200, -46, 246, -151, -63, -68, -112, 9, 14, 
97, 273, 175, -185, -39, 224, -161, -73, -68, -112, 0, 9, 
82, 263, 180, -173, -48, 222, -161, -68, -63, -112, 0, 4, 
78, 258, 180, -168, -51, 219, -161, -68, -63, -112, -9, 0, 
87, 248, 161, -168, -36, 204, -161, -73, -73, -112, -9, -4, 
97, 263, 165, -180, -34, 214, -156, -68, -63, -112, -4, -4, 
82, 263, 180, -173, -48, 222, -151, -68, -63, -112, 0, 0, 
58, 268, 209, -163, -75, 239, -156, -68, -63, -117, 4, 4, 
53, 273, 219, -163, -82, 246, -151, -68, -68, -117, 9, 14, 
73, 263, 190, -168, -58, 226, -161, -58, -78, -107, 9, 4, 
87, 268, 180, -178, -46, 224, -156, -58, -73, -107, 9, 9, 
78, 268, 190, -173, -56, 229, -151, -58, -73, -102, 9, 9, 
63, 263, 200, -163, -68, 231, -151, -53, -73, -102, 9, 4, 
78, 268, 190, -173, -56, 229, -151, -58, -68, -102, 9, 14, 
87, 273, 185, -180, -48, 229, -151, -63, -63, -102, 9, 14, 
97, 273, 175, -185, -39, 224, -151, -68, -63, -112, 4, 14, 
102, 278, 175, -190, -36, 226, -156, -82, -58, -117, 4, 9, 
87, 268, 180, -178, -46, 224, -146, -78, -63, -126, -4, 9, 
78, 273, 195, -175, -58, 234, -146, -68, -63, -122, 0, 9, 
48, 268, 219, -158, -85, 244, -146, -63, -68, -122, 0, 14, 
24, 258, 234, -141, -104, 246, -151, -58, -73, -122, -4, 14, 
34, 263, 229, -148, -97, 246, -151, -68, -73, -122, 4, 0, 
63, 268, 204, -165, -70, 236, -151, -68, -73, -122, 4, 0, 
87, 273, 185, -180, -48, 229, -151, -68, -73, -126, 0, 0, 
107, 278, 170, -192, -31, 224, -151, -68, -73, -126, 0, 0, 
78, 268, 190, -173, -56, 229, -146, -68, -63, -122, 4, 9, 
68, 268, 200, -168, -65, 234, -141, -68, -63, -122, 9, 9, 
63, 273, 209, -168, -73, 241, -141, -68, -63, -117, 9, 9, 
73, 283, 209, -178, -68, 246, -141, -68, -63, -117, 4, 9, 
73, 263, 190, -168, -58, 226, -151, -68, -63, -126, -4, 0, 
68, 263, 195, -165, -63, 229, -156, -68, -68, -126, 0, 0, 
68, 273, 204, -170, -68, 239, -156, -63, -73, -126, 0, 0, 
73, 273, 200, -173, -63, 236, -156, -63, -78, -126, 0, 0, 
73, 278, 204, -175, -65, 241, -136, -53, -58, -112, 9, 14, 
73, 268, 195, -170, -61, 231, -136, -63, -63, -112, 9, 4, 
92, 268, 175, -180, -41, 222, -151, -73, -73, -122, -4, -14, 
82, 248, 165, -165, -41, 207, -161, -82, -82, -131, -9, -14, 
48, 244, 195, -146, -73, 219, -165, -78, -78, -136, -9, -9, 
39, 263, 224, -151, -92, 244, -151, -63, -63, -122, 4, 0, 
39, 273, 234, -156, -97, 253, -146, -58, -58, -117, 9, 9, 
39, 283, 244, -161, -102, 263, -141, -53, -53, -112, 14, 19, 
39, 292, 253, -165, -107, 273, -136, -48, -48, -107, 19, 29, 
48, 283, 234, -165, -92, 258, -151, -58, -63, -117, 0, 14, 
63, 273, 209, -168, -73, 241, -156, -73, -73, -126, -9, 0, 
63, 258, 195, -161, -65, 226, -161, -82, -82, -136, -19, -14, 
63, 244, 180, -153, -58, 212, -165, -92, -92, -146, -24, -24, 
53, 253, 200, -153, -73, 226, -161, -78, -78, -131, -4, -4, 
48, 263, 214, -156, -82, 239, -161, -73, -73, -131, 0, 0, 
48, 263, 214, -156, -82, 239, -156, -68, -68, -126, 4, 4, 
48, 273, 224, -161, -87, 248, -156, -63, -63, -122, 9, 9, 
48, 278, 229, -163, -90, 253, -156, -68, -68, -131, 4, 0, 
48, 283, 234, -165, -92, 258, -146, -68, -58, -122, 4, 9, 
68, 292, 224, -180, -78, 258, -146, -63, -58, -122, 4, 9, 
82, 292, 209, -187, -63, 251, -146, -63, -53, -122, 9, 9, 
78, 292, 214, -185, -68, 253, -151, -58, -53, -122, 9, 4, 
73, 297, 224, -185, -75, 261, -141, -58, -43, -122, 9, 4, 
78, 307, 229, -192, -75, 268, -131, -48, -34, -112, 24, 24, 
82, 317, 234, -200, -75, 275, -141, -48, -34, -112, 24, 24, 
97, 326, 229, -212, -65, 278, -131, -48, -39, -107, 24, 24, 
107, 331, 224, -219, -58, 278, -126, -43, -34, -102, 29, 29, 
112, 346, 234, -229, -61, 290, -126, -39, -24, -97, 29, 34, 
117, 361, 244, -239, -63, 302, -126, -39, -24, -97, 29, 34, 
112, 356, 244, -234, -65, 300, -122, -39, -14, -107, 29, 29, 
107, 351, 244, -229, -68, 297, -122, -39, -9, -107, 29, 29, 
97, 351, 253, -224, -78, 302, -122, -39, -4, -97, 39, 34, 
92, 366, 273, -229, -90, 319, -122, -39, 4, -87, 48, 48, 
78, 370, 292, -224, -107, 331, -117, -39, 14, -82, 53, 58, 
87, 370, 283, -229, -97, 326, -126, -43, 14, -82, 53, 58, 
92, 380, 287, -236, -97, 334, -141, -48, 14, -78, 53, 58, 
73, 390, 317, -231, -122, 353, -151, -63, 14, -63, 53, 68, 
68, 385, 317, -226, -124, 351, -165, -87, 14, -73, 63, 68, 
82, 390, 307, -236, -112, 348, -180, -102, -4, -82, 53, 63, 
97, 390, 292, -244, -97, 341, -209, -122, -9, -87, 53, 63, 
82, 390, 307, -236, -112, 348, -229, -141, -9, -87, 53, 63, 
107, 405, 297, -256, -95, 351, -244, -156, -14, -97, 48, 58, 
141, 409, 268, -275, -63, 339, -248, -161, -29, -97, 53, 58, 
156, 409, 253, -283, -48, 331, -253, -175, -34, -97, 53, 53, 
146, 405, 258, -275, -56, 331, -258, -165, -39, -97, 53, 48, 
122, 414, 292, -268, -85, 353, -248, -161, -29, -92, 63, 53, 
131, 414, 283, -273, -75, 348, -244, -151, -24, -82, 68, 68, 
131, 414, 283, -273, -75, 348, -239, -141, -24, -78, 68, 73, 
126, 414, 287, -270, -80, 351, -239, -131, -29, -78, 63, 78, 
141, 414, 273, -278, -65, 344, -229, -136, -39, -78, 68, 78, 
141, 409, 268, -275, -63, 339, -224, -131, -34, -78, 68, 78, 
131, 400, 268, -265, -68, 334, -219, -122, -29, -82, 68, 73, 
131, 395, 263, -263, -65, 329, -209, -112, -34, -82, 68, 73, 
141, 390, 248, -265, -53, 319, -214, -107, -43, -92, 58, 73, 
146, 375, 229, -261, -41, 302, -209, -102, -48, -107, 43, 63, 
141, 356, 214, -248, -36, 285, -204, -102, -58, -107, 43, 53, 
141, 346, 204, -244, -31, 275, -200, -97, -68, -112, 43, 48, 
126, 331, 204, -229, -39, 268, -190, -92, -73, -112, 29, 39, 
117, 307, 190, -212, -36, 248, -185, -87, -78, -117, 14, 34, 
117, 302, 185, -209, -34, 244, -185, -87, -87, -122, 9, 24, 
107, 292, 185, -200, -39, 239, -175, -87, -97, -131, 4, 19, 
92, 283, 190, -187, -48, 236, -180, -87, -92, -136, 4, 14, 
87, 283, 195, -185, -53, 239, -185, -87, -92, -141, -4, 9, 
87, 278, 190, -183, -51, 234, -185, -87, -97, -151, -4, 0, 
87, 283, 195, -185, -53, 239, -185, -87, -97, -151, -4, 0, 
58, 263, 204, -161, -73, 234, -165, -73, -97, -151, -4, 0, 
34, 248, 214, -141, -90, 231, -161, -68, -92, -146, 0, 0, 
34, 248, 214, -141, -90, 231, -161, -63, -87, -146, 0, 4, 
24, 253, 229, -139, -102, 241, -156, -58, -82, -141, 0, 4, 
39, 244, 204, -141, -82, 224, -165, -63, -87, -151, -9, -9, 
39, 239, 200, -139, -80, 219, -161, -68, -97, -161, -14, -9, 
43, 239, 195, -141, -75, 217, -161, -78, -102, -161, -14, -9, 
43, 234, 190, -139, -73, 212, -165, -82, -107, -161, -14, -14, 
48, 239, 190, -143, -70, 214, -175, -92, -117, -165, -24, -24, 
43, 234, 190, -139, -73, 212, -175, -92, -107, -165, -24, -24, 
48, 229, 180, -139, -65, 204, -175, -87, -107, -170, -24, -24, 
58, 229, 170, -143, -56, 200, -170, -87, -112, -175, -24, -24, 
63, 234, 170, -148, -53, 202, -170, -78, -112, -165, -14, -14, 
68, 239, 170, -153, -51, 204, -165, -78, -112, -170, -14, -14, 
82, 244, 161, -163, -39, 202, -161, -73, -112, -170, -14, -14, 
73, 253, 180, -163, -53, 217, -156, -63, -102, -170, -14, -14, 
68, 239, 170, -153, -51, 204, -156, -73, -102, -170, -24, -24, 
53, 234, 180, -143, -63, 207, -161, -73, -107, -170, -24, -24, 
48, 229, 180, -139, -65, 204, -161, -73, -107, -170, -24, -24, 
43, 224, 180, -134, -68, 202, -161, -68, -107, -170, -24, -24, 
43, 229, 185, -136, -70, 207, -151, -58, -92, -156, -14, -19, 
43, 234, 190, -139, -73, 212, -151, -58, -92, -156, -14, -9, 
34, 239, 204, -136, -85, 222, -141, -48, -87, -156, -14, -4, 
24, 244, 219, -134, -97, 231, -141, -48, -87, -156, -9, 0, 
63, 244, 180, -153, -58, 212, -161, -68, -117, -175, -19, -19, 
58, 224, 165, -141, -53, 195, -156, -68, -107, -175, -24, -14, 
58, 224, 165, -141, -53, 195, -156, -68, -102, -175, -29, -14, 
24, 224, 200, -124, -87, 212, -136, -43, -78, -170, -19, -19, 
-34, 239, 273, -102, -153, 256, -102, -14, -43, -151, -19, -19, 
-43, 258, 302, -107, -173, 280, -58, 29, 0, -131, -9, -34, 
-34, 273, 307, -119, -170, 290, -29, 78, 39, -141, -29, -63, 
-43, 292, 336, -124, -190, 314, -9, 107, 68, -146, -24, -73, 
-34, 312, 346, -139, -190, 329, -9, 126, 97, -117, -4, -43, 
-19, 307, 326, -143, -173, 317, -4, 141, 107, -78, 39, -9, 
-24, 287, 312, -131, -168, 300, 4, 185, 117, -14, 82, 24, 
19, 302, 283, -161, -131, 292, 29, 248, 141, 68, 156, 107, 
180, 361, 180, -270, 0, 270, 4, 287, 165, 195, 273, 234, 
361, 414, 53, -387, 153, 234, -39, 268, 180, 341, 400, 366, 
527, 444, -82, -485, 305, 180, -102, 239, 195, 507, 566, 527, 
702, 492, -209, -597, 456, 141, -209, 151, 195, 712, 751, 722, 
907, 590, -317, -749, 612, 136, -366, -9, 146, 917, 961, 956, 
1137, 707, -429, -922, 783, 139, -551, -214, 53, 1107, 1166, 1180, 
1385, 814, -570, -1100, 978, 122, -780, -453, -97, 1263, 1337, 1385, 
1625, 912, -712, -1268, 1168, 100, -1015, -683, -287, 1346, 1439, 1546, 
1766, 956, -810, -1361, 1288, 73, -1171, -839, -463, 1337, 1454, 1600, 
1795, 917, -878, -1356, 1337, 19, -1229, -907, -600, 1127, 1273, 1488, 
1698, 819, -878, -1259, 1288, -29, -1185, -897, -717, 741, 917, 1200, 
1459, 644, -814, -1051, 1137, -85, -1054, -795, -819, 341, 541, 878, 
1137, 463, -673, -800, 905, -104, -936, -727, -888, 78, 292, 624, 
810, 419, -390, -614, 600, 14, -917, -795, -936, -97, 180, 488, 
610, 414, -195, -512, 402, 109, -932, -893, -985, -253, 112, 390, 
522, 385, -136, -453, 329, 124, -893, -912, -980, -380, 24, 287, 
444, 346, -97, -395, 270, 124, -839, -873, -927, -473, -58, 180, 
390, 302, -87, -346, 239, 107, -761, -795, -844, -507, -117, 92, 
366, 283, -82, -324, 224, 100, -683, -683, -746, -473, -131, 53, 
326, 302, -24, -314, 175, 139, -614, -561, -610, -390, -82, 73, 
258, 297, 39, -278, 109, 168, -531, -444, -468, -297, -48, 82, 
239, 268, 29, -253, 104, 148, -439, -287, -366, -224, -14, 92, 
253, 292, 39, -273, 107, 165, -331, -165, -258, -156, 29, 102, 
268, 312, 43, -290, 112, 178, -263, -97, -185, -107, 58, 112, 
224, 273, 48, -248, 87, 161, -219, -63, -141, -78, 68, 117, 
190, 253, 63, -222, 63, 158, -175, -19, -102, -58, 78, 117, 
161, 273, 112, -217, 24, 192, -146, 9, -73, -48, 87, 107, 
126, 263, 136, -195, -4, 200, -141, 0, -68, -68, 63, 87, 
97, 263, 165, -180, -34, 214, -141, 0, -63, -92, 48, 73, 
107, 273, 165, -190, -29, 219, -141, 4, -63, -97, 34, 63, 
107, 283, 175, -195, -34, 229, -161, -9, -68, -112, 19, 48, 
112, 283, 170, -197, -29, 226, -161, -9, -68, -112, 19, 48, 
122, 278, 156, -200, -17, 217, -156, -4, -68, -112, 29, 53, 
136, 278, 141, -207, -2, 209, -151, 4, -68, -107, 34, 53, 
141, 263, 122, -202, 9, 192, -136, 14, -63, -92, 43, 53, 
117, 253, 136, -185, -9, 195, -122, 24, -53, -87, 43, 53, 
97, 239, 141, -168, -21, 190, -112, 34, -48, -87, 43, 43, 
87, 234, 146, -161, -29, 190, -112, 34, -39, -97, 39, 39, 
78, 248, 170, -163, -46, 209, -107, 43, -29, -87, 39, 39, 
78, 268, 190, -173, -56, 229, -107, 43, -24, -82, 43, 39, 
68, 278, 209, -173, -70, 244, -102, 34, -19, -82, 48, 43, 
63, 287, 224, -175, -80, 256, -102, 34, -14, -78, 53, 53, 
48, 273, 224, -161, -87, 248, -102, 39, -4, -68, 53, 58, 
53, 268, 214, -161, -80, 241, -97, 39, -4, -63, 63, 68, 
53, 258, 204, -156, -75, 231, -92, 43, -4, -63, 63, 68, 
48, 253, 204, -151, -78, 229, -92, 48, 4, -63, 68, 68, 
53, 253, 200, -153, -73, 226, -97, 43, -9, -73, 58, 58, 
63, 253, 190, -158, -63, 222, -97, 43, 0, -73, 48, 53, 
78, 263, 185, -170, -53, 224, -97, 43, 0, -73, 48, 48, 
87, 263, 175, -175, -43, 219, -102, 43, -4, -73, 53, 43, 
92, 268, 175, -180, -41, 222, -102, 48, -9, -73, 53, 53, 
107, 278, 170, -192, -31, 224, -102, 48, -4, -68, 53, 53, 
122, 292, 170, -207, -24, 231, -102, 48, 0, -68, 53, 58, 
112, 283, 170, -197, -29, 226, -102, 48, 4, -68, 53, 58, 
107, 273, 165, -190, -29, 219, -112, 39, -4, -63, 63, 48, 
107, 268, 161, -187, -26, 214, -112, 43, 0, -63, 63, 48, 
107, 268, 161, -187, -26, 214, -112, 48, 0, -63, 63, 48, 
102, 263, 161, -183, -29, 212, -112, 48, 4, -58, 63, 48, 
87, 278, 190, -183, -51, 234, -107, 58, 19, -48, 63, 53, 
78, 278, 200, -178, -61, 239, -102, 58, 24, -48, 68, 58, 
73, 278, 204, -175, -65, 241, -97, 58, 24, -43, 68, 63, 
68, 278, 209, -173, -70, 244, -92, 58, 24, -43, 68, 68, 
73, 287, 214, -180, -70, 251, -92, 68, 24, -43, 78, 73, 
82, 287, 204, -185, -61, 246, -92, 73, 24, -43, 87, 78, 
97, 287, 190, -192, -46, 239, -87, 78, 34, -34, 92, 82, 
102, 297, 195, -200, -46, 246, -87, 78, 34, -29, 92, 92, 
87, 287, 200, -187, -56, 244, -87, 68, 39, -29, 82, 73, 
87, 287, 200, -187, -56, 244, -87, 68, 39, -29, 82, 73, 
92, 287, 195, -190, -51, 241, -87, 73, 43, -24, 82, 73, 
97, 287, 190, -192, -46, 239, -87, 73, 48, -24, 82, 73, 
92, 283, 190, -187, -48, 236, -97, 68, 43, -34, 82, 73, 
92, 287, 195, -190, -51, 241, -97, 68, 43, -24, 87, 78, 
102, 292, 190, -197, -43, 241, -97, 78, 43, -19, 92, 87, 
78, 292, 214, -185, -68, 253, -97, 82, 48, -14, 97, 87, 
87, 292, 204, -190, -58, 248, -97, 97, 53, 0, 97, 97, 
107, 297, 190, -202, -41, 244, -97, 97, 53, 0, 97, 97, 
122, 302, 180, -212, -29, 241, -97, 97, 53, 0, 97, 97, 
131, 307, 175, -219, -21, 241, -97, 97, 53, 9, 97, 97, 
131, 297, 165, -214, -17, 231, -107, 87, 43, 4, 97, 97, 
146, 302, 156, -224, -4, 229, -107, 87, 43, 0, 97, 92, 
156, 312, 156, -234, 0, 234, -112, 87, 48, -4, 97, 87, 
161, 317, 156, -239, 2, 236, -112, 92, 58, 0, 107, 92, 
165, 307, 141, -236, 12, 224, -112, 92, 58, 4, 107, 87, 
151, 302, 151, -226, 0, 226, -112, 102, 63, 9, 112, 87, 
141, 297, 156, -219, -7, 226, -107, 107, 63, 19, 112, 97, 
136, 297, 161, -217, -12, 229, -107, 112, 73, 29, 117, 102, 
131, 307, 175, -219, -21, 241, -92, 122, 82, 43, 126, 117, 
117, 307, 190, -212, -36, 248, -87, 126, 87, 48, 131, 126, 
126, 326, 200, -226, -36, 263, -87, 131, 97, 58, 141, 136, 
136, 341, 204, -239, -34, 273, -82, 136, 102, 63, 146, 141, 
156, 336, 180, -246, -12, 258, -97, 126, 97, 63, 141, 136, 
161, 336, 175, -248, -7, 256, -102, 131, 102, 68, 141, 131, 
175, 336, 161, -256, 7, 248, -112, 136, 102, 63, 151, 136, 
195, 341, 146, -268, 24, 244, -117, 136, 107, 68, 156, 136, 
185, 356, 170, -270, 7, 263, -112, 146, 122, 87, 161, 146, 
185, 361, 175, -273, 4, 268, -107, 156, 122, 97, 165, 156, 
190, 366, 175, -278, 7, 270, -102, 161, 126, 97, 170, 165, 
204, 375, 170, -290, 17, 273, -97, 170, 131, 107, 180, 175, 
204, 380, 175, -292, 14, 278, -107, 165, 136, 112, 195, 170, 
195, 380, 185, -287, 4, 283, -102, 170, 146, 122, 204, 180, 
204, 380, 175, -292, 14, 278, -102, 170, 151, 131, 214, 190, 
214, 380, 165, -297, 24, 273, -117, 170, 151, 136, 214, 190, 
209, 375, 165, -292, 21, 270, -107, 185, 161, 151, 219, 200, 
204, 380, 175, -292, 14, 278, -107, 190, 165, 161, 224, 204, 
209, 385, 175, -297, 17, 280, -112, 190, 170, 165, 234, 214, 
214, 390, 175, -302, 19, 283, -112, 190, 175, 180, 244, 224, 
229, 390, 161, -309, 34, 275, -126, 185, 165, 175, 239, 214, 
244, 390, 146, -317, 48, 268, -126, 175, 161, 175, 234, 214, 
263, 400, 136, -331, 63, 268, -126, 170, 156, 190, 244, 224, 
273, 405, 131, -339, 70, 268, -136, 165, 156, 195, 244, 229, 
278, 395, 117, -336, 80, 256, -141, 175, 165, 195, 258, 234, 
287, 400, 112, -344, 87, 256, -141, 175, 170, 204, 258, 248, 
297, 400, 102, -348, 97, 251, -146, 175, 170, 204, 268, 248, 
312, 409, 97, -361, 107, 253, -151, 165, 170, 214, 268, 248, 
331, 424, 92, -378, 119, 258, -146, 175, 180, 219, 273, 258, 
331, 444, 112, -387, 109, 278, -146, 175, 180, 229, 287, 278, 
322, 453, 131, -387, 95, 292, -146, 175, 180, 239, 297, 283, 
322, 463, 141, -392, 90, 302, -146, 170, 180, 244, 302, 287, 
317, 458, 141, -387, 87, 300, -161, 156, 170, 239, 297, 283, 
322, 453, 131, -387, 95, 292, -165, 151, 170, 239, 297, 292, 
317, 448, 131, -383, 92, 290, -175, 146, 170, 239, 302, 297, 
317, 453, 136, -385, 90, 295, -180, 146, 175, 244, 307, 307, 
331, 473, 141, -402, 95, 307, -170, 151, 185, 248, 317, 307, 
341, 478, 136, -409, 102, 307, -180, 146, 180, 248, 317, 307, 
346, 483, 136, -414, 104, 309, -190, 136, 175, 244, 317, 302, 
341, 483, 141, -412, 100, 312, -190, 126, 170, 239, 312, 302, 
322, 473, 151, -397, 85, 312, -180, 136, 170, 244, 317, 312, 
302, 473, 170, -387, 65, 322, -175, 131, 175, 253, 322, 326, 
292, 473, 180, -383, 56, 326, -175, 126, 170, 263, 326, 322, 
273, 473, 200, -373, 36, 336, -175, 122, 175, 263, 331, 317, 
287, 473, 185, -380, 51, 329, -180, 112, 170, 244, 322, 307, 
297, 473, 175, -385, 61, 324, -190, 97, 161, 224, 302, 297, 
307, 473, 165, -390, 70, 319, -200, 82, 141, 204, 292, 287, 
307, 458, 151, -383, 78, 305, -204, 73, 126, 180, 278, 278, 
292, 453, 161, -373, 65, 307, -200, 82, 122, 180, 287, 273, 
283, 448, 165, -366, 58, 307, -200, 68, 117, 170, 268, 263, 
278, 439, 161, -358, 58, 300, -204, 58, 102, 156, 248, 248, 
268, 434, 165, -351, 51, 300, -204, 48, 92, 146, 234, 239, 
234, 414, 180, -324, 26, 297, -200, 34, 82, 122, 219, 229, 
224, 400, 175, -312, 24, 287, -200, 19, 78, 107, 214, 219, 
224, 400, 175, -312, 24, 287, -200, 9, 68, 92, 200, 214, 
219, 395, 175, -307, 21, 285, -195, 0, 68, 82, 195, 200, 
195, 390, 195, -292, 0, 292, -195, 9, 53, 63, 190, 195, 
185, 385, 200, -285, -7, 292, -195, 0, 48, 48, 180, 180, 
185, 385, 200, -285, -7, 292, -195, -4, 34, 34, 170, 170, 
185, 375, 190, -280, -2, 283, -195, -14, 24, 14, 151, 156, 
165, 356, 190, -261, -12, 273, -195, -19, 24, 9, 156, 156, 
146, 346, 200, -246, -26, 273, -195, -24, 19, 0, 141, 146, 
141, 341, 200, -241, -29, 270, -195, -29, 9, -4, 136, 146, 
136, 336, 200, -236, -31, 268, -200, -34, 4, -14, 131, 136, 
117, 326, 209, -222, -46, 268, -190, -34, 0, -34, 122, 126, 
102, 326, 224, -214, -61, 275, -180, -34, -4, -39, 117, 122, 
97, 326, 229, -212, -65, 278, -180, -39, -4, -48, 112, 117, 
92, 326, 234, -209, -70, 280, -180, -43, -14, -48, 102, 107, 
107, 312, 204, -209, -48, 258, -195, -53, -29, -73, 87, 92, 
122, 317, 195, -219, -36, 256, -195, -58, -34, -82, 78, 87, 
126, 322, 195, -224, -34, 258, -190, -58, -39, -87, 73, 82, 
131, 326, 195, -229, -31, 261, -190, -58, -39, -92, 63, 82, 
112, 307, 195, -209, -41, 251, -180, -48, -34, -97, 63, 87, 
92, 297, 204, -195, -56, 251, -180, -48, -34, -92, 68, 87, 
73, 287, 214, -180, -70, 251, -175, -53, -34, -92, 63, 78, 
53, 283, 229, -168, -87, 256, -175, -53, -29, -97, 68, 73, 
63, 292, 229, -178, -82, 261, -180, -63, -39, -107, 68, 68, 
63, 292, 229, -178, -82, 261, -180, -63, -39, -107, 63, 68, 
48, 287, 239, -168, -95, 263, -175, -63, -48, -107, 58, 68, 
68, 287, 219, -178, -75, 253, -175, -68, -48, -112, 58, 63, 
102, 297, 195, -200, -46, 246, -185, -68, -58, -102, 48, 63, 
112, 302, 190, -207, -39, 246, -185, -68, -58, -102, 48, 63, 
117, 307, 190, -212, -36, 248, -185, -68, -58, -102, 48, 63, 
117, 307, 190, -212, -36, 248, -185, -68, -58, -107, 43, 58, 
107, 287, 180, -197, -36, 234, -195, -73, -58, -112, 34, 48, 
92, 283, 190, -187, -48, 236, -185, -73, -53, -117, 39, 48, 
92, 278, 185, -185, -46, 231, -185, -73, -53, -122, 43, 58, 
87, 273, 185, -180, -48, 229, -185, -73, -58, -126, 43, 58, 
63, 268, 204, -165, -70, 236, -180, -63, -53, -117, 43, 63, 
58, 273, 214, -165, -78, 244, -180, -63, -53, -112, 48, 63, 
68, 287, 219, -178, -75, 253, -180, -63, -53, -112, 53, 63, 
68, 292, 224, -180, -78, 258, -180, -63, -53, -117, 58, 63, 
63, 287, 224, -175, -80, 256, -185, -73, -58, -126, 43, 43, 
73, 283, 209, -178, -68, 246, -185, -73, -58, -126, 39, 43, 
73, 283, 209, -178, -68, 246, -185, -68, -58, -126, 39, 48, 
73, 278, 204, -175, -65, 241, -185, -68, -58, -126, 39, 48, 
73, 273, 200, -173, -63, 236, -190, -73, -63, -126, 29, 39, 
63, 268, 204, -165, -70, 236, -195, -73, -68, -131, 29, 39, 
63, 258, 195, -161, -65, 226, -200, -78, -73, -136, 29, 39, 
63, 253, 190, -158, -63, 222, -204, -82, -73, -141, 34, 43, 
68, 268, 200, -168, -65, 234, -195, -73, -73, -131, 43, 53, 
68, 273, 204, -170, -68, 239, -195, -73, -73, -131, 43, 53, 
73, 278, 204, -175, -65, 241, -200, -82, -82, -136, 39, 43, 
82, 283, 200, -183, -58, 241, -200, -82, -82, -141, 39, 43, 
92, 283, 190, -187, -48, 236, -190, -73, -73, -141, 29, 43, 
92, 287, 195, -190, -51, 241, -190, -73, -73, -141, 29, 43, 
92, 287, 195, -190, -51, 241, -185, -68, -68, -136, 29, 48, 
78, 287, 209, -183, -65, 248, -185, -68, -68, -136, 29, 48, 
63, 292, 229, -178, -82, 261, -185, -58, -58, -126, 34, 53, 
73, 287, 214, -180, -70, 251, -185, -58, -63, -126, 39, 58, 
68, 287, 219, -178, -75, 253, -185, -58, -63, -126, 43, 58, 
63, 287, 224, -175, -80, 256, -190, -58, -63, -126, 48, 63, 
63, 283, 219, -173, -78, 251, -180, -58, -58, -126, 58, 68, 
53, 287, 234, -170, -90, 261, -180, -53, -58, -126, 58, 68, 
34, 292, 258, -163, -112, 275, -175, -53, -53, -122, 63, 68, 
24, 292, 268, -158, -122, 280, -175, -53, -53, -112, 63, 68, 
43, 287, 244, -165, -100, 265, -180, -68, -58, -126, 48, 53, 
53, 287, 234, -170, -90, 261, -185, -68, -63, -131, 43, 48, 
73, 302, 229, -187, -78, 265, -190, -63, -68, -131, 43, 53, 
97, 302, 204, -200, -53, 253, -195, -63, -73, -131, 43, 48, 
97, 287, 190, -192, -46, 239, -195, -73, -73, -141, 43, 48, 
87, 283, 195, -185, -53, 239, -195, -73, -73, -141, 43, 48, 
87, 283, 195, -185, -53, 239, -195, -73, -68, -146, 43, 48, 
92, 283, 190, -187, -48, 236, -200, -73, -68, -146, 43, 48, 
107, 292, 185, -200, -39, 239, -200, -73, -68, -136, 43, 48, 
112, 297, 185, -204, -36, 241, -195, -73, -68, -131, 43, 48, 
117, 302, 185, -209, -34, 244, -195, -73, -68, -131, 43, 48, 
122, 307, 185, -214, -31, 246, -195, -73, -68, -131, 43, 48, 
107, 302, 195, -204, -43, 248, -185, -68, -58, -122, 53, 58, 
97, 302, 204, -200, -53, 253, -185, -63, -58, -117, 58, 58, 
87, 297, 209, -192, -61, 253, -185, -58, -58, -117, 58, 58, 
63, 292, 229, -178, -82, 261, -185, -53, -58, -117, 58, 58, 
73, 287, 214, -180, -70, 251, -195, -63, -68, -122, 58, 58, 
78, 283, 204, -180, -63, 244, -200, -68, -68, -126, 58, 58, 
82, 278, 195, -180, -56, 236, -200, -68, -68, -131, 58, 58, 
102, 278, 175, -190, -36, 226, -200, -68, -68, -136, 58, 63, 
102, 287, 185, -195, -41, 236, -204, -68, -68, -131, 43, 53, 
87, 278, 190, -183, -51, 234, -209, -68, -68, -136, 43, 48, 
82, 273, 190, -178, -53, 231, -209, -68, -73, -136, 43, 48, 
82, 273, 190, -178, -53, 231, -204, -68, -73, -131, 43, 48, 
73, 278, 204, -175, -65, 241, -195, -58, -63, -122, 53, 53, 
68, 278, 209, -173, -70, 244, -190, -53, -63, -112, 53, 63, 
68, 278, 209, -173, -70, 244, -190, -53, -58, -112, 58, 73, 
63, 278, 214, -170, -75, 246, -190, -53, -58, -117, 58, 78, 
68, 273, 204, -170, -68, 239, -190, -53, -58, -107, 68, 78, 
73, 283, 209, -178, -68, 246, -190, -53, -58, -117, 63, 78, 
87, 302, 214, -195, -63, 258, -185, -58, -53, -107, 63, 82, 
97, 322, 224, -209, -63, 273, -185, -58, -53, -107, 63, 82, 
78, 317, 239, -197, -80, 278, -185, -48, -43, -107, 73, 82, 
68, 312, 244, -190, -87, 278, -185, -48, -43, -107, 73, 82, 
58, 307, 248, -183, -95, 278, -185, -48, -43, -107, 82, 82, 
48, 302, 253, -175, -102, 278, -185, -43, -43, -107, 82, 82, 
53, 297, 244, -175, -95, 270, -195, -53, -48, -117, 68, 73, 
53, 287, 234, -170, -90, 261, -195, -58, -53, -117, 68, 73, 
58, 278, 219, -168, -80, 248, -195, -63, -58, -122, 68, 73, 
63, 273, 209, -168, -73, 241, -200, -63, -68, -126, 63, 68, 
82, 278, 195, -180, -56, 236, -190, -63, -58, -136, 53, 68, 
87, 283, 195, -185, -53, 239, -185, -58, -58, -131, 53, 73, 
97, 292, 195, -195, -48, 244, -185, -58, -58, -131, 53, 73, 
112, 297, 185, -204, -36, 241, -185, -58, -58, -131, 58, 73, 
102, 297, 195, -200, -46, 246, -185, -58, -58, -122, 58, 73, 
102, 292, 190, -197, -43, 241, -185, -53, -58, -122, 58, 73, 
92, 292, 200, -192, -53, 246, -185, -53, -58, -122, 58, 73, 
92, 297, 204, -195, -56, 251, -185, -58, -58, -122, 58, 73, 
87, 283, 195, -185, -53, 239, -195, -73, -68, -131, 43, 58, 
92, 273, 180, -183, -43, 226, -200, -82, -73, -141, 43, 58, 
92, 268, 175, -180, -41, 222, -214, -87, -82, -151, 39, 53, 
92, 253, 161, -173, -34, 207, -219, -92, -87, -156, 39, 53, 
92, 263, 170, -178, -39, 217, -209, -87, -78, -151, 29, 53, 
97, 268, 170, -183, -36, 219, -204, -82, -78, -151, 29, 53, 
97, 273, 175, -185, -39, 224, -200, -78, -78, -151, 29, 53, 
92, 273, 180, -183, -43, 226, -195, -73, -78, -151, 34, 53, 
82, 278, 195, -180, -56, 236, -180, -68, -68, -146, 43, 58, 
73, 283, 209, -178, -68, 246, -180, -63, -68, -141, 48, 63, 
68, 283, 214, -175, -73, 248, -180, -58, -68, -146, 43, 68, 
63, 287, 224, -175, -80, 256, -180, -53, -68, -141, 48, 73, 
68, 273, 204, -170, -68, 239, -195, -58, -73, -146, 48, 63, 
63, 273, 209, -168, -73, 241, -200, -58, -73, -151, 48, 63, 
68, 278, 209, -173, -70, 244, -204, -63, -78, -156, 39, 63, 
87, 278, 190, -183, -51, 234, -209, -73, -92, -161, 39, 63, 
87, 273, 185, -180, -48, 229, -204, -78, -82, -161, 39, 58, 
73, 263, 190, -168, -58, 226, -200, -78, -82, -161, 39, 58, 
48, 258, 209, -153, -80, 234, -204, -78, -82, -165, 39, 58, 
43, 253, 209, -148, -82, 231, -200, -78, -87, -165, 39, 63, 
68, 258, 190, -163, -61, 224, -200, -68, -78, -161, 39, 63, 
87, 268, 180, -178, -46, 224, -195, -68, -73, -156, 39, 68, 
82, 273, 190, -178, -53, 231, -190, -68, -73, -146, 39, 68, 
73, 273, 200, -173, -63, 236, -190, -63, -73, -141, 39, 63, 
73, 273, 200, -173, -63, 236, -200, -68, -82, -146, 29, 53, 
78, 273, 195, -175, -58, 234, -200, -73, -82, -151, 29, 53, 
82, 268, 185, -175, -51, 226, -200, -78, -87, -165, 24, 53, 
82, 268, 185, -175, -51, 226, -204, -92, -87, -175, 24, 48, 
68, 263, 195, -165, -63, 229, -190, -78, -78, -170, 29, 53, 
68, 273, 204, -170, -68, 239, -185, -68, -73, -161, 39, 58, 
48, 273, 224, -161, -87, 248, -180, -63, -73, -156, 43, 68, 
34, 268, 234, -151, -100, 251, -180, -58, -73, -151, 43, 73, 
34, 258, 224, -146, -95, 241, -185, -68, -82, -151, 43, 58, 
43, 258, 214, -151, -85, 236, -190, -68, -82, -151, 43, 58, 
48, 258, 209, -153, -80, 234, -195, -68, -82, -156, 39, 58, 
48, 258, 209, -153, -80, 234, -200, -68, -82, -156, 39, 58, 
53, 263, 209, -158, -78, 236, -204, -78, -82, -156, 34, 58, 
58, 268, 209, -163, -75, 239, -200, -78, -82, -161, 39, 58, 
68, 278, 209, -173, -70, 244, -200, -78, -82, -161, 39, 58, 
92, 292, 200, -192, -53, 246, -200, -78, -82, -165, 34, 58, 
87, 283, 195, -185, -53, 239, -200, -78, -87, -165, 34, 58, 
87, 283, 195, -185, -53, 239, -204, -78, -87, -165, 39, 58, 
92, 292, 200, -192, -53, 246, -204, -73, -87, -165, 39, 58, 
102, 292, 190, -197, -43, 241, -204, -73, -87, -165, 39, 58, 
82, 297, 214, -190, -65, 256, -204, -73, -97, -170, 34, 53, 
73, 278, 204, -175, -65, 241, -204, -73, -92, -170, 29, 53, 
63, 268, 204, -165, -70, 236, -200, -73, -92, -170, 29, 53, 
53, 268, 214, -161, -80, 241, -200, -73, -92, -170, 29, 53, 
34, 278, 244, -156, -104, 261, -185, -63, -78, -156, 34, 73, 
34, 278, 244, -156, -104, 261, -185, -63, -78, -151, 39, 78, 
39, 283, 244, -161, -102, 263, -185, -63, -73, -146, 43, 82, 
43, 292, 248, -168, -102, 270, -180, -63, -63, -136, 48, 87, 
53, 278, 224, -165, -85, 251, -185, -63, -78, -146, 34, 68, 
48, 263, 214, -156, -82, 239, -190, -78, -87, -156, 29, 63, 
48, 258, 209, -153, -80, 234, -195, -82, -92, -161, 24, 58, 
48, 258, 209, -153, -80, 234, -200, -82, -92, -170, 29, 63, 
63, 263, 200, -163, -68, 231, -204, -82, -92, -175, 9, 53, 
102, 292, 190, -197, -43, 241, -195, -68, -92, -165, 24, 73, 
141, 322, 180, -231, -19, 251, -180, -68, -82, -156, 43, 82, 
107, 273, 165, -190, -29, 219, -195, -78, -97, -175, 29, 78, 
97, 268, 170, -183, -36, 219, -195, -78, -87, -175, 29, 73, 
87, 263, 175, -175, -43, 219, -195, -78, -87, -175, 29, 68, 
78, 258, 180, -168, -51, 219, -195, -78, -87, -175, 29, 63, 
68, 253, 185, -161, -58, 219, -195, -78, -87, -175, 29, 58, 
68, 268, 200, -168, -65, 234, -204, -78, -102, -175, 24, 53, 
82, 273, 190, -178, -53, 231, -204, -82, -102, -175, 19, 48, 
82, 273, 190, -178, -53, 231, -204, -82, -102, -175, 14, 43, 
82, 273, 190, -178, -53, 231, -204, -82, -102, -175, 14, 43, 
68, 263, 195, -165, -63, 229, -200, -73, -92, -165, 29, 53, 
58, 263, 204, -161, -73, 234, -200, -73, -92, -170, 29, 58, 
53, 253, 200, -153, -73, 226, -195, -73, -92, -170, 29, 63, 
48, 253, 204, -151, -78, 229, -195, -73, -92, -170, 29, 68, 
39, 263, 224, -151, -92, 244, -185, -68, -78, -170, 34, 58, 
29, 273, 244, -151, -107, 258, -175, -68, -68, -161, 34, 68, 
39, 287, 248, -163, -104, 268, -175, -63, -68, -161, 34, 68, 
43, 292, 248, -168, -102, 270, -175, -63, -63, -161, 39, 68, 
48, 302, 253, -175, -102, 278, -180, -58, -73, -161, 48, 73, 
53, 307, 253, -180, -100, 280, -170, -58, -63, -161, 48, 73, 
68, 317, 248, -192, -90, 283, -161, -48, -53, -151, 63, 92, 
82, 326, 244, -204, -80, 285, -170, -48, -53, -151, 63, 92, 
92, 341, 248, -217, -78, 295, -161, -39, -48, -146, 73, 102, 
97, 341, 244, -219, -73, 292, -156, -34, -43, -141, 78, 107, 
97, 351, 253, -224, -78, 302, -156, -29, -34, -136, 78, 112, 
97, 361, 263, -229, -82, 312, -156, -29, -34, -136, 78, 112, 
92, 351, 258, -222, -82, 305, -161, -29, -34, -136, 68, 97, 
87, 351, 263, -219, -87, 307, -161, -29, -29, -136, 68, 97, 
78, 356, 278, -217, -100, 317, -161, -29, -24, -126, 78, 102, 
73, 375, 302, -224, -114, 339, -161, -29, -14, -117, 87, 117, 
63, 375, 312, -219, -124, 344, -165, -34, -4, -107, 102, 117, 
78, 370, 292, -224, -107, 331, -175, -43, -4, -112, 102, 117, 
87, 375, 287, -231, -100, 331, -190, -53, -4, -112, 102, 117, 
73, 380, 307, -226, -117, 344, -200, -73, -4, -102, 102, 126, 
78, 395, 317, -236, -119, 356, -219, -97, -9, -112, 102, 117, 
102, 400, 297, -251, -97, 348, -229, -112, -34, -122, 92, 112, 
126, 400, 273, -263, -73, 336, -253, -131, -43, -126, 92, 112, 
122, 400, 278, -261, -78, 339, -268, -151, -48, -126, 92, 112, 
131, 405, 273, -268, -70, 339, -287, -161, -58, -136, 87, 112, 
151, 409, 258, -280, -53, 334, -287, -161, -68, -136, 92, 117, 
151, 409, 258, -280, -53, 334, -287, -170, -68, -136, 92, 117, 
126, 405, 278, -265, -75, 341, -287, -156, -68, -136, 92, 117, 
117, 405, 287, -261, -85, 346, -283, -151, -53, -131, 97, 122, 
131, 405, 273, -268, -70, 339, -273, -141, -43, -122, 107, 136, 
136, 405, 268, -270, -65, 336, -263, -131, -39, -117, 112, 141, 
136, 405, 268, -270, -65, 336, -258, -122, -39, -117, 112, 146, 
161, 405, 244, -283, -41, 324, -258, -117, -53, -107, 107, 146, 
161, 400, 239, -280, -39, 319, -253, -112, -53, -107, 107, 146, 
151, 390, 239, -270, -43, 314, -248, -102, -53, -112, 107, 141, 
151, 385, 234, -268, -41, 309, -239, -92, -63, -112, 107, 141, 
131, 356, 224, -244, -46, 290, -224, -87, -68, -126, 97, 141, 
117, 326, 209, -222, -46, 268, -219, -82, -78, -146, 82, 131, 
92, 292, 200, -192, -53, 246, -214, -82, -92, -151, 82, 122, 
73, 268, 195, -170, -61, 231, -209, -78, -107, -161, 82, 117, 
78, 273, 195, -175, -58, 234, -214, -87, -107, -161, 68, 102, 
78, 258, 180, -168, -51, 219, -214, -87, -107, -165, 53, 92, 
87, 263, 175, -175, -43, 219, -219, -92, -112, -170, 48, 78, 
87, 263, 175, -175, -43, 219, -214, -97, -117, -180, 43, 68, 
63, 258, 195, -161, -65, 226, -209, -87, -122, -185, 34, 73, 
58, 253, 195, -156, -68, 224, -204, -87, -122, -190, 24, 68, 
58, 244, 185, -151, -63, 214, -195, -87, -126, -200, 24, 58, 
58, 244, 185, -151, -63, 214, -185, -87, -126, -200, 24, 58, 
63, 244, 180, -153, -58, 212, -180, -68, -126, -204, 29, 63, 
53, 229, 175, -141, -61, 202, -180, -68, -122, -204, 29, 58, 
68, 229, 161, -148, -46, 195, -185, -68, -117, -209, 24, 58, 
73, 234, 161, -153, -43, 197, -185, -68, -112, -209, 19, 53, 
63, 244, 180, -153, -58, 212, -185, -58, -112, -204, 19, 48, 
58, 239, 180, -148, -61, 209, -180, -58, -117, -209, 14, 48, 
58, 239, 180, -148, -61, 209, -180, -63, -117, -204, 14, 48, 
53, 234, 180, -143, -63, 207, -185, -63, -117, -200, 14, 43, 
58, 219, 161, -139, -51, 190, -175, -53, -117, -209, 24, 48, 
43, 214, 170, -129, -63, 192, -175, -53, -107, -204, 24, 53, 
39, 209, 170, -124, -65, 190, -175, -48, -107, -204, 24, 58, 
39, 209, 170, -124, -65, 190, -170, -48, -112, -204, 24, 63, 
34, 209, 175, -122, -70, 192, -180, -58, -122, -204, 24, 58, 
39, 209, 170, -124, -65, 190, -175, -58, -122, -209, 24, 53, 
53, 209, 156, -131, -51, 183, -170, -53, -122, -209, 24, 48, 
43, 214, 170, -129, -63, 192, -165, -43, -112, -209, 24, 43, 
43, 224, 180, -134, -68, 202, -156, -43, -102, -200, 24, 48, 
34, 224, 190, -129, -78, 207, -161, -43, -107, -200, 24, 53, 
34, 224, 190, -129, -78, 207, -161, -43, -107, -200, 24, 58, 
34, 224, 190, -129, -78, 207, -161, -39, -107, -200, 24, 63, 
39, 219, 180, -129, -70, 200, -170, -48, -107, -200, 14, 58, 
43, 214, 170, -129, -63, 192, -170, -48, -112, -204, 14, 58, 
39, 209, 170, -124, -65, 190, -161, -39, -112, -209, 14, 53, 
34, 204, 170, -119, -68, 187, -161, -39, -117, -214, 19, 48, 
53, 224, 170, -139, -58, 197, -170, -48, -117, -214, 9, 39, 
19, 224, 204, -122, -92, 214, -156, -39, -107, -204, 4, 34, 
0, 234, 234, -117, -117, 234, -146, -39, -92, -204, 9, 43, 
-4, 244, 248, -119, -126, 246, -126, -14, -68, -200, 9, 29, 
-24, 239, 263, -107, -143, 251, -102, 24, -34, -200, 0, 19, 
-63, 239, 302, -87, -183, 270, -58, 78, 9, -200, -9, 4, 
-63, 263, 326, -100, -195, 295, -19, 117, 58, -180, 9, 14, 
-43, 273, 317, -114, -180, 295, -9, 146, 87, -146, 34, 34, 
-43, 263, 307, -109, -175, 285, 0, 175, 107, -107, 73, 53, 
-19, 268, 287, -124, -153, 278, 14, 209, 117, -58, 107, 78, 
24, 268, 244, -146, -109, 256, 24, 253, 136, 24, 170, 141, 
97, 292, 195, -195, -48, 244, 9, 287, 141, 136, 273, 263, 
239, 331, 92, -285, 73, 212, -24, 307, 156, 273, 400, 409, 
429, 395, -34, -412, 231, 180, -78, 287, 180, 448, 566, 580, 
653, 473, -180, -563, 417, 146, -180, 219, 195, 653, 771, 790, 
888, 590, -297, -739, 592, 146, -326, 92, 175, 868, 985, 1024, 
1141, 707, -434, -924, 788, 136, -502, -117, 87, 1054, 1185, 1239, 
1400, 795, -605, -1098, 1002, 95, -736, -380, -63, 1185, 1332, 1424, 
1629, 883, -746, -1256, 1188, 68, -966, -619, -244, 1263, 1444, 1571, 
1790, 941, -849, -1366, 1320, 46, -1132, -790, -424, 1268, 1468, 1644, 
1834, 936, -897, -1385, 1366, 19, -1210, -868, -580, 1093, 1307, 1561, 
1698, 829, -868, -1263, 1283, -19, -1190, -878, -707, 717, 961, 1283, 
1434, 614, -819, -1024, 1127, -102, -1088, -819, -824, 292, 566, 936, 
1137, 448, -688, -793, 912, -119, -946, -727, -888, 19, 317, 683, 
854, 444, -409, -649, 631, 17, -878, -736, -917, -136, 224, 566, 
644, 448, -195, -546, 419, 126, -897, -824, -956, -273, 161, 478, 
512, 385, -126, -448, 319, 129, -893, -873, -985, -419, 53, 351, 
414, 326, -87, -370, 251, 119, -834, -854, -951, -527, -53, 229, 
356, 307, -48, -331, 202, 129, -761, -775, -858, -561, -107, 151, 
331, 292, -39, -312, 185, 126, -683, -658, -756, -536, -117, 112, 
297, 292, -4, -295, 151, 143, -605, -556, -639, -463, -82, 112, 
258, 302, 43, -280, 107, 173, -527, -444, -512, -361, -34, 141, 
229, 278, 48, -253, 90, 163, -434, -297, -390, -278, 9, 161, 
248, 268, 19, -258, 114, 143, -341, -161, -297, -204, 53, 180, 
253, 263, 9, -258, 122, 136, -273, -87, -229, -156, 78, 180, 
200, 234, 34, -217, 82, 134, -224, -48, -175, -136, 87, 170, 
165, 224, 58, -195, 53, 141, -170, 4, -131, -107, 117, 175, 
170, 253, 82, -212, 43, 168, -146, 39, -92, -97, 117, 165, 
170, 263, 92, -217, 39, 178, -136, 39, -82, -117, 97, 146, 
117, 253, 136, -185, -9, 195, -122, 39, -68, -126, 73, 126, 
78, 244, 165, -161, -43, 204, -112, 39, -63, -131, 68, 122, 
78, 234, 156, -156, -39, 195, -122, 34, -63, -136, 53, 112, 
78, 234, 156, -156, -39, 195, -141, 29, -78, -141, 58, 107, 
73, 234, 161, -153, -43, 197, -141, 29, -78, -141, 58, 107, 
73, 229, 156, -151, -41, 192, -136, 34, -78, -141, 68, 112, 
78, 229, 151, -153, -36, 190, -131, 43, -78, -136, 73, 112, 
82, 219, 136, -151, -26, 178, -117, 53, -53, -141, 73, 112, 
68, 214, 146, -141, -39, 180, -102, 63, -43, -136, 73, 112, 
58, 204, 146, -131, -43, 175, -92, 73, -39, -136, 73, 102, 
58, 204, 146, -131, -43, 175, -92, 73, -29, -146, 68, 97, 
73, 224, 151, -148, -39, 187, -82, 82, -24, -136, 53, 102, 
78, 239, 161, -158, -41, 200, -87, 82, -24, -131, 53, 97, 
73, 244, 170, -158, -48, 207, -87, 73, -24, -131, 53, 97, 
73, 248, 175, -161, -51, 212, -92, 73, -24, -126, 53, 102, 
68, 248, 180, -158, -56, 214, -92, 87, -14, -107, 68, 107, 
73, 248, 175, -161, -51, 212, -87, 87, -14, -102, 82, 117, 
73, 244, 170, -158, -48, 207, -82, 92, -14, -102, 87, 117, 
68, 244, 175, -156, -53, 209, -82, 97, -4, -102, 97, 117, 
63, 234, 170, -148, -53, 202, -78, 97, -9, -112, 87, 112, 
63, 234, 170, -148, -53, 202, -78, 92, 0, -112, 78, 112, 
68, 244, 175, -156, -53, 209, -78, 87, 0, -112, 78, 112, 
68, 244, 175, -156, -53, 209, -82, 82, -4, -112, 82, 112, 
78, 239, 161, -158, -41, 200, -92, 68, -24, -122, 82, 102, 
87, 239, 151, -163, -31, 195, -92, 68, -24, -117, 82, 102, 
97, 244, 146, -170, -24, 195, -92, 68, -24, -117, 82, 107, 
82, 224, 141, -153, -29, 183, -92, 68, -24, -117, 82, 107, 
92, 229, 136, -161, -21, 183, -92, 73, -14, -102, 92, 117, 
97, 229, 131, -163, -17, 180, -92, 82, -9, -102, 92, 117, 
102, 234, 131, -168, -14, 183, -92, 92, -9, -102, 92, 117, 
102, 234, 131, -168, -14, 183, -92, 97, -4, -97, 92, 117, 
87, 248, 161, -168, -36, 204, -82, 97, 0, -97, 82, 117, 
78, 248, 170, -163, -46, 209, -82, 97, 4, -97, 87, 117, 
73, 248, 175, -161, -51, 212, -82, 97, 4, -92, 87, 117, 
68, 248, 180, -158, -56, 214, -82, 97, 4, -92, 87, 117, 
58, 253, 195, -156, -68, 224, -73, 97, 4, -82, 87, 122, 
63, 248, 185, -156, -61, 217, -73, 102, 4, -82, 97, 126, 
73, 244, 170, -158, -48, 207, -68, 107, 14, -73, 102, 131, 
73, 248, 175, -161, -51, 212, -68, 107, 14, -68, 102, 141, 
87, 244, 156, -165, -34, 200, -78, 107, 19, -78, 102, 122, 
97, 248, 151, -173, -26, 200, -78, 107, 19, -78, 102, 122, 
112, 253, 141, -183, -14, 197, -78, 112, 24, -73, 102, 122, 
126, 258, 131, -192, -2, 195, -78, 112, 29, -73, 102, 122, 
117, 263, 146, -190, -14, 204, -68, 117, 43, -63, 112, 131, 
112, 268, 156, -190, -21, 212, -68, 117, 43, -53, 117, 136, 
117, 273, 156, -195, -19, 214, -68, 126, 43, -48, 122, 146, 
87, 273, 185, -180, -48, 229, -68, 131, 48, -43, 126, 146, 
82, 253, 170, -168, -43, 212, -78, 131, 48, -43, 122, 136, 
87, 248, 161, -168, -36, 204, -78, 126, 43, -48, 117, 136, 
87, 244, 156, -165, -34, 200, -78, 122, 39, -53, 112, 136, 
82, 239, 156, -161, -36, 197, -78, 117, 34, -48, 107, 136, 
97, 253, 156, -175, -29, 204, -78, 126, 43, -39, 117, 141, 
126, 263, 136, -195, -4, 200, -78, 126, 43, -39, 117, 141, 
151, 278, 126, -214, 12, 202, -82, 126, 48, -39, 117, 141, 
170, 287, 117, -229, 26, 202, -82, 131, 58, -29, 126, 151, 
161, 292, 131, -226, 14, 212, -78, 141, 68, -14, 131, 165, 
141, 292, 151, -217, -4, 222, -73, 151, 73, -9, 141, 165, 
126, 292, 165, -209, -19, 229, -63, 156, 73, 0, 146, 175, 
117, 297, 180, -207, -31, 239, -58, 161, 82, 9, 156, 180, 
102, 297, 195, -200, -46, 246, -58, 175, 97, 19, 161, 190, 
87, 287, 200, -187, -56, 244, -58, 175, 97, 19, 161, 195, 
97, 297, 200, -197, -51, 248, -63, 175, 102, 24, 165, 200, 
107, 302, 195, -204, -43, 248, -63, 175, 102, 24, 165, 200, 
141, 292, 151, -217, -4, 222, -78, 165, 87, 19, 146, 190, 
161, 297, 136, -229, 12, 217, -82, 161, 82, 19, 141, 180, 
190, 302, 112, -246, 39, 207, -92, 156, 73, 9, 146, 180, 
224, 312, 87, -268, 68, 200, -97, 146, 68, 9, 146, 175, 
209, 312, 102, -261, 53, 207, -92, 165, 87, 34, 165, 185, 
195, 312, 117, -253, 39, 214, -87, 175, 92, 48, 175, 195, 
185, 312, 126, -248, 29, 219, -82, 180, 102, 53, 185, 204, 
185, 317, 131, -251, 26, 224, -78, 190, 112, 68, 200, 214, 
195, 326, 131, -261, 31, 229, -78, 195, 107, 78, 195, 209, 
195, 331, 136, -263, 29, 234, -73, 200, 117, 82, 204, 219, 
214, 336, 122, -275, 46, 229, -73, 200, 122, 87, 214, 229, 
234, 341, 107, -287, 63, 224, -87, 200, 122, 87, 214, 229, 
239, 346, 107, -292, 65, 226, -78, 204, 126, 97, 219, 239, 
234, 351, 117, -292, 58, 234, -78, 209, 136, 112, 224, 244, 
239, 356, 117, -297, 61, 236, -82, 209, 146, 122, 234, 253, 
244, 361, 117, -302, 63, 239, -82, 209, 156, 141, 244, 263, 
234, 356, 122, -295, 56, 239, -87, 219, 161, 146, 244, 268, 
234, 351, 117, -292, 58, 234, -87, 214, 161, 146, 244, 273, 
239, 356, 117, -297, 61, 236, -87, 214, 161, 161, 258, 287, 
234, 356, 122, -295, 56, 239, -97, 214, 165, 165, 263, 297, 
248, 370, 122, -309, 63, 246, -92, 204, 165, 175, 287, 302, 
258, 380, 122, -319, 68, 251, -92, 204, 170, 185, 287, 317, 
268, 385, 117, -326, 75, 251, -97, 204, 170, 185, 297, 317, 
283, 400, 117, -341, 82, 258, -102, 195, 170, 195, 297, 317, 
297, 405, 107, -351, 95, 256, -112, 195, 161, 190, 287, 312, 
302, 414, 112, -358, 95, 263, -117, 195, 161, 190, 297, 326, 
297, 414, 117, -356, 90, 265, -122, 195, 161, 190, 302, 326, 
302, 414, 112, -358, 95, 263, -126, 190, 161, 185, 302, 326, 
302, 414, 112, -358, 95, 263, -136, 175, 161, 200, 307, 331, 
312, 414, 102, -363, 104, 258, -136, 170, 161, 200, 307, 341, 
312, 414, 102, -363, 104, 258, -141, 165, 161, 200, 312, 346, 
317, 424, 107, -370, 104, 265, -141, 165, 165, 204, 317, 356, 
322, 429, 107, -375, 107, 268, -131, 161, 165, 209, 307, 346, 
322, 429, 107, -375, 107, 268, -141, 156, 161, 209, 307, 346, 
317, 429, 112, -373, 102, 270, -151, 146, 156, 204, 307, 341, 
302, 424, 122, -363, 90, 273, -151, 136, 151, 200, 302, 341, 
297, 424, 126, -361, 85, 275, -161, 146, 156, 195, 312, 356, 
292, 424, 131, -358, 80, 278, -156, 141, 156, 195, 312, 366, 
297, 424, 126, -361, 85, 275, -156, 136, 146, 195, 312, 356, 
292, 424, 131, -358, 80, 278, -156, 131, 146, 185, 312, 346, 
278, 424, 146, -351, 65, 285, -146, 126, 146, 180, 307, 356, 
278, 424, 146, -351, 65, 285, -151, 117, 141, 165, 292, 346, 
278, 424, 146, -351, 65, 285, -156, 107, 126, 151, 287, 336, 
268, 409, 141, -339, 63, 275, -156, 102, 117, 131, 278, 326, 
239, 395, 156, -317, 41, 275, -146, 107, 117, 131, 283, 331, 
214, 390, 175, -302, 19, 283, -141, 97, 117, 122, 268, 322, 
195, 380, 185, -287, 4, 283, -141, 92, 107, 107, 253, 307, 
170, 375, 204, -273, -17, 290, -136, 87, 102, 97, 244, 297, 
156, 375, 219, -265, -31, 297, -141, 78, 82, 82, 229, 278, 
156, 361, 204, -258, -24, 283, -141, 68, 78, 68, 224, 268, 
165, 361, 195, -263, -14, 278, -141, 63, 68, 53, 209, 263, 
170, 356, 185, -263, -7, 270, -136, 58, 68, 43, 204, 248, 
170, 341, 170, -256, 0, 256, -141, 48, 48, 24, 175, 229, 
175, 336, 161, -256, 7, 248, -146, 29, 39, 0, 161, 209, 
190, 336, 146, -263, 21, 241, -151, 14, 19, -24, 146, 195, 
204, 326, 122, -265, 41, 224, -156, -4, 4, -53, 122, 175, 
180, 317, 136, -248, 21, 226, -146, -4, 0, -58, 131, 170, 
156, 307, 151, -231, 2, 229, -146, -4, 0, -68, 122, 165, 
146, 302, 156, -224, -4, 229, -146, -4, -4, -73, 122, 170, 
136, 297, 161, -217, -12, 229, -151, -4, -4, -82, 122, 165, 
117, 297, 180, -207, -31, 239, -146, 0, 0, -87, 122, 165, 
102, 297, 195, -200, -46, 246, -131, 4, -4, -87, 117, 161, 
97, 297, 200, -197, -51, 248, -126, 4, -4, -92, 112, 156, 
92, 297, 204, -195, -56, 251, -122, 4, -14, -87, 102, 146, 
82, 268, 185, -175, -51, 226, -126, -4, -19, -102, 92, 141, 
82, 268, 185, -175, -51, 226, -126, -9, -24, -112, 87, 136, 
73, 268, 195, -170, -61, 231, -122, -9, -29, -117, 87, 131, 
63, 268, 204, -165, -70, 236, -122, -9, -29, -122, 82, 131, 
53, 248, 195, -151, -70, 222, -136, -14, -34, -146, 63, 122, 
53, 239, 185, -146, -65, 212, -141, -19, -43, -151, 58, 117, 
53, 229, 175, -141, -61, 202, -141, -29, -53, -161, 43, 102, 
53, 224, 170, -139, -58, 197, -146, -34, -58, -175, 39, 92, 
58, 239, 180, -148, -61, 209, -146, -34, -58, -175, 39, 78, 
63, 244, 180, -153, -58, 212, -141, -34, -58, -175, 34, 78, 
53, 244, 190, -148, -68, 217, -131, -34, -68, -175, 29, 78, 
78, 248, 170, -163, -46, 209, -126, -39, -68, -180, 29, 73, 
97, 248, 151, -173, -26, 200, -126, -34, -68, -170, 39, 82, 
102, 253, 151, -178, -24, 202, -126, -29, -68, -170, 39, 82, 
102, 258, 156, -180, -26, 207, -126, -24, -68, -170, 39, 82, 
97, 258, 161, -178, -31, 209, -126, -19, -68, -175, 34, 78, 
68, 239, 170, -153, -51, 204, -126, -14, -68, -175, 24, 78, 
43, 234, 190, -139, -73, 212, -117, -14, -63, -175, 29, 78, 
34, 229, 195, -131, -80, 212, -117, -14, -63, -175, 34, 87, 
19, 224, 204, -122, -92, 214, -117, -14, -68, -175, 34, 87, 
0, 219, 219, -109, -109, 219, -117, -4, -58, -165, 34, 87, 
0, 224, 224, -112, -112, 224, -112, -4, -53, -161, 39, 92, 
14, 239, 224, -126, -104, 231, -107, -4, -48, -161, 43, 97, 
19, 244, 224, -131, -102, 234, -102, -4, -43, -165, 48, 102, 
43, 248, 204, -146, -80, 226, -117, -19, -53, -185, 34, 87, 
73, 253, 180, -163, -53, 217, -117, -24, -58, -185, 29, 82, 
92, 263, 170, -178, -39, 217, -117, -24, -63, -185, 29, 82, 
112, 268, 156, -190, -21, 212, -117, -29, -68, -185, 29, 78, 
87, 253, 165, -170, -39, 209, -117, -19, -68, -190, 29, 78, 
63, 248, 185, -156, -61, 217, -117, -14, -68, -190, 29, 78, 
48, 239, 190, -143, -70, 214, -117, -14, -68, -190, 29, 78, 
34, 234, 200, -134, -82, 217, -117, -14, -63, -190, 34, 82, 
34, 224, 190, -129, -78, 207, -117, -24, -73, -200, 29, 78, 
39, 224, 185, -131, -73, 204, -117, -24, -73, -200, 24, 73, 
48, 224, 175, -136, -63, 200, -122, -34, -82, -204, 14, 58, 
63, 224, 161, -143, -48, 192, -122, -34, -82, -209, 9, 53, 
53, 224, 170, -139, -58, 197, -112, -24, -73, -200, 19, 63, 
43, 229, 185, -136, -70, 207, -112, -24, -73, -200, 19, 63, 
34, 229, 195, -131, -80, 212, -107, -19, -68, -195, 19, 68, 
9, 229, 219, -119, -104, 224, -107, -19, -68, -195, 19, 68, 
9, 229, 219, -119, -104, 224, -107, -19, -68, -185, 19, 78, 
34, 229, 195, -131, -80, 212, -107, -19, -73, -185, 19, 78, 
43, 234, 190, -139, -73, 212, -107, -19, -73, -185, 19, 73, 
53, 239, 185, -146, -65, 212, -112, -19, -73, -185, 19, 73, 
73, 244, 170, -158, -48, 207, -122, -19, -78, -195, 19, 78, 
73, 248, 175, -161, -51, 212, -122, -14, -78, -195, 19, 78, 
63, 253, 190, -158, -63, 222, -117, -14, -73, -190, 24, 78, 
63, 253, 190, -158, -63, 222, -117, -14, -73, -180, 24, 78, 
58, 244, 185, -151, -63, 214, -117, -29, -73, -190, 24, 68, 
53, 239, 185, -146, -65, 212, -117, -29, -73, -190, 24, 68, 
58, 248, 190, -153, -65, 219, -117, -24, -73, -185, 29, 78, 
68, 244, 175, -156, -53, 209, -117, -24, -73, -180, 34, 78, 
68, 248, 180, -158, -56, 214, -107, -14, -73, -180, 24, 87, 
58, 244, 185, -151, -63, 214, -107, -14, -73, -180, 24, 87, 
58, 244, 185, -151, -63, 214, -107, -14, -68, -185, 24, 87, 
63, 244, 180, -153, -58, 212, -112, -14, -68, -185, 24, 87, 
58, 239, 180, -148, -61, 209, -112, -14, -68, -185, 24, 78, 
53, 239, 185, -146, -65, 212, -107, -14, -68, -180, 24, 78, 
48, 239, 190, -143, -70, 214, -107, -14, -68, -180, 24, 78, 
43, 239, 195, -141, -75, 217, -107, -14, -68, -180, 24, 78, 
53, 234, 180, -143, -63, 207, -117, -24, -78, -190, 14, 78, 
58, 234, 175, -146, -58, 204, -117, -24, -78, -185, 19, 78, 
63, 229, 165, -146, -51, 197, -117, -24, -78, -185, 19, 78, 
53, 224, 170, -139, -58, 197, -117, -24, -78, -185, 19, 78, 
58, 234, 175, -146, -58, 204, -117, -14, -68, -175, 29, 87, 
58, 244, 185, -151, -63, 214, -122, -19, -68, -175, 29, 87, 
58, 253, 195, -156, -68, 224, -122, -19, -68, -175, 29, 87, 
73, 268, 195, -170, -61, 231, -122, -19, -68, -175, 29, 92, 
92, 273, 180, -183, -43, 226, -117, -19, -68, -170, 24, 92, 
78, 258, 180, -168, -51, 219, -122, -19, -68, -175, 24, 87, 
73, 248, 175, -161, -51, 212, -122, -19, -73, -175, 24, 87, 
73, 244, 170, -158, -48, 207, -117, -19, -73, -170, 24, 87, 
63, 244, 180, -153, -58, 212, -122, -29, -73, -175, 14, 78, 
58, 239, 180, -148, -61, 209, -122, -24, -73, -170, 14, 82, 
58, 234, 175, -146, -58, 204, -126, -24, -68, -175, 19, 87, 
53, 229, 175, -141, -61, 202, -131, -24, -68, -185, 19, 87, 
48, 229, 180, -139, -65, 204, -136, -24, -78, -185, 9, 68, 
53, 234, 180, -143, -63, 207, -131, -24, -78, -195, 4, 68, 
68, 248, 180, -158, -56, 214, -122, -29, -73, -185, 4, 73, 
78, 263, 185, -170, -53, 224, -117, -29, -73, -185, 4, 73, 
73, 273, 200, -173, -63, 236, -112, -24, -68, -175, 19, 87, 
68, 273, 204, -170, -68, 239, -107, -19, -63, -175, 24, 92, 
63, 273, 209, -168, -73, 241, -102, -14, -58, -175, 39, 97, 
58, 273, 214, -165, -78, 244, -97, -4, -53, -175, 43, 102, 
48, 268, 219, -158, -85, 244, -107, -4, -53, -165, 29, 92, 
43, 258, 214, -151, -85, 236, -107, -9, -53, -165, 29, 92, 
43, 248, 204, -146, -80, 226, -107, -14, -53, -170, 29, 92, 
43, 244, 200, -143, -78, 222, -112, -14, -58, -175, 24, 87, 
48, 234, 185, -141, -68, 209, -122, -29, -63, -180, 14, 78, 
48, 234, 185, -141, -68, 209, -117, -29, -68, -180, 14, 82, 
53, 239, 185, -146, -65, 212, -117, -34, -73, -185, 14, 82, 
63, 239, 175, -151, -56, 207, -117, -39, -78, -190, 19, 82, 
53, 239, 185, -146, -65, 212, -117, -29, -78, -180, 19, 82, 
53, 234, 180, -143, -63, 207, -117, -24, -78, -180, 19, 82, 
43, 234, 190, -139, -73, 212, -117, -24, -78, -180, 19, 82, 
43, 239, 195, -141, -75, 217, -117, -29, -78, -180, 19, 82, 
58, 248, 190, -153, -65, 219, -107, -19, -78, -175, 19, 82, 
63, 253, 190, -158, -63, 222, -102, -24, -73, -180, 24, 87, 
63, 263, 200, -163, -68, 231, -107, -24, -73, -185, 24, 87, 
63, 263, 200, -163, -68, 231, -102, -24, -68, -185, 29, 92, 
63, 253, 190, -158, -63, 222, -107, -34, -73, -195, 14, 87, 
68, 248, 180, -158, -56, 214, -107, -34, -78, -200, 9, 82, 
68, 244, 175, -156, -53, 209, -107, -34, -82, -204, 4, 78, 
63, 234, 170, -148, -53, 202, -107, -34, -87, -209, 4, 73, 
48, 244, 195, -146, -73, 219, -112, -24, -78, -204, 0, 73, 
43, 244, 200, -143, -78, 222, -112, -24, -78, -200, 0, 73, 
43, 239, 195, -141, -75, 217, -112, -24, -78, -204, -9, 73, 
43, 239, 195, -141, -75, 217, -112, -24, -78, -200, -9, 73, 
29, 248, 219, -139, -95, 234, -107, -14, -68, -195, 4, 78, 
14, 253, 239, -134, -112, 246, -102, -9, -63, -190, 9, 82, 
9, 263, 253, -136, -122, 258, -97, -9, -63, -185, 4, 87, 
19, 268, 248, -143, -114, 258, -92, -14, -73, -180, 9, 92, 
63, 219, 156, -141, -46, 187, -122, -48, -102, -219, -9, 68, 
34, 224, 190, -129, -78, 207, -122, -39, -92, -219, -9, 68, 
19, 214, 195, -117, -87, 204, -107, -39, -87, -214, 0, 68, 
29, 224, 195, -126, -82, 209, -117, -39, -87, -224, -4, 58, 
39, 224, 185, -131, -73, 204, -117, -39, -87, -224, -9, 58, 
48, 224, 175, -136, -63, 200, -117, -39, -87, -224, -14, 58, 
58, 224, 165, -141, -53, 195, -117, -39, -87, -224, -19, 58, 
58, 248, 190, -153, -65, 219, -102, -34, -87, -219, -9, 68, 
73, 253, 180, -163, -53, 217, -97, -34, -82, -214, -9, 68, 
73, 253, 180, -163, -53, 217, -92, -29, -78, -209, -9, 68, 
73, 253, 180, -163, -53, 217, -87, -24, -73, -204, -4, 73, 
63, 253, 190, -158, -63, 222, -87, -24, -73, -214, -9, 73, 
48, 253, 204, -151, -78, 229, -92, -24, -73, -219, -9, 68, 
39, 244, 204, -141, -82, 224, -92, -24, -73, -219, -9, 63, 
29, 244, 214, -136, -92, 229, -97, -24, -73, -219, -9, 58, 
19, 248, 229, -134, -104, 239, -87, -19, -68, -209, -4, 68, 
9, 253, 244, -131, -117, 248, -78, -19, -58, -200, -4, 78, 
19, 263, 244, -141, -112, 253, -78, -14, -58, -200, -4, 78, 
24, 263, 239, -143, -107, 251, -78, -14, -53, -200, 0, 78, 
48, 273, 224, -161, -87, 248, -87, -19, -58, -209, 0, 63, 
63, 278, 214, -170, -75, 246, -82, -19, -53, -209, 0, 63, 
87, 287, 200, -187, -56, 244, -78, -9, -48, -200, 14, 82, 
112, 297, 185, -204, -36, 241, -92, -9, -53, -200, 14, 82, 
97, 312, 214, -204, -58, 263, -87, 0, -43, -190, 14, 92, 
87, 312, 224, -200, -68, 268, -78, 4, -34, -180, 19, 97, 
73, 322, 248, -197, -87, 285, -73, 9, -19, -170, 19, 102, 
58, 331, 273, -195, -107, 302, -68, 9, -14, -165, 19, 102, 
48, 326, 278, -187, -114, 302, -82, 4, -14, -175, 19, 87, 
48, 322, 273, -185, -112, 297, -82, 0, -9, -175, 19, 87, 
43, 322, 278, -183, -117, 300, -82, -4, -4, -165, 29, 92, 
43, 336, 292, -190, -124, 314, -82, -9, 4, -156, 39, 107, 
48, 351, 302, -200, -126, 326, -102, -24, 0, -161, 34, 107, 
68, 351, 283, -209, -107, 317, -117, -43, -4, -170, 34, 107, 
82, 361, 278, -222, -97, 319, -136, -63, -9, -175, 34, 107, 
73, 370, 297, -222, -112, 334, -151, -92, -14, -170, 34, 117, 
73, 366, 292, -219, -109, 329, -151, -97, -19, -180, 34, 107, 
92, 370, 278, -231, -92, 324, -161, -112, -43, -190, 24, 102, 
112, 370, 258, -241, -73, 314, -185, -131, -53, -195, 24, 102, 
102, 370, 268, -236, -82, 319, -200, -151, -58, -195, 24, 102, 
112, 390, 278, -251, -82, 334, -200, -151, -43, -180, 34, 107, 
131, 400, 268, -265, -68, 334, -190, -141, -48, -175, 43, 117, 
131, 405, 273, -268, -70, 339, -180, -141, -43, -170, 48, 122, 
107, 405, 297, -256, -95, 351, -170, -117, -39, -165, 53, 126, 
97, 400, 302, -248, -102, 351, -170, -117, -48, -175, 39, 117, 
112, 395, 283, -253, -85, 339, -165, -112, -43, -170, 39, 126, 
117, 390, 273, -253, -78, 331, -161, -107, -43, -170, 34, 126, 
117, 385, 268, -251, -75, 326, -161, -102, -48, -175, 24, 126, 
122, 366, 244, -244, -61, 305, -151, -87, -63, -185, 29, 117, 
112, 351, 239, -231, -63, 295, -146, -82, -63, -185, 29, 117, 
92, 331, 239, -212, -73, 285, -141, -73, -63, -190, 29, 112, 
82, 317, 234, -200, -75, 275, -131, -63, -73, -190, 29, 112, 
78, 302, 224, -190, -73, 263, -136, -68, -82, -190, 19, 102, 
78, 287, 209, -183, -65, 248, -131, -63, -87, -204, 4, 92, 
68, 268, 200, -168, -65, 234, -126, -63, -97, -204, 4, 82, 
63, 258, 195, -161, -65, 226, -122, -58, -107, -209, 4, 78, 
48, 268, 219, -158, -85, 244, -107, -43, -97, -219, -4, 78, 
39, 248, 209, -143, -85, 229, -97, -39, -97, -224, -24, 73, 
39, 248, 209, -143, -85, 229, -92, -39, -102, -229, -34, 63, 
29, 244, 214, -136, -92, 229, -78, -39, -107, -239, -43, 58, 
19, 229, 209, -124, -95, 219, -82, -39, -112, -244, -43, 63, 
19, 224, 204, -122, -92, 214, -87, -39, -112, -248, -53, 58, 
24, 214, 190, -119, -82, 202, -87, -39, -117, -258, -53, 48, 
29, 214, 185, -122, -78, 200, -87, -39, -117, -258, -53, 48, 
34, 204, 170, -119, -68, 187, -92, -43, -126, -273, -68, 34, 
24, 190, 165, -107, -70, 178, -92, -48, -131, -273, -68, 29, 
39, 190, 151, -114, -56, 170, -97, -53, -136, -278, -73, 29, 
43, 195, 151, -119, -53, 173, -97, -58, -141, -278, -78, 24, 
34, 204, 170, -119, -68, 187, -92, -43, -126, -263, -73, 24, 
19, 200, 180, -109, -80, 190, -82, -39, -126, -268, -73, 29, 
9, 200, 190, -104, -90, 195, -78, -39, -122, -263, -68, 34, 
-4, 195, 200, -95, -102, 197, -78, -34, -117, -258, -63, 34, 
-4, 190, 195, -92, -100, 192, -87, -43, -126, -268, -73, 24, 
-14, 185, 200, -85, -107, 192, -87, -43, -117, -263, -73, 24, 
-14, 180, 195, -82, -104, 187, -87, -39, -117, -263, -73, 24, 
-9, 180, 190, -85, -100, 185, -82, -39, -122, -263, -73, 24, 
9, 185, 175, -97, -82, 180, -73, -39, -126, -273, -82, 24, 
19, 190, 170, -104, -75, 180, -68, -39, -131, -278, -82, 24, 
39, 195, 156, -117, -58, 175, -63, -34, -136, -278, -82, 24, 
34, 204, 170, -119, -68, 187, -58, -24, -131, -278, -82, 24, 
19, 214, 195, -117, -87, 204, -58, -24, -117, -263, -78, 29, 
4, 214, 209, -109, -102, 212, -63, -24, -117, -258, -73, 34, 
0, 214, 214, -107, -107, 214, -63, -24, -112, -253, -68, 39, 
-4, 214, 219, -104, -112, 217, -63, -19, -107, -248, -63, 43, 
4, 200, 195, -102, -95, 197, -68, -24, -107, -258, -68, 39, 
14, 195, 180, -104, -82, 187, -73, -29, -112, -263, -73, 39, 
14, 190, 175, -102, -80, 183, -68, -24, -112, -268, -78, 34, 
14, 185, 170, -100, -78, 178, -73, -29, -117, -273, -78, 29, 
63, 214, 151, -139, -43, 183, -63, -39, -117, -283, -97, 9, 
48, 214, 165, -131, -58, 190, -58, -29, -107, -273, -92, 4, 
19, 214, 195, -117, -87, 204, -48, -19, -92, -273, -97, -4, 
-24, 204, 229, -90, -126, 217, -9, 14, -58, -268, -97, -19, 
-82, 190, 273, -53, -178, 231, 24, 73, -4, -248, -87, -19, 
-102, 200, 302, -48, -202, 251, 48, 107, 39, -239, -87, -24, 
-92, 214, 307, -61, -200, 261, 58, 136, 68, -229, -78, -24, 
-73, 234, 307, -80, -190, 270, 78, 165, 97, -185, -43, 4, 
-53, 224, 278, -85, -165, 251, 97, 195, 117, -136, 4, 53, 
-19, 229, 248, -104, -134, 239, 112, 239, 136, -68, 58, 97, 
82, 278, 195, -180, -56, 236, 122, 292, 165, 53, 161, 200, 
214, 331, 117, -273, 48, 224, 107, 317, 170, 195, 302, 341, 
336, 341, 4, -339, 165, 173, 43, 297, 175, 341, 448, 497, 
488, 366, -122, -427, 305, 122, -48, 239, 200, 536, 624, 678, 
712, 463, -248, -588, 480, 107, -161, 141, 195, 771, 858, 917, 
956, 590, -366, -773, 661, 112, -326, -14, 146, 1005, 1093, 1171, 
1180, 688, -492, -934, 836, 97, -512, -224, 39, 1190, 1302, 1415, 
1381, 805, -575, -1093, 978, 114, -727, -448, -102, 1332, 1488, 1639, 
1532, 912, -619, -1222, 1076, 146, -897, -639, -273, 1420, 1610, 1805, 
1595, 922, -673, -1259, 1134, 124, -1024, -771, -463, 1317, 1537, 1790, 
1522, 849, -673, -1185, 1098, 87, -1054, -829, -639, 976, 1229, 1561, 
1356, 741, -614, -1049, 985, 63, -966, -790, -746, 531, 805, 1205, 
1102, 605, -497, -854, 800, 53, -824, -683, -814, 175, 458, 878, 
785, 507, -278, -646, 531, 114, -702, -629, -868, -58, 258, 653, 
531, 453, -78, -492, 305, 187, -673, -658, -936, -244, 136, 517, 
409, 409, 0, -409, 204, 204, -692, -727, -995, -419, 24, 400, 
317, 356, 39, -336, 139, 197, -688, -756, -1005, -556, -82, 273, 
248, 326, 78, -287, 85, 202, -629, -717, -922, -634, -151, 170, 
239, 297, 58, -268, 90, 178, -566, -639, -819, -639, -185, 112, 
214, 253, 39, -234, 87, 146, -507, -561, -717, -585, -185, 82, 
180, 263, 82, -222, 48, 173, -468, -488, -610, -512, -161, 82, 
200, 292, 92, -246, 53, 192, -409, -385, -492, -429, -112, 102, 
209, 268, 58, -239, 75, 163, -326, -258, -390, -336, -78, 112, 
151, 209, 58, -180, 46, 134, -234, -151, -307, -273, -53, 112, 
107, 175, 68, -141, 19, 122, -175, -87, -239, -224, -29, 112, 
122, 204, 82, -163, 19, 143, -126, -48, -175, -185, 0, 131, 
175, 273, 97, -224, 39, 185, -73, 4, -122, -156, 29, 156, 
161, 292, 131, -226, 14, 212, -39, 29, -73, -146, 39, 156, 
112, 253, 141, -183, -14, 197, -29, 39, -53, -156, 29, 146, 
68, 234, 165, -151, -48, 200, -24, 39, -48, -175, 4, 126, 
78, 234, 156, -156, -39, 195, -34, 39, -53, -180, -9, 102, 
107, 253, 146, -180, -19, 200, -43, 24, -53, -185, -14, 92, 
92, 248, 156, -170, -31, 202, -53, 9, -63, -190, -19, 87, 
82, 244, 161, -163, -39, 202, -53, 9, -68, -190, -19, 87, 
78, 234, 156, -156, -39, 195, -48, 14, -73, -190, -9, 92, 
78, 229, 151, -153, -36, 190, -43, 24, -78, -185, -4, 92, 
82, 229, 146, -156, -31, 187, -29, 43, -53, -180, -4, 92, 
68, 224, 156, -146, -43, 190, -14, 53, -43, -175, -4, 92, 
58, 214, 156, -136, -48, 185, -4, 63, -39, -175, -4, 82, 
58, 214, 156, -136, -48, 185, -4, 63, -29, -185, -9, 78, 
48, 219, 170, -134, -61, 195, -14, 53, -24, -175, -14, 82, 
48, 229, 180, -139, -65, 204, -19, 53, -24, -170, -14, 78, 
39, 229, 190, -134, -75, 209, -19, 43, -24, -170, -14, 78, 
34, 229, 195, -131, -80, 212, -24, 43, -24, -165, -14, 82, 
34, 224, 190, -129, -78, 207, -34, 43, -29, -161, -14, 78, 
43, 219, 175, -131, -65, 197, -29, 39, -34, -161, -4, 87, 
48, 209, 161, -129, -56, 185, -24, 39, -39, -165, -4, 87, 
48, 204, 156, -126, -53, 180, -24, 39, -34, -170, 0, 87, 
43, 204, 161, -124, -58, 183, -14, 48, -29, -161, 0, 92, 
43, 204, 161, -124, -58, 183, -9, 53, -9, -161, -9, 92, 
48, 214, 165, -131, -58, 190, -4, 58, 0, -161, -9, 92, 
48, 214, 165, -131, -58, 190, -4, 63, 4, -161, -4, 92, 
34, 214, 180, -124, -73, 197, 4, 58, 4, -156, 0, 97, 
29, 219, 190, -124, -80, 204, 4, 58, 4, -146, 4, 102, 
24, 229, 204, -126, -90, 217, 4, 58, 4, -141, 9, 112, 
-4, 214, 219, -104, -112, 217, 4, 58, 4, -136, 14, 117, 
4, 214, 209, -109, -102, 212, -4, 58, 4, -131, 4, 107, 
19, 219, 200, -119, -90, 209, -4, 63, 9, -131, 4, 107, 
34, 229, 195, -131, -80, 212, -4, 68, 9, -131, 4, 107, 
43, 234, 190, -139, -73, 212, -4, 68, 14, -126, 4, 107, 
63, 248, 185, -156, -61, 217, -14, 63, 14, -131, -4, 102, 
78, 248, 170, -163, -46, 209, -14, 58, 14, -136, 0, 97, 
97, 248, 151, -173, -26, 200, -14, 53, 9, -136, 0, 92, 
117, 248, 131, -183, -7, 190, -14, 48, 4, -141, 0, 87, 
97, 258, 161, -178, -31, 209, -4, 58, 4, -122, 0, 97, 
92, 258, 165, -175, -36, 212, -4, 63, 4, -122, 9, 107, 
92, 258, 165, -175, -36, 212, 0, 68, 14, -112, 14, 117, 
82, 268, 185, -175, -51, 226, 0, 68, 14, -107, 14, 131, 
73, 244, 170, -158, -48, 207, -9, 58, 19, -117, 14, 112, 
68, 239, 170, -153, -51, 204, -9, 58, 19, -117, 14, 112, 
68, 234, 165, -151, -48, 200, -9, 63, 24, -112, 14, 112, 
68, 229, 161, -148, -46, 195, -9, 63, 29, -112, 14, 112, 
87, 244, 156, -165, -34, 200, -19, 58, 24, -112, 24, 112, 
92, 248, 156, -170, -31, 202, -19, 58, 24, -102, 29, 117, 
107, 253, 146, -180, -19, 200, -19, 68, 24, -97, 34, 126, 
87, 253, 165, -170, -39, 209, -19, 73, 29, -92, 39, 126, 
102, 253, 151, -178, -24, 202, -9, 78, 34, -87, 39, 136, 
117, 258, 141, -187, -12, 200, -9, 78, 34, -87, 39, 136, 
126, 263, 136, -195, -4, 200, -9, 78, 34, -87, 39, 136, 
131, 268, 136, -200, -2, 202, -9, 78, 34, -78, 39, 136, 
122, 253, 131, -187, -4, 192, -9, 87, 39, -78, 39, 131, 
126, 253, 126, -190, 0, 190, -9, 87, 43, -78, 39, 131, 
126, 258, 131, -192, -2, 195, -14, 87, 53, -78, 39, 131, 
122, 258, 136, -190, -7, 197, -14, 92, 68, -68, 48, 141, 
126, 263, 136, -195, -4, 200, -14, 87, 53, -63, 43, 146, 
112, 263, 151, -187, -19, 207, -14, 92, 53, -58, 53, 146, 
102, 263, 161, -183, -29, 212, -9, 92, 48, -48, 58, 156, 
97, 268, 170, -183, -36, 219, -9, 92, 53, -39, 68, 161, 
97, 278, 180, -187, -41, 229, 0, 107, 73, -19, 82, 165, 
87, 268, 180, -178, -46, 224, 0, 107, 78, -19, 82, 175, 
102, 278, 175, -190, -36, 226, -4, 107, 87, -14, 87, 185, 
117, 283, 165, -200, -24, 224, -4, 107, 92, -14, 87, 190, 
136, 283, 146, -209, -4, 214, -14, 97, 87, -9, 92, 190, 
141, 287, 146, -214, -2, 217, -14, 102, 92, 0, 92, 190, 
156, 292, 136, -224, 9, 214, -19, 107, 92, 0, 102, 200, 
175, 302, 126, -239, 24, 214, -19, 107, 97, 9, 107, 204, 
161, 292, 131, -226, 14, 212, -19, 112, 92, 19, 112, 209, 
156, 292, 136, -224, 9, 214, -19, 117, 92, 29, 117, 214, 
156, 292, 136, -224, 9, 214, -19, 117, 97, 29, 122, 219, 
165, 297, 131, -231, 17, 214, -19, 122, 102, 39, 131, 224, 
170, 322, 151, -246, 9, 236, -19, 126, 112, 58, 136, 239, 
165, 331, 165, -248, 0, 248, -14, 131, 126, 73, 146, 248, 
180, 341, 161, -261, 9, 251, -14, 131, 136, 87, 156, 258, 
195, 351, 156, -273, 19, 253, -29, 131, 141, 97, 156, 258, 
209, 351, 141, -280, 34, 246, -34, 131, 136, 92, 161, 258, 
214, 351, 136, -283, 39, 244, -39, 131, 136, 102, 165, 263, 
229, 351, 122, -290, 53, 236, -48, 126, 136, 107, 175, 273, 
244, 351, 107, -297, 68, 229, -53, 122, 136, 122, 185, 283, 
239, 351, 112, -295, 63, 231, -48, 122, 141, 126, 195, 292, 
244, 351, 107, -297, 68, 229, -48, 117, 141, 126, 195, 292, 
253, 361, 107, -307, 73, 234, -48, 117, 141, 141, 209, 302, 
253, 366, 112, -309, 70, 239, -58, 117, 146, 146, 214, 307, 
258, 366, 107, -312, 75, 236, -63, 117, 151, 156, 219, 312, 
268, 370, 102, -319, 82, 236, -63, 117, 161, 165, 219, 326, 
278, 370, 92, -324, 92, 231, -68, 117, 165, 165, 229, 326, 
292, 380, 87, -336, 102, 234, -73, 107, 170, 175, 229, 326, 
292, 385, 92, -339, 100, 239, -78, 117, 165, 185, 229, 341, 
283, 395, 112, -339, 85, 253, -78, 117, 161, 190, 239, 356, 
263, 395, 131, -329, 65, 263, -78, 117, 156, 195, 244, 356, 
253, 395, 141, -324, 56, 268, -78, 112, 151, 195, 244, 356, 
258, 400, 141, -329, 58, 270, -92, 92, 141, 195, 248, 351, 
273, 395, 122, -334, 75, 258, -97, 82, 141, 190, 248, 361, 
278, 390, 112, -334, 82, 251, -107, 73, 141, 185, 253, 366, 
287, 395, 107, -341, 90, 251, -112, 68, 146, 185, 258, 375, 
302, 414, 112, -358, 95, 263, -107, 73, 156, 190, 258, 385, 
312, 419, 107, -366, 102, 263, -112, 68, 151, 190, 258, 385, 
317, 424, 107, -370, 104, 265, -117, 58, 146, 185, 258, 380, 
312, 424, 112, -368, 100, 268, -112, 48, 141, 180, 253, 380, 
312, 414, 102, -363, 104, 258, -122, 48, 131, 161, 244, 370, 
302, 414, 112, -358, 95, 263, -117, 43, 126, 156, 244, 375, 
302, 414, 112, -358, 95, 263, -117, 39, 112, 151, 244, 361, 
292, 414, 122, -353, 85, 268, -117, 34, 107, 136, 244, 346, 
263, 405, 141, -334, 61, 273, -102, 39, 122, 146, 248, 351, 
248, 405, 156, -326, 46, 280, -102, 29, 122, 136, 234, 346, 
234, 405, 170, -319, 31, 287, -102, 19, 112, 126, 229, 341, 
209, 390, 180, -300, 14, 285, -97, 14, 107, 112, 219, 336, 
200, 385, 185, -292, 7, 285, -102, 14, 97, 97, 204, 326, 
195, 380, 185, -287, 4, 283, -102, 0, 87, 73, 180, 312, 
195, 370, 175, -283, 9, 273, -107, -9, 68, 43, 156, 292, 
190, 366, 175, -278, 7, 270, -107, -19, 53, 19, 136, 278, 
151, 346, 195, -248, -21, 270, -92, -19, 48, 9, 141, 278, 
136, 331, 195, -234, -29, 263, -92, -29, 48, 0, 136, 268, 
131, 331, 200, -231, -34, 265, -92, -34, 43, -9, 122, 263, 
122, 326, 204, -224, -41, 265, -87, -39, 48, -14, 117, 248, 
117, 322, 204, -219, -43, 263, -97, -48, 29, -34, 92, 239, 
117, 317, 200, -217, -41, 258, -97, -58, 19, -48, 82, 219, 
126, 317, 190, -222, -31, 253, -97, -63, 0, -63, 73, 204, 
136, 307, 170, -222, -17, 239, -97, -73, -14, -82, 53, 185, 
131, 297, 165, -214, -17, 231, -107, -78, -24, -102, 39, 165, 
117, 287, 170, -202, -26, 229, -107, -82, -29, -117, 24, 156, 
117, 283, 165, -200, -24, 224, -107, -87, -39, -126, 19, 156, 
117, 278, 161, -197, -21, 219, -112, -92, -43, -141, 14, 146, 
82, 268, 185, -175, -51, 226, -107, -87, -43, -146, 9, 141, 
63, 268, 204, -165, -70, 236, -92, -82, -43, -146, 9, 141, 
53, 268, 214, -161, -80, 241, -87, -82, -39, -151, 9, 141, 
43, 268, 224, -156, -90, 246, -82, -82, -43, -146, 4, 136, 
53, 253, 200, -153, -73, 226, -78, -73, -58, -161, -4, 131, 
63, 258, 195, -161, -65, 226, -78, -78, -63, -170, -9, 126, 
63, 263, 200, -163, -68, 231, -73, -78, -68, -175, -9, 122, 
63, 268, 204, -165, -70, 236, -73, -78, -68, -180, -14, 122, 
53, 253, 200, -153, -73, 226, -78, -82, -58, -180, -19, 117, 
53, 248, 195, -151, -70, 222, -82, -87, -63, -180, -19, 117, 
53, 244, 190, -148, -68, 217, -82, -97, -68, -185, -29, 107, 
53, 244, 190, -148, -68, 217, -87, -102, -68, -195, -29, 102, 
53, 234, 180, -143, -63, 207, -92, -102, -78, -204, -39, 87, 
53, 234, 180, -143, -63, 207, -92, -102, -78, -204, -43, 87, 
39, 229, 190, -134, -75, 209, -87, -102, -87, -204, -48, 87, 
58, 229, 170, -143, -56, 200, -87, -107, -87, -209, -48, 82, 
63, 234, 170, -148, -53, 202, -78, -97, -78, -200, -39, 87, 
63, 244, 180, -153, -58, 212, -78, -97, -78, -200, -39, 92, 
58, 253, 195, -156, -68, 224, -78, -97, -78, -200, -39, 97, 
48, 258, 209, -153, -80, 234, -78, -97, -78, -204, -43, 97, 
19, 239, 219, -129, -100, 229, -78, -92, -68, -195, -43, 97, 
-4, 234, 239, -114, -122, 236, -68, -92, -63, -195, -39, 97, 
-14, 229, 244, -107, -129, 236, -68, -92, -63, -195, -34, 107, 
-29, 224, 253, -97, -141, 239, -68, -92, -68, -195, -34, 107, 
-29, 224, 253, -97, -141, 239, -82, -92, -82, -204, -39, 92, 
-19, 224, 244, -102, -131, 234, -82, -92, -82, -200, -39, 92, 
4, 234, 229, -119, -112, 231, -82, -92, -82, -200, -39, 92, 
19, 234, 214, -126, -97, 224, -82, -92, -82, -204, -39, 92, 
34, 239, 204, -136, -85, 222, -87, -112, -87, -214, -43, 92, 
53, 244, 190, -148, -68, 217, -87, -112, -87, -214, -48, 92, 
63, 253, 190, -158, -63, 222, -87, -107, -87, -214, -48, 97, 
73, 258, 185, -165, -56, 222, -87, -107, -87, -214, -48, 97, 
63, 248, 185, -156, -61, 217, -87, -117, -87, -209, -58, 87, 
53, 248, 195, -151, -70, 222, -87, -112, -87, -209, -58, 87, 
53, 244, 190, -148, -68, 217, -87, -112, -87, -209, -58, 87, 
53, 244, 190, -148, -68, 217, -87, -112, -82, -209, -53, 92, 
29, 239, 209, -134, -90, 224, -87, -102, -82, -209, -48, 102, 
19, 234, 214, -126, -97, 224, -87, -102, -82, -209, -43, 102, 
14, 229, 214, -122, -100, 222, -92, -112, -92, -214, -43, 92, 
14, 224, 209, -119, -97, 217, -92, -112, -92, -219, -39, 92, 
39, 229, 190, -134, -75, 209, -92, -112, -92, -219, -43, 82, 
53, 239, 185, -146, -65, 212, -92, -112, -92, -219, -48, 82, 
68, 244, 175, -156, -53, 209, -87, -107, -87, -214, -53, 87, 
68, 248, 180, -158, -56, 214, -87, -107, -87, -214, -58, 87, 
53, 244, 190, -148, -68, 217, -78, -107, -87, -214, -48, 97, 
63, 239, 175, -151, -56, 207, -78, -107, -92, -214, -48, 97, 
58, 239, 180, -148, -61, 209, -78, -107, -92, -214, -48, 92, 
53, 239, 185, -146, -65, 212, -82, -107, -92, -214, -48, 92, 
53, 229, 175, -141, -61, 202, -92, -107, -78, -214, -48, 97, 
43, 229, 185, -136, -70, 207, -92, -102, -78, -214, -48, 97, 
24, 229, 204, -126, -90, 217, -87, -102, -73, -209, -43, 97, 
14, 224, 209, -119, -97, 217, -87, -102, -73, -200, -43, 97, 
29, 234, 204, -131, -87, 219, -87, -117, -73, -200, -43, 97, 
34, 239, 204, -136, -85, 222, -87, -117, -73, -200, -43, 97, 
48, 258, 209, -153, -80, 234, -87, -112, -73, -195, -39, 107, 
68, 263, 195, -165, -63, 229, -87, -112, -73, -190, -34, 107, 
58, 263, 204, -161, -73, 234, -78, -107, -63, -185, -19, 112, 
48, 263, 214, -156, -82, 239, -78, -102, -63, -180, -14, 117, 
48, 268, 219, -158, -85, 244, -78, -97, -58, -180, -9, 122, 
53, 273, 219, -163, -82, 246, -82, -92, -58, -175, -4, 126, 
53, 273, 219, -163, -82, 246, -92, -102, -63, -180, -9, 122, 
53, 268, 214, -161, -80, 241, -87, -102, -68, -180, -14, 117, 
53, 263, 209, -158, -78, 236, -87, -102, -73, -185, -19, 112, 
53, 258, 204, -156, -75, 231, -87, -102, -78, -190, -24, 107, 
29, 248, 219, -139, -95, 234, -87, -112, -78, -190, -24, 117, 
19, 244, 224, -131, -102, 234, -87, -112, -78, -185, -19, 117, 
9, 234, 224, -122, -107, 229, -87, -112, -78, -185, -19, 117, 
-14, 224, 239, -104, -126, 231, -87, -112, -78, -185, -19, 117, 
14, 234, 219, -124, -102, 226, -97, -102, -78, -185, -19, 107, 
39, 244, 204, -141, -82, 224, -102, -107, -78, -185, -19, 107, 
63, 253, 190, -158, -63, 222, -102, -107, -78, -185, -19, 107, 
102, 268, 165, -185, -31, 217, -102, -107, -78, -185, -19, 112, 
102, 268, 165, -185, -31, 217, -97, -117, -78, -185, -14, 122, 
78, 258, 180, -168, -51, 219, -102, -117, -78, -185, -14, 117, 
63, 253, 190, -158, -63, 222, -102, -117, -82, -180, -14, 117, 
53, 253, 200, -153, -73, 226, -97, -117, -82, -170, -14, 117, 
53, 258, 204, -156, -75, 231, -107, -126, -87, -175, -24, 107, 
48, 258, 209, -153, -80, 234, -102, -122, -92, -170, -24, 112, 
48, 258, 209, -153, -80, 234, -102, -122, -92, -175, -19, 117, 
43, 258, 214, -151, -85, 236, -102, -122, -97, -185, -19, 117, 
34, 244, 209, -139, -87, 226, -102, -112, -97, -185, -19, 107, 
34, 244, 209, -139, -87, 226, -102, -112, -97, -195, -24, 107, 
43, 253, 209, -148, -82, 231, -97, -117, -92, -185, -24, 112, 
48, 263, 214, -156, -82, 239, -97, -117, -92, -185, -24, 112, 
48, 263, 214, -156, -82, 239, -97, -117, -82, -175, -14, 122, 
48, 263, 214, -156, -82, 239, -97, -117, -82, -175, -14, 122, 
48, 263, 214, -156, -82, 239, -97, -117, -82, -175, -4, 122, 
48, 263, 214, -156, -82, 239, -97, -112, -82, -175, -4, 122, 
58, 248, 190, -153, -65, 219, -102, -122, -97, -180, -14, 112, 
53, 239, 185, -146, -65, 212, -107, -126, -102, -185, -19, 112, 
53, 229, 175, -141, -61, 202, -112, -131, -107, -195, -24, 112, 
53, 224, 170, -139, -58, 197, -122, -131, -117, -204, -34, 107, 
63, 234, 170, -148, -53, 202, -117, -122, -112, -200, -19, 112, 
58, 244, 185, -151, -63, 214, -107, -117, -107, -190, -14, 122, 
58, 258, 200, -158, -70, 229, -102, -117, -102, -185, -9, 126, 
63, 268, 204, -165, -70, 236, -97, -117, -97, -180, 0, 131, 
63, 278, 214, -170, -75, 246, -87, -117, -97, -180, -9, 131, 
63, 273, 209, -168, -73, 241, -87, -112, -97, -180, -9, 131, 
53, 273, 219, -163, -82, 246, -87, -112, -97, -180, -9, 131, 
53, 278, 224, -165, -85, 251, -87, -117, -97, -180, -9, 131, 
58, 268, 209, -163, -75, 239, -92, -126, -102, -185, -14, 126, 
63, 263, 200, -163, -68, 231, -92, -131, -102, -190, -14, 126, 
63, 263, 200, -163, -68, 231, -102, -131, -107, -195, -19, 122, 
63, 253, 190, -158, -63, 222, -102, -131, -107, -195, -19, 122, 
53, 239, 185, -146, -65, 212, -107, -131, -107, -200, -29, 112, 
48, 239, 190, -143, -70, 214, -107, -131, -107, -200, -29, 112, 
39, 239, 200, -139, -80, 219, -107, -131, -107, -200, -29, 112, 
24, 234, 209, -129, -92, 222, -107, -131, -107, -200, -24, 112, 
34, 248, 214, -141, -90, 231, -92, -131, -107, -190, -29, 122, 
43, 253, 209, -148, -82, 231, -92, -131, -107, -190, -29, 122, 
58, 253, 195, -156, -68, 224, -92, -131, -107, -200, -39, 122, 
73, 258, 185, -165, -56, 222, -92, -131, -107, -200, -39, 122, 
63, 263, 200, -163, -68, 231, -92, -126, -97, -190, -29, 122, 
43, 263, 219, -153, -87, 241, -92, -117, -92, -190, -19, 122, 
34, 268, 234, -151, -100, 251, -92, -112, -92, -190, -19, 122, 
39, 268, 229, -153, -95, 248, -92, -112, -102, -190, -9, 122, 
58, 258, 200, -158, -70, 229, -102, -122, -112, -200, -24, 117, 
53, 253, 200, -153, -73, 226, -102, -126, -112, -200, -29, 117, 
39, 253, 214, -146, -87, 234, -112, -131, -112, -204, -34, 117, 
43, 253, 209, -148, -82, 231, -112, -136, -117, -204, -39, 122, 
43, 248, 204, -146, -80, 226, -112, -136, -117, -214, -39, 112, 
48, 248, 200, -148, -75, 224, -107, -136, -112, -214, -39, 117, 
29, 244, 214, -136, -92, 229, -102, -136, -112, -209, -39, 117, 
4, 234, 229, -119, -112, 231, -102, -131, -112, -209, -39, 112, 
14, 234, 219, -124, -102, 226, -102, -131, -112, -209, -29, 112, 
19, 234, 214, -126, -97, 224, -102, -131, -112, -209, -29, 112, 
24, 229, 204, -126, -90, 217, -102, -131, -117, -219, -34, 112, 
24, 229, 204, -126, -90, 217, -107, -141, -117, -224, -34, 107, 
34, 248, 214, -141, -90, 231, -97, -141, -117, -214, -34, 117, 
48, 263, 214, -156, -82, 239, -97, -136, -112, -209, -29, 117, 
43, 268, 224, -156, -90, 246, -97, -136, -112, -209, -29, 122, 
43, 268, 224, -156, -90, 246, -102, -136, -112, -209, -34, 122, 
39, 268, 229, -153, -95, 248, -112, -136, -122, -209, -34, 107, 
53, 268, 214, -161, -80, 241, -112, -136, -122, -209, -34, 107, 
63, 268, 204, -165, -70, 236, -112, -136, -122, -214, -39, 107, 
68, 268, 200, -168, -65, 234, -112, -136, -122, -214, -39, 107, 
48, 268, 219, -158, -85, 244, -107, -136, -122, -219, -34, 117, 
48, 268, 219, -158, -85, 244, -102, -136, -122, -219, -29, 117, 
53, 273, 219, -163, -82, 246, -102, -136, -122, -214, -29, 117, 
73, 283, 209, -178, -68, 246, -102, -136, -122, -214, -34, 117, 
53, 258, 204, -156, -75, 231, -112, -141, -122, -224, -39, 112, 
48, 253, 204, -151, -78, 229, -117, -146, -126, -224, -39, 107, 
48, 258, 209, -153, -80, 234, -117, -146, -131, -224, -43, 102, 
53, 253, 200, -153, -73, 226, -117, -151, -136, -224, -48, 97, 
48, 258, 209, -153, -80, 234, -117, -141, -126, -219, -39, 102, 
43, 248, 204, -146, -80, 226, -117, -141, -122, -219, -39, 102, 
39, 248, 209, -143, -85, 229, -112, -141, -122, -219, -34, 102, 
34, 258, 224, -146, -95, 241, -112, -141, -122, -219, -29, 102, 
14, 248, 234, -131, -109, 241, -102, -141, -122, -219, -39, 117, 
24, 258, 234, -141, -104, 246, -97, -141, -117, -200, -39, 126, 
29, 263, 234, -146, -102, 248, -92, -141, -107, -200, -29, 126, 
9, 253, 244, -131, -117, 248, -87, -136, -107, -204, -29, 126, 
24, 258, 234, -141, -104, 246, -97, -126, -107, -204, -29, 117, 
29, 263, 234, -146, -102, 248, -97, -126, -107, -204, -29, 117, 
34, 268, 234, -151, -100, 251, -97, -126, -107, -204, -29, 117, 
39, 273, 234, -156, -97, 253, -97, -126, -107, -204, -29, 117, 
39, 278, 239, -158, -100, 258, -107, -131, -122, -209, -34, 112, 
43, 273, 229, -158, -92, 251, -107, -141, -122, -214, -39, 107, 
34, 263, 229, -148, -97, 246, -107, -146, -122, -219, -43, 102, 
24, 253, 229, -139, -102, 241, -107, -151, -122, -224, -43, 102, 
29, 258, 229, -143, -100, 244, -97, -151, -112, -219, -39, 117, 
29, 263, 234, -146, -102, 248, -102, -151, -112, -219, -39, 117, 
34, 258, 224, -146, -95, 241, -102, -151, -112, -214, -39, 117, 
39, 263, 224, -151, -92, 244, -107, -151, -112, -209, -39, 117, 
43, 278, 234, -161, -95, 256, -107, -146, -112, -209, -34, 107, 
39, 283, 244, -161, -102, 263, -97, -146, -107, -200, -34, 117, 
53, 292, 239, -173, -92, 265, -97, -141, -112, -200, -34, 117, 
63, 292, 229, -178, -82, 261, -97, -141, -112, -200, -29, 117, 
48, 292, 244, -170, -97, 268, -92, -126, -107, -190, -19, 117, 
34, 297, 263, -165, -114, 280, -82, -126, -92, -190, -19, 122, 
29, 307, 278, -168, -124, 292, -73, -117, -78, -180, -4, 146, 
24, 317, 292, -170, -134, 305, -82, -117, -73, -180, -4, 151, 
39, 307, 268, -173, -114, 287, -92, -131, -82, -190, -14, 141, 
58, 302, 244, -180, -92, 273, -87, -131, -82, -190, -9, 136, 
73, 307, 234, -190, -80, 270, -87, -131, -78, -190, -9, 131, 
87, 312, 224, -200, -68, 268, -87, -136, -82, -195, -9, 122, 
73, 322, 248, -197, -87, 285, -82, -131, -73, -190, 0, 122, 
68, 322, 253, -195, -92, 287, -82, -126, -68, -185, 0, 126, 
58, 326, 268, -192, -104, 297, -82, -122, -63, -170, 9, 136, 
53, 346, 292, -200, -119, 319, -82, -117, -53, -156, 19, 156, 
39, 361, 322, -200, -141, 341, -82, -112, -39, -151, 29, 165, 
48, 361, 312, -204, -131, 336, -87, -122, -34, -151, 34, 165, 
53, 370, 317, -212, -131, 344, -97, -131, -29, -146, 39, 165, 
34, 380, 346, -207, -156, 363, -102, -151, -24, -131, 43, 175, 
53, 400, 346, -226, -146, 373, -117, -175, -34, -141, 43, 175, 
82, 409, 326, -246, -122, 368, -131, -190, -53, -151, 34, 170, 
112, 414, 302, -263, -95, 358, -161, -209, -58, -156, 34, 170, 
112, 419, 307, -265, -97, 363, -180, -229, -58, -156, 34, 170, 
97, 419, 322, -258, -112, 370, -195, -248, -73, -161, 34, 165, 
112, 409, 297, -261, -92, 353, -200, -248, -87, -165, 34, 165, 
107, 395, 287, -251, -90, 341, -204, -258, -92, -170, 29, 161, 
78, 375, 297, -226, -109, 336, -209, -244, -97, -175, 24, 156, 
73, 390, 317, -231, -122, 353, -209, -244, -87, -165, 29, 165, 
92, 395, 302, -244, -104, 348, -204, -239, -82, -161, 39, 175, 
102, 400, 297, -251, -97, 348, -200, -234, -82, -161, 43, 175, 
107, 405, 297, -256, -95, 351, -200, -229, -87, -165, 43, 175, 
122, 395, 273, -258, -75, 334, -195, -224, -92, -156, 48, 180, 
122, 390, 268, -256, -73, 329, -185, -219, -92, -156, 48, 185, 
112, 380, 268, -246, -78, 324, -175, -209, -92, -161, 48, 185, 
112, 375, 263, -244, -75, 319, -161, -200, -102, -161, 48, 190, 
112, 380, 268, -246, -78, 324, -146, -190, -97, -146, 53, 200, 
107, 366, 258, -236, -75, 312, -141, -180, -97, -156, 43, 190, 
92, 346, 253, -219, -80, 300, -136, -175, -102, -151, 48, 180, 
82, 336, 253, -209, -85, 295, -131, -165, -107, -151, 53, 175, 
82, 326, 244, -204, -80, 285, -126, -165, -112, -165, 43, 165, 
78, 307, 229, -192, -75, 268, -126, -165, -117, -175, 24, 161, 
82, 307, 224, -195, -70, 265, -131, -170, -126, -185, 14, 151, 
78, 302, 224, -190, -73, 263, -126, -175, -136, -200, 4, 146, 
53, 283, 229, -168, -87, 256, -126, -185, -141, -204, -4, 131, 
39, 273, 234, -156, -97, 253, -126, -185, -141, -209, -14, 126, 
29, 258, 229, -143, -100, 244, -122, -185, -146, -219, -14, 117, 
19, 253, 234, -136, -107, 244, -117, -185, -146, -219, -14, 117, 
14, 253, 239, -134, -112, 246, -102, -165, -141, -219, -19, 122, 
4, 239, 234, -122, -114, 236, -102, -165, -141, -214, -19, 117, 
19, 239, 219, -129, -100, 229, -107, -165, -141, -214, -24, 117, 
24, 244, 219, -134, -97, 231, -107, -165, -141, -209, -29, 112, 
43, 248, 204, -146, -80, 226, -117, -165, -146, -214, -39, 97, 
48, 248, 200, -148, -75, 224, -112, -165, -156, -229, -43, 97, 
58, 253, 195, -156, -68, 224, -112, -170, -161, -234, -43, 97, 
63, 253, 190, -158, -63, 222, -117, -170, -165, -239, -43, 92, 
53, 239, 185, -146, -65, 212, -126, -175, -185, -248, -53, 82, 
34, 224, 190, -129, -78, 207, -126, -180, -175, -244, -53, 82, 
24, 209, 185, -117, -80, 197, -126, -180, -175, -244, -53, 82, 
19, 200, 180, -109, -80, 190, -122, -185, -180, -244, -53, 82, 
9, 209, 200, -109, -95, 204, -117, -170, -165, -239, -39, 87, 
9, 219, 209, -114, -100, 214, -107, -165, -161, -239, -34, 92, 
19, 229, 209, -124, -95, 219, -97, -156, -156, -234, -29, 97, 
4, 244, 239, -124, -117, 241, -87, -141, -141, -229, -24, 102, 
14, 239, 224, -126, -104, 231, -92, -156, -146, -234, -39, 92, 
14, 234, 219, -124, -102, 226, -102, -161, -156, -239, -43, 92, 
24, 229, 204, -126, -90, 217, -107, -165, -161, -244, -48, 92, 
34, 224, 190, -129, -78, 207, -112, -165, -165, -248, -53, 92, 
19, 224, 204, -122, -92, 214, -102, -165, -151, -234, -48, 92, 
14, 224, 209, -119, -97, 217, -102, -165, -151, -234, -43, 97, 
0, 224, 224, -112, -112, 224, -92, -156, -146, -234, -39, 97, 
-14, 224, 239, -104, -126, 231, -92, -156, -146, -234, -29, 97, 
-24, 224, 248, -100, -136, 236, -92, -146, -136, -224, -29, 107, 
0, 234, 234, -117, -117, 234, -87, -146, -136, -224, -34, 102, 
9, 253, 244, -131, -117, 248, -87, -146, -131, -234, -39, 92, 
-4, 253, 258, -124, -131, 256, -78, -141, -117, -229, -39, 87, 
-24, 248, 273, -112, -148, 261, -63, -122, -102, -239, -58, 68, 
-34, 258, 292, -112, -163, 275, -39, -78, -78, -248, -78, 43, 
-34, 273, 307, -119, -170, 290, 0, -39, -29, -248, -68, 43, 
-24, 302, 326, -139, -175, 314, 19, -19, 9, -234, -63, 43, 
-14, 322, 336, -153, -175, 329, 29, 9, 48, -185, -34, 63, 
-29, 326, 356, -148, -192, 341, 63, 63, 78, -126, 19, 107, 
-24, 317, 341, -146, -183, 329, 82, 107, 97, -63, 73, 151, 
48, 322, 273, -185, -112, 297, 68, 141, 102, 19, 146, 224, 
180, 361, 180, -270, 0, 270, 34, 170, 117, 156, 273, 361, 
351, 414, 63, -383, 143, 239, -19, 151, 131, 312, 419, 522, 
527, 473, -53, -500, 290, 209, -82, 102, 156, 507, 605, 702, 
722, 561, -161, -641, 441, 200, -200, 4, 156, 741, 829, 936, 
927, 658, -268, -793, 597, 195, -366, -165, 87, 956, 1049, 1180, 
1146, 756, -390, -951, 768, 183, -561, -400, -34, 1137, 1244, 1395, 
1376, 863, -512, -1119, 944, 175, -780, -629, -185, 1283, 1415, 1590, 
1605, 990, -614, -1298, 1110, 187, -995, -839, -366, 1385, 1537, 1761, 
1756, 1044, -712, -1400, 1234, 165, -1141, -966, -522, 1356, 1532, 1805, 
1727, 966, -761, -1346, 1244, 102, -1180, -1015, -658, 1117, 1302, 1644, 
1551, 790, -761, -1171, 1156, 14, -1127, -966, -795, 683, 907, 1327, 
1332, 575, -756, -954, 1044, -90, -1005, -863, -917, 273, 522, 985, 
1078, 444, -634, -761, 856, -95, -917, -834, -995, 0, 283, 751, 
771, 409, -361, -590, 566, 24, -907, -932, -1054, -185, 170, 605, 
570, 375, -195, -473, 383, 90, -912, -1029, -1093, -361, 73, 507, 
502, 356, -146, -429, 324, 104, -863, -1029, -1078, -488, -24, 395, 
434, 346, -87, -390, 261, 129, -771, -951, -985, -551, -97, 287, 
341, 322, -19, -331, 180, 151, -683, -844, -873, -556, -126, 219, 
268, 292, 24, -280, 122, 158, -605, -722, -756, -502, -112, 200, 
268, 312, 43, -290, 112, 178, -527, -610, -619, -419, -73, 209, 
297, 317, 19, -307, 139, 168, -453, -492, -497, -346, -48, 200, 
287, 287, 0, -287, 143, 143, -370, -366, -405, -283, -34, 200, 
224, 263, 39, -244, 92, 151, -292, -273, -326, -214, 0, 209, 
180, 263, 82, -222, 48, 173, -234, -224, -263, -185, 29, 219, 
204, 283, 78, -244, 63, 180, -190, -180, -209, -156, 39, 224, 
190, 292, 102, -241, 43, 197, -146, -146, -170, -146, 48, 224, 
141, 273, 131, -207, 4, 202, -117, -117, -141, -136, 48, 204, 
97, 263, 165, -180, -34, 214, -92, -97, -117, -136, 34, 185, 
97, 283, 185, -190, -43, 234, -82, -87, -92, -141, 39, 180, 
87, 292, 204, -190, -58, 248, -82, -92, -82, -146, 34, 170, 
63, 287, 224, -175, -80, 256, -92, -97, -92, -161, 24, 165, 
53, 283, 229, -168, -87, 256, -92, -97, -97, -161, 19, 165, 
48, 273, 224, -161, -87, 248, -87, -92, -102, -161, 24, 170, 
48, 268, 219, -158, -85, 244, -82, -82, -107, -156, 24, 170, 
78, 283, 204, -180, -63, 244, -78, -82, -92, -151, 34, 180, 
78, 283, 204, -180, -63, 244, -63, -73, -82, -146, 34, 180, 
82, 278, 195, -180, -56, 236, -53, -63, -78, -146, 34, 170, 
97, 283, 185, -190, -43, 234, -53, -63, -68, -156, 29, 165, 
82, 278, 195, -180, -56, 236, -43, -63, -63, -156, 14, 156, 
68, 278, 209, -173, -70, 244, -48, -63, -63, -151, 14, 146, 
43, 268, 224, -156, -90, 246, -48, -73, -63, -151, 14, 141, 
24, 258, 234, -141, -104, 246, -53, -73, -63, -146, 14, 141, 
29, 263, 234, -146, -102, 248, -58, -78, -73, -141, 24, 151, 
43, 268, 224, -156, -90, 246, -58, -78, -73, -141, 34, 165, 
53, 268, 214, -161, -80, 241, -58, -73, -73, -146, 34, 170, 
58, 273, 214, -165, -78, 244, -63, -68, -63, -151, 39, 175, 
63, 273, 209, -168, -73, 241, -53, -53, -53, -146, 39, 165, 
63, 273, 209, -168, -73, 241, -48, -53, -39, -141, 29, 161, 
68, 283, 214, -175, -73, 248, -43, -53, -34, -136, 29, 156, 
68, 283, 214, -175, -73, 248, -43, -53, -34, -131, 34, 151, 
68, 287, 219, -178, -75, 253, -53, -48, -43, -131, 43, 161, 
78, 297, 219, -187, -70, 258, -53, -48, -43, -126, 43, 161, 
87, 312, 224, -200, -68, 268, -53, -48, -43, -126, 43, 165, 
73, 302, 229, -187, -78, 265, -53, -48, -43, -126, 43, 165, 
58, 283, 224, -170, -82, 253, -53, -53, -53, -122, 43, 165, 
58, 278, 219, -168, -80, 248, -53, -53, -48, -122, 43, 165, 
58, 278, 219, -168, -80, 248, -53, -53, -48, -122, 43, 165, 
53, 273, 219, -163, -82, 246, -53, -58, -43, -117, 43, 165, 
43, 278, 234, -161, -95, 256, -48, -48, -34, -112, 53, 175, 
29, 278, 248, -153, -109, 263, -43, -39, -24, -107, 58, 175, 
19, 278, 258, -148, -119, 268, -39, -29, -19, -97, 58, 175, 
9, 278, 268, -143, -129, 273, -34, -19, -14, -92, 58, 175, 
29, 297, 268, -163, -119, 283, -48, -34, -19, -97, 53, 170, 
53, 297, 244, -175, -95, 270, -53, -34, -24, -102, 58, 175, 
82, 297, 214, -190, -65, 256, -53, -34, -19, -97, 58, 180, 
102, 307, 204, -204, -51, 256, -58, -39, -24, -97, 53, 190, 
87, 297, 209, -192, -61, 253, -48, -39, -19, -97, 53, 180, 
87, 297, 209, -192, -61, 253, -48, -39, -19, -97, 53, 180, 
92, 297, 204, -195, -56, 251, -48, -34, -14, -92, 53, 180, 
97, 297, 200, -197, -51, 248, -48, -34, -9, -92, 53, 180, 
92, 312, 219, -202, -63, 265, -48, -39, -4, -82, 63, 180, 
92, 317, 224, -204, -65, 270, -48, -39, -4, -73, 68, 185, 
102, 322, 219, -212, -58, 270, -48, -29, -4, -68, 73, 195, 
78, 322, 244, -200, -82, 283, -48, -24, 0, -63, 78, 195, 
78, 312, 234, -195, -78, 273, -58, -19, 4, -68, 68, 195, 
87, 307, 219, -197, -65, 263, -58, -19, 4, -68, 68, 195, 
92, 302, 209, -197, -58, 256, -58, -19, 4, -68, 68, 195, 
92, 297, 204, -195, -56, 251, -58, -19, 4, -58, 68, 195, 
92, 307, 214, -200, -61, 261, -48, -9, 4, -48, 73, 200, 
107, 312, 204, -209, -48, 258, -48, -9, 4, -48, 78, 200, 
117, 322, 204, -219, -43, 263, -53, -9, 9, -48, 82, 200, 
122, 326, 204, -224, -41, 265, -53, -4, 19, -39, 97, 209, 
131, 331, 200, -231, -34, 265, -43, -4, 24, -34, 92, 224, 
122, 331, 209, -226, -43, 270, -43, 4, 34, -29, 102, 224, 
117, 331, 214, -224, -48, 273, -39, 9, 39, -19, 107, 234, 
117, 336, 219, -226, -51, 278, -39, 14, 53, -9, 117, 239, 
107, 346, 239, -226, -65, 292, -48, 19, 48, 0, 122, 239, 
97, 336, 239, -217, -70, 287, -48, 19, 48, 0, 122, 244, 
112, 346, 234, -229, -61, 290, -53, 19, 53, 4, 126, 248, 
126, 351, 224, -239, -48, 287, -53, 19, 53, 4, 126, 248, 
141, 341, 200, -241, -29, 270, -63, 9, 48, 4, 122, 239, 
141, 346, 204, -244, -31, 275, -63, 14, 53, 9, 122, 239, 
151, 351, 200, -251, -24, 275, -68, 19, 53, 4, 131, 248, 
165, 361, 195, -263, -14, 278, -68, 19, 58, 9, 136, 253, 
165, 370, 204, -268, -19, 287, -68, 24, 63, 29, 141, 248, 
165, 370, 204, -268, -19, 287, -68, 29, 63, 39, 146, 253, 
170, 370, 200, -270, -14, 285, -68, 29, 68, 39, 151, 258, 
185, 375, 190, -280, -2, 283, -68, 34, 73, 48, 161, 263, 
185, 375, 190, -280, -2, 283, -58, 48, 87, 63, 165, 278, 
175, 380, 204, -278, -14, 292, -53, 53, 97, 73, 175, 287, 
185, 385, 200, -285, -7, 292, -53, 53, 102, 82, 185, 297, 
195, 390, 195, -292, 0, 292, -68, 53, 102, 87, 185, 297, 
204, 400, 195, -302, 4, 297, -58, 68, 112, 102, 200, 317, 
204, 409, 204, -307, 0, 307, -58, 73, 117, 112, 204, 322, 
214, 419, 204, -317, 4, 312, -63, 73, 122, 117, 214, 331, 
224, 429, 204, -326, 9, 317, -63, 73, 126, 131, 224, 341, 
219, 429, 209, -324, 4, 319, -68, 73, 131, 126, 224, 331, 
224, 429, 204, -326, 9, 317, -68, 68, 131, 126, 224, 331, 
234, 439, 204, -336, 14, 322, -68, 68, 131, 141, 239, 341, 
234, 444, 209, -339, 12, 326, -78, 68, 136, 146, 244, 346, 
239, 439, 200, -339, 19, 319, -92, 58, 126, 156, 248, 351, 
248, 439, 190, -344, 29, 314, -92, 58, 131, 165, 248, 366, 
258, 434, 175, -346, 41, 305, -97, 58, 131, 165, 258, 366, 
273, 439, 165, -356, 53, 302, -102, 48, 131, 175, 258, 366, 
273, 453, 180, -363, 46, 317, -102, 53, 136, 180, 263, 375, 
263, 463, 200, -363, 31, 331, -97, 58, 141, 190, 278, 395, 
244, 463, 219, -353, 12, 341, -92, 63, 146, 200, 287, 400, 
234, 463, 229, -348, 2, 346, -87, 63, 151, 204, 292, 405, 
248, 473, 224, -361, 12, 348, -107, 48, 146, 200, 297, 405, 
273, 473, 200, -373, 36, 336, -107, 43, 141, 200, 297, 409, 
287, 473, 185, -380, 51, 329, -112, 39, 136, 200, 302, 409, 
307, 483, 175, -395, 65, 329, -112, 39, 136, 204, 307, 414, 
302, 488, 185, -395, 58, 336, -122, 34, 146, 209, 297, 424, 
302, 488, 185, -395, 58, 336, -131, 29, 141, 209, 297, 424, 
297, 488, 190, -392, 53, 339, -141, 19, 136, 204, 297, 419, 
283, 483, 200, -383, 41, 341, -141, 9, 131, 200, 292, 419, 
287, 492, 204, -390, 41, 348, -141, 0, 126, 204, 302, 424, 
283, 492, 209, -387, 36, 351, -136, -4, 126, 204, 302, 434, 
287, 492, 204, -390, 41, 348, -136, -9, 117, 204, 302, 424, 
283, 492, 209, -387, 36, 351, -136, -14, 117, 195, 302, 414, 
263, 492, 229, -378, 17, 361, -131, -14, 126, 195, 307, 419, 
258, 492, 234, -375, 12, 363, -131, -19, 122, 185, 292, 414, 
253, 492, 239, -373, 7, 366, -131, -24, 107, 175, 287, 409, 
239, 478, 239, -358, 0, 358, -126, -24, 97, 161, 278, 405, 
224, 463, 239, -344, -7, 351, -126, -34, 82, 151, 268, 390, 
214, 458, 244, -336, -14, 351, -131, -48, 78, 131, 248, 380, 
209, 448, 239, -329, -14, 344, -141, -58, 63, 107, 229, 366, 
200, 444, 244, -322, -21, 344, -146, -68, 53, 87, 214, 356, 
185, 444, 258, -314, -36, 351, -141, -73, 34, 82, 209, 336, 
185, 429, 244, -307, -29, 336, -141, -87, 29, 68, 204, 326, 
195, 429, 234, -312, -19, 331, -141, -97, 19, 53, 190, 322, 
200, 424, 224, -312, -12, 324, -136, -107, 19, 43, 185, 307, 
200, 419, 219, -309, -9, 319, -141, -117, -4, 29, 180, 312, 
195, 414, 219, -305, -12, 317, -146, -126, -9, 9, 170, 297, 
200, 414, 214, -307, -7, 314, -151, -131, -24, -9, 161, 287, 
204, 405, 200, -305, 2, 302, -156, -141, -34, -34, 141, 273, 
180, 390, 209, -285, -14, 300, -165, -146, -43, -34, 126, 253, 
156, 375, 219, -265, -31, 297, -165, -151, -48, -48, 112, 244, 
146, 366, 219, -256, -36, 292, -165, -156, -58, -58, 107, 244, 
136, 356, 219, -246, -41, 287, -170, -161, -63, -73, 102, 234, 
107, 336, 229, -222, -61, 283, -161, -161, -58, -82, 102, 234, 
92, 336, 244, -214, -75, 290, -151, -161, -63, -87, 97, 229, 
87, 336, 248, -212, -80, 292, -151, -165, -63, -97, 92, 224, 
82, 336, 253, -209, -85, 295, -151, -170, -73, -97, 82, 214, 
92, 307, 214, -200, -61, 261, -156, -180, -82, -117, 63, 204, 
92, 307, 214, -200, -61, 261, -156, -185, -92, -131, 58, 195, 
82, 307, 224, -195, -70, 265, -151, -185, -102, -141, 58, 185, 
73, 307, 234, -190, -80, 270, -151, -185, -107, -151, 53, 180, 
82, 322, 239, -202, -78, 280, -151, -175, -102, -146, 58, 185, 
92, 326, 234, -209, -70, 280, -151, -175, -102, -141, 58, 185, 
102, 331, 229, -217, -63, 280, -146, -180, -102, -141, 48, 175, 
112, 341, 229, -226, -58, 285, -146, -180, -97, -146, 48, 170, 
92, 331, 239, -212, -73, 285, -146, -170, -97, -146, 58, 170, 
82, 331, 248, -207, -82, 290, -141, -170, -97, -146, 53, 175, 
58, 326, 268, -192, -104, 297, -131, -170, -107, -146, 48, 180, 
68, 326, 258, -197, -95, 292, -126, -175, -107, -151, 48, 180, 
68, 312, 244, -190, -87, 278, -136, -185, -107, -161, 48, 170, 
63, 312, 248, -187, -92, 280, -136, -185, -107, -161, 48, 170, 
53, 312, 258, -183, -102, 285, -136, -185, -107, -161, 48, 170, 
39, 307, 268, -173, -114, 287, -136, -185, -107, -165, 43, 165, 
34, 292, 258, -163, -112, 275, -146, -180, -107, -165, 34, 156, 
24, 292, 268, -158, -122, 280, -136, -180, -102, -165, 39, 156, 
29, 292, 263, -161, -117, 278, -136, -180, -102, -165, 43, 165, 
29, 292, 263, -161, -117, 278, -136, -180, -107, -165, 43, 165, 
24, 292, 268, -158, -122, 280, -141, -180, -122, -165, 39, 161, 
29, 292, 263, -161, -117, 278, -141, -180, -122, -161, 39, 161, 
48, 302, 253, -175, -102, 278, -141, -180, -122, -161, 39, 161, 
58, 302, 244, -180, -92, 273, -141, -180, -122, -165, 39, 161, 
63, 292, 229, -178, -82, 261, -156, -195, -126, -185, 24, 151, 
73, 292, 219, -183, -73, 256, -156, -200, -126, -185, 19, 151, 
73, 297, 224, -185, -75, 261, -156, -200, -126, -185, 19, 156, 
73, 297, 224, -185, -75, 261, -156, -204, -126, -185, 19, 156, 
63, 307, 244, -185, -90, 275, -151, -200, -117, -170, 24, 165, 
53, 307, 253, -180, -100, 280, -146, -190, -117, -170, 29, 165, 
53, 302, 248, -178, -97, 275, -141, -185, -117, -170, 34, 165, 
53, 302, 248, -178, -97, 275, -136, -180, -112, -170, 43, 170, 
48, 302, 253, -175, -102, 278, -146, -190, -112, -170, 43, 161, 
48, 302, 253, -175, -102, 278, -146, -190, -112, -170, 43, 161, 
53, 302, 248, -178, -97, 275, -151, -200, -122, -175, 39, 151, 
63, 302, 239, -183, -87, 270, -151, -200, -122, -180, 39, 151, 
53, 292, 239, -173, -92, 265, -151, -200, -122, -180, 29, 151, 
53, 297, 244, -175, -95, 270, -151, -200, -122, -180, 29, 151, 
53, 297, 244, -175, -95, 270, -146, -195, -117, -175, 29, 156, 
39, 297, 258, -168, -109, 278, -146, -195, -117, -175, 29, 156, 
29, 283, 253, -156, -112, 268, -156, -204, -122, -180, 29, 156, 
43, 278, 234, -161, -95, 256, -156, -204, -131, -185, 29, 156, 
43, 278, 234, -161, -95, 256, -156, -204, -136, -190, 29, 151, 
43, 278, 234, -161, -95, 256, -161, -204, -141, -195, 29, 151, 
68, 297, 229, -183, -80, 263, -151, -195, -131, -190, 39, 165, 
73, 307, 234, -190, -80, 270, -151, -190, -126, -185, 39, 165, 
68, 317, 248, -192, -90, 283, -146, -190, -117, -175, 43, 165, 
73, 322, 248, -197, -87, 285, -146, -190, -112, -161, 43, 165, 
73, 307, 234, -190, -80, 270, -156, -195, -122, -180, 39, 156, 
73, 307, 234, -190, -80, 270, -156, -195, -122, -180, 34, 156, 
82, 322, 239, -202, -78, 280, -156, -190, -122, -175, 34, 165, 
97, 322, 224, -209, -63, 273, -156, -190, -122, -170, 34, 165, 
78, 317, 239, -197, -80, 278, -156, -200, -131, -170, 43, 165, 
68, 312, 244, -190, -87, 278, -156, -200, -131, -170, 43, 165, 
68, 312, 244, -190, -87, 278, -156, -200, -126, -175, 43, 165, 
73, 312, 239, -192, -82, 275, -161, -200, -126, -175, 43, 165, 
73, 326, 253, -200, -90, 290, -161, -190, -117, -165, 43, 175, 
73, 326, 253, -200, -90, 290, -156, -190, -117, -161, 43, 175, 
73, 326, 253, -200, -90, 290, -156, -190, -117, -161, 43, 175, 
73, 326, 253, -200, -90, 290, -156, -190, -117, -161, 43, 175, 
68, 322, 253, -195, -92, 287, -146, -190, -117, -170, 43, 175, 
68, 322, 253, -195, -92, 287, -146, -190, -117, -165, 48, 175, 
68, 317, 248, -192, -90, 283, -146, -190, -117, -165, 48, 175, 
53, 312, 258, -183, -102, 285, -146, -190, -117, -165, 48, 175, 
58, 317, 258, -187, -100, 287, -136, -180, -112, -161, 53, 185, 
58, 322, 263, -190, -102, 292, -141, -185, -107, -156, 58, 185, 
58, 326, 268, -192, -104, 297, -141, -185, -102, -151, 63, 185, 
73, 336, 263, -204, -95, 300, -141, -185, -97, -146, 68, 190, 
78, 341, 263, -209, -92, 302, -156, -195, -107, -151, 53, 190, 
58, 326, 268, -192, -104, 297, -161, -195, -107, -156, 53, 185, 
48, 317, 268, -183, -109, 292, -161, -195, -112, -156, 53, 185, 
43, 312, 268, -178, -112, 290, -156, -195, -112, -151, 53, 185, 
63, 326, 263, -195, -100, 295, -165, -204, -122, -156, 43, 180, 
68, 326, 258, -197, -95, 292, -161, -200, -122, -151, 43, 180, 
78, 326, 248, -202, -85, 287, -161, -200, -117, -156, 48, 180, 
82, 326, 244, -204, -80, 285, -161, -200, -117, -165, 48, 175, 
63, 302, 239, -183, -87, 270, -170, -209, -136, -165, 48, 175, 
63, 302, 239, -183, -87, 270, -170, -209, -136, -175, 43, 175, 
73, 312, 239, -192, -82, 275, -165, -214, -131, -165, 43, 180, 
78, 322, 244, -200, -82, 283, -165, -214, -131, -165, 43, 180, 
68, 322, 253, -195, -92, 287, -156, -204, -122, -156, 43, 180, 
68, 322, 253, -195, -92, 287, -156, -204, -122, -156, 43, 180, 
68, 322, 253, -195, -92, 287, -156, -204, -122, -156, 53, 180, 
68, 322, 253, -195, -92, 287, -156, -200, -122, -156, 53, 180, 
63, 331, 268, -197, -102, 300, -146, -195, -112, -156, 58, 190, 
53, 326, 273, -190, -109, 300, -146, -195, -112, -156, 58, 190, 
48, 322, 273, -185, -112, 297, -146, -195, -112, -161, 58, 190, 
43, 322, 278, -183, -117, 300, -151, -190, -117, -165, 53, 185, 
48, 322, 273, -185, -112, 297, -161, -200, -126, -175, 43, 180, 
48, 322, 273, -185, -112, 297, -156, -195, -126, -170, 43, 180, 
53, 326, 273, -190, -109, 300, -156, -195, -126, -170, 43, 175, 
63, 326, 263, -195, -100, 295, -156, -195, -126, -170, 48, 170, 
58, 317, 258, -187, -100, 287, -146, -195, -117, -161, 48, 180, 
53, 312, 258, -183, -102, 285, -146, -190, -117, -161, 48, 180, 
39, 312, 273, -175, -117, 292, -146, -190, -117, -161, 48, 180, 
34, 317, 283, -175, -124, 300, -146, -195, -117, -161, 48, 180, 
48, 322, 273, -185, -112, 297, -151, -195, -122, -165, 53, 175, 
53, 322, 268, -187, -107, 295, -151, -200, -122, -170, 53, 175, 
53, 326, 273, -190, -109, 300, -161, -200, -126, -175, 48, 170, 
53, 322, 268, -187, -107, 295, -161, -200, -126, -175, 48, 170, 
63, 331, 268, -197, -102, 300, -156, -209, -126, -180, 39, 170, 
78, 336, 258, -207, -90, 297, -156, -209, -126, -180, 39, 170, 
87, 341, 253, -214, -82, 297, -156, -209, -126, -180, 39, 170, 
92, 341, 248, -217, -78, 295, -156, -209, -126, -180, 43, 170, 
78, 336, 258, -207, -90, 297, -161, -209, -136, -180, 39, 170, 
73, 331, 258, -202, -92, 295, -161, -209, -136, -180, 39, 170, 
73, 322, 248, -197, -87, 285, -161, -209, -136, -190, 29, 170, 
73, 317, 244, -195, -85, 280, -161, -209, -136, -190, 29, 170, 
63, 312, 248, -187, -92, 280, -161, -209, -136, -180, 39, 170, 
53, 312, 258, -183, -102, 285, -161, -204, -131, -180, 39, 170, 
53, 317, 263, -185, -104, 290, -161, -204, -131, -180, 29, 170, 
68, 317, 248, -192, -90, 283, -161, -209, -141, -180, 29, 170, 
73, 317, 244, -195, -85, 280, -161, -214, -141, -190, 29, 156, 
63, 312, 248, -187, -92, 280, -161, -214, -141, -190, 29, 156, 
43, 312, 268, -178, -112, 290, -170, -214, -141, -195, 29, 156, 
43, 312, 268, -178, -112, 290, -170, -214, -146, -195, 29, 161, 
43, 302, 258, -173, -107, 280, -161, -214, -146, -195, 39, 161, 
48, 307, 258, -178, -104, 283, -156, -214, -141, -195, 39, 165, 
29, 307, 278, -168, -124, 292, -151, -214, -141, -190, 39, 165, 
4, 302, 297, -153, -146, 300, -151, -209, -141, -190, 39, 161, 
19, 317, 297, -168, -139, 307, -161, -219, -141, -190, 39, 161, 
39, 322, 283, -180, -122, 302, -161, -219, -141, -190, 39, 161, 
58, 322, 263, -190, -102, 292, -161, -219, -146, -200, 34, 161, 
73, 326, 253, -200, -90, 290, -165, -229, -146, -204, 34, 156, 
78, 326, 248, -202, -85, 287, -175, -229, -156, -214, 29, 146, 
87, 331, 244, -209, -78, 287, -175, -224, -151, -209, 29, 146, 
78, 326, 248, -202, -85, 287, -175, -224, -151, -209, 24, 151, 
73, 317, 244, -195, -85, 280, -180, -224, -151, -209, 14, 151, 
48, 312, 263, -180, -107, 287, -175, -214, -141, -204, 19, 151, 
43, 307, 263, -175, -109, 285, -170, -214, -141, -200, 24, 156, 
34, 302, 268, -168, -117, 285, -165, -214, -141, -200, 24, 161, 
19, 297, 278, -158, -129, 287, -161, -214, -141, -195, 29, 165, 
9, 287, 278, -148, -134, 283, -165, -214, -141, -200, 34, 156, 
9, 287, 278, -148, -134, 283, -161, -214, -141, -200, 39, 156, 
14, 292, 278, -153, -131, 285, -161, -214, -141, -195, 39, 156, 
34, 302, 268, -168, -117, 285, -161, -214, -141, -195, 34, 156, 
34, 302, 268, -168, -117, 285, -151, -214, -136, -185, 34, 165, 
39, 312, 273, -175, -117, 292, -156, -214, -136, -185, 39, 165, 
48, 331, 283, -190, -117, 307, -156, -209, -136, -185, 39, 165, 
63, 341, 278, -202, -107, 309, -156, -209, -136, -185, 39, 165, 
63, 341, 278, -202, -107, 309, -161, -224, -151, -195, 34, 156, 
63, 317, 253, -190, -95, 285, -165, -229, -151, -200, 29, 151, 
63, 302, 239, -183, -87, 270, -165, -234, -156, -204, 29, 146, 
63, 297, 234, -180, -85, 265, -170, -239, -161, -209, 29, 141, 
63, 287, 224, -175, -80, 256, -180, -229, -161, -209, 19, 136, 
53, 287, 234, -170, -90, 261, -175, -229, -165, -209, 19, 136, 
58, 322, 263, -190, -102, 292, -175, -224, -156, -204, 19, 146, 
43, 312, 268, -178, -112, 290, -165, -214, -146, -195, 29, 156, 
39, 312, 273, -175, -117, 292, -165, -214, -146, -195, 29, 156, 
34, 312, 278, -173, -122, 295, -165, -214, -146, -195, 29, 156, 
29, 312, 283, -170, -126, 297, -165, -214, -146, -195, 29, 156, 
48, 336, 287, -192, -119, 312, -156, -214, -141, -195, 29, 156, 
63, 341, 278, -202, -107, 309, -156, -219, -141, -195, 29, 156, 
63, 341, 278, -202, -107, 309, -156, -219, -141, -195, 29, 156, 
63, 341, 278, -202, -107, 309, -156, -219, -141, -195, 34, 161, 
53, 326, 273, -190, -109, 300, -170, -234, -151, -204, 29, 156, 
48, 312, 263, -180, -107, 287, -180, -239, -161, -219, 19, 146, 
48, 287, 239, -168, -95, 263, -185, -244, -170, -229, 9, 136, 
48, 273, 224, -161, -87, 248, -195, -248, -180, -239, 0, 126, 
48, 283, 234, -165, -92, 258, -190, -239, -161, -224, 9, 131, 
39, 292, 253, -165, -107, 273, -175, -234, -146, -209, 14, 146, 
48, 307, 258, -178, -104, 283, -170, -224, -141, -204, 19, 151, 
53, 312, 258, -183, -102, 285, -165, -219, -131, -200, 29, 156, 
43, 336, 292, -190, -124, 314, -151, -209, -122, -195, 34, 156, 
43, 346, 302, -195, -129, 324, -141, -204, -112, -190, 39, 161, 
53, 361, 307, -207, -126, 334, -131, -190, -102, -175, 58, 185, 
63, 375, 312, -219, -124, 344, -141, -185, -102, -170, 63, 190, 
58, 375, 317, -217, -129, 346, -141, -195, -107, -175, 63, 180, 
58, 370, 312, -214, -126, 341, -136, -190, -102, -170, 68, 185, 
53, 375, 322, -214, -134, 348, -136, -185, -92, -165, 68, 190, 
48, 380, 331, -214, -141, 356, -136, -185, -92, -165, 68, 190, 
53, 370, 317, -212, -131, 344, -151, -195, -102, -175, 58, 175, 
58, 370, 312, -214, -126, 341, -151, -195, -97, -175, 58, 175, 
58, 375, 317, -217, -129, 346, -151, -195, -92, -165, 68, 180, 
63, 395, 331, -229, -134, 363, -151, -195, -82, -156, 78, 195, 
78, 414, 336, -246, -129, 375, -151, -195, -78, -151, 92, 204, 
107, 429, 322, -268, -107, 375, -156, -200, -73, -151, 92, 204, 
131, 453, 322, -292, -95, 387, -165, -204, -68, -146, 92, 204, 
131, 478, 346, -305, -107, 412, -170, -219, -63, -131, 92, 214, 
107, 458, 351, -283, -122, 405, -185, -239, -73, -141, 92, 204, 
112, 448, 336, -280, -112, 392, -200, -258, -92, -151, 82, 200, 
117, 434, 317, -275, -100, 375, -229, -283, -97, -156, 82, 200, 
92, 419, 326, -256, -117, 373, -248, -307, -97, -156, 82, 200, 
78, 439, 361, -258, -141, 400, -244, -307, -87, -141, 92, 214, 
92, 448, 356, -270, -131, 402, -239, -297, -97, -136, 102, 224, 
87, 453, 366, -270, -139, 409, -234, -297, -97, -131, 107, 229, 
58, 453, 395, -256, -168, 424, -229, -273, -97, -126, 112, 234, 
73, 463, 390, -268, -158, 427, -244, -287, -102, -141, 97, 229, 
102, 463, 361, -283, -129, 412, -244, -287, -102, -141, 97, 234, 
122, 463, 341, -292, -109, 402, -244, -287, -107, -146, 92, 229, 
136, 463, 326, -300, -95, 395, -248, -287, -117, -156, 82, 224, 
151, 439, 287, -295, -68, 363, -258, -287, -141, -156, 87, 214, 
151, 429, 278, -290, -63, 353, -253, -287, -141, -156, 87, 214, 
141, 414, 273, -278, -65, 344, -248, -283, -141, -161, 87, 209, 
141, 405, 263, -273, -61, 334, -239, -278, -151, -161, 87, 209, 
136, 405, 268, -270, -65, 336, -234, -263, -146, -161, 87, 219, 
136, 395, 258, -265, -61, 326, -229, -258, -146, -175, 73, 209, 
126, 380, 253, -253, -63, 317, -224, -258, -151, -175, 73, 200, 
122, 375, 253, -248, -65, 314, -219, -253, -156, -180, 73, 195, 
97, 366, 268, -231, -85, 317, -204, -239, -146, -180, 78, 204, 
87, 346, 258, -217, -85, 302, -195, -234, -146, -185, 63, 200, 
87, 346, 258, -217, -85, 302, -190, -234, -151, -190, 58, 190, 
78, 341, 263, -209, -92, 302, -175, -234, -156, -200, 53, 185, 
48, 322, 273, -185, -112, 297, -175, -234, -161, -195, 43, 180, 
29, 312, 283, -170, -126, 297, -175, -234, -161, -200, 34, 175, 
14, 297, 283, -156, -134, 290, -170, -234, -165, -209, 34, 165, 
0, 292, 292, -146, -146, 292, -165, -234, -165, -209, 34, 165, 
19, 287, 268, -153, -124, 278, -165, -229, -175, -229, 24, 151, 
24, 278, 253, -151, -114, 265, -170, -234, -180, -234, 19, 146, 
53, 283, 229, -168, -87, 256, -180, -239, -185, -244, 9, 146, 
73, 292, 219, -183, -73, 256, -185, -244, -190, -248, 0, 141, 
63, 287, 224, -175, -80, 256, -185, -244, -200, -239, 0, 126, 
58, 278, 219, -168, -80, 248, -180, -244, -204, -248, -4, 126, 
58, 273, 214, -165, -78, 244, -180, -248, -204, -248, -4, 126, 
53, 263, 209, -158, -78, 236, -185, -248, -204, -248, -4, 122, 
53, 268, 214, -161, -80, 241, -195, -253, -214, -253, -14, 112, 
43, 263, 219, -153, -87, 241, -195, -258, -204, -253, -14, 112, 
43, 258, 214, -151, -85, 236, -195, -258, -204, -258, -14, 112, 
48, 258, 209, -153, -80, 234, -190, -263, -209, -263, -14, 112, 
39, 273, 234, -156, -97, 253, -180, -253, -195, -253, 0, 126, 
39, 278, 239, -158, -100, 258, -165, -244, -190, -248, 4, 131, 
48, 283, 234, -165, -92, 258, -151, -229, -185, -239, 9, 136, 
34, 292, 258, -163, -112, 275, -136, -209, -170, -229, 14, 141, 
34, 287, 253, -161, -109, 270, -141, -224, -180, -239, 4, 131, 
24, 283, 258, -153, -117, 270, -151, -229, -185, -239, 4, 131, 
24, 278, 253, -151, -114, 265, -156, -234, -185, -239, 4, 131, 
24, 273, 248, -148, -112, 261, -161, -234, -185, -239, 4, 131, 
14, 263, 248, -139, -117, 256, -151, -229, -170, -234, 14, 131, 
4, 263, 258, -134, -126, 261, -151, -224, -170, -234, 14, 136, 
-14, 263, 278, -124, -146, 270, -141, -209, -165, -234, 14, 136, 
-34, 263, 297, -114, -165, 280, -141, -204, -165, -234, 19, 136, 
-63, 253, 317, -95, -190, 285, -122, -195, -146, -214, 39, 165, 
-87, 244, 331, -78, -209, 287, -126, -195, -146, -214, 34, 161, 
-68, 234, 302, -82, -185, 268, -136, -204, -161, -234, 9, 141, 
4, 273, 268, -139, -131, 270, -146, -209, -165, -239, 0, 126, 
53, 326, 273, -190, -109, 300, -122, -200, -131, -239, -9, 117, 
4, 317, 312, -161, -153, 314, -107, -165, -107, -239, -29, 92, 
-63, 292, 356, -114, -209, 324, -68, -117, -68, -248, -39, 63, 
-63, 331, 395, -134, -229, 363, -39, -87, -29, -234, -24, 73, 
-53, 361, 414, -153, -234, 387, -9, -48, 9, -195, 14, 92, 
-39, 346, 385, -153, -212, 366, 4, -14, 39, -156, 58, 126, 
14, 356, 341, -185, -163, 348, 14, 19, 48, -102, 102, 170, 
97, 370, 273, -234, -87, 322, 9, 63, 53, -29, 175, 244, 
170, 380, 209, -275, -19, 295, -4, 102, 68, 87, 273, 351, 
283, 405, 122, -344, 80, 263, -39, 112, 82, 224, 400, 483, 
448, 453, 4, -451, 222, 229, -92, 73, 107, 400, 546, 634, 
663, 541, -122, -602, 392, 209, -200, -4, 126, 605, 732, 829, 
897, 658, -239, -778, 568, 209, -356, -146, 87, 810, 941, 1054, 
1127, 766, -361, -946, 744, 202, -551, -361, -14, 1000, 1137, 1278, 
1376, 883, -492, -1129, 934, 195, -761, -600, -146, 1166, 1327, 1503, 
1625, 990, -634, -1307, 1129, 178, -995, -819, -326, 1278, 1478, 1683, 
1776, 1015, -761, -1395, 1268, 126, -1180, -995, -522, 1288, 1503, 1766, 
1805, 956, -849, -1381, 1327, 53, -1268, -1083, -678, 1127, 1351, 1673, 
1708, 849, -858, -1278, 1283, -4, -1234, -1083, -805, 761, 1024, 1424, 
1498, 673, -824, -1085, 1161, -75, -1112, -980, -897, 341, 639, 1093, 
1195, 522, -673, -858, 934, -75, -995, -902, -976, 48, 351, 819, 
897, 517, -380, -707, 639, 68, -936, -941, -1015, -126, 229, 673, 
668, 522, -146, -595, 407, 187, -932, -1029, -1044, -273, 170, 585, 
551, 463, -87, -507, 319, 187, -912, -1078, -1058, -429, 63, 463, 
483, 405, -78, -444, 280, 163, -849, -1049, -1015, -531, -39, 336, 
390, 351, -39, -370, 214, 156, -771, -961, -932, -575, -97, 248, 
307, 302, -4, -305, 156, 148, -702, -849, -834, -551, -102, 219, 
278, 292, 14, -285, 131, 153, -634, -746, -717, -478, -63, 219, 
258, 287, 29, -273, 114, 158, -561, -619, -585, -385, -29, 219, 
258, 307, 48, -283, 104, 178, -458, -463, -463, -302, 14, 239, 
273, 341, 68, -307, 102, 204, -351, -331, -356, -224, 58, 258, 
268, 351, 82, -309, 92, 217, -283, -263, -263, -185, 78, 258, 
224, 331, 107, -278, 58, 219, -229, -219, -219, -156, 78, 253, 
161, 302, 141, -231, 9, 222, -195, -185, -190, -146, 87, 244, 
112, 302, 190, -207, -39, 246, -156, -156, -161, -126, 107, 253, 
97, 312, 214, -204, -58, 263, -122, -136, -136, -126, 112, 253, 
78, 312, 234, -195, -78, 273, -122, -136, -141, -141, 97, 229, 
48, 302, 253, -175, -102, 278, -131, -151, -141, -165, 73, 209, 
48, 302, 253, -175, -102, 278, -141, -156, -141, -170, 58, 195, 
43, 302, 258, -173, -107, 280, -141, -156, -136, -170, 58, 195, 
43, 297, 253, -170, -104, 275, -136, -151, -131, -170, 68, 200, 
48, 297, 248, -173, -100, 273, -131, -141, -126, -165, 73, 200, 
73, 307, 234, -190, -80, 270, -117, -131, -122, -151, 82, 209, 
58, 302, 244, -180, -92, 273, -102, -122, -112, -146, 82, 209, 
48, 292, 244, -170, -97, 268, -92, -112, -107, -146, 82, 200, 
48, 292, 244, -170, -97, 268, -92, -112, -97, -156, 78, 195, 
53, 307, 253, -180, -100, 280, -102, -112, -102, -165, 73, 180, 
58, 317, 258, -187, -100, 287, -107, -112, -102, -161, 73, 175, 
53, 317, 263, -185, -104, 290, -107, -122, -102, -161, 73, 175, 
53, 317, 263, -185, -104, 290, -112, -122, -102, -156, 73, 180, 
58, 326, 268, -192, -104, 297, -112, -126, -92, -156, 78, 185, 
73, 326, 253, -200, -90, 290, -107, -126, -92, -151, 82, 195, 
82, 322, 239, -202, -78, 280, -102, -122, -92, -151, 78, 195, 
87, 322, 234, -204, -73, 278, -102, -117, -82, -151, 78, 195, 
78, 312, 234, -195, -78, 273, -97, -112, -87, -161, 68, 185, 
73, 302, 229, -187, -78, 265, -97, -112, -78, -161, 58, 180, 
73, 302, 229, -187, -78, 265, -97, -112, -78, -161, 58, 175, 
68, 292, 224, -180, -78, 258, -102, -112, -82, -161, 63, 170, 
73, 307, 234, -190, -80, 270, -102, -107, -87, -151, 73, 180, 
87, 317, 229, -202, -70, 273, -102, -107, -82, -146, 73, 180, 
102, 331, 229, -217, -63, 280, -102, -107, -78, -146, 73, 185, 
92, 322, 229, -207, -68, 275, -102, -107, -73, -146, 73, 185, 
87, 326, 239, -207, -75, 283, -92, -102, -63, -131, 82, 195, 
87, 326, 239, -207, -75, 283, -92, -92, -58, -131, 82, 195, 
87, 331, 244, -209, -78, 287, -92, -82, -58, -131, 82, 195, 
82, 331, 248, -207, -82, 290, -92, -78, -53, -126, 82, 195, 
63, 326, 263, -195, -100, 295, -82, -78, -58, -126, 82, 195, 
48, 317, 268, -183, -109, 292, -82, -78, -53, -126, 87, 195, 
39, 307, 268, -173, -114, 287, -82, -78, -53, -122, 87, 195, 
29, 297, 268, -163, -119, 283, -82, -78, -53, -122, 87, 195, 
43, 317, 273, -180, -114, 295, -92, -82, -63, -122, 87, 200, 
63, 317, 253, -190, -95, 285, -92, -82, -63, -122, 97, 204, 
87, 317, 229, -202, -70, 273, -87, -82, -53, -112, 102, 209, 
102, 326, 224, -214, -61, 275, -87, -87, -53, -107, 102, 219, 
97, 317, 219, -207, -61, 268, -87, -78, -48, -107, 102, 209, 
97, 317, 219, -207, -61, 268, -87, -78, -48, -107, 102, 209, 
102, 317, 214, -209, -56, 265, -87, -73, -43, -102, 102, 209, 
107, 317, 209, -212, -51, 263, -87, -73, -39, -102, 102, 209, 
92, 312, 219, -202, -63, 265, -78, -73, -29, -92, 112, 214, 
73, 317, 244, -195, -85, 280, -78, -68, -24, -82, 117, 224, 
63, 322, 258, -192, -97, 290, -78, -53, -19, -78, 122, 239, 
19, 322, 302, -170, -141, 312, -78, -43, -9, -73, 126, 244, 
43, 326, 283, -185, -119, 305, -78, -43, -14, -78, 126, 239, 
68, 326, 258, -197, -95, 292, -78, -48, -14, -78, 126, 234, 
87, 326, 239, -207, -75, 283, -78, -53, -14, -78, 126, 229, 
102, 326, 224, -214, -61, 275, -78, -58, -14, -68, 126, 224, 
112, 336, 224, -224, -56, 280, -87, -48, -14, -78, 117, 229, 
126, 341, 214, -234, -43, 278, -87, -48, -14, -78, 117, 229, 
136, 351, 214, -244, -39, 283, -92, -48, -9, -78, 117, 229, 
141, 356, 214, -248, -36, 285, -92, -43, 0, -68, 126, 239, 
146, 351, 204, -248, -29, 278, -102, -53, 0, -63, 122, 234, 
131, 351, 219, -241, -43, 285, -102, -43, 4, -58, 131, 234, 
122, 351, 229, -236, -53, 290, -97, -39, 4, -48, 136, 244, 
117, 356, 239, -236, -61, 297, -97, -34, 14, -39, 146, 248, 
126, 356, 229, -241, -51, 292, -87, -29, 9, -19, 161, 248, 
117, 346, 229, -231, -56, 287, -87, -29, 9, -19, 161, 253, 
131, 356, 224, -244, -46, 290, -92, -29, 14, -14, 165, 258, 
146, 361, 214, -253, -34, 287, -92, -29, 14, -14, 165, 258, 
136, 351, 214, -244, -39, 283, -82, -24, 29, -19, 161, 268, 
122, 356, 234, -239, -56, 295, -82, -14, 34, -9, 161, 268, 
117, 361, 244, -239, -63, 302, -87, -4, 34, -9, 170, 278, 
117, 370, 253, -244, -68, 312, -87, 0, 39, 0, 175, 283, 
136, 375, 239, -256, -51, 307, -92, 0, 34, 4, 175, 283, 
156, 380, 224, -268, -34, 302, -97, 0, 34, 9, 175, 283, 
180, 385, 204, -283, -12, 295, -102, -4, 39, 4, 175, 283, 
214, 395, 180, -305, 17, 287, -107, -4, 43, 9, 180, 283, 
200, 395, 195, -297, 2, 295, -97, 4, 58, 34, 190, 292, 
185, 400, 214, -292, -14, 307, -92, 14, 68, 43, 204, 307, 
190, 405, 214, -297, -12, 309, -92, 19, 73, 53, 219, 322, 
195, 409, 214, -302, -9, 312, -107, 24, 73, 58, 224, 326, 
200, 414, 214, -307, -7, 314, -102, 39, 82, 73, 229, 326, 
195, 419, 224, -307, -14, 322, -97, 43, 87, 82, 234, 331, 
200, 424, 224, -312, -12, 324, -97, 43, 92, 87, 244, 341, 
204, 429, 224, -317, -9, 326, -92, 43, 97, 102, 253, 351, 
200, 439, 239, -319, -19, 339, -97, 43, 102, 117, 258, 361, 
204, 439, 234, -322, -14, 336, -97, 39, 102, 117, 263, 361, 
214, 448, 234, -331, -9, 341, -97, 39, 102, 131, 283, 370, 
214, 453, 239, -334, -12, 346, -107, 39, 107, 136, 292, 375, 
234, 448, 214, -341, 9, 331, -117, 29, 97, 141, 297, 370, 
248, 448, 200, -348, 24, 324, -122, 29, 102, 146, 287, 385, 
263, 444, 180, -353, 41, 312, -131, 29, 102, 141, 287, 385, 
283, 448, 165, -366, 58, 307, -141, 19, 102, 146, 278, 385, 
297, 463, 165, -380, 65, 314, -136, 19, 102, 146, 287, 380, 
302, 473, 170, -387, 65, 322, -136, 19, 102, 151, 297, 395, 
297, 473, 175, -385, 61, 324, -136, 19, 102, 156, 302, 395, 
302, 473, 170, -387, 65, 322, -136, 14, 102, 156, 302, 395, 
287, 492, 204, -390, 41, 348, -136, 14, 107, 165, 312, 405, 
292, 492, 200, -392, 46, 346, -136, 14, 112, 170, 317, 419, 
287, 492, 204, -390, 41, 348, -141, 14, 117, 175, 326, 429, 
287, 502, 214, -395, 36, 358, -141, 19, 126, 185, 336, 444, 
302, 517, 214, -409, 43, 366, -141, 14, 126, 190, 336, 444, 
312, 517, 204, -414, 53, 361, -151, 9, 122, 190, 336, 444, 
317, 517, 200, -417, 58, 358, -161, 0, 117, 185, 336, 439, 
312, 512, 200, -412, 56, 356, -161, -9, 112, 180, 331, 439, 
292, 502, 209, -397, 41, 356, -165, -19, 92, 165, 331, 434, 
283, 492, 209, -387, 36, 351, -165, -24, 87, 165, 331, 444, 
283, 483, 200, -383, 41, 341, -170, -29, 73, 165, 331, 434, 
273, 473, 200, -373, 36, 336, -175, -34, 68, 156, 331, 424, 
278, 483, 204, -380, 36, 344, -165, -29, 73, 156, 326, 429, 
278, 492, 214, -385, 31, 353, -170, -39, 73, 146, 312, 424, 
278, 502, 224, -390, 26, 363, -175, -48, 63, 136, 307, 419, 
268, 497, 229, -383, 19, 363, -175, -53, 58, 122, 297, 414, 
253, 492, 239, -373, 7, 366, -161, -63, 63, 126, 302, 419, 
244, 488, 244, -366, 0, 366, -161, -78, 58, 112, 287, 409, 
239, 478, 239, -358, 0, 358, -165, -87, 43, 92, 273, 395, 
229, 473, 244, -351, -7, 358, -165, -97, 34, 78, 263, 385, 
219, 473, 253, -346, -17, 363, -165, -97, 14, 53, 258, 375, 
214, 458, 244, -336, -14, 351, -170, -107, 9, 39, 253, 366, 
219, 458, 239, -339, -9, 348, -175, -112, 0, 24, 239, 361, 
219, 453, 234, -336, -7, 344, -175, -117, 0, 14, 234, 346, 
185, 434, 248, -309, -31, 341, -175, -126, -14, 4, 219, 341, 
165, 424, 258, -295, -46, 341, -175, -136, -19, -9, 209, 326, 
156, 419, 263, -287, -53, 341, -175, -141, -34, -24, 200, 317, 
146, 405, 258, -275, -56, 331, -175, -151, -43, -43, 180, 302, 
151, 395, 244, -273, -46, 319, -165, -156, -53, -63, 165, 283, 
136, 385, 248, -261, -56, 317, -165, -161, -58, -78, 151, 273, 
136, 380, 244, -258, -53, 312, -165, -165, -68, -87, 146, 273, 
136, 375, 239, -256, -51, 307, -170, -170, -73, -102, 141, 263, 
122, 370, 248, -246, -63, 309, -170, -161, -78, -107, 131, 244, 
112, 375, 263, -244, -75, 319, -161, -161, -82, -107, 126, 239, 
112, 380, 268, -246, -78, 324, -161, -165, -82, -112, 122, 234, 
112, 385, 273, -248, -80, 329, -161, -170, -92, -107, 112, 224, 
107, 366, 258, -236, -75, 312, -156, -180, -97, -131, 102, 229, 
102, 366, 263, -234, -80, 314, -156, -185, -102, -141, 97, 224, 
87, 366, 278, -226, -95, 322, -151, -185, -107, -146, 97, 219, 
73, 366, 292, -219, -109, 329, -151, -185, -107, -151, 92, 219, 
63, 351, 287, -207, -112, 319, -161, -185, -107, -161, 97, 214, 
53, 336, 283, -195, -114, 309, -161, -185, -112, -161, 97, 214, 
43, 322, 278, -183, -117, 300, -156, -190, -117, -165, 87, 204, 
34, 312, 278, -173, -122, 295, -156, -190, -117, -175, 87, 200, 
48, 326, 278, -187, -114, 302, -161, -200, -117, -180, 78, 195, 
53, 331, 278, -192, -112, 305, -161, -200, -117, -185, 73, 195, 
43, 331, 287, -187, -122, 309, -156, -200, -126, -190, 68, 195, 
68, 336, 268, -202, -100, 302, -156, -204, -126, -200, 68, 190, 
97, 326, 229, -212, -65, 278, -165, -204, -131, -209, 63, 185, 
102, 331, 229, -217, -63, 280, -165, -204, -136, -209, 58, 180, 
102, 336, 234, -219, -65, 285, -165, -204, -141, -209, 53, 175, 
97, 336, 239, -217, -70, 287, -165, -204, -146, -214, 43, 165, 
68, 322, 253, -195, -92, 287, -156, -190, -141, -209, 48, 175, 
53, 322, 268, -187, -107, 295, -146, -190, -131, -204, 58, 175, 
53, 322, 268, -187, -107, 295, -146, -190, -126, -200, 68, 185, 
48, 322, 273, -185, -112, 297, -146, -190, -126, -195, 73, 185, 
39, 302, 263, -170, -112, 283, -151, -190, -141, -200, 58, 180, 
39, 302, 263, -170, -112, 283, -151, -190, -141, -200, 58, 180, 
53, 312, 258, -183, -102, 285, -151, -190, -141, -204, 58, 180, 
58, 312, 253, -185, -97, 283, -151, -190, -141, -214, 58, 180, 
53, 322, 268, -187, -107, 295, -146, -200, -136, -219, 58, 170, 
63, 322, 258, -192, -97, 290, -146, -200, -136, -214, 58, 170, 
63, 326, 263, -195, -100, 295, -146, -195, -136, -209, 63, 175, 
63, 326, 263, -195, -100, 295, -146, -195, -136, -204, 68, 175, 
63, 317, 253, -190, -95, 285, -156, -204, -146, -209, 63, 175, 
53, 317, 263, -185, -104, 290, -156, -200, -146, -209, 58, 175, 
53, 312, 258, -183, -102, 285, -156, -200, -146, -209, 53, 175, 
53, 312, 258, -183, -102, 285, -156, -200, -141, -209, 53, 180, 
43, 312, 268, -178, -112, 290, -146, -190, -131, -209, 53, 180, 
39, 312, 273, -175, -117, 292, -146, -190, -131, -209, 53, 180, 
39, 312, 273, -175, -117, 292, -151, -200, -141, -214, 48, 170, 
43, 312, 268, -178, -112, 290, -151, -200, -141, -219, 48, 170, 
43, 312, 268, -178, -112, 290, -141, -195, -131, -214, 53, 180, 
43, 317, 273, -180, -114, 295, -141, -190, -131, -209, 58, 180, 
43, 317, 273, -180, -114, 295, -136, -180, -126, -200, 63, 185, 
29, 317, 287, -173, -129, 302, -136, -175, -126, -195, 68, 185, 
34, 312, 278, -173, -122, 295, -141, -190, -131, -209, 53, 180, 
53, 307, 253, -180, -100, 280, -146, -195, -141, -214, 48, 175, 
58, 307, 248, -183, -95, 278, -151, -200, -146, -219, 43, 165, 
63, 307, 244, -185, -90, 275, -161, -204, -151, -224, 39, 161, 
78, 312, 234, -195, -78, 273, -161, -214, -156, -234, 39, 156, 
82, 317, 234, -200, -75, 275, -161, -209, -156, -234, 39, 156, 
78, 322, 244, -200, -82, 283, -156, -209, -151, -229, 43, 156, 
82, 322, 239, -202, -78, 280, -156, -209, -151, -219, 43, 156, 
78, 326, 248, -202, -85, 287, -146, -200, -146, -224, 53, 161, 
73, 326, 253, -200, -90, 290, -146, -195, -141, -219, 53, 165, 
78, 341, 263, -209, -92, 302, -146, -185, -136, -209, 58, 180, 
87, 341, 253, -214, -82, 297, -146, -180, -131, -200, 63, 185, 
68, 326, 258, -197, -95, 292, -136, -190, -141, -200, 63, 175, 
48, 312, 263, -180, -107, 287, -136, -190, -141, -200, 63, 175, 
39, 302, 263, -170, -112, 283, -136, -190, -136, -204, 63, 175, 
34, 292, 258, -163, -112, 275, -141, -190, -136, -204, 63, 175, 
39, 302, 263, -170, -112, 283, -151, -180, -126, -195, 73, 185, 
43, 307, 263, -175, -109, 285, -146, -180, -126, -190, 73, 185, 
48, 312, 263, -180, -107, 287, -146, -180, -126, -190, 73, 185, 
53, 317, 263, -185, -104, 290, -146, -180, -126, -190, 73, 185, 
58, 331, 273, -195, -107, 302, -136, -170, -126, -200, 73, 195, 
58, 331, 273, -195, -107, 302, -136, -170, -126, -195, 78, 195, 
58, 326, 268, -192, -104, 297, -136, -170, -126, -195, 78, 195, 
43, 322, 278, -183, -117, 300, -136, -170, -126, -195, 78, 195, 
39, 317, 278, -178, -119, 297, -146, -180, -136, -204, 68, 185, 
39, 312, 273, -175, -117, 292, -151, -185, -136, -204, 68, 185, 
39, 307, 268, -173, -114, 287, -151, -185, -136, -204, 68, 185, 
53, 307, 253, -180, -100, 280, -151, -185, -136, -204, 68, 190, 
87, 326, 239, -207, -75, 283, -156, -185, -126, -209, 73, 190, 
87, 326, 239, -207, -75, 283, -161, -185, -126, -214, 73, 185, 
97, 331, 234, -214, -68, 283, -161, -185, -131, -214, 73, 185, 
112, 341, 229, -226, -58, 285, -156, -185, -131, -209, 73, 185, 
97, 341, 244, -219, -73, 292, -156, -185, -131, -209, 63, 175, 
87, 336, 248, -212, -80, 292, -151, -180, -131, -200, 63, 180, 
82, 331, 248, -207, -82, 290, -151, -180, -126, -200, 68, 185, 
73, 326, 253, -200, -90, 290, -151, -180, -126, -204, 68, 185, 
53, 302, 248, -178, -97, 275, -156, -170, -126, -195, 78, 185, 
43, 302, 258, -173, -107, 280, -151, -170, -126, -204, 73, 185, 
43, 312, 268, -178, -112, 290, -141, -175, -122, -195, 73, 190, 
39, 322, 283, -180, -122, 302, -136, -175, -122, -195, 73, 190, 
39, 331, 292, -185, -126, 312, -136, -165, -122, -195, 82, 190, 
39, 331, 292, -185, -126, 312, -136, -165, -122, -195, 82, 190, 
39, 331, 292, -185, -126, 312, -136, -165, -122, -195, 92, 190, 
39, 331, 292, -185, -126, 312, -136, -161, -122, -195, 92, 190, 
53, 341, 287, -197, -117, 314, -146, -175, -136, -204, 73, 185, 
63, 336, 273, -200, -104, 305, -146, -185, -141, -204, 68, 180, 
78, 331, 253, -204, -87, 292, -146, -195, -146, -209, 63, 175, 
92, 331, 239, -212, -73, 285, -151, -200, -156, -214, 53, 165, 
78, 331, 253, -204, -87, 292, -151, -190, -151, -214, 63, 175, 
68, 331, 263, -200, -97, 297, -146, -185, -146, -209, 63, 180, 
63, 336, 273, -200, -104, 305, -146, -185, -141, -209, 63, 180, 
63, 336, 273, -200, -104, 305, -146, -185, -136, -209, 68, 180, 
53, 331, 278, -192, -112, 305, -136, -175, -136, -209, 58, 180, 
43, 322, 278, -183, -117, 300, -136, -170, -136, -209, 58, 180, 
24, 317, 292, -170, -134, 305, -136, -170, -136, -209, 58, 180, 
14, 317, 302, -165, -143, 309, -136, -175, -136, -209, 58, 180, 
24, 317, 292, -170, -134, 305, -141, -185, -151, -214, 53, 175, 
34, 312, 278, -173, -122, 295, -141, -190, -151, -219, 53, 175, 
39, 312, 273, -175, -117, 292, -151, -190, -156, -224, 48, 170, 
43, 302, 258, -173, -107, 280, -151, -190, -156, -224, 48, 170, 
48, 307, 258, -178, -104, 283, -146, -190, -146, -219, 48, 170, 
58, 317, 258, -187, -100, 287, -146, -190, -146, -219, 48, 170, 
63, 326, 263, -195, -100, 295, -146, -190, -146, -219, 48, 170, 
63, 331, 268, -197, -102, 300, -146, -190, -146, -219, 53, 170, 
68, 331, 263, -200, -97, 297, -141, -190, -156, -229, 48, 170, 
63, 331, 268, -197, -102, 300, -141, -190, -156, -229, 48, 170, 
63, 326, 263, -195, -100, 295, -141, -190, -156, -239, 39, 170, 
63, 326, 263, -195, -100, 295, -141, -190, -156, -239, 39, 170, 
48, 312, 263, -180, -107, 287, -151, -200, -165, -248, 29, 165, 
34, 302, 268, -168, -117, 285, -151, -195, -161, -248, 29, 161, 
29, 297, 268, -163, -119, 283, -151, -195, -161, -248, 19, 156, 
39, 287, 248, -163, -104, 268, -151, -200, -170, -248, 19, 151, 
63, 302, 239, -183, -87, 270, -146, -200, -165, -234, 24, 161, 
63, 312, 248, -187, -92, 280, -141, -195, -161, -229, 29, 165, 
53, 326, 273, -190, -109, 300, -146, -190, -156, -229, 34, 170, 
63, 341, 278, -202, -107, 309, -141, -185, -156, -224, 39, 180, 
58, 331, 273, -195, -107, 302, -131, -185, -146, -234, 29, 175, 
68, 336, 268, -202, -100, 302, -126, -185, -141, -234, 29, 175, 
53, 336, 283, -195, -114, 309, -122, -185, -141, -229, 29, 170, 
34, 331, 297, -183, -131, 314, -122, -180, -141, -229, 29, 161, 
53, 302, 248, -178, -97, 275, -151, -200, -161, -258, 0, 141, 
68, 302, 234, -185, -82, 268, -146, -195, -156, -244, 0, 146, 
48, 302, 253, -175, -102, 278, -146, -185, -165, -244, 4, 156, 
39, 302, 263, -170, -112, 283, -146, -185, -165, -244, 9, 156, 
29, 302, 273, -165, -122, 287, -146, -185, -165, -244, 14, 156, 
19, 302, 283, -161, -131, 292, -146, -185, -165, -244, 19, 156, 
34, 326, 292, -180, -129, 309, -136, -195, -170, -244, 24, 161, 
53, 331, 278, -192, -112, 305, -136, -200, -170, -244, 19, 156, 
58, 331, 273, -195, -107, 302, -136, -200, -170, -244, 14, 151, 
63, 331, 268, -197, -102, 300, -136, -200, -170, -244, 14, 151, 
53, 341, 287, -197, -117, 314, -126, -195, -165, -234, 29, 156, 
48, 341, 292, -195, -122, 317, -131, -190, -161, -239, 29, 156, 
48, 331, 283, -190, -117, 307, -131, -185, -156, -239, 29, 156, 
48, 331, 283, -190, -117, 307, -136, -180, -151, -239, 29, 156, 
29, 336, 307, -183, -139, 322, -126, -175, -136, -229, 34, 165, 
19, 341, 322, -180, -151, 331, -117, -175, -126, -219, 34, 175, 
29, 351, 322, -190, -146, 336, -117, -170, -126, -219, 34, 175, 
34, 351, 317, -192, -141, 334, -117, -170, -122, -219, 39, 175, 
48, 361, 312, -204, -131, 336, -122, -165, -122, -219, 29, 161, 
53, 366, 312, -209, -129, 339, -112, -165, -112, -219, 29, 161, 
68, 375, 307, -222, -119, 341, -102, -156, -102, -209, 43, 180, 
82, 385, 302, -234, -109, 344, -112, -156, -102, -209, 43, 180, 
63, 375, 312, -219, -124, 344, -112, -165, -102, -209, 34, 170, 
58, 370, 312, -214, -126, 341, -107, -161, -102, -209, 39, 175, 
48, 375, 326, -212, -139, 351, -107, -156, -97, -209, 39, 180, 
39, 380, 341, -209, -151, 361, -107, -156, -102, -214, 39, 180, 
39, 395, 356, -217, -158, 375, -112, -165, -97, -204, 48, 185, 
39, 400, 361, -219, -161, 380, -112, -165, -87, -204, 48, 185, 
34, 409, 375, -222, -170, 392, -112, -165, -78, -195, 58, 190, 
34, 434, 400, -234, -183, 417, -112, -165, -63, -185, 68, 204, 
43, 429, 385, -236, -170, 407, -131, -180, -68, -195, 63, 204, 
58, 429, 370, -244, -156, 400, -146, -200, -73, -200, 63, 204, 
68, 439, 370, -253, -151, 405, -165, -219, -78, -200, 63, 204, 
53, 448, 395, -251, -170, 422, -180, -248, -82, -190, 63, 214, 
53, 458, 405, -256, -175, 431, -180, -248, -82, -180, 82, 219, 
73, 468, 395, -270, -161, 431, -190, -258, -102, -190, 73, 219, 
92, 473, 380, -283, -143, 427, -214, -273, -107, -195, 73, 224, 
82, 478, 395, -280, -156, 436, -229, -287, -107, -195, 73, 229, 
102, 492, 390, -297, -143, 441, -229, -287, -107, -200, 73, 219, 
131, 497, 366, -314, -117, 431, -229, -287, -117, -204, 73, 214, 
141, 497, 356, -319, -107, 427, -229, -297, -117, -209, 68, 204, 
126, 492, 366, -309, -119, 429, -229, -283, -117, -214, 63, 195, 
112, 483, 370, -297, -129, 427, -229, -292, -122, -224, 63, 204, 
122, 473, 351, -297, -114, 412, -224, -287, -122, -219, 68, 214, 
122, 463, 341, -292, -109, 402, -219, -283, -126, -219, 68, 214, 
117, 453, 336, -285, -109, 395, -219, -278, -136, -224, 63, 214, 
122, 429, 307, -275, -92, 368, -204, -258, -146, -219, 58, 214, 
112, 419, 307, -265, -97, 363, -195, -248, -141, -214, 58, 214, 
92, 405, 312, -248, -109, 358, -185, -234, -136, -214, 58, 209, 
82, 395, 312, -239, -114, 353, -170, -219, -141, -209, 58, 209, 
78, 405, 326, -241, -124, 366, -165, -214, -151, -219, 48, 200, 
78, 395, 317, -236, -119, 356, -161, -209, -156, -234, 34, 190, 
68, 380, 312, -224, -122, 346, -156, -209, -165, -234, 34, 180, 
63, 375, 312, -219, -124, 344, -151, -204, -175, -239, 34, 175, 
43, 370, 326, -207, -141, 348, -141, -209, -165, -239, 39, 185, 
29, 346, 317, -187, -143, 331, -136, -204, -165, -244, 24, 180, 
24, 341, 317, -183, -146, 329, -136, -204, -170, -248, 19, 170, 
9, 331, 322, -170, -156, 326, -126, -204, -175, -258, 14, 165, 
9, 326, 317, -168, -153, 322, -126, -195, -180, -263, -4, 161, 
19, 322, 302, -170, -141, 312, -126, -195, -180, -268, -14, 156, 
34, 312, 278, -173, -122, 295, -122, -195, -185, -278, -14, 146, 
48, 312, 263, -180, -107, 287, -117, -195, -185, -278, -14, 146, 
24, 292, 268, -158, -122, 280, -117, -190, -200, -292, -19, 136, 
4, 278, 273, -141, -134, 275, -122, -195, -200, -292, -19, 126, 
9, 278, 268, -143, -129, 273, -131, -200, -200, -297, -24, 122, 
4, 283, 278, -143, -136, 280, -136, -204, -200, -297, -29, 112, 
9, 287, 278, -148, -134, 283, -131, -195, -190, -287, -39, 117, 
9, 287, 278, -148, -134, 283, -122, -195, -195, -297, -43, 117, 
14, 292, 278, -153, -131, 285, -117, -200, -195, -297, -43, 117, 
14, 292, 278, -153, -131, 285, -117, -200, -195, -297, -43, 112, 
9, 278, 268, -143, -129, 273, -117, -190, -195, -297, -34, 122, 
-4, 273, 278, -134, -141, 275, -117, -190, -185, -292, -34, 122, 
-9, 268, 278, -129, -143, 273, -117, -185, -185, -292, -34, 122, 
-9, 268, 278, -129, -143, 273, -112, -185, -190, -292, -34, 122, 
4, 278, 273, -141, -134, 275, -122, -195, -200, -292, -34, 122, 
9, 278, 268, -143, -129, 273, -117, -195, -200, -297, -34, 122, 
24, 278, 253, -151, -114, 265, -112, -190, -200, -297, -34, 122, 
14, 283, 268, -148, -126, 275, -107, -180, -190, -297, -34, 122, 
19, 287, 268, -153, -124, 278, -97, -180, -180, -287, -34, 122, 
14, 292, 278, -153, -131, 285, -102, -180, -185, -287, -34, 122, 
19, 297, 278, -158, -129, 287, -102, -180, -185, -287, -34, 122, 
24, 302, 278, -163, -126, 290, -102, -175, -185, -287, -34, 122, 
29, 292, 263, -161, -117, 278, -112, -185, -190, -292, -34, 122, 
34, 292, 258, -163, -112, 275, -112, -185, -190, -292, -34, 126, 
29, 292, 263, -161, -117, 278, -102, -175, -185, -292, -34, 126, 
24, 292, 268, -158, -122, 280, -102, -175, -185, -292, -29, 126, 
-4, 263, 268, -129, -136, 265, -92, -175, -185, -302, -39, 117, 
19, 302, 283, -161, -131, 292, -78, -175, -165, -292, -43, 112, 
-9, 322, 331, -156, -170, 326, -58, -146, -131, -283, -39, 102, 
-102, 292, 395, -95, -248, 344, -19, -112, -87, -278, -39, 97, 
-151, 278, 429, -63, -290, 353, 24, -53, -53, -268, -58, 78, 
-102, 297, 400, -97, -251, 348, 48, -19, -29, -268, -68, 53, 
-43, 331, 375, -143, -209, 353, 39, -9, -9, -268, -58, 43, 
-43, 341, 385, -148, -214, 363, 48, 9, 9, -234, -24, 73, 
-53, 341, 395, -143, -224, 368, 58, 48, 39, -165, 34, 122, 
0, 346, 346, -173, -173, 346, 63, 92, 58, -97, 97, 185, 
102, 346, 244, -224, -70, 295, 43, 107, 58, -14, 170, 278, 
234, 380, 146, -307, 43, 263, 19, 131, 53, 117, 302, 409, 
356, 429, 73, -392, 141, 251, -14, 131, 87, 292, 468, 585, 
507, 492, -14, -500, 261, 239, -78, 92, 141, 517, 663, 795, 
741, 590, -151, -666, 446, 219, -200, -14, 136, 751, 897, 1044, 
995, 707, -287, -851, 641, 209, -356, -180, 68, 976, 1151, 1298, 
1220, 814, -405, -1017, 812, 204, -551, -390, -58, 1151, 1351, 1522, 
1429, 912, -517, -1171, 973, 197, -775, -624, -209, 1283, 1517, 1727, 
1581, 1000, -580, -1290, 1080, 209, -966, -824, -390, 1342, 1620, 1873, 
1644, 1039, -605, -1342, 1124, 217, -1083, -946, -580, 1229, 1537, 1849, 
1581, 976, -605, -1278, 1093, 185, -1102, -995, -727, 878, 1210, 1610, 
1356, 839, -517, -1098, 936, 161, -1015, -966, -834, 444, 785, 1254, 
1044, 692, -351, -868, 697, 170, -854, -858, -893, 107, 439, 936, 
727, 614, -112, -671, 419, 251, -732, -785, -917, -117, 258, 722, 
522, 600, 78, -561, 222, 339, -702, -805, -976, -292, 156, 605, 
429, 566, 136, -497, 146, 351, -702, -873, -1034, -458, 43, 488, 
375, 512, 136, -444, 119, 324, -697, -893, -1044, -595, -63, 351, 
317, 453, 136, -385, 90, 295, -649, -863, -980, -673, -141, 248, 
278, 405, 126, -341, 75, 265, -585, -785, -888, -668, -165, 190, 
244, 380, 136, -312, 53, 258, -536, -707, -795, -605, -156, 170, 
229, 380, 151, -305, 39, 265, -507, -644, -688, -541, -131, 170, 
209, 380, 170, -295, 19, 275, -439, -551, -570, -458, -92, 180, 
200, 366, 165, -283, 17, 265, -346, -414, -448, -366, -58, 200, 
161, 336, 175, -248, -7, 256, -263, -287, -356, -302, -24, 209, 
107, 312, 204, -209, -48, 258, -195, -214, -287, -244, 9, 219, 
82, 302, 219, -192, -68, 261, -146, -185, -234, -214, 29, 229, 
107, 312, 204, -209, -48, 258, -112, -161, -200, -204, 39, 224, 
122, 322, 200, -222, -39, 261, -97, -136, -170, -204, 39, 214, 
122, 331, 209, -226, -43, 270, -87, -126, -161, -214, 29, 195, 
107, 331, 224, -219, -58, 278, -82, -126, -156, -224, 24, 185, 
97, 351, 253, -224, -78, 302, -73, -126, -141, -219, 19, 190, 
97, 361, 263, -229, -82, 312, -73, -122, -131, -214, 24, 200, 
73, 351, 278, -212, -102, 314, -82, -136, -146, -229, 14, 190, 
53, 341, 287, -197, -117, 314, -82, -136, -146, -229, 9, 185, 
39, 326, 287, -183, -124, 307, -78, -131, -146, -229, 14, 185, 
29, 317, 287, -173, -129, 302, -73, -122, -146, -224, 14, 180, 
43, 331, 287, -187, -122, 309, -53, -107, -126, -214, 19, 185, 
29, 331, 302, -180, -136, 317, -34, -92, -112, -204, 24, 190, 
19, 326, 307, -173, -143, 317, -19, -78, -102, -200, 29, 185, 
19, 331, 312, -175, -146, 322, -14, -73, -87, -204, 29, 185, 
19, 317, 297, -168, -139, 307, -34, -82, -97, -219, 14, 175, 
19, 317, 297, -168, -139, 307, -48, -92, -102, -219, 4, 165, 
9, 307, 297, -158, -143, 302, -58, -112, -107, -224, -4, 161, 
4, 297, 292, -151, -143, 295, -73, -122, -112, -224, -14, 161, 
19, 312, 292, -165, -136, 302, -58, -112, -107, -209, 0, 165, 
34, 317, 283, -175, -124, 300, -48, -107, -102, -200, 14, 175, 
43, 317, 273, -180, -114, 295, -39, -97, -97, -195, 19, 175, 
48, 322, 273, -185, -112, 297, -34, -87, -82, -190, 29, 175, 
48, 331, 283, -190, -117, 307, -29, -92, -92, -190, 29, 180, 
53, 331, 278, -192, -112, 305, -29, -92, -78, -190, 19, 180, 
63, 341, 278, -202, -107, 309, -29, -92, -73, -190, 19, 180, 
68, 341, 273, -204, -102, 307, -34, -92, -73, -190, 24, 180, 
53, 336, 283, -195, -114, 309, -34, -87, -73, -190, 14, 170, 
58, 336, 278, -197, -109, 307, -34, -87, -73, -185, 14, 170, 
63, 341, 278, -202, -107, 309, -34, -87, -73, -185, 14, 175, 
43, 322, 278, -183, -117, 300, -34, -87, -73, -185, 14, 175, 
53, 326, 273, -190, -109, 300, -34, -87, -73, -180, 24, 175, 
58, 326, 268, -192, -104, 297, -34, -82, -68, -180, 24, 175, 
63, 331, 268, -197, -102, 300, -34, -78, -68, -180, 24, 175, 
63, 331, 268, -197, -102, 300, -34, -78, -63, -175, 24, 175, 
78, 341, 263, -209, -92, 302, -43, -87, -68, -175, 14, 175, 
78, 346, 268, -212, -95, 307, -43, -87, -63, -175, 19, 175, 
82, 351, 268, -217, -92, 309, -43, -87, -63, -170, 19, 175, 
87, 356, 268, -222, -90, 312, -43, -87, -63, -170, 19, 175, 
82, 361, 278, -222, -97, 319, -34, -78, -53, -151, 29, 190, 
82, 356, 273, -219, -95, 314, -34, -73, -53, -151, 39, 195, 
87, 351, 263, -219, -87, 307, -29, -68, -43, -141, 43, 200, 
82, 356, 273, -219, -95, 314, -29, -68, -43, -136, 43, 209, 
68, 346, 278, -207, -104, 312, -29, -68, -48, -136, 43, 209, 
58, 346, 287, -202, -114, 317, -29, -68, -48, -136, 43, 209, 
53, 346, 292, -200, -119, 319, -29, -63, -43, -131, 43, 209, 
48, 346, 297, -197, -124, 322, -29, -63, -39, -131, 43, 209, 
73, 341, 268, -207, -97, 305, -34, -73, -43, -136, 34, 204, 
82, 346, 263, -214, -90, 305, -39, -78, -43, -131, 39, 204, 
102, 351, 248, -226, -73, 300, -43, -73, -43, -131, 43, 209, 
87, 351, 263, -219, -87, 307, -48, -73, -39, -131, 48, 204, 
68, 346, 278, -207, -104, 312, -43, -58, -24, -126, 48, 214, 
68, 346, 278, -207, -104, 312, -39, -58, -24, -126, 48, 214, 
63, 346, 283, -204, -109, 314, -34, -58, -24, -126, 48, 214, 
53, 346, 292, -200, -119, 319, -29, -58, -24, -117, 48, 214, 
63, 336, 273, -200, -104, 305, -39, -58, -24, -107, 58, 219, 
78, 341, 263, -209, -92, 302, -39, -58, -24, -107, 58, 219, 
87, 351, 263, -219, -87, 307, -43, -58, -19, -107, 58, 219, 
92, 356, 263, -224, -85, 309, -43, -53, -9, -97, 68, 229, 
122, 375, 253, -248, -65, 314, -53, -58, -19, -97, 63, 224, 
122, 380, 258, -251, -68, 319, -53, -53, -14, -97, 73, 224, 
126, 385, 258, -256, -65, 322, -48, -53, -14, -92, 78, 234, 
136, 395, 258, -265, -61, 326, -48, -53, -4, -87, 87, 239, 
131, 385, 253, -258, -61, 319, -39, -39, 4, -68, 92, 248, 
117, 375, 258, -246, -70, 317, -39, -39, 9, -68, 92, 253, 
126, 385, 258, -256, -65, 322, -43, -39, 19, -63, 97, 258, 
136, 390, 253, -263, -58, 322, -43, -39, 24, -63, 97, 258, 
126, 395, 268, -261, -70, 331, -39, -29, 29, -43, 97, 263, 
122, 405, 283, -263, -80, 344, -34, -24, 34, -29, 102, 268, 
126, 414, 287, -270, -80, 351, -34, -19, 34, -24, 117, 283, 
136, 429, 292, -283, -78, 361, -29, -19, 39, -9, 126, 292, 
141, 419, 278, -280, -68, 348, -39, -24, 43, -9, 131, 287, 
146, 419, 273, -283, -63, 346, -39, -19, 43, 0, 136, 292, 
156, 419, 263, -287, -53, 341, -39, -19, 48, 0, 141, 297, 
175, 424, 248, -300, -36, 336, -39, -14, 53, 9, 151, 302, 
185, 424, 239, -305, -26, 331, -43, -19, 53, 14, 146, 307, 
175, 429, 253, -302, -39, 341, -43, -14, 58, 24, 156, 317, 
185, 434, 248, -309, -31, 341, -48, -14, 58, 34, 165, 326, 
195, 439, 244, -317, -24, 341, -68, -14, 53, 39, 165, 326, 
214, 444, 229, -329, -7, 336, -78, -14, 53, 43, 170, 336, 
214, 448, 234, -331, -9, 341, -78, -14, 58, 53, 175, 341, 
224, 453, 229, -339, -2, 341, -82, -19, 63, 58, 185, 351, 
234, 458, 224, -346, 4, 341, -82, -24, 68, 73, 195, 361, 
234, 468, 234, -351, 0, 351, -82, -19, 82, 82, 200, 366, 
234, 468, 234, -351, 0, 351, -78, -19, 82, 87, 204, 370, 
239, 478, 239, -358, 0, 358, -73, -14, 82, 107, 224, 385, 
234, 483, 248, -358, -7, 366, -78, -9, 87, 117, 234, 395, 
234, 473, 239, -353, -2, 356, -78, -9, 87, 126, 248, 409, 
239, 478, 239, -358, 0, 358, -73, -9, 92, 136, 248, 424, 
244, 478, 234, -361, 4, 356, -73, -9, 92, 136, 258, 424, 
253, 488, 234, -370, 9, 361, -73, -19, 92, 146, 258, 424, 
278, 492, 214, -385, 31, 353, -92, -34, 87, 141, 253, 414, 
292, 502, 209, -397, 41, 356, -97, -39, 82, 141, 258, 424, 
297, 502, 204, -400, 46, 353, -102, -43, 78, 141, 258, 419, 
312, 502, 190, -407, 61, 346, -107, -53, 73, 136, 253, 414, 
297, 502, 204, -400, 46, 353, -126, -68, 63, 131, 253, 409, 
302, 502, 200, -402, 51, 351, -126, -73, 63, 131, 248, 419, 
297, 502, 204, -400, 46, 353, -131, -78, 63, 131, 248, 424, 
297, 512, 214, -405, 41, 363, -131, -78, 68, 136, 248, 434, 
287, 517, 229, -402, 29, 373, -117, -68, 73, 156, 263, 444, 
283, 517, 234, -400, 24, 375, -122, -68, 73, 161, 268, 444, 
273, 517, 244, -395, 14, 380, -126, -73, 73, 161, 273, 439, 
253, 512, 258, -383, -2, 385, -122, -78, 73, 161, 273, 439, 
253, 517, 263, -385, -4, 390, -131, -87, 68, 141, 268, 444, 
253, 522, 268, -387, -7, 395, -126, -92, 68, 136, 263, 453, 
263, 527, 263, -395, 0, 395, -126, -97, 58, 131, 258, 444, 
263, 531, 268, -397, -2, 400, -126, -102, 58, 117, 253, 434, 
244, 512, 268, -378, -12, 390, -126, -117, 53, 107, 244, 429, 
239, 502, 263, -370, -12, 383, -131, -126, 43, 87, 224, 414, 
234, 492, 258, -363, -12, 375, -136, -136, 24, 68, 214, 400, 
219, 468, 248, -344, -14, 358, -136, -141, 9, 43, 200, 385, 
214, 478, 263, -346, -24, 370, -117, -126, 9, 53, 214, 385, 
204, 488, 283, -346, -39, 385, -112, -136, 9, 43, 200, 380, 
200, 492, 292, -346, -46, 392, -112, -141, 0, 29, 185, 370, 
190, 502, 312, -346, -61, 407, -107, -146, -4, 19, 175, 366, 
151, 478, 326, -314, -87, 402, -112, -146, -14, 0, 161, 346, 
136, 458, 322, -297, -92, 390, -112, -156, -19, -19, 156, 336, 
131, 453, 322, -292, -95, 387, -112, -161, -29, -39, 141, 331, 
122, 444, 322, -283, -100, 383, -107, -165, -29, -53, 136, 317, 
117, 439, 322, -278, -102, 380, -107, -165, -43, -53, 112, 312, 
117, 434, 317, -275, -100, 375, -107, -175, -48, -68, 102, 297, 
126, 434, 307, -280, -90, 370, -107, -180, -63, -82, 92, 287, 
136, 424, 287, -280, -75, 356, -107, -190, -73, -102, 73, 273, 
136, 405, 268, -270, -65, 336, -117, -195, -92, -126, 63, 258, 
126, 395, 268, -261, -70, 331, -117, -200, -97, -146, 43, 244, 
131, 390, 258, -261, -63, 324, -117, -204, -107, -161, 34, 239, 
136, 385, 248, -261, -56, 317, -122, -209, -112, -180, 24, 224, 
126, 385, 258, -256, -65, 322, -122, -209, -117, -185, 24, 224, 
112, 385, 273, -248, -80, 329, -112, -209, -122, -185, 19, 219, 
107, 385, 278, -246, -85, 331, -112, -214, -122, -190, 14, 214, 
102, 385, 283, -244, -90, 334, -112, -219, -131, -185, 4, 204, 
87, 356, 268, -222, -90, 312, -117, -219, -126, -200, -4, 200, 
82, 356, 273, -219, -95, 314, -117, -224, -131, -209, -9, 195, 
68, 356, 287, -212, -109, 322, -112, -224, -136, -214, -9, 190, 
53, 356, 302, -204, -124, 329, -112, -224, -136, -219, -14, 190, 
43, 351, 307, -197, -131, 329, -102, -214, -136, -219, -9, 195, 
43, 346, 302, -195, -129, 324, -102, -214, -141, -219, -9, 195, 
43, 341, 297, -192, -126, 319, -97, -219, -146, -224, -19, 185, 
43, 341, 297, -192, -126, 319, -97, -219, -146, -234, -19, 180, 
39, 351, 312, -195, -136, 331, -92, -209, -141, -224, -9, 185, 
34, 351, 317, -192, -141, 334, -92, -209, -136, -224, -14, 185, 
14, 346, 331, -180, -158, 339, -87, -209, -141, -224, -19, 185, 
29, 346, 317, -187, -143, 331, -87, -214, -136, -229, -19, 180, 
39, 336, 297, -187, -129, 317, -97, -224, -146, -234, -29, 180, 
43, 341, 297, -192, -126, 319, -97, -224, -146, -239, -29, 180, 
43, 346, 302, -195, -129, 324, -97, -224, -146, -244, -29, 180, 
39, 346, 307, -192, -134, 326, -97, -224, -146, -253, -34, 175, 
39, 341, 302, -190, -131, 322, -107, -229, -156, -244, -34, 165, 
34, 341, 307, -187, -136, 324, -97, -229, -151, -244, -29, 165, 
43, 341, 297, -192, -126, 319, -97, -229, -151, -244, -24, 175, 
48, 341, 292, -195, -122, 317, -97, -229, -156, -244, -24, 175, 
24, 326, 302, -175, -139, 314, -97, -229, -156, -244, -29, 170, 
9, 322, 312, -165, -151, 317, -92, -229, -151, -239, -29, 170, 
9, 326, 317, -168, -153, 322, -87, -229, -146, -239, -29, 170, 
0, 322, 322, -161, -161, 322, -82, -229, -141, -244, -29, 170, 
9, 336, 326, -173, -158, 331, -97, -229, -146, -244, -24, 165, 
24, 341, 317, -183, -146, 329, -97, -229, -146, -244, -29, 170, 
29, 351, 322, -190, -146, 336, -97, -224, -146, -244, -29, 180, 
34, 356, 322, -195, -143, 339, -97, -224, -146, -244, -29, 185, 
24, 356, 331, -190, -153, 344, -87, -224, -146, -229, -19, 175, 
14, 356, 341, -185, -163, 348, -87, -219, -146, -229, -19, 175, 
14, 351, 336, -183, -161, 344, -87, -219, -146, -229, -19, 175, 
14, 351, 336, -183, -161, 344, -87, -219, -141, -229, -14, 180, 
24, 351, 326, -187, -151, 339, -97, -224, -151, -239, -19, 180, 
29, 351, 322, -190, -146, 336, -97, -229, -151, -239, -24, 180, 
39, 351, 312, -195, -136, 331, -102, -244, -161, -244, -34, 170, 
53, 351, 297, -202, -122, 324, -102, -248, -161, -248, -39, 170, 
63, 346, 283, -204, -109, 314, -107, -258, -170, -258, -48, 165, 
63, 346, 283, -204, -109, 314, -112, -258, -170, -258, -48, 161, 
63, 341, 278, -202, -107, 309, -112, -253, -165, -253, -48, 161, 
48, 336, 287, -192, -119, 312, -117, -253, -165, -253, -48, 156, 
48, 341, 292, -195, -122, 317, -107, -253, -161, -253, -48, 165, 
63, 336, 273, -200, -104, 305, -107, -253, -161, -253, -48, 165, 
63, 336, 273, -200, -104, 305, -107, -253, -156, -253, -48, 161, 
63, 336, 273, -200, -104, 305, -112, -253, -151, -253, -48, 161, 
58, 351, 292, -204, -117, 322, -102, -253, -156, -244, -39, 170, 
53, 356, 302, -204, -124, 329, -102, -248, -156, -244, -39, 175, 
39, 361, 322, -200, -141, 341, -97, -248, -151, -239, -34, 180, 
34, 361, 326, -197, -146, 344, -97, -248, -151, -229, -34, 185, 
43, 346, 302, -195, -129, 324, -107, -253, -151, -239, -34, 175, 
43, 346, 302, -195, -129, 324, -107, -253, -151, -239, -34, 175, 
53, 361, 307, -207, -126, 334, -107, -248, -151, -234, -29, 185, 
68, 361, 292, -214, -112, 326, -107, -248, -151, -229, -24, 185, 
43, 351, 307, -197, -131, 329, -97, -239, -151, -219, -24, 185, 
29, 341, 312, -185, -141, 326, -97, -239, -151, -219, -24, 185, 
24, 336, 312, -180, -143, 324, -97, -239, -146, -224, -24, 185, 
24, 331, 307, -178, -141, 319, -102, -239, -146, -224, -24, 185, 
29, 346, 317, -187, -143, 331, -112, -248, -156, -234, -24, 185, 
34, 346, 312, -190, -139, 329, -107, -248, -156, -229, -24, 185, 
39, 346, 307, -192, -134, 326, -107, -248, -156, -229, -24, 185, 
43, 346, 302, -195, -129, 324, -107, -248, -156, -229, -24, 185, 
43, 356, 312, -200, -134, 334, -107, -248, -146, -229, -24, 185, 
48, 361, 312, -204, -131, 336, -107, -248, -146, -224, -19, 185, 
53, 361, 307, -207, -126, 334, -107, -248, -146, -224, -19, 185, 
43, 361, 317, -202, -136, 339, -107, -248, -146, -224, -19, 185, 
39, 351, 312, -195, -136, 331, -97, -239, -146, -219, -14, 190, 
39, 351, 312, -195, -136, 331, -102, -244, -146, -214, -9, 195, 
39, 351, 312, -195, -136, 331, -102, -244, -146, -209, -4, 200, 
53, 356, 302, -204, -124, 329, -102, -244, -146, -204, 0, 209, 
73, 366, 292, -219, -109, 329, -107, -253, -146, -219, -14, 200, 
58, 356, 297, -207, -119, 326, -112, -253, -146, -224, -14, 195, 
53, 351, 297, -202, -122, 324, -112, -253, -151, -224, -14, 195, 
53, 351, 297, -202, -122, 324, -107, -253, -151, -219, -14, 195, 
43, 351, 307, -197, -131, 329, -117, -253, -161, -219, -14, 185, 
39, 346, 307, -192, -134, 326, -112, -248, -161, -209, -14, 190, 
39, 341, 302, -190, -131, 322, -112, -248, -156, -209, -9, 195, 
34, 336, 302, -185, -134, 319, -112, -248, -156, -214, -9, 195, 
34, 331, 297, -183, -131, 314, -122, -258, -165, -224, -19, 195, 
43, 341, 297, -192, -126, 319, -122, -258, -165, -234, -24, 195, 
63, 361, 297, -212, -117, 329, -117, -263, -161, -224, -24, 200, 
78, 380, 302, -229, -112, 341, -117, -263, -161, -224, -24, 200, 
73, 375, 302, -224, -114, 339, -107, -253, -151, -214, -14, 200, 
68, 370, 302, -219, -117, 336, -107, -253, -151, -214, -14, 200, 
63, 366, 302, -214, -119, 334, -107, -253, -151, -214, -4, 200, 
58, 361, 302, -209, -122, 331, -107, -248, -151, -214, -4, 200, 
48, 351, 302, -200, -126, 326, -117, -258, -156, -224, -14, 190, 
43, 346, 302, -195, -129, 324, -117, -263, -161, -224, -19, 190, 
43, 341, 297, -192, -126, 319, -117, -268, -165, -229, -24, 190, 
43, 341, 297, -192, -126, 319, -122, -268, -175, -234, -34, 185, 
58, 356, 297, -207, -119, 326, -112, -268, -165, -234, -24, 195, 
58, 361, 302, -209, -122, 331, -107, -263, -165, -229, -24, 200, 
63, 370, 307, -217, -122, 339, -107, -263, -165, -229, -24, 200, 
73, 375, 302, -224, -114, 339, -107, -263, -165, -229, -19, 200, 
58, 361, 302, -209, -122, 331, -107, -263, -165, -219, -29, 209, 
53, 351, 297, -202, -122, 324, -107, -258, -165, -219, -29, 209, 
39, 346, 307, -192, -134, 326, -107, -258, -165, -219, -29, 209, 
34, 346, 312, -190, -139, 329, -107, -263, -165, -219, -29, 209, 
39, 346, 307, -192, -134, 326, -112, -263, -170, -234, -34, 195, 
43, 341, 297, -192, -126, 319, -112, -268, -170, -239, -34, 195, 
43, 341, 297, -192, -126, 319, -122, -268, -175, -244, -39, 190, 
43, 331, 287, -187, -122, 309, -122, -268, -175, -244, -39, 190, 
34, 336, 302, -185, -134, 319, -107, -268, -165, -239, -29, 200, 
39, 346, 307, -192, -134, 326, -107, -268, -165, -239, -29, 200, 
39, 356, 317, -197, -139, 336, -107, -268, -165, -239, -29, 200, 
34, 361, 326, -197, -146, 344, -107, -268, -165, -239, -24, 200, 
14, 346, 331, -180, -158, 339, -97, -263, -156, -234, -19, 209, 
-4, 341, 346, -168, -175, 344, -92, -258, -156, -229, -19, 209, 
-19, 331, 351, -156, -185, 341, -87, -253, -156, -234, -29, 209, 
-34, 326, 361, -146, -197, 344, -82, -248, -156, -229, -29, 209, 
-19, 331, 351, -156, -185, 341, -87, -258, -165, -229, -29, 200, 
-14, 341, 356, -163, -185, 348, -92, -253, -161, -229, -29, 200, 
0, 356, 356, -178, -178, 356, -97, -253, -161, -229, -39, 200, 
29, 366, 336, -197, -153, 351, -102, -258, -170, -229, -39, 200, 
53, 356, 302, -204, -124, 329, -112, -278, -180, -244, -48, 190, 
53, 351, 297, -202, -122, 324, -112, -283, -180, -248, -48, 185, 
43, 351, 307, -197, -131, 329, -122, -287, -180, -258, -48, 180, 
53, 351, 297, -202, -122, 324, -122, -292, -185, -263, -48, 180, 
63, 351, 287, -207, -112, 319, -122, -283, -175, -253, -39, 190, 
78, 356, 278, -217, -100, 317, -117, -283, -170, -253, -39, 195, 
68, 356, 287, -212, -109, 322, -112, -283, -170, -248, -39, 195, 
53, 351, 297, -202, -122, 324, -112, -278, -170, -248, -39, 190, 
34, 351, 317, -192, -141, 334, -102, -268, -161, -239, -29, 200, 
29, 351, 322, -190, -146, 336, -102, -268, -161, -239, -29, 200, 
24, 346, 322, -185, -148, 334, -102, -268, -165, -248, -34, 200, 
14, 346, 331, -180, -158, 339, -107, -278, -165, -253, -34, 195, 
34, 341, 307, -187, -136, 324, -107, -283, -170, -253, -39, 185, 
48, 351, 302, -200, -126, 326, -107, -283, -170, -248, -39, 185, 
43, 351, 307, -197, -131, 329, -107, -287, -175, -248, -43, 190, 
43, 346, 302, -195, -129, 324, -112, -292, -180, -248, -53, 190, 
43, 346, 302, -195, -129, 324, -112, -283, -180, -258, -53, 185, 
53, 346, 292, -200, -119, 319, -112, -283, -180, -258, -53, 185, 
58, 346, 287, -202, -114, 317, -112, -283, -180, -263, -58, 185, 
58, 346, 287, -202, -114, 317, -112, -283, -180, -263, -58, 185, 
39, 351, 312, -195, -136, 331, -97, -273, -175, -253, -48, 190, 
39, 356, 317, -197, -139, 336, -92, -273, -170, -248, -39, 195, 
43, 366, 322, -204, -139, 344, -92, -273, -165, -239, -34, 200, 
63, 380, 317, -222, -126, 348, -92, -273, -161, -234, -34, 204, 
43, 361, 317, -202, -136, 339, -92, -283, -165, -244, -43, 195, 
39, 361, 322, -200, -141, 341, -97, -283, -165, -244, -39, 195, 
39, 370, 331, -204, -146, 351, -97, -278, -165, -244, -39, 195, 
43, 370, 326, -207, -141, 348, -97, -278, -165, -244, -39, 195, 
34, 395, 361, -214, -163, 378, -87, -263, -151, -229, -29, 209, 
34, 385, 351, -209, -158, 368, -87, -258, -141, -229, -29, 209, 
34, 385, 351, -209, -158, 368, -82, -253, -136, -229, -24, 209, 
34, 395, 361, -214, -163, 378, -82, -248, -131, -229, -19, 209, 
39, 409, 370, -224, -165, 390, -78, -239, -126, -214, -14, 219, 
43, 414, 370, -229, -163, 392, -78, -239, -126, -209, -9, 224, 
53, 424, 370, -239, -158, 397, -78, -239, -122, -204, -4, 229, 
63, 439, 375, -251, -156, 407, -73, -239, -112, -195, 0, 234, 
58, 429, 370, -244, -156, 400, -82, -244, -102, -204, 0, 219, 
48, 419, 370, -234, -161, 395, -82, -263, -107, -204, 0, 219, 
43, 419, 375, -231, -165, 397, -82, -273, -107, -200, 0, 219, 
39, 424, 385, -231, -173, 405, -82, -278, -102, -200, 9, 229, 
48, 444, 395, -246, -173, 419, -102, -283, -92, -190, 14, 244, 
53, 458, 405, -256, -175, 431, -107, -292, -92, -185, 14, 248, 
58, 483, 424, -270, -183, 453, -117, -307, -92, -180, 19, 253, 
63, 497, 434, -280, -185, 466, -126, -312, -92, -175, 24, 258, 
48, 488, 439, -268, -195, 463, -151, -326, -102, -185, 14, 244, 
48, 483, 434, -265, -192, 458, -165, -341, -117, -190, 14, 244, 
68, 488, 419, -278, -175, 453, -185, -356, -126, -195, 14, 239, 
78, 483, 405, -280, -163, 444, -200, -366, -131, -204, 14, 234, 
97, 502, 405, -300, -153, 453, -200, -370, -141, -214, 19, 239, 
107, 522, 414, -314, -153, 468, -195, -375, -131, -204, 24, 248, 
117, 527, 409, -322, -146, 468, -195, -375, -126, -204, 29, 248, 
126, 536, 409, -331, -141, 473, -195, -380, -126, -204, 29, 248, 
122, 527, 405, -324, -141, 466, -190, -375, -117, -195, 39, 253, 
107, 522, 414, -314, -153, 468, -185, -366, -117, -190, 39, 258, 
102, 522, 419, -312, -158, 470, -180, -361, -122, -185, 39, 263, 
102, 522, 419, -312, -158, 470, -170, -341, -122, -180, 39, 268, 
92, 497, 405, -295, -156, 451, -165, -331, -136, -195, 29, 253, 
87, 483, 395, -285, -153, 439, -161, -322, -141, -200, 29, 248, 
73, 468, 395, -270, -161, 431, -161, -322, -146, -200, 29, 248, 
73, 453, 380, -263, -153, 417, -161, -336, -151, -195, 34, 248, 
58, 439, 380, -248, -161, 409, -156, -336, -161, -204, 29, 239, 
53, 424, 370, -239, -158, 397, -146, -331, -175, -204, 24, 239, 
53, 414, 361, -234, -153, 387, -141, -322, -175, -200, 19, 244, 
68, 405, 336, -236, -134, 370, -141, -317, -170, -204, 14, 248, 
78, 390, 312, -234, -117, 351, -141, -317, -180, -214, 9, 234, 
87, 385, 297, -236, -104, 341, -141, -317, -180, -224, 0, 229, 
87, 380, 292, -234, -102, 336, -146, -326, -190, -239, -9, 219, 
82, 370, 287, -226, -102, 329, -156, -322, -204, -248, -24, 204, 
29, 351, 322, -190, -146, 336, -122, -312, -204, -263, -43, 195, 
