I, II, III, aVR, aVL, aVF, V1, V2, V3, V4, V5, V6, 
68, 244, 175, -156, -53, 209, -165, 0, 68, -126, 283, 224, 
68, 244, 175, -156, -53, 209, -165, 0, 68, -126, 283, 224, 
68, 244, 175, -156, -53, 209, -165, 0, 68, -126, 283, 224, 
73, 244, 170, -158, -48, 207, -161, 0, 73, -122, 283, 229, 
78, 258, 180, -168, -51, 219, -170, 4, 78, -117, 292, 229, 
82, 258, 175, -170, -46, 217, -161, 14, 78, -117, 292, 234, 
87, 258, 170, -173, -41, 214, -161, 14, 78, -117, 292, 234, 
92, 253, 161, -173, -34, 207, -156, 19, 73, -122, 292, 229, 
92, 239, 146, -165, -26, 192, -141, 24, 73, -122, 302, 239, 
92, 239, 146, -165, -26, 192, -141, 29, 73, -117, 302, 234, 
92, 239, 146, -165, -26, 192, -131, 29, 73, -112, 297, 234, 
92, 239, 146, -165, -26, 192, -131, 34, 73, -107, 297, 234, 
82, 229, 146, -156, -31, 187, -131, 34, 73, -117, 287, 224, 
82, 224, 141, -153, -29, 183, -131, 34, 68, -122, 283, 224, 
87, 219, 131, -153, -21, 175, -131, 34, 58, -126, 278, 224, 
87, 214, 126, -151, -19, 170, -136, 29, 53, -136, 273, 219, 
87, 219, 131, -153, -21, 175, -141, 29, 48, -136, 273, 219, 
82, 214, 131, -148, -24, 173, -151, 19, 43, -136, 273, 214, 
82, 209, 126, -146, -21, 168, -151, 14, 39, -136, 268, 214, 
82, 204, 122, -143, -19, 163, -161, 0, 29, -146, 268, 209, 
73, 195, 122, -134, -24, 158, -170, -14, 34, -136, 268, 209, 
73, 195, 122, -134, -24, 158, -180, -24, 24, -141, 258, 209, 
73, 195, 122, -134, -24, 158, -185, -34, 24, -146, 258, 209, 
73, 195, 122, -134, -24, 158, -190, -43, 19, -146, 263, 209, 
82, 190, 107, -136, -12, 148, -204, -43, 14, -146, 263, 219, 
82, 190, 107, -136, -12, 148, -209, -53, 4, -151, 263, 219, 
87, 190, 102, -139, -7, 146, -209, -53, 0, -156, 258, 214, 
87, 185, 97, -136, -4, 141, -209, -53, 0, -156, 258, 214, 
97, 185, 87, -141, 4, 136, -224, -73, -19, -175, 248, 204, 
102, 185, 82, -143, 9, 134, -229, -78, -19, -180, 248, 204, 
117, 195, 78, -156, 19, 136, -229, -78, -19, -185, 253, 209, 
122, 200, 78, -161, 21, 139, -234, -78, -19, -180, 258, 209, 
131, 204, 73, -168, 29, 139, -234, -63, -4, -170, 273, 224, 
126, 204, 78, -165, 24, 141, -229, -63, -4, -170, 273, 224, 
122, 200, 78, -161, 21, 139, -229, -63, 0, -170, 273, 229, 
117, 200, 82, -158, 17, 141, -219, -58, 0, -165, 273, 229, 
102, 190, 87, -146, 7, 139, -209, -34, 19, -151, 278, 244, 
97, 190, 92, -143, 2, 141, -204, -34, 19, -146, 283, 244, 
87, 190, 102, -139, -7, 146, -204, -39, 19, -141, 287, 239, 
78, 185, 107, -131, -14, 146, -200, -39, 14, -136, 292, 234, 
68, 180, 112, -124, -21, 146, -180, -43, 14, -141, 292, 234, 
58, 175, 117, -117, -29, 146, -175, -39, 14, -146, 292, 234, 
53, 165, 112, -109, -29, 139, -170, -39, 14, -151, 292, 229, 
48, 156, 107, -102, -29, 131, -165, -39, 14, -165, 278, 219, 
48, 151, 102, -100, -26, 126, -165, -39, 0, -161, 273, 214, 
48, 146, 97, -97, -24, 122, -165, -39, 0, -165, 268, 209, 
58, 146, 87, -102, -14, 117, -165, -43, 0, -165, 268, 209, 
48, 146, 97, -97, -24, 122, -165, -43, 0, -165, 263, 209, 
53, 141, 87, -97, -17, 114, -175, -39, 0, -170, 258, 200, 
53, 136, 82, -95, -14, 109, -175, -34, -4, -170, 258, 190, 
58, 136, 78, -97, -9, 107, -170, -34, -9, -175, 253, 190, 
58, 136, 78, -97, -9, 107, -170, -34, -9, -180, 253, 190, 
58, 126, 68, -92, -4, 97, -161, -34, -9, -180, 253, 190, 
58, 126, 68, -92, -4, 97, -161, -29, -9, -180, 253, 190, 
48, 122, 73, -85, -12, 97, -156, -29, -4, -180, 253, 195, 
48, 122, 73, -85, -12, 97, -156, -29, -4, -180, 258, 195, 
39, 131, 92, -85, -26, 112, -165, -29, -4, -175, 268, 204, 
39, 131, 92, -85, -26, 112, -165, -29, 0, -165, 268, 209, 
39, 131, 92, -85, -26, 112, -165, -29, 0, -161, 268, 209, 
39, 131, 92, -85, -26, 112, -165, -29, 0, -156, 268, 209, 
34, 122, 87, -78, -26, 104, -156, -19, 0, -165, 268, 219, 
29, 126, 97, -78, -34, 112, -156, -19, 0, -165, 263, 209, 
29, 126, 97, -78, -34, 112, -156, -19, 0, -165, 263, 209, 
24, 126, 102, -75, -39, 114, -156, -19, 0, -165, 268, 209, 
29, 126, 97, -78, -34, 112, -151, -19, 0, -165, 263, 209, 
29, 126, 97, -78, -34, 112, -151, -19, 0, -165, 263, 219, 
29, 126, 97, -78, -34, 112, -151, -14, 0, -165, 263, 219, 
29, 126, 97, -78, -34, 112, -151, -14, 0, -165, 263, 219, 
29, 131, 102, -80, -36, 117, -146, -19, 9, -165, 263, 209, 
39, 131, 92, -85, -26, 112, -146, -19, 9, -165, 263, 209, 
39, 131, 92, -85, -26, 112, -146, -19, 9, -165, 263, 204, 
39, 131, 92, -85, -26, 112, -146, -19, 9, -165, 263, 204, 
48, 131, 82, -90, -17, 107, -156, -14, 0, -175, 253, 204, 
48, 131, 82, -90, -17, 107, -156, -14, 0, -175, 253, 204, 
53, 131, 78, -92, -12, 104, -156, -14, 0, -175, 253, 204, 
58, 126, 68, -92, -4, 97, -156, -14, 0, -170, 248, 204, 
58, 122, 63, -90, -2, 92, -156, -9, 9, -161, 268, 214, 
43, 122, 78, -82, -17, 100, -146, -9, 9, -161, 268, 214, 
34, 122, 87, -78, -26, 104, -146, -9, 19, -161, 258, 214, 
53, 126, 73, -90, -9, 100, -146, -4, 29, -151, 268, 224, 
34, 122, 87, -78, -26, 104, -136, 4, 39, -136, 273, 229, 
14, 126, 112, -70, -48, 119, -136, 14, 68, -117, 287, 234, 
19, 165, 146, -92, -63, 156, -141, 14, 107, -68, 326, 263, 
58, 229, 170, -143, -56, 200, -161, -4, 165, 0, 395, 312, 
78, 263, 185, -170, -53, 224, -170, -4, 229, 68, 463, 370, 
97, 283, 185, -190, -43, 234, -170, 19, 292, 136, 536, 414, 
146, 317, 170, -231, -12, 244, -165, 58, 356, 209, 600, 478, 
224, 380, 156, -302, 34, 268, -156, 107, 448, 307, 702, 561, 
307, 463, 156, -385, 75, 309, -161, 156, 566, 434, 824, 658, 
409, 570, 161, -490, 124, 366, -185, 180, 678, 566, 946, 771, 
531, 678, 146, -605, 192, 412, -224, 204, 761, 688, 1068, 883, 
624, 756, 131, -690, 246, 444, -268, 224, 829, 785, 1185, 990, 
678, 814, 136, -746, 270, 475, -317, 195, 849, 829, 1254, 1049, 
712, 839, 126, -775, 292, 483, -375, 112, 780, 790, 1234, 1049, 
702, 849, 146, -775, 278, 497, -414, 9, 668, 683, 1146, 1010, 
653, 800, 146, -727, 253, 473, -478, -112, 478, 492, 990, 912, 
595, 634, 39, -614, 278, 336, -541, -253, 175, 195, 736, 722, 
536, 414, -122, -475, 329, 146, -580, -361, -151, -136, 439, 497, 
507, 248, -258, -378, 383, -4, -639, -453, -424, -395, 204, 336, 
492, 151, -341, -322, 417, -95, -736, -575, -629, -551, 73, 224, 
458, 68, -390, -263, 424, -161, -790, -668, -780, -658, -29, 136, 
385, -24, -409, -180, 397, -217, -790, -683, -868, -741, -112, 63, 
278, -131, -409, -73, 344, -270, -756, -649, -917, -790, -161, 9, 
190, -268, -458, 39, 324, -363, -697, -570, -961, -844, -214, -58, 
165, -385, -551, 109, 358, -468, -610, -463, -971, -893, -268, -117, 
151, -439, -590, 143, 370, -514, -507, -326, -907, -883, -273, -136, 
122, -414, -536, 146, 329, -475, -429, -219, -790, -810, -229, -112, 
92, -336, -429, 122, 261, -383, -361, -141, -653, -707, -156, -63, 
78, -229, -307, 75, 192, -268, -297, -92, -502, -590, -63, 0, 
53, -107, -161, 26, 107, -134, -253, -63, -351, -463, 24, 63, 
48, -39, -87, -4, 68, -63, -219, -39, -244, -380, 92, 117, 
43, -9, -53, -17, 48, -31, -180, -9, -170, -326, 136, 141, 
14, 9, -4, -12, 9, 2, -151, 14, -102, -263, 180, 175, 
4, 34, 29, -19, -12, 31, -131, 29, -39, -214, 229, 209, 
4, 58, 53, -31, -24, 56, -112, 39, 4, -180, 253, 224, 
14, 78, 63, -46, -24, 70, -102, 48, 24, -161, 268, 224, 
19, 78, 58, -48, -19, 68, -107, 34, 29, -161, 268, 224, 
43, 82, 39, -63, 2, 61, -117, 24, 19, -170, 263, 224, 
48, 82, 34, -65, 7, 58, -117, 24, 19, -170, 258, 219, 
53, 82, 29, -68, 12, 56, -117, 24, 24, -165, 253, 219, 
58, 82, 24, -70, 17, 53, -117, 29, 29, -165, 248, 219, 
43, 82, 39, -63, 2, 61, -112, 39, 34, -170, 248, 219, 
39, 82, 43, -61, -2, 63, -107, 43, 39, -161, 248, 224, 
39, 82, 43, -61, -2, 63, -102, 43, 48, -161, 258, 229, 
39, 87, 48, -63, -4, 68, -97, 48, 53, -151, 263, 234, 
39, 92, 53, -65, -7, 73, -97, 48, 68, -141, 278, 244, 
34, 92, 58, -63, -12, 75, -97, 48, 73, -136, 283, 248, 
29, 92, 63, -61, -17, 78, -97, 48, 73, -131, 287, 248, 
24, 97, 73, -61, -24, 85, -97, 43, 73, -126, 287, 248, 
34, 97, 63, -65, -14, 80, -92, 53, 73, -131, 283, 248, 
34, 97, 63, -65, -14, 80, -92, 58, 73, -131, 283, 244, 
39, 97, 58, -68, -9, 78, -97, 58, 78, -131, 283, 244, 
39, 97, 58, -68, -9, 78, -97, 58, 78, -131, 287, 244, 
29, 92, 63, -61, -17, 78, -97, 58, 78, -122, 287, 253, 
29, 92, 63, -61, -17, 78, -97, 58, 82, -122, 287, 258, 
39, 92, 53, -65, -7, 73, -92, 58, 82, -117, 287, 258, 
39, 92, 53, -65, -7, 73, -92, 58, 82, -117, 297, 258, 
29, 92, 63, -61, -17, 78, -92, 58, 97, -117, 297, 258, 
29, 92, 63, -61, -17, 78, -92, 58, 97, -117, 297, 258, 
29, 92, 63, -61, -17, 78, -92, 58, 97, -117, 297, 258, 
29, 92, 63, -61, -17, 78, -92, 58, 102, -117, 297, 258, 
34, 92, 58, -63, -12, 75, -92, 58, 92, -126, 297, 248, 
39, 92, 53, -65, -7, 73, -92, 58, 92, -126, 297, 248, 
39, 92, 53, -65, -7, 73, -92, 58, 92, -126, 302, 253, 
43, 97, 53, -70, -4, 75, -92, 58, 92, -122, 307, 253, 
48, 87, 39, -68, 4, 63, -92, 58, 102, -122, 307, 253, 
53, 87, 34, -70, 9, 61, -92, 58, 112, -117, 307, 253, 
53, 87, 34, -70, 9, 61, -92, 68, 112, -117, 312, 258, 
53, 97, 43, -75, 4, 70, -92, 68, 112, -117, 312, 258, 
58, 97, 39, -78, 9, 68, -92, 68, 117, -107, 312, 258, 
58, 92, 34, -75, 12, 63, -92, 68, 117, -107, 317, 258, 
63, 92, 29, -78, 17, 61, -92, 73, 122, -107, 322, 263, 
63, 92, 29, -78, 17, 61, -92, 73, 122, -107, 322, 263, 
53, 92, 39, -73, 7, 65, -87, 73, 122, -102, 322, 263, 
53, 92, 39, -73, 7, 65, -87, 78, 126, -97, 326, 268, 
53, 97, 43, -75, 4, 70, -92, 78, 131, -97, 331, 268, 
53, 92, 39, -73, 7, 65, -92, 78, 136, -87, 331, 268, 
43, 92, 48, -68, -2, 70, -92, 82, 136, -87, 341, 278, 
53, 92, 39, -73, 7, 65, -92, 82, 141, -87, 341, 283, 
58, 92, 34, -75, 12, 63, -92, 82, 146, -87, 341, 283, 
58, 97, 39, -78, 9, 68, -92, 87, 146, -87, 341, 287, 
63, 97, 34, -80, 14, 65, -92, 87, 161, -78, 336, 278, 
63, 102, 39, -82, 12, 70, -92, 92, 165, -78, 341, 283, 
78, 112, 34, -95, 21, 73, -92, 92, 165, -78, 341, 287, 
78, 117, 39, -97, 19, 78, -92, 97, 165, -73, 341, 287, 
68, 107, 39, -87, 14, 73, -87, 97, 156, -73, 361, 297, 
68, 107, 39, -87, 14, 73, -87, 97, 165, -63, 361, 297, 
68, 112, 43, -90, 12, 78, -87, 102, 170, -58, 361, 297, 
73, 112, 39, -92, 17, 75, -87, 112, 170, -58, 361, 302, 
78, 117, 39, -97, 19, 78, -87, 112, 185, -58, 356, 302, 
78, 122, 43, -100, 17, 82, -87, 112, 190, -48, 361, 302, 
82, 126, 43, -104, 19, 85, -87, 122, 195, -43, 366, 307, 
92, 131, 39, -112, 26, 85, -87, 126, 200, -39, 370, 312, 
102, 141, 39, -122, 31, 90, -87, 126, 219, -34, 375, 317, 
97, 146, 48, -122, 24, 97, -87, 131, 224, -24, 380, 322, 
97, 151, 53, -124, 21, 102, -87, 136, 234, -19, 385, 326, 
112, 156, 43, -134, 34, 100, -87, 141, 239, -14, 390, 331, 
117, 151, 34, -134, 41, 92, -87, 141, 239, -14, 395, 336, 
122, 156, 34, -139, 43, 95, -87, 146, 239, -4, 400, 341, 
126, 165, 39, -146, 43, 102, -87, 151, 248, 4, 409, 346, 
131, 175, 43, -153, 43, 109, -87, 156, 258, 9, 414, 351, 
126, 170, 43, -148, 41, 107, -78, 170, 278, 14, 429, 366, 
126, 180, 53, -153, 36, 117, -78, 180, 287, 24, 444, 375, 
126, 190, 63, -158, 31, 126, -78, 185, 297, 39, 448, 380, 
131, 200, 68, -165, 31, 134, -82, 190, 302, 48, 453, 385, 
136, 214, 78, -175, 29, 146, -82, 185, 312, 68, 458, 405, 
136, 219, 82, -178, 26, 151, -82, 190, 322, 78, 468, 405, 
151, 229, 78, -190, 36, 153, -82, 190, 331, 82, 478, 419, 
161, 239, 78, -200, 41, 158, -82, 200, 346, 92, 492, 429, 
161, 234, 73, -197, 43, 153, -82, 214, 356, 92, 492, 429, 
170, 244, 73, -207, 48, 158, -87, 219, 370, 102, 502, 434, 
175, 253, 78, -214, 48, 165, -87, 219, 380, 112, 512, 439, 
185, 263, 78, -224, 53, 170, -87, 224, 390, 117, 522, 444, 
185, 263, 78, -224, 53, 170, -87, 234, 405, 136, 531, 463, 
200, 273, 73, -236, 63, 173, -87, 239, 414, 146, 536, 468, 
200, 278, 78, -239, 61, 178, -92, 239, 424, 146, 546, 473, 
214, 278, 63, -246, 75, 170, -97, 239, 429, 161, 551, 478, 
214, 287, 73, -251, 70, 180, -97, 229, 429, 161, 561, 473, 
214, 302, 87, -258, 63, 195, -97, 229, 434, 161, 570, 478, 
219, 317, 97, -268, 61, 207, -102, 234, 439, 161, 575, 483, 
224, 326, 102, -275, 61, 214, -102, 234, 439, 170, 580, 488, 
229, 326, 97, -278, 65, 212, -102, 234, 453, 180, 585, 502, 
234, 331, 97, -283, 68, 214, -107, 234, 463, 185, 585, 507, 
234, 331, 97, -283, 68, 214, -107, 234, 468, 190, 590, 507, 
234, 336, 102, -285, 65, 219, -117, 229, 468, 190, 590, 512, 
248, 336, 87, -292, 80, 212, -117, 229, 463, 195, 590, 512, 
248, 336, 87, -292, 80, 212, -117, 219, 463, 195, 590, 512, 
248, 336, 87, -292, 80, 212, -122, 219, 458, 190, 585, 512, 
244, 336, 92, -290, 75, 214, -126, 214, 453, 185, 585, 512, 
244, 331, 87, -287, 78, 209, -126, 204, 444, 195, 585, 507, 
239, 326, 87, -283, 75, 207, -126, 200, 444, 185, 580, 502, 
229, 326, 97, -278, 65, 212, -126, 190, 434, 180, 575, 502, 
219, 317, 97, -268, 61, 207, -126, 180, 424, 170, 566, 497, 
204, 302, 97, -253, 53, 200, -126, 170, 395, 156, 561, 492, 
190, 292, 102, -241, 43, 197, -126, 161, 380, 141, 546, 483, 
180, 287, 107, -234, 36, 197, -131, 146, 361, 126, 531, 473, 
175, 273, 97, -224, 39, 185, -131, 136, 341, 112, 517, 463, 
151, 253, 102, -202, 24, 178, -126, 136, 336, 107, 517, 458, 
146, 239, 92, -192, 26, 165, -122, 131, 322, 92, 502, 448, 
131, 229, 97, -180, 17, 163, -117, 122, 302, 78, 488, 434, 
117, 209, 92, -163, 12, 151, -112, 112, 287, 63, 478, 424, 
112, 204, 92, -158, 9, 148, -117, 87, 268, 39, 453, 409, 
112, 190, 78, -151, 17, 134, -117, 78, 248, 29, 439, 400, 
102, 175, 73, -139, 14, 124, -117, 73, 234, 14, 429, 385, 
97, 161, 63, -129, 17, 112, -117, 63, 214, 0, 419, 375, 
102, 141, 39, -122, 31, 90, -112, 58, 190, -24, 405, 356, 
92, 131, 39, -112, 26, 85, -112, 58, 175, -39, 395, 351, 
82, 112, 29, -97, 26, 70, -112, 58, 165, -48, 380, 346, 
68, 97, 29, -82, 19, 63, -112, 53, 156, -63, 370, 331, 
63, 92, 29, -78, 17, 61, -112, 58, 146, -58, 370, 331, 
48, 82, 34, -65, 7, 58, -112, 53, 141, -63, 366, 326, 
43, 82, 39, -63, 2, 61, -112, 48, 141, -68, 361, 317, 
34, 78, 43, -56, -4, 61, -112, 48, 141, -78, 356, 312, 
24, 63, 39, -43, -7, 51, -107, 43, 131, -87, 346, 312, 
19, 58, 39, -39, -9, 48, -107, 39, 112, -92, 341, 307, 
19, 58, 39, -39, -9, 48, -112, 34, 102, -102, 326, 302, 
19, 58, 39, -39, -9, 48, -112, 34, 87, -102, 322, 302, 
14, 58, 43, -36, -14, 51, -102, 34, 87, -102, 322, 297, 
9, 53, 43, -31, -17, 48, -102, 29, 87, -107, 322, 287, 
9, 43, 34, -26, -12, 39, -102, 24, 82, -107, 317, 283, 
9, 39, 29, -24, -9, 34, -102, 24, 82, -117, 312, 283, 
19, 34, 14, -26, 2, 24, -112, 34, 78, -126, 302, 278, 
14, 34, 19, -24, -2, 26, -112, 29, 78, -126, 297, 273, 
14, 29, 14, -21, 0, 21, -112, 29, 73, -131, 292, 273, 
14, 29, 14, -21, 0, 21, -112, 29, 68, -136, 292, 273, 
4, 24, 19, -14, -7, 21, -112, 29, 78, -136, 292, 273, 
4, 24, 19, -14, -7, 21, -112, 29, 73, -136, 292, 273, 
4, 24, 19, -14, -7, 21, -112, 29, 68, -136, 292, 273, 
0, 24, 24, -12, -12, 24, -112, 34, 68, -136, 292, 273, 
4, 24, 19, -14, -7, 21, -112, 24, 58, -136, 292, 273, 
4, 24, 19, -14, -7, 21, -112, 24, 58, -131, 292, 273, 
0, 24, 24, -12, -12, 24, -112, 24, 58, -131, 292, 273, 
-4, 19, 24, -7, -14, 21, -102, 24, 63, -131, 297, 273, 
-14, 9, 24, 2, -19, 17, -97, 29, 63, -131, 297, 273, 
-9, 9, 19, 0, -14, 14, -97, 29, 63, -131, 297, 273, 
-9, 9, 19, 0, -14, 14, -102, 29, 63, -131, 297, 268, 
-9, 9, 19, 0, -14, 14, -102, 29, 63, -136, 297, 263, 
4, 9, 4, -7, 0, 7, -97, 39, 68, -146, 297, 263, 
4, 14, 9, -9, -2, 12, -97, 39, 68, -141, 292, 263, 
4, 14, 9, -9, -2, 12, -102, 39, 73, -141, 292, 263, 
4, 14, 9, -9, -2, 12, -102, 39, 73, -141, 292, 263, 
4, 14, 9, -9, -2, 12, -102, 39, 73, -131, 302, 268, 
4, 14, 9, -9, -2, 12, -102, 39, 73, -131, 302, 273, 
4, 14, 9, -9, -2, 12, -102, 39, 73, -131, 302, 273, 
4, 14, 9, -9, -2, 12, -97, 39, 78, -126, 302, 273, 
-4, 14, 19, -4, -12, 17, -97, 29, 82, -122, 302, 273, 
-9, 14, 24, -2, -17, 19, -102, 34, 82, -122, 302, 273, 
-9, 14, 24, -2, -17, 19, -102, 34, 82, -122, 302, 273, 
-9, 14, 24, -2, -17, 19, -102, 34, 82, -122, 302, 273, 
-14, 14, 29, 0, -21, 21, -92, 39, 92, -122, 312, 273, 
-14, 14, 29, 0, -21, 21, -92, 39, 92, -122, 312, 273, 
-14, 14, 29, 0, -21, 21, -92, 43, 92, -122, 312, 273, 
-14, 24, 39, -4, -26, 31, -92, 48, 92, -122, 317, 273, 
-19, 24, 43, -2, -31, 34, -87, 39, 87, -112, 307, 283, 
-19, 24, 43, -2, -31, 34, -87, 48, 92, -112, 307, 283, 
-24, 24, 48, 0, -36, 36, -87, 48, 92, -107, 312, 287, 
-24, 24, 48, 0, -36, 36, -87, 43, 92, -107, 312, 287, 
-9, 24, 34, -7, -21, 29, -87, 43, 92, -117, 317, 278, 
-9, 24, 34, -7, -21, 29, -87, 48, 97, -117, 322, 278, 
-9, 24, 34, -7, -21, 29, -87, 48, 102, -112, 322, 278, 
-9, 24, 34, -7, -21, 29, -87, 48, 102, -102, 322, 283, 
-4, 29, 34, -12, -19, 31, -87, 39, 102, -112, 322, 283, 
0, 34, 34, -17, -17, 34, -87, 39, 112, -117, 322, 283, 
4, 34, 29, -19, -12, 31, -87, 43, 112, -117, 326, 283, 
9, 39, 29, -24, -9, 34, -87, 43, 112, -112, 331, 287, 
0, 34, 34, -17, -17, 34, -82, 48, 122, -102, 336, 292, 
4, 39, 34, -21, -14, 36, -82, 48, 122, -102, 336, 297, 
4, 39, 34, -21, -14, 36, -82, 48, 122, -97, 336, 297, 
9, 43, 34, -26, -12, 39, -82, 48, 126, -97, 346, 297, 
9, 39, 29, -24, -9, 34, -82, 53, 122, -92, 336, 302, 
19, 39, 19, -29, 0, 29, -87, 58, 117, -97, 331, 292, 
9, 39, 29, -24, -9, 34, -87, 68, 122, -87, 341, 302, 
9, 39, 29, -24, -9, 34, -87, 68, 126, -87, 341, 302, 
9, 39, 29, -24, -9, 34, -87, 68, 131, -87, 341, 302, 
9, 39, 29, -24, -9, 34, -87, 68, 136, -87, 341, 302, 
4, 48, 43, -26, -19, 46, -73, 68, 146, -73, 356, 317, 
4, 53, 48, -29, -21, 51, -73, 73, 156, -68, 361, 317, 
4, 53, 48, -29, -21, 51, -63, 82, 161, -68, 366, 322, 
4, 53, 48, -29, -21, 51, -63, 82, 165, -68, 370, 322, 
9, 58, 48, -34, -19, 53, -68, 78, 151, -63, 361, 326, 
14, 53, 39, -34, -12, 46, -63, 82, 151, -68, 361, 326, 
19, 53, 34, -36, -7, 43, -63, 87, 151, -68, 361, 322, 
24, 53, 29, -39, -2, 41, -53, 87, 151, -68, 356, 322, 
34, 53, 19, -43, 7, 36, -53, 102, 141, -73, 356, 312, 
34, 53, 19, -43, 7, 36, -53, 102, 141, -78, 356, 312, 
34, 48, 14, -41, 9, 31, -53, 102, 136, -87, 351, 312, 
39, 43, 4, -41, 17, 24, -53, 102, 126, -97, 346, 312, 
34, 29, -4, -31, 19, 12, -48, 97, 131, -97, 341, 307, 
29, 24, -4, -26, 17, 9, -53, 97, 126, -97, 341, 307, 
19, 19, 0, -19, 9, 9, -63, 87, 122, -97, 341, 302, 
14, 14, 0, -14, 7, 7, -63, 82, 117, -97, 336, 302, 
4, 9, 4, -7, 0, 7, -73, 68, 107, -107, 336, 297, 
4, 9, 4, -7, 0, 7, -92, 53, 102, -107, 336, 297, 
4, 9, 4, -7, 0, 7, -102, 43, 92, -112, 326, 297, 
4, 9, 4, -7, 0, 7, -107, 34, 92, -117, 326, 297, 
4, 19, 14, -12, -4, 17, -112, 34, 97, -107, 331, 307, 
4, 24, 19, -14, -7, 21, -126, 24, 92, -107, 331, 307, 
4, 24, 19, -14, -7, 21, -131, 14, 82, -112, 331, 307, 
9, 24, 14, -17, -2, 19, -131, 14, 78, -117, 326, 302, 
14, 19, 4, -17, 4, 12, -141, 4, 73, -126, 326, 292, 
24, 19, -4, -21, 14, 7, -146, -4, 58, -131, 326, 292, 
29, 19, -9, -24, 19, 4, -151, -9, 53, -131, 326, 292, 
43, 29, -14, -36, 29, 7, -151, -9, 48, -131, 331, 297, 
43, 29, -14, -36, 29, 7, -156, -9, 58, -131, 336, 297, 
58, 29, -29, -43, 43, 0, -156, -4, 63, -131, 341, 302, 
58, 24, -34, -41, 46, -4, -151, -4, 63, -131, 341, 302, 
58, 14, -43, -36, 51, -14, -151, -4, 68, -131, 341, 307, 
48, 19, -29, -34, 39, -4, -141, 9, 78, -122, 351, 307, 
39, 24, -14, -31, 26, 4, -141, 24, 87, -117, 351, 312, 
39, 29, -9, -34, 24, 9, -136, 24, 87, -112, 351, 312, 
34, 34, 0, -34, 17, 17, -136, 19, 87, -107, 351, 307, 
19, 29, 9, -24, 4, 19, -122, 9, 92, -107, 351, 307, 
0, 24, 24, -12, -12, 24, -112, 14, 92, -107, 351, 312, 
-9, 19, 29, -4, -19, 24, -107, 19, 92, -107, 351, 317, 
-14, 9, 24, 2, -19, 17, -102, 19, 92, -107, 351, 317, 
-9, -9, 0, 9, -4, -4, -107, 29, 82, -117, 336, 297, 
-19, -14, 4, 17, -12, -4, -107, 29, 78, -122, 331, 292, 
-19, -19, 0, 19, -9, -9, -107, 29, 78, -126, 326, 287, 
-9, -19, -9, 14, 0, -14, -107, 24, 78, -126, 326, 287, 
-19, -19, 0, 19, -9, -9, -97, 14, 78, -136, 322, 287, 
-24, -24, 0, 24, -12, -12, -97, 19, 78, -131, 317, 287, 
-24, -29, -4, 26, -9, -17, -97, 24, 73, -131, 317, 278, 
-19, -29, -9, 24, -4, -19, -92, 24, 68, -136, 312, 278, 
-19, -29, -9, 24, -4, -19, -82, 34, 68, -131, 312, 278, 
-19, -29, -9, 24, -4, -19, -82, 34, 68, -131, 312, 278, 
-19, -29, -9, 24, -4, -19, -82, 39, 68, -131, 312, 278, 
-29, -34, -4, 31, -12, -19, -78, 39, 73, -131, 312, 283, 
-39, -24, 14, 31, -26, -4, -78, 39, 73, -131, 317, 283, 
-39, -24, 14, 31, -26, -4, -78, 39, 73, -131, 317, 283, 
-39, -24, 14, 31, -26, -4, -78, 39, 78, -126, 317, 287, 
-39, -24, 14, 31, -26, -4, -78, 39, 78, -126, 317, 287, 
-39, -24, 14, 31, -26, -4, -87, 29, 78, -126, 317, 287, 
-39, -24, 14, 31, -26, -4, -87, 29, 78, -126, 317, 287, 
-39, -19, 19, 29, -29, 0, -87, 29, 78, -126, 312, 278, 
-34, -19, 14, 26, -24, -2, -87, 29, 78, -126, 312, 278, 
-24, -29, -4, 26, -9, -17, -87, 29, 68, -126, 307, 278, 
-29, -29, 0, 29, -14, -14, -82, 29, 68, -126, 312, 278, 
-29, -29, 0, 29, -14, -14, -82, 29, 68, -126, 312, 287, 
-29, -29, 0, 29, -14, -14, -82, 34, 68, -126, 312, 287, 
-24, -29, -4, 26, -9, -17, -82, 34, 78, -126, 312, 287, 
-19, -24, -4, 21, -7, -14, -87, 29, 78, -126, 312, 287, 
-4, -24, -19, 14, 7, -21, -87, 29, 78, -126, 312, 287, 
0, -24, -24, 12, 12, -24, -87, 29, 78, -126, 312, 283, 
-19, -34, -14, 26, -2, -24, -82, 39, 87, -117, 312, 292, 
-34, -34, 0, 34, -17, -17, -78, 43, 87, -117, 312, 292, 
-48, -34, 14, 41, -31, -9, -73, 43, 87, -117, 312, 292, 
-58, -34, 24, 46, -41, -4, -68, 43, 87, -117, 312, 292, 
-58, -29, 29, 43, -43, 0, -68, 43, 87, -122, 317, 292, 
-58, -34, 24, 46, -41, -4, -68, 48, 87, -122, 317, 292, 
-53, -34, 19, 43, -36, -7, -68, 48, 87, -122, 317, 292, 
-53, -34, 19, 43, -36, -7, -68, 48, 87, -122, 317, 292, 
-53, -29, 24, 41, -39, -2, -68, 53, 107, -112, 326, 302, 
-53, -24, 29, 39, -41, 2, -58, 53, 117, -97, 331, 307, 
-34, -9, 24, 21, -29, 7, -68, 53, 136, -78, 336, 322, 
-9, 19, 29, -4, -19, 24, -82, 53, 175, -39, 366, 351, 
19, 73, 53, -46, -17, 63, -92, 43, 224, 29, 424, 390, 
39, 107, 68, -73, -14, 87, -112, 53, 287, 97, 502, 439, 
68, 136, 68, -102, 0, 102, -102, 68, 351, 156, 566, 483, 
117, 170, 53, -143, 31, 112, -87, 117, 414, 229, 649, 536, 
195, 234, 39, -214, 78, 136, -78, 175, 497, 326, 751, 610, 
297, 317, 19, -307, 139, 168, -92, 224, 605, 434, 854, 707, 
400, 405, 4, -402, 197, 204, -117, 258, 707, 556, 976, 819, 
502, 502, 0, -502, 251, 251, -156, 292, 800, 668, 1088, 932, 
614, 590, -24, -602, 319, 283, -190, 312, 868, 756, 1185, 1029, 
678, 649, -29, -663, 353, 309, -248, 273, 868, 790, 1224, 1078, 
692, 663, -29, -678, 361, 317, -297, 200, 800, 732, 1195, 1068, 
673, 663, -9, -668, 341, 326, -356, 78, 668, 614, 1098, 1010, 
624, 595, -29, -610, 326, 283, -419, -73, 468, 414, 932, 893, 
546, 419, -126, -483, 336, 146, -473, -204, 175, 136, 697, 712, 
468, 209, -258, -339, 363, -24, -512, -312, -122, -165, 429, 507, 
419, 53, -366, -236, 392, -156, -580, -424, -366, -375, 234, 356, 
366, -34, -400, -165, 383, -217, -658, -546, -551, -512, 112, 263, 
302, -126, -429, -87, 366, -278, -702, -619, -683, -610, 9, 185, 
258, -219, -478, -19, 368, -348, -702, -634, -780, -692, -73, 102, 
219, -326, -546, 53, 383, -436, -678, -610, -849, -771, -141, 29, 
190, -453, -644, 131, 417, -549, -619, -541, -893, -834, -204, -39, 
165, -551, -717, 192, 441, -634, -531, -414, -893, -873, -248, -87, 
131, -585, -717, 226, 424, -651, -439, -287, -829, -844, -234, -97, 
92, -551, -644, 229, 368, -597, -351, -180, -712, -761, -170, -73, 
63, -453, -517, 195, 290, -485, -283, -92, -556, -649, -97, -14, 
29, -336, -366, 153, 197, -351, -219, -43, -395, -522, 4, 58, 
-4, -234, -229, 119, 112, -231, -165, -14, -253, -405, 102, 141, 
-29, -165, -136, 97, 53, -151, -131, 9, -156, -322, 161, 185, 
-24, -146, -122, 85, 48, -134, -112, 39, -82, -268, 195, 229, 
-24, -107, -82, 65, 29, -95, -82, 63, -14, -214, 248, 263, 
-34, -82, -48, 58, 7, -65, -53, 78, 39, -175, 278, 278, 
-34, -78, -43, 56, 4, -61, -43, 87, 63, -151, 292, 283, 
-43, -68, -24, 56, -9, -46, -43, 87, 73, -141, 307, 283, 
-39, -58, -19, 48, -9, -39, -39, 82, 87, -131, 326, 292, 
-39, -53, -14, 46, -12, -34, -39, 82, 87, -131, 317, 292, 
-39, -53, -14, 46, -12, -34, -39, 82, 87, -131, 317, 287, 
-39, -53, -14, 46, -12, -34, -39, 82, 92, -126, 317, 287, 
-39, -53, -14, 46, -12, -34, -39, 87, 97, -126, 317, 287, 
-34, -53, -19, 43, -7, -36, -43, 78, 102, -126, 312, 287, 
-39, -53, -14, 46, -12, -34, -39, 82, 107, -122, 307, 292, 
-39, -53, -14, 46, -12, -34, -34, 82, 117, -126, 312, 297, 
-39, -48, -9, 43, -14, -29, -29, 87, 122, -122, 312, 302, 
-34, -34, 0, 34, -17, -17, -29, 87, 126, -107, 326, 302, 
-34, -34, 0, 34, -17, -17, -29, 87, 131, -107, 331, 307, 
-34, -34, 0, 34, -17, -17, -29, 87, 131, -107, 336, 307, 
-34, -29, 4, 31, -19, -12, -29, 82, 131, -107, 336, 307, 
-34, -29, 4, 31, -19, -12, -24, 87, 131, -102, 331, 317, 
-34, -29, 4, 31, -19, -12, -24, 97, 131, -102, 331, 312, 
-29, -29, 0, 29, -14, -14, -29, 102, 136, -102, 331, 312, 
-29, -29, 0, 29, -14, -14, -29, 107, 136, -102, 336, 312, 
-39, -24, 14, 31, -26, -4, -29, 97, 136, -92, 346, 312, 
-39, -24, 14, 31, -26, -4, -29, 97, 141, -92, 346, 317, 
-29, -24, 4, 26, -17, -9, -24, 97, 141, -87, 346, 317, 
-29, -24, 4, 26, -17, -9, -24, 97, 141, -87, 356, 317, 
-29, -24, 4, 26, -17, -9, -24, 97, 146, -87, 356, 317, 
-29, -24, 4, 26, -17, -9, -24, 97, 146, -87, 356, 317, 
-29, -24, 4, 26, -17, -9, -24, 97, 146, -87, 356, 317, 
-29, -24, 4, 26, -17, -9, -24, 97, 151, -87, 356, 317, 
-19, -24, -4, 21, -7, -14, -34, 107, 151, -87, 356, 317, 
-19, -24, -4, 21, -7, -14, -34, 107, 151, -87, 356, 317, 
-24, -24, 0, 24, -12, -12, -34, 107, 151, -87, 361, 322, 
-24, -19, 4, 21, -14, -7, -34, 107, 151, -82, 366, 322, 
-29, -29, 0, 29, -14, -14, -34, 97, 151, -92, 366, 322, 
-24, -29, -4, 26, -9, -17, -34, 97, 161, -87, 366, 322, 
-24, -29, -4, 26, -9, -17, -34, 107, 161, -87, 370, 326, 
-24, -19, 4, 21, -14, -7, -34, 107, 161, -87, 370, 326, 
-19, -29, -9, 24, -4, -19, -34, 107, 165, -87, 370, 317, 
-19, -34, -14, 26, -2, -24, -34, 107, 165, -87, 375, 317, 
-14, -34, -19, 24, 2, -26, -34, 112, 170, -87, 380, 322, 
-14, -34, -19, 24, 2, -26, -34, 112, 170, -87, 380, 322, 
-4, -29, -24, 17, 9, -26, -29, 112, 170, -82, 380, 322, 
-4, -24, -19, 14, 7, -21, -29, 117, 175, -78, 385, 326, 
-4, -14, -9, 9, 2, -12, -34, 117, 180, -78, 390, 326, 
-4, -14, -9, 9, 2, -12, -34, 117, 185, -68, 390, 326, 
-14, -14, 0, 14, -7, -7, -34, 122, 185, -68, 390, 336, 
-4, -14, -9, 9, 2, -12, -34, 122, 190, -68, 390, 341, 
0, -14, -14, 7, 7, -14, -34, 122, 195, -68, 390, 341, 
0, -9, -9, 4, 4, -9, -34, 126, 195, -68, 390, 346, 
4, -19, -24, 7, 14, -21, -43, 126, 190, -58, 395, 336, 
4, -14, -19, 4, 12, -17, -43, 131, 195, -58, 400, 341, 
19, -4, -24, -7, 21, -14, -43, 131, 195, -58, 400, 346, 
19, 0, -19, -9, 19, -9, -43, 136, 195, -53, 400, 346, 
9, 0, -9, -4, 9, -4, -39, 136, 204, -53, 409, 356, 
9, 0, -9, -4, 9, -4, -39, 136, 214, -43, 409, 356, 
9, 4, -4, -7, 7, 0, -39, 141, 219, -39, 409, 356, 
14, 4, -9, -9, 12, -2, -39, 151, 219, -39, 409, 361, 
24, 14, -9, -19, 17, 2, -48, 151, 224, -48, 414, 351, 
29, 24, -4, -26, 17, 9, -48, 151, 229, -39, 419, 351, 
39, 34, -4, -36, 21, 14, -48, 161, 234, -34, 424, 356, 
53, 43, -9, -48, 31, 17, -48, 165, 239, -29, 429, 361, 
39, 34, -4, -36, 21, 14, -43, 165, 248, -14, 434, 370, 
29, 39, 9, -34, 9, 24, -39, 170, 253, -4, 439, 380, 
24, 43, 19, -34, 2, 31, -34, 175, 263, 0, 444, 390, 
34, 48, 14, -41, 9, 31, -29, 180, 268, 4, 448, 400, 
29, 43, 14, -36, 7, 29, -29, 180, 263, 4, 453, 395, 
34, 48, 14, -41, 9, 31, -29, 185, 268, 14, 458, 400, 
39, 58, 19, -48, 9, 39, -29, 190, 283, 24, 468, 405, 
43, 68, 24, -56, 9, 46, -29, 195, 297, 29, 473, 409, 
48, 73, 24, -61, 12, 48, -39, 190, 307, 24, 468, 414, 
58, 82, 24, -70, 17, 53, -39, 200, 317, 34, 483, 424, 
68, 92, 24, -80, 21, 58, -39, 204, 326, 48, 488, 429, 
82, 102, 19, -92, 31, 61, -43, 209, 331, 58, 492, 434, 
97, 107, 9, -102, 43, 58, -34, 224, 341, 68, 497, 444, 
97, 112, 14, -104, 41, 63, -34, 229, 351, 78, 507, 444, 
112, 122, 9, -117, 51, 65, -34, 229, 361, 82, 517, 458, 
122, 131, 9, -126, 56, 70, -34, 239, 375, 92, 531, 468, 
112, 136, 24, -124, 43, 80, -43, 244, 385, 102, 551, 478, 
122, 146, 24, -134, 48, 85, -48, 248, 400, 112, 561, 483, 
126, 156, 29, -141, 48, 92, -48, 248, 409, 122, 570, 488, 
136, 165, 29, -151, 53, 97, -48, 253, 419, 126, 580, 492, 
146, 175, 29, -161, 58, 102, -39, 263, 424, 136, 575, 502, 
161, 185, 24, -173, 68, 104, -39, 268, 434, 146, 575, 507, 
161, 190, 29, -175, 65, 109, -43, 268, 444, 146, 580, 512, 
175, 190, 14, -183, 80, 102, -48, 268, 448, 161, 580, 517, 
175, 195, 19, -185, 78, 107, -39, 278, 458, 170, 590, 522, 
175, 204, 29, -190, 73, 117, -39, 278, 463, 170, 600, 527, 
180, 214, 34, -197, 73, 124, -43, 283, 468, 170, 605, 531, 
185, 219, 34, -202, 75, 126, -43, 283, 468, 180, 610, 536, 
190, 229, 39, -209, 75, 134, -53, 273, 473, 180, 614, 541, 
195, 234, 39, -214, 78, 136, -58, 273, 483, 185, 614, 546, 
195, 234, 39, -214, 78, 136, -58, 273, 488, 190, 619, 546, 
195, 239, 43, -217, 75, 141, -68, 268, 488, 190, 619, 551, 
209, 239, 29, -224, 90, 134, -68, 268, 473, 185, 619, 551, 
209, 239, 29, -224, 90, 134, -68, 258, 473, 185, 619, 551, 
209, 239, 29, -224, 90, 134, -73, 258, 468, 180, 614, 551, 
204, 239, 34, -222, 85, 136, -78, 253, 463, 175, 614, 551, 
195, 224, 29, -209, 82, 126, -78, 244, 463, 185, 614, 546, 
190, 219, 29, -204, 80, 124, -78, 239, 463, 175, 610, 541, 
180, 219, 39, -200, 70, 129, -78, 229, 453, 170, 605, 541, 
170, 209, 39, -190, 65, 124, -78, 219, 444, 161, 595, 536, 
156, 204, 48, -180, 53, 126, -78, 209, 424, 165, 590, 522, 
141, 195, 53, -168, 43, 124, -78, 200, 409, 151, 575, 512, 
131, 190, 58, -161, 36, 124, -82, 185, 390, 136, 561, 502, 
126, 175, 48, -151, 39, 112, -82, 175, 370, 122, 546, 492, 
112, 156, 43, -134, 34, 100, -73, 165, 356, 107, 546, 483, 
107, 141, 34, -124, 36, 87, -73, 161, 341, 92, 531, 478, 
92, 131, 39, -112, 26, 85, -73, 151, 322, 78, 517, 468, 
78, 112, 34, -95, 21, 73, -73, 141, 307, 63, 507, 463, 
73, 107, 34, -90, 19, 70, -78, 126, 297, 39, 492, 439, 
73, 92, 19, -82, 26, 56, -78, 117, 278, 29, 478, 429, 
63, 78, 14, -70, 24, 46, -78, 112, 263, 14, 468, 414, 
58, 63, 4, -61, 26, 34, -78, 102, 244, 0, 458, 405, 
43, 43, 0, -43, 21, 21, -73, 87, 219, -14, 444, 395, 
34, 34, 0, -34, 17, 17, -73, 87, 204, -29, 434, 390, 
24, 14, -9, -19, 17, 2, -73, 87, 195, -39, 419, 385, 
9, 0, -9, -4, 9, -4, -73, 82, 185, -53, 409, 370, 
19, -4, -24, -7, 21, -14, -63, 78, 175, -58, 400, 370, 
9, -14, -24, 2, 17, -19, -63, 73, 170, -63, 395, 366, 
9, -14, -24, 2, 17, -19, -63, 68, 170, -68, 390, 356, 
4, -19, -24, 7, 14, -21, -63, 68, 170, -78, 385, 351, 
-4, -34, -29, 19, 12, -31, -68, 73, 156, -87, 380, 346, 
-9, -39, -29, 24, 9, -34, -68, 68, 141, -92, 380, 336, 
-9, -39, -29, 24, 9, -34, -73, 63, 136, -102, 370, 326, 
-9, -39, -29, 24, 9, -34, -73, 63, 126, -102, 370, 322, 
-24, -48, -24, 36, 0, -36, -63, 63, 117, -102, 361, 322, 
-29, -53, -24, 41, -2, -39, -63, 58, 117, -107, 361, 317, 
-29, -63, -34, 46, 2, -48, -63, 53, 112, -107, 356, 317, 
-29, -68, -39, 48, 4, -53, -63, 53, 112, -117, 351, 322, 
-19, -63, -43, 41, 12, -53, -63, 63, 117, -117, 351, 317, 
-24, -63, -39, 43, 7, -51, -63, 58, 117, -117, 346, 312, 
-24, -68, -43, 46, 9, -56, -63, 58, 112, -122, 341, 312, 
-24, -68, -43, 46, 9, -56, -63, 58, 107, -126, 341, 312, 
-34, -73, -39, 53, 2, -56, -63, 48, 107, -126, 341, 312, 
-34, -73, -39, 53, 2, -56, -63, 48, 102, -126, 341, 312, 
-34, -73, -39, 53, 2, -56, -63, 48, 97, -126, 341, 312, 
-39, -73, -34, 56, -2, -53, -63, 53, 97, -126, 341, 312, 
-43, -73, -29, 58, -7, -51, -63, 53, 97, -126, 341, 312, 
-43, -73, -29, 58, -7, -51, -63, 53, 97, -122, 341, 312, 
-48, -73, -24, 61, -12, -48, -63, 53, 97, -122, 341, 312, 
-53, -78, -24, 65, -14, -51, -53, 53, 102, -122, 346, 312, 
-53, -78, -24, 65, -14, -51, -58, 48, 102, -131, 336, 312, 
-48, -78, -29, 63, -9, -53, -58, 48, 102, -131, 336, 312, 
-48, -78, -29, 63, -9, -53, -63, 48, 102, -131, 336, 307, 
-48, -78, -29, 63, -9, -53, -63, 48, 102, -136, 336, 302, 
-43, -82, -39, 63, -2, -61, -58, 58, 97, -126, 336, 312, 
-43, -82, -39, 63, -2, -61, -58, 58, 97, -122, 331, 312, 
-43, -87, -43, 65, 0, -65, -63, 58, 102, -122, 331, 312, 
-43, -92, -48, 68, 2, -70, -63, 58, 102, -122, 331, 312, 
-34, -82, -48, 58, 7, -65, -63, 58, 102, -122, 341, 312, 
-34, -82, -48, 58, 7, -65, -63, 58, 102, -122, 341, 312, 
-34, -82, -48, 58, 7, -65, -63, 58, 102, -122, 341, 307, 
-34, -82, -48, 58, 7, -65, -58, 58, 107, -117, 341, 302, 
-34, -73, -39, 53, 2, -56, -48, 68, 112, -112, 341, 312, 
-39, -73, -34, 56, -2, -53, -53, 73, 112, -112, 341, 312, 
-39, -73, -34, 56, -2, -53, -53, 73, 112, -112, 341, 312, 
-39, -73, -34, 56, -2, -53, -53, 73, 112, -112, 341, 312, 
-39, -73, -34, 56, -2, -53, -53, 73, 122, -112, 341, 312, 
-43, -73, -29, 58, -7, -51, -53, 68, 122, -112, 341, 312, 
-48, -73, -24, 61, -12, -48, -53, 68, 122, -112, 341, 312, 
-53, -63, -9, 58, -21, -36, -53, 68, 122, -112, 346, 312, 
-43, -63, -19, 53, -12, -41, -58, 58, 117, -122, 346, 312, 
-39, -63, -24, 51, -7, -43, -58, 68, 122, -122, 346, 312, 
-39, -63, -24, 51, -7, -43, -58, 68, 122, -117, 351, 317, 
-34, -63, -29, 48, -2, -46, -58, 63, 122, -117, 351, 317, 
-39, -63, -24, 51, -7, -43, -48, 73, 131, -107, 356, 326, 
-39, -63, -24, 51, -7, -43, -48, 78, 136, -107, 361, 326, 
-39, -63, -24, 51, -7, -43, -48, 78, 141, -102, 361, 326, 
-39, -63, -24, 51, -7, -43, -48, 78, 141, -92, 361, 331, 
-39, -68, -29, 53, -4, -48, -48, 68, 141, -102, 361, 331, 
-39, -63, -24, 51, -7, -43, -48, 68, 151, -107, 361, 331, 
-39, -63, -24, 51, -7, -43, -48, 73, 151, -107, 366, 331, 
-39, -58, -19, 48, -9, -39, -48, 73, 151, -102, 370, 336, 
-39, -63, -24, 51, -7, -43, -43, 87, 151, -102, 375, 331, 
-34, -58, -24, 46, -4, -41, -43, 87, 151, -102, 375, 336, 
-34, -58, -24, 46, -4, -41, -43, 87, 151, -97, 375, 336, 
-29, -53, -24, 41, -2, -39, -43, 87, 156, -97, 385, 336, 
-29, -48, -19, 39, -4, -34, -43, 92, 161, -82, 385, 341, 
-29, -48, -19, 39, -4, -34, -39, 87, 165, -78, 390, 351, 
-29, -39, -9, 34, -9, -24, -39, 87, 165, -78, 380, 351, 
-29, -39, -9, 34, -9, -24, -39, 87, 165, -78, 380, 351, 
-29, -39, -9, 34, -9, -24, -39, 87, 165, -78, 380, 351, 
-29, -39, -9, 34, -9, -24, -39, 87, 165, -78, 380, 351, 
-14, -29, -14, 21, 0, -21, -34, 87, 175, -73, 390, 356, 
-14, -24, -9, 19, -2, -17, -34, 92, 185, -68, 390, 356, 
-14, -24, -9, 19, -2, -17, -24, 102, 190, -68, 390, 361, 
-14, -24, -9, 19, -2, -17, -24, 102, 195, -68, 390, 361, 
-4, -29, -24, 17, 9, -26, -19, 117, 180, -73, 390, 356, 
-4, -34, -29, 19, 12, -31, -14, 122, 180, -78, 390, 356, 
-4, -34, -29, 19, 12, -31, -14, 126, 180, -78, 390, 351, 
-4, -34, -29, 19, 12, -31, -4, 126, 180, -78, 385, 351, 
-4, -43, -39, 24, 17, -41, -14, 126, 170, -78, 375, 351, 
-4, -43, -39, 24, 17, -41, -14, 122, 170, -78, 375, 351, 
-4, -48, -43, 26, 19, -46, -14, 117, 165, -82, 370, 351, 
0, -53, -53, 26, 26, -53, -14, 112, 156, -87, 366, 351, 
-4, -58, -53, 31, 24, -56, -19, 117, 161, -97, 361, 336, 
-9, -63, -53, 36, 21, -58, -24, 117, 156, -97, 361, 336, 
-19, -68, -48, 43, 14, -58, -34, 107, 151, -97, 361, 331, 
-24, -73, -48, 48, 12, -61, -34, 102, 146, -97, 356, 331, 
-14, -68, -53, 41, 19, -61, -43, 87, 126, -107, 356, 326, 
-14, -68, -53, 41, 19, -61, -63, 73, 122, -107, 356, 326, 
-14, -68, -53, 41, 19, -61, -73, 63, 112, -112, 346, 326, 
-14, -68, -53, 41, 19, -61, -78, 53, 112, -117, 346, 326, 
-14, -78, -63, 46, 24, -70, -82, 43, 117, -117, 351, 326, 
-14, -73, -58, 43, 21, -65, -97, 34, 112, -117, 351, 326, 
-14, -73, -58, 43, 21, -65, -102, 24, 102, -122, 351, 326, 
-9, -73, -63, 41, 26, -68, -102, 24, 97, -126, 346, 322, 
-9, -78, -68, 43, 29, -73, -102, 24, 97, -126, 346, 322, 
-4, -78, -73, 41, 34, -75, -107, 14, 87, -131, 346, 322, 
-4, -78, -73, 41, 34, -75, -112, 9, 87, -131, 346, 322, 
4, -68, -73, 31, 39, -70, -112, 9, 87, -131, 351, 326, 
9, -63, -73, 26, 41, -68, -117, 9, 87, -122, 346, 326, 
29, -58, -87, 14, 58, -73, -117, 14, 92, -122, 351, 331, 
34, -58, -92, 12, 63, -75, -112, 14, 92, -122, 351, 331, 
39, -63, -102, 12, 70, -82, -112, 14, 97, -122, 351, 336, 
39, -53, -92, 7, 65, -73, -102, 19, 97, -117, 356, 326, 
29, -53, -82, 12, 56, -68, -102, 34, 107, -117, 361, 331, 
29, -53, -82, 12, 56, -68, -97, 34, 107, -117, 366, 331, 
24, -53, -78, 14, 51, -65, -97, 29, 107, -117, 370, 326, 
14, -68, -82, 26, 48, -75, -92, 39, 112, -117, 370, 326, 
-9, -73, -63, 41, 26, -68, -82, 43, 112, -117, 370, 331, 
-24, -78, -53, 51, 14, -65, -78, 48, 112, -117, 370, 336, 
-34, -87, -53, 61, 9, -70, -73, 48, 112, -117, 370, 336, 
-34, -107, -73, 70, 19, -90, -68, 39, 102, -136, 346, 317, 
-39, -112, -73, 75, 17, -92, -68, 39, 97, -141, 341, 312, 
-34, -117, -82, 75, 24, -100, -68, 39, 97, -146, 336, 307, 
-19, -117, -97, 68, 39, -107, -68, 34, 97, -146, 336, 307, 
-39, -107, -68, 73, 14, -87, -68, 43, 97, -136, 341, 317, 
-43, -112, -68, 78, 12, -90, -68, 48, 97, -131, 336, 317, 
-43, -117, -73, 80, 14, -95, -68, 53, 92, -131, 336, 307, 
-39, -117, -78, 78, 19, -97, -63, 53, 87, -136, 331, 307, 
-53, -117, -63, 85, 4, -90, -53, 53, 97, -131, 341, 317, 
-58, -117, -58, 87, 0, -87, -53, 53, 97, -131, 341, 317, 
-63, -117, -53, 90, -4, -85, -53, 58, 97, -131, 341, 317, 
-78, -122, -43, 100, -17, -82, -48, 58, 102, -131, 341, 322, 
-68, -122, -53, 95, -7, -87, -48, 48, 92, -131, 336, 322, 
-68, -122, -53, 95, -7, -87, -48, 48, 92, -131, 336, 322, 
-68, -122, -53, 95, -7, -87, -48, 48, 97, -126, 336, 326, 
-68, -122, -53, 95, -7, -87, -48, 48, 97, -126, 336, 326, 
-63, -122, -58, 92, -2, -90, -58, 48, 97, -136, 336, 317, 
-58, -122, -63, 90, 2, -92, -58, 48, 97, -136, 336, 317, 
-53, -117, -63, 85, 4, -90, -58, 48, 97, -136, 331, 307, 
-43, -117, -73, 80, 14, -95, -58, 48, 97, -136, 331, 307, 
-53, -117, -63, 85, 4, -90, -58, 58, 97, -136, 336, 317, 
-58, -117, -58, 87, 0, -87, -53, 58, 97, -136, 341, 317, 
-58, -117, -58, 87, 0, -87, -53, 58, 97, -136, 341, 326, 
-58, -117, -58, 87, 0, -87, -53, 63, 97, -136, 341, 326, 
-58, -117, -58, 87, 0, -87, -43, 63, 107, -126, 341, 317, 
-58, -112, -53, 85, -2, -82, -48, 58, 107, -126, 341, 317, 
-48, -112, -63, 80, 7, -87, -48, 58, 107, -126, 341, 317, 
-48, -112, -63, 80, 7, -87, -48, 58, 107, -126, 341, 312, 
-48, -112, -63, 80, 7, -87, -48, 58, 107, -126, 341, 312, 
-53, -112, -58, 82, 2, -85, -48, 63, 107, -126, 341, 312, 
-58, -112, -53, 85, -2, -82, -48, 63, 107, -126, 341, 312, 
-58, -112, -53, 85, -2, -82, -48, 63, 107, -126, 341, 312, 
-68, -117, -48, 92, -9, -82, -48, 63, 107, -122, 346, 322, 
-68, -122, -53, 95, -7, -87, -48, 68, 107, -122, 346, 322, 
-63, -122, -58, 92, -2, -90, -48, 68, 107, -122, 346, 322, 
-63, -122, -58, 92, -2, -90, -48, 68, 107, -122, 346, 322, 
-43, -126, -82, 85, 19, -104, -39, 73, 126, -122, 356, 322, 
-43, -112, -68, 78, 12, -90, -29, 73, 146, -107, 361, 326, 
-34, -87, -53, 61, 9, -70, -39, 73, 175, -78, 385, 341, 
-9, -39, -29, 24, 9, -34, -53, 73, 214, -29, 424, 380, 
29, 14, -14, -21, 21, 0, -73, 53, 263, 39, 492, 429, 
39, 39, 0, -39, 19, 19, -82, 73, 326, 107, 551, 468, 
39, 58, 19, -48, 9, 39, -73, 117, 390, 185, 624, 522, 
97, 92, -4, -95, 51, 43, -58, 165, 453, 248, 697, 595, 
195, 165, -29, -180, 112, 68, -58, 224, 536, 336, 800, 668, 
287, 258, -29, -273, 158, 114, -63, 292, 644, 463, 912, 766, 
409, 346, -63, -378, 236, 141, -87, 336, 736, 566, 1024, 868, 
541, 434, -107, -488, 324, 163, -126, 351, 800, 649, 1117, 961, 
653, 502, -151, -578, 402, 175, -170, 351, 849, 707, 1185, 1019, 
697, 541, -156, -619, 427, 192, -229, 302, 819, 702, 1185, 1039, 
683, 546, -136, -614, 409, 204, -278, 200, 741, 624, 1137, 1019, 
644, 536, -107, -590, 375, 214, -336, 68, 600, 497, 1029, 951, 
605, 439, -165, -522, 385, 136, -409, -92, 370, 278, 834, 814, 
546, 244, -302, -395, 424, -29, -473, -234, 78, -9, 580, 624, 
448, 34, -414, -241, 431, -190, -512, -331, -190, -263, 351, 448, 
390, -82, -473, -153, 431, -278, -580, -444, -405, -434, 195, 336, 
346, -151, -497, -97, 422, -324, -658, -556, -561, -551, 102, 253, 
283, -244, -527, -19, 405, -385, -683, -619, -683, -649, 9, 175, 
229, -346, -575, 58, 402, -461, -663, -624, -761, -732, -73, 92, 
180, -453, -634, 136, 407, -544, -639, -580, -829, -790, -141, 19, 
141, -570, -712, 214, 427, -641, -580, -492, -854, -834, -185, -48, 
97, -639, -736, 270, 417, -688, -473, -366, -824, -844, -209, -78, 
63, -644, -707, 290, 385, -675, -380, -239, -741, -795, -175, -68, 
34, -580, -614, 273, 324, -597, -312, -141, -614, -702, -102, -24, 
4, -483, -488, 239, 246, -485, -234, -53, -468, -590, -19, 43, 
-19, -375, -356, 197, 168, -366, -180, -4, -326, -473, 73, 126, 
-43, -292, -248, 168, 102, -270, -136, 24, -195, -366, 161, 190, 
-48, -244, -195, 146, 73, -219, -102, 48, -107, -312, 200, 224, 
-53, -224, -170, 139, 58, -197, -73, 68, -43, -268, 234, 248, 
-63, -185, -122, 124, 29, -153, -53, 82, 14, -214, 287, 273, 
-53, -141, -87, 97, 17, -114, -34, 97, 68, -165, 326, 297, 
-53, -126, -73, 90, 9, -100, -24, 107, 102, -151, 341, 302, 
-73, -126, -53, 100, -9, -90, -24, 107, 102, -141, 346, 312, 
-68, -117, -48, 92, -9, -82, -29, 102, 117, -122, 356, 322, 
-58, -122, -63, 90, 2, -92, -29, 102, 107, -131, 351, 322, 
-58, -122, -63, 90, 2, -92, -29, 102, 107, -131, 346, 317, 
-58, -122, -63, 90, 2, -92, -29, 102, 112, -126, 341, 317, 
-58, -122, -63, 90, 2, -92, -29, 107, 117, -126, 336, 317, 
-73, -122, -48, 97, -12, -85, -24, 107, 122, -131, 336, 317, 
-78, -122, -43, 100, -17, -82, -19, 112, 126, -122, 336, 322, 
-78, -122, -43, 100, -17, -82, -14, 112, 136, -122, 346, 326, 
-78, -117, -39, 97, -19, -78, -9, 117, 141, -112, 351, 331, 
-63, -102, -39, 82, -12, -70, -9, 117, 146, -97, 366, 331, 
-63, -102, -39, 82, -12, -70, -9, 117, 151, -97, 370, 336, 
-63, -102, -39, 82, -12, -70, -9, 117, 151, -97, 375, 336, 
-63, -97, -34, 80, -14, -65, -9, 112, 151, -97, 375, 336, 
-58, -97, -39, 78, -9, -68, -14, 102, 151, -102, 366, 326, 
-53, -97, -43, 75, -4, -70, -14, 107, 151, -102, 361, 322, 
-43, -97, -53, 70, 4, -75, -19, 107, 156, -102, 356, 322, 
-39, -97, -58, 68, 9, -78, -19, 107, 156, -102, 356, 322, 
-48, -102, -53, 75, 2, -78, -9, 112, 165, -92, 366, 331, 
-58, -102, -43, 80, -7, -73, -9, 117, 170, -92, 366, 336, 
-58, -102, -43, 80, -7, -73, -4, 122, 170, -87, 366, 336, 
-68, -102, -34, 85, -17, -68, -4, 126, 170, -87, 375, 336, 
-58, -92, -34, 75, -12, -63, -4, 126, 175, -97, 375, 336, 
-58, -92, -34, 75, -12, -63, -4, 126, 175, -97, 375, 336, 
-58, -92, -34, 75, -12, -63, -4, 126, 175, -97, 375, 336, 
-58, -92, -34, 75, -12, -63, -4, 126, 180, -97, 375, 336, 
-48, -92, -43, 70, -2, -68, -14, 117, 170, -97, 375, 336, 
-48, -92, -43, 70, -2, -68, -14, 117, 170, -97, 375, 336, 
-53, -92, -39, 73, -7, -65, -14, 117, 170, -97, 380, 341, 
-53, -87, -34, 70, -9, -61, -14, 117, 170, -92, 385, 341, 
-39, -97, -58, 68, 9, -78, -14, 117, 180, -82, 385, 331, 
-34, -97, -63, 65, 14, -80, -14, 117, 190, -78, 385, 331, 
-34, -97, -63, 65, 14, -80, -14, 126, 190, -78, 390, 336, 
-34, -87, -53, 61, 9, -70, -14, 126, 190, -78, 390, 336, 
-39, -78, -39, 58, 0, -58, -14, 126, 185, -68, 390, 346, 
-39, -82, -43, 61, 2, -63, -14, 126, 185, -68, 395, 346, 
-34, -82, -48, 58, 7, -65, -14, 131, 190, -68, 400, 351, 
-34, -82, -48, 58, 7, -65, -14, 131, 190, -68, 400, 351, 
-34, -87, -53, 61, 9, -70, -19, 131, 190, -73, 400, 351, 
-34, -82, -48, 58, 7, -65, -19, 136, 195, -68, 405, 356, 
-34, -73, -39, 53, 2, -56, -24, 136, 200, -68, 409, 356, 
-34, -73, -39, 53, 2, -56, -24, 136, 204, -58, 409, 356, 
-34, -73, -39, 53, 2, -56, -24, 141, 204, -58, 400, 356, 
-24, -73, -48, 48, 12, -61, -24, 141, 209, -58, 400, 361, 
-19, -73, -53, 46, 17, -63, -24, 141, 214, -58, 400, 361, 
-19, -68, -48, 43, 14, -58, -24, 146, 214, -58, 400, 366, 
-34, -78, -43, 56, 4, -61, -24, 146, 209, -58, 405, 356, 
-34, -73, -39, 53, 2, -56, -24, 151, 214, -58, 409, 361, 
-19, -63, -43, 41, 12, -53, -24, 151, 214, -58, 409, 366, 
-19, -58, -39, 39, 9, -48, -24, 156, 214, -53, 409, 366, 
-14, -58, -43, 36, 14, -51, -19, 156, 224, -53, 419, 375, 
-9, -58, -48, 34, 19, -53, -19, 156, 234, -43, 419, 375, 
-4, -53, -48, 29, 21, -51, -19, 161, 239, -39, 419, 375, 
4, -53, -58, 24, 31, -56, -19, 170, 239, -39, 419, 380, 
4, -48, -53, 21, 29, -51, -19, 180, 253, -29, 434, 380, 
0, -43, -43, 21, 21, -43, -19, 180, 258, -19, 439, 380, 
0, -39, -39, 19, 19, -39, -19, 190, 263, -14, 444, 385, 
4, -34, -39, 14, 21, -36, -19, 195, 268, -9, 448, 390, 
4, -24, -29, 9, 17, -26, -19, 195, 268, -14, 453, 405, 
0, -19, -19, 9, 9, -19, -19, 200, 273, -4, 458, 409, 
0, -14, -14, 7, 7, -14, -19, 204, 283, 0, 463, 414, 
14, -9, -24, -2, 19, -17, -19, 209, 287, 4, 468, 419, 
19, -14, -34, -2, 26, -24, -19, 209, 292, 4, 463, 414, 
24, -9, -34, -7, 29, -21, -19, 214, 297, 14, 468, 419, 
29, 0, -29, -14, 29, -14, -19, 219, 312, 24, 478, 424, 
34, 9, -24, -21, 29, -7, -19, 224, 326, 29, 483, 429, 
43, 24, -19, -34, 31, 2, -19, 229, 336, 43, 497, 434, 
48, 34, -14, -41, 31, 9, -19, 239, 346, 53, 512, 444, 
53, 43, -9, -48, 31, 17, -19, 244, 356, 68, 517, 448, 
63, 53, -9, -58, 36, 21, -24, 248, 361, 78, 522, 453, 
58, 48, -9, -53, 34, 19, -24, 263, 361, 78, 527, 463, 
58, 53, -4, -56, 31, 24, -24, 268, 370, 87, 536, 463, 
73, 63, -9, -68, 41, 26, -24, 268, 380, 92, 546, 478, 
82, 73, -9, -78, 46, 31, -24, 278, 395, 102, 561, 488, 
87, 78, -9, -82, 48, 34, -14, 273, 395, 112, 566, 488, 
102, 87, -14, -95, 58, 36, -19, 278, 409, 122, 570, 492, 
112, 97, -14, -104, 63, 41, -19, 278, 419, 131, 575, 497, 
126, 107, -19, -117, 73, 43, -19, 283, 429, 136, 580, 502, 
131, 117, -14, -124, 73, 51, -19, 292, 434, 146, 595, 522, 
141, 126, -14, -134, 78, 56, -19, 297, 444, 156, 595, 527, 
136, 131, -4, -134, 70, 63, -24, 297, 453, 156, 600, 531, 
146, 131, -14, -139, 80, 58, -29, 297, 458, 170, 600, 536, 
156, 136, -19, -146, 87, 58, -39, 307, 458, 170, 600, 531, 
156, 146, -9, -151, 82, 68, -39, 307, 463, 170, 610, 536, 
161, 156, -4, -158, 82, 75, -43, 312, 468, 170, 614, 541, 
165, 161, -4, -163, 85, 78, -43, 312, 468, 180, 619, 546, 
161, 151, -9, -156, 85, 70, -34, 302, 473, 180, 624, 551, 
165, 156, -9, -161, 87, 73, -39, 302, 483, 185, 624, 556, 
165, 156, -9, -161, 87, 73, -39, 302, 488, 190, 629, 556, 
165, 161, -4, -163, 85, 78, -48, 297, 488, 190, 629, 561, 
165, 161, -4, -163, 85, 78, -48, 297, 492, 195, 629, 570, 
161, 161, 0, -161, 80, 80, -48, 287, 492, 195, 629, 570, 
156, 161, 4, -158, 75, 82, -53, 287, 488, 190, 624, 570, 
146, 161, 14, -153, 65, 87, -58, 283, 483, 185, 624, 570, 
161, 165, 4, -163, 78, 85, -58, 263, 468, 185, 614, 556, 
161, 161, 0, -161, 80, 80, -58, 258, 463, 175, 610, 551, 
156, 161, 4, -158, 75, 82, -58, 248, 448, 170, 605, 551, 
151, 151, 0, -151, 75, 75, -58, 239, 434, 161, 595, 546, 
141, 136, -4, -139, 73, 65, -68, 239, 424, 156, 590, 541, 
122, 126, 4, -124, 58, 65, -68, 229, 409, 141, 575, 531, 
107, 122, 14, -114, 46, 68, -73, 214, 390, 126, 561, 522, 
97, 107, 9, -102, 43, 58, -73, 204, 370, 112, 546, 512, 
87, 97, 9, -92, 39, 53, -63, 185, 356, 97, 527, 497, 
87, 82, -4, -85, 46, 39, -63, 180, 341, 82, 512, 488, 
78, 73, -4, -75, 41, 34, -63, 170, 322, 68, 497, 473, 
68, 53, -14, -61, 41, 19, -63, 161, 307, 53, 488, 463, 
43, 39, -4, -41, 24, 17, -58, 146, 297, 39, 483, 448, 
34, 24, -9, -29, 21, 7, -58, 136, 278, 29, 468, 439, 
14, 9, -4, -12, 9, 2, -58, 131, 263, 14, 458, 424, 
0, -4, -4, 2, 2, -4, -58, 122, 244, 0, 448, 414, 
-4, -14, -9, 9, 2, -12, -53, 117, 239, -4, 439, 414, 
-14, -24, -9, 19, -2, -17, -53, 117, 224, -19, 434, 409, 
-24, -43, -19, 34, -2, -31, -53, 117, 214, -29, 424, 405, 
-39, -58, -19, 48, -9, -39, -53, 112, 204, -43, 419, 390, 
-34, -63, -29, 48, -2, -46, -53, 97, 190, -58, 400, 370, 
-39, -73, -34, 56, -2, -53, -53, 92, 180, -63, 395, 366, 
-34, -73, -39, 53, 2, -56, -53, 87, 175, -68, 390, 356, 
-34, -78, -43, 56, 4, -61, -53, 87, 170, -78, 385, 351, 
-48, -92, -43, 70, -2, -68, -48, 92, 165, -78, 370, 351, 
-58, -97, -39, 78, -9, -68, -48, 87, 151, -82, 370, 346, 
-63, -97, -34, 80, -14, -65, -53, 82, 146, -92, 361, 341, 
-68, -97, -29, 82, -19, -63, -53, 82, 136, -92, 361, 341, 
-63, -97, -34, 80, -14, -65, -53, 82, 131, -92, 361, 346, 
-68, -102, -34, 85, -17, -68, -53, 78, 136, -97, 361, 336, 
-68, -112, -43, 90, -12, -78, -53, 73, 136, -97, 356, 331, 
-68, -117, -48, 92, -9, -82, -53, 73, 141, -107, 351, 331, 
-78, -122, -43, 100, -17, -82, -53, 82, 136, -107, 351, 326, 
-82, -122, -39, 102, -21, -80, -53, 78, 136, -107, 346, 322, 
-82, -126, -43, 104, -19, -85, -53, 78, 131, -112, 341, 322, 
-82, -126, -43, 104, -19, -85, -53, 78, 126, -117, 341, 322, 
-82, -131, -48, 107, -17, -90, -53, 78, 126, -117, 331, 322, 
-82, -131, -48, 107, -17, -90, -53, 78, 122, -117, 331, 322, 
-82, -131, -48, 107, -17, -90, -53, 78, 117, -117, 331, 322, 
-87, -131, -43, 109, -21, -87, -53, 82, 117, -117, 331, 322, 
-82, -131, -48, 107, -17, -90, -53, 73, 117, -117, 331, 322, 
-82, -131, -48, 107, -17, -90, -53, 73, 117, -112, 331, 322, 
-87, -131, -43, 109, -21, -87, -53, 73, 117, -112, 331, 322, 
-92, -136, -43, 114, -24, -90, -43, 73, 122, -112, 336, 322, 
-92, -136, -43, 114, -24, -90, -48, 68, 112, -122, 326, 322, 
-87, -136, -48, 112, -19, -92, -48, 68, 112, -122, 326, 322, 
-87, -136, -48, 112, -19, -92, -53, 68, 112, -122, 326, 317, 
-87, -136, -48, 112, -19, -92, -53, 68, 112, -126, 326, 312, 
-82, -126, -43, 104, -19, -85, -48, 78, 117, -126, 336, 312, 
-82, -122, -39, 102, -21, -80, -48, 78, 117, -122, 331, 312, 
-82, -122, -39, 102, -21, -80, -53, 78, 122, -122, 331, 312, 
-82, -122, -39, 102, -21, -80, -53, 78, 122, -122, 331, 312, 
-73, -122, -48, 97, -12, -85, -43, 78, 122, -122, 331, 317, 
-73, -122, -48, 97, -12, -85, -43, 78, 122, -122, 331, 322, 
-73, -122, -48, 97, -12, -85, -43, 78, 122, -122, 331, 322, 
-73, -122, -48, 97, -12, -85, -39, 78, 126, -117, 331, 322, 
-82, -122, -39, 102, -21, -80, -39, 78, 131, -112, 331, 322, 
-87, -122, -34, 104, -26, -78, -43, 82, 131, -112, 331, 322, 
-87, -122, -34, 104, -26, -78, -43, 82, 131, -112, 331, 322, 
-87, -122, -34, 104, -26, -78, -43, 82, 131, -112, 331, 322, 
-92, -122, -29, 107, -31, -75, -43, 92, 131, -102, 331, 331, 
-92, -122, -29, 107, -31, -75, -43, 87, 131, -102, 331, 331, 
-92, -122, -29, 107, -31, -75, -43, 87, 131, -102, 331, 331, 
-92, -112, -19, 102, -36, -65, -43, 87, 131, -102, 336, 331, 
-78, -112, -34, 95, -21, -73, -39, 78, 136, -102, 336, 331, 
-78, -112, -34, 95, -21, -73, -39, 87, 141, -102, 336, 331, 
-82, -112, -29, 97, -26, -70, -39, 87, 141, -97, 341, 336, 
-82, -112, -29, 97, -26, -70, -39, 82, 141, -97, 341, 336, 
-87, -102, -14, 95, -36, -58, -39, 92, 141, -87, 336, 336, 
-87, -102, -14, 95, -36, -58, -39, 97, 146, -87, 341, 336, 
-87, -102, -14, 95, -36, -58, -39, 97, 151, -82, 341, 336, 
-87, -102, -14, 95, -36, -58, -39, 97, 151, -73, 341, 341, 
-78, -107, -29, 92, -24, -68, -39, 87, 141, -82, 341, 331, 
-78, -102, -24, 90, -26, -63, -39, 87, 151, -87, 341, 331, 
-78, -102, -24, 90, -26, -63, -39, 92, 151, -87, 346, 331, 
-78, -97, -19, 87, -29, -58, -39, 92, 151, -82, 351, 336, 
-78, -102, -24, 90, -26, -63, -43, 97, 161, -82, 346, 341, 
-92, -97, -4, 95, -43, -51, -34, 97, 170, -82, 356, 356, 
-82, -87, -4, 85, -39, -46, -34, 97, 170, -87, 366, 346, 
-48, -92, -43, 70, -2, -68, -43, 97, 165, -87, 356, 346, 
-48, -97, -48, 73, 0, -73, -39, 97, 165, -78, 361, 341, 
-58, -92, -34, 75, -12, -63, -39, 107, 170, -68, 370, 351, 
-58, -87, -29, 73, -14, -58, -39, 107, 175, -68, 370, 351, 
-58, -82, -24, 70, -17, -53, -39, 107, 180, -68, 370, 351, 
-58, -78, -19, 68, -19, -48, -39, 107, 185, -68, 370, 351, 
-63, -78, -14, 70, -24, -46, -34, 117, 190, -63, 380, 366, 
-63, -73, -9, 68, -26, -41, -34, 122, 195, -58, 380, 366, 
-63, -73, -9, 68, -26, -41, -24, 131, 195, -58, 380, 370, 
-63, -73, -9, 68, -26, -41, -24, 131, 195, -58, 380, 370, 
-58, -78, -19, 68, -19, -48, -19, 126, 190, -63, 370, 366, 
-53, -82, -29, 68, -12, -56, -14, 131, 190, -68, 370, 366, 
-48, -82, -34, 65, -7, -58, -14, 136, 190, -68, 370, 361, 
-43, -82, -39, 63, -2, -61, -4, 136, 190, -68, 366, 361, 
-48, -92, -43, 70, -2, -68, 4, 141, 180, -68, 356, 351, 
-53, -92, -39, 73, -7, -65, 4, 141, 180, -68, 356, 351, 
-58, -97, -39, 78, -9, -68, 4, 141, 175, -73, 351, 351, 
-58, -102, -43, 80, -7, -73, 4, 141, 165, -78, 346, 351, 
-53, -97, -43, 75, -4, -70, -4, 126, 151, -97, 331, 346, 
-48, -102, -53, 75, 2, -78, -14, 126, 146, -97, 331, 346, 
-48, -107, -58, 78, 4, -82, -29, 117, 141, -97, 331, 341, 
-43, -112, -68, 78, 12, -90, -34, 112, 136, -97, 326, 341, 
-48, -117, -68, 82, 9, -92, -34, 97, 131, -97, 326, 346, 
-53, -117, -63, 85, 4, -90, -53, 82, 131, -97, 326, 346, 
-58, -117, -58, 87, 0, -87, -63, 73, 126, -102, 317, 346, 
-63, -117, -53, 90, -4, -85, -68, 63, 131, -107, 317, 346, 
-53, -117, -63, 85, 4, -90, -82, 53, 117, -107, 322, 336, 
-53, -112, -58, 82, 2, -85, -97, 43, 112, -107, 322, 336, 
-53, -112, -58, 82, 2, -85, -102, 34, 102, -112, 322, 336, 
-48, -112, -63, 80, 7, -87, -102, 34, 97, -117, 317, 331, 
-58, -117, -58, 87, 0, -87, -92, 43, 97, -117, 307, 341, 
-53, -117, -63, 85, 4, -90, -97, 34, 87, -122, 307, 341, 
-53, -117, -63, 85, 4, -90, -102, 29, 87, -122, 307, 341, 
-43, -107, -63, 75, 9, -85, -102, 29, 87, -122, 312, 346, 
-34, -112, -78, 73, 21, -95, -107, 39, 97, -122, 326, 346, 
-19, -107, -87, 63, 34, -97, -107, 43, 102, -122, 331, 351, 
-19, -107, -87, 63, 34, -97, -102, 43, 102, -122, 331, 351, 
-19, -112, -92, 65, 36, -102, -102, 43, 107, -122, 331, 356, 
-19, -102, -82, 61, 31, -92, -92, 39, 97, -107, 331, 346, 
-29, -102, -73, 65, 21, -87, -92, 53, 107, -107, 331, 351, 
-29, -102, -73, 65, 21, -87, -87, 53, 107, -107, 331, 351, 
-34, -102, -68, 68, 17, -85, -87, 48, 107, -107, 331, 346, 
-48, -107, -58, 78, 4, -82, -82, 48, 112, -97, 322, 351, 
-68, -112, -43, 90, -12, -78, -73, 53, 112, -97, 322, 351, 
-78, -117, -39, 97, -19, -78, -68, 58, 112, -97, 322, 351, 
-82, -126, -43, 104, -19, -85, -63, 58, 112, -97, 322, 346, 
-92, -136, -43, 114, -24, -90, -48, 68, 112, -107, 317, 346, 
-107, -141, -34, 124, -36, -87, -48, 68, 107, -112, 312, 341, 
-112, -146, -34, 129, -39, -90, -48, 68, 107, -117, 307, 336, 
-107, -146, -39, 126, -34, -92, -48, 63, 107, -117, 307, 336, 
-112, -156, -43, 134, -34, -100, -58, 53, 107, -126, 302, 326, 
-112, -161, -48, 136, -31, -104, -58, 58, 107, -122, 297, 326, 
-107, -165, -58, 136, -24, -112, -58, 63, 102, -122, 297, 317, 
-97, -165, -68, 131, -14, -117, -53, 63, 97, -126, 292, 317, 
-97, -165, -68, 131, -14, -117, -43, 73, 107, -122, 283, 317, 
-97, -165, -68, 131, -14, -117, -43, 73, 107, -122, 283, 317, 
-97, -165, -68, 131, -14, -117, -43, 78, 107, -122, 283, 317, 
-107, -170, -63, 139, -21, -117, -39, 78, 112, -122, 283, 322, 
-102, -170, -68, 136, -17, -119, -48, 68, 107, -131, 287, 312, 
-97, -170, -73, 134, -12, -122, -48, 68, 102, -131, 287, 312, 
-92, -170, -78, 131, -7, -124, -48, 68, 102, -126, 287, 317, 
-87, -170, -82, 129, -2, -126, -48, 68, 97, -126, 287, 317, 
-97, -170, -73, 134, -12, -122, -48, 68, 107, -126, 297, 326, 
-97, -170, -73, 134, -12, -122, -48, 68, 107, -126, 297, 326, 
-97, -165, -68, 131, -14, -117, -48, 68, 107, -126, 292, 317, 
-92, -165, -73, 129, -9, -119, -48, 68, 107, -126, 292, 317, 
-97, -156, -58, 126, -19, -107, -39, 78, 107, -117, 292, 326, 
-107, -156, -48, 131, -29, -102, -34, 78, 107, -117, 292, 326, 
-112, -156, -43, 134, -34, -100, -34, 78, 107, -117, 287, 336, 
-117, -156, -39, 136, -39, -97, -34, 82, 107, -117, 283, 336, 
-107, -156, -48, 131, -29, -102, -43, 73, 107, -107, 292, 326, 
-107, -151, -43, 129, -31, -97, -48, 68, 107, -107, 292, 326, 
-97, -151, -53, 124, -21, -102, -48, 68, 107, -107, 292, 326, 
-97, -151, -53, 124, -21, -102, -48, 68, 107, -107, 292, 322, 
-107, -161, -53, 134, -26, -107, -39, 68, 107, -107, 292, 331, 
-112, -161, -48, 136, -31, -104, -39, 73, 107, -107, 292, 331, 
-117, -161, -43, 139, -36, -102, -39, 73, 107, -107, 292, 331, 
-117, -161, -43, 139, -36, -102, -39, 73, 107, -107, 292, 331, 
-117, -165, -48, 141, -34, -107, -39, 73, 117, -112, 278, 331, 
-117, -170, -53, 143, -31, -112, -39, 78, 117, -112, 278, 331, 
-112, -170, -58, 141, -26, -114, -39, 78, 117, -112, 278, 331, 
-112, -170, -58, 141, -26, -114, -39, 78, 117, -112, 278, 331, 
-73, -156, -82, 114, 4, -119, -39, 92, 126, -102, 287, 331, 
-73, -141, -68, 107, -2, -104, -39, 82, 146, -97, 302, 336, 
-63, -126, -63, 95, 0, -95, -39, 82, 165, -58, 317, 351, 
-48, -78, -29, 63, -9, -53, -43, 82, 214, -9, 375, 400, 
-58, -34, 24, 46, -41, -4, -53, 92, 273, 58, 434, 458, 
-48, -9, 39, 29, -43, 14, -53, 112, 336, 126, 492, 497, 
9, 9, 0, -9, 4, 4, -53, 136, 390, 185, 556, 541, 
97, 43, -53, -70, 75, -4, -58, 185, 453, 258, 629, 595, 
204, 126, -78, -165, 141, 24, -58, 244, 546, 356, 732, 678, 
307, 229, -78, -268, 192, 75, -63, 302, 653, 473, 854, 775, 
409, 317, -92, -363, 251, 112, -78, 356, 746, 575, 966, 878, 
522, 395, -126, -458, 324, 134, -107, 390, 810, 658, 1058, 971, 
614, 453, -161, -534, 387, 146, -161, 390, 829, 697, 1107, 1029, 
649, 483, -165, -566, 407, 158, -209, 331, 790, 663, 1088, 1029, 
644, 488, -156, -566, 400, 165, -258, 219, 692, 585, 1010, 990, 
605, 458, -146, -531, 375, 156, -317, 78, 551, 448, 893, 922, 
536, 341, -195, -439, 366, 73, -390, -92, 302, 219, 688, 775, 
458, 126, -331, -292, 395, -102, -453, -234, 9, -68, 444, 566, 
390, -53, -444, -168, 417, -248, -512, -351, -239, -302, 234, 400, 
341, -141, -483, -100, 412, -312, -590, -463, -424, -453, 107, 297, 
278, -209, -488, -34, 383, -348, -658, -575, -580, -551, 14, 224, 
204, -292, -497, 43, 351, -395, -663, -610, -683, -639, -58, 156, 
151, -395, -546, 122, 348, -470, -644, -605, -761, -722, -131, 82, 
122, -522, -644, 200, 383, -583, -619, -551, -829, -790, -219, 9, 
102, -639, -741, 268, 422, -690, -541, -473, -854, -844, -273, -48, 
58, -697, -756, 319, 407, -727, -444, -336, -824, -834, -287, -68, 
14, -683, -697, 334, 356, -690, -351, -209, -732, -775, -253, -48, 
-34, -629, -595, 331, 280, -612, -283, -112, -585, -673, -170, -4, 
-53, -512, -458, 283, 202, -485, -214, -34, -429, -551, -58, 73, 
-78, -385, -307, 231, 114, -346, -161, 14, -278, -424, 43, 146, 
-92, -312, -219, 202, 63, -265, -117, 43, -165, -336, 112, 200, 
-107, -283, -175, 195, 34, -229, -82, 78, -87, -273, 161, 234, 
-122, -253, -131, 187, 4, -192, -43, 107, -14, -219, 195, 268, 
-122, -214, -92, 168, -14, -153, -24, 112, 43, -175, 229, 302, 
-122, -200, -78, 161, -21, -139, -4, 126, 78, -136, 248, 317, 
-131, -195, -63, 163, -34, -129, 4, 136, 92, -122, 263, 331, 
-122, -185, -63, 153, -29, -124, -4, 126, 102, -122, 268, 331, 
-97, -185, -87, 141, -4, -136, -19, 122, 97, -122, 268, 322, 
-87, -170, -82, 129, -2, -126, -19, 122, 107, -122, 268, 322, 
-87, -170, -82, 129, -2, -126, -19, 122, 107, -122, 268, 317, 
-87, -170, -82, 129, -2, -126, -19, 122, 112, -117, 268, 317, 
-87, -170, -82, 129, -2, -126, -19, 126, 117, -117, 268, 317, 
-97, -161, -63, 129, -17, -112, -4, 126, 122, -112, 268, 326, 
-107, -161, -53, 134, -26, -107, 0, 131, 126, -102, 268, 331, 
-112, -161, -48, 136, -31, -104, 4, 131, 136, -102, 278, 336, 
-117, -156, -39, 136, -39, -97, 9, 136, 141, -92, 283, 341, 
-112, -151, -39, 131, -36, -95, 0, 136, 146, -87, 278, 341, 
-112, -151, -39, 131, -36, -95, 0, 136, 151, -87, 283, 346, 
-112, -151, -39, 131, -36, -95, 0, 136, 151, -87, 287, 346, 
-112, -146, -34, 129, -39, -90, 0, 131, 151, -87, 287, 346, 
-112, -146, -34, 129, -39, -90, 4, 131, 151, -82, 283, 356, 
-112, -146, -34, 129, -39, -90, 4, 136, 151, -82, 283, 351, 
-107, -146, -39, 126, -34, -92, 0, 136, 156, -82, 283, 351, 
-107, -146, -39, 126, -34, -92, 0, 136, 156, -82, 287, 351, 
-97, -141, -43, 119, -26, -92, 0, 136, 156, -82, 287, 341, 
-97, -141, -43, 119, -26, -92, 0, 136, 161, -82, 287, 346, 
-87, -141, -53, 114, -17, -97, 4, 136, 161, -78, 287, 346, 
-87, -141, -53, 114, -17, -97, 4, 136, 161, -78, 297, 346, 
-92, -141, -48, 117, -21, -95, -4, 136, 165, -68, 297, 356, 
-97, -141, -43, 119, -26, -92, -4, 136, 165, -68, 297, 356, 
-102, -141, -39, 122, -31, -90, -4, 136, 165, -68, 297, 356, 
-107, -141, -34, 124, -36, -87, -4, 136, 170, -68, 297, 356, 
-97, -151, -53, 124, -21, -102, 4, 136, 170, -68, 292, 346, 
-97, -151, -53, 124, -21, -102, 4, 136, 170, -68, 287, 346, 
-102, -151, -48, 126, -26, -100, 4, 136, 170, -68, 287, 351, 
-102, -146, -43, 124, -29, -95, 4, 136, 170, -63, 287, 351, 
-97, -146, -48, 122, -24, -97, 4, 136, 161, -73, 287, 361, 
-92, -146, -53, 119, -19, -100, 4, 136, 170, -68, 287, 361, 
-92, -146, -53, 119, -19, -100, 4, 146, 170, -68, 292, 366, 
-92, -136, -43, 114, -24, -90, 4, 146, 170, -68, 292, 366, 
-78, -126, -48, 102, -14, -87, -4, 146, 185, -58, 292, 366, 
-78, -131, -53, 104, -12, -92, -4, 146, 185, -58, 297, 366, 
-73, -131, -58, 102, -7, -95, -4, 151, 190, -58, 302, 370, 
-73, -131, -58, 102, -7, -95, -4, 151, 190, -58, 302, 370, 
-78, -136, -58, 107, -9, -97, 0, 151, 190, -53, 302, 370, 
-82, -131, -48, 107, -17, -90, 0, 156, 195, -48, 307, 375, 
-87, -122, -34, 104, -26, -78, -4, 156, 200, -48, 312, 375, 
-92, -122, -29, 107, -31, -75, -4, 156, 204, -39, 312, 375, 
-82, -122, -39, 102, -21, -80, -14, 151, 195, -39, 302, 366, 
-73, -122, -48, 97, -12, -85, -14, 151, 200, -39, 302, 370, 
-68, -122, -53, 95, -7, -87, -14, 151, 204, -39, 302, 370, 
-68, -117, -48, 92, -9, -82, -14, 156, 204, -39, 302, 375, 
-73, -126, -53, 100, -9, -90, -14, 165, 209, -39, 307, 375, 
-73, -122, -48, 97, -12, -85, -14, 170, 214, -39, 312, 380, 
-58, -112, -53, 85, -2, -82, -14, 170, 214, -39, 312, 385, 
-58, -107, -48, 82, -4, -78, -14, 175, 214, -34, 312, 385, 
-68, -107, -39, 87, -14, -73, -9, 175, 224, -34, 322, 395, 
-68, -107, -39, 87, -14, -73, -9, 175, 234, -24, 322, 395, 
-68, -102, -34, 85, -17, -68, -9, 180, 239, -19, 322, 395, 
-63, -102, -39, 82, -12, -70, -9, 190, 239, -19, 322, 400, 
-58, -97, -39, 78, -9, -68, -9, 190, 244, -9, 326, 400, 
-58, -92, -34, 75, -12, -63, -9, 190, 248, 0, 331, 400, 
-53, -87, -34, 70, -9, -61, -9, 200, 253, 4, 336, 405, 
-43, -82, -39, 63, -2, -61, -9, 204, 258, 9, 341, 409, 
-43, -82, -39, 63, -2, -61, -9, 204, 268, 14, 346, 414, 
-48, -78, -29, 63, -9, -53, -9, 209, 273, 24, 351, 419, 
-48, -73, -24, 61, -12, -48, -9, 214, 283, 29, 356, 424, 
-34, -68, -34, 51, 0, -51, -9, 219, 287, 34, 361, 429, 
-19, -63, -43, 41, 12, -53, -9, 219, 287, 24, 356, 434, 
-14, -58, -43, 36, 14, -51, -9, 224, 287, 34, 361, 439, 
-9, -48, -39, 29, 14, -43, -9, 229, 297, 43, 370, 444, 
-4, -39, -34, 21, 14, -36, -9, 234, 307, 48, 375, 448, 
0, -34, -34, 17, 17, -34, -9, 239, 317, 53, 380, 453, 
9, -24, -34, 7, 21, -29, -9, 248, 326, 63, 395, 463, 
19, -14, -34, -2, 26, -24, -9, 253, 336, 78, 400, 468, 
34, -4, -39, -14, 36, -21, -14, 258, 341, 87, 405, 473, 
24, -9, -34, -7, 29, -21, -4, 273, 361, 97, 419, 492, 
19, -4, -24, -7, 21, -14, -4, 278, 370, 107, 429, 492, 
29, 4, -24, -17, 26, -9, -4, 278, 380, 112, 439, 507, 
34, 14, -19, -24, 26, -2, -4, 287, 395, 122, 453, 517, 
24, 19, -4, -21, 14, 7, -4, 292, 395, 131, 448, 517, 
34, 29, -4, -31, 19, 12, -9, 297, 409, 141, 453, 522, 
39, 39, 0, -39, 19, 19, -9, 297, 419, 151, 458, 527, 
48, 48, 0, -48, 24, 24, -9, 302, 429, 156, 463, 531, 
58, 58, 0, -58, 29, 29, -9, 312, 434, 165, 478, 541, 
73, 68, -4, -70, 39, 31, -9, 317, 444, 175, 478, 546, 
73, 73, 0, -73, 36, 36, -14, 317, 453, 175, 483, 551, 
87, 73, -14, -80, 51, 29, -19, 317, 458, 190, 483, 556, 
102, 68, -34, -85, 68, 17, -29, 307, 463, 195, 478, 551, 
107, 78, -29, -92, 68, 24, -29, 307, 463, 190, 483, 556, 
117, 87, -29, -102, 73, 29, -34, 312, 463, 185, 483, 561, 
126, 92, -34, -109, 80, 29, -34, 312, 458, 190, 483, 566, 
117, 102, -14, -109, 65, 43, -29, 312, 463, 200, 497, 570, 
117, 107, -9, -112, 63, 48, -29, 312, 473, 204, 497, 575, 
112, 107, -4, -109, 58, 51, -24, 312, 478, 209, 502, 575, 
107, 112, 4, -109, 51, 58, -29, 307, 478, 209, 502, 580, 
122, 102, -19, -112, 70, 41, -29, 317, 473, 214, 492, 590, 
122, 102, -19, -112, 70, 41, -29, 307, 473, 214, 492, 590, 
122, 102, -19, -112, 70, 41, -34, 307, 468, 209, 488, 590, 
117, 102, -14, -109, 65, 43, -39, 302, 463, 204, 488, 590, 
122, 107, -14, -114, 68, 46, -48, 292, 453, 204, 478, 585, 
122, 102, -19, -112, 70, 41, -48, 287, 453, 195, 473, 580, 
117, 102, -14, -109, 65, 43, -48, 278, 444, 190, 468, 580, 
112, 92, -19, -102, 65, 36, -48, 268, 434, 180, 458, 575, 
87, 78, -9, -82, 48, 34, -39, 248, 424, 175, 463, 570, 
63, 68, 4, -65, 29, 36, -39, 239, 409, 161, 448, 561, 
43, 63, 19, -53, 12, 41, -43, 224, 390, 146, 434, 551, 
29, 48, 19, -39, 4, 34, -43, 214, 370, 131, 419, 541, 
19, 39, 19, -29, 0, 29, -43, 204, 356, 117, 400, 517, 
19, 24, 4, -21, 7, 14, -43, 200, 341, 102, 385, 507, 
9, 14, 4, -12, 2, 9, -43, 190, 322, 87, 370, 492, 
0, -4, -4, 2, 2, -4, -43, 180, 307, 73, 361, 483, 
-19, -19, 0, 19, -9, -9, -39, 175, 292, 68, 356, 473, 
-24, -34, -9, 29, -7, -21, -39, 165, 278, 58, 341, 468, 
-39, -48, -9, 43, -14, -29, -39, 161, 268, 43, 331, 458, 
-48, -63, -14, 56, -17, -39, -39, 151, 253, 29, 322, 453, 
-43, -73, -29, 58, -7, -51, -43, 141, 239, 14, 297, 444, 
-53, -82, -29, 68, -12, -56, -43, 136, 224, 0, 287, 439, 
-63, -102, -39, 82, -12, -70, -43, 131, 214, -9, 273, 434, 
-78, -117, -39, 97, -19, -78, -43, 122, 204, -24, 263, 419, 
-78, -112, -34, 95, -21, -73, -34, 126, 200, -19, 263, 409, 
-87, -122, -34, 104, -26, -78, -34, 122, 190, -24, 258, 405, 
-87, -122, -34, 104, -26, -78, -34, 117, 185, -29, 253, 395, 
-92, -126, -34, 109, -29, -80, -34, 117, 180, -39, 248, 390, 
-92, -141, -48, 117, -21, -95, -29, 102, 175, -58, 239, 390, 
-97, -146, -48, 122, -24, -97, -29, 97, 161, -63, 234, 385, 
-97, -146, -48, 122, -24, -97, -34, 92, 156, -73, 219, 380, 
-97, -146, -48, 122, -24, -97, -34, 92, 146, -73, 214, 380, 
-102, -156, -53, 129, -24, -104, -34, 102, 136, -78, 204, 375, 
-107, -161, -53, 134, -26, -107, -34, 97, 136, -78, 204, 366, 
-107, -170, -63, 139, -21, -117, -34, 92, 131, -73, 200, 361, 
-107, -175, -68, 141, -19, -122, -34, 92, 131, -78, 195, 361, 
-107, -180, -73, 143, -17, -126, -24, 92, 126, -78, 195, 366, 
-112, -180, -68, 146, -21, -124, -24, 87, 126, -78, 190, 361, 
-112, -185, -73, 148, -19, -129, -24, 87, 122, -82, 185, 361, 
-112, -185, -73, 148, -19, -129, -24, 87, 117, -87, 185, 361, 
-107, -180, -73, 143, -17, -126, -34, 87, 117, -97, 180, 351, 
-102, -180, -78, 141, -12, -129, -34, 87, 112, -97, 175, 351, 
-97, -180, -82, 139, -7, -131, -34, 87, 107, -97, 170, 351, 
-97, -180, -82, 139, -7, -131, -34, 92, 107, -97, 165, 351, 
-112, -180, -68, 146, -21, -124, -24, 102, 117, -87, 165, 351, 
-122, -180, -58, 151, -31, -119, -24, 102, 117, -82, 165, 351, 
-136, -180, -43, 158, -46, -112, -24, 102, 117, -82, 165, 351, 
-151, -185, -34, 168, -58, -109, -14, 102, 122, -82, 170, 351, 
-141, -185, -43, 163, -48, -114, -14, 97, 122, -82, 161, 351, 
-136, -185, -48, 161, -43, -117, -19, 97, 122, -82, 161, 351, 
-136, -185, -48, 161, -43, -117, -29, 97, 122, -82, 161, 346, 
-136, -185, -48, 161, -43, -117, -34, 97, 122, -87, 161, 341, 
-126, -175, -48, 151, -39, -112, -29, 97, 117, -87, 161, 341, 
-122, -170, -48, 146, -36, -109, -29, 97, 117, -82, 156, 341, 
-117, -170, -53, 143, -31, -112, -34, 97, 122, -82, 156, 341, 
-112, -170, -58, 141, -26, -114, -34, 97, 122, -82, 156, 341, 
-122, -170, -48, 146, -36, -109, -24, 97, 131, -82, 156, 346, 
-122, -170, -48, 146, -36, -109, -24, 97, 131, -82, 156, 351, 
-122, -170, -48, 146, -36, -109, -24, 97, 131, -82, 156, 351, 
-122, -170, -48, 146, -36, -109, -19, 97, 136, -78, 156, 351, 
-131, -180, -48, 156, -41, -114, -19, 107, 141, -73, 146, 361, 
-136, -180, -43, 158, -46, -112, -24, 112, 141, -73, 146, 361, 
-136, -180, -43, 158, -46, -112, -24, 112, 141, -73, 146, 361, 
-136, -180, -43, 158, -46, -112, -24, 112, 141, -73, 146, 361, 
-131, -170, -39, 151, -46, -104, -24, 112, 141, -73, 146, 370, 
-131, -170, -39, 151, -46, -104, -24, 107, 141, -73, 146, 370, 
-131, -170, -39, 151, -46, -104, -24, 107, 141, -73, 146, 370, 
-131, -161, -29, 146, -51, -95, -24, 107, 141, -73, 151, 370, 
-117, -170, -53, 143, -31, -112, -29, 97, 136, -63, 146, 361, 
-117, -170, -53, 143, -31, -112, -29, 107, 141, -63, 141, 361, 
-122, -170, -48, 146, -36, -109, -29, 107, 141, -58, 141, 366, 
-122, -170, -48, 146, -36, -109, -29, 102, 141, -58, 136, 366, 
-117, -161, -43, 139, -36, -102, -29, 102, 141, -68, 136, 366, 
-117, -161, -43, 139, -36, -102, -29, 107, 146, -68, 136, 366, 
-117, -161, -43, 139, -36, -102, -29, 107, 151, -63, 131, 366, 
-117, -161, -43, 139, -36, -102, -29, 107, 151, -53, 126, 370, 
-126, -156, -29, 141, -48, -92, -19, 107, 151, -43, 126, 370, 
-126, -151, -24, 139, -51, -87, -19, 107, 161, -48, 126, 370, 
-126, -151, -24, 139, -51, -87, -19, 112, 161, -48, 131, 370, 
-126, -146, -19, 136, -53, -82, -19, 112, 161, -43, 136, 375, 
-136, -151, -14, 143, -61, -82, -14, 117, 170, -43, 131, 380, 
-141, -146, -4, 143, -68, -75, -14, 117, 170, -43, 131, 385, 
-131, -156, -24, 143, -53, -90, -14, 117, 170, -39, 122, 385, 
-117, -151, -34, 134, -41, -92, -14, 117, 175, -29, 122, 385, 
-107, -146, -39, 126, -34, -92, -9, 117, 175, -29, 117, 380, 
-97, -136, -39, 117, -29, -87, -9, 126, 185, -29, 117, 390, 
-97, -136, -39, 117, -29, -87, -9, 126, 185, -29, 117, 390, 
-97, -136, -39, 117, -29, -87, -9, 126, 185, -29, 117, 390, 
-97, -136, -39, 117, -29, -87, -9, 126, 185, -29, 117, 390, 
-92, -126, -34, 109, -29, -80, -14, 126, 190, -24, 117, 395, 
-92, -122, -29, 107, -31, -75, -14, 131, 195, -19, 117, 395, 
-92, -122, -29, 107, -31, -75, -4, 141, 195, -19, 117, 400, 
-92, -122, -29, 107, -31, -75, -4, 141, 195, -19, 117, 400, 
-92, -136, -43, 114, -24, -90, 0, 146, 190, -24, 107, 395, 
-92, -141, -48, 117, -21, -95, 4, 151, 190, -29, 107, 395, 
-92, -141, -48, 117, -21, -95, 4, 156, 190, -29, 107, 390, 
-92, -141, -48, 117, -21, -95, 14, 156, 190, -29, 102, 390, 
-92, -141, -48, 117, -21, -95, 14, 161, 180, -29, 97, 390, 
-92, -141, -48, 117, -21, -95, 14, 161, 180, -29, 92, 390, 
-92, -146, -53, 119, -19, -100, 14, 161, 175, -34, 82, 390, 
-87, -151, -63, 119, -12, -107, 14, 161, 165, -39, 73, 390, 
-97, -156, -58, 126, -19, -107, 0, 146, 161, -48, 58, 375, 
-97, -161, -63, 129, -17, -112, -4, 146, 156, -48, 58, 375, 
-102, -165, -63, 134, -19, -114, -14, 136, 151, -48, 58, 370, 
-102, -170, -68, 136, -17, -119, -14, 131, 146, -48, 53, 370, 
-107, -175, -68, 141, -19, -122, -24, 117, 136, -68, 43, 375, 
-112, -175, -63, 143, -24, -119, -43, 102, 131, -68, 43, 375, 
-117, -175, -58, 146, -29, -117, -53, 92, 122, -73, 34, 375, 
-122, -175, -53, 148, -34, -114, -58, 82, 122, -78, 34, 375, 
-112, -175, -63, 143, -24, -119, -53, 73, 117, -68, 29, 375, 
-112, -170, -58, 141, -26, -114, -68, 63, 112, -68, 29, 375, 
-112, -170, -58, 141, -26, -114, -73, 53, 102, -73, 29, 375, 
-107, -170, -63, 139, -21, -117, -73, 53, 97, -78, 24, 370, 
-92, -175, -82, 134, -4, -129, -82, 43, 97, -78, 14, 361, 
-82, -175, -92, 129, 4, -134, -87, 34, 87, -82, 14, 361, 
-78, -175, -97, 126, 9, -136, -92, 29, 87, -82, 14, 361, 
-63, -165, -102, 114, 19, -134, -92, 29, 87, -82, 19, 366, 
-78, -170, -92, 124, 7, -131, -87, 34, 87, -82, 19, 375, 
-68, -165, -97, 117, 14, -131, -87, 43, 92, -82, 19, 380, 
-73, -165, -92, 119, 9, -129, -82, 48, 92, -82, 14, 380, 
-78, -170, -92, 124, 7, -131, -82, 53, 97, -82, 9, 385, 
-78, -170, -92, 124, 7, -131, -73, 58, 97, -68, 9, 385, 
-87, -170, -82, 129, -2, -126, -73, 73, 107, -68, 9, 390, 
-87, -170, -82, 129, -2, -126, -68, 73, 107, -68, 9, 390, 
-92, -170, -78, 131, -7, -124, -68, 68, 107, -68, 9, 385, 
-97, -175, -78, 136, -9, -126, -53, 58, 112, -78, 4, 370, 
-117, -180, -63, 148, -26, -122, -43, 63, 112, -78, 0, 370, 
-126, -185, -58, 156, -34, -122, -39, 68, 112, -78, -4, 370, 
-131, -195, -63, 163, -34, -129, -34, 68, 112, -78, -9, 366, 
-146, -204, -58, 175, -43, -131, -39, 68, 102, -87, -34, 366, 
-156, -209, -53, 183, -51, -131, -39, 68, 97, -92, -39, 361, 
-156, -214, -58, 185, -48, -136, -39, 68, 97, -97, -43, 356, 
-146, -214, -68, 180, -39, -141, -39, 63, 97, -97, -43, 356, 
-146, -204, -58, 175, -43, -131, -29, 73, 97, -97, -48, 366, 
-151, -209, -58, 180, -46, -134, -29, 78, 97, -92, -53, 366, 
-151, -214, -63, 183, -43, -139, -29, 82, 92, -92, -53, 356, 
-146, -214, -68, 180, -39, -141, -24, 82, 87, -97, -58, 356, 
-126, -214, -87, 170, -19, -151, -29, 78, 78, -102, -63, 351, 
-117, -214, -97, 165, -9, -156, -34, 73, 78, -102, -68, 346, 
-107, -214, -107, 161, 0, -161, -39, 73, 78, -102, -73, 341, 
-107, -219, -112, 163, 2, -165, -39, 68, 82, -102, -78, 341, 
-122, -219, -97, 170, -12, -158, -34, 73, 87, -97, -63, 351, 
-136, -219, -82, 178, -26, -151, -29, 78, 92, -92, -63, 351, 
-151, -219, -68, 185, -41, -143, -24, 82, 102, -82, -63, 356, 
-165, -219, -53, 192, -56, -136, -19, 87, 107, -78, -63, 356, 
-175, -219, -43, 197, -65, -131, -19, 87, 107, -87, -63, 366, 
-175, -219, -43, 197, -65, -131, -19, 87, 107, -87, -63, 366, 
-175, -214, -39, 195, -68, -126, -19, 87, 107, -87, -68, 356, 
-170, -214, -43, 192, -63, -129, -19, 87, 107, -87, -68, 356, 
-161, -214, -53, 187, -53, -134, -29, 78, 97, -87, -68, 346, 
-165, -214, -48, 190, -58, -131, -24, 78, 97, -87, -68, 346, 
-165, -214, -48, 190, -58, -131, -24, 78, 97, -87, -73, 356, 
-165, -214, -48, 190, -58, -131, -24, 82, 97, -87, -78, 356, 
-156, -214, -58, 185, -48, -136, -14, 92, 107, -87, -78, 356, 
-156, -209, -53, 183, -51, -131, -19, 87, 107, -87, -78, 356, 
-146, -209, -63, 178, -41, -136, -19, 87, 107, -87, -78, 356, 
-146, -209, -63, 178, -41, -136, -19, 87, 107, -87, -78, 351, 
-136, -209, -73, 173, -31, -141, -19, 78, 97, -87, -82, 351, 
-141, -209, -68, 175, -36, -139, -19, 82, 97, -87, -87, 351, 
-146, -209, -63, 178, -41, -136, -19, 82, 97, -87, -92, 351, 
-146, -209, -63, 178, -41, -136, -19, 82, 97, -87, -97, 351, 
-136, -204, -68, 170, -34, -136, -29, 82, 87, -87, -102, 341, 
-136, -209, -73, 173, -31, -141, -29, 87, 87, -92, -102, 341, 
-131, -209, -78, 170, -26, -143, -29, 87, 87, -97, -102, 341, 
-131, -209, -78, 170, -26, -143, -29, 87, 87, -102, -102, 341, 
-122, -204, -82, 163, -19, -143, -19, 92, 107, -82, -92, 341, 
-122, -200, -78, 161, -21, -139, -9, 92, 126, -68, -87, 356, 
-122, -185, -63, 153, -29, -124, -9, 92, 165, -29, -63, 380, 
-126, -146, -19, 136, -53, -82, -14, 102, 214, 29, -4, 429, 
-126, -112, 14, 119, -70, -48, -34, 112, 273, 97, 53, 478, 
-87, -78, 9, 82, -48, -34, -34, 131, 317, 156, 112, 517, 
-39, -39, 0, 39, -19, -19, -34, 156, 361, 204, 165, 561, 
29, 14, -14, -21, 21, 0, -29, 214, 424, 268, 239, 614, 
117, 78, -39, -97, 78, 19, -29, 283, 517, 366, 331, 697, 
239, 161, -78, -200, 158, 41, -43, 331, 624, 473, 444, 805, 
361, 239, -122, -300, 241, 58, -68, 385, 717, 575, 556, 897, 
473, 307, -165, -390, 319, 70, -87, 419, 771, 649, 629, 971, 
585, 366, -219, -475, 402, 73, -141, 419, 800, 688, 668, 1019, 
649, 414, -234, -531, 441, 90, -190, 351, 761, 673, 668, 1039, 
634, 419, -214, -527, 424, 102, -239, 248, 683, 605, 600, 1010, 
595, 390, -204, -492, 400, 92, -297, 107, 531, 458, 483, 932, 
527, 283, -244, -405, 385, 19, -370, -63, 302, 248, 287, 795, 
429, 107, -322, -268, 375, -107, -424, -204, 29, -29, 53, 605, 
341, -63, -405, -139, 373, -234, -463, -322, -219, -253, -156, 439, 
283, -170, -453, -56, 368, -312, -551, -453, -405, -405, -302, 336, 
219, -258, -478, 19, 348, -368, -629, -566, -561, -512, -395, 253, 
146, -351, -497, 102, 322, -424, -644, -610, -663, -610, -468, 185, 
102, -453, -556, 175, 329, -505, -624, -595, -741, -683, -551, 112, 
82, -561, -644, 239, 363, -602, -610, -570, -819, -751, -629, 39, 
43, -668, -712, 312, 378, -690, -551, -502, -863, -795, -683, -29, 
0, -736, -736, 368, 368, -736, -444, -375, -834, -795, -688, -48, 
-43, -732, -688, 387, 322, -710, -351, -239, -751, -756, -663, -29, 
-82, -668, -585, 375, 251, -627, -273, -131, -624, -663, -590, 14, 
-122, -561, -439, 341, 158, -500, -204, -34, -458, -531, -488, 92, 
-146, -444, -297, 295, 75, -370, -151, 14, -307, -414, -385, 175, 
-151, -361, -209, 256, 29, -285, -107, 43, -185, -326, -317, 229, 
-156, -322, -165, 239, 4, -244, -73, 68, -117, -263, -278, 263, 
-151, -302, -151, 226, 0, -226, -43, 97, -43, -209, -244, 287, 
-151, -273, -122, 212, -14, -197, -24, 112, 14, -165, -200, 312, 
-141, -239, -97, 190, -21, -168, -4, 117, 48, -126, -180, 326, 
-112, -214, -102, 163, -4, -158, -4, 117, 63, -122, -175, 322, 
-112, -204, -92, 158, -9, -148, -4, 117, 73, -112, -170, 331, 
-126, -204, -78, 165, -24, -141, 0, 122, 78, -102, -161, 331, 
-136, -200, -63, 168, -36, -131, 9, 131, 87, -102, -161, 336, 
-146, -200, -53, 173, -46, -126, 9, 131, 87, -102, -161, 336, 
-156, -200, -43, 178, -56, -122, 9, 131, 92, -97, -161, 341, 
-165, -200, -34, 183, -65, -117, 9, 136, 97, -97, -161, 346, 
-161, -209, -48, 185, -56, -129, 14, 136, 112, -92, -170, 346, 
-165, -209, -43, 187, -61, -126, 19, 141, 117, -82, -170, 351, 
-165, -209, -43, 187, -61, -126, 24, 141, 126, -82, -161, 356, 
-165, -204, -39, 185, -63, -122, 29, 146, 131, -73, -156, 361, 
-151, -190, -39, 170, -56, -114, 19, 136, 126, -68, -161, 361, 
-151, -190, -39, 170, -56, -114, 19, 136, 131, -68, -156, 366, 
-151, -190, -39, 170, -56, -114, 19, 136, 131, -68, -151, 366, 
-151, -185, -34, 168, -58, -109, 19, 131, 131, -68, -151, 366, 
-151, -185, -34, 168, -58, -109, 14, 131, 122, -63, -156, 375, 
-151, -185, -34, 168, -58, -109, 14, 136, 122, -63, -156, 370, 
-146, -185, -39, 165, -53, -112, 9, 136, 126, -63, -156, 370, 
-146, -185, -39, 165, -53, -112, 9, 136, 126, -63, -151, 370, 
-136, -180, -43, 158, -46, -112, 19, 136, 136, -63, -161, 361, 
-136, -180, -43, 158, -46, -112, 19, 136, 141, -63, -161, 366, 
-126, -180, -53, 153, -36, -117, 24, 136, 141, -58, -161, 366, 
-126, -180, -53, 153, -36, -117, 24, 136, 141, -58, -151, 366, 
-117, -170, -53, 143, -31, -112, 19, 136, 136, -58, -151, 366, 
-117, -170, -53, 143, -31, -112, 14, 136, 136, -58, -151, 366, 
-117, -170, -53, 143, -31, -112, 9, 136, 136, -58, -151, 366, 
-117, -170, -53, 143, -31, -112, 4, 136, 141, -58, -151, 366, 
-131, -170, -39, 151, -46, -104, 14, 146, 151, -58, -141, 375, 
-136, -170, -34, 153, -51, -102, 14, 146, 151, -58, -141, 375, 
-146, -170, -24, 158, -61, -97, 14, 146, 151, -58, -136, 380, 
-151, -165, -14, 158, -68, -90, 14, 146, 151, -53, -131, 380, 
-146, -165, -19, 156, -63, -92, 14, 146, 141, -53, -141, 370, 
-141, -165, -24, 153, -58, -95, 14, 146, 151, -48, -141, 370, 
-141, -165, -24, 153, -58, -95, 14, 156, 151, -48, -136, 375, 
-141, -156, -14, 148, -63, -85, 14, 156, 151, -48, -136, 375, 
-126, -165, -39, 146, -43, -102, 14, 156, 165, -58, -141, 375, 
-126, -170, -43, 148, -41, -107, 14, 156, 165, -58, -141, 375, 
-122, -170, -48, 146, -36, -109, 14, 161, 170, -58, -141, 380, 
-122, -170, -48, 146, -36, -109, 14, 161, 170, -58, -146, 380, 
-122, -175, -53, 148, -34, -114, 9, 161, 161, -53, -146, 380, 
-122, -170, -48, 146, -36, -109, 9, 165, 165, -48, -141, 385, 
-122, -161, -39, 141, -41, -100, 4, 165, 170, -48, -136, 385, 
-122, -161, -39, 141, -41, -100, 4, 165, 175, -39, -136, 385, 
-122, -156, -34, 139, -43, -95, 4, 161, 175, -39, -136, 385, 
-112, -151, -39, 131, -36, -95, 4, 161, 180, -39, -136, 390, 
-107, -146, -39, 126, -34, -92, 4, 161, 185, -39, -136, 390, 
-107, -136, -29, 122, -39, -82, 4, 165, 185, -39, -136, 395, 
-102, -146, -43, 124, -29, -95, 4, 165, 190, -29, -131, 395, 
-102, -141, -39, 122, -31, -90, 4, 170, 195, -29, -126, 400, 
-87, -131, -43, 109, -21, -87, 4, 170, 195, -29, -126, 405, 
-87, -126, -39, 107, -24, -82, 4, 175, 195, -24, -126, 405, 
-87, -126, -39, 107, -24, -82, 9, 185, 195, -24, -126, 405, 
-87, -126, -39, 107, -24, -82, 9, 185, 204, -14, -126, 405, 
-87, -122, -34, 104, -26, -78, 9, 190, 209, -9, -126, 405, 
-82, -122, -39, 102, -21, -80, 9, 200, 209, -9, -126, 409, 
-87, -117, -29, 102, -29, -73, 9, 200, 214, -9, -122, 400, 
-87, -112, -24, 100, -31, -68, 9, 200, 219, 0, -117, 400, 
-82, -107, -24, 95, -29, -65, 9, 209, 224, 4, -112, 405, 
-73, -102, -29, 87, -21, -65, 9, 214, 229, 9, -107, 409, 
-63, -102, -39, 82, -12, -70, 0, 204, 229, 4, -112, 414, 
-68, -97, -29, 82, -19, -63, 0, 209, 234, 14, -107, 419, 
-68, -92, -24, 80, -21, -58, 0, 214, 244, 19, -102, 424, 
-53, -87, -34, 70, -9, -61, 0, 219, 248, 24, -97, 429, 
-48, -82, -34, 65, -7, -58, 0, 229, 253, 29, -92, 444, 
-43, -78, -34, 61, -4, -56, 0, 234, 258, 43, -87, 448, 
-39, -68, -29, 53, -4, -48, 0, 239, 273, 58, -78, 453, 
-34, -58, -24, 46, -4, -41, 0, 244, 287, 68, -73, 458, 
-39, -53, -14, 46, -12, -34, 9, 248, 307, 73, -68, 473, 
-39, -43, -4, 41, -17, -24, 9, 258, 317, 82, -53, 483, 
-39, -34, 4, 36, -21, -14, 9, 263, 326, 97, -48, 488, 
-34, -24, 9, 29, -21, -7, 4, 268, 331, 107, -43, 492, 
-24, -9, 14, 17, -19, 2, -4, 273, 331, 117, -48, 502, 
-19, -4, 14, 12, -17, 4, -4, 278, 341, 126, -39, 502, 
0, 4, 4, -2, -2, 4, -4, 278, 351, 131, -29, 517, 
14, 14, 0, -14, 7, 7, -4, 287, 366, 141, -14, 527, 
24, 19, -4, -21, 14, 7, 4, 302, 370, 146, -19, 531, 
34, 29, -4, -31, 19, 12, 0, 307, 380, 151, -14, 531, 
39, 39, 0, -39, 19, 19, 0, 307, 385, 156, -9, 531, 
48, 48, 0, -48, 24, 24, 0, 312, 390, 156, -4, 531, 
58, 58, 0, -58, 29, 29, -9, 312, 395, 156, -9, 541, 
73, 68, -4, -70, 39, 31, -9, 317, 405, 165, -9, 546, 
73, 73, 0, -73, 36, 36, -14, 317, 414, 165, -4, 551, 
87, 73, -14, -80, 51, 29, -19, 317, 419, 180, -4, 556, 
97, 78, -19, -87, 58, 29, -19, 317, 419, 200, 4, 561, 
97, 87, -9, -92, 53, 39, -19, 317, 424, 200, 14, 566, 
102, 97, -4, -100, 53, 46, -24, 322, 429, 200, 19, 570, 
107, 102, -4, -104, 56, 48, -24, 322, 429, 209, 24, 575, 
97, 92, -4, -95, 51, 43, -14, 322, 434, 209, 19, 580, 
97, 97, 0, -97, 48, 48, -19, 322, 444, 214, 19, 585, 
92, 97, 4, -95, 43, 51, -19, 322, 448, 219, 24, 585, 
87, 102, 14, -95, 36, 58, -29, 317, 448, 219, 24, 590, 
102, 102, 0, -102, 51, 51, -29, 307, 444, 214, 14, 590, 
102, 102, 0, -102, 51, 51, -29, 297, 444, 214, 14, 590, 
102, 102, 0, -102, 51, 51, -34, 297, 439, 209, 9, 590, 
97, 102, 4, -100, 46, 53, -39, 292, 434, 204, 9, 590, 
97, 107, 9, -102, 43, 58, -39, 283, 414, 214, 0, 575, 
92, 102, 9, -97, 41, 56, -39, 278, 414, 204, -4, 570, 
82, 102, 19, -92, 31, 61, -39, 268, 405, 200, -9, 570, 
73, 92, 19, -82, 26, 56, -39, 258, 395, 190, -19, 566, 
58, 87, 29, -73, 14, 58, -39, 258, 380, 175, -34, 561, 
43, 78, 34, -61, 4, 56, -39, 248, 370, 161, -48, 551, 
34, 73, 39, -53, -2, 56, -43, 234, 356, 146, -63, 541, 
29, 58, 29, -43, 0, 43, -43, 224, 341, 131, -78, 531, 
4, 39, 34, -21, -14, 36, -34, 204, 326, 126, -87, 517, 
0, 24, 24, -12, -12, 24, -34, 200, 312, 112, -102, 507, 
-14, 14, 29, 0, -21, 21, -34, 190, 292, 97, -117, 492, 
-29, -4, 24, 17, -26, 9, -34, 180, 278, 82, -126, 483, 
-29, -19, 9, 24, -19, -4, -39, 165, 268, 68, -151, 478, 
-34, -34, 0, 34, -17, -17, -39, 156, 248, 58, -165, 468, 
-48, -48, 0, 48, -24, -24, -39, 151, 234, 43, -175, 453, 
-58, -63, -4, 61, -26, -34, -39, 141, 214, 29, -185, 444, 
-63, -68, -4, 65, -29, -36, -34, 126, 200, 14, -200, 424, 
-73, -73, 0, 73, -36, -36, -34, 126, 185, 0, -209, 419, 
-82, -87, -4, 85, -39, -46, -34, 126, 175, -9, -224, 414, 
-97, -97, 0, 97, -48, -48, -34, 122, 165, -24, -234, 400, 
-87, -102, -14, 95, -36, -58, -43, 107, 151, -29, -244, 400, 
-97, -112, -14, 104, -41, -63, -43, 102, 141, -34, -248, 395, 
-97, -112, -14, 104, -41, -63, -43, 97, 136, -39, -253, 385, 
-102, -117, -14, 109, -43, -65, -43, 97, 131, -48, -258, 380, 
-122, -131, -9, 126, -56, -70, -29, 102, 136, -53, -263, 380, 
-126, -136, -9, 131, -58, -73, -29, 97, 122, -53, -263, 375, 
-126, -136, -9, 131, -58, -73, -34, 92, 117, -58, -273, 370, 
-126, -136, -9, 131, -58, -73, -34, 92, 107, -53, -273, 370, 
-141, -136, 4, 139, -73, -65, -34, 92, 97, -73, -283, 366, 
-146, -141, 4, 143, -75, -68, -34, 87, 97, -78, -283, 356, 
-146, -151, -4, 148, -70, -78, -34, 82, 92, -78, -287, 351, 
-146, -156, -9, 151, -68, -82, -34, 82, 92, -87, -292, 351, 
-146, -151, -4, 148, -70, -78, -34, 82, 87, -78, -292, 356, 
-151, -151, 0, 151, -75, -75, -34, 78, 87, -78, -297, 351, 
-151, -156, -4, 153, -73, -80, -34, 78, 82, -82, -302, 351, 
-151, -156, -4, 153, -73, -80, -34, 78, 78, -87, -302, 351, 
-146, -151, -4, 148, -70, -78, -43, 68, 78, -87, -302, 341, 
-141, -151, -9, 146, -65, -80, -43, 68, 73, -87, -302, 341, 
-136, -151, -14, 143, -61, -82, -43, 68, 68, -87, -302, 341, 
-136, -151, -14, 143, -61, -82, -43, 73, 68, -87, -302, 341, 
-151, -141, 9, 146, -80, -65, -34, 82, 78, -87, -302, 341, 
-151, -141, 9, 146, -80, -65, -34, 82, 78, -82, -302, 341, 
-156, -141, 14, 148, -85, -63, -34, 82, 78, -82, -302, 341, 
-161, -146, 14, 153, -87, -65, -24, 82, 82, -82, -297, 341, 
-170, -151, 19, 161, -95, -65, -19, 78, 73, -92, -302, 341, 
-165, -156, 9, 161, -87, -73, -19, 78, 73, -92, -307, 341, 
-165, -161, 4, 163, -85, -78, -24, 78, 73, -92, -312, 336, 
-165, -165, 0, 165, -82, -82, -24, 78, 73, -97, -317, 331, 
-170, -165, 4, 168, -87, -80, -19, 82, 68, -97, -317, 331, 
-170, -161, 9, 165, -90, -75, -19, 87, 68, -92, -322, 331, 
-170, -161, 9, 165, -90, -75, -24, 92, 73, -92, -322, 331, 
-170, -161, 9, 165, -90, -75, -24, 97, 73, -92, -322, 331, 
-156, -151, 4, 153, -80, -73, -24, 87, 73, -92, -312, 336, 
-151, -151, 0, 151, -75, -75, -24, 87, 73, -92, -312, 341, 
-146, -151, -4, 148, -70, -78, -24, 87, 73, -92, -312, 341, 
-141, -151, -9, 146, -65, -80, -19, 87, 78, -87, -312, 341, 
-151, -151, 0, 151, -75, -75, -19, 87, 82, -82, -312, 341, 
-156, -151, 4, 153, -80, -73, -24, 92, 82, -82, -312, 341, 
-156, -151, 4, 153, -80, -73, -24, 92, 82, -82, -312, 341, 
-156, -151, 4, 153, -80, -73, -24, 92, 82, -82, -312, 341, 
-141, -141, 0, 141, -70, -70, -34, 92, 82, -82, -312, 341, 
-141, -141, 0, 141, -70, -70, -34, 87, 82, -82, -312, 341, 
-141, -141, 0, 141, -70, -70, -34, 87, 82, -82, -312, 341, 
-141, -131, 9, 136, -75, -61, -34, 87, 82, -82, -307, 341, 
-136, -131, 4, 134, -70, -63, -29, 78, 87, -82, -307, 341, 
-136, -131, 4, 134, -70, -63, -29, 87, 92, -82, -307, 341, 
-141, -131, 9, 136, -75, -61, -29, 87, 92, -78, -302, 346, 
-141, -131, 9, 136, -75, -61, -29, 82, 92, -78, -302, 346, 
-141, -122, 19, 131, -80, -51, -29, 92, 102, -68, -297, 356, 
-146, -122, 24, 134, -85, -48, -29, 97, 107, -68, -292, 356, 
-151, -122, 29, 136, -90, -46, -29, 97, 112, -63, -292, 356, 
-156, -122, 34, 139, -95, -43, -29, 97, 112, -53, -292, 361, 
-151, -126, 24, 139, -87, -51, -29, 87, 102, -63, -292, 351, 
-146, -122, 24, 134, -85, -48, -29, 87, 112, -68, -292, 351, 
-141, -122, 19, 131, -80, -51, -29, 92, 112, -68, -287, 351, 
-136, -117, 19, 126, -78, -48, -29, 92, 112, -63, -283, 356, 
-117, -102, 14, 109, -65, -43, -34, 87, 102, -63, -297, 361, 
-102, -97, 4, 100, -53, -46, -43, 87, 112, -53, -287, 366, 
-112, -97, 14, 104, -63, -41, -34, 87, 112, -48, -287, 366, 
-117, -92, 24, 104, -70, -34, -24, 97, 117, -48, -287, 356, 
-126, -97, 29, 112, -78, -34, -19, 107, 136, -48, -273, 370, 
-117, -87, 29, 102, -73, -29, -19, 107, 136, -48, -273, 370, 
-117, -87, 29, 102, -73, -29, -19, 107, 136, -48, -273, 370, 
-117, -87, 29, 102, -73, -29, -19, 107, 136, -48, -273, 370, 
-117, -87, 29, 102, -73, -29, -19, 107, 136, -48, -273, 370, 
-117, -87, 29, 102, -73, -29, -14, 107, 141, -43, -273, 375, 
-122, -82, 39, 102, -80, -21, -14, 112, 146, -39, -273, 375, 
-126, -82, 43, 104, -85, -19, -4, 122, 146, -39, -273, 380, 
-131, -82, 48, 107, -90, -17, -4, 122, 146, -39, -273, 380, 
-122, -87, 34, 104, -78, -26, 0, 126, 131, -43, -283, 366, 
-122, -92, 29, 107, -75, -31, 4, 131, 131, -48, -283, 366, 
-122, -92, 29, 107, -75, -31, 4, 136, 131, -48, -283, 361, 
-122, -92, 29, 107, -75, -31, 14, 136, 131, -48, -287, 361, 
-117, -92, 24, 104, -70, -34, 4, 141, 131, -48, -287, 361, 
-112, -92, 19, 102, -65, -36, 4, 141, 131, -48, -287, 361, 
-107, -97, 9, 102, -58, -43, 4, 141, 126, -53, -292, 361, 
-97, -102, -4, 100, -46, -53, 4, 141, 117, -58, -297, 361, 
-97, -97, 0, 97, -48, -48, -9, 126, 107, -78, -307, 346, 
-97, -102, -4, 100, -46, -53, -14, 126, 97, -78, -312, 346, 
-102, -107, -4, 104, -48, -56, -24, 117, 87, -78, -317, 341, 
-102, -112, -9, 107, -46, -61, -24, 112, 78, -78, -326, 341, 
-107, -107, 0, 107, -53, -53, -43, 87, 78, -87, -317, 336, 
-112, -107, 4, 109, -58, -51, -63, 73, 73, -87, -317, 336, 
-117, -107, 9, 112, -63, -48, -73, 63, 63, -92, -326, 336, 
-122, -107, 14, 114, -68, -46, -78, 53, 63, -97, -326, 336, 
-131, -117, 14, 124, -73, -51, -78, 53, 63, -92, -312, 341, 
-131, -112, 19, 122, -75, -46, -87, 43, 63, -87, -312, 346, 
-131, -112, 19, 122, -75, -46, -87, 34, 58, -87, -312, 351, 
-126, -112, 14, 119, -70, -48, -82, 34, 58, -87, -317, 351, 
-117, -102, 14, 109, -65, -43, -92, 34, 58, -78, -307, 351, 
-112, -97, 14, 104, -63, -41, -97, 24, 48, -82, -307, 351, 
-112, -92, 19, 102, -65, -36, -102, 19, 48, -82, -307, 351, 
-102, -78, 24, 90, -63, -26, -102, 19, 48, -82, -302, 356, 
-102, -73, 29, 87, -65, -21, -117, 19, 48, -78, -307, 346, 
-87, -68, 19, 78, -53, -24, -117, 24, 53, -82, -302, 351, 
-87, -68, 19, 78, -53, -24, -112, 24, 53, -87, -302, 351, 
-87, -73, 14, 80, -51, -29, -112, 24, 58, -92, -302, 356, 
-78, -73, 4, 75, -41, -34, -102, 19, 48, -78, -312, 356, 
-87, -73, 14, 80, -51, -29, -102, 34, 58, -78, -312, 361, 
-87, -73, 14, 80, -51, -29, -97, 34, 58, -78, -312, 361, 
-92, -73, 19, 82, -56, -26, -97, 29, 58, -78, -312, 356, 
-107, -82, 24, 95, -65, -29, -82, 39, 63, -87, -312, 341, 
-126, -92, 34, 109, -80, -29, -73, 43, 63, -87, -312, 341, 
-136, -102, 34, 119, -85, -34, -68, 48, 63, -87, -312, 341, 
-141, -117, 24, 129, -82, -46, -63, 48, 63, -87, -312, 336, 
-146, -117, 29, 131, -87, -43, -58, 39, 58, -97, -326, 336, 
-156, -122, 34, 139, -95, -43, -58, 39, 48, -102, -331, 331, 
-156, -126, 29, 141, -92, -48, -58, 39, 43, -107, -336, 326, 
-146, -126, 19, 136, -82, -53, -58, 34, 39, -107, -336, 326, 
-156, -136, 19, 146, -87, -58, -58, 39, 39, -117, -351, 317, 
-161, -141, 19, 151, -90, -61, -58, 48, 39, -112, -356, 317, 
-161, -146, 14, 153, -87, -65, -58, 58, 34, -112, -356, 307, 
-156, -146, 9, 151, -82, -68, -53, 63, 29, -117, -361, 307, 
-156, -136, 19, 146, -87, -58, -63, 58, 39, -112, -351, 317, 
-156, -136, 19, 146, -87, -58, -63, 53, 39, -112, -351, 317, 
-156, -136, 19, 146, -87, -58, -63, 53, 39, -112, -351, 317, 
-165, -141, 24, 153, -95, -58, -58, 48, 43, -112, -351, 322, 
-161, -141, 19, 151, -90, -61, -58, 39, 34, -117, -351, 317, 
-156, -141, 14, 148, -85, -63, -58, 39, 34, -122, -356, 312, 
-151, -141, 9, 146, -80, -65, -58, 39, 39, -122, -361, 312, 
-146, -141, 4, 143, -75, -68, -58, 39, 39, -126, -366, 307, 
-151, -141, 9, 146, -80, -65, -48, 43, 48, -117, -361, 312, 
-156, -141, 14, 148, -85, -63, -48, 48, 48, -117, -356, 317, 
-161, -136, 24, 148, -92, -56, -48, 53, 48, -117, -356, 312, 
-161, -136, 24, 148, -92, -56, -48, 58, 48, -117, -351, 317, 
-170, -131, 39, 151, -104, -46, -48, 58, 39, -107, -356, 317, 
-175, -126, 48, 151, -112, -39, -43, 58, 39, -107, -351, 317, 
-175, -122, 53, 148, -114, -34, -43, 58, 39, -107, -351, 326, 
-175, -117, 58, 146, -117, -29, -43, 63, 39, -107, -351, 326, 
-165, -117, 48, 141, -107, -34, -53, 53, 48, -97, -351, 317, 
-165, -112, 53, 139, -109, -29, -58, 48, 48, -97, -351, 317, 
-156, -112, 43, 134, -100, -34, -58, 48, 48, -97, -351, 317, 
-156, -112, 43, 134, -100, -34, -58, 48, 48, -97, -351, 312, 
-146, -122, 24, 134, -85, -48, -58, 48, 48, -107, -361, 312, 
-151, -122, 29, 136, -90, -46, -58, 53, 48, -107, -361, 312, 
-156, -122, 34, 139, -95, -43, -58, 53, 48, -107, -361, 312, 
-156, -122, 34, 139, -95, -43, -58, 53, 48, -107, -361, 312, 
-146, -117, 29, 131, -87, -43, -58, 53, 39, -107, -366, 302, 
-146, -122, 24, 134, -85, -48, -58, 58, 39, -112, -366, 302, 
-141, -122, 19, 131, -80, -51, -58, 58, 39, -117, -366, 302, 
-141, -122, 19, 131, -80, -51, -58, 58, 39, -122, -366, 302, 
-151, -107, 43, 129, -97, -31, -48, 53, 58, -92, -346, 312, 
-170, -102, 68, 136, -119, -17, -48, 63, 78, -78, -341, 317, 
-161, -87, 73, 124, -117, -7, -48, 63, 107, -58, -307, 341, 
-126, -48, 78, 87, -102, 14, -63, 63, 156, -9, -268, 380, 
-97, -14, 82, 56, -90, 34, -82, 53, 195, 48, -209, 409, 
-78, 19, 97, 29, -87, 58, -92, 73, 248, 107, -151, 458, 
-48, 58, 107, -4, -78, 82, -82, 107, 302, 185, -68, 522, 
19, 102, 82, -61, -31, 92, -78, 156, 375, 268, 4, 585, 
117, 165, 48, -141, 34, 107, -78, 224, 468, 356, 107, 668, 
209, 248, 39, -229, 85, 143, -92, 283, 575, 473, 229, 766, 
322, 336, 14, -329, 153, 175, -117, 317, 668, 585, 341, 878, 
434, 414, -19, -424, 226, 197, -156, 341, 741, 668, 434, 971, 
536, 473, -63, -505, 300, 204, -190, 351, 771, 707, 483, 1019, 
570, 483, -87, -527, 329, 197, -219, 302, 741, 673, 463, 1019, 
556, 488, -68, -522, 312, 209, -258, 200, 644, 575, 375, 980, 
517, 468, -48, -492, 283, 209, -287, 78, 483, 429, 248, 902, 
448, 361, -87, -405, 268, 136, -351, -73, 253, 200, 34, 746, 
351, 195, -156, -273, 253, 19, -405, -214, -29, -78, -209, 546, 
273, 34, -239, -153, 256, -102, -453, -341, -287, -302, -429, 380, 
224, -63, -287, -80, 256, -175, -522, -453, -473, -453, -556, 268, 
161, -141, -302, -9, 231, -222, -610, -566, -619, -551, -649, 195, 
87, -214, -302, 63, 195, -258, -653, -619, -741, -629, -712, 126, 
53, -307, -361, 126, 207, -334, -644, -614, -819, -702, -785, 63, 
24, -405, -429, 190, 226, -417, -629, -590, -878, -761, -834, 0, 
-4, -512, -507, 258, 251, -509, -590, -541, -922, -805, -888, -48, 
-48, -580, -531, 314, 241, -556, -512, -434, -912, -834, -912, -78, 
-73, -585, -512, 329, 219, -549, -419, -307, -829, -795, -888, -78, 
-122, -541, -419, 331, 148, -480, -331, -190, -692, -702, -824, -34, 
-170, -453, -283, 312, 56, -368, -253, -102, -546, -590, -722, 34, 
-195, -336, -141, 265, -26, -239, -190, -43, -414, -473, -629, 97, 
-190, -244, -53, 217, -68, -148, -156, -4, -292, -375, -561, 161, 
-175, -195, -19, 185, -78, -107, -131, 29, -185, -302, -502, 195, 
-180, -165, 14, 173, -97, -75, -92, 58, -112, -248, -468, 229, 
-170, -146, 24, 158, -97, -61, -63, 82, -63, -204, -424, 253, 
-170, -122, 48, 146, -109, -36, -43, 87, -9, -165, -395, 278, 
-161, -107, 53, 134, -107, -26, -34, 97, 14, -151, -380, 283, 
-141, -97, 43, 119, -92, -26, -34, 87, 14, -141, -375, 292, 
-136, -87, 48, 112, -92, -19, -48, 82, 19, -141, -375, 292, 
-136, -92, 43, 114, -90, -24, -48, 82, 29, -141, -366, 292, 
-146, -92, 53, 119, -100, -19, -48, 82, 29, -141, -366, 287, 
-156, -92, 63, 124, -109, -14, -48, 82, 34, -136, -366, 287, 
-165, -92, 73, 129, -119, -9, -48, 87, 39, -136, -366, 287, 
-165, -82, 82, 124, -124, 0, -48, 78, 43, -131, -366, 278, 
-165, -82, 82, 124, -124, 0, -48, 82, 48, -122, -366, 283, 
-161, -82, 78, 122, -119, -2, -48, 82, 58, -122, -356, 287, 
-156, -78, 78, 117, -117, 0, -48, 87, 63, -112, -351, 292, 
-141, -63, 78, 102, -109, 7, -48, 78, 58, -107, -346, 292, 
-141, -63, 78, 102, -109, 7, -48, 78, 63, -107, -341, 297, 
-141, -63, 78, 102, -109, 7, -48, 78, 63, -107, -336, 297, 
-141, -58, 82, 100, -112, 12, -48, 73, 63, -107, -336, 297, 
-146, -58, 87, 102, -117, 14, -48, 87, 63, -102, -351, 297, 
-151, -58, 92, 104, -122, 17, -43, 97, 63, -102, -351, 292, 
-151, -58, 92, 104, -122, 17, -43, 102, 68, -102, -351, 292, 
-156, -58, 97, 107, -126, 19, -39, 107, 68, -102, -346, 292, 
-151, -53, 97, 102, -124, 21, -48, 102, 78, -112, -356, 292, 
-146, -53, 92, 100, -119, 19, -48, 97, 82, -112, -356, 297, 
-131, -53, 78, 92, -104, 12, -43, 92, 82, -107, -356, 297, 
-126, -53, 73, 90, -100, 9, -43, 87, 82, -107, -346, 297, 
-117, -53, 63, 85, -90, 4, -53, 87, 78, -97, -336, 297, 
-117, -53, 63, 85, -90, 4, -53, 87, 78, -97, -336, 297, 
-117, -53, 63, 85, -90, 4, -53, 87, 78, -97, -336, 297, 
-117, -53, 63, 85, -90, 4, -53, 87, 82, -97, -336, 297, 
-131, -48, 82, 90, -107, 17, -43, 97, 92, -92, -326, 307, 
-136, -43, 92, 90, -114, 24, -43, 97, 92, -87, -326, 307, 
-146, -39, 107, 92, -126, 34, -43, 97, 92, -82, -322, 312, 
-151, -29, 122, 90, -136, 46, -43, 97, 92, -73, -317, 312, 
-136, -29, 107, 82, -122, 39, -53, 87, 92, -78, -326, 302, 
-131, -29, 102, 80, -117, 36, -53, 87, 102, -78, -326, 302, 
-131, -29, 102, 80, -117, 36, -53, 97, 102, -82, -322, 307, 
-131, -19, 112, 75, -122, 46, -53, 97, 102, -87, -322, 307, 
-122, -9, 112, 65, -117, 51, -63, 87, 102, -87, -322, 317, 
-117, -14, 102, 65, -109, 43, -63, 87, 97, -87, -317, 317, 
-107, -14, 92, 61, -100, 39, -63, 92, 97, -87, -312, 322, 
-102, -14, 87, 58, -95, 36, -63, 92, 92, -87, -312, 322, 
-112, -19, 92, 65, -102, 36, -58, 92, 102, -82, -312, 312, 
-112, -14, 97, 63, -104, 41, -58, 97, 107, -78, -307, 317, 
-112, -4, 107, 58, -109, 51, -63, 97, 112, -78, -302, 317, 
-112, -4, 107, 58, -109, 51, -63, 97, 117, -68, -302, 317, 
-112, -4, 107, 58, -109, 51, -63, 102, 107, -78, -302, 317, 
-102, -4, 97, 53, -100, 46, -63, 102, 112, -78, -302, 322, 
-97, -4, 92, 51, -95, 43, -63, 102, 117, -78, -302, 322, 
-97, 0, 97, 48, -97, 48, -63, 107, 117, -78, -302, 326, 
-102, 0, 102, 51, -102, 51, -53, 112, 131, -58, -297, 326, 
-102, 4, 107, 48, -104, 56, -53, 122, 136, -58, -292, 331, 
-87, 14, 102, 36, -95, 58, -53, 126, 136, -58, -292, 336, 
-87, 19, 107, 34, -97, 63, -53, 136, 136, -53, -292, 336, 
-78, 29, 107, 24, -92, 68, -53, 131, 136, -43, -273, 336, 
-78, 29, 107, 24, -92, 68, -58, 126, 146, -34, -273, 336, 
-78, 34, 112, 21, -95, 73, -63, 126, 151, -29, -273, 336, 
-73, 34, 107, 19, -90, 70, -68, 131, 151, -29, -273, 341, 
-78, 48, 126, 14, -102, 87, -68, 131, 146, -39, -278, 351, 
-78, 53, 131, 12, -104, 92, -68, 131, 151, -29, -273, 351, 
-73, 58, 131, 7, -102, 95, -68, 141, 156, -24, -268, 356, 
-63, 63, 126, 0, -95, 95, -68, 146, 161, -19, -263, 361, 
-63, 73, 136, -4, -100, 104, -78, 136, 170, -14, -258, 356, 
-68, 78, 146, -4, -107, 112, -78, 141, 175, -4, -253, 361, 
-68, 82, 151, -7, -109, 117, -78, 146, 185, 0, -248, 366, 
-53, 87, 141, -17, -97, 114, -78, 151, 190, 4, -244, 370, 
-48, 82, 131, -17, -90, 107, -68, 156, 204, -4, -239, 375, 
-43, 87, 131, -21, -87, 109, -68, 165, 209, 4, -234, 380, 
-39, 97, 136, -29, -87, 117, -68, 175, 224, 14, -224, 385, 
-34, 107, 141, -36, -87, 124, -68, 185, 239, 19, -219, 390, 
-24, 102, 126, -39, -75, 114, -68, 190, 239, 24, -214, 395, 
-19, 112, 131, -46, -75, 122, -68, 200, 248, 34, -200, 405, 
-14, 122, 136, -53, -75, 129, -68, 204, 258, 48, -195, 409, 
-4, 131, 136, -63, -70, 134, -73, 209, 263, 58, -190, 414, 
9, 136, 126, -73, -58, 131, -73, 204, 273, 58, -185, 414, 
9, 141, 131, -75, -61, 136, -73, 209, 283, 68, -175, 414, 
24, 151, 126, -87, -51, 139, -73, 209, 292, 73, -165, 429, 
34, 161, 126, -97, -46, 143, -73, 219, 307, 82, -151, 439, 
24, 175, 151, -100, -63, 163, -82, 234, 317, 102, -141, 448, 
34, 185, 151, -109, -58, 168, -87, 239, 331, 112, -131, 453, 
39, 195, 156, -117, -58, 175, -87, 239, 341, 122, -122, 458, 
48, 204, 156, -126, -53, 180, -87, 244, 351, 126, -112, 463, 
58, 224, 165, -141, -53, 195, -87, 253, 356, 146, -107, 473, 
73, 234, 161, -153, -43, 197, -87, 258, 366, 156, -107, 478, 
73, 239, 165, -156, -46, 202, -92, 258, 375, 156, -102, 483, 
87, 239, 151, -163, -31, 195, -97, 258, 380, 170, -102, 488, 
87, 248, 161, -168, -36, 204, -87, 253, 390, 180, -82, 502, 
87, 263, 175, -175, -43, 219, -87, 248, 395, 180, -73, 507, 
92, 278, 185, -185, -46, 231, -92, 248, 400, 180, -68, 512, 
97, 287, 190, -192, -46, 239, -92, 244, 400, 190, -63, 517, 
92, 283, 190, -187, -48, 236, -92, 253, 395, 185, -68, 512, 
97, 283, 185, -190, -43, 234, -97, 253, 405, 185, -68, 517, 
97, 278, 180, -187, -41, 229, -97, 253, 409, 185, -63, 517, 
97, 278, 180, -187, -41, 229, -107, 248, 409, 180, -63, 522, 
92, 287, 195, -190, -51, 241, -107, 248, 405, 185, -73, 512, 
92, 287, 195, -190, -51, 241, -107, 239, 405, 185, -73, 512, 
92, 287, 195, -190, -51, 241, -112, 239, 400, 180, -78, 512, 
87, 287, 200, -187, -56, 244, -117, 234, 395, 175, -78, 512, 
87, 292, 204, -190, -58, 248, -117, 224, 375, 175, -78, 517, 
82, 287, 204, -185, -61, 246, -117, 219, 375, 165, -82, 512, 
73, 287, 214, -180, -70, 251, -117, 209, 366, 161, -87, 512, 
63, 278, 214, -170, -75, 246, -117, 200, 356, 151, -97, 507, 
63, 283, 219, -173, -78, 251, -122, 185, 336, 136, -92, 497, 
53, 273, 219, -163, -82, 246, -126, 170, 322, 122, -107, 483, 
48, 268, 219, -158, -85, 244, -136, 151, 302, 107, -122, 468, 
48, 253, 204, -151, -78, 229, -141, 136, 283, 92, -136, 453, 
34, 234, 200, -134, -82, 217, -141, 117, 263, 68, -151, 429, 
29, 219, 190, -124, -80, 204, -141, 112, 244, 53, -170, 419, 
14, 209, 195, -112, -90, 202, -141, 102, 219, 39, -190, 405, 
0, 190, 190, -95, -95, 190, -141, 92, 200, 24, -204, 395, 
-19, 180, 200, -80, -109, 190, -136, 87, 195, 14, -214, 385, 
-24, 170, 195, -73, -109, 183, -136, 78, 180, 9, -224, 380, 
-39, 161, 200, -61, -119, 180, -136, 73, 170, 0, -229, 370, 
-48, 151, 200, -51, -124, 175, -136, 63, 156, -9, -234, 366, 
-63, 141, 204, -39, -134, 173, -131, 48, 136, -34, -258, 351, 
-73, 131, 204, -29, -139, 168, -131, 48, 117, -48, -268, 341, 
-82, 112, 195, -14, -139, 153, -131, 48, 102, -58, -283, 331, 
-97, 97, 195, 0, -146, 146, -131, 43, 87, -73, -292, 312, 
-87, 92, 180, -2, -134, 136, -131, 39, 82, -78, -302, 312, 
-97, 82, 180, 7, -139, 131, -131, 34, 73, -82, -307, 307, 
-97, 82, 180, 7, -139, 131, -131, 29, 68, -87, -312, 297, 
-102, 78, 180, 12, -141, 129, -131, 29, 63, -97, -317, 292, 
-102, 68, 170, 17, -136, 119, -126, 24, 48, -107, -331, 283, 
-107, 58, 165, 24, -136, 112, -126, 19, 34, -112, -331, 278, 
-107, 53, 161, 26, -134, 107, -131, 14, 29, -122, -341, 273, 
-107, 48, 156, 29, -131, 102, -131, 14, 19, -122, -341, 273, 
-126, 43, 170, 41, -148, 107, -131, 24, 19, -131, -341, 268, 
-136, 43, 180, 46, -158, 112, -131, 19, 19, -136, -341, 258, 
-141, 39, 180, 51, -161, 109, -131, 14, 14, -136, -346, 253, 
-146, 39, 185, 53, -165, 112, -131, 14, 14, -146, -351, 253, 
-136, 34, 170, 51, -153, 102, -131, 4, 9, -146, -351, 248, 
-141, 34, 175, 53, -158, 104, -131, 0, 9, -146, -356, 244, 
-141, 29, 170, 56, -156, 100, -131, 0, 4, -151, -361, 244, 
-141, 29, 170, 56, -156, 100, -131, 0, 0, -156, -361, 244, 
-131, 43, 175, 43, -153, 109, -131, -9, 0, -146, -361, 244, 
-131, 43, 175, 43, -153, 109, -131, -9, -4, -146, -361, 244, 
-131, 43, 175, 43, -153, 109, -131, -9, -9, -146, -361, 244, 
-136, 43, 180, 46, -158, 112, -131, -4, -9, -146, -361, 244, 
-141, 34, 175, 53, -158, 104, -131, 4, -19, -151, -370, 244, 
-141, 34, 175, 53, -158, 104, -131, 4, -19, -151, -370, 244, 
-146, 34, 180, 56, -163, 107, -131, 4, -19, -156, -370, 244, 
-151, 29, 180, 61, -165, 104, -122, 4, -14, -161, -366, 244, 
-151, 29, 180, 61, -165, 104, -126, 0, -4, -161, -366, 234, 
-146, 29, 175, 58, -161, 102, -126, 0, -4, -161, -366, 234, 
-146, 29, 175, 58, -161, 102, -131, 0, -4, -161, -366, 229, 
-146, 29, 175, 58, -161, 102, -131, 0, -4, -165, -366, 224, 
-131, 39, 170, 46, -151, 104, -126, 0, -19, -165, -366, 224, 
-131, 43, 175, 43, -153, 109, -126, 0, -19, -161, -370, 224, 
-131, 43, 175, 43, -153, 109, -131, 0, -14, -161, -370, 224, 
-131, 43, 175, 43, -153, 109, -131, 0, -14, -161, -370, 224, 
-141, 53, 195, 43, -168, 124, -131, 9, -4, -156, -366, 239, 
-141, 53, 195, 43, -168, 124, -131, 9, -4, -151, -361, 244, 
-141, 53, 195, 43, -168, 124, -131, 9, -4, -146, -356, 244, 
-141, 53, 195, 43, -168, 124, -126, 9, 0, -136, -351, 244, 
-151, 53, 204, 48, -178, 129, -126, 9, 4, -141, -351, 244, 
-156, 53, 209, 51, -183, 131, -131, 14, 4, -141, -351, 244, 
-156, 53, 209, 51, -183, 131, -131, 14, 4, -141, -351, 244, 
-156, 53, 209, 51, -183, 131, -131, 14, 4, -141, -351, 244, 
-151, 53, 204, 48, -178, 129, -141, 14, 14, -141, -351, 244, 
-151, 53, 204, 48, -178, 129, -141, 9, 14, -141, -351, 244, 
-151, 53, 204, 48, -178, 129, -141, 9, 14, -141, -351, 244, 
-151, 63, 214, 43, -183, 139, -141, 9, 14, -141, -346, 244, 
-141, 73, 214, 34, -178, 143, -136, 0, 9, -131, -346, 244, 
-136, 73, 209, 31, -173, 141, -136, 9, 14, -131, -346, 244, 
-136, 73, 209, 31, -173, 141, -136, 9, 14, -126, -341, 248, 
-131, 73, 204, 29, -168, 139, -136, 4, 14, -126, -341, 248, 
-126, 82, 209, 21, -168, 146, -146, 4, 24, -126, -336, 248, 
-126, 82, 209, 21, -168, 146, -146, 9, 29, -126, -331, 248, 
-126, 82, 209, 21, -168, 146, -146, 9, 34, -122, -331, 248, 
-126, 82, 209, 21, -168, 146, -146, 9, 34, -112, -331, 253, 
-117, 78, 195, 19, -156, 136, -146, 9, 24, -112, -341, 253, 
-117, 82, 200, 17, -158, 141, -146, 9, 34, -117, -341, 253, 
-117, 82, 200, 17, -158, 141, -146, 14, 34, -117, -336, 253, 
-117, 87, 204, 14, -161, 146, -146, 14, 34, -112, -331, 258, 
-146, 92, 239, 26, -192, 165, -141, 19, 43, -102, -317, 263, 
-151, 97, 248, 26, -200, 173, -141, 19, 43, -102, -317, 258, 
-141, 87, 229, 26, -185, 158, -141, 19, 43, -97, -317, 258, 
-126, 102, 229, 12, -178, 165, -141, 19, 48, -97, -307, 268, 
-117, 107, 224, 4, -170, 165, -146, 19, 48, -97, -312, 273, 
-107, 107, 214, 0, -161, 161, -146, 19, 48, -97, -322, 263, 
-107, 107, 214, 0, -161, 161, -146, 19, 48, -97, -322, 263, 
-107, 107, 214, 0, -161, 161, -146, 19, 48, -97, -322, 263, 
-107, 107, 214, 0, -161, 161, -146, 19, 48, -97, -322, 263, 
-102, 112, 214, -4, -158, 163, -141, 29, 53, -102, -322, 268, 
-102, 122, 224, -9, -163, 173, -141, 34, 58, -97, -322, 268, 
-102, 126, 229, -12, -165, 178, -131, 43, 58, -97, -322, 273, 
-102, 131, 234, -14, -168, 183, -131, 43, 58, -97, -322, 273, 
-112, 126, 239, -7, -175, 183, -136, 39, 63, -92, -312, 278, 
-112, 122, 234, -4, -173, 178, -131, 43, 63, -97, -312, 278, 
-112, 122, 234, -4, -173, 178, -131, 48, 63, -97, -312, 273, 
-112, 122, 234, -4, -173, 178, -122, 48, 63, -97, -317, 273, 
-112, 122, 234, -4, -173, 178, -112, 53, 53, -97, -317, 263, 
-112, 122, 234, -4, -173, 178, -112, 53, 53, -97, -317, 263, 
-112, 117, 229, -2, -170, 173, -112, 53, 48, -102, -322, 263, 
-107, 112, 219, -2, -163, 165, -112, 53, 39, -107, -326, 263, 
-107, 107, 214, 0, -161, 161, -117, 48, 34, -126, -341, 248, 
-107, 102, 209, 2, -158, 156, -122, 48, 29, -126, -341, 248, 
-112, 97, 209, 7, -161, 153, -131, 39, 24, -126, -341, 244, 
-112, 92, 204, 9, -158, 148, -131, 34, 19, -126, -346, 244, 
-112, 87, 200, 12, -156, 143, -151, 19, 9, -126, -336, 239, 
-112, 87, 200, 12, -156, 143, -170, 4, 4, -126, -336, 239, 
-112, 87, 200, 12, -156, 143, -180, -4, -4, -131, -346, 239, 
-112, 87, 200, 12, -156, 143, -185, -14, -4, -136, -346, 239, 
-112, 97, 209, 7, -161, 153, -190, -24, -9, -146, -341, 239, 
-112, 102, 214, 4, -163, 158, -204, -34, -14, -146, -341, 239, 
-112, 102, 214, 4, -163, 158, -209, -43, -24, -151, -341, 239, 
-107, 102, 209, 2, -158, 156, -209, -43, -29, -156, -346, 234, 
-117, 97, 214, 9, -165, 156, -200, -43, -29, -146, -336, 244, 
-112, 97, 209, 7, -161, 153, -204, -53, -39, -151, -336, 244, 
-112, 97, 209, 7, -161, 153, -209, -58, -39, -151, -336, 244, 
-102, 107, 209, -2, -156, 158, -209, -58, -39, -151, -331, 248, 
-92, 122, 214, -14, -153, 168, -224, -68, -29, -141, -336, 239, 
-78, 126, 204, -24, -141, 165, -224, -63, -24, -141, -331, 244, 
-78, 126, 204, -24, -141, 165, -219, -63, -24, -141, -331, 244, 
-78, 122, 200, -21, -139, 161, -219, -63, -19, -141, -331, 248, 
-63, 122, 185, -29, -124, 153, -209, -58, -29, -146, -331, 239, 
-68, 122, 190, -26, -129, 156, -209, -43, -19, -146, -331, 244, 
-63, 122, 185, -29, -124, 153, -204, -43, -19, -146, -331, 244, 
-63, 122, 185, -29, -124, 153, -204, -48, -19, -146, -331, 239, 
-78, 107, 185, -14, -131, 146, -190, -39, -14, -136, -331, 239, 
-107, 102, 209, 2, -158, 156, -180, -34, -14, -136, -331, 244, 
-126, 97, 224, 14, -175, 161, -175, -29, -14, -136, -331, 248, 
-141, 87, 229, 26, -185, 158, -170, -29, -14, -136, -331, 248, 
-136, 68, 204, 34, -170, 136, -175, -29, -24, -156, -356, 224, 
-146, 63, 209, 41, -178, 136, -175, -29, -29, -161, -361, 214, 
-146, 58, 204, 43, -175, 131, -175, -29, -29, -165, -366, 204, 
-136, 58, 195, 39, -165, 126, -175, -34, -29, -165, -366, 200, 
-136, 68, 204, 34, -170, 136, -175, -43, -39, -175, -361, 204, 
-141, 63, 204, 39, -173, 134, -175, -39, -39, -170, -366, 209, 
-141, 58, 200, 41, -170, 129, -175, -34, -43, -170, -366, 204, 
-136, 58, 195, 39, -165, 126, -170, -34, -48, -175, -370, 209, 
-146, 58, 204, 43, -175, 131, -170, -24, -39, -170, -370, 200, 
-146, 58, 204, 43, -175, 131, -170, -24, -39, -170, -370, 200, 
-146, 58, 204, 43, -175, 131, -170, -19, -39, -170, -370, 200, 
-156, 53, 209, 51, -183, 131, -165, -19, -34, -170, -370, 204, 
-146, 63, 209, 41, -178, 136, -165, -19, -43, -170, -366, 204, 
-146, 63, 209, 41, -178, 136, -165, -19, -43, -170, -366, 204, 
-146, 63, 209, 41, -178, 136, -165, -19, -39, -165, -366, 209, 
-146, 63, 209, 41, -178, 136, -165, -19, -39, -165, -366, 209, 
-146, 63, 209, 41, -178, 136, -165, -19, -39, -165, -366, 209, 
-146, 63, 209, 41, -178, 136, -165, -19, -39, -165, -366, 209, 
-146, 68, 214, 39, -180, 141, -165, -19, -39, -165, -370, 200, 
-141, 68, 209, 36, -175, 139, -165, -19, -39, -165, -370, 200, 
-141, 58, 200, 41, -170, 129, -165, -19, -29, -165, -375, 200, 
-146, 58, 204, 43, -175, 131, -161, -19, -29, -165, -370, 200, 
-146, 58, 204, 43, -175, 131, -161, -19, -29, -165, -370, 209, 
-146, 58, 204, 43, -175, 131, -161, -14, -29, -165, -370, 209, 
-146, 58, 204, 43, -175, 131, -161, -24, -29, -165, -370, 209, 
-146, 63, 209, 41, -178, 136, -165, -29, -29, -165, -370, 209, 
-136, 63, 200, 36, -168, 131, -165, -29, -29, -165, -370, 209, 
-136, 63, 200, 36, -168, 131, -165, -29, -29, -165, -370, 204, 
-146, 63, 209, 41, -178, 136, -156, -19, -29, -156, -361, 204, 
-151, 63, 214, 43, -183, 139, -156, -14, -29, -156, -361, 204, 
-156, 63, 219, 46, -187, 141, -156, -14, -29, -156, -361, 204, 
-156, 63, 219, 46, -187, 141, -156, -14, -29, -156, -361, 204, 
-146, 58, 204, 43, -175, 131, -165, -24, -39, -161, -356, 195, 
-146, 53, 200, 46, -173, 126, -165, -19, -39, -161, -356, 195, 
-141, 53, 195, 43, -168, 124, -165, -19, -39, -161, -356, 195, 
-141, 53, 195, 43, -168, 124, -165, -19, -39, -161, -356, 195, 
-131, 58, 190, 36, -161, 124, -156, 4, -19, -151, -356, 204, 
-131, 63, 195, 34, -163, 129, -156, 4, 0, -136, -341, 209, 
-141, 78, 219, 31, -180, 148, -156, 4, 29, -107, -317, 224, 
-136, 117, 253, 9, -195, 185, -161, 4, 68, -58, -278, 253, 
-107, 161, 268, -26, -187, 214, -170, -4, 136, 9, -219, 302, 
-78, 195, 273, -58, -175, 234, -180, 4, 190, 78, -151, 361, 
-48, 234, 283, -92, -165, 258, -190, 29, 253, 156, -68, 424, 
0, 278, 278, -139, -139, 278, -185, 68, 326, 239, 24, 497, 
97, 351, 253, -224, -78, 302, -185, 126, 419, 346, 136, 580, 
219, 444, 224, -331, -2, 334, -200, 175, 527, 463, 248, 678, 
351, 541, 190, -446, 80, 366, -234, 209, 629, 585, 370, 780, 
463, 629, 165, -546, 148, 397, -273, 224, 702, 678, 483, 873, 
546, 688, 141, -617, 202, 414, -307, 234, 741, 736, 551, 941, 
551, 717, 165, -634, 192, 441, -326, 204, 732, 741, 561, 971, 
527, 722, 195, -624, 165, 458, -356, 131, 653, 653, 502, 951, 
488, 702, 214, -595, 136, 458, -395, 19, 502, 497, 366, 873, 
439, 605, 165, -522, 136, 385, -458, -122, 273, 268, 161, 736, 
361, 439, 78, -400, 141, 258, -512, -263, -19, -19, -92, 546, 
292, 248, -43, -270, 168, 102, -551, -370, -297, -283, -341, 361, 
244, 122, -122, -183, 183, 0, -629, -473, -522, -473, -507, 219, 
190, 53, -136, -122, 163, -41, -717, -585, -678, -590, -600, 126, 
136, -19, -156, -58, 146, -87, -761, -658, -800, -678, -683, 58, 
102, -112, -214, 4, 158, -163, -761, -663, -897, -741, -756, -24, 
53, -229, -283, 87, 168, -256, -727, -629, -966, -810, -824, -97, 
4, -356, -361, 175, 183, -358, -688, -580, -1010, -873, -888, -156, 
-19, -434, -414, 226, 197, -424, -619, -492, -1010, -893, -922, -195, 
-34, -448, -414, 241, 190, -431, -527, -366, -936, -873, -907, -185, 
-63, -405, -341, 234, 139, -373, -439, -248, -810, -780, -844, -151, 
-112, -317, -204, 214, 46, -261, -361, -161, -653, -658, -741, -82, 
-165, -200, -34, 183, -65, -117, -297, -92, -483, -522, -629, 0, 
-170, -107, 63, 139, -117, -21, -253, -63, -351, -414, -551, 53, 
-146, -58, 87, 102, -117, 14, -229, -39, -263, -351, -502, 87, 
-141, -39, 102, 90, -122, 31, -200, -19, -200, -297, -458, 102, 
-141, 0, 141, 70, -141, 70, -161, 14, -141, -253, -424, 136, 
-151, 14, 165, 68, -158, 90, -131, 39, -87, -214, -395, 161, 
-161, 19, 180, 70, -170, 100, -122, 48, -53, -190, -380, 175, 
-151, 29, 180, 61, -165, 104, -131, 39, -43, -190, -375, 175, 
-126, 48, 175, 39, -151, 112, -146, 24, -39, -190, -375, 185, 
-122, 53, 175, 34, -148, 114, -146, 24, -29, -180, -366, 195, 
-126, 53, 180, 36, -153, 117, -146, 24, -29, -180, -366, 190, 
-131, 53, 185, 39, -158, 119, -146, 24, -24, -175, -366, 190, 
-136, 53, 190, 41, -163, 122, -146, 29, -19, -175, -366, 190, 
-141, 63, 204, 39, -173, 134, -151, 19, -4, -161, -356, 180, 
-146, 63, 209, 41, -178, 136, -146, 24, 0, -151, -356, 185, 
-146, 63, 209, 41, -178, 136, -141, 24, 9, -151, -346, 190, 
-146, 68, 214, 39, -180, 141, -136, 29, 14, -141, -341, 195, 
-141, 73, 214, 34, -178, 143, -136, 29, 19, -146, -346, 195, 
-141, 73, 214, 34, -178, 143, -136, 29, 24, -146, -341, 200, 
-141, 73, 214, 34, -178, 143, -136, 29, 24, -146, -336, 200, 
-141, 78, 219, 31, -180, 148, -136, 24, 24, -146, -336, 200, 
-141, 78, 219, 31, -180, 148, -131, 34, 14, -141, -341, 209, 
-141, 78, 219, 31, -180, 148, -131, 39, 14, -141, -341, 204, 
-136, 78, 214, 29, -175, 146, -136, 39, 19, -141, -341, 204, 
-136, 78, 214, 29, -175, 146, -136, 39, 19, -141, -336, 204, 
-136, 82, 219, 26, -178, 151, -136, 29, 19, -131, -336, 204, 
-136, 82, 219, 26, -178, 151, -136, 29, 24, -131, -336, 209, 
-126, 82, 209, 21, -168, 146, -131, 29, 24, -126, -336, 209, 
-126, 82, 209, 21, -168, 146, -131, 29, 24, -126, -326, 209, 
-126, 73, 200, 26, -163, 136, -131, 39, 29, -126, -326, 209, 
-126, 73, 200, 26, -163, 136, -131, 39, 29, -126, -326, 209, 
-126, 73, 200, 26, -163, 136, -131, 39, 29, -126, -326, 209, 
-126, 73, 200, 26, -163, 136, -131, 39, 34, -126, -326, 209, 
-117, 82, 200, 17, -158, 141, -141, 39, 34, -126, -317, 209, 
-117, 82, 200, 17, -158, 141, -141, 39, 34, -126, -317, 209, 
-122, 82, 204, 19, -163, 143, -141, 39, 34, -126, -312, 214, 
-122, 87, 209, 17, -165, 148, -141, 39, 34, -122, -307, 214, 
-117, 78, 195, 19, -156, 136, -141, 39, 34, -131, -317, 204, 
-112, 78, 190, 17, -151, 134, -141, 39, 43, -126, -317, 204, 
-112, 78, 190, 17, -151, 134, -141, 48, 43, -126, -312, 209, 
-112, 87, 200, 12, -156, 143, -141, 48, 43, -126, -312, 209, 
-117, 87, 204, 14, -161, 146, -141, 48, 58, -126, -302, 209, 
-117, 82, 200, 17, -158, 141, -141, 48, 58, -126, -297, 209, 
-112, 82, 195, 14, -153, 139, -141, 53, 63, -126, -292, 214, 
-112, 82, 195, 14, -153, 139, -141, 53, 63, -126, -292, 214, 
-112, 78, 190, 17, -151, 134, -136, 53, 53, -122, -292, 224, 
-112, 82, 195, 14, -153, 139, -136, 58, 58, -117, -287, 229, 
-112, 92, 204, 9, -158, 148, -141, 58, 63, -117, -283, 229, 
-112, 92, 204, 9, -158, 148, -141, 58, 68, -107, -283, 229, 
-122, 92, 214, 14, -168, 153, -131, 63, 68, -97, -273, 229, 
-112, 92, 204, 9, -158, 148, -131, 63, 73, -97, -273, 234, 
-107, 92, 200, 7, -153, 146, -131, 63, 78, -97, -273, 234, 
-107, 97, 204, 4, -156, 151, -131, 68, 78, -97, -273, 239, 
-102, 97, 200, 2, -151, 148, -141, 68, 82, -87, -278, 229, 
-102, 102, 204, 0, -153, 153, -141, 73, 87, -87, -273, 234, 
-87, 112, 200, -12, -143, 156, -141, 73, 87, -87, -273, 239, 
-87, 117, 204, -14, -146, 161, -141, 78, 87, -82, -273, 239, 
-78, 107, 185, -14, -131, 146, -146, 78, 87, -92, -253, 239, 
-78, 107, 185, -14, -131, 146, -146, 78, 97, -82, -253, 239, 
-78, 112, 190, -17, -134, 151, -146, 82, 102, -78, -253, 239, 
-73, 112, 185, -19, -129, 148, -146, 92, 102, -78, -253, 244, 
-78, 117, 195, -19, -136, 156, -136, 92, 107, -68, -239, 253, 
-78, 122, 200, -21, -139, 161, -136, 92, 112, -58, -234, 253, 
-73, 126, 200, -26, -136, 163, -136, 102, 117, -53, -229, 258, 
-63, 131, 195, -34, -129, 163, -136, 107, 122, -48, -224, 263, 
-58, 141, 200, -41, -129, 170, -146, 97, 131, -43, -229, 268, 
-58, 146, 204, -43, -131, 175, -146, 102, 136, -34, -224, 273, 
-53, 151, 204, -48, -129, 178, -146, 107, 146, -29, -219, 278, 
-34, 156, 190, -61, -112, 173, -146, 112, 151, -24, -214, 283, 
-39, 161, 200, -61, -119, 180, -146, 122, 165, -24, -200, 287, 
-34, 165, 200, -65, -117, 183, -146, 126, 170, -14, -195, 292, 
-29, 175, 204, -73, -117, 190, -146, 131, 185, -4, -185, 297, 
-24, 185, 209, -80, -117, 197, -146, 136, 200, 0, -180, 302, 
-34, 185, 219, -75, -126, 202, -136, 151, 209, 14, -175, 307, 
-29, 190, 219, -80, -124, 204, -136, 161, 219, 24, -161, 317, 
-24, 195, 219, -85, -122, 207, -136, 165, 229, 39, -156, 322, 
-14, 200, 214, -92, -114, 207, -141, 170, 234, 48, -151, 326, 
-4, 204, 209, -100, -107, 207, -141, 165, 234, 53, -156, 326, 
0, 209, 209, -104, -104, 209, -141, 170, 244, 58, -146, 326, 
19, 219, 200, -119, -90, 209, -141, 170, 253, 58, -136, 341, 
34, 229, 195, -131, -80, 212, -141, 180, 268, 63, -122, 351, 
24, 244, 219, -134, -97, 231, -141, 195, 287, 78, -102, 370, 
34, 253, 219, -143, -92, 236, -146, 200, 302, 92, -92, 375, 
39, 263, 224, -151, -92, 244, -146, 200, 312, 107, -82, 380, 
48, 273, 224, -161, -87, 248, -146, 204, 322, 117, -73, 385, 
48, 283, 234, -165, -92, 258, -146, 204, 336, 126, -68, 405, 
63, 292, 229, -178, -82, 261, -146, 209, 346, 136, -68, 409, 
63, 297, 234, -180, -85, 265, -151, 209, 356, 136, -63, 414, 
78, 297, 219, -187, -70, 258, -156, 209, 361, 151, -63, 419, 
87, 302, 214, -195, -63, 258, -156, 209, 361, 151, -53, 424, 
87, 312, 224, -200, -68, 268, -156, 209, 366, 151, -43, 429, 
92, 322, 229, -207, -68, 275, -161, 214, 370, 151, -39, 434, 
97, 326, 229, -212, -65, 278, -161, 214, 370, 161, -34, 439, 
102, 317, 214, -209, -56, 265, -161, 214, 375, 161, -39, 434, 
107, 322, 214, -214, -53, 268, -165, 214, 385, 165, -39, 439, 
107, 322, 214, -214, -53, 268, -165, 214, 390, 170, -34, 439, 
107, 326, 219, -217, -56, 273, -175, 209, 390, 170, -34, 444, 
102, 336, 234, -219, -65, 285, -175, 209, 375, 175, -34, 444, 
102, 336, 234, -219, -65, 285, -175, 200, 375, 175, -34, 444, 
102, 336, 234, -219, -65, 285, -180, 200, 370, 170, -39, 444, 
97, 336, 239, -217, -70, 287, -185, 195, 366, 165, -39, 444, 
107, 322, 214, -214, -53, 268, -195, 185, 346, 165, -48, 439, 
102, 317, 214, -209, -56, 265, -195, 180, 346, 156, -53, 434, 
92, 317, 224, -204, -65, 270, -195, 170, 336, 151, -58, 434, 
82, 307, 224, -195, -70, 265, -195, 161, 326, 141, -68, 429, 
68, 292, 224, -180, -78, 258, -185, 141, 317, 146, -68, 434, 
53, 283, 229, -168, -87, 256, -185, 131, 302, 131, -78, 424, 
43, 278, 234, -161, -95, 256, -190, 117, 283, 117, -87, 414, 
39, 263, 224, -151, -92, 244, -190, 107, 263, 102, -97, 405, 
24, 263, 239, -143, -107, 251, -190, 107, 248, 87, -97, 380, 
19, 248, 229, -134, -104, 239, -190, 102, 234, 73, -112, 370, 
4, 239, 234, -122, -114, 236, -190, 92, 214, 58, -126, 356, 
-9, 219, 229, -104, -119, 224, -190, 82, 200, 43, -136, 346, 
-19, 204, 224, -92, -122, 214, -185, 68, 190, 19, -161, 331, 
-24, 190, 214, -82, -119, 202, -185, 58, 170, 9, -175, 322, 
-39, 175, 214, -68, -126, 195, -185, 53, 156, -4, -185, 307, 
-48, 161, 209, -56, -129, 185, -185, 43, 136, -19, -195, 297, 
-63, 151, 214, -43, -139, 183, -180, 29, 122, -24, -200, 278, 
-73, 141, 214, -34, -143, 178, -180, 29, 107, -39, -209, 273, 
-82, 122, 204, -19, -143, 163, -180, 29, 97, -48, -224, 268, 
-97, 107, 204, -4, -151, 156, -180, 24, 87, -63, -234, 253, 
-107, 92, 200, 7, -153, 146, -170, 29, 73, -78, -234, 248, 
-117, 82, 200, 17, -158, 141, -170, 24, 63, -82, -239, 248, 
-117, 82, 200, 17, -158, 141, -170, 19, 58, -87, -244, 244, 
-122, 78, 200, 21, -161, 139, -170, 19, 53, -97, -248, 244, 
-122, 63, 185, 29, -153, 124, -165, 4, 58, -92, -263, 234, 
-126, 58, 185, 34, -156, 122, -165, 0, 43, -92, -263, 229, 
-126, 58, 185, 34, -156, 122, -170, -4, 39, -97, -273, 224, 
-126, 58, 185, 34, -156, 122, -170, -4, 29, -92, -273, 224, 
-126, 58, 185, 34, -156, 122, -175, -4, 9, -107, -283, 219, 
-126, 53, 180, 36, -153, 117, -180, -9, 9, -117, -283, 209, 
-122, 43, 165, 39, -143, 104, -185, -14, 4, -122, -287, 204, 
-117, 39, 156, 39, -136, 97, -190, -14, 4, -136, -292, 204, 
-126, 24, 151, 51, -139, 87, -185, -9, 9, -136, -283, 200, 
-141, 24, 165, 58, -153, 95, -180, -9, 9, -136, -287, 195, 
-151, 19, 170, 65, -161, 95, -175, -4, 4, -141, -292, 195, 
-161, 19, 180, 70, -170, 100, -170, 0, 0, -146, -292, 195, 
-156, 14, 170, 70, -163, 92, -170, -9, -9, -156, -302, 195, 
-151, 14, 165, 68, -158, 90, -170, -9, -14, -156, -302, 195, 
-146, 14, 161, 65, -153, 87, -170, -9, -19, -156, -302, 195, 
-146, 14, 161, 65, -153, 87, -170, -4, -19, -156, -302, 195, 
-141, 14, 156, 63, -148, 85, -170, -4, -19, -156, -302, 195, 
-141, 14, 156, 63, -148, 85, -170, -4, -19, -151, -302, 195, 
-146, 14, 161, 65, -153, 87, -170, -4, -19, -151, -302, 195, 
-151, 9, 161, 70, -156, 85, -161, -4, -14, -151, -297, 195, 
-161, 9, 170, 75, -165, 90, -156, 0, -14, -151, -297, 195, 
-156, 9, 165, 73, -161, 87, -156, 0, -14, -151, -297, 195, 
-156, 9, 165, 73, -161, 87, -161, 0, -14, -151, -297, 190, 
-156, 9, 165, 73, -161, 87, -161, 0, -14, -156, -297, 185, 
-151, 0, 151, 75, -151, 75, -165, 0, -19, -156, -297, 185, 
-151, 4, 156, 73, -153, 80, -165, 0, -19, -151, -302, 185, 
-151, 4, 156, 73, -153, 80, -170, 0, -14, -151, -302, 185, 
-151, 4, 156, 73, -153, 80, -170, 0, -14, -151, -302, 185, 
-161, 4, 165, 78, -163, 85, -170, 0, -4, -141, -292, 190, 
-161, 4, 165, 78, -163, 85, -170, 0, -4, -141, -292, 195, 
-161, 4, 165, 78, -163, 85, -170, 0, -4, -141, -292, 195, 
-161, 4, 165, 78, -163, 85, -165, 0, 0, -136, -292, 195, 
-170, 14, 185, 78, -178, 100, -156, 9, 4, -131, -283, 195, 
-175, 14, 190, 80, -183, 102, -161, 14, 4, -131, -283, 195, 
-175, 14, 190, 80, -183, 102, -161, 14, 4, -131, -283, 195, 
-175, 14, 190, 80, -183, 102, -161, 14, 4, -131, -283, 195, 
-165, 14, 180, 75, -173, 97, -161, 4, 14, -131, -283, 195, 
-161, 14, 175, 73, -168, 95, -161, 0, 14, -131, -283, 195, 
-156, 14, 170, 70, -163, 92, -161, 0, 14, -131, -283, 195, 
-151, 24, 175, 63, -163, 100, -161, 0, 14, -131, -278, 195, 
-146, 14, 161, 65, -153, 87, -156, 9, 19, -122, -268, 204, 
-146, 14, 161, 65, -153, 87, -156, 19, 24, -122, -268, 204, 
-151, 14, 165, 68, -158, 90, -156, 19, 24, -117, -263, 209, 
-151, 14, 165, 68, -158, 90, -156, 14, 24, -117, -263, 209, 
-146, 24, 170, 61, -158, 97, -165, 14, 24, -117, -263, 209, 
-146, 24, 170, 61, -158, 97, -165, 19, 29, -117, -263, 209, 
-146, 24, 170, 61, -158, 97, -165, 19, 34, -112, -268, 209, 
-146, 24, 170, 61, -158, 97, -165, 19, 34, -102, -273, 214, 
-136, 24, 161, 56, -148, 92, -156, 19, 34, -102, -263, 204, 
-136, 24, 161, 56, -148, 92, -156, 19, 43, -107, -263, 204, 
-136, 19, 156, 58, -146, 87, -156, 24, 43, -107, -258, 204, 
-136, 19, 156, 58, -146, 87, -156, 24, 43, -102, -253, 209, 
-165, 24, 190, 70, -178, 107, -141, 39, 63, -92, -248, 224, 
-151, 29, 180, 61, -165, 104, -151, 29, 53, -102, -248, 229, 
-141, 29, 170, 56, -156, 100, -161, 29, 53, -97, -248, 229, 
-156, 29, 185, 63, -170, 107, -156, 39, 58, -87, -244, 234, 
-146, 39, 185, 53, -165, 112, -156, 39, 68, -87, -234, 234, 
-146, 39, 185, 53, -165, 112, -156, 39, 68, -87, -234, 234, 
-146, 39, 185, 53, -165, 112, -156, 39, 68, -87, -234, 234, 
-146, 39, 185, 53, -165, 112, -156, 39, 68, -87, -234, 234, 
-136, 48, 185, 43, -161, 117, -151, 29, 82, -73, -229, 239, 
-131, 53, 185, 39, -158, 119, -151, 34, 87, -68, -224, 239, 
-126, 53, 180, 36, -153, 117, -141, 43, 87, -68, -219, 244, 
-122, 53, 175, 34, -148, 114, -141, 43, 87, -68, -214, 244, 
-131, 48, 180, 41, -156, 114, -126, 58, 82, -63, -214, 239, 
-131, 43, 175, 43, -153, 109, -122, 63, 82, -68, -214, 239, 
-131, 43, 175, 43, -153, 109, -122, 68, 82, -68, -214, 234, 
-131, 43, 175, 43, -153, 109, -112, 68, 82, -68, -219, 234, 
-141, 34, 175, 53, -158, 104, -112, 73, 82, -78, -229, 234, 
-141, 34, 175, 53, -158, 104, -112, 73, 82, -78, -229, 234, 
-141, 29, 170, 56, -156, 100, -112, 73, 78, -82, -234, 234, 
-136, 24, 161, 56, -148, 92, -112, 73, 68, -87, -239, 234, 
-136, 19, 156, 58, -146, 87, -126, 68, 53, -97, -244, 229, 
-136, 14, 151, 61, -143, 82, -131, 68, 48, -97, -244, 229, 
-141, 9, 151, 65, -146, 80, -141, 58, 43, -97, -244, 224, 
-141, 4, 146, 68, -143, 75, -141, 53, 39, -97, -248, 224, 
-141, -9, 131, 75, -136, 61, -151, 29, 29, -117, -258, 209, 
-141, -9, 131, 75, -136, 61, -170, 14, 24, -117, -258, 209, 
-141, -9, 131, 75, -136, 61, -180, 4, 14, -122, -268, 209, 
-141, -9, 131, 75, -136, 61, -185, -4, 14, -126, -268, 209, 
-136, -9, 126, 73, -131, 58, -190, -14, 9, -126, -263, 209, 
-131, -4, 126, 68, -129, 61, -204, -24, 4, -126, -263, 209, 
-126, -4, 122, 65, -124, 58, -209, -34, -4, -131, -263, 209, 
-117, -4, 112, 61, -114, 53, -209, -34, -9, -136, -268, 204, 
-131, 0, 131, 65, -131, 65, -209, -24, 0, -126, -258, 214, 
-131, 0, 131, 65, -131, 65, -214, -34, -9, -131, -258, 214, 
-136, 0, 136, 68, -136, 68, -219, -39, -9, -131, -258, 214, 
-131, 9, 141, 61, -136, 75, -219, -39, -9, -131, -253, 219, 
-126, 14, 141, 56, -134, 78, -214, -39, -19, -122, -248, 229, 
-107, 19, 126, 43, -117, 73, -214, -34, -14, -122, -244, 234, 
-102, 19, 122, 41, -112, 70, -209, -34, -14, -122, -244, 234, 
-97, 14, 112, 41, -104, 63, -209, -34, -9, -122, -244, 239, 
-102, 14, 117, 43, -109, 65, -200, -29, 0, -107, -234, 229, 
-117, 14, 131, 51, -124, 73, -200, -14, 9, -107, -234, 234, 
-122, 14, 136, 53, -129, 75, -195, -14, 9, -107, -234, 234, 
-131, 14, 146, 58, -139, 80, -195, -19, 9, -107, -234, 229, 
-126, 0, 126, 63, -126, 63, -200, -29, 4, -112, -234, 214, 
-146, -4, 141, 75, -143, 68, -190, -24, 4, -117, -234, 214, 
-156, -9, 146, 82, -151, 68, -185, -19, 4, -122, -234, 214, 
-161, -19, 141, 90, -151, 61, -180, -19, 4, -126, -234, 209, 
-156, -29, 126, 92, -141, 48, -185, -9, -4, -126, -248, 209, 
-165, -34, 131, 100, -148, 48, -185, -9, -9, -131, -253, 204, 
-165, -39, 126, 102, -146, 43, -185, -9, -9, -136, -258, 200, 
-156, -39, 117, 97, -136, 39, -185, -14, -9, -136, -258, 200, 
-175, -39, 136, 107, -156, 48, -175, -14, -9, -136, -253, 190, 
-180, -43, 136, 112, -158, 46, -175, -9, -9, -131, -258, 190, 
-180, -48, 131, 114, -156, 41, -175, -4, -14, -131, -258, 180, 
-175, -48, 126, 112, -151, 39, -170, -4, -19, -136, -263, 180, 
-175, -58, 117, 117, -146, 29, -170, -4, -19, -141, -263, 180, 
-175, -58, 117, 117, -146, 29, -170, -4, -19, -141, -263, 180, 
-175, -58, 117, 117, -146, 29, -170, 0, -19, -141, -263, 180, 
-185, -63, 122, 124, -153, 29, -165, 0, -14, -141, -263, 185, 
-185, -53, 131, 119, -158, 39, -165, 0, -14, -141, -258, 185, 
-185, -53, 131, 119, -158, 39, -165, 0, -14, -141, -258, 185, 
-185, -53, 131, 119, -158, 39, -165, 0, -9, -136, -258, 190, 
-185, -53, 131, 119, -158, 39, -165, 0, -9, -136, -258, 190, 
-175, -53, 122, 114, -148, 34, -165, 0, -19, -136, -268, 190, 
-175, -53, 122, 114, -148, 34, -165, 0, -19, -136, -268, 190, 
-175, -48, 126, 112, -151, 39, -165, 0, -19, -136, -273, 180, 
-170, -48, 122, 109, -146, 36, -165, 0, -19, -136, -273, 180, 
-180, -48, 131, 114, -156, 41, -156, 0, -14, -126, -258, 190, 
-185, -48, 136, 117, -161, 43, -151, 0, -9, -126, -253, 190, 
-185, -48, 136, 117, -161, 43, -151, 0, -4, -126, -253, 200, 
-185, -48, 136, 117, -161, 43, -151, 4, 0, -126, -253, 200, 
-175, -58, 117, 117, -146, 29, -151, 4, -9, -136, -253, 190, 
-175, -53, 122, 114, -148, 34, -156, 0, -9, -136, -253, 190, 
-165, -53, 112, 109, -139, 29, -156, 0, -9, -136, -253, 190, 
-165, -53, 112, 109, -139, 29, -156, 0, -9, -136, -253, 185, 
-175, -53, 122, 114, -148, 34, -156, 9, 0, -136, -253, 195, 
-180, -53, 126, 117, -153, 36, -156, 14, 0, -136, -253, 195, 
-185, -53, 131, 119, -158, 39, -156, 14, 0, -136, -253, 195, 
-185, -53, 131, 119, -158, 39, -156, 14, 0, -136, -253, 195, 
-185, -58, 126, 122, -156, 34, -156, 14, 0, -122, -248, 195, 
-185, -63, 122, 124, -153, 29, -156, 19, 0, -122, -248, 195, 
-180, -63, 117, 122, -148, 26, -156, 19, 0, -122, -248, 195, 
-180, -63, 117, 122, -148, 26, -156, 19, 0, -122, -248, 195, 
-180, -58, 122, 119, -151, 31, -156, 24, 19, -102, -239, 204, 
-180, -43, 136, 112, -158, 46, -146, 24, 29, -97, -234, 209, 
-170, -19, 151, 95, -161, 65, -146, 34, 68, -68, -200, 224, 
-165, 19, 185, 73, -175, 102, -151, 24, 126, -9, -151, 263, 
-146, 63, 209, 41, -178, 136, -170, 14, 175, 58, -92, 312, 
-126, 87, 214, 19, -170, 151, -170, 24, 229, 117, -34, 370, 
-87, 117, 204, -14, -146, 161, -161, 58, 302, 195, 48, 424, 
-19, 170, 190, -75, -104, 180, -156, 117, 385, 287, 131, 497, 
78, 253, 175, -165, -48, 214, -165, 175, 478, 395, 253, 590, 
180, 346, 165, -263, 7, 256, -180, 224, 595, 531, 385, 707, 
302, 444, 141, -373, 80, 292, -214, 258, 688, 644, 507, 810, 
424, 531, 107, -478, 158, 319, -253, 273, 761, 736, 610, 902, 
517, 610, 92, -563, 212, 351, -297, 253, 790, 785, 678, 980, 
561, 639, 78, -600, 241, 358, -356, 204, 751, 771, 678, 990, 
566, 653, 87, -610, 239, 370, -405, 102, 653, 683, 610, 961, 
536, 634, 97, -585, 219, 366, -453, -29, 502, 527, 473, 883, 
478, 507, 29, -492, 224, 268, -527, -180, 244, 278, 258, 727, 
390, 292, -97, -341, 244, 97, -580, -312, -68, -29, -14, 527, 
302, 102, -200, -202, 251, -48, -619, -400, -346, -283, -253, 341, 
244, -4, -248, -119, 246, -126, -697, -502, -551, -453, -390, 229, 
190, -92, -283, -48, 236, -187, -766, -614, -707, -570, -492, 146, 
146, -185, -331, 19, 239, -258, -790, -668, -829, -668, -585, 48, 
112, -287, -400, 87, 256, -344, -780, -673, -917, -751, -678, -43, 
63, -395, -458, 165, 261, -427, -736, -629, -976, -819, -736, -117, 
-4, -531, -527, 268, 261, -529, -639, -522, -980, -854, -780, -165, 
-58, -600, -541, 329, 241, -570, -531, -385, -932, -844, -795, -185, 
-82, -585, -502, 334, 209, -544, -448, -258, -839, -795, -761, -165, 
-102, -522, -419, 312, 158, -470, -390, -151, -712, -702, -688, -122, 
-131, -424, -292, 278, 80, -358, -322, -73, -546, -580, -595, -53, 
-165, -307, -141, 236, -12, -224, -268, -34, -395, -453, -492, 29, 
-180, -214, -34, 197, -73, -124, -234, -14, -273, -356, -414, 73, 
-185, -175, 9, 180, -97, -82, -200, 9, -204, -302, -375, 97, 
-190, -156, 34, 173, -112, -61, -161, 29, -131, -239, -331, 131, 
-190, -117, 73, 153, -131, -21, -141, 43, -63, -185, -287, 156, 
-180, -92, 87, 136, -134, -2, -122, 48, -29, -156, -268, 180, 
-180, -87, 92, 134, -136, 2, -102, 58, -4, -141, -253, 195, 
-190, -78, 112, 134, -151, 17, -102, 58, 4, -131, -248, 195, 
-185, -68, 117, 126, -151, 24, -117, 63, 9, -131, -248, 195, 
-175, -73, 102, 124, -139, 14, -126, 63, 0, -141, -248, 195, 
-175, -73, 102, 124, -139, 14, -126, 63, 0, -141, -248, 190, 
-175, -73, 102, 124, -139, 14, -126, 63, 4, -136, -248, 190, 
-175, -73, 102, 124, -139, 14, -126, 68, 9, -136, -248, 190, 
-170, -73, 97, 122, -134, 12, -131, 68, 24, -122, -239, 190, 
-175, -73, 102, 124, -139, 14, -126, 73, 29, -112, -239, 195, 
-175, -73, 102, 124, -139, 14, -122, 73, 39, -112, -229, 200, 
-175, -68, 107, 122, -141, 19, -117, 78, 43, -102, -224, 204, 
-180, -63, 117, 122, -148, 26, -107, 78, 48, -97, -229, 214, 
-180, -63, 117, 122, -148, 26, -107, 78, 53, -97, -224, 219, 
-180, -63, 117, 122, -148, 26, -107, 78, 53, -97, -219, 219, 
-180, -58, 122, 119, -151, 31, -107, 73, 53, -97, -219, 219, 
-170, -48, 122, 109, -146, 36, -102, 73, 53, -92, -214, 219, 
-170, -48, 122, 109, -146, 36, -102, 78, 53, -92, -214, 214, 
-165, -48, 117, 107, -141, 34, -107, 78, 58, -92, -214, 214, 
-165, -48, 117, 107, -141, 34, -107, 78, 58, -92, -209, 214, 
-165, -53, 112, 109, -139, 29, -107, 68, 48, -102, -219, 204, 
-165, -53, 112, 109, -139, 29, -107, 68, 53, -102, -219, 209, 
-156, -53, 102, 104, -129, 24, -102, 68, 53, -97, -219, 209, 
-156, -53, 102, 104, -129, 24, -102, 68, 53, -97, -209, 209, 
-156, -53, 102, 104, -129, 24, -102, 78, 68, -97, -209, 209, 
-156, -53, 102, 104, -129, 24, -102, 78, 68, -97, -209, 209, 
-156, -53, 102, 104, -129, 24, -102, 78, 68, -97, -209, 209, 
-156, -53, 102, 104, -129, 24, -102, 78, 73, -97, -209, 209, 
-170, -53, 117, 112, -143, 31, -102, 82, 82, -92, -204, 214, 
-175, -53, 122, 114, -148, 34, -102, 87, 82, -87, -200, 219, 
-185, -53, 131, 119, -158, 39, -102, 92, 82, -82, -190, 229, 
-190, -48, 141, 119, -165, 46, -102, 97, 82, -73, -180, 234, 
-180, -39, 141, 109, -161, 51, -102, 92, 73, -82, -180, 234, 
-170, -39, 131, 104, -151, 46, -102, 87, 82, -78, -180, 234, 
-165, -39, 126, 102, -146, 43, -102, 92, 82, -78, -175, 239, 
-161, -29, 131, 95, -146, 51, -102, 87, 82, -78, -175, 239, 
-156, -39, 117, 97, -136, 39, -112, 87, 97, -78, -175, 229, 
-156, -43, 112, 100, -134, 34, -112, 87, 97, -78, -170, 229, 
-151, -43, 107, 97, -129, 31, -112, 92, 102, -78, -165, 234, 
-151, -43, 107, 97, -129, 31, -112, 92, 102, -78, -165, 234, 
-146, -39, 107, 92, -126, 34, -117, 92, 92, -82, -165, 234, 
-141, -34, 107, 87, -124, 36, -117, 97, 97, -78, -161, 239, 
-136, -24, 112, 80, -124, 43, -122, 97, 102, -78, -156, 239, 
-131, -24, 107, 78, -119, 41, -122, 97, 107, -68, -156, 239, 
-131, -34, 97, 82, -114, 31, -112, 102, 107, -68, -156, 229, 
-122, -34, 87, 78, -104, 26, -112, 102, 112, -68, -156, 234, 
-117, -34, 82, 75, -100, 24, -112, 102, 117, -68, -156, 234, 
-117, -29, 87, 73, -102, 29, -112, 107, 117, -68, -156, 239, 
-136, -29, 107, 82, -122, 39, -112, 117, 122, -48, -141, 239, 
-141, -24, 117, 82, -129, 46, -112, 122, 126, -48, -136, 244, 
-131, -14, 117, 73, -124, 51, -112, 122, 126, -48, -136, 248, 
-136, -9, 126, 73, -131, 58, -112, 126, 126, -43, -136, 248, 
-146, -19, 126, 82, -136, 53, -107, 126, 136, -43, -126, 258, 
-146, -19, 126, 82, -136, 53, -107, 126, 146, -34, -126, 258, 
-146, -14, 131, 80, -139, 58, -107, 131, 151, -29, -126, 258, 
-141, -14, 126, 78, -134, 56, -107, 141, 151, -29, -126, 263, 
-126, 0, 126, 63, -126, 63, -107, 131, 156, -19, -122, 263, 
-126, 4, 131, 61, -129, 68, -107, 131, 161, -9, -117, 263, 
-122, 9, 131, 56, -126, 70, -107, 141, 165, -4, -112, 268, 
-112, 14, 126, 48, -119, 70, -107, 146, 170, 0, -107, 273, 
-102, 14, 117, 43, -109, 65, -107, 156, 170, 4, -102, 278, 
-107, 19, 126, 43, -117, 73, -107, 161, 175, 14, -97, 283, 
-107, 24, 131, 41, -119, 78, -107, 165, 185, 19, -92, 287, 
-92, 29, 122, 31, -107, 75, -107, 170, 190, 24, -87, 292, 
-68, 39, 107, 14, -87, 73, -112, 161, 195, 14, -92, 287, 
-53, 48, 102, 2, -78, 75, -117, 165, 200, 24, -87, 292, 
-39, 63, 102, -12, -70, 82, -122, 170, 214, 34, -78, 297, 
-24, 78, 102, -26, -63, 90, -126, 175, 229, 39, -73, 302, 
-43, 73, 117, -14, -80, 95, -122, 185, 248, 53, -63, 312, 
-48, 82, 131, -17, -90, 107, -117, 200, 258, 63, -43, 326, 
-53, 92, 146, -19, -100, 119, -112, 209, 268, 78, -34, 336, 
-53, 102, 156, -24, -104, 129, -112, 219, 273, 87, -24, 346, 
-58, 102, 161, -21, -109, 131, -102, 224, 292, 97, -9, 346, 
-58, 102, 161, -21, -109, 131, -102, 229, 302, 107, 0, 346, 
-43, 107, 151, -31, -97, 129, -102, 229, 312, 112, 9, 361, 
-34, 112, 146, -39, -90, 129, -102, 239, 326, 122, 24, 370, 
-43, 117, 161, -36, -102, 139, -112, 234, 326, 131, 29, 390, 
-34, 126, 161, -46, -97, 143, -117, 239, 341, 141, 34, 395, 
-29, 136, 165, -53, -97, 151, -117, 239, 351, 151, 39, 400, 
-19, 146, 165, -63, -92, 156, -117, 244, 361, 156, 43, 405, 
-4, 165, 170, -80, -87, 168, -117, 263, 366, 175, 53, 414, 
14, 175, 161, -95, -73, 168, -117, 268, 375, 185, 58, 419, 
19, 180, 161, -100, -70, 170, -122, 268, 385, 185, 68, 424, 
39, 180, 141, -109, -51, 161, -126, 268, 390, 200, 73, 429, 
29, 185, 156, -107, -63, 170, -117, 268, 400, 200, 73, 424, 
29, 195, 165, -112, -68, 180, -117, 268, 405, 200, 82, 429, 
34, 204, 170, -119, -68, 187, -122, 273, 409, 200, 87, 434, 
39, 209, 170, -124, -65, 190, -122, 273, 409, 209, 92, 439, 
48, 209, 161, -129, -56, 185, -131, 263, 405, 209, 97, 444, 
58, 214, 156, -136, -48, 185, -136, 263, 414, 214, 97, 448, 
63, 214, 151, -139, -43, 183, -136, 263, 419, 219, 102, 448, 
68, 219, 151, -143, -41, 185, -146, 258, 419, 219, 102, 453, 
82, 209, 126, -146, -21, 168, -146, 258, 405, 214, 92, 453, 
82, 209, 126, -146, -21, 168, -146, 248, 405, 214, 92, 453, 
82, 209, 126, -146, -21, 168, -151, 248, 400, 209, 87, 453, 
78, 209, 131, -143, -26, 170, -156, 244, 395, 204, 87, 453, 
68, 214, 146, -141, -39, 180, -146, 234, 395, 214, 97, 458, 
53, 209, 156, -131, -51, 183, -146, 229, 395, 204, 92, 453, 
34, 209, 175, -122, -70, 192, -146, 219, 385, 200, 87, 453, 
14, 200, 185, -107, -85, 192, -146, 209, 375, 190, 78, 448, 
-4, 190, 195, -92, -100, 192, -146, 200, 356, 185, 73, 434, 
-24, 175, 200, -75, -112, 187, -146, 190, 341, 170, 58, 424, 
-39, 165, 204, -63, -122, 185, -151, 175, 322, 156, 43, 414, 
-48, 146, 195, -48, -122, 170, -151, 165, 302, 141, 29, 405, 
-48, 136, 185, -43, -117, 161, -151, 146, 287, 117, 19, 390, 
-48, 122, 170, -36, -109, 146, -151, 141, 273, 102, 4, 380, 
-58, 112, 170, -26, -114, 141, -151, 131, 253, 87, -9, 366, 
-68, 92, 161, -12, -114, 126, -151, 122, 239, 73, -19, 356, 
-78, 78, 156, 0, -117, 117, -146, 107, 209, 58, -43, 341, 
-82, 63, 146, 9, -114, 104, -146, 97, 190, 48, -58, 331, 
-97, 48, 146, 24, -122, 97, -146, 92, 175, 34, -68, 317, 
-107, 34, 141, 36, -124, 87, -146, 82, 156, 19, -78, 307, 
-112, 24, 136, 43, -124, 80, -141, 78, 146, 14, -82, 297, 
-122, 14, 136, 53, -129, 75, -141, 78, 136, 0, -92, 292, 
-131, -4, 126, 68, -129, 61, -141, 78, 131, -9, -107, 287, 
-146, -19, 126, 82, -136, 53, -141, 73, 126, -24, -117, 273, 
-131, -34, 97, 82, -114, 31, -141, 58, 102, -39, -136, 263, 
-136, -43, 92, 90, -114, 24, -141, 53, 92, -43, -141, 258, 
-131, -43, 87, 87, -109, 21, -141, 48, 87, -48, -146, 248, 
-131, -48, 82, 90, -107, 17, -141, 48, 82, -58, -151, 244, 
-156, -63, 92, 109, -124, 14, -126, 48, 87, -63, -156, 253, 
-165, -68, 97, 117, -131, 14, -126, 48, 73, -63, -156, 248, 
-170, -68, 102, 119, -136, 17, -131, 48, 68, -68, -165, 244, 
-175, -68, 107, 122, -141, 19, -131, 53, 58, -63, -165, 244, 
-190, -68, 122, 129, -156, 26, -131, 53, 48, -73, -165, 248, 
-195, -73, 122, 134, -158, 24, -131, 48, 48, -78, -165, 239, 
-195, -82, 112, 139, -153, 14, -131, 43, 43, -78, -170, 234, 
-195, -87, 107, 141, -151, 9, -131, 43, 43, -87, -175, 234, 
-204, -102, 102, 153, -153, 0, -131, 43, 39, -97, -175, 229, 
-209, -102, 107, 156, -158, 2, -131, 39, 39, -97, -180, 224, 
-209, -107, 102, 158, -156, -2, -131, 39, 34, -102, -185, 224, 
-209, -107, 102, 158, -156, -2, -131, 39, 29, -107, -185, 224, 
-195, -102, 92, 148, -143, -4, -131, 39, 29, -97, -185, 214, 
-190, -102, 87, 146, -139, -7, -131, 39, 24, -97, -185, 214, 
-185, -102, 82, 143, -134, -9, -131, 39, 19, -97, -185, 214, 
-185, -102, 82, 143, -134, -9, -131, 43, 19, -97, -185, 214, 
-185, -102, 82, 143, -134, -9, -131, 34, 19, -107, -195, 204, 
-180, -102, 78, 141, -129, -12, -131, 34, 19, -102, -195, 204, 
-180, -102, 78, 141, -129, -12, -131, 34, 19, -102, -195, 204, 
-180, -107, 73, 143, -126, -17, -122, 34, 24, -102, -190, 204, 
-195, -117, 78, 156, -136, -19, -117, 48, 24, -102, -190, 214, 
-195, -117, 78, 156, -136, -19, -117, 48, 24, -102, -190, 214, 
-200, -117, 82, 158, -141, -17, -122, 48, 24, -102, -190, 209, 
-204, -117, 87, 161, -146, -14, -122, 48, 24, -107, -190, 204, 
-204, -117, 87, 161, -146, -14, -117, 48, 29, -97, -185, 209, 
-209, -112, 97, 161, -153, -7, -117, 48, 29, -92, -185, 214, 
-214, -112, 102, 163, -158, -4, -122, 48, 34, -92, -180, 219, 
-219, -112, 107, 165, -163, -2, -122, 48, 34, -92, -175, 224, 
-214, -102, 112, 158, -163, 4, -131, 48, 24, -102, -175, 224, 
-209, -102, 107, 156, -158, 2, -131, 48, 24, -102, -175, 224, 
-204, -102, 102, 153, -153, 0, -131, 48, 24, -102, -175, 219, 
-200, -102, 97, 151, -148, -2, -126, 48, 29, -97, -175, 214, 
-190, -102, 87, 146, -139, -7, -117, 48, 43, -92, -175, 214, 
-195, -102, 92, 148, -143, -4, -122, 53, 43, -92, -175, 214, 
-195, -102, 92, 148, -143, -4, -122, 53, 43, -92, -175, 214, 
-195, -102, 92, 148, -143, -4, -122, 53, 43, -92, -175, 214, 
-190, -102, 87, 146, -139, -7, -122, 53, 43, -82, -175, 214, 
-190, -102, 87, 146, -139, -7, -122, 48, 43, -82, -175, 214, 
-190, -102, 87, 146, -139, -7, -122, 48, 43, -82, -175, 214, 
-190, -92, 97, 141, -143, 2, -122, 48, 43, -82, -170, 214, 
-175, -92, 82, 134, -129, -4, -117, 48, 48, -73, -170, 214, 
-175, -92, 82, 134, -129, -4, -117, 58, 53, -73, -170, 214, 
-180, -92, 87, 136, -134, -2, -117, 58, 53, -68, -165, 219, 
-180, -92, 87, 136, -134, -2, -117, 53, 53, -68, -165, 219, 
-180, -92, 87, 136, -134, -2, -107, 53, 53, -78, -161, 229, 
-185, -92, 92, 139, -139, 0, -107, 58, 58, -78, -156, 229, 
-190, -92, 97, 141, -143, 2, -107, 58, 63, -73, -156, 229, 
-195, -92, 102, 143, -148, 4, -107, 58, 63, -63, -156, 234, 
-195, -87, 107, 141, -151, 9, -107, 68, 63, -53, -146, 234, 
-195, -82, 112, 139, -153, 14, -107, 68, 73, -58, -146, 234, 
-195, -82, 112, 139, -153, 14, -107, 73, 73, -58, -141, 234, 
-195, -78, 117, 136, -156, 19, -107, 73, 73, -53, -136, 239, 
-195, -73, 122, 134, -158, 24, -112, 78, 82, -53, -131, 244, 
-185, -78, 107, 131, -146, 14, -107, 78, 87, -48, -136, 244, 
-175, -73, 102, 124, -139, 14, -107, 78, 87, -39, -126, 253, 
-175, -68, 107, 122, -141, 19, -107, 78, 87, -39, -126, 253, 
-175, -63, 112, 119, -143, 24, -107, 78, 87, -39, -126, 253, 
-175, -58, 117, 117, -146, 29, -107, 78, 87, -39, -126, 253, 
-170, -58, 112, 114, -141, 26, -102, 87, 102, -34, -122, 258, 
-170, -53, 117, 112, -143, 31, -102, 92, 107, -29, -117, 258, 
-170, -53, 117, 112, -143, 31, -92, 102, 107, -29, -112, 263, 
-170, -53, 117, 112, -143, 31, -92, 102, 107, -29, -107, 263, 
-165, -48, 117, 107, -141, 34, -97, 102, 102, -34, -107, 258, 
-161, -53, 107, 107, -134, 26, -92, 102, 102, -39, -107, 258, 
-156, -53, 102, 104, -129, 24, -92, 102, 102, -39, -107, 253, 
-151, -53, 97, 102, -124, 21, -82, 97, 102, -39, -112, 253, 
-161, -58, 102, 109, -131, 21, -73, 107, 102, -39, -102, 263, 
-170, -63, 107, 117, -139, 21, -73, 112, 102, -39, -102, 263, 
-180, -73, 107, 126, -143, 17, -73, 117, 97, -43, -107, 263, 
-185, -82, 102, 134, -143, 9, -73, 122, 87, -48, -112, 263, 
-185, -87, 97, 136, -141, 4, -87, 117, 82, -58, -126, 248, 
-185, -92, 92, 139, -139, 0, -92, 117, 78, -58, -126, 248, 
-190, -97, 92, 143, -141, -2, -102, 107, 73, -58, -126, 244, 
-190, -102, 87, 146, -139, -7, -102, 102, 68, -58, -131, 244, 
-190, -97, 92, 143, -141, -2, -112, 82, 58, -68, -131, 239, 
-190, -97, 92, 143, -141, -2, -131, 63, 53, -68, -131, 239, 
-190, -97, 92, 143, -141, -2, -141, 48, 43, -73, -141, 239, 
-190, -97, 92, 143, -141, -2, -146, 34, 43, -78, -141, 239, 
-175, -97, 78, 136, -126, -9, -151, 24, 39, -87, -146, 239, 
-170, -92, 78, 131, -124, -7, -165, 14, 34, -87, -146, 239, 
-165, -92, 73, 129, -119, -9, -170, 4, 24, -92, -146, 239, 
-156, -92, 63, 124, -109, -14, -170, 4, 19, -97, -151, 234, 
-151, -107, 43, 129, -97, -31, -170, 4, 9, -107, -161, 224, 
-141, -107, 34, 124, -87, -36, -175, -4, 0, -112, -161, 224, 
-136, -107, 29, 122, -82, -39, -180, -9, 0, -112, -161, 224, 
-122, -97, 24, 109, -73, -36, -180, -9, 0, -112, -156, 229, 
-131, -102, 29, 117, -80, -36, -175, 0, 9, -92, -141, 239, 
-126, -97, 29, 112, -78, -34, -175, 4, 14, -92, -136, 244, 
-136, -97, 39, 117, -87, -29, -170, 4, 14, -92, -136, 244, 
-146, -102, 43, 124, -95, -29, -170, 4, 19, -92, -136, 248, 
-146, -92, 53, 119, -100, -19, -161, 0, 19, -78, -136, 239, 
-156, -92, 63, 124, -109, -14, -161, 14, 29, -78, -136, 244, 
-156, -92, 63, 124, -109, -14, -156, 14, 29, -78, -136, 244, 
-161, -92, 68, 126, -114, -12, -156, 9, 29, -78, -136, 239, 
-151, -107, 43, 129, -97, -31, -151, 19, 24, -87, -126, 234, 
-165, -112, 53, 139, -109, -29, -141, 24, 24, -87, -126, 234, 
-170, -117, 53, 143, -112, -31, -136, 29, 24, -87, -126, 234, 
-170, -126, 43, 148, -107, -41, -131, 29, 24, -87, -126, 229, 
-180, -126, 53, 153, -117, -36, -136, 29, 24, -87, -131, 229, 
-195, -131, 63, 163, -129, -34, -136, 29, 19, -92, -136, 224, 
-200, -136, 63, 168, -131, -36, -136, 29, 19, -97, -141, 219, 
-195, -136, 58, 165, -126, -39, -136, 24, 19, -97, -141, 219, 
-214, -136, 78, 175, -146, -29, -126, 24, 19, -97, -136, 219, 
-219, -141, 78, 180, -148, -31, -126, 29, 19, -92, -141, 219, 
-219, -146, 73, 183, -146, -36, -126, 34, 14, -92, -141, 209, 
-214, -146, 68, 180, -141, -39, -122, 34, 9, -97, -146, 209, 
-204, -146, 58, 175, -131, -43, -131, 34, 0, -112, -156, 209, 
-204, -146, 58, 175, -131, -43, -131, 34, 0, -112, -156, 209, 
-204, -146, 58, 175, -131, -43, -131, 39, 0, -112, -156, 209, 
-214, -151, 63, 183, -139, -43, -126, 39, 4, -112, -156, 214, 
-224, -141, 82, 183, -153, -29, -117, 39, 9, -107, -141, 214, 
-224, -141, 82, 183, -153, -29, -117, 39, 14, -102, -141, 214, 
-224, -141, 82, 183, -153, -29, -117, 39, 24, -92, -141, 219, 
-224, -141, 82, 183, -153, -29, -117, 39, 29, -87, -141, 219, 
-214, -151, 63, 183, -139, -43, -126, 39, 24, -97, -151, 219, 
-214, -151, 63, 183, -139, -43, -126, 39, 19, -97, -151, 219, 
-214, -146, 68, 180, -141, -39, -126, 39, 14, -97, -156, 209, 
-209, -146, 63, 178, -136, -41, -126, 39, 9, -97, -156, 209, 
-209, -146, 63, 178, -136, -41, -126, 39, 19, -97, -151, 209, 
-214, -146, 68, 180, -141, -39, -122, 39, 19, -97, -146, 209, 
-214, -146, 68, 180, -141, -39, -122, 39, 19, -97, -146, 219, 
-214, -146, 68, 180, -141, -39, -122, 43, 19, -97, -146, 219, 
-214, -146, 68, 180, -141, -39, -122, 34, 19, -97, -156, 209, 
-214, -141, 73, 178, -143, -34, -126, 29, 19, -97, -156, 209, 
-204, -141, 63, 173, -134, -39, -126, 29, 19, -97, -156, 209, 
-204, -141, 63, 173, -134, -39, -126, 29, 19, -97, -156, 204, 
-204, -141, 63, 173, -134, -39, -117, 39, 19, -97, -146, 214, 
-209, -141, 68, 175, -139, -36, -117, 43, 19, -97, -146, 214, 
-214, -141, 73, 178, -143, -34, -117, 43, 19, -97, -146, 214, 
-214, -141, 73, 178, -143, -34, -117, 43, 19, -97, -146, 214, 
-229, -146, 82, 187, -156, -31, -107, 53, 29, -92, -141, 224, 
-234, -151, 82, 192, -158, -34, -107, 58, 29, -92, -141, 224, 
-234, -151, 82, 192, -158, -34, -107, 58, 29, -92, -141, 224, 
-239, -151, 87, 195, -163, -31, -107, 58, 29, -92, -141, 224, 
-229, -146, 82, 187, -156, -31, -107, 53, 48, -73, -131, 224, 
-219, -131, 87, 175, -153, -21, -107, 53, 58, -58, -126, 229, 
-209, -107, 102, 158, -156, -2, -117, 53, 87, -39, -102, 244, 
-204, -78, 126, 141, -165, 24, -122, 53, 136, 9, -53, 283, 
-185, -43, 141, 114, -163, 48, -131, 53, 185, 78, 4, 331, 
-156, 0, 156, 78, -156, 78, -141, 73, 239, 146, 73, 380, 
-117, 39, 156, 39, -136, 97, -131, 107, 312, 214, 136, 444, 
-58, 92, 151, -17, -104, 122, -117, 175, 395, 297, 219, 507, 
39, 175, 136, -107, -48, 156, -126, 224, 488, 395, 312, 590, 
161, 268, 107, -214, 26, 187, -161, 253, 595, 512, 424, 678, 
283, 356, 73, -319, 104, 214, -185, 297, 688, 624, 546, 780, 
395, 444, 48, -419, 173, 246, -204, 331, 771, 727, 649, 883, 
478, 502, 24, -490, 226, 263, -258, 322, 800, 785, 727, 951, 
541, 541, 0, -541, 270, 270, -317, 253, 771, 780, 727, 971, 
556, 546, -9, -551, 283, 268, -375, 161, 673, 702, 668, 941, 
517, 536, 19, -527, 248, 278, -424, 19, 522, 556, 561, 893, 
448, 429, -19, -439, 234, 204, -507, -131, 273, 326, 366, 756, 
361, 234, -126, -297, 244, 53, -561, -253, -39, 29, 112, 556, 
283, 53, -229, -168, 256, -87, -610, -361, -307, -234, -136, 370, 
234, -63, -297, -85, 265, -180, -688, -492, -512, -414, -292, 239, 
180, -161, -341, -9, 261, -251, -756, -605, -668, -541, -395, 156, 
126, -263, -390, 68, 258, -326, -771, -649, -780, -629, -488, 78, 
82, -375, -458, 146, 270, -417, -751, -644, -868, -702, -570, -4, 
34, -502, -536, 234, 285, -519, -707, -600, -946, -780, -649, -97, 
-4, -629, -624, 317, 309, -627, -619, -483, -961, -824, -702, -165, 
-39, -697, -658, 368, 309, -678, -522, -336, -922, -824, -717, -185, 
-53, -683, -629, 368, 287, -656, -439, -219, -849, -785, -683, -165, 
-82, -610, -527, 346, 222, -568, -380, -131, -712, -692, -619, -131, 
-131, -502, -370, 317, 119, -436, -312, -63, -546, -561, -517, -53, 
-185, -385, -200, 285, 7, -292, -258, -24, -375, -424, -405, 29, 
-219, -292, -73, 256, -73, -183, -214, -4, -253, -326, -326, 92, 
-214, -253, -39, 234, -87, -146, -180, 19, -175, -253, -278, 126, 
-209, -224, -14, 217, -97, -119, -151, 39, -112, -209, -244, 151, 
-219, -204, 14, 212, -117, -95, -122, 63, -53, -156, -209, 175, 
-229, -190, 39, 209, -134, -75, -102, 87, -19, -126, -170, 200, 
-229, -185, 43, 207, -136, -70, -82, 97, -4, -112, -156, 214, 
-229, -156, 73, 192, -151, -41, -92, 87, 4, -102, -151, 214, 
-214, -146, 68, 180, -141, -39, -97, 82, 19, -102, -151, 214, 
-214, -141, 73, 178, -143, -34, -107, 82, 19, -112, -161, 204, 
-214, -141, 73, 178, -143, -34, -107, 82, 19, -112, -161, 200, 
-214, -141, 73, 178, -143, -34, -107, 82, 24, -107, -161, 200, 
-214, -141, 73, 178, -143, -34, -107, 87, 29, -107, -161, 200, 
-229, -141, 87, 185, -158, -26, -92, 87, 34, -92, -151, 209, 
-234, -141, 92, 187, -163, -24, -87, 92, 39, -82, -151, 214, 
-234, -141, 92, 187, -163, -24, -82, 92, 48, -82, -141, 219, 
-234, -136, 97, 185, -165, -19, -78, 97, 53, -73, -136, 224, 
-219, -141, 78, 180, -148, -31, -87, 97, 48, -78, -141, 224, 
-219, -141, 78, 180, -148, -31, -87, 97, 53, -78, -136, 229, 
-219, -141, 78, 180, -148, -31, -87, 97, 53, -78, -131, 229, 
-219, -136, 82, 178, -151, -26, -87, 92, 53, -78, -131, 229, 
-204, -126, 78, 165, -141, -24, -92, 92, 53, -82, -146, 219, 
-200, -126, 73, 163, -136, -26, -92, 97, 53, -82, -146, 214, 
-190, -126, 63, 158, -126, -31, -97, 97, 58, -82, -146, 214, 
-185, -126, 58, 156, -122, -34, -97, 97, 58, -82, -141, 214, 
-195, -122, 73, 158, -134, -24, -87, 107, 68, -78, -136, 219, 
-204, -122, 82, 163, -143, -19, -87, 107, 73, -73, -131, 229, 
-204, -122, 82, 163, -143, -19, -82, 107, 73, -63, -126, 234, 
-214, -122, 92, 168, -153, -14, -82, 107, 73, -58, -112, 239, 
-224, -122, 102, 173, -163, -9, -82, 107, 68, -68, -122, 239, 
-224, -122, 102, 173, -163, -9, -82, 107, 68, -68, -122, 239, 
-224, -122, 102, 173, -163, -9, -82, 107, 68, -68, -122, 239, 
-224, -122, 102, 173, -163, -9, -82, 107, 73, -68, -122, 239, 
-214, -122, 92, 168, -153, -14, -82, 107, 82, -68, -122, 229, 
-214, -122, 92, 168, -153, -14, -82, 107, 82, -68, -122, 229, 
-219, -122, 97, 170, -158, -12, -82, 107, 82, -68, -117, 234, 
-219, -117, 102, 168, -161, -7, -82, 107, 82, -63, -112, 234, 
-209, -117, 92, 163, -151, -12, -92, 97, 73, -63, -122, 234, 
-200, -117, 82, 158, -141, -17, -92, 97, 82, -58, -122, 234, 
-195, -117, 78, 156, -136, -19, -92, 107, 82, -58, -117, 239, 
-190, -107, 82, 148, -136, -12, -92, 107, 82, -58, -117, 239, 
-185, -107, 78, 146, -131, -14, -102, 107, 87, -48, -117, 239, 
-185, -112, 73, 148, -129, -19, -102, 107, 87, -48, -112, 239, 
-180, -112, 68, 146, -124, -21, -102, 112, 92, -48, -107, 244, 
-180, -112, 68, 146, -124, -21, -102, 112, 92, -48, -107, 244, 
-170, -107, 63, 139, -117, -21, -97, 112, 92, -53, -117, 244, 
-170, -102, 68, 136, -119, -17, -97, 117, 97, -48, -112, 248, 
-170, -92, 78, 131, -124, -7, -102, 117, 102, -48, -107, 248, 
-170, -92, 78, 131, -124, -7, -102, 117, 107, -39, -107, 248, 
-175, -92, 82, 134, -129, -4, -92, 131, 117, -39, -97, 248, 
-170, -92, 78, 131, -124, -7, -92, 131, 122, -39, -97, 253, 
-170, -92, 78, 131, -124, -7, -92, 131, 126, -39, -97, 253, 
-175, -87, 87, 131, -131, 0, -92, 136, 126, -39, -97, 258, 
-195, -87, 107, 141, -151, 9, -82, 146, 141, -19, -82, 268, 
-200, -82, 117, 141, -158, 17, -82, 151, 146, -19, -78, 273, 
-190, -73, 117, 131, -153, 21, -82, 151, 146, -19, -78, 278, 
-195, -68, 126, 131, -161, 29, -82, 156, 146, -14, -78, 278, 
-190, -68, 122, 129, -156, 26, -82, 146, 136, -14, -68, 278, 
-185, -68, 117, 126, -151, 24, -87, 146, 146, -4, -68, 278, 
-180, -63, 117, 122, -148, 26, -92, 151, 151, 0, -68, 278, 
-170, -63, 107, 117, -139, 21, -97, 161, 151, 0, -68, 283, 
-161, -58, 102, 109, -131, 21, -97, 161, 146, -9, -73, 273, 
-156, -53, 102, 104, -129, 24, -97, 161, 151, 0, -68, 273, 
-146, -48, 97, 97, -122, 24, -97, 170, 156, 4, -63, 278, 
-131, -43, 87, 87, -109, 21, -97, 175, 161, 9, -58, 283, 
-146, -43, 102, 95, -124, 29, -87, 185, 180, 24, -53, 297, 
-156, -39, 117, 97, -136, 39, -87, 190, 185, 34, -48, 302, 
-161, -34, 126, 97, -143, 46, -87, 195, 195, 39, -43, 307, 
-151, -29, 122, 90, -136, 46, -87, 200, 200, 43, -39, 312, 
-141, -24, 117, 82, -129, 46, -97, 190, 195, 34, -34, 307, 
-131, -19, 112, 75, -122, 46, -97, 195, 200, 43, -29, 312, 
-122, -9, 112, 65, -117, 51, -97, 200, 214, 53, -19, 317, 
-112, 0, 112, 56, -112, 56, -97, 204, 229, 58, -14, 322, 
-117, 4, 122, 56, -119, 63, -87, 214, 248, 73, -4, 331, 
-117, 14, 131, 51, -124, 73, -87, 229, 258, 82, 14, 346, 
-117, 24, 141, 46, -129, 82, -87, 239, 268, 97, 24, 356, 
-112, 34, 146, 39, -129, 90, -92, 248, 273, 107, 34, 366, 
-102, 39, 141, 31, -122, 90, -92, 244, 283, 107, 29, 370, 
-97, 43, 141, 26, -119, 92, -92, 248, 292, 117, 39, 366, 
-78, 53, 131, 12, -104, 92, -92, 248, 302, 122, 48, 375, 
-63, 63, 126, 0, -95, 95, -92, 258, 317, 131, 63, 380, 
-53, 68, 122, -7, -87, 95, -102, 263, 322, 131, 68, 390, 
-43, 78, 122, -17, -82, 100, -107, 268, 331, 141, 73, 395, 
-39, 87, 126, -24, -82, 107, -107, 268, 336, 151, 78, 400, 
-29, 97, 126, -34, -78, 112, -107, 273, 341, 156, 82, 405, 
-29, 107, 136, -39, -82, 122, -107, 273, 346, 175, 97, 414, 
-14, 117, 131, -51, -73, 124, -107, 278, 356, 185, 97, 419, 
-14, 122, 136, -53, -75, 129, -112, 278, 366, 185, 102, 424, 
0, 122, 122, -61, -61, 122, -117, 278, 370, 200, 102, 429, 
0, 126, 126, -63, -63, 126, -117, 278, 380, 200, 112, 434, 
0, 136, 136, -68, -68, 136, -117, 278, 385, 200, 122, 439, 
4, 146, 141, -75, -68, 143, -122, 283, 390, 200, 126, 444, 
9, 151, 141, -80, -65, 146, -122, 283, 390, 209, 131, 448, 
4, 151, 146, -78, -70, 148, -122, 292, 385, 209, 126, 453, 
9, 156, 146, -82, -68, 151, -126, 292, 395, 214, 126, 458, 
9, 156, 146, -82, -68, 151, -126, 292, 400, 219, 131, 458, 
9, 161, 151, -85, -70, 156, -136, 287, 400, 219, 131, 463, 
14, 161, 146, -87, -65, 153, -126, 278, 405, 234, 141, 463, 
14, 161, 146, -87, -65, 153, -126, 268, 405, 234, 141, 463, 
14, 161, 146, -87, -65, 153, -131, 268, 400, 229, 136, 463, 
9, 161, 151, -85, -70, 156, -136, 263, 395, 224, 136, 463, 
9, 156, 146, -82, -68, 151, -136, 244, 380, 214, 126, 458, 
4, 151, 146, -78, -70, 148, -136, 239, 375, 204, 122, 453, 
-4, 151, 156, -73, -80, 153, -136, 229, 361, 200, 117, 453, 
-14, 141, 156, -63, -85, 148, -136, 219, 346, 190, 107, 448, 
-9, 136, 146, -63, -78, 141, -146, 200, 326, 185, 102, 434, 
-24, 126, 151, -51, -87, 139, -146, 190, 312, 170, 87, 424, 
-34, 122, 156, -43, -95, 139, -151, 175, 292, 156, 73, 414, 
-39, 107, 146, -34, -92, 126, -151, 165, 273, 141, 58, 405, 
-43, 97, 141, -26, -92, 119, -151, 156, 248, 122, 39, 380, 
-48, 82, 131, -17, -90, 107, -151, 151, 234, 102, 24, 370, 
-63, 73, 136, -4, -100, 104, -151, 141, 214, 82, 9, 356, 
-78, 53, 131, 12, -104, 92, -151, 131, 200, 63, 0, 346, 
-92, 29, 122, 31, -107, 75, -146, 126, 185, 58, -4, 346, 
-102, 14, 117, 43, -109, 65, -146, 117, 170, 48, -19, 341, 
-122, 0, 122, 61, -122, 61, -146, 112, 161, 34, -29, 331, 
-136, -14, 122, 75, -129, 53, -146, 102, 146, 19, -39, 326, 
-156, -14, 141, 85, -148, 63, -131, 97, 136, 9, -43, 317, 
-170, -24, 146, 97, -158, 61, -131, 97, 126, 0, -53, 312, 
-185, -43, 141, 114, -163, 48, -131, 97, 122, -4, -68, 307, 
-204, -58, 146, 131, -175, 43, -131, 92, 117, -14, -78, 292, 
-190, -63, 126, 126, -158, 31, -131, 78, 92, -19, -87, 283, 
-195, -73, 122, 134, -158, 24, -131, 73, 82, -24, -92, 278, 
-190, -73, 117, 131, -153, 21, -131, 68, 78, -29, -97, 268, 
-190, -78, 112, 134, -151, 17, -131, 68, 73, -39, -102, 263, 
-190, -82, 107, 136, -148, 12, -136, 73, 78, -48, -117, 263, 
-195, -87, 107, 141, -151, 9, -136, 68, 63, -53, -117, 258, 
-195, -87, 107, 141, -151, 9, -141, 63, 58, -63, -126, 253, 
-195, -87, 107, 141, -151, 9, -141, 63, 48, -63, -126, 253, 
-200, -107, 92, 153, -146, -7, -141, 63, 39, -73, -136, 239, 
-204, -112, 92, 158, -148, -9, -141, 58, 39, -78, -136, 229, 
-204, -122, 82, 163, -143, -19, -141, 53, 34, -78, -141, 224, 
-204, -126, 78, 165, -141, -24, -141, 53, 34, -87, -146, 224, 
-190, -122, 68, 156, -129, -26, -141, 53, 19, -97, -156, 229, 
-190, -122, 68, 156, -129, -26, -141, 48, 19, -97, -161, 224, 
-185, -126, 58, 156, -122, -34, -141, 48, 14, -102, -165, 224, 
-180, -126, 53, 153, -117, -36, -141, 48, 9, -107, -165, 224, 
-200, -122, 78, 161, -139, -21, -131, 58, 24, -102, -161, 234, 
-209, -122, 87, 165, -148, -17, -131, 58, 24, -97, -156, 234, 
-219, -122, 97, 170, -158, -12, -131, 58, 24, -92, -151, 234, 
-234, -122, 112, 178, -173, -4, -131, 63, 29, -87, -146, 234, 
-229, -131, 97, 180, -163, -17, -131, 63, 24, -92, -156, 229, 
-229, -131, 97, 180, -163, -17, -131, 63, 19, -92, -156, 224, 
-234, -131, 102, 183, -168, -14, -131, 63, 14, -97, -156, 219, 
-239, -136, 102, 187, -170, -17, -122, 63, 14, -102, -151, 214, 
-239, -136, 102, 187, -170, -17, -117, 58, 14, -92, -151, 224, 
-234, -136, 97, 185, -165, -19, -117, 58, 14, -92, -151, 224, 
-234, -136, 97, 185, -165, -19, -122, 58, 14, -92, -151, 219, 
-234, -136, 97, 185, -165, -19, -122, 58, 14, -97, -151, 214, 
-219, -126, 92, 173, -156, -17, -117, 58, 19, -97, -151, 214, 
-219, -122, 97, 170, -158, -12, -117, 58, 19, -92, -156, 214, 
-219, -122, 97, 170, -158, -12, -122, 58, 24, -92, -156, 214, 
-219, -122, 97, 170, -158, -12, -122, 58, 24, -92, -156, 214, 
-219, -122, 97, 170, -158, -12, -122, 58, 34, -82, -146, 219, 
-219, -122, 97, 170, -158, -12, -122, 58, 34, -82, -146, 224, 
-219, -122, 97, 170, -158, -12, -122, 58, 34, -82, -146, 224, 
-219, -122, 97, 170, -158, -12, -117, 58, 39, -78, -146, 224, 
-214, -112, 102, 163, -158, -4, -126, 58, 34, -82, -146, 224, 
-214, -112, 102, 163, -158, -4, -131, 63, 34, -82, -146, 224, 
-209, -112, 97, 161, -153, -7, -131, 63, 34, -82, -146, 224, 
-204, -112, 92, 158, -148, -9, -131, 63, 34, -82, -146, 224, 
-200, -122, 78, 161, -139, -21, -131, 63, 43, -82, -146, 224, 
-200, -122, 78, 161, -139, -21, -131, 58, 43, -82, -146, 224, 
-200, -122, 78, 161, -139, -21, -131, 58, 43, -82, -146, 224, 
-200, -112, 87, 156, -143, -12, -131, 58, 43, -82, -141, 224, 
-214, -112, 102, 163, -158, -4, -122, 68, 48, -78, -131, 234, 
-224, -112, 112, 168, -168, 0, -117, 78, 53, -73, -131, 234, 
-239, -112, 126, 175, -183, 7, -112, 78, 53, -63, -126, 239, 
-248, -112, 136, 180, -192, 12, -107, 73, 53, -58, -126, 239, 
-234, -112, 122, 173, -178, 4, -117, 82, 53, -68, -122, 239, 
-234, -112, 122, 173, -178, 4, -117, 87, 58, -68, -117, 239, 
-234, -112, 122, 173, -178, 4, -117, 87, 63, -63, -117, 239, 
-234, -112, 122, 173, -178, 4, -117, 87, 63, -53, -117, 244, 
-224, -97, 126, 161, -175, 14, -117, 87, 63, -53, -117, 244, 
-224, -92, 131, 158, -178, 19, -117, 87, 73, -58, -117, 244, 
-224, -92, 131, 158, -178, 19, -117, 92, 73, -58, -112, 244, 
-224, -87, 136, 156, -180, 24, -117, 92, 73, -53, -107, 248, 
-204, -92, 112, 148, -158, 9, -122, 87, 73, -53, -122, 244, 
-200, -87, 112, 143, -156, 12, -122, 78, 73, -53, -122, 239, 
-190, -87, 102, 139, -146, 7, -122, 78, 73, -48, -122, 248, 
-175, -73, 102, 124, -139, 14, -122, 78, 68, -48, -112, 239, 
-165, -58, 107, 112, -136, 24, -117, 87, 78, -48, -107, 244, 
-185, -68, 117, 126, -151, 24, -107, 97, 82, -43, -102, 248, 
-195, -68, 126, 131, -161, 29, -107, 97, 87, -39, -97, 253, 
-204, -68, 136, 136, -170, 34, -107, 97, 92, -34, -92, 258, 
-214, -68, 146, 141, -180, 39, -107, 97, 97, -29, -87, 263, 
-204, -68, 136, 136, -170, 34, -112, 97, 112, -24, -87, 268, 
-200, -63, 136, 131, -168, 36, -112, 102, 117, -19, -87, 268, 
-195, -63, 131, 129, -163, 34, -102, 112, 117, -19, -87, 273, 
-190, -63, 126, 126, -158, 31, -102, 112, 117, -19, -87, 273, 
-200, -58, 141, 129, -170, 41, -107, 117, 102, -34, -87, 268, 
-200, -63, 136, 131, -168, 36, -102, 122, 102, -39, -87, 268, 
-200, -63, 136, 131, -168, 36, -102, 126, 102, -39, -87, 263, 
-200, -63, 136, 131, -168, 36, -92, 126, 102, -39, -92, 263, 
-190, -63, 126, 126, -158, 31, -92, 122, 92, -29, -102, 263, 
-190, -63, 126, 126, -158, 31, -92, 122, 92, -29, -102, 263, 
-190, -68, 122, 129, -156, 26, -92, 122, 87, -34, -107, 263, 
-185, -73, 112, 129, -148, 19, -92, 122, 78, -39, -112, 263, 
-175, -78, 97, 126, -136, 9, -97, 117, 73, -58, -117, 248, 
-175, -82, 92, 129, -134, 4, -102, 117, 68, -58, -117, 248, 
-180, -87, 92, 134, -136, 2, -112, 107, 63, -58, -117, 244, 
-180, -92, 87, 136, -134, -2, -112, 102, 58, -58, -122, 244, 
-175, -87, 87, 131, -131, 0, -131, 87, 39, -73, -131, 229, 
-170, -87, 82, 129, -126, -2, -151, 73, 34, -78, -131, 229, 
-165, -87, 78, 126, -122, -4, -161, 63, 24, -87, -141, 229, 
-161, -87, 73, 124, -117, -7, -165, 53, 24, -97, -141, 229, 
-180, -87, 92, 134, -136, 2, -161, 43, 29, -82, -131, 234, 
-190, -82, 107, 136, -148, 12, -175, 34, 24, -78, -126, 239, 
-200, -82, 117, 141, -158, 17, -180, 24, 14, -78, -122, 244, 
-204, -82, 122, 143, -163, 19, -180, 24, 9, -78, -122, 244, 
-204, -92, 112, 148, -158, 9, -180, 24, 9, -87, -122, 244, 
-200, -97, 102, 148, -151, 2, -185, 14, 0, -92, -122, 244, 
-200, -102, 97, 151, -148, -2, -190, 9, 0, -92, -122, 244, 
-190, -97, 92, 143, -141, -2, -190, 9, 0, -92, -117, 248, 
-185, -92, 92, 139, -139, 0, -185, 19, 9, -82, -122, 244, 
-165, -87, 78, 126, -122, -4, -185, 24, 14, -82, -117, 244, 
-161, -87, 73, 124, -117, -7, -180, 24, 14, -82, -117, 239, 
-156, -92, 63, 124, -109, -14, -180, 24, 19, -82, -117, 239, 
-146, -82, 63, 114, -104, -9, -180, 29, 9, -78, -117, 239, 
-156, -82, 73, 119, -114, -4, -180, 43, 19, -78, -117, 244, 
-156, -82, 73, 119, -114, -4, -175, 43, 19, -78, -117, 244, 
-161, -82, 78, 122, -119, -2, -175, 39, 19, -78, -117, 239, 
-161, -78, 82, 119, -122, 2, -180, 29, 14, -78, -126, 244, 
-175, -82, 92, 129, -134, 4, -170, 34, 14, -78, -126, 244, 
-180, -87, 92, 134, -136, 2, -165, 39, 14, -78, -126, 244, 
-180, -97, 82, 139, -131, -7, -161, 39, 14, -78, -126, 239, 
-185, -107, 78, 146, -131, -14, -156, 39, 14, -78, -131, 229, 
-195, -112, 82, 153, -139, -14, -156, 39, 9, -82, -136, 224, 
-195, -117, 78, 156, -136, -19, -156, 39, 9, -87, -141, 219, 
-185, -117, 68, 151, -126, -24, -156, 34, 9, -87, -141, 219, 
-209, -126, 82, 168, -146, -21, -151, 39, 19, -87, -136, 229, 
-229, -131, 97, 180, -163, -17, -146, 48, 19, -82, -141, 229, 
-244, -136, 107, 190, -175, -14, -141, 58, 14, -82, -141, 219, 
-253, -136, 117, 195, -185, -9, -131, 63, 9, -87, -146, 219, 
-244, -136, 107, 190, -175, -14, -141, 53, 0, -92, -156, 219, 
-244, -136, 107, 190, -175, -14, -141, 53, 0, -92, -156, 219, 
-244, -136, 107, 190, -175, -14, -141, 58, 0, -92, -156, 219, 
-253, -141, 112, 197, -183, -14, -136, 58, 4, -92, -156, 224, 
-248, -141, 107, 195, -178, -17, -136, 48, 4, -102, -151, 214, 
-244, -141, 102, 192, -173, -19, -136, 48, 4, -102, -151, 214, 
-239, -141, 97, 190, -168, -21, -136, 48, 9, -97, -151, 219, 
-234, -141, 92, 187, -163, -24, -136, 48, 9, -97, -151, 219, 
-224, -131, 92, 178, -158, -19, -136, 48, 9, -97, -151, 219, 
-224, -131, 92, 178, -158, -19, -136, 48, 9, -97, -151, 219, 
-224, -126, 97, 175, -161, -14, -136, 48, 9, -97, -156, 209, 
-219, -126, 92, 173, -156, -17, -136, 48, 9, -97, -156, 209, 
-229, -126, 102, 178, -165, -12, -136, 48, 9, -87, -161, 209, 
-234, -126, 107, 180, -170, -9, -131, 48, 9, -87, -156, 209, 
-234, -126, 107, 180, -170, -9, -131, 48, 9, -87, -156, 219, 
-234, -126, 107, 180, -170, -9, -131, 53, 9, -87, -156, 219, 
-244, -126, 117, 185, -180, -4, -131, 53, 19, -78, -146, 219, 
-244, -122, 122, 183, -183, 0, -136, 48, 19, -78, -146, 219, 
-234, -122, 112, 178, -173, -4, -136, 48, 19, -78, -146, 219, 
-234, -122, 112, 178, -173, -4, -136, 48, 19, -78, -146, 214, 
-224, -122, 102, 173, -163, -9, -136, 48, 9, -87, -146, 224, 
-229, -122, 107, 175, -168, -7, -136, 53, 9, -87, -146, 224, 
-234, -122, 112, 178, -173, -4, -136, 53, 9, -87, -146, 224, 
-234, -122, 112, 178, -173, -4, -136, 53, 9, -87, -146, 224, 
-219, -126, 92, 173, -156, -17, -136, 53, 9, -82, -151, 224, 
-214, -131, 82, 173, -148, -24, -136, 58, 9, -82, -151, 224, 
-204, -131, 73, 168, -139, -29, -136, 58, 9, -82, -151, 224, 
-200, -131, 68, 165, -134, -31, -136, 58, 9, -82, -151, 224, 
-219, -117, 102, 168, -161, -7, -126, 73, 29, -73, -141, 224, 
-229, -122, 107, 175, -168, -7, -126, 73, 39, -58, -126, 229, 
-229, -97, 131, 163, -180, 17, -126, 73, 78, -39, -102, 244, 
-204, -58, 146, 131, -175, 43, -141, 63, 117, 9, -63, 273, 
-175, -14, 161, 95, -168, 73, -170, 43, 175, 68, -14, 322, 
-146, 29, 175, 58, -161, 102, -161, 63, 229, 136, 53, 370, 
-117, 58, 175, 29, -146, 117, -141, 117, 283, 204, 117, 424, 
-78, 102, 180, -12, -129, 141, -126, 175, 356, 297, 209, 497, 
9, 156, 146, -82, -68, 151, -126, 244, 448, 395, 302, 580, 
141, 248, 107, -195, 17, 178, -151, 302, 546, 492, 405, 668, 
283, 336, 53, -309, 114, 195, -185, 336, 629, 585, 517, 761, 
395, 414, 19, -405, 187, 217, -214, 361, 692, 658, 610, 844, 
497, 473, -24, -485, 261, 224, -258, 361, 722, 707, 668, 902, 
551, 512, -39, -531, 295, 236, -307, 302, 702, 702, 678, 932, 
546, 527, -19, -536, 283, 253, -356, 200, 624, 644, 629, 902, 
507, 517, 9, -512, 248, 263, -405, 68, 492, 517, 522, 834, 
458, 429, -29, -444, 244, 200, -458, -73, 273, 297, 326, 707, 
370, 234, -136, -302, 253, 48, -531, -214, -19, 9, 82, 517, 
292, 34, -258, -163, 275, -112, -580, -341, -297, -244, -165, 331, 
244, -73, -317, -85, 280, -195, -658, -463, -502, -405, -322, 209, 
170, -151, -322, -9, 246, -236, -736, -585, -658, -512, -405, 136, 
87, -234, -322, 73, 204, -278, -771, -639, -771, -610, -488, 58, 
43, -326, -370, 141, 207, -348, -761, -644, -849, -683, -561, -24, 
4, -444, -448, 219, 226, -446, -727, -619, -907, -751, -639, -97, 
-34, -561, -527, 297, 246, -544, -668, -541, -941, -795, -683, -156, 
-68, -629, -561, 348, 246, -595, -580, -414, -922, -805, -697, -175, 
-92, -634, -541, 363, 224, -588, -478, -278, -839, -766, -673, -165, 
-131, -590, -458, 361, 163, -524, -400, -170, -722, -683, -619, -131, 
-170, -492, -322, 331, 75, -407, -322, -73, -566, -561, -527, -53, 
-204, -375, -170, 290, -17, -273, -258, -14, -414, -434, -424, 19, 
-219, -292, -73, 256, -73, -183, -234, 14, -292, -336, -346, 73, 
-214, -244, -29, 229, -92, -136, -209, 29, -214, -273, -307, 97, 
-209, -204, 4, 207, -107, -100, -180, 48, -141, -219, -263, 131, 
-209, -165, 43, 187, -126, -61, -151, 73, -73, -165, -209, 165, 
-229, -151, 78, 190, -153, -36, -122, 97, -19, -126, -180, 200, 
-258, -146, 112, 202, -185, -17, -102, 107, 4, -102, -156, 214, 
-248, -126, 122, 187, -185, -2, -102, 107, 14, -92, -151, 214, 
-224, -107, 117, 165, -170, 4, -117, 102, 29, -82, -151, 224, 
-204, -112, 92, 158, -148, -9, -126, 92, 24, -87, -161, 214, 
-204, -112, 92, 158, -148, -9, -126, 92, 19, -92, -161, 209, 
-204, -112, 92, 158, -148, -9, -126, 92, 19, -92, -161, 209, 
-204, -112, 92, 158, -148, -9, -126, 97, 19, -97, -161, 209, 
-209, -112, 97, 161, -153, -7, -122, 97, 24, -92, -151, 209, 
-214, -112, 102, 163, -158, -4, -117, 102, 29, -82, -151, 214, 
-214, -112, 102, 163, -158, -4, -112, 102, 39, -82, -141, 219, 
-214, -107, 107, 161, -161, 0, -107, 107, 43, -73, -136, 224, 
-219, -92, 126, 156, -173, 17, -107, 117, 48, -68, -141, 234, 
-219, -92, 126, 156, -173, 17, -107, 117, 53, -68, -136, 239, 
-219, -92, 126, 156, -173, 17, -107, 117, 53, -68, -131, 239, 
-219, -87, 131, 153, -175, 21, -107, 112, 53, -68, -131, 239, 
-209, -97, 112, 153, -161, 7, -102, 102, 43, -73, -136, 234, 
-209, -97, 112, 153, -161, 7, -102, 107, 43, -73, -136, 224, 
-204, -97, 107, 151, -156, 4, -107, 107, 48, -73, -136, 219, 
-204, -97, 107, 151, -156, 4, -107, 107, 48, -73, -131, 214, 
-209, -102, 107, 156, -158, 2, -107, 107, 58, -63, -131, 224, 
-214, -102, 112, 158, -163, 4, -107, 107, 63, -63, -131, 229, 
-209, -102, 107, 156, -158, 2, -102, 107, 63, -58, -131, 229, 
-214, -102, 112, 158, -163, 4, -102, 107, 63, -58, -122, 229, 
-204, -92, 112, 148, -158, 9, -102, 107, 58, -68, -131, 229, 
-204, -92, 112, 148, -158, 9, -102, 107, 58, -68, -131, 229, 
-204, -92, 112, 148, -158, 9, -102, 107, 58, -68, -131, 229, 
-204, -92, 112, 148, -158, 9, -102, 107, 63, -68, -131, 229, 
-204, -82, 122, 143, -163, 19, -102, 107, 73, -58, -122, 229, 
-204, -82, 122, 143, -163, 19, -102, 107, 73, -58, -122, 229, 
-209, -82, 126, 146, -168, 21, -102, 107, 73, -58, -117, 234, 
-209, -78, 131, 143, -170, 26, -102, 107, 73, -53, -112, 234, 
-190, -78, 112, 134, -151, 17, -107, 107, 63, -63, -122, 224, 
-180, -78, 102, 129, -141, 12, -112, 107, 73, -58, -122, 224, 
-175, -78, 97, 126, -136, 9, -117, 117, 73, -58, -117, 229, 
-170, -68, 102, 119, -136, 17, -122, 117, 73, -58, -117, 229, 
-175, -58, 117, 117, -146, 29, -122, 107, 68, -58, -117, 239, 
-175, -63, 112, 119, -143, 24, -122, 107, 68, -58, -112, 239, 
-170, -63, 107, 117, -139, 21, -122, 112, 73, -58, -107, 244, 
-170, -63, 107, 117, -139, 21, -122, 112, 73, -58, -107, 244, 
-185, -63, 122, 124, -153, 29, -122, 122, 82, -43, -97, 244, 
-190, -63, 126, 126, -158, 31, -117, 126, 87, -39, -92, 248, 
-195, -58, 136, 126, -165, 39, -117, 126, 92, -39, -87, 248, 
-200, -63, 136, 131, -168, 36, -112, 126, 97, -29, -87, 248, 
-200, -63, 136, 131, -168, 36, -112, 131, 97, -29, -87, 258, 
-190, -63, 126, 126, -158, 31, -112, 131, 102, -29, -87, 263, 
-185, -63, 122, 124, -153, 29, -112, 131, 107, -29, -87, 263, 
-185, -58, 126, 122, -156, 34, -112, 136, 107, -29, -87, 268, 
-180, -58, 122, 119, -151, 31, -112, 136, 112, -19, -82, 263, 
-180, -53, 126, 117, -153, 36, -112, 141, 117, -19, -78, 263, 
-165, -43, 122, 104, -143, 39, -112, 141, 117, -19, -78, 263, 
-165, -39, 126, 102, -146, 43, -112, 146, 117, -14, -78, 258, 
-161, -39, 122, 100, -141, 41, -117, 146, 107, -24, -78, 258, 
-156, -39, 117, 97, -136, 39, -117, 146, 117, -14, -78, 258, 
-151, -34, 117, 92, -134, 41, -117, 151, 122, -9, -78, 258, 
-141, -34, 107, 87, -124, 36, -117, 161, 122, -9, -78, 263, 
-146, -39, 107, 92, -126, 34, -117, 161, 136, -9, -63, 263, 
-146, -34, 112, 90, -129, 39, -117, 161, 141, 0, -58, 263, 
-141, -29, 112, 85, -126, 41, -117, 170, 146, 4, -53, 268, 
-131, -24, 107, 78, -119, 41, -117, 175, 151, 9, -48, 273, 
-131, -19, 112, 75, -122, 46, -117, 175, 161, 24, -43, 287, 
-136, -9, 126, 73, -131, 58, -117, 180, 165, 34, -39, 292, 
-136, 0, 136, 68, -136, 68, -117, 185, 175, 39, -34, 297, 
-122, 9, 131, 56, -126, 70, -117, 190, 180, 43, -29, 302, 
-117, 24, 141, 46, -129, 82, -117, 190, 175, 53, -24, 307, 
-112, 29, 141, 41, -126, 85, -117, 195, 180, 63, -19, 312, 
-107, 39, 146, 34, -126, 92, -117, 200, 195, 73, -9, 317, 
-102, 48, 151, 26, -126, 100, -117, 204, 209, 78, -4, 322, 
-97, 48, 146, 24, -122, 97, -126, 209, 209, 73, 0, 317, 
-87, 53, 141, 17, -114, 97, -126, 219, 219, 82, 14, 326, 
-78, 58, 136, 9, -107, 97, -126, 224, 229, 97, 19, 331, 
-63, 63, 126, 0, -95, 95, -131, 229, 234, 107, 24, 336, 
-68, 68, 136, 0, -102, 102, -131, 234, 244, 112, 24, 346, 
-68, 73, 141, -2, -104, 107, -131, 239, 253, 117, 29, 346, 
-53, 82, 136, -14, -95, 109, -131, 239, 263, 117, 34, 361, 
-43, 92, 136, -24, -90, 114, -131, 248, 278, 122, 43, 370, 
-43, 107, 151, -31, -97, 129, -122, 263, 287, 141, 63, 380, 
-34, 117, 151, -41, -92, 134, -126, 268, 302, 151, 73, 385, 
-29, 126, 156, -48, -92, 141, -126, 268, 312, 161, 82, 390, 
-19, 136, 156, -58, -87, 146, -126, 273, 322, 165, 92, 395, 
0, 146, 146, -73, -73, 146, -126, 273, 317, 165, 97, 405, 
14, 156, 141, -85, -63, 148, -126, 278, 326, 175, 97, 409, 
14, 161, 146, -87, -65, 153, -131, 278, 336, 175, 102, 414, 
29, 161, 131, -95, -51, 146, -136, 278, 341, 190, 102, 419, 
19, 165, 146, -92, -63, 156, -136, 287, 361, 200, 102, 424, 
19, 175, 156, -97, -68, 165, -136, 287, 366, 200, 112, 429, 
24, 185, 161, -104, -68, 173, -141, 292, 370, 200, 117, 434, 
29, 190, 161, -109, -65, 175, -141, 292, 370, 209, 122, 439, 
24, 190, 165, -107, -70, 178, -131, 283, 375, 209, 136, 444, 
29, 195, 165, -112, -68, 180, -136, 283, 385, 214, 136, 448, 
29, 195, 165, -112, -68, 180, -136, 283, 390, 219, 141, 448, 
29, 200, 170, -114, -70, 185, -146, 278, 390, 219, 141, 453, 
43, 209, 165, -126, -61, 187, -156, 268, 380, 224, 141, 453, 
43, 209, 165, -126, -61, 187, -156, 258, 375, 224, 141, 453, 
43, 209, 165, -126, -61, 187, -161, 258, 366, 219, 136, 453, 
39, 209, 170, -124, -65, 190, -165, 253, 356, 214, 136, 453, 
39, 204, 165, -122, -63, 185, -156, 253, 346, 204, 126, 448, 
34, 200, 165, -117, -65, 183, -156, 248, 346, 195, 122, 444, 
24, 200, 175, -112, -75, 187, -156, 239, 336, 190, 117, 444, 
14, 190, 175, -102, -80, 183, -156, 229, 326, 180, 107, 439, 
9, 175, 165, -92, -78, 170, -165, 219, 317, 175, 102, 434, 
-4, 165, 170, -80, -87, 168, -165, 209, 302, 161, 87, 424, 
-14, 161, 175, -73, -95, 168, -170, 195, 283, 146, 73, 414, 
-19, 146, 165, -63, -92, 156, -170, 185, 263, 131, 58, 405, 
-34, 146, 180, -56, -107, 163, -180, 170, 258, 126, 58, 380, 
-39, 131, 170, -46, -104, 151, -180, 161, 244, 112, 43, 370, 
-53, 122, 175, -34, -114, 148, -180, 146, 224, 97, 29, 356, 
-68, 102, 170, -17, -119, 136, -180, 131, 209, 82, 19, 346, 
-78, 92, 170, -7, -124, 131, -175, 117, 190, 68, 14, 336, 
-82, 82, 165, 0, -124, 124, -175, 107, 170, 58, 0, 331, 
-97, 73, 170, 12, -134, 122, -175, 102, 156, 43, -9, 322, 
-107, 63, 170, 21, -139, 117, -175, 92, 136, 29, -19, 317, 
-112, 43, 156, 34, -134, 100, -161, 87, 126, 14, -34, 297, 
-122, 34, 156, 43, -139, 95, -161, 87, 117, 0, -43, 292, 
-131, 14, 146, 58, -139, 80, -161, 87, 112, -9, -58, 287, 
-146, 0, 146, 73, -146, 73, -161, 82, 107, -24, -68, 273, 
-156, -14, 141, 85, -148, 63, -161, 78, 92, -29, -87, 253, 
-165, -24, 141, 95, -153, 58, -161, 73, 82, -34, -92, 248, 
-165, -24, 141, 95, -153, 58, -161, 68, 78, -39, -97, 239, 
-170, -29, 141, 100, -156, 56, -161, 68, 73, -48, -102, 234, 
-190, -43, 146, 117, -168, 51, -146, 73, 68, -48, -107, 234, 
-195, -48, 146, 122, -170, 48, -146, 68, 53, -53, -107, 229, 
-195, -48, 146, 122, -170, 48, -151, 63, 48, -63, -117, 224, 
-195, -48, 146, 122, -170, 48, -151, 63, 39, -63, -117, 224, 
-190, -48, 141, 119, -165, 46, -141, 63, 29, -73, -126, 219, 
-195, -53, 141, 124, -168, 43, -141, 58, 29, -78, -126, 209, 
-195, -63, 131, 129, -163, 34, -141, 53, 24, -78, -131, 204, 
-195, -68, 126, 131, -161, 29, -141, 53, 24, -87, -136, 204, 
-195, -73, 122, 134, -158, 24, -151, 53, 14, -92, -146, 190, 
-200, -73, 126, 136, -163, 26, -151, 48, 9, -97, -151, 185, 
-200, -78, 122, 139, -161, 21, -151, 48, 0, -107, -156, 185, 
-200, -78, 122, 139, -161, 21, -151, 48, -9, -117, -156, 185, 
-200, -63, 136, 131, -168, 36, -161, 48, 0, -107, -156, 195, 
-200, -63, 136, 131, -168, 36, -161, 48, -4, -107, -156, 195, 
-200, -63, 136, 131, -168, 36, -161, 48, -9, -107, -156, 195, 
-204, -63, 141, 134, -173, 39, -161, 53, -9, -107, -156, 195, 
-209, -53, 156, 131, -183, 51, -170, 43, 0, -107, -151, 195, 
-209, -53, 156, 131, -183, 51, -170, 43, 0, -102, -146, 195, 
-214, -53, 161, 134, -187, 53, -170, 43, 0, -102, -141, 195, 
-219, -58, 161, 139, -190, 51, -161, 43, 4, -102, -131, 195, 
-204, -58, 146, 131, -175, 43, -165, 39, -4, -112, -136, 185, 
-195, -58, 136, 126, -165, 39, -165, 39, -4, -112, -141, 185, 
-190, -58, 131, 124, -161, 36, -170, 39, -4, -112, -146, 180, 
-185, -58, 126, 122, -156, 34, -170, 39, -4, -117, -151, 175, 
-200, -58, 141, 129, -170, 41, -156, 43, 0, -102, -146, 180, 
-209, -53, 156, 131, -183, 51, -156, 48, 0, -92, -146, 185, 
-219, -53, 165, 136, -192, 56, -161, 53, 4, -87, -141, 190, 
-229, -53, 175, 141, -202, 61, -161, 58, 4, -82, -136, 195, 
-224, -63, 161, 143, -192, 48, -161, 48, 4, -87, -126, 190, 
-219, -63, 156, 141, -187, 46, -161, 48, 4, -92, -126, 195, 
-214, -63, 151, 139, -183, 43, -161, 48, 4, -97, -126, 195, 
-209, -63, 146, 136, -178, 41, -156, 48, 9, -97, -126, 195, 
-204, -53, 151, 129, -178, 48, -156, 48, 4, -102, -131, 195, 
-204, -53, 151, 129, -178, 48, -161, 53, 4, -102, -136, 195, 
-200, -53, 146, 126, -173, 46, -161, 53, 4, -102, -141, 195, 
-195, -53, 141, 124, -168, 43, -161, 53, 4, -102, -146, 195, 
-195, -43, 151, 119, -173, 53, -151, 63, 4, -102, -136, 195, 
-200, -43, 156, 122, -178, 56, -151, 58, 4, -102, -136, 195, 
-204, -43, 161, 124, -183, 58, -151, 58, 4, -102, -136, 195, 
-209, -34, 175, 122, -192, 70, -151, 58, 4, -102, -131, 195, 
-214, -43, 170, 129, -192, 63, -156, 58, 19, -92, -131, 185, 
-214, -43, 170, 129, -192, 63, -156, 68, 24, -92, -131, 185, 
-219, -43, 175, 131, -197, 65, -156, 68, 24, -87, -126, 190, 
-219, -43, 175, 131, -197, 65, -156, 63, 24, -87, -126, 190, 
-200, -39, 161, 119, -180, 61, -156, 53, 24, -78, -122, 190, 
-195, -34, 161, 114, -178, 63, -156, 58, 29, -78, -117, 190, 
-190, -29, 161, 109, -175, 65, -156, 58, 34, -73, -117, 190, 
-185, -24, 161, 104, -173, 68, -156, 58, 34, -63, -117, 195, 
-195, -19, 175, 107, -185, 78, -156, 48, 34, -73, -107, 195, 
-195, -14, 180, 104, -187, 82, -156, 48, 43, -78, -107, 195, 
-195, -14, 180, 104, -187, 82, -156, 53, 43, -78, -102, 195, 
-195, -9, 185, 102, -190, 87, -156, 53, 43, -73, -97, 200, 
-185, 4, 190, 90, -187, 97, -161, 68, 53, -63, -102, 214, 
-190, 0, 190, 95, -190, 95, -151, 68, 43, -82, -102, 219, 
-200, -9, 190, 104, -195, 90, -151, 58, 34, -78, -102, 209, 
-195, 0, 195, 97, -195, 97, -156, 68, 48, -68, -97, 214, 
-190, 9, 200, 90, -195, 104, -165, 68, 53, -63, -87, 224, 
-185, 9, 195, 87, -190, 102, -165, 68, 58, -58, -87, 224, 
-180, 9, 190, 85, -185, 100, -165, 68, 63, -53, -87, 224, 
-175, 9, 185, 82, -180, 97, -165, 68, 68, -48, -87, 224, 
-156, 14, 170, 70, -163, 92, -161, 68, 63, -53, -87, 219, 
-151, 24, 175, 63, -163, 100, -161, 73, 68, -48, -87, 219, 
-146, 29, 175, 58, -161, 102, -151, 82, 68, -48, -87, 224, 
-141, 34, 175, 53, -158, 104, -151, 82, 68, -48, -87, 224, 
-156, 29, 185, 63, -170, 107, -136, 87, 73, -53, -78, 219, 
-161, 24, 185, 68, -173, 104, -131, 92, 73, -58, -78, 219, 
-165, 24, 190, 70, -178, 107, -131, 97, 73, -58, -78, 214, 
-170, 24, 195, 73, -183, 109, -122, 97, 73, -58, -82, 214, 
-161, 14, 175, 73, -168, 95, -131, 102, 63, -48, -92, 204, 
-161, 14, 175, 73, -168, 95, -131, 102, 63, -48, -92, 204, 
-161, 9, 170, 75, -165, 90, -131, 102, 58, -53, -97, 204, 
-156, 4, 161, 75, -158, 82, -131, 102, 48, -58, -102, 204, 
-165, 4, 170, 80, -168, 87, -136, 87, 43, -78, -107, 209, 
-165, 4, 170, 80, -168, 87, -141, 87, 39, -78, -107, 209, 
-170, 4, 175, 82, -173, 90, -151, 78, 34, -78, -107, 204, 
-170, 4, 175, 82, -173, 90, -151, 73, 29, -78, -112, 204, 
-165, 0, 165, 82, -165, 82, -151, 68, 9, -97, -122, 190, 
-161, 0, 161, 80, -161, 80, -170, 53, 4, -97, -122, 190, 
-156, 0, 156, 78, -156, 78, -180, 43, -4, -102, -131, 190, 
-151, 0, 151, 75, -151, 75, -185, 34, -4, -107, -131, 190, 
-141, 9, 151, 65, -146, 80, -200, 24, -9, -97, -126, 190, 
-141, 14, 156, 63, -148, 85, -214, 14, -14, -97, -126, 190, 
-141, 14, 156, 63, -148, 85, -219, 4, -24, -102, -126, 190, 
-136, 14, 151, 61, -143, 82, -219, 4, -29, -107, -131, 185, 
-146, 14, 161, 65, -153, 87, -229, 0, -19, -107, -122, 185, 
-141, 19, 161, 61, -151, 90, -234, -14, -29, -112, -122, 185, 
-141, 24, 165, 58, -153, 95, -239, -24, -29, -112, -122, 185, 
-131, 39, 170, 46, -151, 104, -239, -29, -29, -112, -117, 190, 
-122, 43, 165, 39, -143, 104, -234, -19, -29, -102, -112, 200, 
-107, 48, 156, 29, -131, 102, -234, -14, -24, -102, -107, 204, 
-107, 48, 156, 29, -131, 102, -229, -14, -24, -102, -107, 204, 
-107, 43, 151, 31, -129, 97, -229, -14, -19, -102, -107, 209, 
-117, 43, 161, 36, -139, 102, -219, -9, -19, -107, -97, 200, 
-126, 43, 170, 41, -148, 107, -219, 4, -9, -107, -97, 204, 
-126, 43, 170, 41, -148, 107, -214, 4, -9, -107, -97, 204, 
-131, 43, 175, 43, -153, 109, -214, 0, -9, -107, -97, 200, 
-126, 39, 165, 43, -146, 102, -219, -9, -24, -107, -102, 195, 
-146, 34, 180, 56, -163, 107, -209, -4, -24, -107, -107, 195, 
-156, 29, 185, 63, -170, 107, -204, 0, -24, -107, -112, 195, 
-161, 19, 180, 70, -170, 100, -200, 0, -24, -107, -117, 190, 
-165, 19, 185, 73, -175, 102, -195, 9, -24, -117, -122, 170, 
-175, 14, 190, 80, -183, 102, -195, 9, -29, -122, -126, 165, 
-175, 9, 185, 82, -180, 97, -195, 9, -29, -126, -131, 161, 
-165, 9, 175, 78, -170, 92, -195, 4, -29, -126, -131, 161, 
-185, 0, 185, 92, -185, 92, -185, 4, -39, -136, -146, 161, 
-190, -4, 185, 97, -187, 90, -185, 9, -39, -131, -151, 161, 
-190, -9, 180, 100, -185, 85, -185, 14, -43, -131, -151, 151, 
-185, -9, 175, 97, -180, 82, -180, 14, -48, -136, -156, 151, 
-175, -4, 170, 90, -173, 82, -190, 4, -48, -131, -156, 151, 
-175, 0, 175, 87, -175, 87, -190, 4, -48, -131, -156, 151, 
-175, 4, 180, 85, -178, 92, -190, 9, -48, -131, -156, 151, 
-185, 4, 190, 90, -187, 97, -185, 9, -43, -131, -156, 156, 
-185, 14, 200, 85, -192, 107, -195, 9, -43, -141, -151, 146, 
-185, 14, 200, 85, -192, 107, -195, 9, -43, -141, -151, 146, 
-185, 14, 200, 85, -192, 107, -195, 9, -39, -136, -151, 151, 
-185, 14, 200, 85, -192, 107, -195, 9, -39, -136, -151, 151, 
-175, 14, 190, 80, -183, 102, -185, 9, -48, -136, -151, 151, 
-175, 14, 190, 80, -183, 102, -185, 9, -48, -136, -151, 151, 
-175, 19, 195, 78, -185, 107, -185, 9, -48, -136, -156, 141, 
-170, 19, 190, 75, -180, 104, -185, 9, -48, -136, -156, 141, 
-161, 19, 180, 70, -170, 100, -195, 9, -48, -146, -156, 131, 
-165, 19, 185, 73, -175, 102, -190, 9, -48, -146, -156, 131, 
-165, 19, 185, 73, -175, 102, -190, 9, -48, -146, -161, 141, 
-165, 19, 185, 73, -175, 102, -190, 14, -48, -146, -165, 141, 
-175, 24, 200, 75, -187, 112, -200, 14, -39, -141, -165, 146, 
-175, 34, 209, 70, -192, 122, -204, 9, -39, -136, -165, 151, 
-165, 39, 204, 63, -185, 122, -204, 9, -39, -131, -165, 156, 
-165, 43, 209, 61, -187, 126, -204, 9, -39, -126, -165, 156, 
-175, 34, 209, 70, -192, 122, -200, 9, -39, -126, -156, 146, 
-180, 34, 214, 73, -197, 124, -195, 14, -39, -126, -156, 146, 
-185, 34, 219, 75, -202, 126, -190, 14, -39, -126, -156, 146, 
-185, 34, 219, 75, -202, 126, -185, 14, -39, -126, -156, 146, 
-185, 29, 214, 78, -200, 122, -175, 14, -48, -126, -170, 136, 
-185, 24, 209, 80, -197, 117, -175, 19, -48, -131, -170, 136, 
-180, 24, 204, 78, -192, 114, -175, 19, -48, -136, -170, 136, 
-180, 24, 204, 78, -192, 114, -175, 19, -48, -141, -170, 136, 
-170, 29, 200, 70, -185, 114, -185, 14, -48, -141, -161, 136, 
-170, 43, 214, 63, -192, 129, -185, 14, -29, -126, -156, 141, 
-161, 68, 229, 46, -195, 148, -195, 14, -9, -107, -141, 146, 
-146, 87, 234, 29, -190, 161, -209, 4, 29, -68, -102, 165, 
-136, 122, 258, 7, -197, 190, -219, 4, 68, -9, -53, 204, 
-126, 165, 292, -19, -209, 229, -219, 14, 122, 48, 14, 263, 
-97, 185, 283, -43, -190, 234, -229, 39, 175, 117, 78, 317, 
-48, 200, 248, -75, -148, 224, -234, 78, 219, 180, 141, 361, 
29, 234, 204, -131, -87, 219, -224, 126, 292, 258, 214, 434, 
141, 317, 175, -229, -17, 246, -229, 175, 400, 356, 326, 522, 
263, 424, 161, -344, 51, 292, -253, 209, 512, 488, 448, 634, 
375, 531, 156, -453, 109, 344, -283, 244, 614, 610, 580, 746, 
448, 619, 170, -534, 139, 395, -307, 273, 673, 697, 688, 844, 
483, 658, 175, -570, 153, 417, -336, 273, 692, 741, 736, 902, 
497, 683, 185, -590, 156, 434, -375, 209, 653, 702, 717, 883, 
488, 683, 195, -585, 146, 439, -405, 117, 541, 566, 610, 834, 
439, 624, 185, -531, 126, 405, -429, 14, 361, 375, 444, 727, 
380, 488, 107, -434, 136, 297, -483, -117, 107, 117, 200, 556, 
322, 317, -4, -319, 163, 156, -541, -263, -170, -156, -58, 361, 
273, 170, -102, -222, 187, 34, -600, -375, -424, -385, -263, 190, 
200, 73, -126, -136, 163, -26, -658, -488, -610, -531, -405, 78, 
126, 19, -107, -73, 117, -43, -741, -600, -761, -629, -478, 0, 
73, -43, -117, -14, 95, -80, -780, -663, -868, -702, -551, -63, 
43, -141, -185, 48, 114, -163, -766, -658, -946, -761, -619, -136, 
4, -258, -263, 126, 134, -261, -746, -619, -1000, -814, -673, -204, 
-29, -356, -326, 192, 148, -341, -707, -551, -1019, -844, -697, -234, 
-63, -409, -346, 236, 141, -378, -614, -444, -985, -834, -692, -234, 
-102, -405, -302, 253, 100, -353, -527, -317, -897, -790, -668, -229, 
-122, -346, -224, 234, 51, -285, -458, -219, -780, -717, -614, -190, 
-156, -239, -82, 197, -36, -161, -375, -122, -629, -610, -522, -126, 
-170, -136, 34, 153, -102, -51, -322, -63, -488, -502, -434, -63, 
-175, -58, 117, 117, -146, 29, -297, -39, -361, -400, -366, -19, 
-180, -19, 161, 100, -170, 70, -258, -19, -278, -326, -302, 14, 
-180, 9, 190, 85, -185, 100, -219, 14, -200, -263, -258, 48, 
-180, 34, 214, 73, -197, 124, -190, 48, -146, -214, -229, 73, 
-180, 39, 219, 70, -200, 129, -170, 58, -102, -190, -195, 87, 
-180, 58, 239, 61, -209, 148, -170, 58, -73, -161, -180, 107, 
-165, 78, 244, 43, -204, 161, -175, 43, -68, -161, -170, 117, 
-146, 87, 234, 29, -190, 161, -180, 39, -78, -165, -180, 107, 
-146, 92, 239, 26, -192, 165, -185, 34, -78, -170, -180, 102, 
-146, 97, 244, 24, -195, 170, -190, 29, -73, -170, -180, 102, 
-146, 102, 248, 21, -197, 175, -195, 29, -68, -175, -180, 102, 
-151, 102, 253, 24, -202, 178, -180, 39, -63, -161, -180, 102, 
-156, 102, 258, 26, -207, 180, -175, 43, -58, -151, -180, 107, 
-156, 102, 258, 26, -207, 180, -170, 43, -48, -151, -170, 112, 
-156, 107, 263, 24, -209, 185, -165, 48, -43, -141, -165, 117, 
-146, 117, 263, 14, -204, 190, -170, 39, -29, -136, -151, 126, 
-141, 122, 263, 9, -202, 192, -175, 39, -24, -136, -146, 131, 
-136, 126, 263, 4, -200, 195, -180, 39, -24, -136, -141, 131, 
-131, 136, 268, -2, -200, 202, -185, 34, -24, -136, -141, 131, 
-146, 146, 292, 0, -219, 219, -190, 34, -14, -122, -146, 131, 
-151, 146, 297, 2, -224, 222, -190, 39, -14, -122, -146, 126, 
-151, 146, 297, 2, -224, 222, -195, 39, -9, -122, -146, 126, 
-156, 146, 302, 4, -229, 224, -195, 39, -9, -122, -141, 126, 
-146, 141, 287, 2, -217, 214, -185, 39, -19, -131, -141, 126, 
-146, 141, 287, 2, -217, 214, -185, 39, -14, -131, -141, 131, 
-136, 141, 278, -2, -207, 209, -180, 39, -14, -126, -141, 131, 
-136, 141, 278, -2, -207, 209, -180, 39, -14, -126, -131, 131, 
-146, 146, 292, 0, -219, 219, -190, 39, -9, -126, -122, 131, 
-146, 151, 297, -2, -222, 224, -190, 39, -9, -126, -122, 131, 
-146, 156, 302, -4, -224, 229, -190, 39, -9, -126, -122, 131, 
-146, 161, 307, -7, -226, 234, -190, 39, -4, -126, -122, 131, 
-136, 161, 297, -12, -217, 229, -190, 39, -4, -117, -131, 122, 
-136, 161, 297, -12, -217, 229, -190, 39, -4, -117, -131, 122, 
-141, 161, 302, -9, -222, 231, -190, 39, -4, -117, -126, 126, 
-141, 165, 307, -12, -224, 236, -190, 39, -4, -112, -122, 126, 
-126, 175, 302, -24, -214, 239, -190, 39, -9, -126, -131, 117, 
-122, 175, 297, -26, -209, 236, -190, 39, -4, -126, -131, 117, 
-122, 175, 297, -26, -209, 236, -190, 48, -9, -131, -126, 122, 
-122, 185, 307, -31, -214, 246, -190, 48, -14, -136, -126, 122, 
-117, 185, 302, -34, -209, 244, -200, 48, 0, -126, -126, 122, 
-117, 180, 297, -31, -207, 239, -200, 48, 0, -126, -122, 122, 
-112, 180, 292, -34, -202, 236, -200, 53, 4, -126, -117, 126, 
-112, 180, 292, -34, -202, 236, -200, 53, 4, -126, -117, 126, 
-122, 195, 317, -36, -219, 256, -195, 48, -4, -112, -107, 136, 
-122, 200, 322, -39, -222, 261, -195, 48, 0, -107, -102, 141, 
-122, 209, 331, -43, -226, 270, -200, 43, 4, -107, -97, 141, 
-122, 209, 331, -43, -226, 270, -200, 39, 9, -97, -97, 141, 
-117, 214, 331, -48, -224, 273, -209, 34, 9, -107, -107, 136, 
-102, 219, 322, -58, -212, 270, -209, 34, 14, -107, -107, 136, 
-92, 224, 317, -65, -204, 270, -209, 34, 19, -107, -107, 131, 
-87, 234, 322, -73, -204, 278, -209, 39, 19, -107, -107, 131, 
-92, 234, 326, -70, -209, 280, -209, 48, 24, -87, -92, 141, 
-92, 239, 331, -73, -212, 285, -209, 53, 29, -87, -87, 146, 
-78, 248, 326, -85, -202, 287, -209, 53, 29, -87, -87, 151, 
-78, 253, 331, -87, -204, 292, -209, 58, 29, -82, -87, 151, 
-92, 248, 341, -78, -217, 295, -204, 68, 29, -87, -82, 141, 
-97, 244, 341, -73, -219, 292, -204, 68, 39, -82, -87, 141, 
-102, 244, 346, -70, -224, 295, -204, 73, 43, -82, -92, 141, 
-102, 239, 341, -68, -222, 290, -204, 82, 43, -87, -97, 146, 
-92, 244, 336, -75, -214, 290, -204, 73, 48, -78, -92, 146, 
-87, 248, 336, -80, -212, 292, -204, 73, 53, -68, -87, 146, 
-78, 253, 331, -87, -204, 292, -204, 82, 58, -63, -82, 151, 
-63, 258, 322, -97, -192, 290, -204, 87, 63, -58, -78, 156, 
-63, 268, 331, -102, -197, 300, -214, 78, 73, -63, -73, 161, 
-68, 273, 341, -102, -204, 307, -214, 82, 78, -53, -68, 165, 
-68, 278, 346, -104, -207, 312, -214, 87, 87, -48, -63, 170, 
-53, 283, 336, -114, -195, 309, -214, 92, 92, -43, -58, 175, 
-48, 297, 346, -124, -197, 322, -224, 102, 97, -34, -43, 180, 
-43, 302, 346, -129, -195, 324, -224, 107, 102, -24, -39, 185, 
-39, 312, 351, -136, -195, 331, -224, 112, 117, -14, -29, 190, 
-34, 322, 356, -143, -195, 339, -224, 117, 131, -9, -24, 195, 
-24, 336, 361, -156, -192, 348, -214, 122, 141, -4, -19, 190, 
-19, 346, 366, -163, -192, 356, -214, 131, 151, 4, -4, 200, 
-14, 356, 370, -170, -192, 363, -214, 136, 161, 19, 0, 204, 
-4, 366, 370, -180, -187, 368, -219, 141, 165, 29, 4, 209, 
-4, 370, 375, -183, -190, 373, -219, 146, 185, 39, 19, 229, 
-9, 375, 385, -183, -197, 380, -219, 151, 195, 48, 29, 229, 
0, 385, 385, -192, -192, 385, -219, 151, 204, 53, 39, 244, 
4, 395, 390, -200, -192, 392, -219, 161, 219, 63, 53, 253, 
19, 400, 380, -209, -180, 390, -229, 156, 224, 63, 53, 253, 
34, 409, 375, -222, -170, 392, -234, 161, 234, 73, 63, 258, 
43, 419, 375, -231, -165, 397, -234, 161, 239, 82, 73, 263, 
58, 429, 370, -244, -156, 400, -234, 165, 244, 87, 82, 268, 
58, 439, 380, -248, -161, 409, -234, 165, 258, 87, 87, 268, 
73, 448, 375, -261, -151, 412, -234, 170, 268, 97, 87, 273, 
73, 453, 380, -263, -153, 417, -239, 170, 278, 97, 92, 278, 
87, 453, 366, -270, -139, 409, -244, 170, 283, 112, 92, 283, 
82, 463, 380, -273, -148, 422, -244, 180, 292, 126, 112, 297, 
78, 478, 400, -278, -161, 439, -244, 180, 297, 131, 122, 302, 
78, 492, 414, -285, -168, 453, -248, 185, 302, 136, 126, 307, 
78, 502, 424, -290, -173, 463, -248, 185, 302, 151, 131, 312, 
92, 502, 409, -297, -158, 456, -258, 180, 297, 146, 126, 307, 
97, 507, 409, -302, -156, 458, -263, 175, 307, 146, 126, 312, 
97, 507, 409, -302, -156, 458, -263, 170, 312, 146, 131, 312, 
97, 512, 414, -305, -158, 463, -273, 161, 312, 141, 131, 317, 
92, 522, 429, -307, -168, 475, -268, 170, 317, 156, 131, 326, 
92, 522, 429, -307, -168, 475, -263, 161, 317, 156, 131, 326, 
92, 522, 429, -307, -168, 475, -263, 161, 312, 151, 126, 326, 
87, 522, 434, -305, -173, 478, -263, 156, 307, 146, 126, 326, 
97, 527, 429, -312, -165, 478, -273, 146, 287, 136, 126, 322, 
92, 522, 429, -307, -168, 475, -273, 141, 287, 126, 122, 317, 
82, 522, 439, -302, -178, 480, -273, 131, 278, 122, 117, 317, 
73, 512, 439, -292, -183, 475, -273, 122, 268, 112, 107, 312, 
58, 517, 458, -287, -200, 488, -273, 112, 258, 107, 112, 297, 
43, 507, 463, -275, -209, 485, -273, 102, 244, 92, 97, 287, 
34, 502, 468, -268, -217, 485, -278, 87, 224, 78, 82, 278, 
29, 488, 458, -258, -214, 473, -278, 78, 204, 63, 68, 268, 
19, 478, 458, -248, -219, 468, -287, 58, 180, 48, 53, 253, 
19, 463, 444, -241, -212, 453, -287, 53, 165, 34, 34, 244, 
9, 453, 444, -231, -217, 448, -287, 43, 146, 19, 14, 229, 
0, 434, 434, -217, -217, 434, -287, 34, 131, 4, 0, 219, 
-9, 424, 434, -207, -222, 429, -292, 19, 102, -19, -4, 195, 
-14, 414, 429, -200, -222, 422, -292, 9, 82, -29, -19, 185, 
-29, 405, 434, -187, -231, 419, -292, 4, 68, -43, -29, 170, 
-39, 395, 434, -178, -236, 414, -292, -4, 48, -58, -39, 161, 
-43, 390, 434, -173, -239, 412, -278, -19, 34, -63, -53, 151, 
-53, 385, 439, -165, -246, 412, -278, -19, 19, -78, -63, 146, 
-63, 370, 434, -153, -248, 402, -278, -19, 9, -87, -78, 141, 
-78, 361, 439, -141, -258, 400, -278, -24, 0, -102, -87, 126, 
-78, 341, 419, -131, -248, 380, -287, -29, -19, -117, -112, 112, 
-87, 326, 414, -119, -251, 370, -287, -34, -34, -131, -122, 102, 
-87, 322, 409, -117, -248, 366, -287, -39, -43, -146, -131, 87, 
-92, 312, 405, -109, -248, 358, -287, -39, -53, -165, -141, 78, 
-92, 317, 409, -112, -251, 363, -283, -53, -58, -170, -141, 78, 
-97, 312, 409, -107, -253, 361, -283, -58, -73, -170, -136, 73, 
-97, 312, 409, -107, -253, 361, -287, -63, -78, -175, -141, 68, 
-97, 312, 409, -107, -253, 361, -287, -63, -87, -170, -136, 68, 
-107, 302, 409, -97, -258, 356, -278, -53, -107, -195, -161, 53, 
-117, 297, 414, -90, -265, 356, -278, -58, -107, -204, -165, 43, 
-122, 287, 409, -82, -265, 348, -278, -63, -112, -209, -175, 39, 
-126, 283, 409, -78, -268, 346, -278, -63, -112, -224, -185, 39, 
-136, 287, 424, -75, -280, 356, -278, -53, -107, -209, -175, 34, 
-141, 287, 429, -73, -285, 358, -278, -58, -107, -204, -180, 29, 
-141, 283, 424, -70, -283, 353, -278, -58, -112, -204, -185, 29, 
-141, 283, 424, -70, -283, 353, -278, -58, -117, -204, -185, 29, 
-136, 297, 434, -80, -285, 366, -278, -68, -117, -209, -185, 19, 
-131, 297, 429, -82, -280, 363, -278, -68, -122, -214, -185, 19, 
-126, 297, 424, -85, -275, 361, -278, -68, -126, -219, -185, 19, 
-126, 297, 424, -85, -275, 361, -278, -63, -126, -224, -185, 19, 
-141, 307, 448, -82, -295, 378, -287, -73, -136, -224, -195, 19, 
-141, 307, 448, -82, -295, 378, -287, -73, -136, -219, -195, 19, 
-146, 307, 453, -80, -300, 380, -287, -73, -136, -219, -195, 19, 
-151, 302, 453, -75, -302, 378, -278, -73, -131, -219, -190, 19, 
-151, 307, 458, -78, -305, 383, -283, -68, -141, -209, -180, 19, 
-146, 312, 458, -82, -302, 385, -283, -68, -141, -209, -180, 19, 
-146, 317, 463, -85, -305, 390, -287, -68, -141, -209, -180, 14, 
-146, 322, 468, -87, -307, 395, -287, -68, -141, -214, -180, 9, 
-131, 312, 444, -90, -287, 378, -292, -78, -136, -229, -185, 0, 
-131, 317, 448, -92, -290, 383, -292, -78, -136, -229, -195, 0, 
-131, 317, 448, -92, -290, 383, -297, -78, -131, -234, -200, 0, 
-131, 317, 448, -92, -290, 383, -297, -78, -131, -239, -204, 0, 
-141, 317, 458, -87, -300, 387, -287, -68, -131, -224, -200, 14, 
-141, 317, 458, -87, -300, 387, -287, -68, -131, -219, -195, 19, 
-141, 317, 458, -87, -300, 387, -287, -68, -131, -214, -190, 19, 
-141, 317, 458, -87, -300, 387, -283, -68, -126, -204, -185, 19, 
-141, 331, 473, -95, -307, 402, -292, -68, -112, -204, -185, 19, 
-146, 336, 483, -95, -314, 409, -297, -63, -112, -209, -185, 19, 
-146, 341, 488, -97, -317, 414, -297, -63, -112, -214, -185, 19, 
-146, 346, 492, -100, -319, 419, -297, -63, -112, -219, -185, 19, 
-131, 346, 478, -107, -305, 412, -307, -73, -107, -219, -195, 14, 
-122, 346, 468, -112, -295, 407, -307, -78, -112, -219, -195, 9, 
-112, 346, 458, -117, -285, 402, -307, -78, -117, -219, -195, 4, 
-102, 356, 458, -126, -280, 407, -307, -78, -122, -219, -190, 0, 
-102, 356, 458, -126, -280, 407, -302, -78, -117, -219, -180, 9, 
-107, 356, 463, -124, -285, 409, -302, -68, -112, -219, -180, 9, 
-117, 356, 473, -119, -295, 414, -302, -68, -112, -214, -175, 14, 
-122, 356, 478, -117, -300, 417, -302, -73, -112, -214, -175, 14, 
-122, 361, 483, -119, -302, 422, -292, -73, -102, -204, -165, 24, 
-126, 366, 492, -119, -309, 429, -292, -68, -97, -204, -156, 24, 
-131, 370, 502, -119, -317, 436, -292, -68, -92, -200, -151, 24, 
-136, 375, 512, -119, -324, 444, -292, -68, -92, -190, -146, 29, 
-126, 370, 497, -122, -312, 434, -302, -68, -97, -200, -151, 24, 
-126, 375, 502, -124, -314, 439, -302, -68, -92, -204, -156, 19, 
-126, 375, 502, -124, -314, 439, -302, -63, -97, -204, -156, 14, 
-126, 380, 507, -126, -317, 444, -302, -63, -102, -200, -156, 14, 
-117, 395, 512, -139, -314, 453, -307, -68, -92, -180, -151, 29, 
-122, 390, 512, -134, -317, 451, -297, -68, -92, -190, -161, 34, 
-122, 390, 512, -134, -317, 451, -297, -68, -92, -195, -170, 24, 
-126, 395, 522, -134, -324, 458, -297, -58, -87, -195, -161, 24, 
-117, 409, 527, -146, -322, 468, -292, -58, -87, -195, -156, 29, 
-112, 419, 531, -153, -322, 475, -302, -68, -87, -185, -165, 19, 
-107, 419, 527, -156, -317, 473, -302, -68, -87, -185, -165, 19, 
-102, 419, 522, -158, -312, 470, -302, -68, -87, -185, -165, 19, 
-97, 419, 517, -161, -307, 468, -302, -68, -87, -185, -165, 19, 
-92, 424, 517, -165, -305, 470, -302, -78, -82, -170, -161, 34, 
-92, 434, 527, -170, -309, 480, -307, -73, -78, -165, -156, 34, 
-92, 439, 531, -173, -312, 485, -302, -63, -78, -165, -151, 39, 
-92, 444, 536, -175, -314, 490, -307, -63, -78, -165, -146, 39, 
-102, 448, 551, -173, -326, 500, -292, -48, -78, -180, -146, 34, 
-102, 444, 546, -170, -324, 495, -287, -43, -73, -185, -146, 34, 
-102, 444, 546, -170, -324, 495, -287, -39, -68, -185, -146, 29, 
-102, 444, 546, -170, -324, 495, -278, -39, -63, -185, -151, 29, 
-102, 444, 546, -170, -324, 495, -278, -34, -68, -175, -151, 19, 
-102, 444, 546, -170, -324, 495, -278, -34, -73, -175, -151, 19, 
-102, 439, 541, -168, -322, 490, -278, -34, -82, -180, -156, 19, 
-97, 434, 531, -168, -314, 483, -278, -34, -97, -185, -161, 19, 
-97, 419, 517, -161, -307, 468, -283, -29, -102, -200, -175, 4, 
-97, 414, 512, -158, -305, 463, -287, -29, -107, -204, -175, 4, 
-102, 409, 512, -153, -307, 461, -297, -39, -112, -209, -175, 0, 
-102, 405, 507, -151, -305, 456, -297, -43, -117, -214, -180, 0, 
-102, 405, 507, -151, -305, 456, -307, -58, -117, -219, -170, 4, 
-102, 409, 512, -153, -307, 461, -326, -73, -122, -214, -170, 4, 
-102, 414, 517, -156, -309, 466, -336, -82, -131, -214, -180, 4, 
-102, 419, 522, -158, -312, 470, -341, -92, -131, -214, -180, 4, 
-102, 429, 531, -163, -317, 480, -346, -102, -141, -224, -175, -4, 
-102, 434, 536, -165, -319, 485, -361, -112, -151, -224, -175, -4, 
-102, 434, 536, -165, -319, 485, -366, -122, -165, -229, -175, -4, 
-97, 434, 531, -168, -314, 483, -366, -122, -175, -234, -180, -9, 
-97, 439, 536, -170, -317, 488, -375, -131, -165, -234, -180, 0, 
-92, 439, 531, -173, -312, 485, -380, -141, -175, -239, -180, 0, 
-92, 439, 531, -173, -312, 485, -385, -146, -175, -239, -180, 0, 
-82, 448, 531, -183, -307, 490, -385, -146, -175, -239, -175, 4, 
-92, 463, 556, -185, -324, 509, -390, -136, -170, -219, -161, 14, 
-78, 468, 546, -195, -312, 507, -390, -131, -161, -219, -156, 19, 
-78, 468, 546, -195, -312, 507, -385, -131, -156, -219, -156, 19, 
-78, 463, 541, -192, -309, 502, -385, -131, -146, -219, -156, 24, 
-68, 463, 531, -197, -300, 497, -375, -136, -156, -204, -165, 19, 
-78, 463, 541, -192, -309, 502, -375, -122, -146, -204, -165, 19, 
-78, 463, 541, -192, -309, 502, -370, -122, -146, -204, -165, 14, 
-82, 463, 546, -190, -314, 505, -370, -126, -146, -204, -165, 4, 
-78, 448, 527, -185, -302, 488, -366, -126, -151, -219, -175, 0, 
-97, 444, 541, -173, -319, 492, -356, -122, -151, -224, -175, 0, 
-107, 439, 546, -165, -326, 492, -351, -117, -151, -229, -175, 0, 
-112, 429, 541, -158, -326, 485, -346, -117, -151, -234, -175, -4, 
-122, 409, 531, -143, -326, 470, -351, -107, -156, -253, -190, -24, 
-136, 405, 541, -134, -339, 473, -351, -107, -165, -258, -195, -29, 
-141, 400, 541, -129, -341, 470, -351, -107, -170, -263, -200, -34, 
-136, 400, 536, -131, -336, 468, -351, -112, -175, -263, -200, -34, 
-146, 405, 551, -129, -348, 478, -351, -117, -185, -253, -204, -34, 
-151, 405, 556, -126, -353, 480, -351, -117, -185, -248, -209, -34, 
-151, 405, 556, -126, -353, 480, -351, -117, -190, -248, -209, -43, 
-146, 409, 556, -131, -351, 483, -346, -122, -195, -253, -214, -43, 
-131, 419, 551, -143, -341, 485, -346, -112, -185, -268, -224, -43, 
-126, 419, 546, -146, -336, 483, -346, -112, -185, -268, -224, -43, 
-122, 419, 541, -148, -331, 480, -346, -107, -185, -268, -224, -43, 
-126, 414, 541, -143, -334, 478, -341, -107, -180, -268, -224, -39, 
-117, 419, 536, -151, -326, 478, -351, -117, -180, -268, -219, -53, 
-117, 424, 541, -153, -329, 483, -351, -117, -180, -268, -219, -58, 
-117, 429, 546, -156, -331, 488, -351, -117, -175, -263, -219, -58, 
-117, 434, 551, -158, -334, 492, -351, -117, -175, -263, -219, -63, 
-126, 434, 561, -153, -344, 497, -351, -117, -175, -253, -209, -53, 
-126, 434, 561, -153, -344, 497, -351, -117, -175, -253, -209, -53, 
-126, 439, 566, -156, -346, 502, -351, -117, -175, -253, -214, -63, 
-122, 439, 561, -158, -341, 500, -351, -117, -175, -253, -214, -63, 
-136, 429, 566, -146, -351, 497, -341, -117, -185, -253, -200, -53, 
-146, 429, 575, -141, -361, 502, -336, -117, -185, -253, -195, -53, 
-151, 429, 580, -139, -366, 505, -336, -117, -185, -253, -195, -43, 
-156, 429, 585, -136, -370, 507, -336, -112, -185, -253, -195, -43, 
-146, 439, 585, -146, -366, 512, -346, -112, -185, -263, -200, -48, 
-146, 444, 590, -148, -368, 517, -351, -117, -185, -263, -204, -53, 
-136, 444, 580, -153, -358, 512, -351, -117, -185, -263, -209, -58, 
-136, 444, 580, -153, -358, 512, -351, -117, -185, -263, -214, -68, 
-146, 434, 580, -143, -363, 507, -341, -107, -185, -273, -214, -58, 
-151, 434, 585, -141, -368, 509, -341, -102, -185, -273, -214, -58, 
-156, 434, 590, -139, -373, 512, -341, -102, -185, -273, -214, -58, 
-156, 434, 590, -139, -373, 512, -341, -102, -185, -273, -214, -58, 
-146, 434, 580, -143, -363, 507, -351, -112, -185, -278, -219, -63, 
-146, 434, 580, -143, -363, 507, -351, -107, -185, -278, -219, -68, 
-141, 439, 580, -148, -361, 509, -351, -107, -185, -278, -219, -73, 
-141, 444, 585, -151, -363, 514, -351, -107, -185, -278, -219, -78, 
-131, 448, 580, -158, -356, 514, -351, -102, -165, -258, -200, -58, 
-141, 444, 585, -151, -363, 514, -341, -112, -156, -253, -204, -63, 
-141, 458, 600, -158, -370, 529, -341, -112, -136, -234, -190, -58, 
-117, 497, 614, -190, -366, 556, -356, -102, -107, -195, -151, -29, 
-87, 551, 639, -231, -363, 595, -375, -112, -58, -126, -92, 9, 
-78, 595, 673, -258, -375, 634, -395, -122, 4, -39, -14, 68, 
-68, 634, 702, -283, -385, 668, -405, -107, 87, 48, 78, 131, 
-19, 668, 688, -324, -353, 678, -400, -78, 151, 122, 151, 195, 
58, 702, 644, -380, -292, 673, -390, -39, 214, 190, 224, 258, 
131, 756, 624, -444, -246, 690, -385, 9, 322, 307, 346, 356, 
204, 863, 658, -534, -226, 761, -400, 53, 463, 468, 507, 488, 
278, 980, 702, -629, -212, 841, -429, 68, 585, 629, 658, 619, 
370, 1068, 697, -719, -163, 883, -473, 87, 653, 727, 775, 727, 
453, 1127, 673, -790, -109, 900, -512, 87, 673, 761, 824, 785, 
488, 1161, 673, -824, -92, 917, -551, 34, 624, 722, 795, 785, 
488, 1161, 673, -824, -92, 917, -590, -48, 502, 605, 697, 727, 
448, 1122, 673, -785, -112, 897, -624, -151, 302, 385, 512, 619, 
390, 995, 605, -692, -107, 800, -658, -263, 39, 87, 248, 439, 
312, 766, 453, -539, -70, 610, -688, -370, -287, -253, -58, 204, 
253, 570, 317, -412, -31, 444, -727, -453, -580, -531, -312, 4, 
209, 473, 263, -341, -26, 368, -795, -556, -785, -688, -453, -107, 
165, 429, 263, -297, -48, 346, -878, -668, -936, -775, -527, -165, 
102, 356, 253, -229, -75, 305, -927, -722, -1044, -839, -590, -229, 
43, 268, 224, -156, -90, 246, -922, -717, -1112, -897, -649, -292, 
-4, 161, 165, -78, -85, 163, -893, -688, -1166, -951, -702, -351, 
-19, 53, 73, -17, -46, 63, -844, -629, -1195, -1000, -746, -409, 
-14, 0, 14, 7, -14, 7, -771, -531, -1180, -1019, -771, -439, 
-34, -4, 29, 19, -31, 12, -673, -414, -1093, -976, -746, -444, 
-92, 34, 126, 29, -109, 80, -595, -307, -936, -873, -683, -405, 
-136, 131, 268, 2, -202, 200, -522, -229, -775, -746, -590, -341, 
-161, 234, 395, -36, -278, 314, -478, -180, -624, -629, -502, -278, 
-146, 322, 468, -87, -307, 395, -453, -156, -517, -546, -424, -234, 
-151, 370, 522, -109, -336, 446, -424, -136, -424, -473, -370, -200, 
-161, 390, 551, -114, -356, 470, -395, -112, -346, -409, -326, -165, 
-151, 424, 575, -136, -363, 500, -375, -97, -283, -351, -278, -141, 
-131, 448, 580, -158, -356, 514, -346, -78, -229, -307, -244, -117, 
-122, 468, 590, -173, -356, 529, -336, -68, -200, -287, -219, -97, 
-117, 478, 595, -180, -356, 536, -341, -73, -195, -287, -229, -97, 
-117, 483, 600, -183, -358, 541, -351, -78, -195, -297, -239, -97, 
-117, 483, 600, -183, -358, 541, -351, -82, -195, -297, -239, -102, 
-117, 483, 600, -183, -358, 541, -351, -87, -190, -292, -239, -102, 
-117, 483, 600, -183, -358, 541, -351, -87, -185, -292, -239, -102, 
-131, 492, 624, -180, -378, 558, -346, -87, -180, -287, -229, -102, 
-136, 492, 629, -178, -383, 561, -341, -82, -175, -278, -229, -97, 
-136, 492, 629, -178, -383, 561, -336, -82, -165, -278, -219, -92, 
-136, 497, 634, -180, -385, 566, -331, -78, -161, -268, -214, -87, 
-122, 502, 624, -190, -373, 563, -331, -78, -156, -263, -209, -87, 
-122, 502, 624, -190, -373, 563, -331, -78, -151, -263, -204, -82, 
-122, 502, 624, -190, -373, 563, -331, -78, -151, -263, -200, -82, 
-122, 507, 629, -192, -375, 568, -331, -82, -151, -263, -200, -82, 
-122, 517, 639, -197, -380, 578, -346, -82, -161, -258, -204, -82, 
-122, 517, 639, -197, -380, 578, -346, -78, -161, -258, -204, -87, 
-117, 517, 634, -200, -375, 575, -351, -78, -156, -258, -204, -87, 
-117, 517, 634, -200, -375, 575, -351, -78, -156, -258, -200, -87, 
-126, 522, 649, -197, -387, 585, -351, -78, -151, -248, -190, -87, 
-126, 522, 649, -197, -387, 585, -351, -78, -141, -248, -190, -82, 
-117, 522, 639, -202, -378, 580, -346, -78, -136, -244, -190, -82, 
-117, 522, 639, -202, -378, 580, -346, -78, -131, -244, -180, -82, 
-102, 522, 624, -209, -363, 573, -346, -87, -136, -244, -185, -92, 
-97, 522, 619, -212, -358, 570, -346, -87, -136, -244, -190, -92, 
-92, 522, 614, -214, -353, 568, -346, -87, -136, -244, -195, -92, 
-87, 522, 610, -217, -348, 566, -346, -87, -131, -244, -200, -92, 
-92, 522, 614, -214, -353, 568, -346, -78, -122, -244, -190, -82, 
-97, 522, 619, -212, -358, 570, -346, -78, -122, -244, -190, -82, 
-107, 522, 629, -207, -368, 575, -346, -78, -122, -244, -185, -78, 
-112, 527, 639, -207, -375, 583, -346, -78, -122, -239, -180, -78, 
-117, 536, 653, -209, -385, 595, -346, -87, -122, -239, -180, -78, 
-112, 536, 649, -212, -380, 592, -346, -87, -112, -234, -180, -78, 
-112, 536, 649, -212, -380, 592, -346, -78, -112, -234, -175, -73, 
-112, 546, 658, -217, -385, 602, -346, -78, -112, -234, -175, -73, 
-102, 556, 658, -226, -380, 607, -346, -78, -117, -244, -185, -82, 
-97, 551, 649, -226, -373, 600, -346, -78, -117, -244, -180, -82, 
-87, 551, 639, -231, -363, 595, -346, -73, -112, -244, -175, -78, 
-82, 551, 634, -234, -358, 592, -346, -73, -112, -244, -175, -78, 
-82, 546, 629, -231, -356, 588, -351, -73, -112, -229, -165, -68, 
-82, 551, 634, -234, -358, 592, -351, -68, -107, -224, -161, -63, 
-82, 561, 644, -239, -363, 602, -356, -68, -102, -224, -156, -63, 
-82, 561, 644, -239, -363, 602, -356, -68, -97, -214, -156, -63, 
-92, 561, 653, -234, -373, 607, -356, -63, -97, -224, -165, -73, 
-82, 561, 644, -239, -363, 602, -356, -63, -92, -224, -165, -68, 
-78, 561, 639, -241, -358, 600, -356, -63, -87, -224, -165, -68, 
-78, 566, 644, -244, -361, 605, -356, -58, -87, -224, -165, -63, 
-82, 575, 658, -246, -370, 617, -356, -68, -73, -209, -151, -53, 
-82, 580, 663, -248, -373, 622, -356, -63, -68, -204, -146, -48, 
-68, 590, 658, -261, -363, 624, -356, -63, -68, -200, -146, -43, 
-68, 595, 663, -263, -366, 629, -356, -58, -68, -190, -146, -43, 
-68, 590, 658, -261, -363, 624, -361, -48, -68, -195, -146, -53, 
-68, 585, 653, -258, -361, 619, -361, -48, -58, -190, -146, -53, 
-68, 585, 653, -258, -361, 619, -361, -43, -53, -190, -146, -53, 
-63, 580, 644, -258, -353, 612, -361, -34, -53, -195, -146, -48, 
-48, 595, 644, -273, -346, 619, -361, -34, -39, -190, -136, -39, 
-48, 600, 649, -275, -348, 624, -361, -34, -34, -175, -126, -39, 
-43, 605, 649, -280, -346, 627, -361, -24, -29, -165, -117, -34, 
-34, 610, 644, -287, -339, 627, -361, -19, -24, -156, -107, -29, 
-34, 619, 653, -292, -344, 636, -361, -29, -14, -151, -112, -24, 
-39, 624, 663, -292, -351, 644, -361, -24, -9, -141, -107, -19, 
-39, 629, 668, -295, -353, 649, -361, -19, 0, -136, -102, -14, 
-24, 634, 658, -305, -341, 646, -361, -14, 4, -131, -97, -9, 
-29, 634, 663, -302, -346, 649, -361, -14, 9, -136, -92, -14, 
-24, 634, 658, -305, -341, 646, -361, -9, 14, -131, -87, -9, 
-19, 639, 658, -309, -339, 649, -361, -4, 29, -126, -78, -4, 
-14, 644, 658, -314, -336, 651, -361, 0, 43, -126, -73, 0, 
-9, 649, 658, -319, -334, 653, -370, -4, 53, -117, -68, 4, 
0, 658, 658, -329, -329, 658, -370, 4, 63, -102, -53, 14, 
9, 668, 658, -339, -324, 663, -370, 9, 73, -82, -48, 19, 
24, 678, 653, -351, -314, 666, -375, 14, 78, -68, -43, 24, 
29, 692, 663, -361, -317, 678, -375, 19, 97, -48, -34, 34, 
29, 697, 668, -363, -319, 683, -375, 24, 107, -39, -19, 34, 
43, 707, 663, -375, -309, 685, -375, 24, 117, -34, -4, 48, 
53, 717, 663, -385, -305, 690, -375, 34, 131, -24, 14, 58, 
43, 732, 688, -387, -322, 710, -375, 48, 141, -24, 19, 73, 
53, 741, 688, -397, -317, 714, -380, 53, 156, -14, 24, 82, 
58, 751, 692, -405, -317, 722, -380, 53, 165, -4, 29, 92, 
68, 761, 692, -414, -312, 727, -380, 58, 175, 0, 34, 102, 
68, 766, 697, -417, -314, 732, -380, 68, 190, 19, 48, 102, 
82, 771, 688, -427, -302, 729, -380, 73, 200, 29, 48, 107, 
82, 771, 688, -427, -302, 729, -385, 73, 209, 29, 53, 112, 
97, 766, 668, -431, -285, 717, -390, 73, 214, 43, 53, 117, 
87, 771, 683, -429, -297, 727, -380, 73, 234, 63, 68, 131, 
87, 780, 692, -434, -302, 736, -380, 73, 239, 63, 82, 136, 
92, 790, 697, -441, -302, 744, -385, 78, 244, 63, 92, 141, 
97, 795, 697, -446, -300, 746, -385, 78, 244, 73, 102, 146, 
107, 805, 697, -456, -295, 751, -395, 68, 248, 82, 107, 151, 
117, 819, 702, -468, -292, 761, -400, 68, 258, 87, 107, 156, 
122, 829, 707, -475, -292, 768, -400, 68, 263, 92, 112, 156, 
126, 844, 717, -485, -295, 780, -409, 63, 263, 92, 112, 161, 
122, 839, 717, -480, -297, 778, -400, 63, 248, 87, 112, 151, 
122, 834, 712, -478, -295, 773, -400, 53, 248, 87, 112, 151, 
122, 829, 707, -475, -292, 768, -405, 53, 244, 82, 107, 151, 
117, 824, 707, -470, -295, 766, -409, 48, 239, 78, 107, 151, 
126, 810, 683, -468, -278, 746, -409, 48, 229, 73, 97, 146, 
122, 805, 683, -463, -280, 744, -409, 43, 229, 58, 92, 141, 
112, 805, 692, -458, -290, 749, -409, 34, 219, 48, 87, 141, 
102, 795, 692, -448, -295, 744, -409, 24, 209, 34, 78, 136, 
97, 795, 697, -446, -300, 746, -409, 14, 195, 43, 78, 141, 
82, 790, 707, -436, -312, 749, -409, 4, 185, 34, 68, 131, 
73, 790, 717, -431, -322, 753, -414, -9, 170, 24, 58, 122, 
68, 780, 712, -424, -322, 746, -414, -19, 156, 14, 48, 112, 
53, 771, 717, -412, -331, 744, -414, -29, 136, -4, 39, 87, 
48, 756, 707, -402, -329, 732, -414, -34, 117, -24, 24, 78, 
34, 746, 712, -390, -339, 729, -414, -43, 92, -43, 9, 63, 
19, 727, 707, -373, -344, 717, -414, -53, 73, -63, 0, 53, 
19, 712, 692, -366, -336, 702, -414, -68, 43, -82, -19, 34, 
14, 697, 683, -356, -334, 690, -419, -78, 24, -97, -39, 19, 
0, 683, 683, -341, -341, 683, -424, -82, 9, -117, -53, 0, 
-9, 668, 678, -329, -344, 673, -429, -92, -9, -136, -68, -14, 
-4, 668, 673, -331, -339, 671, -424, -97, -24, -146, -78, -14, 
-14, 658, 673, -322, -344, 666, -424, -97, -39, -156, -82, -19, 
-24, 639, 663, -307, -344, 651, -424, -97, -48, -161, -92, -24, 
-39, 624, 663, -292, -351, 644, -424, -102, -58, -170, -97, -39, 
-43, 610, 653, -283, -348, 631, -419, -97, -78, -190, -117, -58, 
-58, 600, 658, -270, -358, 629, -414, -102, -92, -200, -122, -63, 
-63, 600, 663, -268, -363, 631, -409, -107, -102, -209, -126, -73, 
-73, 595, 668, -261, -370, 631, -405, -107, -112, -224, -131, -78, 
-73, 585, 658, -256, -366, 622, -400, -122, -117, -234, -146, -87, 
-78, 575, 653, -248, -366, 614, -400, -126, -131, -239, -146, -92, 
-78, 570, 649, -246, -363, 610, -405, -131, -136, -248, -156, -97, 
-78, 566, 644, -244, -361, 605, -405, -131, -146, -248, -156, -97, 
-92, 556, 649, -231, -370, 602, -414, -126, -146, -258, -165, -102, 
-97, 551, 649, -226, -373, 600, -414, -126, -146, -263, -165, -112, 
-97, 541, 639, -222, -368, 590, -414, -126, -151, -263, -170, -117, 
-97, 536, 634, -219, -366, 585, -414, -122, -151, -273, -175, -117, 
-92, 541, 634, -224, -363, 588, -414, -131, -161, -263, -175, -122, 
-92, 541, 634, -224, -363, 588, -414, -136, -165, -263, -180, -126, 
-87, 536, 624, -224, -356, 580, -414, -136, -175, -268, -185, -126, 
-82, 536, 619, -226, -351, 578, -414, -136, -185, -273, -185, -126, 
-92, 531, 624, -219, -358, 578, -405, -136, -175, -283, -195, -126, 
-92, 531, 624, -219, -358, 578, -405, -136, -180, -283, -195, -126, 
-92, 531, 624, -219, -358, 578, -405, -136, -185, -283, -195, -126, 
-97, 531, 629, -217, -363, 580, -405, -131, -185, -283, -195, -126, 
-97, 536, 634, -219, -366, 585, -414, -131, -185, -283, -195, -126, 
-92, 541, 634, -224, -363, 588, -414, -131, -185, -278, -195, -126, 
-92, 546, 639, -226, -366, 592, -414, -131, -185, -278, -195, -126, 
-92, 546, 639, -226, -366, 592, -405, -131, -180, -278, -190, -126, 
-102, 536, 639, -217, -370, 588, -400, -126, -190, -287, -200, -136, 
-97, 536, 634, -219, -366, 585, -400, -126, -190, -287, -200, -136, 
-97, 536, 634, -219, -366, 585, -405, -126, -190, -287, -200, -141, 
-97, 536, 634, -219, -366, 585, -405, -126, -190, -292, -200, -146, 
-92, 531, 624, -219, -358, 578, -400, -126, -185, -292, -200, -136, 
-92, 531, 624, -219, -358, 578, -400, -126, -185, -287, -204, -136, 
-92, 527, 619, -217, -356, 573, -405, -126, -180, -287, -204, -136, 
-92, 522, 614, -214, -353, 568, -405, -126, -180, -287, -204, -136, 
-102, 531, 634, -214, -368, 583, -395, -126, -180, -287, -204, -141, 
-102, 531, 634, -214, -368, 583, -395, -126, -180, -287, -204, -136, 
-102, 531, 634, -214, -368, 583, -395, -126, -180, -287, -204, -136, 
-102, 531, 634, -214, -368, 583, -390, -126, -175, -283, -204, -136, 
-97, 531, 629, -217, -363, 580, -400, -126, -170, -268, -195, -136, 
-97, 531, 629, -217, -363, 580, -405, -122, -170, -268, -195, -136, 
-92, 531, 624, -219, -358, 578, -405, -122, -170, -268, -195, -136, 
-87, 531, 619, -222, -353, 575, -405, -122, -170, -268, -195, -136, 
-87, 541, 629, -226, -358, 585, -405, -112, -161, -258, -185, -126, 
-92, 541, 634, -224, -363, 588, -405, -117, -161, -258, -185, -126, 
-97, 541, 639, -222, -368, 590, -405, -117, -161, -258, -185, -126, 
-102, 551, 653, -224, -378, 602, -405, -117, -161, -258, -180, -126, 
-87, 551, 639, -231, -363, 595, -400, -126, -156, -258, -180, -126, 
-87, 551, 639, -231, -363, 595, -400, -117, -151, -258, -180, -126, 
-92, 551, 644, -229, -368, 597, -400, -117, -151, -253, -175, -122, 
-92, 551, 644, -229, -368, 597, -400, -122, -151, -253, -175, -122, 
-78, 561, 639, -241, -358, 600, -409, -122, -151, -253, -170, -122, 
-78, 561, 639, -241, -358, 600, -409, -117, -146, -253, -165, -122, 
-78, 561, 639, -241, -358, 600, -409, -117, -141, -248, -165, -122, 
-78, 561, 639, -241, -358, 600, -409, -117, -141, -239, -165, -117, 
-82, 556, 639, -236, -361, 597, -400, -107, -131, -239, -165, -107, 
-87, 561, 649, -236, -368, 605, -400, -107, -122, -244, -165, -107, 
-92, 561, 653, -234, -373, 607, -400, -102, -122, -244, -161, -107, 
-97, 566, 663, -234, -380, 614, -400, -102, -122, -239, -156, -102, 
-87, 561, 649, -236, -368, 605, -405, -107, -122, -239, -151, -107, 
-82, 566, 649, -241, -366, 607, -405, -107, -122, -229, -151, -102, 
-73, 575, 649, -251, -361, 612, -405, -107, -122, -234, -141, -112, 
-68, 561, 629, -246, -348, 595, -405, -107, -117, -234, -141, -112, 
-58, 566, 624, -253, -341, 595, -400, -107, -126, -244, -156, -117, 
-68, 566, 634, -248, -351, 600, -400, -107, -122, -234, -156, -107, 
-68, 566, 634, -248, -351, 600, -400, -107, -117, -234, -156, -107, 
-68, 566, 634, -248, -351, 600, -400, -107, -112, -234, -156, -107, 
-68, 566, 634, -248, -351, 600, -400, -107, -107, -234, -156, -107, 
-63, 580, 644, -258, -353, 612, -405, -107, -92, -224, -141, -92, 
-63, 590, 653, -263, -358, 622, -405, -102, -87, -214, -136, -92, 
-63, 595, 658, -265, -361, 627, -395, -92, -87, -209, -131, -87, 
-63, 600, 663, -268, -363, 631, -395, -92, -87, -204, -126, -87, 
-73, 585, 658, -256, -366, 622, -390, -87, -92, -209, -136, -92, 
-73, 580, 653, -253, -363, 617, -385, -82, -92, -214, -136, -92, 
-73, 580, 653, -253, -363, 617, -385, -78, -92, -214, -136, -97, 
-73, 580, 653, -253, -363, 617, -375, -78, -92, -214, -141, -97, 
-68, 585, 653, -258, -361, 619, -375, -73, -82, -214, -131, -97, 
-63, 590, 653, -263, -358, 622, -375, -73, -82, -214, -131, -97, 
-58, 590, 649, -265, -353, 619, -375, -73, -87, -219, -136, -97, 
-48, 590, 639, -270, -344, 614, -375, -73, -97, -224, -141, -97, 
-58, 585, 644, -263, -351, 614, -375, -73, -102, -224, -146, -102, 
-58, 580, 639, -261, -348, 610, -375, -68, -107, -224, -146, -102, 
-63, 575, 639, -256, -351, 607, -380, -73, -112, -224, -146, -107, 
-63, 570, 634, -253, -348, 602, -375, -73, -117, -224, -151, -107, 
-73, 556, 629, -241, -351, 592, -375, -78, -126, -234, -151, -112, 
-73, 556, 629, -241, -351, 592, -395, -92, -131, -234, -151, -112, 
-73, 556, 629, -241, -351, 592, -405, -102, -141, -239, -161, -112, 
-73, 556, 629, -241, -351, 592, -409, -112, -141, -244, -161, -112, 
-63, 551, 614, -244, -339, 583, -424, -122, -156, -253, -161, -122, 
-63, 551, 614, -244, -339, 583, -439, -131, -161, -253, -165, -122, 
-63, 546, 610, -241, -336, 578, -444, -141, -170, -258, -170, -122, 
-58, 541, 600, -241, -329, 570, -444, -141, -175, -263, -180, -126, 
-58, 546, 605, -244, -331, 575, -453, -151, -165, -263, -170, -126, 
-53, 546, 600, -246, -326, 573, -458, -161, -175, -268, -170, -126, 
-53, 546, 600, -246, -326, 573, -463, -165, -175, -268, -170, -126, 
-43, 556, 600, -256, -322, 578, -463, -165, -175, -268, -165, -122, 
-34, 570, 605, -268, -319, 588, -478, -175, -185, -268, -170, -112, 
-19, 575, 595, -278, -307, 585, -478, -170, -180, -268, -165, -107, 
-19, 575, 595, -278, -307, 585, -473, -170, -180, -268, -165, -107, 
-19, 570, 590, -275, -305, 580, -473, -170, -175, -268, -165, -102, 
-24, 570, 595, -273, -309, 583, -453, -156, -165, -258, -161, -92, 
-39, 570, 610, -265, -324, 590, -453, -141, -156, -253, -156, -87, 
-43, 570, 614, -263, -329, 592, -448, -141, -156, -248, -151, -87, 
-53, 570, 624, -258, -339, 597, -448, -146, -156, -244, -146, -92, 
-53, 566, 619, -256, -336, 592, -444, -146, -151, -244, -146, -97, 
-68, 561, 629, -246, -348, 595, -434, -141, -151, -244, -146, -97, 
-73, 556, 629, -241, -351, 592, -429, -136, -151, -244, -146, -97, 
-73, 546, 619, -236, -346, 583, -424, -136, -151, -244, -146, -102, 
-78, 536, 614, -229, -346, 575, -429, -126, -156, -263, -170, -122, 
-87, 531, 619, -222, -353, 575, -429, -126, -165, -268, -175, -126, 
-87, 527, 614, -219, -351, 570, -429, -126, -170, -273, -180, -131, 
-78, 527, 605, -224, -341, 566, -429, -131, -175, -273, -180, -131, 
-78, 517, 595, -219, -336, 556, -429, -136, -165, -283, -185, -141, 
-82, 512, 595, -214, -339, 553, -429, -136, -165, -278, -190, -141, 
-82, 507, 590, -212, -336, 549, -429, -136, -170, -278, -190, -151, 
-78, 507, 585, -214, -331, 546, -424, -141, -175, -283, -195, -151, 
-82, 507, 590, -212, -336, 549, -424, -131, -175, -278, -195, -151, 
-87, 507, 595, -209, -341, 551, -424, -131, -175, -278, -195, -151, 
-92, 507, 600, -207, -346, 553, -424, -126, -175, -278, -195, -151, 
-107, 502, 610, -197, -358, 556, -419, -126, -170, -278, -195, -146, 
-107, 497, 605, -195, -356, 551, -409, -136, -180, -287, -190, -146, 
-107, 492, 600, -192, -353, 546, -409, -136, -180, -287, -190, -146, 
-107, 488, 595, -190, -351, 541, -409, -136, -175, -283, -190, -141, 
-107, 483, 590, -187, -348, 536, -409, -136, -175, -283, -190, -141, 
-107, 492, 600, -192, -353, 546, -409, -126, -175, -273, -180, -141, 
-107, 492, 600, -192, -353, 546, -409, -126, -175, -273, -180, -141, 
-107, 497, 605, -195, -356, 551, -409, -126, -175, -273, -185, -151, 
-102, 497, 600, -197, -351, 549, -409, -126, -175, -273, -185, -151, 
-97, 497, 595, -200, -346, 546, -419, -136, -175, -283, -190, -151, 
-97, 497, 595, -200, -346, 546, -414, -136, -175, -283, -185, -151, 
-92, 497, 590, -202, -341, 544, -414, -136, -175, -283, -185, -141, 
-87, 497, 585, -204, -336, 541, -414, -131, -175, -283, -185, -141, 
-97, 497, 595, -200, -346, 546, -405, -122, -165, -283, -185, -141, 
-97, 502, 600, -202, -348, 551, -409, -126, -165, -283, -185, -141, 
-87, 502, 590, -207, -339, 546, -409, -126, -165, -283, -185, -141, 
-87, 502, 590, -207, -339, 546, -409, -126, -165, -283, -185, -146, 
-92, 492, 585, -200, -339, 539, -400, -126, -156, -273, -175, -146, 
-102, 492, 595, -195, -348, 544, -400, -122, -156, -273, -175, -146, 
-112, 492, 605, -190, -358, 549, -400, -122, -156, -273, -175, -146, 
-117, 492, 610, -187, -363, 551, -400, -122, -156, -273, -175, -146, 
-112, 497, 610, -192, -361, 553, -409, -131, -161, -273, -190, -156, 
-107, 492, 600, -192, -353, 546, -409, -126, -165, -278, -190, -156, 
-97, 492, 590, -197, -344, 541, -409, -126, -170, -283, -190, -156, 
-92, 492, 585, -200, -339, 539, -409, -126, -175, -287, -190, -156, 
-92, 488, 580, -197, -336, 534, -419, -112, -156, -278, -180, -156, 
-82, 492, 575, -204, -329, 534, -409, -112, -136, -263, -165, -151, 
-102, 497, 600, -197, -351, 549, -400, -112, -126, -244, -161, -146, 
-117, 507, 624, -195, -370, 566, -395, -102, -97, -214, -141, -126, 
-97, 541, 639, -222, -368, 590, -414, -112, -58, -165, -112, -97, 
-48, 595, 644, -273, -346, 619, -434, -122, -4, -107, -43, -48, 
-9, 644, 653, -317, -331, 649, -453, -126, 58, -29, 39, 14, 
19, 688, 668, -353, -324, 678, -458, -107, 131, 63, 122, 87, 
58, 741, 683, -400, -312, 712, -448, -68, 224, 170, 224, 170, 
112, 814, 702, -463, -295, 758, -434, -9, 341, 297, 356, 268, 
175, 912, 736, -544, -280, 824, -439, 34, 473, 448, 517, 390, 
268, 1000, 732, -634, -231, 866, -478, 58, 595, 590, 649, 512, 
380, 1098, 717, -739, -168, 907, -522, 78, 673, 707, 766, 619, 
483, 1195, 712, -839, -114, 954, -561, 78, 722, 790, 854, 707, 
556, 1239, 683, -897, -63, 961, -610, 24, 702, 790, 873, 746, 
575, 1239, 663, -907, -43, 951, -668, -58, 600, 683, 805, 707, 
536, 1220, 683, -878, -73, 951, -712, -151, 429, 512, 658, 629, 
478, 1132, 653, -805, -87, 893, -756, -273, 195, 263, 444, 488, 
409, 941, 531, -675, -61, 736, -795, -390, -112, -48, 175, 292, 
341, 736, 395, -539, -26, 566, -814, -463, -414, -346, -97, 82, 
278, 580, 302, -429, -12, 441, -863, -546, -658, -561, -287, -68, 
224, 478, 253, -351, -14, 366, -956, -658, -849, -697, -400, -156, 
170, 395, 224, -283, -26, 309, -995, -732, -985, -800, -492, -248, 
122, 297, 175, -209, -26, 236, -990, -736, -1073, -878, -580, -331, 
92, 180, 87, -136, 2, 134, -971, -707, -1146, -961, -663, -419, 
87, 73, -14, -80, 51, 29, -941, -658, -1205, -1029, -727, -488, 
73, 0, -73, -36, 73, -36, -858, -561, -1190, -1058, -761, -527, 
24, -24, -48, 0, 36, -36, -771, -434, -1112, -1024, -736, -522, 
-34, 4, 39, 14, -36, 21, -683, -326, -976, -932, -673, -483, 
-58, 102, 161, -21, -109, 131, -610, -239, -805, -814, -590, -429, 
-73, 204, 278, -65, -175, 241, -546, -190, -644, -678, -483, -366, 
-107, 283, 390, -87, -248, 336, -502, -165, -497, -556, -395, -302, 
-112, 341, 453, -114, -283, 397, -463, -136, -405, -473, -331, -258, 
-112, 380, 492, -134, -302, 436, -424, -112, -326, -409, -297, -234, 
-122, 405, 527, -141, -324, 466, -405, -87, -263, -370, -268, -209, 
-122, 419, 541, -148, -331, 480, -395, -78, -219, -336, -244, -195, 
-102, 439, 541, -168, -322, 490, -385, -68, -190, -317, -229, -185, 
-97, 478, 575, -190, -336, 527, -390, -73, -165, -287, -200, -165, 
-92, 483, 575, -195, -334, 529, -390, -82, -156, -278, -195, -161, 
-97, 483, 580, -192, -339, 531, -390, -82, -156, -278, -190, -161, 
-102, 483, 585, -190, -344, 534, -390, -82, -151, -273, -185, -156, 
-107, 483, 590, -187, -348, 536, -390, -78, -146, -273, -180, -151, 
-107, 478, 585, -185, -346, 531, -385, -78, -146, -283, -185, -156, 
-107, 473, 580, -183, -344, 527, -380, -73, -146, -278, -190, -156, 
-102, 468, 570, -183, -336, 519, -375, -73, -141, -283, -185, -156, 
-97, 468, 566, -185, -331, 517, -370, -68, -141, -278, -185, -156, 
-102, 473, 575, -185, -339, 524, -370, -68, -126, -268, -180, -156, 
-102, 473, 575, -185, -339, 524, -370, -68, -122, -263, -175, -151, 
-102, 473, 575, -185, -339, 524, -370, -68, -122, -258, -170, -151, 
-102, 478, 580, -187, -341, 529, -370, -73, -122, -253, -170, -151, 
-112, 488, 600, -187, -356, 544, -375, -73, -112, -248, -165, -141, 
-112, 488, 600, -187, -356, 544, -375, -68, -112, -248, -165, -146, 
-107, 488, 595, -190, -351, 541, -380, -68, -107, -248, -165, -146, 
-107, 488, 595, -190, -351, 541, -380, -68, -107, -248, -161, -146, 
-107, 483, 590, -187, -348, 536, -370, -68, -107, -248, -151, -146, 
-107, 483, 590, -187, -348, 536, -370, -68, -102, -248, -151, -141, 
-97, 483, 580, -192, -339, 531, -366, -68, -102, -244, -151, -141, 
-97, 483, 580, -192, -339, 531, -366, -68, -102, -244, -141, -141, 
-87, 492, 580, -202, -334, 536, -375, -68, -87, -239, -151, -141, 
-87, 492, 580, -202, -334, 536, -375, -68, -87, -234, -151, -141, 
-87, 492, 580, -202, -334, 536, -375, -68, -87, -229, -151, -141, 
-87, 492, 580, -202, -334, 536, -375, -68, -82, -224, -151, -141, 
-73, 492, 566, -209, -319, 529, -375, -68, -82, -229, -161, -151, 
-68, 492, 561, -212, -314, 527, -375, -68, -82, -234, -161, -151, 
-68, 492, 561, -212, -314, 527, -375, -68, -82, -239, -156, -146, 
-63, 497, 561, -217, -312, 529, -375, -68, -82, -239, -151, -146, 
-68, 488, 556, -209, -312, 522, -385, -58, -82, -239, -141, -136, 
-63, 488, 551, -212, -307, 519, -385, -58, -73, -234, -141, -136, 
-63, 488, 551, -212, -307, 519, -385, -48, -73, -234, -136, -131, 
-63, 497, 561, -217, -312, 529, -385, -48, -73, -234, -136, -131, 
-68, 507, 575, -219, -322, 541, -380, -48, -58, -224, -136, -122, 
-78, 502, 580, -212, -329, 541, -375, -48, -58, -224, -131, -122, 
-82, 502, 585, -209, -334, 544, -370, -43, -53, -224, -126, -117, 
-92, 502, 595, -204, -344, 549, -366, -43, -53, -224, -126, -117, 
-92, 497, 590, -202, -341, 544, -370, -53, -53, -219, -136, -126, 
-92, 502, 595, -204, -344, 549, -370, -48, -48, -214, -131, -122, 
-92, 512, 605, -209, -348, 558, -375, -48, -43, -214, -126, -122, 
-92, 512, 605, -209, -348, 558, -375, -48, -39, -204, -126, -122, 
-87, 502, 590, -207, -339, 546, -385, -43, -48, -214, -126, -131, 
-73, 502, 575, -214, -324, 539, -385, -43, -43, -214, -126, -126, 
-63, 502, 566, -219, -314, 534, -385, -43, -39, -214, -126, -126, 
-58, 507, 566, -224, -312, 536, -385, -39, -39, -214, -126, -122, 
-53, 507, 561, -226, -307, 534, -385, -39, -34, -195, -112, -122, 
-53, 512, 566, -229, -309, 539, -385, -34, -29, -195, -107, -117, 
-39, 522, 561, -241, -300, 541, -385, -34, -29, -195, -107, -112, 
-39, 527, 566, -244, -302, 546, -385, -29, -29, -190, -107, -112, 
-48, 536, 585, -244, -317, 561, -380, -29, -29, -180, -107, -102, 
-48, 536, 585, -244, -317, 561, -380, -29, -19, -170, -107, -102, 
-48, 541, 590, -246, -319, 566, -380, -24, -14, -165, -107, -102, 
-43, 541, 585, -248, -314, 563, -380, -14, -14, -165, -107, -97, 
-39, 536, 575, -248, -307, 556, -380, -14, -4, -175, -102, -97, 
-39, 541, 580, -251, -309, 561, -380, -14, 4, -165, -97, -97, 
-34, 546, 580, -256, -307, 563, -380, -4, 14, -161, -92, -92, 
-24, 551, 575, -263, -300, 563, -380, 0, 24, -156, -87, -87, 
-24, 541, 566, -258, -295, 553, -380, -9, 24, -161, -82, -82, 
-29, 546, 575, -258, -302, 561, -380, -4, 29, -151, -78, -78, 
-29, 551, 580, -261, -305, 566, -380, 0, 39, -146, -73, -73, 
-14, 556, 570, -270, -292, 563, -380, 4, 43, -141, -68, -68, 
-9, 561, 570, -275, -290, 566, -390, 14, 58, -131, -63, -63, 
-4, 566, 570, -280, -287, 568, -390, 19, 63, -122, -58, -58, 
0, 575, 575, -287, -287, 575, -390, 24, 78, -112, -48, -53, 
4, 585, 580, -295, -287, 583, -390, 29, 92, -107, -43, -48, 
14, 590, 575, -302, -280, 583, -380, 24, 102, -102, -29, -43, 
19, 600, 580, -309, -280, 590, -380, 34, 112, -92, -14, -34, 
24, 610, 585, -317, -280, 597, -380, 39, 122, -78, -9, -29, 
34, 619, 585, -326, -275, 602, -385, 43, 126, -68, -4, -24, 
39, 624, 585, -331, -273, 605, -375, 48, 126, -58, 0, -14, 
39, 629, 590, -334, -275, 610, -375, 53, 136, -48, 9, -14, 
53, 639, 585, -346, -265, 612, -375, 53, 146, -43, 19, 0, 
63, 649, 585, -356, -261, 617, -375, 63, 161, -34, 34, 9, 
53, 663, 610, -358, -278, 636, -375, 78, 185, -19, 43, 24, 
63, 673, 610, -368, -273, 641, -380, 82, 204, -4, 53, 34, 
68, 683, 614, -375, -273, 649, -380, 82, 219, 9, 63, 43, 
78, 692, 614, -385, -268, 653, -380, 87, 234, 19, 73, 53, 
78, 692, 614, -385, -268, 653, -390, 87, 229, 24, 87, 53, 
92, 702, 610, -397, -258, 656, -390, 92, 239, 29, 87, 58, 
92, 707, 614, -400, -261, 661, -395, 92, 248, 24, 92, 63, 
107, 707, 600, -407, -246, 653, -400, 92, 253, 34, 92, 68, 
112, 722, 610, -417, -248, 666, -409, 92, 263, 48, 92, 73, 
117, 732, 614, -424, -248, 673, -409, 92, 268, 53, 102, 78, 
126, 741, 614, -434, -244, 678, -414, 97, 273, 58, 107, 82, 
136, 746, 610, -441, -236, 678, -414, 97, 273, 73, 112, 87, 
141, 746, 605, -444, -231, 675, -405, 97, 283, 78, 131, 97, 
146, 751, 605, -448, -229, 678, -409, 97, 297, 87, 136, 107, 
146, 751, 605, -448, -229, 678, -409, 97, 307, 97, 146, 112, 
146, 756, 610, -451, -231, 683, -419, 92, 312, 102, 151, 122, 
141, 766, 624, -453, -241, 695, -409, 92, 307, 107, 151, 122, 
141, 766, 624, -453, -241, 695, -409, 82, 307, 107, 151, 122, 
141, 766, 624, -453, -241, 695, -414, 82, 302, 102, 146, 122, 
136, 766, 629, -451, -246, 697, -419, 78, 297, 97, 146, 122, 
146, 761, 614, -453, -234, 688, -429, 78, 287, 87, 141, 117, 
141, 756, 614, -448, -236, 685, -429, 73, 287, 78, 131, 112, 
131, 756, 624, -444, -246, 690, -429, 63, 278, 73, 122, 112, 
122, 746, 624, -434, -251, 685, -429, 53, 268, 63, 107, 107, 
126, 732, 605, -429, -239, 668, -429, 43, 239, 58, 112, 102, 
112, 722, 610, -417, -248, 666, -429, 34, 224, 43, 97, 92, 
102, 717, 614, -409, -256, 666, -434, 19, 204, 29, 82, 82, 
97, 702, 605, -400, -253, 653, -434, 9, 185, 14, 68, 73, 
92, 702, 610, -397, -258, 656, -434, 0, 170, 0, 58, 58, 
87, 688, 600, -387, -256, 644, -434, -4, 156, -14, 43, 48, 
73, 678, 605, -375, -265, 641, -434, -14, 136, -29, 29, 34, 
58, 658, 600, -358, -270, 629, -434, -24, 122, -43, 19, 24, 
43, 639, 595, -341, -275, 617, -419, -29, 92, -68, -4, 9, 
34, 619, 585, -326, -275, 602, -419, -39, 73, -78, -19, 0, 
14, 600, 585, -307, -285, 592, -419, -43, 58, -92, -29, -14, 
0, 580, 580, -290, -290, 580, -419, -53, 39, -107, -39, -24, 
-4, 570, 575, -283, -290, 573, -414, -68, 14, -112, -43, -43, 
-14, 561, 575, -273, -295, 568, -414, -68, 0, -126, -53, -48, 
-24, 541, 566, -258, -295, 553, -414, -68, -9, -136, -68, -53, 
-39, 527, 566, -244, -302, 546, -414, -73, -19, -151, -78, -68, 
-43, 522, 566, -239, -305, 544, -409, -68, -24, -156, -87, -68, 
-58, 512, 570, -226, -314, 541, -405, -73, -34, -161, -92, -73, 
-63, 512, 575, -224, -319, 544, -400, -78, -39, -165, -97, -82, 
-73, 507, 580, -217, -326, 544, -395, -78, -43, -175, -102, -87, 
-78, 492, 570, -207, -324, 531, -400, -73, -48, -195, -117, -87, 
-78, 488, 566, -204, -322, 527, -400, -78, -63, -200, -117, -92, 
-73, 488, 561, -207, -317, 524, -405, -82, -68, -209, -126, -97, 
-68, 488, 556, -209, -312, 522, -405, -82, -78, -209, -126, -97, 
-63, 473, 536, -204, -300, 505, -405, -82, -97, -229, -141, -107, 
-68, 463, 531, -197, -300, 497, -405, -87, -97, -234, -146, -122, 
-68, 448, 517, -190, -292, 483, -405, -92, -102, -234, -156, -131, 
-68, 439, 507, -185, -287, 473, -405, -92, -102, -244, -165, -136, 
-68, 434, 502, -183, -285, 468, -405, -92, -107, -244, -175, -141, 
-73, 434, 507, -180, -290, 470, -405, -97, -107, -244, -180, -146, 
-73, 429, 502, -178, -287, 466, -405, -97, -112, -248, -185, -146, 
-73, 429, 502, -178, -287, 466, -405, -97, -117, -253, -185, -146, 
-82, 424, 507, -170, -295, 466, -405, -97, -126, -253, -175, -146, 
-82, 424, 507, -170, -295, 466, -405, -97, -131, -253, -175, -146, 
-82, 424, 507, -170, -295, 466, -405, -97, -136, -253, -175, -146, 
-87, 424, 512, -168, -300, 468, -405, -92, -136, -253, -175, -146, 
-97, 424, 522, -163, -309, 473, -405, -92, -126, -253, -175, -136, 
-102, 424, 527, -161, -314, 475, -405, -92, -126, -248, -175, -136, 
-112, 424, 536, -156, -324, 480, -405, -92, -126, -248, -175, -136, 
-122, 419, 541, -148, -331, 480, -395, -92, -122, -248, -170, -136, 
-117, 409, 527, -146, -322, 468, -400, -97, -122, -258, -180, -136, 
-107, 409, 517, -151, -312, 463, -400, -97, -122, -258, -180, -136, 
-102, 409, 512, -153, -307, 461, -405, -97, -122, -258, -180, -141, 
-97, 409, 507, -156, -302, 458, -405, -97, -122, -263, -180, -146, 
-92, 419, 512, -163, -302, 466, -390, -87, -136, -253, -180, -146, 
-92, 424, 517, -165, -305, 470, -390, -87, -136, -248, -185, -146, 
-92, 424, 517, -165, -305, 470, -395, -87, -131, -248, -185, -146, 
-92, 424, 517, -165, -305, 470, -395, -87, -131, -248, -185, -146, 
-78, 414, 492, -168, -285, 453, -405, -87, -122, -258, -195, -146, 
-73, 414, 488, -170, -280, 451, -405, -87, -122, -258, -195, -146, 
-68, 414, 483, -173, -275, 448, -405, -87, -122, -258, -195, -151, 
-63, 414, 478, -175, -270, 446, -400, -87, -117, -253, -195, -156, 
-73, 414, 488, -170, -280, 451, -395, -87, -112, -239, -190, -151, 
-87, 414, 502, -163, -295, 458, -395, -82, -112, -239, -185, -146, 
-97, 414, 512, -158, -305, 463, -390, -82, -112, -239, -180, -141, 
-107, 414, 522, -153, -314, 468, -385, -82, -112, -239, -175, -136, 
-112, 414, 527, -151, -319, 470, -385, -73, -102, -229, -165, -136, 
-112, 414, 527, -151, -319, 470, -385, -78, -102, -229, -165, -136, 
-112, 414, 527, -151, -319, 470, -385, -78, -102, -229, -165, -136, 
-112, 424, 536, -156, -324, 480, -385, -78, -102, -229, -161, -136, 
-102, 414, 517, -156, -309, 466, -390, -87, -97, -239, -170, -146, 
-97, 414, 512, -158, -305, 463, -390, -78, -92, -239, -170, -146, 
-97, 414, 512, -158, -305, 463, -390, -78, -92, -234, -165, -141, 
-92, 414, 507, -161, -300, 461, -390, -82, -92, -234, -165, -141, 
-82, 424, 507, -170, -295, 466, -400, -82, -92, -234, -170, -141, 
-78, 424, 502, -173, -290, 463, -400, -78, -87, -234, -165, -141, 
-73, 424, 497, -175, -285, 461, -400, -78, -82, -229, -165, -141, 
-68, 424, 492, -178, -280, 458, -400, -78, -82, -219, -165, -136, 
-73, 419, 492, -173, -283, 456, -395, -68, -73, -209, -156, -126, 
-78, 424, 502, -173, -290, 463, -390, -68, -63, -214, -156, -126, 
-82, 424, 507, -170, -295, 466, -385, -63, -63, -214, -151, -126, 
-87, 429, 517, -170, -302, 473, -380, -63, -63, -209, -146, -122, 
-97, 424, 522, -163, -309, 473, -375, -58, -53, -200, -131, -117, 
-102, 419, 522, -158, -312, 470, -375, -58, -53, -200, -131, -122, 
-102, 419, 522, -158, -312, 470, -375, -68, -53, -204, -131, -122, 
-97, 424, 522, -163, -309, 473, -375, -58, -48, -195, -122, -112, 
-78, 439, 517, -180, -297, 478, -380, -58, -39, -185, -126, -117, 
-68, 439, 507, -185, -287, 473, -380, -48, -39, -185, -126, -107, 
-68, 439, 507, -185, -287, 473, -380, -48, -39, -185, -126, -107, 
-68, 439, 507, -185, -287, 473, -380, -48, -39, -185, -126, -107, 
-68, 439, 507, -185, -287, 473, -380, -48, -39, -185, -126, -107, 
-53, 448, 502, -197, -278, 475, -385, -58, -24, -190, -117, -102, 
-53, 453, 507, -200, -280, 480, -385, -53, -19, -185, -117, -102, 
-53, 453, 507, -200, -280, 480, -375, -43, -19, -185, -117, -97, 
-53, 453, 507, -200, -280, 480, -375, -43, -19, -185, -117, -97, 
-63, 448, 512, -192, -287, 480, -361, -39, -14, -180, -107, -92, 
-63, 444, 507, -190, -285, 475, -356, -34, -14, -185, -107, -92, 
-63, 444, 507, -190, -285, 475, -356, -29, -14, -185, -107, -97, 
-63, 444, 507, -190, -285, 475, -346, -29, -14, -185, -112, -97, 
-73, 434, 507, -180, -290, 470, -346, -24, -14, -185, -112, -97, 
-73, 434, 507, -180, -290, 470, -346, -24, -14, -185, -112, -97, 
-73, 429, 502, -178, -287, 466, -346, -24, -19, -190, -117, -97, 
-68, 424, 492, -178, -280, 458, -346, -24, -29, -195, -122, -97, 
-68, 409, 478, -170, -273, 444, -341, -19, -43, -204, -126, -112, 
-68, 405, 473, -168, -270, 439, -346, -19, -48, -204, -126, -112, 
-73, 400, 473, -163, -273, 436, -356, -29, -53, -204, -126, -117, 
-73, 395, 468, -161, -270, 431, -356, -34, -58, -204, -131, -117, 
-63, 400, 463, -168, -263, 431, -375, -48, -68, -214, -131, -122, 
-63, 400, 463, -168, -263, 431, -395, -63, -73, -214, -131, -122, 
-63, 400, 463, -168, -263, 431, -405, -73, -82, -219, -141, -122, 
-63, 400, 463, -168, -263, 431, -409, -82, -82, -224, -141, -122, 
-53, 400, 453, -173, -253, 427, -414, -92, -87, -234, -146, -122, 
-53, 405, 458, -175, -256, 431, -429, -102, -92, -234, -146, -122, 
-53, 405, 458, -175, -256, 431, -434, -112, -102, -239, -146, -122, 
-48, 405, 453, -178, -251, 429, -434, -112, -107, -244, -151, -126, 
-58, 390, 448, -165, -253, 419, -434, -112, -107, -244, -151, -136, 
-53, 390, 444, -168, -248, 417, -439, -122, -117, -248, -151, -136, 
-53, 390, 444, -168, -248, 417, -444, -126, -117, -248, -151, -136, 
-43, 400, 444, -178, -244, 422, -444, -126, -117, -248, -146, -131, 
-53, 414, 468, -180, -261, 441, -458, -126, -107, -229, -141, -126, 
-39, 419, 458, -190, -248, 439, -458, -122, -102, -229, -136, -117, 
-39, 419, 458, -190, -248, 439, -453, -122, -102, -229, -136, -112, 
-39, 414, 453, -187, -246, 434, -453, -122, -97, -229, -136, -102, 
-48, 405, 453, -178, -251, 429, -434, -107, -97, -214, -131, -102, 
-58, 405, 463, -173, -261, 434, -434, -92, -87, -214, -126, -97, 
-58, 405, 463, -173, -261, 434, -429, -92, -87, -214, -122, -97, 
-63, 405, 468, -170, -265, 436, -429, -97, -87, -214, -117, -102, 
-58, 400, 458, -170, -258, 429, -424, -102, -102, -224, -126, -117, 
-68, 395, 463, -163, -265, 429, -414, -102, -102, -224, -126, -117, 
-68, 390, 458, -161, -263, 424, -409, -102, -102, -224, -126, -117, 
-63, 380, 444, -158, -253, 412, -405, -107, -102, -224, -126, -122, 
-73, 361, 434, -143, -253, 397, -400, -97, -102, -234, -141, -131, 
-87, 356, 444, -134, -265, 400, -400, -97, -107, -239, -146, -136, 
-92, 351, 444, -129, -268, 397, -400, -97, -107, -244, -151, -141, 
-87, 351, 439, -131, -263, 395, -400, -102, -107, -244, -151, -141, 
-87, 351, 439, -131, -263, 395, -409, -112, -117, -253, -165, -141, 
-92, 346, 439, -126, -265, 392, -409, -107, -117, -248, -170, -141, 
-92, 341, 434, -124, -263, 387, -409, -102, -122, -248, -170, -151, 
-87, 341, 429, -126, -258, 385, -405, -102, -126, -253, -175, -151, 
-97, 331, 429, -117, -263, 380, -405, -102, -126, -258, -175, -161, 
-97, 331, 429, -117, -263, 380, -405, -102, -126, -258, -175, -161, 
-97, 331, 429, -117, -263, 380, -405, -97, -126, -258, -175, -161, 
-107, 326, 434, -109, -270, 380, -400, -97, -122, -258, -175, -156, 
-112, 317, 429, -102, -270, 373, -390, -92, -117, -248, -165, -146, 
-117, 317, 434, -100, -275, 375, -390, -87, -112, -248, -161, -146, 
-122, 317, 439, -97, -280, 378, -390, -82, -102, -244, -156, -141, 
-126, 317, 444, -95, -285, 380, -390, -78, -97, -244, -151, -141, 
-117, 326, 444, -104, -280, 385, -380, -87, -97, -234, -151, -141, 
-117, 326, 444, -104, -280, 385, -380, -87, -97, -234, -151, -141, 
-117, 331, 448, -107, -283, 390, -380, -87, -97, -234, -156, -151, 
-112, 331, 444, -109, -278, 387, -380, -87, -97, -234, -156, -151, 
-107, 331, 439, -112, -273, 385, -390, -87, -107, -244, -161, -151, 
-107, 331, 439, -112, -273, 385, -385, -87, -107, -244, -156, -151, 
-102, 331, 434, -114, -268, 383, -385, -87, -107, -244, -156, -141, 
-97, 331, 429, -117, -263, 380, -385, -82, -107, -244, -156, -141, 
-97, 341, 439, -122, -268, 390, -385, -82, -97, -234, -156, -141, 
-97, 346, 444, -124, -270, 395, -390, -87, -97, -234, -156, -141, 
-87, 346, 434, -129, -261, 390, -390, -87, -97, -234, -156, -141, 
-87, 346, 434, -129, -261, 390, -390, -87, -97, -234, -156, -146, 
-82, 336, 419, -126, -251, 378, -400, -97, -107, -244, -165, -146, 
-82, 336, 419, -126, -251, 378, -400, -92, -107, -244, -165, -146, 
-82, 336, 419, -126, -251, 378, -400, -92, -107, -244, -165, -146, 
-78, 336, 414, -129, -246, 375, -400, -92, -107, -244, -165, -146, 
-97, 322, 419, -112, -258, 370, -395, -87, -97, -239, -161, -136, 
-107, 317, 424, -104, -265, 370, -390, -78, -97, -239, -161, -136, 
-112, 317, 429, -102, -270, 373, -385, -73, -97, -239, -161, -136, 
-122, 317, 439, -97, -280, 378, -380, -68, -97, -239, -161, -136, 
-112, 322, 434, -104, -273, 378, -370, -63, -68, -219, -151, -126, 
-102, 326, 429, -112, -265, 378, -370, -63, -58, -204, -136, -122, 
-112, 331, 444, -109, -278, 387, -370, -63, -29, -185, -131, -117, 
-107, 361, 468, -126, -287, 414, -385, -63, 9, -146, -92, -87, 
-87, 424, 512, -168, -300, 468, -405, -63, 58, -78, -34, -48, 
-48, 468, 517, -209, -283, 492, -424, -73, 112, -9, 43, 9, 
-19, 507, 527, -244, -273, 517, -414, -58, 175, 68, 107, 63, 
19, 551, 531, -285, -256, 541, -400, -19, 258, 151, 200, 126, 
97, 605, 507, -351, -204, 556, -400, 29, 341, 248, 302, 209, 
200, 697, 497, -448, -148, 597, -414, 68, 458, 375, 424, 317, 
292, 795, 502, -544, -104, 649, -439, 102, 580, 507, 556, 429, 
395, 883, 488, -639, -46, 685, -468, 136, 673, 629, 688, 551, 
497, 971, 473, -734, 12, 722, -502, 146, 741, 727, 795, 649, 
570, 1039, 468, -805, 51, 753, -561, 107, 751, 771, 844, 697, 
605, 1054, 448, -829, 78, 751, -610, 43, 683, 712, 814, 697, 
595, 1054, 458, -824, 68, 756, -649, -48, 541, 585, 717, 649, 
566, 995, 429, -780, 68, 712, -712, -190, 341, 385, 541, 541, 
507, 839, 331, -673, 87, 585, -795, -341, 39, 78, 278, 351, 
448, 629, 180, -539, 134, 405, -834, -448, -278, -244, -9, 136, 
380, 463, 82, -422, 148, 273, -873, -522, -522, -473, -214, -24, 
278, 346, 68, -312, 104, 207, -932, -614, -717, -610, -336, -126, 
204, 244, 39, -224, 82, 141, -985, -697, -868, -727, -448, -224, 
161, 151, -9, -156, 85, 70, -995, -722, -956, -810, -531, -307, 
112, 43, -68, -78, 90, -12, -971, -697, -1034, -888, -610, -370, 
73, -82, -156, 4, 114, -119, -922, -639, -1098, -951, -683, -448, 
58, -190, -248, 65, 153, -219, -834, -522, -1107, -990, -717, -507, 
43, -234, -278, 95, 161, -256, -751, -405, -1034, -971, -702, -517, 
24, -200, -224, 87, 124, -212, -673, -297, -917, -888, -658, -492, 
-4, -122, -117, 63, 56, -119, -595, -209, -761, -785, -585, -444, 
-48, -14, 34, 31, -41, 9, -531, -161, -590, -658, -492, -370, 
-92, 87, 180, 2, -136, 134, -488, -131, -439, -541, -395, -297, 
-97, 156, 253, -29, -175, 204, -453, -107, -331, -448, -336, -253, 
-92, 195, 287, -51, -190, 241, -424, -78, -258, -395, -302, -229, 
-102, 224, 326, -61, -214, 275, -395, -63, -200, -351, -258, -204, 
-92, 248, 341, -78, -217, 295, -375, -39, -146, -302, -219, -170, 
-92, 263, 356, -85, -224, 309, -356, -19, -112, -268, -185, -156, 
-92, 273, 366, -90, -229, 319, -356, -29, -102, -258, -180, -156, 
-68, 292, 361, -112, -214, 326, -361, -34, -97, -258, -170, -146, 
-63, 307, 370, -122, -217, 339, -361, -43, -87, -248, -170, -146, 
-68, 307, 375, -119, -222, 341, -361, -43, -87, -248, -170, -151, 
-73, 307, 380, -117, -226, 344, -361, -43, -82, -244, -170, -151, 
-78, 307, 385, -114, -231, 346, -361, -39, -78, -244, -170, -151, 
-97, 297, 395, -100, -246, 346, -346, -29, -68, -239, -170, -141, 
-107, 297, 405, -95, -256, 351, -341, -24, -58, -229, -170, -136, 
-112, 297, 409, -92, -261, 353, -336, -24, -43, -229, -161, -131, 
-117, 302, 419, -92, -268, 361, -331, -19, -34, -219, -156, -126, 
-122, 307, 429, -92, -275, 368, -322, -9, -29, -204, -141, -126, 
-122, 307, 429, -92, -275, 368, -322, -9, -24, -204, -136, -122, 
-122, 307, 429, -92, -275, 368, -322, -9, -24, -204, -131, -122, 
-122, 312, 434, -95, -278, 373, -322, -14, -24, -204, -131, -122, 
-117, 312, 429, -97, -273, 370, -336, -24, -34, -209, -146, -122, 
-112, 312, 424, -100, -268, 368, -336, -19, -34, -209, -146, -126, 
-102, 312, 414, -104, -258, 363, -341, -19, -29, -209, -146, -126, 
-97, 312, 409, -107, -253, 361, -341, -19, -29, -209, -141, -126, 
-97, 307, 405, -104, -251, 356, -341, -19, -29, -200, -141, -126, 
-97, 307, 405, -104, -251, 356, -341, -19, -24, -200, -141, -122, 
-87, 307, 395, -109, -241, 351, -336, -19, -24, -195, -141, -122, 
-87, 307, 395, -109, -241, 351, -336, -19, -24, -195, -131, -122, 
-82, 307, 390, -112, -236, 348, -336, -19, -19, -204, -131, -131, 
-78, 307, 385, -114, -231, 346, -336, -19, -19, -204, -131, -131, 
-73, 307, 380, -117, -226, 344, -336, -19, -19, -204, -131, -131, 
-68, 307, 375, -119, -222, 341, -336, -19, -14, -204, -131, -131, 
-68, 317, 385, -124, -226, 351, -346, -19, -14, -204, -131, -122, 
-68, 317, 385, -124, -226, 351, -346, -19, -14, -204, -131, -122, 
-73, 317, 390, -122, -231, 353, -346, -19, -14, -204, -126, -117, 
-73, 322, 395, -124, -234, 358, -346, -19, -14, -200, -122, -117, 
-82, 312, 395, -114, -239, 353, -336, -9, -4, -190, -112, -117, 
-82, 312, 395, -114, -239, 353, -336, -9, 4, -185, -112, -117, 
-87, 312, 400, -112, -244, 356, -336, 0, 4, -185, -107, -112, 
-92, 322, 414, -114, -253, 368, -336, 0, 4, -185, -107, -112, 
-92, 322, 414, -114, -253, 368, -326, 0, 19, -175, -107, -112, 
-97, 317, 414, -109, -256, 366, -326, 0, 19, -175, -102, -112, 
-97, 317, 414, -109, -256, 366, -326, 4, 24, -175, -97, -107, 
-102, 317, 419, -107, -261, 368, -326, 4, 24, -175, -97, -107, 
-97, 312, 409, -107, -253, 361, -341, 4, 14, -180, -107, -107, 
-92, 317, 409, -112, -251, 363, -341, 9, 19, -175, -102, -102, 
-87, 326, 414, -119, -251, 370, -346, 9, 24, -175, -97, -102, 
-82, 326, 409, -122, -246, 368, -346, 9, 29, -165, -97, -102, 
-82, 326, 409, -122, -246, 368, -346, 4, 29, -165, -87, -112, 
-73, 326, 400, -126, -236, 363, -346, 4, 34, -165, -87, -107, 
-68, 326, 395, -129, -231, 361, -346, 4, 39, -165, -87, -107, 
-68, 331, 400, -131, -234, 366, -346, 9, 39, -165, -87, -102, 
-68, 331, 400, -131, -234, 366, -356, 9, 34, -156, -82, -102, 
-63, 336, 400, -136, -231, 368, -356, 14, 39, -156, -78, -97, 
-43, 346, 390, -151, -217, 368, -356, 14, 39, -156, -78, -92, 
-39, 351, 390, -156, -214, 370, -356, 19, 39, -151, -78, -92, 
-29, 351, 380, -161, -204, 366, -361, 19, 39, -161, -68, -92, 
-29, 351, 380, -161, -204, 366, -361, 19, 48, -151, -68, -92, 
-29, 356, 385, -163, -207, 370, -361, 24, 53, -146, -68, -92, 
-24, 356, 380, -165, -202, 368, -361, 34, 53, -146, -68, -87, 
-39, 351, 390, -156, -214, 370, -346, 43, 73, -131, -53, -73, 
-48, 356, 405, -153, -226, 380, -341, 43, 82, -117, -48, -68, 
-53, 361, 414, -153, -234, 387, -336, 53, 92, -107, -43, -58, 
-53, 366, 419, -156, -236, 392, -331, 58, 102, -97, -39, -48, 
-53, 356, 409, -151, -231, 383, -331, 58, 112, -102, -43, -53, 
-58, 361, 419, -151, -239, 390, -331, 63, 117, -92, -39, -48, 
-58, 366, 424, -153, -241, 395, -331, 68, 126, -87, -34, -43, 
-43, 370, 414, -163, -229, 392, -331, 73, 131, -82, -29, -39, 
-29, 385, 414, -178, -222, 400, -331, 73, 126, -82, -14, -34, 
-24, 390, 414, -183, -219, 402, -331, 78, 131, -73, -9, -29, 
-19, 400, 419, -190, -219, 409, -331, 82, 146, -63, 0, -24, 
-14, 409, 424, -197, -219, 417, -331, 87, 161, -58, 4, -19, 
-9, 405, 414, -197, -212, 409, -341, 92, 170, -53, 0, -14, 
0, 414, 414, -207, -207, 414, -341, 102, 180, -43, 14, -4, 
9, 424, 414, -217, -202, 419, -341, 107, 190, -29, 19, 0, 
24, 434, 409, -229, -192, 422, -346, 112, 195, -19, 24, 4, 
19, 439, 419, -229, -200, 429, -346, 107, 214, -9, 29, 14, 
19, 444, 424, -231, -202, 434, -346, 112, 224, 0, 39, 14, 
34, 453, 419, -244, -192, 436, -346, 112, 234, 4, 48, 29, 
43, 463, 419, -253, -187, 441, -346, 122, 248, 14, 63, 39, 
43, 468, 424, -256, -190, 446, -336, 131, 258, 34, 63, 48, 
53, 478, 424, -265, -185, 451, -341, 141, 273, 43, 73, 53, 
58, 488, 429, -273, -185, 458, -341, 146, 283, 53, 82, 58, 
68, 497, 429, -283, -180, 463, -341, 156, 292, 58, 92, 63, 
68, 507, 439, -287, -185, 473, -351, 156, 297, 68, 107, 73, 
82, 517, 434, -300, -175, 475, -351, 161, 307, 78, 107, 78, 
82, 522, 439, -302, -178, 480, -356, 161, 317, 78, 112, 82, 
97, 522, 424, -309, -163, 473, -361, 161, 322, 92, 112, 87, 
107, 536, 429, -322, -161, 483, -370, 151, 322, 92, 112, 92, 
117, 546, 429, -331, -156, 488, -370, 151, 326, 92, 122, 97, 
131, 556, 424, -344, -146, 490, -375, 156, 331, 92, 126, 102, 
146, 561, 414, -353, -134, 488, -375, 156, 331, 102, 131, 107, 
141, 551, 409, -346, -134, 480, -370, 165, 346, 107, 146, 122, 
136, 556, 419, -346, -141, 488, -370, 165, 356, 117, 146, 126, 
126, 556, 429, -341, -151, 492, -366, 165, 361, 126, 151, 126, 
117, 561, 444, -339, -163, 502, -370, 161, 361, 131, 151, 131, 
131, 570, 439, -351, -153, 505, -370, 161, 356, 126, 141, 122, 
131, 570, 439, -351, -153, 505, -370, 151, 356, 126, 141, 122, 
131, 570, 439, -351, -153, 505, -375, 151, 351, 122, 136, 122, 
126, 570, 444, -348, -158, 507, -380, 146, 346, 117, 136, 122, 
122, 566, 444, -344, -161, 505, -370, 146, 346, 126, 146, 122, 
112, 561, 448, -336, -168, 505, -370, 141, 346, 117, 141, 122, 
97, 561, 463, -329, -183, 512, -370, 131, 336, 112, 136, 126, 
82, 551, 468, -317, -192, 509, -370, 122, 326, 102, 126, 126, 
82, 536, 453, -309, -185, 495, -380, 102, 297, 87, 122, 112, 
73, 527, 453, -300, -190, 490, -380, 92, 283, 73, 107, 102, 
68, 522, 453, -295, -192, 488, -385, 78, 263, 58, 92, 92, 
68, 507, 439, -287, -185, 473, -385, 68, 244, 43, 78, 82, 
53, 492, 439, -273, -192, 466, -385, 58, 219, 19, 63, 58, 
48, 473, 424, -261, -187, 448, -385, 53, 204, 4, 43, 48, 
34, 458, 424, -246, -195, 441, -385, 43, 185, -9, 24, 34, 
19, 434, 414, -226, -197, 424, -385, 34, 170, -24, 9, 24, 
14, 429, 414, -222, -200, 422, -390, 29, 156, -29, 4, 9, 
14, 414, 400, -214, -192, 407, -390, 19, 141, -39, -9, 0, 
4, 400, 395, -202, -195, 397, -390, 14, 131, -53, -19, -14, 
0, 385, 385, -192, -192, 385, -390, 4, 117, -68, -29, -24, 
-4, 385, 390, -190, -197, 387, -375, -4, 92, -82, -43, -24, 
-14, 375, 390, -180, -202, 383, -375, -9, 78, -97, -53, -29, 
-24, 356, 380, -165, -202, 368, -375, -14, 68, -107, -68, -34, 
-39, 341, 380, -151, -209, 361, -375, -24, 58, -122, -78, -48, 
-53, 326, 380, -136, -217, 353, -366, -19, 53, -126, -78, -58, 
-68, 317, 385, -124, -226, 351, -366, -24, 43, -131, -82, -63, 
-73, 317, 390, -122, -231, 353, -366, -29, 39, -136, -87, -73, 
-82, 312, 395, -114, -239, 353, -366, -29, 34, -146, -92, -78, 
-92, 302, 395, -104, -244, 348, -370, -43, 29, -156, -107, -87, 
-97, 292, 390, -97, -244, 341, -370, -48, 14, -161, -107, -92, 
-97, 287, 385, -95, -241, 336, -375, -53, 9, -170, -117, -97, 
-97, 283, 380, -92, -239, 331, -375, -53, 0, -170, -117, -97, 
-87, 283, 370, -97, -229, 326, -366, -43, -19, -180, -126, -92, 
-87, 278, 366, -95, -226, 322, -366, -48, -19, -185, -126, -102, 
-82, 268, 351, -92, -217, 309, -366, -53, -24, -185, -131, -107, 
-78, 263, 341, -92, -209, 302, -366, -53, -24, -195, -136, -107, 
-78, 258, 336, -90, -207, 297, -375, -53, -19, -195, -136, -112, 
-82, 258, 341, -87, -212, 300, -375, -58, -19, -195, -141, -117, 
-82, 253, 336, -85, -209, 295, -375, -58, -24, -200, -146, -117, 
-82, 253, 336, -85, -209, 295, -375, -58, -29, -204, -146, -117, 
-87, 248, 336, -80, -212, 292, -366, -48, -29, -195, -136, -117, 
-92, 248, 341, -78, -217, 295, -366, -48, -34, -195, -136, -117, 
-97, 248, 346, -75, -222, 297, -366, -48, -39, -195, -136, -117, 
-107, 248, 356, -70, -231, 302, -366, -43, -39, -195, -136, -117, 
-102, 239, 341, -68, -222, 290, -366, -43, -39, -200, -141, -117, 
-102, 239, 341, -68, -222, 290, -366, -43, -39, -200, -146, -117, 
-107, 239, 346, -65, -226, 292, -366, -43, -39, -204, -151, -117, 
-112, 234, 346, -61, -229, 290, -356, -43, -34, -209, -151, -117, 
-102, 234, 336, -65, -219, 285, -361, -48, -34, -200, -141, -117, 
-97, 234, 331, -68, -214, 283, -361, -48, -34, -200, -141, -117, 
-97, 234, 331, -68, -214, 283, -366, -48, -34, -200, -141, -122, 
-97, 234, 331, -68, -214, 283, -366, -48, -34, -204, -141, -126, 
-102, 234, 336, -65, -219, 285, -361, -39, -39, -204, -141, -117, 
-102, 239, 341, -68, -222, 290, -361, -39, -39, -200, -146, -117, 
-102, 239, 341, -68, -222, 290, -366, -39, -34, -200, -146, -117, 
-102, 239, 341, -68, -222, 290, -366, -39, -34, -200, -146, -117, 
-92, 239, 331, -73, -212, 285, -366, -39, -24, -200, -136, -122, 
-92, 239, 331, -73, -212, 285, -366, -39, -24, -200, -136, -117, 
-92, 239, 331, -73, -212, 285, -366, -39, -24, -200, -136, -117, 
-92, 239, 331, -73, -212, 285, -361, -39, -19, -195, -136, -117, 
-102, 248, 351, -73, -226, 300, -351, -39, -24, -190, -136, -117, 
-107, 248, 356, -70, -231, 302, -356, -34, -24, -190, -136, -117, 
-107, 248, 356, -70, -231, 302, -356, -34, -24, -190, -136, -117, 
-107, 248, 356, -70, -231, 302, -356, -34, -24, -190, -136, -117, 
-112, 239, 351, -63, -231, 295, -356, -24, -4, -180, -126, -117, 
-112, 239, 351, -63, -231, 295, -356, -29, -4, -180, -126, -117, 
-112, 239, 351, -63, -231, 295, -356, -29, -4, -180, -126, -117, 
-112, 248, 361, -68, -236, 305, -356, -29, -4, -180, -122, -117, 
-97, 244, 341, -73, -219, 292, -361, -34, -9, -190, -122, -117, 
-97, 239, 336, -70, -217, 287, -361, -29, -4, -190, -122, -117, 
-102, 234, 336, -65, -219, 285, -361, -34, -4, -185, -117, -112, 
-102, 229, 331, -63, -217, 280, -361, -43, -4, -185, -117, -112, 
-97, 234, 331, -68, -214, 283, -361, -34, -4, -175, -122, -112, 
-97, 239, 336, -70, -217, 287, -361, -29, 0, -175, -117, -112, 
-97, 244, 341, -73, -219, 292, -361, -29, 4, -170, -117, -112, 
-97, 248, 346, -75, -222, 297, -361, -29, 4, -161, -117, -107, 
-87, 248, 336, -80, -212, 292, -351, -29, 14, -170, -117, -107, 
-87, 248, 336, -80, -212, 292, -351, -29, 24, -175, -117, -107, 
-87, 244, 331, -78, -209, 287, -351, -24, 24, -175, -112, -107, 
-87, 244, 331, -78, -209, 287, -351, -24, 24, -170, -107, -102, 
-97, 248, 346, -75, -222, 297, -356, -19, 24, -165, -92, -107, 
-92, 253, 346, -80, -219, 300, -356, -19, 24, -161, -92, -102, 
-92, 253, 346, -80, -219, 300, -356, -19, 24, -151, -92, -102, 
-87, 258, 346, -85, -217, 302, -356, -19, 29, -146, -82, -102, 
-87, 273, 361, -92, -224, 317, -346, -14, 34, -151, -73, -87, 
-117, 273, 390, -78, -253, 331, -341, -9, 48, -136, -68, -78, 
-107, 283, 390, -87, -248, 336, -351, -19, 48, -136, -68, -78, 
-97, 283, 380, -92, -239, 331, -351, -19, 48, -136, -68, -78, 
-87, 283, 370, -97, -229, 326, -351, -19, 48, -136, -68, -78, 
-78, 283, 361, -102, -219, 322, -351, -19, 48, -136, -68, -78, 
-82, 292, 375, -104, -229, 334, -346, -9, 63, -131, -58, -63, 
-82, 297, 380, -107, -231, 339, -346, -4, 68, -126, -58, -63, 
-82, 297, 380, -107, -231, 339, -336, 4, 68, -126, -58, -58, 
-82, 297, 380, -107, -231, 339, -336, 4, 68, -126, -58, -58, 
-82, 283, 366, -100, -224, 324, -322, 19, 63, -131, -48, -63, 
-82, 278, 361, -97, -222, 319, -317, 24, 63, -136, -48, -63, 
-82, 278, 361, -97, -222, 319, -317, 29, 63, -136, -48, -68, 
-82, 278, 361, -97, -222, 319, -307, 29, 63, -136, -53, -68, 
-82, 273, 356, -95, -219, 314, -307, 34, 53, -136, -63, -78, 
-82, 268, 351, -92, -217, 309, -307, 34, 53, -136, -63, -78, 
-82, 258, 341, -87, -212, 300, -307, 34, 48, -141, -68, -78, 
-78, 248, 326, -85, -202, 287, -307, 34, 39, -146, -73, -78, 
-68, 253, 322, -92, -195, 287, -322, 19, 24, -156, -78, -82, 
-68, 248, 317, -90, -192, 283, -326, 19, 19, -156, -78, -82, 
-73, 244, 317, -85, -195, 280, -336, 9, 14, -156, -78, -87, 
-73, 239, 312, -82, -192, 275, -336, 4, 9, -156, -82, -87, 
-73, 244, 317, -85, -195, 280, -346, -19, 9, -165, -92, -102, 
-73, 244, 317, -85, -195, 280, -366, -34, 4, -165, -92, -102, 
-73, 244, 317, -85, -195, 280, -375, -43, -4, -170, -102, -102, 
-73, 244, 317, -85, -195, 280, -380, -53, -4, -175, -102, -102, 
-73, 234, 307, -80, -190, 270, -385, -53, 0, -175, -87, -92, 
-73, 239, 312, -82, -192, 275, -400, -63, -4, -175, -87, -92, 
-73, 239, 312, -82, -192, 275, -405, -73, -14, -180, -87, -92, 
-68, 239, 307, -85, -187, 273, -405, -73, -19, -185, -92, -97, 
-78, 224, 302, -73, -190, 263, -395, -63, -29, -195, -102, -107, 
-73, 224, 297, -75, -185, 261, -400, -73, -39, -200, -102, -107, 
-73, 224, 297, -75, -185, 261, -405, -78, -39, -200, -102, -107, 
-63, 234, 297, -85, -180, 265, -405, -78, -39, -200, -97, -102, 
-58, 229, 287, -85, -173, 258, -409, -78, -29, -190, -92, -112, 
-39, 234, 273, -97, -156, 253, -409, -73, -24, -190, -87, -107, 
-34, 234, 268, -100, -151, 251, -405, -73, -24, -190, -87, -107, 
-29, 229, 258, -100, -143, 244, -405, -73, -19, -190, -87, -102, 
-29, 239, 268, -104, -148, 253, -395, -78, -29, -185, -78, -92, 
-39, 239, 278, -100, -158, 258, -395, -63, -19, -185, -78, -87, 
-39, 239, 278, -100, -158, 258, -390, -63, -19, -185, -78, -87, 
-43, 239, 283, -97, -163, 261, -390, -68, -19, -185, -78, -92, 
-53, 224, 278, -85, -165, 251, -385, -58, -19, -180, -78, -87, 
-78, 219, 297, -70, -187, 258, -375, -53, -14, -175, -78, -87, 
-92, 214, 307, -61, -200, 261, -370, -48, -9, -170, -78, -87, 
-102, 204, 307, -51, -204, 256, -366, -48, -4, -165, -78, -92, 
-107, 200, 307, -46, -207, 253, -361, -58, -4, -165, -87, -92, 
-117, 200, 317, -41, -217, 258, -361, -58, -9, -170, -87, -97, 
-117, 200, 317, -41, -217, 258, -361, -58, -9, -175, -87, -102, 
-107, 204, 312, -48, -209, 258, -361, -63, -9, -175, -82, -102, 
-107, 214, 322, -53, -214, 268, -361, -53, -19, -175, -87, -92, 
-112, 209, 322, -48, -217, 265, -361, -48, -19, -170, -92, -92, 
-112, 204, 317, -46, -214, 261, -361, -43, -24, -170, -92, -102, 
-107, 204, 312, -48, -209, 258, -356, -43, -29, -175, -97, -102, 
-97, 200, 297, -51, -197, 248, -356, -43, -29, -190, -107, -107, 
-97, 195, 292, -48, -195, 244, -356, -43, -29, -190, -107, -112, 
-97, 190, 287, -46, -192, 239, -356, -39, -29, -190, -107, -117, 
-107, 180, 287, -36, -197, 234, -351, -39, -24, -190, -107, -117, 
-117, 180, 297, -31, -207, 239, -341, -29, -14, -190, -102, -117, 
-117, 180, 297, -31, -207, 239, -341, -29, -14, -190, -102, -117, 
-117, 180, 297, -31, -207, 239, -341, -29, -9, -185, -102, -112, 
-117, 180, 297, -31, -207, 239, -341, -29, -9, -185, -102, -112, 
-107, 170, 278, -31, -192, 224, -331, -19, -9, -195, -102, -112, 
-107, 170, 278, -31, -192, 224, -331, -19, -9, -195, -102, -112, 
-107, 175, 283, -34, -195, 229, -331, -19, -9, -195, -107, -122, 
-102, 175, 278, -36, -190, 226, -331, -19, -9, -195, -107, -122, 
-112, 185, 297, -36, -204, 241, -341, -24, -19, -185, -102, -122, 
-117, 185, 302, -34, -209, 244, -336, -29, -19, -185, -97, -122, 
-117, 185, 302, -34, -209, 244, -336, -34, -19, -185, -97, -112, 
-117, 185, 302, -34, -209, 244, -336, -34, -19, -185, -97, -112, 
-112, 185, 297, -36, -204, 241, -346, -34, -19, -195, -107, -122, 
-107, 190, 297, -41, -202, 244, -351, -39, -19, -195, -107, -122, 
-92, 190, 283, -48, -187, 236, -351, -39, -19, -195, -107, -122, 
-87, 190, 278, -51, -183, 234, -351, -39, -19, -195, -107, -126, 
-92, 185, 278, -46, -185, 231, -346, -29, -14, -185, -97, -117, 
-102, 180, 283, -39, -192, 231, -341, -24, -9, -185, -97, -117, 
-112, 175, 287, -31, -200, 231, -336, -24, -4, -185, -97, -117, 
-117, 170, 287, -26, -202, 229, -331, -24, 0, -185, -97, -117, 
-107, 170, 278, -31, -192, 224, -331, -34, 0, -180, -92, -117, 
-107, 170, 278, -31, -192, 224, -331, -29, 0, -180, -92, -117, 
-102, 175, 278, -36, -190, 226, -331, -29, 0, -180, -92, -117, 
-102, 180, 283, -39, -192, 231, -331, -29, 0, -180, -92, -117, 
-112, 195, 307, -41, -209, 251, -331, -14, 9, -170, -82, -107, 
-122, 209, 331, -43, -226, 270, -331, -14, 29, -156, -78, -102, 
-102, 234, 336, -65, -219, 285, -341, -14, 68, -117, -43, -87, 
-78, 283, 361, -102, -219, 322, -356, -14, 136, -48, 24, -39, 
-58, 326, 385, -134, -222, 356, -366, -24, 195, 29, 92, 19, 
-19, 361, 380, -170, -200, 370, -375, -4, 258, 87, 151, 68, 
29, 400, 370, -214, -170, 385, -366, 29, 331, 165, 224, 122, 
78, 444, 366, -261, -143, 405, -351, 78, 395, 248, 307, 204, 
156, 517, 361, -336, -102, 439, -361, 136, 478, 336, 409, 297, 
258, 610, 351, -434, -46, 480, -375, 185, 585, 463, 541, 395, 
380, 707, 326, -544, 26, 517, -400, 219, 688, 585, 663, 497, 
502, 795, 292, -649, 104, 544, -439, 244, 761, 688, 766, 600, 
605, 873, 268, -739, 168, 570, -492, 224, 800, 746, 844, 668, 
649, 902, 253, -775, 197, 578, -551, 165, 761, 732, 844, 688, 
634, 907, 273, -771, 180, 590, -610, 53, 653, 624, 756, 649, 
605, 878, 273, -741, 165, 575, -678, -97, 473, 439, 610, 561, 
556, 751, 195, -653, 180, 473, -751, -248, 195, 180, 385, 405, 
458, 546, 87, -502, 185, 317, -785, -370, -126, -136, 112, 195, 
380, 346, -34, -363, 207, 156, -824, -468, -405, -390, -117, 9, 
322, 239, -82, -280, 202, 78, -902, -570, -610, -551, -263, -112, 
248, 151, -97, -200, 173, 26, -971, -663, -756, -658, -356, -195, 
165, 58, -107, -112, 136, -24, -976, -688, -839, -736, -439, -273, 
122, -34, -156, -43, 139, -95, -956, -683, -917, -810, -512, -356, 
112, -151, -263, 19, 187, -207, -932, -639, -985, -878, -590, -429, 
82, -258, -341, 87, 212, -300, -854, -551, -1000, -922, -634, -488, 
58, -326, -385, 134, 222, -356, -766, -424, -961, -932, -658, -507, 
43, -312, -356, 134, 200, -334, -692, -317, -878, -893, -624, -497, 
4, -248, -253, 122, 129, -251, -614, -229, -741, -800, -561, -453, 
-43, -141, -97, 92, 26, -119, -527, -141, -575, -658, -448, -375, 
-58, -14, 43, 36, -51, 14, -463, -92, -414, -522, -346, -302, 
-73, 78, 151, -2, -112, 114, -439, -73, -283, -424, -268, -258, 
-97, 107, 204, -4, -151, 156, -395, -48, -195, -351, -209, -214, 
-112, 146, 258, -17, -185, 202, -356, -19, -122, -287, -165, -180, 
-102, 185, 287, -41, -195, 236, -336, -4, -73, -244, -131, -156, 
-82, 200, 283, -58, -183, 241, -326, -9, -39, -234, -112, -141, 
-102, 204, 307, -51, -204, 256, -317, 0, -34, -219, -107, -126, 
-122, 214, 336, -46, -229, 275, -317, 9, -14, -209, -92, -117, 
-126, 234, 361, -53, -244, 297, -322, 4, 9, -190, -82, -107, 
-112, 229, 341, -58, -226, 285, -331, -4, 0, -200, -92, -112, 
-107, 229, 336, -61, -222, 283, -331, -4, 0, -200, -92, -122, 
-102, 229, 331, -63, -217, 280, -331, -4, 4, -195, -92, -126, 
-97, 229, 326, -65, -212, 278, -331, 0, 9, -195, -92, -131, 
-97, 229, 326, -65, -212, 278, -326, 4, 14, -190, -102, -131, 
-97, 229, 326, -65, -212, 278, -322, 14, 19, -180, -102, -126, 
-92, 229, 322, -68, -207, 275, -317, 19, 29, -180, -92, -122, 
-87, 234, 322, -73, -204, 278, -312, 29, 34, -170, -87, -117, 
-92, 239, 331, -73, -212, 285, -312, 19, 39, -175, -92, -117, 
-92, 239, 331, -73, -212, 285, -312, 19, 43, -175, -87, -112, 
-92, 239, 331, -73, -212, 285, -312, 19, 43, -175, -82, -112, 
-92, 244, 336, -75, -214, 290, -312, 14, 43, -175, -82, -112, 
-102, 248, 351, -73, -226, 300, -317, 4, 43, -161, -82, -102, 
-102, 253, 356, -75, -229, 305, -317, 9, 43, -161, -78, -107, 
-97, 258, 356, -80, -226, 307, -322, 9, 48, -161, -73, -107, 
-97, 263, 361, -82, -229, 312, -322, 9, 48, -161, -63, -107, 
-87, 258, 346, -85, -217, 302, -322, 14, 39, -165, -73, -117, 
-87, 258, 346, -85, -217, 302, -322, 19, 43, -170, -73, -112, 
-78, 258, 336, -90, -207, 297, -317, 24, 43, -170, -73, -112, 
-78, 258, 336, -90, -207, 297, -317, 29, 43, -175, -63, -112, 
-87, 248, 336, -80, -212, 292, -307, 29, 48, -175, -73, -112, 
-87, 248, 336, -80, -212, 292, -307, 29, 48, -175, -73, -112, 
-87, 248, 336, -80, -212, 292, -307, 29, 48, -175, -73, -112, 
-87, 248, 336, -80, -212, 292, -307, 29, 53, -175, -73, -112, 
-73, 258, 331, -92, -202, 295, -317, 19, 53, -165, -73, -122, 
-68, 258, 326, -95, -197, 292, -317, 19, 53, -165, -73, -122, 
-68, 258, 326, -95, -197, 292, -317, 19, 53, -165, -68, -117, 
-63, 263, 326, -100, -195, 295, -317, 19, 53, -161, -63, -117, 
-63, 273, 336, -104, -200, 305, -326, 19, 63, -151, -58, -112, 
-63, 273, 336, -104, -200, 305, -326, 19, 73, -146, -53, -107, 
-68, 273, 341, -102, -204, 307, -326, 29, 73, -146, -43, -97, 
-73, 283, 356, -104, -214, 319, -326, 29, 73, -146, -39, -92, 
-68, 283, 351, -107, -209, 317, -326, 29, 68, -156, -43, -102, 
-68, 278, 346, -104, -207, 312, -326, 29, 68, -156, -43, -102, 
-63, 278, 341, -107, -202, 309, -326, 34, 73, -156, -43, -97, 
-63, 278, 341, -107, -202, 309, -326, 34, 73, -156, -48, -97, 
-63, 292, 356, -114, -209, 324, -322, 34, 82, -141, -48, -97, 
-63, 297, 361, -117, -212, 329, -322, 39, 87, -136, -43, -92, 
-63, 307, 370, -122, -217, 339, -326, 39, 92, -136, -39, -92, 
-63, 307, 370, -122, -217, 339, -326, 39, 97, -126, -39, -92, 
-73, 317, 390, -122, -231, 353, -317, 43, 97, -126, -29, -92, 
-63, 317, 380, -126, -222, 348, -317, 43, 102, -126, -29, -87, 
-58, 317, 375, -129, -217, 346, -317, 43, 107, -126, -29, -87, 
-58, 322, 380, -131, -219, 351, -317, 48, 107, -126, -29, -82, 
-63, 312, 375, -124, -219, 344, -326, 39, 107, -126, -34, -92, 
-63, 317, 380, -126, -222, 348, -326, 43, 107, -126, -29, -87, 
-48, 326, 375, -139, -212, 351, -326, 43, 102, -126, -29, -82, 
-48, 331, 380, -141, -214, 356, -326, 48, 97, -122, -29, -82, 
-39, 331, 370, -146, -204, 351, -322, 58, 107, -112, -9, -82, 
-39, 331, 370, -146, -204, 351, -322, 58, 117, -102, -9, -82, 
-39, 336, 375, -148, -207, 356, -322, 63, 122, -97, -9, -82, 
-34, 336, 370, -151, -202, 353, -322, 73, 122, -97, -9, -78, 
-14, 346, 361, -165, -187, 353, -322, 63, 126, -107, -4, -68, 
-9, 356, 366, -173, -187, 361, -322, 63, 131, -97, 0, -68, 
0, 366, 366, -183, -183, 366, -322, 73, 136, -92, 4, -63, 
14, 375, 361, -195, -173, 368, -322, 78, 141, -87, 9, -58, 
9, 375, 366, -192, -178, 370, -322, 78, 161, -82, 14, -53, 
0, 380, 380, -190, -190, 380, -322, 82, 165, -73, 19, -48, 
-4, 385, 390, -190, -197, 387, -322, 87, 175, -68, 24, -43, 
4, 390, 385, -197, -190, 387, -322, 92, 180, -63, 29, -39, 
0, 395, 395, -197, -197, 395, -331, 102, 195, -53, 34, -34, 
4, 400, 395, -202, -195, 397, -331, 107, 200, -43, 39, -29, 
9, 409, 400, -209, -195, 405, -331, 112, 214, -34, 48, -24, 
14, 419, 405, -217, -195, 412, -331, 117, 229, -29, 53, -19, 
24, 419, 395, -222, -185, 407, -326, 122, 234, -29, 48, -24, 
29, 424, 395, -226, -183, 409, -322, 131, 239, -24, 63, -14, 
34, 429, 395, -231, -180, 412, -317, 136, 244, -14, 68, -9, 
43, 434, 390, -239, -173, 412, -317, 141, 244, -9, 73, -4, 
58, 439, 380, -248, -161, 409, -317, 156, 268, 4, 87, 14, 
58, 444, 385, -251, -163, 414, -317, 161, 283, 19, 97, 14, 
73, 453, 380, -263, -153, 417, -317, 161, 297, 29, 107, 29, 
82, 463, 380, -273, -148, 422, -317, 170, 317, 43, 122, 39, 
73, 473, 400, -273, -163, 436, -317, 175, 326, 63, 122, 48, 
82, 488, 405, -285, -161, 446, -322, 180, 341, 73, 131, 53, 
87, 502, 414, -295, -163, 458, -322, 180, 351, 82, 141, 58, 
97, 517, 419, -307, -161, 468, -322, 185, 361, 87, 151, 63, 
107, 517, 409, -312, -151, 463, -322, 185, 361, 92, 156, 63, 
122, 527, 405, -324, -141, 466, -322, 190, 366, 97, 156, 68, 
122, 531, 409, -326, -143, 470, -326, 190, 370, 92, 161, 73, 
136, 531, 395, -334, -129, 463, -331, 190, 370, 102, 161, 78, 
146, 546, 400, -346, -126, 473, -336, 190, 395, 117, 175, 87, 
146, 566, 419, -356, -136, 492, -341, 190, 405, 122, 190, 97, 
151, 585, 434, -368, -141, 509, -351, 195, 414, 126, 200, 107, 
156, 600, 444, -378, -143, 522, -356, 195, 419, 141, 209, 117, 
161, 600, 439, -380, -139, 519, -346, 185, 409, 136, 204, 117, 
165, 605, 439, -385, -136, 522, -351, 185, 414, 136, 204, 117, 
165, 605, 439, -385, -136, 522, -351, 185, 414, 136, 209, 112, 
165, 610, 444, -387, -139, 527, -361, 180, 409, 131, 209, 112, 
170, 600, 429, -385, -129, 514, -361, 180, 405, 126, 209, 122, 
170, 600, 429, -385, -129, 514, -361, 170, 405, 126, 209, 122, 
170, 600, 429, -385, -129, 514, -366, 170, 400, 122, 204, 122, 
165, 600, 434, -383, -134, 517, -370, 165, 395, 117, 204, 122, 
175, 605, 429, -390, -126, 517, -380, 146, 385, 126, 204, 107, 
170, 600, 429, -385, -129, 514, -380, 141, 385, 117, 200, 102, 
161, 600, 439, -380, -139, 519, -380, 131, 375, 112, 195, 102, 
151, 590, 439, -370, -143, 514, -380, 122, 366, 102, 185, 97, 
156, 580, 424, -368, -134, 502, -380, 107, 331, 92, 170, 78, 
141, 566, 424, -353, -141, 495, -380, 92, 312, 73, 156, 63, 
131, 556, 424, -344, -146, 490, -385, 73, 287, 53, 141, 48, 
126, 536, 409, -331, -141, 473, -385, 58, 263, 34, 126, 34, 
102, 517, 414, -309, -156, 466, -380, 58, 253, 29, 126, 34, 
87, 502, 414, -295, -163, 458, -375, 53, 244, 14, 112, 29, 
63, 492, 429, -278, -183, 461, -370, 43, 229, 0, 97, 19, 
39, 473, 434, -256, -197, 453, -366, 34, 219, -14, 87, 14, 
29, 468, 439, -248, -204, 453, -370, 19, 190, -34, 73, -14, 
24, 453, 429, -239, -202, 441, -370, 9, 170, -48, 58, -29, 
9, 439, 429, -224, -209, 434, -370, 4, 156, -68, 48, -48, 
0, 424, 424, -212, -212, 424, -370, -4, 136, -87, 39, -63, 
4, 424, 419, -214, -207, 422, -375, -19, 112, -92, 24, -68, 
-4, 414, 419, -204, -212, 417, -375, -19, 97, -107, 14, -68, 
-14, 395, 409, -190, -212, 402, -375, -19, 87, -117, 0, -68, 
-29, 380, 409, -175, -219, 395, -375, -24, 78, -131, -9, -78, 
-14, 385, 400, -185, -207, 392, -375, -39, 73, -146, -29, -97, 
-19, 375, 395, -178, -207, 385, -375, -43, 63, -151, -34, -102, 
-14, 375, 390, -180, -202, 383, -375, -48, 58, -156, -39, -112, 
-14, 370, 385, -178, -200, 378, -375, -48, 53, -165, -43, -117, 
-24, 375, 400, -175, -212, 387, -380, -53, 43, -165, -39, -126, 
-29, 370, 400, -170, -214, 385, -380, -58, 24, -170, -39, -131, 
-29, 370, 400, -170, -214, 385, -385, -63, 14, -180, -48, -136, 
-29, 370, 400, -170, -214, 385, -385, -63, 0, -180, -48, -136, 
-39, 351, 390, -156, -214, 370, -375, -53, -4, -190, -48, -136, 
-48, 346, 395, -148, -222, 370, -375, -58, 0, -195, -48, -141, 
-53, 336, 390, -141, -222, 363, -375, -63, 0, -195, -53, -141, 
-58, 331, 390, -136, -224, 361, -375, -63, 4, -204, -58, -136, 
-58, 336, 395, -139, -226, 366, -385, -63, -4, -204, -58, -151, 
-63, 336, 400, -136, -231, 368, -385, -68, -9, -204, -63, -156, 
-63, 331, 395, -134, -229, 363, -385, -68, -19, -209, -68, -156, 
-63, 331, 395, -134, -229, 363, -385, -68, -29, -214, -68, -156, 
-53, 336, 390, -141, -222, 363, -385, -68, -29, -214, -68, -165, 
-53, 336, 390, -141, -222, 363, -385, -68, -34, -214, -68, -165, 
-53, 336, 390, -141, -222, 363, -385, -68, -39, -214, -68, -165, 
-58, 336, 395, -139, -226, 366, -385, -63, -39, -214, -68, -165, 
-58, 341, 400, -141, -229, 370, -390, -73, -39, -219, -73, -175, 
-53, 346, 400, -146, -226, 373, -395, -73, -39, -219, -78, -175, 
-53, 351, 405, -148, -229, 378, -400, -73, -39, -224, -82, -175, 
-53, 351, 405, -148, -229, 378, -395, -73, -34, -229, -82, -175, 
-58, 341, 400, -141, -229, 370, -380, -68, -34, -229, -82, -165, 
-58, 341, 400, -141, -229, 370, -380, -68, -34, -229, -82, -165, 
-63, 341, 405, -139, -234, 373, -385, -68, -34, -229, -82, -170, 
-68, 341, 409, -136, -239, 375, -385, -68, -34, -234, -82, -175, 
-73, 341, 414, -134, -244, 378, -370, -68, -39, -234, -82, -175, 
-73, 346, 419, -136, -246, 383, -370, -68, -39, -229, -87, -175, 
-73, 346, 419, -136, -246, 383, -375, -68, -34, -229, -87, -175, 
-73, 346, 419, -136, -246, 383, -375, -68, -34, -229, -87, -175, 
-58, 361, 419, -151, -239, 390, -385, -68, -34, -239, -78, -175, 
-53, 366, 419, -156, -236, 392, -385, -68, -34, -239, -78, -175, 
-48, 370, 419, -161, -234, 395, -385, -68, -34, -239, -78, -180, 
-43, 375, 419, -165, -231, 397, -380, -68, -29, -234, -78, -185, 
-43, 375, 419, -165, -231, 397, -380, -78, -14, -224, -68, -175, 
-48, 375, 424, -163, -236, 400, -385, -73, -14, -219, -68, -175, 
-48, 375, 424, -163, -236, 400, -385, -73, -14, -214, -68, -175, 
-48, 375, 424, -163, -236, 400, -385, -73, -14, -209, -68, -175, 
-53, 375, 429, -161, -241, 402, -385, -63, -14, -219, -78, -175, 
-53, 375, 429, -161, -241, 402, -385, -68, -14, -219, -78, -175, 
-53, 375, 429, -161, -241, 402, -385, -68, -14, -219, -78, -175, 
-53, 385, 439, -165, -246, 412, -385, -68, -14, -219, -73, -175, 
-39, 385, 424, -173, -231, 405, -390, -78, -14, -229, -82, -185, 
-39, 385, 424, -173, -231, 405, -390, -68, -14, -229, -82, -185, 
-43, 385, 429, -170, -236, 407, -390, -68, -19, -224, -78, -180, 
-43, 385, 429, -170, -236, 407, -390, -73, -24, -224, -78, -180, 
-48, 385, 434, -168, -241, 409, -380, -63, -14, -214, -73, -180, 
-58, 385, 444, -163, -251, 414, -380, -58, -9, -214, -68, -180, 
-68, 385, 453, -158, -261, 419, -380, -58, -4, -209, -68, -180, 
-78, 385, 463, -153, -270, 424, -380, -58, -4, -200, -68, -175, 
-68, 390, 458, -161, -263, 424, -390, -63, -4, -209, -68, -185, 
-58, 395, 453, -168, -256, 424, -390, -68, 4, -214, -68, -185, 
-48, 395, 444, -173, -246, 419, -390, -68, 4, -214, -63, -185, 
-39, 400, 439, -180, -239, 419, -390, -73, 4, -209, -58, -180, 
-39, 405, 444, -183, -241, 424, -385, -68, 4, -209, -63, -185, 
-24, 419, 444, -197, -234, 431, -385, -68, 4, -200, -43, -170, 
-34, 429, 463, -197, -248, 446, -385, -58, 14, -195, -34, -161, 
-48, 429, 478, -190, -263, 453, -390, -48, 29, -185, -39, -156, 
-43, 439, 483, -197, -263, 461, -390, -58, 29, -185, -39, -156, 
-39, 439, 478, -200, -258, 458, -390, -58, 29, -185, -39, -156, 
-34, 439, 473, -202, -253, 456, -390, -58, 29, -185, -39, -156, 
-29, 439, 468, -204, -248, 453, -390, -58, 29, -185, -39, -156, 
-19, 444, 463, -212, -241, 453, -395, -58, 43, -185, -39, -161, 
-14, 453, 468, -219, -241, 461, -395, -53, 48, -185, -39, -161, 
-9, 458, 468, -224, -239, 463, -385, -43, 48, -190, -39, -156, 
-4, 463, 468, -229, -236, 466, -385, -43, 48, -195, -39, -156, 
-14, 458, 473, -222, -244, 466, -370, -39, 43, -195, -29, -151, 
-14, 453, 468, -219, -241, 461, -366, -34, 43, -195, -29, -151, 
-14, 453, 468, -219, -241, 461, -366, -29, 43, -190, -29, -156, 
-14, 453, 468, -219, -241, 461, -356, -29, 43, -185, -34, -156, 
-14, 453, 468, -219, -241, 461, -356, -24, 34, -185, -43, -165, 
-14, 453, 468, -219, -241, 461, -356, -24, 34, -185, -43, -165, 
-14, 448, 463, -217, -239, 456, -356, -24, 29, -190, -48, -165, 
-9, 444, 453, -217, -231, 448, -356, -24, 19, -195, -53, -165, 
0, 448, 448, -224, -224, 448, -370, -39, 4, -204, -58, -180, 
0, 444, 444, -222, -222, 444, -375, -39, 0, -204, -58, -180, 
-4, 439, 444, -217, -224, 441, -385, -48, -4, -204, -58, -185, 
-4, 434, 439, -214, -222, 436, -385, -53, -9, -204, -63, -185, 
4, 439, 434, -222, -214, 436, -405, -68, -19, -214, -73, -180, 
4, 439, 434, -222, -214, 436, -424, -82, -24, -214, -73, -180, 
4, 439, 434, -222, -214, 436, -434, -92, -34, -219, -82, -180, 
4, 439, 434, -222, -214, 436, -439, -102, -34, -224, -82, -180, 
-4, 439, 444, -217, -224, 441, -439, -102, -29, -234, -78, -180, 
-14, 444, 458, -214, -236, 451, -448, -112, -34, -234, -78, -180, 
-24, 444, 468, -209, -246, 456, -448, -122, -43, -239, -78, -180, 
-29, 444, 473, -207, -251, 458, -444, -122, -48, -244, -82, -185, 
-19, 429, 448, -204, -234, 439, -444, -122, -58, -253, -92, -195, 
-14, 429, 444, -207, -229, 436, -448, -131, -68, -258, -92, -195, 
-14, 429, 444, -207, -229, 436, -453, -136, -68, -258, -92, -195, 
-4, 439, 444, -217, -224, 441, -453, -136, -68, -258, -87, -190, 
4, 458, 453, -231, -224, 456, -463, -141, -68, -248, -92, -190, 
29, 468, 439, -248, -204, 453, -468, -141, -63, -248, -87, -185, 
39, 473, 434, -256, -197, 453, -468, -146, -63, -248, -87, -185, 
48, 473, 424, -261, -187, 448, -473, -151, -58, -248, -87, -180, 
43, 483, 439, -263, -197, 461, -463, -136, -48, -239, -73, -180, 
29, 483, 453, -256, -212, 468, -463, -122, -39, -234, -68, -175, 
24, 483, 458, -253, -217, 470, -458, -122, -39, -229, -63, -175, 
14, 483, 468, -248, -226, 475, -458, -126, -39, -224, -58, -180, 
9, 468, 458, -239, -224, 463, -453, -126, -53, -234, -63, -185, 
-9, 463, 473, -226, -241, 468, -444, -122, -53, -234, -68, -185, 
-19, 458, 478, -219, -248, 468, -439, -117, -53, -234, -73, -185, 
-24, 448, 473, -212, -248, 461, -434, -117, -53, -234, -78, -190, 
-39, 448, 488, -204, -263, 468, -439, -126, -53, -244, -92, -209, 
-48, 444, 492, -197, -270, 468, -439, -126, -58, -248, -97, -214, 
-48, 439, 488, -195, -268, 463, -439, -126, -58, -253, -102, -219, 
-39, 439, 478, -200, -258, 458, -439, -131, -58, -253, -102, -219, 
-48, 439, 488, -195, -268, 463, -429, -122, -68, -253, -97, -219, 
-53, 434, 488, -190, -270, 461, -429, -117, -68, -248, -102, -219, 
-53, 429, 483, -187, -268, 456, -429, -112, -73, -248, -102, -229, 
-48, 429, 478, -190, -263, 453, -424, -112, -78, -253, -107, -229, 
-48, 429, 478, -190, -263, 453, -424, -112, -78, -268, -117, -229, 
-48, 429, 478, -190, -263, 453, -424, -112, -78, -268, -117, -229, 
-48, 429, 478, -190, -263, 453, -424, -107, -78, -268, -117, -229, 
-58, 424, 483, -183, -270, 453, -419, -107, -73, -268, -117, -224, 
-48, 434, 483, -192, -265, 458, -424, -112, -78, -278, -117, -229, 
-39, 434, 473, -197, -256, 453, -429, -117, -82, -278, -122, -234, 
-29, 434, 463, -202, -246, 448, -434, -122, -82, -273, -126, -234, 
-19, 434, 453, -207, -236, 444, -439, -126, -87, -273, -131, -239, 
-29, 434, 463, -202, -246, 448, -429, -122, -82, -273, -126, -234, 
-39, 434, 473, -197, -256, 453, -429, -117, -78, -273, -122, -229, 
-48, 439, 488, -195, -268, 463, -429, -112, -73, -273, -122, -234, 
-53, 439, 492, -192, -273, 466, -429, -107, -68, -273, -117, -229, 
-53, 429, 483, -187, -268, 456, -419, -97, -68, -268, -112, -219, 
-58, 429, 488, -185, -273, 458, -414, -97, -68, -263, -107, -219, 
-58, 429, 488, -185, -273, 458, -414, -97, -68, -258, -107, -209, 
-58, 429, 488, -185, -273, 458, -414, -92, -68, -253, -107, -209, 
-53, 439, 492, -192, -273, 466, -424, -97, -78, -258, -117, -214, 
-48, 444, 492, -197, -270, 468, -429, -107, -78, -263, -117, -219, 
-34, 444, 478, -204, -256, 461, -429, -112, -78, -268, -117, -224, 
-29, 444, 473, -207, -251, 458, -429, -117, -78, -273, -117, -234, 
-29, 453, 483, -212, -256, 468, -429, -107, -68, -263, -107, -234, 
-34, 453, 488, -209, -261, 470, -429, -102, -68, -263, -107, -234, 
-39, 453, 492, -207, -265, 473, -429, -102, -68, -263, -107, -234, 
-39, 453, 492, -207, -265, 473, -429, -102, -68, -263, -107, -234, 
-29, 458, 488, -214, -258, 473, -439, -107, -68, -258, -112, -234, 
-29, 453, 483, -212, -256, 468, -439, -107, -68, -258, -112, -234, 
-24, 453, 478, -214, -251, 466, -439, -112, -68, -258, -112, -234, 
-24, 453, 478, -214, -251, 466, -439, -117, -68, -258, -112, -234, 
-4, 448, 453, -222, -229, 451, -448, -122, -78, -268, -112, -234, 
-34, 434, 468, -200, -251, 451, -439, -112, -58, -263, -107, -239, 
-53, 458, 512, -202, -283, 485, -419, -92, -29, -234, -82, -224, 
-39, 488, 527, -224, -283, 507, -414, -92, 0, -195, -53, -204, 
-9, 541, 551, -265, -280, 546, -444, -112, 48, -146, -14, -165, 
9, 575, 566, -292, -278, 570, -453, -122, 102, -78, 53, -107, 
39, 605, 566, -322, -263, 585, -463, -107, 165, 0, 136, -63, 
87, 649, 561, -368, -236, 605, -458, -78, 239, 63, 209, -9, 
136, 683, 546, -409, -204, 614, -458, -19, 322, 161, 322, 82, 
190, 746, 556, -468, -183, 651, -453, 58, 439, 297, 444, 200, 
292, 854, 561, -573, -134, 707, -468, 92, 561, 448, 585, 312, 
414, 971, 556, -692, -70, 763, -497, 117, 673, 570, 707, 414, 
527, 1058, 531, -793, -2, 795, -522, 126, 751, 678, 814, 512, 
610, 1127, 517, -868, 46, 822, -561, 117, 780, 732, 883, 570, 
634, 1151, 517, -893, 58, 834, -610, 53, 712, 683, 854, 570, 
605, 1132, 527, -868, 39, 829, -639, -29, 580, 546, 736, 512, 
556, 1083, 527, -819, 14, 805, -683, -131, 400, 346, 570, 405, 
497, 966, 468, -732, 14, 717, -736, -253, 156, 78, 346, 253, 
429, 766, 336, -597, 46, 551, -785, -370, -161, -234, 68, 48, 
380, 570, 190, -475, 95, 380, -834, -453, -453, -512, -175, -151, 
326, 453, 126, -390, 100, 290, -902, -546, -658, -658, -317, -263, 
263, 400, 136, -331, 63, 268, -976, -658, -790, -727, -390, -331, 
200, 336, 136, -268, 31, 236, -1024, -732, -897, -790, -453, -395, 
141, 248, 107, -195, 17, 178, -1010, -736, -976, -868, -522, -468, 
122, 161, 39, -141, 41, 100, -990, -707, -1039, -932, -585, -527, 
107, 63, -43, -85, 75, 9, -941, -658, -1068, -990, -629, -575, 
73, -19, -92, -26, 82, -56, -868, -551, -1044, -1000, -644, -595, 
24, -34, -58, 4, 41, -46, -771, -434, -946, -966, -619, -600, 
-4, 14, 19, -4, -12, 17, -683, -317, -819, -883, -566, -570, 
-29, 112, 141, -41, -85, 126, -610, -239, -658, -766, -473, -507, 
-34, 224, 258, -95, -146, 241, -556, -180, -497, -629, -366, -434, 
-39, 292, 331, -126, -185, 312, -512, -146, -390, -527, -297, -390, 
-43, 312, 356, -134, -200, 334, -473, -126, -307, -463, -253, -366, 
-43, 351, 395, -153, -219, 373, -444, -112, -239, -400, -219, -341, 
-34, 395, 429, -180, -231, 412, -424, -97, -175, -351, -170, -307, 
-24, 429, 453, -202, -239, 441, -414, -87, -131, -317, -136, -283, 
-34, 448, 483, -207, -258, 466, -405, -78, -102, -297, -112, -263, 
-48, 458, 507, -204, -278, 483, -409, -82, -78, -278, -102, -244, 
-34, 463, 497, -214, -265, 480, -419, -82, -78, -287, -92, -253, 
-29, 463, 492, -217, -261, 478, -419, -82, -78, -287, -92, -258, 
-24, 463, 488, -219, -256, 475, -419, -82, -73, -283, -92, -258, 
-19, 463, 483, -222, -251, 473, -419, -78, -68, -283, -92, -258, 
-34, 463, 497, -214, -265, 480, -414, -78, -53, -268, -92, -268, 
-39, 463, 502, -212, -270, 483, -409, -73, -48, -258, -92, -263, 
-39, 463, 502, -212, -270, 483, -405, -73, -39, -258, -82, -258, 
-39, 468, 507, -214, -273, 488, -400, -68, -34, -248, -78, -253, 
-39, 483, 522, -222, -280, 502, -400, -78, -29, -244, -73, -244, 
-43, 483, 527, -219, -285, 505, -400, -78, -24, -244, -68, -239, 
-48, 483, 531, -217, -290, 507, -400, -78, -24, -244, -63, -239, 
-53, 488, 541, -217, -297, 514, -400, -82, -24, -244, -63, -239, 
-39, 478, 517, -219, -278, 497, -405, -73, -34, -244, -78, -248, 
-34, 478, 512, -222, -273, 495, -405, -68, -34, -248, -78, -253, 
-24, 478, 502, -226, -263, 490, -409, -68, -29, -253, -78, -253, 
-19, 478, 497, -229, -258, 488, -409, -68, -29, -258, -73, -253, 
-19, 492, 512, -236, -265, 502, -409, -78, -19, -253, -63, -244, 
-19, 492, 512, -236, -265, 502, -409, -78, -14, -248, -63, -239, 
-9, 492, 502, -241, -256, 497, -405, -78, -14, -239, -63, -239, 
-9, 492, 502, -241, -256, 497, -405, -78, -14, -234, -53, -239, 
-19, 502, 522, -241, -270, 512, -414, -68, -19, -244, -63, -239, 
-19, 502, 522, -241, -270, 512, -414, -68, -19, -244, -63, -239, 
-19, 502, 522, -241, -270, 512, -414, -68, -19, -244, -63, -239, 
-19, 502, 522, -241, -270, 512, -414, -68, -14, -244, -63, -239, 
-29, 492, 522, -231, -275, 507, -414, -68, -4, -244, -63, -248, 
-29, 492, 522, -231, -275, 507, -414, -68, -4, -244, -63, -248, 
-34, 492, 527, -229, -280, 509, -414, -68, -4, -244, -58, -244, 
-34, 497, 531, -231, -283, 514, -414, -68, -4, -239, -53, -244, 
-24, 502, 527, -239, -275, 514, -424, -78, -4, -229, -43, -244, 
-14, 507, 522, -246, -268, 514, -424, -78, 4, -224, -43, -244, 
-9, 512, 522, -251, -265, 517, -424, -68, 4, -224, -39, -239, 
-4, 527, 531, -261, -268, 529, -424, -68, 4, -224, -39, -239, 
0, 517, 517, -258, -258, 517, -424, -68, 0, -234, -48, -239, 
0, 512, 512, -256, -256, 512, -424, -68, 0, -234, -43, -239, 
4, 512, 507, -258, -251, 509, -424, -63, 4, -234, -39, -234, 
4, 512, 507, -258, -251, 509, -424, -63, 4, -234, -39, -234, 
0, 507, 507, -253, -253, 507, -424, -53, 9, -229, -39, -224, 
-4, 512, 517, -253, -261, 514, -419, -48, 19, -224, -34, -219, 
-9, 522, 531, -256, -270, 527, -419, -48, 29, -224, -29, -219, 
-14, 522, 536, -253, -275, 529, -414, -48, 39, -214, -29, -219, 
-4, 522, 527, -258, -265, 524, -414, -53, 29, -224, -29, -229, 
4, 522, 517, -263, -256, 519, -414, -53, 34, -224, -29, -224, 
9, 522, 512, -265, -251, 517, -414, -53, 39, -224, -29, -224, 
9, 527, 517, -268, -253, 522, -414, -48, 39, -224, -29, -219, 
4, 536, 531, -270, -263, 534, -424, -48, 34, -214, -34, -229, 
4, 541, 536, -273, -265, 539, -424, -43, 39, -214, -29, -224, 
19, 551, 531, -285, -256, 541, -424, -43, 39, -214, -29, -219, 
19, 556, 536, -287, -258, 546, -424, -39, 39, -209, -29, -219, 
29, 546, 517, -287, -244, 531, -419, -39, 48, -209, -19, -219, 
29, 546, 517, -287, -244, 531, -419, -39, 58, -200, -19, -219, 
29, 551, 522, -290, -246, 536, -419, -34, 63, -195, -19, -219, 
34, 551, 517, -292, -241, 534, -419, -24, 63, -195, -19, -214, 
39, 566, 527, -302, -244, 546, -429, -34, 58, -195, -4, -214, 
39, 570, 531, -305, -246, 551, -429, -34, 63, -185, 0, -214, 
43, 575, 531, -309, -244, 553, -429, -24, 68, -180, 4, -209, 
53, 580, 527, -317, -236, 553, -429, -19, 73, -175, 9, -204, 
53, 590, 536, -322, -241, 563, -429, -29, 92, -161, 24, -195, 
48, 595, 546, -322, -248, 570, -429, -24, 97, -151, 29, -185, 
48, 600, 551, -324, -251, 575, -429, -19, 107, -146, 34, -175, 
63, 605, 541, -334, -239, 573, -429, -14, 112, -141, 39, -165, 
58, 610, 551, -334, -246, 580, -429, -9, 117, -141, 34, -165, 
63, 614, 551, -339, -244, 583, -429, 0, 122, -131, 39, -165, 
68, 624, 556, -346, -244, 590, -429, 9, 136, -122, 48, -165, 
73, 634, 561, -353, -244, 597, -429, 19, 151, -117, 53, -165, 
73, 629, 556, -351, -241, 592, -429, 14, 161, -122, 58, -161, 
78, 639, 561, -358, -241, 600, -429, 24, 170, -112, 73, -151, 
82, 649, 566, -366, -241, 607, -429, 29, 180, -97, 78, -146, 
92, 658, 566, -375, -236, 612, -434, 34, 185, -87, 82, -141, 
107, 663, 556, -385, -224, 610, -434, 39, 204, -68, 97, -126, 
107, 668, 561, -387, -226, 614, -434, 43, 214, -58, 107, -122, 
122, 678, 556, -400, -217, 617, -434, 43, 224, -53, 117, -102, 
131, 688, 556, -409, -212, 622, -434, 53, 239, -43, 131, -87, 
131, 692, 561, -412, -214, 627, -444, 58, 248, -43, 131, -87, 
141, 702, 561, -422, -209, 631, -448, 63, 263, -34, 141, -82, 
146, 712, 566, -429, -209, 639, -448, 63, 273, -24, 151, -78, 
156, 722, 566, -439, -204, 644, -448, 68, 283, -19, 161, -73, 
165, 732, 566, -448, -200, 649, -448, 68, 287, 0, 175, -73, 
180, 741, 561, -461, -190, 651, -448, 73, 297, 9, 175, -68, 
180, 746, 566, -463, -192, 656, -453, 73, 307, 9, 180, -63, 
195, 746, 551, -470, -178, 649, -458, 73, 312, 24, 180, -58, 
185, 761, 575, -473, -195, 668, -448, 78, 326, 43, 190, -48, 
185, 771, 585, -478, -200, 678, -448, 82, 336, 43, 200, -39, 
190, 780, 590, -485, -200, 685, -453, 92, 346, 43, 204, -29, 
195, 785, 590, -490, -197, 688, -453, 97, 351, 53, 209, -19, 
209, 795, 585, -502, -187, 690, -463, 87, 351, 43, 214, -24, 
214, 800, 585, -507, -185, 692, -468, 87, 356, 48, 214, -19, 
214, 800, 585, -507, -185, 692, -468, 87, 356, 53, 219, -19, 
214, 805, 590, -509, -187, 697, -478, 82, 351, 53, 219, -14, 
214, 795, 580, -505, -183, 688, -468, 82, 356, 68, 219, -14, 
209, 795, 585, -502, -187, 690, -468, 73, 356, 68, 219, -14, 
204, 795, 590, -500, -192, 692, -473, 73, 351, 63, 214, -14, 
195, 795, 600, -495, -202, 697, -478, 68, 346, 58, 214, -14, 
195, 800, 605, -497, -204, 702, -478, 68, 326, 53, 204, -19, 
190, 795, 605, -492, -207, 700, -478, 63, 326, 39, 200, -24, 
180, 795, 614, -488, -217, 705, -478, 53, 317, 29, 195, -24, 
170, 785, 614, -478, -222, 700, -478, 43, 307, 14, 185, -29, 
180, 780, 600, -480, -209, 690, -488, 24, 287, 19, 185, -43, 
170, 771, 600, -470, -214, 685, -488, 14, 273, 4, 175, -53, 
165, 766, 600, -466, -217, 683, -492, 0, 253, -9, 165, -63, 
165, 751, 585, -458, -209, 668, -492, -9, 234, -24, 156, -73, 
146, 727, 580, -436, -217, 653, -488, -9, 219, -39, 136, -78, 
136, 707, 570, -422, -217, 639, -483, -14, 204, -53, 122, -87, 
117, 692, 575, -405, -229, 634, -478, -24, 185, -68, 107, -102, 
97, 668, 570, -383, -236, 619, -473, -34, 170, -82, 97, -112, 
97, 668, 570, -383, -236, 619, -468, -48, 161, -87, 87, -126, 
92, 658, 566, -375, -236, 612, -468, -58, 141, -97, 78, -136, 
78, 649, 570, -363, -246, 610, -468, -63, 126, -112, 73, -151, 
68, 639, 570, -353, -251, 605, -468, -73, 107, -126, 68, -161, 
73, 629, 556, -351, -241, 592, -468, -82, 87, -146, 48, -175, 
63, 619, 556, -341, -246, 588, -473, -87, 68, -165, 34, -185, 
53, 600, 546, -326, -246, 573, -478, -92, 53, -180, 14, -195, 
39, 585, 546, -312, -253, 566, -483, -102, 39, -200, 0, -214, 
39, 590, 551, -314, -256, 570, -483, -97, 34, -195, -4, -214, 
29, 580, 551, -305, -261, 566, -483, -102, 24, -200, -4, -219, 
29, 580, 551, -305, -261, 566, -483, -107, 19, -204, -4, -229, 
24, 575, 551, -300, -263, 563, -483, -107, 14, -214, -4, -234, 
4, 566, 561, -285, -278, 563, -468, -112, 4, -229, -24, -244, 
0, 556, 556, -278, -278, 556, -468, -117, -14, -239, -29, -248, 
0, 551, 551, -275, -275, 551, -473, -122, -24, -253, -43, -253, 
0, 546, 546, -273, -273, 546, -473, -122, -39, -258, -48, -253, 
-14, 536, 551, -261, -283, 544, -473, -112, -39, -263, -48, -248, 
-19, 531, 551, -256, -285, 541, -473, -117, -39, -263, -48, -258, 
-19, 522, 541, -251, -280, 531, -473, -122, -43, -258, -53, -263, 
-19, 517, 536, -248, -278, 527, -473, -122, -43, -263, -58, -263, 
-19, 502, 522, -241, -270, 512, -473, -122, -58, -268, -68, -278, 
-24, 502, 527, -239, -275, 514, -473, -126, -58, -273, -73, -283, 
-24, 497, 522, -236, -273, 509, -473, -126, -63, -283, -78, -283, 
-24, 497, 522, -236, -273, 509, -473, -126, -68, -292, -78, -283, 
-34, 502, 536, -234, -285, 519, -468, -117, -68, -292, -78, -283, 
-34, 502, 536, -234, -285, 519, -463, -117, -73, -292, -78, -283, 
-34, 502, 536, -234, -285, 519, -458, -117, -78, -292, -78, -283, 
-39, 502, 541, -231, -290, 522, -453, -112, -78, -292, -78, -283, 
-34, 502, 536, -234, -285, 519, -458, -122, -78, -292, -87, -292, 
-34, 502, 536, -234, -285, 519, -463, -122, -78, -287, -87, -292, 
-39, 502, 541, -231, -290, 522, -468, -122, -78, -287, -87, -292, 
-43, 497, 541, -226, -292, 519, -463, -122, -73, -287, -82, -292, 
-43, 488, 531, -222, -287, 509, -468, -126, -82, -287, -82, -283, 
-39, 488, 527, -224, -283, 507, -468, -126, -82, -287, -82, -283, 
-39, 488, 527, -224, -283, 507, -473, -126, -82, -287, -82, -287, 
-39, 488, 527, -224, -283, 507, -473, -126, -82, -292, -82, -292, 
-24, 488, 512, -231, -268, 500, -468, -126, -78, -292, -82, -292, 
-24, 492, 517, -234, -270, 505, -468, -126, -78, -287, -87, -292, 
-24, 492, 517, -234, -270, 505, -473, -126, -73, -287, -87, -292, 
-24, 492, 517, -234, -270, 505, -473, -126, -73, -287, -87, -292, 
-24, 497, 522, -236, -273, 509, -463, -126, -63, -283, -78, -287, 
-24, 502, 527, -239, -275, 514, -463, -126, -63, -278, -78, -283, 
-24, 507, 531, -241, -278, 519, -463, -126, -63, -273, -78, -283, 
-24, 512, 536, -244, -280, 524, -458, -126, -58, -263, -78, -283, 
-29, 512, 541, -241, -285, 527, -458, -117, -53, -263, -78, -273, 
-39, 512, 551, -236, -295, 531, -463, -112, -53, -268, -78, -273, 
-43, 512, 556, -234, -300, 534, -463, -112, -53, -273, -78, -273, 
-48, 512, 561, -231, -305, 536, -463, -112, -53, -278, -78, -273, 
-34, 507, 541, -236, -287, 524, -463, -112, -53, -287, -78, -278, 
-34, 502, 536, -234, -285, 519, -463, -117, -53, -287, -78, -283, 
-34, 497, 531, -231, -283, 514, -463, -117, -53, -287, -78, -287, 
-34, 502, 536, -234, -285, 519, -463, -117, -53, -287, -73, -292, 
-19, 512, 531, -246, -275, 522, -468, -126, -48, -283, -73, -287, 
-19, 512, 531, -246, -275, 522, -468, -117, -43, -278, -73, -283, 
-24, 512, 536, -244, -280, 524, -468, -117, -43, -268, -68, -273, 
-24, 512, 536, -244, -280, 524, -468, -122, -43, -263, -68, -268, 
-14, 522, 536, -253, -275, 529, -478, -122, -43, -273, -63, -278, 
-9, 522, 531, -256, -270, 527, -478, -117, -39, -273, -58, -278, 
-4, 522, 527, -258, -265, 524, -478, -117, -34, -268, -58, -278, 
0, 522, 522, -261, -261, 522, -478, -117, -34, -258, -58, -273, 
-9, 531, 541, -261, -275, 536, -468, -117, -34, -248, -53, -263, 
-9, 541, 551, -265, -280, 546, -468, -117, -24, -253, -48, -263, 
-9, 546, 556, -268, -283, 551, -468, -112, -24, -253, -39, -263, 
-9, 556, 566, -273, -287, 561, -468, -112, -24, -248, -29, -258, 
-9, 546, 556, -268, -283, 551, -463, -107, -24, -248, -29, -263, 
-4, 546, 551, -270, -278, 549, -463, -107, -24, -248, -34, -258, 
-4, 541, 546, -268, -275, 544, -463, -107, -24, -244, -39, -258, 
0, 541, 541, -270, -270, 541, -463, -107, -19, -244, -34, -258, 
-9, 536, 546, -263, -278, 541, -463, -102, -14, -248, -24, -253, 
-9, 541, 551, -265, -280, 546, -463, -102, -9, -239, -24, -253, 
-14, 551, 566, -268, -290, 558, -463, -102, -4, -234, -19, -253, 
-9, 546, 556, -268, -283, 551, -468, -107, 0, -224, -19, -253, 
0, 546, 546, -273, -273, 546, -468, -97, 0, -229, -29, -253, 
0, 546, 546, -273, -273, 546, -468, -97, 0, -234, -29, -253, 
0, 546, 546, -273, -273, 546, -468, -97, 0, -239, -29, -253, 
0, 546, 546, -273, -273, 546, -468, -97, 0, -244, -29, -253, 
19, 556, 536, -287, -258, 546, -473, -97, 4, -248, -29, -258, 
24, 561, 536, -292, -256, 549, -473, -92, 9, -244, -29, -258, 
29, 561, 531, -295, -251, 546, -463, -82, 9, -244, -29, -253, 
34, 561, 527, -297, -246, 544, -463, -82, 9, -244, -29, -253, 
43, 561, 517, -302, -236, 539, -458, -87, 4, -244, -29, -248, 
43, 561, 517, -302, -236, 539, -453, -82, 4, -244, -29, -248, 
43, 566, 522, -305, -239, 544, -453, -78, 4, -239, -29, -253, 
43, 570, 527, -307, -241, 549, -444, -78, 4, -234, -34, -253, 
34, 570, 536, -302, -251, 553, -439, -63, 14, -224, -24, -253, 
24, 570, 546, -297, -261, 558, -434, -63, 14, -224, -24, -253, 
14, 566, 551, -290, -268, 558, -429, -63, 9, -229, -29, -253, 
9, 561, 551, -285, -270, 556, -424, -63, 0, -234, -34, -253, 
0, 551, 551, -275, -275, 551, -429, -58, -14, -244, -29, -248, 
0, 541, 541, -270, -270, 541, -434, -58, -19, -244, -29, -248, 
-4, 531, 536, -263, -270, 534, -444, -68, -24, -244, -29, -253, 
-4, 522, 527, -258, -265, 524, -444, -73, -29, -244, -34, -253, 
0, 517, 517, -258, -258, 517, -453, -87, -39, -258, -43, -263, 
4, 517, 512, -261, -253, 514, -473, -102, -43, -263, -43, -268, 
9, 517, 507, -263, -248, 512, -483, -112, -53, -273, -53, -273, 
14, 517, 502, -265, -244, 509, -488, -122, -53, -283, -53, -278, 
4, 527, 522, -265, -258, 524, -497, -141, -48, -278, -39, -268, 
4, 531, 527, -268, -261, 529, -517, -151, -53, -273, -39, -268, 
4, 531, 527, -268, -261, 529, -527, -161, -63, -273, -39, -268, 
9, 531, 522, -270, -256, 527, -531, -161, -68, -273, -43, -273, 
14, 527, 512, -270, -248, 519, -522, -151, -68, -283, -53, -273, 
24, 527, 502, -275, -239, 514, -527, -161, -78, -287, -53, -273, 
29, 527, 497, -278, -234, 512, -531, -165, -78, -287, -53, -273, 
43, 536, 492, -290, -224, 514, -531, -165, -78, -287, -48, -268, 
53, 546, 492, -300, -219, 519, -536, -175, -78, -268, -34, -258, 
68, 556, 488, -312, -209, 522, -536, -170, -73, -268, -29, -253, 
68, 561, 492, -314, -212, 527, -531, -170, -73, -268, -29, -253, 
68, 561, 492, -314, -212, 527, -531, -170, -68, -268, -29, -248, 
58, 551, 492, -305, -217, 522, -531, -156, -68, -273, -39, -258, 
48, 551, 502, -300, -226, 527, -531, -141, -58, -273, -39, -253, 
48, 551, 502, -300, -226, 527, -527, -141, -58, -273, -39, -253, 
43, 551, 507, -297, -231, 529, -527, -146, -58, -273, -39, -258, 
29, 546, 517, -287, -244, 531, -512, -146, -53, -263, -29, -253, 
9, 541, 531, -275, -261, 536, -502, -141, -53, -263, -29, -253, 
0, 536, 536, -268, -268, 536, -497, -136, -53, -263, -29, -253, 
-4, 527, 531, -261, -268, 529, -492, -136, -53, -263, -29, -258, 
-9, 507, 517, -248, -263, 512, -488, -126, -58, -283, -53, -278, 
-19, 502, 522, -241, -270, 512, -488, -126, -68, -287, -58, -283, 
-19, 497, 517, -239, -268, 507, -488, -126, -73, -292, -63, -287, 
-9, 497, 507, -244, -258, 502, -488, -131, -78, -292, -63, -287, 
-19, 497, 517, -239, -268, 507, -497, -136, -78, -302, -78, -297, 
-24, 492, 517, -234, -270, 505, -497, -136, -78, -297, -82, -297, 
-24, 488, 512, -231, -268, 500, -497, -136, -82, -297, -82, -307, 
-19, 488, 507, -234, -263, 497, -492, -141, -87, -302, -87, -307, 
-4, 488, 492, -241, -248, 490, -492, -141, -97, -307, -78, -297, 
0, 488, 488, -244, -244, 488, -492, -141, -97, -307, -78, -297, 
4, 488, 483, -246, -239, 485, -492, -136, -97, -307, -78, -297, 
0, 483, 483, -241, -241, 483, -488, -136, -92, -307, -78, -292, 
-9, 483, 492, -236, -251, 488, -473, -131, -87, -302, -73, -292, 
-19, 483, 502, -231, -261, 492, -468, -126, -82, -297, -73, -292, 
-29, 483, 512, -226, -270, 497, -463, -122, -73, -287, -73, -287, 
-39, 483, 522, -222, -280, 502, -458, -117, -68, -283, -73, -287, 
-48, 473, 522, -212, -285, 497, -468, -117, -68, -283, -63, -287, 
-48, 473, 522, -212, -285, 497, -468, -117, -68, -283, -63, -287, 
-48, 478, 527, -214, -287, 502, -468, -117, -68, -283, -68, -297, 
-43, 478, 522, -217, -283, 500, -468, -117, -68, -283, -68, -297, 
-34, 488, 522, -226, -278, 505, -473, -117, -68, -283, -73, -297, 
-39, 488, 527, -224, -283, 507, -473, -117, -68, -283, -68, -297, 
-39, 488, 527, -224, -283, 507, -478, -117, -68, -283, -68, -287, 
-39, 488, 527, -224, -283, 507, -483, -112, -68, -283, -68, -287, 
-29, 478, 507, -224, -268, 492, -473, -122, -68, -292, -68, -287, 
-29, 483, 512, -226, -270, 497, -478, -126, -68, -292, -68, -287, 
-19, 483, 502, -231, -261, 492, -478, -126, -68, -292, -68, -287, 
-19, 483, 502, -231, -261, 492, -478, -126, -68, -292, -68, -292, 
-19, 483, 502, -231, -261, 492, -488, -126, -68, -292, -68, -283, 
-24, 483, 507, -229, -265, 495, -488, -122, -68, -292, -68, -283, 
-29, 483, 512, -226, -270, 497, -488, -122, -68, -292, -68, -283, 
-29, 483, 512, -226, -270, 497, -488, -122, -68, -292, -68, -283, 
-24, 478, 502, -226, -263, 490, -488, -131, -78, -297, -73, -287, 
-19, 473, 492, -226, -256, 483, -488, -126, -78, -297, -73, -292, 
-9, 473, 483, -231, -246, 478, -488, -126, -78, -297, -73, -297, 
-4, 473, 478, -234, -241, 475, -488, -126, -78, -297, -73, -302, 
24, 488, 463, -256, -219, 475, -488, -122, -78, -307, -82, -312, 
14, 473, 458, -244, -222, 466, -468, -102, -58, -292, -68, -307, 
-14, 478, 492, -231, -253, 485, -458, -102, -39, -273, -53, -302, 
0, 507, 507, -253, -253, 507, -463, -102, -9, -244, -34, -273, 
48, 561, 512, -305, -231, 536, -483, -112, 39, -185, 24, -234, 
58, 605, 546, -331, -244, 575, -502, -122, 102, -107, 102, -175, 
39, 634, 595, -336, -278, 614, -512, -117, 185, -19, 185, -122, 
48, 678, 629, -363, -290, 653, -507, -78, 278, 92, 278, -48, 
97, 741, 644, -419, -273, 692, -497, -29, 370, 209, 390, 43, 
180, 834, 653, -507, -236, 744, -492, 19, 478, 326, 512, 141, 
273, 932, 658, -602, -192, 795, -507, 63, 590, 448, 634, 253, 
385, 1010, 624, -697, -119, 817, -527, 97, 673, 551, 746, 366, 
488, 1088, 600, -788, -56, 844, -570, 107, 741, 639, 854, 473, 
590, 1166, 575, -878, 7, 871, -619, 97, 780, 702, 941, 551, 
634, 1200, 566, -917, 34, 883, -668, 43, 741, 692, 941, 580, 
634, 1200, 566, -917, 34, 883, -707, -39, 639, 595, 863, 531, 
605, 1180, 575, -893, 14, 878, -751, -151, 478, 424, 707, 444, 
546, 1073, 527, -810, 9, 800, -805, -273, 234, 165, 483, 283, 
468, 854, 385, -661, 41, 619, -854, -390, -82, -165, 195, 58, 
400, 639, 239, -519, 80, 439, -893, -473, -375, -453, -68, -151, 
356, 522, 165, -439, 95, 344, -961, -575, -610, -639, -239, -273, 
322, 448, 126, -385, 97, 287, -1044, -688, -780, -756, -341, -361, 
268, 375, 107, -322, 80, 241, -1083, -741, -907, -849, -424, -434, 
200, 278, 78, -239, 61, 178, -1068, -736, -985, -927, -492, -507, 
170, 180, 9, -175, 80, 95, -1039, -717, -1049, -990, -566, -575, 
165, 73, -92, -119, 129, -9, -1000, -658, -1098, -1039, -619, -644, 
141, 0, -141, -70, 141, -70, -917, -561, -1063, -1049, -634, -673, 
102, -24, -126, -39, 114, -75, -819, -434, -976, -995, -619, -668, 
43, 24, -19, -34, 31, 2, -732, -307, -829, -893, -536, -629, 
-19, 122, 141, -51, -80, 131, -649, -219, -639, -766, -434, -546, 
-53, 224, 278, -85, -165, 251, -585, -170, -478, -629, -336, -483, 
-48, 302, 351, -126, -200, 326, -551, -136, -370, -546, -278, -439, 
-43, 341, 385, -148, -214, 363, -522, -117, -297, -492, -234, -405, 
-53, 380, 434, -163, -244, 407, -483, -102, -219, -439, -180, -361, 
-53, 414, 468, -180, -261, 441, -463, -78, -156, -380, -131, -326, 
-63, 448, 512, -192, -287, 480, -453, -68, -112, -336, -97, -312, 
-43, 468, 512, -212, -278, 490, -444, -68, -73, -307, -73, -292, 
-29, 478, 507, -224, -268, 492, -458, -73, -58, -297, -63, -292, 
-19, 483, 502, -231, -261, 492, -458, -82, -58, -307, -73, -302, 
-19, 483, 502, -231, -261, 492, -458, -82, -58, -307, -73, -307, 
-19, 483, 502, -231, -261, 492, -458, -82, -53, -302, -73, -307, 
-19, 483, 502, -231, -261, 492, -458, -78, -48, -302, -73, -307, 
-24, 473, 497, -224, -261, 485, -453, -78, -53, -307, -73, -307, 
-29, 473, 502, -222, -265, 488, -448, -73, -48, -297, -73, -302, 
-29, 473, 502, -222, -265, 488, -444, -73, -39, -297, -63, -297, 
-29, 478, 507, -224, -268, 492, -439, -68, -34, -287, -58, -292, 
-24, 488, 512, -231, -268, 500, -429, -68, -24, -273, -53, -292, 
-24, 492, 517, -234, -270, 505, -429, -68, -14, -273, -48, -287, 
-24, 497, 522, -236, -273, 509, -429, -68, -9, -273, -43, -287, 
-24, 507, 531, -241, -278, 519, -429, -73, -4, -273, -43, -287, 
-24, 497, 522, -236, -273, 509, -444, -73, -14, -278, -58, -287, 
-24, 497, 522, -236, -273, 509, -444, -68, -14, -278, -58, -292, 
-19, 497, 517, -239, -268, 507, -448, -68, -9, -278, -58, -292, 
-19, 497, 517, -239, -268, 507, -448, -68, -9, -278, -53, -292, 
-19, 502, 522, -241, -270, 512, -448, -68, -19, -278, -53, -292, 
-19, 502, 522, -241, -270, 512, -448, -68, -14, -278, -53, -287, 
-9, 502, 512, -246, -261, 507, -444, -68, -14, -273, -53, -287, 
-9, 502, 512, -246, -261, 507, -444, -68, -14, -273, -43, -287, 
-9, 502, 512, -246, -261, 507, -453, -68, 0, -273, -34, -287, 
-9, 502, 512, -246, -261, 507, -453, -68, 0, -273, -34, -287, 
-9, 502, 512, -246, -261, 507, -453, -68, 0, -273, -34, -287, 
-9, 502, 512, -246, -261, 507, -453, -68, 4, -273, -34, -287, 
-9, 502, 512, -246, -261, 507, -453, -58, 14, -263, -34, -278, 
-9, 502, 512, -246, -261, 507, -453, -58, 14, -263, -34, -278, 
-14, 502, 517, -244, -265, 509, -453, -58, 14, -263, -29, -273, 
-14, 507, 522, -246, -268, 514, -453, -58, 14, -258, -24, -273, 
-9, 517, 527, -253, -268, 522, -444, -58, 14, -258, -24, -273, 
-4, 517, 522, -256, -263, 519, -444, -58, 24, -253, -24, -273, 
-4, 517, 522, -256, -263, 519, -444, -48, 24, -253, -19, -268, 
-4, 527, 531, -261, -268, 529, -444, -48, 24, -253, -19, -268, 
-9, 517, 527, -253, -268, 522, -444, -58, 29, -253, -19, -278, 
-9, 512, 522, -251, -265, 517, -444, -58, 29, -253, -14, -278, 
-4, 512, 517, -253, -261, 514, -444, -53, 34, -253, -9, -273, 
-4, 512, 517, -253, -261, 514, -444, -53, 34, -253, -9, -273, 
4, 507, 502, -256, -248, 505, -439, -53, 24, -258, -19, -273, 
4, 512, 507, -258, -251, 509, -439, -48, 29, -253, -14, -268, 
4, 522, 517, -263, -256, 519, -444, -48, 34, -253, -9, -268, 
4, 522, 517, -263, -256, 519, -444, -48, 39, -244, -9, -268, 
4, 531, 527, -268, -261, 529, -453, -43, 39, -244, -9, -268, 
14, 531, 517, -273, -251, 524, -453, -43, 43, -244, -9, -263, 
19, 531, 512, -275, -246, 522, -453, -43, 48, -244, -9, -263, 
19, 536, 517, -278, -248, 527, -453, -39, 48, -244, -9, -258, 
14, 527, 512, -270, -248, 519, -463, -48, 63, -229, 4, -258, 
14, 531, 517, -273, -251, 524, -463, -43, 68, -224, 9, -253, 
29, 541, 512, -285, -241, 527, -463, -43, 68, -219, 9, -248, 
29, 546, 517, -287, -244, 531, -463, -39, 68, -209, 9, -248, 
29, 546, 517, -287, -244, 531, -448, -29, 68, -219, 19, -248, 
29, 546, 517, -287, -244, 531, -448, -29, 78, -209, 19, -248, 
29, 551, 522, -290, -246, 536, -448, -24, 82, -204, 19, -248, 
34, 551, 517, -292, -241, 534, -448, -14, 82, -204, 19, -244, 
39, 566, 527, -302, -244, 546, -448, -14, 87, -204, 24, -244, 
39, 570, 531, -305, -246, 551, -448, -14, 92, -195, 29, -244, 
43, 575, 531, -309, -244, 553, -448, -4, 97, -190, 34, -239, 
53, 580, 527, -317, -236, 553, -448, 0, 102, -185, 39, -234, 
48, 575, 527, -312, -239, 551, -439, 0, 112, -180, 43, -229, 
39, 575, 536, -307, -248, 556, -439, 4, 117, -170, 48, -224, 
34, 575, 541, -305, -253, 558, -439, 9, 126, -165, 53, -219, 
43, 575, 531, -309, -244, 553, -439, 14, 131, -161, 58, -214, 
58, 590, 531, -324, -236, 561, -444, 14, 136, -161, 63, -209, 
63, 595, 531, -329, -234, 563, -448, 19, 141, -151, 68, -204, 
68, 605, 536, -336, -234, 570, -453, 24, 156, -141, 78, -200, 
73, 614, 541, -344, -234, 578, -458, 29, 170, -136, 82, -195, 
63, 610, 546, -336, -241, 578, -458, 24, 180, -131, 87, -190, 
68, 619, 551, -344, -241, 585, -458, 34, 190, -122, 102, -180, 
73, 629, 556, -351, -241, 592, -458, 39, 200, -107, 107, -175, 
82, 639, 556, -361, -236, 597, -463, 43, 204, -97, 112, -170, 
97, 634, 536, -366, -219, 585, -463, 58, 214, -87, 117, -161, 
97, 639, 541, -368, -222, 590, -463, 63, 224, -78, 126, -161, 
112, 649, 536, -380, -212, 592, -463, 63, 234, -73, 136, -146, 
122, 658, 536, -390, -207, 597, -463, 73, 248, -63, 151, -136, 
112, 673, 561, -392, -224, 617, -453, 78, 268, -53, 161, -117, 
122, 683, 561, -402, -219, 622, -458, 82, 283, -43, 170, -112, 
126, 692, 566, -409, -219, 629, -458, 82, 292, -34, 180, -107, 
136, 702, 566, -419, -214, 634, -458, 87, 302, -29, 190, -102, 
136, 712, 575, -424, -219, 644, -458, 97, 307, -14, 204, -92, 
151, 722, 570, -436, -209, 646, -458, 102, 317, 0, 204, -87, 
151, 727, 575, -439, -212, 651, -463, 102, 326, 4, 209, -82, 
165, 727, 561, -446, -197, 644, -468, 102, 331, 24, 209, -78, 
170, 732, 561, -451, -195, 646, -478, 92, 341, 24, 219, -73, 
175, 741, 566, -458, -195, 653, -478, 92, 346, 24, 229, -68, 
185, 751, 566, -468, -190, 658, -483, 97, 351, 24, 234, -63, 
195, 756, 561, -475, -183, 658, -483, 97, 351, 34, 239, -58, 
190, 756, 566, -473, -187, 661, -473, 107, 356, 34, 244, -53, 
195, 761, 566, -478, -185, 663, -478, 107, 366, 39, 244, -48, 
195, 761, 566, -478, -185, 663, -478, 107, 370, 43, 248, -48, 
195, 766, 570, -480, -187, 668, -488, 102, 370, 43, 248, -43, 
200, 775, 575, -488, -187, 675, -497, 102, 370, 48, 258, -43, 
200, 775, 575, -488, -187, 675, -497, 92, 375, 48, 258, -43, 
200, 775, 575, -488, -187, 675, -502, 92, 375, 43, 253, -43, 
195, 775, 580, -485, -192, 678, -507, 87, 375, 39, 253, -43, 
204, 771, 566, -488, -180, 668, -497, 68, 356, 39, 253, -39, 
200, 766, 566, -483, -183, 666, -497, 63, 356, 29, 248, -43, 
190, 766, 575, -478, -192, 671, -497, 53, 346, 24, 244, -43, 
180, 756, 575, -468, -197, 666, -497, 43, 336, 14, 234, -48, 
185, 761, 575, -473, -195, 668, -488, 39, 326, 14, 239, -53, 
170, 751, 580, -461, -204, 666, -488, 34, 312, 4, 224, -63, 
161, 746, 585, -453, -212, 666, -492, 24, 292, -4, 209, -73, 
156, 732, 575, -444, -209, 653, -492, 19, 273, -14, 195, -82, 
131, 712, 580, -422, -224, 646, -502, 9, 248, -29, 195, -87, 
126, 697, 570, -412, -222, 634, -502, 4, 234, -43, 180, -97, 
112, 688, 575, -400, -231, 631, -502, -4, 214, -58, 165, -112, 
97, 668, 570, -383, -236, 619, -502, -14, 200, -73, 156, -122, 
87, 644, 556, -366, -234, 600, -497, -29, 180, -97, 131, -146, 
82, 629, 546, -356, -231, 588, -497, -39, 161, -107, 117, -156, 
68, 614, 546, -341, -239, 580, -497, -43, 146, -122, 107, -170, 
58, 600, 541, -329, -241, 570, -497, -53, 126, -136, 97, -180, 
63, 600, 536, -331, -236, 568, -492, -68, 112, -161, 82, -190, 
53, 590, 536, -322, -241, 563, -492, -68, 97, -175, 73, -195, 
43, 570, 527, -307, -241, 549, -492, -68, 87, -185, 58, -200, 
29, 556, 527, -292, -248, 541, -492, -73, 78, -200, 48, -214, 
24, 541, 517, -283, -246, 529, -483, -78, 63, -204, 48, -224, 
9, 531, 522, -270, -256, 527, -483, -82, 53, -209, 43, -229, 
4, 531, 527, -268, -261, 529, -483, -87, 48, -214, 39, -239, 
-4, 527, 531, -261, -268, 529, -483, -87, 43, -224, 34, -244, 
-14, 507, 522, -246, -268, 514, -488, -82, 29, -244, 24, -248, 
-19, 497, 517, -239, -268, 507, -488, -87, 14, -248, 19, -258, 
-19, 492, 512, -236, -265, 502, -492, -92, 9, -258, 4, -268, 
-19, 488, 507, -234, -263, 497, -492, -92, 0, -258, 0, -273, 
-9, 488, 497, -239, -253, 492, -492, -102, -9, -268, -19, -268, 
-9, 483, 492, -236, -251, 488, -492, -107, -9, -273, -19, -278, 
-4, 473, 478, -234, -241, 475, -492, -112, -14, -273, -24, -283, 
0, 468, 468, -234, -234, 468, -492, -112, -14, -283, -29, -283, 
-14, 463, 478, -224, -246, 470, -483, -107, -29, -283, -19, -287, 
-24, 463, 488, -219, -256, 475, -483, -107, -29, -283, -24, -292, 
-29, 458, 488, -214, -258, 473, -483, -102, -34, -287, -29, -292, 
-34, 458, 492, -212, -263, 475, -483, -97, -39, -292, -29, -292, 
-24, 453, 478, -214, -251, 466, -483, -107, -29, -292, -39, -292, 
-24, 453, 478, -214, -251, 466, -483, -107, -34, -292, -39, -292, 
-24, 453, 478, -214, -251, 466, -483, -107, -39, -292, -39, -292, 
-29, 453, 483, -212, -256, 468, -483, -102, -39, -292, -39, -292, 
-39, 453, 492, -207, -265, 473, -473, -102, -39, -292, -29, -292, 
-43, 453, 497, -204, -270, 475, -473, -102, -39, -287, -29, -292, 
-53, 453, 507, -200, -280, 480, -473, -102, -39, -287, -29, -292, 
-63, 448, 512, -192, -287, 480, -463, -102, -34, -287, -24, -292, 
-58, 448, 507, -195, -283, 478, -463, -107, -43, -297, -29, -292, 
-48, 448, 497, -200, -273, 473, -468, -107, -43, -297, -34, -292, 
-43, 448, 492, -202, -268, 470, -478, -107, -43, -297, -39, -297, 
-39, 448, 488, -204, -263, 468, -483, -107, -43, -302, -43, -302, 
-39, 448, 488, -204, -263, 468, -478, -97, -48, -292, -34, -302, 
-43, 453, 497, -204, -270, 475, -478, -97, -48, -287, -39, -302, 
-48, 453, 502, -202, -275, 478, -483, -97, -43, -287, -39, -302, 
-53, 453, 507, -200, -280, 480, -483, -97, -43, -287, -39, -302, 
-39, 453, 492, -207, -265, 473, -483, -97, -43, -297, -39, -307, 
-34, 453, 488, -209, -261, 470, -483, -97, -43, -297, -39, -302, 
-29, 453, 483, -212, -256, 468, -483, -97, -43, -297, -39, -302, 
-24, 453, 478, -214, -251, 466, -478, -97, -39, -292, -39, -302, 
-29, 453, 483, -212, -256, 468, -468, -97, -34, -287, -39, -292, 
-39, 453, 492, -207, -265, 473, -473, -92, -34, -287, -39, -292, 
-43, 453, 497, -204, -270, 475, -473, -92, -34, -287, -39, -292, 
-48, 453, 502, -202, -275, 478, -473, -92, -34, -287, -39, -292, 
-34, 453, 488, -209, -261, 470, -473, -82, -24, -278, -29, -292, 
-34, 453, 488, -209, -261, 470, -473, -87, -24, -278, -29, -292, 
-34, 453, 488, -209, -261, 470, -473, -87, -24, -278, -29, -292, 
-34, 463, 497, -214, -265, 480, -473, -87, -24, -278, -24, -292, 
-29, 463, 492, -217, -261, 478, -478, -97, -19, -278, -34, -292, 
-29, 463, 492, -217, -261, 478, -478, -87, -14, -278, -34, -292, 
-34, 463, 497, -214, -265, 480, -478, -87, -14, -273, -29, -287, 
-34, 463, 497, -214, -265, 480, -478, -92, -14, -273, -29, -287, 
-34, 463, 497, -214, -265, 480, -468, -82, -4, -273, -24, -278, 
-39, 463, 502, -212, -270, 483, -468, -78, 0, -273, -19, -278, 
-43, 463, 507, -209, -275, 485, -468, -78, 4, -268, -19, -278, 
-48, 463, 512, -207, -280, 488, -468, -78, 4, -258, -19, -273, 
-58, 458, 517, -200, -287, 488, -468, -87, -4, -258, -9, -283, 
-58, 463, 522, -202, -290, 492, -468, -87, 4, -263, -9, -283, 
-58, 463, 522, -202, -290, 492, -468, -82, 4, -263, -4, -283, 
-58, 468, 527, -204, -292, 497, -468, -82, 4, -258, 0, -278, 
-43, 463, 507, -209, -275, 485, -468, -87, 14, -258, 4, -283, 
-34, 468, 502, -217, -268, 485, -473, -87, 14, -258, 4, -278, 
-29, 468, 497, -219, -263, 483, -478, -87, 14, -253, 4, -278, 
-19, 473, 492, -226, -256, 483, -483, -87, 19, -253, 14, -278, 
-24, 468, 492, -222, -258, 480, -473, -82, 14, -248, 14, -273, 
-29, 473, 502, -222, -265, 488, -473, -82, 19, -248, 14, -273, 
-29, 473, 502, -222, -265, 488, -473, -82, 24, -244, 19, -273, 
-29, 473, 502, -222, -265, 488, -473, -78, 29, -244, 19, -273, 
-19, 483, 502, -231, -261, 492, -473, -78, 24, -253, 9, -273, 
-19, 483, 502, -231, -261, 492, -473, -78, 24, -248, 9, -268, 
-24, 483, 507, -229, -265, 495, -468, -73, 34, -244, 14, -268, 
-24, 488, 512, -231, -268, 500, -468, -63, 34, -244, 14, -268, 
-14, 492, 507, -239, -261, 500, -463, -63, 39, -239, 19, -258, 
-14, 492, 507, -239, -261, 500, -463, -63, 43, -234, 24, -253, 
-14, 492, 507, -239, -261, 500, -463, -63, 43, -234, 29, -253, 
-14, 497, 512, -241, -263, 505, -468, -58, 43, -229, 34, -253, 
-9, 507, 517, -248, -263, 512, -463, -43, 48, -229, 29, -248, 
-9, 507, 517, -248, -263, 512, -458, -39, 53, -229, 29, -248, 
-14, 507, 522, -246, -268, 514, -453, -39, 58, -229, 29, -248, 
-14, 502, 517, -244, -265, 509, -448, -39, 53, -234, 24, -248, 
-24, 488, 512, -231, -268, 500, -444, -29, 53, -229, 29, -248, 
-24, 488, 512, -231, -268, 500, -444, -29, 48, -229, 24, -253, 
-19, 483, 502, -231, -261, 492, -444, -34, 48, -234, 24, -253, 
-19, 483, 502, -231, -261, 492, -444, -39, 53, -239, 24, -253, 
-9, 473, 483, -231, -246, 478, -439, -39, 29, -244, 4, -273, 
-9, 463, 473, -226, -241, 468, -448, -48, 19, -253, 0, -278, 
-9, 458, 468, -224, -239, 463, -468, -58, 9, -263, 0, -278, 
-9, 453, 463, -222, -236, 458, -478, -63, 0, -273, -9, -278, 
-19, 439, 458, -209, -239, 448, -473, -63, 4, -278, -9, -278, 
-24, 439, 463, -207, -244, 451, -478, -73, -4, -278, -9, -278, 
-24, 439, 463, -207, -244, 451, -492, -82, -9, -278, -9, -278, 
-19, 444, 463, -212, -241, 453, -492, -87, -14, -278, -9, -283, 
-19, 453, 473, -217, -246, 463, -497, -97, -4, -278, -4, -273, 
-24, 453, 478, -214, -251, 466, -502, -107, -9, -273, -4, -268, 
-24, 453, 478, -214, -251, 466, -517, -117, -19, -278, -4, -268, 
-19, 453, 473, -217, -246, 463, -527, -126, -19, -273, -4, -268, 
-14, 448, 463, -217, -239, 456, -527, -136, -24, -278, -14, -268, 
-19, 453, 473, -217, -246, 463, -527, -131, -24, -278, -14, -268, 
-9, 453, 463, -222, -236, 458, -527, -131, -29, -278, -9, -273, 
-9, 453, 463, -222, -236, 458, -522, -126, -34, -283, -9, -278, 
4, 458, 453, -231, -224, 456, -527, -136, -43, -283, -14, -263, 
4, 458, 453, -231, -224, 456, -527, -136, -39, -283, -4, -263, 
9, 463, 453, -236, -222, 458, -527, -131, -34, -283, -4, -263, 
14, 463, 448, -239, -217, 456, -527, -136, -34, -278, -4, -263, 
14, 473, 458, -244, -222, 466, -527, -126, -24, -268, 0, -258, 
9, 473, 463, -241, -226, 468, -527, -126, -24, -268, 4, -258, 
4, 468, 463, -236, -229, 466, -517, -126, -24, -268, 4, -258, 
-4, 463, 468, -229, -236, 466, -517, -117, -24, -268, 9, -258, 
-9, 458, 468, -224, -239, 463, -507, -107, -14, -258, 9, -263, 
-14, 448, 463, -217, -239, 456, -507, -107, -14, -263, 9, -268, 
-19, 439, 458, -209, -239, 448, -497, -112, -19, -273, 9, -273, 
-19, 439, 458, -209, -239, 448, -492, -112, -19, -278, 0, -268, 
-29, 424, 453, -197, -241, 439, -492, -112, -19, -268, -4, -273, 
-39, 424, 463, -192, -251, 444, -488, -112, -24, -268, -4, -278, 
-43, 419, 463, -187, -253, 441, -488, -112, -29, -268, -9, -283, 
-48, 414, 463, -183, -256, 439, -483, -107, -29, -273, -9, -283, 
-48, 424, 473, -187, -261, 448, -502, -117, -29, -287, -19, -283, 
-43, 414, 458, -185, -251, 436, -492, -117, -34, -292, -24, -287, 
-48, 409, 458, -180, -253, 434, -492, -112, -39, -297, -29, -302, 
