I, II, III, aVR, aVL, aVF, V1, V2, V3, V4, V5, V6, 
-878, 312, 1190, 283, -1034, 751, 497, 0, 312, 458, 419, 536, 
-878, 312, 1190, 283, -1034, 751, 497, 0, 312, 458, 419, 536, 
-878, 312, 1190, 283, -1034, 751, 497, 0, 312, 458, 419, 536, 
-878, 312, 1190, 283, -1034, 751, 497, 0, 312, 458, 419, 536, 
-878, 322, 1200, 278, -1039, 761, 497, 0, 312, 458, 419, 536, 
-878, 322, 1200, 278, -1039, 761, 497, 0, 312, 458, 419, 536, 
-878, 322, 1200, 278, -1039, 761, 497, 0, 312, 458, 419, 536, 
-878, 322, 1200, 278, -1039, 761, 497, 0, 312, 458, 419, 536, 
-878, 322, 1200, 278, -1039, 761, 497, 0, 312, 468, 429, 536, 
-878, 322, 1200, 278, -1039, 761, 497, 0, 312, 468, 429, 536, 
-878, 322, 1200, 278, -1039, 761, 497, 0, 312, 468, 429, 536, 
-878, 322, 1200, 278, -1039, 761, 497, 0, 312, 468, 429, 536, 
-868, 331, 1200, 268, -1034, 766, 488, 4, 312, 468, 429, 546, 
-868, 331, 1200, 268, -1034, 766, 488, 9, 312, 468, 429, 546, 
-868, 331, 1200, 268, -1034, 766, 488, 14, 312, 468, 429, 546, 
-868, 331, 1200, 268, -1034, 766, 488, 19, 312, 468, 429, 546, 
-868, 341, 1210, 263, -1039, 775, 488, 29, 322, 478, 439, 556, 
-868, 341, 1210, 263, -1039, 775, 488, 29, 322, 478, 439, 556, 
-868, 341, 1210, 263, -1039, 775, 488, 29, 322, 478, 439, 556, 
-868, 341, 1210, 263, -1039, 775, 488, 29, 322, 478, 439, 556, 
-863, 351, 1215, 256, -1039, 783, 488, 29, 331, 488, 448, 556, 
-858, 351, 1210, 253, -1034, 780, 488, 29, 331, 488, 448, 556, 
-854, 351, 1205, 251, -1029, 778, 488, 29, 331, 488, 448, 556, 
-849, 351, 1200, 248, -1024, 775, 488, 29, 331, 488, 448, 556, 
-858, 351, 1210, 253, -1034, 780, 478, 39, 331, 488, 448, 556, 
-858, 351, 1210, 253, -1034, 780, 478, 39, 331, 488, 448, 556, 
-858, 351, 1210, 253, -1034, 780, 478, 39, 331, 488, 448, 556, 
-858, 351, 1210, 253, -1034, 780, 478, 39, 331, 488, 448, 556, 
-858, 361, 1220, 248, -1039, 790, 488, 48, 341, 492, 453, 566, 
-858, 361, 1220, 248, -1039, 790, 488, 48, 341, 497, 458, 566, 
-858, 361, 1220, 248, -1039, 790, 488, 48, 341, 502, 463, 566, 
-858, 361, 1220, 248, -1039, 790, 488, 48, 341, 507, 468, 566, 
-849, 361, 1210, 244, -1029, 785, 478, 39, 341, 517, 478, 575, 
-849, 361, 1210, 244, -1029, 785, 478, 39, 341, 517, 478, 575, 
-849, 361, 1210, 244, -1029, 785, 478, 39, 341, 517, 478, 575, 
-849, 361, 1210, 244, -1029, 785, 478, 39, 341, 517, 478, 575, 
-858, 370, 1229, 244, -1044, 800, 478, 43, 351, 527, 488, 585, 
-858, 370, 1229, 244, -1044, 800, 478, 48, 351, 527, 488, 585, 
-858, 370, 1229, 244, -1044, 800, 478, 53, 351, 527, 488, 585, 
-858, 370, 1229, 244, -1044, 800, 478, 58, 351, 527, 488, 585, 
-844, 375, 1220, 234, -1032, 797, 478, 68, 361, 531, 492, 590, 
-839, 380, 1220, 229, -1029, 800, 478, 68, 361, 536, 497, 595, 
-834, 385, 1220, 224, -1027, 802, 478, 68, 361, 541, 502, 600, 
-829, 390, 1220, 219, -1024, 805, 478, 68, 361, 546, 507, 605, 
-819, 395, 1215, 212, -1017, 805, 468, 78, 370, 556, 512, 605, 
-819, 400, 1220, 209, -1019, 810, 468, 78, 370, 556, 517, 605, 
-819, 405, 1224, 207, -1022, 814, 468, 78, 370, 556, 522, 605, 
-819, 409, 1229, 204, -1024, 819, 468, 78, 370, 556, 527, 605, 
-829, 419, 1249, 204, -1039, 834, 468, 87, 380, 561, 531, 610, 
-829, 419, 1249, 204, -1039, 834, 468, 87, 380, 566, 536, 614, 
-829, 419, 1249, 204, -1039, 834, 468, 87, 380, 570, 541, 619, 
-829, 419, 1249, 204, -1039, 834, 468, 87, 380, 575, 546, 624, 
-829, 429, 1259, 200, -1044, 844, 458, 87, 390, 580, 556, 624, 
-829, 429, 1259, 200, -1044, 844, 458, 87, 390, 585, 556, 624, 
-829, 429, 1259, 200, -1044, 844, 458, 87, 390, 590, 556, 624, 
-829, 429, 1259, 200, -1044, 844, 458, 87, 390, 595, 556, 624, 
-819, 439, 1259, 190, -1039, 849, 458, 87, 400, 605, 566, 634, 
-819, 439, 1259, 190, -1039, 849, 458, 87, 400, 605, 566, 634, 
-819, 439, 1259, 190, -1039, 849, 458, 87, 400, 605, 566, 634, 
-819, 439, 1259, 190, -1039, 849, 458, 87, 400, 605, 566, 634, 
-819, 448, 1268, 185, -1044, 858, 448, 87, 400, 614, 575, 639, 
-819, 448, 1268, 185, -1044, 858, 448, 87, 400, 614, 575, 644, 
-819, 448, 1268, 185, -1044, 858, 448, 87, 400, 614, 575, 649, 
-819, 448, 1268, 185, -1044, 858, 448, 87, 400, 614, 575, 653, 
-834, 439, 1273, 197, -1054, 856, 448, 78, 400, 614, 585, 653, 
-839, 439, 1278, 200, -1058, 858, 448, 78, 400, 614, 585, 653, 
-844, 439, 1283, 202, -1063, 861, 448, 78, 400, 614, 585, 653, 
-849, 439, 1288, 204, -1068, 863, 448, 78, 400, 614, 585, 653, 
-829, 458, 1288, 185, -1058, 873, 448, 87, 405, 629, 590, 663, 
-810, 478, 1288, 165, -1049, 883, 448, 87, 409, 634, 595, 673, 
-790, 497, 1288, 146, -1039, 893, 448, 87, 414, 639, 600, 683, 
-771, 517, 1288, 126, -1029, 902, 448, 87, 419, 644, 605, 692, 
-780, 517, 1298, 131, -1039, 907, 439, 78, 419, 634, 605, 692, 
-780, 517, 1298, 131, -1039, 907, 439, 78, 419, 634, 605, 692, 
-780, 517, 1298, 131, -1039, 907, 439, 78, 419, 634, 605, 692, 
-780, 517, 1298, 131, -1039, 907, 439, 78, 419, 634, 605, 692, 
-780, 507, 1288, 136, -1034, 897, 439, 68, 419, 624, 614, 692, 
-780, 507, 1288, 136, -1034, 897, 439, 68, 419, 624, 614, 692, 
-780, 507, 1288, 136, -1034, 897, 439, 68, 419, 624, 614, 692, 
-780, 507, 1288, 136, -1034, 897, 439, 68, 419, 624, 614, 692, 
-790, 507, 1298, 141, -1044, 902, 429, 63, 409, 624, 614, 702, 
-790, 507, 1298, 141, -1044, 902, 429, 58, 409, 624, 614, 702, 
-790, 507, 1298, 141, -1044, 902, 429, 53, 409, 624, 614, 702, 
-790, 507, 1298, 141, -1044, 902, 429, 48, 409, 624, 614, 702, 
-780, 517, 1298, 131, -1039, 907, 419, 39, 409, 624, 614, 712, 
-780, 517, 1298, 131, -1039, 907, 419, 39, 409, 624, 614, 712, 
-780, 517, 1298, 131, -1039, 907, 419, 39, 409, 624, 614, 712, 
-780, 517, 1298, 131, -1039, 907, 419, 39, 409, 624, 614, 712, 
-790, 507, 1298, 141, -1044, 902, 429, 39, 409, 634, 614, 722, 
-790, 507, 1298, 141, -1044, 902, 429, 39, 409, 634, 614, 722, 
-790, 507, 1298, 141, -1044, 902, 429, 39, 409, 634, 614, 722, 
-790, 507, 1298, 141, -1044, 902, 429, 39, 409, 634, 614, 722, 
-780, 517, 1298, 131, -1039, 907, 429, 39, 409, 629, 614, 722, 
-780, 517, 1298, 131, -1039, 907, 429, 39, 409, 624, 614, 722, 
-780, 517, 1298, 131, -1039, 907, 429, 39, 409, 619, 614, 722, 
-780, 517, 1298, 131, -1039, 907, 429, 39, 409, 614, 614, 722, 
-790, 512, 1302, 139, -1046, 907, 439, 29, 419, 614, 605, 717, 
-790, 507, 1298, 141, -1044, 902, 439, 29, 419, 614, 605, 712, 
-790, 502, 1293, 143, -1041, 897, 439, 29, 419, 614, 605, 707, 
-790, 497, 1288, 146, -1039, 893, 439, 29, 419, 614, 605, 702, 
-800, 483, 1283, 158, -1041, 883, 444, 19, 409, 600, 590, 697, 
-800, 478, 1278, 161, -1039, 878, 448, 19, 409, 595, 585, 692, 
-800, 473, 1273, 163, -1037, 873, 453, 19, 409, 590, 580, 688, 
-800, 468, 1268, 165, -1034, 868, 458, 19, 409, 585, 575, 683, 
-790, 458, 1249, 165, -1019, 854, 458, 19, 400, 580, 561, 678, 
-790, 458, 1249, 165, -1019, 854, 458, 19, 400, 575, 556, 673, 
-790, 458, 1249, 165, -1019, 854, 458, 19, 400, 570, 551, 668, 
-790, 458, 1249, 165, -1019, 854, 458, 19, 400, 566, 546, 663, 
-805, 448, 1254, 178, -1029, 851, 463, 9, 400, 561, 531, 653, 
-810, 439, 1249, 185, -1029, 844, 468, 9, 400, 556, 527, 653, 
-814, 429, 1244, 192, -1029, 836, 473, 9, 400, 551, 522, 653, 
-819, 419, 1239, 200, -1029, 829, 478, 9, 400, 546, 517, 653, 
-819, 419, 1239, 200, -1029, 829, 488, 9, 395, 541, 507, 649, 
-819, 419, 1239, 200, -1029, 829, 488, 9, 390, 536, 507, 644, 
-819, 419, 1239, 200, -1029, 829, 488, 9, 385, 531, 507, 639, 
-819, 419, 1239, 200, -1029, 829, 488, 9, 380, 527, 507, 634, 
-829, 405, 1234, 212, -1032, 819, 488, 0, 370, 522, 502, 629, 
-829, 400, 1229, 214, -1029, 814, 488, 0, 370, 517, 497, 624, 
-829, 395, 1224, 217, -1027, 810, 488, 0, 370, 512, 492, 619, 
-829, 390, 1220, 219, -1024, 805, 488, 0, 370, 507, 488, 614, 
-824, 390, 1215, 217, -1019, 802, 497, 0, 370, 507, 488, 624, 
-819, 390, 1210, 214, -1015, 800, 497, 0, 370, 507, 488, 624, 
-814, 390, 1205, 212, -1010, 797, 497, 0, 370, 507, 488, 624, 
-810, 390, 1200, 209, -1005, 795, 497, 0, 370, 507, 488, 624, 
-819, 380, 1200, 219, -1010, 790, 497, -9, 361, 497, 478, 614, 
-819, 380, 1200, 219, -1010, 790, 497, -9, 361, 497, 478, 614, 
-819, 380, 1200, 219, -1010, 790, 497, -9, 361, 497, 478, 614, 
-819, 380, 1200, 219, -1010, 790, 497, -9, 361, 497, 478, 614, 
-819, 380, 1200, 219, -1010, 790, 497, -9, 361, 507, 478, 614, 
-819, 380, 1200, 219, -1010, 790, 497, -9, 361, 507, 478, 614, 
-819, 380, 1200, 219, -1010, 790, 497, -9, 361, 507, 478, 614, 
-819, 380, 1200, 219, -1010, 790, 497, -9, 361, 507, 478, 614, 
-810, 380, 1190, 214, -1000, 785, 497, -19, 351, 507, 478, 614, 
-810, 380, 1190, 214, -1000, 785, 497, -19, 351, 507, 478, 614, 
-810, 380, 1190, 214, -1000, 785, 497, -19, 351, 507, 478, 614, 
-810, 380, 1190, 214, -1000, 785, 497, -19, 351, 507, 478, 614, 
-810, 370, 1180, 219, -995, 775, 497, -9, 351, 497, 478, 605, 
-810, 370, 1180, 219, -995, 775, 497, -9, 351, 497, 478, 605, 
-810, 370, 1180, 219, -995, 775, 497, -9, 351, 497, 478, 605, 
-810, 370, 1180, 219, -995, 775, 497, -9, 351, 497, 478, 605, 
-800, 370, 1171, 214, -985, 771, 497, -19, 351, 507, 468, 605, 
-800, 370, 1171, 214, -985, 771, 497, -19, 351, 507, 468, 605, 
-800, 370, 1171, 214, -985, 771, 497, -19, 351, 507, 468, 605, 
-800, 370, 1171, 214, -985, 771, 497, -19, 351, 507, 468, 605, 
-810, 370, 1180, 219, -995, 775, 497, -19, 351, 507, 468, 605, 
-810, 370, 1180, 219, -995, 775, 497, -19, 351, 507, 468, 605, 
-810, 370, 1180, 219, -995, 775, 497, -19, 351, 507, 468, 605, 
-810, 370, 1180, 219, -995, 775, 497, -19, 351, 507, 468, 605, 
-810, 361, 1171, 224, -990, 766, 497, -19, 341, 507, 478, 605, 
-810, 361, 1171, 224, -990, 766, 497, -19, 341, 507, 478, 605, 
-810, 361, 1171, 224, -990, 766, 497, -19, 341, 507, 478, 605, 
-810, 361, 1171, 224, -990, 766, 497, -19, 341, 507, 478, 605, 
-805, 370, 1176, 217, -990, 773, 497, -19, 331, 507, 468, 605, 
-800, 370, 1171, 214, -985, 771, 497, -19, 331, 507, 468, 605, 
-795, 370, 1166, 212, -980, 768, 497, -19, 331, 507, 468, 605, 
-790, 370, 1161, 209, -976, 766, 497, -19, 331, 507, 468, 605, 
-795, 361, 1156, 217, -976, 758, 497, -19, 341, 517, 478, 605, 
-800, 361, 1161, 219, -980, 761, 497, -19, 341, 517, 478, 605, 
-805, 361, 1166, 222, -985, 763, 497, -19, 341, 517, 478, 605, 
-810, 361, 1171, 224, -990, 766, 497, -19, 341, 517, 478, 605, 
-810, 351, 1161, 229, -985, 756, 497, -19, 341, 517, 468, 595, 
-810, 351, 1161, 229, -985, 756, 497, -19, 341, 517, 468, 595, 
-810, 351, 1161, 229, -985, 756, 497, -19, 341, 517, 468, 595, 
-810, 351, 1161, 229, -985, 756, 497, -19, 341, 517, 468, 595, 
-805, 351, 1156, 226, -980, 753, 497, -29, 331, 507, 468, 595, 
-800, 351, 1151, 224, -976, 751, 497, -29, 331, 507, 468, 595, 
-795, 351, 1146, 222, -971, 749, 497, -29, 331, 507, 468, 595, 
-790, 351, 1141, 219, -966, 746, 497, -29, 331, 507, 468, 595, 
-790, 356, 1146, 217, -968, 751, 507, -19, 341, 507, 468, 595, 
-790, 361, 1151, 214, -971, 756, 507, -19, 341, 507, 468, 595, 
-790, 366, 1156, 212, -973, 761, 507, -19, 341, 507, 468, 595, 
-790, 370, 1161, 209, -976, 766, 507, -19, 341, 507, 468, 595, 
-800, 366, 1166, 217, -983, 766, 507, -29, 336, 497, 463, 590, 
-800, 361, 1161, 219, -980, 761, 507, -29, 331, 497, 458, 585, 
-800, 356, 1156, 222, -978, 756, 507, -29, 326, 497, 453, 580, 
-800, 351, 1151, 224, -976, 751, 507, -29, 322, 497, 448, 575, 
-800, 341, 1141, 229, -971, 741, 507, -39, 312, 488, 439, 575, 
-800, 341, 1141, 229, -971, 741, 507, -39, 312, 488, 439, 575, 
-800, 341, 1141, 229, -971, 741, 507, -39, 312, 488, 439, 575, 
-800, 341, 1141, 229, -971, 741, 507, -39, 312, 488, 439, 575, 
-790, 341, 1132, 224, -961, 736, 507, -39, 322, 488, 439, 566, 
-790, 341, 1132, 224, -961, 736, 507, -39, 322, 488, 439, 566, 
-790, 341, 1132, 224, -961, 736, 507, -39, 322, 488, 439, 566, 
-790, 341, 1132, 224, -961, 736, 507, -39, 322, 488, 439, 566, 
-780, 341, 1122, 219, -951, 732, 497, -48, 312, 488, 429, 566, 
-780, 341, 1122, 219, -951, 732, 497, -48, 312, 488, 429, 566, 
-780, 341, 1122, 219, -951, 732, 497, -48, 312, 488, 429, 566, 
-780, 341, 1122, 219, -951, 732, 497, -48, 312, 488, 429, 566, 
-790, 341, 1132, 224, -961, 736, 507, -58, 302, 478, 429, 566, 
-790, 341, 1132, 224, -961, 736, 507, -58, 302, 478, 429, 566, 
-790, 341, 1132, 224, -961, 736, 507, -58, 302, 478, 429, 566, 
-790, 341, 1132, 224, -961, 736, 507, -58, 302, 478, 429, 566, 
-780, 341, 1122, 219, -951, 732, 507, -58, 312, 488, 419, 556, 
-780, 341, 1122, 219, -951, 732, 507, -58, 312, 488, 419, 556, 
-780, 341, 1122, 219, -951, 732, 507, -58, 312, 488, 419, 556, 
-780, 341, 1122, 219, -951, 732, 507, -58, 312, 488, 419, 556, 
-771, 341, 1112, 214, -941, 727, 507, -68, 302, 478, 419, 556, 
-771, 341, 1112, 214, -941, 727, 507, -68, 302, 478, 419, 556, 
-771, 341, 1112, 214, -941, 727, 507, -68, 302, 478, 419, 556, 
-771, 341, 1112, 214, -941, 727, 507, -68, 302, 478, 419, 556, 
-771, 336, 1107, 217, -939, 722, 507, -68, 302, 488, 419, 556, 
-771, 331, 1102, 219, -936, 717, 507, -68, 302, 488, 419, 556, 
-771, 326, 1098, 222, -934, 712, 507, -68, 302, 488, 419, 556, 
-771, 322, 1093, 224, -932, 707, 507, -68, 302, 488, 419, 556, 
-771, 322, 1093, 224, -932, 707, 497, -68, 302, 483, 419, 546, 
-771, 322, 1093, 224, -932, 707, 497, -68, 302, 478, 419, 546, 
-771, 322, 1093, 224, -932, 707, 497, -68, 302, 473, 419, 546, 
-771, 322, 1093, 224, -932, 707, 497, -68, 302, 468, 419, 546, 
-761, 322, 1083, 219, -922, 702, 507, -78, 292, 468, 419, 556, 
-761, 322, 1083, 219, -922, 702, 507, -78, 292, 468, 419, 556, 
-761, 322, 1083, 219, -922, 702, 507, -78, 292, 468, 419, 556, 
-761, 322, 1083, 219, -922, 702, 507, -78, 292, 468, 419, 556, 
-751, 331, 1083, 209, -917, 707, 497, -68, 302, 478, 419, 546, 
-751, 331, 1083, 209, -917, 707, 497, -68, 302, 478, 419, 546, 
-751, 331, 1083, 209, -917, 707, 497, -68, 302, 478, 419, 546, 
-751, 331, 1083, 209, -917, 707, 497, -68, 302, 478, 419, 546, 
-741, 351, 1093, 195, -917, 722, 507, -68, 317, 483, 424, 546, 
-741, 361, 1102, 190, -922, 732, 507, -68, 322, 488, 429, 546, 
-741, 370, 1112, 185, -927, 741, 507, -68, 326, 492, 434, 546, 
-741, 380, 1122, 180, -932, 751, 507, -68, 331, 497, 439, 546, 
-732, 390, 1122, 170, -927, 756, 507, -58, 336, 502, 448, 551, 
-732, 390, 1122, 170, -927, 756, 507, -58, 341, 507, 448, 556, 
-732, 390, 1122, 170, -927, 756, 507, -58, 346, 512, 448, 561, 
-732, 390, 1122, 170, -927, 756, 507, -58, 351, 517, 448, 566, 
-732, 390, 1122, 170, -927, 756, 497, -68, 351, 517, 439, 575, 
-732, 390, 1122, 170, -927, 756, 497, -68, 351, 517, 439, 575, 
-732, 390, 1122, 170, -927, 756, 497, -68, 351, 517, 439, 575, 
-732, 390, 1122, 170, -927, 756, 497, -68, 351, 517, 439, 575, 
-732, 390, 1122, 170, -927, 756, 497, -68, 361, 517, 439, 575, 
-732, 390, 1122, 170, -927, 756, 497, -68, 361, 517, 439, 575, 
-732, 390, 1122, 170, -927, 756, 497, -68, 361, 517, 439, 575, 
-732, 390, 1122, 170, -927, 756, 497, -68, 361, 517, 439, 575, 
-732, 380, 1112, 175, -922, 746, 497, -58, 361, 517, 448, 566, 
-732, 380, 1112, 175, -922, 746, 497, -58, 361, 517, 448, 566, 
-732, 380, 1112, 175, -922, 746, 497, -58, 361, 517, 448, 566, 
-732, 380, 1112, 175, -922, 746, 497, -58, 361, 517, 448, 566, 
-722, 380, 1102, 170, -912, 741, 488, -68, 351, 512, 444, 561, 
-722, 380, 1102, 170, -912, 741, 483, -68, 346, 512, 439, 561, 
-722, 380, 1102, 170, -912, 741, 483, -68, 341, 517, 434, 561, 
-717, 380, 1098, 168, -907, 739, 478, -68, 341, 517, 429, 561, 
-702, 370, 1073, 165, -888, 722, 478, -58, 341, 517, 439, 566, 
-712, 370, 1083, 170, -897, 727, 478, -58, 341, 517, 439, 566, 
-712, 366, 1078, 173, -895, 722, 478, -58, 336, 517, 439, 566, 
-712, 361, 1073, 175, -893, 717, 478, -58, 326, 512, 439, 561, 
-712, 370, 1083, 170, -897, 727, 468, -63, 317, 512, 429, 570, 
-707, 366, 1073, 170, -890, 719, 468, -68, 312, 507, 429, 570, 
-702, 361, 1063, 170, -883, 712, 468, -73, 302, 502, 424, 570, 
-697, 361, 1058, 168, -878, 710, 463, -73, 297, 497, 424, 570, 
-683, 366, 1049, 158, -866, 707, 463, -73, 297, 497, 419, 570, 
-683, 366, 1049, 158, -866, 707, 463, -78, 292, 492, 419, 570, 
-678, 366, 1044, 156, -861, 705, 468, -78, 287, 492, 419, 570, 
-678, 370, 1049, 153, -863, 710, 473, -73, 287, 488, 419, 570, 
-688, 361, 1049, 163, -868, 705, 468, -78, 287, 478, 409, 566, 
-688, 356, 1044, 165, -866, 700, 463, -78, 287, 478, 409, 561, 
-688, 351, 1039, 168, -863, 695, 458, -78, 287, 473, 405, 556, 
-688, 346, 1034, 170, -861, 690, 458, -78, 292, 473, 400, 546, 
-692, 351, 1044, 170, -868, 697, 478, -78, 302, 473, 409, 546, 
-712, 351, 1063, 180, -888, 707, 478, -78, 307, 478, 409, 546, 
-712, 341, 1054, 185, -883, 697, 483, -78, 307, 478, 409, 546, 
-717, 336, 1054, 190, -885, 695, 483, -78, 307, 478, 409, 541, 
-707, 341, 1049, 183, -878, 695, 473, -87, 302, 478, 405, 536, 
-707, 341, 1049, 183, -878, 695, 473, -92, 287, 463, 395, 531, 
-707, 336, 1044, 185, -875, 690, 473, -92, 273, 458, 390, 531, 
-712, 336, 1049, 187, -880, 692, 478, -92, 268, 458, 390, 531, 
-722, 331, 1054, 195, -888, 692, 478, -87, 268, 458, 390, 531, 
-722, 317, 1039, 202, -880, 678, 478, -87, 268, 458, 390, 527, 
-722, 307, 1029, 207, -875, 668, 478, -92, 268, 453, 380, 527, 
-727, 302, 1029, 212, -878, 666, 483, -92, 258, 444, 375, 527, 
-727, 297, 1024, 214, -875, 661, 483, -87, 253, 439, 375, 527, 
-727, 287, 1015, 219, -871, 651, 483, -87, 253, 439, 375, 522, 
-722, 283, 1005, 219, -863, 644, 488, -82, 253, 439, 375, 517, 
-722, 283, 1005, 219, -863, 644, 492, -82, 258, 434, 375, 517, 
-712, 283, 995, 214, -854, 639, 502, -78, 268, 434, 366, 517, 
-712, 287, 1000, 212, -856, 644, 497, -78, 268, 434, 366, 517, 
-712, 292, 1005, 209, -858, 649, 497, -82, 268, 434, 366, 517, 
-717, 297, 1015, 209, -866, 656, 497, -82, 263, 434, 366, 517, 
-712, 283, 995, 214, -854, 639, 488, -82, 263, 434, 366, 507, 
-722, 273, 995, 224, -858, 634, 492, -82, 263, 429, 361, 507, 
-722, 273, 995, 224, -858, 634, 492, -82, 263, 429, 361, 507, 
-707, 278, 985, 214, -846, 631, 492, -82, 263, 434, 366, 502, 
-712, 278, 990, 217, -851, 634, 492, -92, 258, 434, 366, 502, 
-717, 278, 995, 219, -856, 636, 492, -92, 258, 434, 361, 507, 
-722, 278, 1000, 222, -861, 639, 492, -92, 258, 429, 361, 507, 
-727, 278, 1005, 224, -866, 641, 488, -92, 263, 424, 361, 507, 
-736, 273, 1010, 231, -873, 641, 488, -92, 263, 424, 351, 507, 
-736, 273, 1010, 231, -873, 641, 492, -92, 258, 429, 351, 507, 
-736, 273, 1010, 231, -873, 641, 492, -92, 258, 429, 351, 507, 
-736, 273, 1010, 231, -873, 641, 492, -92, 258, 429, 351, 507, 
-736, 263, 1000, 236, -868, 631, 492, -82, 253, 429, 361, 502, 
-741, 258, 1000, 241, -871, 629, 497, -82, 253, 429, 361, 502, 
-741, 258, 1000, 241, -871, 629, 497, -82, 253, 429, 356, 502, 
-736, 258, 995, 239, -866, 627, 497, -82, 248, 429, 356, 502, 
-736, 268, 1005, 234, -871, 636, 492, -92, 248, 419, 356, 502, 
-736, 263, 1000, 236, -868, 631, 492, -92, 253, 424, 356, 507, 
-736, 263, 1000, 236, -868, 631, 492, -92, 253, 424, 356, 507, 
-736, 263, 1000, 236, -868, 631, 492, -92, 253, 424, 356, 507, 
-732, 273, 1005, 229, -868, 639, 502, -82, 253, 424, 366, 512, 
-732, 273, 1005, 229, -868, 639, 502, -82, 253, 424, 370, 512, 
-727, 273, 1000, 226, -863, 636, 507, -87, 253, 419, 370, 512, 
-722, 273, 995, 224, -858, 634, 507, -87, 253, 419, 370, 512, 
-722, 263, 985, 229, -854, 624, 497, -92, 263, 429, 361, 507, 
-717, 268, 985, 224, -851, 627, 497, -92, 258, 429, 361, 507, 
-717, 268, 985, 224, -851, 627, 497, -92, 258, 429, 361, 507, 
-717, 268, 985, 224, -851, 627, 497, -92, 258, 429, 361, 507, 
-727, 253, 980, 236, -854, 617, 497, -92, 248, 419, 361, 502, 
-727, 253, 980, 236, -854, 617, 497, -92, 248, 419, 361, 502, 
-727, 253, 980, 236, -854, 617, 497, -92, 248, 419, 361, 502, 
-727, 258, 985, 234, -856, 622, 497, -92, 248, 419, 361, 502, 
-727, 263, 990, 231, -858, 627, 502, -82, 258, 424, 366, 512, 
-727, 268, 995, 229, -861, 631, 507, -82, 258, 429, 370, 512, 
-727, 273, 1000, 226, -863, 636, 512, -82, 258, 434, 375, 512, 
-727, 278, 1005, 224, -866, 641, 522, -82, 258, 439, 380, 512, 
-712, 278, 990, 217, -851, 634, 512, -92, 268, 429, 370, 512, 
-712, 278, 990, 217, -851, 634, 507, -92, 268, 429, 370, 512, 
-712, 278, 990, 217, -851, 634, 507, -92, 268, 429, 370, 512, 
-712, 278, 990, 217, -851, 634, 507, -87, 273, 434, 370, 512, 
-702, 278, 980, 212, -841, 629, 507, -87, 263, 429, 370, 512, 
-702, 278, 980, 212, -841, 629, 507, -87, 263, 429, 370, 517, 
-702, 278, 980, 212, -841, 629, 507, -87, 263, 429, 370, 517, 
-702, 278, 980, 212, -841, 629, 507, -87, 263, 429, 370, 512, 
-712, 278, 990, 217, -851, 634, 507, -87, 258, 429, 361, 512, 
-712, 278, 990, 217, -851, 634, 522, -82, 268, 439, 370, 512, 
-712, 278, 990, 217, -851, 634, 531, -73, 283, 439, 361, 502, 
-717, 268, 985, 224, -851, 627, 536, -73, 287, 424, 341, 488, 
-722, 258, 980, 231, -851, 619, 561, -73, 307, 409, 322, 468, 
-736, 263, 1000, 236, -868, 631, 570, -53, 341, 419, 317, 448, 
-736, 273, 1010, 231, -873, 641, 585, -4, 370, 453, 326, 458, 
-712, 292, 1005, 209, -858, 649, 590, 39, 400, 502, 375, 478, 
-692, 292, 985, 200, -839, 639, 614, 78, 419, 546, 429, 497, 
-688, 278, 966, 204, -827, 622, 619, 151, 448, 614, 473, 512, 
-653, 278, 932, 187, -793, 605, 634, 263, 492, 712, 536, 551, 
-605, 273, 878, 165, -741, 575, 658, 409, 541, 834, 634, 600, 
-551, 287, 839, 131, -695, 563, 673, 556, 590, 971, 746, 663, 
-448, 346, 795, 51, -622, 570, 639, 653, 624, 1137, 902, 775, 
-326, 439, 766, -56, -546, 602, 556, 692, 614, 1312, 1107, 922, 
-209, 536, 746, -163, -478, 641, 429, 683, 556, 1478, 1322, 1098, 
-87, 673, 761, -292, -424, 717, 253, 614, 463, 1639, 1551, 1307, 
43, 844, 800, -444, -378, 822, 78, 527, 375, 1781, 1781, 1512, 
151, 995, 844, -573, -346, 919, -43, 468, 307, 1849, 1937, 1688, 
224, 1102, 878, -663, -326, 990, -141, 405, 224, 1834, 1991, 1800, 
248, 1161, 912, -705, -331, 1037, -190, 326, 131, 1708, 1927, 1830, 
200, 1112, 912, -656, -356, 1012, -200, 175, 24, 1478, 1747, 1781, 
92, 1024, 932, -558, -419, 978, -185, -87, -92, 1205, 1522, 1688, 
-24, 985, 1010, -480, -517, 997, -204, -444, -234, 932, 1312, 1595, 
-102, 961, 1063, -429, -583, 1012, -204, -732, -370, 634, 1088, 1493, 
-195, 878, 1073, -341, -634, 976, -165, -956, -507, 278, 814, 1346, 
-336, 766, 1102, -214, -719, 934, -117, -1161, -658, -87, 531, 1185, 
-458, 658, 1117, -100, -788, 888, -92, -1249, -790, -312, 322, 1054, 
-517, 566, 1083, -24, -800, 824, -53, -1205, -849, -390, 209, 961, 
-580, 492, 1073, 43, -827, 783, -19, -1166, -878, -419, 126, 878, 
-624, 463, 1088, 80, -856, 775, -19, -1102, -883, -409, 97, 805, 
-605, 468, 1073, 68, -839, 771, -29, -985, -810, -326, 112, 780, 
-605, 497, 1102, 53, -854, 800, 14, -854, -663, -214, 146, 761, 
-614, 522, 1137, 46, -875, 829, 82, -712, -488, -87, 200, 746, 
-595, 531, 1127, 31, -861, 829, 131, -575, -341, 24, 258, 732, 
-570, 522, 1093, 24, -832, 807, 175, -473, -244, 107, 292, 722, 
-561, 502, 1063, 29, -812, 783, 209, -405, -141, 170, 312, 702, 
-570, 468, 1039, 51, -805, 753, 244, -346, -68, 209, 326, 668, 
-595, 429, 1024, 82, -810, 727, 292, -297, -19, 244, 317, 624, 
-614, 390, 1005, 112, -810, 697, 336, -258, 39, 273, 326, 580, 
-634, 380, 1015, 126, -824, 697, 370, -248, 92, 322, 346, 561, 
-644, 366, 1010, 139, -827, 688, 405, -224, 146, 356, 356, 556, 
-639, 356, 995, 141, -817, 675, 424, -170, 185, 395, 361, 546, 
-639, 336, 976, 151, -807, 656, 429, -141, 209, 414, 361, 541, 
-644, 322, 966, 161, -805, 644, 444, -126, 219, 429, 361, 531, 
-653, 302, 956, 175, -805, 629, 458, -107, 239, 434, 370, 522, 
-658, 297, 956, 180, -807, 627, 468, -107, 239, 434, 370, 522, 
-658, 292, 951, 183, -805, 622, 468, -107, 244, 439, 370, 517, 
-649, 297, 946, 175, -797, 622, 478, -102, 244, 429, 375, 512, 
-649, 297, 946, 175, -797, 622, 492, -107, 253, 429, 375, 512, 
-663, 283, 946, 190, -805, 614, 507, -97, 248, 429, 366, 492, 
-673, 268, 941, 202, -807, 605, 497, -97, 248, 429, 361, 488, 
-678, 258, 936, 209, -807, 597, 492, -92, 248, 429, 356, 488, 
-683, 253, 936, 214, -810, 595, 492, -87, 258, 434, 351, 488, 
-668, 268, 936, 200, -802, 602, 507, -73, 268, 453, 356, 488, 
-658, 273, 932, 192, -795, 602, 512, -63, 273, 453, 361, 492, 
-649, 273, 922, 187, -785, 597, 517, -58, 278, 453, 366, 492, 
-639, 278, 917, 180, -778, 597, 517, -53, 283, 453, 370, 492, 
-629, 283, 912, 173, -771, 597, 512, -58, 283, 453, 370, 488, 
-624, 287, 912, 168, -768, 600, 512, -63, 278, 458, 370, 488, 
-619, 287, 907, 165, -763, 597, 512, -68, 278, 458, 375, 488, 
-614, 292, 907, 161, -761, 600, 507, -73, 278, 463, 375, 488, 
-624, 292, 917, 165, -771, 605, 512, -58, 283, 453, 370, 478, 
-624, 292, 917, 165, -771, 605, 512, -53, 283, 458, 366, 483, 
-624, 287, 912, 168, -768, 600, 512, -53, 283, 458, 361, 483, 
-624, 283, 907, 170, -766, 595, 507, -58, 283, 458, 356, 483, 
-629, 283, 912, 173, -771, 597, 507, -58, 287, 458, 370, 483, 
-629, 278, 907, 175, -768, 592, 507, -58, 287, 463, 370, 483, 
-629, 278, 907, 175, -768, 592, 507, -53, 292, 463, 370, 483, 
-629, 283, 912, 173, -771, 597, 512, -53, 297, 468, 375, 483, 
-619, 292, 912, 163, -766, 602, 502, -53, 287, 468, 366, 483, 
-619, 292, 912, 163, -766, 602, 502, -58, 292, 468, 366, 483, 
-614, 292, 907, 161, -761, 600, 502, -58, 292, 468, 366, 483, 
-614, 292, 907, 161, -761, 600, 502, -53, 297, 468, 366, 483, 
-610, 292, 902, 158, -756, 597, 502, -43, 297, 478, 380, 483, 
-610, 292, 902, 158, -756, 597, 502, -43, 292, 483, 380, 488, 
-605, 292, 897, 156, -751, 595, 502, -43, 292, 483, 380, 488, 
-600, 297, 897, 151, -749, 597, 502, -43, 297, 488, 385, 488, 
-600, 292, 893, 153, -746, 592, 502, -43, 302, 483, 380, 488, 
-600, 292, 893, 153, -746, 592, 502, -43, 302, 483, 380, 488, 
-605, 292, 897, 156, -751, 595, 502, -48, 297, 483, 380, 488, 
-610, 292, 902, 158, -756, 597, 502, -53, 297, 483, 385, 488, 
-600, 297, 897, 151, -749, 597, 492, -43, 287, 483, 385, 488, 
-595, 302, 897, 146, -746, 600, 492, -43, 287, 483, 385, 488, 
-595, 302, 897, 146, -746, 600, 492, -43, 297, 488, 385, 488, 
-590, 302, 893, 143, -741, 597, 492, -43, 297, 488, 385, 488, 
-590, 297, 888, 146, -739, 592, 492, -34, 307, 488, 390, 497, 
-590, 302, 893, 143, -741, 597, 492, -34, 307, 497, 390, 497, 
-590, 302, 893, 143, -741, 597, 492, -29, 307, 497, 390, 497, 
-590, 302, 893, 143, -741, 597, 492, -29, 307, 497, 395, 497, 
-590, 307, 897, 141, -744, 602, 492, -39, 297, 488, 385, 497, 
-585, 307, 893, 139, -739, 600, 492, -39, 297, 492, 390, 497, 
-575, 307, 883, 134, -729, 595, 488, -39, 297, 492, 390, 497, 
-570, 307, 878, 131, -724, 592, 483, -39, 297, 497, 390, 502, 
-561, 307, 868, 126, -714, 588, 492, -34, 312, 497, 400, 492, 
-561, 312, 873, 124, -717, 592, 492, -34, 312, 497, 400, 488, 
-561, 312, 873, 124, -717, 592, 492, -29, 312, 502, 400, 488, 
-561, 312, 873, 124, -717, 592, 492, -24, 312, 507, 409, 497, 
-570, 317, 888, 126, -729, 602, 492, -14, 307, 512, 400, 488, 
-570, 322, 893, 124, -732, 607, 492, -14, 312, 517, 405, 497, 
-570, 326, 897, 122, -734, 612, 492, -14, 312, 522, 405, 497, 
-561, 331, 893, 114, -727, 612, 492, -14, 312, 522, 414, 502, 
-561, 322, 883, 119, -722, 602, 483, -14, 322, 522, 419, 502, 
-561, 326, 888, 117, -724, 607, 483, -14, 322, 522, 419, 502, 
-561, 326, 888, 117, -724, 607, 483, -14, 322, 527, 424, 502, 
-551, 331, 883, 109, -717, 607, 483, -9, 322, 531, 429, 502, 
-561, 336, 897, 112, -729, 617, 483, -19, 326, 531, 429, 502, 
-561, 336, 897, 112, -729, 617, 483, -14, 326, 536, 424, 507, 
-561, 341, 902, 109, -732, 622, 483, -9, 336, 541, 424, 517, 
-561, 346, 907, 107, -734, 627, 483, -4, 336, 546, 434, 517, 
-551, 346, 897, 102, -724, 622, 473, -4, 336, 541, 429, 517, 
-551, 346, 897, 102, -724, 622, 473, -4, 336, 541, 434, 517, 
-546, 346, 893, 100, -719, 619, 473, -4, 346, 551, 439, 517, 
-546, 356, 902, 95, -724, 629, 473, 0, 346, 556, 439, 522, 
-551, 361, 912, 95, -732, 636, 483, 9, 336, 556, 453, 536, 
-551, 366, 917, 92, -734, 641, 483, 9, 341, 561, 458, 536, 
-551, 366, 917, 92, -734, 641, 478, 9, 346, 566, 463, 536, 
-556, 370, 927, 92, -741, 649, 478, 9, 346, 570, 468, 541, 
-541, 380, 922, 80, -732, 651, 483, 9, 361, 585, 473, 546, 
-536, 385, 922, 75, -729, 653, 478, 9, 361, 590, 473, 551, 
-527, 390, 917, 68, -722, 653, 478, 14, 370, 590, 478, 551, 
-522, 405, 927, 58, -724, 666, 478, 14, 370, 590, 483, 551, 
-517, 409, 927, 53, -722, 668, 463, 19, 366, 605, 478, 551, 
-512, 414, 927, 48, -719, 671, 463, 19, 366, 610, 483, 551, 
-512, 419, 932, 46, -722, 675, 463, 19, 370, 614, 483, 561, 
-507, 419, 927, 43, -717, 673, 463, 19, 375, 619, 488, 561, 
-502, 419, 922, 41, -712, 671, 473, 19, 370, 619, 492, 561, 
-502, 429, 932, 36, -717, 680, 473, 24, 375, 619, 497, 566, 
-507, 424, 932, 41, -719, 678, 468, 24, 375, 619, 502, 566, 
-522, 419, 941, 51, -732, 680, 468, 24, 375, 619, 502, 575, 
-517, 434, 951, 41, -734, 692, 478, 24, 380, 624, 497, 575, 
-507, 439, 946, 34, -727, 692, 473, 19, 380, 624, 502, 580, 
-497, 444, 941, 26, -719, 692, 473, 19, 385, 624, 507, 580, 
-492, 448, 941, 21, -717, 695, 473, 19, 385, 624, 512, 580, 
-488, 439, 927, 24, -707, 683, 463, 29, 395, 639, 522, 575, 
-492, 448, 941, 21, -717, 695, 463, 29, 395, 644, 522, 585, 
-502, 453, 956, 24, -729, 705, 463, 29, 400, 644, 522, 585, 
-507, 453, 961, 26, -734, 707, 458, 29, 400, 644, 527, 585, 
-492, 463, 956, 14, -724, 710, 458, 29, 400, 639, 517, 585, 
-492, 468, 961, 12, -727, 714, 458, 29, 400, 639, 522, 590, 
-492, 468, 961, 12, -727, 714, 458, 24, 400, 639, 522, 590, 
-488, 473, 961, 7, -724, 717, 458, 24, 400, 639, 522, 595, 
-478, 473, 951, 2, -714, 712, 444, 14, 390, 629, 512, 595, 
-478, 473, 951, 2, -714, 712, 444, 4, 385, 624, 512, 595, 
-473, 478, 951, -2, -712, 714, 444, 0, 380, 624, 512, 595, 
-473, 483, 956, -4, -714, 719, 444, 0, 375, 624, 512, 600, 
-468, 478, 946, -4, -707, 712, 453, 9, 390, 624, 522, 595, 
-468, 478, 946, -4, -707, 712, 453, 4, 390, 624, 522, 595, 
-473, 478, 951, -2, -712, 714, 448, 0, 390, 624, 527, 595, 
-473, 478, 951, -2, -712, 714, 444, 0, 390, 624, 527, 595, 
-473, 483, 956, -4, -714, 719, 434, 9, 395, 624, 517, 610, 
-468, 483, 951, -7, -710, 717, 429, 0, 395, 624, 517, 610, 
-468, 488, 956, -9, -712, 722, 429, -4, 395, 624, 517, 614, 
-468, 488, 956, -9, -712, 722, 429, -4, 395, 624, 517, 614, 
-468, 488, 956, -9, -712, 722, 424, -9, 385, 634, 527, 624, 
-468, 488, 956, -9, -712, 722, 424, -9, 385, 629, 531, 624, 
-463, 488, 951, -12, -707, 719, 424, -4, 385, 629, 531, 624, 
-463, 492, 956, -14, -710, 724, 424, -4, 385, 629, 531, 629, 
-468, 488, 956, -9, -712, 722, 424, -9, 395, 624, 531, 619, 
-473, 483, 956, -4, -714, 719, 424, -9, 395, 624, 531, 619, 
-478, 473, 951, 2, -714, 712, 429, -9, 400, 624, 531, 619, 
-478, 468, 946, 4, -712, 707, 434, -9, 400, 624, 527, 614, 
-463, 468, 932, -2, -697, 700, 424, -14, 395, 610, 517, 614, 
-463, 468, 932, -2, -697, 700, 424, -19, 390, 610, 512, 610, 
-468, 463, 932, 2, -700, 697, 424, -24, 385, 600, 507, 610, 
-468, 458, 927, 4, -697, 692, 424, -24, 370, 595, 497, 605, 
-463, 458, 922, 2, -692, 690, 434, -14, 380, 590, 483, 590, 
-458, 453, 912, 2, -685, 683, 434, -14, 380, 585, 483, 590, 
-453, 458, 912, -2, -683, 685, 439, -14, 380, 585, 478, 590, 
-448, 453, 902, -2, -675, 678, 444, -14, 380, 585, 473, 590, 
-458, 453, 912, 2, -685, 683, 453, -24, 380, 580, 473, 580, 
-463, 448, 912, 7, -688, 680, 453, -24, 375, 575, 468, 575, 
-468, 448, 917, 9, -692, 683, 453, -29, 370, 566, 458, 575, 
-478, 439, 917, 19, -697, 678, 458, -29, 361, 556, 453, 570, 
-478, 424, 902, 26, -690, 663, 458, -19, 361, 556, 458, 575, 
-478, 419, 897, 29, -688, 658, 458, -24, 356, 546, 444, 570, 
-478, 409, 888, 34, -683, 649, 463, -24, 351, 541, 439, 566, 
-483, 400, 883, 41, -683, 641, 468, -24, 351, 536, 439, 561, 
-483, 390, 873, 46, -678, 631, 458, -24, 336, 527, 429, 556, 
-488, 390, 878, 48, -683, 634, 463, -24, 331, 522, 419, 551, 
-488, 385, 873, 51, -680, 629, 463, -24, 326, 512, 419, 546, 
-497, 380, 878, 58, -688, 629, 458, -24, 322, 507, 414, 536, 
-497, 385, 883, 56, -690, 634, 458, -29, 317, 517, 419, 546, 
-492, 380, 873, 56, -683, 627, 468, -29, 317, 512, 409, 541, 
-492, 370, 863, 61, -678, 617, 473, -29, 317, 507, 409, 536, 
-497, 370, 868, 63, -683, 619, 473, -29, 312, 507, 405, 536, 
-512, 356, 868, 78, -690, 612, 473, -39, 317, 502, 405, 522, 
-512, 356, 868, 78, -690, 612, 473, -39, 317, 497, 400, 522, 
-512, 346, 858, 82, -685, 602, 473, -39, 317, 497, 395, 522, 
-512, 346, 858, 82, -685, 602, 478, -34, 317, 497, 395, 522, 
-512, 346, 858, 82, -685, 602, 478, -34, 312, 492, 400, 522, 
-512, 351, 863, 80, -688, 607, 473, -39, 307, 488, 395, 522, 
-507, 356, 863, 75, -685, 610, 473, -39, 297, 483, 395, 517, 
-497, 361, 858, 68, -678, 610, 478, -39, 297, 483, 395, 517, 
-507, 351, 858, 78, -683, 605, 468, -34, 312, 492, 390, 517, 
-507, 351, 858, 78, -683, 605, 468, -29, 317, 492, 390, 522, 
-507, 346, 854, 80, -680, 600, 473, -29, 317, 492, 390, 522, 
-507, 346, 854, 80, -680, 600, 473, -39, 307, 492, 390, 517, 
-512, 346, 858, 82, -685, 602, 478, -39, 297, 483, 380, 507, 
-512, 346, 858, 82, -685, 602, 478, -39, 297, 478, 380, 507, 
-512, 346, 858, 82, -685, 602, 478, -39, 297, 478, 380, 507, 
-512, 346, 858, 82, -685, 602, 478, -39, 302, 478, 380, 507, 
-502, 346, 849, 78, -675, 597, 478, -29, 302, 478, 380, 502, 
-502, 346, 849, 78, -675, 597, 478, -29, 302, 473, 380, 502, 
-502, 346, 849, 78, -675, 597, 478, -29, 302, 473, 380, 497, 
-502, 346, 849, 78, -675, 597, 478, -29, 302, 478, 380, 497, 
-502, 346, 849, 78, -675, 597, 478, -29, 302, 478, 370, 507, 
-502, 341, 844, 80, -673, 592, 478, -29, 302, 478, 370, 507, 
-502, 336, 839, 82, -671, 588, 478, -29, 302, 478, 370, 512, 
-502, 336, 839, 82, -671, 588, 473, -29, 302, 478, 370, 512, 
-492, 341, 834, 75, -663, 588, 483, -19, 302, 488, 380, 522, 
-492, 346, 839, 73, -666, 592, 488, -24, 302, 488, 380, 522, 
-492, 346, 839, 73, -666, 592, 492, -24, 302, 488, 380, 517, 
-492, 346, 839, 73, -666, 592, 492, -24, 302, 488, 380, 512, 
-492, 346, 839, 73, -666, 592, 483, -14, 302, 478, 385, 512, 
-492, 346, 839, 73, -666, 592, 483, -14, 302, 478, 385, 512, 
-497, 346, 844, 75, -671, 595, 483, -14, 307, 483, 385, 517, 
-497, 346, 844, 75, -671, 595, 483, -14, 307, 483, 385, 517, 
-502, 356, 858, 73, -680, 607, 478, -19, 307, 492, 375, 507, 
-502, 356, 858, 73, -680, 607, 478, -19, 302, 492, 375, 507, 
-502, 351, 854, 75, -678, 602, 478, -19, 302, 492, 375, 507, 
-502, 351, 854, 75, -678, 602, 483, -19, 302, 492, 375, 507, 
-512, 346, 858, 82, -685, 602, 488, -9, 302, 483, 375, 507, 
-512, 341, 854, 85, -683, 597, 488, -9, 302, 483, 375, 507, 
-512, 336, 849, 87, -680, 592, 492, -9, 302, 483, 375, 507, 
-512, 331, 844, 90, -678, 588, 497, -9, 302, 483, 375, 507, 
-502, 326, 829, 87, -666, 578, 488, -19, 292, 483, 375, 497, 
-502, 326, 829, 87, -666, 578, 488, -19, 292, 483, 375, 497, 
-502, 326, 829, 87, -666, 578, 488, -19, 287, 483, 375, 497, 
-502, 326, 829, 87, -666, 578, 488, -19, 287, 483, 375, 497, 
-512, 336, 849, 87, -680, 592, 488, -14, 283, 492, 375, 497, 
-512, 336, 849, 87, -680, 592, 492, -9, 287, 492, 375, 497, 
-517, 336, 854, 90, -685, 595, 492, -4, 292, 492, 375, 497, 
-517, 336, 854, 90, -685, 595, 492, 0, 297, 492, 375, 497, 
-512, 336, 849, 87, -680, 592, 497, 0, 297, 488, 375, 502, 
-512, 336, 849, 87, -680, 592, 497, 0, 302, 483, 375, 502, 
-512, 336, 849, 87, -680, 592, 497, 0, 302, 478, 375, 502, 
-512, 336, 849, 87, -680, 592, 492, 0, 302, 473, 375, 502, 
-507, 341, 849, 82, -678, 595, 492, 0, 292, 483, 375, 502, 
-502, 341, 844, 80, -673, 592, 492, 0, 287, 483, 375, 502, 
-497, 346, 844, 75, -671, 595, 492, 0, 287, 483, 370, 502, 
-497, 346, 844, 75, -671, 595, 492, 0, 287, 483, 370, 502, 
-502, 341, 844, 80, -673, 592, 497, 4, 297, 468, 370, 497, 
-507, 336, 844, 85, -675, 590, 497, 9, 297, 468, 370, 492, 
-512, 336, 849, 87, -680, 592, 497, 9, 297, 468, 370, 483, 
-517, 331, 849, 92, -683, 590, 497, 14, 297, 468, 366, 478, 
-527, 317, 844, 104, -685, 580, 497, 4, 292, 468, 356, 473, 
-531, 317, 849, 107, -690, 583, 492, 4, 287, 468, 356, 473, 
-536, 312, 849, 112, -692, 580, 492, 4, 287, 463, 356, 473, 
-536, 312, 849, 112, -692, 580, 492, 4, 283, 463, 356, 473, 
-517, 322, 839, 97, -678, 580, 492, 14, 292, 473, 366, 483, 
-517, 326, 844, 95, -680, 585, 497, 14, 292, 473, 361, 483, 
-522, 322, 844, 100, -683, 583, 497, 14, 287, 468, 361, 483, 
-522, 317, 839, 102, -680, 578, 497, 9, 287, 468, 361, 483, 
-517, 317, 834, 100, -675, 575, 497, 14, 287, 458, 351, 483, 
-517, 322, 839, 97, -678, 580, 497, 14, 287, 458, 351, 483, 
-517, 322, 839, 97, -678, 580, 497, 14, 287, 458, 346, 473, 
-517, 317, 834, 100, -675, 575, 497, 9, 287, 458, 346, 473, 
-517, 307, 824, 104, -671, 566, 497, 19, 273, 468, 351, 478, 
-512, 307, 819, 102, -666, 563, 497, 19, 273, 463, 351, 478, 
-512, 307, 819, 102, -666, 563, 497, 24, 273, 463, 351, 478, 
-512, 307, 819, 102, -666, 563, 497, 24, 273, 463, 351, 473, 
-517, 312, 829, 102, -673, 570, 507, 19, 283, 453, 356, 478, 
-517, 312, 829, 102, -673, 570, 507, 19, 283, 448, 356, 478, 
-517, 317, 834, 100, -675, 575, 507, 19, 283, 448, 356, 478, 
-512, 317, 829, 97, -671, 573, 507, 19, 283, 448, 351, 478, 
-522, 312, 834, 104, -678, 573, 507, 14, 292, 448, 341, 478, 
-522, 312, 834, 104, -678, 573, 512, 19, 287, 448, 346, 478, 
-522, 307, 829, 107, -675, 568, 512, 24, 287, 448, 346, 478, 
-522, 302, 824, 109, -673, 563, 512, 29, 287, 448, 346, 473, 
-522, 312, 834, 104, -678, 573, 502, 29, 283, 448, 336, 463, 
-522, 312, 834, 104, -678, 573, 502, 34, 278, 448, 331, 468, 
-522, 307, 829, 107, -675, 568, 502, 34, 273, 448, 331, 468, 
-522, 307, 829, 107, -675, 568, 502, 34, 268, 448, 336, 468, 
-527, 302, 829, 112, -678, 566, 507, 43, 268, 448, 336, 458, 
-527, 302, 829, 112, -678, 566, 507, 39, 268, 448, 336, 458, 
-527, 302, 829, 112, -678, 566, 507, 39, 263, 448, 336, 458, 
-527, 307, 834, 109, -680, 570, 507, 39, 263, 444, 336, 458, 
-517, 307, 824, 104, -671, 566, 507, 48, 268, 453, 336, 468, 
-517, 297, 814, 109, -666, 556, 507, 48, 273, 453, 331, 463, 
-517, 292, 810, 112, -663, 551, 507, 48, 278, 453, 331, 463, 
-517, 292, 810, 112, -663, 551, 507, 48, 283, 453, 331, 463, 
-527, 292, 819, 117, -673, 556, 497, 39, 273, 444, 331, 453, 
-527, 292, 819, 117, -673, 556, 497, 39, 273, 444, 331, 453, 
-527, 292, 819, 117, -673, 556, 497, 39, 273, 444, 331, 453, 
-527, 297, 824, 114, -675, 561, 507, 43, 278, 444, 331, 453, 
-527, 307, 834, 109, -680, 570, 517, 48, 283, 453, 336, 463, 
-527, 312, 839, 107, -683, 575, 517, 48, 287, 453, 341, 463, 
-527, 317, 844, 104, -685, 580, 512, 53, 292, 453, 346, 463, 
-531, 326, 858, 102, -695, 592, 512, 58, 297, 453, 351, 463, 
-522, 331, 854, 95, -688, 592, 512, 63, 307, 463, 366, 458, 
-522, 336, 858, 92, -690, 597, 517, 63, 307, 468, 366, 463, 
-522, 341, 863, 90, -692, 602, 517, 63, 312, 468, 366, 463, 
-517, 346, 863, 85, -690, 605, 517, 63, 312, 468, 366, 468, 
-512, 351, 863, 80, -688, 607, 517, 68, 312, 473, 361, 478, 
-512, 351, 863, 80, -688, 607, 517, 68, 317, 478, 366, 478, 
-512, 351, 863, 80, -688, 607, 517, 68, 322, 483, 370, 478, 
-512, 356, 868, 78, -690, 612, 517, 68, 326, 483, 370, 478, 
-502, 375, 878, 63, -690, 627, 527, 78, 322, 488, 380, 492, 
-492, 385, 878, 53, -685, 631, 517, 78, 322, 488, 380, 502, 
-492, 366, 858, 63, -675, 612, 507, 78, 322, 492, 380, 502, 
-512, 366, 878, 73, -695, 622, 517, 87, 331, 492, 390, 502, 
-517, 361, 878, 78, -697, 619, 517, 87, 331, 488, 390, 497, 
-507, 361, 868, 73, -688, 614, 507, 87, 331, 488, 390, 488, 
-507, 361, 868, 73, -688, 614, 507, 87, 331, 488, 390, 488, 
-507, 361, 868, 73, -688, 614, 507, 87, 331, 488, 390, 488, 
-507, 361, 868, 73, -688, 614, 507, 87, 331, 488, 390, 488, 
-517, 361, 878, 78, -697, 619, 517, 78, 331, 483, 385, 483, 
-517, 361, 878, 78, -697, 619, 512, 78, 326, 483, 380, 483, 
-517, 361, 878, 78, -697, 619, 512, 78, 322, 488, 375, 483, 
-512, 361, 873, 75, -692, 617, 507, 78, 322, 488, 370, 483, 
-507, 361, 868, 73, -688, 614, 507, 87, 331, 488, 380, 488, 
-517, 361, 878, 78, -697, 619, 507, 87, 331, 488, 380, 488, 
-517, 356, 873, 80, -695, 614, 507, 87, 326, 488, 380, 488, 
-517, 351, 868, 82, -692, 610, 507, 87, 317, 483, 380, 483, 
-512, 361, 873, 75, -692, 617, 507, 87, 317, 492, 370, 473, 
-512, 356, 868, 78, -690, 612, 507, 87, 312, 488, 370, 473, 
-512, 351, 863, 80, -688, 607, 507, 87, 302, 483, 366, 473, 
-512, 351, 863, 80, -688, 607, 502, 92, 297, 478, 366, 473, 
-507, 361, 868, 73, -688, 614, 492, 92, 278, 478, 361, 473, 
-507, 356, 863, 75, -685, 610, 492, 87, 273, 473, 361, 473, 
-502, 351, 854, 75, -678, 602, 497, 87, 268, 473, 361, 473, 
-502, 351, 854, 75, -678, 602, 502, 92, 268, 468, 361, 473, 
-502, 336, 839, 82, -671, 588, 502, 97, 268, 468, 361, 473, 
-502, 336, 839, 82, -671, 588, 502, 97, 268, 468, 361, 473, 
-502, 336, 839, 82, -671, 588, 502, 97, 268, 463, 356, 473, 
-502, 336, 839, 82, -671, 588, 507, 97, 273, 463, 351, 468, 
-497, 322, 819, 87, -658, 570, 527, 102, 273, 453, 351, 478, 
-517, 322, 839, 97, -678, 580, 527, 107, 278, 458, 351, 478, 
-517, 312, 829, 102, -673, 570, 531, 112, 278, 458, 351, 478, 
-522, 307, 829, 107, -675, 568, 531, 117, 278, 458, 351, 473, 
-531, 302, 834, 114, -683, 568, 522, 117, 287, 468, 356, 468, 
-531, 302, 834, 114, -683, 568, 522, 112, 278, 453, 346, 463, 
-531, 297, 829, 117, -680, 563, 522, 112, 268, 448, 341, 463, 
-536, 297, 834, 119, -685, 566, 527, 112, 268, 448, 341, 463, 
-527, 307, 834, 109, -680, 570, 527, 107, 258, 439, 336, 453, 
-527, 297, 824, 114, -675, 561, 527, 107, 258, 439, 331, 448, 
-527, 292, 819, 117, -673, 556, 527, 102, 258, 434, 317, 448, 
-531, 292, 824, 119, -678, 558, 531, 102, 248, 424, 307, 448, 
-541, 297, 839, 122, -690, 568, 536, 102, 253, 429, 317, 444, 
-541, 287, 829, 126, -685, 558, 541, 107, 253, 429, 317, 444, 
-536, 283, 819, 126, -678, 551, 551, 117, 253, 429, 317, 444, 
-536, 283, 819, 126, -678, 551, 561, 122, 258, 424, 317, 448, 
-527, 278, 805, 124, -666, 541, 551, 126, 248, 424, 307, 444, 
-527, 278, 805, 124, -666, 541, 546, 126, 248, 424, 307, 439, 
-527, 278, 805, 124, -666, 541, 546, 122, 248, 424, 307, 434, 
-531, 278, 810, 126, -671, 544, 546, 122, 244, 424, 307, 429, 
-536, 263, 800, 136, -668, 531, 546, 122, 234, 424, 307, 439, 
-546, 253, 800, 146, -673, 527, 551, 122, 234, 419, 302, 439, 
-546, 253, 800, 146, -673, 527, 551, 122, 234, 419, 302, 439, 
-531, 258, 790, 136, -661, 524, 551, 122, 234, 424, 307, 434, 
-536, 253, 790, 141, -663, 522, 551, 131, 224, 419, 302, 419, 
-541, 248, 790, 146, -666, 519, 551, 131, 219, 414, 292, 419, 
-546, 244, 790, 151, -668, 517, 551, 131, 214, 405, 287, 414, 
-551, 239, 790, 156, -671, 514, 546, 131, 214, 395, 283, 409, 
-546, 248, 795, 148, -671, 522, 536, 141, 204, 400, 292, 419, 
-541, 253, 795, 143, -668, 524, 541, 141, 200, 409, 292, 419, 
-536, 258, 795, 139, -666, 527, 541, 141, 200, 414, 292, 419, 
-531, 263, 795, 134, -663, 529, 541, 141, 200, 419, 292, 419, 
-541, 253, 795, 143, -668, 524, 551, 131, 214, 419, 292, 414, 
-546, 248, 795, 148, -671, 522, 556, 131, 214, 419, 292, 414, 
-546, 248, 795, 148, -671, 522, 556, 131, 214, 419, 287, 414, 
-541, 248, 790, 146, -666, 519, 556, 131, 209, 419, 287, 414, 
-531, 258, 790, 136, -661, 524, 551, 136, 209, 409, 297, 414, 
-531, 253, 785, 139, -658, 519, 551, 141, 214, 414, 297, 419, 
-531, 253, 785, 139, -658, 519, 551, 146, 214, 414, 297, 419, 
-531, 253, 785, 139, -658, 519, 551, 151, 214, 414, 297, 419, 
-522, 253, 775, 134, -649, 514, 551, 151, 214, 424, 297, 424, 
-527, 253, 780, 136, -653, 517, 551, 151, 214, 424, 302, 424, 
-527, 253, 780, 136, -653, 517, 556, 146, 214, 419, 302, 424, 
-527, 253, 780, 136, -653, 517, 556, 146, 214, 419, 302, 424, 
-531, 244, 775, 143, -653, 509, 556, 161, 204, 419, 292, 419, 
-531, 248, 780, 141, -656, 514, 556, 161, 200, 419, 292, 419, 
-536, 248, 785, 143, -661, 517, 556, 161, 200, 419, 292, 419, 
-541, 248, 790, 146, -666, 519, 556, 161, 200, 419, 292, 419, 
-531, 244, 775, 143, -653, 509, 556, 170, 200, 409, 292, 414, 
-531, 244, 775, 143, -653, 509, 556, 170, 200, 409, 292, 414, 
-531, 244, 775, 143, -653, 509, 556, 170, 200, 409, 292, 414, 
-531, 248, 780, 141, -656, 514, 556, 170, 200, 409, 292, 414, 
-522, 258, 780, 131, -651, 519, 546, 170, 204, 419, 283, 405, 
-522, 258, 780, 131, -651, 519, 546, 170, 209, 419, 283, 405, 
-522, 258, 780, 131, -651, 519, 546, 170, 214, 419, 283, 405, 
-522, 258, 780, 131, -651, 519, 551, 170, 219, 419, 283, 405, 
-507, 248, 756, 129, -631, 502, 551, 180, 209, 409, 292, 414, 
-507, 248, 756, 129, -631, 502, 546, 180, 209, 409, 292, 414, 
-507, 248, 756, 129, -631, 502, 546, 180, 209, 409, 292, 414, 
-507, 248, 756, 129, -631, 502, 546, 185, 214, 414, 292, 414, 
-517, 248, 766, 134, -641, 507, 556, 175, 224, 419, 292, 414, 
-517, 248, 766, 134, -641, 507, 556, 175, 224, 419, 292, 419, 
-517, 248, 766, 134, -641, 507, 556, 175, 224, 419, 292, 419, 
-517, 248, 766, 134, -641, 507, 556, 175, 224, 419, 292, 414, 
-517, 248, 766, 134, -641, 507, 546, 185, 229, 419, 302, 414, 
-497, 258, 756, 119, -627, 507, 541, 190, 229, 419, 302, 414, 
-497, 258, 756, 119, -627, 507, 561, 200, 234, 419, 302, 414, 
-522, 248, 771, 136, -646, 509, 566, 200, 248, 424, 292, 409, 
-536, 248, 785, 143, -661, 517, 561, 209, 258, 419, 283, 390, 
-551, 244, 795, 153, -673, 519, 580, 219, 263, 409, 268, 380, 
-541, 244, 785, 148, -663, 514, 605, 239, 283, 414, 258, 370, 
-527, 253, 780, 136, -653, 517, 619, 273, 312, 444, 268, 370, 
-527, 253, 780, 136, -653, 517, 624, 302, 351, 478, 302, 380, 
-531, 248, 780, 141, -656, 514, 639, 336, 390, 517, 326, 385, 
-527, 229, 756, 148, -641, 492, 663, 390, 414, 556, 351, 395, 
-497, 224, 722, 136, -610, 473, 668, 478, 434, 629, 409, 424, 
-444, 229, 673, 107, -558, 451, 653, 585, 463, 746, 502, 458, 
-380, 229, 610, 75, -495, 419, 658, 712, 517, 873, 610, 522, 
-297, 273, 570, 12, -434, 422, 653, 829, 546, 1039, 766, 619, 
-190, 380, 570, -95, -380, 475, 595, 897, 556, 1224, 980, 766, 
-78, 507, 585, -214, -331, 546, 507, 907, 561, 1395, 1200, 946, 
53, 658, 605, -356, -275, 631, 380, 868, 512, 1566, 1420, 1141, 
180, 819, 639, -500, -229, 729, 209, 771, 405, 1712, 1644, 1346, 
273, 985, 712, -629, -219, 849, 24, 639, 312, 1795, 1825, 1537, 
366, 1161, 795, -763, -214, 978, -102, 541, 278, 1834, 1937, 1683, 
444, 1278, 834, -861, -195, 1056, -180, 488, 209, 1790, 1961, 1751, 
434, 1268, 834, -851, -200, 1051, -204, 400, 102, 1634, 1844, 1747, 
336, 1190, 854, -763, -258, 1022, -204, 209, 9, 1371, 1625, 1664, 
219, 1156, 936, -688, -358, 1046, -204, -78, -68, 1102, 1400, 1571, 
107, 1141, 1034, -624, -463, 1088, -204, -351, -175, 854, 1205, 1473, 
4, 1078, 1073, -541, -534, 1076, -156, -546, -317, 546, 961, 1351, 
-126, 971, 1098, -422, -612, 1034, -92, -741, -448, 156, 634, 1171, 
-263, 858, 1122, -297, -692, 990, -34, -883, -527, -175, 336, 1000, 
-366, 766, 1132, -200, -749, 949, 9, -902, -585, -322, 156, 868, 
-419, 678, 1098, -129, -758, 888, 58, -858, -658, -400, 29, 746, 
-458, 605, 1063, -73, -761, 834, 107, -819, -712, -453, -63, 634, 
-488, 546, 1034, -29, -761, 790, 112, -756, -751, -439, -97, 566, 
-488, 492, 980, -2, -734, 736, 82, -653, -771, -370, -73, 541, 
-478, 483, 961, -2, -719, 722, 112, -517, -683, -268, -24, 527, 
-453, 473, 927, -9, -690, 700, 165, -366, -527, -136, 29, 517, 
-444, 453, 897, -4, -671, 675, 229, -229, -385, -34, 87, 507, 
-434, 448, 883, -7, -658, 666, 292, -112, -273, 53, 131, 502, 
-429, 429, 858, 0, -644, 644, 351, -4, -165, 126, 170, 497, 
-439, 380, 819, 29, -629, 600, 385, 63, -87, 175, 180, 463, 
-429, 361, 790, 34, -610, 575, 409, 112, -34, 214, 180, 424, 
-409, 366, 775, 21, -592, 570, 434, 146, 19, 258, 209, 409, 
-414, 366, 780, 24, -597, 573, 444, 151, 68, 297, 234, 400, 
-424, 346, 771, 39, -597, 558, 458, 161, 112, 336, 253, 405, 
-439, 322, 761, 58, -600, 541, 483, 185, 151, 370, 273, 405, 
-448, 312, 761, 68, -605, 536, 497, 204, 170, 395, 283, 405, 
-463, 287, 751, 87, -607, 519, 497, 224, 170, 405, 283, 405, 
-483, 273, 756, 104, -619, 514, 517, 234, 175, 400, 273, 400, 
-463, 278, 741, 92, -602, 509, 546, 258, 204, 409, 268, 385, 
-444, 297, 741, 73, -592, 519, 551, 273, 224, 419, 278, 385, 
-448, 297, 746, 75, -597, 522, 556, 273, 229, 419, 273, 366, 
-458, 287, 746, 85, -602, 517, 546, 273, 229, 419, 273, 361, 
-463, 283, 746, 90, -605, 514, 541, 278, 229, 419, 273, 361, 
-468, 283, 751, 92, -610, 517, 541, 283, 239, 424, 273, 361, 
-463, 283, 746, 90, -605, 514, 536, 283, 234, 434, 273, 370, 
-463, 283, 746, 90, -605, 514, 541, 287, 234, 434, 273, 375, 
-463, 278, 741, 92, -602, 509, 546, 287, 234, 434, 273, 375, 
-463, 278, 741, 92, -602, 509, 546, 287, 234, 434, 273, 375, 
-458, 268, 727, 95, -592, 497, 546, 292, 248, 424, 263, 361, 
-458, 268, 727, 95, -592, 497, 551, 297, 248, 429, 263, 361, 
-458, 263, 722, 97, -590, 492, 556, 302, 253, 429, 268, 361, 
-458, 263, 722, 97, -590, 492, 556, 307, 258, 434, 268, 361, 
-458, 268, 727, 95, -592, 497, 551, 302, 253, 444, 273, 361, 
-458, 273, 732, 92, -595, 502, 551, 307, 253, 448, 278, 366, 
-458, 273, 732, 92, -595, 502, 551, 307, 253, 448, 283, 366, 
-458, 273, 732, 92, -595, 502, 546, 302, 253, 448, 287, 366, 
-453, 283, 736, 85, -595, 509, 556, 317, 253, 458, 292, 375, 
-453, 278, 732, 87, -592, 505, 556, 322, 258, 463, 292, 375, 
-453, 278, 732, 87, -592, 505, 556, 331, 268, 463, 292, 375, 
-453, 283, 736, 85, -595, 509, 561, 336, 278, 468, 297, 375, 
-463, 273, 736, 95, -600, 505, 561, 346, 278, 468, 297, 385, 
-463, 273, 736, 95, -600, 505, 561, 341, 283, 468, 297, 385, 
-458, 273, 732, 92, -595, 502, 561, 341, 283, 468, 297, 385, 
-458, 273, 732, 92, -595, 502, 561, 346, 287, 468, 297, 385, 
-463, 283, 746, 90, -605, 514, 551, 346, 278, 458, 302, 385, 
-463, 283, 746, 90, -605, 514, 551, 346, 273, 463, 302, 390, 
-458, 283, 741, 87, -600, 512, 551, 346, 273, 463, 302, 390, 
-453, 287, 741, 82, -597, 514, 551, 346, 278, 468, 307, 390, 
-444, 302, 746, 70, -595, 524, 551, 356, 292, 483, 322, 400, 
-444, 302, 746, 70, -595, 524, 551, 366, 292, 483, 322, 400, 
-448, 302, 751, 73, -600, 527, 551, 370, 287, 483, 322, 400, 
-453, 302, 756, 75, -605, 529, 551, 375, 287, 483, 326, 400, 
-453, 297, 751, 78, -602, 524, 551, 366, 287, 473, 326, 400, 
-448, 302, 751, 73, -600, 527, 551, 366, 287, 473, 326, 400, 
-448, 302, 751, 73, -600, 527, 551, 366, 297, 478, 326, 400, 
-444, 302, 746, 70, -595, 524, 551, 366, 297, 478, 326, 400, 
-444, 317, 761, 63, -602, 539, 541, 370, 292, 478, 322, 400, 
-444, 322, 766, 61, -605, 544, 541, 375, 287, 488, 322, 400, 
-444, 322, 766, 61, -605, 544, 541, 385, 283, 488, 322, 400, 
-444, 322, 766, 61, -605, 544, 541, 390, 278, 488, 326, 400, 
-458, 326, 785, 65, -622, 556, 551, 395, 283, 497, 336, 409, 
-458, 326, 785, 65, -622, 556, 551, 400, 287, 502, 341, 409, 
-453, 326, 780, 63, -617, 553, 546, 405, 292, 502, 341, 409, 
-453, 326, 780, 63, -617, 553, 541, 409, 297, 507, 341, 414, 
-463, 317, 780, 73, -622, 549, 551, 414, 302, 497, 331, 414, 
-463, 322, 785, 70, -624, 553, 551, 414, 302, 497, 331, 409, 
-463, 322, 785, 70, -624, 553, 551, 419, 302, 502, 331, 409, 
-463, 322, 785, 70, -624, 553, 551, 424, 302, 507, 341, 419, 
-473, 326, 800, 73, -636, 563, 541, 424, 307, 512, 331, 419, 
-473, 331, 805, 70, -639, 568, 541, 424, 312, 517, 336, 429, 
-473, 336, 810, 68, -641, 573, 541, 424, 312, 522, 336, 429, 
-463, 341, 805, 61, -634, 573, 541, 424, 312, 522, 346, 434, 
-473, 331, 805, 70, -639, 568, 541, 434, 322, 531, 361, 444, 
-473, 336, 810, 68, -641, 573, 541, 434, 322, 531, 361, 444, 
-473, 336, 810, 68, -641, 573, 541, 434, 322, 536, 366, 444, 
-463, 341, 805, 61, -634, 573, 541, 439, 322, 541, 370, 444, 
-463, 356, 819, 53, -641, 588, 536, 439, 317, 531, 370, 444, 
-463, 356, 819, 53, -641, 588, 531, 444, 317, 536, 366, 448, 
-463, 361, 824, 51, -644, 592, 527, 448, 326, 541, 366, 458, 
-463, 366, 829, 48, -646, 597, 522, 453, 326, 546, 375, 458, 
-458, 370, 829, 43, -644, 600, 527, 458, 317, 561, 380, 468, 
-453, 375, 829, 39, -641, 602, 531, 463, 317, 561, 385, 468, 
-444, 380, 824, 31, -634, 602, 536, 468, 326, 570, 390, 468, 
-439, 395, 834, 21, -636, 614, 541, 478, 326, 575, 390, 473, 
-434, 390, 824, 21, -629, 607, 541, 488, 336, 575, 405, 478, 
-434, 395, 829, 19, -631, 612, 541, 488, 341, 580, 409, 478, 
-434, 395, 829, 19, -631, 612, 536, 488, 346, 585, 414, 478, 
-439, 400, 839, 19, -639, 619, 536, 488, 346, 590, 419, 483, 
-444, 405, 849, 19, -646, 627, 531, 488, 341, 585, 414, 497, 
-448, 405, 854, 21, -651, 629, 527, 488, 341, 590, 414, 502, 
-448, 405, 854, 21, -651, 629, 527, 492, 351, 590, 419, 502, 
-453, 414, 868, 19, -661, 641, 527, 492, 351, 590, 424, 502, 
-448, 419, 868, 14, -658, 644, 512, 497, 346, 595, 429, 507, 
-444, 424, 868, 9, -656, 646, 512, 497, 346, 600, 434, 502, 
-444, 429, 873, 7, -658, 651, 512, 497, 351, 605, 434, 507, 
-439, 429, 868, 4, -653, 649, 512, 497, 356, 610, 439, 502, 
-429, 424, 854, 2, -641, 639, 512, 507, 361, 624, 434, 512, 
-424, 439, 863, -7, -644, 651, 512, 512, 366, 629, 439, 517, 
-424, 439, 863, -7, -644, 651, 507, 512, 366, 634, 444, 517, 
-434, 439, 873, -2, -653, 656, 507, 512, 366, 639, 444, 527, 
-434, 448, 883, -7, -658, 666, 507, 517, 370, 644, 458, 527, 
-429, 458, 888, -14, -658, 673, 502, 517, 370, 644, 463, 531, 
-424, 468, 893, -21, -658, 680, 502, 522, 375, 644, 468, 531, 
-424, 478, 902, -26, -663, 690, 502, 527, 375, 644, 473, 531, 
-414, 478, 893, -31, -653, 685, 492, 527, 366, 639, 483, 536, 
-414, 488, 902, -36, -658, 695, 492, 527, 366, 644, 483, 546, 
-419, 492, 912, -36, -666, 702, 492, 527, 370, 644, 483, 546, 
-419, 492, 912, -36, -666, 702, 488, 527, 370, 644, 488, 546, 
-419, 483, 902, -31, -661, 692, 488, 527, 380, 649, 478, 546, 
-424, 488, 912, -31, -668, 700, 488, 527, 380, 649, 483, 551, 
-429, 488, 917, -29, -673, 702, 488, 522, 380, 649, 483, 551, 
-429, 492, 922, -31, -675, 707, 488, 522, 380, 649, 483, 556, 
-439, 492, 932, -26, -685, 712, 473, 531, 375, 649, 483, 566, 
-439, 492, 932, -26, -685, 712, 473, 522, 375, 644, 483, 566, 
-434, 497, 932, -31, -683, 714, 473, 517, 375, 644, 483, 566, 
-434, 502, 936, -34, -685, 719, 473, 517, 375, 644, 483, 570, 
-419, 507, 927, -43, -673, 717, 473, 517, 380, 634, 483, 566, 
-419, 507, 927, -43, -673, 717, 473, 512, 380, 634, 483, 566, 
-424, 507, 932, -41, -678, 719, 468, 507, 380, 634, 488, 566, 
-424, 507, 932, -41, -678, 719, 463, 507, 380, 634, 488, 566, 
-414, 517, 932, -51, -673, 724, 473, 512, 375, 644, 488, 580, 
-409, 522, 932, -56, -671, 727, 468, 507, 375, 644, 488, 580, 
-409, 531, 941, -61, -675, 736, 468, 507, 375, 644, 488, 585, 
-409, 536, 946, -63, -678, 741, 468, 512, 375, 644, 488, 585, 
-400, 546, 946, -73, -673, 746, 463, 507, 366, 644, 497, 585, 
-400, 546, 946, -73, -673, 746, 463, 507, 366, 639, 502, 585, 
-395, 546, 941, -75, -668, 744, 463, 512, 366, 639, 502, 585, 
-395, 551, 946, -78, -671, 749, 463, 512, 366, 639, 502, 590, 
-395, 561, 956, -82, -675, 758, 463, 517, 375, 644, 502, 590, 
-395, 561, 956, -82, -675, 758, 463, 517, 375, 644, 502, 590, 
-395, 556, 951, -80, -673, 753, 468, 517, 380, 644, 502, 590, 
-390, 556, 946, -82, -668, 751, 473, 517, 380, 644, 497, 585, 
-385, 546, 932, -80, -658, 739, 463, 522, 390, 639, 497, 595, 
-385, 546, 932, -80, -658, 739, 463, 517, 390, 639, 492, 590, 
-390, 541, 932, -75, -661, 736, 463, 512, 390, 629, 488, 590, 
-390, 536, 927, -73, -658, 732, 463, 512, 380, 624, 478, 585, 
-414, 522, 936, -53, -675, 729, 473, 522, 390, 610, 463, 575, 
-419, 512, 932, -46, -675, 722, 473, 522, 390, 605, 463, 570, 
-424, 512, 936, -43, -680, 724, 478, 522, 390, 605, 458, 566, 
-429, 502, 932, -36, -680, 717, 483, 522, 390, 605, 453, 561, 
-419, 502, 922, -41, -671, 712, 492, 536, 390, 610, 463, 561, 
-424, 497, 922, -36, -673, 710, 492, 541, 385, 605, 458, 556, 
-429, 497, 927, -34, -678, 712, 492, 541, 380, 595, 448, 556, 
-439, 488, 927, -24, -683, 707, 497, 546, 370, 585, 444, 551, 
-448, 483, 932, -17, -690, 707, 497, 546, 380, 580, 439, 546, 
-448, 478, 927, -14, -688, 702, 497, 541, 375, 575, 424, 541, 
-448, 468, 917, -9, -683, 692, 502, 541, 370, 575, 419, 536, 
-453, 458, 912, -2, -683, 685, 507, 541, 370, 575, 419, 531, 
-463, 448, 912, 7, -688, 680, 517, 551, 370, 566, 400, 517, 
-468, 448, 917, 9, -692, 683, 522, 551, 370, 561, 390, 512, 
-468, 444, 912, 12, -690, 678, 522, 551, 370, 551, 390, 507, 
-478, 439, 917, 19, -697, 678, 517, 551, 370, 546, 385, 497, 
-468, 434, 902, 17, -685, 668, 507, 546, 366, 546, 390, 497, 
-463, 429, 893, 17, -678, 661, 517, 546, 366, 541, 380, 492, 
-463, 419, 883, 21, -673, 651, 522, 546, 366, 536, 380, 488, 
-468, 419, 888, 24, -678, 653, 522, 546, 361, 536, 375, 488, 
-473, 424, 897, 24, -685, 661, 531, 546, 356, 531, 366, 483, 
-473, 424, 897, 24, -685, 661, 531, 546, 356, 527, 361, 483, 
-473, 414, 888, 29, -680, 651, 531, 546, 356, 527, 356, 483, 
-473, 414, 888, 29, -680, 651, 536, 551, 356, 527, 356, 483, 
-488, 400, 888, 43, -688, 644, 546, 551, 341, 522, 351, 473, 
-492, 400, 893, 46, -692, 646, 541, 546, 336, 517, 346, 473, 
-492, 400, 893, 46, -692, 646, 541, 546, 326, 512, 346, 468, 
-488, 400, 888, 43, -688, 644, 546, 546, 326, 512, 346, 468, 
-488, 400, 888, 43, -688, 644, 536, 541, 336, 512, 341, 458, 
-488, 400, 888, 43, -688, 644, 536, 546, 346, 512, 341, 463, 
-488, 395, 883, 46, -685, 639, 541, 546, 351, 512, 341, 463, 
-488, 395, 883, 46, -685, 639, 541, 536, 346, 512, 341, 458, 
-468, 405, 873, 31, -671, 639, 536, 541, 346, 522, 346, 468, 
-463, 414, 878, 24, -671, 646, 536, 546, 346, 517, 351, 468, 
-458, 424, 883, 17, -671, 653, 536, 551, 346, 517, 356, 468, 
-453, 434, 888, 9, -671, 661, 536, 556, 351, 517, 361, 468, 
-463, 424, 888, 19, -675, 656, 546, 566, 346, 517, 351, 473, 
-463, 424, 888, 19, -675, 656, 546, 566, 341, 512, 351, 473, 
-463, 424, 888, 19, -675, 656, 546, 566, 336, 512, 351, 468, 
-463, 424, 888, 19, -675, 656, 546, 566, 331, 517, 351, 468, 
-453, 434, 888, 9, -671, 661, 536, 575, 336, 527, 351, 468, 
-453, 429, 883, 12, -668, 656, 536, 575, 341, 527, 351, 468, 
-453, 424, 878, 14, -666, 651, 536, 575, 346, 527, 351, 473, 
-453, 424, 878, 14, -666, 651, 531, 575, 351, 527, 351, 473, 
-453, 419, 873, 17, -663, 646, 531, 575, 336, 517, 361, 473, 
-453, 424, 878, 14, -666, 651, 536, 570, 331, 517, 361, 473, 
-453, 424, 878, 14, -666, 651, 541, 570, 326, 517, 361, 468, 
-453, 424, 878, 14, -666, 651, 541, 570, 322, 517, 361, 463, 
-453, 424, 878, 14, -666, 651, 541, 580, 326, 517, 356, 463, 
-453, 424, 878, 14, -666, 651, 541, 580, 331, 517, 356, 463, 
-458, 424, 883, 17, -671, 653, 541, 580, 341, 522, 356, 468, 
-458, 424, 883, 17, -671, 653, 541, 580, 346, 522, 356, 468, 
-453, 434, 888, 9, -671, 661, 527, 585, 346, 531, 346, 468, 
-453, 434, 888, 9, -671, 661, 527, 585, 341, 531, 346, 468, 
-453, 429, 883, 12, -668, 656, 527, 585, 341, 531, 346, 468, 
-453, 429, 883, 12, -668, 656, 531, 585, 341, 531, 346, 468, 
-453, 419, 873, 17, -663, 646, 541, 585, 336, 522, 356, 478, 
-453, 419, 873, 17, -663, 646, 536, 585, 331, 522, 356, 478, 
-453, 419, 873, 17, -663, 646, 536, 585, 326, 522, 356, 478, 
-453, 419, 873, 17, -663, 646, 536, 585, 322, 522, 356, 478, 
-453, 424, 878, 14, -666, 651, 536, 585, 326, 531, 346, 468, 
-453, 424, 878, 14, -666, 651, 536, 585, 331, 531, 346, 468, 
-453, 424, 878, 14, -666, 651, 536, 585, 331, 531, 346, 468, 
-453, 424, 878, 14, -666, 651, 536, 585, 336, 531, 346, 468, 
-453, 424, 878, 14, -666, 651, 536, 595, 336, 531, 346, 458, 
-453, 424, 878, 14, -666, 651, 541, 595, 336, 531, 346, 458, 
-458, 424, 883, 17, -671, 653, 541, 595, 336, 531, 346, 458, 
-458, 424, 883, 17, -671, 653, 541, 595, 336, 531, 346, 458, 
-453, 424, 878, 14, -666, 651, 536, 595, 326, 522, 336, 453, 
-453, 424, 878, 14, -666, 651, 536, 595, 331, 522, 336, 453, 
-453, 424, 878, 14, -666, 651, 536, 595, 331, 522, 336, 453, 
-453, 424, 878, 14, -666, 651, 531, 595, 331, 522, 336, 453, 
-463, 424, 888, 19, -675, 656, 531, 605, 331, 512, 336, 444, 
-463, 419, 883, 21, -673, 651, 531, 605, 326, 512, 336, 444, 
-463, 419, 883, 21, -673, 651, 531, 605, 326, 512, 331, 444, 
-468, 414, 883, 26, -675, 649, 531, 605, 326, 512, 331, 444, 
-478, 405, 883, 36, -680, 644, 536, 605, 326, 517, 331, 444, 
-478, 405, 883, 36, -680, 644, 536, 605, 326, 517, 331, 444, 
-478, 409, 888, 34, -683, 649, 536, 600, 326, 517, 331, 439, 
-478, 409, 888, 34, -683, 649, 536, 600, 326, 517, 326, 439, 
-478, 395, 873, 41, -675, 634, 546, 600, 326, 507, 317, 434, 
-483, 395, 878, 43, -680, 636, 541, 600, 326, 507, 317, 434, 
-488, 390, 878, 48, -683, 634, 541, 600, 331, 502, 317, 434, 
-488, 390, 878, 48, -683, 634, 541, 600, 331, 502, 317, 434, 
-463, 409, 873, 26, -668, 641, 531, 610, 322, 512, 326, 434, 
-458, 414, 873, 21, -666, 644, 536, 610, 322, 512, 322, 434, 
-458, 409, 868, 24, -663, 639, 536, 610, 317, 507, 322, 434, 
-453, 405, 858, 24, -656, 631, 536, 605, 317, 507, 322, 434, 
-463, 395, 858, 34, -661, 627, 536, 600, 317, 507, 322, 434, 
-468, 400, 868, 34, -668, 634, 536, 600, 317, 507, 322, 434, 
-473, 400, 873, 36, -673, 636, 536, 600, 317, 507, 317, 424, 
-478, 395, 873, 41, -675, 634, 536, 595, 317, 507, 317, 424, 
-463, 400, 863, 31, -663, 631, 536, 605, 312, 507, 312, 429, 
-453, 405, 858, 24, -656, 631, 536, 605, 312, 502, 312, 429, 
-448, 409, 858, 19, -653, 634, 536, 610, 312, 502, 312, 429, 
-444, 414, 858, 14, -651, 636, 536, 610, 312, 502, 312, 424, 
-453, 400, 854, 26, -653, 627, 546, 605, 312, 502, 317, 419, 
-458, 400, 858, 29, -658, 629, 546, 605, 312, 497, 317, 419, 
-463, 405, 868, 29, -666, 636, 546, 605, 312, 497, 317, 419, 
-463, 405, 868, 29, -666, 636, 546, 605, 312, 497, 312, 419, 
-458, 395, 854, 31, -656, 624, 536, 600, 312, 488, 302, 419, 
-453, 400, 854, 26, -653, 627, 541, 605, 307, 488, 307, 419, 
-448, 400, 849, 24, -649, 624, 541, 610, 307, 488, 307, 419, 
-444, 400, 844, 21, -644, 622, 541, 614, 307, 488, 307, 414, 
-448, 390, 839, 29, -644, 614, 551, 605, 297, 488, 307, 414, 
-453, 390, 844, 31, -649, 617, 551, 610, 297, 488, 302, 419, 
-458, 385, 844, 36, -651, 614, 551, 610, 297, 488, 302, 419, 
-463, 385, 849, 39, -656, 617, 551, 610, 297, 488, 307, 419, 
-468, 380, 849, 43, -658, 614, 546, 619, 307, 488, 297, 409, 
-468, 380, 849, 43, -658, 614, 546, 614, 307, 488, 297, 409, 
-468, 380, 849, 43, -658, 614, 546, 614, 302, 488, 297, 409, 
-468, 385, 854, 41, -661, 619, 546, 614, 302, 483, 297, 409, 
-458, 395, 854, 31, -656, 624, 546, 614, 292, 483, 287, 409, 
-458, 385, 844, 36, -651, 614, 546, 614, 292, 483, 283, 405, 
-458, 380, 839, 39, -649, 610, 546, 614, 292, 483, 283, 405, 
-458, 380, 839, 39, -649, 610, 546, 614, 292, 483, 283, 405, 
-468, 380, 849, 43, -658, 614, 536, 614, 292, 483, 292, 405, 
-468, 380, 849, 43, -658, 614, 536, 614, 292, 483, 292, 405, 
-468, 380, 849, 43, -658, 614, 536, 614, 292, 483, 292, 405, 
-468, 385, 854, 41, -661, 619, 546, 619, 297, 483, 292, 405, 
-458, 395, 854, 31, -656, 624, 546, 624, 302, 492, 292, 414, 
-458, 400, 858, 29, -658, 629, 546, 624, 307, 492, 292, 414, 
-458, 405, 863, 26, -661, 634, 541, 629, 312, 492, 292, 414, 
-463, 414, 878, 24, -671, 646, 541, 634, 317, 492, 292, 414, 
-463, 424, 888, 19, -675, 656, 531, 634, 326, 492, 297, 409, 
-463, 424, 888, 19, -675, 656, 536, 629, 326, 497, 297, 414, 
-463, 424, 888, 19, -675, 656, 536, 624, 331, 497, 297, 414, 
-458, 424, 883, 17, -671, 653, 536, 619, 331, 497, 297, 419, 
-453, 444, 897, 4, -675, 671, 546, 624, 331, 502, 302, 429, 
-453, 448, 902, 2, -678, 675, 546, 624, 336, 507, 307, 429, 
-453, 453, 907, 0, -680, 680, 546, 624, 341, 512, 312, 429, 
-453, 463, 917, -4, -685, 690, 546, 624, 346, 512, 312, 429, 
-453, 468, 922, -7, -688, 695, 546, 634, 361, 507, 312, 424, 
-453, 473, 927, -9, -690, 700, 546, 634, 361, 507, 312, 424, 
-453, 468, 922, -7, -688, 695, 546, 634, 361, 512, 312, 424, 
-453, 463, 917, -4, -685, 690, 546, 634, 370, 512, 312, 424, 
-444, 473, 917, -14, -680, 695, 551, 639, 370, 512, 312, 424, 
-444, 473, 917, -14, -680, 695, 551, 649, 370, 522, 302, 434, 
-429, 478, 907, -24, -668, 692, 556, 653, 370, 517, 302, 429, 
-439, 468, 907, -14, -673, 688, 546, 644, 361, 517, 302, 429, 
-439, 468, 907, -14, -673, 688, 546, 644, 361, 517, 302, 429, 
-439, 468, 907, -14, -673, 688, 546, 644, 361, 517, 302, 429, 
-439, 468, 907, -14, -673, 688, 546, 644, 361, 517, 302, 429, 
-448, 463, 912, -7, -680, 688, 536, 634, 361, 512, 292, 414, 
-448, 458, 907, -4, -678, 683, 531, 634, 356, 512, 292, 414, 
-448, 453, 902, -2, -675, 678, 531, 634, 351, 517, 292, 414, 
-444, 448, 893, -2, -668, 671, 527, 634, 351, 517, 292, 414, 
-439, 458, 897, -9, -668, 678, 536, 644, 351, 517, 302, 409, 
-448, 458, 907, -4, -678, 683, 536, 644, 351, 517, 302, 409, 
-448, 453, 902, -2, -675, 678, 536, 644, 346, 517, 302, 409, 
-448, 448, 897, 0, -673, 673, 536, 644, 336, 512, 302, 405, 
-444, 448, 893, -2, -668, 671, 536, 644, 336, 512, 292, 414, 
-444, 444, 888, 0, -666, 666, 536, 644, 331, 507, 292, 414, 
-444, 439, 883, 2, -663, 661, 536, 644, 322, 502, 287, 414, 
-444, 439, 883, 2, -663, 661, 531, 649, 317, 497, 287, 414, 
-439, 439, 878, 0, -658, 658, 512, 649, 307, 497, 292, 414, 
-439, 434, 873, 2, -656, 653, 512, 644, 302, 492, 292, 414, 
-434, 429, 863, 2, -649, 646, 517, 644, 297, 492, 292, 414, 
-434, 429, 863, 2, -649, 646, 522, 649, 297, 488, 292, 414, 
-444, 419, 863, 12, -653, 641, 531, 644, 297, 488, 283, 405, 
-444, 414, 858, 14, -651, 636, 531, 644, 297, 488, 283, 405, 
-444, 409, 854, 17, -649, 631, 531, 644, 297, 483, 278, 405, 
-444, 405, 849, 19, -646, 627, 536, 644, 302, 483, 273, 400, 
-458, 390, 849, 34, -653, 619, 546, 639, 292, 473, 263, 390, 
-478, 390, 868, 43, -673, 629, 546, 644, 297, 478, 263, 390, 
-478, 380, 858, 48, -668, 619, 551, 649, 297, 478, 263, 390, 
-483, 375, 858, 53, -671, 617, 551, 653, 297, 478, 263, 385, 
-473, 380, 854, 46, -663, 617, 541, 653, 287, 478, 268, 380, 
-473, 380, 854, 46, -663, 617, 541, 649, 278, 463, 258, 375, 
-473, 375, 849, 48, -661, 612, 541, 649, 268, 458, 253, 375, 
-478, 375, 854, 51, -666, 614, 546, 649, 268, 458, 253, 375, 
-463, 390, 854, 36, -658, 622, 551, 663, 273, 458, 253, 385, 
-458, 385, 844, 36, -651, 614, 556, 663, 278, 458, 253, 380, 
-453, 385, 839, 34, -646, 612, 561, 658, 283, 453, 244, 380, 
-453, 390, 844, 31, -649, 617, 570, 658, 278, 444, 239, 380, 
-463, 375, 839, 43, -651, 607, 570, 653, 263, 439, 239, 370, 
-463, 366, 829, 48, -646, 597, 570, 653, 263, 439, 239, 366, 
-458, 361, 819, 48, -639, 590, 575, 658, 263, 439, 239, 361, 
-458, 361, 819, 48, -639, 590, 580, 658, 268, 434, 239, 361, 
-458, 356, 814, 51, -636, 585, 580, 673, 268, 434, 229, 361, 
-458, 356, 814, 51, -636, 585, 575, 673, 268, 434, 229, 361, 
-458, 356, 814, 51, -636, 585, 575, 668, 268, 434, 229, 361, 
-463, 356, 819, 53, -641, 588, 575, 668, 263, 434, 229, 361, 
-468, 351, 819, 58, -644, 585, 575, 668, 263, 434, 219, 351, 
-478, 341, 819, 68, -649, 580, 580, 668, 263, 429, 214, 351, 
-478, 341, 819, 68, -649, 580, 580, 668, 263, 429, 214, 351, 
-463, 346, 810, 58, -636, 578, 580, 668, 263, 434, 219, 346, 
-463, 346, 810, 58, -636, 578, 570, 668, 248, 434, 219, 346, 
-463, 346, 810, 58, -636, 578, 570, 668, 248, 434, 214, 351, 
-463, 346, 810, 58, -636, 578, 570, 668, 248, 429, 214, 351, 
-463, 346, 810, 58, -636, 578, 566, 668, 253, 424, 214, 351, 
-463, 351, 814, 56, -639, 583, 575, 658, 263, 424, 214, 351, 
-463, 351, 814, 56, -639, 583, 580, 658, 258, 429, 214, 351, 
-463, 351, 814, 56, -639, 583, 580, 658, 258, 429, 214, 351, 
-463, 351, 814, 56, -639, 583, 580, 658, 258, 429, 214, 351, 
-468, 341, 810, 63, -639, 575, 570, 668, 253, 419, 204, 356, 
-478, 336, 814, 70, -646, 575, 575, 668, 253, 419, 204, 356, 
-483, 336, 819, 73, -651, 578, 575, 668, 253, 419, 200, 356, 
-483, 336, 819, 73, -651, 578, 575, 668, 248, 419, 200, 356, 
-483, 336, 819, 73, -651, 578, 570, 678, 258, 419, 209, 346, 
-483, 331, 814, 75, -649, 573, 570, 678, 263, 424, 209, 351, 
-483, 331, 814, 75, -649, 573, 570, 678, 263, 424, 209, 351, 
-483, 331, 814, 75, -649, 573, 570, 678, 263, 424, 209, 351, 
-473, 331, 805, 70, -639, 568, 570, 678, 253, 434, 200, 346, 
-478, 331, 810, 73, -644, 570, 570, 678, 253, 434, 204, 346, 
-478, 331, 810, 73, -644, 570, 575, 673, 253, 429, 204, 346, 
-478, 331, 810, 73, -644, 570, 575, 673, 253, 429, 204, 346, 
-473, 346, 819, 63, -646, 583, 585, 688, 263, 439, 214, 351, 
-463, 356, 819, 53, -641, 588, 585, 688, 258, 439, 214, 351, 
-458, 361, 819, 48, -639, 590, 585, 688, 258, 439, 214, 351, 
-453, 366, 819, 43, -636, 592, 585, 688, 258, 439, 214, 351, 
-458, 356, 814, 51, -636, 585, 585, 688, 258, 429, 204, 346, 
-463, 351, 814, 56, -639, 583, 585, 688, 258, 429, 204, 346, 
-468, 346, 814, 61, -641, 580, 585, 688, 258, 429, 204, 346, 
-473, 346, 819, 63, -646, 583, 585, 688, 258, 429, 204, 346, 
-463, 336, 800, 63, -631, 568, 575, 678, 258, 429, 204, 346, 
-463, 336, 800, 63, -631, 568, 575, 678, 258, 429, 204, 346, 
-463, 336, 800, 63, -631, 568, 575, 678, 258, 429, 204, 346, 
-463, 336, 800, 63, -631, 568, 580, 678, 258, 429, 204, 346, 
-448, 346, 795, 51, -622, 570, 580, 683, 258, 429, 204, 356, 
-448, 346, 795, 51, -622, 570, 575, 688, 258, 429, 204, 356, 
-448, 346, 795, 51, -622, 570, 575, 692, 258, 429, 204, 356, 
-448, 346, 795, 51, -622, 570, 575, 702, 263, 434, 204, 356, 
-458, 356, 814, 51, -636, 585, 575, 702, 263, 429, 204, 346, 
-458, 356, 814, 51, -636, 585, 575, 702, 263, 429, 204, 351, 
-458, 356, 814, 51, -636, 585, 575, 702, 263, 429, 204, 351, 
-458, 356, 814, 51, -636, 585, 575, 702, 263, 429, 204, 346, 
-458, 356, 814, 51, -636, 585, 585, 702, 258, 429, 204, 346, 
-458, 356, 814, 51, -636, 585, 590, 697, 268, 429, 204, 336, 
-458, 356, 814, 51, -636, 585, 590, 707, 273, 429, 204, 346, 
-453, 356, 810, 48, -631, 583, 605, 717, 287, 434, 195, 341, 
-458, 356, 814, 51, -636, 585, 619, 727, 297, 409, 175, 322, 
-473, 341, 814, 65, -644, 578, 639, 746, 312, 390, 161, 302, 
-492, 331, 824, 80, -658, 578, 653, 775, 341, 414, 151, 302, 
-478, 361, 839, 58, -658, 600, 668, 810, 390, 463, 190, 312, 
-468, 380, 849, 43, -658, 614, 692, 849, 439, 527, 224, 322, 
-463, 375, 839, 43, -651, 607, 707, 912, 478, 575, 248, 336, 
-429, 375, 805, 26, -617, 590, 722, 1005, 522, 673, 322, 366, 
-380, 380, 761, 0, -570, 570, 736, 1112, 570, 805, 429, 414, 
-326, 395, 722, -34, -524, 558, 741, 1239, 629, 941, 551, 478, 
-253, 424, 678, -85, -466, 551, 727, 1366, 683, 1107, 697, 570, 
-170, 497, 668, -163, -419, 583, 673, 1424, 712, 1302, 902, 697, 
-73, 614, 688, -270, -380, 651, 585, 1434, 702, 1488, 1137, 873, 
39, 751, 712, -395, -336, 732, 458, 1385, 639, 1668, 1366, 1073, 
161, 932, 771, -546, -305, 851, 283, 1298, 541, 1839, 1615, 1278, 
278, 1122, 844, -700, -283, 983, 102, 1190, 463, 1976, 1820, 1473, 
361, 1278, 917, -819, -278, 1098, -14, 1127, 409, 2049, 1942, 1615, 
414, 1376, 961, -895, -273, 1168, -92, 1068, 346, 2020, 1976, 1703, 
414, 1415, 1000, -915, -292, 1207, -141, 956, 248, 1878, 1903, 1722, 
326, 1346, 1019, -836, -346, 1183, -146, 751, 122, 1625, 1708, 1659, 
200, 1259, 1058, -729, -429, 1159, -146, 463, 0, 1322, 1478, 1556, 
102, 1224, 1122, -663, -509, 1173, -136, 175, -146, 1034, 1273, 1473, 
9, 1161, 1151, -585, -570, 1156, -107, -29, -312, 697, 1029, 1356, 
-112, 1029, 1141, -458, -627, 1085, -48, -224, -483, 273, 688, 1195, 
-234, 902, 1137, -334, -685, 1019, 4, -361, -624, -87, 370, 1024, 
-312, 819, 1132, -253, -722, 976, 43, -385, -722, -273, 170, 883, 
-375, 736, 1112, -180, -744, 924, 78, -366, -780, -351, 39, 771, 
-439, 658, 1098, -109, -768, 878, 107, -322, -824, -400, -58, 668, 
-448, 605, 1054, -78, -751, 829, 107, -244, -829, -375, -92, 605, 
-439, 585, 1024, -73, -732, 805, 92, -131, -771, -292, -58, 585, 
-419, 610, 1029, -95, -724, 819, 131, 0, -644, -195, -4, 590, 
-400, 619, 1019, -109, -710, 819, 200, 136, -478, -82, 43, 575, 
-395, 610, 1005, -107, -700, 807, 263, 248, -341, 19, 87, 566, 
-395, 590, 985, -97, -690, 788, 287, 346, -239, 92, 117, 546, 
-385, 566, 951, -90, -668, 758, 331, 434, -146, 151, 141, 522, 
-380, 536, 917, -78, -649, 727, 380, 502, -78, 204, 151, 497, 
-390, 517, 907, -63, -649, 712, 424, 551, -9, 244, 141, 444, 
-390, 497, 888, -53, -639, 692, 448, 590, 53, 273, 151, 405, 
-400, 483, 883, -41, -641, 683, 473, 605, 107, 317, 170, 400, 
-424, 444, 868, -9, -646, 656, 492, 619, 156, 346, 185, 390, 
-453, 414, 868, 19, -661, 641, 517, 639, 180, 375, 195, 385, 
-448, 390, 839, 29, -644, 614, 531, 663, 200, 400, 204, 385, 
-429, 380, 810, 24, -619, 595, 556, 683, 219, 414, 214, 385, 
-424, 395, 819, 14, -622, 607, 566, 692, 239, 414, 214, 385, 
-444, 390, 834, 26, -639, 612, 575, 702, 244, 419, 204, 380, 
-453, 395, 849, 29, -651, 622, 585, 717, 263, 419, 209, 375, 
-444, 395, 839, 24, -641, 617, 580, 712, 263, 419, 200, 366, 
-444, 395, 839, 24, -641, 617, 595, 722, 278, 419, 195, 356, 
-448, 385, 834, 31, -641, 610, 585, 722, 278, 419, 195, 351, 
-448, 380, 829, 34, -639, 605, 580, 727, 278, 419, 195, 351, 
-448, 380, 829, 34, -639, 605, 580, 732, 287, 424, 195, 351, 
-444, 370, 814, 36, -629, 592, 585, 741, 283, 434, 204, 351, 
-444, 370, 814, 36, -629, 592, 590, 746, 283, 434, 204, 356, 
-444, 366, 810, 39, -627, 588, 595, 746, 283, 434, 204, 356, 
-444, 366, 810, 39, -627, 588, 595, 746, 283, 434, 204, 356, 
-448, 366, 814, 41, -631, 590, 595, 746, 287, 434, 195, 341, 
-448, 366, 814, 41, -631, 590, 600, 746, 287, 439, 195, 341, 
-448, 361, 810, 43, -629, 585, 605, 746, 292, 439, 200, 341, 
-448, 361, 810, 43, -629, 585, 605, 746, 297, 444, 200, 341, 
-458, 356, 814, 51, -636, 585, 610, 761, 312, 444, 209, 341, 
-458, 361, 819, 48, -639, 590, 610, 766, 312, 448, 209, 346, 
-458, 361, 819, 48, -639, 590, 610, 766, 312, 448, 209, 346, 
-458, 361, 819, 48, -639, 590, 605, 761, 312, 448, 209, 346, 
-444, 370, 814, 36, -629, 592, 605, 761, 297, 448, 214, 356, 
-444, 366, 810, 39, -627, 588, 605, 761, 297, 453, 214, 356, 
-444, 366, 810, 39, -627, 588, 605, 766, 302, 453, 214, 356, 
-444, 370, 814, 36, -629, 592, 610, 766, 307, 458, 219, 356, 
-444, 375, 819, 34, -631, 597, 610, 766, 307, 458, 209, 356, 
-444, 380, 824, 31, -634, 602, 610, 761, 312, 458, 209, 356, 
-439, 385, 824, 26, -631, 605, 610, 761, 312, 458, 209, 356, 
-439, 390, 829, 24, -634, 610, 610, 766, 317, 458, 209, 356, 
-444, 380, 824, 31, -634, 602, 610, 766, 317, 458, 214, 356, 
-444, 380, 824, 31, -634, 602, 610, 766, 312, 463, 214, 361, 
-439, 380, 819, 29, -629, 600, 610, 766, 312, 463, 214, 361, 
-434, 385, 819, 24, -627, 602, 610, 766, 317, 468, 219, 361, 
-444, 380, 824, 31, -634, 602, 600, 761, 322, 473, 214, 351, 
-444, 380, 824, 31, -634, 602, 600, 766, 322, 473, 214, 351, 
-448, 380, 829, 34, -639, 605, 600, 766, 317, 473, 214, 351, 
-453, 380, 834, 36, -644, 607, 600, 766, 317, 473, 219, 351, 
-444, 385, 829, 29, -636, 607, 600, 775, 317, 473, 229, 361, 
-439, 390, 829, 24, -634, 610, 600, 775, 317, 473, 229, 361, 
-439, 390, 829, 24, -634, 610, 600, 775, 326, 478, 229, 361, 
-434, 390, 824, 21, -629, 607, 600, 775, 326, 478, 229, 361, 
-434, 385, 819, 24, -627, 602, 600, 766, 326, 478, 234, 361, 
-434, 390, 824, 21, -629, 607, 600, 766, 326, 488, 234, 361, 
-434, 390, 824, 21, -629, 607, 600, 771, 326, 488, 234, 361, 
-434, 390, 824, 21, -629, 607, 600, 771, 326, 488, 239, 361, 
-439, 395, 834, 21, -636, 614, 600, 780, 326, 478, 229, 361, 
-439, 395, 834, 21, -636, 614, 600, 780, 326, 483, 234, 361, 
-434, 395, 829, 19, -631, 612, 595, 780, 326, 483, 234, 361, 
-434, 395, 829, 19, -631, 612, 590, 780, 326, 488, 234, 366, 
-439, 390, 829, 24, -634, 610, 590, 775, 331, 488, 244, 366, 
-444, 390, 834, 26, -639, 612, 590, 775, 331, 488, 244, 361, 
-448, 385, 834, 31, -641, 610, 590, 780, 331, 492, 244, 361, 
-453, 380, 834, 36, -644, 607, 590, 785, 331, 497, 253, 370, 
-434, 400, 834, 17, -634, 617, 600, 795, 346, 512, 263, 375, 
-424, 409, 834, 7, -629, 622, 600, 795, 351, 517, 268, 390, 
-414, 419, 834, -2, -624, 627, 600, 795, 351, 522, 268, 395, 
-395, 429, 824, -17, -610, 627, 600, 795, 351, 522, 278, 405, 
-405, 429, 834, -12, -619, 631, 600, 805, 351, 522, 273, 395, 
-405, 434, 839, -14, -622, 636, 600, 805, 351, 522, 273, 395, 
-405, 434, 839, -14, -622, 636, 600, 805, 351, 527, 278, 395, 
-395, 439, 834, -21, -614, 636, 600, 810, 351, 531, 283, 395, 
-405, 434, 839, -14, -622, 636, 590, 805, 356, 531, 292, 395, 
-405, 434, 839, -14, -622, 636, 590, 805, 356, 536, 287, 400, 
-405, 439, 844, -17, -624, 641, 590, 805, 366, 541, 287, 409, 
-405, 444, 849, -19, -627, 646, 590, 805, 366, 546, 297, 409, 
-405, 434, 839, -14, -622, 636, 590, 805, 366, 551, 292, 419, 
-405, 434, 839, -14, -622, 636, 590, 805, 366, 551, 297, 419, 
-400, 434, 834, -17, -617, 634, 590, 805, 375, 561, 302, 419, 
-400, 444, 844, -21, -622, 644, 590, 810, 375, 566, 302, 424, 
-395, 458, 854, -31, -624, 656, 590, 814, 375, 566, 317, 429, 
-395, 463, 858, -34, -627, 661, 590, 819, 380, 570, 322, 429, 
-395, 463, 858, -34, -627, 661, 585, 824, 385, 575, 326, 429, 
-400, 468, 868, -34, -634, 668, 585, 829, 385, 580, 331, 434, 
-400, 473, 873, -36, -636, 673, 590, 829, 380, 585, 326, 429, 
-400, 473, 873, -36, -636, 673, 585, 829, 380, 590, 326, 434, 
-395, 473, 868, -39, -631, 671, 585, 834, 390, 590, 331, 434, 
-395, 483, 878, -43, -636, 680, 585, 834, 390, 590, 336, 434, 
-400, 483, 883, -41, -641, 683, 570, 839, 385, 595, 341, 434, 
-395, 483, 878, -43, -636, 680, 570, 839, 385, 600, 346, 434, 
-395, 483, 878, -43, -636, 680, 570, 839, 390, 605, 346, 444, 
-390, 478, 868, -43, -629, 673, 570, 839, 395, 610, 351, 444, 
-370, 497, 868, -63, -619, 683, 570, 839, 409, 614, 356, 453, 
-366, 517, 883, -75, -624, 700, 570, 844, 414, 619, 361, 458, 
-366, 522, 888, -78, -627, 705, 566, 844, 414, 624, 366, 458, 
-375, 527, 902, -75, -639, 714, 566, 844, 414, 629, 366, 468, 
-375, 527, 902, -75, -639, 714, 575, 844, 409, 624, 361, 468, 
-370, 527, 897, -78, -634, 712, 570, 839, 409, 624, 366, 473, 
-366, 527, 893, -80, -629, 710, 570, 839, 414, 624, 370, 473, 
-366, 527, 893, -80, -629, 710, 570, 839, 414, 624, 375, 473, 
-366, 536, 902, -85, -634, 719, 561, 839, 414, 629, 375, 468, 
-366, 546, 912, -90, -639, 729, 561, 839, 414, 634, 375, 478, 
-370, 551, 922, -90, -646, 736, 561, 839, 419, 634, 375, 478, 
-370, 551, 922, -90, -646, 736, 556, 839, 419, 634, 380, 478, 
-356, 551, 907, -97, -631, 729, 556, 839, 419, 639, 380, 478, 
-356, 556, 912, -100, -634, 734, 556, 839, 419, 639, 385, 483, 
-356, 556, 912, -100, -634, 734, 556, 834, 419, 639, 385, 483, 
-351, 561, 912, -104, -631, 736, 556, 834, 419, 639, 385, 488, 
-351, 561, 912, -104, -631, 736, 551, 824, 414, 629, 385, 488, 
-351, 561, 912, -104, -631, 736, 551, 814, 414, 624, 385, 488, 
-346, 566, 912, -109, -629, 739, 551, 810, 414, 624, 385, 488, 
-346, 570, 917, -112, -631, 744, 551, 810, 414, 624, 385, 492, 
-341, 566, 907, -112, -624, 736, 551, 819, 419, 624, 385, 497, 
-341, 566, 907, -112, -624, 736, 551, 814, 419, 624, 385, 497, 
-346, 566, 912, -109, -629, 739, 546, 810, 419, 624, 390, 497, 
-346, 566, 912, -109, -629, 739, 541, 810, 419, 624, 390, 497, 
-356, 561, 917, -102, -636, 739, 541, 810, 405, 624, 390, 502, 
-351, 561, 912, -104, -631, 736, 536, 800, 405, 624, 390, 502, 
-351, 566, 917, -107, -634, 741, 536, 795, 405, 624, 390, 507, 
-351, 566, 917, -107, -634, 741, 536, 795, 405, 624, 390, 507, 
-336, 580, 917, -122, -627, 749, 522, 790, 405, 634, 380, 507, 
-331, 585, 917, -126, -624, 751, 522, 790, 405, 629, 385, 507, 
-322, 590, 912, -134, -617, 751, 522, 795, 405, 629, 385, 507, 
-317, 600, 917, -141, -617, 758, 522, 795, 405, 629, 385, 512, 
-317, 590, 907, -136, -612, 749, 531, 790, 405, 614, 385, 512, 
-317, 590, 907, -136, -612, 749, 531, 790, 405, 614, 385, 512, 
-317, 585, 902, -134, -610, 744, 536, 790, 409, 614, 385, 512, 
-312, 585, 897, -136, -605, 741, 541, 790, 409, 614, 380, 507, 
-317, 595, 912, -139, -614, 753, 541, 795, 409, 610, 380, 507, 
-317, 595, 912, -139, -614, 753, 541, 790, 409, 610, 375, 502, 
-322, 590, 912, -134, -617, 751, 541, 785, 409, 600, 370, 502, 
-322, 585, 907, -131, -614, 746, 541, 785, 400, 595, 361, 497, 
-341, 575, 917, -117, -629, 746, 541, 775, 400, 590, 356, 492, 
-341, 561, 902, -109, -622, 732, 541, 775, 400, 585, 356, 492, 
-341, 556, 897, -107, -619, 727, 546, 775, 400, 585, 351, 492, 
-341, 541, 883, -100, -612, 712, 551, 775, 400, 585, 346, 492, 
-341, 531, 873, -95, -607, 702, 561, 785, 400, 580, 346, 473, 
-346, 527, 873, -90, -610, 700, 561, 785, 395, 575, 341, 468, 
-351, 527, 878, -87, -614, 702, 561, 780, 390, 566, 331, 468, 
-361, 517, 878, -78, -619, 697, 566, 780, 380, 556, 326, 463, 
-351, 512, 863, -80, -607, 688, 566, 771, 390, 546, 322, 458, 
-351, 507, 858, -78, -605, 683, 566, 766, 385, 536, 307, 453, 
-351, 497, 849, -73, -600, 673, 570, 766, 380, 531, 302, 448, 
-356, 488, 844, -65, -600, 666, 575, 766, 380, 527, 302, 444, 
-366, 488, 854, -61, -610, 671, 566, 766, 375, 527, 302, 439, 
-370, 488, 858, -58, -614, 673, 570, 766, 370, 522, 292, 434, 
-370, 483, 854, -56, -612, 668, 570, 766, 366, 512, 292, 429, 
-380, 478, 858, -48, -619, 668, 566, 766, 361, 507, 287, 419, 
-380, 463, 844, -41, -612, 653, 566, 751, 346, 497, 273, 409, 
-375, 458, 834, -41, -605, 646, 575, 751, 346, 492, 263, 405, 
-375, 448, 824, -36, -600, 636, 580, 751, 346, 488, 263, 400, 
-380, 448, 829, -34, -605, 639, 580, 751, 341, 488, 258, 400, 
-385, 434, 819, -24, -602, 627, 590, 751, 336, 483, 258, 405, 
-385, 434, 819, -24, -602, 627, 590, 751, 336, 478, 253, 405, 
-385, 424, 810, -19, -597, 617, 590, 751, 336, 478, 248, 405, 
-385, 424, 810, -19, -597, 617, 595, 756, 336, 478, 248, 405, 
-390, 424, 814, -17, -602, 619, 585, 746, 331, 473, 244, 400, 
-395, 429, 824, -17, -610, 627, 580, 741, 326, 468, 239, 395, 
-395, 434, 829, -19, -612, 631, 580, 741, 317, 463, 239, 385, 
-390, 439, 829, -24, -610, 634, 585, 741, 317, 463, 239, 380, 
-380, 439, 819, -29, -600, 629, 585, 746, 322, 453, 224, 380, 
-380, 439, 819, -29, -600, 629, 585, 751, 326, 453, 224, 385, 
-380, 434, 814, -26, -597, 624, 590, 751, 326, 453, 224, 385, 
-380, 434, 814, -26, -597, 624, 590, 741, 317, 453, 224, 380, 
-375, 434, 810, -29, -592, 622, 585, 751, 317, 463, 224, 380, 
-375, 434, 810, -29, -592, 622, 585, 751, 317, 458, 224, 380, 
-375, 434, 810, -29, -592, 622, 585, 751, 317, 458, 224, 380, 
-375, 434, 810, -29, -592, 622, 585, 751, 322, 458, 224, 380, 
-375, 434, 810, -29, -592, 622, 595, 746, 322, 458, 234, 375, 
-375, 434, 810, -29, -592, 622, 595, 741, 322, 453, 234, 375, 
-375, 434, 810, -29, -592, 622, 595, 736, 322, 453, 234, 370, 
-375, 434, 810, -29, -592, 622, 595, 732, 322, 458, 234, 370, 
-380, 429, 810, -24, -595, 619, 585, 741, 312, 448, 224, 370, 
-385, 419, 805, -17, -595, 612, 585, 741, 312, 448, 224, 370, 
-390, 409, 800, -9, -595, 605, 585, 741, 312, 448, 224, 375, 
-395, 405, 800, -4, -597, 602, 580, 741, 312, 448, 224, 375, 
-390, 424, 814, -17, -602, 619, 580, 741, 302, 458, 224, 385, 
-385, 434, 819, -24, -602, 627, 585, 736, 302, 458, 224, 385, 
-380, 439, 819, -29, -600, 629, 590, 736, 302, 458, 224, 380, 
-375, 444, 819, -34, -597, 631, 590, 736, 302, 458, 224, 375, 
-375, 434, 810, -29, -592, 622, 590, 746, 312, 458, 229, 375, 
-375, 434, 810, -29, -592, 622, 590, 746, 312, 458, 229, 375, 
-380, 434, 814, -26, -597, 624, 590, 746, 317, 463, 229, 380, 
-380, 434, 814, -26, -597, 624, 590, 746, 317, 463, 229, 380, 
-375, 424, 800, -24, -588, 612, 585, 751, 307, 463, 229, 380, 
-375, 424, 800, -24, -588, 612, 585, 751, 302, 463, 229, 380, 
-375, 419, 795, -21, -585, 607, 585, 751, 302, 463, 229, 380, 
-375, 419, 795, -21, -585, 607, 590, 751, 302, 463, 229, 380, 
-366, 429, 795, -31, -580, 612, 590, 741, 302, 463, 229, 370, 
-366, 429, 795, -31, -580, 612, 585, 741, 302, 463, 229, 370, 
-366, 429, 795, -31, -580, 612, 585, 741, 302, 463, 229, 370, 
-366, 429, 795, -31, -580, 612, 585, 741, 302, 463, 229, 370, 
-370, 424, 795, -26, -583, 610, 595, 751, 312, 463, 229, 380, 
-375, 424, 800, -24, -588, 612, 595, 751, 312, 463, 229, 380, 
-380, 424, 805, -21, -592, 614, 595, 751, 307, 463, 229, 380, 
-385, 424, 810, -19, -597, 617, 595, 751, 307, 463, 229, 380, 
-385, 414, 800, -14, -592, 607, 585, 741, 297, 463, 229, 380, 
-385, 414, 800, -14, -592, 607, 590, 741, 297, 463, 229, 380, 
-390, 414, 805, -12, -597, 610, 590, 741, 297, 463, 229, 380, 
-390, 414, 805, -12, -597, 610, 590, 741, 297, 463, 229, 380, 
-385, 405, 790, -9, -588, 597, 595, 741, 297, 463, 219, 375, 
-385, 405, 790, -9, -588, 597, 595, 741, 302, 463, 219, 375, 
-385, 405, 790, -9, -588, 597, 595, 741, 302, 463, 219, 375, 
-385, 405, 790, -9, -588, 597, 590, 741, 302, 463, 219, 375, 
-380, 409, 790, -14, -585, 600, 600, 741, 302, 463, 229, 366, 
-375, 409, 785, -17, -580, 597, 600, 741, 297, 463, 229, 366, 
-370, 414, 785, -21, -578, 600, 600, 741, 297, 463, 224, 366, 
-370, 414, 785, -21, -578, 600, 600, 741, 297, 463, 224, 366, 
-380, 405, 785, -12, -583, 595, 600, 741, 297, 448, 224, 366, 
-380, 405, 785, -12, -583, 595, 595, 741, 297, 448, 224, 366, 
-380, 409, 790, -14, -585, 600, 590, 736, 297, 448, 224, 361, 
-380, 409, 790, -14, -585, 600, 585, 736, 297, 448, 219, 361, 
-380, 405, 785, -12, -583, 595, 590, 736, 287, 448, 219, 356, 
-385, 405, 790, -9, -588, 597, 590, 736, 287, 448, 219, 356, 
-390, 400, 790, -4, -590, 595, 595, 736, 292, 444, 219, 356, 
-390, 400, 790, -4, -590, 595, 600, 736, 292, 444, 219, 356, 
-390, 405, 795, -7, -592, 600, 590, 736, 292, 444, 209, 356, 
-390, 405, 795, -7, -592, 600, 595, 736, 292, 444, 204, 356, 
-395, 395, 790, 0, -592, 592, 595, 736, 287, 439, 204, 356, 
-395, 385, 780, 4, -588, 583, 595, 732, 287, 439, 204, 356, 
-400, 385, 785, 7, -592, 585, 595, 727, 287, 429, 204, 356, 
-400, 390, 790, 4, -595, 590, 595, 727, 287, 429, 204, 356, 
-400, 390, 790, 4, -595, 590, 595, 727, 287, 429, 200, 346, 
-400, 385, 785, 7, -592, 585, 595, 722, 287, 429, 200, 346, 
-390, 385, 775, 2, -583, 580, 595, 722, 273, 429, 204, 351, 
-385, 385, 771, 0, -578, 578, 595, 722, 273, 424, 204, 351, 
-385, 385, 771, 0, -578, 578, 595, 727, 273, 424, 204, 351, 
-385, 385, 771, 0, -578, 578, 595, 727, 273, 424, 204, 346, 
-390, 380, 771, 4, -580, 575, 595, 732, 283, 434, 200, 341, 
-390, 380, 771, 4, -580, 575, 595, 732, 283, 429, 200, 341, 
-390, 385, 775, 2, -583, 580, 595, 732, 283, 429, 200, 341, 
-385, 385, 771, 0, -578, 578, 595, 732, 283, 429, 195, 341, 
-385, 385, 771, 0, -578, 578, 595, 732, 283, 429, 195, 341, 
-385, 390, 775, -2, -580, 583, 600, 732, 278, 429, 200, 341, 
-385, 390, 775, -2, -580, 583, 600, 732, 278, 429, 200, 341, 
-385, 390, 775, -2, -580, 583, 600, 732, 278, 429, 200, 336, 
-385, 390, 775, -2, -580, 583, 590, 722, 268, 429, 200, 336, 
-385, 390, 775, -2, -580, 583, 590, 727, 268, 429, 195, 341, 
-385, 385, 771, 0, -578, 578, 590, 727, 268, 429, 195, 341, 
-385, 385, 771, 0, -578, 578, 590, 727, 268, 429, 200, 341, 
-390, 380, 771, 4, -580, 575, 595, 727, 268, 429, 200, 331, 
-390, 380, 771, 4, -580, 575, 595, 722, 268, 429, 200, 331, 
-390, 380, 771, 4, -580, 575, 595, 722, 263, 429, 200, 331, 
-390, 385, 775, 2, -583, 580, 595, 722, 263, 424, 200, 331, 
-400, 375, 775, 12, -588, 575, 585, 712, 253, 424, 190, 331, 
-400, 366, 766, 17, -583, 566, 585, 712, 253, 424, 185, 326, 
-400, 361, 761, 19, -580, 561, 585, 712, 253, 424, 185, 326, 
-400, 361, 761, 19, -580, 561, 585, 712, 253, 424, 185, 326, 
-385, 375, 761, 4, -573, 568, 595, 712, 263, 424, 195, 336, 
-380, 380, 761, 0, -570, 570, 595, 712, 263, 424, 195, 336, 
-375, 385, 761, -4, -568, 573, 595, 712, 263, 424, 195, 336, 
-370, 395, 766, -12, -568, 580, 605, 717, 268, 424, 195, 336, 
-380, 390, 771, -4, -575, 580, 595, 707, 258, 414, 185, 326, 
-390, 380, 771, 4, -580, 575, 595, 702, 258, 414, 185, 326, 
-400, 370, 771, 14, -585, 570, 590, 702, 258, 414, 185, 326, 
-414, 366, 780, 24, -597, 573, 590, 702, 258, 414, 185, 326, 
-414, 366, 780, 24, -597, 573, 600, 697, 258, 414, 190, 322, 
-414, 366, 780, 24, -597, 573, 605, 697, 258, 419, 190, 326, 
-414, 366, 780, 24, -597, 573, 605, 697, 263, 419, 190, 326, 
-409, 366, 775, 21, -592, 570, 605, 697, 263, 419, 190, 331, 
-390, 385, 775, 2, -583, 580, 595, 697, 273, 434, 195, 341, 
-385, 400, 785, -7, -585, 592, 595, 702, 278, 439, 200, 341, 
-380, 414, 795, -17, -588, 605, 595, 707, 283, 444, 204, 341, 
-375, 434, 810, -29, -592, 622, 595, 712, 287, 444, 204, 341, 
-366, 434, 800, -34, -583, 617, 600, 722, 297, 458, 209, 351, 
-366, 444, 810, -39, -588, 627, 605, 722, 302, 458, 214, 356, 
-366, 444, 810, -39, -588, 627, 610, 722, 307, 463, 219, 361, 
-366, 444, 810, -39, -588, 627, 614, 722, 322, 463, 224, 366, 
-375, 444, 819, -34, -597, 631, 610, 707, 317, 453, 214, 361, 
-375, 444, 819, -34, -597, 631, 610, 707, 312, 453, 214, 356, 
-370, 448, 819, -39, -595, 634, 610, 707, 307, 458, 219, 361, 
-370, 448, 819, -39, -595, 634, 610, 707, 307, 458, 229, 356, 
-370, 439, 810, -34, -590, 624, 605, 707, 307, 463, 209, 346, 
-400, 429, 829, -14, -614, 629, 605, 697, 317, 463, 214, 346, 
-395, 429, 824, -17, -610, 627, 610, 707, 322, 468, 224, 361, 
-375, 444, 819, -34, -597, 631, 614, 717, 326, 463, 234, 366, 
-370, 448, 819, -39, -595, 634, 605, 712, 331, 468, 234, 361, 
-370, 439, 810, -34, -590, 624, 595, 712, 322, 468, 234, 361, 
-370, 439, 810, -34, -590, 624, 595, 712, 322, 468, 234, 361, 
-370, 439, 810, -34, -590, 624, 595, 712, 322, 468, 234, 361, 
-370, 439, 810, -34, -590, 624, 595, 712, 322, 468, 234, 361, 
-370, 439, 810, -34, -590, 624, 595, 702, 312, 463, 229, 356, 
-370, 439, 810, -34, -590, 624, 590, 702, 307, 463, 224, 356, 
-370, 439, 810, -34, -590, 624, 590, 702, 302, 468, 219, 356, 
-366, 439, 805, -36, -585, 622, 585, 702, 302, 468, 214, 356, 
-341, 429, 771, -43, -556, 600, 585, 702, 302, 478, 219, 370, 
-351, 429, 780, -39, -566, 605, 585, 702, 302, 478, 224, 370, 
-351, 424, 775, -36, -563, 600, 585, 702, 297, 478, 229, 370, 
-351, 419, 771, -34, -561, 595, 585, 702, 287, 473, 234, 366, 
-361, 409, 771, -24, -566, 590, 575, 707, 278, 463, 224, 356, 
-366, 405, 771, -19, -568, 588, 575, 702, 273, 458, 224, 356, 
-370, 400, 771, -14, -570, 585, 575, 697, 263, 453, 219, 356, 
-375, 400, 775, -12, -575, 588, 570, 697, 258, 448, 219, 356, 
-366, 409, 775, -21, -570, 592, 561, 688, 248, 439, 204, 346, 
-361, 405, 766, -21, -563, 585, 561, 683, 244, 434, 204, 346, 
-351, 400, 751, -24, -551, 575, 566, 683, 239, 434, 204, 346, 
-346, 400, 746, -26, -546, 573, 570, 688, 239, 429, 204, 346, 
-346, 405, 751, -29, -549, 578, 580, 683, 239, 439, 204, 346, 
-346, 405, 751, -29, -549, 578, 580, 683, 239, 439, 204, 346, 
-346, 405, 751, -29, -549, 578, 580, 683, 239, 434, 200, 346, 
-346, 405, 751, -29, -549, 578, 585, 683, 244, 434, 195, 341, 
-361, 400, 761, -19, -561, 580, 595, 683, 244, 424, 195, 341, 
-380, 400, 780, -9, -580, 590, 595, 683, 248, 429, 195, 341, 
-380, 390, 771, -4, -575, 580, 600, 683, 248, 429, 195, 341, 
-385, 385, 771, 0, -578, 578, 600, 683, 248, 429, 195, 336, 
-395, 375, 771, 9, -583, 573, 600, 673, 258, 439, 190, 341, 
-395, 370, 766, 12, -580, 568, 600, 668, 248, 424, 180, 336, 
-395, 361, 756, 17, -575, 558, 600, 668, 239, 419, 175, 336, 
-400, 356, 756, 21, -578, 556, 605, 668, 239, 419, 175, 336, 
-390, 366, 756, 12, -573, 561, 605, 673, 239, 419, 185, 336, 
-390, 356, 746, 17, -568, 551, 605, 673, 239, 419, 185, 331, 
-390, 351, 741, 19, -566, 546, 605, 668, 239, 414, 175, 331, 
-395, 351, 746, 21, -570, 549, 610, 668, 229, 405, 170, 331, 
-400, 341, 741, 29, -570, 541, 600, 663, 214, 390, 161, 312, 
-405, 326, 732, 39, -568, 529, 600, 663, 214, 390, 161, 307, 
-405, 317, 722, 43, -563, 519, 605, 668, 214, 390, 161, 302, 
-409, 312, 722, 48, -566, 517, 610, 668, 219, 385, 161, 302, 
-405, 322, 727, 41, -566, 524, 619, 683, 219, 390, 161, 312, 
-400, 326, 727, 36, -563, 527, 614, 683, 219, 395, 161, 312, 
-395, 331, 727, 31, -561, 529, 614, 678, 219, 400, 161, 312, 
-395, 336, 732, 29, -563, 534, 614, 678, 214, 405, 161, 312, 
-400, 322, 722, 39, -561, 522, 605, 668, 204, 400, 151, 307, 
-409, 312, 722, 48, -566, 517, 610, 668, 204, 390, 146, 302, 
-409, 312, 722, 48, -566, 517, 610, 668, 204, 385, 146, 297, 
-395, 317, 712, 39, -553, 514, 610, 668, 204, 385, 151, 287, 
-395, 317, 712, 39, -553, 514, 610, 668, 209, 395, 161, 292, 
-395, 317, 712, 39, -553, 514, 610, 668, 209, 395, 156, 302, 
-395, 317, 712, 39, -553, 514, 610, 668, 209, 390, 156, 307, 
-395, 317, 712, 39, -553, 514, 605, 668, 214, 385, 156, 312, 
-395, 322, 717, 36, -556, 519, 614, 668, 214, 395, 165, 302, 
-395, 322, 717, 36, -556, 519, 619, 668, 209, 400, 165, 302, 
-395, 322, 717, 36, -556, 519, 619, 668, 209, 400, 165, 302, 
-395, 322, 717, 36, -556, 519, 619, 668, 209, 400, 165, 302, 
-385, 322, 707, 31, -546, 514, 619, 668, 204, 390, 156, 307, 
-390, 317, 707, 36, -549, 512, 624, 668, 204, 390, 156, 307, 
-390, 317, 707, 36, -549, 512, 624, 668, 204, 390, 151, 307, 
-385, 317, 702, 34, -544, 509, 624, 668, 200, 390, 151, 307, 
-395, 317, 712, 39, -553, 514, 619, 668, 209, 390, 161, 297, 
-395, 312, 707, 41, -551, 509, 619, 668, 214, 395, 161, 302, 
-395, 312, 707, 41, -551, 509, 619, 668, 214, 395, 161, 302, 
-395, 312, 707, 41, -551, 509, 619, 668, 214, 395, 161, 302, 
-405, 312, 717, 46, -561, 514, 619, 668, 204, 395, 151, 297, 
-409, 312, 722, 48, -566, 517, 619, 668, 204, 395, 156, 297, 
-409, 312, 722, 48, -566, 517, 624, 663, 204, 390, 156, 297, 
-409, 312, 722, 48, -566, 517, 624, 663, 204, 390, 156, 297, 
-405, 322, 727, 41, -566, 524, 624, 668, 214, 390, 156, 302, 
-395, 326, 722, 34, -558, 524, 624, 668, 209, 390, 156, 302, 
-390, 326, 717, 31, -553, 522, 624, 668, 209, 390, 156, 302, 
-385, 326, 712, 29, -549, 519, 624, 668, 209, 390, 156, 302, 
-395, 312, 707, 41, -551, 509, 624, 668, 200, 400, 165, 297, 
-395, 312, 707, 41, -551, 509, 624, 668, 200, 400, 165, 297, 
-395, 312, 707, 41, -551, 509, 624, 668, 200, 400, 165, 297, 
-395, 317, 712, 39, -553, 514, 624, 668, 200, 400, 165, 297, 
-395, 317, 712, 39, -553, 514, 614, 668, 209, 390, 156, 297, 
-395, 317, 712, 39, -553, 514, 614, 668, 209, 390, 156, 297, 
-395, 317, 712, 39, -553, 514, 614, 668, 209, 390, 156, 297, 
-395, 317, 712, 39, -553, 514, 619, 668, 209, 390, 156, 297, 
-390, 317, 707, 36, -549, 512, 619, 668, 209, 390, 156, 297, 
-390, 317, 707, 36, -549, 512, 614, 668, 209, 390, 156, 297, 
-390, 317, 707, 36, -549, 512, 614, 668, 209, 390, 156, 297, 
-390, 317, 707, 36, -549, 512, 614, 673, 214, 395, 156, 297, 
-390, 317, 707, 36, -549, 512, 614, 663, 214, 390, 156, 297, 
-390, 317, 707, 36, -549, 512, 614, 663, 214, 390, 156, 302, 
-390, 317, 707, 36, -549, 512, 614, 663, 214, 390, 156, 302, 
-390, 317, 707, 36, -549, 512, 614, 663, 214, 390, 156, 297, 
-380, 326, 707, 26, -544, 517, 614, 673, 219, 400, 156, 297, 
-390, 326, 717, 31, -553, 522, 619, 668, 229, 409, 165, 297, 
-400, 317, 717, 41, -558, 517, 629, 678, 234, 400, 156, 297, 
-405, 317, 722, 43, -563, 519, 644, 678, 239, 385, 136, 283, 
-409, 317, 727, 46, -568, 522, 668, 688, 258, 380, 117, 273, 
-414, 312, 727, 51, -570, 519, 688, 707, 283, 380, 112, 263, 
-414, 312, 727, 51, -570, 519, 702, 727, 312, 395, 112, 253, 
-409, 322, 732, 43, -570, 527, 707, 761, 351, 444, 151, 283, 
-409, 331, 741, 39, -575, 536, 712, 800, 400, 497, 185, 292, 
-395, 326, 722, 34, -558, 524, 727, 873, 429, 556, 229, 297, 
-351, 336, 688, 7, -519, 512, 741, 985, 473, 653, 312, 336, 
-292, 341, 634, -24, -463, 488, 766, 1141, 522, 785, 409, 385, 
-239, 346, 585, -53, -412, 466, 780, 1278, 580, 912, 512, 439, 
-195, 366, 561, -85, -378, 463, 756, 1395, 624, 1068, 649, 512, 
-102, 439, 541, -168, -322, 490, 702, 1444, 624, 1254, 834, 658, 
43, 575, 531, -309, -244, 553, 605, 1444, 585, 1439, 1068, 844, 
185, 732, 546, -458, -180, 639, 448, 1385, 502, 1620, 1307, 1044, 
297, 883, 585, -590, -143, 734, 263, 1298, 424, 1781, 1546, 1259, 
405, 1024, 619, -714, -107, 822, 112, 1239, 346, 1888, 1712, 1434, 
468, 1132, 663, -800, -97, 897, -4, 1185, 273, 1912, 1805, 1556, 
492, 1190, 697, -841, -102, 944, -82, 1117, 180, 1844, 1810, 1615, 
483, 1190, 707, -836, -112, 949, -102, 995, 73, 1664, 1698, 1605, 
453, 1161, 707, -807, -126, 934, -78, 790, -43, 1400, 1503, 1551, 
375, 1122, 746, -749, -185, 934, -87, 463, -185, 1117, 1293, 1468, 
248, 1049, 800, -649, -275, 924, -117, 126, -351, 819, 1058, 1376, 
117, 946, 829, -531, -356, 888, -78, -107, -507, 463, 795, 1229, 
-14, 824, 839, -405, -427, 832, -9, -312, -678, 68, 502, 1078, 
-126, 717, 844, -295, -485, 780, 34, -448, -829, -234, 244, 946, 
-204, 624, 829, -209, -517, 727, 73, -453, -907, -370, 73, 824, 
-258, 570, 829, -156, -544, 700, 87, -405, -936, -419, -19, 732, 
-302, 522, 824, -109, -563, 673, 87, -351, -932, -429, -68, 658, 
-302, 507, 810, -102, -556, 658, 87, -263, -888, -375, -73, 614, 
-283, 536, 819, -126, -551, 678, 102, -141, -780, -273, -48, 585, 
-283, 570, 854, -143, -568, 712, 151, -19, -624, -156, -4, 570, 
-283, 580, 863, -148, -573, 722, 209, 117, -468, -43, 43, 556, 
-268, 580, 849, -156, -558, 714, 253, 229, -351, 48, 87, 546, 
-278, 561, 839, -141, -558, 700, 297, 317, -258, 122, 107, 527, 
-287, 536, 824, -124, -556, 680, 341, 375, -175, 161, 122, 502, 
-302, 497, 800, -97, -551, 649, 390, 424, -107, 195, 122, 458, 
-322, 468, 790, -73, -556, 629, 444, 463, -29, 224, 112, 405, 
-331, 448, 780, -58, -556, 614, 478, 492, 43, 253, 122, 375, 
-341, 424, 766, -41, -553, 595, 502, 507, 87, 297, 141, 361, 
-346, 405, 751, -29, -549, 578, 522, 541, 117, 336, 146, 341, 
-346, 395, 741, -24, -544, 568, 536, 580, 151, 366, 156, 346, 
-361, 390, 751, -14, -556, 570, 551, 605, 161, 390, 175, 356, 
-370, 380, 751, -4, -561, 566, 556, 614, 170, 405, 165, 356, 
-366, 375, 741, -4, -553, 558, 575, 624, 170, 405, 165, 356, 
-385, 361, 746, 12, -566, 553, 585, 624, 195, 400, 165, 351, 
-395, 346, 741, 24, -568, 544, 605, 639, 204, 409, 180, 346, 
-395, 346, 741, 24, -568, 544, 610, 644, 214, 409, 180, 326, 
-385, 346, 732, 19, -558, 539, 624, 644, 219, 400, 165, 307, 
-390, 336, 727, 26, -558, 531, 614, 644, 219, 400, 165, 302, 
-390, 331, 722, 29, -556, 527, 610, 649, 219, 400, 165, 302, 
-390, 331, 722, 29, -556, 527, 610, 653, 229, 405, 165, 302, 
-385, 331, 717, 26, -551, 524, 614, 663, 224, 414, 165, 312, 
-385, 331, 717, 26, -551, 524, 619, 668, 224, 414, 165, 317, 
-385, 326, 712, 29, -549, 519, 624, 668, 224, 414, 165, 317, 
-385, 326, 712, 29, -549, 519, 624, 668, 224, 414, 165, 317, 
-400, 326, 727, 36, -563, 527, 634, 678, 239, 414, 175, 312, 
-400, 326, 727, 36, -563, 527, 639, 678, 239, 419, 175, 312, 
-400, 322, 722, 39, -561, 522, 644, 678, 244, 419, 180, 312, 
-400, 322, 722, 39, -561, 522, 644, 678, 248, 424, 180, 312, 
-390, 326, 717, 31, -553, 522, 639, 673, 253, 424, 170, 302, 
-390, 331, 722, 29, -556, 527, 639, 678, 253, 429, 170, 307, 
-390, 331, 722, 29, -556, 527, 639, 678, 253, 429, 170, 307, 
-390, 331, 722, 29, -556, 527, 634, 673, 253, 429, 170, 307, 
-385, 331, 717, 26, -551, 524, 624, 673, 239, 429, 175, 307, 
-385, 326, 712, 29, -549, 519, 624, 673, 239, 434, 175, 307, 
-385, 326, 712, 29, -549, 519, 624, 678, 244, 434, 175, 307, 
-385, 331, 717, 26, -551, 524, 629, 678, 248, 439, 180, 307, 
-390, 322, 712, 34, -551, 517, 629, 678, 248, 439, 180, 307, 
-395, 322, 717, 36, -556, 519, 629, 673, 253, 439, 180, 307, 
-395, 322, 717, 36, -556, 519, 629, 673, 253, 439, 180, 307, 
-400, 322, 722, 39, -561, 522, 629, 678, 258, 439, 180, 307, 
-400, 326, 727, 36, -563, 527, 629, 678, 258, 448, 185, 317, 
-395, 331, 727, 31, -561, 529, 629, 678, 253, 453, 185, 322, 
-385, 336, 722, 24, -553, 529, 629, 678, 253, 453, 185, 322, 
-375, 346, 722, 14, -549, 534, 629, 678, 258, 458, 190, 322, 
-385, 341, 727, 21, -556, 534, 629, 683, 263, 453, 195, 322, 
-385, 341, 727, 21, -556, 534, 629, 688, 263, 453, 195, 322, 
-390, 341, 732, 24, -561, 536, 629, 688, 258, 453, 195, 322, 
-395, 341, 736, 26, -566, 539, 629, 688, 258, 453, 200, 322, 
-380, 356, 736, 12, -558, 546, 629, 688, 258, 453, 200, 322, 
-370, 361, 732, 4, -551, 546, 629, 688, 258, 453, 200, 322, 
-366, 361, 727, 2, -546, 544, 629, 688, 268, 458, 200, 322, 
-356, 361, 717, -2, -536, 539, 629, 688, 268, 458, 200, 322, 
-366, 361, 727, 2, -546, 544, 639, 678, 268, 458, 204, 322, 
-375, 361, 736, 7, -556, 549, 639, 678, 268, 468, 204, 322, 
-385, 356, 741, 14, -563, 549, 639, 683, 268, 468, 204, 322, 
-395, 351, 746, 21, -570, 549, 639, 683, 268, 468, 209, 322, 
-385, 351, 736, 17, -561, 544, 629, 692, 268, 468, 209, 331, 
-380, 356, 736, 12, -558, 546, 629, 692, 268, 473, 214, 331, 
-370, 361, 732, 4, -551, 546, 624, 692, 268, 473, 214, 331, 
-366, 366, 732, 0, -549, 549, 619, 692, 268, 478, 214, 336, 
-366, 366, 732, 0, -549, 549, 629, 688, 283, 488, 224, 336, 
-366, 370, 736, -2, -551, 553, 629, 688, 283, 488, 224, 331, 
-366, 370, 736, -2, -551, 553, 629, 692, 283, 492, 224, 331, 
-366, 370, 736, -2, -551, 553, 629, 697, 283, 497, 234, 341, 
-366, 366, 732, 0, -549, 549, 629, 697, 283, 492, 224, 331, 
-366, 370, 736, -2, -551, 553, 629, 697, 283, 497, 229, 341, 
-366, 375, 741, -4, -553, 558, 629, 697, 278, 502, 229, 341, 
-356, 380, 736, -12, -546, 558, 629, 697, 273, 502, 239, 346, 
-366, 380, 746, -7, -556, 563, 619, 707, 292, 502, 244, 346, 
-366, 385, 751, -9, -558, 568, 619, 707, 292, 502, 244, 346, 
-366, 385, 751, -9, -558, 568, 619, 707, 292, 507, 248, 346, 
-356, 390, 746, -17, -551, 568, 619, 712, 292, 512, 253, 346, 
-356, 385, 741, -14, -549, 563, 619, 702, 287, 512, 253, 346, 
-356, 385, 741, -14, -549, 563, 619, 707, 287, 517, 248, 351, 
-356, 390, 746, -17, -551, 568, 619, 712, 297, 522, 248, 361, 
-356, 395, 751, -19, -553, 573, 619, 717, 297, 527, 258, 361, 
-346, 405, 751, -29, -549, 578, 629, 727, 307, 522, 263, 370, 
-346, 405, 751, -29, -549, 578, 629, 727, 307, 522, 268, 370, 
-341, 405, 746, -31, -544, 575, 629, 727, 317, 531, 273, 370, 
-341, 414, 756, -36, -549, 585, 629, 732, 317, 536, 273, 375, 
-336, 409, 746, -36, -541, 578, 629, 732, 326, 546, 278, 370, 
-336, 414, 751, -39, -544, 583, 629, 732, 331, 551, 283, 370, 
-336, 414, 751, -39, -544, 583, 624, 732, 336, 556, 287, 370, 
-341, 419, 761, -39, -551, 590, 624, 732, 336, 561, 292, 375, 
-331, 424, 756, -46, -544, 590, 629, 741, 341, 566, 307, 390, 
-331, 424, 756, -46, -544, 590, 624, 741, 341, 570, 307, 395, 
-326, 424, 751, -48, -539, 588, 624, 746, 351, 570, 312, 395, 
-326, 434, 761, -53, -544, 597, 624, 746, 351, 570, 317, 395, 
-331, 448, 780, -58, -556, 614, 619, 741, 346, 575, 312, 405, 
-326, 453, 780, -63, -553, 617, 619, 741, 346, 580, 317, 405, 
-326, 458, 785, -65, -556, 622, 619, 741, 351, 585, 317, 414, 
-322, 458, 780, -68, -551, 619, 619, 741, 356, 590, 322, 414, 
-326, 458, 785, -65, -556, 622, 619, 741, 351, 605, 326, 405, 
-326, 468, 795, -70, -561, 631, 619, 746, 356, 610, 331, 409, 
-331, 463, 795, -65, -563, 629, 614, 746, 356, 614, 336, 409, 
-346, 458, 805, -56, -575, 631, 614, 746, 356, 619, 336, 419, 
-336, 463, 800, -63, -568, 631, 614, 746, 370, 624, 341, 429, 
-331, 468, 800, -68, -566, 634, 610, 741, 370, 624, 346, 434, 
-326, 473, 800, -73, -563, 636, 610, 741, 375, 624, 351, 434, 
-326, 478, 805, -75, -566, 641, 610, 741, 375, 624, 356, 434, 
-312, 483, 795, -85, -553, 639, 610, 741, 375, 629, 356, 439, 
-307, 497, 805, -95, -556, 651, 610, 741, 375, 634, 356, 448, 
-307, 507, 814, -100, -561, 661, 610, 741, 380, 634, 356, 448, 
-302, 512, 814, -104, -558, 663, 605, 741, 380, 634, 361, 448, 
-307, 502, 810, -97, -558, 656, 595, 741, 380, 639, 351, 458, 
-307, 507, 814, -100, -561, 661, 595, 741, 380, 639, 356, 463, 
-307, 507, 814, -100, -561, 661, 595, 736, 380, 639, 356, 463, 
-302, 512, 814, -104, -558, 663, 595, 736, 380, 639, 356, 468, 
-302, 512, 814, -104, -558, 663, 600, 746, 385, 629, 366, 468, 
-302, 512, 814, -104, -558, 663, 600, 736, 385, 624, 366, 468, 
-297, 517, 814, -109, -556, 666, 600, 732, 385, 624, 366, 468, 
-297, 522, 819, -112, -558, 671, 600, 732, 385, 624, 366, 473, 
-292, 527, 819, -117, -556, 673, 590, 722, 380, 624, 366, 473, 
-292, 527, 819, -117, -556, 673, 590, 717, 380, 624, 366, 468, 
-297, 527, 824, -114, -561, 675, 585, 712, 380, 624, 370, 463, 
-297, 527, 824, -114, -561, 675, 580, 712, 380, 624, 370, 458, 
-297, 531, 829, -117, -563, 680, 590, 712, 375, 624, 361, 473, 
-292, 531, 824, -119, -558, 678, 585, 702, 375, 624, 361, 473, 
-292, 536, 829, -122, -561, 683, 585, 697, 375, 624, 361, 478, 
-292, 536, 829, -122, -561, 683, 585, 697, 375, 624, 361, 478, 
-302, 536, 839, -117, -570, 688, 580, 692, 375, 614, 361, 478, 
-302, 536, 839, -117, -570, 688, 580, 692, 375, 610, 366, 478, 
-297, 536, 834, -119, -566, 685, 580, 697, 375, 610, 366, 478, 
-297, 541, 839, -122, -568, 690, 580, 697, 375, 610, 366, 483, 
-287, 531, 819, -122, -553, 675, 570, 683, 375, 614, 366, 483, 
-287, 531, 819, -122, -553, 675, 570, 683, 375, 614, 366, 483, 
-287, 527, 814, -119, -551, 671, 575, 683, 380, 614, 366, 483, 
-283, 527, 810, -122, -546, 668, 580, 683, 380, 614, 361, 478, 
-287, 527, 814, -119, -551, 671, 580, 688, 370, 610, 361, 488, 
-287, 527, 814, -119, -551, 671, 580, 683, 370, 610, 356, 483, 
-292, 522, 814, -114, -553, 668, 580, 678, 370, 600, 351, 483, 
-292, 517, 810, -112, -551, 663, 580, 678, 361, 595, 341, 478, 
-297, 522, 819, -112, -558, 671, 580, 668, 370, 590, 346, 463, 
-292, 512, 805, -109, -549, 658, 580, 668, 370, 585, 346, 463, 
-287, 512, 800, -112, -544, 656, 585, 668, 370, 585, 341, 463, 
-283, 502, 785, -109, -534, 644, 590, 668, 370, 585, 336, 463, 
-287, 492, 780, -102, -534, 636, 590, 668, 361, 580, 326, 453, 
-297, 488, 785, -95, -541, 636, 590, 668, 356, 575, 322, 448, 
-307, 488, 795, -90, -551, 641, 590, 663, 351, 566, 312, 448, 
-322, 478, 800, -78, -561, 639, 595, 663, 341, 556, 307, 444, 
-312, 473, 785, -80, -549, 629, 595, 653, 341, 536, 302, 439, 
-312, 468, 780, -78, -546, 624, 595, 649, 336, 527, 287, 434, 
-312, 458, 771, -73, -541, 614, 600, 649, 331, 522, 283, 429, 
-317, 448, 766, -65, -541, 607, 605, 649, 331, 517, 283, 424, 
-317, 448, 766, -65, -541, 607, 605, 639, 326, 517, 273, 419, 
-322, 448, 771, -63, -546, 610, 610, 639, 322, 512, 263, 414, 
-322, 444, 766, -61, -544, 605, 610, 639, 317, 502, 263, 409, 
-331, 439, 771, -53, -551, 605, 605, 639, 312, 497, 258, 400, 
-341, 429, 771, -43, -556, 600, 605, 634, 307, 488, 253, 400, 
-336, 419, 756, -41, -546, 588, 614, 634, 307, 483, 244, 395, 
-336, 405, 741, -34, -539, 573, 619, 634, 307, 478, 244, 390, 
-341, 400, 741, -29, -541, 570, 619, 634, 302, 478, 239, 390, 
-346, 405, 751, -29, -549, 578, 610, 629, 287, 473, 239, 385, 
-346, 405, 751, -29, -549, 578, 610, 624, 287, 468, 234, 385, 
-346, 395, 741, -24, -544, 568, 610, 619, 287, 468, 229, 385, 
-346, 395, 741, -24, -544, 568, 614, 619, 287, 468, 229, 385, 
-341, 390, 732, -24, -536, 561, 614, 619, 292, 473, 224, 385, 
-346, 390, 736, -21, -541, 563, 610, 614, 287, 468, 219, 385, 
-346, 390, 736, -21, -541, 563, 610, 614, 278, 463, 219, 380, 
-341, 390, 732, -24, -536, 561, 614, 614, 278, 463, 219, 380, 
-341, 390, 732, -24, -536, 561, 624, 619, 283, 463, 224, 380, 
-341, 390, 732, -24, -536, 561, 624, 624, 287, 463, 224, 385, 
-341, 385, 727, -21, -534, 556, 629, 624, 287, 463, 224, 385, 
-341, 385, 727, -21, -534, 556, 629, 614, 278, 463, 224, 380, 
-346, 385, 732, -19, -539, 558, 624, 605, 268, 463, 214, 370, 
-346, 385, 732, -19, -539, 558, 624, 605, 268, 458, 214, 370, 
-346, 385, 732, -19, -539, 558, 624, 605, 268, 458, 214, 370, 
-346, 385, 732, -19, -539, 558, 624, 605, 273, 458, 214, 370, 
-356, 385, 741, -14, -549, 563, 624, 614, 283, 458, 214, 375, 
-356, 385, 741, -14, -549, 563, 624, 614, 283, 453, 214, 375, 
-356, 385, 741, -14, -549, 563, 624, 614, 283, 453, 214, 370, 
-356, 385, 741, -14, -549, 563, 624, 614, 283, 458, 214, 370, 
-356, 385, 741, -14, -549, 563, 634, 614, 273, 458, 214, 380, 
-356, 380, 736, -12, -546, 558, 634, 614, 273, 458, 214, 380, 
-356, 375, 732, -9, -544, 553, 634, 614, 273, 458, 214, 385, 
-356, 375, 732, -9, -544, 553, 629, 614, 273, 458, 214, 385, 
-366, 375, 741, -4, -553, 558, 619, 605, 273, 448, 224, 375, 
-366, 375, 741, -4, -553, 558, 624, 600, 273, 448, 224, 375, 
-366, 370, 736, -2, -551, 553, 629, 600, 273, 448, 224, 370, 
-366, 366, 732, 0, -549, 549, 629, 600, 273, 448, 224, 366, 
-361, 375, 736, -7, -549, 556, 629, 600, 273, 448, 219, 375, 
-356, 375, 732, -9, -544, 553, 629, 600, 273, 448, 219, 375, 
-356, 375, 732, -9, -544, 553, 629, 600, 278, 453, 219, 380, 
-351, 375, 727, -12, -539, 551, 629, 600, 278, 453, 219, 380, 
-356, 385, 741, -14, -549, 563, 634, 614, 278, 463, 219, 380, 
-356, 385, 741, -14, -549, 563, 634, 614, 273, 463, 219, 380, 
-356, 380, 736, -12, -546, 558, 634, 614, 273, 463, 219, 380, 
-356, 380, 736, -12, -546, 558, 639, 614, 273, 463, 219, 380, 
-366, 370, 736, -2, -551, 553, 639, 605, 273, 463, 219, 370, 
-366, 370, 736, -2, -551, 553, 634, 605, 273, 463, 219, 370, 
-366, 370, 736, -2, -551, 553, 634, 605, 273, 463, 219, 370, 
-366, 370, 736, -2, -551, 553, 634, 605, 273, 463, 219, 370, 
-356, 370, 727, -7, -541, 549, 634, 605, 273, 463, 219, 380, 
-356, 375, 732, -9, -544, 553, 634, 605, 273, 463, 219, 380, 
-356, 380, 736, -12, -546, 558, 634, 605, 268, 463, 219, 380, 
-356, 385, 741, -14, -549, 563, 634, 605, 268, 463, 219, 380, 
-366, 375, 741, -4, -553, 558, 624, 605, 268, 453, 219, 380, 
-366, 375, 741, -4, -553, 558, 629, 605, 268, 453, 219, 380, 
-370, 375, 746, -2, -558, 561, 629, 605, 268, 453, 219, 380, 
-370, 375, 746, -2, -558, 561, 629, 605, 268, 453, 219, 380, 
-356, 375, 732, -9, -544, 553, 634, 605, 268, 463, 219, 375, 
-356, 375, 732, -9, -544, 553, 634, 605, 273, 463, 219, 375, 
-356, 375, 732, -9, -544, 553, 634, 605, 273, 463, 219, 375, 
-356, 375, 732, -9, -544, 553, 629, 605, 273, 463, 219, 375, 
-356, 375, 732, -9, -544, 553, 639, 595, 273, 453, 209, 366, 
-356, 370, 727, -7, -541, 549, 639, 595, 268, 453, 209, 366, 
-356, 370, 727, -7, -541, 549, 639, 595, 268, 453, 204, 366, 
-361, 366, 727, -2, -544, 546, 639, 595, 268, 453, 204, 366, 
-361, 366, 727, -2, -544, 546, 644, 605, 278, 458, 209, 375, 
-361, 366, 727, -2, -544, 546, 644, 605, 278, 458, 214, 375, 
-361, 370, 732, -4, -546, 551, 644, 600, 278, 458, 219, 370, 
-361, 370, 732, -4, -546, 551, 644, 600, 278, 458, 219, 370, 
-361, 356, 717, 2, -539, 536, 644, 590, 273, 448, 209, 356, 
-366, 356, 722, 4, -544, 539, 639, 590, 268, 448, 209, 356, 
-370, 351, 722, 9, -546, 536, 639, 590, 268, 444, 209, 356, 
-370, 351, 722, 9, -546, 536, 639, 590, 263, 444, 209, 356, 
-361, 366, 727, -2, -544, 546, 639, 600, 263, 444, 209, 366, 
-361, 366, 727, -2, -544, 546, 644, 600, 263, 444, 204, 366, 
-366, 356, 722, 4, -544, 539, 644, 600, 258, 439, 204, 366, 
-366, 346, 712, 9, -539, 529, 644, 595, 258, 439, 204, 366, 
-370, 346, 717, 12, -544, 531, 644, 590, 268, 448, 209, 366, 
-370, 351, 722, 9, -546, 536, 644, 590, 268, 448, 214, 366, 
-370, 351, 722, 9, -546, 536, 644, 590, 268, 448, 214, 356, 
-370, 346, 717, 12, -544, 531, 644, 585, 268, 448, 219, 356, 
-370, 336, 707, 17, -539, 522, 644, 585, 253, 439, 214, 361, 
-366, 336, 702, 14, -534, 519, 644, 585, 253, 434, 214, 361, 
-366, 336, 702, 14, -534, 519, 644, 590, 253, 434, 214, 361, 
-366, 336, 702, 14, -534, 519, 644, 590, 253, 434, 214, 356, 
-380, 331, 712, 24, -546, 522, 644, 585, 244, 434, 209, 351, 
-380, 331, 712, 24, -546, 522, 644, 585, 244, 429, 209, 351, 
-380, 336, 717, 21, -549, 527, 644, 585, 244, 429, 209, 351, 
-375, 336, 712, 19, -544, 524, 644, 585, 244, 429, 204, 351, 
-375, 336, 712, 19, -544, 524, 634, 575, 244, 429, 195, 351, 
-375, 341, 717, 17, -546, 529, 639, 575, 239, 429, 200, 351, 
-375, 341, 717, 17, -546, 529, 639, 575, 239, 429, 200, 351, 
-375, 341, 717, 17, -546, 529, 639, 575, 239, 429, 200, 346, 
-366, 351, 717, 7, -541, 534, 639, 575, 239, 429, 200, 346, 
-366, 351, 717, 7, -541, 534, 639, 580, 239, 429, 195, 351, 
-366, 346, 712, 9, -539, 529, 639, 580, 239, 429, 195, 351, 
-366, 346, 712, 9, -539, 529, 639, 580, 239, 429, 200, 351, 
-370, 341, 712, 14, -541, 527, 639, 590, 248, 429, 200, 351, 
-370, 341, 712, 14, -541, 527, 644, 585, 248, 429, 200, 351, 
-370, 341, 712, 14, -541, 527, 649, 585, 244, 429, 200, 351, 
-370, 346, 717, 12, -544, 531, 653, 585, 244, 424, 200, 351, 
-370, 346, 717, 12, -544, 531, 653, 575, 244, 424, 200, 351, 
-370, 336, 707, 17, -539, 522, 653, 575, 244, 424, 195, 346, 
-370, 331, 702, 19, -536, 517, 653, 575, 244, 424, 195, 346, 
-370, 331, 702, 19, -536, 517, 653, 575, 244, 424, 195, 346, 
-370, 331, 702, 19, -536, 517, 653, 575, 244, 434, 195, 356, 
-370, 331, 702, 19, -536, 517, 653, 575, 244, 434, 195, 356, 
-370, 331, 702, 19, -536, 517, 653, 575, 244, 434, 195, 356, 
-370, 336, 707, 17, -539, 522, 663, 580, 248, 434, 195, 356, 
-370, 331, 702, 19, -536, 517, 653, 580, 239, 434, 195, 346, 
-370, 331, 702, 19, -536, 517, 653, 575, 239, 434, 195, 346, 
-370, 331, 702, 19, -536, 517, 649, 575, 239, 434, 195, 346, 
-375, 336, 712, 19, -544, 524, 649, 575, 239, 434, 195, 346, 
-375, 336, 712, 19, -544, 524, 649, 570, 229, 424, 200, 341, 
-375, 336, 712, 19, -544, 524, 653, 570, 229, 429, 200, 346, 
-375, 336, 712, 19, -544, 524, 653, 570, 234, 429, 200, 346, 
-370, 336, 707, 17, -539, 522, 653, 570, 234, 429, 200, 351, 
-370, 341, 712, 14, -541, 527, 653, 575, 244, 424, 195, 351, 
-375, 341, 717, 17, -546, 529, 653, 575, 248, 429, 200, 351, 
-380, 341, 722, 19, -551, 531, 653, 575, 253, 434, 204, 351, 
-385, 346, 732, 19, -558, 539, 653, 575, 258, 434, 204, 351, 
-370, 361, 732, 4, -551, 546, 653, 575, 263, 448, 214, 351, 
-366, 375, 741, -4, -553, 558, 653, 575, 263, 448, 214, 356, 
-361, 380, 741, -9, -551, 561, 653, 575, 263, 453, 214, 361, 
-356, 385, 741, -14, -549, 563, 653, 575, 273, 453, 214, 366, 
-370, 385, 756, -7, -563, 570, 658, 580, 283, 463, 214, 366, 
-375, 385, 761, -4, -568, 573, 658, 580, 283, 463, 214, 366, 
-375, 390, 766, -7, -570, 578, 658, 580, 283, 468, 219, 375, 
-380, 390, 771, -4, -575, 580, 658, 580, 287, 468, 229, 375, 
-380, 390, 771, -4, -575, 580, 663, 570, 278, 463, 229, 366, 
-380, 390, 771, -4, -575, 580, 663, 570, 278, 463, 224, 366, 
-375, 390, 766, -7, -570, 578, 668, 570, 283, 458, 224, 370, 
-375, 395, 771, -9, -573, 583, 673, 570, 287, 453, 224, 375, 
-375, 405, 780, -14, -578, 592, 663, 575, 287, 473, 234, 375, 
-366, 405, 771, -19, -568, 588, 653, 575, 287, 473, 224, 380, 
-375, 395, 771, -9, -573, 583, 658, 575, 297, 473, 214, 380, 
-380, 390, 771, -4, -575, 580, 653, 575, 302, 468, 224, 370, 
-370, 400, 771, -14, -570, 585, 644, 575, 302, 478, 234, 380, 
-370, 400, 771, -14, -570, 585, 644, 575, 302, 478, 234, 380, 
-370, 400, 771, -14, -570, 585, 644, 575, 302, 478, 234, 380, 
-370, 400, 771, -14, -570, 585, 644, 575, 302, 478, 234, 380, 
-366, 400, 766, -17, -566, 583, 653, 575, 302, 463, 234, 385, 
-361, 400, 761, -19, -561, 580, 649, 575, 297, 463, 234, 385, 
-356, 400, 756, -21, -556, 578, 649, 575, 292, 468, 234, 385, 
-346, 400, 746, -26, -546, 573, 644, 575, 292, 468, 234, 385, 
-336, 409, 746, -36, -541, 578, 634, 575, 292, 478, 234, 380, 
-351, 409, 761, -29, -556, 585, 634, 575, 292, 478, 234, 380, 
-356, 405, 761, -24, -558, 583, 634, 575, 287, 478, 234, 380, 
-361, 400, 761, -19, -561, 580, 634, 575, 278, 473, 234, 375, 
-375, 395, 771, -9, -573, 583, 634, 570, 268, 463, 229, 375, 
-375, 385, 761, -4, -568, 573, 634, 566, 263, 458, 224, 375, 
-375, 375, 751, 0, -563, 563, 634, 561, 253, 453, 214, 375, 
-375, 370, 746, 2, -561, 558, 629, 561, 248, 448, 209, 375, 
-361, 370, 732, -4, -546, 551, 629, 561, 248, 458, 214, 385, 
-361, 366, 727, -2, -544, 546, 629, 556, 244, 453, 214, 385, 
-356, 361, 717, -2, -536, 539, 634, 556, 239, 453, 214, 385, 
-356, 361, 717, -2, -536, 539, 639, 561, 239, 448, 214, 385, 
-356, 366, 722, -4, -539, 544, 639, 566, 229, 439, 214, 375, 
-356, 366, 722, -4, -539, 544, 639, 566, 229, 439, 214, 375, 
-356, 366, 722, -4, -539, 544, 639, 566, 229, 434, 209, 375, 
-356, 366, 722, -4, -539, 544, 644, 566, 234, 434, 204, 370, 
-351, 361, 712, -4, -531, 536, 653, 556, 234, 434, 214, 380, 
-370, 361, 732, 4, -551, 546, 653, 556, 239, 439, 214, 380, 
-370, 351, 722, 9, -546, 536, 658, 556, 239, 439, 214, 380, 
-375, 346, 722, 14, -549, 534, 658, 556, 239, 439, 214, 375, 
-375, 351, 727, 12, -551, 539, 658, 556, 248, 439, 219, 380, 
-375, 351, 727, 12, -551, 539, 658, 551, 239, 424, 209, 375, 
-375, 346, 722, 14, -549, 534, 658, 551, 229, 419, 204, 375, 
-380, 346, 727, 17, -553, 536, 663, 551, 229, 419, 204, 375, 
-380, 346, 727, 17, -553, 536, 663, 546, 219, 419, 195, 366, 
-380, 336, 717, 21, -549, 527, 663, 546, 219, 419, 195, 361, 
-380, 331, 712, 24, -546, 522, 663, 541, 219, 414, 185, 361, 
-385, 331, 717, 26, -551, 524, 668, 541, 209, 405, 180, 361, 
-390, 317, 707, 36, -549, 512, 668, 536, 204, 409, 170, 351, 
-395, 307, 702, 43, -549, 505, 668, 536, 204, 409, 170, 346, 
-395, 302, 697, 46, -546, 500, 673, 541, 204, 409, 170, 341, 
-400, 302, 702, 48, -551, 502, 678, 541, 209, 405, 170, 341, 
-390, 297, 688, 46, -539, 492, 668, 546, 200, 395, 161, 341, 
-390, 297, 688, 46, -539, 492, 663, 546, 200, 395, 161, 341, 
-390, 297, 688, 46, -539, 492, 663, 541, 200, 395, 161, 341, 
-395, 297, 692, 48, -544, 495, 663, 541, 195, 395, 161, 341, 
-400, 292, 692, 53, -546, 492, 673, 541, 195, 395, 161, 341, 
-409, 283, 692, 63, -551, 488, 678, 541, 195, 390, 156, 341, 
-409, 283, 692, 63, -551, 488, 678, 541, 195, 390, 156, 341, 
-395, 287, 683, 53, -539, 485, 678, 541, 195, 395, 161, 336, 
-395, 297, 692, 48, -544, 495, 678, 541, 200, 395, 170, 326, 
-395, 297, 692, 48, -544, 495, 678, 541, 200, 395, 165, 331, 
-395, 297, 692, 48, -544, 495, 678, 541, 200, 390, 165, 331, 
-395, 297, 692, 48, -544, 495, 673, 541, 204, 385, 165, 331, 
-405, 292, 697, 56, -551, 495, 673, 541, 204, 395, 165, 341, 
-405, 292, 697, 56, -551, 495, 678, 541, 200, 400, 165, 341, 
-405, 292, 697, 56, -551, 495, 678, 541, 200, 400, 165, 341, 
-405, 292, 697, 56, -551, 495, 678, 541, 200, 400, 165, 341, 
-405, 292, 697, 56, -551, 495, 678, 541, 204, 390, 165, 336, 
-409, 287, 697, 61, -553, 492, 683, 541, 204, 390, 165, 336, 
-409, 287, 697, 61, -553, 492, 683, 541, 204, 390, 161, 336, 
-405, 287, 692, 58, -549, 490, 683, 541, 200, 390, 161, 336, 
-405, 287, 692, 58, -549, 490, 688, 531, 195, 390, 161, 326, 
-405, 283, 688, 61, -546, 485, 688, 531, 195, 395, 161, 331, 
-405, 283, 688, 61, -546, 485, 688, 531, 190, 395, 161, 331, 
-405, 283, 688, 61, -546, 485, 688, 531, 185, 395, 161, 331, 
-395, 283, 678, 56, -536, 480, 678, 541, 185, 395, 161, 336, 
-400, 283, 683, 58, -541, 483, 678, 541, 185, 395, 165, 336, 
-400, 283, 683, 58, -541, 483, 683, 536, 185, 390, 165, 336, 
-400, 283, 683, 58, -541, 483, 683, 536, 185, 390, 165, 336, 
-409, 283, 692, 63, -551, 488, 683, 541, 195, 400, 165, 331, 
-405, 287, 692, 58, -549, 490, 683, 541, 190, 400, 165, 331, 
-405, 287, 692, 58, -549, 490, 683, 541, 190, 400, 165, 331, 
-405, 287, 692, 58, -549, 490, 683, 541, 190, 400, 165, 331, 
-395, 292, 688, 51, -541, 490, 683, 531, 190, 400, 165, 336, 
-395, 292, 688, 51, -541, 490, 683, 531, 190, 400, 165, 336, 
-395, 292, 688, 51, -541, 490, 683, 531, 190, 400, 165, 336, 
-395, 297, 692, 48, -544, 495, 683, 531, 190, 400, 165, 336, 
-395, 297, 692, 48, -544, 495, 683, 531, 190, 400, 165, 336, 
-395, 297, 692, 48, -544, 495, 683, 531, 190, 400, 165, 336, 
-395, 297, 692, 48, -544, 495, 683, 531, 190, 400, 165, 336, 
-395, 297, 692, 48, -544, 495, 688, 531, 190, 400, 165, 336, 
-400, 287, 688, 56, -544, 488, 688, 541, 190, 400, 165, 336, 
-400, 287, 688, 56, -544, 488, 683, 541, 190, 400, 165, 336, 
-400, 287, 688, 56, -544, 488, 683, 541, 190, 400, 165, 336, 
-400, 287, 688, 56, -544, 488, 683, 546, 195, 405, 165, 336, 
-390, 287, 678, 51, -534, 483, 692, 536, 195, 400, 175, 346, 
-390, 287, 678, 51, -534, 483, 692, 536, 195, 400, 175, 351, 
-390, 287, 678, 51, -534, 483, 692, 536, 195, 400, 175, 351, 
-390, 287, 678, 51, -534, 483, 692, 536, 195, 400, 175, 346, 
-400, 297, 697, 51, -549, 497, 692, 546, 209, 409, 175, 346, 
-390, 307, 697, 41, -544, 502, 697, 551, 219, 409, 175, 346, 
-390, 307, 697, 41, -544, 502, 707, 561, 224, 409, 175, 336, 
-405, 297, 702, 53, -553, 500, 702, 561, 229, 395, 165, 322, 
-419, 287, 707, 65, -563, 497, 717, 561, 239, 380, 136, 302, 
-424, 292, 717, 65, -570, 505, 736, 570, 263, 380, 122, 292, 
-424, 292, 717, 65, -570, 505, 761, 610, 302, 405, 131, 302, 
-429, 302, 732, 63, -580, 517, 775, 644, 341, 453, 161, 302, 
-419, 302, 722, 58, -570, 512, 790, 683, 380, 497, 204, 322, 
-395, 307, 702, 43, -549, 505, 805, 736, 419, 556, 248, 336, 
-341, 326, 668, 7, -505, 497, 819, 839, 444, 653, 312, 366, 
-273, 331, 605, -29, -439, 468, 824, 976, 473, 756, 400, 405, 
-229, 326, 556, -48, -392, 441, 839, 1132, 522, 883, 502, 458, 
-185, 356, 541, -85, -363, 448, 834, 1259, 575, 1039, 649, 551, 
-92, 429, 522, -168, -307, 475, 771, 1327, 595, 1215, 824, 688, 
43, 527, 483, -285, -219, 505, 673, 1337, 556, 1390, 1029, 854, 
156, 644, 488, -400, -165, 566, 527, 1288, 473, 1561, 1259, 1044, 
278, 805, 527, -541, -124, 666, 351, 1200, 385, 1722, 1498, 1259, 
414, 966, 551, -690, -68, 758, 200, 1132, 317, 1849, 1693, 1444, 
517, 1083, 566, -800, -24, 824, 92, 1088, 244, 1883, 1805, 1576, 
551, 1161, 610, -856, -29, 885, 14, 1029, 151, 1825, 1820, 1654, 
522, 1161, 639, -841, -58, 900, -4, 936, 53, 1654, 1717, 1664, 
473, 1112, 639, -793, -82, 875, 0, 722, -53, 1390, 1522, 1600, 
375, 1054, 678, -714, -151, 866, -19, 385, -195, 1098, 1293, 1517, 
239, 1019, 780, -629, -270, 900, -39, 58, -341, 810, 1068, 1424, 
107, 927, 819, -517, -356, 873, 0, -195, -488, 473, 814, 1298, 
-14, 795, 810, -390, -412, 802, 48, -409, -658, 87, 502, 1137, 
-117, 678, 795, -280, -456, 736, 92, -575, -810, -234, 244, 985, 
-204, 595, 800, -195, -502, 697, 141, -600, -888, -370, 92, 873, 
-268, 522, 790, -126, -529, 656, 175, -541, -927, -409, 9, 780, 
-292, 473, 766, -90, -529, 619, 165, -497, -951, -419, -58, 697, 
-292, 458, 751, -82, -522, 605, 146, -419, -927, -385, -73, 644, 
-292, 488, 780, -97, -536, 634, 161, -297, -810, -283, -39, 634, 
-292, 531, 824, -119, -558, 678, 219, -156, -644, -165, 4, 610, 
-292, 551, 844, -129, -568, 697, 287, -19, -497, -53, 53, 595, 
-287, 551, 839, -131, -563, 695, 331, 102, -370, 39, 87, 585, 
-297, 522, 819, -112, -558, 671, 366, 190, -278, 102, 107, 566, 
-287, 507, 795, -109, -541, 651, 419, 258, -195, 161, 122, 531, 
-283, 488, 771, -102, -527, 629, 478, 307, -117, 195, 122, 488, 
-292, 448, 741, -78, -517, 595, 522, 346, -48, 224, 122, 434, 
-341, 419, 761, -39, -551, 590, 556, 366, 14, 273, 151, 405, 
-380, 405, 785, -12, -583, 595, 580, 400, 78, 326, 170, 400, 
-366, 395, 761, -14, -563, 578, 610, 424, 117, 346, 175, 390, 
-356, 385, 741, -14, -549, 563, 624, 463, 131, 356, 175, 385, 
-370, 370, 741, 0, -556, 556, 629, 488, 141, 380, 175, 395, 
-380, 351, 732, 14, -556, 541, 634, 497, 161, 395, 175, 395, 
-375, 346, 722, 14, -549, 534, 653, 497, 170, 395, 175, 395, 
-375, 331, 707, 21, -541, 519, 673, 507, 175, 400, 175, 390, 
-375, 326, 702, 24, -539, 514, 683, 512, 195, 400, 180, 375, 
-375, 326, 702, 24, -539, 514, 688, 517, 195, 409, 190, 356, 
-380, 326, 707, 26, -544, 517, 702, 517, 209, 409, 185, 356, 
-390, 317, 707, 36, -549, 512, 692, 517, 209, 409, 185, 351, 
-395, 312, 707, 41, -551, 509, 688, 522, 209, 409, 185, 351, 
-400, 312, 712, 43, -556, 512, 688, 527, 219, 414, 185, 351, 
-385, 322, 707, 31, -546, 514, 683, 546, 214, 424, 185, 351, 
-385, 322, 707, 31, -546, 514, 688, 551, 214, 424, 185, 356, 
-385, 317, 702, 34, -544, 509, 692, 551, 214, 424, 185, 356, 
-385, 317, 702, 34, -544, 509, 692, 551, 214, 424, 185, 356, 
-400, 307, 707, 46, -553, 507, 692, 551, 209, 424, 185, 341, 
-400, 307, 707, 46, -553, 507, 697, 551, 209, 429, 185, 341, 
-400, 302, 702, 48, -551, 502, 702, 551, 214, 429, 190, 341, 
-400, 302, 702, 48, -551, 502, 702, 551, 219, 434, 190, 341, 
-390, 307, 697, 41, -544, 502, 697, 556, 229, 434, 190, 351, 
-390, 312, 702, 39, -546, 507, 697, 561, 234, 439, 190, 356, 
-390, 312, 702, 39, -546, 507, 697, 561, 239, 439, 190, 356, 
-390, 312, 702, 39, -546, 507, 692, 556, 244, 439, 190, 356, 
-375, 317, 692, 29, -534, 505, 692, 546, 229, 439, 185, 346, 
-375, 317, 692, 29, -534, 505, 692, 546, 229, 444, 185, 346, 
-375, 322, 697, 26, -536, 509, 692, 551, 234, 444, 185, 346, 
-375, 331, 707, 21, -541, 519, 697, 551, 239, 448, 190, 346, 
-380, 331, 712, 24, -546, 522, 707, 561, 248, 448, 200, 356, 
-385, 331, 717, 26, -551, 524, 707, 556, 253, 448, 200, 356, 
-385, 331, 717, 26, -551, 524, 707, 556, 253, 448, 200, 356, 
-390, 331, 722, 29, -556, 527, 707, 561, 258, 448, 200, 356, 
-385, 326, 712, 29, -549, 519, 697, 551, 248, 448, 204, 346, 
-385, 322, 707, 31, -546, 514, 697, 551, 244, 453, 204, 351, 
-380, 317, 697, 31, -539, 507, 697, 551, 244, 453, 204, 351, 
-375, 317, 692, 29, -534, 505, 697, 551, 248, 458, 209, 351, 
-375, 331, 707, 21, -541, 519, 697, 556, 253, 463, 214, 361, 
-375, 331, 707, 21, -541, 519, 697, 561, 253, 463, 214, 361, 
-380, 331, 712, 24, -546, 522, 697, 561, 248, 463, 214, 361, 
-385, 331, 717, 26, -551, 524, 697, 561, 248, 463, 219, 361, 
-395, 336, 732, 29, -563, 534, 688, 561, 258, 453, 219, 361, 
-390, 341, 732, 24, -561, 536, 688, 561, 258, 453, 219, 361, 
-390, 341, 732, 24, -561, 536, 688, 561, 268, 458, 219, 361, 
-385, 341, 727, 21, -556, 534, 688, 561, 268, 458, 219, 361, 
-375, 356, 732, 9, -553, 544, 697, 561, 268, 458, 224, 370, 
-375, 361, 736, 7, -556, 549, 697, 561, 268, 468, 224, 370, 
-375, 361, 736, 7, -556, 549, 697, 566, 268, 468, 224, 370, 
-375, 361, 736, 7, -556, 549, 697, 566, 268, 468, 229, 370, 
-375, 366, 741, 4, -558, 553, 697, 570, 258, 478, 239, 370, 
-370, 366, 736, 2, -553, 551, 697, 575, 258, 483, 244, 370, 
-361, 366, 727, -2, -544, 546, 692, 580, 258, 483, 244, 370, 
-356, 366, 722, -4, -539, 544, 688, 585, 258, 488, 244, 375, 
-356, 366, 722, -4, -539, 544, 697, 570, 273, 488, 234, 375, 
-356, 370, 727, -7, -541, 549, 697, 570, 273, 488, 234, 370, 
-356, 370, 727, -7, -541, 549, 697, 575, 273, 492, 234, 370, 
-356, 370, 727, -7, -541, 549, 697, 580, 273, 497, 244, 380, 
-361, 370, 732, -4, -546, 551, 707, 590, 268, 502, 253, 380, 
-366, 370, 736, -2, -551, 553, 707, 590, 273, 507, 258, 390, 
-370, 370, 741, 0, -556, 556, 707, 590, 273, 512, 258, 390, 
-366, 370, 736, -2, -551, 553, 707, 590, 273, 512, 268, 395, 
-366, 370, 736, -2, -551, 553, 702, 590, 283, 507, 268, 385, 
-366, 375, 741, -4, -553, 558, 697, 590, 283, 502, 263, 385, 
-366, 375, 741, -4, -553, 558, 692, 590, 283, 502, 263, 385, 
-356, 380, 736, -12, -546, 558, 688, 595, 283, 502, 263, 385, 
-366, 375, 741, -4, -553, 558, 697, 585, 287, 512, 268, 395, 
-366, 375, 741, -4, -553, 558, 697, 590, 287, 517, 268, 400, 
-366, 380, 746, -7, -556, 563, 697, 595, 297, 522, 273, 409, 
-366, 385, 751, -9, -558, 568, 697, 600, 297, 527, 287, 409, 
-366, 395, 761, -14, -563, 578, 688, 600, 297, 522, 287, 409, 
-366, 395, 761, -14, -563, 578, 688, 600, 297, 522, 287, 409, 
-361, 395, 756, -17, -558, 575, 688, 600, 307, 531, 287, 409, 
-361, 405, 766, -21, -563, 585, 688, 605, 307, 536, 283, 414, 
-351, 419, 771, -34, -561, 595, 688, 614, 297, 536, 287, 419, 
-346, 424, 771, -39, -558, 597, 688, 614, 302, 541, 292, 419, 
-341, 424, 766, -41, -553, 595, 683, 614, 307, 546, 297, 419, 
-341, 429, 771, -43, -556, 600, 683, 614, 307, 551, 302, 424, 
-341, 434, 775, -46, -558, 605, 683, 624, 322, 556, 307, 429, 
-341, 434, 775, -46, -558, 605, 683, 624, 322, 561, 307, 434, 
-336, 434, 771, -48, -553, 602, 688, 629, 331, 561, 312, 434, 
-336, 444, 780, -53, -558, 612, 692, 629, 331, 561, 317, 434, 
-341, 439, 780, -48, -561, 610, 688, 634, 336, 575, 331, 444, 
-336, 444, 780, -53, -558, 612, 688, 634, 336, 580, 336, 444, 
-336, 448, 785, -56, -561, 617, 688, 634, 341, 585, 336, 453, 
-331, 448, 780, -58, -556, 614, 688, 634, 346, 590, 341, 453, 
-331, 444, 775, -56, -553, 610, 688, 634, 351, 585, 346, 453, 
-326, 458, 785, -65, -556, 622, 688, 639, 356, 590, 351, 458, 
-326, 458, 785, -65, -556, 622, 683, 639, 356, 595, 356, 458, 
-336, 458, 795, -61, -566, 627, 683, 639, 356, 600, 356, 468, 
-336, 473, 810, -68, -573, 641, 683, 639, 370, 614, 361, 468, 
-331, 478, 810, -73, -570, 644, 678, 634, 370, 614, 366, 473, 
-326, 483, 810, -78, -568, 646, 678, 634, 375, 614, 370, 473, 
-326, 488, 814, -80, -570, 651, 678, 634, 375, 614, 375, 473, 
-317, 488, 805, -85, -561, 646, 678, 634, 370, 619, 375, 468, 
-317, 497, 814, -90, -566, 656, 678, 634, 366, 624, 375, 478, 
-322, 502, 824, -90, -573, 663, 678, 634, 366, 624, 375, 478, 
-322, 502, 824, -90, -573, 663, 673, 634, 361, 624, 380, 478, 
-307, 502, 810, -97, -558, 656, 663, 624, 361, 619, 370, 478, 
-307, 507, 814, -100, -561, 661, 663, 624, 361, 619, 375, 483, 
-307, 507, 814, -100, -561, 661, 663, 619, 361, 619, 375, 483, 
-302, 512, 814, -104, -558, 663, 663, 619, 361, 619, 375, 488, 
-307, 512, 819, -102, -563, 666, 658, 629, 361, 629, 380, 497, 
-312, 512, 824, -100, -568, 668, 658, 619, 366, 624, 385, 497, 
-312, 517, 829, -102, -570, 673, 658, 614, 370, 624, 390, 497, 
-317, 522, 839, -102, -578, 680, 658, 614, 375, 624, 395, 502, 
-302, 527, 829, -112, -566, 678, 658, 614, 375, 624, 395, 507, 
-302, 527, 829, -112, -566, 678, 658, 610, 370, 624, 395, 507, 
-307, 527, 834, -109, -570, 680, 653, 605, 366, 624, 400, 507, 
-307, 527, 834, -109, -570, 680, 649, 605, 361, 624, 400, 507, 
-302, 531, 834, -114, -568, 683, 649, 605, 356, 614, 400, 512, 
-292, 531, 824, -119, -558, 678, 644, 595, 356, 614, 400, 512, 
-287, 536, 824, -124, -556, 680, 644, 590, 356, 614, 400, 517, 
-283, 536, 819, -126, -551, 678, 644, 590, 356, 614, 400, 517, 
-283, 536, 819, -126, -551, 678, 649, 575, 366, 614, 390, 517, 
-283, 536, 819, -126, -551, 678, 649, 575, 366, 610, 395, 517, 
-278, 536, 814, -129, -546, 675, 649, 580, 366, 610, 395, 517, 
-278, 541, 819, -131, -549, 680, 649, 580, 366, 610, 395, 522, 
-283, 531, 814, -124, -549, 673, 639, 566, 361, 605, 395, 522, 
-287, 531, 819, -122, -553, 675, 639, 566, 356, 605, 395, 522, 
-292, 527, 819, -117, -556, 673, 644, 566, 356, 605, 395, 522, 
-292, 527, 819, -117, -556, 673, 649, 566, 351, 605, 390, 517, 
-278, 536, 814, -129, -546, 675, 649, 570, 361, 590, 380, 507, 
-278, 536, 814, -129, -546, 675, 649, 566, 361, 590, 375, 502, 
-283, 531, 814, -124, -549, 673, 649, 561, 361, 580, 370, 502, 
-283, 527, 810, -122, -546, 668, 649, 561, 351, 575, 361, 497, 
-292, 512, 805, -109, -549, 658, 649, 561, 351, 570, 366, 502, 
-292, 502, 795, -104, -544, 649, 649, 561, 351, 566, 366, 502, 
-292, 502, 795, -104, -544, 649, 653, 561, 351, 566, 361, 502, 
-292, 492, 785, -100, -539, 639, 658, 561, 351, 566, 356, 502, 
-302, 492, 795, -95, -549, 644, 658, 551, 341, 570, 366, 492, 
-307, 488, 795, -90, -551, 641, 658, 551, 336, 566, 361, 488, 
-312, 488, 800, -87, -556, 644, 658, 546, 331, 556, 351, 488, 
-322, 478, 800, -78, -561, 639, 663, 546, 322, 546, 346, 483, 
-317, 473, 790, -78, -553, 631, 653, 536, 322, 536, 331, 478, 
-312, 468, 780, -78, -546, 624, 653, 531, 317, 527, 317, 473, 
-307, 458, 766, -75, -536, 612, 658, 531, 312, 522, 312, 468, 
-307, 448, 756, -70, -531, 602, 663, 531, 312, 517, 312, 463, 
-307, 439, 746, -65, -527, 592, 663, 531, 317, 517, 302, 468, 
-312, 439, 751, -63, -531, 595, 668, 531, 312, 512, 292, 463, 
-312, 434, 746, -61, -529, 590, 668, 531, 307, 502, 292, 458, 
-322, 429, 751, -53, -536, 590, 663, 531, 302, 497, 287, 448, 
-331, 424, 756, -46, -544, 590, 663, 517, 292, 488, 283, 439, 
-326, 419, 746, -46, -536, 583, 673, 517, 287, 483, 273, 434, 
-326, 409, 736, -41, -531, 573, 678, 517, 283, 478, 273, 429, 
-331, 409, 741, -39, -536, 575, 678, 517, 273, 478, 268, 429, 
-336, 395, 732, -29, -534, 563, 678, 517, 268, 473, 258, 434, 
-336, 395, 732, -29, -534, 563, 678, 517, 268, 468, 253, 434, 
-336, 385, 722, -24, -529, 553, 678, 517, 268, 468, 248, 434, 
-336, 385, 722, -24, -529, 553, 683, 522, 268, 468, 248, 434, 
-331, 390, 722, -29, -527, 556, 683, 512, 273, 453, 248, 429, 
-336, 390, 727, -26, -531, 558, 678, 507, 268, 448, 248, 424, 
-336, 390, 727, -26, -531, 558, 678, 507, 258, 444, 253, 414, 
-331, 390, 722, -29, -527, 556, 683, 507, 258, 444, 258, 409, 
-341, 380, 722, -19, -531, 551, 683, 507, 253, 444, 244, 409, 
-341, 380, 722, -19, -531, 551, 683, 507, 258, 444, 244, 414, 
-341, 375, 717, -17, -529, 546, 688, 502, 258, 444, 244, 414, 
-341, 375, 717, -17, -529, 546, 688, 488, 248, 444, 244, 409, 
-341, 370, 712, -14, -527, 541, 683, 497, 258, 444, 234, 409, 
-346, 366, 712, -9, -529, 539, 683, 497, 258, 439, 234, 409, 
-351, 361, 712, -4, -531, 536, 683, 497, 258, 439, 234, 409, 
-356, 356, 712, 0, -534, 534, 683, 497, 263, 439, 234, 409, 
-341, 361, 702, -9, -522, 531, 683, 497, 263, 439, 244, 424, 
-336, 366, 702, -14, -519, 534, 683, 497, 263, 434, 244, 424, 
-331, 370, 702, -19, -517, 536, 683, 497, 263, 434, 244, 419, 
-326, 375, 702, -24, -514, 539, 683, 497, 263, 439, 244, 419, 
-326, 375, 702, -24, -514, 539, 692, 497, 263, 448, 253, 409, 
-326, 370, 697, -21, -512, 534, 692, 497, 263, 448, 253, 409, 
-326, 366, 692, -19, -509, 529, 692, 497, 263, 448, 253, 414, 
-326, 366, 692, -19, -509, 529, 688, 497, 263, 448, 253, 414, 
-326, 370, 697, -21, -512, 534, 688, 507, 263, 448, 253, 424, 
-326, 375, 702, -24, -514, 539, 692, 502, 263, 448, 253, 424, 
-326, 375, 702, -24, -514, 539, 697, 502, 263, 448, 253, 419, 
-326, 375, 702, -24, -514, 539, 697, 502, 263, 448, 253, 414, 
-336, 375, 712, -19, -524, 544, 688, 497, 253, 439, 248, 405, 
-336, 375, 712, -19, -524, 544, 688, 492, 253, 439, 248, 405, 
-341, 375, 717, -17, -529, 546, 688, 488, 258, 444, 248, 409, 
-341, 375, 717, -17, -529, 546, 688, 483, 258, 444, 248, 409, 
-326, 375, 702, -24, -514, 539, 692, 497, 268, 444, 239, 409, 
-326, 375, 702, -24, -514, 539, 692, 497, 263, 444, 239, 409, 
-326, 370, 697, -21, -512, 534, 692, 497, 263, 444, 239, 409, 
-326, 370, 697, -21, -512, 534, 697, 497, 263, 444, 239, 409, 
-336, 361, 697, -12, -517, 529, 697, 488, 253, 434, 239, 409, 
-336, 361, 697, -12, -517, 529, 692, 488, 253, 434, 239, 409, 
-336, 361, 697, -12, -517, 529, 692, 488, 253, 434, 239, 409, 
-336, 361, 697, -12, -517, 529, 692, 488, 253, 434, 239, 409, 
-331, 366, 697, -17, -514, 531, 692, 497, 263, 444, 248, 409, 
-326, 366, 692, -19, -509, 529, 692, 497, 263, 444, 248, 409, 
-322, 366, 688, -21, -505, 527, 692, 497, 258, 444, 248, 409, 
-317, 366, 683, -24, -500, 524, 692, 497, 258, 444, 248, 409, 
-317, 375, 692, -29, -505, 534, 692, 497, 248, 444, 248, 419, 
-317, 375, 692, -29, -505, 534, 697, 497, 248, 444, 248, 419, 
-322, 375, 697, -26, -509, 536, 697, 497, 248, 444, 248, 419, 
-322, 375, 697, -26, -509, 536, 697, 497, 248, 444, 248, 419, 
-307, 366, 673, -29, -490, 519, 692, 488, 248, 434, 239, 405, 
-307, 366, 673, -29, -490, 519, 692, 488, 253, 434, 239, 405, 
-307, 366, 673, -29, -490, 519, 692, 488, 253, 434, 239, 405, 
-307, 366, 673, -29, -490, 519, 688, 488, 253, 434, 239, 405, 
-312, 356, 668, -21, -490, 512, 688, 488, 253, 444, 239, 405, 
-317, 351, 668, -17, -492, 509, 688, 488, 248, 444, 239, 405, 
-322, 351, 673, -14, -497, 512, 688, 488, 248, 444, 234, 405, 
-331, 346, 678, -7, -505, 512, 688, 488, 248, 444, 234, 405, 
-341, 336, 678, 2, -509, 507, 692, 478, 239, 439, 234, 395, 
-341, 336, 678, 2, -509, 507, 692, 478, 239, 439, 234, 395, 
-341, 341, 683, 0, -512, 512, 692, 473, 239, 439, 234, 390, 
-341, 341, 683, 0, -512, 512, 692, 473, 239, 439, 229, 390, 
-326, 346, 673, -9, -500, 509, 692, 473, 239, 424, 229, 395, 
-326, 346, 673, -9, -500, 509, 688, 473, 239, 419, 229, 395, 
-326, 341, 668, -7, -497, 505, 688, 473, 244, 409, 229, 395, 
-322, 341, 663, -9, -492, 502, 688, 473, 244, 405, 229, 395, 
-322, 356, 678, -17, -500, 517, 697, 483, 244, 409, 229, 405, 
-322, 356, 678, -17, -500, 517, 702, 483, 244, 414, 224, 405, 
-326, 346, 673, -9, -500, 509, 702, 483, 239, 414, 224, 405, 
-326, 336, 663, -4, -495, 500, 702, 478, 239, 419, 224, 405, 
-322, 346, 668, -12, -495, 507, 702, 473, 248, 419, 224, 405, 
-322, 351, 673, -14, -497, 512, 702, 473, 248, 419, 224, 405, 
-322, 351, 673, -14, -497, 512, 702, 473, 248, 419, 219, 395, 
-322, 346, 668, -12, -495, 507, 702, 468, 248, 419, 219, 395, 
-322, 346, 668, -12, -495, 507, 692, 468, 234, 409, 214, 395, 
-317, 346, 663, -14, -490, 505, 692, 468, 234, 405, 214, 390, 
-317, 346, 663, -14, -490, 505, 692, 473, 234, 405, 214, 385, 
-317, 346, 663, -14, -490, 505, 692, 473, 234, 405, 214, 375, 
-322, 331, 653, -4, -488, 492, 702, 468, 244, 405, 200, 380, 
-322, 331, 653, -4, -488, 492, 702, 468, 244, 400, 200, 380, 
-322, 336, 658, -7, -490, 497, 702, 468, 244, 400, 200, 380, 
-317, 336, 653, -9, -485, 495, 702, 468, 244, 400, 195, 380, 
-326, 326, 653, 0, -490, 490, 692, 468, 234, 400, 204, 380, 
-326, 331, 658, -2, -492, 495, 697, 468, 229, 400, 209, 380, 
-326, 331, 658, -2, -492, 495, 697, 468, 229, 400, 209, 380, 
-326, 331, 658, -2, -492, 495, 697, 468, 229, 400, 209, 375, 
-326, 331, 658, -2, -492, 495, 697, 458, 229, 409, 219, 385, 
-326, 331, 658, -2, -492, 495, 697, 463, 229, 409, 214, 390, 
-326, 326, 653, 0, -490, 490, 697, 463, 229, 409, 214, 390, 
-326, 326, 653, 0, -490, 490, 697, 463, 229, 409, 219, 390, 
-322, 326, 649, -2, -485, 488, 702, 463, 229, 400, 209, 380, 
-322, 331, 653, -4, -488, 492, 702, 458, 229, 400, 209, 380, 
-322, 336, 658, -7, -490, 497, 702, 458, 224, 400, 209, 380, 
-322, 346, 668, -12, -495, 507, 702, 458, 224, 395, 209, 380, 
-331, 341, 673, -4, -502, 507, 692, 458, 224, 395, 200, 370, 
-331, 326, 658, 2, -495, 492, 692, 458, 224, 395, 195, 366, 
-331, 317, 649, 7, -490, 483, 692, 458, 224, 395, 195, 366, 
-331, 312, 644, 9, -488, 478, 692, 458, 224, 395, 195, 366, 
-326, 317, 644, 4, -485, 480, 692, 458, 224, 395, 204, 375, 
-322, 322, 644, 0, -483, 483, 692, 458, 224, 395, 204, 375, 
-317, 326, 644, -4, -480, 485, 692, 458, 224, 395, 204, 375, 
-312, 336, 649, -12, -480, 492, 702, 463, 229, 395, 204, 375, 
-312, 331, 644, -9, -478, 488, 712, 453, 219, 395, 214, 375, 
-312, 331, 644, -9, -478, 488, 712, 448, 219, 395, 214, 375, 
-312, 331, 644, -9, -478, 488, 707, 448, 219, 395, 214, 375, 
-317, 336, 653, -9, -485, 495, 707, 448, 219, 395, 214, 375, 
-326, 336, 663, -4, -495, 500, 697, 463, 229, 395, 219, 380, 
-326, 336, 663, -4, -495, 500, 702, 463, 229, 400, 219, 385, 
-326, 336, 663, -4, -495, 500, 702, 463, 234, 400, 219, 385, 
-322, 336, 658, -7, -490, 497, 702, 463, 234, 400, 219, 390, 
-317, 346, 663, -14, -490, 505, 702, 448, 253, 414, 224, 400, 
-317, 351, 668, -17, -492, 509, 702, 448, 258, 419, 229, 400, 
-317, 356, 673, -19, -495, 514, 702, 448, 263, 424, 234, 400, 
-317, 366, 683, -24, -500, 524, 702, 448, 268, 424, 234, 400, 
-307, 375, 683, -34, -495, 529, 702, 448, 273, 429, 244, 395, 
-307, 385, 692, -39, -500, 539, 702, 448, 273, 429, 244, 395, 
-307, 385, 692, -39, -500, 539, 702, 448, 273, 434, 244, 395, 
-307, 385, 692, -39, -500, 539, 702, 448, 283, 434, 244, 395, 
-317, 385, 702, -34, -509, 544, 697, 444, 273, 429, 239, 385, 
-317, 385, 702, -34, -509, 544, 697, 444, 273, 424, 234, 385, 
-312, 390, 702, -39, -507, 546, 697, 444, 273, 424, 234, 395, 
-312, 390, 702, -39, -507, 546, 697, 444, 278, 419, 239, 395, 
-302, 409, 712, -53, -507, 561, 712, 463, 297, 444, 248, 414, 
-331, 400, 732, -34, -531, 566, 712, 473, 297, 444, 253, 414, 
-302, 390, 692, -43, -497, 541, 712, 468, 292, 439, 244, 400, 
-312, 395, 707, -41, -509, 551, 707, 458, 283, 448, 253, 409, 
-312, 400, 712, -43, -512, 556, 702, 458, 283, 448, 253, 409, 
-312, 405, 717, -46, -514, 561, 697, 458, 283, 448, 253, 409, 
-312, 409, 722, -48, -517, 566, 692, 458, 283, 448, 253, 409, 
-307, 400, 707, -46, -507, 553, 683, 448, 283, 434, 244, 405, 
-302, 400, 702, -48, -502, 551, 678, 448, 278, 434, 244, 405, 
-297, 400, 697, -51, -497, 549, 678, 448, 273, 439, 244, 405, 
-287, 400, 688, -56, -488, 544, 673, 448, 273, 439, 244, 405, 
-278, 400, 678, -61, -478, 539, 683, 448, 283, 439, 253, 409, 
-292, 400, 692, -53, -492, 546, 683, 448, 283, 439, 253, 409, 
-297, 395, 692, -48, -495, 544, 683, 448, 278, 439, 253, 409, 
-302, 390, 692, -43, -497, 541, 683, 448, 268, 434, 253, 405, 
-307, 390, 697, -41, -502, 544, 683, 453, 268, 434, 244, 414, 
-307, 385, 692, -39, -500, 539, 683, 448, 263, 429, 244, 414, 
-307, 380, 688, -36, -497, 534, 683, 444, 253, 424, 239, 414, 
-307, 380, 688, -36, -497, 534, 678, 444, 248, 419, 239, 414, 
-292, 370, 663, -39, -478, 517, 668, 434, 239, 419, 244, 414, 
-292, 366, 658, -36, -475, 512, 668, 429, 234, 414, 244, 414, 
-287, 361, 649, -36, -468, 505, 673, 429, 229, 414, 244, 414, 
-287, 361, 649, -36, -468, 505, 678, 434, 229, 409, 244, 414, 
-287, 356, 644, -34, -466, 500, 688, 439, 229, 409, 244, 414, 
-287, 356, 644, -34, -466, 500, 688, 439, 229, 409, 244, 414, 
-287, 356, 644, -34, -466, 500, 688, 439, 229, 405, 239, 414, 
-287, 356, 644, -34, -466, 500, 692, 439, 234, 405, 234, 409, 
-283, 351, 634, -34, -458, 492, 692, 429, 234, 395, 234, 400, 
-302, 351, 653, -24, -478, 502, 692, 429, 239, 400, 234, 400, 
-302, 341, 644, -19, -473, 492, 697, 429, 239, 400, 234, 400, 
-307, 336, 644, -14, -475, 490, 697, 429, 239, 400, 234, 395, 
-317, 341, 658, -12, -488, 500, 697, 429, 239, 400, 229, 390, 
-317, 341, 658, -12, -488, 500, 697, 424, 229, 385, 219, 385, 
-317, 336, 653, -9, -485, 495, 697, 424, 219, 380, 214, 385, 
-322, 336, 658, -7, -490, 497, 702, 424, 219, 380, 214, 385, 
-322, 336, 658, -7, -490, 497, 702, 439, 229, 390, 214, 395, 
-322, 326, 649, -2, -485, 488, 702, 439, 229, 390, 214, 390, 
-322, 322, 644, 0, -483, 483, 702, 434, 229, 385, 204, 390, 
-326, 322, 649, 2, -488, 485, 707, 434, 219, 375, 200, 390, 
-326, 317, 644, 4, -485, 480, 707, 429, 209, 361, 200, 380, 
-326, 307, 634, 9, -480, 470, 707, 429, 204, 361, 200, 375, 
-322, 302, 624, 9, -473, 463, 712, 434, 200, 361, 200, 370, 
-322, 302, 624, 9, -473, 463, 717, 434, 200, 356, 200, 370, 
-331, 287, 619, 21, -475, 453, 707, 434, 200, 356, 190, 361, 
-331, 287, 619, 21, -475, 453, 702, 429, 200, 356, 190, 361, 
-331, 287, 619, 21, -475, 453, 702, 419, 200, 356, 190, 361, 
-336, 287, 624, 24, -480, 456, 702, 414, 195, 356, 190, 361, 
-331, 287, 619, 21, -475, 453, 702, 419, 195, 366, 180, 361, 
-341, 283, 624, 29, -483, 453, 707, 424, 195, 361, 175, 361, 
-341, 287, 629, 26, -485, 458, 707, 429, 195, 361, 175, 361, 
-326, 297, 624, 14, -475, 461, 707, 434, 195, 366, 180, 356, 
-336, 292, 629, 21, -483, 461, 712, 434, 200, 356, 180, 366, 
-336, 287, 624, 24, -480, 456, 717, 434, 200, 356, 175, 370, 
-336, 283, 619, 26, -478, 451, 722, 434, 200, 351, 175, 370, 
-336, 278, 614, 29, -475, 446, 722, 434, 204, 346, 175, 370, 
-331, 292, 624, 19, -478, 458, 722, 434, 204, 346, 175, 370, 
-326, 292, 619, 17, -473, 456, 727, 434, 200, 351, 175, 370, 
-322, 292, 614, 14, -468, 453, 727, 434, 200, 351, 175, 370, 
-317, 292, 610, 12, -463, 451, 727, 434, 200, 351, 175, 370, 
-326, 283, 610, 21, -468, 446, 727, 424, 204, 351, 185, 356, 
-331, 278, 610, 26, -470, 444, 732, 424, 204, 351, 185, 356, 
-331, 278, 610, 26, -470, 444, 732, 424, 204, 351, 180, 356, 
-326, 278, 605, 24, -466, 441, 732, 424, 200, 351, 180, 356, 
-336, 278, 614, 29, -475, 446, 727, 434, 200, 351, 180, 366, 
-336, 273, 610, 31, -473, 441, 727, 434, 204, 356, 180, 370, 
-336, 273, 610, 31, -473, 441, 727, 434, 204, 356, 180, 370, 
-336, 273, 610, 31, -473, 441, 727, 434, 204, 356, 180, 370, 
-326, 283, 610, 21, -468, 446, 717, 424, 195, 356, 170, 356, 
-331, 283, 614, 24, -473, 448, 717, 424, 195, 356, 175, 356, 
-331, 283, 614, 24, -473, 448, 722, 419, 195, 351, 175, 356, 
-331, 283, 614, 24, -473, 448, 722, 419, 195, 351, 175, 356, 
-336, 273, 610, 31, -473, 441, 722, 424, 204, 351, 185, 361, 
-336, 278, 614, 29, -475, 446, 722, 424, 200, 351, 185, 361, 
-341, 278, 619, 31, -480, 448, 722, 424, 200, 351, 185, 361, 
-346, 278, 624, 34, -485, 451, 722, 424, 200, 351, 185, 361, 
-336, 283, 619, 26, -478, 451, 722, 424, 204, 361, 185, 366, 
-336, 283, 619, 26, -478, 451, 722, 424, 209, 361, 185, 366, 
-336, 283, 619, 26, -478, 451, 722, 424, 214, 361, 185, 366, 
-336, 287, 624, 24, -480, 456, 722, 424, 219, 361, 185, 366, 
-336, 287, 624, 24, -480, 456, 732, 429, 214, 351, 195, 366, 
-336, 287, 624, 24, -480, 456, 732, 434, 209, 351, 195, 366, 
-336, 287, 624, 24, -480, 456, 732, 439, 204, 351, 195, 366, 
-336, 287, 624, 24, -480, 456, 736, 444, 200, 351, 195, 366, 
-341, 278, 619, 31, -480, 448, 746, 434, 204, 361, 195, 366, 
-341, 278, 619, 31, -480, 448, 741, 434, 209, 361, 195, 366, 
-341, 278, 619, 31, -480, 448, 741, 434, 214, 361, 195, 366, 
-341, 278, 619, 31, -480, 448, 741, 439, 224, 366, 195, 366, 
-341, 287, 629, 26, -485, 458, 741, 439, 224, 370, 195, 375, 
-341, 287, 629, 26, -485, 458, 741, 439, 224, 370, 195, 380, 
-341, 287, 629, 26, -485, 458, 741, 439, 224, 370, 195, 380, 
-341, 287, 629, 26, -485, 458, 741, 439, 224, 370, 195, 375, 
-351, 287, 639, 31, -495, 463, 741, 458, 229, 380, 204, 375, 
-341, 287, 629, 26, -485, 458, 736, 453, 219, 361, 195, 366, 
-331, 307, 639, 12, -485, 473, 746, 453, 224, 361, 204, 366, 
-326, 326, 653, 0, -490, 490, 761, 463, 229, 375, 204, 380, 
-361, 297, 658, 31, -509, 478, 756, 463, 239, 370, 195, 361, 
-405, 263, 668, 70, -536, 466, 766, 453, 263, 351, 170, 341, 
-395, 273, 668, 61, -531, 470, 790, 473, 292, 356, 151, 331, 
-361, 302, 663, 29, -512, 483, 814, 517, 322, 395, 180, 341, 
-351, 312, 663, 19, -507, 488, 819, 556, 361, 458, 224, 361, 
-366, 307, 673, 29, -519, 490, 824, 590, 380, 497, 258, 366, 
-351, 297, 649, 26, -500, 473, 839, 634, 395, 527, 273, 366, 
-312, 302, 614, 4, -463, 458, 844, 712, 434, 600, 341, 395, 
-258, 307, 566, -24, -412, 436, 868, 839, 473, 717, 444, 458, 
-195, 307, 502, -56, -348, 405, 883, 985, 527, 854, 561, 531, 
-122, 351, 473, -114, -297, 412, 849, 1093, 556, 1000, 697, 629, 
-24, 439, 463, -207, -244, 451, 790, 1141, 556, 1176, 893, 785, 
78, 556, 478, -317, -200, 517, 692, 1151, 541, 1346, 1112, 956, 
190, 678, 488, -434, -148, 583, 566, 1093, 473, 1498, 1332, 1141, 
326, 858, 531, -592, -102, 695, 385, 976, 375, 1634, 1546, 1337, 
448, 1063, 614, -756, -82, 839, 190, 834, 302, 1727, 1727, 1527, 
541, 1220, 678, -880, -68, 949, 63, 756, 239, 1756, 1839, 1664, 
590, 1298, 707, -944, -58, 1002, -4, 683, 151, 1683, 1834, 1732, 
570, 1288, 717, -929, -73, 1002, -29, 575, 53, 1488, 1708, 1727, 
453, 1200, 746, -827, -146, 973, -9, 395, -39, 1244, 1488, 1644, 
297, 1146, 849, -722, -275, 997, 9, 117, -126, 995, 1283, 1561, 
195, 1112, 917, -653, -361, 1015, 9, -175, -234, 736, 1068, 1454, 
82, 1019, 936, -551, -427, 978, 39, -390, -356, 409, 795, 1302, 
-68, 893, 961, -412, -514, 927, 112, -585, -478, 19, 468, 1122, 
-175, 800, 976, -312, -575, 888, 170, -717, -575, -302, 180, 941, 
-229, 736, 966, -253, -597, 851, 204, -736, -653, -448, 9, 800, 
-292, 649, 941, -178, -617, 795, 253, -683, -707, -497, -87, 688, 
-370, 575, 946, -102, -658, 761, 302, -624, -751, -522, -151, 605, 
-370, 536, 907, -82, -639, 722, 297, -561, -780, -507, -165, 556, 
-351, 492, 844, -70, -597, 668, 278, -458, -761, -439, -151, 522, 
-361, 463, 824, -51, -592, 644, 307, -312, -653, -326, -112, 507, 
-375, 473, 849, -48, -612, 661, 390, -161, -488, -195, -48, 507, 
-356, 473, 829, -58, -592, 651, 463, -34, -356, -82, 9, 497, 
-317, 448, 766, -65, -541, 607, 497, 73, -263, 4, 43, 483, 
-302, 419, 722, -58, -512, 570, 536, 170, -185, 78, 82, 458, 
-302, 400, 702, -48, -502, 551, 570, 239, -117, 126, 102, 424, 
-302, 380, 683, -39, -492, 531, 605, 287, -53, 165, 112, 395, 
-312, 375, 688, -31, -500, 531, 629, 312, 19, 209, 141, 390, 
-317, 375, 692, -29, -505, 534, 649, 317, 78, 248, 175, 400, 
-326, 366, 692, -19, -509, 529, 653, 336, 122, 278, 185, 395, 
-322, 361, 683, -19, -502, 522, 678, 370, 151, 312, 204, 405, 
-322, 351, 673, -14, -497, 512, 702, 390, 180, 346, 214, 414, 
-326, 326, 653, 0, -490, 490, 712, 390, 200, 356, 214, 405, 
-336, 322, 658, 7, -497, 490, 722, 400, 185, 361, 195, 390, 
-356, 317, 673, 19, -514, 495, 741, 424, 195, 370, 209, 395, 
-366, 317, 683, 24, -524, 500, 756, 448, 214, 380, 229, 395, 
-351, 326, 678, 12, -514, 502, 766, 444, 219, 375, 214, 375, 
-351, 317, 668, 17, -509, 492, 751, 439, 219, 370, 214, 370, 
-346, 312, 658, 17, -502, 485, 741, 439, 219, 366, 214, 370, 
-341, 312, 653, 14, -497, 483, 736, 439, 229, 366, 214, 370, 
-341, 312, 653, 14, -497, 483, 751, 448, 224, 375, 224, 370, 
-346, 312, 658, 17, -502, 485, 756, 453, 224, 375, 224, 375, 
-351, 307, 658, 21, -505, 483, 761, 453, 224, 375, 224, 375, 
-356, 307, 663, 24, -509, 485, 761, 453, 224, 375, 224, 375, 
-351, 307, 658, 21, -505, 483, 761, 458, 234, 380, 234, 380, 
-351, 307, 658, 21, -505, 483, 766, 463, 239, 390, 234, 380, 
-351, 302, 653, 24, -502, 478, 771, 468, 248, 395, 239, 380, 
-351, 302, 653, 24, -502, 478, 771, 473, 258, 405, 239, 380, 
-351, 307, 658, 21, -505, 483, 766, 468, 253, 395, 229, 370, 
-351, 312, 663, 19, -507, 488, 766, 473, 253, 400, 229, 375, 
-351, 312, 663, 19, -507, 488, 766, 473, 253, 400, 229, 375, 
-351, 312, 663, 19, -507, 488, 761, 468, 253, 400, 229, 375, 
-346, 312, 658, 17, -502, 485, 761, 478, 248, 400, 244, 385, 
-346, 307, 653, 19, -500, 480, 761, 478, 248, 405, 244, 385, 
-346, 307, 653, 19, -500, 480, 761, 483, 253, 405, 244, 385, 
-346, 312, 658, 17, -502, 485, 766, 483, 258, 409, 248, 385, 
-336, 312, 649, 12, -492, 480, 756, 473, 258, 419, 258, 385, 
-336, 312, 649, 12, -492, 480, 756, 468, 263, 419, 258, 385, 
-331, 312, 644, 9, -488, 478, 756, 468, 263, 419, 258, 385, 
-331, 312, 644, 9, -488, 478, 756, 473, 268, 419, 258, 385, 
-341, 312, 653, 14, -497, 483, 756, 473, 268, 409, 253, 385, 
-346, 312, 658, 17, -502, 485, 756, 473, 263, 414, 253, 390, 
-346, 312, 658, 17, -502, 485, 756, 473, 263, 414, 253, 390, 
-346, 317, 663, 14, -505, 490, 756, 473, 268, 419, 258, 390, 
-356, 312, 668, 21, -512, 490, 766, 478, 273, 424, 263, 390, 
-356, 312, 668, 21, -512, 490, 766, 483, 273, 424, 263, 390, 
-361, 312, 673, 24, -517, 492, 766, 483, 268, 424, 263, 390, 
-366, 312, 678, 26, -522, 495, 766, 483, 268, 424, 268, 390, 
-356, 317, 673, 19, -514, 495, 756, 483, 268, 424, 278, 400, 
-351, 322, 673, 14, -512, 497, 756, 483, 268, 424, 278, 400, 
-351, 322, 673, 14, -512, 497, 756, 483, 278, 429, 278, 400, 
-346, 322, 668, 12, -507, 495, 756, 483, 278, 429, 278, 400, 
-336, 336, 673, 0, -505, 505, 766, 492, 278, 439, 273, 409, 
-336, 341, 678, -2, -507, 509, 766, 492, 278, 448, 273, 409, 
-336, 341, 678, -2, -507, 509, 766, 497, 278, 448, 273, 409, 
-336, 341, 678, -2, -507, 509, 766, 497, 278, 448, 278, 409, 
-331, 346, 678, -7, -505, 512, 766, 488, 278, 444, 278, 400, 
-331, 346, 678, -7, -505, 512, 766, 488, 278, 444, 283, 400, 
-326, 346, 673, -9, -500, 509, 761, 488, 278, 439, 283, 400, 
-326, 346, 673, -9, -500, 509, 756, 488, 278, 439, 283, 405, 
-326, 346, 673, -9, -500, 509, 756, 483, 273, 448, 292, 414, 
-326, 351, 678, -12, -502, 514, 756, 483, 273, 448, 292, 409, 
-326, 351, 678, -12, -502, 514, 756, 488, 273, 453, 292, 409, 
-326, 351, 678, -12, -502, 514, 756, 492, 273, 458, 302, 419, 
-336, 356, 692, -9, -514, 524, 756, 492, 278, 463, 292, 409, 
-336, 361, 697, -12, -517, 529, 756, 492, 283, 468, 297, 419, 
-336, 366, 702, -14, -519, 534, 756, 492, 283, 473, 297, 419, 
-326, 370, 697, -21, -512, 534, 756, 492, 283, 473, 307, 424, 
-331, 361, 692, -14, -512, 527, 746, 502, 292, 463, 312, 424, 
-336, 366, 702, -14, -519, 534, 746, 502, 292, 463, 312, 424, 
-341, 366, 707, -12, -524, 536, 746, 502, 292, 468, 317, 424, 
-336, 370, 707, -17, -522, 539, 746, 507, 292, 473, 322, 424, 
-326, 385, 712, -29, -519, 549, 746, 507, 297, 478, 331, 429, 
-326, 385, 712, -29, -519, 549, 746, 512, 297, 488, 326, 439, 
-326, 390, 717, -31, -522, 553, 746, 517, 307, 497, 326, 453, 
-326, 395, 722, -34, -524, 558, 746, 522, 307, 507, 336, 458, 
-326, 395, 722, -34, -524, 558, 746, 512, 297, 502, 341, 458, 
-326, 395, 722, -34, -524, 558, 746, 512, 297, 502, 346, 458, 
-322, 395, 717, -36, -519, 556, 746, 512, 307, 512, 351, 458, 
-322, 405, 727, -41, -524, 566, 746, 517, 307, 517, 351, 463, 
-317, 400, 717, -41, -517, 558, 746, 517, 307, 507, 356, 458, 
-317, 405, 722, -43, -519, 563, 746, 517, 312, 512, 361, 458, 
-317, 405, 722, -43, -519, 563, 741, 517, 317, 517, 366, 458, 
-322, 409, 732, -43, -527, 570, 741, 517, 317, 522, 370, 463, 
-331, 414, 746, -41, -539, 580, 736, 517, 322, 527, 366, 478, 
-331, 414, 746, -41, -539, 580, 732, 517, 322, 531, 366, 483, 
-326, 414, 741, -43, -534, 578, 732, 522, 331, 531, 370, 483, 
-326, 424, 751, -48, -539, 588, 732, 522, 331, 531, 375, 483, 
-312, 439, 751, -63, -531, 595, 727, 517, 336, 546, 390, 483, 
-307, 444, 751, -68, -529, 597, 727, 517, 336, 551, 395, 483, 
-307, 448, 756, -70, -531, 602, 727, 517, 341, 556, 395, 492, 
-302, 448, 751, -73, -527, 600, 727, 517, 346, 561, 400, 492, 
-302, 453, 756, -75, -529, 605, 727, 517, 341, 556, 405, 502, 
-297, 468, 766, -85, -531, 617, 727, 522, 346, 561, 409, 507, 
-297, 468, 766, -85, -531, 617, 722, 522, 346, 566, 414, 507, 
-307, 468, 775, -80, -541, 622, 722, 522, 346, 570, 414, 517, 
-312, 463, 775, -75, -544, 619, 722, 522, 351, 575, 429, 517, 
-312, 468, 780, -78, -546, 624, 717, 517, 351, 575, 434, 522, 
-312, 473, 785, -80, -549, 629, 717, 517, 356, 575, 439, 522, 
-317, 478, 795, -80, -556, 636, 717, 517, 356, 575, 444, 522, 
-307, 488, 795, -90, -551, 641, 717, 517, 366, 580, 444, 527, 
-307, 497, 805, -95, -556, 651, 717, 517, 366, 585, 444, 536, 
-312, 502, 814, -95, -563, 658, 717, 517, 370, 585, 444, 536, 
-312, 502, 814, -95, -563, 658, 712, 517, 370, 585, 448, 536, 
-297, 507, 805, -104, -551, 656, 712, 517, 361, 600, 448, 546, 
-297, 517, 814, -109, -556, 666, 712, 517, 361, 600, 453, 551, 
-297, 522, 819, -112, -558, 671, 712, 512, 361, 600, 453, 551, 
-292, 531, 824, -119, -558, 678, 712, 512, 361, 600, 453, 556, 
-292, 531, 824, -119, -558, 678, 697, 512, 366, 600, 444, 546, 
-292, 531, 824, -119, -558, 678, 697, 502, 366, 595, 444, 546, 
-287, 536, 824, -124, -556, 680, 697, 497, 366, 595, 444, 546, 
-287, 541, 829, -126, -558, 685, 697, 497, 366, 595, 444, 551, 
-297, 536, 834, -119, -566, 685, 697, 488, 361, 595, 444, 556, 
-302, 536, 839, -117, -570, 688, 697, 483, 361, 595, 444, 556, 
-312, 536, 849, -112, -580, 692, 692, 478, 361, 595, 448, 556, 
-317, 536, 854, -109, -585, 695, 688, 478, 361, 595, 448, 556, 
-307, 551, 858, -122, -583, 705, 697, 488, 366, 595, 448, 570, 
-302, 551, 854, -124, -578, 702, 692, 478, 366, 595, 448, 570, 
-302, 556, 858, -126, -580, 707, 692, 473, 366, 595, 448, 575, 
-302, 556, 858, -126, -580, 707, 692, 473, 366, 595, 448, 575, 
-302, 551, 854, -124, -578, 702, 688, 468, 375, 595, 448, 575, 
-302, 546, 849, -122, -575, 697, 688, 468, 375, 590, 453, 575, 
-297, 541, 839, -122, -568, 690, 688, 473, 375, 590, 453, 575, 
-297, 541, 839, -122, -568, 690, 688, 473, 375, 590, 453, 580, 
-297, 546, 844, -124, -570, 695, 688, 468, 375, 585, 453, 580, 
-297, 551, 849, -126, -573, 700, 688, 468, 375, 585, 453, 580, 
-297, 551, 849, -126, -573, 700, 692, 468, 380, 585, 453, 580, 
-292, 556, 849, -131, -570, 702, 697, 468, 380, 585, 448, 575, 
-287, 566, 854, -139, -570, 710, 697, 473, 380, 580, 448, 575, 
-287, 566, 854, -139, -570, 710, 697, 468, 380, 580, 444, 570, 
-292, 561, 854, -134, -573, 707, 697, 463, 380, 570, 439, 570, 
-292, 556, 849, -131, -570, 702, 697, 463, 370, 566, 429, 566, 
-312, 541, 854, -114, -583, 697, 707, 463, 380, 570, 434, 561, 
-312, 531, 844, -109, -578, 688, 707, 463, 380, 566, 434, 561, 
-312, 531, 844, -109, -578, 688, 712, 463, 380, 566, 429, 561, 
-312, 522, 834, -104, -573, 678, 717, 463, 380, 566, 424, 561, 
-317, 512, 829, -97, -573, 671, 717, 463, 390, 551, 414, 541, 
-326, 507, 834, -90, -580, 671, 717, 463, 385, 546, 409, 536, 
-336, 507, 844, -85, -590, 675, 717, 458, 380, 536, 400, 536, 
-351, 497, 849, -73, -600, 673, 722, 458, 370, 527, 395, 531, 
-341, 502, 844, -80, -592, 673, 732, 468, 370, 522, 400, 527, 
-341, 497, 839, -78, -590, 668, 732, 463, 366, 517, 385, 522, 
-341, 488, 829, -73, -585, 658, 736, 463, 361, 517, 380, 517, 
-346, 478, 824, -65, -585, 651, 741, 463, 361, 517, 380, 512, 
-346, 463, 810, -58, -578, 636, 741, 453, 356, 507, 361, 497, 
-351, 458, 810, -53, -580, 634, 746, 453, 351, 502, 351, 492, 
-351, 448, 800, -48, -575, 624, 746, 453, 346, 492, 351, 488, 
-361, 439, 800, -39, -580, 619, 741, 453, 341, 488, 346, 478, 
-366, 424, 790, -29, -578, 607, 741, 458, 346, 478, 331, 478, 
-366, 419, 785, -26, -575, 602, 751, 458, 346, 473, 322, 473, 
-370, 409, 780, -19, -575, 595, 756, 458, 346, 468, 322, 468, 
-380, 409, 790, -14, -585, 600, 756, 458, 341, 468, 317, 468, 
-380, 409, 790, -14, -585, 600, 766, 458, 336, 473, 326, 473, 
-375, 414, 790, -19, -583, 602, 766, 458, 336, 468, 322, 473, 
-370, 409, 780, -19, -575, 595, 766, 458, 336, 468, 317, 473, 
-366, 414, 780, -24, -573, 597, 771, 463, 336, 468, 317, 473, 
-361, 419, 780, -29, -570, 600, 771, 453, 336, 463, 312, 473, 
-366, 419, 785, -26, -575, 602, 766, 448, 336, 458, 307, 473, 
-366, 419, 785, -26, -575, 602, 766, 448, 331, 453, 307, 468, 
-361, 419, 780, -29, -570, 600, 771, 448, 336, 453, 307, 468, 
-370, 414, 785, -21, -578, 600, 771, 453, 331, 463, 302, 458, 
-380, 409, 790, -14, -585, 600, 771, 458, 336, 463, 302, 463, 
-390, 400, 790, -4, -590, 595, 775, 458, 336, 463, 302, 463, 
-400, 395, 795, 2, -597, 595, 775, 448, 326, 463, 302, 458, 
-390, 405, 795, -7, -592, 600, 771, 439, 326, 453, 302, 458, 
-385, 405, 790, -9, -588, 597, 771, 439, 326, 448, 302, 458, 
-380, 405, 785, -12, -583, 595, 771, 439, 326, 448, 302, 458, 
-375, 405, 780, -14, -578, 592, 771, 439, 331, 448, 302, 458, 
-375, 414, 790, -19, -583, 602, 771, 448, 331, 453, 302, 463, 
-375, 414, 790, -19, -583, 602, 771, 448, 331, 453, 302, 463, 
-375, 414, 790, -19, -583, 602, 771, 448, 331, 458, 302, 458, 
-375, 414, 790, -19, -583, 602, 771, 448, 331, 468, 302, 458, 
-375, 424, 800, -24, -588, 612, 771, 439, 331, 458, 302, 458, 
-375, 419, 795, -21, -585, 607, 771, 439, 331, 458, 302, 458, 
-375, 414, 790, -19, -583, 602, 771, 439, 331, 458, 302, 463, 
-375, 414, 790, -19, -583, 602, 766, 439, 331, 458, 302, 463, 
-385, 419, 805, -17, -595, 612, 766, 448, 331, 468, 302, 463, 
-385, 424, 810, -19, -597, 617, 771, 444, 331, 468, 302, 463, 
-385, 424, 810, -19, -597, 617, 775, 444, 331, 468, 302, 458, 
-385, 424, 810, -19, -597, 617, 775, 444, 331, 468, 302, 453, 
-395, 414, 810, -9, -602, 612, 766, 434, 322, 468, 317, 453, 
-395, 414, 810, -9, -602, 612, 766, 434, 322, 468, 317, 453, 
-400, 414, 814, -7, -607, 614, 766, 434, 326, 473, 317, 458, 
-400, 414, 814, -7, -607, 614, 766, 434, 326, 473, 317, 458, 
-395, 424, 819, -14, -607, 622, 771, 439, 326, 473, 307, 468, 
-395, 424, 819, -14, -607, 622, 771, 439, 322, 473, 307, 468, 
-395, 419, 814, -12, -605, 617, 771, 439, 322, 473, 307, 468, 
-395, 419, 814, -12, -605, 617, 775, 439, 322, 473, 307, 468, 
-385, 419, 805, -17, -595, 612, 785, 448, 331, 473, 307, 458, 
-385, 419, 805, -17, -595, 612, 780, 448, 331, 473, 307, 458, 
-385, 419, 805, -17, -595, 612, 780, 448, 331, 473, 307, 458, 
-385, 419, 805, -17, -595, 612, 780, 448, 331, 473, 307, 458, 
-395, 414, 810, -9, -602, 612, 771, 448, 341, 483, 317, 468, 
-395, 414, 810, -9, -602, 612, 771, 448, 341, 483, 317, 468, 
-395, 414, 810, -9, -602, 612, 771, 448, 336, 483, 317, 468, 
-395, 414, 810, -9, -602, 612, 771, 448, 336, 483, 317, 468, 
-390, 424, 814, -17, -602, 619, 771, 448, 336, 473, 307, 468, 
-385, 424, 810, -19, -597, 617, 775, 448, 336, 473, 307, 468, 
-385, 424, 810, -19, -597, 617, 775, 448, 336, 473, 307, 468, 
-380, 424, 805, -21, -592, 614, 775, 448, 336, 473, 307, 468, 
-380, 424, 805, -21, -592, 614, 780, 448, 326, 483, 307, 453, 
-385, 424, 810, -19, -597, 617, 780, 448, 331, 483, 307, 453, 
-390, 424, 814, -17, -602, 619, 780, 448, 331, 483, 307, 453, 
-395, 424, 819, -14, -607, 622, 775, 448, 331, 483, 307, 453, 
-395, 424, 819, -14, -607, 622, 775, 448, 331, 473, 307, 453, 
-395, 419, 814, -12, -605, 617, 775, 448, 326, 473, 307, 453, 
-395, 419, 814, -12, -605, 617, 775, 448, 326, 473, 302, 453, 
-400, 414, 814, -7, -607, 614, 775, 448, 326, 473, 302, 453, 
-400, 409, 810, -4, -605, 610, 780, 448, 326, 468, 302, 444, 
-400, 405, 805, -2, -602, 605, 780, 448, 326, 468, 302, 444, 
-400, 405, 805, -2, -602, 605, 780, 444, 326, 468, 302, 439, 
-400, 400, 800, 0, -600, 600, 780, 444, 326, 468, 297, 439, 
-409, 405, 814, 2, -612, 610, 780, 434, 326, 468, 287, 444, 
-414, 405, 819, 4, -617, 612, 775, 434, 326, 468, 287, 444, 
-419, 400, 819, 9, -619, 610, 775, 434, 331, 463, 287, 444, 
-419, 400, 819, 9, -619, 610, 775, 434, 331, 463, 287, 444, 
-400, 405, 805, -2, -602, 605, 775, 434, 331, 473, 287, 444, 
-400, 405, 805, -2, -602, 605, 780, 434, 331, 473, 283, 444, 
-405, 395, 800, 4, -602, 597, 780, 434, 326, 468, 283, 444, 
-405, 385, 790, 9, -597, 588, 780, 429, 326, 468, 283, 444, 
-409, 395, 805, 7, -607, 600, 780, 434, 326, 468, 292, 434, 
-409, 400, 810, 4, -610, 605, 780, 434, 326, 468, 292, 434, 
-409, 400, 810, 4, -610, 605, 780, 434, 326, 468, 287, 424, 
-409, 395, 805, 7, -607, 600, 780, 429, 326, 468, 287, 424, 
-409, 395, 805, 7, -607, 600, 780, 439, 331, 468, 283, 434, 
-405, 395, 800, 4, -602, 597, 780, 439, 331, 463, 283, 439, 
-405, 395, 800, 4, -602, 597, 780, 444, 331, 463, 283, 444, 
-405, 395, 800, 4, -602, 597, 780, 444, 331, 463, 283, 444, 
-409, 380, 790, 14, -600, 585, 780, 434, 322, 453, 278, 429, 
-409, 380, 790, 14, -600, 585, 780, 429, 322, 448, 278, 429, 
-409, 385, 795, 12, -602, 590, 780, 424, 322, 448, 278, 429, 
-405, 385, 790, 9, -597, 588, 780, 419, 322, 448, 273, 429, 
-419, 385, 805, 17, -612, 595, 780, 424, 322, 458, 273, 429, 
-424, 390, 814, 17, -619, 602, 785, 429, 317, 458, 278, 429, 
-429, 390, 819, 19, -624, 605, 785, 434, 317, 458, 278, 429, 
-434, 390, 824, 21, -629, 607, 785, 439, 317, 458, 278, 424, 
-419, 395, 814, 12, -617, 605, 785, 429, 326, 458, 287, 434, 
-414, 400, 814, 7, -614, 607, 785, 434, 326, 458, 283, 439, 
-409, 400, 810, 4, -610, 605, 785, 434, 326, 458, 283, 439, 
-405, 405, 810, 0, -607, 607, 785, 434, 326, 458, 287, 439, 
-409, 400, 810, 4, -610, 605, 790, 444, 326, 448, 287, 439, 
-409, 400, 810, 4, -610, 605, 790, 439, 326, 448, 287, 439, 
-409, 400, 810, 4, -610, 605, 790, 439, 322, 448, 287, 439, 
-409, 405, 814, 2, -612, 610, 790, 439, 322, 444, 287, 439, 
-424, 395, 819, 14, -622, 607, 790, 439, 322, 453, 278, 439, 
-429, 385, 814, 21, -622, 600, 790, 439, 322, 453, 273, 434, 
-434, 380, 814, 26, -624, 597, 790, 439, 322, 453, 273, 434, 
-439, 380, 819, 29, -629, 600, 790, 439, 322, 453, 273, 434, 
-424, 390, 814, 17, -619, 602, 790, 429, 322, 453, 283, 424, 
-419, 390, 810, 14, -614, 600, 790, 429, 322, 453, 283, 424, 
-414, 390, 805, 12, -610, 597, 790, 429, 322, 453, 283, 424, 
-409, 395, 805, 7, -607, 600, 800, 434, 326, 453, 283, 424, 
-409, 409, 819, 0, -614, 614, 790, 434, 326, 453, 273, 434, 
-409, 409, 819, 0, -614, 614, 790, 429, 326, 453, 273, 434, 
-409, 409, 819, 0, -614, 614, 785, 429, 326, 453, 273, 434, 
-414, 414, 829, 0, -622, 622, 785, 429, 326, 453, 273, 434, 
-414, 414, 829, 0, -622, 622, 785, 434, 336, 463, 287, 429, 
-414, 414, 829, 0, -622, 622, 790, 434, 336, 468, 287, 434, 
-414, 414, 829, 0, -622, 622, 790, 434, 341, 468, 287, 434, 
-409, 414, 824, -2, -617, 619, 790, 434, 341, 468, 287, 439, 
-409, 414, 824, -2, -617, 619, 790, 429, 351, 463, 283, 439, 
-414, 419, 834, -2, -624, 627, 790, 429, 356, 468, 287, 439, 
-419, 424, 844, -2, -631, 634, 790, 429, 361, 473, 292, 439, 
-424, 434, 858, -4, -641, 646, 790, 429, 366, 473, 292, 439, 
-419, 453, 873, -17, -646, 663, 790, 419, 361, 478, 292, 444, 
-414, 463, 878, -24, -646, 671, 790, 419, 361, 478, 292, 444, 
-409, 463, 873, -26, -641, 668, 790, 419, 361, 483, 292, 444, 
-405, 463, 868, -29, -636, 666, 790, 419, 370, 483, 292, 444, 
-409, 453, 863, -21, -636, 658, 785, 424, 380, 492, 302, 444, 
-414, 453, 868, -19, -641, 661, 785, 424, 380, 492, 302, 444, 
-414, 458, 873, -21, -644, 666, 785, 424, 380, 497, 307, 453, 
-419, 458, 878, -19, -649, 668, 785, 424, 385, 497, 317, 453, 
-409, 458, 868, -24, -639, 663, 790, 434, 385, 492, 297, 444, 
-400, 458, 858, -29, -629, 658, 790, 429, 390, 488, 302, 448, 
-414, 448, 863, -17, -639, 656, 790, 429, 390, 488, 302, 439, 
-419, 448, 868, -14, -644, 658, 790, 429, 390, 488, 302, 439, 
-424, 448, 873, -12, -649, 661, 790, 429, 390, 488, 302, 439, 
-429, 448, 878, -9, -653, 663, 790, 429, 390, 488, 302, 439, 
-429, 448, 878, -9, -653, 663, 780, 429, 390, 492, 302, 444, 
-429, 448, 878, -9, -653, 663, 775, 429, 385, 492, 302, 444, 
-429, 448, 878, -9, -653, 663, 775, 429, 380, 497, 302, 444, 
-424, 448, 873, -12, -649, 661, 771, 429, 380, 497, 302, 444, 
-409, 448, 858, -19, -634, 653, 771, 429, 380, 488, 302, 458, 
-419, 448, 868, -14, -644, 658, 771, 429, 380, 488, 302, 458, 
-419, 444, 863, -12, -641, 653, 771, 429, 375, 488, 302, 458, 
-419, 439, 858, -9, -639, 649, 771, 429, 366, 483, 302, 453, 
-414, 444, 858, -14, -636, 651, 780, 434, 366, 492, 292, 453, 
-414, 444, 858, -14, -636, 651, 780, 429, 361, 488, 292, 453, 
-414, 444, 858, -14, -636, 651, 780, 424, 351, 483, 287, 453, 
-414, 448, 863, -17, -639, 656, 775, 424, 346, 478, 287, 453, 
-414, 444, 858, -14, -636, 651, 756, 414, 336, 468, 283, 453, 
-419, 434, 854, -7, -636, 644, 756, 409, 331, 463, 283, 453, 
-419, 424, 844, -2, -631, 634, 761, 409, 326, 463, 283, 453, 
-424, 419, 844, 2, -634, 631, 766, 414, 326, 458, 283, 453, 
-419, 419, 839, 0, -629, 629, 771, 424, 336, 463, 292, 453, 
-414, 424, 839, -4, -627, 631, 775, 429, 336, 468, 292, 453, 
-409, 429, 839, -9, -624, 634, 780, 434, 336, 468, 287, 453, 
-405, 434, 839, -14, -622, 636, 790, 439, 341, 473, 283, 448, 
-414, 419, 834, -2, -624, 627, 790, 419, 341, 468, 283, 448, 
-439, 419, 858, 9, -649, 639, 790, 419, 346, 468, 283, 448, 
-444, 409, 854, 17, -649, 631, 795, 419, 346, 463, 283, 448, 
-453, 405, 858, 24, -656, 631, 795, 419, 346, 458, 283, 444, 
-439, 405, 844, 17, -641, 624, 785, 419, 346, 468, 268, 448, 
-434, 409, 844, 12, -639, 627, 785, 414, 336, 453, 258, 444, 
-429, 409, 839, 9, -634, 624, 785, 414, 326, 448, 253, 444, 
-429, 414, 844, 7, -636, 629, 790, 414, 326, 448, 253, 444, 
-434, 409, 844, 12, -639, 627, 800, 419, 326, 448, 263, 434, 
-439, 395, 834, 21, -636, 614, 800, 419, 326, 448, 263, 429, 
-444, 385, 829, 29, -636, 607, 800, 414, 326, 444, 253, 429, 
-453, 380, 834, 36, -644, 607, 805, 414, 317, 434, 248, 429, 
-444, 385, 829, 29, -636, 607, 795, 409, 312, 439, 248, 419, 
-444, 375, 819, 34, -631, 597, 795, 409, 312, 439, 248, 414, 
-439, 370, 810, 34, -624, 590, 800, 414, 312, 439, 248, 409, 
-439, 370, 810, 34, -624, 590, 805, 414, 317, 434, 248, 409, 
-448, 361, 810, 43, -629, 585, 805, 414, 307, 429, 234, 400, 
-458, 356, 814, 51, -636, 585, 800, 409, 307, 424, 229, 400, 
-468, 351, 819, 58, -644, 585, 800, 400, 307, 419, 224, 400, 
-483, 346, 829, 68, -656, 588, 800, 395, 302, 414, 219, 400, 
-483, 346, 829, 68, -656, 588, 810, 400, 312, 414, 224, 400, 
-488, 341, 829, 73, -658, 585, 814, 405, 312, 409, 224, 400, 
-483, 346, 829, 68, -656, 588, 814, 409, 312, 409, 229, 400, 
-463, 356, 819, 53, -641, 588, 814, 414, 312, 414, 239, 395, 
-463, 346, 810, 58, -636, 578, 805, 405, 307, 424, 239, 395, 
-463, 346, 810, 58, -636, 578, 805, 405, 307, 424, 234, 400, 
-463, 346, 810, 58, -636, 578, 805, 405, 307, 419, 234, 400, 
-463, 346, 810, 58, -636, 578, 800, 405, 312, 414, 234, 400, 
-453, 351, 805, 51, -629, 578, 810, 414, 312, 414, 224, 400, 
-453, 351, 805, 51, -629, 578, 814, 414, 307, 419, 224, 400, 
-453, 351, 805, 51, -629, 578, 814, 414, 307, 419, 224, 400, 
-453, 351, 805, 51, -629, 578, 814, 414, 307, 419, 224, 400, 
-444, 361, 805, 41, -624, 583, 805, 414, 302, 409, 234, 405, 
-448, 356, 805, 46, -627, 580, 810, 414, 302, 409, 234, 405, 
-448, 356, 805, 46, -627, 580, 810, 414, 302, 409, 229, 405, 
-444, 356, 800, 43, -622, 578, 810, 414, 297, 409, 229, 405, 
-444, 356, 800, 43, -622, 578, 805, 405, 307, 409, 219, 395, 
-444, 351, 795, 46, -619, 573, 805, 405, 312, 414, 219, 400, 
-444, 351, 795, 46, -619, 573, 805, 405, 312, 414, 219, 400, 
-444, 351, 795, 46, -619, 573, 805, 405, 312, 414, 219, 400, 
-448, 341, 790, 53, -619, 566, 814, 414, 302, 405, 229, 395, 
-458, 341, 800, 58, -629, 570, 814, 414, 302, 405, 234, 395, 
-463, 341, 805, 61, -634, 573, 819, 409, 302, 400, 234, 395, 
-468, 341, 810, 63, -639, 575, 819, 409, 302, 400, 234, 395, 
-463, 351, 814, 56, -639, 583, 810, 405, 302, 400, 224, 390, 
-453, 356, 810, 48, -631, 583, 810, 405, 297, 400, 224, 390, 
-448, 356, 805, 46, -627, 580, 810, 405, 297, 400, 224, 390, 
-444, 356, 800, 43, -622, 578, 810, 405, 297, 400, 224, 390, 
-444, 361, 805, 41, -624, 583, 810, 405, 302, 405, 234, 405, 
-444, 361, 805, 41, -624, 583, 810, 405, 307, 409, 234, 405, 
-444, 361, 805, 41, -624, 583, 810, 405, 312, 414, 234, 405, 
-444, 366, 810, 39, -627, 588, 810, 405, 317, 419, 234, 405, 
-453, 356, 810, 48, -631, 583, 810, 405, 307, 409, 224, 395, 
-453, 356, 810, 48, -631, 583, 810, 405, 307, 409, 224, 395, 
-453, 356, 810, 48, -631, 583, 810, 405, 307, 409, 224, 395, 
-453, 356, 810, 48, -631, 583, 814, 405, 307, 409, 224, 395, 
-448, 346, 795, 51, -622, 570, 814, 395, 317, 409, 234, 395, 
-448, 346, 795, 51, -622, 570, 810, 395, 317, 409, 234, 395, 
-448, 346, 795, 51, -622, 570, 810, 395, 317, 409, 234, 395, 
-448, 346, 795, 51, -622, 570, 810, 400, 322, 414, 234, 395, 
-448, 356, 805, 46, -627, 580, 810, 409, 322, 429, 234, 395, 
-448, 356, 805, 46, -627, 580, 810, 409, 322, 429, 234, 400, 
-448, 356, 805, 46, -627, 580, 810, 409, 322, 429, 234, 400, 
-448, 356, 805, 46, -627, 580, 810, 409, 322, 429, 234, 395, 
-458, 356, 814, 51, -636, 585, 810, 409, 307, 419, 234, 395, 
-439, 375, 814, 31, -627, 595, 814, 405, 317, 419, 234, 395, 
-429, 375, 805, 26, -617, 590, 824, 405, 322, 419, 224, 395, 
-434, 366, 800, 34, -617, 583, 829, 405, 326, 405, 214, 380, 
-439, 366, 805, 36, -622, 585, 834, 424, 346, 400, 195, 370, 
-453, 351, 805, 51, -629, 578, 854, 424, 370, 390, 170, 351, 
-463, 351, 814, 56, -639, 583, 868, 453, 390, 405, 161, 341, 
-448, 370, 819, 39, -634, 595, 883, 488, 429, 434, 180, 351, 
-448, 370, 819, 39, -634, 595, 897, 527, 478, 488, 234, 370, 
-444, 375, 819, 34, -631, 597, 932, 570, 517, 536, 278, 375, 
-409, 375, 785, 17, -597, 580, 946, 653, 551, 605, 322, 395, 
-370, 380, 751, -4, -561, 566, 951, 761, 590, 707, 409, 434, 
-317, 375, 692, -29, -505, 534, 956, 897, 649, 844, 522, 497, 
-253, 395, 649, -70, -451, 522, 951, 1024, 702, 1000, 639, 561, 
-180, 458, 639, -139, -409, 549, 907, 1112, 741, 1185, 814, 678, 
-63, 575, 639, -256, -351, 607, 829, 1141, 741, 1390, 1029, 854, 
48, 702, 653, -375, -302, 678, 722, 1132, 697, 1581, 1278, 1044, 
161, 854, 692, -507, -265, 773, 556, 1063, 610, 1761, 1527, 1249, 
268, 1044, 775, -656, -253, 910, 375, 956, 531, 1917, 1751, 1454, 
380, 1200, 819, -790, -219, 1010, 248, 893, 468, 1991, 1912, 1625, 
453, 1317, 863, -885, -204, 1090, 161, 834, 395, 1991, 1976, 1742, 
473, 1376, 902, -924, -214, 1139, 92, 751, 307, 1878, 1942, 1781, 
434, 1346, 912, -890, -239, 1129, 68, 585, 200, 1654, 1776, 1737, 
317, 1259, 941, -788, -312, 1100, 78, 307, 87, 1371, 1546, 1644, 
209, 1205, 995, -707, -392, 1100, 68, -9, -48, 1102, 1342, 1551, 
117, 1171, 1054, -644, -468, 1112, 78, -263, -214, 805, 1117, 1454, 
4, 1049, 1044, -527, -519, 1046, 136, -468, -385, 409, 814, 1302, 
-146, 893, 1039, -373, -592, 966, 190, -653, -556, 9, 488, 1122, 
-253, 790, 1044, -268, -649, 917, 248, -736, -673, -244, 248, 971, 
-317, 707, 1024, -195, -671, 866, 292, -697, -732, -351, 117, 868, 
-351, 639, 990, -143, -671, 814, 322, -653, -775, -409, 29, 775, 
-370, 585, 956, -107, -663, 771, 312, -605, -790, -414, -34, 692, 
-361, 575, 936, -107, -649, 756, 297, -512, -761, -361, -29, 653, 
-361, 580, 941, -109, -651, 761, 317, -380, -644, -253, 4, 639, 
-361, 600, 961, -119, -661, 780, 366, -253, -478, -131, 53, 624, 
-366, 600, 966, -117, -666, 783, 429, -131, -341, -19, 87, 614, 
-346, 590, 936, -122, -641, 763, 483, -14, -219, 82, 136, 614, 
-326, 585, 912, -129, -619, 749, 527, 92, -117, 161, 170, 600, 
-331, 566, 897, -117, -614, 732, 575, 161, -39, 204, 180, 556, 
-351, 517, 868, -82, -610, 692, 629, 219, 29, 234, 170, 502, 
-351, 488, 839, -68, -595, 663, 663, 248, 92, 253, 180, 463, 
-361, 473, 834, -56, -597, 653, 688, 253, 156, 297, 200, 439, 
-375, 463, 839, -43, -607, 651, 697, 268, 195, 326, 204, 439, 
-385, 434, 819, -24, -602, 627, 722, 287, 229, 346, 214, 434, 
-380, 419, 800, -19, -590, 610, 736, 322, 248, 370, 234, 444, 
-390, 409, 800, -9, -595, 605, 751, 341, 268, 385, 244, 444, 
-405, 395, 800, 4, -602, 597, 761, 351, 278, 405, 234, 444, 
-395, 400, 795, -2, -595, 597, 771, 351, 283, 409, 224, 429, 
-375, 424, 800, -24, -588, 612, 790, 375, 312, 419, 229, 414, 
-385, 424, 810, -19, -597, 617, 805, 380, 331, 419, 239, 414, 
-385, 419, 805, -17, -595, 612, 810, 385, 331, 414, 234, 395, 
-390, 405, 795, -7, -592, 600, 800, 380, 326, 409, 234, 390, 
-390, 395, 785, -2, -588, 590, 795, 380, 322, 405, 234, 390, 
-390, 390, 780, 0, -585, 585, 795, 380, 326, 405, 234, 390, 
-390, 380, 771, 4, -580, 575, 790, 390, 322, 424, 234, 400, 
-395, 380, 775, 7, -585, 578, 795, 395, 322, 424, 234, 405, 
-400, 375, 775, 12, -588, 575, 800, 395, 322, 424, 234, 405, 
-405, 375, 780, 14, -592, 578, 800, 395, 322, 424, 234, 405, 
-414, 366, 780, 24, -597, 573, 800, 385, 336, 424, 224, 395, 
-419, 366, 785, 26, -602, 575, 805, 385, 336, 429, 224, 390, 
-424, 361, 785, 31, -605, 573, 810, 385, 341, 429, 229, 385, 
-429, 361, 790, 34, -610, 575, 810, 385, 346, 434, 229, 380, 
-414, 375, 790, 19, -602, 583, 805, 390, 351, 434, 239, 380, 
-409, 380, 790, 14, -600, 585, 805, 395, 351, 439, 239, 385, 
-405, 380, 785, 12, -595, 583, 805, 395, 351, 439, 239, 385, 
-400, 380, 780, 9, -590, 580, 800, 390, 351, 439, 239, 385, 
-385, 390, 775, -2, -580, 583, 800, 400, 346, 448, 244, 385, 
-385, 385, 771, 0, -578, 578, 800, 400, 346, 453, 244, 385, 
-385, 385, 771, 0, -578, 578, 800, 405, 351, 453, 244, 385, 
-385, 390, 775, -2, -580, 583, 805, 405, 356, 458, 248, 385, 
-385, 395, 780, -4, -583, 588, 805, 405, 366, 458, 258, 385, 
-385, 400, 785, -7, -585, 592, 805, 400, 370, 458, 258, 385, 
-380, 405, 785, -12, -583, 595, 805, 400, 370, 458, 258, 385, 
-380, 409, 790, -14, -585, 600, 805, 405, 375, 458, 258, 385, 
-385, 400, 785, -7, -585, 592, 795, 405, 375, 458, 253, 395, 
-385, 400, 785, -7, -585, 592, 795, 405, 370, 463, 253, 400, 
-380, 400, 780, -9, -580, 590, 795, 405, 370, 463, 253, 400, 
-375, 405, 780, -14, -578, 592, 795, 405, 375, 468, 258, 400, 
-385, 400, 785, -7, -585, 592, 805, 409, 380, 463, 263, 400, 
-385, 400, 785, -7, -585, 592, 805, 414, 380, 463, 263, 400, 
-390, 400, 790, -4, -590, 595, 805, 414, 375, 463, 263, 400, 
-395, 400, 795, -2, -595, 597, 805, 414, 375, 463, 268, 400, 
-390, 405, 795, -7, -592, 600, 805, 414, 375, 463, 268, 400, 
-380, 409, 790, -14, -585, 600, 805, 414, 375, 463, 268, 400, 
-375, 409, 785, -17, -580, 597, 805, 414, 385, 468, 268, 400, 
-366, 409, 775, -21, -570, 592, 805, 414, 385, 468, 268, 400, 
-366, 414, 780, -24, -573, 597, 805, 414, 385, 478, 273, 409, 
-366, 419, 785, -26, -575, 602, 805, 414, 385, 488, 273, 409, 
-366, 419, 785, -26, -575, 602, 805, 419, 385, 488, 273, 409, 
-366, 419, 785, -26, -575, 602, 805, 419, 385, 488, 278, 409, 
-370, 424, 795, -26, -583, 610, 795, 419, 385, 478, 268, 409, 
-370, 424, 795, -26, -583, 610, 795, 419, 385, 483, 273, 409, 
-366, 424, 790, -29, -578, 607, 790, 419, 385, 483, 273, 409, 
-366, 424, 790, -29, -578, 607, 785, 419, 385, 488, 273, 414, 
-366, 424, 790, -29, -578, 607, 795, 414, 390, 497, 283, 414, 
-366, 429, 795, -31, -580, 612, 795, 414, 390, 497, 283, 409, 
-366, 429, 795, -31, -580, 612, 795, 419, 390, 502, 283, 409, 
-366, 429, 795, -31, -580, 612, 795, 424, 390, 507, 292, 419, 
-366, 424, 790, -29, -578, 607, 795, 424, 395, 502, 283, 409, 
-366, 429, 795, -31, -580, 612, 795, 424, 400, 507, 287, 419, 
-366, 434, 800, -34, -583, 617, 795, 424, 400, 512, 287, 419, 
-356, 439, 795, -41, -575, 617, 795, 424, 400, 512, 297, 424, 
-356, 439, 795, -41, -575, 617, 795, 434, 400, 512, 302, 424, 
-356, 444, 800, -43, -578, 622, 795, 434, 400, 512, 302, 424, 
-356, 444, 800, -43, -578, 622, 795, 434, 400, 517, 307, 424, 
-346, 448, 795, -51, -570, 622, 795, 439, 400, 522, 312, 424, 
-346, 453, 800, -53, -573, 627, 785, 429, 405, 531, 322, 434, 
-346, 453, 800, -53, -573, 627, 785, 434, 405, 536, 317, 439, 
-346, 458, 805, -56, -575, 631, 785, 439, 414, 541, 317, 448, 
-346, 463, 810, -58, -578, 636, 785, 444, 414, 546, 326, 448, 
-336, 463, 800, -63, -568, 631, 785, 444, 414, 541, 322, 439, 
-336, 463, 800, -63, -568, 631, 785, 444, 414, 541, 326, 439, 
-331, 463, 795, -65, -563, 629, 785, 444, 424, 551, 331, 439, 
-331, 473, 805, -70, -568, 639, 785, 448, 424, 556, 331, 444, 
-326, 478, 805, -75, -566, 641, 775, 439, 424, 556, 336, 448, 
-326, 483, 810, -78, -568, 646, 775, 439, 429, 561, 341, 448, 
-326, 483, 810, -78, -568, 646, 771, 439, 434, 566, 346, 448, 
-331, 488, 819, -78, -575, 653, 771, 439, 434, 570, 351, 453, 
-322, 492, 814, -85, -568, 653, 775, 448, 439, 575, 356, 458, 
-322, 492, 814, -85, -568, 653, 771, 448, 439, 580, 356, 463, 
-317, 492, 810, -87, -563, 651, 771, 453, 448, 580, 361, 463, 
-317, 502, 819, -92, -568, 661, 771, 453, 448, 580, 366, 463, 
-322, 497, 819, -87, -570, 658, 766, 458, 444, 585, 370, 473, 
-317, 502, 819, -92, -568, 661, 766, 458, 444, 590, 375, 473, 
-317, 507, 824, -95, -570, 666, 766, 458, 448, 595, 375, 483, 
-312, 507, 819, -97, -566, 663, 766, 458, 453, 600, 380, 483, 
-302, 512, 814, -104, -558, 663, 756, 458, 448, 595, 385, 483, 
-297, 527, 824, -114, -561, 675, 756, 463, 453, 600, 390, 488, 
-297, 527, 824, -114, -561, 675, 751, 463, 453, 605, 395, 488, 
-307, 527, 834, -109, -570, 680, 751, 463, 453, 610, 395, 497, 
-307, 541, 849, -117, -578, 695, 751, 463, 463, 624, 400, 507, 
-302, 546, 849, -122, -575, 697, 746, 458, 468, 624, 405, 512, 
-297, 551, 849, -126, -573, 700, 746, 458, 478, 624, 409, 512, 
-297, 556, 854, -129, -575, 705, 746, 458, 483, 624, 414, 512, 
-278, 561, 839, -141, -558, 700, 756, 458, 473, 629, 424, 517, 
-278, 575, 854, -148, -566, 714, 756, 458, 473, 634, 424, 527, 
-283, 585, 868, -151, -575, 727, 756, 458, 478, 634, 424, 527, 
-283, 590, 873, -153, -578, 732, 751, 458, 478, 634, 429, 527, 
-278, 585, 863, -153, -570, 724, 751, 448, 478, 639, 419, 517, 
-278, 585, 863, -153, -570, 724, 751, 448, 478, 639, 424, 522, 
-278, 580, 858, -151, -568, 719, 751, 444, 478, 639, 424, 522, 
-273, 580, 854, -153, -563, 717, 751, 444, 478, 639, 424, 527, 
-273, 590, 863, -158, -568, 727, 736, 444, 473, 649, 424, 536, 
-273, 590, 863, -158, -568, 727, 736, 434, 473, 644, 424, 536, 
-268, 595, 863, -163, -566, 729, 736, 429, 473, 644, 424, 536, 
-268, 600, 868, -165, -568, 734, 736, 429, 473, 644, 424, 541, 
-273, 605, 878, -165, -575, 741, 736, 429, 468, 634, 424, 536, 
-273, 605, 878, -165, -575, 741, 736, 424, 468, 634, 424, 536, 
-278, 605, 883, -163, -580, 744, 732, 419, 468, 634, 429, 536, 
-278, 605, 883, -163, -580, 744, 727, 419, 468, 634, 429, 536, 
-268, 610, 878, -170, -573, 744, 727, 429, 473, 634, 429, 541, 
-263, 610, 873, -173, -568, 741, 722, 419, 473, 634, 429, 541, 
-263, 614, 878, -175, -570, 746, 722, 414, 473, 634, 429, 546, 
-263, 614, 878, -175, -570, 746, 722, 414, 473, 634, 429, 546, 
-263, 605, 868, -170, -566, 736, 717, 400, 483, 634, 439, 546, 
-263, 605, 868, -170, -566, 736, 717, 400, 483, 629, 444, 546, 
-258, 605, 863, -173, -561, 734, 717, 405, 483, 629, 444, 546, 
-258, 610, 868, -175, -563, 739, 717, 405, 483, 629, 444, 551, 
-248, 619, 868, -185, -558, 744, 717, 400, 473, 624, 444, 561, 
-248, 619, 868, -185, -558, 744, 717, 400, 473, 624, 444, 561, 
-248, 614, 863, -183, -556, 739, 722, 400, 478, 624, 444, 561, 
-244, 614, 858, -185, -551, 736, 727, 400, 478, 624, 439, 556, 
-244, 605, 849, -180, -546, 727, 727, 395, 478, 619, 439, 556, 
-248, 605, 854, -178, -551, 729, 727, 390, 478, 619, 434, 551, 
-258, 600, 858, -170, -558, 729, 727, 385, 478, 610, 429, 551, 
-263, 595, 858, -165, -561, 727, 727, 385, 468, 605, 419, 546, 
-273, 580, 854, -153, -563, 717, 727, 375, 468, 600, 414, 531, 
-273, 570, 844, -148, -558, 707, 727, 375, 468, 595, 414, 531, 
-273, 570, 844, -148, -558, 707, 732, 375, 468, 595, 409, 531, 
-273, 561, 834, -143, -553, 697, 736, 375, 468, 595, 405, 531, 
-263, 561, 824, -148, -544, 692, 736, 375, 468, 590, 405, 522, 
-268, 556, 824, -143, -546, 690, 736, 375, 463, 585, 400, 517, 
-273, 556, 829, -141, -551, 692, 736, 370, 458, 575, 390, 517, 
-283, 546, 829, -131, -556, 688, 741, 370, 448, 566, 385, 512, 
-273, 541, 814, -134, -544, 678, 751, 380, 448, 556, 380, 507, 
-273, 536, 810, -131, -541, 673, 751, 375, 444, 546, 366, 502, 
-273, 527, 800, -126, -536, 663, 756, 375, 439, 541, 361, 497, 
-278, 517, 795, -119, -536, 656, 761, 375, 439, 536, 361, 492, 
-268, 517, 785, -124, -527, 651, 751, 370, 434, 536, 351, 478, 
-273, 517, 790, -122, -531, 653, 756, 366, 429, 531, 341, 473, 
-273, 512, 785, -119, -529, 649, 756, 361, 424, 522, 341, 468, 
-283, 507, 790, -112, -536, 649, 751, 356, 419, 517, 336, 458, 
-297, 492, 790, -97, -544, 641, 751, 351, 414, 507, 322, 468, 
-297, 488, 785, -95, -541, 636, 761, 351, 414, 502, 312, 463, 
-302, 478, 780, -87, -541, 629, 766, 351, 414, 497, 312, 458, 
-312, 478, 790, -82, -551, 634, 766, 351, 409, 497, 307, 458, 
-302, 473, 775, -85, -539, 624, 766, 351, 405, 492, 307, 444, 
-297, 473, 771, -87, -534, 622, 766, 351, 405, 488, 302, 444, 
-292, 463, 756, -85, -524, 610, 766, 351, 405, 488, 297, 444, 
-287, 463, 751, -87, -519, 607, 771, 356, 405, 488, 297, 444, 
-302, 448, 751, -73, -527, 600, 771, 351, 400, 483, 292, 444, 
-307, 448, 756, -70, -531, 602, 766, 341, 395, 478, 287, 444, 
-307, 448, 756, -70, -531, 602, 766, 336, 385, 473, 287, 439, 
-302, 448, 751, -73, -527, 600, 771, 331, 385, 473, 287, 439, 
-292, 458, 751, -82, -522, 605, 771, 346, 390, 473, 283, 439, 
-292, 458, 751, -82, -522, 605, 771, 351, 395, 473, 283, 444, 
-292, 453, 746, -80, -519, 600, 775, 351, 395, 473, 283, 444, 
-292, 453, 746, -80, -519, 600, 775, 341, 385, 473, 283, 439, 
-287, 453, 741, -82, -514, 597, 771, 341, 385, 473, 283, 439, 
-287, 453, 741, -82, -514, 597, 771, 341, 385, 468, 283, 439, 
-287, 453, 741, -82, -514, 597, 771, 341, 385, 468, 283, 439, 
-287, 453, 741, -82, -514, 597, 771, 341, 390, 468, 283, 439, 
-297, 453, 751, -78, -524, 602, 771, 331, 390, 468, 283, 444, 
-297, 453, 751, -78, -524, 602, 771, 331, 390, 463, 283, 444, 
-297, 453, 751, -78, -524, 602, 771, 331, 390, 463, 283, 439, 
-297, 453, 751, -78, -524, 602, 771, 331, 390, 468, 283, 439, 
-297, 463, 761, -82, -529, 612, 771, 331, 390, 468, 283, 439, 
-297, 458, 756, -80, -527, 607, 771, 331, 390, 468, 283, 439, 
-297, 453, 751, -78, -524, 602, 771, 331, 390, 468, 283, 444, 
-297, 453, 751, -78, -524, 602, 766, 331, 390, 468, 283, 444, 
-297, 448, 746, -75, -522, 597, 766, 331, 390, 468, 283, 444, 
-297, 453, 751, -78, -524, 602, 771, 326, 390, 468, 283, 444, 
-297, 453, 751, -78, -524, 602, 775, 326, 390, 468, 283, 439, 
-297, 453, 751, -78, -524, 602, 775, 326, 390, 468, 283, 434, 
-302, 444, 746, -70, -524, 595, 766, 326, 380, 468, 278, 434, 
-307, 444, 751, -68, -529, 597, 766, 326, 380, 468, 278, 434, 
-317, 444, 761, -63, -539, 602, 766, 326, 385, 473, 278, 439, 
-322, 444, 766, -61, -544, 605, 766, 326, 385, 473, 278, 439, 
-302, 453, 756, -75, -529, 605, 771, 331, 385, 473, 287, 439, 
-297, 453, 751, -78, -524, 602, 771, 331, 380, 473, 287, 439, 
-292, 448, 741, -78, -517, 595, 771, 331, 380, 473, 287, 439, 
-287, 448, 736, -80, -512, 592, 775, 331, 380, 473, 287, 439, 
-297, 458, 756, -80, -527, 607, 775, 331, 390, 483, 297, 439, 
-297, 458, 756, -80, -527, 607, 771, 331, 390, 483, 297, 439, 
-297, 458, 756, -80, -527, 607, 771, 331, 390, 483, 297, 439, 
-297, 458, 756, -80, -527, 607, 771, 331, 390, 483, 297, 439, 
-297, 448, 746, -75, -522, 597, 761, 331, 380, 473, 287, 429, 
-297, 444, 741, -73, -519, 592, 761, 331, 380, 473, 287, 429, 
-297, 439, 736, -70, -517, 588, 761, 331, 375, 473, 287, 429, 
-297, 434, 732, -68, -514, 583, 761, 331, 375, 473, 287, 429, 
-297, 434, 732, -68, -514, 583, 761, 331, 375, 473, 297, 429, 
-297, 434, 732, -68, -514, 583, 766, 331, 375, 473, 297, 429, 
-302, 434, 736, -65, -519, 585, 766, 331, 375, 473, 297, 429, 
-302, 434, 736, -65, -519, 585, 766, 331, 375, 473, 297, 429, 
-292, 439, 732, -73, -512, 585, 771, 331, 385, 483, 297, 434, 
-287, 444, 732, -78, -509, 588, 771, 331, 390, 483, 297, 434, 
-283, 448, 732, -82, -507, 590, 771, 331, 390, 483, 297, 434, 
-278, 453, 732, -87, -505, 592, 766, 331, 390, 483, 297, 434, 
-287, 444, 732, -78, -509, 588, 775, 331, 380, 473, 287, 424, 
-287, 439, 727, -75, -507, 583, 775, 331, 375, 473, 287, 424, 
-287, 439, 727, -75, -507, 583, 775, 331, 375, 473, 283, 424, 
-292, 434, 727, -70, -509, 580, 775, 331, 375, 473, 283, 424, 
-283, 434, 717, -75, -500, 575, 771, 331, 375, 468, 292, 424, 
-283, 434, 717, -75, -500, 575, 771, 331, 375, 468, 292, 424, 
-283, 439, 722, -78, -502, 580, 771, 326, 375, 468, 292, 419, 
-283, 439, 722, -78, -502, 580, 771, 326, 375, 468, 287, 419, 
-283, 434, 717, -75, -500, 575, 780, 326, 385, 468, 287, 419, 
-287, 434, 722, -73, -505, 578, 775, 326, 385, 468, 287, 424, 
-292, 429, 722, -68, -507, 575, 775, 326, 390, 463, 287, 429, 
-292, 429, 722, -68, -507, 575, 775, 326, 390, 463, 287, 434, 
-287, 434, 722, -73, -505, 578, 766, 317, 380, 463, 287, 429, 
-292, 434, 727, -70, -509, 580, 771, 317, 380, 463, 283, 424, 
-302, 424, 727, -61, -514, 575, 771, 317, 375, 458, 283, 419, 
-307, 414, 722, -53, -514, 568, 771, 312, 375, 458, 283, 414, 
-292, 424, 717, -65, -505, 570, 771, 317, 375, 468, 283, 419, 
-292, 429, 722, -68, -507, 575, 771, 317, 375, 468, 283, 424, 
-292, 429, 722, -68, -507, 575, 771, 317, 375, 468, 278, 419, 
-292, 424, 717, -65, -505, 570, 771, 312, 375, 468, 278, 424, 
-302, 414, 717, -56, -509, 566, 771, 312, 370, 458, 263, 424, 
-297, 414, 712, -58, -505, 563, 771, 312, 370, 453, 263, 419, 
-297, 414, 712, -58, -505, 563, 771, 317, 370, 453, 263, 414, 
-297, 414, 712, -58, -505, 563, 771, 317, 370, 453, 263, 405, 
-292, 419, 712, -63, -502, 566, 771, 312, 370, 463, 268, 405, 
-292, 419, 712, -63, -502, 566, 771, 312, 370, 458, 268, 409, 
-292, 424, 717, -65, -505, 570, 771, 312, 370, 458, 268, 414, 
-287, 424, 712, -68, -500, 568, 771, 312, 370, 458, 263, 419, 
-297, 414, 712, -58, -505, 563, 780, 302, 370, 458, 273, 419, 
-297, 419, 717, -61, -507, 568, 785, 302, 366, 458, 278, 419, 
-297, 419, 717, -61, -507, 568, 785, 302, 366, 458, 278, 419, 
-297, 419, 717, -61, -507, 568, 785, 302, 366, 458, 278, 414, 
-297, 419, 717, -61, -507, 568, 775, 292, 366, 448, 273, 405, 
-297, 419, 717, -61, -507, 568, 775, 297, 366, 448, 263, 409, 
-297, 414, 712, -58, -505, 563, 775, 297, 366, 448, 258, 409, 
-297, 414, 712, -58, -505, 563, 775, 297, 366, 448, 258, 409, 
-292, 409, 702, -58, -497, 556, 771, 297, 366, 448, 258, 400, 
-292, 409, 702, -58, -497, 556, 771, 292, 366, 448, 258, 400, 
-292, 409, 702, -58, -497, 556, 771, 292, 361, 448, 258, 400, 
-292, 414, 707, -61, -500, 561, 771, 292, 361, 444, 258, 400, 
-283, 424, 707, -70, -495, 566, 771, 302, 361, 444, 258, 409, 
-283, 414, 697, -65, -490, 556, 771, 302, 361, 444, 253, 405, 
-283, 409, 692, -63, -488, 551, 771, 302, 361, 444, 253, 405, 
-283, 409, 692, -63, -488, 551, 771, 302, 361, 444, 253, 405, 
-297, 405, 702, -53, -500, 553, 771, 297, 351, 444, 253, 395, 
-302, 400, 702, -48, -502, 551, 771, 292, 351, 444, 253, 395, 
-307, 395, 702, -43, -505, 549, 771, 287, 351, 444, 253, 395, 
-312, 395, 707, -41, -509, 551, 780, 287, 356, 444, 253, 395, 
-302, 409, 712, -53, -507, 561, 771, 297, 356, 444, 253, 395, 
-302, 409, 712, -53, -507, 561, 771, 292, 356, 444, 253, 395, 
-302, 409, 712, -53, -507, 561, 766, 292, 356, 444, 253, 395, 
-307, 414, 722, -53, -514, 568, 766, 292, 356, 444, 253, 395, 
-297, 414, 712, -58, -505, 563, 771, 297, 366, 444, 258, 400, 
-297, 414, 712, -58, -505, 563, 780, 297, 366, 448, 258, 405, 
-297, 414, 712, -58, -505, 563, 785, 297, 370, 448, 258, 405, 
-292, 414, 707, -61, -500, 561, 790, 297, 370, 448, 258, 409, 
-287, 434, 722, -73, -505, 578, 780, 292, 380, 453, 263, 414, 
-287, 439, 727, -75, -507, 583, 780, 292, 385, 458, 268, 419, 
-287, 444, 732, -78, -509, 588, 780, 292, 390, 463, 273, 424, 
-287, 453, 741, -82, -514, 597, 780, 292, 395, 463, 273, 429, 
-297, 458, 756, -80, -527, 607, 780, 292, 400, 478, 283, 424, 
-297, 463, 761, -82, -529, 612, 780, 292, 400, 478, 283, 424, 
-297, 458, 756, -80, -527, 607, 780, 292, 400, 483, 283, 424, 
-297, 453, 751, -78, -524, 602, 780, 292, 409, 483, 283, 424, 
-287, 463, 751, -87, -519, 607, 785, 297, 409, 473, 283, 424, 
-287, 463, 751, -87, -519, 607, 785, 297, 409, 473, 283, 424, 
-283, 468, 751, -92, -517, 610, 785, 297, 409, 478, 287, 434, 
-283, 468, 751, -92, -517, 610, 785, 297, 414, 478, 297, 434, 
-273, 478, 751, -102, -512, 614, 780, 278, 414, 483, 287, 424, 
-273, 488, 761, -107, -517, 624, 771, 278, 424, 492, 283, 424, 
-278, 478, 756, -100, -517, 617, 775, 287, 429, 488, 292, 429, 
-287, 473, 761, -92, -524, 617, 780, 297, 434, 492, 292, 434, 
-302, 468, 771, -82, -536, 619, 780, 283, 439, 488, 302, 429, 
-287, 478, 766, -95, -527, 622, 771, 292, 439, 488, 302, 429, 
-283, 478, 761, -97, -522, 619, 771, 292, 439, 488, 302, 429, 
-278, 478, 756, -100, -517, 617, 771, 292, 439, 488, 302, 429, 
-273, 478, 751, -102, -512, 614, 771, 292, 439, 488, 302, 429, 
-273, 468, 741, -97, -507, 605, 771, 292, 429, 483, 292, 434, 
-273, 468, 741, -97, -507, 605, 766, 292, 424, 483, 292, 434, 
-273, 468, 741, -97, -507, 605, 766, 292, 419, 488, 292, 434, 
-268, 468, 736, -100, -502, 602, 761, 292, 419, 488, 292, 434, 
-263, 468, 732, -102, -497, 600, 761, 292, 419, 488, 302, 439, 
-273, 468, 741, -97, -507, 605, 761, 292, 419, 488, 302, 439, 
-273, 463, 736, -95, -505, 600, 761, 292, 414, 488, 302, 439, 
-273, 458, 732, -92, -502, 595, 761, 292, 405, 483, 302, 434, 
-268, 448, 717, -90, -492, 583, 761, 287, 395, 483, 292, 424, 
-268, 444, 712, -87, -490, 578, 761, 283, 390, 478, 292, 424, 
-268, 439, 707, -85, -488, 573, 761, 278, 380, 473, 287, 424, 
-268, 439, 707, -85, -488, 573, 756, 278, 375, 468, 287, 424, 
-263, 439, 702, -87, -483, 570, 756, 278, 366, 468, 283, 424, 
-263, 434, 697, -85, -480, 566, 756, 273, 361, 463, 283, 424, 
-258, 429, 688, -85, -473, 558, 761, 273, 356, 463, 283, 424, 
-258, 429, 688, -85, -473, 558, 766, 278, 356, 458, 283, 424, 
-258, 429, 688, -85, -473, 558, 756, 273, 366, 458, 283, 434, 
-258, 434, 692, -87, -475, 563, 756, 273, 366, 458, 283, 434, 
-258, 439, 697, -90, -478, 568, 756, 273, 366, 453, 278, 434, 
-258, 444, 702, -92, -480, 573, 761, 273, 370, 453, 273, 429, 
-263, 434, 697, -85, -480, 566, 761, 273, 361, 444, 273, 419, 
-283, 429, 712, -73, -497, 570, 761, 273, 366, 448, 273, 419, 
-283, 414, 697, -65, -490, 556, 766, 273, 366, 448, 273, 419, 
-287, 405, 692, -58, -490, 549, 766, 273, 366, 448, 273, 414, 
-287, 409, 697, -61, -492, 553, 766, 273, 356, 458, 268, 409, 
-287, 409, 697, -61, -492, 553, 766, 268, 346, 444, 258, 405, 
-287, 405, 692, -58, -490, 549, 766, 268, 336, 439, 253, 405, 
-292, 405, 697, -56, -495, 551, 771, 268, 336, 439, 253, 405, 
-302, 405, 707, -51, -505, 556, 771, 263, 346, 439, 253, 414, 
-302, 395, 697, -46, -500, 546, 771, 263, 346, 439, 253, 409, 
-302, 390, 692, -43, -497, 541, 771, 258, 346, 434, 244, 409, 
-307, 390, 697, -41, -502, 544, 775, 258, 336, 424, 239, 409, 
-307, 375, 683, -34, -495, 529, 785, 263, 341, 429, 239, 400, 
-307, 366, 673, -29, -490, 519, 785, 263, 341, 429, 239, 395, 
-302, 361, 663, -29, -483, 512, 790, 268, 341, 429, 239, 390, 
-302, 361, 663, -29, -483, 512, 795, 268, 346, 424, 239, 390, 
-312, 356, 668, -21, -490, 512, 795, 263, 336, 414, 229, 390, 
-312, 356, 668, -21, -490, 512, 790, 263, 336, 414, 229, 390, 
-312, 356, 668, -21, -490, 512, 790, 258, 336, 414, 229, 390, 
-317, 356, 673, -19, -495, 514, 790, 258, 331, 414, 229, 390, 
-312, 351, 663, -19, -488, 507, 780, 258, 331, 414, 219, 380, 
-322, 341, 663, -9, -492, 502, 785, 258, 331, 409, 214, 380, 
-322, 341, 663, -9, -492, 502, 785, 258, 331, 409, 214, 380, 
-307, 346, 653, -19, -480, 500, 785, 258, 331, 414, 219, 375, 
-307, 346, 653, -19, -480, 500, 785, 258, 336, 414, 219, 375, 
-307, 346, 653, -19, -480, 500, 785, 258, 336, 414, 214, 380, 
-307, 346, 653, -19, -480, 500, 785, 258, 336, 409, 214, 380, 
-307, 346, 653, -19, -480, 500, 780, 258, 341, 405, 214, 380, 
-302, 356, 658, -26, -480, 507, 790, 263, 341, 405, 224, 390, 
-297, 361, 658, -31, -478, 509, 795, 268, 336, 409, 224, 390, 
-292, 366, 658, -36, -475, 512, 795, 273, 336, 409, 224, 390, 
-287, 370, 658, -41, -473, 514, 795, 278, 336, 409, 224, 390, 
-297, 361, 658, -31, -478, 509, 795, 268, 341, 419, 234, 385, 
-302, 356, 658, -26, -480, 507, 800, 268, 341, 419, 234, 385, 
-302, 356, 658, -26, -480, 507, 800, 268, 341, 419, 229, 385, 
-297, 356, 653, -29, -475, 505, 800, 268, 336, 419, 229, 385, 
-297, 356, 653, -29, -475, 505, 795, 258, 336, 409, 229, 385, 
-297, 351, 649, -26, -473, 500, 795, 258, 341, 414, 229, 390, 
-297, 351, 649, -26, -473, 500, 795, 258, 341, 414, 229, 390, 
-297, 351, 649, -26, -473, 500, 795, 258, 341, 414, 229, 390, 
-307, 341, 649, -17, -478, 495, 795, 268, 341, 414, 219, 385, 
-312, 341, 653, -14, -483, 497, 795, 268, 341, 414, 224, 385, 
-312, 341, 653, -14, -483, 497, 800, 263, 341, 409, 224, 385, 
-312, 341, 653, -14, -483, 497, 800, 263, 341, 409, 224, 385, 
-302, 351, 653, -24, -478, 502, 800, 258, 331, 409, 224, 370, 
-297, 356, 653, -29, -475, 505, 800, 258, 326, 409, 224, 370, 
-297, 356, 653, -29, -475, 505, 800, 258, 326, 409, 224, 370, 
-297, 356, 653, -29, -475, 505, 800, 258, 326, 409, 224, 370, 
-297, 351, 649, -26, -473, 500, 800, 268, 331, 419, 224, 385, 
-297, 351, 649, -26, -473, 500, 800, 268, 336, 419, 224, 385, 
-297, 351, 649, -26, -473, 500, 800, 268, 341, 419, 224, 385, 
-297, 356, 653, -29, -475, 505, 800, 268, 346, 419, 224, 385, 
-297, 346, 644, -24, -470, 495, 800, 268, 346, 419, 224, 385, 
-297, 346, 644, -24, -470, 495, 800, 268, 346, 419, 224, 385, 
-297, 346, 644, -24, -470, 495, 800, 268, 346, 419, 224, 385, 
-297, 346, 644, -24, -470, 495, 805, 268, 346, 419, 224, 385, 
-292, 346, 639, -26, -466, 492, 805, 258, 346, 429, 234, 395, 
-292, 346, 639, -26, -466, 492, 800, 258, 346, 429, 234, 395, 
-292, 346, 639, -26, -466, 492, 800, 258, 346, 429, 234, 395, 
-292, 346, 639, -26, -466, 492, 800, 263, 351, 434, 234, 395, 
-302, 346, 649, -21, -475, 497, 800, 263, 341, 429, 234, 395, 
-302, 346, 649, -21, -475, 497, 800, 263, 341, 429, 234, 400, 
-302, 346, 649, -21, -475, 497, 800, 263, 341, 429, 234, 400, 
-302, 346, 649, -21, -475, 497, 800, 263, 341, 429, 234, 395, 
-292, 356, 649, -31, -470, 502, 800, 263, 346, 439, 234, 395, 
-302, 356, 658, -26, -480, 507, 805, 258, 346, 429, 234, 395, 
-312, 356, 668, -21, -490, 512, 805, 268, 351, 429, 224, 385, 
-317, 356, 673, -19, -495, 514, 819, 268, 366, 424, 214, 380, 
-322, 356, 678, -17, -500, 517, 834, 278, 385, 409, 204, 361, 
-317, 351, 668, -17, -492, 509, 854, 287, 400, 400, 200, 351, 
-317, 361, 678, -21, -497, 519, 868, 317, 429, 414, 200, 341, 
-302, 380, 683, -39, -492, 531, 873, 351, 468, 463, 219, 351, 
-302, 380, 683, -39, -492, 531, 888, 390, 507, 517, 253, 370, 
-297, 366, 663, -34, -480, 514, 912, 453, 536, 566, 287, 375, 
-263, 366, 629, -51, -446, 497, 927, 556, 590, 653, 361, 414, 
-204, 390, 595, -92, -400, 492, 941, 683, 639, 775, 458, 473, 
-151, 395, 546, -122, -348, 470, 956, 839, 697, 912, 561, 527, 
-87, 414, 502, -163, -295, 458, 951, 956, 761, 1068, 697, 600, 
4, 488, 483, -246, -239, 485, 897, 1034, 780, 1244, 883, 727, 
112, 595, 483, -353, -185, 539, 800, 1044, 741, 1429, 1088, 883, 
244, 722, 478, -483, -117, 600, 644, 1005, 658, 1600, 1327, 1083, 
395, 893, 497, -644, -51, 695, 468, 927, 570, 1771, 1576, 1298, 
502, 1063, 561, -783, -29, 812, 317, 858, 502, 1898, 1761, 1483, 
575, 1171, 595, -873, -9, 883, 200, 805, 419, 1942, 1864, 1615, 
629, 1239, 610, -934, 9, 924, 122, 746, 326, 1883, 1878, 1712, 
629, 1249, 619, -939, 4, 934, 82, 634, 219, 1712, 1795, 1722, 
561, 1190, 629, -875, -34, 910, 97, 448, 112, 1459, 1600, 1659, 
463, 1132, 668, -797, -102, 900, 97, 141, -19, 1185, 1390, 1576, 
356, 1098, 741, -727, -192, 919, 78, -204, -175, 897, 1185, 1493, 
253, 1024, 771, -639, -258, 897, 97, -448, -331, 561, 941, 1366, 
112, 873, 761, -492, -324, 817, 146, -663, -512, 175, 649, 1195, 
-19, 736, 756, -358, -387, 746, 190, -849, -673, -165, 361, 1034, 
-97, 644, 741, -273, -419, 692, 239, -883, -761, -341, 180, 922, 
-131, 590, 722, -229, -427, 656, 253, -834, -800, -390, 78, 839, 
-175, 541, 717, -183, -446, 629, 253, -790, -814, -409, 19, 766, 
-185, 527, 712, -170, -448, 619, 253, -702, -771, -356, 4, 722, 
-165, 566, 732, -200, -448, 649, 268, -570, -653, -263, 39, 702, 
-175, 600, 775, -212, -475, 688, 326, -439, -497, -136, 92, 678, 
-195, 610, 805, -207, -500, 707, 375, -312, -351, -24, 131, 653, 
-180, 610, 790, -214, -485, 700, 419, -200, -224, 68, 165, 634, 
-170, 600, 771, -214, -470, 685, 463, -102, -131, 131, 195, 614, 
-170, 585, 756, -207, -463, 671, 507, -34, -48, 180, 209, 600, 
-175, 546, 722, -185, -448, 634, 566, 14, 29, 214, 200, 556, 
-214, 497, 712, -141, -463, 605, 610, 53, 87, 244, 190, 502, 
-244, 468, 712, -112, -478, 590, 653, 82, 161, 292, 209, 473, 
-244, 463, 707, -109, -475, 585, 688, 117, 224, 336, 229, 458, 
-248, 444, 692, -97, -470, 568, 707, 141, 273, 375, 244, 448, 
-258, 434, 692, -87, -475, 563, 722, 170, 287, 395, 253, 444, 
-253, 429, 683, -87, -468, 556, 736, 195, 307, 409, 263, 444, 
-253, 409, 663, -78, -458, 536, 741, 204, 317, 414, 263, 444, 
-258, 395, 653, -68, -456, 524, 751, 204, 326, 414, 253, 434, 
-268, 400, 668, -65, -468, 534, 761, 214, 331, 409, 253, 439, 
-268, 395, 663, -63, -466, 529, 780, 219, 341, 419, 248, 434, 
-268, 395, 663, -63, -466, 529, 785, 234, 361, 429, 248, 424, 
-278, 395, 673, -58, -475, 534, 810, 244, 375, 429, 253, 414, 
-283, 385, 668, -51, -475, 527, 800, 244, 375, 429, 253, 409, 
-283, 380, 663, -48, -473, 522, 795, 248, 375, 429, 253, 409, 
-283, 380, 663, -48, -473, 522, 795, 253, 385, 434, 253, 409, 
-278, 380, 658, -51, -468, 519, 790, 263, 380, 444, 253, 400, 
-278, 380, 658, -51, -468, 519, 795, 268, 380, 444, 253, 405, 
-278, 375, 653, -48, -466, 514, 800, 268, 380, 444, 253, 405, 
-278, 375, 653, -48, -466, 514, 800, 268, 380, 444, 253, 405, 
-273, 366, 639, -46, -456, 502, 790, 268, 385, 434, 253, 400, 
-273, 366, 639, -46, -456, 502, 795, 268, 385, 439, 253, 400, 
-273, 361, 634, -43, -453, 497, 800, 268, 390, 439, 258, 400, 
-273, 361, 634, -43, -453, 497, 800, 268, 395, 444, 258, 400, 
-273, 375, 649, -51, -461, 512, 810, 273, 409, 448, 268, 400, 
-273, 380, 653, -53, -463, 517, 814, 278, 409, 458, 268, 405, 
-273, 380, 653, -53, -463, 517, 819, 278, 409, 463, 268, 405, 
-273, 380, 653, -53, -463, 517, 819, 273, 409, 468, 268, 405, 
-273, 370, 644, -48, -458, 507, 810, 273, 405, 468, 273, 405, 
-278, 366, 644, -43, -461, 505, 810, 273, 405, 473, 273, 405, 
-283, 366, 649, -41, -466, 507, 810, 278, 409, 473, 273, 405, 
-287, 370, 658, -41, -473, 514, 814, 278, 414, 478, 278, 405, 
-278, 380, 658, -51, -468, 519, 805, 278, 405, 478, 287, 414, 
-278, 380, 658, -51, -468, 519, 805, 273, 409, 478, 287, 414, 
-273, 380, 653, -53, -463, 517, 805, 273, 409, 478, 287, 414, 
-273, 380, 653, -53, -463, 517, 805, 278, 414, 478, 287, 414, 
-278, 380, 658, -51, -468, 519, 795, 278, 414, 468, 283, 405, 
-278, 380, 658, -51, -468, 519, 795, 278, 409, 473, 283, 409, 
-273, 380, 653, -53, -463, 517, 795, 278, 409, 473, 283, 409, 
-268, 385, 653, -58, -461, 519, 795, 278, 414, 478, 287, 409, 
-268, 390, 658, -61, -463, 524, 795, 273, 419, 483, 283, 409, 
-268, 390, 658, -61, -463, 524, 795, 278, 419, 483, 283, 409, 
-273, 390, 663, -58, -468, 527, 795, 278, 414, 483, 283, 409, 
-278, 390, 668, -56, -473, 529, 795, 278, 414, 483, 287, 409, 
-268, 385, 653, -58, -461, 519, 795, 278, 414, 483, 297, 409, 
-263, 390, 653, -63, -458, 522, 795, 278, 414, 483, 297, 409, 
-263, 390, 653, -63, -458, 522, 795, 278, 424, 488, 297, 409, 
-258, 390, 649, -65, -453, 519, 795, 278, 424, 488, 297, 409, 
-248, 395, 644, -73, -446, 519, 795, 278, 424, 488, 302, 419, 
-248, 400, 649, -75, -448, 524, 795, 278, 424, 497, 302, 419, 
-248, 400, 649, -75, -448, 524, 795, 283, 424, 497, 302, 419, 
-248, 400, 649, -75, -448, 524, 795, 283, 424, 497, 307, 419, 
-263, 405, 668, -70, -466, 536, 805, 283, 434, 497, 307, 419, 
-263, 405, 668, -70, -466, 536, 805, 283, 434, 502, 312, 419, 
-258, 405, 663, -73, -461, 534, 800, 283, 434, 502, 312, 419, 
-258, 405, 663, -73, -461, 534, 795, 283, 434, 507, 312, 424, 
-248, 395, 644, -73, -446, 519, 795, 287, 439, 497, 312, 424, 
-248, 400, 649, -75, -448, 524, 795, 287, 439, 497, 312, 419, 
-248, 400, 649, -75, -448, 524, 795, 292, 439, 502, 312, 419, 
-248, 400, 649, -75, -448, 524, 795, 297, 439, 507, 322, 429, 
-248, 405, 653, -78, -451, 529, 795, 297, 434, 512, 322, 419, 
-248, 409, 658, -80, -453, 534, 795, 297, 439, 517, 326, 429, 
-248, 414, 663, -82, -456, 539, 795, 297, 439, 522, 326, 429, 
-239, 419, 658, -90, -448, 539, 795, 297, 439, 522, 336, 434, 
-229, 419, 649, -95, -439, 534, 795, 297, 458, 531, 341, 439, 
-229, 424, 653, -97, -441, 539, 795, 297, 458, 531, 341, 444, 
-229, 424, 653, -97, -441, 539, 795, 297, 458, 536, 346, 448, 
-219, 429, 649, -104, -434, 539, 795, 302, 458, 541, 351, 453, 
-219, 434, 653, -107, -436, 544, 795, 302, 453, 551, 361, 453, 
-219, 434, 653, -107, -436, 544, 795, 307, 453, 556, 356, 458, 
-219, 439, 658, -109, -439, 549, 795, 312, 463, 561, 356, 468, 
-219, 444, 663, -112, -441, 553, 795, 317, 463, 566, 366, 468, 
-229, 444, 673, -107, -451, 558, 795, 317, 473, 561, 370, 468, 
-229, 444, 673, -107, -451, 558, 795, 317, 473, 561, 375, 468, 
-224, 444, 668, -109, -446, 556, 795, 317, 483, 570, 380, 468, 
-224, 453, 678, -114, -451, 566, 795, 322, 483, 575, 380, 473, 
-219, 448, 668, -114, -444, 558, 795, 331, 483, 575, 375, 478, 
-219, 453, 673, -117, -446, 563, 795, 331, 488, 580, 380, 478, 
-219, 453, 673, -117, -446, 563, 790, 331, 492, 585, 385, 478, 
-224, 458, 683, -117, -453, 570, 790, 331, 492, 590, 390, 483, 
-214, 473, 688, -129, -451, 580, 785, 331, 488, 595, 385, 478, 
-214, 473, 688, -129, -451, 580, 780, 331, 488, 600, 385, 483, 
-209, 473, 683, -131, -446, 578, 780, 336, 497, 600, 390, 483, 
-209, 483, 692, -136, -451, 588, 780, 336, 497, 600, 395, 483, 
-204, 488, 692, -141, -448, 590, 775, 341, 502, 614, 400, 492, 
-200, 492, 692, -146, -446, 592, 775, 341, 502, 619, 405, 492, 
-200, 497, 697, -148, -448, 597, 775, 341, 507, 624, 405, 502, 
-195, 497, 692, -151, -444, 595, 775, 341, 512, 629, 409, 502, 
-185, 502, 688, -158, -436, 595, 775, 351, 517, 624, 424, 502, 
-180, 517, 697, -168, -439, 607, 775, 356, 522, 629, 429, 507, 
-180, 517, 697, -168, -439, 607, 771, 356, 522, 634, 434, 507, 
-190, 517, 707, -163, -448, 612, 771, 356, 522, 639, 434, 517, 
-195, 522, 717, -163, -456, 619, 771, 346, 527, 644, 429, 517, 
-195, 527, 722, -165, -458, 624, 766, 341, 527, 644, 434, 522, 
-195, 531, 727, -168, -461, 629, 766, 341, 531, 644, 439, 522, 
-200, 536, 736, -168, -468, 636, 766, 341, 531, 644, 444, 522, 
-180, 546, 727, -183, -453, 636, 775, 351, 541, 649, 453, 527, 
-180, 556, 736, -187, -458, 646, 775, 351, 541, 653, 453, 536, 
-185, 561, 746, -187, -466, 653, 775, 351, 546, 653, 453, 536, 
-185, 561, 746, -187, -466, 653, 771, 351, 546, 653, 458, 536, 
-170, 551, 722, -190, -446, 636, 771, 341, 556, 658, 458, 546, 
-170, 556, 727, -192, -448, 641, 771, 341, 556, 658, 463, 551, 
-170, 556, 727, -192, -448, 641, 771, 336, 556, 658, 463, 551, 
-165, 561, 727, -197, -446, 644, 771, 336, 556, 658, 463, 556, 
-165, 561, 727, -197, -446, 644, 766, 336, 551, 658, 463, 546, 
-165, 561, 727, -197, -446, 644, 766, 326, 551, 653, 463, 546, 
-161, 566, 727, -202, -444, 646, 766, 322, 551, 653, 463, 546, 
-161, 570, 732, -204, -446, 651, 766, 322, 551, 653, 463, 551, 
-165, 575, 741, -204, -453, 658, 756, 322, 546, 663, 463, 556, 
-165, 575, 741, -204, -453, 658, 756, 317, 546, 663, 463, 556, 
-170, 575, 746, -202, -458, 661, 751, 312, 546, 663, 468, 556, 
-170, 575, 746, -202, -458, 661, 746, 312, 546, 663, 468, 556, 
-165, 570, 736, -202, -451, 653, 746, 312, 551, 663, 468, 570, 
-156, 570, 727, -207, -441, 649, 741, 302, 551, 663, 468, 570, 
-151, 575, 727, -212, -439, 651, 741, 297, 551, 663, 468, 575, 
-146, 575, 722, -214, -434, 649, 741, 297, 551, 663, 468, 575, 
-151, 575, 727, -212, -439, 651, 736, 292, 541, 663, 478, 575, 
-156, 575, 732, -209, -444, 653, 736, 292, 541, 658, 483, 575, 
-156, 575, 732, -209, -444, 653, 736, 297, 541, 658, 483, 575, 
-161, 580, 741, -209, -451, 661, 736, 297, 541, 658, 483, 580, 
-161, 580, 741, -209, -451, 661, 736, 292, 541, 653, 478, 580, 
-161, 580, 741, -209, -451, 661, 736, 292, 541, 653, 473, 580, 
-161, 575, 736, -207, -448, 656, 741, 292, 546, 653, 468, 580, 
-156, 575, 732, -209, -444, 653, 746, 292, 546, 653, 458, 575, 
-161, 566, 727, -202, -444, 646, 746, 278, 546, 644, 458, 575, 
-161, 566, 727, -202, -444, 646, 746, 273, 546, 639, 453, 570, 
-165, 561, 727, -197, -446, 644, 746, 268, 546, 624, 448, 570, 
-165, 556, 722, -195, -444, 639, 746, 268, 536, 614, 439, 566, 
-170, 561, 732, -195, -451, 646, 736, 268, 527, 619, 444, 551, 
-165, 551, 717, -192, -441, 634, 736, 268, 527, 614, 444, 551, 
-161, 551, 712, -195, -436, 631, 741, 268, 527, 614, 439, 551, 
-156, 541, 697, -192, -427, 619, 746, 268, 527, 614, 434, 551, 
-165, 531, 697, -183, -431, 614, 756, 268, 536, 610, 434, 551, 
-170, 527, 697, -178, -434, 612, 756, 268, 531, 605, 429, 546, 
-175, 527, 702, -175, -439, 614, 756, 263, 527, 595, 419, 546, 
-185, 517, 702, -165, -444, 610, 761, 263, 517, 585, 414, 541, 
-195, 507, 702, -156, -448, 605, 751, 258, 507, 575, 400, 527, 
-195, 497, 692, -151, -444, 595, 751, 248, 502, 566, 385, 522, 
-195, 483, 678, -143, -436, 580, 756, 244, 497, 561, 380, 517, 
-200, 468, 668, -134, -434, 568, 761, 239, 497, 556, 380, 512, 
-195, 463, 658, -134, -427, 561, 761, 248, 492, 556, 375, 517, 
-195, 468, 663, -136, -429, 566, 766, 248, 488, 551, 370, 512, 
-190, 468, 658, -139, -424, 563, 766, 248, 483, 541, 375, 507, 
-195, 468, 663, -136, -429, 566, 761, 248, 478, 536, 375, 497, 
-195, 463, 658, -134, -427, 561, 761, 244, 483, 527, 370, 507, 
-190, 458, 649, -134, -419, 553, 771, 244, 483, 522, 361, 502, 
-190, 448, 639, -129, -414, 544, 775, 244, 483, 517, 361, 497, 
-195, 448, 644, -126, -419, 546, 775, 244, 478, 517, 356, 497, 
-209, 434, 644, -112, -427, 539, 785, 239, 463, 512, 356, 483, 
-209, 434, 644, -112, -427, 539, 785, 234, 463, 507, 351, 483, 
-209, 424, 634, -107, -422, 529, 785, 229, 463, 507, 346, 483, 
-209, 424, 634, -107, -422, 529, 790, 229, 463, 507, 346, 483, 
-224, 409, 634, -92, -429, 522, 780, 229, 458, 502, 341, 473, 
-229, 409, 639, -90, -434, 524, 775, 224, 453, 497, 336, 473, 
-229, 409, 639, -90, -434, 524, 775, 224, 444, 492, 336, 468, 
-224, 409, 634, -92, -429, 522, 780, 224, 444, 492, 336, 468, 
-219, 424, 644, -102, -431, 534, 780, 219, 458, 492, 331, 478, 
-214, 429, 644, -107, -429, 536, 780, 224, 463, 492, 331, 483, 
-209, 429, 639, -109, -424, 534, 785, 224, 463, 492, 331, 483, 
-204, 434, 639, -114, -422, 536, 785, 214, 453, 492, 331, 478, 
-209, 424, 634, -107, -422, 529, 780, 214, 453, 502, 341, 478, 
-209, 424, 634, -107, -422, 529, 780, 214, 453, 497, 341, 478, 
-209, 424, 634, -107, -422, 529, 780, 214, 453, 497, 341, 478, 
-209, 424, 634, -107, -422, 529, 780, 214, 458, 497, 341, 478, 
-219, 424, 644, -102, -431, 534, 780, 214, 448, 488, 331, 473, 
-219, 424, 644, -102, -431, 534, 780, 214, 448, 483, 331, 473, 
-219, 424, 644, -102, -431, 534, 780, 214, 448, 483, 331, 468, 
-219, 424, 644, -102, -431, 534, 780, 214, 448, 488, 331, 468, 
-219, 424, 644, -102, -431, 534, 790, 214, 458, 488, 331, 468, 
-219, 419, 639, -100, -429, 529, 790, 214, 458, 488, 331, 468, 
-219, 414, 634, -97, -427, 524, 790, 214, 458, 488, 331, 473, 
-219, 414, 634, -97, -427, 524, 785, 214, 458, 488, 331, 473, 
-219, 409, 629, -95, -424, 519, 785, 224, 448, 497, 341, 483, 
-219, 414, 634, -97, -427, 524, 790, 219, 448, 497, 341, 483, 
-219, 414, 634, -97, -427, 524, 795, 219, 448, 497, 341, 478, 
-219, 414, 634, -97, -427, 524, 795, 219, 448, 497, 341, 473, 
-219, 414, 634, -97, -427, 524, 790, 219, 448, 488, 341, 473, 
-219, 414, 634, -97, -427, 524, 785, 219, 448, 488, 336, 473, 
-224, 414, 639, -95, -431, 527, 780, 219, 453, 492, 331, 478, 
-224, 414, 639, -95, -431, 527, 775, 219, 453, 492, 326, 478, 
-209, 424, 634, -107, -422, 529, 780, 214, 463, 502, 331, 478, 
-209, 424, 634, -107, -422, 529, 780, 214, 458, 502, 336, 478, 
-209, 419, 629, -104, -419, 524, 780, 214, 458, 502, 341, 478, 
-209, 419, 629, -104, -419, 524, 785, 214, 458, 502, 346, 478, 
-209, 419, 629, -104, -419, 524, 785, 214, 448, 492, 346, 468, 
-209, 419, 629, -104, -419, 524, 780, 214, 448, 492, 346, 468, 
-209, 419, 629, -104, -419, 524, 780, 214, 448, 492, 346, 468, 
-209, 419, 629, -104, -419, 524, 780, 214, 448, 492, 346, 468, 
-219, 414, 634, -97, -427, 524, 790, 224, 458, 502, 356, 478, 
-219, 414, 634, -97, -427, 524, 790, 224, 458, 502, 356, 478, 
-219, 414, 634, -97, -427, 524, 790, 224, 453, 502, 356, 478, 
-219, 414, 634, -97, -427, 524, 790, 224, 453, 502, 356, 478, 
-219, 405, 624, -92, -422, 514, 790, 224, 453, 502, 346, 478, 
-219, 405, 624, -92, -422, 514, 795, 224, 453, 502, 346, 478, 
-224, 405, 629, -90, -427, 517, 795, 224, 453, 502, 346, 478, 
-224, 405, 629, -90, -427, 517, 795, 224, 453, 502, 346, 478, 
-229, 395, 624, -82, -427, 509, 790, 224, 444, 492, 336, 473, 
-229, 395, 624, -82, -427, 509, 790, 224, 448, 492, 336, 473, 
-229, 395, 624, -82, -427, 509, 790, 224, 448, 492, 336, 473, 
-229, 395, 624, -82, -427, 509, 785, 224, 448, 492, 336, 473, 
-224, 400, 624, -87, -424, 512, 795, 214, 458, 502, 341, 473, 
-219, 400, 619, -90, -419, 509, 795, 214, 453, 502, 346, 473, 
-214, 405, 619, -95, -417, 512, 795, 214, 453, 502, 346, 473, 
-214, 405, 619, -95, -417, 512, 795, 214, 453, 502, 351, 473, 
-214, 405, 619, -95, -417, 512, 800, 224, 453, 497, 361, 473, 
-214, 405, 619, -95, -417, 512, 800, 224, 453, 497, 361, 473, 
-214, 409, 624, -97, -419, 517, 800, 219, 453, 497, 361, 468, 
-214, 409, 624, -97, -419, 517, 800, 219, 453, 497, 356, 468, 
-214, 395, 610, -90, -412, 502, 800, 219, 444, 497, 346, 463, 
-219, 395, 614, -87, -417, 505, 795, 219, 444, 497, 346, 463, 
-224, 390, 614, -82, -419, 502, 795, 219, 448, 492, 346, 463, 
-224, 390, 614, -82, -419, 502, 795, 219, 448, 492, 346, 463, 
-219, 405, 624, -92, -422, 514, 795, 209, 448, 492, 346, 473, 
-224, 405, 629, -90, -427, 517, 800, 209, 448, 492, 341, 473, 
-234, 395, 629, -80, -431, 512, 800, 209, 444, 488, 341, 473, 
-239, 385, 624, -73, -431, 505, 800, 204, 444, 488, 341, 473, 
-234, 385, 619, -75, -427, 502, 800, 204, 444, 488, 341, 473, 
-234, 390, 624, -78, -429, 507, 800, 209, 444, 488, 341, 473, 
-234, 390, 624, -78, -429, 507, 800, 214, 444, 488, 336, 463, 
-234, 385, 619, -75, -427, 502, 800, 214, 444, 488, 336, 463, 
-224, 385, 610, -80, -417, 497, 800, 204, 439, 488, 322, 458, 
-219, 385, 605, -82, -412, 495, 800, 204, 439, 483, 322, 458, 
-219, 385, 605, -82, -412, 495, 800, 209, 439, 483, 322, 458, 
-219, 385, 605, -82, -412, 495, 800, 209, 439, 483, 322, 453, 
-234, 370, 605, -68, -419, 488, 800, 204, 439, 483, 322, 458, 
-234, 370, 605, -68, -419, 488, 800, 204, 439, 478, 326, 458, 
-234, 375, 610, -70, -422, 492, 800, 204, 439, 478, 331, 458, 
-229, 375, 605, -73, -417, 490, 800, 204, 439, 478, 331, 458, 
-224, 380, 605, -78, -414, 492, 800, 204, 448, 478, 331, 458, 
-219, 390, 610, -85, -414, 500, 805, 204, 444, 478, 336, 458, 
-214, 395, 610, -90, -412, 502, 805, 204, 444, 478, 336, 458, 
-209, 400, 610, -95, -409, 505, 805, 204, 444, 478, 336, 453, 
-224, 395, 619, -85, -422, 507, 805, 204, 444, 478, 326, 463, 
-229, 390, 619, -80, -424, 505, 805, 209, 444, 478, 322, 468, 
-234, 380, 614, -73, -424, 497, 805, 209, 444, 478, 322, 468, 
-239, 375, 614, -68, -427, 495, 805, 209, 444, 478, 326, 468, 
-239, 370, 610, -65, -424, 490, 800, 200, 444, 478, 326, 458, 
-234, 370, 605, -68, -419, 488, 800, 195, 444, 478, 326, 458, 
-229, 370, 600, -70, -414, 485, 800, 195, 439, 478, 326, 458, 
-224, 375, 600, -75, -412, 488, 800, 195, 439, 473, 326, 458, 
-234, 385, 619, -75, -427, 502, 800, 195, 439, 473, 326, 458, 
-234, 375, 610, -70, -422, 492, 800, 195, 439, 473, 322, 453, 
-234, 370, 605, -68, -419, 488, 800, 195, 439, 473, 322, 453, 
-234, 370, 605, -68, -419, 488, 800, 195, 439, 473, 322, 453, 
-229, 380, 610, -75, -419, 495, 800, 195, 429, 473, 322, 453, 
-224, 380, 605, -78, -414, 492, 800, 195, 429, 473, 322, 453, 
-219, 380, 600, -80, -409, 490, 800, 195, 429, 473, 322, 453, 
-214, 385, 600, -85, -407, 492, 810, 200, 434, 473, 322, 453, 
-224, 380, 605, -78, -414, 492, 810, 209, 434, 483, 331, 453, 
-224, 380, 605, -78, -414, 492, 810, 204, 434, 483, 331, 453, 
-224, 380, 605, -78, -414, 492, 805, 204, 434, 483, 331, 453, 
-229, 385, 614, -78, -422, 500, 805, 204, 434, 483, 331, 453, 
-229, 395, 624, -82, -427, 509, 805, 200, 439, 483, 336, 458, 
-229, 395, 624, -82, -427, 509, 810, 200, 444, 488, 336, 463, 
-229, 395, 624, -82, -427, 509, 810, 200, 453, 488, 336, 463, 
-224, 395, 619, -85, -422, 507, 810, 200, 458, 488, 336, 468, 
-229, 414, 644, -92, -436, 529, 810, 195, 478, 492, 341, 468, 
-229, 419, 649, -95, -439, 534, 810, 195, 483, 497, 346, 468, 
-229, 424, 653, -97, -441, 539, 810, 195, 488, 502, 351, 468, 
-229, 434, 663, -102, -446, 549, 810, 195, 492, 502, 351, 468, 
-229, 439, 668, -104, -448, 553, 810, 204, 488, 507, 361, 468, 
-229, 444, 673, -107, -451, 558, 810, 204, 488, 507, 361, 473, 
-229, 439, 668, -104, -448, 553, 810, 204, 488, 512, 361, 478, 
-229, 434, 663, -102, -446, 549, 810, 204, 497, 512, 361, 483, 
-219, 444, 663, -112, -441, 553, 814, 200, 497, 512, 361, 492, 
-209, 453, 663, -122, -436, 558, 814, 209, 507, 522, 370, 492, 
-214, 448, 663, -117, -439, 556, 824, 209, 517, 527, 366, 492, 
-224, 448, 673, -112, -448, 561, 814, 209, 512, 527, 366, 483, 
-214, 448, 663, -117, -439, 556, 810, 214, 507, 527, 370, 488, 
-214, 448, 663, -117, -439, 556, 800, 209, 497, 517, 370, 488, 
-214, 448, 663, -117, -439, 556, 800, 204, 497, 517, 370, 488, 
-214, 448, 663, -117, -439, 556, 800, 200, 497, 517, 370, 488, 
-214, 448, 663, -117, -439, 556, 800, 195, 497, 517, 370, 488, 
-224, 444, 668, -109, -446, 556, 800, 195, 488, 512, 361, 483, 
-224, 439, 663, -107, -444, 551, 795, 195, 483, 512, 361, 483, 
-224, 434, 658, -104, -441, 546, 795, 195, 478, 517, 361, 483, 
-219, 429, 649, -104, -434, 539, 790, 195, 478, 517, 361, 483, 
-204, 439, 644, -117, -424, 541, 790, 204, 483, 517, 366, 497, 
-214, 439, 653, -112, -434, 546, 790, 204, 488, 517, 370, 497, 
-214, 434, 649, -109, -431, 541, 790, 204, 488, 517, 375, 497, 
-214, 429, 644, -107, -429, 536, 790, 204, 483, 512, 380, 492, 
-219, 429, 649, -104, -434, 539, 800, 200, 473, 512, 370, 492, 
-219, 424, 644, -102, -431, 534, 800, 195, 468, 507, 370, 492, 
-219, 419, 639, -100, -429, 529, 800, 190, 458, 502, 366, 492, 
-219, 419, 639, -100, -429, 529, 795, 190, 453, 497, 366, 492, 
-209, 419, 629, -104, -419, 524, 775, 180, 434, 488, 351, 483, 
-204, 414, 619, -104, -412, 517, 775, 175, 429, 483, 351, 483, 
-195, 409, 605, -107, -400, 507, 780, 175, 424, 483, 351, 483, 
-190, 409, 600, -109, -395, 505, 785, 180, 424, 478, 351, 483, 
-204, 395, 600, -95, -402, 497, 795, 195, 434, 483, 351, 492, 
-209, 395, 605, -92, -407, 500, 795, 195, 434, 488, 351, 492, 
-214, 395, 610, -90, -412, 502, 795, 195, 434, 488, 346, 492, 
-219, 395, 614, -87, -417, 505, 800, 195, 439, 492, 341, 488, 
-214, 390, 605, -87, -409, 497, 810, 185, 429, 483, 351, 478, 
-234, 390, 624, -78, -429, 507, 810, 185, 434, 488, 351, 478, 
-234, 380, 614, -73, -424, 497, 814, 185, 434, 488, 351, 478, 
-239, 375, 614, -68, -427, 495, 814, 185, 434, 488, 351, 473, 
-239, 380, 619, -70, -429, 500, 814, 175, 444, 478, 336, 468, 
-239, 380, 619, -70, -429, 500, 814, 170, 434, 463, 326, 463, 
-239, 375, 614, -68, -427, 495, 814, 170, 424, 458, 322, 463, 
-244, 375, 619, -65, -431, 497, 819, 170, 424, 458, 322, 463, 
-244, 366, 610, -61, -427, 488, 819, 185, 424, 468, 331, 473, 
-244, 356, 600, -56, -422, 478, 819, 185, 424, 468, 331, 468, 
-244, 351, 595, -53, -419, 473, 819, 180, 424, 463, 322, 468, 
-248, 351, 600, -51, -424, 475, 824, 180, 414, 453, 317, 468, 
-258, 336, 595, -39, -427, 466, 814, 165, 400, 448, 307, 458, 
-258, 326, 585, -34, -422, 456, 814, 165, 400, 448, 307, 453, 
-253, 322, 575, -34, -414, 448, 819, 170, 400, 448, 307, 448, 
-253, 322, 575, -34, -414, 448, 824, 170, 405, 444, 307, 448, 
-248, 326, 575, -39, -412, 451, 824, 185, 405, 444, 307, 448, 
-244, 326, 570, -41, -407, 448, 819, 185, 405, 444, 307, 448, 
-239, 326, 566, -43, -402, 446, 819, 180, 405, 444, 307, 448, 
-239, 326, 566, -43, -402, 446, 819, 180, 400, 444, 307, 448, 
-244, 322, 566, -39, -405, 444, 829, 180, 409, 453, 307, 439, 
-253, 312, 566, -29, -409, 439, 834, 180, 409, 448, 302, 439, 
-253, 312, 566, -29, -409, 439, 834, 180, 409, 448, 302, 439, 
-239, 317, 556, -39, -397, 436, 834, 180, 409, 453, 307, 434, 
-239, 326, 566, -43, -402, 446, 834, 180, 405, 444, 317, 444, 
-239, 326, 566, -43, -402, 446, 834, 180, 405, 444, 312, 448, 
-239, 326, 566, -43, -402, 446, 834, 180, 405, 439, 312, 448, 
-239, 326, 566, -43, -402, 446, 829, 180, 409, 434, 312, 448, 
-239, 331, 570, -46, -405, 451, 829, 180, 400, 434, 302, 439, 
-239, 331, 570, -46, -405, 451, 834, 180, 395, 439, 302, 439, 
-239, 331, 570, -46, -405, 451, 834, 180, 395, 439, 302, 439, 
-239, 331, 570, -46, -405, 451, 834, 180, 395, 439, 302, 439, 
-248, 322, 570, -36, -409, 446, 834, 180, 400, 439, 302, 434, 
-253, 317, 570, -31, -412, 444, 839, 180, 400, 439, 302, 434, 
-253, 317, 570, -31, -412, 444, 839, 180, 400, 439, 297, 434, 
-248, 317, 566, -34, -407, 441, 839, 180, 395, 439, 297, 434, 
-248, 317, 566, -34, -407, 441, 844, 170, 405, 439, 297, 434, 
-248, 312, 561, -31, -405, 436, 844, 170, 409, 444, 297, 439, 
-248, 312, 561, -31, -405, 436, 844, 170, 409, 444, 297, 439, 
-248, 312, 561, -31, -405, 436, 844, 170, 409, 444, 297, 439, 
-239, 312, 551, -36, -395, 431, 834, 175, 409, 444, 297, 434, 
-244, 312, 556, -34, -400, 434, 834, 180, 409, 444, 302, 434, 
-244, 312, 556, -34, -400, 434, 839, 180, 409, 439, 302, 434, 
-244, 312, 556, -34, -400, 434, 839, 185, 409, 439, 302, 434, 
-253, 302, 556, -24, -405, 429, 839, 180, 400, 439, 302, 439, 
-248, 307, 556, -29, -402, 431, 839, 180, 395, 439, 302, 439, 
-248, 307, 556, -29, -402, 431, 839, 180, 395, 439, 302, 439, 
-248, 307, 556, -29, -402, 431, 839, 180, 395, 439, 302, 439, 
-258, 302, 561, -21, -409, 431, 829, 180, 405, 439, 302, 434, 
-258, 302, 561, -21, -409, 431, 829, 180, 405, 439, 302, 434, 
-258, 302, 561, -21, -409, 431, 829, 180, 405, 439, 302, 434, 
-258, 307, 566, -24, -412, 436, 829, 180, 405, 439, 302, 434, 
-244, 312, 556, -34, -400, 434, 829, 190, 405, 448, 302, 444, 
-239, 317, 556, -39, -397, 436, 829, 190, 405, 448, 302, 444, 
-234, 322, 556, -43, -395, 439, 829, 190, 405, 448, 302, 444, 
-229, 326, 556, -48, -392, 441, 834, 190, 405, 448, 302, 444, 
-234, 317, 551, -41, -392, 434, 839, 180, 405, 448, 312, 453, 
-234, 317, 551, -41, -392, 434, 839, 180, 405, 448, 312, 453, 
-234, 317, 551, -41, -392, 434, 844, 180, 405, 448, 312, 453, 
-234, 317, 551, -41, -392, 434, 849, 185, 409, 453, 312, 453, 
-244, 307, 551, -31, -397, 429, 839, 185, 409, 448, 312, 444, 
-244, 307, 551, -31, -397, 429, 839, 185, 409, 448, 312, 448, 
-244, 307, 551, -31, -397, 429, 839, 185, 409, 448, 312, 448, 
-244, 307, 551, -31, -397, 429, 839, 185, 409, 448, 312, 444, 
-224, 317, 541, -46, -383, 429, 849, 195, 405, 448, 312, 453, 
-224, 317, 541, -46, -383, 429, 844, 200, 414, 448, 312, 453, 
-244, 297, 541, -26, -392, 419, 844, 200, 419, 439, 292, 444, 
-258, 297, 556, -19, -407, 427, 868, 200, 434, 434, 292, 429, 
-244, 307, 551, -31, -397, 429, 883, 200, 453, 429, 283, 409, 
-239, 322, 561, -41, -400, 441, 893, 209, 488, 429, 268, 390, 
-248, 322, 570, -36, -409, 446, 907, 239, 517, 444, 278, 390, 
-244, 331, 575, -43, -409, 453, 912, 283, 536, 483, 307, 409, 
-234, 351, 585, -58, -409, 468, 917, 322, 556, 536, 341, 419, 
-219, 336, 556, -58, -387, 446, 941, 385, 585, 585, 375, 434, 
-195, 326, 522, -65, -358, 424, 956, 478, 619, 663, 439, 463, 
-146, 322, 468, -87, -307, 395, 971, 614, 678, 785, 536, 512, 
-92, 326, 419, -117, -256, 373, 995, 761, 727, 912, 639, 566, 
-19, 346, 366, -163, -192, 356, 990, 897, 771, 1068, 775, 658, 
73, 419, 346, -246, -136, 383, 927, 966, 780, 1234, 951, 785, 
190, 527, 336, -358, -73, 431, 829, 966, 751, 1400, 1166, 951, 
341, 683, 341, -512, 0, 512, 692, 927, 678, 1571, 1395, 1151, 
492, 854, 361, -673, 65, 607, 507, 849, 590, 1732, 1634, 1366, 
600, 1005, 405, -802, 97, 705, 346, 780, 502, 1849, 1820, 1551, 
673, 1112, 439, -893, 117, 775, 239, 727, 419, 1893, 1912, 1683, 
707, 1190, 483, -949, 112, 836, 141, 658, 326, 1825, 1927, 1761, 
707, 1180, 473, -944, 117, 827, 112, 556, 229, 1634, 1805, 1761, 
639, 1112, 473, -875, 82, 793, 136, 361, 122, 1371, 1600, 1688, 
541, 1054, 512, -797, 14, 783, 136, 43, 9, 1088, 1381, 1595, 
424, 1019, 595, -722, -85, 807, 117, -312, -136, 810, 1185, 1503, 
312, 946, 634, -629, -161, 790, 136, -575, -283, 492, 941, 1385, 
190, 824, 634, -507, -222, 729, 195, -790, -434, 117, 649, 1224, 
48, 707, 658, -378, -305, 683, 239, -956, -595, -204, 380, 1083, 
-29, 624, 653, -297, -341, 639, 268, -980, -702, -351, 219, 971, 
-73, 561, 634, -244, -353, 597, 302, -912, -732, -390, 126, 878, 
-126, 502, 629, -187, -378, 566, 302, -858, -756, -409, 58, 785, 
-136, 478, 614, -170, -375, 546, 292, -780, -722, -375, 43, 741, 
-126, 497, 624, -185, -375, 561, 307, -658, -614, -273, 68, 712, 
-126, 531, 658, -202, -392, 595, 375, -527, -439, -146, 122, 697, 
-136, 541, 678, -202, -407, 610, 434, -400, -283, -34, 170, 673, 
-131, 531, 663, -200, -397, 597, 488, -278, -156, 58, 214, 663, 
-122, 531, 653, -204, -387, 592, 551, -170, -53, 131, 244, 653, 
-122, 527, 649, -202, -385, 588, 585, -102, 29, 200, 268, 639, 
-126, 488, 614, -180, -370, 551, 624, -34, 78, 234, 268, 605, 
-156, 439, 595, -141, -375, 517, 668, -4, 136, 263, 258, 551, 
-185, 409, 595, -112, -390, 502, 692, 24, 209, 302, 268, 512, 
-195, 395, 590, -100, -392, 492, 717, 48, 273, 346, 287, 488, 
-190, 375, 566, -92, -378, 470, 736, 82, 312, 385, 292, 488, 
-190, 366, 556, -87, -373, 461, 771, 112, 346, 405, 312, 492, 
-185, 351, 536, -82, -361, 444, 795, 136, 375, 429, 322, 492, 
-185, 351, 536, -82, -361, 444, 810, 146, 385, 434, 331, 492, 
-180, 346, 527, -82, -353, 436, 819, 156, 385, 434, 331, 502, 
-190, 341, 531, -75, -361, 436, 819, 156, 390, 439, 331, 488, 
-190, 326, 517, -68, -353, 422, 819, 161, 390, 439, 336, 473, 
-200, 317, 517, -58, -358, 417, 834, 165, 400, 448, 336, 463, 
-204, 326, 531, -61, -368, 429, 849, 175, 414, 458, 331, 453, 
-214, 317, 531, -51, -373, 424, 839, 175, 414, 458, 331, 448, 
-219, 312, 531, -46, -375, 422, 834, 180, 414, 458, 331, 448, 
-224, 312, 536, -43, -380, 424, 834, 185, 424, 463, 331, 448, 
-229, 322, 551, -46, -390, 436, 849, 195, 419, 468, 322, 448, 
-229, 322, 551, -46, -390, 436, 854, 200, 419, 463, 322, 453, 
-229, 317, 546, -43, -387, 431, 858, 200, 419, 458, 322, 453, 
-229, 317, 546, -43, -387, 431, 858, 200, 419, 453, 322, 453, 
-224, 326, 551, -51, -387, 439, 858, 204, 434, 458, 331, 458, 
-224, 326, 551, -51, -387, 439, 863, 209, 434, 468, 331, 458, 
-224, 322, 546, -48, -385, 434, 868, 214, 439, 473, 336, 458, 
-224, 322, 546, -48, -385, 434, 868, 219, 444, 483, 336, 458, 
-214, 326, 541, -56, -378, 434, 854, 219, 439, 473, 336, 448, 
-214, 331, 546, -58, -380, 439, 854, 219, 439, 478, 336, 453, 
-214, 331, 546, -58, -380, 439, 854, 214, 439, 478, 336, 453, 
-214, 331, 546, -58, -380, 439, 849, 204, 439, 478, 336, 453, 
-214, 322, 536, -53, -375, 429, 858, 209, 439, 478, 341, 463, 
-219, 317, 536, -48, -378, 427, 858, 214, 444, 483, 341, 463, 
-224, 317, 541, -46, -383, 429, 858, 224, 453, 483, 341, 463, 
-229, 322, 551, -46, -390, 436, 863, 229, 463, 488, 346, 463, 
-219, 322, 541, -51, -380, 431, 854, 229, 453, 488, 346, 453, 
-219, 322, 541, -51, -380, 431, 854, 224, 458, 488, 346, 453, 
-214, 322, 536, -53, -375, 429, 854, 224, 458, 488, 346, 453, 
-214, 322, 536, -53, -375, 429, 854, 229, 463, 488, 346, 453, 
-219, 322, 541, -51, -380, 431, 858, 229, 463, 497, 361, 463, 
-219, 322, 541, -51, -380, 431, 863, 229, 458, 502, 361, 468, 
-214, 322, 536, -53, -375, 429, 868, 229, 458, 502, 361, 468, 
-209, 326, 536, -58, -373, 431, 873, 229, 463, 507, 366, 468, 
-209, 322, 531, -56, -370, 427, 868, 224, 468, 512, 361, 478, 
-209, 322, 531, -56, -370, 427, 863, 229, 468, 512, 361, 478, 
-214, 322, 536, -53, -375, 429, 858, 229, 463, 512, 361, 478, 
-219, 322, 541, -51, -380, 431, 854, 229, 463, 512, 366, 478, 
-229, 326, 556, -48, -392, 441, 854, 239, 473, 512, 375, 488, 
-224, 331, 556, -53, -390, 444, 854, 239, 473, 512, 375, 488, 
-224, 331, 556, -53, -390, 444, 854, 239, 483, 517, 375, 488, 
-219, 331, 551, -56, -385, 441, 854, 239, 483, 517, 375, 488, 
-219, 336, 556, -58, -387, 446, 854, 239, 473, 507, 370, 488, 
-219, 341, 561, -61, -390, 451, 854, 239, 473, 517, 370, 488, 
-219, 341, 561, -61, -390, 451, 854, 244, 473, 517, 370, 488, 
-219, 341, 561, -61, -390, 451, 854, 244, 473, 517, 375, 488, 
-214, 336, 551, -61, -383, 444, 863, 244, 483, 527, 375, 478, 
-214, 336, 551, -61, -383, 444, 863, 244, 483, 531, 380, 478, 
-209, 336, 546, -63, -378, 441, 858, 244, 483, 531, 380, 478, 
-209, 336, 546, -63, -378, 441, 854, 244, 483, 536, 380, 483, 
-209, 336, 546, -63, -378, 441, 863, 248, 488, 536, 390, 492, 
-209, 341, 551, -65, -380, 446, 863, 248, 488, 536, 390, 488, 
-209, 341, 551, -65, -380, 446, 863, 253, 488, 541, 390, 488, 
-209, 341, 551, -65, -380, 446, 863, 258, 488, 546, 400, 497, 
-214, 346, 561, -65, -387, 453, 863, 258, 483, 541, 400, 488, 
-219, 351, 570, -65, -395, 461, 863, 258, 488, 546, 405, 497, 
-224, 356, 580, -65, -402, 468, 863, 258, 488, 551, 405, 497, 
-219, 361, 580, -70, -400, 470, 863, 258, 488, 551, 414, 502, 
-219, 361, 580, -70, -400, 470, 854, 268, 497, 561, 419, 512, 
-219, 366, 585, -73, -402, 475, 854, 268, 497, 561, 419, 512, 
-219, 366, 585, -73, -402, 475, 854, 268, 497, 566, 424, 512, 
-209, 370, 580, -80, -395, 475, 854, 273, 497, 570, 429, 512, 
-200, 375, 575, -87, -387, 475, 854, 263, 502, 570, 439, 522, 
-200, 375, 575, -87, -387, 475, 854, 268, 502, 575, 434, 527, 
-200, 380, 580, -90, -390, 480, 854, 273, 512, 580, 434, 536, 
-200, 385, 585, -92, -392, 485, 854, 278, 512, 585, 444, 536, 
-200, 385, 585, -92, -392, 485, 854, 287, 512, 590, 439, 536, 
-200, 385, 585, -92, -392, 485, 854, 287, 512, 590, 444, 536, 
-195, 385, 580, -95, -387, 483, 854, 287, 522, 600, 448, 536, 
-195, 395, 590, -100, -392, 492, 854, 292, 522, 605, 448, 541, 
-200, 390, 590, -95, -395, 490, 854, 292, 531, 595, 444, 546, 
-200, 395, 595, -97, -397, 495, 854, 292, 536, 600, 448, 546, 
-200, 395, 595, -97, -397, 495, 849, 292, 541, 605, 453, 546, 
-204, 400, 605, -97, -405, 502, 849, 292, 541, 610, 458, 551, 
-195, 414, 610, -109, -402, 512, 844, 292, 536, 614, 473, 556, 
-195, 414, 610, -109, -402, 512, 839, 292, 536, 619, 473, 561, 
-190, 414, 605, -112, -397, 509, 839, 297, 546, 619, 478, 561, 
-190, 424, 614, -117, -402, 519, 839, 297, 546, 619, 483, 561, 
-175, 439, 614, -131, -395, 527, 839, 312, 546, 634, 488, 570, 
-170, 444, 614, -136, -392, 529, 844, 312, 551, 639, 492, 570, 
-170, 448, 619, -139, -395, 534, 849, 312, 561, 644, 492, 580, 
-165, 448, 614, -141, -390, 531, 854, 312, 570, 649, 497, 580, 
-156, 463, 619, -153, -387, 541, 844, 312, 575, 653, 512, 590, 
-151, 478, 629, -163, -390, 553, 844, 317, 580, 658, 517, 595, 
-151, 478, 629, -163, -390, 553, 839, 317, 580, 663, 522, 595, 
-161, 478, 639, -158, -400, 558, 839, 317, 580, 668, 522, 605, 
-170, 473, 644, -151, -407, 558, 839, 317, 575, 673, 527, 605, 
-165, 478, 644, -156, -405, 561, 834, 312, 575, 673, 531, 610, 
-161, 483, 644, -161, -402, 563, 834, 312, 580, 673, 536, 610, 
-161, 488, 649, -163, -405, 568, 834, 312, 580, 673, 541, 610, 
-161, 478, 639, -158, -400, 558, 834, 312, 590, 678, 541, 605, 
-161, 488, 649, -163, -405, 568, 834, 312, 590, 683, 541, 614, 
-165, 492, 658, -163, -412, 575, 834, 312, 595, 683, 541, 614, 
-165, 492, 658, -163, -412, 575, 829, 312, 595, 683, 546, 614, 
-170, 492, 663, -161, -417, 578, 829, 312, 585, 697, 556, 624, 
-170, 497, 668, -163, -419, 583, 829, 312, 585, 697, 561, 629, 
-170, 497, 668, -163, -419, 583, 829, 307, 585, 697, 561, 629, 
-165, 502, 668, -168, -417, 585, 829, 307, 585, 697, 561, 634, 
-156, 502, 658, -173, -407, 580, 824, 307, 580, 688, 561, 634, 
-156, 502, 658, -173, -407, 580, 824, 297, 580, 683, 561, 634, 
-151, 507, 658, -178, -405, 583, 824, 292, 580, 683, 561, 634, 
-151, 512, 663, -180, -407, 588, 824, 292, 580, 683, 561, 639, 
-136, 527, 663, -195, -400, 595, 834, 302, 590, 692, 570, 644, 
-136, 527, 663, -195, -400, 595, 834, 297, 595, 692, 570, 644, 
-141, 527, 668, -192, -405, 597, 829, 292, 600, 692, 575, 644, 
-141, 527, 668, -192, -405, 597, 824, 292, 605, 692, 575, 644, 
-141, 541, 683, -200, -412, 612, 824, 292, 600, 683, 566, 639, 
-136, 541, 678, -202, -407, 610, 819, 283, 600, 683, 566, 639, 
-136, 546, 683, -204, -409, 614, 819, 278, 600, 683, 566, 644, 
-136, 546, 683, -204, -409, 614, 819, 278, 600, 683, 566, 644, 
-146, 536, 683, -195, -414, 610, 805, 263, 590, 673, 556, 644, 
-146, 536, 683, -195, -414, 610, 805, 263, 590, 668, 561, 644, 
-141, 536, 678, -197, -409, 607, 805, 268, 590, 668, 561, 644, 
-141, 541, 683, -200, -412, 612, 805, 268, 590, 668, 561, 649, 
-146, 536, 683, -195, -414, 610, 805, 263, 590, 663, 561, 658, 
-151, 531, 683, -190, -417, 607, 805, 263, 590, 663, 561, 658, 
-156, 522, 678, -183, -417, 600, 810, 263, 595, 663, 561, 658, 
-156, 517, 673, -180, -414, 595, 814, 263, 595, 663, 556, 653, 
-151, 527, 678, -187, -414, 602, 814, 258, 585, 649, 546, 644, 
-151, 527, 678, -187, -414, 602, 814, 253, 585, 649, 541, 639, 
-156, 522, 678, -183, -417, 600, 814, 248, 585, 639, 536, 639, 
-156, 517, 673, -180, -414, 595, 814, 248, 575, 634, 527, 634, 
-156, 512, 668, -178, -412, 590, 814, 248, 575, 639, 531, 629, 
-156, 502, 658, -173, -407, 580, 814, 248, 575, 634, 531, 629, 
-156, 502, 658, -173, -407, 580, 819, 248, 575, 634, 527, 629, 
-156, 492, 649, -168, -402, 570, 824, 248, 575, 634, 522, 629, 
-146, 492, 639, -173, -392, 566, 834, 239, 575, 619, 512, 619, 
-151, 488, 639, -168, -395, 563, 834, 239, 570, 614, 507, 614, 
-156, 488, 644, -165, -400, 566, 834, 234, 566, 605, 497, 614, 
-165, 478, 644, -156, -405, 561, 839, 234, 556, 595, 492, 610, 
-165, 468, 634, -151, -400, 551, 829, 234, 546, 595, 478, 595, 
-165, 458, 624, -146, -395, 541, 829, 229, 541, 585, 463, 590, 
-165, 444, 610, -139, -387, 527, 834, 229, 536, 580, 458, 585, 
-170, 429, 600, -129, -385, 514, 839, 229, 536, 575, 458, 580, 
-180, 419, 600, -119, -390, 509, 849, 229, 541, 556, 453, 585, 
-185, 419, 605, -117, -395, 512, 854, 229, 536, 551, 448, 580, 
-185, 414, 600, -114, -392, 507, 854, 229, 531, 541, 453, 575, 
-195, 409, 605, -107, -400, 507, 849, 229, 527, 536, 453, 566, 
-195, 405, 600, -104, -397, 502, 839, 214, 522, 536, 439, 566, 
-190, 400, 590, -104, -390, 495, 849, 214, 522, 531, 429, 561, 
-190, 390, 580, -100, -385, 485, 854, 214, 522, 527, 429, 556, 
-195, 390, 585, -97, -390, 488, 854, 214, 517, 527, 424, 556, 
-209, 375, 585, -82, -397, 480, 863, 214, 512, 531, 424, 551, 
-209, 375, 585, -82, -397, 480, 863, 214, 512, 527, 419, 551, 
-209, 366, 575, -78, -392, 470, 863, 214, 512, 527, 414, 551, 
-209, 366, 575, -78, -392, 470, 868, 219, 512, 527, 414, 551, 
-204, 366, 570, -80, -387, 468, 858, 214, 507, 512, 409, 541, 
-209, 370, 580, -80, -395, 475, 854, 204, 502, 507, 405, 541, 
-209, 375, 585, -82, -397, 480, 854, 200, 492, 502, 405, 536, 
-204, 380, 585, -87, -395, 483, 858, 195, 492, 502, 405, 536, 
-214, 380, 595, -82, -405, 488, 868, 200, 502, 502, 409, 536, 
-214, 380, 595, -82, -405, 488, 868, 204, 512, 502, 409, 541, 
-214, 375, 590, -80, -402, 483, 873, 204, 517, 502, 409, 541, 
-214, 375, 590, -80, -402, 483, 873, 195, 512, 502, 409, 536, 
-209, 366, 575, -78, -392, 470, 868, 204, 502, 502, 400, 536, 
-209, 366, 575, -78, -392, 470, 868, 204, 502, 497, 400, 536, 
-209, 366, 575, -78, -392, 470, 868, 204, 502, 497, 400, 536, 
-209, 366, 575, -78, -392, 470, 868, 204, 507, 497, 400, 536, 
-200, 375, 575, -87, -387, 475, 858, 195, 502, 497, 409, 551, 
-200, 375, 575, -87, -387, 475, 858, 195, 497, 492, 409, 551, 
-200, 375, 575, -87, -387, 475, 858, 195, 492, 492, 409, 546, 
-200, 375, 575, -87, -387, 475, 858, 195, 488, 497, 409, 546, 
-200, 375, 575, -87, -387, 475, 868, 204, 492, 497, 419, 546, 
-200, 370, 570, -85, -385, 470, 868, 204, 497, 497, 419, 546, 
-200, 366, 566, -82, -383, 466, 868, 204, 502, 497, 419, 551, 
-200, 366, 566, -82, -383, 466, 863, 204, 507, 497, 419, 551, 
-200, 370, 570, -85, -385, 470, 863, 204, 497, 497, 414, 541, 
-200, 375, 575, -87, -387, 475, 868, 200, 497, 497, 409, 541, 
-200, 375, 575, -87, -387, 475, 873, 200, 497, 497, 405, 536, 
-200, 375, 575, -87, -387, 475, 873, 200, 497, 497, 400, 531, 
-209, 375, 585, -82, -397, 480, 868, 200, 497, 497, 414, 541, 
-209, 375, 585, -82, -397, 480, 863, 200, 497, 497, 414, 541, 
-214, 375, 590, -80, -402, 483, 858, 200, 502, 502, 414, 546, 
-214, 375, 590, -80, -402, 483, 854, 200, 502, 502, 414, 546, 
-200, 375, 575, -87, -387, 475, 854, 204, 512, 502, 414, 546, 
-200, 375, 575, -87, -387, 475, 858, 204, 507, 502, 414, 546, 
-200, 370, 570, -85, -385, 470, 863, 204, 507, 502, 414, 546, 
-200, 370, 570, -85, -385, 470, 873, 204, 507, 502, 414, 546, 
-200, 370, 570, -85, -385, 470, 883, 195, 507, 512, 414, 536, 
-200, 370, 570, -85, -385, 470, 878, 195, 507, 512, 414, 536, 
-200, 370, 570, -85, -385, 470, 878, 195, 507, 512, 414, 536, 
-200, 370, 570, -85, -385, 470, 878, 195, 507, 512, 414, 536, 
-200, 375, 575, -87, -387, 475, 868, 195, 507, 512, 424, 541, 
-200, 375, 575, -87, -387, 475, 868, 195, 507, 512, 424, 546, 
-200, 375, 575, -87, -387, 475, 868, 195, 502, 512, 424, 551, 
-200, 375, 575, -87, -387, 475, 868, 195, 502, 512, 424, 556, 
-190, 366, 556, -87, -373, 461, 858, 204, 497, 512, 414, 546, 
-190, 366, 556, -87, -373, 461, 863, 204, 502, 512, 414, 546, 
-195, 366, 561, -85, -378, 463, 863, 204, 507, 512, 414, 546, 
-195, 366, 561, -85, -378, 463, 863, 204, 512, 512, 414, 546, 
-190, 366, 556, -87, -373, 461, 868, 204, 502, 512, 414, 541, 
-190, 366, 556, -87, -373, 461, 868, 204, 507, 512, 414, 541, 
-190, 366, 556, -87, -373, 461, 868, 204, 507, 512, 414, 541, 
-190, 366, 556, -87, -373, 461, 863, 204, 507, 512, 414, 541, 
-195, 366, 561, -85, -378, 463, 873, 195, 507, 502, 414, 541, 
-200, 361, 561, -80, -380, 461, 873, 195, 502, 502, 414, 541, 
-204, 361, 566, -78, -385, 463, 873, 195, 502, 502, 409, 541, 
-214, 356, 570, -70, -392, 463, 873, 195, 502, 502, 409, 541, 
-214, 356, 570, -70, -392, 463, 878, 204, 502, 507, 409, 541, 
-214, 356, 570, -70, -392, 463, 878, 204, 502, 507, 409, 541, 
-214, 361, 575, -73, -395, 468, 878, 200, 502, 507, 409, 536, 
-214, 361, 575, -73, -395, 468, 878, 200, 502, 507, 405, 536, 
-214, 346, 561, -65, -387, 453, 878, 200, 502, 497, 405, 531, 
-219, 346, 566, -63, -392, 456, 873, 200, 502, 497, 405, 531, 
-224, 341, 566, -58, -395, 453, 873, 200, 507, 492, 405, 531, 
-224, 341, 566, -58, -395, 453, 873, 200, 507, 492, 405, 531, 
-200, 361, 561, -80, -380, 461, 883, 209, 507, 502, 414, 541, 
-195, 366, 561, -85, -378, 463, 888, 209, 507, 502, 409, 541, 
-195, 361, 556, -82, -375, 458, 888, 209, 502, 497, 409, 541, 
-190, 356, 546, -82, -368, 451, 888, 204, 502, 497, 409, 541, 
-190, 346, 536, -78, -363, 441, 883, 200, 492, 497, 400, 531, 
-195, 351, 546, -78, -370, 448, 878, 200, 492, 497, 400, 531, 
-200, 351, 551, -75, -375, 451, 873, 200, 492, 497, 395, 522, 
-204, 346, 551, -70, -378, 448, 868, 195, 492, 497, 395, 522, 
-214, 346, 561, -65, -387, 453, 878, 195, 488, 497, 400, 536, 
-209, 346, 556, -68, -383, 451, 878, 195, 488, 492, 400, 536, 
-209, 346, 556, -68, -383, 451, 878, 200, 488, 492, 400, 536, 
-209, 346, 556, -68, -383, 451, 878, 200, 488, 492, 400, 531, 
-214, 351, 566, -68, -390, 458, 878, 195, 497, 492, 395, 527, 
-214, 351, 566, -68, -390, 458, 878, 195, 497, 488, 395, 527, 
-214, 356, 570, -70, -392, 463, 878, 195, 497, 488, 395, 527, 
-209, 356, 566, -73, -387, 461, 878, 195, 497, 488, 390, 527, 
-209, 351, 561, -70, -385, 456, 878, 195, 497, 497, 390, 527, 
-209, 351, 561, -70, -385, 456, 883, 195, 492, 497, 395, 527, 
-209, 346, 556, -68, -383, 451, 883, 195, 492, 497, 395, 527, 
-209, 341, 551, -65, -380, 446, 883, 195, 492, 497, 395, 522, 
-209, 351, 561, -70, -385, 456, 893, 195, 502, 497, 395, 522, 
-209, 351, 561, -70, -385, 456, 893, 200, 502, 497, 390, 527, 
-209, 346, 556, -68, -383, 451, 893, 200, 502, 497, 390, 527, 
-209, 346, 556, -68, -383, 451, 893, 200, 502, 497, 395, 527, 
-204, 351, 556, -73, -380, 453, 888, 209, 497, 497, 395, 527, 
-204, 351, 556, -73, -380, 453, 888, 204, 492, 497, 395, 527, 
-204, 351, 556, -73, -380, 453, 888, 204, 483, 497, 395, 527, 
-204, 356, 561, -75, -383, 458, 888, 204, 478, 492, 395, 527, 
-214, 346, 561, -65, -387, 453, 888, 204, 483, 492, 405, 527, 
-214, 336, 551, -61, -383, 444, 888, 204, 488, 492, 400, 522, 
-214, 331, 546, -58, -380, 439, 888, 204, 492, 492, 400, 522, 
-214, 331, 546, -58, -380, 439, 888, 204, 497, 492, 400, 522, 
-224, 322, 546, -48, -385, 434, 888, 195, 488, 483, 400, 522, 
-224, 322, 546, -48, -385, 434, 888, 195, 488, 483, 400, 522, 
-224, 322, 546, -48, -385, 434, 888, 195, 488, 483, 400, 522, 
-224, 326, 551, -51, -387, 439, 897, 200, 492, 483, 400, 522, 
-234, 322, 556, -43, -395, 439, 897, 200, 492, 483, 400, 522, 
-234, 322, 556, -43, -395, 439, 897, 195, 492, 483, 400, 522, 
-234, 322, 556, -43, -395, 439, 893, 195, 492, 483, 400, 522, 
-239, 326, 566, -43, -402, 446, 893, 195, 492, 483, 400, 522, 
-229, 331, 561, -51, -395, 446, 893, 209, 502, 492, 414, 527, 
-219, 336, 556, -58, -387, 446, 897, 209, 502, 497, 414, 531, 
-209, 341, 551, -65, -380, 446, 897, 209, 507, 497, 414, 531, 
-195, 346, 541, -75, -368, 444, 897, 209, 507, 497, 414, 536, 
-200, 366, 566, -82, -383, 466, 897, 204, 517, 502, 429, 546, 
-200, 370, 570, -85, -385, 470, 897, 204, 522, 507, 434, 546, 
-200, 375, 575, -87, -387, 475, 897, 204, 527, 512, 439, 546, 
-200, 385, 585, -92, -392, 485, 897, 204, 531, 512, 439, 546, 
-200, 385, 585, -92, -392, 485, 888, 195, 527, 517, 429, 541, 
-200, 395, 595, -97, -397, 495, 888, 195, 527, 517, 429, 541, 
-200, 395, 595, -97, -397, 495, 888, 195, 527, 522, 429, 541, 
-200, 395, 595, -97, -397, 495, 888, 195, 536, 522, 429, 541, 
-204, 395, 600, -95, -402, 497, 893, 200, 536, 531, 439, 541, 
-209, 395, 605, -92, -407, 500, 893, 200, 536, 531, 439, 541, 
-209, 400, 610, -95, -409, 505, 893, 200, 536, 536, 444, 551, 
-214, 400, 614, -92, -414, 507, 893, 200, 541, 536, 453, 551, 
-204, 400, 605, -97, -405, 502, 897, 209, 551, 531, 463, 561, 
-204, 400, 605, -97, -405, 502, 888, 209, 551, 531, 458, 561, 
-214, 400, 614, -92, -414, 507, 897, 204, 556, 536, 448, 556, 
-224, 400, 624, -87, -424, 512, 888, 195, 556, 536, 439, 556, 
-224, 400, 624, -87, -424, 512, 888, 195, 556, 536, 439, 556, 
-224, 400, 624, -87, -424, 512, 888, 195, 556, 536, 439, 556, 
-224, 400, 624, -87, -424, 512, 888, 195, 556, 536, 439, 556, 
-214, 390, 605, -87, -409, 497, 888, 195, 556, 531, 448, 551, 
-214, 390, 605, -87, -409, 497, 883, 195, 551, 531, 448, 551, 
-214, 390, 605, -87, -409, 497, 883, 195, 546, 536, 448, 551, 
-209, 390, 600, -90, -405, 495, 878, 195, 546, 536, 448, 551, 
-185, 405, 590, -109, -387, 497, 868, 204, 546, 536, 458, 556, 
-195, 409, 605, -107, -400, 507, 868, 204, 546, 536, 458, 556, 
-195, 409, 605, -107, -400, 507, 868, 204, 541, 536, 458, 556, 
-195, 409, 605, -107, -400, 507, 868, 204, 531, 531, 458, 551, 
-200, 400, 600, -100, -400, 500, 868, 209, 531, 522, 458, 561, 
-200, 395, 595, -97, -397, 495, 868, 204, 527, 517, 458, 561, 
-200, 390, 590, -95, -395, 490, 868, 200, 517, 512, 453, 561, 
-200, 390, 590, -95, -395, 490, 863, 200, 512, 507, 453, 561, 
-195, 390, 585, -97, -390, 488, 863, 200, 512, 517, 448, 561, 
-195, 385, 580, -95, -387, 483, 863, 195, 507, 512, 448, 561, 
-190, 380, 570, -95, -380, 475, 868, 195, 502, 512, 448, 561, 
-190, 380, 570, -95, -380, 475, 873, 200, 502, 507, 448, 561, 
-195, 370, 566, -87, -380, 468, 873, 195, 497, 497, 448, 561, 
-200, 366, 566, -82, -383, 466, 873, 195, 492, 497, 448, 561, 
-204, 361, 566, -78, -385, 463, 873, 195, 488, 492, 444, 561, 
-209, 356, 566, -73, -387, 461, 878, 195, 488, 492, 439, 556, 
-209, 361, 570, -75, -390, 466, 888, 195, 488, 502, 429, 546, 
-224, 361, 585, -68, -405, 473, 888, 195, 492, 507, 429, 546, 
-219, 351, 570, -65, -395, 461, 893, 195, 492, 507, 429, 546, 
-219, 346, 566, -63, -392, 456, 893, 195, 492, 507, 429, 541, 
-209, 351, 561, -70, -385, 456, 902, 195, 502, 507, 434, 536, 
-209, 351, 561, -70, -385, 456, 902, 190, 492, 492, 424, 531, 
-209, 346, 556, -68, -383, 451, 902, 190, 483, 488, 419, 531, 
-214, 346, 561, -65, -387, 453, 907, 190, 483, 488, 419, 531, 
-224, 336, 561, -56, -392, 448, 902, 185, 483, 478, 419, 531, 
-224, 326, 551, -51, -387, 439, 897, 185, 483, 478, 419, 527, 
-224, 322, 546, -48, -385, 434, 893, 180, 483, 473, 409, 527, 
-229, 322, 551, -46, -390, 436, 893, 180, 473, 463, 405, 527, 
-239, 307, 546, -34, -392, 427, 902, 175, 478, 463, 400, 517, 
-239, 297, 536, -29, -387, 417, 902, 175, 478, 468, 395, 512, 
-234, 292, 527, -29, -380, 409, 907, 180, 478, 473, 390, 507, 
-234, 292, 527, -29, -380, 409, 912, 180, 483, 473, 385, 507, 
-234, 297, 531, -31, -383, 414, 912, 195, 473, 473, 390, 512, 
-234, 297, 531, -31, -383, 414, 907, 195, 473, 473, 395, 517, 
-234, 297, 531, -31, -383, 414, 907, 190, 473, 473, 400, 522, 
-239, 297, 536, -29, -387, 417, 907, 190, 468, 473, 405, 527, 
-239, 297, 536, -29, -387, 417, 917, 190, 478, 473, 395, 517, 
-244, 292, 536, -24, -390, 414, 922, 190, 478, 468, 390, 517, 
-239, 297, 536, -29, -387, 417, 922, 190, 478, 468, 390, 517, 
-219, 307, 527, -43, -373, 417, 922, 190, 478, 473, 395, 512, 
-229, 297, 527, -34, -378, 412, 922, 190, 473, 473, 395, 512, 
-229, 297, 527, -34, -378, 412, 922, 190, 473, 473, 390, 517, 
-229, 297, 527, -34, -378, 412, 922, 190, 473, 468, 390, 517, 
-229, 297, 527, -34, -378, 412, 917, 190, 478, 463, 390, 517, 
-239, 292, 531, -26, -385, 412, 907, 180, 468, 453, 390, 507, 
-239, 292, 531, -26, -385, 412, 912, 180, 463, 458, 390, 507, 
-239, 292, 531, -26, -385, 412, 912, 180, 463, 458, 390, 507, 
-239, 292, 531, -26, -385, 412, 912, 180, 463, 458, 390, 507, 
-239, 302, 541, -31, -390, 422, 912, 190, 468, 468, 390, 502, 
-244, 297, 541, -26, -392, 419, 917, 190, 468, 468, 390, 502, 
-244, 297, 541, -26, -392, 419, 917, 190, 468, 468, 385, 502, 
-239, 297, 536, -29, -387, 417, 917, 190, 463, 468, 385, 502, 
-239, 287, 527, -24, -383, 407, 912, 190, 473, 468, 385, 502, 
-239, 283, 522, -21, -380, 402, 912, 190, 478, 473, 385, 507, 
-239, 283, 522, -21, -380, 402, 912, 190, 478, 473, 385, 507, 
-239, 283, 522, -21, -380, 402, 912, 190, 478, 473, 385, 507, 
-229, 287, 517, -29, -373, 402, 922, 200, 478, 473, 395, 507, 
-234, 292, 527, -29, -380, 409, 922, 200, 478, 473, 400, 512, 
-234, 297, 531, -31, -383, 414, 927, 195, 478, 468, 400, 517, 
-234, 302, 536, -34, -385, 419, 927, 195, 478, 468, 400, 522, 
-244, 297, 541, -26, -392, 419, 917, 200, 488, 468, 390, 507, 
-239, 297, 536, -29, -387, 417, 917, 200, 483, 468, 390, 507, 
-239, 292, 531, -26, -385, 412, 917, 200, 483, 468, 390, 507, 
-239, 287, 527, -24, -383, 407, 917, 200, 483, 468, 390, 507, 
-248, 283, 531, -17, -390, 407, 927, 190, 483, 468, 390, 512, 
-248, 283, 531, -17, -390, 407, 927, 190, 483, 468, 390, 512, 
-248, 283, 531, -17, -390, 407, 927, 190, 483, 468, 390, 512, 
-248, 287, 536, -19, -392, 412, 927, 190, 483, 468, 390, 512, 
-239, 297, 536, -29, -387, 417, 917, 190, 492, 468, 390, 512, 
-239, 297, 536, -29, -387, 417, 917, 190, 492, 468, 390, 512, 
-239, 297, 536, -29, -387, 417, 917, 190, 492, 468, 390, 512, 
-239, 297, 536, -29, -387, 417, 922, 190, 492, 468, 390, 512, 
-234, 287, 522, -26, -378, 405, 922, 190, 483, 478, 390, 512, 
-234, 287, 522, -26, -378, 405, 917, 190, 483, 478, 390, 512, 
-234, 287, 522, -26, -378, 405, 917, 190, 483, 478, 390, 512, 
-234, 287, 522, -26, -378, 405, 917, 195, 488, 483, 390, 512, 
-239, 297, 536, -29, -387, 417, 922, 195, 488, 488, 400, 512, 
-244, 297, 541, -26, -392, 419, 927, 195, 488, 488, 400, 517, 
-248, 297, 546, -24, -397, 422, 932, 195, 488, 488, 400, 517, 
-253, 297, 551, -21, -402, 424, 936, 195, 488, 488, 400, 512, 
-253, 297, 551, -21, -402, 424, 927, 185, 492, 488, 400, 512, 
-253, 297, 551, -21, -402, 424, 922, 190, 502, 488, 400, 512, 
-244, 307, 551, -31, -397, 429, 922, 209, 507, 488, 400, 512, 
-248, 297, 546, -24, -397, 422, 936, 209, 512, 492, 390, 507, 
-253, 297, 551, -21, -402, 424, 951, 219, 522, 488, 380, 488, 
-258, 292, 551, -17, -405, 422, 961, 229, 546, 478, 356, 468, 
-258, 292, 551, -17, -405, 422, 976, 248, 575, 483, 356, 458, 
-253, 312, 566, -29, -409, 439, 1000, 292, 605, 522, 385, 478, 
-244, 331, 575, -43, -409, 453, 1024, 331, 644, 575, 419, 497, 
-248, 307, 556, -29, -402, 431, 1039, 375, 673, 614, 453, 502, 
-234, 278, 512, -21, -373, 395, 1044, 439, 707, 683, 507, 522, 
-175, 302, 478, -63, -326, 390, 1058, 546, 746, 795, 605, 580, 
-92, 326, 419, -117, -256, 373, 1063, 673, 795, 912, 717, 634, 
-29, 346, 375, -158, -202, 361, 1058, 800, 839, 1068, 844, 707, 
53, 429, 375, -241, -161, 402, 995, 878, 868, 1254, 1019, 844, 
151, 536, 385, -344, -117, 461, 907, 907, 849, 1439, 1244, 1010, 
263, 663, 400, -463, -68, 531, 790, 868, 795, 1600, 1464, 1190, 
385, 834, 448, -610, -31, 641, 634, 790, 697, 1761, 1683, 1395, 
502, 1005, 502, -753, 0, 753, 463, 663, 619, 1869, 1888, 1610, 
595, 1171, 575, -883, 9, 873, 326, 561, 566, 1932, 2039, 1781, 
629, 1278, 649, -954, -9, 963, 239, 492, 502, 1903, 2083, 1878, 
639, 1317, 678, -978, -19, 997, 190, 419, 424, 1781, 2010, 1898, 
619, 1278, 658, -949, -19, 968, 195, 273, 336, 1566, 1844, 1834, 
522, 1220, 697, -871, -87, 958, 214, 4, 244, 1302, 1625, 1742, 
385, 1185, 800, -785, -207, 993, 204, -292, 136, 1044, 1410, 1649, 
263, 1122, 858, -692, -297, 990, 214, -527, 0, 746, 1176, 1532, 
122, 1000, 878, -561, -378, 939, 263, -732, -151, 361, 854, 1351, 
-29, 873, 902, -422, -466, 888, 336, -907, -283, -19, 527, 1161, 
-126, 780, 907, -326, -517, 844, 385, -951, -370, -234, 307, 1029, 
-180, 688, 868, -253, -524, 778, 439, -902, -429, -322, 185, 917, 
-214, 610, 824, -197, -519, 717, 507, -849, -473, -380, 97, 805, 
-224, 546, 771, -161, -497, 658, 517, -800, -507, -385, 43, 732, 
-214, 517, 732, -151, -473, 624, 483, -717, -507, -331, 68, 692, 
-214, 502, 717, -143, -466, 610, 473, -595, -439, -224, 102, 668, 
-214, 502, 717, -143, -466, 610, 522, -458, -302, -112, 141, 653, 
-200, 502, 702, -151, -451, 602, 585, -346, -175, 0, 195, 644, 
-190, 492, 683, -151, -436, 588, 639, -229, -63, 102, 244, 644, 
-190, 478, 668, -143, -429, 573, 683, -131, 39, 180, 278, 639, 
-185, 448, 634, -131, -409, 541, 732, -43, 126, 244, 297, 614, 
-195, 409, 605, -107, -400, 507, 775, 34, 195, 273, 317, 580, 
-195, 380, 575, -92, -385, 478, 810, 63, 258, 312, 326, 551, 
-195, 385, 580, -95, -387, 483, 814, 78, 322, 356, 356, 546, 
-190, 375, 566, -92, -378, 470, 824, 92, 380, 395, 390, 556, 
-190, 366, 556, -87, -373, 461, 849, 112, 414, 424, 400, 551, 
-204, 361, 566, -78, -385, 463, 863, 126, 434, 458, 409, 551, 
-214, 351, 566, -68, -390, 458, 868, 136, 444, 483, 409, 551, 
-219, 346, 566, -63, -392, 456, 888, 146, 444, 483, 409, 551, 
-229, 341, 570, -56, -400, 456, 897, 156, 448, 488, 400, 546, 
-229, 336, 566, -53, -397, 451, 917, 180, 468, 488, 405, 551, 
-229, 336, 566, -53, -397, 451, 922, 185, 488, 497, 414, 541, 
-229, 336, 566, -53, -397, 451, 936, 195, 497, 488, 409, 522, 
-234, 326, 561, -46, -397, 444, 927, 195, 502, 488, 409, 517, 
-234, 322, 556, -43, -395, 439, 922, 200, 507, 488, 409, 517, 
-234, 322, 556, -43, -395, 439, 922, 204, 522, 492, 409, 517, 
-229, 322, 551, -46, -390, 436, 917, 209, 522, 502, 419, 507, 
-229, 322, 551, -46, -390, 436, 922, 209, 517, 502, 419, 512, 
-229, 317, 546, -43, -387, 431, 927, 204, 512, 502, 419, 512, 
-229, 317, 546, -43, -387, 431, 927, 200, 507, 502, 419, 512, 
-224, 317, 541, -46, -383, 429, 936, 209, 512, 512, 409, 517, 
-224, 317, 541, -46, -383, 429, 941, 209, 512, 517, 409, 517, 
-224, 312, 536, -43, -380, 424, 946, 209, 517, 517, 414, 517, 
-224, 312, 536, -43, -380, 424, 946, 209, 522, 522, 414, 517, 
-224, 317, 541, -46, -383, 429, 941, 214, 536, 522, 414, 517, 
-224, 322, 546, -48, -385, 434, 941, 219, 536, 527, 414, 522, 
-224, 322, 546, -48, -385, 434, 941, 219, 536, 527, 414, 522, 
-224, 322, 546, -48, -385, 434, 936, 214, 536, 527, 414, 522, 
-229, 322, 551, -46, -390, 436, 936, 214, 531, 527, 419, 522, 
-229, 317, 546, -43, -387, 431, 936, 214, 531, 531, 419, 522, 
-229, 317, 546, -43, -387, 431, 936, 219, 536, 531, 419, 522, 
-229, 322, 551, -46, -390, 436, 941, 219, 541, 536, 424, 522, 
-229, 331, 561, -51, -395, 446, 941, 219, 531, 546, 424, 522, 
-229, 331, 561, -51, -395, 446, 941, 214, 536, 546, 424, 522, 
-224, 331, 556, -53, -390, 444, 941, 214, 536, 546, 424, 522, 
-224, 331, 556, -53, -390, 444, 941, 219, 541, 546, 424, 522, 
-219, 331, 551, -56, -385, 441, 932, 219, 541, 536, 419, 522, 
-219, 331, 551, -56, -385, 441, 932, 219, 536, 541, 419, 527, 
-214, 331, 546, -58, -380, 439, 932, 219, 536, 541, 419, 527, 
-209, 336, 546, -63, -378, 441, 932, 219, 541, 546, 424, 527, 
-219, 341, 561, -61, -390, 451, 932, 224, 546, 551, 429, 536, 
-219, 341, 561, -61, -390, 451, 932, 229, 546, 551, 429, 536, 
-224, 341, 566, -58, -395, 453, 932, 229, 541, 551, 429, 536, 
-229, 341, 570, -56, -400, 456, 932, 229, 541, 551, 434, 536, 
-224, 346, 570, -61, -397, 458, 932, 219, 541, 551, 434, 527, 
-214, 351, 566, -68, -390, 458, 932, 219, 541, 551, 434, 527, 
-209, 351, 561, -70, -385, 456, 932, 219, 551, 556, 434, 527, 
-200, 351, 551, -75, -375, 451, 932, 219, 551, 556, 434, 527, 
-200, 346, 546, -73, -373, 446, 932, 229, 551, 556, 448, 536, 
-200, 351, 551, -75, -375, 451, 932, 229, 551, 566, 448, 536, 
-200, 351, 551, -75, -375, 451, 932, 234, 551, 566, 448, 536, 
-200, 351, 551, -75, -375, 451, 932, 234, 551, 566, 453, 536, 
-214, 346, 561, -65, -387, 453, 922, 224, 561, 566, 453, 536, 
-214, 346, 561, -65, -387, 453, 922, 224, 561, 570, 458, 536, 
-209, 346, 556, -68, -383, 451, 917, 224, 561, 570, 458, 536, 
-209, 346, 556, -68, -383, 451, 912, 224, 561, 575, 458, 541, 
-209, 336, 546, -63, -378, 441, 922, 229, 561, 575, 448, 541, 
-209, 341, 551, -65, -380, 446, 922, 229, 556, 575, 448, 536, 
-209, 341, 551, -65, -380, 446, 922, 234, 551, 580, 448, 536, 
-209, 341, 551, -65, -380, 446, 922, 239, 546, 585, 458, 546, 
-200, 346, 546, -73, -373, 446, 922, 248, 561, 590, 458, 556, 
-200, 351, 551, -75, -375, 451, 922, 248, 566, 595, 463, 566, 
-200, 356, 556, -78, -378, 456, 922, 248, 566, 600, 463, 566, 
-190, 361, 551, -85, -370, 456, 922, 248, 566, 600, 473, 570, 
-190, 370, 561, -90, -375, 466, 922, 248, 575, 600, 468, 561, 
-190, 375, 566, -92, -378, 470, 922, 248, 575, 600, 468, 561, 
-190, 375, 566, -92, -378, 470, 922, 248, 575, 605, 473, 561, 
-180, 380, 561, -100, -370, 470, 922, 253, 575, 610, 478, 561, 
-180, 385, 566, -102, -373, 475, 922, 253, 580, 610, 488, 561, 
-180, 385, 566, -102, -373, 475, 922, 258, 580, 614, 483, 566, 
-180, 390, 570, -104, -375, 480, 922, 263, 590, 619, 483, 575, 
-180, 395, 575, -107, -378, 485, 922, 268, 590, 624, 492, 575, 
-180, 395, 575, -107, -378, 485, 912, 268, 590, 629, 488, 575, 
-180, 395, 575, -107, -378, 485, 912, 268, 590, 629, 492, 575, 
-175, 395, 570, -109, -373, 483, 912, 268, 600, 639, 497, 575, 
-175, 405, 580, -114, -378, 492, 912, 273, 600, 644, 497, 580, 
-170, 409, 580, -119, -375, 495, 912, 273, 600, 634, 502, 585, 
-170, 414, 585, -122, -378, 500, 912, 273, 605, 639, 507, 585, 
-170, 414, 585, -122, -378, 500, 907, 273, 610, 644, 512, 585, 
-175, 419, 595, -122, -385, 507, 907, 273, 610, 649, 517, 590, 
-175, 414, 590, -119, -383, 502, 902, 263, 614, 653, 522, 585, 
-175, 414, 590, -119, -383, 502, 897, 263, 614, 658, 522, 590, 
-170, 414, 585, -122, -378, 500, 897, 268, 624, 658, 527, 590, 
-170, 424, 595, -126, -383, 509, 897, 268, 624, 658, 531, 590, 
-161, 444, 605, -141, -383, 524, 893, 283, 610, 673, 536, 610, 
-151, 453, 605, -151, -378, 529, 893, 283, 610, 678, 541, 610, 
-146, 463, 610, -158, -378, 536, 893, 283, 614, 683, 541, 619, 
-136, 468, 605, -165, -370, 536, 893, 283, 619, 688, 546, 619, 
-136, 463, 600, -163, -368, 531, 893, 273, 614, 692, 551, 619, 
-131, 478, 610, -173, -370, 544, 893, 278, 619, 697, 556, 624, 
-131, 478, 610, -173, -370, 544, 888, 278, 619, 702, 561, 624, 
-141, 478, 619, -168, -380, 549, 888, 278, 619, 707, 561, 634, 
-131, 473, 605, -170, -368, 539, 878, 278, 634, 712, 566, 634, 
-126, 478, 605, -175, -366, 541, 873, 273, 634, 712, 570, 639, 
-122, 483, 605, -180, -363, 544, 873, 273, 639, 712, 575, 639, 
-122, 488, 610, -183, -366, 549, 873, 273, 639, 712, 580, 639, 
-112, 497, 610, -192, -361, 553, 873, 273, 639, 717, 580, 634, 
-112, 507, 619, -197, -366, 563, 873, 273, 639, 722, 580, 644, 
-117, 512, 629, -197, -373, 570, 873, 273, 644, 722, 580, 644, 
-117, 512, 629, -197, -373, 570, 868, 273, 644, 722, 585, 644, 
-112, 502, 614, -195, -363, 558, 878, 263, 644, 722, 575, 634, 
-112, 507, 619, -197, -366, 563, 878, 263, 644, 717, 580, 639, 
-112, 507, 619, -197, -366, 563, 878, 258, 644, 712, 580, 639, 
-107, 512, 619, -202, -363, 566, 878, 258, 644, 707, 580, 644, 
-107, 522, 629, -207, -368, 575, 863, 258, 639, 717, 590, 653, 
-107, 522, 629, -207, -368, 575, 863, 248, 639, 712, 590, 653, 
-102, 527, 629, -212, -366, 578, 863, 244, 639, 712, 590, 653, 
-102, 531, 634, -214, -368, 583, 863, 244, 639, 712, 590, 658, 
-97, 536, 634, -219, -366, 585, 873, 244, 644, 712, 590, 663, 
-97, 536, 634, -219, -366, 585, 873, 239, 644, 712, 590, 663, 
-102, 536, 639, -217, -370, 588, 868, 234, 644, 712, 595, 663, 
-102, 536, 639, -217, -370, 588, 863, 234, 644, 712, 595, 663, 
-102, 541, 644, -219, -373, 592, 854, 244, 639, 702, 595, 658, 
-97, 541, 639, -222, -368, 590, 849, 234, 639, 702, 595, 658, 
-97, 546, 644, -224, -370, 595, 849, 229, 639, 702, 595, 663, 
-97, 546, 644, -224, -370, 595, 849, 229, 639, 702, 595, 663, 
-97, 536, 634, -219, -366, 585, 834, 214, 629, 702, 585, 673, 
-97, 536, 634, -219, -366, 585, 834, 214, 629, 697, 590, 673, 
-92, 536, 629, -222, -361, 583, 834, 219, 629, 697, 590, 673, 
-92, 541, 634, -224, -363, 588, 834, 219, 629, 697, 590, 678, 
-82, 546, 629, -231, -356, 588, 839, 214, 634, 702, 600, 678, 
-82, 551, 634, -234, -358, 592, 844, 214, 639, 702, 600, 678, 
-82, 551, 634, -234, -358, 592, 854, 214, 649, 702, 600, 678, 
-78, 556, 634, -239, -356, 595, 863, 214, 653, 702, 595, 673, 
-78, 551, 629, -236, -353, 590, 854, 219, 644, 697, 595, 673, 
-82, 546, 629, -231, -356, 588, 854, 214, 644, 697, 590, 668, 
-92, 536, 629, -222, -361, 583, 854, 209, 644, 688, 585, 668, 
-97, 527, 624, -214, -361, 575, 854, 209, 634, 683, 575, 663, 
-97, 522, 619, -212, -358, 570, 863, 209, 644, 678, 580, 658, 
-97, 512, 610, -207, -353, 561, 863, 209, 644, 673, 580, 658, 
-97, 512, 610, -207, -353, 561, 868, 209, 644, 673, 575, 658, 
-97, 502, 600, -202, -348, 551, 873, 209, 644, 673, 570, 658, 
-87, 502, 590, -207, -339, 546, 873, 219, 653, 668, 566, 639, 
-92, 497, 590, -202, -341, 544, 873, 219, 649, 663, 556, 634, 
-97, 497, 595, -200, -346, 546, 873, 214, 644, 653, 541, 634, 
-107, 488, 595, -190, -351, 541, 878, 214, 634, 644, 531, 629, 
-107, 492, 600, -192, -353, 546, 888, 224, 644, 644, 536, 624, 
-107, 488, 595, -190, -351, 541, 888, 219, 639, 634, 522, 619, 
-107, 478, 585, -185, -346, 531, 893, 219, 634, 629, 517, 614, 
-112, 468, 580, -178, -346, 524, 897, 219, 634, 624, 517, 610, 
-122, 453, 575, -165, -348, 514, 897, 209, 629, 614, 497, 595, 
-126, 448, 575, -161, -351, 512, 902, 209, 624, 610, 488, 590, 
-126, 439, 566, -156, -346, 502, 902, 209, 619, 600, 488, 585, 
-136, 429, 566, -146, -351, 497, 897, 209, 614, 595, 483, 575, 
-136, 434, 570, -148, -353, 502, 897, 204, 610, 595, 478, 575, 
-131, 429, 561, -148, -346, 495, 907, 204, 610, 590, 468, 570, 
-131, 419, 551, -143, -341, 485, 912, 204, 610, 585, 468, 566, 
-136, 419, 556, -141, -346, 488, 912, 204, 605, 585, 463, 566, 
-141, 405, 546, -131, -344, 475, 912, 204, 600, 570, 463, 561, 
-141, 405, 546, -131, -344, 475, 912, 204, 600, 566, 458, 561, 
-141, 395, 536, -126, -339, 466, 912, 204, 600, 566, 453, 561, 
-141, 395, 536, -126, -339, 466, 917, 209, 600, 566, 453, 561, 
-146, 390, 536, -122, -341, 463, 927, 209, 605, 561, 448, 561, 
-151, 390, 541, -119, -346, 466, 922, 204, 600, 556, 444, 561, 
-151, 390, 541, -119, -346, 466, 922, 204, 590, 551, 444, 556, 
-146, 390, 536, -122, -341, 463, 927, 204, 590, 551, 444, 556, 
-156, 390, 546, -117, -351, 468, 927, 200, 595, 551, 439, 546, 
-156, 390, 546, -117, -351, 468, 927, 204, 600, 551, 439, 551, 
-156, 385, 541, -114, -348, 463, 932, 204, 600, 551, 439, 551, 
-156, 385, 541, -114, -348, 463, 932, 195, 590, 551, 439, 546, 
-151, 385, 536, -117, -344, 461, 927, 204, 590, 561, 439, 546, 
-151, 385, 536, -117, -344, 461, 927, 204, 590, 556, 439, 546, 
-151, 385, 536, -117, -344, 461, 927, 204, 590, 556, 439, 546, 
-151, 385, 536, -117, -344, 461, 927, 204, 595, 556, 439, 546, 
-141, 385, 527, -122, -334, 456, 917, 204, 595, 556, 439, 551, 
-141, 385, 527, -122, -334, 456, 917, 204, 595, 551, 439, 551, 
-141, 385, 527, -122, -334, 456, 917, 204, 595, 551, 439, 546, 
-141, 385, 527, -122, -334, 456, 917, 204, 595, 556, 439, 546, 
-151, 385, 536, -117, -344, 461, 927, 195, 595, 556, 439, 546, 
-151, 380, 531, -114, -341, 456, 927, 195, 595, 556, 439, 546, 
-151, 375, 527, -112, -339, 451, 927, 195, 595, 556, 439, 551, 
-151, 375, 527, -112, -339, 451, 922, 195, 595, 556, 439, 551, 
-151, 380, 531, -114, -341, 456, 922, 195, 595, 556, 439, 551, 
-151, 385, 536, -117, -344, 461, 927, 190, 595, 556, 439, 551, 
-151, 385, 536, -117, -344, 461, 932, 190, 595, 556, 439, 546, 
-151, 385, 536, -117, -344, 461, 932, 190, 595, 556, 439, 541, 
-141, 385, 527, -122, -334, 456, 922, 200, 585, 556, 444, 551, 
-141, 385, 527, -122, -334, 456, 922, 200, 585, 556, 444, 551, 
-146, 385, 531, -119, -339, 458, 922, 200, 590, 561, 444, 556, 
-146, 385, 531, -119, -339, 458, 922, 200, 590, 561, 444, 556, 
-141, 385, 527, -122, -334, 456, 927, 195, 590, 570, 444, 546, 
-141, 385, 527, -122, -334, 456, 927, 195, 585, 570, 444, 546, 
-141, 380, 522, -119, -331, 451, 927, 195, 585, 570, 444, 546, 
-141, 380, 522, -119, -331, 451, 932, 195, 585, 570, 444, 546, 
-131, 385, 517, -126, -324, 451, 922, 195, 585, 570, 444, 556, 
-131, 390, 522, -129, -326, 456, 917, 195, 585, 570, 444, 556, 
-131, 395, 527, -131, -329, 461, 917, 195, 585, 570, 444, 556, 
-131, 400, 531, -134, -331, 466, 917, 195, 585, 570, 444, 556, 
-141, 395, 536, -126, -339, 466, 927, 195, 585, 561, 444, 556, 
-141, 395, 536, -126, -339, 466, 927, 195, 585, 561, 444, 556, 
-141, 395, 536, -126, -339, 466, 927, 195, 580, 561, 444, 556, 
-141, 395, 536, -126, -339, 466, 927, 195, 580, 561, 444, 556, 
-141, 385, 527, -122, -334, 456, 927, 195, 575, 570, 444, 556, 
-141, 385, 527, -122, -334, 456, 932, 195, 580, 570, 444, 556, 
-146, 385, 531, -119, -339, 458, 932, 195, 585, 570, 444, 556, 
-146, 385, 531, -119, -339, 458, 932, 195, 590, 570, 444, 556, 
-131, 385, 517, -126, -324, 451, 927, 195, 580, 570, 444, 551, 
-131, 385, 517, -126, -324, 451, 927, 195, 585, 570, 444, 551, 
-131, 385, 517, -126, -324, 451, 927, 195, 585, 570, 444, 551, 
-131, 385, 517, -126, -324, 451, 922, 195, 585, 570, 444, 551, 
-131, 395, 527, -131, -329, 461, 922, 195, 585, 561, 444, 551, 
-131, 390, 522, -129, -326, 456, 922, 195, 580, 561, 444, 551, 
-131, 390, 522, -129, -326, 456, 922, 195, 580, 561, 439, 551, 
-136, 385, 522, -124, -329, 453, 922, 195, 580, 561, 439, 551, 
-136, 375, 512, -119, -324, 444, 927, 195, 580, 556, 439, 541, 
-136, 375, 512, -119, -324, 444, 927, 195, 580, 556, 439, 541, 
-136, 380, 517, -122, -326, 448, 927, 190, 580, 556, 439, 536, 
-136, 380, 517, -122, -326, 448, 927, 190, 580, 556, 434, 536, 
-126, 385, 512, -129, -319, 448, 936, 200, 580, 556, 434, 541, 
-131, 385, 517, -126, -324, 451, 932, 200, 580, 556, 434, 541, 
-136, 380, 517, -122, -326, 448, 932, 200, 585, 551, 434, 541, 
-136, 380, 517, -122, -326, 448, 932, 200, 585, 551, 434, 541, 
-131, 375, 507, -122, -319, 441, 932, 190, 585, 551, 434, 531, 
-136, 375, 512, -119, -324, 444, 936, 190, 585, 551, 429, 531, 
-146, 366, 512, -109, -329, 439, 936, 190, 580, 546, 429, 531, 
-151, 356, 507, -102, -329, 431, 936, 185, 580, 546, 429, 531, 
-136, 366, 502, -114, -319, 434, 927, 190, 570, 546, 429, 531, 
-136, 370, 507, -117, -322, 439, 927, 190, 570, 546, 429, 531, 
-136, 370, 507, -117, -322, 439, 927, 190, 570, 546, 424, 522, 
-136, 366, 502, -114, -319, 434, 927, 185, 570, 546, 424, 522, 
-146, 356, 502, -104, -324, 429, 927, 175, 566, 536, 419, 527, 
-141, 356, 497, -107, -319, 427, 927, 175, 566, 531, 419, 527, 
-141, 356, 497, -107, -319, 427, 927, 180, 566, 531, 419, 527, 
-141, 356, 497, -107, -319, 427, 927, 180, 566, 531, 419, 522, 
-136, 361, 497, -112, -317, 429, 936, 185, 566, 536, 424, 527, 
-136, 361, 497, -112, -317, 429, 936, 185, 566, 536, 424, 527, 
-136, 366, 502, -114, -319, 434, 936, 185, 566, 541, 424, 527, 
-131, 366, 497, -117, -314, 431, 936, 185, 566, 546, 419, 527, 
-141, 356, 497, -107, -319, 427, 927, 165, 556, 536, 409, 517, 
-141, 361, 502, -109, -322, 431, 932, 165, 551, 536, 414, 517, 
-141, 361, 502, -109, -322, 431, 932, 165, 551, 536, 414, 517, 
-141, 361, 502, -109, -322, 431, 932, 165, 551, 536, 414, 512, 
-131, 361, 492, -114, -312, 427, 932, 175, 551, 536, 414, 522, 
-131, 361, 492, -114, -312, 427, 932, 180, 551, 536, 409, 527, 
-131, 356, 488, -112, -309, 422, 932, 180, 551, 536, 409, 527, 
-131, 356, 488, -112, -309, 422, 932, 180, 551, 536, 414, 527, 
-136, 351, 488, -107, -312, 419, 936, 180, 561, 536, 414, 517, 
-136, 351, 488, -107, -312, 419, 936, 175, 561, 536, 414, 517, 
-136, 351, 488, -107, -312, 419, 936, 175, 556, 536, 414, 517, 
-136, 356, 492, -109, -314, 424, 936, 175, 556, 531, 414, 517, 
-136, 346, 483, -104, -309, 414, 936, 165, 546, 531, 405, 517, 
-136, 336, 473, -100, -305, 405, 936, 165, 546, 531, 400, 512, 
-136, 331, 468, -97, -302, 400, 936, 165, 546, 531, 400, 512, 
-136, 331, 468, -97, -302, 400, 936, 165, 546, 531, 400, 512, 
-136, 341, 478, -102, -307, 409, 927, 165, 556, 531, 400, 512, 
-136, 341, 478, -102, -307, 409, 927, 165, 556, 531, 400, 512, 
-136, 341, 478, -102, -307, 409, 927, 165, 556, 531, 400, 512, 
-136, 346, 483, -104, -309, 414, 936, 170, 561, 531, 400, 512, 
-126, 351, 478, -112, -302, 414, 936, 170, 561, 531, 409, 522, 
-126, 351, 478, -112, -302, 414, 936, 165, 561, 531, 409, 522, 
-126, 351, 478, -112, -302, 414, 932, 165, 561, 531, 409, 522, 
-131, 356, 488, -112, -309, 422, 932, 165, 561, 531, 409, 522, 
-141, 361, 502, -109, -322, 431, 932, 170, 566, 541, 424, 517, 
-141, 366, 507, -112, -324, 436, 936, 170, 570, 546, 424, 522, 
-141, 370, 512, -114, -326, 441, 936, 170, 580, 546, 424, 522, 
-136, 375, 512, -119, -324, 444, 936, 170, 585, 546, 424, 527, 
-131, 395, 527, -131, -329, 461, 936, 165, 595, 561, 419, 536, 
-131, 400, 531, -134, -331, 466, 936, 165, 600, 566, 424, 536, 
-131, 405, 536, -136, -334, 470, 936, 165, 605, 570, 429, 536, 
-131, 414, 546, -141, -339, 480, 936, 165, 610, 570, 429, 536, 
-131, 419, 551, -143, -341, 485, 936, 165, 605, 570, 429, 531, 
-131, 424, 556, -146, -344, 490, 936, 165, 605, 566, 429, 531, 
-131, 419, 551, -143, -341, 485, 936, 165, 605, 566, 429, 531, 
-131, 414, 546, -141, -339, 480, 936, 165, 614, 561, 429, 531, 
-122, 414, 536, -146, -329, 475, 932, 161, 614, 570, 429, 531, 
-122, 414, 536, -146, -329, 475, 932, 161, 614, 570, 429, 531, 
-117, 419, 536, -151, -326, 478, 932, 161, 614, 575, 434, 541, 
-117, 419, 536, -151, -326, 478, 932, 161, 619, 575, 444, 541, 
-107, 419, 527, -156, -317, 473, 936, 170, 610, 570, 444, 541, 
-126, 409, 536, -141, -331, 473, 927, 175, 605, 575, 429, 536, 
-117, 419, 536, -151, -326, 478, 936, 170, 605, 575, 439, 536, 
-117, 419, 536, -151, -326, 478, 936, 165, 605, 575, 439, 536, 
-117, 419, 536, -151, -326, 478, 936, 161, 605, 575, 439, 536, 
-117, 419, 536, -151, -326, 478, 936, 156, 605, 575, 439, 536, 
-107, 409, 517, -151, -312, 463, 927, 165, 614, 570, 434, 541, 
-107, 409, 517, -151, -312, 463, 922, 165, 610, 570, 429, 541, 
-107, 409, 517, -151, -312, 463, 922, 165, 605, 575, 424, 541, 
-102, 409, 512, -153, -307, 461, 917, 165, 605, 575, 419, 541, 
-97, 400, 497, -151, -297, 448, 907, 156, 595, 566, 419, 536, 
-107, 400, 507, -146, -307, 453, 907, 156, 595, 566, 419, 536, 
-107, 395, 502, -143, -305, 448, 907, 156, 590, 566, 419, 536, 
-107, 390, 497, -141, -302, 444, 907, 156, 580, 561, 419, 531, 
-107, 390, 497, -141, -302, 444, 917, 161, 580, 551, 419, 531, 
-102, 385, 488, -141, -295, 436, 917, 156, 575, 546, 419, 531, 
-97, 380, 478, -141, -287, 429, 917, 151, 566, 541, 414, 531, 
-92, 380, 473, -143, -283, 427, 912, 151, 561, 536, 414, 531, 
-97, 380, 478, -141, -287, 429, 902, 151, 551, 541, 409, 531, 
-97, 375, 473, -139, -285, 424, 902, 146, 546, 541, 409, 531, 
-92, 370, 463, -139, -278, 417, 907, 146, 541, 546, 409, 531, 
-92, 370, 463, -139, -278, 417, 912, 151, 541, 546, 409, 531, 
-102, 366, 468, -131, -285, 417, 922, 156, 551, 546, 400, 531, 
-102, 366, 468, -131, -285, 417, 922, 156, 551, 546, 400, 531, 
-102, 366, 468, -131, -285, 417, 922, 156, 551, 541, 395, 531, 
-102, 366, 468, -131, -285, 417, 927, 156, 556, 541, 390, 527, 
-97, 361, 458, -131, -278, 409, 936, 156, 556, 531, 400, 527, 
-117, 361, 478, -122, -297, 419, 936, 156, 561, 536, 400, 527, 
-117, 351, 468, -117, -292, 409, 941, 156, 561, 536, 400, 527, 
-122, 346, 468, -112, -295, 407, 941, 156, 561, 536, 400, 522, 
-131, 341, 473, -104, -302, 407, 932, 146, 551, 536, 395, 517, 
-131, 341, 473, -104, -302, 407, 932, 141, 541, 522, 385, 512, 
-131, 336, 468, -102, -300, 402, 932, 141, 531, 517, 380, 512, 
-136, 336, 473, -100, -305, 405, 936, 141, 531, 517, 380, 512, 
-126, 336, 463, -104, -295, 400, 936, 146, 531, 507, 370, 512, 
-126, 326, 453, -100, -290, 390, 936, 146, 531, 507, 370, 507, 
-126, 322, 448, -97, -287, 385, 936, 141, 531, 502, 361, 507, 
-131, 322, 453, -95, -292, 387, 941, 141, 522, 492, 356, 507, 
-131, 317, 448, -92, -290, 383, 941, 136, 517, 492, 366, 488, 
-131, 307, 439, -87, -285, 373, 941, 136, 517, 497, 366, 483, 
-126, 302, 429, -87, -278, 366, 946, 141, 517, 502, 366, 478, 
-126, 302, 429, -87, -278, 366, 951, 141, 522, 502, 366, 478, 
-126, 307, 434, -90, -280, 370, 951, 136, 522, 492, 366, 478, 
-126, 307, 434, -90, -280, 370, 946, 136, 522, 492, 366, 478, 
-126, 307, 434, -90, -280, 370, 946, 131, 522, 492, 366, 478, 
-131, 307, 439, -87, -285, 373, 946, 131, 517, 492, 366, 478, 
-126, 292, 419, -82, -273, 356, 956, 136, 527, 502, 366, 488, 
-136, 283, 419, -73, -278, 351, 961, 141, 527, 497, 361, 488, 
-136, 283, 419, -73, -278, 351, 961, 146, 527, 497, 361, 488, 
-122, 287, 409, -82, -265, 348, 961, 151, 527, 502, 366, 483, 
-131, 287, 419, -78, -275, 353, 961, 141, 522, 492, 366, 473, 
-131, 287, 419, -78, -275, 353, 961, 141, 522, 492, 361, 478, 
-131, 287, 419, -78, -275, 353, 961, 141, 522, 488, 361, 478, 
-131, 287, 419, -78, -275, 353, 956, 141, 527, 483, 361, 478, 
-126, 292, 419, -82, -273, 356, 946, 131, 517, 483, 356, 478, 
-122, 292, 414, -85, -268, 353, 951, 131, 512, 488, 351, 478, 
-117, 292, 409, -87, -263, 351, 951, 131, 512, 488, 346, 478, 
-112, 292, 405, -90, -258, 348, 951, 131, 512, 488, 341, 478, 
-122, 292, 414, -85, -268, 353, 951, 141, 517, 497, 351, 473, 
-126, 287, 414, -80, -270, 351, 956, 141, 517, 497, 351, 473, 
-126, 287, 414, -80, -270, 351, 956, 141, 517, 497, 346, 473, 
-122, 287, 409, -82, -265, 348, 956, 141, 512, 497, 346, 473, 
-112, 297, 409, -92, -261, 353, 951, 141, 512, 488, 346, 473, 
-112, 292, 405, -90, -258, 348, 951, 141, 517, 492, 346, 478, 
-112, 292, 405, -90, -258, 348, 951, 141, 517, 492, 346, 478, 
-112, 292, 405, -90, -258, 348, 951, 141, 517, 492, 346, 478, 
-112, 292, 405, -90, -258, 348, 951, 131, 507, 492, 346, 473, 
-117, 292, 409, -87, -263, 351, 951, 131, 507, 492, 351, 473, 
-117, 292, 409, -87, -263, 351, 956, 126, 507, 488, 351, 473, 
-117, 292, 409, -87, -263, 351, 956, 126, 507, 488, 351, 473, 
-117, 283, 400, -82, -258, 341, 956, 131, 517, 497, 341, 478, 
-112, 287, 400, -87, -256, 344, 956, 131, 512, 497, 341, 478, 
-112, 287, 400, -87, -256, 344, 956, 131, 512, 497, 341, 478, 
-112, 287, 400, -87, -256, 344, 956, 131, 512, 497, 341, 478, 
-122, 283, 405, -80, -263, 344, 946, 131, 512, 488, 341, 483, 
-122, 283, 405, -80, -263, 344, 946, 131, 512, 488, 341, 483, 
-122, 283, 405, -80, -263, 344, 946, 131, 512, 488, 341, 483, 
-122, 287, 409, -82, -265, 348, 946, 131, 512, 488, 341, 483, 
-122, 287, 409, -82, -265, 348, 956, 131, 512, 497, 351, 473, 
-122, 287, 409, -82, -265, 348, 956, 131, 512, 497, 351, 473, 
-122, 287, 409, -82, -265, 348, 956, 131, 512, 497, 351, 473, 
-122, 287, 409, -82, -265, 348, 961, 131, 512, 497, 351, 473, 
-117, 287, 405, -85, -261, 346, 961, 131, 522, 497, 351, 483, 
-117, 287, 405, -85, -261, 346, 956, 131, 522, 497, 351, 483, 
-117, 287, 405, -85, -261, 346, 956, 131, 522, 497, 351, 483, 
-117, 287, 405, -85, -261, 346, 956, 136, 527, 502, 351, 483, 
-112, 292, 405, -90, -258, 348, 956, 126, 527, 497, 361, 483, 
-107, 297, 405, -95, -256, 351, 956, 126, 527, 497, 361, 488, 
-102, 302, 405, -100, -253, 353, 956, 126, 527, 497, 361, 488, 
-97, 307, 405, -104, -251, 356, 956, 126, 527, 497, 361, 483, 
-87, 307, 395, -109, -241, 351, 966, 136, 531, 507, 361, 483, 
-87, 307, 395, -109, -241, 351, 980, 151, 551, 517, 370, 492, 
-107, 297, 405, -95, -256, 351, 980, 151, 556, 507, 361, 483, 
-131, 278, 409, -73, -270, 344, 985, 151, 561, 492, 331, 458, 
-136, 278, 414, -70, -275, 346, 1000, 161, 570, 478, 312, 439, 
-131, 283, 414, -75, -273, 348, 1019, 180, 595, 488, 307, 439, 
-131, 302, 434, -85, -283, 368, 1034, 219, 634, 522, 326, 439, 
-126, 322, 448, -97, -287, 385, 1039, 263, 673, 580, 366, 448, 
-107, 331, 439, -112, -273, 385, 1063, 312, 722, 634, 409, 468, 
-82, 326, 409, -122, -246, 368, 1078, 385, 751, 702, 463, 483, 
-39, 326, 366, -143, -202, 346, 1083, 488, 795, 810, 546, 522, 
19, 322, 302, -170, -141, 312, 1107, 634, 844, 941, 653, 580, 
92, 336, 244, -214, -75, 290, 1112, 780, 902, 1088, 775, 644, 
165, 385, 219, -275, -26, 302, 1068, 878, 936, 1254, 932, 756, 
268, 478, 209, -373, 29, 344, 995, 907, 927, 1439, 1137, 912, 
375, 605, 229, -490, 73, 417, 878, 888, 858, 1615, 1361, 1098, 
507, 761, 253, -634, 126, 507, 702, 819, 775, 1786, 1610, 1307, 
649, 961, 312, -805, 168, 636, 527, 732, 707, 1937, 1839, 1522, 
756, 1112, 356, -934, 200, 734, 395, 673, 639, 2025, 1995, 1688, 
800, 1190, 390, -995, 204, 790, 297, 610, 546, 2010, 2039, 1781, 
805, 1220, 414, -1012, 195, 817, 229, 512, 434, 1873, 1986, 1810, 
775, 1190, 414, -983, 180, 802, 219, 370, 326, 1654, 1834, 1781, 
697, 1122, 424, -910, 136, 773, 244, 117, 209, 1390, 1620, 1708, 
590, 1063, 473, -827, 58, 768, 224, -229, 48, 1098, 1390, 1615, 
473, 990, 517, -732, -21, 753, 234, -507, -107, 780, 1166, 1503, 
351, 868, 517, -610, -82, 692, 292, -722, -253, 405, 883, 1366, 
219, 746, 527, -483, -153, 636, 341, -917, -424, 39, 580, 1195, 
117, 658, 541, -387, -212, 600, 385, -1005, -556, -204, 361, 1054, 
58, 575, 517, -317, -229, 546, 424, -971, -614, -292, 248, 941, 
4, 512, 507, -258, -251, 509, 419, -932, -644, -312, 165, 858, 
-19, 483, 502, -231, -261, 492, 409, -868, -629, -302, 126, 795, 
9, 488, 478, -248, -234, 483, 409, -761, -556, -229, 141, 771, 
19, 517, 497, -268, -239, 507, 444, -629, -409, -126, 175, 751, 
19, 541, 522, -280, -251, 531, 512, -488, -253, -9, 219, 736, 
19, 541, 522, -280, -251, 531, 570, -361, -107, 102, 268, 732, 
24, 522, 497, -273, -236, 509, 614, -248, 0, 185, 302, 712, 
14, 512, 497, -263, -241, 505, 658, -180, 82, 239, 312, 692, 
14, 478, 463, -246, -224, 470, 702, -131, 156, 278, 317, 658, 
-19, 439, 458, -209, -239, 448, 751, -92, 224, 312, 317, 605, 
-39, 409, 448, -185, -244, 429, 785, -63, 283, 351, 326, 561, 
-39, 419, 458, -190, -248, 439, 819, -43, 356, 390, 346, 541, 
-39, 414, 453, -187, -246, 434, 844, -9, 419, 434, 375, 536, 
-53, 375, 429, -161, -241, 402, 863, 24, 448, 463, 370, 536, 
-53, 346, 400, -146, -226, 373, 878, 63, 473, 483, 370, 531, 
-58, 341, 400, -141, -229, 370, 902, 87, 483, 507, 380, 531, 
-58, 341, 400, -141, -229, 370, 917, 107, 483, 502, 370, 531, 
-53, 336, 390, -141, -222, 363, 927, 107, 492, 502, 370, 522, 
-73, 331, 405, -129, -239, 368, 936, 87, 497, 497, 361, 517, 
-82, 336, 419, -126, -251, 378, 936, 92, 497, 497, 356, 502, 
-73, 336, 409, -131, -241, 373, 932, 107, 507, 497, 366, 492, 
-82, 326, 409, -122, -246, 368, 956, 117, 522, 507, 361, 483, 
-87, 317, 405, -114, -246, 361, 946, 117, 522, 507, 361, 478, 
-87, 312, 400, -112, -244, 356, 941, 122, 522, 507, 361, 478, 
-87, 312, 400, -112, -244, 356, 941, 126, 531, 512, 361, 478, 
-78, 322, 400, -122, -239, 361, 946, 136, 536, 522, 361, 488, 
-73, 322, 395, -124, -234, 358, 951, 141, 536, 522, 361, 492, 
-68, 317, 385, -124, -226, 351, 956, 141, 536, 522, 361, 492, 
-63, 317, 380, -126, -222, 348, 956, 141, 536, 522, 361, 492, 
-68, 317, 385, -124, -226, 351, 956, 141, 541, 522, 370, 478, 
-68, 317, 385, -124, -226, 351, 961, 141, 541, 527, 370, 478, 
-68, 312, 380, -122, -224, 346, 966, 141, 546, 527, 375, 478, 
-68, 312, 380, -122, -224, 346, 966, 141, 551, 531, 375, 478, 
-68, 317, 385, -124, -226, 351, 961, 146, 556, 522, 366, 478, 
-68, 322, 390, -126, -229, 356, 961, 151, 556, 527, 366, 483, 
-68, 322, 390, -126, -229, 356, 961, 151, 556, 527, 366, 483, 
-68, 322, 390, -126, -229, 356, 956, 146, 556, 527, 366, 483, 
-73, 322, 395, -124, -234, 358, 956, 146, 551, 536, 380, 483, 
-73, 317, 390, -122, -231, 353, 956, 146, 551, 541, 380, 483, 
-73, 317, 390, -122, -231, 353, 956, 151, 556, 541, 380, 483, 
-73, 322, 395, -124, -234, 358, 961, 151, 561, 546, 385, 483, 
-82, 331, 414, -124, -248, 373, 951, 151, 551, 536, 385, 483, 
-82, 331, 414, -124, -248, 373, 951, 146, 556, 536, 385, 483, 
-78, 331, 409, -126, -244, 370, 951, 146, 556, 536, 385, 483, 
-78, 331, 409, -126, -244, 370, 951, 151, 561, 536, 385, 483, 
-73, 322, 395, -124, -234, 358, 961, 151, 561, 546, 390, 483, 
-73, 322, 395, -124, -234, 358, 961, 151, 556, 551, 390, 488, 
-68, 322, 390, -126, -229, 356, 961, 151, 556, 551, 390, 488, 
-63, 326, 390, -131, -226, 358, 961, 151, 561, 556, 395, 488, 
-53, 341, 395, -143, -224, 368, 951, 146, 575, 561, 390, 497, 
-53, 341, 395, -143, -224, 368, 951, 151, 575, 561, 390, 497, 
-58, 341, 400, -141, -229, 370, 951, 151, 570, 561, 390, 497, 
-63, 341, 405, -139, -234, 373, 951, 151, 570, 561, 395, 497, 
-63, 336, 400, -136, -231, 368, 951, 151, 561, 561, 395, 497, 
-58, 341, 400, -141, -229, 370, 951, 151, 561, 561, 395, 497, 
-58, 341, 400, -141, -229, 370, 951, 151, 570, 566, 395, 497, 
-53, 341, 395, -143, -224, 368, 951, 151, 570, 566, 395, 497, 
-48, 341, 390, -146, -219, 366, 951, 161, 580, 566, 400, 497, 
-53, 341, 395, -143, -224, 368, 951, 161, 580, 575, 400, 497, 
-58, 336, 395, -139, -226, 366, 951, 165, 580, 575, 400, 497, 
-63, 331, 395, -134, -229, 363, 951, 165, 580, 575, 405, 497, 
-58, 331, 390, -136, -224, 361, 951, 165, 580, 575, 405, 497, 
-58, 336, 395, -139, -226, 366, 951, 165, 580, 580, 409, 497, 
-53, 341, 395, -143, -224, 368, 946, 165, 580, 580, 409, 497, 
-53, 346, 400, -146, -226, 373, 941, 165, 580, 585, 409, 502, 
-43, 356, 400, -156, -222, 378, 941, 161, 585, 575, 419, 502, 
-43, 361, 405, -158, -224, 383, 941, 161, 585, 575, 419, 497, 
-43, 361, 405, -158, -224, 383, 941, 165, 585, 580, 419, 497, 
-43, 361, 405, -158, -224, 383, 941, 170, 585, 585, 429, 507, 
-43, 366, 409, -161, -226, 387, 951, 180, 590, 600, 429, 517, 
-43, 370, 414, -163, -229, 392, 951, 180, 595, 605, 434, 527, 
-43, 375, 419, -165, -231, 397, 951, 180, 595, 610, 434, 527, 
-34, 380, 414, -173, -224, 397, 951, 180, 595, 610, 444, 531, 
-34, 380, 414, -173, -224, 397, 951, 180, 605, 610, 439, 522, 
-34, 385, 419, -175, -226, 402, 951, 180, 605, 610, 439, 522, 
-34, 385, 419, -175, -226, 402, 951, 180, 605, 614, 444, 522, 
-24, 390, 414, -183, -219, 402, 951, 185, 605, 619, 448, 522, 
-24, 395, 419, -185, -222, 407, 951, 185, 619, 629, 458, 531, 
-24, 395, 419, -185, -222, 407, 951, 190, 619, 634, 453, 536, 
-24, 400, 424, -187, -224, 412, 951, 195, 629, 639, 453, 546, 
-24, 405, 429, -190, -226, 417, 951, 200, 629, 644, 463, 546, 
-29, 395, 424, -183, -226, 409, 941, 190, 619, 649, 468, 546, 
-34, 395, 429, -180, -231, 412, 941, 190, 619, 649, 473, 546, 
-34, 395, 429, -180, -231, 412, 941, 190, 629, 658, 478, 546, 
-39, 405, 444, -183, -241, 424, 941, 195, 629, 663, 478, 551, 
-34, 409, 444, -187, -239, 427, 932, 204, 629, 653, 483, 556, 
-34, 414, 448, -190, -241, 431, 932, 204, 634, 658, 488, 556, 
-34, 414, 448, -190, -241, 431, 927, 204, 639, 663, 492, 556, 
-39, 419, 458, -190, -248, 439, 927, 204, 639, 668, 497, 561, 
-34, 424, 458, -195, -246, 441, 927, 214, 644, 683, 502, 566, 
-29, 424, 453, -197, -241, 439, 927, 214, 644, 688, 502, 570, 
-19, 424, 444, -202, -231, 434, 932, 219, 653, 688, 507, 570, 
-14, 434, 448, -209, -231, 441, 936, 219, 653, 688, 512, 570, 
-19, 439, 458, -209, -239, 448, 941, 224, 658, 692, 527, 580, 
-14, 444, 458, -214, -236, 451, 941, 224, 658, 697, 531, 580, 
-14, 448, 463, -217, -239, 456, 941, 224, 663, 702, 531, 590, 
-9, 448, 458, -219, -234, 453, 941, 224, 668, 707, 536, 590, 
4, 458, 453, -231, -224, 456, 932, 234, 673, 712, 541, 600, 
14, 478, 463, -246, -224, 470, 932, 239, 678, 717, 546, 605, 
19, 483, 463, -251, -222, 473, 927, 239, 678, 722, 551, 605, 
14, 488, 473, -251, -229, 480, 927, 239, 678, 727, 551, 614, 
4, 483, 478, -244, -236, 480, 936, 239, 683, 732, 546, 605, 
9, 488, 478, -248, -234, 483, 932, 234, 683, 732, 551, 610, 
14, 492, 478, -253, -231, 485, 932, 234, 688, 732, 556, 610, 
14, 497, 483, -256, -234, 490, 932, 234, 688, 732, 561, 610, 
14, 488, 473, -251, -229, 480, 922, 224, 688, 736, 570, 614, 
14, 497, 483, -256, -234, 490, 922, 224, 688, 741, 570, 624, 
9, 502, 492, -256, -241, 497, 922, 224, 692, 741, 570, 624, 
9, 502, 492, -256, -241, 497, 917, 224, 692, 741, 575, 624, 
24, 512, 488, -268, -231, 500, 927, 224, 692, 746, 575, 624, 
24, 517, 492, -270, -234, 505, 927, 224, 692, 746, 580, 629, 
24, 517, 492, -270, -234, 505, 927, 219, 692, 746, 580, 629, 
29, 522, 492, -275, -231, 507, 927, 219, 692, 746, 580, 634, 
19, 522, 502, -270, -241, 512, 912, 219, 678, 746, 580, 624, 
19, 522, 502, -270, -241, 512, 912, 209, 678, 741, 580, 624, 
24, 527, 502, -275, -239, 514, 912, 204, 678, 741, 580, 624, 
24, 531, 507, -278, -241, 519, 912, 204, 678, 741, 580, 629, 
39, 536, 497, -287, -229, 517, 912, 204, 692, 751, 580, 639, 
39, 536, 497, -287, -229, 517, 912, 200, 692, 751, 580, 644, 
34, 536, 502, -285, -234, 519, 907, 195, 692, 751, 585, 649, 
34, 536, 502, -285, -234, 519, 902, 195, 692, 751, 585, 653, 
24, 541, 517, -283, -246, 529, 912, 195, 697, 751, 585, 658, 
29, 541, 512, -285, -241, 527, 907, 185, 697, 751, 585, 658, 
29, 546, 517, -287, -244, 531, 907, 180, 697, 751, 585, 663, 
29, 546, 517, -287, -244, 531, 907, 180, 697, 751, 585, 663, 
39, 546, 507, -292, -234, 527, 902, 175, 688, 741, 585, 653, 
39, 546, 507, -292, -234, 527, 902, 175, 688, 736, 590, 653, 
43, 546, 502, -295, -229, 524, 902, 180, 688, 736, 590, 653, 
43, 551, 507, -297, -231, 529, 902, 180, 688, 736, 590, 658, 
34, 546, 512, -290, -239, 529, 893, 175, 678, 732, 590, 668, 
34, 541, 507, -287, -236, 524, 893, 175, 678, 732, 590, 668, 
34, 531, 497, -283, -231, 514, 897, 175, 683, 732, 590, 668, 
39, 527, 488, -283, -224, 507, 902, 175, 683, 732, 585, 663, 
43, 527, 483, -285, -219, 505, 902, 170, 683, 727, 585, 653, 
43, 527, 483, -285, -219, 505, 902, 165, 683, 727, 580, 649, 
39, 522, 483, -280, -222, 502, 902, 161, 683, 717, 575, 649, 
39, 517, 478, -278, -219, 497, 902, 161, 673, 712, 566, 644, 
29, 522, 492, -275, -231, 507, 902, 161, 663, 697, 561, 629, 
29, 512, 483, -270, -226, 497, 902, 161, 663, 692, 561, 629, 
29, 512, 483, -270, -226, 497, 907, 161, 663, 692, 556, 629, 
29, 502, 473, -265, -222, 488, 912, 161, 663, 692, 551, 629, 
19, 488, 468, -253, -224, 478, 912, 161, 663, 688, 541, 619, 
14, 478, 463, -246, -224, 470, 912, 161, 658, 683, 536, 614, 
9, 473, 463, -241, -226, 468, 912, 156, 653, 673, 527, 614, 
0, 458, 458, -229, -229, 458, 917, 156, 644, 663, 522, 610, 
0, 453, 453, -226, -226, 453, 917, 146, 644, 663, 517, 605, 
0, 448, 448, -224, -224, 448, 917, 141, 639, 653, 502, 600, 
0, 439, 439, -219, -219, 439, 922, 141, 634, 649, 497, 595, 
-4, 429, 434, -212, -219, 431, 927, 141, 634, 644, 497, 590, 
4, 429, 424, -217, -209, 427, 917, 131, 619, 624, 488, 595, 
0, 429, 429, -214, -214, 429, 922, 131, 614, 619, 478, 590, 
0, 424, 424, -212, -212, 424, 922, 131, 610, 610, 478, 585, 
-9, 419, 429, -204, -219, 424, 917, 131, 605, 605, 473, 575, 
-9, 414, 424, -202, -217, 419, 917, 126, 610, 614, 468, 575, 
-4, 409, 414, -202, -209, 412, 927, 126, 610, 610, 458, 570, 
-4, 400, 405, -197, -204, 402, 932, 126, 610, 605, 458, 566, 
-9, 400, 409, -195, -209, 405, 932, 126, 605, 605, 453, 566, 
-4, 395, 400, -195, -202, 397, 932, 117, 590, 590, 463, 561, 
-4, 395, 400, -195, -202, 397, 932, 117, 590, 585, 458, 561, 
-4, 385, 390, -190, -197, 387, 932, 117, 590, 585, 453, 561, 
-4, 385, 390, -190, -197, 387, 936, 122, 590, 585, 453, 561, 
-9, 390, 400, -190, -204, 395, 936, 122, 595, 590, 448, 561, 
-14, 390, 405, -187, -209, 397, 932, 117, 590, 585, 444, 561, 
-14, 390, 405, -187, -209, 397, 932, 117, 580, 580, 444, 556, 
-9, 390, 400, -190, -204, 395, 936, 117, 580, 580, 444, 556, 
-14, 380, 395, -183, -204, 387, 936, 112, 585, 580, 439, 546, 
-19, 380, 400, -180, -209, 390, 936, 117, 590, 580, 439, 551, 
-24, 375, 400, -175, -212, 387, 941, 117, 590, 580, 439, 551, 
-29, 375, 405, -173, -217, 390, 941, 107, 580, 580, 439, 546, 
-14, 375, 390, -180, -202, 383, 936, 107, 580, 580, 439, 546, 
-14, 375, 390, -180, -202, 383, 936, 107, 580, 575, 439, 546, 
-14, 375, 390, -180, -202, 383, 936, 107, 580, 575, 439, 546, 
-14, 375, 390, -180, -202, 383, 936, 107, 585, 575, 439, 546, 
-14, 375, 390, -180, -202, 383, 936, 107, 585, 585, 439, 551, 
-14, 375, 390, -180, -202, 383, 936, 107, 585, 580, 439, 551, 
-14, 375, 390, -180, -202, 383, 936, 107, 585, 580, 439, 546, 
-14, 375, 390, -180, -202, 383, 936, 107, 585, 585, 439, 546, 
-4, 385, 390, -190, -197, 387, 946, 107, 575, 585, 439, 546, 
-4, 380, 385, -187, -195, 383, 946, 107, 575, 585, 439, 546, 
-4, 375, 380, -185, -192, 378, 946, 107, 575, 585, 439, 551, 
-4, 375, 380, -185, -192, 378, 941, 107, 575, 585, 439, 551, 
-14, 380, 395, -183, -204, 387, 941, 107, 585, 575, 439, 561, 
-14, 385, 400, -185, -207, 392, 946, 102, 585, 575, 439, 561, 
-14, 385, 400, -185, -207, 392, 951, 102, 585, 575, 439, 556, 
-14, 385, 400, -185, -207, 392, 951, 102, 585, 575, 439, 551, 
-9, 375, 385, -183, -197, 380, 941, 102, 585, 585, 444, 551, 
-4, 375, 380, -185, -192, 378, 941, 102, 585, 585, 444, 551, 
-4, 375, 380, -185, -192, 378, 941, 102, 590, 590, 444, 556, 
0, 375, 375, -187, -187, 375, 941, 102, 590, 590, 444, 556, 
0, 375, 375, -187, -187, 375, 936, 107, 580, 580, 444, 556, 
-4, 375, 380, -185, -192, 378, 936, 107, 575, 580, 444, 556, 
-9, 370, 380, -180, -195, 375, 936, 107, 575, 580, 444, 556, 
-14, 370, 385, -178, -200, 378, 941, 107, 575, 580, 444, 556, 
-14, 380, 395, -183, -204, 387, 951, 107, 585, 590, 453, 556, 
-14, 380, 395, -183, -204, 387, 946, 107, 585, 590, 453, 556, 
-14, 380, 395, -183, -204, 387, 946, 107, 585, 590, 453, 556, 
-14, 380, 395, -183, -204, 387, 946, 107, 585, 590, 453, 556, 
-9, 366, 375, -178, -192, 370, 936, 107, 585, 590, 453, 556, 
-4, 366, 370, -180, -187, 368, 936, 107, 585, 590, 453, 556, 
0, 366, 366, -183, -183, 366, 936, 107, 580, 590, 453, 556, 
4, 366, 361, -185, -178, 363, 936, 107, 580, 590, 453, 556, 
-4, 356, 361, -175, -183, 358, 936, 107, 570, 590, 444, 546, 
-4, 356, 361, -175, -183, 358, 941, 107, 570, 590, 444, 546, 
-9, 356, 366, -173, -187, 361, 941, 107, 570, 590, 444, 546, 
-9, 356, 366, -173, -187, 361, 941, 107, 570, 590, 444, 546, 
4, 361, 356, -183, -175, 358, 946, 107, 570, 600, 453, 551, 
4, 366, 361, -185, -178, 363, 946, 107, 575, 600, 453, 551, 
4, 370, 366, -187, -180, 368, 946, 107, 575, 600, 453, 551, 
4, 375, 370, -190, -183, 373, 941, 107, 575, 600, 453, 551, 
4, 375, 370, -190, -183, 373, 941, 107, 575, 595, 453, 551, 
4, 370, 366, -187, -180, 368, 941, 107, 570, 590, 453, 551, 
4, 370, 366, -187, -180, 368, 941, 107, 570, 585, 448, 551, 
0, 366, 366, -183, -183, 366, 941, 107, 570, 580, 448, 551, 
-9, 356, 366, -173, -187, 361, 946, 107, 570, 585, 448, 541, 
-9, 356, 366, -173, -187, 361, 946, 107, 570, 585, 448, 541, 
-9, 361, 370, -175, -190, 366, 946, 102, 570, 585, 448, 536, 
-9, 361, 370, -175, -190, 366, 946, 102, 570, 585, 444, 536, 
0, 366, 366, -183, -183, 366, 946, 92, 570, 575, 444, 541, 
-4, 366, 370, -180, -187, 368, 941, 92, 570, 575, 444, 541, 
-9, 361, 370, -175, -190, 366, 941, 92, 575, 570, 444, 541, 
-9, 361, 370, -175, -190, 366, 941, 92, 575, 570, 444, 541, 
-9, 361, 370, -175, -190, 366, 941, 102, 566, 570, 444, 541, 
-9, 356, 366, -173, -187, 361, 946, 102, 566, 570, 439, 541, 
-14, 341, 356, -163, -185, 348, 946, 102, 561, 566, 439, 541, 
-14, 326, 341, -156, -178, 334, 946, 97, 561, 566, 439, 541, 
0, 341, 341, -170, -170, 341, 946, 102, 570, 575, 439, 541, 
0, 351, 351, -175, -175, 351, 946, 102, 570, 575, 439, 541, 
0, 356, 356, -178, -178, 356, 946, 102, 570, 575, 434, 531, 
0, 356, 356, -178, -178, 356, 946, 97, 570, 575, 434, 531, 
-9, 356, 366, -173, -187, 361, 936, 87, 556, 566, 429, 536, 
-4, 356, 361, -175, -183, 358, 936, 87, 556, 561, 429, 536, 
-4, 356, 361, -175, -183, 358, 936, 92, 556, 561, 429, 536, 
-4, 356, 361, -175, -183, 358, 936, 92, 556, 561, 429, 531, 
0, 346, 346, -173, -173, 346, 936, 87, 556, 570, 424, 527, 
0, 341, 341, -170, -170, 341, 936, 87, 556, 566, 424, 527, 
0, 341, 341, -170, -170, 341, 936, 87, 556, 566, 424, 527, 
4, 336, 331, -170, -163, 334, 936, 87, 556, 566, 419, 527, 
4, 346, 341, -175, -168, 344, 946, 87, 566, 566, 419, 536, 
4, 351, 346, -178, -170, 348, 951, 87, 561, 566, 424, 536, 
4, 351, 346, -178, -170, 348, 951, 87, 561, 566, 424, 536, 
4, 351, 346, -178, -170, 348, 951, 87, 561, 566, 424, 531, 
4, 351, 346, -178, -170, 348, 951, 87, 551, 556, 414, 522, 
4, 351, 346, -178, -170, 348, 951, 92, 551, 556, 409, 527, 
4, 346, 341, -175, -168, 344, 951, 92, 551, 556, 409, 527, 
4, 346, 341, -175, -168, 344, 951, 92, 551, 556, 414, 527, 
-9, 336, 346, -163, -178, 341, 946, 82, 541, 556, 405, 517, 
-9, 331, 341, -161, -175, 336, 946, 78, 541, 556, 405, 517, 
-9, 326, 336, -158, -173, 331, 946, 78, 536, 556, 405, 517, 
-9, 326, 336, -158, -173, 331, 946, 78, 536, 551, 405, 517, 
0, 341, 341, -170, -170, 341, 946, 78, 546, 561, 419, 522, 
0, 336, 336, -168, -168, 336, 946, 78, 546, 561, 419, 522, 
0, 336, 336, -168, -168, 336, 946, 78, 546, 561, 424, 527, 
0, 341, 341, -170, -170, 341, 946, 78, 546, 561, 429, 531, 
9, 331, 322, -170, -156, 326, 946, 87, 556, 561, 424, 531, 
9, 331, 322, -170, -156, 326, 946, 87, 556, 561, 419, 531, 
9, 331, 322, -170, -156, 326, 946, 87, 556, 561, 414, 531, 
9, 336, 326, -173, -158, 331, 956, 92, 561, 561, 409, 531, 
4, 331, 326, -168, -161, 329, 946, 82, 551, 561, 419, 531, 
0, 331, 331, -165, -165, 331, 946, 78, 551, 561, 419, 531, 
-4, 331, 336, -163, -170, 334, 941, 78, 551, 561, 419, 531, 
-14, 336, 351, -161, -183, 344, 941, 78, 551, 561, 419, 531, 
-4, 326, 331, -161, -168, 329, 941, 73, 541, 551, 419, 527, 
-4, 326, 331, -161, -168, 329, 946, 73, 541, 556, 414, 531, 
-4, 326, 331, -161, -168, 329, 946, 73, 546, 556, 409, 531, 
0, 326, 326, -163, -163, 326, 946, 73, 546, 556, 405, 536, 
4, 336, 331, -170, -163, 334, 946, 78, 546, 551, 400, 527, 
4, 341, 336, -173, -165, 339, 946, 78, 551, 556, 405, 527, 
4, 346, 341, -175, -168, 344, 946, 78, 556, 561, 409, 527, 
4, 356, 351, -180, -173, 353, 946, 78, 561, 561, 409, 527, 
-4, 356, 361, -175, -183, 358, 946, 78, 556, 566, 419, 531, 
-4, 356, 361, -175, -183, 358, 946, 78, 556, 566, 419, 531, 
-4, 346, 351, -170, -178, 348, 946, 78, 556, 570, 419, 531, 
-4, 336, 341, -165, -173, 339, 946, 78, 566, 570, 419, 531, 
4, 351, 346, -178, -170, 348, 941, 73, 575, 580, 429, 541, 
4, 356, 351, -180, -173, 353, 941, 73, 575, 580, 429, 541, 
9, 366, 356, -187, -173, 361, 941, 73, 575, 585, 434, 551, 
9, 370, 361, -190, -175, 366, 941, 73, 580, 585, 444, 551, 
19, 375, 356, -197, -168, 366, 946, 73, 590, 600, 444, 551, 
19, 380, 361, -200, -170, 370, 946, 73, 590, 600, 439, 551, 
24, 385, 361, -204, -168, 373, 951, 73, 595, 595, 439, 556, 
24, 395, 370, -209, -173, 383, 956, 73, 600, 590, 439, 561, 
19, 385, 366, -202, -173, 375, 956, 68, 590, 600, 444, 551, 
14, 385, 370, -200, -178, 378, 956, 68, 590, 600, 448, 546, 
9, 385, 375, -197, -183, 380, 951, 68, 590, 600, 453, 546, 
14, 385, 370, -200, -178, 378, 951, 73, 590, 600, 458, 546, 
24, 409, 385, -217, -180, 397, 961, 82, 610, 600, 458, 556, 
39, 419, 380, -229, -170, 400, 961, 82, 610, 600, 448, 556, 
19, 405, 385, -212, -183, 395, 951, 82, 614, 600, 458, 556, 
9, 390, 380, -200, -185, 385, 946, 87, 605, 595, 448, 556, 
19, 390, 370, -204, -175, 380, 936, 78, 605, 605, 458, 556, 
19, 390, 370, -204, -175, 380, 936, 78, 605, 605, 458, 556, 
19, 390, 370, -204, -175, 380, 936, 78, 605, 605, 458, 556, 
19, 390, 370, -204, -175, 380, 936, 78, 605, 605, 458, 556, 
19, 390, 370, -204, -175, 380, 946, 78, 605, 600, 458, 551, 
19, 390, 370, -204, -175, 380, 941, 78, 600, 600, 458, 551, 
19, 390, 370, -204, -175, 380, 941, 78, 595, 605, 458, 551, 
24, 390, 366, -207, -170, 378, 936, 78, 595, 605, 458, 551, 
48, 390, 341, -219, -146, 366, 927, 78, 595, 595, 458, 556, 
39, 390, 351, -214, -156, 370, 927, 78, 595, 595, 458, 556, 
39, 385, 346, -212, -153, 366, 927, 78, 590, 595, 458, 556, 
39, 380, 341, -209, -151, 361, 927, 78, 580, 590, 458, 551, 
43, 380, 336, -212, -146, 358, 917, 73, 570, 590, 458, 551, 
43, 375, 331, -209, -143, 353, 917, 68, 566, 585, 458, 551, 
43, 370, 326, -207, -141, 348, 917, 63, 556, 580, 453, 551, 
43, 370, 326, -207, -141, 348, 912, 63, 551, 575, 453, 551, 
58, 380, 322, -219, -131, 351, 912, 63, 541, 575, 448, 551, 
58, 375, 317, -217, -129, 346, 912, 58, 536, 570, 448, 551, 
63, 370, 307, -217, -122, 339, 917, 58, 531, 570, 448, 551, 
63, 370, 307, -217, -122, 339, 922, 63, 531, 566, 448, 551, 
58, 356, 297, -207, -119, 326, 922, 68, 541, 575, 448, 541, 
53, 356, 302, -204, -124, 329, 922, 68, 541, 575, 448, 541, 
48, 356, 307, -202, -129, 331, 922, 68, 541, 570, 444, 541, 
43, 356, 312, -200, -134, 334, 927, 68, 546, 570, 439, 536, 
48, 351, 302, -200, -126, 326, 936, 58, 536, 561, 439, 536, 
29, 351, 322, -190, -146, 336, 936, 58, 541, 566, 439, 536, 
29, 341, 312, -185, -141, 326, 941, 58, 541, 566, 439, 536, 
24, 336, 312, -180, -143, 324, 941, 58, 541, 566, 439, 531, 
14, 331, 317, -173, -151, 324, 941, 58, 531, 556, 434, 527, 
14, 331, 317, -173, -151, 324, 941, 53, 522, 541, 424, 522, 
14, 326, 312, -170, -148, 319, 941, 53, 512, 536, 419, 522, 
9, 326, 317, -168, -153, 322, 946, 53, 512, 536, 419, 522, 
19, 326, 307, -173, -143, 317, 936, 58, 517, 546, 419, 522, 
19, 317, 297, -168, -139, 307, 936, 58, 522, 546, 419, 517, 
19, 312, 292, -165, -136, 302, 936, 53, 527, 541, 409, 517, 
14, 312, 297, -163, -141, 305, 941, 53, 522, 531, 405, 517, 
14, 307, 292, -161, -139, 300, 951, 48, 507, 536, 405, 517, 
14, 297, 283, -156, -134, 290, 951, 48, 507, 536, 405, 512, 
19, 292, 273, -156, -126, 283, 956, 53, 507, 536, 405, 507, 
19, 292, 273, -156, -126, 283, 961, 53, 512, 531, 405, 507, 
19, 297, 278, -158, -129, 287, 961, 58, 522, 531, 395, 507, 
19, 297, 278, -158, -129, 287, 956, 58, 522, 531, 395, 507, 
19, 297, 278, -158, -129, 287, 956, 53, 522, 531, 395, 507, 
14, 297, 283, -156, -134, 290, 956, 53, 517, 531, 395, 507, 
0, 287, 287, -143, -143, 287, 946, 53, 512, 522, 395, 497, 
-9, 273, 283, -131, -146, 278, 951, 53, 507, 517, 390, 497, 
-9, 268, 278, -129, -143, 273, 951, 53, 502, 517, 390, 497, 
4, 268, 263, -136, -129, 265, 951, 53, 497, 522, 395, 492, 
14, 278, 263, -146, -124, 270, 961, 53, 497, 531, 395, 502, 
14, 278, 263, -146, -124, 270, 961, 53, 502, 531, 390, 507, 
14, 278, 263, -146, -124, 270, 961, 53, 507, 527, 390, 507, 
14, 278, 263, -146, -124, 270, 956, 53, 517, 522, 390, 507, 
24, 283, 258, -153, -117, 270, 956, 53, 507, 522, 390, 497, 
24, 283, 258, -153, -117, 270, 961, 53, 502, 527, 390, 497, 
24, 283, 258, -153, -117, 270, 961, 53, 502, 527, 390, 497, 
24, 283, 258, -153, -117, 270, 961, 53, 502, 527, 390, 497, 
24, 273, 248, -148, -112, 261, 951, 53, 507, 527, 400, 502, 
19, 268, 248, -143, -114, 258, 956, 53, 507, 527, 400, 502, 
19, 268, 248, -143, -114, 258, 956, 53, 507, 527, 395, 502, 
24, 268, 244, -146, -109, 256, 956, 53, 502, 527, 395, 502, 
24, 273, 248, -148, -112, 261, 961, 53, 502, 517, 395, 492, 
24, 273, 248, -148, -112, 261, 961, 53, 507, 522, 395, 497, 
24, 278, 253, -151, -114, 265, 961, 53, 507, 522, 395, 497, 
24, 283, 258, -153, -117, 270, 961, 53, 507, 522, 395, 497, 
34, 283, 248, -158, -107, 265, 961, 53, 507, 531, 395, 502, 
29, 283, 253, -156, -112, 268, 961, 53, 507, 531, 400, 502, 
29, 283, 253, -156, -112, 268, 966, 48, 507, 527, 400, 502, 
29, 283, 253, -156, -112, 268, 966, 48, 507, 527, 400, 502, 
19, 273, 253, -146, -117, 263, 956, 53, 507, 527, 390, 497, 
24, 278, 253, -151, -114, 265, 956, 53, 502, 527, 390, 497, 
24, 278, 253, -151, -114, 265, 956, 53, 502, 527, 390, 497, 
24, 278, 253, -151, -114, 265, 956, 53, 502, 527, 390, 497, 
24, 273, 248, -148, -112, 261, 966, 53, 512, 527, 400, 502, 
24, 273, 248, -148, -112, 261, 966, 53, 512, 527, 400, 502, 
24, 273, 248, -148, -112, 261, 966, 53, 512, 527, 400, 502, 
24, 278, 253, -151, -114, 265, 966, 53, 512, 527, 400, 502, 
24, 287, 263, -156, -119, 275, 966, 53, 512, 527, 400, 502, 
24, 287, 263, -156, -119, 275, 966, 53, 512, 527, 400, 502, 
24, 287, 263, -156, -119, 275, 966, 53, 512, 527, 400, 502, 
24, 287, 263, -156, -119, 275, 971, 53, 512, 527, 400, 502, 
29, 278, 248, -153, -109, 263, 971, 53, 512, 527, 400, 502, 
29, 278, 248, -153, -109, 263, 966, 53, 512, 527, 400, 502, 
29, 278, 248, -153, -109, 263, 966, 53, 512, 527, 400, 502, 
29, 278, 248, -153, -109, 263, 966, 58, 517, 531, 400, 502, 
29, 278, 248, -153, -109, 263, 966, 48, 517, 536, 400, 502, 
29, 278, 248, -153, -109, 263, 966, 48, 517, 536, 400, 507, 
29, 278, 248, -153, -109, 263, 966, 48, 517, 536, 400, 507, 
29, 278, 248, -153, -109, 263, 966, 48, 517, 536, 400, 502, 
29, 287, 258, -158, -114, 273, 966, 58, 522, 536, 409, 512, 
29, 287, 258, -158, -114, 273, 971, 53, 531, 536, 409, 512, 
19, 287, 268, -153, -124, 278, 971, 53, 536, 536, 400, 502, 
24, 278, 253, -151, -114, 265, 976, 63, 541, 531, 390, 488, 
19, 278, 258, -148, -119, 268, 990, 63, 551, 517, 370, 468, 
4, 283, 278, -143, -136, 280, 1010, 82, 575, 517, 346, 458, 
4, 283, 278, -143, -136, 280, 1034, 112, 614, 541, 356, 458, 
9, 302, 292, -156, -141, 297, 1049, 165, 663, 590, 395, 478, 
19, 302, 283, -161, -131, 292, 1063, 204, 702, 634, 429, 488, 
24, 297, 273, -161, -124, 285, 1078, 258, 722, 692, 463, 492, 
58, 307, 248, -183, -95, 278, 1102, 361, 766, 780, 536, 531, 
126, 302, 175, -214, -24, 239, 1117, 507, 805, 893, 644, 590, 
190, 307, 117, -248, 36, 212, 1122, 653, 854, 1029, 746, 653, 
263, 346, 82, -305, 90, 214, 1107, 780, 897, 1205, 893, 736, 
346, 419, 73, -383, 136, 246, 1044, 839, 907, 1381, 1088, 873, 
444, 517, 73, -480, 185, 295, 936, 839, 858, 1556, 1293, 1039, 
595, 663, 68, -629, 263, 366, 771, 790, 785, 1727, 1522, 1239, 
766, 863, 97, -814, 334, 480, 605, 732, 717, 1888, 1761, 1464, 
883, 1015, 131, -949, 375, 573, 463, 673, 658, 1995, 1937, 1649, 
936, 1112, 175, -1024, 380, 644, 366, 619, 575, 2010, 2020, 1761, 
980, 1161, 180, -1071, 400, 671, 287, 551, 473, 1922, 2005, 1820, 
961, 1151, 190, -1056, 385, 671, 258, 429, 346, 1732, 1873, 1800, 
883, 1073, 190, -978, 346, 631, 263, 204, 219, 1468, 1668, 1727, 
775, 995, 219, -885, 278, 607, 253, -131, 78, 1185, 1459, 1644, 
668, 951, 283, -810, 192, 617, 234, -458, -68, 897, 1254, 1551, 
546, 868, 322, -707, 112, 595, 283, -692, -214, 561, 1010, 1424, 
424, 736, 312, -580, 56, 524, 331, -907, -385, 185, 717, 1273, 
322, 639, 317, -480, 2, 478, 366, -1063, -527, -117, 458, 1132, 
253, 556, 302, -405, -24, 429, 405, -1068, -605, -244, 307, 1019, 
200, 492, 292, -346, -46, 392, 429, -1019, -624, -283, 234, 927, 
146, 453, 307, -300, -80, 380, 419, -976, -639, -283, 175, 854, 
136, 439, 302, -287, -82, 370, 419, -868, -595, -219, 180, 810, 
156, 478, 322, -317, -82, 400, 444, -736, -468, -117, 224, 800, 
165, 522, 356, -344, -95, 439, 502, -605, -312, 9, 268, 785, 
156, 531, 375, -344, -109, 453, 561, -478, -156, 131, 317, 771, 
151, 522, 370, -336, -109, 446, 605, -366, -39, 214, 351, 751, 
161, 502, 341, -331, -90, 422, 649, -278, 53, 268, 370, 741, 
170, 497, 326, -334, -78, 412, 702, -219, 146, 317, 375, 717, 
156, 468, 312, -312, -78, 390, 751, -161, 214, 351, 375, 673, 
126, 419, 292, -273, -82, 356, 795, -131, 283, 380, 375, 619, 
107, 400, 292, -253, -92, 346, 839, -112, 336, 419, 385, 590, 
87, 395, 307, -241, -109, 351, 854, -97, 390, 453, 405, 575, 
82, 375, 292, -229, -104, 334, 873, -63, 419, 483, 419, 556, 
82, 366, 283, -224, -100, 324, 888, -24, 444, 512, 429, 561, 
87, 351, 263, -219, -87, 307, 902, 0, 463, 527, 429, 561, 
68, 331, 263, -200, -97, 297, 917, 0, 473, 531, 419, 561, 
73, 326, 253, -200, -90, 290, 927, 9, 483, 531, 419, 561, 
73, 331, 258, -202, -92, 295, 946, 19, 497, 536, 419, 556, 
73, 317, 244, -195, -85, 280, 946, 24, 517, 536, 414, 551, 
53, 307, 253, -180, -100, 280, 961, 29, 527, 546, 405, 541, 
53, 317, 263, -185, -104, 290, 976, 39, 522, 546, 409, 522, 
48, 307, 258, -178, -104, 283, 966, 39, 522, 546, 409, 517, 
48, 302, 253, -175, -102, 278, 961, 43, 522, 546, 409, 517, 
48, 302, 253, -175, -102, 278, 961, 48, 531, 551, 409, 517, 
63, 302, 239, -183, -87, 270, 961, 48, 527, 551, 409, 507, 
63, 302, 239, -183, -87, 270, 961, 53, 527, 551, 409, 512, 
63, 297, 234, -180, -85, 265, 961, 53, 527, 551, 409, 512, 
63, 297, 234, -180, -85, 265, 956, 53, 527, 551, 409, 512, 
48, 297, 248, -173, -100, 273, 961, 63, 541, 551, 409, 517, 
48, 297, 248, -173, -100, 273, 971, 63, 541, 556, 409, 517, 
48, 292, 244, -170, -97, 268, 980, 63, 546, 556, 414, 517, 
48, 292, 244, -170, -97, 268, 985, 63, 551, 561, 414, 517, 
58, 297, 239, -178, -90, 268, 980, 68, 556, 570, 414, 507, 
58, 302, 244, -180, -92, 273, 980, 73, 556, 575, 414, 512, 
58, 302, 244, -180, -92, 273, 980, 73, 556, 575, 414, 512, 
58, 302, 244, -180, -92, 273, 976, 68, 556, 575, 414, 512, 
53, 292, 239, -173, -92, 265, 966, 68, 551, 566, 419, 512, 
53, 287, 234, -170, -90, 261, 966, 68, 551, 570, 419, 512, 
53, 287, 234, -170, -90, 261, 966, 73, 556, 570, 419, 512, 
53, 292, 239, -173, -92, 265, 971, 73, 561, 575, 424, 512, 
63, 302, 239, -183, -87, 270, 980, 73, 561, 585, 424, 522, 
63, 302, 239, -183, -87, 270, 980, 68, 566, 585, 424, 522, 
68, 302, 234, -185, -82, 268, 980, 68, 566, 585, 424, 522, 
68, 302, 234, -185, -82, 268, 980, 73, 570, 585, 424, 522, 
63, 312, 248, -187, -92, 280, 971, 73, 570, 585, 439, 522, 
63, 312, 248, -187, -92, 280, 971, 73, 566, 590, 439, 527, 
68, 312, 244, -190, -87, 278, 971, 73, 566, 590, 439, 527, 
73, 317, 244, -195, -85, 280, 971, 73, 570, 595, 444, 527, 
78, 322, 244, -200, -82, 283, 971, 78, 575, 600, 439, 527, 
82, 322, 239, -202, -78, 280, 971, 82, 575, 600, 439, 527, 
82, 322, 239, -202, -78, 280, 971, 82, 570, 600, 439, 527, 
82, 322, 239, -202, -78, 280, 971, 82, 570, 600, 444, 527, 
73, 317, 244, -195, -85, 280, 971, 82, 570, 600, 444, 527, 
78, 322, 244, -200, -82, 283, 971, 82, 570, 600, 444, 527, 
78, 322, 244, -200, -82, 283, 971, 82, 580, 605, 444, 527, 
82, 322, 239, -202, -78, 280, 971, 82, 580, 605, 444, 527, 
92, 326, 234, -209, -70, 280, 971, 73, 570, 595, 439, 536, 
92, 331, 239, -212, -73, 285, 971, 73, 570, 605, 439, 536, 
92, 331, 239, -212, -73, 285, 971, 78, 570, 605, 439, 536, 
92, 331, 239, -212, -73, 285, 971, 78, 570, 605, 444, 536, 
78, 326, 248, -202, -85, 287, 971, 87, 580, 605, 453, 536, 
78, 326, 248, -202, -85, 287, 971, 87, 580, 610, 458, 536, 
82, 326, 244, -204, -80, 285, 966, 87, 580, 610, 458, 536, 
82, 326, 244, -204, -80, 285, 961, 87, 580, 614, 458, 541, 
82, 326, 244, -204, -80, 285, 971, 92, 585, 624, 458, 541, 
82, 331, 248, -207, -82, 290, 971, 92, 585, 624, 458, 536, 
82, 331, 248, -207, -82, 290, 971, 97, 585, 629, 458, 536, 
82, 331, 248, -207, -82, 290, 971, 102, 585, 634, 468, 546, 
92, 336, 244, -214, -75, 290, 961, 102, 590, 629, 468, 546, 
92, 341, 248, -217, -78, 295, 961, 102, 595, 634, 473, 556, 
92, 346, 253, -219, -80, 300, 961, 102, 595, 639, 473, 556, 
102, 351, 248, -226, -73, 300, 961, 102, 595, 639, 483, 561, 
102, 351, 248, -226, -73, 300, 971, 102, 605, 649, 488, 561, 
102, 356, 253, -229, -75, 305, 971, 102, 605, 649, 488, 561, 
102, 356, 253, -229, -75, 305, 971, 102, 605, 653, 492, 561, 
112, 361, 248, -236, -68, 305, 971, 107, 605, 658, 497, 561, 
107, 366, 258, -236, -75, 312, 971, 107, 610, 658, 497, 561, 
102, 366, 263, -234, -80, 314, 971, 112, 610, 663, 492, 566, 
97, 370, 273, -234, -87, 322, 971, 117, 619, 668, 492, 575, 
92, 375, 283, -234, -95, 329, 971, 122, 619, 673, 502, 575, 
102, 375, 273, -239, -85, 324, 971, 131, 619, 668, 507, 585, 
102, 375, 273, -239, -85, 324, 971, 131, 619, 668, 512, 585, 
107, 375, 268, -241, -80, 322, 971, 131, 629, 678, 517, 585, 
107, 385, 278, -246, -85, 331, 971, 136, 629, 683, 517, 590, 
112, 390, 278, -251, -82, 334, 971, 126, 639, 683, 522, 585, 
112, 395, 283, -253, -85, 339, 971, 126, 644, 688, 527, 585, 
112, 395, 283, -253, -85, 339, 966, 126, 649, 692, 531, 585, 
107, 400, 292, -253, -92, 346, 966, 126, 649, 697, 536, 590, 
117, 405, 287, -261, -85, 346, 961, 136, 653, 712, 541, 605, 
117, 405, 287, -261, -85, 346, 956, 136, 653, 717, 541, 610, 
122, 405, 283, -263, -80, 344, 956, 141, 663, 717, 546, 610, 
122, 414, 292, -268, -85, 353, 956, 141, 663, 717, 551, 610, 
126, 419, 292, -273, -82, 356, 961, 146, 668, 732, 566, 610, 
131, 424, 292, -278, -80, 358, 961, 146, 668, 736, 570, 610, 
131, 429, 297, -280, -82, 363, 961, 146, 673, 741, 570, 619, 
136, 429, 292, -283, -78, 361, 961, 146, 678, 746, 575, 619, 
146, 444, 297, -295, -75, 370, 961, 156, 683, 751, 580, 629, 
151, 458, 307, -305, -78, 383, 961, 161, 688, 756, 585, 634, 
151, 458, 307, -305, -78, 383, 956, 161, 688, 761, 590, 634, 
141, 458, 317, -300, -87, 387, 956, 161, 688, 766, 590, 644, 
141, 453, 312, -297, -85, 383, 956, 151, 683, 761, 585, 634, 
146, 458, 312, -302, -82, 385, 951, 146, 683, 761, 590, 639, 
151, 463, 312, -307, -80, 387, 951, 146, 688, 761, 595, 639, 
151, 468, 317, -309, -82, 392, 951, 146, 688, 761, 600, 639, 
161, 458, 297, -309, -68, 378, 941, 156, 678, 766, 600, 634, 
161, 468, 307, -314, -73, 387, 941, 156, 678, 771, 600, 644, 
156, 473, 317, -314, -80, 395, 941, 156, 683, 771, 600, 644, 
156, 473, 317, -314, -80, 395, 936, 156, 683, 771, 605, 644, 
151, 483, 331, -317, -90, 407, 936, 156, 692, 775, 614, 653, 
151, 488, 336, -319, -92, 412, 936, 156, 692, 775, 619, 658, 
151, 488, 336, -319, -92, 412, 936, 151, 692, 775, 619, 658, 
156, 492, 336, -324, -90, 414, 936, 151, 692, 775, 619, 663, 
146, 483, 336, -314, -95, 409, 932, 151, 697, 775, 619, 663, 
146, 483, 336, -314, -95, 409, 932, 141, 697, 771, 619, 663, 
151, 488, 336, -319, -92, 412, 932, 136, 697, 771, 619, 663, 
151, 492, 341, -322, -95, 417, 932, 136, 697, 771, 619, 668, 
161, 507, 346, -334, -92, 427, 941, 136, 702, 780, 619, 673, 
165, 507, 341, -336, -87, 424, 941, 131, 702, 780, 619, 673, 
165, 507, 341, -336, -87, 424, 936, 126, 702, 780, 624, 673, 
170, 507, 336, -339, -82, 422, 932, 126, 702, 780, 624, 673, 
161, 512, 351, -336, -95, 431, 932, 136, 697, 780, 624, 678, 
165, 512, 346, -339, -90, 429, 927, 126, 697, 780, 624, 678, 
165, 517, 351, -341, -92, 434, 927, 122, 697, 780, 624, 683, 
165, 517, 351, -341, -92, 434, 927, 122, 697, 780, 624, 683, 
161, 512, 351, -336, -95, 431, 922, 107, 697, 771, 634, 692, 
156, 507, 351, -331, -97, 429, 922, 107, 697, 766, 639, 692, 
156, 502, 346, -329, -95, 424, 922, 112, 697, 766, 639, 692, 
151, 502, 351, -326, -100, 427, 922, 112, 697, 766, 639, 697, 
156, 512, 356, -334, -100, 434, 912, 97, 688, 761, 629, 688, 
161, 512, 351, -336, -95, 431, 912, 97, 688, 761, 629, 688, 
165, 507, 341, -336, -87, 424, 917, 97, 692, 761, 629, 688, 
175, 507, 331, -341, -78, 419, 922, 97, 692, 761, 624, 683, 
190, 512, 322, -351, -65, 417, 932, 97, 692, 766, 634, 692, 
190, 517, 326, -353, -68, 422, 932, 97, 692, 766, 629, 688, 
185, 517, 331, -351, -73, 424, 932, 97, 692, 756, 624, 688, 
185, 517, 331, -351, -73, 424, 932, 102, 683, 751, 614, 683, 
165, 502, 336, -334, -85, 419, 932, 92, 673, 736, 610, 678, 
165, 492, 326, -329, -80, 409, 932, 92, 673, 732, 610, 678, 
165, 492, 326, -329, -80, 409, 936, 92, 673, 732, 605, 678, 
165, 483, 317, -324, -75, 400, 941, 92, 673, 732, 600, 678, 
165, 463, 297, -314, -65, 380, 941, 82, 673, 717, 590, 658, 
161, 458, 297, -309, -68, 378, 941, 82, 668, 712, 585, 653, 
156, 458, 302, -307, -73, 380, 941, 78, 663, 702, 575, 653, 
146, 448, 302, -297, -78, 375, 946, 78, 653, 692, 570, 649, 
156, 444, 287, -300, -65, 366, 936, 68, 653, 692, 566, 644, 
156, 439, 283, -297, -63, 361, 936, 63, 649, 683, 551, 639, 
156, 429, 273, -292, -58, 351, 941, 63, 644, 678, 546, 634, 
151, 419, 268, -285, -58, 344, 946, 63, 644, 673, 546, 629, 
146, 400, 253, -273, -53, 326, 946, 53, 629, 663, 536, 624, 
136, 400, 263, -268, -63, 331, 951, 53, 624, 658, 527, 619, 
131, 395, 263, -263, -65, 329, 951, 53, 619, 649, 527, 614, 
117, 390, 273, -253, -78, 331, 946, 53, 614, 644, 522, 605, 
126, 400, 273, -263, -73, 336, 936, 58, 610, 634, 507, 605, 
141, 400, 258, -270, -58, 329, 946, 58, 610, 629, 497, 600, 
151, 395, 244, -273, -46, 319, 951, 58, 610, 624, 497, 595, 
156, 400, 244, -278, -43, 322, 951, 58, 605, 624, 492, 595, 
151, 385, 234, -268, -41, 309, 961, 48, 600, 629, 497, 600, 
151, 385, 234, -268, -41, 309, 961, 48, 600, 624, 497, 600, 
151, 375, 224, -263, -36, 300, 961, 48, 600, 624, 497, 600, 
151, 375, 224, -263, -36, 300, 966, 53, 600, 624, 502, 600, 
136, 370, 234, -253, -48, 302, 966, 43, 605, 619, 497, 590, 
131, 370, 239, -251, -53, 305, 961, 39, 600, 614, 492, 590, 
131, 370, 239, -251, -53, 305, 961, 39, 590, 610, 492, 585, 
136, 370, 234, -253, -48, 302, 966, 39, 590, 610, 492, 585, 
126, 361, 234, -244, -53, 297, 956, 34, 590, 600, 488, 575, 
126, 361, 234, -244, -53, 297, 956, 39, 590, 600, 488, 580, 
126, 356, 229, -241, -51, 292, 961, 39, 585, 600, 488, 580, 
126, 356, 229, -241, -51, 292, 961, 29, 570, 600, 488, 575, 
141, 356, 214, -248, -36, 285, 966, 29, 575, 610, 488, 585, 
141, 356, 214, -248, -36, 285, 966, 29, 580, 605, 488, 585, 
141, 356, 214, -248, -36, 285, 966, 29, 585, 605, 488, 585, 
141, 356, 214, -248, -36, 285, 966, 29, 595, 605, 488, 585, 
131, 366, 234, -248, -51, 300, 966, 39, 585, 605, 488, 590, 
131, 366, 234, -248, -51, 300, 966, 39, 585, 600, 488, 590, 
131, 366, 234, -248, -51, 300, 966, 39, 585, 600, 488, 585, 
131, 366, 234, -248, -51, 300, 966, 39, 585, 605, 488, 585, 
141, 366, 224, -253, -41, 295, 966, 29, 585, 605, 488, 585, 
141, 361, 219, -251, -39, 290, 966, 29, 585, 605, 488, 585, 
141, 356, 214, -248, -36, 285, 966, 29, 585, 605, 488, 590, 
141, 356, 214, -248, -36, 285, 961, 29, 585, 605, 488, 590, 
141, 351, 209, -246, -34, 280, 961, 29, 585, 605, 478, 590, 
141, 356, 214, -248, -36, 285, 966, 24, 585, 605, 478, 590, 
141, 356, 214, -248, -36, 285, 971, 24, 585, 605, 478, 585, 
141, 356, 214, -248, -36, 285, 971, 24, 585, 605, 478, 580, 
141, 356, 214, -248, -36, 285, 971, 34, 575, 614, 492, 580, 
141, 356, 214, -248, -36, 285, 971, 34, 575, 614, 492, 580, 
136, 356, 219, -246, -41, 287, 971, 34, 580, 619, 492, 585, 
136, 356, 219, -246, -41, 287, 971, 34, 580, 619, 492, 585, 
151, 356, 204, -253, -26, 280, 966, 29, 580, 614, 492, 585, 
151, 356, 204, -253, -26, 280, 966, 29, 575, 610, 492, 585, 
151, 351, 200, -251, -24, 275, 966, 29, 575, 605, 492, 585, 
151, 351, 200, -251, -24, 275, 971, 29, 575, 600, 492, 585, 
141, 351, 209, -246, -34, 280, 961, 29, 575, 600, 483, 585, 
141, 351, 209, -246, -34, 280, 956, 29, 575, 600, 483, 585, 
141, 351, 209, -246, -34, 280, 956, 29, 575, 600, 483, 585, 
141, 351, 209, -246, -34, 280, 956, 29, 575, 600, 483, 585, 
151, 356, 204, -253, -26, 280, 966, 29, 575, 610, 492, 585, 
151, 356, 204, -253, -26, 280, 966, 29, 575, 610, 492, 585, 
151, 356, 204, -253, -26, 280, 966, 29, 570, 610, 492, 585, 
151, 356, 204, -253, -26, 280, 966, 29, 570, 610, 492, 585, 
151, 356, 204, -253, -26, 280, 966, 39, 566, 610, 492, 585, 
151, 356, 204, -253, -26, 280, 971, 39, 570, 610, 492, 585, 
146, 356, 209, -251, -31, 283, 971, 39, 575, 610, 492, 585, 
146, 356, 209, -251, -31, 283, 971, 39, 580, 610, 492, 585, 
151, 346, 195, -248, -21, 270, 976, 29, 570, 600, 483, 580, 
151, 346, 195, -248, -21, 270, 976, 29, 575, 600, 483, 580, 
151, 346, 195, -248, -21, 270, 976, 29, 575, 600, 483, 580, 
151, 346, 195, -248, -21, 270, 971, 29, 575, 600, 483, 580, 
151, 346, 195, -248, -21, 270, 971, 29, 575, 600, 492, 580, 
151, 341, 190, -246, -19, 265, 971, 29, 570, 600, 492, 580, 
151, 341, 190, -246, -19, 265, 971, 29, 570, 600, 488, 580, 
146, 336, 190, -241, -21, 263, 971, 29, 570, 600, 488, 580, 
146, 336, 190, -241, -21, 263, 966, 29, 570, 595, 488, 580, 
146, 336, 190, -241, -21, 263, 966, 29, 570, 595, 488, 580, 
146, 341, 195, -244, -24, 268, 966, 24, 570, 595, 488, 575, 
146, 341, 195, -244, -24, 268, 966, 24, 570, 595, 483, 575, 
156, 346, 190, -251, -17, 268, 976, 24, 570, 595, 483, 570, 
151, 346, 195, -248, -21, 270, 971, 24, 570, 595, 483, 570, 
146, 341, 195, -244, -24, 268, 971, 24, 575, 590, 483, 570, 
146, 341, 195, -244, -24, 268, 971, 24, 575, 590, 483, 570, 
146, 336, 190, -241, -21, 263, 971, 24, 575, 600, 483, 570, 
146, 336, 190, -241, -21, 263, 976, 24, 575, 600, 478, 570, 
141, 326, 185, -234, -21, 256, 976, 24, 570, 595, 478, 570, 
141, 317, 175, -229, -17, 246, 976, 19, 570, 595, 478, 570, 
151, 322, 170, -236, -9, 246, 976, 24, 561, 585, 468, 570, 
156, 331, 175, -244, -9, 253, 976, 24, 561, 585, 468, 570, 
161, 336, 175, -248, -7, 256, 976, 24, 561, 585, 463, 561, 
165, 336, 170, -251, -2, 253, 976, 19, 561, 585, 463, 561, 
151, 331, 180, -241, -14, 256, 976, 19, 556, 595, 458, 566, 
151, 326, 175, -239, -12, 251, 976, 19, 556, 590, 458, 566, 
146, 322, 175, -234, -14, 248, 976, 24, 556, 590, 458, 566, 
141, 317, 175, -229, -17, 246, 976, 24, 556, 590, 458, 561, 
151, 322, 170, -236, -9, 246, 966, 9, 546, 580, 463, 546, 
156, 322, 165, -239, -4, 244, 966, 9, 546, 575, 463, 546, 
161, 326, 165, -244, -2, 246, 966, 9, 546, 575, 463, 546, 
170, 326, 156, -248, 7, 241, 966, 9, 546, 575, 458, 546, 
161, 326, 165, -244, -2, 246, 966, 4, 556, 585, 458, 556, 
161, 331, 170, -246, -4, 251, 971, 9, 551, 585, 463, 556, 
161, 331, 170, -246, -4, 251, 971, 14, 551, 585, 463, 556, 
161, 331, 170, -246, -4, 251, 971, 19, 551, 585, 463, 551, 
156, 326, 170, -241, -7, 248, 980, 9, 541, 580, 463, 551, 
151, 322, 170, -236, -9, 246, 980, 14, 541, 575, 458, 556, 
146, 312, 165, -229, -9, 239, 980, 14, 541, 570, 458, 556, 
141, 307, 165, -224, -12, 236, 980, 14, 541, 566, 463, 556, 
151, 307, 156, -229, -2, 231, 976, 4, 551, 566, 453, 546, 
156, 312, 156, -234, 0, 234, 976, 0, 551, 566, 453, 546, 
161, 317, 156, -239, 2, 236, 976, 0, 546, 566, 453, 546, 
165, 326, 161, -246, 2, 244, 976, 0, 546, 561, 453, 546, 
156, 326, 170, -241, -7, 248, 976, 9, 546, 570, 453, 556, 
156, 317, 161, -236, -2, 239, 976, 9, 546, 570, 448, 551, 
156, 312, 156, -234, 0, 234, 976, 9, 546, 570, 448, 551, 
156, 312, 156, -234, 0, 234, 976, 9, 546, 570, 448, 551, 
156, 302, 146, -229, 4, 224, 976, 0, 536, 570, 448, 551, 
156, 302, 146, -229, 4, 224, 976, 0, 536, 570, 448, 551, 
156, 302, 146, -229, 4, 224, 976, 0, 536, 570, 448, 551, 
156, 307, 151, -231, 2, 229, 985, 4, 541, 570, 448, 551, 
165, 312, 146, -239, 9, 229, 976, -4, 531, 561, 448, 541, 
165, 312, 146, -239, 9, 229, 976, -9, 531, 561, 448, 541, 
165, 312, 146, -239, 9, 229, 971, -9, 531, 561, 448, 541, 
161, 317, 156, -239, 2, 236, 971, -9, 531, 561, 448, 541, 
151, 312, 161, -231, -4, 236, 980, 4, 541, 561, 444, 546, 
151, 307, 156, -229, -2, 231, 985, 4, 541, 566, 444, 551, 
151, 302, 151, -226, 0, 226, 985, 4, 546, 566, 444, 551, 
156, 297, 141, -226, 7, 219, 985, 4, 546, 566, 444, 556, 
161, 302, 141, -231, 9, 222, 976, 0, 541, 566, 444, 551, 
161, 302, 141, -231, 9, 222, 976, 0, 541, 566, 444, 546, 
161, 302, 141, -231, 9, 222, 976, 0, 541, 566, 444, 541, 
161, 307, 146, -234, 7, 226, 976, 0, 541, 561, 439, 536, 
175, 317, 141, -246, 17, 229, 976, 0, 556, 566, 448, 541, 
180, 326, 146, -253, 17, 236, 976, 0, 556, 566, 448, 541, 
185, 326, 141, -256, 21, 234, 976, 0, 556, 570, 448, 541, 
190, 326, 136, -258, 26, 231, 976, 0, 566, 570, 448, 541, 
180, 336, 156, -258, 12, 246, 980, 4, 556, 580, 458, 551, 
180, 336, 156, -258, 12, 246, 980, 4, 556, 580, 458, 551, 
185, 341, 156, -263, 14, 248, 980, 4, 556, 585, 463, 561, 
185, 341, 156, -263, 14, 248, 980, 4, 561, 585, 473, 561, 
156, 341, 185, -248, -14, 263, 995, 4, 580, 600, 483, 570, 
175, 361, 185, -268, -4, 273, 995, 4, 590, 600, 478, 561, 
200, 400, 200, -300, 0, 300, 1000, 24, 614, 614, 488, 575, 
