I, II, III, aVR, aVL, aVF, V1, V2, V3, V4, V5, V6, 
29, 195, 165, -112, -68, 180, 9, 29, -19, 204, 117, 165, 
29, 195, 165, -112, -68, 180, 9, 29, -19, 204, 117, 165, 
29, 195, 165, -112, -68, 180, 9, 29, -19, 204, 117, 165, 
29, 195, 165, -112, -68, 180, 9, 29, -19, 204, 117, 165, 
29, 185, 156, -107, -63, 170, 19, 29, -19, 195, 117, 165, 
29, 185, 156, -107, -63, 170, 19, 29, -19, 195, 117, 165, 
29, 185, 156, -107, -63, 170, 19, 29, -19, 195, 117, 165, 
29, 185, 156, -107, -63, 170, 19, 29, -19, 195, 117, 165, 
34, 190, 156, -112, -61, 173, 19, 29, -29, 204, 117, 165, 
39, 195, 156, -117, -58, 175, 19, 29, -29, 204, 117, 165, 
43, 200, 156, -122, -56, 178, 19, 29, -29, 204, 117, 165, 
48, 204, 156, -126, -53, 180, 19, 29, -29, 204, 117, 165, 
58, 214, 156, -136, -48, 185, 19, 29, -19, 204, 117, 165, 
58, 214, 156, -136, -48, 185, 19, 29, -19, 204, 117, 165, 
58, 214, 156, -136, -48, 185, 19, 29, -19, 204, 117, 165, 
58, 214, 156, -136, -48, 185, 19, 29, -19, 204, 117, 165, 
58, 214, 156, -136, -48, 185, 19, 39, -9, 204, 117, 175, 
58, 214, 156, -136, -48, 185, 19, 39, -9, 204, 117, 175, 
58, 214, 156, -136, -48, 185, 19, 39, -9, 204, 117, 175, 
58, 214, 156, -136, -48, 185, 19, 39, -9, 204, 117, 175, 
48, 204, 156, -126, -53, 180, 19, 39, -9, 195, 117, 175, 
48, 204, 156, -126, -53, 180, 19, 39, -9, 195, 117, 175, 
48, 204, 156, -126, -53, 180, 19, 39, -9, 195, 117, 175, 
48, 204, 156, -126, -53, 180, 19, 39, -9, 195, 117, 175, 
39, 204, 165, -122, -63, 185, 19, 39, -9, 195, 117, 175, 
39, 204, 165, -122, -63, 185, 19, 39, -9, 195, 117, 175, 
39, 204, 165, -122, -63, 185, 19, 39, -9, 195, 117, 175, 
39, 204, 165, -122, -63, 185, 19, 39, -9, 195, 117, 175, 
48, 204, 156, -126, -53, 180, 19, 39, -9, 204, 126, 175, 
48, 204, 156, -126, -53, 180, 19, 39, -9, 204, 126, 175, 
48, 204, 156, -126, -53, 180, 19, 39, -9, 204, 126, 175, 
48, 204, 156, -126, -53, 180, 19, 39, -9, 204, 126, 175, 
58, 214, 156, -136, -48, 185, 19, 39, -9, 204, 126, 175, 
58, 214, 156, -136, -48, 185, 19, 39, -9, 204, 126, 175, 
58, 214, 156, -136, -48, 185, 19, 39, -9, 204, 126, 175, 
58, 214, 156, -136, -48, 185, 19, 39, -9, 204, 126, 175, 
48, 214, 165, -131, -58, 190, 19, 39, 0, 204, 126, 175, 
48, 214, 165, -131, -58, 190, 19, 39, 0, 204, 126, 175, 
48, 214, 165, -131, -58, 190, 19, 39, 0, 204, 126, 175, 
48, 214, 165, -131, -58, 190, 19, 39, 0, 204, 126, 175, 
48, 214, 165, -131, -58, 190, 19, 39, -9, 204, 117, 175, 
48, 214, 165, -131, -58, 190, 19, 39, -9, 204, 117, 175, 
48, 214, 165, -131, -58, 190, 19, 39, -9, 204, 117, 175, 
48, 214, 165, -131, -58, 190, 19, 39, -9, 204, 117, 175, 
58, 214, 156, -136, -48, 185, 19, 39, 0, 204, 117, 175, 
58, 214, 156, -136, -48, 185, 19, 39, 0, 204, 117, 175, 
58, 214, 156, -136, -48, 185, 19, 39, 0, 204, 117, 175, 
58, 214, 156, -136, -48, 185, 19, 39, 0, 204, 117, 175, 
58, 214, 156, -136, -48, 185, 19, 39, 0, 204, 126, 175, 
58, 214, 156, -136, -48, 185, 19, 39, 0, 204, 126, 175, 
58, 214, 156, -136, -48, 185, 19, 39, 0, 204, 126, 175, 
58, 214, 156, -136, -48, 185, 19, 39, 0, 204, 126, 175, 
58, 224, 165, -141, -53, 195, 19, 39, 0, 204, 126, 175, 
58, 224, 165, -141, -53, 195, 19, 39, 0, 204, 126, 175, 
58, 224, 165, -141, -53, 195, 19, 39, 0, 204, 126, 175, 
58, 224, 165, -141, -53, 195, 19, 39, 0, 204, 126, 175, 
48, 224, 175, -136, -63, 200, 29, 48, 0, 204, 126, 185, 
48, 224, 175, -136, -63, 200, 29, 48, 0, 204, 126, 185, 
48, 224, 175, -136, -63, 200, 29, 48, 0, 204, 126, 185, 
48, 224, 175, -136, -63, 200, 29, 48, 0, 204, 126, 185, 
48, 219, 170, -134, -61, 195, 19, 39, 0, 195, 117, 175, 
48, 214, 165, -131, -58, 190, 19, 39, 0, 195, 117, 175, 
48, 209, 161, -129, -56, 185, 19, 39, 0, 195, 117, 175, 
48, 204, 156, -126, -53, 180, 19, 39, 0, 195, 117, 175, 
48, 204, 156, -126, -53, 180, 19, 39, -9, 195, 117, 175, 
48, 204, 156, -126, -53, 180, 19, 39, -9, 195, 117, 175, 
48, 204, 156, -126, -53, 180, 19, 39, -9, 195, 117, 175, 
48, 204, 156, -126, -53, 180, 19, 39, -9, 195, 117, 175, 
58, 214, 156, -136, -48, 185, 19, 39, 0, 195, 117, 175, 
58, 214, 156, -136, -48, 185, 19, 39, 0, 195, 117, 175, 
58, 214, 156, -136, -48, 185, 19, 39, 0, 195, 117, 175, 
58, 214, 156, -136, -48, 185, 19, 39, 0, 195, 117, 175, 
68, 224, 156, -146, -43, 190, 29, 39, -9, 195, 117, 175, 
68, 224, 156, -146, -43, 190, 29, 39, -9, 195, 117, 175, 
68, 224, 156, -146, -43, 190, 29, 39, -9, 195, 117, 175, 
68, 224, 156, -146, -43, 190, 29, 39, -9, 195, 117, 175, 
68, 224, 156, -146, -43, 190, 29, 39, -9, 204, 117, 175, 
68, 224, 156, -146, -43, 190, 29, 39, -9, 204, 117, 175, 
68, 224, 156, -146, -43, 190, 29, 39, -9, 204, 117, 175, 
68, 224, 156, -146, -43, 190, 29, 39, -9, 204, 117, 175, 
58, 214, 156, -136, -48, 185, 29, 39, -9, 195, 117, 165, 
58, 214, 156, -136, -48, 185, 29, 39, -9, 195, 117, 165, 
58, 214, 156, -136, -48, 185, 29, 39, -9, 195, 117, 165, 
58, 214, 156, -136, -48, 185, 29, 39, -9, 195, 117, 165, 
43, 204, 161, -124, -58, 183, 19, 34, -14, 190, 112, 156, 
39, 195, 156, -117, -58, 175, 19, 29, -19, 185, 107, 156, 
34, 185, 151, -109, -58, 168, 19, 24, -24, 180, 102, 156, 
29, 175, 146, -102, -58, 161, 19, 19, -29, 175, 97, 156, 
39, 185, 146, -112, -53, 165, 19, 29, -29, 175, 97, 156, 
39, 185, 146, -112, -53, 165, 19, 29, -29, 175, 97, 156, 
39, 185, 146, -112, -53, 165, 19, 29, -29, 175, 97, 156, 
39, 185, 146, -112, -53, 165, 19, 29, -29, 175, 97, 156, 
48, 190, 141, -119, -46, 165, 29, 39, -19, 185, 107, 165, 
48, 195, 146, -122, -48, 170, 29, 39, -19, 185, 107, 165, 
48, 200, 151, -124, -51, 175, 29, 39, -19, 185, 107, 165, 
48, 204, 156, -126, -53, 180, 29, 39, -19, 185, 107, 165, 
48, 195, 146, -122, -48, 170, 29, 29, -19, 185, 97, 156, 
48, 195, 146, -122, -48, 170, 29, 29, -19, 185, 97, 156, 
48, 195, 146, -122, -48, 170, 29, 29, -19, 185, 97, 156, 
48, 195, 146, -122, -48, 170, 29, 29, -19, 185, 97, 156, 
48, 195, 146, -122, -48, 170, 29, 29, -29, 185, 97, 156, 
48, 195, 146, -122, -48, 170, 29, 29, -29, 185, 97, 156, 
48, 195, 146, -122, -48, 170, 29, 29, -29, 185, 97, 156, 
48, 195, 146, -122, -48, 170, 29, 29, -29, 185, 97, 156, 
48, 185, 136, -117, -43, 161, 29, 29, -29, 175, 97, 156, 
48, 185, 136, -117, -43, 161, 29, 29, -29, 175, 97, 156, 
48, 185, 136, -117, -43, 161, 29, 29, -29, 175, 97, 156, 
48, 185, 136, -117, -43, 161, 29, 29, -29, 175, 97, 156, 
39, 185, 146, -112, -53, 165, 19, 29, -29, 175, 97, 156, 
39, 185, 146, -112, -53, 165, 19, 29, -29, 175, 97, 156, 
39, 185, 146, -112, -53, 165, 19, 29, -29, 175, 97, 156, 
39, 185, 146, -112, -53, 165, 19, 29, -29, 175, 97, 156, 
39, 185, 146, -112, -53, 165, 29, 29, -29, 175, 87, 146, 
39, 185, 146, -112, -53, 165, 29, 29, -29, 175, 87, 146, 
39, 185, 146, -112, -53, 165, 29, 29, -29, 175, 87, 146, 
39, 185, 146, -112, -53, 165, 29, 29, -29, 175, 87, 146, 
39, 185, 146, -112, -53, 165, 29, 29, -29, 165, 87, 146, 
39, 185, 146, -112, -53, 165, 29, 29, -29, 165, 87, 146, 
39, 185, 146, -112, -53, 165, 29, 29, -29, 165, 87, 146, 
39, 185, 146, -112, -53, 165, 29, 29, -29, 165, 87, 146, 
48, 185, 136, -117, -43, 161, 29, 29, -29, 165, 87, 146, 
48, 185, 136, -117, -43, 161, 29, 29, -29, 165, 87, 146, 
48, 185, 136, -117, -43, 161, 29, 29, -29, 165, 87, 146, 
48, 185, 136, -117, -43, 161, 29, 29, -29, 165, 87, 146, 
48, 185, 136, -117, -43, 161, 29, 29, -29, 165, 87, 146, 
48, 185, 136, -117, -43, 161, 29, 29, -29, 165, 87, 146, 
48, 185, 136, -117, -43, 161, 29, 29, -29, 165, 87, 146, 
48, 185, 136, -117, -43, 161, 29, 29, -29, 165, 87, 146, 
39, 185, 146, -112, -53, 165, 29, 19, -39, 165, 87, 146, 
39, 185, 146, -112, -53, 165, 29, 19, -39, 165, 87, 146, 
39, 185, 146, -112, -53, 165, 29, 19, -39, 165, 87, 146, 
39, 185, 146, -112, -53, 165, 29, 19, -39, 165, 87, 146, 
39, 185, 146, -112, -53, 165, 29, 29, -29, 165, 78, 146, 
39, 185, 146, -112, -53, 165, 29, 29, -29, 165, 78, 146, 
39, 185, 146, -112, -53, 165, 29, 29, -29, 165, 78, 146, 
39, 185, 146, -112, -53, 165, 29, 29, -29, 165, 78, 146, 
48, 195, 146, -122, -48, 170, 29, 29, -29, 165, 87, 146, 
48, 195, 146, -122, -48, 170, 29, 29, -29, 165, 87, 146, 
48, 195, 146, -122, -48, 170, 29, 29, -29, 165, 87, 146, 
48, 195, 146, -122, -48, 170, 29, 29, -29, 165, 87, 146, 
48, 195, 146, -122, -48, 170, 29, 29, -39, 165, 87, 156, 
48, 195, 146, -122, -48, 170, 29, 29, -39, 165, 87, 156, 
48, 195, 146, -122, -48, 170, 29, 29, -39, 165, 87, 156, 
48, 195, 146, -122, -48, 170, 29, 29, -39, 165, 87, 156, 
58, 195, 136, -126, -39, 165, 29, 39, -29, 165, 87, 156, 
58, 195, 136, -126, -39, 165, 29, 39, -29, 165, 87, 156, 
58, 195, 136, -126, -39, 165, 29, 39, -29, 165, 87, 156, 
58, 195, 136, -126, -39, 165, 29, 39, -29, 165, 87, 156, 
48, 195, 146, -122, -48, 170, 19, 29, -39, 156, 78, 146, 
48, 195, 146, -122, -48, 170, 19, 29, -39, 156, 78, 146, 
48, 195, 146, -122, -48, 170, 19, 29, -39, 156, 78, 146, 
48, 195, 146, -122, -48, 170, 19, 29, -39, 156, 78, 146, 
39, 190, 151, -114, -56, 170, 19, 29, -39, 165, 78, 146, 
39, 185, 146, -112, -53, 165, 19, 29, -39, 165, 78, 146, 
39, 180, 141, -109, -51, 161, 19, 29, -39, 165, 78, 146, 
39, 175, 136, -107, -48, 156, 19, 29, -39, 165, 78, 146, 
39, 185, 146, -112, -53, 165, 29, 29, -39, 156, 78, 146, 
39, 185, 146, -112, -53, 165, 29, 29, -39, 156, 78, 146, 
39, 185, 146, -112, -53, 165, 29, 29, -39, 156, 78, 146, 
39, 185, 146, -112, -53, 165, 29, 29, -39, 156, 78, 146, 
53, 190, 136, -122, -41, 163, 29, 39, -39, 165, 78, 146, 
58, 195, 136, -126, -39, 165, 29, 39, -39, 165, 78, 146, 
63, 200, 136, -131, -36, 168, 29, 39, -39, 165, 78, 146, 
68, 204, 136, -136, -34, 170, 29, 39, -39, 165, 78, 146, 
68, 204, 136, -136, -34, 170, 29, 39, -29, 165, 78, 146, 
68, 204, 136, -136, -34, 170, 29, 39, -29, 165, 78, 146, 
68, 204, 136, -136, -34, 170, 29, 39, -29, 165, 78, 146, 
68, 204, 136, -136, -34, 170, 29, 39, -29, 165, 78, 146, 
63, 195, 131, -129, -34, 163, 19, 29, -29, 156, 78, 146, 
58, 195, 136, -126, -39, 165, 19, 29, -29, 156, 78, 146, 
53, 195, 141, -124, -43, 168, 19, 29, -29, 156, 78, 146, 
48, 195, 146, -122, -48, 170, 19, 29, -29, 156, 78, 146, 
48, 185, 136, -117, -43, 161, 19, 29, -39, 156, 68, 146, 
48, 185, 136, -117, -43, 161, 19, 29, -39, 156, 68, 146, 
48, 185, 136, -117, -43, 161, 19, 29, -39, 156, 68, 146, 
48, 185, 136, -117, -43, 161, 19, 29, -39, 156, 68, 146, 
58, 185, 126, -122, -34, 156, 24, 43, -29, 165, 78, 156, 
58, 190, 131, -124, -36, 161, 39, 53, -19, 170, 82, 161, 
58, 204, 146, -131, -43, 175, 43, 63, -14, 175, 92, 161, 
78, 214, 136, -146, -29, 175, 48, 73, 0, 185, 97, 175, 
92, 239, 146, -165, -26, 192, 48, 82, 9, 190, 97, 170, 
97, 248, 151, -173, -26, 200, 48, 87, 19, 195, 107, 175, 
107, 258, 151, -183, -21, 204, 48, 87, 24, 204, 117, 180, 
112, 268, 156, -190, -21, 212, 48, 87, 29, 209, 122, 190, 
102, 273, 170, -187, -34, 222, 48, 87, 43, 214, 131, 200, 
107, 273, 165, -190, -29, 219, 43, 87, 43, 214, 131, 200, 
107, 273, 165, -190, -29, 219, 43, 92, 43, 219, 131, 200, 
112, 273, 161, -192, -24, 217, 43, 92, 48, 219, 131, 204, 
126, 283, 156, -204, -14, 219, 43, 92, 63, 229, 141, 209, 
131, 297, 165, -214, -17, 231, 39, 97, 68, 239, 146, 209, 
136, 307, 170, -222, -17, 239, 29, 97, 73, 244, 151, 214, 
141, 317, 175, -229, -17, 246, 29, 97, 73, 253, 151, 219, 
141, 307, 165, -224, -12, 236, 24, 87, 58, 244, 151, 219, 
146, 312, 165, -229, -9, 239, 24, 82, 53, 239, 146, 214, 
146, 312, 165, -229, -9, 239, 19, 73, 48, 234, 141, 214, 
141, 307, 165, -224, -12, 236, 14, 68, 34, 229, 141, 209, 
126, 292, 165, -209, -19, 229, 0, 63, 19, 224, 126, 200, 
122, 278, 156, -200, -17, 217, -4, 53, 4, 214, 117, 185, 
122, 268, 146, -195, -12, 207, -9, 39, -9, 204, 107, 180, 
117, 258, 141, -187, -12, 200, -14, 39, -19, 200, 107, 175, 
117, 253, 136, -185, -9, 195, -9, 34, -24, 190, 102, 185, 
117, 253, 136, -185, -9, 195, -9, 34, -24, 190, 102, 180, 
117, 253, 136, -185, -9, 195, -9, 34, -24, 185, 102, 180, 
117, 253, 136, -185, -9, 195, -9, 29, -24, 185, 102, 180, 
122, 253, 131, -187, -4, 192, -9, 19, -34, 195, 102, 185, 
122, 253, 131, -187, -4, 192, -9, 19, -34, 195, 102, 185, 
122, 258, 136, -190, -7, 197, -9, 19, -34, 195, 102, 185, 
117, 258, 141, -187, -12, 200, -9, 19, -34, 195, 102, 180, 
122, 248, 126, -185, -2, 187, -4, 29, -39, 180, 107, 170, 
117, 239, 122, -178, -2, 180, -4, 29, -39, 180, 102, 165, 
112, 234, 122, -173, -4, 178, 4, 34, -48, 170, 97, 161, 
102, 219, 117, -161, -7, 168, 9, 34, -48, 170, 92, 156, 
92, 219, 126, -156, -17, 173, 14, 29, -48, 165, 82, 161, 
78, 214, 136, -146, -29, 175, 19, 29, -48, 161, 78, 156, 
68, 209, 141, -139, -36, 175, 24, 29, -43, 161, 78, 156, 
58, 204, 146, -131, -43, 175, 24, 24, -43, 161, 78, 156, 
48, 190, 141, -119, -46, 165, 34, 24, -43, 161, 78, 151, 
43, 190, 146, -117, -51, 168, 34, 24, -43, 161, 78, 151, 
43, 180, 136, -112, -46, 158, 29, 24, -48, 156, 73, 146, 
39, 175, 136, -107, -48, 156, 29, 24, -58, 151, 73, 146, 
39, 175, 136, -107, -48, 156, 24, 24, -73, 136, 63, 131, 
34, 170, 136, -102, -51, 153, 24, 19, -78, 131, 53, 126, 
34, 170, 136, -102, -51, 153, 24, 14, -82, 126, 48, 122, 
34, 165, 131, -100, -48, 148, 24, 14, -82, 122, 43, 122, 
34, 165, 131, -100, -48, 148, 24, 14, -82, 122, 53, 122, 
34, 165, 131, -100, -48, 148, 24, 14, -82, 122, 48, 122, 
34, 165, 131, -100, -48, 148, 24, 19, -82, 122, 48, 122, 
34, 165, 131, -100, -48, 148, 24, 19, -82, 122, 48, 122, 
34, 165, 131, -100, -48, 148, 24, 14, -78, 131, 48, 131, 
29, 165, 136, -97, -53, 151, 29, 14, -78, 131, 48, 131, 
29, 161, 131, -95, -51, 146, 34, 14, -78, 131, 48, 131, 
29, 161, 131, -95, -51, 146, 34, 14, -78, 131, 48, 131, 
34, 170, 136, -102, -51, 153, 34, 24, -78, 131, 48, 122, 
24, 165, 141, -95, -58, 153, 34, 24, -78, 131, 48, 122, 
24, 161, 136, -92, -56, 148, 34, 24, -82, 131, 48, 122, 
24, 161, 136, -92, -56, 148, 34, 19, -82, 131, 43, 117, 
14, 151, 136, -82, -61, 143, 29, 19, -73, 126, 43, 117, 
14, 151, 136, -82, -61, 143, 29, 24, -73, 126, 43, 117, 
14, 146, 131, -80, -58, 139, 29, 24, -73, 126, 43, 117, 
14, 146, 131, -80, -58, 139, 29, 24, -73, 126, 43, 117, 
9, 146, 136, -78, -63, 141, 39, 24, -82, 117, 34, 117, 
9, 146, 136, -78, -63, 141, 39, 24, -82, 117, 39, 117, 
9, 146, 136, -78, -63, 141, 39, 24, -82, 117, 39, 117, 
9, 146, 136, -78, -63, 141, 43, 24, -82, 117, 34, 117, 
19, 146, 126, -82, -53, 136, 43, 19, -82, 131, 43, 107, 
19, 151, 131, -85, -56, 141, 43, 19, -82, 131, 43, 112, 
19, 151, 131, -85, -56, 141, 43, 14, -82, 122, 43, 112, 
19, 151, 131, -85, -56, 141, 43, 14, -82, 122, 39, 107, 
19, 146, 126, -82, -53, 136, 43, 24, -82, 112, 39, 117, 
19, 146, 126, -82, -53, 136, 43, 24, -82, 112, 39, 117, 
14, 141, 126, -78, -56, 134, 43, 24, -82, 117, 39, 117, 
14, 141, 126, -78, -56, 134, 43, 24, -82, 117, 39, 117, 
9, 141, 131, -75, -61, 136, 43, 24, -87, 117, 39, 107, 
9, 141, 131, -75, -61, 136, 43, 24, -87, 117, 43, 107, 
14, 141, 126, -78, -56, 134, 39, 24, -82, 117, 43, 107, 
14, 141, 126, -78, -56, 134, 39, 24, -82, 117, 43, 107, 
14, 141, 126, -78, -56, 134, 39, 14, -82, 117, 43, 107, 
14, 141, 126, -78, -56, 134, 43, 19, -82, 117, 43, 107, 
14, 141, 126, -78, -56, 134, 43, 19, -78, 122, 43, 107, 
14, 146, 131, -80, -58, 139, 43, 19, -78, 122, 48, 112, 
14, 156, 141, -85, -63, 148, 43, 29, -68, 122, 39, 112, 
14, 151, 136, -82, -61, 143, 53, 39, -58, 122, 39, 117, 
14, 146, 131, -80, -58, 139, 78, 68, -39, 122, 39, 107, 
4, 136, 131, -70, -63, 134, 107, 102, -4, 131, 48, 107, 
4, 146, 141, -75, -68, 143, 122, 136, 34, 141, 53, 107, 
43, 175, 131, -109, -43, 153, 117, 175, 82, 170, 73, 126, 
78, 214, 136, -146, -29, 175, 117, 219, 126, 214, 117, 161, 
122, 253, 131, -187, -4, 192, 107, 273, 200, 283, 165, 209, 
185, 322, 136, -253, 24, 229, 102, 331, 307, 375, 253, 273, 
258, 424, 165, -341, 46, 295, 78, 370, 414, 492, 366, 370, 
346, 561, 214, -453, 65, 387, 14, 341, 468, 619, 497, 483, 
483, 727, 244, -605, 119, 485, -136, 229, 429, 736, 639, 619, 
629, 922, 292, -775, 168, 607, -331, 29, 312, 863, 800, 785, 
741, 1093, 351, -917, 195, 722, -497, -165, 180, 946, 932, 932, 
785, 1200, 414, -993, 185, 807, -610, -297, 73, 976, 990, 1015, 
756, 1254, 497, -1005, 129, 875, -658, -405, 0, 976, 1005, 1058, 
629, 1268, 639, -949, -4, 954, -678, -541, -53, 946, 985, 1058, 
453, 1220, 766, -836, -156, 993, -649, -668, -131, 863, 893, 1000, 
331, 1093, 761, -712, -214, 927, -605, -727, -229, 717, 741, 878, 
263, 956, 692, -610, -214, 824, -536, -702, -307, 570, 575, 736, 
170, 814, 644, -492, -236, 729, -463, -683, -390, 439, 448, 605, 
53, 727, 673, -390, -309, 700, -419, -707, -531, 297, 322, 497, 
-34, 619, 653, -292, -344, 636, -395, -751, -707, 126, 161, 375, 
-73, 497, 570, -212, -322, 534, -366, -741, -785, -4, 29, 263, 
-87, 409, 497, -161, -292, 453, -326, -658, -717, -9, 14, 219, 
-87, 395, 483, -153, -285, 439, -297, -570, -580, 34, 43, 229, 
-63, 385, 448, -161, -256, 417, -273, -463, -468, 73, 48, 224, 
-39, 370, 409, -165, -224, 390, -224, -356, -380, 107, 73, 229, 
-24, 366, 390, -170, -207, 378, -175, -263, -292, 141, 92, 229, 
-9, 356, 366, -173, -187, 361, -141, -204, -244, 156, 92, 219, 
9, 341, 331, -175, -161, 336, -102, -151, -209, 156, 97, 209, 
39, 336, 297, -187, -129, 317, -68, -92, -170, 175, 112, 209, 
43, 331, 287, -187, -122, 309, -29, -48, -126, 185, 122, 214, 
53, 322, 268, -187, -107, 295, -4, -24, -87, 190, 126, 214, 
63, 297, 234, -180, -85, 265, 19, 14, -68, 180, 117, 204, 
53, 263, 209, -158, -78, 236, 34, 34, -53, 180, 107, 200, 
43, 234, 190, -139, -73, 212, 48, 48, -39, 175, 97, 190, 
39, 214, 175, -126, -68, 195, 48, 53, -24, 180, 82, 170, 
34, 209, 175, -122, -70, 192, 39, 48, -34, 170, 73, 151, 
34, 209, 175, -122, -70, 192, 39, 48, -34, 170, 73, 151, 
34, 214, 180, -124, -73, 197, 43, 53, -34, 170, 73, 151, 
34, 214, 180, -124, -73, 197, 43, 58, -34, 170, 73, 151, 
43, 214, 170, -129, -63, 192, 53, 68, -29, 165, 82, 161, 
43, 214, 170, -129, -63, 192, 63, 73, -24, 165, 82, 161, 
43, 209, 165, -126, -61, 187, 68, 78, -19, 165, 82, 156, 
43, 200, 156, -122, -56, 178, 73, 87, -14, 170, 78, 151, 
43, 204, 161, -124, -58, 183, 73, 78, -9, 161, 68, 146, 
43, 200, 156, -122, -56, 178, 78, 82, -4, 156, 68, 146, 
48, 200, 151, -124, -51, 175, 78, 87, -4, 156, 68, 146, 
48, 200, 151, -124, -51, 175, 78, 87, 0, 156, 63, 146, 
48, 200, 151, -124, -51, 175, 68, 92, -4, 165, 63, 136, 
48, 200, 151, -124, -51, 175, 73, 92, 0, 165, 68, 141, 
48, 200, 151, -124, -51, 175, 73, 92, 4, 165, 68, 141, 
43, 200, 156, -122, -56, 178, 73, 92, 4, 170, 68, 141, 
34, 195, 161, -114, -63, 178, 78, 97, 14, 170, 68, 141, 
39, 195, 156, -117, -58, 175, 78, 97, 14, 170, 73, 141, 
39, 195, 156, -117, -58, 175, 78, 102, 14, 170, 73, 141, 
39, 195, 156, -117, -58, 175, 78, 102, 19, 170, 73, 141, 
39, 185, 146, -112, -53, 165, 78, 102, 9, 175, 73, 141, 
43, 190, 146, -117, -51, 168, 78, 107, 9, 175, 73, 141, 
43, 190, 146, -117, -51, 168, 78, 107, 14, 175, 73, 146, 
43, 190, 146, -117, -51, 168, 78, 107, 14, 175, 73, 146, 
48, 200, 151, -124, -51, 175, 78, 112, 29, 175, 82, 156, 
58, 204, 146, -131, -43, 175, 78, 112, 29, 175, 87, 156, 
63, 209, 146, -136, -41, 178, 78, 112, 39, 175, 87, 156, 
68, 219, 151, -143, -41, 185, 78, 112, 39, 180, 87, 156, 
82, 224, 141, -153, -29, 183, 78, 122, 29, 185, 78, 156, 
82, 224, 141, -153, -29, 183, 78, 122, 34, 185, 82, 161, 
82, 224, 141, -153, -29, 183, 78, 126, 34, 185, 82, 161, 
82, 224, 141, -153, -29, 183, 78, 126, 34, 185, 82, 161, 
73, 214, 141, -143, -34, 178, 68, 117, 34, 180, 82, 151, 
73, 209, 136, -141, -31, 173, 68, 117, 34, 180, 82, 151, 
63, 204, 141, -134, -39, 173, 68, 122, 39, 185, 87, 156, 
53, 200, 146, -126, -46, 173, 68, 122, 48, 185, 92, 156, 
39, 190, 151, -114, -56, 170, 68, 112, 48, 190, 82, 156, 
39, 190, 151, -114, -56, 170, 68, 117, 48, 190, 82, 161, 
43, 190, 146, -117, -51, 168, 68, 117, 53, 190, 82, 161, 
48, 190, 141, -119, -46, 165, 68, 117, 53, 190, 87, 161, 
53, 200, 146, -126, -46, 173, 78, 122, 53, 204, 97, 161, 
58, 209, 151, -134, -46, 180, 78, 131, 58, 204, 97, 161, 
63, 214, 151, -139, -43, 183, 78, 136, 58, 209, 102, 165, 
68, 224, 156, -146, -43, 190, 78, 146, 68, 209, 102, 165, 
78, 234, 156, -156, -39, 195, 68, 146, 73, 219, 107, 180, 
82, 239, 156, -161, -36, 197, 68, 146, 73, 219, 107, 180, 
87, 239, 151, -163, -31, 195, 68, 146, 73, 219, 107, 180, 
97, 239, 141, -168, -21, 190, 68, 151, 82, 219, 112, 185, 
92, 239, 146, -165, -26, 192, 78, 141, 78, 219, 102, 175, 
82, 234, 151, -158, -34, 192, 78, 146, 78, 224, 102, 175, 
78, 234, 156, -156, -39, 195, 78, 146, 78, 224, 107, 175, 
78, 229, 151, -153, -36, 190, 78, 146, 78, 224, 107, 180, 
68, 229, 161, -148, -46, 195, 68, 151, 78, 219, 107, 180, 
73, 229, 156, -151, -41, 192, 68, 151, 87, 219, 112, 180, 
78, 234, 156, -156, -39, 195, 68, 156, 92, 229, 112, 180, 
78, 239, 161, -158, -41, 200, 68, 161, 97, 234, 117, 180, 
78, 229, 151, -153, -36, 190, 68, 161, 102, 234, 117, 185, 
82, 229, 146, -156, -31, 187, 68, 161, 107, 234, 126, 190, 
87, 234, 146, -161, -29, 190, 68, 165, 112, 234, 126, 195, 
87, 234, 146, -161, -29, 190, 68, 165, 112, 239, 126, 195, 
97, 248, 151, -173, -26, 200, 68, 175, 122, 239, 146, 200, 
97, 248, 151, -173, -26, 200, 68, 175, 126, 248, 146, 200, 
97, 253, 156, -175, -29, 204, 68, 175, 131, 253, 146, 204, 
97, 258, 161, -178, -31, 209, 68, 180, 136, 258, 151, 204, 
107, 258, 151, -183, -21, 204, 68, 185, 131, 258, 151, 209, 
107, 268, 161, -187, -26, 214, 68, 185, 136, 263, 151, 209, 
107, 273, 165, -190, -29, 219, 68, 190, 141, 263, 156, 219, 
112, 278, 165, -195, -26, 222, 68, 195, 146, 268, 161, 224, 
117, 273, 156, -195, -19, 214, 73, 195, 151, 273, 165, 224, 
117, 278, 161, -197, -21, 219, 68, 200, 156, 278, 165, 224, 
122, 278, 156, -200, -17, 217, 68, 204, 161, 283, 165, 224, 
122, 278, 156, -200, -17, 217, 68, 209, 165, 283, 175, 224, 
122, 287, 165, -204, -21, 226, 68, 219, 180, 287, 180, 229, 
126, 297, 170, -212, -21, 234, 68, 219, 185, 292, 180, 239, 
131, 307, 175, -219, -21, 241, 68, 229, 190, 297, 190, 244, 
131, 312, 180, -222, -24, 246, 68, 234, 195, 302, 190, 248, 
141, 317, 175, -229, -17, 246, 68, 234, 190, 302, 185, 253, 
146, 322, 175, -234, -14, 248, 68, 239, 195, 307, 190, 253, 
146, 326, 180, -236, -17, 253, 63, 239, 204, 312, 195, 253, 
151, 331, 180, -241, -14, 256, 63, 239, 209, 317, 200, 253, 
141, 326, 185, -234, -21, 256, 63, 234, 219, 322, 204, 253, 
146, 331, 185, -239, -19, 258, 63, 244, 224, 326, 209, 258, 
146, 336, 190, -241, -21, 263, 63, 244, 229, 331, 209, 263, 
151, 346, 195, -248, -21, 270, 63, 248, 234, 336, 214, 268, 
151, 346, 195, -248, -21, 270, 53, 248, 239, 341, 219, 273, 
156, 351, 195, -253, -19, 273, 53, 248, 239, 346, 224, 273, 
161, 356, 195, -258, -17, 275, 48, 253, 244, 351, 229, 273, 
161, 361, 200, -261, -19, 280, 48, 253, 248, 351, 234, 273, 
170, 370, 200, -270, -14, 285, 58, 263, 248, 356, 234, 283, 
175, 375, 200, -275, -12, 287, 48, 263, 253, 361, 234, 287, 
180, 375, 195, -278, -7, 285, 48, 263, 258, 366, 239, 287, 
180, 380, 200, -280, -9, 290, 48, 263, 263, 370, 248, 292, 
180, 385, 204, -283, -12, 295, 48, 263, 263, 380, 258, 302, 
180, 390, 209, -285, -14, 300, 48, 263, 263, 380, 258, 307, 
180, 390, 209, -285, -14, 300, 39, 263, 263, 380, 258, 307, 
185, 395, 209, -290, -12, 302, 39, 263, 258, 385, 263, 307, 
185, 390, 204, -287, -9, 297, 34, 263, 258, 375, 258, 302, 
185, 395, 209, -290, -12, 302, 34, 263, 258, 380, 258, 302, 
185, 400, 214, -292, -14, 307, 34, 258, 258, 380, 258, 307, 
190, 400, 209, -295, -9, 305, 29, 258, 253, 380, 258, 307, 
190, 409, 219, -300, -14, 314, 14, 248, 253, 380, 263, 307, 
190, 409, 219, -300, -14, 314, 14, 244, 253, 380, 263, 307, 
185, 414, 229, -300, -21, 322, 9, 239, 253, 380, 263, 307, 
185, 414, 229, -300, -21, 322, 9, 234, 253, 380, 263, 307, 
185, 409, 224, -297, -19, 317, 14, 229, 248, 380, 263, 307, 
185, 409, 224, -297, -19, 317, 14, 224, 248, 380, 263, 307, 
190, 414, 224, -302, -17, 319, 9, 219, 244, 380, 263, 312, 
190, 414, 224, -302, -17, 319, 9, 214, 239, 380, 263, 312, 
185, 424, 239, -305, -26, 331, -4, 219, 234, 380, 263, 312, 
185, 419, 234, -302, -24, 326, -9, 204, 229, 375, 258, 307, 
185, 419, 234, -302, -24, 326, -9, 195, 224, 375, 258, 307, 
185, 419, 234, -302, -24, 326, -9, 190, 214, 375, 258, 307, 
190, 414, 224, -302, -17, 319, -4, 185, 200, 375, 258, 312, 
190, 414, 224, -302, -17, 319, -4, 170, 195, 370, 253, 312, 
185, 409, 224, -297, -19, 317, -9, 170, 180, 366, 248, 312, 
180, 400, 219, -290, -19, 309, -9, 156, 170, 361, 239, 307, 
190, 409, 219, -300, -14, 314, -9, 151, 161, 346, 234, 302, 
185, 400, 214, -292, -14, 307, -9, 141, 151, 341, 229, 297, 
180, 400, 219, -290, -19, 309, -4, 131, 146, 331, 224, 292, 
180, 395, 214, -287, -17, 305, -4, 131, 136, 322, 219, 287, 
165, 385, 219, -275, -26, 302, -4, 117, 122, 317, 209, 278, 
161, 370, 209, -265, -24, 290, 0, 117, 112, 302, 200, 268, 
156, 361, 204, -258, -24, 283, 0, 112, 102, 297, 195, 263, 
151, 351, 200, -251, -24, 275, 0, 107, 82, 287, 180, 258, 
136, 336, 200, -236, -31, 268, -9, 87, 73, 268, 161, 244, 
126, 322, 195, -224, -34, 258, -14, 82, 63, 258, 156, 234, 
112, 307, 195, -209, -41, 251, -14, 73, 53, 248, 146, 224, 
102, 292, 190, -197, -43, 241, -14, 68, 48, 239, 141, 214, 
87, 273, 185, -180, -48, 229, -4, 68, 39, 234, 131, 214, 
82, 263, 180, -173, -48, 222, 0, 68, 34, 224, 126, 200, 
73, 253, 180, -163, -53, 217, 0, 63, 24, 219, 122, 195, 
68, 248, 180, -158, -56, 214, 9, 63, 14, 209, 117, 190, 
73, 248, 175, -161, -51, 212, 0, 68, 9, 219, 107, 185, 
73, 244, 170, -158, -48, 207, 0, 68, 4, 214, 102, 180, 
73, 234, 161, -153, -43, 197, 4, 68, 0, 204, 97, 175, 
73, 229, 156, -151, -41, 192, 4, 63, -4, 200, 92, 175, 
73, 234, 161, -153, -43, 197, 4, 58, -9, 185, 87, 165, 
73, 229, 156, -151, -41, 192, 9, 58, -19, 180, 82, 165, 
68, 224, 156, -146, -43, 190, 9, 58, -19, 180, 82, 165, 
63, 219, 156, -141, -46, 187, 9, 58, -24, 175, 78, 165, 
68, 219, 151, -143, -41, 185, 24, 58, -29, 170, 87, 170, 
63, 214, 151, -139, -43, 183, 24, 58, -29, 170, 82, 165, 
63, 209, 146, -136, -41, 178, 24, 58, -34, 165, 78, 161, 
63, 209, 146, -136, -41, 178, 24, 58, -34, 161, 73, 156, 
63, 204, 141, -134, -39, 173, 24, 53, -39, 165, 73, 146, 
63, 200, 136, -131, -36, 168, 29, 53, -43, 165, 73, 146, 
63, 200, 136, -131, -36, 168, 29, 53, -43, 165, 63, 146, 
63, 200, 136, -131, -36, 168, 29, 53, -43, 165, 63, 146, 
63, 200, 136, -131, -36, 168, 19, 53, -43, 156, 63, 136, 
63, 195, 131, -129, -34, 163, 19, 53, -43, 151, 63, 136, 
63, 195, 131, -129, -34, 163, 24, 53, -43, 151, 63, 136, 
63, 195, 131, -129, -34, 163, 24, 53, -43, 151, 63, 131, 
63, 180, 117, -122, -26, 148, 34, 53, -43, 151, 53, 141, 
63, 180, 117, -122, -26, 148, 29, 53, -43, 151, 53, 141, 
58, 180, 122, -119, -31, 151, 29, 53, -48, 146, 53, 141, 
58, 180, 122, -119, -31, 151, 29, 53, -48, 146, 48, 141, 
53, 185, 131, -119, -39, 158, 29, 48, -48, 146, 48, 126, 
53, 185, 131, -119, -39, 158, 29, 48, -48, 141, 48, 126, 
53, 185, 131, -119, -39, 158, 29, 48, -48, 141, 48, 126, 
53, 185, 131, -119, -39, 158, 29, 48, -48, 141, 48, 126, 
53, 185, 131, -119, -39, 158, 24, 53, -53, 141, 48, 122, 
58, 180, 122, -119, -31, 151, 24, 53, -53, 141, 48, 122, 
58, 180, 122, -119, -31, 151, 24, 53, -53, 141, 48, 122, 
58, 180, 122, -119, -31, 151, 24, 53, -53, 141, 48, 122, 
58, 175, 117, -117, -29, 146, 34, 48, -58, 141, 48, 122, 
58, 175, 117, -117, -29, 146, 34, 48, -58, 141, 43, 122, 
58, 175, 117, -117, -29, 146, 34, 48, -58, 141, 43, 126, 
53, 175, 122, -114, -34, 148, 34, 53, -58, 141, 48, 126, 
53, 185, 131, -119, -39, 158, 34, 53, -48, 141, 48, 126, 
53, 185, 131, -119, -39, 158, 34, 53, -48, 141, 48, 126, 
53, 185, 131, -119, -39, 158, 34, 53, -48, 141, 48, 126, 
53, 185, 131, -119, -39, 158, 34, 53, -48, 141, 48, 126, 
53, 190, 136, -122, -41, 163, 24, 53, -48, 146, 48, 126, 
58, 190, 131, -124, -36, 161, 24, 48, -48, 146, 48, 126, 
58, 185, 126, -122, -34, 156, 24, 48, -48, 146, 48, 126, 
58, 185, 126, -122, -34, 156, 24, 48, -48, 146, 48, 126, 
68, 185, 117, -126, -24, 151, 29, 58, -48, 141, 48, 126, 
63, 185, 122, -124, -29, 153, 34, 58, -48, 141, 48, 126, 
63, 185, 122, -124, -29, 153, 34, 58, -48, 141, 48, 126, 
68, 185, 117, -126, -24, 151, 39, 58, -48, 141, 48, 126, 
68, 190, 122, -129, -26, 156, 43, 58, -48, 141, 58, 136, 
68, 190, 122, -129, -26, 156, 43, 58, -48, 141, 58, 136, 
68, 190, 122, -129, -26, 156, 43, 63, -43, 141, 58, 136, 
68, 190, 122, -129, -26, 156, 43, 63, -43, 141, 63, 141, 
68, 190, 122, -129, -26, 156, 34, 63, -43, 141, 53, 131, 
68, 190, 122, -129, -26, 156, 34, 63, -43, 141, 48, 131, 
68, 190, 122, -129, -26, 156, 34, 63, -43, 141, 48, 131, 
68, 190, 122, -129, -26, 156, 34, 63, -43, 141, 48, 131, 
63, 185, 122, -124, -29, 153, 34, 53, -43, 136, 48, 131, 
58, 180, 122, -119, -31, 151, 34, 53, -43, 136, 48, 131, 
53, 175, 122, -114, -34, 148, 34, 53, -43, 131, 48, 131, 
48, 170, 122, -109, -36, 146, 34, 53, -43, 131, 48, 126, 
48, 161, 112, -104, -31, 136, 34, 53, -53, 136, 43, 126, 
48, 161, 112, -104, -31, 136, 34, 53, -53, 136, 43, 131, 
48, 161, 112, -104, -31, 136, 34, 53, -53, 136, 43, 131, 
48, 161, 112, -104, -31, 136, 34, 53, -53, 136, 43, 131, 
48, 170, 122, -109, -36, 146, 34, 63, -43, 131, 53, 122, 
48, 170, 122, -109, -36, 146, 34, 63, -43, 131, 53, 122, 
48, 170, 122, -109, -36, 146, 34, 63, -43, 136, 53, 122, 
48, 170, 122, -109, -36, 146, 34, 63, -43, 136, 53, 122, 
48, 170, 122, -109, -36, 146, 34, 53, -43, 136, 63, 122, 
48, 170, 122, -109, -36, 146, 34, 53, -43, 136, 63, 122, 
48, 170, 122, -109, -36, 146, 34, 53, -43, 136, 63, 122, 
48, 170, 122, -109, -36, 146, 34, 53, -43, 136, 63, 122, 
48, 170, 122, -109, -36, 146, 34, 63, -43, 136, 53, 122, 
48, 170, 122, -109, -36, 146, 34, 63, -43, 136, 53, 122, 
48, 170, 122, -109, -36, 146, 34, 63, -43, 136, 53, 122, 
48, 170, 122, -109, -36, 146, 29, 63, -43, 136, 53, 122, 
58, 180, 122, -119, -31, 151, 29, 63, -43, 136, 63, 131, 
58, 180, 122, -119, -31, 151, 29, 63, -43, 136, 63, 131, 
58, 180, 122, -119, -31, 151, 29, 63, -39, 136, 63, 131, 
58, 180, 122, -119, -31, 151, 34, 63, -39, 136, 63, 131, 
58, 180, 122, -119, -31, 151, 39, 63, -39, 146, 53, 122, 
58, 180, 122, -119, -31, 151, 39, 63, -39, 146, 53, 122, 
58, 180, 122, -119, -31, 151, 39, 63, -39, 146, 53, 122, 
58, 180, 122, -119, -31, 151, 39, 63, -39, 146, 53, 122, 
48, 175, 126, -112, -39, 151, 29, 63, -48, 136, 53, 122, 
48, 175, 126, -112, -39, 151, 29, 63, -48, 136, 53, 122, 
48, 175, 126, -112, -39, 151, 29, 63, -48, 136, 53, 122, 
48, 170, 122, -109, -36, 146, 29, 63, -48, 131, 53, 122, 
58, 180, 122, -119, -31, 151, 39, 63, -48, 131, 53, 122, 
58, 180, 122, -119, -31, 151, 34, 63, -48, 131, 53, 122, 
58, 180, 122, -119, -31, 151, 34, 63, -48, 136, 53, 122, 
58, 175, 117, -117, -29, 146, 34, 63, -48, 136, 53, 122, 
48, 175, 126, -112, -39, 151, 34, 63, -48, 136, 53, 131, 
48, 180, 131, -114, -41, 156, 34, 63, -48, 136, 53, 131, 
48, 180, 131, -114, -41, 156, 34, 63, -53, 136, 53, 131, 
48, 180, 131, -114, -41, 156, 34, 63, -53, 136, 53, 126, 
48, 170, 122, -109, -36, 146, 34, 53, -53, 136, 53, 117, 
48, 170, 122, -109, -36, 146, 34, 53, -53, 136, 53, 122, 
48, 170, 122, -109, -36, 146, 39, 53, -53, 136, 48, 122, 
48, 170, 122, -109, -36, 146, 39, 53, -53, 131, 48, 122, 
58, 170, 112, -114, -26, 141, 39, 63, -53, 131, 48, 112, 
58, 170, 112, -114, -26, 141, 39, 63, -53, 131, 48, 112, 
58, 170, 112, -114, -26, 141, 39, 63, -58, 131, 48, 112, 
58, 165, 107, -112, -24, 136, 39, 63, -58, 131, 48, 112, 
68, 175, 107, -122, -19, 141, 39, 63, -58, 131, 48, 112, 
68, 175, 107, -122, -19, 141, 39, 63, -58, 131, 48, 112, 
68, 175, 107, -122, -19, 141, 39, 58, -58, 131, 48, 112, 
68, 175, 107, -122, -19, 141, 39, 58, -58, 131, 48, 112, 
58, 170, 112, -114, -26, 141, 39, 63, -58, 131, 48, 112, 
58, 170, 112, -114, -26, 141, 39, 63, -58, 131, 48, 112, 
58, 170, 112, -114, -26, 141, 39, 58, -58, 131, 48, 112, 
58, 170, 112, -114, -26, 141, 39, 58, -63, 122, 43, 107, 
48, 161, 112, -104, -31, 136, 39, 58, -53, 122, 43, 107, 
48, 161, 112, -104, -31, 136, 39, 58, -53, 122, 43, 107, 
48, 156, 107, -102, -29, 131, 39, 58, -58, 122, 39, 107, 
48, 156, 107, -102, -29, 131, 39, 58, -58, 122, 39, 107, 
39, 151, 112, -95, -36, 131, 39, 48, -68, 117, 39, 107, 
39, 151, 112, -95, -36, 131, 39, 48, -63, 117, 43, 107, 
39, 151, 112, -95, -36, 131, 39, 53, -63, 117, 43, 107, 
39, 151, 112, -95, -36, 131, 39, 53, -68, 112, 39, 107, 
39, 151, 112, -95, -36, 131, 39, 63, -68, 122, 39, 107, 
39, 151, 112, -95, -36, 131, 39, 63, -68, 117, 39, 107, 
39, 146, 107, -92, -34, 126, 39, 58, -73, 117, 39, 107, 
39, 146, 107, -92, -34, 126, 39, 58, -73, 117, 39, 102, 
48, 146, 97, -97, -24, 122, 39, 58, -73, 107, 39, 102, 
48, 151, 102, -100, -26, 126, 39, 58, -73, 107, 34, 107, 
48, 151, 102, -100, -26, 126, 39, 58, -73, 107, 34, 107, 
48, 146, 97, -97, -24, 122, 39, 58, -73, 107, 34, 107, 
53, 146, 92, -100, -19, 119, 39, 58, -63, 107, 34, 107, 
53, 146, 92, -100, -19, 119, 39, 58, -63, 107, 34, 107, 
53, 146, 92, -100, -19, 119, 39, 58, -63, 107, 34, 107, 
53, 146, 92, -100, -19, 119, 43, 58, -63, 107, 34, 102, 
53, 141, 87, -97, -17, 114, 43, 58, -63, 107, 34, 102, 
53, 141, 87, -97, -17, 114, 43, 58, -63, 107, 39, 102, 
53, 141, 87, -97, -17, 114, 43, 58, -63, 107, 39, 102, 
53, 146, 92, -100, -19, 119, 43, 58, -63, 102, 39, 102, 
53, 146, 92, -100, -19, 119, 43, 58, -73, 112, 39, 102, 
53, 146, 92, -100, -19, 119, 43, 58, -73, 117, 39, 102, 
53, 146, 92, -100, -19, 119, 43, 58, -73, 117, 39, 102, 
53, 146, 92, -100, -19, 119, 43, 58, -73, 117, 34, 102, 
43, 141, 97, -92, -26, 119, 43, 58, -73, 107, 34, 102, 
43, 141, 97, -92, -26, 119, 43, 58, -73, 107, 34, 102, 
43, 141, 97, -92, -26, 119, 43, 58, -73, 107, 34, 102, 
43, 141, 97, -92, -26, 119, 43, 58, -73, 107, 29, 102, 
34, 131, 97, -82, -31, 114, 43, 58, -73, 107, 29, 102, 
34, 131, 97, -82, -31, 114, 43, 58, -78, 107, 29, 97, 
34, 126, 92, -80, -29, 109, 39, 58, -78, 107, 29, 97, 
34, 126, 92, -80, -29, 109, 39, 58, -78, 107, 29, 97, 
43, 136, 92, -90, -24, 114, 48, 58, -78, 107, 29, 97, 
43, 136, 92, -90, -24, 114, 48, 58, -78, 102, 29, 97, 
43, 136, 92, -90, -24, 114, 48, 58, -78, 102, 34, 97, 
43, 136, 92, -90, -24, 114, 48, 58, -73, 102, 34, 97, 
43, 136, 92, -90, -24, 114, 39, 58, -73, 102, 24, 87, 
43, 136, 92, -90, -24, 114, 39, 58, -73, 102, 24, 87, 
43, 136, 92, -90, -24, 114, 39, 58, -78, 97, 24, 87, 
43, 136, 92, -90, -24, 114, 39, 58, -78, 97, 24, 87, 
43, 136, 92, -90, -24, 114, 48, 58, -78, 97, 29, 87, 
43, 136, 92, -90, -24, 114, 48, 58, -78, 102, 29, 92, 
43, 136, 92, -90, -24, 114, 48, 58, -78, 102, 34, 92, 
43, 136, 92, -90, -24, 114, 48, 53, -78, 102, 34, 87, 
53, 136, 82, -95, -14, 109, 39, 53, -68, 102, 34, 97, 
53, 136, 82, -95, -14, 109, 39, 58, -68, 102, 34, 97, 
53, 136, 82, -95, -14, 109, 39, 58, -68, 102, 34, 97, 
53, 136, 82, -95, -14, 109, 39, 58, -68, 102, 34, 97, 
43, 126, 82, -85, -19, 104, 34, 48, -78, 97, 24, 87, 
43, 126, 82, -85, -19, 104, 39, 48, -78, 97, 24, 87, 
43, 126, 82, -85, -19, 104, 39, 48, -78, 97, 24, 87, 
43, 126, 82, -85, -19, 104, 39, 48, -78, 102, 24, 87, 
34, 122, 87, -78, -26, 104, 39, 48, -87, 92, 24, 78, 
34, 112, 78, -73, -21, 95, 39, 48, -87, 92, 24, 78, 
34, 107, 73, -70, -19, 90, 39, 48, -87, 92, 24, 78, 
34, 102, 68, -68, -17, 85, 39, 48, -87, 92, 24, 78, 
34, 112, 78, -73, -21, 95, 39, 48, -87, 92, 24, 87, 
34, 117, 82, -75, -24, 100, 39, 48, -87, 87, 24, 87, 
39, 117, 78, -78, -19, 97, 34, 48, -87, 87, 24, 92, 
39, 117, 78, -78, -19, 97, 34, 48, -87, 92, 24, 92, 
48, 122, 73, -85, -12, 97, 39, 48, -78, 102, 29, 92, 
53, 122, 68, -87, -7, 95, 39, 48, -78, 102, 29, 92, 
53, 122, 68, -87, -7, 95, 39, 53, -78, 102, 29, 92, 
48, 126, 78, -87, -14, 102, 39, 48, -78, 97, 29, 87, 
48, 126, 78, -87, -14, 102, 48, 58, -78, 107, 29, 87, 
48, 126, 78, -87, -14, 102, 48, 58, -78, 107, 29, 87, 
48, 126, 78, -87, -14, 102, 48, 58, -78, 107, 29, 87, 
48, 126, 78, -87, -14, 102, 48, 58, -78, 107, 29, 87, 
63, 141, 78, -102, -7, 109, 58, 68, -58, 112, 43, 102, 
68, 156, 87, -112, -9, 122, 58, 78, -53, 117, 53, 102, 
92, 165, 73, -129, 9, 119, 58, 87, -39, 126, 58, 117, 
107, 180, 73, -143, 17, 126, 58, 102, -29, 131, 58, 122, 
97, 180, 82, -139, 7, 131, 58, 97, -19, 146, 68, 126, 
102, 190, 87, -146, 7, 139, 58, 97, -14, 156, 78, 131, 
102, 200, 97, -151, 2, 148, 58, 97, -9, 161, 82, 141, 
102, 204, 102, -153, 0, 153, 58, 97, -4, 165, 82, 141, 
107, 214, 107, -161, 0, 161, 43, 87, -4, 156, 82, 141, 
107, 214, 107, -161, 0, 161, 43, 92, -4, 161, 82, 141, 
112, 214, 102, -163, 4, 158, 43, 92, 0, 161, 82, 146, 
117, 219, 102, -168, 7, 161, 43, 92, 4, 165, 92, 151, 
122, 229, 107, -175, 7, 168, 39, 107, 19, 170, 97, 151, 
126, 234, 107, -180, 9, 170, 29, 107, 24, 170, 102, 156, 
131, 239, 107, -185, 12, 173, 29, 107, 24, 175, 102, 161, 
131, 239, 107, -185, 12, 173, 24, 107, 19, 175, 102, 161, 
136, 239, 102, -187, 17, 170, 34, 102, 4, 170, 97, 156, 
136, 234, 97, -185, 19, 165, 29, 92, 0, 165, 92, 156, 
131, 224, 92, -178, 19, 158, 24, 87, -14, 161, 92, 151, 
126, 214, 87, -170, 19, 151, 19, 73, -29, 156, 87, 151, 
112, 209, 97, -161, 7, 153, 4, 53, -53, 146, 78, 126, 
112, 200, 87, -156, 12, 143, 0, 39, -68, 136, 68, 122, 
107, 190, 82, -148, 12, 136, -4, 39, -78, 131, 68, 117, 
107, 185, 78, -146, 14, 131, -9, 34, -82, 131, 63, 117, 
117, 195, 78, -156, 19, 136, 0, 43, -73, 131, 63, 122, 
117, 195, 78, -156, 19, 136, 0, 43, -73, 126, 63, 122, 
117, 195, 78, -156, 19, 136, 0, 39, -73, 126, 63, 122, 
122, 195, 73, -158, 24, 134, 0, 39, -73, 126, 63, 126, 
122, 195, 73, -158, 24, 134, 0, 39, -73, 126, 73, 126, 
122, 200, 78, -161, 21, 139, 0, 39, -73, 126, 73, 126, 
117, 200, 82, -158, 17, 141, 0, 39, -73, 126, 73, 122, 
112, 190, 78, -151, 17, 134, 4, 39, -78, 122, 68, 122, 
107, 180, 73, -143, 17, 126, 14, 48, -78, 122, 53, 117, 
102, 175, 73, -139, 14, 124, 24, 53, -87, 112, 48, 112, 
92, 161, 68, -126, 12, 114, 29, 53, -87, 112, 43, 107, 
82, 151, 68, -117, 7, 109, 34, 58, -87, 107, 43, 102, 
58, 136, 78, -97, -9, 107, 29, 48, -87, 102, 39, 97, 
48, 131, 82, -90, -17, 107, 34, 48, -82, 102, 39, 97, 
39, 126, 87, -82, -24, 107, 34, 43, -82, 102, 39, 97, 
39, 122, 82, -80, -21, 102, 34, 43, -82, 102, 29, 92, 
24, 112, 87, -68, -31, 100, 34, 43, -92, 92, 29, 82, 
24, 102, 78, -63, -26, 90, 29, 43, -97, 87, 24, 78, 
19, 97, 78, -58, -29, 87, 29, 43, -107, 82, 24, 78, 
19, 87, 68, -53, -24, 78, 34, 43, -112, 78, 19, 73, 
19, 92, 73, -56, -26, 82, 34, 39, -117, 73, 4, 58, 
24, 92, 68, -58, -21, 80, 34, 34, -122, 68, 4, 53, 
29, 87, 58, -58, -14, 73, 34, 34, -122, 63, 4, 53, 
34, 87, 53, -61, -9, 70, 34, 34, -122, 63, 4, 53, 
34, 87, 53, -61, -9, 70, 34, 34, -112, 73, 9, 63, 
34, 87, 53, -61, -9, 70, 34, 39, -112, 73, 9, 63, 
34, 87, 53, -61, -9, 70, 34, 39, -112, 73, 9, 63, 
34, 87, 53, -61, -9, 70, 34, 34, -107, 73, 9, 63, 
19, 78, 58, -48, -19, 68, 39, 34, -117, 73, 9, 63, 
19, 73, 53, -46, -17, 63, 43, 34, -117, 73, 9, 63, 
19, 73, 53, -46, -17, 63, 43, 34, -117, 73, 9, 63, 
14, 73, 58, -43, -21, 65, 43, 34, -117, 73, 9, 63, 
14, 68, 53, -41, -19, 61, 43, 43, -117, 63, 0, 53, 
14, 63, 48, -39, -17, 56, 43, 43, -122, 63, 0, 53, 
14, 63, 48, -39, -17, 56, 43, 39, -122, 63, -4, 48, 
14, 63, 48, -39, -17, 56, 48, 39, -122, 58, -4, 48, 
14, 73, 58, -43, -21, 65, 48, 43, -112, 68, 4, 58, 
14, 68, 53, -41, -19, 61, 48, 43, -112, 68, 4, 58, 
14, 68, 53, -41, -19, 61, 48, 43, -112, 68, 4, 58, 
9, 68, 58, -39, -24, 63, 48, 43, -112, 68, 4, 58, 
9, 68, 58, -39, -24, 63, 48, 43, -112, 68, 9, 58, 
9, 68, 58, -39, -24, 63, 48, 43, -112, 68, 9, 58, 
9, 68, 58, -39, -24, 63, 53, 43, -112, 68, 4, 58, 
9, 68, 58, -39, -24, 63, 53, 48, -112, 73, 4, 58, 
9, 73, 63, -41, -26, 68, 53, 48, -122, 73, 4, 53, 
9, 73, 63, -41, -26, 68, 53, 43, -122, 63, 4, 53, 
9, 73, 63, -41, -26, 68, 53, 43, -122, 63, 0, 48, 
9, 68, 58, -39, -24, 63, 53, 43, -122, 63, 0, 48, 
9, 58, 48, -34, -19, 53, 53, 43, -122, 63, 0, 48, 
4, 53, 48, -29, -21, 51, 53, 43, -122, 68, 0, 48, 
4, 53, 48, -29, -21, 51, 53, 43, -122, 68, 0, 48, 
9, 53, 43, -31, -17, 48, 53, 43, -126, 68, 0, 48, 
0, 53, 53, -26, -26, 53, 53, 34, -126, 68, 4, 48, 
4, 53, 48, -29, -21, 51, 48, 34, -122, 68, 4, 48, 
4, 53, 48, -29, -21, 51, 48, 34, -122, 68, 4, 48, 
4, 53, 48, -29, -21, 51, 48, 34, -122, 68, 4, 48, 
4, 53, 48, -29, -21, 51, 53, 48, -112, 78, 4, 48, 
4, 53, 48, -29, -21, 51, 53, 48, -107, 82, 4, 48, 
4, 58, 53, -31, -24, 56, 53, 48, -107, 82, 9, 53, 
4, 58, 53, -31, -24, 56, 53, 48, -107, 82, 9, 53, 
14, 53, 39, -34, -12, 46, 73, 78, -87, 82, 0, 48, 
14, 39, 24, -26, -4, 31, 87, 97, -68, 82, 0, 39, 
14, 29, 14, -21, 0, 21, 107, 122, -34, 82, 0, 29, 
14, 48, 34, -31, -9, 41, 122, 156, 4, 92, 14, 39, 
34, 68, 34, -51, 0, 51, 117, 195, 53, 122, 43, 58, 
68, 117, 48, -92, 9, 82, 117, 229, 117, 175, 97, 102, 
112, 175, 63, -143, 24, 119, 117, 292, 209, 263, 175, 161, 
175, 263, 87, -219, 43, 175, 122, 351, 326, 375, 273, 244, 
258, 375, 117, -317, 70, 246, 87, 380, 434, 512, 395, 351, 
375, 522, 146, -448, 114, 334, -4, 351, 478, 639, 536, 483, 
502, 717, 214, -610, 143, 466, -165, 219, 429, 785, 697, 639, 
629, 932, 302, -780, 163, 617, -361, 9, 292, 912, 868, 814, 
712, 1093, 380, -902, 165, 736, -517, -175, 151, 995, 1000, 951, 
727, 1200, 473, -963, 126, 836, -600, -307, 43, 1024, 1058, 1034, 
649, 1244, 595, -946, 26, 919, -649, -434, -29, 1015, 1063, 1068, 
492, 1249, 756, -871, -131, 1002, -649, -570, -82, 976, 1034, 1058, 
336, 1171, 834, -753, -248, 1002, -600, -658, -170, 863, 922, 990, 
253, 1034, 780, -644, -263, 907, -546, -658, -258, 697, 751, 858, 
195, 878, 683, -536, -244, 780, -478, -624, -326, 541, 575, 697, 
102, 736, 634, -419, -265, 685, -405, -605, -419, 409, 429, 556, 
4, 629, 624, -317, -309, 627, -361, -629, -580, 239, 263, 419, 
-82, 512, 595, -214, -339, 553, -336, -673, -766, 39, 82, 278, 
-131, 380, 512, -124, -322, 446, -297, -663, -834, -73, -29, 175, 
-146, 302, 448, -78, -297, 375, -278, -590, -746, -68, -24, 141, 
-126, 287, 414, -80, -270, 351, -258, -512, -619, -24, 14, 151, 
-92, 287, 380, -97, -236, 334, -234, -424, -517, 14, 29, 156, 
-58, 283, 341, -112, -200, 312, -185, -307, -409, 58, 63, 170, 
-34, 278, 312, -122, -173, 295, -146, -234, -331, 92, 73, 170, 
-19, 258, 278, -119, -148, 268, -112, -185, -283, 97, 73, 161, 
9, 253, 244, -131, -117, 248, -82, -131, -248, 107, 68, 151, 
29, 248, 219, -139, -95, 234, -39, -73, -200, 126, 82, 161, 
34, 244, 209, -139, -87, 226, -9, -39, -156, 126, 82, 156, 
43, 224, 180, -134, -68, 202, 14, -4, -117, 131, 97, 156, 
43, 209, 165, -126, -61, 187, 29, 24, -87, 141, 97, 156, 
43, 175, 131, -109, -43, 153, 43, 43, -73, 141, 97, 141, 
34, 146, 112, -90, -39, 129, 48, 48, -58, 126, 87, 131, 
39, 126, 87, -82, -24, 107, 58, 63, -53, 131, 82, 112, 
34, 122, 87, -78, -26, 104, 58, 58, -53, 131, 73, 102, 
34, 122, 87, -78, -26, 104, 58, 58, -53, 131, 73, 102, 
34, 126, 92, -80, -29, 109, 63, 63, -53, 131, 73, 102, 
34, 126, 92, -80, -29, 109, 63, 68, -53, 131, 73, 102, 
34, 126, 92, -80, -29, 109, 63, 68, -58, 117, 63, 102, 
34, 126, 92, -80, -29, 109, 73, 73, -53, 117, 63, 102, 
34, 122, 87, -78, -26, 104, 78, 78, -48, 117, 63, 97, 
34, 112, 78, -73, -21, 95, 82, 87, -43, 122, 58, 92, 
34, 117, 82, -75, -24, 100, 73, 78, -29, 122, 68, 87, 
34, 112, 78, -73, -21, 95, 78, 82, -24, 117, 68, 87, 
39, 112, 73, -75, -17, 92, 78, 87, -24, 117, 68, 87, 
39, 112, 73, -75, -17, 92, 78, 87, -19, 117, 63, 87, 
39, 102, 63, -70, -12, 82, 78, 102, -24, 117, 63, 87, 
39, 102, 63, -70, -12, 82, 82, 102, -19, 117, 68, 92, 
39, 102, 63, -70, -12, 82, 82, 102, -14, 117, 68, 92, 
34, 102, 68, -68, -17, 85, 82, 102, -14, 122, 68, 92, 
34, 97, 63, -65, -14, 80, 87, 97, -14, 131, 68, 92, 
39, 97, 58, -68, -9, 78, 87, 97, -14, 131, 73, 92, 
39, 97, 58, -68, -9, 78, 87, 102, -14, 131, 73, 92, 
39, 97, 58, -68, -9, 78, 87, 102, -9, 131, 73, 92, 
39, 97, 58, -68, -9, 78, 87, 102, 0, 126, 73, 92, 
43, 102, 58, -73, -7, 80, 87, 107, 0, 126, 73, 92, 
43, 102, 58, -73, -7, 80, 87, 107, 4, 126, 73, 97, 
43, 102, 58, -73, -7, 80, 87, 107, 4, 126, 73, 97, 
34, 102, 68, -68, -17, 85, 78, 112, 0, 126, 73, 97, 
39, 97, 58, -68, -9, 78, 78, 112, 0, 126, 78, 97, 
39, 92, 53, -65, -7, 73, 78, 112, 9, 126, 78, 97, 
39, 92, 53, -65, -7, 73, 78, 112, 9, 131, 78, 97, 
34, 97, 63, -65, -14, 80, 78, 112, 9, 136, 78, 97, 
34, 97, 63, -65, -14, 80, 78, 112, 14, 136, 82, 102, 
34, 97, 63, -65, -14, 80, 78, 117, 14, 136, 82, 102, 
34, 97, 63, -65, -14, 80, 78, 117, 14, 136, 82, 102, 
34, 102, 68, -68, -17, 85, 78, 117, 24, 141, 82, 102, 
43, 102, 58, -73, -7, 80, 78, 117, 24, 141, 82, 102, 
43, 102, 58, -73, -7, 80, 78, 122, 29, 146, 87, 107, 
43, 102, 58, -73, -7, 80, 78, 122, 39, 146, 92, 107, 
48, 112, 63, -80, -7, 87, 78, 122, 29, 141, 92, 107, 
48, 112, 63, -80, -7, 87, 78, 126, 29, 141, 92, 112, 
53, 112, 58, -82, -2, 85, 78, 126, 34, 141, 92, 112, 
58, 112, 53, -85, 2, 82, 78, 126, 34, 141, 97, 112, 
68, 117, 48, -92, 9, 82, 78, 126, 34, 156, 107, 112, 
68, 122, 53, -95, 7, 87, 78, 131, 39, 156, 107, 112, 
68, 122, 53, -95, 7, 87, 78, 131, 39, 161, 112, 117, 
68, 126, 58, -97, 4, 92, 78, 136, 48, 161, 112, 117, 
73, 126, 53, -100, 9, 90, 78, 136, 63, 170, 117, 122, 
73, 131, 58, -102, 7, 95, 78, 136, 63, 170, 117, 122, 
73, 131, 58, -102, 7, 95, 78, 136, 63, 170, 117, 122, 
78, 131, 53, -104, 12, 92, 78, 141, 73, 170, 122, 126, 
78, 136, 58, -107, 9, 97, 78, 141, 68, 170, 122, 126, 
73, 136, 63, -104, 4, 100, 78, 146, 68, 175, 122, 126, 
73, 141, 68, -107, 2, 104, 78, 146, 68, 175, 126, 126, 
78, 141, 63, -109, 7, 102, 78, 146, 68, 175, 126, 131, 
68, 141, 73, -104, -2, 107, 78, 151, 68, 180, 126, 131, 
73, 141, 68, -107, 2, 104, 78, 151, 78, 180, 131, 131, 
78, 146, 68, -112, 4, 107, 78, 156, 82, 190, 131, 131, 
78, 151, 73, -114, 2, 112, 78, 161, 87, 195, 136, 131, 
78, 151, 73, -114, 2, 112, 68, 161, 92, 195, 136, 136, 
82, 151, 68, -117, 7, 109, 68, 161, 97, 195, 146, 141, 
87, 156, 68, -122, 9, 112, 68, 165, 102, 195, 146, 146, 
87, 156, 68, -122, 9, 112, 68, 165, 102, 200, 146, 146, 
97, 161, 63, -129, 17, 112, 78, 175, 112, 200, 156, 151, 
97, 161, 63, -129, 17, 112, 78, 175, 117, 209, 156, 151, 
97, 165, 68, -131, 14, 117, 78, 175, 122, 214, 156, 156, 
97, 170, 73, -134, 12, 122, 78, 180, 126, 219, 161, 156, 
97, 161, 63, -129, 17, 112, 78, 185, 131, 229, 161, 161, 
97, 170, 73, -134, 12, 122, 78, 185, 136, 234, 161, 161, 
97, 175, 78, -136, 9, 126, 78, 190, 141, 234, 165, 170, 
102, 180, 78, -141, 12, 129, 78, 195, 146, 239, 170, 175, 
107, 185, 78, -146, 14, 131, 73, 195, 151, 234, 175, 175, 
107, 190, 82, -148, 12, 136, 68, 200, 156, 239, 175, 175, 
112, 190, 78, -151, 17, 134, 68, 204, 161, 244, 175, 175, 
112, 190, 78, -151, 17, 134, 68, 209, 165, 244, 185, 175, 
112, 204, 92, -158, 9, 148, 68, 209, 180, 258, 200, 180, 
117, 209, 92, -163, 12, 151, 68, 209, 185, 263, 200, 190, 
122, 214, 92, -168, 14, 153, 68, 219, 190, 268, 209, 195, 
122, 214, 92, -168, 14, 153, 68, 224, 195, 273, 209, 200, 
131, 229, 97, -180, 17, 163, 78, 224, 190, 273, 204, 204, 
136, 234, 97, -185, 19, 165, 78, 229, 195, 278, 209, 204, 
136, 239, 102, -187, 17, 170, 73, 229, 204, 283, 214, 204, 
141, 244, 102, -192, 19, 173, 73, 229, 209, 287, 219, 204, 
131, 244, 112, -187, 9, 178, 63, 234, 209, 283, 234, 204, 
136, 244, 107, -190, 14, 175, 63, 244, 214, 287, 239, 209, 
136, 244, 107, -190, 14, 175, 63, 244, 219, 292, 239, 214, 
141, 248, 107, -195, 17, 178, 63, 248, 224, 297, 244, 219, 
131, 239, 107, -185, 12, 173, 63, 248, 239, 312, 239, 224, 
136, 244, 107, -190, 14, 175, 63, 248, 239, 317, 244, 224, 
141, 248, 107, -195, 17, 178, 58, 253, 244, 322, 248, 224, 
141, 253, 112, -197, 14, 183, 58, 253, 248, 322, 253, 224, 
151, 263, 112, -207, 19, 187, 58, 253, 239, 326, 263, 234, 
156, 268, 112, -212, 21, 190, 48, 253, 244, 331, 263, 239, 
161, 268, 107, -214, 26, 187, 48, 253, 248, 336, 268, 239, 
161, 273, 112, -217, 24, 192, 48, 253, 253, 341, 278, 244, 
170, 278, 107, -224, 31, 192, 48, 253, 253, 331, 268, 253, 
170, 283, 112, -226, 29, 197, 48, 253, 253, 331, 268, 258, 
170, 283, 112, -226, 29, 197, 39, 253, 253, 331, 268, 258, 
175, 287, 112, -231, 31, 200, 39, 253, 248, 336, 273, 258, 
175, 292, 117, -234, 29, 204, 43, 244, 248, 346, 287, 263, 
175, 297, 122, -236, 26, 209, 43, 244, 248, 351, 287, 263, 
175, 302, 126, -239, 24, 214, 43, 239, 248, 351, 287, 268, 
180, 302, 122, -241, 29, 212, 39, 239, 244, 351, 287, 268, 
180, 312, 131, -246, 24, 222, 24, 248, 244, 351, 292, 268, 
180, 312, 131, -246, 24, 222, 24, 244, 244, 351, 292, 268, 
175, 317, 141, -246, 17, 229, 19, 239, 244, 351, 292, 268, 
175, 317, 141, -246, 17, 229, 19, 234, 244, 351, 292, 268, 
175, 322, 146, -248, 14, 234, 24, 229, 229, 341, 283, 268, 
175, 322, 146, -248, 14, 234, 24, 224, 229, 341, 283, 268, 
180, 326, 146, -253, 17, 236, 19, 219, 224, 341, 283, 273, 
180, 326, 146, -253, 17, 236, 19, 214, 219, 341, 283, 273, 
175, 317, 141, -246, 17, 229, 14, 200, 204, 331, 283, 273, 
175, 312, 136, -244, 19, 224, 9, 185, 200, 326, 278, 268, 
175, 312, 136, -244, 19, 224, 9, 175, 195, 326, 278, 268, 
175, 312, 136, -244, 19, 224, 9, 170, 185, 326, 278, 268, 
161, 307, 146, -234, 7, 226, -4, 165, 175, 317, 278, 253, 
161, 307, 146, -234, 7, 226, -4, 151, 175, 312, 273, 253, 
156, 302, 146, -229, 4, 224, -9, 151, 165, 307, 268, 253, 
151, 292, 141, -222, 4, 217, -9, 136, 161, 302, 258, 248, 
151, 283, 131, -217, 9, 207, -9, 141, 141, 297, 253, 244, 
146, 273, 126, -209, 9, 200, -9, 131, 131, 292, 248, 239, 
141, 273, 131, -207, 4, 202, -4, 122, 126, 283, 244, 234, 
141, 268, 126, -204, 7, 197, -4, 122, 117, 273, 239, 229, 
136, 268, 131, -202, 2, 200, -4, 107, 102, 268, 239, 219, 
131, 253, 122, -192, 4, 187, 0, 107, 92, 253, 229, 209, 
126, 244, 117, -185, 4, 180, 0, 102, 82, 248, 224, 204, 
122, 234, 112, -178, 4, 173, 0, 97, 63, 239, 209, 200, 
102, 214, 112, -158, -4, 163, 9, 87, 63, 229, 200, 190, 
97, 204, 107, -151, -4, 156, 4, 82, 53, 219, 195, 185, 
87, 195, 107, -141, -9, 151, 4, 73, 43, 209, 185, 180, 
82, 185, 102, -134, -9, 143, 4, 68, 39, 200, 180, 175, 
82, 185, 102, -134, -9, 143, 4, 68, 29, 204, 170, 175, 
82, 175, 92, -129, -4, 134, 9, 68, 24, 195, 165, 161, 
78, 165, 87, -122, -4, 126, 9, 63, 14, 190, 161, 156, 
78, 161, 82, -119, -2, 122, 19, 63, 4, 180, 156, 151, 
78, 151, 73, -114, 2, 112, 19, 58, 9, 180, 146, 136, 
73, 146, 73, -109, 0, 109, 19, 58, 4, 175, 141, 131, 
68, 136, 68, -102, 0, 102, 24, 58, 0, 165, 136, 126, 
63, 131, 68, -97, -2, 100, 24, 53, -4, 161, 131, 126, 
53, 117, 63, -85, -4, 90, 24, 58, -9, 156, 126, 126, 
53, 112, 58, -82, -2, 85, 29, 58, -19, 151, 122, 126, 
48, 107, 58, -78, -4, 82, 29, 58, -19, 151, 122, 126, 
43, 102, 58, -73, -7, 80, 29, 58, -24, 146, 117, 126, 
39, 102, 63, -70, -12, 82, 34, 58, -29, 141, 126, 122, 
34, 97, 63, -65, -14, 80, 34, 58, -29, 141, 122, 117, 
34, 92, 58, -63, -12, 75, 34, 58, -34, 136, 117, 112, 
34, 92, 58, -63, -12, 75, 34, 58, -34, 131, 112, 107, 
43, 87, 43, -65, 0, 65, 34, 53, -29, 126, 112, 107, 
43, 82, 39, -63, 2, 61, 39, 53, -34, 126, 112, 107, 
43, 82, 39, -63, 2, 61, 39, 53, -34, 126, 102, 107, 
43, 82, 39, -63, 2, 61, 39, 53, -34, 126, 102, 107, 
34, 82, 48, -58, -7, 65, 39, 53, -34, 126, 102, 107, 
34, 78, 43, -56, -4, 61, 39, 53, -34, 122, 102, 107, 
34, 78, 43, -56, -4, 61, 43, 53, -34, 122, 102, 107, 
34, 78, 43, -56, -4, 61, 43, 53, -34, 122, 102, 102, 
43, 82, 39, -63, 2, 61, 43, 53, -43, 122, 102, 92, 
43, 82, 39, -63, 2, 61, 39, 53, -43, 122, 102, 92, 
39, 82, 43, -61, -2, 63, 39, 53, -48, 117, 102, 92, 
39, 82, 43, -61, -2, 63, 39, 53, -48, 117, 97, 92, 
34, 78, 43, -56, -4, 61, 39, 48, -39, 117, 97, 97, 
34, 78, 43, -56, -4, 61, 39, 48, -39, 112, 97, 97, 
34, 78, 43, -56, -4, 61, 39, 48, -39, 112, 97, 97, 
34, 78, 43, -56, -4, 61, 39, 48, -39, 112, 97, 97, 
34, 78, 43, -56, -4, 61, 43, 43, -43, 122, 97, 92, 
39, 73, 34, -56, 2, 53, 43, 43, -43, 122, 97, 92, 
39, 73, 34, -56, 2, 53, 43, 43, -43, 122, 97, 92, 
39, 73, 34, -56, 2, 53, 43, 43, -43, 122, 97, 92, 
39, 78, 39, -58, 0, 58, 43, 48, -39, 122, 97, 102, 
39, 78, 39, -58, 0, 58, 43, 48, -39, 122, 92, 102, 
39, 78, 39, -58, 0, 58, 43, 48, -39, 122, 92, 107, 
34, 78, 43, -56, -4, 61, 43, 53, -39, 122, 97, 107, 
43, 87, 43, -65, 0, 65, 43, 53, -39, 122, 107, 97, 
43, 87, 43, -65, 0, 65, 43, 53, -39, 122, 107, 97, 
43, 87, 43, -65, 0, 65, 43, 53, -39, 122, 107, 97, 
43, 87, 43, -65, 0, 65, 43, 53, -39, 122, 107, 97, 
43, 82, 39, -63, 2, 61, 43, 53, -39, 126, 107, 107, 
48, 82, 34, -65, 7, 58, 43, 48, -39, 126, 107, 107, 
48, 78, 29, -63, 9, 53, 43, 48, -39, 126, 107, 107, 
48, 78, 29, -63, 9, 53, 43, 48, -39, 126, 107, 107, 
39, 78, 39, -58, 0, 58, 43, 48, -39, 122, 107, 97, 
34, 78, 43, -56, -4, 61, 43, 48, -39, 122, 107, 97, 
34, 78, 43, -56, -4, 61, 39, 48, -39, 122, 107, 97, 
39, 78, 39, -58, 0, 58, 39, 48, -39, 122, 107, 97, 
39, 73, 34, -56, 2, 53, 43, 48, -39, 122, 97, 97, 
39, 73, 34, -56, 2, 53, 43, 48, -39, 122, 97, 97, 
39, 73, 34, -56, 2, 53, 43, 53, -34, 122, 97, 97, 
39, 73, 34, -56, 2, 53, 43, 53, -34, 122, 102, 102, 
39, 63, 24, -51, 7, 43, 43, 53, -34, 122, 112, 102, 
39, 63, 24, -51, 7, 43, 43, 53, -34, 122, 107, 102, 
39, 63, 24, -51, 7, 43, 43, 53, -34, 122, 107, 102, 
39, 63, 24, -51, 7, 43, 43, 53, -34, 122, 107, 102, 
29, 73, 43, -51, -7, 58, 43, 53, -24, 126, 107, 102, 
29, 73, 43, -51, -7, 58, 43, 53, -24, 126, 107, 102, 
29, 73, 43, -51, -7, 58, 43, 53, -24, 122, 107, 102, 
29, 73, 43, -51, -7, 58, 43, 53, -24, 122, 107, 97, 
39, 82, 43, -61, -2, 63, 43, 53, -24, 126, 112, 97, 
39, 82, 43, -61, -2, 63, 43, 53, -24, 126, 112, 102, 
39, 82, 43, -61, -2, 63, 43, 53, -24, 126, 112, 102, 
39, 82, 43, -61, -2, 63, 43, 53, -24, 126, 112, 102, 
39, 82, 43, -61, -2, 63, 43, 53, -24, 131, 112, 102, 
39, 82, 43, -61, -2, 63, 43, 53, -24, 131, 112, 102, 
39, 82, 43, -61, -2, 63, 43, 53, -24, 136, 112, 102, 
39, 82, 43, -61, -2, 63, 43, 53, -24, 136, 112, 102, 
48, 82, 34, -65, 7, 58, 43, 63, -34, 126, 122, 102, 
48, 82, 34, -65, 7, 58, 43, 63, -34, 126, 122, 102, 
48, 82, 34, -65, 7, 58, 43, 63, -34, 126, 122, 102, 
48, 82, 34, -65, 7, 58, 43, 63, -34, 126, 122, 102, 
39, 73, 34, -56, 2, 53, 43, 53, -24, 136, 122, 112, 
39, 73, 34, -56, 2, 53, 43, 53, -24, 136, 122, 112, 
39, 73, 34, -56, 2, 53, 43, 53, -24, 136, 122, 112, 
39, 73, 34, -56, 2, 53, 39, 53, -24, 136, 122, 112, 
39, 73, 34, -56, 2, 53, 48, 53, -24, 136, 122, 112, 
39, 73, 34, -56, 2, 53, 48, 53, -24, 136, 122, 112, 
39, 73, 34, -56, 2, 53, 48, 53, -19, 136, 122, 112, 
39, 73, 34, -56, 2, 53, 53, 53, -19, 136, 122, 112, 
39, 73, 34, -56, 2, 53, 48, 63, -19, 136, 122, 112, 
39, 73, 34, -56, 2, 53, 48, 63, -19, 136, 122, 112, 
39, 73, 34, -56, 2, 53, 48, 63, -19, 136, 122, 112, 
39, 73, 34, -56, 2, 53, 48, 63, -19, 136, 122, 112, 
48, 78, 29, -63, 9, 53, 48, 63, -19, 136, 122, 112, 
48, 78, 29, -63, 9, 53, 48, 63, -19, 136, 122, 112, 
48, 78, 29, -63, 9, 53, 48, 63, -19, 136, 122, 112, 
48, 73, 24, -61, 12, 48, 48, 63, -19, 131, 122, 112, 
58, 82, 24, -70, 17, 53, 48, 63, -19, 131, 122, 102, 
58, 82, 24, -70, 17, 53, 43, 63, -19, 131, 122, 102, 
58, 82, 24, -70, 17, 53, 43, 63, -19, 136, 122, 102, 
58, 78, 19, -68, 19, 48, 43, 63, -19, 136, 122, 102, 
48, 68, 19, -58, 14, 43, 53, 63, -19, 136, 122, 112, 
48, 73, 24, -61, 12, 48, 53, 63, -19, 136, 122, 112, 
48, 73, 24, -61, 12, 48, 53, 63, -24, 136, 122, 112, 
48, 73, 24, -61, 12, 48, 53, 63, -24, 136, 122, 107, 
48, 68, 19, -58, 14, 43, 53, 63, -24, 136, 122, 107, 
48, 63, 14, -56, 17, 39, 53, 63, -24, 136, 122, 112, 
48, 58, 9, -53, 19, 34, 58, 63, -24, 136, 117, 112, 
48, 53, 4, -51, 21, 29, 58, 63, -24, 131, 117, 112, 
48, 63, 14, -56, 17, 39, 48, 63, -24, 131, 117, 112, 
48, 63, 14, -56, 17, 39, 48, 63, -24, 131, 117, 112, 
48, 63, 14, -56, 17, 39, 48, 63, -29, 131, 117, 112, 
48, 58, 9, -53, 19, 34, 48, 63, -29, 131, 117, 112, 
48, 58, 9, -53, 19, 34, 58, 73, -19, 131, 117, 112, 
48, 58, 9, -53, 19, 34, 58, 73, -19, 131, 117, 112, 
48, 58, 9, -53, 19, 34, 58, 68, -19, 131, 117, 112, 
48, 58, 9, -53, 19, 34, 58, 68, -19, 131, 117, 112, 
48, 43, -4, -46, 26, 19, 58, 73, -19, 141, 117, 112, 
48, 43, -4, -46, 26, 19, 58, 73, -19, 141, 117, 112, 
48, 43, -4, -46, 26, 19, 58, 68, -19, 141, 117, 112, 
48, 43, -4, -46, 26, 19, 58, 68, -24, 131, 112, 107, 
48, 53, 4, -51, 21, 29, 58, 58, -24, 131, 112, 107, 
48, 53, 4, -51, 21, 29, 58, 58, -24, 131, 112, 107, 
48, 48, 0, -48, 24, 24, 58, 58, -29, 131, 107, 107, 
48, 48, 0, -48, 24, 24, 58, 58, -29, 131, 107, 107, 
48, 53, 4, -51, 21, 29, 58, 68, -29, 126, 107, 107, 
48, 53, 4, -51, 21, 29, 58, 68, -24, 126, 112, 107, 
48, 53, 4, -51, 21, 29, 58, 73, -24, 126, 112, 107, 
48, 53, 4, -51, 21, 29, 58, 73, -29, 122, 107, 107, 
48, 43, -4, -46, 26, 19, 58, 63, -19, 131, 117, 107, 
48, 43, -4, -46, 26, 19, 58, 63, -19, 126, 117, 107, 
48, 39, -9, -43, 29, 14, 58, 58, -24, 126, 117, 107, 
48, 39, -9, -43, 29, 14, 58, 58, -24, 126, 117, 102, 
48, 39, -9, -43, 29, 14, 58, 68, -24, 117, 117, 92, 
48, 43, -4, -46, 26, 19, 58, 68, -24, 117, 112, 97, 
48, 43, -4, -46, 26, 19, 58, 68, -24, 117, 112, 97, 
48, 39, -9, -43, 29, 14, 58, 68, -24, 117, 112, 97, 
43, 39, -4, -41, 24, 17, 58, 68, -24, 126, 112, 107, 
43, 39, -4, -41, 24, 17, 58, 68, -24, 126, 112, 107, 
43, 39, -4, -41, 24, 17, 58, 68, -24, 126, 112, 107, 
43, 39, -4, -41, 24, 17, 63, 68, -24, 126, 112, 102, 
34, 24, -9, -29, 21, 7, 63, 58, -34, 117, 102, 102, 
34, 24, -9, -29, 21, 7, 63, 58, -34, 117, 107, 102, 
34, 24, -9, -29, 21, 7, 63, 58, -34, 117, 107, 102, 
34, 29, -4, -31, 19, 12, 63, 58, -34, 112, 107, 102, 
34, 19, -14, -26, 24, 2, 63, 58, -34, 112, 107, 92, 
34, 19, -14, -26, 24, 2, 63, 58, -34, 117, 107, 92, 
34, 19, -14, -26, 24, 2, 63, 58, -34, 117, 107, 92, 
34, 19, -14, -26, 24, 2, 63, 58, -34, 117, 102, 92, 
43, 24, -19, -34, 31, 2, 63, 68, -24, 117, 102, 102, 
43, 24, -19, -34, 31, 2, 63, 68, -24, 117, 102, 102, 
43, 24, -19, -34, 31, 2, 63, 68, -24, 117, 102, 102, 
43, 24, -19, -34, 31, 2, 63, 68, -24, 117, 97, 102, 
43, 34, -9, -39, 26, 12, 63, 58, -24, 117, 107, 102, 
43, 34, -9, -39, 26, 12, 63, 58, -29, 117, 107, 97, 
43, 29, -14, -36, 29, 7, 58, 58, -29, 117, 107, 97, 
43, 29, -14, -36, 29, 7, 58, 58, -29, 117, 107, 97, 
34, 29, -4, -31, 19, 12, 58, 58, -39, 117, 107, 97, 
34, 29, -4, -31, 19, 12, 58, 58, -39, 112, 107, 97, 
34, 29, -4, -31, 19, 12, 58, 58, -39, 112, 112, 97, 
34, 29, -4, -31, 19, 12, 58, 58, -34, 112, 112, 97, 
34, 29, -4, -31, 19, 12, 58, 58, -34, 112, 112, 97, 
34, 29, -4, -31, 19, 12, 58, 58, -34, 112, 112, 97, 
34, 29, -4, -31, 19, 12, 58, 58, -39, 107, 112, 97, 
34, 29, -4, -31, 19, 12, 58, 58, -39, 107, 112, 97, 
34, 19, -14, -26, 24, 2, 68, 58, -29, 107, 107, 97, 
34, 19, -14, -26, 24, 2, 68, 58, -29, 112, 107, 102, 
34, 19, -14, -26, 24, 2, 68, 58, -29, 112, 112, 102, 
34, 19, -14, -26, 24, 2, 68, 53, -29, 112, 112, 97, 
34, 19, -14, -26, 24, 2, 68, 53, -29, 122, 112, 97, 
34, 19, -14, -26, 24, 2, 68, 58, -29, 122, 112, 97, 
34, 19, -14, -26, 24, 2, 68, 58, -29, 122, 112, 97, 
34, 19, -14, -26, 24, 2, 68, 58, -29, 122, 112, 97, 
43, 29, -14, -36, 29, 7, 63, 58, -29, 107, 112, 97, 
43, 29, -14, -36, 29, 7, 68, 58, -29, 107, 112, 97, 
43, 29, -14, -36, 29, 7, 68, 58, -29, 107, 112, 97, 
43, 29, -14, -36, 29, 7, 68, 58, -29, 112, 112, 97, 
34, 29, -4, -31, 19, 12, 68, 58, -29, 112, 112, 97, 
34, 24, -9, -29, 21, 7, 68, 58, -29, 112, 112, 97, 
34, 24, -9, -29, 21, 7, 68, 58, -29, 112, 112, 97, 
34, 24, -9, -29, 21, 7, 68, 58, -29, 112, 112, 97, 
34, 14, -19, -24, 26, -2, 68, 58, -29, 112, 112, 97, 
34, 19, -14, -26, 24, 2, 68, 58, -29, 107, 112, 97, 
39, 19, -19, -29, 29, 0, 63, 58, -29, 107, 112, 102, 
39, 19, -19, -29, 29, 0, 63, 58, -29, 112, 112, 102, 
39, 24, -14, -31, 26, 4, 68, 58, -29, 112, 107, 92, 
43, 24, -19, -34, 31, 2, 68, 58, -29, 112, 107, 92, 
43, 24, -19, -34, 31, 2, 68, 63, -29, 112, 107, 92, 
43, 24, -19, -34, 31, 2, 68, 68, -24, 112, 107, 92, 
53, 34, -19, -43, 36, 7, 68, 53, -24, 117, 117, 102, 
48, 39, -9, -43, 29, 14, 68, 63, -24, 122, 117, 102, 
48, 39, -9, -43, 29, 14, 68, 58, -19, 126, 117, 107, 
58, 29, -29, -43, 43, 0, 78, 68, -19, 126, 117, 107, 
58, 29, -29, -43, 43, 0, 78, 68, -19, 126, 117, 107, 
58, 29, -29, -43, 43, 0, 78, 68, -19, 126, 117, 107, 
58, 29, -29, -43, 43, 0, 78, 68, -19, 126, 117, 107, 
58, 24, -34, -41, 46, -4, 87, 82, -9, 122, 122, 102, 
58, 39, -19, -48, 39, 9, 87, 87, -4, 126, 131, 102, 
78, 48, -29, -63, 53, 9, 87, 92, 9, 136, 136, 117, 
87, 63, -24, -75, 56, 19, 87, 102, 19, 141, 136, 122, 
78, 73, -4, -75, 41, 34, 97, 117, 39, 146, 146, 126, 
82, 82, 0, -82, 41, 41, 97, 117, 43, 156, 156, 131, 
82, 92, 9, -87, 36, 51, 97, 117, 48, 161, 161, 141, 
82, 97, 14, -90, 34, 56, 97, 117, 53, 165, 161, 141, 
97, 107, 9, -102, 43, 58, 92, 117, 53, 165, 161, 141, 
97, 107, 9, -102, 43, 58, 92, 122, 53, 170, 161, 141, 
102, 107, 4, -104, 48, 56, 92, 122, 58, 170, 161, 146, 
107, 112, 4, -109, 51, 58, 92, 122, 63, 175, 170, 151, 
122, 112, -9, -117, 65, 51, 97, 117, 68, 190, 175, 151, 
126, 117, -9, -122, 68, 53, 87, 117, 73, 190, 180, 156, 
131, 122, -9, -126, 70, 56, 87, 117, 73, 195, 180, 161, 
131, 122, -9, -126, 70, 56, 82, 117, 68, 195, 180, 161, 
136, 136, 0, -136, 68, 68, 73, 122, 73, 190, 185, 165, 
136, 136, 0, -136, 68, 68, 68, 112, 68, 185, 180, 165, 
131, 131, 0, -131, 65, 65, 63, 107, 53, 180, 180, 161, 
126, 126, 0, -126, 63, 63, 58, 92, 39, 175, 175, 161, 
122, 122, 0, -122, 61, 61, 53, 82, 34, 165, 165, 146, 
122, 112, -9, -117, 65, 51, 48, 68, 19, 156, 156, 141, 
117, 102, -14, -109, 65, 43, 43, 68, 9, 151, 156, 136, 
117, 97, -19, -107, 68, 39, 39, 63, 4, 151, 151, 136, 
117, 92, -24, -104, 70, 34, 39, 63, -4, 141, 141, 122, 
117, 87, -29, -102, 73, 29, 39, 63, -4, 136, 141, 122, 
117, 82, -34, -100, 75, 24, 39, 58, -4, 136, 141, 122, 
122, 78, -43, -100, 82, 17, 39, 58, -4, 136, 141, 126, 
122, 78, -43, -100, 82, 17, 39, 58, -4, 136, 141, 126, 
122, 82, -39, -102, 80, 21, 39, 58, -4, 136, 141, 126, 
117, 82, -34, -100, 75, 24, 39, 58, -4, 136, 141, 122, 
112, 73, -39, -92, 75, 17, 43, 58, -9, 131, 136, 122, 
107, 63, -43, -85, 75, 9, 34, 48, -9, 131, 141, 126, 
102, 58, -43, -80, 73, 7, 43, 53, -19, 122, 136, 122, 
92, 43, -48, -68, 70, -2, 48, 53, -19, 122, 131, 117, 
82, 34, -48, -58, 65, -7, 53, 58, -19, 117, 131, 112, 
68, 19, -48, -43, 58, -14, 58, 48, -24, 112, 117, 107, 
58, 14, -43, -36, 51, -14, 63, 48, -24, 112, 117, 107, 
48, 9, -39, -29, 43, -14, 63, 43, -29, 112, 117, 107, 
48, 4, -43, -26, 46, -19, 63, 43, -34, 112, 107, 102, 
34, 14, -19, -24, 26, -2, 73, 53, -24, 112, 107, 92, 
34, 4, -29, -19, 31, -12, 68, 53, -29, 107, 102, 87, 
29, 0, -29, -14, 29, -14, 68, 53, -39, 102, 102, 87, 
29, -9, -39, -9, 34, -24, 73, 53, -43, 97, 97, 82, 
34, -14, -48, -9, 41, -31, 73, 48, -43, 102, 92, 87, 
34, -14, -48, -9, 41, -31, 73, 43, -43, 97, 92, 82, 
34, -19, -53, -7, 43, -36, 73, 43, -39, 92, 92, 82, 
34, -19, -53, -7, 43, -36, 73, 43, -34, 92, 92, 82, 
34, -19, -53, -7, 43, -36, 82, 43, -43, 82, 87, 73, 
34, -19, -53, -7, 43, -36, 82, 48, -43, 82, 87, 73, 
34, -19, -53, -7, 43, -36, 82, 48, -43, 82, 87, 73, 
34, -19, -53, -7, 43, -36, 82, 43, -39, 82, 87, 73, 
19, -29, -48, 4, 34, -39, 78, 43, -48, 82, 87, 73, 
19, -34, -53, 7, 36, -43, 82, 43, -48, 82, 87, 73, 
19, -34, -53, 7, 36, -43, 82, 43, -48, 82, 87, 73, 
14, -34, -48, 9, 31, -41, 82, 43, -48, 82, 87, 73, 
4, -39, -43, 17, 24, -41, 82, 43, -48, 82, 87, 73, 
4, -43, -48, 19, 26, -46, 82, 43, -53, 82, 87, 73, 
4, -43, -48, 19, 26, -46, 82, 39, -53, 82, 82, 68, 
4, -43, -48, 19, 26, -46, 87, 39, -53, 78, 82, 68, 
4, -34, -39, 14, 21, -36, 87, 43, -43, 78, 82, 68, 
4, -39, -43, 17, 24, -41, 87, 43, -43, 78, 82, 68, 
4, -39, -43, 17, 24, -41, 87, 43, -43, 78, 82, 68, 
0, -39, -39, 19, 19, -39, 87, 43, -43, 78, 82, 68, 
9, -39, -48, 14, 29, -43, 87, 43, -43, 78, 87, 68, 
9, -39, -48, 14, 29, -43, 87, 43, -43, 78, 87, 68, 
9, -39, -48, 14, 29, -43, 92, 43, -43, 78, 82, 68, 
9, -39, -48, 14, 29, -43, 92, 48, -43, 82, 82, 68, 
0, -43, -43, 21, 21, -43, 92, 48, -43, 82, 82, 63, 
0, -43, -43, 21, 21, -43, 92, 43, -43, 73, 82, 63, 
0, -43, -43, 21, 21, -43, 92, 43, -43, 73, 78, 58, 
0, -48, -48, 24, 24, -48, 92, 43, -43, 73, 78, 58, 
9, -39, -48, 14, 29, -43, 92, 43, -43, 73, 78, 68, 
4, -43, -48, 19, 26, -46, 92, 43, -43, 78, 78, 68, 
4, -43, -48, 19, 26, -46, 92, 43, -43, 78, 78, 68, 
9, -43, -53, 17, 31, -48, 92, 43, -48, 78, 78, 68, 
0, -43, -43, 21, 21, -43, 92, 43, -48, 78, 82, 68, 
4, -43, -48, 19, 26, -46, 87, 43, -43, 78, 82, 68, 
4, -43, -48, 19, 26, -46, 87, 43, -43, 78, 82, 68, 
4, -43, -48, 19, 26, -46, 87, 43, -43, 78, 82, 68, 
14, -43, -58, 14, 36, -51, 92, 48, -53, 78, 82, 68, 
14, -43, -58, 14, 36, -51, 92, 48, -48, 82, 82, 68, 
14, -39, -53, 12, 34, -46, 92, 48, -48, 82, 87, 73, 
14, -39, -53, 12, 34, -46, 92, 48, -48, 82, 87, 73, 
14, -34, -48, 9, 31, -41, 102, 58, -29, 92, 97, 78, 
14, -39, -53, 12, 34, -46, 117, 68, -9, 92, 87, 68, 
4, -48, -53, 21, 29, -51, 126, 92, 14, 92, 87, 68, 
4, -39, -43, 17, 24, -41, 151, 136, 43, 102, 92, 68, 
24, -9, -34, -7, 29, -21, 156, 175, 92, 131, 112, 87, 
48, 29, -19, -39, 34, 4, 165, 219, 146, 165, 146, 102, 
73, 68, -4, -70, 39, 31, 156, 253, 209, 214, 185, 141, 
117, 117, 0, -117, 58, 58, 161, 302, 287, 287, 253, 195, 
180, 200, 19, -190, 80, 109, 156, 351, 405, 395, 356, 273, 
258, 317, 58, -287, 100, 187, 112, 361, 497, 512, 478, 375, 
375, 463, 87, -419, 143, 275, 9, 297, 507, 639, 619, 512, 
522, 649, 126, -585, 197, 387, -165, 156, 419, 756, 761, 658, 
673, 839, 165, -756, 253, 502, -370, -48, 278, 868, 902, 814, 
766, 985, 219, -875, 273, 602, -512, -200, 151, 936, 1010, 927, 
795, 1078, 283, -936, 256, 680, -600, -307, 68, 966, 1063, 1000, 
736, 1122, 385, -929, 175, 753, -649, -424, 14, 956, 1073, 1029, 
590, 1112, 522, -851, 34, 817, -649, -570, -53, 902, 1019, 1010, 
429, 1015, 585, -722, -78, 800, -614, -697, -151, 775, 897, 927, 
331, 858, 527, -595, -97, 692, -556, -722, -248, 619, 732, 775, 
248, 688, 439, -468, -95, 563, -483, -683, -331, 458, 566, 624, 
151, 570, 419, -361, -134, 495, -419, -697, -444, 336, 439, 517, 
43, 483, 439, -263, -197, 461, -405, -751, -619, 185, 297, 405, 
-34, 361, 395, -163, -214, 378, -385, -780, -766, 4, 136, 263, 
-78, 244, 322, -82, -200, 283, -356, -736, -785, -78, 43, 180, 
-78, 209, 287, -65, -183, 248, -326, -649, -658, -43, 63, 170, 
-73, 200, 273, -63, -173, 236, -273, -531, -507, 14, 97, 185, 
-48, 195, 244, -73, -146, 219, -214, -414, -409, 48, 112, 190, 
-34, 190, 224, -78, -129, 207, -165, -302, -322, 82, 141, 200, 
-19, 170, 190, -75, -104, 180, -122, -224, -234, 107, 151, 200, 
-9, 156, 165, -73, -87, 161, -82, -170, -190, 117, 156, 180, 
19, 151, 131, -85, -56, 141, -48, -122, -151, 126, 161, 170, 
43, 156, 112, -100, -34, 134, -19, -68, -107, 136, 170, 175, 
53, 146, 92, -100, -19, 119, 14, -34, -58, 151, 185, 185, 
53, 131, 78, -92, -12, 104, 39, -4, -29, 161, 185, 175, 
53, 97, 43, -75, 4, 70, 63, 24, -14, 151, 175, 170, 
53, 78, 24, -65, 14, 51, 78, 39, 0, 146, 156, 151, 
48, 58, 9, -53, 19, 34, 87, 53, 4, 141, 141, 141, 
34, 43, 9, -39, 12, 26, 87, 58, 14, 131, 131, 131, 
34, 43, 9, -39, 12, 26, 87, 58, 14, 131, 131, 131, 
34, 48, 14, -41, 9, 31, 92, 63, 14, 131, 131, 131, 
34, 48, 14, -41, 9, 31, 92, 68, 14, 131, 131, 131, 
24, 39, 14, -31, 4, 26, 82, 68, 19, 126, 131, 131, 
24, 39, 14, -31, 4, 26, 92, 73, 24, 126, 131, 131, 
24, 34, 9, -29, 7, 21, 97, 78, 29, 126, 131, 126, 
24, 24, 0, -24, 12, 12, 102, 87, 34, 131, 126, 122, 
24, 19, -4, -21, 14, 7, 112, 87, 39, 131, 136, 117, 
24, 14, -9, -19, 17, 2, 117, 92, 43, 126, 136, 117, 
29, 14, -14, -21, 21, 0, 117, 97, 43, 126, 136, 117, 
29, 14, -14, -21, 21, 0, 117, 97, 48, 126, 131, 117, 
29, 24, -4, -26, 17, 9, 107, 102, 43, 117, 122, 107, 
29, 24, -4, -26, 17, 9, 112, 102, 48, 117, 126, 112, 
29, 24, -4, -26, 17, 9, 112, 102, 53, 117, 126, 112, 
24, 24, 0, -24, 12, 12, 112, 102, 53, 122, 126, 112, 
34, 29, -4, -31, 19, 12, 117, 107, 63, 122, 126, 112, 
39, 29, -9, -34, 24, 9, 117, 107, 63, 122, 131, 112, 
39, 29, -9, -34, 24, 9, 117, 112, 63, 122, 131, 112, 
39, 29, -9, -34, 24, 9, 117, 112, 68, 122, 131, 112, 
39, 19, -19, -29, 29, 0, 117, 102, 68, 136, 141, 112, 
43, 24, -19, -34, 31, 2, 117, 107, 68, 136, 141, 112, 
43, 24, -19, -34, 31, 2, 117, 107, 73, 136, 141, 117, 
43, 24, -19, -34, 31, 2, 117, 107, 73, 136, 141, 117, 
34, 29, -4, -31, 19, 12, 117, 122, 68, 136, 131, 117, 
39, 29, -9, -34, 24, 9, 117, 122, 68, 136, 136, 117, 
39, 29, -9, -34, 24, 9, 117, 122, 78, 136, 136, 117, 
39, 34, -4, -36, 21, 14, 117, 122, 78, 141, 136, 117, 
43, 39, -4, -41, 24, 17, 117, 122, 87, 146, 136, 117, 
43, 39, -4, -41, 24, 17, 117, 122, 92, 146, 141, 122, 
43, 39, -4, -41, 24, 17, 117, 126, 92, 146, 141, 122, 
43, 39, -4, -41, 24, 17, 117, 126, 92, 146, 141, 122, 
43, 43, 0, -43, 21, 21, 107, 126, 92, 141, 141, 122, 
53, 43, -9, -48, 31, 17, 107, 126, 92, 141, 141, 122, 
53, 43, -9, -48, 31, 17, 107, 131, 97, 146, 146, 126, 
53, 43, -9, -48, 31, 17, 107, 131, 107, 146, 151, 126, 
58, 53, -4, -56, 31, 24, 107, 131, 97, 151, 151, 126, 
58, 53, -4, -56, 31, 24, 107, 136, 97, 151, 151, 131, 
63, 53, -9, -58, 36, 21, 107, 136, 102, 151, 151, 131, 
68, 53, -14, -61, 41, 19, 107, 136, 102, 151, 156, 131, 
68, 58, -9, -63, 39, 24, 107, 136, 112, 156, 156, 131, 
68, 63, -4, -65, 36, 29, 107, 141, 117, 156, 156, 131, 
68, 63, -4, -65, 36, 29, 107, 141, 117, 161, 161, 136, 
68, 68, 0, -68, 34, 34, 107, 146, 126, 161, 161, 136, 
82, 78, -4, -80, 43, 36, 107, 146, 122, 170, 156, 141, 
82, 82, 0, -82, 41, 41, 107, 146, 122, 170, 156, 141, 
82, 82, 0, -82, 41, 41, 107, 146, 122, 170, 156, 141, 
87, 82, -4, -85, 46, 39, 107, 151, 131, 170, 161, 146, 
78, 82, 4, -80, 36, 43, 107, 151, 146, 170, 170, 146, 
73, 78, 4, -75, 34, 41, 107, 156, 146, 175, 170, 146, 
73, 78, 4, -75, 34, 41, 107, 156, 146, 175, 175, 146, 
78, 73, -4, -75, 41, 34, 107, 156, 146, 175, 175, 151, 
68, 82, 14, -75, 26, 48, 107, 151, 146, 170, 175, 151, 
73, 82, 9, -78, 31, 46, 107, 151, 156, 170, 180, 151, 
78, 87, 9, -82, 34, 48, 107, 156, 161, 180, 180, 151, 
78, 92, 14, -85, 31, 53, 107, 161, 165, 185, 185, 151, 
87, 92, 4, -90, 41, 48, 107, 170, 170, 195, 175, 165, 
92, 92, 0, -92, 46, 46, 107, 170, 175, 195, 185, 170, 
97, 97, 0, -97, 48, 48, 107, 175, 180, 195, 185, 175, 
97, 97, 0, -97, 48, 48, 107, 175, 180, 200, 185, 175, 
107, 112, 4, -109, 51, 58, 107, 185, 180, 200, 195, 180, 
107, 112, 4, -109, 51, 58, 107, 185, 185, 209, 195, 180, 
107, 117, 9, -112, 48, 63, 107, 185, 190, 214, 195, 185, 
107, 122, 14, -114, 46, 68, 107, 190, 195, 219, 200, 185, 
107, 112, 4, -109, 51, 58, 107, 185, 200, 209, 200, 180, 
107, 122, 14, -114, 46, 68, 107, 185, 204, 214, 200, 180, 
107, 126, 19, -117, 43, 73, 107, 190, 209, 214, 204, 190, 
112, 131, 19, -122, 46, 75, 107, 195, 214, 219, 209, 195, 
107, 126, 19, -117, 43, 73, 102, 195, 229, 224, 214, 195, 
107, 131, 24, -119, 41, 78, 97, 200, 234, 229, 214, 195, 
112, 131, 19, -122, 46, 75, 97, 204, 239, 234, 214, 195, 
112, 131, 19, -122, 46, 75, 97, 209, 244, 234, 224, 195, 
122, 146, 24, -134, 48, 85, 107, 219, 248, 248, 239, 200, 
126, 151, 24, -139, 51, 87, 107, 219, 253, 253, 239, 209, 
131, 156, 24, -143, 53, 90, 107, 229, 258, 258, 248, 214, 
131, 156, 24, -143, 53, 90, 107, 234, 263, 263, 248, 219, 
131, 161, 29, -146, 51, 95, 97, 234, 268, 263, 244, 224, 
136, 165, 29, -151, 53, 97, 97, 239, 273, 268, 248, 224, 
136, 170, 34, -153, 51, 102, 92, 239, 283, 273, 253, 224, 
141, 175, 34, -158, 53, 104, 92, 239, 287, 278, 258, 224, 
141, 180, 39, -161, 51, 109, 92, 253, 297, 273, 263, 224, 
146, 185, 39, -165, 53, 112, 92, 263, 302, 278, 268, 229, 
146, 190, 43, -168, 51, 117, 92, 263, 307, 283, 268, 234, 
151, 200, 48, -175, 51, 124, 92, 268, 312, 287, 273, 239, 
151, 200, 48, -175, 51, 124, 92, 258, 307, 292, 287, 253, 
156, 204, 48, -180, 53, 126, 92, 258, 307, 297, 292, 253, 
161, 209, 48, -185, 56, 129, 87, 263, 312, 302, 297, 253, 
161, 214, 53, -187, 53, 134, 87, 263, 317, 302, 302, 253, 
161, 224, 63, -192, 48, 143, 87, 273, 326, 317, 302, 263, 
165, 229, 63, -197, 51, 146, 78, 273, 331, 322, 302, 268, 
170, 229, 58, -200, 56, 143, 78, 273, 336, 326, 307, 268, 
170, 234, 63, -202, 53, 148, 78, 273, 341, 331, 317, 273, 
180, 239, 58, -209, 61, 148, 68, 263, 341, 331, 317, 273, 
180, 244, 63, -212, 58, 153, 68, 263, 341, 331, 317, 278, 
180, 244, 63, -212, 58, 153, 58, 263, 341, 331, 317, 278, 
185, 248, 63, -217, 61, 156, 58, 263, 336, 336, 322, 278, 
185, 253, 68, -219, 58, 161, 63, 263, 336, 336, 317, 283, 
185, 258, 73, -222, 56, 165, 63, 263, 336, 341, 317, 283, 
185, 263, 78, -224, 53, 170, 63, 258, 336, 341, 317, 287, 
190, 263, 73, -226, 58, 168, 58, 258, 331, 341, 317, 287, 
190, 273, 82, -231, 53, 178, 53, 258, 341, 341, 322, 287, 
190, 273, 82, -231, 53, 178, 53, 253, 341, 341, 322, 287, 
185, 278, 92, -231, 46, 185, 48, 248, 341, 341, 322, 287, 
185, 278, 92, -231, 46, 185, 48, 244, 341, 341, 322, 287, 
185, 273, 87, -229, 48, 180, 43, 248, 326, 341, 331, 297, 
185, 273, 87, -229, 48, 180, 43, 244, 326, 341, 331, 297, 
190, 278, 87, -234, 51, 183, 39, 239, 322, 341, 331, 302, 
190, 278, 87, -234, 51, 183, 39, 234, 317, 341, 331, 302, 
185, 278, 92, -231, 46, 185, 34, 219, 302, 331, 322, 292, 
185, 273, 87, -229, 48, 180, 29, 204, 297, 326, 317, 287, 
185, 273, 87, -229, 48, 180, 29, 195, 292, 326, 317, 287, 
185, 273, 87, -229, 48, 180, 29, 190, 283, 326, 317, 287, 
180, 268, 87, -224, 46, 178, 24, 185, 273, 317, 317, 283, 
180, 268, 87, -224, 46, 178, 24, 170, 273, 312, 312, 283, 
175, 263, 87, -219, 43, 175, 19, 170, 263, 307, 307, 283, 
170, 253, 82, -212, 43, 168, 19, 156, 258, 302, 297, 278, 
170, 244, 73, -207, 48, 158, 19, 151, 244, 297, 283, 263, 
165, 234, 68, -200, 48, 151, 19, 141, 229, 292, 278, 258, 
161, 234, 73, -197, 43, 153, 24, 131, 219, 283, 273, 253, 
161, 229, 68, -195, 46, 148, 24, 131, 204, 273, 268, 248, 
146, 219, 73, -183, 36, 146, 14, 107, 190, 268, 268, 248, 
141, 204, 63, -173, 39, 134, 19, 107, 180, 253, 258, 239, 
136, 195, 58, -165, 39, 126, 19, 102, 170, 248, 253, 234, 
131, 185, 53, -158, 39, 119, 19, 97, 151, 239, 239, 229, 
131, 185, 53, -158, 39, 119, 29, 92, 151, 229, 229, 219, 
126, 175, 48, -151, 39, 112, 24, 92, 141, 219, 224, 214, 
117, 165, 48, -141, 34, 107, 24, 87, 131, 209, 214, 209, 
112, 156, 43, -134, 34, 100, 24, 87, 126, 200, 209, 204, 
112, 156, 43, -134, 34, 100, 24, 78, 107, 204, 200, 195, 
112, 146, 34, -129, 39, 90, 29, 78, 102, 195, 195, 180, 
107, 136, 29, -122, 39, 82, 29, 73, 92, 190, 190, 175, 
107, 131, 24, -119, 41, 78, 39, 73, 82, 180, 185, 170, 
107, 122, 14, -114, 46, 68, 39, 58, 87, 170, 175, 165, 
102, 117, 14, -109, 43, 65, 39, 58, 82, 165, 170, 161, 
97, 107, 9, -102, 43, 58, 43, 58, 78, 156, 165, 156, 
92, 102, 9, -97, 41, 56, 43, 53, 73, 151, 161, 156, 
92, 87, -4, -90, 48, 41, 43, 58, 58, 136, 146, 136, 
92, 82, -9, -87, 51, 36, 48, 58, 48, 131, 141, 136, 
87, 78, -9, -82, 48, 34, 48, 58, 48, 131, 141, 136, 
82, 73, -9, -78, 46, 31, 48, 58, 43, 126, 136, 136, 
68, 68, 0, -68, 34, 34, 43, 48, 39, 112, 136, 122, 
63, 58, -4, -61, 34, 26, 43, 48, 39, 112, 131, 117, 
63, 48, -14, -56, 39, 17, 43, 48, 34, 107, 126, 112, 
63, 43, -19, -53, 41, 12, 43, 48, 34, 102, 122, 107, 
53, 48, -4, -51, 29, 21, 43, 43, 29, 107, 122, 117, 
53, 43, -9, -48, 31, 17, 48, 43, 24, 107, 122, 117, 
53, 43, -9, -48, 31, 17, 48, 43, 24, 107, 112, 117, 
53, 43, -9, -48, 31, 17, 48, 43, 24, 107, 112, 117, 
63, 43, -19, -53, 41, 12, 48, 43, 24, 107, 112, 117, 
63, 39, -24, -51, 43, 7, 48, 43, 24, 102, 112, 117, 
63, 39, -24, -51, 43, 7, 53, 43, 24, 102, 112, 117, 
63, 39, -24, -51, 43, 7, 53, 43, 24, 102, 112, 112, 
53, 34, -19, -43, 36, 7, 53, 43, 34, 102, 112, 112, 
53, 34, -19, -43, 36, 7, 48, 43, 34, 102, 112, 112, 
48, 34, -14, -41, 31, 9, 48, 43, 29, 97, 112, 112, 
48, 34, -14, -41, 31, 9, 48, 43, 29, 97, 107, 112, 
53, 29, -24, -41, 39, 2, 48, 39, 19, 97, 107, 117, 
53, 29, -24, -41, 39, 2, 48, 39, 19, 92, 107, 117, 
53, 29, -24, -41, 39, 2, 48, 39, 19, 92, 107, 117, 
53, 29, -24, -41, 39, 2, 48, 39, 19, 92, 107, 117, 
53, 29, -24, -41, 39, 2, 53, 43, 24, 92, 107, 112, 
58, 24, -34, -41, 46, -4, 53, 43, 24, 92, 107, 112, 
58, 24, -34, -41, 46, -4, 53, 43, 24, 92, 107, 112, 
58, 24, -34, -41, 46, -4, 53, 43, 24, 92, 107, 112, 
58, 39, -19, -48, 39, 9, 53, 39, 29, 92, 107, 102, 
58, 39, -19, -48, 39, 9, 53, 39, 29, 92, 102, 102, 
58, 39, -19, -48, 39, 9, 53, 39, 29, 92, 102, 107, 
53, 39, -14, -46, 34, 12, 53, 43, 29, 92, 107, 107, 
53, 29, -24, -41, 39, 2, 53, 43, 29, 92, 107, 107, 
53, 29, -24, -41, 39, 2, 53, 43, 29, 92, 107, 107, 
53, 29, -24, -41, 39, 2, 53, 43, 29, 92, 107, 107, 
53, 29, -24, -41, 39, 2, 53, 43, 29, 92, 107, 107, 
53, 34, -19, -43, 36, 7, 53, 43, 19, 87, 97, 107, 
58, 34, -24, -46, 41, 4, 53, 39, 19, 87, 97, 107, 
58, 29, -29, -43, 43, 0, 53, 39, 19, 87, 97, 107, 
58, 29, -29, -43, 43, 0, 53, 39, 19, 87, 97, 107, 
58, 29, -29, -43, 43, 0, 53, 39, 19, 82, 107, 107, 
53, 29, -24, -41, 39, 2, 53, 39, 19, 82, 107, 107, 
53, 29, -24, -41, 39, 2, 48, 39, 19, 82, 107, 107, 
58, 29, -29, -43, 43, 0, 48, 39, 19, 82, 107, 107, 
48, 34, -14, -41, 31, 9, 53, 29, 29, 82, 107, 107, 
48, 34, -14, -41, 31, 9, 53, 29, 29, 82, 107, 107, 
48, 34, -14, -41, 31, 9, 53, 34, 34, 82, 107, 107, 
48, 34, -14, -41, 31, 9, 53, 34, 34, 82, 112, 112, 
58, 34, -24, -46, 41, 4, 53, 43, 34, 92, 112, 112, 
58, 34, -24, -46, 41, 4, 53, 43, 34, 92, 107, 112, 
58, 34, -24, -46, 41, 4, 53, 43, 34, 92, 107, 112, 
58, 34, -24, -46, 41, 4, 53, 43, 34, 92, 107, 112, 
68, 43, -24, -56, 46, 9, 53, 43, 34, 97, 107, 112, 
68, 43, -24, -56, 46, 9, 53, 43, 34, 97, 107, 112, 
68, 43, -24, -56, 46, 9, 53, 43, 34, 92, 107, 112, 
68, 43, -24, -56, 46, 9, 53, 43, 34, 92, 107, 107, 
58, 34, -24, -46, 41, 4, 53, 43, 43, 87, 112, 117, 
58, 34, -24, -46, 41, 4, 53, 43, 43, 87, 112, 122, 
58, 34, -24, -46, 41, 4, 53, 43, 43, 87, 112, 122, 
58, 34, -24, -46, 41, 4, 53, 43, 43, 87, 112, 122, 
58, 34, -24, -46, 41, 4, 43, 43, 34, 82, 102, 112, 
58, 34, -24, -46, 41, 4, 43, 43, 34, 82, 102, 112, 
58, 34, -24, -46, 41, 4, 43, 43, 34, 87, 102, 112, 
58, 34, -24, -46, 41, 4, 43, 43, 34, 87, 102, 112, 
58, 34, -24, -46, 41, 4, 53, 43, 34, 87, 102, 112, 
58, 34, -24, -46, 41, 4, 53, 43, 34, 87, 102, 112, 
58, 34, -24, -46, 41, 4, 53, 43, 34, 87, 102, 112, 
58, 34, -24, -46, 41, 4, 53, 43, 34, 87, 102, 112, 
58, 34, -24, -46, 41, 4, 53, 43, 34, 87, 112, 122, 
58, 34, -24, -46, 41, 4, 53, 43, 34, 87, 112, 122, 
58, 34, -24, -46, 41, 4, 53, 43, 34, 87, 112, 122, 
58, 34, -24, -46, 41, 4, 48, 43, 34, 87, 112, 122, 
68, 34, -34, -51, 51, 0, 48, 43, 43, 87, 112, 112, 
68, 34, -34, -51, 51, 0, 48, 43, 43, 87, 112, 112, 
68, 34, -34, -51, 51, 0, 48, 43, 48, 87, 112, 112, 
68, 34, -34, -51, 51, 0, 53, 43, 48, 87, 112, 112, 
68, 43, -24, -56, 46, 9, 58, 43, 48, 97, 112, 112, 
68, 43, -24, -56, 46, 9, 58, 43, 48, 97, 112, 112, 
68, 43, -24, -56, 46, 9, 58, 43, 48, 97, 112, 112, 
68, 43, -24, -56, 46, 9, 58, 43, 48, 97, 112, 112, 
68, 39, -29, -53, 48, 4, 58, 43, 48, 97, 112, 112, 
68, 39, -29, -53, 48, 4, 58, 43, 48, 97, 112, 112, 
68, 39, -29, -53, 48, 4, 58, 43, 48, 97, 112, 112, 
68, 34, -34, -51, 51, 0, 58, 43, 48, 92, 112, 112, 
63, 24, -39, -43, 51, -7, 48, 43, 39, 92, 102, 112, 
58, 24, -34, -41, 46, -4, 43, 43, 39, 92, 102, 112, 
53, 24, -29, -39, 41, -2, 43, 43, 39, 97, 102, 112, 
48, 19, -29, -34, 39, -4, 43, 43, 39, 97, 102, 112, 
48, 19, -29, -34, 39, -4, 53, 43, 39, 87, 102, 112, 
48, 24, -24, -36, 36, 0, 53, 43, 39, 87, 102, 112, 
48, 24, -24, -36, 36, 0, 53, 43, 34, 87, 102, 112, 
48, 24, -24, -36, 36, 0, 53, 43, 34, 87, 102, 107, 
58, 24, -34, -41, 46, -4, 43, 43, 34, 87, 102, 107, 
58, 24, -34, -41, 46, -4, 43, 43, 34, 87, 102, 112, 
58, 24, -34, -41, 46, -4, 48, 43, 34, 87, 97, 112, 
58, 24, -34, -41, 46, -4, 48, 43, 34, 82, 97, 112, 
58, 24, -34, -41, 46, -4, 58, 43, 34, 82, 97, 112, 
58, 24, -34, -41, 46, -4, 58, 43, 34, 82, 97, 112, 
58, 24, -34, -41, 46, -4, 58, 43, 29, 82, 97, 112, 
58, 19, -39, -39, 48, -9, 58, 43, 29, 82, 97, 112, 
58, 19, -39, -39, 48, -9, 58, 43, 39, 82, 97, 112, 
58, 19, -39, -39, 48, -9, 58, 43, 39, 82, 97, 112, 
58, 19, -39, -39, 48, -9, 58, 39, 39, 82, 97, 112, 
58, 19, -39, -39, 48, -9, 58, 39, 39, 82, 97, 112, 
48, 4, -43, -26, 46, -19, 58, 43, 39, 82, 97, 102, 
48, 4, -43, -26, 46, -19, 58, 43, 39, 82, 97, 102, 
48, 4, -43, -26, 46, -19, 58, 39, 39, 82, 97, 102, 
48, 4, -43, -26, 46, -19, 58, 39, 34, 73, 92, 97, 
48, 14, -34, -31, 41, -9, 48, 39, 34, 82, 92, 97, 
48, 14, -34, -31, 41, -9, 48, 39, 34, 82, 92, 97, 
48, 9, -39, -29, 43, -14, 48, 39, 29, 82, 87, 97, 
48, 9, -39, -29, 43, -14, 48, 39, 29, 82, 87, 97, 
48, 4, -43, -26, 46, -19, 58, 39, 29, 78, 87, 107, 
48, 4, -43, -26, 46, -19, 58, 39, 34, 78, 92, 107, 
48, 4, -43, -26, 46, -19, 58, 43, 34, 78, 92, 107, 
48, 4, -43, -26, 46, -19, 58, 43, 29, 73, 87, 107, 
48, 4, -43, -26, 46, -19, 58, 34, 29, 82, 87, 97, 
48, 4, -43, -26, 46, -19, 58, 34, 29, 78, 87, 97, 
48, 0, -48, -24, 48, -24, 58, 29, 24, 78, 87, 97, 
48, 0, -48, -24, 48, -24, 58, 29, 24, 78, 87, 92, 
58, 0, -58, -29, 58, -29, 58, 39, 34, 78, 87, 92, 
58, 4, -53, -31, 56, -24, 58, 39, 34, 78, 82, 97, 
58, 4, -53, -31, 56, -24, 58, 39, 34, 78, 82, 97, 
58, 0, -58, -29, 58, -29, 58, 39, 34, 78, 82, 97, 
63, 9, -53, -36, 58, -21, 58, 39, 34, 78, 92, 97, 
63, 9, -53, -36, 58, -21, 58, 39, 34, 78, 92, 97, 
63, 9, -53, -36, 58, -21, 58, 39, 34, 78, 92, 97, 
63, 9, -53, -36, 58, -21, 63, 39, 34, 78, 92, 92, 
53, 4, -48, -29, 51, -21, 63, 39, 34, 78, 82, 102, 
53, 4, -48, -29, 51, -21, 63, 39, 34, 78, 87, 102, 
53, 4, -48, -29, 51, -21, 63, 39, 34, 78, 87, 102, 
53, 9, -43, -31, 48, -17, 63, 39, 34, 73, 87, 102, 
53, 0, -53, -26, 53, -26, 63, 39, 24, 63, 78, 102, 
53, 0, -53, -26, 53, -26, 63, 39, 24, 68, 78, 102, 
53, 0, -53, -26, 53, -26, 63, 39, 24, 68, 78, 102, 
53, 0, -53, -26, 53, -26, 63, 39, 24, 68, 73, 102, 
53, -4, -58, -24, 56, -31, 63, 29, 24, 68, 82, 92, 
53, -4, -58, -24, 56, -31, 63, 29, 24, 68, 82, 92, 
53, -4, -58, -24, 56, -31, 63, 29, 24, 68, 82, 92, 
53, -4, -58, -24, 56, -31, 63, 29, 24, 68, 78, 92, 
53, -4, -58, -24, 56, -31, 63, 29, 24, 68, 78, 92, 
53, -4, -58, -24, 56, -31, 63, 29, 19, 68, 78, 87, 
53, -9, -63, -21, 58, -36, 58, 29, 19, 68, 78, 87, 
53, -9, -63, -21, 58, -36, 58, 29, 19, 68, 78, 87, 
53, -9, -63, -21, 58, -36, 58, 39, 29, 68, 68, 87, 
53, -9, -63, -21, 58, -36, 58, 39, 29, 63, 68, 87, 
53, -9, -63, -21, 58, -36, 58, 39, 29, 63, 73, 87, 
53, -9, -63, -21, 58, -36, 58, 39, 34, 63, 73, 87, 
53, -9, -63, -21, 58, -36, 58, 29, 34, 63, 73, 87, 
53, -9, -63, -21, 58, -36, 58, 29, 34, 63, 73, 87, 
53, -9, -63, -21, 58, -36, 58, 29, 29, 58, 73, 87, 
53, -9, -63, -21, 58, -36, 58, 29, 29, 58, 73, 87, 
53, -9, -63, -21, 58, -36, 68, 29, 29, 58, 68, 87, 
53, -9, -63, -21, 58, -36, 68, 29, 29, 63, 68, 92, 
53, -9, -63, -21, 58, -36, 68, 29, 29, 63, 73, 92, 
53, -9, -63, -21, 58, -36, 68, 24, 29, 63, 73, 87, 
63, -9, -73, -26, 68, -41, 58, 34, 29, 63, 73, 87, 
63, -9, -73, -26, 68, -41, 58, 39, 29, 63, 73, 87, 
63, -9, -73, -26, 68, -41, 58, 39, 29, 63, 73, 87, 
63, -9, -73, -26, 68, -41, 58, 39, 29, 63, 73, 87, 
53, -9, -63, -21, 58, -36, 63, 39, 29, 58, 73, 87, 
53, -9, -63, -21, 58, -36, 68, 39, 29, 58, 73, 87, 
53, -9, -63, -21, 58, -36, 68, 39, 29, 58, 73, 87, 
53, -9, -63, -21, 58, -36, 68, 39, 29, 63, 73, 87, 
63, -9, -73, -26, 68, -41, 58, 29, 29, 63, 63, 87, 
63, -14, -78, -24, 70, -46, 58, 29, 29, 63, 63, 87, 
63, -14, -78, -24, 70, -46, 58, 29, 29, 63, 63, 87, 
63, -14, -78, -24, 70, -46, 58, 29, 29, 63, 63, 87, 
53, -24, -78, -14, 65, -51, 68, 29, 29, 63, 63, 78, 
53, -19, -73, -17, 63, -46, 68, 29, 29, 58, 63, 78, 
58, -19, -78, -19, 68, -48, 63, 29, 29, 58, 63, 82, 
58, -19, -78, -19, 68, -48, 63, 29, 29, 63, 63, 82, 
48, -14, -63, -17, 56, -39, 58, 29, 19, 63, 68, 82, 
53, -14, -68, -19, 61, -41, 58, 29, 19, 63, 68, 82, 
53, -14, -68, -19, 61, -41, 58, 34, 19, 63, 68, 82, 
53, -14, -68, -19, 61, -41, 58, 39, 24, 63, 68, 82, 
53, -14, -68, -19, 61, -41, 68, 34, 24, 58, 68, 82, 
68, -9, -78, -29, 73, -43, 58, 34, 24, 63, 68, 82, 
63, -9, -73, -26, 68, -41, 58, 34, 24, 63, 63, 82, 
63, -4, -68, -29, 65, -36, 68, 34, 29, 63, 73, 92, 
68, -9, -78, -29, 73, -43, 68, 39, 29, 58, 68, 87, 
68, -9, -78, -29, 73, -43, 68, 39, 29, 58, 68, 78, 
68, -9, -78, -29, 73, -43, 68, 39, 29, 58, 68, 78, 
68, -9, -78, -29, 73, -43, 68, 39, 29, 58, 68, 78, 
68, -9, -78, -29, 73, -43, 68, 39, 29, 58, 68, 78, 
68, -4, -73, -31, 70, -39, 78, 48, 48, 63, 73, 82, 
68, 9, -58, -39, 63, -24, 78, 58, 53, 68, 82, 82, 
87, 19, -68, -53, 78, -24, 78, 68, 68, 78, 87, 97, 
97, 34, -63, -65, 80, -14, 78, 82, 78, 82, 87, 102, 
102, 53, -48, -78, 75, 2, 87, 97, 87, 97, 97, 117, 
112, 63, -48, -87, 80, 7, 87, 97, 92, 107, 107, 122, 
117, 73, -43, -95, 80, 14, 87, 97, 97, 112, 112, 131, 
122, 78, -43, -100, 82, 17, 87, 97, 102, 117, 112, 131, 
126, 87, -39, -107, 82, 24, 92, 97, 112, 117, 112, 122, 
126, 87, -39, -107, 82, 24, 92, 102, 112, 122, 112, 122, 
131, 87, -43, -109, 87, 21, 92, 102, 117, 122, 112, 126, 
136, 92, -43, -114, 90, 24, 92, 102, 122, 126, 122, 131, 
131, 92, -39, -112, 85, 26, 78, 97, 117, 122, 126, 141, 
136, 97, -39, -117, 87, 29, 68, 97, 122, 122, 131, 146, 
141, 102, -39, -122, 90, 31, 68, 97, 122, 126, 131, 151, 
141, 102, -39, -122, 90, 31, 63, 97, 117, 126, 131, 151, 
146, 107, -39, -126, 92, 34, 53, 102, 122, 131, 136, 146, 
146, 107, -39, -126, 92, 34, 48, 92, 117, 126, 131, 146, 
141, 102, -39, -122, 90, 31, 43, 87, 102, 122, 131, 141, 
136, 97, -39, -117, 87, 29, 39, 73, 87, 117, 126, 141, 
131, 92, -39, -112, 85, 26, 34, 63, 82, 107, 107, 126, 
131, 82, -48, -107, 90, 17, 29, 48, 68, 97, 97, 122, 
126, 73, -53, -100, 90, 9, 24, 48, 58, 92, 97, 117, 
126, 68, -58, -97, 92, 4, 19, 43, 53, 92, 92, 117, 
136, 68, -68, -102, 102, 0, 19, 43, 43, 82, 82, 112, 
136, 68, -68, -102, 102, 0, 19, 43, 43, 78, 82, 112, 
136, 68, -68, -102, 102, 0, 19, 39, 43, 78, 82, 112, 
141, 68, -73, -104, 107, -2, 19, 39, 43, 78, 82, 117, 
141, 58, -82, -100, 112, -12, 19, 29, 34, 78, 82, 117, 
141, 63, -78, -102, 109, -7, 19, 29, 34, 78, 82, 117, 
136, 63, -73, -100, 104, -4, 19, 29, 34, 78, 82, 112, 
131, 53, -78, -92, 104, -12, 24, 29, 29, 73, 78, 112, 
126, 43, -82, -85, 104, -19, 24, 29, 39, 73, 82, 107, 
122, 39, -82, -80, 102, -21, 34, 34, 29, 63, 78, 102, 
112, 24, -87, -68, 100, -31, 39, 34, 29, 63, 73, 97, 
102, 14, -87, -58, 95, -36, 43, 39, 29, 58, 73, 92, 
87, 0, -87, -43, 87, -43, 48, 39, 19, 53, 68, 87, 
78, -4, -82, -36, 80, -43, 53, 39, 24, 53, 68, 87, 
68, -9, -78, -29, 73, -43, 53, 34, 24, 53, 68, 87, 
68, -14, -82, -26, 75, -48, 53, 34, 24, 53, 58, 82, 
63, -4, -68, -29, 65, -36, 63, 24, 34, 63, 68, 82, 
63, -14, -78, -24, 70, -46, 58, 24, 29, 58, 63, 78, 
58, -19, -78, -19, 68, -48, 58, 24, 19, 53, 63, 78, 
58, -29, -87, -14, 73, -58, 63, 24, 14, 48, 58, 73, 
53, -34, -87, -9, 70, -61, 63, 19, 9, 43, 43, 68, 
53, -34, -87, -9, 70, -61, 63, 14, 4, 39, 43, 63, 
53, -39, -92, -7, 73, -65, 63, 14, 4, 34, 43, 63, 
53, -39, -92, -7, 73, -65, 63, 14, 4, 34, 43, 63, 
53, -39, -92, -7, 73, -65, 63, 24, 4, 34, 39, 63, 
53, -39, -92, -7, 73, -65, 63, 29, 4, 34, 39, 63, 
53, -39, -92, -7, 73, -65, 63, 29, 4, 34, 39, 63, 
53, -39, -92, -7, 73, -65, 63, 24, 9, 34, 39, 63, 
48, -39, -87, -4, 68, -63, 68, 24, 9, 34, 39, 63, 
48, -43, -92, -2, 70, -68, 73, 24, 9, 34, 39, 63, 
48, -43, -92, -2, 70, -68, 73, 24, 9, 34, 39, 63, 
43, -43, -87, 0, 65, -65, 73, 24, 9, 34, 39, 63, 
34, -58, -92, 12, 63, -75, 73, 24, 9, 34, 39, 63, 
34, -63, -97, 14, 65, -80, 73, 24, 4, 34, 39, 63, 
34, -63, -97, 14, 65, -80, 73, 19, 4, 34, 34, 58, 
34, -63, -97, 14, 65, -80, 78, 19, 4, 29, 34, 58, 
34, -63, -97, 14, 65, -80, 78, 24, 4, 29, 34, 58, 
34, -68, -102, 17, 68, -85, 78, 24, 4, 29, 34, 58, 
34, -68, -102, 17, 68, -85, 78, 24, 4, 29, 34, 58, 
29, -68, -97, 19, 63, -82, 78, 24, 4, 29, 34, 58, 
19, -68, -87, 24, 53, -78, 78, 24, 14, 29, 39, 58, 
19, -68, -87, 24, 53, -78, 78, 24, 14, 29, 39, 58, 
19, -68, -87, 24, 53, -78, 82, 24, 14, 29, 34, 58, 
19, -68, -87, 24, 53, -78, 82, 29, 14, 34, 34, 58, 
19, -73, -92, 26, 56, -82, 82, 29, 4, 34, 34, 63, 
19, -73, -92, 26, 56, -82, 82, 24, 4, 24, 34, 63, 
19, -73, -92, 26, 56, -82, 82, 24, 4, 24, 29, 58, 
19, -78, -97, 29, 58, -87, 82, 24, 4, 24, 29, 58, 
29, -68, -97, 19, 63, -82, 73, 24, 4, 24, 29, 48, 
24, -73, -97, 24, 61, -85, 73, 24, 4, 29, 29, 48, 
24, -73, -97, 24, 61, -85, 73, 24, 4, 29, 29, 48, 
29, -73, -102, 21, 65, -87, 73, 24, 0, 29, 29, 48, 
19, -73, -92, 26, 56, -82, 82, 24, 9, 29, 34, 48, 
24, -73, -97, 24, 61, -85, 78, 24, 14, 29, 34, 48, 
24, -73, -97, 24, 61, -85, 78, 24, 14, 29, 34, 48, 
24, -73, -97, 24, 61, -85, 78, 24, 14, 29, 34, 48, 
24, -82, -107, 29, 65, -95, 73, 29, 4, 19, 34, 58, 
24, -82, -107, 29, 65, -95, 73, 29, 9, 24, 34, 58, 
24, -78, -102, 26, 63, -90, 73, 29, 9, 24, 39, 63, 
24, -78, -102, 26, 63, -90, 73, 29, 9, 24, 39, 63, 
24, -73, -97, 24, 61, -85, 82, 29, 19, 34, 39, 68, 
14, -87, -102, 36, 58, -95, 97, 48, 29, 34, 39, 58, 
14, -87, -102, 36, 58, -95, 107, 73, 63, 34, 39, 48, 
24, -78, -102, 26, 63, -90, 131, 117, 92, 43, 34, 48, 
34, -68, -102, 17, 68, -85, 156, 165, 141, 73, 53, 58, 
58, -29, -87, -14, 73, -58, 156, 209, 195, 107, 87, 82, 
102, 19, -82, -61, 92, -31, 156, 253, 248, 156, 136, 131, 
156, 78, -78, -117, 117, 0, 161, 302, 326, 229, 195, 185, 
209, 151, -58, -180, 134, 46, 146, 341, 434, 326, 287, 253, 
278, 258, -19, -268, 148, 119, 102, 351, 527, 444, 409, 356, 
385, 395, 9, -390, 187, 202, 0, 297, 546, 561, 531, 473, 
512, 561, 48, -536, 231, 305, -165, 156, 468, 668, 663, 610, 
653, 741, 87, -697, 283, 414, -361, -48, 336, 771, 805, 746, 
766, 888, 122, -827, 322, 505, -512, -209, 209, 839, 912, 868, 
805, 971, 165, -888, 319, 568, -600, -317, 117, 868, 966, 932, 
756, 1034, 278, -895, 239, 656, -639, -424, 63, 868, 976, 971, 
610, 1044, 434, -827, 87, 739, -649, -570, 4, 824, 941, 961, 
448, 966, 517, -707, -34, 741, -614, -707, -82, 717, 829, 888, 
351, 829, 478, -590, -63, 653, -566, -741, -180, 561, 673, 756, 
268, 668, 400, -468, -65, 534, -492, -722, -263, 409, 507, 605, 
170, 541, 370, -356, -100, 456, -429, -717, -375, 278, 380, 488, 
53, 444, 390, -248, -168, 417, -405, -771, -541, 136, 239, 385, 
-34, 312, 346, -139, -190, 329, -385, -800, -688, -24, 87, 253, 
-78, 185, 263, -53, -170, 224, -356, -766, -717, -126, -14, 161, 
-78, 141, 219, -31, -148, 180, -317, -678, -600, -102, -14, 141, 
-63, 141, 204, -39, -134, 173, -273, -551, -458, -34, 29, 156, 
-39, 136, 175, -48, -107, 156, -214, -434, -351, 0, 53, 161, 
-4, 141, 146, -68, -75, 143, -165, -322, -263, 34, 82, 170, 
9, 141, 131, -75, -61, 136, -122, -244, -185, 58, 92, 170, 
19, 126, 107, -73, -43, 117, -82, -190, -141, 68, 97, 161, 
39, 112, 73, -75, -17, 92, -58, -141, -112, 78, 92, 161, 
53, 107, 53, -80, 0, 80, -29, -97, -58, 87, 112, 165, 
63, 107, 43, -85, 9, 75, -4, -53, -19, 102, 117, 165, 
73, 82, 9, -78, 31, 46, 19, -24, 19, 102, 117, 156, 
63, 48, -14, -56, 39, 17, 53, 14, 43, 102, 107, 141, 
63, 29, -34, -46, 48, -2, 78, 39, 58, 97, 97, 131, 
58, 9, -48, -34, 53, -19, 87, 43, 73, 102, 92, 122, 
53, -4, -58, -24, 56, -31, 78, 39, 73, 92, 82, 102, 
53, -4, -58, -24, 56, -31, 78, 39, 73, 92, 82, 102, 
53, 0, -53, -26, 53, -26, 82, 43, 73, 92, 82, 102, 
53, 0, -53, -26, 53, -26, 82, 48, 73, 92, 82, 102, 
53, 0, -53, -26, 53, -26, 82, 48, 68, 78, 73, 102, 
53, 0, -53, -26, 53, -26, 92, 53, 73, 78, 73, 102, 
53, -4, -58, -24, 56, -31, 97, 58, 78, 78, 73, 97, 
53, -14, -68, -19, 61, -41, 102, 68, 82, 82, 68, 92, 
43, -29, -73, -7, 58, -51, 112, 78, 87, 82, 68, 87, 
43, -34, -78, -4, 61, -56, 117, 82, 92, 78, 68, 87, 
48, -34, -82, -7, 65, -58, 117, 87, 92, 78, 68, 87, 
48, -34, -82, -7, 65, -58, 117, 87, 97, 78, 63, 87, 
48, -34, -82, -7, 65, -58, 107, 92, 102, 78, 63, 87, 
48, -34, -82, -7, 65, -58, 112, 92, 107, 78, 68, 92, 
48, -34, -82, -7, 65, -58, 112, 92, 112, 78, 68, 92, 
43, -34, -78, -4, 61, -56, 112, 92, 112, 82, 68, 92, 
43, -29, -73, -7, 58, -51, 117, 97, 112, 92, 78, 102, 
48, -29, -78, -9, 63, -53, 117, 97, 112, 92, 82, 102, 
48, -29, -78, -9, 63, -53, 117, 102, 112, 92, 82, 102, 
48, -29, -78, -9, 63, -53, 117, 102, 117, 92, 82, 102, 
58, -29, -87, -14, 73, -58, 117, 102, 126, 97, 82, 92, 
63, -24, -87, -19, 75, -56, 117, 107, 126, 97, 82, 92, 
63, -24, -87, -19, 75, -56, 117, 107, 131, 97, 82, 97, 
63, -24, -87, -19, 75, -56, 117, 107, 131, 97, 82, 97, 
73, -19, -92, -26, 82, -56, 117, 122, 136, 97, 82, 107, 
78, -19, -97, -29, 87, -58, 117, 122, 136, 97, 87, 107, 
78, -19, -97, -29, 87, -58, 117, 122, 146, 97, 87, 107, 
78, -14, -92, -31, 85, -53, 117, 122, 146, 102, 87, 107, 
73, -9, -82, -31, 78, -46, 117, 122, 136, 107, 87, 107, 
73, -9, -82, -31, 78, -46, 117, 122, 141, 107, 92, 112, 
73, -9, -82, -31, 78, -46, 117, 126, 141, 107, 92, 112, 
73, -9, -82, -31, 78, -46, 117, 126, 141, 107, 92, 112, 
73, -4, -78, -34, 75, -41, 117, 126, 151, 102, 92, 112, 
82, -4, -87, -39, 85, -46, 117, 126, 151, 102, 92, 112, 
82, -4, -87, -39, 85, -46, 117, 131, 156, 107, 97, 117, 
82, -4, -87, -39, 85, -46, 117, 131, 165, 107, 102, 117, 
78, -4, -82, -36, 80, -43, 117, 131, 165, 122, 102, 117, 
78, -4, -82, -36, 80, -43, 117, 136, 165, 122, 102, 122, 
82, -4, -87, -39, 85, -46, 117, 136, 170, 122, 102, 122, 
87, -4, -92, -41, 90, -48, 117, 136, 170, 122, 107, 122, 
78, -4, -82, -36, 80, -43, 117, 136, 161, 117, 97, 122, 
78, -4, -82, -36, 80, -43, 117, 141, 165, 117, 97, 122, 
78, -9, -87, -34, 82, -48, 117, 141, 165, 122, 102, 126, 
78, -9, -87, -34, 82, -48, 117, 146, 175, 122, 102, 126, 
82, 0, -82, -41, 82, -41, 107, 156, 180, 131, 107, 131, 
82, 4, -78, -43, 80, -36, 107, 156, 180, 131, 107, 131, 
82, 4, -78, -43, 80, -36, 107, 156, 180, 131, 107, 131, 
87, 4, -82, -46, 85, -39, 107, 161, 190, 131, 112, 136, 
97, 9, -87, -53, 92, -39, 117, 151, 195, 131, 112, 136, 
92, 9, -82, -51, 87, -36, 117, 156, 195, 136, 112, 136, 
92, 14, -78, -53, 85, -31, 117, 156, 195, 136, 117, 136, 
97, 14, -82, -56, 90, -34, 117, 156, 195, 136, 117, 141, 
97, 14, -82, -56, 90, -34, 117, 170, 195, 141, 117, 141, 
102, 14, -87, -58, 95, -36, 117, 170, 204, 141, 122, 141, 
107, 19, -87, -63, 97, -34, 117, 175, 209, 151, 122, 141, 
107, 24, -82, -65, 95, -29, 117, 180, 214, 156, 126, 141, 
107, 24, -82, -65, 95, -29, 117, 170, 209, 156, 126, 146, 
112, 24, -87, -68, 100, -31, 117, 170, 214, 156, 136, 151, 
117, 29, -87, -73, 102, -29, 117, 175, 219, 156, 136, 156, 
117, 29, -87, -73, 102, -29, 117, 175, 219, 161, 136, 156, 
117, 24, -92, -70, 104, -34, 107, 185, 229, 161, 146, 151, 
117, 24, -92, -70, 104, -34, 107, 185, 234, 170, 146, 151, 
117, 29, -87, -73, 102, -29, 107, 185, 239, 175, 146, 156, 
117, 34, -82, -75, 100, -24, 107, 190, 244, 180, 151, 156, 
126, 34, -92, -80, 109, -29, 107, 195, 239, 180, 151, 161, 
126, 43, -82, -85, 104, -19, 107, 195, 244, 185, 151, 161, 
126, 48, -78, -87, 102, -14, 107, 200, 248, 185, 156, 170, 
131, 53, -78, -92, 104, -12, 107, 204, 253, 190, 161, 175, 
146, 63, -82, -104, 114, -9, 112, 214, 268, 195, 175, 175, 
146, 73, -73, -109, 109, 0, 107, 219, 273, 200, 175, 175, 
151, 78, -73, -114, 112, 2, 107, 224, 278, 204, 175, 175, 
151, 82, -68, -117, 109, 7, 107, 229, 283, 204, 185, 175, 
141, 78, -63, -109, 102, 7, 107, 229, 287, 209, 180, 180, 
146, 82, -63, -114, 104, 9, 107, 229, 292, 214, 180, 190, 
151, 87, -63, -119, 107, 12, 107, 239, 297, 219, 190, 195, 
151, 87, -63, -119, 107, 12, 107, 244, 302, 224, 190, 200, 
151, 92, -58, -122, 104, 17, 107, 244, 307, 224, 195, 204, 
156, 97, -58, -126, 107, 19, 107, 248, 312, 229, 200, 204, 
156, 102, -53, -129, 104, 24, 102, 248, 322, 234, 204, 204, 
161, 107, -53, -134, 107, 26, 102, 248, 326, 239, 209, 204, 
170, 112, -58, -141, 114, 26, 102, 244, 336, 244, 214, 214, 
175, 117, -58, -146, 117, 29, 102, 253, 341, 248, 219, 219, 
175, 122, -53, -148, 114, 34, 102, 253, 346, 253, 219, 224, 
180, 131, -48, -156, 114, 41, 102, 258, 351, 258, 224, 229, 
180, 141, -39, -161, 109, 51, 92, 268, 346, 263, 229, 234, 
185, 146, -39, -165, 112, 53, 92, 268, 346, 268, 234, 234, 
190, 151, -39, -170, 114, 56, 87, 273, 351, 273, 239, 234, 
190, 156, -34, -173, 112, 61, 87, 273, 356, 273, 244, 234, 
200, 165, -34, -183, 117, 65, 97, 273, 366, 278, 253, 244, 
204, 170, -34, -187, 119, 68, 87, 273, 370, 283, 253, 248, 
209, 170, -39, -190, 124, 65, 87, 273, 375, 287, 258, 248, 
209, 175, -34, -192, 122, 70, 87, 273, 380, 292, 268, 253, 
209, 180, -29, -195, 119, 75, 87, 273, 380, 292, 258, 253, 
209, 185, -24, -197, 117, 80, 87, 273, 380, 292, 258, 258, 
209, 185, -24, -197, 117, 80, 78, 273, 380, 292, 258, 258, 
214, 190, -24, -202, 119, 82, 78, 273, 375, 297, 263, 258, 
214, 185, -29, -200, 122, 78, 73, 273, 375, 297, 268, 263, 
214, 190, -24, -202, 119, 82, 73, 273, 375, 302, 268, 263, 
214, 195, -19, -204, 117, 87, 73, 268, 375, 302, 268, 268, 
219, 195, -24, -207, 122, 85, 68, 268, 370, 302, 268, 268, 
209, 204, -4, -207, 107, 100, 63, 268, 370, 302, 273, 278, 
209, 204, -4, -207, 107, 100, 63, 263, 370, 302, 273, 278, 
204, 209, 4, -207, 100, 107, 58, 258, 370, 302, 273, 278, 
204, 209, 4, -207, 100, 107, 58, 253, 370, 302, 273, 278, 
214, 214, 0, -214, 107, 107, 53, 248, 366, 312, 283, 278, 
214, 214, 0, -214, 107, 107, 53, 244, 366, 312, 283, 278, 
219, 219, 0, -219, 109, 109, 48, 239, 361, 312, 283, 283, 
219, 219, 0, -219, 109, 109, 48, 234, 356, 312, 283, 283, 
214, 219, 4, -217, 104, 112, 43, 229, 341, 312, 283, 283, 
214, 214, 0, -214, 107, 107, 39, 214, 336, 307, 278, 278, 
214, 214, 0, -214, 107, 107, 39, 204, 331, 307, 278, 278, 
214, 214, 0, -214, 107, 107, 39, 200, 322, 307, 278, 278, 
209, 209, 0, -209, 104, 104, 34, 195, 307, 297, 268, 273, 
209, 209, 0, -209, 104, 104, 34, 180, 302, 292, 263, 273, 
204, 204, 0, -204, 102, 102, 29, 180, 287, 287, 258, 273, 
200, 195, -4, -197, 102, 95, 29, 165, 278, 283, 248, 268, 
190, 195, 4, -192, 92, 100, 19, 161, 278, 278, 244, 253, 
185, 185, 0, -185, 92, 92, 19, 151, 268, 273, 239, 248, 
180, 185, 4, -183, 87, 95, 24, 141, 263, 263, 234, 244, 
180, 180, 0, -180, 90, 90, 24, 141, 253, 253, 229, 239, 
180, 180, 0, -180, 90, 90, 34, 136, 239, 258, 229, 234, 
180, 165, -14, -173, 97, 75, 39, 136, 229, 244, 219, 229, 
180, 156, -24, -168, 102, 65, 39, 131, 219, 239, 214, 229, 
180, 146, -34, -163, 107, 56, 39, 126, 200, 229, 200, 229, 
170, 136, -34, -153, 102, 51, 39, 107, 190, 209, 180, 209, 
165, 126, -39, -146, 102, 43, 34, 102, 180, 200, 175, 204, 
156, 117, -39, -136, 97, 39, 34, 92, 170, 190, 165, 200, 
151, 107, -43, -129, 97, 31, 34, 87, 165, 180, 161, 195, 
126, 82, -43, -104, 85, 19, 43, 78, 156, 175, 151, 185, 
122, 68, -53, -95, 87, 7, 48, 78, 151, 165, 146, 170, 
112, 53, -58, -82, 85, -2, 48, 73, 141, 161, 141, 165, 
107, 43, -63, -75, 85, -9, 58, 73, 131, 151, 136, 161, 
117, 39, -78, -78, 97, -19, 53, 78, 117, 151, 136, 156, 
112, 39, -73, -75, 92, -17, 48, 78, 112, 146, 131, 151, 
107, 34, -73, -70, 90, -19, 48, 78, 107, 136, 126, 146, 
102, 34, -68, -68, 85, -17, 43, 73, 102, 131, 122, 146, 
102, 29, -73, -65, 87, -21, 53, 68, 97, 126, 107, 136, 
102, 24, -78, -63, 90, -26, 58, 68, 87, 122, 102, 136, 
97, 19, -78, -58, 87, -29, 58, 68, 87, 122, 102, 136, 
92, 14, -78, -53, 85, -31, 58, 68, 82, 117, 97, 136, 
87, 4, -82, -46, 85, -39, 63, 58, 78, 102, 87, 126, 
82, 0, -82, -41, 82, -41, 63, 58, 78, 102, 82, 117, 
82, -4, -87, -39, 85, -46, 63, 58, 73, 97, 78, 107, 
82, -4, -87, -39, 85, -46, 63, 58, 73, 92, 73, 97, 
82, -9, -92, -36, 87, -51, 63, 63, 58, 87, 73, 107, 
82, -14, -97, -34, 90, -56, 68, 63, 53, 87, 73, 107, 
82, -14, -97, -34, 90, -56, 68, 63, 53, 87, 63, 107, 
82, -14, -97, -34, 90, -56, 68, 63, 53, 87, 63, 107, 
82, -14, -97, -34, 90, -56, 68, 63, 63, 87, 73, 107, 
82, -19, -102, -31, 92, -61, 68, 63, 63, 82, 73, 107, 
82, -19, -102, -31, 92, -61, 73, 63, 63, 82, 73, 107, 
82, -19, -102, -31, 92, -61, 73, 63, 63, 82, 73, 102, 
82, -34, -117, -24, 100, -75, 73, 63, 63, 82, 73, 102, 
82, -34, -117, -24, 100, -75, 68, 63, 63, 82, 73, 102, 
78, -34, -112, -21, 95, -73, 68, 63, 58, 78, 73, 102, 
78, -34, -112, -21, 95, -73, 68, 63, 58, 78, 68, 102, 
82, -34, -117, -24, 100, -75, 78, 58, 58, 87, 68, 97, 
82, -29, -112, -26, 97, -70, 78, 58, 58, 82, 68, 97, 
82, -24, -107, -29, 95, -65, 78, 58, 58, 82, 68, 97, 
82, -19, -102, -31, 92, -61, 78, 58, 58, 82, 68, 97, 
82, -19, -102, -31, 92, -61, 82, 63, 63, 82, 68, 102, 
87, -24, -112, -31, 100, -68, 82, 63, 63, 82, 68, 102, 
87, -24, -112, -31, 100, -68, 82, 63, 63, 82, 68, 102, 
87, -24, -112, -31, 100, -68, 82, 63, 63, 82, 68, 102, 
78, -29, -107, -24, 92, -68, 73, 58, 58, 82, 68, 92, 
78, -29, -107, -24, 92, -68, 73, 58, 58, 82, 63, 92, 
78, -29, -107, -24, 92, -68, 73, 58, 58, 82, 63, 97, 
73, -29, -102, -21, 87, -65, 73, 63, 58, 82, 68, 97, 
73, -29, -102, -21, 87, -65, 73, 63, 58, 73, 58, 97, 
73, -29, -102, -21, 87, -65, 73, 63, 58, 73, 58, 97, 
73, -29, -102, -21, 87, -65, 73, 63, 58, 73, 58, 97, 
73, -29, -102, -21, 87, -65, 73, 63, 58, 73, 58, 97, 
73, -34, -107, -19, 90, -70, 73, 63, 58, 78, 58, 97, 
78, -34, -112, -21, 95, -73, 73, 58, 58, 78, 58, 97, 
78, -39, -117, -19, 97, -78, 73, 58, 58, 78, 58, 97, 
78, -39, -117, -19, 97, -78, 73, 58, 58, 78, 58, 97, 
78, -29, -107, -24, 92, -68, 82, 58, 58, 73, 58, 97, 
73, -29, -102, -21, 87, -65, 82, 58, 58, 73, 58, 97, 
73, -29, -102, -21, 87, -65, 78, 58, 58, 73, 58, 97, 
78, -29, -107, -24, 92, -68, 78, 58, 58, 73, 58, 97, 
78, -24, -102, -26, 90, -63, 73, 58, 58, 73, 58, 97, 
78, -24, -102, -26, 90, -63, 73, 58, 58, 73, 58, 97, 
78, -24, -102, -26, 90, -63, 73, 63, 63, 73, 58, 97, 
78, -24, -102, -26, 90, -63, 73, 63, 63, 73, 63, 102, 
87, -14, -102, -36, 95, -58, 82, 73, 63, 73, 63, 102, 
87, -14, -102, -36, 95, -58, 82, 73, 63, 73, 58, 102, 
87, -14, -102, -36, 95, -58, 82, 73, 63, 73, 58, 102, 
87, -14, -102, -36, 95, -58, 82, 73, 63, 73, 58, 102, 
78, -14, -92, -31, 85, -53, 82, 73, 63, 78, 58, 102, 
78, -14, -92, -31, 85, -53, 82, 73, 63, 78, 58, 102, 
78, -14, -92, -31, 85, -53, 82, 73, 63, 73, 58, 102, 
78, -14, -92, -31, 85, -53, 82, 73, 63, 73, 58, 97, 
87, -4, -92, -41, 90, -48, 82, 63, 63, 78, 63, 97, 
87, -4, -92, -41, 90, -48, 82, 63, 63, 78, 63, 102, 
87, -4, -92, -41, 90, -48, 82, 63, 63, 78, 63, 102, 
87, -4, -92, -41, 90, -48, 82, 63, 63, 78, 63, 102, 
97, -4, -102, -46, 100, -53, 82, 63, 63, 73, 63, 102, 
97, -4, -102, -46, 100, -53, 82, 63, 63, 73, 63, 102, 
97, -4, -102, -46, 100, -53, 82, 63, 63, 78, 63, 102, 
97, -4, -102, -46, 100, -53, 82, 63, 63, 78, 63, 102, 
87, -14, -102, -36, 95, -58, 82, 63, 63, 78, 63, 102, 
87, -14, -102, -36, 95, -58, 82, 63, 63, 78, 63, 102, 
87, -14, -102, -36, 95, -58, 82, 63, 63, 78, 63, 102, 
87, -14, -102, -36, 95, -58, 82, 63, 63, 78, 63, 102, 
78, -24, -102, -26, 90, -63, 82, 63, 53, 78, 63, 102, 
78, -24, -102, -26, 90, -63, 82, 63, 53, 78, 63, 102, 
78, -24, -102, -26, 90, -63, 82, 63, 53, 78, 63, 102, 
78, -24, -102, -26, 90, -63, 78, 63, 53, 78, 63, 102, 
87, -24, -112, -31, 100, -68, 78, 73, 53, 78, 53, 102, 
87, -24, -112, -31, 100, -68, 78, 73, 53, 78, 53, 102, 
87, -24, -112, -31, 100, -68, 78, 73, 58, 78, 53, 102, 
87, -24, -112, -31, 100, -68, 82, 73, 58, 78, 53, 102, 
87, -14, -102, -36, 95, -58, 87, 73, 58, 78, 63, 102, 
87, -14, -102, -36, 95, -58, 87, 73, 58, 78, 63, 102, 
87, -14, -102, -36, 95, -58, 87, 73, 58, 78, 63, 102, 
87, -14, -102, -36, 95, -58, 87, 73, 58, 78, 63, 102, 
87, -19, -107, -34, 97, -63, 87, 73, 58, 78, 63, 102, 
87, -19, -107, -34, 97, -63, 87, 73, 58, 78, 63, 102, 
87, -19, -107, -34, 97, -63, 87, 73, 58, 78, 63, 102, 
87, -24, -112, -31, 100, -68, 87, 73, 58, 73, 63, 102, 
87, -34, -122, -26, 104, -78, 87, 63, 58, 73, 63, 102, 
87, -34, -122, -26, 104, -78, 82, 63, 58, 73, 63, 102, 
87, -34, -122, -26, 104, -78, 82, 63, 58, 78, 63, 102, 
87, -39, -126, -24, 107, -82, 82, 63, 58, 78, 63, 102, 
78, -39, -117, -19, 97, -78, 82, 63, 48, 68, 53, 102, 
78, -34, -112, -21, 95, -73, 82, 63, 48, 68, 53, 102, 
78, -34, -112, -21, 95, -73, 82, 63, 43, 68, 53, 102, 
78, -34, -112, -21, 95, -73, 82, 63, 43, 68, 53, 97, 
78, -24, -102, -26, 90, -63, 82, 63, 43, 68, 53, 87, 
78, -24, -102, -26, 90, -63, 82, 63, 43, 68, 53, 92, 
78, -24, -102, -26, 90, -63, 87, 63, 43, 68, 48, 92, 
78, -24, -102, -26, 90, -63, 87, 63, 43, 63, 48, 92, 
87, -24, -112, -31, 100, -68, 87, 73, 43, 63, 48, 92, 
87, -24, -112, -31, 100, -68, 87, 73, 43, 63, 48, 92, 
87, -24, -112, -31, 100, -68, 87, 73, 39, 63, 48, 92, 
87, -29, -117, -29, 102, -73, 87, 73, 39, 63, 48, 92, 
87, -19, -107, -34, 97, -63, 87, 63, 39, 63, 48, 92, 
87, -19, -107, -34, 97, -63, 87, 63, 39, 63, 48, 92, 
87, -19, -107, -34, 97, -63, 87, 58, 39, 63, 48, 92, 
87, -19, -107, -34, 97, -63, 87, 58, 39, 63, 48, 92, 
78, -34, -112, -21, 95, -73, 87, 63, 39, 63, 48, 92, 
78, -34, -112, -21, 95, -73, 87, 63, 39, 63, 48, 92, 
78, -34, -112, -21, 95, -73, 87, 58, 39, 63, 48, 92, 
78, -34, -112, -21, 95, -73, 87, 58, 34, 53, 43, 87, 
78, -34, -112, -21, 95, -73, 87, 58, 34, 53, 43, 87, 
78, -34, -112, -21, 95, -73, 87, 58, 34, 53, 43, 87, 
78, -39, -117, -19, 97, -78, 87, 58, 29, 53, 39, 87, 
78, -39, -117, -19, 97, -78, 87, 58, 29, 53, 39, 87, 
78, -34, -112, -21, 95, -73, 87, 58, 29, 58, 39, 87, 
78, -34, -112, -21, 95, -73, 87, 58, 34, 58, 43, 87, 
78, -34, -112, -21, 95, -73, 87, 63, 34, 58, 43, 87, 
78, -34, -112, -21, 95, -73, 87, 63, 29, 53, 39, 87, 
78, -34, -112, -21, 95, -73, 87, 63, 29, 53, 39, 87, 
78, -34, -112, -21, 95, -73, 87, 63, 29, 48, 39, 87, 
78, -39, -117, -19, 97, -78, 87, 58, 24, 48, 39, 87, 
78, -39, -117, -19, 97, -78, 87, 58, 24, 48, 39, 82, 
87, -39, -126, -24, 107, -82, 87, 58, 34, 48, 39, 82, 
87, -34, -122, -26, 104, -78, 87, 58, 34, 48, 34, 87, 
87, -34, -122, -26, 104, -78, 87, 58, 34, 48, 34, 87, 
87, -39, -126, -24, 107, -82, 87, 58, 34, 48, 34, 87, 
92, -29, -122, -31, 107, -75, 87, 68, 24, 48, 34, 87, 
92, -29, -122, -31, 107, -75, 87, 68, 24, 48, 34, 87, 
92, -29, -122, -31, 107, -75, 87, 68, 24, 48, 34, 87, 
92, -29, -122, -31, 107, -75, 92, 68, 24, 48, 34, 82, 
87, -39, -126, -24, 107, -82, 82, 58, 24, 48, 24, 82, 
82, -43, -126, -19, 104, -85, 82, 58, 24, 48, 29, 82, 
78, -48, -126, -14, 102, -87, 82, 58, 24, 48, 29, 82, 
73, -48, -122, -12, 97, -85, 82, 58, 24, 43, 29, 82, 
82, -48, -131, -17, 107, -90, 82, 58, 24, 34, 29, 82, 
82, -48, -131, -17, 107, -90, 82, 58, 24, 39, 29, 82, 
82, -48, -131, -17, 107, -90, 82, 58, 24, 39, 29, 82, 
82, -48, -131, -17, 107, -90, 82, 58, 24, 39, 24, 82, 
92, -43, -136, -24, 114, -90, 82, 58, 24, 48, 34, 82, 
92, -43, -136, -24, 114, -90, 82, 58, 24, 48, 34, 82, 
92, -43, -136, -24, 114, -90, 82, 58, 24, 48, 34, 82, 
92, -43, -136, -24, 114, -90, 82, 58, 24, 48, 29, 82, 
82, -43, -126, -19, 104, -85, 92, 58, 24, 48, 29, 82, 
82, -43, -126, -19, 104, -85, 92, 58, 19, 48, 29, 78, 
82, -48, -131, -17, 107, -90, 87, 58, 19, 48, 29, 78, 
82, -48, -131, -17, 107, -90, 87, 58, 19, 48, 29, 78, 
82, -53, -136, -14, 109, -95, 87, 58, 9, 48, 19, 78, 
82, -58, -141, -12, 112, -100, 87, 58, 9, 43, 19, 78, 
82, -63, -146, -9, 114, -104, 87, 58, 9, 43, 24, 78, 
82, -68, -151, -7, 117, -109, 87, 58, 14, 43, 24, 78, 
73, -68, -141, -2, 107, -104, 87, 58, 14, 34, 24, 68, 
73, -68, -141, -2, 107, -104, 87, 58, 14, 34, 24, 68, 
73, -68, -141, -2, 107, -104, 87, 58, 9, 29, 24, 68, 
73, -68, -141, -2, 107, -104, 87, 58, 9, 29, 24, 68, 
73, -68, -141, -2, 107, -104, 78, 58, 0, 29, 19, 68, 
73, -68, -141, -2, 107, -104, 78, 58, 0, 34, 19, 73, 
73, -68, -141, -2, 107, -104, 78, 58, 0, 34, 24, 73, 
73, -68, -141, -2, 107, -104, 78, 53, 0, 34, 24, 68, 
73, -68, -141, -2, 107, -104, 87, 53, 0, 34, 14, 78, 
73, -68, -141, -2, 107, -104, 87, 58, 0, 34, 14, 78, 
73, -68, -141, -2, 107, -104, 87, 58, 0, 34, 14, 78, 
73, -68, -141, -2, 107, -104, 87, 58, 0, 34, 14, 78, 
82, -58, -141, -12, 112, -100, 87, 58, 0, 39, 14, 78, 
82, -58, -141, -12, 112, -100, 87, 58, 0, 39, 14, 78, 
82, -58, -141, -12, 112, -100, 82, 58, 0, 39, 14, 78, 
82, -58, -141, -12, 112, -100, 78, 58, 0, 43, 14, 78, 
82, -58, -141, -12, 112, -100, 78, 58, 9, 43, 14, 68, 
82, -63, -146, -9, 114, -104, 78, 58, 9, 43, 14, 68, 
82, -63, -146, -9, 114, -104, 78, 58, 9, 43, 14, 68, 
82, -63, -146, -9, 114, -104, 78, 58, 9, 43, 14, 68, 
82, -63, -146, -9, 114, -104, 87, 58, 9, 43, 14, 68, 
82, -58, -141, -12, 112, -100, 87, 58, 9, 39, 14, 68, 
87, -58, -146, -14, 117, -102, 82, 58, 9, 39, 14, 73, 
87, -58, -146, -14, 117, -102, 82, 58, 9, 43, 14, 73, 
87, -53, -141, -17, 114, -97, 87, 58, 9, 43, 19, 82, 
92, -53, -146, -19, 119, -100, 87, 58, 9, 43, 19, 82, 
92, -53, -146, -19, 119, -100, 87, 63, 9, 43, 19, 82, 
92, -53, -146, -19, 119, -100, 87, 68, 14, 43, 19, 82, 
92, -43, -136, -24, 114, -90, 87, 63, 14, 48, 29, 82, 
97, -48, -146, -24, 122, -97, 87, 68, 9, 48, 19, 87, 
107, -39, -146, -34, 126, -92, 87, 78, 19, 58, 19, 78, 
107, -39, -146, -34, 126, -92, 87, 78, 19, 58, 19, 78, 
107, -39, -146, -34, 126, -92, 87, 78, 19, 58, 19, 78, 
107, -39, -146, -34, 126, -92, 87, 78, 19, 58, 19, 78, 
107, -43, -151, -31, 129, -97, 97, 82, 29, 53, 34, 92, 
107, -29, -136, -39, 122, -82, 97, 87, 34, 58, 43, 92, 
126, -19, -146, -53, 136, -82, 97, 92, 48, 68, 48, 107, 
136, -4, -141, -65, 139, -73, 97, 102, 58, 73, 48, 112, 
136, 14, -122, -75, 129, -53, 97, 107, 68, 82, 58, 117, 
141, 24, -117, -82, 129, -46, 97, 107, 73, 97, 68, 122, 
141, 34, -107, -87, 124, -36, 97, 107, 78, 107, 73, 131, 
141, 39, -102, -90, 122, -31, 97, 107, 82, 117, 73, 131, 
156, 39, -117, -97, 136, -39, 92, 107, 92, 107, 73, 131, 
156, 39, -117, -97, 136, -39, 92, 112, 92, 112, 73, 131, 
161, 39, -122, -100, 141, -41, 92, 112, 97, 112, 73, 136, 
165, 43, -122, -104, 143, -39, 92, 112, 102, 117, 82, 141, 
170, 63, -107, -117, 139, -21, 87, 117, 97, 122, 87, 141, 
175, 68, -107, -122, 141, -19, 78, 117, 102, 122, 92, 146, 
180, 73, -107, -126, 143, -17, 78, 117, 102, 126, 92, 151, 
180, 73, -107, -126, 143, -17, 73, 117, 97, 126, 92, 151, 
175, 68, -107, -122, 141, -19, 63, 102, 82, 112, 78, 136, 
175, 68, -107, -122, 141, -19, 58, 92, 78, 107, 73, 136, 
170, 63, -107, -117, 139, -21, 53, 87, 63, 102, 73, 131, 
165, 58, -107, -112, 136, -24, 48, 73, 48, 97, 68, 131, 
161, 34, -126, -97, 143, -46, 43, 73, 34, 87, 68, 126, 
161, 24, -136, -92, 148, -56, 39, 58, 19, 78, 58, 122, 
156, 14, -141, -85, 148, -63, 34, 58, 9, 73, 58, 117, 
156, 9, -146, -82, 151, -68, 29, 53, 4, 73, 53, 117, 
156, 19, -136, -87, 146, -58, 29, 53, 4, 82, 43, 112, 
156, 19, -136, -87, 146, -58, 29, 53, 4, 78, 43, 112, 
156, 19, -136, -87, 146, -58, 29, 48, 4, 78, 43, 112, 
161, 19, -141, -90, 151, -61, 29, 48, 4, 78, 43, 117, 
151, 9, -141, -80, 146, -65, 39, 39, 4, 78, 43, 117, 
151, 14, -136, -82, 143, -61, 39, 39, 4, 78, 43, 117, 
146, 14, -131, -80, 139, -58, 39, 39, 4, 78, 43, 112, 
141, 4, -136, -73, 139, -65, 43, 39, 0, 73, 39, 112, 
136, -4, -141, -65, 139, -73, 43, 39, 0, 63, 34, 97, 
131, -9, -141, -61, 136, -75, 53, 43, -9, 53, 29, 92, 
122, -24, -146, -48, 134, -85, 58, 43, -9, 53, 24, 87, 
112, -34, -146, -39, 129, -90, 63, 48, -9, 48, 24, 82, 
97, -39, -136, -29, 117, -87, 68, 48, -9, 53, 19, 87, 
87, -43, -131, -21, 109, -87, 73, 48, -4, 53, 19, 87, 
78, -48, -126, -14, 102, -87, 73, 43, -4, 53, 19, 87, 
78, -53, -131, -12, 104, -92, 73, 43, -4, 53, 9, 82, 
82, -63, -146, -9, 114, -104, 82, 43, -14, 43, 9, 73, 
82, -73, -156, -4, 119, -114, 78, 43, -19, 39, 4, 68, 
78, -78, -156, 0, 117, -117, 78, 43, -29, 34, 4, 68, 
78, -87, -165, 4, 122, -126, 82, 43, -34, 29, 0, 63, 
82, -82, -165, 0, 124, -124, 73, 39, -39, 24, -4, 68, 
82, -82, -165, 0, 124, -124, 73, 34, -43, 19, -4, 63, 
82, -87, -170, 2, 126, -129, 73, 34, -43, 14, -4, 63, 
82, -87, -170, 2, 126, -129, 73, 34, -43, 14, -4, 63, 
82, -78, -161, -2, 122, -119, 73, 34, -43, 24, -9, 53, 
82, -78, -161, -2, 122, -119, 73, 39, -43, 24, -9, 53, 
82, -78, -161, -2, 122, -119, 73, 39, -43, 24, -9, 53, 
82, -78, -161, -2, 122, -119, 73, 34, -39, 24, -9, 53, 
68, -78, -146, 4, 107, -112, 78, 34, -39, 24, -9, 53, 
68, -82, -151, 7, 109, -117, 82, 34, -39, 24, -9, 53, 
68, -82, -151, 7, 109, -117, 82, 34, -39, 24, -9, 53, 
63, -82, -146, 9, 104, -114, 82, 34, -39, 24, -9, 53, 
53, -97, -151, 21, 102, -124, 82, 34, -39, 14, -9, 53, 
53, -102, -156, 24, 104, -129, 82, 34, -43, 14, -9, 53, 
53, -102, -156, 24, 104, -129, 82, 29, -43, 14, -14, 48, 
53, -102, -156, 24, 104, -129, 87, 29, -43, 9, -14, 48, 
53, -102, -156, 24, 104, -129, 78, 34, -43, 9, -24, 48, 
53, -107, -161, 26, 107, -134, 78, 34, -43, 9, -24, 48, 
53, -107, -161, 26, 107, -134, 78, 34, -43, 9, -24, 48, 
48, -107, -156, 29, 102, -131, 78, 34, -43, 9, -24, 48, 
48, -107, -156, 29, 102, -131, 87, 34, -43, 0, -19, 48, 
48, -107, -156, 29, 102, -131, 87, 34, -43, 0, -19, 48, 
48, -107, -156, 29, 102, -131, 92, 34, -43, 0, -24, 48, 
48, -107, -156, 29, 102, -131, 92, 39, -43, 4, -24, 48, 
48, -102, -151, 26, 100, -126, 92, 48, -43, 14, -24, 43, 
48, -102, -151, 26, 100, -126, 92, 43, -43, 4, -24, 43, 
48, -102, -151, 26, 100, -126, 92, 43, -43, 4, -29, 39, 
48, -107, -156, 29, 102, -131, 92, 43, -43, 4, -29, 39, 
48, -107, -156, 29, 102, -131, 92, 34, -43, 4, -19, 39, 
43, -112, -156, 34, 100, -134, 92, 34, -43, 9, -19, 39, 
43, -112, -156, 34, 100, -134, 92, 34, -43, 9, -19, 39, 
48, -112, -161, 31, 104, -136, 92, 34, -48, 9, -19, 39, 
48, -112, -161, 31, 104, -136, 92, 43, -48, 9, -24, 48, 
53, -112, -165, 29, 109, -139, 87, 43, -43, 9, -24, 48, 
53, -112, -165, 29, 109, -139, 87, 43, -43, 9, -24, 48, 
53, -112, -165, 29, 109, -139, 87, 43, -43, 9, -24, 48, 
53, -112, -165, 29, 109, -139, 92, 48, -43, 9, -24, 48, 
53, -112, -165, 29, 109, -139, 92, 48, -39, 14, -24, 48, 
53, -107, -161, 26, 107, -134, 92, 48, -39, 14, -19, 53, 
53, -107, -161, 26, 107, -134, 92, 48, -39, 14, -19, 53, 
53, -122, -175, 34, 114, -148, 112, 78, -19, 14, -29, 39, 
53, -126, -180, 36, 117, -153, 136, 107, 9, 14, -29, 29, 
53, -126, -180, 36, 117, -153, 156, 141, 53, 24, -29, 29, 
63, -107, -170, 21, 117, -139, 161, 185, 92, 43, -4, 48, 
92, -68, -161, -12, 126, -114, 156, 214, 141, 82, 24, 78, 
136, -19, -156, -58, 146, -87, 156, 268, 214, 146, 87, 122, 
190, 39, -151, -114, 170, -56, 156, 322, 317, 234, 165, 180, 
263, 136, -126, -200, 195, 4, 131, 370, 434, 346, 273, 273, 
366, 268, -97, -317, 231, 85, 87, 370, 512, 483, 405, 390, 
483, 434, -48, -458, 265, 192, -24, 302, 517, 610, 556, 531, 
619, 639, 19, -629, 300, 329, -214, 131, 429, 756, 736, 707, 
736, 844, 107, -790, 314, 475, -409, -78, 292, 863, 888, 873, 
790, 985, 195, -888, 297, 590, -527, -234, 170, 927, 980, 980, 
766, 1063, 297, -915, 234, 680, -580, -356, 82, 936, 1010, 1044, 
658, 1098, 439, -878, 109, 768, -610, -483, 19, 907, 995, 1058, 
483, 1063, 580, -773, -48, 822, -590, -610, -43, 839, 936, 1019, 
356, 956, 600, -656, -122, 778, -541, -668, -131, 707, 795, 912, 
292, 810, 517, -551, -112, 663, -478, -649, -219, 531, 614, 751, 
204, 644, 439, -424, -117, 541, -409, -614, -287, 395, 458, 600, 
102, 522, 419, -312, -158, 470, -346, -624, -409, 253, 312, 478, 
4, 414, 409, -209, -202, 412, -312, -658, -590, 63, 146, 341, 
-63, 287, 351, -112, -207, 319, -278, -673, -736, -107, -14, 209, 
-82, 185, 268, -51, -175, 226, -248, -624, -727, -161, -68, 136, 
-78, 146, 224, -34, -151, 185, -219, -541, -610, -117, -43, 141, 
-48, 141, 190, -46, -119, 165, -209, -453, -492, -73, -14, 151, 
-14, 141, 156, -63, -85, 148, -165, -356, -390, -34, 0, 156, 
9, 126, 117, -68, -53, 122, -117, -258, -292, 9, 24, 161, 
24, 122, 97, -73, -36, 109, -97, -195, -244, 24, 34, 151, 
39, 102, 63, -70, -12, 82, -73, -146, -214, 19, 24, 151, 
58, 87, 29, -73, 14, 58, -34, -102, -180, 29, 29, 141, 
78, 82, 4, -80, 36, 43, -9, -63, -131, 48, 43, 151, 
82, 68, -14, -75, 48, 26, 19, -29, -87, 58, 53, 146, 
82, 48, -34, -65, 58, 7, 53, 4, -48, 63, 48, 146, 
82, 24, -58, -53, 70, -17, 68, 43, -19, 63, 48, 136, 
82, -9, -92, -36, 87, -51, 82, 53, -4, 63, 39, 122, 
82, -19, -102, -31, 92, -61, 87, 58, 9, 68, 39, 112, 
87, -29, -117, -29, 102, -73, 87, 63, 14, 63, 34, 112, 
82, -24, -107, -29, 95, -65, 87, 58, 4, 58, 24, 102, 
82, -24, -107, -29, 95, -65, 87, 58, 4, 53, 24, 102, 
82, -19, -102, -31, 92, -61, 92, 63, 4, 48, 24, 102, 
82, -19, -102, -31, 92, -61, 92, 68, 4, 43, 24, 102, 
73, -24, -97, -24, 85, -61, 92, 78, 9, 29, 14, 92, 
73, -29, -102, -21, 87, -65, 102, 82, 14, 29, 14, 92, 
73, -39, -112, -17, 92, -75, 107, 87, 19, 29, 14, 87, 
73, -53, -126, -9, 100, -90, 112, 97, 24, 34, 9, 82, 
73, -68, -141, -2, 107, -104, 102, 87, 19, 34, 9, 78, 
73, -73, -146, 0, 109, -109, 107, 92, 24, 29, 9, 78, 
78, -73, -151, -2, 114, -112, 107, 97, 24, 29, 9, 78, 
78, -73, -151, -2, 114, -112, 107, 97, 29, 29, 4, 78, 
78, -68, -146, -4, 112, -107, 97, 92, 34, 29, 4, 78, 
78, -63, -141, -7, 109, -102, 102, 92, 39, 29, 9, 82, 
78, -58, -136, -9, 107, -97, 102, 92, 43, 29, 9, 82, 
73, -53, -126, -9, 100, -90, 102, 92, 43, 34, 9, 82, 
82, -68, -151, -7, 117, -109, 107, 107, 43, 43, 9, 82, 
87, -68, -156, -9, 122, -112, 107, 107, 43, 43, 14, 82, 
87, -68, -156, -9, 122, -112, 107, 112, 43, 43, 14, 82, 
87, -68, -156, -9, 122, -112, 107, 112, 48, 43, 14, 82, 
78, -58, -136, -9, 107, -97, 107, 112, 48, 58, 14, 82, 
82, -53, -136, -14, 109, -95, 107, 117, 48, 58, 14, 82, 
82, -53, -136, -14, 109, -95, 107, 117, 53, 58, 14, 87, 
82, -53, -136, -14, 109, -95, 107, 117, 53, 58, 14, 87, 
92, -48, -141, -21, 117, -95, 107, 122, 48, 58, 14, 97, 
97, -48, -146, -24, 122, -97, 107, 122, 48, 58, 19, 97, 
97, -48, -146, -24, 122, -97, 107, 122, 58, 58, 19, 97, 
97, -43, -141, -26, 119, -92, 107, 122, 58, 63, 19, 97, 
92, -39, -131, -26, 112, -85, 107, 112, 58, 68, 19, 87, 
92, -39, -131, -26, 112, -85, 107, 112, 63, 68, 24, 92, 
92, -39, -131, -26, 112, -85, 107, 117, 63, 68, 24, 92, 
92, -39, -131, -26, 112, -85, 107, 117, 63, 68, 24, 92, 
82, -43, -126, -19, 104, -85, 107, 117, 63, 73, 34, 92, 
92, -43, -136, -24, 114, -90, 107, 117, 63, 73, 34, 92, 
92, -43, -136, -24, 114, -90, 107, 122, 68, 78, 39, 97, 
92, -43, -136, -24, 114, -90, 107, 122, 78, 78, 43, 97, 
97, -43, -141, -26, 119, -92, 107, 122, 78, 82, 34, 97, 
97, -43, -141, -26, 119, -92, 107, 126, 78, 82, 34, 102, 
102, -43, -146, -29, 124, -95, 107, 126, 82, 82, 34, 102, 
107, -43, -151, -31, 129, -97, 107, 126, 82, 82, 39, 102, 
117, -29, -146, -43, 131, -87, 107, 126, 82, 92, 48, 112, 
117, -24, -141, -46, 129, -82, 107, 131, 87, 97, 48, 112, 
117, -24, -141, -46, 129, -82, 107, 131, 87, 107, 53, 117, 
117, -19, -136, -48, 126, -78, 107, 136, 97, 112, 53, 117, 
112, -29, -141, -41, 126, -85, 107, 136, 92, 112, 48, 112, 
112, -24, -136, -43, 124, -80, 107, 136, 92, 112, 48, 112, 
112, -24, -136, -43, 124, -80, 107, 136, 92, 112, 48, 112, 
117, -24, -141, -46, 129, -82, 107, 141, 102, 112, 53, 117, 
117, -19, -136, -48, 126, -78, 97, 141, 107, 122, 53, 117, 
112, -19, -131, -46, 122, -75, 97, 146, 107, 126, 53, 117, 
112, -14, -126, -48, 119, -70, 97, 146, 107, 126, 58, 117, 
117, -14, -131, -51, 124, -73, 97, 146, 107, 126, 58, 122, 
117, -14, -131, -51, 124, -73, 97, 151, 107, 122, 58, 131, 
122, -14, -136, -53, 129, -75, 97, 151, 117, 122, 63, 131, 
126, -9, -136, -58, 131, -73, 97, 156, 122, 131, 63, 131, 
126, -4, -131, -61, 129, -68, 97, 161, 126, 136, 68, 131, 
126, 4, -122, -65, 124, -58, 97, 161, 131, 146, 68, 136, 
131, 4, -126, -68, 129, -61, 97, 161, 136, 146, 78, 141, 
136, 9, -126, -73, 131, -58, 97, 165, 141, 146, 78, 146, 
136, 9, -126, -73, 131, -58, 97, 165, 141, 151, 78, 146, 
136, 14, -122, -75, 129, -53, 97, 175, 151, 151, 87, 141, 
136, 14, -122, -75, 129, -53, 97, 175, 156, 161, 87, 141, 
136, 19, -117, -78, 126, -48, 97, 175, 161, 165, 87, 146, 
136, 24, -112, -80, 124, -43, 97, 180, 165, 170, 92, 146, 
156, 24, -131, -90, 143, -53, 107, 185, 170, 170, 92, 151, 
156, 34, -122, -95, 139, -43, 107, 185, 175, 175, 92, 151, 
156, 39, -117, -97, 136, -39, 107, 190, 180, 175, 97, 161, 
161, 43, -117, -102, 139, -36, 107, 195, 185, 180, 102, 165, 
156, 39, -117, -97, 136, -39, 102, 195, 190, 195, 117, 165, 
156, 43, -112, -100, 134, -34, 97, 200, 195, 200, 117, 165, 
161, 43, -117, -102, 139, -36, 97, 204, 200, 204, 117, 165, 
161, 43, -117, -102, 139, -36, 97, 209, 204, 204, 126, 165, 
161, 48, -112, -104, 136, -31, 97, 200, 209, 209, 122, 161, 
165, 53, -112, -109, 139, -29, 97, 200, 214, 214, 122, 170, 
170, 58, -112, -114, 141, -26, 97, 209, 219, 219, 131, 175, 
170, 58, -112, -114, 141, -26, 97, 214, 224, 224, 131, 180, 
170, 63, -107, -117, 139, -21, 97, 224, 229, 224, 136, 185, 
175, 68, -107, -122, 141, -19, 97, 229, 234, 229, 141, 185, 
175, 73, -102, -124, 139, -14, 92, 229, 244, 234, 146, 185, 
180, 78, -102, -129, 141, -12, 92, 229, 248, 239, 151, 185, 
190, 82, -107, -136, 148, -12, 82, 224, 248, 244, 156, 195, 
195, 87, -107, -141, 151, -9, 82, 234, 253, 248, 161, 200, 
195, 92, -102, -143, 148, -4, 82, 234, 258, 253, 161, 204, 
200, 102, -97, -151, 148, 2, 82, 239, 263, 258, 165, 209, 
190, 102, -87, -146, 139, 7, 82, 239, 268, 263, 170, 224, 
195, 107, -87, -151, 141, 9, 82, 239, 268, 268, 175, 224, 
200, 112, -87, -156, 143, 12, 78, 244, 273, 273, 180, 224, 
200, 117, -82, -158, 141, 17, 78, 244, 278, 273, 185, 224, 
200, 117, -82, -158, 141, 17, 78, 244, 268, 268, 185, 224, 
204, 122, -82, -163, 143, 19, 68, 244, 273, 273, 185, 229, 
209, 122, -87, -165, 148, 17, 68, 244, 278, 278, 190, 229, 
209, 126, -82, -168, 146, 21, 68, 244, 283, 283, 200, 234, 
209, 122, -87, -165, 148, 17, 68, 234, 283, 283, 200, 234, 
209, 126, -82, -168, 146, 21, 68, 234, 283, 283, 200, 239, 
209, 126, -82, -168, 146, 21, 58, 234, 283, 283, 200, 239, 
214, 131, -82, -173, 148, 24, 58, 234, 278, 287, 204, 239, 
224, 146, -78, -185, 151, 34, 53, 234, 278, 287, 209, 244, 
224, 151, -73, -187, 148, 39, 53, 234, 278, 292, 209, 244, 
224, 156, -68, -190, 146, 43, 53, 229, 278, 292, 209, 248, 
229, 156, -73, -192, 151, 41, 48, 229, 273, 292, 209, 248, 
239, 165, -73, -202, 156, 46, 43, 239, 273, 292, 214, 248, 
239, 165, -73, -202, 156, 46, 43, 234, 273, 292, 214, 248, 
234, 170, -63, -202, 148, 53, 39, 229, 273, 292, 214, 248, 
234, 170, -63, -202, 148, 53, 39, 224, 273, 292, 214, 248, 
224, 165, -58, -195, 141, 53, 34, 219, 258, 283, 204, 248, 
224, 165, -58, -195, 141, 53, 34, 214, 258, 283, 204, 248, 
229, 170, -58, -200, 143, 56, 29, 209, 253, 283, 204, 253, 
229, 170, -58, -200, 143, 56, 29, 204, 248, 283, 204, 253, 
214, 170, -43, -192, 129, 63, 14, 190, 244, 273, 204, 253, 
214, 165, -48, -190, 131, 58, 9, 175, 239, 268, 200, 248, 
214, 165, -48, -190, 131, 58, 9, 165, 234, 268, 200, 248, 
214, 165, -48, -190, 131, 58, 9, 161, 224, 268, 200, 248, 
219, 161, -58, -190, 139, 51, 14, 165, 209, 268, 200, 244, 
219, 161, -58, -190, 139, 51, 14, 151, 204, 263, 195, 244, 
214, 156, -58, -185, 136, 48, 9, 151, 190, 258, 190, 244, 
209, 146, -63, -178, 136, 41, 9, 136, 180, 253, 180, 239, 
200, 136, -63, -168, 131, 36, 9, 131, 170, 239, 165, 234, 
195, 126, -68, -161, 131, 29, 9, 122, 161, 234, 161, 229, 
190, 126, -63, -158, 126, 31, 14, 112, 156, 224, 156, 224, 
190, 122, -68, -156, 129, 26, 14, 112, 146, 214, 151, 219, 
175, 102, -73, -139, 124, 14, 14, 97, 131, 209, 151, 200, 
170, 87, -82, -129, 126, 2, 19, 97, 122, 195, 141, 190, 
165, 78, -87, -122, 126, -4, 19, 92, 112, 190, 136, 185, 
161, 68, -92, -114, 126, -12, 19, 87, 92, 180, 122, 180, 
161, 63, -97, -112, 129, -17, 29, 87, 92, 180, 112, 170, 
156, 58, -97, -107, 126, -19, 24, 82, 82, 170, 107, 165, 
146, 53, -92, -100, 119, -19, 24, 73, 73, 161, 97, 161, 
141, 48, -92, -95, 117, -21, 24, 68, 68, 151, 92, 156, 
141, 39, -102, -90, 122, -31, 24, 68, 48, 136, 73, 146, 
141, 29, -112, -85, 126, -41, 29, 68, 43, 126, 68, 131, 
136, 19, -117, -78, 126, -48, 29, 63, 34, 122, 63, 126, 
136, 14, -122, -75, 129, -53, 39, 63, 24, 112, 58, 122, 
136, 4, -131, -70, 134, -63, 39, 58, 29, 112, 58, 126, 
131, 0, -131, -65, 131, -65, 39, 58, 24, 107, 53, 122, 
126, -9, -136, -58, 131, -73, 43, 58, 19, 97, 48, 117, 
122, -14, -136, -53, 129, -75, 43, 53, 14, 92, 43, 117, 
112, -19, -131, -46, 122, -75, 43, 58, 9, 97, 39, 107, 
112, -24, -136, -43, 124, -80, 48, 58, 0, 92, 34, 107, 
107, -29, -136, -39, 122, -82, 48, 58, 0, 92, 34, 107, 
102, -34, -136, -34, 119, -85, 48, 58, -4, 87, 29, 107, 
107, -34, -141, -36, 124, -87, 43, 48, -9, 73, 19, 92, 
102, -39, -141, -31, 122, -90, 43, 48, -9, 73, 14, 87, 
102, -43, -146, -29, 124, -95, 43, 48, -14, 68, 9, 82, 
102, -43, -146, -29, 124, -95, 43, 48, -14, 63, 4, 78, 
102, -39, -141, -31, 122, -90, 53, 43, -19, 58, 14, 87, 
102, -43, -146, -29, 124, -95, 58, 43, -24, 58, 14, 87, 
102, -43, -146, -29, 124, -95, 58, 43, -24, 58, 4, 87, 
102, -43, -146, -29, 124, -95, 58, 43, -24, 58, 4, 87, 
112, -34, -146, -39, 129, -90, 58, 53, -24, 58, 14, 87, 
112, -39, -151, -36, 131, -95, 58, 53, -24, 53, 14, 87, 
112, -39, -151, -36, 131, -95, 63, 53, -24, 53, 14, 87, 
112, -39, -151, -36, 131, -95, 63, 53, -24, 53, 14, 82, 
112, -43, -156, -34, 134, -100, 63, 43, -24, 53, 4, 73, 
112, -43, -156, -34, 134, -100, 58, 43, -24, 53, 4, 73, 
107, -43, -151, -31, 129, -97, 58, 43, -29, 48, 4, 73, 
107, -43, -151, -31, 129, -97, 58, 43, -29, 48, 0, 73, 
97, -53, -151, -21, 124, -102, 48, 39, -39, 48, -9, 68, 
92, -58, -151, -17, 122, -104, 48, 39, -39, 43, -9, 68, 
87, -63, -151, -12, 119, -107, 48, 39, -39, 43, -9, 68, 
82, -68, -151, -7, 117, -109, 48, 39, -39, 43, -9, 68, 
73, -68, -141, -2, 107, -104, 53, 43, -43, 43, -9, 63, 
78, -73, -151, -2, 114, -112, 53, 43, -43, 43, -9, 63, 
78, -73, -151, -2, 114, -112, 53, 43, -43, 43, -9, 63, 
78, -73, -151, -2, 114, -112, 53, 43, -43, 43, -9, 63, 
87, -68, -156, -9, 122, -112, 53, 39, -39, 43, -9, 63, 
87, -68, -156, -9, 122, -112, 53, 39, -39, 43, -14, 63, 
87, -68, -156, -9, 122, -112, 53, 39, -39, 43, -14, 68, 
82, -68, -151, -7, 117, -109, 53, 43, -39, 43, -9, 68, 
82, -68, -151, -7, 117, -109, 53, 34, -39, 43, -9, 68, 
82, -68, -151, -7, 117, -109, 53, 34, -39, 43, -9, 68, 
82, -68, -151, -7, 117, -109, 53, 34, -39, 43, -9, 68, 
82, -68, -151, -7, 117, -109, 53, 34, -39, 43, -9, 68, 
82, -53, -136, -14, 109, -95, 43, 34, -39, 39, -9, 68, 
87, -53, -141, -17, 114, -97, 43, 29, -39, 39, -9, 68, 
87, -58, -146, -14, 117, -102, 43, 29, -39, 39, -9, 68, 
87, -58, -146, -14, 117, -102, 43, 29, -39, 39, -9, 68, 
97, -48, -146, -24, 122, -97, 53, 39, -39, 43, 0, 68, 
92, -48, -141, -21, 117, -95, 53, 39, -39, 43, 0, 68, 
92, -48, -141, -21, 117, -95, 48, 39, -39, 43, 0, 68, 
97, -48, -146, -24, 122, -97, 48, 39, -39, 43, 0, 68, 
87, -53, -141, -17, 114, -97, 63, 39, -48, 43, 0, 68, 
87, -53, -141, -17, 114, -97, 63, 39, -48, 43, 0, 68, 
87, -53, -141, -17, 114, -97, 63, 43, -43, 43, 0, 68, 
87, -53, -141, -17, 114, -97, 63, 43, -43, 43, 4, 73, 
87, -53, -141, -17, 114, -97, 53, 43, -34, 43, -4, 73, 
87, -53, -141, -17, 114, -97, 53, 43, -34, 43, -9, 73, 
87, -53, -141, -17, 114, -97, 53, 43, -34, 43, -9, 73, 
87, -53, -141, -17, 114, -97, 53, 43, -34, 43, -9, 73, 
87, -53, -141, -17, 114, -97, 53, 43, -34, 39, 0, 73, 
87, -53, -141, -17, 114, -97, 53, 43, -34, 39, 0, 73, 
87, -53, -141, -17, 114, -97, 53, 43, -34, 34, 0, 73, 
87, -53, -141, -17, 114, -97, 53, 43, -34, 34, 0, 68, 
87, -63, -151, -12, 119, -107, 53, 43, -34, 48, -4, 68, 
87, -63, -151, -12, 119, -107, 53, 43, -34, 48, -4, 73, 
87, -63, -151, -12, 119, -107, 53, 43, -34, 48, -4, 73, 
87, -63, -151, -12, 119, -107, 53, 43, -34, 48, -4, 73, 
87, -53, -141, -17, 114, -97, 53, 43, -34, 43, 4, 73, 
87, -53, -141, -17, 114, -97, 53, 43, -34, 43, 4, 73, 
87, -53, -141, -17, 114, -97, 53, 43, -34, 48, 4, 73, 
87, -53, -141, -17, 114, -97, 53, 43, -34, 48, 4, 73, 
97, -53, -151, -21, 124, -102, 53, 43, -24, 48, 4, 82, 
97, -53, -151, -21, 124, -102, 53, 43, -24, 48, 4, 82, 
97, -53, -151, -21, 124, -102, 53, 43, -24, 48, 4, 82, 
97, -53, -151, -21, 124, -102, 53, 43, -24, 48, 4, 82, 
97, -43, -141, -26, 119, -92, 53, 43, -24, 48, 4, 73, 
97, -43, -141, -26, 119, -92, 53, 43, -24, 48, 4, 73, 
97, -43, -141, -26, 119, -92, 53, 43, -24, 48, 4, 73, 
97, -43, -141, -26, 119, -92, 48, 43, -24, 48, 4, 73, 
97, -53, -151, -21, 124, -102, 48, 43, -34, 48, 4, 73, 
97, -53, -151, -21, 124, -102, 48, 43, -34, 48, 4, 73, 
97, -53, -151, -21, 124, -102, 48, 43, -29, 48, 4, 73, 
97, -53, -151, -21, 124, -102, 53, 43, -29, 48, 4, 73, 
87, -53, -141, -17, 114, -97, 48, 43, -39, 39, 4, 73, 
87, -53, -141, -17, 114, -97, 48, 43, -39, 39, 4, 73, 
87, -53, -141, -17, 114, -97, 48, 43, -39, 39, 4, 73, 
87, -53, -141, -17, 114, -97, 48, 43, -39, 39, 4, 73, 
97, -48, -146, -24, 122, -97, 48, 53, -29, 39, 4, 73, 
97, -48, -146, -24, 122, -97, 48, 53, -29, 39, 4, 73, 
97, -48, -146, -24, 122, -97, 48, 53, -29, 39, 4, 73, 
97, -53, -151, -21, 124, -102, 48, 53, -29, 34, 4, 73, 
97, -53, -151, -21, 124, -102, 58, 43, -39, 34, 4, 73, 
97, -53, -151, -21, 124, -102, 53, 43, -39, 34, 4, 73, 
97, -53, -151, -21, 124, -102, 53, 43, -39, 39, 4, 73, 
97, -58, -156, -19, 126, -107, 53, 43, -39, 39, 4, 73, 
97, -58, -156, -19, 126, -107, 53, 43, -39, 39, -4, 73, 
97, -53, -151, -21, 124, -102, 53, 43, -39, 39, -4, 73, 
97, -53, -151, -21, 124, -102, 53, 43, -43, 39, -4, 73, 
97, -53, -151, -21, 124, -102, 53, 43, -43, 39, -4, 68, 
97, -53, -151, -21, 124, -102, 53, 43, -43, 39, -4, 58, 
97, -53, -151, -21, 124, -102, 53, 43, -43, 39, -4, 63, 
97, -53, -151, -21, 124, -102, 58, 43, -43, 39, -9, 63, 
97, -53, -151, -21, 124, -102, 58, 43, -43, 34, -9, 63, 
97, -53, -151, -21, 124, -102, 58, 43, -34, 34, 0, 63, 
97, -53, -151, -21, 124, -102, 58, 43, -34, 34, 0, 63, 
97, -53, -151, -21, 124, -102, 58, 43, -39, 34, 0, 63, 
97, -58, -156, -19, 126, -107, 58, 43, -39, 34, 0, 63, 
107, -48, -156, -29, 131, -102, 58, 43, -39, 24, 0, 73, 
107, -48, -156, -29, 131, -102, 58, 43, -39, 24, 0, 73, 
107, -48, -156, -29, 131, -102, 58, 39, -39, 24, 0, 73, 
107, -48, -156, -29, 131, -102, 58, 39, -39, 24, 0, 73, 
107, -53, -161, -26, 134, -107, 58, 43, -48, 24, 0, 63, 
107, -53, -161, -26, 134, -107, 58, 43, -48, 24, 0, 63, 
107, -53, -161, -26, 134, -107, 58, 39, -48, 24, 0, 63, 
107, -53, -161, -26, 134, -107, 58, 39, -53, 14, -4, 58, 
92, -58, -151, -17, 122, -104, 48, 29, -53, 14, -14, 58, 
87, -63, -151, -12, 119, -107, 48, 29, -53, 14, -14, 58, 
82, -73, -156, -4, 119, -114, 48, 29, -58, 14, -19, 58, 
78, -78, -156, 0, 117, -117, 48, 29, -58, 14, -19, 58, 
68, -73, -141, 2, 104, -107, 48, 19, -68, 9, -19, 58, 
68, -73, -141, 2, 104, -107, 48, 19, -63, 9, -14, 58, 
68, -73, -141, 2, 104, -107, 48, 24, -63, 9, -14, 58, 
68, -73, -141, 2, 104, -107, 48, 24, -68, 4, -19, 58, 
73, -63, -136, -4, 104, -100, 58, 34, -58, 14, -9, 58, 
78, -63, -141, -7, 109, -102, 58, 34, -58, 9, -9, 58, 
82, -68, -151, -7, 117, -109, 58, 29, -63, 9, -9, 58, 
87, -68, -156, -9, 122, -112, 58, 29, -63, 9, -9, 53, 
87, -68, -156, -9, 122, -112, 48, 29, -63, 9, -9, 53, 
87, -63, -151, -12, 119, -107, 48, 29, -63, 9, -14, 58, 
87, -63, -151, -12, 119, -107, 48, 29, -63, 9, -14, 58, 
87, -68, -156, -9, 122, -112, 48, 29, -63, 9, -14, 58, 
82, -68, -151, -7, 117, -109, 48, 19, -73, 9, -14, 58, 
82, -68, -151, -7, 117, -109, 48, 19, -73, 9, -14, 58, 
82, -68, -151, -7, 117, -109, 48, 19, -73, 9, -14, 58, 
82, -68, -151, -7, 117, -109, 53, 19, -73, 9, -14, 53, 
82, -73, -156, -4, 119, -114, 53, 19, -73, 9, -14, 63, 
82, -73, -156, -4, 119, -114, 53, 19, -73, 9, -9, 63, 
82, -73, -156, -4, 119, -114, 53, 19, -73, 9, -9, 63, 
82, -68, -151, -7, 117, -109, 53, 19, -73, 4, -9, 63, 
82, -68, -151, -7, 117, -109, 53, 29, -73, -4, -9, 63, 
82, -68, -151, -7, 117, -109, 53, 29, -73, 0, -9, 63, 
82, -68, -151, -7, 117, -109, 53, 29, -73, 0, -9, 63, 
82, -68, -151, -7, 117, -109, 53, 29, -73, 0, -14, 63, 
82, -73, -156, -4, 119, -114, 53, 19, -73, 0, -14, 63, 
82, -73, -156, -4, 119, -114, 53, 19, -73, 0, -14, 63, 
82, -73, -156, -4, 119, -114, 53, 19, -73, 0, -14, 63, 
82, -73, -156, -4, 119, -114, 53, 19, -73, 0, -19, 63, 
82, -63, -146, -9, 114, -104, 53, 19, -73, 0, -19, 63, 
82, -63, -146, -9, 114, -104, 53, 19, -78, 0, -19, 58, 
82, -68, -151, -7, 117, -109, 48, 19, -78, 0, -19, 58, 
82, -68, -151, -7, 117, -109, 48, 19, -78, 0, -19, 58, 
82, -68, -151, -7, 117, -109, 48, 19, -78, 0, -19, 58, 
82, -68, -151, -7, 117, -109, 48, 19, -78, -4, -19, 58, 
82, -68, -151, -7, 117, -109, 48, 19, -78, -4, -14, 58, 
82, -68, -151, -7, 117, -109, 48, 19, -73, -4, -14, 58, 
82, -68, -151, -7, 117, -109, 48, 19, -73, -4, -14, 58, 
82, -68, -151, -7, 117, -109, 48, 19, -73, -4, -14, 58, 
82, -68, -151, -7, 117, -109, 48, 19, -78, -9, -14, 58, 
82, -68, -151, -7, 117, -109, 48, 19, -78, -9, -14, 58, 
82, -68, -151, -7, 117, -109, 48, 19, -78, -9, -19, 58, 
82, -68, -151, -7, 117, -109, 48, 19, -78, -4, -19, 63, 
82, -68, -151, -7, 117, -109, 48, 19, -78, -4, -14, 63, 
82, -68, -151, -7, 117, -109, 48, 14, -78, -4, -14, 58, 
82, -68, -151, -7, 117, -109, 48, 14, -78, -4, -14, 58, 
82, -68, -151, -7, 117, -109, 48, 19, -78, -4, -14, 58, 
82, -68, -151, -7, 117, -109, 48, 19, -78, -4, -14, 58, 
82, -68, -151, -7, 117, -109, 48, 19, -78, -4, -14, 58, 
92, -68, -161, -12, 126, -114, 43, 9, -87, -9, -14, 58, 
92, -68, -161, -12, 126, -114, 48, 9, -87, -9, -14, 58, 
92, -68, -161, -12, 126, -114, 48, 9, -87, -9, -14, 58, 
92, -68, -161, -12, 126, -114, 48, 9, -87, -4, -14, 58, 
92, -58, -151, -17, 122, -104, 48, 19, -78, -4, -14, 58, 
92, -53, -146, -19, 119, -100, 48, 19, -78, -4, -4, 58, 
102, -53, -156, -24, 129, -104, 48, 9, -78, -4, -4, 58, 
102, -53, -156, -24, 129, -104, 48, 9, -78, -4, -4, 58, 
107, -48, -156, -29, 131, -102, 48, 19, -78, -9, -9, 58, 
107, -39, -146, -34, 126, -92, 58, 29, -68, 0, -9, 68, 
107, -39, -146, -34, 126, -92, 58, 29, -68, 0, -9, 68, 
107, -39, -146, -34, 126, -92, 58, 29, -68, 0, -9, 68, 
107, -39, -146, -34, 126, -92, 58, 29, -68, 0, -9, 68, 
122, -24, -146, -48, 134, -85, 78, 39, -48, 14, 4, 73, 
126, -9, -136, -58, 131, -73, 78, 48, -43, 19, 14, 73, 
151, 0, -151, -75, 151, -75, 78, 58, -29, 29, 19, 87, 
165, 14, -151, -90, 158, -68, 78, 73, -19, 34, 19, 92, 
165, 29, -136, -97, 151, -53, 68, 68, -9, 48, 39, 107, 
170, 43, -126, -107, 148, -41, 68, 68, -4, 58, 48, 112, 
170, 58, -112, -114, 141, -26, 68, 68, 0, 63, 53, 122, 
170, 68, -102, -119, 136, -17, 68, 68, 4, 68, 53, 122, 
165, 63, -102, -114, 134, -19, 53, 68, -4, 63, 43, 112, 
165, 58, -107, -112, 136, -24, 53, 73, -4, 63, 43, 112, 
170, 53, -117, -112, 143, -31, 53, 73, 0, 58, 43, 117, 
175, 53, -122, -114, 148, -34, 53, 73, 4, 58, 53, 122, 
175, 63, -112, -119, 143, -24, 39, 68, 0, 63, 58, 112, 
175, 68, -107, -122, 141, -19, 29, 68, 4, 63, 63, 117, 
175, 73, -102, -124, 139, -14, 29, 68, 4, 68, 63, 122, 
170, 73, -97, -122, 134, -12, 24, 68, 0, 68, 63, 122, 
170, 73, -97, -122, 134, -12, 24, 53, -14, 53, 58, 117, 
165, 68, -97, -117, 131, -14, 19, 43, -19, 48, 53, 117, 
156, 58, -97, -107, 126, -19, 14, 39, -34, 43, 53, 112, 
146, 48, -97, -97, 122, -24, 9, 24, -48, 39, 48, 112, 
151, 34, -117, -92, 134, -41, 14, 24, -53, 19, 34, 97, 
151, 24, -126, -87, 139, -51, 9, 9, -68, 9, 19, 92, 
146, 14, -131, -80, 139, -58, 4, 9, -78, 4, 14, 87, 
146, 9, -136, -78, 141, -63, 0, 4, -82, 4, 4, 87, 
156, 19, -136, -87, 146, -58, 0, -4, -82, 14, 14, 82, 
156, 19, -136, -87, 146, -58, 0, -4, -82, 9, 14, 82, 
156, 19, -136, -87, 146, -58, 0, -9, -82, 9, 14, 82, 
161, 19, -141, -90, 151, -61, 0, -9, -82, 9, 14, 87, 
170, 29, -141, -100, 156, -56, 0, -9, -82, 9, 14, 97, 
170, 34, -136, -102, 153, -51, 0, -9, -82, 9, 14, 97, 
165, 34, -131, -100, 148, -48, 0, -9, -82, 9, 14, 92, 
161, 24, -136, -92, 148, -56, 4, -9, -87, 4, 9, 92, 
146, 14, -131, -80, 139, -58, 4, -9, -87, 4, 4, 78, 
141, 9, -131, -75, 136, -61, 14, -4, -97, -4, 0, 73, 
131, -4, -136, -63, 134, -70, 19, -4, -97, -4, -4, 68, 
122, -14, -136, -53, 129, -75, 24, 0, -97, -9, -4, 63, 
107, -19, -126, -43, 117, -73, 29, 0, -97, -14, 0, 68, 
97, -24, -122, -36, 109, -73, 34, 0, -92, -14, 0, 68, 
87, -29, -117, -29, 102, -73, 34, -4, -92, -14, 0, 68, 
87, -34, -122, -26, 104, -78, 34, -4, -92, -14, -9, 63, 
82, -34, -117, -24, 100, -75, 43, -4, -92, -14, -19, 53, 
82, -43, -126, -19, 104, -85, 39, -4, -97, -19, -24, 48, 
78, -48, -126, -14, 102, -87, 39, -4, -107, -24, -24, 48, 
78, -58, -136, -9, 107, -97, 43, -4, -112, -29, -29, 43, 
82, -63, -146, -9, 114, -104, 43, 0, -117, -34, -34, 48, 
82, -63, -146, -9, 114, -104, 43, -4, -122, -39, -34, 43, 
82, -68, -151, -7, 117, -109, 43, -4, -122, -43, -34, 43, 
82, -68, -151, -7, 117, -109, 43, -4, -122, -43, -34, 43, 
92, -58, -151, -17, 122, -104, 43, -14, -122, -43, -39, 43, 
92, -58, -151, -17, 122, -104, 43, -9, -122, -43, -39, 43, 
92, -58, -151, -17, 122, -104, 43, -9, -122, -43, -39, 43, 
92, -58, -151, -17, 122, -104, 43, -14, -117, -43, -39, 43, 
78, -68, -146, -4, 112, -107, 39, -4, -117, -43, -29, 43, 
78, -73, -151, -2, 114, -112, 43, -4, -117, -43, -29, 43, 
78, -73, -151, -2, 114, -112, 43, -4, -117, -43, -29, 43, 
73, -73, -146, 0, 109, -109, 43, -4, -117, -43, -29, 43, 
53, -78, -131, 12, 92, -104, 53, -4, -117, -43, -39, 43, 
53, -82, -136, 14, 95, -109, 53, -4, -122, -43, -39, 43, 
53, -82, -136, 14, 95, -109, 53, -9, -122, -43, -43, 39, 
53, -82, -136, 14, 95, -109, 58, -9, -122, -48, -43, 39, 
63, -82, -146, 9, 104, -114, 48, -4, -122, -48, -34, 39, 
63, -87, -151, 12, 107, -119, 48, -4, -122, -48, -34, 39, 
63, -87, -151, 12, 107, -119, 48, -4, -122, -48, -34, 39, 
58, -87, -146, 14, 102, -117, 48, -4, -122, -48, -34, 39, 
58, -87, -146, 14, 102, -117, 58, -14, -122, -48, -39, 39, 
58, -87, -146, 14, 102, -117, 58, -14, -122, -48, -39, 39, 
58, -87, -146, 14, 102, -117, 63, -14, -122, -48, -43, 39, 
58, -87, -146, 14, 102, -117, 63, -9, -122, -43, -43, 39, 
58, -82, -141, 12, 100, -112, 53, -9, -122, -43, -43, 34, 
58, -82, -141, 12, 100, -112, 53, -14, -122, -53, -43, 34, 
58, -82, -141, 12, 100, -112, 53, -14, -122, -53, -48, 29, 
58, -87, -146, 14, 102, -117, 53, -14, -122, -53, -48, 29, 
58, -87, -146, 14, 102, -117, 63, -14, -122, -53, -39, 29, 
53, -92, -146, 19, 100, -119, 63, -14, -122, -48, -39, 29, 
53, -92, -146, 19, 100, -119, 63, -14, -122, -48, -39, 29, 
58, -92, -151, 17, 104, -122, 63, -14, -126, -48, -39, 29, 
58, -82, -141, 12, 100, -112, 63, -14, -126, -48, -34, 39, 
63, -82, -146, 9, 104, -114, 58, -14, -122, -48, -34, 39, 
63, -82, -146, 9, 104, -114, 58, -14, -122, -48, -34, 39, 
63, -82, -146, 9, 104, -114, 58, -14, -122, -48, -34, 39, 
73, -73, -146, 0, 109, -109, 53, -9, -122, -48, -34, 39, 
73, -73, -146, 0, 109, -109, 53, -9, -117, -43, -34, 39, 
73, -68, -141, -2, 107, -104, 53, -9, -117, -43, -29, 43, 
73, -68, -141, -2, 107, -104, 53, -9, -117, -43, -29, 43, 
63, -82, -146, 9, 104, -114, 73, 9, -97, -43, -29, 29, 
63, -97, -161, 17, 112, -129, 87, 29, -78, -43, -39, 19, 
53, -97, -151, 21, 102, -124, 107, 73, -43, -34, -39, 19, 
53, -78, -131, 12, 92, -104, 122, 107, -4, -14, -24, 29, 
63, -58, -122, -2, 92, -90, 117, 136, 53, 14, 4, 58, 
97, -9, -107, -43, 102, -58, 117, 180, 117, 68, 58, 102, 
151, 58, -92, -104, 122, -17, 117, 244, 219, 146, 126, 161, 
224, 146, -78, -185, 151, 34, 112, 302, 336, 258, 234, 244, 
307, 268, -39, -287, 173, 114, 68, 312, 424, 395, 366, 351, 
434, 434, 0, -434, 217, 217, -34, 253, 448, 522, 507, 483, 
590, 629, 39, -610, 275, 334, -204, 112, 361, 658, 658, 639, 
736, 834, 97, -785, 319, 466, -400, -87, 224, 766, 819, 795, 
819, 985, 165, -902, 326, 575, -546, -253, 92, 849, 922, 922, 
834, 1063, 229, -949, 302, 646, -619, -366, 4, 868, 971, 995, 
746, 1107, 361, -927, 192, 734, -668, -483, -58, 858, 976, 1019, 
580, 1083, 502, -832, 39, 793, -668, -629, -122, 800, 927, 1000, 
424, 995, 570, -710, -73, 783, -639, -746, -209, 678, 805, 922, 
331, 849, 517, -590, -92, 683, -585, -766, -307, 512, 644, 780, 
263, 692, 429, -478, -82, 561, -507, -722, -385, 356, 478, 619, 
170, 561, 390, -366, -109, 475, -444, -722, -497, 224, 341, 497, 
73, 453, 380, -263, -153, 417, -409, -766, -678, 63, 185, 380, 
-4, 326, 331, -161, -168, 329, -385, -800, -844, -126, 14, 239, 
-43, 204, 248, -80, -146, 226, -356, -771, -873, -219, -87, 146, 
-39, 165, 204, -63, -122, 185, -317, -688, -756, -185, -73, 131, 
-39, 151, 190, -56, -114, 170, -287, -590, -610, -141, -43, 141, 
-24, 141, 165, -58, -95, 153, -234, -473, -507, -102, -19, 146, 
0, 146, 146, -73, -73, 146, -185, -366, -409, -68, 4, 151, 
14, 141, 126, -78, -56, 134, -136, -283, -331, -34, 24, 151, 
39, 122, 82, -80, -21, 102, -112, -224, -283, -19, 24, 141, 
78, 117, 39, -97, 19, 78, -82, -170, -248, -19, 29, 141, 
107, 122, 14, -114, 46, 68, -48, -122, -190, 0, 43, 141, 
112, 107, -4, -109, 58, 51, -19, -97, -156, 9, 53, 136, 
112, 87, -24, -100, 68, 31, 4, -63, -126, 14, 48, 126, 
102, 53, -48, -78, 75, 2, 29, -43, -97, 4, 39, 117, 
92, 29, -63, -61, 78, -17, 43, -34, -92, 4, 19, 102, 
82, 9, -73, -46, 78, -31, 48, -19, -78, -9, 9, 92, 
78, 0, -78, -39, 78, -39, 58, -4, -73, -4, 4, 82, 
73, -4, -78, -34, 75, -41, 58, 0, -63, -4, 4, 82, 
73, -4, -78, -34, 75, -41, 58, 0, -63, -4, 4, 82, 
73, 0, -73, -36, 73, -36, 63, 4, -63, -4, 4, 82, 
73, 0, -73, -36, 73, -36, 63, 9, -63, -4, 4, 82, 
73, -9, -82, -31, 78, -46, 53, 9, -68, -9, 4, 82, 
73, -9, -82, -31, 78, -46, 63, 14, -63, -9, 4, 82, 
73, -14, -87, -29, 80, -51, 68, 19, -58, -9, 4, 78, 
73, -24, -97, -24, 85, -61, 73, 29, -53, -4, 0, 73, 
82, -29, -112, -26, 97, -70, 82, 29, -39, -4, 0, 68, 
82, -34, -117, -24, 100, -75, 87, 34, -34, -9, 0, 68, 
87, -34, -122, -26, 104, -78, 87, 39, -34, -9, 0, 68, 
87, -34, -122, -26, 104, -78, 87, 39, -29, -9, -4, 68, 
87, -29, -117, -29, 102, -73, 87, 43, -24, -9, 4, 68, 
87, -24, -112, -31, 100, -68, 92, 43, -19, -9, 9, 73, 
87, -19, -107, -34, 97, -63, 92, 43, -14, -9, 9, 73, 
82, -14, -97, -34, 90, -56, 92, 43, -14, -4, 9, 73, 
73, -29, -102, -21, 87, -65, 87, 48, -14, -4, 0, 73, 
78, -29, -107, -24, 92, -68, 87, 48, -14, -4, 4, 73, 
78, -29, -107, -24, 92, -68, 87, 53, -14, -4, 4, 73, 
78, -29, -107, -24, 92, -68, 87, 53, -9, -4, 4, 73, 
68, -34, -102, -17, 85, -68, 87, 43, -19, 0, 4, 63, 
73, -34, -107, -19, 90, -70, 87, 48, -19, 0, 4, 63, 
73, -39, -112, -17, 92, -75, 87, 48, -14, 0, 4, 68, 
73, -43, -117, -14, 95, -80, 87, 48, -14, 0, 4, 68, 
82, -29, -112, -26, 97, -70, 87, 53, -9, 9, 14, 78, 
87, -29, -117, -29, 102, -73, 87, 53, -9, 9, 19, 78, 
87, -29, -117, -29, 102, -73, 87, 53, 0, 9, 19, 78, 
87, -24, -112, -31, 100, -68, 87, 53, 0, 14, 19, 78, 
92, -9, -102, -41, 97, -56, 87, 53, 9, 19, 19, 87, 
92, -9, -102, -41, 97, -56, 87, 53, 14, 19, 24, 92, 
92, -9, -102, -41, 97, -56, 87, 58, 14, 19, 24, 92, 
92, -9, -102, -41, 97, -56, 87, 58, 14, 19, 24, 92, 
102, -4, -107, -48, 104, -56, 87, 68, 14, 24, 34, 92, 
112, -4, -117, -53, 114, -61, 87, 68, 14, 24, 34, 92, 
112, -4, -117, -53, 114, -61, 87, 73, 19, 29, 39, 97, 
112, -4, -117, -53, 114, -61, 87, 73, 29, 29, 43, 97, 
107, -4, -112, -51, 109, -58, 87, 63, 29, 24, 34, 87, 
107, -4, -112, -51, 109, -58, 87, 68, 29, 24, 34, 92, 
112, -4, -117, -53, 114, -61, 87, 68, 34, 24, 34, 92, 
117, -4, -122, -56, 119, -63, 87, 68, 34, 24, 39, 92, 
107, 0, -107, -53, 107, -53, 78, 68, 34, 29, 39, 102, 
107, 4, -102, -56, 104, -48, 78, 73, 39, 29, 39, 102, 
107, 4, -102, -56, 104, -48, 78, 73, 39, 34, 43, 107, 
107, 9, -97, -58, 102, -43, 78, 78, 48, 34, 43, 107, 
112, 9, -102, -61, 107, -46, 87, 78, 43, 43, 48, 112, 
112, 14, -97, -63, 104, -41, 87, 78, 43, 43, 48, 112, 
112, 14, -97, -63, 104, -41, 87, 78, 43, 43, 48, 112, 
117, 14, -102, -65, 109, -43, 87, 82, 53, 43, 53, 117, 
126, 29, -97, -78, 112, -34, 87, 92, 68, 53, 63, 117, 
122, 29, -92, -75, 107, -31, 87, 97, 68, 58, 63, 117, 
122, 34, -87, -78, 104, -26, 87, 97, 68, 58, 68, 117, 
126, 34, -92, -80, 109, -29, 87, 97, 68, 58, 68, 122, 
126, 34, -92, -80, 109, -29, 78, 92, 68, 53, 68, 122, 
131, 34, -97, -82, 114, -31, 78, 92, 78, 53, 73, 122, 
136, 39, -97, -87, 117, -29, 78, 97, 82, 63, 73, 122, 
136, 43, -92, -90, 114, -24, 78, 102, 87, 68, 78, 122, 
136, 43, -92, -90, 114, -24, 78, 102, 92, 68, 78, 136, 
141, 43, -97, -92, 119, -26, 78, 102, 97, 68, 87, 141, 
146, 48, -97, -97, 122, -24, 78, 107, 102, 68, 87, 146, 
146, 48, -97, -97, 122, -24, 78, 107, 102, 73, 87, 146, 
146, 63, -82, -104, 114, -9, 87, 117, 102, 73, 97, 151, 
146, 63, -82, -104, 114, -9, 87, 117, 107, 82, 97, 151, 
146, 68, -78, -107, 112, -4, 87, 117, 112, 87, 97, 156, 
146, 73, -73, -109, 109, 0, 87, 122, 117, 92, 102, 156, 
146, 63, -82, -104, 114, -9, 87, 126, 122, 92, 102, 151, 
146, 73, -73, -109, 109, 0, 87, 126, 126, 97, 102, 151, 
146, 78, -68, -112, 107, 4, 87, 131, 131, 97, 107, 161, 
151, 82, -68, -117, 109, 7, 87, 136, 136, 102, 112, 165, 
165, 87, -78, -126, 122, 4, 82, 136, 141, 107, 117, 175, 
165, 92, -73, -129, 119, 9, 78, 141, 146, 112, 117, 175, 
170, 92, -78, -131, 124, 7, 78, 146, 151, 117, 117, 175, 
170, 92, -78, -131, 124, 7, 78, 151, 156, 117, 126, 175, 
165, 87, -78, -126, 122, 4, 78, 151, 161, 122, 122, 170, 
165, 92, -73, -129, 119, 9, 78, 151, 165, 126, 122, 180, 
165, 97, -68, -131, 117, 14, 78, 161, 170, 131, 131, 185, 
161, 97, -63, -129, 112, 17, 78, 165, 175, 136, 131, 190, 
170, 102, -68, -136, 119, 17, 68, 165, 180, 136, 136, 195, 
175, 107, -68, -141, 122, 19, 68, 170, 185, 141, 141, 195, 
175, 112, -63, -143, 119, 24, 63, 170, 195, 146, 146, 195, 
180, 117, -63, -148, 122, 26, 63, 170, 200, 151, 151, 195, 
190, 131, -58, -161, 124, 36, 63, 185, 209, 156, 165, 204, 
195, 136, -58, -165, 126, 39, 63, 195, 214, 161, 170, 209, 
195, 141, -53, -168, 124, 43, 63, 195, 219, 165, 170, 214, 
200, 151, -48, -175, 124, 51, 63, 200, 224, 170, 175, 219, 
200, 161, -39, -180, 119, 61, 63, 200, 219, 175, 170, 234, 
204, 165, -39, -185, 122, 63, 63, 200, 219, 180, 175, 234, 
209, 170, -39, -190, 124, 65, 58, 204, 224, 185, 180, 234, 
209, 175, -34, -192, 122, 70, 58, 204, 229, 185, 185, 234, 
209, 175, -34, -192, 122, 70, 68, 204, 229, 190, 195, 244, 
214, 180, -34, -197, 124, 73, 58, 204, 234, 195, 195, 248, 
219, 180, -39, -200, 129, 70, 58, 204, 239, 200, 200, 248, 
219, 185, -34, -202, 126, 75, 58, 204, 244, 204, 209, 253, 
229, 190, -39, -209, 134, 75, 48, 204, 253, 204, 209, 253, 
229, 195, -34, -212, 131, 80, 48, 204, 253, 204, 209, 258, 
229, 195, -34, -212, 131, 80, 39, 204, 253, 204, 209, 258, 
234, 200, -34, -217, 134, 82, 39, 204, 248, 209, 214, 258, 
224, 204, -19, -214, 122, 92, 34, 195, 239, 200, 209, 253, 
224, 209, -14, -217, 119, 97, 34, 195, 239, 204, 209, 253, 
224, 214, -9, -219, 117, 102, 34, 190, 239, 204, 209, 258, 
229, 214, -14, -222, 122, 100, 29, 190, 234, 204, 209, 258, 
219, 204, -14, -212, 117, 95, 34, 190, 234, 214, 214, 268, 
219, 204, -14, -212, 117, 95, 34, 185, 234, 214, 214, 268, 
214, 209, -4, -212, 109, 102, 29, 180, 234, 214, 214, 268, 
214, 209, -4, -212, 109, 102, 29, 175, 234, 214, 214, 268, 
224, 224, 0, -224, 112, 112, 24, 170, 229, 214, 224, 268, 
224, 224, 0, -224, 112, 112, 24, 165, 229, 214, 224, 268, 
229, 229, 0, -229, 114, 114, 19, 161, 224, 214, 224, 273, 
229, 229, 0, -229, 114, 114, 19, 156, 219, 214, 224, 273, 
224, 229, 4, -226, 109, 117, 14, 141, 204, 214, 214, 273, 
224, 224, 0, -224, 112, 112, 9, 126, 200, 209, 209, 268, 
224, 224, 0, -224, 112, 112, 9, 117, 195, 209, 209, 268, 
224, 224, 0, -224, 112, 112, 9, 112, 185, 209, 209, 268, 
209, 209, 0, -209, 104, 104, 4, 107, 170, 200, 209, 263, 
209, 209, 0, -209, 104, 104, 4, 92, 165, 195, 204, 263, 
204, 204, 0, -204, 102, 102, 0, 92, 151, 190, 200, 263, 
200, 195, -4, -197, 102, 95, 0, 78, 141, 185, 190, 258, 
209, 195, -14, -202, 112, 90, -9, 82, 131, 170, 185, 244, 
204, 185, -19, -195, 112, 82, -9, 73, 122, 165, 180, 239, 
200, 185, -14, -192, 107, 85, -4, 63, 117, 156, 175, 234, 
200, 180, -19, -190, 109, 80, -4, 63, 107, 146, 170, 229, 
195, 161, -34, -178, 114, 63, -4, 39, 92, 141, 161, 219, 
190, 146, -43, -168, 117, 51, 0, 39, 82, 126, 151, 209, 
185, 136, -48, -161, 117, 43, 0, 34, 73, 122, 146, 204, 
180, 126, -53, -153, 117, 36, 0, 29, 53, 112, 131, 200, 
170, 126, -43, -148, 107, 41, 9, 19, 43, 102, 122, 190, 
165, 117, -48, -141, 107, 34, 4, 14, 34, 92, 117, 185, 
156, 107, -48, -131, 102, 29, 4, 4, 24, 82, 107, 180, 
151, 97, -53, -124, 102, 21, 4, 0, 19, 73, 102, 175, 
141, 87, -53, -114, 97, 17, 14, 9, 9, 78, 92, 175, 
141, 78, -63, -109, 102, 7, 19, 9, 4, 68, 87, 161, 
136, 68, -68, -102, 102, 0, 19, 4, -4, 63, 82, 156, 
136, 63, -73, -100, 104, -4, 29, 4, -14, 53, 78, 151, 
136, 63, -73, -100, 104, -4, 19, -9, -19, 43, 68, 146, 
131, 58, -73, -95, 102, -7, 19, -9, -24, 39, 63, 141, 
126, 48, -78, -87, 102, -14, 24, -9, -29, 29, 58, 136, 
122, 43, -78, -82, 100, -17, 24, -14, -34, 24, 53, 136, 
122, 39, -82, -80, 102, -21, 24, -9, -29, 29, 58, 126, 
122, 34, -87, -78, 104, -26, 29, -9, -39, 24, 53, 126, 
117, 29, -87, -73, 102, -29, 29, -9, -39, 24, 53, 126, 
112, 24, -87, -68, 100, -31, 29, -9, -43, 19, 48, 126, 
117, 24, -92, -70, 104, -34, 34, -19, -48, 14, 39, 122, 
112, 19, -92, -65, 102, -36, 34, -19, -48, 14, 34, 117, 
112, 14, -97, -63, 104, -41, 34, -19, -53, 9, 29, 112, 
112, 14, -97, -63, 104, -41, 34, -19, -53, 4, 24, 107, 
112, 9, -102, -61, 107, -46, 34, -24, -68, -9, 24, 107, 
112, 4, -107, -58, 109, -51, 39, -24, -73, -9, 24, 107, 
112, 4, -107, -58, 109, -51, 39, -24, -73, -9, 14, 107, 
112, 4, -107, -58, 109, -51, 39, -24, -73, -9, 14, 107, 
102, 4, -97, -53, 100, -46, 39, -24, -63, 0, 24, 107, 
102, 0, -102, -51, 102, -51, 39, -24, -63, -4, 24, 107, 
102, 0, -102, -51, 102, -51, 43, -24, -63, -4, 24, 107, 
102, 0, -102, -51, 102, -51, 43, -24, -63, -4, 24, 102, 
92, -4, -97, -43, 95, -51, 43, -24, -73, -14, 14, 102, 
92, -4, -97, -43, 95, -51, 39, -24, -73, -14, 14, 102, 
87, -4, -92, -41, 90, -48, 39, -24, -78, -19, 14, 102, 
87, -4, -92, -41, 90, -48, 39, -24, -78, -19, 9, 102, 
87, 0, -87, -43, 87, -43, 39, -29, -78, -9, 9, 97, 
92, 0, -92, -46, 92, -46, 39, -29, -78, -14, 9, 97, 
97, 0, -97, -48, 97, -48, 39, -29, -78, -14, 9, 97, 
102, 0, -102, -51, 102, -51, 39, -29, -78, -14, 9, 97, 
92, 0, -92, -46, 92, -46, 43, -24, -73, -14, 9, 102, 
97, -4, -102, -46, 100, -53, 43, -24, -73, -14, 9, 102, 
97, -4, -102, -46, 100, -53, 43, -24, -73, -14, 9, 102, 
97, -4, -102, -46, 100, -53, 43, -24, -73, -14, 9, 102, 
87, -9, -97, -39, 92, -53, 43, -29, -68, -14, 19, 102, 
87, -9, -97, -39, 92, -53, 43, -29, -68, -14, 14, 102, 
87, -9, -97, -39, 92, -53, 43, -29, -68, -14, 14, 107, 
82, -9, -92, -36, 87, -51, 43, -24, -68, -14, 19, 107, 
92, 0, -92, -46, 92, -46, 43, -24, -78, -14, 19, 107, 
92, 0, -92, -46, 92, -46, 43, -24, -78, -14, 19, 107, 
92, 0, -92, -46, 92, -46, 43, -24, -78, -14, 19, 107, 
92, 0, -92, -46, 92, -46, 43, -24, -78, -14, 19, 107, 
102, 4, -97, -53, 100, -46, 43, -24, -68, -19, 9, 107, 
107, 4, -102, -56, 104, -48, 43, -29, -68, -19, 9, 107, 
107, 0, -107, -53, 107, -53, 43, -29, -68, -19, 9, 107, 
107, 0, -107, -53, 107, -53, 43, -29, -68, -19, 9, 107, 
97, 0, -97, -48, 97, -48, 43, -29, -68, -14, 19, 117, 
92, 0, -92, -46, 92, -46, 43, -29, -68, -14, 19, 117, 
92, 0, -92, -46, 92, -46, 39, -29, -68, -14, 19, 117, 
97, 0, -97, -48, 97, -48, 39, -29, -68, -14, 19, 117, 
97, -4, -102, -46, 100, -53, 43, -29, -68, -14, 19, 117, 
97, -4, -102, -46, 100, -53, 43, -29, -68, -14, 19, 117, 
97, -4, -102, -46, 100, -53, 43, -24, -63, -14, 19, 117, 
97, -4, -102, -46, 100, -53, 43, -24, -63, -14, 24, 122, 
97, 4, -92, -51, 95, -43, 43, -24, -63, -14, 24, 112, 
97, 4, -92, -51, 95, -43, 43, -24, -63, -14, 19, 112, 
97, 4, -92, -51, 95, -43, 43, -24, -63, -14, 19, 112, 
97, 4, -92, -51, 95, -43, 43, -24, -63, -14, 19, 112, 
97, 4, -92, -51, 95, -43, 43, -24, -63, -9, 19, 122, 
97, 4, -92, -51, 95, -43, 43, -24, -63, -9, 19, 122, 
97, 4, -92, -51, 95, -43, 43, -24, -63, -14, 19, 122, 
97, 4, -92, -51, 95, -43, 43, -24, -63, -14, 19, 117, 
97, 4, -92, -51, 95, -43, 43, -24, -53, -9, 24, 117, 
97, 4, -92, -51, 95, -43, 43, -24, -53, -9, 24, 122, 
97, 4, -92, -51, 95, -43, 43, -24, -53, -9, 24, 122, 
97, 4, -92, -51, 95, -43, 43, -24, -53, -9, 24, 122, 
107, 4, -102, -56, 104, -48, 43, -24, -53, -14, 24, 122, 
107, 4, -102, -56, 104, -48, 43, -24, -53, -14, 24, 122, 
107, 4, -102, -56, 104, -48, 43, -24, -53, -9, 24, 122, 
107, 4, -102, -56, 104, -48, 43, -24, -53, -9, 24, 122, 
107, 4, -102, -56, 104, -48, 43, -24, -53, -9, 24, 122, 
107, 4, -102, -56, 104, -48, 43, -24, -53, -9, 24, 122, 
107, 4, -102, -56, 104, -48, 43, -24, -53, -9, 24, 122, 
107, 4, -102, -56, 104, -48, 43, -24, -53, -9, 24, 122, 
97, 4, -92, -51, 95, -43, 43, -24, -53, -9, 24, 122, 
97, 4, -92, -51, 95, -43, 43, -24, -53, -9, 24, 122, 
97, 4, -92, -51, 95, -43, 43, -24, -53, -9, 24, 122, 
97, 4, -92, -51, 95, -43, 39, -24, -53, -9, 24, 122, 
97, 4, -92, -51, 95, -43, 39, -24, -53, -9, 24, 122, 
97, 4, -92, -51, 95, -43, 39, -24, -53, -9, 24, 122, 
97, 4, -92, -51, 95, -43, 39, -24, -48, -9, 24, 122, 
97, 4, -92, -51, 95, -43, 43, -24, -48, -9, 24, 122, 
107, 14, -92, -61, 100, -39, 39, -24, -58, -9, 24, 131, 
107, 14, -92, -61, 100, -39, 39, -24, -58, -9, 24, 131, 
107, 14, -92, -61, 100, -39, 39, -24, -58, -9, 24, 131, 
107, 14, -92, -61, 100, -39, 39, -24, -58, -9, 24, 131, 
107, 19, -87, -63, 97, -34, 39, -24, -58, -9, 24, 131, 
107, 19, -87, -63, 97, -34, 39, -24, -58, -9, 24, 131, 
107, 19, -87, -63, 97, -34, 39, -24, -58, -9, 24, 131, 
107, 14, -92, -61, 100, -39, 39, -24, -58, -14, 24, 131, 
97, 14, -82, -56, 90, -34, 48, -34, -58, -14, 24, 122, 
97, 14, -82, -56, 90, -34, 43, -34, -58, -14, 24, 122, 
97, 14, -82, -56, 90, -34, 43, -34, -58, -9, 24, 122, 
97, 9, -87, -53, 92, -39, 43, -34, -58, -9, 24, 122, 
107, 9, -97, -58, 102, -43, 43, -34, -58, -19, 24, 122, 
107, 14, -92, -61, 100, -39, 43, -34, -58, -19, 24, 122, 
107, 14, -92, -61, 100, -39, 43, -34, -63, -19, 24, 122, 
107, 14, -92, -61, 100, -39, 43, -34, -63, -19, 24, 117, 
107, 4, -102, -56, 104, -48, 43, -34, -53, -19, 24, 126, 
107, 4, -102, -56, 104, -48, 43, -34, -53, -19, 24, 131, 
107, 4, -102, -56, 104, -48, 48, -34, -53, -19, 19, 131, 
107, 4, -102, -56, 104, -48, 48, -34, -53, -24, 19, 131, 
97, 4, -92, -51, 95, -43, 39, -34, -53, -24, 19, 131, 
97, 4, -92, -51, 95, -43, 39, -34, -53, -24, 19, 131, 
97, 4, -92, -51, 95, -43, 39, -34, -58, -24, 19, 131, 
97, 0, -97, -48, 97, -48, 39, -34, -58, -24, 19, 131, 
107, 9, -97, -58, 102, -43, 39, -34, -58, -24, 19, 122, 
107, 9, -97, -58, 102, -43, 39, -34, -58, -24, 19, 122, 
107, 9, -97, -58, 102, -43, 39, -39, -58, -24, 19, 122, 
107, 9, -97, -58, 102, -43, 39, -39, -58, -24, 19, 122, 
117, 14, -102, -65, 109, -43, 39, -34, -58, -14, 19, 131, 
117, 14, -102, -65, 109, -43, 39, -34, -58, -14, 19, 131, 
117, 14, -102, -65, 109, -43, 39, -39, -58, -14, 19, 131, 
117, 14, -102, -65, 109, -43, 39, -39, -63, -24, 14, 126, 
117, 4, -112, -61, 114, -53, 48, -29, -53, -24, 14, 126, 
117, 4, -112, -61, 114, -53, 48, -29, -53, -24, 14, 126, 
117, 0, -117, -58, 117, -58, 48, -29, -58, -24, 9, 126, 
117, 0, -117, -58, 117, -58, 48, -29, -58, -24, 9, 126, 
107, -4, -112, -51, 109, -58, 48, -29, -68, -29, 9, 117, 
107, -4, -112, -51, 109, -58, 48, -29, -63, -29, 14, 117, 
107, -4, -112, -51, 109, -58, 48, -24, -63, -29, 14, 117, 
107, -4, -112, -51, 109, -58, 48, -24, -68, -34, 9, 117, 
97, -14, -112, -41, 104, -63, 48, -34, -58, -24, 9, 117, 
97, -14, -112, -41, 104, -63, 48, -34, -58, -29, 9, 117, 
97, -19, -117, -39, 107, -68, 48, -39, -63, -29, 9, 117, 
97, -19, -117, -39, 107, -68, 48, -39, -63, -29, 9, 112, 
87, -29, -117, -29, 102, -73, 39, -39, -63, -39, 9, 112, 
87, -24, -112, -31, 100, -68, 39, -39, -63, -39, 4, 117, 
87, -24, -112, -31, 100, -68, 39, -39, -63, -39, 4, 117, 
87, -29, -117, -29, 102, -73, 39, -39, -63, -39, 4, 117, 
92, -29, -122, -31, 107, -75, 39, -39, -63, -39, 4, 117, 
92, -29, -122, -31, 107, -75, 39, -39, -63, -39, 4, 117, 
92, -29, -122, -31, 107, -75, 39, -39, -63, -39, 4, 117, 
92, -29, -122, -31, 107, -75, 43, -39, -63, -39, 4, 112, 
92, -34, -126, -29, 109, -80, 53, -39, -63, -39, 4, 122, 
92, -34, -126, -29, 109, -80, 53, -39, -63, -39, 9, 122, 
92, -34, -126, -29, 109, -80, 53, -39, -63, -39, 9, 122, 
92, -29, -122, -31, 107, -75, 53, -39, -63, -43, 9, 122, 
92, -29, -122, -31, 107, -75, 53, -39, -63, -34, 9, 122, 
92, -29, -122, -31, 107, -75, 53, -39, -63, -29, 9, 122, 
92, -29, -122, -31, 107, -75, 53, -39, -63, -29, 9, 122, 
92, -29, -122, -31, 107, -75, 53, -39, -63, -29, 4, 122, 
102, -34, -136, -34, 119, -85, 53, -39, -63, -39, 4, 122, 
102, -34, -136, -34, 119, -85, 53, -39, -63, -39, 4, 122, 
102, -34, -136, -34, 119, -85, 53, -39, -63, -39, 4, 122, 
102, -34, -136, -34, 119, -85, 53, -39, -63, -39, 0, 122, 
102, -24, -126, -39, 114, -75, 53, -29, -63, -39, 9, 122, 
102, -24, -126, -39, 114, -75, 53, -29, -68, -39, 9, 117, 
102, -29, -131, -36, 117, -80, 48, -29, -68, -39, 9, 117, 
102, -29, -131, -36, 117, -80, 48, -29, -68, -39, 9, 117, 
102, -29, -131, -36, 117, -80, 48, -29, -58, -29, 9, 117, 
102, -29, -131, -36, 117, -80, 48, -29, -58, -34, 9, 117, 
102, -29, -131, -36, 117, -80, 48, -29, -58, -34, 14, 117, 
102, -29, -131, -36, 117, -80, 48, -29, -53, -34, 14, 117, 
92, -39, -131, -26, 112, -85, 48, -39, -63, -34, 14, 117, 
92, -39, -131, -26, 112, -85, 48, -39, -63, -34, 14, 117, 
92, -39, -131, -26, 112, -85, 48, -39, -68, -39, 14, 117, 
92, -39, -131, -26, 112, -85, 48, -39, -68, -39, 14, 117, 
92, -39, -131, -26, 112, -85, 58, -29, -58, -39, 9, 117, 
92, -39, -131, -26, 112, -85, 58, -29, -58, -34, 9, 122, 
92, -39, -131, -26, 112, -85, 58, -29, -58, -34, 14, 122, 
92, -39, -131, -26, 112, -85, 58, -34, -58, -34, 14, 117, 
102, -39, -141, -31, 122, -90, 58, -34, -58, -34, 4, 117, 
102, -39, -141, -31, 122, -90, 58, -29, -58, -34, 4, 117, 
102, -39, -141, -31, 122, -90, 58, -29, -58, -34, 4, 117, 
102, -39, -141, -31, 122, -90, 58, -29, -58, -34, 4, 117, 
102, -39, -141, -31, 122, -90, 53, -29, -58, -39, 14, 117, 
102, -39, -141, -31, 122, -90, 58, -29, -58, -39, 14, 117, 
102, -39, -141, -31, 122, -90, 58, -29, -58, -39, 14, 117, 
102, -39, -141, -31, 122, -90, 58, -29, -58, -34, 14, 117, 
102, -39, -141, -31, 122, -90, 58, -29, -58, -34, 4, 117, 
102, -43, -146, -29, 124, -95, 58, -29, -58, -34, 4, 117, 
102, -43, -146, -29, 124, -95, 58, -29, -58, -34, 4, 117, 
102, -43, -146, -29, 124, -95, 58, -29, -58, -34, 4, 117, 
92, -43, -136, -24, 114, -90, 58, -39, -58, -34, 4, 117, 
92, -39, -131, -26, 112, -85, 58, -39, -58, -39, 4, 117, 
97, -39, -136, -29, 117, -87, 53, -39, -58, -39, 4, 122, 
97, -39, -136, -29, 117, -87, 53, -39, -58, -34, 4, 122, 
107, -43, -151, -31, 129, -97, 58, -29, -48, -34, 9, 122, 
112, -43, -156, -34, 134, -100, 58, -29, -48, -34, 9, 122, 
112, -43, -156, -34, 134, -100, 58, -24, -48, -34, 9, 122, 
112, -43, -156, -34, 134, -100, 58, -19, -43, -34, 9, 122, 
112, -43, -156, -34, 134, -100, 58, -24, -43, -29, 9, 131, 
117, -29, -146, -43, 131, -87, 58, -34, -43, -34, 19, 131, 
122, -29, -151, -46, 136, -90, 58, -34, -43, -34, 14, 131, 
122, -34, -156, -43, 139, -95, 58, -34, -48, -34, 14, 131, 
117, -29, -146, -43, 131, -87, 58, -29, -48, -29, 19, 136, 
117, -39, -156, -39, 136, -97, 68, -19, -48, -39, 19, 126, 
117, -39, -156, -39, 136, -97, 68, -19, -48, -39, 19, 126, 
117, -39, -156, -39, 136, -97, 68, -19, -48, -39, 19, 126, 
117, -39, -156, -39, 136, -97, 68, -19, -48, -39, 19, 126, 
122, -24, -146, -48, 134, -85, 78, -4, -29, -24, 24, 131, 
126, -9, -136, -58, 131, -73, 78, 0, -24, -19, 34, 131, 
151, 0, -151, -75, 151, -75, 78, 4, -9, -9, 39, 146, 
165, 14, -151, -90, 158, -68, 78, 14, 0, -4, 39, 151, 
165, 14, -151, -90, 158, -68, 78, 19, 9, 0, 48, 165, 
170, 24, -146, -97, 158, -61, 78, 19, 14, 9, 58, 170, 
170, 34, -136, -102, 153, -51, 78, 19, 19, 14, 63, 180, 
170, 39, -131, -104, 151, -46, 78, 19, 24, 19, 63, 180, 
170, 34, -136, -102, 153, -51, 73, 19, 24, 9, 63, 180, 
165, 29, -136, -97, 151, -53, 73, 24, 24, 14, 63, 180, 
165, 24, -141, -95, 153, -58, 73, 24, 29, 14, 63, 185, 
165, 24, -141, -95, 153, -58, 73, 24, 34, 19, 73, 190, 
180, 43, -136, -112, 158, -46, 68, 19, 39, 34, 68, 180, 
185, 48, -136, -117, 161, -43, 58, 19, 43, 34, 73, 185, 
190, 53, -136, -122, 163, -41, 58, 19, 43, 39, 73, 190, 
190, 53, -136, -122, 163, -41, 53, 19, 39, 39, 73, 190, 
204, 63, -141, -134, 173, -39, 53, 24, 39, 43, 73, 190, 
204, 68, -136, -136, 170, -34, 48, 14, 39, 39, 73, 195, 
200, 68, -131, -134, 165, -31, 43, 9, 29, 34, 78, 195, 
195, 68, -126, -131, 161, -29, 39, -4, 19, 29, 78, 200, 
190, 43, -146, -117, 168, -51, 34, -4, -4, 9, 58, 185, 
190, 34, -156, -112, 173, -61, 29, -19, -19, 0, 48, 180, 
185, 24, -161, -104, 173, -68, 24, -19, -29, -4, 48, 175, 
185, 19, -165, -102, 175, -73, 19, -24, -34, -4, 43, 175, 
175, 19, -156, -97, 165, -68, 9, -34, -43, -4, 34, 161, 
175, 19, -156, -97, 165, -68, 9, -34, -43, -9, 34, 161, 
175, 19, -156, -97, 165, -68, 9, -39, -43, -9, 34, 161, 
180, 19, -161, -100, 170, -70, 9, -39, -43, -9, 34, 165, 
190, 19, -170, -104, 180, -75, 9, -39, -43, -9, 43, 175, 
190, 24, -165, -107, 178, -70, 9, -39, -43, -9, 43, 175, 
185, 24, -161, -104, 173, -68, 9, -39, -43, -9, 43, 170, 
180, 14, -165, -97, 173, -75, 14, -39, -48, -14, 39, 170, 
185, 14, -170, -100, 178, -78, 14, -48, -39, -4, 43, 165, 
180, 9, -170, -95, 175, -80, 24, -43, -48, -14, 39, 161, 
170, -4, -175, -82, 173, -90, 29, -43, -48, -14, 34, 156, 
161, -14, -175, -73, 168, -95, 34, -39, -48, -19, 34, 151, 
136, -29, -165, -53, 151, -97, 48, -29, -48, -24, 29, 146, 
126, -34, -161, -46, 143, -97, 53, -29, -43, -24, 29, 146, 
117, -39, -156, -39, 136, -97, 53, -34, -43, -24, 29, 146, 
117, -43, -161, -36, 139, -102, 53, -34, -43, -24, 19, 141, 
122, -34, -156, -43, 139, -95, 53, -34, -34, -24, 19, 141, 
122, -43, -165, -39, 143, -104, 48, -34, -39, -29, 14, 136, 
117, -48, -165, -34, 141, -107, 48, -34, -48, -34, 14, 136, 
117, -58, -175, -29, 146, -117, 53, -34, -53, -39, 9, 131, 
102, -73, -175, -14, 139, -124, 53, -39, -68, -43, 4, 126, 
102, -73, -175, -14, 139, -124, 53, -43, -73, -48, 4, 122, 
102, -78, -180, -12, 141, -129, 53, -43, -73, -53, 4, 122, 
102, -78, -180, -12, 141, -129, 53, -43, -73, -53, 4, 122, 
102, -87, -190, -7, 146, -139, 53, -53, -73, -63, 0, 112, 
102, -87, -190, -7, 146, -139, 53, -48, -73, -63, 0, 112, 
102, -87, -190, -7, 146, -139, 53, -48, -73, -63, 0, 112, 
102, -87, -190, -7, 146, -139, 53, -53, -68, -63, 0, 112, 
87, -87, -175, 0, 131, -131, 48, -53, -68, -63, 0, 122, 
87, -92, -180, 2, 134, -136, 53, -53, -68, -63, 0, 122, 
87, -92, -180, 2, 134, -136, 53, -53, -68, -63, 0, 122, 
82, -92, -175, 4, 129, -134, 53, -53, -68, -63, 0, 122, 
82, -97, -180, 7, 131, -139, 63, -43, -68, -63, 0, 122, 
82, -102, -185, 9, 134, -143, 63, -43, -73, -63, 0, 122, 
82, -102, -185, 9, 134, -143, 63, -48, -73, -63, -4, 117, 
82, -102, -185, 9, 134, -143, 68, -48, -73, -68, -4, 117, 
82, -92, -175, 4, 129, -134, 68, -43, -73, -58, -4, 117, 
82, -97, -180, 7, 131, -139, 68, -43, -73, -58, -4, 117, 
82, -97, -180, 7, 131, -139, 68, -43, -73, -58, -4, 117, 
78, -97, -175, 9, 126, -136, 68, -43, -73, -58, -4, 117, 
78, -107, -185, 14, 131, -146, 68, -43, -73, -68, 0, 117, 
78, -107, -185, 14, 131, -146, 68, -43, -73, -68, 0, 117, 
78, -107, -185, 14, 131, -146, 73, -43, -73, -68, -4, 117, 
78, -107, -185, 14, 131, -146, 73, -39, -73, -63, -4, 117, 
78, -102, -180, 12, 129, -141, 73, -39, -73, -63, -4, 122, 
78, -102, -180, 12, 129, -141, 73, -43, -73, -73, -4, 122, 
78, -102, -180, 12, 129, -141, 73, -43, -73, -73, -9, 117, 
78, -107, -185, 14, 131, -146, 73, -43, -73, -73, -9, 117, 
78, -97, -175, 9, 126, -136, 73, -43, -63, -63, -9, 117, 
73, -102, -175, 14, 124, -139, 73, -43, -63, -58, -9, 117, 
73, -102, -175, 14, 124, -139, 73, -43, -63, -58, -9, 117, 
78, -102, -180, 12, 129, -141, 73, -43, -68, -58, -9, 117, 
78, -92, -170, 7, 124, -131, 82, -53, -78, -58, -4, 117, 
82, -92, -175, 4, 129, -134, 78, -53, -73, -58, -4, 117, 
82, -92, -175, 4, 129, -134, 78, -53, -73, -58, -4, 117, 
82, -92, -175, 4, 129, -134, 78, -53, -73, -58, -4, 117, 
92, -82, -175, -4, 134, -129, 73, -48, -73, -58, -4, 126, 
92, -82, -175, -4, 134, -129, 73, -48, -68, -53, -4, 126, 
92, -78, -170, -7, 131, -124, 73, -48, -68, -53, 0, 131, 
92, -78, -170, -7, 131, -124, 73, -48, -68, -53, 0, 131, 
82, -92, -175, 4, 129, -134, 82, -39, -58, -53, 0, 126, 
82, -97, -180, 7, 131, -139, 87, -29, -48, -53, 0, 117, 
73, -107, -180, 17, 126, -143, 107, -4, -24, -53, 0, 117, 
63, -107, -170, 21, 117, -139, 122, 29, 4, -43, 4, 117, 
73, -87, -161, 7, 117, -124, 136, 68, 53, -24, 14, 126, 
97, -58, -156, -19, 126, -107, 136, 112, 97, 9, 48, 141, 
131, -9, -141, -61, 136, -75, 136, 156, 161, 58, 87, 180, 
185, 39, -146, -112, 165, -53, 131, 214, 248, 131, 156, 234, 
248, 122, -126, -185, 187, -2, 136, 273, 356, 239, 248, 312, 
326, 239, -87, -283, 207, 75, 102, 283, 458, 356, 370, 414, 
424, 385, -39, -405, 231, 173, 9, 239, 478, 473, 492, 522, 
570, 551, -19, -561, 295, 265, -156, 97, 400, 590, 634, 668, 
722, 741, 19, -732, 351, 380, -351, -107, 258, 702, 785, 824, 
834, 888, 53, -861, 390, 470, -512, -268, 122, 771, 893, 946, 
863, 980, 117, -922, 373, 549, -610, -385, 29, 800, 946, 1010, 
824, 1034, 209, -929, 307, 622, -668, -512, -24, 790, 956, 1049, 
688, 1034, 346, -861, 170, 690, -678, -649, -82, 756, 922, 1039, 
517, 956, 439, -736, 39, 697, -644, -775, -161, 658, 819, 976, 
409, 819, 409, -614, 0, 614, -595, -819, -258, 492, 653, 844, 
336, 649, 312, -492, 12, 480, -512, -790, -351, 331, 488, 692, 
229, 512, 283, -370, -26, 397, -448, -775, -453, 200, 351, 566, 
122, 424, 302, -273, -90, 363, -414, -829, -619, 68, 229, 473, 
43, 312, 268, -178, -112, 290, -395, -878, -775, -102, 68, 341, 
0, 195, 195, -97, -97, 195, -356, -844, -814, -214, -34, 239, 
0, 141, 141, -70, -70, 141, -336, -756, -707, -200, -34, 219, 
4, 141, 136, -73, -65, 139, -292, -649, -556, -141, 0, 234, 
29, 136, 107, -82, -39, 122, -234, -522, -448, -97, 24, 229, 
63, 131, 68, -97, -2, 100, -185, -409, -351, -63, 43, 239, 
58, 122, 63, -90, -2, 92, -151, -322, -263, -29, 63, 248, 
68, 107, 39, -87, 14, 73, -112, -258, -219, -9, 58, 239, 
97, 102, 4, -100, 46, 53, -68, -209, -190, -9, 63, 229, 
122, 97, -24, -109, 73, 36, -39, -165, -146, 9, 73, 244, 
131, 97, -34, -114, 82, 31, -4, -131, -97, 24, 87, 244, 
131, 82, -48, -107, 90, 17, 19, -92, -68, 24, 87, 234, 
131, 48, -82, -90, 107, -17, 43, -63, -43, 24, 87, 219, 
122, 19, -102, -70, 112, -41, 58, -48, -19, 19, 78, 209, 
117, 0, -117, -58, 117, -58, 68, -34, -14, 14, 73, 200, 
112, -14, -126, -48, 119, -70, 68, -29, -14, 4, 53, 180, 
112, -14, -126, -48, 119, -70, 68, -29, -14, 4, 53, 180, 
112, -9, -122, -51, 117, -65, 73, -24, -14, 4, 53, 180, 
112, -9, -122, -51, 117, -65, 73, -19, -14, 4, 53, 180, 
102, -9, -112, -46, 107, -61, 73, -19, -9, 0, 53, 180, 
102, -9, -112, -46, 107, -61, 82, -14, -4, 0, 53, 180, 
102, -14, -117, -43, 109, -65, 87, -9, 0, 0, 53, 175, 
102, -24, -126, -39, 114, -75, 92, 0, 4, 4, 48, 170, 
102, -29, -131, -36, 117, -80, 92, 0, 9, 4, 48, 175, 
102, -34, -136, -34, 119, -85, 97, 4, 14, 0, 48, 175, 
107, -34, -141, -36, 124, -87, 97, 9, 14, 0, 48, 175, 
107, -34, -141, -36, 124, -87, 97, 9, 19, 0, 43, 175, 
107, -34, -141, -36, 124, -87, 97, 14, 24, 0, 43, 165, 
107, -34, -141, -36, 124, -87, 102, 14, 29, 0, 48, 170, 
107, -34, -141, -36, 124, -87, 102, 14, 34, 0, 48, 170, 
102, -34, -136, -34, 119, -85, 102, 14, 34, 4, 48, 170, 
112, -39, -151, -36, 131, -95, 107, 29, 34, 4, 48, 170, 
117, -39, -156, -39, 136, -97, 107, 29, 34, 4, 53, 170, 
117, -39, -156, -39, 136, -97, 107, 34, 34, 4, 53, 170, 
117, -39, -156, -39, 136, -97, 107, 34, 39, 4, 53, 170, 
107, -39, -146, -34, 126, -92, 107, 24, 48, 9, 53, 170, 
112, -34, -146, -39, 129, -90, 107, 29, 48, 9, 53, 170, 
112, -34, -146, -39, 129, -90, 107, 29, 53, 9, 53, 175, 
112, -34, -146, -39, 129, -90, 107, 29, 53, 9, 53, 175, 
122, -29, -151, -46, 136, -90, 97, 34, 58, 9, 53, 185, 
126, -29, -156, -48, 141, -92, 97, 34, 58, 9, 58, 185, 
126, -29, -156, -48, 141, -92, 97, 34, 68, 9, 58, 185, 
126, -24, -151, -51, 139, -87, 97, 34, 68, 14, 58, 185, 
122, -19, -141, -51, 131, -80, 107, 34, 68, 19, 58, 185, 
122, -19, -141, -51, 131, -80, 107, 34, 73, 19, 63, 190, 
122, -19, -141, -51, 131, -80, 107, 39, 73, 19, 63, 190, 
122, -19, -141, -51, 131, -80, 107, 39, 73, 19, 63, 190, 
122, -14, -136, -53, 129, -75, 97, 39, 73, 24, 63, 190, 
131, -14, -146, -58, 139, -80, 97, 39, 73, 24, 63, 190, 
131, -14, -146, -58, 139, -80, 97, 43, 78, 29, 68, 195, 
131, -14, -146, -58, 139, -80, 97, 43, 87, 29, 73, 195, 
131, -9, -141, -61, 136, -75, 97, 43, 87, 34, 73, 204, 
136, -4, -141, -65, 139, -73, 97, 48, 87, 34, 73, 209, 
146, 0, -146, -73, 146, -73, 97, 48, 92, 34, 73, 209, 
156, 4, -151, -80, 153, -73, 97, 48, 92, 34, 78, 209, 
156, 9, -146, -82, 151, -68, 97, 58, 92, 39, 78, 209, 
156, 14, -141, -85, 148, -63, 97, 63, 97, 39, 78, 209, 
156, 14, -141, -85, 148, -63, 97, 63, 97, 43, 82, 214, 
156, 19, -136, -87, 146, -58, 97, 68, 107, 43, 82, 214, 
156, 14, -141, -85, 148, -63, 97, 58, 102, 53, 87, 209, 
151, 14, -136, -82, 143, -61, 97, 58, 102, 53, 87, 209, 
146, 9, -136, -78, 141, -63, 97, 58, 102, 53, 87, 209, 
146, 4, -141, -75, 143, -68, 97, 63, 112, 53, 92, 214, 
146, 9, -136, -78, 141, -63, 97, 63, 126, 53, 92, 214, 
141, 9, -131, -75, 136, -61, 97, 68, 126, 58, 92, 214, 
141, 14, -126, -78, 134, -56, 97, 68, 126, 58, 97, 214, 
146, 14, -131, -80, 139, -58, 97, 68, 126, 58, 97, 219, 
156, 24, -131, -90, 143, -53, 97, 73, 126, 63, 97, 229, 
161, 24, -136, -92, 148, -56, 97, 73, 136, 63, 102, 229, 
165, 29, -136, -97, 151, -53, 97, 78, 141, 73, 102, 229, 
165, 34, -131, -100, 148, -48, 97, 82, 146, 78, 107, 229, 
165, 34, -131, -100, 148, -48, 97, 82, 141, 68, 97, 234, 
170, 34, -136, -102, 153, -51, 97, 82, 146, 68, 107, 239, 
175, 39, -136, -107, 156, -48, 97, 87, 151, 68, 107, 244, 
175, 39, -136, -107, 156, -48, 97, 87, 151, 73, 107, 244, 
165, 34, -131, -100, 148, -48, 97, 97, 151, 73, 117, 239, 
165, 34, -131, -100, 148, -48, 97, 97, 156, 82, 117, 239, 
165, 39, -126, -102, 146, -43, 97, 97, 161, 87, 117, 244, 
165, 43, -122, -104, 143, -39, 97, 102, 165, 92, 122, 244, 
175, 43, -131, -109, 153, -43, 87, 107, 180, 92, 131, 258, 
175, 53, -122, -114, 148, -34, 87, 107, 185, 97, 131, 258, 
175, 58, -117, -117, 146, -29, 87, 112, 190, 97, 136, 268, 
180, 63, -117, -122, 148, -26, 87, 117, 195, 102, 141, 273, 
185, 78, -107, -131, 146, -14, 92, 107, 190, 107, 136, 273, 
185, 82, -102, -134, 143, -9, 87, 112, 195, 112, 136, 273, 
190, 82, -107, -136, 148, -12, 87, 117, 200, 117, 136, 273, 
190, 82, -107, -136, 148, -12, 87, 122, 204, 117, 146, 273, 
200, 87, -112, -143, 156, -12, 87, 122, 219, 122, 161, 278, 
204, 92, -112, -148, 158, -9, 87, 122, 224, 126, 161, 287, 
209, 97, -112, -153, 161, -7, 87, 131, 229, 131, 170, 292, 
209, 97, -112, -153, 161, -7, 87, 136, 234, 136, 170, 297, 
209, 112, -97, -161, 153, 7, 87, 146, 239, 136, 165, 312, 
214, 117, -97, -165, 156, 9, 87, 151, 244, 141, 170, 312, 
214, 122, -92, -168, 153, 14, 82, 151, 253, 146, 175, 312, 
219, 126, -92, -173, 156, 17, 82, 151, 258, 151, 180, 312, 
209, 131, -78, -170, 143, 26, 82, 146, 258, 165, 185, 312, 
214, 136, -78, -175, 146, 29, 82, 156, 263, 170, 190, 317, 
214, 141, -73, -178, 143, 34, 82, 156, 268, 175, 190, 322, 
219, 151, -68, -185, 143, 41, 82, 161, 273, 180, 195, 326, 
219, 151, -68, -185, 143, 41, 82, 170, 278, 175, 209, 341, 
224, 156, -68, -190, 146, 43, 82, 170, 278, 180, 214, 341, 
229, 161, -68, -195, 148, 46, 78, 175, 283, 185, 219, 341, 
229, 165, -63, -197, 146, 51, 78, 175, 287, 185, 224, 341, 
239, 175, -63, -207, 151, 56, 78, 165, 287, 190, 214, 351, 
244, 180, -63, -212, 153, 58, 68, 165, 292, 195, 214, 356, 
248, 180, -68, -214, 158, 56, 68, 165, 297, 200, 219, 356, 
248, 185, -63, -217, 156, 61, 68, 165, 302, 204, 229, 361, 
248, 200, -48, -224, 148, 75, 58, 165, 302, 214, 234, 361, 
248, 204, -43, -226, 146, 80, 58, 165, 302, 214, 239, 366, 
248, 204, -43, -226, 146, 80, 48, 165, 302, 214, 244, 366, 
253, 209, -43, -231, 148, 82, 48, 165, 297, 219, 253, 366, 
253, 214, -39, -234, 146, 87, 53, 165, 307, 219, 258, 370, 
253, 219, -34, -236, 143, 92, 53, 165, 307, 224, 258, 370, 
253, 224, -29, -239, 141, 97, 53, 161, 307, 224, 258, 375, 
258, 224, -34, -241, 146, 95, 48, 161, 302, 224, 258, 375, 
268, 224, -43, -246, 156, 90, 43, 161, 302, 234, 253, 385, 
268, 224, -43, -246, 156, 90, 43, 156, 302, 234, 253, 385, 
263, 229, -34, -246, 148, 97, 39, 151, 302, 234, 253, 385, 
263, 229, -34, -246, 148, 97, 39, 146, 302, 234, 253, 385, 
263, 234, -29, -248, 146, 102, 24, 141, 297, 234, 263, 385, 
263, 234, -29, -248, 146, 102, 24, 136, 297, 234, 263, 385, 
268, 239, -29, -253, 148, 104, 19, 131, 292, 234, 263, 390, 
268, 239, -29, -253, 148, 104, 19, 126, 287, 234, 263, 390, 
273, 248, -24, -261, 148, 112, 24, 122, 273, 224, 263, 380, 
273, 244, -29, -258, 151, 107, 19, 107, 268, 219, 258, 375, 
273, 244, -29, -258, 151, 107, 19, 97, 263, 219, 258, 375, 
273, 244, -29, -258, 151, 107, 19, 92, 253, 219, 258, 375, 
268, 239, -29, -253, 148, 104, 4, 97, 248, 219, 248, 380, 
268, 239, -29, -253, 148, 104, 4, 82, 244, 214, 244, 380, 
263, 234, -29, -248, 146, 102, 0, 82, 229, 209, 239, 380, 
258, 224, -34, -241, 146, 95, 0, 68, 219, 204, 229, 375, 
268, 234, -34, -251, 151, 100, 0, 63, 209, 200, 234, 370, 
263, 224, -39, -244, 151, 92, 0, 53, 200, 195, 229, 366, 
258, 224, -34, -241, 146, 95, 4, 43, 195, 185, 224, 361, 
258, 219, -39, -239, 148, 90, 4, 43, 185, 175, 219, 356, 
244, 200, -43, -222, 143, 78, 4, 19, 161, 170, 209, 336, 
239, 185, -53, -212, 146, 65, 9, 19, 151, 156, 200, 326, 
234, 175, -58, -204, 146, 58, 9, 14, 141, 151, 195, 322, 
229, 165, -63, -197, 146, 51, 9, 9, 122, 141, 180, 317, 
214, 151, -63, -183, 139, 43, 0, 0, 122, 122, 161, 317, 
204, 136, -68, -170, 136, 34, -4, -4, 112, 112, 156, 312, 
190, 122, -68, -156, 129, 26, -4, -14, 102, 102, 146, 307, 
180, 107, -73, -143, 126, 17, -4, -19, 97, 92, 141, 302, 
180, 107, -73, -143, 126, 17, 4, -19, 87, 97, 141, 292, 
180, 97, -82, -139, 131, 7, 9, -19, 82, 87, 136, 278, 
175, 87, -87, -131, 131, 0, 9, -24, 73, 82, 131, 273, 
175, 82, -92, -129, 134, -4, 19, -24, 63, 73, 126, 268, 
185, 73, -112, -129, 148, -19, 19, -39, 48, 63, 107, 253, 
180, 68, -112, -124, 146, -21, 19, -39, 43, 58, 102, 248, 
175, 58, -117, -117, 146, -29, 24, -39, 39, 48, 97, 244, 
170, 53, -117, -112, 143, -31, 24, -43, 34, 43, 92, 244, 
165, 39, -126, -102, 146, -43, 24, -48, 29, 39, 87, 234, 
161, 34, -126, -97, 143, -46, 29, -48, 19, 34, 82, 234, 
151, 29, -122, -90, 136, -46, 29, -48, 19, 34, 82, 234, 
141, 24, -117, -82, 129, -46, 29, -48, 14, 29, 78, 234, 
146, 24, -122, -85, 134, -48, 34, -48, 9, 24, 78, 229, 
141, 19, -122, -80, 131, -51, 34, -48, 9, 24, 73, 224, 
141, 14, -126, -78, 134, -56, 34, -48, 4, 19, 68, 219, 
141, 14, -126, -78, 134, -56, 34, -48, 4, 14, 63, 214, 
131, 19, -112, -75, 122, -46, 34, -53, 0, 19, 63, 214, 
131, 14, -117, -73, 124, -51, 39, -53, -4, 19, 63, 214, 
131, 14, -117, -73, 124, -51, 39, -53, -4, 19, 53, 214, 
131, 14, -117, -73, 124, -51, 39, -53, -4, 19, 53, 214, 
131, 4, -126, -68, 129, -61, 39, -53, -4, 9, 53, 214, 
131, 0, -131, -65, 131, -65, 39, -53, -4, 4, 53, 214, 
131, 0, -131, -65, 131, -65, 43, -53, -4, 4, 53, 214, 
131, 0, -131, -65, 131, -65, 43, -53, -4, 4, 53, 209, 
141, 4, -136, -73, 139, -65, 43, -63, -4, 4, 53, 209, 
141, 4, -136, -73, 139, -65, 39, -63, -4, 4, 53, 209, 
136, 4, -131, -70, 134, -63, 39, -63, -9, 0, 53, 209, 
136, 4, -131, -70, 134, -63, 39, -63, -9, 0, 48, 209, 
141, 9, -131, -75, 136, -61, 39, -58, -9, 9, 48, 214, 
141, 9, -131, -75, 136, -61, 39, -58, -9, 4, 48, 214, 
141, 9, -131, -75, 136, -61, 39, -58, -9, 4, 48, 214, 
141, 9, -131, -75, 136, -61, 39, -58, -9, 4, 48, 214, 
131, 0, -131, -65, 131, -65, 43, -63, -14, 4, 48, 209, 
136, -4, -141, -65, 139, -73, 43, -63, -14, 4, 48, 209, 
136, -4, -141, -65, 139, -73, 43, -63, -14, 4, 48, 209, 
136, -4, -141, -65, 139, -73, 43, -63, -14, 4, 48, 209, 
136, 9, -126, -73, 131, -58, 43, -58, -19, -4, 48, 200, 
136, 9, -126, -73, 131, -58, 43, -58, -19, -4, 43, 200, 
136, 9, -126, -73, 131, -58, 43, -58, -19, -4, 43, 204, 
131, 9, -122, -70, 126, -56, 43, -53, -19, -4, 48, 204, 
131, 9, -122, -70, 126, -56, 43, -63, -9, 4, 48, 204, 
131, 9, -122, -70, 126, -56, 43, -63, -9, 4, 48, 204, 
131, 9, -122, -70, 126, -56, 43, -63, -9, 4, 48, 204, 
131, 9, -122, -70, 126, -56, 43, -63, -9, 4, 48, 204, 
131, 4, -126, -68, 129, -61, 43, -63, -9, 0, 48, 214, 
136, 4, -131, -70, 134, -63, 43, -68, -9, 0, 48, 214, 
136, 0, -136, -68, 136, -68, 43, -68, -9, 0, 48, 214, 
136, 0, -136, -68, 136, -68, 43, -68, -9, 0, 48, 214, 
126, 0, -126, -63, 126, -63, 53, -68, -19, 4, 48, 214, 
122, 0, -122, -61, 122, -61, 53, -68, -19, 4, 48, 214, 
122, 0, -122, -61, 122, -61, 48, -68, -19, 4, 48, 214, 
126, 0, -126, -63, 126, -63, 48, -68, -19, 4, 48, 214, 
136, 14, -122, -75, 129, -53, 43, -68, -19, 4, 39, 204, 
136, 14, -122, -75, 129, -53, 43, -68, -19, 4, 39, 204, 
136, 14, -122, -75, 129, -53, 43, -63, -14, 4, 39, 204, 
136, 14, -122, -75, 129, -53, 43, -63, -14, 4, 43, 209, 
136, 24, -112, -80, 124, -43, 43, -63, -14, 4, 53, 209, 
136, 24, -112, -80, 124, -43, 43, -63, -14, 4, 48, 209, 
136, 24, -112, -80, 124, -43, 43, -63, -14, 4, 48, 209, 
136, 24, -112, -80, 124, -43, 43, -63, -14, 4, 48, 209, 
136, 24, -112, -80, 124, -43, 43, -63, -4, 9, 48, 219, 
136, 24, -112, -80, 124, -43, 43, -63, -4, 9, 48, 219, 
136, 24, -112, -80, 124, -43, 43, -63, -4, 4, 48, 219, 
136, 24, -112, -80, 124, -43, 43, -63, -4, 4, 48, 214, 
146, 24, -122, -85, 134, -48, 43, -63, -4, 9, 43, 204, 
146, 24, -122, -85, 134, -48, 43, -63, -4, 9, 43, 209, 
146, 24, -122, -85, 134, -48, 43, -63, -4, 9, 43, 209, 
146, 24, -122, -85, 134, -48, 43, -63, -4, 9, 43, 209, 
146, 34, -112, -90, 129, -39, 53, -63, -4, 4, 53, 219, 
146, 34, -112, -90, 129, -39, 53, -63, -4, 4, 53, 219, 
146, 34, -112, -90, 129, -39, 53, -63, -4, 9, 53, 219, 
146, 34, -112, -90, 129, -39, 53, -63, -4, 9, 53, 219, 
146, 43, -102, -95, 124, -29, 53, -63, 4, 19, 53, 219, 
146, 43, -102, -95, 124, -29, 53, -63, 4, 19, 53, 219, 
146, 43, -102, -95, 124, -29, 53, -63, 4, 19, 53, 219, 
146, 43, -102, -95, 124, -29, 53, -63, 4, 19, 53, 219, 
146, 34, -112, -90, 129, -39, 43, -63, -4, 9, 53, 209, 
146, 34, -112, -90, 129, -39, 43, -63, -4, 9, 53, 209, 
146, 34, -112, -90, 129, -39, 43, -63, -4, 9, 53, 209, 
146, 34, -112, -90, 129, -39, 39, -63, -4, 9, 53, 209, 
136, 34, -102, -85, 119, -34, 39, -63, -4, 9, 53, 219, 
136, 34, -102, -85, 119, -34, 39, -63, -4, 9, 53, 219, 
136, 34, -102, -85, 119, -34, 39, -63, 0, 9, 53, 219, 
136, 34, -102, -85, 119, -34, 43, -63, 0, 9, 53, 219, 
141, 34, -107, -87, 124, -36, 48, -63, 0, 19, 53, 219, 
146, 34, -112, -90, 129, -39, 48, -63, 0, 19, 53, 219, 
151, 34, -117, -92, 134, -41, 48, -63, 0, 19, 53, 219, 
156, 34, -122, -95, 139, -43, 48, -63, 0, 19, 53, 219, 
151, 29, -122, -90, 136, -46, 39, -63, -9, 9, 43, 209, 
146, 29, -117, -87, 131, -43, 39, -63, -9, 9, 43, 209, 
141, 29, -112, -85, 126, -41, 39, -63, -9, 9, 43, 209, 
136, 24, -112, -80, 124, -43, 39, -63, -9, 4, 43, 209, 
126, 14, -112, -70, 119, -48, 48, -73, -9, 14, 43, 209, 
126, 14, -112, -70, 119, -48, 43, -73, -9, 14, 43, 209, 
126, 14, -112, -70, 119, -48, 43, -73, -9, 19, 43, 209, 
126, 9, -117, -68, 122, -53, 43, -73, -9, 19, 43, 209, 
136, 19, -117, -78, 126, -48, 43, -63, -9, 29, 53, 219, 
136, 24, -112, -80, 124, -43, 43, -63, -9, 29, 53, 219, 
136, 24, -112, -80, 124, -43, 43, -63, -14, 29, 53, 219, 
136, 24, -112, -80, 124, -43, 43, -63, -14, 29, 53, 214, 
146, 34, -112, -90, 129, -39, 43, -63, -14, 29, 53, 214, 
146, 34, -112, -90, 129, -39, 43, -63, -14, 29, 53, 219, 
146, 34, -112, -90, 129, -39, 48, -63, -14, 29, 48, 219, 
146, 34, -112, -90, 129, -39, 48, -63, -14, 24, 48, 219, 
146, 24, -122, -85, 134, -48, 39, -63, -4, 24, 48, 219, 
146, 24, -122, -85, 134, -48, 39, -63, -4, 24, 48, 219, 
146, 24, -122, -85, 134, -48, 39, -63, -9, 24, 48, 219, 
146, 19, -126, -82, 136, -53, 39, -63, -9, 24, 48, 219, 
136, 19, -117, -78, 126, -48, 48, -63, -9, 14, 39, 219, 
136, 19, -117, -78, 126, -48, 48, -63, -9, 14, 39, 219, 
136, 19, -117, -78, 126, -48, 48, -68, -9, 14, 39, 219, 
136, 19, -117, -78, 126, -48, 48, -68, -9, 14, 39, 219, 
136, 14, -122, -75, 129, -53, 48, -63, -9, 24, 39, 219, 
136, 14, -122, -75, 129, -53, 48, -63, -9, 24, 39, 219, 
136, 14, -122, -75, 129, -53, 48, -68, -9, 24, 39, 219, 
136, 14, -122, -75, 129, -53, 48, -68, -14, 14, 34, 214, 
136, 24, -112, -80, 124, -43, 48, -68, -14, 14, 43, 214, 
136, 24, -112, -80, 124, -43, 48, -68, -14, 14, 43, 214, 
136, 19, -117, -78, 126, -48, 48, -68, -19, 14, 39, 214, 
136, 19, -117, -78, 126, -48, 48, -68, -19, 14, 39, 214, 
146, 14, -131, -80, 139, -58, 48, -68, -19, 19, 29, 214, 
146, 14, -131, -80, 139, -58, 48, -68, -14, 19, 34, 214, 
146, 14, -131, -80, 139, -58, 48, -63, -14, 19, 34, 214, 
146, 14, -131, -80, 139, -58, 48, -63, -19, 14, 29, 214, 
146, 14, -131, -80, 139, -58, 48, -63, -19, 24, 39, 214, 
146, 14, -131, -80, 139, -58, 48, -63, -19, 19, 39, 214, 
146, 9, -136, -78, 141, -63, 48, -68, -24, 19, 39, 214, 
146, 9, -136, -78, 141, -63, 48, -68, -24, 19, 39, 209, 
146, 19, -126, -82, 136, -53, 48, -68, -24, 9, 29, 200, 
146, 24, -122, -85, 134, -48, 48, -68, -24, 9, 24, 204, 
146, 24, -122, -85, 134, -48, 48, -68, -24, 9, 24, 204, 
146, 19, -126, -82, 136, -53, 48, -68, -24, 9, 24, 204, 
141, 9, -131, -75, 136, -61, 48, -68, -34, 9, 34, 204, 
141, 9, -131, -75, 136, -61, 48, -68, -34, 9, 34, 204, 
141, 9, -131, -75, 136, -61, 48, -68, -34, 9, 34, 204, 
141, 9, -131, -75, 136, -61, 53, -68, -34, 9, 34, 200, 
141, 14, -126, -78, 134, -56, 43, -68, -24, 9, 24, 209, 
141, 14, -126, -78, 134, -56, 43, -68, -24, 9, 29, 209, 
141, 14, -126, -78, 134, -56, 43, -68, -24, 9, 29, 209, 
141, 19, -122, -80, 131, -51, 43, -68, -24, 4, 29, 209, 
151, 19, -131, -85, 141, -56, 53, -68, -34, 4, 29, 209, 
151, 19, -131, -85, 141, -56, 53, -68, -34, 9, 29, 209, 
151, 19, -131, -85, 141, -56, 53, -68, -34, 9, 29, 209, 
151, 19, -131, -85, 141, -56, 53, -68, -34, 9, 24, 209, 
151, 24, -126, -87, 139, -51, 53, -68, -24, 9, 34, 209, 
151, 24, -126, -87, 139, -51, 53, -68, -24, 9, 34, 209, 
151, 24, -126, -87, 139, -51, 53, -68, -24, 9, 34, 209, 
151, 24, -126, -87, 139, -51, 53, -68, -24, 9, 29, 209, 
141, 14, -126, -78, 134, -56, 43, -68, -24, 9, 29, 209, 
141, 14, -126, -78, 134, -56, 43, -68, -29, 9, 29, 204, 
141, 9, -131, -75, 136, -61, 39, -68, -29, 9, 29, 204, 
141, 9, -131, -75, 136, -61, 39, -68, -29, 9, 29, 204, 
136, 0, -136, -68, 136, -68, 48, -78, -39, 9, 19, 204, 
131, 0, -131, -65, 131, -65, 48, -78, -39, 4, 19, 204, 
126, 0, -126, -63, 126, -63, 48, -78, -39, 4, 24, 204, 
122, 0, -122, -61, 122, -61, 48, -78, -34, 4, 24, 204, 
126, 9, -117, -68, 122, -53, 39, -68, -34, 4, 24, 204, 
131, 9, -122, -70, 126, -56, 39, -68, -34, 4, 24, 204, 
136, 9, -126, -73, 131, -58, 39, -68, -39, 0, 24, 204, 
141, 9, -131, -75, 136, -61, 39, -68, -39, 0, 24, 204, 
141, 9, -131, -75, 136, -61, 48, -68, -39, 0, 19, 195, 
141, 9, -131, -75, 136, -61, 48, -68, -39, 4, 19, 200, 
141, 9, -131, -75, 136, -61, 48, -68, -39, 4, 24, 200, 
141, 9, -131, -75, 136, -61, 48, -73, -39, 4, 24, 195, 
131, 0, -131, -65, 131, -65, 48, -73, -39, 4, 24, 195, 
131, 0, -131, -65, 131, -65, 48, -68, -39, 4, 24, 195, 
131, 0, -131, -65, 131, -65, 48, -68, -39, 4, 24, 195, 
131, 0, -131, -65, 131, -65, 48, -68, -39, 4, 24, 195, 
141, 9, -131, -75, 136, -61, 43, -68, -39, 9, 24, 204, 
141, 9, -131, -75, 136, -61, 48, -68, -39, 9, 24, 204, 
141, 9, -131, -75, 136, -61, 48, -68, -39, 9, 24, 204, 
141, 9, -131, -75, 136, -61, 48, -68, -39, 14, 24, 204, 
141, 9, -131, -75, 136, -61, 48, -68, -39, 4, 24, 204, 
141, 4, -136, -73, 139, -65, 48, -68, -39, 4, 24, 204, 
141, 4, -136, -73, 139, -65, 48, -68, -39, 4, 24, 204, 
141, 4, -136, -73, 139, -65, 48, -68, -39, 4, 24, 204, 
141, -4, -146, -68, 143, -75, 48, -68, -39, 4, 14, 204, 
141, 0, -141, -70, 141, -70, 48, -68, -39, 0, 14, 204, 
146, 0, -146, -73, 146, -73, 43, -68, -39, 0, 14, 209, 
146, 0, -146, -73, 146, -73, 43, -68, -39, 4, 14, 209, 
146, 4, -141, -75, 143, -68, 48, -68, -39, 4, 19, 209, 
151, 4, -146, -78, 148, -70, 48, -68, -39, 4, 19, 209, 
151, 4, -146, -78, 148, -70, 48, -63, -39, 4, 19, 209, 
151, 4, -146, -78, 148, -70, 48, -58, -34, 4, 19, 209, 
141, 4, -136, -73, 139, -65, 48, -63, -43, 0, 19, 209, 
146, 9, -136, -78, 141, -63, 48, -63, -43, 4, 19, 209, 
151, 9, -141, -80, 146, -65, 48, -63, -43, 4, 24, 209, 
151, 14, -136, -82, 143, -61, 48, -63, -39, 4, 24, 209, 
146, 4, -141, -75, 143, -68, 48, -73, -48, 4, 19, 200, 
146, 9, -136, -78, 141, -63, 48, -68, -43, 4, 19, 200, 
146, 9, -136, -78, 141, -63, 53, -68, -39, 4, 19, 204, 
146, 9, -136, -78, 141, -63, 53, -68, -29, 9, 19, 204, 
146, 9, -136, -78, 141, -63, 48, -63, -34, 9, 24, 200, 
146, 14, -131, -80, 139, -58, 48, -63, -34, 9, 19, 200, 
141, 19, -122, -80, 131, -51, 48, -68, -34, 14, 24, 209, 
146, 14, -131, -80, 139, -58, 53, -73, -29, 14, 19, 219, 
146, 9, -136, -78, 141, -63, 43, -63, -39, 0, 19, 209, 
146, 9, -136, -78, 141, -63, 48, -58, -39, 0, 19, 204, 
146, 19, -126, -82, 136, -53, 58, -48, -29, 9, 19, 214, 
146, 19, -126, -82, 136, -53, 58, -48, -29, 9, 19, 214, 
146, 19, -126, -82, 136, -53, 58, -48, -29, 9, 19, 214, 
146, 19, -126, -82, 136, -53, 58, -48, -29, 9, 19, 214, 
161, 34, -126, -97, 143, -46, 68, -34, -9, 14, 34, 219, 
165, 48, -117, -107, 141, -34, 68, -29, -4, 19, 43, 219, 
190, 58, -131, -124, 161, -36, 68, -24, 9, 29, 48, 234, 
204, 73, -131, -139, 168, -29, 68, -14, 19, 34, 48, 239, 
204, 82, -122, -143, 163, -19, 68, -9, 29, 48, 48, 244, 
209, 92, -117, -151, 163, -12, 68, -9, 34, 58, 58, 248, 
209, 102, -107, -156, 158, -2, 68, -9, 39, 63, 63, 258, 
209, 107, -102, -158, 156, 2, 68, -9, 43, 68, 63, 258, 
204, 97, -107, -151, 156, -4, 63, -19, 34, 58, 73, 258, 
204, 97, -107, -151, 156, -4, 63, -14, 34, 63, 73, 258, 
209, 97, -112, -153, 161, -7, 63, -14, 39, 63, 73, 263, 
214, 102, -112, -158, 163, -4, 63, -14, 43, 68, 82, 268, 
219, 122, -97, -170, 158, 12, 58, 0, 58, 73, 87, 268, 
224, 126, -97, -175, 161, 14, 48, 0, 63, 73, 92, 273, 
229, 131, -97, -180, 163, 17, 48, 0, 63, 78, 92, 278, 
229, 131, -97, -180, 163, 17, 43, 0, 58, 78, 92, 278, 
244, 126, -117, -185, 180, 4, 34, -14, 43, 73, 78, 263, 
244, 126, -117, -185, 180, 4, 29, -24, 39, 68, 73, 263, 
239, 122, -117, -180, 178, 2, 24, -29, 24, 63, 73, 258, 
234, 117, -117, -175, 175, 0, 19, -43, 9, 58, 68, 258, 
229, 102, -126, -165, 178, -12, 14, -53, -14, 48, 58, 253, 
229, 92, -136, -161, 183, -21, 9, -68, -29, 39, 48, 248, 
224, 82, -141, -153, 183, -29, 4, -68, -39, 34, 48, 244, 
224, 78, -146, -151, 185, -34, 0, -73, -43, 34, 43, 244, 
224, 78, -146, -151, 185, -34, 0, -63, -34, 24, 43, 239, 
224, 78, -146, -151, 185, -34, 0, -63, -34, 19, 43, 239, 
224, 78, -146, -151, 185, -34, 0, -68, -34, 19, 43, 239, 
229, 78, -151, -153, 190, -36, 0, -68, -34, 19, 43, 244, 
239, 87, -151, -163, 195, -31, 9, -68, -34, 29, 43, 244, 
239, 92, -146, -165, 192, -26, 9, -68, -34, 29, 43, 244, 
234, 92, -141, -163, 187, -24, 9, -68, -34, 29, 43, 239, 
229, 82, -146, -156, 187, -31, 14, -68, -39, 24, 39, 239, 
214, 73, -141, -143, 178, -34, 14, -78, -48, 14, 34, 224, 
209, 68, -141, -139, 175, -36, 24, -73, -58, 4, 29, 219, 
200, 53, -146, -126, 173, -46, 29, -73, -58, 4, 24, 214, 
190, 43, -146, -117, 168, -51, 34, -68, -58, 0, 24, 209, 
175, 39, -136, -107, 156, -48, 39, -68, -58, -4, 19, 214, 
165, 34, -131, -100, 148, -48, 43, -68, -53, -4, 19, 214, 
156, 29, -126, -92, 141, -48, 43, -73, -53, -4, 19, 214, 
156, 24, -131, -90, 143, -53, 43, -73, -53, -4, 9, 209, 
151, 24, -126, -87, 139, -51, 43, -73, -53, -4, 19, 209, 
151, 14, -136, -82, 143, -61, 39, -73, -58, -9, 14, 204, 
146, 9, -136, -78, 141, -63, 39, -73, -68, -14, 14, 204, 
146, 0, -146, -73, 146, -73, 43, -73, -73, -19, 9, 200, 
141, -14, -156, -63, 148, -85, 43, -78, -78, -24, -4, 185, 
141, -14, -156, -63, 148, -85, 43, -82, -82, -29, -4, 180, 
141, -19, -161, -61, 151, -90, 43, -82, -82, -34, -4, 180, 
141, -19, -161, -61, 151, -90, 43, -82, -82, -34, -4, 180, 
141, -19, -161, -61, 151, -90, 43, -82, -82, -34, -9, 180, 
141, -19, -161, -61, 151, -90, 43, -78, -82, -34, -9, 180, 
141, -19, -161, -61, 151, -90, 43, -78, -82, -34, -9, 180, 
141, -19, -161, -61, 151, -90, 43, -82, -78, -34, -9, 180, 
126, -9, -136, -58, 131, -73, 48, -82, -78, -24, -9, 180, 
126, -14, -141, -56, 134, -78, 53, -82, -78, -24, -9, 180, 
126, -14, -141, -56, 134, -78, 53, -82, -78, -24, -9, 180, 
122, -14, -136, -53, 129, -75, 53, -82, -78, -24, -9, 180, 
122, -19, -141, -51, 131, -80, 43, -82, -78, -34, -9, 180, 
122, -24, -146, -48, 134, -85, 43, -82, -82, -34, -9, 180, 
122, -24, -146, -48, 134, -85, 43, -87, -82, -34, -14, 175, 
122, -24, -146, -48, 134, -85, 48, -87, -82, -39, -14, 175, 
112, -34, -146, -39, 129, -90, 48, -82, -82, -39, -24, 175, 
112, -39, -151, -36, 131, -95, 48, -82, -82, -39, -24, 175, 
112, -39, -151, -36, 131, -95, 48, -82, -82, -39, -24, 175, 
107, -39, -146, -34, 126, -92, 48, -82, -82, -39, -24, 175, 
117, -39, -156, -39, 136, -97, 48, -82, -82, -39, -9, 185, 
117, -39, -156, -39, 136, -97, 48, -82, -82, -39, -9, 185, 
117, -39, -156, -39, 136, -97, 53, -82, -82, -39, -14, 185, 
117, -39, -156, -39, 136, -97, 53, -78, -82, -34, -14, 185, 
117, -34, -151, -41, 134, -92, 53, -78, -82, -34, -14, 180, 
117, -34, -151, -41, 134, -92, 53, -82, -82, -43, -14, 180, 
117, -34, -151, -41, 134, -92, 53, -82, -82, -43, -19, 175, 
117, -39, -156, -39, 136, -97, 53, -82, -82, -43, -19, 175, 
107, -29, -136, -39, 122, -82, 53, -82, -82, -43, -29, 185, 
102, -34, -136, -34, 119, -85, 53, -82, -82, -39, -29, 185, 
102, -34, -136, -34, 119, -85, 53, -82, -82, -39, -29, 185, 
107, -34, -141, -36, 124, -87, 53, -82, -87, -39, -29, 185, 
107, -34, -141, -36, 124, -87, 63, -73, -87, -39, -24, 185, 
112, -34, -146, -39, 129, -90, 58, -73, -82, -39, -24, 185, 
112, -34, -146, -39, 129, -90, 58, -73, -82, -39, -24, 185, 
112, -34, -146, -39, 129, -90, 58, -73, -82, -39, -24, 185, 
112, -34, -146, -39, 129, -90, 63, -78, -82, -29, -24, 175, 
112, -34, -146, -39, 129, -90, 63, -78, -78, -24, -24, 175, 
112, -29, -141, -41, 126, -85, 63, -78, -78, -24, -19, 180, 
112, -29, -141, -41, 126, -85, 63, -78, -78, -24, -19, 180, 
122, -24, -146, -48, 134, -85, 73, -58, -68, -24, -19, 185, 
122, -29, -151, -46, 136, -90, 97, -29, -48, -24, -19, 185, 
122, -29, -151, -46, 136, -90, 117, 4, -14, -24, -19, 185, 
122, -19, -141, -51, 131, -80, 122, 48, 34, -4, -14, 185, 
141, 9, -131, -75, 136, -61, 126, 87, 73, 24, 14, 204, 
175, 48, -126, -112, 151, -39, 126, 122, 117, 68, 58, 239, 
219, 87, -131, -153, 175, -21, 126, 185, 190, 136, 117, 278, 
273, 156, -117, -214, 195, 19, 122, 234, 297, 229, 204, 351, 
356, 268, -87, -312, 222, 90, 97, 263, 395, 346, 317, 439, 
463, 405, -58, -434, 261, 173, 24, 234, 458, 473, 448, 561, 
600, 580, -19, -590, 309, 280, -117, 122, 419, 600, 590, 707, 
746, 785, 39, -766, 353, 412, -322, -87, 312, 717, 751, 873, 
868, 956, 87, -912, 390, 522, -497, -273, 170, 810, 883, 1019, 
912, 1063, 151, -988, 380, 607, -600, -395, 63, 849, 951, 1102, 
883, 1127, 244, -1005, 319, 685, -658, -502, 0, 849, 966, 1137, 
746, 1141, 395, -944, 175, 768, -668, -639, -53, 819, 946, 1146, 
570, 1083, 512, -827, 29, 797, -639, -766, -122, 736, 863, 1088, 
458, 966, 507, -712, -24, 736, -585, -824, -229, 580, 702, 956, 
380, 810, 429, -595, -24, 619, -517, -800, -307, 414, 527, 795, 
287, 649, 361, -468, -36, 505, -444, -771, -390, 283, 380, 663, 
170, 551, 380, -361, -104, 466, -390, -805, -531, 151, 253, 556, 
82, 444, 361, -263, -139, 402, -366, -849, -707, -19, 92, 444, 
24, 312, 287, -168, -131, 300, -336, -839, -785, -151, -29, 331, 
9, 234, 224, -122, -107, 229, -317, -766, -717, -165, -43, 287, 
9, 219, 209, -114, -100, 214, -287, -668, -580, -102, -14, 297, 
24, 209, 185, -117, -80, 197, -244, -561, -468, -73, 9, 292, 
58, 204, 146, -131, -43, 175, -195, -453, -390, -39, 24, 297, 
73, 200, 126, -136, -26, 163, -156, -361, -302, -4, 43, 297, 
97, 180, 82, -139, 7, 131, -122, -302, -253, 9, 43, 287, 
117, 165, 48, -141, 34, 107, -92, -258, -229, 0, 39, 278, 
146, 161, 14, -153, 65, 87, -48, -200, -180, 9, 53, 278, 
161, 156, -4, -158, 82, 75, -19, -156, -126, 29, 63, 292, 
170, 146, -24, -158, 97, 61, 4, -122, -87, 34, 68, 292, 
170, 122, -48, -146, 109, 36, 29, -82, -68, 34, 68, 292, 
161, 97, -63, -129, 112, 17, 43, -63, -43, 34, 58, 278, 
151, 68, -82, -109, 117, -7, 58, -58, -39, 29, 48, 258, 
146, 48, -97, -97, 122, -24, 58, -53, -34, 34, 34, 239, 
151, 43, -107, -97, 129, -31, 48, -58, -34, 24, 24, 229, 
151, 43, -107, -97, 129, -31, 48, -58, -34, 24, 24, 229, 
151, 48, -102, -100, 126, -26, 53, -53, -34, 24, 24, 229, 
151, 48, -102, -100, 126, -26, 53, -48, -34, 24, 24, 229, 
141, 48, -92, -95, 117, -21, 53, -39, -29, 19, 24, 239, 
141, 48, -92, -95, 117, -21, 63, -34, -24, 19, 24, 239, 
141, 43, -97, -92, 119, -26, 68, -29, -19, 19, 24, 234, 
141, 34, -107, -87, 124, -36, 73, -19, -14, 24, 19, 229, 
141, 29, -112, -85, 126, -41, 82, -19, -19, 14, 19, 224, 
141, 24, -117, -82, 129, -46, 87, -14, -14, 9, 19, 224, 
146, 24, -122, -85, 134, -48, 87, -9, -14, 9, 19, 224, 
146, 24, -122, -85, 134, -48, 87, -9, -9, 9, 14, 224, 
146, 14, -131, -80, 139, -58, 78, -14, -4, 9, 14, 214, 
146, 14, -131, -80, 139, -58, 82, -14, 0, 9, 19, 219, 
146, 14, -131, -80, 139, -58, 82, -14, 4, 9, 19, 219, 
141, 14, -126, -78, 134, -56, 82, -14, 4, 14, 19, 219, 
151, 19, -131, -85, 141, -56, 87, 0, 4, 24, 19, 229, 
156, 19, -136, -87, 146, -58, 87, 0, 4, 24, 24, 229, 
156, 19, -136, -87, 146, -58, 87, 4, 4, 24, 24, 229, 
156, 19, -136, -87, 146, -58, 87, 4, 9, 24, 24, 229, 
156, 19, -136, -87, 146, -58, 87, 4, 9, 19, 24, 219, 
161, 24, -136, -92, 148, -56, 87, 9, 9, 19, 24, 219, 
161, 24, -136, -92, 148, -56, 87, 9, 14, 19, 24, 224, 
161, 24, -136, -92, 148, -56, 87, 9, 14, 19, 24, 224, 
161, 29, -131, -95, 146, -51, 87, 4, 19, 29, 24, 234, 
165, 29, -136, -97, 151, -53, 87, 4, 19, 29, 29, 234, 
165, 29, -136, -97, 151, -53, 87, 4, 29, 29, 29, 234, 
165, 34, -131, -100, 148, -48, 87, 4, 29, 34, 29, 234, 
170, 48, -122, -109, 146, -36, 87, 14, 19, 39, 39, 234, 
170, 48, -122, -109, 146, -36, 87, 14, 24, 39, 43, 239, 
170, 48, -122, -109, 146, -36, 87, 19, 24, 39, 43, 239, 
170, 48, -122, -109, 146, -36, 87, 19, 24, 39, 43, 239, 
170, 43, -126, -107, 148, -41, 87, 19, 34, 43, 34, 239, 
180, 43, -136, -112, 158, -46, 87, 19, 34, 43, 34, 239, 
180, 43, -136, -112, 158, -46, 87, 24, 39, 48, 39, 244, 
180, 43, -136, -112, 158, -46, 87, 24, 48, 48, 43, 244, 
175, 43, -131, -109, 153, -43, 87, 14, 48, 53, 43, 244, 
175, 43, -131, -109, 153, -43, 87, 19, 48, 53, 43, 248, 
180, 43, -136, -112, 158, -46, 87, 19, 53, 53, 43, 248, 
185, 43, -141, -114, 163, -48, 87, 19, 53, 53, 48, 248, 
185, 48, -136, -117, 161, -43, 87, 24, 53, 58, 58, 258, 
185, 53, -131, -119, 158, -39, 87, 34, 58, 58, 58, 258, 
185, 53, -131, -119, 158, -39, 87, 39, 58, 63, 63, 263, 
185, 58, -126, -122, 156, -34, 87, 48, 68, 63, 63, 263, 
190, 58, -131, -124, 161, -36, 78, 39, 63, 63, 58, 258, 
190, 63, -126, -126, 158, -31, 78, 39, 63, 63, 58, 258, 
190, 63, -126, -126, 158, -31, 78, 39, 63, 63, 58, 258, 
195, 63, -131, -129, 163, -34, 78, 43, 73, 63, 63, 263, 
195, 68, -126, -131, 161, -29, 78, 43, 78, 63, 63, 263, 
190, 68, -122, -129, 156, -26, 78, 48, 78, 68, 63, 263, 
190, 73, -117, -131, 153, -21, 78, 48, 78, 68, 68, 263, 
195, 73, -122, -134, 158, -24, 78, 48, 78, 68, 68, 268, 
185, 63, -122, -124, 153, -29, 78, 53, 68, 73, 68, 268, 
190, 63, -126, -126, 158, -31, 78, 53, 78, 73, 73, 268, 
195, 68, -126, -131, 161, -29, 78, 58, 82, 82, 73, 268, 
195, 73, -122, -134, 158, -24, 78, 63, 87, 87, 78, 268, 
204, 82, -122, -143, 163, -19, 78, 63, 102, 87, 78, 273, 
209, 82, -126, -146, 168, -21, 78, 63, 107, 87, 87, 278, 
214, 87, -126, -151, 170, -19, 78, 68, 112, 87, 87, 283, 
214, 87, -126, -151, 170, -19, 78, 68, 112, 92, 87, 283, 
224, 92, -131, -158, 178, -19, 87, 78, 122, 92, 97, 287, 
224, 92, -131, -158, 178, -19, 87, 78, 126, 102, 97, 287, 
224, 97, -126, -161, 175, -14, 87, 78, 131, 107, 97, 292, 
224, 102, -122, -163, 173, -9, 87, 82, 136, 112, 102, 292, 
244, 112, -131, -178, 187, -9, 87, 97, 131, 112, 102, 287, 
244, 122, -122, -183, 183, 0, 87, 97, 136, 117, 102, 287, 
244, 126, -117, -185, 180, 4, 87, 102, 141, 117, 107, 297, 
248, 131, -117, -190, 183, 7, 87, 107, 146, 122, 112, 302, 
248, 131, -117, -190, 183, 7, 73, 102, 151, 117, 117, 312, 
244, 131, -112, -187, 178, 9, 68, 102, 156, 122, 117, 312, 
244, 126, -117, -185, 180, 4, 68, 102, 161, 126, 117, 312, 
239, 122, -117, -180, 178, 2, 68, 102, 165, 126, 126, 312, 
234, 122, -112, -178, 173, 4, 78, 112, 161, 131, 122, 307, 
234, 122, -112, -178, 173, 4, 78, 112, 165, 136, 122, 317, 
234, 122, -112, -178, 173, 4, 78, 122, 170, 141, 131, 322, 
229, 117, -112, -173, 170, 2, 78, 126, 175, 146, 131, 326, 
239, 131, -107, -185, 173, 12, 68, 126, 190, 156, 136, 331, 
244, 136, -107, -190, 175, 14, 68, 131, 195, 161, 141, 331, 
244, 141, -102, -192, 173, 19, 63, 131, 204, 165, 146, 331, 
248, 146, -102, -197, 175, 21, 63, 131, 209, 170, 151, 331, 
253, 161, -92, -207, 173, 34, 63, 136, 209, 175, 156, 341, 
263, 165, -97, -214, 180, 34, 63, 146, 214, 180, 161, 346, 
268, 170, -97, -219, 183, 36, 63, 146, 219, 185, 161, 351, 
278, 180, -97, -229, 187, 41, 63, 151, 224, 190, 165, 356, 
263, 170, -92, -217, 178, 39, 63, 141, 229, 195, 170, 370, 
263, 175, -87, -219, 175, 43, 63, 141, 229, 200, 175, 370, 
263, 180, -82, -222, 173, 48, 58, 146, 234, 204, 180, 370, 
258, 185, -73, -222, 165, 56, 58, 146, 239, 204, 185, 370, 
268, 195, -73, -231, 170, 61, 58, 146, 239, 209, 185, 380, 
273, 200, -73, -236, 173, 63, 48, 146, 244, 214, 185, 385, 
278, 200, -78, -239, 178, 61, 48, 146, 248, 219, 190, 385, 
278, 204, -73, -241, 175, 65, 48, 146, 253, 224, 200, 390, 
287, 209, -78, -248, 183, 65, 58, 156, 253, 224, 200, 390, 
287, 214, -73, -251, 180, 70, 58, 156, 253, 224, 200, 395, 
287, 214, -73, -251, 180, 70, 48, 156, 253, 224, 200, 395, 
292, 219, -73, -256, 183, 73, 48, 156, 248, 229, 204, 395, 
302, 224, -78, -263, 190, 73, 43, 156, 248, 239, 219, 400, 
302, 229, -73, -265, 187, 78, 43, 156, 248, 244, 219, 400, 
302, 234, -68, -268, 185, 82, 43, 151, 248, 244, 219, 405, 
307, 234, -73, -270, 190, 80, 39, 151, 244, 244, 219, 405, 
317, 234, -82, -275, 200, 75, 34, 141, 244, 244, 214, 405, 
317, 234, -82, -275, 200, 75, 34, 136, 244, 244, 214, 405, 
312, 239, -73, -275, 192, 82, 29, 131, 244, 244, 214, 405, 
312, 239, -73, -275, 192, 82, 29, 126, 244, 244, 214, 405, 
302, 244, -58, -273, 180, 92, 24, 131, 239, 244, 224, 405, 
302, 244, -58, -273, 180, 92, 24, 126, 239, 244, 224, 405, 
307, 248, -58, -278, 183, 95, 19, 122, 234, 244, 224, 409, 
307, 248, -58, -278, 183, 95, 19, 117, 229, 244, 224, 409, 
292, 248, -43, -270, 168, 102, 14, 112, 224, 244, 224, 409, 
292, 244, -48, -268, 170, 97, 9, 97, 219, 239, 219, 405, 
292, 244, -48, -268, 170, 97, 9, 87, 214, 239, 219, 405, 
292, 244, -48, -268, 170, 97, 9, 82, 204, 239, 219, 405, 
297, 248, -48, -273, 173, 100, 4, 87, 200, 239, 229, 400, 
297, 248, -48, -273, 173, 100, 4, 73, 195, 234, 224, 400, 
292, 244, -48, -268, 170, 97, 0, 73, 180, 229, 219, 400, 
287, 234, -53, -261, 170, 90, 0, 58, 170, 224, 209, 395, 
297, 224, -73, -261, 185, 75, -9, 43, 151, 209, 195, 390, 
292, 214, -78, -253, 185, 68, -9, 34, 141, 204, 190, 385, 
287, 214, -73, -251, 180, 70, -4, 24, 136, 195, 185, 380, 
287, 209, -78, -248, 183, 65, -4, 24, 126, 185, 180, 375, 
273, 190, -82, -231, 178, 53, -4, 19, 122, 180, 170, 356, 
268, 175, -92, -222, 180, 41, 0, 19, 112, 165, 161, 346, 
263, 165, -97, -214, 180, 34, 0, 14, 102, 161, 156, 341, 
258, 156, -102, -207, 180, 26, 0, 9, 82, 151, 141, 336, 
248, 146, -102, -197, 175, 21, 9, 0, 73, 151, 131, 336, 
244, 136, -107, -190, 175, 14, 4, -4, 63, 141, 126, 331, 
234, 126, -107, -180, 170, 9, 4, -14, 53, 131, 117, 326, 
229, 117, -112, -173, 170, 2, 4, -19, 48, 122, 112, 322, 
219, 107, -112, -163, 165, -2, 4, -29, 29, 117, 92, 302, 
219, 97, -122, -158, 170, -12, 9, -29, 24, 107, 87, 287, 
214, 87, -126, -151, 170, -19, 9, -34, 14, 102, 82, 283, 
214, 82, -131, -148, 173, -24, 19, -34, 4, 92, 78, 278, 
204, 73, -131, -139, 168, -29, 19, -29, 9, 92, 78, 283, 
200, 68, -131, -134, 165, -31, 19, -29, 4, 87, 73, 278, 
195, 58, -136, -126, 165, -39, 24, -29, 0, 78, 68, 273, 
190, 53, -136, -122, 163, -41, 24, -34, -4, 73, 63, 273, 
200, 58, -141, -129, 170, -41, 24, -39, -9, 68, 58, 263, 
200, 53, -146, -126, 173, -46, 29, -39, -19, 63, 53, 263, 
195, 48, -146, -122, 170, -48, 29, -39, -19, 63, 53, 263, 
190, 43, -146, -117, 168, -51, 29, -39, -24, 58, 48, 263, 
195, 34, -161, -114, 178, -63, 34, -39, -29, 43, 39, 248, 
190, 29, -161, -109, 175, -65, 34, -39, -29, 43, 34, 244, 
190, 24, -165, -107, 178, -70, 34, -39, -34, 39, 29, 239, 
190, 24, -165, -107, 178, -70, 34, -39, -34, 34, 24, 234, 
185, 19, -165, -102, 175, -73, 34, -43, -48, 39, 34, 234, 
180, 14, -165, -97, 173, -75, 39, -43, -53, 39, 34, 234, 
175, 14, -161, -95, 168, -73, 39, -43, -53, 39, 24, 234, 
170, 14, -156, -92, 163, -70, 39, -43, -53, 39, 24, 234, 
180, 14, -165, -97, 173, -75, 39, -53, -53, 29, 24, 234, 
180, 9, -170, -95, 175, -80, 39, -53, -53, 24, 24, 234, 
180, 9, -170, -95, 175, -80, 43, -53, -53, 24, 24, 234, 
180, 9, -170, -95, 175, -80, 43, -53, -53, 24, 24, 229, 
180, 4, -175, -92, 178, -85, 53, -53, -53, 34, 24, 229, 
180, 4, -175, -92, 178, -85, 48, -53, -53, 34, 24, 229, 
175, 4, -170, -90, 173, -82, 48, -53, -58, 29, 24, 229, 
175, 4, -170, -90, 173, -82, 48, -53, -58, 29, 19, 229, 
170, 9, -161, -90, 165, -75, 48, -48, -58, 29, 19, 224, 
170, 9, -161, -90, 165, -75, 48, -48, -58, 24, 19, 224, 
170, 9, -161, -90, 165, -75, 48, -48, -58, 24, 19, 224, 
170, 9, -161, -90, 165, -75, 48, -48, -58, 24, 19, 224, 
161, 0, -161, -80, 161, -80, 53, -53, -63, 14, 9, 219, 
165, -4, -170, -80, 168, -87, 53, -53, -63, 14, 9, 219, 
165, -4, -170, -80, 168, -87, 53, -53, -63, 14, 9, 219, 
165, -4, -170, -80, 168, -87, 53, -53, -63, 14, 9, 219, 
165, -9, -175, -78, 170, -92, 43, -58, -58, 14, 9, 219, 
165, -9, -175, -78, 170, -92, 43, -58, -58, 14, 4, 219, 
165, -9, -175, -78, 170, -92, 43, -58, -58, 14, 4, 224, 
161, -9, -170, -75, 165, -90, 43, -53, -58, 14, 9, 224, 
161, -9, -170, -75, 165, -90, 43, -53, -58, 14, 9, 224, 
161, -9, -170, -75, 165, -90, 43, -53, -58, 14, 9, 224, 
161, -9, -170, -75, 165, -90, 43, -53, -58, 14, 9, 224, 
161, -9, -170, -75, 165, -90, 43, -53, -58, 14, 9, 224, 
170, 4, -165, -87, 168, -80, 53, -43, -58, 19, 9, 224, 
175, 4, -170, -90, 173, -82, 53, -48, -58, 19, 9, 224, 
175, 0, -175, -87, 175, -87, 53, -48, -58, 19, 9, 224, 
175, 0, -175, -87, 175, -87, 53, -48, -58, 19, 9, 224, 
175, 9, -165, -92, 170, -78, 53, -48, -58, 14, 9, 234, 
170, 9, -161, -90, 165, -75, 53, -48, -58, 14, 9, 234, 
170, 9, -161, -90, 165, -75, 48, -48, -58, 14, 9, 234, 
175, 9, -165, -92, 170, -78, 48, -48, -58, 14, 9, 234, 
165, 9, -156, -87, 161, -73, 43, -58, -58, 14, 9, 234, 
165, 4, -161, -85, 163, -78, 43, -58, -58, 14, 9, 234, 
165, 0, -165, -82, 165, -82, 43, -53, -53, 14, 9, 234, 
165, -4, -170, -80, 168, -87, 43, -53, -53, 14, 14, 239, 
165, -4, -170, -80, 168, -87, 53, -53, -53, 24, 14, 229, 
165, -4, -170, -80, 168, -87, 53, -53, -53, 24, 9, 229, 
165, -4, -170, -80, 168, -87, 53, -53, -53, 24, 9, 229, 
165, -4, -170, -80, 168, -87, 53, -53, -53, 24, 9, 229, 
175, -4, -180, -85, 178, -92, 53, -53, -53, 19, 19, 229, 
175, -4, -180, -85, 178, -92, 53, -53, -53, 19, 19, 229, 
175, -4, -180, -85, 178, -92, 53, -53, -53, 14, 19, 229, 
175, -4, -180, -85, 178, -92, 53, -53, -53, 14, 19, 224, 
165, -4, -170, -80, 168, -87, 53, -43, -43, 19, 14, 224, 
165, -4, -170, -80, 168, -87, 53, -43, -43, 19, 14, 229, 
165, -4, -170, -80, 168, -87, 53, -43, -43, 19, 14, 229, 
165, -4, -170, -80, 168, -87, 53, -43, -43, 19, 14, 229, 
175, 4, -170, -90, 173, -82, 53, -43, -53, 14, 24, 229, 
175, 4, -170, -90, 173, -82, 53, -43, -53, 14, 24, 229, 
175, 4, -170, -90, 173, -82, 53, -43, -53, 19, 24, 229, 
175, 4, -170, -90, 173, -82, 53, -43, -53, 19, 24, 229, 
175, -4, -180, -85, 178, -92, 53, -43, -43, 19, 24, 239, 
175, -4, -180, -85, 178, -92, 53, -43, -43, 19, 24, 239, 
175, -4, -180, -85, 178, -92, 53, -43, -43, 19, 24, 239, 
175, -4, -180, -85, 178, -92, 53, -43, -43, 19, 24, 239, 
175, -4, -180, -85, 178, -92, 53, -43, -43, 19, 24, 239, 
175, -4, -180, -85, 178, -92, 53, -43, -43, 19, 24, 239, 
175, -4, -180, -85, 178, -92, 53, -43, -43, 19, 24, 239, 
175, -4, -180, -85, 178, -92, 48, -43, -43, 19, 24, 239, 
175, 4, -170, -90, 173, -82, 48, -43, -53, 19, 24, 239, 
175, 4, -170, -90, 173, -82, 48, -43, -53, 19, 24, 239, 
175, 4, -170, -90, 173, -82, 48, -43, -48, 19, 24, 239, 
175, 4, -170, -90, 173, -82, 53, -43, -48, 19, 24, 239, 
175, -4, -180, -85, 178, -92, 48, -43, -48, 19, 24, 239, 
175, -4, -180, -85, 178, -92, 48, -43, -48, 19, 24, 239, 
175, -4, -180, -85, 178, -92, 48, -43, -48, 19, 24, 239, 
175, -4, -180, -85, 178, -92, 48, -43, -48, 19, 24, 239, 
175, 0, -175, -87, 175, -87, 48, -43, -48, 19, 24, 239, 
175, 0, -175, -87, 175, -87, 48, -43, -48, 19, 24, 239, 
175, 0, -175, -87, 175, -87, 48, -43, -48, 19, 24, 239, 
175, -4, -180, -85, 178, -92, 48, -43, -48, 14, 24, 239, 
175, 4, -170, -90, 173, -82, 58, -43, -48, 14, 24, 239, 
175, 4, -170, -90, 173, -82, 53, -43, -48, 14, 24, 239, 
175, 4, -170, -90, 173, -82, 53, -43, -48, 19, 24, 239, 
175, 0, -175, -87, 175, -87, 53, -43, -48, 19, 24, 239, 
185, 0, -185, -92, 185, -92, 53, -43, -48, 19, 34, 248, 
185, 4, -180, -95, 183, -87, 53, -43, -48, 19, 34, 248, 
185, 4, -180, -95, 183, -87, 53, -43, -53, 19, 34, 248, 
185, 4, -180, -95, 183, -87, 53, -43, -53, 19, 34, 244, 
195, 4, -190, -100, 192, -92, 53, -34, -53, 19, 34, 244, 
195, 4, -190, -100, 192, -92, 53, -34, -53, 19, 34, 248, 
195, 4, -190, -100, 192, -92, 58, -34, -53, 19, 29, 248, 
195, 4, -190, -100, 192, -92, 58, -34, -53, 14, 29, 248, 
190, -4, -195, -92, 192, -100, 58, -43, -53, 14, 19, 239, 
185, -4, -190, -90, 187, -97, 58, -43, -53, 14, 19, 239, 
180, -4, -185, -87, 183, -95, 58, -43, -58, 14, 19, 239, 
175, -9, -185, -82, 180, -97, 58, -43, -58, 14, 19, 239, 
175, -9, -185, -82, 180, -97, 58, -43, -68, 14, 19, 229, 
175, -9, -185, -82, 180, -97, 58, -43, -68, 14, 19, 229, 
175, -9, -185, -82, 180, -97, 58, -48, -68, 14, 19, 229, 
175, -9, -185, -82, 180, -97, 58, -48, -68, 14, 19, 229, 
175, -14, -190, -80, 183, -102, 58, -53, -68, 14, 19, 239, 
175, -14, -190, -80, 183, -102, 58, -53, -68, 14, 19, 239, 
175, -14, -190, -80, 183, -102, 58, -58, -68, 14, 19, 239, 
175, -14, -190, -80, 183, -102, 58, -58, -73, 4, 14, 234, 
165, -19, -185, -73, 175, -102, 58, -58, -73, 4, 14, 234, 
165, -24, -190, -70, 178, -107, 58, -58, -73, 4, 14, 234, 
165, -34, -200, -65, 183, -117, 58, -58, -78, 4, 9, 234, 
165, -39, -204, -63, 185, -122, 58, -58, -78, 4, 9, 234, 
156, -34, -190, -61, 173, -112, 58, -48, -78, 0, 9, 224, 
156, -34, -190, -61, 173, -112, 58, -48, -73, 0, 14, 224, 
156, -34, -190, -61, 173, -112, 58, -43, -73, 0, 14, 224, 
156, -34, -190, -61, 173, -112, 58, -43, -78, -4, 9, 224, 
165, -24, -190, -70, 178, -107, 58, -43, -78, -4, 9, 234, 
165, -24, -190, -70, 178, -107, 58, -43, -78, -9, 9, 234, 
165, -29, -195, -68, 180, -112, 58, -48, -82, -9, 9, 234, 
165, -29, -195, -68, 180, -112, 58, -48, -82, -9, 9, 229, 
175, -29, -204, -73, 190, -117, 68, -58, -73, 0, 9, 219, 
175, -24, -200, -75, 187, -112, 68, -58, -73, 0, 4, 224, 
175, -24, -200, -75, 187, -112, 68, -58, -73, 0, 4, 224, 
175, -29, -204, -73, 190, -117, 68, -58, -73, 0, 4, 224, 
161, -39, -200, -61, 180, -119, 58, -58, -82, 0, 14, 224, 
161, -39, -200, -61, 180, -119, 58, -58, -82, 0, 14, 224, 
161, -39, -200, -61, 180, -119, 58, -58, -82, 0, 14, 224, 
161, -39, -200, -61, 180, -119, 63, -58, -82, 0, 14, 219, 
161, -43, -204, -58, 183, -124, 63, -48, -82, 0, 4, 229, 
161, -43, -204, -58, 183, -124, 63, -48, -82, 0, 9, 229, 
161, -43, -204, -58, 183, -124, 63, -48, -82, 0, 9, 229, 
161, -39, -200, -61, 180, -119, 63, -48, -82, -4, 9, 229, 
170, -39, -209, -65, 190, -124, 63, -58, -82, -4, 9, 229, 
170, -39, -209, -65, 190, -124, 63, -58, -82, 0, 9, 229, 
170, -39, -209, -65, 190, -124, 63, -58, -82, 0, 9, 229, 
170, -39, -209, -65, 190, -124, 63, -58, -82, 0, 4, 229, 
170, -43, -214, -63, 192, -129, 63, -58, -82, 0, 14, 229, 
170, -43, -214, -63, 192, -129, 63, -58, -82, 0, 14, 229, 
170, -43, -214, -63, 192, -129, 63, -58, -82, 0, 14, 229, 
170, -43, -214, -63, 192, -129, 63, -58, -82, 0, 9, 229, 
170, -34, -204, -68, 187, -119, 73, -48, -82, -9, 9, 219, 
170, -34, -204, -68, 187, -119, 73, -48, -87, -9, 9, 214, 
170, -39, -209, -65, 190, -124, 68, -48, -87, -9, 9, 214, 
170, -39, -209, -65, 190, -124, 68, -48, -87, -9, 9, 214, 
161, -48, -209, -56, 185, -129, 58, -48, -87, -9, 9, 224, 
161, -48, -209, -56, 185, -129, 58, -48, -87, -14, 9, 224, 
161, -48, -209, -56, 185, -129, 58, -48, -87, -14, 14, 224, 
161, -48, -209, -56, 185, -129, 58, -48, -82, -14, 14, 224, 
161, -48, -209, -56, 185, -129, 58, -58, -82, -4, 4, 224, 
161, -48, -209, -56, 185, -129, 58, -58, -82, -4, 4, 224, 
161, -48, -209, -56, 185, -129, 58, -58, -87, -9, 4, 224, 
161, -48, -209, -56, 185, -129, 58, -58, -87, -9, 4, 224, 
170, -48, -219, -61, 195, -134, 58, -58, -87, -9, 0, 224, 
170, -48, -219, -61, 195, -134, 58, -58, -87, -4, 0, 229, 
170, -48, -219, -61, 195, -134, 58, -58, -87, -4, 4, 229, 
170, -48, -219, -61, 195, -134, 58, -63, -87, -4, 4, 224, 
170, -39, -209, -65, 190, -124, 58, -63, -87, -4, 4, 224, 
170, -39, -209, -65, 190, -124, 58, -58, -87, -4, 4, 224, 
170, -39, -209, -65, 190, -124, 58, -58, -87, -4, 4, 224, 
170, -39, -209, -65, 190, -124, 58, -58, -87, -4, 4, 224, 
170, -48, -219, -61, 195, -134, 53, -58, -87, -9, 4, 224, 
170, -48, -219, -61, 195, -134, 58, -58, -87, -9, 4, 224, 
170, -48, -219, -61, 195, -134, 58, -58, -87, -9, 4, 224, 
170, -48, -219, -61, 195, -134, 58, -58, -87, -4, 4, 224, 
170, -39, -209, -65, 190, -124, 58, -58, -87, -4, 14, 224, 
170, -43, -214, -63, 192, -129, 58, -58, -87, -4, 14, 224, 
170, -43, -214, -63, 192, -129, 58, -58, -87, -4, 14, 224, 
170, -43, -214, -63, 192, -129, 58, -58, -87, -4, 14, 224, 
180, -43, -224, -68, 202, -134, 68, -48, -87, -4, 14, 234, 
180, -39, -219, -70, 200, -129, 68, -48, -87, -9, 14, 234, 
185, -39, -224, -73, 204, -131, 63, -48, -87, -9, 14, 239, 
185, -39, -224, -73, 204, -131, 63, -48, -87, -4, 14, 239, 
185, -34, -219, -75, 202, -126, 58, -58, -87, -14, 9, 229, 
180, -43, -224, -68, 202, -134, 58, -58, -87, -14, 9, 229, 
185, -39, -224, -73, 204, -131, 68, -48, -87, -9, 9, 234, 
195, -29, -224, -82, 209, -126, 68, -39, -78, 0, 19, 234, 
195, -29, -224, -82, 209, -126, 68, -39, -78, 0, 19, 234, 
195, -29, -224, -82, 209, -126, 68, -39, -78, 0, 19, 234, 
195, -29, -224, -82, 209, -126, 68, -39, -78, 0, 19, 234, 
204, -14, -219, -95, 212, -117, 78, -24, -63, 14, 34, 248, 
204, 0, -204, -102, 204, -102, 78, -19, -53, 19, 43, 248, 
224, 9, -214, -117, 219, -102, 78, -14, -34, 29, 48, 263, 
234, 24, -209, -129, 222, -92, 78, -4, -19, 34, 48, 268, 
224, 24, -200, -124, 212, -87, 78, -4, -19, 29, 48, 263, 
229, 34, -195, -131, 212, -80, 78, -9, -14, 39, 58, 268, 
229, 43, -185, -136, 207, -70, 78, -14, -9, 43, 63, 278, 
229, 48, -180, -139, 204, -65, 78, -19, -4, 48, 63, 278, 
234, 48, -185, -141, 209, -68, 73, -9, -4, 58, 73, 287, 
234, 48, -185, -141, 209, -68, 73, -4, -4, 63, 73, 287, 
239, 48, -190, -143, 214, -70, 73, -4, 0, 63, 73, 292, 
244, 53, -190, -148, 217, -68, 73, -4, 4, 68, 82, 297, 
248, 63, -185, -156, 217, -61, 58, -9, 0, 63, 87, 297, 
253, 68, -185, -161, 219, -58, 48, -9, 4, 63, 92, 302, 
258, 73, -185, -165, 222, -56, 48, -9, 4, 68, 92, 307, 
258, 73, -185, -165, 222, -56, 43, -9, 0, 68, 92, 307, 
253, 68, -185, -161, 219, -58, 43, -24, -14, 53, 78, 292, 
253, 68, -185, -161, 219, -58, 39, -34, -19, 48, 73, 292, 
248, 63, -185, -156, 217, -61, 34, -39, -34, 43, 73, 287, 
244, 58, -185, -151, 214, -63, 29, -53, -48, 39, 68, 287, 
239, 43, -195, -141, 217, -75, 24, -53, -63, 29, 58, 273, 
239, 34, -204, -136, 222, -85, 19, -68, -78, 19, 48, 268, 
234, 24, -209, -129, 222, -92, 14, -68, -87, 14, 48, 263, 
234, 19, -214, -126, 224, -97, 9, -73, -92, 14, 43, 263, 
244, 29, -214, -136, 229, -92, 9, -73, -82, 24, 53, 268, 
244, 29, -214, -136, 229, -92, 9, -73, -82, 19, 53, 268, 
244, 29, -214, -136, 229, -92, 9, -78, -82, 19, 53, 268, 
248, 29, -219, -139, 234, -95, 9, -78, -82, 19, 53, 273, 
239, 24, -214, -131, 226, -95, 19, -78, -82, 19, 43, 263, 
239, 24, -214, -131, 226, -95, 19, -78, -82, 19, 43, 263, 
234, 19, -214, -126, 224, -97, 19, -78, -82, 19, 43, 258, 
229, 4, -224, -117, 226, -109, 24, -78, -87, 14, 39, 258, 
214, 4, -209, -109, 212, -102, 24, -78, -87, 4, 34, 244, 
209, 0, -209, -104, 209, -104, 34, -73, -97, -4, 29, 239, 
200, -14, -214, -92, 207, -114, 39, -73, -97, -4, 24, 234, 
190, -24, -214, -82, 202, -119, 43, -68, -97, -9, 24, 229, 
180, -19, -200, -80, 190, -109, 48, -58, -97, -9, 29, 234, 
175, -24, -200, -75, 187, -112, 53, -58, -92, -4, 29, 234, 
170, -29, -200, -70, 185, -114, 53, -63, -92, 0, 29, 234, 
175, -34, -209, -70, 192, -122, 53, -63, -92, 4, 19, 229, 
170, -39, -209, -65, 190, -124, 63, -73, -102, 0, 9, 229, 
170, -53, -224, -58, 197, -139, 58, -73, -107, -9, 4, 224, 
165, -63, -229, -51, 197, -146, 58, -73, -117, -19, 4, 224, 
165, -78, -244, -43, 204, -161, 63, -73, -122, -29, 0, 219, 
151, -82, -234, -34, 192, -158, 53, -78, -126, -34, -4, 214, 
151, -82, -234, -34, 192, -158, 53, -82, -131, -39, -4, 209, 
151, -87, -239, -31, 195, -163, 53, -82, -131, -43, -4, 209, 
151, -87, -239, -31, 195, -163, 53, -82, -131, -43, -4, 209, 
151, -87, -239, -31, 195, -163, 63, -82, -122, -34, -9, 209, 
151, -87, -239, -31, 195, -163, 63, -78, -122, -34, -9, 209, 
151, -87, -239, -31, 195, -163, 63, -78, -122, -34, -9, 209, 
151, -87, -239, -31, 195, -163, 63, -82, -117, -34, -9, 209, 
146, -78, -224, -34, 185, -151, 58, -73, -126, -34, -9, 209, 
146, -82, -229, -31, 187, -156, 63, -73, -126, -34, -9, 209, 
146, -82, -229, -31, 187, -156, 63, -73, -126, -34, -9, 209, 
141, -82, -224, -29, 183, -153, 63, -73, -126, -34, -9, 209, 
136, -87, -224, -24, 180, -156, 63, -73, -126, -43, -9, 209, 
141, -92, -234, -24, 187, -163, 63, -73, -131, -43, -9, 209, 
146, -92, -239, -26, 192, -165, 63, -78, -131, -43, -14, 204, 
151, -92, -244, -29, 197, -168, 68, -78, -131, -48, -14, 204, 
141, -92, -234, -24, 187, -163, 68, -73, -122, -39, -14, 204, 
141, -97, -239, -21, 190, -168, 68, -73, -122, -39, -14, 204, 
141, -97, -239, -21, 190, -168, 68, -73, -122, -39, -14, 204, 
136, -97, -234, -19, 185, -165, 68, -73, -122, -39, -14, 204, 
136, -97, -234, -19, 185, -165, 68, -73, -122, -48, -9, 204, 
136, -97, -234, -19, 185, -165, 68, -73, -122, -48, -9, 204, 
136, -97, -234, -19, 185, -165, 73, -73, -122, -48, -14, 204, 
136, -97, -234, -19, 185, -165, 73, -68, -122, -43, -14, 204, 
146, -92, -239, -26, 192, -165, 73, -68, -122, -34, -14, 209, 
146, -92, -239, -26, 192, -165, 73, -73, -122, -43, -14, 209, 
146, -92, -239, -26, 192, -165, 73, -73, -122, -43, -19, 204, 
146, -97, -244, -24, 195, -170, 73, -73, -122, -43, -19, 204, 
146, -87, -234, -29, 190, -161, 82, -73, -122, -43, -19, 204, 
141, -92, -234, -24, 187, -163, 82, -73, -122, -39, -19, 204, 
141, -92, -234, -24, 187, -163, 82, -73, -122, -39, -19, 204, 
146, -92, -239, -26, 192, -165, 82, -73, -126, -39, -19, 204, 
136, -92, -229, -21, 183, -161, 73, -73, -136, -39, -14, 204, 
141, -92, -234, -24, 187, -163, 68, -73, -131, -39, -14, 204, 
141, -92, -234, -24, 187, -163, 68, -73, -131, -39, -14, 204, 
141, -92, -234, -24, 187, -163, 68, -73, -131, -39, -14, 204, 
131, -102, -234, -14, 183, -168, 73, -68, -122, -48, -14, 204, 
131, -102, -234, -14, 183, -168, 73, -68, -117, -43, -14, 204, 
131, -97, -229, -17, 180, -163, 73, -68, -117, -43, -9, 209, 
131, -97, -229, -17, 180, -163, 73, -68, -117, -43, -9, 209, 
131, -102, -234, -14, 183, -168, 92, -48, -107, -34, -9, 195, 
141, -97, -239, -21, 190, -168, 107, -19, -78, -34, -19, 195, 
161, -97, -258, -31, 209, -178, 136, 14, -34, -24, -19, 195, 
161, -78, -239, -41, 200, -158, 151, 58, 24, -4, 4, 204, 
180, -48, -229, -65, 204, -139, 146, 97, 73, 34, 34, 224, 
234, 0, -234, -117, 234, -117, 136, 131, 136, 87, 97, 268, 
287, 58, -229, -173, 258, -85, 136, 195, 229, 175, 175, 336, 
351, 146, -204, -248, 278, -29, 131, 244, 346, 297, 283, 429, 
424, 278, -146, -351, 285, 65, 78, 253, 434, 434, 414, 536, 
531, 434, -97, -483, 314, 168, -24, 195, 448, 570, 566, 678, 
658, 639, -19, -649, 339, 309, -195, 43, 380, 707, 736, 844, 
775, 854, 78, -814, 348, 466, -380, -165, 244, 834, 897, 1019, 
858, 1005, 146, -932, 356, 575, -527, -331, 122, 907, 1010, 1146, 
854, 1102, 248, -978, 302, 675, -590, -444, 34, 936, 1058, 1210, 
766, 1146, 380, -956, 192, 763, -629, -561, -39, 917, 1054, 1234, 
600, 1122, 522, -861, 39, 822, -619, -707, -102, 858, 995, 1215, 
453, 1024, 570, -739, -58, 797, -580, -785, -200, 727, 873, 1117, 
370, 868, 497, -619, -63, 683, -527, -775, -297, 551, 692, 966, 
292, 692, 400, -492, -53, 546, -448, -741, -375, 395, 517, 805, 
190, 551, 361, -370, -85, 456, -385, -732, -488, 244, 370, 673, 
82, 444, 361, -263, -139, 402, -341, -775, -668, 63, 204, 536, 
4, 317, 312, -161, -153, 314, -317, -800, -834, -126, 24, 395, 
-14, 204, 219, -95, -117, 212, -278, -761, -854, -209, -68, 302, 
-9, 156, 165, -73, -87, 161, -258, -688, -736, -175, -53, 287, 
9, 141, 131, -75, -61, 136, -239, -600, -600, -122, -14, 297, 
43, 141, 97, -92, -26, 119, -204, -502, -497, -92, 9, 302, 
87, 136, 48, -112, 19, 92, -156, -395, -400, -48, 43, 317, 
102, 131, 29, -117, 36, 80, -117, -322, -331, -14, 53, 317, 
117, 112, -4, -114, 61, 53, -92, -283, -302, -9, 53, 307, 
146, 107, -39, -126, 92, 34, -53, -239, -258, 0, 58, 307, 
156, 102, -53, -129, 104, 24, -19, -190, -209, 9, 73, 317, 
161, 97, -63, -129, 112, 17, 9, -146, -165, 19, 82, 312, 
170, 78, -92, -124, 131, -7, 34, -122, -126, 24, 78, 312, 
170, 53, -117, -112, 143, -31, 39, -92, -97, 24, 78, 302, 
170, 29, -141, -100, 156, -56, 53, -82, -82, 24, 68, 287, 
161, 0, -161, -80, 161, -80, 58, -68, -78, 19, 58, 268, 
165, -9, -175, -78, 170, -92, 68, -63, -73, 14, 53, 258, 
161, -14, -175, -73, 168, -95, 68, -68, -73, 14, 43, 248, 
161, -14, -175, -73, 168, -95, 68, -68, -73, 14, 43, 248, 
161, -9, -170, -75, 165, -90, 73, -63, -73, 14, 43, 248, 
161, -9, -170, -75, 165, -90, 73, -58, -73, 14, 43, 248, 
161, -9, -170, -75, 165, -90, 73, -58, -68, 0, 43, 258, 
161, -9, -170, -75, 165, -90, 82, -53, -63, 0, 43, 258, 
161, -14, -175, -73, 168, -95, 87, -48, -58, 0, 43, 253, 
161, -24, -185, -68, 173, -104, 92, -39, -53, 4, 39, 248, 
161, -19, -180, -70, 170, -100, 82, -39, -48, 14, 39, 244, 
161, -24, -185, -68, 173, -104, 87, -34, -43, 9, 39, 244, 
165, -24, -190, -70, 178, -107, 87, -29, -43, 9, 39, 244, 
165, -24, -190, -70, 178, -107, 87, -29, -39, 9, 34, 244, 
165, -34, -200, -65, 183, -117, 87, -24, -43, 9, 43, 244, 
165, -34, -200, -65, 183, -117, 92, -24, -39, 9, 48, 248, 
165, -34, -200, -65, 183, -117, 92, -24, -34, 9, 48, 248, 
161, -34, -195, -63, 178, -114, 92, -24, -34, 14, 48, 248, 
161, -39, -200, -61, 180, -119, 87, -19, -34, 14, 39, 248, 
165, -39, -204, -63, 185, -122, 87, -19, -34, 14, 43, 248, 
165, -39, -204, -63, 185, -122, 87, -14, -34, 14, 43, 248, 
165, -39, -204, -63, 185, -122, 87, -14, -29, 14, 43, 248, 
165, -39, -204, -63, 185, -122, 97, -24, -29, 19, 53, 248, 
170, -34, -204, -68, 187, -119, 97, -19, -29, 19, 53, 248, 
170, -34, -204, -68, 187, -119, 97, -19, -24, 19, 53, 253, 
170, -34, -204, -68, 187, -119, 97, -19, -24, 19, 53, 253, 
170, -29, -200, -70, 185, -114, 97, -14, -19, 19, 53, 253, 
175, -29, -204, -73, 190, -117, 97, -14, -19, 19, 58, 253, 
175, -29, -204, -73, 190, -117, 97, -14, -9, 19, 58, 253, 
175, -24, -200, -75, 187, -112, 97, -14, -9, 24, 58, 253, 
190, -19, -209, -85, 200, -114, 87, -14, -9, 29, 58, 253, 
190, -19, -209, -85, 200, -114, 87, -14, -4, 29, 63, 258, 
190, -19, -209, -85, 200, -114, 87, -9, -4, 29, 63, 258, 
190, -19, -209, -85, 200, -114, 87, -9, -4, 29, 63, 258, 
180, -14, -195, -82, 187, -104, 87, -9, -4, 34, 63, 258, 
190, -14, -204, -87, 197, -109, 87, -9, -4, 34, 63, 258, 
190, -14, -204, -87, 197, -109, 87, -4, 0, 39, 68, 263, 
190, -14, -204, -87, 197, -109, 87, -4, 9, 39, 73, 263, 
175, -14, -190, -80, 183, -102, 87, -4, 9, 43, 73, 263, 
175, -14, -190, -80, 183, -102, 87, 0, 9, 43, 73, 268, 
180, -14, -195, -82, 187, -104, 87, 0, 14, 43, 73, 268, 
185, -14, -200, -85, 192, -107, 87, 0, 14, 43, 78, 268, 
195, -9, -204, -92, 200, -107, 87, 0, 14, 48, 78, 268, 
195, -4, -200, -95, 197, -102, 87, 4, 19, 48, 78, 268, 
195, -4, -200, -95, 197, -102, 87, 4, 19, 53, 82, 273, 
195, 0, -195, -97, 195, -97, 87, 9, 29, 53, 82, 273, 
200, 9, -190, -104, 195, -90, 87, 9, 34, 63, 87, 278, 
200, 14, -185, -107, 192, -85, 87, 9, 34, 63, 87, 278, 
200, 14, -185, -107, 192, -85, 87, 9, 34, 63, 87, 278, 
204, 14, -190, -109, 197, -87, 87, 14, 43, 63, 92, 283, 
204, 9, -195, -107, 200, -92, 87, 14, 48, 73, 92, 283, 
200, 9, -190, -104, 195, -90, 87, 19, 48, 78, 92, 283, 
200, 14, -185, -107, 192, -85, 87, 19, 48, 78, 97, 283, 
204, 14, -190, -109, 197, -87, 87, 19, 48, 78, 97, 287, 
204, 24, -180, -114, 192, -78, 87, 24, 58, 73, 97, 297, 
209, 24, -185, -117, 197, -80, 87, 24, 68, 73, 102, 297, 
214, 29, -185, -122, 200, -78, 87, 29, 73, 82, 102, 297, 
214, 34, -180, -124, 197, -73, 87, 34, 78, 87, 107, 297, 
224, 43, -180, -134, 202, -68, 87, 34, 73, 97, 117, 302, 
229, 43, -185, -136, 207, -70, 87, 34, 78, 97, 126, 307, 
234, 48, -185, -141, 209, -68, 87, 39, 82, 97, 126, 312, 
234, 48, -185, -141, 209, -68, 87, 39, 82, 102, 126, 312, 
234, 43, -190, -139, 212, -73, 87, 48, 82, 92, 126, 307, 
234, 43, -190, -139, 212, -73, 87, 48, 87, 102, 126, 307, 
234, 48, -185, -141, 209, -68, 87, 48, 92, 107, 126, 312, 
234, 53, -180, -143, 207, -63, 87, 53, 97, 112, 131, 312, 
234, 43, -190, -139, 212, -73, 78, 48, 102, 112, 131, 317, 
234, 53, -180, -143, 207, -63, 78, 48, 107, 117, 131, 317, 
234, 58, -175, -146, 204, -58, 78, 53, 112, 117, 136, 326, 
239, 63, -175, -151, 207, -56, 78, 58, 117, 122, 141, 331, 
234, 68, -165, -151, 200, -48, 82, 68, 122, 126, 146, 331, 
234, 73, -161, -153, 197, -43, 78, 73, 126, 131, 146, 331, 
239, 73, -165, -156, 202, -46, 78, 78, 131, 136, 146, 331, 
239, 73, -165, -156, 202, -46, 78, 82, 136, 136, 156, 331, 
248, 78, -170, -163, 209, -46, 78, 73, 141, 151, 170, 336, 
253, 82, -170, -168, 212, -43, 78, 73, 146, 156, 170, 346, 
258, 87, -170, -173, 214, -41, 78, 82, 151, 161, 180, 351, 
258, 87, -170, -173, 214, -41, 78, 87, 156, 165, 180, 356, 
258, 102, -156, -180, 207, -26, 78, 87, 161, 156, 175, 361, 
263, 107, -156, -185, 209, -24, 78, 92, 165, 161, 180, 361, 
263, 112, -151, -187, 207, -19, 73, 92, 175, 165, 185, 361, 
268, 117, -151, -192, 209, -17, 73, 92, 180, 170, 190, 361, 
278, 122, -156, -200, 217, -17, 73, 107, 190, 175, 195, 370, 
283, 126, -156, -204, 219, -14, 73, 117, 195, 180, 200, 375, 
283, 131, -151, -207, 217, -9, 73, 117, 200, 185, 200, 380, 
287, 141, -146, -214, 217, -2, 73, 122, 204, 190, 204, 385, 
278, 131, -146, -204, 212, -7, 73, 122, 200, 195, 209, 390, 
283, 136, -146, -209, 214, -4, 73, 122, 200, 200, 214, 390, 
287, 141, -146, -214, 217, -2, 68, 126, 204, 204, 219, 390, 
287, 146, -141, -217, 214, 2, 68, 126, 209, 204, 224, 390, 
297, 165, -131, -231, 214, 17, 68, 126, 209, 209, 224, 400, 
302, 170, -131, -236, 217, 19, 58, 126, 214, 214, 224, 405, 
307, 170, -136, -239, 222, 17, 58, 126, 219, 219, 229, 405, 
307, 175, -131, -241, 219, 21, 58, 126, 224, 224, 239, 409, 
317, 180, -136, -248, 226, 21, 58, 126, 224, 224, 239, 409, 
317, 185, -131, -251, 224, 26, 58, 126, 224, 224, 239, 414, 
317, 185, -131, -251, 224, 26, 48, 126, 224, 224, 239, 414, 
322, 190, -131, -256, 226, 29, 48, 126, 219, 229, 244, 414, 
312, 195, -117, -253, 214, 39, 43, 117, 219, 229, 248, 419, 
312, 200, -112, -256, 212, 43, 43, 117, 219, 234, 248, 419, 
312, 204, -107, -258, 209, 48, 43, 112, 219, 234, 248, 424, 
317, 204, -112, -261, 214, 46, 39, 112, 214, 234, 248, 424, 
317, 195, -122, -256, 219, 36, 34, 112, 204, 224, 253, 424, 
317, 195, -122, -256, 219, 36, 34, 107, 204, 224, 253, 424, 
312, 200, -112, -256, 212, 43, 29, 102, 204, 224, 253, 424, 
312, 200, -112, -256, 212, 43, 29, 97, 204, 224, 253, 424, 
302, 204, -97, -253, 200, 53, 14, 92, 200, 234, 253, 424, 
302, 204, -97, -253, 200, 53, 14, 87, 200, 234, 253, 424, 
307, 209, -97, -258, 202, 56, 9, 82, 195, 234, 253, 429, 
307, 209, -97, -258, 202, 56, 9, 78, 190, 234, 253, 429, 
302, 209, -92, -256, 197, 58, 4, 73, 175, 224, 253, 429, 
302, 204, -97, -253, 200, 53, 0, 58, 170, 219, 248, 424, 
302, 204, -97, -253, 200, 53, 0, 48, 165, 219, 248, 424, 
302, 204, -97, -253, 200, 53, 0, 43, 156, 219, 248, 424, 
297, 200, -97, -248, 197, 51, 4, 39, 151, 209, 248, 419, 
297, 200, -97, -248, 197, 51, 4, 24, 146, 204, 244, 419, 
292, 195, -97, -244, 195, 48, 0, 24, 131, 200, 239, 419, 
287, 185, -102, -236, 195, 41, 0, 9, 122, 195, 229, 414, 
287, 185, -102, -236, 195, 41, -9, 4, 112, 190, 214, 409, 
283, 175, -107, -229, 195, 34, -9, -4, 102, 185, 209, 405, 
278, 175, -102, -226, 190, 36, -4, -14, 97, 175, 204, 400, 
278, 170, -107, -224, 192, 31, -4, -14, 87, 165, 200, 395, 
263, 161, -102, -212, 183, 29, -4, -29, 63, 161, 200, 375, 
258, 146, -112, -202, 185, 17, 0, -29, 53, 146, 190, 366, 
253, 136, -117, -195, 185, 9, 0, -34, 43, 141, 185, 361, 
248, 126, -122, -187, 185, 2, 0, -39, 24, 131, 170, 356, 
248, 126, -122, -187, 185, 2, 9, -39, 24, 131, 161, 356, 
244, 117, -126, -180, 185, -4, 4, -43, 14, 122, 156, 351, 
234, 107, -126, -170, 180, -9, 4, -53, 4, 112, 146, 346, 
229, 97, -131, -163, 180, -17, 4, -58, 0, 102, 141, 341, 
229, 97, -131, -163, 180, -17, 4, -58, -9, 97, 131, 341, 
229, 87, -141, -158, 185, -26, 9, -58, -14, 87, 126, 326, 
224, 78, -146, -151, 185, -34, 9, -63, -24, 82, 122, 322, 
224, 73, -151, -148, 187, -39, 19, -63, -34, 73, 117, 317, 
224, 53, -170, -139, 197, -58, 19, -68, -29, 73, 117, 302, 
219, 48, -170, -134, 195, -61, 19, -68, -34, 68, 112, 297, 
214, 39, -175, -126, 195, -68, 24, -68, -39, 58, 107, 292, 
209, 34, -175, -122, 192, -70, 24, -73, -43, 53, 102, 292, 
209, 39, -170, -124, 190, -65, 24, -78, -48, 48, 97, 283, 
209, 34, -175, -122, 192, -70, 29, -78, -58, 43, 92, 283, 
204, 29, -175, -117, 190, -73, 29, -78, -58, 43, 92, 283, 
200, 24, -175, -112, 187, -75, 29, -78, -63, 39, 87, 283, 
195, 14, -180, -104, 187, -82, 43, -78, -68, 34, 87, 278, 
190, 9, -180, -100, 185, -85, 43, -78, -68, 34, 82, 273, 
190, 4, -185, -97, 187, -90, 43, -78, -73, 29, 78, 268, 
190, 4, -185, -97, 187, -90, 43, -78, -73, 24, 73, 263, 
180, 9, -170, -95, 175, -80, 34, -82, -68, 19, 73, 263, 
180, 4, -175, -92, 178, -85, 39, -82, -73, 19, 73, 263, 
180, 4, -175, -92, 178, -85, 39, -82, -73, 19, 63, 263, 
180, 4, -175, -92, 178, -85, 39, -82, -73, 19, 63, 263, 
190, 4, -185, -97, 187, -90, 39, -82, -82, 29, 73, 263, 
190, 0, -190, -95, 190, -95, 39, -82, -82, 24, 73, 263, 
190, 0, -190, -95, 190, -95, 43, -82, -82, 24, 73, 263, 
190, 0, -190, -95, 190, -95, 43, -82, -82, 24, 73, 258, 
180, -4, -185, -87, 183, -95, 43, -82, -82, 14, 73, 258, 
180, -4, -185, -87, 183, -95, 39, -82, -82, 14, 73, 258, 
175, -4, -180, -85, 178, -92, 39, -82, -87, 9, 73, 258, 
175, -4, -180, -85, 178, -92, 39, -82, -87, 9, 68, 258, 
165, -19, -185, -73, 175, -102, 39, -97, -97, 9, 58, 253, 
161, -19, -180, -70, 170, -100, 39, -97, -97, 4, 58, 253, 
156, -19, -175, -68, 165, -97, 39, -97, -97, 4, 58, 253, 
151, -19, -170, -65, 161, -95, 39, -97, -97, 4, 58, 253, 
156, -14, -170, -70, 163, -92, 34, -92, -92, 4, 58, 248, 
165, -14, -180, -75, 173, -97, 34, -92, -92, 4, 58, 248, 
170, -9, -180, -80, 175, -95, 34, -92, -92, 4, 58, 248, 
175, -4, -180, -85, 178, -92, 34, -92, -92, 4, 58, 248, 
175, 0, -175, -87, 175, -87, 43, -97, -87, 14, 68, 258, 
175, 0, -175, -87, 175, -87, 43, -97, -87, 14, 63, 258, 
175, 0, -175, -87, 175, -87, 43, -97, -87, 14, 63, 263, 
170, 0, -170, -85, 170, -85, 43, -92, -87, 14, 68, 263, 
170, -9, -180, -80, 175, -95, 43, -92, -87, 14, 68, 253, 
170, -9, -180, -80, 175, -95, 43, -92, -87, 14, 68, 253, 
170, -9, -180, -80, 175, -95, 43, -92, -87, 14, 68, 253, 
170, -9, -180, -80, 175, -95, 43, -92, -87, 14, 68, 253, 
170, 4, -165, -87, 168, -80, 43, -92, -87, 19, 68, 263, 
175, 4, -170, -90, 173, -82, 43, -97, -87, 19, 68, 263, 
175, 0, -175, -87, 175, -87, 43, -97, -87, 19, 68, 263, 
175, 0, -175, -87, 175, -87, 43, -97, -87, 19, 68, 263, 
185, 9, -175, -97, 180, -82, 43, -97, -87, 24, 78, 263, 
180, 9, -170, -95, 175, -80, 43, -97, -87, 24, 78, 263, 
180, 9, -170, -95, 175, -80, 39, -97, -87, 24, 78, 263, 
185, 9, -175, -97, 180, -82, 39, -97, -87, 24, 78, 263, 
175, 4, -170, -90, 173, -82, 43, -97, -87, 24, 68, 263, 
175, 4, -170, -90, 173, -82, 43, -97, -87, 24, 68, 263, 
175, 4, -170, -90, 173, -82, 43, -92, -82, 24, 68, 263, 
175, 4, -170, -90, 173, -82, 43, -92, -82, 24, 73, 268, 
170, 4, -165, -87, 168, -80, 43, -102, -82, 14, 73, 258, 
165, 4, -161, -85, 163, -78, 43, -102, -82, 14, 68, 258, 
161, 4, -156, -82, 158, -75, 43, -102, -82, 14, 68, 258, 
156, 4, -151, -80, 153, -73, 43, -102, -82, 14, 68, 258, 
165, 4, -161, -85, 163, -78, 43, -102, -82, 19, 78, 268, 
165, 4, -161, -85, 163, -78, 43, -102, -82, 19, 78, 268, 
165, 4, -161, -85, 163, -78, 43, -102, -82, 14, 78, 268, 
165, 4, -161, -85, 163, -78, 43, -102, -82, 14, 78, 263, 
175, 4, -170, -90, 173, -82, 43, -102, -82, 29, 82, 263, 
175, 4, -170, -90, 173, -82, 43, -102, -82, 29, 82, 268, 
175, 4, -170, -90, 173, -82, 43, -102, -82, 29, 82, 268, 
175, 4, -170, -90, 173, -82, 43, -102, -82, 29, 82, 268, 
175, 14, -161, -95, 168, -73, 43, -92, -73, 24, 82, 268, 
175, 14, -161, -95, 168, -73, 43, -92, -73, 24, 82, 268, 
175, 14, -161, -95, 168, -73, 43, -92, -73, 29, 82, 268, 
175, 14, -161, -95, 168, -73, 43, -92, -73, 29, 82, 268, 
175, 14, -161, -95, 168, -73, 43, -92, -73, 29, 82, 278, 
175, 14, -161, -95, 168, -73, 43, -92, -73, 29, 82, 278, 
175, 14, -161, -95, 168, -73, 43, -92, -73, 29, 82, 278, 
175, 14, -161, -95, 168, -73, 43, -92, -73, 29, 82, 278, 
175, 4, -170, -90, 173, -82, 43, -92, -73, 29, 82, 268, 
175, 4, -170, -90, 173, -82, 43, -92, -73, 29, 82, 268, 
175, 4, -170, -90, 173, -82, 43, -92, -73, 29, 82, 268, 
175, 4, -170, -90, 173, -82, 39, -92, -73, 29, 82, 268, 
175, 14, -161, -95, 168, -73, 39, -92, -63, 29, 82, 268, 
175, 14, -161, -95, 168, -73, 39, -92, -63, 29, 82, 268, 
175, 14, -161, -95, 168, -73, 39, -92, -58, 29, 82, 268, 
175, 14, -161, -95, 168, -73, 43, -92, -58, 29, 82, 268, 
185, 14, -170, -100, 178, -78, 48, -82, -68, 29, 82, 278, 
185, 14, -170, -100, 178, -78, 48, -82, -68, 29, 82, 278, 
185, 14, -170, -100, 178, -78, 48, -82, -68, 29, 82, 278, 
185, 14, -170, -100, 178, -78, 48, -82, -68, 29, 82, 278, 
185, 19, -165, -102, 175, -73, 48, -92, -68, 29, 82, 278, 
185, 19, -165, -102, 175, -73, 48, -92, -68, 29, 82, 278, 
185, 19, -165, -102, 175, -73, 48, -92, -68, 29, 82, 278, 
185, 14, -170, -100, 178, -78, 48, -92, -68, 24, 82, 278, 
185, 14, -170, -100, 178, -78, 48, -82, -68, 24, 92, 278, 
185, 14, -170, -100, 178, -78, 43, -82, -68, 24, 92, 278, 
185, 14, -170, -100, 178, -78, 43, -82, -68, 29, 92, 278, 
185, 9, -175, -97, 180, -82, 43, -82, -68, 29, 92, 278, 
195, 19, -175, -107, 185, -78, 53, -82, -68, 29, 82, 278, 
195, 24, -170, -109, 183, -73, 53, -82, -68, 29, 82, 278, 
195, 24, -170, -109, 183, -73, 53, -82, -73, 29, 82, 278, 
195, 24, -170, -109, 183, -73, 53, -82, -73, 29, 82, 273, 
190, 14, -175, -102, 183, -80, 43, -92, -73, 29, 82, 273, 
185, 14, -170, -100, 178, -78, 43, -92, -73, 29, 82, 278, 
180, 14, -165, -97, 173, -75, 48, -92, -73, 29, 78, 278, 
175, 14, -161, -95, 168, -73, 48, -92, -73, 24, 78, 278, 
165, 9, -156, -87, 161, -73, 48, -92, -73, 24, 78, 268, 
165, 4, -161, -85, 163, -78, 48, -92, -73, 24, 78, 268, 
165, 0, -165, -82, 165, -82, 48, -92, -78, 24, 78, 268, 
165, -9, -175, -78, 170, -92, 48, -92, -78, 24, 78, 268, 
165, 0, -165, -82, 165, -82, 48, -92, -78, 24, 78, 258, 
165, 0, -165, -82, 165, -82, 48, -92, -78, 24, 78, 258, 
165, 0, -165, -82, 165, -82, 48, -97, -78, 24, 78, 258, 
165, 0, -165, -82, 165, -82, 48, -97, -78, 24, 78, 258, 
175, -4, -180, -85, 178, -92, 48, -92, -78, 24, 78, 268, 
175, -4, -180, -85, 178, -92, 48, -92, -78, 24, 78, 268, 
175, -4, -180, -85, 178, -92, 48, -97, -78, 24, 78, 268, 
175, -4, -180, -85, 178, -92, 48, -97, -82, 14, 73, 263, 
175, -4, -180, -85, 178, -92, 48, -87, -73, 24, 82, 263, 
175, -4, -180, -85, 178, -92, 48, -87, -73, 24, 82, 263, 
175, -9, -185, -82, 180, -97, 48, -87, -78, 24, 78, 263, 
175, -9, -185, -82, 180, -97, 48, -87, -78, 24, 78, 263, 
185, -9, -195, -87, 190, -102, 58, -97, -78, 19, 68, 263, 
185, -4, -190, -90, 187, -97, 58, -97, -73, 19, 73, 263, 
185, 0, -185, -92, 185, -92, 58, -92, -73, 19, 73, 263, 
185, 4, -180, -95, 183, -87, 58, -92, -78, 14, 68, 263, 
175, -4, -180, -85, 178, -92, 58, -92, -78, 14, 68, 263, 
175, -4, -180, -85, 178, -92, 58, -92, -78, 9, 68, 263, 
175, -9, -185, -82, 180, -97, 58, -97, -82, 9, 68, 263, 
175, -9, -185, -82, 180, -97, 58, -97, -82, 9, 68, 258, 
165, -9, -175, -78, 170, -92, 58, -97, -82, 9, 78, 258, 
165, -4, -170, -80, 168, -87, 58, -97, -82, 9, 73, 263, 
165, -4, -170, -80, 168, -87, 58, -97, -82, 9, 73, 263, 
165, -9, -175, -78, 170, -92, 58, -97, -82, 9, 73, 263, 
170, -9, -180, -80, 175, -95, 48, -97, -82, 9, 73, 263, 
170, -9, -180, -80, 175, -95, 48, -97, -82, 9, 73, 263, 
170, -9, -180, -80, 175, -95, 48, -97, -82, 9, 73, 263, 
170, -9, -180, -80, 175, -95, 53, -97, -82, 9, 73, 258, 
170, -4, -175, -82, 173, -90, 63, -97, -82, 9, 63, 258, 
170, -4, -175, -82, 173, -90, 63, -97, -82, 9, 68, 258, 
170, -4, -175, -82, 173, -90, 63, -97, -82, 9, 68, 258, 
170, 0, -170, -85, 170, -85, 63, -97, -82, 4, 68, 258, 
161, -9, -170, -75, 165, -90, 63, -87, -82, 4, 68, 258, 
161, -9, -170, -75, 165, -90, 63, -87, -82, 9, 68, 258, 
161, -9, -170, -75, 165, -90, 63, -87, -82, 9, 68, 258, 
161, -9, -170, -75, 165, -90, 63, -87, -82, 9, 63, 258, 
161, -14, -175, -73, 168, -95, 63, -97, -82, 9, 73, 258, 
161, -14, -175, -73, 168, -95, 63, -97, -82, 9, 73, 258, 
161, -14, -175, -73, 168, -95, 63, -97, -82, 9, 73, 258, 
161, -14, -175, -73, 168, -95, 63, -97, -82, 9, 68, 258, 
161, -14, -175, -73, 168, -95, 73, -97, -82, 9, 68, 258, 
161, -14, -175, -73, 168, -95, 73, -97, -87, 9, 68, 253, 
161, -19, -180, -70, 170, -100, 68, -97, -87, 9, 68, 253, 
161, -19, -180, -70, 170, -100, 68, -97, -87, 9, 68, 253, 
161, -19, -180, -70, 170, -100, 68, -97, -87, 19, 68, 253, 
161, -19, -180, -70, 170, -100, 68, -97, -87, 14, 68, 253, 
161, -19, -180, -70, 170, -100, 68, -97, -87, 14, 73, 253, 
161, -19, -180, -70, 170, -100, 68, -97, -82, 14, 73, 253, 
170, -9, -180, -80, 175, -95, 68, -97, -82, 14, 73, 263, 
170, -9, -180, -80, 175, -95, 68, -97, -82, 14, 73, 263, 
170, -9, -180, -80, 175, -95, 68, -97, -87, 9, 73, 263, 
170, -9, -180, -80, 175, -95, 68, -97, -87, 9, 73, 263, 
170, -9, -180, -80, 175, -95, 68, -97, -78, 9, 68, 253, 
170, -9, -180, -80, 175, -95, 68, -97, -78, 14, 68, 258, 
170, -9, -180, -80, 175, -95, 68, -97, -78, 14, 73, 258, 
170, -9, -180, -80, 175, -95, 68, -102, -78, 14, 73, 253, 
180, 0, -180, -90, 180, -90, 68, -102, -78, 14, 73, 263, 
180, 0, -180, -90, 180, -90, 68, -97, -78, 14, 73, 263, 
180, 0, -180, -90, 180, -90, 68, -97, -78, 14, 73, 263, 
180, 0, -180, -90, 180, -90, 68, -97, -78, 14, 73, 263, 
180, 0, -180, -90, 180, -90, 63, -97, -78, 9, 73, 263, 
180, 0, -180, -90, 180, -90, 68, -97, -78, 9, 73, 263, 
180, 0, -180, -90, 180, -90, 68, -97, -78, 9, 73, 263, 
180, 0, -180, -90, 180, -90, 68, -97, -78, 14, 73, 263, 
175, -9, -185, -82, 180, -97, 78, -87, -87, 14, 73, 263, 
170, -14, -185, -78, 178, -100, 78, -87, -87, 14, 73, 263, 
165, -14, -180, -75, 173, -97, 78, -87, -87, 14, 73, 263, 
161, -14, -175, -73, 168, -95, 78, -87, -87, 14, 73, 263, 
161, -14, -175, -73, 168, -95, 68, -97, -87, 14, 63, 253, 
161, -9, -170, -75, 165, -90, 68, -97, -87, 9, 63, 253, 
165, -9, -175, -78, 170, -92, 63, -97, -87, 9, 63, 258, 
165, -9, -175, -78, 170, -92, 63, -97, -87, 14, 63, 258, 
175, -4, -180, -85, 178, -92, 68, -107, -87, 14, 78, 258, 
180, -4, -185, -87, 183, -95, 68, -107, -87, 14, 78, 258, 
180, -4, -185, -87, 183, -95, 68, -102, -87, 14, 78, 258, 
180, -4, -185, -87, 183, -95, 68, -97, -82, 14, 78, 258, 
170, -4, -175, -82, 173, -90, 68, -102, -82, 19, 78, 268, 
175, 0, -175, -87, 175, -87, 68, -92, -82, 24, 78, 268, 
180, 0, -180, -90, 180, -90, 68, -92, -82, 24, 73, 258, 
175, -9, -185, -82, 180, -97, 68, -97, -87, 19, 78, 253, 
175, -19, -195, -78, 185, -107, 68, -87, -87, 9, 78, 253, 
175, -19, -195, -78, 185, -107, 68, -87, -87, 9, 78, 253, 
175, -19, -195, -78, 185, -107, 68, -87, -87, 9, 78, 253, 
175, -19, -195, -78, 185, -107, 68, -87, -87, 9, 78, 253, 
185, -4, -190, -90, 187, -97, 78, -73, -73, 24, 82, 268, 
185, 9, -175, -97, 180, -82, 78, -68, -63, 29, 92, 268, 
204, 19, -185, -112, 195, -82, 78, -63, -43, 39, 97, 283, 
214, 34, -180, -124, 197, -73, 78, -53, -29, 43, 97, 287, 
214, 53, -161, -134, 187, -53, 87, -48, -29, 58, 107, 302, 
219, 63, -156, -141, 187, -46, 87, -48, -24, 68, 117, 307, 
219, 73, -146, -146, 183, -36, 87, -48, -19, 73, 122, 317, 
219, 78, -141, -148, 180, -31, 87, -48, -14, 78, 122, 317, 
234, 78, -156, -156, 195, -39, 82, -48, -4, 68, 131, 317, 
234, 78, -156, -156, 195, -39, 82, -43, -4, 73, 131, 317, 
239, 78, -161, -158, 200, -41, 82, -43, 0, 73, 131, 322, 
244, 82, -161, -163, 202, -39, 82, -43, 4, 78, 141, 326, 
248, 102, -146, -175, 197, -21, 78, -39, 19, 92, 146, 336, 
253, 107, -146, -180, 200, -19, 68, -39, 24, 92, 151, 341, 
258, 112, -146, -185, 202, -17, 68, -39, 24, 97, 151, 346, 
258, 112, -146, -185, 202, -17, 63, -39, 19, 97, 151, 346, 
263, 117, -146, -190, 204, -14, 53, -43, 4, 92, 146, 341, 
263, 117, -146, -190, 204, -14, 48, -53, 0, 87, 141, 341, 
258, 112, -146, -185, 202, -17, 43, -58, -14, 82, 141, 336, 
253, 107, -146, -180, 200, -19, 39, -73, -29, 78, 136, 336, 
239, 92, -146, -165, 192, -26, 34, -82, -43, 58, 126, 322, 
239, 82, -156, -161, 197, -36, 29, -97, -58, 48, 117, 317, 
234, 73, -161, -153, 197, -43, 24, -97, -68, 43, 117, 312, 
234, 68, -165, -151, 200, -48, 19, -102, -73, 43, 112, 312, 
234, 58, -175, -146, 204, -58, 29, -102, -73, 53, 102, 297, 
234, 58, -175, -146, 204, -58, 29, -102, -73, 48, 102, 297, 
234, 58, -175, -146, 204, -58, 29, -107, -73, 48, 102, 297, 
239, 58, -180, -148, 209, -61, 29, -107, -73, 48, 102, 302, 
248, 58, -190, -153, 219, -65, 29, -107, -73, 48, 112, 302, 
248, 63, -185, -156, 217, -61, 29, -107, -73, 48, 112, 302, 
244, 63, -180, -153, 212, -58, 29, -107, -73, 48, 112, 297, 
239, 53, -185, -146, 212, -65, 34, -107, -78, 43, 107, 297, 
244, 53, -190, -148, 217, -68, 24, -107, -78, 43, 112, 302, 
239, 48, -190, -143, 214, -70, 34, -102, -87, 34, 107, 297, 
229, 34, -195, -131, 212, -80, 39, -102, -87, 34, 102, 292, 
219, 24, -195, -122, 207, -85, 43, -97, -87, 29, 102, 287, 
195, 9, -185, -102, 190, -87, 58, -107, -87, 24, 87, 283, 
185, 4, -180, -95, 183, -87, 63, -107, -82, 24, 87, 283, 
175, 0, -175, -87, 175, -87, 63, -112, -82, 24, 87, 283, 
175, -4, -180, -85, 178, -92, 63, -112, -82, 24, 78, 278, 
170, 4, -165, -87, 168, -80, 63, -112, -82, 24, 87, 278, 
170, -4, -175, -82, 173, -90, 58, -112, -87, 19, 82, 273, 
165, -9, -175, -78, 170, -92, 58, -112, -97, 14, 82, 273, 
165, -19, -185, -73, 175, -102, 63, -112, -102, 9, 78, 268, 
170, -24, -195, -73, 183, -109, 63, -107, -97, 14, 73, 273, 
170, -24, -195, -73, 183, -109, 63, -112, -102, 9, 73, 268, 
170, -29, -200, -70, 185, -114, 63, -112, -102, 4, 73, 268, 
170, -29, -200, -70, 185, -114, 63, -112, -102, 4, 73, 268, 
170, -29, -200, -70, 185, -114, 73, -112, -112, 4, 68, 258, 
170, -29, -200, -70, 185, -114, 73, -107, -112, 4, 68, 258, 
170, -29, -200, -70, 185, -114, 73, -107, -112, 4, 68, 258, 
170, -29, -200, -70, 185, -114, 73, -112, -107, 4, 68, 258, 
156, -39, -195, -58, 175, -117, 68, -112, -107, -4, 68, 258, 
156, -43, -200, -56, 178, -122, 73, -112, -107, -4, 68, 258, 
156, -43, -200, -56, 178, -122, 73, -112, -107, -4, 68, 258, 
151, -43, -195, -53, 173, -119, 73, -112, -107, -4, 68, 258, 
141, -39, -180, -51, 161, -109, 73, -112, -107, 4, 68, 258, 
141, -43, -185, -48, 163, -114, 73, -112, -112, 4, 68, 258, 
141, -43, -185, -48, 163, -114, 73, -117, -112, 4, 63, 253, 
141, -43, -185, -48, 163, -114, 78, -117, -112, 0, 63, 253, 
141, -43, -185, -48, 163, -114, 78, -112, -112, 0, 63, 253, 
141, -48, -190, -46, 165, -119, 78, -112, -112, 0, 63, 253, 
141, -48, -190, -46, 165, -119, 78, -112, -112, 0, 63, 253, 
136, -48, -185, -43, 161, -117, 78, -112, -112, 0, 63, 253, 
136, -48, -185, -43, 161, -117, 78, -112, -112, 0, 68, 253, 
136, -48, -185, -43, 161, -117, 78, -112, -112, 0, 68, 253, 
136, -48, -185, -43, 161, -117, 82, -112, -112, 0, 63, 253, 
136, -48, -185, -43, 161, -117, 82, -107, -112, 4, 63, 253, 
146, -43, -190, -51, 168, -117, 82, -117, -112, 4, 73, 258, 
146, -43, -190, -51, 168, -117, 82, -122, -112, -4, 73, 258, 
146, -43, -190, -51, 168, -117, 82, -122, -112, -4, 68, 253, 
146, -48, -195, -48, 170, -122, 82, -122, -112, -4, 68, 253, 
146, -39, -185, -53, 165, -112, 82, -122, -112, -4, 68, 258, 
141, -43, -185, -48, 163, -114, 82, -122, -112, 0, 68, 263, 
141, -43, -185, -48, 163, -114, 82, -122, -112, 0, 68, 268, 
146, -43, -190, -51, 168, -117, 82, -122, -117, 0, 68, 273, 
141, -53, -195, -43, 168, -124, 82, -122, -117, 9, 73, 263, 
141, -53, -195, -43, 168, -124, 78, -122, -112, 9, 73, 263, 
136, -53, -190, -41, 163, -122, 78, -122, -112, 9, 73, 263, 
131, -53, -185, -39, 158, -119, 78, -122, -112, 9, 73, 263, 
141, -43, -185, -48, 163, -114, 73, -126, -112, 0, 63, 273, 
141, -43, -185, -48, 163, -114, 73, -126, -107, 4, 63, 273, 
141, -39, -180, -51, 161, -109, 73, -126, -107, 4, 68, 278, 
141, -39, -180, -51, 161, -109, 73, -126, -107, 4, 68, 278, 
141, -34, -175, -53, 158, -104, 82, -117, -97, 14, 78, 273, 
141, -39, -180, -51, 161, -109, 97, -87, -78, 14, 78, 273, 
131, -48, -180, -41, 156, -114, 126, -53, -43, 24, 78, 263, 
131, -39, -170, -46, 151, -104, 151, -9, 4, 43, 92, 273, 
151, -9, -161, -70, 156, -85, 165, 39, 63, 63, 112, 283, 
175, 29, -146, -102, 161, -58, 156, 63, 107, 107, 146, 317, 
209, 78, -131, -143, 170, -26, 146, 97, 161, 165, 195, 366, 
253, 126, -126, -190, 190, 0, 141, 146, 248, 239, 273, 429, 
317, 219, -97, -268, 207, 61, 107, 175, 356, 356, 375, 517, 
405, 346, -58, -375, 231, 143, 53, 165, 429, 483, 507, 619, 
531, 512, -19, -522, 275, 246, -68, 92, 409, 600, 639, 756, 
688, 707, 19, -697, 334, 363, -253, -78, 302, 717, 790, 902, 
819, 888, 68, -854, 375, 478, -429, -263, 170, 819, 932, 1049, 
902, 1005, 102, -954, 400, 553, -551, -395, 53, 888, 1029, 1151, 
912, 1098, 185, -1005, 363, 641, -629, -502, -19, 897, 1063, 1215, 
834, 1141, 307, -988, 263, 724, -658, -629, -73, 878, 1063, 1234, 
678, 1112, 434, -895, 122, 773, -649, -785, -141, 805, 990, 1205, 
536, 1005, 468, -771, 34, 736, -614, -893, -239, 678, 858, 1102, 
448, 849, 400, -649, 24, 624, -556, -888, -336, 502, 673, 951, 
366, 678, 312, -522, 26, 495, -483, -858, -439, 351, 517, 800, 
258, 561, 302, -409, -21, 431, -429, -873, -570, 219, 380, 692, 
161, 463, 302, -312, -70, 383, -414, -927, -746, 58, 239, 570, 
82, 322, 239, -202, -78, 280, -385, -927, -854, -102, 87, 439, 
48, 224, 175, -136, -63, 200, -346, -863, -814, -146, 34, 375, 
58, 209, 151, -134, -46, 180, -317, -766, -668, -92, 73, 385, 
73, 209, 136, -141, -31, 173, -263, -649, -536, -53, 97, 390, 
97, 204, 107, -151, -4, 156, -204, -541, -439, -9, 122, 405, 
112, 200, 87, -156, 12, 143, -156, -439, -351, 24, 141, 405, 
126, 190, 63, -158, 31, 126, -122, -370, -283, 48, 151, 405, 
136, 175, 39, -156, 48, 107, -82, -317, -239, 58, 146, 405, 
165, 170, 4, -168, 80, 87, -58, -258, -200, 68, 151, 405, 
180, 165, -14, -173, 97, 75, -29, -214, -156, 87, 170, 409, 
190, 146, -43, -168, 117, 51, 4, -180, -107, 92, 175, 400, 
190, 131, -58, -161, 124, 36, 39, -141, -87, 92, 175, 390, 
180, 97, -82, -139, 131, 7, 63, -122, -63, 92, 165, 375, 
170, 78, -92, -124, 131, -7, 68, -117, -48, 87, 156, 366, 
175, 58, -117, -117, 146, -29, 78, -102, -43, 73, 141, 346, 
161, 43, -117, -102, 139, -36, 68, -107, -53, 73, 131, 336, 
161, 43, -117, -102, 139, -36, 68, -107, -53, 73, 131, 336, 
161, 48, -112, -104, 136, -31, 73, -102, -53, 73, 131, 336, 
161, 48, -112, -104, 136, -31, 73, -97, -53, 73, 131, 336, 
161, 58, -102, -109, 131, -21, 82, -87, -48, 68, 131, 346, 
161, 58, -102, -109, 131, -21, 92, -82, -43, 68, 131, 346, 
161, 53, -107, -107, 134, -26, 97, -78, -39, 68, 131, 341, 
161, 43, -117, -102, 139, -36, 102, -68, -34, 73, 126, 336, 
170, 39, -131, -104, 151, -46, 102, -68, -19, 73, 136, 341, 
170, 34, -136, -102, 153, -51, 107, -63, -14, 68, 136, 341, 
175, 34, -141, -104, 158, -53, 107, -58, -14, 68, 136, 341, 
175, 34, -141, -104, 158, -53, 107, -58, -9, 68, 131, 341, 
175, 34, -141, -104, 158, -53, 107, -53, -14, 78, 131, 331, 
175, 34, -141, -104, 158, -53, 112, -53, -9, 78, 136, 336, 
175, 34, -141, -104, 158, -53, 112, -53, -4, 78, 136, 336, 
170, 34, -136, -102, 153, -51, 112, -53, -4, 82, 136, 336, 
170, 39, -131, -104, 151, -46, 107, -48, 4, 82, 136, 336, 
175, 39, -136, -107, 156, -48, 107, -48, 4, 82, 141, 336, 
175, 39, -136, -107, 156, -48, 107, -43, 4, 82, 141, 336, 
175, 39, -136, -107, 156, -48, 107, -43, 9, 82, 141, 336, 
175, 39, -136, -107, 156, -48, 107, -43, 9, 87, 141, 346, 
180, 43, -136, -112, 158, -46, 107, -39, 9, 87, 141, 346, 
180, 43, -136, -112, 158, -46, 107, -39, 14, 87, 141, 351, 
180, 43, -136, -112, 158, -46, 107, -39, 14, 87, 141, 351, 
180, 39, -141, -109, 161, -51, 107, -34, 19, 87, 151, 351, 
185, 39, -146, -112, 165, -53, 107, -34, 19, 87, 156, 351, 
185, 39, -146, -112, 165, -53, 107, -34, 29, 87, 156, 351, 
185, 43, -141, -114, 163, -48, 107, -34, 29, 92, 156, 351, 
180, 48, -131, -114, 156, -41, 107, -34, 19, 97, 156, 351, 
180, 48, -131, -114, 156, -41, 107, -34, 24, 97, 161, 356, 
180, 48, -131, -114, 156, -41, 107, -29, 24, 97, 161, 356, 
180, 48, -131, -114, 156, -41, 107, -29, 24, 97, 161, 356, 
190, 53, -136, -122, 163, -41, 107, -29, 34, 102, 161, 366, 
200, 53, -146, -126, 173, -46, 107, -29, 34, 102, 161, 366, 
200, 53, -146, -126, 173, -46, 107, -24, 39, 107, 165, 370, 
200, 53, -146, -126, 173, -46, 107, -24, 48, 107, 170, 370, 
195, 58, -136, -126, 165, -39, 107, -24, 48, 112, 170, 370, 
195, 63, -131, -129, 163, -34, 107, -19, 48, 112, 170, 375, 
200, 68, -131, -134, 165, -31, 107, -19, 53, 112, 170, 375, 
204, 73, -131, -139, 168, -29, 107, -19, 53, 112, 175, 375, 
195, 68, -126, -131, 161, -29, 97, -19, 53, 117, 175, 375, 
195, 73, -122, -134, 158, -24, 97, -14, 58, 117, 175, 375, 
195, 73, -122, -134, 158, -24, 97, -14, 58, 122, 180, 380, 
195, 78, -117, -136, 156, -19, 97, -9, 68, 122, 180, 380, 
190, 78, -112, -134, 151, -17, 97, -19, 63, 131, 185, 385, 
190, 82, -107, -136, 148, -12, 97, -19, 63, 131, 185, 385, 
190, 82, -107, -136, 148, -12, 97, -19, 63, 131, 185, 385, 
195, 82, -112, -139, 153, -14, 97, -14, 73, 131, 190, 390, 
204, 78, -126, -141, 165, -24, 97, -4, 87, 141, 200, 400, 
200, 78, -122, -139, 161, -21, 97, 0, 87, 146, 200, 400, 
200, 82, -117, -141, 158, -17, 97, 0, 87, 146, 204, 400, 
204, 82, -122, -143, 163, -19, 97, 0, 87, 146, 204, 405, 
214, 87, -126, -151, 170, -19, 97, 4, 97, 151, 204, 414, 
219, 92, -126, -156, 173, -17, 97, 4, 107, 151, 209, 414, 
224, 102, -122, -163, 173, -9, 97, 9, 112, 161, 209, 414, 
224, 112, -112, -168, 168, 0, 97, 14, 117, 165, 214, 414, 
224, 112, -112, -168, 168, 0, 97, 14, 112, 165, 214, 419, 
229, 112, -117, -170, 173, -2, 97, 14, 117, 165, 224, 424, 
234, 117, -117, -175, 175, 0, 97, 19, 122, 165, 224, 429, 
234, 117, -117, -175, 175, 0, 97, 19, 122, 170, 224, 429, 
234, 112, -122, -173, 178, -4, 97, 29, 122, 170, 224, 424, 
234, 112, -122, -173, 178, -4, 97, 29, 126, 180, 224, 424, 
234, 117, -117, -175, 175, 0, 97, 29, 131, 185, 224, 429, 
234, 122, -112, -178, 173, 4, 97, 34, 136, 190, 229, 429, 
234, 122, -112, -178, 173, 4, 97, 39, 131, 190, 239, 424, 
234, 131, -102, -183, 168, 14, 97, 39, 136, 195, 239, 424, 
234, 136, -97, -185, 165, 19, 97, 43, 141, 195, 244, 434, 
239, 141, -97, -190, 168, 21, 97, 48, 146, 200, 248, 439, 
244, 156, -87, -200, 165, 34, 92, 48, 161, 204, 263, 444, 
244, 161, -82, -202, 163, 39, 87, 53, 165, 209, 263, 448, 
248, 161, -87, -204, 168, 36, 87, 58, 170, 214, 263, 453, 
248, 161, -87, -204, 168, 36, 87, 63, 175, 214, 273, 458, 
258, 165, -92, -212, 175, 36, 87, 63, 180, 219, 268, 453, 
263, 170, -92, -217, 178, 39, 87, 63, 185, 224, 268, 463, 
268, 175, -92, -222, 180, 41, 87, 73, 190, 229, 278, 468, 
268, 175, -92, -222, 180, 41, 87, 78, 195, 234, 278, 473, 
258, 180, -78, -219, 168, 51, 87, 78, 200, 234, 283, 488, 
263, 185, -78, -224, 170, 53, 87, 82, 204, 239, 287, 488, 
263, 190, -73, -226, 168, 58, 82, 82, 214, 244, 292, 488, 
268, 195, -73, -231, 170, 61, 82, 82, 219, 248, 297, 488, 
278, 200, -78, -239, 178, 61, 82, 78, 219, 263, 312, 497, 
283, 204, -78, -244, 180, 63, 82, 87, 224, 268, 317, 502, 
283, 209, -73, -246, 178, 68, 82, 87, 229, 273, 317, 507, 
287, 219, -68, -253, 178, 75, 82, 92, 234, 278, 322, 512, 
287, 229, -58, -258, 173, 85, 82, 102, 248, 283, 326, 527, 
292, 234, -58, -263, 175, 87, 82, 102, 248, 287, 331, 527, 
297, 239, -58, -268, 178, 90, 78, 107, 253, 292, 336, 527, 
297, 244, -53, -270, 175, 95, 78, 107, 258, 292, 341, 527, 
307, 253, -53, -280, 180, 100, 68, 107, 258, 297, 341, 536, 
312, 258, -53, -285, 183, 102, 58, 107, 263, 302, 341, 541, 
317, 258, -58, -287, 187, 100, 58, 107, 268, 307, 346, 541, 
317, 263, -53, -290, 185, 104, 58, 107, 273, 312, 356, 546, 
326, 278, -48, -302, 187, 114, 68, 117, 273, 322, 356, 556, 
326, 283, -43, -305, 185, 119, 68, 117, 273, 322, 356, 561, 
326, 283, -43, -305, 185, 119, 58, 117, 273, 322, 356, 561, 
331, 287, -43, -309, 187, 122, 58, 117, 268, 326, 361, 561, 
331, 292, -39, -312, 185, 126, 53, 107, 278, 326, 366, 566, 
331, 297, -34, -314, 183, 131, 53, 107, 278, 331, 366, 566, 
331, 302, -29, -317, 180, 136, 53, 102, 278, 331, 366, 570, 
336, 302, -34, -319, 185, 134, 48, 102, 273, 331, 366, 570, 
326, 292, -34, -309, 180, 129, 43, 102, 263, 331, 370, 570, 
326, 292, -34, -309, 180, 129, 43, 97, 263, 331, 370, 570, 
322, 297, -24, -309, 173, 136, 39, 92, 263, 331, 370, 570, 
322, 297, -24, -309, 173, 136, 39, 87, 263, 331, 370, 570, 
322, 302, -19, -312, 170, 141, 34, 82, 258, 331, 380, 570, 
322, 302, -19, -312, 170, 141, 34, 78, 258, 331, 380, 570, 
326, 307, -19, -317, 173, 143, 29, 73, 253, 331, 380, 575, 
326, 307, -19, -317, 173, 143, 29, 68, 248, 331, 380, 575, 
331, 317, -14, -324, 173, 151, 24, 73, 253, 331, 380, 575, 
331, 312, -19, -322, 175, 146, 19, 58, 248, 326, 375, 570, 
331, 312, -19, -322, 175, 146, 19, 48, 244, 326, 375, 570, 
331, 312, -19, -322, 175, 146, 19, 43, 234, 326, 375, 570, 
317, 307, -9, -312, 163, 148, 4, 29, 209, 317, 375, 566, 
317, 307, -9, -312, 163, 148, 4, 14, 204, 312, 370, 566, 
312, 302, -9, -307, 161, 146, 0, 14, 190, 307, 366, 566, 
307, 292, -14, -300, 161, 139, 0, 0, 180, 302, 356, 561, 
307, 283, -24, -295, 165, 129, 0, -14, 170, 287, 351, 546, 
302, 273, -29, -287, 165, 122, 0, -24, 161, 283, 346, 541, 
297, 273, -24, -285, 161, 124, 4, -34, 156, 273, 341, 536, 
297, 268, -29, -283, 163, 119, 4, -34, 146, 263, 336, 531, 
283, 248, -34, -265, 158, 107, 4, -39, 131, 258, 326, 527, 
278, 234, -43, -256, 161, 95, 9, -39, 122, 244, 317, 522, 
273, 224, -48, -248, 161, 87, 9, -43, 112, 239, 312, 522, 
268, 214, -53, -241, 161, 80, 9, -48, 92, 229, 297, 522, 
268, 214, -53, -241, 161, 80, 9, -68, 82, 229, 287, 502, 
263, 204, -58, -234, 161, 73, 4, -73, 73, 219, 283, 497, 
253, 195, -58, -224, 156, 68, 4, -82, 63, 209, 273, 492, 
248, 185, -63, -217, 156, 61, 4, -87, 58, 200, 268, 488, 
248, 185, -63, -217, 156, 61, 14, -87, 48, 185, 258, 488, 
248, 175, -73, -212, 161, 51, 19, -87, 43, 175, 253, 473, 
244, 165, -78, -204, 161, 43, 19, -92, 34, 170, 248, 468, 
244, 161, -82, -202, 163, 39, 29, -92, 24, 161, 244, 463, 
244, 141, -102, -192, 173, 19, 29, -97, 9, 161, 224, 458, 
239, 136, -102, -187, 170, 17, 29, -97, 4, 156, 219, 453, 
234, 126, -107, -180, 170, 9, 34, -97, 0, 146, 214, 448, 
229, 122, -107, -175, 168, 7, 34, -102, -4, 141, 209, 448, 
229, 117, -112, -173, 170, 2, 34, -107, -9, 136, 204, 429, 
229, 112, -117, -170, 173, -2, 39, -107, -19, 131, 200, 429, 
224, 107, -117, -165, 170, -4, 39, -107, -19, 131, 200, 429, 
219, 102, -117, -161, 168, -7, 39, -107, -24, 126, 195, 429, 
214, 102, -112, -158, 163, -4, 34, -107, -19, 122, 195, 424, 
209, 97, -112, -153, 161, -7, 34, -107, -19, 122, 190, 419, 
209, 92, -117, -151, 163, -12, 34, -107, -24, 117, 185, 414, 
209, 92, -117, -151, 163, -12, 34, -107, -24, 112, 180, 409, 
209, 87, -122, -148, 165, -17, 43, -102, -29, 117, 190, 419, 
209, 82, -126, -146, 168, -21, 48, -102, -34, 117, 190, 419, 
209, 82, -126, -146, 168, -21, 48, -102, -34, 117, 180, 419, 
209, 82, -126, -146, 168, -21, 48, -102, -34, 117, 180, 419, 
200, 82, -117, -141, 158, -17, 39, -112, -43, 107, 180, 409, 
200, 78, -122, -139, 161, -21, 39, -112, -43, 102, 180, 409, 
200, 78, -122, -139, 161, -21, 43, -112, -43, 102, 180, 409, 
200, 78, -122, -139, 161, -21, 43, -112, -43, 102, 180, 405, 
200, 73, -126, -136, 163, -26, 43, -112, -43, 102, 170, 414, 
200, 73, -126, -136, 163, -26, 39, -112, -43, 102, 170, 414, 
195, 73, -122, -134, 158, -24, 39, -112, -48, 97, 170, 414, 
195, 73, -122, -134, 158, -24, 39, -112, -48, 97, 165, 414, 
200, 68, -131, -134, 165, -31, 48, -107, -48, 97, 175, 409, 
200, 68, -131, -134, 165, -31, 48, -107, -48, 92, 175, 409, 
200, 68, -131, -134, 165, -31, 48, -107, -48, 92, 175, 409, 
200, 68, -131, -134, 165, -31, 48, -107, -48, 92, 175, 409, 
200, 78, -122, -139, 161, -21, 53, -112, -43, 92, 175, 405, 
204, 73, -131, -139, 168, -29, 53, -112, -43, 92, 175, 405, 
204, 73, -131, -139, 168, -29, 53, -112, -43, 92, 175, 405, 
204, 73, -131, -139, 168, -29, 53, -112, -43, 92, 175, 405, 
204, 68, -136, -136, 170, -34, 43, -107, -48, 92, 165, 405, 
204, 68, -136, -136, 170, -34, 43, -107, -48, 92, 161, 405, 
204, 68, -136, -136, 170, -34, 43, -107, -48, 92, 161, 409, 
200, 68, -131, -134, 165, -31, 43, -102, -48, 92, 165, 409, 
200, 68, -131, -134, 165, -31, 43, -112, -48, 92, 165, 409, 
200, 68, -131, -134, 165, -31, 43, -112, -48, 92, 165, 409, 
200, 68, -131, -134, 165, -31, 43, -112, -48, 92, 165, 409, 
200, 68, -131, -134, 165, -31, 43, -112, -48, 92, 165, 409, 
200, 73, -126, -136, 163, -26, 53, -102, -48, 97, 165, 409, 
204, 73, -131, -139, 168, -29, 53, -107, -48, 97, 165, 409, 
204, 68, -136, -136, 170, -34, 53, -107, -48, 97, 165, 409, 
204, 68, -136, -136, 170, -34, 53, -107, -48, 97, 165, 409, 
204, 68, -136, -136, 170, -34, 53, -107, -48, 102, 175, 419, 
200, 68, -131, -134, 165, -31, 53, -107, -48, 102, 175, 419, 
200, 68, -131, -134, 165, -31, 48, -107, -48, 102, 175, 419, 
204, 68, -136, -136, 170, -34, 48, -107, -48, 102, 175, 419, 
204, 73, -131, -139, 168, -29, 53, -107, -48, 112, 175, 409, 
204, 73, -131, -139, 168, -29, 53, -107, -48, 112, 175, 409, 
204, 73, -131, -139, 168, -29, 53, -102, -43, 112, 175, 409, 
204, 73, -131, -139, 168, -29, 53, -102, -43, 112, 180, 414, 
204, 73, -131, -139, 168, -29, 53, -102, -43, 102, 180, 414, 
204, 73, -131, -139, 168, -29, 53, -102, -43, 102, 175, 414, 
204, 73, -131, -139, 168, -29, 53, -102, -43, 102, 175, 414, 
204, 73, -131, -139, 168, -29, 53, -102, -43, 102, 175, 414, 
214, 73, -141, -143, 178, -34, 53, -102, -34, 107, 175, 424, 
214, 73, -141, -143, 178, -34, 53, -102, -34, 107, 175, 424, 
214, 73, -141, -143, 178, -34, 53, -102, -34, 102, 175, 424, 
214, 73, -141, -143, 178, -34, 53, -102, -34, 102, 175, 419, 
214, 73, -141, -143, 178, -34, 53, -102, -34, 107, 180, 419, 
214, 73, -141, -143, 178, -34, 53, -102, -34, 107, 180, 424, 
214, 73, -141, -143, 178, -34, 53, -102, -34, 107, 180, 424, 
214, 73, -141, -143, 178, -34, 53, -102, -34, 107, 180, 424, 
204, 73, -131, -139, 168, -29, 53, -102, -34, 112, 180, 414, 
204, 73, -131, -139, 168, -29, 53, -102, -34, 112, 180, 414, 
204, 73, -131, -139, 168, -29, 53, -102, -34, 117, 180, 414, 
204, 73, -131, -139, 168, -29, 53, -102, -34, 117, 180, 414, 
204, 63, -141, -134, 173, -39, 53, -102, -34, 107, 180, 424, 
204, 63, -141, -134, 173, -39, 53, -102, -34, 107, 180, 424, 
204, 63, -141, -134, 173, -39, 53, -102, -34, 107, 180, 424, 
204, 63, -141, -134, 173, -39, 53, -102, -34, 107, 180, 424, 
204, 63, -141, -134, 173, -39, 53, -112, -34, 107, 180, 414, 
204, 63, -141, -134, 173, -39, 53, -112, -34, 107, 180, 414, 
204, 63, -141, -134, 173, -39, 53, -112, -34, 107, 180, 414, 
204, 63, -141, -134, 173, -39, 48, -112, -34, 107, 180, 414, 
214, 73, -141, -143, 178, -34, 58, -102, -34, 117, 180, 424, 
214, 73, -141, -143, 178, -34, 58, -102, -34, 117, 180, 424, 
214, 73, -141, -143, 178, -34, 58, -102, -29, 117, 180, 424, 
214, 73, -141, -143, 178, -34, 63, -102, -29, 117, 180, 424, 
204, 73, -131, -139, 168, -29, 58, -102, -29, 117, 180, 424, 
204, 73, -131, -139, 168, -29, 58, -102, -29, 117, 180, 424, 
204, 73, -131, -139, 168, -29, 58, -102, -29, 117, 180, 424, 
204, 73, -131, -139, 168, -29, 58, -102, -29, 117, 180, 424, 
195, 68, -126, -131, 161, -29, 58, -102, -29, 117, 180, 424, 
195, 68, -126, -131, 161, -29, 58, -102, -29, 117, 180, 424, 
195, 68, -126, -131, 161, -29, 58, -102, -29, 117, 180, 424, 
195, 63, -131, -129, 163, -34, 58, -102, -29, 112, 180, 424, 
204, 73, -131, -139, 168, -29, 58, -102, -29, 112, 180, 424, 
204, 73, -131, -139, 168, -29, 53, -102, -29, 112, 180, 424, 
204, 73, -131, -139, 168, -29, 53, -102, -29, 117, 180, 424, 
204, 68, -136, -136, 170, -34, 53, -102, -29, 117, 180, 424, 
204, 68, -136, -136, 170, -34, 53, -102, -29, 107, 180, 434, 
204, 73, -131, -139, 168, -29, 53, -102, -29, 107, 180, 434, 
204, 73, -131, -139, 168, -29, 53, -102, -34, 107, 180, 434, 
204, 73, -131, -139, 168, -29, 53, -102, -34, 107, 180, 429, 
204, 63, -141, -134, 173, -39, 53, -102, -34, 107, 180, 419, 
204, 63, -141, -134, 173, -39, 53, -102, -34, 107, 180, 424, 
204, 63, -141, -134, 173, -39, 58, -102, -34, 107, 175, 424, 
204, 63, -141, -134, 173, -39, 58, -102, -34, 102, 175, 424, 
204, 63, -141, -134, 173, -39, 58, -102, -34, 102, 165, 424, 
204, 63, -141, -134, 173, -39, 58, -102, -34, 102, 165, 424, 
204, 63, -141, -134, 173, -39, 58, -102, -39, 102, 165, 424, 
204, 58, -146, -131, 175, -43, 58, -102, -39, 102, 165, 424, 
204, 58, -146, -131, 175, -43, 58, -102, -48, 102, 165, 424, 
204, 58, -146, -131, 175, -43, 58, -102, -48, 102, 165, 424, 
204, 58, -146, -131, 175, -43, 58, -107, -48, 102, 165, 424, 
204, 58, -146, -131, 175, -43, 58, -107, -48, 102, 165, 424, 
204, 63, -141, -134, 173, -39, 58, -102, -48, 102, 165, 424, 
204, 63, -141, -134, 173, -39, 58, -102, -48, 102, 165, 424, 
204, 63, -141, -134, 173, -39, 58, -107, -48, 102, 165, 424, 
204, 63, -141, -134, 173, -39, 58, -107, -53, 92, 161, 419, 
204, 53, -151, -129, 178, -48, 68, -107, -43, 102, 170, 419, 
204, 53, -151, -129, 178, -48, 68, -107, -43, 102, 170, 419, 
204, 48, -156, -126, 180, -53, 68, -107, -48, 102, 165, 419, 
204, 48, -156, -126, 180, -53, 68, -107, -48, 102, 165, 419, 
204, 53, -151, -129, 178, -48, 68, -107, -48, 97, 165, 419, 
204, 53, -151, -129, 178, -48, 68, -107, -43, 97, 170, 419, 
204, 53, -151, -129, 178, -48, 68, -102, -43, 97, 170, 419, 
204, 53, -151, -129, 178, -48, 68, -102, -48, 92, 165, 419, 
204, 43, -161, -124, 183, -58, 68, -102, -48, 102, 156, 409, 
204, 43, -161, -124, 183, -58, 68, -102, -48, 97, 156, 409, 
204, 39, -165, -122, 185, -63, 68, -107, -53, 97, 156, 409, 
204, 39, -165, -122, 185, -63, 68, -107, -53, 97, 156, 405, 
204, 39, -165, -122, 185, -63, 68, -107, -53, 97, 156, 414, 
204, 43, -161, -124, 183, -58, 68, -107, -53, 97, 151, 419, 
204, 43, -161, -124, 183, -58, 68, -107, -53, 97, 151, 419, 
204, 39, -165, -122, 185, -63, 68, -107, -53, 97, 151, 419, 
209, 48, -161, -129, 185, -56, 68, -97, -53, 97, 161, 419, 
209, 48, -161, -129, 185, -56, 68, -97, -53, 97, 161, 419, 
209, 48, -161, -129, 185, -56, 68, -97, -53, 97, 161, 419, 
209, 48, -161, -129, 185, -56, 73, -97, -53, 97, 161, 414, 
209, 43, -165, -126, 187, -61, 73, -97, -53, 97, 161, 424, 
209, 43, -165, -126, 187, -61, 73, -97, -53, 97, 165, 424, 
209, 43, -165, -126, 187, -61, 73, -97, -53, 97, 165, 424, 
209, 48, -161, -129, 185, -56, 73, -97, -53, 92, 165, 424, 
219, 48, -170, -134, 195, -61, 73, -97, -53, 92, 156, 424, 
219, 48, -170, -134, 195, -61, 73, -97, -53, 97, 156, 424, 
219, 48, -170, -134, 195, -61, 73, -97, -53, 97, 156, 424, 
219, 48, -170, -134, 195, -61, 73, -97, -53, 97, 151, 424, 
214, 34, -180, -124, 197, -73, 63, -107, -53, 87, 151, 414, 
209, 34, -175, -122, 192, -70, 63, -107, -53, 87, 151, 414, 
204, 34, -170, -119, 187, -68, 63, -107, -53, 87, 151, 414, 
200, 34, -165, -117, 183, -65, 63, -107, -53, 87, 146, 414, 
200, 34, -165, -117, 183, -65, 73, -107, -53, 87, 156, 414, 
200, 34, -165, -117, 183, -65, 73, -107, -58, 87, 156, 409, 
200, 29, -170, -114, 185, -70, 68, -107, -58, 87, 156, 409, 
200, 29, -170, -114, 185, -70, 68, -107, -58, 87, 156, 409, 
200, 39, -161, -119, 180, -61, 68, -97, -58, 97, 146, 419, 
200, 39, -161, -119, 180, -61, 68, -97, -58, 92, 146, 419, 
200, 39, -161, -119, 180, -61, 68, -97, -58, 92, 151, 419, 
200, 39, -161, -119, 180, -61, 68, -97, -53, 92, 151, 419, 
200, 39, -161, -119, 180, -61, 68, -107, -53, 92, 151, 409, 
200, 39, -161, -119, 180, -61, 68, -107, -53, 92, 151, 409, 
200, 39, -161, -119, 180, -61, 68, -107, -58, 87, 151, 409, 
200, 39, -161, -119, 180, -61, 68, -107, -58, 87, 151, 409, 
190, 29, -161, -109, 175, -65, 68, -107, -58, 78, 146, 409, 
190, 29, -161, -109, 175, -65, 68, -107, -58, 82, 146, 414, 
190, 29, -161, -109, 175, -65, 68, -107, -58, 82, 151, 414, 
190, 29, -161, -109, 175, -65, 68, -112, -58, 82, 151, 409, 
190, 29, -161, -109, 175, -65, 68, -112, -58, 82, 151, 409, 
190, 29, -161, -109, 175, -65, 68, -107, -58, 82, 151, 409, 
190, 29, -161, -109, 175, -65, 68, -107, -58, 82, 151, 409, 
190, 29, -161, -109, 175, -65, 68, -107, -58, 82, 151, 409, 
200, 39, -161, -119, 180, -61, 63, -107, -58, 87, 151, 409, 
200, 39, -161, -119, 180, -61, 68, -107, -58, 87, 151, 409, 
200, 39, -161, -119, 180, -61, 68, -107, -58, 87, 151, 409, 
200, 39, -161, -119, 180, -61, 68, -107, -58, 92, 151, 409, 
200, 39, -161, -119, 180, -61, 68, -97, -58, 92, 151, 419, 
200, 34, -165, -117, 183, -65, 68, -97, -58, 92, 151, 419, 
200, 34, -165, -117, 183, -65, 68, -97, -58, 92, 151, 419, 
200, 34, -165, -117, 183, -65, 68, -97, -58, 92, 151, 419, 
200, 24, -175, -112, 187, -75, 68, -107, -58, 92, 151, 409, 
200, 29, -170, -114, 185, -70, 68, -107, -58, 87, 151, 409, 
204, 29, -175, -117, 190, -73, 63, -107, -58, 87, 151, 414, 
204, 29, -175, -117, 190, -73, 63, -107, -58, 92, 151, 414, 
195, 34, -161, -114, 178, -63, 78, -107, -58, 82, 156, 414, 
200, 34, -165, -117, 183, -65, 78, -107, -58, 82, 156, 414, 
200, 34, -165, -117, 183, -65, 78, -102, -58, 82, 156, 414, 
200, 34, -165, -117, 183, -65, 78, -97, -53, 82, 156, 414, 
200, 34, -165, -117, 183, -65, 78, -102, -53, 87, 146, 414, 
204, 39, -165, -122, 185, -63, 78, -102, -53, 92, 146, 414, 
209, 39, -170, -124, 190, -65, 78, -102, -53, 92, 151, 414, 
209, 43, -165, -126, 187, -61, 78, -102, -48, 92, 151, 414, 
204, 39, -165, -122, 185, -63, 68, -102, -58, 82, 141, 414, 
204, 39, -165, -122, 185, -63, 68, -97, -53, 82, 146, 414, 
204, 34, -170, -119, 187, -68, 73, -97, -48, 82, 151, 419, 
204, 29, -175, -117, 190, -73, 73, -97, -39, 87, 156, 419, 
190, 24, -165, -107, 178, -70, 78, -107, -48, 92, 156, 414, 
195, 24, -170, -109, 183, -73, 78, -102, -53, 87, 156, 414, 
195, 24, -170, -109, 183, -73, 78, -102, -48, 87, 156, 414, 
195, 29, -165, -112, 180, -68, 78, -97, -48, 87, 156, 419, 
209, 34, -175, -122, 192, -70, 78, -87, -39, 97, 156, 419, 
214, 39, -175, -126, 195, -68, 78, -87, -39, 97, 156, 419, 
219, 43, -175, -131, 197, -65, 78, -87, -39, 97, 156, 419, 
224, 48, -175, -136, 200, -63, 78, -87, -39, 97, 156, 419, 
234, 53, -180, -143, 207, -63, 97, -73, -19, 102, 170, 424, 
234, 68, -165, -151, 200, -48, 97, -68, -14, 107, 180, 424, 
253, 78, -175, -165, 214, -48, 97, -63, 0, 117, 185, 439, 
263, 92, -170, -178, 217, -39, 97, -53, 9, 122, 185, 444, 
253, 92, -161, -173, 207, -34, 97, -48, 9, 126, 195, 439, 
258, 102, -156, -180, 207, -26, 97, -48, 14, 136, 204, 444, 
258, 112, -146, -185, 202, -17, 97, -48, 19, 141, 209, 453, 
258, 117, -141, -187, 200, -12, 97, -48, 24, 146, 209, 453, 
263, 117, -146, -190, 204, -14, 92, -48, 34, 146, 200, 463, 
263, 117, -146, -190, 204, -14, 92, -43, 34, 151, 200, 463, 
268, 117, -151, -192, 209, -17, 92, -43, 39, 151, 200, 468, 
273, 122, -151, -197, 212, -14, 92, -43, 43, 156, 209, 473, 
283, 141, -141, -212, 212, 0, 87, -39, 48, 161, 224, 473, 
292, 146, -146, -219, 219, 0, 78, -39, 53, 161, 229, 478, 
302, 151, -151, -226, 226, 0, 78, -39, 53, 165, 229, 483, 
307, 151, -156, -229, 231, -2, 73, -39, 48, 165, 229, 483, 
312, 156, -156, -234, 234, 0, 73, -43, 43, 161, 214, 478, 
312, 156, -156, -234, 234, 0, 68, -53, 39, 156, 209, 478, 
307, 151, -156, -229, 231, -2, 63, -58, 24, 151, 209, 473, 
302, 146, -156, -224, 229, -4, 58, -73, 9, 146, 204, 473, 
297, 131, -165, -214, 231, -17, 43, -82, -14, 126, 195, 458, 
297, 122, -175, -209, 236, -26, 39, -97, -29, 117, 185, 453, 
292, 112, -180, -202, 236, -34, 34, -97, -39, 112, 185, 448, 
292, 107, -185, -200, 239, -39, 29, -102, -43, 112, 180, 448, 
283, 102, -180, -192, 231, -39, 29, -102, -43, 122, 170, 444, 
283, 97, -185, -190, 234, -43, 29, -102, -43, 117, 170, 444, 
283, 92, -190, -187, 236, -48, 29, -107, -43, 117, 170, 444, 
287, 87, -200, -187, 244, -56, 29, -107, -43, 117, 170, 448, 
287, 87, -200, -187, 244, -56, 29, -107, -43, 117, 170, 448, 
287, 92, -195, -190, 241, -51, 29, -107, -43, 117, 170, 448, 
283, 92, -190, -187, 236, -48, 29, -107, -43, 117, 170, 444, 
278, 82, -195, -180, 236, -56, 34, -107, -48, 112, 165, 444, 
273, 82, -190, -178, 231, -53, 43, -117, -39, 112, 161, 448, 
268, 78, -190, -173, 229, -56, 53, -112, -48, 102, 156, 444, 
258, 63, -195, -161, 226, -65, 58, -112, -48, 102, 151, 439, 
248, 53, -195, -151, 222, -70, 63, -107, -48, 97, 151, 434, 
244, 58, -185, -151, 214, -63, 68, -97, -58, 92, 146, 419, 
234, 53, -180, -143, 207, -63, 73, -97, -53, 92, 146, 419, 
224, 48, -175, -136, 200, -63, 73, -102, -53, 92, 146, 419, 
224, 43, -180, -134, 202, -68, 73, -102, -53, 92, 136, 414, 
209, 43, -165, -126, 187, -61, 73, -102, -43, 92, 146, 414, 
209, 34, -175, -122, 192, -70, 68, -102, -48, 87, 141, 409, 
204, 29, -175, -117, 190, -73, 68, -102, -58, 82, 141, 409, 
204, 19, -185, -112, 195, -82, 73, -102, -63, 78, 136, 405, 
200, 9, -190, -104, 195, -90, 73, -107, -78, 73, 122, 400, 
200, 4, -195, -102, 197, -95, 73, -112, -82, 68, 122, 395, 
200, -4, -204, -97, 202, -104, 73, -112, -82, 63, 122, 395, 
200, -9, -209, -95, 204, -109, 73, -112, -82, 63, 122, 395, 
190, -9, -200, -90, 195, -104, 73, -122, -82, 63, 117, 395, 
190, -9, -200, -90, 195, -104, 73, -117, -82, 63, 117, 395, 
190, -9, -200, -90, 195, -104, 73, -117, -82, 63, 117, 395, 
190, -9, -200, -90, 195, -104, 73, -122, -78, 63, 117, 395, 
195, 0, -195, -97, 195, -97, 78, -112, -78, 73, 126, 395, 
195, -4, -200, -95, 197, -102, 82, -112, -78, 73, 126, 395, 
195, -4, -200, -95, 197, -102, 82, -112, -78, 73, 126, 395, 
190, -4, -195, -92, 192, -100, 82, -112, -78, 73, 126, 395, 
180, -9, -190, -85, 185, -100, 82, -112, -68, 73, 117, 395, 
180, -14, -195, -82, 187, -104, 82, -112, -73, 73, 117, 395, 
180, -14, -195, -82, 187, -104, 82, -117, -73, 73, 112, 390, 
180, -14, -195, -82, 187, -104, 87, -117, -73, 68, 112, 390, 
170, -24, -195, -73, 183, -109, 87, -112, -73, 68, 112, 390, 
170, -29, -200, -70, 185, -114, 87, -112, -73, 68, 112, 390, 
170, -29, -200, -70, 185, -114, 87, -112, -73, 68, 112, 390, 
165, -29, -195, -68, 180, -112, 87, -112, -73, 68, 112, 390, 
165, -19, -185, -73, 175, -102, 87, -112, -73, 58, 117, 390, 
165, -19, -185, -73, 175, -102, 87, -112, -73, 58, 117, 390, 
165, -19, -185, -73, 175, -102, 92, -112, -73, 58, 112, 390, 
165, -19, -185, -73, 175, -102, 92, -107, -73, 63, 112, 390, 
165, -24, -190, -70, 178, -107, 82, -117, -82, 63, 112, 385, 
165, -24, -190, -70, 178, -107, 82, -122, -82, 53, 112, 385, 
165, -24, -190, -70, 178, -107, 82, -122, -82, 53, 107, 380, 
165, -29, -195, -68, 180, -112, 82, -122, -82, 53, 107, 380, 
165, -19, -185, -73, 175, -102, 92, -112, -82, 53, 107, 390, 
161, -24, -185, -68, 173, -104, 92, -112, -82, 58, 107, 390, 
161, -24, -185, -68, 173, -104, 92, -112, -82, 58, 107, 390, 
165, -24, -190, -70, 178, -107, 92, -112, -87, 58, 107, 390, 
165, -14, -180, -75, 173, -97, 92, -112, -78, 68, 112, 400, 
170, -14, -185, -78, 178, -100, 87, -112, -73, 68, 112, 400, 
170, -14, -185, -78, 178, -100, 87, -112, -73, 68, 112, 400, 
170, -14, -185, -78, 178, -100, 87, -112, -73, 68, 112, 400, 
170, -14, -185, -78, 178, -100, 92, -107, -73, 68, 112, 390, 
170, -14, -185, -78, 178, -100, 92, -107, -68, 73, 112, 390, 
170, -9, -180, -80, 175, -95, 92, -107, -68, 73, 117, 395, 
170, -9, -180, -80, 175, -95, 92, -107, -68, 73, 117, 395, 
170, -14, -185, -78, 178, -100, 102, -97, -58, 73, 117, 390, 
161, -19, -180, -70, 170, -100, 117, -78, -39, 73, 117, 390, 
151, -29, -180, -61, 165, -104, 136, -43, -4, 73, 107, 390, 
161, -19, -180, -70, 170, -100, 161, 0, 34, 92, 122, 390, 
180, 9, -170, -95, 175, -80, 175, 39, 92, 122, 161, 409, 
214, 48, -165, -131, 190, -58, 165, 82, 136, 165, 195, 444, 
258, 97, -161, -178, 209, -31, 156, 136, 209, 234, 253, 492, 
331, 165, -165, -248, 248, 0, 151, 195, 326, 336, 341, 566, 
414, 287, -126, -351, 270, 80, 126, 224, 434, 453, 453, 663, 
512, 424, -87, -468, 300, 168, 53, 195, 478, 570, 575, 775, 
649, 600, -48, -624, 348, 275, -97, 73, 419, 678, 717, 912, 
805, 795, -9, -800, 407, 392, -302, -126, 292, 795, 868, 1068, 
927, 956, 29, -941, 448, 492, -468, -312, 161, 878, 990, 1195, 
980, 1054, 73, -1017, 453, 563, -561, -434, 63, 917, 1058, 1278, 
941, 1107, 165, -1024, 387, 636, -619, -551, -9, 907, 1073, 1322, 
805, 1112, 307, -958, 248, 710, -639, -688, -63, 878, 1044, 1312, 
629, 1044, 414, -836, 107, 729, -610, -834, -141, 795, 951, 1254, 
507, 927, 419, -717, 43, 673, -566, -893, -239, 649, 810, 1132, 
439, 771, 331, -605, 53, 551, -507, -868, -326, 483, 634, 980, 
336, 610, 273, -473, 31, 441, -424, -849, -419, 341, 488, 849, 
229, 522, 292, -375, -31, 407, -380, -883, -570, 209, 361, 751, 
141, 414, 273, -278, -65, 344, -366, -927, -736, 48, 209, 629, 
82, 283, 200, -183, -58, 241, -336, -907, -805, -82, 87, 517, 
68, 214, 146, -141, -39, 180, -307, -834, -717, -78, 73, 483, 
78, 200, 122, -139, -21, 161, -268, -727, -570, -14, 112, 502, 
102, 190, 87, -146, 7, 139, -214, -610, -458, 24, 136, 507, 
126, 185, 58, -156, 34, 122, -165, -492, -361, 58, 161, 502, 
141, 190, 48, -165, 46, 119, -126, -400, -273, 92, 180, 512, 
156, 180, 24, -168, 65, 102, -92, -331, -224, 107, 180, 502, 
195, 175, -19, -185, 107, 78, -53, -278, -190, 107, 175, 492, 
214, 180, -34, -197, 124, 73, -19, -219, -141, 117, 190, 502, 
219, 175, -43, -197, 131, 65, 19, -185, -97, 126, 190, 497, 
229, 156, -73, -192, 151, 41, 43, -161, -68, 131, 195, 497, 
229, 122, -107, -175, 168, 7, 68, -131, -48, 131, 195, 488, 
219, 87, -131, -153, 175, -21, 82, -112, -34, 131, 185, 473, 
200, 58, -141, -129, 170, -41, 97, -97, -19, 136, 185, 463, 
204, 48, -156, -126, 180, -53, 107, -92, -14, 131, 170, 444, 
200, 53, -146, -126, 173, -46, 97, -87, -14, 126, 161, 434, 
200, 53, -146, -126, 173, -46, 97, -87, -14, 122, 161, 434, 
200, 58, -141, -129, 170, -41, 102, -82, -14, 117, 161, 434, 
200, 58, -141, -129, 170, -41, 102, -78, -14, 112, 161, 434, 
204, 68, -136, -136, 170, -34, 102, -68, 0, 117, 161, 444, 
209, 68, -141, -139, 175, -36, 112, -63, 4, 117, 161, 444, 
214, 63, -151, -139, 183, -43, 117, -58, 9, 117, 161, 439, 
219, 53, -165, -136, 192, -56, 122, -48, 14, 122, 156, 434, 
214, 43, -170, -129, 192, -63, 122, -58, 9, 122, 156, 419, 
209, 34, -175, -122, 192, -70, 126, -53, 14, 117, 156, 419, 
209, 29, -180, -119, 195, -75, 126, -48, 14, 117, 156, 419, 
204, 24, -180, -114, 192, -78, 126, -48, 19, 117, 151, 419, 
200, 14, -185, -107, 192, -85, 117, -43, 14, 107, 141, 419, 
195, 14, -180, -104, 187, -82, 122, -43, 19, 107, 146, 424, 
190, 14, -175, -102, 183, -80, 122, -43, 24, 107, 146, 424, 
180, 14, -165, -97, 173, -75, 122, -43, 24, 112, 146, 424, 
195, 14, -180, -104, 187, -82, 122, -29, 34, 122, 156, 434, 
204, 19, -185, -112, 195, -82, 126, -29, 34, 122, 161, 434, 
209, 24, -185, -117, 197, -80, 131, -24, 34, 122, 161, 434, 
214, 29, -185, -122, 200, -78, 136, -24, 39, 122, 161, 434, 
224, 34, -190, -129, 207, -78, 136, -24, 48, 136, 170, 434, 
229, 43, -185, -136, 207, -70, 136, -19, 48, 136, 170, 434, 
229, 48, -180, -139, 204, -65, 136, -19, 53, 136, 170, 439, 
229, 53, -175, -141, 202, -61, 136, -19, 53, 136, 170, 439, 
214, 53, -161, -134, 187, -53, 136, -24, 48, 131, 161, 429, 
214, 48, -165, -131, 190, -58, 136, -24, 48, 126, 165, 429, 
209, 43, -165, -126, 187, -61, 136, -24, 58, 122, 165, 429, 
204, 43, -161, -124, 183, -58, 136, -24, 58, 122, 165, 429, 
200, 39, -161, -119, 180, -61, 126, -24, 48, 126, 156, 429, 
200, 39, -161, -119, 180, -61, 126, -24, 53, 126, 161, 434, 
200, 39, -161, -119, 180, -61, 126, -19, 53, 126, 161, 434, 
200, 39, -161, -119, 180, -61, 126, -19, 53, 126, 161, 434, 
209, 43, -165, -126, 187, -61, 126, -19, 53, 141, 161, 444, 
219, 43, -175, -131, 197, -65, 126, -19, 53, 141, 161, 444, 
219, 43, -175, -131, 197, -65, 126, -14, 58, 146, 165, 448, 
219, 43, -175, -131, 197, -65, 126, -14, 68, 146, 170, 448, 
224, 43, -180, -134, 202, -68, 126, -14, 78, 151, 170, 448, 
224, 43, -180, -134, 202, -68, 126, -9, 78, 151, 170, 453, 
229, 43, -185, -136, 207, -70, 126, -9, 82, 151, 170, 453, 
234, 43, -190, -139, 212, -73, 126, -9, 82, 151, 175, 453, 
224, 48, -175, -136, 200, -63, 126, -9, 73, 146, 175, 453, 
224, 53, -170, -139, 197, -58, 126, -4, 78, 146, 175, 453, 
224, 53, -170, -139, 197, -58, 126, -4, 78, 151, 180, 458, 
224, 58, -165, -141, 195, -53, 126, 0, 87, 151, 180, 458, 
229, 58, -170, -143, 200, -56, 136, 9, 92, 170, 185, 463, 
229, 63, -165, -146, 197, -51, 136, 9, 92, 170, 185, 463, 
229, 63, -165, -146, 197, -51, 136, 9, 92, 170, 185, 463, 
234, 63, -170, -148, 202, -53, 136, 14, 102, 170, 190, 468, 
244, 68, -175, -156, 209, -53, 136, 14, 107, 170, 190, 468, 
239, 68, -170, -153, 204, -51, 136, 19, 107, 175, 190, 468, 
239, 73, -165, -156, 202, -46, 136, 19, 107, 175, 195, 468, 
244, 73, -170, -158, 207, -48, 136, 19, 107, 175, 195, 473, 
244, 82, -161, -163, 202, -39, 126, 24, 107, 170, 195, 473, 
248, 82, -165, -165, 207, -41, 126, 24, 117, 170, 200, 473, 
253, 87, -165, -170, 209, -39, 126, 29, 122, 180, 200, 473, 
253, 92, -161, -173, 207, -34, 126, 34, 126, 185, 204, 473, 
244, 82, -161, -163, 202, -39, 126, 34, 122, 185, 204, 468, 
248, 82, -165, -165, 207, -41, 126, 34, 126, 185, 214, 473, 
253, 87, -165, -170, 209, -39, 126, 39, 131, 185, 214, 478, 
253, 87, -165, -170, 209, -39, 126, 39, 131, 190, 214, 478, 
263, 92, -170, -178, 217, -39, 126, 48, 141, 190, 224, 483, 
263, 92, -170, -178, 217, -39, 126, 48, 146, 200, 224, 483, 
263, 97, -165, -180, 214, -34, 126, 48, 151, 204, 224, 488, 
263, 102, -161, -183, 212, -29, 126, 53, 156, 209, 229, 488, 
273, 112, -161, -192, 217, -24, 126, 58, 161, 209, 229, 492, 
273, 122, -151, -197, 212, -14, 126, 58, 165, 214, 229, 492, 
273, 126, -146, -200, 209, -9, 126, 63, 170, 214, 234, 502, 
278, 131, -146, -204, 212, -7, 126, 68, 175, 219, 239, 507, 
292, 136, -156, -214, 224, -9, 131, 68, 170, 224, 244, 507, 
292, 141, -151, -217, 222, -4, 126, 73, 175, 229, 244, 507, 
297, 141, -156, -219, 226, -7, 126, 78, 180, 234, 244, 507, 
297, 141, -156, -219, 226, -7, 126, 82, 185, 234, 253, 507, 
297, 146, -151, -222, 224, -2, 126, 82, 190, 229, 248, 512, 
302, 151, -151, -226, 226, 0, 126, 82, 195, 234, 248, 522, 
307, 156, -151, -231, 229, 2, 126, 92, 200, 239, 258, 527, 
307, 156, -151, -231, 229, 2, 126, 97, 204, 244, 258, 531, 
302, 151, -151, -226, 226, 0, 126, 97, 209, 244, 263, 536, 
302, 156, -146, -229, 224, 4, 126, 102, 214, 248, 268, 536, 
297, 161, -136, -229, 217, 12, 122, 102, 224, 253, 273, 536, 
297, 165, -131, -231, 214, 17, 122, 102, 229, 258, 278, 536, 
297, 170, -126, -234, 212, 21, 122, 107, 229, 263, 283, 536, 
302, 175, -126, -239, 214, 24, 122, 117, 234, 268, 287, 541, 
302, 180, -122, -241, 212, 29, 122, 117, 239, 273, 287, 546, 
307, 190, -117, -248, 212, 36, 122, 122, 244, 278, 292, 551, 
312, 200, -112, -256, 212, 43, 122, 131, 258, 292, 307, 566, 
322, 204, -117, -263, 219, 43, 122, 131, 258, 297, 312, 566, 
331, 209, -122, -270, 226, 43, 117, 136, 263, 302, 317, 566, 
336, 214, -122, -275, 229, 46, 117, 136, 268, 302, 322, 566, 
336, 224, -112, -280, 224, 56, 107, 126, 258, 297, 317, 566, 
341, 229, -112, -285, 226, 58, 97, 126, 263, 302, 312, 570, 
346, 229, -117, -287, 231, 56, 97, 126, 268, 307, 312, 570, 
346, 234, -112, -290, 229, 61, 97, 126, 273, 312, 317, 575, 
336, 229, -107, -283, 222, 61, 97, 126, 273, 312, 326, 575, 
336, 234, -102, -285, 219, 65, 97, 126, 273, 312, 326, 580, 
336, 234, -102, -285, 219, 65, 87, 126, 273, 312, 326, 580, 
341, 239, -102, -290, 222, 68, 87, 126, 268, 317, 331, 580, 
341, 234, -107, -287, 224, 63, 92, 126, 273, 326, 336, 585, 
341, 239, -102, -290, 222, 68, 92, 126, 278, 331, 336, 585, 
341, 244, -97, -292, 219, 73, 92, 122, 283, 331, 336, 590, 
346, 244, -102, -295, 224, 70, 87, 122, 283, 331, 336, 590, 
356, 253, -102, -305, 229, 75, 82, 122, 273, 322, 331, 590, 
356, 253, -102, -305, 229, 75, 82, 117, 273, 322, 331, 590, 
351, 258, -92, -305, 222, 82, 78, 112, 273, 322, 331, 590, 
351, 258, -92, -305, 222, 82, 78, 107, 273, 322, 331, 590, 
351, 263, -87, -307, 219, 87, 73, 102, 268, 322, 341, 600, 
351, 263, -87, -307, 219, 87, 73, 97, 268, 322, 341, 600, 
356, 268, -87, -312, 222, 90, 68, 92, 263, 322, 341, 605, 
356, 268, -87, -312, 222, 90, 68, 87, 258, 322, 341, 605, 
341, 268, -73, -305, 207, 97, 63, 82, 253, 322, 341, 605, 
341, 263, -78, -302, 209, 92, 58, 68, 248, 317, 336, 600, 
341, 263, -78, -302, 209, 92, 58, 58, 244, 317, 336, 600, 
341, 263, -78, -302, 209, 92, 58, 53, 234, 317, 336, 600, 
336, 248, -87, -292, 212, 80, 43, 48, 219, 307, 326, 585, 
336, 248, -87, -292, 212, 80, 43, 34, 214, 302, 322, 585, 
331, 244, -87, -287, 209, 78, 39, 34, 200, 297, 317, 585, 
326, 234, -92, -280, 209, 70, 39, 19, 190, 292, 307, 580, 
326, 244, -82, -285, 204, 80, 39, 14, 180, 287, 302, 575, 
322, 234, -87, -278, 204, 73, 39, 4, 170, 283, 297, 570, 
317, 234, -82, -275, 200, 75, 43, -4, 165, 273, 292, 566, 
317, 229, -87, -273, 202, 70, 43, -4, 156, 263, 287, 561, 
317, 219, -97, -268, 207, 61, 43, -19, 151, 268, 278, 551, 
317, 204, -112, -261, 214, 46, 48, -19, 141, 253, 268, 541, 
317, 195, -122, -256, 219, 36, 48, -24, 131, 248, 263, 536, 
317, 185, -131, -251, 224, 26, 48, -29, 112, 239, 248, 531, 
307, 165, -141, -236, 224, 12, 48, -39, 92, 219, 239, 512, 
302, 156, -146, -229, 224, 4, 43, -43, 82, 209, 234, 507, 
292, 146, -146, -219, 219, 0, 43, -53, 73, 200, 224, 502, 
287, 136, -151, -212, 219, -7, 43, -58, 68, 190, 219, 497, 
278, 136, -141, -207, 209, -2, 53, -58, 58, 195, 209, 497, 
278, 126, -151, -202, 214, -12, 58, -58, 53, 185, 204, 483, 
273, 117, -156, -195, 214, -19, 58, -63, 43, 180, 200, 478, 
273, 112, -161, -192, 217, -24, 68, -63, 34, 170, 195, 473, 
263, 92, -170, -178, 217, -39, 68, -78, 19, 165, 175, 458, 
258, 87, -170, -173, 214, -41, 68, -78, 14, 156, 170, 453, 
253, 78, -175, -165, 214, -48, 73, -78, 9, 141, 165, 448, 
248, 73, -175, -161, 212, -51, 73, -82, 4, 131, 161, 448, 
248, 68, -180, -158, 214, -56, 82, -78, 9, 136, 156, 439, 
248, 63, -185, -156, 217, -61, 87, -78, 0, 131, 151, 439, 
244, 58, -185, -151, 214, -63, 87, -78, 0, 131, 151, 439, 
239, 53, -185, -146, 212, -65, 87, -78, -4, 126, 146, 439, 
234, 53, -180, -143, 207, -63, 82, -87, -9, 122, 146, 434, 
229, 48, -180, -139, 204, -65, 82, -87, -9, 122, 141, 429, 
229, 43, -185, -136, 207, -70, 82, -87, -14, 117, 136, 424, 
229, 43, -185, -136, 207, -70, 82, -87, -14, 112, 131, 419, 
229, 39, -190, -134, 209, -75, 92, -92, -29, 107, 131, 419, 
229, 34, -195, -131, 212, -80, 97, -92, -34, 107, 131, 419, 
229, 34, -195, -131, 212, -80, 97, -92, -34, 107, 122, 419, 
229, 34, -195, -131, 212, -80, 97, -92, -34, 107, 122, 419, 
229, 43, -185, -136, 207, -70, 97, -92, -34, 107, 122, 419, 
229, 39, -190, -134, 209, -75, 97, -92, -34, 102, 122, 419, 
229, 39, -190, -134, 209, -75, 102, -92, -34, 102, 122, 419, 
229, 39, -190, -134, 209, -75, 102, -92, -34, 102, 122, 414, 
229, 34, -195, -131, 212, -80, 102, -82, -34, 92, 122, 405, 
229, 34, -195, -131, 212, -80, 97, -82, -34, 92, 122, 405, 
224, 34, -190, -129, 207, -78, 97, -82, -39, 87, 122, 405, 
224, 34, -190, -129, 207, -78, 97, -82, -39, 87, 117, 405, 
219, 29, -190, -124, 204, -80, 97, -87, -39, 97, 117, 409, 
219, 29, -190, -124, 204, -80, 97, -87, -39, 92, 117, 409, 
219, 29, -190, -124, 204, -80, 97, -87, -39, 92, 117, 409, 
219, 29, -190, -124, 204, -80, 97, -87, -39, 92, 117, 409, 
219, 29, -190, -124, 204, -80, 102, -82, -43, 92, 117, 405, 
224, 24, -200, -124, 212, -87, 102, -82, -43, 92, 117, 405, 
224, 24, -200, -124, 212, -87, 102, -82, -43, 92, 117, 405, 
224, 24, -200, -124, 212, -87, 102, -82, -43, 92, 117, 405, 
234, 29, -204, -131, 219, -87, 102, -87, -39, 102, 126, 405, 
234, 29, -204, -131, 219, -87, 102, -87, -39, 102, 122, 405, 
234, 29, -204, -131, 219, -87, 102, -87, -39, 102, 122, 409, 
229, 29, -200, -129, 214, -85, 102, -82, -39, 102, 126, 409, 
229, 29, -200, -129, 214, -85, 102, -82, -39, 102, 117, 409, 
229, 29, -200, -129, 214, -85, 102, -82, -39, 102, 117, 409, 
229, 29, -200, -129, 214, -85, 102, -82, -39, 102, 117, 409, 
229, 29, -200, -129, 214, -85, 102, -82, -39, 102, 117, 409, 
224, 24, -200, -124, 212, -87, 102, -82, -39, 97, 117, 409, 
224, 24, -200, -124, 212, -87, 102, -87, -39, 97, 117, 409, 
219, 19, -200, -119, 209, -90, 102, -87, -39, 97, 117, 409, 
214, 19, -195, -117, 204, -87, 102, -87, -39, 97, 117, 409, 
214, 9, -204, -112, 209, -97, 102, -87, -39, 92, 107, 400, 
209, 9, -200, -109, 204, -95, 102, -87, -39, 92, 107, 400, 
209, 9, -200, -109, 204, -95, 97, -87, -39, 92, 107, 400, 
214, 9, -204, -112, 209, -97, 97, -87, -39, 92, 107, 400, 
214, 14, -200, -114, 207, -92, 102, -87, -48, 92, 107, 400, 
214, 14, -200, -114, 207, -92, 102, -87, -48, 92, 107, 400, 
214, 14, -200, -114, 207, -92, 102, -82, -43, 92, 107, 400, 
214, 14, -200, -114, 207, -92, 102, -82, -43, 92, 112, 405, 
214, 14, -200, -114, 207, -92, 102, -82, -34, 92, 112, 405, 
214, 14, -200, -114, 207, -92, 102, -82, -34, 92, 107, 405, 
214, 14, -200, -114, 207, -92, 102, -82, -34, 92, 107, 405, 
214, 14, -200, -114, 207, -92, 102, -82, -34, 92, 107, 405, 
214, 14, -200, -114, 207, -92, 102, -82, -43, 97, 107, 395, 
214, 14, -200, -114, 207, -92, 102, -82, -43, 97, 107, 395, 
214, 14, -200, -114, 207, -92, 102, -82, -43, 92, 107, 395, 
214, 14, -200, -114, 207, -92, 102, -82, -43, 92, 107, 390, 
214, 24, -190, -119, 202, -82, 102, -82, -34, 97, 112, 400, 
214, 24, -190, -119, 202, -82, 102, -82, -34, 97, 112, 405, 
214, 24, -190, -119, 202, -82, 102, -82, -34, 97, 112, 405, 
214, 24, -190, -119, 202, -82, 102, -82, -34, 97, 112, 405, 
214, 24, -190, -119, 202, -82, 102, -73, -34, 102, 112, 405, 
214, 24, -190, -119, 202, -82, 102, -73, -34, 102, 112, 405, 
214, 24, -190, -119, 202, -82, 102, -73, -34, 107, 112, 405, 
214, 24, -190, -119, 202, -82, 102, -73, -34, 107, 112, 405, 
224, 24, -200, -124, 212, -87, 112, -73, -34, 107, 112, 405, 
224, 24, -200, -124, 212, -87, 112, -73, -34, 107, 112, 405, 
224, 24, -200, -124, 212, -87, 112, -73, -34, 107, 112, 405, 
224, 24, -200, -124, 212, -87, 112, -73, -34, 107, 112, 405, 
224, 24, -200, -124, 212, -87, 112, -73, -34, 107, 112, 405, 
224, 24, -200, -124, 212, -87, 112, -73, -34, 107, 112, 405, 
224, 24, -200, -124, 212, -87, 112, -73, -34, 107, 112, 405, 
224, 24, -200, -124, 212, -87, 107, -73, -34, 107, 112, 405, 
224, 14, -209, -119, 217, -97, 107, -73, -43, 107, 112, 395, 
224, 14, -209, -119, 217, -97, 107, -73, -43, 107, 112, 395, 
224, 14, -209, -119, 217, -97, 107, -73, -39, 107, 112, 395, 
224, 14, -209, -119, 217, -97, 112, -73, -39, 107, 112, 395, 
224, 14, -209, -119, 217, -97, 107, -73, -39, 107, 112, 395, 
224, 14, -209, -119, 217, -97, 107, -73, -39, 107, 112, 395, 
224, 14, -209, -119, 217, -97, 107, -73, -39, 107, 112, 395, 
224, 14, -209, -119, 217, -97, 107, -73, -39, 107, 112, 395, 
214, 19, -195, -117, 204, -87, 107, -73, -39, 107, 112, 395, 
214, 19, -195, -117, 204, -87, 107, -73, -39, 107, 112, 395, 
214, 19, -195, -117, 204, -87, 107, -73, -39, 107, 112, 395, 
214, 14, -200, -114, 207, -92, 107, -73, -39, 102, 112, 395, 
224, 14, -209, -119, 217, -97, 107, -73, -48, 102, 112, 395, 
224, 14, -209, -119, 217, -97, 102, -73, -48, 102, 112, 395, 
224, 14, -209, -119, 217, -97, 102, -73, -48, 107, 112, 395, 
224, 9, -214, -117, 219, -102, 102, -73, -48, 107, 112, 395, 
224, 9, -214, -117, 219, -102, 102, -73, -39, 97, 112, 395, 
224, 14, -209, -119, 217, -97, 102, -73, -39, 97, 112, 395, 
224, 14, -209, -119, 217, -97, 102, -73, -43, 97, 112, 395, 
224, 14, -209, -119, 217, -97, 102, -73, -43, 97, 112, 390, 
224, 14, -209, -119, 217, -97, 112, -73, -43, 107, 112, 390, 
224, 14, -209, -119, 217, -97, 112, -73, -43, 107, 112, 395, 
224, 14, -209, -119, 217, -97, 117, -73, -43, 107, 107, 395, 
224, 14, -209, -119, 217, -97, 117, -73, -43, 102, 107, 395, 
224, 14, -209, -119, 217, -97, 107, -73, -43, 102, 107, 395, 
224, 14, -209, -119, 217, -97, 107, -73, -43, 102, 107, 395, 
224, 14, -209, -119, 217, -97, 107, -73, -48, 102, 107, 395, 
224, 9, -214, -117, 219, -102, 107, -73, -48, 102, 107, 395, 
219, 0, -219, -109, 219, -109, 117, -73, -48, 102, 107, 385, 
214, 0, -214, -107, 214, -107, 117, -73, -48, 102, 107, 385, 
209, 0, -209, -104, 209, -104, 117, -78, -48, 102, 107, 385, 
204, 0, -204, -102, 204, -102, 117, -78, -48, 102, 107, 385, 
214, 4, -209, -109, 212, -102, 107, -73, -58, 92, 97, 385, 
214, 4, -209, -109, 212, -102, 107, -73, -58, 92, 97, 385, 
214, 4, -209, -109, 212, -102, 107, -78, -58, 92, 97, 385, 
214, 4, -209, -109, 212, -102, 107, -78, -63, 82, 92, 380, 
224, 4, -219, -114, 222, -107, 117, -68, -63, 92, 102, 390, 
224, 4, -219, -114, 222, -107, 117, -68, -63, 92, 102, 390, 
224, 0, -224, -112, 224, -112, 117, -68, -68, 92, 97, 390, 
224, 0, -224, -112, 224, -112, 117, -68, -68, 92, 97, 390, 
214, 4, -209, -109, 212, -102, 117, -78, -58, 97, 97, 390, 
214, 4, -209, -109, 212, -102, 117, -78, -53, 97, 102, 390, 
214, 4, -209, -109, 212, -102, 117, -73, -53, 97, 102, 390, 
214, 4, -209, -109, 212, -102, 117, -73, -58, 92, 97, 390, 
224, 14, -209, -119, 217, -97, 117, -73, -58, 92, 87, 380, 
224, 14, -209, -119, 217, -97, 117, -73, -58, 87, 87, 380, 
224, 9, -214, -117, 219, -102, 117, -78, -63, 87, 87, 380, 
224, 9, -214, -117, 219, -102, 117, -78, -63, 87, 87, 375, 
214, 0, -214, -107, 214, -107, 107, -68, -63, 87, 97, 375, 
214, 4, -209, -109, 212, -102, 107, -68, -63, 87, 92, 380, 
214, 4, -209, -109, 212, -102, 107, -68, -63, 87, 92, 380, 
214, 0, -214, -107, 214, -107, 107, -68, -63, 87, 92, 380, 
200, -14, -214, -92, 207, -114, 107, -78, -73, 78, 82, 370, 
200, -19, -219, -90, 209, -119, 107, -78, -73, 78, 82, 370, 
200, -24, -224, -87, 212, -124, 107, -78, -73, 78, 82, 370, 
200, -29, -229, -85, 214, -129, 112, -78, -73, 78, 82, 366, 
200, -29, -229, -85, 214, -129, 102, -78, -73, 78, 82, 375, 
200, -24, -224, -87, 212, -124, 102, -78, -73, 78, 87, 375, 
200, -19, -219, -90, 209, -119, 102, -78, -73, 78, 87, 375, 
200, -9, -209, -95, 204, -109, 102, -78, -73, 73, 87, 375, 
209, 0, -209, -104, 209, -104, 102, -78, -73, 73, 87, 375, 
209, 0, -209, -104, 209, -104, 102, -78, -73, 78, 87, 375, 
209, 0, -209, -104, 209, -104, 102, -78, -73, 78, 87, 375, 
209, 0, -209, -104, 209, -104, 102, -78, -73, 78, 82, 375, 
200, -14, -214, -92, 207, -114, 102, -78, -82, 68, 73, 366, 
200, -14, -214, -92, 207, -114, 102, -78, -82, 68, 73, 366, 
200, -14, -214, -92, 207, -114, 102, -78, -82, 68, 73, 366, 
200, -14, -214, -92, 207, -114, 102, -78, -82, 68, 68, 366, 
209, -4, -214, -102, 212, -109, 112, -78, -73, 68, 78, 375, 
209, -4, -214, -102, 212, -109, 112, -78, -78, 68, 78, 370, 
209, -9, -219, -100, 214, -114, 107, -78, -78, 68, 78, 370, 
209, -9, -219, -100, 214, -114, 107, -78, -78, 68, 78, 370, 
219, 0, -219, -109, 219, -109, 107, -78, -78, 78, 78, 370, 
219, 0, -219, -109, 219, -109, 107, -78, -78, 73, 78, 370, 
219, 0, -219, -109, 219, -109, 107, -78, -78, 73, 82, 370, 
219, 0, -219, -109, 219, -109, 107, -78, -73, 73, 82, 370, 
209, -9, -219, -100, 214, -114, 107, -78, -82, 73, 82, 361, 
209, -9, -219, -100, 214, -114, 107, -78, -82, 73, 82, 361, 
209, -9, -219, -100, 214, -114, 107, -78, -87, 68, 82, 361, 
209, -9, -219, -100, 214, -114, 107, -78, -87, 68, 82, 361, 
209, -19, -229, -95, 219, -124, 107, -78, -87, 58, 68, 361, 
209, -19, -229, -95, 219, -124, 107, -78, -87, 63, 68, 366, 
209, -19, -229, -95, 219, -124, 107, -78, -87, 63, 73, 366, 
209, -19, -229, -95, 219, -124, 107, -82, -87, 63, 73, 361, 
219, -19, -239, -100, 229, -129, 107, -73, -87, 63, 73, 361, 
209, -9, -219, -100, 214, -114, 107, -78, -78, 63, 73, 361, 
209, -19, -229, -95, 219, -124, 107, -87, -87, 63, 82, 361, 
