I, II, III, aVR, aVL, aVF, V1, V2, V3, V4, V5, V6, 
-29, 390, 419, -180, -224, 405, -292, -146, -156, -146, 39, -39, 
-29, 390, 419, -180, -224, 405, -292, -146, -156, -146, 39, -39, 
-29, 390, 419, -180, -224, 405, -292, -146, -156, -146, 39, -39, 
-29, 390, 419, -180, -224, 405, -292, -146, -156, -146, 39, -39, 
-29, 375, 405, -173, -217, 390, -283, -141, -156, -156, 34, -53, 
-29, 370, 400, -170, -214, 385, -283, -136, -156, -156, 29, -58, 
-29, 366, 395, -168, -212, 380, -283, -131, -156, -156, 24, -63, 
-29, 361, 390, -165, -209, 375, -283, -126, -156, -156, 19, -68, 
-29, 370, 400, -170, -214, 385, -273, -126, -156, -146, 29, -53, 
-29, 370, 400, -170, -214, 385, -273, -126, -156, -146, 29, -48, 
-29, 370, 400, -170, -214, 385, -273, -126, -156, -146, 29, -43, 
-29, 370, 400, -170, -214, 385, -273, -126, -156, -146, 29, -39, 
-39, 361, 400, -161, -219, 380, -263, -136, -156, -156, 29, -48, 
-39, 361, 400, -161, -219, 380, -263, -136, -156, -156, 29, -48, 
-39, 361, 400, -161, -219, 380, -263, -136, -156, -156, 29, -48, 
-39, 361, 400, -161, -219, 380, -263, -136, -156, -156, 29, -48, 
-29, 361, 390, -165, -209, 375, -263, -126, -165, -156, 29, -48, 
-29, 361, 390, -165, -209, 375, -263, -126, -165, -156, 29, -48, 
-29, 361, 390, -165, -209, 375, -263, -126, -165, -156, 29, -48, 
-29, 361, 390, -165, -209, 375, -263, -126, -165, -156, 29, -48, 
-29, 366, 395, -168, -212, 380, -263, -117, -165, -156, 29, -39, 
-29, 370, 400, -170, -214, 385, -263, -117, -165, -156, 29, -39, 
-29, 375, 405, -173, -217, 390, -263, -117, -165, -156, 29, -39, 
-29, 380, 409, -175, -219, 395, -263, -117, -165, -156, 29, -39, 
-29, 380, 409, -175, -219, 395, -253, -117, -165, -156, 29, -39, 
-29, 380, 409, -175, -219, 395, -253, -117, -165, -156, 29, -39, 
-29, 380, 409, -175, -219, 395, -253, -117, -165, -156, 29, -39, 
-29, 380, 409, -175, -219, 395, -253, -117, -165, -156, 29, -39, 
-29, 375, 405, -173, -217, 390, -248, -107, -165, -146, 29, -39, 
-29, 370, 400, -170, -214, 385, -244, -107, -165, -146, 29, -39, 
-29, 366, 395, -168, -212, 380, -239, -107, -165, -146, 29, -39, 
-29, 361, 390, -165, -209, 375, -234, -107, -165, -146, 29, -39, 
-29, 361, 390, -165, -209, 375, -234, -97, -156, -156, 39, -34, 
-29, 361, 390, -165, -209, 375, -234, -97, -156, -156, 39, -29, 
-29, 361, 390, -165, -209, 375, -234, -97, -156, -156, 39, -24, 
-29, 361, 390, -165, -209, 375, -234, -97, -156, -156, 39, -19, 
-19, 361, 380, -170, -200, 370, -229, -97, -161, -165, 29, -24, 
-19, 361, 380, -170, -200, 370, -224, -97, -165, -165, 29, -29, 
-19, 361, 380, -170, -200, 370, -219, -97, -170, -165, 29, -34, 
-19, 361, 380, -170, -200, 370, -214, -97, -175, -165, 29, -39, 
-29, 356, 385, -163, -207, 370, -214, -107, -175, -165, 24, -48, 
-29, 351, 380, -161, -204, 366, -214, -107, -175, -165, 19, -48, 
-29, 346, 375, -158, -202, 361, -214, -107, -175, -165, 14, -48, 
-29, 341, 370, -156, -200, 356, -214, -107, -175, -165, 9, -48, 
-29, 341, 370, -156, -200, 356, -209, -97, -165, -165, 14, -43, 
-29, 341, 370, -156, -200, 356, -204, -97, -165, -165, 19, -39, 
-29, 341, 370, -156, -200, 356, -200, -97, -165, -165, 24, -34, 
-29, 341, 370, -156, -200, 356, -195, -97, -165, -165, 29, -29, 
-29, 341, 370, -156, -200, 356, -195, -107, -175, -170, 24, -43, 
-29, 341, 370, -156, -200, 356, -195, -107, -175, -175, 19, -48, 
-29, 341, 370, -156, -200, 356, -195, -107, -175, -180, 14, -53, 
-29, 341, 370, -156, -200, 356, -195, -107, -175, -185, 9, -58, 
-39, 331, 370, -146, -204, 351, -190, -97, -165, -180, 19, -53, 
-39, 331, 370, -146, -204, 351, -185, -97, -165, -175, 19, -48, 
-39, 331, 370, -146, -204, 351, -180, -97, -165, -170, 19, -43, 
-39, 331, 370, -146, -204, 351, -175, -97, -165, -165, 19, -39, 
-29, 322, 351, -146, -190, 336, -165, -97, -175, -175, 29, -34, 
-29, 322, 351, -146, -190, 336, -165, -97, -175, -175, 29, -29, 
-29, 322, 351, -146, -190, 336, -165, -97, -175, -175, 29, -24, 
-29, 322, 351, -146, -190, 336, -165, -97, -175, -175, 29, -19, 
-19, 322, 341, -151, -180, 331, -175, -87, -175, -165, 29, -29, 
-19, 322, 341, -151, -180, 331, -175, -87, -175, -165, 29, -29, 
-19, 322, 341, -151, -180, 331, -175, -87, -175, -165, 29, -29, 
-19, 322, 341, -151, -180, 331, -175, -87, -175, -165, 29, -29, 
-24, 312, 336, -143, -180, 324, -165, -87, -175, -170, 24, -29, 
-29, 312, 341, -141, -185, 326, -165, -87, -175, -175, 19, -29, 
-34, 312, 346, -139, -190, 329, -165, -87, -175, -180, 14, -29, 
-39, 312, 351, -136, -195, 331, -165, -87, -175, -185, 9, -29, 
-39, 312, 351, -136, -195, 331, -156, -87, -180, -190, 4, -43, 
-39, 312, 351, -136, -195, 331, -156, -87, -185, -195, 0, -48, 
-39, 312, 351, -136, -195, 331, -156, -87, -190, -200, -4, -53, 
-39, 312, 351, -136, -195, 331, -156, -87, -195, -204, -9, -58, 
-39, 307, 346, -134, -192, 326, -146, -87, -195, -204, 0, -53, 
-39, 302, 341, -131, -190, 322, -146, -87, -195, -204, 0, -48, 
-43, 292, 336, -124, -190, 314, -146, -92, -195, -204, 0, -43, 
-43, 287, 331, -122, -187, 309, -146, -92, -195, -209, 0, -39, 
-43, 283, 326, -119, -185, 305, -131, -82, -209, -214, -9, -58, 
-43, 283, 326, -119, -185, 305, -126, -82, -214, -219, -14, -58, 
-48, 273, 322, -112, -185, 297, -122, -82, -214, -219, -19, -58, 
-48, 268, 317, -109, -183, 292, -117, -78, -209, -224, -29, -63, 
-48, 263, 312, -107, -180, 287, -107, -78, -219, -234, -39, -63, 
-48, 258, 307, -104, -178, 283, -107, -78, -224, -234, -34, -63, 
-48, 253, 302, -102, -175, 278, -107, -78, -224, -234, -34, -58, 
-48, 253, 302, -102, -175, 278, -107, -78, -224, -229, -34, -58, 
-48, 239, 287, -95, -168, 263, -102, -78, -229, -229, -19, -53, 
-48, 239, 287, -95, -168, 263, -97, -73, -224, -234, -19, -53, 
-48, 234, 283, -92, -165, 258, -92, -73, -224, -234, -19, -53, 
-48, 229, 278, -90, -163, 253, -87, -73, -224, -234, -24, -53, 
-48, 214, 263, -82, -156, 239, -68, -82, -229, -239, -34, -68, 
-48, 209, 258, -80, -153, 234, -68, -78, -234, -244, -43, -78, 
-48, 204, 253, -78, -151, 229, -68, -73, -234, -244, -53, -82, 
-43, 204, 248, -80, -146, 226, -68, -63, -234, -244, -63, -92, 
-53, 195, 248, -70, -151, 222, -58, -73, -248, -248, -68, -97, 
-53, 190, 244, -68, -148, 217, -53, -63, -239, -244, -68, -92, 
-48, 190, 239, -70, -143, 214, -48, -63, -244, -239, -53, -82, 
-48, 200, 248, -75, -148, 224, -48, -63, -239, -239, -43, -87, 
-48, 200, 248, -75, -148, 224, -48, -63, -244, -244, -43, -82, 
-43, 195, 239, -75, -141, 217, -48, -63, -234, -234, -43, -82, 
-43, 185, 229, -70, -136, 207, -48, -58, -229, -234, -43, -78, 
-43, 175, 219, -65, -131, 197, -48, -58, -229, -239, -48, -68, 
-34, 180, 214, -73, -124, 197, -63, -53, -244, -248, -58, -78, 
-34, 180, 214, -73, -124, 197, -63, -53, -244, -253, -58, -82, 
-29, 185, 214, -78, -122, 200, -63, -48, -244, -258, -58, -82, 
-24, 190, 214, -82, -119, 202, -68, -48, -248, -263, -58, -78, 
-14, 200, 214, -92, -114, 207, -73, -39, -239, -253, -53, -73, 
-19, 209, 229, -95, -124, 219, -73, -39, -244, -253, -48, -68, 
-19, 214, 234, -97, -126, 224, -73, -39, -244, -253, -48, -68, 
-24, 214, 239, -95, -131, 226, -73, -34, -248, -258, -43, -68, 
-19, 214, 234, -97, -126, 224, -68, -24, -244, -244, -43, -58, 
-19, 219, 239, -100, -129, 229, -73, -34, -248, -248, -43, -63, 
-19, 229, 248, -104, -134, 239, -73, -43, -239, -248, -39, -63, 
-24, 239, 263, -107, -143, 251, -78, -43, -229, -239, -34, -58, 
-24, 253, 278, -114, -151, 265, -68, -43, -229, -234, -34, -48, 
-19, 253, 273, -117, -146, 263, -58, -39, -229, -239, -43, -48, 
-19, 248, 268, -114, -143, 258, -53, -48, -234, -239, -39, -53, 
-19, 253, 273, -117, -146, 263, -48, -48, -229, -234, -39, -68, 
-29, 239, 268, -104, -148, 253, -48, -53, -229, -224, -29, -58, 
-39, 239, 278, -100, -158, 258, -48, -53, -234, -229, -29, -58, 
-48, 229, 278, -90, -163, 253, -39, -48, -229, -229, -29, -53, 
-58, 224, 283, -82, -170, 253, -24, -48, -224, -229, -24, -48, 
-48, 224, 273, -87, -161, 248, -19, -53, -229, -234, -29, -48, 
-48, 219, 268, -85, -158, 244, -14, -58, -234, -239, -34, -48, 
-48, 219, 268, -85, -158, 244, -9, -58, -244, -253, -43, -53, 
-53, 219, 273, -82, -163, 246, -4, -53, -248, -263, -53, -58, 
-53, 200, 253, -73, -153, 226, -4, -53, -253, -268, -68, -68, 
-53, 190, 244, -68, -148, 217, 0, -53, -253, -268, -73, -78, 
-58, 185, 244, -63, -151, 214, 0, -48, -248, -273, -78, -87, 
-58, 180, 239, -61, -148, 209, 0, -43, -248, -283, -78, -97, 
-48, 180, 229, -65, -139, 204, 14, -29, -239, -273, -58, -82, 
-43, 180, 224, -68, -134, 202, 19, -34, -239, -258, -48, -73, 
-29, 180, 209, -75, -119, 195, 19, -29, -239, -248, -39, -68, 
-24, 175, 200, -75, -112, 187, 24, -29, -244, -239, -29, -63, 
-14, 165, 180, -75, -97, 173, 34, -24, -234, -248, -43, -78, 
-14, 165, 180, -75, -97, 173, 34, -19, -234, -253, -48, -78, 
-14, 165, 180, -75, -97, 173, 34, -14, -234, -253, -48, -78, 
-14, 170, 185, -78, -100, 178, 34, -9, -224, -253, -53, -73, 
-9, 165, 175, -78, -92, 170, 39, -4, -224, -253, -53, -82, 
-9, 165, 175, -78, -92, 170, 39, -4, -229, -258, -58, -82, 
-19, 161, 180, -70, -100, 170, 43, -4, -239, -258, -63, -82, 
-19, 161, 180, -70, -100, 170, 48, -4, -244, -263, -63, -82, 
-14, 156, 170, -70, -92, 163, 48, 4, -234, -253, -63, -82, 
-9, 161, 170, -75, -90, 165, 48, 4, -229, -253, -63, -82, 
-4, 161, 165, -78, -85, 163, 53, 4, -229, -248, -63, -82, 
-9, 161, 170, -75, -90, 165, 58, 9, -224, -244, -63, -82, 
-9, 175, 185, -82, -97, 180, 68, 19, -209, -234, -53, -63, 
-9, 190, 200, -90, -104, 195, 68, 19, -209, -234, -48, -58, 
-9, 209, 219, -100, -114, 214, 68, 14, -209, -234, -48, -53, 
-14, 224, 239, -104, -126, 231, 68, 14, -214, -239, -43, -48, 
-24, 239, 263, -107, -143, 251, 78, 14, -209, -229, -24, -34, 
-29, 244, 273, -107, -151, 258, 78, 19, -200, -219, -14, -29, 
-34, 253, 287, -109, -161, 270, 78, 19, -190, -209, 0, -24, 
-43, 263, 307, -109, -175, 285, 78, 19, -180, -200, 9, -24, 
-43, 273, 317, -114, -180, 295, 92, 29, -190, -200, 4, -34, 
-43, 273, 317, -114, -180, 295, 97, 29, -190, -200, 0, -34, 
-43, 273, 317, -114, -180, 295, 102, 29, -185, -200, -9, -34, 
-43, 268, 312, -112, -178, 290, 117, 29, -185, -200, -14, -34, 
-43, 263, 307, -109, -175, 285, 122, 24, -170, -204, -14, -34, 
-39, 263, 302, -112, -170, 283, 126, 39, -161, -204, -9, -34, 
-39, 273, 312, -117, -175, 292, 131, 43, -146, -195, 0, -34, 
-39, 273, 312, -117, -175, 292, 131, 48, -131, -195, 0, -34, 
-39, 263, 302, -112, -170, 283, 146, 63, -126, -180, 14, -24, 
-48, 268, 317, -109, -183, 292, 156, 87, -117, -161, 14, -24, 
-58, 244, 302, -92, -180, 273, 175, 122, -102, -146, 19, -24, 
-58, 219, 278, -80, -168, 248, 185, 136, -87, -131, 29, -34, 
-63, 209, 273, -73, -168, 241, 195, 151, -68, -107, 53, -14, 
-63, 200, 263, -68, -163, 231, 190, 156, -43, -82, 87, 19, 
-48, 214, 263, -82, -156, 239, 185, 180, 4, -34, 141, 68, 
-9, 234, 244, -112, -126, 239, 180, 224, 58, 24, 200, 122, 
19, 244, 224, -131, -102, 234, 180, 268, 136, 82, 253, 165, 
48, 273, 224, -161, -87, 248, 165, 326, 224, 161, 312, 234, 
102, 356, 253, -229, -75, 305, 131, 385, 336, 287, 434, 341, 
165, 453, 287, -309, -61, 370, 92, 434, 439, 419, 575, 483, 
219, 546, 326, -383, -53, 436, 53, 453, 507, 531, 712, 624, 
273, 644, 370, -458, -48, 507, 0, 453, 556, 634, 849, 771, 
336, 751, 414, -544, -39, 583, -58, 429, 595, 712, 985, 917, 
380, 844, 463, -612, -41, 653, -107, 405, 614, 751, 1068, 1010, 
429, 888, 458, -658, -14, 673, -141, 375, 590, 766, 1107, 1068, 
512, 878, 366, -695, 73, 622, -170, 385, 551, 761, 1117, 1088, 
595, 810, 214, -702, 190, 512, -185, 424, 517, 727, 1068, 1039, 
644, 712, 68, -678, 287, 390, -190, 424, 439, 653, 956, 902, 
673, 644, -29, -658, 351, 307, -204, 375, 302, 527, 795, 741, 
653, 580, -73, -617, 363, 253, -214, 278, 92, 322, 595, 566, 
566, 522, -43, -544, 305, 239, -175, 126, -161, 63, 375, 390, 
390, 463, 73, -427, 158, 268, -102, -78, -448, -258, 92, 180, 
229, 331, 102, -280, 63, 217, 0, -248, -775, -649, -248, -92, 
141, 175, 34, -158, 53, 104, 92, -312, -1039, -980, -585, -346, 
92, 97, 4, -95, 43, 51, 161, -317, -1141, -1141, -766, -502, 
43, 131, 87, -87, -21, 109, 244, -297, -1073, -1127, -785, -536, 
-14, 200, 214, -92, -114, 207, 331, -258, -956, -1049, -732, -512, 
-58, 239, 297, -90, -178, 268, 390, -209, -858, -966, -678, -473, 
-107, 214, 322, -53, -214, 268, 448, -165, -824, -922, -649, -473, 
-146, 175, 322, -14, -234, 248, 502, -141, -824, -912, -649, -497, 
-170, 131, 302, 19, -236, 217, 551, -112, -834, -907, -658, -527, 
-190, 97, 287, 46, -239, 192, 585, -87, -824, -893, -658, -546, 
-204, 82, 287, 61, -246, 185, 610, -87, -819, -883, -649, -556, 
-234, 63, 297, 85, -265, 180, 639, -78, -805, -888, -644, -551, 
-248, -4, 244, 126, -246, 119, 668, -48, -785, -873, -634, -556, 
-248, -92, 156, 170, -202, 31, 702, 0, -746, -844, -624, -546, 
-253, -151, 102, 202, -178, -24, 727, 19, -707, -810, -600, -527, 
-248, -170, 78, 209, -163, -46, 727, 34, -668, -771, -566, -512, 
-258, -161, 97, 209, -178, -31, 727, 48, -624, -712, -512, -483, 
-248, -122, 126, 185, -187, 2, 712, 68, -556, -629, -434, -424, 
-219, -53, 165, 136, -192, 56, 658, 107, -468, -531, -336, -346, 
-161, 14, 175, 73, -168, 95, 580, 175, -375, -424, -229, -268, 
-107, 87, 195, 9, -151, 141, 497, 234, -278, -331, -151, -185, 
-73, 136, 209, -31, -141, 173, 448, 273, -214, -273, -92, -122, 
-58, 156, 214, -48, -136, 185, 419, 268, -170, -248, -68, -87, 
-48, 180, 229, -65, -139, 204, 385, 234, -146, -239, -58, -73, 
-53, 209, 263, -78, -158, 236, 361, 180, -136, -239, -48, -63, 
-63, 209, 273, -73, -168, 241, 351, 156, -156, -248, -68, -82, 
-73, 200, 273, -63, -173, 236, 356, 156, -165, -239, -68, -82, 
-68, 209, 278, -70, -173, 244, 336, 156, -165, -229, -63, -73, 
-68, 219, 287, -75, -178, 253, 322, 156, -156, -214, -53, -68, 
-63, 219, 283, -78, -173, 251, 317, 165, -146, -209, -39, -63, 
-63, 209, 273, -73, -168, 241, 307, 170, -131, -190, -19, -48, 
-68, 209, 278, -70, -173, 244, 317, 185, -126, -190, -14, -48, 
-73, 209, 283, -68, -178, 246, 322, 185, -126, -190, -14, -48, 
-73, 209, 283, -68, -178, 246, 322, 185, -126, -190, -9, -48, 
-73, 195, 268, -61, -170, 231, 331, 185, -126, -200, -14, -43, 
-73, 190, 263, -58, -168, 226, 336, 180, -122, -200, -19, -43, 
-73, 185, 258, -56, -165, 222, 336, 180, -117, -195, -19, -43, 
-73, 180, 253, -53, -163, 217, 336, 180, -112, -190, -14, -43, 
-63, 190, 253, -63, -158, 222, 331, 180, -112, -185, 0, -53, 
-58, 195, 253, -68, -156, 224, 331, 180, -107, -185, 0, -48, 
-58, 200, 258, -70, -158, 229, 331, 180, -107, -185, 0, -39, 
-58, 204, 263, -73, -161, 234, 326, 180, -107, -175, 0, -39, 
-48, 214, 263, -82, -156, 239, 331, 185, -97, -175, 4, -34, 
-48, 224, 273, -87, -161, 248, 336, 190, -97, -180, 9, -29, 
-48, 234, 283, -92, -165, 258, 341, 195, -97, -180, 14, -24, 
-48, 244, 292, -97, -170, 268, 351, 200, -97, -180, 19, -24, 
-48, 234, 283, -92, -165, 258, 361, 190, -107, -190, 9, -29, 
-48, 234, 283, -92, -165, 258, 356, 190, -107, -190, 0, -34, 
-43, 234, 278, -95, -161, 256, 356, 190, -97, -185, -9, -39, 
-43, 234, 278, -95, -161, 256, 356, 190, -97, -185, -19, -43, 
-48, 229, 278, -90, -163, 253, 356, 214, -107, -185, -19, -48, 
-53, 219, 273, -82, -163, 246, 356, 204, -107, -185, -14, -53, 
-58, 209, 268, -75, -163, 239, 356, 204, -107, -180, -14, -58, 
-63, 200, 263, -68, -163, 231, 361, 204, -107, -180, -14, -63, 
-63, 209, 273, -73, -168, 241, 366, 214, -97, -180, -4, -48, 
-63, 209, 273, -73, -168, 241, 370, 219, -92, -180, -4, -48, 
-63, 209, 273, -73, -168, 241, 375, 224, -87, -180, -4, -48, 
-68, 209, 278, -70, -173, 244, 380, 229, -87, -180, -4, -48, 
-68, 204, 273, -68, -170, 239, 390, 239, -97, -180, -4, -39, 
-68, 204, 273, -68, -170, 239, 390, 239, -87, -175, 0, -39, 
-68, 204, 273, -68, -170, 239, 390, 239, -87, -175, 0, -39, 
-63, 204, 268, -70, -165, 236, 385, 234, -87, -175, 0, -39, 
-73, 195, 268, -61, -170, 231, 390, 234, -82, -165, 9, -39, 
-73, 195, 268, -61, -170, 231, 390, 234, -82, -165, 9, -39, 
-73, 195, 268, -61, -170, 231, 390, 234, -82, -165, 9, -39, 
-73, 195, 268, -61, -170, 231, 390, 234, -82, -165, 9, -39, 
-68, 200, 268, -65, -168, 234, 390, 234, -82, -170, 9, -39, 
-63, 204, 268, -70, -165, 236, 395, 239, -78, -170, 9, -39, 
-53, 204, 258, -75, -156, 231, 395, 239, -78, -170, 9, -39, 
-48, 209, 258, -80, -153, 234, 395, 244, -78, -170, 14, -39, 
-43, 204, 248, -80, -146, 226, 400, 253, -87, -170, 4, -48, 
-43, 204, 248, -80, -146, 226, 405, 253, -82, -170, 0, -48, 
-43, 204, 248, -80, -146, 226, 409, 253, -78, -170, 0, -48, 
-48, 204, 253, -78, -151, 229, 414, 263, -78, -165, 4, -48, 
-53, 190, 244, -68, -148, 217, 424, 263, -73, -175, -4, -48, 
-58, 190, 248, -65, -153, 219, 424, 263, -73, -175, -4, -48, 
-63, 190, 253, -63, -158, 222, 424, 263, -73, -175, -4, -48, 
-68, 195, 263, -63, -165, 229, 424, 268, -73, -170, 0, -48, 
-58, 185, 244, -63, -151, 214, 434, 278, -68, -161, 0, -48, 
-53, 185, 239, -65, -146, 212, 434, 283, -63, -161, 0, -48, 
-53, 185, 239, -65, -146, 212, 434, 283, -63, -156, 0, -48, 
-48, 185, 234, -68, -141, 209, 434, 287, -58, -156, 0, -48, 
-48, 185, 234, -68, -141, 209, 444, 287, -68, -156, 4, -58, 
-53, 185, 239, -65, -146, 212, 444, 287, -58, -151, 4, -58, 
-53, 185, 239, -65, -146, 212, 444, 292, -58, -156, 4, -48, 
-53, 185, 239, -65, -146, 212, 444, 297, -53, -161, 4, -48, 
-53, 175, 229, -61, -141, 202, 453, 312, -39, -161, 0, -53, 
-53, 170, 224, -58, -139, 197, 458, 317, -39, -161, 0, -53, 
-53, 170, 224, -58, -139, 197, 458, 317, -39, -156, 0, -53, 
-53, 180, 234, -63, -143, 207, 458, 322, -34, -146, 0, -53, 
-53, 185, 239, -65, -146, 212, 458, 331, -29, -136, 9, -43, 
-48, 185, 234, -68, -141, 209, 458, 336, -24, -136, 14, -43, 
-48, 185, 234, -68, -141, 209, 463, 336, -19, -136, 14, -43, 
-53, 185, 239, -65, -146, 212, 463, 341, -14, -126, 19, -39, 
-63, 180, 244, -58, -153, 212, 468, 356, 0, -122, 24, -39, 
-58, 175, 234, -58, -146, 204, 468, 361, 0, -117, 29, -39, 
-48, 175, 224, -63, -136, 200, 473, 366, 4, -112, 29, -29, 
-43, 170, 214, -63, -129, 192, 478, 370, 14, -107, 34, -29, 
-43, 180, 224, -68, -134, 202, 488, 366, 19, -102, 43, -19, 
-43, 180, 224, -68, -134, 202, 488, 370, 24, -102, 48, -19, 
-43, 180, 224, -68, -134, 202, 488, 375, 29, -97, 48, -14, 
-43, 185, 229, -70, -136, 207, 488, 385, 34, -92, 58, -14, 
-39, 180, 219, -70, -129, 200, 497, 400, 34, -87, 53, -19, 
-39, 180, 219, -70, -129, 200, 497, 414, 43, -82, 53, -19, 
-43, 180, 224, -68, -134, 202, 497, 414, 53, -78, 58, -14, 
-43, 185, 229, -70, -136, 207, 497, 419, 58, -68, 63, -9, 
-39, 185, 224, -73, -131, 204, 507, 434, 63, -48, 63, 0, 
-34, 180, 214, -73, -124, 197, 507, 439, 78, -43, 68, 0, 
-24, 180, 204, -78, -114, 192, 507, 444, 87, -39, 73, 0, 
-24, 180, 204, -78, -114, 192, 507, 448, 87, -34, 78, 0, 
-34, 180, 214, -73, -124, 197, 507, 458, 97, -29, 78, 4, 
-24, 180, 204, -78, -114, 192, 507, 473, 107, -24, 82, 0, 
-24, 180, 204, -78, -114, 192, 507, 483, 117, -19, 87, 4, 
-24, 180, 204, -78, -114, 192, 507, 492, 136, -14, 97, 0, 
-19, 180, 200, -80, -109, 190, 517, 497, 146, -4, 102, 9, 
-9, 180, 190, -85, -100, 185, 517, 507, 161, 4, 112, 14, 
4, 180, 175, -92, -85, 178, 517, 517, 165, 14, 122, 19, 
9, 185, 175, -97, -82, 180, 522, 536, 175, 24, 122, 24, 
4, 190, 185, -97, -90, 187, 531, 546, 200, 34, 136, 19, 
14, 190, 175, -102, -80, 183, 531, 556, 214, 48, 146, 19, 
19, 195, 175, -107, -78, 185, 531, 566, 229, 63, 156, 19, 
19, 195, 175, -107, -78, 185, 531, 580, 239, 78, 161, 29, 
29, 190, 161, -109, -65, 175, 536, 595, 253, 87, 170, 34, 
29, 190, 161, -109, -65, 175, 536, 614, 263, 102, 175, 43, 
34, 190, 156, -112, -61, 173, 536, 629, 273, 107, 185, 53, 
39, 190, 151, -114, -56, 170, 531, 644, 287, 117, 190, 53, 
34, 185, 151, -109, -58, 168, 536, 644, 302, 136, 200, 58, 
34, 195, 161, -114, -63, 178, 541, 653, 317, 141, 195, 63, 
34, 200, 165, -117, -65, 183, 546, 673, 336, 156, 204, 68, 
34, 204, 170, -119, -68, 187, 551, 683, 356, 165, 209, 68, 
48, 209, 161, -129, -56, 185, 551, 702, 361, 190, 219, 78, 
53, 214, 161, -134, -53, 187, 551, 717, 375, 200, 234, 78, 
63, 219, 156, -141, -46, 187, 551, 727, 390, 214, 239, 78, 
68, 219, 151, -143, -41, 185, 551, 741, 405, 224, 253, 82, 
68, 214, 146, -141, -39, 180, 556, 741, 414, 234, 253, 87, 
73, 214, 141, -143, -34, 178, 556, 761, 429, 239, 263, 92, 
78, 214, 136, -146, -29, 175, 556, 771, 444, 253, 268, 107, 
87, 214, 126, -151, -19, 170, 556, 780, 458, 263, 278, 112, 
82, 219, 136, -151, -26, 178, 556, 785, 478, 283, 297, 117, 
92, 219, 126, -156, -17, 173, 556, 795, 492, 292, 307, 122, 
107, 224, 117, -165, -4, 170, 556, 805, 507, 302, 317, 136, 
117, 229, 112, -173, 2, 170, 556, 814, 512, 312, 322, 136, 
117, 239, 122, -178, -2, 180, 556, 824, 522, 336, 331, 141, 
122, 244, 122, -183, 0, 183, 556, 839, 536, 341, 341, 151, 
122, 248, 126, -185, -2, 187, 556, 849, 541, 351, 351, 156, 
126, 253, 126, -190, 0, 190, 546, 863, 551, 366, 370, 170, 
131, 268, 136, -200, -2, 202, 551, 858, 551, 366, 370, 170, 
136, 268, 131, -202, 2, 200, 546, 854, 551, 366, 375, 175, 
146, 268, 122, -207, 12, 195, 541, 849, 561, 361, 370, 175, 
146, 273, 126, -209, 9, 200, 541, 844, 556, 366, 370, 190, 
146, 268, 122, -207, 12, 195, 546, 844, 556, 366, 380, 190, 
141, 273, 131, -207, 4, 202, 541, 844, 556, 366, 380, 195, 
141, 278, 136, -209, 2, 207, 541, 844, 556, 366, 380, 200, 
136, 278, 141, -207, -2, 209, 541, 839, 546, 366, 380, 200, 
141, 278, 136, -209, 2, 207, 546, 829, 522, 351, 361, 190, 
141, 287, 146, -214, -2, 217, 541, 819, 507, 341, 361, 190, 
136, 292, 156, -214, -9, 224, 536, 800, 502, 336, 361, 190, 
136, 292, 156, -214, -9, 224, 531, 790, 488, 326, 356, 190, 
126, 283, 156, -204, -14, 219, 536, 771, 453, 292, 341, 180, 
131, 283, 151, -207, -9, 217, 531, 751, 424, 268, 331, 175, 
131, 283, 151, -207, -9, 217, 531, 727, 405, 244, 322, 170, 
126, 283, 156, -204, -14, 219, 531, 697, 375, 219, 317, 165, 
117, 273, 156, -195, -19, 214, 527, 678, 351, 204, 292, 156, 
112, 273, 161, -192, -24, 217, 527, 663, 322, 185, 283, 151, 
112, 273, 161, -192, -24, 217, 527, 649, 302, 165, 273, 151, 
112, 273, 161, -192, -24, 217, 527, 629, 283, 151, 263, 151, 
97, 263, 165, -180, -34, 214, 536, 610, 263, 131, 248, 131, 
92, 258, 165, -175, -36, 212, 536, 595, 244, 112, 229, 131, 
78, 258, 180, -168, -51, 219, 541, 580, 219, 92, 214, 131, 
73, 253, 180, -163, -53, 217, 541, 556, 195, 68, 200, 122, 
68, 248, 180, -158, -56, 214, 551, 541, 170, 48, 175, 107, 
63, 248, 185, -156, -61, 217, 551, 517, 146, 14, 161, 97, 
53, 248, 195, -151, -70, 222, 551, 497, 122, 0, 146, 82, 
53, 244, 190, -148, -68, 217, 551, 483, 97, -14, 131, 73, 
43, 234, 190, -139, -73, 212, 561, 483, 82, -24, 131, 68, 
39, 224, 185, -131, -73, 204, 561, 468, 68, -43, 122, 58, 
34, 214, 180, -124, -73, 197, 566, 458, 53, -58, 112, 58, 
24, 209, 185, -117, -80, 197, 566, 453, 43, -73, 97, 53, 
19, 204, 185, -112, -82, 195, 566, 444, 34, -87, 92, 58, 
9, 200, 190, -104, -90, 195, 566, 424, 14, -97, 87, 53, 
-9, 200, 209, -95, -109, 204, 566, 409, 4, -112, 78, 48, 
-14, 200, 214, -92, -114, 207, 566, 400, -9, -122, 73, 43, 
-14, 190, 204, -87, -109, 197, 575, 400, -14, -126, 53, 24, 
-14, 185, 200, -85, -107, 192, 575, 395, -29, -136, 43, 14, 
-14, 180, 195, -82, -104, 187, 575, 390, -34, -141, 34, 9, 
-14, 175, 190, -80, -102, 183, 575, 380, -39, -146, 34, 9, 
-19, 170, 190, -75, -104, 180, 585, 380, -43, -141, 29, 19, 
-19, 165, 185, -73, -102, 175, 585, 375, -43, -151, 29, 19, 
-24, 161, 185, -68, -104, 173, 585, 375, -48, -156, 29, 14, 
-29, 156, 185, -63, -107, 170, 585, 375, -53, -156, 34, 9, 
-19, 165, 185, -73, -102, 175, 585, 380, -48, -161, 19, 9, 
-19, 165, 185, -73, -102, 175, 585, 380, -53, -165, 19, 9, 
-24, 165, 190, -70, -107, 178, 585, 375, -58, -165, 14, 0, 
-29, 165, 195, -68, -112, 180, 585, 375, -63, -165, 14, 0, 
-19, 161, 180, -70, -100, 170, 585, 370, -73, -180, 9, -9, 
-19, 161, 180, -70, -100, 170, 590, 370, -73, -185, 9, -9, 
-19, 156, 175, -68, -97, 165, 595, 370, -78, -190, 4, -14, 
-24, 151, 175, -63, -100, 163, 595, 370, -82, -190, 0, -19, 
-29, 141, 170, -56, -100, 156, 595, 375, -82, -190, 4, -24, 
-34, 136, 170, -51, -102, 153, 595, 375, -78, -190, 4, -24, 
-43, 136, 180, -46, -112, 158, 595, 375, -82, -190, 0, -24, 
-48, 146, 195, -48, -122, 170, 595, 375, -78, -190, 0, -24, 
-34, 156, 190, -61, -112, 173, 595, 380, -78, -185, 0, -24, 
-34, 146, 180, -56, -107, 163, 595, 380, -78, -185, 0, -24, 
-34, 146, 180, -56, -107, 163, 595, 380, -78, -185, 0, -24, 
-34, 151, 185, -58, -109, 168, 595, 385, -78, -185, 4, -24, 
-29, 151, 180, -61, -104, 165, 600, 385, -68, -185, -4, -14, 
-29, 156, 185, -63, -107, 170, 610, 380, -73, -185, -4, -14, 
-29, 156, 185, -63, -107, 170, 614, 380, -78, -185, -4, -14, 
-29, 156, 185, -63, -107, 170, 619, 385, -82, -185, -4, -19, 
-39, 156, 195, -58, -117, 175, 619, 395, -73, -195, -4, -29, 
-39, 151, 190, -56, -114, 170, 614, 395, -73, -195, -4, -29, 
-39, 146, 185, -53, -112, 165, 614, 390, -73, -195, -9, -29, 
-43, 141, 185, -48, -114, 163, 614, 390, -73, -195, -14, -29, 
-48, 131, 180, -41, -114, 156, 614, 390, -68, -190, -14, -29, 
-48, 136, 185, -43, -117, 161, 614, 390, -68, -190, -14, -34, 
-48, 136, 185, -43, -117, 161, 614, 395, -68, -195, -14, -34, 
-48, 141, 190, -46, -119, 165, 614, 395, -68, -195, -14, -29, 
-39, 131, 170, -46, -104, 151, 619, 395, -68, -200, -14, -29, 
-34, 131, 165, -48, -100, 148, 624, 395, -68, -200, -14, -29, 
-34, 131, 165, -48, -100, 148, 629, 395, -68, -195, -14, -29, 
-34, 131, 165, -48, -100, 148, 634, 395, -68, -195, -14, -29, 
-29, 131, 161, -51, -95, 146, 629, 405, -68, -195, -14, -19, 
-29, 131, 161, -51, -95, 146, 629, 405, -68, -195, -14, -19, 
-34, 131, 165, -48, -100, 148, 629, 405, -68, -195, -14, -14, 
-34, 131, 165, -48, -100, 148, 629, 405, -63, -195, -14, -14, 
-39, 122, 161, -41, -100, 141, 639, 405, -63, -185, -14, -14, 
-39, 122, 161, -41, -100, 141, 639, 405, -68, -185, -14, -14, 
-39, 122, 161, -41, -100, 141, 639, 405, -73, -190, -14, -14, 
-39, 122, 161, -41, -100, 141, 639, 405, -73, -190, -14, -19, 
-39, 112, 151, -36, -95, 131, 639, 405, -63, -190, -24, -24, 
-39, 112, 151, -36, -95, 131, 639, 409, -63, -195, -19, -29, 
-39, 112, 151, -36, -95, 131, 639, 409, -63, -200, -19, -34, 
-39, 112, 151, -36, -95, 131, 639, 405, -63, -204, -19, -39, 
-43, 102, 146, -29, -95, 124, 634, 405, -73, -195, -9, -29, 
-43, 102, 146, -29, -95, 124, 634, 409, -73, -195, -9, -29, 
-48, 102, 151, -26, -100, 126, 639, 409, -73, -195, -9, -29, 
-58, 102, 161, -21, -109, 131, 639, 409, -73, -195, -9, -29, 
-48, 92, 141, -21, -95, 117, 644, 409, -63, -185, -9, -29, 
-48, 92, 141, -21, -95, 117, 644, 409, -63, -185, -9, -29, 
-53, 92, 146, -19, -100, 119, 644, 409, -63, -185, -9, -29, 
-53, 92, 146, -19, -100, 119, 644, 409, -63, -185, -9, -29, 
-53, 92, 146, -19, -100, 119, 644, 409, -63, -185, -9, -29, 
-53, 87, 141, -17, -97, 114, 644, 409, -63, -185, -14, -29, 
-53, 87, 141, -17, -97, 114, 644, 409, -63, -185, -14, -29, 
-53, 92, 146, -19, -100, 119, 644, 409, -63, -185, -9, -29, 
-43, 97, 141, -26, -92, 119, 653, 424, -63, -185, -9, -19, 
-43, 102, 146, -29, -95, 124, 653, 424, -63, -185, -9, -19, 
-43, 102, 146, -29, -95, 124, 653, 424, -63, -185, -9, -19, 
-43, 102, 146, -29, -95, 124, 653, 419, -63, -185, -9, -19, 
-34, 107, 141, -36, -87, 124, 653, 429, -63, -185, 0, -19, 
-34, 112, 146, -39, -90, 129, 653, 429, -63, -185, 0, -19, 
-34, 117, 151, -41, -92, 134, 649, 429, -63, -185, 0, -19, 
-34, 122, 156, -43, -95, 139, 649, 429, -63, -185, 0, -19, 
-34, 117, 151, -41, -92, 134, 644, 429, -63, -175, 0, -19, 
-34, 117, 151, -41, -92, 134, 644, 429, -63, -175, 0, -19, 
-34, 112, 146, -39, -90, 129, 644, 429, -63, -180, 0, -19, 
-34, 112, 146, -39, -90, 129, 644, 429, -63, -180, -9, -19, 
-43, 97, 141, -26, -92, 119, 634, 419, -68, -190, -9, -19, 
-43, 92, 136, -24, -90, 114, 634, 419, -68, -190, -4, -19, 
-43, 87, 131, -21, -87, 109, 634, 419, -68, -185, -4, -19, 
-43, 82, 126, -19, -85, 104, 634, 419, -68, -185, -4, -19, 
-43, 92, 136, -24, -90, 114, 639, 429, -68, -190, -4, -29, 
-43, 82, 126, -19, -85, 104, 644, 429, -68, -190, -9, -29, 
-43, 82, 126, -19, -85, 104, 649, 424, -68, -190, -9, -29, 
-43, 87, 131, -21, -87, 109, 649, 424, -68, -190, -9, -29, 
-43, 87, 131, -21, -87, 109, 639, 414, -68, -190, -9, -19, 
-43, 87, 131, -21, -87, 109, 644, 414, -68, -185, -4, -19, 
-43, 87, 131, -21, -87, 109, 644, 414, -63, -185, -4, -19, 
-43, 87, 131, -21, -87, 109, 644, 414, -63, -190, -4, -19, 
-43, 97, 141, -26, -92, 119, 653, 409, -73, -185, -4, -29, 
-43, 97, 141, -26, -92, 119, 653, 409, -73, -190, -9, -29, 
-43, 97, 141, -26, -92, 119, 653, 400, -82, -195, -9, -29, 
-43, 97, 141, -26, -92, 119, 649, 395, -87, -195, -9, -29, 
-48, 87, 136, -19, -92, 112, 658, 405, -78, -195, -9, -29, 
-48, 87, 136, -19, -92, 112, 658, 405, -78, -204, -14, -34, 
-48, 87, 136, -19, -92, 112, 658, 409, -78, -204, -14, -34, 
-48, 87, 136, -19, -92, 112, 658, 409, -78, -200, -14, -34, 
-43, 87, 131, -21, -87, 109, 658, 414, -73, -195, -4, -29, 
-39, 87, 126, -24, -82, 107, 658, 419, -68, -190, -4, -24, 
-34, 87, 122, -26, -78, 104, 658, 424, -68, -185, -4, -19, 
-29, 87, 117, -29, -73, 102, 658, 424, -63, -180, -4, -14, 
-39, 87, 126, -24, -82, 107, 658, 414, -73, -190, -4, -19, 
-39, 87, 126, -24, -82, 107, 658, 414, -73, -195, -4, -24, 
-43, 87, 131, -21, -87, 109, 658, 414, -68, -200, -4, -29, 
-43, 87, 131, -21, -87, 109, 658, 409, -68, -200, -4, -34, 
-43, 78, 122, -17, -82, 100, 649, 405, -78, -195, -14, -34, 
-43, 78, 122, -17, -82, 100, 653, 405, -78, -195, -14, -34, 
-43, 78, 122, -17, -82, 100, 658, 405, -82, -204, -19, -34, 
-43, 78, 122, -17, -82, 100, 658, 405, -82, -204, -19, -34, 
-43, 78, 122, -17, -82, 100, 653, 405, -82, -209, -19, -34, 
-43, 78, 122, -17, -82, 100, 653, 405, -82, -209, -19, -34, 
-43, 78, 122, -17, -82, 100, 658, 405, -82, -214, -19, -39, 
-48, 78, 126, -14, -87, 102, 658, 405, -87, -214, -24, -43, 
-58, 58, 117, 0, -87, 87, 658, 405, -78, -209, -24, -34, 
-58, 53, 112, 2, -85, 82, 658, 405, -78, -209, -19, -34, 
-58, 53, 112, 2, -85, 82, 658, 405, -73, -209, -14, -34, 
-58, 53, 112, 2, -85, 82, 658, 405, -73, -209, -9, -34, 
-53, 68, 122, -7, -87, 95, 649, 414, -73, -209, 0, -24, 
-48, 73, 122, -12, -85, 97, 649, 409, -78, -209, -4, -24, 
-48, 78, 126, -14, -87, 102, 649, 409, -78, -204, -4, -29, 
-43, 87, 131, -21, -87, 109, 649, 409, -78, -195, -4, -29, 
-43, 97, 141, -26, -92, 119, 663, 419, -68, -195, 4, -14, 
-43, 97, 141, -26, -92, 119, 663, 419, -68, -195, 4, -14, 
-39, 97, 136, -29, -87, 117, 663, 419, -68, -195, 4, -14, 
-39, 97, 136, -29, -87, 117, 668, 419, -68, -195, 9, -14, 
-39, 87, 126, -24, -82, 107, 663, 409, -68, -200, 0, -14, 
-39, 82, 122, -21, -80, 102, 663, 409, -68, -200, 0, -14, 
-39, 82, 122, -21, -80, 102, 663, 409, -68, -200, 0, -19, 
-43, 82, 126, -19, -85, 104, 663, 400, -73, -200, -9, -24, 
-53, 73, 126, -9, -90, 100, 658, 400, -78, -209, -14, -34, 
-53, 68, 122, -7, -87, 95, 658, 400, -82, -214, -14, -34, 
-43, 73, 117, -14, -80, 95, 658, 405, -87, -214, -14, -34, 
-43, 73, 117, -14, -80, 95, 658, 405, -92, -214, -19, -34, 
-34, 68, 102, -17, -68, 85, 658, 414, -87, -209, -24, -43, 
-39, 63, 102, -12, -70, 82, 658, 414, -82, -209, -24, -43, 
-39, 63, 102, -12, -70, 82, 653, 414, -78, -204, -29, -43, 
-34, 58, 92, -12, -63, 75, 653, 414, -73, -204, -29, -39, 
-29, 68, 97, -19, -63, 82, 658, 414, -73, -204, -19, -29, 
-29, 68, 97, -19, -63, 82, 663, 414, -73, -204, -19, -39, 
-34, 68, 102, -17, -68, 85, 668, 414, -73, -204, -19, -39, 
-34, 73, 107, -19, -70, 90, 668, 414, -73, -204, -14, -34, 
-39, 63, 102, -12, -70, 82, 653, 409, -82, -204, -14, -34, 
-39, 68, 107, -14, -73, 87, 653, 409, -82, -204, -14, -34, 
-43, 68, 112, -12, -78, 90, 644, 409, -82, -204, -14, -34, 
-43, 68, 112, -12, -78, 90, 639, 409, -82, -204, -9, -34, 
-34, 68, 102, -17, -68, 85, 639, 409, -82, -209, -19, -39, 
-39, 68, 107, -14, -73, 87, 644, 409, -82, -209, -19, -39, 
-39, 68, 107, -14, -73, 87, 649, 409, -78, -209, -19, -39, 
-34, 73, 107, -19, -70, 90, 653, 409, -78, -209, -19, -39, 
-43, 68, 112, -12, -78, 90, 653, 405, -68, -200, -9, -29, 
-43, 73, 117, -14, -80, 95, 653, 405, -73, -200, -9, -29, 
-43, 73, 117, -14, -80, 95, 658, 409, -73, -204, -9, -29, 
-43, 68, 112, -12, -78, 90, 658, 409, -73, -204, -9, -29, 
-53, 63, 117, -4, -85, 90, 658, 409, -73, -214, -19, -39, 
-48, 63, 112, -7, -80, 87, 653, 409, -73, -209, -19, -34, 
-48, 63, 112, -7, -80, 87, 653, 409, -73, -209, -19, -34, 
-48, 58, 107, -4, -78, 82, 658, 405, -68, -209, -19, -34, 
-48, 68, 117, -9, -82, 92, 649, 405, -78, -200, -29, -43, 
-48, 63, 112, -7, -80, 87, 649, 405, -78, -204, -29, -43, 
-48, 58, 107, -4, -78, 82, 649, 405, -78, -209, -24, -43, 
-48, 53, 102, -2, -75, 78, 649, 405, -78, -214, -24, -43, 
-39, 63, 102, -12, -70, 82, 658, 409, -87, -209, -34, -39, 
-43, 58, 102, -7, -73, 80, 658, 409, -87, -209, -29, -39, 
-48, 53, 102, -2, -75, 78, 658, 409, -87, -204, -29, -39, 
-48, 53, 102, -2, -75, 78, 658, 405, -92, -204, -29, -43, 
-43, 63, 107, -9, -75, 85, 649, 414, -92, -204, -19, -39, 
-43, 63, 107, -9, -75, 85, 649, 414, -87, -204, -19, -39, 
-43, 63, 107, -9, -75, 85, 653, 414, -82, -204, -19, -39, 
-43, 63, 107, -9, -75, 85, 653, 409, -78, -204, -19, -39, 
-43, 73, 117, -14, -80, 95, 649, 409, -68, -204, -9, -39, 
-39, 68, 107, -14, -73, 87, 644, 409, -78, -204, -9, -39, 
-48, 63, 112, -7, -80, 87, 644, 409, -78, -204, -9, -39, 
-48, 58, 107, -4, -78, 82, 644, 409, -78, -204, -9, -39, 
-48, 53, 102, -2, -75, 78, 644, 409, -78, -204, -9, -39, 
-48, 48, 97, 0, -73, 73, 644, 409, -78, -204, -9, -39, 
-39, 58, 97, -9, -68, 78, 653, 409, -68, -204, -9, -29, 
-39, 58, 97, -9, -68, 78, 653, 409, -68, -204, -9, -29, 
-39, 58, 97, -9, -68, 78, 653, 409, -68, -204, -9, -29, 
-39, 58, 97, -9, -68, 78, 653, 409, -68, -204, -9, -29, 
-39, 68, 107, -14, -73, 87, 653, 419, -68, -195, -9, -19, 
-39, 68, 107, -14, -73, 87, 653, 419, -68, -195, -9, -19, 
-39, 68, 107, -14, -73, 87, 653, 419, -68, -195, -9, -19, 
-39, 68, 107, -14, -73, 87, 653, 419, -68, -195, -9, -19, 
-29, 68, 97, -19, -63, 82, 663, 409, -68, -195, -9, -29, 
-29, 68, 97, -19, -63, 82, 663, 409, -68, -195, -9, -29, 
-29, 68, 97, -19, -63, 82, 663, 409, -68, -195, -9, -29, 
-29, 68, 97, -19, -63, 82, 663, 409, -68, -195, -9, -29, 
-39, 58, 97, -9, -68, 78, 663, 409, -78, -204, -9, -39, 
-39, 58, 97, -9, -68, 78, 663, 409, -78, -204, -9, -39, 
-39, 58, 97, -9, -68, 78, 663, 409, -78, -204, -9, -39, 
-39, 58, 97, -9, -68, 78, 663, 409, -78, -204, -9, -39, 
-48, 48, 97, 0, -73, 73, 653, 409, -68, -204, -9, -39, 
-48, 48, 97, 0, -73, 73, 653, 409, -68, -204, -9, -39, 
-48, 48, 97, 0, -73, 73, 653, 409, -68, -204, -9, -39, 
-48, 48, 97, 0, -73, 73, 653, 409, -68, -204, -9, -39, 
-43, 48, 92, -2, -68, 70, 644, 400, -78, -204, -9, -39, 
-39, 48, 87, -4, -63, 68, 644, 400, -78, -204, -9, -39, 
-34, 48, 82, -7, -58, 65, 644, 400, -78, -204, -9, -39, 
-29, 48, 78, -9, -53, 63, 644, 400, -78, -204, -9, -39, 
-39, 48, 87, -4, -63, 68, 644, 405, -68, -204, -9, -39, 
-39, 48, 87, -4, -63, 68, 644, 409, -68, -204, -9, -39, 
-39, 48, 87, -4, -63, 68, 644, 414, -68, -204, -9, -39, 
-39, 48, 87, -4, -63, 68, 644, 419, -68, -204, -9, -39, 
-39, 48, 87, -4, -63, 68, 644, 414, -78, -195, -19, -39, 
-39, 48, 87, -4, -63, 68, 644, 409, -78, -195, -19, -39, 
-39, 48, 87, -4, -63, 68, 644, 405, -78, -195, -19, -39, 
-39, 48, 87, -4, -63, 68, 644, 400, -78, -195, -19, -39, 
-43, 48, 92, -2, -68, 70, 653, 400, -78, -204, -9, -39, 
-48, 48, 97, 0, -73, 73, 653, 400, -78, -204, -9, -39, 
-53, 48, 102, 2, -78, 75, 653, 400, -78, -204, -9, -39, 
-58, 48, 107, 4, -82, 78, 653, 400, -78, -204, -9, -39, 
-48, 48, 97, 0, -73, 73, 653, 409, -78, -204, -9, -48, 
-48, 48, 97, 0, -73, 73, 653, 409, -78, -204, -9, -48, 
-48, 48, 97, 0, -73, 73, 653, 409, -78, -204, -9, -48, 
-48, 48, 97, 0, -73, 73, 653, 409, -78, -204, -9, -48, 
-43, 58, 102, -7, -73, 80, 644, 400, -78, -204, -9, -48, 
-39, 58, 97, -9, -68, 78, 644, 400, -78, -204, -9, -48, 
-34, 58, 92, -12, -63, 75, 644, 400, -78, -204, -9, -48, 
-29, 58, 87, -14, -58, 73, 644, 400, -78, -204, -9, -48, 
-29, 58, 87, -14, -58, 73, 653, 405, -68, -204, -9, -39, 
-29, 58, 87, -14, -58, 73, 653, 409, -68, -204, -9, -39, 
-29, 58, 87, -14, -58, 73, 653, 414, -68, -204, -9, -39, 
-29, 58, 87, -14, -58, 73, 653, 419, -68, -204, -9, -39, 
-39, 58, 97, -9, -68, 78, 653, 409, -68, -204, -19, -43, 
-39, 58, 97, -9, -68, 78, 653, 409, -68, -204, -19, -48, 
-39, 58, 97, -9, -68, 78, 653, 409, -68, -204, -19, -53, 
-39, 58, 97, -9, -68, 78, 653, 409, -68, -204, -19, -58, 
-29, 53, 82, -12, -56, 68, 649, 400, -68, -204, -19, -58, 
-29, 48, 78, -9, -53, 63, 644, 400, -68, -204, -19, -58, 
-29, 43, 73, -7, -51, 58, 639, 400, -68, -204, -19, -58, 
-29, 39, 68, -4, -48, 53, 634, 400, -68, -204, -19, -58, 
-39, 48, 87, -4, -63, 68, 634, 409, -78, -204, -9, -58, 
-39, 48, 87, -4, -63, 68, 634, 409, -78, -204, -9, -58, 
-39, 48, 87, -4, -63, 68, 634, 409, -78, -204, -9, -58, 
-39, 48, 87, -4, -63, 68, 634, 409, -78, -204, -9, -58, 
-39, 58, 97, -9, -68, 78, 624, 400, -68, -204, -9, -48, 
-39, 58, 97, -9, -68, 78, 624, 400, -68, -204, -9, -48, 
-39, 58, 97, -9, -68, 78, 624, 400, -68, -204, -9, -48, 
-39, 58, 97, -9, -68, 78, 624, 400, -68, -204, -9, -48, 
-39, 58, 97, -9, -68, 78, 624, 400, -68, -195, -9, -58, 
-39, 58, 97, -9, -68, 78, 624, 400, -68, -195, -9, -58, 
-39, 58, 97, -9, -68, 78, 624, 400, -68, -195, -9, -58, 
-39, 58, 97, -9, -68, 78, 624, 400, -68, -195, -9, -58, 
-39, 58, 97, -9, -68, 78, 634, 400, -68, -204, 0, -48, 
-39, 58, 97, -9, -68, 78, 634, 400, -68, -204, 0, -48, 
-39, 58, 97, -9, -68, 78, 634, 400, -68, -204, 0, -48, 
-39, 58, 97, -9, -68, 78, 634, 400, -68, -204, 0, -48, 
-34, 63, 97, -14, -65, 80, 634, 409, -68, -204, 0, -48, 
-29, 68, 97, -19, -63, 82, 634, 409, -68, -204, 0, -48, 
-24, 73, 97, -24, -61, 85, 634, 409, -68, -204, 0, -48, 
-19, 78, 97, -29, -58, 87, 634, 409, -68, -204, 0, -48, 
-24, 68, 92, -21, -58, 80, 624, 409, -68, -204, 0, -48, 
-29, 68, 97, -19, -63, 82, 624, 409, -68, -204, 0, -48, 
-34, 68, 102, -17, -68, 85, 624, 409, -68, -204, 0, -48, 
-39, 68, 107, -14, -73, 87, 624, 409, -68, -204, 0, -48, 
-39, 63, 102, -12, -70, 82, 614, 405, -78, -204, -9, -58, 
-39, 58, 97, -9, -68, 78, 614, 400, -78, -204, -9, -58, 
-39, 53, 92, -7, -65, 73, 614, 395, -78, -204, -9, -58, 
-39, 48, 87, -4, -63, 68, 614, 390, -78, -204, -9, -58, 
-39, 58, 97, -9, -68, 78, 614, 400, -68, -204, 0, -48, 
-39, 58, 97, -9, -68, 78, 614, 400, -68, -204, 0, -48, 
-39, 58, 97, -9, -68, 78, 614, 400, -68, -204, 0, -48, 
-39, 58, 97, -9, -68, 78, 614, 400, -68, -204, 0, -48, 
-29, 68, 97, -19, -63, 82, 624, 409, -58, -195, 0, -48, 
-29, 68, 97, -19, -63, 82, 624, 409, -58, -195, 0, -48, 
-29, 68, 97, -19, -63, 82, 624, 409, -58, -195, 0, -48, 
-29, 68, 97, -19, -63, 82, 624, 409, -58, -195, 0, -48, 
-39, 58, 97, -9, -68, 78, 624, 409, -68, -195, 0, -48, 
-39, 58, 97, -9, -68, 78, 624, 409, -68, -195, 0, -48, 
-39, 58, 97, -9, -68, 78, 624, 409, -68, -195, 0, -48, 
-39, 58, 97, -9, -68, 78, 624, 409, -68, -195, 0, -48, 
-39, 58, 97, -9, -68, 78, 614, 409, -58, -195, 0, -39, 
-39, 58, 97, -9, -68, 78, 614, 409, -58, -195, 0, -39, 
-39, 58, 97, -9, -68, 78, 614, 409, -58, -195, 0, -39, 
-39, 58, 97, -9, -68, 78, 614, 409, -58, -195, 0, -39, 
-29, 68, 97, -19, -63, 82, 614, 400, -68, -195, 0, -48, 
-29, 68, 97, -19, -63, 82, 614, 400, -68, -195, 0, -48, 
-29, 68, 97, -19, -63, 82, 614, 400, -68, -195, 0, -48, 
-29, 68, 97, -19, -63, 82, 614, 400, -68, -195, 0, -48, 
-29, 58, 87, -14, -58, 73, 614, 400, -68, -195, 0, -48, 
-29, 58, 87, -14, -58, 73, 614, 400, -68, -195, 0, -48, 
-29, 58, 87, -14, -58, 73, 614, 400, -68, -195, 0, -48, 
-29, 58, 87, -14, -58, 73, 614, 400, -68, -195, 0, -48, 
-34, 58, 92, -12, -63, 75, 614, 400, -68, -195, 9, -39, 
-39, 58, 97, -9, -68, 78, 614, 400, -68, -195, 9, -39, 
-43, 58, 102, -7, -73, 80, 614, 400, -68, -195, 9, -39, 
-48, 58, 107, -4, -78, 82, 614, 400, -68, -195, 9, -39, 
-43, 58, 102, -7, -73, 80, 614, 390, -68, -195, 0, -43, 
-39, 58, 97, -9, -68, 78, 614, 390, -68, -195, 0, -48, 
-34, 58, 92, -12, -63, 75, 614, 390, -68, -195, 0, -53, 
-29, 58, 87, -14, -58, 73, 614, 390, -68, -195, 0, -58, 
-29, 68, 97, -19, -63, 82, 614, 390, -68, -195, -9, -58, 
-29, 68, 97, -19, -63, 82, 614, 390, -68, -195, -9, -58, 
-29, 68, 97, -19, -63, 82, 614, 390, -68, -195, -9, -58, 
-29, 68, 97, -19, -63, 82, 614, 390, -68, -195, -9, -58, 
-39, 58, 97, -9, -68, 78, 614, 400, -58, -185, -4, -53, 
-39, 58, 97, -9, -68, 78, 614, 400, -58, -185, 0, -48, 
-39, 58, 97, -9, -68, 78, 614, 400, -58, -185, 4, -43, 
-39, 58, 97, -9, -68, 78, 614, 400, -58, -185, 9, -39, 
-29, 58, 87, -14, -58, 73, 605, 400, -58, -185, 9, -48, 
-29, 58, 87, -14, -58, 73, 605, 400, -58, -185, 9, -48, 
-34, 53, 87, -9, -61, 70, 605, 395, -58, -185, 9, -48, 
-34, 53, 87, -9, -61, 70, 605, 395, -58, -190, 9, -48, 
-34, 53, 87, -9, -61, 70, 605, 395, -63, -190, 4, -48, 
-34, 58, 92, -12, -63, 75, 605, 395, -68, -190, 4, -48, 
-39, 53, 92, -7, -65, 73, 605, 395, -68, -185, 4, -48, 
-39, 53, 92, -7, -65, 73, 605, 400, -63, -185, 0, -53, 
-39, 63, 102, -12, -70, 82, 614, 400, -53, -175, 9, -48, 
-39, 63, 102, -12, -70, 82, 614, 400, -58, -175, 14, -43, 
-39, 63, 102, -12, -70, 82, 614, 400, -58, -175, 14, -34, 
-39, 68, 107, -14, -73, 87, 614, 400, -58, -170, 14, -29, 
-29, 68, 97, -19, -63, 82, 605, 390, -43, -161, 29, -24, 
-29, 73, 102, -21, -65, 87, 605, 395, -39, -165, 29, -24, 
-29, 73, 102, -21, -65, 87, 605, 395, -39, -165, 29, -24, 
-29, 73, 102, -21, -65, 87, 605, 395, -39, -165, 24, -24, 
-39, 73, 112, -17, -75, 92, 614, 395, -39, -165, 24, -29, 
-39, 73, 112, -17, -75, 92, 614, 400, -39, -165, 24, -29, 
-39, 73, 112, -17, -75, 92, 614, 405, -34, -161, 24, -24, 
-34, 78, 112, -21, -73, 95, 614, 414, -29, -156, 24, -24, 
-19, 73, 92, -26, -56, 82, 605, 424, -39, -156, 29, -34, 
-14, 73, 87, -29, -51, 80, 610, 434, -24, -146, 29, -24, 
-4, 78, 82, -36, -43, 80, 614, 434, -24, -136, 43, -9, 
0, 92, 92, -46, -46, 92, 614, 434, -14, -131, 53, -9, 
9, 107, 97, -58, -43, 102, 624, 444, 0, -122, 58, 4, 
14, 107, 92, -61, -39, 100, 624, 444, 9, -107, 63, 4, 
14, 102, 87, -58, -36, 95, 624, 448, 14, -102, 68, 9, 
14, 97, 82, -56, -34, 90, 624, 448, 14, -102, 68, 19, 
14, 102, 87, -58, -36, 95, 634, 448, 24, -97, 73, 19, 
14, 102, 87, -58, -36, 95, 639, 453, 29, -97, 78, 14, 
19, 107, 87, -63, -34, 97, 644, 463, 34, -97, 82, 14, 
24, 112, 87, -68, -31, 100, 644, 468, 34, -97, 87, 19, 
24, 102, 78, -63, -26, 90, 639, 468, 43, -87, 87, 29, 
19, 102, 82, -61, -31, 92, 639, 468, 39, -87, 87, 29, 
19, 97, 78, -58, -29, 87, 639, 468, 39, -87, 82, 24, 
14, 87, 73, -51, -29, 80, 639, 473, 34, -92, 82, 19, 
9, 82, 73, -46, -31, 78, 634, 463, 24, -97, 58, 4, 
9, 82, 73, -46, -31, 78, 629, 453, 4, -112, 53, -4, 
9, 87, 78, -48, -34, 82, 629, 444, 0, -122, 53, -9, 
4, 92, 87, -48, -41, 90, 624, 444, -4, -122, 53, -9, 
0, 78, 78, -39, -39, 78, 605, 434, -24, -131, 48, -19, 
0, 68, 68, -34, -34, 68, 605, 429, -34, -151, 34, -19, 
-4, 53, 58, -24, -31, 56, 600, 409, -48, -165, 34, -24, 
-9, 48, 58, -19, -34, 53, 595, 400, -53, -175, 29, -39, 
-9, 34, 43, -12, -26, 39, 575, 390, -68, -185, 19, -43, 
-9, 34, 43, -12, -26, 39, 566, 385, -78, -190, 9, -48, 
-9, 24, 34, -7, -21, 29, 566, 385, -78, -190, 0, -48, 
-9, 19, 29, -4, -19, 24, 570, 380, -78, -190, -4, -48, 
0, 29, 29, -14, -14, 29, 556, 366, -82, -200, -14, -58, 
0, 24, 24, -12, -12, 24, 551, 361, -87, -200, -14, -58, 
0, 24, 24, -12, -12, 24, 546, 361, -97, -209, -19, -63, 
-4, 24, 29, -9, -17, 26, 541, 366, -102, -214, -24, -68, 
-14, 24, 39, -4, -26, 31, 531, 356, -97, -204, -14, -58, 
-14, 24, 39, -4, -26, 31, 536, 356, -97, -200, -14, -58, 
-19, 29, 48, -4, -34, 39, 536, 361, -92, -200, -14, -58, 
-19, 34, 53, -7, -36, 43, 536, 366, -92, -204, -9, -58, 
-4, 43, 48, -19, -26, 46, 527, 356, -102, -204, -9, -58, 
-4, 43, 48, -19, -26, 46, 527, 346, -102, -200, -9, -53, 
4, 43, 39, -24, -17, 41, 522, 346, -102, -200, -9, -53, 
4, 39, 34, -21, -14, 36, 522, 341, -107, -200, -9, -53, 
4, 39, 34, -21, -14, 36, 522, 351, -107, -209, -29, -68, 
4, 39, 34, -21, -14, 36, 522, 351, -107, -214, -29, -68, 
4, 39, 34, -21, -14, 36, 522, 351, -107, -214, -24, -68, 
4, 43, 39, -24, -17, 41, 522, 351, -97, -214, -24, -63, 
-4, 48, 53, -21, -29, 51, 536, 356, -92, -200, -9, -53, 
-9, 48, 58, -19, -34, 53, 536, 356, -92, -200, -9, -53, 
-24, 43, 68, -9, -46, 56, 541, 356, -97, -195, -9, -53, 
-29, 43, 73, -7, -51, 58, 546, 356, -97, -195, -4, -53, 
-34, 48, 82, -7, -58, 65, 546, 356, -97, -195, -4, -53, 
-39, 53, 92, -7, -65, 73, 546, 356, -92, -195, -4, -53, 
-43, 53, 97, -4, -70, 75, 551, 356, -92, -190, -4, -53, 
-58, 53, 112, 2, -85, 82, 556, 361, -87, -185, -4, -53, 
-58, 48, 107, 4, -82, 78, 556, 361, -82, -185, -9, -53, 
-58, 43, 102, 7, -80, 73, 556, 361, -82, -185, -9, -58, 
-58, 43, 102, 7, -80, 73, 556, 356, -82, -185, -14, -63, 
-63, 39, 102, 12, -82, 70, 556, 356, -87, -190, -14, -68, 
-68, 34, 102, 17, -85, 68, 546, 346, -102, -195, -19, -78, 
-68, 29, 97, 19, -82, 63, 546, 351, -102, -200, -24, -78, 
-68, 29, 97, 19, -82, 63, 546, 351, -102, -204, -24, -78, 
-73, 29, 102, 21, -87, 65, 546, 351, -102, -209, -29, -82, 
-68, 39, 107, 14, -87, 73, 536, 341, -102, -200, -24, -73, 
-63, 39, 102, 12, -82, 70, 536, 341, -102, -200, -19, -73, 
-58, 39, 97, 9, -78, 68, 536, 341, -97, -200, -19, -73, 
-53, 34, 87, 9, -70, 61, 546, 341, -97, -200, -14, -73, 
-63, 48, 112, 7, -87, 80, 561, 356, -82, -175, 4, -53, 
-78, 48, 126, 14, -102, 87, 566, 361, -73, -165, 9, -53, 
-78, 48, 126, 14, -102, 87, 561, 366, -58, -165, 9, -53, 
-68, 58, 126, 4, -97, 92, 570, 370, -53, -165, 9, -43, 
-68, 58, 126, 4, -97, 92, 566, 375, -48, -161, 14, -43, 
-68, 53, 122, 7, -95, 87, 575, 380, -29, -151, 14, -53, 
-68, 39, 107, 14, -87, 73, 585, 405, -14, -136, 19, -53, 
-68, 24, 92, 21, -80, 58, 595, 429, 0, -122, 29, -53, 
-73, 24, 97, 24, -85, 61, 595, 453, 29, -97, 43, -43, 
-63, 24, 87, 19, -75, 56, 590, 458, 53, -73, 78, -19, 
-58, 19, 78, 19, -68, 48, 585, 473, 63, -43, 102, 0, 
-39, 9, 48, 14, -43, 29, 580, 497, 107, -4, 131, 24, 
-19, 19, 39, 0, -29, 29, 580, 551, 175, 63, 185, 58, 
9, 48, 39, -29, -14, 43, 556, 610, 253, 131, 244, 107, 
63, 92, 29, -78, 17, 61, 531, 668, 356, 239, 346, 204, 
136, 170, 34, -153, 51, 102, 483, 727, 468, 361, 478, 336, 
209, 253, 43, -231, 82, 148, 434, 766, 546, 453, 595, 458, 
263, 351, 87, -307, 87, 219, 380, 766, 585, 536, 702, 575, 
326, 468, 141, -397, 92, 305, 322, 741, 634, 634, 839, 712, 
380, 570, 190, -475, 95, 380, 273, 707, 653, 712, 951, 824, 
429, 614, 185, -522, 122, 400, 219, 658, 639, 736, 1000, 893, 
502, 614, 112, -558, 195, 363, 170, 658, 590, 722, 1010, 912, 
605, 575, -29, -590, 317, 273, 146, 688, 536, 697, 980, 893, 
692, 517, -175, -605, 434, 170, 102, 688, 458, 634, 888, 805, 
761, 468, -292, -614, 527, 87, 48, 639, 322, 497, 746, 673, 
771, 405, -366, -588, 568, 19, 19, 561, 141, 331, 585, 536, 
712, 346, -366, -529, 539, -9, 58, 429, -82, 112, 395, 400, 
556, 278, -278, -417, 417, 0, 141, 224, -361, -200, 131, 219, 
356, 165, -190, -261, 273, -12, 263, -4, -697, -580, -180, -34, 
219, 19, -200, -119, 209, -90, 375, -146, -990, -912, -488, -278, 
151, -68, -219, -41, 185, -143, 453, -190, -1141, -1112, -688, -444, 
73, -53, -126, -9, 100, -90, 536, -190, -1132, -1146, -746, -507, 
-14, -14, 0, 14, -7, -7, 634, -170, -1034, -1078, -712, -502, 
-68, -4, 63, 36, -65, 29, 732, -112, -936, -1005, -668, -483, 
-87, -29, 58, 58, -73, 14, 790, -58, -893, -971, -658, -483, 
-107, -58, 48, 82, -78, -4, 844, -24, -873, -971, -658, -517, 
-141, -82, 58, 112, -100, -12, 893, -4, -863, -956, -668, -536, 
-170, -107, 63, 139, -117, -21, 907, 9, -854, -941, -668, -566, 
-204, -122, 82, 163, -143, -19, 932, 19, -849, -941, -668, -585, 
-234, -161, 73, 197, -153, -43, 961, 48, -834, -927, -663, -600, 
-258, -239, 19, 248, -139, -109, 990, 87, -795, -893, -644, -605, 
-258, -317, -58, 287, -100, -187, 1015, 126, -766, -863, -634, -614, 
-263, -366, -102, 314, -80, -234, 1029, 146, -727, -829, -610, -605, 
-268, -385, -117, 326, -75, -251, 1029, 170, -668, -780, -566, -570, 
-268, -356, -87, 312, -90, -222, 1019, 204, -595, -702, -512, -522, 
-258, -297, -39, 278, -109, -168, 985, 244, -507, -619, -444, -453, 
-219, -239, -19, 229, -100, -129, 912, 312, -390, -512, -346, -375, 
-170, -161, 9, 165, -90, -75, 814, 400, -268, -395, -239, -287, 
-117, -97, 19, 107, -68, -39, 732, 468, -180, -302, -161, -214, 
-82, -58, 24, 70, -53, -17, 692, 488, -126, -253, -102, -180, 
-78, -29, 48, 53, -63, 9, 663, 473, -112, -229, -78, -156, 
-78, 4, 82, 36, -80, 43, 629, 419, -107, -229, -68, -151, 
-63, 24, 87, 19, -75, 56, 605, 385, -117, -229, -68, -151, 
-73, 4, 78, 34, -75, 41, 605, 361, -117, -239, -78, -161, 
-82, 4, 87, 39, -85, 46, 590, 351, -112, -229, -78, -156, 
-78, 14, 92, 31, -85, 53, 570, 351, -107, -219, -73, -141, 
-78, 24, 102, 26, -90, 63, 556, 351, -92, -204, -63, -131, 
-73, 24, 97, 24, -85, 61, 551, 361, -78, -200, -48, -122, 
-73, 34, 107, 19, -90, 70, 541, 375, -63, -190, -34, -112, 
-78, 34, 112, 21, -95, 73, 551, 390, -58, -190, -34, -117, 
-82, 34, 117, 24, -100, 75, 556, 390, -58, -190, -39, -122, 
-82, 34, 117, 24, -100, 75, 556, 390, -58, -190, -39, -126, 
-73, 34, 107, 19, -90, 70, 551, 380, -63, -200, -48, -131, 
-73, 34, 107, 19, -90, 70, 551, 375, -63, -200, -48, -131, 
-73, 34, 107, 19, -90, 70, 546, 375, -63, -195, -43, -131, 
-73, 34, 107, 19, -90, 70, 541, 375, -63, -190, -34, -131, 
-82, 29, 112, 26, -97, 70, 527, 375, -63, -175, -29, -122, 
-78, 29, 107, 24, -92, 68, 527, 375, -58, -175, -29, -117, 
-78, 29, 107, 24, -92, 68, 527, 375, -58, -175, -29, -107, 
-78, 29, 107, 24, -92, 68, 522, 375, -58, -165, -29, -107, 
-68, 43, 112, 12, -90, 78, 522, 375, -48, -165, -19, -107, 
-68, 48, 117, 9, -92, 82, 522, 375, -48, -170, -19, -107, 
-68, 53, 122, 7, -95, 87, 522, 375, -48, -170, -19, -107, 
-68, 58, 126, 4, -97, 92, 527, 375, -48, -170, -19, -112, 
-78, 58, 136, 9, -107, 97, 527, 375, -48, -170, -19, -102, 
-78, 58, 136, 9, -107, 97, 522, 375, -48, -170, -19, -102, 
-73, 58, 131, 7, -102, 95, 522, 375, -39, -165, -19, -102, 
-73, 58, 131, 7, -102, 95, 522, 375, -39, -165, -19, -102, 
-82, 48, 131, 17, -107, 90, 507, 380, -48, -175, -29, -112, 
-82, 43, 126, 19, -104, 85, 502, 370, -48, -175, -24, -112, 
-82, 39, 122, 21, -102, 80, 497, 370, -48, -170, -24, -112, 
-82, 34, 117, 24, -100, 75, 497, 370, -48, -170, -24, -112, 
-78, 39, 117, 19, -97, 78, 502, 375, -34, -161, -14, -107, 
-73, 43, 117, 14, -95, 80, 507, 375, -34, -161, -14, -107, 
-68, 48, 117, 9, -92, 82, 512, 375, -34, -161, -14, -107, 
-68, 53, 122, 7, -95, 87, 517, 375, -39, -161, -14, -107, 
-78, 58, 136, 9, -107, 97, 517, 385, -39, -161, -24, -107, 
-78, 58, 136, 9, -107, 97, 517, 385, -29, -156, -19, -107, 
-78, 58, 136, 9, -107, 97, 517, 385, -29, -156, -19, -107, 
-73, 58, 131, 7, -102, 95, 512, 380, -29, -156, -19, -107, 
-82, 48, 131, 17, -107, 90, 507, 380, -24, -156, -19, -117, 
-82, 48, 131, 17, -107, 90, 507, 380, -24, -156, -19, -117, 
-82, 48, 131, 17, -107, 90, 507, 380, -24, -156, -19, -117, 
-82, 48, 131, 17, -107, 90, 507, 380, -24, -156, -19, -117, 
-82, 48, 131, 17, -107, 90, 507, 380, -34, -151, -19, -117, 
-82, 48, 131, 17, -107, 90, 512, 385, -29, -151, -19, -117, 
-78, 43, 122, 17, -100, 82, 512, 385, -29, -151, -19, -117, 
-78, 43, 122, 17, -100, 82, 512, 390, -29, -151, -14, -117, 
-82, 48, 131, 17, -107, 90, 512, 380, -29, -151, -14, -107, 
-82, 48, 131, 17, -107, 90, 512, 380, -24, -151, -19, -107, 
-82, 48, 131, 17, -107, 90, 512, 380, -19, -151, -19, -107, 
-87, 48, 136, 19, -112, 92, 512, 390, -19, -146, -14, -107, 
-78, 53, 131, 12, -104, 92, 502, 380, -14, -146, -4, -107, 
-78, 53, 131, 12, -104, 92, 502, 380, -14, -146, -4, -107, 
-78, 53, 131, 12, -104, 92, 502, 380, -14, -146, -4, -107, 
-78, 58, 136, 9, -107, 97, 502, 385, -14, -141, 0, -107, 
-78, 58, 136, 9, -107, 97, 502, 395, -9, -136, 0, -107, 
-73, 58, 131, 7, -102, 95, 502, 400, -4, -131, 0, -107, 
-73, 58, 131, 7, -102, 95, 502, 400, -4, -122, 0, -107, 
-68, 58, 126, 4, -97, 92, 502, 405, 0, -117, 0, -107, 
-68, 58, 126, 4, -97, 92, 502, 395, 0, -117, 4, -107, 
-73, 58, 131, 7, -102, 95, 502, 395, 9, -112, 4, -107, 
-73, 58, 131, 7, -102, 95, 502, 400, 9, -117, 4, -97, 
-73, 58, 131, 7, -102, 95, 502, 405, 14, -122, 4, -97, 
-73, 58, 131, 7, -102, 95, 492, 405, 19, -122, 4, -107, 
-73, 53, 126, 9, -100, 90, 497, 405, 19, -122, 0, -112, 
-73, 53, 126, 9, -100, 90, 497, 400, 19, -117, -4, -117, 
-73, 63, 136, 4, -104, 100, 497, 400, 24, -107, -9, -122, 
-82, 68, 151, 7, -117, 109, 488, 409, 39, -107, 0, -112, 
-78, 68, 146, 4, -112, 107, 488, 414, 43, -107, 4, -112, 
-78, 68, 146, 4, -112, 107, 492, 414, 48, -107, 4, -112, 
-82, 68, 151, 7, -117, 109, 492, 419, 53, -97, 9, -107, 
-82, 68, 151, 7, -117, 109, 492, 414, 48, -92, 14, -107, 
-78, 68, 146, 4, -112, 107, 488, 419, 48, -87, 19, -107, 
-68, 73, 141, -2, -104, 107, 488, 424, 53, -82, 19, -97, 
-63, 73, 136, -4, -100, 104, 488, 429, 63, -78, 24, -97, 
-63, 73, 136, -4, -100, 104, 488, 444, 78, -73, 24, -97, 
-63, 73, 136, -4, -100, 104, 488, 448, 82, -73, 29, -97, 
-63, 73, 136, -4, -100, 104, 488, 453, 87, -68, 29, -92, 
-63, 78, 141, -7, -102, 109, 488, 463, 92, -63, 39, -92, 
-48, 82, 131, -17, -90, 107, 497, 478, 102, -48, 43, -87, 
-48, 82, 131, -17, -90, 107, 497, 492, 112, -43, 43, -87, 
-53, 82, 136, -14, -95, 109, 497, 492, 122, -39, 48, -82, 
-53, 87, 141, -17, -97, 114, 497, 497, 126, -29, 53, -78, 
-58, 92, 151, -17, -104, 122, 497, 502, 131, -19, 53, -78, 
-53, 92, 146, -19, -100, 119, 497, 507, 146, -14, 58, -78, 
-43, 97, 141, -26, -92, 119, 497, 512, 156, -9, 63, -78, 
-43, 102, 146, -29, -95, 124, 497, 517, 156, -4, 68, -78, 
-43, 92, 136, -24, -90, 114, 488, 517, 161, -4, 58, -78, 
-34, 92, 126, -29, -80, 109, 488, 531, 165, 4, 63, -78, 
-34, 92, 126, -29, -80, 109, 488, 541, 170, 14, 68, -68, 
-34, 92, 126, -29, -80, 109, 488, 551, 185, 24, 78, -68, 
-43, 92, 136, -24, -90, 114, 488, 556, 204, 34, 92, -68, 
-39, 92, 131, -26, -85, 112, 488, 566, 219, 43, 102, -63, 
-29, 92, 122, -31, -75, 107, 488, 575, 224, 53, 112, -58, 
-29, 97, 126, -34, -78, 112, 492, 595, 234, 63, 112, -53, 
-34, 112, 146, -39, -90, 129, 492, 595, 248, 78, 117, -39, 
-24, 112, 136, -43, -80, 124, 492, 605, 263, 87, 126, -39, 
-19, 117, 136, -48, -78, 126, 492, 614, 278, 97, 136, -39, 
-19, 117, 136, -48, -78, 126, 492, 629, 287, 107, 141, -29, 
-9, 126, 136, -58, -73, 131, 497, 653, 312, 122, 161, -34, 
-9, 131, 141, -61, -75, 136, 497, 673, 322, 141, 165, -24, 
-4, 136, 141, -65, -73, 139, 497, 688, 331, 151, 175, -14, 
0, 141, 141, -70, -70, 141, 492, 702, 346, 165, 180, -14, 
9, 146, 136, -78, -63, 141, 492, 702, 361, 185, 185, -9, 
14, 156, 141, -85, -63, 148, 492, 712, 375, 190, 185, -4, 
19, 161, 141, -90, -61, 151, 492, 732, 395, 204, 200, 0, 
24, 165, 141, -95, -58, 153, 492, 741, 414, 214, 209, 0, 
39, 170, 131, -104, -46, 151, 483, 751, 424, 224, 214, 9, 
43, 175, 131, -109, -43, 153, 483, 766, 434, 229, 224, 9, 
53, 180, 126, -117, -36, 153, 483, 775, 444, 239, 224, 9, 
58, 180, 122, -119, -31, 151, 483, 790, 453, 244, 234, 14, 
48, 180, 131, -114, -41, 156, 478, 790, 473, 268, 253, 19, 
53, 185, 131, -119, -39, 158, 478, 810, 488, 278, 263, 24, 
58, 190, 131, -124, -36, 161, 478, 819, 502, 297, 268, 39, 
68, 195, 126, -131, -29, 161, 478, 829, 517, 312, 278, 43, 
63, 200, 136, -131, -36, 168, 478, 854, 527, 322, 278, 39, 
73, 200, 126, -136, -26, 163, 478, 863, 541, 331, 287, 43, 
87, 204, 117, -146, -14, 161, 478, 873, 556, 341, 297, 58, 
97, 209, 112, -153, -7, 161, 478, 883, 561, 351, 302, 58, 
117, 219, 102, -168, 7, 161, 468, 888, 580, 356, 297, 58, 
122, 224, 102, -173, 9, 163, 468, 897, 595, 361, 302, 63, 
122, 229, 107, -175, 7, 168, 468, 902, 600, 370, 307, 63, 
126, 234, 107, -180, 9, 170, 458, 912, 610, 385, 322, 73, 
122, 229, 107, -175, 7, 168, 463, 922, 614, 400, 326, 63, 
126, 229, 102, -178, 12, 165, 458, 922, 619, 405, 336, 68, 
136, 229, 92, -183, 21, 161, 453, 922, 634, 405, 336, 68, 
136, 234, 97, -185, 19, 165, 453, 922, 634, 414, 341, 82, 
151, 239, 87, -195, 31, 163, 439, 927, 639, 419, 356, 82, 
151, 244, 92, -197, 29, 168, 434, 932, 644, 424, 361, 87, 
156, 248, 92, -202, 31, 170, 434, 936, 649, 429, 366, 92, 
156, 248, 92, -202, 31, 170, 434, 936, 644, 434, 370, 92, 
151, 258, 107, -204, 21, 183, 429, 927, 644, 434, 370, 102, 
151, 268, 117, -209, 17, 192, 424, 917, 634, 429, 370, 102, 
146, 273, 126, -209, 9, 200, 419, 897, 634, 429, 370, 102, 
146, 273, 126, -209, 9, 200, 414, 888, 624, 424, 366, 102, 
156, 278, 122, -217, 17, 200, 409, 878, 610, 419, 375, 102, 
161, 283, 122, -222, 19, 202, 405, 868, 590, 405, 370, 107, 
161, 287, 126, -224, 17, 207, 405, 854, 580, 390, 366, 112, 
156, 292, 136, -224, 9, 214, 405, 834, 561, 375, 366, 117, 
156, 292, 136, -224, 9, 214, 390, 819, 546, 370, 361, 117, 
151, 292, 141, -222, 4, 217, 390, 800, 517, 351, 351, 112, 
151, 292, 141, -222, 4, 217, 390, 780, 497, 331, 341, 112, 
151, 292, 141, -222, 4, 217, 390, 756, 478, 317, 331, 112, 
146, 302, 156, -224, -4, 229, 380, 722, 439, 297, 317, 92, 
141, 297, 156, -219, -7, 226, 370, 692, 419, 278, 297, 92, 
126, 297, 170, -212, -21, 234, 366, 663, 395, 258, 283, 92, 
122, 292, 170, -207, -24, 231, 356, 624, 370, 234, 268, 82, 
117, 287, 170, -202, -26, 229, 356, 605, 346, 209, 268, 82, 
112, 287, 175, -200, -31, 231, 356, 585, 322, 180, 258, 78, 
102, 287, 185, -195, -41, 236, 356, 570, 297, 170, 248, 68, 
102, 283, 180, -192, -39, 231, 356, 561, 273, 161, 239, 63, 
92, 278, 185, -185, -46, 231, 346, 541, 253, 141, 219, 48, 
87, 273, 185, -180, -48, 229, 346, 517, 234, 122, 209, 39, 
82, 268, 185, -175, -51, 226, 351, 497, 214, 107, 200, 39, 
73, 268, 195, -170, -61, 231, 351, 483, 200, 92, 185, 34, 
63, 273, 209, -168, -73, 241, 341, 458, 175, 68, 170, 29, 
58, 268, 209, -163, -75, 239, 341, 434, 151, 58, 165, 24, 
43, 268, 224, -156, -90, 246, 341, 414, 136, 43, 156, 19, 
43, 268, 224, -156, -90, 246, 341, 400, 117, 34, 151, 14, 
39, 258, 219, -148, -90, 239, 341, 390, 102, 9, 151, 14, 
34, 253, 219, -143, -92, 236, 341, 385, 87, 0, 141, 4, 
29, 248, 219, -139, -95, 234, 341, 380, 82, -4, 131, 0, 
24, 244, 219, -134, -97, 231, 341, 370, 78, -9, 131, 0, 
9, 248, 239, -129, -114, 244, 341, 351, 63, -24, 117, -4, 
9, 244, 234, -126, -112, 239, 341, 336, 53, -34, 107, -9, 
4, 239, 234, -122, -114, 236, 341, 326, 39, -39, 97, -19, 
0, 234, 234, -117, -117, 234, 341, 317, 24, -39, 92, -29, 
0, 234, 234, -117, -117, 234, 341, 312, 19, -53, 87, -19, 
0, 234, 234, -117, -117, 234, 341, 312, 14, -58, 87, -19, 
-4, 234, 239, -114, -122, 236, 341, 307, 9, -58, 82, -29, 
-9, 234, 244, -112, -126, 239, 341, 307, 4, -58, 82, -29, 
-9, 234, 244, -112, -126, 239, 336, 292, 4, -73, 68, -39, 
-9, 229, 239, -109, -124, 234, 336, 292, 4, -78, 68, -39, 
-9, 219, 229, -104, -119, 224, 336, 292, 0, -82, 63, -43, 
-14, 209, 224, -97, -119, 217, 331, 292, -4, -82, 58, -48, 
-14, 219, 234, -102, -124, 226, 331, 278, -19, -92, 53, -53, 
-14, 214, 229, -100, -122, 222, 331, 278, -19, -92, 53, -53, 
-19, 214, 234, -97, -126, 224, 331, 278, -29, -92, 48, -53, 
-19, 224, 244, -102, -131, 234, 331, 278, -29, -92, 48, -53, 
-14, 224, 239, -104, -126, 231, 341, 292, -29, -97, 48, -53, 
-14, 214, 229, -100, -122, 222, 341, 292, -29, -97, 48, -53, 
-14, 214, 229, -100, -122, 222, 341, 292, -29, -97, 48, -53, 
-14, 219, 234, -102, -124, 226, 341, 297, -29, -97, 53, -53, 
-19, 209, 229, -95, -124, 219, 331, 292, -19, -107, 43, -63, 
-19, 214, 234, -97, -126, 224, 336, 283, -24, -107, 43, -63, 
-19, 214, 234, -97, -126, 224, 336, 278, -29, -107, 43, -63, 
-19, 214, 234, -97, -126, 224, 336, 278, -34, -107, 43, -68, 
-19, 224, 244, -102, -131, 234, 336, 268, -43, -107, 43, -68, 
-19, 219, 239, -100, -129, 229, 331, 268, -43, -107, 43, -68, 
-19, 214, 234, -97, -126, 224, 331, 263, -43, -107, 39, -68, 
-24, 209, 234, -92, -129, 222, 331, 263, -43, -107, 34, -68, 
-39, 209, 248, -85, -143, 229, 322, 263, -39, -102, 34, -68, 
-39, 214, 253, -87, -146, 234, 322, 263, -39, -102, 34, -73, 
-39, 214, 253, -87, -146, 234, 322, 268, -39, -107, 34, -73, 
-39, 219, 258, -90, -148, 239, 322, 268, -39, -107, 34, -68, 
-24, 234, 258, -104, -141, 246, 322, 268, -39, -102, 43, -58, 
-14, 239, 253, -112, -134, 246, 322, 268, -39, -102, 43, -58, 
-9, 244, 253, -117, -131, 248, 322, 268, -39, -97, 43, -58, 
-4, 248, 253, -122, -129, 251, 322, 268, -39, -97, 43, -58, 
-4, 239, 244, -117, -124, 241, 317, 268, -39, -97, 43, -58, 
-9, 239, 248, -114, -129, 244, 317, 268, -39, -97, 43, -58, 
-19, 239, 258, -109, -139, 248, 317, 268, -39, -97, 43, -53, 
-24, 239, 263, -107, -143, 251, 317, 268, -34, -97, 43, -53, 
-29, 239, 268, -104, -148, 253, 326, 268, -34, -107, 34, -63, 
-29, 239, 268, -104, -148, 253, 326, 268, -39, -107, 34, -63, 
-29, 239, 268, -104, -148, 253, 326, 268, -43, -112, 34, -63, 
-29, 239, 268, -104, -148, 253, 326, 268, -43, -112, 34, -68, 
-19, 239, 258, -109, -139, 248, 317, 258, -34, -107, 34, -68, 
-19, 239, 258, -109, -139, 248, 317, 263, -34, -107, 39, -68, 
-19, 239, 258, -109, -139, 248, 317, 263, -34, -107, 39, -68, 
-19, 239, 258, -109, -139, 248, 317, 258, -34, -107, 39, -68, 
-9, 248, 258, -119, -134, 253, 317, 248, -34, -97, 48, -63, 
-4, 248, 253, -122, -129, 251, 312, 253, -34, -97, 48, -58, 
-4, 248, 253, -122, -129, 251, 312, 253, -34, -97, 48, -53, 
-9, 248, 258, -119, -134, 253, 307, 253, -34, -97, 48, -48, 
-19, 248, 268, -114, -143, 258, 302, 253, -34, -107, 39, -58, 
-19, 248, 268, -114, -143, 258, 302, 253, -34, -107, 39, -58, 
-24, 248, 273, -112, -148, 261, 302, 253, -34, -107, 39, -58, 
-24, 248, 273, -112, -148, 261, 302, 253, -34, -107, 39, -58, 
-34, 239, 273, -102, -153, 256, 302, 263, -34, -97, 39, -58, 
-34, 234, 268, -100, -151, 251, 302, 263, -34, -97, 34, -58, 
-34, 234, 268, -100, -151, 251, 302, 263, -34, -97, 34, -58, 
-34, 239, 273, -102, -153, 256, 302, 263, -34, -97, 39, -58, 
-29, 248, 278, -109, -153, 263, 292, 258, -43, -107, 39, -58, 
-24, 248, 273, -112, -148, 261, 292, 258, -43, -107, 39, -58, 
-19, 244, 263, -112, -141, 253, 292, 258, -43, -107, 39, -58, 
-14, 239, 253, -112, -134, 246, 292, 253, -43, -107, 39, -58, 
-14, 244, 258, -114, -136, 251, 292, 244, -43, -107, 39, -68, 
-14, 248, 263, -117, -139, 256, 292, 244, -43, -107, 39, -68, 
-14, 253, 268, -119, -141, 261, 287, 244, -43, -107, 39, -68, 
-14, 258, 273, -122, -143, 265, 287, 244, -43, -107, 39, -68, 
-24, 263, 287, -119, -156, 275, 283, 244, -34, -107, 39, -68, 
-24, 263, 287, -119, -156, 275, 283, 244, -34, -107, 39, -68, 
-24, 258, 283, -117, -153, 270, 283, 244, -34, -112, 39, -68, 
-24, 258, 283, -117, -153, 270, 283, 244, -34, -112, 29, -68, 
-14, 268, 283, -126, -148, 275, 273, 244, -48, -112, 29, -68, 
-14, 268, 283, -126, -148, 275, 273, 244, -48, -112, 34, -68, 
-14, 268, 283, -126, -148, 275, 273, 244, -48, -107, 34, -68, 
-14, 268, 283, -126, -148, 275, 273, 244, -48, -107, 34, -68, 
-14, 268, 283, -126, -148, 275, 263, 239, -58, -112, 34, -78, 
-14, 258, 273, -122, -143, 265, 263, 234, -58, -112, 29, -78, 
-14, 258, 273, -122, -143, 265, 263, 224, -58, -112, 29, -78, 
-14, 263, 278, -124, -146, 270, 258, 219, -58, -112, 29, -78, 
-24, 263, 287, -119, -156, 275, 258, 219, -68, -112, 29, -78, 
-24, 263, 287, -119, -156, 275, 263, 219, -68, -107, 34, -78, 
-24, 263, 287, -119, -156, 275, 263, 219, -63, -107, 34, -78, 
-24, 263, 287, -119, -156, 275, 263, 219, -63, -112, 34, -78, 
-34, 263, 297, -114, -165, 280, 253, 214, -63, -126, 24, -78, 
-34, 263, 297, -114, -165, 280, 253, 214, -63, -131, 19, -78, 
-34, 263, 297, -114, -165, 280, 253, 204, -73, -136, 19, -78, 
-34, 263, 297, -114, -165, 280, 248, 200, -78, -136, 19, -78, 
-29, 273, 302, -122, -165, 287, 258, 200, -68, -126, 19, -87, 
-29, 273, 302, -122, -165, 287, 258, 200, -68, -136, 14, -92, 
-29, 273, 302, -122, -165, 287, 258, 204, -68, -136, 14, -92, 
-29, 273, 302, -122, -165, 287, 258, 204, -68, -131, 14, -92, 
-19, 283, 302, -131, -161, 292, 258, 204, -78, -131, 4, -92, 
-19, 283, 302, -131, -161, 292, 258, 204, -78, -131, 4, -92, 
-19, 283, 302, -131, -161, 292, 258, 204, -82, -131, 4, -92, 
-19, 283, 302, -131, -161, 292, 258, 200, -82, -131, 4, -92, 
-29, 283, 312, -126, -170, 297, 248, 200, -82, -131, 14, -92, 
-29, 283, 312, -126, -170, 297, 248, 200, -82, -136, 14, -92, 
-34, 283, 317, -124, -175, 300, 248, 200, -78, -141, 14, -92, 
-34, 283, 317, -124, -175, 300, 248, 195, -78, -141, 14, -92, 
-29, 283, 312, -126, -170, 297, 239, 200, -87, -136, 14, -92, 
-24, 283, 307, -129, -165, 295, 244, 200, -87, -136, 14, -92, 
-19, 283, 302, -131, -161, 292, 248, 200, -92, -146, 9, -92, 
-14, 283, 297, -134, -156, 290, 248, 200, -92, -146, 9, -92, 
-24, 283, 307, -129, -165, 295, 239, 195, -92, -141, 0, -92, 
-24, 283, 307, -129, -165, 295, 234, 190, -92, -141, 0, -92, 
-24, 283, 307, -129, -165, 295, 234, 185, -92, -146, 0, -97, 
-29, 283, 312, -126, -170, 297, 229, 180, -97, -146, -4, -102, 
-19, 287, 307, -134, -163, 297, 239, 190, -97, -141, -4, -92, 
-19, 287, 307, -134, -163, 297, 239, 190, -97, -141, 0, -92, 
-19, 292, 312, -136, -165, 302, 239, 190, -92, -141, 4, -92, 
-19, 297, 317, -139, -168, 307, 239, 190, -92, -141, 9, -92, 
-29, 287, 317, -129, -173, 302, 239, 190, -92, -136, 9, -92, 
-29, 287, 317, -129, -173, 302, 239, 185, -97, -141, 4, -92, 
-34, 287, 322, -126, -178, 305, 239, 185, -97, -141, 4, -97, 
-34, 292, 326, -129, -180, 309, 239, 185, -97, -136, 4, -97, 
-43, 292, 336, -124, -190, 314, 229, 175, -107, -141, -4, -97, 
-43, 292, 336, -124, -190, 314, 224, 175, -107, -146, -4, -102, 
-39, 292, 331, -126, -185, 312, 219, 175, -107, -151, -4, -107, 
-39, 292, 331, -126, -185, 312, 219, 175, -107, -156, 0, -112, 
-39, 292, 331, -126, -185, 312, 214, 165, -117, -161, -9, -112, 
-39, 287, 326, -124, -183, 307, 214, 165, -117, -161, -9, -112, 
-39, 287, 326, -124, -183, 307, 214, 165, -117, -161, -9, -117, 
-43, 287, 331, -122, -187, 309, 214, 156, -122, -161, -19, -122, 
-43, 283, 326, -119, -185, 305, 219, 165, -117, -151, -9, -112, 
-43, 283, 326, -119, -185, 305, 219, 165, -112, -156, -4, -112, 
-34, 292, 326, -129, -180, 309, 219, 170, -107, -156, 0, -112, 
-34, 297, 331, -131, -183, 314, 219, 170, -102, -156, 0, -112, 
-43, 297, 341, -126, -192, 319, 209, 165, -112, -161, 4, -112, 
-48, 297, 346, -124, -197, 322, 209, 161, -112, -161, 4, -112, 
-48, 302, 351, -126, -200, 326, 204, 156, -112, -156, 0, -112, 
-43, 302, 346, -129, -195, 324, 204, 151, -112, -156, 0, -107, 
-48, 302, 351, -126, -200, 326, 204, 151, -112, -156, 0, -97, 
-48, 302, 351, -126, -200, 326, 204, 151, -112, -156, 0, -107, 
-53, 302, 356, -124, -204, 329, 204, 151, -112, -156, 0, -107, 
-53, 307, 361, -126, -207, 334, 200, 151, -112, -156, 4, -102, 
-39, 297, 336, -129, -187, 317, 204, 146, -112, -156, -4, -112, 
-39, 302, 341, -131, -190, 322, 204, 146, -112, -156, -4, -112, 
-43, 302, 346, -129, -195, 324, 195, 146, -112, -156, -4, -112, 
-43, 302, 346, -129, -195, 324, 190, 146, -112, -156, 0, -112, 
-53, 302, 356, -124, -204, 329, 195, 136, -122, -161, -9, -117, 
-58, 302, 361, -122, -209, 331, 195, 136, -122, -161, -9, -117, 
-58, 302, 361, -122, -209, 331, 195, 136, -117, -161, -9, -117, 
-53, 307, 361, -126, -207, 334, 195, 136, -117, -161, -9, -117, 
-43, 302, 346, -129, -195, 324, 185, 131, -117, -170, -19, -117, 
-43, 307, 351, -131, -197, 329, 185, 131, -122, -170, -19, -117, 
-43, 307, 351, -131, -197, 329, 190, 136, -122, -175, -19, -117, 
-43, 302, 346, -129, -195, 324, 190, 136, -122, -175, -19, -117, 
-43, 307, 351, -131, -197, 329, 190, 131, -122, -165, -9, -126, 
-39, 307, 346, -134, -192, 326, 185, 126, -122, -161, -9, -122, 
-39, 307, 346, -134, -192, 326, 185, 122, -122, -161, -9, -122, 
-39, 302, 341, -131, -190, 322, 190, 112, -117, -161, -9, -122, 
-39, 307, 346, -134, -192, 326, 190, 117, -117, -151, -9, -112, 
-39, 307, 346, -134, -192, 326, 190, 122, -117, -156, -9, -112, 
-39, 307, 346, -134, -192, 326, 190, 126, -117, -161, -4, -112, 
-39, 307, 346, -134, -192, 326, 190, 131, -117, -165, -4, -112, 
-39, 312, 351, -136, -195, 331, 180, 126, -126, -161, -14, -117, 
-43, 312, 356, -134, -200, 334, 180, 126, -126, -161, -9, -117, 
-48, 312, 361, -131, -204, 336, 180, 126, -126, -156, -9, -117, 
-48, 317, 366, -134, -207, 341, 180, 122, -131, -156, -9, -122, 
-43, 317, 361, -136, -202, 339, 180, 122, -126, -156, -19, -117, 
-43, 317, 361, -136, -202, 339, 180, 122, -126, -156, -19, -117, 
-43, 317, 361, -136, -202, 339, 185, 122, -126, -156, -19, -117, 
-43, 317, 361, -136, -202, 339, 185, 117, -126, -156, -19, -117, 
-34, 317, 351, -141, -192, 334, 180, 126, -126, -156, -9, -117, 
-29, 312, 341, -141, -185, 326, 175, 117, -136, -165, -9, -117, 
-34, 312, 346, -139, -190, 329, 165, 107, -136, -175, -9, -126, 
-39, 312, 351, -136, -195, 331, 165, 107, -136, -175, -9, -126, 
-43, 312, 356, -134, -200, 334, 165, 107, -136, -175, -9, -126, 
-48, 312, 361, -131, -204, 336, 165, 107, -136, -175, -9, -126, 
-48, 312, 361, -131, -204, 336, 165, 107, -126, -165, -9, -117, 
-48, 312, 361, -131, -204, 336, 165, 107, -126, -165, -9, -117, 
-48, 312, 361, -131, -204, 336, 165, 107, -126, -165, -9, -117, 
-48, 312, 361, -131, -204, 336, 165, 107, -126, -165, -9, -117, 
-39, 312, 351, -136, -195, 331, 165, 107, -126, -156, -9, -117, 
-39, 312, 351, -136, -195, 331, 165, 107, -126, -156, -9, -117, 
-39, 312, 351, -136, -195, 331, 165, 107, -126, -156, -9, -117, 
-39, 312, 351, -136, -195, 331, 165, 107, -126, -156, -9, -117, 
-48, 312, 361, -131, -204, 336, 156, 97, -126, -156, -9, -117, 
-48, 312, 361, -131, -204, 336, 156, 97, -126, -156, -9, -117, 
-48, 312, 361, -131, -204, 336, 156, 97, -126, -156, -9, -117, 
-48, 312, 361, -131, -204, 336, 156, 97, -126, -156, -9, -117, 
-39, 312, 351, -136, -195, 331, 156, 97, -136, -165, -19, -117, 
-39, 312, 351, -136, -195, 331, 156, 97, -136, -165, -19, -117, 
-39, 312, 351, -136, -195, 331, 156, 97, -136, -165, -19, -117, 
-39, 312, 351, -136, -195, 331, 156, 97, -136, -165, -19, -117, 
-48, 312, 361, -131, -204, 336, 156, 97, -136, -165, -19, -117, 
-48, 312, 361, -131, -204, 336, 156, 97, -136, -165, -19, -117, 
-48, 312, 361, -131, -204, 336, 156, 97, -136, -165, -19, -117, 
-48, 312, 361, -131, -204, 336, 156, 97, -136, -165, -19, -117, 
-43, 322, 366, -139, -204, 344, 156, 107, -126, -156, -9, -107, 
-39, 322, 361, -141, -200, 341, 156, 107, -126, -156, -9, -107, 
-34, 322, 356, -143, -195, 339, 156, 107, -126, -156, -9, -107, 
-29, 322, 351, -146, -190, 336, 156, 107, -126, -156, -9, -107, 
-29, 322, 351, -146, -190, 336, 156, 97, -136, -156, 0, -107, 
-29, 322, 351, -146, -190, 336, 156, 97, -136, -156, 0, -107, 
-29, 322, 351, -146, -190, 336, 156, 97, -136, -156, 0, -107, 
-29, 322, 351, -146, -190, 336, 156, 97, -136, -156, 0, -107, 
-39, 322, 361, -141, -200, 341, 146, 97, -136, -165, -9, -117, 
-39, 322, 361, -141, -200, 341, 146, 97, -136, -165, -9, -117, 
-39, 322, 361, -141, -200, 341, 146, 97, -136, -165, -9, -117, 
-39, 322, 361, -141, -200, 341, 146, 97, -136, -165, -9, -117, 
-48, 322, 370, -136, -209, 346, 136, 92, -146, -165, -19, -126, 
-48, 322, 370, -136, -209, 346, 136, 87, -146, -165, -19, -126, 
-48, 322, 370, -136, -209, 346, 136, 82, -146, -165, -19, -126, 
-48, 322, 370, -136, -209, 346, 136, 78, -146, -165, -19, -126, 
-39, 322, 361, -141, -200, 341, 136, 78, -146, -165, -9, -117, 
-39, 322, 361, -141, -200, 341, 136, 78, -146, -165, -9, -117, 
-39, 322, 361, -141, -200, 341, 136, 78, -146, -165, -9, -117, 
-39, 322, 361, -141, -200, 341, 136, 78, -146, -165, -9, -117, 
-39, 322, 361, -141, -200, 341, 136, 78, -146, -165, -9, -126, 
-39, 322, 361, -141, -200, 341, 136, 78, -146, -165, -9, -126, 
-39, 322, 361, -141, -200, 341, 136, 78, -146, -165, -9, -126, 
-39, 322, 361, -141, -200, 341, 136, 78, -146, -165, -9, -126, 
-29, 331, 361, -151, -195, 346, 136, 78, -146, -165, -19, -126, 
-29, 331, 361, -151, -195, 346, 136, 78, -146, -165, -19, -126, 
-29, 331, 361, -151, -195, 346, 136, 78, -146, -165, -19, -126, 
-29, 331, 361, -151, -195, 346, 136, 78, -146, -165, -19, -126, 
-43, 331, 375, -143, -209, 353, 136, 78, -136, -156, -9, -122, 
-48, 331, 380, -141, -214, 356, 136, 78, -136, -156, -9, -117, 
-53, 331, 385, -139, -219, 358, 136, 78, -136, -156, -9, -112, 
-58, 331, 390, -136, -224, 361, 136, 78, -136, -156, -9, -107, 
-63, 326, 390, -131, -226, 358, 136, 82, -126, -146, -4, -97, 
-63, 326, 390, -131, -226, 358, 136, 82, -126, -151, 0, -97, 
-53, 322, 375, -134, -214, 348, 136, 82, -131, -151, 0, -107, 
-53, 322, 375, -134, -214, 348, 136, 82, -136, -151, 4, -107, 
-48, 322, 370, -136, -209, 346, 126, 73, -136, -151, -4, -107, 
-48, 326, 375, -139, -212, 351, 126, 78, -131, -156, -9, -112, 
-48, 336, 385, -143, -217, 361, 126, 78, -131, -161, -9, -112, 
-48, 346, 395, -148, -222, 370, 126, 78, -136, -165, -4, -112, 
-39, 346, 385, -153, -212, 366, 126, 78, -136, -165, -14, -117, 
-39, 351, 390, -156, -214, 370, 126, 78, -136, -161, -14, -117, 
-39, 351, 390, -156, -214, 370, 126, 78, -131, -161, -9, -112, 
-39, 356, 395, -158, -217, 375, 126, 82, -126, -165, -9, -112, 
-29, 356, 385, -163, -207, 370, 117, 73, -126, -156, -4, -102, 
-29, 356, 385, -163, -207, 370, 117, 73, -126, -156, -4, -102, 
-29, 356, 385, -163, -207, 370, 126, 73, -126, -156, 0, -107, 
-29, 356, 385, -163, -207, 370, 126, 78, -126, -156, 4, -107, 
-19, 361, 380, -170, -200, 370, 136, 82, -112, -141, 14, -102, 
-14, 370, 385, -178, -200, 378, 136, 92, -107, -136, 14, -102, 
-9, 380, 390, -185, -200, 385, 136, 92, -107, -136, 19, -102, 
-4, 385, 390, -190, -197, 387, 141, 102, -92, -126, 19, -92, 
4, 390, 385, -197, -190, 387, 136, 112, -92, -107, 34, -68, 
9, 405, 395, -207, -192, 400, 136, 112, -82, -102, 43, -68, 
9, 409, 400, -209, -195, 405, 136, 112, -78, -102, 48, -63, 
14, 409, 395, -212, -190, 402, 136, 112, -68, -87, 53, -63, 
14, 414, 400, -214, -192, 407, 151, 131, -53, -73, 68, -48, 
14, 409, 395, -212, -190, 402, 156, 136, -53, -73, 68, -39, 
14, 405, 390, -209, -187, 397, 156, 136, -53, -68, 68, -39, 
14, 405, 390, -209, -187, 397, 161, 141, -48, -68, 68, -43, 
19, 409, 390, -214, -185, 400, 170, 146, -43, -78, 68, -53, 
24, 414, 390, -219, -183, 402, 165, 146, -43, -78, 68, -48, 
24, 414, 390, -219, -183, 402, 161, 146, -43, -78, 68, -48, 
19, 414, 395, -217, -187, 405, 161, 146, -48, -78, 68, -48, 
4, 395, 390, -200, -192, 392, 151, 131, -53, -87, 53, -63, 
-4, 380, 385, -187, -195, 383, 151, 131, -63, -92, 53, -68, 
-14, 370, 385, -178, -200, 378, 146, 126, -73, -97, 39, -73, 
-19, 366, 385, -173, -202, 375, 141, 112, -92, -112, 34, -82, 
-19, 361, 380, -170, -200, 370, 141, 92, -97, -126, 19, -97, 
-24, 356, 380, -165, -202, 368, 136, 92, -102, -131, 14, -97, 
-24, 346, 370, -161, -197, 358, 126, 87, -126, -141, 4, -97, 
-19, 331, 351, -156, -185, 341, 126, 87, -141, -161, -14, -97, 
-9, 312, 322, -151, -165, 317, 107, 73, -151, -170, -14, -112, 
-9, 312, 322, -151, -165, 317, 97, 68, -151, -175, -19, -126, 
-9, 307, 317, -148, -163, 312, 82, 58, -161, -175, -24, -131, 
-9, 307, 317, -148, -163, 312, 68, 53, -165, -180, -29, -136, 
0, 312, 312, -156, -156, 312, 58, 53, -175, -180, -24, -136, 
0, 312, 312, -156, -156, 312, 63, 48, -175, -180, -24, -136, 
0, 317, 317, -158, -158, 317, 63, 43, -175, -180, -24, -136, 
0, 317, 317, -158, -158, 317, 63, 39, -175, -180, -24, -136, 
0, 326, 326, -163, -163, 326, 53, 29, -170, -180, -19, -136, 
-4, 326, 331, -161, -168, 329, 53, 34, -170, -185, -24, -136, 
-4, 326, 331, -161, -168, 329, 53, 34, -175, -185, -24, -131, 
-4, 326, 331, -161, -168, 329, 58, 34, -175, -180, -24, -126, 
-9, 331, 341, -161, -175, 336, 48, 34, -170, -190, -34, -126, 
-9, 336, 346, -163, -178, 341, 48, 34, -170, -195, -29, -126, 
-4, 336, 341, -165, -173, 339, 48, 29, -170, -195, -29, -126, 
-4, 336, 341, -165, -173, 339, 48, 14, -170, -190, -29, -122, 
4, 336, 331, -170, -163, 334, 34, 14, -180, -180, -29, -131, 
4, 331, 326, -168, -161, 329, 34, 9, -185, -180, -29, -131, 
4, 322, 317, -163, -156, 319, 34, 9, -185, -180, -39, -136, 
4, 322, 317, -163, -156, 319, 34, 9, -185, -185, -39, -136, 
0, 322, 322, -161, -161, 322, 43, 9, -185, -185, -34, -136, 
-4, 326, 331, -161, -168, 329, 43, 9, -175, -185, -34, -131, 
-9, 331, 341, -161, -175, 336, 48, 14, -170, -180, -29, -131, 
-19, 331, 351, -156, -185, 341, 48, 14, -170, -180, -29, -131, 
-39, 326, 366, -143, -202, 346, 53, 14, -165, -175, -19, -131, 
-48, 326, 375, -139, -212, 351, 58, 14, -165, -175, -14, -131, 
-53, 331, 385, -139, -219, 358, 58, 14, -165, -175, -14, -131, 
-58, 336, 395, -139, -226, 366, 58, 14, -161, -175, -14, -131, 
-48, 326, 375, -139, -212, 351, 73, 14, -170, -170, -24, -131, 
-58, 326, 385, -134, -222, 356, 78, 19, -165, -165, -24, -131, 
-68, 326, 395, -129, -231, 361, 78, 19, -161, -165, -19, -126, 
-68, 326, 395, -129, -231, 361, 78, 19, -161, -165, -19, -126, 
-63, 322, 385, -129, -224, 353, 68, 24, -161, -165, -24, -136, 
-63, 322, 385, -129, -224, 353, 68, 24, -165, -170, -24, -136, 
-63, 322, 385, -129, -224, 353, 68, 24, -170, -170, -24, -136, 
-58, 322, 380, -131, -219, 351, 68, 29, -170, -170, -24, -136, 
-68, 312, 380, -122, -224, 346, 58, 19, -170, -170, -29, -136, 
-73, 312, 385, -119, -229, 348, 58, 19, -170, -170, -29, -141, 
-73, 317, 390, -122, -231, 353, 58, 19, -170, -170, -29, -141, 
-73, 312, 385, -119, -229, 348, 58, 19, -170, -170, -29, -141, 
-73, 322, 395, -124, -234, 358, 78, 29, -156, -170, -24, -122, 
-73, 326, 400, -126, -236, 363, 78, 39, -156, -170, -24, -131, 
-73, 322, 395, -124, -234, 358, 82, 24, -151, -165, -24, -131, 
-78, 312, 390, -117, -234, 351, 87, 29, -151, -165, -19, -131, 
-78, 312, 390, -117, -234, 351, 92, 34, -136, -156, -19, -131, 
-78, 322, 400, -122, -239, 361, 92, 39, -131, -136, -9, -122, 
-78, 322, 400, -122, -239, 361, 97, 53, -107, -131, 4, -122, 
-78, 297, 375, -109, -226, 336, 107, 68, -97, -112, 4, -122, 
-78, 273, 351, -97, -214, 312, 117, 102, -82, -107, 9, -122, 
-87, 258, 346, -85, -217, 302, 117, 117, -58, -92, 19, -112, 
-82, 268, 351, -92, -217, 309, 117, 131, -39, -68, 53, -102, 
-73, 258, 331, -92, -202, 295, 112, 136, -14, -43, 68, -78, 
-58, 253, 312, -97, -185, 283, 107, 161, 14, -14, 92, -58, 
-48, 263, 312, -107, -180, 287, 102, 204, 58, 34, 131, -34, 
-19, 273, 292, -126, -156, 283, 92, 268, 136, 92, 175, 0, 
39, 322, 283, -180, -122, 302, 78, 346, 234, 200, 273, 78, 
122, 405, 283, -263, -80, 344, 34, 424, 356, 336, 405, 204, 
185, 483, 297, -334, -56, 390, -4, 483, 458, 458, 536, 346, 
239, 556, 317, -397, -39, 436, -53, 502, 527, 551, 653, 458, 
312, 653, 341, -483, -14, 497, -107, 492, 585, 653, 780, 595, 
375, 771, 395, -573, -9, 583, -165, 448, 624, 732, 897, 722, 
439, 854, 414, -646, 12, 634, -224, 395, 624, 771, 961, 785, 
527, 888, 361, -707, 82, 624, -268, 366, 570, 766, 971, 814, 
619, 868, 248, -744, 185, 558, -317, 385, 512, 741, 951, 805, 
712, 800, 87, -756, 312, 444, -361, 395, 429, 678, 883, 736, 
771, 732, -39, -751, 405, 346, -414, 356, 302, 556, 741, 600, 
800, 673, -126, -736, 463, 273, -448, 278, 117, 390, 580, 448, 
761, 610, -151, -685, 456, 229, -439, 151, -82, 175, 400, 322, 
634, 551, -82, -592, 358, 234, -370, -39, -336, -73, 200, 185, 
429, 463, 34, -446, 197, 248, -248, -302, -653, -414, -82, -14, 
268, 331, 63, -300, 102, 197, -126, -492, -980, -785, -405, -268, 
190, 214, 24, -202, 82, 119, -43, -566, -1195, -1058, -653, -473, 
131, 185, 53, -158, 39, 119, 34, -570, -1239, -1141, -766, -551, 
53, 239, 185, -146, -65, 212, 126, -551, -1151, -1088, -736, -556, 
-24, 287, 312, -131, -168, 300, 224, -492, -1044, -1010, -683, -531, 
-68, 268, 336, -100, -202, 302, 302, -424, -976, -956, -649, -531, 
-117, 214, 331, -48, -224, 273, 361, -390, -951, -932, -639, -551, 
-156, 175, 331, -9, -244, 253, 405, -366, -932, -912, -649, -575, 
-190, 141, 331, 24, -261, 236, 453, -336, -912, -888, -649, -595, 
-219, 117, 336, 51, -278, 226, 478, -322, -902, -883, -649, -605, 
-253, 102, 356, 75, -305, 229, 502, -312, -897, -883, -658, -624, 
-273, 63, 336, 104, -305, 200, 531, -283, -873, -868, -653, -649, 
-268, -14, 253, 141, -261, 119, 561, -244, -844, -844, -644, -653, 
-278, -73, 204, 175, -241, 65, 575, -214, -824, -824, -634, -653, 
-283, -102, 180, 192, -231, 39, 570, -185, -775, -790, -600, -634, 
-297, -102, 195, 200, -246, 46, 570, -170, -717, -722, -546, -600, 
-297, -82, 214, 190, -256, 65, 561, -146, -634, -644, -483, -551, 
-278, -34, 244, 156, -261, 104, 517, -87, -536, -551, -405, -483, 
-209, 24, 234, 92, -222, 129, 434, 0, -419, -434, -307, -405, 
-141, 82, 224, 29, -183, 153, 336, 87, -317, -326, -209, -326, 
-117, 146, 263, -14, -190, 204, 263, 136, -239, -253, -141, -263, 
-102, 175, 278, -36, -190, 226, 234, 146, -195, -214, -102, -239, 
-97, 204, 302, -53, -200, 253, 195, 112, -180, -209, -87, -224, 
-97, 258, 356, -80, -226, 307, 161, 78, -175, -200, -68, -209, 
-102, 278, 380, -87, -241, 329, 156, 53, -165, -190, -68, -200, 
-102, 278, 380, -87, -241, 329, 146, 48, -165, -190, -68, -200, 
-97, 268, 366, -85, -231, 317, 131, 48, -156, -180, -58, -195, 
-87, 278, 366, -95, -226, 322, 112, 48, -156, -170, -53, -180, 
-82, 287, 370, -102, -226, 329, 97, 48, -146, -156, -43, -170, 
-73, 287, 361, -107, -217, 324, 92, 58, -136, -151, -29, -161, 
-73, 278, 351, -102, -212, 314, 92, 53, -131, -151, -34, -161, 
-78, 278, 356, -100, -217, 317, 102, 68, -126, -151, -34, -165, 
-82, 278, 361, -97, -222, 319, 107, 68, -126, -151, -39, -170, 
-82, 278, 361, -97, -222, 319, 107, 68, -126, -151, -39, -175, 
-92, 278, 370, -92, -231, 324, 92, 58, -136, -151, -39, -170, 
-92, 278, 370, -92, -231, 324, 92, 53, -131, -151, -39, -170, 
-92, 278, 370, -92, -231, 324, 87, 53, -126, -146, -34, -170, 
-92, 278, 370, -92, -231, 324, 82, 53, -122, -141, -24, -170, 
-82, 283, 366, -100, -224, 324, 68, 53, -112, -136, -19, -161, 
-78, 283, 361, -102, -219, 322, 68, 53, -107, -136, -19, -156, 
-78, 283, 361, -102, -219, 322, 68, 53, -107, -136, -19, -146, 
-78, 283, 361, -102, -219, 322, 63, 53, -107, -126, -19, -146, 
-78, 283, 361, -102, -219, 322, 63, 53, -117, -126, -19, -156, 
-78, 283, 361, -102, -219, 322, 63, 53, -117, -131, -19, -156, 
-78, 283, 361, -102, -219, 322, 63, 53, -117, -131, -19, -156, 
-78, 283, 361, -102, -219, 322, 68, 53, -117, -131, -19, -161, 
-87, 283, 370, -97, -229, 326, 68, 53, -107, -122, -9, -151, 
-87, 283, 370, -97, -229, 326, 63, 53, -107, -122, -9, -151, 
-82, 283, 366, -100, -224, 324, 63, 53, -97, -117, -9, -151, 
-82, 283, 366, -100, -224, 324, 63, 53, -97, -117, -9, -151, 
-82, 292, 375, -104, -229, 334, 63, 68, -107, -126, -19, -151, 
-82, 287, 370, -102, -226, 329, 63, 58, -107, -126, -14, -151, 
-82, 283, 366, -100, -224, 324, 63, 58, -107, -122, -14, -151, 
-82, 278, 361, -97, -222, 319, 68, 58, -107, -122, -14, -151, 
-73, 278, 351, -102, -212, 314, 58, 53, -112, -122, -24, -151, 
-73, 278, 351, -102, -212, 314, 58, 53, -112, -122, -24, -156, 
-73, 278, 351, -102, -212, 314, 58, 53, -112, -122, -24, -161, 
-78, 278, 356, -100, -217, 317, 58, 53, -117, -122, -24, -165, 
-78, 283, 361, -102, -219, 322, 68, 63, -112, -112, -14, -156, 
-78, 283, 361, -102, -219, 322, 68, 63, -97, -107, -9, -156, 
-78, 283, 361, -102, -219, 322, 68, 63, -92, -107, -9, -156, 
-73, 283, 356, -104, -214, 319, 63, 58, -87, -107, -9, -156, 
-73, 292, 366, -109, -219, 329, 68, 58, -92, -107, 0, -146, 
-73, 292, 366, -109, -219, 329, 68, 58, -92, -107, 0, -146, 
-73, 292, 366, -109, -219, 329, 68, 58, -92, -107, 0, -146, 
-73, 292, 366, -109, -219, 329, 68, 58, -92, -107, 0, -146, 
-82, 287, 370, -102, -226, 329, 58, 58, -92, -112, -9, -156, 
-82, 283, 366, -100, -224, 324, 63, 63, -87, -112, -9, -156, 
-78, 273, 351, -97, -214, 312, 63, 63, -87, -112, -9, -156, 
-78, 268, 346, -95, -212, 307, 63, 68, -87, -112, -4, -156, 
-82, 273, 356, -95, -219, 314, 63, 68, -78, -112, -4, -156, 
-82, 273, 356, -95, -219, 314, 63, 68, -73, -112, -9, -156, 
-82, 273, 356, -95, -219, 314, 63, 68, -68, -112, -9, -156, 
-87, 273, 361, -92, -224, 317, 63, 78, -68, -107, -4, -156, 
-97, 268, 366, -85, -231, 317, 63, 68, -63, -102, 0, -146, 
-97, 268, 366, -85, -231, 317, 63, 68, -63, -97, 4, -146, 
-97, 268, 366, -85, -231, 317, 63, 68, -63, -92, 9, -146, 
-97, 273, 370, -87, -234, 322, 63, 73, -63, -82, 19, -146, 
-87, 273, 361, -92, -224, 317, 63, 82, -58, -92, 9, -146, 
-82, 273, 356, -95, -219, 314, 63, 87, -53, -92, 9, -146, 
-82, 273, 356, -95, -219, 314, 63, 87, -53, -87, 9, -146, 
-78, 273, 351, -97, -214, 312, 63, 92, -48, -87, 9, -146, 
-78, 283, 361, -102, -219, 322, 63, 92, -58, -82, 14, -146, 
-82, 283, 366, -100, -224, 324, 63, 92, -48, -73, 14, -146, 
-82, 283, 366, -100, -224, 324, 63, 97, -48, -73, 14, -136, 
-82, 283, 366, -100, -224, 324, 63, 102, -43, -73, 14, -136, 
-82, 283, 366, -100, -224, 324, 53, 97, -39, -63, 9, -131, 
-82, 278, 361, -97, -222, 319, 58, 102, -39, -63, 9, -131, 
-82, 278, 361, -97, -222, 319, 58, 102, -39, -58, 9, -131, 
-82, 287, 370, -102, -226, 329, 58, 107, -34, -48, 9, -131, 
-73, 283, 356, -104, -214, 319, 58, 117, -19, -58, 19, -141, 
-68, 283, 351, -107, -209, 317, 58, 122, -14, -58, 24, -141, 
-68, 283, 351, -107, -209, 317, 63, 122, -9, -58, 24, -141, 
-73, 283, 356, -104, -214, 319, 63, 126, -4, -48, 29, -136, 
-87, 273, 361, -92, -224, 317, 63, 122, -9, -43, 34, -136, 
-87, 273, 361, -92, -224, 317, 58, 126, -9, -39, 39, -136, 
-82, 278, 361, -97, -222, 319, 58, 131, -4, -34, 39, -126, 
-82, 278, 361, -97, -222, 319, 58, 136, 4, -29, 43, -126, 
-82, 268, 351, -92, -217, 309, 48, 141, 9, -24, 34, -126, 
-82, 268, 351, -92, -217, 309, 48, 146, 14, -24, 39, -126, 
-82, 268, 351, -92, -217, 309, 48, 151, 19, -19, 39, -122, 
-82, 273, 356, -95, -219, 314, 48, 161, 24, -14, 48, -122, 
-63, 292, 356, -114, -209, 324, 58, 175, 43, 0, 63, -117, 
-58, 297, 356, -119, -207, 326, 58, 190, 53, 4, 63, -117, 
-58, 302, 361, -122, -209, 331, 58, 190, 63, 9, 68, -112, 
-53, 312, 366, -129, -209, 339, 58, 195, 68, 19, 73, -107, 
-48, 307, 356, -129, -202, 331, 68, 209, 63, 19, 63, -117, 
-43, 307, 351, -131, -197, 329, 68, 214, 78, 24, 68, -117, 
-34, 312, 346, -139, -190, 329, 68, 219, 87, 29, 73, -117, 
-34, 317, 351, -141, -192, 334, 68, 224, 87, 34, 78, -117, 
-34, 317, 351, -141, -192, 334, 58, 234, 97, 53, 78, -107, 
-24, 317, 341, -146, -183, 329, 58, 248, 107, 63, 82, -107, 
-24, 317, 341, -146, -183, 329, 58, 258, 117, 73, 87, -97, 
-24, 317, 341, -146, -183, 329, 58, 268, 136, 82, 97, -97, 
-34, 326, 361, -146, -197, 344, 68, 273, 156, 82, 112, -97, 
-29, 326, 356, -148, -192, 341, 68, 283, 170, 92, 122, -92, 
-19, 326, 346, -153, -183, 336, 68, 292, 175, 102, 131, -87, 
-19, 331, 351, -156, -185, 341, 73, 312, 185, 112, 131, -82, 
-24, 326, 351, -151, -187, 339, 63, 322, 190, 117, 136, -78, 
-14, 326, 341, -156, -178, 334, 63, 331, 204, 126, 146, -78, 
-9, 331, 341, -161, -175, 336, 63, 341, 219, 136, 156, -78, 
-9, 331, 341, -161, -175, 336, 63, 356, 229, 146, 161, -68, 
-9, 336, 346, -163, -178, 341, 68, 361, 244, 151, 161, -68, 
-9, 336, 346, -163, -178, 341, 68, 380, 253, 170, 165, -63, 
-4, 336, 341, -165, -173, 339, 68, 395, 263, 180, 175, -58, 
0, 336, 336, -168, -168, 336, 63, 409, 278, 195, 180, -63, 
4, 331, 326, -168, -161, 329, 73, 429, 297, 209, 204, -53, 
4, 341, 336, -173, -165, 339, 73, 439, 317, 219, 204, -43, 
4, 346, 341, -175, -168, 344, 73, 458, 341, 239, 219, -34, 
4, 351, 346, -178, -170, 348, 73, 468, 366, 253, 229, -29, 
14, 356, 341, -185, -163, 348, 63, 478, 370, 268, 234, -29, 
24, 361, 336, -192, -156, 348, 63, 492, 385, 278, 244, -29, 
39, 366, 326, -202, -143, 346, 63, 502, 400, 292, 244, -29, 
48, 366, 317, -207, -134, 341, 63, 517, 414, 302, 253, -24, 
58, 375, 317, -217, -129, 346, 48, 527, 414, 307, 263, -9, 
63, 380, 317, -222, -126, 348, 48, 546, 429, 317, 273, -4, 
68, 385, 317, -226, -124, 351, 48, 556, 444, 336, 278, 9, 
78, 390, 312, -234, -117, 351, 48, 566, 458, 351, 287, 14, 
78, 385, 307, -231, -114, 346, 48, 570, 468, 351, 287, 9, 
82, 385, 302, -234, -109, 344, 48, 580, 483, 361, 297, 14, 
92, 390, 297, -241, -102, 344, 48, 590, 497, 370, 307, 29, 
97, 395, 297, -246, -100, 346, 48, 600, 502, 380, 312, 29, 
117, 395, 278, -256, -80, 336, 39, 610, 522, 405, 326, 29, 
122, 400, 278, -261, -78, 339, 39, 624, 536, 409, 331, 34, 
122, 405, 283, -263, -80, 344, 39, 634, 541, 419, 336, 34, 
126, 409, 283, -268, -78, 346, 29, 649, 551, 434, 351, 43, 
131, 414, 283, -273, -75, 348, 34, 649, 556, 439, 356, 43, 
136, 414, 278, -275, -70, 346, 29, 649, 561, 444, 366, 48, 
146, 414, 268, -280, -61, 341, 24, 649, 575, 444, 366, 48, 
146, 419, 273, -283, -63, 346, 24, 649, 575, 453, 370, 63, 
151, 424, 273, -287, -61, 348, 19, 649, 575, 463, 380, 53, 
151, 429, 278, -290, -63, 353, 14, 649, 575, 463, 380, 58, 
156, 434, 278, -295, -61, 356, 14, 649, 575, 463, 380, 63, 
156, 434, 278, -295, -61, 356, 14, 644, 566, 463, 380, 63, 
161, 434, 273, -297, -56, 353, 0, 644, 566, 463, 380, 73, 
161, 444, 283, -302, -61, 363, -4, 634, 556, 458, 380, 73, 
156, 448, 292, -302, -68, 370, -9, 614, 556, 458, 380, 73, 
156, 448, 292, -302, -68, 370, -14, 605, 546, 453, 375, 73, 
165, 444, 278, -305, -56, 361, -9, 585, 527, 434, 366, 68, 
170, 448, 278, -309, -53, 363, -14, 566, 502, 414, 361, 68, 
170, 453, 283, -312, -56, 368, -14, 541, 488, 395, 356, 68, 
165, 458, 292, -312, -63, 375, -14, 512, 463, 375, 356, 68, 
165, 458, 292, -312, -63, 375, -24, 483, 429, 361, 341, 58, 
161, 458, 297, -309, -68, 378, -29, 458, 400, 341, 331, 53, 
161, 458, 297, -309, -68, 378, -34, 434, 380, 322, 322, 53, 
161, 458, 297, -309, -68, 378, -39, 405, 361, 307, 312, 53, 
151, 448, 297, -300, -73, 373, -39, 390, 341, 283, 302, 53, 
141, 444, 302, -292, -80, 373, -39, 370, 322, 268, 287, 53, 
122, 444, 322, -283, -100, 383, -34, 351, 297, 253, 278, 53, 
112, 439, 326, -275, -107, 383, -34, 322, 273, 234, 268, 43, 
107, 434, 326, -270, -109, 380, -43, 287, 239, 209, 258, 43, 
102, 434, 331, -268, -114, 383, -43, 263, 214, 180, 248, 39, 
92, 434, 341, -263, -124, 387, -43, 244, 190, 170, 239, 29, 
92, 429, 336, -261, -122, 383, -43, 229, 165, 161, 229, 24, 
78, 414, 336, -246, -129, 375, -43, 209, 146, 131, 219, 19, 
68, 409, 341, -239, -136, 375, -43, 185, 126, 112, 209, 9, 
58, 405, 346, -231, -143, 375, -39, 165, 107, 97, 200, 9, 
43, 405, 361, -224, -158, 383, -39, 151, 92, 82, 185, 4, 
43, 395, 351, -219, -153, 373, -39, 131, 73, 68, 170, 0, 
39, 385, 346, -212, -153, 366, -39, 112, 53, 58, 165, -4, 
24, 380, 356, -202, -165, 368, -39, 97, 43, 43, 156, -9, 
24, 375, 351, -200, -163, 363, -39, 87, 29, 34, 151, -14, 
29, 375, 346, -202, -158, 361, -39, 68, 14, 19, 151, -24, 
24, 370, 346, -197, -161, 358, -39, 63, 0, 9, 141, -34, 
19, 366, 346, -192, -163, 356, -39, 58, -4, 4, 131, -39, 
14, 361, 346, -187, -165, 353, -39, 48, -9, 0, 131, -39, 
0, 361, 361, -180, -180, 361, -39, 53, -9, -4, 122, -48, 
0, 361, 361, -180, -180, 361, -39, 43, -14, -14, 117, -48, 
-4, 361, 366, -178, -185, 363, -39, 39, -24, -19, 112, -53, 
-9, 361, 370, -175, -190, 366, -39, 34, -34, -19, 112, -58, 
0, 370, 370, -185, -185, 370, -29, 29, -39, -24, 107, -48, 
0, 370, 370, -185, -185, 370, -29, 29, -43, -29, 107, -48, 
-4, 370, 375, -183, -190, 373, -29, 24, -48, -29, 102, -58, 
-9, 370, 380, -180, -195, 375, -29, 24, -53, -29, 102, -58, 
0, 375, 375, -187, -187, 375, -39, 9, -53, -34, 97, -48, 
0, 375, 375, -187, -187, 375, -34, 9, -53, -39, 97, -48, 
0, 370, 370, -185, -185, 370, -29, 9, -58, -43, 92, -53, 
-4, 366, 370, -180, -187, 368, -29, 9, -63, -43, 87, -58, 
-14, 356, 370, -170, -192, 363, -29, -4, -58, -43, 92, -53, 
-14, 351, 366, -168, -190, 358, -29, -4, -58, -43, 92, -53, 
-19, 351, 370, -165, -195, 361, -29, -4, -68, -43, 87, -53, 
-19, 361, 380, -170, -200, 370, -29, -4, -68, -43, 87, -53, 
-24, 351, 375, -163, -200, 363, -29, -9, -78, -48, 78, -63, 
-24, 341, 366, -158, -195, 353, -29, -9, -78, -48, 78, -63, 
-24, 341, 366, -158, -195, 353, -29, -9, -78, -48, 78, -63, 
-24, 346, 370, -161, -197, 358, -29, -4, -78, -48, 82, -63, 
-39, 341, 380, -151, -209, 361, -29, 4, -68, -48, 82, -73, 
-39, 341, 380, -151, -209, 361, -24, 0, -73, -48, 82, -73, 
-39, 336, 375, -148, -207, 356, -24, 0, -78, -48, 82, -73, 
-39, 331, 370, -146, -204, 351, -24, 4, -82, -48, 82, -78, 
-29, 331, 361, -151, -195, 346, -24, 4, -73, -48, 73, -78, 
-29, 326, 356, -148, -192, 341, -29, 4, -73, -48, 73, -78, 
-29, 322, 351, -146, -190, 336, -29, 0, -73, -48, 68, -78, 
-34, 317, 351, -141, -192, 334, -29, 0, -73, -48, 63, -78, 
-29, 326, 356, -148, -192, 341, -39, -4, -78, -53, 73, -78, 
-29, 331, 361, -151, -195, 346, -39, -9, -78, -53, 73, -82, 
-29, 331, 361, -151, -195, 346, -39, -9, -78, -58, 73, -82, 
-29, 336, 366, -153, -197, 351, -39, -14, -78, -58, 73, -78, 
-29, 336, 366, -153, -197, 351, -39, -4, -78, -63, 63, -87, 
-24, 336, 361, -156, -192, 348, -39, -4, -78, -63, 63, -87, 
-24, 336, 361, -156, -192, 348, -39, -4, -78, -58, 63, -87, 
-24, 336, 361, -156, -192, 348, -39, -4, -78, -58, 63, -87, 
-34, 326, 361, -146, -197, 344, -43, -4, -87, -58, 63, -87, 
-39, 326, 366, -143, -202, 346, -43, -4, -87, -58, 63, -87, 
-48, 326, 375, -139, -212, 351, -43, -4, -87, -58, 63, -82, 
-53, 326, 380, -136, -217, 353, -43, -4, -82, -58, 63, -82, 
-43, 336, 380, -146, -212, 358, -43, -14, -73, -58, 63, -73, 
-39, 336, 375, -148, -207, 356, -43, -14, -78, -58, 63, -73, 
-34, 336, 370, -151, -202, 353, -43, -14, -82, -63, 63, -73, 
-29, 336, 366, -153, -197, 351, -43, -14, -82, -63, 63, -78, 
-39, 346, 385, -153, -212, 366, -34, -14, -73, -58, 73, -68, 
-39, 346, 385, -153, -212, 366, -34, -9, -73, -58, 78, -68, 
-39, 346, 385, -153, -212, 366, -34, -9, -73, -58, 78, -68, 
-39, 346, 385, -153, -212, 366, -34, -14, -73, -58, 78, -68, 
-39, 336, 375, -148, -207, 356, -39, -14, -73, -48, 68, -78, 
-34, 336, 370, -151, -202, 353, -39, -9, -73, -48, 68, -78, 
-34, 336, 370, -151, -202, 353, -34, -9, -73, -48, 68, -78, 
-39, 336, 375, -148, -207, 356, -34, -9, -73, -48, 68, -78, 
-39, 326, 366, -143, -202, 346, -39, -9, -82, -58, 58, -82, 
-39, 326, 366, -143, -202, 346, -39, -9, -82, -58, 58, -87, 
-43, 326, 370, -141, -207, 348, -39, -9, -82, -58, 58, -92, 
-43, 326, 370, -141, -207, 348, -39, -9, -82, -58, 58, -97, 
-43, 326, 370, -141, -207, 348, -39, -9, -82, -58, 58, -97, 
-43, 322, 366, -139, -204, 344, -39, -9, -82, -58, 53, -97, 
-43, 322, 366, -139, -204, 344, -39, -9, -82, -58, 53, -97, 
-43, 326, 370, -141, -207, 348, -39, -9, -82, -58, 58, -97, 
-34, 331, 366, -148, -200, 348, -48, -14, -82, -58, 58, -87, 
-34, 336, 370, -151, -202, 353, -48, -14, -82, -58, 58, -87, 
-34, 336, 370, -151, -202, 353, -48, -14, -82, -58, 58, -87, 
-34, 336, 370, -151, -202, 353, -48, -19, -82, -58, 58, -87, 
-24, 346, 370, -161, -197, 358, -48, -19, -82, -58, 68, -78, 
-24, 346, 370, -161, -197, 358, -48, -19, -82, -58, 68, -78, 
-24, 346, 370, -161, -197, 358, -53, -19, -82, -58, 68, -78, 
-24, 346, 370, -161, -197, 358, -53, -19, -82, -58, 68, -78, 
-34, 341, 375, -153, -204, 358, -48, -19, -82, -58, 68, -78, 
-34, 341, 375, -153, -204, 358, -48, -19, -82, -58, 68, -78, 
-34, 336, 370, -151, -202, 353, -48, -19, -82, -63, 68, -78, 
-34, 336, 370, -151, -202, 353, -48, -19, -82, -63, 58, -78, 
-43, 326, 370, -141, -207, 348, -48, -29, -87, -63, 48, -78, 
-43, 326, 370, -141, -207, 348, -48, -29, -87, -63, 53, -78, 
-43, 326, 370, -141, -207, 348, -48, -29, -87, -58, 53, -78, 
-43, 326, 370, -141, -207, 348, -48, -29, -87, -58, 53, -78, 
-43, 326, 370, -141, -207, 348, -58, -39, -92, -73, 53, -87, 
-43, 317, 361, -136, -202, 339, -58, -39, -97, -73, 48, -87, 
-43, 317, 361, -136, -202, 339, -58, -43, -102, -73, 48, -87, 
-43, 322, 366, -139, -204, 344, -63, -43, -107, -73, 48, -87, 
-43, 331, 375, -143, -209, 353, -53, -43, -97, -73, 58, -78, 
-43, 331, 375, -143, -209, 353, -48, -43, -97, -68, 63, -78, 
-43, 331, 375, -143, -209, 353, -48, -43, -92, -68, 63, -78, 
-43, 331, 375, -143, -209, 353, -48, -43, -92, -73, 63, -78, 
-34, 331, 366, -148, -200, 348, -58, -29, -82, -73, 63, -87, 
-34, 331, 366, -148, -200, 348, -58, -29, -82, -73, 58, -87, 
-34, 331, 366, -148, -200, 348, -58, -39, -92, -73, 58, -87, 
-34, 331, 366, -148, -200, 348, -63, -43, -97, -68, 58, -87, 
-29, 341, 370, -156, -200, 356, -63, -43, -97, -68, 58, -78, 
-29, 341, 370, -156, -200, 356, -63, -43, -97, -78, 53, -82, 
-29, 341, 370, -156, -200, 356, -63, -39, -97, -78, 53, -82, 
-29, 341, 370, -156, -200, 356, -63, -39, -97, -73, 53, -82, 
-29, 341, 370, -156, -200, 356, -63, -39, -97, -73, 53, -82, 
-29, 341, 370, -156, -200, 356, -68, -39, -97, -78, 48, -78, 
-39, 331, 370, -146, -204, 351, -78, -48, -102, -78, 48, -87, 
-39, 331, 370, -146, -204, 351, -78, -48, -107, -78, 48, -87, 
-39, 331, 370, -146, -204, 351, -78, -48, -112, -78, 48, -87, 
-39, 331, 370, -146, -204, 351, -78, -48, -117, -78, 48, -87, 
-43, 326, 370, -141, -207, 348, -68, -63, -117, -82, 39, -97, 
-43, 326, 370, -141, -207, 348, -68, -63, -117, -92, 39, -97, 
-34, 322, 356, -143, -195, 339, -68, -63, -122, -97, 34, -107, 
-34, 322, 356, -143, -195, 339, -68, -63, -126, -102, 34, -107, 
-48, 297, 346, -124, -197, 322, -68, -68, -131, -102, 24, -107, 
-48, 287, 336, -119, -192, 312, -68, -68, -131, -107, 19, -112, 
-48, 283, 331, -117, -190, 307, -68, -73, -136, -112, 19, -112, 
-48, 278, 326, -114, -187, 302, -68, -78, -146, -117, 24, -112, 
-39, 273, 312, -117, -175, 292, -68, -78, -151, -126, 14, -112, 
-39, 273, 312, -117, -175, 292, -68, -78, -156, -122, 14, -117, 
-39, 268, 307, -114, -173, 287, -68, -78, -156, -122, 19, -117, 
-39, 268, 307, -114, -173, 287, -68, -73, -156, -126, 19, -122, 
-48, 258, 307, -104, -178, 283, -68, -82, -161, -131, 14, -131, 
-48, 258, 307, -104, -178, 283, -68, -82, -165, -136, 4, -131, 
-48, 258, 307, -104, -178, 283, -58, -82, -170, -141, 0, -136, 
-48, 258, 307, -104, -178, 283, -58, -78, -175, -146, -4, -136, 
-53, 239, 292, -92, -173, 265, -48, -87, -185, -151, -14, -136, 
-53, 234, 287, -90, -170, 261, -48, -82, -185, -146, -14, -141, 
-53, 229, 283, -87, -168, 256, -48, -87, -190, -146, -9, -146, 
-53, 219, 273, -82, -163, 246, -43, -82, -180, -136, -9, -141, 
-48, 219, 268, -85, -158, 244, -48, -92, -185, -141, -9, -131, 
-48, 229, 278, -90, -163, 253, -48, -92, -180, -141, -4, -136, 
-53, 229, 283, -87, -168, 256, -48, -92, -180, -146, -4, -136, 
-53, 224, 278, -85, -165, 251, -48, -92, -175, -136, -4, -141, 
-43, 219, 263, -87, -153, 241, -63, -97, -175, -146, -4, -141, 
-43, 214, 258, -85, -151, 236, -68, -97, -180, -151, -9, -136, 
-43, 209, 253, -82, -148, 231, -78, -102, -185, -151, -14, -141, 
-43, 209, 253, -82, -148, 231, -82, -102, -185, -156, -19, -151, 
-29, 224, 253, -97, -141, 239, -87, -97, -190, -156, -9, -151, 
-24, 229, 253, -102, -139, 241, -97, -97, -190, -156, -9, -146, 
-24, 229, 253, -102, -139, 241, -107, -97, -190, -156, -9, -146, 
-29, 229, 258, -100, -143, 244, -112, -97, -195, -156, -9, -146, 
-24, 244, 268, -109, -146, 256, -112, -97, -190, -141, -9, -136, 
-24, 244, 268, -109, -146, 256, -112, -92, -190, -141, -4, -136, 
-24, 248, 273, -112, -148, 261, -117, -92, -190, -141, -14, -136, 
-19, 258, 278, -119, -148, 268, -122, -102, -200, -151, -14, -141, 
-19, 273, 292, -126, -156, 283, -112, -102, -190, -151, -4, -141, 
-24, 287, 312, -131, -168, 300, -117, -102, -180, -141, 4, -136, 
-24, 297, 322, -136, -173, 309, -126, -107, -190, -136, 9, -131, 
-19, 302, 322, -141, -170, 312, -126, -107, -190, -141, 4, -126, 
-29, 297, 326, -134, -178, 312, -117, -117, -190, -141, 9, -117, 
-29, 302, 331, -136, -180, 317, -117, -117, -180, -136, 9, -126, 
-29, 302, 331, -136, -180, 317, -122, -122, -180, -126, 9, -126, 
-29, 307, 336, -139, -183, 322, -126, -122, -175, -122, 9, -126, 
-29, 312, 341, -141, -185, 326, -122, -112, -175, -131, 14, -117, 
-29, 312, 341, -141, -185, 326, -112, -117, -175, -131, 14, -117, 
-29, 317, 346, -143, -187, 331, -107, -122, -175, -131, 14, -117, 
-29, 317, 346, -143, -187, 331, -102, -126, -175, -131, 14, -117, 
-39, 302, 341, -131, -190, 322, -102, -136, -195, -146, 4, -126, 
-43, 297, 341, -126, -192, 319, -102, -131, -200, -156, -4, -136, 
-43, 292, 336, -124, -190, 314, -102, -131, -209, -161, -9, -141, 
-43, 287, 331, -122, -187, 309, -97, -131, -214, -161, -14, -146, 
-48, 283, 331, -117, -190, 307, -107, -126, -200, -161, -14, -156, 
-48, 278, 326, -114, -187, 302, -107, -122, -200, -165, -9, -156, 
-43, 268, 312, -112, -178, 290, -107, -122, -200, -165, -9, -156, 
-43, 258, 302, -107, -173, 280, -107, -131, -200, -161, -9, -151, 
-34, 258, 292, -112, -163, 275, -102, -126, -200, -151, -9, -141, 
-34, 253, 287, -109, -161, 270, -102, -126, -204, -151, -9, -141, 
-34, 244, 278, -104, -156, 261, -102, -122, -204, -151, -19, -146, 
-34, 244, 278, -104, -156, 261, -102, -117, -204, -156, -19, -146, 
-29, 253, 283, -112, -156, 268, -107, -126, -195, -156, -4, -146, 
-24, 258, 283, -117, -153, 270, -112, -126, -185, -156, -4, -141, 
-19, 263, 283, -122, -151, 273, -112, -122, -180, -151, 0, -141, 
-19, 263, 283, -122, -151, 273, -117, -122, -180, -151, 0, -141, 
-29, 248, 278, -109, -153, 263, -122, -122, -195, -156, -9, -151, 
-29, 248, 278, -109, -153, 263, -117, -122, -195, -156, -4, -151, 
-24, 253, 278, -114, -151, 265, -117, -122, -195, -156, -4, -151, 
-19, 258, 278, -119, -148, 268, -117, -122, -190, -156, -4, -151, 
-4, 273, 278, -134, -141, 275, -122, -122, -180, -146, 4, -146, 
-9, 287, 297, -139, -153, 292, -117, -117, -175, -136, 4, -141, 
-14, 302, 317, -143, -165, 309, -117, -117, -170, -131, 9, -131, 
-9, 317, 326, -153, -168, 322, -117, -117, -170, -126, 9, -126, 
-4, 336, 341, -165, -173, 339, -126, -122, -165, -117, 19, -122, 
-4, 351, 356, -173, -180, 353, -126, -122, -165, -122, 24, -117, 
-4, 366, 370, -180, -187, 368, -126, -122, -165, -122, 29, -112, 
0, 380, 380, -190, -190, 380, -126, -117, -161, -122, 34, -107, 
0, 385, 385, -192, -192, 385, -117, -117, -151, -107, 48, -97, 
-4, 390, 395, -192, -200, 392, -117, -117, -151, -102, 48, -102, 
-4, 400, 405, -197, -204, 402, -117, -117, -151, -97, 48, -102, 
-4, 400, 405, -197, -204, 402, -117, -117, -151, -92, 48, -102, 
-24, 390, 414, -183, -219, 402, -107, -126, -146, -92, 53, -92, 
-53, 385, 439, -165, -246, 412, -97, -126, -136, -92, 53, -92, 
-53, 380, 434, -163, -244, 407, -92, -112, -131, -87, 53, -92, 
-58, 380, 439, -161, -248, 409, -87, -107, -112, -78, 58, -92, 
-68, 390, 458, -161, -263, 424, -82, -102, -107, -68, 68, -92, 
-68, 390, 458, -161, -263, 424, -73, -97, -102, -68, 68, -92, 
-58, 390, 448, -165, -253, 419, -68, -82, -87, -63, 73, -92, 
-58, 385, 444, -163, -251, 414, -58, -58, -78, -43, 82, -82, 
-68, 380, 448, -156, -258, 414, -58, -43, -63, -39, 78, -92, 
-68, 366, 434, -148, -251, 400, -48, -29, -48, -34, 78, -92, 
-63, 366, 429, -151, -246, 397, -48, -14, -29, -9, 102, -82, 
-63, 356, 419, -146, -241, 387, -53, -9, -14, 24, 136, -48, 
-58, 351, 409, -146, -234, 380, -58, 14, 24, 53, 161, -29, 
-48, 341, 390, -146, -219, 366, -63, 58, 68, 92, 190, -4, 
-19, 341, 361, -161, -190, 351, -63, 112, 126, 141, 224, 9, 
29, 361, 331, -195, -151, 346, -78, 180, 204, 200, 283, 58, 
82, 414, 331, -248, -124, 373, -102, 268, 317, 326, 395, 165, 
156, 512, 356, -334, -100, 434, -151, 336, 448, 468, 536, 307, 
229, 605, 375, -417, -73, 490, -200, 366, 517, 570, 653, 429, 
292, 683, 390, -488, -48, 536, -244, 366, 566, 663, 780, 556, 
366, 790, 424, -578, -29, 607, -312, 341, 614, 761, 907, 692, 
429, 893, 463, -661, -17, 678, -361, 297, 634, 819, 1000, 785, 
478, 946, 468, -712, 4, 707, -414, 258, 619, 834, 1039, 834, 
570, 956, 385, -763, 92, 671, -463, 248, 570, 819, 1039, 854, 
692, 917, 224, -805, 234, 570, -507, 278, 507, 775, 990, 805, 
800, 868, 68, -834, 366, 468, -541, 268, 400, 683, 868, 688, 
858, 810, -48, -834, 453, 380, -575, 209, 244, 536, 707, 536, 
858, 746, -112, -802, 485, 317, -595, 102, 43, 341, 527, 380, 
761, 678, -82, -719, 422, 297, -566, -78, -190, 102, 336, 244, 
575, 629, 53, -602, 261, 341, -483, -331, -468, -190, 102, 73, 
366, 517, 151, -441, 107, 334, -351, -561, -795, -551, -200, -151, 
229, 361, 131, -295, 48, 246, -248, -683, -1088, -893, -517, -395, 
170, 273, 102, -222, 34, 187, -170, -697, -1220, -1073, -697, -551, 
92, 278, 185, -185, -46, 231, -97, -678, -1180, -1068, -717, -575, 
14, 326, 312, -170, -148, 319, 0, -629, -1054, -990, -663, -551, 
-29, 346, 375, -158, -202, 361, 87, -541, -956, -907, -610, -531, 
-68, 331, 400, -131, -234, 366, 165, -478, -902, -854, -580, -522, 
-117, 292, 409, -87, -263, 351, 219, -463, -893, -844, -570, -536, 
-161, 258, 419, -48, -290, 339, 268, -453, -873, -829, -580, -546, 
-200, 234, 434, -17, -317, 334, 322, -439, -854, -805, -570, -566, 
-244, 229, 473, 7, -358, 351, 346, -429, -849, -795, -561, -566, 
-273, 200, 473, 36, -373, 336, 375, -409, -844, -790, -566, -570, 
-278, 151, 429, 63, -353, 290, 395, -390, -814, -775, -556, -595, 
-278, 73, 351, 102, -314, 212, 419, -351, -795, -746, -546, -605, 
-283, 4, 287, 139, -285, 146, 434, -322, -766, -722, -531, -605, 
-278, -14, 263, 146, -270, 124, 424, -297, -717, -663, -497, -580, 
-278, 4, 283, 136, -280, 143, 405, -283, -653, -605, -453, -541, 
-268, 53, 322, 107, -295, 187, 390, -253, -585, -541, -385, -492, 
-248, 112, 361, 68, -305, 236, 346, -195, -478, -453, -297, -414, 
-180, 180, 361, 0, -270, 270, 258, -97, -366, -336, -200, -336, 
-117, 244, 361, -63, -239, 302, 156, -29, -268, -244, -112, -263, 
-82, 292, 375, -104, -229, 334, 97, 9, -204, -175, -53, -209, 
-68, 322, 390, -126, -229, 356, 68, 24, -161, -131, -19, -195, 
-58, 346, 405, -143, -231, 375, 34, 0, -146, -112, -9, -180, 
-63, 366, 429, -151, -246, 397, 0, -43, -136, -112, -9, -170, 
-63, 366, 429, -151, -246, 397, -9, -78, -136, -112, 0, -180, 
-68, 361, 429, -146, -248, 395, -24, -87, -146, -117, -9, -175, 
-68, 366, 434, -148, -251, 400, -43, -87, -146, -112, -4, -161, 
-73, 370, 444, -148, -258, 407, -58, -87, -136, -102, 4, -151, 
-73, 366, 439, -146, -256, 402, -63, -78, -126, -102, 19, -141, 
-63, 370, 434, -153, -248, 402, -73, -82, -112, -82, 39, -136, 
-68, 375, 444, -153, -256, 409, -63, -68, -107, -82, 43, -136, 
-73, 380, 453, -153, -263, 417, -58, -68, -107, -82, 43, -136, 
-73, 385, 458, -156, -265, 422, -58, -68, -107, -82, 48, -136, 
-68, 395, 463, -163, -265, 429, -63, -78, -117, -82, 39, -131, 
-63, 395, 458, -165, -261, 427, -63, -82, -112, -82, 39, -131, 
-58, 395, 453, -168, -256, 424, -68, -82, -107, -78, 43, -131, 
-53, 395, 448, -170, -251, 422, -73, -82, -102, -73, 53, -131, 
-53, 400, 453, -173, -253, 427, -78, -82, -102, -78, 53, -141, 
-48, 400, 448, -175, -248, 424, -78, -82, -97, -78, 48, -136, 
-48, 400, 448, -175, -248, 424, -78, -82, -97, -78, 43, -126, 
-48, 400, 448, -175, -248, 424, -82, -82, -97, -68, 39, -126, 
-53, 400, 453, -173, -253, 427, -82, -73, -97, -58, 48, -136, 
-58, 400, 458, -170, -258, 429, -82, -73, -97, -63, 48, -136, 
-63, 400, 463, -168, -263, 431, -82, -73, -97, -63, 48, -136, 
-68, 400, 468, -165, -268, 434, -78, -73, -97, -63, 48, -141, 
-58, 390, 448, -165, -253, 419, -87, -73, -97, -73, 39, -141, 
-58, 390, 448, -165, -253, 419, -92, -73, -97, -73, 39, -141, 
-53, 390, 444, -168, -248, 417, -92, -73, -87, -68, 39, -141, 
-53, 390, 444, -168, -248, 417, -92, -73, -87, -68, 39, -141, 
-53, 400, 453, -173, -253, 427, -92, -68, -87, -58, 39, -131, 
-53, 395, 448, -170, -251, 422, -92, -78, -87, -58, 43, -131, 
-53, 390, 444, -168, -248, 417, -92, -78, -87, -53, 43, -131, 
-53, 385, 439, -165, -246, 412, -87, -78, -87, -53, 43, -131, 
-63, 390, 453, -163, -258, 422, -87, -73, -73, -43, 48, -117, 
-63, 395, 458, -165, -261, 427, -87, -73, -73, -43, 53, -117, 
-63, 400, 463, -168, -263, 431, -87, -73, -73, -43, 58, -117, 
-68, 405, 473, -168, -270, 439, -87, -73, -78, -43, 63, -117, 
-63, 400, 463, -168, -263, 431, -97, -73, -82, -48, 53, -126, 
-58, 400, 458, -170, -258, 429, -97, -73, -78, -48, 58, -126, 
-53, 400, 453, -173, -253, 427, -97, -73, -82, -53, 58, -126, 
-43, 400, 444, -178, -244, 422, -102, -78, -87, -58, 58, -126, 
-48, 390, 439, -170, -244, 414, -97, -68, -82, -58, 58, -126, 
-53, 390, 444, -168, -248, 417, -97, -68, -82, -58, 58, -126, 
-58, 390, 448, -165, -253, 419, -97, -68, -82, -58, 58, -126, 
-63, 390, 453, -163, -258, 422, -97, -68, -82, -58, 58, -126, 
-63, 400, 463, -168, -263, 431, -97, -78, -73, -48, 68, -117, 
-63, 400, 463, -168, -263, 431, -92, -73, -68, -43, 68, -117, 
-58, 395, 453, -168, -256, 424, -92, -73, -68, -39, 68, -117, 
-58, 395, 453, -168, -256, 424, -92, -68, -68, -34, 73, -117, 
-53, 400, 453, -173, -253, 427, -102, -58, -68, -43, 73, -117, 
-53, 400, 453, -173, -253, 427, -102, -58, -63, -43, 68, -117, 
-53, 400, 453, -173, -253, 427, -102, -58, -58, -43, 68, -117, 
-58, 400, 458, -170, -258, 429, -102, -48, -58, -39, 73, -117, 
-48, 395, 444, -173, -246, 419, -92, -48, -63, -48, 63, -126, 
-48, 395, 444, -173, -246, 419, -92, -48, -63, -48, 63, -126, 
-48, 395, 444, -173, -246, 419, -92, -48, -63, -48, 63, -126, 
-48, 400, 448, -175, -248, 424, -92, -43, -63, -43, 68, -126, 
-58, 390, 448, -165, -253, 419, -92, -53, -58, -34, 78, -126, 
-53, 390, 444, -168, -248, 417, -92, -48, -53, -34, 78, -126, 
-53, 390, 444, -168, -248, 417, -92, -48, -53, -29, 78, -126, 
-48, 390, 439, -170, -244, 414, -92, -43, -48, -29, 78, -126, 
-39, 390, 429, -175, -234, 409, -102, -34, -48, -24, 82, -117, 
-43, 390, 434, -173, -239, 412, -102, -34, -39, -14, 82, -117, 
-43, 390, 434, -173, -239, 412, -102, -29, -39, -14, 82, -107, 
-43, 390, 434, -173, -239, 412, -102, -24, -34, -14, 82, -107, 
-53, 390, 444, -168, -248, 417, -102, -24, -29, -14, 87, -112, 
-53, 385, 439, -165, -246, 412, -97, -24, -29, -14, 87, -112, 
-53, 385, 439, -165, -246, 412, -97, -29, -29, -9, 87, -112, 
-53, 395, 448, -170, -251, 422, -97, -29, -24, 0, 87, -112, 
-43, 400, 444, -178, -244, 422, -107, -24, -19, -9, 87, -112, 
-39, 400, 439, -180, -239, 419, -107, -14, -14, -9, 92, -112, 
-39, 400, 439, -180, -239, 419, -102, -9, -9, -9, 92, -112, 
-43, 400, 444, -178, -244, 422, -102, 0, -4, 0, 97, -107, 
-43, 400, 444, -178, -244, 422, -92, -4, 0, 4, 92, -117, 
-39, 400, 439, -180, -239, 419, -97, 0, 0, 9, 97, -117, 
-29, 405, 434, -187, -231, 419, -97, 4, 4, 14, 97, -107, 
-24, 405, 429, -190, -226, 417, -97, 9, 14, 19, 102, -107, 
-34, 395, 429, -180, -231, 412, -107, 14, 19, 24, 102, -107, 
-34, 395, 429, -180, -231, 412, -107, 19, 24, 24, 107, -107, 
-34, 395, 429, -180, -231, 412, -107, 24, 29, 29, 107, -102, 
-34, 400, 434, -183, -234, 417, -107, 34, 34, 34, 117, -102, 
-29, 405, 434, -187, -231, 419, -107, 48, 43, 48, 112, -107, 
-29, 405, 434, -187, -231, 419, -107, 63, 53, 53, 112, -107, 
-34, 405, 439, -185, -236, 422, -107, 63, 63, 58, 117, -102, 
-34, 409, 444, -187, -239, 427, -107, 68, 68, 68, 122, -97, 
-19, 405, 424, -192, -222, 414, -107, 82, 63, 68, 131, -97, 
-14, 405, 419, -195, -217, 412, -107, 87, 78, 73, 136, -97, 
-4, 409, 414, -202, -209, 412, -107, 92, 87, 78, 141, -97, 
-4, 414, 419, -204, -212, 417, -107, 97, 87, 82, 146, -97, 
-4, 414, 419, -204, -212, 417, -97, 107, 107, 102, 146, -87, 
4, 414, 409, -209, -202, 412, -97, 122, 117, 112, 151, -87, 
4, 414, 409, -209, -202, 412, -97, 131, 126, 122, 156, -78, 
4, 414, 409, -209, -202, 412, -97, 141, 146, 131, 165, -78, 
-4, 419, 424, -207, -214, 422, -107, 165, 156, 141, 170, -68, 
0, 424, 424, -212, -212, 424, -107, 175, 170, 151, 180, -63, 
9, 429, 419, -219, -204, 424, -107, 185, 175, 161, 190, -58, 
9, 439, 429, -224, -209, 434, -102, 204, 185, 170, 190, -53, 
14, 434, 419, -224, -202, 427, -112, 204, 200, 185, 195, -48, 
24, 434, 409, -229, -192, 422, -112, 214, 214, 195, 204, -48, 
29, 439, 409, -234, -190, 424, -112, 224, 229, 204, 214, -48, 
29, 439, 409, -234, -190, 424, -112, 239, 239, 214, 219, -39, 
39, 444, 405, -241, -183, 424, -107, 253, 253, 219, 219, -39, 
39, 444, 405, -241, -183, 424, -107, 273, 263, 239, 224, -34, 
43, 444, 400, -244, -178, 422, -107, 287, 273, 248, 234, -29, 
48, 444, 395, -246, -173, 419, -112, 302, 287, 263, 239, -34, 
53, 444, 390, -248, -168, 417, -102, 312, 302, 283, 263, -19, 
53, 448, 395, -251, -170, 422, -102, 322, 317, 287, 263, -14, 
53, 448, 395, -251, -170, 422, -102, 341, 336, 302, 278, -9, 
53, 448, 395, -251, -170, 422, -102, 351, 356, 312, 287, -9, 
63, 463, 400, -263, -168, 431, -112, 370, 361, 326, 292, -4, 
73, 468, 395, -270, -161, 431, -112, 385, 375, 336, 302, 0, 
87, 473, 385, -280, -148, 429, -112, 395, 390, 351, 302, 4, 
97, 473, 375, -285, -139, 424, -112, 409, 405, 361, 312, 14, 
97, 473, 375, -285, -139, 424, -117, 409, 414, 366, 331, 19, 
102, 478, 375, -290, -136, 427, -117, 429, 429, 375, 341, 24, 
107, 483, 375, -295, -134, 429, -117, 439, 444, 395, 346, 39, 
117, 488, 370, -302, -126, 429, -117, 448, 458, 409, 356, 43, 
122, 502, 380, -312, -129, 441, -122, 463, 468, 429, 356, 48, 
131, 502, 370, -317, -119, 436, -126, 473, 483, 439, 366, 53, 
146, 507, 361, -326, -107, 434, -131, 483, 497, 448, 375, 68, 
156, 512, 356, -334, -100, 434, -136, 492, 502, 458, 380, 68, 
156, 512, 356, -334, -100, 434, -126, 497, 512, 468, 385, 68, 
161, 517, 356, -339, -97, 436, -126, 507, 527, 468, 390, 73, 
161, 522, 361, -341, -100, 441, -126, 512, 531, 473, 395, 73, 
165, 527, 361, -346, -97, 444, -136, 522, 541, 483, 409, 82, 
180, 531, 351, -356, -85, 441, -141, 512, 536, 488, 405, 82, 
185, 531, 346, -358, -80, 439, -146, 512, 541, 492, 414, 87, 
195, 531, 336, -363, -70, 434, -151, 512, 556, 492, 414, 87, 
195, 536, 341, -366, -73, 439, -151, 512, 556, 502, 419, 102, 
200, 551, 351, -375, -75, 451, -161, 507, 541, 492, 429, 97, 
200, 556, 356, -378, -78, 456, -170, 502, 536, 492, 429, 97, 
204, 561, 356, -383, -75, 458, -175, 497, 531, 492, 429, 97, 
204, 561, 356, -383, -75, 458, -180, 488, 517, 492, 429, 92, 
200, 551, 351, -375, -75, 451, -175, 473, 502, 468, 409, 92, 
200, 561, 361, -380, -80, 461, -180, 458, 488, 458, 409, 92, 
195, 566, 370, -380, -87, 468, -185, 434, 483, 453, 409, 92, 
195, 566, 370, -380, -87, 468, -190, 419, 468, 444, 405, 92, 
190, 566, 375, -378, -92, 470, -195, 385, 439, 414, 390, 87, 
190, 566, 375, -378, -92, 470, -200, 361, 405, 395, 380, 87, 
185, 566, 380, -375, -97, 473, -200, 331, 380, 375, 370, 87, 
175, 566, 390, -370, -107, 478, -200, 297, 346, 356, 366, 87, 
156, 566, 409, -361, -126, 488, -204, 263, 331, 336, 341, 68, 
151, 566, 414, -358, -131, 490, -204, 244, 302, 312, 331, 63, 
151, 566, 414, -358, -131, 490, -204, 224, 283, 287, 322, 63, 
151, 566, 414, -358, -131, 490, -204, 200, 263, 268, 312, 63, 
141, 556, 414, -348, -136, 485, -204, 165, 229, 248, 297, 48, 
131, 551, 419, -341, -143, 485, -204, 146, 204, 229, 278, 43, 
112, 551, 439, -331, -163, 495, -200, 126, 175, 209, 263, 39, 
102, 546, 444, -324, -170, 495, -200, 97, 146, 185, 248, 24, 
92, 541, 448, -317, -178, 495, -209, 73, 131, 170, 239, 24, 
92, 541, 448, -317, -178, 495, -209, 48, 107, 141, 229, 19, 
87, 541, 453, -314, -183, 497, -209, 29, 82, 131, 219, 9, 
92, 536, 444, -314, -175, 490, -209, 14, 58, 122, 209, 4, 
78, 531, 453, -305, -187, 492, -200, 0, 43, 112, 209, 9, 
68, 527, 458, -297, -195, 492, -200, -19, 29, 92, 200, 0, 
58, 522, 463, -290, -202, 492, -195, -34, 14, 78, 190, 0, 
43, 522, 478, -283, -217, 500, -195, -43, 4, 63, 175, -4, 
43, 517, 473, -280, -214, 495, -204, -53, -4, 58, 161, -19, 
39, 512, 473, -275, -217, 492, -204, -73, -24, 48, 156, -24, 
24, 512, 488, -268, -231, 500, -204, -87, -34, 34, 146, -29, 
24, 512, 488, -268, -231, 500, -204, -97, -48, 24, 141, -34, 
19, 507, 488, -263, -234, 497, -195, -102, -58, 19, 136, -43, 
14, 497, 483, -256, -234, 490, -195, -102, -68, 9, 131, -53, 
9, 488, 478, -248, -234, 483, -195, -102, -68, 4, 126, -58, 
4, 478, 473, -241, -234, 475, -195, -107, -68, 0, 131, -58, 
9, 473, 463, -241, -226, 468, -185, -102, -68, 4, 122, -68, 
9, 468, 458, -239, -224, 463, -185, -112, -73, -4, 117, -68, 
4, 463, 458, -234, -226, 461, -185, -117, -82, -9, 112, -73, 
0, 458, 458, -229, -229, 458, -185, -122, -92, -9, 112, -78, 
9, 458, 448, -234, -219, 453, -185, -126, -87, -24, 97, -68, 
9, 458, 448, -234, -219, 453, -185, -126, -92, -29, 97, -68, 
4, 458, 453, -231, -224, 456, -185, -131, -97, -29, 92, -78, 
0, 458, 458, -229, -229, 458, -185, -131, -102, -29, 92, -78, 
0, 463, 463, -231, -231, 463, -185, -136, -102, -34, 97, -78, 
0, 463, 463, -231, -231, 463, -180, -136, -102, -39, 97, -78, 
0, 458, 458, -229, -229, 458, -175, -136, -107, -43, 92, -82, 
-4, 453, 458, -224, -231, 456, -175, -136, -112, -43, 87, -87, 
-9, 453, 463, -222, -236, 458, -175, -131, -107, -43, 82, -82, 
-14, 448, 463, -217, -239, 456, -175, -131, -107, -43, 82, -82, 
-24, 448, 473, -212, -248, 461, -175, -131, -117, -43, 78, -82, 
-29, 458, 488, -214, -258, 473, -175, -131, -117, -43, 78, -82, 
-19, 468, 488, -224, -253, 478, -175, -131, -126, -48, 78, -82, 
-14, 458, 473, -222, -244, 466, -175, -136, -126, -48, 78, -82, 
-9, 458, 468, -224, -239, 463, -175, -141, -126, -48, 78, -82, 
-4, 463, 468, -229, -236, 466, -175, -141, -126, -48, 82, -82, 
0, 453, 453, -226, -226, 453, -185, -151, -122, -48, 92, -82, 
0, 458, 458, -229, -229, 458, -180, -156, -122, -48, 92, -82, 
0, 458, 458, -229, -229, 458, -180, -156, -122, -48, 92, -82, 
0, 458, 458, -229, -229, 458, -180, -151, -122, -48, 92, -87, 
-4, 458, 463, -226, -234, 461, -180, -141, -122, -48, 82, -87, 
-9, 453, 463, -222, -236, 458, -185, -141, -122, -48, 82, -87, 
-14, 448, 463, -217, -239, 456, -185, -146, -122, -48, 78, -87, 
-24, 444, 468, -209, -246, 456, -185, -146, -122, -48, 73, -87, 
-19, 444, 463, -212, -241, 453, -175, -146, -126, -53, 73, -87, 
-19, 448, 468, -214, -244, 458, -175, -146, -126, -53, 73, -92, 
-19, 448, 468, -214, -244, 458, -175, -141, -126, -58, 73, -92, 
-19, 453, 473, -217, -246, 463, -175, -141, -126, -58, 73, -87, 
-14, 463, 478, -224, -246, 470, -185, -151, -126, -63, 73, -97, 
-4, 463, 468, -229, -236, 466, -185, -151, -126, -63, 73, -97, 
0, 463, 463, -231, -231, 463, -185, -151, -126, -58, 73, -97, 
4, 463, 458, -234, -226, 461, -185, -151, -126, -58, 73, -97, 
4, 463, 458, -234, -226, 461, -185, -151, -126, -53, 82, -87, 
0, 463, 463, -231, -231, 463, -190, -151, -126, -48, 82, -87, 
-9, 463, 473, -226, -241, 468, -195, -151, -126, -43, 82, -82, 
-14, 463, 478, -224, -246, 470, -200, -151, -122, -39, 82, -82, 
-14, 458, 473, -222, -244, 466, -190, -151, -122, -48, 73, -92, 
-19, 453, 473, -217, -246, 463, -190, -151, -126, -48, 73, -92, 
-24, 448, 473, -212, -248, 461, -190, -151, -131, -53, 73, -92, 
-29, 444, 473, -207, -251, 458, -190, -151, -131, -53, 73, -97, 
-19, 453, 473, -217, -246, 463, -180, -151, -122, -58, 73, -87, 
-19, 453, 473, -217, -246, 463, -180, -146, -122, -58, 78, -87, 
-19, 453, 473, -217, -246, 463, -180, -146, -122, -58, 78, -87, 
-19, 453, 473, -217, -246, 463, -180, -151, -122, -58, 78, -87, 
-9, 453, 463, -222, -236, 458, -185, -151, -122, -48, 68, -87, 
-4, 453, 458, -224, -231, 456, -185, -146, -122, -48, 68, -87, 
-4, 453, 458, -224, -231, 456, -180, -146, -122, -48, 68, -87, 
-9, 453, 463, -222, -236, 458, -180, -146, -122, -48, 68, -87, 
-9, 463, 473, -226, -241, 468, -185, -146, -122, -58, 78, -87, 
-9, 463, 473, -226, -241, 468, -185, -146, -122, -58, 78, -87, 
-14, 463, 478, -224, -246, 470, -185, -146, -122, -58, 78, -87, 
-14, 463, 478, -224, -246, 470, -185, -146, -122, -58, 78, -87, 
-14, 453, 468, -219, -241, 461, -195, -156, -122, -58, 78, -87, 
-14, 448, 463, -217, -239, 456, -195, -156, -122, -58, 73, -87, 
-14, 448, 463, -217, -239, 456, -195, -156, -122, -58, 73, -87, 
-14, 453, 468, -219, -241, 461, -195, -156, -122, -58, 78, -87, 
-24, 444, 468, -209, -246, 456, -185, -151, -122, -58, 78, -97, 
-24, 444, 468, -209, -246, 456, -185, -151, -122, -58, 78, -97, 
-24, 439, 463, -207, -244, 451, -185, -151, -122, -58, 78, -97, 
-24, 434, 458, -204, -241, 446, -185, -156, -122, -58, 78, -97, 
-34, 434, 468, -200, -251, 451, -175, -156, -122, -58, 78, -87, 
-34, 434, 468, -200, -251, 451, -175, -156, -122, -58, 78, -87, 
-34, 434, 468, -200, -251, 451, -180, -156, -122, -58, 78, -87, 
-34, 434, 468, -200, -251, 451, -180, -156, -122, -58, 78, -87, 
-24, 444, 468, -209, -246, 456, -180, -156, -122, -58, 87, -78, 
-24, 448, 473, -212, -248, 461, -185, -156, -122, -58, 87, -78, 
-24, 448, 473, -212, -248, 461, -190, -156, -122, -63, 87, -78, 
-24, 453, 478, -214, -251, 466, -195, -156, -122, -63, 78, -78, 
-19, 453, 473, -217, -246, 463, -195, -156, -126, -63, 87, -78, 
-14, 453, 468, -219, -241, 461, -195, -156, -126, -63, 92, -78, 
-9, 453, 463, -222, -236, 458, -195, -156, -126, -58, 92, -78, 
-4, 453, 458, -224, -231, 456, -195, -156, -126, -58, 92, -78, 
-19, 444, 463, -212, -241, 453, -195, -165, -126, -63, 82, -87, 
-24, 434, 458, -204, -241, 446, -195, -165, -126, -63, 78, -87, 
-29, 434, 463, -202, -246, 448, -195, -170, -126, -63, 78, -87, 
-34, 439, 473, -202, -253, 456, -200, -170, -126, -63, 78, -87, 
-24, 448, 473, -212, -248, 461, -190, -170, -136, -63, 78, -97, 
-24, 448, 473, -212, -248, 461, -185, -170, -136, -58, 82, -97, 
-24, 448, 473, -212, -248, 461, -185, -170, -131, -58, 82, -97, 
-24, 448, 473, -212, -248, 461, -185, -170, -131, -63, 82, -97, 
-19, 458, 478, -219, -248, 468, -195, -165, -131, -68, 82, -87, 
-14, 458, 473, -222, -244, 466, -195, -165, -131, -73, 78, -87, 
-9, 458, 468, -224, -239, 463, -195, -175, -141, -78, 78, -87, 
-4, 458, 463, -226, -234, 461, -200, -180, -146, -78, 78, -87, 
-9, 458, 468, -224, -239, 463, -209, -180, -146, -73, 87, -78, 
-9, 458, 468, -224, -239, 463, -209, -180, -146, -78, 82, -82, 
-9, 458, 468, -224, -239, 463, -209, -175, -146, -73, 82, -82, 
-9, 458, 468, -224, -239, 463, -209, -175, -146, -63, 82, -82, 
-19, 458, 478, -219, -248, 468, -209, -175, -146, -63, 82, -82, 
-19, 458, 478, -219, -248, 468, -209, -175, -146, -63, 82, -82, 
-19, 458, 478, -219, -248, 468, -209, -175, -151, -63, 82, -82, 
-19, 458, 478, -219, -248, 468, -209, -180, -151, -63, 82, -82, 
-19, 458, 478, -219, -248, 468, -209, -180, -151, -73, 73, -82, 
-19, 458, 478, -219, -248, 468, -209, -180, -151, -78, 73, -82, 
-24, 458, 483, -217, -253, 470, -209, -180, -146, -82, 73, -82, 
-24, 458, 483, -217, -253, 470, -209, -185, -146, -82, 73, -82, 
-14, 458, 473, -222, -244, 466, -219, -190, -146, -68, 73, -82, 
-14, 458, 473, -222, -244, 466, -214, -190, -146, -68, 73, -82, 
-14, 458, 473, -222, -244, 466, -209, -190, -151, -78, 68, -82, 
-14, 458, 473, -222, -244, 466, -209, -190, -151, -78, 68, -82, 
-14, 458, 473, -222, -244, 466, -209, -200, -151, -73, 78, -82, 
-14, 458, 473, -222, -244, 466, -214, -200, -151, -73, 78, -82, 
-14, 458, 473, -222, -244, 466, -214, -200, -151, -78, 78, -87, 
-19, 458, 478, -219, -248, 468, -219, -200, -156, -78, 73, -92, 
-19, 453, 473, -217, -246, 463, -219, -200, -156, -82, 78, -82, 
-19, 453, 473, -217, -246, 463, -219, -200, -156, -82, 78, -82, 
-19, 458, 478, -219, -248, 468, -219, -200, -151, -82, 78, -82, 
-19, 463, 483, -222, -251, 473, -219, -200, -151, -82, 78, -82, 
-24, 453, 478, -214, -251, 466, -209, -190, -161, -78, 73, -92, 
-29, 453, 483, -212, -256, 468, -209, -195, -165, -82, 63, -92, 
-39, 453, 492, -207, -265, 473, -209, -195, -165, -82, 58, -97, 
-43, 458, 502, -207, -273, 480, -209, -195, -165, -78, 53, -97, 
-39, 468, 507, -214, -273, 488, -214, -195, -156, -78, 68, -82, 
-34, 468, 502, -217, -268, 485, -214, -195, -156, -78, 73, -82, 
-24, 468, 492, -222, -258, 480, -214, -195, -156, -78, 78, -82, 
-19, 468, 488, -224, -253, 478, -209, -195, -156, -78, 87, -82, 
-19, 458, 478, -219, -248, 468, -214, -195, -156, -73, 87, -73, 
-19, 453, 473, -217, -246, 463, -214, -195, -156, -73, 87, -73, 
-19, 453, 473, -217, -246, 463, -214, -195, -156, -73, 87, -78, 
-24, 453, 478, -214, -251, 466, -214, -204, -161, -73, 78, -82, 
-29, 448, 478, -209, -253, 463, -219, -204, -170, -82, 68, -82, 
-34, 448, 483, -207, -258, 466, -219, -204, -170, -87, 73, -82, 
-29, 458, 488, -214, -258, 473, -219, -200, -170, -87, 78, -82, 
-34, 463, 497, -214, -265, 480, -219, -200, -170, -87, 78, -82, 
-34, 453, 488, -209, -261, 470, -219, -190, -161, -82, 73, -92, 
-39, 453, 492, -207, -265, 473, -219, -190, -161, -82, 73, -92, 
-39, 458, 497, -209, -268, 478, -224, -190, -161, -78, 68, -92, 
-34, 458, 492, -212, -263, 475, -224, -190, -161, -78, 68, -87, 
-24, 458, 483, -217, -253, 470, -214, -200, -170, -87, 68, -97, 
-19, 458, 478, -219, -248, 468, -214, -200, -170, -87, 68, -107, 
-19, 458, 478, -219, -248, 468, -214, -200, -170, -87, 68, -107, 
-14, 463, 478, -224, -246, 470, -219, -200, -170, -87, 73, -102, 
-9, 463, 473, -226, -241, 468, -214, -195, -161, -87, 73, -92, 
-9, 468, 478, -229, -244, 473, -214, -195, -161, -87, 73, -92, 
-14, 468, 483, -226, -248, 475, -224, -195, -161, -87, 73, -92, 
-14, 468, 483, -226, -248, 475, -229, -195, -161, -87, 78, -92, 
-19, 458, 478, -219, -248, 468, -224, -204, -170, -82, 68, -87, 
-29, 458, 488, -214, -258, 473, -224, -204, -170, -82, 68, -87, 
-34, 458, 492, -212, -263, 475, -224, -204, -165, -82, 68, -87, 
-34, 463, 497, -214, -265, 480, -224, -204, -165, -82, 68, -87, 
-24, 468, 492, -222, -258, 480, -234, -209, -165, -82, 78, -87, 
-24, 473, 497, -224, -261, 485, -234, -209, -170, -82, 78, -87, 
-24, 473, 497, -224, -261, 485, -229, -204, -170, -87, 78, -87, 
-24, 468, 492, -222, -258, 480, -229, -204, -170, -87, 78, -87, 
-29, 463, 492, -217, -261, 478, -229, -204, -170, -87, 87, -87, 
-29, 463, 492, -217, -261, 478, -234, -204, -170, -82, 87, -82, 
-34, 463, 497, -214, -265, 480, -234, -204, -170, -82, 87, -82, 
-39, 458, 497, -209, -268, 478, -229, -209, -165, -82, 87, -82, 
-29, 468, 497, -219, -263, 483, -229, -209, -165, -73, 78, -82, 
-29, 463, 492, -217, -261, 478, -229, -209, -165, -78, 78, -82, 
-29, 458, 488, -214, -258, 473, -229, -209, -165, -82, 82, -82, 
-29, 453, 483, -212, -256, 468, -229, -209, -165, -87, 82, -82, 
-19, 468, 488, -224, -253, 478, -229, -214, -175, -92, 73, -87, 
-24, 468, 492, -222, -258, 480, -229, -214, -175, -92, 78, -87, 
-29, 468, 497, -219, -263, 483, -229, -214, -175, -87, 78, -87, 
-29, 473, 502, -222, -265, 488, -229, -219, -180, -87, 78, -92, 
-14, 473, 488, -229, -251, 480, -229, -209, -175, -87, 78, -97, 
-14, 473, 488, -229, -251, 480, -229, -209, -175, -87, 78, -97, 
-14, 473, 488, -229, -251, 480, -224, -209, -175, -87, 78, -97, 
-14, 473, 488, -229, -251, 480, -224, -214, -175, -87, 78, -97, 
-4, 473, 478, -234, -241, 475, -229, -214, -165, -87, 78, -97, 
-9, 478, 488, -234, -248, 483, -234, -214, -165, -87, 78, -97, 
-19, 468, 488, -224, -253, 478, -234, -214, -175, -87, 68, -87, 
-19, 468, 488, -224, -253, 478, -234, -214, -175, -87, 68, -87, 
-19, 468, 488, -224, -253, 478, -234, -214, -175, -87, 68, -87, 
-19, 468, 488, -224, -253, 478, -234, -214, -175, -87, 68, -87, 
-19, 468, 488, -224, -253, 478, -234, -224, -175, -87, 73, -78, 
-19, 468, 488, -224, -253, 478, -234, -224, -175, -87, 78, -78, 
-19, 468, 488, -224, -253, 478, -234, -224, -175, -87, 82, -78, 
-19, 468, 488, -224, -253, 478, -234, -224, -175, -87, 87, -78, 
-29, 458, 488, -214, -258, 473, -244, -234, -175, -87, 87, -78, 
-29, 458, 488, -214, -258, 473, -244, -234, -175, -87, 87, -78, 
-29, 458, 488, -214, -258, 473, -244, -234, -175, -87, 87, -78, 
-29, 458, 488, -214, -258, 473, -244, -234, -175, -87, 87, -78, 
-29, 458, 488, -214, -258, 473, -244, -224, -185, -97, 82, -82, 
-29, 458, 488, -214, -258, 473, -244, -224, -185, -97, 78, -87, 
-29, 458, 488, -214, -258, 473, -244, -224, -185, -97, 73, -92, 
-29, 458, 488, -214, -258, 473, -244, -224, -185, -97, 68, -97, 
-19, 468, 488, -224, -253, 478, -234, -224, -175, -97, 68, -97, 
-19, 468, 488, -224, -253, 478, -234, -224, -175, -97, 68, -97, 
-19, 468, 488, -224, -253, 478, -234, -224, -175, -97, 68, -97, 
-19, 468, 488, -224, -253, 478, -234, -224, -175, -97, 68, -97, 
-9, 473, 483, -231, -246, 478, -244, -224, -175, -87, 78, -87, 
-9, 478, 488, -234, -248, 483, -244, -224, -175, -87, 78, -87, 
-9, 483, 492, -236, -251, 488, -244, -224, -175, -87, 78, -87, 
-9, 488, 497, -239, -253, 492, -244, -224, -175, -87, 78, -87, 
-19, 488, 507, -234, -263, 497, -244, -224, -175, -87, 78, -87, 
-19, 488, 507, -234, -263, 497, -244, -224, -175, -87, 78, -87, 
-19, 488, 507, -234, -263, 497, -244, -224, -175, -87, 78, -87, 
-19, 488, 507, -234, -263, 497, -244, -224, -175, -87, 78, -87, 
-29, 478, 507, -224, -268, 492, -253, -224, -175, -97, 78, -87, 
-29, 478, 507, -224, -268, 492, -253, -224, -175, -97, 78, -87, 
-29, 478, 507, -224, -268, 492, -253, -224, -175, -97, 78, -87, 
-29, 478, 507, -224, -268, 492, -253, -224, -175, -97, 78, -87, 
-29, 468, 497, -219, -263, 483, -253, -234, -175, -87, 87, -78, 
-29, 468, 497, -219, -263, 483, -253, -234, -175, -87, 87, -78, 
-29, 468, 497, -219, -263, 483, -253, -234, -175, -87, 87, -78, 
-29, 468, 497, -219, -263, 483, -253, -234, -175, -87, 87, -78, 
-19, 478, 497, -229, -258, 488, -253, -234, -175, -97, 78, -87, 
-19, 478, 497, -229, -258, 488, -253, -234, -175, -97, 78, -87, 
-19, 478, 497, -229, -258, 488, -253, -234, -175, -97, 78, -87, 
-19, 478, 497, -229, -258, 488, -253, -234, -175, -97, 78, -87, 
-24, 468, 492, -222, -258, 480, -244, -234, -175, -87, 78, -87, 
-29, 468, 497, -219, -263, 483, -244, -234, -175, -87, 78, -87, 
-34, 468, 502, -217, -268, 485, -244, -234, -175, -87, 78, -87, 
-39, 468, 507, -214, -273, 488, -244, -234, -175, -87, 78, -87, 
-29, 468, 497, -219, -263, 483, -248, -244, -185, -92, 68, -97, 
-29, 468, 497, -219, -263, 483, -253, -244, -185, -97, 68, -97, 
-29, 468, 497, -219, -263, 483, -258, -244, -185, -102, 68, -97, 
-29, 468, 497, -219, -263, 483, -263, -244, -185, -107, 68, -97, 
-24, 473, 497, -224, -261, 485, -263, -244, -185, -102, 73, -92, 
-19, 478, 497, -229, -258, 488, -263, -244, -185, -97, 78, -87, 
-14, 483, 497, -234, -256, 490, -263, -244, -185, -92, 82, -82, 
-9, 488, 497, -239, -253, 492, -263, -244, -185, -87, 87, -78, 
-9, 488, 497, -239, -253, 492, -253, -234, -185, -87, 78, -87, 
-9, 488, 497, -239, -253, 492, -253, -234, -185, -87, 78, -87, 
-9, 488, 497, -239, -253, 492, -253, -234, -185, -87, 78, -87, 
-9, 488, 497, -239, -253, 492, -253, -234, -185, -87, 78, -87, 
-9, 478, 488, -234, -248, 483, -253, -234, -175, -87, 78, -87, 
-9, 478, 488, -234, -248, 483, -253, -234, -175, -87, 78, -87, 
-9, 478, 488, -234, -248, 483, -253, -234, -175, -87, 78, -87, 
-9, 478, 488, -234, -248, 483, -253, -234, -175, -87, 78, -87, 
-19, 478, 497, -229, -258, 488, -253, -244, -185, -78, 82, -78, 
-19, 478, 497, -229, -258, 488, -253, -244, -185, -78, 87, -78, 
-19, 478, 497, -229, -258, 488, -253, -244, -185, -78, 92, -78, 
-19, 478, 497, -229, -258, 488, -253, -244, -185, -78, 97, -78, 
-19, 478, 497, -229, -258, 488, -253, -244, -185, -87, 97, -68, 
-19, 478, 497, -229, -258, 488, -253, -244, -185, -87, 97, -68, 
-19, 478, 497, -229, -258, 488, -253, -244, -185, -87, 97, -68, 
-19, 478, 497, -229, -258, 488, -253, -244, -185, -87, 97, -68, 
-29, 478, 507, -224, -268, 492, -253, -244, -185, -87, 87, -78, 
-29, 478, 507, -224, -268, 492, -253, -244, -185, -87, 87, -78, 
-29, 478, 507, -224, -268, 492, -253, -244, -185, -87, 87, -78, 
-29, 478, 507, -224, -268, 492, -253, -244, -185, -87, 87, -78, 
-19, 478, 497, -229, -258, 488, -253, -244, -175, -87, 87, -87, 
-19, 478, 497, -229, -258, 488, -253, -244, -175, -87, 87, -87, 
-19, 478, 497, -229, -258, 488, -253, -244, -175, -87, 87, -87, 
-19, 478, 497, -229, -258, 488, -253, -244, -175, -87, 87, -87, 
-19, 473, 492, -226, -256, 483, -253, -244, -185, -97, 82, -97, 
-19, 468, 488, -224, -253, 478, -253, -244, -185, -97, 78, -97, 
-19, 463, 483, -222, -251, 473, -253, -244, -185, -97, 73, -97, 
-19, 458, 478, -219, -248, 468, -253, -244, -185, -97, 68, -97, 
-29, 458, 488, -214, -258, 473, -253, -244, -175, -87, 78, -87, 
-29, 458, 488, -214, -258, 473, -253, -244, -175, -87, 78, -87, 
-29, 458, 488, -214, -258, 473, -253, -244, -175, -87, 78, -87, 
-29, 458, 488, -214, -258, 473, -253, -244, -175, -87, 78, -87, 
-24, 463, 488, -219, -256, 475, -263, -253, -175, -87, 87, -82, 
-19, 468, 488, -224, -253, 478, -263, -253, -175, -87, 87, -78, 
-14, 473, 488, -229, -251, 480, -263, -253, -175, -87, 87, -73, 
-9, 478, 488, -234, -248, 483, -263, -253, -175, -87, 87, -68, 
-9, 478, 488, -234, -248, 483, -263, -253, -185, -87, 78, -78, 
-9, 478, 488, -234, -248, 483, -263, -253, -185, -87, 78, -78, 
-9, 478, 488, -234, -248, 483, -263, -253, -185, -87, 78, -78, 
-9, 478, 488, -234, -248, 483, -263, -253, -185, -87, 78, -78, 
-9, 478, 488, -234, -248, 483, -263, -253, -185, -97, 78, -87, 
-9, 478, 488, -234, -248, 483, -263, -253, -185, -97, 78, -87, 
-9, 478, 488, -234, -248, 483, -263, -253, -185, -97, 78, -87, 
-9, 478, 488, -234, -248, 483, -263, -253, -185, -97, 78, -87, 
-9, 478, 488, -234, -248, 483, -273, -253, -175, -92, 87, -73, 
-9, 478, 488, -234, -248, 483, -273, -253, -175, -87, 87, -68, 
-9, 478, 488, -234, -248, 483, -273, -253, -175, -82, 87, -63, 
-9, 478, 488, -234, -248, 483, -273, -253, -175, -78, 87, -58, 
-9, 468, 478, -229, -244, 473, -263, -253, -165, -78, 92, -48, 
-9, 468, 478, -229, -244, 473, -263, -253, -165, -78, 97, -48, 
-9, 468, 478, -229, -244, 473, -263, -253, -165, -78, 102, -48, 
-9, 468, 478, -229, -244, 473, -263, -253, -165, -78, 107, -48, 
-14, 463, 478, -224, -246, 470, -263, -244, -170, -82, 92, -58, 
-19, 458, 478, -219, -248, 468, -263, -244, -175, -87, 87, -68, 
-24, 453, 478, -214, -251, 466, -263, -244, -180, -92, 82, -78, 
-29, 448, 478, -209, -253, 463, -263, -244, -185, -97, 78, -87, 
-29, 448, 478, -209, -253, 463, -263, -253, -175, -87, 78, -87, 
-29, 448, 478, -209, -253, 463, -263, -253, -175, -87, 78, -87, 
-29, 448, 478, -209, -253, 463, -263, -253, -175, -87, 78, -87, 
-29, 448, 478, -209, -253, 463, -263, -253, -175, -87, 78, -87, 
-14, 453, 468, -219, -241, 461, -263, -244, -175, -78, 82, -73, 
-9, 458, 468, -224, -239, 463, -263, -244, -175, -78, 87, -68, 
-4, 463, 468, -229, -236, 466, -263, -244, -175, -78, 92, -63, 
0, 468, 468, -234, -234, 468, -263, -244, -175, -78, 97, -58, 
-9, 478, 488, -234, -248, 483, -273, -253, -175, -78, 97, -58, 
-9, 478, 488, -234, -248, 483, -273, -253, -175, -78, 97, -58, 
-9, 478, 488, -234, -248, 483, -273, -253, -175, -78, 97, -58, 
-9, 478, 488, -234, -248, 483, -273, -253, -175, -78, 97, -58, 
-14, 468, 483, -226, -248, 475, -263, -244, -175, -87, 92, -58, 
-19, 468, 488, -224, -253, 478, -263, -244, -175, -87, 87, -58, 
-24, 468, 492, -222, -258, 480, -263, -244, -175, -87, 82, -58, 
-29, 468, 497, -219, -263, 483, -263, -244, -175, -87, 78, -58, 
-14, 458, 473, -222, -244, 466, -263, -244, -165, -78, 87, -58, 
-9, 458, 468, -224, -239, 463, -263, -244, -165, -78, 87, -58, 
-9, 453, 463, -222, -236, 458, -263, -248, -165, -78, 87, -58, 
-4, 453, 458, -224, -231, 456, -263, -248, -165, -82, 87, -58, 
0, 458, 458, -229, -229, 458, -263, -248, -161, -73, 87, -53, 
-4, 458, 463, -226, -234, 461, -263, -248, -165, -73, 92, -48, 
-14, 448, 463, -217, -239, 456, -263, -248, -165, -68, 97, -43, 
-19, 444, 463, -212, -241, 453, -263, -244, -161, -68, 97, -43, 
-29, 453, 483, -212, -256, 468, -263, -244, -161, -78, 87, -43, 
-29, 453, 483, -212, -256, 468, -263, -244, -165, -78, 92, -43, 
-29, 453, 483, -212, -256, 468, -263, -244, -165, -78, 92, -39, 
-29, 458, 488, -214, -258, 473, -263, -244, -165, -73, 92, -39, 
-19, 468, 488, -224, -253, 478, -253, -244, -151, -68, 102, -43, 
-19, 473, 492, -226, -256, 483, -253, -239, -146, -68, 107, -43, 
-19, 473, 492, -226, -256, 483, -253, -239, -146, -63, 112, -43, 
-19, 473, 492, -226, -256, 483, -253, -239, -146, -58, 112, -43, 
-9, 478, 488, -234, -248, 483, -253, -239, -146, -58, 112, -39, 
-9, 483, 492, -236, -251, 488, -253, -234, -146, -58, 112, -39, 
-9, 488, 497, -239, -253, 492, -253, -229, -141, -53, 112, -34, 
-4, 497, 502, -246, -253, 500, -253, -219, -136, -48, 112, -34, 
0, 492, 492, -246, -246, 492, -253, -219, -146, -58, 107, -43, 
4, 492, 488, -248, -241, 490, -248, -209, -131, -48, 107, -34, 
14, 497, 483, -256, -234, 490, -244, -209, -131, -39, 122, -19, 
19, 512, 492, -265, -236, 502, -244, -209, -122, -34, 131, -19, 
29, 527, 497, -278, -234, 512, -244, -200, -107, -34, 146, -4, 
34, 527, 492, -280, -229, 509, -244, -200, -97, -19, 151, -4, 
34, 522, 488, -278, -226, 505, -244, -195, -92, -14, 156, 0, 
34, 517, 483, -275, -224, 500, -244, -195, -92, -14, 156, 9, 
34, 517, 483, -275, -224, 500, -229, -185, -82, -4, 170, 24, 
34, 522, 488, -278, -226, 505, -219, -180, -78, 0, 175, 24, 
39, 531, 492, -285, -226, 512, -209, -170, -73, 4, 180, 29, 
43, 541, 497, -292, -226, 519, -204, -165, -73, 9, 185, 39, 
34, 536, 502, -285, -234, 519, -209, -175, -73, 9, 175, 34, 
29, 531, 502, -280, -236, 517, -209, -175, -78, 9, 175, 29, 
29, 522, 492, -275, -231, 507, -209, -175, -78, 9, 170, 19, 
24, 507, 483, -265, -229, 495, -209, -170, -82, 4, 170, 9, 
9, 497, 488, -253, -239, 492, -204, -180, -97, -9, 165, 4, 
9, 492, 483, -251, -236, 488, -209, -190, -112, -24, 161, -4, 
9, 492, 483, -251, -236, 488, -209, -200, -112, -34, 161, -9, 
4, 492, 488, -248, -241, 490, -214, -200, -112, -34, 161, -9, 
4, 478, 473, -241, -234, 475, -234, -209, -136, -43, 141, -24, 
9, 468, 458, -239, -224, 463, -244, -214, -151, -63, 122, -29, 
9, 453, 444, -231, -217, 448, -258, -234, -170, -78, 117, -39, 
9, 448, 439, -229, -214, 444, -273, -244, -180, -87, 107, -58, 
19, 444, 424, -231, -202, 434, -287, -258, -195, -102, 87, -63, 
19, 444, 424, -231, -202, 434, -302, -268, -204, -112, 78, -68, 
19, 434, 414, -226, -197, 424, -307, -273, -204, -117, 68, -68, 
19, 429, 409, -224, -195, 419, -307, -283, -204, -122, 63, -68, 
29, 444, 414, -236, -192, 429, -307, -283, -204, -117, 68, -68, 
29, 444, 414, -236, -192, 429, -307, -283, -204, -112, 73, -68, 
29, 448, 419, -239, -195, 434, -307, -278, -209, -117, 73, -73, 
24, 453, 429, -239, -202, 441, -307, -268, -209, -117, 73, -78, 
24, 463, 439, -244, -207, 451, -297, -268, -209, -112, 78, -63, 
24, 463, 439, -244, -207, 451, -292, -268, -204, -102, 82, -58, 
19, 468, 448, -244, -214, 458, -292, -263, -195, -97, 87, -53, 
19, 473, 453, -246, -217, 463, -292, -258, -190, -97, 97, -48, 
19, 463, 444, -241, -212, 453, -292, -258, -200, -107, 87, -58, 
14, 463, 448, -239, -217, 456, -292, -268, -200, -102, 87, -53, 
19, 463, 444, -241, -212, 453, -297, -268, -200, -102, 87, -53, 
14, 458, 444, -236, -214, 451, -297, -273, -204, -102, 87, -53, 
14, 448, 434, -231, -209, 441, -307, -273, -209, -107, 68, -68, 
14, 448, 434, -231, -209, 441, -307, -273, -214, -117, 68, -68, 
14, 448, 434, -231, -209, 441, -307, -273, -219, -122, 73, -68, 
14, 453, 439, -234, -212, 446, -307, -273, -214, -126, 73, -63, 
4, 458, 453, -231, -224, 456, -292, -278, -200, -117, 78, -53, 
0, 458, 458, -229, -229, 458, -292, -278, -200, -112, 78, -53, 
-14, 453, 468, -219, -241, 461, -287, -278, -204, -102, 78, -53, 
-19, 453, 473, -217, -246, 463, -283, -278, -204, -97, 82, -53, 
-19, 458, 478, -219, -248, 468, -283, -268, -195, -107, 82, -63, 
-19, 463, 483, -222, -251, 473, -283, -268, -190, -107, 82, -63, 
-19, 463, 483, -222, -251, 473, -278, -268, -190, -102, 82, -63, 
-29, 463, 492, -217, -261, 478, -273, -263, -185, -97, 82, -63, 
-29, 458, 488, -214, -258, 473, -273, -263, -190, -97, 78, -68, 
-29, 453, 483, -212, -256, 468, -273, -263, -190, -97, 78, -68, 
-29, 453, 483, -212, -256, 468, -273, -268, -190, -97, 73, -68, 
-34, 448, 483, -207, -258, 466, -273, -268, -195, -102, 73, -68, 
-39, 448, 488, -204, -263, 468, -273, -273, -200, -112, 82, -63, 
-39, 448, 488, -204, -263, 468, -273, -273, -200, -112, 82, -58, 
-39, 453, 492, -207, -265, 473, -273, -278, -200, -112, 87, -53, 
-43, 458, 502, -207, -273, 480, -273, -283, -200, -112, 87, -53, 
-39, 478, 517, -219, -278, 497, -273, -278, -200, -112, 87, -53, 
-34, 478, 512, -222, -273, 495, -273, -273, -200, -112, 87, -53, 
-29, 478, 507, -224, -268, 492, -273, -268, -195, -112, 82, -53, 
-24, 473, 497, -224, -261, 485, -263, -263, -195, -112, 82, -53, 
-34, 468, 502, -217, -268, 485, -268, -258, -190, -107, 82, -53, 
-39, 468, 507, -214, -273, 488, -253, -253, -170, -97, 97, -53, 
-29, 458, 488, -214, -258, 473, -248, -248, -165, -78, 87, -63, 
-29, 458, 488, -214, -258, 473, -248, -244, -170, -78, 78, -73, 
-39, 458, 497, -209, -268, 478, -234, -229, -156, -82, 73, -73, 
-48, 453, 502, -202, -275, 478, -214, -204, -146, -82, 73, -82, 
-48, 439, 488, -195, -268, 463, -195, -170, -131, -58, 87, -82, 
-48, 424, 473, -187, -261, 448, -195, -156, -97, -24, 126, -63, 
-34, 424, 458, -195, -246, 441, -204, -141, -58, 0, 151, -34, 
-24, 434, 458, -204, -241, 446, -219, -136, -34, 24, 175, -19, 
-19, 419, 439, -200, -229, 429, -224, -122, -4, 53, 200, 9, 
-9, 419, 429, -204, -219, 424, -229, -78, 48, 102, 258, 43, 
19, 439, 419, -229, -200, 429, -229, -14, 117, 170, 312, 97, 
68, 488, 419, -278, -175, 453, -263, 43, 204, 278, 400, 175, 
141, 561, 419, -351, -139, 490, -307, 112, 317, 405, 531, 312, 
204, 649, 444, -427, -119, 546, -356, 161, 409, 527, 663, 444, 
268, 722, 453, -495, -92, 588, -405, 170, 468, 610, 771, 556, 
341, 839, 497, -590, -78, 668, -458, 161, 517, 692, 888, 683, 
414, 956, 541, -685, -63, 749, -507, 146, 566, 780, 1015, 810, 
478, 1058, 580, -768, -51, 819, -546, 122, 575, 829, 1078, 883, 
546, 1093, 546, -819, 0, 819, -590, 92, 541, 824, 1098, 922, 
619, 1054, 434, -836, 92, 744, -639, 112, 492, 810, 1078, 912, 
712, 995, 283, -854, 214, 639, -673, 131, 409, 756, 1010, 844, 
780, 927, 146, -854, 317, 536, -707, 92, 283, 644, 868, 707, 
800, 858, 58, -829, 370, 458, -722, 4, 97, 468, 697, 556, 
751, 795, 43, -773, 353, 419, -702, -122, -112, 263, 517, 409, 
624, 746, 122, -685, 251, 434, -644, -312, -366, -14, 307, 263, 
429, 658, 229, -544, 100, 444, -551, -536, -673, -366, 14, 34, 
278, 517, 239, -397, 19, 378, -448, -697, -990, -736, -326, -219, 
200, 409, 209, -305, -4, 309, -366, -761, -1185, -1000, -575, -424, 
141, 400, 258, -270, -58, 329, -297, -766, -1210, -1073, -668, -502, 
63, 453, 390, -258, -163, 422, -214, -746, -1122, -1019, -649, -497, 
-4, 492, 497, -244, -251, 495, -126, -697, -1024, -932, -585, -463, 
-58, 463, 522, -202, -290, 492, -39, -639, -976, -888, -561, -453, 
-107, 409, 517, -151, -312, 463, 19, -605, -961, -873, -561, -483, 
-136, 380, 517, -122, -326, 448, 73, -580, -951, -863, -570, -517, 
-161, 366, 527, -102, -344, 446, 122, -561, -941, -849, -570, -536, 
-190, 351, 541, -80, -366, 446, 146, -546, -922, -844, -561, -556, 
-224, 326, 551, -51, -387, 439, 161, -536, -907, -834, -561, -566, 
-244, 268, 512, -12, -378, 390, 190, -497, -883, -819, -566, -590, 
-239, 190, 429, 24, -334, 309, 209, -458, -854, -795, -566, -595, 
-239, 141, 380, 48, -309, 261, 224, -439, -824, -766, -536, -585, 
-244, 112, 356, 65, -300, 234, 219, -419, -785, -722, -502, -546, 
-258, 112, 370, 73, -314, 241, 219, -395, -717, -663, -448, -512, 
-248, 151, 400, 48, -324, 275, 219, -380, -653, -585, -395, -463, 
-229, 209, 439, 9, -334, 324, 195, -331, -566, -502, -317, -395, 
-180, 268, 448, -43, -314, 358, 122, -244, -468, -405, -229, -336, 
-112, 326, 439, -107, -275, 383, 24, -165, -375, -317, -151, -278, 
-78, 380, 458, -151, -268, 419, -39, -136, -297, -244, -82, -214, 
-73, 400, 473, -163, -273, 436, -78, -126, -244, -195, -34, -180, 
-68, 429, 497, -180, -283, 463, -126, -151, -219, -180, -9, -156, 
-58, 473, 531, -207, -295, 502, -180, -195, -224, -180, 0, -151, 
-63, 492, 556, -214, -309, 524, -195, -229, -224, -180, -19, -151, 
-53, 502, 556, -224, -305, 529, -195, -234, -224, -180, -19, -151, 
-43, 492, 536, -224, -290, 514, -195, -234, -234, -180, -9, -156, 
-39, 502, 541, -231, -290, 522, -209, -234, -234, -170, -4, -141, 
-39, 512, 551, -236, -295, 531, -219, -234, -224, -156, 4, -131, 
-34, 512, 546, -239, -290, 529, -219, -224, -214, -151, 19, -122, 
-39, 502, 541, -231, -290, 522, -219, -229, -200, -151, 24, -122, 
-48, 502, 551, -226, -300, 527, -209, -214, -195, -151, 24, -126, 
-58, 502, 561, -222, -309, 531, -204, -214, -195, -151, 19, -131, 
-63, 502, 566, -219, -314, 534, -204, -214, -195, -151, 19, -136, 
-63, 502, 566, -219, -314, 534, -219, -224, -204, -151, 9, -131, 
-63, 502, 566, -219, -314, 534, -219, -229, -200, -151, 9, -131, 
-63, 502, 566, -219, -314, 534, -224, -229, -195, -146, 14, -131, 
-63, 502, 566, -219, -314, 534, -229, -229, -190, -141, 24, -131, 
-53, 517, 570, -231, -312, 544, -224, -224, -190, -126, 39, -122, 
-48, 517, 566, -234, -307, 541, -224, -219, -185, -126, 39, -117, 
-48, 517, 566, -234, -307, 541, -224, -214, -185, -126, 39, -107, 
-48, 517, 566, -234, -307, 541, -229, -209, -185, -117, 39, -107, 
-48, 522, 570, -236, -309, 546, -229, -219, -180, -117, 48, -97, 
-48, 527, 575, -239, -312, 551, -229, -219, -175, -122, 48, -97, 
-48, 531, 580, -241, -314, 556, -229, -219, -170, -122, 48, -97, 
-48, 536, 585, -244, -317, 561, -224, -219, -165, -122, 48, -102, 
-48, 531, 580, -241, -314, 556, -214, -209, -170, -131, 43, -107, 
-48, 527, 575, -239, -312, 551, -219, -209, -175, -131, 39, -112, 
-43, 522, 566, -239, -305, 544, -219, -209, -170, -126, 34, -117, 
-43, 517, 561, -236, -302, 539, -219, -209, -175, -126, 29, -122, 
-53, 507, 561, -226, -307, 534, -219, -185, -175, -126, 19, -131, 
-53, 502, 556, -224, -305, 529, -219, -195, -175, -126, 24, -131, 
-53, 497, 551, -222, -302, 524, -219, -195, -175, -122, 24, -131, 
-53, 492, 546, -219, -300, 519, -214, -195, -175, -122, 24, -131, 
-63, 497, 561, -217, -312, 529, -214, -200, -170, -122, 34, -122, 
-63, 502, 566, -219, -314, 534, -214, -200, -170, -122, 34, -117, 
-63, 507, 570, -222, -317, 539, -214, -200, -170, -122, 34, -112, 
-68, 512, 580, -222, -324, 546, -214, -200, -175, -122, 34, -107, 
-58, 522, 580, -231, -319, 551, -224, -200, -175, -122, 43, -97, 
-58, 527, 585, -234, -322, 556, -224, -200, -165, -117, 48, -97, 
-58, 531, 590, -236, -324, 561, -224, -200, -165, -117, 48, -97, 
-53, 536, 590, -241, -322, 563, -229, -204, -165, -117, 48, -97, 
-43, 541, 585, -248, -314, 563, -224, -204, -170, -117, 39, -107, 
-43, 546, 590, -251, -317, 568, -224, -204, -170, -117, 39, -107, 
-43, 551, 595, -253, -319, 573, -224, -204, -170, -117, 39, -107, 
-43, 556, 600, -256, -322, 578, -224, -204, -170, -117, 39, -107, 
-34, 546, 580, -256, -307, 563, -224, -204, -170, -122, 29, -117, 
-34, 546, 580, -256, -307, 563, -219, -200, -165, -122, 29, -117, 
-29, 541, 570, -256, -300, 556, -219, -200, -165, -122, 29, -117, 
-29, 541, 570, -256, -300, 556, -219, -195, -165, -122, 34, -117, 
-39, 546, 585, -253, -312, 566, -209, -195, -175, -122, 34, -117, 
-43, 546, 590, -251, -317, 568, -209, -195, -170, -122, 29, -117, 
-48, 546, 595, -248, -322, 570, -209, -195, -165, -122, 29, -117, 
-58, 546, 605, -244, -331, 575, -209, -185, -165, -117, 34, -117, 
-58, 546, 605, -244, -331, 575, -209, -185, -151, -117, 34, -107, 
-58, 551, 610, -246, -334, 580, -209, -185, -151, -117, 34, -107, 
-58, 556, 614, -248, -336, 585, -209, -185, -151, -117, 34, -107, 
-58, 566, 624, -253, -341, 595, -209, -180, -151, -112, 39, -107, 
-58, 556, 614, -248, -336, 585, -204, -170, -156, -112, 39, -117, 
-53, 556, 610, -251, -331, 583, -200, -165, -151, -112, 39, -117, 
-53, 556, 610, -251, -331, 583, -195, -165, -151, -107, 39, -117, 
-48, 556, 605, -253, -326, 580, -190, -161, -146, -107, 39, -117, 
-39, 556, 595, -258, -317, 575, -190, -170, -146, -107, 39, -126, 
-43, 556, 600, -256, -322, 578, -190, -170, -136, -102, 34, -126, 
-43, 556, 600, -256, -322, 578, -190, -165, -136, -107, 29, -117, 
-43, 556, 600, -256, -322, 578, -190, -161, -131, -112, 24, -117, 
-53, 546, 600, -246, -326, 573, -190, -156, -126, -112, 29, -131, 
-53, 541, 595, -244, -324, 568, -185, -151, -126, -112, 29, -131, 
-53, 541, 595, -244, -324, 568, -185, -151, -126, -107, 29, -131, 
-53, 551, 605, -248, -329, 578, -185, -146, -122, -97, 29, -131, 
-63, 546, 610, -241, -336, 578, -185, -146, -126, -107, 29, -131, 
-58, 546, 605, -244, -331, 575, -185, -141, -122, -107, 34, -131, 
-58, 546, 605, -244, -331, 575, -180, -141, -117, -107, 34, -131, 
-63, 546, 610, -241, -336, 578, -180, -136, -112, -97, 39, -126, 
-48, 561, 610, -256, -329, 585, -180, -122, -97, -92, 43, -117, 
-39, 566, 605, -263, -322, 585, -185, -117, -97, -87, 48, -117, 
-24, 575, 600, -275, -312, 588, -185, -112, -92, -82, 48, -107, 
-14, 580, 595, -283, -305, 588, -185, -107, -82, -78, 53, -107, 
-24, 590, 614, -283, -319, 602, -180, -112, -78, -63, 63, -107, 
-24, 590, 614, -283, -319, 602, -175, -107, -73, -63, 68, -107, 
-24, 590, 614, -283, -319, 602, -170, -102, -68, -58, 68, -102, 
-24, 595, 619, -285, -322, 607, -165, -92, -63, -53, 78, -102, 
-19, 600, 619, -290, -319, 610, -165, -87, -53, -48, 82, -87, 
-19, 600, 619, -290, -319, 610, -165, -73, -43, -43, 82, -87, 
-24, 600, 624, -287, -324, 612, -165, -73, -34, -39, 87, -82, 
-24, 605, 629, -290, -326, 617, -165, -68, -29, -29, 92, -78, 
-9, 600, 610, -295, -309, 605, -175, -63, -34, -29, 82, -78, 
-4, 600, 605, -297, -305, 602, -175, -58, -19, -24, 87, -78, 
4, 605, 600, -305, -297, 602, -175, -53, -9, -19, 92, -78, 
4, 610, 605, -307, -300, 607, -175, -48, -9, -14, 97, -78, 
-4, 614, 619, -305, -312, 617, -165, -39, 0, -14, 97, -78, 
4, 619, 614, -312, -305, 617, -165, -24, 9, -4, 102, -78, 
4, 624, 619, -314, -307, 622, -165, -14, 19, 4, 107, -68, 
4, 629, 624, -317, -309, 627, -165, -4, 39, 14, 117, -68, 
0, 619, 619, -309, -309, 619, -156, 0, 48, 24, 112, -68, 
0, 619, 619, -309, -309, 619, -156, 9, 63, 34, 122, -63, 
4, 619, 614, -312, -305, 617, -156, 19, 68, 43, 131, -58, 
0, 624, 624, -312, -312, 624, -151, 39, 78, 53, 131, -53, 
4, 624, 619, -314, -307, 622, -151, 58, 87, 58, 136, -53, 
14, 619, 605, -317, -295, 612, -151, 68, 97, 68, 146, -58, 
19, 619, 600, -319, -290, 610, -151, 78, 107, 78, 156, -63, 
19, 614, 595, -317, -287, 605, -151, 92, 112, 87, 161, -58, 
29, 614, 585, -322, -278, 600, -156, 102, 136, 102, 175, -48, 
29, 619, 590, -324, -280, 605, -156, 117, 146, 122, 185, -34, 
34, 624, 590, -329, -278, 607, -156, 126, 156, 131, 200, -19, 
39, 629, 590, -334, -275, 610, -161, 136, 170, 146, 209, -14, 
43, 639, 595, -341, -275, 617, -151, 156, 175, 146, 209, -14, 
43, 653, 610, -348, -283, 631, -151, 165, 190, 151, 204, -14, 
43, 663, 619, -353, -287, 641, -151, 185, 209, 165, 214, -14, 
43, 673, 629, -358, -292, 651, -151, 195, 229, 175, 219, -19, 
48, 668, 619, -358, -285, 644, -141, 204, 244, 190, 214, -19, 
53, 673, 619, -363, -283, 646, -141, 219, 258, 200, 224, -19, 
63, 678, 614, -370, -275, 646, -141, 229, 273, 214, 224, -19, 
68, 678, 610, -373, -270, 644, -141, 244, 287, 224, 234, -14, 
68, 678, 610, -373, -270, 644, -156, 244, 297, 239, 248, 0, 
73, 683, 610, -378, -268, 646, -156, 263, 312, 248, 263, 4, 
78, 688, 610, -383, -265, 649, -156, 273, 326, 268, 273, 19, 
87, 692, 605, -390, -258, 649, -156, 283, 341, 283, 287, 24, 
82, 712, 629, -397, -273, 671, -165, 287, 351, 297, 307, 39, 
92, 717, 624, -405, -265, 671, -165, 297, 366, 312, 317, 43, 
107, 727, 619, -417, -256, 673, -165, 307, 380, 326, 326, 58, 
117, 736, 619, -427, -251, 678, -165, 317, 385, 341, 331, 58, 
126, 736, 610, -431, -241, 673, -165, 322, 405, 346, 326, 53, 
131, 741, 610, -436, -239, 675, -165, 331, 419, 351, 331, 53, 
131, 746, 614, -439, -241, 680, -165, 336, 424, 361, 336, 48, 
136, 751, 614, -444, -239, 683, -175, 346, 434, 375, 351, 53, 
141, 746, 605, -444, -231, 675, -175, 351, 439, 380, 346, 53, 
146, 746, 600, -446, -226, 673, -175, 356, 444, 385, 356, 58, 
156, 746, 590, -451, -217, 668, -175, 361, 458, 385, 356, 58, 
156, 751, 595, -453, -219, 673, -170, 366, 458, 395, 361, 73, 
170, 766, 595, -468, -212, 680, -175, 370, 463, 400, 375, 82, 
170, 771, 600, -470, -214, 685, -180, 375, 468, 405, 380, 87, 
175, 775, 600, -475, -212, 688, -180, 380, 473, 409, 385, 92, 
175, 775, 600, -475, -212, 688, -180, 380, 468, 414, 390, 92, 
180, 766, 585, -473, -202, 675, -185, 380, 448, 395, 380, 82, 
180, 775, 595, -478, -207, 685, -190, 370, 439, 390, 380, 82, 
175, 780, 605, -478, -214, 692, -195, 351, 439, 390, 380, 82, 
175, 780, 605, -478, -214, 692, -200, 341, 429, 385, 375, 82, 
180, 800, 619, -490, -219, 710, -204, 331, 419, 385, 385, 97, 
190, 810, 619, -500, -214, 714, -209, 322, 405, 375, 390, 107, 
195, 819, 624, -507, -214, 722, -209, 307, 400, 366, 395, 117, 
195, 829, 634, -512, -219, 732, -209, 287, 385, 356, 405, 126, 
175, 834, 658, -505, -241, 746, -224, 273, 370, 341, 390, 126, 
170, 839, 668, -505, -248, 753, -224, 253, 341, 322, 380, 122, 
170, 844, 673, -507, -251, 758, -224, 234, 322, 302, 370, 122, 
170, 849, 678, -509, -253, 763, -224, 209, 302, 287, 361, 122, 
165, 834, 668, -500, -251, 751, -224, 185, 263, 248, 341, 97, 
161, 824, 663, -492, -251, 744, -224, 165, 244, 229, 317, 92, 
146, 819, 673, -483, -263, 746, -219, 146, 219, 209, 297, 87, 
141, 810, 668, -475, -263, 739, -219, 117, 195, 185, 278, 73, 
117, 805, 688, -461, -285, 746, -209, 97, 180, 175, 273, 82, 
112, 805, 692, -458, -290, 749, -209, 78, 156, 151, 268, 78, 
102, 805, 702, -453, -300, 753, -209, 63, 131, 146, 263, 68, 
102, 800, 697, -451, -297, 749, -209, 53, 107, 141, 258, 63, 
97, 805, 707, -451, -305, 756, -219, 34, 82, 112, 229, 43, 
97, 800, 702, -448, -302, 751, -219, 9, 58, 82, 209, 29, 
97, 795, 697, -446, -300, 746, -214, -9, 34, 58, 190, 24, 
92, 795, 702, -444, -305, 749, -214, -24, 14, 34, 165, 14, 
82, 780, 697, -431, -307, 739, -204, -29, 4, 19, 170, 0, 
78, 775, 697, -427, -309, 736, -204, -43, -14, 9, 165, -4, 
63, 775, 712, -419, -324, 744, -204, -53, -24, -4, 156, -9, 
63, 775, 712, -419, -324, 744, -204, -58, -39, -14, 151, -14, 
48, 766, 717, -407, -334, 741, -195, -73, -58, -34, 126, -24, 
43, 761, 717, -402, -336, 739, -195, -82, -78, -48, 112, -34, 
39, 756, 717, -397, -339, 736, -195, -92, -87, -58, 97, -39, 
34, 751, 717, -392, -341, 734, -195, -107, -97, -68, 92, -39, 
39, 751, 712, -395, -336, 732, -204, -102, -117, -78, 82, -29, 
39, 751, 712, -395, -336, 732, -204, -112, -122, -92, 78, -29, 
34, 751, 717, -392, -341, 734, -204, -117, -131, -102, 73, -34, 
29, 751, 722, -390, -346, 736, -204, -122, -141, -107, 73, -39, 
24, 761, 736, -392, -356, 749, -200, -136, -136, -102, 73, -29, 
19, 761, 741, -390, -361, 751, -195, -136, -141, -107, 78, -29, 
9, 761, 751, -385, -370, 756, -190, -141, -146, -107, 78, -39, 
0, 761, 761, -380, -380, 761, -185, -141, -151, -107, 82, -39, 
9, 766, 756, -387, -373, 761, -195, -156, -161, -122, 73, -48, 
9, 766, 756, -387, -373, 761, -190, -156, -161, -126, 68, -48, 
9, 761, 751, -385, -370, 756, -185, -156, -165, -131, 58, -53, 
4, 756, 751, -380, -373, 753, -185, -156, -170, -131, 48, -58, 
14, 766, 751, -390, -368, 758, -185, -151, -165, -141, 43, -73, 
14, 761, 746, -387, -366, 753, -185, -151, -165, -141, 43, -73, 
9, 761, 751, -385, -370, 756, -185, -151, -175, -141, 39, -73, 
9, 771, 761, -390, -375, 766, -185, -151, -175, -141, 39, -73, 
4, 761, 756, -383, -375, 758, -180, -146, -185, -156, 29, -82, 
4, 751, 746, -378, -370, 749, -175, -146, -185, -156, 29, -82, 
4, 751, 746, -378, -370, 749, -170, -146, -185, -156, 29, -82, 
4, 756, 751, -380, -373, 753, -165, -141, -185, -156, 34, -82, 
0, 756, 756, -378, -378, 756, -156, -131, -180, -146, 43, -68, 
0, 761, 761, -380, -380, 761, -151, -136, -180, -146, 43, -63, 
0, 761, 761, -380, -380, 761, -151, -136, -180, -146, 43, -58, 
0, 761, 761, -380, -380, 761, -151, -131, -180, -146, 43, -58, 
0, 771, 771, -385, -385, 771, -141, -131, -180, -156, 34, -63, 
0, 766, 766, -383, -383, 766, -146, -131, -180, -156, 34, -68, 
0, 761, 761, -380, -380, 761, -146, -136, -180, -156, 29, -73, 
-4, 756, 761, -375, -383, 758, -146, -136, -180, -156, 24, -78, 
0, 746, 746, -373, -373, 746, -146, -146, -180, -161, 34, -78, 
0, 751, 751, -375, -375, 751, -146, -146, -185, -161, 34, -82, 
0, 751, 751, -375, -375, 751, -146, -141, -190, -165, 34, -82, 
0, 756, 756, -378, -378, 756, -146, -141, -195, -165, 34, -78, 
-9, 756, 766, -373, -387, 761, -146, -141, -195, -161, 43, -73, 
-4, 756, 761, -375, -383, 758, -146, -141, -195, -161, 43, -68, 
-4, 756, 761, -375, -383, 758, -146, -141, -195, -156, 43, -63, 
-4, 756, 761, -375, -383, 758, -146, -141, -195, -156, 43, -58, 
0, 746, 746, -373, -373, 746, -141, -131, -195, -165, 39, -73, 
0, 746, 746, -373, -373, 746, -141, -131, -195, -165, 34, -78, 
-4, 746, 751, -370, -378, 749, -141, -131, -195, -165, 29, -78, 
-4, 746, 751, -370, -378, 749, -141, -131, -190, -165, 24, -82, 
-9, 746, 756, -368, -383, 751, -131, -141, -190, -165, 19, -87, 
-9, 746, 756, -368, -383, 751, -131, -141, -195, -165, 14, -92, 
-9, 746, 756, -368, -383, 751, -131, -141, -200, -170, 9, -97, 
-9, 746, 756, -368, -383, 751, -131, -141, -200, -170, 4, -107, 
0, 761, 761, -380, -380, 761, -122, -136, -195, -156, 14, -92, 
0, 766, 766, -383, -383, 766, -122, -126, -190, -156, 19, -87, 
0, 771, 771, -385, -385, 771, -122, -122, -185, -156, 19, -82, 
0, 775, 775, -387, -387, 775, -122, -122, -180, -156, 19, -78, 
9, 780, 771, -395, -380, 775, -117, -122, -180, -156, 24, -68, 
14, 785, 771, -400, -378, 778, -117, -117, -180, -156, 29, -68, 
14, 790, 775, -402, -380, 783, -112, -117, -180, -156, 34, -68, 
9, 795, 785, -402, -387, 790, -112, -117, -180, -156, 39, -68, 
0, 785, 785, -392, -392, 785, -107, -117, -190, -161, 29, -78, 
0, 785, 785, -392, -392, 785, -107, -117, -190, -165, 19, -87, 
-4, 785, 790, -390, -397, 788, -107, -117, -190, -170, 9, -97, 
-4, 785, 790, -390, -397, 788, -107, -117, -190, -175, 0, -107, 
-14, 775, 790, -380, -402, 783, -107, -107, -190, -175, 4, -92, 
-14, 771, 785, -378, -400, 778, -107, -107, -190, -175, 4, -87, 
-14, 771, 785, -378, -400, 778, -107, -107, -190, -175, 9, -82, 
-14, 775, 790, -380, -402, 783, -107, -107, -190, -175, 19, -78, 
-4, 790, 795, -392, -400, 793, -107, -102, -200, -175, 19, -78, 
-4, 795, 800, -395, -402, 797, -107, -102, -200, -175, 19, -78, 
-4, 795, 800, -395, -402, 797, -107, -102, -200, -175, 19, -78, 
-4, 795, 800, -395, -402, 797, -107, -107, -200, -175, 19, -78, 
-4, 795, 800, -395, -402, 797, -117, -112, -200, -175, 19, -68, 
-4, 795, 800, -395, -402, 797, -117, -117, -200, -175, 19, -68, 
-4, 795, 800, -395, -402, 797, -122, -122, -200, -175, 19, -68, 
-4, 795, 800, -395, -402, 797, -122, -126, -200, -175, 19, -68, 
-4, 800, 805, -397, -405, 802, -117, -117, -204, -190, 4, -87, 
-4, 800, 805, -397, -405, 802, -117, -117, -209, -195, 0, -97, 
-4, 795, 800, -395, -402, 797, -117, -117, -214, -204, -4, -107, 
-4, 795, 800, -395, -402, 797, -117, -117, -219, -209, -19, -117, 
-4, 805, 810, -400, -407, 807, -107, -117, -214, -200, -14, -102, 
-4, 805, 810, -400, -407, 807, -107, -117, -214, -200, -4, -97, 
-4, 805, 810, -400, -407, 807, -107, -117, -214, -195, 0, -92, 
-4, 805, 810, -400, -407, 807, -107, -117, -214, -195, 4, -87, 
-14, 814, 829, -400, -422, 822, -107, -117, -214, -200, 4, -87, 
-14, 805, 819, -395, -417, 812, -107, -117, -214, -200, 0, -87, 
-14, 805, 819, -395, -417, 812, -107, -122, -214, -200, 0, -87, 
-14, 810, 824, -397, -419, 817, -112, -122, -214, -200, 0, -87, 
-4, 819, 824, -407, -414, 822, -102, -112, -214, -190, 9, -87, 
-4, 819, 824, -407, -414, 822, -97, -112, -214, -185, 14, -87, 
-4, 819, 824, -407, -414, 822, -97, -112, -209, -185, 14, -87, 
-4, 819, 824, -407, -414, 822, -97, -112, -209, -190, 14, -87, 
-4, 819, 824, -407, -414, 822, -107, -117, -219, -204, 9, -87, 
-4, 819, 824, -407, -414, 822, -107, -117, -219, -209, 0, -87, 
-4, 819, 824, -407, -414, 822, -107, -126, -229, -214, -4, -87, 
-4, 819, 824, -407, -414, 822, -112, -131, -234, -214, -9, -87, 
-9, 819, 829, -405, -419, 824, -107, -126, -234, -214, -19, -92, 
-9, 819, 829, -405, -419, 824, -102, -122, -234, -224, -24, -102, 
-9, 819, 829, -405, -419, 824, -97, -112, -234, -224, -24, -107, 
-9, 819, 829, -405, -419, 824, -92, -107, -234, -219, -24, -112, 
-9, 810, 819, -400, -414, 814, -92, -107, -234, -229, -24, -112, 
-9, 810, 819, -400, -414, 814, -92, -107, -234, -229, -24, -112, 
-9, 810, 819, -400, -414, 814, -92, -107, -239, -229, -24, -112, 
-9, 810, 819, -400, -414, 814, -92, -112, -239, -229, -24, -112, 
-9, 819, 829, -405, -419, 824, -92, -112, -239, -219, -19, -107, 
-9, 819, 829, -405, -419, 824, -92, -112, -239, -224, -14, -102, 
-14, 819, 834, -402, -424, 827, -92, -112, -234, -229, -9, -97, 
-14, 819, 834, -402, -424, 827, -92, -117, -234, -229, -4, -92, 
-24, 829, 854, -402, -439, 841, -92, -122, -253, -239, -19, -107, 
-24, 829, 854, -402, -439, 841, -87, -122, -253, -244, -24, -112, 
-24, 829, 854, -402, -439, 841, -82, -122, -258, -258, -34, -117, 
-24, 829, 854, -402, -439, 841, -82, -122, -258, -263, -39, -122, 
-14, 829, 844, -407, -429, 836, -87, -112, -253, -253, -34, -117, 
-14, 829, 844, -407, -429, 836, -87, -112, -248, -248, -29, -112, 
-14, 829, 844, -407, -429, 836, -82, -112, -244, -248, -24, -112, 
-19, 829, 849, -405, -434, 839, -82, -112, -244, -244, -24, -112, 
-9, 824, 834, -407, -422, 829, -78, -112, -253, -258, -39, -122, 
-9, 824, 834, -407, -422, 829, -73, -112, -253, -258, -39, -122, 
-9, 829, 839, -409, -424, 834, -68, -112, -248, -258, -39, -122, 
-9, 834, 844, -412, -427, 839, -63, -112, -248, -258, -39, -122, 
0, 839, 839, -419, -419, 839, -63, -102, -239, -258, -29, -112, 
0, 844, 844, -422, -422, 844, -63, -107, -244, -258, -34, -112, 
-4, 849, 854, -422, -429, 851, -63, -107, -244, -253, -34, -117, 
-4, 858, 863, -427, -434, 861, -63, -107, -244, -244, -34, -117, 
-14, 858, 873, -422, -444, 866, -68, -117, -253, -253, -24, -112, 
-14, 858, 873, -422, -444, 866, -68, -117, -253, -253, -24, -112, 
-9, 858, 868, -424, -439, 863, -68, -117, -253, -253, -24, -112, 
-9, 858, 868, -424, -439, 863, -63, -117, -253, -253, -19, -112, 
-14, 844, 858, -414, -436, 851, -58, -107, -263, -258, -29, -112, 
-19, 834, 854, -407, -436, 844, -58, -107, -263, -258, -29, -112, 
-24, 829, 854, -402, -439, 841, -58, -107, -263, -258, -29, -117, 
-34, 824, 858, -395, -446, 841, -58, -117, -268, -258, -39, -122, 
-24, 829, 854, -402, -439, 841, -53, -112, -258, -258, -43, -126, 
-24, 829, 854, -402, -439, 841, -53, -107, -258, -263, -43, -131, 
-14, 839, 854, -412, -434, 846, -53, -97, -258, -263, -43, -136, 
-14, 844, 858, -414, -436, 851, -53, -92, -258, -263, -48, -141, 
-4, 854, 858, -424, -431, 856, -48, -92, -258, -268, -43, -131, 
-9, 854, 863, -422, -436, 858, -43, -92, -258, -268, -43, -131, 
-9, 858, 868, -424, -439, 863, -43, -92, -258, -263, -48, -131, 
-4, 858, 863, -427, -434, 861, -39, -92, -258, -263, -48, -126, 
-9, 849, 858, -419, -434, 854, -39, -102, -263, -273, -58, -126, 
-9, 849, 858, -419, -434, 854, -39, -102, -268, -273, -58, -136, 
-14, 849, 863, -417, -439, 856, -39, -102, -273, -273, -58, -136, 
-14, 854, 868, -419, -441, 861, -43, -102, -278, -273, -53, -131, 
-19, 849, 868, -414, -444, 858, -39, -97, -278, -283, -58, -141, 
-19, 849, 868, -414, -444, 858, -39, -97, -278, -283, -63, -141, 
-24, 844, 868, -409, -446, 856, -48, -97, -278, -283, -68, -141, 
-24, 839, 863, -407, -444, 851, -53, -97, -278, -283, -68, -141, 
-14, 849, 863, -417, -439, 856, -43, -97, -268, -278, -63, -136, 
-19, 849, 868, -414, -444, 858, -39, -97, -268, -278, -58, -136, 
-19, 849, 868, -414, -444, 858, -34, -97, -263, -278, -53, -136, 
-14, 854, 868, -419, -441, 861, -29, -97, -263, -278, -48, -136, 
-4, 868, 873, -431, -439, 871, -19, -92, -273, -278, -58, -146, 
-4, 873, 878, -434, -441, 875, -19, -92, -278, -278, -58, -146, 
-4, 873, 878, -434, -441, 875, -14, -87, -278, -283, -58, -146, 
-4, 868, 873, -431, -439, 871, -14, -87, -278, -283, -58, -146, 
-14, 878, 893, -431, -453, 885, -24, -87, -278, -292, -68, -146, 
-9, 883, 893, -436, -451, 888, -29, -87, -278, -287, -68, -141, 
-9, 888, 897, -439, -453, 893, -29, -87, -278, -287, -68, -141, 
-9, 888, 897, -439, -453, 893, -24, -92, -273, -287, -68, -141, 
-9, 878, 888, -434, -448, 883, -19, -92, -283, -287, -68, -141, 
-9, 873, 883, -431, -446, 878, -14, -92, -283, -292, -68, -141, 
-9, 868, 878, -429, -444, 873, -9, -92, -283, -297, -63, -141, 
-9, 863, 873, -427, -441, 868, -4, -92, -283, -302, -63, -141, 
-9, 868, 878, -429, -444, 873, 4, -92, -283, -297, -73, -146, 
-14, 868, 883, -427, -448, 875, 4, -87, -283, -297, -68, -146, 
-19, 868, 888, -424, -453, 878, 4, -82, -283, -292, -68, -146, 
-19, 873, 893, -427, -456, 883, 4, -82, -287, -292, -68, -151, 
-24, 883, 907, -429, -466, 895, 4, -78, -283, -292, -78, -146, 
-24, 883, 907, -429, -466, 895, 4, -73, -283, -292, -78, -146, 
-24, 883, 907, -429, -466, 895, 9, -68, -283, -292, -78, -146, 
-24, 883, 907, -429, -466, 895, 9, -68, -283, -292, -78, -146, 
-24, 883, 907, -429, -466, 895, 4, -78, -283, -292, -78, -146, 
-19, 878, 897, -429, -458, 888, 9, -78, -273, -302, -68, -146, 
-19, 878, 897, -429, -458, 888, 9, -68, -283, -302, -68, -146, 
-19, 878, 897, -429, -458, 888, 9, -68, -283, -302, -68, -146, 
-19, 878, 897, -429, -458, 888, 9, -68, -283, -302, -68, -146, 
-19, 878, 897, -429, -458, 888, 9, -68, -283, -302, -68, -146, 
-29, 888, 917, -429, -473, 902, 14, -68, -283, -292, -68, -146, 
-29, 888, 917, -429, -473, 902, 19, -68, -283, -292, -68, -146, 
-29, 888, 917, -429, -473, 902, 24, -68, -283, -292, -68, -146, 
-29, 888, 917, -429, -473, 902, 29, -68, -283, -292, -68, -146, 
-19, 893, 912, -436, -466, 902, 39, -58, -283, -297, -78, -146, 
-9, 897, 907, -444, -458, 902, 39, -58, -283, -302, -78, -146, 
0, 902, 902, -451, -451, 902, 39, -58, -283, -307, -78, -146, 
9, 907, 897, -458, -444, 902, 39, -58, -283, -312, -78, -146, 
-4, 907, 912, -451, -458, 910, 48, -58, -292, -312, -87, -156, 
-9, 907, 917, -448, -463, 912, 48, -58, -292, -312, -87, -156, 
-14, 907, 922, -446, -468, 915, 48, -58, -292, -312, -87, -156, 
-19, 907, 927, -444, -473, 917, 48, -58, -292, -312, -87, -156, 
-9, 902, 912, -446, -461, 907, 48, -58, -302, -322, -87, -165, 
-9, 897, 907, -444, -458, 902, 48, -58, -302, -322, -87, -165, 
-9, 893, 902, -441, -456, 897, 48, -58, -302, -322, -87, -165, 
-9, 888, 897, -439, -453, 893, 48, -58, -302, -322, -87, -165, 
-9, 893, 902, -441, -456, 897, 48, -58, -292, -322, -78, -161, 
-9, 897, 907, -444, -458, 902, 48, -58, -292, -322, -78, -156, 
-9, 902, 912, -446, -461, 907, 48, -58, -292, -322, -78, -151, 
-9, 907, 917, -448, -463, 912, 48, -58, -292, -322, -78, -146, 
-9, 912, 922, -451, -466, 917, 58, -48, -283, -312, -78, -136, 
-9, 917, 927, -453, -468, 922, 58, -48, -283, -312, -78, -136, 
-9, 922, 932, -456, -470, 927, 58, -48, -283, -312, -78, -136, 
-9, 927, 936, -458, -473, 932, 58, -48, -283, -312, -78, -136, 
-24, 922, 946, -448, -485, 934, 68, -39, -292, -322, -87, -141, 
-29, 917, 946, -444, -488, 932, 68, -39, -292, -322, -87, -146, 
-34, 912, 946, -439, -490, 929, 68, -39, -292, -322, -87, -151, 
-39, 907, 946, -434, -492, 927, 68, -39, -292, -322, -87, -156, 
-29, 907, 936, -439, -483, 922, 73, -39, -297, -331, -97, -165, 
-29, 907, 936, -439, -483, 922, 78, -39, -302, -331, -97, -165, 
-29, 907, 936, -439, -483, 922, 82, -39, -307, -331, -97, -165, 
-29, 907, 936, -439, -483, 922, 87, -39, -312, -331, -97, -165, 
-29, 917, 946, -444, -488, 932, 87, -29, -307, -326, -92, -161, 
-29, 917, 946, -444, -488, 932, 87, -29, -302, -322, -87, -156, 
-29, 917, 946, -444, -488, 932, 87, -29, -297, -317, -82, -151, 
-29, 917, 946, -444, -488, 932, 87, -29, -292, -312, -78, -146, 
-24, 922, 946, -448, -485, 934, 97, -19, -283, -312, -87, -146, 
-19, 927, 946, -453, -483, 936, 97, -19, -283, -312, -87, -146, 
-19, 927, 946, -453, -483, 936, 97, -24, -283, -312, -87, -146, 
-14, 932, 946, -458, -480, 939, 97, -24, -283, -317, -87, -146, 
-4, 936, 941, -466, -473, 939, 107, -24, -297, -326, -92, -165, 
-4, 936, 941, -466, -473, 939, 107, -24, -302, -326, -92, -165, 
-9, 927, 936, -458, -473, 932, 107, -24, -302, -322, -92, -165, 
-9, 922, 932, -456, -470, 927, 107, -19, -297, -322, -97, -170, 
-9, 927, 936, -458, -473, 932, 107, -19, -297, -322, -97, -161, 
-9, 932, 941, -461, -475, 936, 107, -19, -302, -322, -92, -161, 
-9, 936, 946, -463, -478, 941, 107, -19, -302, -322, -92, -156, 
-9, 946, 956, -468, -483, 951, 107, -19, -302, -317, -92, -156, 
-9, 956, 966, -473, -488, 961, 117, -29, -297, -326, -87, -161, 
-9, 961, 971, -475, -490, 966, 117, -24, -292, -331, -87, -161, 
-9, 961, 971, -475, -490, 966, 117, -24, -292, -331, -87, -161, 
-9, 961, 971, -475, -490, 966, 117, -24, -292, -331, -92, -161, 
-9, 961, 971, -475, -490, 966, 136, -14, -292, -331, -92, -156, 
-9, 961, 971, -475, -490, 966, 136, -9, -292, -331, -92, -156, 
-9, 961, 971, -475, -490, 966, 136, -4, -287, -326, -92, -151, 
-4, 966, 971, -480, -488, 968, 136, 4, -283, -322, -92, -151, 
-9, 980, 990, -485, -500, 985, 146, 4, -278, -317, -82, -141, 
-4, 980, 985, -488, -495, 983, 151, 14, -258, -302, -78, -131, 
4, 985, 980, -495, -488, 983, 156, 14, -253, -287, -58, -117, 
9, 1000, 990, -505, -490, 995, 156, 14, -239, -278, -43, -117, 
9, 1015, 1005, -512, -497, 1010, 161, 29, -244, -287, -48, -122, 
14, 1015, 1000, -514, -492, 1007, 165, 34, -234, -273, -43, -122, 
14, 1010, 995, -512, -490, 1002, 170, 43, -229, -268, -39, -117, 
14, 1005, 990, -509, -488, 997, 175, 48, -229, -268, -39, -107, 
14, 1010, 995, -512, -490, 1002, 185, 53, -219, -253, -29, -107, 
14, 1010, 995, -512, -490, 1002, 190, 53, -214, -253, -29, -112, 
19, 1015, 995, -517, -488, 1005, 195, 58, -209, -253, -29, -112, 
24, 1019, 995, -522, -485, 1007, 195, 58, -209, -253, -29, -107, 
24, 1019, 995, -522, -485, 1007, 200, 68, -200, -263, -29, -97, 
19, 1019, 1000, -519, -490, 1010, 200, 68, -204, -263, -29, -97, 
19, 1015, 995, -517, -488, 1005, 200, 68, -204, -263, -34, -102, 
14, 1005, 990, -509, -488, 997, 200, 73, -209, -268, -34, -107, 
19, 995, 976, -507, -478, 985, 195, 63, -224, -278, -53, -122, 
19, 990, 971, -505, -475, 980, 190, 53, -248, -297, -63, -131, 
19, 990, 971, -505, -475, 980, 190, 43, -258, -312, -68, -136, 
14, 990, 976, -502, -480, 983, 185, 43, -268, -317, -73, -136, 
14, 980, 966, -497, -475, 973, 175, 39, -278, -322, -78, -146, 
19, 976, 956, -497, -468, 966, 175, 39, -287, -336, -92, -146, 
19, 966, 946, -492, -463, 956, 170, 24, -302, -346, -92, -151, 
19, 966, 946, -492, -463, 956, 165, 19, -307, -351, -97, -165, 
9, 946, 936, -478, -463, 941, 156, 9, -331, -366, -112, -185, 
9, 941, 932, -475, -461, 936, 146, 4, -341, -375, -126, -195, 
9, 927, 917, -468, -453, 922, 146, 4, -341, -380, -141, -200, 
9, 917, 907, -463, -448, 912, 151, 0, -341, -385, -151, -204, 
9, 922, 912, -466, -451, 917, 151, -4, -341, -380, -136, -200, 
9, 922, 912, -466, -451, 917, 151, -9, -341, -375, -131, -195, 
9, 927, 917, -468, -453, 922, 151, -9, -346, -380, -131, -195, 
4, 932, 927, -468, -461, 929, 151, -4, -346, -380, -131, -195, 
14, 946, 932, -480, -458, 939, 151, -14, -341, -380, -141, -185, 
14, 951, 936, -483, -461, 944, 156, -14, -341, -375, -141, -185, 
9, 961, 951, -485, -470, 956, 156, -9, -336, -375, -141, -185, 
9, 971, 961, -490, -475, 966, 156, -4, -336, -380, -136, -185, 
14, 961, 946, -488, -466, 954, 161, 4, -336, -390, -136, -185, 
14, 961, 946, -488, -466, 954, 165, -4, -336, -385, -136, -180, 
24, 961, 936, -492, -456, 949, 165, -4, -336, -385, -136, -180, 
24, 956, 932, -490, -453, 944, 170, -9, -341, -385, -136, -180, 
14, 946, 932, -480, -458, 939, 161, -9, -346, -395, -156, -185, 
14, 946, 932, -480, -458, 939, 161, -9, -351, -400, -156, -185, 
14, 946, 932, -480, -458, 939, 161, -9, -356, -400, -151, -185, 
14, 951, 936, -483, -461, 944, 161, -9, -351, -400, -151, -180, 
4, 966, 961, -485, -478, 963, 175, 4, -341, -390, -136, -170, 
0, 966, 966, -483, -483, 966, 175, 4, -336, -385, -136, -170, 
-14, 961, 976, -473, -495, 968, 180, 4, -336, -375, -136, -170, 
-19, 961, 980, -470, -500, 971, 185, 4, -331, -370, -131, -170, 
-29, 966, 995, -468, -512, 980, 195, 14, -331, -370, -131, -180, 
-29, 971, 1000, -470, -514, 985, 195, 14, -326, -370, -131, -180, 
-29, 971, 1000, -470, -514, 985, 200, 14, -326, -366, -131, -180, 
-39, 971, 1010, -466, -524, 990, 204, 19, -322, -361, -131, -180, 
-48, 956, 1005, -453, -527, 980, 209, 19, -322, -375, -136, -190, 
-48, 951, 1000, -451, -524, 976, 214, 19, -326, -380, -146, -195, 
-48, 951, 1000, -451, -524, 976, 219, 14, -331, -385, -161, -200, 
-53, 946, 1000, -446, -527, 973, 224, 14, -341, -395, -170, -204, 
-43, 956, 1000, -456, -522, 978, 224, 4, -346, -405, -161, -204, 
-39, 956, 995, -458, -517, 976, 224, 9, -346, -405, -161, -204, 
-34, 961, 995, -463, -514, 978, 224, 9, -346, -405, -156, -204, 
-34, 966, 1000, -466, -517, 983, 224, 9, -346, -405, -156, -209, 
-34, 976, 1010, -470, -522, 993, 234, 14, -336, -395, -146, -200, 
-34, 976, 1010, -470, -522, 993, 234, 19, -336, -395, -146, -200, 
-34, 976, 1010, -470, -522, 993, 234, 24, -331, -395, -151, -200, 
-34, 971, 1005, -468, -519, 988, 244, 29, -331, -395, -151, -200, 
-34, 966, 1000, -466, -517, 983, 248, 34, -336, -390, -161, -209, 
-39, 966, 1005, -463, -522, 985, 253, 39, -336, -390, -165, -219, 
-48, 966, 1015, -458, -531, 990, 258, 34, -322, -390, -165, -219, 
-48, 956, 1005, -453, -527, 980, 258, 39, -317, -380, -165, -209, 
-48, 956, 1005, -453, -527, 980, 273, 53, -302, -375, -151, -200, 
-58, 951, 1010, -446, -534, 980, 273, 68, -283, -356, -141, -200, 
-68, 946, 1015, -439, -541, 980, 292, 102, -258, -341, -126, -200, 
-48, 932, 980, -441, -514, 956, 312, 136, -224, -317, -117, -190, 
-43, 932, 976, -444, -509, 954, 322, 151, -204, -283, -82, -170, 
-53, 932, 985, -439, -519, 958, 326, 165, -180, -258, -58, -146, 
-39, 927, 966, -444, -502, 946, 312, 170, -161, -229, -34, -126, 
-9, 917, 927, -453, -468, 922, 297, 185, -126, -200, -4, -92, 
9, 927, 917, -468, -453, 922, 297, 229, -78, -141, 39, -58, 
39, 956, 917, -497, -439, 936, 283, 278, 0, -63, 107, 0, 
82, 1019, 936, -551, -427, 978, 248, 346, 122, 53, 229, 117, 
136, 1107, 971, -622, -417, 1039, 209, 405, 244, 195, 380, 258, 
190, 1190, 1000, -690, -405, 1095, 170, 444, 331, 297, 507, 400, 
253, 1278, 1024, -766, -385, 1151, 136, 444, 380, 380, 634, 527, 
317, 1395, 1078, -856, -380, 1237, 78, 429, 429, 478, 761, 673, 
370, 1507, 1137, -939, -383, 1322, 19, 395, 458, 546, 863, 785, 
439, 1590, 1151, -1015, -356, 1371, -24, 366, 424, 570, 902, 844, 
512, 1600, 1088, -1056, -287, 1344, -63, 346, 385, 566, 922, 883, 
595, 1542, 946, -1068, -175, 1244, -87, 366, 341, 541, 902, 863, 
663, 1464, 800, -1063, -68, 1132, -112, 375, 253, 468, 810, 756, 
702, 1395, 692, -1049, 4, 1044, -136, 346, 117, 331, 668, 605, 
683, 1322, 639, -1002, 21, 980, -126, 278, -63, 156, 488, 448, 
605, 1263, 658, -934, -26, 961, -87, 146, -268, -73, 287, 292, 
448, 1205, 756, -827, -153, 980, -14, -48, -536, -375, 24, 92, 
278, 1083, 805, -680, -263, 944, 78, -239, -873, -766, -326, -180, 
161, 917, 756, -539, -297, 836, 180, -331, -1156, -1117, -673, -453, 
102, 839, 736, -470, -317, 788, 268, -346, -1288, -1307, -873, -629, 
53, 863, 810, -458, -378, 836, 341, -356, -1268, -1322, -922, -673, 
-4, 932, 936, -463, -470, 934, 419, -336, -1171, -1254, -888, -658, 
-58, 961, 1019, -451, -539, 990, 497, -268, -1083, -1180, -834, -639, 
-87, 936, 1024, -424, -556, 980, 556, -214, -1039, -1137, -814, -658, 
-126, 878, 1005, -375, -566, 941, 600, -200, -1039, -1146, -844, -702, 
-170, 824, 995, -326, -583, 910, 639, -170, -1029, -1141, -854, -732, 
-190, 800, 990, -305, -590, 895, 683, -146, -1010, -1117, -844, -732, 
-204, 795, 1000, -295, -602, 897, 707, -136, -1005, -1098, -834, -741, 
-224, 785, 1010, -280, -617, 897, 736, -126, -990, -1093, -829, -746, 
-229, 736, 966, -253, -597, 851, 766, -107, -971, -1078, -819, -751, 
-219, 658, 878, -219, -549, 768, 780, -68, -951, -1058, -800, -751, 
-224, 610, 834, -192, -529, 722, 805, -48, -922, -1024, -775, -732, 
-239, 580, 819, -170, -529, 700, 805, -34, -873, -985, -732, -707, 
-258, 590, 849, -165, -553, 719, 805, -9, -810, -927, -688, -668, 
-258, 610, 868, -175, -563, 739, 790, 9, -751, -854, -629, -619, 
-219, 668, 888, -224, -553, 778, 746, 68, -653, -756, -541, -551, 
-161, 736, 897, -287, -529, 817, 678, 136, -551, -649, -444, -473, 
-107, 800, 907, -346, -507, 854, 585, 195, -453, -556, -366, -400, 
-73, 858, 932, -392, -502, 895, 527, 224, -380, -488, -307, -346, 
-68, 888, 956, -409, -512, 922, 488, 209, -356, -463, -273, -322, 
-58, 912, 971, -427, -514, 941, 444, 175, -351, -453, -263, -307, 
-43, 951, 995, -453, -519, 973, 409, 141, -341, -453, -244, -287, 
-53, 961, 1015, -453, -534, 988, 409, 117, -331, -453, -244, -278, 
-58, 951, 1010, -446, -534, 980, 409, 117, -331, -453, -244, -278, 
-58, 961, 1019, -451, -539, 990, 395, 117, -331, -444, -239, -268, 
-63, 971, 1034, -453, -549, 1002, 385, 117, -322, -429, -229, -263, 
-63, 971, 1034, -453, -549, 1002, 385, 126, -312, -424, -214, -258, 
-58, 961, 1019, -451, -539, 990, 385, 126, -317, -414, -219, -258, 
-58, 961, 1019, -451, -539, 990, 395, 136, -312, -414, -219, -263, 
-58, 961, 1019, -451, -539, 990, 400, 131, -312, -414, -224, -268, 
-53, 961, 1015, -453, -534, 988, 400, 126, -312, -414, -224, -273, 
-63, 966, 1029, -451, -546, 997, 395, 126, -322, -424, -224, -268, 
-63, 971, 1034, -453, -549, 1002, 395, 122, -317, -424, -224, -268, 
-63, 976, 1039, -456, -551, 1007, 390, 122, -312, -419, -219, -268, 
-63, 980, 1044, -458, -553, 1012, 385, 122, -307, -414, -209, -268, 
-63, 985, 1049, -461, -556, 1017, 370, 131, -307, -419, -204, -268, 
-58, 985, 1044, -463, -551, 1015, 370, 131, -302, -419, -204, -263, 
-58, 985, 1044, -463, -551, 1015, 370, 131, -302, -419, -204, -253, 
-58, 985, 1044, -463, -551, 1015, 366, 131, -302, -409, -204, -253, 
-48, 990, 1039, -470, -544, 1015, 375, 131, -302, -400, -204, -253, 
-48, 995, 1044, -473, -546, 1019, 375, 131, -302, -405, -204, -253, 
-48, 1000, 1049, -475, -549, 1024, 375, 131, -302, -405, -204, -253, 
-48, 1005, 1054, -478, -551, 1029, 380, 131, -302, -405, -204, -258, 
-58, 1005, 1063, -473, -561, 1034, 390, 141, -292, -395, -195, -253, 
-58, 1005, 1063, -473, -561, 1034, 385, 141, -292, -395, -195, -248, 
-53, 1005, 1058, -475, -556, 1032, 385, 141, -283, -390, -195, -244, 
-53, 1005, 1058, -475, -556, 1032, 385, 141, -283, -390, -195, -239, 
-53, 1005, 1058, -475, -556, 1032, 395, 146, -283, -400, -195, -248, 
-53, 1000, 1054, -473, -553, 1027, 395, 136, -283, -400, -190, -248, 
-53, 995, 1049, -470, -551, 1022, 395, 136, -283, -395, -190, -248, 
-53, 990, 1044, -468, -549, 1017, 400, 136, -283, -395, -190, -248, 
-53, 1005, 1058, -475, -556, 1032, 390, 141, -278, -385, -190, -244, 
-53, 1010, 1063, -478, -558, 1037, 390, 141, -278, -385, -190, -244, 
-53, 1015, 1068, -480, -561, 1041, 390, 141, -278, -385, -190, -244, 
-58, 1019, 1078, -480, -568, 1049, 390, 141, -283, -385, -190, -244, 
-58, 1005, 1063, -473, -561, 1034, 400, 151, -283, -395, -200, -244, 
-58, 1005, 1063, -473, -561, 1034, 400, 151, -273, -390, -195, -244, 
-58, 1005, 1063, -473, -561, 1034, 400, 151, -273, -390, -195, -244, 
-53, 1005, 1058, -475, -556, 1032, 395, 146, -273, -390, -195, -244, 
-53, 1005, 1058, -475, -556, 1032, 395, 156, -273, -400, -200, -258, 
-53, 1005, 1058, -475, -556, 1032, 400, 156, -278, -400, -204, -263, 
-53, 1005, 1058, -475, -556, 1032, 405, 156, -283, -400, -209, -268, 
-53, 1005, 1058, -475, -556, 1032, 409, 156, -287, -400, -214, -273, 
-43, 1005, 1049, -480, -546, 1027, 409, 146, -278, -405, -214, -273, 
-43, 1005, 1049, -480, -546, 1027, 414, 151, -273, -405, -214, -273, 
-39, 1000, 1039, -480, -539, 1019, 414, 151, -273, -405, -214, -273, 
-39, 1000, 1039, -480, -539, 1019, 414, 156, -273, -405, -209, -273, 
-53, 1015, 1068, -480, -561, 1041, 424, 165, -273, -400, -200, -258, 
-53, 1015, 1068, -480, -561, 1041, 424, 165, -268, -395, -204, -253, 
-53, 1015, 1068, -480, -561, 1041, 424, 165, -263, -390, -204, -248, 
-58, 1015, 1073, -478, -566, 1044, 424, 175, -263, -380, -200, -244, 
-58, 1010, 1068, -475, -563, 1039, 424, 165, -258, -390, -209, -248, 
-58, 1010, 1068, -475, -563, 1039, 424, 165, -258, -390, -209, -253, 
-58, 1010, 1068, -475, -563, 1039, 424, 165, -258, -390, -209, -258, 
-58, 1015, 1073, -478, -566, 1044, 424, 170, -258, -385, -204, -263, 
-58, 1015, 1073, -478, -566, 1044, 434, 180, -253, -385, -204, -263, 
-53, 1015, 1068, -480, -561, 1041, 434, 185, -248, -385, -204, -263, 
-53, 1015, 1068, -480, -561, 1041, 434, 185, -248, -380, -204, -263, 
-48, 1015, 1063, -483, -556, 1039, 434, 190, -244, -380, -204, -263, 
-48, 1015, 1063, -483, -556, 1039, 434, 190, -253, -385, -209, -263, 
-53, 1015, 1068, -480, -561, 1041, 434, 190, -244, -375, -209, -263, 
-53, 1015, 1068, -480, -561, 1041, 434, 195, -244, -375, -209, -253, 
-53, 1015, 1068, -480, -561, 1041, 434, 200, -239, -375, -209, -253, 
-53, 1015, 1068, -480, -561, 1041, 444, 204, -224, -366, -204, -268, 
-53, 1010, 1063, -478, -558, 1037, 448, 209, -224, -366, -204, -268, 
-53, 1010, 1063, -478, -558, 1037, 448, 209, -224, -361, -204, -268, 
-53, 1019, 1073, -483, -563, 1046, 448, 214, -219, -351, -204, -268, 
-43, 1024, 1068, -490, -556, 1046, 439, 204, -224, -361, -195, -258, 
-39, 1024, 1063, -492, -551, 1044, 439, 209, -219, -361, -190, -258, 
-39, 1024, 1063, -492, -551, 1044, 444, 209, -214, -361, -190, -258, 
-43, 1024, 1068, -490, -556, 1046, 444, 214, -209, -351, -185, -253, 
-43, 1034, 1078, -495, -561, 1056, 453, 229, -204, -336, -180, -253, 
-39, 1034, 1073, -497, -556, 1054, 448, 234, -204, -331, -175, -253, 
-29, 1039, 1068, -505, -549, 1054, 448, 239, -200, -326, -175, -244, 
-24, 1039, 1063, -507, -544, 1051, 448, 244, -190, -322, -170, -244, 
-29, 1039, 1068, -505, -549, 1054, 453, 239, -175, -326, -180, -253, 
-34, 1039, 1073, -502, -553, 1056, 458, 244, -170, -326, -175, -253, 
-39, 1039, 1078, -500, -558, 1058, 463, 248, -165, -322, -175, -248, 
-43, 1044, 1088, -500, -566, 1066, 468, 258, -161, -317, -165, -248, 
-29, 1044, 1073, -507, -551, 1058, 458, 263, -161, -312, -170, -253, 
-29, 1039, 1068, -505, -549, 1054, 458, 278, -151, -307, -170, -253, 
-34, 1034, 1068, -500, -551, 1051, 458, 278, -141, -302, -165, -248, 
-34, 1034, 1068, -500, -551, 1051, 458, 283, -136, -292, -161, -244, 
-29, 1039, 1068, -505, -549, 1054, 468, 287, -131, -283, -151, -234, 
-24, 1039, 1063, -507, -544, 1051, 468, 292, -117, -278, -146, -234, 
-14, 1044, 1058, -514, -536, 1051, 468, 297, -107, -273, -141, -234, 
-14, 1049, 1063, -517, -539, 1056, 468, 302, -107, -268, -136, -234, 
-24, 1049, 1073, -512, -549, 1061, 468, 312, -97, -258, -136, -224, 
-14, 1049, 1063, -517, -539, 1056, 468, 326, -87, -248, -131, -224, 
-14, 1049, 1063, -517, -539, 1056, 468, 336, -78, -239, -126, -214, 
-14, 1049, 1063, -517, -539, 1056, 468, 346, -58, -229, -117, -214, 
-14, 1054, 1068, -519, -541, 1061, 478, 351, -58, -229, -122, -214, 
-9, 1058, 1068, -524, -539, 1063, 478, 361, -43, -219, -112, -209, 
0, 1063, 1063, -531, -531, 1063, 478, 370, -39, -209, -102, -204, 
0, 1073, 1073, -536, -536, 1073, 483, 390, -29, -200, -102, -200, 
-4, 1078, 1083, -536, -544, 1080, 492, 400, -4, -195, -97, -204, 
4, 1078, 1073, -541, -534, 1076, 492, 409, 9, -185, -87, -204, 
9, 1083, 1073, -546, -531, 1078, 492, 419, 24, -175, -78, -204, 
9, 1083, 1073, -546, -531, 1078, 492, 434, 34, -165, -73, -195, 
19, 1083, 1063, -551, -522, 1073, 488, 444, 48, -161, -73, -200, 
19, 1088, 1068, -553, -524, 1078, 488, 458, 58, -141, -68, -190, 
24, 1093, 1068, -558, -522, 1080, 488, 468, 68, -131, -58, -180, 
29, 1098, 1068, -563, -519, 1083, 483, 478, 82, -117, -53, -180, 
34, 1098, 1063, -566, -514, 1080, 483, 478, 87, -107, -39, -175, 
34, 1102, 1068, -568, -517, 1085, 483, 488, 102, -102, -39, -170, 
34, 1102, 1068, -568, -517, 1085, 483, 507, 122, -87, -24, -165, 
34, 1102, 1068, -568, -517, 1085, 483, 517, 141, -78, -14, -165, 
48, 1107, 1058, -578, -505, 1083, 483, 527, 146, -63, 0, -161, 
53, 1112, 1058, -583, -502, 1085, 483, 541, 161, -53, 9, -156, 
63, 1117, 1054, -590, -495, 1085, 483, 551, 175, -39, 9, -151, 
68, 1117, 1049, -592, -490, 1083, 483, 566, 190, -29, 19, -141, 
78, 1122, 1044, -600, -483, 1083, 488, 566, 200, -14, 29, -136, 
82, 1132, 1049, -607, -483, 1090, 488, 585, 214, -4, 39, -131, 
87, 1141, 1054, -614, -483, 1098, 488, 595, 229, 14, 43, -117, 
97, 1151, 1054, -624, -478, 1102, 488, 605, 244, 29, 53, -112, 
92, 1166, 1073, -629, -490, 1119, 478, 610, 244, 34, 53, -112, 
102, 1166, 1063, -634, -480, 1115, 478, 619, 258, 39, 63, -112, 
117, 1171, 1054, -644, -468, 1112, 478, 629, 273, 43, 73, -102, 
126, 1176, 1049, -651, -461, 1112, 478, 639, 278, 48, 78, -107, 
131, 1180, 1049, -656, -458, 1115, 478, 653, 292, 68, 92, -102, 
131, 1180, 1049, -656, -458, 1115, 478, 663, 312, 78, 97, -92, 
126, 1180, 1054, -653, -463, 1117, 478, 668, 322, 92, 102, -87, 
126, 1180, 1054, -653, -463, 1117, 468, 678, 336, 112, 117, -73, 
131, 1195, 1063, -663, -466, 1129, 468, 692, 341, 117, 122, -73, 
136, 1195, 1058, -666, -461, 1127, 468, 697, 346, 122, 131, -68, 
146, 1195, 1049, -671, -451, 1122, 468, 702, 361, 122, 131, -68, 
146, 1200, 1054, -673, -453, 1127, 473, 707, 361, 131, 136, -53, 
151, 1205, 1054, -678, -451, 1129, 468, 707, 366, 136, 151, -43, 
151, 1210, 1058, -680, -453, 1134, 463, 707, 370, 141, 156, -39, 
156, 1215, 1058, -685, -451, 1137, 463, 707, 375, 146, 161, -34, 
156, 1215, 1058, -685, -451, 1137, 463, 702, 370, 151, 165, -34, 
161, 1205, 1044, -683, -441, 1124, 448, 697, 351, 141, 156, -43, 
161, 1215, 1054, -688, -446, 1134, 444, 683, 341, 136, 156, -43, 
156, 1220, 1063, -688, -453, 1141, 439, 658, 341, 136, 156, -43, 
156, 1220, 1063, -688, -453, 1141, 434, 644, 331, 131, 151, -43, 
156, 1234, 1078, -695, -461, 1156, 429, 634, 312, 122, 141, -48, 
161, 1239, 1078, -700, -458, 1159, 424, 624, 287, 102, 136, -48, 
161, 1244, 1083, -702, -461, 1163, 424, 610, 273, 82, 131, -48, 
156, 1249, 1093, -702, -468, 1171, 424, 590, 248, 63, 131, -48, 
146, 1239, 1093, -692, -473, 1166, 429, 575, 234, 48, 107, -58, 
141, 1239, 1098, -690, -478, 1168, 429, 556, 204, 29, 97, -63, 
141, 1239, 1098, -690, -478, 1168, 429, 536, 185, 9, 87, -63, 
141, 1239, 1098, -690, -478, 1168, 429, 512, 165, -4, 78, -63, 
146, 1244, 1098, -695, -475, 1171, 429, 492, 136, -29, 73, -82, 
141, 1244, 1102, -692, -480, 1173, 429, 478, 117, -43, 53, -82, 
126, 1249, 1122, -688, -497, 1185, 434, 463, 92, -58, 39, -82, 
122, 1249, 1127, -685, -502, 1188, 434, 439, 68, -78, 24, -92, 
107, 1244, 1137, -675, -514, 1190, 434, 405, 34, -107, 14, -102, 
102, 1244, 1141, -673, -519, 1193, 434, 380, 9, -141, 4, -107, 
92, 1244, 1151, -668, -529, 1198, 434, 361, -14, -156, -4, -117, 
92, 1239, 1146, -666, -527, 1193, 434, 346, -39, -170, -14, -122, 
73, 1234, 1161, -653, -544, 1198, 424, 331, -48, -180, -34, -117, 
68, 1229, 1161, -649, -546, 1195, 424, 312, -68, -200, -43, -126, 
63, 1224, 1161, -644, -549, 1193, 429, 297, -87, -214, -53, -126, 
53, 1224, 1171, -639, -558, 1198, 429, 287, -102, -229, -68, -131, 
53, 1210, 1156, -631, -551, 1183, 429, 273, -122, -248, -82, -146, 
48, 1205, 1156, -627, -553, 1180, 429, 258, -141, -263, -87, -151, 
34, 1205, 1171, -619, -568, 1188, 429, 248, -151, -283, -97, -156, 
34, 1205, 1171, -619, -568, 1188, 429, 244, -165, -297, -102, -161, 
34, 1205, 1171, -619, -568, 1188, 439, 224, -190, -312, -122, -170, 
34, 1200, 1166, -617, -566, 1183, 439, 219, -204, -322, -131, -180, 
34, 1195, 1161, -614, -563, 1178, 439, 214, -209, -326, -141, -185, 
34, 1190, 1156, -612, -561, 1173, 439, 204, -214, -331, -141, -185, 
24, 1195, 1171, -610, -573, 1183, 429, 200, -224, -346, -151, -190, 
19, 1190, 1171, -605, -575, 1180, 429, 190, -229, -356, -156, -195, 
9, 1185, 1176, -597, -583, 1180, 429, 185, -239, -361, -161, -204, 
0, 1180, 1180, -590, -590, 1180, 429, 180, -248, -361, -161, -214, 
9, 1180, 1171, -595, -580, 1176, 434, 175, -253, -375, -175, -204, 
9, 1180, 1171, -595, -580, 1176, 439, 175, -258, -380, -175, -204, 
4, 1180, 1176, -592, -585, 1178, 444, 170, -263, -380, -180, -214, 
0, 1180, 1180, -590, -590, 1180, 448, 170, -268, -380, -180, -214, 
-9, 1180, 1190, -585, -600, 1185, 448, 165, -268, -385, -175, -214, 
-9, 1176, 1185, -583, -597, 1180, 453, 165, -268, -390, -175, -214, 
-9, 1166, 1176, -578, -592, 1171, 458, 165, -273, -395, -180, -219, 
-14, 1156, 1171, -570, -592, 1163, 458, 165, -278, -395, -185, -224, 
-4, 1161, 1166, -578, -585, 1163, 448, 161, -278, -395, -180, -229, 
-4, 1161, 1166, -578, -585, 1163, 448, 161, -273, -395, -180, -229, 
-9, 1166, 1176, -578, -592, 1171, 448, 161, -278, -395, -185, -229, 
-9, 1180, 1190, -585, -600, 1185, 448, 161, -273, -395, -185, -229, 
-4, 1180, 1185, -588, -595, 1183, 458, 156, -283, -400, -195, -229, 
-4, 1171, 1176, -583, -590, 1173, 458, 156, -283, -400, -195, -229, 
-4, 1171, 1176, -583, -590, 1173, 458, 156, -283, -400, -195, -229, 
-4, 1176, 1180, -585, -592, 1178, 458, 161, -283, -400, -190, -229, 
0, 1166, 1166, -583, -583, 1166, 448, 161, -283, -409, -200, -239, 
0, 1171, 1171, -585, -585, 1171, 453, 156, -287, -409, -200, -239, 
0, 1171, 1171, -585, -585, 1171, 453, 156, -292, -409, -200, -239, 
0, 1171, 1171, -585, -585, 1171, 453, 161, -297, -409, -200, -244, 
0, 1180, 1180, -590, -590, 1180, 453, 151, -297, -419, -209, -253, 
0, 1176, 1176, -588, -588, 1176, 448, 151, -297, -419, -209, -253, 
0, 1171, 1171, -585, -585, 1171, 448, 146, -297, -419, -214, -253, 
-4, 1166, 1171, -580, -588, 1168, 448, 146, -297, -419, -219, -253, 
-9, 1166, 1176, -578, -592, 1171, 458, 146, -292, -414, -219, -244, 
-9, 1171, 1180, -580, -595, 1176, 458, 146, -292, -414, -219, -248, 
-9, 1171, 1180, -580, -595, 1176, 458, 151, -292, -419, -219, -248, 
-9, 1176, 1185, -583, -597, 1180, 458, 151, -292, -419, -219, -244, 
-19, 1185, 1205, -583, -612, 1195, 458, 151, -292, -414, -209, -234, 
-14, 1185, 1200, -585, -607, 1193, 458, 151, -292, -414, -209, -234, 
-14, 1185, 1200, -585, -607, 1193, 458, 151, -292, -409, -209, -234, 
-14, 1185, 1200, -585, -607, 1193, 458, 151, -292, -409, -209, -234, 
-9, 1195, 1205, -592, -607, 1200, 453, 151, -292, -419, -209, -244, 
-9, 1195, 1205, -592, -607, 1200, 453, 151, -292, -419, -209, -244, 
-14, 1195, 1210, -590, -612, 1202, 453, 151, -292, -419, -209, -239, 
-14, 1195, 1210, -590, -612, 1202, 453, 151, -287, -419, -209, -239, 
0, 1185, 1185, -592, -592, 1185, 453, 151, -287, -419, -219, -248, 
0, 1185, 1185, -592, -592, 1185, 453, 151, -292, -419, -219, -248, 
0, 1185, 1185, -592, -592, 1185, 453, 151, -297, -424, -219, -248, 
0, 1185, 1185, -592, -592, 1185, 453, 151, -297, -424, -219, -253, 
-9, 1185, 1195, -588, -602, 1190, 453, 141, -297, -419, -229, -253, 
-9, 1185, 1195, -588, -602, 1190, 453, 146, -297, -419, -224, -253, 
-9, 1185, 1195, -588, -602, 1190, 453, 146, -297, -419, -224, -253, 
-9, 1185, 1195, -588, -602, 1190, 453, 141, -297, -419, -224, -253, 
-9, 1195, 1205, -592, -607, 1200, 458, 141, -287, -419, -224, -263, 
-4, 1195, 1200, -595, -602, 1198, 458, 146, -287, -419, -224, -263, 
-4, 1195, 1200, -595, -602, 1198, 463, 146, -287, -419, -224, -263, 
-9, 1195, 1205, -592, -607, 1200, 463, 146, -287, -419, -224, -263, 
0, 1205, 1205, -602, -602, 1205, 458, 151, -287, -419, -214, -253, 
0, 1205, 1205, -602, -602, 1205, 458, 156, -287, -419, -214, -253, 
-4, 1205, 1210, -600, -607, 1207, 458, 161, -287, -419, -214, -253, 
-4, 1205, 1210, -600, -607, 1207, 458, 165, -287, -419, -214, -253, 
-9, 1195, 1205, -592, -607, 1200, 468, 165, -287, -419, -224, -253, 
-14, 1190, 1205, -588, -610, 1198, 468, 165, -287, -419, -229, -253, 
-19, 1190, 1210, -585, -614, 1200, 468, 165, -287, -419, -229, -253, 
-24, 1195, 1220, -585, -622, 1207, 468, 165, -287, -419, -224, -253, 
-24, 1195, 1220, -585, -622, 1207, 458, 165, -297, -429, -234, -263, 
-24, 1195, 1220, -585, -622, 1207, 458, 161, -297, -429, -234, -263, 
-24, 1190, 1215, -583, -619, 1202, 458, 156, -297, -429, -234, -263, 
-24, 1185, 1210, -580, -617, 1198, 458, 146, -297, -429, -234, -263, 
-14, 1195, 1210, -590, -612, 1202, 458, 156, -287, -419, -229, -253, 
-14, 1195, 1210, -590, -612, 1202, 458, 156, -287, -419, -224, -253, 
-14, 1195, 1210, -590, -612, 1202, 453, 156, -287, -419, -219, -253, 
-14, 1195, 1210, -590, -612, 1202, 453, 156, -287, -419, -214, -253, 
-9, 1210, 1220, -600, -614, 1215, 458, 156, -297, -419, -224, -253, 
-4, 1210, 1215, -602, -610, 1212, 458, 156, -297, -419, -224, -253, 
0, 1205, 1205, -602, -602, 1205, 458, 156, -297, -424, -224, -253, 
4, 1205, 1200, -605, -597, 1202, 458, 156, -297, -424, -234, -253, 
-4, 1215, 1220, -605, -612, 1217, 458, 156, -312, -429, -239, -258, 
-4, 1215, 1220, -605, -612, 1217, 458, 156, -312, -434, -239, -263, 
-4, 1215, 1220, -605, -612, 1217, 458, 156, -312, -434, -244, -268, 
-4, 1215, 1220, -605, -612, 1217, 458, 156, -312, -439, -248, -273, 
-14, 1215, 1229, -600, -622, 1222, 448, 151, -312, -444, -239, -283, 
-14, 1205, 1220, -595, -617, 1212, 448, 146, -312, -444, -244, -283, 
-14, 1205, 1220, -595, -617, 1212, 448, 136, -312, -444, -244, -283, 
-14, 1210, 1224, -597, -619, 1217, 444, 131, -312, -444, -244, -283, 
-4, 1220, 1224, -607, -614, 1222, 444, 131, -312, -444, -244, -273, 
-4, 1220, 1224, -607, -614, 1222, 448, 131, -312, -439, -239, -273, 
-4, 1220, 1224, -607, -614, 1222, 448, 131, -307, -439, -239, -273, 
-4, 1220, 1224, -607, -614, 1222, 448, 131, -307, -444, -239, -273, 
-4, 1229, 1234, -612, -619, 1232, 448, 136, -307, -444, -239, -273, 
-4, 1229, 1234, -612, -619, 1232, 448, 136, -307, -444, -244, -273, 
-4, 1229, 1234, -612, -619, 1232, 448, 126, -317, -444, -244, -273, 
-4, 1229, 1234, -612, -619, 1232, 444, 122, -322, -439, -244, -273, 
-9, 1229, 1239, -610, -624, 1234, 444, 122, -312, -439, -244, -263, 
-9, 1229, 1239, -610, -624, 1234, 444, 122, -312, -448, -248, -268, 
-9, 1229, 1239, -610, -624, 1234, 444, 126, -312, -448, -248, -268, 
-9, 1229, 1239, -610, -624, 1234, 444, 126, -312, -444, -248, -268, 
-19, 1239, 1259, -610, -639, 1249, 434, 126, -322, -453, -248, -278, 
-19, 1239, 1259, -610, -639, 1249, 434, 126, -322, -453, -248, -278, 
-19, 1239, 1259, -610, -639, 1249, 434, 126, -326, -453, -248, -278, 
-19, 1239, 1259, -610, -639, 1249, 434, 122, -326, -453, -248, -278, 
-14, 1239, 1254, -612, -634, 1246, 424, 112, -326, -453, -258, -278, 
-9, 1239, 1249, -614, -629, 1244, 424, 112, -326, -458, -258, -278, 
-9, 1239, 1249, -614, -629, 1244, 424, 112, -322, -463, -258, -278, 
-4, 1239, 1244, -617, -624, 1241, 424, 107, -322, -463, -258, -278, 
-14, 1229, 1244, -607, -629, 1237, 424, 112, -322, -458, -248, -278, 
-14, 1229, 1244, -607, -629, 1237, 429, 112, -322, -458, -248, -278, 
-14, 1229, 1244, -607, -629, 1237, 434, 112, -326, -468, -253, -278, 
-14, 1229, 1244, -607, -629, 1237, 434, 112, -326, -468, -253, -278, 
-24, 1229, 1254, -602, -639, 1241, 439, 122, -326, -453, -253, -278, 
-19, 1229, 1249, -605, -634, 1239, 439, 117, -331, -458, -263, -273, 
-29, 1220, 1249, -595, -639, 1234, 429, 107, -341, -468, -273, -278, 
-29, 1220, 1249, -595, -639, 1234, 429, 107, -341, -468, -273, -283, 
-29, 1220, 1249, -595, -639, 1234, 429, 107, -341, -468, -273, -287, 
-29, 1220, 1249, -595, -639, 1234, 429, 107, -341, -468, -273, -292, 
-34, 1215, 1249, -590, -641, 1232, 439, 92, -351, -473, -283, -297, 
-34, 1215, 1249, -590, -641, 1232, 439, 92, -351, -483, -283, -302, 
-24, 1210, 1234, -592, -629, 1222, 439, 92, -356, -488, -287, -317, 
-24, 1210, 1234, -592, -629, 1222, 439, 92, -361, -492, -287, -322, 
-29, 1190, 1220, -580, -624, 1205, 429, 82, -366, -492, -292, -322, 
-29, 1185, 1215, -578, -622, 1200, 429, 87, -366, -497, -302, -326, 
-29, 1185, 1215, -578, -622, 1200, 429, 87, -370, -502, -307, -326, 
-29, 1185, 1215, -578, -622, 1200, 429, 87, -380, -507, -307, -326, 
-39, 1180, 1220, -570, -629, 1200, 429, 87, -390, -517, -307, -331, 
-39, 1180, 1220, -570, -629, 1200, 429, 87, -390, -512, -307, -331, 
-39, 1176, 1215, -568, -627, 1195, 429, 87, -385, -512, -302, -326, 
-39, 1176, 1215, -568, -627, 1195, 429, 92, -380, -517, -302, -326, 
-39, 1171, 1210, -566, -624, 1190, 429, 82, -390, -527, -312, -336, 
-39, 1166, 1205, -563, -622, 1185, 429, 82, -390, -527, -317, -336, 
-39, 1161, 1200, -561, -619, 1180, 439, 82, -390, -527, -317, -341, 
-39, 1156, 1195, -558, -617, 1176, 439, 87, -390, -527, -317, -341, 
-29, 1146, 1176, -558, -602, 1161, 439, 78, -400, -527, -326, -346, 
-24, 1151, 1176, -563, -600, 1163, 439, 82, -400, -527, -326, -346, 
-19, 1156, 1176, -568, -597, 1166, 439, 78, -405, -531, -322, -346, 
-14, 1156, 1171, -570, -592, 1163, 444, 82, -395, -527, -322, -336, 
-9, 1156, 1166, -573, -588, 1161, 439, 73, -409, -527, -317, -331, 
-9, 1166, 1176, -578, -592, 1171, 439, 73, -405, -531, -317, -341, 
-14, 1166, 1180, -575, -597, 1173, 439, 73, -405, -541, -322, -346, 
-14, 1161, 1176, -573, -595, 1168, 439, 73, -400, -536, -326, -356, 
-19, 1146, 1166, -563, -592, 1156, 434, 78, -400, -536, -331, -356, 
-24, 1141, 1166, -558, -595, 1154, 429, 78, -405, -541, -331, -351, 
-29, 1137, 1166, -553, -597, 1151, 419, 73, -409, -541, -331, -356, 
-34, 1137, 1171, -551, -602, 1154, 414, 73, -409, -546, -331, -366, 
-24, 1151, 1176, -563, -600, 1163, 409, 68, -414, -546, -341, -356, 
-14, 1156, 1171, -570, -592, 1163, 400, 68, -414, -546, -341, -351, 
-9, 1156, 1166, -573, -588, 1161, 390, 68, -414, -546, -341, -351, 
-9, 1156, 1166, -573, -588, 1161, 385, 68, -419, -546, -341, -351, 
-9, 1171, 1180, -580, -595, 1176, 375, 58, -409, -536, -326, -341, 
-14, 1171, 1185, -578, -600, 1178, 375, 63, -405, -531, -317, -341, 
-19, 1176, 1195, -578, -607, 1185, 370, 63, -400, -527, -322, -341, 
-19, 1185, 1205, -583, -612, 1195, 366, 53, -405, -531, -317, -346, 
-9, 1210, 1220, -600, -614, 1215, 370, 58, -390, -531, -312, -341, 
-14, 1224, 1239, -605, -627, 1232, 370, 63, -385, -522, -307, -331, 
-14, 1234, 1249, -610, -631, 1241, 366, 63, -400, -517, -307, -322, 
-9, 1239, 1249, -614, -629, 1244, 370, 68, -405, -522, -317, -312, 
-9, 1239, 1249, -614, -629, 1244, 375, 58, -405, -517, -312, -307, 
-9, 1249, 1259, -619, -634, 1254, 380, 58, -395, -517, -312, -322, 
-9, 1254, 1263, -622, -636, 1259, 380, 53, -395, -512, -312, -326, 
-9, 1263, 1273, -627, -641, 1268, 380, 53, -390, -512, -312, -331, 
-19, 1244, 1263, -612, -641, 1254, 380, 53, -390, -522, -317, -341, 
-19, 1239, 1259, -610, -639, 1249, 385, 48, -390, -522, -317, -341, 
-19, 1239, 1259, -610, -639, 1249, 385, 43, -390, -522, -317, -341, 
-19, 1234, 1254, -607, -636, 1244, 385, 39, -390, -522, -317, -341, 
-29, 1224, 1254, -597, -641, 1239, 375, 34, -409, -546, -336, -356, 
-34, 1215, 1249, -590, -641, 1232, 375, 34, -414, -556, -346, -361, 
-34, 1205, 1239, -585, -636, 1222, 375, 29, -424, -561, -351, -361, 
-34, 1195, 1229, -580, -631, 1212, 380, 24, -429, -561, -356, -361, 
-39, 1190, 1229, -575, -634, 1210, 390, 29, -424, -561, -356, -366, 
-39, 1185, 1224, -573, -631, 1205, 390, 34, -424, -566, -351, -370, 
-34, 1176, 1210, -570, -622, 1193, 390, 34, -424, -566, -351, -375, 
-34, 1166, 1200, -566, -617, 1183, 390, 24, -424, -561, -351, -375, 
-9, 1180, 1190, -585, -600, 1185, 375, 29, -424, -551, -351, -375, 
-4, 1180, 1185, -588, -595, 1183, 375, 29, -429, -551, -351, -375, 
0, 1176, 1176, -588, -588, 1176, 375, 34, -429, -551, -361, -380, 
4, 1180, 1176, -592, -585, 1178, 375, 39, -429, -556, -361, -380, 
9, 1190, 1180, -600, -585, 1185, 375, 48, -424, -551, -351, -375, 
14, 1195, 1180, -605, -583, 1188, 375, 48, -409, -546, -346, -366, 
19, 1200, 1180, -610, -580, 1190, 380, 53, -400, -536, -336, -361, 
19, 1200, 1180, -610, -580, 1190, 380, 53, -395, -531, -331, -356, 
9, 1190, 1180, -600, -585, 1185, 375, 43, -405, -541, -336, -366, 
9, 1185, 1176, -597, -583, 1180, 380, 43, -409, -546, -336, -366, 
14, 1185, 1171, -600, -578, 1178, 380, 43, -414, -551, -341, -366, 
19, 1185, 1166, -602, -573, 1176, 380, 43, -414, -556, -346, -366, 
19, 1205, 1185, -612, -583, 1195, 375, 43, -405, -546, -341, -361, 
9, 1215, 1205, -612, -597, 1210, 380, 48, -400, -536, -336, -356, 
0, 1224, 1224, -612, -612, 1224, 380, 48, -395, -531, -326, -346, 
0, 1234, 1234, -617, -617, 1234, 380, 48, -395, -527, -322, -341, 
9, 1259, 1249, -634, -619, 1254, 370, 43, -385, -522, -322, -336, 
4, 1268, 1263, -636, -629, 1266, 370, 43, -390, -522, -317, -331, 
0, 1278, 1278, -639, -639, 1278, 370, 43, -395, -517, -312, -326, 
0, 1288, 1288, -644, -644, 1288, 370, 48, -395, -512, -307, -322, 
-9, 1302, 1312, -646, -661, 1307, 380, 48, -385, -507, -292, -317, 
-14, 1307, 1322, -646, -668, 1315, 380, 48, -375, -502, -292, -317, 
-14, 1317, 1332, -651, -673, 1324, 380, 48, -366, -497, -292, -312, 
-14, 1317, 1332, -651, -673, 1324, 380, 48, -356, -492, -292, -307, 
-14, 1307, 1322, -646, -668, 1315, 390, 58, -361, -492, -287, -307, 
-24, 1302, 1327, -639, -675, 1315, 390, 58, -361, -492, -287, -317, 
-24, 1298, 1322, -636, -673, 1310, 405, 53, -356, -497, -297, -317, 
-29, 1298, 1327, -634, -678, 1312, 400, 48, -356, -488, -292, -317, 
-19, 1307, 1327, -644, -673, 1317, 405, 63, -351, -478, -283, -317, 
-9, 1317, 1327, -653, -668, 1322, 405, 68, -336, -468, -283, -317, 
-9, 1317, 1327, -653, -668, 1322, 409, 82, -322, -463, -278, -317, 
-29, 1302, 1332, -636, -680, 1317, 429, 97, -312, -444, -268, -317, 
-48, 1288, 1337, -619, -692, 1312, 439, 122, -287, -439, -263, -317, 
-48, 1283, 1332, -617, -690, 1307, 448, 146, -263, -414, -253, -317, 
-43, 1273, 1317, -614, -680, 1295, 439, 151, -244, -390, -229, -287, 
-34, 1273, 1307, -619, -671, 1290, 434, 146, -229, -375, -214, -263, 
-19, 1268, 1288, -624, -653, 1278, 429, 170, -200, -346, -190, -253, 
9, 1278, 1268, -644, -629, 1273, 424, 214, -146, -287, -141, -219, 
39, 1288, 1249, -663, -605, 1268, 414, 268, -78, -219, -87, -175, 
58, 1307, 1249, -683, -595, 1278, 400, 336, 19, -131, 0, -107, 
102, 1371, 1268, -736, -583, 1320, 375, 414, 131, 4, 131, 9, 
165, 1478, 1312, -822, -573, 1395, 346, 463, 253, 126, 273, 161, 
229, 1561, 1332, -895, -551, 1446, 297, 492, 312, 219, 390, 283, 
292, 1659, 1366, -976, -536, 1512, 234, 483, 351, 302, 497, 409, 
356, 1786, 1429, -1071, -536, 1607, 165, 448, 390, 380, 624, 546, 
419, 1878, 1459, -1149, -519, 1668, 117, 414, 419, 448, 707, 649, 
488, 1922, 1434, -1205, -473, 1678, 63, 385, 395, 463, 746, 697, 
570, 1903, 1332, -1237, -380, 1617, 4, 375, 336, 448, 746, 717, 
663, 1844, 1180, -1254, -258, 1512, -29, 405, 283, 414, 707, 668, 
732, 1776, 1044, -1254, -156, 1410, -53, 414, 195, 351, 614, 561, 
780, 1717, 936, -1249, -78, 1327, -68, 366, 48, 204, 463, 419, 
761, 1654, 893, -1207, -65, 1273, -68, 248, -161, -9, 273, 253, 
673, 1605, 932, -1139, -129, 1268, -39, 68, -405, -268, 53, 87, 
507, 1546, 1039, -1027, -265, 1293, 43, -156, -702, -600, -229, -112, 
326, 1424, 1098, -875, -385, 1261, 156, -356, -1049, -1000, -580, -375, 
219, 1278, 1058, -749, -419, 1168, 248, -458, -1322, -1332, -907, -639, 
180, 1210, 1029, -695, -424, 1119, 317, -463, -1424, -1473, -1068, -775, 
102, 1224, 1122, -663, -509, 1173, 390, -453, -1356, -1449, -1068, -790, 
14, 1273, 1259, -644, -622, 1266, 488, -405, -1239, -1351, -1005, -766, 
-39, 1283, 1322, -622, -680, 1302, 575, -317, -1141, -1268, -951, -746, 
-78, 1259, 1337, -590, -707, 1298, 653, -273, -1098, -1224, -922, -746, 
-126, 1220, 1346, -546, -736, 1283, 707, -258, -1088, -1224, -932, -771, 
-161, 1185, 1346, -512, -753, 1266, 746, -248, -1088, -1220, -932, -780, 
-180, 1171, 1351, -495, -766, 1261, 771, -244, -1078, -1215, -932, -800, 
-204, 1166, 1371, -480, -788, 1268, 785, -244, -1083, -1215, -941, -819, 
-224, 1146, 1371, -461, -797, 1259, 805, -224, -1068, -1210, -936, -834, 
-229, 1078, 1307, -424, -768, 1193, 834, -195, -1039, -1185, -927, -839, 
-229, 980, 1210, -375, -719, 1095, 849, -146, -1010, -1146, -917, -839, 
-244, 932, 1176, -344, -710, 1054, 873, -107, -961, -1112, -883, -819, 
-248, 912, 1161, -331, -705, 1037, 873, -82, -902, -1054, -839, -795, 
-258, 922, 1180, -331, -719, 1051, 873, -68, -849, -995, -785, -766, 
-248, 961, 1210, -356, -729, 1085, 849, -39, -771, -932, -727, -727, 
-209, 1039, 1249, -414, -729, 1144, 805, 29, -673, -824, -649, -649, 
-141, 1107, 1249, -483, -695, 1178, 707, 107, -561, -717, -561, -570, 
-87, 1180, 1268, -546, -678, 1224, 605, 156, -483, -634, -483, -497, 
-53, 1220, 1273, -583, -663, 1246, 546, 175, -429, -575, -424, -444, 
-48, 1239, 1288, -595, -668, 1263, 517, 170, -385, -541, -380, -409, 
-48, 1273, 1322, -612, -685, 1298, 473, 136, -351, -531, -361, -395, 
-34, 1312, 1346, -639, -690, 1329, 439, 102, -351, -522, -351, -385, 
-34, 1312, 1346, -639, -690, 1329, 448, 97, -351, -522, -341, -385, 
-43, 1322, 1366, -639, -705, 1344, 453, 87, -351, -522, -351, -380, 
-39, 1332, 1371, -646, -705, 1351, 434, 87, -351, -512, -346, -366, 
-39, 1342, 1381, -651, -710, 1361, 419, 87, -341, -497, -336, -356, 
-34, 1342, 1376, -653, -705, 1359, 414, 97, -331, -492, -322, -346, 
-24, 1332, 1356, -653, -690, 1344, 409, 97, -331, -483, -326, -346, 
-29, 1332, 1361, -651, -695, 1346, 414, 107, -331, -483, -326, -351, 
-34, 1332, 1366, -649, -700, 1349, 414, 102, -336, -483, -331, -356, 
-34, 1332, 1366, -649, -700, 1349, 409, 97, -341, -483, -331, -361, 
-34, 1332, 1366, -649, -700, 1349, 405, 97, -331, -492, -322, -356, 
-34, 1332, 1366, -649, -700, 1349, 405, 92, -326, -492, -322, -356, 
-34, 1332, 1366, -649, -700, 1349, 400, 92, -322, -488, -317, -356, 
-34, 1332, 1366, -649, -700, 1349, 395, 92, -317, -483, -307, -356, 
-39, 1337, 1376, -649, -707, 1356, 390, 92, -317, -468, -302, -346, 
-39, 1337, 1376, -649, -707, 1356, 390, 92, -312, -468, -302, -341, 
-43, 1337, 1381, -646, -712, 1359, 390, 92, -312, -468, -302, -331, 
-48, 1337, 1385, -644, -717, 1361, 385, 92, -312, -458, -302, -331, 
-48, 1332, 1381, -641, -714, 1356, 385, 92, -312, -458, -302, -341, 
-48, 1337, 1385, -644, -717, 1361, 385, 92, -312, -463, -302, -341, 
-48, 1342, 1390, -646, -719, 1366, 385, 92, -312, -463, -302, -341, 
-48, 1346, 1395, -649, -722, 1371, 390, 92, -312, -463, -302, -346, 
-48, 1346, 1395, -649, -722, 1371, 385, 82, -312, -473, -312, -356, 
-48, 1346, 1395, -649, -722, 1371, 375, 82, -312, -473, -312, -356, 
-43, 1346, 1390, -651, -717, 1368, 370, 82, -302, -468, -312, -356, 
-43, 1346, 1390, -651, -717, 1368, 366, 82, -302, -468, -312, -356, 
-34, 1356, 1390, -661, -712, 1373, 366, 87, -302, -458, -302, -351, 
-34, 1351, 1385, -658, -710, 1368, 366, 78, -302, -458, -297, -346, 
-34, 1346, 1381, -656, -707, 1363, 366, 78, -302, -453, -297, -341, 
-34, 1342, 1376, -653, -705, 1359, 370, 78, -302, -453, -297, -336, 
-43, 1351, 1395, -653, -719, 1373, 370, 92, -307, -463, -307, -341, 
-43, 1351, 1395, -653, -719, 1373, 370, 92, -307, -463, -307, -341, 
-43, 1351, 1395, -653, -719, 1373, 370, 92, -307, -463, -307, -341, 
-48, 1351, 1400, -651, -724, 1376, 370, 92, -312, -463, -307, -341, 
-48, 1346, 1395, -649, -722, 1371, 370, 92, -322, -473, -312, -346, 
-48, 1346, 1395, -649, -722, 1371, 370, 92, -312, -468, -312, -351, 
-48, 1346, 1395, -649, -722, 1371, 370, 92, -312, -468, -317, -356, 
-43, 1346, 1390, -651, -717, 1368, 366, 87, -312, -468, -322, -361, 
-34, 1356, 1390, -661, -712, 1373, 361, 97, -297, -468, -322, -361, 
-34, 1356, 1390, -661, -712, 1373, 361, 97, -297, -468, -322, -361, 
-34, 1356, 1390, -661, -712, 1373, 361, 97, -297, -468, -322, -361, 
-34, 1356, 1390, -661, -712, 1373, 361, 97, -297, -468, -322, -361, 
-43, 1356, 1400, -656, -722, 1378, 351, 87, -307, -463, -322, -361, 
-43, 1356, 1400, -656, -722, 1378, 356, 92, -302, -463, -322, -361, 
-39, 1351, 1390, -656, -714, 1371, 356, 92, -302, -463, -322, -361, 
-39, 1351, 1390, -656, -714, 1371, 356, 97, -302, -463, -317, -361, 
-43, 1346, 1390, -651, -717, 1368, 356, 97, -292, -463, -307, -351, 
-43, 1346, 1390, -651, -717, 1368, 356, 97, -287, -463, -312, -351, 
-43, 1346, 1390, -651, -717, 1368, 356, 97, -283, -463, -312, -351, 
-48, 1346, 1395, -649, -722, 1371, 356, 107, -283, -458, -307, -351, 
-39, 1346, 1385, -653, -712, 1366, 356, 107, -278, -448, -307, -361, 
-39, 1351, 1390, -656, -714, 1371, 356, 107, -278, -448, -307, -361, 
-39, 1356, 1395, -658, -717, 1376, 356, 107, -278, -448, -307, -361, 
-39, 1366, 1405, -663, -722, 1385, 356, 112, -278, -444, -302, -361, 
-48, 1366, 1415, -658, -732, 1390, 356, 112, -283, -453, -302, -351, 
-43, 1366, 1410, -661, -727, 1388, 356, 117, -278, -453, -302, -351, 
-43, 1366, 1410, -661, -727, 1388, 356, 117, -278, -448, -302, -351, 
-39, 1366, 1405, -663, -722, 1385, 356, 122, -273, -448, -302, -351, 
-29, 1366, 1395, -668, -712, 1381, 346, 112, -273, -444, -287, -361, 
-34, 1366, 1400, -666, -717, 1383, 346, 112, -263, -434, -287, -361, 
-34, 1366, 1400, -666, -717, 1383, 346, 117, -263, -434, -287, -351, 
-34, 1366, 1400, -666, -717, 1383, 346, 122, -258, -434, -287, -351, 
-34, 1366, 1400, -666, -717, 1383, 336, 126, -244, -424, -292, -346, 
-34, 1361, 1395, -663, -714, 1378, 341, 131, -244, -424, -292, -346, 
-34, 1361, 1395, -663, -714, 1378, 341, 131, -244, -419, -292, -346, 
-34, 1371, 1405, -668, -719, 1388, 341, 136, -239, -409, -292, -346, 
-24, 1371, 1395, -673, -710, 1383, 341, 146, -234, -409, -292, -346, 
-19, 1366, 1385, -673, -702, 1376, 341, 151, -229, -409, -287, -346, 
-19, 1361, 1381, -671, -700, 1371, 346, 151, -224, -409, -287, -346, 
-24, 1356, 1381, -666, -702, 1368, 346, 156, -219, -400, -283, -341, 
-34, 1346, 1381, -656, -707, 1363, 346, 151, -224, -405, -287, -351, 
-29, 1346, 1376, -658, -702, 1361, 341, 156, -224, -400, -283, -351, 
-19, 1351, 1371, -666, -695, 1361, 341, 161, -219, -395, -283, -341, 
-14, 1351, 1366, -668, -690, 1359, 341, 165, -209, -390, -278, -341, 
-24, 1361, 1385, -668, -705, 1373, 341, 161, -204, -385, -268, -331, 
-24, 1361, 1385, -668, -705, 1373, 341, 165, -200, -385, -263, -331, 
-24, 1361, 1385, -668, -705, 1373, 341, 170, -195, -380, -263, -326, 
-24, 1366, 1390, -671, -707, 1378, 341, 180, -190, -375, -253, -326, 
-9, 1371, 1381, -680, -695, 1376, 331, 195, -180, -361, -248, -331, 
-9, 1371, 1381, -680, -695, 1376, 331, 209, -170, -356, -248, -331, 
-14, 1371, 1385, -678, -700, 1378, 331, 209, -161, -351, -244, -326, 
-14, 1376, 1390, -680, -702, 1383, 331, 214, -156, -341, -239, -322, 
-9, 1381, 1390, -685, -700, 1385, 341, 219, -141, -331, -239, -322, 
-4, 1381, 1385, -688, -695, 1383, 341, 224, -126, -326, -234, -322, 
4, 1385, 1381, -695, -688, 1383, 341, 229, -117, -322, -229, -322, 
4, 1390, 1385, -697, -690, 1388, 341, 234, -117, -317, -224, -322, 
4, 1390, 1385, -697, -690, 1388, 331, 234, -107, -307, -224, -322, 
14, 1390, 1376, -702, -680, 1383, 331, 248, -97, -297, -219, -322, 
14, 1390, 1376, -702, -680, 1383, 331, 258, -87, -287, -214, -312, 
14, 1390, 1376, -702, -680, 1383, 331, 268, -68, -278, -204, -312, 
9, 1390, 1381, -700, -685, 1385, 331, 273, -68, -278, -209, -302, 
9, 1390, 1381, -700, -685, 1385, 331, 283, -53, -268, -200, -297, 
14, 1390, 1376, -702, -680, 1383, 331, 292, -48, -258, -190, -292, 
9, 1395, 1385, -702, -688, 1390, 336, 312, -39, -248, -190, -287, 
4, 1410, 1405, -707, -700, 1407, 336, 312, -24, -234, -180, -283, 
14, 1410, 1395, -712, -690, 1403, 336, 322, -9, -224, -165, -283, 
19, 1415, 1395, -717, -688, 1405, 336, 331, 4, -214, -151, -283, 
19, 1415, 1395, -717, -688, 1405, 336, 346, 14, -204, -141, -273, 
34, 1424, 1390, -729, -678, 1407, 336, 351, 29, -200, -136, -278, 
39, 1429, 1390, -734, -675, 1410, 331, 370, 39, -180, -136, -268, 
48, 1434, 1385, -741, -668, 1410, 326, 385, 48, -170, -131, -258, 
58, 1439, 1381, -749, -661, 1410, 317, 400, 63, -156, -131, -258, 
73, 1444, 1371, -758, -649, 1407, 326, 419, 87, -146, -117, -253, 
73, 1454, 1381, -763, -653, 1417, 326, 429, 102, -141, -117, -248, 
73, 1459, 1385, -766, -656, 1422, 326, 448, 122, -126, -102, -244, 
73, 1464, 1390, -768, -658, 1427, 326, 458, 141, -117, -92, -244, 
87, 1459, 1371, -773, -641, 1415, 317, 458, 151, -102, -87, -253, 
92, 1464, 1371, -778, -639, 1417, 317, 473, 161, -92, -78, -253, 
102, 1468, 1366, -785, -631, 1417, 317, 483, 170, -78, -78, -253, 
107, 1468, 1361, -788, -627, 1415, 317, 497, 180, -68, -68, -248, 
107, 1468, 1361, -788, -627, 1415, 302, 497, 190, -53, -58, -244, 
112, 1473, 1361, -793, -624, 1417, 302, 517, 204, -43, -48, -239, 
117, 1478, 1361, -797, -622, 1420, 302, 527, 219, -24, -43, -224, 
126, 1483, 1356, -805, -614, 1420, 302, 536, 234, -9, -34, -219, 
126, 1493, 1366, -810, -619, 1429, 292, 551, 253, 0, -24, -214, 
131, 1498, 1366, -814, -617, 1432, 292, 561, 268, 9, -14, -209, 
141, 1507, 1366, -824, -612, 1437, 292, 570, 283, 19, -4, -195, 
146, 1517, 1371, -832, -612, 1444, 292, 580, 287, 29, 0, -195, 
156, 1527, 1371, -841, -607, 1449, 283, 575, 292, 39, -4, -195, 
161, 1532, 1371, -846, -605, 1451, 283, 585, 302, 39, 0, -190, 
161, 1537, 1376, -849, -607, 1456, 283, 590, 302, 43, 4, -190, 
165, 1542, 1376, -854, -605, 1459, 273, 600, 307, 53, 19, -180, 
170, 1551, 1381, -861, -605, 1466, 258, 600, 302, 58, 24, -170, 
175, 1556, 1381, -866, -602, 1468, 253, 600, 307, 63, 34, -165, 
185, 1561, 1376, -873, -595, 1468, 248, 600, 322, 63, 34, -165, 
185, 1571, 1385, -878, -600, 1478, 248, 600, 322, 73, 39, -151, 
190, 1586, 1395, -888, -602, 1490, 244, 585, 317, 68, 39, -156, 
190, 1590, 1400, -890, -605, 1495, 239, 580, 312, 63, 39, -156, 
195, 1595, 1400, -895, -602, 1498, 239, 575, 307, 58, 39, -156, 
195, 1595, 1400, -895, -602, 1498, 239, 566, 292, 53, 39, -161, 
190, 1605, 1415, -897, -612, 1510, 224, 556, 273, 34, 29, -161, 
190, 1615, 1424, -902, -617, 1520, 219, 536, 253, 29, 29, -161, 
185, 1620, 1434, -902, -624, 1527, 214, 507, 244, 29, 29, -161, 
185, 1620, 1434, -902, -624, 1527, 209, 488, 224, 24, 24, -161, 
185, 1615, 1429, -900, -622, 1522, 204, 468, 200, 0, 9, -165, 
190, 1620, 1429, -905, -619, 1525, 200, 448, 170, -24, 0, -165, 
190, 1625, 1434, -907, -622, 1529, 200, 424, 151, -48, -9, -165, 
185, 1629, 1444, -907, -629, 1537, 200, 395, 122, -73, -14, -165, 
165, 1629, 1464, -897, -649, 1546, 195, 361, 92, -102, -43, -180, 
161, 1629, 1468, -895, -653, 1549, 195, 341, 58, -126, -58, -190, 
161, 1629, 1468, -895, -653, 1549, 195, 322, 34, -151, -73, -195, 
161, 1629, 1468, -895, -653, 1549, 195, 297, 9, -170, -87, -200, 
141, 1625, 1483, -883, -671, 1554, 185, 273, -19, -190, -102, -224, 
131, 1615, 1483, -873, -675, 1549, 185, 253, -39, -209, -122, -229, 
112, 1610, 1498, -861, -692, 1554, 190, 234, -63, -229, -136, -234, 
102, 1600, 1498, -851, -697, 1549, 190, 204, -87, -253, -151, -248, 
87, 1586, 1498, -836, -705, 1542, 190, 190, -112, -268, -161, -239, 
82, 1586, 1503, -834, -710, 1544, 190, 165, -136, -297, -170, -244, 
73, 1586, 1512, -829, -719, 1549, 190, 146, -161, -307, -180, -253, 
73, 1581, 1507, -827, -717, 1544, 190, 131, -185, -317, -190, -258, 
73, 1576, 1503, -824, -714, 1539, 190, 117, -204, -336, -209, -268, 
68, 1571, 1503, -819, -717, 1537, 190, 97, -224, -356, -219, -283, 
63, 1566, 1503, -814, -719, 1534, 195, 82, -244, -370, -229, -287, 
53, 1566, 1512, -810, -729, 1539, 195, 73, -258, -385, -244, -297, 
63, 1571, 1507, -817, -722, 1539, 195, 58, -263, -390, -239, -302, 
58, 1566, 1507, -812, -724, 1537, 195, 43, -278, -400, -244, -307, 
43, 1566, 1522, -805, -739, 1544, 195, 34, -283, -414, -253, -312, 
43, 1566, 1522, -805, -739, 1544, 195, 29, -292, -424, -258, -317, 
29, 1556, 1527, -793, -749, 1542, 185, 9, -307, -448, -258, -317, 
24, 1551, 1527, -788, -751, 1539, 185, 4, -322, -458, -268, -326, 
19, 1546, 1527, -783, -753, 1537, 185, 0, -326, -463, -278, -331, 
14, 1542, 1527, -778, -756, 1534, 185, -9, -331, -468, -278, -331, 
19, 1551, 1532, -785, -756, 1542, 185, -4, -336, -468, -287, -341, 
19, 1551, 1532, -785, -756, 1542, 185, -14, -336, -473, -292, -341, 
14, 1551, 1537, -783, -761, 1544, 185, -19, -341, -473, -297, -346, 
9, 1551, 1542, -780, -766, 1546, 185, -24, -346, -468, -297, -351, 
14, 1561, 1546, -788, -766, 1554, 185, -29, -341, -483, -312, -351, 
19, 1561, 1542, -790, -761, 1551, 185, -29, -346, -488, -312, -351, 
19, 1561, 1542, -790, -761, 1551, 185, -34, -351, -488, -317, -361, 
19, 1561, 1542, -790, -761, 1551, 185, -34, -356, -488, -317, -361, 
19, 1556, 1537, -788, -758, 1546, 175, -39, -361, -502, -331, -366, 
19, 1556, 1537, -788, -758, 1546, 180, -39, -366, -507, -331, -370, 
19, 1551, 1532, -785, -756, 1542, 185, -39, -375, -512, -336, -380, 
14, 1546, 1532, -780, -758, 1539, 185, -39, -385, -512, -341, -390, 
4, 1537, 1532, -771, -763, 1534, 185, -53, -380, -512, -341, -385, 
4, 1532, 1527, -768, -761, 1529, 185, -53, -380, -512, -336, -385, 
0, 1532, 1532, -766, -766, 1532, 185, -53, -390, -512, -336, -385, 
0, 1542, 1542, -771, -771, 1542, 185, -53, -390, -512, -331, -385, 
-4, 1551, 1556, -773, -780, 1554, 185, -48, -385, -512, -322, -385, 
-4, 1542, 1546, -768, -775, 1544, 185, -48, -380, -507, -322, -385, 
-4, 1542, 1546, -768, -775, 1544, 185, -48, -375, -502, -322, -385, 
-4, 1546, 1551, -771, -778, 1549, 185, -43, -370, -497, -317, -385, 
0, 1546, 1546, -773, -773, 1546, 175, -43, -370, -507, -326, -375, 
0, 1551, 1551, -775, -775, 1551, 180, -48, -375, -507, -326, -375, 
0, 1551, 1551, -775, -775, 1551, 180, -48, -380, -507, -326, -375, 
0, 1551, 1551, -775, -775, 1551, 180, -43, -385, -507, -326, -380, 
9, 1556, 1546, -783, -768, 1551, 180, -43, -385, -517, -326, -380, 
9, 1556, 1546, -783, -768, 1551, 175, -43, -385, -517, -326, -380, 
9, 1556, 1546, -783, -768, 1551, 175, -48, -385, -517, -331, -380, 
4, 1556, 1551, -780, -773, 1554, 175, -48, -385, -517, -336, -380, 
0, 1556, 1556, -778, -778, 1556, 185, -48, -380, -517, -336, -380, 
0, 1561, 1561, -780, -780, 1561, 185, -48, -380, -512, -336, -385, 
0, 1561, 1561, -780, -780, 1561, 185, -43, -380, -512, -336, -385, 
0, 1566, 1566, -783, -783, 1566, 185, -43, -380, -507, -336, -380, 
0, 1556, 1556, -778, -778, 1556, 180, -53, -390, -507, -336, -380, 
4, 1556, 1551, -780, -773, 1554, 175, -53, -390, -512, -336, -380, 
4, 1556, 1551, -780, -773, 1554, 170, -53, -390, -512, -336, -380, 
4, 1556, 1551, -780, -773, 1554, 165, -53, -390, -517, -336, -380, 
4, 1556, 1551, -780, -773, 1554, 161, -63, -390, -517, -336, -390, 
0, 1556, 1556, -778, -778, 1556, 161, -63, -390, -517, -336, -390, 
-9, 1556, 1566, -773, -788, 1561, 161, -63, -390, -517, -336, -385, 
-14, 1556, 1571, -771, -793, 1564, 161, -63, -385, -517, -336, -385, 
0, 1556, 1556, -778, -778, 1556, 161, -63, -395, -517, -346, -395, 
0, 1556, 1556, -778, -778, 1556, 161, -63, -400, -517, -346, -395, 
0, 1556, 1556, -778, -778, 1556, 161, -63, -405, -522, -346, -395, 
0, 1556, 1556, -778, -778, 1556, 161, -63, -405, -522, -346, -400, 
-9, 1566, 1576, -778, -793, 1571, 161, -63, -400, -517, -336, -395, 
-9, 1566, 1576, -778, -793, 1571, 161, -58, -395, -517, -331, -390, 
-9, 1566, 1576, -778, -793, 1571, 161, -58, -390, -517, -331, -385, 
-9, 1566, 1576, -778, -793, 1571, 161, -63, -385, -517, -331, -380, 
-4, 1576, 1581, -785, -793, 1578, 161, -63, -395, -517, -341, -390, 
4, 1576, 1571, -790, -783, 1573, 156, -58, -395, -517, -341, -390, 
9, 1576, 1566, -793, -778, 1571, 156, -58, -395, -517, -341, -390, 
9, 1576, 1566, -793, -778, 1571, 151, -58, -395, -517, -341, -390, 
0, 1586, 1586, -793, -793, 1586, 146, -58, -395, -517, -341, -390, 
0, 1586, 1586, -793, -793, 1586, 146, -58, -395, -517, -341, -390, 
-4, 1586, 1590, -790, -797, 1588, 146, -58, -395, -517, -341, -390, 
-4, 1586, 1590, -790, -797, 1588, 146, -58, -395, -517, -341, -390, 
-4, 1576, 1581, -785, -793, 1578, 146, -58, -385, -507, -341, -400, 
-4, 1571, 1576, -783, -790, 1573, 146, -58, -385, -507, -346, -400, 
-4, 1571, 1576, -783, -790, 1573, 146, -58, -385, -507, -346, -400, 
-4, 1576, 1581, -785, -793, 1578, 146, -58, -385, -507, -341, -400, 
-4, 1576, 1581, -785, -793, 1578, 136, -63, -385, -517, -331, -390, 
-4, 1576, 1581, -785, -793, 1578, 136, -63, -385, -517, -331, -390, 
-4, 1571, 1576, -783, -790, 1573, 136, -63, -385, -517, -331, -390, 
-4, 1566, 1571, -780, -788, 1568, 136, -68, -385, -517, -331, -390, 
4, 1576, 1571, -790, -783, 1573, 136, -68, -395, -517, -341, -390, 
4, 1576, 1571, -790, -783, 1573, 136, -68, -395, -517, -341, -390, 
4, 1576, 1571, -790, -783, 1573, 131, -68, -395, -517, -341, -390, 
4, 1576, 1571, -790, -783, 1573, 131, -68, -395, -517, -341, -390, 
4, 1571, 1566, -788, -780, 1568, 126, -68, -395, -517, -351, -400, 
4, 1571, 1566, -788, -780, 1568, 126, -68, -395, -517, -351, -400, 
4, 1566, 1561, -785, -778, 1564, 126, -68, -395, -522, -351, -400, 
4, 1566, 1561, -785, -778, 1564, 126, -68, -395, -522, -361, -400, 
-4, 1556, 1561, -775, -783, 1559, 126, -78, -409, -531, -361, -405, 
-4, 1556, 1561, -775, -783, 1559, 126, -78, -409, -531, -356, -409, 
-4, 1556, 1561, -775, -783, 1559, 126, -78, -409, -527, -356, -414, 
-4, 1556, 1561, -775, -783, 1559, 126, -78, -409, -527, -356, -419, 
4, 1571, 1566, -788, -780, 1568, 117, -78, -400, -531, -346, -409, 
4, 1566, 1561, -785, -778, 1564, 117, -78, -400, -531, -351, -409, 
4, 1571, 1566, -788, -780, 1568, 117, -82, -400, -531, -351, -409, 
4, 1581, 1576, -793, -785, 1578, 112, -82, -400, -531, -351, -409, 
14, 1590, 1576, -802, -780, 1583, 112, -82, -409, -531, -351, -400, 
14, 1590, 1576, -802, -780, 1583, 117, -82, -409, -527, -346, -400, 
14, 1590, 1576, -802, -780, 1583, 117, -82, -405, -527, -346, -400, 
14, 1590, 1576, -802, -780, 1583, 117, -82, -405, -531, -346, -400, 
4, 1590, 1586, -797, -790, 1588, 117, -87, -405, -527, -346, -390, 
4, 1590, 1586, -797, -790, 1588, 117, -87, -405, -531, -351, -390, 
4, 1590, 1586, -797, -790, 1588, 117, -97, -414, -536, -351, -390, 
4, 1590, 1586, -797, -790, 1588, 112, -102, -419, -536, -351, -390, 
0, 1590, 1590, -795, -795, 1590, 107, -112, -419, -527, -351, -390, 
0, 1590, 1590, -795, -795, 1590, 102, -112, -419, -536, -356, -395, 
0, 1590, 1590, -795, -795, 1590, 97, -107, -419, -536, -356, -395, 
0, 1590, 1590, -795, -795, 1590, 92, -107, -419, -531, -356, -395, 
0, 1581, 1581, -790, -790, 1581, 102, -97, -429, -541, -366, -405, 
0, 1581, 1581, -790, -790, 1581, 102, -97, -429, -541, -366, -405, 
0, 1581, 1581, -790, -790, 1581, 102, -97, -434, -541, -366, -405, 
0, 1581, 1581, -790, -790, 1581, 102, -102, -434, -541, -366, -405, 
0, 1581, 1581, -790, -790, 1581, 92, -112, -434, -531, -356, -405, 
0, 1581, 1581, -790, -790, 1581, 92, -112, -434, -536, -356, -405, 
-4, 1581, 1586, -788, -795, 1583, 92, -112, -429, -541, -356, -405, 
-4, 1581, 1586, -788, -795, 1583, 92, -117, -429, -541, -356, -405, 
-4, 1581, 1586, -788, -795, 1583, 82, -112, -429, -536, -356, -405, 
-4, 1581, 1586, -788, -795, 1583, 87, -112, -429, -536, -356, -405, 
-4, 1581, 1586, -788, -795, 1583, 92, -112, -434, -546, -361, -405, 
-4, 1581, 1586, -788, -795, 1583, 92, -112, -434, -546, -361, -405, 
4, 1590, 1586, -797, -790, 1588, 87, -122, -434, -541, -370, -405, 
4, 1590, 1586, -797, -790, 1588, 87, -122, -434, -541, -370, -405, 
4, 1590, 1586, -797, -790, 1588, 92, -122, -434, -546, -370, -409, 
0, 1590, 1590, -795, -795, 1590, 92, -122, -439, -546, -375, -414, 
-9, 1586, 1595, -788, -802, 1590, 82, -122, -439, -541, -370, -414, 
-9, 1586, 1595, -788, -802, 1590, 82, -122, -439, -541, -370, -414, 
-9, 1590, 1600, -790, -805, 1595, 82, -122, -434, -541, -370, -414, 
-9, 1595, 1605, -793, -807, 1600, 82, -122, -434, -541, -370, -414, 
-9, 1605, 1615, -797, -812, 1610, 82, -112, -424, -541, -366, -409, 
-9, 1605, 1615, -797, -812, 1610, 82, -117, -429, -541, -366, -405, 
-14, 1605, 1620, -795, -817, 1612, 82, -117, -429, -536, -361, -405, 
-14, 1610, 1625, -797, -819, 1617, 82, -117, -429, -527, -356, -400, 
-14, 1600, 1615, -793, -814, 1607, 78, -126, -429, -536, -366, -395, 
-14, 1600, 1615, -793, -814, 1607, 78, -126, -429, -536, -366, -395, 
-9, 1600, 1610, -795, -810, 1605, 78, -126, -429, -536, -366, -395, 
-9, 1600, 1610, -795, -810, 1605, 82, -126, -429, -536, -361, -395, 
0, 1610, 1610, -805, -805, 1610, 78, -126, -429, -541, -361, -405, 
0, 1605, 1605, -802, -802, 1605, 78, -126, -429, -541, -361, -405, 
0, 1605, 1605, -802, -802, 1605, 78, -126, -429, -541, -361, -409, 
-4, 1605, 1610, -800, -807, 1607, 78, -136, -434, -541, -370, -414, 
-4, 1600, 1605, -797, -805, 1603, 63, -136, -434, -541, -370, -405, 
-4, 1600, 1605, -797, -805, 1603, 63, -136, -434, -546, -366, -405, 
4, 1610, 1605, -807, -800, 1607, 63, -131, -434, -546, -361, -405, 
4, 1615, 1610, -810, -802, 1612, 63, -131, -434, -546, -361, -405, 
-4, 1605, 1610, -800, -807, 1607, 63, -141, -444, -551, -366, -405, 
-9, 1605, 1615, -797, -812, 1610, 63, -141, -444, -551, -366, -405, 
-9, 1610, 1620, -800, -814, 1615, 58, -141, -444, -546, -370, -405, 
-4, 1610, 1615, -802, -810, 1612, 58, -141, -444, -546, -370, -400, 
0, 1600, 1600, -800, -800, 1600, 58, -141, -453, -546, -370, -409, 
0, 1600, 1600, -800, -800, 1600, 58, -141, -453, -546, -370, -419, 
-4, 1600, 1605, -797, -805, 1603, 58, -141, -453, -546, -370, -419, 
-4, 1605, 1610, -800, -807, 1607, 53, -141, -453, -546, -366, -414, 
0, 1605, 1605, -802, -802, 1605, 58, -146, -453, -546, -375, -414, 
0, 1610, 1610, -805, -805, 1610, 58, -146, -453, -546, -375, -414, 
-4, 1610, 1615, -802, -810, 1612, 48, -146, -453, -546, -375, -414, 
-4, 1610, 1615, -802, -810, 1612, 43, -146, -453, -546, -370, -414, 
-4, 1600, 1605, -797, -805, 1603, 48, -146, -453, -551, -380, -419, 
-9, 1600, 1610, -795, -810, 1605, 48, -146, -453, -551, -380, -419, 
-9, 1600, 1610, -795, -810, 1605, 48, -146, -448, -551, -380, -419, 
-4, 1605, 1610, -800, -807, 1607, 48, -146, -448, -551, -380, -419, 
-4, 1610, 1615, -802, -810, 1612, 48, -151, -448, -551, -370, -419, 
-4, 1615, 1620, -805, -812, 1617, 48, -151, -453, -551, -370, -419, 
-4, 1615, 1620, -805, -812, 1617, 53, -146, -453, -556, -370, -419, 
-4, 1610, 1615, -802, -810, 1612, 53, -146, -453, -556, -370, -419, 
-4, 1615, 1620, -805, -812, 1617, 43, -146, -444, -546, -370, -419, 
0, 1615, 1615, -807, -807, 1615, 39, -146, -444, -541, -370, -414, 
0, 1615, 1615, -807, -807, 1615, 39, -146, -444, -541, -370, -414, 
0, 1610, 1610, -805, -805, 1610, 43, -151, -439, -541, -370, -414, 
-9, 1625, 1634, -807, -822, 1629, 34, -151, -439, -541, -370, -414, 
-9, 1625, 1634, -807, -822, 1629, 34, -151, -439, -546, -370, -414, 
-9, 1625, 1634, -807, -822, 1629, 34, -151, -439, -551, -366, -414, 
-9, 1625, 1634, -807, -822, 1629, 34, -151, -439, -556, -366, -414, 
-9, 1634, 1644, -812, -827, 1639, 34, -146, -448, -551, -375, -409, 
-14, 1629, 1644, -807, -829, 1637, 34, -146, -448, -551, -370, -409, 
-19, 1625, 1644, -802, -832, 1634, 34, -146, -448, -546, -370, -409, 
-19, 1625, 1644, -802, -832, 1634, 34, -151, -453, -546, -370, -414, 
-24, 1625, 1649, -800, -836, 1637, 24, -151, -448, -546, -370, -419, 
-24, 1625, 1649, -800, -836, 1637, 24, -151, -448, -546, -370, -419, 
-24, 1625, 1649, -800, -836, 1637, 29, -151, -448, -546, -370, -419, 
-24, 1625, 1649, -800, -836, 1637, 29, -156, -448, -546, -370, -419, 
-4, 1625, 1629, -810, -817, 1627, 24, -156, -448, -546, -370, -419, 
0, 1629, 1629, -814, -814, 1629, 19, -165, -448, -556, -370, -419, 
0, 1639, 1639, -819, -819, 1639, 9, -165, -448, -556, -380, -419, 
0, 1639, 1639, -819, -819, 1639, 9, -165, -448, -556, -380, -419, 
0, 1639, 1639, -819, -819, 1639, 9, -165, -448, -556, -380, -419, 
0, 1639, 1639, -819, -819, 1639, 9, -165, -448, -556, -380, -419, 
-9, 1639, 1649, -814, -829, 1644, 19, -165, -448, -546, -370, -409, 
-9, 1639, 1649, -814, -829, 1644, 19, -165, -448, -546, -370, -409, 
-9, 1639, 1649, -814, -829, 1644, 19, -165, -448, -546, -370, -409, 
-9, 1639, 1649, -814, -829, 1644, 19, -165, -448, -546, -370, -409, 
0, 1639, 1639, -819, -819, 1639, 9, -165, -458, -556, -370, -419, 
0, 1639, 1639, -819, -819, 1639, 9, -165, -458, -556, -370, -419, 
0, 1639, 1639, -819, -819, 1639, 9, -165, -458, -556, -370, -419, 
0, 1639, 1639, -819, -819, 1639, 9, -165, -458, -556, -370, -419, 
-9, 1639, 1649, -814, -829, 1644, 9, -165, -448, -556, -370, -419, 
-9, 1639, 1649, -814, -829, 1644, 9, -165, -448, -556, -370, -419, 
-9, 1639, 1649, -814, -829, 1644, 9, -165, -448, -556, -370, -419, 
-9, 1639, 1649, -814, -829, 1644, 9, -165, -448, -556, -370, -419, 
-9, 1649, 1659, -819, -834, 1654, 9, -165, -448, -556, -370, -419, 
-9, 1649, 1659, -819, -834, 1654, 9, -165, -448, -556, -370, -419, 
-9, 1649, 1659, -819, -834, 1654, 9, -165, -448, -556, -370, -419, 
-9, 1649, 1659, -819, -834, 1654, 9, -165, -448, -556, -370, -419, 
0, 1639, 1639, -819, -819, 1639, 0, -165, -448, -556, -370, -419, 
0, 1639, 1639, -819, -819, 1639, 0, -165, -448, -556, -370, -419, 
0, 1639, 1639, -819, -819, 1639, 0, -165, -448, -556, -370, -419, 
0, 1639, 1639, -819, -819, 1639, 0, -165, -448, -556, -370, -419, 
0, 1649, 1649, -824, -824, 1649, 0, -165, -448, -546, -380, -419, 
0, 1649, 1649, -824, -824, 1649, 0, -165, -448, -546, -380, -419, 
0, 1649, 1649, -824, -824, 1649, 0, -165, -448, -546, -380, -419, 
0, 1649, 1649, -824, -824, 1649, 0, -165, -448, -546, -380, -419, 
9, 1649, 1639, -829, -814, 1644, 0, -175, -458, -556, -390, -429, 
9, 1649, 1639, -829, -814, 1644, 0, -175, -458, -556, -390, -429, 
9, 1649, 1639, -829, -814, 1644, 0, -175, -458, -556, -390, -429, 
9, 1649, 1639, -829, -814, 1644, 0, -175, -458, -556, -390, -429, 
-4, 1644, 1649, -819, -827, 1647, -9, -175, -448, -546, -380, -429, 
-9, 1639, 1649, -814, -829, 1644, -9, -175, -448, -546, -380, -429, 
-14, 1634, 1649, -810, -832, 1642, -9, -175, -448, -546, -380, -429, 
-19, 1629, 1649, -805, -834, 1639, -9, -175, -448, -546, -380, -429, 
-14, 1644, 1659, -814, -836, 1651, -9, -175, -448, -546, -380, -419, 
-9, 1649, 1659, -819, -834, 1654, -9, -175, -448, -546, -380, -419, 
-4, 1654, 1659, -824, -832, 1656, -9, -175, -448, -546, -380, -419, 
0, 1659, 1659, -829, -829, 1659, -9, -175, -448, -546, -380, -419, 
-9, 1659, 1668, -824, -839, 1664, -19, -175, -448, -546, -370, -419, 
-9, 1659, 1668, -824, -839, 1664, -19, -175, -448, -546, -370, -419, 
-9, 1659, 1668, -824, -839, 1664, -19, -175, -448, -546, -370, -419, 
-9, 1659, 1668, -824, -839, 1664, -19, -175, -448, -546, -370, -419, 
-9, 1649, 1659, -819, -834, 1654, -19, -185, -458, -556, -380, -429, 
-9, 1649, 1659, -819, -834, 1654, -19, -185, -458, -556, -380, -429, 
-9, 1649, 1659, -819, -834, 1654, -19, -185, -458, -556, -380, -429, 
-9, 1649, 1659, -819, -834, 1654, -19, -185, -458, -556, -380, -429, 
-19, 1659, 1678, -819, -849, 1668, -19, -185, -448, -556, -380, -429, 
-19, 1659, 1678, -819, -849, 1668, -19, -185, -448, -556, -380, -429, 
-19, 1659, 1678, -819, -849, 1668, -19, -185, -448, -556, -380, -429, 
-19, 1659, 1678, -819, -849, 1668, -19, -185, -448, -556, -380, -429, 
-9, 1659, 1668, -824, -839, 1664, -29, -175, -458, -546, -380, -429, 
-9, 1659, 1668, -824, -839, 1664, -29, -175, -458, -546, -380, -429, 
-9, 1659, 1668, -824, -839, 1664, -29, -175, -458, -546, -380, -429, 
-9, 1659, 1668, -824, -839, 1664, -29, -175, -458, -546, -380, -429, 
0, 1659, 1659, -829, -829, 1659, -39, -185, -458, -556, -380, -429, 
0, 1659, 1659, -829, -829, 1659, -39, -185, -458, -556, -380, -429, 
0, 1659, 1659, -829, -829, 1659, -39, -185, -458, -556, -380, -429, 
0, 1659, 1659, -829, -829, 1659, -39, -185, -458, -556, -380, -429, 
0, 1668, 1668, -834, -834, 1668, -39, -185, -458, -546, -380, -419, 
0, 1668, 1668, -834, -834, 1668, -39, -185, -458, -546, -380, -419, 
0, 1668, 1668, -834, -834, 1668, -39, -185, -458, -546, -380, -419, 
0, 1668, 1668, -834, -834, 1668, -39, -185, -458, -546, -380, -419, 
0, 1678, 1678, -839, -839, 1678, -39, -185, -448, -546, -380, -419, 
0, 1678, 1678, -839, -839, 1678, -39, -185, -448, -546, -380, -419, 
0, 1678, 1678, -839, -839, 1678, -39, -185, -448, -546, -380, -419, 
0, 1678, 1678, -839, -839, 1678, -39, -185, -448, -546, -380, -419, 
0, 1688, 1688, -844, -844, 1688, -48, -195, -458, -546, -380, -409, 
0, 1688, 1688, -844, -844, 1688, -48, -195, -458, -546, -380, -409, 
0, 1688, 1688, -844, -844, 1688, -48, -195, -458, -546, -380, -409, 
0, 1688, 1688, -844, -844, 1688, -48, -195, -458, -546, -380, -409, 
9, 1688, 1678, -849, -834, 1683, -58, -204, -458, -546, -380, -419, 
9, 1688, 1678, -849, -834, 1683, -58, -204, -458, -546, -380, -419, 
9, 1688, 1678, -849, -834, 1683, -58, -204, -458, -546, -380, -419, 
9, 1688, 1678, -849, -834, 1683, -58, -204, -458, -546, -380, -419, 
0, 1678, 1678, -839, -839, 1678, -58, -200, -458, -556, -390, -424, 
0, 1678, 1678, -839, -839, 1678, -58, -195, -458, -556, -390, -429, 
0, 1678, 1678, -839, -839, 1678, -58, -190, -458, -556, -390, -434, 
0, 1678, 1678, -839, -839, 1678, -58, -185, -458, -556, -390, -439, 
-9, 1678, 1688, -834, -849, 1683, -48, -195, -468, -556, -390, -429, 
-9, 1678, 1688, -834, -849, 1683, -48, -195, -468, -556, -390, -429, 
-9, 1678, 1688, -834, -849, 1683, -48, -195, -468, -556, -390, -429, 
-9, 1678, 1688, -834, -849, 1683, -48, -195, -468, -556, -390, -429, 
-9, 1683, 1693, -836, -851, 1688, -58, -195, -463, -546, -385, -429, 
-9, 1688, 1698, -839, -854, 1693, -58, -195, -458, -546, -380, -429, 
-9, 1693, 1703, -841, -856, 1698, -58, -195, -453, -546, -375, -429, 
-9, 1698, 1708, -844, -858, 1703, -58, -195, -448, -546, -370, -429, 
0, 1698, 1698, -849, -849, 1698, -58, -195, -458, -556, -375, -429, 
0, 1698, 1698, -849, -849, 1698, -58, -195, -458, -556, -380, -429, 
0, 1698, 1698, -849, -849, 1698, -58, -195, -458, -556, -385, -429, 
0, 1698, 1698, -849, -849, 1698, -58, -195, -458, -556, -390, -429, 
-9, 1688, 1698, -839, -854, 1693, -58, -195, -468, -556, -390, -429, 
-9, 1688, 1698, -839, -854, 1693, -58, -195, -468, -556, -390, -429, 
-9, 1688, 1698, -839, -854, 1693, -58, -195, -468, -556, -390, -429, 
-9, 1688, 1698, -839, -854, 1693, -58, -195, -468, -556, -390, -429, 
-19, 1688, 1708, -834, -863, 1698, -68, -204, -468, -556, -390, -429, 
-19, 1688, 1708, -834, -863, 1698, -68, -204, -468, -556, -390, -429, 
-19, 1688, 1708, -834, -863, 1698, -68, -204, -468, -556, -390, -429, 
-19, 1688, 1708, -834, -863, 1698, -68, -204, -468, -556, -390, -429, 
-19, 1688, 1708, -834, -863, 1698, -68, -214, -468, -556, -390, -429, 
-19, 1688, 1708, -834, -863, 1698, -68, -214, -468, -556, -390, -429, 
-19, 1688, 1708, -834, -863, 1698, -68, -214, -468, -556, -390, -429, 
-19, 1688, 1708, -834, -863, 1698, -68, -214, -468, -556, -390, -429, 
-9, 1693, 1703, -841, -856, 1698, -68, -204, -468, -546, -390, -429, 
-9, 1698, 1708, -844, -858, 1703, -68, -204, -468, -546, -390, -429, 
-9, 1703, 1712, -846, -861, 1708, -68, -204, -468, -546, -390, -429, 
-9, 1708, 1717, -849, -863, 1712, -68, -204, -468, -546, -390, -429, 
-9, 1708, 1717, -849, -863, 1712, -68, -204, -458, -546, -390, -429, 
-9, 1708, 1717, -849, -863, 1712, -68, -204, -458, -546, -390, -429, 
-9, 1708, 1717, -849, -863, 1712, -68, -204, -458, -546, -390, -429, 
-9, 1708, 1717, -849, -863, 1712, -68, -204, -458, -546, -390, -429, 
0, 1708, 1708, -854, -854, 1708, -68, -204, -468, -556, -390, -429, 
0, 1708, 1708, -854, -854, 1708, -68, -204, -468, -556, -390, -429, 
0, 1708, 1708, -854, -854, 1708, -68, -204, -468, -556, -390, -429, 
-4, 1703, 1708, -849, -856, 1705, -68, -209, -468, -556, -390, -429, 
-4, 1712, 1717, -854, -861, 1715, -78, -209, -468, -561, -390, -419, 
4, 1708, 1703, -856, -849, 1705, -78, -209, -473, -561, -395, -429, 
4, 1708, 1703, -856, -849, 1705, -78, -209, -478, -561, -395, -429, 
0, 1698, 1698, -849, -849, 1698, -78, -209, -478, -556, -395, -429, 
9, 1703, 1693, -856, -841, 1698, -87, -214, -468, -556, -390, -434, 
9, 1712, 1703, -861, -846, 1708, -87, -214, -463, -556, -390, -434, 
9, 1722, 1712, -866, -851, 1717, -87, -214, -463, -556, -385, -434, 
9, 1732, 1722, -871, -856, 1727, -87, -214, -458, -556, -385, -429, 
0, 1727, 1727, -863, -863, 1727, -87, -214, -458, -541, -385, -429, 
0, 1727, 1727, -863, -863, 1727, -87, -214, -453, -541, -380, -424, 
0, 1732, 1732, -866, -866, 1732, -87, -209, -448, -546, -380, -424, 
0, 1732, 1732, -866, -866, 1732, -87, -209, -448, -546, -380, -424, 
9, 1732, 1722, -871, -856, 1727, -87, -200, -458, -536, -385, -414, 
9, 1732, 1722, -871, -856, 1727, -78, -200, -458, -536, -385, -419, 
9, 1732, 1722, -871, -856, 1727, -78, -195, -458, -536, -385, -419, 
9, 1732, 1722, -871, -856, 1727, -78, -190, -453, -531, -385, -414, 
14, 1727, 1712, -871, -849, 1720, -78, -190, -439, -527, -385, -424, 
19, 1732, 1712, -875, -846, 1722, -78, -190, -439, -527, -380, -424, 
24, 1732, 1708, -878, -841, 1720, -73, -180, -424, -517, -380, -414, 
34, 1737, 1703, -885, -834, 1720, -68, -180, -424, -507, -366, -400, 
39, 1751, 1712, -895, -836, 1732, -58, -170, -405, -492, -351, -390, 
39, 1756, 1717, -897, -839, 1737, -58, -161, -400, -492, -341, -385, 
43, 1756, 1712, -900, -834, 1734, -58, -151, -390, -478, -331, -385, 
43, 1751, 1708, -897, -832, 1729, -58, -136, -385, -473, -322, -380, 
53, 1761, 1708, -907, -827, 1734, -48, -146, -390, -478, -331, -380, 
53, 1761, 1708, -907, -827, 1734, -53, -151, -395, -478, -331, -380, 
53, 1766, 1712, -910, -829, 1739, -53, -151, -395, -483, -331, -385, 
58, 1776, 1717, -917, -829, 1747, -53, -146, -395, -488, -331, -385, 
58, 1781, 1722, -919, -832, 1751, -53, -156, -405, -488, -331, -390, 
53, 1781, 1727, -917, -836, 1754, -53, -156, -405, -488, -331, -390, 
43, 1781, 1737, -912, -846, 1759, -48, -156, -409, -488, -331, -390, 
39, 1776, 1737, -907, -849, 1756, -43, -156, -409, -488, -336, -395, 
29, 1756, 1727, -893, -849, 1742, -34, -161, -414, -492, -336, -390, 
19, 1751, 1732, -885, -856, 1742, -39, -161, -419, -497, -351, -395, 
14, 1751, 1737, -883, -861, 1744, -43, -170, -434, -512, -356, -405, 
9, 1756, 1747, -883, -868, 1751, -43, -180, -434, -522, -356, -409, 
4, 1761, 1756, -883, -875, 1759, -63, -185, -434, -512, -346, -409, 
4, 1761, 1756, -883, -875, 1759, -78, -195, -453, -517, -351, -409, 
9, 1756, 1747, -883, -868, 1751, -82, -200, -463, -531, -366, -409, 
9, 1747, 1737, -878, -863, 1742, -92, -219, -478, -541, -366, -414, 
9, 1747, 1737, -878, -863, 1742, -102, -234, -492, -556, -380, -419, 
9, 1742, 1732, -875, -861, 1737, -117, -244, -507, -556, -385, -424, 
9, 1742, 1732, -875, -861, 1737, -131, -248, -517, -561, -390, -429, 
9, 1732, 1722, -871, -856, 1727, -136, -248, -517, -561, -395, -429, 
14, 1727, 1712, -871, -849, 1720, -136, -244, -507, -570, -400, -439, 
19, 1727, 1708, -873, -844, 1717, -141, -248, -507, -570, -405, -439, 
24, 1722, 1698, -873, -836, 1710, -146, -253, -507, -570, -409, -439, 
29, 1722, 1693, -875, -832, 1708, -151, -253, -512, -580, -419, -444, 
29, 1732, 1703, -880, -836, 1717, -161, -248, -512, -585, -414, -458, 
34, 1732, 1698, -883, -832, 1715, -161, -248, -517, -585, -414, -458, 
39, 1732, 1693, -885, -827, 1712, -156, -248, -517, -580, -414, -458, 
39, 1737, 1698, -888, -829, 1717, -156, -244, -512, -580, -414, -458, 
34, 1742, 1708, -888, -836, 1725, -156, -239, -512, -575, -409, -458, 
34, 1742, 1708, -888, -836, 1725, -156, -239, -512, -575, -409, -458, 
29, 1742, 1712, -885, -841, 1727, -156, -248, -512, -570, -409, -453, 
34, 1742, 1708, -888, -836, 1725, -161, -248, -512, -570, -409, -453, 
43, 1737, 1693, -890, -824, 1715, -170, -263, -517, -580, -409, -453, 
43, 1727, 1683, -885, -819, 1705, -170, -263, -517, -580, -419, -458, 
43, 1727, 1683, -885, -819, 1705, -170, -263, -517, -585, -419, -458, 
43, 1727, 1683, -885, -819, 1705, -170, -263, -517, -585, -414, -458, 
34, 1742, 1708, -888, -836, 1725, -180, -273, -517, -585, -414, -453, 
34, 1747, 1712, -890, -839, 1729, -175, -268, -512, -580, -409, -453, 
29, 1747, 1717, -888, -844, 1732, -175, -268, -512, -580, -409, -453, 
14, 1742, 1727, -878, -856, 1734, -170, -268, -517, -575, -409, -453, 
9, 1747, 1737, -878, -863, 1742, -156, -258, -507, -570, -405, -453, 
9, 1756, 1747, -883, -868, 1751, -156, -258, -507, -566, -405, -453, 
9, 1766, 1756, -888, -873, 1761, -156, -258, -502, -561, -405, -453, 
9, 1771, 1761, -890, -875, 1766, -151, -258, -502, -551, -405, -453, 
-4, 1766, 1771, -880, -888, 1769, -136, -263, -497, -556, -405, -453, 
-19, 1761, 1781, -871, -900, 1771, -136, -263, -492, -556, -400, -448, 
-24, 1756, 1781, -866, -902, 1769, -136, -263, -492, -556, -400, -448, 
-29, 1756, 1786, -863, -907, 1771, -136, -268, -492, -556, -405, -448, 
-29, 1747, 1776, -858, -902, 1761, -146, -268, -507, -566, -414, -458, 
-29, 1747, 1776, -858, -902, 1761, -146, -268, -512, -570, -414, -458, 
-24, 1747, 1771, -861, -897, 1759, -146, -263, -512, -575, -414, -458, 
-19, 1751, 1771, -866, -895, 1761, -146, -263, -512, -580, -409, -458, 
-34, 1747, 1781, -856, -907, 1764, -146, -273, -512, -570, -400, -463, 
-34, 1756, 1790, -861, -912, 1773, -146, -273, -512, -570, -400, -463, 
-34, 1756, 1790, -861, -912, 1773, -146, -273, -512, -570, -400, -463, 
-34, 1756, 1790, -861, -912, 1773, -146, -273, -507, -570, -405, -463, 
-24, 1761, 1786, -868, -905, 1773, -146, -263, -517, -570, -395, -463, 
-14, 1766, 1781, -875, -897, 1773, -141, -258, -502, -566, -395, -463, 
-19, 1776, 1795, -878, -907, 1786, -136, -244, -483, -556, -400, -463, 
-29, 1776, 1805, -873, -917, 1790, -131, -239, -478, -556, -400, -453, 
-39, 1766, 1805, -863, -922, 1786, -131, -244, -473, -556, -400, -463, 
-39, 1756, 1795, -858, -917, 1776, -126, -239, -468, -551, -395, -463, 
-39, 1761, 1800, -861, -919, 1781, -117, -214, -458, -531, -395, -453, 
-39, 1756, 1795, -858, -917, 1776, -117, -190, -434, -517, -390, -453, 
-39, 1732, 1771, -846, -905, 1751, -107, -185, -419, -502, -380, -453, 
-34, 1712, 1747, -839, -890, 1729, -117, -180, -409, -488, -366, -444, 
-24, 1722, 1747, -849, -885, 1734, -112, -165, -375, -453, -331, -419, 
-19, 1727, 1747, -854, -883, 1737, -117, -141, -346, -424, -297, -390, 
-9, 1727, 1737, -858, -873, 1732, -122, -117, -302, -375, -258, -366, 
0, 1737, 1737, -868, -868, 1737, -131, -53, -234, -317, -214, -322, 
39, 1766, 1727, -902, -844, 1747, -136, 4, -156, -248, -156, -263, 
92, 1820, 1727, -956, -817, 1773, -161, 73, -63, -141, -53, -175, 
165, 1898, 1732, -1032, -783, 1815, -209, 141, 39, -19, 87, -43, 
248, 1981, 1732, -1115, -741, 1856, -258, 170, 117, 82, 195, 78, 
322, 2078, 1756, -1200, -717, 1917, -322, 161, 165, 175, 302, 195, 
375, 2186, 1810, -1281, -717, 1998, -380, 136, 214, 263, 439, 322, 
429, 2288, 1859, -1359, -714, 2074, -429, 102, 244, 331, 541, 434, 
488, 2352, 1864, -1420, -688, 2108, -483, 63, 229, 356, 600, 502, 
570, 2352, 1781, -1461, -605, 2066, -531, 53, 180, 351, 610, 522, 
673, 2313, 1639, -1493, -483, 1976, -566, 73, 126, 317, 580, 492, 
771, 2244, 1473, -1507, -351, 1859, -610, 73, 19, 234, 478, 405, 
829, 2186, 1356, -1507, -263, 1771, -653, 24, -126, 97, 326, 263, 
829, 2122, 1293, -1476, -231, 1708, -673, -53, -317, -87, 146, 117, 
771, 2054, 1283, -1412, -256, 1668, -644, -204, -541, -317, -53, -39, 
605, 1986, 1381, -1295, -387, 1683, -551, -429, -839, -629, -317, -229, 
405, 1873, 1468, -1139, -531, 1671, -429, -658, -1166, -1000, -639, -473, 
278, 1727, 1449, -1002, -585, 1588, -317, -800, -1449, -1342, -936, -717, 
209, 1649, 1439, -929, -614, 1544, -248, -834, -1581, -1532, -1127, -873, 
122, 1673, 1551, -897, -714, 1612, -165, -824, -1542, -1537, -1156, -907, 
43, 1712, 1668, -878, -812, 1690, -58, -785, -1444, -1459, -1112, -893, 
-19, 1712, 1732, -846, -875, 1722, 39, -717, -1356, -1385, -1058, -873, 
-48, 1678, 1727, -814, -888, 1703, 97, -663, -1312, -1351, -1049, -873, 
-87, 1639, 1727, -775, -907, 1683, 151, -649, -1302, -1342, -1049, -897, 
-122, 1605, 1727, -741, -924, 1666, 190, -619, -1293, -1327, -1049, -927, 
-161, 1590, 1751, -714, -956, 1671, 224, -595, -1273, -1312, -1058, -946, 
-185, 1576, 1761, -695, -973, 1668, 248, -585, -1268, -1312, -1058, -976, 
-214, 1527, 1742, -656, -978, 1634, 268, -566, -1244, -1298, -1054, -990, 
-229, 1449, 1678, -610, -954, 1564, 297, -527, -1215, -1273, -1044, -995, 
-239, 1390, 1629, -575, -934, 1510, 322, -478, -1176, -1244, -1034, -995, 
-234, 1361, 1595, -563, -915, 1478, 336, -448, -1137, -1210, -1000, -976, 
-219, 1361, 1581, -570, -900, 1471, 336, -424, -1068, -1151, -946, -941, 
-229, 1390, 1620, -580, -924, 1505, 336, -400, -995, -1073, -893, -883, 
-219, 1429, 1649, -605, -934, 1539, 302, -370, -917, -1000, -824, -834, 
-180, 1488, 1668, -653, -924, 1578, 239, -302, -819, -893, -727, -766, 
-112, 1556, 1668, -722, -890, 1612, 141, -204, -697, -775, -629, -668, 
-58, 1629, 1688, -785, -873, 1659, 58, -146, -610, -683, -551, -605, 
-43, 1678, 1722, -817, -883, 1700, 19, -117, -546, -634, -502, -570, 
-39, 1698, 1737, -829, -888, 1717, -9, -131, -512, -600, -468, -546, 
-48, 1732, 1781, -841, -915, 1756, -63, -175, -507, -590, -458, -531, 
-53, 1751, 1805, -849, -929, 1778, -87, -219, -517, -600, -458, -522, 
-43, 1742, 1786, -849, -915, 1764, -87, -224, -517, -610, -468, -531, 
-53, 1732, 1786, -839, -919, 1759, -97, -244, -527, -610, -478, -531, 
-48, 1742, 1790, -846, -919, 1766, -122, -244, -527, -600, -473, -522, 
-48, 1751, 1800, -851, -924, 1776, -141, -244, -517, -585, -463, -517, 
-43, 1751, 1795, -854, -919, 1773, -151, -234, -507, -580, -448, -512, 
-34, 1761, 1795, -863, -915, 1778, -151, -229, -492, -570, -434, -502, 
-39, 1761, 1800, -861, -919, 1781, -141, -214, -488, -570, -434, -507, 
-43, 1761, 1805, -858, -924, 1783, -136, -214, -488, -570, -439, -512, 
-43, 1761, 1805, -858, -924, 1783, -136, -214, -488, -570, -439, -517, 
-43, 1771, 1815, -863, -929, 1793, -141, -214, -488, -561, -429, -507, 
-43, 1771, 1815, -863, -929, 1793, -141, -219, -483, -561, -429, -502, 
-43, 1771, 1815, -863, -929, 1793, -146, -219, -478, -556, -424, -497, 
-43, 1771, 1815, -863, -929, 1793, -151, -219, -473, -551, -414, -492, 
-34, 1786, 1820, -875, -927, 1803, -165, -229, -483, -556, -419, -502, 
-29, 1786, 1815, -878, -922, 1800, -165, -229, -478, -556, -419, -497, 
-29, 1786, 1815, -878, -922, 1800, -165, -229, -478, -556, -419, -488, 
-29, 1786, 1815, -878, -922, 1800, -170, -229, -478, -546, -419, -488, 
-43, 1786, 1830, -871, -936, 1808, -161, -229, -468, -546, -419, -497, 
-48, 1786, 1834, -868, -941, 1810, -161, -229, -468, -551, -419, -497, 
-53, 1786, 1839, -866, -946, 1812, -161, -229, -468, -551, -419, -497, 
-58, 1786, 1844, -863, -951, 1815, -156, -229, -468, -551, -419, -502, 
-58, 1776, 1834, -858, -946, 1805, -161, -229, -468, -541, -419, -492, 
-58, 1776, 1834, -858, -946, 1805, -170, -229, -468, -541, -419, -492, 
-53, 1776, 1830, -861, -941, 1803, -175, -229, -458, -536, -419, -492, 
-53, 1776, 1830, -861, -941, 1803, -180, -229, -458, -536, -419, -492, 
-48, 1790, 1839, -871, -944, 1815, -180, -214, -458, -546, -419, -492, 
-43, 1790, 1834, -873, -939, 1812, -180, -224, -458, -546, -414, -492, 
-39, 1790, 1830, -875, -934, 1810, -180, -224, -458, -541, -414, -492, 
-34, 1790, 1825, -878, -929, 1808, -175, -224, -458, -541, -414, -492, 
-24, 1790, 1815, -883, -919, 1803, -175, -219, -453, -531, -414, -497, 
-24, 1790, 1815, -883, -919, 1803, -175, -219, -453, -531, -414, -497, 
-24, 1790, 1815, -883, -919, 1803, -175, -219, -453, -531, -414, -497, 
-29, 1790, 1820, -880, -924, 1805, -175, -219, -458, -531, -414, -497, 
-39, 1776, 1815, -868, -927, 1795, -165, -209, -458, -541, -414, -497, 
-39, 1776, 1815, -868, -927, 1795, -165, -209, -448, -536, -409, -497, 
-39, 1776, 1815, -868, -927, 1795, -165, -209, -448, -536, -409, -497, 
-34, 1776, 1810, -871, -922, 1793, -170, -214, -448, -536, -409, -497, 
-24, 1786, 1810, -880, -917, 1798, -175, -214, -453, -536, -419, -507, 
-24, 1786, 1810, -880, -917, 1798, -175, -214, -453, -536, -419, -507, 
-24, 1786, 1810, -880, -917, 1798, -175, -214, -453, -536, -419, -507, 
-24, 1786, 1810, -880, -917, 1798, -175, -214, -453, -536, -419, -507, 
-29, 1776, 1805, -873, -917, 1790, -175, -204, -444, -531, -419, -507, 
-34, 1776, 1810, -871, -922, 1793, -170, -200, -439, -531, -419, -507, 
-34, 1771, 1805, -868, -919, 1788, -170, -200, -439, -531, -419, -507, 
-39, 1771, 1810, -866, -924, 1790, -170, -195, -439, -531, -414, -507, 
-43, 1766, 1810, -861, -927, 1788, -170, -195, -439, -531, -424, -507, 
-43, 1766, 1810, -861, -927, 1788, -170, -195, -434, -531, -429, -507, 
-43, 1766, 1810, -861, -927, 1788, -170, -195, -429, -531, -429, -507, 
-48, 1766, 1815, -858, -932, 1790, -170, -185, -429, -527, -424, -507, 
-39, 1761, 1800, -861, -919, 1781, -170, -195, -424, -517, -424, -507, 
-39, 1761, 1800, -861, -919, 1781, -170, -195, -424, -517, -424, -507, 
-39, 1761, 1800, -861, -919, 1781, -170, -195, -424, -517, -424, -507, 
-39, 1766, 1805, -863, -922, 1786, -170, -190, -424, -512, -419, -507, 
-39, 1771, 1810, -866, -924, 1790, -170, -200, -419, -512, -414, -497, 
-34, 1776, 1810, -871, -922, 1793, -170, -195, -414, -512, -409, -497, 
-34, 1781, 1815, -873, -924, 1798, -170, -195, -414, -507, -405, -497, 
-29, 1786, 1815, -878, -922, 1800, -170, -190, -409, -507, -400, -497, 
-39, 1795, 1834, -878, -936, 1815, -180, -200, -419, -492, -385, -492, 
-43, 1795, 1839, -875, -941, 1817, -180, -200, -409, -483, -385, -488, 
-43, 1795, 1839, -875, -941, 1817, -180, -195, -409, -483, -385, -473, 
-43, 1795, 1839, -875, -941, 1817, -180, -190, -405, -483, -385, -468, 
-34, 1800, 1834, -883, -934, 1817, -180, -195, -390, -483, -370, -473, 
-34, 1800, 1834, -883, -934, 1817, -175, -190, -390, -483, -370, -473, 
-34, 1805, 1839, -885, -936, 1822, -175, -190, -390, -478, -370, -473, 
-34, 1820, 1854, -893, -944, 1837, -175, -185, -385, -468, -370, -473, 
-24, 1820, 1844, -897, -934, 1832, -165, -180, -370, -468, -380, -473, 
-19, 1815, 1834, -897, -927, 1825, -165, -170, -366, -468, -375, -473, 
-19, 1810, 1830, -895, -924, 1820, -161, -165, -361, -468, -375, -473, 
-24, 1805, 1830, -890, -927, 1817, -161, -156, -356, -458, -370, -468, 
-29, 1795, 1825, -883, -927, 1810, -151, -141, -341, -453, -370, -478, 
-29, 1795, 1825, -883, -927, 1810, -156, -136, -341, -448, -370, -478, 
-24, 1800, 1825, -888, -924, 1812, -156, -131, -336, -444, -375, -468, 
-24, 1800, 1825, -888, -924, 1812, -156, -126, -326, -439, -375, -468, 
-24, 1800, 1825, -888, -924, 1812, -156, -122, -326, -434, -366, -468, 
-24, 1800, 1825, -888, -924, 1812, -156, -117, -326, -434, -361, -468, 
-24, 1800, 1825, -888, -924, 1812, -156, -112, -326, -429, -361, -463, 
-24, 1805, 1830, -890, -927, 1817, -156, -102, -326, -424, -351, -463, 
-19, 1800, 1820, -890, -919, 1810, -146, -107, -317, -429, -351, -463, 
-19, 1800, 1820, -890, -919, 1810, -146, -92, -307, -424, -356, -468, 
-24, 1800, 1825, -888, -924, 1812, -146, -92, -297, -419, -356, -468, 
-24, 1805, 1830, -890, -927, 1817, -146, -87, -292, -409, -356, -468, 
-29, 1800, 1830, -885, -929, 1815, -156, -73, -287, -400, -356, -468, 
-24, 1800, 1825, -888, -924, 1812, -156, -68, -273, -395, -351, -468, 
-14, 1805, 1820, -895, -917, 1812, -156, -63, -263, -390, -346, -468, 
-14, 1810, 1825, -897, -919, 1817, -156, -58, -263, -385, -341, -468, 
0, 1810, 1810, -905, -905, 1810, -165, -58, -263, -385, -341, -468, 
14, 1810, 1795, -912, -890, 1803, -165, -43, -253, -375, -336, -468, 
19, 1810, 1790, -915, -885, 1800, -165, -34, -244, -366, -331, -458, 
24, 1810, 1786, -917, -880, 1798, -165, -24, -224, -356, -322, -458, 
14, 1820, 1805, -917, -895, 1812, -156, 0, -204, -336, -317, -448, 
19, 1820, 1800, -919, -890, 1810, -156, 9, -190, -326, -307, -444, 
29, 1820, 1790, -924, -880, 1805, -156, 19, -185, -317, -297, -439, 
29, 1825, 1795, -927, -883, 1810, -151, 39, -175, -307, -297, -434, 
29, 1830, 1800, -929, -885, 1815, -151, 39, -161, -312, -292, -439, 
34, 1830, 1795, -932, -880, 1812, -151, 48, -146, -302, -283, -439, 
34, 1834, 1800, -934, -883, 1817, -151, 58, -131, -292, -273, -439, 
29, 1834, 1805, -932, -888, 1820, -151, 73, -122, -283, -268, -429, 
29, 1834, 1805, -932, -888, 1820, -146, 87, -97, -258, -258, -424, 
29, 1839, 1810, -934, -890, 1825, -146, 107, -87, -239, -253, -414, 
34, 1844, 1810, -939, -888, 1827, -146, 122, -78, -229, -244, -405, 
39, 1849, 1810, -944, -885, 1830, -151, 136, -63, -214, -239, -405, 
53, 1844, 1790, -949, -868, 1817, -161, 136, -58, -204, -224, -400, 
53, 1854, 1800, -954, -873, 1827, -161, 146, -43, -200, -224, -395, 
53, 1859, 1805, -956, -875, 1832, -161, 165, -24, -185, -209, -390, 
53, 1864, 1810, -958, -878, 1837, -161, 175, -4, -175, -200, -390, 
68, 1869, 1800, -968, -866, 1834, -170, 185, 0, -170, -195, -380, 
73, 1873, 1800, -973, -863, 1837, -170, 200, 14, -161, -185, -380, 
82, 1878, 1795, -980, -856, 1837, -170, 209, 29, -146, -185, -380, 
87, 1878, 1790, -983, -851, 1834, -170, 224, 43, -136, -175, -375, 
87, 1888, 1800, -988, -856, 1844, -165, 234, 63, -112, -165, -370, 
92, 1893, 1800, -993, -854, 1847, -165, 253, 78, -102, -156, -366, 
97, 1898, 1800, -997, -851, 1849, -165, 263, 92, -82, -151, -351, 
107, 1903, 1795, -1005, -844, 1849, -165, 273, 107, -68, -141, -346, 
102, 1908, 1805, -1005, -851, 1856, -165, 287, 126, -58, -131, -351, 
112, 1908, 1795, -1010, -841, 1851, -165, 297, 141, -48, -122, -346, 
126, 1912, 1786, -1019, -829, 1849, -165, 307, 156, -39, -112, -331, 
136, 1917, 1781, -1027, -822, 1849, -165, 317, 161, -29, -107, -331, 
136, 1917, 1781, -1027, -822, 1849, -165, 326, 180, -4, -92, -326, 
141, 1922, 1781, -1032, -819, 1851, -165, 341, 195, 0, -87, -317, 
141, 1927, 1786, -1034, -822, 1856, -165, 351, 200, 9, -82, -312, 
146, 1932, 1786, -1039, -819, 1859, -175, 366, 209, 24, -68, -297, 
161, 1947, 1786, -1054, -812, 1866, -190, 356, 214, 19, -63, -297, 
165, 1947, 1781, -1056, -807, 1864, -195, 356, 219, 24, -53, -292, 
175, 1947, 1771, -1061, -797, 1859, -200, 356, 234, 24, -53, -292, 
175, 1952, 1776, -1063, -800, 1864, -200, 356, 234, 34, -48, -278, 
190, 1966, 1776, -1078, -793, 1871, -204, 366, 244, 39, -43, -268, 
190, 1971, 1781, -1080, -795, 1876, -209, 366, 244, 43, -39, -263, 
195, 1976, 1781, -1085, -793, 1878, -209, 366, 244, 48, -34, -258, 
195, 1976, 1781, -1085, -793, 1878, -209, 361, 234, 53, -29, -258, 
209, 1976, 1766, -1093, -778, 1871, -224, 370, 234, 48, -34, -248, 
209, 1986, 1776, -1098, -783, 1881, -229, 361, 224, 48, -29, -248, 
204, 1991, 1786, -1098, -790, 1888, -234, 341, 224, 53, -24, -248, 
204, 1991, 1786, -1098, -790, 1888, -239, 331, 214, 53, -24, -248, 
195, 1986, 1790, -1090, -797, 1888, -244, 326, 200, 39, -24, -253, 
200, 1991, 1790, -1095, -795, 1891, -248, 312, 180, 24, -29, -253, 
200, 1995, 1795, -1098, -797, 1895, -248, 292, 170, 9, -34, -253, 
195, 2000, 1805, -1098, -805, 1903, -248, 268, 151, -4, -34, -253, 
185, 2000, 1815, -1093, -814, 1908, -244, 253, 126, -9, -48, -263, 
180, 2000, 1820, -1090, -819, 1910, -244, 234, 97, -29, -58, -268, 
180, 2000, 1820, -1090, -819, 1910, -244, 214, 78, -48, -68, -268, 
180, 2000, 1820, -1090, -819, 1910, -244, 190, 58, -63, -78, -268, 
185, 2000, 1815, -1093, -814, 1908, -253, 156, 39, -87, -87, -268, 
180, 1995, 1815, -1088, -817, 1905, -253, 136, 19, -102, -102, -268, 
165, 1995, 1830, -1080, -832, 1912, -248, 117, -4, -117, -112, -268, 
161, 1991, 1830, -1076, -834, 1910, -248, 87, -29, -136, -122, -278, 
146, 1976, 1830, -1061, -841, 1903, -253, 58, -68, -165, -141, -287, 
141, 1976, 1834, -1058, -846, 1905, -258, 29, -97, -200, -151, -292, 
131, 1976, 1844, -1054, -856, 1910, -263, 4, -126, -214, -161, -302, 
131, 1971, 1839, -1051, -854, 1905, -268, -14, -156, -229, -170, -307, 
112, 1956, 1844, -1034, -866, 1900, -278, -39, -175, -248, -180, -322, 
107, 1952, 1844, -1029, -868, 1898, -278, -58, -195, -268, -190, -331, 
102, 1947, 1844, -1024, -871, 1895, -273, -73, -214, -283, -200, -331, 
92, 1947, 1854, -1019, -880, 1900, -273, -82, -229, -297, -214, -336, 
82, 1952, 1869, -1017, -893, 1910, -273, -92, -248, -312, -219, -331, 
78, 1947, 1869, -1012, -895, 1908, -273, -112, -268, -322, -224, -336, 
63, 1947, 1883, -1005, -910, 1915, -273, -126, -278, -336, -234, -341, 
63, 1947, 1883, -1005, -910, 1915, -273, -136, -292, -346, -239, -346, 
68, 1937, 1869, -1002, -900, 1903, -273, -151, -317, -366, -258, -356, 
63, 1932, 1869, -997, -902, 1900, -273, -161, -331, -380, -268, -366, 
58, 1927, 1869, -993, -905, 1898, -273, -170, -336, -390, -278, -370, 
53, 1922, 1869, -988, -907, 1895, -273, -185, -341, -400, -278, -370, 
39, 1908, 1869, -973, -915, 1888, -263, -200, -351, -395, -287, -380, 
39, 1903, 1864, -971, -912, 1883, -263, -209, -356, -405, -292, -380, 
34, 1898, 1864, -966, -915, 1881, -263, -214, -366, -409, -297, -385, 
29, 1893, 1864, -961, -917, 1878, -263, -219, -375, -409, -297, -390, 
39, 1903, 1864, -971, -912, 1883, -263, -224, -380, -419, -302, -390, 
39, 1903, 1864, -971, -912, 1883, -263, -224, -385, -429, -302, -390, 
34, 1903, 1869, -968, -917, 1886, -263, -229, -390, -434, -307, -400, 
29, 1903, 1873, -966, -922, 1888, -263, -229, -395, -439, -307, -400, 
19, 1908, 1888, -963, -934, 1898, -263, -224, -395, -434, -302, -390, 
19, 1908, 1888, -963, -934, 1898, -258, -224, -395, -439, -302, -390, 
19, 1903, 1883, -961, -932, 1893, -253, -224, -400, -444, -307, -395, 
14, 1898, 1883, -956, -934, 1891, -253, -224, -405, -444, -312, -400, 
24, 1908, 1883, -966, -929, 1895, -253, -234, -409, -453, -317, -405, 
24, 1903, 1878, -963, -927, 1891, -253, -239, -409, -453, -317, -405, 
19, 1903, 1883, -961, -932, 1893, -253, -244, -419, -453, -322, -405, 
19, 1912, 1893, -966, -936, 1903, -253, -248, -419, -453, -322, -405, 
19, 1903, 1883, -961, -932, 1893, -263, -253, -419, -468, -331, -414, 
14, 1893, 1878, -954, -932, 1886, -263, -253, -419, -468, -331, -414, 
9, 1893, 1883, -951, -936, 1888, -263, -253, -419, -468, -331, -414, 
4, 1898, 1893, -951, -944, 1895, -263, -248, -419, -468, -326, -414, 
4, 1898, 1893, -951, -944, 1895, -253, -248, -429, -478, -336, -414, 
9, 1903, 1893, -956, -941, 1898, -248, -253, -434, -478, -336, -414, 
14, 1903, 1888, -958, -936, 1895, -248, -253, -439, -478, -336, -414, 
19, 1903, 1883, -961, -932, 1893, -248, -248, -444, -478, -336, -419, 
14, 1903, 1888, -958, -936, 1895, -248, -258, -434, -478, -336, -419, 
9, 1898, 1888, -954, -939, 1893, -253, -258, -434, -478, -336, -419, 
4, 1893, 1888, -949, -941, 1891, -253, -263, -434, -478, -341, -419, 
-4, 1888, 1893, -941, -949, 1891, -253, -263, -434, -478, -346, -419, 
0, 1888, 1888, -944, -944, 1888, -258, -273, -439, -483, -346, -419, 
0, 1893, 1893, -946, -946, 1893, -263, -273, -439, -483, -346, -424, 
0, 1893, 1893, -946, -946, 1893, -268, -268, -439, -488, -346, -424, 
0, 1898, 1898, -949, -949, 1898, -273, -268, -439, -488, -346, -419, 
-9, 1898, 1908, -944, -958, 1903, -263, -268, -439, -483, -336, -419, 
-4, 1898, 1903, -946, -954, 1900, -263, -268, -439, -483, -336, -419, 
-4, 1898, 1903, -946, -954, 1900, -263, -268, -439, -478, -336, -419, 
-4, 1898, 1903, -946, -954, 1900, -263, -268, -439, -478, -336, -419, 
9, 1908, 1898, -958, -944, 1903, -258, -263, -429, -468, -346, -419, 
9, 1908, 1898, -958, -944, 1903, -258, -258, -429, -468, -346, -419, 
4, 1908, 1903, -956, -949, 1905, -258, -253, -429, -468, -346, -414, 
4, 1908, 1903, -956, -949, 1905, -258, -248, -424, -468, -346, -414, 
9, 1908, 1898, -958, -944, 1903, -258, -258, -424, -478, -346, -414, 
9, 1908, 1898, -958, -944, 1903, -258, -258, -429, -478, -346, -414, 
9, 1908, 1898, -958, -944, 1903, -258, -258, -434, -483, -346, -414, 
9, 1908, 1898, -958, -944, 1903, -258, -258, -434, -483, -346, -419, 
9, 1898, 1888, -954, -939, 1893, -268, -258, -434, -468, -346, -409, 
9, 1898, 1888, -954, -939, 1893, -268, -253, -434, -468, -341, -409, 
9, 1898, 1888, -954, -939, 1893, -268, -253, -434, -468, -341, -409, 
9, 1898, 1888, -954, -939, 1893, -268, -258, -434, -468, -341, -409, 
9, 1898, 1888, -954, -939, 1893, -263, -258, -434, -468, -341, -409, 
14, 1898, 1883, -956, -934, 1891, -263, -253, -434, -468, -341, -409, 
14, 1898, 1883, -956, -934, 1891, -258, -253, -434, -468, -341, -409, 
9, 1898, 1888, -954, -939, 1893, -258, -253, -434, -468, -341, -409, 
9, 1898, 1888, -954, -939, 1893, -263, -253, -424, -468, -341, -419, 
9, 1898, 1888, -954, -939, 1893, -263, -253, -424, -468, -341, -419, 
4, 1898, 1893, -951, -944, 1895, -263, -253, -424, -468, -341, -419, 
4, 1898, 1893, -951, -944, 1895, -263, -253, -424, -468, -341, -419, 
4, 1898, 1893, -951, -944, 1895, -263, -244, -434, -468, -331, -409, 
4, 1893, 1888, -949, -941, 1891, -263, -244, -434, -468, -336, -409, 
4, 1893, 1888, -949, -941, 1891, -263, -244, -434, -468, -336, -409, 
4, 1898, 1893, -951, -944, 1895, -263, -244, -434, -468, -331, -409, 
4, 1888, 1883, -946, -939, 1886, -273, -248, -424, -468, -331, -409, 
4, 1888, 1883, -946, -939, 1886, -273, -248, -424, -468, -331, -409, 
4, 1883, 1878, -944, -936, 1881, -273, -248, -424, -468, -331, -409, 
4, 1878, 1873, -941, -934, 1876, -273, -253, -424, -468, -331, -409, 
4, 1888, 1883, -946, -939, 1886, -263, -253, -434, -468, -341, -409, 
4, 1888, 1883, -946, -939, 1886, -263, -253, -434, -468, -341, -409, 
4, 1888, 1883, -946, -939, 1886, -268, -253, -434, -468, -341, -409, 
4, 1888, 1883, -946, -939, 1886, -268, -253, -434, -468, -341, -409, 
14, 1903, 1888, -958, -936, 1895, -263, -253, -434, -468, -331, -409, 
14, 1903, 1888, -958, -936, 1895, -263, -253, -434, -468, -331, -409, 
14, 1898, 1883, -956, -934, 1891, -263, -253, -434, -473, -331, -409, 
14, 1898, 1883, -956, -934, 1891, -263, -253, -434, -473, -341, -409, 
24, 1888, 1864, -956, -919, 1876, -273, -253, -429, -463, -331, -400, 
24, 1888, 1864, -956, -919, 1876, -273, -253, -429, -463, -326, -400, 
24, 1888, 1864, -956, -919, 1876, -273, -253, -429, -458, -326, -400, 
24, 1888, 1864, -956, -919, 1876, -273, -253, -429, -458, -326, -400, 
19, 1888, 1869, -954, -924, 1878, -273, -263, -434, -473, -336, -409, 
14, 1878, 1864, -946, -924, 1871, -273, -263, -439, -473, -341, -409, 
9, 1878, 1869, -944, -929, 1873, -273, -268, -444, -473, -341, -409, 
4, 1883, 1878, -944, -936, 1881, -278, -268, -448, -473, -341, -409, 
4, 1883, 1878, -944, -936, 1881, -268, -258, -439, -473, -341, -409, 
4, 1883, 1878, -944, -936, 1881, -263, -258, -439, -468, -336, -409, 
4, 1883, 1878, -944, -936, 1881, -263, -258, -434, -468, -336, -409, 
4, 1883, 1878, -944, -936, 1881, -263, -258, -434, -473, -336, -409, 
14, 1883, 1869, -949, -927, 1876, -273, -253, -424, -468, -336, -400, 
14, 1883, 1869, -949, -927, 1876, -273, -253, -424, -473, -341, -400, 
14, 1883, 1869, -949, -927, 1876, -273, -263, -434, -478, -341, -400, 
14, 1883, 1869, -949, -927, 1876, -278, -268, -439, -478, -341, -400, 
29, 1893, 1864, -961, -917, 1878, -278, -268, -448, -468, -341, -400, 
29, 1893, 1864, -961, -917, 1878, -278, -268, -448, -478, -346, -405, 
29, 1893, 1864, -961, -917, 1878, -278, -263, -448, -478, -346, -405, 
29, 1893, 1864, -961, -917, 1878, -278, -263, -448, -473, -346, -405, 
19, 1893, 1873, -956, -927, 1883, -268, -273, -439, -473, -336, -405, 
19, 1893, 1873, -956, -927, 1883, -268, -273, -439, -473, -336, -405, 
19, 1893, 1873, -956, -927, 1883, -268, -273, -444, -473, -336, -405, 
19, 1893, 1873, -956, -927, 1883, -268, -278, -444, -473, -336, -405, 
19, 1893, 1873, -956, -927, 1883, -278, -278, -453, -473, -336, -405, 
19, 1893, 1873, -956, -927, 1883, -278, -278, -453, -478, -336, -405, 
14, 1893, 1878, -954, -932, 1886, -278, -278, -448, -483, -336, -405, 
14, 1893, 1878, -954, -932, 1886, -278, -283, -448, -483, -336, -405, 
24, 1893, 1869, -958, -922, 1881, -287, -278, -458, -478, -346, -405, 
24, 1893, 1869, -958, -922, 1881, -283, -278, -458, -478, -346, -405, 
24, 1893, 1869, -958, -922, 1881, -278, -278, -463, -488, -351, -405, 
24, 1893, 1869, -958, -922, 1881, -278, -278, -463, -488, -351, -405, 
24, 1893, 1869, -958, -922, 1881, -283, -287, -453, -483, -351, -405, 
24, 1893, 1869, -958, -922, 1881, -283, -287, -453, -483, -351, -405, 
24, 1893, 1869, -958, -922, 1881, -278, -287, -453, -488, -351, -409, 
19, 1893, 1873, -956, -927, 1883, -278, -287, -458, -488, -356, -414, 
19, 1898, 1878, -958, -929, 1888, -278, -278, -458, -483, -351, -405, 
19, 1898, 1878, -958, -929, 1888, -278, -278, -458, -483, -351, -405, 
19, 1903, 1883, -961, -932, 1893, -278, -278, -453, -483, -351, -405, 
19, 1908, 1888, -963, -934, 1898, -278, -278, -453, -483, -351, -405, 
19, 1898, 1878, -958, -929, 1888, -278, -278, -453, -488, -351, -405, 
19, 1898, 1878, -958, -929, 1888, -278, -283, -458, -492, -356, -405, 
14, 1898, 1883, -956, -934, 1891, -278, -283, -458, -492, -356, -409, 
14, 1903, 1888, -958, -936, 1895, -278, -283, -458, -488, -356, -409, 
14, 1893, 1878, -954, -932, 1886, -283, -283, -458, -497, -356, -405, 
14, 1893, 1878, -954, -932, 1886, -283, -283, -458, -497, -356, -405, 
19, 1893, 1873, -956, -927, 1883, -283, -283, -458, -497, -356, -405, 
19, 1893, 1873, -956, -927, 1883, -278, -283, -458, -497, -351, -405, 
19, 1898, 1878, -958, -929, 1888, -278, -283, -458, -492, -351, -405, 
19, 1898, 1878, -958, -929, 1888, -283, -283, -458, -492, -351, -405, 
19, 1903, 1883, -961, -932, 1893, -287, -283, -458, -492, -351, -409, 
14, 1908, 1893, -961, -939, 1900, -292, -292, -463, -492, -361, -414, 
24, 1903, 1878, -963, -927, 1891, -287, -283, -463, -492, -361, -414, 
24, 1903, 1878, -963, -927, 1891, -287, -283, -463, -497, -356, -414, 
34, 1912, 1878, -973, -922, 1895, -287, -278, -463, -497, -351, -414, 
34, 1917, 1883, -976, -924, 1900, -287, -278, -463, -497, -351, -414, 
43, 1908, 1864, -976, -910, 1886, -287, -287, -463, -502, -356, -414, 
39, 1908, 1869, -973, -915, 1888, -287, -287, -463, -502, -356, -414, 
39, 1912, 1873, -976, -917, 1893, -292, -287, -463, -497, -361, -414, 
43, 1912, 1869, -978, -912, 1891, -292, -287, -463, -497, -361, -409, 
39, 1922, 1883, -980, -922, 1903, -302, -297, -463, -497, -361, -419, 
39, 1922, 1883, -980, -922, 1903, -302, -297, -463, -497, -361, -429, 
34, 1922, 1888, -978, -927, 1905, -302, -297, -463, -497, -361, -429, 
34, 1927, 1893, -980, -929, 1910, -307, -297, -463, -497, -356, -424, 
29, 1927, 1898, -978, -934, 1912, -307, -302, -463, -497, -356, -414, 
29, 1932, 1903, -980, -936, 1917, -302, -302, -463, -497, -356, -414, 
24, 1932, 1908, -978, -941, 1920, -307, -302, -463, -497, -356, -414, 
24, 1932, 1908, -978, -941, 1920, -307, -302, -463, -497, -351, -414, 
24, 1922, 1898, -973, -936, 1910, -307, -302, -473, -492, -351, -419, 
19, 1922, 1903, -971, -941, 1912, -302, -302, -473, -492, -351, -419, 
19, 1922, 1903, -971, -941, 1912, -297, -302, -468, -492, -351, -419, 
24, 1927, 1903, -976, -939, 1915, -292, -302, -468, -492, -351, -419, 
14, 1927, 1912, -971, -949, 1920, -302, -307, -468, -502, -351, -419, 
14, 1927, 1912, -971, -949, 1920, -302, -307, -473, -502, -351, -419, 
14, 1922, 1908, -968, -946, 1915, -297, -302, -473, -507, -351, -419, 
14, 1912, 1898, -963, -941, 1905, -297, -302, -473, -507, -351, -419, 
14, 1912, 1898, -963, -941, 1905, -287, -302, -483, -507, -361, -419, 
19, 1917, 1898, -968, -939, 1908, -292, -302, -483, -502, -361, -414, 
19, 1922, 1903, -971, -941, 1912, -292, -302, -483, -502, -361, -414, 
19, 1922, 1903, -971, -941, 1912, -287, -307, -478, -502, -361, -414, 
19, 1932, 1912, -976, -946, 1922, -297, -297, -478, -492, -361, -414, 
19, 1927, 1908, -973, -944, 1917, -297, -297, -478, -497, -361, -414, 
19, 1922, 1903, -971, -941, 1912, -297, -297, -478, -502, -356, -414, 
19, 1917, 1898, -968, -939, 1908, -297, -297, -478, -507, -356, -414, 
19, 1917, 1898, -968, -939, 1908, -297, -312, -478, -502, -366, -419, 
14, 1912, 1898, -963, -941, 1905, -297, -312, -478, -502, -361, -419, 
9, 1908, 1898, -958, -944, 1903, -297, -312, -478, -497, -361, -419, 
9, 1908, 1898, -958, -944, 1903, -297, -317, -483, -497, -361, -424, 
14, 1917, 1903, -966, -944, 1910, -307, -307, -478, -497, -361, -419, 
14, 1917, 1903, -966, -944, 1910, -307, -307, -478, -497, -361, -419, 
14, 1917, 1903, -966, -944, 1910, -302, -307, -478, -497, -361, -419, 
14, 1917, 1903, -966, -944, 1910, -302, -312, -478, -497, -361, -419, 
24, 1917, 1893, -971, -934, 1905, -297, -302, -478, -497, -361, -409, 
29, 1912, 1883, -971, -927, 1898, -302, -312, -478, -507, -361, -419, 
29, 1912, 1883, -971, -927, 1898, -302, -312, -478, -507, -361, -419, 
29, 1912, 1883, -971, -927, 1898, -302, -312, -478, -507, -361, -419, 
29, 1912, 1883, -971, -927, 1898, -302, -312, -478, -507, -361, -419, 
29, 1912, 1883, -971, -927, 1898, -302, -312, -478, -507, -361, -419, 
14, 1903, 1888, -958, -936, 1895, -302, -322, -488, -507, -361, -429, 
9, 1903, 1893, -956, -941, 1898, -302, -322, -488, -507, -361, -429, 
4, 1903, 1898, -954, -946, 1900, -302, -322, -488, -507, -361, -429, 
0, 1903, 1903, -951, -951, 1903, -302, -322, -488, -507, -361, -429, 
9, 1903, 1893, -956, -941, 1898, -302, -322, -478, -517, -370, -429, 
9, 1903, 1893, -956, -941, 1898, -302, -322, -478, -517, -370, -429, 
9, 1903, 1893, -956, -941, 1898, -302, -322, -478, -517, -370, -429, 
9, 1903, 1893, -956, -941, 1898, -302, -322, -478, -517, -370, -429, 
24, 1912, 1888, -968, -932, 1900, -312, -322, -478, -517, -370, -439, 
29, 1912, 1883, -971, -927, 1898, -312, -322, -478, -517, -370, -439, 
34, 1912, 1878, -973, -922, 1895, -312, -322, -478, -517, -370, -439, 
39, 1912, 1873, -976, -917, 1893, -312, -322, -478, -517, -370, -439, 
29, 1922, 1893, -976, -932, 1908, -302, -312, -468, -507, -366, -434, 
29, 1922, 1893, -976, -932, 1908, -302, -312, -468, -507, -361, -429, 
29, 1922, 1893, -976, -932, 1908, -302, -312, -468, -507, -356, -424, 
29, 1922, 1893, -976, -932, 1908, -302, -312, -468, -507, -351, -419, 
19, 1912, 1893, -966, -936, 1903, -312, -312, -468, -497, -351, -409, 
19, 1912, 1893, -966, -936, 1903, -312, -312, -468, -497, -351, -409, 
19, 1912, 1893, -966, -936, 1903, -312, -312, -468, -497, -351, -409, 
19, 1912, 1893, -966, -936, 1903, -312, -312, -468, -497, -351, -409, 
19, 1912, 1893, -966, -936, 1903, -312, -312, -478, -507, -351, -419, 
19, 1912, 1893, -966, -936, 1903, -312, -312, -478, -507, -351, -419, 
19, 1912, 1893, -966, -936, 1903, -312, -312, -478, -507, -351, -419, 
19, 1912, 1893, -966, -936, 1903, -312, -312, -478, -507, -351, -419, 
19, 1912, 1893, -966, -936, 1903, -322, -322, -478, -507, -351, -409, 
19, 1912, 1893, -966, -936, 1903, -322, -322, -478, -507, -351, -409, 
19, 1912, 1893, -966, -936, 1903, -322, -322, -478, -507, -351, -409, 
19, 1912, 1893, -966, -936, 1903, -322, -322, -478, -507, -351, -409, 
9, 1903, 1893, -956, -941, 1898, -317, -322, -478, -497, -351, -409, 
9, 1903, 1893, -956, -941, 1898, -312, -322, -478, -497, -351, -409, 
4, 1898, 1893, -951, -944, 1895, -307, -326, -478, -497, -351, -409, 
4, 1898, 1893, -951, -944, 1895, -302, -326, -478, -502, -351, -409, 
4, 1903, 1898, -954, -946, 1900, -302, -317, -473, -502, -356, -419, 
4, 1903, 1898, -954, -946, 1900, -302, -317, -478, -502, -356, -419, 
0, 1893, 1893, -946, -946, 1893, -302, -317, -478, -497, -356, -419, 
0, 1888, 1888, -944, -944, 1888, -302, -312, -473, -497, -361, -424, 
14, 1903, 1888, -958, -936, 1895, -312, -312, -473, -497, -361, -414, 
19, 1908, 1888, -963, -934, 1898, -312, -312, -478, -497, -356, -414, 
24, 1912, 1888, -968, -932, 1900, -312, -312, -478, -497, -356, -409, 
29, 1922, 1893, -976, -932, 1908, -312, -312, -478, -492, -356, -409, 
19, 1912, 1893, -966, -936, 1903, -307, -302, -463, -483, -341, -405, 
19, 1917, 1898, -968, -939, 1908, -302, -297, -458, -488, -341, -405, 
19, 1917, 1898, -968, -939, 1908, -297, -297, -458, -488, -341, -405, 
19, 1917, 1898, -968, -939, 1908, -292, -297, -458, -488, -346, -405, 
19, 1917, 1898, -968, -939, 1908, -283, -297, -458, -478, -341, -400, 
19, 1917, 1898, -968, -939, 1908, -283, -292, -458, -478, -336, -400, 
19, 1917, 1898, -968, -939, 1908, -283, -287, -453, -473, -331, -395, 
24, 1922, 1898, -973, -936, 1910, -283, -278, -448, -468, -326, -395, 
34, 1927, 1893, -980, -929, 1910, -283, -268, -444, -458, -322, -395, 
43, 1927, 1883, -985, -919, 1905, -278, -258, -424, -448, -322, -385, 
58, 1932, 1873, -995, -907, 1903, -273, -258, -419, -439, -307, -370, 
68, 1947, 1878, -1007, -905, 1912, -273, -258, -405, -434, -297, -370, 
73, 1956, 1883, -1015, -905, 1920, -273, -244, -400, -434, -302, -366, 
82, 1961, 1878, -1022, -897, 1920, -273, -239, -390, -419, -297, -366, 
87, 1961, 1873, -1024, -893, 1917, -273, -229, -385, -414, -292, -361, 
92, 1961, 1869, -1027, -888, 1915, -273, -224, -385, -414, -292, -351, 
78, 1947, 1869, -1012, -895, 1908, -268, -239, -390, -414, -292, -351, 
73, 1947, 1873, -1010, -900, 1910, -268, -239, -390, -419, -292, -356, 
73, 1952, 1878, -1012, -902, 1915, -268, -234, -390, -424, -292, -356, 
73, 1956, 1883, -1015, -905, 1920, -273, -234, -395, -429, -292, -351, 
63, 1942, 1878, -1002, -907, 1910, -273, -239, -395, -434, -302, -361, 
58, 1937, 1878, -997, -910, 1908, -268, -244, -400, -439, -302, -361, 
58, 1927, 1869, -993, -905, 1898, -263, -248, -400, -444, -307, -366, 
53, 1912, 1859, -983, -902, 1886, -258, -248, -405, -453, -307, -370, 
48, 1917, 1869, -983, -910, 1893, -263, -258, -419, -448, -322, -385, 
48, 1917, 1869, -983, -910, 1893, -268, -268, -434, -463, -326, -395, 
48, 1922, 1873, -985, -912, 1898, -268, -278, -434, -473, -326, -400, 
43, 1927, 1883, -985, -919, 1905, -273, -278, -434, -473, -326, -400, 
43, 1917, 1873, -980, -915, 1895, -297, -287, -453, -488, -341, -409, 
48, 1912, 1864, -980, -907, 1888, -302, -292, -463, -502, -356, -409, 
48, 1903, 1854, -976, -902, 1878, -312, -312, -478, -512, -356, -414, 
48, 1903, 1854, -976, -902, 1878, -322, -322, -483, -517, -361, -429, 
58, 1888, 1830, -973, -885, 1859, -341, -331, -507, -517, -366, -434, 
58, 1888, 1830, -973, -885, 1859, -351, -336, -517, -522, -370, -439, 
58, 1878, 1820, -968, -880, 1849, -351, -336, -517, -522, -375, -439, 
58, 1873, 1815, -966, -878, 1844, -346, -341, -517, -522, -375, -439, 
58, 1883, 1825, -971, -883, 1854, -346, -336, -507, -512, -366, -429, 
58, 1878, 1820, -968, -880, 1849, -346, -341, -507, -512, -366, -429, 
58, 1878, 1820, -968, -880, 1849, -346, -341, -512, -522, -370, -434, 
53, 1878, 1825, -966, -885, 1851, -346, -336, -512, -527, -375, -439, 
63, 1893, 1830, -978, -883, 1861, -356, -336, -507, -517, -370, -434, 
63, 1898, 1834, -980, -885, 1866, -351, -336, -507, -512, -366, -429, 
58, 1908, 1849, -983, -895, 1878, -351, -331, -502, -512, -361, -424, 
58, 1917, 1859, -988, -900, 1888, -351, -326, -502, -517, -351, -419, 
53, 1908, 1854, -980, -900, 1881, -351, -326, -502, -517, -356, -429, 
53, 1908, 1854, -980, -900, 1881, -351, -336, -502, -512, -361, -424, 
63, 1908, 1844, -985, -890, 1876, -356, -336, -502, -512, -366, -424, 
63, 1903, 1839, -983, -888, 1871, -356, -341, -507, -512, -370, -424, 
53, 1903, 1849, -978, -897, 1876, -361, -346, -517, -522, -380, -429, 
53, 1903, 1849, -978, -897, 1876, -366, -351, -517, -527, -380, -429, 
53, 1903, 1849, -978, -897, 1876, -370, -356, -517, -527, -375, -429, 
53, 1908, 1854, -980, -900, 1881, -375, -361, -507, -527, -375, -424, 
48, 1903, 1854, -976, -902, 1878, -361, -346, -502, -522, -361, -414, 
39, 1903, 1864, -971, -912, 1883, -361, -346, -502, -522, -361, -414, 
19, 1898, 1878, -958, -929, 1888, -356, -346, -507, -517, -361, -414, 
9, 1898, 1888, -954, -939, 1893, -351, -346, -507, -517, -356, -414, 
4, 1912, 1908, -958, -951, 1910, -346, -346, -492, -507, -346, -405, 
0, 1917, 1917, -958, -958, 1917, -341, -346, -483, -507, -346, -405, 
-4, 1917, 1922, -956, -963, 1920, -331, -346, -478, -502, -346, -405, 
-19, 1917, 1937, -949, -978, 1927, -322, -341, -468, -497, -346, -405, 
-19, 1908, 1927, -944, -973, 1917, -331, -341, -478, -502, -346, -405, 
-9, 1908, 1917, -949, -963, 1912, -331, -341, -483, -507, -351, -409, 
0, 1912, 1912, -956, -956, 1912, -331, -346, -488, -512, -361, -414, 
4, 1912, 1908, -958, -951, 1910, -331, -346, -497, -522, -366, -419, 
4, 1908, 1903, -956, -949, 1905, -331, -356, -507, -531, -370, -424, 
9, 1903, 1893, -956, -941, 1898, -331, -351, -512, -531, -375, -429, 
14, 1903, 1888, -958, -936, 1895, -331, -351, -517, -531, -375, -434, 
14, 1903, 1888, -958, -936, 1895, -331, -351, -522, -531, -380, -444, 
4, 1908, 1903, -956, -949, 1905, -331, -351, -517, -522, -380, -434, 
4, 1903, 1898, -954, -946, 1900, -331, -351, -512, -522, -380, -434, 
4, 1898, 1893, -951, -944, 1895, -331, -351, -502, -522, -385, -434, 
4, 1888, 1883, -946, -939, 1886, -322, -351, -497, -522, -385, -434, 
4, 1903, 1898, -954, -946, 1900, -317, -336, -483, -507, -375, -414, 
-9, 1893, 1903, -941, -956, 1898, -312, -331, -483, -507, -370, -414, 
-9, 1893, 1903, -941, -956, 1898, -307, -326, -478, -497, -361, -414, 
-9, 1893, 1903, -941, -956, 1898, -307, -322, -483, -497, -370, -424, 
-9, 1893, 1903, -941, -956, 1898, -302, -317, -468, -502, -366, -424, 
-19, 1888, 1908, -934, -963, 1898, -292, -292, -448, -492, -366, -424, 
-9, 1873, 1883, -932, -946, 1878, -283, -268, -424, -468, -351, -424, 
-9, 1869, 1878, -929, -944, 1873, -283, -253, -400, -453, -341, -414, 
-14, 1869, 1883, -927, -949, 1876, -283, -248, -370, -429, -317, -405, 
-14, 1869, 1883, -927, -949, 1876, -287, -234, -356, -405, -292, -390, 
9, 1873, 1864, -941, -927, 1869, -292, -219, -336, -375, -268, -370, 
39, 1873, 1834, -956, -897, 1854, -297, -175, -283, -317, -219, -336, 
68, 1883, 1815, -976, -873, 1849, -297, -112, -204, -248, -165, -283, 
97, 1912, 1815, -1005, -858, 1864, -312, -34, -117, -151, -87, -204, 
151, 1986, 1834, -1068, -841, 1910, -336, 43, 4, -24, 53, -87, 
204, 2064, 1859, -1134, -827, 1961, -385, 92, 117, 97, 185, 53, 
268, 2156, 1888, -1212, -810, 2022, -434, 122, 185, 180, 292, 175, 
331, 2264, 1932, -1298, -800, 2098, -488, 112, 224, 273, 409, 292, 
405, 2371, 1966, -1388, -780, 2169, -546, 78, 273, 361, 536, 419, 
468, 2464, 1995, -1466, -763, 2230, -605, 24, 283, 409, 619, 502, 
536, 2518, 1981, -1527, -722, 2249, -649, -4, 258, 424, 649, 541, 
639, 2508, 1869, -1573, -614, 2188, -697, 4, 209, 419, 658, 570, 
741, 2449, 1708, -1595, -483, 2078, -732, 34, 146, 375, 610, 531, 
829, 2381, 1551, -1605, -361, 1966, -775, 24, 29, 283, 497, 424, 
858, 2313, 1454, -1586, -297, 1883, -829, -53, -136, 126, 336, 283, 
829, 2239, 1410, -1534, -290, 1825, -829, -161, -346, -87, 146, 126, 
712, 2181, 1468, -1446, -378, 1825, -780, -341, -590, -346, -73, -29, 
517, 2113, 1595, -1315, -539, 1854, -668, -585, -897, -688, -356, -239, 
336, 1991, 1654, -1163, -658, 1822, -536, -785, -1234, -1068, -688, -502, 
258, 1854, 1595, -1056, -668, 1725, -424, -878, -1488, -1371, -976, -736, 
200, 1795, 1595, -997, -697, 1695, -356, -893, -1571, -1503, -1117, -863, 
112, 1820, 1708, -966, -797, 1764, -283, -873, -1512, -1478, -1117, -878, 
34, 1859, 1825, -946, -895, 1842, -185, -824, -1405, -1400, -1073, -854, 
0, 1849, 1849, -924, -924, 1849, -97, -746, -1327, -1327, -1029, -834, 
-39, 1825, 1864, -893, -951, 1844, -39, -702, -1293, -1302, -1019, -844, 
-87, 1786, 1873, -849, -980, 1830, 14, -678, -1283, -1293, -1019, -878, 
-112, 1761, 1873, -824, -993, 1817, 63, -658, -1254, -1278, -1019, -897, 
-141, 1747, 1888, -802, -1015, 1817, 97, -644, -1244, -1263, -1019, -927, 
-175, 1712, 1888, -768, -1032, 1800, 122, -634, -1239, -1263, -1029, -946, 
-195, 1673, 1869, -739, -1032, 1771, 151, -614, -1224, -1249, -1024, -971, 
-200, 1605, 1805, -702, -1002, 1705, 170, -575, -1185, -1224, -1005, -976, 
-209, 1527, 1737, -658, -973, 1632, 185, -527, -1156, -1185, -995, -966, 
-214, 1488, 1703, -636, -958, 1595, 180, -507, -1117, -1151, -961, -936, 
-209, 1488, 1698, -639, -954, 1593, 180, -492, -1058, -1102, -907, -902, 
-209, 1507, 1717, -649, -963, 1612, 170, -458, -985, -1024, -844, -844, 
-200, 1556, 1756, -678, -978, 1656, 146, -409, -888, -932, -775, -785, 
-161, 1625, 1786, -732, -973, 1705, 82, -331, -780, -814, -678, -707, 
-92, 1703, 1795, -805, -944, 1749, -14, -244, -658, -697, -580, -629, 
-29, 1776, 1805, -873, -917, 1790, -107, -195, -570, -614, -502, -556, 
-4, 1815, 1820, -905, -912, 1817, -156, -185, -517, -566, -463, -531, 
-9, 1844, 1854, -917, -932, 1849, -185, -200, -492, -541, -429, -507, 
-9, 1878, 1888, -934, -949, 1883, -229, -244, -488, -541, -419, -483, 
-24, 1878, 1903, -927, -963, 1891, -253, -287, -497, -551, -419, -473, 
-34, 1869, 1903, -917, -968, 1886, -253, -302, -507, -551, -419, -473, 
-24, 1869, 1893, -922, -958, 1881, -258, -312, -497, -541, -419, -468, 
-19, 1878, 1898, -929, -958, 1888, -278, -312, -497, -531, -414, -453, 
-19, 1888, 1908, -934, -963, 1898, -292, -312, -488, -517, -405, -444, 
-14, 1888, 1903, -936, -958, 1895, -297, -302, -478, -512, -390, -434, 
-14, 1898, 1912, -941, -963, 1905, -297, -292, -473, -512, -390, -439, 
-19, 1898, 1917, -939, -968, 1908, -287, -273, -468, -512, -395, -448, 
-24, 1898, 1922, -936, -973, 1910, -283, -268, -468, -512, -405, -458, 
-24, 1898, 1922, -936, -973, 1910, -283, -263, -468, -512, -409, -468, 
-19, 1893, 1912, -936, -966, 1903, -287, -273, -478, -522, -409, -473, 
-14, 1888, 1903, -936, -958, 1895, -287, -278, -473, -522, -409, -473, 
-9, 1883, 1893, -936, -951, 1888, -292, -278, -468, -517, -405, -473, 
-4, 1878, 1883, -936, -944, 1881, -297, -278, -463, -512, -395, -473, 
-14, 1878, 1893, -932, -954, 1886, -302, -287, -463, -507, -400, -483, 
-9, 1873, 1883, -932, -946, 1878, -302, -287, -458, -507, -400, -478, 
-9, 1869, 1878, -929, -944, 1873, -302, -287, -458, -507, -400, -468, 
-9, 1864, 1873, -927, -941, 1869, -307, -287, -458, -497, -400, -468, 
-19, 1869, 1888, -924, -954, 1878, -317, -287, -458, -497, -390, -458, 
-19, 1873, 1893, -927, -956, 1883, -317, -287, -458, -502, -390, -458, 
-19, 1878, 1898, -929, -958, 1888, -317, -287, -458, -502, -390, -458, 
-19, 1883, 1903, -932, -961, 1893, -312, -287, -458, -502, -390, -463, 
-14, 1893, 1908, -939, -961, 1900, -312, -287, -448, -492, -380, -458, 
-9, 1893, 1903, -941, -956, 1898, -317, -287, -448, -492, -380, -453, 
0, 1893, 1893, -946, -946, 1893, -317, -287, -439, -488, -380, -448, 
4, 1893, 1888, -949, -941, 1891, -317, -287, -439, -488, -380, -444, 
-4, 1908, 1912, -951, -958, 1910, -312, -263, -429, -478, -370, -444, 
-4, 1908, 1912, -951, -958, 1910, -307, -273, -429, -478, -366, -444, 
-4, 1908, 1912, -951, -958, 1910, -302, -273, -429, -473, -366, -444, 
-4, 1908, 1912, -951, -958, 1910, -292, -273, -429, -473, -366, -444, 
-4, 1898, 1903, -946, -954, 1900, -297, -278, -434, -483, -366, -439, 
-4, 1898, 1903, -946, -954, 1900, -302, -278, -434, -483, -366, -439, 
-4, 1898, 1903, -946, -954, 1900, -307, -278, -434, -483, -366, -439, 
-9, 1898, 1908, -944, -958, 1903, -312, -278, -439, -483, -366, -439, 
-9, 1903, 1912, -946, -961, 1908, -312, -278, -439, -483, -366, -439, 
-9, 1903, 1912, -946, -961, 1908, -312, -278, -429, -478, -361, -439, 
-9, 1903, 1912, -946, -961, 1908, -312, -278, -429, -478, -361, -439, 
-4, 1903, 1908, -949, -956, 1905, -317, -283, -429, -478, -361, -439, 
-4, 1903, 1908, -949, -956, 1905, -312, -273, -424, -468, -361, -448, 
-4, 1903, 1908, -949, -956, 1905, -312, -273, -424, -468, -361, -448, 
-4, 1903, 1908, -949, -956, 1905, -312, -273, -424, -468, -361, -448, 
-4, 1903, 1908, -949, -956, 1905, -312, -273, -424, -468, -361, -448, 
-14, 1893, 1908, -939, -961, 1900, -302, -273, -424, -463, -370, -439, 
-14, 1893, 1908, -939, -961, 1900, -297, -268, -419, -463, -370, -439, 
-9, 1888, 1898, -939, -954, 1893, -297, -268, -419, -463, -370, -439, 
-9, 1888, 1898, -939, -954, 1893, -297, -263, -419, -463, -366, -439, 
-4, 1893, 1898, -944, -951, 1895, -307, -263, -419, -473, -366, -448, 
-4, 1893, 1898, -944, -951, 1895, -307, -263, -414, -473, -370, -448, 
-4, 1893, 1898, -944, -951, 1895, -307, -263, -409, -473, -370, -448, 
-9, 1893, 1903, -941, -956, 1898, -307, -253, -409, -468, -366, -448, 
0, 1878, 1878, -939, -939, 1878, -297, -253, -405, -478, -375, -458, 
0, 1878, 1878, -939, -939, 1878, -297, -253, -405, -478, -375, -458, 
0, 1878, 1878, -939, -939, 1878, -297, -253, -405, -478, -375, -458, 
0, 1883, 1883, -941, -941, 1883, -297, -248, -405, -473, -370, -458, 
-4, 1883, 1888, -939, -946, 1886, -307, -248, -409, -463, -380, -468, 
-4, 1883, 1888, -939, -946, 1886, -307, -244, -405, -463, -380, -468, 
-9, 1883, 1893, -936, -951, 1888, -307, -244, -405, -458, -380, -468, 
-9, 1883, 1893, -936, -951, 1888, -307, -239, -400, -458, -380, -468, 
-9, 1883, 1893, -936, -951, 1888, -297, -239, -400, -463, -375, -468, 
-14, 1883, 1898, -934, -956, 1891, -297, -239, -390, -453, -375, -468, 
-14, 1883, 1898, -934, -956, 1891, -297, -234, -390, -453, -375, -458, 
-14, 1883, 1898, -934, -956, 1891, -297, -229, -385, -453, -375, -458, 
-14, 1873, 1888, -929, -951, 1881, -297, -214, -370, -444, -366, -453, 
-14, 1869, 1883, -927, -949, 1876, -292, -209, -370, -444, -361, -453, 
-14, 1869, 1883, -927, -949, 1876, -292, -209, -370, -439, -356, -453, 
-14, 1878, 1893, -932, -954, 1886, -292, -204, -366, -429, -351, -453, 
-4, 1883, 1888, -939, -946, 1886, -302, -214, -370, -429, -361, -453, 
0, 1883, 1883, -941, -941, 1883, -302, -209, -366, -429, -356, -453, 
0, 1883, 1883, -941, -941, 1883, -297, -209, -361, -429, -356, -453, 
-4, 1883, 1888, -939, -946, 1886, -297, -204, -356, -419, -351, -448, 
-4, 1873, 1878, -934, -941, 1876, -297, -200, -361, -424, -346, -458, 
0, 1873, 1873, -936, -936, 1873, -302, -195, -361, -419, -341, -458, 
9, 1878, 1869, -944, -929, 1873, -302, -190, -356, -414, -341, -448, 
14, 1878, 1864, -946, -924, 1871, -302, -185, -346, -409, -336, -448, 
14, 1888, 1873, -951, -929, 1881, -302, -170, -336, -395, -336, -439, 
14, 1888, 1873, -951, -929, 1881, -302, -165, -326, -395, -331, -439, 
14, 1888, 1873, -951, -929, 1881, -302, -161, -317, -390, -331, -434, 
14, 1893, 1878, -954, -932, 1886, -302, -151, -307, -385, -322, -434, 
19, 1898, 1878, -958, -929, 1888, -302, -156, -307, -380, -326, -439, 
19, 1898, 1878, -958, -929, 1888, -302, -141, -297, -375, -326, -439, 
14, 1898, 1883, -956, -934, 1891, -302, -141, -287, -370, -322, -434, 
14, 1903, 1888, -958, -936, 1895, -302, -136, -283, -361, -317, -429, 
19, 1908, 1888, -963, -934, 1898, -302, -122, -278, -341, -307, -424, 
24, 1908, 1883, -966, -929, 1895, -302, -117, -263, -336, -302, -419, 
34, 1912, 1878, -973, -922, 1895, -302, -112, -253, -331, -297, -414, 
34, 1917, 1883, -976, -924, 1900, -302, -107, -253, -326, -292, -409, 
24, 1917, 1893, -971, -934, 1905, -292, -87, -239, -317, -283, -400, 
34, 1917, 1883, -976, -924, 1900, -292, -73, -224, -307, -278, -400, 
34, 1917, 1883, -976, -924, 1900, -292, -63, -209, -297, -273, -390, 
34, 1917, 1883, -976, -924, 1900, -292, -53, -185, -287, -263, -390, 
39, 1922, 1883, -980, -922, 1903, -292, -48, -180, -278, -258, -390, 
48, 1927, 1878, -988, -915, 1903, -292, -39, -170, -268, -248, -385, 
63, 1932, 1869, -997, -902, 1900, -292, -29, -170, -258, -239, -380, 
68, 1942, 1873, -1005, -902, 1908, -287, -9, -165, -248, -239, -375, 
63, 1947, 1883, -1005, -910, 1915, -297, 0, -151, -244, -234, -370, 
73, 1947, 1873, -1010, -900, 1910, -297, 9, -136, -234, -224, -370, 
78, 1952, 1873, -1015, -897, 1912, -297, 19, -122, -224, -214, -370, 
78, 1952, 1873, -1015, -897, 1912, -297, 34, -112, -214, -209, -361, 
68, 1952, 1883, -1010, -907, 1917, -292, 48, -92, -200, -190, -346, 
68, 1956, 1888, -1012, -910, 1922, -292, 68, -78, -180, -185, -336, 
73, 1961, 1888, -1017, -907, 1925, -292, 82, -63, -170, -175, -326, 
78, 1966, 1888, -1022, -905, 1927, -297, 97, -43, -156, -170, -326, 
82, 1966, 1883, -1024, -900, 1925, -287, 97, -34, -156, -161, -331, 
82, 1971, 1888, -1027, -902, 1930, -287, 107, -24, -151, -165, -326, 
82, 1971, 1888, -1027, -902, 1930, -287, 126, -9, -136, -156, -322, 
82, 1971, 1888, -1027, -902, 1930, -287, 136, 4, -126, -151, -322, 
97, 1961, 1864, -1029, -883, 1912, -297, 136, 9, -112, -146, -331, 
102, 1961, 1859, -1032, -878, 1910, -297, 151, 24, -102, -136, -331, 
112, 1961, 1849, -1037, -868, 1905, -297, 161, 39, -87, -136, -331, 
117, 1956, 1839, -1037, -861, 1898, -297, 175, 53, -78, -126, -326, 
117, 1956, 1839, -1037, -861, 1898, -292, 190, 73, -53, -107, -312, 
122, 1961, 1839, -1041, -858, 1900, -292, 214, 87, -43, -97, -307, 
126, 1966, 1839, -1046, -856, 1903, -292, 229, 102, -24, -92, -292, 
136, 1971, 1834, -1054, -849, 1903, -292, 244, 117, -9, -82, -287, 
151, 1981, 1830, -1066, -839, 1905, -302, 248, 126, -9, -73, -283, 
161, 1986, 1825, -1073, -832, 1905, -302, 258, 141, 0, -63, -278, 
175, 1995, 1820, -1085, -822, 1908, -302, 268, 156, 9, -53, -263, 
185, 2005, 1820, -1095, -817, 1912, -302, 278, 161, 19, -48, -263, 
185, 2010, 1825, -1098, -819, 1917, -302, 283, 170, 34, -43, -263, 
190, 2010, 1820, -1100, -814, 1915, -302, 292, 185, 39, -39, -258, 
190, 2010, 1820, -1100, -814, 1915, -302, 297, 190, 48, -34, -258, 
195, 2010, 1815, -1102, -810, 1912, -312, 307, 200, 63, -19, -248, 
200, 2005, 1805, -1102, -802, 1905, -317, 312, 204, 78, -14, -248, 
204, 2005, 1800, -1105, -797, 1903, -322, 317, 209, 82, -4, -244, 
214, 2005, 1790, -1110, -788, 1898, -326, 322, 224, 82, -4, -244, 
214, 2010, 1795, -1112, -790, 1903, -326, 326, 224, 92, 0, -229, 
219, 2025, 1805, -1122, -793, 1915, -331, 326, 234, 92, 9, -229, 
219, 2030, 1810, -1124, -795, 1920, -336, 326, 234, 92, 9, -224, 
224, 2034, 1810, -1129, -793, 1922, -336, 326, 234, 92, 9, -219, 
224, 2034, 1810, -1129, -793, 1922, -336, 322, 224, 92, 9, -219, 
229, 2044, 1815, -1137, -793, 1930, -341, 312, 214, 82, 9, -219, 
229, 2054, 1825, -1141, -797, 1939, -346, 302, 204, 78, 9, -219, 
224, 2059, 1834, -1141, -805, 1947, -351, 283, 204, 78, 9, -219, 
224, 2059, 1834, -1141, -805, 1947, -356, 273, 195, 73, 4, -219, 
219, 2049, 1830, -1134, -805, 1939, -361, 248, 165, 63, -4, -214, 
219, 2049, 1830, -1134, -805, 1939, -366, 234, 141, 43, -9, -214, 
214, 2049, 1834, -1132, -810, 1942, -366, 214, 126, 24, -14, -214, 
204, 2049, 1844, -1127, -819, 1947, -366, 190, 102, 4, -14, -214, 
200, 2049, 1849, -1124, -824, 1949, -370, 165, 87, -9, -39, -234, 
200, 2049, 1849, -1124, -824, 1949, -370, 146, 58, -29, -48, -239, 
204, 2049, 1844, -1127, -819, 1947, -370, 126, 39, -48, -58, -239, 
209, 2049, 1839, -1129, -814, 1944, -370, 102, 19, -63, -68, -239, 
200, 2039, 1839, -1119, -819, 1939, -370, 78, -14, -92, -82, -248, 
190, 2034, 1844, -1112, -827, 1939, -370, 58, -39, -112, -102, -248, 
170, 2034, 1864, -1102, -846, 1949, -366, 39, -68, -131, -117, -248, 
161, 2030, 1869, -1095, -854, 1949, -366, 9, -97, -156, -131, -258, 
146, 2020, 1873, -1083, -863, 1947, -366, -14, -117, -161, -131, -258, 
141, 2015, 1873, -1078, -866, 1944, -366, -39, -136, -190, -141, -263, 
131, 2010, 1878, -1071, -873, 1944, -366, -58, -156, -200, -151, -273, 
131, 2000, 1869, -1066, -868, 1934, -366, -73, -175, -209, -161, -278, 
131, 1995, 1864, -1063, -866, 1930, -375, -97, -195, -239, -180, -283, 
126, 1991, 1864, -1058, -868, 1927, -375, -117, -214, -258, -190, -292, 
122, 1986, 1864, -1054, -871, 1925, -370, -131, -234, -273, -200, -292, 
112, 1986, 1873, -1049, -880, 1930, -370, -141, -248, -287, -214, -297, 
112, 1981, 1869, -1046, -878, 1925, -370, -161, -268, -292, -209, -292, 
107, 1976, 1869, -1041, -880, 1922, -370, -180, -287, -302, -214, -297, 
92, 1976, 1883, -1034, -895, 1930, -370, -195, -297, -317, -224, -302, 
92, 1976, 1883, -1034, -895, 1930, -370, -204, -312, -326, -229, -307, 
82, 1971, 1888, -1027, -902, 1930, -361, -204, -322, -331, -229, -307, 
73, 1961, 1888, -1017, -907, 1925, -361, -209, -331, -341, -239, -317, 
63, 1952, 1888, -1007, -912, 1920, -361, -214, -331, -346, -248, -322, 
53, 1942, 1888, -997, -917, 1915, -361, -224, -331, -351, -248, -322, 
48, 1937, 1888, -993, -919, 1912, -370, -229, -346, -370, -263, -331, 
48, 1932, 1883, -990, -917, 1908, -370, -239, -356, -385, -273, -331, 
43, 1927, 1883, -985, -919, 1905, -370, -244, -370, -395, -283, -336, 
39, 1922, 1883, -980, -922, 1903, -370, -248, -385, -400, -287, -341, 
48, 1912, 1864, -980, -907, 1888, -361, -253, -385, -400, -283, -331, 
48, 1912, 1864, -980, -907, 1888, -361, -253, -385, -400, -283, -331, 
43, 1912, 1869, -978, -912, 1891, -361, -258, -385, -395, -287, -341, 
39, 1912, 1873, -976, -917, 1893, -361, -258, -385, -390, -287, -341, 
43, 1917, 1873, -980, -915, 1895, -361, -263, -385, -395, -283, -341, 
48, 1917, 1869, -983, -910, 1893, -356, -263, -385, -400, -283, -341, 
53, 1912, 1859, -983, -902, 1886, -351, -263, -390, -405, -287, -346, 
53, 1908, 1854, -980, -900, 1881, -351, -263, -395, -405, -292, -351, 
43, 1898, 1854, -971, -905, 1876, -351, -268, -390, -414, -297, -356, 
43, 1893, 1849, -968, -902, 1871, -351, -268, -390, -414, -297, -356, 
39, 1893, 1854, -966, -907, 1873, -351, -268, -400, -414, -302, -356, 
39, 1903, 1864, -971, -912, 1883, -351, -268, -400, -414, -302, -356, 
43, 1893, 1849, -968, -902, 1871, -351, -263, -400, -409, -302, -356, 
43, 1883, 1839, -963, -897, 1861, -351, -263, -400, -409, -302, -356, 
43, 1883, 1839, -963, -897, 1861, -351, -263, -400, -409, -302, -356, 
43, 1888, 1844, -966, -900, 1866, -351, -258, -400, -409, -297, -356, 
48, 1888, 1839, -968, -895, 1864, -351, -248, -395, -409, -297, -356, 
48, 1893, 1844, -971, -897, 1869, -346, -253, -395, -409, -297, -356, 
48, 1893, 1844, -971, -897, 1869, -346, -253, -395, -409, -297, -356, 
48, 1893, 1844, -971, -897, 1869, -346, -248, -395, -409, -297, -361, 
48, 1893, 1844, -971, -897, 1869, -346, -258, -405, -409, -287, -361, 
48, 1888, 1839, -968, -895, 1864, -351, -258, -405, -409, -287, -361, 
48, 1883, 1834, -966, -893, 1859, -351, -263, -405, -409, -292, -361, 
43, 1878, 1834, -961, -895, 1856, -351, -263, -405, -409, -297, -361, 
39, 1869, 1830, -954, -895, 1849, -341, -263, -409, -414, -297, -361, 
39, 1873, 1834, -956, -897, 1854, -341, -263, -409, -414, -297, -366, 
39, 1873, 1834, -956, -897, 1854, -341, -258, -409, -419, -297, -366, 
39, 1878, 1839, -958, -900, 1859, -341, -258, -409, -419, -297, -361, 
29, 1873, 1844, -951, -907, 1859, -351, -258, -409, -424, -297, -361, 
34, 1869, 1834, -951, -900, 1851, -351, -258, -409, -424, -297, -361, 
34, 1864, 1830, -949, -897, 1847, -351, -258, -409, -419, -297, -361, 
34, 1859, 1825, -946, -895, 1842, -351, -258, -409, -419, -297, -361, 
39, 1859, 1820, -949, -890, 1839, -346, -258, -400, -409, -297, -361, 
39, 1859, 1820, -949, -890, 1839, -346, -258, -400, -409, -297, -361, 
34, 1859, 1825, -946, -895, 1842, -346, -258, -400, -409, -297, -356, 
34, 1859, 1825, -946, -895, 1842, -346, -258, -395, -409, -297, -356, 
29, 1859, 1830, -944, -900, 1844, -336, -258, -395, -409, -287, -356, 
29, 1859, 1830, -944, -900, 1844, -336, -258, -400, -409, -287, -356, 
29, 1859, 1830, -944, -900, 1844, -336, -258, -405, -414, -287, -356, 
29, 1859, 1830, -944, -900, 1844, -336, -258, -405, -414, -287, -361, 
39, 1859, 1820, -949, -890, 1839, -336, -258, -395, -409, -297, -361, 
39, 1859, 1820, -949, -890, 1839, -336, -253, -395, -409, -292, -361, 
39, 1859, 1820, -949, -890, 1839, -336, -253, -395, -409, -292, -361, 
39, 1859, 1820, -949, -890, 1839, -336, -258, -395, -409, -292, -361, 
29, 1854, 1825, -941, -897, 1839, -341, -248, -395, -400, -283, -351, 
34, 1849, 1815, -941, -890, 1832, -341, -244, -395, -400, -283, -351, 
34, 1844, 1810, -939, -888, 1827, -336, -244, -395, -400, -283, -351, 
29, 1839, 1810, -934, -890, 1825, -336, -244, -395, -400, -283, -351, 
29, 1839, 1810, -934, -890, 1825, -331, -253, -395, -409, -283, -351, 
29, 1839, 1810, -934, -890, 1825, -331, -253, -395, -409, -283, -351, 
24, 1839, 1815, -932, -895, 1827, -331, -253, -395, -409, -283, -351, 
24, 1839, 1815, -932, -895, 1827, -331, -253, -395, -409, -283, -351, 
34, 1830, 1795, -932, -880, 1812, -331, -253, -395, -400, -292, -351, 
34, 1825, 1790, -929, -878, 1808, -331, -253, -395, -400, -297, -351, 
34, 1825, 1790, -929, -878, 1808, -331, -253, -395, -400, -297, -351, 
34, 1830, 1795, -932, -880, 1812, -331, -253, -395, -400, -292, -351, 
34, 1830, 1795, -932, -880, 1812, -331, -239, -385, -400, -287, -341, 
34, 1830, 1795, -932, -880, 1812, -331, -239, -385, -400, -283, -341, 
34, 1825, 1790, -929, -878, 1808, -331, -239, -385, -400, -278, -341, 
34, 1820, 1786, -927, -875, 1803, -331, -244, -385, -400, -273, -341, 
34, 1820, 1786, -927, -875, 1803, -331, -244, -385, -400, -283, -341, 
34, 1820, 1786, -927, -875, 1803, -331, -244, -385, -400, -283, -341, 
34, 1820, 1786, -927, -875, 1803, -336, -244, -385, -400, -283, -341, 
34, 1820, 1786, -927, -875, 1803, -336, -244, -385, -400, -283, -341, 
34, 1820, 1786, -927, -875, 1803, -331, -244, -385, -390, -273, -351, 
34, 1815, 1781, -924, -873, 1798, -331, -244, -385, -390, -273, -351, 
34, 1805, 1771, -919, -868, 1788, -331, -244, -385, -395, -273, -351, 
34, 1800, 1766, -917, -866, 1783, -331, -244, -385, -395, -283, -351, 
43, 1810, 1766, -927, -861, 1788, -331, -253, -390, -395, -292, -351, 
43, 1810, 1766, -927, -861, 1788, -331, -253, -390, -395, -287, -351, 
43, 1810, 1766, -927, -861, 1788, -331, -253, -390, -390, -287, -351, 
43, 1810, 1766, -927, -861, 1788, -331, -253, -390, -390, -287, -351, 
34, 1800, 1766, -917, -866, 1783, -341, -253, -400, -395, -287, -351, 
34, 1790, 1756, -912, -861, 1773, -341, -253, -400, -395, -292, -351, 
34, 1790, 1756, -912, -861, 1773, -341, -258, -400, -395, -292, -351, 
34, 1795, 1761, -915, -863, 1778, -346, -258, -400, -395, -292, -351, 
43, 1805, 1761, -924, -858, 1783, -346, -258, -390, -395, -283, -351, 
43, 1805, 1761, -924, -858, 1783, -341, -258, -390, -390, -278, -351, 
43, 1805, 1761, -924, -858, 1783, -341, -258, -385, -390, -278, -351, 
43, 1805, 1761, -924, -858, 1783, -341, -258, -385, -395, -278, -351, 
34, 1800, 1766, -917, -866, 1783, -331, -244, -385, -390, -287, -351, 
34, 1795, 1761, -915, -863, 1778, -331, -244, -385, -395, -292, -351, 
34, 1790, 1756, -912, -861, 1773, -331, -253, -395, -400, -292, -351, 
34, 1786, 1751, -910, -858, 1769, -336, -258, -400, -400, -292, -351, 
39, 1776, 1737, -907, -849, 1756, -336, -248, -390, -390, -287, -341, 
39, 1776, 1737, -907, -849, 1756, -336, -248, -390, -400, -287, -346, 
39, 1776, 1737, -907, -849, 1756, -336, -244, -390, -400, -283, -346, 
39, 1776, 1737, -907, -849, 1756, -336, -244, -390, -395, -278, -346, 
29, 1766, 1737, -897, -854, 1751, -336, -244, -390, -395, -278, -346, 
29, 1766, 1737, -897, -854, 1751, -336, -244, -390, -395, -278, -346, 
29, 1766, 1737, -897, -854, 1751, -336, -244, -395, -395, -278, -346, 
29, 1766, 1737, -897, -854, 1751, -336, -248, -395, -395, -278, -346, 
29, 1756, 1727, -893, -849, 1742, -326, -248, -395, -395, -268, -336, 
29, 1766, 1737, -897, -854, 1751, -336, -248, -395, -400, -268, -336, 
34, 1756, 1722, -895, -844, 1739, -336, -248, -390, -395, -278, -336, 
34, 1756, 1722, -895, -844, 1739, -336, -253, -390, -395, -268, -336, 
29, 1756, 1727, -893, -849, 1742, -331, -253, -390, -390, -273, -331, 
29, 1756, 1727, -893, -849, 1742, -322, -253, -390, -400, -273, -331, 
29, 1756, 1727, -893, -849, 1742, -322, -253, -390, -400, -273, -331, 
29, 1756, 1727, -893, -849, 1742, -322, -253, -390, -400, -273, -331, 
29, 1756, 1727, -893, -849, 1742, -322, -253, -390, -400, -273, -331, 
19, 1747, 1727, -883, -854, 1737, -322, -258, -400, -400, -283, -331, 
14, 1742, 1727, -878, -856, 1734, -322, -258, -400, -405, -283, -331, 
19, 1732, 1712, -875, -846, 1722, -322, -258, -405, -405, -287, -341, 
14, 1727, 1712, -871, -849, 1720, -322, -258, -409, -405, -287, -341, 
9, 1703, 1693, -856, -841, 1698, -322, -268, -414, -414, -292, -346, 
9, 1693, 1683, -851, -836, 1688, -322, -263, -414, -419, -302, -356, 
9, 1688, 1678, -849, -834, 1683, -322, -263, -419, -424, -307, -361, 
9, 1683, 1673, -846, -832, 1678, -322, -263, -429, -429, -307, -366, 
19, 1673, 1654, -846, -817, 1664, -322, -263, -439, -439, -317, -366, 
19, 1668, 1649, -844, -814, 1659, -322, -263, -439, -434, -317, -370, 
19, 1659, 1639, -839, -810, 1649, -322, -263, -434, -434, -312, -370, 
19, 1654, 1634, -836, -807, 1644, -322, -258, -429, -439, -312, -375, 
19, 1649, 1629, -834, -805, 1639, -312, -268, -439, -439, -312, -366, 
19, 1644, 1625, -832, -802, 1634, -312, -268, -439, -439, -317, -366, 
19, 1639, 1620, -829, -800, 1629, -302, -268, -439, -439, -317, -370, 
19, 1634, 1615, -827, -797, 1625, -302, -263, -439, -439, -317, -370, 
9, 1620, 1610, -814, -800, 1615, -302, -258, -444, -444, -317, -375, 
14, 1620, 1605, -817, -795, 1612, -302, -248, -439, -439, -317, -375, 
19, 1620, 1600, -819, -790, 1610, -302, -248, -439, -439, -312, -375, 
24, 1615, 1590, -819, -783, 1603, -297, -239, -424, -429, -312, -366, 
29, 1600, 1571, -814, -771, 1586, -292, -244, -439, -434, -307, -366, 
29, 1605, 1576, -817, -773, 1590, -292, -248, -434, -434, -307, -370, 
24, 1600, 1576, -812, -775, 1588, -292, -253, -434, -439, -312, -370, 
24, 1590, 1566, -807, -771, 1578, -292, -258, -429, -429, -317, -375, 
24, 1586, 1561, -805, -768, 1573, -297, -253, -429, -429, -322, -370, 
24, 1581, 1556, -802, -766, 1568, -302, -253, -434, -434, -322, -361, 
24, 1576, 1551, -800, -763, 1564, -312, -258, -439, -434, -322, -361, 
24, 1576, 1551, -800, -763, 1564, -317, -258, -439, -439, -322, -366, 
19, 1581, 1561, -800, -771, 1571, -322, -253, -434, -439, -312, -366, 
24, 1586, 1561, -805, -768, 1573, -331, -253, -434, -439, -312, -361, 
24, 1586, 1561, -805, -768, 1573, -341, -253, -434, -439, -312, -361, 
19, 1586, 1566, -802, -773, 1576, -346, -253, -439, -439, -312, -361, 
24, 1586, 1561, -805, -768, 1573, -356, -253, -434, -434, -312, -361, 
24, 1581, 1556, -802, -766, 1568, -356, -248, -434, -434, -307, -361, 
24, 1581, 1556, -802, -766, 1568, -361, -248, -434, -434, -317, -361, 
29, 1586, 1556, -807, -763, 1571, -366, -258, -444, -444, -317, -366, 
34, 1610, 1576, -822, -771, 1593, -356, -258, -424, -439, -297, -361, 
34, 1625, 1590, -829, -778, 1607, -361, -258, -414, -424, -287, -351, 
39, 1634, 1595, -836, -778, 1615, -370, -263, -424, -414, -283, -341, 
48, 1639, 1590, -844, -771, 1615, -370, -263, -424, -414, -287, -331, 
48, 1644, 1595, -846, -773, 1620, -356, -263, -414, -414, -273, -322, 
48, 1649, 1600, -849, -775, 1625, -351, -263, -405, -409, -273, -331, 
48, 1649, 1600, -849, -775, 1625, -351, -268, -405, -400, -273, -331, 
48, 1654, 1605, -851, -778, 1629, -351, -268, -400, -395, -273, -331, 
43, 1644, 1600, -844, -778, 1622, -341, -263, -400, -395, -268, -322, 
39, 1639, 1600, -839, -780, 1620, -336, -263, -400, -395, -268, -322, 
34, 1639, 1605, -836, -785, 1622, -336, -263, -400, -395, -268, -322, 
29, 1634, 1605, -832, -788, 1620, -336, -263, -400, -395, -268, -322, 
19, 1615, 1595, -817, -788, 1605, -326, -273, -409, -409, -278, -331, 
14, 1605, 1590, -810, -788, 1598, -326, -268, -414, -419, -287, -341, 
14, 1595, 1581, -805, -783, 1588, -326, -268, -424, -424, -292, -346, 
14, 1586, 1571, -800, -778, 1578, -322, -268, -429, -424, -297, -351, 
14, 1571, 1556, -793, -771, 1564, -322, -263, -424, -424, -307, -361, 
19, 1566, 1546, -793, -763, 1556, -322, -258, -424, -429, -302, -361, 
29, 1556, 1527, -793, -749, 1542, -322, -258, -424, -429, -302, -361, 
34, 1546, 1512, -790, -739, 1529, -322, -268, -424, -424, -302, -356, 
34, 1546, 1512, -790, -739, 1529, -317, -253, -414, -414, -297, -351, 
34, 1542, 1507, -788, -736, 1525, -317, -253, -419, -414, -292, -346, 
34, 1532, 1498, -783, -732, 1515, -317, -248, -419, -414, -297, -346, 
34, 1532, 1498, -783, -732, 1515, -317, -244, -419, -419, -292, -341, 
43, 1522, 1478, -783, -717, 1500, -317, -234, -414, -414, -278, -341, 
43, 1527, 1483, -785, -719, 1505, -317, -234, -400, -409, -278, -336, 
43, 1532, 1488, -788, -722, 1510, -312, -229, -390, -400, -273, -336, 
39, 1532, 1493, -785, -727, 1512, -312, -229, -385, -395, -273, -336, 
34, 1522, 1488, -778, -727, 1505, -317, -219, -395, -395, -283, -346, 
39, 1517, 1478, -778, -719, 1498, -312, -219, -400, -400, -278, -346, 
48, 1517, 1468, -783, -710, 1493, -312, -219, -405, -405, -278, -346, 
58, 1517, 1459, -788, -700, 1488, -312, -219, -405, -409, -278, -346, 
63, 1522, 1459, -793, -697, 1490, -317, -229, -395, -400, -268, -341, 
58, 1527, 1468, -793, -705, 1498, -312, -224, -390, -390, -268, -336, 
53, 1532, 1478, -793, -712, 1505, -312, -224, -385, -385, -263, -326, 
58, 1537, 1478, -797, -710, 1507, -312, -224, -385, -380, -263, -322, 
68, 1561, 1493, -814, -712, 1527, -312, -219, -370, -375, -253, -307, 
63, 1571, 1507, -817, -722, 1539, -312, -219, -370, -375, -248, -302, 
58, 1581, 1522, -819, -732, 1551, -312, -219, -370, -370, -244, -297, 
58, 1590, 1532, -824, -736, 1561, -312, -214, -366, -366, -239, -292, 
53, 1595, 1542, -824, -744, 1568, -307, -214, -351, -361, -219, -287, 
43, 1600, 1556, -822, -756, 1578, -302, -214, -346, -356, -214, -287, 
39, 1610, 1571, -824, -766, 1590, -297, -214, -341, -351, -209, -283, 
34, 1610, 1576, -822, -771, 1593, -292, -214, -336, -346, -204, -278, 
34, 1600, 1566, -817, -766, 1583, -292, -214, -341, -346, -200, -278, 
34, 1605, 1571, -819, -768, 1588, -292, -214, -331, -336, -200, -268, 
24, 1590, 1566, -807, -771, 1578, -287, -209, -336, -341, -200, -268, 
19, 1590, 1571, -805, -775, 1581, -273, -195, -326, -331, -195, -268, 
9, 1590, 1581, -800, -785, 1586, -258, -180, -302, -312, -195, -258, 
9, 1590, 1581, -800, -785, 1586, -248, -165, -287, -292, -185, -258, 
9, 1590, 1581, -800, -785, 1586, -244, -161, -283, -287, -180, -258, 
9, 1576, 1566, -793, -778, 1571, -234, -156, -263, -278, -170, -258, 
9, 1571, 1561, -790, -775, 1566, -234, -141, -248, -273, -175, -258, 
9, 1556, 1546, -783, -768, 1551, -224, -117, -234, -268, -165, -258, 
4, 1546, 1542, -775, -768, 1544, -224, -102, -224, -253, -151, -248, 
14, 1546, 1532, -780, -758, 1539, -229, -78, -200, -229, -126, -224, 
19, 1542, 1522, -780, -751, 1532, -234, -53, -170, -190, -92, -195, 
48, 1542, 1493, -795, -722, 1517, -229, -19, -117, -131, -43, -161, 
68, 1551, 1483, -810, -707, 1517, -239, 43, -48, -73, 9, -117, 
87, 1551, 1464, -819, -688, 1507, -244, 102, 29, 4, 68, -68, 
131, 1586, 1454, -858, -661, 1520, -268, 170, 131, 112, 161, 19, 
214, 1673, 1459, -944, -622, 1566, -307, 239, 253, 244, 292, 141, 
297, 1776, 1478, -1037, -590, 1627, -356, 287, 341, 356, 419, 263, 
380, 1864, 1483, -1122, -551, 1673, -409, 297, 390, 439, 527, 390, 
444, 1971, 1527, -1207, -541, 1749, -468, 283, 429, 527, 653, 536, 
488, 2074, 1586, -1281, -549, 1830, -517, 258, 468, 595, 766, 649, 
546, 2117, 1571, -1332, -512, 1844, -570, 219, 463, 629, 814, 707, 
639, 2127, 1488, -1383, -424, 1808, -619, 200, 414, 624, 814, 727, 
741, 2078, 1337, -1410, -297, 1708, -663, 219, 361, 590, 785, 697, 
819, 2000, 1180, -1410, -180, 1590, -697, 229, 273, 507, 692, 600, 
878, 1932, 1054, -1405, -87, 1493, -741, 170, 117, 370, 531, 448, 
878, 1878, 1000, -1378, -61, 1439, -761, 73, -82, 185, 351, 283, 
810, 1820, 1010, -1315, -100, 1415, -741, -97, -317, -53, 151, 146, 
663, 1771, 1107, -1217, -222, 1439, -658, -331, -595, -346, -92, -24, 
463, 1668, 1205, -1066, -370, 1437, -536, -580, -922, -717, -395, -248, 
317, 1512, 1195, -915, -439, 1354, -414, -712, -1224, -1068, -712, -502, 
248, 1395, 1146, -822, -448, 1271, -326, -727, -1376, -1278, -912, -668, 
180, 1381, 1200, -780, -509, 1290, -253, -707, -1346, -1283, -941, -702, 
92, 1429, 1337, -761, -622, 1383, -156, -668, -1220, -1185, -888, -678, 
29, 1459, 1429, -744, -700, 1444, -58, -580, -1102, -1083, -814, -639, 
-19, 1434, 1454, -707, -736, 1444, 29, -507, -1029, -1029, -775, -619, 
-48, 1395, 1444, -673, -746, 1420, 92, -492, -1029, -1029, -775, -653, 
-82, 1361, 1444, -639, -763, 1403, 141, -483, -1029, -1024, -795, -692, 
-122, 1327, 1449, -602, -785, 1388, 165, -468, -1029, -1019, -805, -712, 
-156, 1302, 1459, -573, -807, 1381, 190, -458, -1024, -1010, -805, -722, 
-185, 1283, 1468, -549, -827, 1376, 219, -439, -1010, -1005, -800, -727, 
-200, 1234, 1434, -517, -817, 1334, 248, -409, -990, -990, -800, -741, 
-190, 1146, 1337, -478, -763, 1241, 263, -370, -961, -961, -780, -751, 
-185, 1088, 1273, -451, -729, 1180, 278, -351, -922, -927, -756, -741, 
-200, 1058, 1259, -429, -729, 1159, 287, -326, -873, -878, -722, -717, 
-219, 1068, 1288, -424, -753, 1178, 287, -312, -810, -819, -668, -678, 
-219, 1107, 1327, -444, -773, 1217, 273, -292, -732, -746, -610, -629, 
-170, 1166, 1337, -497, -753, 1251, 229, -234, -644, -649, -531, -561, 
-112, 1234, 1346, -561, -729, 1290, 141, -126, -522, -541, -434, -473, 
-58, 1288, 1346, -614, -702, 1317, 29, -39, -414, -429, -336, -390, 
-24, 1337, 1361, -656, -692, 1349, -39, 9, -331, -361, -268, -326, 
-9, 1356, 1366, -673, -688, 1361, -68, 14, -287, -326, -224, -292, 
-19, 1381, 1400, -680, -710, 1390, -102, -29, -263, -307, -204, -278, 
-24, 1410, 1434, -692, -729, 1422, -146, -82, -263, -307, -195, -268, 
-24, 1410, 1434, -692, -729, 1422, -156, -107, -273, -307, -195, -268, 
-19, 1410, 1429, -695, -724, 1420, -161, -117, -273, -307, -204, -273, 
-9, 1420, 1429, -705, -719, 1424, -180, -117, -273, -297, -200, -258, 
-4, 1429, 1434, -712, -719, 1432, -195, -117, -263, -283, -190, -248, 
4, 1429, 1424, -717, -710, 1427, -200, -107, -253, -278, -175, -239, 
14, 1429, 1415, -722, -700, 1422, -209, -92, -248, -268, -161, -234, 
9, 1429, 1420, -719, -705, 1424, -200, -78, -244, -268, -161, -234, 
4, 1429, 1424, -717, -710, 1427, -195, -78, -244, -268, -165, -234, 
4, 1429, 1424, -717, -710, 1427, -195, -78, -244, -268, -165, -234, 
4, 1424, 1420, -714, -707, 1422, -190, -87, -239, -263, -161, -234, 
4, 1420, 1415, -712, -705, 1417, -190, -92, -229, -258, -156, -229, 
4, 1415, 1410, -710, -702, 1412, -195, -92, -219, -248, -146, -224, 
4, 1410, 1405, -707, -700, 1407, -200, -92, -209, -239, -131, -219, 
14, 1415, 1400, -714, -692, 1407, -214, -92, -219, -239, -136, -229, 
19, 1415, 1395, -717, -688, 1405, -214, -92, -214, -244, -136, -224, 
19, 1415, 1395, -717, -688, 1405, -214, -92, -214, -248, -136, -214, 
19, 1415, 1395, -717, -688, 1405, -219, -92, -214, -244, -136, -214, 
14, 1405, 1390, -710, -688, 1398, -209, -87, -204, -239, -126, -204, 
9, 1405, 1395, -707, -692, 1400, -209, -82, -204, -239, -126, -204, 
4, 1405, 1400, -705, -697, 1403, -209, -78, -204, -234, -126, -204, 
0, 1405, 1405, -702, -702, 1405, -204, -73, -204, -229, -126, -209, 
0, 1400, 1400, -700, -700, 1400, -195, -73, -195, -229, -126, -209, 
0, 1395, 1395, -697, -697, 1395, -200, -73, -195, -229, -126, -209, 
4, 1390, 1385, -697, -690, 1388, -200, -73, -185, -224, -126, -209, 
4, 1385, 1381, -695, -688, 1383, -200, -73, -185, -224, -126, -209, 
4, 1376, 1371, -690, -683, 1373, -209, -48, -185, -214, -117, -200, 
4, 1371, 1366, -688, -680, 1368, -209, -58, -185, -214, -112, -200, 
4, 1366, 1361, -685, -678, 1363, -209, -58, -185, -209, -112, -200, 
4, 1361, 1356, -683, -675, 1359, -204, -58, -185, -209, -112, -200, 
4, 1351, 1346, -678, -671, 1349, -195, -53, -170, -209, -112, -195, 
4, 1351, 1346, -678, -671, 1349, -195, -53, -170, -209, -112, -195, 
4, 1351, 1346, -678, -671, 1349, -195, -53, -170, -209, -112, -195, 
0, 1351, 1351, -675, -675, 1351, -195, -53, -175, -209, -112, -195, 
0, 1346, 1346, -673, -673, 1346, -195, -53, -175, -209, -102, -185, 
0, 1346, 1346, -673, -673, 1346, -195, -53, -165, -204, -97, -185, 
0, 1346, 1346, -673, -673, 1346, -195, -53, -165, -204, -97, -185, 
4, 1346, 1342, -675, -668, 1344, -200, -58, -165, -204, -97, -185, 
4, 1337, 1332, -671, -663, 1334, -204, -48, -170, -195, -97, -195, 
4, 1337, 1332, -671, -663, 1334, -204, -48, -170, -195, -97, -195, 
4, 1337, 1332, -671, -663, 1334, -204, -48, -170, -195, -97, -195, 
4, 1337, 1332, -671, -663, 1334, -204, -48, -170, -195, -97, -195, 
4, 1327, 1322, -666, -658, 1324, -204, -39, -161, -190, -97, -185, 
4, 1327, 1322, -666, -658, 1324, -200, -34, -156, -190, -97, -185, 
9, 1322, 1312, -666, -651, 1317, -200, -34, -156, -190, -97, -185, 
9, 1322, 1312, -666, -651, 1317, -200, -29, -156, -190, -92, -185, 
4, 1317, 1312, -661, -653, 1315, -190, -29, -156, -180, -82, -175, 
4, 1317, 1312, -661, -653, 1315, -190, -29, -151, -180, -87, -175, 
4, 1317, 1312, -661, -653, 1315, -190, -29, -146, -180, -87, -175, 
0, 1317, 1317, -658, -658, 1317, -190, -19, -146, -175, -82, -175, 
-9, 1307, 1317, -649, -663, 1312, -190, -19, -131, -165, -82, -175, 
-9, 1302, 1312, -646, -661, 1307, -190, -19, -131, -165, -82, -175, 
-9, 1298, 1307, -644, -658, 1302, -190, -19, -131, -165, -82, -175, 
-9, 1298, 1307, -644, -658, 1302, -190, -14, -131, -161, -78, -175, 
0, 1288, 1288, -644, -644, 1288, -190, -14, -126, -170, -78, -185, 
4, 1288, 1283, -646, -639, 1285, -190, -9, -122, -170, -78, -185, 
4, 1288, 1283, -646, -639, 1285, -190, -9, -122, -165, -78, -185, 
9, 1288, 1278, -649, -634, 1283, -190, -4, -117, -165, -78, -185, 
14, 1278, 1263, -646, -624, 1271, -190, 4, -117, -151, -63, -175, 
14, 1278, 1263, -646, -624, 1271, -190, 4, -107, -141, -63, -175, 
19, 1278, 1259, -649, -619, 1268, -190, 9, -107, -141, -63, -165, 
24, 1278, 1254, -651, -614, 1266, -190, 14, -102, -141, -63, -165, 
19, 1273, 1254, -646, -617, 1263, -190, 19, -87, -131, -48, -165, 
14, 1263, 1249, -639, -617, 1256, -185, 24, -87, -131, -48, -161, 
9, 1259, 1249, -634, -619, 1254, -185, 24, -87, -126, -48, -156, 
4, 1263, 1259, -634, -627, 1261, -185, 29, -82, -117, -48, -151, 
4, 1263, 1259, -634, -627, 1261, -175, 34, -78, -117, -39, -151, 
9, 1259, 1249, -634, -619, 1254, -175, 43, -73, -117, -34, -151, 
9, 1254, 1244, -631, -617, 1249, -170, 48, -68, -117, -34, -151, 
4, 1249, 1244, -627, -619, 1246, -170, 58, -63, -107, -29, -146, 
14, 1239, 1224, -627, -605, 1232, -180, 63, -48, -102, -24, -146, 
19, 1239, 1220, -629, -600, 1229, -185, 68, -48, -97, -19, -146, 
29, 1244, 1215, -636, -592, 1229, -185, 73, -43, -92, -19, -136, 
34, 1244, 1210, -639, -588, 1227, -185, 78, -34, -87, -14, -136, 
24, 1244, 1220, -634, -597, 1232, -185, 82, -29, -82, -14, -146, 
24, 1244, 1220, -634, -597, 1232, -185, 87, -24, -82, -9, -146, 
24, 1244, 1220, -634, -597, 1232, -185, 92, -19, -78, -9, -141, 
24, 1249, 1224, -636, -600, 1237, -185, 102, -14, -73, 0, -141, 
29, 1239, 1210, -634, -590, 1224, -175, 112, 4, -63, 4, -136, 
29, 1234, 1205, -631, -588, 1220, -175, 131, 14, -53, 4, -136, 
24, 1229, 1205, -627, -590, 1217, -175, 136, 24, -43, 9, -131, 
24, 1229, 1205, -627, -590, 1217, -175, 146, 29, -29, 14, -126, 
29, 1224, 1195, -627, -583, 1210, -175, 161, 34, -19, 24, -122, 
34, 1224, 1190, -629, -578, 1207, -175, 165, 48, -14, 29, -117, 
43, 1229, 1185, -636, -570, 1207, -175, 170, 58, -9, 34, -112, 
43, 1234, 1190, -639, -573, 1212, -175, 175, 58, -4, 39, -107, 
43, 1224, 1180, -634, -568, 1202, -175, 185, 78, 4, 48, -107, 
53, 1224, 1171, -639, -558, 1198, -175, 200, 87, 14, 53, -107, 
53, 1224, 1171, -639, -558, 1198, -175, 209, 97, 24, 58, -97, 
53, 1224, 1171, -639, -558, 1198, -175, 219, 117, 34, 68, -97, 
53, 1220, 1166, -636, -556, 1193, -165, 244, 126, 53, 73, -87, 
58, 1215, 1156, -636, -549, 1185, -165, 253, 141, 63, 82, -82, 
68, 1210, 1141, -639, -536, 1176, -165, 263, 146, 73, 92, -78, 
68, 1210, 1141, -639, -536, 1176, -161, 283, 156, 82, 92, -73, 
73, 1205, 1132, -639, -529, 1168, -161, 297, 180, 92, 102, -63, 
82, 1205, 1122, -644, -519, 1163, -161, 312, 195, 107, 117, -58, 
87, 1210, 1122, -649, -517, 1166, -161, 326, 209, 122, 131, -53, 
87, 1210, 1122, -649, -517, 1166, -161, 346, 219, 136, 141, -39, 
87, 1210, 1122, -649, -517, 1166, -156, 351, 244, 141, 141, -43, 
87, 1215, 1127, -651, -519, 1171, -156, 370, 253, 161, 146, -34, 
92, 1220, 1127, -656, -517, 1173, -156, 385, 263, 170, 156, -24, 
97, 1224, 1127, -661, -514, 1176, -161, 400, 278, 185, 161, -24, 
107, 1224, 1117, -666, -505, 1171, -151, 419, 292, 204, 185, -19, 
112, 1229, 1117, -671, -502, 1173, -151, 429, 307, 209, 185, -14, 
117, 1229, 1112, -673, -497, 1171, -151, 448, 326, 224, 200, -9, 
122, 1229, 1107, -675, -492, 1168, -151, 458, 346, 234, 209, -9, 
126, 1224, 1098, -675, -485, 1161, -161, 478, 351, 248, 214, -4, 
131, 1220, 1088, -675, -478, 1154, -161, 492, 366, 258, 224, 0, 
141, 1215, 1073, -678, -466, 1144, -161, 502, 380, 273, 224, 4, 
146, 1205, 1058, -675, -456, 1132, -161, 517, 395, 283, 234, 14, 
161, 1205, 1044, -683, -441, 1124, -175, 517, 414, 297, 234, 9, 
170, 1210, 1039, -690, -434, 1124, -175, 536, 429, 307, 244, 14, 
180, 1215, 1034, -697, -427, 1124, -175, 546, 444, 326, 248, 29, 
195, 1220, 1024, -707, -414, 1122, -175, 556, 458, 341, 258, 34, 
195, 1215, 1019, -705, -412, 1117, -175, 580, 468, 351, 278, 48, 
200, 1215, 1015, -707, -407, 1115, -175, 590, 483, 361, 287, 53, 
209, 1220, 1010, -714, -400, 1115, -175, 600, 497, 370, 297, 68, 
214, 1224, 1010, -719, -397, 1117, -175, 610, 502, 380, 302, 68, 
224, 1229, 1005, -727, -390, 1117, -165, 619, 522, 405, 317, 78, 
229, 1229, 1000, -729, -385, 1115, -165, 634, 536, 409, 322, 82, 
229, 1229, 1000, -729, -385, 1115, -165, 644, 541, 419, 326, 82, 
234, 1229, 995, -732, -380, 1112, -175, 658, 551, 434, 341, 92, 
239, 1224, 985, -732, -373, 1105, -180, 658, 546, 429, 346, 92, 
244, 1224, 980, -734, -368, 1102, -185, 658, 551, 434, 356, 97, 
253, 1224, 971, -739, -358, 1098, -190, 658, 566, 434, 356, 97, 
253, 1229, 976, -741, -361, 1102, -190, 658, 566, 444, 361, 112, 
258, 1229, 971, -744, -356, 1100, -204, 653, 561, 434, 361, 102, 
258, 1229, 971, -744, -356, 1100, -209, 649, 556, 434, 361, 107, 
263, 1229, 966, -746, -351, 1098, -209, 644, 551, 434, 361, 112, 
263, 1224, 961, -744, -348, 1093, -209, 634, 536, 434, 361, 112, 
258, 1220, 961, -739, -351, 1090, -214, 624, 522, 419, 341, 112, 
258, 1224, 966, -741, -353, 1095, -219, 605, 507, 409, 341, 112, 
253, 1224, 971, -739, -358, 1098, -224, 575, 502, 405, 341, 112, 
253, 1220, 966, -736, -356, 1093, -229, 556, 488, 395, 336, 112, 
253, 1220, 966, -736, -356, 1093, -224, 527, 453, 370, 331, 107, 
258, 1220, 961, -739, -351, 1090, -229, 507, 424, 346, 322, 107, 
258, 1220, 961, -739, -351, 1090, -229, 483, 405, 322, 312, 107, 
253, 1220, 966, -736, -356, 1093, -229, 453, 375, 297, 307, 107, 
239, 1205, 966, -722, -363, 1085, -234, 419, 341, 283, 287, 87, 
229, 1200, 971, -714, -370, 1085, -234, 400, 312, 263, 273, 82, 
224, 1195, 971, -710, -373, 1083, -234, 380, 292, 244, 258, 82, 
219, 1190, 971, -705, -375, 1080, -234, 356, 273, 229, 244, 82, 
204, 1180, 976, -692, -385, 1078, -234, 331, 253, 214, 244, 73, 
200, 1176, 976, -688, -387, 1076, -234, 312, 234, 200, 229, 73, 
185, 1176, 990, -680, -402, 1083, -229, 292, 209, 185, 219, 73, 
180, 1171, 990, -675, -405, 1080, -229, 263, 185, 165, 209, 63, 
156, 1151, 995, -653, -419, 1073, -219, 248, 170, 141, 200, 53, 
151, 1146, 995, -649, -422, 1071, -219, 224, 146, 112, 190, 48, 
141, 1141, 1000, -641, -429, 1071, -219, 204, 122, 102, 180, 39, 
141, 1132, 990, -636, -424, 1061, -219, 190, 97, 92, 170, 34, 
122, 1122, 1000, -622, -439, 1061, -219, 175, 87, 82, 161, 29, 
117, 1112, 995, -614, -439, 1054, -219, 156, 68, 63, 151, 19, 
112, 1102, 990, -607, -439, 1046, -214, 141, 48, 48, 141, 19, 
102, 1098, 995, -600, -446, 1046, -214, 131, 34, 34, 126, 14, 
102, 1083, 980, -592, -439, 1032, -204, 117, 34, 29, 131, 19, 
97, 1078, 980, -588, -441, 1029, -204, 102, 14, 19, 126, 14, 
82, 1078, 995, -580, -456, 1037, -204, 92, 4, 4, 117, 9, 
82, 1078, 995, -580, -456, 1037, -204, 87, -9, -4, 112, 4, 
87, 1073, 985, -580, -448, 1029, -204, 87, -14, -9, 102, -4, 
82, 1063, 980, -573, -448, 1022, -204, 82, -29, -19, 92, -14, 
78, 1054, 976, -566, -448, 1015, -204, 78, -34, -24, 82, -19, 
73, 1044, 971, -558, -448, 1007, -204, 68, -39, -29, 82, -19, 
58, 1039, 980, -549, -461, 1010, -204, 63, -43, -29, 87, -9, 
58, 1034, 976, -546, -458, 1005, -204, 53, -43, -34, 87, -9, 
53, 1029, 976, -541, -461, 1002, -204, 48, -48, -34, 87, -14, 
48, 1024, 976, -536, -463, 1000, -204, 43, -53, -29, 92, -19, 
53, 1015, 961, -534, -453, 988, -204, 48, -58, -43, 87, -9, 
58, 1015, 956, -536, -448, 985, -204, 48, -63, -48, 87, -9, 
58, 1015, 956, -536, -448, 985, -204, 43, -68, -48, 82, -19, 
58, 1015, 956, -536, -448, 985, -204, 43, -73, -48, 82, -19, 
58, 1015, 956, -536, -448, 985, -204, 39, -68, -43, 78, -19, 
58, 1010, 951, -534, -446, 980, -200, 39, -63, -48, 78, -19, 
58, 1000, 941, -529, -441, 971, -195, 39, -63, -53, 73, -24, 
53, 990, 936, -522, -441, 963, -195, 39, -63, -53, 68, -29, 
53, 980, 927, -517, -436, 954, -195, 43, -68, -53, 63, -24, 
53, 976, 922, -514, -434, 949, -195, 43, -68, -53, 63, -24, 
48, 976, 927, -512, -439, 951, -195, 43, -78, -53, 58, -24, 
48, 985, 936, -517, -444, 961, -195, 43, -78, -53, 58, -24, 
63, 980, 917, -522, -427, 949, -185, 39, -68, -58, 68, -24, 
63, 966, 902, -514, -419, 934, -185, 39, -68, -58, 68, -24, 
63, 961, 897, -512, -417, 929, -185, 39, -68, -58, 68, -24, 
63, 961, 897, -512, -417, 929, -185, 43, -68, -58, 73, -24, 
58, 956, 897, -507, -419, 927, -185, 53, -58, -48, 63, -24, 
58, 956, 897, -507, -419, 927, -180, 48, -63, -48, 63, -24, 
58, 951, 893, -505, -417, 922, -180, 48, -68, -48, 63, -24, 
58, 946, 888, -502, -414, 917, -180, 53, -73, -48, 63, -29, 
58, 946, 888, -502, -414, 917, -180, 53, -73, -48, 73, -19, 
58, 941, 883, -500, -412, 912, -185, 53, -73, -48, 73, -19, 
58, 936, 878, -497, -409, 907, -185, 48, -73, -48, 68, -19, 
53, 932, 878, -492, -412, 905, -185, 48, -73, -48, 63, -19, 
48, 922, 873, -485, -412, 897, -185, 58, -58, -43, 73, -19, 
48, 927, 878, -488, -414, 902, -185, 58, -58, -43, 73, -24, 
48, 927, 878, -488, -414, 902, -185, 63, -58, -48, 73, -24, 
48, 932, 883, -490, -417, 907, -185, 63, -58, -48, 73, -19, 
43, 922, 878, -483, -417, 900, -175, 53, -58, -43, 82, -19, 
43, 912, 868, -478, -412, 890, -175, 53, -58, -43, 82, -19, 
39, 902, 863, -470, -412, 883, -175, 53, -58, -39, 82, -19, 
34, 893, 858, -463, -412, 875, -175, 53, -58, -39, 82, -19, 
43, 902, 858, -473, -407, 880, -180, 53, -58, -39, 82, -19, 
48, 902, 854, -475, -402, 878, -180, 53, -58, -39, 82, -19, 
48, 902, 854, -475, -402, 878, -180, 53, -58, -39, 82, -14, 
53, 902, 849, -478, -397, 875, -180, 53, -53, -39, 82, -14, 
48, 893, 844, -470, -397, 868, -170, 58, -43, -29, 82, -14, 
48, 893, 844, -470, -397, 868, -170, 63, -48, -29, 82, -14, 
48, 893, 844, -470, -397, 868, -170, 68, -53, -34, 82, -14, 
48, 893, 844, -470, -397, 868, -170, 73, -53, -34, 82, -19, 
58, 883, 824, -470, -383, 854, -170, 73, -43, -29, 82, -9, 
58, 883, 824, -470, -383, 854, -170, 78, -43, -29, 87, -9, 
58, 883, 824, -470, -383, 854, -170, 78, -43, -29, 87, -9, 
58, 883, 824, -470, -383, 854, -170, 73, -43, -29, 87, -9, 
58, 878, 819, -468, -380, 849, -175, 73, -43, -29, 97, -9, 
63, 873, 810, -468, -373, 841, -175, 78, -43, -29, 97, -9, 
63, 868, 805, -466, -370, 836, -170, 78, -43, -29, 97, -9, 
58, 863, 805, -461, -373, 834, -170, 78, -43, -29, 97, -9, 
48, 863, 814, -456, -383, 839, -165, 87, -34, -19, 107, -4, 
48, 863, 814, -456, -383, 839, -165, 87, -34, -19, 107, 0, 
43, 863, 819, -453, -387, 841, -165, 87, -34, -19, 107, 4, 
43, 863, 819, -453, -387, 841, -165, 87, -34, -19, 107, 9, 
53, 858, 805, -456, -375, 832, -165, 78, -34, -19, 97, 9, 
53, 849, 795, -451, -370, 822, -165, 78, -34, -19, 92, 9, 
53, 844, 790, -448, -368, 817, -165, 78, -34, -19, 92, 9, 
53, 844, 790, -448, -368, 817, -165, 78, -34, -19, 97, 9, 
53, 834, 780, -444, -363, 807, -156, 82, -34, -9, 107, 19, 
53, 834, 780, -444, -363, 807, -156, 82, -34, -9, 107, 19, 
53, 829, 775, -441, -361, 802, -156, 82, -34, -9, 107, 19, 
53, 824, 771, -439, -358, 797, -156, 78, -34, -9, 107, 19, 
43, 814, 771, -429, -363, 793, -151, 82, -24, -9, 107, 9, 
43, 814, 771, -429, -363, 793, -146, 87, -24, -9, 107, 9, 
43, 814, 771, -429, -363, 793, -146, 92, -24, -9, 107, 9, 
43, 814, 771, -429, -363, 793, -141, 97, -24, -9, 107, 9, 
34, 805, 771, -419, -368, 788, -146, 97, -24, -9, 117, 9, 
34, 800, 766, -417, -366, 783, -146, 97, -24, -9, 117, 9, 
34, 790, 756, -412, -361, 773, -146, 97, -24, -14, 117, 9, 
34, 785, 751, -409, -358, 768, -146, 97, -24, -14, 107, 9, 
43, 795, 751, -419, -353, 773, -151, 87, -29, -14, 117, 19, 
43, 795, 751, -419, -353, 773, -156, 87, -29, -14, 122, 19, 
43, 795, 751, -419, -353, 773, -161, 87, -29, -9, 122, 19, 
43, 795, 751, -419, -353, 773, -165, 87, -29, -9, 122, 19, 
48, 805, 756, -427, -353, 780, -175, 78, -29, -14, 122, 29, 
53, 795, 741, -424, -344, 768, -175, 78, -29, -14, 117, 29, 
58, 795, 736, -427, -339, 766, -175, 73, -29, -14, 117, 29, 
63, 800, 736, -431, -336, 768, -180, 73, -29, -14, 117, 29, 
53, 790, 736, -422, -341, 763, -175, 82, -29, -4, 117, 29, 
53, 790, 736, -422, -341, 763, -165, 82, -29, 0, 122, 29, 
53, 790, 736, -422, -341, 763, -161, 82, -24, 0, 122, 29, 
53, 790, 736, -422, -341, 763, -156, 82, -24, -4, 122, 29, 
53, 780, 727, -417, -336, 753, -156, 97, -24, 0, 112, 19, 
53, 780, 727, -417, -336, 753, -156, 97, -24, -4, 107, 19, 
53, 780, 727, -417, -336, 753, -156, 87, -34, -9, 107, 19, 
53, 780, 727, -417, -336, 753, -161, 82, -39, -9, 107, 19, 
53, 766, 712, -409, -329, 739, -151, 82, -29, 0, 117, 19, 
48, 761, 712, -405, -331, 736, -151, 82, -29, -9, 112, 14, 
43, 756, 712, -400, -334, 734, -151, 87, -29, -9, 112, 14, 
39, 751, 712, -395, -336, 732, -151, 87, -29, -4, 112, 14, 
39, 761, 722, -400, -341, 741, -151, 78, -19, 4, 122, 24, 
39, 761, 722, -400, -341, 741, -151, 78, -19, 4, 122, 24, 
39, 761, 722, -400, -341, 741, -151, 78, -24, 4, 122, 24, 
39, 761, 722, -400, -341, 741, -151, 73, -24, 4, 122, 24, 
43, 761, 717, -402, -336, 739, -161, 73, -34, -4, 122, 24, 
48, 761, 712, -405, -331, 736, -161, 73, -34, -9, 122, 24, 
48, 761, 712, -405, -331, 736, -161, 73, -29, -14, 122, 24, 
53, 761, 707, -407, -326, 734, -161, 68, -29, -14, 122, 24, 
63, 761, 697, -412, -317, 729, -161, 68, -29, 0, 122, 24, 
63, 761, 697, -412, -317, 729, -156, 73, -29, 0, 122, 24, 
63, 761, 697, -412, -317, 729, -151, 78, -34, -9, 117, 24, 
63, 761, 697, -412, -317, 729, -151, 82, -34, -9, 117, 24, 
48, 746, 697, -397, -324, 722, -146, 82, -24, -4, 126, 34, 
43, 741, 697, -392, -326, 719, -146, 82, -24, -4, 126, 34, 
39, 736, 697, -387, -329, 717, -141, 82, -24, -9, 126, 29, 
29, 732, 702, -380, -336, 717, -141, 82, -29, -9, 122, 24, 
39, 717, 678, -378, -319, 697, -151, 82, -29, -4, 117, 24, 
39, 717, 678, -378, -319, 697, -151, 82, -29, -4, 117, 24, 
39, 722, 683, -380, -322, 702, -151, 82, -24, -4, 117, 24, 
39, 727, 688, -383, -324, 707, -151, 82, -24, -4, 117, 24, 
39, 717, 678, -378, -319, 697, -151, 82, -24, 0, 117, 34, 
39, 717, 678, -378, -319, 697, -151, 78, -29, -4, 112, 34, 
34, 717, 683, -375, -324, 700, -151, 78, -29, -4, 112, 29, 
34, 722, 688, -378, -326, 705, -151, 78, -29, 0, 112, 29, 
34, 712, 678, -373, -322, 695, -146, 87, -19, 9, 117, 43, 
34, 712, 678, -373, -322, 695, -146, 87, -19, 9, 122, 43, 
39, 712, 673, -375, -317, 692, -146, 87, -19, 9, 126, 43, 
39, 712, 673, -375, -317, 692, -141, 87, -19, 9, 136, 43, 
48, 712, 663, -380, -307, 688, -146, 87, -19, -4, 136, 34, 
48, 707, 658, -378, -305, 683, -146, 87, -19, -4, 136, 34, 
48, 707, 658, -378, -305, 683, -146, 87, -19, -4, 136, 29, 
43, 707, 663, -375, -309, 685, -146, 78, -24, -4, 126, 24, 
43, 702, 658, -373, -307, 680, -151, 87, -14, 0, 136, 39, 
43, 702, 658, -373, -307, 680, -151, 87, -14, 0, 141, 43, 
53, 712, 658, -383, -302, 685, -151, 92, -14, 4, 146, 48, 
53, 717, 663, -385, -305, 690, -151, 92, -14, 9, 146, 53, 
48, 712, 663, -380, -307, 688, -151, 87, -14, 4, 141, 53, 
39, 707, 668, -373, -314, 688, -151, 82, -14, 4, 141, 53, 
34, 707, 673, -370, -319, 690, -156, 78, -14, 9, 136, 53, 
34, 702, 668, -368, -317, 685, -156, 73, -14, 9, 136, 58, 
29, 697, 668, -363, -319, 683, -146, 78, -24, 0, 126, 48, 
29, 692, 663, -361, -317, 678, -146, 82, -24, 0, 126, 39, 
24, 688, 663, -356, -319, 675, -146, 87, -24, 0, 126, 39, 
24, 688, 663, -356, -319, 675, -151, 92, -24, 0, 131, 43, 
34, 683, 649, -358, -307, 666, -151, 87, -14, 9, 131, 53, 
39, 683, 644, -361, -302, 663, -146, 87, -14, 9, 131, 53, 
39, 678, 639, -358, -300, 658, -151, 87, -14, 9, 131, 53, 
43, 673, 629, -358, -292, 651, -151, 87, -14, 9, 136, 53, 
53, 673, 619, -363, -283, 646, -146, 87, -14, 14, 136, 58, 
48, 673, 624, -361, -287, 649, -146, 87, -14, 14, 136, 58, 
48, 673, 624, -361, -287, 649, -146, 87, -9, 14, 136, 58, 
53, 678, 624, -366, -285, 651, -146, 87, -9, 14, 136, 58, 
48, 673, 624, -361, -287, 649, -146, 82, -9, 14, 136, 48, 
43, 668, 624, -356, -290, 646, -146, 82, -14, 14, 136, 48, 
39, 658, 619, -348, -290, 639, -141, 87, -14, 9, 136, 48, 
34, 644, 610, -339, -287, 627, -141, 87, -14, 9, 136, 48, 
43, 649, 605, -346, -280, 627, -141, 97, -14, 9, 136, 58, 
48, 649, 600, -348, -275, 624, -146, 97, -14, 14, 136, 63, 
48, 649, 600, -348, -275, 624, -146, 97, -14, 14, 136, 63, 
48, 644, 595, -346, -273, 619, -141, 92, -9, 14, 136, 63, 
58, 653, 595, -356, -268, 624, -141, 92, 0, 24, 146, 63, 
58, 649, 590, -353, -265, 619, -151, 92, -9, 19, 146, 63, 
