I, II, III, aVR, aVL, aVF, V1, V2, V3, V4, V5, V6, 
-907, -2205, -1298, 1556, 195, -1751, -78, 97, -312, -370, -204, 888, 
-907, -2205, -1298, 1556, 195, -1751, -78, 97, -312, -370, -204, 888, 
-907, -2205, -1298, 1556, 195, -1751, -78, 97, -312, -370, -204, 888, 
-907, -2205, -1298, 1556, 195, -1751, -78, 97, -312, -370, -204, 888, 
-897, -2205, -1307, 1551, 204, -1756, -68, 102, -312, -361, -204, 897, 
-897, -2205, -1307, 1551, 204, -1756, -68, 107, -312, -361, -204, 897, 
-897, -2205, -1307, 1551, 204, -1756, -68, 112, -312, -361, -204, 897, 
-897, -2205, -1307, 1551, 204, -1756, -68, 117, -312, -361, -204, 897, 
-897, -2205, -1307, 1551, 204, -1756, -68, 126, -302, -351, -195, 907, 
-897, -2205, -1307, 1551, 204, -1756, -68, 126, -302, -351, -195, 907, 
-897, -2205, -1307, 1551, 204, -1756, -68, 126, -302, -351, -195, 907, 
-897, -2205, -1307, 1551, 204, -1756, -68, 126, -302, -351, -195, 907, 
-897, -2196, -1298, 1546, 200, -1747, -68, 131, -292, -351, -185, 907, 
-897, -2196, -1298, 1546, 200, -1747, -68, 136, -292, -351, -185, 907, 
-897, -2196, -1298, 1546, 200, -1747, -68, 141, -292, -351, -185, 907, 
-897, -2196, -1298, 1546, 200, -1747, -68, 146, -292, -351, -185, 907, 
-897, -2196, -1298, 1546, 200, -1747, -68, 156, -283, -341, -175, 917, 
-897, -2196, -1298, 1546, 200, -1747, -68, 156, -283, -341, -175, 917, 
-897, -2196, -1298, 1546, 200, -1747, -68, 156, -283, -341, -175, 917, 
-897, -2196, -1298, 1546, 200, -1747, -68, 156, -283, -341, -175, 917, 
-888, -2186, -1298, 1537, 204, -1742, -58, 161, -273, -331, -175, 917, 
-888, -2186, -1298, 1537, 204, -1742, -58, 165, -273, -331, -175, 917, 
-888, -2186, -1298, 1537, 204, -1742, -58, 170, -273, -331, -175, 917, 
-888, -2186, -1298, 1537, 204, -1742, -58, 175, -273, -331, -175, 917, 
-878, -2176, -1298, 1527, 209, -1737, -58, 190, -273, -322, -165, 927, 
-878, -2176, -1298, 1527, 209, -1737, -58, 195, -273, -322, -165, 927, 
-878, -2176, -1298, 1527, 209, -1737, -58, 200, -273, -322, -165, 927, 
-878, -2176, -1298, 1527, 209, -1737, -58, 204, -273, -322, -165, 927, 
-878, -2166, -1288, 1522, 204, -1727, -58, 219, -263, -322, -161, 936, 
-878, -2166, -1288, 1522, 204, -1727, -58, 224, -263, -322, -156, 936, 
-878, -2166, -1288, 1522, 204, -1727, -58, 229, -263, -322, -151, 936, 
-878, -2166, -1288, 1522, 204, -1727, -58, 234, -263, -322, -146, 936, 
-873, -2161, -1288, 1517, 207, -1725, -58, 244, -263, -317, -146, 946, 
-868, -2156, -1288, 1512, 209, -1722, -58, 253, -263, -312, -146, 946, 
-863, -2152, -1288, 1507, 212, -1720, -58, 263, -263, -307, -146, 946, 
-858, -2147, -1288, 1503, 214, -1717, -58, 273, -263, -302, -146, 946, 
-849, -2132, -1283, 1490, 217, -1708, -58, 292, -248, -297, -141, 951, 
-849, -2127, -1278, 1488, 214, -1703, -58, 302, -244, -292, -136, 956, 
-849, -2122, -1273, 1485, 212, -1698, -58, 312, -239, -287, -131, 961, 
-849, -2117, -1268, 1483, 209, -1693, -58, 322, -234, -283, -126, 966, 
-839, -2103, -1263, 1471, 212, -1683, -68, 336, -224, -278, -112, 980, 
-839, -2098, -1259, 1468, 209, -1678, -68, 351, -224, -273, -107, 985, 
-839, -2093, -1254, 1466, 207, -1673, -68, 366, -224, -268, -102, 990, 
-839, -2088, -1249, 1464, 204, -1668, -68, 380, -224, -263, -97, 995, 
-824, -2074, -1249, 1449, 212, -1661, -78, 395, -219, -248, -87, 1010, 
-819, -2069, -1249, 1444, 214, -1659, -78, 409, -214, -244, -78, 1015, 
-814, -2064, -1249, 1439, 217, -1656, -78, 424, -209, -239, -68, 1019, 
-810, -2059, -1249, 1434, 219, -1654, -78, 439, -204, -234, -58, 1024, 
-795, -2044, -1249, 1420, 226, -1647, -78, 453, -185, -214, -39, 1034, 
-790, -2030, -1239, 1410, 224, -1634, -78, 468, -175, -204, -29, 1044, 
-785, -2015, -1229, 1400, 222, -1622, -78, 483, -165, -195, -19, 1054, 
-780, -2000, -1220, 1390, 219, -1610, -78, 497, -156, -185, -9, 1063, 
-775, -1986, -1210, 1381, 217, -1598, -82, 512, -151, -165, 9, 1073, 
-771, -1971, -1200, 1371, 214, -1586, -87, 527, -146, -156, 19, 1083, 
-766, -1956, -1190, 1361, 212, -1573, -92, 541, -141, -146, 29, 1093, 
-761, -1942, -1180, 1351, 209, -1561, -97, 556, -136, -136, 39, 1102, 
-756, -1922, -1166, 1339, 204, -1544, -112, 570, -122, -126, 48, 1112, 
-751, -1912, -1161, 1332, 204, -1537, -117, 575, -117, -117, 58, 1122, 
-746, -1903, -1156, 1324, 204, -1529, -122, 580, -112, -107, 68, 1132, 
-741, -1893, -1151, 1317, 204, -1522, -126, 585, -107, -97, 78, 1141, 
-727, -1873, -1146, 1300, 209, -1510, -131, 590, -102, -82, 92, 1156, 
-722, -1864, -1141, 1293, 209, -1503, -136, 595, -97, -78, 97, 1161, 
-717, -1854, -1137, 1285, 209, -1495, -141, 600, -92, -73, 102, 1166, 
-712, -1844, -1132, 1278, 209, -1488, -146, 605, -87, -68, 107, 1171, 
-702, -1830, -1127, 1266, 212, -1478, -146, 614, -82, -53, 117, 1185, 
-702, -1825, -1122, 1263, 209, -1473, -146, 614, -78, -48, 126, 1190, 
-702, -1820, -1117, 1261, 207, -1468, -146, 614, -73, -43, 136, 1195, 
-702, -1815, -1112, 1259, 204, -1464, -146, 614, -68, -39, 146, 1200, 
-702, -1805, -1102, 1254, 200, -1454, -146, 605, -63, -34, 161, 1205, 
-702, -1795, -1093, 1249, 195, -1444, -146, 605, -58, -29, 165, 1210, 
-702, -1786, -1083, 1244, 190, -1434, -146, 605, -53, -24, 170, 1215, 
-702, -1776, -1073, 1239, 185, -1424, -146, 605, -48, -19, 175, 1220, 
-702, -1776, -1073, 1239, 185, -1424, -156, 585, -48, -9, 175, 1229, 
-702, -1776, -1073, 1239, 185, -1424, -156, 575, -48, -9, 175, 1229, 
-702, -1776, -1073, 1239, 185, -1424, -156, 566, -48, -9, 175, 1229, 
-702, -1776, -1073, 1239, 185, -1424, -156, 556, -48, -9, 175, 1229, 
-707, -1790, -1083, 1249, 187, -1437, -151, 531, -53, -14, 161, 1220, 
-712, -1795, -1083, 1254, 185, -1439, -146, 517, -58, -19, 156, 1220, 
-717, -1800, -1083, 1259, 183, -1442, -141, 502, -63, -24, 151, 1220, 
-722, -1805, -1083, 1263, 180, -1444, -136, 488, -68, -29, 146, 1220, 
-741, -1820, -1078, 1281, 168, -1449, -126, 463, -73, -48, 126, 1200, 
-751, -1834, -1083, 1293, 165, -1459, -117, 448, -78, -58, 117, 1190, 
-761, -1849, -1088, 1305, 163, -1468, -107, 434, -82, -68, 107, 1180, 
-771, -1864, -1093, 1317, 161, -1478, -97, 419, -87, -78, 97, 1171, 
-775, -1883, -1107, 1329, 165, -1495, -92, 395, -97, -92, 78, 1156, 
-780, -1903, -1122, 1342, 170, -1512, -87, 380, -107, -107, 68, 1141, 
-785, -1922, -1137, 1354, 175, -1529, -82, 366, -117, -122, 58, 1127, 
-790, -1942, -1151, 1366, 180, -1546, -78, 351, -126, -136, 48, 1112, 
-800, -1961, -1161, 1381, 180, -1561, -68, 326, -136, -156, 24, 1093, 
-810, -1981, -1171, 1395, 180, -1576, -68, 312, -146, -165, 9, 1083, 
-819, -2000, -1180, 1410, 180, -1590, -68, 297, -156, -175, -4, 1073, 
-829, -2020, -1190, 1424, 180, -1605, -68, 283, -165, -185, -19, 1063, 
-844, -2034, -1190, 1439, 173, -1612, -58, 273, -175, -204, -29, 1049, 
-849, -2049, -1200, 1449, 175, -1625, -58, 263, -185, -214, -39, 1044, 
-854, -2064, -1210, 1459, 178, -1637, -58, 253, -195, -224, -48, 1039, 
-858, -2078, -1220, 1468, 180, -1649, -58, 244, -204, -234, -58, 1034, 
-868, -2098, -1229, 1483, 180, -1664, -58, 224, -219, -239, -73, 1019, 
-868, -2108, -1239, 1488, 185, -1673, -58, 214, -224, -244, -78, 1015, 
-868, -2117, -1249, 1493, 190, -1683, -58, 204, -229, -248, -82, 1010, 
-868, -2127, -1259, 1498, 195, -1693, -58, 195, -234, -253, -87, 1005, 
-873, -2142, -1268, 1507, 197, -1705, -58, 180, -244, -258, -92, 1000, 
-878, -2147, -1268, 1512, 195, -1708, -58, 175, -244, -263, -97, 995, 
-883, -2152, -1268, 1517, 192, -1710, -58, 170, -244, -268, -102, 990, 
-888, -2156, -1268, 1522, 190, -1712, -58, 165, -244, -273, -107, 985, 
-888, -2171, -1283, 1529, 197, -1727, -68, 161, -248, -283, -112, 976, 
-888, -2176, -1288, 1532, 200, -1732, -68, 156, -253, -283, -117, 976, 
-888, -2181, -1293, 1534, 202, -1737, -68, 151, -258, -283, -122, 976, 
-888, -2186, -1298, 1537, 204, -1742, -68, 146, -263, -283, -126, 976, 
-888, -2196, -1307, 1542, 209, -1751, -68, 131, -273, -292, -136, 966, 
-888, -2196, -1307, 1542, 209, -1751, -68, 126, -273, -292, -136, 966, 
-888, -2196, -1307, 1542, 209, -1751, -68, 122, -273, -292, -136, 966, 
-888, -2196, -1307, 1542, 209, -1751, -68, 117, -273, -292, -136, 966, 
-888, -2196, -1307, 1542, 209, -1751, -68, 117, -278, -302, -146, 966, 
-888, -2196, -1307, 1542, 209, -1751, -68, 117, -283, -302, -146, 966, 
-888, -2196, -1307, 1542, 209, -1751, -68, 117, -287, -302, -146, 966, 
-888, -2196, -1307, 1542, 209, -1751, -68, 117, -292, -302, -146, 966, 
-897, -2200, -1302, 1549, 202, -1751, -68, 107, -283, -302, -146, 966, 
-897, -2205, -1307, 1551, 204, -1756, -68, 107, -283, -302, -146, 966, 
-897, -2210, -1312, 1554, 207, -1761, -68, 107, -283, -302, -146, 966, 
-897, -2215, -1317, 1556, 209, -1766, -68, 107, -283, -302, -146, 966, 
-888, -2215, -1327, 1551, 219, -1771, -68, 107, -283, -292, -146, 966, 
-888, -2215, -1327, 1551, 219, -1771, -68, 107, -283, -292, -146, 966, 
-888, -2215, -1327, 1551, 219, -1771, -68, 107, -283, -292, -146, 966, 
-888, -2215, -1327, 1551, 219, -1771, -68, 107, -283, -292, -146, 966, 
-897, -2215, -1317, 1556, 209, -1766, -68, 107, -283, -302, -136, 966, 
-897, -2215, -1317, 1556, 209, -1766, -68, 107, -283, -302, -136, 966, 
-897, -2215, -1317, 1556, 209, -1766, -68, 107, -283, -302, -136, 966, 
-897, -2215, -1317, 1556, 209, -1766, -68, 107, -283, -302, -136, 966, 
-888, -2205, -1317, 1546, 214, -1761, -68, 117, -283, -302, -136, 976, 
-888, -2205, -1317, 1546, 214, -1761, -68, 117, -283, -302, -136, 976, 
-888, -2205, -1317, 1546, 214, -1761, -68, 117, -283, -302, -136, 976, 
-888, -2205, -1317, 1546, 214, -1761, -68, 117, -283, -302, -136, 976, 
-888, -2215, -1327, 1551, 219, -1771, -68, 117, -273, -292, -136, 976, 
-888, -2215, -1327, 1551, 219, -1771, -68, 117, -273, -292, -136, 976, 
-888, -2215, -1327, 1551, 219, -1771, -68, 117, -273, -292, -136, 976, 
-888, -2215, -1327, 1551, 219, -1771, -68, 117, -273, -292, -136, 976, 
-888, -2205, -1317, 1546, 214, -1761, -68, 126, -263, -292, -126, 985, 
-888, -2205, -1317, 1546, 214, -1761, -68, 126, -263, -292, -126, 985, 
-888, -2205, -1317, 1546, 214, -1761, -68, 126, -263, -292, -126, 985, 
-888, -2205, -1317, 1546, 214, -1761, -68, 126, -263, -292, -126, 985, 
-888, -2205, -1317, 1546, 214, -1761, -68, 126, -263, -292, -126, 976, 
-888, -2205, -1317, 1546, 214, -1761, -68, 126, -263, -292, -126, 976, 
-888, -2205, -1317, 1546, 214, -1761, -68, 126, -263, -292, -126, 976, 
-888, -2205, -1317, 1546, 214, -1761, -68, 126, -263, -292, -126, 976, 
-888, -2196, -1307, 1542, 209, -1751, -68, 126, -253, -283, -117, 976, 
-888, -2196, -1307, 1542, 209, -1751, -68, 126, -253, -283, -117, 976, 
-888, -2196, -1307, 1542, 209, -1751, -68, 126, -253, -283, -117, 976, 
-888, -2196, -1307, 1542, 209, -1751, -68, 126, -253, -283, -117, 976, 
-878, -2196, -1317, 1537, 219, -1756, -68, 136, -244, -283, -117, 985, 
-878, -2196, -1317, 1537, 219, -1756, -68, 136, -244, -283, -117, 985, 
-878, -2196, -1317, 1537, 219, -1756, -68, 136, -244, -283, -117, 985, 
-878, -2196, -1317, 1537, 219, -1756, -68, 136, -244, -283, -117, 985, 
-878, -2196, -1317, 1537, 219, -1756, -68, 136, -244, -283, -117, 985, 
-878, -2196, -1317, 1537, 219, -1756, -68, 136, -244, -283, -117, 985, 
-878, -2196, -1317, 1537, 219, -1756, -68, 136, -244, -283, -117, 985, 
-878, -2196, -1317, 1537, 219, -1756, -68, 136, -244, -283, -117, 985, 
-878, -2196, -1317, 1537, 219, -1756, -68, 136, -244, -283, -117, 985, 
-878, -2196, -1317, 1537, 219, -1756, -68, 136, -244, -283, -117, 985, 
-878, -2196, -1317, 1537, 219, -1756, -68, 136, -244, -283, -117, 985, 
-878, -2196, -1317, 1537, 219, -1756, -68, 136, -244, -283, -117, 985, 
-888, -2196, -1307, 1542, 209, -1751, -58, 146, -244, -283, -117, 985, 
-888, -2196, -1307, 1542, 209, -1751, -58, 146, -244, -283, -117, 985, 
-888, -2196, -1307, 1542, 209, -1751, -58, 146, -244, -283, -117, 985, 
-888, -2196, -1307, 1542, 209, -1751, -58, 146, -244, -283, -117, 985, 
-878, -2205, -1327, 1542, 224, -1766, -58, 146, -244, -283, -107, 985, 
-878, -2205, -1327, 1542, 224, -1766, -58, 146, -244, -283, -107, 985, 
-878, -2205, -1327, 1542, 224, -1766, -58, 146, -244, -283, -107, 985, 
-878, -2205, -1327, 1542, 224, -1766, -58, 146, -244, -283, -107, 985, 
-878, -2205, -1327, 1542, 224, -1766, -58, 136, -244, -283, -117, 976, 
-878, -2205, -1327, 1542, 224, -1766, -58, 136, -244, -283, -117, 976, 
-878, -2205, -1327, 1542, 224, -1766, -58, 136, -244, -283, -117, 976, 
-878, -2205, -1327, 1542, 224, -1766, -58, 136, -244, -283, -117, 976, 
-878, -2205, -1327, 1542, 224, -1766, -58, 136, -244, -283, -126, 976, 
-878, -2205, -1327, 1542, 224, -1766, -58, 136, -244, -283, -126, 976, 
-878, -2205, -1327, 1542, 224, -1766, -58, 136, -244, -283, -126, 976, 
-878, -2205, -1327, 1542, 224, -1766, -58, 136, -244, -283, -126, 976, 
-878, -2205, -1327, 1542, 224, -1766, -58, 126, -244, -283, -126, 976, 
-878, -2205, -1327, 1542, 224, -1766, -58, 126, -244, -283, -126, 976, 
-878, -2205, -1327, 1542, 224, -1766, -58, 126, -244, -283, -126, 976, 
-878, -2205, -1327, 1542, 224, -1766, -58, 126, -244, -283, -126, 976, 
-878, -2205, -1327, 1542, 224, -1766, -58, 126, -244, -292, -117, 976, 
-878, -2205, -1327, 1542, 224, -1766, -58, 126, -244, -292, -117, 976, 
-878, -2205, -1327, 1542, 224, -1766, -58, 126, -244, -292, -117, 976, 
-878, -2205, -1327, 1542, 224, -1766, -58, 126, -244, -292, -117, 976, 
-888, -2210, -1322, 1549, 217, -1766, -58, 117, -253, -292, -126, 976, 
-888, -2215, -1327, 1551, 219, -1771, -58, 117, -253, -292, -126, 976, 
-888, -2220, -1332, 1554, 222, -1776, -58, 117, -253, -292, -126, 976, 
-888, -2225, -1337, 1556, 224, -1781, -58, 117, -253, -292, -126, 976, 
-888, -2225, -1337, 1556, 224, -1781, -48, 117, -253, -292, -136, 966, 
-888, -2225, -1337, 1556, 224, -1781, -48, 117, -253, -292, -136, 966, 
-888, -2225, -1337, 1556, 224, -1781, -48, 117, -253, -292, -136, 966, 
-888, -2225, -1337, 1556, 224, -1781, -48, 117, -253, -292, -136, 966, 
-878, -2235, -1356, 1556, 239, -1795, -58, 107, -258, -292, -136, 966, 
-878, -2235, -1356, 1556, 239, -1795, -58, 107, -263, -292, -136, 966, 
-878, -2235, -1356, 1556, 239, -1795, -58, 107, -268, -292, -136, 966, 
-878, -2235, -1356, 1556, 239, -1795, -58, 107, -273, -292, -136, 966, 
-878, -2244, -1366, 1561, 244, -1805, -58, 97, -273, -302, -136, 956, 
-878, -2244, -1366, 1561, 244, -1805, -58, 97, -273, -302, -136, 956, 
-878, -2244, -1366, 1561, 244, -1805, -58, 97, -273, -302, -136, 956, 
-878, -2244, -1366, 1561, 244, -1805, -58, 97, -273, -302, -136, 956, 
-888, -2254, -1366, 1571, 239, -1810, -58, 97, -263, -302, -136, 956, 
-888, -2254, -1366, 1571, 239, -1810, -58, 97, -263, -302, -136, 956, 
-888, -2254, -1366, 1571, 239, -1810, -58, 97, -263, -302, -136, 956, 
-888, -2254, -1366, 1571, 239, -1810, -58, 97, -263, -302, -136, 956, 
-897, -2254, -1356, 1576, 229, -1805, -48, 97, -273, -302, -136, 956, 
-897, -2254, -1356, 1576, 229, -1805, -48, 97, -273, -302, -136, 956, 
-897, -2254, -1356, 1576, 229, -1805, -48, 97, -273, -302, -136, 956, 
-897, -2254, -1356, 1576, 229, -1805, -48, 97, -273, -302, -136, 956, 
-897, -2264, -1366, 1581, 234, -1815, -48, 97, -273, -302, -136, 956, 
-897, -2264, -1366, 1581, 234, -1815, -48, 97, -273, -302, -136, 956, 
-897, -2264, -1366, 1581, 234, -1815, -48, 97, -273, -302, -136, 956, 
-897, -2264, -1366, 1581, 234, -1815, -48, 97, -273, -302, -136, 956, 
-888, -2264, -1376, 1576, 244, -1820, -48, 87, -273, -302, -136, 956, 
-888, -2264, -1376, 1576, 244, -1820, -48, 87, -273, -302, -136, 956, 
-888, -2264, -1376, 1576, 244, -1820, -48, 87, -273, -302, -136, 956, 
-888, -2264, -1376, 1576, 244, -1820, -48, 87, -273, -302, -136, 956, 
-888, -2274, -1385, 1581, 248, -1830, -48, 87, -273, -302, -136, 956, 
-888, -2274, -1385, 1581, 248, -1830, -48, 87, -273, -302, -136, 956, 
-888, -2274, -1385, 1581, 248, -1830, -48, 87, -273, -302, -136, 956, 
-888, -2274, -1385, 1581, 248, -1830, -48, 87, -273, -302, -136, 956, 
-888, -2283, -1395, 1586, 253, -1839, -48, 97, -273, -302, -136, 946, 
-888, -2283, -1395, 1586, 253, -1839, -48, 97, -273, -302, -136, 946, 
-888, -2283, -1395, 1586, 253, -1839, -48, 97, -273, -302, -136, 946, 
-888, -2283, -1395, 1586, 253, -1839, -48, 97, -273, -302, -136, 946, 
-888, -2283, -1395, 1586, 253, -1839, -39, 87, -273, -302, -136, 946, 
-888, -2283, -1395, 1586, 253, -1839, -39, 87, -273, -302, -136, 946, 
-888, -2283, -1395, 1586, 253, -1839, -39, 87, -273, -302, -136, 946, 
-888, -2283, -1395, 1586, 253, -1839, -39, 87, -273, -302, -136, 946, 
-888, -2283, -1395, 1586, 253, -1839, -39, 78, -273, -302, -146, 946, 
-888, -2283, -1395, 1586, 253, -1839, -39, 78, -273, -302, -146, 946, 
-888, -2283, -1395, 1586, 253, -1839, -39, 78, -273, -302, -146, 946, 
-888, -2283, -1395, 1586, 253, -1839, -39, 78, -273, -302, -146, 946, 
-897, -2293, -1395, 1595, 248, -1844, -39, 78, -273, -302, -136, 956, 
-897, -2293, -1395, 1595, 248, -1844, -34, 78, -273, -302, -136, 956, 
-897, -2293, -1395, 1595, 248, -1844, -34, 78, -273, -297, -136, 956, 
-897, -2293, -1395, 1595, 248, -1844, -34, 78, -273, -297, -136, 956, 
-888, -2288, -1400, 1588, 256, -1844, -39, 78, -263, -297, -136, 956, 
-888, -2288, -1400, 1588, 256, -1844, -39, 78, -263, -297, -136, 956, 
-888, -2288, -1400, 1588, 256, -1844, -39, 78, -263, -302, -136, 956, 
-888, -2288, -1400, 1588, 256, -1844, -39, 82, -263, -302, -141, 956, 
-888, -2298, -1410, 1593, 261, -1854, -48, 73, -273, -292, -141, 956, 
-888, -2298, -1410, 1593, 261, -1854, -43, 73, -273, -287, -141, 956, 
-888, -2298, -1410, 1593, 261, -1854, -43, 73, -268, -287, -141, 956, 
-888, -2298, -1410, 1593, 261, -1854, -43, 73, -268, -287, -136, 956, 
-888, -2298, -1410, 1593, 261, -1854, -34, 82, -258, -287, -136, 956, 
-883, -2298, -1415, 1590, 265, -1856, -34, 82, -258, -287, -136, 961, 
-883, -2288, -1405, 1586, 261, -1847, -29, 87, -253, -283, -131, 966, 
-878, -2278, -1400, 1578, 261, -1839, -19, 102, -248, -273, -126, 966, 
-888, -2274, -1385, 1581, 248, -1830, -14, 107, -239, -268, -107, 976, 
-883, -2264, -1381, 1573, 248, -1822, -9, 112, -234, -263, -107, 985, 
-878, -2249, -1371, 1564, 246, -1810, -4, 117, -229, -258, -102, 990, 
-878, -2249, -1371, 1564, 246, -1810, 4, 126, -219, -253, -97, 995, 
-878, -2235, -1356, 1556, 239, -1795, 9, 131, -209, -239, -97, 1000, 
-873, -2225, -1351, 1549, 239, -1788, 24, 136, -204, -229, -87, 1005, 
-868, -2215, -1346, 1542, 239, -1781, 29, 146, -190, -214, -82, 1010, 
-868, -2200, -1332, 1534, 231, -1766, 34, 156, -185, -214, -73, 1019, 
-863, -2196, -1332, 1529, 234, -1764, 34, 146, -195, -214, -73, 1024, 
-863, -2191, -1327, 1527, 231, -1759, 34, 151, -190, -209, -73, 1024, 
-863, -2191, -1327, 1527, 231, -1759, 39, 151, -190, -209, -68, 1024, 
-868, -2191, -1322, 1529, 226, -1756, 43, 156, -185, -209, -68, 1029, 
-858, -2196, -1337, 1527, 239, -1766, 43, 165, -175, -209, -68, 1019, 
-858, -2191, -1332, 1525, 236, -1761, 43, 165, -170, -209, -58, 1019, 
-858, -2186, -1327, 1522, 234, -1756, 43, 165, -165, -200, -58, 1019, 
-858, -2181, -1322, 1520, 231, -1751, 39, 161, -161, -195, -53, 1029, 
-858, -2171, -1312, 1515, 226, -1742, 34, 146, -151, -200, -43, 1034, 
-863, -2161, -1298, 1512, 217, -1729, 34, 146, -146, -195, -39, 1039, 
-863, -2156, -1293, 1510, 214, -1725, 29, 141, -146, -195, -39, 1039, 
-863, -2156, -1293, 1510, 214, -1725, 24, 131, -146, -190, -34, 1044, 
-858, -2147, -1288, 1503, 214, -1717, 14, 126, -146, -180, -34, 1058, 
-849, -2132, -1283, 1490, 217, -1708, 9, 122, -146, -175, -24, 1058, 
-844, -2117, -1273, 1481, 214, -1695, 0, 122, -136, -170, -19, 1063, 
-844, -2117, -1273, 1481, 214, -1695, -9, 117, -146, -165, -19, 1068, 
-849, -2132, -1283, 1490, 217, -1708, -24, 112, -141, -165, -34, 1068, 
-849, -2142, -1293, 1495, 222, -1717, -29, 107, -146, -170, -39, 1063, 
-849, -2147, -1298, 1498, 224, -1722, -34, 102, -151, -175, -39, 1058, 
-839, -2147, -1307, 1493, 234, -1727, -34, 102, -156, -175, -39, 1058, 
-824, -2156, -1332, 1490, 253, -1744, -39, 92, -165, -185, -43, 1049, 
-819, -2156, -1337, 1488, 258, -1747, -43, 92, -165, -185, -43, 1049, 
-819, -2161, -1342, 1490, 261, -1751, -48, 82, -175, -190, -48, 1049, 
-824, -2171, -1346, 1498, 261, -1759, -58, 68, -185, -195, -58, 1044, 
-834, -2196, -1361, 1515, 263, -1778, -68, 63, -195, -204, -68, 1029, 
-834, -2215, -1381, 1525, 273, -1798, -68, 58, -209, -214, -82, 1029, 
-839, -2225, -1385, 1532, 273, -1805, -68, 58, -219, -229, -92, 1019, 
-858, -2244, -1385, 1551, 263, -1815, -63, 63, -219, -234, -97, 1015, 
-873, -2269, -1395, 1571, 261, -1832, -53, 63, -219, -229, -102, 1000, 
-888, -2288, -1400, 1588, 256, -1844, -48, 68, -219, -239, -107, 990, 
-897, -2313, -1415, 1605, 258, -1864, -39, 68, -229, -248, -122, 980, 
-897, -2332, -1434, 1615, 268, -1883, -39, 63, -239, -263, -126, 966, 
-897, -2337, -1439, 1617, 270, -1888, -39, 58, -244, -278, -136, 961, 
-902, -2347, -1444, 1625, 270, -1895, -39, 53, -248, -283, -136, 956, 
-902, -2357, -1454, 1629, 275, -1905, -43, 48, -253, -283, -146, 956, 
-902, -2357, -1454, 1629, 275, -1905, -43, 39, -258, -287, -151, 951, 
-902, -2361, -1459, 1632, 278, -1910, -43, 48, -258, -278, -151, 951, 
-897, -2361, -1464, 1629, 283, -1912, -48, 48, -258, -283, -151, 946, 
-897, -2371, -1473, 1634, 287, -1922, -48, 48, -263, -287, -156, 941, 
-897, -2376, -1478, 1637, 290, -1927, -48, 39, -268, -292, -161, 936, 
-907, -2391, -1483, 1649, 287, -1937, -58, 29, -273, -302, -165, 941, 
-907, -2391, -1483, 1649, 287, -1937, -58, 29, -278, -307, -165, 936, 
-907, -2396, -1488, 1651, 290, -1942, -58, 24, -278, -307, -165, 936, 
-907, -2396, -1488, 1651, 290, -1942, -58, 24, -273, -307, -165, 941, 
-907, -2405, -1498, 1656, 295, -1952, -48, 24, -263, -292, -165, 932, 
-907, -2405, -1498, 1656, 295, -1952, -48, 29, -263, -292, -165, 932, 
-907, -2405, -1498, 1656, 295, -1952, -48, 29, -263, -292, -165, 932, 
-907, -2405, -1498, 1656, 295, -1952, -48, 29, -263, -292, -165, 936, 
-907, -2405, -1498, 1656, 295, -1952, -39, 39, -263, -283, -161, 936, 
-907, -2410, -1503, 1659, 297, -1956, -39, 39, -263, -283, -161, 936, 
-907, -2410, -1503, 1659, 297, -1956, -39, 43, -263, -278, -161, 932, 
-907, -2410, -1503, 1659, 297, -1956, -39, 43, -263, -278, -161, 932, 
-907, -2405, -1498, 1656, 295, -1952, -48, 43, -263, -287, -161, 941, 
-907, -2405, -1498, 1656, 295, -1952, -48, 43, -263, -292, -170, 932, 
-902, -2405, -1503, 1654, 300, -1954, -48, 43, -258, -292, -170, 932, 
-902, -2410, -1507, 1656, 302, -1959, -43, 53, -248, -297, -165, 927, 
-893, -2415, -1522, 1654, 314, -1969, -39, 87, -258, -307, -175, 927, 
-888, -2435, -1546, 1661, 329, -1991, -14, 136, -258, -317, -190, 897, 
-897, -2459, -1561, 1678, 331, -2010, 4, 209, -248, -331, -204, 868, 
-897, -2474, -1576, 1686, 339, -2025, 34, 263, -229, -341, -209, 858, 
-888, -2483, -1595, 1686, 353, -2039, 68, 322, -209, -341, -209, 844, 
-863, -2483, -1620, 1673, 378, -2052, 87, 380, -195, -356, -214, 834, 
-844, -2503, -1659, 1673, 407, -2081, 112, 453, -180, -366, -214, 824, 
-834, -2513, -1678, 1673, 422, -2095, 151, 556, -156, -375, -204, 824, 
-805, -2483, -1678, 1644, 436, -2081, 180, 653, -122, -361, -180, 839, 
-761, -2444, -1683, 1603, 461, -2064, 200, 712, -73, -326, -146, 868, 
-727, -2386, -1659, 1556, 466, -2022, 190, 722, -39, -283, -82, 917, 
-707, -2293, -1586, 1500, 439, -1939, 156, 668, 0, -204, 0, 990, 
-697, -2152, -1454, 1424, 378, -1803, 107, 561, 53, -73, 122, 1093, 
-712, -1947, -1234, 1329, 261, -1590, 39, 375, 141, 97, 278, 1244, 
-751, -1688, -936, 1220, 92, -1312, -68, 78, 224, 302, 473, 1439, 
-790, -1459, -668, 1124, -61, -1063, -234, -263, 258, 492, 658, 1634, 
-810, -1273, -463, 1041, -173, -868, -434, -590, 248, 649, 805, 1790, 
-829, -1127, -297, 978, -265, -712, -619, -888, 244, 775, 927, 1917, 
-844, -1019, -175, 932, -334, -597, -785, -1141, 253, 868, 1019, 2020, 
-854, -990, -136, 922, -358, -563, -902, -1288, 239, 902, 1058, 2059, 
-863, -1058, -195, 961, -334, -627, -995, -1351, 185, 858, 1019, 2030, 
-873, -1200, -326, 1037, -273, -763, -1054, -1381, 78, 751, 888, 1922, 
-917, -1410, -492, 1163, -212, -951, -1044, -1405, -92, 566, 663, 1761, 
-985, -1664, -678, 1324, -153, -1171, -990, -1449, -263, 356, 400, 1576, 
-1063, -1903, -839, 1483, -112, -1371, -951, -1493, -429, 161, 161, 1405, 
-1088, -2117, -1029, 1603, -29, -1573, -927, -1493, -580, -14, -39, 1244, 
-1078, -2308, -1229, 1693, 75, -1769, -893, -1434, -712, -170, -204, 1102, 
-1068, -2444, -1376, 1756, 153, -1910, -834, -1322, -790, -283, -317, 1010, 
-1054, -2547, -1493, 1800, 219, -2020, -756, -1151, -790, -356, -375, 941, 
-1044, -2605, -1561, 1825, 258, -2083, -673, -976, -761, -395, -400, 897, 
-1049, -2635, -1586, 1842, 268, -2110, -600, -849, -712, -414, -400, 868, 
-1044, -2644, -1600, 1844, 278, -2122, -546, -746, -673, -424, -390, 849, 
-1015, -2615, -1600, 1815, 292, -2108, -478, -629, -610, -409, -366, 849, 
-980, -2586, -1605, 1783, 312, -2095, -405, -497, -546, -390, -341, 849, 
-946, -2542, -1595, 1744, 324, -2069, -317, -351, -473, -361, -302, 854, 
-917, -2518, -1600, 1717, 341, -2059, -219, -229, -414, -336, -263, 878, 
-907, -2513, -1605, 1710, 348, -2059, -151, -131, -366, -322, -239, 897, 
-917, -2508, -1590, 1712, 336, -2049, -112, -82, -331, -317, -224, 897, 
-917, -2493, -1576, 1705, 329, -2034, -102, -48, -302, -302, -209, 917, 
-912, -2474, -1561, 1693, 324, -2017, -87, -29, -278, -292, -190, 927, 
-922, -2464, -1542, 1693, 309, -2003, -82, -14, -273, -292, -185, 936, 
-917, -2464, -1546, 1690, 314, -2005, -92, -9, -263, -287, -180, 936, 
-912, -2449, -1537, 1681, 312, -1993, -82, 14, -248, -273, -170, 932, 
-907, -2449, -1542, 1678, 317, -1995, -78, 29, -244, -283, -170, 922, 
-902, -2449, -1546, 1676, 322, -1998, -58, 48, -244, -283, -170, 922, 
-897, -2449, -1551, 1673, 326, -2000, -43, 68, -244, -283, -170, 917, 
-897, -2449, -1551, 1673, 326, -2000, -34, 68, -239, -283, -175, 917, 
-897, -2454, -1556, 1676, 329, -2005, -39, 68, -234, -278, -175, 922, 
-897, -2454, -1556, 1676, 329, -2005, -39, 68, -234, -278, -170, 922, 
-902, -2454, -1551, 1678, 324, -2003, -39, 68, -229, -278, -170, 922, 
-902, -2454, -1551, 1678, 324, -2003, -43, 68, -229, -278, -170, 922, 
-902, -2454, -1551, 1678, 324, -2003, -48, 68, -224, -278, -170, 922, 
-897, -2444, -1546, 1671, 324, -1995, -48, 68, -224, -278, -170, 922, 
-897, -2444, -1546, 1671, 324, -1995, -43, 78, -224, -273, -165, 922, 
-897, -2444, -1546, 1671, 324, -1995, -43, 82, -224, -273, -165, 922, 
-897, -2444, -1546, 1671, 324, -1995, -34, 87, -219, -273, -165, 927, 
-897, -2444, -1546, 1671, 324, -1995, -34, 87, -219, -273, -165, 927, 
-897, -2444, -1546, 1671, 324, -1995, -34, 92, -219, -273, -165, 927, 
-897, -2444, -1546, 1671, 324, -1995, -34, 92, -214, -273, -161, 927, 
-907, -2440, -1532, 1673, 312, -1986, -24, 92, -214, -273, -161, 927, 
-897, -2440, -1542, 1668, 322, -1991, -24, 92, -214, -268, -161, 927, 
-897, -2440, -1542, 1668, 322, -1991, -24, 92, -209, -263, -161, 927, 
-897, -2440, -1542, 1668, 322, -1991, -19, 97, -209, -263, -156, 932, 
-897, -2444, -1546, 1671, 324, -1995, -19, 97, -200, -273, -156, 922, 
-893, -2444, -1551, 1668, 329, -1998, -19, 97, -195, -273, -156, 922, 
-893, -2435, -1542, 1664, 324, -1988, -19, 102, -195, -273, -156, 922, 
-893, -2435, -1542, 1664, 324, -1988, -19, 102, -195, -273, -156, 922, 
-893, -2444, -1551, 1668, 329, -1998, -19, 112, -195, -268, -146, 936, 
-893, -2440, -1546, 1666, 326, -1993, -19, 117, -195, -268, -141, 936, 
-893, -2440, -1546, 1666, 326, -1993, -19, 117, -190, -268, -136, 936, 
-893, -2440, -1546, 1666, 326, -1993, -19, 122, -190, -263, -136, 936, 
-893, -2440, -1546, 1666, 326, -1993, -29, 122, -190, -263, -141, 927, 
-893, -2435, -1542, 1664, 324, -1988, -29, 131, -185, -268, -136, 927, 
-893, -2435, -1542, 1664, 324, -1988, -24, 131, -185, -268, -136, 932, 
-893, -2435, -1542, 1664, 324, -1988, -19, 131, -185, -258, -136, 936, 
-888, -2425, -1537, 1656, 324, -1981, -19, 122, -180, -258, -136, 936, 
-888, -2425, -1537, 1656, 324, -1981, -19, 126, -180, -258, -136, 936, 
-888, -2420, -1532, 1654, 322, -1976, -24, 126, -175, -253, -141, 936, 
-888, -2420, -1532, 1654, 322, -1976, -24, 136, -175, -253, -141, 936, 
-888, -2420, -1532, 1654, 322, -1976, -24, 136, -165, -244, -126, 946, 
-888, -2420, -1532, 1654, 322, -1976, -24, 136, -165, -239, -122, 946, 
-888, -2420, -1532, 1654, 322, -1976, -24, 136, -165, -239, -117, 951, 
-888, -2420, -1532, 1654, 322, -1976, -24, 141, -161, -239, -117, 956, 
-888, -2420, -1532, 1654, 322, -1976, -24, 141, -161, -234, -112, 946, 
-888, -2415, -1527, 1651, 319, -1971, -19, 141, -156, -234, -112, 946, 
-888, -2415, -1527, 1651, 319, -1971, -19, 151, -156, -229, -112, 951, 
-888, -2410, -1522, 1649, 317, -1966, -19, 151, -151, -229, -112, 951, 
-883, -2410, -1527, 1647, 322, -1969, -29, 151, -141, -229, -107, 951, 
-878, -2405, -1527, 1642, 324, -1966, -29, 156, -141, -234, -102, 951, 
-878, -2405, -1527, 1642, 324, -1966, -29, 156, -141, -234, -102, 951, 
-873, -2400, -1527, 1637, 326, -1964, -29, 165, -136, -229, -102, 951, 
-873, -2410, -1537, 1642, 331, -1973, -29, 165, -136, -224, -97, 956, 
-873, -2405, -1532, 1639, 329, -1969, -29, 170, -136, -224, -97, 956, 
-873, -2396, -1522, 1634, 324, -1959, -29, 175, -131, -219, -97, 956, 
-873, -2396, -1522, 1634, 324, -1959, -29, 180, -131, -219, -92, 961, 
-873, -2405, -1532, 1639, 329, -1969, -29, 195, -126, -204, -92, 966, 
-873, -2400, -1527, 1637, 326, -1964, -29, 200, -126, -204, -82, 966, 
-873, -2396, -1522, 1634, 324, -1959, -29, 204, -126, -200, -82, 966, 
-868, -2396, -1527, 1632, 329, -1961, -34, 209, -122, -200, -82, 971, 
-863, -2396, -1532, 1629, 334, -1964, -24, 214, -112, -200, -82, 980, 
-863, -2391, -1527, 1627, 331, -1959, -24, 224, -112, -195, -78, 980, 
-863, -2386, -1522, 1625, 329, -1954, -19, 229, -107, -190, -68, 985, 
-858, -2386, -1527, 1622, 334, -1956, -19, 239, -107, -190, -68, 990, 
-858, -2381, -1522, 1620, 331, -1952, -19, 234, -102, -180, -68, 985, 
-858, -2376, -1517, 1617, 329, -1947, -19, 244, -102, -180, -63, 985, 
-854, -2371, -1517, 1612, 331, -1944, -24, 248, -97, -175, -63, 985, 
-844, -2366, -1522, 1605, 339, -1944, -24, 263, -97, -175, -53, 985, 
-849, -2361, -1512, 1605, 331, -1937, -29, 283, -87, -170, -48, 995, 
-849, -2357, -1507, 1603, 329, -1932, -29, 287, -87, -165, -43, 1000, 
-849, -2347, -1498, 1598, 324, -1922, -29, 302, -82, -161, -39, 1005, 
-844, -2337, -1493, 1590, 324, -1915, -29, 317, -78, -156, -34, 1010, 
-829, -2337, -1507, 1583, 339, -1922, -39, 326, -63, -151, -19, 1010, 
-824, -2332, -1507, 1578, 341, -1920, -43, 336, -63, -146, -9, 1015, 
-819, -2327, -1507, 1573, 344, -1917, -43, 351, -63, -141, -9, 1024, 
-814, -2313, -1498, 1564, 341, -1905, -43, 366, -58, -136, -4, 1029, 
-810, -2313, -1503, 1561, 346, -1908, -39, 385, -43, -117, 0, 1039, 
-805, -2303, -1498, 1554, 346, -1900, -39, 405, -39, -112, 14, 1044, 
-800, -2288, -1488, 1544, 344, -1888, -39, 419, -29, -97, 24, 1054, 
-795, -2278, -1483, 1537, 344, -1881, -43, 434, -19, -92, 24, 1063, 
-785, -2269, -1483, 1527, 348, -1876, -48, 439, -24, -87, 43, 1073, 
-775, -2254, -1478, 1515, 351, -1866, -53, 453, -14, -73, 53, 1083, 
-775, -2244, -1468, 1510, 346, -1856, -58, 473, -9, -63, 63, 1093, 
-766, -2225, -1459, 1495, 346, -1842, -63, 488, 0, -48, 78, 1102, 
-766, -2220, -1454, 1493, 344, -1837, -68, 497, 19, -39, 92, 1107, 
-761, -2205, -1444, 1483, 341, -1825, -68, 512, 24, -24, 102, 1117, 
-751, -2191, -1439, 1471, 344, -1815, -73, 517, 34, -14, 112, 1132, 
-746, -2171, -1424, 1459, 339, -1798, -78, 531, 43, 0, 131, 1141, 
-732, -2156, -1424, 1444, 346, -1790, -82, 541, 48, 9, 141, 1141, 
-727, -2147, -1420, 1437, 346, -1783, -87, 556, 58, 14, 161, 1151, 
-722, -2137, -1415, 1429, 346, -1776, -92, 566, 68, 24, 170, 1161, 
-717, -2122, -1405, 1420, 344, -1764, -97, 575, 68, 43, 180, 1171, 
-707, -2108, -1400, 1407, 346, -1754, -97, 570, 82, 43, 195, 1180, 
-697, -2093, -1395, 1395, 348, -1744, -102, 575, 87, 53, 204, 1185, 
-692, -2078, -1385, 1385, 346, -1732, -107, 575, 97, 63, 214, 1195, 
-692, -2064, -1371, 1378, 339, -1717, -112, 575, 102, 73, 219, 1205, 
-692, -2054, -1361, 1373, 334, -1708, -117, 580, 107, 78, 229, 1224, 
-692, -2044, -1351, 1368, 329, -1698, -117, 580, 117, 87, 239, 1224, 
-688, -2039, -1351, 1363, 331, -1695, -122, 585, 117, 92, 244, 1229, 
-683, -2039, -1356, 1361, 336, -1698, -122, 585, 122, 97, 253, 1244, 
-688, -2030, -1342, 1359, 326, -1686, -131, 575, 126, 107, 253, 1244, 
-688, -2020, -1332, 1354, 322, -1676, -131, 575, 126, 107, 258, 1244, 
-688, -2015, -1327, 1351, 319, -1671, -141, 570, 131, 117, 273, 1249, 
-688, -2005, -1317, 1346, 314, -1661, -141, 566, 136, 122, 278, 1254, 
-688, -2005, -1317, 1346, 314, -1661, -141, 566, 151, 136, 283, 1259, 
-688, -2000, -1312, 1344, 312, -1656, -141, 556, 151, 141, 283, 1259, 
-688, -1995, -1307, 1342, 309, -1651, -141, 546, 151, 141, 283, 1263, 
-692, -1995, -1302, 1344, 305, -1649, -136, 531, 151, 141, 283, 1263, 
-702, -2005, -1302, 1354, 300, -1654, -122, 517, 161, 146, 278, 1263, 
-707, -2015, -1307, 1361, 300, -1661, -122, 502, 161, 141, 278, 1259, 
-712, -2020, -1307, 1366, 297, -1664, -122, 478, 161, 141, 273, 1254, 
-722, -2034, -1312, 1378, 295, -1673, -117, 463, 156, 131, 263, 1249, 
-732, -2034, -1302, 1383, 285, -1668, -112, 444, 156, 112, 253, 1239, 
-741, -2054, -1312, 1398, 285, -1683, -102, 424, 146, 102, 234, 1229, 
-751, -2064, -1312, 1407, 280, -1688, -92, 409, 136, 82, 224, 1210, 
-761, -2083, -1322, 1422, 280, -1703, -78, 395, 126, 73, 209, 1200, 
-771, -2103, -1332, 1437, 280, -1717, -78, 380, 131, 58, 195, 1185, 
-780, -2117, -1337, 1449, 278, -1727, -73, 366, 122, 39, 175, 1176, 
-790, -2142, -1351, 1466, 280, -1747, -68, 356, 117, 24, 161, 1166, 
-795, -2156, -1361, 1476, 283, -1759, -58, 336, 107, 9, 146, 1151, 
-800, -2181, -1381, 1490, 290, -1781, -63, 317, 102, 9, 146, 1132, 
-810, -2200, -1390, 1505, 290, -1795, -58, 302, 87, -4, 131, 1112, 
-819, -2215, -1395, 1517, 287, -1805, -53, 283, 82, -14, 117, 1102, 
-829, -2235, -1405, 1532, 287, -1820, -53, 273, 73, -29, 102, 1093, 
-824, -2239, -1415, 1532, 295, -1827, -39, 258, 58, -43, 87, 1078, 
-829, -2264, -1434, 1546, 302, -1849, -39, 244, 48, -53, 73, 1073, 
-834, -2283, -1449, 1559, 307, -1866, -34, 234, 43, -68, 63, 1068, 
-839, -2293, -1454, 1566, 307, -1873, -34, 219, 34, -73, 48, 1058, 
-849, -2303, -1454, 1576, 302, -1878, -24, 214, 34, -87, 39, 1054, 
-858, -2313, -1454, 1586, 297, -1883, -24, 200, 29, -92, 34, 1044, 
-863, -2327, -1464, 1595, 300, -1895, -24, 195, 24, -92, 34, 1039, 
-868, -2332, -1464, 1600, 297, -1898, -29, 185, 19, -102, 24, 1034, 
-858, -2347, -1488, 1603, 314, -1917, -39, 165, 24, -97, 14, 1029, 
-863, -2357, -1493, 1610, 314, -1925, -34, 161, 14, -102, 9, 1019, 
-863, -2366, -1503, 1615, 319, -1934, -34, 151, 9, -107, 0, 1015, 
-868, -2366, -1498, 1617, 314, -1932, -34, 146, 0, -117, -4, 1010, 
-873, -2371, -1498, 1622, 312, -1934, -39, 141, -4, -122, -9, 995, 
-878, -2371, -1493, 1625, 307, -1932, -39, 141, -4, -126, -9, 995, 
-878, -2376, -1498, 1627, 309, -1937, -39, 136, -9, -126, -9, 990, 
-873, -2381, -1507, 1627, 317, -1944, -39, 126, -9, -126, -14, 990, 
-883, -2386, -1503, 1634, 309, -1944, -39, 131, -4, -131, -14, 995, 
-883, -2391, -1507, 1637, 312, -1949, -39, 122, -4, -131, -19, 995, 
-883, -2391, -1507, 1637, 312, -1949, -43, 122, -9, -131, -19, 995, 
-883, -2396, -1512, 1639, 314, -1954, -43, 117, -9, -131, -19, 990, 
-883, -2405, -1522, 1644, 319, -1964, -43, 126, -9, -141, -24, 990, 
-883, -2410, -1527, 1647, 322, -1969, -43, 122, -9, -146, -29, 985, 
-883, -2410, -1527, 1647, 322, -1969, -43, 117, -19, -146, -29, 985, 
-883, -2405, -1522, 1644, 319, -1964, -43, 117, -19, -146, -24, 985, 
-873, -2405, -1532, 1639, 329, -1969, -53, 107, -19, -136, -24, 980, 
-873, -2405, -1532, 1639, 329, -1969, -53, 107, -19, -136, -24, 980, 
-873, -2405, -1532, 1639, 329, -1969, -53, 102, -19, -141, -24, 980, 
-873, -2405, -1532, 1639, 329, -1969, -53, 102, -19, -141, -24, 980, 
-873, -2405, -1532, 1639, 329, -1969, -53, 102, -19, -136, -19, 990, 
-883, -2405, -1522, 1644, 319, -1964, -53, 102, -19, -136, -19, 985, 
-883, -2405, -1522, 1644, 319, -1964, -53, 97, -19, -136, -14, 985, 
-883, -2405, -1522, 1644, 319, -1964, -53, 97, -19, -136, -14, 985, 
-878, -2405, -1527, 1642, 324, -1966, -53, 97, -9, -126, -14, 985, 
-878, -2405, -1527, 1642, 324, -1966, -53, 97, -9, -126, -14, 990, 
-878, -2405, -1527, 1642, 324, -1966, -53, 97, -9, -126, -14, 990, 
-878, -2400, -1522, 1639, 322, -1961, -53, 102, -9, -126, -14, 985, 
-883, -2391, -1507, 1637, 312, -1949, -53, 102, -9, -126, -24, 985, 
-883, -2391, -1507, 1637, 312, -1949, -53, 102, -9, -122, -19, 985, 
-883, -2391, -1507, 1637, 312, -1949, -53, 102, -9, -122, -19, 985, 
-883, -2391, -1507, 1637, 312, -1949, -53, 107, -9, -122, -19, 985, 
-873, -2391, -1517, 1632, 322, -1954, -53, 107, -4, -122, -14, 980, 
-873, -2391, -1517, 1632, 322, -1954, -53, 107, 0, -122, -9, 980, 
-873, -2386, -1512, 1629, 319, -1949, -53, 107, 9, -122, -4, 980, 
-873, -2386, -1512, 1629, 319, -1949, -53, 107, 14, -122, 0, 980, 
-873, -2386, -1512, 1629, 319, -1949, -63, 107, 14, -117, 0, 990, 
-873, -2386, -1512, 1629, 319, -1949, -63, 107, 9, -112, 4, 990, 
-873, -2386, -1512, 1629, 319, -1949, -63, 107, 9, -107, 4, 990, 
-873, -2381, -1507, 1627, 317, -1944, -68, 107, 14, -102, 4, 990, 
-873, -2371, -1498, 1622, 312, -1934, -58, 107, 14, -107, 0, 995, 
-873, -2371, -1498, 1622, 312, -1934, -58, 107, 14, -107, 0, 995, 
-873, -2371, -1498, 1622, 312, -1934, -58, 107, 14, -107, 0, 1000, 
-873, -2371, -1498, 1622, 312, -1934, -58, 117, 14, -107, 0, 1000, 
-858, -2381, -1522, 1620, 331, -1952, -68, 117, 19, -107, 9, 1000, 
-858, -2376, -1517, 1617, 329, -1947, -68, 117, 19, -102, 9, 1000, 
-858, -2371, -1512, 1615, 326, -1942, -68, 117, 19, -102, 9, 1000, 
-858, -2371, -1512, 1615, 326, -1942, -68, 117, 19, -102, 9, 1000, 
-868, -2381, -1512, 1625, 322, -1947, -68, 117, 24, -92, 0, 1005, 
-868, -2381, -1512, 1625, 322, -1947, -63, 117, 24, -92, 4, 1005, 
-868, -2376, -1507, 1622, 319, -1942, -63, 117, 24, -87, 4, 1005, 
-868, -2371, -1503, 1620, 317, -1937, -63, 117, 24, -87, 4, 1005, 
-868, -2371, -1503, 1620, 317, -1937, -73, 107, 24, -97, 14, 995, 
-868, -2371, -1503, 1620, 317, -1937, -73, 107, 24, -97, 14, 1000, 
-868, -2371, -1503, 1620, 317, -1937, -73, 107, 19, -97, 14, 1000, 
-863, -2371, -1507, 1617, 322, -1939, -73, 107, 19, -97, 19, 1000, 
-854, -2361, -1507, 1607, 326, -1934, -73, 107, 29, -87, 9, 990, 
-858, -2357, -1498, 1607, 319, -1927, -73, 107, 29, -87, 14, 990, 
-858, -2357, -1498, 1607, 319, -1927, -73, 107, 29, -87, 14, 990, 
-854, -2357, -1503, 1605, 324, -1930, -73, 107, 29, -87, 9, 985, 
-863, -2366, -1503, 1615, 319, -1934, -63, 117, 39, -82, 19, 995, 
-863, -2361, -1498, 1612, 317, -1930, -63, 117, 39, -82, 24, 995, 
-863, -2361, -1498, 1612, 317, -1930, -63, 117, 39, -82, 24, 995, 
-863, -2361, -1498, 1612, 317, -1930, -63, 117, 39, -82, 24, 995, 
-863, -2371, -1507, 1617, 322, -1939, -63, 117, 34, -82, 24, 995, 
-863, -2371, -1507, 1617, 322, -1939, -63, 122, 34, -82, 19, 995, 
-863, -2371, -1507, 1617, 322, -1939, -63, 122, 34, -82, 19, 1000, 
-863, -2371, -1507, 1617, 322, -1939, -63, 117, 34, -82, 24, 1000, 
-863, -2371, -1507, 1617, 322, -1939, -63, 117, 34, -73, 14, 990, 
-863, -2371, -1507, 1617, 322, -1939, -63, 117, 34, -73, 9, 990, 
-863, -2371, -1507, 1617, 322, -1939, -63, 117, 34, -73, 9, 990, 
-863, -2371, -1507, 1617, 322, -1939, -63, 117, 34, -73, 9, 985, 
-873, -2371, -1498, 1622, 312, -1934, -73, 107, 39, -73, 19, 995, 
-873, -2371, -1498, 1622, 312, -1934, -73, 107, 39, -73, 19, 995, 
-873, -2371, -1498, 1622, 312, -1934, -73, 107, 39, -73, 19, 995, 
-873, -2371, -1498, 1622, 312, -1934, -73, 107, 39, -73, 19, 995, 
-863, -2371, -1507, 1617, 322, -1939, -73, 107, 48, -73, 19, 990, 
-863, -2371, -1507, 1617, 322, -1939, -73, 107, 48, -73, 19, 985, 
-863, -2371, -1507, 1617, 322, -1939, -73, 107, 48, -78, 19, 980, 
-863, -2371, -1507, 1617, 322, -1939, -73, 107, 48, -78, 19, 976, 
-863, -2376, -1512, 1620, 324, -1944, -73, 107, 39, -78, 9, 985, 
-863, -2376, -1512, 1620, 324, -1944, -73, 107, 39, -78, 9, 985, 
-863, -2376, -1512, 1620, 324, -1944, -73, 107, 39, -78, 9, 985, 
-863, -2376, -1512, 1620, 324, -1944, -73, 107, 39, -78, 9, 985, 
-863, -2386, -1522, 1625, 329, -1954, -82, 107, 43, -78, 19, 976, 
-863, -2386, -1522, 1625, 329, -1954, -82, 107, 39, -78, 19, 971, 
-863, -2386, -1522, 1625, 329, -1954, -82, 107, 39, -78, 14, 971, 
-863, -2386, -1522, 1625, 329, -1954, -82, 107, 39, -78, 14, 971, 
-863, -2386, -1522, 1625, 329, -1954, -73, 107, 48, -68, 14, 971, 
-863, -2386, -1522, 1625, 329, -1954, -73, 107, 48, -68, 19, 971, 
-863, -2386, -1522, 1625, 329, -1954, -73, 107, 43, -68, 24, 971, 
-863, -2386, -1522, 1625, 329, -1954, -68, 102, 43, -68, 29, 971, 
-863, -2391, -1527, 1627, 331, -1959, -78, 97, 34, -78, 19, 961, 
-863, -2391, -1527, 1627, 331, -1959, -78, 97, 34, -78, 19, 961, 
-863, -2391, -1527, 1627, 331, -1959, -78, 97, 34, -78, 19, 961, 
-863, -2391, -1527, 1627, 331, -1959, -78, 97, 34, -78, 19, 961, 
-873, -2400, -1527, 1637, 326, -1964, -78, 97, 43, -78, 19, 971, 
-873, -2400, -1527, 1637, 326, -1964, -78, 97, 43, -78, 19, 966, 
-873, -2400, -1527, 1637, 326, -1964, -78, 97, 43, -82, 19, 966, 
-873, -2400, -1527, 1637, 326, -1964, -78, 92, 43, -82, 19, 966, 
-863, -2400, -1537, 1632, 336, -1969, -87, 92, 39, -78, 19, 966, 
-863, -2400, -1537, 1632, 336, -1969, -82, 92, 34, -73, 14, 966, 
-863, -2400, -1537, 1632, 336, -1969, -82, 92, 34, -68, 14, 961, 
-863, -2400, -1537, 1632, 336, -1969, -82, 92, 34, -63, 14, 961, 
-863, -2400, -1537, 1632, 336, -1969, -92, 92, 39, -63, 24, 961, 
-863, -2410, -1546, 1637, 341, -1978, -92, 92, 39, -63, 24, 961, 
-863, -2410, -1546, 1637, 341, -1978, -92, 87, 39, -63, 24, 956, 
-863, -2405, -1542, 1634, 339, -1973, -92, 87, 34, -63, 24, 956, 
-863, -2405, -1542, 1634, 339, -1973, -92, 87, 43, -73, 24, 956, 
-863, -2405, -1542, 1634, 339, -1973, -92, 82, 43, -73, 24, 956, 
-863, -2405, -1542, 1634, 339, -1973, -92, 82, 43, -73, 24, 956, 
-863, -2405, -1542, 1634, 339, -1973, -87, 82, 43, -68, 24, 956, 
-863, -2420, -1556, 1642, 346, -1988, -87, 92, 53, -58, 24, 946, 
-863, -2420, -1556, 1642, 346, -1988, -87, 87, 53, -68, 24, 946, 
-863, -2420, -1556, 1642, 346, -1988, -87, 87, 53, -68, 24, 946, 
-863, -2420, -1556, 1642, 346, -1988, -87, 87, 53, -68, 24, 946, 
-873, -2420, -1546, 1647, 336, -1983, -87, 87, 63, -58, 29, 961, 
-873, -2410, -1537, 1642, 331, -1973, -87, 87, 63, -58, 29, 956, 
-878, -2410, -1532, 1644, 326, -1971, -87, 87, 58, -58, 29, 956, 
-868, -2420, -1551, 1644, 341, -1986, -87, 87, 48, -58, 29, 956, 
-868, -2420, -1551, 1644, 341, -1986, -87, 87, 48, -58, 29, 956, 
-868, -2420, -1551, 1644, 341, -1986, -87, 87, 48, -58, 29, 956, 
-868, -2420, -1551, 1644, 341, -1986, -87, 87, 48, -58, 29, 956, 
-878, -2420, -1542, 1649, 331, -1981, -97, 87, 48, -68, 19, 946, 
-878, -2420, -1542, 1649, 331, -1981, -92, 87, 48, -68, 19, 946, 
-878, -2420, -1542, 1649, 331, -1981, -92, 87, 48, -63, 19, 946, 
-878, -2420, -1542, 1649, 331, -1981, -92, 87, 48, -63, 19, 946, 
-868, -2425, -1556, 1647, 344, -1991, -97, 87, 48, -73, 29, 946, 
-868, -2425, -1556, 1647, 344, -1991, -97, 87, 48, -73, 29, 946, 
-868, -2425, -1556, 1647, 344, -1991, -97, 87, 48, -78, 29, 946, 
-868, -2425, -1556, 1647, 344, -1991, -97, 92, 48, -78, 24, 946, 
-868, -2425, -1556, 1647, 344, -1991, -97, 82, 48, -68, 34, 946, 
-868, -2425, -1556, 1647, 344, -1991, -92, 82, 48, -63, 34, 946, 
-868, -2425, -1556, 1647, 344, -1991, -92, 82, 53, -63, 34, 946, 
-868, -2425, -1556, 1647, 344, -1991, -92, 82, 53, -63, 39, 946, 
-868, -2415, -1546, 1642, 339, -1981, -92, 92, 58, -53, 48, 946, 
-863, -2415, -1551, 1639, 344, -1983, -92, 92, 63, -53, 48, 951, 
-863, -2405, -1542, 1634, 339, -1973, -87, 97, 73, -48, 53, 956, 
-858, -2396, -1537, 1627, 339, -1966, -78, 112, 82, -39, 58, 956, 
-868, -2386, -1517, 1627, 324, -1952, -73, 126, 92, -34, 68, 966, 
-863, -2381, -1517, 1622, 326, -1949, -68, 131, 97, -29, 68, 976, 
-858, -2371, -1512, 1615, 326, -1942, -63, 136, 102, -24, 73, 980, 
-858, -2376, -1517, 1617, 329, -1947, -53, 146, 112, -19, 78, 985, 
-858, -2352, -1493, 1605, 317, -1922, -48, 151, 131, -14, 87, 980, 
-854, -2342, -1488, 1598, 317, -1915, -34, 156, 136, -4, 97, 985, 
-849, -2332, -1483, 1590, 317, -1908, -29, 165, 151, 9, 102, 990, 
-849, -2318, -1468, 1583, 309, -1893, -24, 175, 156, 9, 112, 1000, 
-844, -2322, -1478, 1583, 317, -1900, -24, 175, 156, 9, 112, 1005, 
-844, -2318, -1473, 1581, 314, -1895, -24, 180, 161, 14, 112, 1005, 
-844, -2318, -1473, 1581, 314, -1895, -19, 180, 161, 14, 117, 1005, 
-849, -2318, -1468, 1583, 309, -1893, -14, 185, 165, 14, 117, 1010, 
-849, -2303, -1454, 1576, 302, -1878, -14, 185, 175, 24, 117, 1010, 
-849, -2298, -1449, 1573, 300, -1873, -14, 185, 180, 24, 126, 1010, 
-849, -2293, -1444, 1571, 297, -1869, -14, 185, 185, 34, 126, 1010, 
-849, -2288, -1439, 1568, 295, -1864, -19, 180, 190, 39, 131, 1019, 
-839, -2278, -1439, 1559, 300, -1859, -14, 175, 200, 53, 136, 1024, 
-844, -2269, -1424, 1556, 290, -1847, -14, 175, 204, 58, 146, 1029, 
-844, -2264, -1420, 1554, 287, -1842, -19, 170, 204, 58, 151, 1029, 
-844, -2264, -1420, 1554, 287, -1842, -24, 161, 204, 63, 161, 1034, 
-839, -2254, -1415, 1546, 287, -1834, -39, 156, 204, 73, 161, 1049, 
-829, -2239, -1410, 1534, 290, -1825, -48, 151, 204, 78, 170, 1049, 
-824, -2225, -1400, 1525, 287, -1812, -63, 151, 214, 82, 175, 1054, 
-824, -2225, -1400, 1525, 287, -1812, -78, 146, 204, 87, 175, 1058, 
-819, -2230, -1410, 1525, 295, -1820, -92, 141, 200, 78, 161, 1058, 
-819, -2239, -1420, 1529, 300, -1830, -97, 136, 195, 73, 156, 1054, 
-819, -2244, -1424, 1532, 302, -1834, -102, 131, 190, 68, 156, 1049, 
-810, -2244, -1434, 1527, 312, -1839, -102, 131, 185, 68, 156, 1049, 
-814, -2254, -1439, 1534, 312, -1847, -107, 131, 185, 68, 151, 1049, 
-810, -2254, -1444, 1532, 317, -1849, -112, 131, 185, 68, 151, 1049, 
-810, -2259, -1449, 1534, 319, -1854, -117, 122, 175, 63, 146, 1049, 
-814, -2269, -1454, 1542, 319, -1861, -126, 107, 165, 58, 136, 1044, 
-814, -2303, -1488, 1559, 336, -1895, -136, 102, 156, 48, 136, 1029, 
-814, -2322, -1507, 1568, 346, -1915, -136, 97, 141, 39, 122, 1029, 
-819, -2332, -1512, 1576, 346, -1922, -136, 97, 131, 24, 112, 1019, 
-839, -2352, -1512, 1595, 336, -1932, -131, 102, 131, 19, 107, 1015, 
-854, -2366, -1512, 1610, 329, -1939, -122, 102, 122, 24, 92, 1000, 
-868, -2386, -1517, 1627, 324, -1952, -117, 107, 122, 14, 87, 990, 
-878, -2410, -1532, 1644, 326, -1971, -107, 107, 112, 4, 73, 980, 
-878, -2430, -1551, 1654, 336, -1991, -107, 102, 102, -9, 68, 966, 
-878, -2444, -1566, 1661, 344, -2005, -97, 92, 107, -14, 63, 961, 
-883, -2454, -1571, 1668, 344, -2013, -97, 92, 102, -19, 68, 956, 
-883, -2464, -1581, 1673, 348, -2022, -102, 92, 97, -19, 63, 956, 
-883, -2464, -1581, 1673, 348, -2022, -102, 87, 92, -24, 63, 951, 
-883, -2469, -1586, 1676, 351, -2027, -112, 97, 82, -24, 53, 951, 
-878, -2469, -1590, 1673, 356, -2030, -117, 97, 82, -29, 53, 946, 
-878, -2479, -1600, 1678, 361, -2039, -117, 97, 78, -34, 48, 941, 
-878, -2483, -1605, 1681, 363, -2044, -117, 87, 73, -39, 43, 936, 
-878, -2479, -1600, 1678, 361, -2039, -126, 87, 78, -39, 48, 932, 
-878, -2479, -1600, 1678, 361, -2039, -126, 87, 73, -43, 48, 927, 
-878, -2483, -1605, 1681, 363, -2044, -126, 82, 73, -43, 48, 927, 
-878, -2483, -1605, 1681, 363, -2044, -126, 82, 78, -43, 48, 932, 
-878, -2483, -1605, 1681, 363, -2044, -126, 73, 78, -39, 48, 932, 
-878, -2483, -1605, 1681, 363, -2044, -126, 78, 78, -39, 48, 932, 
-878, -2483, -1605, 1681, 363, -2044, -126, 78, 78, -39, 48, 932, 
-878, -2483, -1605, 1681, 363, -2044, -126, 78, 78, -39, 48, 936, 
-878, -2493, -1615, 1686, 368, -2054, -117, 87, 78, -29, 43, 946, 
-878, -2498, -1620, 1688, 370, -2059, -117, 87, 78, -29, 43, 946, 
-878, -2498, -1620, 1688, 370, -2059, -117, 92, 78, -24, 43, 941, 
-878, -2498, -1620, 1688, 370, -2059, -117, 92, 78, -24, 43, 941, 
-878, -2483, -1605, 1681, 363, -2044, -117, 92, 78, -24, 53, 951, 
-878, -2483, -1605, 1681, 363, -2044, -117, 92, 78, -19, 53, 951, 
-873, -2493, -1620, 1683, 373, -2056, -117, 92, 92, -29, 53, 941, 
-863, -2498, -1634, 1681, 385, -2066, -102, 122, 92, -34, 48, 936, 
-863, -2522, -1659, 1693, 397, -2091, -87, 175, 82, -43, 39, 927, 
-858, -2542, -1683, 1700, 412, -2113, -63, 234, 102, -63, 24, 917, 
-858, -2566, -1708, 1712, 424, -2137, -43, 287, 122, -78, 19, 897, 
-858, -2581, -1722, 1720, 431, -2152, -24, 341, 131, -87, 24, 878, 
-849, -2591, -1742, 1720, 446, -2166, 9, 409, 151, -87, 24, 863, 
-834, -2601, -1766, 1717, 466, -2183, 29, 478, 165, -102, 19, 844, 
-805, -2610, -1805, 1708, 500, -2208, 53, 561, 170, -112, 19, 834, 
-775, -2591, -1815, 1683, 519, -2203, 82, 644, 204, -102, 39, 834, 
-736, -2542, -1805, 1639, 534, -2174, 102, 722, 248, -68, 92, 868, 
-712, -2483, -1771, 1598, 529, -2127, 102, 761, 287, -14, 146, 917, 
-688, -2396, -1708, 1542, 509, -2052, 73, 722, 331, 58, 229, 995, 
-678, -2254, -1576, 1466, 448, -1915, 39, 639, 400, 185, 351, 1098, 
-688, -2064, -1376, 1376, 344, -1720, 29, 570, 512, 346, 522, 1229, 
-732, -1820, -1088, 1276, 178, -1454, -19, 414, 629, 536, 717, 1410, 
-790, -1571, -780, 1180, -4, -1176, -136, 97, 692, 732, 902, 1595, 
-829, -1381, -551, 1105, -139, -966, -312, -253, 697, 893, 1058, 1761, 
-839, -1215, -375, 1027, -231, -795, -512, -561, 678, 1029, 1185, 1898, 
-849, -1078, -229, 963, -309, -653, -678, -839, 663, 1146, 1298, 2005, 
-873, -1019, -146, 946, -363, -583, -795, -1054, 653, 1200, 1371, 2069, 
-883, -1049, -165, 966, -358, -607, -883, -1171, 629, 1185, 1371, 2059, 
-873, -1176, -302, 1024, -285, -739, -956, -1205, 546, 1093, 1273, 1971, 
-893, -1395, -502, 1144, -195, -949, -995, -1224, 380, 917, 1054, 1815, 
-956, -1664, -707, 1310, -124, -1185, -985, -1288, 170, 673, 751, 1615, 
-1044, -1927, -883, 1485, -80, -1405, -932, -1351, -39, 444, 468, 1429, 
-1093, -2156, -1063, 1625, -14, -1610, -902, -1385, -214, 258, 239, 1278, 
-1088, -2361, -1273, 1725, 92, -1817, -897, -1356, -366, 102, 58, 1137, 
-1068, -2503, -1434, 1786, 183, -1969, -873, -1268, -448, -4, -58, 1024, 
-1068, -2601, -1532, 1834, 231, -2066, -824, -1146, -468, -78, -122, 961, 
-1063, -2693, -1629, 1878, 283, -2161, -756, -995, -468, -131, -161, 902, 
-1044, -2742, -1698, 1893, 326, -2220, -683, -829, -429, -170, -185, 849, 
-1010, -2742, -1732, 1876, 361, -2237, -610, -683, -380, -180, -175, 839, 
-995, -2742, -1747, 1869, 375, -2244, -546, -580, -322, -170, -146, 849, 
-976, -2732, -1756, 1854, 390, -2244, -497, -492, -278, -156, -131, 849, 
-941, -2713, -1771, 1827, 414, -2242, -453, -400, -244, -146, -117, 839, 
-917, -2688, -1771, 1803, 427, -2230, -385, -283, -190, -126, -97, 854, 
-897, -2644, -1747, 1771, 424, -2196, -307, -170, -122, -92, -58, 868, 
-897, -2620, -1722, 1759, 412, -2171, -239, -92, -63, -78, -14, 888, 
-897, -2596, -1698, 1747, 400, -2147, -190, -24, -19, -63, 19, 897, 
-897, -2581, -1683, 1739, 392, -2132, -151, 9, 9, -39, 34, 907, 
-902, -2562, -1659, 1732, 378, -2110, -146, 29, 43, -19, 63, 927, 
-902, -2542, -1639, 1722, 368, -2091, -141, 43, 78, -9, 87, 936, 
-897, -2522, -1625, 1710, 363, -2074, -141, 68, 97, -4, 92, 946, 
-883, -2518, -1634, 1700, 375, -2076, -131, 82, 102, 9, 92, 951, 
-878, -2518, -1639, 1698, 380, -2078, -131, 102, 97, 9, 82, 951, 
-873, -2518, -1644, 1695, 385, -2081, -117, 117, 97, 9, 82, 951, 
-868, -2518, -1649, 1693, 390, -2083, -107, 131, 97, 9, 82, 946, 
-868, -2518, -1649, 1693, 390, -2083, -102, 126, 102, 9, 78, 946, 
-868, -2522, -1654, 1695, 392, -2088, -87, 126, 107, 4, 87, 951, 
-868, -2522, -1654, 1695, 392, -2088, -87, 126, 107, 4, 92, 951, 
-873, -2522, -1649, 1698, 387, -2086, -87, 126, 112, 4, 92, 951, 
-873, -2522, -1649, 1698, 387, -2086, -92, 126, 112, 4, 92, 951, 
-873, -2522, -1649, 1698, 387, -2086, -87, 136, 126, 14, 102, 951, 
-868, -2513, -1644, 1690, 387, -2078, -87, 136, 126, 14, 102, 951, 
-868, -2513, -1644, 1690, 387, -2078, -82, 146, 126, 19, 107, 951, 
-868, -2513, -1644, 1690, 387, -2078, -82, 151, 126, 19, 107, 951, 
-878, -2503, -1625, 1690, 373, -2064, -78, 146, 131, 19, 107, 956, 
-878, -2503, -1625, 1690, 373, -2064, -82, 146, 131, 19, 107, 956, 
-878, -2503, -1625, 1690, 373, -2064, -87, 151, 131, 19, 107, 956, 
-878, -2503, -1625, 1690, 373, -2064, -92, 151, 136, 19, 112, 956, 
-878, -2508, -1629, 1693, 375, -2069, -82, 161, 136, 19, 112, 966, 
-868, -2508, -1639, 1688, 385, -2074, -82, 161, 136, 24, 112, 966, 
-868, -2508, -1639, 1688, 385, -2074, -82, 161, 141, 29, 112, 966, 
-868, -2508, -1639, 1688, 385, -2074, -78, 165, 141, 29, 117, 971, 
-868, -2513, -1644, 1690, 387, -2078, -78, 165, 141, 39, 126, 961, 
-863, -2513, -1649, 1688, 392, -2081, -78, 165, 146, 39, 126, 961, 
-863, -2503, -1639, 1683, 387, -2071, -78, 170, 146, 39, 126, 961, 
-863, -2503, -1639, 1683, 387, -2071, -78, 170, 146, 39, 126, 961, 
-863, -2513, -1649, 1688, 392, -2081, -78, 170, 146, 43, 126, 966, 
-863, -2508, -1644, 1686, 390, -2076, -78, 175, 146, 43, 131, 966, 
-863, -2508, -1644, 1686, 390, -2076, -78, 175, 151, 43, 136, 966, 
-863, -2508, -1644, 1686, 390, -2076, -78, 180, 151, 48, 136, 966, 
-863, -2498, -1634, 1681, 385, -2066, -78, 170, 151, 58, 131, 966, 
-863, -2493, -1629, 1678, 383, -2061, -78, 180, 156, 53, 136, 966, 
-863, -2493, -1629, 1678, 383, -2061, -73, 180, 156, 53, 136, 971, 
-863, -2493, -1629, 1678, 383, -2061, -68, 180, 156, 63, 136, 976, 
-858, -2483, -1625, 1671, 383, -2054, -78, 180, 151, 63, 141, 976, 
-858, -2483, -1625, 1671, 383, -2054, -78, 185, 151, 63, 146, 976, 
-858, -2479, -1620, 1668, 380, -2049, -82, 185, 156, 68, 146, 976, 
-858, -2479, -1620, 1668, 380, -2049, -82, 195, 156, 68, 151, 976, 
-858, -2483, -1625, 1671, 383, -2054, -82, 195, 165, 68, 156, 976, 
-858, -2479, -1620, 1668, 380, -2049, -82, 195, 165, 73, 161, 976, 
-858, -2474, -1615, 1666, 378, -2044, -82, 195, 165, 73, 165, 980, 
-858, -2469, -1610, 1664, 375, -2039, -82, 200, 170, 73, 165, 985, 
-849, -2479, -1629, 1664, 390, -2054, -82, 200, 170, 78, 161, 985, 
-849, -2474, -1625, 1661, 387, -2049, -78, 200, 175, 78, 161, 985, 
-849, -2474, -1625, 1661, 387, -2049, -78, 209, 175, 82, 161, 990, 
-849, -2469, -1620, 1659, 385, -2044, -78, 209, 180, 82, 161, 990, 
-854, -2469, -1615, 1661, 380, -2042, -78, 219, 180, 92, 175, 1000, 
-849, -2464, -1615, 1656, 383, -2039, -78, 224, 180, 87, 180, 1000, 
-849, -2464, -1615, 1656, 383, -2039, -78, 224, 180, 87, 180, 1000, 
-844, -2459, -1615, 1651, 385, -2037, -78, 234, 185, 92, 180, 1000, 
-844, -2469, -1625, 1656, 390, -2047, -78, 224, 185, 87, 185, 1005, 
-844, -2464, -1620, 1654, 387, -2042, -78, 229, 185, 87, 185, 1005, 
-844, -2454, -1610, 1649, 383, -2032, -78, 234, 190, 92, 185, 1005, 
-844, -2454, -1610, 1649, 383, -2032, -78, 239, 190, 92, 190, 1010, 
-834, -2444, -1610, 1639, 387, -2027, -78, 244, 204, 97, 200, 1015, 
-834, -2440, -1605, 1637, 385, -2022, -78, 248, 204, 97, 209, 1015, 
-834, -2435, -1600, 1634, 383, -2017, -78, 253, 204, 102, 209, 1015, 
-829, -2435, -1605, 1632, 387, -2020, -82, 258, 209, 102, 209, 1019, 
-824, -2435, -1610, 1629, 392, -2022, -92, 263, 200, 112, 200, 1019, 
-824, -2430, -1605, 1627, 390, -2017, -92, 273, 200, 117, 204, 1019, 
-824, -2425, -1600, 1625, 387, -2013, -87, 278, 204, 122, 214, 1024, 
-819, -2425, -1605, 1622, 392, -2015, -87, 287, 204, 122, 214, 1029, 
-819, -2430, -1610, 1625, 395, -2020, -87, 283, 209, 131, 214, 1034, 
-819, -2425, -1605, 1622, 392, -2015, -87, 292, 209, 131, 219, 1034, 
-814, -2420, -1605, 1617, 395, -2013, -92, 297, 214, 136, 219, 1034, 
-805, -2415, -1610, 1610, 402, -2013, -92, 312, 214, 136, 229, 1034, 
-810, -2400, -1590, 1605, 390, -1995, -92, 322, 214, 141, 244, 1044, 
-810, -2396, -1586, 1603, 387, -1991, -97, 326, 214, 146, 248, 1049, 
-810, -2386, -1576, 1598, 383, -1981, -102, 341, 219, 151, 253, 1054, 
-805, -2376, -1571, 1590, 383, -1973, -107, 356, 224, 156, 258, 1058, 
-790, -2376, -1586, 1583, 397, -1981, -107, 366, 239, 170, 268, 1058, 
-785, -2371, -1586, 1578, 400, -1978, -112, 375, 239, 175, 283, 1063, 
-780, -2366, -1586, 1573, 402, -1976, -112, 390, 239, 180, 287, 1073, 
-775, -2352, -1576, 1564, 400, -1964, -112, 405, 244, 185, 297, 1078, 
-771, -2332, -1561, 1551, 395, -1947, -126, 405, 258, 195, 292, 1088, 
-766, -2322, -1556, 1544, 395, -1939, -126, 424, 263, 200, 307, 1093, 
-761, -2308, -1546, 1534, 392, -1927, -126, 439, 273, 214, 317, 1102, 
-756, -2298, -1542, 1527, 392, -1920, -131, 453, 283, 219, 317, 1112, 
-736, -2288, -1551, 1512, 407, -1920, -136, 468, 278, 224, 331, 1122, 
-727, -2274, -1546, 1500, 409, -1910, -141, 483, 287, 239, 346, 1132, 
-727, -2264, -1537, 1495, 405, -1900, -146, 502, 292, 248, 361, 1141, 
-717, -2244, -1527, 1481, 405, -1886, -151, 517, 302, 263, 380, 1151, 
-717, -2230, -1512, 1473, 397, -1871, -165, 522, 302, 273, 395, 1166, 
-712, -2215, -1503, 1464, 395, -1859, -165, 531, 307, 287, 405, 1176, 
-702, -2200, -1498, 1451, 397, -1849, -170, 531, 317, 297, 414, 1190, 
-697, -2181, -1483, 1439, 392, -1832, -175, 541, 326, 312, 434, 1200, 
-692, -2166, -1473, 1429, 390, -1820, -180, 551, 331, 322, 439, 1200, 
-688, -2156, -1468, 1422, 390, -1812, -185, 566, 341, 326, 453, 1210, 
-683, -2147, -1464, 1415, 390, -1805, -190, 575, 351, 336, 458, 1220, 
-678, -2132, -1454, 1405, 387, -1793, -195, 585, 351, 356, 463, 1229, 
-668, -2122, -1454, 1395, 392, -1788, -195, 590, 366, 356, 488, 1239, 
-658, -2113, -1454, 1385, 397, -1783, -200, 595, 370, 366, 497, 1244, 
-653, -2103, -1449, 1378, 397, -1776, -204, 595, 380, 375, 507, 1254, 
-653, -2093, -1439, 1373, 392, -1766, -209, 595, 385, 385, 512, 1263, 
-663, -2078, -1415, 1371, 375, -1747, -204, 600, 390, 400, 522, 1273, 
-663, -2064, -1400, 1363, 368, -1732, -204, 600, 400, 409, 531, 1273, 
-658, -2054, -1395, 1356, 368, -1725, -209, 605, 400, 414, 536, 1278, 
-653, -2049, -1395, 1351, 370, -1722, -209, 605, 405, 419, 546, 1293, 
-649, -2049, -1400, 1349, 375, -1725, -219, 605, 400, 429, 556, 1293, 
-649, -2039, -1390, 1344, 370, -1715, -219, 605, 400, 429, 561, 1293, 
-649, -2034, -1385, 1342, 368, -1710, -229, 600, 405, 439, 575, 1298, 
-649, -2025, -1376, 1337, 363, -1700, -229, 595, 409, 444, 580, 1302, 
-639, -2015, -1376, 1327, 368, -1695, -229, 585, 414, 448, 585, 1298, 
-639, -2010, -1371, 1324, 366, -1690, -229, 575, 414, 453, 585, 1298, 
-639, -2005, -1366, 1322, 363, -1686, -229, 566, 414, 453, 585, 1302, 
-644, -2005, -1361, 1324, 358, -1683, -224, 551, 414, 453, 585, 1302, 
-649, -2005, -1356, 1327, 353, -1681, -209, 527, 414, 439, 575, 1302, 
-658, -2015, -1356, 1337, 348, -1686, -209, 512, 414, 434, 570, 1298, 
-668, -2020, -1351, 1344, 341, -1686, -209, 488, 414, 434, 561, 1293, 
-683, -2034, -1351, 1359, 334, -1693, -204, 473, 409, 424, 546, 1288, 
-692, -2049, -1356, 1371, 331, -1703, -195, 458, 409, 409, 527, 1278, 
-702, -2074, -1371, 1388, 334, -1722, -180, 444, 400, 395, 507, 1268, 
-712, -2088, -1376, 1400, 331, -1732, -165, 434, 390, 370, 497, 1249, 
-722, -2113, -1390, 1417, 334, -1751, -146, 424, 380, 356, 483, 1239, 
-732, -2122, -1390, 1427, 329, -1756, -136, 409, 385, 351, 468, 1224, 
-741, -2137, -1395, 1439, 326, -1766, -131, 395, 375, 331, 448, 1215, 
-751, -2161, -1410, 1456, 329, -1786, -126, 385, 370, 317, 434, 1205, 
-756, -2176, -1420, 1466, 331, -1798, -117, 366, 361, 302, 419, 1190, 
-771, -2200, -1429, 1485, 329, -1815, -102, 356, 366, 292, 419, 1180, 
-780, -2220, -1439, 1500, 329, -1830, -97, 341, 351, 278, 405, 1161, 
-790, -2235, -1444, 1512, 326, -1839, -92, 322, 346, 268, 390, 1151, 
-800, -2254, -1454, 1527, 326, -1854, -92, 312, 336, 253, 375, 1141, 
-795, -2259, -1464, 1527, 334, -1861, -78, 307, 322, 248, 370, 1137, 
-800, -2283, -1483, 1542, 341, -1883, -78, 292, 312, 239, 356, 1132, 
-805, -2303, -1498, 1554, 346, -1900, -73, 283, 307, 224, 346, 1127, 
-810, -2313, -1503, 1561, 346, -1908, -73, 268, 297, 219, 331, 1117, 
-810, -2313, -1503, 1561, 346, -1908, -73, 253, 297, 204, 312, 1102, 
-819, -2322, -1503, 1571, 341, -1912, -73, 239, 292, 200, 307, 1093, 
-824, -2337, -1512, 1581, 344, -1925, -73, 234, 287, 200, 307, 1088, 
-829, -2342, -1512, 1586, 341, -1927, -78, 224, 283, 190, 297, 1083, 
-829, -2347, -1517, 1588, 344, -1932, -78, 224, 278, 175, 297, 1088, 
-834, -2357, -1522, 1595, 344, -1939, -73, 219, 268, 170, 292, 1078, 
-834, -2366, -1532, 1600, 348, -1949, -73, 209, 263, 165, 283, 1073, 
-839, -2366, -1527, 1603, 344, -1947, -73, 204, 253, 156, 278, 1068, 
-834, -2381, -1546, 1607, 356, -1964, -78, 200, 258, 156, 283, 1073, 
-839, -2381, -1542, 1610, 351, -1961, -78, 200, 258, 156, 283, 1073, 
-839, -2386, -1546, 1612, 353, -1966, -78, 195, 253, 161, 283, 1068, 
-834, -2391, -1556, 1612, 361, -1973, -78, 185, 253, 165, 278, 1068, 
-844, -2386, -1542, 1615, 348, -1964, -78, 190, 239, 161, 278, 1063, 
-844, -2391, -1546, 1617, 351, -1969, -78, 180, 239, 161, 273, 1063, 
-844, -2391, -1546, 1617, 351, -1969, -82, 180, 234, 161, 273, 1063, 
-844, -2396, -1551, 1620, 353, -1973, -82, 175, 234, 161, 273, 1058, 
-854, -2396, -1542, 1625, 344, -1969, -82, 175, 244, 151, 268, 1058, 
-854, -2400, -1546, 1627, 346, -1973, -82, 170, 244, 146, 263, 1054, 
-854, -2400, -1546, 1627, 346, -1973, -82, 165, 234, 146, 263, 1054, 
-854, -2396, -1542, 1625, 344, -1969, -82, 165, 234, 146, 268, 1054, 
-854, -2405, -1551, 1629, 348, -1978, -82, 165, 234, 156, 268, 1058, 
-854, -2405, -1551, 1629, 348, -1978, -82, 165, 234, 156, 268, 1058, 
-854, -2405, -1551, 1629, 348, -1978, -82, 161, 234, 151, 268, 1058, 
-854, -2405, -1551, 1629, 348, -1978, -82, 161, 234, 151, 268, 1058, 
-854, -2405, -1551, 1629, 348, -1978, -82, 170, 234, 156, 263, 1068, 
-863, -2405, -1542, 1634, 339, -1973, -82, 170, 234, 156, 263, 1063, 
-863, -2405, -1542, 1634, 339, -1973, -82, 165, 234, 156, 268, 1063, 
-863, -2405, -1542, 1634, 339, -1973, -82, 165, 234, 156, 268, 1063, 
-849, -2405, -1556, 1627, 353, -1981, -92, 156, 234, 156, 268, 1063, 
-849, -2405, -1556, 1627, 353, -1981, -92, 156, 234, 156, 268, 1068, 
-849, -2405, -1556, 1627, 353, -1981, -92, 156, 234, 156, 268, 1068, 
-849, -2400, -1551, 1625, 351, -1976, -92, 161, 234, 156, 268, 1063, 
-854, -2391, -1537, 1622, 341, -1964, -92, 170, 244, 156, 268, 1073, 
-854, -2391, -1537, 1622, 341, -1964, -92, 170, 244, 161, 273, 1073, 
-854, -2391, -1537, 1622, 341, -1964, -92, 170, 244, 161, 273, 1073, 
-854, -2391, -1537, 1622, 341, -1964, -92, 175, 244, 161, 273, 1073, 
-854, -2391, -1537, 1622, 341, -1964, -82, 175, 244, 170, 283, 1078, 
-854, -2391, -1537, 1622, 341, -1964, -82, 175, 244, 170, 283, 1078, 
-854, -2386, -1532, 1620, 339, -1959, -82, 175, 248, 170, 283, 1078, 
-854, -2386, -1532, 1620, 339, -1959, -82, 175, 248, 170, 283, 1078, 
-854, -2386, -1532, 1620, 339, -1959, -82, 185, 239, 170, 292, 1078, 
-854, -2386, -1532, 1620, 339, -1959, -82, 185, 234, 170, 297, 1078, 
-854, -2386, -1532, 1620, 339, -1959, -82, 185, 234, 170, 297, 1078, 
-854, -2381, -1527, 1617, 336, -1954, -87, 185, 239, 170, 297, 1078, 
-854, -2381, -1527, 1617, 336, -1954, -78, 195, 248, 175, 292, 1083, 
-854, -2381, -1527, 1617, 336, -1954, -78, 195, 248, 175, 292, 1083, 
-854, -2381, -1527, 1617, 336, -1954, -78, 195, 248, 175, 292, 1088, 
-854, -2381, -1527, 1617, 336, -1954, -78, 204, 248, 175, 292, 1088, 
-849, -2391, -1542, 1620, 346, -1966, -78, 195, 244, 175, 292, 1088, 
-849, -2386, -1537, 1617, 344, -1961, -78, 195, 244, 180, 292, 1088, 
-849, -2381, -1532, 1615, 341, -1956, -78, 195, 244, 180, 292, 1088, 
-849, -2381, -1532, 1615, 341, -1956, -78, 195, 244, 180, 292, 1088, 
-849, -2381, -1532, 1615, 341, -1956, -78, 204, 248, 180, 292, 1093, 
-849, -2381, -1532, 1615, 341, -1956, -73, 204, 248, 180, 297, 1093, 
-849, -2376, -1527, 1612, 339, -1952, -73, 204, 248, 185, 297, 1093, 
-849, -2371, -1522, 1610, 336, -1947, -73, 204, 248, 185, 297, 1093, 
-849, -2371, -1522, 1610, 336, -1947, -73, 204, 248, 185, 297, 1083, 
-849, -2371, -1522, 1610, 336, -1947, -73, 204, 248, 185, 297, 1088, 
-849, -2371, -1522, 1610, 336, -1947, -73, 204, 244, 185, 297, 1088, 
-844, -2371, -1527, 1607, 341, -1949, -73, 204, 244, 185, 302, 1088, 
-844, -2371, -1527, 1607, 341, -1949, -73, 214, 253, 185, 302, 1088, 
-849, -2366, -1517, 1607, 334, -1942, -73, 214, 253, 185, 307, 1088, 
-849, -2366, -1517, 1607, 334, -1942, -73, 214, 253, 185, 307, 1088, 
-844, -2366, -1522, 1605, 339, -1944, -73, 214, 253, 185, 302, 1083, 
-844, -2366, -1522, 1605, 339, -1944, -73, 204, 253, 190, 302, 1093, 
-844, -2361, -1517, 1603, 336, -1939, -73, 204, 253, 190, 307, 1093, 
-844, -2361, -1517, 1603, 336, -1939, -73, 204, 253, 190, 307, 1093, 
-844, -2361, -1517, 1603, 336, -1939, -73, 204, 253, 190, 307, 1093, 
-844, -2361, -1517, 1603, 336, -1939, -73, 204, 248, 190, 297, 1102, 
-844, -2361, -1517, 1603, 336, -1939, -73, 209, 248, 190, 292, 1102, 
-844, -2361, -1517, 1603, 336, -1939, -73, 209, 248, 190, 292, 1107, 
-844, -2361, -1517, 1603, 336, -1939, -73, 204, 248, 190, 297, 1107, 
-854, -2361, -1507, 1607, 326, -1934, -73, 204, 248, 190, 307, 1098, 
-854, -2361, -1507, 1607, 326, -1934, -73, 204, 248, 190, 302, 1098, 
-854, -2361, -1507, 1607, 326, -1934, -73, 204, 248, 190, 302, 1098, 
-854, -2361, -1507, 1607, 326, -1934, -73, 204, 248, 190, 302, 1093, 
-854, -2371, -1517, 1612, 331, -1944, -63, 204, 244, 180, 302, 1093, 
-854, -2371, -1517, 1612, 331, -1944, -63, 204, 244, 180, 302, 1093, 
-854, -2371, -1517, 1612, 331, -1944, -63, 204, 244, 180, 302, 1093, 
-854, -2371, -1517, 1612, 331, -1944, -63, 204, 244, 180, 302, 1093, 
-844, -2371, -1527, 1607, 341, -1949, -63, 204, 244, 190, 302, 1093, 
-844, -2371, -1527, 1607, 341, -1949, -63, 204, 244, 190, 302, 1093, 
-844, -2371, -1527, 1607, 341, -1949, -63, 204, 244, 185, 302, 1093, 
-844, -2371, -1527, 1607, 341, -1949, -63, 204, 244, 185, 302, 1093, 
-854, -2376, -1522, 1615, 334, -1949, -63, 204, 234, 185, 292, 1093, 
-854, -2376, -1522, 1615, 334, -1949, -63, 204, 234, 185, 292, 1093, 
-854, -2376, -1522, 1615, 334, -1949, -63, 204, 234, 185, 292, 1093, 
-854, -2376, -1522, 1615, 334, -1949, -63, 204, 234, 185, 292, 1093, 
-854, -2376, -1522, 1615, 334, -1949, -63, 195, 239, 185, 292, 1093, 
-854, -2376, -1522, 1615, 334, -1949, -63, 195, 234, 185, 292, 1088, 
-854, -2376, -1522, 1615, 334, -1949, -63, 195, 234, 185, 287, 1088, 
-854, -2376, -1522, 1615, 334, -1949, -63, 195, 234, 185, 287, 1088, 
-854, -2386, -1532, 1620, 339, -1959, -63, 195, 234, 175, 292, 1088, 
-854, -2386, -1532, 1620, 339, -1959, -63, 195, 234, 175, 292, 1088, 
-854, -2386, -1532, 1620, 339, -1959, -63, 195, 229, 175, 292, 1088, 
-854, -2386, -1532, 1620, 339, -1959, -58, 190, 229, 175, 292, 1088, 
-854, -2381, -1527, 1617, 336, -1954, -58, 195, 229, 175, 292, 1088, 
-854, -2381, -1527, 1617, 336, -1954, -58, 195, 229, 175, 292, 1088, 
-854, -2381, -1527, 1617, 336, -1954, -58, 195, 229, 175, 292, 1088, 
-854, -2381, -1527, 1617, 336, -1954, -58, 195, 229, 175, 292, 1088, 
-854, -2381, -1527, 1617, 336, -1954, -48, 195, 229, 175, 292, 1088, 
-854, -2381, -1527, 1617, 336, -1954, -48, 195, 229, 175, 292, 1083, 
-854, -2381, -1527, 1617, 336, -1954, -48, 195, 229, 170, 292, 1083, 
-854, -2381, -1527, 1617, 336, -1954, -48, 190, 229, 170, 292, 1083, 
-854, -2391, -1537, 1622, 341, -1964, -48, 190, 234, 180, 292, 1093, 
-854, -2391, -1537, 1622, 341, -1964, -43, 190, 229, 180, 287, 1093, 
-854, -2391, -1537, 1622, 341, -1964, -43, 190, 229, 180, 287, 1088, 
-854, -2391, -1537, 1622, 341, -1964, -43, 190, 229, 180, 287, 1088, 
-863, -2391, -1527, 1627, 331, -1959, -43, 190, 224, 180, 297, 1098, 
-863, -2400, -1537, 1632, 336, -1969, -43, 190, 224, 180, 297, 1098, 
-863, -2400, -1537, 1632, 336, -1969, -43, 185, 224, 180, 297, 1093, 
-863, -2396, -1532, 1629, 334, -1964, -43, 185, 219, 180, 297, 1093, 
-863, -2396, -1532, 1629, 334, -1964, -43, 185, 229, 180, 297, 1093, 
-863, -2396, -1532, 1629, 334, -1964, -43, 180, 229, 180, 297, 1093, 
-863, -2396, -1532, 1629, 334, -1964, -43, 180, 229, 180, 297, 1093, 
-863, -2396, -1532, 1629, 334, -1964, -39, 180, 229, 185, 297, 1093, 
-863, -2391, -1527, 1627, 331, -1959, -48, 180, 229, 175, 287, 1093, 
-863, -2391, -1527, 1627, 331, -1959, -39, 185, 219, 185, 297, 1093, 
-854, -2391, -1537, 1622, 341, -1964, -48, 185, 219, 185, 287, 1083, 
-858, -2391, -1532, 1625, 336, -1961, -48, 175, 214, 185, 292, 1083, 
-858, -2391, -1532, 1625, 336, -1961, -48, 175, 214, 175, 283, 1083, 
-858, -2391, -1532, 1625, 336, -1961, -48, 175, 214, 175, 283, 1083, 
-858, -2391, -1532, 1625, 336, -1961, -48, 175, 214, 175, 283, 1083, 
-858, -2391, -1532, 1625, 336, -1961, -48, 175, 214, 175, 283, 1083, 
-868, -2400, -1532, 1634, 331, -1966, -48, 185, 224, 175, 283, 1093, 
-868, -2400, -1532, 1634, 331, -1966, -43, 185, 224, 175, 283, 1093, 
-868, -2400, -1532, 1634, 331, -1966, -43, 185, 224, 180, 283, 1093, 
-868, -2400, -1532, 1634, 331, -1966, -43, 185, 224, 180, 283, 1093, 
-863, -2396, -1532, 1629, 334, -1964, -48, 175, 214, 180, 283, 1093, 
-858, -2396, -1537, 1627, 339, -1966, -48, 175, 214, 180, 283, 1093, 
-854, -2396, -1542, 1625, 344, -1969, -48, 175, 214, 175, 283, 1093, 
-849, -2396, -1546, 1622, 348, -1971, -48, 180, 214, 175, 278, 1093, 
-858, -2386, -1527, 1622, 334, -1956, -48, 180, 214, 175, 278, 1093, 
-858, -2386, -1527, 1622, 334, -1956, -43, 180, 214, 180, 278, 1093, 
-858, -2386, -1527, 1622, 334, -1956, -43, 180, 219, 180, 278, 1093, 
-858, -2386, -1527, 1622, 334, -1956, -43, 180, 219, 180, 283, 1093, 
-868, -2376, -1507, 1622, 319, -1942, -34, 180, 219, 180, 283, 1093, 
-863, -2376, -1512, 1620, 324, -1944, -34, 180, 219, 180, 283, 1098, 
-863, -2366, -1503, 1615, 319, -1934, -29, 185, 224, 185, 287, 1102, 
-858, -2357, -1498, 1607, 319, -1927, -19, 200, 229, 195, 292, 1102, 
-858, -2342, -1483, 1600, 312, -1912, -14, 209, 248, 200, 307, 1112, 
-854, -2332, -1478, 1593, 312, -1905, -9, 219, 253, 204, 312, 1122, 
-849, -2318, -1468, 1583, 309, -1893, -4, 229, 258, 209, 322, 1127, 
-849, -2318, -1468, 1583, 309, -1893, 4, 244, 268, 214, 331, 1132, 
-849, -2303, -1454, 1576, 302, -1878, 0, 248, 278, 219, 331, 1137, 
-844, -2293, -1449, 1568, 302, -1871, 14, 253, 283, 229, 341, 1141, 
-839, -2283, -1444, 1561, 302, -1864, 19, 263, 297, 244, 346, 1146, 
-839, -2269, -1429, 1554, 295, -1849, 24, 273, 302, 244, 356, 1156, 
-834, -2274, -1439, 1554, 302, -1856, 34, 273, 302, 244, 346, 1151, 
-834, -2269, -1434, 1551, 300, -1851, 34, 278, 307, 248, 346, 1151, 
-834, -2269, -1434, 1551, 300, -1851, 39, 278, 307, 248, 351, 1151, 
-839, -2269, -1429, 1554, 295, -1849, 43, 283, 312, 248, 351, 1156, 
-839, -2264, -1424, 1551, 292, -1844, 43, 283, 312, 248, 361, 1156, 
-839, -2259, -1420, 1549, 290, -1839, 43, 283, 317, 248, 370, 1156, 
-839, -2254, -1415, 1546, 287, -1834, 43, 283, 322, 258, 370, 1156, 
-839, -2249, -1410, 1544, 285, -1830, 39, 278, 326, 263, 375, 1166, 
-839, -2230, -1390, 1534, 275, -1810, 34, 273, 326, 268, 375, 1180, 
-844, -2220, -1376, 1532, 265, -1798, 34, 273, 331, 273, 380, 1185, 
-844, -2215, -1371, 1529, 263, -1793, 29, 268, 331, 273, 380, 1185, 
-844, -2215, -1371, 1529, 263, -1793, 24, 258, 331, 278, 385, 1190, 
-839, -2196, -1356, 1517, 258, -1776, 14, 253, 331, 278, 385, 1195, 
-829, -2181, -1351, 1505, 261, -1766, 9, 248, 331, 283, 395, 1195, 
-824, -2166, -1342, 1495, 258, -1754, 0, 248, 341, 287, 400, 1200, 
-824, -2166, -1342, 1495, 258, -1754, -9, 244, 331, 292, 400, 1205, 
-819, -2181, -1361, 1500, 270, -1771, -34, 239, 317, 302, 385, 1215, 
-819, -2191, -1371, 1505, 275, -1781, -39, 234, 312, 297, 380, 1210, 
-819, -2196, -1376, 1507, 278, -1786, -43, 229, 307, 292, 380, 1205, 
-810, -2196, -1385, 1503, 287, -1790, -43, 229, 302, 292, 380, 1205, 
-814, -2196, -1381, 1505, 283, -1788, -39, 219, 302, 283, 375, 1195, 
-810, -2196, -1385, 1503, 287, -1790, -43, 219, 302, 283, 375, 1195, 
-810, -2200, -1390, 1505, 290, -1795, -48, 209, 292, 278, 370, 1195, 
-814, -2210, -1395, 1512, 290, -1803, -58, 195, 283, 273, 361, 1190, 
-814, -2244, -1429, 1529, 307, -1837, -68, 190, 273, 253, 341, 1166, 
-814, -2264, -1449, 1539, 317, -1856, -68, 185, 258, 244, 326, 1166, 
-819, -2274, -1454, 1546, 317, -1864, -68, 185, 248, 229, 317, 1156, 
-839, -2293, -1454, 1566, 307, -1873, -63, 190, 248, 224, 312, 1151, 
-854, -2318, -1464, 1586, 305, -1891, -43, 190, 239, 229, 307, 1146, 
-868, -2337, -1468, 1603, 300, -1903, -39, 195, 239, 219, 302, 1137, 
-878, -2361, -1483, 1620, 302, -1922, -29, 195, 229, 209, 287, 1127, 
-878, -2381, -1503, 1629, 312, -1942, -29, 190, 219, 195, 283, 1112, 
-878, -2386, -1507, 1632, 314, -1947, -19, 190, 224, 190, 283, 1117, 
-883, -2396, -1512, 1639, 314, -1954, -19, 190, 219, 185, 283, 1112, 
-883, -2405, -1522, 1644, 319, -1964, -24, 190, 214, 185, 273, 1112, 
-883, -2405, -1522, 1644, 319, -1964, -24, 185, 209, 180, 268, 1107, 
-883, -2410, -1527, 1647, 322, -1969, -34, 185, 200, 180, 268, 1098, 
-878, -2410, -1532, 1644, 326, -1971, -39, 185, 200, 175, 268, 1093, 
-878, -2420, -1542, 1649, 331, -1981, -39, 185, 195, 170, 263, 1088, 
-878, -2425, -1546, 1651, 334, -1986, -39, 175, 190, 165, 258, 1083, 
-878, -2430, -1551, 1654, 336, -1991, -29, 175, 175, 165, 253, 1078, 
-878, -2430, -1551, 1654, 336, -1991, -29, 175, 170, 161, 253, 1073, 
-878, -2435, -1556, 1656, 339, -1995, -29, 170, 170, 161, 253, 1073, 
-878, -2435, -1556, 1656, 339, -1995, -29, 170, 175, 161, 253, 1078, 
-888, -2435, -1546, 1661, 329, -1991, -29, 170, 185, 156, 253, 1078, 
-888, -2435, -1546, 1661, 329, -1991, -29, 175, 185, 156, 253, 1078, 
-888, -2435, -1546, 1661, 329, -1991, -29, 175, 185, 156, 253, 1078, 
-888, -2435, -1546, 1661, 329, -1991, -29, 175, 185, 156, 253, 1083, 
-888, -2435, -1546, 1661, 329, -1991, -29, 175, 185, 165, 248, 1083, 
-888, -2440, -1551, 1664, 331, -1995, -29, 175, 185, 165, 248, 1083, 
-888, -2440, -1551, 1664, 331, -1995, -29, 180, 185, 170, 248, 1078, 
-888, -2440, -1551, 1664, 331, -1995, -29, 180, 185, 170, 248, 1078, 
-878, -2435, -1556, 1656, 339, -1995, -29, 170, 185, 170, 248, 1088, 
-868, -2435, -1566, 1651, 348, -2000, -29, 170, 185, 165, 248, 1088, 
-873, -2435, -1561, 1654, 344, -1998, -29, 180, 180, 165, 248, 1088, 
-873, -2449, -1576, 1661, 351, -2013, -24, 209, 180, 161, 244, 1083, 
-873, -2464, -1590, 1668, 358, -2027, -9, 244, 190, 141, 234, 1063, 
-868, -2483, -1615, 1676, 373, -2049, 24, 302, 190, 122, 219, 1044, 
-878, -2498, -1620, 1688, 370, -2059, 43, 375, 200, 117, 214, 1034, 
-878, -2513, -1634, 1695, 378, -2074, 73, 429, 219, 107, 219, 1024, 
-868, -2513, -1644, 1690, 387, -2078, 107, 478, 248, 97, 209, 1019, 
-854, -2522, -1668, 1688, 407, -2095, 136, 546, 263, 82, 204, 1010, 
-824, -2542, -1717, 1683, 446, -2130, 161, 619, 268, 73, 204, 1000, 
-795, -2542, -1747, 1668, 475, -2144, 190, 712, 302, 73, 224, 1000, 
-775, -2503, -1727, 1639, 475, -2115, 219, 800, 346, 107, 258, 1015, 
-741, -2464, -1722, 1603, 490, -2093, 229, 858, 385, 151, 302, 1054, 
-707, -2376, -1668, 1542, 480, -2022, 209, 849, 419, 214, 366, 1102, 
-688, -2244, -1556, 1466, 434, -1900, 165, 756, 468, 302, 468, 1195, 
-697, -2083, -1385, 1390, 344, -1734, 117, 639, 541, 434, 610, 1327, 
-712, -1849, -1137, 1281, 212, -1493, 48, 434, 629, 614, 805, 1498, 
-751, -1590, -839, 1171, 43, -1215, -87, 97, 692, 829, 1019, 1703, 
-800, -1371, -570, 1085, -114, -971, -273, -253, 717, 1019, 1195, 1878, 
-819, -1195, -375, 1007, -222, -785, -473, -561, 707, 1176, 1351, 2025, 
-819, -1049, -229, 934, -295, -639, -668, -839, 702, 1293, 1473, 2142, 
-834, -971, -136, 902, -348, -553, -805, -1063, 702, 1376, 1556, 2215, 
-873, -971, -97, 922, -387, -534, -902, -1180, 688, 1381, 1576, 2225, 
-873, -1058, -185, 966, -344, -622, -976, -1205, 634, 1327, 1507, 2176, 
-883, -1239, -356, 1061, -263, -797, -1024, -1195, 497, 1180, 1327, 2049, 
-927, -1498, -570, 1212, -178, -1034, -995, -1229, 297, 956, 1054, 1869, 
-1005, -1761, -756, 1383, -124, -1259, -941, -1283, 87, 717, 751, 1683, 
-1044, -2000, -956, 1522, -43, -1478, -902, -1327, -97, 522, 502, 1512, 
-1049, -2215, -1166, 1632, 58, -1690, -888, -1307, -258, 346, 302, 1361, 
-1049, -2396, -1346, 1722, 148, -1871, -844, -1239, -370, 200, 146, 1229, 
-1039, -2513, -1473, 1776, 217, -1993, -785, -1117, -419, 107, 43, 1146, 
-1034, -2596, -1561, 1815, 263, -2078, -717, -956, -409, 53, 4, 1088, 
-1034, -2644, -1610, 1839, 287, -2127, -624, -780, -361, 24, -9, 1044, 
-1029, -2664, -1634, 1847, 302, -2149, -541, -644, -302, 4, -9, 1015, 
-1005, -2664, -1659, 1834, 326, -2161, -488, -551, -253, 4, 0, 1005, 
-976, -2654, -1678, 1815, 351, -2166, -439, -444, -209, 9, 14, 1005, 
-941, -2615, -1673, 1778, 366, -2144, -366, -312, -156, 29, 48, 1024, 
-907, -2581, -1673, 1744, 383, -2127, -278, -185, -82, 58, 97, 1039, 
-888, -2547, -1659, 1717, 385, -2103, -200, -73, -14, 82, 136, 1054, 
-888, -2522, -1634, 1705, 373, -2078, -131, 14, 43, 97, 161, 1063, 
-888, -2508, -1620, 1698, 366, -2064, -73, 63, 78, 112, 185, 1073, 
-888, -2503, -1615, 1695, 363, -2059, -53, 97, 117, 126, 200, 1083, 
-893, -2483, -1590, 1688, 348, -2037, -48, 126, 141, 136, 209, 1093, 
-893, -2454, -1561, 1673, 334, -2008, -43, 141, 156, 136, 214, 1102, 
-888, -2444, -1556, 1666, 334, -2000, -43, 156, 165, 141, 219, 1102, 
-893, -2440, -1546, 1666, 326, -1993, -43, 170, 170, 146, 229, 1117, 
-888, -2440, -1551, 1664, 331, -1995, -39, 195, 165, 146, 239, 1117, 
-883, -2440, -1556, 1661, 336, -1998, -19, 214, 165, 146, 239, 1117, 
-878, -2440, -1561, 1659, 341, -2000, -4, 234, 165, 146, 239, 1112, 
-878, -2440, -1561, 1659, 341, -2000, 4, 234, 170, 146, 234, 1112, 
-878, -2444, -1566, 1661, 344, -2005, 9, 234, 185, 141, 234, 1107, 
-878, -2444, -1566, 1661, 344, -2005, 9, 234, 185, 141, 239, 1107, 
-883, -2444, -1561, 1664, 339, -2003, 9, 234, 190, 141, 239, 1107, 
-883, -2444, -1561, 1664, 339, -2003, 4, 234, 190, 141, 239, 1107, 
-883, -2444, -1561, 1664, 339, -2003, 0, 234, 195, 141, 239, 1107, 
-878, -2435, -1556, 1656, 339, -1995, 0, 234, 195, 141, 239, 1107, 
-878, -2435, -1556, 1656, 339, -1995, 4, 244, 195, 146, 244, 1107, 
-878, -2435, -1556, 1656, 339, -1995, 4, 248, 195, 146, 244, 1107, 
-878, -2425, -1546, 1651, 334, -1986, 14, 244, 200, 146, 244, 1112, 
-878, -2425, -1546, 1651, 334, -1986, 14, 244, 200, 146, 244, 1112, 
-878, -2425, -1546, 1651, 334, -1986, 14, 248, 200, 146, 244, 1112, 
-878, -2425, -1546, 1651, 334, -1986, 14, 248, 204, 146, 248, 1112, 
-878, -2420, -1542, 1649, 331, -1981, 14, 258, 195, 146, 248, 1122, 
-868, -2420, -1551, 1644, 341, -1986, 14, 258, 195, 151, 248, 1122, 
-868, -2420, -1551, 1644, 341, -1986, 14, 258, 200, 156, 248, 1122, 
-868, -2420, -1551, 1644, 341, -1986, 19, 263, 200, 156, 253, 1127, 
-868, -2415, -1546, 1642, 339, -1981, 29, 263, 200, 156, 253, 1127, 
-863, -2415, -1551, 1639, 344, -1983, 29, 263, 204, 156, 253, 1127, 
-863, -2405, -1542, 1634, 339, -1973, 29, 268, 204, 156, 253, 1127, 
-863, -2405, -1542, 1634, 339, -1973, 29, 268, 204, 156, 253, 1127, 
-873, -2405, -1532, 1639, 329, -1969, 29, 268, 204, 151, 253, 1132, 
-873, -2400, -1527, 1637, 326, -1964, 29, 273, 204, 151, 258, 1132, 
-873, -2400, -1527, 1637, 326, -1964, 29, 273, 209, 151, 263, 1132, 
-873, -2400, -1527, 1637, 326, -1964, 29, 278, 209, 156, 263, 1132, 
-873, -2410, -1537, 1642, 331, -1973, 29, 278, 219, 165, 268, 1141, 
-873, -2405, -1532, 1639, 329, -1969, 29, 287, 224, 161, 273, 1141, 
-873, -2405, -1532, 1639, 329, -1969, 34, 287, 224, 161, 273, 1146, 
-873, -2405, -1532, 1639, 329, -1969, 39, 287, 224, 170, 273, 1151, 
-868, -2405, -1537, 1637, 334, -1971, 39, 287, 224, 170, 273, 1151, 
-868, -2405, -1537, 1637, 334, -1971, 39, 292, 219, 170, 273, 1151, 
-868, -2400, -1532, 1634, 331, -1966, 34, 292, 219, 175, 268, 1151, 
-868, -2400, -1532, 1634, 331, -1966, 34, 302, 214, 175, 268, 1151, 
-868, -2396, -1527, 1632, 329, -1961, 43, 302, 204, 175, 263, 1151, 
-868, -2391, -1522, 1629, 326, -1956, 43, 302, 204, 180, 268, 1151, 
-868, -2386, -1517, 1627, 324, -1952, 43, 302, 204, 180, 273, 1156, 
-868, -2381, -1512, 1625, 322, -1947, 43, 307, 209, 180, 273, 1161, 
-858, -2391, -1532, 1625, 336, -1961, 43, 307, 219, 175, 278, 1161, 
-858, -2386, -1527, 1622, 334, -1956, 48, 307, 224, 175, 278, 1161, 
-858, -2386, -1527, 1622, 334, -1956, 48, 317, 224, 180, 278, 1166, 
-858, -2381, -1522, 1620, 331, -1952, 48, 317, 229, 180, 278, 1166, 
-863, -2391, -1527, 1627, 331, -1959, 48, 317, 229, 180, 283, 1166, 
-858, -2386, -1527, 1622, 334, -1956, 48, 322, 229, 175, 287, 1166, 
-858, -2386, -1527, 1622, 334, -1956, 48, 322, 229, 175, 287, 1166, 
-854, -2381, -1527, 1617, 336, -1954, 48, 331, 234, 180, 287, 1166, 
-863, -2371, -1507, 1617, 322, -1939, 48, 341, 224, 175, 292, 1180, 
-863, -2366, -1503, 1615, 319, -1934, 48, 346, 224, 175, 292, 1180, 
-863, -2357, -1493, 1610, 314, -1925, 48, 351, 229, 180, 292, 1180, 
-863, -2357, -1493, 1610, 314, -1925, 48, 356, 229, 180, 297, 1185, 
-854, -2366, -1512, 1610, 329, -1939, 48, 361, 224, 185, 287, 1190, 
-854, -2361, -1507, 1607, 326, -1934, 48, 366, 224, 185, 297, 1190, 
-854, -2357, -1503, 1605, 324, -1930, 48, 370, 224, 190, 297, 1190, 
-849, -2357, -1507, 1603, 329, -1932, 43, 375, 229, 190, 297, 1195, 
-844, -2347, -1503, 1595, 329, -1925, 43, 380, 239, 190, 297, 1195, 
-844, -2342, -1498, 1593, 326, -1920, 43, 390, 239, 195, 302, 1195, 
-844, -2337, -1493, 1590, 324, -1915, 48, 395, 244, 200, 312, 1200, 
-839, -2337, -1498, 1588, 329, -1917, 48, 405, 244, 200, 312, 1205, 
-839, -2332, -1493, 1586, 326, -1912, 48, 409, 248, 209, 322, 1210, 
-839, -2327, -1488, 1583, 324, -1908, 48, 419, 248, 209, 326, 1210, 
-834, -2322, -1488, 1578, 326, -1905, 43, 424, 253, 214, 326, 1210, 
-824, -2318, -1493, 1571, 334, -1905, 43, 439, 253, 214, 336, 1210, 
-819, -2303, -1483, 1561, 331, -1893, 48, 448, 253, 219, 331, 1220, 
-819, -2298, -1478, 1559, 329, -1888, 48, 453, 253, 224, 336, 1224, 
-819, -2288, -1468, 1554, 324, -1878, 48, 468, 258, 229, 341, 1229, 
-814, -2278, -1464, 1546, 324, -1871, 48, 483, 263, 234, 346, 1234, 
-810, -2278, -1468, 1544, 329, -1873, 48, 492, 278, 248, 361, 1234, 
-805, -2274, -1468, 1539, 331, -1871, 43, 502, 278, 253, 370, 1239, 
-800, -2269, -1468, 1534, 334, -1869, 43, 517, 278, 258, 370, 1249, 
-795, -2254, -1459, 1525, 331, -1856, 43, 531, 283, 263, 375, 1254, 
-790, -2244, -1454, 1517, 331, -1849, 39, 551, 287, 273, 380, 1273, 
-785, -2235, -1449, 1510, 331, -1842, 39, 570, 292, 278, 395, 1278, 
-780, -2220, -1439, 1500, 329, -1830, 39, 585, 302, 292, 405, 1288, 
-775, -2210, -1434, 1493, 329, -1822, 34, 600, 312, 297, 405, 1298, 
-766, -2191, -1424, 1478, 329, -1808, 29, 614, 317, 302, 424, 1298, 
-756, -2176, -1420, 1466, 331, -1798, 24, 629, 326, 317, 434, 1307, 
-756, -2166, -1410, 1461, 326, -1788, 19, 649, 331, 326, 444, 1317, 
-746, -2147, -1400, 1446, 326, -1773, 14, 663, 341, 341, 458, 1327, 
-736, -2132, -1395, 1434, 329, -1764, 19, 673, 351, 341, 473, 1342, 
-732, -2117, -1385, 1424, 326, -1751, 19, 688, 356, 356, 483, 1351, 
-722, -2103, -1381, 1412, 329, -1742, 14, 692, 366, 366, 492, 1366, 
-717, -2083, -1366, 1400, 324, -1725, 9, 707, 375, 380, 512, 1376, 
-712, -2069, -1356, 1390, 322, -1712, 4, 717, 380, 390, 522, 1385, 
-707, -2059, -1351, 1383, 322, -1705, 0, 732, 390, 395, 541, 1395, 
-702, -2049, -1346, 1376, 322, -1698, -4, 741, 400, 405, 551, 1405, 
-697, -2034, -1337, 1366, 319, -1686, -9, 751, 400, 424, 561, 1415, 
-688, -2030, -1342, 1359, 326, -1686, -9, 756, 405, 434, 566, 1424, 
-678, -2015, -1337, 1346, 329, -1676, -14, 761, 409, 444, 575, 1429, 
-673, -2000, -1327, 1337, 326, -1664, -19, 761, 419, 453, 585, 1439, 
-673, -1986, -1312, 1329, 319, -1649, -24, 761, 424, 463, 590, 1449, 
-673, -1981, -1307, 1327, 317, -1644, -29, 766, 429, 458, 600, 1459, 
-673, -1966, -1293, 1320, 309, -1629, -29, 766, 439, 468, 610, 1459, 
-668, -1956, -1288, 1312, 309, -1622, -34, 771, 439, 473, 614, 1464, 
-663, -1952, -1288, 1307, 312, -1620, -34, 771, 444, 478, 624, 1478, 
-668, -1942, -1273, 1305, 302, -1607, -24, 771, 448, 488, 624, 1488, 
-668, -1932, -1263, 1300, 297, -1598, -24, 771, 448, 488, 629, 1488, 
-668, -1927, -1259, 1298, 295, -1593, -34, 766, 453, 497, 644, 1493, 
-668, -1917, -1249, 1293, 290, -1583, -34, 761, 458, 502, 649, 1498, 
-678, -1912, -1234, 1295, 278, -1573, -43, 751, 453, 507, 653, 1503, 
-678, -1912, -1234, 1295, 278, -1573, -43, 741, 453, 512, 653, 1503, 
-678, -1912, -1234, 1295, 278, -1573, -43, 732, 453, 512, 653, 1507, 
-683, -1917, -1234, 1300, 275, -1576, -39, 717, 453, 512, 653, 1507, 
-673, -1908, -1234, 1290, 280, -1571, -34, 697, 453, 497, 644, 1498, 
-678, -1917, -1239, 1298, 280, -1578, -34, 678, 453, 492, 639, 1493, 
-683, -1922, -1239, 1302, 278, -1581, -34, 649, 453, 492, 629, 1488, 
-692, -1937, -1244, 1315, 275, -1590, -29, 629, 448, 483, 614, 1483, 
-712, -1956, -1244, 1334, 265, -1600, -14, 619, 444, 463, 605, 1464, 
-722, -1976, -1254, 1349, 265, -1615, -4, 600, 429, 453, 585, 1454, 
-732, -1986, -1254, 1359, 261, -1620, 4, 585, 414, 434, 575, 1434, 
-741, -2005, -1263, 1373, 261, -1634, 19, 570, 400, 424, 561, 1424, 
-751, -2034, -1283, 1393, 265, -1659, 29, 551, 385, 409, 546, 1420, 
-761, -2049, -1288, 1405, 263, -1668, 34, 531, 375, 390, 527, 1410, 
-771, -2074, -1302, 1422, 265, -1688, 39, 517, 370, 375, 512, 1400, 
-775, -2088, -1312, 1432, 268, -1700, 48, 492, 361, 361, 497, 1385, 
-780, -2103, -1322, 1442, 270, -1712, 53, 473, 356, 341, 478, 1366, 
-790, -2122, -1332, 1456, 270, -1727, 58, 458, 341, 326, 463, 1346, 
-800, -2137, -1337, 1468, 268, -1737, 63, 439, 336, 317, 448, 1337, 
-810, -2156, -1346, 1483, 268, -1751, 63, 429, 326, 302, 434, 1327, 
-814, -2161, -1346, 1488, 265, -1754, 68, 424, 307, 292, 419, 1312, 
-819, -2186, -1366, 1503, 273, -1776, 68, 409, 292, 287, 405, 1307, 
-824, -2205, -1381, 1515, 278, -1793, 73, 400, 283, 278, 395, 1302, 
-829, -2215, -1385, 1522, 278, -1800, 73, 385, 268, 278, 380, 1293, 
-829, -2225, -1395, 1527, 283, -1810, 63, 370, 268, 253, 361, 1288, 
-839, -2235, -1395, 1537, 278, -1815, 63, 356, 263, 248, 356, 1278, 
-844, -2249, -1405, 1546, 280, -1827, 63, 351, 258, 248, 356, 1273, 
-849, -2254, -1405, 1551, 278, -1830, 58, 341, 253, 239, 346, 1268, 
-849, -2269, -1420, 1559, 285, -1844, 58, 331, 248, 224, 346, 1263, 
-854, -2278, -1424, 1566, 285, -1851, 63, 326, 239, 219, 341, 1254, 
-854, -2288, -1434, 1571, 290, -1861, 63, 317, 234, 214, 331, 1249, 
-858, -2288, -1429, 1573, 285, -1859, 63, 312, 224, 204, 326, 1244, 
-854, -2293, -1439, 1573, 292, -1866, 58, 307, 219, 209, 312, 1249, 
-858, -2293, -1434, 1576, 287, -1864, 58, 307, 219, 204, 312, 1249, 
-858, -2298, -1439, 1578, 290, -1869, 58, 302, 214, 204, 312, 1244, 
-854, -2303, -1449, 1578, 297, -1876, 58, 292, 214, 204, 307, 1244, 
-863, -2308, -1444, 1586, 290, -1876, 58, 297, 209, 200, 307, 1239, 
-863, -2313, -1449, 1588, 292, -1881, 58, 287, 209, 200, 302, 1239, 
-863, -2313, -1449, 1588, 292, -1881, 53, 287, 204, 200, 302, 1239, 
-863, -2318, -1454, 1590, 295, -1886, 53, 283, 204, 200, 302, 1234, 
-873, -2318, -1444, 1595, 285, -1881, 63, 283, 195, 190, 307, 1234, 
-873, -2322, -1449, 1598, 287, -1886, 63, 278, 195, 185, 302, 1229, 
-873, -2322, -1449, 1598, 287, -1886, 63, 273, 185, 185, 302, 1229, 
-873, -2318, -1444, 1595, 285, -1881, 63, 273, 185, 185, 307, 1229, 
-863, -2327, -1464, 1595, 300, -1895, 53, 263, 185, 185, 297, 1234, 
-863, -2327, -1464, 1595, 300, -1895, 53, 263, 185, 185, 297, 1234, 
-863, -2327, -1464, 1595, 300, -1895, 53, 258, 185, 180, 297, 1234, 
-863, -2327, -1464, 1595, 300, -1895, 53, 258, 185, 180, 297, 1234, 
-863, -2318, -1454, 1590, 295, -1886, 53, 258, 175, 175, 292, 1244, 
-873, -2318, -1444, 1595, 285, -1881, 53, 258, 175, 175, 292, 1239, 
-873, -2318, -1444, 1595, 285, -1881, 53, 253, 175, 175, 297, 1239, 
-873, -2318, -1444, 1595, 285, -1881, 53, 253, 175, 175, 297, 1239, 
-868, -2318, -1449, 1593, 290, -1883, 53, 253, 175, 185, 297, 1239, 
-868, -2318, -1449, 1593, 290, -1883, 53, 253, 175, 185, 297, 1244, 
-868, -2318, -1449, 1593, 290, -1883, 53, 253, 175, 185, 297, 1244, 
-868, -2313, -1444, 1590, 287, -1878, 53, 258, 175, 185, 297, 1239, 
-863, -2322, -1459, 1593, 297, -1891, 53, 258, 175, 175, 287, 1239, 
-863, -2322, -1459, 1593, 297, -1891, 53, 258, 175, 180, 292, 1239, 
-863, -2322, -1459, 1593, 297, -1891, 53, 258, 175, 180, 292, 1239, 
-863, -2322, -1459, 1593, 297, -1891, 53, 263, 175, 180, 292, 1239, 
-863, -2313, -1449, 1588, 292, -1881, 53, 263, 165, 180, 292, 1234, 
-863, -2313, -1449, 1588, 292, -1881, 53, 263, 165, 180, 292, 1234, 
-863, -2308, -1444, 1586, 290, -1876, 53, 263, 170, 180, 292, 1234, 
-863, -2308, -1444, 1586, 290, -1876, 53, 263, 170, 180, 292, 1234, 
-863, -2308, -1444, 1586, 290, -1876, 53, 263, 170, 180, 302, 1244, 
-863, -2308, -1444, 1586, 290, -1876, 53, 263, 165, 180, 307, 1244, 
-863, -2308, -1444, 1586, 290, -1876, 53, 263, 165, 180, 307, 1244, 
-863, -2303, -1439, 1583, 287, -1871, 48, 263, 170, 180, 307, 1244, 
-863, -2293, -1429, 1578, 283, -1861, 48, 263, 170, 185, 302, 1249, 
-863, -2293, -1429, 1578, 283, -1861, 48, 263, 170, 185, 302, 1249, 
-863, -2293, -1429, 1578, 283, -1861, 48, 263, 170, 185, 302, 1254, 
-863, -2293, -1429, 1578, 283, -1861, 48, 273, 170, 185, 302, 1254, 
-868, -2303, -1434, 1586, 283, -1869, 48, 273, 175, 185, 302, 1244, 
-868, -2298, -1429, 1583, 280, -1864, 48, 273, 175, 190, 302, 1244, 
-868, -2293, -1424, 1581, 278, -1859, 48, 273, 175, 190, 302, 1244, 
-868, -2293, -1424, 1581, 278, -1859, 48, 273, 175, 190, 302, 1244, 
-868, -2293, -1424, 1581, 278, -1859, 48, 273, 180, 180, 312, 1249, 
-868, -2293, -1424, 1581, 278, -1859, 53, 273, 180, 180, 317, 1249, 
-868, -2288, -1420, 1578, 275, -1854, 53, 273, 180, 185, 317, 1249, 
-868, -2283, -1415, 1576, 273, -1849, 53, 273, 180, 185, 317, 1249, 
-868, -2283, -1415, 1576, 273, -1849, 43, 273, 180, 175, 307, 1249, 
-868, -2283, -1415, 1576, 273, -1849, 43, 273, 180, 175, 307, 1254, 
-868, -2283, -1415, 1576, 273, -1849, 43, 273, 175, 175, 307, 1254, 
-863, -2283, -1420, 1573, 278, -1851, 43, 273, 175, 175, 312, 1254, 
-854, -2283, -1429, 1568, 287, -1856, 53, 273, 175, 185, 312, 1254, 
-858, -2278, -1420, 1568, 280, -1849, 53, 273, 175, 185, 317, 1254, 
-858, -2278, -1420, 1568, 280, -1849, 53, 273, 175, 185, 317, 1254, 
-854, -2278, -1424, 1566, 285, -1851, 53, 273, 175, 185, 312, 1249, 
-863, -2288, -1424, 1576, 280, -1856, 53, 273, 175, 190, 312, 1259, 
-863, -2283, -1420, 1573, 278, -1851, 53, 273, 175, 190, 317, 1259, 
-863, -2283, -1420, 1573, 278, -1851, 53, 273, 175, 190, 317, 1259, 
-863, -2283, -1420, 1573, 278, -1851, 53, 273, 175, 190, 317, 1259, 
-854, -2274, -1420, 1564, 283, -1847, 53, 273, 180, 180, 307, 1259, 
-854, -2274, -1420, 1564, 283, -1847, 53, 278, 180, 180, 302, 1259, 
-854, -2274, -1420, 1564, 283, -1847, 53, 278, 180, 180, 302, 1263, 
-854, -2274, -1420, 1564, 283, -1847, 53, 273, 180, 180, 307, 1263, 
-863, -2274, -1410, 1568, 273, -1842, 53, 273, 170, 180, 307, 1254, 
-863, -2274, -1410, 1568, 273, -1842, 53, 273, 170, 180, 302, 1254, 
-863, -2274, -1410, 1568, 273, -1842, 53, 273, 170, 180, 302, 1254, 
-863, -2274, -1410, 1568, 273, -1842, 53, 273, 170, 180, 302, 1249, 
-863, -2274, -1410, 1568, 273, -1842, 53, 273, 165, 180, 302, 1249, 
-863, -2274, -1410, 1568, 273, -1842, 53, 273, 165, 180, 302, 1249, 
-863, -2274, -1410, 1568, 273, -1842, 53, 273, 165, 180, 302, 1249, 
-863, -2274, -1410, 1568, 273, -1842, 53, 273, 165, 180, 302, 1249, 
-863, -2274, -1410, 1568, 273, -1842, 53, 273, 165, 180, 302, 1249, 
-863, -2274, -1410, 1568, 273, -1842, 53, 273, 165, 180, 302, 1249, 
-863, -2274, -1410, 1568, 273, -1842, 53, 273, 165, 175, 302, 1249, 
-863, -2274, -1410, 1568, 273, -1842, 53, 273, 165, 175, 302, 1249, 
-863, -2278, -1415, 1571, 275, -1847, 53, 273, 165, 175, 302, 1249, 
-863, -2278, -1415, 1571, 275, -1847, 53, 273, 165, 175, 302, 1249, 
-863, -2278, -1415, 1571, 275, -1847, 53, 273, 165, 175, 302, 1249, 
-863, -2278, -1415, 1571, 275, -1847, 53, 273, 165, 175, 302, 1249, 
-854, -2278, -1424, 1566, 285, -1851, 53, 273, 151, 165, 302, 1249, 
-854, -2278, -1424, 1566, 285, -1851, 53, 273, 146, 165, 302, 1244, 
-854, -2278, -1424, 1566, 285, -1851, 53, 273, 146, 165, 297, 1244, 
-854, -2278, -1424, 1566, 285, -1851, 53, 273, 146, 165, 297, 1244, 
-863, -2288, -1424, 1576, 280, -1856, 53, 273, 146, 165, 292, 1254, 
-863, -2288, -1424, 1576, 280, -1856, 53, 273, 146, 165, 292, 1254, 
-863, -2288, -1424, 1576, 280, -1856, 53, 273, 141, 165, 292, 1254, 
-863, -2288, -1424, 1576, 280, -1856, 58, 268, 141, 165, 292, 1254, 
-863, -2283, -1420, 1573, 278, -1851, 58, 263, 141, 165, 283, 1244, 
-863, -2283, -1420, 1573, 278, -1851, 58, 263, 141, 165, 283, 1244, 
-863, -2283, -1420, 1573, 278, -1851, 58, 263, 141, 165, 283, 1244, 
-863, -2283, -1420, 1573, 278, -1851, 58, 263, 141, 165, 283, 1244, 
-863, -2293, -1429, 1578, 283, -1861, 58, 253, 141, 156, 283, 1244, 
-863, -2293, -1429, 1578, 283, -1861, 58, 253, 141, 156, 283, 1239, 
-863, -2293, -1429, 1578, 283, -1861, 58, 253, 141, 151, 283, 1239, 
-863, -2293, -1429, 1578, 283, -1861, 58, 248, 141, 151, 283, 1239, 
-863, -2303, -1439, 1583, 287, -1871, 48, 248, 126, 151, 283, 1239, 
-863, -2303, -1439, 1583, 287, -1871, 53, 248, 122, 151, 278, 1239, 
-863, -2303, -1439, 1583, 287, -1871, 53, 248, 122, 151, 278, 1234, 
-863, -2303, -1439, 1583, 287, -1871, 53, 248, 122, 151, 278, 1234, 
-863, -2303, -1439, 1583, 287, -1871, 53, 258, 126, 151, 287, 1244, 
-863, -2313, -1449, 1588, 292, -1881, 53, 258, 126, 151, 287, 1244, 
-863, -2313, -1449, 1588, 292, -1881, 53, 253, 126, 151, 287, 1239, 
-863, -2308, -1444, 1586, 290, -1876, 53, 253, 122, 151, 287, 1239, 
-863, -2298, -1434, 1581, 285, -1866, 53, 253, 112, 151, 287, 1239, 
-863, -2298, -1434, 1581, 285, -1866, 53, 248, 112, 151, 287, 1239, 
-863, -2298, -1434, 1581, 285, -1866, 53, 248, 112, 151, 287, 1239, 
-863, -2298, -1434, 1581, 285, -1866, 58, 248, 112, 156, 287, 1239, 
-863, -2313, -1449, 1588, 292, -1881, 58, 248, 122, 156, 278, 1239, 
-863, -2313, -1449, 1588, 292, -1881, 58, 244, 122, 146, 278, 1239, 
-863, -2313, -1449, 1588, 292, -1881, 58, 244, 122, 146, 278, 1239, 
-863, -2313, -1449, 1588, 292, -1881, 58, 244, 122, 146, 278, 1239, 
-873, -2313, -1439, 1593, 283, -1876, 68, 244, 112, 146, 273, 1234, 
-873, -2313, -1439, 1593, 283, -1876, 68, 244, 112, 146, 273, 1229, 
-873, -2313, -1439, 1593, 283, -1876, 68, 244, 112, 146, 273, 1229, 
-873, -2313, -1439, 1593, 283, -1876, 68, 244, 112, 146, 273, 1234, 
-873, -2303, -1429, 1588, 278, -1866, 63, 248, 107, 136, 273, 1239, 
-863, -2303, -1439, 1583, 287, -1871, 63, 239, 102, 136, 273, 1229, 
-863, -2313, -1449, 1588, 292, -1881, 63, 244, 102, 136, 273, 1224, 
-868, -2313, -1444, 1590, 287, -1878, 68, 253, 107, 136, 273, 1229, 
-868, -2303, -1434, 1586, 283, -1869, 58, 244, 107, 146, 263, 1229, 
-868, -2303, -1434, 1586, 283, -1869, 58, 244, 107, 146, 263, 1229, 
-868, -2303, -1434, 1586, 283, -1869, 58, 244, 107, 146, 263, 1229, 
-868, -2303, -1434, 1586, 283, -1869, 58, 244, 107, 146, 263, 1229, 
-868, -2313, -1444, 1590, 287, -1878, 68, 244, 97, 136, 263, 1229, 
-868, -2313, -1444, 1590, 287, -1878, 73, 244, 97, 136, 263, 1229, 
-868, -2313, -1444, 1590, 287, -1878, 73, 244, 97, 141, 263, 1229, 
-868, -2313, -1444, 1590, 287, -1878, 73, 244, 97, 141, 263, 1229, 
-868, -2308, -1439, 1588, 285, -1873, 68, 244, 97, 141, 263, 1220, 
-868, -2308, -1439, 1588, 285, -1873, 68, 244, 97, 141, 263, 1220, 
-868, -2308, -1439, 1588, 285, -1873, 68, 244, 97, 136, 263, 1220, 
-868, -2308, -1439, 1588, 285, -1873, 68, 248, 97, 136, 258, 1220, 
-868, -2308, -1439, 1588, 285, -1873, 68, 248, 97, 126, 258, 1220, 
-868, -2308, -1439, 1588, 285, -1873, 73, 248, 97, 131, 258, 1220, 
-868, -2308, -1439, 1588, 285, -1873, 73, 248, 102, 131, 258, 1220, 
-868, -2308, -1439, 1588, 285, -1873, 73, 248, 102, 131, 263, 1220, 
-868, -2308, -1439, 1588, 285, -1873, 63, 258, 92, 131, 263, 1220, 
-863, -2308, -1444, 1586, 290, -1876, 63, 258, 92, 131, 263, 1224, 
-863, -2298, -1434, 1581, 285, -1866, 68, 263, 97, 136, 268, 1229, 
-858, -2288, -1429, 1573, 285, -1859, 78, 278, 102, 146, 273, 1229, 
-858, -2283, -1424, 1571, 283, -1854, 82, 278, 102, 141, 273, 1229, 
-854, -2274, -1420, 1564, 283, -1847, 87, 278, 107, 146, 273, 1239, 
-849, -2259, -1410, 1554, 280, -1834, 92, 278, 112, 151, 278, 1244, 
-849, -2259, -1410, 1554, 280, -1834, 102, 283, 122, 156, 283, 1249, 
-849, -2235, -1385, 1542, 268, -1810, 107, 297, 141, 161, 292, 1254, 
-844, -2225, -1381, 1534, 268, -1803, 122, 302, 146, 170, 302, 1259, 
-839, -2215, -1376, 1527, 268, -1795, 126, 312, 161, 185, 307, 1263, 
-839, -2200, -1361, 1520, 261, -1781, 131, 322, 165, 185, 317, 1273, 
-844, -2186, -1342, 1515, 248, -1764, 131, 322, 156, 185, 317, 1278, 
-844, -2181, -1337, 1512, 246, -1759, 131, 326, 161, 190, 317, 1278, 
-844, -2181, -1337, 1512, 246, -1759, 136, 326, 161, 190, 322, 1278, 
-849, -2181, -1332, 1515, 241, -1756, 141, 331, 165, 190, 322, 1283, 
-839, -2176, -1337, 1507, 248, -1756, 141, 331, 165, 180, 312, 1283, 
-839, -2171, -1332, 1505, 246, -1751, 141, 331, 170, 180, 322, 1283, 
-839, -2166, -1327, 1503, 244, -1747, 141, 331, 175, 190, 322, 1283, 
-839, -2161, -1322, 1500, 241, -1742, 136, 326, 180, 195, 326, 1293, 
-829, -2152, -1322, 1490, 246, -1737, 131, 322, 180, 200, 336, 1298, 
-834, -2142, -1307, 1488, 236, -1725, 131, 322, 185, 204, 341, 1302, 
-834, -2137, -1302, 1485, 234, -1720, 126, 317, 185, 204, 341, 1302, 
-834, -2137, -1302, 1485, 234, -1720, 122, 307, 185, 209, 346, 1307, 
-834, -2137, -1302, 1485, 234, -1720, 122, 312, 175, 209, 336, 1312, 
-829, -2122, -1293, 1476, 231, -1708, 117, 307, 175, 214, 346, 1312, 
-829, -2108, -1278, 1468, 224, -1693, 107, 307, 185, 219, 351, 1317, 
-834, -2108, -1273, 1471, 219, -1690, 97, 302, 175, 224, 351, 1322, 
-829, -2108, -1278, 1468, 224, -1693, 82, 287, 170, 214, 346, 1322, 
-829, -2113, -1283, 1471, 226, -1698, 78, 283, 165, 209, 341, 1317, 
-829, -2113, -1283, 1471, 226, -1698, 73, 278, 161, 204, 341, 1312, 
-819, -2108, -1288, 1464, 234, -1698, 73, 278, 156, 204, 341, 1312, 
-805, -2117, -1312, 1461, 253, -1715, 58, 287, 165, 204, 346, 1322, 
-800, -2117, -1317, 1459, 258, -1717, 53, 287, 165, 204, 346, 1322, 
-800, -2122, -1322, 1461, 261, -1722, 48, 278, 156, 200, 341, 1322, 
-805, -2132, -1327, 1468, 261, -1729, 39, 263, 146, 195, 331, 1317, 
-805, -2147, -1342, 1476, 268, -1744, 29, 239, 126, 195, 322, 1302, 
-805, -2166, -1361, 1485, 278, -1764, 29, 234, 112, 185, 307, 1302, 
-810, -2176, -1366, 1493, 278, -1771, 29, 234, 102, 170, 297, 1293, 
-829, -2196, -1366, 1512, 268, -1781, 34, 239, 102, 165, 292, 1288, 
-834, -2210, -1376, 1522, 270, -1793, 43, 248, 92, 151, 287, 1263, 
-849, -2230, -1381, 1539, 265, -1805, 48, 253, 92, 141, 283, 1254, 
-858, -2254, -1395, 1556, 268, -1825, 58, 253, 82, 131, 268, 1244, 
-858, -2274, -1415, 1566, 278, -1844, 58, 248, 73, 117, 263, 1229, 
-863, -2283, -1420, 1573, 278, -1851, 58, 239, 68, 112, 244, 1224, 
-873, -2298, -1424, 1586, 275, -1861, 58, 239, 63, 107, 244, 1220, 
-878, -2313, -1434, 1595, 278, -1873, 53, 239, 58, 107, 234, 1220, 
-883, -2318, -1434, 1600, 275, -1876, 53, 234, 53, 102, 229, 1215, 
-883, -2313, -1429, 1598, 273, -1871, 63, 244, 43, 102, 229, 1215, 
-878, -2313, -1434, 1595, 278, -1873, 58, 244, 43, 97, 229, 1210, 
-878, -2322, -1444, 1600, 283, -1883, 58, 244, 39, 92, 224, 1205, 
-878, -2327, -1449, 1603, 285, -1888, 58, 234, 34, 87, 219, 1200, 
-878, -2342, -1464, 1610, 292, -1903, 48, 234, 19, 87, 204, 1195, 
-878, -2342, -1464, 1610, 292, -1903, 48, 234, 14, 82, 204, 1190, 
-878, -2347, -1468, 1612, 295, -1908, 48, 229, 14, 82, 204, 1190, 
-878, -2347, -1468, 1612, 295, -1908, 48, 229, 19, 82, 204, 1195, 
-878, -2347, -1468, 1612, 295, -1908, 48, 229, 19, 78, 204, 1195, 
-878, -2347, -1468, 1612, 295, -1908, 48, 234, 19, 78, 204, 1195, 
-878, -2347, -1468, 1612, 295, -1908, 48, 234, 19, 78, 204, 1195, 
-878, -2347, -1468, 1612, 295, -1908, 48, 234, 19, 78, 204, 1200, 
-868, -2337, -1468, 1603, 300, -1903, 48, 224, 19, 68, 209, 1200, 
-868, -2342, -1473, 1605, 302, -1908, 48, 224, 19, 68, 209, 1200, 
-868, -2342, -1473, 1605, 302, -1908, 48, 229, 19, 73, 209, 1195, 
-868, -2342, -1473, 1605, 302, -1908, 48, 229, 19, 73, 209, 1195, 
-868, -2347, -1478, 1607, 305, -1912, 48, 229, 19, 63, 209, 1195, 
-868, -2347, -1478, 1607, 305, -1912, 48, 229, 19, 68, 200, 1195, 
-863, -2347, -1483, 1605, 309, -1915, 58, 229, 24, 68, 200, 1195, 
-863, -2342, -1478, 1603, 307, -1910, 53, 239, 24, 63, 195, 1190, 
-873, -2347, -1473, 1610, 300, -1910, 58, 244, 24, 63, 195, 1190, 
-868, -2366, -1498, 1617, 314, -1932, 73, 292, 24, 53, 200, 1180, 
-868, -2391, -1522, 1629, 326, -1956, 102, 346, 34, 39, 185, 1161, 
-868, -2405, -1537, 1637, 334, -1971, 131, 419, 43, 29, 170, 1141, 
-868, -2415, -1546, 1642, 339, -1981, 156, 468, 53, 9, 161, 1127, 
-863, -2415, -1551, 1639, 344, -1983, 185, 517, 68, -4, 165, 1117, 
-854, -2415, -1561, 1634, 353, -1988, 200, 580, 82, -14, 156, 1107, 
-834, -2435, -1600, 1634, 383, -2017, 219, 653, 87, -34, 136, 1088, 
-814, -2435, -1620, 1625, 402, -2027, 258, 741, 112, -39, 141, 1083, 
-780, -2405, -1625, 1593, 422, -2015, 297, 829, 161, -14, 175, 1102, 
-746, -2376, -1629, 1561, 441, -2003, 326, 897, 195, 29, 219, 1122, 
-697, -2313, -1615, 1505, 458, -1964, 322, 893, 224, 78, 283, 1166, 
-668, -2200, -1532, 1434, 431, -1866, 273, 824, 258, 161, 366, 1249, 
-663, -2044, -1381, 1354, 358, -1712, 204, 668, 317, 273, 483, 1361, 
-683, -1844, -1161, 1263, 239, -1503, 97, 419, 361, 439, 639, 1517, 
-712, -1586, -873, 1149, 80, -1229, -58, 87, 414, 639, 834, 1722, 
-741, -1351, -610, 1046, -65, -980, -258, -248, 444, 844, 1019, 1908, 
-780, -1166, -385, 973, -197, -775, -453, -566, 458, 1000, 1180, 2064, 
-795, -1010, -214, 902, -290, -612, -649, -839, 458, 1132, 1312, 2196, 
-795, -922, -126, 858, -334, -524, -824, -1054, 463, 1224, 1400, 2283, 
-814, -902, -87, 858, -363, -495, -946, -1176, 448, 1259, 1449, 2313, 
-824, -956, -131, 890, -346, -544, -1015, -1234, 390, 1220, 1405, 2283, 
-829, -1098, -268, 963, -280, -683, -1034, -1239, 287, 1112, 1268, 2191, 
-858, -1302, -444, 1080, -207, -873, -1000, -1244, 136, 922, 1044, 2034, 
-927, -1561, -634, 1244, -146, -1098, -932, -1278, -39, 707, 766, 1854, 
-1000, -1795, -795, 1398, -102, -1295, -888, -1317, -229, 502, 517, 1683, 
-1029, -2015, -985, 1522, -21, -1500, -863, -1337, -390, 317, 302, 1522, 
-1019, -2210, -1190, 1615, 85, -1700, -834, -1263, -527, 156, 131, 1381, 
-1005, -2342, -1337, 1673, 165, -1839, -775, -1122, -595, 43, 24, 1273, 
-995, -2420, -1424, 1708, 214, -1922, -683, -956, -585, -4, -19, 1210, 
-1000, -2469, -1468, 1734, 234, -1969, -590, -790, -527, -34, -29, 1171, 
-995, -2498, -1503, 1747, 253, -2000, -507, -658, -468, -53, -29, 1141, 
-985, -2488, -1503, 1737, 258, -1995, -439, -541, -424, -58, -14, 1132, 
-961, -2459, -1498, 1710, 268, -1978, -356, -409, -361, -39, 9, 1141, 
-936, -2425, -1488, 1681, 275, -1956, -248, -263, -278, -19, 39, 1156, 
-917, -2400, -1483, 1659, 283, -1942, -170, -122, -219, -4, 68, 1171, 
-897, -2376, -1478, 1637, 290, -1927, -102, -14, -170, 0, 102, 1171, 
-878, -2361, -1483, 1620, 302, -1922, -43, 73, -126, 4, 126, 1171, 
-888, -2357, -1468, 1622, 290, -1912, -4, 126, -87, 9, 141, 1171, 
-883, -2337, -1454, 1610, 285, -1895, 0, 156, -63, 29, 161, 1180, 
-883, -2327, -1444, 1605, 280, -1886, 14, 170, -39, 48, 175, 1180, 
-878, -2327, -1449, 1603, 285, -1888, 24, 185, -29, 53, 180, 1190, 
-883, -2322, -1439, 1603, 278, -1881, 34, 190, -24, 58, 190, 1195, 
-878, -2313, -1434, 1595, 278, -1873, 29, 214, -19, 58, 180, 1205, 
-873, -2313, -1439, 1593, 283, -1876, 48, 234, -19, 58, 180, 1205, 
-868, -2313, -1444, 1590, 287, -1878, 63, 253, -19, 58, 180, 1200, 
-868, -2313, -1444, 1590, 287, -1878, 73, 253, -14, 58, 175, 1200, 
-868, -2318, -1449, 1593, 290, -1883, 78, 263, -19, 43, 175, 1195, 
-868, -2318, -1449, 1593, 290, -1883, 78, 263, -19, 43, 180, 1195, 
-873, -2318, -1444, 1595, 285, -1881, 78, 263, -14, 43, 180, 1195, 
-873, -2318, -1444, 1595, 285, -1881, 73, 263, -14, 43, 180, 1195, 
-863, -2327, -1464, 1595, 300, -1895, 78, 253, -9, 43, 180, 1195, 
-858, -2318, -1459, 1588, 300, -1888, 78, 253, -9, 43, 180, 1195, 
-858, -2318, -1459, 1588, 300, -1888, 82, 263, -9, 48, 185, 1195, 
-858, -2318, -1459, 1588, 300, -1888, 82, 268, -9, 48, 185, 1195, 
-858, -2308, -1449, 1583, 295, -1878, 92, 283, -14, 48, 185, 1200, 
-858, -2308, -1449, 1583, 295, -1878, 92, 283, -14, 48, 185, 1200, 
-858, -2308, -1449, 1583, 295, -1878, 92, 287, -14, 48, 185, 1200, 
-858, -2308, -1449, 1583, 295, -1878, 92, 287, -9, 48, 190, 1200, 
-858, -2303, -1444, 1581, 292, -1873, 82, 287, 0, 39, 180, 1190, 
-849, -2303, -1454, 1576, 302, -1878, 82, 287, 0, 43, 180, 1190, 
-849, -2303, -1454, 1576, 302, -1878, 82, 287, 4, 48, 180, 1190, 
-849, -2303, -1454, 1576, 302, -1878, 87, 292, 4, 48, 185, 1195, 
-858, -2298, -1439, 1578, 290, -1869, 97, 292, -4, 48, 195, 1195, 
-854, -2298, -1444, 1576, 295, -1871, 97, 292, 0, 48, 195, 1195, 
-854, -2288, -1434, 1571, 290, -1861, 97, 297, 0, 48, 195, 1195, 
-854, -2288, -1434, 1571, 290, -1861, 97, 297, 0, 48, 195, 1195, 
-844, -2298, -1454, 1571, 305, -1876, 107, 297, 0, 53, 185, 1200, 
-844, -2293, -1449, 1568, 302, -1871, 107, 302, 0, 53, 190, 1200, 
-844, -2293, -1449, 1568, 302, -1871, 107, 302, 4, 53, 195, 1200, 
-844, -2293, -1449, 1568, 302, -1871, 107, 307, 4, 58, 195, 1200, 
-844, -2293, -1449, 1568, 302, -1871, 107, 307, -4, 58, 200, 1200, 
-844, -2288, -1444, 1566, 300, -1866, 107, 317, 0, 53, 204, 1200, 
-844, -2288, -1444, 1566, 300, -1866, 112, 317, 0, 53, 204, 1205, 
-844, -2288, -1444, 1566, 300, -1866, 117, 317, 0, 63, 204, 1210, 
-849, -2278, -1429, 1564, 290, -1854, 107, 317, 4, 53, 214, 1210, 
-849, -2278, -1429, 1564, 290, -1854, 107, 322, 4, 53, 214, 1210, 
-849, -2274, -1424, 1561, 287, -1849, 102, 322, 9, 58, 209, 1210, 
-849, -2274, -1424, 1561, 287, -1849, 102, 331, 9, 58, 209, 1210, 
-849, -2278, -1429, 1564, 290, -1854, 112, 331, 9, 58, 214, 1210, 
-849, -2274, -1424, 1561, 287, -1849, 112, 331, 9, 63, 219, 1210, 
-849, -2269, -1420, 1559, 285, -1844, 112, 331, 9, 63, 224, 1215, 
-849, -2264, -1415, 1556, 283, -1839, 112, 336, 14, 63, 224, 1220, 
-849, -2274, -1424, 1561, 287, -1849, 112, 336, 14, 68, 229, 1220, 
-849, -2269, -1420, 1559, 285, -1844, 117, 336, 19, 68, 229, 1220, 
-849, -2269, -1420, 1559, 285, -1844, 117, 346, 19, 73, 229, 1224, 
-849, -2264, -1415, 1556, 283, -1839, 117, 346, 24, 73, 229, 1224, 
-844, -2254, -1410, 1549, 283, -1832, 117, 346, 24, 73, 224, 1224, 
-839, -2249, -1410, 1544, 285, -1830, 117, 351, 24, 68, 229, 1224, 
-839, -2249, -1410, 1544, 285, -1830, 117, 351, 24, 68, 229, 1224, 
-834, -2244, -1410, 1539, 287, -1827, 117, 361, 29, 73, 229, 1224, 
-834, -2254, -1420, 1544, 292, -1837, 117, 361, 29, 78, 244, 1229, 
-834, -2249, -1415, 1542, 290, -1832, 117, 366, 29, 78, 244, 1229, 
-834, -2239, -1405, 1537, 285, -1822, 117, 370, 34, 82, 244, 1229, 
-834, -2239, -1405, 1537, 285, -1822, 117, 375, 34, 82, 248, 1234, 
-834, -2239, -1405, 1537, 285, -1822, 126, 380, 39, 87, 239, 1239, 
-834, -2235, -1400, 1534, 283, -1817, 126, 385, 39, 87, 248, 1239, 
-834, -2230, -1395, 1532, 280, -1812, 126, 390, 39, 92, 248, 1239, 
-829, -2230, -1400, 1529, 285, -1815, 122, 395, 43, 92, 248, 1244, 
-814, -2220, -1405, 1517, 295, -1812, 112, 390, 43, 92, 248, 1244, 
-814, -2215, -1400, 1515, 292, -1808, 112, 400, 43, 97, 253, 1244, 
-814, -2210, -1395, 1512, 290, -1803, 117, 405, 48, 102, 263, 1249, 
-810, -2210, -1400, 1510, 295, -1805, 117, 414, 48, 102, 263, 1254, 
-819, -2205, -1385, 1512, 283, -1795, 126, 419, 43, 102, 273, 1259, 
-819, -2200, -1381, 1510, 280, -1790, 126, 429, 43, 102, 278, 1259, 
-814, -2196, -1381, 1505, 283, -1788, 122, 434, 48, 107, 278, 1259, 
-805, -2191, -1385, 1498, 290, -1788, 122, 448, 48, 107, 287, 1259, 
-800, -2186, -1385, 1493, 292, -1786, 126, 458, 58, 112, 283, 1259, 
-800, -2181, -1381, 1490, 290, -1781, 126, 463, 58, 117, 287, 1263, 
-800, -2171, -1371, 1485, 285, -1771, 126, 478, 63, 122, 292, 1268, 
-795, -2161, -1366, 1478, 285, -1764, 126, 492, 68, 126, 297, 1273, 
-790, -2152, -1361, 1471, 285, -1756, 126, 512, 82, 131, 302, 1273, 
-785, -2147, -1361, 1466, 287, -1754, 122, 522, 82, 136, 312, 1278, 
-780, -2142, -1361, 1461, 290, -1751, 122, 536, 82, 141, 312, 1288, 
-775, -2127, -1351, 1451, 287, -1739, 122, 551, 87, 146, 317, 1293, 
-771, -2127, -1356, 1449, 292, -1742, 126, 561, 92, 156, 322, 1302, 
-766, -2117, -1351, 1442, 292, -1734, 126, 580, 97, 161, 336, 1307, 
-761, -2103, -1342, 1432, 290, -1722, 126, 595, 107, 175, 346, 1317, 
-756, -2093, -1337, 1424, 290, -1715, 122, 610, 117, 180, 346, 1327, 
-756, -2074, -1317, 1415, 280, -1695, 107, 634, 112, 185, 366, 1337, 
-746, -2059, -1312, 1403, 283, -1686, 102, 649, 122, 200, 375, 1346, 
-746, -2049, -1302, 1398, 278, -1676, 97, 668, 126, 209, 385, 1356, 
-736, -2030, -1293, 1383, 278, -1661, 92, 683, 136, 224, 400, 1366, 
-717, -2015, -1298, 1366, 290, -1656, 92, 702, 146, 224, 414, 1371, 
-712, -2000, -1288, 1356, 287, -1644, 97, 717, 151, 239, 424, 1381, 
-702, -1986, -1283, 1344, 290, -1634, 97, 722, 161, 248, 434, 1395, 
-697, -1966, -1268, 1332, 285, -1617, 97, 736, 170, 263, 453, 1405, 
-692, -1952, -1259, 1322, 283, -1605, 82, 736, 175, 283, 453, 1415, 
-688, -1942, -1254, 1315, 283, -1598, 78, 751, 185, 287, 473, 1424, 
-683, -1932, -1249, 1307, 283, -1590, 73, 761, 195, 297, 483, 1434, 
-678, -1917, -1239, 1298, 280, -1578, 68, 771, 195, 317, 492, 1444, 
-678, -1903, -1224, 1290, 273, -1564, 68, 785, 200, 326, 517, 1464, 
-668, -1888, -1220, 1278, 275, -1554, 63, 790, 204, 336, 527, 1468, 
-663, -1873, -1210, 1268, 273, -1542, 58, 790, 214, 346, 536, 1478, 
-663, -1859, -1195, 1261, 265, -1527, 53, 790, 219, 356, 541, 1488, 
-653, -1854, -1200, 1254, 273, -1527, 58, 795, 234, 370, 551, 1498, 
-653, -1839, -1185, 1246, 265, -1512, 58, 795, 244, 380, 561, 1498, 
-649, -1830, -1180, 1239, 265, -1505, 53, 800, 244, 385, 566, 1503, 
-644, -1825, -1180, 1234, 268, -1503, 53, 800, 248, 390, 575, 1517, 
-629, -1805, -1176, 1217, 273, -1490, 43, 800, 253, 390, 575, 1517, 
-629, -1795, -1166, 1212, 268, -1481, 43, 800, 253, 390, 580, 1517, 
-629, -1790, -1161, 1210, 265, -1476, 34, 795, 258, 400, 595, 1522, 
-629, -1781, -1151, 1205, 261, -1466, 34, 790, 263, 405, 600, 1527, 
-629, -1781, -1151, 1205, 261, -1466, 34, 790, 268, 409, 614, 1537, 
-629, -1776, -1146, 1202, 258, -1461, 34, 780, 268, 414, 614, 1542, 
-629, -1771, -1141, 1200, 256, -1456, 34, 771, 268, 414, 614, 1551, 
-634, -1771, -1137, 1202, 251, -1454, 39, 756, 268, 414, 614, 1556, 
-634, -1761, -1127, 1198, 246, -1444, 34, 741, 258, 419, 619, 1556, 
-639, -1771, -1132, 1205, 246, -1451, 34, 727, 258, 414, 619, 1551, 
-644, -1776, -1132, 1210, 244, -1454, 34, 702, 258, 414, 614, 1546, 
-653, -1790, -1137, 1222, 241, -1464, 39, 688, 253, 405, 605, 1542, 
-663, -1790, -1127, 1227, 231, -1459, 34, 658, 253, 395, 595, 1542, 
-673, -1810, -1137, 1241, 231, -1473, 43, 639, 244, 385, 575, 1532, 
-683, -1820, -1137, 1251, 226, -1478, 53, 624, 234, 366, 566, 1512, 
-692, -1839, -1146, 1266, 226, -1493, 68, 610, 224, 356, 551, 1503, 
-702, -1859, -1156, 1281, 226, -1507, 78, 585, 209, 331, 536, 1478, 
-712, -1873, -1161, 1293, 224, -1517, 82, 570, 200, 312, 517, 1468, 
-722, -1898, -1176, 1310, 226, -1537, 87, 561, 195, 297, 502, 1459, 
-727, -1912, -1185, 1320, 229, -1549, 97, 541, 185, 283, 488, 1444, 
-732, -1937, -1205, 1334, 236, -1571, 102, 522, 170, 283, 468, 1444, 
-741, -1956, -1215, 1349, 236, -1586, 107, 507, 156, 268, 453, 1424, 
-751, -1971, -1220, 1361, 234, -1595, 112, 488, 151, 258, 439, 1415, 
-761, -1991, -1229, 1376, 234, -1610, 112, 478, 141, 244, 424, 1405, 
-766, -2005, -1239, 1385, 236, -1622, 107, 453, 126, 219, 409, 1385, 
-771, -2030, -1259, 1400, 244, -1644, 107, 439, 117, 209, 395, 1376, 
-775, -2049, -1273, 1412, 248, -1661, 112, 429, 112, 195, 385, 1366, 
-780, -2059, -1278, 1420, 248, -1668, 112, 414, 102, 190, 370, 1351, 
-790, -2069, -1278, 1429, 244, -1673, 102, 400, 92, 175, 361, 1356, 
-800, -2078, -1278, 1439, 239, -1678, 102, 385, 87, 170, 356, 1346, 
-805, -2093, -1288, 1449, 241, -1690, 102, 380, 82, 170, 356, 1342, 
-810, -2098, -1288, 1454, 239, -1693, 97, 370, 78, 161, 346, 1337, 
-810, -2103, -1293, 1456, 241, -1698, 107, 351, 63, 156, 336, 1332, 
-814, -2113, -1298, 1464, 241, -1705, 112, 346, 53, 151, 331, 1322, 
-814, -2122, -1307, 1468, 246, -1715, 112, 336, 48, 146, 322, 1317, 
-819, -2122, -1302, 1471, 241, -1712, 112, 331, 39, 136, 317, 1312, 
-824, -2137, -1312, 1481, 244, -1725, 97, 317, 34, 122, 312, 1298, 
-829, -2137, -1307, 1483, 239, -1722, 97, 317, 34, 117, 312, 1298, 
-829, -2142, -1312, 1485, 241, -1727, 97, 312, 29, 117, 312, 1293, 
-824, -2147, -1322, 1485, 248, -1734, 97, 302, 29, 117, 307, 1293, 
-824, -2152, -1327, 1488, 251, -1739, 97, 297, 24, 112, 297, 1288, 
-824, -2156, -1332, 1490, 253, -1744, 97, 287, 24, 112, 292, 1288, 
-824, -2156, -1332, 1490, 253, -1744, 92, 287, 19, 112, 292, 1288, 
-824, -2161, -1337, 1493, 256, -1749, 92, 283, 19, 112, 292, 1283, 
-824, -2171, -1346, 1498, 261, -1759, 92, 283, 19, 112, 287, 1283, 
-824, -2176, -1351, 1500, 263, -1764, 92, 278, 19, 107, 283, 1278, 
-824, -2176, -1351, 1500, 263, -1764, 92, 273, 9, 107, 283, 1278, 
-824, -2171, -1346, 1498, 261, -1759, 92, 273, 9, 107, 287, 1278, 
-834, -2181, -1346, 1507, 256, -1764, 92, 273, 0, 117, 287, 1283, 
-834, -2181, -1346, 1507, 256, -1764, 92, 273, 0, 117, 287, 1283, 
-834, -2181, -1346, 1507, 256, -1764, 92, 268, 0, 112, 287, 1283, 
-834, -2181, -1346, 1507, 256, -1764, 92, 268, 0, 112, 287, 1283, 
-824, -2181, -1356, 1503, 265, -1769, 82, 268, 0, 107, 283, 1283, 
-834, -2181, -1346, 1507, 256, -1764, 82, 268, 0, 107, 283, 1278, 
-834, -2181, -1346, 1507, 256, -1764, 82, 263, 0, 107, 287, 1278, 
-834, -2181, -1346, 1507, 256, -1764, 82, 263, 0, 107, 287, 1278, 
-829, -2181, -1351, 1505, 261, -1766, 92, 263, 0, 107, 287, 1268, 
-829, -2181, -1351, 1505, 261, -1766, 92, 263, 0, 107, 287, 1273, 
-829, -2181, -1351, 1505, 261, -1766, 92, 263, 0, 107, 287, 1273, 
-829, -2176, -1346, 1503, 258, -1761, 92, 268, 0, 107, 287, 1268, 
-824, -2176, -1351, 1500, 263, -1764, 92, 258, 0, 107, 287, 1278, 
-824, -2176, -1351, 1500, 263, -1764, 92, 258, 0, 112, 292, 1278, 
-824, -2176, -1351, 1500, 263, -1764, 92, 258, 0, 112, 292, 1278, 
-824, -2176, -1351, 1500, 263, -1764, 92, 263, 0, 112, 292, 1278, 
-824, -2166, -1342, 1495, 258, -1754, 82, 273, 0, 102, 292, 1283, 
-824, -2166, -1342, 1495, 258, -1754, 82, 273, 0, 102, 292, 1283, 
-824, -2161, -1337, 1493, 256, -1749, 82, 273, 4, 102, 292, 1283, 
-824, -2161, -1337, 1493, 256, -1749, 82, 273, 4, 102, 292, 1283, 
-824, -2171, -1346, 1498, 261, -1759, 92, 273, 4, 112, 292, 1283, 
-824, -2171, -1346, 1498, 261, -1759, 92, 273, 0, 112, 297, 1283, 
-824, -2171, -1346, 1498, 261, -1759, 92, 273, 0, 112, 297, 1283, 
-824, -2166, -1342, 1495, 258, -1754, 87, 273, 4, 112, 297, 1283, 
-824, -2166, -1342, 1495, 258, -1754, 87, 273, 14, 117, 302, 1288, 
-824, -2166, -1342, 1495, 258, -1754, 87, 273, 14, 117, 302, 1288, 
-824, -2166, -1342, 1495, 258, -1754, 87, 273, 14, 117, 302, 1293, 
-824, -2166, -1342, 1495, 258, -1754, 87, 283, 14, 117, 302, 1293, 
-819, -2166, -1346, 1493, 263, -1756, 87, 283, 9, 117, 302, 1293, 
-819, -2161, -1342, 1490, 261, -1751, 87, 283, 9, 122, 302, 1293, 
-819, -2156, -1337, 1488, 258, -1747, 87, 283, 9, 122, 302, 1293, 
-819, -2156, -1337, 1488, 258, -1747, 87, 283, 9, 122, 302, 1293, 
-810, -2156, -1346, 1483, 268, -1751, 87, 283, 24, 122, 302, 1298, 
-810, -2156, -1346, 1483, 268, -1751, 92, 283, 24, 122, 307, 1298, 
-810, -2152, -1342, 1481, 265, -1747, 92, 283, 24, 126, 307, 1298, 
-810, -2147, -1337, 1478, 263, -1742, 92, 283, 24, 126, 307, 1298, 
-810, -2147, -1337, 1478, 263, -1742, 92, 283, 24, 117, 307, 1288, 
-810, -2147, -1337, 1478, 263, -1742, 92, 283, 24, 117, 307, 1293, 
-810, -2147, -1337, 1478, 263, -1742, 92, 283, 19, 117, 307, 1293, 
-805, -2147, -1342, 1476, 268, -1744, 92, 283, 19, 117, 312, 1293, 
-814, -2147, -1332, 1481, 258, -1739, 92, 283, 29, 126, 312, 1293, 
-819, -2142, -1322, 1481, 251, -1732, 92, 283, 29, 126, 317, 1293, 
-819, -2142, -1322, 1481, 251, -1732, 92, 283, 29, 126, 317, 1293, 
-814, -2142, -1327, 1478, 256, -1734, 92, 283, 29, 126, 312, 1288, 
-814, -2142, -1327, 1478, 256, -1734, 92, 273, 29, 131, 302, 1288, 
-814, -2137, -1322, 1476, 253, -1729, 92, 273, 29, 131, 307, 1288, 
-814, -2137, -1322, 1476, 253, -1729, 92, 273, 29, 131, 307, 1288, 
-814, -2137, -1322, 1476, 253, -1729, 92, 273, 29, 131, 307, 1288, 
-805, -2137, -1332, 1471, 263, -1734, 92, 273, 34, 131, 307, 1288, 
-805, -2137, -1332, 1471, 263, -1734, 92, 278, 34, 131, 302, 1288, 
-805, -2137, -1332, 1471, 263, -1734, 92, 278, 34, 131, 302, 1293, 
-805, -2137, -1332, 1471, 263, -1734, 92, 273, 34, 131, 307, 1293, 
-814, -2137, -1322, 1476, 253, -1729, 92, 273, 24, 131, 317, 1302, 
-814, -2137, -1322, 1476, 253, -1729, 92, 273, 24, 131, 312, 1302, 
-814, -2137, -1322, 1476, 253, -1729, 92, 273, 24, 131, 312, 1302, 
-814, -2137, -1322, 1476, 253, -1729, 92, 273, 24, 131, 312, 1298, 
-805, -2137, -1332, 1471, 263, -1734, 102, 273, 29, 131, 312, 1298, 
-805, -2137, -1332, 1471, 263, -1734, 102, 273, 29, 131, 312, 1298, 
-805, -2137, -1332, 1471, 263, -1734, 102, 273, 29, 131, 312, 1298, 
-805, -2137, -1332, 1471, 263, -1734, 102, 273, 29, 131, 312, 1298, 
-805, -2137, -1332, 1471, 263, -1734, 102, 273, 29, 131, 312, 1288, 
-805, -2137, -1332, 1471, 263, -1734, 102, 273, 29, 131, 312, 1288, 
-805, -2137, -1332, 1471, 263, -1734, 102, 273, 29, 126, 312, 1288, 
-805, -2137, -1332, 1471, 263, -1734, 102, 273, 29, 126, 312, 1288, 
-805, -2142, -1337, 1473, 265, -1739, 92, 263, 19, 117, 302, 1288, 
-805, -2142, -1337, 1473, 265, -1739, 92, 263, 19, 117, 302, 1288, 
-805, -2142, -1337, 1473, 265, -1739, 92, 263, 19, 117, 302, 1288, 
-805, -2142, -1337, 1473, 265, -1739, 92, 263, 19, 117, 302, 1288, 
-814, -2142, -1327, 1478, 256, -1734, 92, 263, 24, 117, 292, 1288, 
-814, -2142, -1327, 1478, 256, -1734, 92, 263, 19, 117, 292, 1283, 
-814, -2142, -1327, 1478, 256, -1734, 92, 263, 19, 117, 287, 1283, 
-814, -2142, -1327, 1478, 256, -1734, 92, 263, 19, 117, 287, 1283, 
-814, -2152, -1337, 1483, 261, -1744, 92, 263, 9, 107, 292, 1283, 
-814, -2152, -1337, 1483, 261, -1744, 92, 263, 9, 107, 292, 1283, 
-814, -2152, -1337, 1483, 261, -1744, 92, 263, 4, 107, 292, 1283, 
-814, -2152, -1337, 1483, 261, -1744, 97, 258, 4, 107, 292, 1283, 
-814, -2156, -1342, 1485, 263, -1749, 97, 263, 4, 107, 283, 1283, 
-814, -2156, -1342, 1485, 263, -1749, 97, 263, 4, 107, 283, 1283, 
-814, -2156, -1342, 1485, 263, -1749, 97, 263, 4, 107, 283, 1283, 
-814, -2156, -1342, 1485, 263, -1749, 97, 263, 4, 107, 283, 1283, 
-805, -2156, -1351, 1481, 273, -1754, 87, 263, 14, 107, 273, 1283, 
-805, -2156, -1351, 1481, 273, -1754, 87, 263, 14, 107, 273, 1278, 
-805, -2156, -1351, 1481, 273, -1754, 87, 263, 14, 102, 273, 1278, 
-805, -2156, -1351, 1481, 273, -1754, 87, 258, 14, 102, 273, 1278, 
-814, -2166, -1351, 1490, 268, -1759, 87, 258, 9, 102, 283, 1278, 
-814, -2166, -1351, 1490, 268, -1759, 92, 258, 4, 102, 278, 1278, 
-814, -2166, -1351, 1490, 268, -1759, 92, 258, 4, 102, 278, 1273, 
-814, -2166, -1351, 1490, 268, -1759, 92, 258, 4, 102, 278, 1273, 
-805, -2166, -1361, 1485, 278, -1764, 92, 258, 0, 102, 278, 1273, 
-805, -2176, -1371, 1490, 283, -1773, 92, 258, 0, 102, 278, 1273, 
-805, -2176, -1371, 1490, 283, -1773, 92, 253, 0, 102, 278, 1268, 
-805, -2171, -1366, 1488, 280, -1769, 92, 253, -4, 102, 278, 1268, 
-814, -2171, -1356, 1493, 270, -1764, 92, 263, -4, 92, 278, 1268, 
-814, -2171, -1356, 1493, 270, -1764, 92, 258, -4, 92, 278, 1268, 
-814, -2171, -1356, 1493, 270, -1764, 92, 258, -4, 92, 278, 1268, 
-814, -2171, -1356, 1493, 270, -1764, 97, 258, -4, 97, 278, 1268, 
-814, -2176, -1361, 1495, 273, -1769, 97, 258, -4, 102, 278, 1268, 
-814, -2176, -1361, 1495, 273, -1769, 97, 253, -4, 97, 278, 1268, 
-814, -2176, -1361, 1495, 273, -1769, 97, 253, -4, 102, 278, 1268, 
-814, -2176, -1361, 1495, 273, -1769, 97, 253, -4, 107, 278, 1268, 
-814, -2186, -1371, 1500, 278, -1778, 87, 244, -4, 97, 283, 1273, 
-814, -2186, -1371, 1500, 278, -1778, 87, 244, -4, 97, 283, 1268, 
-814, -2186, -1371, 1500, 278, -1778, 87, 244, -4, 97, 283, 1268, 
-814, -2186, -1371, 1500, 278, -1778, 87, 244, -4, 97, 283, 1273, 
-814, -2176, -1361, 1495, 273, -1769, 92, 239, 0, 97, 273, 1273, 
-814, -2176, -1361, 1495, 273, -1769, 92, 239, -4, 97, 273, 1268, 
-814, -2176, -1361, 1495, 273, -1769, 92, 234, -4, 97, 273, 1259, 
-814, -2176, -1361, 1495, 273, -1769, 92, 234, -4, 97, 273, 1254, 
-814, -2186, -1371, 1500, 278, -1778, 92, 244, -9, 97, 273, 1263, 
-814, -2186, -1371, 1500, 278, -1778, 92, 239, -9, 97, 273, 1263, 
-814, -2186, -1371, 1500, 278, -1778, 92, 239, -14, 97, 273, 1263, 
-814, -2186, -1371, 1500, 278, -1778, 92, 239, -14, 97, 273, 1263, 
-814, -2176, -1361, 1495, 273, -1769, 87, 239, -4, 87, 273, 1254, 
-814, -2171, -1356, 1493, 270, -1764, 87, 239, -4, 87, 268, 1254, 
-814, -2171, -1356, 1493, 270, -1764, 87, 239, -4, 87, 268, 1254, 
-814, -2171, -1356, 1493, 270, -1764, 82, 239, -4, 87, 268, 1249, 
-814, -2171, -1356, 1493, 270, -1764, 82, 229, -14, 82, 268, 1249, 
-814, -2181, -1366, 1498, 275, -1773, 92, 239, -4, 92, 268, 1254, 
-814, -2181, -1366, 1498, 275, -1773, 92, 239, 4, 97, 268, 1263, 
-810, -2176, -1366, 1493, 278, -1771, 87, 234, 0, 97, 263, 1259, 
-810, -2176, -1366, 1493, 278, -1771, 87, 234, -9, 97, 263, 1259, 
-810, -2176, -1366, 1493, 278, -1771, 87, 234, -9, 97, 263, 1259, 
-810, -2176, -1366, 1493, 278, -1771, 87, 234, -9, 97, 263, 1259, 
-810, -2176, -1366, 1493, 278, -1771, 87, 234, -9, 97, 263, 1259, 
-819, -2176, -1356, 1498, 268, -1766, 78, 234, -9, 87, 263, 1259, 
-819, -2176, -1356, 1498, 268, -1766, 82, 234, -9, 87, 263, 1259, 
-819, -2176, -1356, 1498, 268, -1766, 82, 234, -9, 92, 263, 1259, 
-819, -2176, -1356, 1498, 268, -1766, 82, 234, -9, 92, 263, 1259, 
-810, -2171, -1361, 1490, 275, -1766, 87, 234, -9, 92, 263, 1249, 
-810, -2171, -1361, 1490, 275, -1766, 87, 234, -9, 92, 263, 1249, 
-810, -2171, -1361, 1490, 275, -1766, 87, 234, -9, 87, 263, 1249, 
-810, -2171, -1361, 1490, 275, -1766, 87, 239, -9, 87, 258, 1249, 
-810, -2171, -1361, 1490, 275, -1766, 78, 229, 0, 97, 258, 1249, 
-810, -2171, -1361, 1490, 275, -1766, 82, 229, 0, 102, 258, 1249, 
-810, -2171, -1361, 1490, 275, -1766, 82, 229, 4, 102, 258, 1249, 
-810, -2171, -1361, 1490, 275, -1766, 82, 229, 4, 102, 263, 1249, 
-819, -2171, -1351, 1495, 265, -1761, 92, 239, 4, 102, 273, 1259, 
-814, -2171, -1356, 1493, 270, -1764, 92, 239, 4, 102, 273, 1263, 
-814, -2161, -1346, 1488, 265, -1754, 97, 244, 9, 107, 278, 1268, 
-810, -2152, -1342, 1481, 265, -1747, 107, 258, 14, 117, 283, 1268, 
-810, -2137, -1327, 1473, 258, -1732, 112, 253, 24, 122, 292, 1268, 
-805, -2127, -1322, 1466, 258, -1725, 117, 258, 29, 126, 292, 1278, 
-800, -2113, -1312, 1456, 256, -1712, 122, 263, 34, 131, 297, 1283, 
-800, -2113, -1312, 1456, 256, -1712, 131, 273, 43, 136, 302, 1288, 
-790, -2088, -1298, 1439, 253, -1693, 126, 278, 53, 131, 312, 1283, 
-785, -2078, -1293, 1432, 253, -1686, 141, 283, 58, 141, 322, 1288, 
-780, -2069, -1288, 1424, 253, -1678, 146, 292, 73, 156, 326, 1293, 
-780, -2054, -1273, 1417, 246, -1664, 151, 302, 78, 156, 336, 1302, 
-775, -2059, -1283, 1417, 253, -1671, 141, 302, 78, 146, 336, 1307, 
-775, -2054, -1278, 1415, 251, -1666, 141, 307, 82, 151, 336, 1307, 
-775, -2054, -1278, 1415, 251, -1666, 146, 307, 82, 151, 341, 1307, 
-780, -2054, -1273, 1417, 246, -1664, 151, 312, 87, 151, 341, 1312, 
-780, -2049, -1268, 1415, 244, -1659, 151, 302, 78, 151, 331, 1302, 
-780, -2044, -1263, 1412, 241, -1654, 151, 302, 82, 151, 341, 1302, 
-780, -2039, -1259, 1410, 239, -1649, 151, 302, 87, 161, 341, 1302, 
-780, -2034, -1254, 1407, 236, -1644, 146, 297, 92, 165, 346, 1312, 
-780, -2034, -1254, 1407, 236, -1644, 141, 292, 92, 170, 346, 1317, 
-785, -2025, -1239, 1405, 226, -1632, 141, 292, 97, 175, 351, 1322, 
-785, -2020, -1234, 1403, 224, -1627, 136, 287, 97, 175, 351, 1322, 
-785, -2020, -1234, 1403, 224, -1627, 131, 278, 97, 180, 356, 1327, 
-780, -2010, -1229, 1395, 224, -1620, 122, 283, 97, 190, 356, 1342, 
-771, -1995, -1224, 1383, 226, -1610, 117, 278, 97, 195, 366, 1342, 
-766, -1981, -1215, 1373, 224, -1598, 107, 278, 107, 200, 370, 1346, 
-766, -1981, -1215, 1373, 224, -1598, 97, 273, 97, 204, 370, 1351, 
-761, -1976, -1215, 1368, 226, -1595, 82, 263, 92, 195, 356, 1346, 
-761, -1986, -1224, 1373, 231, -1605, 78, 253, 87, 190, 351, 1337, 
-761, -1991, -1229, 1376, 234, -1610, 73, 244, 82, 185, 351, 1327, 
-751, -1991, -1239, 1371, 244, -1615, 73, 239, 78, 185, 351, 1322, 
-746, -1991, -1244, 1368, 248, -1617, 68, 248, 78, 185, 356, 1332, 
-741, -1991, -1249, 1366, 253, -1620, 63, 248, 78, 185, 356, 1332, 
-741, -1995, -1254, 1368, 256, -1625, 58, 239, 68, 180, 351, 1332, 
-746, -2005, -1259, 1376, 256, -1632, 48, 224, 58, 175, 341, 1327, 
-746, -2030, -1283, 1388, 268, -1656, 39, 209, 39, 165, 322, 1302, 
-746, -2049, -1302, 1398, 278, -1676, 39, 204, 24, 156, 307, 1302, 
-751, -2059, -1307, 1405, 278, -1683, 39, 204, 14, 141, 297, 1293, 
-771, -2078, -1307, 1424, 268, -1693, 43, 209, 14, 136, 292, 1288, 
-785, -2103, -1317, 1444, 265, -1710, 53, 209, 24, 131, 287, 1273, 
-800, -2122, -1322, 1461, 261, -1722, 58, 214, 24, 122, 283, 1263, 
-810, -2147, -1337, 1478, 263, -1742, 68, 214, 14, 112, 268, 1254, 
-810, -2166, -1356, 1488, 273, -1761, 68, 209, 4, 97, 263, 1239, 
-810, -2161, -1351, 1485, 270, -1756, 68, 200, 0, 92, 253, 1224, 
-814, -2171, -1356, 1493, 270, -1764, 68, 200, -4, 87, 253, 1220, 
-814, -2181, -1366, 1498, 275, -1773, 63, 200, -9, 87, 244, 1220, 
-814, -2181, -1366, 1498, 275, -1773, 63, 195, -14, 82, 239, 1215, 
-814, -2186, -1371, 1500, 278, -1778, 63, 195, -14, 82, 239, 1215, 
-810, -2186, -1376, 1498, 283, -1781, 58, 195, -14, 78, 239, 1210, 
-810, -2196, -1385, 1503, 287, -1790, 58, 195, -19, 73, 234, 1205, 
-810, -2200, -1390, 1505, 290, -1795, 58, 185, -24, 68, 229, 1200, 
-810, -2215, -1405, 1512, 297, -1810, 58, 185, -19, 78, 224, 1205, 
-810, -2215, -1405, 1512, 297, -1810, 58, 185, -24, 73, 224, 1200, 
-810, -2220, -1410, 1515, 300, -1815, 58, 180, -24, 73, 224, 1200, 
-810, -2220, -1410, 1515, 300, -1815, 58, 180, -19, 73, 224, 1205, 
-810, -2220, -1410, 1515, 300, -1815, 58, 180, -29, 68, 224, 1195, 
-810, -2220, -1410, 1515, 300, -1815, 58, 185, -29, 68, 224, 1195, 
-810, -2220, -1410, 1515, 300, -1815, 58, 185, -29, 68, 224, 1195, 
-810, -2220, -1410, 1515, 300, -1815, 58, 185, -29, 68, 224, 1200, 
-810, -2210, -1400, 1510, 295, -1805, 48, 185, -29, 68, 229, 1200, 
-810, -2215, -1405, 1512, 297, -1810, 48, 185, -29, 68, 229, 1200, 
-810, -2215, -1405, 1512, 297, -1810, 48, 190, -29, 73, 229, 1195, 
-810, -2215, -1405, 1512, 297, -1810, 48, 190, -29, 73, 229, 1195, 
-819, -2220, -1400, 1520, 290, -1810, 58, 190, -19, 73, 239, 1205, 
-819, -2220, -1400, 1520, 290, -1810, 58, 190, -19, 78, 239, 1205, 
-805, -2220, -1415, 1512, 305, -1817, 58, 190, -14, 68, 239, 1205, 
-805, -2225, -1420, 1515, 307, -1822, 73, 209, -14, 73, 234, 1190, 
-805, -2249, -1444, 1527, 319, -1847, 87, 234, -14, 63, 224, 1180, 
-800, -2269, -1468, 1534, 334, -1869, 102, 302, -4, 43, 209, 1161, 
-800, -2283, -1483, 1542, 341, -1883, 122, 366, -4, 29, 195, 1141, 
-800, -2278, -1478, 1539, 339, -1878, 151, 419, 14, 19, 190, 1132, 
-790, -2288, -1498, 1539, 353, -1893, 175, 478, 24, 19, 190, 1117, 
-775, -2288, -1512, 1532, 368, -1900, 204, 546, 39, 4, 185, 1107, 
-756, -2308, -1551, 1532, 397, -1930, 229, 619, 43, -14, 175, 1098, 
-727, -2308, -1581, 1517, 427, -1944, 258, 702, 78, -24, 185, 1088, 
-697, -2278, -1581, 1488, 441, -1930, 307, 800, 131, 9, 219, 1102, 
-663, -2239, -1576, 1451, 456, -1908, 336, 858, 170, 43, 263, 1122, 
-619, -2181, -1561, 1400, 470, -1871, 307, 849, 195, 97, 317, 1161, 
-600, -2069, -1468, 1334, 434, -1769, 263, 785, 234, 185, 409, 1254, 
-600, -1908, -1307, 1254, 353, -1607, 214, 658, 297, 317, 541, 1376, 
-624, -1693, -1068, 1159, 222, -1381, 126, 424, 375, 488, 707, 1546, 
-653, -1424, -771, 1039, 58, -1098, -19, 97, 429, 692, 912, 1742, 
-683, -1195, -512, 939, -85, -854, -204, -244, 453, 883, 1088, 1927, 
-722, -1019, -297, 871, -212, -658, -395, -551, 453, 1039, 1234, 2074, 
-732, -883, -151, 807, -290, -517, -580, -839, 448, 1166, 1356, 2200, 
-736, -805, -68, 771, -334, -436, -736, -1073, 458, 1249, 1439, 2283, 
-766, -795, -29, 780, -368, -412, -854, -1190, 453, 1273, 1468, 2313, 
-775, -873, -97, 824, -339, -485, -927, -1234, 390, 1229, 1420, 2264, 
-785, -1024, -239, 905, -273, -631, -976, -1254, 263, 1102, 1278, 2156, 
-819, -1244, -424, 1032, -197, -834, -946, -1288, 92, 897, 1034, 1995, 
-897, -1488, -590, 1193, -153, -1039, -883, -1332, -78, 678, 761, 1810, 
-956, -1708, -751, 1332, -102, -1229, -854, -1356, -244, 483, 522, 1649, 
-971, -1922, -951, 1446, -9, -1437, -829, -1356, -405, 307, 322, 1488, 
-961, -2103, -1141, 1532, 90, -1622, -795, -1288, -527, 170, 165, 1356, 
-951, -2230, -1278, 1590, 163, -1754, -736, -1146, -585, 68, 63, 1254, 
-946, -2322, -1376, 1634, 214, -1849, -649, -966, -566, 4, 14, 1185, 
-946, -2381, -1434, 1664, 244, -1908, -546, -800, -527, -34, 0, 1141, 
-941, -2420, -1478, 1681, 268, -1949, -473, -683, -478, -43, 0, 1112, 
-927, -2420, -1493, 1673, 283, -1956, -409, -580, -439, -43, 9, 1112, 
-907, -2381, -1473, 1644, 283, -1927, -351, -463, -375, -39, 34, 1112, 
-873, -2342, -1468, 1607, 297, -1905, -278, -312, -312, -19, 78, 1112, 
-839, -2308, -1468, 1573, 314, -1888, -180, -175, -248, 0, 107, 1127, 
-810, -2283, -1473, 1546, 331, -1878, -102, -53, -190, 24, 136, 1141, 
-800, -2278, -1478, 1539, 339, -1878, -43, 34, -141, 29, 151, 1151, 
-810, -2264, -1454, 1537, 322, -1859, -4, 73, -107, 43, 165, 1141, 
-810, -2249, -1439, 1529, 314, -1844, 14, 97, -78, 58, 180, 1151, 
-814, -2249, -1434, 1532, 309, -1842, 19, 117, -53, 68, 200, 1171, 
-824, -2239, -1415, 1532, 295, -1827, 34, 131, -29, 78, 214, 1180, 
-819, -2230, -1410, 1525, 295, -1820, 34, 146, -29, 82, 219, 1180, 
-814, -2215, -1400, 1515, 292, -1808, 34, 170, -34, 78, 219, 1176, 
-810, -2205, -1395, 1507, 292, -1800, 39, 195, -29, 78, 209, 1166, 
-805, -2205, -1400, 1505, 297, -1803, 58, 214, -29, 78, 209, 1166, 
-800, -2205, -1405, 1503, 302, -1805, 73, 234, -29, 78, 209, 1161, 
-800, -2205, -1405, 1503, 302, -1805, 82, 234, -24, 78, 204, 1161, 
-790, -2220, -1429, 1505, 319, -1825, 78, 229, -19, 73, 214, 1166, 
-790, -2220, -1429, 1505, 319, -1825, 78, 224, -19, 73, 219, 1166, 
-795, -2220, -1424, 1507, 314, -1822, 78, 219, -14, 73, 219, 1166, 
-795, -2220, -1424, 1507, 314, -1822, 73, 214, -14, 73, 219, 1166, 
-795, -2210, -1415, 1503, 309, -1812, 68, 214, -9, 73, 219, 1166, 
-790, -2200, -1410, 1495, 309, -1805, 68, 214, -9, 73, 219, 1166, 
-790, -2200, -1410, 1495, 309, -1805, 73, 224, -9, 78, 224, 1166, 
-790, -2200, -1410, 1495, 309, -1805, 73, 229, -9, 78, 224, 1166, 
-790, -2200, -1410, 1495, 309, -1805, 82, 234, -4, 78, 214, 1161, 
-790, -2200, -1410, 1495, 309, -1805, 82, 234, -4, 78, 214, 1161, 
-790, -2200, -1410, 1495, 309, -1805, 82, 239, -4, 78, 214, 1161, 
-790, -2200, -1410, 1495, 309, -1805, 82, 239, 0, 78, 219, 1161, 
-800, -2196, -1395, 1498, 297, -1795, 82, 239, 0, 78, 209, 1171, 
-790, -2196, -1405, 1493, 307, -1800, 82, 239, 0, 82, 209, 1171, 
-790, -2196, -1405, 1493, 307, -1800, 82, 239, 4, 87, 209, 1171, 
-790, -2196, -1405, 1493, 307, -1800, 87, 244, 4, 87, 214, 1176, 
-790, -2191, -1400, 1490, 305, -1795, 87, 244, 4, 87, 219, 1166, 
-785, -2191, -1405, 1488, 309, -1798, 87, 244, 9, 87, 224, 1166, 
-785, -2181, -1395, 1483, 305, -1788, 87, 248, 9, 87, 229, 1166, 
-785, -2181, -1395, 1483, 305, -1788, 87, 248, 9, 87, 234, 1166, 
-785, -2181, -1395, 1483, 305, -1788, 87, 258, 9, 92, 224, 1171, 
-785, -2176, -1390, 1481, 302, -1783, 87, 263, 9, 92, 229, 1171, 
-785, -2176, -1390, 1481, 302, -1783, 87, 263, 14, 92, 234, 1171, 
-785, -2176, -1390, 1481, 302, -1783, 87, 268, 14, 97, 234, 1171, 
-785, -2176, -1390, 1481, 302, -1783, 87, 258, 24, 97, 239, 1171, 
-785, -2171, -1385, 1478, 300, -1778, 87, 268, 29, 92, 244, 1171, 
-785, -2171, -1385, 1478, 300, -1778, 92, 268, 29, 92, 244, 1176, 
-785, -2171, -1385, 1478, 300, -1778, 97, 268, 29, 102, 244, 1180, 
-780, -2171, -1390, 1476, 305, -1781, 87, 258, 34, 102, 244, 1180, 
-780, -2171, -1390, 1476, 305, -1781, 87, 263, 34, 102, 244, 1180, 
-780, -2166, -1385, 1473, 302, -1776, 82, 263, 39, 107, 239, 1180, 
-780, -2166, -1385, 1473, 302, -1776, 82, 273, 39, 107, 239, 1180, 
-771, -2171, -1400, 1471, 314, -1786, 82, 283, 39, 107, 244, 1171, 
-771, -2166, -1395, 1468, 312, -1781, 82, 283, 39, 112, 248, 1171, 
-771, -2161, -1390, 1466, 309, -1776, 82, 283, 39, 112, 253, 1176, 
-771, -2156, -1385, 1464, 307, -1771, 82, 287, 43, 112, 253, 1180, 
-771, -2156, -1385, 1464, 307, -1771, 82, 287, 43, 126, 258, 1171, 
-771, -2152, -1381, 1461, 305, -1766, 87, 287, 48, 126, 258, 1171, 
-771, -2152, -1381, 1461, 305, -1766, 87, 297, 48, 131, 258, 1176, 
-771, -2147, -1376, 1459, 302, -1761, 87, 297, 53, 131, 258, 1176, 
-775, -2147, -1371, 1461, 297, -1759, 87, 307, 53, 141, 263, 1185, 
-771, -2142, -1371, 1456, 300, -1756, 87, 312, 53, 136, 268, 1185, 
-771, -2142, -1371, 1456, 300, -1756, 87, 312, 53, 136, 268, 1185, 
-766, -2137, -1371, 1451, 302, -1754, 87, 322, 58, 141, 268, 1185, 
-766, -2137, -1371, 1451, 302, -1754, 87, 312, 68, 136, 263, 1200, 
-766, -2132, -1366, 1449, 300, -1749, 87, 317, 68, 136, 263, 1200, 
-766, -2122, -1356, 1444, 295, -1739, 87, 322, 73, 141, 263, 1200, 
-766, -2122, -1356, 1444, 295, -1739, 87, 326, 73, 141, 268, 1205, 
-766, -2132, -1366, 1449, 300, -1749, 87, 331, 78, 146, 268, 1200, 
-766, -2127, -1361, 1446, 297, -1744, 87, 336, 78, 146, 278, 1200, 
-766, -2122, -1356, 1444, 295, -1739, 87, 341, 78, 151, 278, 1200, 
-761, -2122, -1361, 1442, 300, -1742, 82, 346, 82, 151, 278, 1205, 
-756, -2122, -1366, 1439, 305, -1744, 82, 361, 82, 151, 278, 1205, 
-756, -2117, -1361, 1437, 302, -1739, 82, 370, 82, 156, 283, 1205, 
-756, -2113, -1356, 1434, 300, -1734, 87, 375, 87, 161, 292, 1210, 
-751, -2113, -1361, 1432, 305, -1737, 87, 385, 87, 161, 292, 1215, 
-751, -2098, -1346, 1424, 297, -1722, 87, 390, 92, 170, 302, 1220, 
-751, -2093, -1342, 1422, 295, -1717, 87, 400, 92, 170, 307, 1220, 
-746, -2088, -1342, 1417, 297, -1715, 82, 405, 97, 175, 307, 1220, 
-736, -2083, -1346, 1410, 305, -1715, 82, 419, 97, 175, 317, 1220, 
-732, -2078, -1346, 1405, 307, -1712, 82, 429, 107, 190, 322, 1229, 
-732, -2074, -1342, 1403, 305, -1708, 78, 434, 107, 195, 326, 1234, 
-732, -2064, -1332, 1398, 300, -1698, 73, 448, 112, 200, 331, 1239, 
-727, -2054, -1327, 1390, 300, -1690, 68, 463, 117, 204, 336, 1244, 
-712, -2044, -1332, 1378, 309, -1688, 78, 473, 131, 209, 331, 1234, 
-707, -2039, -1332, 1373, 312, -1686, 73, 483, 131, 214, 341, 1239, 
-702, -2034, -1332, 1368, 314, -1683, 73, 497, 131, 219, 341, 1249, 
-697, -2020, -1322, 1359, 312, -1671, 73, 512, 136, 224, 346, 1254, 
-692, -2010, -1317, 1351, 312, -1664, 68, 522, 151, 234, 361, 1263, 
-688, -2000, -1312, 1344, 312, -1656, 68, 541, 156, 239, 375, 1268, 
-683, -1986, -1302, 1334, 309, -1644, 68, 556, 165, 253, 385, 1278, 
-678, -1976, -1298, 1327, 309, -1637, 63, 570, 175, 258, 385, 1288, 
-668, -1966, -1298, 1317, 314, -1632, 48, 585, 180, 263, 405, 1288, 
-658, -1952, -1293, 1305, 317, -1622, 43, 600, 190, 278, 414, 1298, 
-658, -1942, -1283, 1300, 312, -1612, 39, 619, 195, 287, 424, 1307, 
-649, -1922, -1273, 1285, 312, -1598, 34, 634, 204, 302, 439, 1317, 
-649, -1908, -1259, 1278, 305, -1583, 39, 644, 224, 322, 453, 1332, 
-644, -1893, -1249, 1268, 302, -1571, 39, 658, 229, 336, 463, 1342, 
-634, -1878, -1244, 1256, 305, -1561, 34, 663, 239, 346, 473, 1356, 
-629, -1859, -1229, 1244, 300, -1544, 29, 678, 248, 361, 492, 1366, 
-614, -1834, -1220, 1224, 302, -1527, 14, 678, 253, 370, 502, 1376, 
-610, -1825, -1215, 1217, 302, -1520, 9, 692, 263, 375, 522, 1385, 
-605, -1815, -1210, 1210, 302, -1512, 4, 702, 273, 385, 531, 1395, 
-600, -1800, -1200, 1200, 300, -1500, 0, 712, 273, 405, 541, 1405, 
-590, -1795, -1205, 1193, 307, -1500, 0, 707, 287, 414, 566, 1405, 
-580, -1781, -1200, 1180, 309, -1490, -4, 712, 292, 424, 575, 1410, 
-575, -1766, -1190, 1171, 307, -1478, -9, 712, 302, 434, 585, 1420, 
-575, -1751, -1176, 1163, 300, -1464, -14, 712, 307, 444, 590, 1429, 
-575, -1747, -1171, 1161, 297, -1459, -19, 727, 312, 448, 590, 1449, 
-575, -1732, -1156, 1154, 290, -1444, -19, 727, 322, 458, 600, 1449, 
-570, -1722, -1151, 1146, 290, -1437, -24, 732, 322, 463, 605, 1454, 
-566, -1717, -1151, 1141, 292, -1434, -24, 732, 326, 468, 614, 1468, 
-570, -1708, -1137, 1139, 283, -1422, -24, 732, 341, 488, 624, 1478, 
-570, -1698, -1127, 1134, 278, -1412, -24, 732, 341, 488, 629, 1478, 
-570, -1693, -1122, 1132, 275, -1407, -34, 727, 346, 497, 644, 1483, 
-570, -1683, -1112, 1127, 270, -1398, -34, 722, 351, 502, 649, 1488, 
-570, -1683, -1112, 1127, 270, -1398, -34, 712, 356, 507, 649, 1493, 
-570, -1678, -1107, 1124, 268, -1393, -34, 702, 356, 512, 644, 1493, 
-570, -1673, -1102, 1122, 265, -1388, -34, 692, 356, 512, 639, 1498, 
-575, -1673, -1098, 1124, 261, -1385, -29, 678, 356, 512, 634, 1498, 
-575, -1664, -1088, 1119, 256, -1376, -24, 663, 366, 507, 629, 1488, 
-580, -1673, -1093, 1127, 256, -1383, -24, 649, 366, 502, 629, 1483, 
-585, -1678, -1093, 1132, 253, -1385, -24, 624, 366, 502, 624, 1478, 
-595, -1693, -1098, 1144, 251, -1395, -19, 610, 361, 492, 614, 1473, 
-605, -1708, -1102, 1156, 248, -1405, -14, 600, 361, 483, 614, 1464, 
-614, -1732, -1117, 1173, 251, -1424, -4, 580, 351, 473, 595, 1454, 
-624, -1747, -1122, 1185, 248, -1434, 4, 566, 341, 453, 585, 1434, 
-634, -1771, -1137, 1202, 251, -1454, 19, 551, 331, 444, 570, 1424, 
-644, -1790, -1146, 1217, 251, -1468, 29, 536, 336, 439, 546, 1410, 
-653, -1805, -1151, 1229, 248, -1478, 34, 522, 326, 419, 527, 1400, 
-663, -1830, -1166, 1246, 251, -1498, 39, 512, 322, 405, 512, 1390, 
-668, -1844, -1176, 1256, 253, -1510, 48, 492, 312, 390, 497, 1376, 
-673, -1849, -1176, 1261, 251, -1512, 53, 483, 297, 380, 488, 1356, 
-683, -1869, -1185, 1276, 251, -1527, 58, 468, 283, 366, 473, 1337, 
-692, -1883, -1190, 1288, 248, -1537, 63, 448, 278, 356, 458, 1327, 
-702, -1903, -1200, 1302, 248, -1551, 63, 439, 268, 341, 444, 1317, 
-717, -1927, -1210, 1322, 246, -1568, 68, 424, 258, 326, 439, 1302, 
-722, -1952, -1229, 1337, 253, -1590, 68, 409, 253, 317, 424, 1298, 
-727, -1971, -1244, 1349, 258, -1607, 73, 400, 253, 302, 414, 1293, 
-732, -1981, -1249, 1356, 258, -1615, 73, 385, 248, 297, 400, 1283, 
-722, -1981, -1259, 1351, 268, -1620, 73, 380, 239, 283, 390, 1268, 
-732, -1991, -1259, 1361, 263, -1625, 73, 366, 234, 278, 385, 1259, 
-736, -2005, -1268, 1371, 265, -1637, 73, 361, 229, 278, 385, 1254, 
-741, -2010, -1268, 1376, 263, -1639, 68, 351, 224, 268, 375, 1249, 
-741, -2015, -1273, 1378, 265, -1644, 68, 341, 219, 263, 375, 1244, 
-746, -2025, -1278, 1385, 265, -1651, 73, 336, 209, 258, 370, 1234, 
-746, -2034, -1288, 1390, 270, -1661, 73, 326, 204, 253, 361, 1229, 
-751, -2034, -1283, 1393, 265, -1659, 73, 322, 195, 244, 356, 1224, 
-756, -2049, -1293, 1403, 268, -1671, 68, 317, 200, 248, 341, 1220, 
-761, -2049, -1288, 1405, 263, -1668, 68, 317, 200, 244, 341, 1220, 
-761, -2054, -1293, 1407, 265, -1673, 68, 312, 195, 244, 341, 1215, 
-756, -2059, -1302, 1407, 273, -1681, 68, 302, 195, 244, 336, 1215, 
-756, -2064, -1307, 1410, 275, -1686, 58, 297, 190, 239, 336, 1220, 
-756, -2069, -1312, 1412, 278, -1690, 58, 287, 190, 239, 331, 1220, 
-756, -2069, -1312, 1412, 278, -1690, 53, 287, 185, 239, 331, 1220, 
-756, -2074, -1317, 1415, 280, -1695, 53, 283, 185, 239, 331, 1215, 
-756, -2074, -1317, 1415, 280, -1695, 63, 283, 185, 239, 326, 1215, 
-756, -2078, -1322, 1417, 283, -1700, 63, 278, 185, 234, 322, 1210, 
-756, -2078, -1322, 1417, 283, -1700, 63, 273, 175, 234, 322, 1210, 
-756, -2074, -1317, 1415, 280, -1695, 63, 273, 175, 234, 326, 1210, 
-756, -2074, -1317, 1415, 280, -1695, 53, 273, 175, 224, 326, 1205, 
-756, -2074, -1317, 1415, 280, -1695, 53, 273, 175, 224, 326, 1205, 
-756, -2074, -1317, 1415, 280, -1695, 53, 268, 175, 219, 326, 1205, 
-756, -2074, -1317, 1415, 280, -1695, 53, 268, 175, 219, 326, 1205, 
-756, -2074, -1317, 1415, 280, -1695, 63, 278, 175, 224, 322, 1205, 
-766, -2074, -1307, 1420, 270, -1690, 63, 278, 175, 224, 322, 1200, 
-766, -2074, -1307, 1420, 270, -1690, 63, 273, 175, 224, 326, 1200, 
-766, -2074, -1307, 1420, 270, -1690, 63, 273, 175, 224, 326, 1200, 
-761, -2083, -1322, 1422, 280, -1703, 53, 273, 180, 234, 336, 1200, 
-761, -2083, -1322, 1422, 280, -1703, 53, 273, 185, 234, 336, 1205, 
-761, -2083, -1322, 1422, 280, -1703, 53, 273, 190, 234, 336, 1205, 
-761, -2078, -1317, 1420, 278, -1698, 53, 278, 195, 234, 336, 1200, 
-766, -2078, -1312, 1422, 273, -1695, 53, 268, 195, 244, 326, 1210, 
-766, -2078, -1312, 1422, 273, -1695, 53, 268, 195, 248, 331, 1210, 
-766, -2078, -1312, 1422, 273, -1695, 53, 268, 195, 248, 331, 1210, 
-766, -2078, -1312, 1422, 273, -1695, 53, 273, 195, 248, 331, 1210, 
-756, -2069, -1312, 1412, 278, -1690, 53, 283, 204, 248, 341, 1205, 
-756, -2069, -1312, 1412, 278, -1690, 53, 283, 204, 248, 341, 1205, 
-756, -2064, -1307, 1410, 275, -1686, 53, 283, 209, 248, 341, 1205, 
-756, -2064, -1307, 1410, 275, -1686, 53, 283, 209, 248, 341, 1205, 
-756, -2064, -1307, 1410, 275, -1686, 53, 283, 209, 248, 351, 1205, 
-756, -2064, -1307, 1410, 275, -1686, 53, 283, 204, 248, 356, 1205, 
-756, -2064, -1307, 1410, 275, -1686, 53, 283, 204, 248, 356, 1205, 
-756, -2059, -1302, 1407, 273, -1681, 48, 283, 209, 248, 356, 1205, 
-756, -2059, -1302, 1407, 273, -1681, 48, 283, 209, 263, 361, 1200, 
-756, -2059, -1302, 1407, 273, -1681, 48, 283, 209, 263, 361, 1200, 
-756, -2059, -1302, 1407, 273, -1681, 48, 283, 209, 263, 361, 1205, 
-756, -2059, -1302, 1407, 273, -1681, 48, 292, 209, 263, 361, 1205, 
-751, -2049, -1298, 1400, 273, -1673, 48, 283, 214, 253, 351, 1215, 
-751, -2044, -1293, 1398, 270, -1668, 48, 283, 214, 258, 351, 1215, 
-751, -2039, -1288, 1395, 268, -1664, 48, 283, 214, 258, 351, 1215, 
-751, -2039, -1288, 1395, 268, -1664, 48, 283, 214, 258, 351, 1215, 
-741, -2049, -1307, 1395, 283, -1678, 48, 283, 219, 258, 361, 1210, 
-741, -2049, -1307, 1395, 283, -1678, 53, 283, 219, 258, 366, 1210, 
-741, -2044, -1302, 1393, 280, -1673, 53, 283, 219, 263, 366, 1210, 
-741, -2039, -1298, 1390, 278, -1668, 53, 283, 219, 263, 366, 1210, 
-741, -2049, -1307, 1395, 283, -1678, 53, 283, 229, 273, 366, 1210, 
-741, -2049, -1307, 1395, 283, -1678, 53, 283, 229, 273, 366, 1215, 
-741, -2049, -1307, 1395, 283, -1678, 53, 283, 224, 273, 366, 1215, 
-736, -2049, -1312, 1393, 287, -1681, 53, 283, 224, 273, 370, 1215, 
-736, -2039, -1302, 1388, 283, -1671, 53, 292, 234, 273, 370, 1215, 
-741, -2034, -1293, 1388, 275, -1664, 53, 292, 234, 273, 375, 1215, 
-741, -2034, -1293, 1388, 275, -1664, 53, 292, 234, 273, 375, 1215, 
-736, -2034, -1298, 1385, 280, -1666, 53, 292, 234, 273, 370, 1210, 
-736, -2034, -1298, 1385, 280, -1666, 53, 292, 234, 278, 370, 1220, 
-736, -2030, -1293, 1383, 278, -1661, 53, 292, 234, 278, 375, 1220, 
-736, -2030, -1293, 1383, 278, -1661, 53, 292, 234, 278, 375, 1220, 
-736, -2030, -1293, 1383, 278, -1661, 53, 292, 234, 278, 375, 1220, 
-736, -2034, -1298, 1385, 280, -1666, 53, 292, 248, 287, 385, 1210, 
-736, -2039, -1302, 1388, 283, -1671, 53, 297, 248, 287, 380, 1210, 
-736, -2044, -1307, 1390, 285, -1676, 53, 297, 248, 287, 380, 1215, 
-736, -2049, -1312, 1393, 287, -1681, 53, 292, 248, 287, 385, 1215, 
-736, -2049, -1312, 1393, 287, -1681, 53, 302, 248, 278, 375, 1205, 
-736, -2049, -1312, 1393, 287, -1681, 53, 302, 248, 278, 370, 1205, 
-736, -2049, -1312, 1393, 287, -1681, 53, 302, 248, 278, 370, 1205, 
-736, -2049, -1312, 1393, 287, -1681, 53, 302, 248, 278, 370, 1200, 
-736, -2039, -1302, 1388, 283, -1671, 53, 292, 244, 287, 380, 1200, 
-736, -2039, -1302, 1388, 283, -1671, 53, 292, 244, 287, 380, 1200, 
-736, -2039, -1302, 1388, 283, -1671, 53, 292, 244, 287, 380, 1200, 
-736, -2039, -1302, 1388, 283, -1671, 53, 292, 244, 287, 380, 1200, 
-736, -2039, -1302, 1388, 283, -1671, 43, 292, 244, 297, 380, 1200, 
-736, -2039, -1302, 1388, 283, -1671, 43, 292, 244, 297, 380, 1200, 
-736, -2039, -1302, 1388, 283, -1671, 43, 292, 244, 292, 380, 1200, 
-736, -2039, -1302, 1388, 283, -1671, 43, 292, 244, 292, 380, 1200, 
-746, -2044, -1298, 1395, 275, -1671, 53, 292, 244, 292, 380, 1200, 
-746, -2044, -1298, 1395, 275, -1671, 53, 292, 244, 292, 380, 1200, 
-746, -2044, -1298, 1395, 275, -1671, 53, 292, 244, 292, 380, 1200, 
-746, -2044, -1298, 1395, 275, -1671, 53, 292, 244, 292, 380, 1200, 
-746, -2044, -1298, 1395, 275, -1671, 53, 292, 248, 292, 380, 1200, 
-746, -2044, -1298, 1395, 275, -1671, 53, 292, 244, 292, 380, 1195, 
-746, -2044, -1298, 1395, 275, -1671, 53, 292, 244, 292, 375, 1195, 
-746, -2044, -1298, 1395, 275, -1671, 53, 292, 244, 292, 375, 1195, 
-736, -2054, -1317, 1395, 290, -1686, 43, 283, 244, 283, 361, 1185, 
-736, -2054, -1317, 1395, 290, -1686, 43, 283, 244, 283, 361, 1185, 
-736, -2054, -1317, 1395, 290, -1686, 43, 283, 239, 283, 361, 1185, 
-736, -2054, -1317, 1395, 290, -1686, 48, 278, 239, 283, 361, 1185, 
-746, -2059, -1312, 1403, 283, -1686, 48, 283, 239, 283, 370, 1176, 
-746, -2059, -1312, 1403, 283, -1686, 48, 283, 239, 283, 370, 1176, 
-746, -2059, -1312, 1403, 283, -1686, 48, 283, 239, 283, 370, 1176, 
-746, -2059, -1312, 1403, 283, -1686, 48, 283, 239, 283, 370, 1176, 
-736, -2059, -1322, 1398, 292, -1690, 48, 283, 239, 292, 380, 1185, 
-736, -2059, -1322, 1398, 292, -1690, 48, 283, 239, 292, 380, 1180, 
-736, -2059, -1322, 1398, 292, -1690, 48, 283, 239, 287, 380, 1180, 
-736, -2059, -1322, 1398, 292, -1690, 48, 278, 239, 287, 380, 1180, 
-736, -2059, -1322, 1398, 292, -1690, 48, 278, 234, 287, 380, 1180, 
-736, -2059, -1322, 1398, 292, -1690, 53, 278, 229, 287, 375, 1180, 
-736, -2059, -1322, 1398, 292, -1690, 53, 278, 229, 287, 375, 1176, 
-736, -2059, -1322, 1398, 292, -1690, 53, 278, 229, 287, 375, 1176, 
-746, -2049, -1302, 1398, 278, -1676, 43, 278, 234, 287, 385, 1176, 
-746, -2059, -1312, 1403, 283, -1686, 43, 278, 234, 287, 385, 1176, 
-746, -2059, -1312, 1403, 283, -1686, 43, 273, 234, 287, 385, 1171, 
-746, -2054, -1307, 1400, 280, -1681, 43, 273, 229, 287, 385, 1171, 
-736, -2064, -1327, 1400, 295, -1695, 43, 273, 239, 287, 375, 1171, 
-736, -2064, -1327, 1400, 295, -1695, 43, 268, 239, 287, 375, 1171, 
-736, -2064, -1327, 1400, 295, -1695, 43, 268, 239, 287, 375, 1171, 
-736, -2064, -1327, 1400, 295, -1695, 48, 268, 239, 292, 375, 1171, 
-746, -2069, -1322, 1407, 287, -1695, 48, 278, 239, 292, 375, 1161, 
-746, -2069, -1322, 1407, 287, -1695, 48, 273, 239, 283, 375, 1161, 
-746, -2069, -1322, 1407, 287, -1695, 48, 273, 239, 283, 375, 1161, 
-746, -2069, -1322, 1407, 287, -1695, 48, 273, 239, 283, 375, 1161, 
-736, -2069, -1332, 1403, 297, -1700, 48, 273, 239, 292, 370, 1166, 
-736, -2069, -1332, 1403, 297, -1700, 48, 273, 239, 292, 370, 1161, 
-736, -2069, -1332, 1403, 297, -1700, 48, 273, 239, 292, 370, 1161, 
-736, -2069, -1332, 1403, 297, -1700, 48, 273, 239, 292, 370, 1166, 
-736, -2069, -1332, 1403, 297, -1700, 43, 268, 244, 292, 380, 1171, 
-736, -2069, -1332, 1403, 297, -1700, 43, 268, 239, 292, 380, 1171, 
-736, -2069, -1332, 1403, 297, -1700, 43, 263, 239, 292, 380, 1166, 
-736, -2069, -1332, 1403, 297, -1700, 43, 263, 239, 292, 380, 1166, 
-736, -2078, -1342, 1407, 302, -1710, 43, 273, 253, 292, 380, 1166, 
-727, -2078, -1351, 1403, 312, -1715, 34, 268, 244, 292, 380, 1166, 
-732, -2078, -1346, 1405, 307, -1712, 39, 263, 244, 292, 380, 1161, 
-741, -2069, -1327, 1405, 292, -1698, 39, 263, 244, 292, 380, 1161, 
-741, -2069, -1327, 1405, 292, -1698, 39, 263, 244, 292, 380, 1161, 
-741, -2069, -1327, 1405, 292, -1698, 39, 263, 244, 292, 380, 1161, 
-741, -2069, -1327, 1405, 292, -1698, 39, 263, 244, 292, 380, 1161, 
-732, -2069, -1337, 1400, 302, -1703, 29, 263, 244, 292, 380, 1151, 
-732, -2069, -1337, 1400, 302, -1703, 34, 263, 244, 292, 380, 1151, 
-732, -2069, -1337, 1400, 302, -1703, 34, 263, 244, 297, 380, 1151, 
-732, -2069, -1337, 1400, 302, -1703, 34, 263, 244, 297, 380, 1151, 
-741, -2074, -1332, 1407, 295, -1703, 29, 263, 253, 307, 390, 1161, 
-741, -2074, -1332, 1407, 295, -1703, 29, 263, 253, 307, 390, 1161, 
-741, -2074, -1332, 1407, 295, -1703, 29, 263, 253, 302, 390, 1161, 
-741, -2074, -1332, 1407, 295, -1703, 29, 268, 253, 302, 385, 1161, 
-741, -2064, -1322, 1403, 290, -1693, 29, 268, 253, 302, 395, 1161, 
-741, -2064, -1322, 1403, 290, -1693, 34, 268, 253, 307, 395, 1161, 
-741, -2064, -1322, 1403, 290, -1693, 34, 268, 258, 307, 395, 1161, 
-741, -2064, -1322, 1403, 290, -1693, 34, 268, 258, 307, 400, 1161, 
-736, -2054, -1317, 1395, 290, -1686, 43, 278, 268, 307, 400, 1161, 
-727, -2054, -1327, 1390, 300, -1690, 43, 278, 268, 307, 400, 1166, 
-722, -2044, -1322, 1383, 300, -1683, 48, 283, 273, 312, 405, 1171, 
-712, -2034, -1322, 1373, 305, -1678, 58, 297, 278, 322, 409, 1171, 
-722, -2020, -1298, 1371, 287, -1659, 63, 292, 297, 326, 419, 1171, 
-717, -2010, -1293, 1363, 287, -1651, 68, 297, 302, 331, 419, 1180, 
-712, -1995, -1283, 1354, 285, -1639, 73, 302, 307, 336, 424, 1185, 
-712, -1995, -1283, 1354, 285, -1639, 82, 312, 317, 341, 429, 1190, 
-712, -1971, -1259, 1342, 273, -1615, 87, 326, 326, 356, 448, 1195, 
-707, -1961, -1254, 1334, 273, -1607, 102, 331, 331, 366, 458, 1200, 
-702, -1952, -1249, 1327, 273, -1600, 107, 341, 346, 380, 463, 1205, 
-702, -1937, -1234, 1320, 265, -1586, 112, 351, 351, 380, 473, 1215, 
-707, -1942, -1234, 1324, 263, -1588, 102, 341, 341, 370, 473, 1210, 
-707, -1937, -1229, 1322, 261, -1583, 102, 346, 346, 375, 473, 1210, 
-707, -1937, -1229, 1322, 261, -1583, 107, 346, 346, 375, 478, 1210, 
-712, -1937, -1224, 1324, 256, -1581, 112, 351, 351, 375, 478, 1215, 
-702, -1922, -1220, 1312, 258, -1571, 112, 351, 361, 385, 478, 1224, 
-702, -1917, -1215, 1310, 256, -1566, 112, 351, 366, 385, 488, 1224, 
-702, -1912, -1210, 1307, 253, -1561, 112, 351, 370, 395, 488, 1224, 
-702, -1908, -1205, 1305, 251, -1556, 107, 346, 375, 400, 492, 1234, 
-702, -1898, -1195, 1300, 246, -1546, 92, 341, 375, 395, 492, 1229, 
-707, -1888, -1180, 1298, 236, -1534, 92, 341, 380, 400, 497, 1234, 
-707, -1883, -1176, 1295, 234, -1529, 87, 336, 380, 400, 497, 1234, 
-707, -1883, -1176, 1295, 234, -1529, 82, 326, 380, 405, 502, 1239, 
-712, -1864, -1151, 1288, 219, -1507, 73, 312, 390, 409, 512, 1249, 
-702, -1849, -1146, 1276, 222, -1498, 68, 307, 390, 419, 522, 1254, 
-697, -1834, -1137, 1266, 219, -1485, 58, 307, 400, 429, 527, 1263, 
-697, -1834, -1137, 1266, 219, -1485, 48, 302, 390, 439, 527, 1273, 
-683, -1849, -1166, 1266, 241, -1507, 24, 297, 385, 434, 512, 1268, 
-683, -1859, -1176, 1271, 246, -1517, 19, 292, 380, 424, 507, 1259, 
-683, -1864, -1180, 1273, 248, -1522, 14, 287, 375, 414, 507, 1249, 
-673, -1864, -1190, 1268, 258, -1527, 14, 287, 370, 409, 507, 1244, 
-668, -1864, -1195, 1266, 263, -1529, 19, 287, 361, 400, 502, 1244, 
-663, -1864, -1200, 1263, 268, -1532, 14, 287, 361, 400, 502, 1244, 
-663, -1869, -1205, 1266, 270, -1537, 9, 278, 351, 395, 497, 1244, 
-668, -1878, -1210, 1273, 270, -1544, 0, 263, 341, 390, 488, 1239, 
-678, -1912, -1234, 1295, 278, -1573, -19, 248, 322, 390, 468, 1224, 
-678, -1932, -1254, 1305, 287, -1593, -19, 244, 307, 380, 453, 1224, 
-683, -1942, -1259, 1312, 287, -1600, -19, 244, 297, 366, 444, 1215, 
-702, -1961, -1259, 1332, 278, -1610, -14, 248, 297, 361, 439, 1210, 
-707, -1976, -1268, 1342, 280, -1622, 4, 248, 307, 346, 444, 1185, 
-722, -1995, -1273, 1359, 275, -1634, 9, 253, 307, 336, 439, 1176, 
-732, -2020, -1288, 1376, 278, -1654, 19, 253, 297, 326, 424, 1166, 
-732, -2039, -1307, 1385, 287, -1673, 19, 248, 287, 312, 419, 1151, 
-732, -2034, -1302, 1383, 285, -1668, 9, 248, 273, 317, 409, 1137, 
-736, -2044, -1307, 1390, 285, -1676, 9, 248, 268, 312, 409, 1132, 
-736, -2054, -1317, 1395, 290, -1686, 4, 248, 263, 312, 400, 1132, 
-736, -2054, -1317, 1395, 290, -1686, 4, 244, 258, 307, 395, 1127, 
-736, -2069, -1332, 1403, 297, -1700, 4, 244, 268, 307, 385, 1137, 
-732, -2069, -1337, 1400, 302, -1703, 0, 244, 268, 302, 385, 1132, 
-732, -2078, -1346, 1405, 307, -1712, 0, 244, 263, 297, 380, 1127, 
-732, -2083, -1351, 1407, 309, -1717, 0, 234, 258, 292, 375, 1122, 
-732, -2078, -1346, 1405, 307, -1712, 0, 244, 263, 292, 375, 1127, 
-732, -2078, -1346, 1405, 307, -1712, 0, 244, 258, 287, 380, 1122, 
-732, -2083, -1351, 1407, 309, -1717, 0, 239, 258, 287, 385, 1122, 
-732, -2083, -1351, 1407, 309, -1717, 0, 239, 263, 287, 390, 1127, 
-741, -2074, -1332, 1407, 295, -1703, 0, 229, 253, 292, 390, 1117, 
-741, -2074, -1332, 1407, 295, -1703, 0, 234, 253, 292, 390, 1117, 
-741, -2074, -1332, 1407, 295, -1703, 0, 234, 253, 292, 390, 1117, 
-741, -2074, -1332, 1407, 295, -1703, 0, 234, 253, 292, 390, 1122, 
-741, -2074, -1332, 1407, 295, -1703, 9, 234, 263, 292, 395, 1122, 
-741, -2078, -1337, 1410, 297, -1708, 9, 234, 263, 292, 395, 1122, 
-741, -2078, -1337, 1410, 297, -1708, 9, 239, 263, 297, 395, 1117, 
-741, -2078, -1337, 1410, 297, -1708, 9, 239, 263, 297, 395, 1117, 
-741, -2074, -1332, 1407, 295, -1703, 0, 229, 263, 297, 405, 1117, 
-741, -2074, -1332, 1407, 295, -1703, 0, 229, 273, 302, 405, 1127, 
-736, -2083, -1346, 1410, 305, -1715, 0, 239, 268, 302, 395, 1117, 
-736, -2088, -1351, 1412, 307, -1720, 4, 258, 268, 287, 390, 1102, 
-727, -2103, -1376, 1415, 324, -1739, 29, 312, 278, 278, 390, 1083, 
-722, -2122, -1400, 1422, 339, -1761, 53, 380, 287, 268, 375, 1073, 
-722, -2137, -1415, 1429, 346, -1776, 82, 444, 307, 253, 370, 1063, 
-712, -2142, -1429, 1427, 358, -1786, 112, 507, 326, 244, 366, 1054, 
-702, -2161, -1459, 1432, 378, -1810, 136, 575, 346, 234, 366, 1039, 
-688, -2181, -1493, 1434, 402, -1837, 146, 644, 361, 229, 361, 1039, 
-668, -2181, -1512, 1424, 422, -1847, 180, 717, 375, 229, 361, 1029, 
-629, -2161, -1532, 1395, 451, -1847, 200, 800, 409, 229, 380, 1039, 
-600, -2132, -1532, 1366, 466, -1832, 209, 868, 453, 263, 424, 1063, 
-566, -2064, -1498, 1315, 466, -1781, 209, 888, 483, 317, 488, 1102, 
-531, -1937, -1405, 1234, 436, -1671, 170, 819, 536, 409, 570, 1180, 
-531, -1776, -1244, 1154, 356, -1510, 146, 746, 614, 527, 702, 1283, 
-561, -1576, -1015, 1068, 226, -1295, 126, 668, 727, 697, 883, 1434, 
-595, -1322, -727, 958, 65, -1024, 58, 463, 834, 897, 1088, 1625, 
-644, -1083, -439, 863, -102, -761, -78, 117, 878, 1093, 1283, 1820, 
-683, -893, -209, 788, -236, -551, -273, -224, 873, 1254, 1439, 1986, 
-692, -736, -43, 714, -324, -390, -453, -522, 863, 1390, 1566, 2122, 
-712, -629, 82, 671, -397, -273, -619, -780, 849, 1498, 1668, 2220, 
-736, -580, 156, 658, -446, -212, -736, -985, 849, 1542, 1732, 2254, 
-736, -629, 107, 683, -422, -261, -814, -1063, 814, 1517, 1712, 2225, 
-736, -775, -39, 756, -348, -407, -868, -1068, 702, 1395, 1576, 2117, 
-756, -1015, -258, 885, -248, -636, -907, -1098, 517, 1190, 1317, 1952, 
-819, -1283, -463, 1051, -178, -873, -888, -1161, 297, 946, 1015, 1751, 
-897, -1527, -629, 1212, -134, -1078, -834, -1234, 107, 727, 741, 1576, 
-936, -1747, -810, 1342, -63, -1278, -814, -1249, -68, 551, 522, 1415, 
-932, -1942, -1010, 1437, 39, -1476, -819, -1200, -200, 405, 361, 1293, 
-922, -2093, -1171, 1507, 124, -1632, -775, -1112, -273, 297, 253, 1200, 
-902, -2191, -1288, 1546, 192, -1739, -717, -980, -292, 214, 190, 1117, 
-897, -2283, -1385, 1590, 244, -1834, -649, -819, -283, 170, 151, 1068, 
-897, -2322, -1424, 1610, 263, -1873, -556, -653, -234, 141, 136, 1034, 
-873, -2313, -1439, 1593, 283, -1876, -492, -527, -175, 151, 156, 1015, 
-849, -2293, -1444, 1571, 297, -1869, -448, -444, -126, 161, 175, 1005, 
-819, -2283, -1464, 1551, 322, -1873, -400, -356, -82, 165, 190, 1005, 
-785, -2254, -1468, 1520, 341, -1861, -346, -244, -29, 175, 214, 1015, 
-751, -2220, -1468, 1485, 358, -1844, -268, -126, 24, 204, 253, 1019, 
-741, -2186, -1444, 1464, 351, -1815, -190, -24, 82, 219, 292, 1034, 
-741, -2161, -1420, 1451, 339, -1790, -122, 53, 151, 234, 317, 1054, 
-751, -2147, -1395, 1449, 322, -1771, -63, 102, 195, 258, 341, 1073, 
-761, -2132, -1371, 1446, 305, -1751, -43, 136, 224, 273, 356, 1093, 
-756, -2113, -1356, 1434, 300, -1734, -39, 146, 248, 283, 375, 1093, 
-756, -2083, -1327, 1420, 285, -1705, -43, 170, 273, 302, 390, 1093, 
-751, -2074, -1322, 1412, 285, -1698, -43, 185, 283, 317, 395, 1102, 
-746, -2059, -1312, 1403, 283, -1686, -43, 209, 278, 312, 395, 1098, 
-732, -2059, -1327, 1395, 297, -1693, -48, 229, 273, 312, 405, 1107, 
-727, -2059, -1332, 1393, 302, -1695, -29, 244, 273, 312, 405, 1107, 
-722, -2059, -1337, 1390, 307, -1698, -14, 258, 273, 312, 405, 1102, 
-722, -2059, -1337, 1390, 307, -1698, -4, 253, 278, 312, 400, 1102, 
-732, -2054, -1322, 1393, 295, -1688, 9, 253, 292, 317, 409, 1107, 
-732, -2054, -1322, 1393, 295, -1688, 9, 253, 292, 317, 414, 1107, 
-736, -2054, -1317, 1395, 290, -1686, 9, 253, 297, 317, 414, 1107, 
-736, -2054, -1317, 1395, 290, -1686, 4, 253, 297, 317, 414, 1107, 
-727, -2054, -1327, 1390, 300, -1690, 0, 253, 302, 317, 414, 1107, 
-722, -2044, -1322, 1383, 300, -1683, 0, 253, 302, 317, 414, 1107, 
-722, -2044, -1322, 1383, 300, -1683, 4, 263, 302, 322, 419, 1107, 
-722, -2044, -1322, 1383, 300, -1683, 4, 268, 302, 322, 419, 1107, 
-722, -2034, -1312, 1378, 295, -1673, 4, 273, 307, 322, 429, 1112, 
-722, -2034, -1312, 1378, 295, -1673, 4, 273, 307, 322, 429, 1112, 
-722, -2034, -1312, 1378, 295, -1673, 4, 278, 307, 322, 429, 1112, 
-722, -2034, -1312, 1378, 295, -1673, 4, 278, 312, 322, 434, 1112, 
-722, -2030, -1307, 1376, 292, -1668, 14, 278, 322, 322, 434, 1122, 
-712, -2030, -1317, 1371, 302, -1673, 14, 278, 322, 326, 434, 1122, 
-712, -2030, -1317, 1371, 302, -1673, 14, 278, 326, 331, 434, 1122, 
-712, -2030, -1317, 1371, 302, -1673, 19, 283, 326, 331, 439, 1127, 
-722, -2034, -1312, 1378, 295, -1673, 19, 283, 336, 341, 439, 1127, 
-717, -2034, -1317, 1376, 300, -1676, 19, 283, 341, 341, 439, 1127, 
-717, -2025, -1307, 1371, 295, -1666, 19, 287, 341, 341, 439, 1127, 
-717, -2025, -1307, 1371, 295, -1666, 19, 287, 341, 341, 439, 1127, 
-717, -2015, -1298, 1366, 290, -1656, 19, 278, 331, 346, 448, 1132, 
-717, -2010, -1293, 1363, 287, -1651, 19, 283, 331, 346, 453, 1132, 
-717, -2010, -1293, 1363, 287, -1651, 19, 283, 336, 346, 458, 1132, 
-717, -2010, -1293, 1363, 287, -1651, 19, 287, 336, 351, 458, 1132, 
-707, -2000, -1293, 1354, 292, -1647, 9, 287, 336, 351, 453, 1132, 
-707, -1995, -1288, 1351, 290, -1642, 9, 297, 341, 346, 458, 1132, 
-707, -1995, -1288, 1351, 290, -1642, 14, 297, 341, 346, 458, 1137, 
-707, -1995, -1288, 1351, 290, -1642, 19, 297, 341, 356, 458, 1141, 
-702, -1995, -1293, 1349, 295, -1644, 19, 307, 346, 356, 468, 1141, 
-702, -1995, -1293, 1349, 295, -1644, 19, 312, 346, 356, 468, 1141, 
-702, -1991, -1288, 1346, 292, -1639, 14, 312, 351, 361, 463, 1141, 
-702, -1991, -1288, 1346, 292, -1639, 14, 322, 351, 361, 463, 1141, 
-702, -1991, -1288, 1346, 292, -1639, 24, 322, 351, 361, 458, 1132, 
-702, -1991, -1288, 1346, 292, -1639, 24, 322, 351, 366, 463, 1132, 
-702, -1991, -1288, 1346, 292, -1639, 24, 322, 351, 366, 468, 1137, 
-702, -1991, -1288, 1346, 292, -1639, 24, 326, 356, 366, 468, 1141, 
-692, -1981, -1288, 1337, 297, -1634, 24, 317, 356, 370, 483, 1151, 
-692, -1976, -1283, 1334, 295, -1629, 29, 317, 361, 370, 483, 1151, 
-692, -1976, -1283, 1334, 295, -1629, 29, 326, 361, 375, 483, 1156, 
-692, -1971, -1278, 1332, 292, -1625, 29, 326, 366, 375, 483, 1156, 
-697, -1971, -1273, 1334, 287, -1622, 19, 336, 366, 375, 478, 1146, 
-692, -1966, -1273, 1329, 290, -1620, 19, 341, 366, 370, 483, 1146, 
-692, -1966, -1273, 1329, 290, -1620, 19, 341, 366, 370, 483, 1146, 
-688, -1961, -1273, 1324, 292, -1617, 19, 351, 370, 375, 483, 1146, 
-697, -1971, -1273, 1334, 287, -1622, 29, 341, 370, 380, 488, 1161, 
-697, -1966, -1268, 1332, 285, -1617, 29, 346, 370, 380, 488, 1161, 
-697, -1956, -1259, 1327, 280, -1607, 29, 351, 375, 385, 488, 1161, 
-697, -1956, -1259, 1327, 280, -1607, 29, 356, 375, 385, 492, 1166, 
-692, -1966, -1273, 1329, 290, -1620, 19, 361, 380, 390, 492, 1161, 
-688, -1961, -1273, 1324, 292, -1617, 19, 366, 380, 390, 502, 1161, 
-683, -1956, -1273, 1320, 295, -1615, 19, 370, 380, 395, 502, 1161, 
-673, -1956, -1283, 1315, 305, -1620, 14, 375, 385, 395, 502, 1166, 
-678, -1947, -1268, 1312, 295, -1607, 14, 380, 385, 405, 512, 1176, 
-678, -1942, -1263, 1310, 292, -1603, 14, 390, 385, 409, 517, 1176, 
-678, -1937, -1259, 1307, 290, -1598, 19, 395, 390, 414, 527, 1180, 
-673, -1937, -1263, 1305, 295, -1600, 19, 405, 390, 414, 527, 1185, 
-673, -1932, -1259, 1302, 292, -1595, 19, 409, 385, 414, 527, 1190, 
-673, -1927, -1254, 1300, 290, -1590, 19, 419, 385, 414, 531, 1190, 
-668, -1922, -1254, 1295, 292, -1588, 14, 424, 390, 419, 531, 1190, 
-658, -1917, -1259, 1288, 300, -1588, 14, 439, 390, 419, 541, 1190, 
-653, -1912, -1259, 1283, 302, -1586, 9, 439, 409, 434, 546, 1200, 
-653, -1908, -1254, 1281, 300, -1581, 9, 444, 409, 439, 551, 1205, 
-653, -1898, -1244, 1276, 295, -1571, 9, 458, 414, 444, 556, 1210, 
-649, -1888, -1239, 1268, 295, -1564, 9, 473, 419, 448, 561, 1215, 
-644, -1878, -1234, 1261, 295, -1556, 0, 483, 424, 453, 566, 1215, 
-639, -1873, -1234, 1256, 297, -1554, -4, 492, 424, 458, 575, 1220, 
-634, -1869, -1234, 1251, 300, -1551, -4, 507, 424, 463, 575, 1229, 
-629, -1854, -1224, 1241, 297, -1539, -4, 522, 429, 468, 580, 1234, 
-614, -1844, -1229, 1229, 307, -1537, -19, 522, 434, 478, 590, 1244, 
-610, -1834, -1224, 1222, 307, -1529, -19, 541, 439, 483, 610, 1249, 
-605, -1820, -1215, 1212, 305, -1517, -19, 556, 448, 497, 624, 1259, 
-600, -1810, -1210, 1205, 305, -1510, -24, 570, 458, 502, 629, 1268, 
-590, -1790, -1200, 1190, 305, -1495, -29, 585, 473, 517, 649, 1278, 
-580, -1776, -1195, 1178, 307, -1485, -34, 600, 483, 531, 658, 1288, 
-580, -1766, -1185, 1173, 302, -1476, -39, 619, 488, 541, 668, 1298, 
-570, -1747, -1176, 1159, 302, -1461, -43, 634, 497, 556, 683, 1307, 
-561, -1722, -1161, 1141, 300, -1442, -58, 644, 502, 556, 688, 1322, 
-556, -1708, -1151, 1132, 297, -1429, -58, 658, 502, 570, 697, 1332, 
-546, -1693, -1146, 1119, 300, -1420, -63, 663, 507, 580, 707, 1346, 
-541, -1673, -1132, 1107, 295, -1403, -68, 678, 512, 595, 727, 1356, 
-536, -1668, -1132, 1102, 297, -1400, -73, 683, 517, 614, 746, 1356, 
-531, -1659, -1127, 1095, 297, -1393, -78, 692, 527, 619, 766, 1366, 
-527, -1649, -1122, 1088, 297, -1385, -82, 697, 536, 629, 775, 1376, 
-522, -1634, -1112, 1078, 295, -1373, -87, 702, 536, 649, 785, 1385, 
-522, -1629, -1107, 1076, 292, -1368, -87, 717, 551, 649, 790, 1395, 
-512, -1615, -1102, 1063, 295, -1359, -92, 722, 556, 658, 800, 1400, 
-507, -1600, -1093, 1054, 292, -1346, -97, 722, 566, 668, 810, 1410, 
-507, -1586, -1078, 1046, 285, -1332, -102, 722, 570, 678, 814, 1420, 
-497, -1581, -1083, 1039, 292, -1332, -97, 727, 566, 683, 824, 1420, 
-497, -1566, -1068, 1032, 285, -1317, -97, 727, 575, 692, 834, 1420, 
-492, -1556, -1063, 1024, 285, -1310, -102, 732, 575, 697, 839, 1424, 
-488, -1551, -1063, 1019, 287, -1307, -102, 732, 580, 702, 849, 1439, 
-492, -1542, -1049, 1017, 278, -1295, -102, 722, 585, 712, 858, 1439, 
-492, -1532, -1039, 1012, 273, -1285, -102, 722, 585, 712, 863, 1439, 
-492, -1527, -1034, 1010, 270, -1281, -112, 717, 590, 722, 878, 1444, 
-492, -1517, -1024, 1005, 265, -1271, -112, 712, 595, 727, 883, 1449, 
-492, -1512, -1019, 1002, 263, -1266, -112, 712, 610, 722, 878, 1464, 
-492, -1512, -1019, 1002, 263, -1266, -112, 702, 610, 727, 878, 1464, 
-492, -1512, -1019, 1002, 263, -1266, -112, 692, 610, 727, 878, 1468, 
-497, -1517, -1019, 1007, 261, -1268, -107, 678, 610, 727, 878, 1468, 
-507, -1517, -1010, 1012, 251, -1263, -92, 673, 600, 712, 863, 1459, 
-512, -1527, -1015, 1019, 251, -1271, -92, 658, 600, 707, 863, 1454, 
-517, -1532, -1015, 1024, 248, -1273, -92, 634, 600, 707, 858, 1449, 
-527, -1546, -1019, 1037, 246, -1283, -87, 619, 595, 697, 849, 1444, 
-536, -1556, -1019, 1046, 241, -1288, -78, 610, 600, 688, 829, 1424, 
-546, -1576, -1029, 1061, 241, -1302, -63, 590, 595, 678, 810, 1415, 
-556, -1586, -1029, 1071, 236, -1307, -48, 575, 590, 658, 800, 1395, 
-566, -1605, -1039, 1085, 236, -1322, -29, 561, 585, 649, 785, 1385, 
-575, -1634, -1058, 1105, 241, -1346, -29, 556, 580, 624, 771, 1361, 
-585, -1649, -1063, 1117, 239, -1356, -24, 541, 570, 605, 751, 1351, 
-595, -1673, -1078, 1134, 241, -1376, -19, 531, 566, 590, 736, 1342, 
-600, -1688, -1088, 1144, 244, -1388, -9, 512, 556, 575, 722, 1327, 
-605, -1703, -1098, 1154, 246, -1400, 4, 483, 551, 575, 712, 1322, 
-614, -1722, -1107, 1168, 246, -1415, 9, 468, 536, 561, 697, 1307, 
-624, -1737, -1112, 1180, 244, -1424, 14, 448, 531, 551, 683, 1302, 
-634, -1756, -1122, 1195, 244, -1439, 14, 439, 522, 536, 668, 1298, 
-649, -1761, -1112, 1205, 231, -1437, 24, 439, 517, 531, 663, 1273, 
-653, -1786, -1132, 1220, 239, -1459, 29, 429, 507, 522, 649, 1268, 
-658, -1805, -1146, 1232, 244, -1476, 39, 424, 502, 507, 639, 1263, 
-663, -1815, -1151, 1239, 244, -1483, 43, 414, 492, 502, 624, 1254, 
-663, -1825, -1161, 1244, 248, -1493, 34, 400, 492, 488, 614, 1249, 
-673, -1834, -1161, 1254, 244, -1498, 34, 385, 488, 483, 610, 1239, 
-678, -1849, -1171, 1263, 246, -1510, 34, 380, 483, 483, 610, 1234, 
-683, -1854, -1171, 1268, 244, -1512, 29, 370, 478, 473, 600, 1229, 
-683, -1849, -1166, 1266, 241, -1507, 29, 370, 473, 468, 590, 1234, 
-688, -1859, -1171, 1273, 241, -1515, 34, 366, 463, 463, 585, 1224, 
-688, -1869, -1180, 1278, 246, -1525, 34, 356, 458, 458, 575, 1220, 
-692, -1869, -1176, 1281, 241, -1522, 34, 351, 448, 448, 570, 1215, 
-688, -1883, -1195, 1285, 253, -1539, 29, 346, 444, 444, 575, 1210, 
-692, -1883, -1190, 1288, 248, -1537, 29, 346, 444, 439, 575, 1210, 
-692, -1888, -1195, 1290, 251, -1542, 29, 341, 439, 439, 575, 1205, 
-688, -1893, -1205, 1290, 258, -1549, 29, 331, 439, 439, 570, 1205, 
-688, -1898, -1210, 1293, 261, -1554, 29, 326, 444, 434, 561, 1205, 
-688, -1903, -1215, 1295, 263, -1559, 29, 317, 444, 434, 556, 1210, 
-688, -1903, -1215, 1295, 263, -1559, 24, 317, 439, 434, 556, 1215, 
-688, -1908, -1220, 1298, 265, -1564, 24, 312, 439, 434, 556, 1215, 
-688, -1898, -1210, 1293, 261, -1554, 24, 312, 429, 434, 561, 1210, 
-688, -1903, -1215, 1295, 263, -1559, 24, 307, 429, 429, 556, 1200, 
-688, -1903, -1215, 1295, 263, -1559, 24, 302, 419, 429, 556, 1195, 
-688, -1898, -1210, 1293, 261, -1554, 24, 302, 419, 429, 561, 1190, 
-688, -1908, -1220, 1298, 265, -1564, 24, 302, 419, 439, 561, 1195, 
-688, -1908, -1220, 1298, 265, -1564, 24, 302, 419, 439, 561, 1195, 
-688, -1908, -1220, 1298, 265, -1564, 24, 297, 419, 434, 561, 1195, 
-688, -1908, -1220, 1298, 265, -1564, 24, 297, 419, 434, 561, 1195, 
-688, -1898, -1210, 1293, 261, -1554, 34, 297, 419, 429, 556, 1205, 
-697, -1898, -1200, 1298, 251, -1549, 34, 297, 419, 429, 556, 1200, 
-697, -1898, -1200, 1298, 251, -1549, 34, 292, 419, 429, 561, 1200, 
-697, -1898, -1200, 1298, 251, -1549, 34, 292, 419, 429, 561, 1200, 
-692, -1908, -1215, 1300, 261, -1561, 24, 292, 429, 439, 570, 1200, 
-692, -1908, -1215, 1300, 261, -1561, 24, 292, 429, 439, 570, 1205, 
-692, -1908, -1215, 1300, 261, -1561, 24, 292, 429, 439, 570, 1205, 
-692, -1903, -1210, 1298, 258, -1556, 24, 297, 429, 439, 570, 1200, 
-697, -1903, -1205, 1300, 253, -1554, 24, 307, 429, 439, 561, 1210, 
-697, -1903, -1205, 1300, 253, -1554, 24, 307, 429, 444, 566, 1210, 
-697, -1903, -1205, 1300, 253, -1554, 24, 307, 429, 444, 566, 1210, 
-697, -1903, -1205, 1300, 253, -1554, 24, 312, 429, 444, 566, 1210, 
-688, -1893, -1205, 1290, 258, -1549, 24, 302, 429, 434, 566, 1205, 
-688, -1893, -1205, 1290, 258, -1549, 24, 302, 429, 434, 566, 1205, 
-688, -1888, -1200, 1288, 256, -1544, 24, 302, 434, 434, 566, 1205, 
-688, -1888, -1200, 1288, 256, -1544, 24, 302, 434, 434, 566, 1205, 
-688, -1888, -1200, 1288, 256, -1544, 34, 312, 434, 444, 575, 1215, 
-688, -1888, -1200, 1288, 256, -1544, 34, 312, 429, 444, 580, 1215, 
-688, -1888, -1200, 1288, 256, -1544, 34, 312, 429, 444, 580, 1215, 
-688, -1883, -1195, 1285, 253, -1539, 29, 312, 434, 444, 580, 1215, 
-688, -1873, -1185, 1281, 248, -1529, 29, 322, 434, 439, 575, 1220, 
-688, -1873, -1185, 1281, 248, -1529, 29, 322, 434, 439, 575, 1220, 
-688, -1873, -1185, 1281, 248, -1529, 29, 322, 434, 439, 575, 1224, 
-688, -1873, -1185, 1281, 248, -1529, 29, 331, 434, 439, 575, 1224, 
-683, -1873, -1190, 1278, 253, -1532, 29, 322, 439, 448, 585, 1215, 
-683, -1869, -1185, 1276, 251, -1527, 29, 322, 439, 453, 585, 1215, 
-683, -1864, -1180, 1273, 248, -1522, 29, 322, 439, 453, 585, 1215, 
-683, -1864, -1180, 1273, 248, -1522, 29, 322, 439, 453, 585, 1215, 
-683, -1873, -1190, 1278, 253, -1532, 39, 331, 444, 453, 585, 1229, 
-683, -1873, -1190, 1278, 253, -1532, 43, 331, 444, 453, 590, 1229, 
-683, -1869, -1185, 1276, 251, -1527, 43, 331, 444, 458, 590, 1229, 
-683, -1864, -1180, 1273, 248, -1522, 43, 331, 444, 458, 590, 1229, 
-683, -1864, -1180, 1273, 248, -1522, 43, 331, 444, 458, 600, 1229, 
-683, -1864, -1180, 1273, 248, -1522, 43, 331, 444, 458, 600, 1234, 
-683, -1864, -1180, 1273, 248, -1522, 43, 331, 439, 458, 600, 1234, 
-678, -1864, -1185, 1271, 253, -1525, 43, 331, 439, 458, 605, 1234, 
-678, -1873, -1195, 1276, 258, -1534, 34, 331, 439, 448, 595, 1234, 
-683, -1869, -1185, 1276, 251, -1527, 34, 331, 439, 448, 600, 1234, 
-683, -1869, -1185, 1276, 251, -1527, 34, 331, 439, 448, 600, 1234, 
-678, -1869, -1190, 1273, 256, -1529, 34, 331, 439, 448, 595, 1229, 
-678, -1859, -1180, 1268, 251, -1520, 43, 341, 439, 453, 595, 1220, 
-678, -1854, -1176, 1266, 248, -1515, 43, 341, 439, 453, 600, 1220, 
-678, -1854, -1176, 1266, 248, -1515, 43, 341, 439, 453, 600, 1220, 
-678, -1854, -1176, 1266, 248, -1515, 43, 341, 439, 453, 600, 1220, 
-678, -1854, -1176, 1266, 248, -1515, 43, 341, 444, 463, 600, 1220, 
-678, -1854, -1176, 1266, 248, -1515, 43, 346, 444, 463, 595, 1220, 
-678, -1854, -1176, 1266, 248, -1515, 43, 346, 444, 463, 595, 1224, 
-678, -1854, -1176, 1266, 248, -1515, 43, 341, 444, 463, 600, 1224, 
-678, -1864, -1185, 1271, 253, -1525, 43, 341, 444, 463, 600, 1234, 
-678, -1864, -1185, 1271, 253, -1525, 43, 341, 444, 463, 595, 1234, 
-678, -1864, -1185, 1271, 253, -1525, 43, 341, 444, 463, 595, 1234, 
-678, -1864, -1185, 1271, 253, -1525, 43, 341, 444, 463, 595, 1229, 
-678, -1854, -1176, 1266, 248, -1515, 43, 341, 439, 453, 595, 1229, 
-678, -1854, -1176, 1266, 248, -1515, 43, 341, 439, 453, 595, 1229, 
-678, -1854, -1176, 1266, 248, -1515, 43, 341, 439, 453, 595, 1229, 
-678, -1854, -1176, 1266, 248, -1515, 43, 341, 439, 453, 595, 1229, 
-678, -1864, -1185, 1271, 253, -1525, 53, 331, 439, 463, 595, 1220, 
-678, -1864, -1185, 1271, 253, -1525, 53, 331, 439, 463, 595, 1220, 
-678, -1864, -1185, 1271, 253, -1525, 53, 331, 439, 458, 595, 1220, 
-678, -1864, -1185, 1271, 253, -1525, 53, 331, 439, 458, 595, 1220, 
-688, -1869, -1180, 1278, 246, -1525, 53, 331, 429, 458, 595, 1220, 
-688, -1869, -1180, 1278, 246, -1525, 53, 331, 429, 458, 595, 1220, 
-688, -1869, -1180, 1278, 246, -1525, 53, 331, 429, 458, 595, 1220, 
-688, -1869, -1180, 1278, 246, -1525, 53, 331, 429, 458, 595, 1220, 
-688, -1869, -1180, 1278, 246, -1525, 53, 322, 434, 448, 595, 1220, 
-688, -1869, -1180, 1278, 246, -1525, 53, 322, 429, 448, 595, 1215, 
-688, -1869, -1180, 1278, 246, -1525, 53, 322, 429, 448, 590, 1215, 
-688, -1869, -1180, 1278, 246, -1525, 53, 322, 429, 448, 590, 1215, 
-678, -1859, -1180, 1268, 251, -1520, 53, 331, 419, 448, 595, 1215, 
-678, -1859, -1180, 1268, 251, -1520, 53, 331, 419, 448, 595, 1215, 
-678, -1859, -1180, 1268, 251, -1520, 53, 331, 414, 448, 595, 1215, 
-678, -1859, -1180, 1268, 251, -1520, 58, 326, 414, 448, 595, 1215, 
-678, -1864, -1185, 1271, 253, -1525, 58, 322, 414, 448, 595, 1224, 
-678, -1864, -1185, 1271, 253, -1525, 58, 322, 414, 448, 595, 1224, 
-678, -1864, -1185, 1271, 253, -1525, 58, 322, 414, 448, 595, 1224, 
-678, -1864, -1185, 1271, 253, -1525, 58, 322, 414, 448, 595, 1224, 
-688, -1864, -1176, 1276, 244, -1520, 58, 322, 414, 448, 595, 1224, 
-688, -1864, -1176, 1276, 244, -1520, 58, 322, 414, 448, 595, 1220, 
-688, -1864, -1176, 1276, 244, -1520, 58, 322, 414, 444, 595, 1220, 
-688, -1864, -1176, 1276, 244, -1520, 58, 317, 414, 444, 595, 1220, 
-688, -1873, -1185, 1281, 248, -1529, 58, 317, 419, 444, 595, 1220, 
-688, -1873, -1185, 1281, 248, -1529, 63, 317, 414, 444, 590, 1220, 
-688, -1873, -1185, 1281, 248, -1529, 63, 317, 414, 444, 590, 1215, 
-688, -1873, -1185, 1281, 248, -1529, 63, 317, 414, 444, 590, 1215, 
-678, -1873, -1195, 1276, 258, -1534, 63, 326, 409, 444, 580, 1224, 
-678, -1883, -1205, 1281, 263, -1544, 63, 326, 409, 444, 580, 1224, 
-678, -1883, -1205, 1281, 263, -1544, 63, 322, 409, 444, 580, 1220, 
-678, -1878, -1200, 1278, 261, -1539, 63, 322, 405, 444, 580, 1220, 
-688, -1878, -1190, 1283, 251, -1534, 73, 322, 405, 444, 580, 1210, 
-688, -1878, -1190, 1283, 251, -1534, 73, 317, 405, 444, 580, 1210, 
-688, -1878, -1190, 1283, 251, -1534, 73, 317, 405, 444, 580, 1210, 
-688, -1878, -1190, 1283, 251, -1534, 78, 317, 405, 448, 580, 1210, 
-688, -1883, -1195, 1285, 253, -1539, 78, 317, 405, 448, 580, 1220, 
-688, -1883, -1195, 1285, 253, -1539, 78, 312, 405, 439, 580, 1220, 
-688, -1883, -1195, 1285, 253, -1539, 78, 312, 405, 439, 580, 1220, 
-688, -1883, -1195, 1285, 253, -1539, 78, 312, 405, 439, 580, 1220, 
-688, -1883, -1195, 1285, 253, -1539, 78, 312, 405, 439, 585, 1224, 
-688, -1883, -1195, 1285, 253, -1539, 78, 312, 405, 439, 585, 1220, 
-688, -1883, -1195, 1285, 253, -1539, 78, 312, 405, 439, 585, 1220, 
-688, -1883, -1195, 1285, 253, -1539, 78, 312, 405, 439, 585, 1224, 
-688, -1873, -1185, 1281, 248, -1529, 73, 317, 400, 439, 585, 1229, 
-688, -1873, -1185, 1281, 248, -1529, 73, 317, 405, 439, 585, 1229, 
-692, -1873, -1180, 1283, 244, -1527, 78, 312, 400, 439, 595, 1220, 
-692, -1873, -1180, 1283, 244, -1527, 78, 302, 400, 429, 585, 1210, 
-692, -1873, -1180, 1283, 244, -1527, 78, 302, 400, 429, 585, 1210, 
-692, -1873, -1180, 1283, 244, -1527, 78, 302, 400, 429, 585, 1210, 
-692, -1873, -1180, 1283, 244, -1527, 78, 302, 400, 429, 585, 1210, 
-692, -1873, -1180, 1283, 244, -1527, 78, 302, 400, 429, 575, 1220, 
-692, -1873, -1180, 1283, 244, -1527, 82, 302, 400, 429, 575, 1220, 
-692, -1873, -1180, 1283, 244, -1527, 82, 302, 400, 434, 575, 1220, 
-692, -1873, -1180, 1283, 244, -1527, 82, 302, 400, 434, 575, 1220, 
-692, -1878, -1185, 1285, 246, -1532, 87, 312, 400, 434, 575, 1210, 
-692, -1878, -1185, 1285, 246, -1532, 87, 312, 400, 434, 575, 1210, 
-692, -1878, -1185, 1285, 246, -1532, 87, 312, 400, 429, 575, 1210, 
-692, -1878, -1185, 1285, 246, -1532, 87, 317, 400, 429, 570, 1210, 
-692, -1878, -1185, 1285, 246, -1532, 87, 317, 400, 429, 580, 1220, 
-692, -1878, -1185, 1285, 246, -1532, 92, 317, 400, 434, 580, 1220, 
-692, -1878, -1185, 1285, 246, -1532, 92, 317, 405, 434, 580, 1220, 
-692, -1878, -1185, 1285, 246, -1532, 92, 317, 405, 434, 585, 1220, 
-692, -1878, -1185, 1285, 246, -1532, 92, 317, 405, 434, 585, 1229, 
-688, -1878, -1190, 1283, 251, -1534, 92, 317, 405, 434, 585, 1234, 
-688, -1869, -1180, 1278, 246, -1525, 97, 322, 409, 439, 590, 1239, 
-683, -1859, -1176, 1271, 246, -1517, 107, 336, 414, 448, 595, 1239, 
-683, -1834, -1151, 1259, 234, -1493, 112, 341, 424, 453, 605, 1239, 
-678, -1825, -1146, 1251, 234, -1485, 117, 346, 429, 458, 605, 1249, 
-673, -1810, -1137, 1241, 231, -1473, 122, 351, 434, 463, 610, 1254, 
-673, -1810, -1137, 1241, 231, -1473, 131, 361, 444, 468, 614, 1259, 
-683, -1805, -1122, 1244, 219, -1464, 126, 366, 453, 473, 624, 1263, 
-678, -1795, -1117, 1237, 219, -1456, 141, 370, 458, 483, 634, 1268, 
-673, -1786, -1112, 1229, 219, -1449, 146, 380, 473, 497, 639, 1273, 
-673, -1771, -1098, 1222, 212, -1434, 151, 390, 478, 497, 649, 1283, 
-658, -1756, -1098, 1207, 219, -1427, 161, 390, 478, 488, 649, 1288, 
-658, -1751, -1093, 1205, 217, -1422, 161, 395, 483, 492, 649, 1288, 
-658, -1751, -1093, 1205, 217, -1422, 165, 395, 483, 492, 653, 1288, 
-663, -1751, -1088, 1207, 212, -1420, 170, 400, 488, 492, 653, 1293, 
-663, -1756, -1093, 1210, 214, -1424, 170, 400, 488, 502, 644, 1293, 
-663, -1751, -1088, 1207, 212, -1420, 170, 400, 492, 502, 653, 1293, 
-663, -1747, -1083, 1205, 209, -1415, 170, 400, 497, 512, 653, 1293, 
-663, -1742, -1078, 1202, 207, -1410, 165, 395, 502, 517, 658, 1302, 
-663, -1722, -1058, 1193, 197, -1390, 151, 390, 502, 512, 658, 1307, 
-668, -1712, -1044, 1190, 187, -1378, 151, 390, 507, 517, 663, 1312, 
-668, -1708, -1039, 1188, 185, -1373, 146, 385, 507, 517, 663, 1312, 
-668, -1708, -1039, 1188, 185, -1373, 141, 375, 507, 522, 668, 1317, 
-673, -1698, -1024, 1185, 175, -1361, 131, 370, 507, 531, 668, 1332, 
-663, -1683, -1019, 1173, 178, -1351, 126, 366, 507, 536, 678, 1332, 
-658, -1668, -1010, 1163, 175, -1339, 117, 366, 517, 541, 683, 1337, 
-658, -1668, -1010, 1163, 175, -1339, 107, 361, 507, 546, 683, 1342, 
-649, -1664, -1015, 1156, 183, -1339, 92, 356, 502, 536, 678, 1332, 
-644, -1673, -1029, 1159, 192, -1351, 87, 351, 497, 531, 673, 1327, 
-639, -1678, -1039, 1159, 200, -1359, 82, 346, 492, 527, 673, 1322, 
-624, -1678, -1054, 1151, 214, -1366, 82, 346, 488, 527, 673, 1322, 
-624, -1688, -1063, 1156, 219, -1376, 82, 356, 488, 527, 658, 1322, 
-624, -1688, -1063, 1156, 219, -1376, 82, 356, 488, 527, 658, 1322, 
-629, -1693, -1063, 1161, 217, -1378, 82, 346, 478, 522, 653, 1322, 
-639, -1703, -1063, 1171, 212, -1383, 78, 331, 468, 517, 644, 1317, 
-639, -1727, -1088, 1183, 224, -1407, 58, 307, 448, 507, 634, 1302, 
-639, -1747, -1107, 1193, 234, -1427, 58, 302, 434, 497, 619, 1302, 
-644, -1756, -1112, 1200, 234, -1434, 58, 302, 424, 483, 610, 1293, 
-663, -1776, -1112, 1220, 224, -1444, 63, 307, 424, 478, 605, 1288, 
-678, -1800, -1122, 1239, 222, -1461, 82, 317, 424, 473, 610, 1273, 
-692, -1820, -1127, 1256, 217, -1473, 87, 322, 424, 463, 605, 1263, 
-702, -1844, -1141, 1273, 219, -1493, 97, 322, 414, 453, 590, 1254, 
-702, -1864, -1161, 1283, 229, -1512, 97, 317, 405, 439, 585, 1239, 
-702, -1869, -1166, 1285, 231, -1517, 97, 317, 390, 424, 566, 1234, 
-707, -1878, -1171, 1293, 231, -1525, 97, 317, 385, 419, 566, 1229, 
-707, -1888, -1180, 1298, 236, -1534, 92, 317, 380, 419, 556, 1229, 
-707, -1888, -1180, 1298, 236, -1534, 92, 312, 375, 414, 551, 1224, 
-707, -1883, -1176, 1295, 234, -1529, 92, 312, 375, 414, 561, 1224, 
-702, -1883, -1180, 1293, 239, -1532, 87, 312, 375, 409, 561, 1220, 
-702, -1893, -1190, 1298, 244, -1542, 87, 312, 370, 405, 556, 1215, 
-702, -1898, -1195, 1300, 246, -1546, 87, 302, 366, 400, 551, 1210, 
-702, -1912, -1210, 1307, 253, -1561, 87, 302, 351, 400, 536, 1205, 
-702, -1912, -1210, 1307, 253, -1561, 87, 302, 346, 395, 536, 1200, 
-702, -1917, -1215, 1310, 256, -1566, 87, 297, 346, 395, 536, 1200, 
-702, -1917, -1215, 1310, 256, -1566, 87, 297, 351, 395, 536, 1205, 
-702, -1917, -1215, 1310, 256, -1566, 87, 297, 351, 400, 536, 1205, 
-702, -1917, -1215, 1310, 256, -1566, 87, 302, 351, 400, 536, 1205, 
-702, -1917, -1215, 1310, 256, -1566, 87, 302, 351, 400, 536, 1205, 
-702, -1917, -1215, 1310, 256, -1566, 87, 302, 351, 400, 536, 1210, 
-712, -1908, -1195, 1310, 241, -1551, 97, 312, 361, 400, 541, 1210, 
-712, -1912, -1200, 1312, 244, -1556, 97, 312, 361, 400, 541, 1210, 
-712, -1912, -1200, 1312, 244, -1556, 97, 317, 361, 405, 541, 1205, 
-712, -1912, -1200, 1312, 244, -1556, 97, 317, 361, 405, 541, 1205, 
-702, -1908, -1205, 1305, 251, -1556, 97, 317, 351, 405, 541, 1205, 
-702, -1917, -1215, 1310, 256, -1566, 97, 307, 361, 400, 531, 1215, 
-707, -1908, -1200, 1307, 246, -1554, 97, 317, 366, 400, 531, 1205, 
-697, -1912, -1215, 1305, 258, -1564, 102, 326, 366, 395, 527, 1200, 
-697, -1927, -1229, 1312, 265, -1578, 117, 370, 356, 385, 517, 1190, 
-692, -1956, -1263, 1324, 285, -1610, 141, 439, 375, 366, 512, 1180, 
-692, -1971, -1278, 1332, 292, -1625, 170, 502, 395, 341, 507, 1161, 
-692, -1986, -1293, 1339, 300, -1639, 200, 556, 405, 341, 512, 1151, 
-692, -2005, -1312, 1349, 309, -1659, 234, 614, 424, 331, 512, 1146, 
-688, -2005, -1317, 1346, 314, -1661, 253, 673, 439, 326, 507, 1137, 
-658, -2015, -1356, 1337, 348, -1686, 278, 746, 453, 317, 497, 1117, 
-619, -2015, -1395, 1317, 387, -1705, 317, 849, 478, 317, 497, 1117, 
-600, -1986, -1385, 1293, 392, -1686, 346, 927, 522, 341, 522, 1122, 
-566, -1927, -1361, 1246, 397, -1644, 366, 985, 561, 375, 566, 1161, 
-522, -1859, -1337, 1190, 407, -1598, 336, 976, 585, 429, 629, 1210, 
-502, -1737, -1234, 1119, 366, -1485, 292, 883, 624, 527, 722, 1302, 
-502, -1576, -1073, 1039, 285, -1324, 244, 766, 697, 658, 873, 1424, 
-527, -1351, -824, 939, 148, -1088, 175, 561, 785, 829, 1058, 1586, 
-566, -1102, -536, 834, -14, -819, 39, 244, 849, 1034, 1263, 1790, 
-614, -873, -258, 744, -178, -566, -156, -107, 873, 1234, 1459, 1976, 
-624, -697, -73, 661, -275, -385, -356, -424, 873, 1390, 1605, 2132, 
-634, -541, 92, 588, -363, -224, -551, -702, 868, 1517, 1737, 2249, 
-649, -434, 214, 541, -431, -109, -707, -927, 868, 1600, 1830, 2322, 
-678, -424, 253, 551, -466, -85, -814, -1063, 854, 1625, 1859, 2342, 
-688, -502, 185, 595, -436, -158, -878, -1088, 800, 1581, 1800, 2293, 
-688, -673, 14, 680, -351, -329, -917, -1088, 673, 1434, 1639, 2186, 
-732, -922, -190, 827, -270, -556, -897, -1102, 483, 1220, 1376, 2025, 
-800, -1195, -395, 997, -202, -795, -834, -1156, 273, 990, 1083, 1830, 
-868, -1434, -566, 1151, -151, -1000, -795, -1190, 87, 785, 834, 1659, 
-883, -1649, -766, 1266, -58, -1207, -780, -1200, -82, 600, 614, 1498, 
-863, -1839, -976, 1351, 56, -1407, -746, -1132, -204, 453, 439, 1356, 
-854, -1966, -1112, 1410, 129, -1539, -688, -1010, -273, 361, 336, 1273, 
-849, -2049, -1200, 1449, 175, -1625, -619, -858, -273, 297, 278, 1205, 
-829, -2088, -1259, 1459, 214, -1673, -536, -683, -224, 258, 263, 1161, 
-824, -2108, -1283, 1466, 229, -1695, -453, -546, -165, 239, 263, 1132, 
-819, -2117, -1298, 1468, 239, -1708, -390, -434, -117, 239, 283, 1132, 
-800, -2098, -1298, 1449, 248, -1698, -331, -326, -53, 253, 307, 1132, 
-766, -2069, -1302, 1417, 268, -1686, -248, -195, 9, 273, 341, 1141, 
-741, -2034, -1293, 1388, 275, -1664, -161, -58, 82, 302, 380, 1156, 
-722, -2010, -1288, 1366, 283, -1649, -73, 53, 151, 317, 419, 1171, 
-712, -1995, -1283, 1354, 285, -1639, -4, 151, 209, 331, 463, 1190, 
-712, -1991, -1278, 1351, 283, -1634, 43, 200, 244, 346, 478, 1190, 
-712, -1966, -1254, 1339, 270, -1610, 63, 224, 273, 361, 492, 1200, 
-717, -1937, -1220, 1327, 251, -1578, 68, 253, 307, 361, 502, 1210, 
-717, -1917, -1200, 1317, 241, -1559, 73, 258, 312, 370, 507, 1210, 
-702, -1898, -1195, 1300, 246, -1546, 73, 273, 312, 375, 502, 1210, 
-697, -1893, -1195, 1295, 248, -1544, 82, 297, 326, 380, 512, 1224, 
-702, -1888, -1185, 1295, 241, -1537, 87, 322, 331, 390, 522, 1224, 
-697, -1893, -1195, 1295, 248, -1544, 107, 341, 331, 390, 522, 1224, 
-692, -1898, -1205, 1295, 256, -1551, 122, 361, 331, 390, 522, 1220, 
-692, -1903, -1210, 1298, 258, -1556, 131, 361, 336, 390, 517, 1220, 
-692, -1908, -1215, 1300, 261, -1561, 136, 351, 341, 385, 517, 1215, 
-692, -1908, -1215, 1300, 261, -1561, 136, 351, 341, 385, 522, 1215, 
-697, -1908, -1210, 1302, 256, -1559, 136, 351, 346, 385, 522, 1215, 
-697, -1908, -1210, 1302, 256, -1559, 131, 351, 346, 385, 522, 1215, 
-697, -1898, -1200, 1298, 251, -1549, 126, 361, 351, 385, 512, 1215, 
-692, -1888, -1195, 1290, 251, -1542, 126, 361, 351, 385, 512, 1215, 
-692, -1888, -1195, 1290, 251, -1542, 131, 370, 351, 390, 517, 1215, 
-692, -1888, -1195, 1290, 251, -1542, 131, 375, 351, 390, 517, 1215, 
-692, -1888, -1195, 1290, 251, -1542, 141, 380, 346, 390, 527, 1229, 
-692, -1888, -1195, 1290, 251, -1542, 141, 380, 346, 390, 527, 1229, 
-692, -1888, -1195, 1290, 251, -1542, 141, 385, 346, 390, 527, 1229, 
-692, -1888, -1195, 1290, 251, -1542, 141, 385, 351, 390, 531, 1229, 
-692, -1883, -1190, 1288, 248, -1537, 141, 385, 351, 380, 522, 1220, 
-683, -1883, -1200, 1283, 258, -1542, 141, 385, 351, 385, 522, 1220, 
-683, -1883, -1200, 1283, 258, -1542, 141, 385, 356, 390, 522, 1220, 
-683, -1883, -1200, 1283, 258, -1542, 146, 390, 356, 390, 527, 1224, 
-692, -1878, -1185, 1285, 246, -1532, 146, 390, 356, 400, 527, 1234, 
-688, -1878, -1190, 1283, 251, -1534, 146, 390, 361, 400, 527, 1234, 
-688, -1869, -1180, 1278, 246, -1525, 146, 395, 361, 400, 527, 1234, 
-688, -1869, -1180, 1278, 246, -1525, 146, 395, 361, 400, 527, 1234, 
-688, -1869, -1180, 1278, 246, -1525, 146, 395, 361, 405, 527, 1239, 
-688, -1864, -1176, 1276, 244, -1520, 146, 400, 361, 405, 531, 1239, 
-688, -1864, -1176, 1276, 244, -1520, 146, 400, 366, 405, 536, 1239, 
-688, -1864, -1176, 1276, 244, -1520, 146, 405, 366, 409, 536, 1239, 
-678, -1864, -1185, 1271, 253, -1525, 156, 414, 366, 409, 541, 1239, 
-678, -1859, -1180, 1268, 251, -1520, 156, 424, 370, 405, 546, 1239, 
-678, -1859, -1180, 1268, 251, -1520, 161, 424, 370, 405, 546, 1244, 
-678, -1859, -1180, 1268, 251, -1520, 165, 424, 370, 414, 546, 1249, 
-673, -1849, -1176, 1261, 251, -1512, 165, 424, 375, 405, 546, 1249, 
-673, -1849, -1176, 1261, 251, -1512, 165, 429, 375, 405, 546, 1249, 
-673, -1844, -1171, 1259, 248, -1507, 161, 429, 380, 409, 541, 1249, 
-673, -1844, -1171, 1259, 248, -1507, 161, 439, 380, 409, 541, 1249, 
-673, -1849, -1176, 1261, 251, -1512, 161, 429, 380, 400, 546, 1249, 
-673, -1844, -1171, 1259, 248, -1507, 161, 429, 380, 405, 551, 1249, 
-673, -1839, -1166, 1256, 246, -1503, 161, 429, 380, 405, 556, 1254, 
-673, -1834, -1161, 1254, 244, -1498, 161, 434, 385, 405, 556, 1259, 
-673, -1844, -1171, 1259, 248, -1507, 161, 434, 375, 409, 551, 1259, 
-673, -1839, -1166, 1256, 246, -1503, 165, 434, 380, 409, 551, 1259, 
-673, -1839, -1166, 1256, 246, -1503, 165, 444, 380, 414, 551, 1263, 
-673, -1834, -1161, 1254, 244, -1498, 165, 444, 385, 414, 551, 1263, 
-668, -1825, -1156, 1246, 244, -1490, 165, 444, 385, 414, 556, 1263, 
-663, -1820, -1156, 1241, 246, -1488, 165, 448, 385, 409, 561, 1263, 
-663, -1820, -1156, 1241, 246, -1488, 165, 448, 385, 409, 561, 1263, 
-658, -1815, -1156, 1237, 248, -1485, 165, 458, 390, 414, 561, 1263, 
-658, -1815, -1156, 1237, 248, -1485, 165, 458, 390, 419, 566, 1268, 
-658, -1810, -1151, 1234, 246, -1481, 165, 463, 390, 419, 566, 1268, 
-658, -1800, -1141, 1229, 241, -1471, 165, 468, 395, 424, 566, 1268, 
-658, -1800, -1141, 1229, 241, -1471, 165, 473, 395, 424, 570, 1273, 
-658, -1800, -1141, 1229, 241, -1471, 175, 478, 390, 429, 570, 1278, 
-658, -1795, -1137, 1227, 239, -1466, 175, 483, 390, 429, 580, 1278, 
-658, -1790, -1132, 1224, 236, -1461, 175, 488, 390, 434, 580, 1278, 
-653, -1790, -1137, 1222, 241, -1464, 170, 492, 395, 434, 580, 1283, 
-639, -1790, -1151, 1215, 256, -1471, 170, 507, 395, 424, 570, 1283, 
-639, -1786, -1146, 1212, 253, -1466, 170, 517, 395, 429, 575, 1283, 
-639, -1781, -1141, 1210, 251, -1461, 175, 522, 400, 434, 585, 1288, 
-634, -1781, -1146, 1207, 256, -1464, 175, 531, 400, 434, 585, 1293, 
-634, -1766, -1132, 1200, 248, -1449, 175, 527, 405, 434, 585, 1298, 
-634, -1761, -1127, 1198, 246, -1444, 175, 536, 405, 434, 590, 1298, 
-629, -1756, -1127, 1193, 248, -1442, 170, 541, 409, 439, 590, 1298, 
-619, -1751, -1132, 1185, 256, -1442, 170, 556, 409, 439, 600, 1298, 
-619, -1747, -1127, 1183, 253, -1437, 165, 575, 419, 444, 605, 1317, 
-624, -1742, -1117, 1183, 246, -1429, 165, 580, 419, 448, 610, 1322, 
-629, -1732, -1102, 1180, 236, -1417, 165, 595, 424, 453, 614, 1327, 
-629, -1722, -1093, 1176, 231, -1407, 165, 610, 429, 458, 619, 1332, 
-624, -1712, -1088, 1168, 231, -1400, 175, 619, 444, 468, 624, 1332, 
-619, -1708, -1088, 1163, 234, -1398, 170, 629, 444, 478, 634, 1337, 
-614, -1703, -1088, 1159, 236, -1395, 170, 644, 444, 488, 634, 1346, 
-610, -1688, -1078, 1149, 234, -1383, 170, 658, 448, 497, 639, 1351, 
-605, -1678, -1073, 1141, 234, -1376, 175, 668, 453, 497, 653, 1351, 
-600, -1668, -1068, 1134, 234, -1368, 175, 688, 458, 502, 668, 1356, 
-595, -1654, -1058, 1124, 231, -1356, 175, 702, 468, 517, 678, 1366, 
-590, -1644, -1054, 1117, 231, -1349, 170, 717, 478, 522, 678, 1376, 
-580, -1634, -1054, 1107, 236, -1344, 165, 732, 473, 527, 697, 1395, 
-570, -1620, -1049, 1095, 239, -1334, 161, 746, 483, 541, 707, 1405, 
-570, -1610, -1039, 1090, 234, -1324, 156, 766, 488, 551, 717, 1415, 
-561, -1590, -1029, 1076, 234, -1310, 151, 780, 497, 566, 732, 1424, 
-551, -1576, -1024, 1063, 236, -1300, 146, 800, 507, 575, 736, 1429, 
-546, -1561, -1015, 1054, 234, -1288, 146, 814, 512, 590, 746, 1439, 
-536, -1546, -1010, 1041, 236, -1278, 141, 819, 522, 600, 756, 1454, 
-531, -1527, -995, 1029, 231, -1261, 136, 834, 531, 614, 775, 1464, 
-517, -1507, -990, 1012, 236, -1249, 141, 844, 536, 624, 795, 1473, 
-512, -1493, -980, 1002, 234, -1237, 136, 858, 546, 629, 814, 1483, 
-507, -1478, -971, 993, 231, -1224, 131, 868, 556, 639, 824, 1493, 
-502, -1459, -956, 980, 226, -1207, 126, 878, 556, 658, 834, 1503, 
-502, -1454, -951, 978, 224, -1202, 117, 888, 570, 658, 839, 1512, 
-492, -1439, -946, 966, 226, -1193, 112, 897, 575, 668, 849, 1517, 
-488, -1424, -936, 956, 224, -1180, 107, 902, 585, 678, 858, 1527, 
-488, -1410, -922, 949, 217, -1166, 102, 907, 590, 688, 863, 1537, 
-478, -1395, -917, 936, 219, -1156, 97, 902, 585, 683, 883, 1546, 
-478, -1381, -902, 929, 212, -1141, 97, 902, 595, 692, 893, 1546, 
-473, -1371, -897, 922, 212, -1134, 92, 907, 595, 697, 897, 1551, 
-468, -1366, -897, 917, 214, -1132, 92, 907, 600, 702, 907, 1566, 
-463, -1356, -893, 910, 214, -1124, 92, 907, 595, 712, 907, 1586, 
-463, -1346, -883, 905, 209, -1115, 92, 907, 595, 712, 912, 1586, 
-463, -1342, -878, 902, 207, -1110, 82, 902, 600, 722, 927, 1590, 
-463, -1332, -868, 897, 202, -1100, 82, 897, 605, 727, 932, 1595, 
-463, -1332, -868, 897, 202, -1100, 92, 897, 619, 741, 932, 1590, 
-463, -1327, -863, 895, 200, -1095, 92, 888, 619, 746, 927, 1590, 
-463, -1322, -858, 893, 197, -1090, 92, 878, 619, 746, 922, 1595, 
-468, -1322, -854, 895, 192, -1088, 97, 863, 619, 746, 917, 1595, 
-478, -1322, -844, 900, 183, -1083, 92, 844, 610, 741, 912, 1595, 
-483, -1332, -849, 907, 183, -1090, 92, 824, 610, 736, 912, 1590, 
-488, -1337, -849, 912, 180, -1093, 92, 795, 610, 736, 907, 1586, 
-497, -1351, -854, 924, 178, -1102, 97, 775, 605, 727, 897, 1581, 
-507, -1361, -854, 934, 173, -1107, 112, 766, 595, 707, 878, 1571, 
-517, -1381, -863, 949, 173, -1122, 122, 746, 585, 697, 858, 1561, 
-527, -1390, -863, 958, 168, -1127, 131, 732, 575, 678, 849, 1542, 
-536, -1410, -873, 973, 168, -1141, 146, 717, 566, 668, 834, 1532, 
-536, -1429, -893, 983, 178, -1161, 146, 697, 551, 644, 819, 1507, 
-546, -1444, -897, 995, 175, -1171, 151, 678, 541, 624, 800, 1498, 
-556, -1468, -912, 1012, 178, -1190, 156, 663, 536, 610, 785, 1488, 
-561, -1483, -922, 1022, 180, -1202, 165, 639, 527, 595, 771, 1473, 
-566, -1498, -932, 1032, 183, -1215, 170, 619, 512, 585, 751, 1464, 
-575, -1517, -941, 1046, 183, -1229, 175, 605, 497, 570, 736, 1444, 
-585, -1532, -946, 1058, 180, -1239, 180, 585, 492, 561, 722, 1434, 
-595, -1551, -956, 1073, 180, -1254, 180, 575, 483, 546, 707, 1424, 
-610, -1566, -956, 1088, 173, -1261, 195, 561, 458, 522, 692, 1400, 
-614, -1590, -976, 1102, 180, -1283, 195, 546, 448, 512, 678, 1395, 
-619, -1610, -990, 1115, 185, -1300, 200, 536, 444, 497, 668, 1390, 
-624, -1620, -995, 1122, 185, -1307, 200, 522, 434, 492, 653, 1381, 
-624, -1620, -995, 1122, 185, -1307, 190, 507, 424, 478, 644, 1385, 
-634, -1629, -995, 1132, 180, -1312, 190, 492, 419, 473, 639, 1376, 
-639, -1644, -1005, 1141, 183, -1324, 190, 488, 414, 473, 639, 1371, 
-644, -1649, -1005, 1146, 180, -1327, 185, 478, 409, 463, 629, 1366, 
-634, -1654, -1019, 1144, 192, -1337, 175, 478, 405, 458, 619, 1351, 
-639, -1664, -1024, 1151, 192, -1344, 180, 473, 395, 453, 614, 1342, 
-639, -1673, -1034, 1156, 197, -1354, 180, 463, 390, 448, 605, 1337, 
-644, -1673, -1029, 1159, 192, -1351, 180, 458, 380, 439, 600, 1332, 
-639, -1678, -1039, 1159, 200, -1359, 185, 448, 366, 424, 585, 1317, 
-644, -1678, -1034, 1161, 195, -1356, 185, 444, 366, 419, 585, 1317, 
-644, -1683, -1039, 1163, 197, -1361, 185, 434, 361, 419, 585, 1312, 
-639, -1688, -1049, 1163, 204, -1368, 185, 419, 361, 419, 580, 1312, 
-649, -1683, -1034, 1166, 192, -1359, 175, 424, 366, 414, 580, 1312, 
-649, -1688, -1039, 1168, 195, -1363, 175, 414, 366, 414, 575, 1317, 
-649, -1688, -1039, 1168, 195, -1363, 170, 414, 361, 414, 575, 1322, 
-649, -1693, -1044, 1171, 197, -1368, 170, 409, 361, 414, 575, 1322, 
-649, -1703, -1054, 1176, 202, -1378, 170, 409, 351, 414, 570, 1322, 
-649, -1708, -1058, 1178, 204, -1383, 170, 405, 351, 409, 566, 1317, 
-649, -1708, -1058, 1178, 204, -1383, 170, 400, 341, 409, 566, 1317, 
-649, -1703, -1054, 1176, 202, -1378, 170, 400, 341, 409, 570, 1317, 
-658, -1703, -1044, 1180, 192, -1373, 170, 400, 331, 409, 561, 1322, 
-658, -1703, -1044, 1180, 192, -1373, 170, 400, 331, 409, 561, 1322, 
-658, -1703, -1044, 1180, 192, -1373, 170, 395, 331, 405, 561, 1322, 
-658, -1703, -1044, 1180, 192, -1373, 170, 395, 331, 405, 561, 1322, 
-649, -1703, -1054, 1176, 202, -1378, 170, 395, 331, 409, 556, 1322, 
-658, -1703, -1044, 1180, 192, -1373, 170, 395, 331, 409, 556, 1317, 
-658, -1703, -1044, 1180, 192, -1373, 170, 390, 331, 409, 561, 1317, 
-658, -1703, -1044, 1180, 192, -1373, 170, 390, 331, 409, 561, 1317, 
-653, -1703, -1049, 1178, 197, -1376, 170, 390, 331, 409, 561, 1317, 
-653, -1703, -1049, 1178, 197, -1376, 170, 390, 331, 409, 561, 1322, 
-653, -1703, -1049, 1178, 197, -1376, 170, 390, 331, 409, 561, 1322, 
-653, -1698, -1044, 1176, 195, -1371, 170, 395, 331, 409, 561, 1317, 
-649, -1698, -1049, 1173, 200, -1373, 170, 385, 331, 400, 551, 1317, 
-649, -1698, -1049, 1173, 200, -1373, 170, 385, 331, 405, 556, 1317, 
-649, -1698, -1049, 1173, 200, -1373, 170, 385, 331, 405, 556, 1317, 
-649, -1698, -1049, 1173, 200, -1373, 170, 390, 331, 405, 556, 1317, 
-649, -1698, -1049, 1173, 200, -1373, 161, 380, 322, 405, 556, 1312, 
-649, -1698, -1049, 1173, 200, -1373, 161, 380, 322, 405, 556, 1312, 
-649, -1693, -1044, 1171, 197, -1368, 161, 380, 326, 405, 556, 1312, 
-649, -1693, -1044, 1171, 197, -1368, 161, 380, 326, 405, 556, 1312, 
-649, -1683, -1034, 1166, 192, -1359, 170, 390, 326, 405, 566, 1322, 
-649, -1683, -1034, 1166, 192, -1359, 170, 390, 322, 405, 570, 1322, 
-649, -1683, -1034, 1166, 192, -1359, 170, 390, 322, 405, 570, 1322, 
-649, -1678, -1029, 1163, 190, -1354, 165, 390, 326, 405, 570, 1322, 
-639, -1668, -1029, 1154, 195, -1349, 156, 390, 317, 409, 570, 1327, 
-639, -1668, -1029, 1154, 195, -1349, 156, 390, 317, 409, 566, 1327, 
-639, -1668, -1029, 1154, 195, -1349, 156, 390, 317, 409, 561, 1332, 
-639, -1668, -1029, 1154, 195, -1349, 156, 400, 317, 409, 556, 1332, 
-639, -1678, -1039, 1159, 200, -1359, 165, 390, 331, 409, 566, 1332, 
-644, -1673, -1029, 1159, 192, -1351, 165, 390, 331, 414, 566, 1332, 
-649, -1668, -1019, 1159, 185, -1344, 165, 390, 331, 414, 566, 1332, 
-653, -1668, -1015, 1161, 180, -1342, 165, 390, 331, 414, 566, 1332, 
-644, -1668, -1024, 1156, 190, -1346, 156, 390, 326, 405, 566, 1327, 
-644, -1668, -1024, 1156, 190, -1346, 161, 390, 326, 405, 570, 1327, 
-644, -1664, -1019, 1154, 187, -1342, 161, 390, 326, 409, 570, 1327, 
-644, -1659, -1015, 1151, 185, -1337, 161, 390, 326, 409, 570, 1327, 
-634, -1659, -1024, 1146, 195, -1342, 161, 390, 326, 409, 570, 1327, 
-634, -1659, -1024, 1146, 195, -1342, 161, 390, 326, 409, 570, 1332, 
-634, -1659, -1024, 1146, 195, -1342, 161, 390, 322, 409, 570, 1332, 
-629, -1659, -1029, 1144, 200, -1344, 161, 390, 322, 409, 575, 1332, 
-639, -1649, -1010, 1144, 185, -1329, 161, 390, 322, 419, 566, 1342, 
-644, -1644, -1000, 1144, 178, -1322, 161, 390, 322, 419, 570, 1342, 
-644, -1644, -1000, 1144, 178, -1322, 161, 390, 322, 419, 570, 1342, 
-639, -1644, -1005, 1141, 183, -1324, 161, 390, 322, 419, 566, 1337, 
-639, -1654, -1015, 1146, 187, -1334, 170, 390, 322, 414, 566, 1337, 
-639, -1649, -1010, 1144, 185, -1329, 170, 390, 322, 414, 570, 1337, 
-639, -1649, -1010, 1144, 185, -1329, 170, 390, 322, 414, 570, 1337, 
-639, -1649, -1010, 1144, 185, -1329, 170, 390, 322, 414, 570, 1337, 
-639, -1649, -1010, 1144, 185, -1329, 170, 390, 326, 424, 570, 1337, 
-639, -1649, -1010, 1144, 185, -1329, 170, 395, 326, 424, 566, 1337, 
-639, -1649, -1010, 1144, 185, -1329, 170, 395, 326, 424, 566, 1342, 
-639, -1649, -1010, 1144, 185, -1329, 170, 390, 326, 424, 570, 1342, 
-629, -1649, -1019, 1139, 195, -1334, 170, 390, 326, 424, 580, 1342, 
-629, -1649, -1019, 1139, 195, -1334, 170, 390, 326, 424, 575, 1342, 
-629, -1649, -1019, 1139, 195, -1334, 170, 390, 326, 424, 575, 1342, 
-629, -1649, -1019, 1139, 195, -1334, 170, 390, 326, 424, 575, 1337, 
-639, -1649, -1010, 1144, 185, -1329, 161, 390, 322, 414, 575, 1337, 
-639, -1649, -1010, 1144, 185, -1329, 161, 390, 322, 414, 575, 1337, 
-639, -1649, -1010, 1144, 185, -1329, 161, 390, 322, 414, 575, 1337, 
-639, -1649, -1010, 1144, 185, -1329, 161, 390, 322, 414, 575, 1337, 
-639, -1649, -1010, 1144, 185, -1329, 170, 390, 322, 414, 566, 1337, 
-639, -1649, -1010, 1144, 185, -1329, 170, 390, 322, 414, 566, 1337, 
-639, -1649, -1010, 1144, 185, -1329, 170, 390, 322, 409, 566, 1337, 
-639, -1649, -1010, 1144, 185, -1329, 170, 390, 322, 409, 566, 1337, 
-639, -1654, -1015, 1146, 187, -1334, 170, 390, 312, 409, 566, 1337, 
-639, -1654, -1015, 1146, 187, -1334, 170, 390, 312, 409, 566, 1337, 
-639, -1654, -1015, 1146, 187, -1334, 170, 390, 312, 409, 566, 1337, 
-639, -1654, -1015, 1146, 187, -1334, 170, 390, 312, 409, 566, 1337, 
-639, -1654, -1015, 1146, 187, -1334, 170, 380, 317, 409, 566, 1337, 
-639, -1654, -1015, 1146, 187, -1334, 170, 380, 312, 409, 566, 1332, 
-639, -1654, -1015, 1146, 187, -1334, 170, 380, 312, 409, 561, 1332, 
-639, -1654, -1015, 1146, 187, -1334, 170, 380, 312, 409, 561, 1332, 
-639, -1664, -1024, 1151, 192, -1344, 170, 380, 302, 400, 556, 1332, 
-639, -1664, -1024, 1151, 192, -1344, 170, 380, 302, 400, 556, 1332, 
-639, -1664, -1024, 1151, 192, -1344, 170, 380, 297, 400, 556, 1332, 
-639, -1664, -1024, 1151, 192, -1344, 175, 375, 297, 400, 556, 1332, 
-639, -1659, -1019, 1149, 190, -1339, 175, 370, 297, 400, 556, 1322, 
-639, -1659, -1019, 1149, 190, -1339, 175, 370, 297, 400, 556, 1322, 
-639, -1659, -1019, 1149, 190, -1339, 175, 370, 297, 400, 556, 1322, 
-639, -1659, -1019, 1149, 190, -1339, 175, 370, 297, 400, 556, 1322, 
-639, -1668, -1029, 1154, 195, -1349, 165, 370, 287, 400, 546, 1332, 
-639, -1668, -1029, 1154, 195, -1349, 165, 370, 287, 400, 546, 1327, 
-639, -1668, -1029, 1154, 195, -1349, 165, 370, 287, 395, 546, 1327, 
-639, -1668, -1029, 1154, 195, -1349, 165, 366, 287, 395, 546, 1327, 
-639, -1668, -1029, 1154, 195, -1349, 165, 375, 283, 395, 546, 1337, 
-639, -1668, -1029, 1154, 195, -1349, 170, 375, 278, 395, 541, 1337, 
-639, -1668, -1029, 1154, 195, -1349, 170, 375, 278, 395, 541, 1332, 
-639, -1668, -1029, 1154, 195, -1349, 170, 375, 278, 395, 541, 1332, 
-639, -1659, -1019, 1149, 190, -1339, 180, 375, 283, 395, 541, 1322, 
-639, -1668, -1029, 1154, 195, -1349, 180, 375, 283, 395, 541, 1322, 
-639, -1668, -1029, 1154, 195, -1349, 180, 370, 283, 395, 541, 1317, 
-639, -1664, -1024, 1151, 192, -1344, 180, 370, 278, 395, 541, 1317, 
-639, -1673, -1034, 1156, 197, -1354, 170, 370, 278, 395, 541, 1327, 
-639, -1673, -1034, 1156, 197, -1354, 170, 366, 278, 395, 541, 1327, 
-639, -1673, -1034, 1156, 197, -1354, 170, 366, 278, 395, 541, 1327, 
-639, -1673, -1034, 1156, 197, -1354, 175, 366, 278, 400, 541, 1327, 
-639, -1668, -1029, 1154, 195, -1349, 175, 356, 268, 390, 541, 1327, 
-639, -1668, -1029, 1154, 195, -1349, 175, 351, 268, 380, 541, 1327, 
-639, -1668, -1029, 1154, 195, -1349, 175, 351, 268, 380, 541, 1327, 
-639, -1668, -1029, 1154, 195, -1349, 175, 351, 268, 380, 541, 1327, 
-639, -1668, -1029, 1154, 195, -1349, 175, 351, 268, 380, 536, 1322, 
-639, -1668, -1029, 1154, 195, -1349, 175, 351, 268, 380, 536, 1317, 
-639, -1668, -1029, 1154, 195, -1349, 175, 351, 268, 380, 536, 1317, 
-639, -1668, -1029, 1154, 195, -1349, 175, 351, 268, 380, 536, 1322, 
-639, -1668, -1029, 1154, 195, -1349, 170, 356, 253, 390, 536, 1327, 
-639, -1668, -1029, 1154, 195, -1349, 170, 356, 248, 390, 536, 1327, 
-639, -1668, -1029, 1154, 195, -1349, 170, 351, 248, 390, 536, 1322, 
-639, -1668, -1029, 1154, 195, -1349, 170, 351, 248, 390, 536, 1322, 
-639, -1668, -1029, 1154, 195, -1349, 170, 351, 263, 380, 527, 1322, 
-639, -1668, -1029, 1154, 195, -1349, 170, 346, 263, 380, 527, 1322, 
-639, -1668, -1029, 1154, 195, -1349, 170, 346, 258, 380, 527, 1322, 
-639, -1668, -1029, 1154, 195, -1349, 170, 346, 258, 380, 527, 1322, 
-649, -1668, -1019, 1159, 185, -1344, 175, 346, 248, 370, 536, 1322, 
-649, -1664, -1015, 1156, 183, -1339, 175, 346, 248, 370, 531, 1322, 
-649, -1664, -1015, 1156, 183, -1339, 175, 346, 248, 370, 531, 1322, 
-649, -1664, -1015, 1156, 183, -1339, 170, 346, 248, 370, 531, 1317, 
-639, -1654, -1015, 1146, 187, -1334, 170, 346, 248, 366, 531, 1317, 
-639, -1664, -1024, 1151, 192, -1344, 170, 346, 248, 366, 522, 1312, 
-639, -1664, -1024, 1151, 192, -1344, 170, 346, 239, 370, 531, 1302, 
-639, -1654, -1015, 1146, 187, -1334, 170, 351, 244, 370, 527, 1312, 
-644, -1659, -1015, 1151, 185, -1337, 175, 351, 244, 370, 527, 1317, 
-644, -1659, -1015, 1151, 185, -1337, 175, 351, 244, 370, 527, 1317, 
-644, -1659, -1015, 1151, 185, -1337, 175, 351, 244, 370, 527, 1317, 
-644, -1659, -1015, 1151, 185, -1337, 175, 351, 244, 370, 527, 1317, 
-644, -1659, -1015, 1151, 185, -1337, 175, 351, 244, 370, 527, 1317, 
-644, -1659, -1015, 1151, 185, -1337, 175, 351, 244, 361, 527, 1317, 
-644, -1659, -1015, 1151, 185, -1337, 180, 351, 244, 361, 527, 1317, 
-644, -1659, -1015, 1151, 185, -1337, 180, 351, 244, 366, 527, 1317, 
-644, -1659, -1015, 1151, 185, -1337, 180, 351, 244, 366, 527, 1317, 
-644, -1664, -1019, 1154, 187, -1342, 175, 351, 244, 366, 517, 1317, 
-644, -1664, -1019, 1154, 187, -1342, 175, 351, 244, 366, 517, 1317, 
-644, -1664, -1019, 1154, 187, -1342, 175, 351, 244, 361, 517, 1317, 
-644, -1664, -1019, 1154, 187, -1342, 175, 356, 244, 361, 512, 1317, 
-644, -1664, -1019, 1154, 187, -1342, 175, 356, 234, 361, 522, 1307, 
-644, -1664, -1019, 1154, 187, -1342, 180, 356, 234, 366, 522, 1307, 
-644, -1664, -1019, 1154, 187, -1342, 180, 356, 239, 366, 522, 1307, 
-644, -1664, -1019, 1154, 187, -1342, 180, 356, 239, 366, 527, 1307, 
-644, -1654, -1010, 1149, 183, -1332, 170, 346, 248, 366, 527, 1307, 
-639, -1654, -1015, 1146, 187, -1334, 170, 346, 248, 366, 527, 1312, 
-639, -1644, -1005, 1141, 183, -1324, 175, 351, 253, 370, 531, 1317, 
-634, -1634, -1000, 1134, 183, -1317, 185, 366, 258, 380, 536, 1317, 
-624, -1610, -985, 1117, 180, -1298, 200, 370, 258, 385, 536, 1327, 
-619, -1600, -980, 1110, 180, -1290, 204, 375, 263, 390, 536, 1337, 
-614, -1586, -971, 1100, 178, -1278, 209, 380, 268, 395, 541, 1342, 
-614, -1586, -971, 1100, 178, -1278, 219, 390, 278, 400, 546, 1346, 
-614, -1571, -956, 1093, 170, -1263, 214, 395, 287, 405, 556, 1351, 
-610, -1561, -951, 1085, 170, -1256, 229, 400, 292, 414, 566, 1356, 
-605, -1551, -946, 1078, 170, -1249, 234, 409, 307, 429, 570, 1361, 
-605, -1537, -932, 1071, 163, -1234, 239, 419, 312, 429, 580, 1371, 
-610, -1532, -922, 1071, 156, -1227, 239, 429, 312, 429, 590, 1366, 
-610, -1527, -917, 1068, 153, -1222, 239, 434, 317, 434, 590, 1366, 
-610, -1527, -917, 1068, 153, -1222, 244, 434, 317, 434, 595, 1366, 
-614, -1527, -912, 1071, 148, -1220, 248, 439, 322, 434, 595, 1371, 
-614, -1522, -907, 1068, 146, -1215, 248, 429, 322, 424, 585, 1371, 
-614, -1517, -902, 1066, 143, -1210, 248, 429, 326, 424, 595, 1371, 
-614, -1512, -897, 1063, 141, -1205, 248, 429, 331, 434, 595, 1371, 
-614, -1507, -893, 1061, 139, -1200, 244, 424, 336, 439, 600, 1381, 
-614, -1507, -893, 1061, 139, -1200, 239, 419, 326, 444, 600, 1385, 
-619, -1498, -878, 1058, 129, -1188, 239, 419, 331, 448, 605, 1390, 
-619, -1493, -873, 1056, 126, -1183, 234, 414, 331, 448, 605, 1390, 
-619, -1493, -873, 1056, 126, -1183, 229, 405, 331, 453, 610, 1395, 
-614, -1483, -868, 1049, 126, -1176, 219, 409, 331, 453, 610, 1400, 
-605, -1468, -863, 1037, 129, -1166, 214, 405, 331, 458, 619, 1400, 
-600, -1454, -854, 1027, 126, -1154, 204, 405, 341, 463, 624, 1405, 
-600, -1454, -854, 1027, 126, -1154, 195, 400, 331, 468, 624, 1410, 
-595, -1459, -863, 1027, 134, -1161, 190, 395, 326, 468, 619, 1410, 
-595, -1468, -873, 1032, 139, -1171, 185, 390, 322, 463, 614, 1405, 
-595, -1473, -878, 1034, 141, -1176, 180, 385, 317, 458, 614, 1400, 
-585, -1473, -888, 1029, 151, -1180, 180, 385, 312, 458, 614, 1400, 
-570, -1464, -893, 1017, 161, -1178, 165, 395, 312, 448, 610, 1400, 
-566, -1464, -897, 1015, 165, -1180, 161, 395, 312, 448, 610, 1400, 
-566, -1468, -902, 1017, 168, -1185, 156, 385, 302, 444, 605, 1400, 
-570, -1478, -907, 1024, 168, -1193, 146, 370, 292, 439, 595, 1395, 
-570, -1503, -932, 1037, 180, -1217, 136, 346, 263, 419, 585, 1381, 
-570, -1522, -951, 1046, 190, -1237, 136, 341, 248, 409, 570, 1381, 
-575, -1532, -956, 1054, 190, -1244, 136, 341, 239, 395, 561, 1371, 
-595, -1551, -956, 1073, 180, -1254, 141, 346, 239, 390, 556, 1366, 
-610, -1556, -946, 1083, 168, -1251, 151, 346, 239, 395, 551, 1361, 
-624, -1576, -951, 1100, 163, -1263, 156, 351, 239, 385, 546, 1351, 
-634, -1600, -966, 1117, 165, -1283, 165, 351, 229, 375, 531, 1342, 
-634, -1620, -985, 1127, 175, -1302, 165, 346, 219, 361, 527, 1327, 
-644, -1634, -990, 1139, 173, -1312, 175, 346, 214, 356, 517, 1317, 
-649, -1644, -995, 1146, 173, -1320, 175, 346, 209, 351, 517, 1307, 
-649, -1654, -1005, 1151, 178, -1329, 170, 346, 204, 351, 507, 1302, 
-649, -1654, -1005, 1151, 178, -1329, 170, 341, 200, 346, 502, 1293, 
-649, -1659, -1010, 1154, 180, -1334, 170, 341, 200, 346, 502, 1302, 
-644, -1659, -1015, 1151, 185, -1337, 165, 341, 200, 341, 502, 1298, 
-644, -1668, -1024, 1156, 190, -1346, 165, 341, 195, 336, 497, 1293, 
-644, -1673, -1029, 1159, 192, -1351, 165, 331, 190, 331, 492, 1288, 
-634, -1678, -1044, 1156, 204, -1361, 165, 331, 175, 331, 478, 1293, 
-634, -1678, -1044, 1156, 204, -1361, 165, 331, 170, 326, 478, 1288, 
-634, -1683, -1049, 1159, 207, -1366, 165, 326, 170, 326, 478, 1288, 
-634, -1683, -1049, 1159, 207, -1366, 165, 326, 175, 326, 478, 1293, 
-644, -1683, -1039, 1163, 197, -1361, 165, 326, 175, 322, 478, 1283, 
-644, -1683, -1039, 1163, 197, -1361, 165, 331, 175, 322, 478, 1283, 
-644, -1683, -1039, 1163, 197, -1361, 165, 331, 175, 322, 478, 1283, 
-644, -1683, -1039, 1163, 197, -1361, 165, 331, 175, 322, 478, 1288, 
-644, -1673, -1029, 1159, 192, -1351, 165, 322, 175, 322, 483, 1288, 
-644, -1678, -1034, 1161, 195, -1356, 165, 322, 175, 322, 483, 1288, 
-644, -1678, -1034, 1161, 195, -1356, 165, 326, 175, 326, 483, 1283, 
-644, -1678, -1034, 1161, 195, -1356, 165, 326, 175, 326, 483, 1283, 
-644, -1673, -1029, 1159, 192, -1351, 175, 336, 175, 336, 492, 1283, 
-644, -1673, -1029, 1159, 192, -1351, 175, 336, 175, 331, 483, 1293, 
-639, -1683, -1044, 1161, 202, -1363, 175, 336, 180, 322, 483, 1293, 
-629, -1678, -1049, 1154, 209, -1363, 180, 346, 180, 317, 488, 1288, 
-629, -1693, -1063, 1161, 217, -1378, 185, 370, 170, 307, 478, 1278, 
-624, -1712, -1088, 1168, 231, -1400, 209, 429, 180, 287, 453, 1249, 
-624, -1737, -1112, 1180, 244, -1424, 239, 502, 190, 283, 448, 1229, 
-634, -1742, -1107, 1188, 236, -1424, 268, 566, 209, 273, 444, 1220, 
-634, -1751, -1117, 1193, 241, -1434, 292, 614, 219, 263, 444, 1215, 
-619, -1761, -1141, 1190, 261, -1451, 322, 663, 244, 258, 448, 1205, 
-590, -1771, -1180, 1180, 295, -1476, 346, 727, 248, 248, 439, 1185, 
-570, -1771, -1200, 1171, 314, -1485, 375, 819, 263, 239, 439, 1176, 
-541, -1751, -1210, 1146, 334, -1481, 424, 927, 297, 253, 463, 1180, 
-497, -1712, -1215, 1105, 358, -1464, 453, 995, 346, 278, 497, 1210, 
-453, -1654, -1200, 1054, 373, -1427, 444, 1015, 380, 312, 541, 1249, 
-434, -1551, -1117, 993, 341, -1334, 400, 961, 419, 390, 624, 1312, 
-434, -1420, -985, 927, 275, -1202, 351, 824, 473, 502, 746, 1424, 
-439, -1224, -785, 832, 173, -1005, 253, 590, 531, 673, 902, 1576, 
-468, -976, -507, 722, 19, -741, 107, 263, 585, 878, 1098, 1771, 
-497, -727, -229, 612, -134, -478, -78, -78, 619, 1078, 1293, 1966, 
-527, -531, -4, 529, -261, -268, -278, -395, 629, 1254, 1459, 2142, 
-546, -375, 170, 461, -358, -102, -483, -683, 624, 1390, 1590, 2278, 
-561, -268, 292, 414, -427, 12, -668, -917, 624, 1483, 1693, 2371, 
-580, -229, 351, 405, -466, 61, -795, -1063, 629, 1537, 1742, 2420, 
-590, -268, 322, 429, -456, 26, -878, -1117, 595, 1512, 1712, 2410, 
-600, -390, 209, 495, -405, -90, -917, -1137, 497, 1415, 1600, 2322, 
-624, -590, 34, 607, -329, -278, -897, -1141, 356, 1239, 1395, 2171, 
-683, -844, -161, 763, -261, -502, -824, -1166, 185, 1029, 1132, 2005, 
-751, -1073, -322, 912, -214, -697, -785, -1210, 9, 824, 883, 1834, 
-795, -1288, -492, 1041, -151, -890, -751, -1239, -161, 639, 663, 1664, 
-795, -1488, -692, 1141, -51, -1090, -717, -1180, -312, 473, 478, 1512, 
-775, -1644, -868, 1210, 46, -1256, -668, -1058, -409, 351, 346, 1400, 
-761, -1737, -976, 1249, 107, -1356, -590, -888, -429, 278, 287, 1322, 
-761, -1795, -1034, 1278, 136, -1415, -488, -722, -380, 239, 263, 1278, 
-766, -1834, -1068, 1300, 151, -1451, -395, -575, -322, 209, 253, 1249, 
-751, -1844, -1093, 1298, 170, -1468, -331, -473, -273, 200, 253, 1220, 
-722, -1815, -1093, 1268, 185, -1454, -263, -346, -209, 214, 287, 1220, 
-697, -1786, -1088, 1241, 195, -1437, -170, -185, -136, 234, 322, 1239, 
-673, -1751, -1078, 1212, 202, -1415, -73, -48, -63, 253, 361, 1254, 
-653, -1708, -1054, 1180, 200, -1381, 4, 73, -4, 278, 400, 1259, 
-644, -1693, -1049, 1168, 202, -1371, 63, 161, 43, 283, 414, 1259, 
-644, -1688, -1044, 1166, 200, -1366, 102, 209, 68, 287, 429, 1268, 
-644, -1673, -1029, 1159, 192, -1351, 112, 234, 87, 302, 444, 1278, 
-649, -1673, -1024, 1161, 187, -1349, 117, 263, 112, 312, 463, 1278, 
-649, -1664, -1015, 1156, 183, -1339, 122, 287, 117, 312, 458, 1278, 
-644, -1654, -1010, 1149, 183, -1332, 131, 292, 126, 317, 463, 1278, 
-639, -1659, -1019, 1149, 190, -1339, 141, 307, 141, 312, 473, 1293, 
-644, -1659, -1015, 1151, 185, -1337, 156, 331, 146, 312, 473, 1293, 
-639, -1659, -1019, 1149, 190, -1339, 175, 351, 146, 312, 473, 1293, 
-634, -1659, -1024, 1146, 195, -1342, 190, 370, 146, 312, 473, 1288, 
-634, -1659, -1024, 1146, 195, -1342, 200, 370, 151, 312, 468, 1288, 
-634, -1664, -1029, 1149, 197, -1346, 195, 370, 146, 307, 458, 1283, 
-634, -1664, -1029, 1149, 197, -1346, 195, 370, 146, 307, 463, 1283, 
-639, -1664, -1024, 1151, 192, -1344, 195, 370, 151, 307, 463, 1283, 
-639, -1664, -1024, 1151, 192, -1344, 190, 370, 151, 307, 463, 1283, 
-639, -1664, -1024, 1151, 192, -1344, 185, 370, 156, 307, 463, 1283, 
-634, -1654, -1019, 1144, 192, -1337, 185, 370, 156, 307, 463, 1283, 
-634, -1654, -1019, 1144, 192, -1337, 190, 380, 156, 312, 468, 1283, 
-634, -1654, -1019, 1144, 192, -1337, 190, 385, 156, 312, 468, 1283, 
-634, -1654, -1019, 1144, 192, -1337, 209, 390, 161, 312, 468, 1288, 
-634, -1654, -1019, 1144, 192, -1337, 209, 390, 161, 312, 468, 1288, 
-634, -1654, -1019, 1144, 192, -1337, 209, 395, 161, 312, 468, 1288, 
-634, -1654, -1019, 1144, 192, -1337, 209, 395, 165, 312, 473, 1288, 
-634, -1649, -1015, 1141, 190, -1332, 209, 395, 156, 302, 473, 1288, 
-624, -1649, -1024, 1137, 200, -1337, 209, 395, 156, 307, 473, 1288, 
-624, -1649, -1024, 1137, 200, -1337, 209, 395, 161, 312, 473, 1288, 
-624, -1649, -1024, 1137, 200, -1337, 214, 400, 161, 312, 478, 1293, 
-614, -1644, -1029, 1129, 207, -1337, 214, 400, 161, 312, 478, 1293, 
-610, -1644, -1034, 1127, 212, -1339, 214, 400, 165, 312, 478, 1293, 
-610, -1634, -1024, 1122, 207, -1329, 214, 405, 165, 312, 478, 1293, 
-610, -1634, -1024, 1122, 207, -1329, 214, 405, 165, 312, 478, 1293, 
-610, -1634, -1024, 1122, 207, -1329, 214, 414, 165, 307, 468, 1288, 
-610, -1629, -1019, 1119, 204, -1324, 214, 419, 165, 307, 473, 1288, 
-610, -1629, -1019, 1119, 204, -1324, 214, 419, 170, 307, 478, 1288, 
-610, -1629, -1019, 1119, 204, -1324, 214, 424, 170, 312, 478, 1288, 
-610, -1629, -1019, 1119, 204, -1324, 214, 414, 170, 322, 473, 1288, 
-610, -1625, -1015, 1117, 202, -1320, 214, 424, 175, 317, 478, 1288, 
-610, -1625, -1015, 1117, 202, -1320, 219, 424, 175, 317, 478, 1293, 
-610, -1625, -1015, 1117, 202, -1320, 224, 424, 175, 326, 478, 1298, 
-614, -1615, -1000, 1115, 192, -1307, 224, 424, 180, 326, 488, 1298, 
-614, -1615, -1000, 1115, 192, -1307, 224, 429, 180, 326, 488, 1298, 
-614, -1610, -995, 1112, 190, -1302, 219, 429, 185, 331, 483, 1298, 
-614, -1610, -995, 1112, 190, -1302, 219, 439, 185, 331, 483, 1298, 
-605, -1605, -1000, 1105, 197, -1302, 229, 439, 175, 322, 488, 1307, 
-605, -1600, -995, 1102, 195, -1298, 229, 439, 175, 326, 492, 1307, 
-605, -1595, -990, 1100, 192, -1293, 229, 439, 175, 326, 497, 1312, 
-605, -1590, -985, 1098, 190, -1288, 229, 444, 180, 326, 497, 1317, 
-605, -1600, -995, 1102, 195, -1298, 229, 444, 180, 331, 502, 1307, 
-605, -1595, -990, 1100, 192, -1293, 234, 444, 185, 331, 502, 1307, 
-605, -1595, -990, 1100, 192, -1293, 234, 453, 185, 336, 502, 1312, 
-605, -1590, -985, 1098, 190, -1288, 234, 453, 190, 336, 502, 1312, 
-600, -1581, -980, 1090, 190, -1281, 234, 453, 190, 336, 497, 1312, 
-595, -1576, -980, 1085, 192, -1278, 234, 458, 190, 331, 502, 1312, 
-595, -1576, -980, 1085, 192, -1278, 234, 458, 190, 331, 502, 1312, 
-590, -1571, -980, 1080, 195, -1276, 234, 468, 195, 336, 502, 1312, 
-600, -1571, -971, 1085, 185, -1271, 234, 458, 195, 341, 507, 1317, 
-600, -1566, -966, 1083, 183, -1266, 234, 463, 195, 341, 507, 1317, 
-600, -1556, -956, 1078, 178, -1256, 234, 468, 200, 346, 507, 1317, 
-600, -1556, -956, 1078, 178, -1256, 234, 473, 200, 346, 512, 1322, 
-600, -1566, -966, 1083, 183, -1266, 234, 488, 204, 351, 512, 1327, 
-600, -1561, -961, 1080, 180, -1261, 234, 492, 204, 351, 522, 1327, 
-600, -1556, -956, 1078, 178, -1256, 234, 497, 204, 356, 522, 1327, 
-595, -1556, -961, 1076, 183, -1259, 229, 502, 209, 356, 522, 1332, 
-580, -1546, -966, 1063, 192, -1256, 229, 507, 209, 356, 522, 1332, 
-580, -1542, -961, 1061, 190, -1251, 229, 517, 209, 361, 527, 1332, 
-580, -1537, -956, 1058, 187, -1246, 234, 522, 214, 366, 536, 1337, 
-575, -1537, -961, 1056, 192, -1249, 234, 531, 214, 366, 536, 1342, 
-575, -1532, -956, 1054, 190, -1244, 234, 536, 219, 366, 536, 1346, 
-575, -1527, -951, 1051, 187, -1239, 234, 546, 219, 366, 541, 1346, 
-570, -1522, -951, 1046, 190, -1237, 229, 551, 224, 370, 541, 1346, 
-561, -1517, -956, 1039, 197, -1237, 229, 566, 224, 370, 551, 1346, 
-566, -1512, -946, 1039, 190, -1229, 244, 585, 234, 375, 556, 1346, 
-566, -1507, -941, 1037, 187, -1224, 244, 590, 234, 380, 561, 1351, 
-566, -1498, -932, 1032, 183, -1215, 244, 605, 239, 385, 566, 1356, 
-561, -1488, -927, 1024, 183, -1207, 244, 619, 244, 390, 570, 1361, 
-566, -1488, -922, 1027, 178, -1205, 244, 639, 248, 405, 575, 1371, 
-561, -1483, -922, 1022, 180, -1202, 239, 649, 248, 409, 585, 1376, 
-556, -1478, -922, 1017, 183, -1200, 239, 663, 248, 414, 585, 1385, 
-551, -1464, -912, 1007, 180, -1188, 239, 678, 253, 419, 590, 1390, 
-536, -1444, -907, 990, 185, -1176, 224, 678, 258, 419, 605, 1390, 
-531, -1434, -902, 983, 185, -1168, 224, 697, 263, 424, 619, 1395, 
-527, -1420, -893, 973, 183, -1156, 224, 712, 273, 439, 629, 1405, 
-522, -1410, -888, 966, 183, -1149, 219, 727, 283, 444, 629, 1415, 
-512, -1400, -888, 956, 187, -1144, 224, 751, 287, 448, 639, 1424, 
-502, -1385, -883, 944, 190, -1134, 219, 766, 297, 463, 649, 1434, 
-502, -1376, -873, 939, 185, -1124, 214, 785, 302, 473, 658, 1444, 
-492, -1356, -863, 924, 185, -1110, 209, 800, 312, 488, 673, 1454, 
-492, -1342, -849, 917, 178, -1095, 204, 810, 322, 497, 688, 1468, 
-488, -1327, -839, 907, 175, -1083, 204, 824, 326, 512, 697, 1478, 
-478, -1312, -834, 895, 178, -1073, 200, 829, 336, 522, 707, 1493, 
-473, -1293, -819, 883, 173, -1056, 195, 844, 346, 536, 727, 1503, 
-458, -1268, -810, 863, 175, -1039, 200, 854, 351, 546, 727, 1512, 
-453, -1259, -805, 856, 175, -1032, 195, 868, 361, 551, 746, 1522, 
-448, -1249, -800, 849, 175, -1024, 190, 878, 370, 561, 756, 1532, 
-444, -1234, -790, 839, 173, -1012, 185, 888, 370, 580, 766, 1542, 
-434, -1220, -785, 827, 175, -1002, 175, 893, 375, 590, 780, 1551, 
-424, -1205, -780, 814, 178, -993, 170, 897, 380, 600, 790, 1556, 
-419, -1190, -771, 805, 175, -980, 165, 897, 390, 610, 800, 1566, 
-419, -1176, -756, 797, 168, -966, 161, 897, 395, 619, 805, 1576, 
-409, -1161, -751, 785, 170, -956, 165, 912, 400, 624, 824, 1586, 
-409, -1146, -736, 778, 163, -941, 165, 912, 409, 634, 834, 1586, 
-405, -1137, -732, 771, 163, -934, 161, 917, 409, 639, 839, 1590, 
-400, -1132, -732, 766, 165, -932, 161, 917, 414, 644, 849, 1605, 
-405, -1132, -727, 768, 161, -929, 161, 917, 419, 663, 858, 1615, 
-405, -1122, -717, 763, 156, -919, 161, 917, 419, 663, 863, 1615, 
-405, -1117, -712, 761, 153, -915, 151, 912, 424, 673, 878, 1620, 
-405, -1107, -702, 756, 148, -905, 151, 907, 429, 678, 883, 1625, 
-395, -1098, -702, 746, 153, -900, 141, 897, 434, 683, 888, 1639, 
-395, -1093, -697, 744, 151, -895, 141, 888, 434, 688, 888, 1639, 
-395, -1088, -692, 741, 148, -890, 141, 878, 434, 688, 888, 1644, 
-400, -1088, -688, 744, 143, -888, 146, 863, 434, 688, 888, 1644, 
-400, -1078, -678, 739, 139, -878, 151, 849, 434, 683, 883, 1644, 
-405, -1088, -683, 746, 139, -885, 151, 834, 434, 678, 883, 1639, 
-409, -1093, -683, 751, 136, -888, 151, 810, 434, 678, 878, 1634, 
-419, -1107, -688, 763, 134, -897, 156, 795, 429, 668, 868, 1629, 
-429, -1107, -678, 768, 124, -893, 151, 766, 424, 658, 849, 1620, 
-439, -1127, -688, 783, 124, -907, 161, 746, 409, 649, 829, 1610, 
-448, -1137, -688, 793, 119, -912, 170, 732, 395, 629, 819, 1590, 
-458, -1156, -697, 807, 119, -927, 185, 717, 380, 619, 805, 1581, 
-468, -1185, -717, 827, 124, -951, 195, 692, 375, 595, 790, 1566, 
-478, -1200, -722, 839, 122, -961, 200, 678, 366, 575, 771, 1556, 
-488, -1224, -736, 856, 124, -980, 204, 668, 361, 561, 756, 1546, 
-492, -1239, -746, 866, 126, -993, 214, 649, 351, 546, 741, 1532, 
-497, -1263, -766, 880, 134, -1015, 209, 629, 346, 546, 732, 1512, 
-507, -1283, -775, 895, 134, -1029, 214, 614, 331, 531, 717, 1493, 
-517, -1298, -780, 907, 131, -1039, 219, 595, 326, 522, 702, 1483, 
-527, -1317, -790, 922, 131, -1054, 219, 585, 317, 507, 688, 1473, 
-531, -1322, -790, 927, 129, -1056, 234, 561, 292, 483, 663, 1459, 
-536, -1346, -810, 941, 136, -1078, 234, 546, 283, 473, 649, 1454, 
-541, -1366, -824, 954, 141, -1095, 239, 536, 278, 458, 639, 1449, 
-546, -1376, -829, 961, 141, -1102, 239, 522, 268, 453, 624, 1439, 
-556, -1385, -829, 971, 136, -1107, 229, 517, 258, 439, 624, 1434, 
-566, -1395, -829, 980, 131, -1112, 229, 502, 253, 434, 619, 1424, 
-570, -1410, -839, 990, 134, -1124, 229, 497, 248, 434, 619, 1420, 
-575, -1415, -839, 995, 131, -1127, 224, 488, 244, 424, 610, 1415, 
-575, -1429, -854, 1002, 139, -1141, 214, 468, 229, 419, 590, 1400, 
-580, -1439, -858, 1010, 139, -1149, 219, 463, 219, 414, 585, 1390, 
-580, -1449, -868, 1015, 143, -1159, 219, 453, 214, 409, 575, 1385, 
-585, -1449, -863, 1017, 139, -1156, 219, 448, 204, 400, 570, 1381, 
-580, -1454, -873, 1017, 146, -1163, 224, 434, 200, 385, 566, 1385, 
-585, -1454, -868, 1019, 141, -1161, 224, 434, 200, 380, 566, 1385, 
-585, -1459, -873, 1022, 143, -1166, 224, 429, 195, 380, 566, 1381, 
-580, -1464, -883, 1022, 151, -1173, 224, 419, 195, 380, 561, 1381, 
-590, -1459, -868, 1024, 139, -1163, 214, 424, 200, 385, 570, 1385, 
-590, -1464, -873, 1027, 141, -1168, 214, 414, 200, 385, 566, 1385, 
-590, -1464, -873, 1027, 141, -1168, 209, 414, 195, 385, 566, 1385, 
-590, -1468, -878, 1029, 143, -1173, 209, 409, 195, 385, 566, 1381, 
-580, -1468, -888, 1024, 153, -1178, 209, 400, 190, 375, 551, 1371, 
-580, -1473, -893, 1027, 156, -1183, 209, 395, 185, 370, 546, 1366, 
-580, -1473, -893, 1027, 156, -1183, 209, 390, 170, 370, 546, 1366, 
-580, -1468, -888, 1024, 153, -1178, 209, 390, 165, 370, 551, 1366, 
-590, -1478, -888, 1034, 148, -1183, 200, 390, 175, 370, 551, 1361, 
-590, -1478, -888, 1034, 148, -1183, 200, 390, 175, 370, 551, 1361, 
-590, -1478, -888, 1034, 148, -1183, 200, 385, 175, 366, 551, 1361, 
-590, -1478, -888, 1034, 148, -1183, 200, 385, 175, 366, 551, 1361, 
-590, -1478, -888, 1034, 148, -1183, 200, 385, 165, 370, 546, 1371, 
-600, -1478, -878, 1039, 139, -1178, 200, 385, 165, 370, 546, 1366, 
-600, -1478, -878, 1039, 139, -1178, 200, 380, 165, 370, 551, 1366, 
-600, -1478, -878, 1039, 139, -1178, 200, 380, 165, 370, 551, 1366, 
-585, -1488, -902, 1037, 158, -1195, 200, 380, 165, 370, 551, 1376, 
-585, -1488, -902, 1037, 158, -1195, 200, 380, 165, 370, 551, 1381, 
-585, -1488, -902, 1037, 158, -1195, 200, 380, 165, 370, 551, 1381, 
-585, -1483, -897, 1034, 156, -1190, 200, 385, 165, 370, 551, 1376, 
-590, -1473, -883, 1032, 146, -1178, 200, 385, 165, 361, 551, 1366, 
-590, -1473, -883, 1032, 146, -1178, 200, 385, 165, 366, 556, 1366, 
-590, -1473, -883, 1032, 146, -1178, 200, 385, 165, 366, 556, 1366, 
-590, -1473, -883, 1032, 146, -1178, 200, 390, 165, 366, 556, 1366, 
-580, -1473, -893, 1027, 156, -1183, 200, 390, 175, 375, 556, 1371, 
-580, -1473, -893, 1027, 156, -1183, 200, 390, 175, 375, 556, 1371, 
-580, -1468, -888, 1024, 153, -1178, 200, 390, 180, 375, 556, 1371, 
-580, -1468, -888, 1024, 153, -1178, 200, 390, 180, 375, 556, 1371, 
-580, -1468, -888, 1024, 153, -1178, 200, 390, 180, 375, 556, 1381, 
-580, -1468, -888, 1024, 153, -1178, 200, 390, 175, 375, 561, 1381, 
-580, -1468, -888, 1024, 153, -1178, 200, 390, 175, 375, 561, 1381, 
-580, -1464, -883, 1022, 151, -1173, 195, 390, 180, 375, 561, 1381, 
-580, -1464, -883, 1022, 151, -1173, 195, 400, 180, 380, 566, 1376, 
-580, -1464, -883, 1022, 151, -1173, 195, 400, 180, 380, 566, 1376, 
-580, -1464, -883, 1022, 151, -1173, 195, 400, 180, 380, 566, 1381, 
-580, -1464, -883, 1022, 151, -1173, 195, 409, 180, 380, 566, 1381, 
-575, -1454, -878, 1015, 151, -1166, 195, 400, 175, 380, 566, 1390, 
-575, -1449, -873, 1012, 148, -1161, 195, 400, 175, 385, 566, 1390, 
-575, -1444, -868, 1010, 146, -1156, 195, 400, 175, 385, 566, 1390, 
-575, -1444, -868, 1010, 146, -1156, 195, 400, 175, 385, 566, 1390, 
-575, -1444, -868, 1010, 146, -1156, 195, 400, 180, 385, 566, 1390, 
-575, -1444, -868, 1010, 146, -1156, 200, 400, 180, 385, 570, 1385, 
-575, -1439, -863, 1007, 143, -1151, 200, 400, 180, 390, 570, 1381, 
-575, -1434, -858, 1005, 141, -1146, 200, 400, 180, 390, 570, 1376, 
-585, -1444, -858, 1015, 136, -1151, 200, 400, 190, 390, 580, 1385, 
-585, -1444, -858, 1015, 136, -1151, 200, 400, 190, 390, 580, 1390, 
-585, -1444, -858, 1015, 136, -1151, 200, 400, 185, 390, 580, 1390, 
-580, -1444, -863, 1012, 141, -1154, 200, 400, 185, 390, 585, 1390, 
-570, -1434, -863, 1002, 146, -1149, 200, 400, 185, 400, 575, 1390, 
-575, -1429, -854, 1002, 139, -1141, 200, 400, 185, 400, 580, 1390, 
-575, -1429, -854, 1002, 139, -1141, 200, 400, 185, 400, 580, 1390, 
-570, -1429, -858, 1000, 143, -1144, 200, 400, 185, 400, 575, 1385, 
-570, -1429, -858, 1000, 143, -1144, 200, 400, 185, 395, 575, 1385, 
-570, -1424, -854, 997, 141, -1139, 200, 400, 185, 395, 580, 1385, 
-570, -1424, -854, 997, 141, -1139, 200, 400, 185, 395, 580, 1385, 
-570, -1424, -854, 997, 141, -1139, 200, 400, 185, 395, 580, 1385, 
-570, -1424, -854, 997, 141, -1139, 200, 400, 190, 395, 580, 1385, 
-570, -1424, -854, 997, 141, -1139, 200, 405, 190, 395, 575, 1385, 
-570, -1424, -854, 997, 141, -1139, 200, 405, 190, 395, 575, 1390, 
-570, -1424, -854, 997, 141, -1139, 200, 400, 190, 395, 580, 1390, 
-570, -1424, -854, 997, 141, -1139, 200, 409, 190, 395, 580, 1390, 
-570, -1424, -854, 997, 141, -1139, 200, 409, 190, 395, 575, 1390, 
-570, -1424, -854, 997, 141, -1139, 200, 409, 190, 395, 575, 1390, 
-570, -1424, -854, 997, 141, -1139, 200, 409, 190, 395, 575, 1385, 
-561, -1424, -863, 993, 151, -1144, 200, 400, 185, 395, 575, 1395, 
-561, -1424, -863, 993, 151, -1144, 200, 400, 185, 395, 575, 1395, 
-561, -1424, -863, 993, 151, -1144, 200, 400, 185, 395, 575, 1395, 
-561, -1424, -863, 993, 151, -1144, 200, 400, 185, 395, 575, 1395, 
-570, -1424, -854, 997, 141, -1139, 209, 400, 175, 395, 585, 1385, 
-570, -1424, -854, 997, 141, -1139, 209, 400, 175, 395, 585, 1385, 
-570, -1424, -854, 997, 141, -1139, 209, 400, 175, 390, 585, 1385, 
-570, -1424, -854, 997, 141, -1139, 209, 400, 175, 390, 585, 1385, 
-570, -1429, -858, 1000, 143, -1144, 219, 409, 175, 400, 575, 1395, 
-570, -1429, -858, 1000, 143, -1144, 219, 409, 175, 400, 575, 1395, 
-570, -1429, -858, 1000, 143, -1144, 219, 409, 175, 400, 575, 1395, 
-570, -1429, -858, 1000, 143, -1144, 219, 409, 175, 400, 575, 1395, 
-561, -1429, -868, 995, 153, -1149, 209, 400, 180, 390, 566, 1385, 
-561, -1429, -868, 995, 153, -1149, 209, 400, 175, 390, 566, 1381, 
-561, -1429, -868, 995, 153, -1149, 209, 400, 175, 390, 561, 1381, 
-561, -1429, -868, 995, 153, -1149, 209, 400, 175, 390, 561, 1381, 
-570, -1429, -858, 1000, 143, -1144, 209, 400, 175, 390, 561, 1381, 
-570, -1429, -858, 1000, 143, -1144, 209, 400, 175, 390, 566, 1381, 
-570, -1429, -858, 1000, 143, -1144, 209, 400, 170, 390, 570, 1381, 
-570, -1429, -858, 1000, 143, -1144, 214, 395, 170, 390, 575, 1381, 
-570, -1434, -863, 1002, 146, -1149, 214, 390, 161, 390, 570, 1381, 
-570, -1434, -863, 1002, 146, -1149, 214, 390, 161, 390, 566, 1381, 
-570, -1434, -863, 1002, 146, -1149, 214, 390, 161, 390, 561, 1381, 
-570, -1434, -863, 1002, 146, -1149, 214, 390, 161, 390, 556, 1381, 
-570, -1434, -863, 1002, 146, -1149, 204, 390, 161, 380, 556, 1371, 
-570, -1434, -863, 1002, 146, -1149, 204, 390, 161, 380, 556, 1366, 
-570, -1434, -863, 1002, 146, -1149, 204, 390, 161, 375, 556, 1366, 
-570, -1434, -863, 1002, 146, -1149, 204, 385, 161, 375, 556, 1366, 
-570, -1434, -863, 1002, 146, -1149, 204, 395, 156, 385, 566, 1366, 
-570, -1434, -863, 1002, 146, -1149, 209, 395, 151, 385, 561, 1366, 
-570, -1434, -863, 1002, 146, -1149, 209, 395, 151, 385, 561, 1361, 
-570, -1434, -863, 1002, 146, -1149, 209, 395, 151, 385, 561, 1361, 
-570, -1434, -863, 1002, 146, -1149, 209, 385, 156, 385, 551, 1371, 
-570, -1444, -873, 1007, 151, -1159, 209, 385, 156, 385, 551, 1371, 
-570, -1444, -873, 1007, 151, -1159, 209, 380, 156, 385, 551, 1366, 
-570, -1439, -868, 1005, 148, -1154, 209, 380, 151, 385, 551, 1366, 
-570, -1449, -878, 1010, 153, -1163, 209, 390, 151, 375, 551, 1366, 
-570, -1449, -878, 1010, 153, -1163, 209, 385, 151, 375, 551, 1366, 
-570, -1449, -878, 1010, 153, -1163, 209, 385, 151, 375, 551, 1366, 
-570, -1449, -878, 1010, 153, -1163, 214, 385, 151, 380, 551, 1366, 
-570, -1454, -883, 1012, 156, -1168, 214, 385, 141, 380, 551, 1366, 
-570, -1454, -883, 1012, 156, -1168, 214, 380, 141, 370, 551, 1366, 
-570, -1454, -883, 1012, 156, -1168, 214, 380, 141, 370, 551, 1366, 
-570, -1454, -883, 1012, 156, -1168, 214, 380, 141, 370, 551, 1366, 
-570, -1444, -873, 1007, 151, -1159, 204, 370, 141, 370, 546, 1361, 
-570, -1444, -873, 1007, 151, -1159, 204, 370, 141, 370, 546, 1356, 
-570, -1444, -873, 1007, 151, -1159, 204, 370, 141, 370, 546, 1356, 
-570, -1444, -873, 1007, 151, -1159, 204, 370, 141, 370, 546, 1361, 
-570, -1444, -873, 1007, 151, -1159, 209, 375, 146, 380, 546, 1366, 
-570, -1444, -873, 1007, 151, -1159, 209, 375, 141, 380, 546, 1366, 
-570, -1444, -873, 1007, 151, -1159, 209, 370, 141, 380, 546, 1361, 
-570, -1444, -873, 1007, 151, -1159, 209, 370, 141, 380, 546, 1361, 
-570, -1454, -883, 1012, 156, -1168, 209, 370, 146, 370, 546, 1371, 
-570, -1454, -883, 1012, 156, -1168, 209, 366, 146, 370, 546, 1371, 
-570, -1454, -883, 1012, 156, -1168, 209, 366, 141, 370, 546, 1371, 
-570, -1454, -883, 1012, 156, -1168, 209, 366, 141, 370, 546, 1371, 
-570, -1454, -883, 1012, 156, -1168, 204, 366, 141, 370, 546, 1361, 
-570, -1449, -878, 1010, 153, -1163, 204, 366, 141, 370, 541, 1361, 
-570, -1449, -878, 1010, 153, -1163, 204, 366, 141, 370, 541, 1361, 
-570, -1449, -878, 1010, 153, -1163, 200, 366, 141, 370, 541, 1356, 
-570, -1449, -878, 1010, 153, -1163, 209, 366, 141, 366, 541, 1356, 
-570, -1449, -878, 1010, 153, -1163, 209, 366, 141, 366, 541, 1361, 
-570, -1449, -878, 1010, 153, -1163, 209, 366, 141, 370, 541, 1361, 
-570, -1449, -878, 1010, 153, -1163, 209, 370, 146, 370, 546, 1361, 
-570, -1449, -878, 1010, 153, -1163, 209, 370, 141, 375, 546, 1361, 
-570, -1449, -878, 1010, 153, -1163, 209, 370, 141, 375, 551, 1366, 
-570, -1449, -878, 1010, 153, -1163, 209, 370, 141, 375, 551, 1366, 
-570, -1449, -878, 1010, 153, -1163, 214, 375, 141, 375, 551, 1366, 
-580, -1454, -873, 1017, 146, -1163, 219, 375, 146, 370, 551, 1356, 
-580, -1449, -868, 1015, 143, -1159, 219, 375, 141, 375, 551, 1356, 
-575, -1444, -868, 1010, 146, -1156, 219, 380, 146, 375, 551, 1356, 
-575, -1429, -854, 1002, 139, -1141, 219, 385, 146, 385, 556, 1361, 
-566, -1439, -873, 1002, 153, -1156, 209, 375, 136, 375, 546, 1356, 
-566, -1444, -878, 1005, 156, -1161, 214, 370, 136, 370, 546, 1356, 
-566, -1444, -878, 1005, 156, -1161, 204, 370, 146, 370, 546, 1356, 
-566, -1444, -878, 1005, 156, -1161, 204, 370, 146, 370, 546, 1356, 
-566, -1444, -878, 1005, 156, -1161, 204, 370, 146, 370, 546, 1356, 
-566, -1444, -878, 1005, 156, -1161, 204, 370, 146, 370, 546, 1356, 
-566, -1444, -878, 1005, 156, -1161, 204, 370, 136, 370, 546, 1356, 
-566, -1444, -878, 1005, 156, -1161, 209, 370, 136, 370, 546, 1356, 
-566, -1444, -878, 1005, 156, -1161, 209, 370, 136, 375, 546, 1356, 
-566, -1444, -878, 1005, 156, -1161, 209, 370, 136, 375, 546, 1356, 
-566, -1439, -873, 1002, 153, -1156, 204, 370, 136, 385, 546, 1356, 
-566, -1439, -873, 1002, 153, -1156, 204, 370, 136, 385, 546, 1356, 
-566, -1439, -873, 1002, 153, -1156, 204, 370, 136, 380, 546, 1356, 
-566, -1439, -873, 1002, 153, -1156, 204, 375, 136, 380, 541, 1356, 
-566, -1439, -873, 1002, 153, -1156, 204, 375, 146, 370, 541, 1356, 
-566, -1439, -873, 1002, 153, -1156, 209, 375, 146, 375, 541, 1356, 
-566, -1439, -873, 1002, 153, -1156, 209, 375, 151, 375, 541, 1356, 
-566, -1439, -873, 1002, 153, -1156, 209, 375, 151, 375, 546, 1356, 
-566, -1439, -873, 1002, 153, -1156, 209, 375, 151, 385, 556, 1366, 
-561, -1439, -878, 1000, 158, -1159, 209, 375, 151, 385, 556, 1371, 
-561, -1429, -868, 995, 153, -1149, 214, 380, 156, 390, 561, 1376, 
-556, -1420, -863, 988, 153, -1141, 224, 395, 161, 400, 566, 1376, 
-566, -1405, -839, 985, 136, -1122, 229, 409, 170, 395, 585, 1376, 
-561, -1395, -834, 978, 136, -1115, 234, 414, 175, 400, 585, 1385, 
-556, -1381, -824, 968, 134, -1102, 239, 419, 180, 405, 590, 1390, 
-556, -1381, -824, 968, 134, -1102, 248, 429, 190, 409, 595, 1395, 
-546, -1356, -810, 951, 131, -1083, 253, 424, 200, 424, 595, 1400, 
-541, -1346, -805, 944, 131, -1076, 268, 429, 204, 434, 605, 1405, 
-536, -1337, -800, 936, 131, -1068, 273, 439, 219, 448, 610, 1410, 
-536, -1322, -785, 929, 124, -1054, 278, 448, 224, 448, 619, 1420, 
-531, -1317, -785, 924, 126, -1051, 278, 448, 224, 439, 629, 1415, 
-531, -1312, -780, 922, 124, -1046, 278, 453, 229, 444, 629, 1415, 
-531, -1312, -780, 922, 124, -1046, 283, 453, 229, 444, 634, 1415, 
-536, -1312, -775, 924, 119, -1044, 287, 458, 234, 444, 634, 1420, 
-536, -1312, -775, 924, 119, -1044, 287, 458, 234, 444, 634, 1420, 
-536, -1312, -775, 924, 119, -1044, 287, 458, 239, 444, 644, 1420, 
-536, -1312, -775, 924, 119, -1044, 287, 458, 244, 453, 644, 1420, 
-536, -1312, -775, 924, 119, -1044, 283, 453, 248, 458, 649, 1429, 
-527, -1293, -766, 910, 119, -1029, 268, 439, 239, 463, 639, 1434, 
-531, -1283, -751, 907, 109, -1017, 268, 439, 244, 468, 644, 1439, 
-531, -1278, -746, 905, 107, -1012, 263, 434, 244, 468, 644, 1439, 
-531, -1278, -746, 905, 107, -1012, 258, 424, 244, 473, 649, 1444, 
-536, -1268, -732, 902, 97, -1000, 248, 419, 253, 483, 658, 1449, 
-527, -1254, -727, 890, 100, -990, 244, 414, 253, 488, 668, 1449, 
-522, -1239, -717, 880, 97, -978, 234, 414, 263, 492, 673, 1454, 
-522, -1239, -717, 880, 97, -978, 224, 409, 253, 497, 673, 1459, 
-517, -1254, -736, 885, 109, -995, 219, 405, 248, 488, 668, 1459, 
-517, -1263, -746, 890, 114, -1005, 214, 400, 244, 483, 663, 1454, 
-517, -1268, -751, 893, 117, -1010, 209, 395, 239, 478, 663, 1449, 
-507, -1268, -761, 888, 126, -1015, 209, 395, 234, 478, 663, 1449, 
-502, -1259, -756, 880, 126, -1007, 195, 395, 224, 488, 658, 1459, 
-497, -1259, -761, 878, 131, -1010, 190, 395, 224, 488, 658, 1459, 
-497, -1263, -766, 880, 134, -1015, 185, 385, 214, 483, 653, 1459, 
-502, -1273, -771, 888, 134, -1022, 175, 370, 204, 478, 644, 1454, 
-502, -1288, -785, 895, 141, -1037, 165, 346, 195, 468, 634, 1429, 
-502, -1307, -805, 905, 151, -1056, 165, 341, 180, 458, 619, 1429, 
-507, -1317, -810, 912, 151, -1063, 165, 341, 170, 444, 610, 1420, 
-527, -1337, -810, 932, 141, -1073, 170, 346, 170, 439, 605, 1415, 
-551, -1356, -805, 954, 126, -1080, 190, 356, 180, 424, 600, 1400, 
-566, -1381, -814, 973, 124, -1098, 195, 361, 180, 414, 595, 1390, 
-575, -1410, -834, 993, 129, -1122, 204, 361, 170, 405, 580, 1381, 
-575, -1434, -858, 1005, 141, -1146, 204, 356, 161, 390, 575, 1366, 
-575, -1429, -854, 1002, 139, -1141, 204, 356, 146, 385, 566, 1361, 
-580, -1439, -858, 1010, 139, -1149, 204, 356, 141, 380, 566, 1356, 
-580, -1449, -868, 1015, 143, -1159, 200, 356, 136, 380, 556, 1356, 
-580, -1449, -868, 1015, 143, -1159, 200, 351, 131, 375, 551, 1351, 
-570, -1454, -883, 1012, 156, -1168, 200, 341, 131, 385, 551, 1351, 
-566, -1454, -888, 1010, 161, -1171, 195, 341, 131, 380, 551, 1346, 
-566, -1464, -897, 1015, 165, -1180, 195, 341, 126, 375, 546, 1342, 
-566, -1468, -902, 1017, 168, -1185, 195, 331, 122, 370, 541, 1337, 
-566, -1473, -907, 1019, 170, -1190, 185, 331, 126, 370, 546, 1342, 
-566, -1473, -907, 1019, 170, -1190, 185, 331, 122, 366, 546, 1337, 
-566, -1478, -912, 1022, 173, -1195, 185, 326, 122, 366, 546, 1337, 
-566, -1478, -912, 1022, 173, -1195, 185, 326, 126, 366, 546, 1342, 
-575, -1478, -902, 1027, 163, -1190, 185, 336, 117, 370, 536, 1332, 
-575, -1478, -902, 1027, 163, -1190, 185, 341, 117, 370, 536, 1332, 
-575, -1478, -902, 1027, 163, -1190, 185, 341, 117, 370, 536, 1332, 
-575, -1478, -902, 1027, 163, -1190, 185, 341, 117, 370, 536, 1337, 
-575, -1478, -902, 1027, 163, -1190, 185, 341, 117, 361, 531, 1337, 
-575, -1483, -907, 1029, 165, -1195, 185, 341, 117, 361, 531, 1337, 
-575, -1483, -907, 1029, 165, -1195, 185, 346, 117, 366, 531, 1332, 
-575, -1483, -907, 1029, 165, -1195, 185, 346, 117, 366, 531, 1332, 
-566, -1478, -912, 1022, 173, -1195, 185, 336, 117, 366, 531, 1332, 
-566, -1478, -912, 1022, 173, -1195, 185, 336, 117, 361, 531, 1332, 
-561, -1468, -907, 1015, 173, -1188, 185, 336, 122, 361, 531, 1332, 
-561, -1483, -922, 1022, 180, -1202, 200, 346, 122, 366, 536, 1337, 
-561, -1498, -936, 1029, 187, -1217, 204, 370, 122, 356, 527, 1327, 
-556, -1517, -961, 1037, 202, -1239, 219, 429, 131, 346, 512, 1298, 
-556, -1532, -976, 1044, 209, -1254, 248, 492, 131, 322, 497, 1278, 
-566, -1546, -980, 1056, 207, -1263, 278, 556, 151, 302, 502, 1268, 
-566, -1546, -980, 1056, 207, -1263, 302, 624, 170, 292, 502, 1263, 
-541, -1546, -1005, 1044, 231, -1276, 322, 683, 195, 297, 497, 1254, 
-522, -1556, -1034, 1039, 256, -1295, 346, 756, 200, 278, 488, 1234, 
-492, -1566, -1073, 1029, 290, -1320, 375, 849, 224, 268, 488, 1234, 
-463, -1546, -1083, 1005, 309, -1315, 414, 946, 258, 292, 512, 1239, 
-429, -1507, -1078, 968, 324, -1293, 444, 1015, 307, 336, 566, 1259, 
-385, -1449, -1063, 917, 339, -1256, 434, 1024, 341, 390, 610, 1307, 
-356, -1356, -1000, 856, 322, -1178, 400, 961, 380, 468, 702, 1381, 
-346, -1215, -868, 780, 261, -1041, 341, 834, 434, 580, 814, 1493, 
-361, -1019, -658, 690, 148, -839, 263, 619, 502, 732, 971, 1644, 
-400, -761, -361, 580, -19, -561, 136, 312, 556, 936, 1166, 1839, 
-439, -522, -82, 480, -178, -302, -19, -19, 600, 1127, 1351, 2034, 
-478, -336, 141, 407, -309, -97, -219, -346, 610, 1283, 1507, 2200, 
-488, -180, 307, 334, -397, 63, -424, -653, 605, 1420, 1629, 2318, 
-502, -63, 439, 283, -470, 187, -600, -888, 605, 1522, 1732, 2410, 
-522, -34, 488, 278, -505, 226, -736, -1024, 619, 1576, 1781, 2459, 
-522, -73, 448, 297, -485, 187, -829, -1088, 585, 1551, 1761, 2449, 
-531, -204, 326, 368, -429, 61, -868, -1117, 478, 1444, 1639, 2352, 
-566, -414, 151, 490, -358, -131, -849, -1141, 317, 1268, 1424, 2200, 
-634, -658, -24, 646, -305, -341, -785, -1176, 136, 1049, 1151, 2025, 
-702, -888, -185, 795, -258, -536, -736, -1220, -39, 844, 912, 1854, 
-746, -1102, -356, 924, -195, -729, -712, -1239, -190, 658, 702, 1693, 
-736, -1293, -556, 1015, -90, -924, -678, -1171, -322, 502, 527, 1551, 
-707, -1439, -732, 1073, 12, -1085, -629, -1039, -400, 390, 414, 1439, 
-692, -1542, -849, 1117, 78, -1195, -561, -868, -409, 326, 356, 1361, 
-692, -1600, -907, 1146, 107, -1254, -458, -692, -380, 278, 331, 1307, 
-697, -1639, -941, 1168, 122, -1290, -385, -556, -341, 258, 322, 1268, 
-692, -1649, -956, 1171, 131, -1302, -331, -463, -302, 248, 331, 1249, 
-663, -1629, -966, 1146, 151, -1298, -253, -336, -239, 263, 356, 1259, 
-639, -1590, -951, 1115, 156, -1271, -161, -195, -156, 292, 390, 1278, 
-614, -1556, -941, 1085, 163, -1249, -63, -58, -92, 302, 429, 1293, 
-595, -1542, -946, 1068, 175, -1244, 24, 73, -24, 326, 458, 1298, 
-575, -1527, -951, 1051, 187, -1239, 82, 170, 24, 331, 473, 1298, 
-575, -1512, -936, 1044, 180, -1224, 112, 219, 48, 336, 478, 1298, 
-575, -1507, -932, 1041, 178, -1220, 122, 253, 78, 351, 492, 1307, 
-580, -1498, -917, 1039, 168, -1207, 126, 273, 102, 361, 512, 1317, 
-580, -1478, -897, 1029, 158, -1188, 141, 287, 117, 370, 527, 1317, 
-575, -1478, -902, 1027, 163, -1190, 141, 292, 117, 375, 531, 1317, 
-570, -1464, -893, 1017, 161, -1178, 141, 317, 122, 380, 541, 1322, 
-566, -1464, -897, 1015, 165, -1180, 151, 341, 126, 370, 531, 1322, 
-561, -1464, -902, 1012, 170, -1183, 175, 361, 126, 370, 531, 1322, 
-556, -1464, -907, 1010, 175, -1185, 195, 380, 126, 370, 531, 1317, 
-556, -1464, -907, 1010, 175, -1185, 209, 380, 131, 370, 527, 1317, 
-556, -1478, -922, 1017, 183, -1200, 204, 380, 136, 366, 522, 1312, 
-556, -1478, -922, 1017, 183, -1200, 204, 380, 136, 366, 522, 1312, 
-561, -1478, -917, 1019, 178, -1198, 204, 380, 141, 366, 517, 1312, 
-561, -1478, -917, 1019, 178, -1198, 200, 380, 141, 366, 512, 1312, 
-561, -1478, -917, 1019, 178, -1198, 195, 380, 146, 366, 517, 1322, 
-556, -1468, -912, 1012, 178, -1190, 195, 380, 146, 366, 522, 1322, 
-556, -1468, -912, 1012, 178, -1190, 200, 390, 146, 370, 531, 1322, 
-556, -1468, -912, 1012, 178, -1190, 200, 395, 146, 370, 536, 1322, 
-556, -1468, -912, 1012, 178, -1190, 209, 400, 151, 370, 536, 1317, 
-556, -1468, -912, 1012, 178, -1190, 209, 400, 151, 370, 536, 1317, 
-556, -1468, -912, 1012, 178, -1190, 209, 405, 151, 370, 536, 1317, 
-556, -1468, -912, 1012, 178, -1190, 209, 405, 156, 370, 541, 1317, 
-556, -1464, -907, 1010, 175, -1185, 209, 405, 156, 370, 531, 1317, 
-546, -1464, -917, 1005, 185, -1190, 209, 405, 156, 375, 531, 1317, 
-546, -1464, -917, 1005, 185, -1190, 209, 405, 161, 380, 531, 1317, 
-546, -1464, -917, 1005, 185, -1190, 214, 409, 161, 380, 536, 1322, 
-556, -1459, -902, 1007, 173, -1180, 204, 409, 170, 380, 536, 1322, 
-551, -1459, -907, 1005, 178, -1183, 204, 409, 175, 380, 536, 1322, 
-551, -1449, -897, 1000, 173, -1173, 204, 414, 175, 380, 536, 1322, 
-551, -1449, -897, 1000, 173, -1173, 204, 414, 175, 380, 536, 1322, 
-541, -1449, -907, 995, 183, -1178, 204, 414, 165, 385, 546, 1327, 
-541, -1444, -902, 993, 180, -1173, 204, 419, 165, 385, 551, 1327, 
-541, -1444, -902, 993, 180, -1173, 204, 419, 170, 385, 556, 1327, 
-541, -1444, -902, 993, 180, -1173, 204, 424, 170, 390, 556, 1327, 
-541, -1434, -893, 988, 175, -1163, 204, 424, 170, 390, 561, 1317, 
-541, -1429, -888, 985, 173, -1159, 204, 434, 175, 385, 566, 1317, 
-541, -1429, -888, 985, 173, -1159, 209, 434, 175, 385, 566, 1322, 
-541, -1429, -888, 985, 173, -1159, 214, 434, 175, 395, 566, 1327, 
-546, -1429, -883, 988, 168, -1156, 214, 424, 180, 395, 556, 1327, 
-546, -1429, -883, 988, 168, -1156, 214, 429, 180, 395, 556, 1327, 
-546, -1424, -878, 985, 165, -1151, 209, 429, 185, 400, 551, 1327, 
-546, -1424, -878, 985, 165, -1151, 209, 439, 185, 400, 551, 1327, 
-536, -1420, -883, 978, 173, -1151, 209, 439, 195, 400, 556, 1327, 
-536, -1415, -878, 976, 170, -1146, 209, 439, 195, 405, 561, 1327, 
-536, -1410, -873, 973, 168, -1141, 209, 439, 195, 405, 566, 1332, 
-536, -1405, -868, 971, 165, -1137, 209, 444, 200, 405, 566, 1337, 
-536, -1405, -868, 971, 165, -1137, 200, 444, 200, 409, 561, 1327, 
-536, -1400, -863, 968, 163, -1132, 204, 444, 204, 409, 561, 1327, 
-536, -1400, -863, 968, 163, -1132, 204, 453, 204, 414, 561, 1332, 
-536, -1395, -858, 966, 161, -1127, 204, 453, 209, 414, 561, 1332, 
-531, -1395, -863, 963, 165, -1129, 204, 453, 209, 414, 575, 1332, 
-527, -1390, -863, 958, 168, -1127, 204, 458, 209, 409, 580, 1332, 
-527, -1390, -863, 958, 168, -1127, 204, 458, 209, 409, 580, 1332, 
-522, -1385, -863, 954, 170, -1124, 204, 468, 214, 414, 580, 1332, 
-522, -1385, -863, 954, 170, -1124, 204, 468, 204, 419, 575, 1346, 
-522, -1381, -858, 951, 168, -1119, 204, 473, 204, 419, 575, 1346, 
-522, -1371, -849, 946, 163, -1110, 204, 478, 209, 424, 575, 1346, 
-522, -1371, -849, 946, 163, -1110, 204, 483, 209, 424, 580, 1351, 
-522, -1371, -849, 946, 163, -1110, 195, 488, 214, 429, 580, 1346, 
-522, -1366, -844, 944, 161, -1105, 195, 492, 214, 429, 590, 1346, 
-522, -1361, -839, 941, 158, -1100, 195, 497, 214, 434, 590, 1346, 
-517, -1361, -844, 939, 163, -1102, 190, 502, 219, 434, 590, 1351, 
-512, -1361, -849, 936, 168, -1105, 195, 517, 229, 434, 590, 1342, 
-512, -1356, -844, 934, 165, -1100, 200, 527, 229, 439, 595, 1342, 
-512, -1351, -839, 932, 163, -1095, 209, 531, 234, 444, 605, 1346, 
-507, -1351, -844, 929, 168, -1098, 214, 541, 234, 444, 605, 1351, 
-507, -1346, -839, 927, 165, -1093, 214, 546, 248, 453, 614, 1366, 
-507, -1342, -834, 924, 163, -1088, 214, 556, 248, 453, 619, 1366, 
-502, -1337, -834, 919, 165, -1085, 209, 561, 253, 458, 619, 1366, 
-492, -1332, -839, 912, 173, -1085, 209, 575, 253, 458, 629, 1366, 
-488, -1327, -839, 907, 175, -1083, 204, 595, 263, 463, 634, 1366, 
-488, -1322, -834, 905, 173, -1078, 204, 600, 263, 468, 639, 1371, 
-488, -1312, -824, 900, 168, -1068, 204, 614, 268, 473, 644, 1376, 
-483, -1302, -819, 893, 168, -1061, 204, 629, 273, 478, 649, 1381, 
-478, -1302, -824, 890, 173, -1063, 204, 629, 278, 492, 653, 1381, 
-473, -1298, -824, 885, 175, -1061, 200, 639, 278, 497, 663, 1385, 
-468, -1293, -824, 880, 178, -1058, 200, 653, 278, 502, 663, 1395, 
-463, -1278, -814, 871, 175, -1046, 200, 668, 283, 507, 668, 1400, 
-458, -1259, -800, 858, 170, -1029, 195, 688, 297, 517, 683, 1410, 
-453, -1249, -795, 851, 170, -1022, 195, 707, 302, 522, 697, 1415, 
-448, -1234, -785, 841, 168, -1010, 195, 722, 312, 536, 707, 1424, 
-444, -1224, -780, 834, 168, -1002, 190, 736, 322, 541, 707, 1434, 
-434, -1215, -780, 824, 173, -997, 185, 741, 326, 536, 717, 1439, 
-424, -1200, -775, 812, 175, -988, 180, 756, 336, 551, 727, 1444, 
-424, -1190, -766, 807, 170, -978, 175, 775, 341, 561, 736, 1449, 
-414, -1171, -756, 793, 170, -963, 170, 790, 351, 575, 751, 1454, 
-405, -1156, -751, 780, 173, -954, 165, 800, 361, 585, 766, 1464, 
-400, -1141, -741, 771, 170, -941, 165, 814, 366, 600, 775, 1478, 
-390, -1127, -736, 758, 173, -932, 161, 819, 375, 610, 785, 1498, 
-385, -1107, -722, 746, 168, -915, 156, 834, 385, 624, 805, 1512, 
-390, -1093, -702, 741, 156, -897, 151, 854, 400, 639, 814, 1522, 
-385, -1083, -697, 734, 156, -890, 146, 868, 409, 649, 834, 1532, 
-380, -1073, -692, 727, 156, -883, 141, 878, 419, 663, 844, 1542, 
-375, -1058, -683, 717, 153, -871, 136, 888, 419, 688, 854, 1551, 
-356, -1034, -678, 695, 161, -856, 126, 883, 434, 697, 868, 1551, 
-346, -1019, -673, 683, 163, -846, 122, 888, 439, 707, 878, 1556, 
-341, -1005, -663, 673, 161, -834, 117, 888, 448, 717, 888, 1566, 
-341, -990, -649, 666, 153, -819, 112, 888, 453, 727, 893, 1576, 
-331, -985, -653, 658, 161, -819, 107, 893, 458, 732, 902, 1595, 
-331, -971, -639, 651, 153, -805, 107, 893, 468, 741, 912, 1595, 
-326, -961, -634, 644, 153, -797, 102, 897, 468, 746, 917, 1600, 
-322, -956, -634, 639, 156, -795, 102, 897, 473, 751, 927, 1615, 
-317, -946, -629, 631, 156, -788, 102, 897, 488, 761, 946, 1615, 
-317, -936, -619, 627, 151, -778, 102, 897, 488, 761, 951, 1615, 
-317, -932, -614, 624, 148, -773, 92, 893, 492, 771, 966, 1620, 
-317, -922, -605, 619, 143, -763, 92, 888, 497, 775, 971, 1625, 
-317, -902, -585, 610, 134, -744, 82, 878, 502, 780, 966, 1639, 
-317, -897, -580, 607, 131, -739, 82, 868, 502, 785, 966, 1639, 
-317, -893, -575, 605, 129, -734, 82, 858, 502, 785, 966, 1644, 
-322, -893, -570, 607, 124, -732, 87, 844, 502, 785, 966, 1644, 
-322, -893, -570, 607, 124, -732, 102, 839, 512, 790, 971, 1644, 
-326, -902, -575, 614, 124, -739, 102, 824, 512, 785, 971, 1639, 
-331, -907, -575, 619, 122, -741, 102, 800, 512, 785, 966, 1634, 
-341, -922, -580, 631, 119, -751, 107, 785, 507, 775, 956, 1629, 
-341, -922, -580, 631, 119, -751, 102, 775, 507, 775, 956, 1620, 
-351, -941, -590, 646, 119, -766, 112, 756, 497, 766, 936, 1610, 
-361, -951, -590, 656, 114, -771, 122, 741, 488, 746, 927, 1590, 
-370, -971, -600, 671, 114, -785, 136, 727, 478, 736, 912, 1581, 
-380, -990, -610, 685, 114, -800, 146, 702, 483, 732, 897, 1566, 
-390, -1005, -614, 697, 112, -810, 151, 688, 473, 712, 878, 1556, 
-400, -1029, -629, 714, 114, -829, 156, 678, 468, 697, 863, 1546, 
-405, -1044, -639, 724, 117, -841, 165, 658, 458, 683, 849, 1532, 
-419, -1068, -649, 744, 114, -858, 170, 649, 453, 663, 829, 1522, 
-429, -1088, -658, 758, 114, -873, 175, 634, 439, 649, 814, 1503, 
-439, -1102, -663, 771, 112, -883, 180, 614, 434, 639, 800, 1493, 
-448, -1122, -673, 785, 112, -897, 180, 605, 424, 624, 785, 1483, 
-444, -1127, -683, 785, 119, -905, 185, 590, 409, 610, 771, 1464, 
-448, -1151, -702, 800, 126, -927, 185, 575, 400, 600, 756, 1454, 
-453, -1171, -717, 812, 131, -944, 190, 566, 395, 585, 746, 1444, 
-458, -1180, -722, 819, 131, -951, 190, 551, 385, 580, 732, 1429, 
-468, -1200, -732, 834, 131, -966, 190, 536, 375, 566, 712, 1415, 
-478, -1210, -732, 844, 126, -971, 190, 522, 370, 561, 707, 1405, 
-483, -1224, -741, 854, 129, -983, 190, 517, 366, 561, 707, 1400, 
-488, -1229, -741, 858, 126, -985, 185, 507, 361, 551, 697, 1395, 
-488, -1234, -746, 861, 129, -990, 185, 497, 356, 546, 688, 1390, 
-492, -1244, -751, 868, 129, -997, 190, 492, 346, 541, 683, 1381, 
-492, -1254, -761, 873, 134, -1007, 190, 483, 341, 536, 673, 1376, 
-497, -1254, -756, 875, 129, -1005, 190, 478, 331, 527, 668, 1371, 
-492, -1268, -775, 880, 141, -1022, 185, 463, 326, 522, 673, 1366, 
-497, -1268, -771, 883, 136, -1019, 185, 463, 326, 517, 673, 1366, 
-497, -1273, -775, 885, 139, -1024, 185, 458, 322, 517, 673, 1361, 
-492, -1278, -785, 885, 146, -1032, 185, 448, 322, 517, 668, 1361, 
-502, -1283, -780, 893, 139, -1032, 175, 444, 317, 502, 658, 1356, 
-502, -1288, -785, 895, 141, -1037, 175, 434, 317, 502, 653, 1356, 
-502, -1288, -785, 895, 141, -1037, 170, 434, 312, 502, 653, 1356, 
-502, -1293, -790, 897, 143, -1041, 170, 429, 312, 502, 653, 1351, 
-502, -1293, -790, 897, 143, -1041, 170, 429, 312, 512, 658, 1351, 
-502, -1298, -795, 900, 146, -1046, 170, 424, 312, 507, 653, 1346, 
-502, -1298, -795, 900, 146, -1046, 170, 419, 302, 507, 653, 1346, 
-502, -1293, -790, 897, 143, -1041, 170, 419, 302, 507, 658, 1346, 
-502, -1293, -790, 897, 143, -1041, 170, 419, 312, 517, 658, 1342, 
-502, -1293, -790, 897, 143, -1041, 170, 419, 312, 517, 658, 1342, 
-502, -1293, -790, 897, 143, -1041, 170, 414, 312, 512, 658, 1342, 
-502, -1293, -790, 897, 143, -1041, 170, 414, 312, 512, 658, 1342, 
-497, -1293, -795, 895, 148, -1044, 170, 414, 312, 507, 644, 1351, 
-502, -1293, -790, 897, 143, -1041, 170, 414, 312, 507, 644, 1346, 
-497, -1293, -795, 895, 148, -1044, 170, 409, 312, 507, 649, 1346, 
-492, -1293, -800, 893, 153, -1046, 170, 409, 312, 507, 649, 1346, 
-497, -1293, -795, 895, 148, -1044, 170, 419, 312, 507, 649, 1356, 
-497, -1293, -795, 895, 148, -1044, 170, 419, 312, 507, 649, 1361, 
-497, -1293, -795, 895, 148, -1044, 170, 419, 312, 507, 649, 1361, 
-497, -1288, -790, 893, 146, -1039, 170, 424, 312, 507, 649, 1356, 
-492, -1288, -795, 890, 151, -1041, 161, 414, 322, 507, 649, 1351, 
-492, -1288, -795, 890, 151, -1041, 161, 414, 322, 512, 653, 1346, 
-492, -1288, -795, 890, 151, -1041, 161, 414, 322, 512, 653, 1342, 
-492, -1288, -795, 890, 151, -1041, 161, 419, 322, 512, 653, 1337, 
-492, -1278, -785, 885, 146, -1032, 170, 419, 322, 522, 663, 1351, 
-492, -1278, -785, 885, 146, -1032, 170, 419, 322, 522, 663, 1351, 
-492, -1273, -780, 883, 143, -1027, 170, 419, 326, 522, 663, 1351, 
-492, -1273, -780, 883, 143, -1027, 170, 419, 326, 522, 663, 1351, 
-492, -1283, -790, 888, 148, -1037, 170, 419, 336, 531, 673, 1351, 
-492, -1283, -790, 888, 148, -1037, 170, 419, 331, 531, 678, 1351, 
-492, -1283, -790, 888, 148, -1037, 170, 419, 331, 531, 678, 1351, 
-492, -1278, -785, 885, 146, -1032, 165, 419, 336, 531, 678, 1351, 
-492, -1268, -775, 880, 141, -1022, 165, 419, 336, 536, 683, 1346, 
-492, -1268, -775, 880, 141, -1022, 165, 419, 336, 536, 683, 1346, 
-492, -1268, -775, 880, 141, -1022, 165, 419, 336, 536, 683, 1351, 
-492, -1268, -775, 880, 141, -1022, 165, 429, 336, 536, 683, 1351, 
-478, -1268, -790, 873, 156, -1029, 165, 419, 351, 536, 683, 1361, 
-478, -1263, -785, 871, 153, -1024, 165, 419, 351, 541, 683, 1361, 
-478, -1259, -780, 868, 151, -1019, 165, 419, 351, 541, 683, 1361, 
-478, -1259, -780, 868, 151, -1019, 165, 419, 351, 541, 683, 1361, 
-478, -1259, -780, 868, 151, -1019, 156, 419, 356, 531, 673, 1356, 
-478, -1259, -780, 868, 151, -1019, 161, 419, 356, 531, 678, 1356, 
-478, -1254, -775, 866, 148, -1015, 161, 419, 356, 536, 678, 1356, 
-478, -1249, -771, 863, 146, -1010, 161, 419, 356, 536, 678, 1356, 
-478, -1249, -771, 863, 146, -1010, 161, 429, 366, 546, 688, 1351, 
-478, -1249, -771, 863, 146, -1010, 161, 429, 366, 546, 688, 1351, 
-478, -1249, -771, 863, 146, -1010, 161, 429, 361, 546, 688, 1346, 
-473, -1249, -775, 861, 151, -1012, 161, 429, 361, 546, 692, 1342, 
-473, -1249, -775, 861, 151, -1012, 161, 419, 361, 546, 683, 1342, 
-478, -1244, -766, 861, 143, -1005, 161, 419, 361, 546, 688, 1342, 
-478, -1244, -766, 861, 143, -1005, 161, 419, 361, 546, 688, 1342, 
-473, -1244, -771, 858, 148, -1007, 161, 419, 361, 546, 683, 1337, 
-473, -1254, -780, 863, 153, -1017, 161, 419, 361, 551, 683, 1346, 
-473, -1249, -775, 861, 151, -1012, 161, 419, 361, 551, 688, 1346, 
-473, -1249, -775, 861, 151, -1012, 161, 419, 361, 551, 688, 1346, 
-473, -1249, -775, 861, 151, -1012, 161, 419, 361, 551, 688, 1346, 
-473, -1239, -766, 856, 146, -1002, 161, 429, 366, 561, 697, 1337, 
-473, -1239, -766, 856, 146, -1002, 161, 434, 366, 561, 692, 1337, 
-473, -1239, -766, 856, 146, -1002, 161, 434, 366, 561, 692, 1342, 
-473, -1239, -766, 856, 146, -1002, 161, 429, 366, 561, 697, 1342, 
-473, -1229, -756, 851, 141, -993, 161, 419, 366, 561, 697, 1342, 
-473, -1229, -756, 851, 141, -993, 161, 419, 366, 561, 692, 1342, 
-473, -1229, -756, 851, 141, -993, 161, 419, 366, 561, 692, 1342, 
-473, -1229, -756, 851, 141, -993, 161, 419, 366, 561, 692, 1337, 
-463, -1239, -775, 851, 156, -1007, 151, 419, 361, 551, 692, 1337, 
-463, -1239, -775, 851, 156, -1007, 151, 419, 361, 551, 692, 1337, 
-463, -1239, -775, 851, 156, -1007, 151, 419, 361, 551, 692, 1337, 
-463, -1239, -775, 851, 156, -1007, 151, 419, 361, 551, 692, 1337, 
-473, -1239, -766, 856, 146, -1002, 151, 419, 370, 561, 702, 1337, 
-473, -1239, -766, 856, 146, -1002, 151, 419, 370, 561, 702, 1337, 
-473, -1239, -766, 856, 146, -1002, 151, 419, 370, 556, 702, 1337, 
-473, -1239, -766, 856, 146, -1002, 151, 419, 370, 556, 702, 1337, 
-473, -1244, -771, 858, 148, -1007, 151, 419, 361, 566, 702, 1337, 
-473, -1244, -771, 858, 148, -1007, 151, 419, 361, 566, 702, 1337, 
-473, -1244, -771, 858, 148, -1007, 151, 419, 361, 566, 702, 1337, 
-473, -1244, -771, 858, 148, -1007, 151, 419, 361, 566, 702, 1337, 
-473, -1244, -771, 858, 148, -1007, 151, 419, 361, 566, 702, 1327, 
-473, -1244, -771, 858, 148, -1007, 151, 419, 361, 566, 702, 1322, 
-473, -1244, -771, 858, 148, -1007, 151, 419, 366, 566, 697, 1322, 
-473, -1244, -771, 858, 148, -1007, 151, 419, 370, 566, 697, 1322, 
-473, -1244, -771, 858, 148, -1007, 151, 419, 370, 556, 692, 1312, 
-473, -1244, -771, 858, 148, -1007, 151, 419, 370, 556, 692, 1312, 
-473, -1244, -771, 858, 148, -1007, 151, 419, 366, 556, 692, 1312, 
-473, -1244, -771, 858, 148, -1007, 156, 414, 366, 556, 692, 1312, 
-473, -1259, -785, 866, 156, -1022, 146, 409, 356, 566, 702, 1322, 
-473, -1259, -785, 866, 156, -1022, 146, 409, 356, 566, 702, 1322, 
-473, -1259, -785, 866, 156, -1022, 146, 409, 356, 566, 702, 1322, 
-473, -1259, -785, 866, 156, -1022, 146, 409, 356, 566, 702, 1322, 
-473, -1259, -785, 866, 156, -1022, 146, 400, 356, 566, 702, 1312, 
-473, -1259, -785, 866, 156, -1022, 146, 400, 356, 566, 702, 1307, 
-473, -1259, -785, 866, 156, -1022, 146, 400, 356, 561, 702, 1307, 
-473, -1259, -785, 866, 156, -1022, 146, 395, 356, 561, 702, 1307, 
-473, -1259, -785, 866, 156, -1022, 146, 405, 356, 570, 702, 1307, 
-473, -1259, -785, 866, 156, -1022, 151, 405, 356, 570, 697, 1307, 
-473, -1259, -785, 866, 156, -1022, 151, 405, 361, 570, 697, 1302, 
-473, -1259, -785, 866, 156, -1022, 151, 405, 366, 570, 697, 1302, 
-473, -1249, -775, 861, 151, -1012, 141, 405, 361, 561, 688, 1302, 
-473, -1259, -785, 866, 156, -1022, 141, 405, 361, 561, 688, 1302, 
-473, -1259, -785, 866, 156, -1022, 141, 400, 361, 561, 688, 1298, 
-473, -1254, -780, 863, 153, -1017, 141, 400, 356, 561, 688, 1298, 
-463, -1263, -800, 863, 168, -1032, 141, 390, 356, 561, 688, 1298, 
-463, -1263, -800, 863, 168, -1032, 141, 385, 356, 561, 688, 1298, 
-463, -1263, -800, 863, 168, -1032, 141, 385, 356, 561, 688, 1298, 
-463, -1263, -800, 863, 168, -1032, 146, 385, 356, 566, 688, 1298, 
-473, -1259, -785, 866, 156, -1022, 146, 395, 356, 566, 688, 1298, 
-473, -1259, -785, 866, 156, -1022, 146, 390, 356, 556, 688, 1298, 
-473, -1259, -785, 866, 156, -1022, 146, 390, 356, 556, 688, 1298, 
-473, -1259, -785, 866, 156, -1022, 146, 390, 356, 556, 688, 1298, 
-463, -1268, -805, 866, 170, -1037, 136, 400, 366, 566, 692, 1293, 
-463, -1268, -805, 866, 170, -1037, 136, 400, 366, 566, 692, 1288, 
-463, -1268, -805, 866, 170, -1037, 136, 400, 366, 566, 692, 1288, 
-463, -1268, -805, 866, 170, -1037, 136, 400, 366, 566, 692, 1293, 
-473, -1268, -795, 871, 161, -1032, 141, 405, 370, 566, 692, 1288, 
-473, -1259, -785, 866, 156, -1022, 131, 405, 366, 566, 702, 1288, 
-473, -1259, -785, 866, 156, -1022, 141, 400, 366, 566, 702, 1293, 
-458, -1259, -800, 858, 170, -1029, 136, 390, 370, 566, 702, 1288, 
-468, -1268, -800, 868, 165, -1034, 126, 390, 370, 566, 702, 1288, 
-468, -1268, -800, 868, 165, -1034, 126, 390, 370, 566, 702, 1288, 
-468, -1268, -800, 868, 165, -1034, 126, 390, 370, 566, 702, 1288, 
-468, -1268, -800, 868, 165, -1034, 126, 390, 370, 566, 702, 1288, 
-478, -1268, -790, 873, 156, -1029, 126, 390, 370, 575, 702, 1288, 
-478, -1268, -790, 873, 156, -1029, 131, 390, 370, 575, 702, 1288, 
-478, -1268, -790, 873, 156, -1029, 131, 390, 370, 580, 702, 1288, 
-478, -1268, -790, 873, 156, -1029, 131, 390, 370, 580, 702, 1288, 
-468, -1263, -795, 866, 163, -1029, 126, 390, 361, 580, 702, 1278, 
-468, -1263, -795, 866, 163, -1029, 126, 390, 361, 580, 702, 1278, 
-468, -1263, -795, 866, 163, -1029, 126, 390, 361, 575, 702, 1278, 
-468, -1263, -795, 866, 163, -1029, 126, 395, 361, 575, 697, 1278, 
-468, -1263, -795, 866, 163, -1029, 126, 395, 370, 575, 707, 1278, 
-468, -1263, -795, 866, 163, -1029, 131, 395, 370, 580, 707, 1278, 
-468, -1263, -795, 866, 163, -1029, 131, 395, 375, 580, 707, 1278, 
-468, -1263, -795, 866, 163, -1029, 131, 395, 375, 580, 712, 1278, 
-468, -1254, -785, 861, 158, -1019, 131, 405, 385, 590, 712, 1278, 
-463, -1254, -790, 858, 163, -1022, 131, 405, 385, 590, 712, 1283, 
-463, -1244, -780, 854, 158, -1012, 136, 409, 390, 595, 717, 1288, 
-458, -1234, -775, 846, 158, -1005, 146, 424, 395, 605, 722, 1288, 
-448, -1229, -780, 839, 165, -1005, 161, 429, 405, 610, 741, 1288, 
-444, -1220, -775, 832, 165, -997, 165, 434, 409, 614, 741, 1298, 
-439, -1205, -766, 822, 163, -985, 170, 439, 414, 619, 746, 1302, 
-439, -1205, -766, 822, 163, -985, 180, 448, 424, 624, 751, 1307, 
-448, -1190, -741, 819, 146, -966, 180, 463, 444, 629, 761, 1322, 
-444, -1180, -736, 812, 146, -958, 190, 468, 448, 639, 771, 1327, 
-439, -1171, -732, 805, 146, -951, 190, 478, 463, 653, 775, 1332, 
-439, -1156, -717, 797, 139, -936, 190, 488, 468, 653, 785, 1342, 
-434, -1151, -717, 793, 141, -934, 190, 478, 468, 663, 795, 1337, 
-434, -1146, -712, 790, 139, -929, 190, 483, 473, 668, 795, 1337, 
-434, -1146, -712, 790, 139, -929, 195, 483, 473, 668, 800, 1337, 
-439, -1146, -707, 793, 134, -927, 200, 488, 478, 668, 800, 1342, 
-439, -1141, -702, 790, 131, -922, 209, 488, 488, 668, 810, 1342, 
-439, -1137, -697, 788, 129, -917, 209, 488, 492, 668, 819, 1342, 
-439, -1132, -692, 785, 126, -912, 209, 488, 497, 678, 819, 1342, 
-439, -1127, -688, 783, 124, -907, 204, 483, 502, 683, 824, 1351, 
-429, -1107, -678, 768, 124, -893, 190, 488, 512, 688, 824, 1356, 
-434, -1098, -663, 766, 114, -880, 190, 488, 517, 692, 829, 1361, 
-434, -1093, -658, 763, 112, -875, 185, 483, 517, 692, 829, 1361, 
-434, -1093, -658, 763, 112, -875, 180, 473, 517, 697, 834, 1366, 
-439, -1083, -644, 761, 102, -863, 170, 468, 507, 707, 834, 1371, 
-429, -1068, -639, 749, 104, -854, 165, 463, 507, 712, 844, 1371, 
-424, -1054, -629, 739, 102, -841, 156, 463, 517, 717, 849, 1376, 
-424, -1054, -629, 739, 102, -841, 146, 458, 507, 722, 849, 1381, 
-419, -1068, -649, 744, 114, -858, 131, 444, 502, 722, 854, 1390, 
-419, -1078, -658, 749, 119, -868, 126, 439, 497, 717, 849, 1385, 
-419, -1083, -663, 751, 122, -873, 122, 434, 492, 712, 849, 1381, 
-409, -1083, -673, 746, 131, -878, 122, 434, 488, 712, 849, 1381, 
-405, -1073, -668, 739, 131, -871, 107, 434, 488, 702, 844, 1376, 
-400, -1073, -673, 736, 136, -873, 102, 434, 488, 702, 844, 1371, 
-400, -1078, -678, 739, 139, -878, 97, 424, 478, 697, 839, 1366, 
-405, -1088, -683, 746, 139, -885, 87, 409, 468, 692, 829, 1356, 
-405, -1117, -712, 761, 153, -915, 87, 405, 458, 683, 819, 1332, 
-405, -1141, -736, 773, 165, -939, 87, 400, 444, 673, 805, 1332, 
-409, -1156, -746, 783, 168, -951, 87, 400, 434, 658, 795, 1322, 
-429, -1180, -751, 805, 161, -966, 92, 405, 434, 653, 790, 1317, 
-444, -1185, -741, 814, 148, -963, 102, 405, 424, 658, 795, 1312, 
-458, -1205, -746, 832, 143, -976, 107, 409, 424, 649, 790, 1302, 
-468, -1229, -761, 849, 146, -995, 117, 409, 414, 639, 775, 1293, 
-468, -1249, -780, 858, 156, -1015, 117, 405, 405, 624, 771, 1278, 
-468, -1263, -795, 866, 163, -1029, 117, 405, 409, 619, 761, 1273, 
-473, -1273, -800, 873, 163, -1037, 117, 405, 405, 614, 761, 1268, 
-473, -1283, -810, 878, 168, -1046, 112, 405, 400, 614, 751, 1268, 
-473, -1283, -810, 878, 168, -1046, 112, 400, 395, 610, 746, 1263, 
-463, -1288, -824, 875, 180, -1056, 112, 409, 395, 610, 736, 1254, 
-458, -1288, -829, 873, 185, -1058, 107, 409, 395, 605, 736, 1249, 
-458, -1298, -839, 878, 190, -1068, 107, 409, 390, 600, 732, 1244, 
-458, -1302, -844, 880, 192, -1073, 107, 400, 385, 595, 727, 1239, 
-458, -1307, -849, 883, 195, -1078, 107, 400, 380, 595, 732, 1244, 
-458, -1307, -849, 883, 195, -1078, 107, 400, 375, 590, 732, 1239, 
-458, -1312, -854, 885, 197, -1083, 107, 395, 375, 590, 732, 1239, 
-458, -1312, -854, 885, 197, -1083, 107, 395, 380, 590, 732, 1244, 
-468, -1302, -834, 885, 183, -1068, 107, 385, 390, 595, 741, 1244, 
-468, -1302, -834, 885, 183, -1068, 107, 390, 390, 595, 741, 1244, 
-468, -1302, -834, 885, 183, -1068, 107, 390, 390, 595, 741, 1244, 
-468, -1302, -834, 885, 183, -1068, 107, 390, 390, 595, 741, 1249, 
-468, -1302, -834, 885, 183, -1068, 107, 400, 390, 595, 736, 1249, 
-468, -1307, -839, 888, 185, -1073, 107, 400, 390, 595, 736, 1249, 
-468, -1307, -839, 888, 185, -1073, 107, 405, 390, 600, 736, 1244, 
-468, -1307, -839, 888, 185, -1073, 107, 405, 390, 600, 736, 1244, 
-468, -1302, -834, 885, 183, -1068, 107, 405, 390, 600, 746, 1244, 
-458, -1312, -854, 885, 197, -1083, 107, 405, 390, 605, 736, 1254, 
-453, -1312, -858, 883, 202, -1085, 117, 414, 395, 595, 736, 1244, 
-453, -1317, -863, 885, 204, -1090, 122, 444, 395, 600, 732, 1239, 
-453, -1332, -878, 893, 212, -1105, 126, 488, 405, 590, 722, 1229, 
-448, -1361, -912, 905, 231, -1137, 151, 536, 414, 570, 717, 1210, 
-448, -1376, -927, 912, 239, -1151, 180, 600, 424, 556, 712, 1200, 
-439, -1390, -951, 915, 256, -1171, 200, 663, 444, 556, 717, 1180, 
-429, -1400, -971, 915, 270, -1185, 224, 722, 463, 546, 717, 1166, 
-424, -1410, -985, 917, 280, -1198, 253, 780, 478, 531, 712, 1156, 
-395, -1420, -1024, 907, 314, -1222, 278, 863, 483, 512, 702, 1146, 
-356, -1400, -1044, 878, 344, -1222, 297, 946, 517, 522, 722, 1146, 
-326, -1351, -1024, 839, 348, -1188, 307, 1024, 561, 566, 766, 1161, 
-302, -1302, -1000, 802, 348, -1151, 317, 1073, 600, 610, 819, 1200, 
-268, -1205, -936, 736, 334, -1071, 287, 1034, 634, 692, 893, 1268, 
-258, -1073, -814, 666, 278, -944, 253, 961, 692, 800, 1015, 1381, 
-278, -883, -605, 580, 163, -744, 234, 893, 805, 951, 1176, 1522, 
-312, -649, -336, 480, 12, -492, 204, 746, 932, 1151, 1381, 1703, 
-361, -400, -39, 380, -161, -219, 97, 448, 995, 1346, 1576, 1898, 
-400, -190, 209, 295, -305, 9, -68, 87, 1010, 1517, 1751, 2064, 
-419, -24, 395, 222, -407, 185, -268, -229, 990, 1654, 1878, 2191, 
-429, 102, 531, 163, -480, 317, -444, -507, 976, 1771, 1991, 2298, 
-444, 180, 624, 131, -534, 402, -570, -732, 966, 1834, 2054, 2361, 
-463, 161, 624, 151, -544, 392, -658, -849, 941, 1830, 2054, 2342, 
-463, 43, 507, 209, -485, 275, -722, -883, 849, 1737, 1956, 2274, 
-483, -175, 307, 329, -395, 65, -771, -902, 692, 1561, 1747, 2127, 
-536, -453, 82, 495, -309, -185, -761, -956, 483, 1317, 1444, 1937, 
-614, -707, -92, 661, -261, -400, -707, -1019, 283, 1088, 1171, 1751, 
-663, -927, -263, 795, -200, -595, -678, -1054, 117, 893, 951, 1590, 
-658, -1132, -473, 895, -92, -802, -673, -1024, -24, 746, 771, 1459, 
-658, -1283, -624, 971, -17, -954, -649, -946, -107, 629, 644, 1346, 
-649, -1390, -741, 1019, 46, -1066, -610, -844, -146, 556, 570, 1263, 
-634, -1473, -839, 1054, 102, -1156, -551, -692, -156, 502, 512, 1195, 
-614, -1532, -917, 1073, 151, -1224, -468, -527, -117, 463, 488, 1151, 
-600, -1532, -932, 1066, 165, -1232, -395, -370, -58, 463, 497, 1132, 
-585, -1522, -936, 1054, 175, -1229, -341, -278, -9, 473, 517, 1141, 
-556, -1512, -956, 1034, 200, -1234, -302, -200, 24, 468, 531, 1132, 
-522, -1503, -980, 1012, 229, -1241, -239, -87, 68, 468, 556, 1132, 
-488, -1478, -990, 983, 251, -1234, -170, 29, 122, 488, 595, 1146, 
-468, -1434, -966, 951, 248, -1200, -92, 141, 190, 522, 624, 1161, 
-468, -1410, -941, 939, 236, -1176, -14, 229, 258, 546, 668, 1180, 
-468, -1395, -927, 932, 229, -1161, 34, 287, 302, 570, 692, 1190, 
-468, -1371, -902, 919, 217, -1137, 53, 322, 331, 585, 717, 1200, 
-473, -1351, -878, 912, 202, -1115, 68, 341, 356, 595, 727, 1200, 
-473, -1332, -858, 902, 192, -1095, 63, 356, 380, 605, 741, 1220, 
-478, -1302, -824, 890, 173, -1063, 63, 380, 400, 619, 756, 1229, 
-473, -1298, -824, 885, 175, -1061, 73, 405, 395, 624, 766, 1234, 
-458, -1298, -839, 878, 190, -1068, 78, 424, 409, 624, 766, 1244, 
-453, -1298, -844, 875, 195, -1071, 97, 439, 409, 624, 766, 1244, 
-448, -1298, -849, 873, 200, -1073, 112, 453, 409, 624, 766, 1239, 
-448, -1298, -849, 873, 200, -1073, 122, 448, 414, 624, 761, 1239, 
-448, -1293, -844, 871, 197, -1068, 126, 458, 419, 629, 761, 1244, 
-448, -1293, -844, 871, 197, -1068, 126, 458, 419, 629, 766, 1244, 
-453, -1293, -839, 873, 192, -1066, 126, 458, 424, 629, 766, 1244, 
-453, -1293, -839, 873, 192, -1066, 122, 458, 424, 629, 766, 1244, 
-453, -1283, -829, 868, 187, -1056, 117, 458, 429, 629, 766, 1244, 
-448, -1273, -824, 861, 187, -1049, 117, 458, 429, 629, 766, 1244, 
-448, -1273, -824, 861, 187, -1049, 122, 468, 429, 634, 771, 1244, 
-448, -1273, -824, 861, 187, -1049, 122, 473, 429, 634, 771, 1244, 
-439, -1283, -844, 861, 202, -1063, 122, 468, 444, 634, 771, 1239, 
-439, -1283, -844, 861, 202, -1063, 122, 468, 444, 634, 771, 1239, 
-439, -1283, -844, 861, 202, -1063, 122, 473, 444, 634, 771, 1239, 
-439, -1283, -844, 861, 202, -1063, 122, 473, 448, 634, 775, 1239, 
-448, -1268, -819, 858, 185, -1044, 122, 473, 448, 644, 785, 1239, 
-439, -1268, -829, 854, 195, -1049, 122, 473, 448, 649, 785, 1239, 
-439, -1268, -829, 854, 195, -1049, 122, 473, 453, 653, 785, 1239, 
-439, -1268, -829, 854, 195, -1049, 126, 478, 453, 653, 790, 1244, 
-448, -1263, -814, 856, 183, -1039, 126, 478, 444, 653, 800, 1254, 
-444, -1263, -819, 854, 187, -1041, 126, 478, 448, 653, 800, 1254, 
-444, -1254, -810, 849, 183, -1032, 126, 483, 448, 653, 800, 1254, 
-444, -1254, -810, 849, 183, -1032, 126, 483, 448, 653, 800, 1254, 
-434, -1254, -819, 844, 192, -1037, 126, 483, 458, 658, 800, 1259, 
-434, -1249, -814, 841, 190, -1032, 126, 488, 458, 658, 805, 1259, 
-434, -1249, -814, 841, 190, -1032, 126, 488, 463, 658, 810, 1259, 
-434, -1249, -814, 841, 190, -1032, 126, 492, 463, 663, 810, 1259, 
-424, -1259, -834, 841, 204, -1046, 126, 492, 453, 663, 805, 1259, 
-424, -1254, -829, 839, 202, -1041, 126, 502, 458, 658, 810, 1259, 
-424, -1254, -829, 839, 202, -1041, 131, 502, 458, 658, 810, 1263, 
-424, -1254, -829, 839, 202, -1041, 136, 502, 458, 668, 810, 1268, 
-419, -1244, -824, 832, 202, -1034, 136, 502, 463, 668, 819, 1268, 
-419, -1244, -824, 832, 202, -1034, 136, 507, 463, 668, 819, 1268, 
-419, -1239, -819, 829, 200, -1029, 131, 507, 468, 673, 814, 1268, 
-419, -1239, -819, 829, 200, -1029, 131, 517, 468, 673, 814, 1268, 
-419, -1244, -824, 832, 202, -1034, 141, 527, 478, 683, 819, 1268, 
-419, -1239, -819, 829, 200, -1029, 141, 527, 478, 688, 824, 1268, 
-419, -1234, -814, 827, 197, -1024, 141, 527, 478, 688, 829, 1273, 
-419, -1229, -810, 824, 195, -1019, 141, 531, 483, 688, 829, 1278, 
-419, -1229, -810, 824, 195, -1019, 131, 531, 483, 683, 844, 1268, 
-419, -1224, -805, 822, 192, -1015, 136, 531, 488, 683, 844, 1268, 
-419, -1224, -805, 822, 192, -1015, 136, 541, 488, 688, 844, 1273, 
-419, -1220, -800, 819, 190, -1010, 136, 541, 492, 688, 844, 1273, 
-414, -1220, -805, 817, 195, -1012, 136, 541, 492, 697, 839, 1283, 
-409, -1215, -805, 812, 197, -1010, 136, 546, 492, 692, 844, 1283, 
-409, -1215, -805, 812, 197, -1010, 136, 546, 492, 692, 844, 1283, 
-405, -1210, -805, 807, 200, -1007, 136, 556, 497, 697, 844, 1283, 
-414, -1210, -795, 812, 190, -1002, 136, 556, 488, 702, 849, 1278, 
-414, -1205, -790, 810, 187, -997, 136, 561, 488, 702, 849, 1278, 
-414, -1195, -780, 805, 183, -988, 136, 566, 492, 707, 849, 1278, 
-414, -1195, -780, 805, 183, -988, 136, 570, 492, 707, 854, 1283, 
-414, -1185, -771, 800, 178, -978, 126, 566, 488, 702, 844, 1298, 
-414, -1180, -766, 797, 175, -973, 126, 570, 488, 702, 854, 1298, 
-414, -1176, -761, 795, 173, -968, 126, 575, 488, 707, 854, 1298, 
-409, -1176, -766, 793, 178, -971, 122, 580, 492, 707, 854, 1302, 
-395, -1166, -771, 780, 187, -968, 122, 575, 492, 717, 863, 1302, 
-395, -1161, -766, 778, 185, -963, 122, 585, 492, 722, 868, 1302, 
-395, -1156, -761, 775, 183, -958, 126, 590, 497, 727, 878, 1307, 
-390, -1156, -766, 773, 187, -961, 126, 600, 497, 727, 878, 1312, 
-390, -1151, -761, 771, 185, -956, 126, 605, 502, 727, 878, 1317, 
-390, -1146, -756, 768, 183, -951, 126, 614, 502, 727, 883, 1317, 
-385, -1141, -756, 763, 185, -949, 122, 619, 507, 732, 883, 1317, 
-375, -1137, -761, 756, 192, -949, 122, 634, 507, 732, 893, 1317, 
-370, -1132, -761, 751, 195, -946, 117, 634, 507, 746, 897, 1327, 
-370, -1127, -756, 749, 192, -941, 117, 639, 507, 751, 902, 1332, 
-370, -1117, -746, 744, 187, -932, 117, 653, 512, 756, 907, 1337, 
-366, -1107, -741, 736, 187, -924, 117, 668, 517, 761, 912, 1342, 
-361, -1088, -727, 724, 183, -907, 107, 688, 531, 766, 927, 1342, 
-356, -1083, -727, 719, 185, -905, 102, 697, 531, 771, 936, 1346, 
-351, -1078, -727, 714, 187, -902, 102, 712, 531, 775, 936, 1356, 
-346, -1063, -717, 705, 185, -890, 102, 727, 536, 780, 941, 1361, 
-341, -1054, -712, 697, 185, -883, 87, 732, 531, 790, 956, 1371, 
-336, -1044, -707, 690, 185, -875, 87, 746, 536, 795, 971, 1376, 
-331, -1029, -697, 680, 183, -863, 87, 756, 546, 810, 980, 1385, 
-326, -1019, -692, 673, 183, -856, 82, 766, 556, 814, 980, 1395, 
-307, -1000, -692, 653, 192, -846, 87, 780, 551, 829, 990, 1395, 
-297, -985, -688, 641, 195, -836, 82, 795, 561, 844, 1000, 1405, 
-297, -976, -678, 636, 190, -827, 78, 814, 566, 854, 1010, 1415, 
-287, -956, -668, 622, 190, -812, 73, 829, 575, 868, 1024, 1424, 
-287, -941, -653, 614, 183, -797, 58, 839, 585, 868, 1039, 1439, 
-283, -927, -644, 605, 180, -785, 58, 854, 590, 883, 1049, 1449, 
-273, -912, -639, 592, 183, -775, 53, 858, 600, 893, 1058, 1464, 
-268, -893, -624, 580, 178, -758, 48, 873, 610, 907, 1078, 1473, 
-253, -878, -624, 566, 185, -751, 43, 878, 614, 927, 1088, 1483, 
-248, -868, -619, 558, 185, -744, 39, 888, 624, 932, 1107, 1493, 
-244, -858, -614, 551, 185, -736, 34, 893, 634, 941, 1117, 1503, 
-239, -844, -605, 541, 183, -724, 29, 897, 634, 961, 1127, 1512, 
-229, -819, -590, 524, 180, -705, 19, 912, 639, 961, 1151, 1512, 
-219, -805, -585, 512, 183, -695, 14, 917, 644, 971, 1161, 1517, 
-214, -790, -575, 502, 180, -683, 9, 917, 653, 980, 1171, 1527, 
-214, -775, -561, 495, 173, -668, 4, 917, 658, 990, 1176, 1537, 
-214, -771, -556, 492, 170, -663, 9, 912, 663, 985, 1180, 1556, 
-214, -756, -541, 485, 163, -649, 9, 912, 673, 995, 1185, 1556, 
-209, -746, -536, 478, 163, -641, 4, 917, 673, 1000, 1185, 1561, 
-204, -741, -536, 473, 165, -639, 4, 917, 678, 1005, 1190, 1576, 
-200, -732, -531, 466, 165, -631, 4, 917, 683, 1024, 1200, 1586, 
-200, -722, -522, 461, 161, -622, 4, 917, 683, 1024, 1205, 1586, 
-200, -717, -517, 458, 158, -617, -4, 912, 688, 1034, 1220, 1590, 
-200, -707, -507, 453, 153, -607, -4, 907, 692, 1039, 1224, 1595, 
-200, -707, -507, 453, 153, -607, -4, 907, 688, 1044, 1229, 1590, 
-200, -702, -502, 451, 151, -602, -4, 897, 688, 1049, 1229, 1590, 
-200, -697, -497, 448, 148, -597, -4, 888, 688, 1049, 1229, 1595, 
-204, -697, -492, 451, 143, -595, 0, 873, 688, 1049, 1229, 1595, 
-214, -707, -492, 461, 139, -600, 14, 868, 697, 1034, 1215, 1595, 
-219, -717, -497, 468, 139, -607, 14, 854, 697, 1029, 1215, 1590, 
-224, -722, -497, 473, 136, -610, 14, 829, 697, 1029, 1210, 1586, 
-234, -736, -502, 485, 134, -619, 19, 814, 692, 1019, 1200, 1581, 
-244, -746, -502, 495, 129, -624, 29, 805, 692, 1010, 1190, 1571, 
-253, -766, -512, 509, 129, -639, 43, 785, 683, 1000, 1171, 1561, 
-263, -775, -512, 519, 124, -644, 58, 771, 673, 980, 1161, 1542, 
-273, -795, -522, 534, 124, -658, 78, 756, 663, 971, 1146, 1532, 
-283, -814, -531, 549, 124, -673, 97, 751, 668, 956, 1132, 1517, 
-292, -829, -536, 561, 122, -683, 102, 736, 658, 936, 1112, 1507, 
-302, -854, -551, 578, 124, -702, 107, 727, 653, 922, 1098, 1498, 
-307, -868, -561, 588, 126, -714, 117, 707, 644, 907, 1083, 1483, 
-317, -873, -556, 595, 119, -714, 131, 697, 649, 897, 1073, 1473, 
-331, -893, -561, 612, 114, -727, 136, 683, 634, 883, 1058, 1454, 
-346, -907, -561, 627, 107, -734, 141, 663, 629, 873, 1044, 1444, 
-361, -927, -566, 644, 102, -746, 141, 653, 619, 858, 1029, 1434, 
-366, -941, -575, 653, 104, -758, 156, 639, 605, 854, 1015, 1420, 
-370, -966, -595, 668, 112, -780, 156, 624, 595, 844, 1000, 1415, 
-375, -985, -610, 680, 117, -797, 161, 614, 590, 829, 990, 1410, 
-380, -995, -614, 688, 117, -805, 161, 600, 580, 824, 976, 1400, 
-380, -1005, -624, 692, 122, -814, 161, 595, 570, 810, 966, 1405, 
-390, -1015, -624, 702, 117, -819, 161, 580, 566, 805, 961, 1395, 
-395, -1029, -634, 712, 119, -832, 161, 575, 561, 805, 961, 1390, 
-400, -1034, -634, 717, 117, -834, 156, 566, 556, 795, 951, 1385, 
-400, -1039, -639, 719, 119, -839, 156, 566, 561, 790, 951, 1381, 
-405, -1049, -644, 727, 119, -846, 161, 561, 551, 785, 946, 1371, 
-405, -1058, -653, 732, 124, -856, 161, 551, 546, 780, 936, 1366, 
-409, -1058, -649, 734, 119, -854, 161, 546, 536, 771, 932, 1361, 
-405, -1073, -668, 739, 131, -871, 165, 541, 531, 766, 917, 1356, 
-409, -1073, -663, 741, 126, -868, 165, 541, 531, 761, 917, 1356, 
-409, -1078, -668, 744, 129, -873, 165, 536, 527, 761, 917, 1351, 
-405, -1083, -678, 744, 136, -880, 165, 527, 527, 761, 912, 1351, 
-405, -1083, -678, 744, 136, -880, 156, 522, 512, 756, 922, 1346, 
-405, -1083, -678, 744, 136, -880, 156, 512, 512, 756, 917, 1346, 
-405, -1078, -673, 741, 134, -875, 151, 512, 507, 756, 917, 1346, 
-405, -1078, -673, 741, 134, -875, 151, 507, 507, 756, 917, 1342, 
-414, -1078, -663, 746, 124, -871, 151, 507, 517, 756, 922, 1342, 
-414, -1083, -668, 749, 126, -875, 151, 502, 517, 751, 917, 1337, 
-414, -1083, -668, 749, 126, -875, 151, 497, 507, 751, 917, 1337, 
-414, -1078, -663, 746, 124, -871, 151, 497, 507, 751, 922, 1337, 
-414, -1088, -673, 751, 129, -880, 151, 488, 497, 761, 912, 1342, 
-414, -1088, -673, 751, 129, -880, 151, 488, 497, 761, 912, 1342, 
-414, -1088, -673, 751, 129, -880, 151, 483, 497, 756, 912, 1342, 
-414, -1088, -673, 751, 129, -880, 151, 483, 497, 756, 912, 1342, 
-405, -1088, -683, 746, 139, -885, 151, 483, 497, 751, 907, 1351, 
-414, -1088, -673, 751, 129, -880, 151, 483, 497, 751, 907, 1346, 
-414, -1088, -673, 751, 129, -880, 151, 478, 497, 751, 912, 1346, 
-414, -1088, -673, 751, 129, -880, 151, 478, 497, 751, 912, 1346, 
-409, -1088, -678, 749, 134, -883, 151, 488, 497, 751, 912, 1346, 
-409, -1088, -678, 749, 134, -883, 151, 488, 497, 751, 912, 1351, 
-409, -1088, -678, 749, 134, -883, 151, 488, 497, 751, 912, 1351, 
-409, -1083, -673, 746, 131, -878, 151, 492, 497, 751, 912, 1346, 
-405, -1083, -678, 744, 136, -880, 161, 483, 497, 751, 912, 1346, 
-405, -1083, -678, 744, 136, -880, 161, 483, 497, 756, 917, 1346, 
-405, -1083, -678, 744, 136, -880, 161, 483, 497, 756, 917, 1346, 
-405, -1083, -678, 744, 136, -880, 161, 488, 497, 756, 917, 1346, 
-414, -1083, -668, 749, 126, -875, 161, 497, 497, 756, 917, 1351, 
-414, -1083, -668, 749, 126, -875, 161, 497, 497, 756, 917, 1351, 
-414, -1078, -663, 746, 124, -871, 161, 497, 502, 756, 917, 1351, 
-414, -1078, -663, 746, 124, -871, 161, 497, 502, 756, 917, 1351, 
-405, -1078, -673, 741, 134, -875, 161, 497, 502, 756, 917, 1361, 
-405, -1078, -673, 741, 134, -875, 161, 497, 497, 756, 922, 1361, 
-405, -1078, -673, 741, 134, -875, 161, 497, 497, 756, 922, 1361, 
-405, -1073, -668, 739, 131, -871, 156, 497, 502, 756, 922, 1361, 
-405, -1063, -658, 734, 126, -861, 165, 497, 502, 761, 927, 1356, 
-405, -1063, -658, 734, 126, -861, 165, 497, 502, 761, 927, 1356, 
-405, -1063, -658, 734, 126, -861, 165, 497, 502, 761, 927, 1361, 
-405, -1063, -658, 734, 126, -861, 165, 507, 502, 761, 927, 1361, 
-400, -1063, -663, 732, 131, -863, 156, 497, 507, 761, 927, 1371, 
-400, -1058, -658, 729, 129, -858, 156, 497, 507, 766, 927, 1371, 
-400, -1054, -653, 727, 126, -854, 156, 497, 507, 766, 927, 1371, 
-400, -1054, -653, 727, 126, -854, 156, 497, 507, 766, 927, 1371, 
-400, -1054, -653, 727, 126, -854, 156, 507, 512, 766, 927, 1366, 
-400, -1054, -653, 727, 126, -854, 161, 507, 512, 766, 932, 1366, 
-400, -1049, -649, 724, 124, -849, 161, 507, 512, 771, 932, 1366, 
-400, -1044, -644, 722, 122, -844, 161, 507, 512, 771, 932, 1366, 
-409, -1054, -644, 732, 117, -849, 170, 507, 522, 771, 941, 1376, 
-409, -1054, -644, 732, 117, -849, 170, 507, 522, 771, 941, 1381, 
-409, -1054, -644, 732, 117, -849, 170, 507, 517, 771, 941, 1381, 
-405, -1054, -649, 729, 122, -851, 170, 507, 517, 771, 946, 1381, 
-395, -1054, -658, 724, 131, -856, 170, 507, 517, 771, 936, 1381, 
-400, -1049, -649, 724, 124, -849, 170, 507, 517, 771, 941, 1381, 
-400, -1049, -649, 724, 124, -849, 170, 507, 517, 771, 941, 1381, 
-395, -1049, -653, 722, 129, -851, 170, 507, 517, 771, 936, 1376, 
-395, -1039, -644, 717, 124, -841, 170, 507, 517, 766, 936, 1376, 
-395, -1034, -639, 714, 122, -836, 170, 507, 517, 766, 941, 1376, 
-395, -1034, -639, 714, 122, -836, 170, 507, 517, 766, 941, 1376, 
-395, -1034, -639, 714, 122, -836, 170, 507, 517, 766, 941, 1376, 
-395, -1034, -639, 714, 122, -836, 180, 517, 512, 775, 932, 1385, 
-395, -1034, -639, 714, 122, -836, 180, 522, 512, 775, 927, 1385, 
-395, -1034, -639, 714, 122, -836, 180, 522, 512, 775, 927, 1390, 
-395, -1034, -639, 714, 122, -836, 180, 517, 512, 775, 932, 1390, 
-395, -1034, -639, 714, 122, -836, 190, 517, 512, 775, 932, 1381, 
-395, -1034, -639, 714, 122, -836, 190, 517, 512, 775, 927, 1381, 
-395, -1034, -639, 714, 122, -836, 190, 517, 512, 775, 927, 1381, 
-395, -1034, -639, 714, 122, -836, 190, 517, 512, 775, 927, 1376, 
-395, -1034, -639, 714, 122, -836, 180, 517, 507, 775, 936, 1376, 
-395, -1034, -639, 714, 122, -836, 180, 517, 507, 775, 936, 1376, 
-395, -1034, -639, 714, 122, -836, 180, 517, 507, 775, 936, 1376, 
-395, -1034, -639, 714, 122, -836, 180, 517, 507, 775, 936, 1376, 
-395, -1044, -649, 719, 126, -846, 190, 517, 507, 775, 936, 1376, 
-395, -1044, -649, 719, 126, -846, 190, 517, 507, 775, 936, 1376, 
-395, -1044, -649, 719, 126, -846, 190, 517, 507, 771, 936, 1376, 
-395, -1044, -649, 719, 126, -846, 190, 517, 507, 771, 936, 1376, 
-395, -1049, -653, 722, 129, -851, 190, 507, 507, 771, 936, 1385, 
-395, -1049, -653, 722, 129, -851, 190, 507, 507, 771, 936, 1385, 
-395, -1049, -653, 722, 129, -851, 190, 507, 507, 771, 936, 1385, 
-395, -1049, -653, 722, 129, -851, 190, 507, 507, 771, 936, 1385, 
-395, -1049, -653, 722, 129, -851, 190, 507, 502, 761, 936, 1385, 
-395, -1049, -653, 722, 129, -851, 190, 507, 497, 761, 936, 1381, 
-395, -1049, -653, 722, 129, -851, 190, 507, 497, 761, 932, 1381, 
-395, -1049, -653, 722, 129, -851, 190, 507, 497, 761, 932, 1381, 
-395, -1049, -653, 722, 129, -851, 200, 507, 497, 761, 927, 1381, 
-395, -1049, -653, 722, 129, -851, 200, 507, 497, 761, 927, 1381, 
-395, -1049, -653, 722, 129, -851, 200, 507, 492, 761, 927, 1381, 
-395, -1049, -653, 722, 129, -851, 204, 502, 492, 761, 927, 1381, 
-395, -1054, -658, 724, 131, -856, 195, 497, 492, 771, 917, 1381, 
-395, -1054, -658, 724, 131, -856, 195, 497, 492, 771, 917, 1381, 
-395, -1054, -658, 724, 131, -856, 195, 497, 492, 771, 917, 1381, 
-395, -1054, -658, 724, 131, -856, 195, 497, 492, 771, 917, 1381, 
-395, -1054, -658, 724, 131, -856, 195, 497, 492, 761, 917, 1381, 
-395, -1054, -658, 724, 131, -856, 195, 497, 492, 761, 917, 1376, 
-395, -1054, -658, 724, 131, -856, 195, 497, 492, 756, 917, 1376, 
-395, -1054, -658, 724, 131, -856, 195, 492, 492, 756, 917, 1376, 
-405, -1054, -649, 729, 122, -851, 195, 492, 488, 746, 927, 1376, 
-405, -1054, -649, 729, 122, -851, 200, 492, 483, 746, 922, 1376, 
-405, -1054, -649, 729, 122, -851, 200, 492, 483, 746, 922, 1371, 
-405, -1054, -649, 729, 122, -851, 200, 492, 483, 746, 922, 1371, 
-395, -1044, -649, 719, 126, -846, 200, 492, 478, 756, 912, 1381, 
-395, -1054, -658, 724, 131, -856, 200, 492, 478, 756, 912, 1381, 
-395, -1054, -658, 724, 131, -856, 200, 488, 478, 756, 912, 1376, 
-395, -1049, -653, 722, 129, -851, 200, 488, 473, 756, 912, 1376, 
-395, -1049, -653, 722, 129, -851, 200, 497, 473, 756, 912, 1385, 
-395, -1049, -653, 722, 129, -851, 200, 492, 473, 756, 912, 1385, 
-395, -1049, -653, 722, 129, -851, 200, 492, 473, 756, 912, 1385, 
-395, -1049, -653, 722, 129, -851, 204, 492, 473, 761, 912, 1385, 
-395, -1063, -668, 729, 136, -866, 204, 492, 473, 761, 912, 1385, 
-395, -1063, -668, 729, 136, -866, 204, 488, 473, 751, 912, 1385, 
-395, -1063, -668, 729, 136, -866, 204, 488, 473, 751, 912, 1385, 
-395, -1063, -668, 729, 136, -866, 204, 488, 473, 751, 912, 1385, 
-395, -1063, -668, 729, 136, -866, 204, 497, 473, 751, 917, 1381, 
-400, -1063, -663, 732, 131, -863, 204, 497, 468, 751, 917, 1385, 
-400, -1054, -653, 727, 126, -854, 204, 488, 468, 751, 917, 1385, 
-400, -1054, -653, 727, 126, -854, 204, 488, 468, 751, 917, 1385, 
-400, -1054, -653, 727, 126, -854, 204, 488, 468, 751, 917, 1385, 
-400, -1054, -653, 727, 126, -854, 204, 488, 468, 751, 917, 1385, 
-390, -1054, -663, 722, 136, -858, 204, 488, 468, 751, 917, 1385, 
-390, -1054, -663, 722, 136, -858, 209, 488, 468, 751, 917, 1385, 
-390, -1054, -663, 722, 136, -858, 209, 488, 468, 756, 917, 1385, 
-390, -1054, -663, 722, 136, -858, 209, 488, 468, 756, 917, 1385, 
-390, -1049, -658, 719, 134, -854, 204, 478, 468, 756, 917, 1385, 
-390, -1049, -658, 719, 134, -854, 204, 478, 468, 756, 917, 1385, 
-390, -1049, -658, 719, 134, -854, 204, 478, 468, 751, 917, 1385, 
-390, -1049, -658, 719, 134, -854, 204, 483, 468, 751, 912, 1385, 
-380, -1049, -668, 714, 143, -858, 204, 483, 458, 741, 912, 1376, 
-380, -1049, -668, 714, 143, -858, 209, 483, 458, 746, 912, 1376, 
-380, -1049, -668, 714, 143, -858, 209, 483, 463, 746, 912, 1376, 
-380, -1049, -668, 714, 143, -858, 209, 483, 463, 746, 917, 1376, 
-390, -1049, -658, 719, 134, -854, 209, 483, 473, 746, 917, 1385, 
-385, -1049, -663, 717, 139, -856, 209, 483, 473, 746, 917, 1390, 
-385, -1039, -653, 712, 134, -846, 214, 488, 478, 751, 922, 1395, 
-380, -1029, -649, 705, 134, -839, 224, 502, 483, 761, 927, 1395, 
-380, -1015, -634, 697, 126, -824, 239, 517, 492, 766, 936, 1405, 
-375, -1005, -629, 690, 126, -817, 244, 522, 497, 771, 936, 1415, 
-370, -990, -619, 680, 124, -805, 248, 527, 502, 775, 941, 1420, 
-370, -990, -619, 680, 124, -805, 258, 536, 512, 780, 946, 1424, 
-370, -966, -595, 668, 112, -780, 253, 531, 522, 785, 956, 1429, 
-366, -956, -590, 661, 112, -773, 268, 536, 527, 795, 966, 1434, 
-361, -946, -585, 653, 112, -766, 273, 546, 541, 810, 971, 1439, 
-361, -932, -570, 646, 104, -751, 278, 556, 546, 810, 980, 1449, 
-356, -936, -580, 646, 112, -758, 287, 566, 546, 810, 990, 1454, 
-356, -932, -575, 644, 109, -753, 287, 570, 551, 814, 990, 1454, 
-356, -932, -575, 644, 109, -753, 292, 570, 551, 814, 995, 1454, 
-361, -932, -570, 646, 104, -751, 297, 575, 556, 814, 995, 1459, 
-361, -936, -575, 649, 107, -756, 307, 575, 556, 814, 985, 1459, 
-361, -932, -570, 646, 104, -751, 307, 575, 561, 814, 995, 1459, 
-361, -927, -566, 644, 102, -746, 307, 575, 566, 824, 995, 1459, 
-361, -922, -561, 641, 100, -741, 302, 570, 570, 829, 1000, 1468, 
-361, -902, -541, 631, 90, -722, 287, 556, 570, 824, 1000, 1473, 
-366, -893, -527, 629, 80, -710, 287, 556, 575, 829, 1005, 1478, 
-366, -888, -522, 627, 78, -705, 283, 551, 575, 829, 1005, 1478, 
-366, -888, -522, 627, 78, -705, 278, 541, 575, 834, 1010, 1483, 
-361, -888, -527, 624, 82, -707, 268, 536, 575, 844, 1010, 1498, 
-351, -873, -522, 612, 85, -697, 263, 531, 575, 849, 1019, 1498, 
-346, -858, -512, 602, 82, -685, 253, 531, 585, 854, 1024, 1503, 
-346, -858, -512, 602, 82, -685, 244, 527, 575, 858, 1024, 1507, 
-341, -854, -512, 597, 85, -683, 229, 522, 570, 858, 1029, 1507, 
-341, -863, -522, 602, 90, -692, 224, 517, 566, 854, 1024, 1503, 
-341, -868, -527, 605, 92, -697, 219, 512, 561, 849, 1024, 1498, 
-331, -868, -536, 600, 102, -702, 219, 512, 556, 849, 1024, 1498, 
-336, -868, -531, 602, 97, -700, 224, 522, 556, 849, 1019, 1498, 
-331, -868, -536, 600, 102, -702, 219, 522, 556, 849, 1019, 1498, 
-331, -873, -541, 602, 104, -707, 214, 512, 546, 844, 1015, 1498, 
-336, -883, -546, 610, 104, -714, 204, 497, 536, 839, 1005, 1493, 
-331, -907, -575, 619, 122, -741, 185, 483, 507, 829, 985, 1478, 
-326, -927, -600, 627, 136, -763, 185, 478, 492, 819, 971, 1478, 
-326, -936, -610, 631, 141, -773, 185, 478, 483, 805, 961, 1468, 
-341, -956, -614, 649, 136, -785, 190, 483, 483, 800, 956, 1464, 
-366, -971, -605, 668, 119, -788, 200, 483, 492, 795, 961, 1449, 
-380, -990, -610, 685, 114, -800, 204, 488, 492, 785, 956, 1439, 
-390, -1015, -624, 702, 117, -819, 214, 488, 483, 775, 941, 1429, 
-390, -1034, -644, 712, 126, -839, 214, 483, 473, 761, 936, 1415, 
-390, -1049, -658, 719, 134, -854, 224, 483, 458, 746, 917, 1410, 
-395, -1058, -663, 727, 134, -861, 224, 483, 453, 741, 917, 1405, 
-395, -1068, -673, 732, 139, -871, 219, 483, 448, 741, 907, 1405, 
-395, -1068, -673, 732, 139, -871, 219, 478, 444, 736, 902, 1400, 
-395, -1063, -668, 729, 136, -866, 219, 478, 444, 746, 902, 1410, 
-390, -1063, -673, 727, 141, -868, 214, 478, 444, 741, 902, 1405, 
-390, -1073, -683, 732, 146, -878, 214, 478, 439, 736, 897, 1400, 
-390, -1078, -688, 734, 148, -883, 214, 468, 434, 732, 893, 1395, 
-390, -1093, -702, 741, 156, -897, 224, 468, 429, 722, 888, 1390, 
-390, -1093, -702, 741, 156, -897, 224, 468, 424, 717, 888, 1385, 
-390, -1098, -707, 744, 158, -902, 224, 463, 424, 717, 888, 1385, 
-390, -1098, -707, 744, 158, -902, 224, 463, 429, 717, 888, 1390, 
-390, -1088, -697, 739, 153, -893, 214, 453, 419, 712, 878, 1390, 
-390, -1088, -697, 739, 153, -893, 214, 458, 419, 712, 878, 1390, 
-390, -1088, -697, 739, 153, -893, 214, 458, 419, 712, 878, 1390, 
-390, -1088, -697, 739, 153, -893, 214, 458, 419, 712, 878, 1395, 
-390, -1088, -697, 739, 153, -893, 224, 458, 419, 712, 883, 1395, 
-390, -1093, -702, 741, 156, -897, 224, 458, 419, 712, 883, 1395, 
-390, -1093, -702, 741, 156, -897, 224, 463, 419, 717, 883, 1390, 
-390, -1093, -702, 741, 156, -897, 224, 463, 419, 717, 883, 1390, 
-390, -1098, -707, 744, 158, -902, 224, 463, 419, 717, 883, 1390, 
-390, -1098, -707, 744, 158, -902, 224, 473, 419, 722, 883, 1390, 
-395, -1098, -702, 746, 153, -900, 224, 473, 424, 722, 883, 1390, 
-395, -1093, -697, 744, 151, -895, 229, 483, 424, 717, 878, 1395, 
-385, -1107, -722, 746, 168, -915, 234, 507, 424, 707, 878, 1385, 
-380, -1117, -736, 749, 178, -927, 258, 566, 434, 697, 863, 1366, 
-370, -1141, -771, 756, 200, -956, 287, 629, 444, 683, 858, 1346, 
-370, -1156, -785, 763, 207, -971, 317, 692, 453, 673, 854, 1337, 
-370, -1156, -785, 763, 207, -971, 341, 741, 463, 653, 854, 1332, 
-366, -1166, -800, 766, 217, -983, 370, 790, 478, 649, 849, 1322, 
-346, -1185, -839, 766, 246, -1012, 395, 863, 492, 639, 839, 1312, 
-326, -1195, -868, 761, 270, -1032, 424, 956, 517, 629, 839, 1302, 
-297, -1166, -868, 732, 285, -1017, 463, 1054, 561, 644, 854, 1307, 
-263, -1137, -873, 700, 305, -1005, 492, 1122, 600, 678, 888, 1327, 
-229, -1078, -849, 653, 309, -963, 483, 1141, 634, 722, 951, 1376, 
-190, -976, -785, 583, 297, -880, 448, 1068, 673, 810, 1034, 1449, 
-180, -844, -663, 512, 241, -753, 400, 971, 736, 922, 1166, 1561, 
-195, -639, -444, 417, 124, -541, 331, 795, 814, 1083, 1322, 1703, 
-234, -390, -156, 312, -39, -273, 204, 497, 868, 1278, 1517, 1898, 
-263, -141, 122, 202, -192, -9, 19, 136, 893, 1478, 1712, 2093, 
-292, 53, 346, 119, -319, 200, -161, -180, 902, 1644, 1878, 2259, 
-312, 209, 522, 51, -417, 366, -356, -468, 907, 1781, 2010, 2396, 
-317, 326, 644, -4, -480, 485, -531, -722, 917, 1883, 2113, 2488, 
-336, 366, 702, -14, -519, 534, -658, -888, 922, 1927, 2161, 2537, 
-356, 336, 692, 9, -524, 514, -741, -941, 878, 1903, 2142, 2518, 
-356, 195, 551, 80, -453, 373, -790, -941, 780, 1805, 2020, 2430, 
-380, -24, 356, 202, -368, 165, -780, -956, 619, 1629, 1795, 2278, 
-458, -278, 180, 368, -319, -48, -727, -990, 419, 1400, 1522, 2093, 
-527, -517, 9, 522, -268, -253, -678, -1044, 224, 1195, 1263, 1922, 
-551, -732, -180, 641, -185, -456, -663, -1063, 43, 1000, 1044, 1761, 
-541, -932, -390, 736, -75, -661, -639, -1015, -97, 834, 858, 1610, 
-522, -1078, -556, 800, 17, -817, -580, -912, -175, 712, 727, 1498, 
-517, -1171, -653, 844, 68, -912, -512, -761, -185, 639, 658, 1429, 
-507, -1229, -722, 868, 107, -976, -419, -585, -146, 600, 634, 1376, 
-512, -1268, -756, 890, 122, -1012, -326, -439, -87, 580, 634, 1346, 
-497, -1278, -780, 888, 141, -1029, -273, -336, -39, 570, 634, 1327, 
-478, -1259, -780, 868, 151, -1019, -214, -229, 14, 575, 658, 1327, 
-444, -1229, -785, 836, 170, -1007, -141, -87, 68, 595, 692, 1337, 
-419, -1195, -775, 807, 178, -985, -43, 48, 131, 624, 732, 1351, 
-400, -1171, -771, 785, 185, -971, 34, 170, 200, 639, 771, 1356, 
-390, -1146, -756, 768, 183, -951, 112, 268, 248, 653, 805, 1366, 
-390, -1141, -751, 766, 180, -946, 170, 336, 292, 658, 810, 1376, 
-390, -1127, -736, 758, 173, -932, 200, 370, 331, 673, 824, 1376, 
-395, -1117, -722, 756, 163, -919, 204, 390, 356, 683, 844, 1385, 
-395, -1107, -712, 751, 158, -910, 209, 405, 380, 692, 849, 1385, 
-390, -1098, -707, 744, 158, -902, 219, 419, 390, 707, 854, 1405, 
-385, -1083, -697, 734, 156, -890, 219, 444, 385, 712, 863, 1420, 
-380, -1073, -692, 727, 156, -883, 214, 458, 380, 702, 863, 1410, 
-375, -1073, -697, 724, 161, -885, 234, 478, 380, 702, 863, 1410, 
-370, -1073, -702, 722, 165, -888, 248, 497, 380, 702, 863, 1405, 
-370, -1073, -702, 722, 165, -888, 258, 497, 385, 702, 858, 1405, 
-370, -1078, -707, 724, 168, -893, 273, 497, 390, 688, 858, 1400, 
-370, -1078, -707, 724, 168, -893, 273, 497, 390, 688, 863, 1400, 
-375, -1078, -702, 727, 163, -890, 273, 497, 395, 688, 863, 1400, 
-375, -1078, -702, 727, 163, -890, 268, 497, 395, 688, 863, 1400, 
-385, -1078, -692, 732, 153, -885, 263, 507, 409, 697, 863, 1400, 
-380, -1068, -688, 724, 153, -878, 263, 507, 409, 697, 863, 1400, 
-380, -1068, -688, 724, 153, -878, 268, 517, 409, 702, 868, 1400, 
-380, -1068, -688, 724, 153, -878, 268, 522, 409, 702, 868, 1400, 
-370, -1068, -697, 719, 163, -883, 278, 527, 405, 712, 868, 1415, 
-370, -1068, -697, 719, 163, -883, 278, 527, 405, 712, 868, 1415, 
-370, -1068, -697, 719, 163, -883, 278, 531, 405, 712, 868, 1415, 
-370, -1068, -697, 719, 163, -883, 278, 531, 409, 712, 873, 1415, 
-380, -1063, -683, 722, 151, -873, 278, 531, 409, 702, 873, 1415, 
-370, -1063, -692, 717, 161, -878, 278, 531, 409, 707, 873, 1415, 
-370, -1063, -692, 717, 161, -878, 278, 531, 414, 712, 873, 1415, 
-370, -1063, -692, 717, 161, -878, 283, 536, 414, 712, 878, 1420, 
-370, -1058, -688, 714, 158, -873, 273, 536, 414, 712, 878, 1420, 
-366, -1058, -692, 712, 163, -875, 273, 536, 419, 712, 878, 1420, 
-366, -1049, -683, 707, 158, -866, 273, 541, 419, 712, 878, 1420, 
-366, -1049, -683, 707, 158, -866, 273, 541, 419, 712, 878, 1420, 
-356, -1039, -683, 697, 163, -861, 283, 531, 419, 707, 878, 1415, 
-356, -1034, -678, 695, 161, -856, 283, 536, 419, 707, 883, 1415, 
-356, -1034, -678, 695, 161, -856, 283, 536, 424, 707, 888, 1415, 
-356, -1034, -678, 695, 161, -856, 283, 541, 424, 712, 888, 1415, 
-346, -1034, -688, 690, 170, -861, 283, 541, 414, 712, 883, 1415, 
-346, -1029, -683, 688, 168, -856, 283, 551, 419, 707, 888, 1415, 
-346, -1029, -683, 688, 168, -856, 287, 551, 419, 707, 888, 1420, 
-346, -1029, -683, 688, 168, -856, 292, 551, 419, 717, 888, 1424, 
-351, -1029, -678, 690, 163, -854, 292, 551, 434, 717, 897, 1424, 
-351, -1029, -678, 690, 163, -854, 292, 556, 434, 717, 897, 1424, 
-351, -1024, -673, 688, 161, -849, 287, 556, 439, 722, 893, 1424, 
-351, -1024, -673, 688, 161, -849, 287, 566, 439, 722, 893, 1424, 
-351, -1019, -668, 685, 158, -844, 297, 566, 439, 722, 897, 1424, 
-351, -1015, -663, 683, 156, -839, 297, 566, 439, 727, 902, 1424, 
-351, -1010, -658, 680, 153, -834, 297, 566, 439, 727, 907, 1429, 
-351, -1005, -653, 678, 151, -829, 297, 570, 444, 727, 907, 1434, 
-341, -1005, -663, 673, 161, -834, 287, 570, 434, 732, 912, 1434, 
-341, -1000, -658, 671, 158, -829, 292, 570, 439, 732, 912, 1434, 
-341, -1000, -658, 671, 158, -829, 292, 580, 439, 736, 912, 1439, 
-341, -995, -653, 668, 156, -824, 292, 580, 444, 736, 912, 1439, 
-336, -995, -658, 666, 161, -827, 302, 590, 444, 736, 907, 1439, 
-331, -990, -658, 661, 163, -824, 302, 595, 444, 732, 912, 1439, 
-331, -990, -658, 661, 163, -824, 302, 595, 444, 732, 912, 1439, 
-326, -985, -658, 656, 165, -822, 302, 605, 448, 736, 912, 1439, 
-336, -995, -658, 666, 161, -827, 302, 595, 448, 741, 917, 1444, 
-336, -990, -653, 663, 158, -822, 302, 600, 448, 741, 917, 1444, 
-336, -980, -644, 658, 153, -812, 302, 605, 453, 746, 917, 1444, 
-336, -980, -644, 658, 153, -812, 302, 610, 453, 746, 922, 1449, 
-326, -971, -644, 649, 158, -807, 302, 614, 448, 751, 912, 1454, 
-326, -966, -639, 646, 156, -802, 302, 619, 448, 751, 922, 1454, 
-326, -961, -634, 644, 153, -797, 302, 624, 448, 756, 922, 1454, 
-322, -961, -639, 641, 158, -800, 297, 629, 453, 756, 922, 1459, 
-317, -961, -644, 639, 163, -802, 297, 634, 463, 746, 922, 1459, 
-317, -956, -639, 636, 161, -797, 297, 644, 463, 751, 927, 1459, 
-317, -951, -634, 634, 158, -793, 302, 649, 468, 756, 936, 1464, 
-312, -951, -639, 631, 163, -795, 302, 658, 468, 756, 936, 1468, 
-312, -946, -634, 629, 161, -790, 312, 663, 463, 766, 936, 1473, 
-312, -941, -629, 627, 158, -785, 312, 673, 463, 766, 941, 1473, 
-307, -936, -629, 622, 161, -783, 307, 678, 468, 771, 941, 1473, 
-297, -932, -634, 614, 168, -783, 307, 692, 468, 771, 951, 1473, 
-292, -927, -634, 610, 170, -780, 302, 712, 488, 775, 966, 1483, 
-292, -922, -629, 607, 168, -775, 302, 717, 488, 780, 971, 1488, 
-292, -912, -619, 602, 163, -766, 302, 732, 492, 785, 976, 1493, 
-287, -902, -614, 595, 163, -758, 302, 746, 497, 790, 980, 1498, 
-292, -893, -600, 592, 153, -746, 302, 746, 512, 795, 985, 1507, 
-287, -888, -600, 588, 156, -744, 297, 756, 512, 800, 995, 1512, 
-283, -883, -600, 583, 158, -741, 297, 771, 512, 805, 995, 1522, 
-278, -868, -590, 573, 156, -729, 297, 785, 517, 810, 1000, 1527, 
-273, -858, -585, 566, 156, -722, 302, 805, 522, 819, 1005, 1527, 
-268, -849, -580, 558, 156, -714, 302, 824, 527, 824, 1019, 1532, 
-263, -834, -570, 549, 153, -702, 302, 839, 536, 839, 1029, 1542, 
-258, -824, -566, 541, 153, -695, 297, 854, 546, 844, 1029, 1551, 
-239, -814, -575, 527, 168, -695, 302, 868, 546, 849, 1049, 1551, 
-229, -800, -570, 514, 170, -685, 297, 883, 551, 863, 1058, 1561, 
-229, -790, -561, 509, 165, -675, 292, 902, 551, 873, 1068, 1571, 
-219, -771, -551, 495, 165, -661, 287, 917, 556, 888, 1083, 1581, 
-219, -756, -536, 488, 158, -646, 283, 936, 575, 897, 1107, 1590, 
-214, -741, -527, 478, 156, -634, 283, 951, 580, 912, 1117, 1605, 
-204, -727, -522, 466, 158, -624, 278, 956, 590, 922, 1127, 1625, 
-200, -707, -507, 453, 153, -607, 273, 971, 600, 936, 1146, 1639, 
-185, -692, -507, 439, 161, -600, 268, 990, 595, 946, 1146, 1639, 
-180, -683, -502, 431, 161, -592, 263, 1005, 605, 951, 1166, 1649, 
-175, -673, -497, 424, 161, -585, 258, 1015, 614, 961, 1176, 1659, 
-170, -658, -488, 414, 158, -573, 253, 1024, 614, 980, 1185, 1668, 
-161, -634, -473, 397, 156, -553, 244, 1019, 629, 990, 1190, 1678, 
-151, -619, -468, 385, 158, -544, 239, 1024, 634, 1000, 1200, 1683, 
-146, -605, -458, 375, 156, -531, 234, 1024, 644, 1010, 1210, 1693, 
-146, -590, -444, 368, 148, -517, 229, 1024, 649, 1019, 1215, 1703, 
-146, -585, -439, 366, 146, -512, 234, 1034, 653, 1024, 1234, 1717, 
-146, -570, -424, 358, 139, -497, 234, 1039, 663, 1034, 1244, 1722, 
-141, -561, -419, 351, 139, -490, 229, 1049, 663, 1039, 1249, 1732, 
-136, -556, -419, 346, 141, -488, 229, 1054, 668, 1044, 1259, 1751, 
-131, -546, -414, 339, 141, -480, 229, 1054, 663, 1054, 1268, 1751, 
-131, -536, -405, 334, 136, -470, 229, 1054, 663, 1054, 1273, 1751, 
-131, -531, -400, 331, 134, -466, 219, 1049, 668, 1063, 1288, 1756, 
-131, -522, -390, 326, 129, -456, 219, 1044, 673, 1068, 1293, 1761, 
-122, -512, -390, 317, 134, -451, 209, 1034, 688, 1073, 1298, 1766, 
-122, -507, -385, 314, 131, -446, 209, 1024, 688, 1078, 1298, 1766, 
-122, -502, -380, 312, 129, -441, 209, 1015, 688, 1078, 1298, 1771, 
-126, -502, -375, 314, 124, -439, 214, 1000, 688, 1078, 1298, 1771, 
-126, -502, -375, 314, 124, -439, 219, 985, 688, 1073, 1293, 1781, 
-131, -512, -380, 322, 124, -446, 219, 971, 688, 1068, 1293, 1776, 
-136, -517, -380, 326, 122, -448, 219, 946, 688, 1068, 1288, 1771, 
-146, -531, -385, 339, 119, -458, 224, 932, 683, 1058, 1278, 1766, 
-156, -541, -385, 348, 114, -463, 239, 902, 673, 1049, 1259, 1747, 
-165, -561, -395, 363, 114, -478, 248, 883, 663, 1039, 1239, 1737, 
-175, -570, -395, 373, 109, -483, 258, 868, 653, 1019, 1229, 1717, 
-185, -590, -405, 387, 109, -497, 273, 854, 644, 1010, 1215, 1708, 
-195, -610, -414, 402, 109, -512, 273, 829, 629, 1005, 1210, 1693, 
-204, -624, -419, 414, 107, -522, 278, 814, 619, 985, 1190, 1683, 
-214, -649, -434, 431, 109, -541, 283, 805, 614, 971, 1176, 1673, 
-219, -663, -444, 441, 112, -553, 292, 785, 605, 956, 1161, 1659, 
-234, -678, -444, 456, 104, -561, 307, 766, 600, 936, 1141, 1659, 
-244, -697, -453, 470, 104, -575, 312, 751, 585, 922, 1127, 1639, 
-253, -712, -458, 483, 102, -585, 317, 732, 580, 912, 1112, 1629, 
-263, -732, -468, 497, 102, -600, 317, 722, 570, 897, 1098, 1620, 
-258, -756, -497, 507, 119, -627, 312, 697, 551, 873, 1073, 1600, 
-263, -780, -517, 522, 126, -649, 312, 683, 536, 863, 1058, 1590, 
-268, -800, -531, 534, 131, -666, 317, 673, 527, 849, 1049, 1581, 
-273, -810, -536, 541, 131, -673, 317, 658, 512, 844, 1034, 1566, 
-283, -810, -527, 546, 122, -668, 317, 653, 502, 839, 1034, 1561, 
-292, -819, -527, 556, 117, -673, 317, 639, 497, 834, 1029, 1551, 
-297, -834, -536, 566, 119, -685, 317, 634, 492, 834, 1029, 1546, 
-302, -839, -536, 570, 117, -688, 312, 624, 488, 824, 1019, 1542, 
-302, -844, -541, 573, 119, -692, 312, 605, 483, 810, 1000, 1537, 
-307, -854, -546, 580, 119, -700, 317, 600, 473, 805, 995, 1527, 
-307, -863, -556, 585, 124, -710, 317, 590, 468, 800, 985, 1522, 
-312, -863, -551, 588, 119, -707, 317, 585, 458, 790, 980, 1517, 
-307, -878, -570, 592, 131, -724, 312, 580, 453, 785, 976, 1512, 
-312, -878, -566, 595, 126, -722, 312, 580, 453, 780, 976, 1512, 
-312, -883, -570, 597, 129, -727, 312, 575, 448, 780, 976, 1507, 
-307, -888, -580, 597, 136, -734, 312, 566, 448, 780, 971, 1507, 
-307, -893, -585, 600, 139, -739, 312, 561, 444, 785, 971, 1503, 
-307, -897, -590, 602, 141, -744, 312, 551, 444, 785, 966, 1503, 
-307, -897, -590, 602, 141, -744, 307, 551, 439, 785, 966, 1503, 
-307, -902, -595, 605, 143, -749, 307, 546, 439, 785, 966, 1498, 
-307, -902, -595, 605, 143, -749, 297, 546, 439, 775, 961, 1507, 
-307, -907, -600, 607, 146, -753, 297, 541, 439, 771, 956, 1503, 
-307, -907, -600, 607, 146, -753, 297, 536, 429, 771, 956, 1503, 
-307, -902, -595, 605, 143, -749, 297, 536, 429, 771, 961, 1503, 
-307, -902, -595, 605, 143, -749, 297, 527, 429, 771, 951, 1498, 
-307, -902, -595, 605, 143, -749, 297, 527, 429, 771, 951, 1498, 
-307, -902, -595, 605, 143, -749, 297, 522, 429, 766, 951, 1498, 
-307, -902, -595, 605, 143, -749, 297, 522, 429, 766, 951, 1498, 
-307, -912, -605, 610, 148, -758, 297, 522, 419, 771, 956, 1507, 
-317, -912, -595, 614, 139, -753, 297, 522, 419, 771, 956, 1503, 
-317, -912, -595, 614, 139, -753, 297, 517, 419, 771, 961, 1503, 
-317, -912, -595, 614, 139, -753, 297, 517, 419, 771, 961, 1503, 
-312, -902, -590, 607, 139, -746, 287, 517, 419, 771, 961, 1493, 
-312, -902, -590, 607, 139, -746, 287, 517, 419, 771, 961, 1498, 
-312, -902, -590, 607, 139, -746, 287, 517, 419, 771, 961, 1498, 
-312, -897, -585, 605, 136, -741, 287, 522, 419, 771, 961, 1493, 
-317, -907, -590, 612, 136, -749, 287, 522, 419, 761, 951, 1503, 
-317, -907, -590, 612, 136, -749, 287, 522, 419, 766, 956, 1503, 
-317, -907, -590, 612, 136, -749, 287, 522, 419, 766, 956, 1503, 
-317, -907, -590, 612, 136, -749, 287, 527, 419, 766, 956, 1503, 
-307, -897, -590, 602, 141, -744, 287, 527, 419, 766, 956, 1498, 
-307, -897, -590, 602, 141, -744, 287, 527, 419, 766, 956, 1498, 
-307, -893, -585, 600, 139, -739, 287, 527, 424, 766, 956, 1498, 
-307, -893, -585, 600, 139, -739, 287, 527, 424, 766, 956, 1498, 
-307, -893, -585, 600, 139, -739, 297, 527, 424, 775, 966, 1507, 
-307, -893, -585, 600, 139, -739, 297, 527, 419, 775, 971, 1507, 
-307, -893, -585, 600, 139, -739, 297, 527, 419, 775, 971, 1507, 
-307, -888, -580, 597, 136, -734, 292, 527, 424, 775, 971, 1507, 
-307, -888, -580, 597, 136, -734, 292, 536, 424, 780, 976, 1512, 
-307, -888, -580, 597, 136, -734, 292, 536, 424, 780, 976, 1512, 
-307, -888, -580, 597, 136, -734, 292, 536, 424, 780, 976, 1517, 
-307, -888, -580, 597, 136, -734, 292, 546, 424, 780, 976, 1517, 
-302, -888, -585, 595, 141, -736, 292, 536, 429, 780, 976, 1517, 
-302, -883, -580, 592, 139, -732, 292, 536, 429, 785, 976, 1517, 
-302, -878, -575, 590, 136, -727, 292, 536, 429, 785, 976, 1517, 
-302, -878, -575, 590, 136, -727, 292, 536, 429, 785, 976, 1517, 
-302, -878, -575, 590, 136, -727, 292, 536, 444, 785, 976, 1512, 
-302, -878, -575, 590, 136, -727, 297, 536, 444, 785, 980, 1512, 
-302, -873, -570, 588, 134, -722, 297, 536, 444, 790, 980, 1512, 
-302, -868, -566, 585, 131, -717, 297, 536, 444, 790, 980, 1512, 
-302, -868, -566, 585, 131, -717, 297, 546, 444, 790, 971, 1522, 
-302, -868, -566, 585, 131, -717, 297, 546, 444, 790, 971, 1527, 
-302, -868, -566, 585, 131, -717, 297, 546, 439, 790, 971, 1527, 
-297, -868, -570, 583, 136, -719, 297, 546, 439, 790, 976, 1527, 
-297, -858, -561, 578, 131, -710, 287, 536, 439, 790, 966, 1517, 
-302, -854, -551, 578, 124, -702, 287, 536, 439, 790, 971, 1517, 
-302, -854, -551, 578, 124, -702, 287, 536, 439, 790, 971, 1517, 
-297, -854, -556, 575, 129, -705, 287, 536, 439, 790, 966, 1512, 
-297, -863, -566, 580, 134, -714, 297, 536, 429, 795, 966, 1512, 
-297, -858, -561, 578, 131, -710, 297, 536, 429, 795, 971, 1512, 
-297, -858, -561, 578, 131, -710, 297, 536, 429, 795, 971, 1512, 
-297, -858, -561, 578, 131, -710, 297, 536, 429, 795, 971, 1512, 
-297, -858, -561, 578, 131, -710, 297, 546, 434, 795, 980, 1522, 
-297, -858, -561, 578, 131, -710, 297, 551, 434, 795, 976, 1522, 
-297, -858, -561, 578, 131, -710, 297, 551, 434, 795, 976, 1527, 
-297, -858, -561, 578, 131, -710, 297, 546, 434, 795, 980, 1527, 
-297, -849, -551, 573, 126, -700, 297, 546, 434, 785, 980, 1527, 
-297, -849, -551, 573, 126, -700, 297, 546, 434, 785, 976, 1527, 
-297, -849, -551, 573, 126, -700, 297, 546, 434, 785, 976, 1527, 
-297, -849, -551, 573, 126, -700, 297, 546, 434, 785, 976, 1522, 
-297, -849, -551, 573, 126, -700, 297, 546, 439, 795, 966, 1522, 
-297, -849, -551, 573, 126, -700, 297, 546, 439, 795, 966, 1522, 
-297, -849, -551, 573, 126, -700, 297, 546, 439, 795, 966, 1522, 
-297, -849, -551, 573, 126, -700, 297, 546, 439, 795, 966, 1522, 
-287, -849, -561, 568, 136, -705, 297, 536, 429, 785, 966, 1522, 
-287, -849, -561, 568, 136, -705, 297, 536, 429, 785, 966, 1522, 
-287, -849, -561, 568, 136, -705, 297, 536, 429, 780, 966, 1522, 
-287, -849, -561, 568, 136, -705, 297, 536, 429, 780, 966, 1522, 
-287, -854, -566, 570, 139, -710, 297, 536, 419, 780, 966, 1522, 
-287, -854, -566, 570, 139, -710, 297, 536, 419, 780, 966, 1522, 
-287, -854, -566, 570, 139, -710, 297, 536, 419, 780, 966, 1522, 
-287, -854, -566, 570, 139, -710, 297, 536, 419, 780, 966, 1522, 
-287, -854, -566, 570, 139, -710, 297, 536, 414, 780, 956, 1512, 
-287, -854, -566, 570, 139, -710, 297, 536, 409, 780, 956, 1507, 
-287, -854, -566, 570, 139, -710, 297, 536, 409, 780, 951, 1507, 
-287, -854, -566, 570, 139, -710, 297, 536, 409, 780, 951, 1507, 
-287, -844, -556, 566, 134, -700, 297, 536, 419, 780, 956, 1507, 
-287, -844, -556, 566, 134, -700, 297, 536, 419, 780, 956, 1507, 
-287, -844, -556, 566, 134, -700, 297, 536, 414, 780, 956, 1507, 
-287, -844, -556, 566, 134, -700, 302, 531, 414, 780, 956, 1507, 
-287, -858, -570, 573, 141, -714, 292, 527, 414, 780, 956, 1507, 
-287, -858, -570, 573, 141, -714, 292, 527, 414, 780, 956, 1507, 
-287, -858, -570, 573, 141, -714, 292, 527, 414, 780, 956, 1507, 
-287, -858, -570, 573, 141, -714, 292, 527, 414, 780, 956, 1507, 
-297, -858, -561, 578, 131, -710, 292, 527, 405, 771, 946, 1507, 
-297, -858, -561, 578, 131, -710, 292, 527, 405, 771, 946, 1503, 
-297, -858, -561, 578, 131, -710, 292, 527, 405, 766, 946, 1503, 
-297, -858, -561, 578, 131, -710, 292, 522, 405, 766, 946, 1503, 
-287, -858, -570, 573, 141, -714, 292, 522, 400, 766, 946, 1503, 
-287, -858, -570, 573, 141, -714, 297, 522, 395, 766, 941, 1503, 
-287, -858, -570, 573, 141, -714, 297, 522, 395, 766, 941, 1498, 
-287, -858, -570, 573, 141, -714, 297, 522, 395, 766, 941, 1498, 
-287, -858, -570, 573, 141, -714, 297, 522, 400, 766, 951, 1507, 
-287, -868, -580, 578, 146, -724, 297, 522, 400, 766, 951, 1507, 
-287, -868, -580, 578, 146, -724, 297, 517, 400, 766, 951, 1503, 
-287, -863, -575, 575, 143, -719, 297, 517, 395, 766, 951, 1503, 
-297, -863, -566, 580, 134, -714, 297, 527, 395, 766, 941, 1503, 
-297, -863, -566, 580, 134, -714, 297, 522, 395, 766, 941, 1503, 
-297, -863, -566, 580, 134, -714, 297, 522, 395, 766, 941, 1503, 
-297, -863, -566, 580, 134, -714, 302, 522, 395, 771, 941, 1503, 
-287, -868, -580, 578, 146, -724, 302, 522, 385, 780, 941, 1493, 
-287, -868, -580, 578, 146, -724, 302, 517, 385, 771, 941, 1493, 
-287, -868, -580, 578, 146, -724, 302, 517, 385, 771, 941, 1493, 
-287, -868, -580, 578, 146, -724, 302, 517, 385, 771, 941, 1493, 
-278, -858, -580, 568, 151, -719, 302, 507, 385, 771, 936, 1488, 
-278, -858, -580, 568, 151, -719, 302, 507, 385, 771, 936, 1483, 
-278, -858, -580, 568, 151, -719, 302, 507, 385, 771, 936, 1483, 
-278, -858, -580, 568, 151, -719, 302, 507, 385, 771, 936, 1488, 
-278, -868, -590, 573, 156, -729, 307, 512, 390, 771, 936, 1503, 
-287, -868, -580, 578, 146, -724, 317, 512, 395, 761, 936, 1503, 
-283, -868, -585, 575, 151, -727, 312, 517, 390, 761, 936, 1493, 
-283, -878, -595, 580, 156, -736, 312, 507, 380, 761, 936, 1493, 
-283, -878, -595, 580, 156, -736, 312, 507, 380, 761, 936, 1493, 
-283, -878, -595, 580, 156, -736, 312, 507, 380, 761, 936, 1493, 
-283, -878, -595, 580, 156, -736, 312, 507, 380, 761, 936, 1493, 
-292, -878, -585, 585, 146, -732, 302, 507, 380, 761, 936, 1493, 
-292, -878, -585, 585, 146, -732, 307, 507, 380, 761, 936, 1493, 
-292, -878, -585, 585, 146, -732, 307, 507, 380, 766, 936, 1493, 
-292, -878, -585, 585, 146, -732, 307, 507, 380, 766, 936, 1493, 
-283, -873, -590, 578, 153, -732, 302, 507, 380, 766, 927, 1493, 
-283, -873, -590, 578, 153, -732, 302, 507, 380, 766, 927, 1493, 
-283, -873, -590, 578, 153, -732, 302, 507, 380, 761, 927, 1493, 
-283, -873, -590, 578, 153, -732, 302, 512, 380, 761, 922, 1493, 
-283, -863, -580, 573, 148, -722, 302, 512, 380, 761, 932, 1493, 
-283, -863, -580, 573, 148, -722, 307, 512, 380, 766, 932, 1493, 
-283, -863, -580, 573, 148, -722, 307, 512, 385, 766, 932, 1493, 
-283, -863, -580, 573, 148, -722, 307, 512, 385, 766, 936, 1493, 
-283, -863, -580, 573, 148, -722, 307, 512, 385, 766, 936, 1493, 
-278, -863, -585, 570, 153, -724, 307, 512, 385, 766, 936, 1498, 
-278, -854, -575, 566, 148, -714, 312, 517, 390, 771, 941, 1503, 
-273, -844, -570, 558, 148, -707, 322, 531, 395, 780, 946, 1503, 
-273, -829, -556, 551, 141, -692, 326, 546, 405, 785, 946, 1503, 
-268, -819, -551, 544, 141, -685, 331, 551, 409, 790, 946, 1512, 
-263, -805, -541, 534, 139, -673, 336, 556, 414, 795, 951, 1517, 
-263, -805, -541, 534, 139, -673, 346, 566, 424, 800, 956, 1522, 
-263, -790, -527, 527, 131, -658, 351, 561, 434, 795, 971, 1537, 
-258, -780, -522, 519, 131, -651, 366, 566, 439, 805, 985, 1542, 
-253, -771, -517, 512, 131, -644, 370, 575, 453, 819, 995, 1546, 
-253, -756, -502, 505, 124, -629, 375, 585, 458, 819, 1010, 1556, 
-248, -751, -502, 500, 126, -627, 375, 585, 468, 819, 1000, 1551, 
-248, -746, -497, 497, 124, -622, 375, 590, 473, 824, 1000, 1551, 
-248, -746, -497, 497, 124, -622, 380, 590, 473, 824, 1005, 1551, 
-253, -746, -492, 500, 119, -619, 385, 595, 478, 824, 1005, 1556, 
-244, -732, -488, 488, 122, -610, 385, 595, 468, 824, 995, 1556, 
-244, -727, -483, 485, 119, -605, 385, 595, 473, 824, 1005, 1556, 
-244, -722, -478, 483, 117, -600, 385, 595, 478, 834, 1005, 1556, 
-244, -717, -473, 480, 114, -595, 380, 590, 483, 839, 1010, 1566, 
-253, -707, -453, 480, 100, -580, 366, 595, 483, 844, 1019, 1571, 
-258, -697, -439, 478, 90, -568, 366, 595, 488, 849, 1024, 1576, 
-258, -692, -434, 475, 87, -563, 361, 590, 488, 849, 1024, 1576, 
-258, -692, -434, 475, 87, -563, 356, 580, 488, 854, 1029, 1581, 
-253, -692, -439, 473, 92, -566, 356, 566, 488, 854, 1019, 1586, 
-244, -678, -434, 461, 95, -556, 351, 561, 488, 858, 1029, 1586, 
-239, -663, -424, 451, 92, -544, 341, 561, 497, 863, 1034, 1590, 
-239, -663, -424, 451, 92, -544, 331, 556, 488, 868, 1034, 1595, 
-234, -658, -424, 446, 95, -541, 317, 541, 473, 868, 1039, 1595, 
-234, -668, -434, 451, 100, -551, 312, 536, 468, 863, 1034, 1590, 
-234, -673, -439, 453, 102, -556, 307, 531, 463, 858, 1034, 1586, 
-224, -673, -448, 448, 112, -561, 307, 531, 458, 858, 1034, 1586, 
-229, -673, -444, 451, 107, -558, 302, 541, 468, 858, 1029, 1586, 
-224, -673, -448, 448, 112, -561, 297, 541, 468, 858, 1029, 1586, 
-224, -678, -453, 451, 114, -566, 292, 531, 458, 854, 1024, 1586, 
-229, -688, -458, 458, 114, -573, 283, 517, 448, 849, 1015, 1581, 
-224, -702, -478, 463, 126, -590, 273, 502, 419, 839, 1005, 1566, 
-219, -722, -502, 470, 141, -612, 273, 497, 405, 829, 990, 1566, 
-219, -732, -512, 475, 146, -622, 273, 497, 395, 814, 980, 1556, 
-234, -751, -517, 492, 141, -634, 278, 502, 395, 810, 976, 1551, 
-258, -766, -507, 512, 124, -636, 287, 502, 395, 805, 971, 1527, 
-273, -785, -512, 529, 119, -649, 292, 507, 395, 795, 966, 1517, 
-283, -810, -527, 546, 122, -668, 302, 507, 385, 785, 951, 1507, 
-283, -829, -546, 556, 131, -688, 302, 502, 375, 771, 946, 1493, 
-292, -824, -531, 558, 119, -678, 302, 492, 370, 766, 927, 1498, 
-297, -834, -536, 566, 119, -685, 302, 492, 366, 761, 927, 1493, 
-297, -844, -546, 570, 124, -695, 297, 492, 361, 761, 917, 1493, 
-297, -844, -546, 570, 124, -695, 297, 488, 356, 756, 912, 1488, 
-287, -858, -570, 573, 141, -714, 297, 488, 346, 756, 912, 1488, 
-283, -858, -575, 570, 146, -717, 292, 488, 346, 751, 912, 1483, 
-283, -868, -585, 575, 151, -727, 292, 488, 341, 746, 907, 1478, 
-283, -873, -590, 578, 153, -732, 292, 478, 336, 741, 902, 1473, 
-283, -878, -595, 580, 156, -736, 292, 478, 336, 741, 897, 1459, 
-283, -878, -595, 580, 156, -736, 292, 478, 336, 736, 897, 1454, 
-283, -883, -600, 583, 158, -741, 292, 473, 341, 736, 897, 1454, 
-283, -883, -600, 583, 158, -741, 292, 473, 351, 736, 897, 1459, 
-283, -873, -590, 578, 153, -732, 292, 463, 341, 732, 897, 1459, 
-283, -873, -590, 578, 153, -732, 292, 468, 341, 732, 897, 1459, 
-283, -873, -590, 578, 153, -732, 292, 468, 341, 732, 897, 1459, 
-283, -873, -590, 578, 153, -732, 292, 468, 341, 732, 897, 1464, 
-283, -873, -590, 578, 153, -732, 292, 468, 341, 722, 902, 1464, 
-283, -878, -595, 580, 156, -736, 292, 468, 341, 722, 902, 1464, 
-283, -878, -595, 580, 156, -736, 292, 473, 341, 727, 902, 1459, 
-283, -878, -595, 580, 156, -736, 292, 473, 341, 727, 902, 1459, 
-283, -873, -590, 578, 153, -732, 292, 473, 341, 727, 893, 1459, 
-283, -873, -590, 578, 153, -732, 302, 473, 341, 732, 902, 1459, 
-278, -873, -595, 575, 158, -734, 292, 473, 336, 732, 902, 1459, 
-278, -868, -590, 573, 156, -729, 297, 492, 336, 727, 897, 1454, 
-278, -883, -605, 580, 163, -744, 312, 517, 336, 717, 888, 1444, 
-273, -902, -629, 588, 178, -766, 336, 575, 336, 697, 873, 1434, 
-263, -927, -663, 595, 200, -795, 366, 639, 346, 683, 868, 1405, 
-263, -941, -678, 602, 207, -810, 385, 702, 356, 673, 863, 1395, 
-263, -951, -688, 607, 212, -819, 419, 761, 385, 673, 873, 1390, 
-248, -951, -702, 600, 226, -827, 439, 819, 409, 668, 858, 1381, 
-229, -961, -732, 595, 251, -846, 463, 893, 414, 658, 849, 1351, 
-209, -971, -761, 590, 275, -866, 492, 985, 429, 649, 849, 1351, 
-190, -932, -741, 561, 275, -836, 541, 1083, 483, 663, 883, 1366, 
-146, -883, -736, 514, 295, -810, 570, 1161, 531, 688, 917, 1385, 
-112, -844, -732, 478, 309, -788, 561, 1180, 556, 741, 971, 1434, 
-82, -751, -668, 417, 292, -710, 527, 1117, 575, 819, 1054, 1507, 
-73, -610, -536, 341, 231, -573, 468, 971, 619, 922, 1166, 1610, 
-78, -414, -336, 246, 129, -375, 380, 727, 668, 1083, 1312, 1751, 
-107, -175, -68, 141, -19, -122, 234, 400, 722, 1288, 1498, 1947, 
-136, 63, 200, 36, -168, 131, 48, 58, 766, 1478, 1693, 2132, 
-165, 258, 424, -46, -295, 341, -151, -268, 775, 1644, 1849, 2298, 
-175, 414, 590, -119, -383, 502, -346, -556, 780, 1781, 1971, 2425, 
-200, 522, 722, -161, -461, 622, -531, -780, 780, 1873, 2064, 2518, 
-219, 551, 771, -165, -495, 661, -668, -927, 766, 1908, 2113, 2566, 
-229, 502, 732, -136, -480, 617, -741, -990, 722, 1883, 2083, 2547, 
-229, 380, 610, -75, -419, 495, -780, -1000, 624, 1795, 1971, 2459, 
-263, 170, 434, 46, -348, 302, -751, -995, 473, 1620, 1766, 2318, 
-331, -73, 258, 202, -295, 92, -678, -1019, 302, 1420, 1512, 2152, 
-390, -302, 87, 346, -239, -107, -629, -1063, 136, 1215, 1273, 1981, 
-424, -527, -102, 475, -161, -314, -595, -1093, -14, 1029, 1054, 1820, 
-424, -727, -302, 575, -61, -514, -570, -1034, -146, 863, 878, 1668, 
-405, -863, -458, 634, 26, -661, -522, -902, -234, 751, 756, 1556, 
-390, -936, -546, 663, 78, -741, -434, -732, -234, 678, 697, 1488, 
-390, -985, -595, 688, 102, -790, -341, -566, -185, 639, 683, 1444, 
-395, -1024, -629, 710, 117, -827, -258, -429, -126, 629, 692, 1415, 
-390, -1034, -644, 712, 126, -839, -195, -326, -87, 629, 692, 1405, 
-370, -1005, -634, 688, 131, -819, -117, -190, -34, 644, 717, 1405, 
-336, -966, -629, 651, 146, -797, -14, -39, 39, 663, 761, 1415, 
-312, -932, -619, 622, 153, -775, 73, 97, 112, 692, 800, 1420, 
-292, -917, -624, 605, 165, -771, 151, 219, 170, 697, 819, 1434, 
-283, -902, -619, 592, 168, -761, 209, 317, 209, 702, 844, 1434, 
-283, -897, -614, 590, 165, -756, 248, 366, 253, 707, 858, 1444, 
-283, -883, -600, 583, 158, -741, 258, 400, 283, 722, 873, 1454, 
-287, -863, -575, 575, 143, -719, 263, 419, 307, 722, 893, 1464, 
-297, -854, -556, 575, 129, -705, 268, 434, 312, 732, 897, 1464, 
-292, -854, -561, 573, 134, -707, 268, 439, 312, 736, 902, 1464, 
-278, -839, -561, 558, 141, -700, 287, 463, 326, 741, 912, 1468, 
-273, -834, -561, 553, 143, -697, 292, 478, 322, 741, 902, 1468, 
-268, -839, -570, 553, 151, -705, 312, 497, 322, 741, 902, 1468, 
-263, -844, -580, 553, 158, -712, 326, 517, 322, 741, 902, 1464, 
-263, -849, -585, 556, 161, -717, 336, 517, 326, 741, 897, 1464, 
-273, -854, -580, 563, 153, -717, 336, 517, 331, 736, 888, 1459, 
-273, -854, -580, 563, 153, -717, 331, 517, 331, 736, 893, 1459, 
-278, -854, -575, 566, 148, -714, 326, 517, 336, 736, 893, 1459, 
-278, -854, -575, 566, 148, -714, 317, 517, 336, 736, 893, 1459, 
-268, -854, -585, 561, 158, -719, 317, 527, 341, 736, 893, 1459, 
-263, -844, -580, 553, 158, -712, 322, 527, 341, 736, 893, 1459, 
-263, -844, -580, 553, 158, -712, 331, 536, 341, 741, 897, 1459, 
-263, -844, -580, 553, 158, -712, 336, 541, 341, 741, 897, 1459, 
-263, -834, -570, 549, 153, -702, 336, 536, 346, 741, 897, 1464, 
-263, -834, -570, 549, 153, -702, 336, 536, 346, 741, 897, 1464, 
-263, -834, -570, 549, 153, -702, 336, 541, 346, 741, 897, 1464, 
-263, -834, -570, 549, 153, -702, 336, 541, 351, 741, 902, 1464, 
-263, -819, -556, 541, 146, -688, 336, 541, 341, 732, 912, 1454, 
-253, -819, -566, 536, 156, -692, 336, 541, 341, 736, 912, 1454, 
-253, -819, -566, 536, 156, -692, 336, 541, 346, 741, 912, 1454, 
-253, -819, -566, 536, 156, -692, 341, 546, 346, 741, 917, 1459, 
-253, -824, -570, 539, 158, -697, 351, 556, 346, 741, 917, 1468, 
-248, -824, -575, 536, 163, -700, 351, 556, 351, 741, 917, 1468, 
-248, -814, -566, 531, 158, -690, 351, 561, 351, 741, 917, 1468, 
-248, -814, -566, 531, 158, -690, 351, 561, 351, 741, 917, 1468, 
-248, -824, -575, 536, 163, -700, 351, 551, 351, 746, 917, 1473, 
-248, -819, -570, 534, 161, -695, 351, 556, 351, 746, 922, 1473, 
-248, -819, -570, 534, 161, -695, 351, 556, 356, 746, 927, 1473, 
-248, -819, -570, 534, 161, -695, 351, 561, 356, 751, 927, 1473, 
-248, -810, -561, 529, 156, -685, 351, 570, 366, 761, 922, 1473, 
-248, -805, -556, 527, 153, -680, 351, 580, 370, 756, 927, 1473, 
-248, -805, -556, 527, 153, -680, 356, 580, 370, 756, 927, 1478, 
-248, -805, -556, 527, 153, -680, 361, 580, 370, 766, 927, 1483, 
-244, -805, -561, 524, 158, -683, 361, 580, 375, 766, 936, 1483, 
-244, -805, -561, 524, 158, -683, 361, 585, 375, 766, 936, 1483, 
-244, -800, -556, 522, 156, -678, 356, 585, 380, 771, 932, 1483, 
-244, -800, -556, 522, 156, -678, 356, 595, 380, 771, 932, 1483, 
-244, -795, -551, 519, 153, -673, 356, 595, 370, 771, 936, 1483, 
-244, -790, -546, 517, 151, -668, 356, 595, 370, 775, 941, 1483, 
-244, -785, -541, 514, 148, -663, 356, 595, 370, 775, 946, 1488, 
-244, -780, -536, 512, 146, -658, 356, 600, 375, 775, 946, 1493, 
-244, -780, -536, 512, 146, -658, 366, 610, 375, 771, 951, 1493, 
-244, -775, -531, 509, 143, -653, 370, 610, 380, 771, 951, 1493, 
-244, -775, -531, 509, 143, -653, 370, 619, 380, 775, 951, 1498, 
-244, -771, -527, 507, 141, -649, 370, 619, 385, 775, 951, 1498, 
-239, -771, -531, 505, 146, -651, 370, 619, 385, 785, 956, 1498, 
-234, -766, -531, 500, 148, -649, 370, 624, 385, 780, 961, 1498, 
-234, -766, -531, 500, 148, -649, 370, 624, 385, 780, 961, 1498, 
-229, -761, -531, 495, 151, -646, 370, 634, 390, 785, 961, 1498, 
-229, -771, -541, 500, 156, -656, 370, 624, 400, 780, 966, 1503, 
-229, -766, -536, 497, 153, -651, 370, 629, 400, 780, 966, 1503, 
-229, -756, -527, 492, 148, -641, 370, 634, 405, 785, 966, 1503, 
-229, -756, -527, 492, 148, -641, 370, 639, 405, 785, 971, 1507, 
-219, -746, -527, 483, 153, -636, 370, 644, 409, 790, 961, 1512, 
-219, -741, -522, 480, 151, -631, 370, 649, 409, 790, 971, 1512, 
-219, -736, -517, 478, 148, -627, 370, 653, 409, 795, 971, 1512, 
-214, -736, -522, 475, 153, -629, 366, 658, 414, 795, 971, 1517, 
-214, -727, -512, 470, 148, -619, 375, 673, 414, 805, 980, 1527, 
-219, -722, -502, 470, 141, -612, 375, 683, 414, 810, 985, 1527, 
-224, -717, -492, 470, 134, -605, 380, 688, 419, 814, 995, 1532, 
-224, -717, -492, 470, 134, -605, 380, 697, 419, 814, 995, 1537, 
-224, -702, -478, 463, 126, -590, 370, 692, 424, 824, 995, 1532, 
-224, -697, -473, 461, 124, -585, 370, 702, 424, 824, 1000, 1532, 
-219, -692, -473, 456, 126, -583, 366, 707, 429, 829, 1000, 1532, 
-209, -688, -478, 448, 134, -583, 366, 722, 429, 829, 1010, 1532, 
-204, -683, -478, 444, 136, -580, 370, 741, 439, 824, 1015, 1542, 
-204, -678, -473, 441, 134, -575, 370, 746, 439, 829, 1019, 1546, 
-204, -668, -463, 436, 129, -566, 370, 761, 444, 834, 1024, 1551, 
-200, -658, -458, 429, 129, -558, 370, 775, 448, 839, 1029, 1556, 
-185, -658, -473, 422, 143, -566, 370, 785, 463, 844, 1024, 1556, 
-180, -653, -473, 417, 146, -563, 366, 795, 463, 849, 1034, 1561, 
-175, -649, -473, 412, 148, -561, 366, 810, 463, 854, 1034, 1571, 
-170, -634, -463, 402, 146, -549, 366, 824, 468, 858, 1039, 1576, 
-175, -614, -439, 395, 131, -527, 370, 844, 473, 868, 1054, 1576, 
-170, -605, -434, 387, 131, -519, 370, 863, 478, 873, 1068, 1581, 
-165, -590, -424, 378, 129, -507, 370, 878, 488, 888, 1078, 1590, 
-161, -580, -419, 370, 129, -500, 366, 893, 497, 893, 1078, 1600, 
-151, -570, -419, 361, 134, -495, 370, 907, 492, 907, 1098, 1620, 
-141, -556, -414, 348, 136, -485, 366, 922, 502, 922, 1107, 1629, 
-141, -546, -405, 344, 131, -475, 361, 941, 507, 932, 1117, 1639, 
-131, -527, -395, 329, 131, -461, 356, 956, 517, 946, 1132, 1649, 
-122, -512, -390, 317, 134, -451, 351, 966, 527, 946, 1146, 1644, 
-117, -497, -380, 307, 131, -439, 351, 980, 531, 961, 1156, 1654, 
-107, -483, -375, 295, 134, -429, 346, 985, 541, 971, 1166, 1668, 
-102, -463, -361, 283, 129, -412, 341, 1000, 551, 985, 1185, 1678, 
-87, -444, -356, 265, 134, -400, 336, 1010, 556, 995, 1185, 1698, 
-82, -429, -346, 256, 131, -387, 331, 1024, 566, 1000, 1205, 1708, 
-78, -414, -336, 246, 129, -375, 326, 1034, 575, 1010, 1215, 1717, 
-73, -395, -322, 234, 124, -358, 322, 1044, 575, 1029, 1224, 1727, 
-63, -380, -317, 222, 126, -348, 322, 1049, 590, 1049, 1239, 1737, 
-53, -366, -312, 209, 129, -339, 317, 1054, 595, 1058, 1249, 1742, 
-48, -351, -302, 200, 126, -326, 312, 1054, 605, 1068, 1259, 1751, 
-48, -336, -287, 192, 119, -312, 307, 1054, 610, 1078, 1263, 1761, 
-48, -322, -273, 185, 112, -297, 302, 1068, 614, 1073, 1273, 1771, 
-48, -307, -258, 178, 104, -283, 302, 1068, 624, 1083, 1283, 1771, 
-43, -297, -253, 170, 104, -275, 297, 1073, 624, 1088, 1288, 1776, 
-39, -292, -253, 165, 107, -273, 297, 1073, 629, 1093, 1298, 1790, 
-34, -283, -248, 158, 107, -265, 287, 1063, 634, 1112, 1298, 1800, 
-34, -273, -239, 153, 102, -256, 287, 1063, 634, 1112, 1302, 1800, 
-34, -268, -234, 151, 100, -251, 278, 1058, 639, 1122, 1317, 1805, 
-34, -258, -224, 146, 95, -241, 278, 1054, 644, 1127, 1322, 1810, 
-24, -258, -234, 141, 104, -246, 278, 1054, 639, 1132, 1337, 1815, 
-24, -253, -229, 139, 102, -241, 278, 1044, 639, 1137, 1337, 1815, 
-24, -248, -224, 136, 100, -236, 278, 1034, 639, 1137, 1337, 1820, 
-29, -248, -219, 139, 95, -234, 283, 1019, 639, 1137, 1337, 1820, 
-39, -239, -200, 139, 80, -219, 287, 995, 639, 1132, 1332, 1820, 
-43, -248, -204, 146, 80, -226, 287, 980, 639, 1127, 1332, 1815, 
-48, -253, -204, 151, 78, -229, 287, 956, 639, 1127, 1327, 1810, 
-58, -268, -209, 163, 75, -239, 292, 941, 634, 1117, 1317, 1805, 
-68, -268, -200, 168, 65, -234, 297, 922, 624, 1107, 1307, 1795, 
-78, -287, -209, 183, 65, -248, 307, 902, 614, 1098, 1288, 1786, 
-87, -297, -209, 192, 61, -253, 317, 888, 605, 1078, 1278, 1766, 
-97, -317, -219, 207, 61, -268, 331, 873, 595, 1068, 1263, 1756, 
-97, -346, -248, 222, 75, -297, 331, 858, 580, 1044, 1249, 1742, 
-107, -361, -253, 234, 73, -307, 336, 844, 570, 1024, 1229, 1732, 
-117, -385, -268, 251, 75, -326, 341, 834, 566, 1010, 1215, 1722, 
-122, -400, -278, 261, 78, -339, 351, 814, 556, 995, 1200, 1708, 
-126, -414, -287, 270, 80, -351, 356, 785, 561, 990, 1190, 1698, 
-136, -434, -297, 285, 80, -366, 361, 771, 546, 980, 1176, 1678, 
-146, -448, -302, 297, 78, -375, 366, 751, 541, 976, 1161, 1668, 
-156, -468, -312, 312, 78, -390, 366, 741, 531, 966, 1146, 1659, 
-170, -483, -312, 326, 70, -397, 370, 727, 512, 946, 1122, 1639, 
-175, -507, -331, 341, 78, -419, 370, 712, 497, 932, 1107, 1629, 
-180, -527, -346, 353, 82, -436, 375, 702, 488, 912, 1098, 1620, 
-185, -536, -351, 361, 82, -444, 375, 688, 473, 902, 1083, 1605, 
-185, -546, -361, 366, 87, -453, 366, 673, 463, 888, 1083, 1600, 
-195, -556, -361, 375, 82, -458, 366, 658, 458, 883, 1078, 1590, 
-200, -570, -370, 385, 85, -470, 366, 653, 453, 883, 1078, 1586, 
-204, -575, -370, 390, 82, -473, 361, 644, 448, 873, 1068, 1581, 
-204, -580, -375, 392, 85, -478, 361, 624, 453, 868, 1058, 1576, 
-209, -590, -380, 400, 85, -485, 366, 619, 444, 863, 1054, 1566, 
-209, -600, -390, 405, 90, -495, 366, 610, 439, 858, 1044, 1561, 
-214, -600, -385, 407, 85, -492, 366, 605, 429, 849, 1039, 1556, 
-219, -614, -395, 417, 87, -505, 361, 610, 414, 844, 1034, 1561, 
-224, -614, -390, 419, 82, -502, 361, 610, 414, 839, 1034, 1561, 
-224, -619, -395, 422, 85, -507, 361, 605, 409, 839, 1034, 1556, 
-219, -624, -405, 422, 92, -514, 361, 595, 409, 839, 1029, 1556, 
-219, -619, -400, 419, 90, -509, 361, 580, 405, 844, 1019, 1542, 
-219, -624, -405, 422, 92, -514, 361, 570, 405, 844, 1015, 1542, 
-219, -624, -405, 422, 92, -514, 356, 570, 400, 844, 1015, 1542, 
-219, -629, -409, 424, 95, -519, 356, 566, 400, 844, 1015, 1537, 
-219, -619, -400, 419, 90, -509, 346, 575, 400, 844, 1010, 1537, 
-219, -624, -405, 422, 92, -514, 346, 570, 400, 839, 1005, 1532, 
-219, -624, -405, 422, 92, -514, 346, 566, 390, 839, 1005, 1532, 
-219, -619, -400, 419, 90, -509, 346, 566, 390, 839, 1010, 1532, 
-209, -629, -419, 419, 104, -524, 346, 566, 390, 829, 1010, 1537, 
-209, -629, -419, 419, 104, -524, 346, 566, 390, 829, 1010, 1537, 
-209, -629, -419, 419, 104, -524, 346, 561, 390, 824, 1010, 1537, 
-209, -629, -419, 419, 104, -524, 346, 561, 390, 824, 1010, 1537, 
-209, -629, -419, 419, 104, -524, 346, 551, 390, 829, 1005, 1537, 
-219, -629, -409, 424, 95, -519, 346, 551, 390, 829, 1005, 1532, 
-219, -629, -409, 424, 95, -519, 346, 546, 390, 829, 1010, 1532, 
-219, -629, -409, 424, 95, -519, 346, 546, 390, 829, 1010, 1532, 
-204, -629, -424, 417, 109, -527, 346, 556, 380, 829, 1010, 1532, 
-204, -629, -424, 417, 109, -527, 346, 556, 380, 829, 1010, 1537, 
-204, -629, -424, 417, 109, -527, 346, 556, 380, 829, 1010, 1537, 
-204, -624, -419, 414, 107, -522, 346, 561, 380, 829, 1010, 1532, 
-209, -624, -414, 417, 102, -519, 346, 561, 380, 829, 1010, 1532, 
-209, -624, -414, 417, 102, -519, 346, 561, 380, 834, 1015, 1532, 
-209, -624, -414, 417, 102, -519, 346, 561, 380, 834, 1015, 1532, 
-209, -624, -414, 417, 102, -519, 346, 566, 380, 834, 1015, 1532, 
-209, -624, -414, 417, 102, -519, 346, 556, 390, 834, 1015, 1546, 
-209, -624, -414, 417, 102, -519, 346, 556, 390, 834, 1015, 1546, 
-209, -619, -409, 414, 100, -514, 346, 556, 395, 834, 1015, 1546, 
-209, -619, -409, 414, 100, -514, 346, 556, 395, 834, 1015, 1546, 
-200, -610, -409, 405, 104, -509, 346, 566, 395, 844, 1024, 1546, 
-200, -610, -409, 405, 104, -509, 346, 566, 390, 844, 1029, 1546, 
-200, -610, -409, 405, 104, -509, 346, 566, 390, 844, 1029, 1546, 
-200, -605, -405, 402, 102, -505, 341, 566, 395, 844, 1029, 1546, 
-200, -595, -395, 397, 97, -495, 341, 556, 395, 849, 1024, 1542, 
-200, -595, -395, 397, 97, -495, 341, 556, 395, 849, 1024, 1542, 
-200, -595, -395, 397, 97, -495, 341, 556, 395, 849, 1024, 1546, 
-200, -595, -395, 397, 97, -495, 341, 566, 395, 849, 1024, 1546, 
-204, -605, -400, 405, 97, -502, 341, 566, 400, 849, 1034, 1556, 
-204, -600, -395, 402, 95, -497, 341, 566, 400, 854, 1034, 1556, 
-204, -595, -390, 400, 92, -492, 341, 566, 400, 854, 1034, 1556, 
-204, -595, -390, 400, 92, -492, 341, 566, 400, 854, 1034, 1556, 
-195, -595, -400, 395, 102, -497, 341, 575, 414, 854, 1034, 1561, 
-195, -595, -400, 395, 102, -497, 346, 575, 414, 854, 1039, 1561, 
-195, -590, -395, 392, 100, -492, 346, 575, 414, 858, 1039, 1561, 
-195, -585, -390, 390, 97, -488, 346, 575, 414, 858, 1039, 1561, 
-204, -585, -380, 395, 87, -483, 346, 585, 424, 868, 1039, 1551, 
-204, -585, -380, 395, 87, -483, 346, 585, 424, 868, 1039, 1556, 
-204, -585, -380, 395, 87, -483, 346, 585, 419, 868, 1039, 1556, 
-200, -585, -385, 392, 92, -485, 346, 585, 419, 868, 1044, 1556, 
-200, -585, -385, 392, 92, -485, 346, 585, 419, 868, 1044, 1556, 
-204, -580, -375, 392, 85, -478, 346, 585, 419, 868, 1049, 1556, 
-204, -580, -375, 392, 85, -478, 346, 585, 419, 868, 1049, 1556, 
-200, -580, -380, 390, 90, -480, 346, 585, 419, 868, 1044, 1551, 
-190, -580, -390, 385, 100, -485, 346, 575, 419, 873, 1044, 1551, 
-190, -575, -385, 383, 97, -480, 346, 575, 419, 873, 1049, 1551, 
-190, -575, -385, 383, 97, -480, 346, 575, 419, 873, 1049, 1551, 
-190, -575, -385, 383, 97, -480, 346, 575, 419, 873, 1049, 1551, 
-190, -575, -385, 383, 97, -480, 346, 575, 424, 873, 1039, 1551, 
-190, -575, -385, 383, 97, -480, 346, 580, 424, 873, 1034, 1551, 
-190, -575, -385, 383, 97, -480, 346, 580, 424, 873, 1034, 1556, 
-190, -575, -385, 383, 97, -480, 346, 575, 424, 873, 1039, 1556, 
-190, -566, -375, 378, 92, -470, 356, 575, 424, 863, 1039, 1556, 
-190, -566, -375, 378, 92, -470, 356, 575, 424, 863, 1034, 1556, 
-190, -566, -375, 378, 92, -470, 356, 575, 424, 863, 1034, 1556, 
-190, -566, -375, 378, 92, -470, 356, 575, 424, 863, 1034, 1551, 
-190, -566, -375, 378, 92, -470, 356, 575, 419, 863, 1044, 1551, 
-190, -566, -375, 378, 92, -470, 356, 575, 419, 863, 1044, 1551, 
-190, -566, -375, 378, 92, -470, 356, 575, 419, 863, 1044, 1551, 
-190, -566, -375, 378, 92, -470, 356, 575, 419, 863, 1044, 1551, 
-200, -566, -366, 383, 82, -466, 356, 575, 419, 863, 1034, 1542, 
-200, -566, -366, 383, 82, -466, 356, 575, 419, 863, 1034, 1542, 
-200, -566, -366, 383, 82, -466, 356, 575, 419, 858, 1034, 1542, 
-200, -566, -366, 383, 82, -466, 356, 575, 419, 858, 1034, 1542, 
-190, -580, -390, 385, 100, -485, 356, 575, 419, 858, 1034, 1542, 
-190, -580, -390, 385, 100, -485, 356, 575, 419, 858, 1034, 1542, 
-190, -580, -390, 385, 100, -485, 356, 575, 419, 858, 1034, 1542, 
-190, -580, -390, 385, 100, -485, 356, 575, 419, 858, 1034, 1542, 
-190, -580, -390, 385, 100, -485, 356, 566, 414, 858, 1034, 1532, 
-190, -580, -390, 385, 100, -485, 356, 566, 409, 858, 1034, 1527, 
-190, -580, -390, 385, 100, -485, 356, 566, 409, 858, 1029, 1527, 
-190, -580, -390, 385, 100, -485, 356, 566, 409, 858, 1029, 1527, 
-190, -580, -390, 385, 100, -485, 356, 566, 409, 858, 1024, 1527, 
-190, -580, -390, 385, 100, -485, 356, 566, 409, 858, 1024, 1527, 
-190, -580, -390, 385, 100, -485, 356, 566, 405, 858, 1024, 1527, 
-190, -580, -390, 385, 100, -485, 361, 561, 405, 858, 1024, 1527, 
-190, -585, -395, 387, 102, -490, 361, 566, 405, 858, 1024, 1527, 
-190, -585, -395, 387, 102, -490, 361, 566, 405, 858, 1024, 1527, 
-190, -585, -395, 387, 102, -490, 361, 566, 405, 858, 1024, 1527, 
-190, -585, -395, 387, 102, -490, 361, 566, 405, 858, 1024, 1527, 
-190, -585, -395, 387, 102, -490, 361, 566, 414, 858, 1024, 1527, 
-190, -585, -395, 387, 102, -490, 361, 566, 414, 858, 1024, 1522, 
-190, -585, -395, 387, 102, -490, 361, 566, 414, 854, 1024, 1522, 
-190, -585, -395, 387, 102, -490, 361, 561, 414, 854, 1024, 1522, 
-190, -585, -395, 387, 102, -490, 351, 551, 409, 844, 1024, 1522, 
-190, -585, -395, 387, 102, -490, 356, 551, 405, 844, 1019, 1522, 
-190, -585, -395, 387, 102, -490, 356, 551, 405, 844, 1019, 1517, 
-190, -585, -395, 387, 102, -490, 356, 551, 405, 844, 1019, 1517, 
-190, -585, -395, 387, 102, -490, 356, 551, 409, 854, 1019, 1527, 
-190, -595, -405, 392, 107, -500, 356, 551, 409, 854, 1019, 1527, 
-190, -595, -405, 392, 107, -500, 356, 546, 409, 854, 1019, 1522, 
-190, -590, -400, 390, 104, -495, 356, 546, 405, 854, 1019, 1522, 
-190, -590, -400, 390, 104, -495, 366, 546, 405, 854, 1010, 1512, 
-190, -590, -400, 390, 104, -495, 366, 541, 405, 854, 1010, 1512, 
-190, -590, -400, 390, 104, -495, 366, 541, 405, 854, 1010, 1512, 
-190, -590, -400, 390, 104, -495, 370, 541, 405, 858, 1010, 1512, 
-200, -585, -385, 392, 92, -485, 361, 551, 405, 858, 1010, 1512, 
-200, -585, -385, 392, 92, -485, 361, 546, 405, 849, 1010, 1512, 
-200, -585, -385, 392, 92, -485, 361, 546, 405, 849, 1010, 1512, 
-200, -585, -385, 392, 92, -485, 361, 546, 405, 849, 1010, 1512, 
-190, -585, -395, 387, 102, -490, 361, 546, 405, 849, 1005, 1507, 
-190, -585, -395, 387, 102, -490, 361, 546, 405, 849, 1005, 1503, 
-190, -585, -395, 387, 102, -490, 361, 546, 405, 849, 1005, 1503, 
-190, -585, -395, 387, 102, -490, 361, 546, 405, 849, 1005, 1507, 
-190, -585, -395, 387, 102, -490, 366, 541, 400, 849, 1015, 1503, 
-185, -585, -400, 385, 107, -492, 370, 546, 400, 849, 1015, 1503, 
-185, -585, -400, 385, 107, -492, 361, 536, 400, 849, 1015, 1503, 
-185, -585, -400, 385, 107, -492, 361, 536, 400, 849, 1015, 1503, 
-185, -585, -400, 385, 107, -492, 361, 536, 400, 849, 1015, 1503, 
-185, -585, -400, 385, 107, -492, 361, 536, 400, 849, 1015, 1503, 
-185, -595, -409, 390, 112, -502, 361, 536, 400, 849, 1005, 1503, 
-185, -595, -409, 390, 112, -502, 366, 536, 400, 849, 1005, 1503, 
-185, -595, -409, 390, 112, -502, 366, 536, 400, 854, 1005, 1503, 
-185, -595, -409, 390, 112, -502, 366, 536, 400, 854, 1005, 1503, 
-195, -590, -395, 392, 100, -492, 361, 536, 400, 844, 995, 1503, 
-195, -590, -395, 392, 100, -492, 361, 536, 400, 844, 995, 1503, 
-195, -590, -395, 392, 100, -492, 361, 536, 400, 839, 995, 1503, 
-195, -590, -395, 392, 100, -492, 361, 541, 400, 839, 990, 1503, 
-185, -600, -414, 392, 114, -507, 361, 531, 400, 849, 995, 1503, 
-185, -600, -414, 392, 114, -507, 366, 531, 400, 854, 1000, 1503, 
-185, -600, -414, 392, 114, -507, 366, 531, 405, 854, 1005, 1503, 
-185, -600, -414, 392, 114, -507, 366, 531, 405, 854, 1015, 1503, 
-185, -595, -409, 390, 112, -502, 366, 541, 405, 863, 1015, 1503, 
-180, -590, -409, 385, 114, -500, 366, 541, 405, 863, 1015, 1507, 
-180, -575, -395, 378, 107, -485, 370, 546, 409, 868, 1019, 1512, 
-175, -561, -385, 368, 104, -473, 380, 561, 414, 878, 1024, 1512, 
-175, -546, -370, 361, 97, -458, 385, 566, 424, 873, 1034, 1512, 
-170, -536, -366, 353, 97, -451, 390, 570, 429, 878, 1034, 1522, 
-165, -522, -356, 344, 95, -439, 395, 575, 434, 883, 1039, 1527, 
-165, -522, -356, 344, 95, -439, 405, 585, 444, 888, 1044, 1532, 
-165, -517, -351, 341, 92, -434, 409, 580, 463, 893, 1044, 1546, 
-161, -507, -346, 334, 92, -427, 424, 585, 468, 902, 1054, 1551, 
-156, -497, -341, 326, 92, -419, 429, 595, 483, 917, 1058, 1556, 
-156, -483, -326, 319, 85, -405, 434, 605, 488, 917, 1068, 1566, 
-151, -478, -326, 314, 87, -402, 434, 614, 488, 917, 1078, 1566, 
-151, -473, -322, 312, 85, -397, 434, 619, 492, 922, 1078, 1561, 
-151, -473, -322, 312, 85, -397, 439, 619, 492, 922, 1083, 1556, 
-156, -473, -317, 314, 80, -395, 444, 624, 497, 922, 1083, 1556, 
-156, -468, -312, 312, 78, -390, 434, 614, 497, 932, 1083, 1566, 
-156, -463, -307, 309, 75, -385, 434, 614, 502, 932, 1093, 1566, 
-156, -458, -302, 307, 73, -380, 434, 614, 507, 941, 1093, 1566, 
-156, -453, -297, 305, 70, -375, 429, 610, 512, 946, 1098, 1576, 
-156, -444, -287, 300, 65, -366, 424, 605, 512, 951, 1107, 1581, 
-161, -434, -273, 297, 56, -353, 424, 605, 517, 956, 1112, 1586, 
-161, -429, -268, 295, 53, -348, 419, 600, 517, 956, 1112, 1586, 
-161, -429, -268, 295, 53, -348, 414, 590, 517, 961, 1117, 1590, 
-156, -409, -253, 283, 48, -331, 405, 585, 527, 961, 1107, 1595, 
-146, -395, -248, 270, 51, -322, 400, 580, 527, 966, 1117, 1595, 
-141, -380, -239, 261, 48, -309, 390, 580, 536, 971, 1122, 1600, 
-141, -380, -239, 261, 48, -309, 380, 575, 527, 976, 1122, 1605, 
-126, -385, -258, 256, 65, -322, 356, 570, 512, 966, 1107, 1595, 
-126, -395, -268, 261, 70, -331, 351, 566, 507, 961, 1102, 1590, 
-126, -400, -273, 263, 73, -336, 346, 561, 502, 956, 1102, 1586, 
-117, -400, -283, 258, 82, -341, 346, 561, 497, 956, 1102, 1586, 
-122, -400, -278, 261, 78, -339, 351, 551, 497, 966, 1107, 1586, 
-117, -400, -283, 258, 82, -341, 346, 551, 497, 966, 1107, 1586, 
-117, -405, -287, 261, 85, -346, 341, 541, 488, 961, 1102, 1586, 
-122, -414, -292, 268, 85, -353, 331, 527, 478, 956, 1093, 1581, 
-112, -439, -326, 275, 107, -383, 312, 512, 458, 946, 1073, 1556, 
-112, -458, -346, 285, 117, -402, 312, 507, 444, 936, 1058, 1556, 
-117, -468, -351, 292, 117, -409, 312, 507, 434, 922, 1049, 1546, 
-136, -488, -351, 312, 107, -419, 317, 512, 434, 917, 1044, 1542, 
-161, -502, -341, 331, 90, -422, 336, 522, 434, 912, 1049, 1527, 
-175, -522, -346, 348, 85, -434, 341, 527, 434, 902, 1044, 1517, 
-185, -546, -361, 366, 87, -453, 351, 527, 424, 893, 1029, 1507, 
-185, -566, -380, 375, 97, -473, 351, 522, 414, 878, 1024, 1493, 
-185, -570, -385, 378, 100, -478, 361, 512, 409, 873, 1024, 1488, 
-190, -580, -390, 385, 100, -485, 361, 512, 405, 868, 1024, 1483, 
-190, -590, -400, 390, 104, -495, 356, 512, 400, 868, 1015, 1483, 
-190, -590, -400, 390, 104, -495, 356, 507, 395, 863, 1010, 1478, 
-190, -585, -395, 387, 102, -490, 346, 507, 405, 863, 1000, 1478, 
-185, -585, -400, 385, 107, -492, 341, 507, 405, 858, 1000, 1473, 
-185, -595, -409, 390, 112, -502, 341, 507, 400, 854, 995, 1468, 
-185, -600, -414, 392, 114, -507, 341, 497, 395, 849, 990, 1464, 
-185, -614, -429, 400, 122, -522, 341, 497, 390, 849, 985, 1459, 
-185, -614, -429, 400, 122, -522, 341, 497, 385, 844, 985, 1454, 
-185, -619, -434, 402, 124, -527, 341, 492, 385, 844, 985, 1454, 
-185, -619, -434, 402, 124, -527, 341, 492, 390, 844, 985, 1459, 
-185, -619, -434, 402, 124, -527, 341, 492, 390, 849, 985, 1459, 
-185, -619, -434, 402, 124, -527, 341, 497, 390, 849, 985, 1459, 
-185, -619, -434, 402, 124, -527, 341, 497, 390, 849, 985, 1459, 
-185, -619, -434, 402, 124, -527, 341, 497, 390, 849, 985, 1464, 
-195, -610, -414, 402, 109, -512, 341, 497, 390, 849, 980, 1454, 
-195, -614, -419, 405, 112, -517, 341, 497, 390, 849, 980, 1454, 
-195, -614, -419, 405, 112, -517, 341, 502, 390, 854, 980, 1449, 
-195, -614, -419, 405, 112, -517, 341, 502, 390, 854, 980, 1449, 
-185, -619, -434, 402, 124, -527, 341, 502, 400, 844, 990, 1449, 
-185, -610, -424, 397, 119, -517, 341, 502, 400, 849, 990, 1459, 
-180, -610, -429, 395, 124, -519, 341, 502, 405, 849, 990, 1459, 
-180, -614, -434, 397, 126, -524, 346, 522, 405, 844, 985, 1454, 
-180, -629, -448, 405, 134, -539, 361, 556, 405, 844, 976, 1444, 
-165, -649, -483, 407, 158, -566, 375, 605, 405, 814, 961, 1424, 
-165, -663, -497, 414, 165, -580, 405, 668, 414, 800, 956, 1405, 
-175, -688, -512, 431, 168, -600, 434, 732, 434, 790, 951, 1395, 
-175, -697, -522, 436, 173, -610, 468, 790, 463, 790, 951, 1381, 
-161, -697, -536, 429, 187, -617, 488, 849, 478, 775, 956, 1361, 
-131, -707, -575, 419, 222, -641, 502, 922, 483, 766, 946, 1351, 
-112, -707, -595, 409, 241, -651, 531, 1015, 497, 766, 946, 1351, 
-73, -688, -614, 380, 270, -651, 570, 1112, 541, 790, 980, 1366, 
-39, -649, -610, 344, 285, -629, 600, 1180, 580, 814, 1015, 1395, 
-4, -580, -575, 292, 285, -578, 580, 1190, 614, 858, 1078, 1434, 
24, -468, -492, 222, 258, -480, 546, 1127, 663, 946, 1171, 1517, 
34, -317, -351, 141, 192, -334, 497, 1029, 727, 1078, 1302, 1639, 
19, -102, -122, 41, 70, -112, 419, 834, 814, 1249, 1478, 1790, 
-19, 156, 175, -68, -97, 165, 302, 517, 878, 1454, 1664, 1986, 
-58, 385, 444, -163, -251, 414, 136, 175, 902, 1654, 1839, 2171, 
-87, 551, 639, -231, -363, 595, -43, -141, 902, 1810, 1986, 2327, 
-107, 697, 805, -295, -456, 751, -229, -429, 897, 1927, 2098, 2444, 
-112, 785, 897, -336, -505, 841, -385, -673, 888, 2010, 2181, 2527, 
-131, 805, 936, -336, -534, 871, -502, -819, 883, 2034, 2220, 2557, 
-151, 746, 897, -297, -524, 822, -595, -873, 839, 1991, 2191, 2518, 
-161, 605, 766, -222, -463, 685, -653, -902, 722, 1864, 2049, 2420, 
-195, 375, 570, -90, -383, 473, -644, -927, 541, 1678, 1805, 2249, 
-263, 122, 385, 70, -324, 253, -590, -980, 370, 1468, 1542, 2074, 
-331, -97, 234, 214, -283, 68, -541, -1024, 214, 1273, 1312, 1903, 
-356, -302, 53, 329, -204, -124, -517, -1015, 63, 1107, 1102, 1751, 
-346, -492, -146, 419, -100, -319, -483, -956, -78, 961, 936, 1620, 
-336, -639, -302, 488, -17, -470, -434, -834, -146, 849, 824, 1517, 
-322, -712, -390, 517, 34, -551, -356, -663, -146, 785, 766, 1449, 
-312, -771, -458, 541, 73, -614, -263, -488, -107, 746, 761, 1395, 
-317, -800, -483, 558, 82, -641, -190, -361, -58, 717, 761, 1376, 
-302, -800, -497, 551, 97, -649, -136, -278, -9, 717, 780, 1356, 
-273, -780, -507, 527, 117, -644, -87, -161, 43, 732, 795, 1356, 
-239, -741, -502, 490, 131, -622, -14, -29, 107, 751, 839, 1366, 
-214, -707, -492, 461, 139, -600, 82, 117, 170, 780, 868, 1381, 
-185, -683, -497, 434, 156, -590, 170, 248, 239, 805, 907, 1405, 
-175, -668, -492, 422, 158, -580, 248, 336, 287, 810, 922, 1405, 
-185, -663, -478, 424, 146, -570, 297, 395, 312, 814, 936, 1405, 
-185, -658, -473, 422, 143, -566, 317, 429, 341, 829, 951, 1415, 
-190, -639, -448, 414, 129, -544, 322, 448, 375, 839, 971, 1424, 
-190, -619, -429, 405, 119, -524, 317, 453, 390, 849, 985, 1434, 
-185, -610, -424, 397, 119, -517, 307, 468, 400, 854, 990, 1434, 
-180, -605, -424, 392, 122, -514, 317, 483, 405, 858, 1000, 1429, 
-185, -595, -409, 390, 112, -502, 322, 507, 409, 858, 1000, 1439, 
-180, -595, -414, 387, 117, -505, 341, 527, 409, 858, 1000, 1439, 
-175, -595, -419, 385, 122, -507, 356, 546, 409, 858, 1000, 1434, 
-175, -595, -419, 385, 122, -507, 366, 546, 414, 858, 995, 1434, 
-165, -600, -434, 383, 134, -517, 361, 546, 419, 863, 995, 1439, 
-165, -600, -434, 383, 134, -517, 361, 546, 419, 863, 1000, 1439, 
-170, -600, -429, 385, 129, -514, 361, 546, 424, 863, 1000, 1439, 
-170, -600, -429, 385, 129, -514, 356, 546, 424, 863, 1000, 1439, 
-170, -600, -429, 385, 129, -514, 361, 546, 429, 863, 1000, 1429, 
-165, -590, -424, 378, 129, -507, 361, 546, 429, 863, 1000, 1429, 
-165, -590, -424, 378, 129, -507, 366, 556, 429, 868, 1005, 1429, 
-165, -590, -424, 378, 129, -507, 366, 561, 429, 868, 1005, 1429, 
-156, -590, -434, 373, 139, -512, 375, 575, 444, 868, 995, 1434, 
-156, -590, -434, 373, 139, -512, 375, 575, 444, 868, 995, 1434, 
-156, -590, -434, 373, 139, -512, 375, 580, 444, 868, 995, 1434, 
-156, -590, -434, 373, 139, -512, 375, 580, 448, 868, 1000, 1434, 
-165, -575, -409, 370, 122, -492, 375, 570, 439, 858, 1000, 1434, 
-156, -575, -419, 366, 131, -497, 375, 570, 439, 863, 1000, 1434, 
-156, -575, -419, 366, 131, -497, 375, 570, 444, 868, 1000, 1434, 
-156, -575, -419, 366, 131, -497, 380, 575, 444, 868, 1005, 1439, 
-156, -580, -424, 368, 134, -502, 380, 575, 453, 868, 1005, 1439, 
-151, -580, -429, 366, 139, -505, 380, 575, 458, 868, 1005, 1439, 
-151, -570, -419, 361, 134, -495, 380, 580, 458, 868, 1005, 1439, 
-151, -570, -419, 361, 134, -495, 380, 580, 458, 868, 1005, 1439, 
-151, -570, -419, 361, 134, -495, 380, 580, 458, 883, 1015, 1434, 
-151, -566, -414, 358, 131, -490, 380, 585, 458, 883, 1019, 1434, 
-151, -566, -414, 358, 131, -490, 380, 585, 463, 883, 1024, 1434, 
-151, -566, -414, 358, 131, -490, 380, 590, 463, 888, 1024, 1434, 
-151, -556, -405, 353, 126, -480, 390, 590, 463, 897, 1029, 1434, 
-151, -551, -400, 351, 124, -475, 390, 600, 468, 893, 1034, 1434, 
-151, -551, -400, 351, 124, -475, 395, 600, 468, 893, 1034, 1439, 
-151, -551, -400, 351, 124, -475, 400, 600, 468, 902, 1034, 1444, 
-146, -551, -405, 348, 129, -478, 390, 600, 483, 893, 1034, 1444, 
-146, -551, -405, 348, 129, -478, 390, 605, 483, 893, 1034, 1444, 
-146, -546, -400, 346, 126, -473, 385, 605, 488, 897, 1029, 1444, 
-146, -546, -400, 346, 126, -473, 385, 614, 488, 897, 1029, 1444, 
-136, -551, -414, 344, 139, -483, 395, 614, 488, 897, 1034, 1444, 
-136, -546, -409, 341, 136, -478, 395, 614, 488, 902, 1039, 1444, 
-136, -541, -405, 339, 134, -473, 395, 614, 488, 902, 1044, 1449, 
-136, -536, -400, 336, 131, -468, 395, 619, 492, 902, 1044, 1454, 
-136, -536, -400, 336, 131, -468, 385, 629, 502, 917, 1049, 1444, 
-136, -531, -395, 334, 129, -463, 390, 629, 507, 917, 1049, 1444, 
-136, -531, -395, 334, 129, -463, 390, 639, 507, 922, 1049, 1449, 
-136, -527, -390, 331, 126, -458, 390, 639, 512, 922, 1049, 1449, 
-141, -517, -375, 329, 117, -446, 390, 649, 502, 912, 1044, 1449, 
-136, -512, -375, 324, 119, -444, 390, 653, 502, 907, 1049, 1449, 
-136, -512, -375, 324, 119, -444, 390, 653, 502, 907, 1049, 1449, 
-131, -507, -375, 319, 122, -441, 390, 663, 507, 912, 1049, 1449, 
-122, -517, -395, 319, 136, -456, 400, 663, 517, 927, 1054, 1454, 
-122, -512, -390, 317, 134, -451, 400, 668, 517, 927, 1054, 1454, 
-122, -502, -380, 312, 129, -441, 400, 673, 522, 932, 1054, 1454, 
-122, -502, -380, 312, 129, -441, 400, 678, 522, 932, 1058, 1459, 
-122, -502, -380, 312, 129, -441, 400, 673, 536, 936, 1068, 1454, 
-122, -497, -375, 309, 126, -436, 400, 678, 536, 936, 1078, 1454, 
-122, -492, -370, 307, 124, -431, 400, 683, 536, 941, 1078, 1454, 
-117, -492, -375, 305, 129, -434, 395, 688, 541, 941, 1078, 1459, 
-122, -492, -370, 307, 124, -431, 395, 692, 541, 932, 1068, 1459, 
-122, -488, -366, 305, 122, -427, 395, 702, 541, 936, 1073, 1459, 
-122, -483, -361, 302, 119, -422, 400, 707, 546, 941, 1083, 1464, 
-117, -483, -366, 300, 124, -424, 400, 717, 546, 941, 1083, 1468, 
-107, -468, -361, 287, 126, -414, 390, 722, 551, 961, 1093, 1473, 
-107, -463, -356, 285, 124, -409, 390, 732, 551, 961, 1098, 1473, 
-102, -458, -356, 280, 126, -407, 385, 736, 556, 966, 1098, 1473, 
-92, -453, -361, 273, 134, -407, 385, 751, 556, 966, 1107, 1473, 
-87, -448, -361, 268, 136, -405, 380, 751, 566, 971, 1112, 1483, 
-87, -444, -356, 265, 134, -400, 380, 756, 566, 976, 1117, 1488, 
-87, -434, -346, 261, 129, -390, 380, 771, 570, 980, 1122, 1493, 
-82, -424, -341, 253, 129, -383, 380, 785, 575, 985, 1127, 1498, 
-78, -414, -336, 246, 129, -375, 380, 795, 590, 990, 1132, 1498, 
-73, -419, -346, 246, 136, -383, 385, 814, 590, 995, 1141, 1503, 
