I, II, III, aVR, aVL, aVF, V1, V2, V3, V4, V5, V6, 
-234, -97, 136, 165, -185, 19, 165, 156, 175, 185, 136, 253, 
-234, -97, 136, 165, -185, 19, 165, 156, 175, 185, 136, 253, 
-234, -97, 136, 165, -185, 19, 165, 156, 175, 185, 136, 253, 
-234, -97, 136, 165, -185, 19, 165, 156, 175, 185, 136, 253, 
-244, -97, 146, 170, -195, 24, 156, 156, 175, 175, 126, 253, 
-244, -97, 146, 170, -195, 24, 156, 156, 175, 175, 126, 253, 
-244, -97, 146, 170, -195, 24, 156, 156, 175, 175, 126, 253, 
-244, -97, 146, 170, -195, 24, 156, 156, 175, 175, 126, 253, 
-258, -117, 141, 187, -200, 12, 146, 156, 170, 170, 117, 244, 
-273, -136, 136, 204, -204, 0, 146, 156, 165, 165, 117, 234, 
-287, -156, 131, 222, -209, -12, 146, 156, 161, 161, 117, 224, 
-302, -175, 126, 239, -214, -24, 146, 156, 156, 156, 117, 214, 
-287, -165, 122, 226, -204, -21, 156, 161, 170, 170, 122, 224, 
-283, -156, 126, 219, -204, -14, 156, 165, 175, 175, 126, 234, 
-278, -146, 131, 212, -204, -7, 156, 170, 180, 180, 131, 244, 
-273, -136, 136, 204, -204, 0, 156, 175, 185, 185, 136, 253, 
-283, -136, 146, 209, -214, 4, 156, 165, 185, 185, 126, 244, 
-283, -136, 146, 209, -214, 4, 156, 165, 185, 185, 126, 244, 
-283, -136, 146, 209, -214, 4, 156, 165, 185, 185, 126, 244, 
-283, -136, 146, 209, -214, 4, 156, 165, 185, 185, 126, 244, 
-273, -131, 141, 202, -207, 4, 156, 175, 195, 185, 131, 244, 
-263, -126, 136, 195, -200, 4, 156, 175, 195, 185, 136, 244, 
-253, -122, 131, 187, -192, 4, 156, 175, 195, 185, 141, 244, 
-244, -117, 126, 180, -185, 4, 156, 175, 195, 185, 146, 244, 
-244, -126, 117, 185, -180, -4, 156, 175, 204, 185, 141, 244, 
-244, -126, 117, 185, -180, -4, 156, 175, 204, 185, 136, 244, 
-244, -126, 117, 185, -180, -4, 156, 175, 204, 185, 131, 244, 
-244, -126, 117, 185, -180, -4, 156, 175, 204, 185, 126, 244, 
-253, -126, 126, 190, -190, 0, 161, 180, 204, 195, 131, 248, 
-253, -126, 126, 190, -190, 0, 165, 185, 204, 195, 136, 253, 
-253, -126, 126, 190, -190, 0, 170, 190, 204, 195, 141, 258, 
-253, -126, 126, 190, -190, 0, 175, 195, 204, 195, 146, 263, 
-258, -126, 131, 192, -195, 2, 165, 185, 209, 195, 146, 253, 
-263, -126, 136, 195, -200, 4, 165, 185, 214, 195, 146, 253, 
-268, -126, 141, 197, -204, 7, 165, 185, 219, 195, 146, 253, 
-273, -126, 146, 200, -209, 9, 165, 185, 224, 195, 146, 253, 
-258, -117, 141, 187, -200, 12, 165, 185, 214, 204, 146, 263, 
-253, -117, 136, 185, -195, 9, 165, 185, 214, 204, 146, 263, 
-248, -117, 131, 183, -190, 7, 165, 185, 214, 204, 146, 263, 
-244, -117, 126, 180, -185, 4, 165, 185, 214, 204, 146, 263, 
-239, -107, 131, 173, -185, 12, 165, 175, 214, 195, 146, 253, 
-234, -107, 126, 170, -180, 9, 165, 175, 214, 195, 146, 253, 
-229, -107, 122, 168, -175, 7, 165, 175, 214, 195, 146, 253, 
-224, -107, 117, 165, -170, 4, 165, 175, 214, 195, 146, 253, 
-224, -102, 122, 163, -173, 9, 175, 185, 219, 204, 146, 258, 
-224, -97, 126, 161, -175, 14, 175, 185, 224, 204, 146, 263, 
-224, -92, 131, 158, -178, 19, 175, 185, 229, 204, 146, 268, 
-224, -87, 136, 156, -180, 24, 175, 185, 234, 204, 146, 273, 
-229, -102, 126, 165, -178, 12, 165, 175, 229, 200, 136, 263, 
-234, -107, 126, 170, -180, 9, 165, 175, 224, 195, 136, 253, 
-239, -112, 126, 175, -183, 7, 165, 175, 219, 190, 136, 244, 
-244, -117, 126, 180, -185, 4, 165, 175, 214, 185, 136, 234, 
-268, -126, 141, 197, -204, 7, 161, 165, 209, 180, 122, 234, 
-283, -136, 146, 209, -214, 4, 156, 165, 204, 175, 117, 234, 
-297, -146, 151, 222, -224, 2, 151, 165, 200, 170, 112, 234, 
-312, -156, 156, 234, -234, 0, 146, 165, 195, 165, 107, 234, 
-302, -151, 151, 226, -226, 0, 156, 156, 204, 170, 112, 244, 
-292, -146, 146, 219, -219, 0, 156, 156, 204, 175, 117, 244, 
-283, -141, 141, 212, -212, 0, 156, 156, 204, 180, 122, 244, 
-273, -136, 136, 204, -204, 0, 156, 156, 204, 185, 126, 244, 
-273, -131, 141, 202, -207, 4, 165, 165, 204, 170, 122, 239, 
-273, -126, 146, 200, -209, 9, 165, 165, 204, 165, 117, 234, 
-273, -122, 151, 197, -212, 14, 165, 165, 204, 161, 112, 229, 
-273, -117, 156, 195, -214, 19, 165, 165, 204, 156, 107, 224, 
-278, -117, 161, 197, -219, 21, 165, 175, 214, 161, 117, 229, 
-283, -117, 165, 200, -224, 24, 165, 175, 214, 165, 117, 234, 
-287, -117, 170, 202, -229, 26, 165, 175, 214, 170, 117, 239, 
-292, -117, 175, 204, -234, 29, 165, 175, 214, 175, 117, 244, 
-287, -126, 161, 207, -224, 17, 165, 170, 214, 165, 107, 239, 
-283, -126, 156, 204, -219, 14, 165, 165, 214, 165, 107, 234, 
-278, -126, 151, 202, -214, 12, 165, 161, 214, 165, 107, 229, 
-273, -126, 146, 200, -209, 9, 165, 156, 214, 165, 107, 224, 
-263, -112, 151, 187, -207, 19, 165, 146, 204, 165, 97, 234, 
-253, -107, 146, 180, -200, 19, 165, 146, 204, 165, 97, 234, 
-244, -102, 141, 173, -192, 19, 165, 146, 204, 165, 97, 234, 
-234, -97, 136, 165, -185, 19, 165, 146, 204, 165, 97, 234, 
-253, -112, 141, 183, -197, 14, 165, 146, 214, 156, 97, 229, 
-263, -117, 146, 190, -204, 14, 165, 146, 214, 156, 97, 224, 
-273, -122, 151, 197, -212, 14, 165, 146, 214, 156, 97, 219, 
-283, -126, 156, 204, -219, 14, 165, 146, 214, 156, 97, 214, 
-283, -117, 165, 200, -224, 24, 165, 156, 219, 156, 107, 224, 
-278, -117, 161, 197, -219, 21, 165, 156, 224, 156, 107, 224, 
-278, -117, 161, 197, -219, 21, 165, 156, 224, 156, 107, 224, 
-283, -117, 165, 200, -224, 24, 165, 156, 229, 156, 107, 224, 
-278, -102, 175, 190, -226, 36, 175, 156, 234, 156, 97, 224, 
-263, -97, 165, 180, -214, 34, 175, 156, 234, 161, 102, 229, 
-258, -97, 161, 178, -209, 31, 175, 156, 234, 161, 107, 229, 
-258, -97, 161, 178, -209, 31, 170, 156, 234, 156, 107, 229, 
-268, -102, 165, 185, -217, 31, 161, 151, 234, 156, 102, 219, 
-273, -107, 165, 190, -219, 29, 165, 151, 229, 156, 102, 219, 
-273, -102, 170, 187, -222, 34, 170, 156, 239, 161, 107, 224, 
-263, -92, 170, 178, -217, 39, 170, 156, 244, 170, 112, 229, 
-273, -78, 195, 175, -234, 58, 175, 161, 263, 190, 131, 234, 
-273, -78, 195, 175, -234, 58, 185, 170, 273, 195, 136, 248, 
-268, -58, 209, 163, -239, 75, 190, 175, 278, 200, 141, 253, 
-258, -53, 204, 156, -231, 75, 195, 180, 292, 200, 146, 258, 
-253, -43, 209, 148, -231, 82, 200, 180, 287, 195, 146, 258, 
-248, -29, 219, 139, -234, 95, 200, 185, 292, 195, 151, 258, 
-229, -19, 209, 124, -219, 95, 195, 185, 297, 204, 151, 258, 
-219, -19, 200, 119, -209, 90, 195, 190, 302, 209, 151, 258, 
-214, -29, 185, 122, -200, 78, 190, 190, 307, 224, 161, 263, 
-204, -24, 180, 114, -192, 78, 185, 200, 307, 224, 165, 268, 
-190, -24, 165, 107, -178, 70, 180, 200, 307, 224, 165, 278, 
-175, -14, 161, 95, -168, 73, 175, 209, 312, 224, 170, 287, 
-175, -14, 161, 95, -168, 73, 170, 204, 312, 219, 156, 283, 
-180, -29, 151, 104, -165, 61, 170, 214, 312, 219, 151, 278, 
-185, -29, 156, 107, -170, 63, 175, 219, 317, 214, 151, 273, 
-185, -34, 151, 109, -168, 58, 180, 219, 317, 204, 146, 268, 
-195, -48, 146, 122, -170, 48, 190, 229, 317, 200, 136, 263, 
-214, -58, 156, 136, -185, 48, 185, 219, 307, 200, 131, 253, 
-219, -73, 146, 146, -183, 36, 185, 209, 302, 190, 126, 253, 
-224, -78, 146, 151, -185, 34, 170, 200, 292, 185, 122, 248, 
-219, -68, 151, 143, -185, 41, 161, 185, 273, 190, 126, 248, 
-229, -87, 141, 158, -185, 26, 156, 180, 258, 175, 117, 239, 
-234, -92, 141, 163, -187, 24, 151, 170, 248, 170, 117, 239, 
-219, -92, 126, 156, -173, 17, 146, 170, 244, 170, 122, 239, 
-214, -92, 122, 153, -168, 14, 156, 175, 253, 165, 117, 244, 
-209, -97, 112, 153, -161, 7, 156, 175, 253, 165, 112, 239, 
-204, -92, 112, 148, -158, 9, 161, 175, 253, 161, 107, 234, 
-209, -87, 122, 148, -165, 17, 161, 170, 248, 156, 92, 234, 
-219, -102, 117, 161, -168, 7, 151, 151, 239, 156, 102, 219, 
-224, -107, 117, 165, -170, 4, 151, 146, 239, 156, 102, 219, 
-229, -112, 117, 170, -173, 2, 161, 151, 244, 156, 102, 224, 
-239, -117, 122, 178, -180, 2, 165, 146, 244, 156, 102, 224, 
-258, -112, 146, 185, -202, 17, 165, 156, 248, 151, 107, 234, 
-268, -112, 156, 190, -212, 21, 165, 156, 248, 151, 107, 234, 
-273, -107, 165, 190, -219, 29, 161, 151, 248, 151, 112, 234, 
-278, -107, 170, 192, -224, 31, 161, 151, 244, 151, 112, 234, 
-278, -122, 156, 200, -217, 17, 156, 151, 244, 141, 107, 219, 
-283, -136, 146, 209, -214, 4, 156, 151, 244, 141, 97, 214, 
-292, -141, 151, 217, -222, 4, 161, 151, 244, 141, 87, 214, 
-297, -151, 146, 224, -222, -2, 161, 156, 244, 141, 78, 209, 
-287, -141, 146, 214, -217, 2, 175, 146, 239, 136, 82, 219, 
-292, -136, 156, 214, -224, 9, 180, 136, 234, 136, 82, 214, 
-297, -131, 165, 214, -231, 17, 180, 131, 234, 136, 82, 209, 
-302, -122, 180, 212, -241, 29, 185, 131, 234, 141, 87, 209, 
-307, -126, 180, 217, -244, 26, 185, 122, 219, 136, 82, 195, 
-292, -131, 161, 212, -226, 14, 180, 117, 219, 131, 73, 190, 
-287, -131, 156, 209, -222, 12, 170, 117, 219, 126, 68, 185, 
-287, -136, 151, 212, -219, 7, 165, 117, 219, 122, 68, 180, 
-312, -161, 151, 236, -231, -4, 165, 122, 229, 122, 63, 185, 
-326, -165, 161, 246, -244, -2, 170, 126, 229, 122, 63, 185, 
-341, -165, 175, 253, -258, 4, 170, 126, 229, 122, 63, 180, 
-346, -170, 175, 258, -261, 2, 170, 126, 229, 122, 58, 180, 
-341, -161, 180, 251, -261, 9, 161, 131, 229, 122, 68, 190, 
-341, -161, 180, 251, -261, 9, 161, 131, 229, 122, 68, 190, 
-336, -161, 175, 248, -256, 7, 161, 131, 229, 122, 68, 190, 
-322, -161, 161, 241, -241, 0, 161, 126, 229, 122, 68, 190, 
-317, -146, 170, 231, -244, 12, 170, 126, 239, 131, 68, 195, 
-317, -136, 180, 226, -248, 21, 170, 126, 239, 131, 68, 195, 
-312, -131, 180, 222, -246, 24, 170, 131, 239, 136, 68, 195, 
-307, -126, 180, 217, -244, 26, 170, 131, 239, 136, 68, 195, 
-297, -126, 170, 212, -234, 21, 180, 131, 239, 126, 68, 195, 
-297, -131, 165, 214, -231, 17, 180, 131, 239, 122, 68, 195, 
-317, -136, 180, 226, -248, 21, 180, 131, 244, 122, 68, 195, 
-317, -136, 180, 226, -248, 21, 180, 131, 244, 122, 68, 190, 
-312, -136, 175, 224, -244, 19, 170, 131, 253, 131, 78, 195, 
-312, -131, 180, 222, -246, 24, 170, 131, 253, 131, 78, 200, 
-312, -122, 190, 217, -251, 34, 170, 131, 253, 131, 82, 204, 
-307, -122, 185, 214, -246, 31, 170, 131, 253, 131, 82, 209, 
-297, -117, 180, 207, -239, 31, 175, 141, 253, 131, 73, 200, 
-292, -112, 180, 202, -236, 34, 180, 141, 253, 131, 73, 200, 
-292, -107, 185, 200, -239, 39, 185, 136, 258, 136, 73, 200, 
-297, -102, 195, 200, -246, 46, 190, 136, 268, 136, 73, 200, 
-312, -122, 190, 217, -251, 34, 190, 141, 258, 126, 68, 190, 
-341, -156, 185, 248, -263, 14, 180, 151, 253, 126, 58, 180, 
-336, -161, 175, 248, -256, 7, 190, 180, 278, 136, 68, 180, 
-287, -112, 175, 200, -231, 31, 209, 248, 336, 170, 92, 200, 
-248, -68, 180, 158, -214, 56, 239, 331, 400, 214, 136, 234, 
-258, -68, 190, 163, -224, 61, 263, 405, 463, 273, 180, 268, 
-239, -43, 195, 141, -217, 75, 263, 453, 536, 346, 244, 307, 
-200, 19, 219, 90, -209, 119, 244, 468, 614, 453, 331, 375, 
-170, 82, 253, 43, -212, 168, 190, 409, 673, 561, 448, 468, 
-161, 126, 287, 17, -224, 207, 122, 317, 707, 678, 590, 580, 
-117, 214, 331, -48, -224, 273, 53, 224, 717, 819, 746, 727, 
-14, 356, 370, -170, -192, 363, -34, 122, 736, 971, 932, 902, 
63, 448, 385, -256, -161, 417, -165, -48, 722, 1107, 1083, 1054, 
107, 502, 395, -305, -143, 448, -317, -248, 668, 1190, 1195, 1166, 
151, 546, 395, -348, -122, 470, -424, -390, 580, 1190, 1220, 1210, 
209, 575, 366, -392, -78, 470, -502, -527, 444, 1083, 1132, 1166, 
219, 541, 322, -380, -51, 431, -541, -673, 253, 878, 956, 1063, 
165, 463, 297, -314, -65, 380, -590, -814, 48, 658, 756, 917, 
87, 380, 292, -234, -102, 336, -614, -922, -146, 429, 551, 771, 
68, 302, 234, -185, -82, 268, -610, -980, -331, 190, 326, 595, 
29, 209, 180, -119, -75, 195, -580, -1024, -488, -19, 117, 419, 
-29, 87, 117, -29, -73, 102, -531, -1000, -590, -165, -34, 292, 
-29, -14, 14, 21, -21, 0, -488, -932, -634, -268, -131, 204, 
-24, -82, -58, 53, 17, -70, -434, -858, -658, -331, -214, 131, 
-82, -117, -34, 100, -24, -75, -366, -780, -605, -361, -253, 82, 
-175, -136, 39, 156, -107, -48, -287, -683, -507, -336, -248, 68, 
-204, -141, 63, 173, -134, -39, -229, -570, -419, -297, -239, 48, 
-214, -141, 73, 178, -143, -34, -175, -458, -346, -268, -229, 48, 
-214, -131, 82, 173, -148, -24, -131, -346, -283, -234, -204, 63, 
-234, -117, 117, 175, -175, 0, -82, -229, -200, -175, -151, 87, 
-258, -107, 151, 183, -204, 21, -19, -102, -107, -112, -107, 112, 
-263, -107, 156, 185, -209, 24, 48, -14, -14, -63, -73, 122, 
-278, -117, 161, 197, -219, 21, 68, 24, 43, -29, -58, 112, 
-331, -136, 195, 234, -263, 29, 92, 39, 107, 4, -43, 122, 
-312, -107, 204, 209, -258, 48, 112, 48, 156, 29, -29, 136, 
-263, -78, 185, 170, -224, 53, 112, 58, 180, 48, -4, 146, 
-273, -82, 190, 178, -231, 53, 122, 53, 195, 63, 14, 161, 
-292, -82, 209, 187, -251, 63, 131, 68, 209, 82, 34, 175, 
-268, -82, 185, 175, -226, 51, 136, 82, 219, 78, 34, 180, 
-268, -87, 180, 178, -224, 46, 156, 112, 244, 82, 39, 180, 
-297, -87, 209, 192, -253, 61, 185, 146, 258, 82, 39, 175, 
-312, -87, 224, 200, -268, 68, 190, 161, 278, 92, 39, 165, 
-307, -78, 229, 192, -268, 75, 195, 170, 283, 97, 48, 170, 
-307, -78, 229, 192, -268, 75, 195, 161, 292, 102, 48, 165, 
-302, -78, 224, 190, -263, 73, 195, 161, 297, 107, 48, 170, 
-302, -82, 219, 192, -261, 68, 190, 151, 302, 112, 48, 175, 
-312, -97, 214, 204, -263, 58, 185, 136, 312, 102, 48, 165, 
-312, -107, 204, 209, -258, 48, 185, 136, 312, 102, 48, 170, 
-317, -112, 204, 214, -261, 46, 190, 146, 312, 107, 48, 170, 
-326, -117, 209, 222, -268, 46, 195, 156, 317, 107, 53, 170, 
-322, -107, 214, 214, -268, 53, 195, 161, 312, 107, 43, 175, 
-326, -112, 214, 219, -270, 51, 200, 170, 312, 117, 48, 175, 
-331, -112, 219, 222, -275, 53, 200, 170, 307, 117, 48, 175, 
-331, -112, 219, 222, -275, 53, 200, 170, 302, 112, 48, 175, 
-326, -97, 229, 212, -278, 65, 185, 165, 307, 112, 43, 175, 
-317, -97, 219, 207, -268, 61, 180, 161, 307, 112, 43, 175, 
-307, -92, 214, 200, -261, 61, 180, 161, 312, 107, 48, 175, 
-302, -92, 209, 197, -256, 58, 180, 161, 317, 107, 48, 175, 
-317, -102, 214, 209, -265, 56, 185, 161, 326, 122, 58, 190, 
-322, -107, 214, 214, -268, 53, 190, 161, 326, 122, 63, 190, 
-326, -107, 219, 217, -273, 56, 200, 175, 331, 126, 68, 190, 
-341, -107, 234, 224, -287, 63, 209, 185, 331, 126, 68, 190, 
-346, -107, 239, 226, -292, 65, 200, 165, 326, 117, 53, 185, 
-341, -102, 239, 222, -290, 68, 200, 161, 326, 117, 53, 180, 
-346, -102, 244, 224, -295, 70, 200, 161, 326, 117, 53, 175, 
-351, -102, 248, 226, -300, 73, 195, 161, 326, 117, 53, 170, 
-336, -107, 229, 222, -283, 61, 185, 161, 322, 112, 48, 180, 
-336, -107, 229, 222, -283, 61, 185, 156, 322, 112, 48, 180, 
-336, -107, 229, 222, -283, 61, 185, 156, 322, 112, 48, 180, 
-331, -107, 224, 219, -278, 58, 185, 156, 326, 107, 48, 180, 
-312, -92, 219, 202, -265, 63, 200, 170, 331, 112, 53, 180, 
-312, -82, 229, 197, -270, 73, 209, 175, 336, 117, 58, 180, 
-312, -78, 234, 195, -273, 78, 214, 180, 341, 122, 68, 180, 
-312, -73, 239, 192, -275, 82, 219, 180, 346, 126, 73, 180, 
-322, -82, 239, 202, -280, 78, 200, 170, 336, 117, 63, 180, 
-336, -92, 244, 214, -290, 75, 195, 165, 336, 122, 63, 180, 
-346, -102, 244, 224, -295, 70, 190, 161, 336, 122, 63, 180, 
-356, -112, 244, 234, -300, 65, 180, 161, 336, 122, 63, 180, 
-322, -92, 229, 207, -275, 68, 185, 161, 341, 117, 53, 180, 
-326, -87, 239, 207, -283, 75, 190, 161, 341, 117, 53, 180, 
-326, -82, 244, 204, -285, 80, 200, 165, 346, 117, 53, 180, 
-322, -78, 244, 200, -283, 82, 204, 165, 346, 117, 53, 180, 
-322, -87, 234, 204, -278, 73, 204, 175, 356, 126, 63, 180, 
-326, -87, 239, 207, -283, 75, 204, 180, 356, 126, 63, 180, 
-326, -87, 239, 207, -283, 75, 204, 180, 356, 126, 68, 180, 
-326, -87, 239, 207, -283, 75, 204, 175, 351, 126, 68, 180, 
-317, -73, 244, 195, -280, 85, 190, 170, 341, 117, 58, 180, 
-307, -68, 239, 187, -273, 85, 185, 165, 341, 117, 53, 180, 
-307, -68, 239, 187, -273, 85, 185, 161, 341, 117, 53, 180, 
-307, -78, 229, 192, -268, 75, 190, 156, 346, 117, 53, 180, 
-312, -82, 229, 197, -270, 73, 180, 165, 346, 122, 63, 180, 
-317, -82, 234, 200, -275, 75, 175, 165, 346, 122, 63, 180, 
-322, -87, 234, 204, -278, 73, 175, 165, 346, 122, 63, 185, 
-326, -102, 224, 214, -275, 61, 175, 165, 351, 122, 68, 190, 
-312, -78, 234, 195, -273, 78, 180, 175, 351, 122, 58, 190, 
-307, -68, 239, 187, -273, 85, 185, 180, 356, 122, 63, 190, 
-302, -53, 248, 178, -275, 97, 190, 180, 356, 126, 73, 190, 
-297, -48, 248, 173, -273, 100, 195, 180, 356, 126, 73, 190, 
-297, -53, 244, 175, -270, 95, 175, 170, 366, 126, 63, 190, 
-292, -58, 234, 175, -263, 87, 175, 170, 366, 126, 63, 190, 
-292, -63, 229, 178, -261, 82, 180, 170, 366, 131, 68, 190, 
-302, -68, 234, 185, -268, 82, 180, 175, 370, 136, 68, 200, 
-307, -63, 244, 185, -275, 90, 185, 185, 380, 146, 82, 204, 
-307, -58, 248, 183, -278, 95, 185, 185, 370, 146, 78, 204, 
-312, -53, 258, 183, -285, 102, 185, 180, 370, 146, 82, 204, 
-312, -39, 273, 175, -292, 117, 185, 180, 370, 146, 92, 209, 
-322, -53, 268, 187, -295, 107, 175, 180, 370, 151, 92, 209, 
-322, -58, 263, 190, -292, 102, 170, 185, 380, 151, 97, 214, 
-312, -58, 253, 185, -283, 97, 165, 190, 380, 161, 107, 214, 
-312, -63, 248, 187, -280, 92, 156, 190, 380, 161, 107, 214, 
-302, -63, 239, 183, -270, 87, 151, 175, 375, 151, 97, 214, 
-302, -63, 239, 183, -270, 87, 146, 175, 375, 151, 97, 219, 
-292, -63, 229, 178, -261, 82, 146, 175, 380, 156, 102, 224, 
-292, -48, 244, 170, -268, 97, 146, 180, 385, 161, 107, 234, 
-297, -39, 258, 168, -278, 109, 151, 180, 385, 175, 122, 244, 
-287, -34, 253, 161, -270, 109, 151, 180, 385, 180, 126, 248, 
-283, -34, 248, 158, -265, 107, 151, 180, 385, 185, 131, 253, 
-278, -24, 253, 151, -265, 114, 141, 185, 390, 190, 136, 258, 
-273, 4, 278, 134, -275, 141, 141, 185, 400, 185, 141, 268, 
-268, -4, 263, 136, -265, 129, 136, 180, 400, 185, 151, 273, 
-263, -4, 258, 134, -261, 126, 131, 180, 395, 190, 151, 273, 
-253, -4, 248, 129, -251, 122, 122, 180, 395, 190, 156, 278, 
-253, -14, 239, 134, -246, 112, 122, 180, 390, 195, 151, 273, 
-253, -9, 244, 131, -248, 117, 112, 180, 395, 200, 156, 278, 
-253, 0, 253, 126, -253, 126, 107, 175, 395, 200, 156, 283, 
-248, 4, 253, 122, -251, 129, 107, 175, 390, 204, 161, 287, 
-248, 0, 248, 124, -248, 124, 92, 165, 390, 195, 156, 292, 
-248, 0, 248, 124, -248, 124, 87, 161, 390, 195, 161, 297, 
-244, 0, 244, 122, -244, 122, 78, 156, 390, 200, 165, 297, 
-244, -4, 239, 124, -241, 117, 78, 151, 385, 209, 165, 302, 
-239, 19, 258, 109, -248, 139, 87, 156, 385, 224, 175, 317, 
-229, 29, 258, 100, -244, 143, 82, 151, 385, 224, 185, 322, 
-219, 43, 263, 87, -241, 153, 78, 156, 385, 224, 190, 326, 
-214, 48, 263, 82, -239, 156, 73, 161, 385, 224, 195, 331, 
-224, 39, 263, 92, -244, 151, 82, 170, 385, 234, 209, 336, 
-224, 34, 258, 95, -241, 146, 78, 165, 385, 234, 209, 336, 
-219, 34, 253, 92, -236, 143, 78, 165, 380, 234, 209, 336, 
-209, 34, 244, 87, -226, 139, 73, 161, 375, 234, 209, 336, 
-209, 39, 248, 85, -229, 143, 58, 151, 385, 224, 200, 326, 
-209, 48, 258, 80, -234, 153, 58, 151, 390, 224, 204, 331, 
-209, 48, 258, 80, -234, 153, 58, 151, 390, 229, 204, 331, 
-209, 53, 263, 78, -236, 158, 63, 151, 390, 229, 214, 336, 
-204, 63, 268, 70, -236, 165, 73, 161, 390, 229, 204, 346, 
-204, 48, 253, 78, -229, 151, 63, 151, 385, 224, 195, 346, 
-204, 48, 253, 78, -229, 151, 63, 151, 385, 224, 195, 341, 
-204, 53, 258, 75, -231, 156, 68, 151, 390, 229, 195, 341, 
-204, 63, 268, 70, -236, 165, 78, 156, 390, 239, 204, 331, 
-204, 58, 263, 73, -234, 161, 73, 156, 385, 239, 204, 331, 
-204, 58, 263, 73, -234, 161, 73, 156, 385, 239, 204, 331, 
-209, 58, 268, 75, -239, 163, 78, 161, 385, 239, 204, 331, 
-224, 48, 273, 87, -248, 161, 73, 151, 390, 229, 195, 326, 
-229, 39, 268, 95, -248, 153, 73, 151, 390, 224, 190, 317, 
-244, 24, 268, 109, -256, 146, 73, 146, 390, 219, 180, 317, 
-258, 19, 278, 119, -268, 148, 82, 146, 390, 219, 180, 317, 
-258, 29, 287, 114, -273, 158, 82, 151, 405, 209, 180, 312, 
-258, 29, 287, 114, -273, 158, 87, 151, 405, 209, 175, 297, 
-253, 14, 268, 119, -261, 141, 87, 151, 409, 209, 175, 292, 
-268, 14, 283, 126, -275, 148, 87, 151, 409, 209, 170, 283, 
-268, 19, 287, 124, -278, 153, 107, 161, 414, 214, 175, 292, 
-268, 24, 292, 122, -280, 158, 112, 165, 414, 209, 170, 292, 
-273, 24, 297, 124, -285, 161, 112, 165, 414, 209, 170, 292, 
-278, 29, 307, 124, -292, 168, 117, 170, 419, 209, 165, 297, 
-268, 19, 287, 124, -278, 153, 112, 180, 409, 195, 156, 287, 
-273, 19, 292, 126, -283, 156, 117, 175, 409, 190, 151, 273, 
-278, 14, 292, 131, -285, 153, 117, 175, 409, 190, 151, 263, 
-283, 4, 287, 139, -285, 146, 122, 180, 409, 190, 151, 258, 
-307, -9, 297, 158, -302, 143, 136, 180, 414, 190, 156, 263, 
-312, -24, 287, 168, -300, 131, 141, 180, 419, 190, 151, 263, 
-317, -34, 283, 175, -300, 124, 146, 180, 419, 195, 141, 258, 
-326, -43, 283, 185, -305, 119, 146, 180, 424, 200, 141, 253, 
-326, -34, 292, 180, -309, 129, 156, 190, 429, 180, 136, 258, 
-326, -24, 302, 175, -314, 139, 156, 185, 429, 175, 131, 253, 
-322, -9, 312, 165, -317, 151, 156, 185, 429, 165, 122, 248, 
-317, 4, 322, 156, -319, 163, 165, 185, 429, 165, 117, 244, 
-326, -9, 317, 168, -322, 153, 165, 175, 419, 175, 117, 229, 
-326, -19, 307, 173, -317, 143, 161, 175, 414, 175, 117, 229, 
-346, -24, 322, 185, -334, 148, 161, 170, 414, 175, 117, 224, 
-346, -29, 317, 187, -331, 143, 156, 170, 409, 165, 112, 224, 
-351, -34, 317, 192, -334, 141, 156, 170, 414, 156, 97, 224, 
-351, -39, 312, 195, -331, 136, 156, 170, 414, 151, 97, 224, 
-356, -48, 307, 202, -331, 129, 156, 165, 414, 151, 92, 214, 
-356, -53, 302, 204, -329, 124, 156, 161, 414, 146, 87, 214, 
-351, -53, 297, 202, -324, 122, 165, 151, 414, 146, 82, 204, 
-366, -58, 307, 212, -336, 124, 165, 151, 409, 146, 82, 204, 
-370, -58, 312, 214, -341, 126, 165, 156, 405, 146, 92, 204, 
-375, -58, 317, 217, -346, 129, 165, 156, 405, 146, 82, 204, 
-375, -58, 317, 217, -346, 129, 185, 161, 409, 151, 92, 209, 
-380, -58, 322, 219, -351, 131, 185, 161, 409, 151, 92, 214, 
-385, -58, 326, 222, -356, 134, 185, 161, 409, 146, 87, 219, 
-390, -58, 331, 224, -361, 136, 180, 161, 405, 146, 87, 224, 
-385, -53, 331, 219, -358, 139, 180, 156, 400, 136, 82, 214, 
-385, -48, 336, 217, -361, 143, 180, 156, 400, 136, 82, 204, 
-375, -43, 331, 209, -353, 143, 185, 156, 395, 136, 82, 204, 
-366, -39, 326, 202, -346, 143, 185, 156, 395, 131, 82, 200, 
-385, -39, 346, 212, -366, 153, 170, 156, 400, 136, 78, 200, 
-385, -39, 346, 212, -366, 153, 170, 156, 400, 136, 78, 200, 
-375, -39, 336, 207, -356, 148, 170, 156, 400, 136, 73, 200, 
-375, -39, 336, 207, -356, 148, 170, 156, 395, 131, 73, 195, 
-380, -48, 331, 214, -356, 141, 180, 156, 405, 122, 78, 204, 
-385, -48, 336, 217, -361, 143, 180, 151, 405, 122, 78, 204, 
-390, -58, 331, 224, -361, 136, 180, 151, 405, 122, 73, 204, 
-395, -58, 336, 226, -366, 139, 180, 156, 405, 122, 73, 204, 
-385, -48, 336, 217, -361, 143, 175, 146, 400, 131, 73, 195, 
-370, -39, 331, 204, -351, 146, 175, 146, 400, 131, 78, 195, 
-356, -29, 326, 192, -341, 148, 170, 151, 405, 136, 78, 195, 
-346, -19, 326, 183, -336, 153, 165, 151, 409, 136, 78, 195, 
-361, -24, 336, 192, -348, 156, 175, 161, 409, 136, 78, 195, 
-375, -34, 341, 204, -358, 153, 175, 161, 409, 136, 78, 200, 
-370, -43, 326, 207, -348, 141, 175, 161, 409, 136, 78, 200, 
-375, -53, 322, 214, -348, 134, 175, 161, 409, 141, 78, 200, 
-385, -39, 346, 212, -366, 153, 165, 161, 409, 141, 78, 200, 
-400, -34, 366, 217, -383, 165, 165, 161, 409, 141, 78, 200, 
-405, -34, 370, 219, -387, 168, 165, 161, 409, 141, 78, 204, 
-409, -29, 380, 219, -395, 175, 165, 165, 414, 146, 78, 204, 
-390, -39, 351, 214, -370, 156, 175, 170, 424, 156, 78, 204, 
-375, -43, 331, 209, -353, 143, 175, 175, 429, 156, 87, 204, 
-361, -48, 312, 204, -336, 131, 175, 175, 429, 151, 87, 204, 
-346, -48, 297, 197, -322, 124, 175, 175, 429, 151, 82, 204, 
-356, -39, 317, 197, -336, 139, 170, 165, 419, 151, 82, 214, 
-370, -39, 331, 204, -351, 146, 165, 165, 419, 161, 82, 214, 
-380, -39, 341, 209, -361, 151, 161, 165, 419, 161, 87, 214, 
-390, -39, 351, 214, -370, 156, 151, 165, 424, 161, 92, 214, 
-380, -29, 351, 204, -366, 161, 161, 175, 434, 161, 92, 224, 
-370, -29, 341, 200, -356, 156, 161, 180, 434, 165, 92, 224, 
-361, -19, 341, 190, -351, 161, 165, 180, 434, 165, 92, 229, 
-370, -19, 351, 195, -361, 165, 165, 180, 444, 165, 97, 229, 
-380, -29, 351, 204, -366, 161, 180, 180, 434, 165, 97, 224, 
-370, -34, 336, 202, -353, 151, 180, 175, 434, 161, 92, 214, 
-370, -34, 336, 202, -353, 151, 175, 175, 434, 161, 92, 209, 
-375, -24, 351, 200, -363, 163, 175, 180, 434, 165, 97, 214, 
-375, -14, 361, 195, -368, 173, 185, 190, 439, 170, 107, 224, 
-370, -19, 351, 195, -361, 165, 185, 190, 444, 175, 107, 219, 
-366, -24, 341, 195, -353, 158, 185, 190, 448, 180, 107, 219, 
-356, -24, 331, 190, -344, 153, 185, 190, 453, 185, 107, 219, 
-366, -19, 346, 192, -356, 163, 180, 195, 448, 175, 102, 214, 
-361, -19, 341, 190, -351, 161, 175, 190, 448, 175, 102, 214, 
-361, -14, 346, 187, -353, 165, 175, 185, 448, 170, 102, 214, 
-361, -14, 346, 187, -353, 165, 170, 180, 448, 161, 102, 209, 
-361, -24, 336, 192, -348, 156, 165, 190, 448, 170, 102, 200, 
-361, -14, 346, 187, -353, 165, 165, 190, 448, 170, 102, 200, 
-361, -14, 346, 187, -353, 165, 165, 190, 448, 170, 102, 200, 
-361, -24, 336, 192, -348, 156, 165, 190, 448, 170, 102, 204, 
-370, -19, 351, 195, -361, 165, 165, 180, 439, 170, 102, 214, 
-366, -19, 346, 192, -356, 163, 165, 180, 439, 170, 102, 214, 
-366, -14, 351, 190, -358, 168, 165, 180, 434, 170, 102, 214, 
-366, -4, 361, 185, -363, 178, 165, 180, 434, 170, 102, 214, 
-366, -9, 356, 187, -361, 173, 170, 180, 439, 161, 102, 214, 
-370, -14, 356, 192, -363, 170, 175, 180, 444, 161, 102, 214, 
-375, -14, 361, 195, -368, 173, 185, 185, 448, 161, 102, 219, 
-380, -19, 361, 200, -370, 170, 190, 190, 448, 161, 102, 219, 
-370, -14, 356, 192, -363, 170, 180, 180, 439, 170, 102, 219, 
-370, -14, 356, 192, -363, 170, 180, 175, 439, 170, 97, 219, 
-370, -14, 356, 192, -363, 170, 180, 175, 434, 165, 92, 214, 
-375, -14, 361, 195, -368, 173, 175, 175, 434, 165, 92, 214, 
-385, -19, 366, 202, -375, 173, 170, 175, 434, 161, 82, 209, 
-380, -19, 361, 200, -370, 170, 170, 175, 429, 156, 87, 204, 
-380, -19, 361, 200, -370, 170, 170, 175, 429, 151, 87, 200, 
-385, -19, 366, 202, -375, 173, 170, 175, 429, 141, 82, 195, 
-395, -29, 366, 212, -380, 168, 161, 165, 424, 146, 82, 185, 
-395, -34, 361, 214, -378, 163, 161, 161, 424, 141, 78, 180, 
-400, -34, 366, 217, -383, 165, 161, 161, 424, 141, 78, 180, 
-405, -34, 370, 219, -387, 168, 165, 165, 429, 146, 78, 180, 
-405, -39, 366, 222, -385, 163, 175, 170, 429, 161, 87, 185, 
-400, -39, 361, 219, -380, 161, 175, 175, 429, 161, 87, 190, 
-395, -39, 356, 217, -375, 158, 175, 180, 424, 161, 87, 200, 
-395, -39, 356, 217, -375, 158, 175, 180, 424, 156, 87, 204, 
-409, -68, 341, 239, -375, 136, 165, 170, 414, 136, 78, 180, 
-429, -68, 361, 248, -395, 146, 175, 170, 414, 141, 78, 180, 
-409, -19, 390, 214, -400, 185, 185, 170, 414, 141, 78, 180, 
-380, 29, 409, 175, -395, 219, 165, 151, 405, 126, 63, 161, 
-370, 19, 390, 175, -380, 204, 156, 146, 400, 126, 58, 165, 
-361, 4, 366, 178, -363, 185, 165, 156, 409, 146, 68, 185, 
-361, 0, 361, 180, -361, 180, 175, 165, 419, 156, 78, 195, 
-361, -4, 356, 183, -358, 175, 185, 175, 429, 165, 87, 204, 
-361, -9, 351, 185, -356, 170, 195, 185, 439, 175, 97, 214, 
-375, -24, 351, 200, -363, 163, 185, 175, 448, 161, 87, 209, 
-375, -29, 346, 202, -361, 158, 185, 175, 448, 156, 87, 204, 
-380, -34, 346, 207, -363, 156, 185, 175, 444, 151, 87, 200, 
-390, -39, 351, 214, -370, 156, 185, 175, 444, 146, 87, 195, 
-380, -43, 336, 212, -358, 146, 175, 170, 444, 146, 78, 185, 
-370, -39, 331, 204, -351, 146, 175, 165, 439, 151, 82, 190, 
-370, -39, 331, 204, -351, 146, 175, 161, 434, 151, 87, 190, 
-375, -39, 336, 207, -356, 148, 170, 156, 429, 146, 87, 190, 
-390, -29, 361, 209, -375, 165, 170, 165, 424, 136, 73, 190, 
-400, -29, 370, 214, -385, 170, 175, 170, 424, 136, 73, 190, 
-405, -19, 385, 212, -395, 183, 180, 180, 439, 141, 78, 195, 
-400, -4, 395, 202, -397, 195, 180, 185, 448, 151, 82, 200, 
-395, 14, 409, 190, -402, 212, 185, 195, 458, 165, 92, 200, 
-390, 19, 409, 185, -400, 214, 195, 200, 468, 175, 97, 209, 
-380, 43, 424, 168, -402, 234, 200, 200, 473, 185, 102, 209, 
-366, 53, 419, 156, -392, 236, 204, 200, 488, 190, 107, 209, 
-375, 48, 424, 163, -400, 236, 200, 190, 483, 190, 107, 204, 
-375, 58, 434, 158, -405, 246, 200, 195, 488, 185, 112, 209, 
-361, 63, 424, 148, -392, 244, 195, 195, 492, 190, 112, 214, 
-356, 58, 414, 148, -385, 236, 195, 200, 497, 190, 112, 219, 
-346, 58, 405, 143, -375, 231, 195, 209, 502, 200, 126, 234, 
-341, 63, 405, 139, -373, 234, 195, 219, 502, 204, 136, 239, 
-331, 63, 395, 134, -363, 229, 195, 219, 502, 209, 141, 248, 
-322, 73, 395, 124, -358, 234, 195, 229, 507, 214, 151, 258, 
-312, 82, 395, 114, -353, 239, 180, 234, 517, 204, 146, 253, 
-317, 68, 385, 124, -351, 226, 180, 244, 517, 209, 141, 248, 
-322, 68, 390, 126, -356, 229, 185, 248, 522, 209, 141, 244, 
-322, 63, 385, 129, -353, 224, 190, 248, 522, 204, 136, 239, 
-326, 48, 375, 139, -351, 212, 195, 258, 512, 200, 126, 234, 
-341, 39, 380, 151, -361, 209, 195, 248, 502, 200, 122, 224, 
-341, 24, 366, 158, -353, 195, 200, 239, 497, 190, 117, 224, 
-341, 19, 361, 161, -351, 190, 190, 229, 488, 185, 112, 219, 
-326, 29, 356, 148, -341, 192, 180, 204, 478, 190, 107, 214, 
-336, 19, 356, 158, -346, 187, 175, 200, 463, 175, 97, 209, 
-341, 24, 366, 158, -353, 195, 170, 190, 453, 170, 97, 214, 
-326, 34, 361, 146, -344, 197, 165, 190, 448, 170, 102, 219, 
-346, 14, 361, 165, -353, 187, 151, 175, 444, 156, 97, 209, 
-356, 0, 356, 178, -356, 178, 146, 175, 439, 156, 92, 200, 
-366, -4, 361, 185, -363, 178, 146, 175, 434, 151, 87, 190, 
-385, -9, 375, 197, -380, 183, 141, 170, 424, 146, 73, 185, 
-390, -34, 356, 212, -373, 161, 151, 156, 424, 141, 63, 170, 
-390, -39, 351, 214, -370, 156, 151, 156, 424, 136, 63, 170, 
-390, -43, 346, 217, -368, 151, 161, 165, 429, 131, 63, 175, 
-395, -48, 346, 222, -370, 148, 165, 165, 429, 126, 63, 175, 
-395, -48, 346, 222, -370, 148, 170, 170, 429, 126, 63, 180, 
-395, -43, 351, 219, -373, 153, 175, 175, 434, 131, 68, 185, 
-390, -34, 356, 212, -373, 161, 175, 175, 439, 136, 78, 190, 
-385, -29, 356, 207, -370, 163, 180, 180, 439, 141, 82, 195, 
-405, -19, 385, 212, -395, 183, 185, 170, 429, 141, 73, 190, 
-409, -29, 380, 219, -395, 175, 185, 170, 429, 141, 68, 185, 
-419, -29, 390, 224, -405, 180, 190, 170, 429, 141, 63, 185, 
-424, -34, 390, 229, -407, 178, 190, 175, 429, 141, 58, 180, 
-414, -43, 370, 229, -392, 163, 209, 185, 434, 131, 68, 170, 
-419, -48, 370, 234, -395, 161, 209, 175, 429, 126, 63, 165, 
-424, -53, 370, 239, -397, 158, 204, 170, 429, 122, 58, 161, 
-429, -53, 375, 241, -402, 161, 204, 170, 429, 122, 58, 161, 
-429, -43, 385, 236, -407, 170, 200, 161, 414, 122, 48, 151, 
-419, -43, 375, 231, -397, 165, 200, 156, 414, 122, 43, 151, 
-419, -39, 380, 229, -400, 170, 195, 156, 414, 122, 43, 151, 
-424, -39, 385, 231, -405, 173, 195, 156, 414, 122, 48, 151, 
-424, -43, 380, 234, -402, 168, 195, 170, 424, 122, 53, 165, 
-424, -39, 385, 231, -405, 173, 200, 175, 424, 122, 53, 165, 
-424, -29, 395, 226, -409, 183, 200, 175, 424, 122, 53, 161, 
-414, -24, 390, 219, -402, 183, 200, 175, 424, 122, 48, 161, 
-429, -39, 390, 234, -409, 175, 190, 161, 414, 122, 48, 151, 
-439, -43, 395, 241, -417, 175, 190, 161, 414, 122, 48, 151, 
-444, -48, 395, 246, -419, 173, 190, 161, 414, 122, 48, 151, 
-439, -53, 385, 246, -412, 165, 190, 156, 414, 122, 48, 151, 
-424, -39, 385, 231, -405, 173, 190, 156, 405, 122, 48, 156, 
-424, -29, 395, 226, -409, 183, 190, 156, 405, 122, 48, 156, 
-419, -24, 395, 222, -407, 185, 190, 161, 405, 126, 48, 156, 
-414, -19, 395, 217, -405, 187, 190, 161, 405, 126, 48, 156, 
-424, -29, 395, 226, -409, 183, 200, 170, 409, 126, 48, 165, 
-424, -34, 390, 229, -407, 178, 200, 170, 414, 122, 48, 165, 
-444, -39, 405, 241, -424, 183, 200, 170, 424, 122, 48, 165, 
-444, -39, 405, 241, -424, 183, 200, 170, 429, 122, 48, 161, 
-419, -34, 385, 226, -402, 175, 209, 170, 419, 131, 48, 161, 
-419, -24, 395, 222, -407, 185, 209, 170, 419, 131, 48, 161, 
-419, -9, 409, 214, -414, 200, 209, 170, 419, 131, 53, 161, 
-414, -4, 409, 209, -412, 202, 209, 170, 419, 131, 53, 161, 
-414, -4, 409, 209, -412, 202, 204, 161, 424, 131, 63, 161, 
-409, -4, 405, 207, -407, 200, 200, 161, 419, 131, 63, 161, 
-409, -4, 405, 207, -407, 200, 195, 156, 419, 136, 63, 161, 
-414, -4, 409, 209, -412, 202, 190, 156, 424, 136, 63, 161, 
-439, -34, 405, 236, -422, 185, 200, 161, 424, 136, 68, 170, 
-429, -19, 409, 224, -419, 195, 200, 180, 439, 136, 68, 170, 
-385, 14, 400, 185, -392, 207, 219, 239, 483, 156, 78, 170, 
-366, 14, 380, 175, -373, 197, 239, 297, 522, 180, 92, 180, 
-375, 29, 405, 173, -390, 217, 258, 361, 566, 204, 107, 185, 
-395, 39, 434, 178, -414, 236, 263, 434, 629, 253, 141, 190, 
-434, 4, 439, 214, -436, 222, 253, 483, 702, 326, 204, 229, 
-463, 0, 463, 231, -463, 231, 244, 488, 790, 444, 322, 317, 
-405, 112, 517, 146, -461, 314, 229, 458, 868, 600, 468, 439, 
-307, 224, 531, 41, -419, 378, 180, 375, 912, 736, 619, 580, 
-263, 283, 546, -9, -405, 414, 82, 244, 912, 868, 775, 717, 
-219, 366, 585, -73, -402, 475, -43, 102, 912, 1019, 951, 893, 
-112, 517, 629, -202, -370, 573, -165, -58, 897, 1185, 1141, 1063, 
-29, 629, 658, -300, -344, 644, -287, -219, 844, 1298, 1273, 1195, 
24, 683, 658, -353, -317, 671, -405, -351, 736, 1288, 1307, 1249, 
53, 692, 639, -373, -292, 666, -492, -478, 580, 1161, 1220, 1215, 
43, 639, 595, -341, -275, 617, -551, -624, 361, 946, 1034, 1093, 
39, 580, 541, -309, -251, 561, -580, -756, 146, 717, 824, 946, 
19, 536, 517, -278, -248, 527, -585, -834, -19, 488, 619, 810, 
-58, 429, 488, -185, -273, 458, -561, -893, -175, 248, 375, 634, 
-117, 287, 405, -85, -261, 346, -522, -927, -331, 19, 146, 448, 
-146, 185, 331, -19, -239, 258, -473, -883, -414, -146, -14, 312, 
-175, 82, 258, 46, -217, 170, -439, -814, -468, -258, -131, 204, 
-209, -34, 175, 122, -192, 70, -414, -771, -522, -361, -234, 102, 
-219, -78, 141, 148, -180, 31, -346, -702, -517, -400, -292, 43, 
-273, -68, 204, 170, -239, 68, -258, -595, -419, -375, -287, 19, 
-341, -82, 258, 212, -300, 87, -190, -473, -302, -326, -258, 9, 
-370, -73, 297, 222, -334, 112, -126, -351, -200, -268, -229, 29, 
-370, -43, 326, 207, -348, 141, -73, -248, -107, -204, -185, 43, 
-390, -39, 351, 214, -370, 156, -24, -141, -24, -156, -141, 68, 
-414, -58, 356, 236, -385, 148, 29, -34, 68, -112, -107, 73, 
-429, -48, 380, 239, -405, 165, 87, 43, 151, -53, -73, 92, 
-424, -48, 375, 236, -400, 163, 117, 73, 219, -29, -58, 92, 
-409, -48, 361, 229, -385, 156, 112, 87, 253, -14, -53, 92, 
-429, -48, 380, 239, -405, 165, 131, 97, 292, 0, -39, 87, 
-458, -58, 400, 258, -429, 170, 151, 107, 317, 19, -14, 107, 
-458, -53, 405, 256, -431, 175, 161, 122, 331, 43, -4, 122, 
-429, -14, 414, 222, -422, 200, 170, 136, 356, 63, 14, 136, 
-414, 4, 419, 204, -417, 212, 185, 161, 385, 87, 34, 151, 
-405, -9, 395, 207, -400, 192, 204, 180, 409, 102, 48, 151, 
-414, -19, 395, 217, -405, 187, 224, 185, 424, 122, 58, 165, 
-409, -9, 400, 209, -405, 195, 229, 200, 434, 122, 58, 165, 
-400, -19, 380, 209, -390, 180, 224, 200, 424, 117, 53, 161, 
-405, -19, 385, 212, -395, 183, 224, 190, 429, 112, 48, 146, 
-405, -19, 385, 212, -395, 183, 224, 190, 429, 107, 43, 141, 
-409, -24, 385, 217, -397, 180, 219, 180, 429, 102, 39, 136, 
-429, -43, 385, 236, -407, 170, 224, 175, 439, 112, 39, 146, 
-429, -48, 380, 239, -405, 165, 224, 175, 439, 112, 39, 151, 
-434, -48, 385, 241, -409, 168, 229, 185, 439, 117, 39, 151, 
-444, -48, 395, 246, -419, 173, 234, 195, 444, 117, 43, 151, 
-453, -63, 390, 258, -422, 163, 239, 190, 453, 107, 43, 146, 
-463, -73, 390, 268, -427, 158, 239, 200, 458, 117, 48, 146, 
-473, -78, 395, 275, -434, 158, 234, 200, 458, 117, 48, 146, 
-478, -82, 395, 280, -436, 156, 229, 200, 458, 112, 48, 146, 
-488, -87, 400, 287, -444, 156, 234, 204, 448, 112, 34, 136, 
-483, -87, 395, 285, -439, 153, 229, 200, 444, 112, 34, 136, 
-478, -82, 395, 280, -436, 156, 229, 200, 444, 107, 39, 136, 
-478, -82, 395, 280, -436, 156, 229, 200, 444, 107, 39, 136, 
-463, -78, 385, 270, -424, 153, 229, 209, 453, 122, 48, 151, 
-458, -78, 380, 268, -419, 151, 229, 209, 453, 122, 53, 151, 
-453, -73, 380, 263, -417, 153, 234, 224, 458, 126, 58, 151, 
-458, -68, 390, 263, -424, 161, 239, 234, 458, 126, 58, 151, 
-468, -58, 409, 263, -439, 175, 248, 234, 468, 131, 63, 156, 
-458, -53, 405, 256, -431, 175, 248, 229, 473, 136, 63, 161, 
-458, -53, 405, 256, -431, 175, 248, 229, 478, 141, 63, 165, 
-458, -53, 405, 256, -431, 175, 244, 229, 483, 146, 63, 170, 
-453, -63, 390, 258, -422, 163, 234, 219, 468, 136, 58, 165, 
-453, -68, 385, 261, -419, 158, 234, 214, 468, 131, 58, 161, 
-453, -73, 380, 263, -417, 153, 234, 214, 468, 126, 58, 156, 
-448, -78, 370, 263, -409, 146, 234, 214, 473, 117, 58, 151, 
-439, -68, 370, 253, -405, 151, 244, 229, 478, 122, 68, 156, 
-439, -63, 375, 251, -407, 156, 248, 234, 483, 126, 68, 161, 
-439, -63, 375, 251, -407, 156, 248, 239, 488, 131, 73, 165, 
-439, -63, 375, 251, -407, 156, 248, 239, 492, 136, 73, 170, 
-429, -53, 375, 241, -402, 161, 244, 239, 483, 136, 63, 161, 
-434, -53, 380, 244, -407, 163, 244, 234, 483, 141, 63, 161, 
-434, -53, 380, 244, -407, 163, 244, 229, 483, 141, 63, 161, 
-434, -53, 380, 244, -407, 163, 239, 229, 483, 141, 63, 161, 
-405, -53, 351, 229, -378, 148, 229, 219, 483, 126, 63, 161, 
-414, -58, 356, 236, -385, 148, 229, 219, 478, 126, 63, 161, 
-419, -63, 356, 241, -387, 146, 234, 224, 478, 126, 63, 161, 
-419, -68, 351, 244, -385, 141, 234, 224, 473, 126, 63, 161, 
-429, -82, 346, 256, -387, 131, 234, 224, 483, 136, 63, 170, 
-444, -87, 356, 265, -400, 134, 234, 229, 483, 136, 63, 170, 
-453, -92, 361, 273, -407, 134, 234, 229, 483, 136, 68, 170, 
-463, -97, 366, 280, -414, 134, 234, 224, 478, 136, 68, 170, 
-463, -92, 370, 278, -417, 139, 239, 234, 488, 146, 78, 170, 
-453, -87, 366, 270, -409, 139, 234, 234, 488, 146, 73, 170, 
-453, -87, 366, 270, -409, 139, 234, 234, 488, 146, 73, 170, 
-453, -97, 356, 275, -405, 129, 239, 234, 492, 146, 73, 170, 
-463, -97, 366, 280, -414, 134, 229, 224, 483, 141, 63, 165, 
-463, -92, 370, 278, -417, 139, 224, 224, 483, 141, 63, 161, 
-463, -92, 370, 278, -417, 139, 224, 224, 483, 141, 63, 161, 
-463, -102, 361, 283, -412, 129, 224, 224, 488, 141, 68, 161, 
-458, -97, 361, 278, -409, 131, 214, 214, 478, 131, 63, 161, 
-453, -97, 356, 275, -405, 129, 214, 219, 483, 131, 63, 161, 
-448, -92, 356, 270, -402, 131, 214, 219, 483, 136, 68, 161, 
-444, -97, 346, 270, -395, 124, 214, 219, 483, 136, 63, 161, 
-444, -82, 361, 263, -402, 139, 209, 224, 492, 146, 68, 165, 
-439, -78, 361, 258, -400, 141, 214, 229, 492, 146, 73, 170, 
-439, -73, 366, 256, -402, 146, 224, 234, 492, 151, 82, 175, 
-448, -68, 380, 258, -414, 156, 229, 244, 497, 156, 87, 190, 
-434, -58, 375, 246, -405, 158, 219, 234, 497, 156, 97, 185, 
-424, -58, 366, 241, -395, 153, 214, 234, 488, 156, 87, 185, 
-419, -58, 361, 239, -390, 151, 209, 229, 488, 156, 87, 185, 
-409, -48, 361, 229, -385, 156, 204, 229, 488, 156, 92, 190, 
-409, -39, 370, 224, -390, 165, 209, 229, 492, 161, 92, 190, 
-409, -39, 370, 224, -390, 165, 209, 234, 507, 161, 97, 195, 
-400, -34, 366, 217, -383, 165, 209, 239, 512, 170, 107, 195, 
-400, -34, 366, 217, -383, 165, 204, 239, 517, 170, 107, 195, 
-409, -48, 361, 229, -385, 156, 190, 234, 512, 170, 107, 195, 
-409, -53, 356, 231, -383, 151, 185, 234, 512, 170, 107, 200, 
-400, -58, 341, 229, -370, 141, 185, 234, 517, 175, 112, 204, 
-400, -48, 351, 224, -375, 151, 185, 239, 522, 180, 117, 214, 
-385, -34, 351, 209, -368, 158, 180, 239, 512, 175, 122, 224, 
-366, -24, 341, 195, -353, 158, 180, 239, 512, 180, 126, 229, 
-351, -19, 331, 185, -341, 156, 180, 239, 512, 185, 131, 234, 
-336, -4, 331, 170, -334, 163, 170, 244, 517, 190, 136, 239, 
-356, 14, 370, 170, -363, 192, 175, 253, 522, 209, 146, 258, 
-366, 4, 370, 180, -368, 187, 175, 248, 527, 214, 161, 263, 
-375, 4, 380, 185, -378, 192, 175, 248, 527, 224, 165, 263, 
-380, 4, 385, 187, -383, 195, 170, 248, 531, 229, 175, 268, 
-366, 14, 380, 175, -373, 197, 161, 239, 527, 224, 180, 273, 
-351, 19, 370, 165, -361, 195, 151, 239, 531, 229, 185, 278, 
-336, 29, 366, 153, -351, 197, 146, 234, 531, 229, 185, 283, 
-317, 34, 351, 141, -334, 192, 146, 234, 527, 234, 190, 287, 
-312, 19, 331, 146, -322, 175, 131, 219, 522, 229, 190, 287, 
-317, 19, 336, 148, -326, 178, 126, 219, 517, 224, 190, 287, 
-317, 19, 336, 148, -326, 178, 117, 219, 512, 224, 190, 283, 
-322, 14, 336, 153, -329, 175, 117, 219, 502, 229, 185, 283, 
-331, 19, 351, 156, -341, 185, 117, 219, 512, 224, 190, 287, 
-326, 19, 346, 153, -336, 183, 112, 209, 512, 224, 195, 292, 
-322, 24, 346, 148, -334, 185, 107, 209, 512, 224, 195, 297, 
-322, 19, 341, 151, -331, 180, 102, 209, 512, 224, 195, 302, 
-312, 24, 336, 143, -324, 180, 102, 219, 512, 229, 209, 317, 
-312, 24, 336, 143, -324, 180, 97, 214, 512, 234, 209, 317, 
-307, 29, 336, 139, -322, 183, 97, 214, 507, 239, 209, 317, 
-297, 34, 331, 131, -314, 183, 92, 209, 502, 244, 209, 317, 
-287, 39, 326, 124, -307, 183, 92, 219, 502, 244, 219, 317, 
-287, 48, 336, 119, -312, 192, 97, 219, 507, 244, 224, 322, 
-287, 48, 336, 119, -312, 192, 102, 219, 507, 248, 224, 322, 
-287, 53, 341, 117, -314, 197, 112, 219, 507, 248, 234, 326, 
-292, 53, 346, 119, -319, 200, 97, 204, 502, 239, 224, 317, 
-292, 39, 331, 126, -312, 185, 82, 190, 492, 234, 214, 317, 
-292, 39, 331, 126, -312, 185, 78, 185, 488, 234, 214, 312, 
-292, 43, 336, 124, -314, 190, 78, 180, 488, 239, 214, 312, 
-283, 48, 331, 117, -307, 190, 82, 200, 502, 248, 224, 312, 
-283, 48, 331, 117, -307, 190, 82, 204, 502, 248, 224, 312, 
-283, 53, 336, 114, -309, 195, 87, 209, 507, 248, 224, 312, 
-287, 58, 346, 114, -317, 202, 97, 219, 512, 248, 224, 312, 
-287, 53, 341, 117, -314, 197, 112, 209, 517, 248, 214, 307, 
-287, 48, 336, 119, -312, 192, 112, 209, 517, 244, 209, 297, 
-297, 39, 336, 129, -317, 187, 112, 204, 517, 239, 200, 297, 
-307, 39, 346, 134, -326, 192, 122, 204, 517, 239, 200, 297, 
-317, 24, 341, 146, -329, 183, 126, 209, 512, 234, 190, 287, 
-326, 19, 346, 153, -336, 183, 126, 209, 512, 229, 185, 278, 
-331, 0, 331, 165, -331, 165, 122, 209, 517, 224, 185, 278, 
-356, -4, 351, 180, -353, 173, 117, 209, 517, 219, 180, 273, 
-366, -4, 361, 185, -363, 178, 126, 209, 531, 224, 185, 268, 
-366, -4, 361, 185, -363, 178, 131, 214, 531, 219, 180, 263, 
-370, -9, 361, 190, -366, 175, 131, 214, 531, 219, 180, 258, 
-375, -9, 366, 192, -370, 178, 136, 219, 536, 219, 175, 258, 
-361, -4, 356, 183, -358, 175, 151, 229, 536, 214, 175, 263, 
-361, 0, 361, 180, -361, 180, 156, 224, 536, 209, 170, 253, 
-361, 0, 361, 180, -361, 180, 156, 224, 536, 209, 170, 248, 
-361, -4, 356, 183, -358, 175, 161, 229, 536, 209, 170, 248, 
-370, -9, 361, 190, -366, 175, 161, 219, 527, 195, 165, 244, 
-370, -14, 356, 192, -363, 170, 161, 219, 527, 190, 161, 244, 
-370, -14, 356, 192, -363, 170, 161, 219, 522, 190, 151, 239, 
-375, -14, 361, 195, -368, 173, 156, 219, 522, 190, 151, 234, 
-390, -19, 370, 204, -380, 175, 165, 219, 517, 185, 146, 239, 
-395, -24, 370, 209, -383, 173, 165, 214, 517, 185, 141, 234, 
-395, -24, 370, 209, -383, 173, 165, 214, 517, 180, 131, 229, 
-395, -24, 370, 209, -383, 173, 175, 214, 517, 185, 126, 224, 
-405, -34, 370, 219, -387, 168, 170, 214, 517, 180, 122, 209, 
-405, -39, 366, 222, -385, 163, 170, 214, 512, 175, 117, 209, 
-424, -39, 385, 231, -405, 173, 175, 209, 512, 170, 112, 204, 
-424, -39, 385, 231, -405, 173, 175, 209, 507, 156, 102, 204, 
-409, -29, 380, 219, -395, 175, 185, 209, 502, 165, 102, 204, 
-409, -29, 380, 219, -395, 175, 185, 209, 502, 161, 107, 204, 
-414, -34, 380, 224, -397, 173, 185, 204, 502, 161, 107, 195, 
-414, -34, 380, 224, -397, 173, 185, 200, 502, 156, 107, 195, 
-405, -43, 361, 224, -383, 158, 175, 200, 492, 146, 102, 195, 
-414, -48, 366, 231, -390, 158, 175, 200, 488, 146, 102, 195, 
-414, -48, 366, 231, -390, 158, 175, 204, 483, 146, 112, 195, 
-414, -48, 366, 231, -390, 158, 175, 204, 483, 146, 102, 195, 
-405, -43, 361, 224, -383, 158, 185, 200, 483, 151, 102, 195, 
-400, -39, 361, 219, -380, 161, 185, 200, 488, 151, 102, 195, 
-395, -34, 361, 214, -378, 163, 185, 200, 492, 146, 97, 195, 
-390, -29, 361, 209, -375, 165, 180, 200, 492, 146, 97, 195, 
-414, -48, 366, 231, -390, 158, 170, 190, 483, 136, 82, 185, 
-434, -58, 375, 246, -405, 158, 170, 185, 478, 136, 82, 175, 
-444, -68, 375, 256, -409, 153, 175, 180, 468, 136, 82, 175, 
-453, -78, 375, 265, -414, 148, 175, 175, 463, 131, 82, 170, 
-448, -73, 375, 261, -412, 151, 180, 185, 468, 126, 82, 175, 
-444, -68, 375, 256, -409, 153, 180, 185, 468, 126, 87, 180, 
-429, -63, 366, 246, -397, 151, 180, 185, 468, 126, 87, 185, 
-424, -58, 366, 241, -395, 153, 180, 185, 463, 122, 92, 185, 
-414, -48, 366, 231, -390, 158, 190, 185, 463, 131, 87, 185, 
-414, -48, 366, 231, -390, 158, 190, 180, 463, 131, 87, 185, 
-414, -58, 356, 236, -385, 148, 190, 180, 463, 131, 82, 185, 
-414, -58, 356, 236, -385, 148, 190, 185, 463, 131, 82, 185, 
-414, -53, 361, 234, -387, 153, 190, 195, 468, 131, 92, 185, 
-409, -48, 361, 229, -385, 156, 195, 195, 468, 131, 97, 185, 
-405, -43, 361, 224, -383, 158, 195, 200, 473, 136, 97, 185, 
-405, -39, 366, 222, -385, 163, 195, 200, 478, 136, 97, 185, 
-419, -39, 380, 229, -400, 170, 185, 190, 468, 126, 92, 175, 
-434, -43, 390, 239, -412, 173, 185, 190, 468, 126, 87, 180, 
-429, -48, 380, 239, -405, 165, 185, 190, 468, 126, 82, 180, 
-434, -53, 380, 244, -407, 163, 185, 190, 468, 131, 78, 180, 
-439, -58, 380, 248, -409, 161, 175, 180, 468, 122, 78, 170, 
-448, -63, 385, 256, -417, 161, 175, 180, 468, 122, 78, 170, 
-448, -73, 375, 261, -412, 151, 175, 180, 468, 122, 78, 175, 
-448, -78, 370, 263, -409, 146, 175, 185, 473, 126, 78, 175, 
-424, -68, 356, 246, -390, 143, 175, 180, 473, 126, 78, 185, 
-414, -63, 351, 239, -383, 143, 175, 185, 478, 126, 87, 185, 
-405, -58, 346, 231, -375, 143, 175, 185, 478, 122, 87, 185, 
-395, -48, 346, 222, -370, 148, 175, 185, 478, 122, 82, 185, 
-409, -39, 370, 224, -390, 165, 175, 195, 478, 126, 92, 195, 
-419, -39, 380, 229, -400, 170, 175, 195, 478, 141, 92, 195, 
-424, -39, 385, 231, -405, 173, 175, 195, 478, 146, 97, 195, 
-429, -39, 390, 234, -409, 175, 170, 195, 483, 151, 102, 195, 
-414, -39, 375, 226, -395, 168, 180, 204, 492, 141, 102, 195, 
-400, -39, 361, 219, -380, 161, 180, 209, 492, 146, 102, 195, 
-385, -29, 356, 207, -370, 163, 185, 209, 492, 146, 102, 200, 
-390, -29, 361, 209, -375, 165, 185, 209, 502, 146, 107, 200, 
-405, -39, 366, 222, -385, 163, 180, 209, 502, 136, 97, 190, 
-400, -43, 356, 222, -378, 156, 180, 204, 502, 131, 92, 185, 
-405, -43, 361, 224, -383, 158, 175, 204, 502, 131, 92, 185, 
-414, -34, 380, 224, -397, 173, 175, 209, 502, 136, 97, 195, 
-405, -29, 375, 217, -390, 173, 185, 209, 502, 146, 107, 204, 
-400, -29, 370, 214, -385, 170, 185, 209, 502, 146, 107, 200, 
-395, -29, 366, 212, -380, 168, 185, 209, 502, 146, 107, 200, 
-385, -24, 361, 204, -373, 168, 185, 209, 502, 146, 107, 200, 
-395, -9, 385, 202, -390, 187, 185, 219, 507, 151, 112, 214, 
-390, -9, 380, 200, -385, 185, 185, 219, 507, 156, 112, 214, 
-390, -4, 385, 197, -387, 190, 190, 219, 507, 156, 112, 214, 
-390, -4, 385, 197, -387, 190, 190, 219, 507, 151, 112, 209, 
-405, -19, 385, 212, -395, 183, 175, 214, 502, 141, 102, 204, 
-419, -24, 395, 222, -407, 185, 175, 209, 497, 141, 102, 200, 
-434, -39, 395, 236, -414, 178, 175, 204, 492, 141, 102, 195, 
-448, -63, 385, 256, -417, 161, 175, 200, 488, 141, 102, 195, 
-434, -53, 380, 244, -407, 163, 175, 190, 488, 131, 92, 185, 
-424, -58, 366, 241, -395, 153, 175, 190, 488, 131, 92, 185, 
-419, -58, 361, 239, -390, 151, 175, 190, 483, 131, 92, 185, 
-414, -53, 361, 234, -387, 153, 175, 190, 483, 131, 92, 185, 
-405, -48, 356, 226, -380, 153, 175, 190, 483, 141, 102, 195, 
-400, -43, 356, 222, -378, 156, 175, 190, 483, 141, 102, 195, 
-395, -34, 361, 214, -378, 163, 180, 195, 483, 141, 102, 200, 
-390, -29, 361, 209, -375, 165, 180, 200, 478, 141, 102, 200, 
-380, -29, 351, 204, -366, 161, 190, 204, 483, 151, 107, 209, 
-380, -24, 356, 202, -368, 165, 190, 204, 488, 151, 107, 209, 
-380, -19, 361, 200, -370, 170, 190, 209, 488, 146, 107, 204, 
-385, -14, 370, 200, -378, 178, 185, 214, 492, 146, 112, 204, 
-395, -29, 366, 212, -380, 168, 180, 204, 492, 136, 102, 204, 
-400, -29, 370, 214, -385, 170, 180, 204, 488, 136, 107, 204, 
-409, -29, 380, 219, -395, 175, 180, 204, 488, 136, 107, 204, 
-424, -29, 395, 226, -409, 183, 180, 204, 488, 131, 102, 204, 
-434, -43, 390, 239, -412, 173, 175, 195, 478, 126, 92, 185, 
-434, -53, 380, 244, -407, 163, 170, 190, 473, 122, 87, 180, 
-439, -58, 380, 248, -409, 161, 165, 190, 468, 122, 87, 180, 
-444, -63, 380, 253, -412, 158, 165, 195, 468, 126, 87, 180, 
-439, -48, 390, 244, -414, 170, 170, 185, 478, 122, 87, 180, 
-429, -48, 380, 239, -405, 165, 175, 185, 478, 122, 87, 180, 
-419, -48, 370, 234, -395, 161, 180, 185, 473, 122, 87, 185, 
-414, -48, 366, 231, -390, 158, 185, 180, 473, 117, 87, 185, 
-400, -39, 361, 219, -380, 161, 175, 180, 473, 117, 87, 180, 
-400, -39, 361, 219, -380, 161, 175, 180, 473, 122, 87, 180, 
-409, -39, 370, 224, -390, 165, 175, 180, 473, 122, 87, 180, 
-409, -39, 370, 224, -390, 165, 175, 180, 473, 117, 92, 180, 
-400, -19, 380, 209, -390, 180, 165, 200, 468, 117, 92, 180, 
-390, -29, 361, 209, -375, 165, 156, 185, 458, 97, 78, 175, 
-405, -34, 370, 219, -387, 168, 170, 185, 468, 102, 87, 185, 
-409, -39, 370, 224, -390, 165, 175, 185, 468, 107, 87, 185, 
-414, -43, 370, 229, -392, 163, 180, 185, 468, 112, 87, 185, 
-419, -48, 370, 234, -395, 161, 185, 185, 468, 117, 87, 185, 
-409, -43, 366, 226, -387, 161, 175, 185, 468, 117, 87, 185, 
-405, -39, 366, 222, -385, 163, 175, 185, 468, 117, 87, 185, 
-405, -34, 370, 219, -387, 168, 175, 185, 463, 117, 87, 185, 
-409, -29, 380, 219, -395, 175, 175, 185, 463, 117, 87, 185, 
-419, -24, 395, 222, -407, 185, 175, 185, 468, 117, 87, 185, 
-409, -19, 390, 214, -400, 185, 175, 185, 468, 122, 92, 190, 
-409, -19, 390, 214, -400, 185, 175, 185, 468, 122, 97, 190, 
-414, -19, 395, 217, -405, 187, 170, 185, 468, 117, 97, 190, 
-414, -34, 380, 224, -397, 173, 170, 175, 463, 117, 82, 190, 
-419, -39, 380, 229, -400, 170, 175, 180, 463, 117, 82, 190, 
-419, -34, 385, 226, -402, 175, 180, 190, 478, 122, 87, 195, 
-409, -24, 385, 217, -397, 180, 180, 195, 488, 131, 92, 200, 
-405, -14, 390, 209, -397, 187, 170, 195, 483, 131, 102, 200, 
-400, -9, 390, 204, -395, 190, 175, 200, 488, 136, 107, 209, 
-390, 14, 405, 187, -397, 209, 175, 200, 488, 141, 112, 209, 
-375, 24, 400, 175, -387, 212, 175, 200, 497, 141, 117, 209, 
-395, 24, 419, 185, -407, 222, 185, 209, 512, 156, 126, 224, 
-395, 39, 434, 178, -414, 236, 190, 214, 517, 156, 131, 229, 
-380, 48, 429, 165, -405, 239, 190, 214, 522, 165, 131, 234, 
-375, 48, 424, 163, -400, 236, 195, 219, 527, 170, 131, 239, 
-370, 39, 409, 165, -390, 224, 190, 214, 527, 170, 136, 229, 
-361, 43, 405, 158, -383, 224, 185, 219, 522, 165, 136, 229, 
-346, 43, 390, 151, -368, 217, 180, 214, 517, 161, 131, 234, 
-331, 53, 385, 139, -358, 219, 175, 219, 517, 156, 131, 239, 
-326, 68, 395, 129, -361, 231, 180, 229, 522, 165, 136, 248, 
-326, 58, 385, 134, -356, 222, 180, 244, 527, 170, 141, 248, 
-326, 63, 390, 131, -358, 226, 185, 253, 536, 170, 151, 248, 
-322, 63, 385, 129, -353, 224, 190, 258, 541, 165, 156, 248, 
-341, 43, 385, 148, -363, 214, 190, 253, 522, 151, 141, 239, 
-361, 29, 390, 165, -375, 209, 185, 239, 512, 151, 131, 224, 
-366, 9, 375, 178, -370, 192, 185, 224, 507, 141, 122, 219, 
-370, 0, 370, 185, -370, 185, 170, 209, 497, 136, 112, 209, 
-361, 9, 370, 175, -366, 190, 161, 195, 478, 131, 112, 200, 
-366, -9, 356, 187, -361, 173, 156, 190, 463, 117, 97, 190, 
-366, -14, 351, 190, -358, 168, 151, 180, 453, 112, 92, 190, 
-346, -14, 331, 180, -339, 158, 146, 180, 448, 112, 92, 190, 
-356, -29, 326, 192, -341, 148, 136, 175, 448, 97, 92, 185, 
-366, -39, 326, 202, -346, 143, 136, 175, 448, 97, 92, 180, 
-375, -39, 336, 207, -356, 148, 141, 175, 448, 92, 92, 175, 
-395, -39, 356, 217, -375, 158, 141, 170, 444, 87, 82, 175, 
-385, -34, 351, 209, -368, 158, 146, 175, 453, 92, 82, 180, 
-380, -29, 351, 204, -366, 161, 151, 175, 453, 97, 82, 180, 
-375, -24, 351, 200, -363, 163, 165, 185, 458, 102, 82, 185, 
-375, -19, 356, 197, -366, 168, 175, 185, 458, 107, 82, 185, 
-390, -34, 356, 212, -373, 161, 175, 185, 453, 92, 87, 185, 
-395, -34, 361, 214, -378, 163, 175, 185, 453, 92, 87, 185, 
-395, -29, 366, 212, -380, 168, 170, 180, 453, 92, 92, 185, 
-395, -29, 366, 212, -380, 168, 170, 180, 448, 92, 92, 185, 
-400, -39, 361, 219, -380, 161, 165, 170, 448, 92, 82, 170, 
-400, -48, 351, 224, -375, 151, 165, 170, 448, 92, 78, 165, 
-405, -48, 356, 226, -380, 153, 170, 170, 448, 92, 73, 165, 
-405, -53, 351, 229, -378, 148, 170, 175, 448, 92, 68, 161, 
-424, -63, 361, 244, -392, 148, 175, 165, 434, 82, 58, 161, 
-439, -78, 361, 258, -400, 141, 170, 156, 429, 78, 53, 156, 
-453, -92, 361, 273, -407, 134, 161, 151, 429, 73, 48, 151, 
-468, -102, 366, 285, -417, 131, 156, 151, 429, 73, 48, 151, 
-468, -97, 370, 283, -419, 136, 165, 156, 434, 73, 53, 151, 
-458, -92, 366, 275, -412, 136, 170, 156, 434, 73, 53, 151, 
-458, -82, 375, 270, -417, 146, 170, 161, 434, 73, 58, 151, 
-463, -78, 385, 270, -424, 153, 175, 165, 434, 73, 68, 151, 
-458, -78, 380, 268, -419, 151, 185, 170, 434, 82, 63, 165, 
-453, -78, 375, 265, -414, 148, 190, 175, 434, 82, 63, 165, 
-448, -73, 375, 261, -412, 151, 190, 175, 434, 82, 63, 161, 
-434, -73, 361, 253, -397, 143, 190, 175, 434, 82, 58, 161, 
-434, -68, 366, 251, -400, 148, 190, 170, 444, 92, 63, 170, 
-439, -63, 375, 251, -407, 156, 190, 170, 444, 92, 68, 170, 
-439, -58, 380, 248, -409, 161, 190, 170, 444, 92, 73, 170, 
-429, -53, 375, 241, -402, 161, 190, 165, 444, 92, 78, 170, 
-439, -58, 380, 248, -409, 161, 180, 156, 439, 87, 68, 170, 
-444, -58, 385, 251, -414, 163, 180, 156, 434, 82, 68, 165, 
-444, -63, 380, 253, -412, 158, 180, 161, 429, 82, 68, 161, 
-444, -68, 375, 256, -409, 153, 180, 161, 424, 78, 68, 156, 
-444, -68, 375, 256, -409, 153, 180, 161, 434, 78, 68, 165, 
-444, -73, 370, 258, -407, 148, 180, 161, 434, 73, 68, 165, 
-463, -78, 385, 270, -424, 153, 180, 161, 439, 73, 68, 165, 
-463, -78, 385, 270, -424, 153, 180, 161, 439, 73, 68, 161, 
-439, -73, 366, 256, -402, 146, 190, 161, 439, 82, 68, 161, 
-439, -63, 375, 251, -407, 156, 190, 161, 439, 82, 68, 161, 
-439, -48, 390, 244, -414, 170, 190, 161, 439, 82, 73, 161, 
-434, -43, 390, 239, -412, 173, 190, 161, 439, 82, 73, 161, 
-419, -43, 375, 231, -397, 165, 190, 170, 434, 73, 73, 170, 
-409, -43, 366, 226, -387, 161, 190, 170, 429, 73, 73, 170, 
-405, -43, 361, 224, -383, 158, 190, 165, 429, 78, 73, 170, 
-405, -43, 361, 224, -383, 158, 190, 165, 434, 78, 73, 170, 
-527, -92, 434, 309, -480, 170, 180, 190, 444, 87, 78, 170, 
-478, -58, 419, 268, -448, 180, 190, 200, 448, 97, 87, 170, 
-414, -34, 380, 224, -397, 173, 209, 248, 473, 97, 87, 170, 
-444, -43, 400, 244, -422, 178, 239, 317, 522, 131, 112, 180, 
-463, -39, 424, 251, -444, 192, 258, 380, 575, 175, 146, 204, 
-414, -19, 395, 217, -405, 187, 273, 453, 639, 214, 180, 219, 
-375, 4, 380, 185, -378, 192, 273, 483, 712, 287, 234, 258, 
-346, 78, 424, 134, -385, 251, 253, 488, 819, 414, 341, 346, 
-366, 151, 517, 107, -441, 334, 200, 448, 888, 551, 478, 468, 
-356, 185, 541, 85, -448, 363, 112, 356, 902, 668, 610, 580, 
-244, 273, 517, -14, -380, 395, 14, 234, 893, 800, 746, 707, 
-112, 405, 517, -146, -314, 461, -112, 82, 893, 941, 922, 873, 
-34, 517, 551, -241, -292, 534, -253, -78, 878, 1098, 1112, 1044, 
39, 610, 570, -324, -265, 590, -385, -239, 824, 1190, 1234, 1166, 
131, 692, 561, -412, -214, 627, -492, -380, 717, 1171, 1249, 1200, 
170, 702, 531, -436, -180, 617, -580, -517, 541, 1024, 1141, 1156, 
131, 629, 497, -380, -183, 563, -639, -673, 331, 810, 956, 1044, 
107, 551, 444, -329, -168, 497, -678, -795, 136, 590, 756, 897, 
78, 497, 419, -287, -170, 458, -692, -893, -29, 361, 531, 741, 
9, 429, 419, -219, -204, 424, -678, -971, -195, 131, 317, 575, 
-58, 278, 336, -109, -197, 307, -629, -976, -331, -78, 117, 400, 
-107, 97, 204, 4, -156, 151, -590, -932, -444, -253, -63, 244, 
-136, -24, 112, 80, -124, 43, -536, -873, -517, -375, -180, 136, 
-161, -63, 97, 112, -129, 17, -463, -790, -531, -439, -234, 73, 
-209, -78, 131, 143, -170, 26, -366, -692, -468, -429, -244, 43, 
-263, -87, 175, 175, -219, 43, -278, -566, -361, -395, -239, 39, 
-322, -82, 239, 202, -280, 78, -209, -444, -244, -346, -209, 48, 
-370, -53, 317, 212, -344, 131, -156, -322, -131, -278, -170, 78, 
-370, -34, 336, 202, -353, 151, -122, -209, -48, -214, -126, 92, 
-341, -29, 312, 185, -326, 141, -63, -112, 34, -175, -112, 97, 
-326, -19, 307, 173, -317, 143, 0, -24, 107, -141, -97, 92, 
-322, 29, 351, 146, -336, 190, 58, 34, 170, -92, -63, 102, 
-395, 0, 395, 197, -395, 197, 87, 73, 239, -48, -39, 112, 
-468, -58, 409, 263, -439, 175, 102, 87, 273, -34, -14, 122, 
-448, -48, 400, 248, -424, 175, 112, 87, 302, -19, 9, 126, 
-409, 9, 419, 200, -414, 214, 122, 97, 336, 0, 34, 146, 
-429, 4, 434, 212, -431, 219, 141, 112, 370, 24, 43, 161, 
-429, -24, 405, 226, -417, 190, 161, 117, 385, 34, 43, 165, 
-405, -14, 390, 209, -397, 187, 165, 141, 395, 39, 53, 161, 
-395, -9, 385, 202, -390, 187, 165, 170, 409, 53, 48, 161, 
-434, -29, 405, 231, -419, 187, 175, 175, 405, 53, 39, 156, 
-468, -39, 429, 253, -448, 195, 180, 180, 405, 43, 29, 146, 
-473, -48, 424, 261, -448, 187, 185, 190, 414, 43, 34, 156, 
-483, -48, 434, 265, -458, 192, 185, 180, 419, 43, 39, 146, 
-488, -48, 439, 268, -463, 195, 185, 180, 419, 43, 43, 146, 
-497, -53, 444, 275, -470, 195, 180, 170, 419, 43, 48, 146, 
-492, -48, 444, 270, -468, 197, 185, 165, 429, 43, 58, 146, 
-478, -48, 429, 263, -453, 190, 185, 165, 429, 43, 58, 151, 
-468, -43, 424, 256, -446, 190, 190, 175, 429, 48, 58, 151, 
-463, -39, 424, 251, -444, 192, 195, 185, 434, 48, 63, 151, 
-458, -34, 424, 246, -441, 195, 204, 190, 453, 58, 53, 156, 
-463, -34, 429, 248, -446, 197, 209, 200, 458, 68, 58, 156, 
-468, -29, 439, 248, -453, 204, 209, 200, 458, 68, 58, 156, 
-468, -24, 444, 246, -456, 209, 209, 200, 458, 63, 58, 156, 
-473, -19, 453, 246, -463, 217, 204, 185, 448, 63, 63, 156, 
-473, -19, 453, 246, -463, 217, 200, 180, 444, 63, 63, 156, 
-473, -14, 458, 244, -466, 222, 200, 180, 444, 58, 68, 156, 
-478, -14, 463, 246, -470, 224, 200, 180, 444, 58, 68, 156, 
-478, -29, 448, 253, -463, 209, 200, 190, 453, 63, 58, 161, 
-478, -39, 439, 258, -458, 200, 200, 190, 453, 63, 63, 161, 
-478, -43, 434, 261, -456, 195, 204, 204, 458, 68, 68, 161, 
-488, -48, 439, 268, -463, 195, 209, 214, 458, 68, 68, 161, 
-473, -39, 434, 256, -453, 197, 219, 195, 453, 68, 63, 161, 
-458, -24, 434, 241, -446, 204, 219, 190, 453, 68, 63, 161, 
-453, -14, 439, 234, -446, 212, 219, 190, 453, 68, 63, 161, 
-448, -4, 444, 226, -446, 219, 214, 190, 453, 68, 63, 161, 
-439, -9, 429, 224, -434, 209, 209, 190, 448, 63, 58, 161, 
-444, -9, 434, 226, -439, 212, 204, 185, 448, 63, 58, 161, 
-448, -9, 439, 229, -444, 214, 200, 185, 448, 63, 58, 161, 
-448, -9, 439, 229, -444, 214, 195, 185, 453, 58, 58, 161, 
-448, -14, 434, 231, -441, 209, 195, 200, 453, 63, 68, 161, 
-448, -14, 434, 231, -441, 209, 200, 204, 453, 68, 68, 161, 
-448, -19, 429, 234, -439, 204, 200, 209, 453, 73, 73, 161, 
-448, -24, 424, 236, -436, 200, 200, 209, 453, 78, 73, 161, 
-458, -24, 434, 241, -446, 204, 200, 219, 463, 68, 82, 170, 
-463, -24, 439, 244, -451, 207, 204, 214, 463, 73, 82, 170, 
-463, -24, 439, 244, -451, 207, 209, 209, 463, 73, 82, 170, 
-463, -24, 439, 244, -451, 207, 209, 209, 463, 73, 82, 170, 
-444, -29, 414, 236, -429, 192, 195, 204, 453, 58, 78, 165, 
-453, -29, 424, 241, -439, 197, 190, 200, 448, 58, 73, 161, 
-458, -29, 429, 244, -444, 200, 190, 200, 448, 58, 68, 156, 
-458, -29, 429, 244, -444, 200, 185, 195, 444, 58, 63, 151, 
-448, -24, 424, 236, -436, 200, 190, 200, 448, 68, 73, 156, 
-453, -19, 434, 236, -444, 207, 195, 209, 453, 68, 73, 161, 
-453, -14, 439, 234, -446, 212, 200, 214, 458, 68, 78, 165, 
-453, -9, 444, 231, -448, 217, 204, 214, 458, 68, 78, 170, 
-444, -14, 429, 229, -436, 207, 195, 204, 448, 68, 78, 165, 
-434, -9, 424, 222, -429, 207, 185, 204, 448, 68, 73, 161, 
-434, -9, 424, 222, -429, 207, 180, 204, 448, 68, 73, 156, 
-434, -19, 414, 226, -424, 197, 180, 204, 453, 68, 73, 151, 
-434, -9, 424, 222, -429, 207, 190, 204, 453, 63, 73, 161, 
-434, -4, 429, 219, -431, 212, 185, 204, 453, 63, 73, 161, 
-434, -4, 429, 219, -431, 212, 185, 204, 453, 63, 73, 165, 
-434, -14, 419, 224, -427, 202, 185, 204, 458, 63, 78, 170, 
-448, -19, 429, 234, -439, 204, 175, 195, 458, 63, 68, 170, 
-453, -19, 434, 236, -444, 207, 175, 200, 463, 63, 73, 170, 
-458, -14, 444, 236, -451, 214, 175, 200, 463, 68, 82, 170, 
-463, -19, 444, 241, -453, 212, 175, 200, 463, 68, 82, 170, 
-448, -9, 439, 229, -444, 214, 175, 209, 463, 78, 82, 180, 
-439, -9, 429, 224, -434, 209, 175, 209, 463, 78, 82, 180, 
-434, -9, 424, 222, -429, 207, 180, 209, 463, 82, 87, 180, 
-439, -9, 429, 224, -434, 209, 180, 214, 468, 87, 87, 190, 
-424, 4, 429, 209, -427, 217, 170, 214, 468, 82, 97, 190, 
-414, 9, 424, 202, -419, 217, 165, 214, 458, 78, 87, 185, 
-409, 14, 424, 197, -417, 219, 161, 209, 458, 73, 87, 180, 
-400, 29, 429, 185, -414, 229, 156, 209, 458, 68, 92, 180, 
-400, 19, 419, 190, -409, 219, 151, 209, 458, 82, 92, 180, 
-400, 19, 419, 190, -409, 219, 151, 214, 468, 82, 97, 185, 
-390, 24, 414, 183, -402, 219, 151, 219, 468, 92, 107, 185, 
-390, 24, 414, 183, -402, 219, 146, 219, 468, 92, 107, 185, 
-395, 24, 419, 185, -407, 222, 151, 214, 463, 82, 97, 195, 
-400, 24, 424, 187, -412, 224, 146, 214, 463, 82, 97, 200, 
-395, 24, 419, 185, -407, 222, 146, 214, 468, 87, 102, 204, 
-400, 39, 439, 180, -419, 239, 146, 219, 473, 92, 107, 214, 
-395, 58, 453, 168, -424, 256, 141, 219, 483, 107, 117, 214, 
-375, 63, 439, 156, -407, 251, 141, 219, 483, 112, 126, 219, 
-361, 63, 424, 148, -392, 244, 141, 219, 483, 117, 136, 224, 
-346, 73, 419, 136, -383, 246, 131, 224, 488, 122, 146, 229, 
-351, 87, 439, 131, -395, 263, 126, 224, 478, 117, 141, 229, 
-356, 73, 429, 141, -392, 251, 117, 219, 478, 117, 151, 234, 
-361, 68, 429, 146, -395, 248, 107, 219, 473, 122, 151, 234, 
-361, 63, 424, 148, -392, 244, 92, 219, 473, 122, 156, 239, 
-356, 53, 409, 151, -383, 231, 92, 209, 473, 126, 151, 244, 
-351, 58, 409, 146, -380, 234, 82, 209, 473, 131, 156, 248, 
-346, 68, 414, 139, -380, 241, 78, 204, 468, 131, 156, 253, 
-336, 73, 409, 131, -373, 241, 78, 204, 458, 136, 161, 258, 
-317, 82, 400, 117, -358, 241, 73, 190, 463, 136, 175, 253, 
-317, 87, 405, 114, -361, 246, 68, 190, 468, 136, 180, 258, 
-312, 92, 405, 109, -358, 248, 58, 190, 473, 141, 185, 258, 
-312, 92, 405, 109, -358, 248, 58, 190, 473, 151, 185, 263, 
-297, 112, 409, 92, -353, 261, 68, 200, 463, 156, 180, 278, 
-287, 117, 405, 85, -346, 261, 63, 190, 463, 156, 185, 283, 
-278, 126, 405, 75, -341, 265, 58, 190, 463, 156, 185, 287, 
-273, 126, 400, 73, -336, 263, 53, 190, 463, 156, 185, 292, 
-283, 126, 409, 78, -346, 268, 53, 190, 473, 165, 195, 297, 
-292, 122, 414, 85, -353, 268, 48, 185, 473, 165, 200, 297, 
-297, 122, 419, 87, -358, 270, 48, 185, 468, 165, 204, 297, 
-297, 122, 419, 87, -358, 270, 43, 180, 463, 165, 209, 297, 
-287, 131, 419, 78, -353, 275, 29, 190, 463, 165, 209, 297, 
-278, 146, 424, 65, -351, 285, 29, 190, 468, 165, 214, 302, 
-268, 151, 419, 58, -344, 285, 29, 190, 468, 170, 214, 302, 
-258, 161, 419, 48, -339, 290, 34, 190, 468, 170, 224, 307, 
-263, 165, 429, 48, -346, 297, 34, 180, 458, 170, 214, 297, 
-263, 146, 409, 58, -336, 278, 24, 170, 453, 165, 204, 297, 
-263, 141, 405, 61, -334, 273, 24, 170, 453, 165, 204, 292, 
-263, 141, 405, 61, -334, 273, 29, 170, 458, 170, 204, 292, 
-258, 151, 409, 53, -334, 280, 39, 175, 468, 161, 204, 302, 
-253, 146, 400, 53, -326, 273, 34, 175, 463, 161, 204, 302, 
-248, 146, 395, 51, -322, 270, 34, 175, 463, 161, 204, 302, 
-248, 146, 395, 51, -322, 270, 39, 180, 463, 161, 204, 302, 
-268, 131, 400, 68, -334, 265, 39, 170, 463, 151, 195, 292, 
-278, 117, 395, 80, -336, 256, 34, 170, 458, 146, 190, 278, 
-297, 97, 395, 100, -346, 246, 29, 165, 453, 141, 180, 273, 
-317, 87, 405, 114, -361, 246, 34, 165, 448, 141, 180, 268, 
-312, 92, 405, 109, -358, 248, 48, 180, 463, 141, 190, 278, 
-317, 97, 414, 109, -366, 256, 58, 180, 463, 141, 185, 268, 
-317, 87, 405, 114, -361, 246, 63, 180, 468, 141, 185, 268, 
-336, 92, 429, 122, -383, 261, 68, 180, 468, 141, 180, 263, 
-341, 82, 424, 129, -383, 253, 68, 170, 483, 146, 165, 258, 
-346, 82, 429, 131, -387, 256, 73, 175, 483, 141, 161, 253, 
-356, 78, 434, 139, -395, 256, 73, 175, 483, 141, 161, 248, 
-366, 78, 444, 143, -405, 261, 78, 180, 488, 141, 156, 248, 
-356, 92, 448, 131, -402, 270, 92, 190, 488, 146, 165, 244, 
-351, 97, 448, 126, -400, 273, 97, 185, 488, 141, 161, 234, 
-346, 97, 444, 124, -395, 270, 97, 185, 488, 141, 161, 229, 
-341, 92, 434, 124, -387, 263, 102, 190, 488, 141, 161, 229, 
-346, 78, 424, 134, -385, 251, 97, 190, 478, 131, 146, 224, 
-341, 73, 414, 134, -378, 244, 102, 190, 478, 122, 141, 224, 
-336, 73, 409, 131, -373, 241, 107, 190, 473, 117, 131, 219, 
-336, 73, 409, 131, -373, 241, 107, 190, 473, 112, 131, 214, 
-351, 63, 414, 143, -383, 239, 97, 180, 458, 102, 126, 209, 
-366, 53, 419, 156, -392, 236, 97, 175, 458, 97, 122, 204, 
-375, 48, 424, 163, -400, 236, 97, 175, 458, 87, 112, 200, 
-385, 43, 429, 170, -407, 236, 107, 175, 458, 87, 107, 195, 
-385, 34, 419, 175, -402, 226, 112, 175, 458, 87, 117, 190, 
-385, 29, 414, 178, -400, 222, 112, 175, 453, 87, 117, 190, 
-405, 29, 434, 187, -419, 231, 117, 170, 453, 87, 117, 185, 
-405, 29, 434, 187, -419, 231, 117, 170, 448, 78, 112, 185, 
-385, 34, 419, 175, -402, 226, 117, 170, 444, 78, 97, 185, 
-380, 39, 419, 170, -400, 229, 117, 170, 444, 73, 97, 185, 
-380, 39, 419, 170, -400, 229, 117, 165, 444, 73, 92, 175, 
-375, 43, 419, 165, -397, 231, 117, 161, 444, 68, 87, 175, 
-385, 29, 414, 178, -400, 222, 107, 156, 444, 63, 73, 175, 
-405, 19, 424, 192, -414, 222, 107, 151, 439, 58, 73, 175, 
-414, 14, 429, 200, -422, 222, 107, 151, 434, 53, 82, 175, 
-424, 9, 434, 207, -429, 222, 107, 146, 434, 48, 73, 175, 
-414, 19, 434, 197, -424, 226, 117, 151, 419, 43, 73, 170, 
-409, 19, 429, 195, -419, 224, 117, 151, 419, 43, 73, 165, 
-405, 19, 424, 192, -414, 222, 117, 151, 419, 39, 68, 161, 
-400, 19, 419, 190, -409, 219, 112, 151, 414, 39, 68, 156, 
-400, 29, 429, 185, -414, 229, 122, 146, 419, 43, 73, 161, 
-405, 29, 434, 187, -419, 231, 122, 146, 419, 48, 73, 156, 
-400, 29, 429, 185, -414, 229, 126, 146, 414, 53, 73, 161, 
-395, 29, 424, 183, -409, 226, 126, 146, 414, 53, 73, 161, 
-405, 29, 434, 187, -419, 231, 122, 146, 419, 39, 68, 161, 
-405, 29, 434, 187, -419, 231, 122, 146, 419, 39, 68, 161, 
-395, 29, 424, 183, -409, 226, 122, 146, 419, 39, 63, 161, 
-395, 29, 424, 183, -409, 226, 122, 146, 414, 34, 63, 156, 
-395, 39, 434, 178, -414, 236, 112, 136, 405, 34, 58, 146, 
-395, 39, 434, 178, -414, 236, 112, 131, 405, 34, 58, 146, 
-395, 29, 424, 183, -409, 226, 112, 131, 405, 34, 53, 146, 
-395, 29, 424, 183, -409, 226, 112, 136, 405, 34, 53, 146, 
-395, 39, 434, 178, -414, 236, 117, 146, 414, 39, 58, 151, 
-390, 39, 429, 175, -409, 234, 126, 146, 419, 43, 68, 156, 
-385, 39, 424, 173, -405, 231, 131, 151, 429, 53, 73, 161, 
-385, 39, 424, 173, -405, 231, 136, 151, 439, 58, 78, 165, 
-395, 34, 429, 180, -412, 231, 126, 161, 429, 48, 78, 156, 
-405, 34, 439, 185, -422, 236, 126, 161, 429, 48, 78, 161, 
-395, 34, 429, 180, -412, 231, 126, 161, 429, 48, 78, 161, 
-395, 34, 429, 180, -412, 231, 126, 161, 429, 53, 78, 161, 
-395, 39, 434, 178, -414, 236, 117, 161, 429, 43, 68, 151, 
-400, 43, 444, 178, -422, 244, 117, 161, 429, 43, 68, 151, 
-395, 43, 439, 175, -417, 241, 117, 161, 429, 43, 68, 156, 
-390, 48, 439, 170, -414, 244, 117, 165, 434, 48, 68, 156, 
-385, 43, 429, 170, -407, 236, 122, 170, 444, 53, 78, 165, 
-385, 43, 429, 170, -407, 236, 126, 175, 448, 58, 87, 165, 
-385, 43, 429, 170, -407, 236, 131, 175, 448, 58, 87, 165, 
-385, 48, 434, 168, -409, 241, 136, 175, 448, 63, 82, 165, 
-375, 58, 434, 158, -405, 246, 126, 175, 448, 53, 82, 175, 
-380, 58, 439, 161, -409, 248, 126, 175, 448, 63, 82, 175, 
-380, 58, 439, 161, -409, 248, 126, 175, 448, 63, 87, 175, 
-380, 58, 439, 161, -409, 248, 122, 175, 453, 63, 92, 175, 
-385, 53, 439, 165, -412, 246, 112, 165, 444, 63, 82, 165, 
-380, 48, 429, 165, -405, 239, 112, 170, 444, 68, 82, 165, 
-375, 53, 429, 161, -402, 241, 117, 170, 444, 68, 82, 170, 
-390, 48, 439, 170, -414, 244, 117, 170, 453, 68, 87, 170, 
-400, 48, 448, 175, -424, 248, 131, 170, 453, 68, 97, 170, 
-390, 43, 434, 173, -412, 239, 131, 165, 453, 63, 92, 165, 
-390, 43, 434, 173, -412, 239, 126, 165, 453, 63, 92, 165, 
-395, 53, 448, 170, -422, 251, 126, 170, 453, 68, 97, 175, 
-390, 63, 453, 163, -422, 258, 117, 180, 463, 78, 97, 175, 
-390, 58, 448, 165, -419, 253, 117, 180, 463, 78, 97, 170, 
-390, 53, 444, 168, -417, 248, 117, 180, 463, 78, 97, 170, 
-385, 53, 439, 165, -412, 246, 117, 180, 463, 78, 97, 170, 
-395, 48, 444, 173, -419, 246, 117, 185, 458, 78, 92, 175, 
-390, 48, 439, 170, -414, 244, 117, 180, 458, 78, 92, 175, 
-390, 53, 444, 168, -417, 248, 122, 175, 458, 73, 92, 175, 
-390, 53, 444, 168, -417, 248, 122, 170, 458, 63, 92, 170, 
-380, 63, 444, 158, -412, 253, 107, 161, 448, 73, 92, 170, 
-380, 73, 453, 153, -417, 263, 107, 161, 448, 73, 92, 170, 
-380, 73, 453, 153, -417, 263, 107, 161, 448, 73, 92, 170, 
-380, 63, 444, 158, -412, 253, 107, 161, 448, 73, 92, 175, 
-390, 53, 444, 168, -417, 248, 112, 170, 448, 73, 102, 175, 
-385, 48, 434, 168, -409, 241, 117, 170, 448, 73, 102, 175, 
-385, 48, 434, 168, -409, 241, 122, 170, 444, 73, 102, 175, 
-385, 53, 439, 165, -412, 246, 126, 170, 444, 73, 102, 175, 
-380, 48, 429, 165, -405, 239, 122, 156, 444, 63, 102, 165, 
-380, 43, 424, 168, -402, 234, 117, 151, 444, 63, 102, 165, 
-380, 43, 424, 168, -402, 234, 117, 151, 444, 63, 102, 170, 
-380, 39, 419, 170, -400, 229, 112, 151, 439, 63, 102, 170, 
-395, 34, 429, 180, -412, 231, 112, 161, 439, 63, 92, 161, 
-400, 34, 434, 183, -417, 234, 112, 156, 439, 63, 87, 161, 
-405, 34, 439, 185, -422, 236, 112, 156, 434, 58, 82, 156, 
-414, 34, 448, 190, -431, 241, 107, 156, 434, 58, 82, 156, 
-405, 43, 448, 180, -427, 246, 112, 156, 434, 68, 92, 165, 
-390, 48, 439, 170, -414, 244, 112, 156, 429, 68, 97, 165, 
-380, 53, 434, 163, -407, 244, 112, 156, 429, 68, 97, 165, 
-375, 58, 434, 158, -405, 246, 112, 156, 429, 63, 92, 165, 
-366, 58, 424, 153, -395, 241, 112, 156, 434, 68, 92, 165, 
-366, 53, 419, 156, -392, 236, 112, 151, 434, 63, 87, 161, 
-370, 53, 424, 158, -397, 239, 112, 151, 434, 63, 87, 161, 
-375, 53, 429, 161, -402, 241, 117, 156, 439, 68, 87, 161, 
-380, 68, 448, 156, -414, 258, 117, 156, 439, 63, 87, 170, 
-380, 68, 448, 156, -414, 258, 117, 156, 439, 63, 87, 170, 
-380, 68, 448, 156, -414, 258, 117, 156, 434, 63, 87, 175, 
-385, 68, 453, 158, -419, 261, 117, 151, 434, 58, 87, 175, 
-370, 68, 439, 151, -405, 253, 126, 161, 434, 68, 97, 180, 
-370, 68, 439, 151, -405, 253, 126, 156, 429, 78, 97, 175, 
-380, 58, 439, 161, -409, 248, 117, 146, 429, 73, 97, 165, 
-380, 58, 439, 161, -409, 248, 117, 146, 429, 68, 97, 165, 
-380, 58, 439, 161, -409, 248, 117, 146, 429, 63, 97, 165, 
-380, 58, 439, 161, -409, 248, 117, 146, 429, 58, 97, 165, 
-380, 68, 448, 156, -414, 258, 107, 136, 419, 48, 87, 165, 
-375, 68, 444, 153, -409, 256, 107, 136, 419, 48, 87, 165, 
-375, 68, 444, 153, -409, 256, 107, 136, 414, 48, 87, 165, 
-380, 68, 448, 156, -414, 258, 107, 136, 414, 48, 87, 165, 
-385, 63, 448, 161, -417, 256, 107, 136, 419, 58, 87, 165, 
-380, 68, 448, 156, -414, 258, 107, 136, 419, 63, 92, 170, 
-385, 68, 453, 158, -419, 261, 107, 136, 419, 63, 97, 170, 
-395, 68, 463, 163, -429, 265, 102, 136, 419, 58, 97, 170, 
-400, 58, 458, 170, -429, 258, 102, 136, 414, 68, 102, 170, 
-409, 58, 468, 175, -439, 263, 107, 141, 414, 68, 102, 170, 
-414, 68, 483, 173, -448, 275, 112, 151, 429, 73, 107, 175, 
-409, 82, 492, 163, -451, 287, 112, 156, 439, 82, 112, 180, 
-390, 97, 488, 146, -439, 292, 112, 146, 444, 82, 117, 190, 
-380, 97, 478, 141, -429, 287, 117, 151, 448, 87, 117, 200, 
-366, 117, 483, 124, -424, 300, 117, 151, 448, 92, 117, 200, 
-346, 122, 468, 112, -407, 295, 117, 151, 458, 92, 117, 200, 
-366, 112, 478, 126, -422, 295, 131, 161, 473, 107, 131, 204, 
-366, 126, 492, 119, -429, 309, 131, 165, 478, 107, 141, 209, 
-351, 136, 488, 107, -419, 312, 126, 165, 483, 117, 146, 214, 
-346, 136, 483, 104, -414, 309, 126, 170, 488, 122, 151, 219, 
-322, 151, 473, 85, -397, 312, 136, 175, 492, 126, 161, 229, 
-312, 161, 473, 75, -392, 317, 136, 190, 492, 126, 165, 229, 
-297, 165, 463, 65, -380, 314, 136, 195, 492, 126, 165, 234, 
-283, 180, 463, 51, -373, 322, 136, 209, 497, 126, 170, 239, 
-297, 165, 463, 65, -380, 314, 126, 204, 497, 126, 161, 229, 
-307, 146, 453, 80, -380, 300, 122, 214, 497, 131, 161, 229, 
-317, 141, 458, 87, -387, 300, 122, 219, 502, 131, 165, 229, 
-322, 131, 453, 95, -387, 292, 122, 219, 502, 126, 165, 229, 
-312, 131, 444, 90, -378, 287, 122, 229, 492, 122, 156, 224, 
-322, 126, 448, 97, -385, 287, 117, 219, 483, 122, 151, 214, 
-317, 117, 434, 100, -375, 275, 117, 209, 478, 112, 146, 214, 
-312, 117, 429, 97, -370, 273, 102, 200, 468, 107, 141, 209, 
-302, 126, 429, 87, -366, 278, 92, 170, 448, 92, 131, 200, 
-317, 107, 424, 104, -370, 265, 87, 161, 434, 78, 117, 190, 
-326, 102, 429, 112, -378, 265, 82, 146, 424, 73, 112, 190, 
-317, 102, 419, 107, -368, 261, 78, 141, 419, 73, 112, 190, 
-322, 97, 419, 112, -370, 258, 78, 136, 419, 78, 112, 195, 
-326, 87, 414, 119, -370, 251, 78, 136, 419, 78, 112, 190, 
-331, 87, 419, 122, -375, 253, 82, 136, 419, 73, 112, 185, 
-346, 87, 434, 129, -390, 261, 82, 131, 414, 68, 102, 185, 
-341, 82, 424, 129, -383, 253, 82, 126, 405, 58, 102, 170, 
-331, 87, 419, 122, -375, 253, 82, 126, 405, 58, 102, 170, 
-322, 92, 414, 114, -368, 253, 92, 136, 409, 58, 102, 175, 
-317, 97, 414, 109, -366, 256, 97, 136, 409, 58, 102, 175, 
-322, 87, 409, 117, -366, 248, 87, 131, 405, 43, 92, 170, 
-326, 82, 409, 122, -368, 246, 87, 126, 405, 43, 87, 165, 
-326, 82, 409, 122, -368, 246, 82, 117, 405, 43, 87, 161, 
-326, 78, 405, 124, -366, 241, 82, 112, 400, 43, 82, 156, 
-346, 78, 424, 134, -385, 251, 97, 117, 400, 48, 87, 156, 
-361, 68, 429, 146, -395, 248, 97, 122, 400, 53, 87, 156, 
-380, 68, 448, 156, -414, 258, 102, 126, 400, 58, 87, 161, 
-395, 63, 458, 165, -427, 261, 102, 136, 400, 63, 87, 161, 
-385, 58, 444, 163, -414, 251, 102, 136, 395, 53, 97, 161, 
-390, 48, 439, 170, -414, 244, 102, 126, 390, 48, 92, 156, 
-395, 39, 434, 178, -414, 236, 97, 122, 390, 43, 87, 151, 
-400, 34, 434, 183, -417, 234, 97, 122, 390, 43, 87, 151, 
-414, 29, 444, 192, -429, 236, 102, 117, 380, 39, 78, 141, 
-409, 24, 434, 192, -422, 229, 102, 107, 375, 34, 73, 141, 
-414, 24, 439, 195, -427, 231, 97, 102, 370, 29, 73, 141, 
-424, 19, 444, 202, -434, 231, 97, 97, 366, 24, 78, 141, 
-414, 24, 439, 195, -427, 231, 107, 112, 380, 29, 92, 156, 
-414, 29, 444, 192, -429, 236, 112, 117, 385, 34, 92, 156, 
-414, 39, 453, 187, -434, 246, 112, 117, 390, 39, 92, 151, 
-405, 43, 448, 180, -427, 246, 112, 117, 395, 43, 87, 151, 
-400, 48, 448, 175, -424, 248, 102, 112, 385, 34, 78, 151, 
-400, 53, 453, 173, -427, 253, 102, 112, 385, 34, 78, 151, 
-395, 58, 453, 168, -424, 256, 102, 112, 385, 34, 78, 151, 
-380, 63, 444, 158, -412, 253, 102, 107, 385, 34, 78, 151, 
-390, 68, 458, 161, -424, 263, 112, 107, 385, 43, 78, 146, 
-395, 68, 463, 163, -429, 265, 112, 107, 385, 43, 78, 146, 
-395, 63, 458, 165, -427, 261, 112, 112, 385, 48, 78, 146, 
-395, 58, 453, 168, -424, 256, 112, 112, 385, 48, 78, 146, 
-390, 48, 439, 170, -414, 244, 107, 107, 375, 43, 68, 136, 
-385, 43, 429, 170, -407, 236, 102, 102, 375, 34, 68, 136, 
-400, 39, 439, 180, -419, 239, 97, 97, 380, 29, 68, 136, 
-395, 39, 434, 178, -414, 236, 92, 92, 380, 24, 68, 131, 
-380, 48, 429, 165, -405, 239, 102, 102, 380, 29, 73, 136, 
-380, 53, 434, 163, -407, 244, 102, 102, 380, 34, 78, 141, 
-380, 63, 444, 158, -412, 253, 102, 102, 380, 39, 87, 146, 
-375, 63, 439, 156, -407, 251, 102, 102, 380, 43, 92, 151, 
-380, 73, 453, 153, -417, 263, 112, 107, 380, 53, 92, 156, 
-380, 73, 453, 153, -417, 263, 112, 112, 380, 53, 92, 161, 
-385, 73, 458, 156, -422, 265, 112, 112, 385, 58, 92, 165, 
-395, 73, 468, 161, -431, 270, 112, 117, 395, 58, 92, 170, 
-390, 53, 444, 168, -417, 248, 92, 92, 385, 39, 78, 151, 
-361, 68, 429, 146, -395, 248, 92, 82, 380, 29, 78, 141, 
-346, 92, 439, 126, -392, 265, 112, 112, 405, 48, 97, 161, 
-366, 102, 468, 131, -417, 285, 131, 170, 434, 73, 112, 170, 
-405, 68, 473, 168, -439, 270, 131, 234, 458, 87, 117, 175, 
-405, 58, 463, 173, -434, 261, 146, 287, 502, 117, 131, 180, 
-375, 82, 458, 146, -417, 270, 185, 366, 566, 170, 185, 209, 
-385, 97, 483, 143, -434, 290, 195, 429, 663, 248, 253, 248, 
-366, 151, 517, 107, -441, 334, 190, 439, 751, 356, 341, 322, 
-287, 244, 531, 21, -409, 387, 151, 385, 805, 473, 463, 414, 
-214, 322, 536, -53, -375, 429, 73, 283, 824, 575, 590, 522, 
-161, 375, 536, -107, -348, 456, -24, 161, 814, 697, 727, 649, 
-82, 478, 561, -197, -322, 519, -146, 9, 800, 834, 888, 810, 
19, 610, 590, -314, -285, 600, -297, -180, 775, 995, 1058, 971, 
92, 702, 610, -397, -258, 656, -444, -361, 727, 1083, 1180, 1102, 
151, 751, 600, -451, -224, 675, -551, -497, 639, 1083, 1220, 1156, 
190, 756, 566, -473, -187, 661, -629, -634, 497, 966, 1132, 1122, 
175, 707, 531, -441, -178, 619, -688, -805, 302, 766, 961, 1005, 
136, 644, 507, -390, -185, 575, -722, -941, 107, 556, 766, 868, 
126, 605, 478, -366, -175, 541, -746, -1039, -58, 326, 561, 722, 
107, 522, 414, -314, -153, 468, -756, -1132, -244, 87, 331, 556, 
19, 361, 341, -190, -161, 351, -727, -1176, -395, -126, 112, 361, 
-39, 219, 258, -90, -148, 239, -673, -1117, -488, -278, -43, 214, 
-53, 122, 175, -34, -114, 148, -610, -1024, -541, -390, -165, 131, 
-82, 48, 131, 17, -107, 90, -541, -956, -566, -458, -244, 63, 
-126, 9, 136, 58, -131, 73, -463, -858, -517, -463, -268, 9, 
-185, 14, 200, 85, -192, 107, -385, -727, -419, -434, -258, 0, 
-244, 24, 268, 109, -256, 146, -312, -585, -317, -385, -229, 9, 
-263, 24, 287, 119, -275, 156, -248, -453, -214, -341, -195, 24, 
-244, 39, 283, 102, -263, 161, -200, -326, -122, -273, -161, 39, 
-258, 78, 336, 90, -297, 207, -136, -219, -39, -219, -117, 53, 
-322, 78, 400, 122, -361, 239, -78, -131, 43, -180, -92, 63, 
-356, 68, 424, 143, -390, 246, -29, -73, 112, -136, -58, 82, 
-351, 78, 429, 136, -390, 253, 4, -29, 175, -92, -24, 92, 
-341, 97, 439, 122, -390, 268, 14, -9, 224, -68, 0, 97, 
-351, 87, 439, 131, -395, 263, 24, 0, 248, -48, 14, 107, 
-361, 73, 434, 143, -397, 253, 43, 14, 273, -24, 24, 122, 
-370, 73, 444, 148, -407, 258, 43, 29, 297, -24, 34, 126, 
-366, 73, 439, 146, -402, 256, 58, 43, 317, -19, 43, 122, 
-356, 78, 434, 139, -395, 256, 78, 63, 331, -4, 39, 122, 
-366, 78, 444, 143, -405, 261, 87, 87, 346, 4, 39, 126, 
-400, 78, 478, 161, -439, 278, 102, 112, 356, 14, 58, 136, 
-400, 78, 478, 161, -439, 278, 117, 122, 366, 24, 58, 136, 
-405, 78, 483, 163, -444, 280, 117, 112, 370, 24, 58, 126, 
-405, 78, 483, 163, -444, 280, 117, 112, 370, 24, 58, 126, 
-409, 73, 483, 168, -446, 278, 112, 102, 370, 24, 58, 126, 
-409, 68, 478, 170, -444, 273, 97, 87, 361, 14, 58, 117, 
-400, 68, 468, 165, -434, 268, 97, 87, 361, 14, 58, 122, 
-395, 73, 468, 161, -431, 270, 102, 97, 361, 19, 58, 122, 
-395, 78, 473, 158, -434, 275, 107, 107, 366, 19, 63, 122, 
-409, 63, 473, 173, -441, 268, 117, 122, 385, 29, 53, 126, 
-414, 53, 468, 180, -441, 261, 122, 131, 390, 39, 58, 126, 
-419, 48, 468, 185, -444, 258, 122, 131, 390, 39, 58, 126, 
-419, 43, 463, 187, -441, 253, 122, 131, 390, 34, 58, 126, 
-419, 63, 483, 178, -451, 273, 126, 136, 380, 34, 58, 136, 
-414, 68, 483, 173, -448, 275, 122, 131, 375, 34, 63, 136, 
-409, 78, 488, 165, -448, 283, 122, 131, 375, 29, 73, 136, 
-409, 82, 492, 163, -451, 287, 122, 131, 375, 29, 78, 136, 
-400, 82, 483, 158, -441, 283, 112, 122, 385, 34, 68, 131, 
-400, 78, 478, 161, -439, 278, 112, 122, 385, 34, 73, 131, 
-400, 78, 478, 161, -439, 278, 117, 136, 390, 39, 78, 131, 
-409, 78, 488, 165, -448, 283, 122, 146, 390, 39, 78, 131, 
-419, 78, 497, 170, -458, 287, 122, 136, 385, 39, 82, 131, 
-409, 82, 492, 163, -451, 287, 122, 131, 385, 39, 82, 131, 
-409, 82, 492, 163, -451, 287, 122, 131, 385, 39, 82, 131, 
-409, 82, 492, 163, -451, 287, 117, 131, 385, 39, 82, 131, 
-400, 68, 468, 165, -434, 268, 117, 131, 380, 34, 78, 131, 
-395, 68, 463, 163, -429, 265, 117, 126, 380, 34, 78, 131, 
-390, 68, 458, 161, -424, 263, 117, 126, 380, 34, 78, 131, 
-380, 68, 448, 156, -414, 258, 117, 126, 385, 29, 78, 131, 
-375, 78, 453, 148, -414, 265, 117, 141, 395, 39, 78, 131, 
-380, 82, 463, 148, -422, 273, 122, 146, 395, 39, 78, 131, 
-385, 82, 468, 151, -427, 275, 122, 151, 395, 39, 82, 131, 
-390, 82, 473, 153, -431, 278, 122, 151, 395, 39, 82, 131, 
-395, 73, 468, 161, -431, 270, 117, 151, 395, 39, 82, 131, 
-405, 73, 478, 165, -441, 275, 117, 146, 395, 43, 82, 131, 
-409, 73, 483, 168, -446, 278, 117, 141, 395, 43, 82, 131, 
-414, 73, 488, 170, -451, 280, 112, 141, 395, 43, 82, 131, 
-390, 78, 468, 156, -429, 273, 112, 136, 390, 39, 82, 122, 
-395, 78, 473, 158, -434, 275, 112, 131, 390, 39, 82, 122, 
-395, 78, 473, 158, -434, 275, 117, 131, 395, 39, 82, 122, 
-390, 78, 468, 156, -429, 273, 117, 126, 395, 39, 82, 122, 
-390, 87, 478, 151, -434, 283, 107, 136, 395, 48, 82, 131, 
-395, 87, 483, 153, -439, 285, 107, 141, 395, 48, 82, 131, 
-395, 87, 483, 153, -439, 285, 107, 141, 395, 48, 87, 131, 
-395, 87, 483, 153, -439, 285, 107, 136, 390, 48, 87, 131, 
-395, 82, 478, 156, -436, 280, 112, 146, 390, 48, 87, 131, 
-385, 87, 473, 148, -429, 280, 107, 146, 390, 48, 82, 131, 
-385, 87, 473, 148, -429, 280, 107, 146, 390, 48, 82, 131, 
-385, 78, 463, 153, -424, 270, 112, 146, 395, 48, 82, 131, 
-395, 87, 483, 153, -439, 285, 122, 146, 405, 53, 92, 131, 
-395, 92, 488, 151, -441, 290, 117, 146, 405, 53, 92, 131, 
-395, 92, 488, 151, -441, 290, 117, 146, 405, 53, 92, 136, 
-395, 82, 478, 156, -436, 280, 117, 146, 409, 53, 97, 141, 
-395, 82, 478, 156, -436, 280, 112, 146, 409, 53, 97, 151, 
-395, 87, 483, 153, -439, 285, 107, 151, 414, 53, 102, 151, 
-395, 97, 492, 148, -444, 295, 102, 151, 414, 58, 112, 151, 
-395, 97, 492, 148, -444, 295, 97, 151, 414, 58, 112, 151, 
-380, 107, 488, 136, -434, 297, 97, 141, 405, 58, 107, 141, 
-370, 107, 478, 131, -424, 292, 97, 141, 405, 58, 102, 141, 
-366, 107, 473, 129, -419, 290, 102, 141, 405, 63, 102, 141, 
-370, 107, 478, 131, -424, 292, 102, 146, 409, 68, 97, 151, 
-366, 102, 468, 131, -417, 285, 92, 146, 409, 58, 107, 146, 
-366, 97, 463, 134, -414, 280, 87, 146, 400, 58, 97, 146, 
-370, 92, 463, 139, -417, 278, 82, 141, 400, 58, 97, 146, 
-370, 97, 468, 136, -419, 283, 78, 141, 400, 58, 102, 151, 
-361, 102, 463, 129, -412, 283, 78, 151, 409, 68, 107, 156, 
-361, 107, 468, 126, -414, 287, 82, 156, 419, 73, 117, 165, 
-351, 117, 468, 117, -409, 292, 87, 161, 419, 87, 131, 170, 
-351, 122, 473, 114, -412, 297, 87, 161, 419, 92, 136, 175, 
-351, 122, 473, 114, -412, 297, 73, 156, 414, 82, 126, 165, 
-351, 122, 473, 114, -412, 297, 68, 156, 414, 82, 126, 170, 
-341, 122, 463, 109, -402, 292, 68, 156, 419, 87, 131, 175, 
-341, 136, 478, 102, -409, 307, 68, 161, 424, 92, 136, 185, 
-341, 146, 488, 97, -414, 317, 63, 161, 424, 97, 151, 195, 
-326, 151, 478, 87, -402, 314, 63, 161, 424, 102, 156, 200, 
-317, 151, 468, 82, -392, 309, 63, 161, 424, 107, 161, 204, 
-307, 161, 468, 73, -387, 314, 53, 165, 429, 112, 165, 209, 
-307, 170, 478, 68, -392, 324, 53, 156, 429, 107, 161, 214, 
-307, 161, 468, 73, -387, 314, 48, 151, 429, 107, 170, 214, 
-307, 161, 468, 73, -387, 314, 43, 151, 424, 112, 170, 209, 
-302, 161, 463, 70, -383, 312, 34, 151, 424, 112, 175, 209, 
-292, 165, 458, 63, -375, 312, 34, 151, 419, 117, 180, 214, 
-283, 175, 458, 53, -370, 317, 24, 151, 424, 122, 185, 219, 
-273, 190, 463, 41, -368, 326, 19, 146, 424, 122, 185, 224, 
-258, 200, 458, 29, -358, 329, 19, 146, 419, 126, 190, 229, 
-248, 200, 448, 24, -348, 324, 14, 141, 429, 136, 195, 244, 
-248, 204, 453, 21, -351, 329, 9, 141, 429, 136, 200, 248, 
-244, 209, 453, 17, -348, 331, 0, 141, 429, 141, 204, 248, 
-244, 209, 453, 17, -348, 331, 0, 141, 424, 151, 204, 253, 
-234, 219, 453, 7, -344, 336, 0, 141, 424, 156, 209, 258, 
-229, 224, 453, 2, -341, 339, -4, 131, 424, 156, 214, 263, 
-224, 234, 458, -4, -341, 346, -9, 131, 424, 156, 214, 268, 
-224, 234, 458, -4, -341, 346, -14, 131, 424, 156, 214, 273, 
-224, 224, 448, 0, -336, 336, -24, 122, 419, 146, 209, 273, 
-224, 219, 444, 2, -334, 331, -29, 117, 414, 146, 209, 268, 
-219, 219, 439, 0, -329, 329, -29, 117, 405, 146, 209, 263, 
-209, 219, 429, -4, -319, 324, -34, 112, 395, 146, 209, 258, 
-219, 224, 444, -2, -331, 334, -29, 122, 405, 151, 214, 268, 
-219, 234, 453, -7, -336, 344, -29, 122, 409, 156, 224, 283, 
-219, 234, 453, -7, -336, 344, -29, 122, 409, 165, 229, 292, 
-219, 239, 458, -9, -339, 348, -24, 122, 409, 170, 244, 307, 
-224, 244, 468, -9, -346, 356, -34, 112, 400, 161, 253, 297, 
-224, 224, 448, 0, -336, 336, -43, 102, 395, 156, 244, 297, 
-224, 219, 444, 2, -334, 331, -43, 102, 395, 156, 244, 292, 
-224, 219, 444, 2, -334, 331, -39, 102, 400, 161, 244, 292, 
-234, 214, 448, 9, -341, 331, -48, 102, 390, 156, 239, 283, 
-234, 204, 439, 14, -336, 322, -53, 97, 385, 151, 234, 283, 
-234, 200, 434, 17, -334, 317, -53, 92, 385, 146, 229, 283, 
-239, 195, 434, 21, -336, 314, -48, 92, 385, 141, 224, 283, 
-229, 204, 434, 12, -331, 319, -53, 92, 390, 146, 224, 287, 
-229, 204, 434, 12, -331, 319, -53, 92, 390, 146, 219, 278, 
-239, 200, 439, 19, -339, 319, -53, 87, 390, 146, 209, 278, 
-248, 204, 453, 21, -351, 329, -43, 87, 390, 151, 209, 278, 
-244, 219, 463, 12, -353, 341, -19, 102, 409, 161, 214, 287, 
-239, 224, 463, 7, -351, 344, -9, 112, 414, 161, 214, 278, 
-229, 214, 444, 7, -336, 329, -4, 122, 424, 161, 219, 278, 
-239, 219, 458, 9, -348, 339, 0, 131, 429, 161, 219, 273, 
-253, 204, 458, 24, -356, 331, 4, 122, 429, 146, 204, 258, 
-258, 200, 458, 29, -358, 329, 4, 126, 424, 141, 200, 253, 
-268, 190, 458, 39, -363, 324, 0, 126, 419, 141, 200, 248, 
-278, 185, 463, 46, -370, 324, 0, 131, 419, 141, 195, 248, 
-278, 175, 453, 51, -366, 314, 4, 122, 409, 136, 185, 234, 
-283, 175, 458, 53, -370, 317, 9, 117, 409, 131, 180, 224, 
-287, 170, 458, 58, -373, 314, 9, 117, 409, 131, 180, 219, 
-292, 161, 453, 65, -373, 307, 14, 122, 409, 131, 180, 219, 
-302, 170, 473, 65, -387, 322, 24, 122, 419, 136, 175, 214, 
-302, 170, 473, 65, -387, 322, 34, 122, 419, 131, 170, 214, 
-302, 175, 478, 63, -390, 326, 43, 122, 414, 131, 161, 209, 
-307, 180, 488, 63, -397, 334, 48, 122, 414, 131, 161, 204, 
-312, 165, 478, 73, -395, 322, 43, 112, 400, 112, 156, 200, 
-317, 161, 478, 78, -397, 319, 39, 107, 400, 107, 151, 195, 
-317, 161, 478, 78, -397, 319, 34, 107, 400, 97, 141, 190, 
-317, 161, 478, 78, -397, 319, 39, 107, 400, 97, 136, 185, 
-317, 141, 458, 87, -387, 300, 53, 117, 405, 107, 146, 180, 
-317, 136, 453, 90, -385, 295, 53, 117, 405, 107, 146, 180, 
-336, 136, 473, 100, -405, 305, 58, 112, 409, 107, 146, 175, 
-336, 136, 473, 100, -405, 305, 58, 112, 409, 97, 141, 175, 
-341, 126, 468, 107, -405, 297, 53, 102, 400, 87, 126, 185, 
-341, 126, 468, 107, -405, 297, 48, 102, 395, 82, 126, 185, 
-346, 122, 468, 112, -407, 295, 43, 97, 390, 82, 122, 175, 
-346, 122, 468, 112, -407, 295, 39, 92, 385, 78, 117, 175, 
-336, 126, 463, 104, -400, 295, 43, 97, 395, 87, 122, 175, 
-346, 126, 473, 109, -409, 300, 48, 102, 390, 87, 122, 175, 
-346, 131, 478, 107, -412, 305, 53, 112, 385, 87, 131, 175, 
-346, 136, 483, 104, -414, 309, 58, 117, 385, 87, 122, 175, 
-351, 136, 488, 107, -419, 312, 73, 112, 390, 82, 131, 175, 
-351, 136, 488, 107, -419, 312, 78, 112, 390, 82, 131, 175, 
-351, 136, 488, 107, -419, 312, 82, 112, 390, 78, 126, 175, 
-351, 136, 488, 107, -419, 312, 82, 112, 385, 78, 126, 175, 
-341, 126, 468, 107, -405, 297, 73, 107, 380, 78, 112, 165, 
-346, 126, 473, 109, -409, 300, 73, 107, 380, 78, 112, 156, 
-341, 126, 468, 107, -405, 297, 78, 107, 375, 78, 112, 156, 
-336, 126, 463, 104, -400, 295, 78, 107, 375, 73, 112, 151, 
-356, 117, 473, 119, -414, 295, 73, 107, 380, 68, 107, 151, 
-356, 117, 473, 119, -414, 295, 73, 107, 380, 68, 107, 151, 
-346, 117, 463, 114, -405, 290, 73, 107, 380, 68, 102, 151, 
-346, 117, 463, 114, -405, 290, 73, 107, 375, 63, 102, 146, 
-356, 112, 468, 122, -412, 290, 73, 107, 366, 53, 107, 156, 
-366, 107, 473, 129, -419, 290, 73, 102, 366, 53, 107, 156, 
-375, 92, 468, 141, -422, 280, 73, 102, 366, 53, 102, 156, 
-385, 87, 473, 148, -429, 280, 73, 107, 366, 53, 102, 156, 
-390, 78, 468, 156, -429, 273, 63, 97, 361, 53, 92, 146, 
-390, 78, 468, 156, -429, 273, 68, 97, 361, 53, 97, 146, 
-390, 78, 468, 156, -429, 273, 68, 102, 366, 58, 97, 146, 
-395, 78, 473, 158, -434, 275, 68, 102, 370, 58, 97, 146, 
-390, 87, 478, 151, -434, 283, 78, 112, 380, 58, 97, 136, 
-385, 92, 478, 146, -431, 285, 78, 112, 380, 58, 97, 141, 
-361, 97, 458, 131, -409, 278, 78, 112, 380, 58, 97, 141, 
-346, 102, 448, 122, -397, 275, 78, 112, 380, 63, 97, 141, 
-356, 107, 463, 124, -409, 285, 87, 117, 390, 73, 102, 146, 
-370, 112, 483, 129, -427, 297, 87, 122, 390, 73, 107, 151, 
-375, 112, 488, 131, -431, 300, 87, 126, 390, 73, 112, 161, 
-380, 117, 497, 131, -439, 307, 87, 136, 395, 78, 117, 165, 
-375, 117, 492, 129, -434, 305, 97, 141, 395, 87, 117, 165, 
-375, 112, 488, 131, -431, 300, 97, 146, 400, 87, 126, 165, 
-375, 107, 483, 134, -429, 295, 97, 146, 400, 82, 126, 165, 
-375, 107, 483, 134, -429, 295, 97, 146, 400, 82, 122, 165, 
-385, 97, 483, 143, -434, 290, 87, 136, 390, 78, 112, 161, 
-390, 97, 488, 146, -439, 292, 87, 136, 390, 82, 112, 156, 
-390, 97, 488, 146, -439, 292, 87, 136, 390, 78, 117, 151, 
-390, 97, 488, 146, -439, 292, 82, 136, 395, 73, 122, 146, 
-380, 102, 483, 139, -431, 292, 82, 136, 395, 82, 122, 156, 
-370, 107, 478, 131, -424, 292, 82, 141, 395, 87, 122, 156, 
-361, 122, 483, 119, -422, 302, 87, 141, 395, 87, 122, 161, 
-370, 126, 497, 122, -434, 312, 87, 141, 405, 87, 126, 161, 
-380, 122, 502, 129, -441, 312, 92, 141, 405, 87, 117, 161, 
-370, 112, 483, 129, -427, 297, 92, 136, 405, 82, 112, 156, 
-370, 107, 478, 131, -424, 292, 87, 136, 405, 82, 112, 156, 
-375, 112, 488, 131, -431, 300, 87, 141, 405, 87, 117, 165, 
-380, 122, 502, 129, -441, 312, 87, 141, 405, 87, 122, 175, 
-380, 117, 497, 131, -439, 307, 87, 141, 405, 87, 126, 170, 
-380, 112, 492, 134, -436, 302, 87, 141, 405, 87, 131, 170, 
-375, 112, 488, 131, -431, 300, 87, 141, 405, 87, 136, 170, 
-375, 117, 492, 129, -434, 305, 97, 151, 419, 92, 131, 175, 
-370, 117, 488, 126, -429, 302, 97, 151, 419, 97, 131, 175, 
-370, 122, 492, 124, -431, 307, 102, 151, 419, 97, 131, 175, 
-370, 122, 492, 124, -431, 307, 102, 151, 419, 92, 131, 170, 
-375, 112, 488, 131, -431, 300, 87, 151, 409, 102, 131, 180, 
-380, 122, 502, 129, -441, 312, 87, 151, 409, 102, 131, 180, 
-385, 122, 507, 131, -446, 314, 87, 151, 409, 102, 131, 180, 
-390, 112, 502, 139, -446, 307, 87, 151, 409, 102, 131, 185, 
-385, 122, 507, 131, -446, 314, 87, 141, 409, 102, 141, 175, 
-375, 117, 492, 129, -434, 305, 87, 141, 409, 102, 141, 175, 
-370, 117, 488, 126, -429, 302, 87, 141, 405, 102, 141, 175, 
-366, 122, 488, 122, -427, 305, 87, 141, 405, 102, 141, 175, 
-375, 117, 492, 129, -434, 305, 97, 136, 405, 102, 141, 175, 
-380, 112, 492, 134, -436, 302, 97, 131, 405, 102, 141, 175, 
-385, 112, 497, 136, -441, 305, 102, 131, 405, 102, 141, 180, 
-390, 107, 497, 141, -444, 302, 102, 131, 400, 102, 141, 180, 
-390, 112, 502, 139, -446, 307, 92, 141, 409, 92, 131, 170, 
-390, 112, 502, 139, -446, 307, 92, 136, 409, 92, 126, 170, 
-390, 112, 502, 139, -446, 307, 92, 136, 405, 87, 122, 165, 
-395, 112, 507, 141, -451, 309, 87, 136, 405, 87, 122, 165, 
-385, 97, 483, 143, -434, 290, 87, 136, 414, 97, 131, 165, 
-380, 97, 478, 141, -429, 287, 92, 136, 409, 97, 136, 165, 
-380, 97, 478, 141, -429, 287, 97, 136, 409, 97, 136, 165, 
-385, 97, 483, 143, -434, 290, 102, 136, 409, 92, 131, 165, 
-385, 107, 492, 139, -439, 300, 92, 136, 405, 97, 131, 161, 
-385, 102, 488, 141, -436, 295, 92, 131, 405, 92, 126, 161, 
-390, 102, 492, 143, -441, 297, 92, 131, 405, 92, 126, 165, 
-395, 102, 497, 146, -446, 300, 97, 136, 409, 97, 126, 170, 
-385, 97, 483, 143, -434, 290, 87, 126, 400, 92, 126, 161, 
-380, 97, 478, 141, -429, 287, 87, 126, 400, 92, 126, 161, 
-375, 97, 473, 139, -424, 285, 87, 126, 395, 92, 126, 165, 
-375, 97, 473, 139, -424, 285, 87, 122, 395, 87, 126, 165, 
-361, 146, 507, 107, -434, 326, 97, 122, 405, 107, 126, 180, 
-361, 146, 507, 107, -434, 326, 97, 131, 405, 112, 136, 180, 
-380, 126, 507, 126, -444, 317, 97, 131, 395, 102, 126, 170, 
-380, 117, 497, 131, -439, 307, 97, 136, 400, 87, 126, 165, 
-380, 107, 488, 136, -434, 297, 107, 136, 409, 97, 126, 165, 
-380, 107, 488, 136, -434, 297, 107, 136, 409, 97, 126, 165, 
-380, 107, 488, 136, -434, 297, 107, 136, 409, 97, 126, 165, 
-380, 107, 488, 136, -434, 297, 107, 136, 409, 97, 126, 165, 
-370, 117, 488, 126, -429, 302, 107, 126, 409, 107, 126, 175, 
-366, 126, 492, 119, -429, 309, 107, 126, 409, 107, 126, 175, 
-366, 136, 502, 114, -434, 319, 107, 126, 405, 107, 126, 175, 
-370, 146, 517, 112, -444, 331, 107, 126, 405, 107, 126, 175, 
-385, 136, 522, 124, -453, 329, 107, 136, 409, 107, 126, 175, 
-380, 136, 517, 122, -448, 326, 107, 136, 409, 112, 131, 180, 
-385, 131, 517, 126, -451, 324, 107, 136, 409, 112, 136, 180, 
-395, 126, 522, 134, -458, 324, 102, 136, 409, 107, 136, 180, 
-400, 122, 522, 139, -461, 322, 102, 136, 414, 107, 131, 170, 
-409, 117, 527, 146, -468, 322, 107, 141, 414, 107, 131, 170, 
-414, 122, 536, 146, -475, 329, 112, 151, 429, 112, 136, 175, 
-409, 131, 541, 139, -475, 336, 112, 156, 439, 122, 141, 180, 
-400, 136, 536, 131, -468, 336, 102, 146, 434, 122, 146, 170, 
-400, 136, 536, 131, -468, 336, 107, 151, 439, 126, 146, 180, 
-395, 156, 551, 119, -473, 353, 107, 151, 439, 131, 146, 180, 
-385, 161, 546, 112, -466, 353, 107, 151, 448, 131, 146, 180, 
-380, 170, 551, 104, -466, 361, 102, 141, 444, 136, 151, 195, 
-375, 185, 561, 95, -468, 373, 102, 146, 448, 136, 161, 200, 
-356, 195, 551, 80, -453, 373, 97, 146, 453, 146, 165, 204, 
-346, 195, 541, 75, -444, 368, 97, 151, 458, 151, 170, 209, 
-346, 185, 531, 80, -439, 358, 107, 156, 468, 156, 170, 209, 
-341, 190, 531, 75, -436, 361, 107, 170, 473, 156, 175, 209, 
-331, 190, 522, 70, -427, 356, 107, 175, 478, 156, 175, 214, 
-322, 200, 522, 61, -422, 361, 107, 190, 488, 156, 180, 219, 
-307, 209, 517, 48, -412, 363, 107, 204, 478, 156, 180, 219, 
-307, 195, 502, 56, -405, 348, 112, 214, 478, 161, 180, 219, 
-307, 195, 502, 56, -405, 348, 122, 219, 483, 161, 185, 219, 
-302, 190, 492, 56, -397, 341, 131, 219, 483, 156, 185, 219, 
-317, 180, 497, 68, -407, 339, 122, 214, 473, 151, 175, 224, 
-331, 175, 507, 78, -419, 341, 117, 200, 463, 151, 170, 214, 
-331, 165, 497, 82, -414, 331, 117, 185, 458, 141, 165, 214, 
-331, 165, 497, 82, -414, 331, 102, 170, 448, 136, 161, 209, 
-341, 156, 497, 92, -419, 326, 92, 146, 429, 122, 151, 190, 
-356, 136, 492, 109, -424, 314, 87, 141, 414, 107, 136, 180, 
-366, 131, 497, 117, -431, 314, 82, 131, 405, 102, 131, 180, 
-356, 131, 488, 112, -422, 309, 78, 131, 400, 102, 131, 180, 
-356, 117, 473, 119, -414, 295, 73, 117, 390, 97, 122, 165, 
-356, 107, 463, 124, -409, 285, 68, 117, 390, 97, 122, 161, 
-356, 107, 463, 124, -409, 285, 68, 117, 390, 92, 122, 156, 
-366, 107, 473, 129, -419, 290, 63, 112, 385, 87, 112, 156, 
-380, 102, 483, 139, -431, 292, 68, 117, 395, 92, 117, 165, 
-380, 107, 488, 136, -434, 297, 73, 117, 395, 97, 122, 170, 
-380, 112, 492, 134, -436, 302, 87, 126, 400, 102, 126, 180, 
-385, 117, 502, 134, -444, 309, 97, 126, 400, 107, 131, 185, 
-380, 112, 492, 134, -436, 302, 97, 126, 395, 92, 122, 170, 
-385, 112, 497, 136, -441, 305, 97, 126, 395, 92, 117, 165, 
-385, 117, 502, 134, -444, 309, 92, 122, 395, 92, 117, 161, 
-385, 117, 502, 134, -444, 309, 92, 122, 390, 92, 112, 156, 
-390, 107, 497, 141, -444, 302, 87, 122, 390, 92, 122, 151, 
-390, 97, 488, 146, -439, 292, 87, 122, 390, 92, 117, 146, 
-395, 97, 492, 148, -444, 295, 92, 122, 390, 92, 112, 146, 
-395, 92, 488, 151, -441, 290, 92, 126, 390, 92, 107, 141, 
-400, 102, 502, 148, -451, 302, 112, 126, 385, 92, 107, 151, 
-409, 97, 507, 156, -458, 302, 112, 117, 380, 87, 102, 146, 
-419, 92, 512, 163, -466, 302, 107, 112, 380, 82, 97, 141, 
-429, 92, 522, 168, -475, 307, 107, 112, 380, 82, 97, 141, 
-439, 82, 522, 178, -480, 302, 112, 112, 375, 73, 97, 141, 
-429, 82, 512, 173, -470, 297, 112, 107, 375, 73, 92, 141, 
-429, 87, 517, 170, -473, 302, 107, 107, 375, 73, 92, 141, 
-434, 87, 522, 173, -478, 305, 107, 107, 375, 73, 97, 141, 
-434, 78, 512, 178, -473, 295, 107, 112, 385, 82, 102, 146, 
-434, 78, 512, 178, -473, 295, 112, 117, 385, 82, 102, 146, 
-434, 82, 517, 175, -475, 300, 112, 117, 385, 82, 102, 141, 
-424, 82, 507, 170, -466, 295, 112, 117, 385, 82, 97, 141, 
-424, 87, 512, 168, -468, 300, 112, 112, 385, 82, 97, 141, 
-429, 92, 522, 168, -475, 307, 112, 112, 385, 82, 97, 141, 
-429, 97, 527, 165, -478, 312, 112, 112, 385, 82, 97, 141, 
-419, 102, 522, 158, -470, 312, 112, 107, 385, 82, 97, 141, 
-414, 102, 517, 156, -466, 309, 112, 107, 375, 73, 97, 136, 
-414, 107, 522, 153, -468, 314, 112, 107, 375, 73, 97, 136, 
-409, 107, 517, 151, -463, 312, 112, 112, 375, 78, 97, 136, 
-405, 107, 512, 148, -458, 309, 112, 112, 375, 78, 97, 136, 
-385, 122, 507, 131, -446, 314, 112, 112, 375, 87, 97, 141, 
-375, 122, 497, 126, -436, 309, 112, 112, 375, 82, 97, 146, 
-385, 122, 507, 131, -446, 314, 112, 112, 380, 82, 97, 151, 
-375, 126, 502, 124, -439, 314, 112, 112, 380, 82, 97, 151, 
-375, 122, 497, 126, -436, 309, 122, 117, 380, 92, 107, 161, 
-390, 122, 512, 134, -451, 317, 122, 122, 380, 92, 107, 161, 
-405, 126, 531, 139, -468, 329, 122, 126, 380, 92, 112, 161, 
-414, 122, 536, 146, -475, 329, 122, 131, 380, 92, 112, 161, 
-424, 107, 531, 158, -478, 319, 117, 122, 366, 87, 102, 156, 
-429, 92, 522, 168, -475, 307, 112, 122, 361, 82, 102, 151, 
-439, 78, 517, 180, -478, 297, 107, 117, 361, 82, 102, 146, 
-453, 63, 517, 195, -485, 290, 102, 117, 366, 78, 102, 141, 
-439, 73, 512, 183, -475, 292, 122, 122, 375, 78, 107, 141, 
-439, 68, 507, 185, -473, 287, 112, 131, 390, 87, 117, 141, 
-434, 73, 507, 180, -470, 290, 122, 161, 414, 97, 126, 141, 
-434, 82, 517, 175, -475, 300, 141, 229, 463, 122, 141, 161, 
-414, 117, 531, 148, -473, 324, 170, 302, 517, 156, 165, 175, 
-385, 136, 522, 124, -453, 329, 195, 385, 570, 214, 209, 200, 
-385, 151, 536, 117, -461, 344, 204, 463, 663, 307, 292, 268, 
-395, 195, 590, 100, -492, 392, 195, 478, 761, 424, 400, 366, 
-346, 278, 624, 34, -485, 451, 151, 409, 810, 541, 517, 458, 
-268, 370, 639, -51, -453, 505, 73, 307, 834, 658, 649, 570, 
-195, 448, 644, -126, -419, 546, -14, 185, 824, 790, 795, 707, 
-102, 551, 653, -224, -378, 602, -141, 24, 814, 912, 951, 844, 
4, 663, 658, -334, -326, 661, -283, -165, 790, 1029, 1093, 985, 
97, 756, 658, -427, -280, 707, -414, -326, 727, 1112, 1205, 1098, 
131, 800, 668, -466, -268, 734, -512, -458, 639, 1102, 1229, 1141, 
141, 790, 649, -466, -253, 719, -580, -575, 502, 976, 1132, 1098, 
112, 736, 624, -424, -256, 680, -629, -712, 322, 780, 956, 985, 
87, 668, 580, -378, -246, 624, -678, -854, 117, 561, 746, 839, 
58, 605, 546, -331, -244, 575, -702, -961, -78, 331, 531, 683, 
9, 497, 488, -253, -239, 492, -678, -1029, -253, 102, 297, 517, 
-48, 366, 414, -158, -231, 390, -629, -1063, -390, -97, 97, 341, 
-87, 253, 341, -82, -214, 297, -580, -1039, -483, -234, -34, 214, 
-117, 161, 278, -21, -197, 219, -536, -971, -527, -326, -131, 126, 
-161, 92, 253, 34, -207, 173, -483, -897, -551, -390, -204, 53, 
-200, 58, 258, 70, -229, 158, -444, -819, -517, -409, -234, 14, 
-253, 48, 302, 102, -278, 175, -375, -702, -419, -385, -229, 0, 
-312, 53, 366, 129, -339, 209, -278, -551, -302, -326, -200, 9, 
-331, 73, 405, 129, -368, 239, -224, -429, -209, -278, -161, 19, 
-312, 102, 414, 104, -363, 258, -190, -317, -126, -224, -117, 34, 
-322, 117, 439, 102, -380, 278, -131, -209, -34, -165, -82, 58, 
-346, 107, 453, 119, -400, 280, -48, -102, 48, -131, -58, 63, 
-370, 107, 478, 131, -424, 292, 0, -43, 112, -102, -43, 63, 
-385, 107, 492, 139, -439, 300, 19, -14, 151, -78, -29, 73, 
-390, 117, 507, 136, -448, 312, 34, 0, 195, -43, -4, 73, 
-390, 126, 517, 131, -453, 322, 43, 19, 244, -9, 29, 97, 
-390, 126, 517, 131, -453, 322, 53, 39, 287, 9, 53, 117, 
-390, 112, 502, 139, -446, 307, 63, 53, 312, 24, 63, 122, 
-409, 102, 512, 153, -461, 307, 73, 78, 326, 43, 73, 136, 
-424, 112, 536, 156, -480, 324, 97, 102, 336, 58, 92, 151, 
-414, 117, 531, 148, -473, 324, 107, 122, 341, 63, 97, 151, 
-414, 117, 531, 148, -473, 324, 117, 126, 346, 63, 87, 146, 
-439, 117, 556, 161, -497, 336, 131, 131, 356, 63, 87, 146, 
-448, 117, 566, 165, -507, 341, 136, 131, 361, 73, 87, 136, 
-453, 117, 570, 168, -512, 344, 136, 122, 370, 73, 87, 126, 
-453, 117, 570, 168, -512, 344, 136, 122, 375, 73, 87, 126, 
-458, 112, 570, 173, -514, 341, 131, 112, 380, 73, 87, 126, 
-444, 107, 551, 168, -497, 329, 126, 112, 380, 73, 97, 136, 
-429, 107, 536, 161, -483, 322, 126, 117, 380, 73, 97, 141, 
-419, 112, 531, 153, -475, 322, 131, 131, 380, 78, 97, 141, 
-414, 117, 531, 148, -473, 324, 136, 146, 385, 78, 102, 141, 
-424, 117, 541, 153, -483, 329, 156, 141, 385, 78, 92, 146, 
-434, 112, 546, 161, -490, 329, 161, 151, 390, 87, 97, 146, 
-444, 112, 556, 165, -500, 334, 161, 151, 390, 87, 97, 146, 
-448, 112, 561, 168, -505, 336, 161, 151, 390, 82, 97, 146, 
-439, 126, 566, 156, -502, 346, 146, 146, 400, 92, 102, 146, 
-434, 126, 561, 153, -497, 344, 141, 141, 395, 92, 102, 146, 
-429, 131, 561, 148, -495, 346, 141, 141, 395, 87, 107, 146, 
-429, 131, 561, 148, -495, 346, 141, 141, 395, 87, 107, 146, 
-429, 131, 561, 148, -495, 346, 141, 131, 385, 82, 97, 141, 
-429, 126, 556, 151, -492, 341, 141, 131, 385, 82, 102, 141, 
-429, 126, 556, 151, -492, 341, 146, 146, 390, 87, 107, 141, 
-439, 126, 566, 156, -502, 346, 151, 156, 390, 87, 107, 141, 
-429, 117, 546, 156, -488, 331, 151, 156, 385, 78, 102, 141, 
-419, 122, 541, 148, -480, 331, 151, 151, 385, 78, 102, 141, 
-419, 122, 541, 148, -480, 331, 151, 151, 385, 78, 102, 141, 
-419, 122, 541, 148, -480, 331, 146, 151, 385, 78, 102, 141, 
-424, 126, 551, 148, -488, 339, 146, 151, 390, 92, 107, 151, 
-434, 126, 561, 153, -497, 344, 146, 146, 390, 92, 107, 151, 
-444, 126, 570, 158, -507, 348, 146, 146, 390, 92, 107, 151, 
-448, 126, 575, 161, -512, 351, 146, 146, 395, 87, 107, 151, 
-434, 122, 556, 156, -495, 339, 146, 141, 395, 78, 107, 151, 
-429, 122, 551, 153, -490, 336, 151, 146, 395, 78, 107, 151, 
-424, 117, 541, 153, -483, 329, 151, 151, 395, 78, 112, 151, 
-419, 112, 531, 153, -475, 322, 151, 151, 395, 78, 112, 151, 
-424, 112, 536, 156, -480, 324, 156, 156, 405, 87, 122, 161, 
-434, 112, 546, 161, -490, 329, 156, 156, 405, 92, 122, 161, 
-439, 112, 551, 163, -495, 331, 156, 156, 405, 92, 122, 161, 
-444, 112, 556, 165, -500, 334, 151, 161, 405, 92, 122, 161, 
-424, 117, 541, 153, -483, 329, 141, 151, 400, 97, 117, 161, 
-434, 117, 551, 158, -492, 334, 141, 151, 400, 97, 112, 161, 
-439, 117, 556, 161, -497, 336, 146, 156, 405, 97, 107, 161, 
-439, 117, 556, 161, -497, 336, 146, 156, 405, 97, 102, 161, 
-429, 117, 546, 156, -488, 331, 146, 165, 405, 97, 112, 151, 
-434, 117, 551, 158, -492, 334, 146, 170, 405, 97, 112, 151, 
-434, 117, 551, 158, -492, 334, 146, 170, 405, 97, 117, 151, 
-434, 117, 551, 158, -492, 334, 146, 165, 400, 97, 117, 151, 
-444, 131, 575, 156, -509, 353, 141, 165, 409, 97, 117, 151, 
-434, 136, 570, 148, -502, 353, 136, 165, 409, 97, 112, 151, 
-434, 136, 570, 148, -502, 353, 136, 165, 409, 97, 112, 151, 
-434, 126, 561, 153, -497, 344, 141, 165, 414, 97, 112, 151, 
-434, 117, 551, 158, -492, 334, 151, 165, 405, 102, 122, 161, 
-434, 122, 556, 156, -495, 339, 146, 165, 405, 102, 122, 161, 
-434, 122, 556, 156, -495, 339, 146, 165, 405, 102, 122, 165, 
-434, 112, 546, 161, -490, 329, 146, 165, 409, 102, 126, 170, 
-424, 112, 536, 156, -480, 324, 146, 165, 400, 97, 112, 161, 
-424, 117, 541, 153, -483, 329, 146, 170, 405, 92, 112, 161, 
-424, 126, 551, 148, -488, 339, 146, 170, 405, 92, 117, 161, 
-424, 126, 551, 148, -488, 339, 146, 170, 405, 87, 112, 161, 
-414, 136, 551, 139, -483, 344, 136, 170, 405, 97, 122, 170, 
-409, 136, 546, 136, -478, 341, 136, 170, 405, 97, 122, 170, 
-409, 136, 546, 136, -478, 341, 141, 170, 405, 102, 126, 170, 
-419, 136, 556, 141, -488, 346, 141, 175, 409, 107, 126, 180, 
-409, 146, 556, 131, -483, 351, 141, 165, 419, 107, 136, 185, 
-405, 146, 551, 129, -478, 348, 136, 165, 409, 107, 126, 185, 
-405, 146, 551, 129, -478, 348, 131, 161, 409, 107, 126, 185, 
-400, 156, 556, 122, -478, 356, 126, 161, 409, 107, 131, 190, 
-390, 156, 546, 117, -468, 351, 131, 165, 409, 112, 122, 185, 
-390, 156, 546, 117, -468, 351, 131, 175, 419, 112, 126, 185, 
-380, 161, 541, 109, -461, 351, 131, 185, 419, 122, 136, 180, 
-380, 161, 541, 109, -461, 351, 126, 190, 419, 122, 136, 175, 
-380, 151, 531, 114, -456, 341, 117, 180, 405, 122, 141, 185, 
-380, 151, 531, 114, -456, 341, 107, 175, 405, 122, 146, 190, 
-370, 151, 522, 109, -446, 336, 102, 170, 409, 126, 156, 195, 
-370, 165, 536, 102, -453, 351, 97, 170, 414, 131, 165, 204, 
-370, 175, 546, 97, -458, 361, 102, 170, 414, 126, 161, 214, 
-356, 180, 536, 87, -446, 358, 102, 170, 414, 131, 165, 219, 
-346, 180, 527, 82, -436, 353, 102, 170, 414, 136, 170, 224, 
-336, 190, 527, 73, -431, 358, 92, 175, 419, 141, 175, 229, 
-346, 209, 556, 68, -451, 383, 92, 185, 419, 156, 180, 234, 
-346, 200, 546, 73, -446, 373, 87, 180, 419, 156, 190, 234, 
-346, 200, 546, 73, -446, 373, 82, 180, 414, 161, 190, 229, 
-341, 200, 541, 70, -441, 370, 73, 180, 414, 161, 195, 229, 
-326, 209, 536, 58, -431, 373, 73, 180, 429, 175, 204, 248, 
-322, 214, 536, 53, -429, 375, 63, 180, 434, 180, 214, 258, 
-317, 224, 541, 46, -429, 383, 58, 175, 434, 180, 219, 268, 
-307, 229, 536, 39, -422, 383, 58, 175, 429, 185, 229, 278, 
-297, 239, 536, 29, -417, 387, 63, 161, 419, 175, 229, 278, 
-297, 244, 541, 26, -419, 392, 58, 161, 419, 175, 229, 278, 
-292, 248, 541, 21, -417, 395, 48, 161, 419, 180, 229, 273, 
-292, 248, 541, 21, -417, 395, 48, 161, 414, 190, 224, 273, 
-283, 248, 531, 17, -407, 390, 48, 170, 424, 185, 229, 268, 
-278, 253, 531, 12, -405, 392, 43, 161, 424, 185, 234, 273, 
-273, 263, 536, 4, -405, 400, 39, 161, 424, 185, 234, 278, 
-273, 263, 536, 4, -405, 400, 34, 161, 424, 185, 234, 283, 
-278, 253, 531, 12, -405, 392, 34, 151, 419, 185, 239, 287, 
-283, 248, 531, 17, -407, 390, 29, 146, 414, 185, 239, 287, 
-283, 248, 531, 17, -407, 390, 29, 146, 405, 185, 239, 287, 
-278, 248, 527, 14, -402, 387, 24, 141, 395, 185, 239, 287, 
-268, 253, 522, 7, -395, 387, 9, 131, 385, 185, 229, 287, 
-268, 263, 531, 2, -400, 397, 9, 131, 390, 185, 234, 292, 
-268, 263, 531, 2, -400, 397, 9, 131, 390, 190, 234, 292, 
-268, 268, 536, 0, -402, 402, 14, 131, 390, 190, 244, 297, 
-253, 278, 531, -12, -392, 405, 14, 141, 400, 190, 244, 287, 
-253, 263, 517, -4, -385, 390, 4, 131, 395, 185, 234, 287, 
-253, 263, 517, -4, -385, 390, 4, 131, 395, 185, 234, 283, 
-253, 268, 522, -7, -387, 395, 9, 131, 400, 190, 234, 283, 
-253, 278, 531, -12, -392, 405, 19, 136, 400, 180, 234, 283, 
-253, 273, 527, -9, -390, 400, 14, 136, 395, 180, 234, 283, 
-253, 273, 527, -9, -390, 400, 14, 136, 395, 180, 234, 283, 
-258, 273, 531, -7, -395, 402, 19, 141, 395, 180, 234, 283, 
-268, 268, 536, 0, -402, 402, 29, 146, 405, 185, 234, 278, 
-268, 263, 531, 2, -400, 397, 34, 151, 409, 185, 229, 268, 
-278, 253, 531, 12, -405, 392, 39, 151, 414, 185, 219, 268, 
-287, 253, 541, 17, -414, 397, 53, 156, 419, 190, 219, 268, 
-302, 253, 556, 24, -429, 405, 53, 161, 414, 200, 224, 278, 
-307, 253, 561, 26, -434, 407, 58, 161, 414, 200, 224, 268, 
-307, 239, 546, 34, -427, 392, 58, 161, 419, 200, 229, 268, 
-326, 239, 566, 43, -446, 402, 58, 161, 419, 200, 229, 263, 
-322, 248, 570, 36, -446, 409, 58, 156, 424, 190, 219, 248, 
-317, 248, 566, 34, -441, 407, 63, 156, 424, 180, 209, 244, 
-317, 244, 561, 36, -439, 402, 63, 151, 424, 175, 204, 239, 
-317, 244, 561, 36, -439, 402, 68, 151, 429, 170, 195, 239, 
-317, 234, 551, 41, -434, 392, 82, 156, 439, 165, 195, 234, 
-322, 234, 556, 43, -439, 395, 87, 156, 439, 161, 190, 224, 
-326, 229, 556, 48, -441, 392, 87, 161, 439, 161, 190, 219, 
-331, 219, 551, 56, -441, 385, 92, 170, 439, 161, 190, 219, 
-351, 214, 566, 68, -458, 390, 97, 170, 429, 156, 175, 224, 
-351, 209, 561, 70, -456, 385, 102, 170, 429, 151, 170, 224, 
-351, 209, 561, 70, -456, 385, 107, 170, 424, 151, 161, 219, 
-356, 209, 566, 73, -461, 387, 107, 170, 424, 151, 161, 214, 
-351, 214, 566, 68, -458, 390, 107, 161, 419, 151, 165, 200, 
-356, 209, 566, 73, -461, 387, 107, 156, 419, 146, 161, 195, 
-356, 209, 566, 73, -461, 387, 107, 156, 419, 136, 151, 190, 
-356, 209, 566, 73, -461, 387, 117, 156, 419, 136, 146, 185, 
-356, 190, 546, 82, -451, 368, 122, 156, 429, 126, 146, 180, 
-356, 185, 541, 85, -448, 363, 122, 156, 424, 126, 146, 180, 
-375, 185, 561, 95, -468, 373, 126, 151, 424, 126, 146, 175, 
-375, 185, 561, 95, -468, 373, 126, 151, 419, 117, 141, 175, 
-380, 175, 556, 102, -468, 366, 126, 161, 414, 126, 136, 185, 
-380, 175, 556, 102, -468, 366, 126, 161, 414, 122, 136, 185, 
-385, 170, 556, 107, -470, 363, 126, 156, 414, 122, 131, 175, 
-385, 170, 556, 107, -470, 363, 126, 151, 414, 117, 126, 175, 
-375, 180, 556, 97, -466, 368, 126, 161, 424, 126, 131, 175, 
-385, 175, 561, 104, -473, 368, 126, 161, 419, 126, 131, 175, 
-385, 175, 561, 104, -473, 368, 126, 165, 414, 126, 141, 175, 
-385, 175, 561, 104, -473, 368, 126, 165, 414, 126, 131, 175, 
-370, 175, 546, 97, -458, 361, 146, 151, 405, 112, 131, 175, 
-370, 175, 546, 97, -458, 361, 146, 151, 400, 112, 131, 175, 
-370, 175, 546, 97, -458, 361, 146, 151, 395, 107, 126, 175, 
-370, 175, 546, 97, -458, 361, 141, 151, 385, 107, 126, 175, 
-380, 165, 546, 107, -463, 356, 141, 146, 385, 107, 122, 165, 
-395, 165, 561, 114, -478, 363, 141, 146, 390, 107, 122, 156, 
-400, 165, 566, 117, -483, 366, 146, 146, 390, 107, 122, 156, 
-405, 165, 570, 119, -488, 368, 146, 146, 395, 102, 122, 151, 
-405, 165, 570, 119, -488, 368, 131, 146, 400, 102, 117, 161, 
-405, 165, 570, 119, -488, 368, 131, 146, 400, 107, 117, 161, 
-395, 165, 561, 114, -478, 363, 131, 146, 400, 112, 112, 161, 
-395, 165, 561, 114, -478, 363, 131, 146, 395, 112, 112, 156, 
-395, 165, 561, 114, -478, 363, 136, 156, 395, 102, 117, 156, 
-395, 165, 561, 114, -478, 363, 141, 151, 395, 102, 117, 156, 
-395, 156, 551, 119, -473, 353, 146, 151, 395, 102, 112, 156, 
-395, 156, 551, 119, -473, 353, 151, 156, 395, 102, 112, 156, 
-405, 165, 570, 119, -488, 368, 146, 146, 390, 92, 102, 146, 
-400, 165, 566, 117, -483, 366, 146, 146, 390, 92, 107, 146, 
-395, 165, 561, 114, -478, 363, 141, 151, 395, 97, 107, 146, 
-395, 165, 561, 114, -478, 363, 136, 151, 400, 97, 107, 146, 
-395, 170, 566, 112, -480, 368, 141, 161, 400, 97, 107, 156, 
-405, 170, 575, 117, -490, 373, 146, 161, 400, 97, 107, 161, 
-395, 170, 566, 112, -480, 368, 151, 161, 400, 97, 107, 161, 
-395, 170, 566, 112, -480, 368, 156, 161, 400, 102, 107, 161, 
-390, 170, 561, 109, -475, 366, 146, 161, 409, 112, 117, 151, 
-400, 170, 570, 114, -485, 370, 146, 161, 409, 112, 117, 151, 
-400, 165, 566, 117, -483, 366, 146, 161, 409, 112, 117, 156, 
-400, 165, 566, 117, -483, 366, 146, 165, 414, 117, 117, 156, 
-400, 175, 575, 112, -488, 375, 141, 161, 405, 117, 117, 156, 
-395, 180, 575, 107, -485, 378, 136, 165, 409, 117, 126, 156, 
-390, 185, 575, 102, -483, 380, 131, 165, 409, 112, 126, 156, 
-385, 195, 580, 95, -483, 387, 126, 165, 409, 112, 122, 156, 
-375, 190, 566, 92, -470, 378, 131, 165, 409, 112, 112, 165, 
-380, 185, 566, 97, -473, 375, 136, 165, 409, 122, 112, 165, 
-380, 180, 561, 100, -470, 370, 141, 165, 409, 122, 117, 165, 
-380, 175, 556, 102, -468, 366, 141, 165, 414, 122, 122, 165, 
-385, 165, 551, 109, -468, 358, 141, 175, 424, 131, 131, 175, 
-380, 165, 546, 107, -463, 356, 141, 180, 424, 136, 131, 175, 
-375, 175, 551, 100, -463, 363, 146, 180, 424, 136, 131, 180, 
-390, 175, 566, 107, -478, 370, 146, 180, 434, 136, 136, 180, 
-380, 175, 556, 102, -468, 366, 141, 180, 434, 126, 136, 180, 
-370, 170, 541, 100, -456, 356, 141, 175, 434, 122, 131, 175, 
-370, 170, 541, 100, -456, 356, 136, 175, 434, 122, 131, 175, 
-375, 180, 556, 97, -466, 368, 136, 180, 434, 126, 136, 185, 
-390, 180, 570, 104, -480, 375, 146, 190, 434, 126, 136, 170, 
-390, 175, 566, 107, -478, 370, 146, 190, 434, 126, 136, 161, 
-390, 170, 561, 109, -475, 366, 146, 190, 434, 126, 136, 156, 
-385, 170, 556, 107, -470, 363, 146, 190, 434, 126, 136, 151, 
-385, 185, 570, 100, -478, 378, 146, 190, 439, 141, 151, 161, 
-380, 185, 566, 97, -473, 375, 146, 190, 439, 146, 151, 165, 
-380, 190, 570, 95, -475, 380, 151, 190, 439, 146, 151, 170, 
-380, 190, 570, 95, -475, 380, 151, 190, 439, 141, 151, 170, 
-380, 190, 570, 95, -475, 380, 146, 185, 429, 136, 141, 170, 
-380, 200, 580, 90, -480, 390, 146, 180, 429, 131, 141, 170, 
-380, 200, 580, 90, -480, 390, 146, 175, 429, 126, 141, 170, 
-380, 190, 570, 95, -475, 380, 146, 170, 429, 122, 141, 175, 
-390, 180, 570, 104, -480, 375, 136, 180, 439, 122, 131, 165, 
-385, 175, 561, 104, -473, 368, 136, 180, 439, 122, 131, 165, 
-385, 175, 561, 104, -473, 368, 136, 180, 434, 122, 131, 165, 
-385, 180, 566, 102, -475, 373, 136, 180, 434, 122, 131, 165, 
-390, 180, 570, 104, -480, 375, 141, 180, 434, 131, 131, 165, 
-390, 180, 570, 104, -480, 375, 146, 180, 434, 131, 131, 165, 
-390, 185, 575, 102, -483, 380, 156, 185, 434, 131, 131, 170, 
-390, 185, 575, 102, -483, 380, 161, 190, 429, 131, 131, 170, 
-400, 175, 575, 112, -488, 375, 151, 180, 419, 131, 141, 170, 
-400, 170, 570, 114, -485, 370, 151, 175, 419, 131, 136, 170, 
-400, 165, 566, 117, -483, 366, 151, 175, 414, 126, 131, 165, 
-405, 161, 566, 122, -485, 363, 146, 175, 414, 126, 131, 165, 
-395, 161, 556, 117, -475, 358, 131, 165, 414, 117, 122, 165, 
-390, 165, 556, 112, -473, 361, 131, 165, 409, 117, 126, 165, 
-390, 170, 561, 109, -475, 366, 131, 165, 409, 117, 126, 165, 
-395, 175, 570, 109, -483, 373, 131, 165, 409, 112, 122, 165, 
-395, 165, 561, 114, -478, 363, 141, 165, 414, 117, 122, 165, 
-395, 161, 556, 117, -475, 358, 141, 161, 414, 112, 117, 161, 
-400, 161, 561, 119, -480, 361, 141, 161, 414, 112, 117, 161, 
-405, 161, 566, 122, -485, 363, 146, 165, 419, 117, 117, 161, 
-414, 175, 590, 119, -502, 383, 146, 165, 409, 122, 126, 161, 
-409, 175, 585, 117, -497, 380, 146, 165, 409, 122, 126, 161, 
-405, 175, 580, 114, -492, 378, 146, 165, 405, 122, 126, 165, 
-405, 175, 580, 114, -492, 378, 146, 161, 405, 117, 126, 165, 
-400, 175, 575, 112, -488, 375, 156, 170, 414, 117, 126, 170, 
-400, 175, 575, 112, -488, 375, 156, 170, 414, 122, 126, 170, 
-409, 175, 585, 117, -497, 380, 156, 170, 414, 122, 126, 170, 
-409, 175, 585, 117, -497, 380, 156, 170, 414, 117, 131, 170, 
-409, 175, 585, 117, -497, 380, 165, 180, 409, 117, 122, 170, 
-385, 180, 566, 102, -475, 373, 156, 180, 409, 117, 122, 161, 
-400, 175, 575, 112, -488, 375, 165, 175, 419, 117, 126, 156, 
-400, 165, 566, 117, -483, 366, 156, 165, 409, 107, 122, 156, 
-400, 165, 566, 117, -483, 366, 156, 165, 409, 107, 117, 156, 
-400, 165, 566, 117, -483, 366, 156, 165, 409, 107, 112, 156, 
-400, 165, 566, 117, -483, 366, 156, 165, 409, 107, 107, 156, 
-400, 165, 566, 117, -483, 366, 156, 165, 400, 107, 112, 156, 
-395, 165, 561, 114, -478, 363, 156, 165, 400, 107, 117, 156, 
-395, 165, 561, 114, -478, 363, 156, 165, 395, 107, 122, 156, 
-400, 165, 566, 117, -483, 366, 156, 165, 395, 107, 126, 156, 
-400, 180, 580, 109, -490, 380, 156, 156, 400, 117, 117, 165, 
-390, 185, 575, 102, -483, 380, 156, 156, 400, 122, 122, 170, 
-390, 185, 575, 102, -483, 380, 156, 156, 400, 122, 126, 170, 
-395, 185, 580, 104, -488, 383, 151, 156, 400, 117, 126, 170, 
-395, 175, 570, 109, -483, 373, 151, 165, 414, 117, 131, 170, 
-400, 175, 575, 112, -488, 375, 156, 170, 414, 117, 131, 170, 
-400, 185, 585, 107, -492, 385, 161, 180, 429, 122, 136, 175, 
-390, 200, 590, 95, -490, 395, 161, 185, 439, 131, 141, 180, 
-380, 204, 585, 87, -483, 395, 161, 185, 444, 141, 141, 180, 
-380, 204, 585, 87, -483, 395, 165, 190, 448, 146, 146, 190, 
-375, 224, 600, 75, -488, 412, 165, 190, 448, 151, 151, 190, 
-366, 229, 595, 68, -480, 412, 165, 190, 458, 151, 156, 190, 
-375, 239, 614, 68, -495, 427, 180, 190, 463, 156, 165, 204, 
-375, 253, 629, 61, -502, 441, 180, 195, 468, 156, 170, 209, 
-361, 263, 624, 48, -492, 444, 175, 195, 473, 165, 170, 214, 
-356, 263, 619, 46, -488, 441, 175, 200, 478, 170, 170, 219, 
-341, 273, 614, 34, -478, 444, 175, 200, 483, 175, 170, 209, 
-331, 278, 610, 26, -470, 444, 175, 209, 483, 175, 175, 209, 
-317, 278, 595, 19, -456, 436, 175, 209, 483, 175, 175, 214, 
-302, 287, 590, 7, -446, 439, 175, 219, 488, 175, 180, 219, 
-307, 283, 590, 12, -448, 436, 165, 224, 478, 175, 180, 229, 
-317, 263, 580, 26, -448, 422, 161, 234, 478, 180, 180, 229, 
-326, 258, 585, 34, -456, 422, 161, 239, 483, 180, 185, 229, 
-331, 248, 580, 41, -456, 414, 161, 239, 483, 175, 185, 229, 
-331, 239, 570, 46, -451, 405, 170, 239, 473, 180, 175, 219, 
-341, 234, 575, 53, -458, 405, 165, 229, 463, 180, 170, 204, 
-336, 224, 561, 56, -448, 392, 165, 219, 458, 170, 165, 200, 
-331, 224, 556, 53, -444, 390, 151, 209, 448, 165, 161, 190, 
-331, 224, 556, 53, -444, 390, 141, 195, 439, 161, 156, 185, 
-346, 204, 551, 70, -448, 378, 136, 190, 424, 146, 146, 180, 
-356, 200, 556, 78, -456, 378, 131, 180, 414, 141, 146, 185, 
-346, 200, 546, 73, -446, 373, 126, 180, 409, 141, 151, 190, 
-346, 190, 536, 78, -441, 363, 136, 175, 400, 126, 146, 175, 
-346, 175, 522, 85, -434, 348, 136, 175, 400, 126, 141, 170, 
-346, 170, 517, 87, -431, 344, 141, 175, 400, 122, 136, 165, 
-356, 165, 522, 95, -439, 344, 141, 170, 395, 117, 122, 165, 
-370, 156, 527, 107, -448, 341, 151, 175, 400, 126, 131, 161, 
-370, 156, 527, 107, -448, 341, 151, 175, 405, 126, 131, 161, 
-370, 156, 527, 107, -448, 341, 161, 185, 414, 126, 131, 165, 
-375, 156, 531, 109, -453, 344, 165, 185, 419, 126, 131, 165, 
-380, 156, 536, 112, -458, 346, 165, 185, 405, 131, 126, 175, 
-385, 161, 546, 112, -466, 353, 165, 185, 405, 131, 126, 175, 
-385, 170, 556, 107, -470, 363, 161, 180, 405, 131, 131, 175, 
-385, 175, 561, 104, -473, 368, 161, 180, 400, 131, 131, 175, 
-390, 175, 566, 107, -478, 370, 161, 170, 400, 122, 131, 161, 
-390, 165, 556, 112, -473, 361, 156, 170, 400, 122, 126, 156, 
-395, 165, 561, 114, -478, 363, 156, 170, 400, 122, 122, 156, 
-395, 161, 556, 117, -475, 358, 151, 175, 400, 122, 117, 151, 
-395, 161, 556, 117, -475, 358, 170, 185, 385, 102, 107, 151, 
-400, 156, 556, 122, -478, 356, 170, 175, 380, 97, 102, 146, 
-405, 151, 556, 126, -480, 353, 165, 170, 380, 92, 97, 141, 
-409, 151, 561, 129, -485, 356, 165, 170, 380, 92, 97, 141, 
-419, 151, 570, 134, -495, 361, 170, 170, 375, 102, 107, 151, 
-409, 151, 561, 129, -485, 356, 170, 165, 375, 102, 102, 151, 
-409, 156, 566, 126, -488, 361, 165, 165, 375, 102, 102, 151, 
-414, 156, 570, 129, -492, 363, 165, 165, 375, 102, 107, 151, 
-405, 156, 561, 124, -483, 358, 175, 180, 385, 102, 112, 146, 
-405, 156, 561, 124, -483, 358, 180, 185, 385, 102, 112, 146, 
-405, 161, 566, 122, -485, 363, 180, 185, 385, 102, 112, 141, 
-395, 161, 556, 117, -475, 358, 180, 185, 385, 102, 107, 141, 
-405, 156, 561, 124, -483, 358, 180, 180, 385, 102, 97, 141, 
-409, 151, 561, 129, -485, 356, 180, 180, 385, 102, 97, 141, 
-409, 146, 556, 131, -483, 351, 180, 180, 385, 102, 97, 141, 
-400, 141, 541, 129, -470, 341, 180, 175, 385, 102, 97, 141, 
-400, 151, 551, 124, -475, 351, 170, 165, 375, 92, 107, 146, 
-405, 156, 561, 124, -483, 358, 170, 165, 375, 92, 107, 146, 
-405, 156, 561, 124, -483, 358, 170, 170, 375, 97, 107, 146, 
-405, 156, 561, 124, -483, 358, 170, 170, 375, 97, 107, 146, 
-395, 156, 551, 119, -473, 353, 180, 180, 385, 107, 107, 146, 
-395, 151, 546, 122, -470, 348, 180, 180, 385, 102, 107, 146, 
-414, 146, 561, 134, -488, 353, 180, 180, 390, 102, 107, 146, 
-414, 146, 561, 134, -488, 353, 180, 180, 390, 102, 107, 141, 
-409, 146, 556, 131, -483, 351, 170, 170, 385, 102, 107, 141, 
-409, 151, 561, 129, -485, 356, 170, 170, 380, 102, 107, 141, 
-409, 161, 570, 124, -490, 366, 170, 170, 375, 102, 112, 141, 
-405, 161, 566, 122, -485, 363, 170, 170, 370, 102, 112, 141, 
-395, 170, 566, 112, -480, 368, 180, 180, 370, 112, 112, 151, 
-390, 170, 561, 109, -475, 366, 180, 180, 370, 112, 112, 151, 
-390, 170, 561, 109, -475, 366, 180, 175, 375, 117, 112, 151, 
-395, 170, 566, 112, -480, 368, 180, 175, 385, 117, 112, 151, 
-409, 161, 570, 124, -490, 366, 180, 190, 395, 117, 117, 141, 
-400, 165, 566, 117, -483, 366, 180, 209, 409, 117, 117, 151, 
-385, 180, 566, 102, -475, 373, 200, 258, 434, 136, 126, 161, 
-375, 190, 566, 92, -470, 378, 219, 317, 483, 161, 151, 170, 
-375, 195, 570, 90, -473, 383, 248, 390, 546, 214, 185, 195, 
-366, 195, 561, 85, -463, 378, 263, 463, 619, 273, 239, 229, 
-346, 239, 585, 53, -466, 412, 244, 502, 692, 356, 302, 268, 
-326, 312, 639, 7, -483, 475, 224, 497, 780, 473, 409, 336, 
-307, 366, 673, -29, -490, 519, 200, 448, 849, 619, 556, 458, 
-258, 448, 707, -95, -483, 578, 141, 366, 883, 766, 717, 600, 
-175, 546, 722, -185, -448, 634, 43, 244, 873, 897, 873, 746, 
-102, 649, 751, -273, -427, 700, -82, 92, 854, 1049, 1049, 912, 
-34, 741, 775, -353, -405, 758, -214, -78, 829, 1195, 1229, 1083, 
48, 834, 785, -441, -368, 810, -336, -239, 766, 1307, 1361, 1224, 
112, 907, 795, -509, -341, 851, -453, -361, 668, 1307, 1395, 1288, 
122, 907, 785, -514, -331, 846, -522, -478, 512, 1171, 1298, 1234, 
92, 854, 761, -473, -334, 807, -570, -614, 312, 956, 1102, 1102, 
68, 805, 736, -436, -334, 771, -600, -736, 107, 707, 883, 956, 
39, 722, 683, -380, -322, 702, -614, -834, -87, 448, 649, 780, 
-19, 585, 605, -283, -312, 595, -600, -893, -273, 180, 395, 585, 
-78, 453, 531, -187, -305, 492, -551, -907, -429, -48, 156, 390, 
-97, 351, 448, -126, -273, 400, -502, -863, -512, -204, -4, 253, 
-97, 258, 356, -80, -226, 307, -458, -785, -566, -317, -102, 156, 
-141, 180, 322, -19, -231, 251, -414, -712, -580, -380, -185, 82, 
-200, 146, 346, 26, -273, 246, -346, -644, -546, -400, -224, 43, 
-253, 136, 390, 58, -322, 263, -278, -546, -439, -375, -229, 19, 
-302, 131, 434, 85, -368, 283, -200, -414, -322, -326, -209, 9, 
-322, 131, 453, 95, -387, 292, -136, -312, -229, -278, -180, 9, 
-302, 161, 463, 70, -383, 312, -92, -219, -146, -234, -146, 34, 
-292, 185, 478, 53, -385, 331, -34, -102, -53, -175, -92, 48, 
-307, 185, 492, 61, -400, 339, 39, 4, 39, -122, -58, 63, 
-322, 185, 507, 68, -414, 346, 78, 63, 112, -82, -34, 63, 
-356, 185, 541, 85, -448, 363, 97, 92, 161, -48, -9, 73, 
-370, 185, 556, 92, -463, 370, 102, 117, 214, -14, 4, 82, 
-380, 185, 566, 97, -473, 375, 102, 117, 244, 0, 19, 87, 
-380, 185, 566, 97, -473, 375, 112, 117, 268, 19, 34, 97, 
-380, 190, 570, 95, -475, 380, 131, 131, 302, 43, 53, 112, 
-370, 200, 570, 85, -470, 385, 161, 156, 336, 63, 73, 126, 
-366, 180, 546, 92, -456, 363, 165, 170, 346, 68, 73, 131, 
-375, 165, 541, 104, -458, 353, 165, 190, 341, 73, 78, 131, 
-385, 175, 561, 104, -473, 368, 185, 195, 356, 92, 97, 136, 
-370, 195, 566, 87, -468, 380, 200, 200, 375, 102, 97, 136, 
-375, 190, 566, 92, -470, 378, 204, 209, 385, 97, 87, 126, 
-385, 185, 570, 100, -478, 378, 204, 200, 390, 92, 87, 117, 
-390, 180, 570, 104, -480, 375, 204, 200, 390, 87, 87, 117, 
-400, 170, 570, 114, -485, 370, 200, 190, 390, 82, 87, 117, 
-390, 175, 566, 107, -478, 370, 185, 195, 380, 82, 78, 117, 
-380, 175, 556, 102, -468, 366, 185, 195, 380, 82, 78, 122, 
-375, 180, 556, 97, -466, 368, 190, 204, 380, 87, 78, 122, 
-375, 185, 561, 95, -468, 373, 195, 214, 385, 87, 82, 122, 
-380, 185, 566, 97, -473, 375, 204, 209, 395, 97, 87, 131, 
-385, 180, 566, 102, -475, 373, 209, 219, 400, 107, 97, 136, 
-390, 180, 570, 104, -480, 375, 209, 219, 400, 107, 102, 141, 
-390, 180, 570, 104, -480, 375, 209, 219, 400, 102, 107, 146, 
-380, 195, 575, 92, -478, 385, 204, 214, 400, 102, 92, 136, 
-375, 195, 570, 90, -473, 383, 200, 209, 395, 102, 92, 136, 
-370, 200, 570, 85, -470, 385, 200, 209, 395, 97, 97, 136, 
-370, 200, 570, 85, -470, 385, 200, 209, 395, 97, 97, 136, 
-370, 190, 561, 90, -466, 375, 200, 209, 385, 102, 97, 131, 
-370, 185, 556, 92, -463, 370, 200, 209, 385, 102, 102, 131, 
-370, 185, 556, 92, -463, 370, 204, 224, 390, 107, 107, 131, 
-380, 185, 566, 97, -473, 375, 209, 234, 390, 107, 107, 131, 
-380, 185, 566, 97, -473, 375, 209, 224, 395, 107, 102, 131, 
-370, 190, 561, 90, -466, 375, 209, 219, 395, 107, 102, 131, 
-370, 190, 561, 90, -466, 375, 209, 219, 395, 107, 102, 131, 
-370, 190, 561, 90, -466, 375, 204, 219, 395, 107, 102, 131, 
-370, 185, 556, 92, -463, 370, 195, 219, 390, 102, 87, 131, 
-375, 185, 561, 95, -468, 373, 195, 214, 390, 102, 87, 131, 
-380, 185, 566, 97, -473, 375, 195, 214, 390, 102, 87, 131, 
-380, 185, 566, 97, -473, 375, 195, 214, 395, 97, 87, 131, 
-380, 185, 566, 97, -473, 375, 204, 209, 395, 97, 97, 131, 
-380, 190, 570, 95, -475, 380, 209, 214, 395, 97, 97, 131, 
-380, 190, 570, 95, -475, 380, 209, 219, 395, 97, 102, 131, 
-380, 190, 570, 95, -475, 380, 209, 219, 395, 97, 102, 131, 
-370, 190, 561, 90, -466, 375, 214, 229, 405, 97, 102, 131, 
-375, 190, 566, 92, -470, 378, 214, 224, 405, 102, 102, 131, 
-375, 190, 566, 92, -470, 378, 214, 219, 405, 102, 102, 131, 
-375, 190, 566, 92, -470, 378, 209, 219, 405, 102, 102, 131, 
-356, 195, 551, 80, -453, 373, 209, 229, 405, 107, 112, 141, 
-366, 195, 561, 85, -463, 378, 209, 229, 400, 107, 112, 141, 
-370, 195, 566, 87, -468, 380, 214, 234, 400, 107, 112, 141, 
-370, 195, 566, 87, -468, 380, 214, 234, 395, 107, 112, 141, 
-370, 204, 575, 82, -473, 390, 204, 224, 405, 107, 102, 141, 
-375, 204, 580, 85, -478, 392, 204, 229, 405, 107, 102, 141, 
-375, 204, 580, 85, -478, 392, 204, 229, 405, 107, 107, 141, 
-375, 204, 580, 85, -478, 392, 204, 224, 400, 107, 107, 141, 
-375, 200, 575, 87, -475, 387, 200, 224, 409, 117, 107, 131, 
-366, 204, 570, 80, -468, 387, 195, 224, 409, 117, 102, 131, 
-366, 204, 570, 80, -468, 387, 195, 224, 409, 117, 102, 131, 
-366, 195, 561, 85, -463, 378, 200, 224, 414, 117, 102, 131, 
-356, 204, 561, 75, -458, 383, 209, 234, 409, 112, 102, 141, 
-356, 209, 566, 73, -461, 387, 204, 234, 405, 112, 102, 141, 
-356, 209, 566, 73, -461, 387, 204, 234, 400, 112, 102, 146, 
-356, 200, 556, 78, -456, 378, 204, 234, 400, 112, 107, 151, 
-366, 209, 575, 78, -470, 392, 204, 234, 409, 122, 117, 161, 
-366, 214, 580, 75, -473, 397, 204, 239, 414, 122, 122, 161, 
-366, 224, 590, 70, -478, 407, 204, 239, 414, 126, 131, 161, 
-366, 224, 590, 70, -478, 407, 204, 239, 414, 126, 131, 161, 
-346, 219, 566, 63, -456, 392, 185, 229, 405, 126, 122, 151, 
-341, 214, 556, 63, -448, 385, 185, 229, 405, 126, 122, 151, 
-341, 209, 551, 65, -446, 380, 190, 229, 405, 131, 126, 151, 
-351, 204, 556, 73, -453, 380, 190, 234, 409, 136, 126, 161, 
-351, 214, 566, 68, -458, 390, 190, 234, 409, 126, 136, 165, 
-346, 214, 561, 65, -453, 387, 185, 234, 400, 126, 126, 165, 
-346, 214, 561, 65, -453, 387, 180, 229, 400, 126, 126, 165, 
-341, 224, 566, 58, -453, 395, 175, 229, 400, 126, 131, 170, 
-341, 234, 575, 53, -458, 405, 170, 229, 409, 141, 136, 180, 
-341, 234, 575, 53, -458, 405, 170, 234, 419, 141, 146, 185, 
-331, 239, 570, 46, -451, 405, 170, 239, 419, 151, 161, 185, 
-331, 239, 570, 46, -451, 405, 165, 239, 419, 151, 165, 185, 
-317, 229, 546, 43, -431, 387, 170, 244, 414, 141, 161, 175, 
-312, 229, 541, 41, -427, 385, 165, 244, 414, 141, 156, 180, 
-297, 229, 527, 34, -412, 378, 165, 244, 419, 146, 156, 185, 
-292, 244, 536, 24, -414, 390, 165, 248, 424, 151, 156, 195, 
-307, 253, 561, 26, -434, 407, 161, 248, 424, 156, 170, 204, 
-297, 258, 556, 19, -427, 407, 161, 248, 424, 161, 175, 209, 
-292, 258, 551, 17, -422, 405, 161, 248, 424, 165, 180, 214, 
-287, 268, 556, 9, -422, 412, 151, 253, 429, 170, 185, 219, 
-297, 287, 585, 4, -441, 436, 141, 244, 419, 185, 190, 239, 
-297, 278, 575, 9, -436, 427, 136, 239, 419, 185, 200, 244, 
-297, 278, 575, 9, -436, 427, 131, 239, 414, 190, 200, 244, 
-292, 278, 570, 7, -431, 424, 122, 239, 414, 190, 204, 248, 
-278, 283, 561, -2, -419, 422, 122, 239, 424, 200, 219, 248, 
-273, 292, 566, -9, -419, 429, 112, 239, 434, 209, 224, 248, 
-268, 307, 575, -19, -422, 441, 107, 234, 439, 214, 224, 248, 
-258, 317, 575, -29, -417, 446, 107, 234, 439, 224, 229, 248, 
-248, 307, 556, -29, -402, 431, 112, 234, 429, 214, 234, 263, 
-248, 312, 561, -31, -405, 436, 107, 239, 429, 214, 239, 268, 
-244, 317, 561, -36, -402, 439, 97, 244, 429, 219, 244, 268, 
-244, 317, 561, -36, -402, 439, 97, 248, 424, 229, 244, 273, 
-244, 317, 561, -36, -402, 439, 97, 248, 424, 244, 253, 287, 
-239, 322, 561, -41, -400, 441, 92, 239, 424, 244, 263, 292, 
-234, 331, 566, -48, -400, 448, 87, 239, 424, 244, 268, 297, 
-234, 331, 566, -48, -400, 448, 82, 239, 424, 244, 273, 302, 
-234, 336, 570, -51, -402, 453, 92, 239, 424, 253, 268, 307, 
-234, 336, 570, -51, -402, 453, 87, 234, 424, 253, 268, 307, 
-229, 341, 570, -56, -400, 456, 87, 234, 419, 253, 268, 307, 
-219, 346, 566, -63, -392, 456, 82, 229, 414, 253, 268, 307, 
-219, 341, 561, -61, -390, 451, 73, 229, 405, 248, 258, 302, 
-219, 351, 570, -65, -395, 461, 68, 229, 409, 244, 263, 302, 
-219, 351, 570, -65, -395, 461, 63, 229, 409, 244, 263, 297, 
-219, 356, 575, -68, -397, 466, 63, 229, 409, 239, 273, 297, 
-214, 356, 570, -70, -392, 463, 63, 229, 409, 248, 283, 307, 
-214, 341, 556, -63, -385, 448, 53, 219, 405, 244, 273, 307, 
-214, 341, 556, -63, -385, 448, 53, 219, 405, 244, 273, 302, 
-214, 346, 561, -65, -387, 453, 58, 219, 409, 248, 273, 302, 
-214, 346, 561, -65, -387, 453, 63, 224, 419, 248, 273, 302, 
-214, 341, 556, -63, -385, 448, 63, 224, 414, 248, 273, 302, 
-214, 341, 556, -63, -385, 448, 68, 224, 414, 248, 273, 302, 
-219, 341, 561, -61, -390, 451, 78, 229, 414, 248, 273, 302, 
-224, 336, 561, -56, -392, 448, 82, 229, 419, 248, 273, 297, 
-229, 331, 561, -51, -395, 446, 82, 229, 419, 244, 268, 287, 
-244, 322, 566, -39, -405, 444, 82, 224, 419, 239, 258, 287, 
-258, 322, 580, -31, -419, 451, 92, 224, 419, 239, 258, 287, 
-258, 322, 580, -31, -419, 451, 112, 239, 434, 248, 258, 287, 
-258, 322, 580, -31, -419, 451, 117, 239, 434, 248, 253, 278, 
-253, 307, 561, -26, -407, 434, 117, 239, 439, 248, 253, 278, 
-268, 307, 575, -19, -422, 441, 117, 239, 439, 248, 248, 273, 
-258, 297, 556, -19, -407, 427, 117, 229, 434, 234, 244, 258, 
-258, 297, 556, -19, -407, 427, 122, 234, 434, 229, 239, 253, 
-263, 292, 556, -14, -409, 424, 122, 234, 434, 229, 239, 248, 
-268, 292, 561, -12, -414, 427, 126, 239, 439, 229, 234, 248, 
-278, 292, 570, -7, -424, 431, 122, 239, 429, 214, 224, 234, 
-283, 292, 575, -4, -429, 434, 126, 234, 429, 209, 219, 224, 
-287, 287, 575, 0, -431, 431, 126, 234, 429, 209, 219, 219, 
-292, 278, 570, 7, -431, 424, 131, 239, 429, 209, 219, 219, 
-292, 273, 566, 9, -429, 419, 146, 229, 429, 195, 204, 214, 
-292, 268, 561, 12, -427, 414, 151, 229, 429, 190, 200, 214, 
-292, 268, 561, 12, -427, 414, 156, 229, 424, 190, 190, 209, 
-297, 268, 566, 14, -431, 417, 156, 229, 424, 190, 190, 204, 
-292, 263, 556, 14, -424, 409, 146, 239, 429, 190, 195, 209, 
-297, 258, 556, 19, -427, 407, 146, 234, 429, 185, 190, 204, 
-297, 258, 556, 19, -427, 407, 146, 234, 429, 175, 180, 200, 
-297, 258, 556, 19, -427, 407, 156, 234, 429, 175, 175, 195, 
-307, 248, 556, 29, -431, 402, 161, 234, 419, 175, 165, 190, 
-307, 244, 551, 31, -429, 397, 161, 234, 414, 175, 165, 190, 
-326, 244, 570, 41, -448, 407, 165, 229, 414, 175, 165, 185, 
-326, 244, 570, 41, -448, 407, 165, 229, 409, 165, 161, 185, 
-322, 253, 575, 34, -448, 414, 165, 219, 405, 175, 165, 185, 
-322, 253, 575, 34, -448, 414, 165, 219, 405, 170, 165, 185, 
-326, 248, 575, 39, -451, 412, 165, 214, 405, 170, 161, 175, 
-326, 248, 575, 39, -451, 412, 165, 209, 405, 165, 156, 175, 
-317, 258, 575, 29, -446, 417, 165, 219, 405, 165, 151, 175, 
-326, 253, 580, 36, -453, 417, 165, 219, 400, 165, 151, 175, 
-326, 253, 580, 36, -453, 417, 165, 224, 395, 165, 161, 175, 
-326, 253, 580, 36, -453, 417, 165, 224, 395, 165, 151, 175, 
-331, 244, 575, 43, -453, 409, 185, 219, 390, 151, 151, 175, 
-331, 244, 575, 43, -453, 409, 185, 219, 390, 151, 151, 175, 
-331, 244, 575, 43, -453, 409, 185, 219, 390, 146, 146, 175, 
-331, 244, 575, 43, -453, 409, 180, 219, 385, 146, 146, 175, 
-331, 253, 585, 39, -458, 419, 170, 214, 380, 146, 141, 175, 
-336, 253, 590, 41, -463, 422, 170, 214, 380, 146, 141, 165, 
-331, 253, 585, 39, -458, 419, 175, 214, 375, 146, 141, 165, 
-326, 253, 580, 36, -453, 417, 175, 214, 375, 141, 141, 161, 
-336, 253, 590, 41, -463, 422, 180, 224, 380, 146, 146, 170, 
-336, 253, 590, 41, -463, 422, 180, 224, 380, 146, 146, 170, 
-326, 253, 580, 36, -453, 417, 180, 224, 380, 146, 141, 170, 
-326, 253, 580, 36, -453, 417, 180, 224, 375, 141, 141, 165, 
-341, 239, 580, 51, -461, 409, 175, 214, 370, 131, 136, 161, 
-346, 234, 580, 56, -463, 407, 170, 209, 366, 131, 136, 156, 
-351, 219, 570, 65, -461, 395, 165, 209, 361, 131, 131, 151, 
-356, 214, 570, 70, -463, 392, 161, 214, 356, 131, 131, 146, 
-366, 224, 590, 70, -478, 407, 161, 204, 351, 122, 122, 156, 
-361, 224, 585, 68, -473, 405, 165, 204, 351, 122, 126, 156, 
-356, 224, 580, 65, -468, 402, 165, 209, 356, 126, 126, 156, 
-356, 224, 580, 65, -468, 402, 165, 209, 361, 126, 126, 156, 
-366, 219, 585, 73, -475, 402, 165, 219, 370, 136, 126, 146, 
-375, 219, 595, 78, -485, 407, 165, 219, 370, 136, 126, 151, 
-366, 219, 585, 73, -475, 402, 165, 219, 370, 136, 126, 151, 
-366, 219, 585, 73, -475, 402, 165, 219, 370, 141, 126, 151, 
-361, 224, 585, 68, -473, 405, 170, 219, 370, 151, 136, 161, 
-361, 229, 590, 65, -475, 409, 175, 219, 370, 151, 136, 161, 
-351, 229, 580, 61, -466, 405, 180, 219, 370, 151, 136, 165, 
-341, 234, 575, 53, -458, 405, 185, 224, 375, 156, 136, 165, 
-336, 229, 566, 53, -451, 397, 175, 224, 366, 146, 126, 156, 
-336, 229, 566, 53, -451, 397, 175, 224, 370, 146, 136, 156, 
-336, 229, 566, 53, -451, 397, 175, 219, 370, 141, 136, 156, 
-336, 234, 570, 51, -453, 402, 175, 214, 370, 141, 131, 156, 
-336, 234, 570, 51, -453, 402, 165, 224, 380, 131, 131, 156, 
-341, 234, 575, 53, -458, 405, 165, 224, 380, 141, 131, 156, 
-341, 234, 575, 53, -458, 405, 165, 224, 380, 141, 136, 156, 
-341, 234, 575, 53, -458, 405, 161, 224, 385, 141, 141, 156, 
-351, 234, 585, 58, -468, 409, 161, 214, 385, 151, 141, 156, 
-341, 234, 575, 53, -458, 405, 161, 219, 385, 156, 141, 156, 
-331, 244, 575, 43, -453, 409, 165, 219, 385, 156, 141, 161, 
-341, 244, 585, 48, -463, 414, 165, 219, 395, 156, 146, 161, 
-341, 248, 590, 46, -466, 419, 180, 224, 395, 165, 156, 170, 
-331, 248, 580, 41, -456, 414, 180, 224, 395, 161, 151, 165, 
-331, 253, 585, 39, -458, 419, 175, 229, 395, 161, 151, 165, 
-336, 268, 605, 34, -470, 436, 175, 239, 395, 165, 156, 175, 
-341, 268, 610, 36, -475, 439, 170, 239, 395, 165, 156, 165, 
-341, 263, 605, 39, -473, 434, 165, 239, 395, 165, 156, 161, 
-341, 258, 600, 41, -470, 429, 161, 239, 395, 165, 156, 161, 
-336, 258, 595, 39, -466, 427, 156, 239, 395, 165, 156, 161, 
-326, 263, 590, 31, -458, 427, 161, 239, 400, 170, 161, 175, 
-322, 263, 585, 29, -453, 424, 165, 239, 400, 175, 161, 175, 
-322, 268, 590, 26, -456, 429, 175, 239, 400, 175, 161, 175, 
-322, 268, 590, 26, -456, 429, 180, 239, 400, 170, 161, 170, 
-322, 268, 590, 26, -456, 429, 165, 239, 390, 180, 170, 180, 
-322, 278, 600, 21, -461, 439, 165, 239, 390, 180, 170, 180, 
-322, 278, 600, 21, -461, 439, 165, 239, 390, 180, 170, 180, 
-322, 268, 590, 26, -456, 429, 165, 239, 390, 180, 170, 185, 
-312, 268, 580, 21, -446, 424, 175, 248, 400, 180, 161, 175, 
-307, 263, 570, 21, -439, 417, 175, 248, 400, 180, 161, 175, 
-307, 263, 570, 21, -439, 417, 175, 248, 395, 180, 161, 175, 
-307, 268, 575, 19, -441, 422, 175, 248, 395, 180, 161, 175, 
-317, 258, 575, 29, -446, 417, 165, 234, 390, 175, 161, 165, 
-322, 258, 580, 31, -451, 419, 165, 229, 385, 170, 161, 165, 
-326, 263, 590, 31, -458, 427, 170, 229, 380, 165, 161, 170, 
-331, 263, 595, 34, -463, 429, 170, 229, 370, 161, 161, 170, 
-331, 258, 590, 36, -461, 424, 170, 219, 370, 161, 161, 161, 
-331, 258, 590, 36, -461, 424, 170, 214, 370, 161, 156, 161, 
-331, 258, 590, 36, -461, 424, 170, 214, 366, 156, 151, 156, 
-336, 258, 595, 39, -466, 427, 165, 214, 366, 156, 151, 156, 
-341, 253, 595, 43, -468, 424, 151, 214, 366, 165, 141, 165, 
-341, 253, 595, 43, -468, 424, 151, 214, 361, 165, 146, 165, 
-346, 253, 600, 46, -473, 427, 151, 214, 361, 165, 146, 165, 
-356, 253, 610, 51, -483, 431, 151, 214, 361, 161, 141, 165, 
-346, 244, 590, 51, -468, 417, 151, 204, 356, 156, 141, 156, 
-346, 239, 585, 53, -466, 412, 151, 200, 356, 151, 136, 151, 
-351, 239, 590, 56, -470, 414, 151, 200, 356, 151, 136, 151, 
-356, 239, 595, 58, -475, 417, 156, 204, 361, 156, 136, 151, 
-346, 244, 590, 51, -468, 417, 165, 209, 361, 161, 141, 161, 
-341, 244, 585, 48, -463, 414, 165, 214, 361, 161, 146, 161, 
-336, 244, 580, 46, -458, 412, 165, 219, 356, 161, 151, 165, 
-336, 244, 580, 46, -458, 412, 165, 219, 356, 156, 156, 165, 
-331, 248, 580, 41, -456, 414, 165, 209, 356, 146, 146, 161, 
-331, 253, 585, 39, -458, 419, 165, 209, 356, 151, 146, 161, 
-341, 258, 600, 41, -470, 429, 165, 209, 356, 151, 146, 161, 
-341, 263, 605, 39, -473, 434, 165, 209, 356, 146, 151, 161, 
-341, 253, 595, 43, -468, 424, 165, 219, 361, 156, 151, 161, 
-317, 278, 595, 19, -456, 436, 185, 229, 370, 165, 151, 170, 
-317, 278, 595, 19, -456, 436, 180, 219, 366, 156, 151, 161, 
-326, 248, 575, 39, -451, 412, 170, 209, 356, 146, 146, 151, 
-351, 234, 585, 58, -468, 409, 165, 204, 351, 146, 136, 146, 
-346, 239, 585, 53, -466, 412, 165, 204, 351, 146, 136, 156, 
-341, 244, 585, 48, -463, 414, 165, 204, 351, 146, 136, 156, 
-336, 248, 585, 43, -461, 417, 165, 204, 351, 146, 136, 156, 
-331, 253, 585, 39, -458, 419, 165, 204, 351, 146, 136, 156, 
-331, 263, 595, 34, -463, 429, 156, 204, 351, 146, 136, 156, 
-326, 263, 590, 31, -458, 427, 156, 204, 351, 146, 136, 156, 
-326, 263, 590, 31, -458, 427, 156, 204, 346, 146, 136, 156, 
-331, 263, 595, 34, -463, 429, 156, 204, 346, 146, 136, 156, 
-331, 258, 590, 36, -461, 424, 156, 214, 351, 156, 146, 156, 
-322, 263, 585, 29, -453, 424, 156, 214, 351, 161, 151, 161, 
-322, 263, 585, 29, -453, 424, 156, 214, 351, 161, 156, 161, 
-326, 263, 590, 31, -458, 427, 151, 214, 351, 156, 156, 161, 
-326, 268, 595, 29, -461, 431, 161, 214, 366, 165, 151, 170, 
-331, 273, 605, 29, -468, 439, 165, 219, 366, 165, 151, 170, 
-331, 287, 619, 21, -475, 453, 170, 229, 380, 170, 156, 175, 
-322, 307, 629, 7, -475, 468, 170, 234, 390, 180, 161, 180, 
-322, 312, 634, 4, -478, 473, 170, 224, 390, 185, 170, 170, 
-322, 312, 634, 4, -478, 473, 175, 229, 390, 185, 175, 180, 
-317, 331, 649, -7, -483, 490, 175, 229, 385, 185, 180, 180, 
-307, 336, 644, -14, -475, 490, 175, 229, 390, 180, 185, 180, 
-317, 336, 653, -9, -485, 495, 180, 219, 395, 185, 185, 185, 
-317, 351, 668, -17, -492, 509, 180, 224, 400, 185, 190, 190, 
-302, 361, 663, -29, -483, 512, 175, 224, 405, 195, 190, 195, 
-297, 361, 658, -31, -478, 509, 175, 229, 409, 200, 190, 200, 
-283, 351, 634, -34, -458, 492, 170, 229, 405, 204, 190, 200, 
-273, 356, 629, -41, -451, 492, 165, 239, 405, 204, 195, 200, 
-258, 356, 614, -48, -436, 485, 161, 239, 405, 204, 195, 204, 
-244, 366, 610, -61, -427, 488, 156, 248, 409, 204, 200, 209, 
-244, 361, 605, -58, -424, 483, 161, 253, 409, 204, 200, 209, 
-248, 341, 590, -46, -419, 466, 161, 263, 409, 209, 200, 209, 
-253, 336, 590, -41, -422, 463, 165, 268, 414, 209, 204, 209, 
-253, 326, 580, -36, -417, 453, 170, 268, 414, 204, 204, 209, 
-258, 331, 590, -36, -424, 461, 170, 278, 414, 209, 204, 214, 
-273, 331, 605, -29, -439, 468, 165, 268, 405, 209, 200, 204, 
-273, 326, 600, -26, -436, 463, 165, 258, 400, 200, 195, 204, 
-273, 331, 605, -29, -439, 468, 151, 248, 390, 195, 190, 200, 
-273, 331, 605, -29, -439, 468, 141, 214, 370, 180, 180, 190, 
-287, 312, 600, -12, -444, 456, 136, 209, 356, 165, 165, 180, 
-297, 307, 605, -4, -451, 456, 131, 200, 346, 161, 161, 180, 
-287, 307, 595, -9, -441, 451, 126, 200, 341, 161, 161, 180, 
-287, 292, 580, -2, -434, 436, 136, 204, 341, 165, 161, 175, 
-287, 283, 570, 2, -429, 427, 136, 204, 341, 165, 161, 170, 
-287, 283, 570, 2, -429, 427, 141, 204, 341, 161, 161, 165, 
-297, 283, 580, 7, -439, 431, 141, 200, 336, 156, 151, 165, 
-292, 283, 575, 4, -434, 429, 131, 204, 326, 156, 141, 151, 
-292, 283, 575, 4, -434, 429, 131, 204, 326, 156, 141, 151, 
-292, 283, 575, 4, -434, 429, 141, 214, 331, 156, 141, 156, 
-297, 283, 580, 7, -439, 431, 146, 214, 331, 156, 141, 156, 
-312, 268, 580, 21, -446, 424, 136, 209, 317, 141, 136, 156, 
-317, 268, 585, 24, -451, 427, 136, 204, 317, 141, 136, 156, 
-317, 273, 590, 21, -453, 431, 131, 195, 317, 141, 141, 156, 
-317, 273, 590, 21, -453, 431, 131, 190, 312, 141, 141, 156, 
-326, 273, 600, 26, -463, 436, 146, 200, 322, 131, 141, 151, 
-331, 263, 595, 34, -463, 429, 146, 200, 322, 131, 136, 146, 
-341, 263, 605, 39, -473, 434, 151, 200, 322, 131, 131, 146, 
-346, 258, 605, 43, -475, 431, 151, 204, 322, 131, 126, 141, 
-346, 258, 605, 43, -475, 431, 170, 204, 326, 122, 117, 141, 
-351, 253, 605, 48, -478, 429, 170, 195, 322, 117, 112, 136, 
-356, 248, 605, 53, -480, 427, 165, 190, 322, 112, 107, 131, 
-361, 248, 610, 56, -485, 429, 165, 190, 322, 112, 107, 131, 
-361, 258, 619, 51, -490, 439, 170, 190, 307, 122, 117, 131, 
-351, 258, 610, 46, -480, 434, 170, 185, 307, 122, 112, 131, 
-351, 263, 614, 43, -483, 439, 165, 185, 307, 122, 112, 131, 
-356, 263, 619, 46, -488, 441, 165, 185, 307, 122, 117, 131, 
-366, 244, 610, 61, -488, 427, 165, 180, 307, 122, 112, 126, 
-366, 244, 610, 61, -488, 427, 170, 185, 307, 122, 112, 126, 
-366, 248, 614, 58, -490, 431, 170, 185, 307, 122, 112, 122, 
-356, 248, 605, 53, -480, 427, 170, 185, 307, 122, 107, 122, 
-351, 258, 610, 46, -480, 434, 170, 180, 307, 112, 107, 122, 
-351, 258, 610, 46, -480, 434, 170, 180, 307, 112, 107, 122, 
-346, 258, 605, 43, -475, 431, 170, 180, 307, 112, 107, 122, 
-331, 258, 590, 36, -461, 424, 170, 175, 307, 112, 107, 122, 
-331, 258, 590, 36, -461, 424, 161, 185, 297, 122, 117, 126, 
-336, 263, 600, 36, -468, 431, 161, 185, 297, 122, 117, 126, 
-336, 263, 600, 36, -468, 431, 161, 190, 297, 126, 117, 126, 
-336, 263, 600, 36, -468, 431, 161, 190, 297, 126, 117, 126, 
-341, 253, 595, 43, -468, 424, 161, 180, 307, 126, 117, 126, 
-346, 248, 595, 48, -470, 422, 161, 180, 307, 122, 117, 126, 
-370, 244, 614, 63, -492, 429, 161, 180, 312, 122, 117, 126, 
-375, 244, 619, 65, -497, 431, 161, 180, 312, 122, 117, 122, 
-351, 248, 600, 51, -475, 424, 161, 170, 302, 112, 107, 122, 
-351, 258, 610, 46, -480, 434, 161, 170, 302, 112, 107, 122, 
-351, 273, 624, 39, -488, 448, 161, 170, 302, 112, 112, 122, 
-346, 278, 624, 34, -485, 451, 161, 170, 302, 112, 112, 122, 
-336, 268, 605, 34, -470, 436, 161, 180, 297, 112, 112, 131, 
-331, 268, 600, 31, -466, 434, 161, 180, 292, 112, 112, 131, 
-331, 268, 600, 31, -466, 434, 161, 175, 292, 117, 112, 131, 
-336, 268, 605, 34, -470, 436, 161, 175, 297, 117, 112, 131, 
-351, 287, 639, 31, -495, 463, 161, 190, 307, 136, 126, 141, 
-331, 302, 634, 14, -483, 468, 170, 229, 322, 146, 126, 141, 
-336, 287, 624, 24, -480, 456, 190, 258, 346, 156, 126, 131, 
-366, 278, 644, 43, -505, 461, 200, 307, 385, 170, 141, 131, 
-356, 283, 639, 36, -497, 461, 229, 380, 439, 214, 185, 156, 
-317, 322, 639, -2, -478, 480, 263, 463, 531, 292, 248, 209, 
-307, 346, 653, -19, -480, 500, 253, 502, 634, 385, 322, 258, 
-287, 400, 688, -56, -488, 544, 214, 488, 702, 492, 429, 336, 
-219, 502, 722, -141, -470, 612, 170, 429, 761, 639, 575, 458, 
-170, 605, 775, -217, -473, 690, 102, 356, 795, 795, 736, 610, 
-107, 683, 790, -287, -448, 736, -4, 234, 785, 927, 893, 756, 
-14, 795, 810, -390, -412, 802, -141, 63, 756, 1068, 1068, 902, 
63, 917, 854, -490, -395, 885, -283, -117, 712, 1215, 1239, 1063, 
117, 990, 873, -553, -378, 932, -405, -268, 649, 1307, 1351, 1185, 
151, 1015, 863, -583, -356, 939, -512, -390, 541, 1278, 1366, 1220, 
161, 1015, 854, -588, -346, 934, -590, -536, 375, 1132, 1249, 1176, 
151, 971, 819, -561, -334, 895, -639, -673, 165, 897, 1054, 1054, 
126, 893, 766, -509, -319, 829, -678, -785, -29, 649, 824, 897, 
78, 800, 722, -439, -322, 761, -692, -863, -214, 390, 590, 722, 
29, 683, 653, -356, -312, 668, -668, -912, -390, 141, 346, 527, 
0, 522, 522, -261, -261, 522, -619, -907, -536, -78, 117, 341, 
0, 400, 400, -200, -200, 400, -561, -854, -619, -224, -34, 204, 
-9, 346, 356, -168, -183, 351, -488, -785, -673, -326, -131, 117, 
-82, 287, 370, -102, -226, 329, -434, -732, -678, -400, -204, 43, 
-161, 234, 395, -36, -278, 314, -356, -634, -605, -400, -224, 4, 
-214, 234, 448, -9, -331, 341, -268, -517, -488, -356, -219, -9, 
-234, 258, 492, -12, -363, 375, -209, -405, -380, -307, -200, -9, 
-234, 268, 502, -17, -368, 385, -165, -283, -278, -258, -161, 9, 
-234, 278, 512, -21, -373, 395, -112, -161, -195, -195, -117, 34, 
-244, 283, 527, -19, -385, 405, -53, -53, -112, -146, -82, 39, 
-248, 273, 522, -12, -385, 397, -9, 24, -48, -112, -58, 43, 
-273, 292, 566, -9, -419, 429, 29, 73, 24, -73, -34, 53, 
-317, 302, 619, 7, -468, 461, 68, 92, 82, -19, 0, 82, 
-322, 312, 634, 4, -478, 473, 82, 107, 126, 4, 14, 92, 
-322, 312, 634, 4, -478, 473, 92, 107, 165, 19, 29, 87, 
-331, 312, 644, 9, -488, 478, 92, 107, 190, 19, 34, 87, 
-331, 287, 619, 21, -475, 453, 112, 122, 214, 34, 43, 92, 
-341, 268, 610, 36, -475, 439, 131, 136, 229, 53, 63, 107, 
-346, 268, 614, 39, -480, 441, 146, 170, 258, 78, 73, 112, 
-336, 292, 629, 21, -483, 461, 156, 190, 263, 82, 78, 112, 
-326, 302, 629, 12, -478, 466, 156, 185, 268, 73, 68, 97, 
-351, 283, 634, 34, -492, 458, 151, 190, 268, 73, 68, 97, 
-366, 273, 639, 46, -502, 456, 165, 200, 278, 82, 73, 102, 
-375, 273, 649, 51, -512, 461, 165, 190, 283, 82, 78, 97, 
-380, 273, 653, 53, -517, 463, 165, 190, 283, 82, 82, 102, 
-390, 268, 658, 61, -524, 463, 161, 180, 283, 82, 87, 107, 
-385, 273, 658, 56, -522, 466, 165, 165, 283, 82, 78, 107, 
-370, 273, 644, 48, -507, 458, 165, 165, 283, 82, 78, 112, 
-361, 278, 639, 41, -500, 458, 170, 175, 283, 87, 78, 112, 
-356, 283, 639, 36, -497, 461, 175, 185, 287, 87, 82, 112, 
-351, 292, 644, 29, -497, 468, 180, 190, 287, 78, 73, 107, 
-356, 287, 644, 34, -500, 466, 180, 200, 292, 87, 78, 107, 
-361, 287, 649, 36, -505, 468, 175, 200, 292, 87, 78, 107, 
-361, 287, 649, 36, -505, 468, 170, 200, 292, 82, 78, 107, 
-361, 292, 653, 34, -507, 473, 175, 204, 302, 87, 78, 117, 
-356, 292, 649, 31, -502, 470, 170, 200, 297, 92, 82, 117, 
-351, 297, 649, 26, -500, 473, 170, 200, 297, 92, 92, 117, 
-351, 297, 649, 26, -500, 473, 170, 200, 297, 97, 97, 117, 
-351, 287, 639, 31, -495, 463, 180, 190, 297, 92, 87, 112, 
-351, 283, 634, 34, -492, 458, 180, 190, 297, 92, 92, 112, 
-351, 283, 634, 34, -492, 458, 185, 204, 302, 97, 97, 112, 
-361, 283, 644, 39, -502, 463, 190, 214, 302, 97, 97, 112, 
-361, 283, 644, 39, -502, 463, 180, 204, 297, 97, 92, 122, 
-351, 287, 639, 31, -495, 463, 180, 200, 297, 97, 92, 122, 
-351, 287, 639, 31, -495, 463, 180, 200, 297, 97, 92, 122, 
-351, 287, 639, 31, -495, 463, 175, 200, 297, 97, 92, 122, 
-351, 283, 634, 34, -492, 458, 165, 209, 292, 92, 87, 122, 
-356, 283, 639, 36, -497, 461, 165, 204, 292, 92, 87, 122, 
-361, 283, 644, 39, -502, 463, 165, 204, 292, 92, 87, 122, 
-361, 283, 644, 39, -502, 463, 165, 204, 297, 87, 87, 122, 
-361, 292, 653, 34, -507, 473, 170, 200, 307, 97, 97, 112, 
-361, 297, 658, 31, -509, 478, 180, 204, 307, 97, 97, 112, 
-361, 297, 658, 31, -509, 478, 185, 209, 307, 97, 102, 112, 
-361, 297, 658, 31, -509, 478, 190, 209, 307, 97, 102, 112, 
-361, 287, 649, 36, -505, 468, 175, 209, 297, 87, 102, 122, 
-366, 287, 653, 39, -509, 470, 175, 204, 297, 92, 102, 122, 
-366, 287, 653, 39, -509, 470, 175, 200, 297, 92, 102, 122, 
-366, 287, 653, 39, -509, 470, 170, 200, 297, 92, 102, 122, 
-356, 302, 658, 26, -507, 480, 170, 200, 292, 87, 92, 122, 
-366, 302, 668, 31, -517, 485, 170, 200, 292, 87, 92, 122, 
-370, 302, 673, 34, -522, 488, 175, 204, 297, 87, 92, 122, 
-370, 302, 673, 34, -522, 488, 175, 204, 297, 87, 92, 122, 
-366, 292, 658, 36, -512, 475, 165, 214, 297, 87, 92, 122, 
-366, 292, 658, 36, -512, 475, 165, 219, 297, 87, 92, 122, 
-361, 292, 653, 34, -507, 473, 165, 219, 297, 87, 97, 122, 
-356, 292, 649, 31, -502, 470, 165, 214, 292, 87, 97, 122, 
-346, 307, 653, 19, -500, 480, 161, 204, 292, 87, 97, 122, 
-336, 312, 649, 12, -492, 480, 156, 204, 292, 87, 92, 122, 
-336, 312, 649, 12, -492, 480, 156, 204, 292, 87, 92, 122, 
-336, 302, 639, 17, -488, 470, 161, 204, 297, 87, 92, 122, 
-336, 302, 639, 17, -488, 470, 161, 204, 287, 92, 92, 112, 
-336, 307, 644, 14, -490, 475, 156, 204, 287, 92, 92, 112, 
-336, 307, 644, 14, -490, 475, 156, 204, 287, 92, 92, 117, 
-336, 297, 634, 19, -485, 466, 156, 204, 292, 92, 97, 122, 
-336, 297, 634, 19, -485, 466, 156, 214, 283, 92, 87, 122, 
-336, 302, 639, 17, -488, 470, 156, 219, 287, 92, 92, 122, 
-336, 312, 649, 12, -492, 480, 156, 219, 287, 97, 102, 122, 
-336, 312, 649, 12, -492, 480, 156, 219, 287, 97, 102, 122, 
-336, 322, 658, 7, -497, 490, 146, 219, 292, 97, 112, 131, 
-331, 322, 653, 4, -492, 488, 146, 219, 297, 97, 112, 131, 
-331, 322, 653, 4, -492, 488, 151, 219, 302, 102, 117, 131, 
-341, 322, 663, 9, -502, 492, 151, 224, 312, 107, 117, 141, 
-341, 322, 663, 9, -502, 492, 161, 234, 312, 107, 126, 146, 
-336, 322, 658, 7, -497, 490, 156, 234, 302, 107, 117, 146, 
-336, 322, 658, 7, -497, 490, 151, 229, 302, 107, 117, 146, 
-331, 331, 663, 0, -497, 497, 146, 229, 302, 107, 122, 151, 
-326, 322, 649, 2, -488, 485, 131, 219, 292, 102, 122, 151, 
-322, 322, 644, 0, -483, 483, 131, 224, 302, 102, 126, 156, 
-307, 326, 634, -9, -470, 480, 131, 229, 302, 112, 136, 156, 
-302, 326, 629, -12, -466, 478, 126, 229, 302, 112, 136, 156, 
-302, 331, 634, -14, -468, 483, 122, 214, 307, 122, 146, 156, 
-302, 336, 639, -17, -470, 488, 117, 214, 307, 122, 146, 161, 
-292, 341, 634, -24, -463, 488, 117, 214, 312, 126, 151, 165, 
-292, 361, 653, -34, -473, 507, 117, 219, 317, 131, 156, 175, 
-302, 361, 663, -29, -483, 512, 122, 229, 326, 146, 151, 185, 
-287, 366, 653, -39, -470, 509, 122, 229, 326, 151, 156, 190, 
-278, 366, 644, -43, -461, 505, 122, 229, 326, 156, 161, 195, 
-268, 375, 644, -53, -456, 509, 112, 234, 331, 161, 165, 200, 
-263, 390, 653, -63, -458, 522, 112, 234, 331, 156, 170, 200, 
-258, 375, 634, -58, -446, 505, 107, 229, 331, 156, 180, 204, 
-253, 370, 624, -58, -439, 497, 102, 229, 326, 161, 180, 204, 
-244, 366, 610, -61, -427, 488, 92, 229, 326, 161, 185, 209, 
-248, 380, 629, -65, -439, 505, 82, 229, 322, 165, 200, 214, 
-244, 390, 634, -73, -439, 512, 73, 229, 326, 170, 204, 219, 
-239, 405, 644, -82, -441, 524, 68, 224, 326, 170, 204, 224, 
-229, 414, 644, -92, -436, 529, 68, 224, 322, 175, 209, 229, 
-219, 424, 644, -102, -431, 534, 73, 229, 326, 190, 224, 239, 
-219, 429, 649, -104, -434, 539, 68, 229, 331, 195, 229, 248, 
-214, 434, 649, -109, -431, 541, 58, 229, 336, 204, 234, 253, 
-214, 434, 649, -109, -431, 541, 58, 229, 336, 219, 234, 263, 
-204, 439, 644, -117, -424, 541, 53, 219, 331, 209, 239, 258, 
-200, 439, 639, -119, -419, 539, 43, 209, 326, 204, 244, 263, 
-195, 444, 639, -124, -417, 541, 34, 209, 322, 200, 244, 268, 
-195, 439, 634, -122, -414, 536, 24, 209, 317, 195, 244, 273, 
-195, 444, 639, -124, -417, 541, 29, 219, 326, 200, 248, 278, 
-195, 444, 639, -124, -417, 541, 29, 214, 326, 204, 248, 278, 
-190, 448, 639, -129, -414, 544, 34, 214, 322, 209, 248, 278, 
-180, 453, 634, -136, -407, 544, 34, 209, 317, 214, 248, 278, 
-190, 453, 644, -131, -417, 549, 29, 200, 307, 204, 239, 278, 
-190, 458, 649, -134, -419, 553, 29, 200, 312, 204, 244, 283, 
-190, 453, 644, -131, -417, 549, 29, 200, 312, 209, 244, 283, 
-190, 453, 644, -131, -417, 549, 34, 200, 312, 209, 253, 287, 
-170, 473, 644, -151, -407, 558, 34, 200, 312, 209, 253, 278, 
-165, 458, 624, -146, -395, 541, 24, 190, 307, 204, 244, 278, 
-161, 458, 619, -148, -390, 539, 24, 190, 307, 204, 244, 273, 
-156, 463, 619, -153, -387, 541, 29, 190, 312, 209, 244, 273, 
-170, 453, 624, -141, -397, 539, 19, 195, 312, 209, 244, 283, 
-175, 448, 624, -136, -400, 536, 14, 195, 307, 209, 244, 283, 
-180, 448, 629, -134, -405, 539, 14, 195, 307, 209, 244, 283, 
-190, 448, 639, -129, -414, 544, 19, 200, 307, 209, 244, 283, 
-180, 453, 634, -136, -407, 544, 29, 204, 322, 219, 253, 287, 
-180, 448, 629, -134, -405, 539, 34, 209, 322, 214, 248, 278, 
-190, 439, 629, -124, -409, 534, 39, 209, 322, 209, 239, 278, 
-200, 439, 639, -119, -419, 539, 53, 214, 322, 209, 239, 278, 
-219, 434, 653, -107, -436, 544, 53, 214, 317, 204, 229, 273, 
-229, 429, 658, -100, -444, 544, 58, 209, 317, 200, 224, 258, 
-234, 409, 644, -87, -439, 527, 58, 204, 322, 195, 224, 253, 
-258, 405, 663, -73, -461, 534, 58, 200, 322, 190, 219, 244, 
-248, 395, 644, -73, -446, 519, 58, 200, 317, 185, 214, 239, 
-248, 395, 644, -73, -446, 519, 63, 204, 317, 180, 209, 234, 
-253, 390, 644, -68, -448, 517, 63, 204, 317, 180, 209, 229, 
-258, 390, 649, -65, -453, 519, 68, 209, 322, 180, 204, 229, 
-253, 405, 658, -75, -456, 531, 73, 200, 322, 165, 195, 224, 
-253, 409, 663, -78, -458, 536, 78, 195, 322, 161, 190, 214, 
-253, 409, 663, -78, -458, 536, 78, 195, 322, 161, 190, 209, 
-253, 405, 658, -75, -456, 531, 82, 200, 322, 161, 190, 209, 
-268, 390, 658, -61, -463, 524, 97, 200, 312, 161, 195, 214, 
-273, 385, 658, -56, -466, 522, 102, 200, 312, 161, 190, 214, 
-278, 385, 663, -53, -470, 524, 107, 200, 307, 165, 180, 209, 
-287, 385, 673, -48, -480, 529, 107, 200, 307, 170, 180, 204, 
-287, 370, 658, -41, -473, 514, 97, 200, 302, 151, 165, 190, 
-287, 366, 653, -39, -470, 509, 97, 195, 302, 146, 161, 185, 
-283, 366, 649, -41, -466, 507, 97, 195, 302, 136, 151, 180, 
-278, 366, 644, -43, -461, 505, 107, 195, 302, 136, 146, 175, 
-297, 366, 663, -34, -480, 514, 112, 195, 302, 136, 156, 180, 
-297, 361, 658, -31, -478, 509, 112, 195, 297, 136, 156, 180, 
-317, 361, 678, -21, -497, 519, 117, 190, 297, 136, 156, 175, 
-317, 361, 678, -21, -497, 519, 117, 190, 292, 126, 151, 175, 
-322, 351, 673, -14, -497, 512, 117, 190, 287, 136, 136, 175, 
-322, 351, 673, -14, -497, 512, 117, 190, 287, 131, 136, 175, 
-326, 346, 673, -9, -500, 509, 117, 185, 287, 131, 131, 165, 
-326, 346, 673, -9, -500, 509, 117, 180, 287, 126, 126, 165, 
-312, 356, 668, -21, -490, 512, 107, 170, 287, 117, 122, 156, 
-317, 351, 668, -17, -492, 509, 107, 170, 283, 117, 122, 156, 
-312, 351, 663, -19, -488, 507, 107, 175, 278, 117, 131, 156, 
-307, 351, 658, -21, -483, 505, 107, 175, 278, 117, 122, 156, 
-302, 356, 658, -26, -480, 507, 126, 180, 283, 122, 131, 165, 
-302, 361, 663, -29, -483, 512, 126, 180, 283, 122, 131, 165, 
-302, 366, 668, -31, -485, 517, 126, 180, 283, 117, 126, 165, 
-302, 370, 673, -34, -488, 522, 122, 180, 278, 117, 126, 165, 
-297, 361, 658, -31, -478, 509, 122, 175, 273, 107, 131, 165, 
-307, 361, 668, -26, -488, 514, 122, 175, 273, 107, 131, 156, 
-307, 361, 668, -26, -488, 514, 126, 175, 268, 107, 131, 156, 
-307, 361, 668, -26, -488, 514, 126, 175, 268, 102, 131, 151, 
-317, 356, 673, -19, -495, 514, 112, 165, 263, 97, 117, 141, 
-317, 351, 668, -17, -492, 509, 112, 165, 263, 97, 117, 141, 
-307, 346, 653, -19, -480, 500, 112, 165, 263, 97, 112, 141, 
-307, 341, 649, -17, -478, 495, 112, 165, 258, 92, 112, 136, 
-312, 351, 663, -19, -488, 507, 117, 175, 268, 102, 126, 141, 
-317, 351, 668, -17, -492, 509, 122, 170, 268, 102, 126, 146, 
-322, 341, 663, -9, -492, 502, 126, 170, 268, 102, 122, 151, 
-326, 341, 668, -7, -497, 505, 131, 175, 268, 102, 122, 156, 
-336, 341, 678, -2, -507, 509, 122, 165, 273, 92, 112, 146, 
-331, 341, 673, -4, -502, 507, 126, 165, 273, 92, 117, 146, 
-326, 341, 668, -7, -497, 505, 126, 170, 278, 97, 117, 146, 
-326, 341, 668, -7, -497, 505, 126, 170, 283, 97, 117, 146, 
-331, 346, 678, -7, -505, 512, 126, 180, 273, 107, 117, 146, 
-336, 346, 683, -4, -509, 514, 126, 180, 273, 107, 117, 151, 
-322, 346, 668, -12, -495, 507, 126, 180, 273, 107, 117, 151, 
-317, 346, 663, -14, -490, 505, 126, 180, 273, 112, 117, 151, 
-317, 351, 668, -17, -492, 509, 136, 180, 283, 102, 126, 151, 
-322, 356, 678, -17, -500, 517, 136, 180, 283, 102, 126, 151, 
-317, 356, 673, -19, -495, 514, 136, 180, 283, 102, 126, 156, 
-312, 361, 673, -24, -492, 517, 136, 185, 287, 107, 126, 156, 
-307, 366, 673, -29, -490, 519, 136, 180, 287, 117, 126, 156, 
-307, 366, 673, -29, -490, 519, 136, 185, 292, 117, 136, 156, 
-307, 366, 673, -29, -490, 519, 136, 185, 292, 112, 136, 156, 
-307, 370, 678, -31, -492, 524, 136, 185, 292, 112, 131, 156, 
-322, 356, 678, -17, -500, 517, 126, 195, 292, 102, 131, 156, 
-331, 351, 683, -9, -507, 517, 126, 195, 292, 112, 131, 156, 
-336, 346, 683, -4, -509, 514, 126, 195, 292, 112, 136, 156, 
-341, 341, 683, 0, -512, 512, 122, 195, 297, 112, 141, 156, 
-336, 351, 688, -7, -512, 519, 131, 190, 297, 102, 136, 146, 
-322, 351, 673, -14, -497, 512, 131, 190, 297, 107, 131, 146, 
-307, 361, 668, -26, -488, 514, 136, 185, 297, 107, 126, 151, 
-312, 361, 673, -24, -492, 517, 136, 180, 307, 107, 126, 151, 
-322, 366, 688, -21, -505, 527, 131, 185, 307, 117, 136, 161, 
-312, 366, 678, -26, -495, 522, 131, 185, 307, 112, 131, 156, 
-312, 370, 683, -29, -497, 527, 126, 190, 307, 112, 131, 156, 
-317, 385, 702, -34, -509, 544, 126, 200, 307, 117, 136, 165, 
-312, 375, 688, -31, -500, 531, 126, 200, 297, 117, 136, 165, 
-312, 370, 683, -29, -497, 527, 126, 200, 297, 117, 136, 161, 
-312, 366, 678, -26, -495, 522, 126, 200, 297, 117, 136, 161, 
-307, 366, 673, -29, -490, 519, 126, 200, 297, 117, 136, 161, 
-322, 361, 683, -19, -502, 522, 126, 204, 312, 112, 141, 165, 
-322, 361, 683, -19, -502, 522, 126, 200, 312, 117, 141, 165, 
-326, 366, 692, -19, -509, 529, 131, 195, 312, 117, 141, 165, 
-331, 366, 697, -17, -514, 531, 131, 190, 312, 112, 141, 161, 
-322, 366, 688, -21, -505, 527, 136, 190, 312, 122, 151, 170, 
-322, 375, 697, -26, -509, 536, 136, 190, 312, 122, 151, 170, 
-322, 375, 697, -26, -509, 536, 136, 190, 312, 122, 151, 170, 
-322, 366, 688, -21, -505, 527, 136, 190, 312, 122, 151, 175, 
-322, 370, 692, -24, -507, 531, 136, 200, 312, 122, 151, 165, 
-317, 370, 688, -26, -502, 529, 136, 200, 312, 122, 151, 165, 
-317, 375, 692, -29, -505, 534, 136, 200, 307, 122, 151, 165, 
-317, 385, 702, -34, -509, 544, 136, 200, 307, 122, 151, 165, 
-312, 380, 692, -34, -502, 536, 136, 195, 307, 122, 151, 165, 
-312, 375, 688, -31, -500, 531, 136, 190, 307, 122, 151, 165, 
-312, 375, 688, -31, -500, 531, 141, 190, 307, 122, 151, 170, 
-312, 370, 683, -29, -497, 527, 141, 190, 302, 122, 151, 170, 
-302, 366, 668, -31, -485, 517, 136, 180, 292, 112, 141, 161, 
-302, 366, 668, -31, -485, 517, 131, 175, 292, 112, 136, 161, 
-302, 366, 668, -31, -485, 517, 126, 175, 287, 107, 131, 156, 
-307, 366, 673, -29, -490, 519, 117, 175, 287, 107, 131, 156, 
-312, 361, 673, -24, -492, 517, 117, 175, 297, 107, 131, 156, 
-312, 361, 673, -24, -492, 517, 122, 175, 292, 107, 136, 156, 
-317, 361, 678, -21, -497, 519, 126, 175, 292, 107, 136, 156, 
-326, 361, 688, -17, -507, 524, 131, 175, 292, 102, 131, 156, 
-317, 370, 688, -26, -502, 529, 122, 175, 287, 107, 131, 156, 
-317, 366, 683, -24, -500, 524, 122, 170, 287, 102, 126, 151, 
-322, 366, 688, -21, -505, 527, 122, 170, 287, 102, 126, 151, 
-326, 366, 692, -19, -509, 529, 126, 175, 292, 107, 126, 151, 
-322, 375, 697, -26, -509, 536, 126, 175, 292, 112, 136, 161, 
-312, 380, 692, -34, -502, 536, 126, 175, 292, 112, 136, 161, 
-302, 385, 688, -41, -495, 536, 126, 175, 287, 112, 136, 165, 
-297, 390, 688, -46, -492, 539, 126, 170, 287, 107, 136, 165, 
-297, 385, 683, -43, -490, 534, 126, 170, 278, 107, 126, 161, 
-302, 380, 683, -39, -492, 531, 126, 170, 278, 112, 126, 161, 
-317, 375, 692, -29, -505, 534, 126, 170, 278, 112, 126, 161, 
-322, 370, 692, -24, -507, 531, 126, 170, 278, 107, 131, 161, 
-312, 361, 673, -24, -492, 517, 126, 170, 273, 107, 131, 151, 
-297, 366, 663, -34, -480, 514, 126, 170, 273, 107, 131, 151, 
-297, 366, 663, -34, -480, 514, 131, 170, 278, 107, 131, 151, 
-317, 366, 683, -24, -500, 524, 131, 170, 278, 107, 126, 151, 
-326, 346, 673, -9, -500, 509, 131, 170, 287, 102, 136, 151, 
-341, 356, 697, -7, -519, 527, 131, 170, 287, 102, 136, 156, 
-331, 366, 697, -17, -514, 531, 141, 175, 287, 102, 136, 165, 
-322, 370, 692, -24, -507, 531, 136, 185, 292, 117, 146, 175, 
-326, 361, 688, -17, -507, 524, 131, 175, 278, 107, 141, 161, 
-331, 361, 692, -14, -512, 527, 126, 175, 273, 107, 136, 156, 
-336, 361, 697, -12, -517, 529, 122, 175, 268, 107, 131, 151, 
-341, 361, 702, -9, -522, 531, 117, 175, 263, 107, 126, 146, 
-326, 361, 688, -17, -507, 524, 117, 165, 273, 97, 126, 146, 
-317, 361, 678, -21, -497, 519, 117, 165, 273, 97, 126, 146, 
-312, 361, 673, -24, -492, 517, 117, 165, 268, 97, 126, 146, 
-312, 361, 673, -24, -492, 517, 117, 165, 268, 97, 126, 146, 
-312, 375, 688, -31, -500, 531, 126, 165, 278, 107, 126, 156, 
-302, 380, 683, -39, -492, 531, 126, 165, 283, 112, 131, 161, 
-302, 380, 683, -39, -492, 531, 126, 165, 287, 112, 136, 161, 
-307, 380, 688, -36, -497, 534, 122, 165, 292, 107, 136, 161, 
-312, 390, 702, -39, -507, 546, 122, 165, 292, 107, 131, 151, 
-322, 390, 712, -34, -517, 551, 126, 170, 287, 107, 131, 151, 
-326, 400, 727, -36, -527, 563, 131, 180, 297, 112, 136, 156, 
-322, 414, 736, -46, -529, 575, 131, 185, 302, 122, 141, 161, 
-322, 405, 727, -41, -524, 566, 141, 185, 317, 131, 151, 161, 
-322, 400, 722, -39, -522, 561, 146, 190, 322, 136, 156, 170, 
-317, 414, 732, -48, -524, 573, 146, 190, 322, 141, 161, 170, 
-307, 414, 722, -53, -514, 568, 146, 190, 331, 141, 165, 170, 
-317, 424, 741, -53, -529, 583, 141, 190, 326, 146, 175, 185, 
-317, 439, 756, -61, -536, 597, 141, 195, 331, 146, 180, 190, 
-302, 448, 751, -73, -527, 600, 136, 195, 336, 156, 180, 195, 
-297, 448, 746, -75, -522, 597, 136, 200, 341, 161, 180, 200, 
-278, 453, 732, -87, -505, 592, 136, 209, 346, 165, 180, 190, 
-263, 463, 727, -100, -495, 595, 136, 219, 346, 165, 185, 190, 
-244, 468, 712, -112, -478, 590, 136, 219, 346, 165, 185, 195, 
-224, 483, 707, -129, -466, 595, 136, 229, 351, 165, 190, 200, 
-219, 483, 702, -131, -461, 592, 141, 234, 356, 165, 200, 209, 
-219, 468, 688, -124, -453, 578, 141, 244, 361, 170, 200, 209, 
-219, 468, 688, -124, -453, 578, 146, 248, 370, 170, 204, 209, 
-214, 463, 678, -124, -446, 570, 151, 248, 375, 165, 204, 209, 
-234, 444, 678, -104, -456, 561, 141, 244, 356, 151, 190, 200, 
-253, 439, 692, -92, -473, 566, 136, 229, 346, 151, 180, 185, 
-258, 429, 688, -85, -473, 558, 136, 214, 341, 141, 170, 180, 
-263, 429, 692, -82, -478, 561, 122, 200, 331, 136, 161, 170, 
-278, 414, 692, -68, -485, 553, 102, 185, 322, 131, 156, 170, 
-297, 390, 688, -46, -492, 539, 97, 180, 307, 117, 146, 161, 
-312, 380, 692, -34, -502, 536, 92, 170, 297, 112, 146, 161, 
-307, 375, 683, -34, -495, 529, 87, 170, 292, 112, 151, 161, 
-302, 370, 673, -34, -488, 522, 87, 165, 283, 107, 151, 165, 
-297, 361, 658, -31, -478, 509, 87, 165, 283, 107, 151, 161, 
-292, 361, 653, -34, -473, 507, 92, 165, 283, 102, 151, 156, 
-297, 361, 658, -31, -478, 509, 92, 161, 278, 97, 141, 156, 
-292, 361, 653, -34, -473, 507, 102, 156, 278, 107, 141, 151, 
-292, 370, 663, -39, -478, 517, 102, 156, 278, 107, 141, 151, 
-292, 380, 673, -43, -483, 527, 112, 165, 283, 107, 141, 156, 
-297, 390, 688, -46, -492, 539, 117, 165, 283, 107, 141, 156, 
-302, 385, 688, -41, -495, 536, 126, 175, 287, 102, 146, 156, 
-307, 385, 692, -39, -500, 539, 126, 175, 287, 102, 146, 156, 
-307, 390, 697, -41, -502, 544, 122, 170, 287, 102, 151, 156, 
-307, 390, 697, -41, -502, 544, 122, 170, 283, 102, 151, 156, 
-307, 380, 688, -36, -497, 534, 117, 161, 273, 92, 141, 141, 
-312, 370, 683, -29, -497, 527, 117, 161, 273, 92, 136, 136, 
-322, 370, 692, -24, -507, 531, 122, 161, 273, 92, 131, 136, 
-326, 366, 692, -19, -509, 529, 122, 165, 273, 92, 126, 131, 
-341, 366, 707, -12, -524, 536, 131, 165, 268, 92, 126, 131, 
-351, 361, 712, -4, -531, 536, 131, 156, 263, 87, 122, 126, 
-361, 356, 717, 2, -539, 536, 126, 151, 263, 82, 117, 122, 
-370, 356, 727, 7, -549, 541, 126, 151, 263, 82, 117, 122, 
-370, 351, 722, 9, -546, 536, 122, 161, 268, 73, 107, 122, 
-361, 346, 707, 7, -534, 527, 122, 156, 268, 73, 102, 122, 
-361, 346, 707, 7, -534, 527, 117, 156, 268, 73, 102, 122, 
-366, 341, 707, 12, -536, 524, 117, 156, 268, 73, 107, 122, 
-356, 346, 702, 4, -529, 524, 126, 151, 268, 73, 112, 126, 
-356, 351, 707, 2, -531, 529, 131, 156, 268, 73, 112, 126, 
-356, 361, 717, -2, -536, 539, 131, 156, 268, 73, 112, 122, 
-346, 366, 712, -9, -529, 539, 131, 156, 268, 73, 107, 122, 
-346, 366, 712, -9, -529, 539, 122, 151, 268, 73, 117, 122, 
-351, 366, 717, -7, -534, 541, 122, 151, 268, 73, 117, 122, 
-351, 366, 717, -7, -534, 541, 122, 151, 268, 73, 117, 122, 
-341, 366, 707, -12, -524, 536, 122, 146, 268, 73, 117, 122, 
-341, 361, 702, -9, -522, 531, 126, 156, 268, 82, 117, 126, 
-346, 361, 707, -7, -527, 534, 131, 156, 268, 82, 117, 126, 
-346, 356, 702, -4, -524, 529, 136, 161, 268, 87, 117, 126, 
-346, 351, 697, -2, -522, 524, 141, 161, 268, 87, 117, 126, 
-361, 351, 712, 4, -536, 531, 141, 151, 258, 78, 117, 117, 
-366, 346, 712, 9, -539, 529, 141, 151, 258, 73, 117, 117, 
-390, 341, 732, 24, -561, 536, 141, 151, 263, 73, 117, 117, 
-395, 341, 736, 26, -566, 539, 141, 151, 263, 73, 117, 112, 
-366, 351, 717, 7, -541, 534, 131, 151, 273, 82, 126, 117, 
-361, 356, 717, 2, -539, 536, 131, 151, 273, 82, 126, 122, 
-356, 366, 722, -4, -539, 544, 131, 151, 273, 82, 131, 126, 
-346, 366, 712, -9, -529, 539, 131, 151, 273, 82, 131, 131, 
-346, 375, 722, -14, -534, 549, 131, 151, 268, 73, 131, 131, 
-341, 375, 717, -17, -529, 546, 131, 151, 263, 73, 131, 131, 
-341, 375, 717, -17, -529, 546, 131, 146, 263, 78, 131, 131, 
-346, 375, 722, -14, -534, 549, 131, 146, 268, 78, 131, 131, 
-361, 375, 736, -7, -549, 556, 131, 161, 268, 87, 126, 131, 
-351, 380, 732, -14, -541, 556, 131, 170, 273, 87, 126, 131, 
-356, 385, 741, -14, -549, 563, 141, 200, 297, 87, 136, 131, 
-366, 385, 751, -9, -558, 568, 170, 258, 336, 112, 151, 131, 
-366, 380, 746, -7, -556, 563, 190, 331, 380, 146, 165, 146, 
-356, 380, 736, -12, -546, 558, 195, 405, 444, 195, 200, 170, 
-326, 414, 741, -43, -534, 578, 214, 463, 527, 268, 273, 219, 
-297, 468, 766, -85, -531, 617, 204, 478, 614, 375, 361, 287, 
-268, 541, 810, -136, -539, 675, 170, 439, 683, 512, 497, 390, 
-229, 605, 834, -187, -531, 719, 112, 356, 717, 649, 639, 522, 
-156, 683, 839, -263, -497, 761, 14, 244, 717, 761, 775, 649, 
-63, 795, 858, -366, -461, 827, -112, 82, 697, 893, 941, 795, 
43, 927, 883, -485, -419, 905, -253, -97, 683, 1049, 1122, 966, 
146, 1029, 883, -588, -368, 956, -414, -268, 639, 1161, 1254, 1098, 
219, 1083, 863, -651, -322, 973, -561, -419, 541, 1171, 1288, 1151, 
248, 1093, 844, -671, -297, 968, -649, -566, 405, 1054, 1220, 1137, 
239, 1078, 839, -658, -300, 958, -707, -712, 214, 868, 1063, 1034, 
224, 1029, 805, -627, -290, 917, -746, -834, 19, 658, 873, 897, 
175, 946, 771, -561, -297, 858, -761, -922, -156, 439, 658, 751, 
107, 839, 732, -473, -312, 785, -746, -1010, -331, 200, 444, 585, 
48, 707, 658, -378, -305, 683, -697, -1034, -478, -19, 224, 400, 
29, 566, 536, -297, -253, 551, -629, -990, -580, -195, 43, 244, 
9, 444, 434, -226, -212, 439, -585, -932, -663, -346, -102, 117, 
-34, 356, 390, -161, -212, 373, -531, -868, -707, -429, -185, 34, 
-92, 302, 395, -104, -244, 348, -453, -771, -653, -439, -214, -4, 
-175, 292, 468, -58, -322, 380, -366, -634, -546, -395, -209, -9, 
-234, 307, 541, -36, -387, 424, -297, -492, -429, -346, -180, -9, 
-244, 326, 570, -41, -407, 448, -224, -361, -317, -278, -131, 9, 
-214, 356, 570, -70, -392, 463, -161, -229, -224, -204, -78, 43, 
-214, 390, 605, -87, -409, 497, -102, -122, -141, -156, -53, 58, 
-268, 390, 658, -61, -463, 524, -48, -53, -68, -122, -29, 63, 
-322, 370, 692, -24, -507, 531, 0, 4, -4, -92, -4, 63, 
-317, 390, 707, -36, -512, 549, 29, 43, 53, -58, 29, 73, 
-312, 409, 722, -48, -517, 566, 53, 58, 107, -24, 53, 82, 
-351, 400, 751, -24, -551, 575, 53, 58, 136, -9, 58, 97, 
-351, 390, 741, -19, -546, 566, 53, 58, 161, 0, 73, 97, 
-322, 395, 717, -36, -519, 556, 82, 92, 195, 24, 92, 112, 
-302, 395, 697, -46, -500, 546, 112, 136, 239, 53, 112, 136, 
-317, 395, 712, -39, -514, 553, 136, 170, 258, 78, 122, 141, 
-356, 361, 717, -2, -536, 539, 136, 170, 253, 73, 117, 122, 
-375, 341, 717, 17, -546, 529, 146, 175, 258, 63, 107, 107, 
-370, 370, 741, 0, -556, 556, 151, 180, 258, 63, 107, 107, 
-375, 370, 746, 2, -561, 558, 151, 175, 258, 63, 97, 107, 
-385, 370, 756, 7, -570, 563, 146, 161, 263, 63, 97, 97, 
-390, 370, 761, 9, -575, 566, 141, 156, 263, 63, 97, 97, 
-400, 366, 766, 17, -583, 566, 131, 141, 263, 63, 97, 97, 
-400, 351, 751, 24, -575, 551, 131, 141, 273, 73, 107, 102, 
-390, 351, 741, 19, -566, 546, 136, 146, 273, 73, 107, 112, 
-385, 356, 741, 14, -563, 549, 146, 161, 273, 78, 107, 117, 
-385, 361, 746, 12, -566, 553, 156, 175, 278, 78, 112, 122, 
-375, 366, 741, 4, -558, 553, 156, 190, 287, 68, 112, 117, 
-375, 366, 741, 4, -558, 553, 161, 200, 292, 78, 117, 117, 
-375, 370, 746, 2, -561, 558, 161, 200, 292, 78, 117, 117, 
-370, 375, 746, -2, -558, 561, 161, 200, 292, 73, 117, 117, 
-375, 370, 746, 2, -561, 558, 165, 195, 292, 78, 122, 126, 
-375, 370, 746, 2, -561, 558, 161, 190, 287, 82, 122, 126, 
-375, 375, 751, 0, -563, 563, 161, 190, 287, 82, 126, 126, 
-380, 375, 756, 2, -568, 566, 161, 190, 287, 87, 126, 126, 
-380, 375, 756, 2, -568, 566, 161, 200, 297, 92, 117, 131, 
-380, 370, 751, 4, -566, 561, 161, 200, 297, 92, 122, 131, 
-380, 370, 751, 4, -566, 561, 165, 214, 302, 97, 126, 131, 
-390, 370, 761, 9, -575, 566, 170, 224, 302, 97, 126, 131, 
-395, 370, 766, 12, -580, 568, 161, 209, 287, 92, 112, 126, 
-390, 375, 766, 7, -578, 570, 161, 200, 287, 87, 112, 122, 
-395, 375, 771, 9, -583, 573, 161, 195, 287, 82, 112, 117, 
-400, 375, 775, 12, -588, 575, 156, 190, 287, 78, 112, 112, 
-395, 361, 756, 17, -575, 558, 165, 200, 292, 82, 112, 112, 
-395, 361, 756, 17, -575, 558, 165, 195, 292, 82, 117, 112, 
-395, 361, 756, 17, -575, 558, 165, 195, 292, 82, 122, 112, 
-390, 361, 751, 14, -570, 556, 165, 195, 297, 78, 126, 112, 
-385, 361, 746, 12, -566, 553, 165, 209, 297, 87, 126, 122, 
-390, 366, 756, 12, -573, 561, 170, 214, 297, 87, 126, 122, 
-395, 366, 761, 14, -578, 563, 170, 219, 297, 87, 131, 122, 
-400, 366, 766, 17, -583, 566, 170, 219, 297, 87, 131, 122, 
-400, 366, 766, 17, -583, 566, 165, 209, 297, 78, 122, 112, 
-405, 366, 771, 19, -588, 568, 165, 204, 297, 82, 122, 112, 
-405, 366, 771, 19, -588, 568, 165, 200, 297, 82, 122, 112, 
-405, 366, 771, 19, -588, 568, 161, 200, 297, 82, 122, 112, 
-385, 380, 766, 2, -575, 573, 161, 209, 302, 82, 131, 122, 
-395, 380, 775, 7, -585, 578, 161, 209, 302, 87, 131, 122, 
-400, 380, 780, 9, -590, 580, 165, 214, 307, 92, 131, 122, 
-400, 380, 780, 9, -590, 580, 165, 214, 307, 97, 131, 122, 
-390, 380, 771, 4, -580, 575, 165, 204, 297, 92, 131, 122, 
-395, 380, 775, 7, -585, 578, 165, 209, 297, 87, 131, 122, 
-395, 380, 775, 7, -585, 578, 165, 209, 297, 82, 136, 122, 
-395, 380, 775, 7, -585, 578, 165, 204, 292, 78, 136, 122, 
-390, 400, 790, -4, -590, 595, 170, 214, 302, 87, 146, 122, 
-375, 409, 785, -17, -580, 597, 165, 214, 302, 87, 141, 122, 
-370, 414, 785, -21, -578, 600, 165, 214, 302, 87, 141, 122, 
-366, 409, 775, -21, -570, 592, 170, 214, 307, 87, 141, 122, 
-380, 400, 780, -9, -580, 590, 161, 204, 297, 92, 131, 112, 
-385, 395, 780, -4, -583, 588, 156, 204, 297, 92, 131, 112, 
-390, 385, 775, 2, -583, 580, 156, 204, 297, 92, 131, 117, 
-395, 366, 761, 14, -578, 563, 156, 204, 302, 92, 136, 122, 
-405, 375, 780, 14, -592, 578, 156, 204, 292, 87, 126, 122, 
-405, 380, 785, 12, -595, 583, 156, 209, 297, 82, 131, 122, 
-405, 390, 795, 7, -600, 592, 156, 209, 297, 82, 141, 122, 
-405, 390, 795, 7, -600, 592, 156, 209, 297, 78, 141, 122, 
-385, 395, 780, -4, -583, 588, 156, 214, 307, 82, 151, 131, 
-380, 400, 780, -9, -580, 590, 156, 219, 307, 87, 151, 131, 
-380, 405, 785, -12, -583, 595, 161, 224, 307, 97, 156, 131, 
-390, 409, 800, -9, -595, 605, 161, 234, 312, 107, 156, 141, 
-390, 405, 795, -7, -592, 600, 151, 224, 312, 107, 156, 136, 
-385, 400, 785, -7, -585, 592, 146, 224, 302, 107, 146, 136, 
-385, 395, 780, -4, -583, 588, 141, 219, 302, 107, 146, 136, 
-380, 400, 780, -9, -580, 590, 136, 219, 302, 107, 151, 141, 
-380, 409, 790, -14, -585, 600, 131, 219, 312, 102, 151, 141, 
-380, 409, 790, -14, -585, 600, 131, 224, 322, 102, 156, 146, 
-370, 414, 785, -21, -578, 600, 131, 229, 322, 112, 165, 146, 
-370, 414, 785, -21, -578, 600, 126, 229, 322, 112, 165, 146, 
-370, 424, 795, -26, -583, 610, 131, 234, 326, 117, 175, 156, 
-370, 424, 795, -26, -583, 610, 126, 234, 326, 122, 175, 161, 
-361, 424, 785, -31, -573, 605, 126, 234, 331, 131, 180, 165, 
-361, 439, 800, -39, -580, 619, 126, 239, 336, 141, 185, 175, 
-370, 439, 810, -34, -590, 624, 122, 229, 326, 141, 190, 175, 
-356, 444, 800, -43, -578, 622, 122, 229, 326, 141, 195, 180, 
-346, 444, 790, -48, -568, 617, 122, 229, 326, 141, 200, 185, 
-336, 453, 790, -58, -563, 622, 112, 234, 331, 141, 204, 190, 
-336, 473, 810, -68, -573, 641, 102, 234, 341, 156, 219, 200, 
-336, 463, 800, -63, -568, 631, 97, 229, 341, 156, 229, 204, 
-336, 463, 800, -63, -568, 631, 92, 229, 336, 161, 229, 204, 
-331, 463, 795, -65, -563, 629, 82, 229, 336, 161, 234, 209, 
-322, 468, 790, -73, -556, 629, 82, 219, 331, 165, 229, 214, 
-312, 478, 790, -82, -551, 634, 73, 219, 336, 170, 234, 219, 
-302, 492, 795, -95, -549, 644, 68, 214, 336, 170, 234, 224, 
-287, 502, 790, -107, -539, 646, 68, 214, 331, 175, 239, 229, 
-292, 492, 785, -100, -539, 639, 73, 219, 341, 175, 244, 244, 
-297, 497, 795, -100, -546, 646, 68, 219, 341, 175, 248, 248, 
-297, 502, 800, -102, -549, 651, 58, 219, 341, 180, 253, 248, 
-302, 502, 805, -100, -553, 653, 58, 219, 336, 190, 253, 253, 
-292, 512, 805, -109, -549, 658, 48, 209, 326, 195, 268, 248, 
-287, 517, 805, -114, -546, 661, 43, 200, 326, 195, 273, 253, 
-283, 527, 810, -122, -546, 668, 39, 200, 326, 195, 273, 258, 
-283, 527, 810, -122, -546, 668, 34, 200, 326, 195, 273, 263, 
-273, 536, 810, -131, -541, 673, 39, 209, 336, 204, 278, 278, 
-273, 531, 805, -129, -539, 668, 39, 204, 336, 204, 278, 278, 
-268, 531, 800, -131, -534, 666, 43, 204, 331, 204, 278, 278, 
-258, 531, 790, -136, -524, 661, 43, 200, 326, 204, 278, 278, 
-263, 527, 790, -131, -527, 658, 29, 190, 326, 204, 278, 278, 
-268, 536, 805, -134, -536, 671, 29, 190, 331, 204, 283, 283, 
-273, 536, 810, -131, -541, 673, 29, 190, 331, 209, 283, 283, 
-278, 541, 819, -131, -549, 680, 34, 190, 331, 209, 292, 287, 
-268, 566, 834, -148, -551, 700, 34, 190, 322, 219, 302, 287, 
-263, 556, 819, -146, -541, 688, 24, 180, 317, 214, 292, 287, 
-258, 561, 819, -151, -539, 690, 24, 180, 317, 214, 292, 283, 
-253, 570, 824, -158, -539, 697, 29, 180, 322, 219, 292, 283, 
-253, 566, 819, -156, -536, 692, 29, 175, 322, 214, 283, 283, 
-253, 556, 810, -151, -531, 683, 24, 175, 317, 209, 283, 283, 
-253, 551, 805, -148, -529, 678, 24, 175, 317, 204, 283, 283, 
-258, 546, 805, -143, -531, 675, 29, 180, 317, 200, 283, 283, 
-268, 536, 805, -134, -536, 671, 34, 180, 322, 209, 283, 268, 
-278, 527, 805, -124, -541, 666, 34, 180, 322, 204, 278, 258, 
-297, 512, 810, -107, -553, 661, 34, 175, 322, 200, 268, 258, 
-317, 507, 824, -95, -570, 666, 43, 175, 322, 200, 268, 258, 
-307, 512, 819, -102, -563, 666, 43, 190, 336, 200, 268, 258, 
-307, 517, 824, -104, -566, 671, 48, 190, 336, 200, 263, 248, 
-302, 507, 810, -102, -556, 658, 48, 190, 341, 200, 263, 248, 
-317, 512, 829, -97, -573, 671, 48, 190, 341, 200, 258, 244, 
-317, 502, 819, -92, -568, 661, 68, 190, 336, 185, 263, 239, 
-317, 502, 819, -92, -568, 661, 73, 195, 336, 180, 258, 234, 
-322, 497, 819, -87, -570, 658, 73, 195, 336, 180, 258, 229, 
-326, 497, 824, -85, -575, 661, 78, 200, 341, 180, 253, 229, 
-331, 488, 819, -78, -575, 653, 73, 200, 341, 185, 248, 224, 
-341, 488, 829, -73, -585, 658, 78, 195, 341, 180, 239, 214, 
-351, 483, 834, -65, -592, 658, 78, 195, 341, 180, 234, 209, 
-361, 473, 834, -56, -597, 653, 82, 200, 341, 180, 229, 209, 
-361, 478, 839, -58, -600, 658, 97, 200, 351, 165, 234, 204, 
-361, 473, 834, -56, -597, 653, 102, 200, 351, 161, 229, 204, 
-361, 473, 834, -56, -597, 653, 107, 200, 346, 161, 219, 200, 
-366, 473, 839, -53, -602, 656, 107, 200, 346, 161, 219, 195, 
-380, 463, 844, -41, -612, 653, 107, 190, 331, 151, 214, 190, 
-385, 453, 839, -34, -612, 646, 107, 185, 331, 146, 209, 185, 
-385, 448, 834, -31, -610, 641, 107, 185, 331, 136, 200, 180, 
-385, 444, 829, -29, -607, 636, 117, 185, 331, 136, 195, 175, 
-395, 444, 839, -24, -617, 641, 122, 195, 331, 141, 204, 180, 
-395, 439, 834, -21, -614, 636, 122, 195, 326, 146, 204, 180, 
-414, 439, 854, -12, -634, 646, 126, 190, 326, 151, 204, 175, 
-414, 439, 854, -12, -634, 646, 126, 190, 322, 146, 200, 175, 
-400, 448, 849, -24, -624, 649, 126, 190, 317, 146, 195, 165, 
-400, 448, 849, -24, -624, 649, 126, 190, 317, 141, 195, 165, 
-405, 444, 849, -19, -627, 646, 126, 185, 317, 141, 190, 156, 
-405, 444, 849, -19, -627, 646, 126, 180, 317, 136, 185, 156, 
-400, 444, 844, -21, -622, 644, 136, 180, 317, 126, 180, 156, 
-414, 439, 854, -12, -634, 646, 136, 180, 312, 126, 180, 156, 
-419, 439, 858, -9, -639, 649, 136, 185, 307, 126, 190, 156, 
-424, 439, 863, -7, -644, 651, 136, 185, 307, 126, 180, 156, 
-429, 439, 868, -4, -649, 653, 136, 180, 302, 122, 170, 146, 
-429, 439, 868, -4, -649, 653, 136, 180, 302, 122, 170, 146, 
-429, 439, 868, -4, -649, 653, 136, 180, 302, 117, 165, 146, 
-429, 439, 868, -4, -649, 653, 131, 180, 297, 117, 165, 146, 
-434, 439, 873, -2, -653, 656, 131, 175, 302, 117, 170, 156, 
-444, 439, 883, 2, -663, 661, 131, 175, 302, 117, 170, 146, 
-444, 439, 883, 2, -663, 661, 136, 175, 297, 117, 170, 146, 
-444, 439, 883, 2, -663, 661, 136, 175, 297, 112, 170, 141, 
-463, 434, 897, 14, -680, 666, 141, 185, 302, 107, 165, 151, 
-463, 429, 893, 17, -678, 661, 141, 185, 302, 107, 165, 151, 
-453, 424, 878, 14, -666, 651, 141, 185, 302, 107, 161, 151, 
-453, 419, 873, 17, -663, 646, 141, 185, 297, 102, 161, 146, 
-439, 424, 863, 7, -651, 644, 141, 175, 287, 112, 165, 136, 
-434, 429, 863, 2, -649, 646, 141, 170, 287, 112, 165, 136, 
-429, 424, 854, 2, -641, 639, 141, 170, 287, 112, 161, 136, 
-424, 429, 854, -2, -639, 641, 141, 175, 287, 112, 161, 136, 
-439, 429, 868, 4, -653, 649, 141, 180, 297, 122, 165, 141, 
-439, 429, 868, 4, -653, 649, 146, 185, 302, 122, 175, 146, 
-439, 429, 868, 4, -653, 649, 146, 195, 312, 126, 180, 151, 
-444, 429, 873, 7, -658, 651, 146, 200, 322, 126, 185, 156, 
-444, 434, 878, 4, -661, 656, 156, 209, 312, 126, 175, 156, 
-453, 434, 888, 9, -671, 661, 156, 209, 312, 126, 175, 161, 
-444, 434, 878, 4, -661, 656, 156, 209, 312, 126, 175, 161, 
-444, 434, 878, 4, -661, 656, 156, 209, 312, 131, 175, 161, 
-448, 424, 873, 12, -661, 649, 146, 200, 312, 122, 165, 151, 
-458, 424, 883, 17, -671, 653, 146, 200, 312, 122, 165, 151, 
-458, 419, 878, 19, -668, 649, 146, 200, 312, 122, 165, 156, 
-458, 419, 878, 19, -668, 649, 146, 204, 317, 126, 165, 156, 
-458, 414, 873, 21, -666, 644, 146, 200, 307, 126, 165, 146, 
-463, 414, 878, 24, -671, 646, 146, 204, 312, 126, 175, 146, 
-468, 414, 883, 26, -675, 649, 146, 204, 312, 122, 175, 146, 
-473, 419, 893, 26, -683, 656, 146, 204, 312, 122, 170, 146, 
-463, 434, 897, 14, -680, 666, 156, 204, 317, 122, 170, 156, 
-458, 439, 897, 9, -678, 668, 156, 204, 322, 131, 170, 156, 
-448, 444, 893, 2, -671, 668, 156, 204, 326, 131, 175, 156, 
-439, 448, 888, -4, -663, 668, 151, 204, 336, 131, 180, 156, 
-439, 458, 897, -9, -668, 678, 151, 204, 326, 131, 180, 156, 
-429, 458, 888, -14, -658, 673, 151, 209, 326, 136, 180, 156, 
-419, 468, 888, -24, -653, 678, 156, 209, 326, 136, 180, 161, 
-429, 468, 897, -19, -663, 683, 156, 209, 336, 136, 185, 161, 
-444, 463, 907, -9, -675, 685, 161, 219, 336, 146, 185, 161, 
-439, 453, 893, -7, -666, 673, 161, 214, 336, 141, 180, 156, 
-444, 448, 893, -2, -668, 671, 156, 214, 336, 141, 180, 156, 
-453, 453, 907, 0, -680, 680, 156, 219, 336, 146, 185, 165, 
-458, 453, 912, 2, -685, 683, 146, 209, 346, 136, 175, 156, 
-458, 448, 907, 4, -683, 678, 146, 209, 346, 136, 175, 151, 
-458, 444, 902, 7, -680, 673, 146, 209, 346, 136, 175, 151, 
-453, 444, 897, 4, -675, 671, 146, 209, 346, 136, 175, 151, 
-463, 439, 902, 12, -683, 671, 156, 219, 341, 141, 190, 156, 
-458, 439, 897, 9, -678, 668, 156, 219, 341, 146, 190, 156, 
-458, 444, 902, 7, -680, 673, 161, 219, 341, 146, 190, 156, 
-458, 444, 902, 7, -680, 673, 161, 219, 341, 141, 190, 151, 
-458, 448, 907, 4, -683, 678, 165, 219, 351, 141, 200, 156, 
-458, 463, 922, -2, -690, 692, 165, 219, 351, 141, 200, 161, 
-458, 468, 927, -4, -692, 697, 165, 219, 351, 141, 200, 165, 
-458, 463, 922, -2, -690, 692, 165, 219, 351, 141, 200, 175, 
-458, 453, 912, 2, -685, 683, 156, 219, 351, 141, 200, 165, 
-453, 448, 902, 2, -678, 675, 156, 219, 351, 141, 200, 165, 
-453, 448, 902, 2, -678, 675, 156, 219, 346, 141, 200, 165, 
-453, 453, 907, 0, -680, 680, 156, 219, 346, 141, 200, 165, 
-453, 453, 907, 0, -680, 680, 165, 214, 346, 151, 190, 175, 
-458, 453, 912, 2, -685, 683, 165, 209, 346, 151, 190, 175, 
-463, 458, 922, 2, -692, 690, 170, 209, 346, 151, 190, 180, 
-468, 458, 927, 4, -697, 692, 170, 209, 341, 151, 190, 180, 
-478, 448, 927, 14, -702, 688, 161, 200, 331, 146, 190, 175, 
-478, 444, 922, 17, -700, 683, 161, 195, 331, 141, 185, 170, 
-478, 439, 917, 19, -697, 678, 161, 195, 326, 131, 180, 161, 
-483, 434, 917, 24, -700, 675, 156, 195, 326, 126, 180, 156, 
-478, 434, 912, 21, -695, 673, 161, 204, 331, 131, 190, 165, 
-468, 439, 907, 14, -688, 673, 161, 204, 331, 136, 195, 165, 
-463, 444, 907, 9, -685, 675, 161, 204, 336, 141, 195, 165, 
-463, 448, 912, 7, -688, 680, 161, 204, 341, 141, 190, 165, 
-473, 448, 922, 12, -697, 685, 151, 200, 326, 136, 190, 165, 
-473, 444, 917, 14, -695, 680, 151, 190, 326, 131, 185, 161, 
-478, 444, 922, 17, -700, 683, 151, 185, 326, 131, 185, 161, 
-483, 444, 927, 19, -705, 685, 156, 185, 331, 136, 185, 161, 
-492, 444, 936, 24, -714, 690, 156, 195, 322, 141, 185, 151, 
-488, 439, 927, 24, -707, 683, 156, 195, 322, 141, 185, 151, 
-483, 434, 917, 24, -700, 675, 156, 195, 317, 141, 185, 156, 
-483, 429, 912, 26, -697, 671, 156, 190, 317, 136, 185, 156, 
-488, 439, 927, 24, -707, 683, 156, 200, 326, 136, 185, 161, 
-488, 439, 927, 24, -707, 683, 156, 200, 326, 141, 185, 161, 
-497, 439, 936, 29, -717, 688, 156, 200, 326, 141, 185, 161, 
-497, 439, 936, 29, -717, 688, 156, 200, 326, 136, 190, 161, 
-492, 444, 936, 24, -714, 690, 156, 190, 312, 136, 190, 161, 
-473, 453, 927, 9, -700, 690, 156, 190, 312, 136, 190, 161, 
-468, 458, 927, 4, -697, 692, 161, 190, 317, 136, 190, 161, 
-483, 463, 946, 9, -714, 705, 161, 190, 317, 136, 185, 161, 
-497, 458, 956, 19, -727, 707, 151, 190, 317, 131, 175, 151, 
-488, 453, 941, 17, -714, 697, 151, 190, 317, 131, 175, 146, 
-492, 448, 941, 21, -717, 695, 151, 195, 317, 131, 175, 146, 
-502, 444, 946, 29, -724, 695, 151, 195, 317, 136, 175, 146, 
-502, 434, 936, 34, -719, 685, 151, 185, 307, 126, 165, 146, 
-497, 439, 936, 29, -717, 688, 156, 175, 312, 126, 175, 146, 
-497, 444, 941, 26, -719, 692, 156, 175, 312, 126, 185, 156, 
-497, 448, 946, 24, -722, 697, 156, 175, 312, 126, 185, 156, 
-497, 453, 951, 21, -724, 702, 156, 175, 312, 126, 185, 156, 
-497, 458, 956, 19, -727, 707, 156, 175, 312, 126, 185, 156, 
-497, 458, 956, 19, -727, 707, 156, 175, 312, 126, 185, 156, 
-492, 458, 951, 17, -722, 705, 156, 175, 312, 126, 185, 156, 
-492, 458, 951, 17, -722, 705, 156, 175, 307, 126, 185, 156, 
-497, 458, 956, 19, -727, 707, 156, 175, 307, 126, 185, 156, 
-507, 463, 971, 21, -739, 717, 156, 185, 312, 136, 185, 156, 
-497, 468, 966, 14, -732, 717, 156, 185, 312, 141, 190, 161, 
-497, 468, 966, 14, -732, 717, 156, 185, 312, 141, 195, 161, 
-502, 468, 971, 17, -736, 719, 151, 185, 312, 136, 195, 161, 
-502, 458, 961, 21, -732, 710, 161, 195, 326, 136, 200, 161, 
-507, 458, 966, 24, -736, 712, 165, 200, 326, 136, 200, 161, 
-507, 468, 976, 19, -741, 722, 170, 209, 341, 141, 204, 165, 
-497, 483, 980, 7, -739, 732, 170, 214, 351, 151, 209, 170, 
-497, 492, 990, 2, -744, 741, 161, 204, 346, 161, 209, 170, 
-497, 497, 995, 0, -746, 746, 165, 209, 351, 165, 214, 180, 
-492, 522, 1015, -14, -753, 768, 165, 209, 351, 170, 219, 180, 
-483, 531, 1015, -24, -749, 773, 165, 209, 361, 170, 224, 180, 
-483, 522, 1005, -19, -744, 763, 180, 219, 366, 175, 229, 195, 
-483, 536, 1019, -26, -751, 778, 180, 224, 370, 175, 239, 200, 
-468, 546, 1015, -39, -741, 780, 175, 224, 375, 185, 244, 204, 
-463, 546, 1010, -41, -736, 778, 175, 229, 380, 190, 248, 209, 
-458, 536, 995, -39, -727, 766, 175, 219, 395, 195, 248, 209, 
-448, 541, 990, -46, -719, 766, 175, 229, 395, 195, 253, 209, 
-434, 541, 976, -53, -705, 758, 175, 229, 395, 195, 253, 214, 
-419, 551, 971, -65, -695, 761, 175, 239, 400, 195, 258, 219, 
-414, 556, 971, -70, -692, 763, 161, 253, 390, 195, 248, 209, 
-414, 546, 961, -65, -688, 753, 161, 263, 390, 200, 248, 209, 
-414, 551, 966, -68, -690, 758, 165, 268, 395, 200, 253, 209, 
-409, 551, 961, -70, -685, 756, 170, 268, 395, 195, 253, 209, 
-424, 531, 956, -53, -690, 744, 180, 268, 385, 190, 244, 204, 
-439, 527, 966, -43, -702, 746, 175, 258, 375, 190, 239, 195, 
-439, 517, 956, -39, -697, 736, 175, 248, 370, 180, 234, 195, 
-439, 517, 956, -39, -697, 736, 161, 239, 361, 175, 229, 190, 
-444, 512, 956, -34, -700, 734, 141, 204, 341, 170, 219, 180, 
-463, 488, 951, -12, -707, 719, 136, 200, 326, 156, 204, 170, 
-478, 478, 956, 0, -717, 717, 131, 190, 317, 151, 200, 170, 
-473, 473, 946, 0, -710, 710, 126, 190, 312, 151, 200, 170, 
-483, 483, 966, 0, -724, 724, 126, 175, 302, 146, 200, 175, 
-483, 478, 961, 2, -722, 719, 126, 175, 302, 146, 200, 170, 
-483, 483, 966, 0, -724, 724, 131, 175, 302, 141, 200, 165, 
-492, 488, 980, 2, -736, 734, 131, 170, 297, 136, 190, 165, 
-492, 468, 961, 12, -727, 714, 131, 165, 297, 146, 200, 170, 
-488, 468, 956, 9, -722, 712, 131, 165, 297, 146, 200, 170, 
-483, 468, 951, 7, -717, 710, 141, 175, 302, 146, 200, 175, 
-483, 468, 951, 7, -717, 710, 146, 175, 302, 146, 200, 175, 
-488, 473, 961, 7, -724, 717, 146, 175, 307, 131, 185, 165, 
-492, 473, 966, 9, -729, 719, 146, 175, 307, 131, 185, 165, 
-492, 478, 971, 7, -732, 724, 141, 170, 307, 131, 190, 165, 
-492, 478, 971, 7, -732, 724, 141, 170, 302, 131, 190, 165, 
-512, 468, 980, 21, -746, 724, 156, 170, 302, 141, 195, 170, 
-517, 458, 976, 29, -746, 717, 156, 170, 302, 141, 195, 165, 
-527, 458, 985, 34, -756, 722, 161, 170, 302, 141, 195, 165, 
-531, 453, 985, 39, -758, 719, 161, 175, 302, 141, 195, 161, 
-536, 444, 980, 46, -758, 712, 161, 175, 297, 131, 185, 151, 
-546, 439, 985, 53, -766, 712, 161, 165, 292, 126, 180, 146, 
-556, 434, 990, 61, -773, 712, 156, 161, 292, 122, 175, 141, 
-566, 434, 1000, 65, -783, 717, 156, 161, 292, 122, 175, 141, 
-570, 439, 1010, 65, -790, 724, 161, 170, 287, 122, 165, 141, 
-556, 444, 1000, 56, -778, 722, 161, 165, 287, 122, 161, 141, 
-551, 453, 1005, 48, -778, 729, 156, 165, 287, 122, 161, 141, 
-551, 458, 1010, 46, -780, 734, 156, 165, 287, 122, 165, 141, 
-546, 448, 995, 48, -771, 722, 156, 161, 287, 122, 180, 146, 
-541, 448, 990, 46, -766, 719, 161, 165, 287, 122, 180, 146, 
-536, 453, 990, 41, -763, 722, 161, 165, 287, 122, 180, 141, 
-522, 453, 976, 34, -749, 714, 161, 165, 287, 122, 175, 141, 
-527, 463, 990, 31, -758, 727, 151, 161, 287, 122, 165, 151, 
-536, 463, 1000, 36, -768, 732, 151, 161, 287, 122, 165, 151, 
-541, 463, 1005, 39, -773, 734, 151, 161, 287, 122, 165, 151, 
-536, 463, 1000, 36, -768, 732, 151, 156, 287, 122, 165, 151, 
-541, 473, 1015, 34, -778, 744, 161, 156, 287, 131, 170, 156, 
-551, 478, 1029, 36, -790, 753, 161, 156, 287, 131, 175, 156, 
-556, 478, 1034, 39, -795, 756, 161, 161, 287, 136, 180, 156, 
-561, 478, 1039, 41, -800, 758, 161, 161, 287, 136, 185, 156, 
-556, 468, 1024, 43, -790, 746, 161, 161, 278, 136, 175, 156, 
-551, 463, 1015, 43, -783, 739, 161, 161, 278, 131, 175, 156, 
-566, 458, 1024, 53, -795, 741, 161, 161, 283, 131, 175, 156, 
-561, 458, 1019, 51, -790, 739, 161, 161, 283, 131, 175, 151, 
-536, 463, 1000, 36, -768, 732, 161, 151, 283, 131, 185, 161, 
-536, 473, 1010, 31, -773, 741, 161, 151, 283, 131, 185, 161, 
-536, 488, 1024, 24, -780, 756, 161, 151, 283, 131, 190, 161, 
-531, 492, 1024, 19, -778, 758, 161, 151, 283, 131, 190, 161, 
-541, 478, 1019, 31, -780, 749, 161, 161, 287, 122, 180, 151, 
-546, 473, 1019, 36, -783, 746, 161, 161, 283, 122, 180, 151, 
-556, 468, 1024, 43, -790, 746, 161, 156, 283, 126, 180, 151, 
-570, 463, 1034, 53, -802, 749, 161, 156, 287, 126, 180, 151, 
-566, 463, 1029, 51, -797, 746, 170, 170, 287, 136, 185, 151, 
-556, 488, 1044, 34, -800, 766, 190, 180, 302, 146, 195, 170, 
-531, 512, 1044, 9, -788, 778, 190, 200, 307, 146, 195, 170, 
-531, 512, 1044, 9, -788, 778, 190, 229, 336, 151, 200, 170, 
-541, 497, 1039, 21, -790, 768, 209, 302, 370, 185, 234, 185, 
-541, 497, 1039, 21, -790, 768, 234, 375, 424, 224, 258, 200, 
-541, 512, 1054, 14, -797, 783, 244, 434, 478, 278, 292, 219, 
-522, 556, 1078, -17, -800, 817, 244, 488, 566, 356, 361, 278, 
-492, 619, 1112, -63, -802, 866, 229, 488, 663, 483, 478, 370, 
-463, 673, 1137, -104, -800, 905, 180, 424, 717, 610, 619, 483, 
-429, 722, 1151, -146, -790, 936, 102, 312, 736, 712, 736, 590, 
-356, 795, 1151, -219, -753, 973, 4, 170, 707, 824, 873, 717, 
-248, 897, 1146, -324, -697, 1022, -136, -19, 673, 951, 1034, 858, 
-126, 1019, 1146, -446, -636, 1083, -287, -219, 639, 1073, 1185, 1000, 
-34, 1132, 1166, -549, -600, 1149, -405, -390, 570, 1141, 1278, 1102, 
14, 1171, 1156, -592, -570, 1163, -512, -527, 463, 1093, 1259, 1117, 
24, 1146, 1122, -585, -549, 1134, -600, -673, 302, 946, 1141, 1054, 
9, 1088, 1078, -549, -534, 1083, -658, -814, 107, 756, 971, 936, 
-9, 1054, 1063, -522, -536, 1058, -692, -932, -58, 556, 785, 819, 
-39, 985, 1024, -473, -531, 1005, -707, -1029, -224, 336, 590, 673, 
-117, 883, 1000, -383, -558, 941, -678, -1093, -380, 117, 370, 507, 
-185, 741, 927, -278, -556, 834, -619, -1098, -502, -78, 170, 341, 
-195, 610, 805, -207, -500, 707, -556, -1029, -585, -219, 34, 204, 
-200, 512, 712, -156, -456, 612, -512, -956, -658, -322, -78, 102, 
-229, 448, 678, -109, -453, 563, -444, -888, -673, -380, -146, 43, 
-312, 419, 732, -53, -522, 575, -366, -771, -605, -375, -161, 9, 
-390, 414, 805, -12, -597, 610, -297, -629, -488, -326, -141, 0, 
-458, 444, 902, 7, -680, 673, -234, -488, -375, -278, -112, 9, 
-448, 483, 932, -17, -690, 707, -190, -366, -283, -214, -78, 24, 
-409, 497, 907, -43, -658, 702, -141, -248, -200, -165, -34, 48, 
-434, 497, 932, -31, -683, 714, -68, -131, -107, -112, 9, 73, 
-458, 497, 956, -19, -707, 727, 0, -53, -24, -73, 34, 82, 
-483, 488, 971, -2, -727, 729, 39, -4, 24, -48, 48, 82, 
-507, 478, 985, 14, -746, 732, 63, 29, 68, -14, 63, 92, 
-536, 497, 1034, 19, -785, 766, 82, 39, 107, 19, 87, 107, 
-556, 507, 1063, 24, -810, 785, 92, 48, 141, 39, 112, 117, 
-546, 492, 1039, 26, -793, 766, 92, 63, 165, 53, 122, 122, 
-546, 492, 1039, 26, -793, 766, 112, 97, 200, 82, 151, 126, 
-561, 492, 1054, 34, -807, 773, 136, 122, 229, 97, 161, 141, 
-580, 478, 1058, 51, -819, 768, 156, 151, 244, 102, 165, 141, 
-570, 458, 1029, 56, -800, 744, 175, 175, 258, 112, 175, 146, 
-566, 478, 1044, 43, -805, 761, 190, 180, 268, 112, 175, 165, 
-566, 483, 1049, 41, -807, 766, 190, 180, 258, 112, 165, 156, 
-570, 488, 1058, 41, -814, 773, 185, 170, 263, 112, 165, 146, 
-570, 492, 1063, 39, -817, 778, 180, 170, 263, 112, 165, 146, 
-575, 492, 1068, 41, -822, 780, 170, 161, 263, 112, 165, 146, 
-590, 478, 1068, 56, -829, 773, 156, 146, 273, 112, 165, 136, 
-585, 478, 1063, 53, -824, 771, 156, 146, 273, 112, 165, 141, 
-585, 483, 1068, 51, -827, 775, 161, 156, 273, 117, 165, 141, 
-590, 488, 1078, 51, -834, 783, 165, 165, 278, 117, 170, 141, 
-590, 492, 1083, 48, -836, 788, 190, 175, 287, 126, 170, 146, 
-590, 492, 1083, 48, -836, 788, 200, 190, 292, 136, 175, 146, 
-590, 497, 1088, 46, -839, 793, 204, 195, 292, 136, 175, 146, 
-585, 502, 1088, 41, -836, 795, 209, 200, 292, 131, 175, 146, 
-585, 502, 1088, 41, -836, 795, 200, 185, 287, 131, 170, 146, 
-580, 497, 1078, 41, -829, 788, 190, 180, 278, 131, 170, 146, 
-575, 497, 1073, 39, -824, 785, 185, 180, 273, 126, 175, 146, 
-575, 492, 1068, 41, -822, 780, 180, 180, 268, 126, 175, 146, 
-585, 497, 1083, 43, -834, 790, 180, 170, 273, 131, 185, 156, 
-585, 497, 1083, 43, -834, 790, 180, 170, 278, 131, 190, 161, 
-585, 502, 1088, 41, -836, 795, 185, 185, 287, 136, 195, 165, 
-595, 507, 1102, 43, -849, 805, 190, 195, 292, 136, 195, 170, 
-585, 497, 1083, 43, -834, 790, 200, 195, 287, 136, 185, 165, 
-575, 502, 1078, 36, -827, 790, 200, 190, 287, 136, 180, 161, 
-575, 502, 1078, 36, -827, 790, 200, 190, 287, 136, 175, 156, 
-575, 502, 1078, 36, -827, 790, 195, 190, 287, 136, 170, 151, 
-566, 507, 1073, 29, -819, 790, 204, 200, 292, 141, 170, 161, 
-570, 507, 1078, 31, -824, 793, 204, 195, 292, 141, 175, 161, 
-575, 507, 1083, 34, -829, 795, 204, 195, 292, 141, 180, 161, 
-575, 507, 1083, 34, -829, 795, 204, 195, 297, 136, 185, 161, 
-570, 497, 1068, 36, -819, 783, 200, 190, 287, 136, 185, 161, 
-575, 502, 1078, 36, -827, 790, 200, 195, 287, 136, 185, 161, 
-580, 502, 1083, 39, -832, 793, 195, 200, 287, 136, 190, 161, 
-585, 502, 1088, 41, -836, 795, 190, 200, 287, 136, 190, 161, 
-585, 502, 1088, 41, -836, 795, 185, 200, 287, 136, 180, 161, 
-590, 502, 1093, 43, -841, 797, 185, 195, 287, 141, 180, 161, 
-590, 502, 1093, 43, -841, 797, 185, 190, 287, 141, 180, 161, 
-590, 502, 1093, 43, -841, 797, 180, 190, 287, 141, 180, 161, 
-570, 517, 1088, 26, -829, 802, 190, 190, 302, 136, 190, 161, 
-580, 517, 1098, 31, -839, 807, 190, 190, 302, 136, 190, 161, 
-585, 517, 1102, 34, -844, 810, 195, 195, 307, 136, 190, 161, 
-585, 517, 1102, 34, -844, 810, 195, 195, 307, 136, 190, 161, 
-575, 502, 1078, 36, -827, 790, 195, 195, 297, 136, 180, 161, 
-580, 497, 1078, 41, -829, 788, 195, 200, 297, 136, 180, 161, 
-580, 492, 1073, 43, -827, 783, 195, 200, 297, 136, 185, 161, 
-580, 488, 1068, 46, -824, 778, 195, 195, 292, 136, 185, 161, 
-595, 488, 1083, 53, -839, 785, 190, 195, 283, 126, 175, 151, 
-590, 488, 1078, 51, -834, 783, 185, 195, 283, 126, 170, 151, 
-595, 483, 1078, 56, -836, 780, 185, 195, 283, 126, 170, 151, 
-600, 468, 1068, 65, -834, 768, 190, 195, 287, 126, 170, 151, 
-595, 478, 1073, 58, -834, 775, 180, 195, 297, 141, 185, 156, 
-590, 492, 1083, 48, -836, 788, 175, 195, 297, 141, 190, 161, 
-585, 502, 1088, 41, -836, 795, 175, 195, 297, 141, 195, 170, 
-580, 502, 1083, 39, -832, 793, 175, 195, 302, 141, 204, 180, 
-566, 517, 1083, 24, -824, 800, 180, 200, 312, 151, 195, 170, 
-561, 527, 1088, 17, -824, 807, 185, 209, 317, 151, 200, 170, 
-556, 541, 1098, 7, -827, 819, 190, 214, 317, 156, 209, 170, 
-551, 546, 1098, 2, -824, 822, 195, 219, 317, 156, 209, 170, 
-561, 536, 1098, 12, -829, 817, 180, 214, 312, 151, 204, 161, 
-566, 527, 1093, 19, -829, 810, 175, 209, 307, 146, 200, 161, 
-575, 517, 1093, 29, -834, 805, 175, 204, 302, 146, 200, 161, 
-595, 507, 1102, 43, -849, 805, 170, 204, 302, 146, 195, 170, 
-580, 512, 1093, 34, -836, 802, 180, 204, 312, 156, 214, 175, 
-570, 517, 1088, 26, -829, 802, 175, 204, 302, 156, 204, 175, 
-566, 522, 1088, 21, -827, 805, 170, 200, 302, 156, 204, 175, 
-556, 536, 1093, 9, -824, 814, 165, 200, 302, 156, 209, 180, 
-566, 527, 1093, 19, -829, 810, 170, 204, 302, 161, 209, 190, 
-566, 527, 1093, 19, -829, 810, 170, 214, 312, 161, 214, 195, 
-556, 531, 1088, 12, -822, 810, 170, 224, 312, 170, 224, 195, 
-556, 531, 1088, 12, -822, 810, 165, 229, 312, 170, 224, 195, 
-546, 546, 1093, 0, -819, 819, 151, 224, 307, 170, 224, 195, 
-546, 551, 1098, -2, -822, 824, 146, 224, 307, 170, 224, 200, 
-536, 556, 1093, -9, -814, 824, 146, 224, 312, 175, 229, 204, 
-536, 575, 1112, -19, -824, 844, 146, 229, 317, 180, 234, 214, 
-546, 580, 1127, -17, -836, 854, 141, 219, 317, 175, 229, 214, 
-531, 580, 1112, -24, -822, 846, 141, 219, 317, 180, 234, 219, 
-522, 575, 1098, -26, -810, 836, 141, 219, 317, 185, 239, 224, 
-512, 580, 1093, -34, -802, 836, 131, 224, 322, 190, 244, 229, 
-507, 600, 1107, -46, -807, 854, 131, 214, 322, 195, 258, 239, 
-502, 590, 1093, -43, -797, 841, 126, 209, 322, 195, 268, 244, 
-497, 590, 1088, -46, -793, 839, 122, 209, 317, 200, 268, 244, 
-488, 590, 1078, -51, -783, 834, 112, 209, 317, 200, 273, 248, 
-492, 590, 1083, -48, -788, 836, 112, 209, 312, 204, 268, 244, 
-488, 595, 1083, -53, -785, 839, 102, 209, 317, 209, 273, 248, 
-483, 605, 1088, -61, -785, 846, 97, 204, 317, 209, 273, 253, 
-473, 610, 1083, -68, -778, 846, 97, 204, 312, 214, 278, 258, 
-473, 610, 1083, -68, -778, 846, 82, 200, 312, 214, 283, 253, 
-473, 614, 1088, -70, -780, 851, 78, 200, 312, 214, 287, 258, 
-468, 619, 1088, -75, -778, 854, 68, 200, 312, 219, 292, 258, 
-468, 619, 1088, -75, -778, 854, 68, 200, 307, 229, 292, 263, 
-458, 624, 1083, -82, -771, 854, 78, 209, 307, 224, 287, 268, 
-453, 624, 1078, -85, -766, 851, 73, 200, 307, 224, 292, 273, 
-448, 629, 1078, -90, -763, 854, 68, 200, 307, 224, 292, 278, 
-448, 624, 1073, -87, -761, 849, 63, 200, 307, 224, 292, 283, 
-458, 634, 1093, -87, -775, 863, 63, 190, 307, 229, 302, 292, 
-458, 629, 1088, -85, -773, 858, 58, 185, 307, 234, 307, 297, 
-453, 629, 1083, -87, -768, 856, 58, 185, 302, 239, 312, 302, 
-444, 629, 1073, -92, -758, 851, 53, 180, 297, 244, 317, 307, 
-439, 639, 1078, -100, -758, 858, 48, 180, 287, 234, 307, 297, 
-434, 653, 1088, -109, -761, 871, 48, 180, 292, 234, 312, 302, 
-429, 658, 1088, -114, -758, 873, 48, 180, 292, 239, 312, 302, 
-424, 668, 1093, -122, -758, 880, 53, 180, 292, 239, 322, 307, 
-424, 673, 1098, -124, -761, 885, 63, 180, 302, 239, 312, 297, 
-429, 653, 1083, -112, -756, 868, 53, 170, 297, 234, 302, 297, 
-434, 649, 1083, -107, -758, 866, 53, 170, 297, 234, 302, 292, 
-439, 649, 1088, -104, -763, 868, 58, 170, 302, 239, 302, 292, 
-434, 653, 1088, -109, -761, 871, 48, 175, 302, 229, 312, 302, 
-429, 653, 1083, -112, -756, 868, 43, 175, 297, 229, 312, 302, 
-424, 658, 1083, -117, -753, 871, 43, 175, 297, 229, 312, 302, 
-424, 663, 1088, -119, -756, 875, 48, 180, 297, 229, 312, 302, 
-429, 658, 1088, -114, -758, 873, 53, 180, 302, 229, 312, 297, 
-434, 653, 1088, -109, -761, 871, 53, 180, 302, 224, 307, 287, 
-448, 644, 1093, -97, -771, 868, 53, 175, 302, 219, 297, 287, 
-463, 644, 1107, -90, -785, 875, 63, 175, 302, 219, 297, 287, 
-478, 639, 1117, -80, -797, 878, 63, 180, 307, 229, 287, 278, 
-483, 634, 1117, -75, -800, 875, 68, 180, 307, 229, 283, 268, 
-483, 614, 1098, -65, -790, 856, 68, 180, 312, 229, 283, 268, 
-502, 610, 1112, -53, -807, 861, 68, 180, 312, 229, 278, 263, 
-492, 614, 1107, -61, -800, 861, 87, 180, 317, 224, 283, 258, 
-492, 619, 1112, -63, -802, 866, 92, 185, 317, 219, 278, 253, 
-497, 619, 1117, -61, -807, 868, 92, 185, 317, 219, 278, 248, 
-502, 624, 1127, -61, -814, 875, 97, 190, 322, 219, 273, 248, 
-502, 624, 1127, -61, -814, 875, 102, 200, 331, 224, 273, 253, 
-507, 624, 1132, -58, -819, 878, 107, 195, 331, 219, 268, 244, 
-512, 619, 1132, -53, -822, 875, 107, 195, 331, 219, 268, 239, 
-517, 610, 1127, -46, -822, 868, 112, 200, 331, 219, 268, 239, 
-517, 605, 1122, -43, -819, 863, 126, 209, 341, 224, 273, 234, 
-517, 600, 1117, -41, -817, 858, 131, 209, 341, 219, 268, 234, 
-517, 600, 1117, -41, -817, 858, 136, 209, 336, 219, 258, 229, 
-522, 600, 1122, -39, -822, 861, 136, 209, 336, 219, 258, 224, 
-541, 590, 1132, -24, -836, 861, 136, 200, 322, 200, 244, 209, 
-551, 580, 1132, -14, -841, 856, 136, 195, 322, 195, 239, 204, 
-556, 575, 1132, -9, -844, 854, 136, 195, 322, 185, 229, 200, 
-561, 570, 1132, -4, -846, 851, 146, 195, 322, 185, 224, 195, 
-566, 570, 1137, -2, -851, 854, 141, 185, 322, 195, 234, 195, 
-561, 566, 1127, -2, -844, 846, 141, 185, 317, 195, 234, 200, 
-575, 566, 1141, 4, -858, 854, 146, 180, 317, 195, 234, 200, 
-570, 566, 1137, 2, -854, 851, 146, 180, 312, 185, 229, 204, 
-566, 575, 1141, -4, -854, 858, 146, 180, 307, 175, 224, 195, 
-566, 575, 1141, -4, -854, 858, 146, 180, 307, 170, 224, 195, 
-570, 570, 1141, 0, -856, 856, 146, 175, 307, 170, 219, 185, 
-570, 570, 1141, 0, -856, 856, 146, 170, 307, 165, 214, 185, 
-551, 575, 1127, -12, -839, 851, 156, 180, 307, 165, 200, 175, 
-561, 575, 1137, -7, -849, 856, 156, 180, 302, 165, 200, 175, 
-561, 580, 1141, -9, -851, 861, 156, 185, 297, 165, 209, 175, 
-561, 585, 1146, -12, -854, 866, 156, 185, 297, 165, 200, 175, 
-561, 580, 1141, -9, -851, 861, 156, 180, 302, 161, 209, 185, 
-566, 575, 1141, -4, -854, 858, 156, 180, 302, 161, 209, 185, 
-570, 570, 1141, 0, -856, 856, 156, 180, 302, 156, 204, 185, 
-575, 566, 1141, 4, -858, 854, 151, 180, 297, 156, 204, 185, 
-590, 561, 1151, 14, -871, 856, 161, 175, 283, 156, 190, 185, 
-600, 556, 1156, 21, -878, 856, 161, 175, 283, 156, 190, 175, 
-600, 551, 1151, 24, -875, 851, 165, 175, 278, 156, 190, 175, 
-600, 546, 1146, 26, -873, 846, 165, 175, 278, 151, 190, 170, 
-614, 536, 1151, 39, -883, 844, 161, 165, 283, 146, 185, 161, 
-619, 536, 1156, 41, -888, 846, 161, 165, 283, 146, 185, 161, 
-614, 536, 1151, 39, -883, 844, 161, 165, 283, 146, 180, 161, 
-619, 536, 1156, 41, -888, 846, 161, 165, 278, 141, 180, 156, 
-614, 551, 1166, 31, -890, 858, 165, 175, 287, 146, 185, 156, 
-610, 556, 1166, 26, -888, 861, 170, 170, 287, 151, 185, 156, 
-605, 551, 1156, 26, -880, 854, 175, 170, 287, 156, 180, 156, 
-600, 556, 1156, 21, -878, 856, 180, 175, 287, 161, 180, 156, 
-600, 561, 1161, 19, -880, 861, 175, 185, 292, 151, 180, 156, 
-595, 566, 1161, 14, -878, 863, 175, 185, 292, 151, 185, 156, 
-590, 570, 1161, 9, -875, 866, 170, 190, 297, 156, 185, 156, 
-590, 575, 1166, 7, -878, 871, 165, 190, 302, 156, 185, 156, 
-590, 575, 1166, 7, -878, 871, 180, 190, 312, 165, 195, 165, 
-600, 570, 1171, 14, -885, 871, 185, 190, 312, 165, 195, 170, 
-590, 566, 1156, 12, -873, 861, 190, 190, 312, 165, 195, 170, 
-590, 561, 1151, 14, -871, 856, 195, 190, 312, 170, 195, 170, 
-595, 551, 1146, 21, -871, 849, 180, 180, 302, 161, 185, 161, 
-605, 551, 1156, 26, -880, 854, 175, 180, 302, 161, 185, 161, 
-605, 546, 1151, 29, -878, 849, 170, 180, 302, 161, 185, 165, 
-605, 546, 1151, 29, -878, 849, 165, 185, 307, 165, 185, 165, 
-605, 551, 1156, 26, -880, 854, 165, 190, 307, 165, 185, 156, 
-600, 551, 1151, 24, -875, 851, 165, 195, 312, 165, 195, 156, 
-595, 551, 1146, 21, -871, 849, 165, 195, 312, 161, 195, 156, 
-590, 556, 1146, 17, -868, 851, 165, 195, 312, 161, 190, 156, 
-580, 566, 1146, 7, -863, 856, 170, 195, 322, 170, 200, 161, 
-585, 566, 1151, 9, -868, 858, 175, 195, 322, 180, 200, 165, 
-585, 566, 1151, 9, -868, 858, 180, 195, 322, 180, 204, 170, 
-585, 566, 1151, 9, -868, 858, 180, 195, 326, 180, 209, 175, 
-600, 556, 1156, 21, -878, 856, 170, 204, 317, 170, 200, 175, 
-595, 556, 1151, 19, -873, 854, 170, 209, 317, 175, 200, 175, 
-590, 566, 1156, 12, -873, 861, 175, 209, 317, 175, 200, 180, 
-605, 566, 1171, 19, -888, 868, 175, 209, 326, 175, 204, 180, 
-605, 566, 1171, 19, -888, 868, 180, 219, 326, 175, 204, 180, 
-595, 561, 1156, 17, -875, 858, 180, 214, 326, 170, 200, 175, 
-595, 561, 1156, 17, -875, 858, 175, 214, 326, 170, 200, 175, 
-600, 570, 1171, 14, -885, 871, 175, 219, 326, 175, 204, 185, 
-595, 580, 1176, 7, -885, 878, 165, 214, 317, 175, 195, 185, 
-595, 575, 1171, 9, -883, 873, 165, 209, 317, 175, 195, 180, 
-595, 570, 1166, 12, -880, 868, 165, 204, 317, 175, 195, 180, 
-590, 570, 1161, 9, -875, 866, 165, 200, 317, 175, 195, 180, 
-600, 570, 1171, 14, -885, 871, 170, 219, 326, 180, 204, 185, 
-595, 566, 1161, 14, -878, 863, 175, 219, 331, 185, 209, 185, 
-595, 566, 1161, 14, -878, 863, 185, 219, 336, 185, 214, 185, 
-595, 561, 1156, 17, -875, 858, 190, 219, 341, 180, 219, 180, 
-585, 570, 1156, 7, -871, 863, 185, 214, 331, 180, 214, 180, 
-585, 580, 1166, 2, -875, 873, 185, 209, 331, 180, 209, 180, 
-585, 580, 1166, 2, -875, 873, 185, 204, 331, 180, 204, 180, 
-585, 570, 1156, 7, -871, 863, 185, 200, 331, 180, 200, 185, 
-585, 575, 1161, 4, -873, 868, 175, 209, 331, 180, 209, 195, 
-580, 575, 1156, 2, -868, 866, 175, 209, 331, 180, 209, 195, 
-580, 580, 1161, 0, -871, 871, 175, 209, 326, 180, 209, 195, 
-580, 590, 1171, -4, -875, 880, 175, 209, 326, 180, 209, 195, 
-580, 585, 1166, -2, -873, 875, 175, 214, 336, 180, 209, 185, 
-585, 580, 1166, 2, -875, 873, 175, 209, 336, 180, 209, 185, 
-590, 580, 1171, 4, -880, 875, 180, 209, 336, 180, 209, 190, 
-595, 575, 1171, 9, -883, 873, 180, 209, 331, 180, 209, 190, 
-585, 570, 1156, 7, -871, 863, 190, 200, 322, 180, 219, 190, 
-585, 570, 1156, 7, -871, 863, 190, 195, 322, 180, 214, 190, 
-585, 570, 1156, 7, -871, 863, 190, 195, 317, 175, 209, 185, 
-590, 570, 1161, 9, -875, 866, 185, 195, 317, 175, 209, 185, 
-595, 575, 1171, 9, -883, 873, 190, 195, 326, 185, 209, 195, 
-595, 575, 1171, 9, -883, 873, 190, 195, 322, 185, 214, 195, 
-600, 575, 1176, 12, -888, 875, 190, 195, 322, 185, 214, 195, 
-610, 575, 1185, 17, -897, 880, 190, 195, 322, 180, 209, 195, 
-614, 566, 1180, 24, -897, 873, 185, 195, 317, 165, 200, 175, 
-619, 551, 1171, 34, -895, 861, 180, 190, 317, 161, 195, 170, 
-629, 541, 1171, 43, -900, 856, 175, 190, 317, 161, 195, 170, 
-639, 531, 1171, 53, -905, 851, 175, 195, 322, 165, 195, 170, 
-634, 541, 1176, 46, -905, 858, 175, 195, 312, 161, 195, 170, 
-624, 546, 1171, 39, -897, 858, 175, 195, 312, 161, 195, 170, 
-614, 551, 1166, 31, -890, 858, 175, 195, 307, 161, 195, 175, 
-610, 556, 1166, 26, -888, 861, 175, 190, 307, 156, 195, 175, 
-605, 556, 1161, 24, -883, 858, 185, 200, 317, 165, 204, 180, 
-605, 556, 1161, 24, -883, 858, 185, 200, 317, 170, 204, 180, 
-614, 556, 1171, 29, -893, 863, 185, 200, 317, 170, 204, 180, 
-614, 556, 1171, 29, -893, 863, 185, 200, 317, 165, 209, 180, 
-605, 556, 1161, 24, -883, 858, 185, 190, 312, 165, 209, 180, 
-590, 561, 1151, 14, -871, 856, 185, 190, 312, 165, 209, 180, 
-590, 561, 1151, 14, -871, 856, 190, 190, 317, 165, 209, 180, 
-610, 561, 1171, 24, -890, 866, 190, 190, 317, 165, 204, 180, 
-610, 570, 1180, 19, -895, 875, 180, 200, 317, 161, 195, 180, 
-614, 561, 1176, 26, -895, 868, 180, 190, 307, 151, 195, 165, 
-575, 561, 1137, 7, -856, 849, 180, 185, 307, 151, 185, 165, 
-580, 570, 1151, 4, -866, 861, 180, 185, 317, 156, 195, 175, 
-605, 566, 1171, 19, -888, 868, 185, 185, 312, 165, 204, 175, 
-614, 556, 1171, 29, -893, 863, 175, 185, 312, 165, 195, 175, 
-614, 556, 1171, 29, -893, 863, 175, 185, 312, 165, 195, 175, 
-614, 556, 1171, 29, -893, 863, 175, 185, 312, 165, 195, 175, 
-614, 556, 1171, 29, -893, 863, 175, 185, 312, 165, 195, 175, 
-614, 570, 1185, 21, -900, 878, 185, 185, 312, 165, 204, 185, 
-610, 575, 1185, 17, -897, 880, 185, 185, 312, 165, 204, 185, 
-610, 580, 1190, 14, -900, 885, 185, 185, 307, 165, 204, 185, 
-614, 585, 1200, 14, -907, 893, 185, 185, 307, 165, 204, 185, 
-605, 580, 1185, 12, -895, 883, 185, 185, 312, 165, 195, 175, 
-595, 585, 1180, 4, -888, 883, 185, 185, 312, 170, 200, 180, 
-595, 585, 1180, 4, -888, 883, 185, 185, 312, 170, 204, 180, 
-600, 585, 1185, 7, -893, 885, 180, 185, 312, 165, 204, 180, 
-600, 585, 1185, 7, -893, 885, 190, 185, 317, 175, 200, 180, 
-605, 585, 1190, 9, -897, 888, 195, 190, 317, 175, 200, 180, 
-605, 595, 1200, 4, -902, 897, 200, 200, 331, 180, 204, 185, 
-595, 610, 1205, -7, -900, 907, 200, 204, 341, 190, 209, 190, 
-605, 605, 1210, 0, -907, 907, 200, 204, 356, 190, 219, 200, 
-605, 605, 1210, 0, -907, 907, 204, 209, 361, 195, 224, 209, 
-600, 624, 1224, -12, -912, 924, 204, 209, 361, 200, 229, 209, 
-590, 629, 1220, -19, -905, 924, 204, 209, 370, 200, 234, 209, 
-590, 634, 1224, -21, -907, 929, 200, 209, 375, 209, 244, 214, 
-590, 653, 1244, -31, -917, 949, 200, 214, 380, 214, 248, 219, 
-575, 668, 1244, -46, -910, 956, 195, 214, 385, 229, 248, 224, 
-570, 673, 1244, -51, -907, 958, 195, 219, 390, 239, 248, 229, 
-556, 663, 1220, -53, -888, 941, 204, 229, 385, 234, 248, 229, 
-546, 668, 1215, -61, -880, 941, 204, 239, 385, 234, 253, 229, 
-531, 668, 1200, -68, -866, 934, 204, 239, 385, 234, 253, 234, 
-517, 678, 1195, -80, -856, 936, 204, 248, 390, 234, 258, 239, 
-517, 678, 1195, -80, -856, 936, 200, 253, 390, 234, 248, 239, 
-522, 663, 1185, -70, -854, 924, 200, 263, 390, 239, 248, 239, 
-527, 663, 1190, -68, -858, 927, 204, 268, 395, 239, 253, 239, 
-527, 658, 1185, -65, -856, 922, 209, 268, 395, 234, 253, 239, 
-522, 649, 1171, -63, -846, 910, 209, 258, 375, 229, 253, 234, 
-536, 644, 1180, -53, -858, 912, 204, 248, 366, 229, 248, 224, 
-536, 634, 1171, -48, -854, 902, 204, 239, 361, 219, 244, 224, 
-536, 634, 1171, -48, -854, 902, 190, 229, 351, 214, 239, 219, 
-551, 629, 1180, -39, -866, 905, 170, 195, 331, 200, 224, 200, 
-570, 605, 1176, -17, -873, 890, 165, 190, 317, 185, 204, 190, 
-585, 595, 1180, -4, -883, 888, 161, 180, 307, 180, 195, 190, 
-580, 590, 1171, -4, -875, 880, 156, 180, 302, 180, 190, 190, 
-575, 575, 1151, 0, -863, 863, 165, 185, 312, 175, 200, 185, 
-570, 566, 1137, 2, -854, 851, 165, 185, 312, 175, 200, 180, 
-566, 566, 1132, 0, -849, 849, 170, 185, 312, 170, 200, 175, 
-570, 566, 1137, 2, -854, 851, 170, 180, 307, 165, 190, 175, 
-590, 566, 1156, 12, -873, 861, 170, 185, 307, 165, 190, 180, 
-595, 566, 1161, 14, -878, 863, 170, 185, 307, 165, 190, 180, 
-600, 566, 1166, 17, -883, 866, 180, 195, 312, 165, 190, 185, 
-610, 566, 1176, 21, -893, 871, 185, 195, 312, 165, 190, 185, 
-610, 561, 1171, 24, -890, 866, 175, 185, 307, 170, 185, 185, 
-610, 561, 1171, 24, -890, 866, 175, 185, 307, 170, 185, 185, 
-605, 566, 1171, 19, -888, 868, 170, 180, 307, 170, 190, 185, 
-600, 566, 1166, 17, -883, 866, 170, 180, 302, 170, 190, 185, 
-600, 580, 1180, 9, -890, 880, 185, 180, 312, 170, 200, 180, 
-605, 575, 1180, 14, -893, 878, 185, 180, 312, 170, 195, 175, 
-614, 580, 1195, 17, -905, 888, 190, 180, 312, 170, 190, 175, 
-619, 580, 1200, 19, -910, 890, 190, 185, 312, 170, 185, 170, 
-614, 580, 1195, 17, -905, 888, 200, 185, 297, 161, 175, 170, 
-614, 575, 1190, 19, -902, 883, 200, 175, 292, 156, 170, 165, 
-614, 570, 1185, 21, -900, 878, 195, 170, 292, 151, 165, 161, 
-614, 570, 1185, 21, -900, 878, 195, 170, 292, 151, 165, 161, 
-639, 556, 1195, 41, -917, 875, 200, 180, 297, 151, 175, 170, 
-634, 551, 1185, 41, -910, 868, 200, 175, 297, 151, 170, 170, 
-639, 551, 1190, 43, -915, 871, 195, 175, 297, 151, 170, 170, 
-649, 546, 1195, 51, -922, 871, 195, 175, 297, 151, 175, 170, 
-644, 546, 1190, 48, -917, 868, 195, 170, 297, 151, 180, 175, 
-639, 546, 1185, 46, -912, 866, 200, 175, 297, 151, 180, 175, 
-634, 551, 1185, 41, -910, 868, 200, 175, 297, 151, 180, 170, 
-619, 551, 1171, 34, -895, 861, 200, 175, 297, 151, 175, 170, 
-629, 561, 1190, 34, -910, 875, 200, 170, 287, 141, 175, 170, 
-634, 561, 1195, 36, -915, 878, 200, 170, 287, 141, 175, 170, 
-634, 561, 1195, 36, -915, 878, 200, 170, 287, 141, 175, 170, 
-624, 561, 1185, 31, -905, 873, 200, 165, 287, 141, 175, 170, 
-614, 570, 1185, 21, -900, 878, 209, 170, 297, 156, 185, 185, 
-619, 575, 1195, 21, -907, 885, 209, 175, 297, 161, 185, 185, 
-619, 575, 1195, 21, -907, 885, 209, 185, 297, 170, 185, 185, 
-619, 575, 1195, 21, -907, 885, 209, 190, 297, 175, 185, 185, 
-629, 575, 1205, 26, -917, 890, 200, 185, 287, 161, 180, 180, 
-629, 570, 1200, 29, -915, 885, 200, 180, 287, 151, 175, 175, 
-649, 566, 1215, 41, -932, 890, 200, 175, 292, 146, 170, 170, 
-649, 566, 1215, 41, -932, 890, 200, 170, 292, 141, 165, 161, 
-639, 551, 1190, 43, -915, 871, 200, 170, 292, 151, 175, 170, 
-644, 551, 1195, 46, -919, 873, 200, 170, 292, 151, 175, 170, 
-649, 556, 1205, 46, -927, 880, 200, 170, 292, 151, 180, 170, 
-649, 551, 1200, 48, -924, 875, 200, 170, 292, 151, 180, 170, 
-644, 561, 1205, 41, -924, 883, 200, 180, 287, 151, 180, 180, 
-634, 561, 1195, 36, -915, 878, 200, 180, 283, 151, 180, 180, 
-629, 561, 1190, 34, -910, 875, 200, 175, 283, 156, 180, 180, 
-629, 561, 1190, 34, -910, 875, 200, 175, 287, 156, 180, 180, 
-614, 580, 1195, 17, -905, 888, 209, 180, 297, 156, 195, 180, 
-605, 605, 1210, 0, -907, 907, 219, 219, 322, 175, 204, 190, 
-600, 600, 1200, 0, -900, 900, 239, 268, 356, 195, 214, 190, 
-610, 580, 1190, 14, -900, 885, 258, 326, 405, 219, 229, 190, 
-610, 585, 1195, 12, -902, 890, 268, 390, 448, 253, 263, 214, 
-610, 605, 1215, 2, -912, 910, 273, 463, 512, 322, 317, 248, 
-570, 639, 1210, -34, -890, 924, 283, 502, 605, 414, 400, 307, 
-551, 692, 1244, -70, -897, 968, 263, 488, 692, 531, 507, 395, 
-541, 746, 1288, -102, -915, 1017, 219, 429, 751, 668, 634, 517, 
-492, 829, 1322, -168, -907, 1076, 141, 336, 775, 785, 766, 639, 
-390, 936, 1327, -273, -858, 1132, 43, 214, 766, 917, 912, 775, 
-297, 1058, 1356, -380, -827, 1207, -73, 73, 756, 1078, 1098, 932, 
-209, 1171, 1381, -480, -795, 1276, -204, -97, 722, 1205, 1259, 1083, 
-126, 1263, 1390, -568, -758, 1327, -336, -268, 658, 1259, 1351, 1195, 
-82, 1298, 1381, -607, -732, 1339, -434, -400, 541, 1220, 1346, 1220, 
-73, 1288, 1361, -607, -717, 1324, -502, -536, 385, 1073, 1220, 1156, 
-112, 1234, 1346, -561, -729, 1290, -561, -692, 175, 849, 1024, 1024, 
-165, 1146, 1312, -490, -739, 1229, -610, -824, -19, 619, 814, 868, 
-214, 1054, 1268, -419, -741, 1161, -614, -902, -204, 370, 570, 692, 
-263, 936, 1200, -336, -732, 1068, -580, -961, -390, 122, 317, 497, 
-302, 814, 1117, -256, -710, 966, -531, -966, -517, -87, 117, 322, 
-312, 712, 1024, -200, -668, 868, -483, -912, -600, -204, -4, 214, 
-331, 629, 961, -148, -646, 795, -439, -844, -653, -297, -82, 126, 
-366, 561, 927, -97, -646, 744, -395, -790, -658, -351, -156, 53, 
-434, 536, 971, -51, -702, 753, -326, -702, -595, -351, -175, 24, 
-507, 527, 1034, -9, -771, 780, -258, -585, -478, -307, -141, 29, 
-556, 522, 1078, 17, -817, 800, -180, -453, -370, -258, -122, 29, 
-566, 551, 1117, 7, -841, 834, -117, -331, -278, -200, -92, 48, 
-546, 580, 1127, -17, -836, 854, -63, -209, -204, -156, -58, 63, 
-536, 585, 1122, -24, -829, 854, -14, -102, -131, -107, -34, 68, 
-551, 575, 1127, -12, -839, 851, 58, -4, -48, -63, 0, 73, 
-566, 585, 1151, -9, -858, 868, 87, 43, 14, -34, 14, 82, 
-580, 585, 1166, -2, -873, 875, 107, 73, 73, 0, 48, 92, 
-595, 585, 1180, 4, -888, 883, 122, 87, 126, 43, 73, 112, 
-614, 585, 1200, 14, -907, 893, 122, 87, 156, 58, 87, 107, 
-644, 556, 1200, 43, -922, 878, 122, 78, 170, 68, 92, 107, 
-644, 541, 1185, 51, -915, 863, 151, 112, 204, 92, 122, 131, 
-624, 570, 1195, 26, -910, 883, 180, 156, 248, 131, 151, 175, 
-590, 610, 1200, -9, -895, 905, 204, 180, 268, 146, 161, 190, 
-580, 614, 1195, -17, -888, 905, 204, 200, 263, 141, 156, 170, 
-619, 575, 1195, 21, -907, 885, 214, 195, 268, 131, 146, 165, 
-653, 566, 1220, 43, -936, 893, 219, 200, 268, 131, 146, 156, 
-644, 575, 1220, 34, -932, 897, 219, 190, 278, 122, 146, 156, 
-649, 575, 1224, 36, -936, 900, 214, 180, 283, 122, 146, 146, 
-649, 575, 1224, 36, -936, 900, 209, 180, 283, 122, 146, 146, 
-653, 570, 1224, 41, -939, 897, 200, 170, 283, 122, 146, 146, 
-649, 575, 1224, 36, -936, 900, 204, 165, 283, 131, 146, 146, 
-634, 575, 1210, 29, -922, 893, 204, 165, 283, 131, 146, 151, 
-624, 580, 1205, 21, -915, 893, 209, 175, 283, 136, 146, 151, 
-619, 585, 1205, 17, -912, 895, 214, 185, 287, 136, 151, 151, 
-624, 590, 1215, 17, -919, 902, 224, 195, 307, 126, 141, 156, 
-629, 590, 1220, 19, -924, 905, 229, 209, 312, 136, 146, 156, 
-634, 595, 1229, 19, -932, 912, 229, 214, 312, 136, 146, 156, 
-634, 600, 1234, 17, -934, 917, 229, 219, 312, 131, 146, 156, 
-624, 595, 1220, 14, -922, 907, 214, 209, 302, 141, 141, 146, 
-619, 595, 1215, 12, -917, 905, 209, 200, 297, 141, 141, 146, 
-614, 600, 1215, 7, -915, 907, 209, 195, 297, 136, 146, 146, 
-614, 600, 1215, 7, -915, 907, 209, 190, 297, 136, 146, 146, 
-619, 595, 1215, 12, -917, 905, 224, 195, 297, 141, 146, 161, 
-624, 585, 1210, 19, -917, 897, 229, 200, 297, 141, 151, 161, 
-629, 580, 1210, 24, -919, 895, 239, 219, 302, 146, 156, 161, 
-644, 575, 1220, 34, -932, 897, 248, 234, 302, 146, 156, 161, 
-634, 585, 1220, 24, -927, 902, 234, 219, 297, 146, 151, 161, 
-624, 590, 1215, 17, -919, 902, 229, 209, 297, 146, 151, 161, 
-624, 590, 1215, 17, -919, 902, 224, 204, 297, 146, 151, 161, 
-624, 590, 1215, 17, -919, 902, 214, 200, 297, 146, 151, 161, 
-624, 585, 1210, 19, -917, 897, 214, 200, 292, 141, 156, 151, 
-629, 585, 1215, 21, -922, 900, 214, 195, 292, 141, 156, 151, 
-634, 585, 1220, 24, -927, 902, 214, 195, 292, 141, 156, 151, 
-634, 585, 1220, 24, -927, 902, 214, 195, 297, 136, 156, 151, 
-634, 580, 1215, 26, -924, 897, 224, 209, 297, 136, 156, 151, 
-634, 580, 1215, 26, -924, 897, 229, 214, 297, 136, 156, 151, 
-634, 575, 1210, 29, -922, 893, 229, 219, 297, 136, 161, 151, 
-634, 570, 1205, 31, -919, 888, 229, 219, 297, 136, 161, 151, 
-624, 575, 1200, 24, -912, 888, 214, 209, 287, 126, 151, 161, 
-629, 580, 1210, 24, -919, 895, 214, 204, 287, 131, 151, 161, 
-629, 585, 1215, 21, -922, 900, 214, 200, 287, 131, 151, 161, 
-629, 590, 1220, 19, -924, 905, 209, 200, 287, 131, 151, 161, 
-619, 585, 1205, 17, -912, 895, 209, 200, 292, 136, 141, 151, 
-629, 585, 1215, 21, -922, 900, 209, 200, 292, 136, 141, 151, 
-634, 585, 1220, 24, -927, 902, 214, 204, 297, 136, 141, 151, 
-634, 585, 1220, 24, -927, 902, 214, 204, 297, 136, 141, 151, 
-644, 575, 1220, 34, -932, 897, 214, 204, 297, 136, 151, 161, 
-649, 575, 1224, 36, -936, 900, 214, 209, 297, 136, 151, 161, 
-649, 575, 1224, 36, -936, 900, 214, 209, 297, 136, 156, 161, 
-649, 575, 1224, 36, -936, 900, 214, 204, 292, 136, 156, 161, 
-634, 585, 1220, 24, -927, 902, 219, 214, 292, 146, 161, 161, 
-619, 595, 1215, 12, -917, 905, 214, 214, 292, 146, 161, 161, 
-614, 600, 1215, 7, -915, 907, 214, 214, 292, 146, 165, 161, 
-610, 595, 1205, 7, -907, 900, 219, 214, 297, 146, 170, 161, 
-614, 585, 1200, 14, -907, 893, 219, 204, 297, 141, 165, 161, 
-619, 590, 1210, 14, -915, 900, 214, 204, 297, 141, 161, 161, 
-624, 590, 1215, 17, -919, 902, 214, 204, 297, 141, 156, 165, 
-629, 580, 1210, 24, -919, 895, 214, 204, 302, 141, 156, 170, 
-624, 600, 1224, 12, -924, 912, 214, 204, 292, 141, 165, 170, 
-619, 605, 1224, 7, -922, 915, 214, 209, 297, 141, 170, 170, 
-614, 614, 1229, 0, -922, 922, 214, 209, 297, 146, 180, 170, 
-610, 614, 1224, -2, -917, 919, 214, 209, 297, 146, 180, 170, 
-600, 605, 1205, -2, -902, 905, 204, 209, 297, 136, 165, 161, 
-595, 605, 1200, -4, -897, 902, 204, 209, 297, 136, 161, 161, 
-595, 605, 1200, -4, -897, 902, 209, 209, 297, 141, 161, 161, 
-605, 605, 1210, 0, -907, 907, 209, 214, 302, 146, 156, 170, 
-595, 614, 1210, -9, -902, 912, 200, 214, 312, 146, 175, 165, 
-590, 614, 1205, -12, -897, 910, 195, 214, 302, 146, 165, 165, 
-590, 614, 1205, -12, -897, 910, 190, 209, 302, 146, 165, 165, 
-585, 624, 1210, -19, -897, 917, 185, 209, 302, 146, 170, 170, 
-590, 619, 1210, -14, -900, 915, 190, 209, 297, 151, 180, 175, 
-595, 614, 1210, -9, -902, 912, 190, 214, 302, 151, 185, 185, 
-590, 614, 1205, -12, -897, 910, 190, 219, 297, 161, 195, 190, 
-595, 610, 1205, -7, -900, 907, 185, 219, 292, 161, 195, 195, 
-585, 614, 1200, -14, -893, 907, 170, 204, 292, 161, 185, 185, 
-585, 619, 1205, -17, -895, 912, 165, 204, 297, 161, 185, 190, 
-575, 624, 1200, -24, -888, 912, 165, 204, 307, 165, 190, 195, 
-575, 644, 1220, -34, -897, 932, 165, 209, 317, 170, 195, 204, 
-585, 649, 1234, -31, -910, 941, 170, 214, 326, 175, 209, 204, 
-570, 649, 1220, -39, -895, 934, 170, 219, 326, 180, 214, 209, 
-561, 644, 1205, -41, -883, 924, 170, 224, 326, 185, 219, 214, 
-551, 649, 1200, -48, -875, 924, 161, 234, 331, 190, 224, 219, 
-531, 678, 1210, -73, -871, 944, 156, 224, 322, 195, 219, 229, 
-522, 668, 1190, -73, -856, 929, 146, 219, 322, 195, 229, 234, 
-512, 668, 1180, -78, -846, 924, 136, 219, 317, 200, 229, 234, 
-497, 668, 1166, -85, -832, 917, 122, 219, 317, 200, 234, 239, 
-502, 668, 1171, -82, -836, 919, 131, 219, 322, 195, 239, 244, 
-507, 673, 1180, -82, -844, 927, 122, 219, 326, 200, 244, 248, 
-512, 683, 1195, -85, -854, 939, 117, 214, 326, 200, 244, 253, 
-512, 688, 1200, -87, -856, 944, 117, 214, 322, 204, 248, 258, 
-492, 697, 1190, -102, -841, 944, 112, 209, 317, 214, 253, 263, 
-492, 702, 1195, -104, -844, 949, 107, 209, 312, 214, 258, 268, 
-488, 707, 1195, -109, -841, 951, 97, 209, 307, 219, 263, 268, 
-488, 707, 1195, -109, -841, 951, 97, 209, 297, 229, 263, 273, 
-497, 707, 1205, -104, -851, 956, 97, 200, 297, 224, 258, 268, 
-492, 712, 1205, -109, -849, 958, 92, 190, 297, 224, 263, 273, 
-488, 722, 1210, -117, -849, 966, 87, 190, 297, 224, 263, 278, 
-488, 722, 1210, -117, -849, 966, 82, 190, 297, 224, 263, 283, 
-492, 707, 1200, -107, -846, 954, 82, 200, 297, 224, 268, 278, 
-497, 697, 1195, -100, -846, 946, 78, 195, 297, 224, 268, 278, 
-497, 692, 1190, -97, -844, 941, 78, 195, 292, 224, 268, 278, 
-492, 688, 1180, -97, -836, 934, 73, 190, 287, 224, 268, 278, 
-483, 702, 1185, -109, -834, 944, 68, 180, 278, 234, 278, 287, 
-473, 722, 1195, -124, -834, 958, 68, 180, 283, 234, 283, 292, 
-463, 732, 1195, -134, -829, 963, 68, 180, 283, 239, 283, 292, 
-453, 746, 1200, -146, -827, 973, 73, 180, 283, 239, 292, 297, 
-458, 746, 1205, -143, -832, 976, 82, 190, 283, 239, 292, 307, 
-458, 732, 1190, -136, -824, 961, 73, 180, 278, 234, 283, 307, 
-458, 732, 1190, -136, -824, 961, 73, 180, 278, 234, 283, 302, 
-458, 736, 1195, -139, -827, 966, 78, 180, 283, 239, 283, 302, 
-473, 727, 1200, -126, -836, 963, 78, 175, 283, 234, 268, 297, 
-478, 722, 1200, -122, -839, 961, 73, 175, 278, 229, 263, 292, 
-483, 722, 1205, -119, -844, 963, 73, 175, 278, 224, 258, 287, 
-492, 722, 1215, -114, -854, 968, 78, 180, 278, 219, 253, 283, 
-478, 732, 1210, -126, -844, 971, 92, 190, 287, 229, 258, 287, 
-473, 732, 1205, -129, -839, 968, 92, 190, 292, 224, 258, 278, 
-478, 727, 1205, -124, -841, 966, 92, 185, 297, 219, 253, 278, 
-483, 732, 1215, -124, -849, 973, 102, 185, 302, 219, 258, 278, 
-488, 732, 1220, -122, -854, 976, 107, 190, 302, 209, 253, 273, 
-492, 732, 1224, -119, -858, 978, 107, 190, 297, 209, 244, 258, 
-492, 717, 1210, -112, -851, 963, 102, 190, 297, 209, 239, 253, 
-512, 717, 1229, -102, -871, 973, 97, 190, 292, 209, 229, 244, 
-512, 712, 1224, -100, -868, 968, 117, 190, 307, 204, 234, 239, 
-512, 707, 1220, -97, -866, 963, 122, 195, 307, 200, 229, 234, 
-517, 697, 1215, -90, -866, 956, 122, 195, 307, 200, 229, 229, 
-522, 692, 1215, -85, -868, 954, 126, 200, 312, 200, 224, 229, 
-531, 692, 1224, -80, -878, 958, 131, 200, 312, 204, 224, 234, 
-536, 692, 1229, -78, -883, 961, 136, 195, 312, 200, 219, 224, 
-541, 688, 1229, -73, -885, 958, 136, 195, 312, 200, 219, 219, 
-546, 678, 1224, -65, -885, 951, 141, 200, 312, 200, 219, 219, 
-551, 673, 1224, -61, -888, 949, 141, 190, 302, 185, 204, 204, 
-546, 668, 1215, -61, -880, 941, 141, 190, 302, 180, 200, 204, 
-541, 668, 1210, -63, -875, 939, 141, 190, 297, 180, 190, 200, 
-541, 668, 1210, -63, -875, 939, 136, 190, 297, 180, 190, 195, 
-546, 663, 1210, -58, -878, 936, 146, 200, 302, 180, 195, 200, 
-551, 658, 1210, -53, -880, 934, 146, 195, 302, 175, 190, 195, 
-551, 658, 1210, -53, -880, 934, 146, 195, 302, 165, 180, 190, 
-551, 658, 1210, -53, -880, 934, 156, 195, 302, 165, 175, 185, 
-570, 649, 1220, -39, -895, 934, 170, 195, 302, 165, 175, 170, 
-570, 644, 1215, -36, -893, 929, 170, 195, 297, 165, 175, 170, 
-590, 644, 1234, -26, -912, 939, 175, 190, 297, 165, 175, 165, 
-590, 644, 1234, -26, -912, 939, 175, 190, 292, 156, 170, 165, 
-580, 653, 1234, -36, -907, 944, 175, 200, 297, 146, 165, 170, 
-575, 653, 1229, -39, -902, 941, 175, 200, 297, 141, 165, 175, 
-575, 649, 1224, -36, -900, 936, 175, 195, 297, 141, 161, 170, 
-570, 649, 1220, -39, -895, 934, 175, 190, 297, 136, 156, 175, 
-570, 649, 1220, -39, -895, 934, 175, 180, 292, 136, 151, 170, 
-580, 644, 1224, -31, -902, 934, 175, 180, 283, 136, 151, 165, 
-580, 644, 1224, -31, -902, 934, 175, 185, 273, 136, 161, 161, 
-580, 644, 1224, -31, -902, 934, 175, 185, 268, 136, 151, 156, 
-595, 629, 1224, -17, -910, 927, 175, 170, 273, 122, 141, 156, 
-605, 624, 1229, -9, -917, 927, 175, 170, 273, 122, 141, 156, 
-614, 619, 1234, -2, -924, 927, 175, 170, 273, 117, 136, 156, 
-624, 614, 1239, 4, -932, 927, 170, 170, 268, 117, 136, 156, 
-614, 624, 1239, -4, -927, 932, 180, 170, 263, 117, 131, 146, 
-619, 624, 1244, -2, -932, 934, 180, 175, 263, 117, 131, 136, 
-614, 624, 1239, -4, -927, 932, 185, 180, 258, 117, 131, 136, 
-610, 624, 1234, -7, -922, 929, 185, 185, 258, 112, 131, 131, 
-619, 624, 1244, -2, -932, 934, 170, 180, 253, 117, 136, 141, 
-619, 624, 1244, -2, -932, 934, 170, 175, 253, 117, 136, 141, 
-610, 624, 1234, -7, -922, 929, 170, 170, 253, 117, 131, 141, 
-610, 624, 1234, -7, -922, 929, 170, 165, 248, 112, 131, 136, 
-610, 624, 1234, -7, -922, 929, 170, 170, 253, 112, 126, 146, 
-610, 624, 1234, -7, -922, 929, 170, 170, 258, 112, 126, 146, 
-610, 614, 1224, -2, -917, 919, 170, 175, 263, 112, 122, 146, 
-610, 614, 1224, -2, -917, 919, 170, 185, 268, 112, 122, 146, 
-600, 619, 1220, -9, -910, 919, 161, 180, 268, 102, 112, 141, 
-595, 624, 1220, -14, -907, 922, 165, 175, 263, 102, 117, 136, 
-590, 629, 1220, -19, -905, 924, 165, 175, 263, 107, 117, 131, 
-590, 634, 1224, -21, -907, 929, 165, 170, 263, 107, 117, 126, 
-600, 634, 1234, -17, -917, 934, 175, 180, 263, 117, 126, 136, 
-610, 629, 1239, -9, -924, 934, 175, 180, 263, 117, 126, 141, 
-600, 624, 1224, -12, -912, 924, 175, 180, 263, 117, 126, 141, 
-600, 619, 1220, -9, -910, 919, 175, 180, 263, 122, 126, 141, 
-595, 629, 1224, -17, -910, 927, 175, 180, 263, 122, 136, 141, 
-605, 629, 1234, -12, -919, 932, 175, 180, 263, 122, 136, 141, 
-605, 624, 1229, -9, -917, 927, 175, 180, 263, 122, 136, 146, 
-605, 624, 1229, -9, -917, 927, 175, 185, 268, 126, 136, 146, 
-585, 639, 1224, -26, -905, 932, 185, 180, 268, 117, 126, 136, 
-580, 639, 1220, -29, -900, 929, 185, 185, 273, 117, 136, 136, 
-575, 639, 1215, -31, -895, 927, 185, 185, 273, 112, 136, 136, 
-570, 644, 1215, -36, -893, 929, 185, 185, 273, 112, 131, 136, 
-570, 634, 1205, -31, -888, 919, 175, 195, 283, 122, 141, 146, 
-575, 634, 1210, -29, -893, 922, 175, 195, 283, 131, 141, 146, 
-575, 634, 1210, -29, -893, 922, 175, 195, 283, 131, 146, 146, 
-575, 634, 1210, -29, -893, 922, 170, 195, 287, 131, 151, 146, 
-590, 644, 1234, -26, -912, 939, 180, 204, 287, 141, 151, 156, 
-585, 644, 1229, -29, -907, 936, 180, 209, 287, 146, 151, 156, 
-580, 653, 1234, -36, -907, 944, 185, 209, 287, 146, 151, 161, 
-595, 653, 1249, -29, -922, 951, 185, 209, 297, 146, 156, 161, 
-590, 663, 1254, -36, -922, 958, 180, 209, 297, 136, 146, 161, 
-575, 658, 1234, -41, -905, 946, 180, 204, 297, 131, 141, 156, 
-570, 658, 1229, -43, -900, 944, 175, 204, 297, 131, 141, 156, 
-570, 668, 1239, -48, -905, 954, 175, 209, 297, 136, 146, 165, 
-580, 649, 1229, -34, -905, 939, 175, 209, 292, 126, 136, 161, 
-585, 634, 1220, -24, -902, 927, 175, 209, 287, 126, 136, 151, 
-590, 619, 1210, -14, -900, 915, 175, 209, 283, 126, 136, 146, 
-590, 610, 1200, -9, -895, 905, 175, 209, 278, 126, 136, 141, 
-600, 619, 1220, -9, -910, 919, 165, 204, 273, 122, 131, 136, 
-595, 624, 1220, -14, -907, 922, 165, 200, 273, 126, 131, 136, 
-595, 634, 1229, -19, -912, 932, 170, 195, 273, 126, 131, 136, 
-595, 639, 1234, -21, -915, 936, 170, 190, 273, 122, 131, 131, 
-595, 649, 1244, -26, -919, 946, 156, 200, 283, 131, 141, 141, 
-595, 658, 1254, -31, -924, 956, 156, 200, 283, 131, 141, 141, 
-595, 658, 1254, -31, -924, 956, 156, 200, 283, 131, 141, 141, 
-595, 649, 1244, -26, -919, 946, 156, 200, 283, 131, 141, 146, 
-595, 649, 1244, -26, -919, 946, 161, 200, 283, 141, 151, 146, 
-590, 644, 1234, -26, -912, 939, 165, 200, 283, 141, 151, 146, 
-590, 644, 1234, -26, -912, 939, 170, 200, 278, 141, 151, 146, 
-590, 649, 1239, -29, -915, 944, 175, 200, 278, 141, 151, 146, 
-575, 649, 1224, -36, -900, 936, 165, 195, 278, 131, 141, 146, 
-575, 649, 1224, -36, -900, 936, 165, 190, 278, 131, 141, 146, 
-575, 653, 1229, -39, -902, 941, 170, 190, 278, 131, 141, 151, 
-575, 653, 1229, -39, -902, 941, 170, 190, 273, 131, 141, 151, 
-575, 653, 1229, -39, -902, 941, 170, 200, 283, 131, 141, 151, 
-575, 658, 1234, -41, -905, 946, 170, 195, 283, 131, 136, 151, 
-575, 663, 1239, -43, -907, 951, 170, 195, 278, 126, 131, 146, 
-580, 668, 1249, -43, -915, 958, 165, 195, 278, 126, 131, 146, 
-585, 658, 1244, -36, -915, 951, 170, 185, 268, 126, 131, 146, 
-585, 653, 1239, -34, -912, 946, 170, 185, 263, 126, 136, 146, 
-590, 649, 1239, -29, -915, 944, 170, 185, 263, 126, 136, 146, 
-600, 644, 1244, -21, -922, 944, 170, 185, 263, 122, 131, 146, 
-595, 653, 1249, -29, -922, 951, 161, 175, 258, 107, 122, 136, 
-590, 649, 1239, -29, -915, 944, 161, 170, 258, 102, 117, 131, 
-590, 649, 1239, -29, -915, 944, 161, 170, 258, 102, 117, 131, 
-590, 649, 1239, -29, -915, 944, 165, 175, 263, 107, 117, 131, 
-600, 644, 1244, -21, -922, 944, 165, 175, 263, 112, 107, 122, 
-595, 644, 1239, -24, -917, 941, 165, 175, 263, 112, 107, 122, 
-590, 644, 1234, -26, -912, 939, 165, 175, 258, 112, 107, 126, 
-590, 644, 1234, -26, -912, 939, 165, 170, 258, 107, 107, 126, 
-595, 644, 1239, -24, -917, 941, 175, 170, 248, 107, 107, 122, 
-595, 644, 1239, -24, -917, 941, 175, 170, 248, 112, 107, 122, 
-605, 644, 1249, -19, -927, 946, 175, 170, 248, 112, 107, 122, 
-605, 644, 1249, -19, -927, 946, 175, 170, 248, 107, 112, 122, 
-595, 653, 1249, -29, -922, 951, 175, 170, 253, 117, 122, 131, 
-580, 658, 1239, -39, -910, 949, 175, 170, 253, 117, 122, 131, 
-580, 658, 1239, -39, -910, 949, 180, 170, 258, 117, 122, 131, 
-600, 658, 1259, -29, -929, 958, 180, 170, 258, 117, 117, 131, 
-600, 649, 1249, -24, -924, 949, 170, 170, 248, 122, 117, 131, 
-575, 683, 1259, -53, -917, 971, 175, 175, 253, 117, 117, 136, 
-585, 678, 1263, -46, -924, 971, 175, 185, 253, 107, 117, 126, 
-585, 673, 1259, -43, -922, 966, 175, 185, 253, 107, 117, 126, 
-585, 668, 1254, -41, -919, 961, 175, 185, 253, 107, 117, 126, 
-585, 663, 1249, -39, -917, 956, 175, 185, 253, 107, 117, 126, 
-600, 658, 1259, -29, -929, 958, 170, 170, 248, 97, 107, 117, 
-600, 653, 1254, -26, -927, 954, 165, 165, 244, 97, 107, 117, 
-605, 649, 1254, -21, -929, 951, 161, 161, 234, 97, 107, 117, 
-614, 644, 1259, -14, -936, 951, 156, 156, 229, 97, 107, 117, 
-614, 653, 1268, -19, -941, 961, 161, 161, 239, 112, 112, 122, 
-605, 663, 1268, -29, -936, 966, 165, 165, 244, 122, 122, 131, 
-605, 668, 1273, -31, -939, 971, 170, 170, 248, 126, 131, 136, 
-610, 673, 1283, -31, -946, 978, 170, 175, 253, 126, 136, 141, 
-600, 683, 1283, -41, -941, 983, 170, 165, 248, 117, 131, 131, 
-595, 683, 1278, -43, -936, 980, 175, 170, 248, 117, 131, 131, 
-585, 692, 1278, -53, -932, 985, 180, 180, 263, 122, 136, 136, 
-566, 707, 1273, -70, -919, 990, 180, 185, 273, 131, 141, 141, 
-570, 702, 1273, -65, -922, 988, 170, 185, 278, 131, 141, 151, 
-575, 702, 1278, -63, -927, 990, 175, 190, 283, 136, 146, 161, 
-575, 722, 1298, -73, -936, 1010, 175, 190, 283, 141, 151, 161, 
-570, 727, 1298, -78, -934, 1012, 175, 190, 292, 141, 156, 161, 
-590, 722, 1312, -65, -951, 1017, 180, 180, 297, 146, 156, 161, 
-590, 732, 1322, -70, -956, 1027, 180, 185, 302, 146, 161, 161, 
-575, 736, 1312, -80, -944, 1024, 175, 185, 307, 156, 161, 161, 
-570, 732, 1302, -80, -936, 1017, 175, 190, 312, 161, 161, 161, 
-546, 746, 1293, -100, -919, 1019, 175, 195, 317, 175, 180, 165, 
-527, 756, 1283, -114, -905, 1019, 175, 209, 317, 175, 185, 170, 
-502, 761, 1263, -129, -883, 1012, 175, 214, 317, 175, 185, 180, 
-478, 775, 1254, -148, -866, 1015, 175, 229, 322, 175, 190, 190, 
-483, 775, 1259, -146, -871, 1017, 170, 224, 322, 165, 180, 180, 
-492, 761, 1254, -134, -873, 1007, 170, 234, 322, 170, 180, 180, 
-502, 761, 1263, -129, -883, 1012, 175, 239, 326, 170, 185, 180, 
-507, 756, 1263, -124, -885, 1010, 180, 239, 326, 165, 185, 180, 
-512, 732, 1244, -109, -878, 988, 170, 234, 312, 151, 175, 165, 
-527, 722, 1249, -97, -888, 985, 165, 219, 297, 151, 170, 156, 
-527, 707, 1234, -90, -880, 971, 165, 204, 287, 141, 165, 156, 
-527, 702, 1229, -87, -878, 966, 151, 190, 273, 136, 161, 151, 
-531, 692, 1224, -80, -878, 958, 141, 170, 263, 131, 141, 151, 
-551, 673, 1224, -61, -888, 949, 136, 170, 248, 117, 126, 141, 
-566, 668, 1234, -51, -900, 951, 131, 165, 239, 112, 122, 141, 
-561, 668, 1229, -53, -895, 949, 126, 170, 234, 112, 122, 141, 
-556, 673, 1229, -58, -893, 951, 131, 175, 239, 117, 126, 146, 
-551, 673, 1224, -61, -888, 949, 136, 175, 244, 117, 131, 141, 
-546, 683, 1229, -68, -888, 956, 146, 175, 248, 112, 136, 136, 
-551, 692, 1244, -70, -897, 968, 151, 170, 248, 107, 131, 136, 
-561, 673, 1234, -56, -897, 954, 141, 165, 239, 107, 122, 122, 
-566, 663, 1229, -48, -897, 946, 141, 165, 239, 107, 122, 122, 
-570, 653, 1224, -41, -897, 939, 151, 175, 244, 107, 122, 126, 
-580, 644, 1224, -31, -902, 934, 156, 175, 244, 107, 122, 126, 
-580, 653, 1234, -36, -907, 944, 146, 165, 248, 102, 117, 117, 
-580, 658, 1239, -39, -910, 949, 146, 165, 248, 102, 117, 117, 
-575, 668, 1244, -46, -910, 956, 141, 161, 248, 102, 122, 117, 
-570, 673, 1244, -51, -907, 958, 141, 161, 244, 102, 122, 117, 
-585, 668, 1254, -41, -919, 961, 151, 170, 234, 92, 112, 122, 
-595, 653, 1249, -29, -922, 951, 156, 170, 234, 92, 107, 117, 
-610, 649, 1259, -19, -934, 954, 165, 170, 234, 92, 102, 117, 
-619, 639, 1259, -9, -939, 949, 170, 175, 234, 92, 97, 112, 
-610, 639, 1249, -14, -929, 944, 180, 175, 229, 92, 107, 112, 
-614, 634, 1249, -9, -932, 941, 180, 165, 224, 87, 102, 107, 
-619, 629, 1249, -4, -934, 939, 175, 161, 224, 82, 97, 102, 
-624, 629, 1254, -2, -939, 941, 175, 161, 224, 82, 97, 102, 
-634, 629, 1263, 2, -949, 946, 180, 161, 229, 73, 107, 102, 
-624, 629, 1254, -2, -939, 941, 180, 156, 229, 73, 102, 102, 
-624, 634, 1259, -4, -941, 946, 175, 156, 229, 73, 102, 102, 
-629, 634, 1263, -2, -946, 949, 175, 156, 229, 73, 107, 102, 
-624, 629, 1254, -2, -939, 941, 165, 151, 219, 73, 107, 97, 
-619, 634, 1254, -7, -936, 944, 170, 156, 219, 73, 102, 97, 
-614, 644, 1259, -14, -936, 951, 170, 156, 219, 73, 97, 92, 
-600, 649, 1249, -24, -924, 949, 170, 156, 219, 73, 87, 92, 
-600, 644, 1244, -21, -922, 944, 170, 161, 229, 82, 97, 92, 
-605, 639, 1244, -17, -924, 941, 170, 161, 229, 82, 97, 92, 
-605, 634, 1239, -14, -922, 936, 170, 161, 229, 82, 97, 92, 
-595, 629, 1224, -17, -910, 927, 170, 156, 229, 82, 97, 92, 
-595, 644, 1239, -24, -917, 941, 175, 156, 219, 82, 107, 102, 
-600, 653, 1254, -26, -927, 954, 180, 156, 219, 82, 107, 107, 
-600, 658, 1259, -29, -929, 958, 185, 161, 219, 87, 107, 112, 
-600, 663, 1263, -31, -932, 963, 190, 161, 219, 87, 107, 117, 
-600, 653, 1254, -26, -927, 954, 180, 161, 229, 87, 107, 107, 
-600, 649, 1249, -24, -924, 949, 180, 161, 229, 82, 107, 107, 
-619, 644, 1263, -12, -941, 954, 180, 161, 234, 82, 107, 107, 
-619, 644, 1263, -12, -941, 954, 180, 161, 234, 82, 107, 102, 
-619, 639, 1259, -9, -939, 949, 170, 151, 224, 73, 102, 92, 
-624, 639, 1263, -7, -944, 951, 170, 151, 224, 73, 97, 92, 
-629, 644, 1273, -7, -951, 958, 170, 151, 224, 73, 97, 92, 
-629, 639, 1268, -4, -949, 954, 170, 151, 224, 73, 92, 92, 
-614, 644, 1259, -14, -936, 951, 170, 151, 219, 73, 92, 92, 
-605, 649, 1254, -21, -929, 951, 170, 151, 214, 73, 92, 92, 
-600, 653, 1254, -26, -927, 954, 170, 146, 214, 78, 92, 92, 
-600, 658, 1259, -29, -929, 958, 170, 146, 219, 78, 92, 92, 
-595, 678, 1273, -41, -934, 976, 180, 170, 229, 87, 97, 102, 
-575, 692, 1268, -58, -922, 980, 200, 200, 244, 97, 107, 112, 
-570, 707, 1278, -68, -924, 993, 219, 258, 297, 126, 126, 131, 
-580, 697, 1278, -58, -929, 988, 239, 326, 356, 170, 161, 141, 
-561, 692, 1254, -65, -907, 973, 229, 380, 400, 195, 185, 146, 
-561, 683, 1244, -61, -902, 963, 234, 434, 453, 244, 219, 170, 
-551, 727, 1278, -87, -915, 1002, 244, 473, 546, 346, 312, 229, 
-541, 810, 1351, -134, -946, 1080, 234, 458, 634, 492, 439, 346, 
-522, 883, 1405, -180, -963, 1144, 180, 380, 683, 629, 575, 468, 
-463, 946, 1410, -241, -936, 1178, 92, 278, 707, 756, 727, 580, 
-380, 1034, 1415, -326, -897, 1224, -14, 156, 707, 897, 893, 736, 
-317, 1137, 1454, -409, -885, 1295, -131, 4, 697, 1058, 1078, 912, 
-239, 1249, 1488, -505, -863, 1368, -263, -165, 653, 1195, 1249, 1083, 
-175, 1342, 1517, -583, -846, 1429, -375, -297, 590, 1278, 1371, 1205, 
-131, 1385, 1517, -627, -824, 1451, -473, -429, 473, 1239, 1346, 1220, 
-141, 1346, 1488, -602, -814, 1417, -551, -605, 268, 1044, 1190, 1127, 
-161, 1293, 1454, -566, -807, 1373, -619, -751, 39, 800, 966, 976, 
-165, 1254, 1420, -544, -793, 1337, -639, -854, -146, 561, 756, 819, 
-204, 1190, 1395, -492, -800, 1293, -634, -922, -322, 312, 522, 653, 
-244, 1054, 1298, -405, -771, 1176, -610, -971, -497, 53, 278, 458, 
-283, 912, 1195, -314, -739, 1054, -561, -946, -605, -136, 68, 292, 
-312, 780, 1093, -234, -702, 936, -502, -873, -668, -263, -63, 175, 
-322, 678, 1000, -178, -661, 839, -468, -814, -732, -366, -161, 68, 
-346, 629, 976, -141, -661, 802, -414, -751, -746, -439, -234, -4, 
-414, 624, 1039, -104, -727, 832, -326, -653, -663, -429, -244, -34, 
-468, 624, 1093, -78, -780, 858, -239, -536, -556, -385, -229, -39, 
-517, 629, 1146, -56, -832, 888, -170, -424, -458, -346, -209, -39, 
-527, 639, 1166, -56, -846, 902, -126, -322, -366, -297, -180, -29, 
-497, 658, 1156, -80, -827, 907, -82, -209, -273, -234, -136, 4, 
-507, 673, 1180, -82, -844, 927, -34, -92, -180, -175, -102, 19, 
-551, 673, 1224, -61, -888, 949, 19, -14, -107, -131, -78, 14, 
-595, 653, 1249, -29, -922, 951, 48, 34, -34, -92, -53, 24, 
-619, 644, 1263, -12, -941, 954, 78, 73, 24, -68, -19, 34, 
-614, 653, 1268, -19, -941, 961, 92, 87, 58, -53, -4, 34, 
-605, 663, 1268, -29, -936, 966, 112, 78, 87, -39, 0, 48, 
-624, 653, 1278, -14, -951, 966, 122, 78, 102, -19, 14, 58, 
-624, 649, 1273, -12, -949, 961, 122, 92, 126, -4, 24, 53, 
-634, 639, 1273, -2, -954, 956, 131, 97, 141, 4, 34, 58, 
-629, 639, 1268, -4, -949, 954, 156, 122, 161, 19, 34, 63, 
-610, 663, 1273, -26, -941, 968, 165, 141, 185, 34, 48, 73, 
-580, 702, 1283, -61, -932, 993, 165, 165, 200, 53, 48, 68, 
-575, 702, 1278, -63, -927, 990, 170, 170, 209, 53, 58, 78, 
-595, 683, 1278, -43, -936, 980, 180, 175, 214, 58, 73, 82, 
-610, 673, 1283, -31, -946, 978, 185, 170, 224, 63, 78, 78, 
-619, 663, 1283, -21, -951, 973, 190, 175, 229, 68, 82, 82, 
-634, 649, 1283, -7, -958, 966, 190, 170, 234, 73, 87, 87, 
-619, 649, 1268, -14, -944, 958, 175, 156, 229, 68, 82, 78, 
-605, 653, 1259, -24, -932, 956, 175, 156, 224, 63, 78, 82, 
-595, 663, 1259, -34, -927, 961, 180, 165, 219, 63, 73, 82, 
-590, 673, 1263, -41, -927, 968, 185, 175, 219, 58, 73, 82, 
-605, 668, 1273, -31, -939, 971, 185, 180, 239, 68, 82, 87, 
-619, 658, 1278, -19, -949, 968, 190, 190, 244, 78, 87, 87, 
-634, 653, 1288, -9, -961, 971, 190, 190, 244, 78, 87, 87, 
-644, 649, 1293, -2, -968, 971, 190, 190, 244, 73, 87, 87, 
-634, 653, 1288, -9, -961, 971, 195, 175, 239, 63, 78, 82, 
-629, 653, 1283, -12, -956, 968, 190, 170, 229, 63, 73, 78, 
-624, 658, 1283, -17, -954, 971, 190, 170, 224, 58, 73, 73, 
-624, 658, 1283, -17, -954, 971, 190, 170, 219, 58, 68, 68, 
-614, 668, 1283, -26, -949, 976, 190, 170, 219, 63, 68, 82, 
-614, 663, 1278, -24, -946, 971, 190, 170, 219, 63, 73, 82, 
-614, 663, 1278, -24, -946, 971, 195, 185, 224, 68, 78, 82, 
-624, 663, 1288, -19, -956, 976, 200, 195, 224, 68, 78, 82, 
-614, 668, 1283, -26, -949, 976, 209, 190, 224, 73, 87, 87, 
-605, 678, 1283, -36, -944, 980, 209, 190, 229, 78, 92, 92, 
-605, 683, 1288, -39, -946, 985, 209, 195, 234, 82, 97, 97, 
-605, 688, 1293, -41, -949, 990, 204, 200, 239, 87, 102, 102, 
-614, 668, 1283, -26, -949, 976, 195, 190, 224, 87, 92, 97, 
-619, 663, 1283, -21, -951, 973, 195, 185, 224, 82, 87, 92, 
-624, 658, 1283, -17, -954, 971, 195, 185, 224, 78, 82, 87, 
-624, 653, 1278, -14, -951, 966, 195, 185, 229, 68, 78, 82, 
-629, 644, 1273, -7, -951, 958, 190, 185, 229, 58, 68, 73, 
-634, 649, 1283, -7, -958, 966, 190, 185, 229, 58, 68, 73, 
-639, 649, 1288, -4, -963, 968, 185, 185, 229, 58, 73, 73, 
-644, 649, 1293, -2, -968, 971, 180, 180, 229, 58, 73, 73, 
-634, 663, 1298, -14, -966, 980, 185, 190, 229, 63, 73, 82, 
-629, 668, 1298, -19, -963, 983, 185, 185, 229, 73, 73, 82, 
-619, 673, 1293, -26, -956, 983, 185, 180, 229, 78, 73, 82, 
-610, 678, 1288, -34, -949, 983, 180, 180, 229, 82, 73, 82, 
-590, 683, 1273, -46, -932, 978, 190, 190, 234, 78, 78, 92, 
-600, 683, 1283, -41, -941, 983, 190, 190, 234, 78, 82, 92, 
-605, 683, 1288, -39, -946, 985, 195, 195, 239, 78, 87, 92, 
-605, 683, 1288, -39, -946, 985, 195, 195, 239, 78, 92, 92, 
-619, 668, 1288, -24, -954, 978, 185, 185, 248, 68, 87, 82, 
-629, 663, 1293, -17, -961, 978, 185, 190, 248, 68, 82, 82, 
-634, 658, 1293, -12, -963, 976, 185, 190, 248, 68, 82, 82, 
-639, 653, 1293, -7, -966, 973, 185, 185, 244, 68, 78, 82, 
-629, 668, 1298, -19, -963, 983, 170, 175, 229, 58, 68, 82, 
-610, 673, 1283, -31, -946, 978, 165, 175, 224, 58, 63, 82, 
-600, 673, 1273, -36, -936, 973, 165, 175, 219, 58, 63, 82, 
-590, 663, 1254, -36, -922, 958, 170, 175, 219, 58, 63, 82, 
-595, 668, 1263, -36, -929, 966, 180, 185, 229, 73, 68, 92, 
-600, 678, 1278, -39, -939, 978, 175, 185, 229, 73, 73, 92, 
-605, 683, 1288, -39, -946, 985, 175, 185, 229, 73, 78, 97, 
-610, 678, 1288, -34, -949, 983, 175, 185, 234, 73, 87, 102, 
-600, 688, 1288, -43, -944, 988, 175, 185, 239, 82, 87, 102, 
-600, 692, 1293, -46, -946, 993, 175, 190, 248, 82, 92, 102, 
-600, 702, 1302, -51, -951, 1002, 175, 190, 253, 87, 102, 102, 
-600, 702, 1302, -51, -951, 1002, 175, 190, 258, 87, 102, 102, 
-600, 692, 1293, -46, -946, 993, 165, 190, 253, 78, 92, 92, 
-595, 692, 1288, -48, -941, 990, 165, 190, 248, 78, 92, 92, 
-595, 692, 1288, -48, -941, 990, 170, 190, 244, 82, 97, 92, 
-605, 692, 1298, -43, -951, 995, 170, 195, 244, 87, 97, 102, 
-600, 692, 1293, -46, -946, 993, 161, 195, 244, 87, 107, 107, 
-600, 692, 1293, -46, -946, 993, 156, 195, 234, 87, 97, 107, 
-605, 692, 1298, -43, -951, 995, 151, 190, 234, 87, 97, 107, 
-605, 702, 1307, -48, -956, 1005, 146, 190, 234, 87, 102, 112, 
-605, 692, 1298, -43, -951, 995, 141, 180, 234, 92, 102, 112, 
-605, 692, 1298, -43, -951, 995, 141, 185, 244, 92, 107, 117, 
-595, 697, 1293, -51, -944, 995, 141, 190, 244, 102, 117, 117, 
-595, 697, 1293, -51, -944, 995, 136, 190, 244, 102, 117, 117, 
-595, 697, 1293, -51, -944, 995, 141, 185, 239, 92, 117, 117, 
-595, 697, 1293, -51, -944, 995, 136, 185, 239, 92, 117, 122, 
-585, 697, 1283, -56, -934, 990, 136, 185, 244, 97, 122, 126, 
-585, 712, 1298, -63, -941, 1005, 136, 190, 248, 102, 126, 136, 
-580, 736, 1317, -78, -949, 1027, 131, 190, 258, 117, 141, 146, 
-561, 746, 1307, -92, -934, 1027, 131, 190, 258, 122, 146, 151, 
-546, 751, 1298, -102, -922, 1024, 131, 190, 258, 126, 151, 156, 
-531, 766, 1298, -117, -915, 1032, 122, 195, 263, 131, 156, 161, 
-531, 775, 1307, -122, -919, 1041, 112, 185, 253, 136, 161, 170, 
-531, 766, 1298, -117, -915, 1032, 107, 180, 253, 136, 170, 175, 
-531, 766, 1298, -117, -915, 1032, 102, 180, 248, 141, 170, 175, 
-527, 766, 1293, -119, -910, 1029, 92, 180, 248, 141, 175, 180, 
-527, 756, 1283, -114, -905, 1019, 102, 180, 253, 136, 170, 175, 
-527, 761, 1288, -117, -907, 1024, 92, 180, 258, 141, 175, 180, 
-527, 771, 1298, -122, -912, 1034, 87, 175, 258, 141, 175, 185, 
-522, 775, 1298, -126, -910, 1037, 87, 175, 253, 146, 180, 190, 
-502, 785, 1288, -141, -895, 1037, 73, 180, 253, 156, 185, 204, 
-502, 790, 1293, -143, -897, 1041, 68, 180, 253, 156, 190, 209, 
-497, 795, 1293, -148, -895, 1044, 58, 180, 253, 161, 195, 209, 
-497, 795, 1293, -148, -895, 1044, 58, 180, 248, 170, 195, 214, 
-497, 814, 1312, -158, -905, 1063, 48, 190, 239, 175, 204, 229, 
-492, 819, 1312, -163, -902, 1066, 43, 180, 239, 175, 214, 234, 
-488, 829, 1317, -170, -902, 1073, 39, 180, 239, 175, 219, 239, 
-488, 829, 1317, -170, -902, 1073, 34, 180, 239, 175, 224, 244, 
-492, 824, 1317, -165, -905, 1071, 43, 170, 239, 175, 224, 244, 
-497, 814, 1312, -158, -905, 1063, 39, 165, 239, 175, 219, 239, 
-497, 810, 1307, -156, -902, 1058, 39, 165, 234, 175, 214, 234, 
-492, 805, 1298, -156, -895, 1051, 34, 161, 229, 175, 209, 229, 
-488, 814, 1302, -163, -895, 1058, 39, 170, 219, 175, 219, 229, 
-483, 829, 1312, -173, -897, 1071, 39, 170, 224, 175, 224, 234, 
-478, 834, 1312, -178, -895, 1073, 39, 170, 224, 180, 224, 234, 
-473, 844, 1317, -185, -895, 1080, 43, 170, 224, 180, 234, 239, 
-473, 844, 1317, -185, -895, 1080, 43, 170, 224, 180, 234, 248, 
-478, 829, 1307, -175, -893, 1068, 34, 161, 219, 175, 224, 248, 
-483, 829, 1312, -173, -897, 1071, 34, 161, 219, 175, 224, 244, 
-488, 834, 1322, -173, -905, 1078, 39, 161, 224, 180, 224, 244, 
-488, 824, 1312, -168, -900, 1068, 29, 156, 224, 170, 214, 244, 
-488, 819, 1307, -165, -897, 1063, 24, 156, 219, 170, 214, 244, 
-488, 819, 1307, -165, -897, 1063, 24, 156, 219, 170, 214, 244, 
-492, 819, 1312, -163, -902, 1066, 29, 161, 219, 170, 214, 244, 
-483, 824, 1307, -170, -895, 1066, 43, 170, 229, 180, 214, 239, 
-483, 819, 1302, -168, -893, 1061, 43, 170, 234, 175, 209, 229, 
-492, 810, 1302, -158, -897, 1056, 43, 165, 239, 170, 200, 229, 
-502, 810, 1312, -153, -907, 1061, 53, 165, 244, 170, 200, 229, 
-522, 805, 1327, -141, -924, 1066, 73, 170, 248, 161, 200, 219, 
-531, 800, 1332, -134, -932, 1066, 78, 170, 248, 161, 195, 209, 
-536, 780, 1317, -122, -927, 1049, 78, 170, 253, 161, 195, 209, 
-561, 775, 1337, -107, -949, 1056, 78, 170, 253, 161, 190, 204, 
-551, 780, 1332, -114, -941, 1056, 82, 170, 253, 146, 185, 200, 
-541, 785, 1327, -122, -934, 1056, 82, 175, 248, 141, 180, 195, 
-536, 785, 1322, -124, -929, 1054, 78, 175, 244, 141, 180, 190, 
-531, 790, 1322, -129, -927, 1056, 78, 180, 244, 141, 175, 190, 
-541, 785, 1327, -122, -934, 1056, 92, 170, 253, 146, 165, 185, 
-546, 780, 1327, -117, -936, 1054, 97, 165, 253, 141, 161, 175, 
-551, 771, 1322, -109, -936, 1046, 97, 165, 253, 141, 161, 170, 
-556, 756, 1312, -100, -934, 1034, 102, 170, 253, 141, 161, 170, 
-575, 761, 1337, -92, -956, 1049, 97, 170, 244, 126, 156, 156, 
-575, 756, 1332, -90, -954, 1044, 102, 170, 244, 122, 151, 156, 
-575, 756, 1332, -90, -954, 1044, 107, 170, 239, 122, 141, 151, 
-580, 756, 1337, -87, -958, 1046, 107, 170, 239, 122, 141, 146, 
-575, 756, 1332, -90, -954, 1044, 107, 161, 229, 112, 136, 141, 
-580, 756, 1337, -87, -958, 1046, 107, 156, 224, 107, 131, 136, 
-580, 761, 1342, -90, -961, 1051, 107, 156, 219, 97, 122, 131, 
-580, 766, 1346, -92, -963, 1056, 117, 156, 214, 97, 117, 126, 
-590, 741, 1332, -75, -961, 1037, 131, 165, 219, 97, 117, 131, 
-590, 732, 1322, -70, -956, 1027, 131, 165, 219, 97, 117, 131, 
-610, 727, 1337, -58, -973, 1032, 136, 161, 224, 97, 117, 126, 
-610, 722, 1332, -56, -971, 1027, 136, 161, 224, 87, 112, 126, 
-605, 732, 1337, -63, -971, 1034, 136, 161, 209, 87, 107, 126, 
-605, 732, 1337, -63, -971, 1034, 136, 161, 209, 82, 107, 126, 
-610, 727, 1337, -58, -973, 1032, 136, 156, 209, 82, 102, 117, 
-610, 727, 1337, -58, -973, 1032, 136, 151, 209, 78, 97, 117, 
-610, 736, 1346, -63, -978, 1041, 136, 151, 209, 87, 92, 117, 
-619, 732, 1351, -56, -985, 1041, 136, 151, 204, 87, 92, 117, 
-619, 732, 1351, -56, -985, 1041, 136, 156, 200, 87, 102, 117, 
-619, 732, 1351, -56, -985, 1041, 136, 156, 200, 87, 92, 117, 
-624, 722, 1346, -48, -985, 1034, 136, 141, 195, 82, 92, 107, 
-624, 722, 1346, -48, -985, 1034, 136, 141, 195, 82, 92, 107, 
-624, 722, 1346, -48, -985, 1034, 136, 141, 195, 78, 87, 107, 
-624, 722, 1346, -48, -985, 1034, 131, 141, 190, 78, 87, 107, 
-619, 732, 1351, -56, -985, 1041, 141, 146, 185, 68, 82, 107, 
-629, 732, 1361, -51, -995, 1046, 141, 146, 185, 68, 82, 97, 
-629, 732, 1361, -51, -995, 1046, 146, 146, 180, 68, 82, 97, 
-629, 732, 1361, -51, -995, 1046, 146, 146, 180, 63, 82, 92, 
-634, 732, 1366, -48, -1000, 1049, 131, 136, 180, 58, 78, 92, 
-629, 732, 1361, -51, -995, 1046, 131, 136, 175, 58, 78, 92, 
-614, 732, 1346, -58, -980, 1039, 131, 136, 170, 58, 73, 92, 
-610, 732, 1342, -61, -976, 1037, 131, 136, 161, 53, 73, 87, 
-610, 736, 1346, -63, -978, 1041, 141, 146, 170, 63, 87, 92, 
-610, 741, 1351, -65, -980, 1046, 141, 141, 170, 63, 87, 97, 
-610, 736, 1346, -63, -978, 1041, 141, 141, 170, 63, 82, 102, 
-610, 741, 1351, -65, -980, 1046, 141, 146, 170, 63, 82, 107, 
-610, 741, 1351, -65, -980, 1046, 141, 136, 165, 53, 82, 97, 
-605, 741, 1346, -68, -976, 1044, 146, 136, 165, 53, 87, 97, 
-600, 741, 1342, -70, -971, 1041, 146, 141, 170, 58, 87, 97, 
-600, 741, 1342, -70, -971, 1041, 146, 141, 175, 58, 87, 97, 
-614, 741, 1356, -63, -985, 1049, 146, 151, 175, 68, 78, 97, 
-629, 736, 1366, -53, -997, 1051, 146, 151, 175, 68, 78, 102, 
-624, 732, 1356, -53, -990, 1044, 146, 151, 175, 68, 78, 102, 
-629, 727, 1356, -48, -993, 1041, 146, 151, 175, 73, 78, 102, 
-644, 717, 1361, -36, -1002, 1039, 136, 141, 165, 68, 68, 92, 
-653, 717, 1371, -31, -1012, 1044, 136, 141, 165, 63, 68, 92, 
-653, 712, 1366, -29, -1010, 1039, 136, 141, 165, 58, 68, 97, 
-653, 712, 1366, -29, -1010, 1039, 136, 146, 170, 58, 68, 97, 
-634, 722, 1356, -43, -995, 1039, 126, 151, 170, 63, 73, 107, 
-629, 727, 1356, -48, -993, 1041, 126, 156, 175, 68, 87, 107, 
-624, 732, 1356, -53, -990, 1044, 126, 156, 175, 68, 92, 107, 
-619, 741, 1361, -61, -990, 1051, 126, 156, 175, 73, 92, 107, 
-610, 741, 1351, -65, -980, 1046, 131, 165, 180, 73, 92, 117, 
-614, 741, 1356, -63, -985, 1049, 136, 165, 185, 82, 92, 117, 
-614, 741, 1356, -63, -985, 1049, 141, 165, 190, 82, 97, 117, 
-614, 741, 1356, -63, -985, 1049, 141, 165, 200, 82, 102, 117, 
-619, 741, 1361, -61, -990, 1051, 131, 156, 190, 82, 102, 107, 
-614, 741, 1356, -63, -985, 1049, 131, 161, 190, 87, 102, 107, 
-610, 751, 1361, -70, -985, 1056, 136, 161, 190, 87, 102, 112, 
-624, 751, 1376, -63, -1000, 1063, 136, 161, 200, 87, 107, 112, 
-634, 746, 1381, -56, -1007, 1063, 141, 161, 190, 78, 97, 112, 
-624, 736, 1361, -56, -993, 1049, 141, 156, 190, 73, 92, 107, 
-624, 732, 1356, -53, -990, 1044, 136, 156, 190, 73, 92, 107, 
-629, 736, 1366, -53, -997, 1051, 136, 161, 190, 78, 97, 117, 
-624, 736, 1361, -56, -993, 1049, 126, 161, 190, 78, 87, 107, 
-624, 732, 1356, -53, -990, 1044, 126, 161, 190, 78, 87, 102, 
-624, 727, 1351, -51, -988, 1039, 126, 161, 190, 78, 87, 102, 
-619, 727, 1346, -53, -983, 1037, 126, 161, 190, 78, 87, 102, 
-619, 736, 1356, -58, -988, 1046, 126, 165, 185, 82, 102, 117, 
-614, 741, 1356, -63, -985, 1049, 126, 161, 185, 87, 102, 117, 
-614, 751, 1366, -68, -990, 1058, 131, 156, 185, 87, 102, 117, 
-614, 756, 1371, -70, -993, 1063, 131, 151, 185, 82, 102, 112, 
-614, 746, 1361, -65, -988, 1054, 131, 156, 190, 82, 102, 122, 
-614, 756, 1371, -70, -993, 1063, 136, 161, 195, 82, 102, 122, 
-614, 756, 1371, -70, -993, 1063, 141, 165, 200, 82, 102, 122, 
-614, 746, 1361, -65, -988, 1054, 146, 170, 204, 82, 102, 126, 
-624, 746, 1371, -61, -997, 1058, 141, 161, 200, 82, 102, 117, 
-619, 741, 1361, -61, -990, 1051, 136, 161, 195, 82, 102, 117, 
-619, 741, 1361, -61, -990, 1051, 131, 161, 185, 82, 102, 117, 
-619, 746, 1366, -63, -993, 1056, 126, 161, 180, 82, 102, 117, 
-614, 756, 1371, -70, -993, 1063, 136, 165, 180, 82, 102, 117, 
-614, 756, 1371, -70, -993, 1063, 136, 161, 180, 82, 102, 117, 
-614, 761, 1376, -73, -995, 1068, 141, 161, 180, 82, 102, 122, 
-614, 761, 1376, -73, -995, 1068, 141, 161, 175, 82, 102, 122, 
-624, 746, 1371, -61, -997, 1058, 131, 161, 175, 82, 102, 122, 
-624, 746, 1371, -61, -997, 1058, 131, 156, 175, 82, 97, 122, 
-624, 746, 1371, -61, -997, 1058, 131, 156, 170, 78, 92, 117, 
-629, 746, 1376, -58, -1002, 1061, 126, 156, 170, 78, 92, 117, 
-629, 751, 1381, -61, -1005, 1066, 122, 146, 161, 68, 92, 107, 
-624, 751, 1376, -63, -1000, 1063, 122, 146, 156, 68, 97, 107, 
-624, 751, 1376, -63, -1000, 1063, 122, 146, 156, 68, 97, 107, 
-629, 751, 1381, -61, -1005, 1066, 122, 146, 156, 63, 92, 107, 
-619, 761, 1381, -70, -1000, 1071, 131, 156, 156, 68, 92, 107, 
-619, 756, 1376, -68, -997, 1066, 131, 151, 161, 63, 87, 102, 
-624, 756, 1381, -65, -1002, 1068, 131, 151, 165, 63, 87, 102, 
-629, 756, 1385, -63, -1007, 1071, 136, 156, 175, 68, 87, 102, 
-629, 761, 1390, -65, -1010, 1076, 131, 151, 165, 63, 78, 102, 
-624, 761, 1385, -68, -1005, 1073, 126, 146, 165, 63, 78, 102, 
-619, 761, 1381, -70, -1000, 1071, 122, 141, 161, 63, 78, 107, 
-619, 761, 1381, -70, -1000, 1071, 117, 131, 161, 58, 78, 107, 
-619, 751, 1371, -65, -995, 1061, 126, 141, 151, 48, 87, 102, 
-624, 751, 1376, -63, -1000, 1063, 126, 141, 151, 53, 87, 102, 
-639, 751, 1390, -56, -1015, 1071, 126, 141, 151, 53, 87, 102, 
-644, 751, 1395, -53, -1019, 1073, 126, 141, 151, 48, 92, 102, 
-634, 761, 1395, -63, -1015, 1078, 126, 131, 146, 58, 82, 102, 
-619, 766, 1385, -73, -1002, 1076, 126, 131, 146, 58, 82, 102, 
-619, 766, 1385, -73, -1002, 1076, 131, 131, 151, 58, 82, 102, 
-639, 766, 1405, -63, -1022, 1085, 131, 131, 151, 58, 78, 102, 
-639, 756, 1395, -58, -1017, 1076, 131, 141, 151, 53, 78, 112, 
-624, 756, 1381, -65, -1002, 1068, 131, 141, 151, 53, 78, 107, 
-624, 756, 1381, -65, -1002, 1068, 131, 146, 151, 53, 78, 107, 
-629, 756, 1385, -63, -1007, 1071, 131, 146, 151, 58, 78, 107, 
-629, 775, 1405, -73, -1017, 1090, 141, 156, 161, 78, 107, 126, 
-634, 761, 1395, -63, -1015, 1078, 136, 146, 146, 68, 97, 117, 
-644, 761, 1405, -58, -1024, 1083, 131, 136, 146, 58, 92, 107, 
-644, 761, 1405, -58, -1024, 1083, 126, 136, 146, 58, 87, 107, 
-644, 761, 1405, -58, -1024, 1083, 122, 136, 146, 58, 82, 107, 
-644, 761, 1405, -58, -1024, 1083, 117, 136, 146, 58, 78, 107, 
-644, 751, 1395, -53, -1019, 1073, 117, 126, 146, 48, 78, 97, 
-639, 751, 1390, -56, -1015, 1071, 117, 126, 146, 48, 78, 97, 
-639, 751, 1390, -56, -1015, 1071, 117, 126, 141, 48, 78, 97, 
-644, 751, 1395, -53, -1019, 1073, 117, 126, 141, 48, 78, 97, 
-644, 761, 1405, -58, -1024, 1083, 126, 126, 146, 48, 78, 107, 
-634, 771, 1405, -68, -1019, 1088, 126, 126, 146, 53, 82, 112, 
-634, 775, 1410, -70, -1022, 1093, 126, 126, 146, 53, 87, 112, 
-639, 780, 1420, -70, -1029, 1100, 122, 126, 146, 48, 87, 112, 
-634, 771, 1405, -68, -1019, 1088, 117, 126, 151, 48, 82, 112, 
-634, 771, 1405, -68, -1019, 1088, 117, 131, 151, 48, 82, 112, 
-629, 780, 1410, -75, -1019, 1095, 117, 141, 165, 53, 87, 117, 
-614, 795, 1410, -90, -1012, 1102, 112, 146, 175, 63, 92, 122, 
-624, 810, 1434, -92, -1029, 1122, 126, 146, 190, 73, 102, 131, 
-624, 810, 1434, -92, -1029, 1122, 136, 151, 195, 78, 107, 141, 
-619, 829, 1449, -104, -1034, 1139, 141, 151, 195, 82, 112, 141, 
-610, 834, 1444, -112, -1027, 1139, 146, 151, 204, 82, 117, 141, 
-610, 839, 1449, -114, -1029, 1144, 146, 151, 204, 97, 126, 146, 
-610, 858, 1468, -124, -1039, 1163, 141, 156, 204, 97, 131, 151, 
-595, 873, 1468, -139, -1032, 1171, 131, 156, 204, 107, 131, 156, 
-590, 878, 1468, -143, -1029, 1173, 126, 161, 204, 112, 131, 161, 
-585, 868, 1454, -141, -1019, 1161, 126, 161, 209, 107, 131, 161, 
-575, 873, 1449, -148, -1012, 1161, 126, 170, 209, 107, 136, 161, 
-561, 873, 1434, -156, -997, 1154, 126, 170, 209, 107, 136, 165, 
-546, 883, 1429, -168, -988, 1156, 126, 180, 214, 107, 141, 170, 
-556, 878, 1434, -161, -995, 1156, 136, 195, 224, 107, 141, 170, 
-561, 858, 1420, -148, -990, 1139, 141, 204, 224, 112, 141, 170, 
-566, 854, 1420, -143, -993, 1137, 151, 209, 229, 112, 146, 170, 
-566, 844, 1410, -139, -988, 1127, 161, 209, 229, 107, 146, 170, 
-561, 834, 1395, -136, -978, 1115, 156, 204, 209, 92, 136, 165, 
-575, 829, 1405, -126, -990, 1117, 146, 190, 200, 92, 131, 156, 
-575, 819, 1395, -122, -985, 1107, 141, 175, 195, 82, 126, 156, 
-575, 819, 1395, -122, -985, 1107, 122, 161, 185, 78, 122, 151, 
-590, 819, 1410, -114, -1000, 1115, 112, 146, 175, 82, 112, 141, 
-610, 800, 1410, -95, -1010, 1105, 107, 141, 161, 68, 97, 131, 
-624, 795, 1420, -85, -1022, 1107, 102, 131, 151, 63, 92, 131, 
-619, 795, 1415, -87, -1017, 1105, 97, 131, 146, 63, 92, 131, 
-605, 795, 1400, -95, -1002, 1098, 87, 126, 136, 58, 102, 136, 
-600, 790, 1390, -95, -995, 1090, 87, 126, 136, 58, 102, 131, 
-595, 795, 1390, -100, -993, 1093, 92, 126, 136, 53, 102, 126, 
-600, 800, 1400, -100, -1000, 1100, 92, 122, 131, 48, 92, 126, 
-600, 800, 1400, -100, -1000, 1100, 102, 117, 131, 48, 92, 112, 
-595, 800, 1395, -102, -995, 1098, 102, 117, 131, 48, 92, 112, 
-590, 800, 1390, -104, -990, 1095, 112, 126, 136, 48, 92, 117, 
-590, 800, 1390, -104, -990, 1095, 117, 126, 136, 48, 92, 117, 
-610, 785, 1395, -87, -1002, 1090, 117, 117, 131, 43, 87, 117, 
-619, 785, 1405, -82, -1012, 1095, 117, 117, 131, 43, 87, 117, 
-624, 790, 1415, -82, -1019, 1102, 112, 112, 131, 43, 92, 117, 
-629, 790, 1420, -80, -1024, 1105, 112, 112, 126, 43, 92, 117, 
-629, 780, 1410, -75, -1019, 1095, 107, 112, 117, 34, 92, 112, 
-634, 771, 1405, -68, -1019, 1088, 107, 112, 117, 34, 87, 107, 
-644, 771, 1415, -63, -1029, 1093, 112, 112, 117, 34, 82, 107, 
-649, 766, 1415, -58, -1032, 1090, 112, 117, 117, 34, 78, 102, 
-658, 766, 1424, -53, -1041, 1095, 131, 126, 122, 29, 78, 102, 
-663, 761, 1424, -48, -1044, 1093, 131, 117, 117, 29, 73, 97, 
-668, 756, 1424, -43, -1046, 1090, 126, 112, 117, 29, 68, 92, 
-673, 756, 1429, -41, -1051, 1093, 126, 112, 117, 34, 68, 92, 
-673, 766, 1439, -46, -1056, 1102, 141, 112, 112, 34, 78, 102, 
-663, 766, 1429, -51, -1046, 1098, 141, 107, 112, 34, 73, 102, 
-663, 771, 1434, -53, -1049, 1102, 136, 107, 112, 34, 73, 102, 
-668, 771, 1439, -51, -1054, 1105, 136, 107, 112, 34, 78, 102, 
-658, 766, 1424, -53, -1041, 1095, 136, 112, 112, 24, 82, 107, 
-658, 771, 1429, -56, -1044, 1100, 141, 117, 112, 24, 82, 107, 
-658, 780, 1439, -61, -1049, 1110, 141, 117, 112, 24, 82, 102, 
-649, 785, 1434, -68, -1041, 1110, 141, 117, 112, 24, 78, 102, 
-658, 780, 1439, -61, -1049, 1110, 136, 102, 102, 14, 73, 92, 
-663, 775, 1439, -56, -1051, 1107, 131, 102, 102, 14, 68, 92, 
-663, 771, 1434, -53, -1049, 1102, 126, 102, 102, 14, 63, 92, 
-653, 766, 1420, -56, -1037, 1093, 122, 97, 102, 14, 58, 92, 
-663, 771, 1434, -53, -1049, 1102, 122, 97, 112, 24, 63, 97, 
-668, 771, 1439, -51, -1054, 1105, 122, 97, 112, 24, 68, 97, 
-668, 766, 1434, -48, -1051, 1100, 122, 102, 112, 29, 73, 97, 
-668, 761, 1429, -46, -1049, 1095, 122, 102, 112, 29, 78, 97, 
-668, 771, 1439, -51, -1054, 1105, 126, 112, 112, 29, 78, 107, 
-668, 766, 1434, -48, -1051, 1100, 131, 112, 112, 24, 78, 107, 
-688, 761, 1449, -36, -1068, 1105, 136, 112, 117, 24, 78, 107, 
-688, 761, 1449, -36, -1068, 1105, 141, 112, 117, 24, 78, 102, 
-673, 771, 1444, -48, -1058, 1107, 141, 112, 107, 24, 68, 102, 
-673, 775, 1449, -51, -1061, 1112, 141, 112, 107, 24, 68, 102, 
-673, 785, 1459, -56, -1066, 1122, 141, 112, 107, 24, 73, 102, 
-668, 785, 1454, -58, -1061, 1119, 141, 112, 107, 24, 73, 102, 
-668, 775, 1444, -53, -1056, 1110, 131, 102, 102, 24, 73, 102, 
-663, 775, 1439, -56, -1051, 1107, 131, 102, 97, 24, 73, 102, 
-663, 775, 1439, -56, -1051, 1107, 131, 97, 97, 29, 73, 102, 
-668, 775, 1444, -53, -1056, 1110, 131, 97, 102, 29, 73, 102, 
-673, 805, 1478, -65, -1076, 1141, 131, 112, 112, 29, 78, 112, 
-673, 800, 1473, -63, -1073, 1137, 131, 122, 117, 29, 78, 102, 
-678, 775, 1454, -48, -1066, 1115, 151, 170, 141, 48, 87, 112, 
-678, 785, 1464, -53, -1071, 1124, 180, 239, 190, 82, 112, 131, 
-658, 810, 1468, -75, -1063, 1139, 209, 312, 253, 117, 146, 136, 
-649, 829, 1478, -90, -1063, 1154, 224, 395, 326, 175, 190, 170, 
-629, 863, 1493, -117, -1061, 1178, 224, 444, 419, 258, 253, 219, 
-590, 917, 1507, -163, -1049, 1212, 195, 439, 497, 375, 351, 287, 
-570, 971, 1542, -200, -1056, 1256, 141, 370, 546, 492, 468, 400, 
-551, 1034, 1586, -241, -1068, 1310, 63, 278, 570, 610, 619, 531, 
-478, 1132, 1610, -326, -1044, 1371, -34, 146, 570, 741, 775, 668, 
-385, 1234, 1620, -424, -1002, 1427, -170, -24, 541, 883, 932, 805, 
-287, 1346, 1634, -529, -961, 1490, -322, -195, 507, 1029, 1102, 966, 
-156, 1468, 1625, -656, -890, 1546, -463, -356, 453, 1112, 1224, 1098, 
-53, 1532, 1586, -739, -819, 1559, -580, -488, 356, 1102, 1239, 1132, 
-73, 1532, 1605, -729, -839, 1568, -658, -614, 200, 976, 1151, 1078, 
-112, 1478, 1590, -683, -851, 1534, -707, -751, 9, 771, 976, 976, 
-136, 1390, 1527, -627, -832, 1459, -736, -873, -165, 541, 775, 839, 
-156, 1317, 1473, -580, -814, 1395, -751, -971, -341, 312, 551, 673, 
-185, 1249, 1434, -531, -810, 1342, -717, -1029, -507, 82, 326, 507, 
-234, 1137, 1371, -451, -802, 1254, -649, -1024, -634, -126, 126, 361, 
-312, 956, 1268, -322, -790, 1112, -600, -990, -746, -292, -53, 204, 
-370, 795, 1166, -212, -768, 980, -595, -941, -839, -424, -180, 78, 
-395, 746, 1141, -175, -768, 944, -531, -858, -863, -488, -244, 4, 
-434, 732, 1166, -148, -800, 949, -444, -761, -810, -478, -263, -24, 
-478, 702, 1180, -112, -829, 941, -366, -653, -712, -463, -268, -58, 
-536, 707, 1244, -85, -890, 976, -287, -522, -585, -405, -239, -48, 
-566, 756, 1322, -95, -944, 1039, -214, -390, -453, -326, -170, 0, 
-536, 785, 1322, -124, -929, 1054, -170, -278, -361, -263, -136, 14, 
-536, 790, 1327, -126, -932, 1058, -122, -200, -287, -234, -112, 19, 
-570, 790, 1361, -109, -966, 1076, -58, -112, -224, -200, -97, 24, 
-585, 810, 1395, -112, -990, 1102, -9, -53, -170, -161, -73, 43, 
-619, 819, 1439, -100, -1029, 1129, 39, 4, -102, -117, -29, 63, 
-692, 819, 1512, -63, -1102, 1166, 73, 39, -39, -73, 14, 92, 
-692, 800, 1493, -53, -1093, 1146, 82, 39, -9, -58, 19, 87, 
-663, 790, 1454, -63, -1058, 1122, 73, 39, 4, -58, 34, 78, 
-653, 824, 1478, -85, -1066, 1151, 92, 43, 39, -34, 43, 82, 
-634, 844, 1478, -104, -1056, 1161, 102, 68, 63, -14, 53, 87, 
-649, 824, 1473, -87, -1061, 1149, 107, 82, 82, 0, 53, 92, 
-688, 790, 1478, -51, -1083, 1134, 117, 92, 97, 4, 58, 92, 
-697, 790, 1488, -46, -1093, 1139, 126, 107, 102, 4, 48, 97, 
-712, 790, 1503, -39, -1107, 1146, 141, 112, 102, 14, 58, 97, 
-712, 790, 1503, -39, -1107, 1146, 136, 122, 92, 4, 58, 107, 
-717, 790, 1507, -36, -1112, 1149, 136, 112, 97, 4, 58, 97, 
-717, 790, 1507, -36, -1112, 1149, 136, 112, 97, 4, 58, 97, 
-722, 785, 1507, -31, -1115, 1146, 131, 102, 97, 4, 58, 97, 
-702, 795, 1498, -46, -1100, 1146, 126, 97, 97, 4, 58, 87, 
-683, 800, 1483, -58, -1083, 1141, 126, 97, 97, 4, 58, 92, 
-668, 810, 1478, -70, -1073, 1144, 131, 107, 97, 9, 58, 92, 
-658, 819, 1478, -80, -1068, 1149, 136, 117, 102, 9, 63, 92, 
-683, 810, 1493, -63, -1088, 1151, 151, 126, 122, 19, 68, 107, 
-697, 805, 1503, -53, -1100, 1154, 161, 141, 126, 29, 78, 107, 
-712, 805, 1517, -46, -1115, 1161, 165, 146, 126, 29, 82, 107, 
-722, 805, 1527, -41, -1124, 1166, 170, 151, 126, 24, 87, 107, 
-707, 800, 1507, -46, -1107, 1154, 156, 141, 126, 24, 73, 97, 
-697, 800, 1498, -51, -1098, 1149, 151, 131, 122, 24, 73, 97, 
-688, 805, 1493, -58, -1090, 1149, 151, 126, 122, 19, 78, 97, 
-683, 805, 1488, -61, -1085, 1146, 151, 122, 122, 19, 78, 97, 
-673, 814, 1488, -70, -1080, 1151, 146, 112, 112, 19, 73, 92, 
-673, 810, 1483, -68, -1078, 1146, 141, 112, 112, 14, 73, 92, 
-673, 810, 1483, -68, -1078, 1146, 141, 126, 117, 14, 73, 92, 
-683, 810, 1493, -63, -1088, 1151, 141, 136, 117, 9, 68, 92, 
-673, 814, 1488, -70, -1080, 1151, 156, 136, 122, 14, 73, 102, 
-663, 824, 1488, -80, -1076, 1156, 161, 131, 122, 19, 73, 102, 
-663, 829, 1493, -82, -1078, 1161, 165, 131, 122, 24, 73, 102, 
-663, 834, 1498, -85, -1080, 1166, 165, 131, 122, 29, 73, 102, 
-673, 819, 1493, -73, -1083, 1156, 151, 122, 117, 29, 68, 97, 
-688, 810, 1498, -61, -1093, 1154, 146, 117, 117, 24, 68, 92, 
-702, 800, 1503, -48, -1102, 1151, 141, 117, 117, 19, 68, 87, 
-712, 790, 1503, -39, -1107, 1146, 136, 117, 122, 9, 68, 82, 
-697, 790, 1488, -46, -1093, 1139, 136, 122, 112, 9, 58, 92, 
-692, 795, 1488, -51, -1090, 1141, 141, 126, 112, 9, 58, 92, 
-688, 795, 1483, -53, -1085, 1139, 141, 131, 112, 9, 63, 92, 
-683, 795, 1478, -56, -1080, 1137, 141, 131, 112, 9, 63, 92, 
-673, 805, 1478, -65, -1076, 1141, 141, 131, 122, 9, 63, 92, 
-678, 805, 1483, -63, -1080, 1144, 146, 126, 122, 14, 63, 92, 
-678, 805, 1483, -63, -1080, 1144, 151, 122, 122, 14, 63, 92, 
-678, 805, 1483, -63, -1080, 1144, 151, 122, 122, 14, 63, 92, 
-663, 819, 1483, -78, -1073, 1151, 161, 126, 136, 14, 73, 102, 
-678, 819, 1498, -70, -1088, 1159, 161, 131, 136, 19, 73, 102, 
-688, 819, 1507, -65, -1098, 1163, 165, 141, 141, 24, 73, 102, 
-692, 819, 1512, -63, -1102, 1166, 165, 146, 141, 29, 73, 102, 
-683, 810, 1493, -63, -1088, 1151, 156, 136, 141, 29, 82, 102, 
-688, 810, 1498, -61, -1093, 1154, 156, 141, 141, 29, 82, 102, 
-688, 810, 1498, -61, -1093, 1154, 156, 141, 141, 29, 87, 102, 
-688, 810, 1498, -61, -1093, 1154, 156, 136, 136, 29, 87, 102, 
-678, 814, 1493, -68, -1085, 1154, 141, 126, 126, 19, 78, 92, 
-668, 819, 1488, -75, -1078, 1154, 136, 126, 126, 19, 73, 92, 
-668, 819, 1488, -75, -1078, 1154, 136, 126, 126, 19, 73, 92, 
-668, 810, 1478, -70, -1073, 1144, 141, 126, 131, 19, 73, 92, 
-673, 800, 1473, -63, -1073, 1137, 151, 141, 141, 34, 82, 97, 
-678, 805, 1483, -63, -1080, 1144, 146, 146, 141, 34, 82, 102, 
-683, 805, 1488, -61, -1085, 1146, 146, 151, 141, 34, 82, 112, 
-688, 795, 1483, -53, -1085, 1139, 146, 156, 146, 34, 87, 122, 
-678, 819, 1498, -70, -1088, 1159, 141, 151, 141, 24, 78, 117, 
-668, 829, 1498, -80, -1083, 1163, 136, 151, 141, 24, 82, 112, 
-658, 844, 1503, -92, -1080, 1173, 131, 146, 136, 29, 92, 107, 
-649, 849, 1498, -100, -1073, 1173, 126, 141, 131, 29, 92, 102, 
-639, 839, 1478, -100, -1058, 1159, 126, 141, 141, 29, 82, 102, 
-634, 839, 1473, -102, -1054, 1156, 126, 141, 141, 29, 82, 102, 
-634, 839, 1473, -102, -1054, 1156, 131, 141, 141, 34, 87, 102, 
-644, 839, 1483, -97, -1063, 1161, 131, 146, 146, 39, 87, 112, 
-649, 829, 1478, -90, -1063, 1154, 131, 146, 156, 39, 107, 117, 
-649, 829, 1478, -90, -1063, 1154, 126, 146, 146, 39, 97, 117, 
-653, 829, 1483, -87, -1068, 1156, 122, 141, 146, 39, 97, 117, 
-653, 839, 1493, -92, -1073, 1166, 117, 141, 146, 39, 102, 122, 
-663, 834, 1498, -85, -1080, 1166, 112, 141, 136, 34, 92, 122, 
-663, 829, 1493, -82, -1078, 1161, 112, 146, 146, 34, 97, 126, 
-653, 829, 1483, -87, -1068, 1156, 112, 151, 146, 43, 107, 126, 
-653, 824, 1478, -85, -1066, 1151, 107, 151, 146, 43, 107, 126, 
-644, 829, 1473, -92, -1058, 1151, 92, 146, 151, 53, 107, 117, 
-644, 834, 1478, -95, -1061, 1156, 87, 146, 151, 53, 107, 122, 
-634, 839, 1473, -102, -1054, 1156, 87, 146, 156, 58, 112, 126, 
-634, 858, 1493, -112, -1063, 1176, 87, 151, 161, 63, 117, 136, 
-624, 868, 1493, -122, -1058, 1180, 82, 141, 151, 63, 122, 136, 
-610, 873, 1483, -131, -1046, 1178, 82, 141, 151, 63, 126, 141, 
-600, 873, 1473, -136, -1037, 1173, 82, 141, 151, 63, 131, 146, 
-590, 883, 1473, -146, -1032, 1178, 73, 146, 156, 63, 136, 151, 
-595, 902, 1498, -153, -1046, 1200, 82, 156, 161, 73, 151, 165, 
-600, 893, 1493, -146, -1046, 1193, 78, 151, 165, 78, 161, 175, 
-605, 893, 1498, -143, -1051, 1195, 73, 151, 165, 87, 161, 180, 
-605, 893, 1498, -143, -1051, 1195, 63, 151, 170, 92, 165, 190, 
-590, 902, 1493, -156, -1041, 1198, 53, 151, 170, 97, 170, 190, 
-575, 907, 1483, -165, -1029, 1195, 43, 151, 170, 102, 175, 190, 
-561, 917, 1478, -178, -1019, 1198, 39, 146, 165, 102, 175, 190, 
-541, 922, 1464, -190, -1002, 1193, 39, 146, 156, 107, 180, 190, 
-531, 927, 1459, -197, -995, 1193, 34, 141, 165, 107, 185, 204, 
-531, 936, 1468, -202, -1000, 1202, 29, 141, 165, 107, 190, 209, 
-527, 946, 1473, -209, -1000, 1210, 19, 141, 165, 112, 195, 209, 
-527, 951, 1478, -212, -1002, 1215, 19, 141, 161, 122, 195, 214, 
-541, 946, 1488, -202, -1015, 1217, 29, 141, 161, 117, 200, 219, 
-551, 946, 1498, -197, -1024, 1222, 24, 131, 161, 117, 204, 224, 
-561, 951, 1512, -195, -1037, 1232, 19, 131, 161, 117, 204, 229, 
-575, 946, 1522, -185, -1049, 1234, 14, 131, 161, 117, 204, 234, 
-561, 946, 1507, -192, -1034, 1227, 9, 126, 156, 117, 209, 234, 
-546, 941, 1488, -197, -1017, 1215, 0, 117, 151, 117, 209, 229, 
-527, 941, 1468, -207, -997, 1205, -4, 112, 141, 117, 209, 224, 
-502, 941, 1444, -219, -973, 1193, -14, 102, 131, 117, 209, 219, 
-507, 956, 1464, -224, -985, 1210, -14, 107, 136, 126, 209, 229, 
-512, 966, 1478, -226, -995, 1222, -9, 112, 146, 126, 214, 234, 
-517, 966, 1483, -224, -1000, 1224, -4, 117, 151, 131, 214, 234, 
-522, 971, 1493, -224, -1007, 1232, 4, 122, 156, 131, 224, 239, 
-507, 971, 1478, -231, -993, 1224, 0, 112, 146, 131, 214, 229, 
-507, 956, 1464, -224, -985, 1210, -14, 102, 141, 126, 204, 229, 
-507, 956, 1464, -224, -985, 1210, -19, 102, 141, 126, 204, 224, 
-507, 961, 1468, -226, -988, 1215, -19, 102, 146, 131, 204, 224, 
-517, 961, 1478, -222, -997, 1220, -14, 107, 156, 131, 214, 224, 
-517, 956, 1473, -219, -995, 1215, -14, 107, 151, 131, 214, 224, 
-517, 956, 1473, -219, -995, 1215, -9, 107, 151, 131, 214, 224, 
-522, 956, 1478, -217, -1000, 1217, 0, 112, 151, 131, 214, 224, 
-517, 961, 1478, -222, -997, 1220, 0, 102, 146, 122, 204, 219, 
-512, 956, 1468, -222, -990, 1212, -4, 102, 146, 117, 200, 209, 
-517, 946, 1464, -214, -990, 1205, -9, 97, 146, 112, 190, 209, 
-522, 946, 1468, -212, -995, 1207, -4, 97, 146, 112, 190, 209, 
-536, 936, 1473, -200, -1005, 1205, 4, 112, 161, 112, 200, 209, 
-541, 936, 1478, -197, -1010, 1207, 9, 112, 161, 112, 195, 200, 
-541, 922, 1464, -190, -1002, 1193, 9, 112, 165, 112, 195, 200, 
-561, 922, 1483, -180, -1022, 1202, 9, 112, 165, 112, 190, 195, 
-556, 932, 1488, -187, -1022, 1210, 29, 112, 161, 117, 185, 190, 
-551, 932, 1483, -190, -1017, 1207, 34, 117, 161, 112, 180, 185, 
-551, 927, 1478, -187, -1015, 1202, 34, 117, 161, 112, 180, 180, 
-551, 927, 1478, -187, -1015, 1202, 39, 122, 165, 112, 175, 180, 
-556, 936, 1493, -190, -1024, 1215, 53, 131, 175, 107, 175, 185, 
-566, 936, 1503, -185, -1034, 1220, 58, 126, 175, 102, 170, 175, 
-575, 932, 1507, -178, -1041, 1220, 58, 126, 175, 102, 170, 170, 
-585, 922, 1507, -168, -1046, 1215, 63, 131, 175, 102, 170, 170, 
-595, 912, 1507, -158, -1051, 1210, 63, 122, 170, 92, 156, 156, 
-595, 902, 1498, -153, -1046, 1200, 63, 122, 165, 82, 151, 156, 
-595, 897, 1493, -151, -1044, 1195, 63, 122, 156, 78, 141, 151, 
-600, 893, 1493, -146, -1046, 1193, 58, 122, 151, 73, 141, 146, 
-595, 897, 1493, -151, -1044, 1195, 58, 117, 146, 63, 126, 131, 
-600, 893, 1493, -146, -1046, 1193, 58, 107, 146, 58, 122, 126, 
-600, 893, 1493, -146, -1046, 1193, 58, 102, 146, 48, 112, 122, 
-600, 893, 1493, -146, -1046, 1193, 68, 97, 146, 48, 107, 117, 
-600, 883, 1483, -141, -1041, 1183, 63, 97, 141, 48, 97, 112, 
-600, 878, 1478, -139, -1039, 1178, 63, 97, 131, 48, 97, 112, 
-619, 878, 1498, -129, -1058, 1188, 68, 92, 126, 48, 97, 107, 
-619, 878, 1498, -129, -1058, 1188, 68, 92, 117, 39, 92, 107, 
-624, 868, 1493, -122, -1058, 1180, 73, 97, 117, 43, 102, 117, 
-624, 868, 1493, -122, -1058, 1180, 78, 102, 122, 43, 107, 117, 
-629, 863, 1493, -117, -1061, 1178, 82, 102, 126, 48, 107, 107, 
-629, 863, 1493, -117, -1061, 1178, 87, 102, 131, 48, 107, 107, 
-619, 873, 1493, -126, -1056, 1183, 78, 92, 131, 39, 92, 107, 
-629, 868, 1498, -119, -1063, 1183, 78, 92, 126, 39, 92, 107, 
-629, 868, 1498, -119, -1063, 1183, 78, 97, 122, 39, 102, 107, 
-629, 868, 1498, -119, -1063, 1183, 78, 97, 122, 39, 92, 107, 
-629, 858, 1488, -114, -1058, 1173, 78, 82, 107, 29, 87, 102, 
-634, 858, 1493, -112, -1063, 1176, 78, 82, 107, 24, 82, 97, 
-639, 858, 1498, -109, -1068, 1178, 78, 82, 107, 14, 73, 92, 
-644, 858, 1503, -107, -1073, 1180, 73, 82, 102, 9, 68, 87, 
-639, 858, 1498, -109, -1068, 1178, 78, 82, 102, 24, 68, 92, 
-649, 858, 1507, -104, -1078, 1183, 82, 87, 107, 29, 73, 87, 
-649, 858, 1507, -104, -1078, 1183, 92, 92, 107, 34, 78, 92, 
-649, 858, 1507, -104, -1078, 1183, 97, 97, 112, 34, 82, 92, 
-644, 873, 1517, -114, -1080, 1195, 82, 92, 107, 19, 87, 92, 
-639, 878, 1517, -119, -1078, 1198, 82, 87, 107, 19, 87, 92, 
-624, 883, 1507, -129, -1066, 1195, 82, 82, 107, 19, 82, 92, 
-619, 888, 1507, -134, -1063, 1198, 82, 78, 102, 14, 82, 87, 
-634, 883, 1517, -124, -1076, 1200, 82, 87, 102, 14, 78, 87, 
-639, 878, 1517, -119, -1078, 1198, 82, 82, 102, 14, 78, 87, 
-644, 863, 1507, -109, -1076, 1185, 82, 82, 102, 14, 73, 87, 
-649, 858, 1507, -104, -1078, 1183, 82, 87, 102, 14, 73, 87, 
-658, 854, 1512, -97, -1085, 1183, 78, 78, 102, 14, 63, 78, 
-653, 849, 1503, -97, -1078, 1176, 78, 78, 97, 14, 68, 78, 
-649, 844, 1493, -97, -1071, 1168, 73, 82, 97, 19, 68, 78, 
-649, 839, 1488, -95, -1068, 1163, 68, 82, 97, 19, 68, 78, 
-644, 849, 1493, -102, -1068, 1171, 78, 82, 97, 14, 68, 68, 
-649, 854, 1503, -102, -1076, 1178, 78, 82, 97, 9, 68, 73, 
-634, 858, 1493, -112, -1063, 1176, 78, 82, 97, 4, 68, 73, 
-629, 863, 1493, -117, -1061, 1178, 78, 82, 97, 4, 68, 73, 
-624, 868, 1493, -122, -1058, 1180, 87, 92, 102, 14, 78, 73, 
-634, 873, 1507, -119, -1071, 1190, 87, 92, 107, 14, 78, 73, 
-634, 873, 1507, -119, -1071, 1190, 87, 92, 112, 14, 78, 78, 
-634, 878, 1512, -122, -1073, 1195, 87, 97, 122, 19, 78, 78, 
-639, 883, 1522, -122, -1080, 1202, 87, 102, 122, 29, 68, 87, 
-639, 883, 1522, -122, -1080, 1202, 87, 107, 126, 29, 78, 87, 
-639, 883, 1522, -122, -1080, 1202, 87, 107, 126, 24, 78, 87, 
-639, 888, 1527, -124, -1083, 1207, 87, 107, 126, 24, 73, 87, 
-624, 888, 1512, -131, -1068, 1200, 78, 102, 117, 9, 63, 78, 
-624, 888, 1512, -131, -1068, 1200, 78, 97, 117, 14, 63, 78, 
-619, 888, 1507, -134, -1063, 1198, 78, 92, 117, 9, 68, 78, 
-614, 888, 1503, -136, -1058, 1195, 73, 87, 122, 4, 73, 78, 
-629, 883, 1512, -126, -1071, 1198, 82, 97, 131, 9, 82, 78, 
-624, 878, 1503, -126, -1063, 1190, 82, 102, 131, 19, 82, 78, 
-619, 883, 1503, -131, -1061, 1193, 87, 102, 131, 24, 82, 82, 
-634, 878, 1512, -122, -1073, 1195, 87, 102, 141, 29, 87, 82, 
-619, 893, 1512, -136, -1066, 1202, 82, 102, 131, 29, 78, 82, 
-605, 893, 1498, -143, -1051, 1195, 82, 97, 131, 24, 73, 78, 
-600, 897, 1498, -148, -1049, 1198, 78, 97, 131, 24, 73, 78, 
-600, 912, 1512, -156, -1056, 1212, 78, 102, 131, 29, 78, 87, 
-614, 907, 1522, -146, -1068, 1215, 87, 112, 141, 39, 82, 97, 
-624, 897, 1522, -136, -1073, 1210, 87, 112, 141, 39, 87, 92, 
-634, 888, 1522, -126, -1078, 1205, 87, 112, 141, 39, 92, 92, 
-639, 883, 1522, -122, -1080, 1202, 87, 112, 141, 39, 97, 92, 
-639, 883, 1522, -122, -1080, 1202, 82, 117, 141, 39, 97, 87, 
-634, 878, 1512, -122, -1073, 1195, 78, 112, 136, 39, 92, 87, 
-634, 878, 1512, -122, -1073, 1195, 78, 107, 131, 34, 87, 87, 
-634, 873, 1507, -119, -1071, 1190, 73, 102, 126, 24, 82, 82, 
-639, 883, 1522, -122, -1080, 1202, 73, 112, 136, 24, 92, 92, 
-644, 902, 1546, -129, -1095, 1224, 78, 112, 136, 24, 92, 92, 
-649, 912, 1561, -131, -1105, 1237, 82, 112, 136, 24, 92, 92, 
-653, 912, 1566, -129, -1110, 1239, 87, 112, 136, 24, 92, 97, 
-644, 902, 1546, -129, -1095, 1224, 87, 102, 126, 24, 92, 87, 
-629, 897, 1527, -134, -1078, 1212, 87, 102, 126, 24, 92, 87, 
-619, 897, 1517, -139, -1068, 1207, 87, 102, 122, 24, 92, 87, 
-610, 902, 1512, -146, -1061, 1207, 87, 102, 122, 24, 92, 87, 
-624, 893, 1517, -134, -1071, 1205, 78, 97, 122, 14, 82, 78, 
-634, 893, 1527, -129, -1080, 1210, 78, 92, 122, 14, 82, 78, 
-644, 897, 1542, -126, -1093, 1220, 82, 92, 122, 14, 82, 82, 
-653, 897, 1551, -122, -1102, 1224, 82, 92, 117, 14, 82, 82, 
-649, 883, 1532, -117, -1090, 1207, 78, 82, 107, 4, 73, 78, 
-644, 883, 1527, -119, -1085, 1205, 73, 78, 107, 4, 68, 73, 
-639, 883, 1522, -122, -1080, 1202, 68, 78, 102, 0, 63, 63, 
-639, 883, 1522, -122, -1080, 1202, 58, 78, 102, 0, 63, 58, 
-634, 883, 1517, -124, -1076, 1200, 68, 87, 107, 4, 73, 73, 
-624, 888, 1512, -131, -1068, 1200, 73, 87, 107, 9, 78, 78, 
-619, 893, 1512, -136, -1066, 1202, 78, 87, 112, 14, 78, 82, 
-619, 897, 1517, -139, -1068, 1207, 82, 87, 117, 14, 73, 87, 
-619, 897, 1517, -139, -1068, 1207, 68, 78, 107, 4, 63, 68, 
-619, 893, 1512, -136, -1066, 1202, 63, 73, 102, -4, 58, 63, 
-624, 893, 1517, -134, -1071, 1205, 58, 73, 97, -9, 58, 63, 
-629, 893, 1522, -131, -1076, 1207, 58, 78, 97, -9, 58, 63, 
-639, 907, 1546, -134, -1093, 1227, 63, 78, 107, 0, 63, 73, 
-634, 907, 1542, -136, -1088, 1224, 68, 78, 107, 4, 68, 73, 
-629, 907, 1537, -139, -1083, 1222, 73, 78, 102, 9, 73, 78, 
-629, 907, 1537, -139, -1083, 1222, 78, 73, 102, 9, 78, 78, 
-619, 917, 1537, -148, -1078, 1227, 78, 82, 102, 9, 68, 73, 
-614, 917, 1532, -151, -1073, 1224, 78, 82, 102, 14, 68, 73, 
-619, 917, 1537, -148, -1078, 1227, 78, 82, 102, 14, 68, 73, 
-614, 917, 1532, -151, -1073, 1224, 78, 82, 102, 9, 73, 73, 
-614, 927, 1542, -156, -1078, 1234, 68, 63, 97, 0, 63, 63, 
-610, 912, 1522, -151, -1066, 1217, 68, 63, 87, -9, 53, 53, 
-600, 902, 1503, -151, -1051, 1202, 73, 73, 92, 0, 63, 63, 
-600, 912, 1512, -156, -1056, 1212, 63, 73, 92, 9, 58, 63, 
-595, 907, 1503, -156, -1049, 1205, 48, 58, 78, -9, 48, 48, 
-619, 893, 1512, -136, -1066, 1202, 53, 68, 87, 0, 58, 53, 
-634, 888, 1522, -126, -1078, 1205, 58, 68, 87, 0, 58, 58, 
-649, 883, 1532, -117, -1090, 1207, 63, 68, 87, 0, 58, 63, 
-663, 878, 1542, -107, -1102, 1210, 68, 68, 87, 0, 58, 68, 
-644, 893, 1537, -124, -1090, 1215, 68, 58, 87, -9, 48, 58, 
-629, 897, 1527, -134, -1078, 1212, 68, 58, 87, -9, 48, 58, 
-619, 902, 1522, -141, -1071, 1212, 68, 58, 82, -9, 48, 58, 
-614, 907, 1522, -146, -1068, 1215, 68, 58, 82, -9, 48, 58, 
-624, 922, 1546, -148, -1085, 1234, 78, 68, 87, -4, 53, 68, 
-614, 927, 1542, -156, -1078, 1234, 78, 68, 87, 4, 63, 73, 
-614, 927, 1542, -156, -1078, 1234, 78, 68, 87, 9, 73, 73, 
-619, 927, 1546, -153, -1083, 1237, 73, 68, 87, 9, 78, 73, 
-629, 922, 1551, -146, -1090, 1237, 63, 58, 82, 0, 63, 63, 
-634, 917, 1551, -141, -1093, 1234, 68, 63, 82, 0, 63, 63, 
-634, 922, 1556, -143, -1095, 1239, 73, 73, 97, 4, 68, 68, 
-624, 932, 1556, -153, -1090, 1244, 73, 78, 107, 14, 73, 73, 
-634, 936, 1571, -151, -1102, 1254, 63, 73, 102, 19, 73, 73, 
-634, 936, 1571, -151, -1102, 1254, 68, 73, 107, 19, 78, 82, 
-629, 956, 1586, -163, -1107, 1271, 68, 68, 107, 19, 82, 82, 
-619, 961, 1581, -170, -1100, 1271, 68, 63, 117, 14, 87, 82, 
-614, 961, 1576, -173, -1095, 1268, 73, 73, 122, 29, 97, 87, 
-610, 976, 1586, -183, -1098, 1281, 73, 78, 126, 29, 102, 92, 
-590, 985, 1576, -197, -1083, 1281, 68, 78, 131, 39, 102, 97, 
-580, 985, 1566, -202, -1073, 1276, 68, 82, 136, 43, 102, 102, 
-575, 995, 1571, -209, -1073, 1283, 78, 92, 151, 58, 102, 112, 
-566, 1000, 1566, -217, -1066, 1283, 78, 102, 151, 58, 107, 112, 
-551, 1000, 1551, -224, -1051, 1276, 78, 102, 151, 58, 107, 117, 
-536, 1010, 1546, -236, -1041, 1278, 78, 112, 156, 58, 112, 122, 
-536, 1000, 1537, -231, -1037, 1268, 82, 126, 156, 68, 122, 122, 
-541, 985, 1527, -222, -1034, 1256, 82, 136, 156, 73, 122, 122, 
-546, 985, 1532, -219, -1039, 1259, 87, 141, 161, 73, 126, 122, 
-546, 980, 1527, -217, -1037, 1254, 92, 141, 161, 68, 126, 122, 
-541, 985, 1527, -222, -1034, 1256, 102, 151, 156, 63, 126, 126, 
-556, 985, 1542, -214, -1049, 1263, 97, 141, 151, 63, 122, 117, 
-556, 980, 1537, -212, -1046, 1259, 97, 131, 151, 53, 117, 117, 
-556, 985, 1542, -214, -1049, 1263, 82, 122, 146, 48, 112, 112, 
-556, 976, 1532, -209, -1044, 1254, 63, 82, 112, 39, 97, 97, 
-570, 956, 1527, -192, -1049, 1241, 48, 73, 92, 19, 78, 82, 
-580, 951, 1532, -185, -1056, 1241, 34, 58, 78, 9, 68, 78, 
-570, 951, 1522, -190, -1046, 1237, 19, 53, 68, 4, 63, 73, 
-570, 941, 1512, -185, -1041, 1227, 29, 39, 68, 0, 73, 68, 
-570, 927, 1498, -178, -1034, 1212, 29, 39, 68, 0, 73, 63, 
-570, 922, 1493, -175, -1032, 1207, 34, 39, 68, -4, 73, 58, 
-580, 917, 1498, -168, -1039, 1207, 34, 34, 63, -9, 63, 58, 
-585, 907, 1493, -161, -1039, 1200, 43, 29, 63, -9, 53, 53, 
-585, 907, 1493, -161, -1039, 1200, 43, 29, 63, -9, 53, 53, 
-585, 907, 1493, -161, -1039, 1200, 53, 39, 68, -9, 53, 58, 
-590, 907, 1498, -158, -1044, 1202, 58, 39, 68, -9, 53, 58, 
-605, 893, 1498, -143, -1051, 1195, 48, 39, 53, -24, 48, 48, 
-619, 893, 1512, -136, -1066, 1202, 48, 39, 53, -24, 48, 48, 
-629, 897, 1527, -134, -1078, 1212, 43, 34, 53, -24, 53, 48, 
-639, 897, 1537, -129, -1088, 1217, 43, 34, 48, -24, 53, 48, 
-639, 907, 1546, -134, -1093, 1227, 48, 43, 58, -19, 58, 48, 
-644, 897, 1542, -126, -1093, 1220, 48, 43, 58, -14, 58, 48, 
-653, 897, 1551, -122, -1102, 1224, 53, 43, 58, -9, 58, 53, 
-658, 893, 1551, -117, -1105, 1222, 53, 48, 58, -4, 58, 53, 
-639, 907, 1546, -134, -1093, 1227, 53, 39, 53, -24, 48, 43, 
-634, 907, 1542, -136, -1088, 1224, 53, 29, 48, -29, 43, 39, 
-629, 907, 1537, -139, -1083, 1222, 48, 24, 48, -34, 39, 34, 
-624, 912, 1537, -143, -1080, 1224, 48, 24, 48, -34, 39, 34, 
-644, 902, 1546, -129, -1095, 1224, 63, 24, 53, -34, 48, 34, 
-634, 902, 1537, -134, -1085, 1220, 63, 19, 53, -34, 43, 34, 
-634, 907, 1542, -136, -1088, 1224, 58, 19, 53, -34, 43, 34, 
-639, 907, 1546, -134, -1093, 1227, 58, 19, 53, -34, 48, 34, 
-653, 888, 1542, -117, -1098, 1215, 48, 14, 48, -34, 48, 39, 
-658, 888, 1546, -114, -1102, 1217, 53, 19, 43, -34, 43, 39, 
-663, 893, 1556, -114, -1110, 1224, 53, 19, 39, -34, 39, 34, 
-658, 893, 1551, -117, -1105, 1222, 53, 19, 34, -34, 29, 34, 
-649, 883, 1532, -117, -1090, 1207, 43, 4, 24, -43, 29, 24, 
-653, 883, 1537, -114, -1095, 1210, 43, 4, 24, -43, 29, 24, 
-653, 883, 1537, -114, -1095, 1210, 43, 4, 24, -43, 29, 24, 
-644, 883, 1527, -119, -1085, 1205, 43, 0, 24, -43, 29, 24, 
-653, 893, 1546, -119, -1100, 1220, 53, 9, 34, -34, 39, 39, 
-658, 897, 1556, -119, -1107, 1227, 53, 9, 34, -34, 39, 39, 
-658, 897, 1556, -119, -1107, 1227, 53, 14, 34, -29, 39, 39, 
-658, 897, 1556, -119, -1107, 1227, 53, 14, 34, -29, 39, 39, 
-644, 907, 1551, -131, -1098, 1229, 53, 14, 34, -29, 39, 39, 
-639, 912, 1551, -136, -1095, 1232, 53, 14, 34, -34, 39, 39, 
-653, 917, 1571, -131, -1112, 1244, 53, 14, 39, -34, 39, 39, 
-649, 927, 1576, -139, -1112, 1251, 53, 14, 39, -34, 39, 34, 
-649, 912, 1561, -131, -1105, 1237, 43, 4, 29, -34, 39, 34, 
-653, 912, 1566, -129, -1110, 1239, 43, 4, 29, -34, 39, 34, 
-658, 917, 1576, -129, -1117, 1246, 43, 4, 29, -34, 43, 34, 
-658, 912, 1571, -126, -1115, 1241, 43, 4, 29, -34, 43, 34, 
-653, 922, 1576, -134, -1115, 1249, 53, 14, 34, -34, 34, 34, 
-644, 922, 1566, -139, -1105, 1244, 53, 14, 29, -34, 34, 34, 
-639, 922, 1561, -141, -1100, 1241, 53, 9, 29, -29, 34, 34, 
-639, 922, 1561, -141, -1100, 1241, 53, 9, 34, -29, 34, 34, 
-673, 912, 1586, -119, -1129, 1249, 63, 4, 43, -19, 48, 43, 
-673, 927, 1600, -126, -1137, 1263, 63, 14, 39, -19, 48, 43, 
-658, 922, 1581, -131, -1119, 1251, 63, 34, 53, -19, 48, 43, 
-668, 922, 1590, -126, -1129, 1256, 82, 82, 82, -4, 53, 43, 
-639, 956, 1595, -158, -1117, 1276, 102, 156, 126, 29, 78, 58, 
-570, 976, 1546, -202, -1058, 1261, 117, 219, 170, 58, 102, 63, 
-580, 961, 1542, -190, -1061, 1251, 126, 287, 234, 102, 136, 82, 
-639, 966, 1605, -163, -1122, 1285, 136, 341, 322, 190, 204, 141, 
-629, 1029, 1659, -200, -1144, 1344, 131, 341, 400, 297, 312, 224, 
-531, 1122, 1654, -295, -1093, 1388, 92, 268, 453, 414, 434, 326, 
-468, 1229, 1698, -380, -1083, 1464, 14, 165, 483, 546, 580, 453, 
-434, 1302, 1737, -434, -1085, 1520, -92, 43, 483, 678, 736, 590, 
-326, 1376, 1703, -524, -1015, 1539, -234, -126, 448, 805, 888, 732, 
-195, 1478, 1673, -641, -934, 1576, -395, -326, 405, 927, 1039, 873, 
-122, 1551, 1673, -714, -897, 1612, -531, -507, 346, 1005, 1132, 976, 
-53, 1590, 1644, -768, -849, 1617, -649, -663, 239, 966, 1132, 1010, 
-34, 1605, 1639, -785, -836, 1622, -727, -800, 87, 839, 1034, 956, 
-78, 1586, 1664, -753, -871, 1625, -766, -951, -97, 649, 873, 858, 
-97, 1512, 1610, -707, -854, 1561, -800, -1088, -283, 429, 678, 722, 
-136, 1434, 1571, -649, -854, 1503, -814, -1195, -458, 200, 463, 575, 
-224, 1332, 1556, -553, -890, 1444, -795, -1278, -624, -29, 253, 409, 
-273, 1229, 1503, -478, -888, 1366, -756, -1273, -756, -204, 53, 244, 
-283, 1117, 1400, -417, -841, 1259, -683, -1185, -819, -336, -82, 117, 
-297, 1010, 1307, -356, -802, 1159, -629, -1102, -893, -448, -195, 14, 
-317, 927, 1244, -305, -780, 1085, -590, -1044, -927, -527, -283, -73, 
-400, 888, 1288, -244, -844, 1088, -502, -917, -858, -531, -297, -107, 
-478, 873, 1351, -197, -915, 1112, -414, -775, -751, -502, -287, -126, 
-507, 873, 1381, -183, -944, 1127, -351, -644, -649, -463, -278, -126, 
-527, 902, 1429, -187, -978, 1166, -287, -522, -546, -400, -234, -112, 
-546, 936, 1483, -195, -1015, 1210, -229, -395, -444, -322, -170, -68, 
-522, 956, 1478, -217, -1000, 1217, -175, -287, -370, -278, -136, -53, 
-517, 966, 1483, -224, -1000, 1224, -126, -209, -297, -229, -112, -43, 
-561, 966, 1527, -202, -1044, 1246, -78, -161, -219, -185, -87, -24, 
-614, 956, 1571, -170, -1093, 1263, -53, -117, -165, -151, -63, -14, 
-624, 956, 1581, -165, -1102, 1268, -43, -107, -126, -126, -58, -9, 
-644, 946, 1590, -151, -1117, 1268, -34, -97, -112, -117, -53, -9, 
-653, 951, 1605, -148, -1129, 1278, -24, -82, -87, -112, -43, -14, 
-663, 941, 1605, -139, -1134, 1273, 4, -68, -63, -92, -14, 0, 
-639, 932, 1571, -146, -1105, 1251, 9, -34, -43, -87, 4, 4, 
-610, 917, 1527, -153, -1068, 1222, 9, -24, -39, -82, 0, -14, 
-668, 927, 1595, -129, -1132, 1261, 29, 0, -4, -63, 9, 0, 
-712, 936, 1649, -112, -1180, 1293, 53, 34, 34, -34, 39, 19, 
-697, 946, 1644, -124, -1171, 1295, 68, 43, 24, -34, 34, 19, 
-688, 946, 1634, -129, -1161, 1290, 68, 34, 29, -34, 29, 9, 
-673, 946, 1620, -136, -1146, 1283, 68, 34, 29, -34, 24, 9, 
-663, 941, 1605, -139, -1134, 1273, 63, 24, 29, -34, 19, 9, 
-673, 936, 1610, -131, -1141, 1273, 58, 9, 29, -43, 29, 19, 
-663, 936, 1600, -136, -1132, 1268, 58, 9, 29, -43, 29, 24, 
-658, 941, 1600, -141, -1129, 1271, 63, 19, 29, -39, 29, 24, 
-658, 946, 1605, -143, -1132, 1276, 68, 29, 34, -39, 34, 24, 
-653, 956, 1610, -151, -1132, 1283, 68, 34, 34, -39, 24, 19, 
-649, 951, 1600, -151, -1124, 1276, 73, 43, 39, -29, 29, 19, 
-644, 951, 1595, -153, -1119, 1273, 73, 43, 39, -29, 29, 19, 
-634, 951, 1586, -158, -1110, 1268, 73, 43, 39, -34, 29, 19, 
-653, 951, 1605, -148, -1129, 1278, 78, 48, 48, -24, 24, 9, 
-658, 946, 1605, -143, -1132, 1276, 73, 43, 43, -24, 24, 9, 
-663, 946, 1610, -141, -1137, 1278, 73, 43, 43, -29, 29, 9, 
-673, 941, 1615, -134, -1144, 1278, 73, 43, 43, -29, 29, 9, 
-658, 946, 1605, -143, -1132, 1276, 63, 34, 43, -34, 29, 24, 
-653, 946, 1600, -146, -1127, 1273, 63, 34, 43, -34, 34, 24, 
-649, 951, 1600, -151, -1124, 1276, 68, 48, 48, -29, 39, 24, 
-653, 956, 1610, -151, -1132, 1283, 73, 58, 48, -29, 39, 24, 
-663, 941, 1605, -139, -1134, 1273, 73, 48, 43, -29, 24, 14, 
-663, 941, 1605, -139, -1134, 1273, 73, 43, 43, -29, 24, 14, 
-673, 936, 1610, -131, -1141, 1273, 73, 43, 43, -29, 24, 14, 
-683, 932, 1615, -124, -1149, 1273, 68, 43, 43, -29, 24, 14, 
-673, 941, 1615, -134, -1144, 1278, 78, 43, 48, -24, 29, 14, 
-678, 946, 1625, -134, -1151, 1285, 78, 39, 48, -24, 29, 14, 
-683, 951, 1634, -134, -1159, 1293, 78, 39, 48, -24, 29, 14, 
-683, 956, 1639, -136, -1161, 1298, 78, 39, 53, -29, 29, 14, 
-683, 946, 1629, -131, -1156, 1288, 78, 43, 53, -19, 39, 24, 
-683, 951, 1634, -134, -1159, 1293, 82, 48, 53, -19, 39, 24, 
-683, 951, 1634, -134, -1159, 1293, 82, 53, 53, -19, 43, 24, 
-683, 951, 1634, -134, -1159, 1293, 82, 53, 53, -19, 43, 24, 
-668, 961, 1629, -146, -1149, 1295, 78, 63, 53, -29, 34, 14, 
-668, 961, 1629, -146, -1149, 1295, 78, 58, 53, -24, 34, 14, 
-663, 961, 1625, -148, -1144, 1293, 78, 53, 53, -24, 34, 14, 
-658, 961, 1620, -151, -1139, 1290, 73, 53, 53, -24, 34, 14, 
-639, 966, 1605, -163, -1122, 1285, 82, 43, 48, -29, 34, 24, 
-649, 966, 1615, -158, -1132, 1290, 82, 43, 48, -29, 34, 24, 
-653, 966, 1620, -156, -1137, 1293, 87, 48, 53, -29, 34, 24, 
-653, 966, 1620, -156, -1137, 1293, 87, 48, 53, -29, 34, 24, 
-658, 956, 1615, -148, -1137, 1285, 82, 48, 63, -24, 43, 24, 
-668, 956, 1625, -143, -1146, 1290, 78, 53, 63, -19, 43, 24, 
-673, 956, 1629, -141, -1151, 1293, 73, 53, 63, -14, 48, 24, 
-678, 956, 1634, -139, -1156, 1295, 68, 48, 58, -9, 48, 24, 
-683, 956, 1639, -136, -1161, 1298, 73, 48, 53, -14, 43, 14, 
-678, 956, 1634, -139, -1156, 1295, 68, 48, 48, -19, 34, 14, 
-683, 951, 1634, -134, -1159, 1293, 68, 48, 43, -24, 29, 14, 
-688, 936, 1625, -124, -1156, 1281, 73, 48, 43, -29, 24, 14, 
-668, 951, 1620, -141, -1144, 1285, 63, 48, 53, -24, 34, 4, 
-658, 961, 1620, -151, -1139, 1290, 58, 48, 53, -24, 34, 4, 
-649, 966, 1615, -158, -1132, 1290, 58, 48, 53, -24, 34, 9, 
-639, 961, 1600, -161, -1119, 1281, 58, 48, 58, -24, 39, 14, 
-658, 961, 1620, -151, -1139, 1290, 68, 58, 68, -14, 39, 19, 
-668, 966, 1634, -148, -1151, 1300, 68, 63, 73, -14, 43, 24, 
-678, 976, 1654, -148, -1166, 1315, 68, 63, 73, -9, 53, 29, 
-688, 976, 1664, -143, -1176, 1320, 68, 63, 73, -9, 53, 34, 
-673, 980, 1654, -153, -1163, 1317, 68, 73, 63, -9, 53, 34, 
-663, 985, 1649, -161, -1156, 1317, 68, 73, 63, -9, 53, 34, 
-658, 990, 1649, -165, -1154, 1320, 73, 73, 63, -4, 58, 34, 
-663, 995, 1659, -165, -1161, 1327, 73, 78, 68, 0, 58, 43, 
-644, 985, 1629, -170, -1137, 1307, 63, 73, 68, -4, 58, 43, 
-639, 985, 1625, -173, -1132, 1305, 58, 68, 58, -9, 48, 39, 
-639, 985, 1625, -173, -1132, 1305, 53, 58, 58, -14, 48, 34, 
-634, 995, 1629, -180, -1132, 1312, 48, 53, 58, -19, 53, 34, 
-644, 1005, 1649, -180, -1146, 1327, 53, 58, 68, -9, 63, 39, 
-644, 1005, 1649, -180, -1146, 1327, 53, 68, 78, -4, 68, 48, 
-634, 1010, 1644, -187, -1139, 1327, 53, 78, 78, 9, 78, 53, 
-634, 1010, 1644, -187, -1139, 1327, 48, 82, 78, 14, 78, 58, 
-624, 1019, 1644, -197, -1134, 1332, 34, 68, 63, 4, 73, 53, 
-624, 1019, 1644, -197, -1134, 1332, 29, 68, 63, 4, 68, 53, 
-614, 1019, 1634, -202, -1124, 1327, 29, 68, 68, 9, 68, 53, 
-614, 1034, 1649, -209, -1132, 1342, 29, 73, 73, 14, 68, 58, 
-624, 1044, 1668, -209, -1146, 1356, 34, 73, 78, 24, 87, 73, 
-610, 1049, 1659, -219, -1134, 1354, 34, 73, 82, 34, 97, 82, 
-600, 1049, 1649, -224, -1124, 1349, 34, 73, 87, 43, 107, 92, 
-590, 1058, 1649, -234, -1119, 1354, 24, 78, 97, 53, 117, 102, 
-585, 1088, 1673, -251, -1129, 1381, 34, 78, 87, 58, 112, 102, 
-580, 1078, 1659, -248, -1119, 1368, 29, 73, 87, 58, 122, 107, 
-575, 1078, 1654, -251, -1115, 1366, 24, 73, 82, 63, 122, 107, 
-566, 1078, 1644, -256, -1105, 1361, 14, 73, 82, 63, 126, 112, 
-575, 1063, 1639, -244, -1107, 1351, 4, 63, 87, 53, 122, 112, 
-575, 1063, 1639, -244, -1107, 1351, -4, 63, 92, 53, 126, 112, 
-575, 1068, 1644, -246, -1110, 1356, -9, 58, 92, 48, 126, 112, 
-570, 1068, 1639, -248, -1105, 1354, -9, 58, 87, 48, 131, 112, 
-570, 1068, 1639, -248, -1105, 1354, -14, 53, 78, 53, 136, 117, 
-570, 1073, 1644, -251, -1107, 1359, -19, 53, 78, 58, 141, 122, 
-566, 1078, 1644, -256, -1105, 1361, -29, 53, 78, 68, 146, 122, 
-566, 1078, 1644, -256, -1105, 1361, -29, 53, 73, 82, 146, 126, 
-566, 1088, 1654, -261, -1110, 1371, -19, 58, 82, 78, 161, 136, 
-561, 1093, 1654, -265, -1107, 1373, -24, 53, 82, 78, 165, 146, 
-556, 1102, 1659, -273, -1107, 1381, -29, 58, 82, 78, 165, 156, 
-556, 1102, 1659, -273, -1107, 1381, -34, 63, 82, 78, 165, 165, 
-551, 1107, 1659, -278, -1105, 1383, -39, 53, 82, 78, 161, 165, 
-546, 1107, 1654, -280, -1100, 1381, -48, 48, 82, 78, 161, 161, 
-536, 1112, 1649, -287, -1093, 1381, -53, 48, 78, 78, 161, 156, 
-522, 1117, 1639, -297, -1080, 1378, -63, 43, 73, 78, 161, 151, 
-536, 1107, 1644, -285, -1090, 1376, -58, 43, 73, 87, 161, 151, 
-541, 1112, 1654, -285, -1098, 1383, -58, 43, 78, 87, 165, 156, 
-546, 1107, 1654, -280, -1100, 1381, -58, 43, 78, 92, 165, 156, 
-551, 1107, 1659, -278, -1105, 1383, -53, 43, 78, 92, 175, 161, 
-541, 1127, 1668, -292, -1105, 1398, -43, 43, 78, 92, 175, 170, 
-536, 1112, 1649, -287, -1093, 1381, -53, 34, 73, 87, 165, 170, 
-531, 1112, 1644, -290, -1088, 1378, -53, 34, 73, 87, 165, 165, 
-527, 1117, 1644, -295, -1085, 1381, -48, 34, 78, 92, 165, 165, 
-536, 1117, 1654, -290, -1095, 1385, -53, 34, 73, 82, 156, 156, 
-536, 1112, 1649, -287, -1093, 1381, -63, 29, 63, 82, 156, 156, 
-536, 1112, 1649, -287, -1093, 1381, -68, 24, 58, 82, 156, 156, 
-541, 1112, 1654, -285, -1098, 1383, -68, 24, 53, 82, 156, 156, 
-531, 1122, 1654, -295, -1093, 1388, -63, 34, 68, 92, 165, 161, 
-522, 1122, 1644, -300, -1083, 1383, -63, 34, 68, 87, 161, 151, 
-522, 1117, 1639, -297, -1080, 1378, -63, 29, 68, 82, 151, 151, 
-522, 1122, 1644, -300, -1083, 1383, -53, 29, 68, 82, 151, 151, 
-536, 1137, 1673, -300, -1105, 1405, -39, 39, 87, 92, 156, 161, 
-541, 1141, 1683, -300, -1112, 1412, -29, 43, 92, 92, 156, 151, 
-541, 1132, 1673, -295, -1107, 1403, -24, 48, 102, 92, 161, 151, 
-561, 1137, 1698, -287, -1129, 1417, -19, 53, 107, 92, 161, 146, 
-575, 1122, 1698, -273, -1137, 1410, -19, 53, 102, 87, 146, 141, 
-580, 1117, 1698, -268, -1139, 1407, -14, 58, 102, 82, 141, 136, 
-590, 1107, 1698, -258, -1144, 1403, -14, 58, 102, 82, 141, 131, 
-600, 1102, 1703, -251, -1151, 1403, -9, 63, 107, 82, 136, 131, 
-600, 1098, 1698, -248, -1149, 1398, -4, 53, 97, 78, 136, 117, 
-605, 1093, 1698, -244, -1151, 1395, 0, 48, 97, 73, 131, 107, 
-610, 1083, 1693, -236, -1151, 1388, 0, 48, 97, 73, 131, 102, 
-614, 1068, 1683, -226, -1149, 1376, 4, 53, 97, 73, 131, 102, 
-629, 1073, 1703, -222, -1166, 1388, 0, 43, 87, 58, 117, 97, 
-634, 1068, 1703, -217, -1168, 1385, 4, 43, 87, 53, 112, 97, 
-639, 1068, 1708, -214, -1173, 1388, 9, 43, 82, 53, 102, 92, 
-649, 1068, 1717, -209, -1183, 1393, 9, 43, 82, 53, 102, 87, 
-653, 1063, 1717, -204, -1185, 1390, 14, 48, 82, 53, 102, 92, 
-658, 1058, 1717, -200, -1188, 1388, 19, 48, 87, 48, 102, 87, 
-658, 1058, 1717, -200, -1188, 1388, 24, 53, 92, 39, 97, 82, 
-658, 1058, 1717, -200, -1188, 1388, 39, 58, 97, 39, 97, 78, 
-658, 1058, 1717, -200, -1188, 1388, 43, 58, 97, 48, 97, 82, 
-658, 1054, 1712, -197, -1185, 1383, 43, 58, 92, 48, 97, 82, 
-678, 1054, 1732, -187, -1205, 1393, 48, 53, 92, 48, 97, 78, 
-678, 1054, 1732, -187, -1205, 1393, 48, 53, 87, 39, 92, 78, 
-673, 1058, 1732, -192, -1202, 1395, 48, 53, 82, 39, 78, 68, 
-673, 1063, 1737, -195, -1205, 1400, 48, 53, 82, 34, 78, 68, 
-678, 1063, 1742, -192, -1210, 1403, 48, 48, 82, 34, 73, 58, 
-678, 1068, 1747, -195, -1212, 1407, 48, 43, 82, 29, 68, 58, 
-658, 1058, 1717, -200, -1188, 1388, 53, 43, 92, 29, 73, 68, 
-668, 1054, 1722, -192, -1195, 1388, 58, 43, 87, 29, 73, 68, 
-668, 1054, 1722, -192, -1195, 1388, 63, 48, 82, 29, 82, 68, 
-668, 1054, 1722, -192, -1195, 1388, 68, 48, 82, 29, 73, 68, 
-663, 1063, 1727, -200, -1195, 1395, 78, 53, 87, 34, 82, 68, 
-663, 1063, 1727, -200, -1195, 1395, 78, 53, 87, 34, 82, 68, 
-663, 1063, 1727, -200, -1195, 1395, 78, 53, 87, 29, 78, 68, 
-663, 1063, 1727, -200, -1195, 1395, 73, 53, 82, 29, 78, 68, 
-683, 1058, 1742, -187, -1212, 1400, 58, 39, 68, 24, 68, 58, 
-697, 1054, 1751, -178, -1224, 1403, 53, 39, 68, 19, 63, 48, 
-702, 1049, 1751, -173, -1227, 1400, 53, 39, 63, 14, 58, 48, 
-707, 1044, 1751, -168, -1229, 1398, 48, 39, 63, 4, 53, 43, 
-722, 1034, 1756, -156, -1239, 1395, 48, 39, 68, 0, 48, 43, 
-727, 1024, 1751, -148, -1239, 1388, 53, 39, 68, 0, 48, 43, 
-722, 1015, 1737, -146, -1229, 1376, 58, 39, 68, 0, 43, 43, 
-727, 1005, 1732, -139, -1229, 1368, 63, 39, 63, -4, 43, 39, 
-722, 1019, 1742, -148, -1232, 1381, 53, 39, 53, -14, 48, 29, 
-717, 1024, 1742, -153, -1229, 1383, 53, 34, 53, -14, 48, 29, 
-712, 1019, 1732, -153, -1222, 1376, 53, 34, 53, -14, 43, 29, 
-707, 1024, 1732, -158, -1220, 1378, 53, 39, 53, -14, 43, 29, 
-712, 1029, 1742, -158, -1227, 1385, 58, 48, 68, 0, 48, 43, 
-712, 1034, 1747, -161, -1229, 1390, 68, 48, 68, 4, 58, 48, 
-712, 1039, 1751, -163, -1232, 1395, 73, 53, 73, 14, 63, 53, 
-717, 1044, 1761, -163, -1239, 1403, 78, 53, 78, 19, 68, 58, 
-722, 1049, 1771, -163, -1246, 1410, 73, 43, 78, 9, 68, 48, 
-727, 1049, 1776, -161, -1251, 1412, 68, 43, 78, 9, 68, 53, 
-712, 1049, 1761, -168, -1237, 1405, 63, 43, 78, 9, 68, 53, 
-707, 1049, 1756, -170, -1232, 1403, 58, 43, 78, 14, 68, 53, 
-722, 1039, 1761, -158, -1241, 1400, 63, 53, 78, 14, 58, 53, 
-732, 1039, 1771, -153, -1251, 1405, 68, 53, 78, 14, 58, 53, 
-732, 1034, 1766, -151, -1249, 1400, 73, 53, 78, 14, 58, 58, 
-732, 1034, 1766, -151, -1249, 1400, 78, 58, 82, 19, 58, 58, 
-722, 1039, 1761, -158, -1241, 1400, 68, 53, 82, 19, 58, 48, 
-717, 1039, 1756, -161, -1237, 1398, 68, 58, 87, 19, 68, 48, 
-712, 1039, 1751, -163, -1232, 1395, 68, 58, 87, 14, 68, 48, 
-707, 1044, 1751, -168, -1229, 1398, 68, 58, 87, 14, 63, 48, 
-697, 1049, 1747, -175, -1222, 1398, 78, 68, 97, 24, 73, 48, 
-702, 1054, 1756, -175, -1229, 1405, 78, 68, 97, 34, 73, 48, 
-702, 1058, 1761, -178, -1232, 1410, 78, 68, 97, 34, 78, 48, 
-702, 1063, 1766, -180, -1234, 1415, 73, 68, 102, 34, 82, 48, 
-712, 1049, 1761, -168, -1237, 1405, 73, 68, 92, 24, 68, 48, 
-712, 1044, 1756, -165, -1234, 1400, 73, 73, 92, 29, 63, 48, 
-712, 1049, 1761, -168, -1237, 1405, 78, 73, 92, 29, 58, 53, 
-732, 1044, 1776, -156, -1254, 1410, 78, 73, 102, 29, 58, 53, 
-727, 1054, 1781, -163, -1254, 1417, 82, 73, 102, 29, 68, 53, 
-712, 1049, 1761, -168, -1237, 1405, 82, 68, 102, 24, 63, 48, 
-707, 1049, 1756, -170, -1232, 1403, 78, 68, 102, 24, 63, 48, 
-707, 1058, 1766, -175, -1237, 1412, 78, 73, 102, 29, 68, 58, 
-717, 1054, 1771, -168, -1244, 1412, 68, 73, 102, 39, 78, 58, 
-722, 1044, 1766, -161, -1244, 1405, 68, 73, 102, 39, 78, 53, 
-727, 1034, 1761, -153, -1244, 1398, 68, 73, 102, 39, 78, 53, 
-727, 1029, 1756, -151, -1241, 1393, 68, 73, 102, 39, 78, 53, 
-732, 1044, 1776, -156, -1254, 1410, 68, 73, 107, 39, 82, 68, 
-732, 1044, 1776, -156, -1254, 1410, 68, 73, 107, 39, 82, 68, 
-736, 1049, 1786, -156, -1261, 1417, 73, 73, 107, 34, 82, 68, 
-741, 1049, 1790, -153, -1266, 1420, 73, 73, 107, 24, 82, 63, 
-727, 1054, 1781, -163, -1254, 1417, 73, 63, 107, 24, 78, 58, 
-722, 1068, 1790, -173, -1256, 1429, 78, 63, 107, 24, 73, 53, 
-717, 1073, 1790, -178, -1254, 1432, 82, 63, 107, 24, 68, 48, 
-712, 1068, 1781, -178, -1246, 1424, 87, 63, 107, 24, 63, 48, 
-727, 1058, 1786, -165, -1256, 1422, 87, 73, 117, 34, 68, 53, 
-727, 1054, 1781, -163, -1254, 1417, 87, 73, 117, 34, 73, 58, 
-732, 1054, 1786, -161, -1259, 1420, 87, 73, 112, 34, 78, 63, 
-736, 1058, 1795, -161, -1266, 1427, 87, 73, 112, 34, 82, 68, 
-727, 1068, 1795, -170, -1261, 1432, 87, 78, 112, 34, 73, 58, 
-722, 1068, 1790, -173, -1256, 1429, 87, 73, 112, 34, 73, 58, 
-717, 1073, 1790, -178, -1254, 1432, 92, 73, 112, 34, 73, 63, 
-712, 1073, 1786, -180, -1249, 1429, 92, 73, 107, 34, 73, 63, 
-727, 1058, 1786, -165, -1256, 1422, 92, 73, 107, 34, 78, 68, 
-732, 1058, 1790, -163, -1261, 1424, 92, 68, 107, 34, 78, 73, 
-736, 1058, 1795, -161, -1266, 1427, 92, 68, 102, 29, 78, 73, 
-746, 1058, 1805, -156, -1276, 1432, 87, 68, 102, 29, 82, 78, 
-741, 1063, 1805, -161, -1273, 1434, 73, 58, 92, 29, 78, 73, 
-732, 1063, 1795, -165, -1263, 1429, 73, 58, 87, 29, 78, 68, 
-727, 1063, 1790, -168, -1259, 1427, 73, 58, 87, 29, 73, 63, 
-727, 1063, 1790, -168, -1259, 1427, 73, 58, 87, 24, 63, 58, 
-717, 1073, 1790, -178, -1254, 1432, 82, 58, 92, 9, 53, 48, 
-717, 1068, 1786, -175, -1251, 1427, 82, 53, 92, 4, 48, 43, 
-722, 1068, 1790, -173, -1256, 1429, 82, 53, 92, 4, 48, 43, 
-727, 1068, 1795, -170, -1261, 1432, 87, 58, 97, 9, 48, 43, 
-736, 1073, 1810, -168, -1273, 1442, 87, 58, 97, 24, 58, 53, 
-732, 1073, 1805, -170, -1268, 1439, 87, 58, 97, 24, 58, 53, 
-727, 1073, 1800, -173, -1263, 1437, 87, 58, 92, 24, 58, 58, 
-727, 1073, 1800, -173, -1263, 1437, 87, 53, 92, 19, 58, 58, 
-732, 1068, 1800, -168, -1266, 1434, 97, 63, 102, 29, 68, 73, 
-741, 1063, 1805, -161, -1273, 1434, 97, 63, 102, 34, 68, 73, 
-761, 1058, 1820, -148, -1290, 1439, 97, 63, 102, 34, 68, 73, 
-771, 1054, 1825, -141, -1298, 1439, 97, 63, 102, 29, 73, 73, 
-732, 1083, 1815, -175, -1273, 1449, 117, 73, 97, 29, 82, 82, 
-746, 1058, 1805, -156, -1276, 1432, 107, 53, 87, 19, 73, 73, 
-771, 1024, 1795, -126, -1283, 1410, 87, 48, 87, 9, 68, 68, 
-771, 1034, 1805, -131, -1288, 1420, 78, 58, 87, 19, 58, 58, 
-771, 1044, 1815, -136, -1293, 1429, 78, 58, 87, 19, 58, 58, 
-771, 1054, 1825, -141, -1298, 1439, 78, 58, 87, 19, 58, 58, 
-771, 1063, 1834, -146, -1302, 1449, 78, 58, 87, 19, 58, 58, 
-761, 1073, 1834, -156, -1298, 1454, 82, 68, 97, 29, 58, 68, 
-756, 1073, 1830, -158, -1293, 1451, 87, 68, 97, 29, 58, 68, 
-756, 1073, 1830, -158, -1293, 1451, 92, 68, 92, 29, 58, 68, 
-761, 1073, 1834, -156, -1298, 1454, 97, 68, 92, 29, 58, 68, 
-771, 1073, 1844, -151, -1307, 1459, 92, 53, 92, 24, 48, 63, 
-761, 1073, 1834, -156, -1298, 1454, 87, 48, 87, 24, 53, 63, 
-761, 1068, 1830, -153, -1295, 1449, 82, 43, 82, 19, 58, 58, 
-766, 1063, 1830, -148, -1298, 1446, 73, 39, 78, 9, 58, 53, 
-756, 1078, 1834, -161, -1295, 1456, 78, 43, 87, 24, 58, 58, 
-761, 1083, 1844, -161, -1302, 1464, 87, 53, 92, 29, 63, 63, 
-761, 1098, 1859, -168, -1310, 1478, 97, 68, 112, 39, 73, 73, 
-751, 1117, 1869, -183, -1310, 1493, 102, 78, 126, 53, 82, 82, 
-751, 1112, 1864, -180, -1307, 1488, 102, 78, 122, 58, 82, 92, 
-751, 1112, 1864, -180, -1307, 1488, 107, 82, 126, 58, 87, 102, 
-746, 1132, 1878, -192, -1312, 1505, 107, 82, 126, 58, 92, 102, 
-736, 1137, 1873, -200, -1305, 1505, 107, 82, 136, 53, 97, 102, 
-751, 1137, 1888, -192, -1320, 1512, 112, 82, 151, 68, 107, 107, 
-756, 1151, 1908, -197, -1332, 1529, 112, 87, 156, 68, 112, 112, 
-746, 1161, 1908, -207, -1327, 1534, 107, 87, 161, 78, 112, 117, 
-746, 1161, 1908, -207, -1327, 1534, 107, 92, 165, 82, 112, 122, 
-732, 1156, 1888, -212, -1310, 1522, 97, 92, 161, 82, 117, 117, 
-722, 1156, 1878, -217, -1300, 1517, 97, 102, 161, 78, 117, 112, 
-707, 1151, 1859, -222, -1283, 1505, 97, 102, 161, 73, 112, 112, 
-692, 1156, 1849, -231, -1271, 1503, 97, 112, 165, 68, 112, 112, 
-683, 1161, 1844, -239, -1263, 1503, 102, 117, 175, 78, 122, 122, 
-688, 1151, 1839, -231, -1263, 1495, 102, 126, 175, 82, 122, 122, 
-692, 1156, 1849, -231, -1271, 1503, 107, 131, 180, 82, 126, 122, 
-692, 1156, 1849, -231, -1271, 1503, 112, 131, 180, 78, 126, 122, 
-702, 1156, 1859, -226, -1281, 1507, 122, 131, 170, 82, 117, 107, 
-722, 1151, 1873, -214, -1298, 1512, 117, 122, 161, 82, 112, 97, 
-727, 1141, 1869, -207, -1298, 1505, 117, 112, 156, 73, 107, 97, 
-732, 1141, 1873, -204, -1302, 1507, 102, 102, 146, 68, 102, 92, 
-727, 1137, 1864, -204, -1295, 1500, 82, 78, 117, 53, 102, 92, 
-736, 1112, 1849, -187, -1293, 1481, 78, 73, 102, 39, 87, 82, 
-741, 1102, 1844, -180, -1293, 1473, 73, 63, 92, 34, 82, 82, 
-727, 1098, 1825, -185, -1276, 1461, 68, 63, 87, 34, 82, 82, 
-717, 1098, 1815, -190, -1266, 1456, 68, 68, 97, 29, 78, 78, 
-717, 1093, 1810, -187, -1263, 1451, 68, 68, 97, 29, 73, 73, 
-717, 1098, 1815, -190, -1266, 1456, 73, 68, 97, 24, 68, 68, 
-727, 1102, 1830, -187, -1278, 1466, 73, 63, 92, 19, 53, 68, 
-746, 1088, 1834, -170, -1290, 1461, 63, 53, 87, 9, 53, 53, 
-751, 1083, 1834, -165, -1293, 1459, 63, 48, 82, 9, 53, 53, 
-756, 1078, 1834, -161, -1295, 1456, 73, 53, 82, 9, 53, 58, 
-766, 1073, 1839, -153, -1302, 1456, 78, 48, 78, 9, 53, 58, 
-775, 1078, 1854, -151, -1315, 1466, 87, 58, 78, 14, 48, 68, 
-785, 1078, 1864, -146, -1324, 1471, 87, 58, 82, 14, 48, 68, 
-790, 1083, 1873, -146, -1332, 1478, 82, 53, 87, 14, 53, 68, 
-795, 1083, 1878, -143, -1337, 1481, 82, 53, 87, 14, 53, 68, 
-795, 1093, 1888, -148, -1342, 1490, 97, 53, 87, 14, 63, 53, 
-800, 1083, 1883, -141, -1342, 1483, 97, 53, 87, 14, 58, 48, 
-810, 1083, 1893, -136, -1351, 1488, 102, 53, 87, 14, 53, 48, 
-814, 1078, 1893, -131, -1354, 1485, 102, 58, 87, 14, 48, 43, 
-795, 1088, 1883, -146, -1339, 1485, 102, 48, 78, -4, 39, 43, 
-790, 1083, 1873, -146, -1332, 1478, 102, 39, 68, -9, 34, 39, 
-785, 1078, 1864, -146, -1324, 1471, 97, 34, 63, -14, 29, 34, 
-780, 1078, 1859, -148, -1320, 1468, 97, 34, 58, -14, 29, 34, 
-800, 1078, 1878, -139, -1339, 1478, 112, 39, 58, -4, 34, 39, 
-800, 1078, 1878, -139, -1339, 1478, 112, 39, 63, -4, 34, 43, 
-810, 1083, 1893, -136, -1351, 1488, 107, 43, 68, -4, 39, 48, 
-824, 1083, 1908, -129, -1366, 1495, 107, 48, 73, -4, 48, 53, 
-834, 1058, 1893, -112, -1363, 1476, 102, 48, 63, -14, 39, 43, 
-834, 1054, 1888, -109, -1361, 1471, 102, 48, 63, -14, 34, 39, 
-834, 1054, 1888, -109, -1361, 1471, 97, 43, 63, -14, 29, 29, 
-824, 1049, 1873, -112, -1349, 1461, 92, 39, 63, -14, 19, 24, 
-834, 1039, 1873, -102, -1354, 1456, 92, 34, 53, -4, 29, 34, 
-839, 1039, 1878, -100, -1359, 1459, 92, 34, 53, -4, 29, 34, 
-839, 1039, 1878, -100, -1359, 1459, 92, 34, 53, -4, 29, 34, 
-829, 1039, 1869, -104, -1349, 1454, 92, 29, 53, -4, 29, 34, 
-829, 1054, 1883, -112, -1356, 1468, 97, 29, 63, 4, 39, 43, 
-834, 1063, 1898, -114, -1366, 1481, 102, 29, 63, 4, 39, 48, 
-834, 1068, 1903, -117, -1368, 1485, 107, 34, 63, 9, 39, 53, 
-834, 1073, 1908, -119, -1371, 1490, 112, 34, 63, 9, 39, 58, 
-834, 1083, 1917, -124, -1376, 1500, 112, 39, 73, 0, 39, 48, 
-834, 1088, 1922, -126, -1378, 1505, 112, 43, 73, -4, 39, 48, 
-854, 1093, 1947, -119, -1400, 1520, 112, 48, 78, -4, 39, 48, 
-854, 1102, 1956, -124, -1405, 1529, 112, 53, 78, -4, 39, 43, 
-824, 1098, 1922, -136, -1373, 1510, 112, 53, 78, -4, 29, 43, 
-810, 1098, 1908, -143, -1359, 1503, 112, 53, 78, -4, 29, 43, 
-795, 1102, 1898, -153, -1346, 1500, 112, 53, 78, -4, 34, 43, 
-775, 1098, 1873, -161, -1324, 1485, 112, 53, 78, -4, 34, 43, 
-795, 1098, 1893, -151, -1344, 1495, 102, 43, 63, 4, 34, 53, 
-800, 1098, 1898, -148, -1349, 1498, 102, 43, 58, 4, 34, 53, 
-810, 1098, 1908, -143, -1359, 1503, 102, 39, 58, 9, 34, 53, 
-824, 1098, 1922, -136, -1373, 1510, 102, 39, 63, 9, 34, 53, 
-839, 1088, 1927, -124, -1383, 1507, 102, 34, 63, 0, 39, 43, 
-849, 1102, 1952, -126, -1400, 1527, 122, 73, 97, 29, 58, 63, 
-854, 1098, 1952, -122, -1403, 1525, 131, 112, 112, 29, 58, 63, 
-834, 1098, 1932, -131, -1383, 1515, 131, 151, 131, 43, 63, 53, 
-795, 1102, 1898, -153, -1346, 1500, 141, 204, 165, 68, 68, 58, 
-785, 1112, 1898, -163, -1342, 1505, 175, 297, 239, 126, 122, 92, 
-805, 1137, 1942, -165, -1373, 1539, 195, 375, 341, 229, 204, 161, 
-775, 1220, 1995, -222, -1385, 1607, 195, 400, 448, 346, 322, 248, 
-727, 1302, 2030, -287, -1378, 1666, 161, 351, 517, 473, 448, 351, 
-678, 1366, 2044, -344, -1361, 1705, 82, 248, 541, 570, 570, 453, 
-644, 1444, 2088, -400, -1366, 1766, -14, 126, 551, 692, 707, 570, 
-580, 1537, 2117, -478, -1349, 1827, -122, -4, 541, 834, 863, 727, 
-463, 1639, 2103, -588, -1283, 1871, -253, -185, 517, 980, 1034, 878, 
-390, 1732, 2122, -671, -1256, 1927, -385, -346, 463, 1083, 1166, 1019, 
-366, 1786, 2152, -710, -1259, 1969, -502, -478, 375, 1102, 1210, 1083, 
-326, 1795, 2122, -734, -1224, 1959, -580, -605, 229, 995, 1132, 1058, 
-307, 1761, 2069, -727, -1188, 1915, -629, -761, 39, 790, 966, 946, 
-322, 1712, 2034, -695, -1178, 1873, -678, -902, -175, 561, 756, 810, 
-380, 1639, 2020, -629, -1200, 1830, -702, -1000, -361, 331, 541, 653, 
-448, 1542, 1991, -546, -1220, 1766, -678, -1058, -527, 92, 307, 478, 
-527, 1410, 1937, -441, -1232, 1673, -639, -1102, -683, -136, 87, 283, 
-575, 1278, 1854, -351, -1215, 1566, -600, -1088, -795, -302, -82, 136, 
-556, 1185, 1742, -314, -1149, 1464, -556, -1029, -858, -414, -190, 29, 
-512, 1117, 1629, -302, -1071, 1373, -512, -966, -893, -497, -283, -53, 
-600, 1063, 1664, -231, -1132, 1363, -453, -878, -858, -507, -312, -92, 
-722, 1024, 1747, -151, -1234, 1385, -375, -761, -761, -473, -297, -97, 
-780, 1029, 1810, -124, -1295, 1420, -297, -629, -644, -424, -278, -97, 
-780, 1078, 1859, -148, -1320, 1468, -244, -517, -541, -385, -248, -87, 
-751, 1107, 1859, -178, -1305, 1483, -200, -414, -458, -341, -214, -73, 
-751, 1112, 1864, -180, -1307, 1488, -141, -307, -395, -302, -190, -78, 
-775, 1102, 1878, -163, -1327, 1490, -78, -209, -312, -268, -175, -73, 
-800, 1093, 1893, -146, -1346, 1493, -29, -141, -248, -229, -161, -73, 
-824, 1093, 1917, -134, -1371, 1505, 0, -92, -190, -195, -136, -53, 
-829, 1112, 1942, -141, -1385, 1527, 14, -58, -126, -141, -92, -24, 
-839, 1112, 1952, -136, -1395, 1532, 34, -39, -68, -97, -68, 0, 
-858, 1102, 1961, -122, -1410, 1532, 53, -29, -34, -68, -34, 19, 
-839, 1117, 1956, -139, -1398, 1537, 73, -24, -9, -53, -14, 24, 
-839, 1127, 1966, -143, -1403, 1546, 82, 0, 4, -53, -14, 19, 
-883, 1098, 1981, -107, -1432, 1539, 87, 24, 14, -48, -14, 14, 
-873, 1093, 1966, -109, -1420, 1529, 97, 34, 19, -53, -19, -4, 
-824, 1141, 1966, -158, -1395, 1554, 117, 48, 34, -43, -19, 0, 
-819, 1171, 1991, -175, -1405, 1581, 151, 82, 53, -24, 0, 19, 
-829, 1161, 1991, -165, -1410, 1576, 151, 78, 53, -34, -9, 19, 
-834, 1151, 1986, -158, -1410, 1568, 146, 63, 58, -34, -9, 9, 
-834, 1141, 1976, -153, -1405, 1559, 141, 58, 58, -34, -9, 9, 
-839, 1127, 1966, -143, -1403, 1546, 131, 43, 58, -34, -9, 9, 
-844, 1122, 1966, -139, -1405, 1544, 122, 39, 68, -24, -4, 19, 
-839, 1122, 1961, -141, -1400, 1542, 117, 39, 68, -24, 0, 24, 
-839, 1127, 1966, -143, -1403, 1546, 117, 48, 68, -19, 4, 24, 
-844, 1132, 1976, -143, -1410, 1554, 117, 58, 73, -19, 14, 24, 
-854, 1127, 1981, -136, -1417, 1554, 136, 63, 78, -29, 0, 24, 
-863, 1117, 1981, -126, -1422, 1549, 141, 73, 78, -19, 0, 19, 
-873, 1112, 1986, -119, -1429, 1549, 141, 73, 73, -19, -4, 14, 
-878, 1107, 1986, -114, -1432, 1546, 141, 73, 68, -24, -9, 9, 
-873, 1102, 1976, -114, -1424, 1539, 131, 63, 68, -34, -24, 0, 
-863, 1102, 1966, -119, -1415, 1534, 122, 53, 63, -34, -24, 0, 
-854, 1107, 1961, -126, -1407, 1534, 117, 48, 63, -39, -19, 0, 
-849, 1107, 1956, -129, -1403, 1532, 112, 43, 63, -39, -19, 0, 
-858, 1122, 1981, -131, -1420, 1551, 117, 58, 73, -24, -9, 14, 
-858, 1122, 1981, -131, -1420, 1551, 122, 63, 73, -24, -4, 14, 
-858, 1127, 1986, -134, -1422, 1556, 131, 82, 78, -19, 0, 14, 
-868, 1132, 2000, -131, -1434, 1566, 141, 97, 78, -19, 0, 14, 
-858, 1132, 1991, -136, -1424, 1561, 131, 78, 73, -29, -14, 4, 
-849, 1137, 1986, -143, -1417, 1561, 131, 73, 73, -29, -14, 4, 
-849, 1137, 1986, -143, -1417, 1561, 131, 73, 73, -29, -14, 4, 
-849, 1137, 1986, -143, -1417, 1561, 126, 73, 73, -29, -14, 4, 
-854, 1122, 1976, -134, -1415, 1549, 126, 82, 68, -19, -14, 14, 
-863, 1122, 1986, -129, -1424, 1554, 126, 78, 68, -14, -9, 14, 
-873, 1122, 1995, -124, -1434, 1559, 126, 78, 68, -9, -4, 14, 
-878, 1122, 2000, -122, -1439, 1561, 126, 78, 73, -9, 0, 14, 
-878, 1112, 1991, -117, -1434, 1551, 136, 82, 73, -24, 0, 14, 
-878, 1117, 1995, -119, -1437, 1556, 141, 87, 73, -29, 0, 14, 
-878, 1117, 1995, -119, -1437, 1556, 141, 92, 73, -34, 4, 14, 
-878, 1117, 1995, -119, -1437, 1556, 141, 92, 73, -39, 4, 14, 
-868, 1127, 1995, -129, -1432, 1561, 126, 87, 63, -34, -4, 14, 
-873, 1127, 2000, -126, -1437, 1564, 126, 78, 63, -24, -4, 14, 
-873, 1127, 2000, -126, -1437, 1564, 126, 68, 63, -19, -4, 14, 
-873, 1127, 2000, -126, -1437, 1564, 122, 63, 63, -14, -4, 14, 
-844, 1137, 1981, -146, -1412, 1559, 131, 68, 78, -9, 0, 24, 
-854, 1141, 1995, -143, -1424, 1568, 131, 73, 78, -9, 4, 24, 
-858, 1146, 2005, -143, -1432, 1576, 136, 82, 82, -9, 9, 24, 
-858, 1151, 2010, -146, -1434, 1581, 136, 87, 82, -9, 14, 24, 
-868, 1137, 2005, -134, -1437, 1571, 126, 78, 73, -14, 0, 19, 
-873, 1132, 2005, -129, -1439, 1568, 126, 82, 73, -19, -4, 14, 
-873, 1127, 2000, -126, -1437, 1564, 126, 82, 73, -24, -4, 9, 
-873, 1122, 1995, -124, -1434, 1559, 126, 78, 68, -29, -9, 4, 
-883, 1141, 2025, -129, -1454, 1583, 131, 78, 78, -29, 0, 9, 
-873, 1151, 2025, -139, -1449, 1588, 126, 78, 78, -29, -4, 14, 
-873, 1156, 2030, -141, -1451, 1593, 126, 78, 78, -29, -4, 19, 
-873, 1151, 2025, -139, -1449, 1588, 131, 78, 82, -29, -4, 24, 
-868, 1137, 2005, -134, -1437, 1571, 122, 68, 78, -34, -14, 19, 
-863, 1137, 2000, -136, -1432, 1568, 117, 68, 73, -34, -14, 14, 
-858, 1132, 1991, -136, -1424, 1561, 117, 68, 68, -34, -14, 14, 
-854, 1117, 1971, -131, -1412, 1544, 117, 68, 68, -34, -9, 14, 
-858, 1137, 1995, -139, -1427, 1566, 107, 68, 68, -24, -9, 24, 
-863, 1141, 2005, -139, -1434, 1573, 107, 73, 73, -24, -4, 24, 
-868, 1151, 2020, -141, -1444, 1586, 107, 73, 73, -19, 4, 24, 
-873, 1151, 2025, -139, -1449, 1588, 107, 73, 73, -19, 4, 24, 
-849, 1161, 2010, -156, -1429, 1586, 107, 82, 63, -29, -4, 14, 
-839, 1161, 2000, -161, -1420, 1581, 107, 82, 63, -29, -4, 14, 
-834, 1161, 1995, -163, -1415, 1578, 112, 82, 63, -24, 0, 14, 
-839, 1161, 2000, -161, -1420, 1581, 112, 87, 68, -19, 0, 24, 
-839, 1171, 2010, -165, -1424, 1590, 122, 97, 82, -9, 19, 39, 
-834, 1171, 2005, -168, -1420, 1588, 117, 97, 78, -9, 9, 39, 
-834, 1171, 2005, -168, -1420, 1588, 112, 92, 82, -9, 9, 39, 
-829, 1180, 2010, -175, -1420, 1595, 107, 92, 87, -9, 14, 43, 
-839, 1171, 2010, -165, -1424, 1590, 102, 82, 82, -14, 4, 34, 
-839, 1171, 2010, -165, -1424, 1590, 102, 87, 87, -14, 9, 39, 
-829, 1176, 2005, -173, -1417, 1590, 102, 92, 82, -4, 19, 39, 
-829, 1176, 2005, -173, -1417, 1590, 97, 92, 78, -4, 19, 39, 
-819, 1185, 2005, -183, -1412, 1595, 92, 87, 82, 4, 29, 48, 
-819, 1185, 2005, -183, -1412, 1595, 87, 87, 82, 4, 29, 53, 
-810, 1185, 1995, -187, -1403, 1590, 87, 87, 87, 9, 34, 58, 
-810, 1200, 2010, -195, -1410, 1605, 87, 92, 92, 14, 39, 68, 
-814, 1205, 2020, -195, -1417, 1612, 68, 82, 87, 9, 34, 68, 
-805, 1205, 2010, -200, -1407, 1607, 63, 82, 82, 14, 39, 73, 
-800, 1200, 2000, -200, -1400, 1600, 58, 82, 78, 19, 43, 78, 
-795, 1205, 2000, -204, -1398, 1603, 43, 87, 78, 24, 48, 82, 
-795, 1195, 1991, -200, -1393, 1593, 43, 78, 78, 19, 43, 63, 
-785, 1224, 2010, -219, -1398, 1617, 48, 92, 97, 29, 53, 78, 
-775, 1234, 2010, -229, -1393, 1622, 53, 102, 102, 34, 73, 87, 
-790, 1234, 2025, -222, -1407, 1629, 53, 102, 102, 43, 87, 102, 
