I, II, III, aVR, aVL, aVF, V1, V2, V3, V4, V5, V6, 
-87, -527, -439, 307, 175, -483, -204, 273, -39, -195, -331, -370, 
-87, -527, -439, 307, 175, -483, -204, 273, -39, -195, -331, -370, 
-87, -527, -439, 307, 175, -483, -204, 273, -39, -195, -331, -370, 
-87, -527, -439, 307, 175, -483, -204, 273, -39, -195, -331, -370, 
-78, -522, -444, 300, 183, -483, -219, 273, -39, -185, -322, -361, 
-78, -517, -439, 297, 180, -478, -224, 273, -39, -185, -322, -361, 
-78, -512, -434, 295, 178, -473, -229, 273, -39, -185, -322, -361, 
-78, -507, -429, 292, 175, -468, -234, 273, -39, -185, -322, -361, 
-78, -512, -434, 295, 178, -473, -229, 278, -39, -185, -322, -361, 
-78, -517, -439, 297, 180, -478, -224, 283, -39, -185, -322, -361, 
-78, -522, -444, 300, 183, -483, -219, 287, -39, -185, -322, -361, 
-78, -527, -448, 302, 185, -488, -214, 292, -39, -185, -322, -361, 
-87, -527, -439, 307, 175, -483, -204, 283, -39, -185, -322, -361, 
-87, -527, -439, 307, 175, -483, -204, 283, -39, -185, -322, -361, 
-87, -527, -439, 307, 175, -483, -204, 283, -39, -185, -322, -361, 
-87, -527, -439, 307, 175, -483, -204, 283, -39, -185, -322, -361, 
-82, -517, -434, 300, 175, -475, -214, 292, -29, -185, -312, -351, 
-78, -517, -439, 297, 180, -478, -214, 292, -29, -185, -312, -351, 
-73, -517, -444, 295, 185, -480, -214, 292, -29, -185, -312, -351, 
-68, -517, -448, 292, 190, -483, -214, 292, -29, -185, -312, -351, 
-78, -517, -439, 297, 180, -478, -224, 292, -29, -180, -302, -351, 
-78, -517, -439, 297, 180, -478, -224, 292, -29, -175, -302, -351, 
-78, -517, -439, 297, 180, -478, -224, 292, -29, -170, -302, -351, 
-78, -517, -439, 297, 180, -478, -224, 292, -29, -165, -302, -351, 
-78, -517, -439, 297, 180, -478, -224, 292, -19, -175, -312, -361, 
-78, -517, -439, 297, 180, -478, -224, 292, -19, -175, -312, -361, 
-78, -517, -439, 297, 180, -478, -224, 292, -19, -175, -312, -361, 
-78, -517, -439, 297, 180, -478, -224, 292, -19, -175, -312, -361, 
-78, -507, -429, 292, 175, -468, -234, 302, -14, -165, -312, -351, 
-78, -507, -429, 292, 175, -468, -234, 302, -9, -165, -312, -351, 
-78, -507, -429, 292, 175, -468, -234, 302, -4, -165, -312, -351, 
-78, -507, -429, 292, 175, -468, -234, 302, 0, -165, -312, -351, 
-78, -517, -439, 297, 180, -478, -234, 292, 0, -156, -302, -351, 
-78, -517, -439, 297, 180, -478, -234, 292, 0, -156, -302, -351, 
-78, -517, -439, 297, 180, -478, -234, 292, 0, -156, -302, -351, 
-78, -517, -439, 297, 180, -478, -234, 292, 0, -156, -302, -351, 
-78, -507, -429, 292, 175, -468, -244, 292, 4, -146, -292, -351, 
-78, -507, -429, 292, 175, -468, -244, 292, 9, -146, -292, -351, 
-78, -507, -429, 292, 175, -468, -244, 292, 14, -146, -292, -351, 
-78, -507, -429, 292, 175, -468, -244, 292, 19, -146, -292, -351, 
-73, -502, -429, 287, 178, -466, -253, 302, 29, -136, -292, -351, 
-68, -497, -429, 283, 180, -463, -253, 302, 29, -136, -292, -351, 
-63, -492, -429, 278, 183, -461, -253, 302, 29, -136, -292, -351, 
-58, -488, -429, 273, 185, -458, -253, 302, 29, -136, -292, -351, 
-58, -488, -429, 273, 185, -458, -253, 302, 39, -136, -283, -341, 
-58, -488, -429, 273, 185, -458, -253, 302, 39, -136, -283, -341, 
-58, -488, -429, 273, 185, -458, -253, 302, 39, -136, -283, -341, 
-58, -488, -429, 273, 185, -458, -253, 302, 39, -136, -283, -341, 
-58, -483, -424, 270, 183, -453, -258, 302, 43, -131, -273, -331, 
-58, -478, -419, 268, 180, -448, -263, 302, 48, -126, -273, -331, 
-58, -473, -414, 265, 178, -444, -268, 302, 53, -122, -273, -331, 
-58, -468, -409, 263, 175, -439, -273, 302, 58, -117, -273, -331, 
-48, -468, -419, 258, 185, -444, -283, 312, 68, -107, -273, -322, 
-48, -468, -419, 258, 185, -444, -283, 312, 68, -107, -273, -322, 
-48, -468, -419, 258, 185, -444, -283, 312, 68, -107, -273, -322, 
-48, -468, -419, 258, 185, -444, -283, 312, 68, -107, -273, -322, 
-48, -468, -419, 258, 185, -444, -278, 312, 73, -97, -263, -322, 
-48, -468, -419, 258, 185, -444, -273, 312, 78, -97, -263, -322, 
-48, -468, -419, 258, 185, -444, -268, 312, 82, -97, -263, -322, 
-48, -468, -419, 258, 185, -444, -263, 312, 87, -97, -263, -322, 
-39, -463, -424, 251, 192, -444, -273, 322, 97, -87, -263, -322, 
-39, -458, -419, 248, 190, -439, -273, 322, 97, -87, -263, -322, 
-39, -453, -414, 246, 187, -434, -273, 322, 97, -87, -263, -322, 
-39, -448, -409, 244, 185, -429, -273, 322, 97, -87, -263, -322, 
-39, -444, -405, 241, 183, -424, -278, 322, 112, -73, -248, -317, 
-39, -439, -400, 239, 180, -419, -283, 322, 117, -68, -244, -312, 
-39, -434, -395, 236, 178, -414, -287, 322, 122, -63, -239, -307, 
-39, -429, -390, 234, 175, -409, -292, 322, 126, -58, -234, -302, 
-29, -419, -390, 224, 180, -405, -292, 331, 136, -48, -234, -292, 
-29, -419, -390, 224, 180, -405, -292, 331, 136, -48, -234, -292, 
-29, -419, -390, 224, 180, -405, -292, 331, 136, -48, -234, -292, 
-29, -419, -390, 224, 180, -405, -292, 331, 136, -48, -234, -292, 
-14, -409, -395, 212, 190, -402, -302, 341, 141, -39, -219, -287, 
-9, -409, -400, 209, 195, -405, -302, 341, 146, -39, -214, -283, 
-4, -409, -405, 207, 200, -407, -302, 341, 151, -39, -209, -278, 
0, -409, -409, 204, 204, -409, -302, 341, 156, -39, -204, -273, 
9, -395, -405, 192, 207, -400, -312, 351, 165, -34, -200, -263, 
9, -390, -400, 190, 204, -395, -312, 351, 165, -29, -195, -263, 
9, -385, -395, 187, 202, -390, -312, 351, 165, -24, -190, -263, 
9, -380, -390, 185, 200, -385, -312, 351, 165, -19, -185, -263, 
0, -366, -366, 183, 183, -366, -322, 351, 170, -14, -175, -248, 
0, -361, -361, 180, 180, -361, -322, 351, 175, -9, -175, -244, 
0, -356, -356, 178, 178, -356, -322, 351, 180, -4, -175, -239, 
0, -351, -351, 175, 175, -351, -322, 351, 185, 0, -175, -234, 
9, -351, -361, 170, 185, -356, -331, 341, 185, 9, -165, -224, 
9, -351, -361, 170, 185, -356, -331, 341, 185, 9, -165, -224, 
9, -351, -361, 170, 185, -356, -331, 341, 185, 9, -165, -224, 
9, -351, -361, 170, 185, -356, -331, 341, 185, 9, -165, -224, 
14, -346, -361, 165, 187, -353, -336, 341, 195, 24, -161, -214, 
19, -341, -361, 161, 190, -351, -341, 341, 195, 29, -156, -214, 
24, -336, -361, 156, 192, -348, -346, 341, 195, 34, -151, -214, 
29, -331, -361, 151, 195, -346, -351, 341, 195, 39, -146, -214, 
29, -331, -361, 151, 195, -346, -361, 341, 195, 39, -136, -204, 
29, -331, -361, 151, 195, -346, -361, 341, 195, 39, -136, -204, 
29, -331, -361, 151, 195, -346, -361, 341, 195, 39, -136, -204, 
29, -331, -361, 151, 195, -346, -361, 341, 195, 39, -136, -204, 
29, -326, -356, 148, 192, -341, -370, 331, 185, 48, -131, -200, 
29, -322, -351, 146, 190, -336, -370, 331, 185, 48, -126, -195, 
29, -317, -346, 143, 187, -331, -370, 331, 185, 48, -122, -190, 
29, -312, -341, 141, 185, -326, -370, 331, 185, 48, -117, -185, 
29, -322, -351, 146, 190, -336, -370, 322, 175, 39, -126, -195, 
29, -322, -351, 146, 190, -336, -370, 322, 175, 39, -126, -195, 
29, -322, -351, 146, 190, -336, -370, 322, 175, 39, -126, -195, 
29, -322, -351, 146, 190, -336, -370, 322, 175, 39, -126, -195, 
29, -322, -351, 146, 190, -336, -375, 317, 170, 29, -136, -195, 
29, -322, -351, 146, 190, -336, -380, 312, 165, 29, -136, -195, 
29, -322, -351, 146, 190, -336, -385, 307, 161, 29, -136, -195, 
29, -322, -351, 146, 190, -336, -390, 302, 156, 29, -136, -195, 
19, -322, -341, 151, 180, -331, -395, 292, 151, 19, -126, -195, 
19, -322, -341, 151, 180, -331, -400, 292, 146, 19, -126, -195, 
19, -322, -341, 151, 180, -331, -405, 292, 141, 19, -126, -195, 
19, -322, -341, 151, 180, -331, -409, 292, 136, 19, -126, -195, 
9, -322, -331, 156, 170, -326, -405, 283, 126, 9, -126, -195, 
9, -322, -331, 156, 170, -326, -400, 283, 126, 9, -126, -195, 
9, -322, -331, 156, 170, -326, -395, 283, 126, 9, -126, -195, 
9, -322, -331, 156, 170, -326, -390, 283, 126, 9, -126, -195, 
19, -326, -346, 153, 183, -336, -390, 278, 112, 4, -131, -204, 
19, -331, -351, 156, 185, -341, -390, 273, 107, 0, -136, -204, 
19, -336, -356, 158, 187, -346, -390, 268, 102, -4, -141, -204, 
19, -341, -361, 161, 190, -351, -390, 263, 97, -9, -146, -204, 
14, -346, -361, 165, 187, -353, -395, 258, 92, -14, -161, -209, 
9, -351, -361, 170, 185, -356, -400, 253, 87, -19, -165, -214, 
4, -356, -361, 175, 183, -358, -405, 248, 82, -24, -170, -219, 
0, -361, -361, 180, 180, -361, -409, 244, 78, -29, -175, -224, 
-4, -366, -361, 185, 178, -363, -419, 234, 73, -43, -180, -229, 
-9, -370, -361, 190, 175, -366, -419, 234, 68, -48, -185, -234, 
-14, -375, -361, 195, 173, -368, -419, 234, 63, -53, -190, -239, 
-19, -380, -361, 200, 170, -370, -419, 234, 58, -58, -195, -244, 
-24, -385, -361, 204, 168, -373, -409, 234, 53, -63, -204, -248, 
-29, -390, -361, 209, 165, -375, -409, 234, 48, -68, -204, -253, 
-34, -395, -361, 214, 163, -378, -409, 234, 43, -73, -204, -258, 
-39, -400, -361, 219, 161, -380, -409, 234, 39, -78, -204, -263, 
-48, -419, -370, 234, 161, -395, -400, 224, 24, -92, -209, -273, 
-48, -429, -380, 239, 165, -405, -400, 224, 19, -97, -214, -273, 
-48, -439, -390, 244, 170, -414, -400, 224, 14, -102, -219, -273, 
-48, -448, -400, 248, 175, -424, -400, 224, 9, -107, -224, -273, 
-53, -463, -409, 258, 178, -436, -395, 224, -4, -112, -234, -278, 
-58, -468, -409, 263, 175, -439, -390, 224, -9, -117, -234, -283, 
-63, -473, -409, 268, 173, -441, -385, 224, -14, -122, -234, -287, 
-68, -478, -409, 273, 170, -444, -380, 224, -19, -126, -234, -292, 
-63, -478, -414, 270, 175, -446, -380, 224, -29, -141, -239, -297, 
-58, -478, -419, 268, 180, -448, -380, 224, -29, -146, -244, -302, 
-53, -478, -424, 265, 185, -451, -380, 224, -29, -151, -248, -307, 
-48, -478, -429, 263, 190, -453, -380, 224, -29, -156, -253, -312, 
-58, -468, -409, 263, 175, -439, -380, 224, -29, -146, -263, -312, 
-58, -468, -409, 263, 175, -439, -380, 224, -29, -146, -263, -312, 
-58, -468, -409, 263, 175, -439, -380, 224, -29, -146, -263, -312, 
-58, -468, -409, 263, 175, -439, -380, 224, -29, -146, -263, -312, 
-63, -478, -414, 270, 175, -446, -390, 224, -39, -146, -263, -312, 
-68, -478, -409, 273, 170, -444, -390, 224, -39, -146, -263, -312, 
-73, -478, -405, 275, 165, -441, -390, 224, -39, -146, -263, -312, 
-78, -478, -400, 278, 161, -439, -390, 224, -39, -146, -263, -312, 
-68, -488, -419, 278, 175, -453, -390, 224, -39, -151, -273, -322, 
-68, -488, -419, 278, 175, -453, -390, 224, -39, -156, -273, -322, 
-68, -488, -419, 278, 175, -453, -390, 224, -39, -161, -273, -322, 
-68, -488, -419, 278, 175, -453, -390, 224, -39, -165, -273, -322, 
-68, -478, -409, 273, 170, -444, -400, 224, -39, -156, -273, -322, 
-68, -478, -409, 273, 170, -444, -400, 224, -39, -156, -273, -322, 
-68, -478, -409, 273, 170, -444, -400, 224, -39, -156, -273, -322, 
-68, -478, -409, 273, 170, -444, -400, 224, -39, -156, -273, -322, 
-78, -483, -405, 280, 163, -444, -400, 224, -39, -161, -273, -322, 
-78, -488, -409, 283, 165, -448, -400, 224, -39, -165, -273, -322, 
-78, -492, -414, 285, 168, -453, -400, 224, -39, -170, -273, -322, 
-78, -497, -419, 287, 170, -458, -400, 224, -39, -175, -273, -322, 
-73, -483, -409, 278, 168, -446, -409, 224, -29, -170, -273, -312, 
-68, -478, -409, 273, 170, -444, -409, 224, -29, -165, -273, -312, 
-63, -473, -409, 268, 173, -441, -409, 224, -29, -161, -273, -312, 
-58, -468, -409, 263, 175, -439, -409, 224, -29, -156, -273, -312, 
-63, -468, -405, 265, 170, -436, -419, 224, -29, -156, -283, -322, 
-68, -468, -400, 268, 165, -434, -419, 224, -29, -156, -283, -322, 
-73, -468, -395, 270, 161, -431, -419, 224, -29, -156, -283, -322, 
-78, -468, -390, 273, 156, -429, -419, 224, -29, -156, -283, -322, 
-78, -478, -400, 278, 161, -439, -409, 224, -29, -156, -283, -331, 
-78, -478, -400, 278, 161, -439, -409, 224, -29, -156, -283, -331, 
-78, -478, -400, 278, 161, -439, -409, 224, -29, -156, -283, -331, 
-78, -478, -400, 278, 161, -439, -409, 224, -29, -156, -283, -331, 
-78, -483, -405, 280, 163, -444, -409, 224, -39, -165, -292, -331, 
-78, -488, -409, 283, 165, -448, -409, 224, -39, -165, -292, -331, 
-78, -492, -414, 285, 168, -453, -409, 224, -39, -165, -292, -331, 
-78, -497, -419, 287, 170, -458, -409, 224, -39, -165, -292, -331, 
-73, -483, -409, 278, 168, -446, -400, 224, -39, -165, -287, -322, 
-68, -478, -409, 273, 170, -444, -400, 224, -39, -165, -283, -322, 
-63, -473, -409, 268, 173, -441, -400, 224, -39, -165, -278, -322, 
-58, -468, -409, 263, 175, -439, -400, 224, -39, -165, -273, -322, 
-48, -468, -419, 258, 185, -444, -409, 224, -29, -156, -263, -312, 
-48, -468, -419, 258, 185, -444, -409, 224, -29, -156, -263, -312, 
-48, -468, -419, 258, 185, -444, -409, 224, -29, -156, -263, -312, 
-48, -468, -419, 258, 185, -444, -409, 224, -29, -156, -263, -312, 
-53, -473, -419, 263, 183, -446, -400, 224, -29, -156, -273, -322, 
-58, -478, -419, 268, 180, -448, -400, 224, -29, -156, -273, -322, 
-63, -483, -419, 273, 178, -451, -400, 224, -29, -156, -273, -322, 
-68, -488, -419, 278, 175, -453, -400, 224, -29, -156, -273, -322, 
-58, -488, -429, 273, 185, -458, -409, 234, -29, -156, -273, -312, 
-58, -488, -429, 273, 185, -458, -409, 234, -29, -156, -273, -312, 
-58, -488, -429, 273, 185, -458, -409, 234, -29, -156, -273, -312, 
-58, -488, -429, 273, 185, -458, -409, 234, -29, -156, -273, -312, 
-68, -483, -414, 275, 173, -448, -419, 224, -24, -151, -258, -307, 
-68, -478, -409, 273, 170, -444, -419, 224, -19, -146, -253, -302, 
-68, -473, -405, 270, 168, -439, -419, 224, -14, -141, -248, -297, 
-68, -468, -400, 268, 165, -434, -419, 224, -9, -136, -244, -292, 
-68, -468, -400, 268, 165, -434, -419, 224, -9, -136, -253, -302, 
-68, -468, -400, 268, 165, -434, -419, 224, -9, -136, -253, -302, 
-68, -468, -400, 268, 165, -434, -419, 224, -9, -136, -253, -302, 
-68, -468, -400, 268, 165, -434, -419, 224, -9, -136, -253, -302, 
-58, -458, -400, 258, 170, -429, -424, 224, -19, -146, -253, -302, 
-58, -458, -400, 258, 170, -429, -429, 224, -19, -146, -253, -302, 
-58, -458, -400, 258, 170, -429, -434, 224, -19, -146, -253, -302, 
-58, -458, -400, 258, 170, -429, -439, 224, -19, -146, -253, -302, 
-68, -468, -400, 268, 165, -434, -439, 224, -9, -136, -244, -292, 
-68, -468, -400, 268, 165, -434, -439, 224, -9, -136, -244, -292, 
-68, -468, -400, 268, 165, -434, -439, 224, -9, -136, -244, -292, 
-68, -468, -400, 268, 165, -434, -439, 224, -9, -136, -244, -292, 
-58, -458, -400, 258, 170, -429, -448, 214, -9, -136, -244, -292, 
-58, -458, -400, 258, 170, -429, -448, 214, -9, -136, -244, -292, 
-58, -458, -400, 258, 170, -429, -448, 214, -9, -136, -244, -292, 
-58, -458, -400, 258, 170, -429, -448, 214, -9, -136, -244, -292, 
-48, -448, -400, 248, 175, -424, -439, 214, -9, -136, -253, -302, 
-48, -448, -400, 248, 175, -424, -439, 214, -9, -136, -253, -302, 
-48, -448, -400, 248, 175, -424, -439, 214, -9, -136, -253, -302, 
-48, -448, -400, 248, 175, -424, -439, 214, -9, -136, -253, -302, 
-53, -458, -405, 256, 175, -431, -429, 224, -19, -136, -244, -292, 
-58, -458, -400, 258, 170, -429, -429, 224, -19, -136, -244, -292, 
-63, -458, -395, 261, 165, -427, -429, 224, -19, -136, -244, -292, 
-68, -458, -390, 263, 161, -424, -429, 224, -19, -136, -244, -292, 
-58, -468, -409, 263, 175, -439, -429, 224, -19, -136, -234, -292, 
-58, -468, -409, 263, 175, -439, -429, 224, -19, -136, -234, -292, 
-58, -468, -409, 263, 175, -439, -429, 224, -19, -136, -234, -292, 
-58, -468, -409, 263, 175, -439, -429, 224, -19, -136, -234, -292, 
-68, -458, -390, 263, 161, -424, -429, 224, -19, -136, -244, -292, 
-68, -458, -390, 263, 161, -424, -429, 224, -19, -136, -244, -292, 
-68, -458, -390, 263, 161, -424, -429, 224, -19, -136, -244, -292, 
-68, -458, -390, 263, 161, -424, -429, 224, -19, -136, -244, -292, 
-58, -468, -409, 263, 175, -439, -439, 224, -29, -146, -253, -302, 
-58, -468, -409, 263, 175, -439, -439, 224, -29, -146, -253, -302, 
-58, -468, -409, 263, 175, -439, -439, 224, -29, -146, -253, -302, 
-58, -468, -409, 263, 175, -439, -439, 224, -29, -146, -253, -302, 
-58, -468, -409, 263, 175, -439, -439, 214, -39, -146, -244, -292, 
-58, -468, -409, 263, 175, -439, -439, 214, -39, -146, -244, -292, 
-58, -468, -409, 263, 175, -439, -439, 214, -39, -146, -244, -292, 
-58, -468, -409, 263, 175, -439, -439, 214, -39, -146, -244, -292, 
-58, -468, -409, 263, 175, -439, -448, 214, -39, -146, -253, -302, 
-58, -468, -409, 263, 175, -439, -448, 214, -39, -146, -253, -302, 
-58, -468, -409, 263, 175, -439, -448, 214, -39, -146, -253, -302, 
-58, -468, -409, 263, 175, -439, -448, 214, -39, -146, -253, -302, 
-48, -468, -419, 258, 185, -444, -458, 214, -39, -156, -253, -292, 
-48, -468, -419, 258, 185, -444, -458, 214, -39, -156, -253, -292, 
-48, -468, -419, 258, 185, -444, -458, 214, -39, -156, -253, -292, 
-48, -468, -419, 258, 185, -444, -458, 214, -39, -156, -253, -292, 
-53, -468, -414, 261, 180, -441, -458, 214, -39, -146, -253, -292, 
-58, -468, -409, 263, 175, -439, -458, 214, -39, -146, -253, -292, 
-63, -468, -405, 265, 170, -436, -458, 214, -39, -146, -253, -292, 
-68, -468, -400, 268, 165, -434, -458, 214, -39, -146, -253, -292, 
-68, -458, -390, 263, 161, -424, -458, 214, -48, -156, -263, -302, 
-68, -458, -390, 263, 161, -424, -458, 214, -48, -156, -263, -302, 
-68, -458, -390, 263, 161, -424, -458, 214, -48, -156, -263, -302, 
-68, -458, -390, 263, 161, -424, -458, 214, -48, -156, -263, -302, 
-58, -458, -400, 258, 170, -429, -468, 214, -48, -165, -263, -302, 
-58, -458, -400, 258, 170, -429, -468, 214, -48, -165, -263, -302, 
-58, -458, -400, 258, 170, -429, -468, 214, -48, -165, -263, -302, 
-58, -458, -400, 258, 170, -429, -468, 214, -48, -165, -263, -302, 
-48, -448, -400, 248, 175, -424, -468, 214, -48, -165, -263, -292, 
-48, -448, -400, 248, 175, -424, -468, 214, -48, -165, -263, -292, 
-48, -448, -400, 248, 175, -424, -468, 214, -48, -165, -263, -292, 
-48, -448, -400, 248, 175, -424, -468, 214, -48, -165, -263, -292, 
-48, -453, -405, 251, 178, -429, -468, 214, -58, -165, -263, -302, 
-48, -458, -409, 253, 180, -434, -468, 214, -58, -165, -263, -302, 
-48, -463, -414, 256, 183, -439, -468, 214, -58, -165, -263, -302, 
-48, -468, -419, 258, 185, -444, -468, 214, -58, -165, -263, -302, 
-58, -478, -419, 268, 180, -448, -458, 214, -58, -175, -263, -302, 
-58, -478, -419, 268, 180, -448, -458, 214, -58, -175, -263, -302, 
-58, -478, -419, 268, 180, -448, -458, 214, -58, -175, -263, -302, 
-58, -478, -419, 268, 180, -448, -458, 214, -58, -175, -263, -302, 
-58, -468, -409, 263, 175, -439, -458, 204, -63, -185, -273, -312, 
-58, -468, -409, 263, 175, -439, -458, 204, -68, -185, -273, -312, 
-58, -468, -409, 263, 175, -439, -458, 204, -73, -185, -273, -312, 
-58, -468, -409, 263, 175, -439, -458, 204, -78, -185, -273, -312, 
-58, -468, -409, 263, 175, -439, -458, 214, -73, -175, -263, -302, 
-58, -468, -409, 263, 175, -439, -458, 214, -68, -175, -263, -302, 
-58, -468, -409, 263, 175, -439, -458, 214, -63, -175, -263, -302, 
-58, -468, -409, 263, 175, -439, -458, 214, -58, -175, -263, -302, 
-58, -458, -400, 258, 170, -429, -458, 204, -58, -175, -253, -292, 
-58, -458, -400, 258, 170, -429, -458, 204, -58, -175, -253, -292, 
-58, -458, -400, 258, 170, -429, -458, 204, -58, -175, -253, -292, 
-58, -458, -400, 258, 170, -429, -458, 204, -58, -175, -253, -292, 
-48, -468, -419, 258, 185, -444, -468, 204, -58, -175, -263, -302, 
-48, -468, -419, 258, 185, -444, -468, 204, -58, -175, -263, -302, 
-48, -468, -419, 258, 185, -444, -468, 204, -58, -175, -263, -302, 
-48, -468, -419, 258, 185, -444, -468, 204, -58, -175, -263, -302, 
-58, -468, -409, 263, 175, -439, -468, 204, -58, -175, -263, -302, 
-58, -468, -409, 263, 175, -439, -468, 204, -58, -175, -263, -302, 
-58, -468, -409, 263, 175, -439, -468, 204, -58, -175, -263, -302, 
-58, -468, -409, 263, 175, -439, -468, 204, -58, -175, -263, -302, 
-48, -458, -409, 253, 180, -434, -478, 204, -63, -185, -263, -302, 
-48, -458, -409, 253, 180, -434, -478, 204, -68, -185, -263, -302, 
-48, -458, -409, 253, 180, -434, -478, 204, -73, -185, -263, -302, 
-48, -458, -409, 253, 180, -434, -478, 204, -78, -185, -263, -302, 
-58, -458, -400, 258, 170, -429, -478, 195, -68, -185, -273, -312, 
-58, -458, -400, 258, 170, -429, -478, 195, -68, -185, -273, -312, 
-58, -458, -400, 258, 170, -429, -478, 195, -68, -185, -273, -312, 
-58, -458, -400, 258, 170, -429, -478, 195, -68, -185, -273, -312, 
-58, -468, -409, 263, 175, -439, -488, 204, -68, -175, -263, -302, 
-58, -468, -409, 263, 175, -439, -488, 204, -68, -175, -263, -302, 
-58, -468, -409, 263, 175, -439, -488, 204, -68, -175, -263, -302, 
-58, -468, -409, 263, 175, -439, -488, 204, -68, -175, -263, -302, 
-53, -468, -414, 261, 180, -441, -497, 204, -68, -175, -253, -292, 
-48, -468, -419, 258, 185, -444, -497, 204, -68, -175, -253, -292, 
-43, -468, -424, 256, 190, -446, -497, 204, -68, -175, -253, -292, 
-39, -468, -429, 253, 195, -448, -497, 204, -68, -175, -253, -292, 
-48, -468, -419, 258, 185, -444, -488, 204, -68, -185, -263, -302, 
-48, -468, -419, 258, 185, -444, -488, 204, -68, -185, -263, -302, 
-48, -468, -419, 258, 185, -444, -488, 204, -68, -185, -263, -302, 
-48, -468, -419, 258, 185, -444, -488, 204, -68, -185, -263, -302, 
-58, -458, -400, 258, 170, -429, -488, 195, -78, -195, -273, -302, 
-58, -458, -400, 258, 170, -429, -488, 195, -78, -195, -273, -302, 
-58, -458, -400, 258, 170, -429, -488, 195, -78, -195, -273, -302, 
-58, -458, -400, 258, 170, -429, -488, 195, -78, -195, -273, -302, 
-53, -458, -405, 256, 175, -431, -488, 195, -78, -195, -273, -302, 
-48, -458, -409, 253, 180, -434, -488, 195, -78, -195, -273, -302, 
-43, -458, -414, 251, 185, -436, -488, 195, -78, -195, -273, -302, 
-39, -458, -419, 248, 190, -439, -488, 195, -78, -195, -273, -302, 
-43, -458, -414, 251, 185, -436, -488, 195, -68, -195, -273, -312, 
-48, -458, -409, 253, 180, -434, -488, 195, -68, -195, -273, -312, 
-53, -458, -405, 256, 175, -431, -488, 195, -68, -195, -273, -312, 
-58, -458, -400, 258, 170, -429, -488, 195, -68, -195, -273, -312, 
-48, -458, -409, 253, 180, -434, -488, 195, -78, -185, -273, -302, 
-48, -458, -409, 253, 180, -434, -488, 195, -78, -185, -273, -302, 
-48, -458, -409, 253, 180, -434, -488, 195, -78, -185, -273, -302, 
-48, -458, -409, 253, 180, -434, -488, 195, -78, -185, -273, -302, 
-43, -448, -405, 246, 180, -427, -497, 195, -78, -185, -263, -292, 
-39, -448, -409, 244, 185, -429, -497, 195, -78, -185, -263, -292, 
-34, -448, -414, 241, 190, -431, -497, 195, -78, -185, -263, -292, 
-29, -448, -419, 239, 195, -434, -497, 195, -78, -185, -263, -292, 
-34, -448, -414, 241, 190, -431, -497, 204, -78, -175, -263, -292, 
-39, -448, -409, 244, 185, -429, -497, 204, -78, -175, -263, -292, 
-43, -448, -405, 246, 180, -427, -497, 204, -78, -175, -263, -292, 
-48, -448, -400, 248, 175, -424, -497, 204, -78, -175, -263, -292, 
-53, -448, -395, 251, 170, -422, -488, 200, -73, -175, -263, -283, 
-58, -448, -390, 253, 165, -419, -488, 195, -68, -175, -263, -283, 
-63, -448, -385, 256, 161, -417, -488, 190, -63, -175, -263, -283, 
-68, -448, -380, 258, 156, -414, -488, 185, -58, -175, -263, -283, 
-58, -434, -375, 246, 158, -405, -497, 175, -53, -165, -258, -283, 
-58, -429, -370, 244, 156, -400, -497, 165, -48, -165, -253, -283, 
-58, -424, -366, 241, 153, -395, -497, 156, -43, -165, -248, -283, 
-58, -414, -356, 236, 148, -385, -497, 146, -39, -165, -244, -278, 
-53, -400, -346, 226, 146, -373, -507, 141, -48, -161, -248, -278, 
-48, -395, -346, 222, 148, -370, -507, 141, -43, -156, -244, -273, 
-43, -395, -351, 219, 153, -373, -507, 136, -39, -156, -244, -273, 
-34, -390, -356, 212, 161, -373, -507, 131, -39, -151, -244, -263, 
-43, -395, -351, 219, 153, -373, -507, 131, -39, -151, -234, -273, 
-43, -395, -351, 219, 153, -373, -507, 122, -43, -156, -234, -273, 
-43, -395, -351, 219, 153, -373, -512, 122, -43, -156, -234, -273, 
-43, -400, -356, 222, 156, -378, -512, 122, -43, -156, -234, -278, 
-43, -400, -356, 222, 156, -378, -507, 122, -43, -165, -244, -278, 
-43, -400, -356, 222, 156, -378, -507, 122, -43, -170, -244, -278, 
-43, -400, -356, 222, 156, -378, -507, 126, -43, -170, -244, -278, 
-43, -400, -356, 222, 156, -378, -507, 126, -39, -165, -244, -278, 
-34, -380, -346, 207, 156, -363, -517, 112, -29, -146, -234, -268, 
-34, -366, -331, 200, 148, -348, -517, 107, -24, -141, -229, -258, 
-29, -356, -326, 192, 148, -341, -522, 107, -19, -136, -224, -253, 
-29, -346, -317, 187, 143, -331, -522, 107, -14, -126, -219, -248, 
-34, -336, -302, 185, 134, -319, -512, 102, 0, -117, -209, -244, 
-34, -326, -292, 180, 129, -309, -527, 92, 0, -107, -195, -239, 
-29, -326, -297, 178, 134, -312, -531, 87, 0, -107, -185, -229, 
-29, -326, -297, 178, 134, -312, -546, 82, 0, -107, -180, -229, 
-39, -326, -287, 183, 124, -307, -546, 82, -4, -112, -185, -214, 
-29, -326, -297, 178, 134, -312, -546, 82, -4, -112, -185, -214, 
-24, -326, -302, 175, 139, -314, -551, 87, -9, -117, -190, -219, 
-24, -336, -312, 180, 143, -324, -551, 92, -14, -122, -195, -224, 
-24, -356, -331, 190, 153, -344, -561, 92, -29, -131, -200, -234, 
-24, -361, -336, 192, 156, -348, -556, 92, -34, -141, -204, -239, 
-29, -370, -341, 200, 156, -356, -556, 97, -48, -146, -214, -244, 
-34, -380, -346, 207, 156, -363, -551, 97, -58, -151, -219, -253, 
-29, -370, -341, 200, 156, -356, -541, 97, -58, -146, -209, -248, 
-24, -375, -351, 200, 163, -363, -541, 102, -58, -146, -209, -244, 
-14, -375, -361, 195, 173, -368, -536, 112, -53, -146, -209, -234, 
-4, -380, -375, 192, 185, -378, -536, 112, -53, -146, -209, -224, 
4, -385, -390, 190, 197, -387, -536, 122, -48, -156, -209, -234, 
4, -385, -390, 190, 197, -387, -536, 117, -48, -156, -209, -234, 
0, -380, -380, 190, 190, -380, -531, 117, -43, -156, -209, -234, 
0, -380, -380, 190, 190, -380, -531, 122, -43, -151, -204, -234, 
-14, -395, -380, 204, 183, -387, -522, 122, -43, -151, -214, -244, 
-14, -395, -380, 204, 183, -387, -522, 126, -43, -151, -219, -248, 
-29, -400, -370, 214, 170, -385, -522, 126, -43, -151, -224, -248, 
-34, -409, -375, 222, 170, -392, -517, 126, -43, -156, -224, -263, 
-29, -414, -385, 222, 178, -400, -512, 122, -58, -170, -234, -268, 
-34, -424, -390, 229, 178, -407, -512, 117, -68, -180, -239, -273, 
-34, -434, -400, 234, 183, -417, -512, 117, -78, -190, -248, -278, 
-39, -448, -409, 244, 185, -429, -512, 117, -87, -200, -258, -287, 
-39, -458, -419, 248, 190, -439, -527, 122, -107, -204, -278, -302, 
-39, -468, -429, 253, 195, -448, -527, 122, -112, -209, -283, -302, 
-34, -468, -434, 251, 200, -451, -527, 122, -112, -209, -283, -307, 
-34, -468, -434, 251, 200, -451, -527, 122, -112, -209, -283, -312, 
-34, -463, -429, 248, 197, -446, -522, 122, -102, -224, -283, -302, 
-34, -458, -424, 246, 195, -441, -522, 122, -102, -224, -283, -302, 
-34, -453, -419, 244, 192, -436, -517, 122, -102, -224, -283, -302, 
-34, -448, -414, 241, 190, -431, -512, 131, -102, -224, -283, -302, 
-43, -463, -419, 253, 187, -441, -502, 131, -102, -234, -283, -317, 
-43, -473, -429, 258, 192, -451, -502, 131, -107, -234, -283, -317, 
-43, -478, -434, 261, 195, -456, -502, 131, -117, -234, -283, -312, 
-39, -483, -444, 261, 202, -463, -502, 131, -126, -229, -283, -312, 
-48, -473, -424, 261, 187, -448, -512, 136, -122, -214, -283, -307, 
-48, -473, -424, 261, 187, -448, -512, 136, -117, -209, -278, -302, 
-53, -473, -419, 263, 183, -446, -512, 136, -107, -204, -273, -302, 
-53, -473, -419, 263, 183, -446, -507, 136, -102, -204, -268, -297, 
-53, -488, -434, 270, 190, -461, -507, 126, -102, -200, -263, -287, 
-53, -488, -434, 270, 190, -461, -507, 131, -102, -200, -263, -287, 
-53, -488, -434, 270, 190, -461, -502, 131, -102, -195, -263, -287, 
-58, -492, -434, 275, 187, -463, -502, 131, -102, -195, -258, -287, 
-48, -483, -434, 265, 192, -458, -502, 131, -112, -200, -263, -292, 
-48, -483, -434, 265, 192, -458, -497, 136, -117, -209, -273, -302, 
-48, -483, -434, 265, 192, -458, -497, 136, -117, -219, -278, -307, 
-48, -483, -434, 265, 192, -458, -492, 136, -117, -224, -283, -312, 
-39, -478, -439, 258, 200, -458, -483, 146, -117, -229, -283, -302, 
-39, -473, -434, 256, 197, -453, -483, 146, -117, -229, -283, -302, 
-39, -468, -429, 253, 195, -448, -483, 151, -112, -229, -283, -302, 
-39, -463, -424, 251, 192, -444, -478, 151, -112, -229, -283, -302, 
-39, -463, -424, 251, 192, -444, -483, 136, -102, -224, -283, -312, 
-43, -463, -419, 253, 187, -441, -483, 136, -107, -219, -283, -307, 
-43, -463, -419, 253, 187, -441, -483, 136, -107, -219, -283, -307, 
-43, -463, -419, 253, 187, -441, -483, 136, -107, -214, -283, -307, 
-39, -483, -444, 261, 202, -463, -483, 146, -97, -224, -283, -312, 
-48, -483, -434, 265, 192, -458, -478, 151, -107, -234, -287, -326, 
-39, -492, -453, 265, 207, -473, -468, 156, -117, -248, -307, -331, 
-43, -492, -448, 268, 202, -470, -473, 151, -117, -258, -322, -341, 
-53, -512, -458, 283, 202, -485, -463, 156, -126, -258, -336, -341, 
-58, -531, -473, 295, 207, -502, -439, 170, -126, -268, -351, -351, 
-68, -551, -483, 309, 207, -517, -414, 200, -126, -292, -375, -390, 
-78, -585, -507, 331, 214, -546, -375, 234, -117, -326, -414, -448, 
-97, -624, -527, 361, 214, -575, -322, 273, -102, -351, -468, -492, 
-97, -653, -556, 375, 229, -605, -278, 326, -73, -370, -507, -536, 
-97, -673, -575, 385, 239, -624, -244, 370, -39, -380, -522, -561, 
-97, -634, -536, 366, 219, -585, -229, 390, 9, -351, -502, -551, 
-87, -551, -463, 319, 187, -507, -239, 390, 87, -287, -448, -507, 
-58, -468, -409, 263, 175, -439, -278, 370, 156, -195, -366, -434, 
-4, -385, -380, 195, 187, -383, -317, 356, 224, -97, -263, -336, 
68, -268, -336, 100, 202, -302, -375, 331, 326, 43, -141, -219, 
156, -131, -287, -12, 222, -209, -439, 322, 468, 224, 24, -73, 
244, 9, -234, -126, 239, -112, -512, 317, 629, 429, 224, 102, 
331, 185, -146, -258, 239, 19, -619, 268, 775, 653, 439, 292, 
395, 375, -19, -385, 207, 178, -751, 170, 897, 878, 678, 507, 
424, 546, 122, -485, 151, 334, -897, 14, 902, 1058, 902, 722, 
424, 692, 268, -558, 78, 480, -1044, -170, 819, 1185, 1107, 941, 
405, 863, 458, -634, -26, 661, -1190, -395, 722, 1293, 1288, 1137, 
375, 1000, 624, -688, -124, 812, -1312, -595, 688, 1400, 1454, 1298, 
331, 1029, 697, -680, -183, 863, -1376, -707, 727, 1527, 1561, 1385, 
283, 956, 673, -619, -195, 814, -1376, -746, 756, 1595, 1595, 1395, 
244, 824, 580, -534, -168, 702, -1322, -736, 692, 1537, 1517, 1322, 
219, 663, 444, -441, -112, 553, -1263, -678, 527, 1317, 1332, 1185, 
170, 531, 361, -351, -95, 446, -1224, -634, 292, 995, 1078, 990, 
107, 434, 326, -270, -109, 380, -1205, -614, 4, 605, 805, 780, 
48, 292, 244, -170, -97, 268, -1141, -585, -322, 204, 507, 551, 
-4, 48, 53, -21, -29, 51, -1010, -488, -600, -141, 200, 292, 
-63, -229, -165, 146, 51, -197, -854, -341, -761, -395, -97, 34, 
-112, -424, -312, 268, 100, -368, -736, -209, -829, -541, -278, -146, 
-136, -551, -414, 344, 139, -483, -668, -131, -819, -600, -375, -253, 
-131, -610, -478, 370, 173, -544, -629, -73, -780, -610, -419, -317, 
-112, -585, -473, 348, 180, -529, -649, -68, -717, -580, -424, -341, 
-102, -522, -419, 312, 158, -470, -678, -78, -644, -527, -405, -346, 
-97, -473, -375, 285, 139, -424, -683, -78, -556, -458, -370, -331, 
-97, -424, -326, 261, 114, -375, -673, -73, -473, -385, -317, -292, 
-92, -395, -302, 244, 104, -348, -658, -43, -366, -326, -273, -268, 
-92, -380, -287, 236, 97, -334, -624, -9, -273, -278, -253, -258, 
-73, -370, -297, 222, 112, -334, -585, 19, -219, -258, -263, -258, 
-63, -370, -307, 217, 122, -339, -561, 43, -175, -248, -263, -268, 
-58, -385, -326, 222, 134, -356, -527, 68, -141, -234, -253, -278, 
-53, -385, -331, 219, 139, -358, -512, 82, -117, -224, -263, -273, 
-43, -395, -351, 219, 153, -373, -512, 87, -117, -219, -268, -273, 
-39, -405, -366, 222, 163, -385, -507, 97, -117, -214, -268, -283, 
-34, -414, -380, 224, 173, -397, -502, 107, -117, -209, -268, -297, 
-34, -429, -395, 231, 180, -412, -502, 122, -102, -209, -268, -297, 
-34, -439, -405, 236, 185, -422, -483, 146, -87, -200, -268, -297, 
-39, -444, -405, 241, 183, -424, -478, 161, -78, -204, -273, -292, 
-29, -453, -424, 241, 197, -439, -473, 161, -63, -204, -273, -297, 
-34, -444, -409, 239, 187, -427, -463, 165, -58, -204, -273, -302, 
-34, -444, -409, 239, 187, -427, -463, 165, -58, -204, -273, -307, 
-34, -444, -409, 239, 187, -427, -463, 161, -53, -204, -273, -307, 
-24, -439, -414, 231, 195, -427, -463, 156, -48, -204, -273, -307, 
-14, -444, -429, 229, 207, -436, -473, 156, -39, -195, -263, -307, 
-14, -444, -429, 229, 207, -436, -468, 161, -39, -185, -263, -307, 
-14, -444, -429, 229, 207, -436, -468, 161, -39, -180, -258, -302, 
-14, -448, -434, 231, 209, -441, -463, 165, -34, -180, -258, -302, 
-24, -458, -434, 241, 204, -446, -463, 170, -39, -190, -258, -302, 
-24, -453, -429, 239, 202, -441, -463, 175, -39, -190, -263, -302, 
-19, -453, -434, 236, 207, -444, -463, 175, -34, -190, -263, -302, 
-19, -453, -434, 236, 207, -444, -463, 175, -29, -190, -263, -302, 
-19, -444, -424, 231, 202, -434, -453, 165, -29, -185, -273, -312, 
-19, -444, -424, 231, 202, -434, -458, 165, -29, -185, -273, -312, 
-19, -444, -424, 231, 202, -434, -458, 165, -29, -185, -268, -307, 
-14, -444, -429, 229, 207, -436, -458, 165, -29, -185, -268, -307, 
-24, -439, -414, 231, 195, -427, -458, 170, -24, -180, -268, -307, 
-24, -439, -414, 231, 195, -427, -458, 170, -19, -180, -263, -307, 
-19, -439, -419, 229, 200, -429, -453, 175, -19, -175, -263, -307, 
-14, -439, -424, 226, 204, -431, -453, 180, -9, -175, -263, -307, 
-4, -434, -429, 219, 212, -431, -463, 180, 0, -175, -263, -292, 
-9, -434, -424, 222, 207, -429, -463, 180, -4, -175, -263, -292, 
-9, -434, -424, 222, 207, -429, -458, 180, -4, -175, -258, -292, 
-9, -434, -424, 222, 207, -429, -458, 180, 0, -170, -258, -292, 
0, -419, -419, 209, 209, -419, -458, 180, -9, -165, -253, -292, 
0, -414, -414, 207, 207, -414, -458, 180, -9, -165, -253, -292, 
4, -409, -414, 202, 209, -412, -458, 185, -4, -165, -248, -292, 
4, -409, -414, 202, 209, -412, -458, 185, -4, -161, -248, -292, 
-9, -424, -414, 217, 202, -419, -448, 185, 4, -151, -248, -278, 
-9, -424, -414, 217, 202, -419, -448, 185, 9, -151, -244, -278, 
-9, -424, -414, 217, 202, -419, -448, 185, 9, -151, -244, -278, 
-4, -424, -419, 214, 207, -422, -448, 190, 9, -146, -248, -278, 
-14, -424, -409, 219, 197, -417, -448, 180, 14, -146, -248, -287, 
-14, -424, -409, 219, 197, -417, -448, 180, 14, -146, -244, -287, 
-19, -419, -400, 219, 190, -409, -444, 180, 14, -146, -244, -287, 
-19, -414, -395, 217, 187, -405, -444, 180, 14, -141, -244, -287, 
-4, -414, -409, 209, 202, -412, -439, 190, 29, -141, -244, -292, 
0, -409, -409, 204, 204, -409, -439, 190, 29, -141, -239, -292, 
0, -409, -409, 204, 204, -409, -439, 190, 29, -141, -239, -292, 
-4, -409, -405, 207, 200, -407, -439, 190, 34, -141, -239, -292, 
-9, -405, -395, 207, 192, -400, -439, 190, 24, -146, -248, -287, 
-9, -405, -395, 207, 192, -400, -444, 190, 29, -146, -253, -287, 
-9, -405, -395, 207, 192, -400, -453, 195, 29, -141, -253, -287, 
-4, -405, -400, 204, 197, -402, -458, 195, 29, -136, -244, -287, 
4, -400, -405, 197, 204, -402, -453, 185, 29, -136, -253, -292, 
4, -400, -405, 197, 204, -402, -453, 185, 34, -136, -248, -292, 
4, -400, -405, 197, 204, -402, -453, 190, 39, -131, -248, -292, 
4, -395, -400, 195, 202, -397, -448, 190, 39, -131, -248, -292, 
4, -395, -400, 195, 202, -397, -439, 200, 43, -131, -239, -278, 
9, -395, -405, 192, 207, -400, -439, 200, 43, -131, -239, -278, 
14, -395, -409, 190, 212, -402, -444, 200, 43, -131, -239, -283, 
14, -395, -409, 190, 212, -402, -444, 200, 43, -126, -234, -283, 
14, -390, -405, 187, 209, -397, -453, 190, 48, -126, -244, -287, 
14, -385, -400, 185, 207, -392, -448, 190, 53, -122, -244, -287, 
14, -385, -400, 185, 207, -392, -444, 190, 53, -122, -244, -287, 
19, -385, -405, 183, 212, -395, -444, 190, 53, -122, -239, -283, 
19, -380, -400, 180, 209, -390, -444, 195, 68, -122, -224, -283, 
14, -375, -390, 180, 202, -383, -444, 195, 68, -117, -224, -283, 
9, -375, -385, 183, 197, -380, -444, 195, 68, -117, -224, -283, 
4, -375, -380, 185, 192, -378, -444, 195, 68, -117, -229, -283, 
-4, -385, -380, 195, 187, -383, -439, 200, 73, -107, -219, -273, 
9, -380, -390, 185, 200, -385, -444, 200, 73, -107, -224, -278, 
9, -380, -390, 185, 200, -385, -444, 204, 73, -102, -224, -278, 
9, -380, -390, 185, 200, -385, -444, 204, 73, -102, -224, -273, 
9, -370, -380, 180, 195, -375, -439, 204, 73, -97, -214, -263, 
14, -370, -385, 178, 200, -378, -439, 204, 78, -97, -209, -263, 
14, -366, -380, 175, 197, -373, -439, 204, 87, -87, -209, -258, 
14, -366, -380, 175, 197, -373, -439, 204, 92, -87, -204, -258, 
14, -356, -370, 170, 192, -363, -444, 204, 107, -87, -204, -258, 
14, -356, -370, 170, 192, -363, -444, 209, 107, -82, -200, -253, 
19, -356, -375, 168, 197, -366, -448, 209, 112, -78, -190, -253, 
24, -351, -375, 163, 200, -363, -448, 214, 117, -73, -190, -253, 
24, -361, -385, 168, 204, -373, -448, 209, 117, -68, -185, -253, 
24, -351, -375, 163, 200, -363, -448, 209, 122, -68, -185, -244, 
24, -346, -370, 161, 197, -358, -448, 209, 126, -63, -185, -244, 
34, -341, -375, 153, 204, -358, -448, 219, 131, -53, -185, -234, 
24, -346, -370, 161, 197, -358, -439, 214, 131, -48, -185, -234, 
24, -336, -361, 156, 192, -348, -439, 219, 141, -48, -175, -234, 
29, -336, -366, 153, 197, -351, -439, 219, 146, -43, -170, -234, 
29, -336, -366, 153, 197, -351, -439, 219, 151, -39, -165, -229, 
39, -326, -366, 143, 202, -346, -439, 224, 161, -24, -156, -224, 
39, -322, -361, 141, 200, -341, -439, 224, 165, -19, -151, -224, 
43, -322, -366, 139, 204, -344, -439, 224, 170, -19, -146, -219, 
48, -317, -366, 134, 207, -341, -439, 224, 175, -14, -141, -219, 
39, -302, -341, 131, 190, -322, -448, 229, 175, -14, -151, -204, 
43, -297, -341, 126, 192, -319, -448, 229, 175, -9, -146, -200, 
43, -297, -341, 126, 192, -319, -444, 234, 175, -4, -146, -195, 
39, -292, -331, 126, 185, -312, -444, 234, 185, 0, -146, -190, 
48, -287, -336, 119, 192, -312, -453, 234, 190, 0, -131, -195, 
53, -283, -336, 114, 195, -309, -453, 229, 195, 0, -122, -190, 
63, -278, -341, 107, 202, -309, -453, 224, 195, 4, -112, -190, 
68, -268, -336, 100, 202, -302, -463, 219, 195, 4, -112, -185, 
68, -268, -336, 100, 202, -302, -453, 219, 204, 19, -107, -175, 
68, -263, -331, 97, 200, -297, -463, 214, 204, 29, -102, -165, 
63, -258, -322, 97, 192, -290, -468, 214, 204, 34, -102, -156, 
58, -253, -312, 97, 185, -283, -468, 214, 204, 39, -97, -151, 
58, -258, -317, 100, 187, -287, -468, 219, 204, 29, -107, -156, 
63, -253, -317, 95, 190, -285, -478, 209, 200, 29, -107, -156, 
63, -253, -317, 95, 190, -285, -478, 209, 200, 29, -102, -151, 
63, -253, -317, 95, 190, -285, -478, 219, 200, 29, -97, -151, 
78, -248, -326, 85, 202, -287, -478, 214, 209, 29, -82, -146, 
78, -248, -326, 85, 202, -287, -478, 214, 214, 34, -82, -141, 
68, -244, -312, 87, 190, -278, -483, 219, 214, 39, -82, -136, 
68, -244, -312, 87, 190, -278, -483, 219, 214, 39, -82, -136, 
68, -229, -297, 80, 183, -263, -492, 209, 209, 48, -78, -136, 
73, -229, -302, 78, 187, -265, -492, 204, 204, 43, -78, -136, 
78, -229, -307, 75, 192, -268, -492, 200, 190, 43, -82, -131, 
82, -229, -312, 73, 197, -270, -502, 195, 185, 43, -82, -131, 
82, -239, -322, 78, 202, -280, -502, 195, 185, 29, -73, -131, 
82, -239, -322, 78, 202, -280, -502, 195, 185, 29, -73, -131, 
82, -239, -322, 78, 202, -280, -507, 190, 175, 29, -73, -131, 
82, -239, -322, 78, 202, -280, -507, 185, 175, 29, -73, -131, 
82, -239, -322, 78, 202, -280, -502, 195, 165, 34, -73, -126, 
78, -239, -317, 80, 197, -278, -502, 190, 161, 29, -73, -126, 
78, -239, -317, 80, 197, -278, -502, 190, 161, 29, -73, -126, 
78, -239, -317, 80, 197, -278, -502, 190, 161, 34, -73, -126, 
68, -239, -307, 85, 187, -273, -512, 170, 156, 24, -82, -141, 
63, -244, -307, 90, 185, -275, -512, 170, 151, 24, -87, -141, 
63, -244, -307, 90, 185, -275, -507, 165, 146, 19, -87, -141, 
58, -244, -302, 92, 180, -273, -507, 165, 141, 14, -92, -141, 
58, -248, -307, 95, 183, -278, -497, 151, 141, 4, -82, -146, 
58, -248, -307, 95, 183, -278, -497, 141, 136, 4, -87, -146, 
53, -248, -302, 97, 178, -275, -497, 136, 131, 0, -87, -141, 
53, -248, -302, 97, 178, -275, -502, 126, 126, -4, -92, -141, 
48, -253, -302, 102, 175, -278, -502, 131, 122, -9, -92, -146, 
39, -253, -292, 107, 165, -273, -497, 126, 122, -9, -92, -146, 
34, -258, -292, 112, 163, -275, -497, 122, 122, -9, -92, -146, 
34, -258, -292, 112, 163, -275, -497, 117, 122, -9, -92, -146, 
29, -253, -283, 112, 156, -268, -497, 107, 112, -14, -97, -146, 
19, -253, -273, 117, 146, -263, -497, 107, 107, -19, -102, -161, 
19, -258, -278, 119, 148, -268, -497, 97, 102, -24, -112, -161, 
19, -268, -287, 124, 153, -278, -497, 82, 102, -29, -117, -170, 
14, -283, -297, 134, 156, -290, -507, 82, 87, -39, -122, -175, 
14, -287, -302, 136, 158, -295, -507, 78, 82, -48, -126, -175, 
9, -292, -302, 141, 156, -297, -502, 78, 78, -58, -126, -185, 
9, -297, -307, 143, 158, -302, -502, 68, 73, -68, -126, -190, 
4, -292, -297, 143, 151, -295, -492, 68, 58, -63, -136, -195, 
0, -297, -297, 148, 148, -297, -492, 63, 53, -63, -146, -195, 
-4, -302, -297, 153, 146, -300, -488, 58, 53, -68, -151, -200, 
-19, -307, -287, 163, 134, -297, -488, 58, 48, -68, -156, -204, 
-14, -312, -297, 163, 141, -305, -492, 63, 48, -82, -161, -209, 
-19, -317, -297, 168, 139, -307, -488, 63, 43, -87, -165, -214, 
-19, -326, -307, 173, 143, -317, -478, 58, 39, -92, -170, -219, 
-29, -326, -297, 178, 134, -312, -478, 58, 34, -92, -180, -224, 
-29, -336, -307, 183, 139, -322, -478, 63, 24, -112, -180, -229, 
-29, -336, -307, 183, 139, -322, -468, 58, 14, -122, -185, -234, 
-29, -341, -312, 185, 141, -326, -468, 58, 14, -122, -190, -239, 
-34, -346, -312, 190, 139, -329, -478, 53, 9, -126, -195, -244, 
-34, -356, -322, 195, 143, -339, -478, 53, 4, -122, -185, -244, 
-34, -361, -326, 197, 146, -344, -473, 53, 4, -122, -185, -248, 
-43, -366, -322, 204, 139, -344, -473, 53, 0, -126, -190, -248, 
-43, -370, -326, 207, 141, -348, -473, 53, 0, -126, -195, -248, 
-48, -380, -331, 214, 141, -356, -478, 43, -9, -131, -209, -248, 
-48, -380, -331, 214, 141, -356, -478, 43, -9, -136, -209, -253, 
-48, -385, -336, 217, 143, -361, -478, 48, -14, -136, -209, -253, 
-53, -390, -336, 222, 141, -363, -473, 48, -19, -136, -214, -258, 
-48, -390, -341, 219, 146, -366, -478, 34, -19, -141, -214, -263, 
-48, -390, -341, 219, 146, -366, -478, 34, -19, -141, -214, -263, 
-53, -390, -336, 222, 141, -363, -478, 34, -19, -141, -214, -258, 
-53, -390, -336, 222, 141, -363, -478, 34, -19, -141, -214, -258, 
-43, -380, -336, 212, 146, -358, -488, 34, -19, -141, -219, -258, 
-43, -380, -336, 212, 146, -358, -483, 34, -19, -141, -219, -258, 
-43, -375, -331, 209, 143, -353, -483, 34, -19, -141, -219, -258, 
-39, -375, -336, 207, 148, -356, -483, 34, -19, -141, -219, -263, 
-48, -375, -326, 212, 139, -351, -473, 34, -9, -146, -219, -263, 
-48, -380, -331, 214, 141, -356, -473, 39, -9, -146, -219, -263, 
-48, -380, -331, 214, 141, -356, -473, 34, -14, -146, -219, -258, 
-48, -380, -331, 214, 141, -356, -473, 34, -14, -146, -214, -258, 
-58, -380, -322, 219, 131, -351, -483, 29, -24, -156, -214, -268, 
-58, -380, -322, 219, 131, -351, -483, 34, -24, -151, -214, -268, 
-58, -385, -326, 222, 134, -356, -478, 34, -19, -151, -214, -268, 
-58, -385, -326, 222, 134, -356, -478, 34, -19, -156, -214, -268, 
-68, -390, -322, 229, 126, -356, -483, 34, -14, -156, -219, -263, 
-68, -390, -322, 229, 126, -356, -483, 34, -14, -156, -219, -263, 
-68, -385, -317, 226, 124, -351, -483, 34, -14, -156, -214, -263, 
-68, -385, -317, 226, 124, -351, -483, 34, -14, -151, -214, -263, 
-63, -385, -322, 224, 129, -353, -473, 29, -14, -141, -204, -263, 
-63, -380, -317, 222, 126, -348, -473, 29, -14, -141, -209, -263, 
-63, -380, -317, 222, 126, -348, -468, 29, -14, -146, -209, -263, 
-58, -380, -322, 219, 131, -351, -468, 29, -14, -146, -209, -263, 
-58, -380, -322, 219, 131, -351, -463, 19, -14, -151, -219, -273, 
-53, -380, -326, 217, 136, -353, -463, 24, -14, -151, -214, -273, 
-53, -380, -326, 217, 136, -353, -468, 24, -14, -151, -214, -268, 
-53, -370, -317, 212, 131, -344, -468, 24, -14, -151, -214, -268, 
-63, -375, -312, 219, 124, -344, -468, 24, 0, -141, -214, -258, 
-63, -380, -317, 222, 126, -348, -468, 24, 0, -141, -214, -258, 
-63, -385, -322, 224, 129, -353, -468, 24, 0, -136, -214, -258, 
-63, -385, -322, 224, 129, -353, -468, 24, 0, -136, -214, -258, 
-73, -390, -317, 231, 122, -353, -468, 24, 0, -136, -204, -258, 
-73, -380, -307, 226, 117, -344, -468, 24, 0, -141, -204, -258, 
-73, -380, -307, 226, 117, -344, -468, 24, 0, -141, -204, -258, 
-73, -380, -307, 226, 117, -344, -468, 24, 0, -136, -204, -258, 
-73, -385, -312, 229, 119, -348, -468, 14, 0, -146, -204, -258, 
-73, -385, -312, 229, 119, -348, -468, 14, 0, -146, -204, -258, 
-73, -385, -312, 229, 119, -348, -468, 14, 0, -146, -204, -258, 
-73, -375, -302, 224, 114, -339, -468, 9, 0, -146, -204, -258, 
-63, -375, -312, 219, 124, -344, -478, 9, 0, -146, -204, -258, 
-63, -375, -312, 219, 124, -344, -478, 9, 4, -146, -200, -258, 
-63, -370, -307, 217, 122, -339, -478, 9, 4, -141, -200, -258, 
-63, -370, -307, 217, 122, -339, -478, 9, 4, -141, -200, -258, 
-73, -366, -292, 219, 109, -329, -478, 9, 4, -146, -200, -258, 
-73, -366, -292, 219, 109, -329, -478, 9, 4, -146, -200, -253, 
-73, -366, -292, 219, 109, -329, -478, 14, 4, -141, -200, -253, 
-73, -366, -292, 219, 109, -329, -478, 14, 9, -141, -200, -253, 
-73, -356, -283, 214, 104, -319, -478, 0, 14, -141, -200, -253, 
-73, -351, -278, 212, 102, -314, -478, 0, 14, -141, -200, -253, 
-73, -351, -278, 212, 102, -314, -478, 0, 14, -141, -200, -253, 
-73, -351, -278, 212, 102, -314, -478, -4, 14, -141, -200, -253, 
-73, -351, -278, 212, 102, -314, -468, 0, 4, -141, -200, -263, 
-73, -351, -278, 212, 102, -314, -468, -4, 4, -141, -200, -258, 
-73, -351, -278, 212, 102, -314, -468, -4, 4, -136, -190, -258, 
-73, -356, -283, 214, 104, -319, -468, 0, 4, -131, -190, -258, 
-73, -346, -273, 209, 100, -309, -468, 9, 4, -136, -190, -258, 
-68, -346, -278, 207, 104, -312, -473, 4, 4, -136, -190, -253, 
-68, -346, -278, 207, 104, -312, -473, 0, 0, -146, -195, -253, 
-68, -346, -278, 207, 104, -312, -473, -19, 0, -146, -195, -248, 
-73, -336, -263, 204, 95, -300, -488, -9, 0, -141, -195, -253, 
-73, -331, -258, 202, 92, -295, -488, -14, 0, -141, -195, -253, 
-68, -331, -263, 200, 97, -297, -488, -19, 0, -141, -195, -253, 
-68, -331, -263, 200, 97, -297, -483, -19, 0, -141, -195, -253, 
-78, -341, -263, 209, 92, -302, -483, -29, 0, -141, -195, -253, 
-78, -346, -268, 212, 95, -307, -483, -29, 0, -141, -195, -253, 
-78, -346, -268, 212, 95, -307, -483, -29, 0, -141, -195, -253, 
-78, -346, -268, 212, 95, -307, -478, -24, 0, -141, -195, -253, 
-78, -346, -268, 212, 95, -307, -468, -24, 0, -131, -195, -253, 
-73, -346, -273, 209, 100, -309, -468, -29, 0, -136, -195, -248, 
-73, -346, -273, 209, 100, -309, -468, -29, 0, -136, -195, -248, 
-73, -341, -268, 207, 97, -305, -463, -29, -4, -136, -200, -248, 
-82, -341, -258, 212, 87, -300, -473, -29, -4, -136, -190, -239, 
-82, -341, -258, 212, 87, -300, -473, -29, 0, -136, -190, -239, 
-82, -341, -258, 212, 87, -300, -473, -29, 0, -136, -190, -239, 
-82, -341, -258, 212, 87, -300, -473, -29, -4, -136, -190, -239, 
-68, -341, -273, 204, 102, -307, -483, -39, 4, -136, -190, -239, 
-68, -341, -273, 204, 102, -307, -488, -34, 0, -136, -190, -239, 
-68, -341, -273, 204, 102, -307, -488, -34, 0, -136, -190, -239, 
-68, -341, -273, 204, 102, -307, -492, -39, 4, -136, -190, -229, 
-68, -341, -273, 204, 102, -307, -492, -39, 4, -136, -180, -239, 
-68, -341, -273, 204, 102, -307, -492, -34, 4, -136, -180, -239, 
-63, -341, -278, 202, 107, -309, -492, -34, 4, -136, -180, -244, 
-63, -341, -278, 202, 107, -309, -492, -39, 4, -136, -180, -244, 
-78, -341, -263, 209, 92, -302, -497, -48, -4, -136, -180, -253, 
-78, -341, -263, 209, 92, -302, -497, -43, -4, -136, -180, -253, 
-78, -341, -263, 209, 92, -302, -497, -43, -4, -141, -180, -253, 
-78, -341, -263, 209, 92, -302, -497, -43, -9, -141, -180, -253, 
-87, -346, -258, 217, 85, -302, -492, -43, -9, -151, -190, -244, 
-87, -346, -258, 217, 85, -302, -488, -48, -9, -151, -190, -244, 
-87, -346, -258, 217, 85, -302, -483, -48, -9, -156, -190, -244, 
-87, -346, -258, 217, 85, -302, -478, -48, -9, -156, -190, -244, 
-78, -351, -273, 214, 97, -312, -478, -48, -9, -146, -190, -253, 
-78, -351, -273, 214, 97, -312, -478, -53, -9, -146, -195, -253, 
-78, -356, -278, 217, 100, -317, -478, -53, -9, -151, -195, -253, 
-78, -356, -278, 217, 100, -317, -478, -48, -14, -151, -190, -253, 
-78, -356, -278, 217, 100, -317, -488, -58, -14, -151, -200, -253, 
-78, -356, -278, 217, 100, -317, -488, -58, -14, -151, -200, -253, 
-78, -356, -278, 217, 100, -317, -488, -58, -9, -151, -200, -253, 
-92, -356, -263, 224, 85, -309, -488, -58, -9, -151, -200, -258, 
-87, -366, -278, 226, 95, -322, -478, -58, -9, -151, -190, -248, 
-87, -370, -283, 229, 97, -326, -478, -58, -9, -151, -195, -248, 
-87, -370, -283, 229, 97, -326, -478, -63, -9, -161, -195, -248, 
-82, -370, -287, 226, 102, -329, -478, -63, -14, -161, -195, -248, 
-73, -366, -292, 219, 109, -329, -488, -68, -19, -161, -195, -258, 
-78, -361, -283, 219, 102, -322, -488, -68, -19, -161, -195, -258, 
-82, -356, -273, 219, 95, -314, -488, -73, -24, -161, -195, -258, 
-87, -351, -263, 219, 87, -307, -488, -73, -24, -161, -195, -263, 
-78, -361, -283, 219, 102, -322, -492, -78, -24, -161, -204, -263, 
-78, -361, -283, 219, 102, -322, -488, -78, -24, -165, -209, -273, 
-97, -361, -263, 229, 82, -312, -488, -78, -24, -165, -209, -273, 
-97, -361, -263, 229, 82, -312, -488, -78, -24, -165, -209, -268, 
-97, -351, -253, 224, 78, -302, -488, -78, -29, -161, -200, -258, 
-92, -351, -258, 222, 82, -305, -488, -82, -29, -161, -200, -263, 
-78, -351, -273, 214, 97, -312, -492, -82, -29, -161, -200, -263, 
-78, -351, -273, 214, 97, -312, -492, -82, -29, -161, -200, -263, 
-82, -351, -268, 217, 92, -309, -492, -87, -19, -170, -200, -263, 
-82, -351, -268, 217, 92, -309, -492, -87, -19, -170, -200, -263, 
-87, -351, -263, 219, 87, -307, -492, -87, -19, -170, -200, -258, 
-87, -351, -263, 219, 87, -307, -492, -82, -14, -170, -195, -258, 
-87, -361, -273, 224, 92, -317, -492, -78, -24, -170, -195, -258, 
-87, -356, -268, 222, 90, -312, -492, -78, -24, -170, -200, -258, 
-87, -356, -268, 222, 90, -312, -492, -82, -29, -170, -200, -258, 
-87, -356, -268, 222, 90, -312, -492, -87, -29, -170, -200, -258, 
-102, -361, -258, 231, 78, -309, -483, -87, -29, -170, -200, -258, 
-102, -361, -258, 231, 78, -309, -483, -87, -29, -170, -200, -263, 
-102, -366, -263, 234, 80, -314, -478, -87, -29, -170, -200, -263, 
-102, -366, -263, 234, 80, -314, -478, -87, -29, -170, -200, -258, 
-102, -366, -263, 234, 80, -314, -468, -87, -29, -180, -204, -268, 
-102, -366, -263, 234, 80, -314, -468, -87, -29, -180, -204, -268, 
-97, -366, -268, 231, 85, -317, -468, -87, -29, -180, -204, -268, 
-97, -366, -268, 231, 85, -317, -468, -92, -29, -180, -200, -273, 
-107, -366, -258, 236, 75, -312, -478, -102, -29, -180, -209, -263, 
-107, -361, -253, 234, 73, -307, -483, -102, -34, -180, -209, -263, 
-107, -361, -253, 234, 73, -307, -483, -102, -34, -180, -209, -263, 
-107, -361, -253, 234, 73, -307, -483, -102, -34, -180, -209, -263, 
-107, -361, -253, 234, 73, -307, -492, -107, -34, -180, -219, -278, 
-107, -361, -253, 234, 73, -307, -492, -107, -34, -180, -219, -283, 
-107, -361, -253, 234, 73, -307, -492, -107, -34, -180, -214, -283, 
-107, -361, -253, 234, 73, -307, -492, -112, -34, -180, -214, -283, 
-97, -361, -263, 229, 82, -312, -492, -112, -34, -190, -204, -283, 
-97, -361, -263, 229, 82, -312, -492, -112, -34, -185, -209, -273, 
-97, -361, -263, 229, 82, -312, -492, -107, -34, -185, -209, -273, 
-97, -361, -263, 229, 82, -312, -492, -107, -34, -190, -209, -278, 
-117, -351, -234, 234, 58, -292, -483, -117, -34, -200, -214, -283, 
-112, -351, -239, 231, 63, -295, -483, -117, -34, -200, -214, -283, 
-102, -351, -248, 226, 73, -300, -483, -117, -34, -200, -214, -287, 
-97, -351, -253, 224, 78, -302, -478, -117, -34, -200, -219, -287, 
-102, -361, -258, 231, 78, -309, -473, -117, -34, -190, -219, -278, 
-107, -361, -253, 234, 73, -307, -473, -117, -34, -195, -219, -278, 
-107, -361, -253, 234, 73, -307, -473, -117, -34, -195, -219, -283, 
-112, -361, -248, 236, 68, -305, -473, -117, -34, -195, -219, -283, 
-122, -361, -239, 241, 58, -300, -483, -117, -34, -185, -214, -278, 
-122, -361, -239, 241, 58, -300, -483, -117, -34, -185, -214, -278, 
-107, -361, -253, 234, 73, -307, -483, -117, -29, -185, -209, -283, 
-107, -361, -253, 234, 73, -307, -483, -122, -29, -185, -209, -283, 
-107, -351, -244, 229, 68, -297, -483, -117, -24, -185, -209, -278, 
-107, -351, -244, 229, 68, -297, -483, -117, -29, -185, -209, -278, 
-107, -351, -244, 229, 68, -297, -483, -117, -24, -185, -209, -278, 
-107, -351, -244, 229, 68, -297, -483, -117, -14, -185, -209, -273, 
-97, -361, -263, 229, 82, -312, -483, -117, -24, -175, -209, -273, 
-97, -361, -263, 229, 82, -312, -483, -112, -19, -175, -209, -268, 
-97, -361, -263, 229, 82, -312, -483, -112, -19, -175, -209, -268, 
-97, -361, -263, 229, 82, -312, -483, -112, -19, -170, -209, -268, 
-107, -370, -263, 239, 78, -317, -473, -117, -29, -180, -219, -278, 
-107, -366, -258, 236, 75, -312, -473, -122, -29, -180, -219, -278, 
-107, -366, -258, 236, 75, -312, -473, -126, -29, -180, -214, -278, 
-107, -366, -258, 236, 75, -312, -473, -131, -29, -180, -214, -278, 
-117, -361, -244, 239, 63, -302, -473, -136, -34, -195, -224, -278, 
-117, -361, -244, 239, 63, -302, -473, -136, -34, -195, -219, -278, 
-117, -361, -244, 239, 63, -302, -473, -136, -29, -195, -209, -278, 
-117, -361, -244, 239, 63, -302, -473, -136, -29, -190, -209, -273, 
-126, -370, -244, 248, 58, -307, -473, -136, -29, -190, -204, -283, 
-117, -361, -244, 239, 63, -302, -473, -136, -29, -190, -209, -283, 
-107, -366, -258, 236, 75, -312, -478, -136, -19, -195, -209, -283, 
-117, -370, -253, 244, 68, -312, -478, -136, -29, -195, -214, -273, 
-117, -370, -253, 244, 68, -312, -478, -146, -29, -195, -214, -273, 
-117, -370, -253, 244, 68, -312, -478, -146, -29, -195, -214, -273, 
-117, -370, -253, 244, 68, -312, -478, -146, -29, -195, -214, -273, 
-117, -370, -253, 244, 68, -312, -478, -146, -29, -195, -214, -273, 
-117, -370, -253, 244, 68, -312, -468, -146, -29, -195, -204, -273, 
-117, -370, -253, 244, 68, -312, -468, -146, -29, -195, -204, -273, 
-117, -370, -253, 244, 68, -312, -468, -146, -29, -195, -204, -273, 
-117, -370, -253, 244, 68, -312, -468, -146, -29, -195, -204, -273, 
-117, -356, -239, 236, 61, -297, -478, -156, -24, -185, -204, -273, 
-117, -351, -234, 234, 58, -292, -478, -156, -19, -185, -204, -273, 
-117, -346, -229, 231, 56, -287, -478, -156, -14, -185, -204, -273, 
-117, -341, -224, 229, 53, -283, -478, -156, -9, -185, -204, -273, 
-117, -341, -224, 229, 53, -283, -478, -165, 0, -185, -204, -273, 
-117, -336, -219, 226, 51, -278, -478, -165, 0, -185, -204, -268, 
-117, -331, -214, 224, 48, -273, -478, -165, 0, -180, -200, -268, 
-117, -326, -209, 222, 46, -268, -478, -161, 4, -175, -195, -263, 
-117, -317, -200, 217, 41, -258, -468, -170, 9, -165, -185, -253, 
-112, -312, -200, 212, 43, -256, -468, -170, 9, -161, -185, -244, 
-112, -307, -195, 209, 41, -251, -468, -170, 9, -161, -185, -253, 
-112, -307, -195, 209, 41, -251, -468, -180, 4, -165, -185, -253, 
-112, -317, -204, 214, 46, -261, -473, -180, 14, -165, -175, -244, 
-112, -322, -209, 217, 48, -265, -473, -180, 14, -165, -175, -248, 
-112, -322, -209, 217, 48, -265, -468, -180, 14, -165, -175, -248, 
-112, -322, -209, 217, 48, -265, -468, -180, 14, -170, -175, -248, 
-112, -312, -200, 212, 43, -256, -478, -185, 14, -180, -185, -258, 
-112, -312, -200, 212, 43, -256, -478, -185, 19, -175, -185, -258, 
-112, -302, -190, 207, 39, -246, -478, -190, 29, -165, -175, -248, 
-112, -287, -175, 200, 31, -231, -478, -195, 34, -161, -170, -239, 
-117, -278, -161, 197, 21, -219, -492, -204, 29, -146, -165, -234, 
-117, -268, -151, 192, 17, -209, -492, -204, 34, -136, -161, -229, 
-117, -253, -136, 185, 9, -195, -492, -209, 48, -126, -156, -224, 
-112, -239, -126, 175, 7, -183, -507, -219, 48, -117, -146, -219, 
-112, -224, -112, 168, 0, -168, -512, -224, 58, -117, -131, -219, 
-107, -219, -112, 163, 2, -165, -527, -229, 58, -117, -131, -219, 
-107, -219, -112, 163, 2, -165, -536, -229, 53, -122, -126, -214, 
-97, -219, -122, 158, 12, -170, -536, -229, 53, -122, -126, -214, 
-82, -224, -141, 153, 29, -183, -531, -224, 43, -136, -141, -229, 
-82, -239, -156, 161, 36, -197, -531, -219, 34, -141, -146, -234, 
-82, -263, -180, 173, 48, -222, -531, -219, 14, -151, -151, -234, 
-82, -273, -190, 178, 53, -231, -527, -219, 4, -161, -156, -239, 
-78, -273, -195, 175, 58, -234, -522, -214, 0, -165, -165, -244, 
-82, -283, -200, 183, 58, -241, -512, -214, -9, -170, -170, -253, 
-82, -283, -200, 183, 58, -241, -507, -214, -9, -175, -170, -253, 
-82, -287, -204, 185, 61, -246, -502, -209, -9, -175, -170, -253, 
-87, -297, -209, 192, 61, -253, -497, -200, 4, -165, -170, -239, 
-82, -302, -219, 192, 68, -261, -497, -200, 4, -165, -170, -234, 
-82, -307, -224, 195, 70, -265, -497, -200, 0, -165, -170, -234, 
-82, -307, -224, 195, 70, -265, -497, -204, 0, -165, -170, -234, 
-97, -312, -214, 204, 58, -263, -492, -204, 4, -165, -170, -244, 
-97, -312, -214, 204, 58, -263, -492, -200, 4, -161, -165, -244, 
-102, -317, -214, 209, 56, -265, -478, -200, 4, -161, -165, -244, 
-102, -317, -214, 209, 56, -265, -473, -195, 4, -161, -170, -248, 
-117, -312, -195, 214, 39, -253, -478, -204, 4, -161, -165, -248, 
-122, -322, -200, 222, 39, -261, -468, -204, 4, -165, -165, -263, 
-126, -326, -200, 226, 36, -263, -463, -209, 0, -170, -175, -268, 
-131, -336, -204, 234, 36, -270, -463, -214, -9, -180, -180, -273, 
-122, -346, -224, 234, 51, -285, -463, -214, -29, -195, -200, -278, 
-126, -361, -234, 244, 53, -297, -463, -214, -39, -209, -209, -287, 
-126, -370, -244, 248, 58, -307, -468, -209, -48, -219, -219, -292, 
-126, -380, -253, 253, 63, -317, -468, -209, -53, -229, -224, -292, 
-131, -380, -248, 256, 58, -314, -468, -219, -53, -219, -224, -307, 
-131, -380, -248, 256, 58, -314, -468, -219, -53, -219, -224, -312, 
-131, -380, -248, 256, 58, -314, -473, -219, -53, -224, -224, -312, 
-131, -380, -248, 256, 58, -314, -473, -219, -53, -224, -224, -312, 
-131, -370, -239, 251, 53, -305, -478, -219, -43, -224, -224, -302, 
-131, -370, -239, 251, 53, -305, -473, -209, -43, -224, -224, -302, 
-131, -370, -239, 251, 53, -305, -473, -209, -39, -224, -224, -307, 
-131, -375, -244, 253, 56, -309, -473, -209, -39, -224, -224, -307, 
-131, -385, -253, 258, 61, -319, -483, -209, -34, -224, -224, -302, 
-126, -385, -258, 256, 65, -322, -483, -209, -39, -219, -224, -302, 
-126, -385, -258, 256, 65, -322, -483, -204, -39, -219, -229, -302, 
-126, -385, -258, 256, 65, -322, -483, -204, -39, -219, -229, -302, 
-131, -385, -253, 258, 61, -319, -473, -214, -39, -229, -229, -317, 
-131, -385, -253, 258, 61, -319, -468, -214, -43, -234, -229, -317, 
-131, -390, -258, 261, 63, -324, -468, -214, -48, -239, -234, -317, 
-131, -390, -258, 261, 63, -324, -468, -209, -53, -239, -234, -317, 
-131, -395, -263, 263, 65, -329, -453, -209, -53, -234, -244, -317, 
-136, -405, -268, 270, 65, -336, -453, -209, -53, -234, -239, -317, 
-136, -409, -273, 273, 68, -341, -453, -209, -53, -234, -239, -317, 
-136, -414, -278, 275, 70, -346, -448, -204, -58, -239, -244, -322, 
-136, -405, -268, 270, 65, -336, -448, -214, -48, -244, -244, -322, 
-136, -405, -268, 270, 65, -336, -444, -214, -48, -244, -244, -322, 
-136, -405, -268, 270, 65, -336, -444, -214, -48, -239, -244, -322, 
-136, -405, -268, 270, 65, -336, -444, -214, -48, -239, -244, -322, 
-126, -405, -278, 265, 75, -341, -453, -209, -43, -239, -253, -331, 
-126, -405, -278, 265, 75, -341, -448, -209, -43, -239, -253, -331, 
-126, -405, -278, 265, 75, -341, -444, -214, -43, -239, -253, -331, 
-131, -405, -273, 268, 70, -339, -444, -214, -48, -239, -253, -326, 
-131, -395, -263, 263, 65, -329, -444, -214, -39, -234, -253, -326, 
-131, -395, -263, 263, 65, -329, -444, -214, -39, -234, -253, -326, 
-126, -395, -268, 261, 70, -331, -444, -214, -39, -234, -253, -331, 
-126, -395, -268, 261, 70, -331, -439, -209, -39, -234, -258, -336, 
-146, -395, -248, 270, 51, -322, -429, -204, -39, -239, -258, -331, 
-151, -405, -253, 278, 51, -329, -424, -200, -39, -239, -263, -331, 
-141, -414, -273, 278, 65, -344, -424, -195, -39, -239, -268, -341, 
-146, -424, -278, 285, 65, -351, -400, -170, -39, -258, -283, -361, 
-165, -473, -307, 319, 70, -390, -366, -141, -48, -283, -317, -400, 
-185, -507, -322, 346, 68, -414, -326, -107, -39, -326, -366, -458, 
-185, -527, -341, 356, 78, -434, -283, -68, -24, -361, -419, -512, 
-185, -556, -370, 370, 92, -463, -229, -14, 14, -370, -458, -566, 
-185, -566, -380, 375, 97, -473, -195, 39, 39, -370, -483, -600, 
-185, -546, -361, 366, 87, -453, -180, 58, 78, -351, -473, -590, 
-165, -492, -326, 329, 80, -409, -190, 58, 146, -297, -429, -546, 
-136, -429, -292, 283, 78, -361, -219, 48, 204, -214, -356, -483, 
-82, -346, -263, 214, 90, -305, -268, 24, 263, -126, -253, -385, 
-9, -239, -229, 124, 109, -234, -326, 9, 346, -4, -131, -268, 
68, -102, -170, 17, 119, -136, -390, 0, 478, 156, 14, -122, 
156, 39, -117, -97, 136, -39, -453, -4, 619, 341, 195, 34, 
244, 195, -48, -219, 146, 73, -561, -34, 746, 536, 409, 224, 
326, 375, 48, -351, 139, 212, -692, -122, 858, 751, 629, 439, 
375, 556, 180, -466, 97, 368, -819, -278, 902, 922, 844, 663, 
395, 702, 307, -549, 43, 505, -956, -463, 839, 1049, 1039, 873, 
395, 844, 448, -619, -26, 646, -1112, -697, 732, 1137, 1200, 1068, 
356, 971, 614, -663, -129, 793, -1254, -936, 668, 1224, 1356, 1229, 
302, 1000, 697, -651, -197, 849, -1317, -1068, 697, 1322, 1464, 1327, 
253, 936, 683, -595, -214, 810, -1307, -1117, 727, 1381, 1488, 1346, 
204, 805, 600, -505, -197, 702, -1263, -1107, 653, 1312, 1400, 1263, 
161, 644, 483, -402, -161, 563, -1205, -1068, 478, 1083, 1205, 1107, 
112, 512, 400, -312, -143, 456, -1146, -1015, 253, 790, 971, 922, 
48, 453, 405, -251, -178, 429, -1117, -995, 24, 468, 727, 722, 
-29, 351, 380, -161, -204, 366, -1073, -976, -214, 156, 488, 512, 
-122, 136, 258, -7, -190, 197, -971, -897, -444, -131, 219, 273, 
-180, -112, 68, 146, -124, -21, -824, -771, -595, -366, -39, 24, 
-209, -307, -97, 258, -56, -202, -707, -649, -692, -522, -229, -165, 
-224, -453, -229, 339, 2, -341, -619, -541, -712, -590, -336, -283, 
-229, -522, -292, 375, 31, -407, -570, -473, -683, -600, -380, -326, 
-229, -527, -297, 378, 34, -412, -570, -448, -639, -590, -395, -361, 
-229, -492, -263, 361, 17, -378, -600, -448, -585, -556, -375, -366, 
-234, -444, -209, 339, -12, -326, -614, -448, -507, -497, -351, -351, 
-234, -385, -151, 309, -41, -268, -605, -434, -424, -434, -307, -331, 
-219, -326, -107, 273, -56, -217, -600, -414, -317, -356, -263, -307, 
-190, -292, -102, 241, -43, -197, -585, -380, -214, -297, -224, -278, 
-161, -292, -131, 226, -14, -212, -556, -351, -151, -268, -224, -278, 
-161, -312, -151, 236, -4, -231, -531, -336, -107, -258, -224, -287, 
-146, -317, -170, 231, 12, -244, -507, -302, -73, -244, -224, -287, 
-131, -317, -185, 224, 26, -251, -492, -278, -48, -224, -214, -283, 
-131, -326, -195, 229, 31, -261, -483, -283, -48, -229, -229, -292, 
-126, -326, -200, 226, 36, -263, -478, -273, -48, -224, -229, -292, 
-122, -336, -214, 229, 46, -275, -463, -253, -39, -229, -219, -297, 
-112, -341, -229, 226, 58, -285, -444, -229, -34, -219, -219, -307, 
-122, -351, -229, 236, 53, -290, -424, -214, -19, -209, -229, -307, 
-126, -356, -229, 241, 51, -292, -429, -209, -19, -214, -244, -312, 
-126, -366, -239, 246, 56, -302, -424, -200, -4, -214, -244, -317, 
-131, -375, -244, 253, 56, -309, -424, -195, 9, -204, -234, -312, 
-131, -375, -244, 253, 56, -309, -424, -195, 9, -204, -234, -317, 
-131, -375, -244, 253, 56, -309, -424, -200, 14, -204, -234, -317, 
-122, -370, -248, 246, 63, -309, -424, -204, 19, -204, -234, -317, 
-122, -366, -244, 244, 61, -305, -434, -204, 29, -214, -234, -326, 
-122, -366, -244, 244, 61, -305, -429, -200, 29, -204, -234, -326, 
-122, -366, -244, 244, 61, -305, -429, -200, 29, -200, -229, -322, 
-122, -370, -248, 246, 63, -309, -424, -195, 34, -200, -229, -322, 
-122, -370, -248, 246, 63, -309, -414, -190, 39, -190, -229, -312, 
-122, -366, -244, 244, 61, -305, -414, -185, 39, -190, -234, -312, 
-117, -366, -248, 241, 65, -307, -414, -185, 43, -190, -234, -312, 
-117, -366, -248, 241, 65, -307, -414, -185, 48, -190, -234, -312, 
-126, -375, -248, 251, 61, -312, -414, -185, 48, -195, -234, -322, 
-126, -375, -248, 251, 61, -312, -419, -185, 48, -195, -234, -322, 
-126, -375, -248, 251, 61, -312, -419, -185, 48, -195, -229, -317, 
-122, -375, -253, 248, 65, -314, -419, -185, 48, -195, -229, -317, 
-112, -361, -248, 236, 68, -305, -429, -190, 43, -190, -239, -326, 
-112, -361, -248, 236, 68, -305, -429, -190, 48, -190, -234, -326, 
-107, -361, -253, 234, 73, -307, -424, -185, 48, -185, -234, -326, 
-102, -361, -258, 231, 78, -309, -424, -180, 58, -185, -234, -326, 
-112, -356, -244, 234, 65, -300, -434, -190, 68, -185, -224, -322, 
-117, -356, -239, 236, 61, -297, -434, -190, 63, -185, -224, -322, 
-117, -356, -239, 236, 61, -297, -429, -190, 63, -185, -219, -322, 
-117, -356, -239, 236, 61, -297, -429, -190, 68, -180, -219, -322, 
-107, -341, -234, 224, 63, -287, -439, -190, 78, -185, -224, -322, 
-107, -336, -229, 222, 61, -283, -439, -190, 78, -185, -224, -322, 
-102, -331, -229, 217, 63, -280, -439, -185, 82, -185, -219, -322, 
-102, -331, -229, 217, 63, -280, -439, -185, 82, -180, -219, -322, 
-117, -346, -229, 231, 56, -287, -434, -185, 73, -180, -219, -317, 
-117, -346, -229, 231, 56, -287, -429, -185, 78, -180, -214, -317, 
-117, -346, -229, 231, 56, -287, -424, -185, 78, -180, -214, -317, 
-112, -346, -234, 229, 61, -290, -419, -180, 78, -175, -219, -317, 
-102, -351, -248, 226, 73, -300, -414, -180, 82, -175, -219, -317, 
-102, -356, -253, 229, 75, -305, -409, -180, 82, -175, -214, -317, 
-107, -356, -248, 231, 70, -302, -400, -180, 82, -175, -214, -317, 
-107, -356, -248, 231, 70, -302, -395, -180, 82, -170, -214, -317, 
-107, -356, -248, 231, 70, -302, -400, -180, 87, -170, -214, -312, 
-107, -351, -244, 229, 68, -297, -400, -180, 87, -170, -209, -312, 
-112, -351, -239, 231, 63, -295, -400, -180, 87, -170, -209, -312, 
-122, -351, -229, 236, 53, -290, -400, -180, 92, -170, -209, -312, 
-112, -336, -224, 224, 56, -280, -405, -180, 92, -165, -209, -297, 
-107, -336, -229, 222, 61, -283, -405, -180, 97, -165, -214, -297, 
-102, -336, -234, 219, 65, -285, -409, -175, 97, -161, -214, -297, 
-92, -336, -244, 214, 75, -290, -409, -175, 97, -156, -204, -297, 
-102, -341, -239, 222, 68, -290, -414, -175, 107, -156, -204, -292, 
-102, -341, -239, 222, 68, -290, -414, -175, 112, -156, -200, -292, 
-102, -341, -239, 222, 68, -290, -414, -170, 117, -151, -200, -292, 
-102, -336, -234, 219, 65, -285, -409, -170, 117, -151, -200, -292, 
-112, -336, -224, 224, 56, -280, -409, -180, 112, -151, -209, -297, 
-107, -336, -229, 222, 61, -283, -409, -180, 112, -151, -209, -297, 
-102, -336, -234, 219, 65, -285, -414, -180, 112, -151, -209, -302, 
-102, -336, -234, 219, 65, -285, -414, -180, 112, -146, -204, -302, 
-102, -341, -239, 222, 68, -290, -414, -180, 117, -146, -195, -297, 
-102, -336, -234, 219, 65, -285, -409, -180, 122, -141, -195, -297, 
-102, -336, -234, 219, 65, -285, -405, -180, 122, -141, -195, -297, 
-97, -336, -239, 217, 70, -287, -405, -180, 122, -141, -190, -292, 
-92, -322, -229, 207, 68, -275, -414, -175, 131, -131, -185, -283, 
-92, -317, -224, 204, 65, -270, -414, -175, 136, -126, -185, -283, 
-92, -317, -224, 204, 65, -270, -414, -175, 141, -126, -185, -283, 
-92, -317, -224, 204, 65, -270, -414, -175, 146, -126, -190, -283, 
-92, -317, -224, 204, 65, -270, -419, -170, 151, -117, -180, -283, 
-78, -312, -234, 195, 78, -273, -424, -170, 151, -117, -185, -287, 
-78, -312, -234, 195, 78, -273, -424, -165, 151, -112, -185, -287, 
-78, -312, -234, 195, 78, -273, -424, -165, 151, -112, -185, -283, 
-87, -302, -214, 195, 63, -258, -419, -165, 151, -117, -185, -283, 
-82, -302, -219, 192, 68, -261, -419, -165, 156, -117, -180, -283, 
-82, -297, -214, 190, 65, -256, -419, -165, 165, -107, -180, -278, 
-82, -297, -214, 190, 65, -256, -419, -165, 170, -107, -175, -278, 
-82, -297, -214, 190, 65, -256, -424, -165, 175, -107, -185, -278, 
-82, -297, -214, 190, 65, -256, -424, -161, 175, -102, -180, -273, 
-78, -297, -219, 187, 70, -258, -429, -161, 180, -97, -170, -273, 
-73, -292, -219, 183, 73, -256, -429, -156, 185, -92, -170, -273, 
-73, -292, -219, 183, 73, -256, -429, -161, 175, -97, -165, -283, 
-73, -283, -209, 178, 68, -246, -429, -161, 180, -97, -165, -273, 
-73, -278, -204, 175, 65, -241, -429, -161, 185, -92, -165, -273, 
-63, -273, -209, 168, 73, -241, -429, -151, 190, -82, -165, -263, 
-73, -278, -204, 175, 65, -241, -419, -156, 190, -78, -165, -253, 
-73, -268, -195, 170, 61, -231, -419, -151, 200, -78, -156, -253, 
-68, -268, -200, 168, 65, -234, -419, -151, 204, -73, -151, -253, 
-68, -268, -200, 168, 65, -234, -419, -151, 209, -68, -146, -248, 
-68, -268, -200, 168, 65, -234, -429, -146, 200, -73, -156, -253, 
-68, -263, -195, 165, 63, -229, -429, -146, 204, -68, -151, -253, 
-63, -263, -200, 163, 68, -231, -429, -146, 209, -68, -146, -248, 
-58, -258, -200, 158, 70, -229, -429, -146, 214, -63, -141, -248, 
-48, -253, -204, 151, 78, -229, -434, -151, 224, -53, -131, -244, 
-43, -248, -204, 146, 80, -226, -439, -151, 224, -48, -126, -239, 
-43, -248, -204, 146, 80, -226, -439, -146, 224, -43, -126, -234, 
-48, -244, -195, 146, 73, -219, -444, -146, 234, -39, -126, -229, 
-39, -229, -190, 134, 75, -209, -444, -141, 239, -29, -112, -214, 
-34, -224, -190, 129, 78, -207, -444, -141, 244, -29, -102, -209, 
-24, -219, -195, 122, 85, -207, -444, -141, 244, -24, -92, -209, 
-19, -209, -190, 114, 85, -200, -453, -141, 244, -24, -92, -204, 
-14, -209, -195, 112, 90, -202, -444, -141, 244, -34, -92, -209, 
-9, -204, -195, 107, 92, -200, -453, -146, 244, -29, -92, -204, 
-9, -200, -190, 104, 90, -195, -458, -146, 244, -29, -97, -200, 
-9, -195, -185, 102, 87, -190, -458, -146, 244, -29, -97, -200, 
-9, -200, -190, 104, 90, -195, -458, -146, 244, -19, -87, -204, 
-4, -195, -190, 100, 92, -192, -468, -151, 239, -19, -87, -204, 
-4, -195, -190, 100, 92, -192, -468, -146, 239, -19, -82, -200, 
-4, -195, -190, 100, 92, -192, -468, -131, 239, -19, -78, -200, 
-9, -190, -180, 100, 85, -185, -458, -141, 239, -19, -78, -204, 
-9, -190, -180, 100, 85, -185, -458, -146, 244, -14, -82, -200, 
-19, -185, -165, 102, 73, -175, -463, -146, 244, -9, -87, -195, 
-19, -185, -165, 102, 73, -175, -463, -151, 244, -9, -92, -195, 
-9, -180, -170, 95, 80, -175, -473, -151, 244, -19, -78, -185, 
-4, -180, -175, 92, 85, -178, -473, -156, 244, -24, -78, -185, 
0, -180, -180, 90, 90, -180, -473, -161, 234, -24, -82, -180, 
4, -180, -185, 87, 95, -183, -483, -165, 234, -24, -82, -180, 
0, -190, -190, 95, 95, -190, -473, -165, 224, -19, -82, -180, 
-4, -190, -185, 97, 90, -187, -473, -165, 224, -19, -82, -180, 
-9, -190, -180, 100, 85, -185, -478, -170, 214, -19, -82, -180, 
-14, -190, -175, 102, 80, -183, -478, -175, 214, -19, -82, -180, 
-14, -190, -175, 102, 80, -183, -473, -175, 204, -24, -73, -175, 
-19, -190, -170, 104, 75, -180, -473, -180, 200, -29, -73, -175, 
-19, -190, -170, 104, 75, -180, -473, -180, 200, -29, -73, -175, 
-19, -190, -170, 104, 75, -180, -473, -180, 200, -24, -73, -175, 
-19, -190, -170, 104, 75, -180, -473, -190, 204, -34, -73, -180, 
-24, -195, -170, 109, 73, -183, -473, -190, 200, -34, -78, -180, 
-24, -195, -170, 109, 73, -183, -468, -195, 195, -39, -78, -180, 
-29, -195, -165, 112, 68, -180, -468, -195, 190, -43, -82, -180, 
-29, -200, -170, 114, 70, -185, -473, -209, 190, -53, -92, -190, 
-29, -200, -170, 114, 70, -185, -478, -219, 185, -53, -97, -195, 
-34, -200, -165, 117, 65, -183, -483, -224, 180, -58, -97, -195, 
-34, -200, -165, 117, 65, -183, -492, -234, 175, -63, -102, -200, 
-29, -214, -185, 122, 78, -200, -483, -229, 180, -58, -102, -204, 
-39, -214, -175, 126, 68, -195, -478, -234, 180, -58, -102, -204, 
-43, -219, -175, 131, 65, -197, -478, -239, 180, -58, -102, -204, 
-43, -219, -175, 131, 65, -197, -478, -244, 180, -58, -102, -204, 
-48, -224, -175, 136, 63, -200, -468, -253, 180, -53, -97, -200, 
-58, -224, -165, 141, 53, -195, -468, -253, 175, -58, -102, -209, 
-58, -229, -170, 143, 56, -200, -468, -263, 170, -63, -112, -204, 
-58, -239, -180, 148, 61, -209, -468, -278, 170, -68, -117, -209, 
-63, -244, -180, 153, 58, -212, -468, -268, 165, -82, -122, -204, 
-63, -248, -185, 156, 61, -217, -468, -273, 161, -87, -126, -204, 
-68, -253, -185, 161, 58, -219, -463, -273, 156, -92, -126, -214, 
-68, -258, -190, 163, 61, -224, -463, -283, 151, -97, -126, -219, 
-82, -263, -180, 173, 48, -222, -453, -283, 141, -112, -141, -229, 
-87, -268, -180, 178, 46, -224, -453, -287, 131, -112, -146, -234, 
-92, -273, -180, 183, 43, -226, -448, -292, 126, -117, -146, -244, 
-107, -278, -170, 192, 31, -224, -448, -292, 117, -117, -146, -253, 
-102, -283, -180, 192, 39, -231, -453, -297, 126, -112, -161, -248, 
-107, -287, -180, 197, 36, -234, -448, -297, 122, -117, -165, -253, 
-107, -297, -190, 202, 41, -244, -439, -302, 117, -122, -170, -258, 
-117, -297, -180, 207, 31, -239, -439, -302, 112, -122, -180, -263, 
-117, -297, -180, 207, 31, -239, -439, -307, 112, -141, -185, -268, 
-117, -297, -180, 207, 31, -239, -429, -312, 102, -151, -185, -273, 
-117, -302, -185, 209, 34, -244, -429, -312, 102, -151, -185, -278, 
-122, -307, -185, 214, 31, -246, -439, -317, 97, -156, -185, -283, 
-122, -307, -185, 214, 31, -246, -429, -317, 92, -151, -185, -283, 
-122, -312, -190, 217, 34, -251, -424, -317, 92, -151, -185, -287, 
-131, -317, -185, 224, 26, -251, -424, -317, 87, -156, -190, -287, 
-131, -322, -190, 226, 29, -256, -424, -317, 87, -156, -195, -287, 
-117, -322, -204, 219, 43, -263, -429, -317, 87, -161, -209, -287, 
-117, -322, -204, 219, 43, -263, -429, -317, 87, -165, -209, -292, 
-117, -326, -209, 222, 46, -268, -429, -312, 82, -165, -209, -292, 
-122, -331, -209, 226, 43, -270, -424, -312, 78, -165, -214, -297, 
-136, -322, -185, 229, 24, -253, -419, -326, 78, -170, -214, -302, 
-136, -322, -185, 229, 24, -253, -419, -326, 78, -170, -214, -302, 
-141, -322, -180, 231, 19, -251, -419, -326, 78, -170, -214, -297, 
-141, -322, -180, 231, 19, -251, -419, -326, 78, -170, -214, -297, 
-141, -326, -185, 234, 21, -256, -409, -317, 78, -180, -219, -307, 
-141, -331, -190, 236, 24, -261, -405, -317, 78, -180, -219, -307, 
-141, -331, -190, 236, 24, -261, -405, -317, 78, -180, -219, -307, 
-136, -336, -200, 236, 31, -268, -405, -317, 78, -180, -219, -312, 
-136, -336, -200, 236, 31, -268, -405, -312, 68, -175, -229, -322, 
-136, -341, -204, 239, 34, -273, -405, -312, 68, -175, -229, -322, 
-136, -341, -204, 239, 34, -273, -405, -322, 63, -175, -229, -317, 
-136, -341, -204, 239, 34, -273, -405, -326, 63, -175, -224, -317, 
-136, -351, -214, 244, 39, -283, -405, -336, 73, -175, -214, -317, 
-136, -351, -214, 244, 39, -283, -405, -326, 73, -170, -214, -317, 
-136, -356, -219, 246, 41, -287, -400, -322, 78, -170, -214, -317, 
-136, -356, -219, 246, 41, -287, -400, -317, 78, -175, -214, -317, 
-146, -361, -214, 253, 34, -287, -395, -326, 82, -175, -219, -312, 
-146, -361, -214, 253, 34, -287, -395, -326, 82, -175, -219, -312, 
-146, -356, -209, 251, 31, -283, -395, -326, 82, -175, -214, -312, 
-146, -356, -209, 251, 31, -283, -395, -326, 82, -170, -214, -312, 
-141, -366, -224, 253, 41, -295, -395, -322, 82, -170, -214, -312, 
-141, -361, -219, 251, 39, -290, -395, -322, 82, -170, -219, -312, 
-141, -361, -219, 251, 39, -290, -390, -322, 82, -175, -219, -312, 
-136, -361, -224, 248, 43, -292, -390, -322, 82, -175, -219, -312, 
-146, -361, -214, 253, 34, -287, -385, -331, 82, -170, -219, -312, 
-141, -361, -219, 251, 39, -290, -385, -326, 82, -170, -214, -312, 
-141, -361, -219, 251, 39, -290, -390, -326, 82, -170, -214, -307, 
-141, -351, -209, 246, 34, -280, -390, -326, 82, -170, -214, -307, 
-141, -351, -209, 246, 34, -280, -380, -326, 97, -161, -214, -297, 
-141, -351, -209, 246, 34, -280, -380, -326, 97, -161, -214, -297, 
-141, -351, -209, 246, 34, -280, -380, -326, 97, -156, -214, -297, 
-141, -346, -204, 244, 31, -275, -380, -326, 97, -156, -214, -297, 
-141, -346, -204, 244, 31, -275, -390, -326, 97, -165, -214, -297, 
-141, -341, -200, 241, 29, -270, -390, -326, 97, -170, -214, -297, 
-141, -346, -204, 244, 31, -275, -390, -326, 97, -170, -214, -297, 
-141, -351, -209, 246, 34, -280, -390, -326, 97, -165, -214, -297, 
-131, -346, -214, 239, 41, -280, -390, -326, 97, -165, -204, -307, 
-131, -346, -214, 239, 41, -280, -390, -326, 97, -165, -204, -307, 
-131, -346, -214, 239, 41, -280, -390, -326, 97, -165, -204, -307, 
-131, -336, -204, 234, 36, -270, -390, -331, 97, -165, -204, -307, 
-131, -326, -195, 229, 31, -261, -390, -322, 97, -175, -214, -297, 
-131, -326, -195, 229, 31, -261, -390, -322, 102, -175, -209, -297, 
-131, -322, -190, 226, 29, -256, -390, -322, 102, -170, -209, -297, 
-131, -322, -190, 226, 29, -256, -390, -322, 102, -170, -209, -297, 
-131, -326, -195, 229, 31, -261, -380, -331, 102, -165, -200, -297, 
-131, -326, -195, 229, 31, -261, -380, -331, 102, -165, -200, -292, 
-131, -326, -195, 229, 31, -261, -380, -326, 102, -161, -200, -292, 
-131, -326, -195, 229, 31, -261, -380, -326, 107, -161, -200, -292, 
-141, -336, -195, 239, 26, -265, -390, -331, 102, -161, -200, -292, 
-141, -331, -190, 236, 24, -261, -390, -331, 102, -161, -200, -292, 
-141, -331, -190, 236, 24, -261, -390, -331, 102, -161, -200, -292, 
-141, -331, -190, 236, 24, -261, -390, -336, 102, -161, -200, -292, 
-131, -326, -195, 229, 31, -261, -390, -331, 102, -170, -200, -292, 
-131, -322, -190, 226, 29, -256, -390, -336, 102, -170, -200, -287, 
-131, -317, -185, 224, 26, -251, -390, -336, 102, -165, -190, -287, 
-131, -317, -185, 224, 26, -251, -390, -331, 102, -161, -190, -287, 
-131, -326, -195, 229, 31, -261, -385, -326, 102, -156, -200, -292, 
-126, -326, -200, 226, 36, -263, -385, -326, 102, -156, -200, -292, 
-126, -326, -200, 226, 36, -263, -380, -326, 97, -165, -204, -297, 
-126, -326, -200, 226, 36, -263, -375, -341, 97, -165, -204, -297, 
-141, -326, -185, 234, 21, -256, -380, -331, 97, -161, -195, -292, 
-141, -322, -180, 231, 19, -251, -380, -336, 97, -161, -195, -292, 
-136, -322, -185, 229, 24, -253, -380, -341, 97, -161, -195, -292, 
-136, -322, -185, 229, 24, -253, -375, -341, 97, -161, -195, -292, 
-136, -312, -175, 224, 19, -244, -385, -341, 97, -161, -195, -292, 
-136, -317, -180, 226, 21, -248, -385, -341, 97, -161, -195, -292, 
-136, -317, -180, 226, 21, -248, -385, -341, 97, -161, -195, -292, 
-136, -317, -180, 226, 21, -248, -380, -336, 97, -161, -195, -292, 
-136, -317, -180, 226, 21, -248, -380, -346, 97, -161, -195, -292, 
-131, -317, -185, 224, 26, -251, -380, -351, 97, -165, -195, -287, 
-131, -317, -185, 224, 26, -251, -380, -351, 97, -165, -195, -287, 
-131, -312, -180, 222, 24, -246, -375, -351, 92, -165, -200, -287, 
-131, -317, -185, 224, 26, -251, -375, -351, 92, -165, -200, -287, 
-131, -322, -190, 226, 29, -256, -375, -351, 97, -165, -200, -287, 
-131, -326, -195, 229, 31, -261, -375, -351, 97, -165, -200, -287, 
-131, -331, -200, 231, 34, -265, -375, -351, 92, -165, -200, -287, 
-136, -331, -195, 234, 29, -263, -375, -351, 92, -165, -200, -297, 
-136, -331, -195, 234, 29, -263, -380, -346, 87, -165, -200, -297, 
-136, -331, -195, 234, 29, -263, -380, -346, 87, -165, -200, -297, 
-136, -331, -195, 234, 29, -263, -385, -351, 92, -165, -200, -287, 
-136, -322, -185, 229, 24, -253, -375, -351, 92, -175, -200, -287, 
-136, -322, -185, 229, 24, -253, -375, -346, 92, -175, -200, -287, 
-131, -322, -190, 226, 29, -256, -375, -346, 92, -175, -200, -292, 
-131, -322, -190, 226, 29, -256, -375, -351, 92, -175, -200, -292, 
-146, -322, -175, 234, 14, -248, -380, -351, 82, -175, -209, -302, 
-146, -322, -175, 234, 14, -248, -380, -346, 82, -175, -209, -302, 
-146, -322, -175, 234, 14, -248, -380, -346, 82, -180, -209, -302, 
-146, -322, -175, 234, 14, -248, -380, -346, 78, -180, -209, -302, 
-136, -331, -195, 234, 29, -263, -380, -346, 87, -180, -209, -302, 
-136, -336, -200, 236, 31, -268, -380, -351, 87, -180, -209, -302, 
-136, -341, -204, 239, 34, -273, -380, -351, 87, -185, -209, -302, 
-136, -346, -209, 241, 36, -278, -380, -351, 87, -185, -209, -302, 
-136, -331, -195, 234, 29, -263, -380, -351, 87, -175, -200, -292, 
-136, -331, -195, 234, 29, -263, -380, -356, 87, -175, -204, -292, 
-136, -336, -200, 236, 31, -268, -380, -356, 87, -180, -204, -292, 
-136, -336, -200, 236, 31, -268, -380, -351, 82, -180, -200, -292, 
-136, -336, -200, 236, 31, -268, -380, -351, 82, -180, -209, -292, 
-136, -336, -200, 236, 31, -268, -380, -351, 82, -180, -209, -292, 
-136, -336, -200, 236, 31, -268, -380, -351, 87, -180, -209, -292, 
-151, -336, -185, 244, 17, -261, -380, -351, 87, -180, -209, -297, 
-146, -336, -190, 241, 21, -263, -380, -351, 78, -180, -209, -297, 
-146, -341, -195, 244, 24, -268, -380, -351, 78, -180, -214, -297, 
-146, -341, -195, 244, 24, -268, -380, -356, 78, -190, -214, -297, 
-141, -341, -200, 241, 29, -270, -380, -356, 73, -190, -214, -297, 
-136, -341, -204, 239, 34, -273, -380, -351, 68, -200, -214, -307, 
-136, -341, -204, 239, 34, -273, -380, -351, 68, -200, -214, -307, 
-136, -341, -204, 239, 34, -273, -380, -356, 63, -200, -214, -307, 
-136, -341, -204, 239, 34, -273, -380, -356, 63, -200, -214, -312, 
-136, -351, -214, 244, 39, -283, -375, -361, 53, -200, -224, -312, 
-136, -351, -214, 244, 39, -283, -370, -361, 53, -204, -229, -322, 
-156, -351, -195, 253, 19, -273, -370, -361, 53, -204, -229, -322, 
-156, -351, -195, 253, 19, -273, -370, -361, 53, -204, -229, -317, 
-156, -351, -195, 253, 19, -273, -361, -351, 58, -200, -219, -317, 
-151, -351, -200, 251, 24, -275, -361, -356, 58, -200, -219, -322, 
-136, -351, -214, 244, 39, -283, -366, -356, 58, -200, -219, -322, 
-136, -351, -214, 244, 39, -283, -366, -356, 58, -200, -219, -322, 
-141, -341, -200, 241, 29, -270, -366, -361, 58, -209, -229, -322, 
-141, -341, -200, 241, 29, -270, -366, -361, 58, -209, -229, -322, 
-146, -341, -195, 244, 24, -268, -366, -361, 58, -209, -229, -317, 
-146, -341, -195, 244, 24, -268, -366, -356, 63, -209, -224, -317, 
-146, -341, -195, 244, 24, -268, -356, -351, 63, -209, -224, -317, 
-146, -336, -190, 241, 21, -263, -356, -351, 63, -209, -229, -317, 
-146, -336, -190, 241, 21, -263, -356, -356, 58, -209, -229, -317, 
-146, -336, -190, 241, 21, -263, -356, -361, 58, -209, -229, -317, 
-151, -351, -200, 251, 24, -275, -346, -361, 58, -209, -229, -317, 
-151, -351, -200, 251, 24, -275, -346, -361, 58, -209, -229, -322, 
-151, -356, -204, 253, 26, -280, -341, -361, 58, -209, -229, -322, 
-151, -356, -204, 253, 26, -280, -341, -361, 58, -209, -229, -317, 
-151, -356, -204, 253, 26, -280, -341, -370, 58, -209, -234, -317, 
-151, -356, -204, 253, 26, -280, -341, -370, 58, -209, -234, -317, 
-146, -356, -209, 251, 31, -283, -341, -370, 58, -209, -234, -317, 
-146, -356, -209, 251, 31, -283, -341, -375, 58, -209, -229, -322, 
-156, -366, -209, 261, 26, -287, -351, -375, 68, -209, -229, -312, 
-156, -361, -204, 258, 24, -283, -356, -375, 63, -209, -229, -312, 
-156, -361, -204, 258, 24, -283, -356, -375, 63, -209, -229, -312, 
-156, -361, -204, 258, 24, -283, -356, -375, 63, -209, -229, -312, 
-146, -361, -214, 253, 34, -287, -356, -370, 63, -209, -219, -307, 
-146, -361, -214, 253, 34, -287, -356, -370, 63, -209, -219, -312, 
-146, -361, -214, 253, 34, -287, -356, -370, 63, -209, -214, -312, 
-146, -361, -214, 253, 34, -287, -356, -375, 63, -209, -214, -312, 
-156, -361, -204, 258, 24, -283, -356, -380, 53, -209, -224, -322, 
-156, -361, -204, 258, 24, -283, -356, -385, 53, -204, -229, -312, 
-156, -361, -204, 258, 24, -283, -356, -385, 53, -204, -229, -312, 
-156, -361, -204, 258, 24, -283, -356, -390, 53, -209, -229, -317, 
-165, -361, -195, 263, 14, -278, -356, -390, 53, -209, -224, -322, 
-161, -361, -200, 261, 19, -280, -356, -390, 53, -209, -224, -322, 
-151, -361, -209, 256, 29, -285, -356, -390, 53, -209, -224, -326, 
-146, -361, -214, 253, 34, -287, -351, -390, 53, -209, -229, -326, 
-156, -351, -195, 253, 19, -273, -346, -390, 63, -209, -229, -317, 
-156, -351, -195, 253, 19, -273, -346, -390, 63, -214, -229, -317, 
-151, -351, -200, 251, 24, -275, -346, -390, 63, -214, -229, -322, 
-151, -351, -200, 251, 24, -275, -346, -390, 63, -214, -229, -322, 
-151, -361, -209, 256, 29, -285, -346, -390, 53, -214, -244, -317, 
-151, -361, -209, 256, 29, -285, -346, -390, 53, -214, -244, -317, 
-136, -361, -224, 248, 43, -292, -346, -390, 58, -214, -239, -322, 
-136, -361, -224, 248, 43, -292, -346, -395, 58, -214, -239, -322, 
-146, -351, -204, 248, 29, -278, -346, -400, 68, -204, -229, -326, 
-146, -351, -204, 248, 29, -278, -346, -400, 58, -204, -229, -326, 
-146, -351, -204, 248, 29, -278, -346, -400, 58, -204, -229, -326, 
-146, -351, -204, 248, 29, -278, -346, -400, 63, -204, -229, -322, 
-146, -361, -214, 253, 34, -287, -346, -400, 63, -214, -229, -322, 
-146, -361, -214, 253, 34, -287, -346, -395, 68, -214, -229, -317, 
-146, -361, -214, 253, 34, -287, -346, -395, 68, -214, -229, -317, 
-146, -361, -214, 253, 34, -287, -346, -395, 68, -209, -229, -317, 
-146, -361, -214, 253, 34, -287, -346, -395, 58, -209, -239, -326, 
-146, -356, -209, 251, 31, -283, -346, -395, 58, -209, -239, -326, 
-146, -356, -209, 251, 31, -283, -346, -395, 58, -209, -234, -326, 
-146, -356, -209, 251, 31, -283, -346, -395, 58, -209, -234, -326, 
-146, -361, -214, 253, 34, -287, -336, -400, 53, -224, -239, -336, 
-146, -361, -214, 253, 34, -287, -336, -400, 53, -224, -239, -336, 
-146, -361, -214, 253, 34, -287, -336, -400, 58, -224, -234, -336, 
-146, -361, -214, 253, 34, -287, -336, -400, 58, -219, -239, -331, 
-146, -361, -214, 253, 34, -287, -326, -390, 58, -209, -234, -331, 
-156, -361, -204, 258, 24, -283, -326, -400, 58, -209, -239, -322, 
-146, -375, -229, 261, 41, -302, -331, -400, 48, -214, -248, -331, 
-146, -380, -234, 263, 43, -307, -331, -400, 58, -214, -244, -322, 
-156, -370, -214, 263, 29, -292, -331, -400, 48, -214, -244, -331, 
-156, -370, -214, 263, 29, -292, -331, -400, 48, -214, -244, -331, 
-156, -370, -214, 263, 29, -292, -331, -400, 48, -214, -244, -331, 
-156, -370, -214, 263, 29, -292, -331, -400, 48, -214, -244, -331, 
-156, -361, -204, 258, 24, -283, -322, -400, 58, -214, -244, -322, 
-156, -361, -204, 258, 24, -283, -322, -400, 58, -214, -244, -322, 
-156, -361, -204, 258, 24, -283, -322, -400, 58, -214, -244, -322, 
-156, -361, -204, 258, 24, -283, -322, -400, 58, -214, -244, -322, 
-146, -346, -200, 246, 26, -273, -322, -409, 68, -209, -234, -312, 
-146, -341, -195, 244, 24, -268, -322, -409, 68, -204, -234, -312, 
-146, -336, -190, 241, 21, -263, -322, -409, 68, -200, -234, -312, 
-146, -331, -185, 239, 19, -258, -322, -409, 68, -195, -234, -312, 
-146, -317, -170, 231, 12, -244, -322, -419, 73, -185, -229, -297, 
-146, -312, -165, 229, 9, -239, -322, -419, 78, -180, -219, -297, 
-146, -307, -161, 226, 7, -234, -322, -414, 87, -175, -209, -292, 
-146, -307, -161, 226, 7, -234, -322, -414, 97, -175, -204, -292, 
-141, -312, -170, 226, 14, -241, -331, -405, 107, -170, -204, -283, 
-141, -307, -165, 224, 12, -236, -331, -405, 107, -170, -204, -292, 
-141, -307, -165, 224, 12, -236, -331, -414, 102, -175, -204, -292, 
-141, -307, -165, 224, 12, -236, -336, -414, 102, -175, -204, -292, 
-141, -317, -175, 229, 17, -246, -326, -414, 102, -175, -204, -297, 
-141, -322, -180, 231, 19, -251, -322, -414, 102, -175, -204, -297, 
-141, -326, -185, 234, 21, -256, -322, -414, 102, -180, -204, -297, 
-141, -331, -190, 236, 24, -261, -322, -409, 102, -180, -204, -297, 
-151, -322, -170, 236, 9, -246, -322, -419, 107, -175, -204, -297, 
-151, -312, -161, 231, 4, -236, -322, -424, 117, -165, -195, -287, 
-151, -297, -146, 224, -2, -222, -322, -429, 122, -161, -190, -278, 
-146, -287, -141, 217, -2, -214, -326, -429, 126, -156, -185, -273, 
-136, -268, -131, 202, -2, -200, -336, -429, 131, -146, -180, -268, 
-136, -253, -117, 195, -9, -185, -336, -434, 146, -136, -175, -263, 
-131, -239, -107, 185, -12, -173, -351, -444, 146, -126, -165, -258, 
-122, -234, -112, 178, -4, -173, -356, -448, 146, -126, -161, -248, 
-117, -234, -117, 175, 0, -175, -380, -453, 136, -136, -161, -258, 
-117, -239, -122, 178, 2, -180, -390, -453, 131, -141, -156, -253, 
-107, -244, -136, 175, 14, -190, -390, -453, 131, -141, -156, -253, 
-102, -248, -146, 175, 21, -197, -395, -448, 126, -146, -161, -258, 
-112, -258, -146, 185, 17, -202, -390, -434, 122, -151, -170, -273, 
-112, -278, -165, 195, 26, -222, -385, -434, 107, -161, -180, -273, 
-112, -283, -170, 197, 29, -226, -375, -434, 102, -170, -190, -278, 
-117, -292, -175, 204, 29, -234, -370, -429, 87, -175, -204, -283, 
-122, -312, -190, 217, 34, -251, -356, -429, 78, -180, -200, -292, 
-122, -312, -190, 217, 34, -251, -356, -429, 78, -185, -200, -292, 
-122, -317, -195, 219, 36, -256, -356, -424, 78, -185, -200, -292, 
-117, -317, -200, 217, 41, -258, -351, -414, 82, -185, -200, -287, 
-112, -317, -204, 214, 46, -261, -351, -424, 82, -185, -200, -273, 
-112, -317, -204, 214, 46, -261, -351, -424, 78, -185, -200, -273, 
-112, -312, -200, 212, 43, -256, -351, -429, 78, -185, -200, -273, 
-117, -302, -185, 209, 34, -244, -346, -429, 82, -185, -200, -273, 
-117, -312, -195, 214, 39, -253, -346, -414, 82, -180, -195, -283, 
-122, -317, -195, 219, 36, -256, -331, -414, 82, -180, -195, -283, 
-122, -317, -195, 219, 36, -256, -326, -409, 82, -180, -200, -287, 
-136, -322, -185, 229, 24, -253, -322, -409, 82, -180, -204, -287, 
-141, -331, -190, 236, 24, -261, -312, -419, 82, -185, -195, -292, 
-146, -336, -190, 241, 21, -263, -307, -424, 78, -190, -204, -297, 
-151, -346, -195, 248, 21, -270, -307, -429, 68, -200, -209, -302, 
-151, -356, -204, 253, 26, -280, -307, -429, 58, -209, -219, -307, 
-165, -370, -204, 268, 19, -287, -297, -419, 58, -209, -229, -307, 
-165, -380, -214, 273, 24, -297, -302, -414, 48, -214, -239, -312, 
-165, -390, -224, 278, 29, -307, -302, -414, 43, -219, -244, -312, 
-161, -390, -229, 275, 34, -309, -302, -414, 43, -219, -244, -317, 
-151, -390, -239, 270, 43, -314, -312, -414, 43, -219, -244, -322, 
-151, -390, -239, 270, 43, -314, -317, -414, 43, -224, -244, -322, 
-151, -390, -239, 270, 43, -314, -317, -414, 43, -224, -244, -322, 
-151, -390, -239, 270, 43, -314, -312, -414, 43, -224, -244, -322, 
-141, -390, -248, 265, 53, -319, -307, -414, 34, -234, -244, -331, 
-141, -390, -248, 265, 53, -319, -307, -414, 39, -234, -244, -336, 
-141, -395, -253, 268, 56, -324, -307, -414, 39, -234, -244, -336, 
-141, -395, -253, 268, 56, -324, -307, -414, 34, -234, -244, -331, 
-146, -395, -248, 270, 51, -322, -307, -414, 29, -239, -253, -331, 
-146, -395, -248, 270, 51, -322, -307, -409, 29, -239, -258, -331, 
-146, -395, -248, 270, 51, -322, -307, -409, 29, -239, -258, -331, 
-151, -395, -244, 273, 46, -319, -307, -409, 34, -239, -258, -336, 
-151, -405, -253, 278, 51, -329, -302, -409, 34, -244, -258, -336, 
-151, -409, -258, 280, 53, -334, -302, -409, 34, -248, -263, -336, 
-151, -409, -258, 280, 53, -334, -302, -405, 34, -248, -263, -336, 
-151, -409, -258, 280, 53, -334, -297, -405, 34, -244, -263, -336, 
-156, -424, -268, 290, 56, -346, -287, -405, 43, -234, -258, -336, 
-156, -424, -268, 290, 56, -346, -287, -405, 43, -234, -258, -336, 
-156, -424, -268, 290, 56, -346, -283, -400, 39, -239, -263, -341, 
-156, -424, -268, 290, 56, -346, -283, -400, 39, -244, -263, -341, 
-156, -424, -268, 290, 56, -346, -278, -400, 29, -253, -263, -341, 
-156, -424, -268, 290, 56, -346, -278, -400, 29, -248, -263, -341, 
-156, -424, -268, 290, 56, -346, -278, -400, 29, -248, -263, -341, 
-156, -424, -268, 290, 56, -346, -278, -395, 34, -248, -263, -341, 
-156, -424, -268, 290, 56, -346, -273, -395, 34, -248, -263, -341, 
-156, -424, -268, 290, 56, -346, -268, -400, 34, -248, -263, -341, 
-161, -424, -263, 292, 51, -344, -268, -400, 29, -248, -263, -336, 
-161, -424, -263, 292, 51, -344, -268, -400, 29, -253, -263, -336, 
-161, -424, -263, 292, 51, -344, -278, -400, 29, -244, -273, -336, 
-146, -424, -278, 285, 65, -351, -268, -400, 19, -253, -273, -341, 
-136, -424, -287, 280, 75, -356, -263, -395, 19, -253, -278, -346, 
-146, -434, -287, 290, 70, -361, -263, -390, 19, -258, -287, -351, 
-151, -434, -283, 292, 65, -358, -258, -385, 29, -268, -292, -361, 
-161, -444, -283, 302, 61, -363, -248, -380, 29, -278, -297, -361, 
-175, -463, -287, 319, 56, -375, -234, -356, 29, -287, -312, -380, 
-185, -492, -307, 339, 61, -400, -200, -336, 29, -302, -336, -400, 
-195, -517, -322, 356, 63, -419, -161, -292, 29, -326, -375, -448, 
-214, -546, -331, 380, 58, -439, -117, -244, 53, -341, -409, -492, 
-224, -566, -341, 395, 58, -453, -73, -190, 73, -361, -448, -536, 
-214, -575, -361, 395, 73, -468, -19, -136, 107, -370, -473, -570, 
-214, -575, -361, 395, 73, -468, 4, -97, 146, -351, -473, -580, 
-204, -531, -326, 368, 61, -429, 4, -87, 195, -297, -439, -546, 
-175, -448, -273, 312, 48, -361, -24, -107, 253, -234, -366, -492, 
-131, -375, -244, 253, 56, -309, -73, -122, 302, -156, -283, -414, 
-48, -287, -239, 168, 95, -263, -131, -136, 375, -53, -180, -317, 
39, -161, -200, 61, 119, -180, -195, -156, 488, 97, -34, -170, 
136, 0, -136, -68, 136, -68, -268, -151, 629, 263, 126, -14, 
244, 146, -97, -195, 170, 24, -356, -161, 746, 448, 312, 175, 
346, 307, -39, -326, 192, 134, -478, -239, 858, 644, 522, 390, 
405, 478, 73, -441, 165, 275, -605, -385, 902, 814, 727, 605, 
424, 634, 209, -529, 107, 422, -751, -600, 849, 932, 912, 805, 
414, 775, 361, -595, 26, 568, -907, -854, 751, 1010, 1083, 1000, 
375, 912, 536, -644, -80, 724, -1049, -1102, 688, 1088, 1239, 1161, 
331, 951, 619, -641, -143, 785, -1102, -1273, 707, 1176, 1337, 1259, 
302, 897, 595, -600, -146, 746, -1102, -1322, 736, 1234, 1361, 1278, 
263, 766, 502, -514, -119, 634, -1078, -1322, 692, 1195, 1293, 1224, 
219, 595, 375, -407, -78, 485, -1019, -1283, 527, 995, 1127, 1098, 
161, 463, 302, -312, -70, 383, -961, -1229, 322, 722, 893, 912, 
78, 395, 317, -236, -119, 356, -941, -1210, 112, 439, 668, 722, 
-19, 322, 341, -151, -180, 331, -907, -1200, -107, 165, 448, 522, 
-122, 126, 248, -2, -185, 187, -805, -1132, -326, -102, 200, 292, 
-200, -112, 87, 156, -143, -12, -658, -985, -478, -336, -48, 43, 
-248, -307, -58, 278, -95, -183, -541, -854, -585, -502, -229, -156, 
-253, -444, -190, 348, -31, -317, -453, -746, -624, -580, -346, -273, 
-248, -531, -283, 390, 17, -407, -395, -658, -605, -610, -409, -346, 
-239, -546, -307, 392, 34, -427, -385, -605, -561, -610, -424, -380, 
-239, -512, -273, 375, 17, -392, -405, -614, -517, -585, -414, -385, 
-234, -463, -229, 348, -2, -346, -429, -614, -439, -527, -390, -361, 
-224, -405, -180, 314, -21, -292, -429, -600, -366, -453, -346, -331, 
-209, -356, -146, 283, -31, -251, -434, -580, -268, -395, -302, -307, 
-200, -331, -131, 265, -34, -231, -419, -546, -175, -326, -263, -278, 
-190, -322, -131, 256, -29, -226, -409, -517, -102, -287, -244, -278, 
-170, -322, -151, 246, -9, -236, -375, -492, -48, -268, -244, -278, 
-156, -326, -170, 241, 7, -248, -341, -468, -14, -273, -244, -278, 
-151, -326, -175, 239, 12, -251, -317, -453, 9, -253, -244, -283, 
-141, -336, -195, 239, 26, -265, -307, -439, 19, -248, -239, -292, 
-136, -346, -209, 241, 36, -278, -292, -419, 19, -244, -239, -292, 
-122, -356, -234, 239, 56, -295, -268, -409, 29, -239, -239, -278, 
-131, -361, -229, 246, 48, -295, -248, -395, 43, -229, -239, -278, 
-141, -380, -239, 261, 48, -309, -239, -370, 48, -219, -248, -287, 
-136, -385, -248, 261, 56, -317, -234, -356, 58, -214, -244, -302, 
-136, -395, -258, 265, 61, -326, -229, -346, 73, -214, -244, -307, 
-131, -395, -263, 263, 65, -329, -229, -346, 78, -214, -244, -302, 
-131, -395, -263, 263, 65, -329, -229, -341, 78, -214, -244, -307, 
-131, -395, -263, 263, 65, -329, -229, -341, 82, -214, -244, -307, 
-122, -390, -268, 256, 73, -329, -229, -341, 87, -214, -244, -307, 
-131, -385, -253, 258, 61, -319, -219, -341, 87, -214, -244, -307, 
-131, -385, -253, 258, 61, -319, -214, -336, 87, -204, -244, -307, 
-131, -385, -253, 258, 61, -319, -214, -336, 87, -200, -239, -302, 
-131, -390, -258, 261, 63, -324, -209, -331, 92, -200, -239, -302, 
-131, -400, -268, 265, 68, -334, -209, -326, 97, -200, -248, -302, 
-131, -395, -263, 263, 65, -329, -209, -322, 97, -200, -253, -302, 
-126, -395, -268, 261, 70, -331, -209, -322, 102, -200, -253, -302, 
-126, -395, -268, 261, 70, -331, -209, -322, 107, -200, -253, -302, 
-126, -385, -258, 256, 65, -322, -219, -322, 117, -195, -244, -302, 
-126, -385, -258, 256, 65, -322, -224, -322, 117, -195, -244, -302, 
-126, -385, -258, 256, 65, -322, -224, -322, 117, -195, -239, -297, 
-122, -385, -263, 253, 70, -324, -224, -322, 117, -195, -239, -297, 
-112, -370, -258, 241, 73, -314, -214, -317, 112, -190, -239, -297, 
-112, -370, -258, 241, 73, -314, -214, -317, 117, -190, -234, -297, 
-107, -370, -263, 239, 78, -317, -209, -312, 117, -185, -234, -297, 
-102, -370, -268, 236, 82, -319, -209, -307, 126, -185, -234, -297, 
-102, -366, -263, 234, 80, -314, -219, -307, 126, -185, -234, -292, 
-107, -366, -258, 236, 75, -312, -219, -307, 122, -185, -234, -292, 
-107, -366, -258, 236, 75, -312, -214, -307, 122, -185, -229, -292, 
-107, -366, -258, 236, 75, -312, -214, -307, 126, -180, -229, -292, 
-117, -370, -253, 244, 68, -312, -214, -297, 126, -165, -224, -283, 
-117, -366, -248, 241, 65, -307, -214, -297, 126, -165, -224, -283, 
-112, -361, -248, 236, 68, -305, -214, -292, 131, -165, -219, -283, 
-112, -361, -248, 236, 68, -305, -214, -292, 131, -161, -219, -283, 
-117, -375, -258, 246, 70, -317, -204, -302, 131, -165, -229, -287, 
-117, -375, -258, 246, 70, -317, -204, -302, 136, -170, -224, -287, 
-117, -375, -258, 246, 70, -317, -204, -302, 136, -175, -224, -287, 
-112, -375, -263, 244, 75, -319, -204, -297, 136, -175, -229, -287, 
-102, -366, -263, 234, 80, -314, -204, -287, 131, -175, -229, -287, 
-102, -366, -263, 234, 80, -314, -204, -287, 131, -175, -224, -287, 
-107, -361, -253, 234, 73, -307, -200, -287, 131, -175, -224, -287, 
-107, -356, -248, 231, 70, -302, -200, -287, 131, -170, -224, -287, 
-102, -356, -253, 229, 75, -305, -214, -287, 136, -161, -214, -273, 
-97, -351, -253, 224, 78, -302, -214, -287, 136, -161, -209, -273, 
-97, -351, -253, 224, 78, -302, -214, -287, 136, -161, -209, -273, 
-102, -351, -248, 226, 73, -300, -214, -287, 141, -161, -209, -273, 
-97, -346, -248, 222, 75, -297, -209, -287, 151, -165, -219, -268, 
-97, -346, -248, 222, 75, -297, -209, -287, 156, -165, -224, -268, 
-97, -346, -248, 222, 75, -297, -214, -283, 156, -161, -224, -268, 
-92, -346, -253, 219, 80, -300, -214, -283, 156, -156, -214, -268, 
-102, -351, -248, 226, 73, -300, -209, -273, 156, -146, -204, -263, 
-102, -351, -248, 226, 73, -300, -209, -273, 161, -146, -200, -263, 
-102, -351, -248, 226, 73, -300, -209, -268, 165, -141, -200, -263, 
-102, -346, -244, 224, 70, -295, -204, -268, 165, -141, -200, -263, 
-102, -336, -234, 219, 65, -285, -214, -278, 170, -141, -209, -268, 
-97, -336, -239, 217, 70, -287, -214, -278, 170, -141, -209, -268, 
-92, -336, -244, 214, 75, -290, -219, -278, 170, -141, -209, -273, 
-92, -336, -244, 214, 75, -290, -219, -278, 170, -136, -204, -273, 
-92, -341, -248, 217, 78, -295, -219, -268, 165, -146, -214, -268, 
-92, -336, -244, 214, 75, -290, -214, -268, 170, -141, -214, -268, 
-92, -336, -244, 214, 75, -290, -209, -268, 170, -141, -214, -268, 
-87, -336, -248, 212, 80, -292, -209, -268, 170, -141, -209, -263, 
-82, -331, -248, 207, 82, -290, -209, -263, 185, -141, -204, -263, 
-82, -326, -244, 204, 80, -285, -209, -263, 185, -136, -204, -263, 
-82, -326, -244, 204, 80, -285, -209, -263, 185, -136, -204, -263, 
-82, -326, -244, 204, 80, -285, -209, -263, 185, -136, -209, -263, 
-82, -326, -244, 204, 80, -285, -204, -258, 180, -126, -204, -258, 
-68, -322, -253, 195, 92, -287, -209, -258, 180, -126, -204, -258, 
-68, -322, -253, 195, 92, -287, -209, -253, 180, -122, -200, -253, 
-68, -322, -253, 195, 92, -287, -209, -253, 180, -122, -195, -244, 
-68, -302, -234, 185, 82, -268, -214, -244, 180, -117, -185, -244, 
-63, -302, -239, 183, 87, -270, -214, -244, 185, -117, -180, -244, 
-63, -297, -234, 180, 85, -265, -214, -244, 195, -107, -180, -239, 
-63, -297, -234, 180, 85, -265, -214, -244, 200, -107, -175, -239, 
-63, -297, -234, 180, 85, -265, -219, -234, 214, -107, -175, -229, 
-63, -297, -234, 180, 85, -265, -219, -229, 214, -102, -170, -224, 
-58, -297, -239, 178, 90, -268, -224, -229, 219, -97, -161, -224, 
-53, -292, -239, 173, 92, -265, -224, -224, 224, -92, -161, -224, 
-53, -292, -239, 173, 92, -265, -224, -229, 214, -87, -156, -234, 
-53, -283, -229, 168, 87, -256, -224, -229, 219, -87, -156, -224, 
-53, -278, -224, 165, 85, -251, -224, -229, 224, -82, -156, -224, 
-43, -273, -229, 158, 92, -251, -224, -219, 229, -73, -156, -214, 
-43, -278, -234, 161, 95, -256, -224, -214, 219, -78, -151, -224, 
-43, -268, -224, 156, 90, -246, -224, -209, 229, -78, -146, -224, 
-39, -268, -229, 153, 95, -248, -224, -209, 234, -73, -146, -224, 
-39, -268, -229, 153, 95, -248, -224, -209, 239, -68, -146, -219, 
-29, -258, -229, 143, 100, -244, -224, -204, 239, -63, -146, -214, 
-29, -253, -224, 141, 97, -239, -224, -204, 244, -58, -141, -214, 
-24, -253, -229, 139, 102, -241, -224, -204, 248, -58, -136, -209, 
-19, -248, -229, 134, 104, -239, -224, -204, 253, -53, -131, -209, 
-19, -253, -234, 136, 107, -244, -224, -200, 244, -53, -131, -195, 
-14, -248, -234, 131, 109, -241, -224, -200, 244, -48, -126, -190, 
-14, -248, -234, 131, 109, -241, -219, -195, 244, -43, -126, -185, 
-19, -244, -224, 131, 102, -234, -219, -195, 253, -39, -126, -180, 
-19, -239, -219, 129, 100, -229, -219, -190, 258, -39, -126, -185, 
-14, -234, -219, 124, 102, -226, -219, -190, 263, -39, -122, -180, 
-4, -229, -224, 117, 109, -226, -219, -190, 263, -34, -117, -180, 
0, -219, -219, 109, 109, -219, -229, -190, 263, -34, -122, -175, 
0, -219, -219, 109, 109, -219, -229, -180, 268, -29, -107, -170, 
0, -214, -214, 107, 107, -214, -239, -185, 273, -19, -102, -165, 
-4, -209, -204, 107, 100, -207, -244, -185, 278, -14, -102, -161, 
-9, -204, -195, 107, 92, -200, -244, -185, 283, -9, -97, -161, 
-9, -209, -200, 109, 95, -204, -244, -185, 283, -9, -87, -146, 
-4, -204, -200, 104, 97, -202, -253, -190, 278, -9, -87, -146, 
-4, -204, -200, 104, 97, -202, -253, -185, 278, -9, -82, -141, 
-4, -204, -200, 104, 97, -202, -253, -170, 278, -9, -78, -141, 
9, -200, -209, 95, 109, -204, -263, -170, 268, -9, -82, -136, 
9, -200, -209, 95, 109, -204, -263, -175, 273, -4, -82, -131, 
0, -195, -195, 97, 97, -195, -268, -175, 273, 0, -82, -126, 
0, -195, -195, 97, 97, -195, -268, -180, 273, 0, -82, -126, 
9, -200, -209, 95, 109, -204, -268, -180, 273, 0, -78, -126, 
14, -200, -214, 92, 114, -207, -268, -185, 273, -4, -78, -126, 
19, -200, -219, 90, 119, -209, -268, -190, 263, -4, -82, -122, 
24, -200, -224, 87, 124, -212, -278, -195, 263, -4, -82, -122, 
24, -190, -214, 82, 119, -202, -263, -185, 263, -9, -82, -122, 
24, -190, -214, 82, 119, -202, -258, -185, 263, -9, -82, -122, 
24, -190, -214, 82, 119, -202, -258, -190, 253, -9, -82, -122, 
24, -190, -214, 82, 119, -202, -253, -195, 253, -9, -82, -122, 
24, -190, -214, 82, 119, -202, -258, -195, 244, -24, -92, -126, 
19, -190, -209, 85, 114, -200, -258, -200, 239, -29, -92, -126, 
19, -190, -209, 85, 114, -200, -258, -200, 239, -29, -92, -126, 
19, -190, -209, 85, 114, -200, -258, -200, 239, -24, -92, -126, 
19, -200, -219, 90, 119, -209, -248, -219, 234, -34, -82, -141, 
14, -204, -219, 95, 117, -212, -248, -219, 229, -34, -87, -141, 
14, -204, -219, 95, 117, -212, -244, -224, 224, -39, -87, -141, 
9, -204, -214, 97, 112, -209, -244, -224, 219, -43, -92, -141, 
0, -209, -209, 104, 104, -209, -244, -219, 229, -48, -92, -136, 
0, -209, -209, 104, 104, -209, -244, -229, 224, -43, -97, -136, 
-4, -209, -204, 107, 100, -207, -244, -234, 219, -43, -97, -131, 
-4, -209, -204, 107, 100, -207, -248, -244, 214, -43, -102, -131, 
-9, -214, -204, 112, 97, -209, -248, -248, 209, -48, -102, -126, 
-19, -214, -195, 117, 87, -204, -244, -253, 209, -48, -102, -126, 
-24, -219, -195, 122, 85, -207, -244, -258, 209, -48, -102, -126, 
-24, -219, -195, 122, 85, -207, -244, -263, 209, -48, -102, -126, 
-29, -214, -185, 122, 78, -200, -253, -263, 200, -63, -117, -131, 
-39, -214, -175, 126, 68, -195, -253, -263, 195, -68, -122, -151, 
-39, -219, -180, 129, 70, -200, -253, -273, 190, -73, -131, -156, 
-39, -229, -190, 134, 75, -209, -253, -287, 190, -78, -136, -170, 
-39, -224, -185, 131, 73, -204, -253, -287, 185, -82, -141, -165, 
-34, -229, -195, 131, 80, -212, -253, -292, 180, -87, -146, -165, 
-34, -234, -200, 134, 82, -217, -248, -292, 175, -92, -146, -175, 
-29, -239, -209, 134, 90, -224, -248, -302, 170, -97, -146, -180, 
-34, -244, -209, 139, 87, -226, -258, -302, 165, -92, -151, -180, 
-39, -248, -209, 143, 85, -229, -258, -307, 161, -92, -156, -175, 
-43, -253, -209, 148, 82, -231, -253, -312, 161, -97, -156, -175, 
-58, -258, -200, 158, 70, -229, -253, -312, 156, -97, -156, -175, 
-73, -263, -190, 168, 58, -226, -239, -307, 156, -102, -151, -190, 
-78, -268, -190, 173, 56, -229, -234, -307, 151, -107, -156, -195, 
-78, -278, -200, 178, 61, -239, -224, -312, 146, -112, -161, -200, 
-87, -278, -190, 183, 51, -234, -224, -312, 141, -112, -170, -204, 
-87, -278, -190, 183, 51, -234, -214, -312, 151, -112, -175, -200, 
-87, -278, -190, 183, 51, -234, -204, -312, 141, -122, -175, -204, 
-87, -283, -195, 185, 53, -239, -204, -307, 141, -122, -175, -209, 
-92, -287, -195, 190, 51, -241, -214, -307, 136, -126, -175, -214, 
-87, -287, -200, 187, 56, -244, -214, -317, 122, -136, -180, -214, 
-82, -292, -209, 187, 63, -251, -209, -317, 122, -141, -185, -219, 
-87, -297, -209, 192, 61, -253, -209, -317, 117, -151, -195, -219, 
-82, -302, -219, 192, 68, -261, -209, -317, 117, -156, -204, -219, 
-87, -302, -214, 195, 63, -258, -224, -317, 126, -151, -204, -219, 
-87, -302, -214, 195, 63, -258, -224, -317, 126, -156, -200, -224, 
-87, -307, -219, 197, 65, -263, -224, -312, 122, -156, -195, -224, 
-92, -312, -219, 202, 63, -265, -219, -312, 117, -156, -195, -229, 
-97, -312, -214, 204, 58, -263, -214, -307, 117, -151, -204, -234, 
-97, -312, -214, 204, 58, -263, -214, -307, 117, -151, -204, -234, 
-102, -312, -209, 207, 53, -261, -214, -307, 117, -151, -204, -229, 
-102, -312, -209, 207, 53, -261, -214, -307, 117, -151, -204, -229, 
-102, -317, -214, 209, 56, -265, -209, -307, 107, -161, -209, -239, 
-102, -322, -219, 212, 58, -270, -200, -307, 107, -161, -209, -239, 
-102, -322, -219, 212, 58, -270, -195, -307, 107, -161, -209, -239, 
-97, -326, -229, 212, 65, -278, -190, -307, 107, -161, -209, -244, 
-107, -326, -219, 217, 56, -273, -200, -302, 107, -165, -219, -234, 
-107, -331, -224, 219, 58, -278, -200, -302, 107, -165, -219, -234, 
-107, -331, -224, 219, 58, -278, -200, -312, 102, -165, -219, -229, 
-107, -331, -224, 219, 58, -278, -200, -317, 102, -165, -214, -229, 
-107, -331, -224, 219, 58, -278, -209, -317, 102, -165, -214, -229, 
-107, -331, -224, 219, 58, -278, -209, -307, 102, -161, -214, -229, 
-107, -336, -229, 222, 61, -283, -204, -302, 107, -161, -214, -229, 
-107, -336, -229, 222, 61, -283, -204, -297, 107, -165, -214, -229, 
-117, -331, -214, 224, 48, -273, -200, -297, 102, -165, -219, -234, 
-117, -331, -214, 224, 48, -273, -200, -297, 102, -165, -219, -234, 
-117, -326, -209, 222, 46, -268, -200, -297, 102, -165, -214, -234, 
-117, -326, -209, 222, 46, -268, -200, -297, 102, -161, -214, -234, 
-131, -326, -195, 229, 31, -261, -200, -292, 102, -170, -204, -234, 
-131, -322, -190, 226, 29, -256, -200, -292, 102, -170, -209, -234, 
-131, -322, -190, 226, 29, -256, -195, -292, 102, -175, -209, -234, 
-126, -322, -195, 224, 34, -258, -195, -292, 102, -175, -209, -234, 
-122, -322, -200, 222, 39, -261, -190, -302, 102, -161, -219, -234, 
-112, -322, -209, 217, 48, -265, -190, -297, 102, -161, -214, -234, 
-107, -322, -214, 214, 53, -268, -195, -297, 102, -161, -214, -229, 
-102, -312, -209, 207, 53, -261, -195, -297, 102, -161, -214, -229, 
-92, -302, -209, 197, 58, -256, -195, -287, 117, -161, -204, -219, 
-92, -302, -209, 197, 58, -256, -195, -287, 117, -161, -204, -219, 
-92, -302, -209, 197, 58, -256, -195, -287, 117, -156, -204, -219, 
-92, -297, -204, 195, 56, -251, -195, -287, 117, -156, -204, -219, 
-92, -302, -209, 197, 58, -256, -204, -287, 117, -146, -195, -219, 
-92, -292, -200, 192, 53, -246, -204, -287, 117, -151, -195, -219, 
-92, -292, -200, 192, 53, -246, -204, -287, 117, -151, -195, -219, 
-92, -292, -200, 192, 53, -246, -204, -287, 117, -146, -195, -219, 
-97, -307, -209, 202, 56, -258, -195, -278, 117, -146, -204, -219, 
-102, -307, -204, 204, 51, -256, -195, -278, 117, -146, -204, -219, 
-107, -307, -200, 207, 46, -253, -195, -278, 117, -146, -204, -219, 
-112, -297, -185, 204, 36, -241, -195, -283, 117, -146, -204, -219, 
-112, -297, -185, 204, 36, -241, -185, -283, 107, -156, -204, -229, 
-112, -297, -185, 204, 36, -241, -185, -283, 112, -156, -200, -229, 
-112, -292, -180, 202, 34, -236, -185, -283, 112, -151, -200, -229, 
-112, -292, -180, 202, 34, -236, -185, -283, 112, -151, -200, -229, 
-112, -292, -180, 202, 34, -236, -185, -292, 112, -146, -190, -219, 
-112, -287, -175, 200, 31, -231, -185, -292, 112, -146, -190, -214, 
-112, -283, -170, 197, 29, -226, -185, -287, 112, -141, -190, -214, 
-112, -278, -165, 195, 26, -222, -185, -287, 117, -141, -190, -214, 
-102, -278, -175, 190, 36, -226, -195, -283, 122, -141, -190, -204, 
-102, -273, -170, 187, 34, -222, -195, -283, 122, -141, -190, -204, 
-102, -273, -170, 187, 34, -222, -195, -283, 122, -141, -190, -204, 
-102, -273, -170, 187, 34, -222, -195, -287, 122, -141, -190, -204, 
-112, -283, -170, 197, 29, -226, -185, -287, 122, -141, -180, -204, 
-112, -283, -170, 197, 29, -226, -185, -287, 122, -141, -180, -200, 
-112, -283, -170, 197, 29, -226, -185, -283, 122, -136, -170, -200, 
-112, -287, -175, 200, 31, -231, -185, -273, 122, -131, -170, -200, 
-107, -287, -180, 197, 36, -234, -195, -268, 112, -126, -180, -195, 
-97, -287, -190, 192, 46, -239, -200, -268, 112, -126, -180, -195, 
-92, -287, -195, 190, 51, -241, -200, -268, 107, -136, -185, -200, 
-87, -287, -200, 187, 56, -244, -200, -283, 107, -136, -185, -200, 
-92, -283, -190, 187, 48, -236, -204, -273, 107, -141, -175, -195, 
-92, -273, -180, 183, 43, -226, -204, -278, 107, -141, -175, -195, 
-87, -268, -180, 178, 46, -224, -204, -283, 107, -141, -175, -195, 
-87, -263, -175, 175, 43, -219, -200, -283, 107, -141, -175, -195, 
-97, -263, -165, 180, 34, -214, -209, -273, 107, -141, -175, -195, 
-97, -268, -170, 183, 36, -219, -209, -273, 107, -141, -175, -195, 
-97, -268, -170, 183, 36, -219, -209, -273, 107, -141, -175, -195, 
-97, -268, -170, 183, 36, -219, -204, -268, 107, -141, -175, -195, 
-107, -273, -165, 190, 29, -219, -195, -278, 107, -141, -185, -195, 
-102, -278, -175, 190, 36, -226, -195, -283, 107, -146, -185, -190, 
-102, -283, -180, 192, 39, -231, -195, -283, 107, -146, -185, -190, 
-102, -283, -180, 192, 39, -231, -190, -283, 102, -146, -190, -190, 
-102, -273, -170, 187, 34, -222, -190, -273, 102, -146, -180, -190, 
-102, -273, -170, 187, 34, -222, -190, -273, 107, -146, -180, -190, 
-102, -273, -170, 187, 34, -222, -190, -273, 107, -146, -180, -190, 
-102, -273, -170, 187, 34, -222, -190, -273, 102, -146, -180, -190, 
-87, -283, -195, 185, 53, -239, -180, -273, 102, -146, -180, -190, 
-87, -283, -195, 185, 53, -239, -185, -268, 97, -146, -180, -190, 
-87, -283, -195, 185, 53, -239, -185, -268, 97, -146, -180, -190, 
-87, -283, -195, 185, 53, -239, -190, -273, 102, -146, -180, -180, 
-87, -283, -195, 185, 53, -239, -190, -273, 92, -146, -190, -190, 
-87, -283, -195, 185, 53, -239, -190, -268, 92, -146, -190, -190, 
-82, -283, -200, 183, 58, -241, -190, -268, 92, -146, -190, -195, 
-82, -283, -200, 183, 58, -241, -190, -273, 92, -146, -190, -195, 
-97, -283, -185, 190, 43, -234, -185, -273, 92, -146, -190, -195, 
-97, -283, -185, 190, 43, -234, -185, -268, 92, -146, -190, -195, 
-97, -283, -185, 190, 43, -234, -185, -268, 92, -151, -190, -195, 
-97, -283, -185, 190, 43, -234, -185, -268, 87, -151, -190, -195, 
-87, -278, -190, 183, 51, -234, -185, -268, 87, -151, -190, -195, 
-87, -278, -190, 183, 51, -234, -185, -273, 87, -151, -190, -195, 
-87, -278, -190, 183, 51, -234, -185, -273, 87, -156, -190, -195, 
-87, -278, -190, 183, 51, -234, -185, -273, 87, -156, -190, -195, 
-87, -273, -185, 180, 48, -229, -195, -263, 78, -156, -190, -195, 
-87, -273, -185, 180, 48, -229, -195, -268, 78, -156, -195, -195, 
-87, -278, -190, 183, 51, -234, -195, -268, 78, -161, -195, -195, 
-87, -278, -190, 183, 51, -234, -195, -263, 73, -161, -190, -195, 
-97, -278, -180, 187, 41, -229, -204, -263, 73, -161, -180, -195, 
-97, -278, -180, 187, 41, -229, -204, -263, 73, -161, -180, -195, 
-97, -278, -180, 187, 41, -229, -204, -263, 78, -161, -180, -195, 
-112, -278, -165, 195, 26, -222, -204, -263, 78, -161, -180, -200, 
-107, -278, -170, 192, 31, -224, -195, -253, 87, -161, -180, -190, 
-107, -283, -175, 195, 34, -229, -195, -253, 87, -161, -185, -190, 
-107, -283, -175, 195, 34, -229, -195, -258, 87, -170, -185, -190, 
-102, -283, -180, 192, 39, -231, -195, -258, 82, -170, -185, -190, 
-92, -283, -190, 187, 48, -236, -195, -253, 78, -170, -195, -190, 
-97, -283, -185, 190, 43, -234, -195, -253, 78, -170, -195, -190, 
-102, -283, -180, 192, 39, -231, -195, -258, 73, -170, -195, -190, 
-107, -283, -175, 195, 34, -229, -195, -258, 73, -170, -195, -195, 
-102, -273, -170, 187, 34, -222, -190, -253, 63, -170, -195, -185, 
-97, -273, -175, 185, 39, -224, -185, -253, 63, -175, -200, -195, 
-112, -273, -161, 192, 24, -217, -185, -253, 63, -175, -200, -195, 
-107, -273, -165, 190, 29, -219, -185, -253, 63, -175, -200, -190, 
-107, -273, -165, 190, 29, -219, -185, -244, 58, -180, -190, -200, 
-102, -273, -170, 187, 34, -222, -185, -248, 58, -180, -190, -204, 
-87, -273, -185, 180, 48, -229, -190, -248, 58, -180, -190, -204, 
-87, -273, -185, 180, 48, -229, -190, -248, 58, -180, -190, -204, 
-87, -273, -185, 180, 48, -229, -180, -244, 58, -180, -190, -204, 
-92, -273, -180, 183, 43, -226, -180, -244, 58, -180, -190, -204, 
-102, -273, -170, 187, 34, -222, -180, -244, 58, -180, -190, -200, 
-107, -273, -165, 190, 29, -219, -180, -239, 63, -180, -185, -200, 
-107, -283, -175, 195, 34, -229, -190, -234, 53, -180, -195, -200, 
-107, -278, -170, 192, 31, -224, -190, -234, 53, -180, -200, -200, 
-107, -278, -170, 192, 31, -224, -190, -239, 48, -180, -200, -200, 
-107, -278, -170, 192, 31, -224, -190, -244, 48, -180, -200, -200, 
-102, -273, -170, 187, 34, -222, -190, -244, 48, -180, -200, -190, 
-102, -273, -170, 187, 34, -222, -190, -244, 48, -180, -200, -195, 
-102, -278, -175, 190, 36, -226, -185, -244, 48, -180, -200, -195, 
-102, -278, -175, 190, 36, -226, -185, -244, 48, -180, -200, -190, 
-92, -278, -185, 185, 46, -231, -195, -234, 58, -190, -195, -200, 
-92, -278, -185, 185, 46, -231, -195, -234, 58, -190, -195, -200, 
-87, -278, -190, 183, 51, -234, -195, -234, 58, -190, -195, -200, 
-87, -278, -190, 183, 51, -234, -195, -239, 58, -190, -190, -204, 
-92, -278, -185, 185, 46, -231, -185, -239, 48, -180, -190, -195, 
-97, -273, -175, 185, 39, -224, -190, -239, 43, -180, -190, -195, 
-102, -273, -170, 187, 34, -222, -190, -239, 43, -180, -190, -195, 
-107, -273, -165, 190, 29, -219, -190, -239, 43, -180, -190, -195, 
-97, -273, -175, 185, 39, -224, -180, -234, 43, -190, -200, -200, 
-97, -273, -175, 185, 39, -224, -180, -234, 43, -190, -200, -204, 
-97, -273, -175, 185, 39, -224, -180, -234, 43, -190, -195, -204, 
-97, -273, -175, 185, 39, -224, -180, -239, 43, -190, -195, -204, 
-87, -273, -185, 180, 48, -229, -180, -239, 43, -200, -195, -214, 
-87, -273, -185, 180, 48, -229, -180, -239, 43, -195, -200, -204, 
-87, -273, -185, 180, 48, -229, -180, -234, 43, -195, -200, -204, 
-87, -273, -185, 180, 48, -229, -180, -234, 43, -200, -200, -209, 
-107, -263, -156, 185, 24, -209, -180, -234, 43, -190, -204, -219, 
-102, -263, -161, 183, 29, -212, -180, -234, 43, -190, -204, -214, 
-92, -263, -170, 178, 39, -217, -180, -234, 43, -190, -204, -214, 
-87, -263, -175, 175, 43, -219, -175, -234, 43, -190, -209, -209, 
-87, -263, -175, 175, 43, -219, -175, -234, 43, -190, -209, -200, 
-87, -263, -175, 175, 43, -219, -180, -234, 43, -195, -209, -200, 
-82, -263, -180, 173, 48, -222, -185, -234, 43, -195, -209, -204, 
-82, -263, -180, 173, 48, -222, -190, -234, 43, -195, -209, -204, 
-97, -263, -165, 180, 34, -214, -180, -224, 34, -195, -204, -200, 
-102, -263, -161, 183, 29, -212, -180, -224, 34, -195, -204, -200, 
-92, -263, -170, 178, 39, -217, -180, -224, 39, -195, -200, -204, 
-97, -263, -165, 180, 34, -214, -180, -229, 39, -195, -200, -204, 
-87, -263, -175, 175, 43, -219, -180, -224, 39, -195, -200, -209, 
-87, -263, -175, 175, 43, -219, -180, -224, 29, -195, -200, -209, 
-87, -263, -175, 175, 43, -219, -180, -224, 29, -195, -200, -209, 
-87, -263, -175, 175, 43, -219, -180, -224, 34, -195, -200, -204, 
-87, -253, -165, 170, 39, -209, -180, -234, 34, -185, -190, -195, 
-87, -253, -165, 170, 39, -209, -180, -229, 39, -185, -190, -190, 
-87, -253, -165, 170, 39, -209, -180, -229, 39, -185, -190, -190, 
-87, -253, -165, 170, 39, -209, -180, -229, 39, -180, -190, -190, 
-97, -253, -156, 175, 29, -204, -180, -229, 39, -180, -190, -190, 
-97, -248, -151, 173, 26, -200, -180, -229, 39, -180, -190, -190, 
-97, -248, -151, 173, 26, -200, -180, -229, 39, -180, -185, -190, 
-97, -248, -151, 173, 26, -200, -180, -229, 39, -180, -185, -190, 
-97, -244, -146, 170, 24, -195, -180, -214, 43, -175, -175, -190, 
-97, -234, -136, 165, 19, -185, -185, -214, 48, -175, -175, -185, 
-97, -224, -126, 161, 14, -175, -175, -214, 53, -165, -165, -180, 
-97, -224, -126, 161, 14, -175, -175, -214, 58, -165, -165, -175, 
-97, -224, -126, 161, 14, -175, -175, -214, 63, -165, -165, -170, 
-97, -224, -126, 161, 14, -175, -175, -214, 68, -165, -165, -165, 
-92, -209, -117, 151, 12, -163, -175, -224, 58, -165, -165, -165, 
-87, -204, -117, 146, 14, -161, -175, -224, 58, -161, -161, -170, 
-82, -200, -117, 141, 17, -158, -175, -219, 63, -156, -156, -170, 
-78, -200, -122, 139, 21, -161, -175, -219, 68, -156, -156, -175, 
-78, -185, -107, 131, 14, -146, -165, -219, 68, -161, -165, -165, 
-82, -180, -97, 131, 7, -139, -165, -219, 68, -161, -165, -175, 
-87, -180, -92, 134, 2, -136, -165, -229, 63, -165, -165, -175, 
-92, -180, -87, 136, -2, -134, -170, -229, 63, -165, -165, -175, 
-82, -195, -112, 139, 14, -153, -180, -229, 63, -165, -175, -170, 
-82, -195, -112, 139, 14, -153, -175, -229, 63, -165, -175, -170, 
-82, -195, -112, 139, 14, -153, -175, -229, 63, -170, -175, -170, 
-82, -195, -112, 139, 14, -153, -175, -224, 63, -170, -175, -170, 
-92, -195, -102, 143, 4, -148, -185, -224, 68, -165, -175, -180, 
-92, -185, -92, 139, 0, -139, -185, -229, 78, -156, -165, -170, 
-92, -170, -78, 131, -7, -124, -185, -234, 82, -151, -161, -161, 
-87, -161, -73, 124, -7, -117, -190, -234, 87, -146, -156, -156, 
-87, -141, -53, 114, -17, -97, -190, -224, 82, -136, -141, -141, 
-87, -126, -39, 107, -24, -82, -190, -229, 97, -126, -136, -136, 
-82, -112, -29, 97, -26, -70, -204, -239, 97, -117, -126, -131, 
-73, -107, -34, 90, -19, -70, -209, -244, 97, -117, -122, -122, 
-58, -92, -34, 75, -12, -63, -214, -248, 97, -117, -122, -122, 
-58, -92, -34, 75, -12, -63, -224, -248, 92, -122, -117, -117, 
-48, -92, -43, 70, -2, -68, -224, -248, 92, -122, -117, -117, 
-43, -92, -48, 68, 2, -70, -229, -244, 87, -126, -122, -122, 
-43, -112, -68, 78, 12, -90, -229, -229, 92, -122, -126, -126, 
-43, -131, -87, 87, 21, -109, -229, -229, 78, -131, -131, -126, 
-43, -136, -92, 90, 24, -114, -224, -229, 73, -141, -136, -131, 
-48, -146, -97, 97, 24, -122, -224, -224, 58, -146, -146, -136, 
-53, -146, -92, 100, 19, -119, -219, -224, 39, -161, -161, -156, 
-53, -146, -92, 100, 19, -119, -219, -224, 39, -165, -161, -156, 
-53, -151, -97, 102, 21, -124, -219, -219, 39, -165, -161, -156, 
-48, -151, -102, 100, 26, -126, -214, -209, 43, -165, -161, -151, 
-53, -165, -112, 109, 29, -139, -204, -209, 43, -165, -170, -156, 
-53, -170, -117, 112, 31, -143, -204, -209, 39, -165, -170, -156, 
-53, -170, -117, 112, 31, -143, -204, -214, 39, -165, -170, -156, 
-58, -165, -107, 112, 24, -136, -200, -214, 43, -165, -170, -156, 
-58, -156, -97, 107, 19, -126, -209, -200, 53, -151, -156, -146, 
-63, -161, -97, 112, 17, -129, -195, -200, 53, -151, -156, -146, 
-63, -161, -97, 112, 17, -129, -190, -195, 53, -151, -161, -151, 
-78, -165, -87, 122, 4, -126, -185, -195, 53, -151, -165, -151, 
-73, -175, -102, 124, 14, -139, -175, -195, 43, -165, -165, -165, 
-78, -180, -102, 129, 12, -141, -170, -200, 39, -170, -175, -170, 
-82, -190, -107, 136, 12, -148, -170, -204, 29, -180, -180, -175, 
-82, -200, -117, 141, 17, -158, -170, -204, 19, -190, -190, -180, 
-97, -214, -117, 156, 9, -165, -180, -195, 0, -200, -190, -180, 
-97, -224, -126, 161, 14, -175, -185, -190, -9, -204, -200, -185, 
-97, -234, -136, 165, 19, -185, -185, -190, -14, -209, -204, -185, 
-92, -234, -141, 163, 24, -187, -185, -190, -14, -209, -204, -190, 
-82, -234, -151, 158, 34, -192, -180, -180, -14, -219, -214, -195, 
-82, -234, -151, 158, 34, -192, -180, -180, -14, -224, -214, -195, 
-82, -234, -151, 158, 34, -192, -175, -180, -14, -224, -214, -195, 
-82, -234, -151, 158, 34, -192, -165, -180, -14, -224, -214, -195, 
-82, -224, -141, 153, 29, -183, -170, -180, -4, -214, -214, -204, 
-82, -224, -141, 153, 29, -183, -170, -180, 0, -214, -214, -209, 
-82, -229, -146, 156, 31, -187, -170, -180, 0, -214, -214, -209, 
-82, -229, -146, 156, 31, -187, -170, -180, -4, -214, -214, -204, 
-78, -229, -151, 153, 36, -190, -170, -180, -9, -219, -204, -195, 
-78, -229, -151, 153, 36, -190, -170, -175, -9, -219, -209, -195, 
-78, -229, -151, 153, 36, -190, -170, -175, -9, -219, -209, -195, 
-82, -229, -146, 156, 31, -187, -170, -175, -4, -219, -209, -200, 
-82, -229, -146, 156, 31, -187, -165, -175, -14, -214, -209, -200, 
-82, -234, -151, 158, 34, -192, -165, -175, -14, -219, -214, -200, 
-82, -234, -151, 158, 34, -192, -165, -170, -14, -219, -214, -200, 
-82, -234, -151, 158, 34, -192, -161, -170, -14, -214, -214, -200, 
-97, -229, -131, 163, 17, -180, -170, -170, -4, -214, -219, -209, 
-97, -229, -131, 163, 17, -180, -170, -170, -4, -214, -219, -209, 
-97, -229, -131, 163, 17, -180, -165, -165, -9, -219, -224, -214, 
-97, -229, -131, 163, 17, -180, -165, -165, -9, -224, -224, -214, 
-97, -229, -131, 163, 17, -180, -161, -165, -9, -224, -224, -214, 
-97, -229, -131, 163, 17, -180, -161, -165, -9, -219, -224, -214, 
-97, -229, -131, 163, 17, -180, -161, -165, -9, -219, -224, -214, 
-97, -229, -131, 163, 17, -180, -161, -161, -4, -219, -224, -214, 
-107, -239, -131, 173, 12, -185, -146, -161, -4, -219, -214, -214, 
-107, -239, -131, 173, 12, -185, -141, -165, -4, -219, -214, -214, 
-112, -239, -126, 175, 7, -183, -141, -165, -9, -219, -214, -209, 
-112, -239, -126, 175, 7, -183, -141, -165, -9, -224, -214, -209, 
-102, -239, -136, 170, 17, -187, -151, -156, -9, -214, -214, -200, 
-97, -229, -131, 163, 17, -180, -151, -156, -9, -214, -214, -204, 
-87, -229, -141, 158, 26, -185, -146, -161, -9, -214, -219, -200, 
-87, -239, -151, 163, 31, -195, -146, -156, -19, -219, -229, -214, 
-82, -248, -165, 165, 41, -207, -141, -141, -19, -229, -234, -224, 
-82, -258, -175, 170, 46, -217, -131, -136, -9, -239, -239, -234, 
-97, -278, -180, 187, 41, -229, -117, -112, -19, -258, -253, -244, 
-117, -307, -190, 212, 36, -248, -82, -82, -19, -292, -287, -283, 
-136, -341, -204, 239, 34, -273, -24, -39, -9, -317, -346, -331, 
-146, -370, -224, 258, 39, -297, 29, 9, 14, -341, -390, -385, 
-156, -409, -253, 283, 48, -331, 82, 73, 43, -351, -439, -429, 
-156, -419, -263, 287, 53, -341, 117, 117, 68, -351, -453, -463, 
-156, -400, -244, 278, 43, -322, 131, 136, 107, -331, -444, -463, 
-146, -336, -190, 241, 21, -263, 122, 136, 156, -268, -400, -429, 
-117, -263, -146, 190, 14, -204, 82, 117, 224, -195, -317, -366, 
-53, -180, -126, 117, 36, -153, 24, 92, 283, -107, -224, -268, 
29, -63, -92, 17, 61, -78, -43, 68, 375, 4, -102, -151, 
107, 82, -24, -95, 65, 29, -107, 48, 497, 165, 63, 4, 
204, 234, 29, -219, 87, 131, -170, 53, 629, 351, 234, 170, 
302, 390, 87, -346, 107, 239, -278, 34, 756, 556, 439, 370, 
395, 570, 175, -483, 109, 373, -400, -34, 878, 780, 678, 595, 
434, 741, 307, -588, 63, 524, -527, -180, 922, 971, 902, 819, 
444, 888, 444, -666, 0, 666, -663, -385, 868, 1088, 1098, 1029, 
424, 1039, 614, -732, -95, 827, -819, -629, 771, 1176, 1278, 1224, 
395, 1156, 761, -775, -183, 958, -941, -849, 707, 1254, 1415, 1376, 
351, 1166, 814, -758, -231, 990, -976, -971, 736, 1351, 1503, 1454, 
292, 1083, 790, -688, -248, 936, -946, -1000, 775, 1400, 1517, 1464, 
244, 961, 717, -602, -236, 839, -902, -980, 722, 1332, 1439, 1400, 
209, 810, 600, -509, -195, 705, -844, -941, 536, 1112, 1244, 1254, 
141, 688, 546, -414, -202, 617, -795, -897, 302, 810, 990, 1058, 
48, 619, 570, -334, -261, 595, -766, -878, 73, 488, 736, 839, 
-29, 527, 556, -248, -292, 541, -732, -868, -156, 185, 497, 619, 
-102, 331, 434, -114, -268, 383, -629, -800, -346, -73, 239, 380, 
-161, 92, 253, 34, -207, 173, -512, -683, -488, -287, -9, 131, 
-190, -92, 97, 141, -143, 2, -414, -561, -595, -453, -200, -58, 
-204, -219, -14, 212, -95, -117, -336, -463, -644, -541, -297, -156, 
-200, -297, -97, 248, -51, -197, -278, -385, -614, -561, -351, -209, 
-200, -312, -112, 256, -43, -212, -258, -341, -580, -561, -366, -244, 
-200, -287, -87, 244, -56, -187, -268, -331, -556, -556, -366, -248, 
-185, -239, -53, 212, -65, -146, -292, -331, -507, -507, -351, -244, 
-175, -190, -14, 183, -80, -102, -292, -326, -434, -434, -307, -224, 
-170, -161, 9, 165, -90, -75, -287, -297, -336, -366, -263, -200, 
-151, -136, 14, 143, -82, -61, -283, -273, -244, -297, -244, -180, 
-141, -117, 24, 129, -82, -46, -273, -253, -161, -268, -224, -170, 
-131, -117, 14, 124, -73, -51, -258, -239, -107, -248, -204, -170, 
-107, -122, -14, 114, -46, -68, -244, -204, -63, -234, -204, -170, 
-92, -122, -29, 107, -31, -75, -219, -190, -29, -224, -204, -165, 
-92, -112, -19, 102, -36, -65, -209, -175, -29, -219, -200, -165, 
-87, -112, -24, 100, -31, -68, -195, -165, -19, -204, -190, -156, 
-82, -131, -48, 107, -17, -90, -180, -156, -19, -190, -190, -161, 
-82, -146, -63, 114, -9, -104, -170, -131, -14, -180, -190, -161, 
-92, -165, -73, 129, -9, -119, -151, -117, 0, -180, -190, -161, 
-87, -170, -82, 129, -2, -126, -156, -102, 9, -185, -185, -165, 
-78, -180, -102, 129, 12, -141, -151, -92, 24, -185, -195, -180, 
-82, -170, -87, 126, 2, -129, -146, -87, 39, -195, -204, -185, 
-82, -170, -87, 126, 2, -129, -141, -87, 39, -195, -204, -190, 
-82, -170, -87, 126, 2, -129, -136, -92, 43, -195, -204, -190, 
-73, -165, -92, 119, 9, -129, -131, -97, 48, -195, -204, -190, 
-82, -156, -73, 119, -4, -114, -126, -107, 39, -195, -204, -190, 
-82, -151, -68, 117, -7, -109, -117, -102, 39, -185, -204, -190, 
-82, -146, -63, 114, -9, -104, -112, -102, 39, -180, -200, -185, 
-82, -146, -63, 114, -9, -104, -102, -97, 43, -180, -200, -185, 
-82, -156, -73, 119, -4, -114, -102, -87, 48, -180, -190, -185, 
-82, -151, -68, 117, -7, -109, -102, -78, 48, -180, -195, -185, 
-78, -151, -73, 114, -2, -112, -102, -73, 53, -180, -195, -185, 
-78, -151, -73, 114, -2, -112, -102, -68, 58, -180, -195, -185, 
-78, -151, -73, 114, -2, -112, -112, -78, 58, -175, -195, -185, 
-78, -151, -73, 114, -2, -112, -117, -78, 58, -175, -195, -185, 
-78, -151, -73, 114, -2, -112, -117, -78, 58, -175, -190, -180, 
-73, -151, -78, 112, 2, -114, -117, -78, 58, -175, -190, -180, 
-73, -136, -63, 104, -4, -100, -126, -82, 53, -170, -190, -180, 
-73, -136, -63, 104, -4, -100, -126, -82, 58, -170, -185, -180, 
-68, -136, -68, 102, 0, -102, -122, -78, 58, -165, -185, -180, 
-63, -136, -73, 100, 4, -104, -122, -73, 68, -165, -185, -180, 
-63, -131, -68, 97, 2, -100, -122, -73, 68, -165, -185, -175, 
-68, -131, -63, 100, -2, -97, -122, -73, 63, -165, -185, -175, 
-68, -131, -63, 100, -2, -97, -117, -73, 63, -165, -180, -175, 
-68, -131, -63, 100, -2, -97, -117, -73, 68, -161, -180, -175, 
-68, -126, -58, 97, -4, -92, -117, -73, 68, -156, -175, -175, 
-68, -122, -53, 95, -7, -87, -117, -73, 68, -156, -175, -175, 
-63, -117, -53, 90, -4, -85, -117, -68, 73, -156, -170, -175, 
-63, -117, -53, 90, -4, -85, -117, -68, 73, -151, -170, -175, 
-68, -112, -43, 90, -12, -78, -117, -78, 73, -151, -170, -180, 
-68, -112, -43, 90, -12, -78, -117, -78, 78, -151, -165, -180, 
-68, -112, -43, 90, -12, -78, -117, -78, 78, -151, -165, -180, 
-63, -112, -48, 87, -7, -80, -117, -73, 78, -146, -170, -180, 
-63, -112, -48, 87, -7, -80, -126, -73, 82, -156, -180, -180, 
-63, -112, -48, 87, -7, -80, -126, -73, 82, -156, -175, -180, 
-68, -107, -39, 87, -14, -73, -122, -73, 82, -156, -175, -180, 
-68, -102, -34, 85, -17, -68, -122, -73, 82, -151, -175, -180, 
-63, -97, -34, 80, -14, -65, -126, -73, 87, -151, -175, -185, 
-58, -87, -29, 73, -14, -58, -126, -73, 87, -151, -170, -185, 
-58, -82, -24, 70, -17, -53, -126, -73, 87, -151, -170, -185, 
-63, -78, -14, 70, -24, -46, -126, -73, 92, -151, -170, -185, 
-58, -82, -24, 70, -17, -53, -122, -73, 92, -146, -170, -170, 
-58, -82, -24, 70, -17, -53, -122, -73, 97, -146, -175, -170, 
-58, -82, -24, 70, -17, -53, -126, -68, 97, -141, -175, -170, 
-53, -82, -29, 68, -12, -56, -126, -68, 97, -136, -165, -170, 
-53, -78, -24, 65, -14, -51, -126, -68, 97, -136, -165, -165, 
-53, -78, -24, 65, -14, -51, -131, -68, 102, -136, -161, -165, 
-53, -78, -24, 65, -14, -51, -136, -63, 107, -131, -161, -165, 
-53, -73, -19, 63, -17, -46, -136, -63, 107, -131, -161, -165, 
-63, -63, 0, 63, -31, -31, -136, -53, 122, -131, -151, -151, 
-58, -63, -4, 61, -26, -34, -136, -53, 122, -131, -151, -151, 
-53, -63, -9, 58, -21, -36, -141, -53, 122, -131, -151, -156, 
-53, -63, -9, 58, -21, -36, -141, -53, 122, -126, -146, -156, 
-63, -58, 4, 61, -34, -26, -126, -53, 117, -126, -146, -161, 
-63, -53, 9, 58, -36, -21, -117, -53, 122, -122, -146, -161, 
-63, -53, 9, 58, -36, -21, -107, -53, 122, -122, -146, -161, 
-58, -53, 4, 56, -31, -24, -102, -53, 122, -122, -141, -156, 
-53, -48, 4, 51, -29, -21, -112, -58, 126, -131, -146, -156, 
-53, -43, 9, 48, -31, -17, -112, -58, 126, -126, -146, -156, 
-53, -43, 9, 48, -31, -17, -112, -58, 126, -126, -146, -156, 
-53, -43, 9, 48, -31, -17, -112, -58, 126, -126, -151, -156, 
-53, -43, 9, 48, -31, -17, -126, -53, 126, -122, -146, -146, 
-39, -39, 0, 39, -19, -19, -131, -53, 131, -117, -146, -151, 
-39, -39, 0, 39, -19, -19, -131, -48, 136, -107, -141, -151, 
-39, -39, 0, 39, -19, -19, -131, -48, 141, -102, -136, -146, 
-48, -39, 9, 43, -29, -14, -126, -48, 141, -97, -126, -146, 
-43, -39, 4, 41, -24, -17, -126, -48, 146, -97, -122, -146, 
-43, -34, 9, 39, -26, -12, -126, -48, 156, -87, -122, -141, 
-43, -34, 9, 39, -26, -12, -126, -48, 161, -87, -117, -141, 
-43, -24, 19, 34, -31, -2, -141, -48, 156, -97, -126, -141, 
-43, -24, 19, 34, -31, -2, -141, -43, 156, -92, -122, -136, 
-39, -24, 14, 31, -26, -4, -146, -43, 161, -87, -112, -136, 
-34, -19, 14, 26, -24, -2, -146, -39, 165, -82, -112, -136, 
-34, -19, 14, 26, -24, -2, -136, -43, 175, -68, -107, -136, 
-34, -9, 24, 21, -29, 7, -136, -43, 180, -68, -107, -126, 
-34, -4, 29, 19, -31, 12, -136, -43, 185, -63, -107, -126, 
-24, 0, 24, 12, -24, 12, -136, -34, 190, -53, -107, -117, 
-24, 4, 29, 9, -26, 17, -136, -29, 190, -48, -87, -117, 
-24, 14, 39, 4, -31, 26, -136, -24, 200, -48, -78, -117, 
-19, 14, 34, 2, -26, 24, -136, -24, 204, -43, -73, -117, 
-19, 14, 34, 2, -26, 24, -136, -24, 209, -39, -68, -112, 
-9, 19, 29, -4, -19, 24, -146, -24, 200, -39, -73, -107, 
-9, 29, 39, -9, -24, 34, -146, -29, 204, -39, -73, -107, 
-4, 34, 39, -14, -21, 36, -146, -34, 209, -43, -73, -102, 
0, 43, 43, -21, -21, 43, -146, -39, 214, -43, -73, -102, 
-9, 58, 68, -24, -39, 63, -156, -43, 214, -39, -73, -107, 
-4, 63, 68, -29, -36, 65, -156, -43, 214, -29, -68, -102, 
-4, 63, 68, -29, -36, 65, -151, -39, 214, -19, -68, -97, 
-9, 68, 78, -29, -43, 73, -151, -39, 224, -9, -68, -92, 
-9, 73, 82, -31, -46, 78, -151, -34, 229, -9, -53, -78, 
-4, 78, 82, -36, -43, 80, -151, -34, 234, -9, -43, -73, 
4, 82, 78, -43, -36, 80, -151, -34, 234, -4, -34, -73, 
9, 92, 82, -51, -36, 87, -161, -34, 234, -4, -34, -68, 
4, 92, 87, -48, -41, 90, -161, -34, 234, -4, -39, -73, 
9, 97, 87, -53, -39, 92, -170, -39, 234, 0, -34, -68, 
9, 102, 92, -56, -41, 97, -175, -39, 234, 0, -34, -63, 
9, 107, 97, -58, -43, 102, -175, -39, 234, 0, -29, -63, 
19, 122, 102, -70, -41, 112, -175, -43, 234, 9, -39, -58, 
24, 126, 102, -75, -39, 114, -185, -53, 229, 9, -39, -58, 
24, 126, 102, -75, -39, 114, -185, -53, 229, 9, -34, -53, 
24, 126, 102, -75, -39, 114, -185, -43, 229, 9, -29, -53, 
29, 131, 102, -80, -36, 117, -185, -43, 219, 9, -14, -48, 
29, 131, 102, -80, -36, 117, -185, -48, 224, 14, -14, -43, 
19, 136, 117, -78, -48, 126, -190, -48, 224, 19, -14, -39, 
19, 136, 117, -78, -48, 126, -190, -53, 224, 19, -14, -39, 
19, 141, 122, -80, -51, 131, -190, -53, 224, 19, -9, -39, 
24, 141, 117, -82, -46, 129, -190, -58, 224, 14, -9, -39, 
29, 141, 112, -85, -41, 126, -190, -63, 214, 14, -14, -34, 
34, 141, 107, -87, -36, 124, -200, -68, 214, 14, -14, -34, 
24, 141, 117, -82, -46, 129, -200, -68, 214, 9, -14, -34, 
24, 141, 117, -82, -46, 129, -200, -68, 214, 9, -14, -34, 
24, 141, 117, -82, -46, 129, -204, -73, 204, 9, -14, -34, 
24, 141, 117, -82, -46, 129, -204, -78, 204, 9, -14, -34, 
24, 141, 117, -82, -46, 129, -209, -87, 200, -4, -24, -39, 
19, 141, 122, -80, -51, 131, -209, -92, 190, -9, -24, -39, 
19, 141, 122, -80, -51, 131, -209, -92, 185, -9, -24, -39, 
19, 141, 122, -80, -51, 131, -209, -92, 180, -4, -24, -39, 
19, 151, 131, -85, -56, 141, -209, -102, 175, -14, -24, -43, 
14, 146, 131, -80, -58, 139, -209, -102, 170, -14, -29, -43, 
14, 146, 131, -80, -58, 139, -204, -107, 165, -19, -29, -43, 
9, 146, 136, -78, -63, 141, -204, -107, 161, -24, -34, -43, 
9, 141, 131, -75, -61, 136, -204, -112, 170, -34, -34, -58, 
9, 141, 131, -75, -61, 136, -204, -122, 165, -34, -39, -58, 
4, 141, 136, -73, -65, 139, -204, -126, 161, -39, -39, -53, 
4, 141, 136, -73, -65, 139, -209, -136, 156, -43, -43, -53, 
9, 136, 126, -73, -58, 131, -209, -131, 161, -39, -34, -58, 
0, 136, 136, -68, -68, 136, -204, -136, 161, -39, -34, -58, 
-4, 131, 136, -63, -70, 134, -204, -141, 161, -39, -34, -58, 
-4, 131, 136, -63, -70, 134, -204, -146, 161, -39, -34, -58, 
-14, 131, 146, -58, -80, 139, -195, -156, 151, -43, -48, -58, 
-29, 126, 156, -48, -92, 141, -195, -156, 146, -48, -53, -73, 
-34, 117, 151, -41, -92, 134, -195, -165, 141, -53, -63, -73, 
-39, 102, 141, -31, -90, 122, -195, -180, 141, -58, -68, -82, 
-43, 107, 151, -31, -97, 129, -185, -170, 146, -63, -63, -78, 
-43, 102, 146, -29, -95, 124, -185, -175, 141, -68, -68, -78, 
-48, 97, 146, -24, -97, 122, -180, -175, 136, -73, -68, -87, 
-48, 92, 141, -21, -95, 117, -180, -185, 131, -78, -68, -92, 
-53, 97, 151, -21, -102, 124, -190, -185, 136, -73, -73, -97, 
-58, 92, 151, -17, -104, 122, -190, -190, 131, -73, -78, -97, 
-63, 87, 151, -12, -107, 119, -185, -195, 131, -78, -78, -102, 
-78, 82, 161, -2, -119, 122, -185, -195, 126, -78, -78, -107, 
-73, 78, 151, -2, -112, 114, -190, -200, 126, -92, -92, -122, 
-78, 73, 151, 2, -114, 112, -185, -200, 122, -97, -97, -126, 
-78, 63, 141, 7, -109, 102, -175, -204, 117, -102, -102, -131, 
-87, 63, 151, 12, -119, 107, -175, -204, 112, -102, -112, -136, 
-87, 58, 146, 14, -117, 102, -165, -200, 112, -122, -131, -151, 
-87, 53, 141, 17, -114, 97, -156, -204, 102, -131, -136, -156, 
-87, 43, 131, 21, -109, 87, -156, -204, 102, -131, -141, -161, 
-92, 34, 126, 29, -109, 80, -165, -209, 97, -136, -146, -165, 
-97, 34, 131, 31, -114, 82, -161, -209, 102, -136, -136, -156, 
-102, 29, 131, 36, -117, 80, -151, -209, 102, -131, -136, -161, 
-117, 24, 141, 46, -129, 82, -146, -209, 97, -131, -141, -161, 
-122, 19, 141, 51, -131, 80, -141, -209, 97, -126, -146, -161, 
-117, 24, 141, 46, -129, 82, -156, -219, 97, -131, -141, -170, 
-117, 29, 146, 43, -131, 87, -156, -219, 97, -136, -141, -175, 
-117, 29, 146, 43, -131, 87, -156, -214, 92, -136, -141, -175, 
-122, 29, 151, 46, -136, 90, -151, -214, 87, -136, -146, -180, 
-117, 29, 146, 43, -131, 87, -146, -219, 87, -151, -156, -185, 
-117, 29, 146, 43, -131, 87, -146, -219, 87, -151, -156, -185, 
-122, 29, 151, 46, -136, 90, -146, -219, 87, -151, -156, -180, 
-122, 29, 151, 46, -136, 90, -146, -219, 87, -151, -156, -180, 
-122, 29, 151, 46, -136, 90, -151, -219, 87, -141, -161, -180, 
-122, 29, 151, 46, -136, 90, -151, -219, 87, -141, -161, -180, 
-122, 34, 156, 43, -139, 95, -156, -219, 87, -141, -161, -180, 
-117, 34, 151, 41, -134, 92, -161, -219, 87, -141, -161, -185, 
-126, 34, 161, 46, -143, 97, -170, -224, 92, -136, -161, -195, 
-126, 29, 156, 48, -141, 92, -170, -224, 97, -136, -161, -195, 
-126, 29, 156, 48, -141, 92, -170, -234, 97, -136, -161, -190, 
-126, 29, 156, 48, -141, 92, -170, -239, 102, -136, -156, -190, 
-126, 29, 156, 48, -141, 92, -170, -239, 102, -146, -156, -180, 
-126, 29, 156, 48, -141, 92, -170, -229, 102, -141, -156, -180, 
-126, 24, 151, 51, -139, 87, -165, -224, 107, -141, -156, -180, 
-126, 24, 151, 51, -139, 87, -165, -219, 107, -146, -156, -180, 
-126, 29, 156, 48, -141, 92, -156, -229, 102, -146, -161, -185, 
-126, 29, 156, 48, -141, 92, -151, -229, 102, -146, -161, -185, 
-126, 34, 161, 46, -143, 97, -146, -229, 102, -146, -156, -185, 
-126, 34, 161, 46, -143, 97, -141, -229, 102, -141, -156, -185, 
-122, 24, 146, 48, -134, 85, -136, -234, 92, -141, -156, -195, 
-122, 29, 151, 46, -136, 90, -131, -234, 92, -141, -161, -195, 
-122, 29, 151, 46, -136, 90, -122, -234, 92, -146, -161, -195, 
-117, 29, 146, 43, -131, 87, -117, -234, 92, -146, -161, -195, 
-126, 29, 156, 48, -141, 92, -117, -234, 97, -131, -161, -195, 
-122, 29, 151, 46, -136, 90, -122, -229, 102, -131, -156, -195, 
-122, 29, 151, 46, -136, 90, -131, -229, 107, -131, -156, -190, 
-122, 39, 161, 41, -141, 100, -136, -229, 112, -131, -156, -190, 
-122, 39, 161, 41, -141, 100, -136, -239, 107, -131, -156, -190, 
-122, 39, 161, 41, -141, 100, -136, -239, 107, -131, -156, -190, 
-122, 39, 161, 41, -141, 100, -136, -239, 107, -126, -156, -190, 
-122, 43, 165, 39, -143, 104, -136, -239, 107, -126, -156, -190, 
-122, 39, 161, 41, -141, 100, -136, -239, 107, -126, -156, -200, 
-122, 48, 170, 36, -146, 109, -136, -239, 107, -131, -156, -200, 
-122, 48, 170, 36, -146, 109, -136, -239, 107, -131, -156, -200, 
-122, 48, 170, 36, -146, 109, -136, -239, 107, -126, -156, -200, 
-122, 53, 175, 34, -148, 114, -146, -248, 117, -126, -156, -200, 
-122, 53, 175, 34, -148, 114, -146, -248, 117, -126, -156, -200, 
-122, 53, 175, 34, -148, 114, -146, -248, 117, -126, -156, -200, 
-122, 63, 185, 29, -153, 124, -146, -253, 117, -126, -156, -200, 
-122, 63, 185, 29, -153, 124, -146, -263, 117, -126, -156, -200, 
-122, 63, 185, 29, -153, 124, -146, -263, 122, -126, -151, -200, 
-122, 68, 190, 26, -156, 129, -146, -263, 122, -122, -151, -200, 
-122, 68, 190, 26, -156, 129, -146, -263, 122, -122, -151, -200, 
-131, 63, 195, 34, -163, 129, -156, -263, 122, -126, -141, -190, 
-131, 63, 195, 34, -163, 129, -156, -263, 122, -126, -141, -185, 
-131, 63, 195, 34, -163, 129, -156, -258, 122, -122, -141, -185, 
-131, 63, 195, 34, -163, 129, -156, -258, 126, -122, -141, -185, 
-122, 73, 195, 24, -158, 134, -156, -263, 131, -112, -141, -185, 
-122, 78, 200, 21, -161, 139, -156, -263, 131, -112, -141, -185, 
-122, 78, 200, 21, -161, 139, -156, -263, 131, -112, -141, -185, 
-122, 78, 200, 21, -161, 139, -156, -268, 131, -112, -141, -185, 
-122, 82, 204, 19, -163, 143, -156, -263, 131, -122, -141, -185, 
-122, 87, 209, 17, -165, 148, -156, -268, 131, -122, -141, -180, 
-122, 92, 214, 14, -168, 153, -156, -268, 131, -117, -131, -180, 
-122, 92, 214, 14, -168, 153, -156, -263, 131, -112, -131, -180, 
-122, 82, 204, 19, -163, 143, -165, -253, 131, -117, -141, -185, 
-117, 82, 200, 17, -158, 141, -170, -258, 131, -117, -141, -185, 
-117, 82, 200, 17, -158, 141, -170, -263, 126, -126, -146, -190, 
-117, 82, 200, 17, -158, 141, -170, -283, 126, -126, -146, -190, 
-122, 82, 204, 19, -163, 143, -175, -273, 126, -122, -146, -185, 
-122, 87, 209, 17, -165, 148, -175, -278, 126, -122, -146, -185, 
-117, 87, 204, 14, -161, 146, -175, -283, 126, -122, -146, -185, 
-117, 87, 204, 14, -161, 146, -170, -283, 126, -122, -146, -185, 
-117, 87, 204, 14, -161, 146, -180, -273, 126, -112, -136, -185, 
-117, 82, 200, 17, -158, 141, -180, -273, 126, -112, -136, -185, 
-117, 82, 200, 17, -158, 141, -180, -273, 126, -112, -136, -185, 
-117, 82, 200, 17, -158, 141, -175, -268, 126, -112, -136, -185, 
-107, 82, 190, 12, -148, 136, -175, -278, 117, -122, -136, -185, 
-102, 82, 185, 9, -143, 134, -175, -283, 117, -126, -136, -180, 
-102, 82, 185, 9, -143, 134, -175, -283, 117, -126, -136, -180, 
-102, 87, 190, 7, -146, 139, -170, -283, 112, -126, -141, -180, 
-112, 78, 190, 17, -151, 134, -156, -283, 112, -126, -141, -190, 
-112, 78, 190, 17, -151, 134, -151, -283, 117, -126, -141, -190, 
-112, 78, 190, 17, -151, 134, -146, -283, 117, -126, -141, -190, 
-112, 78, 190, 17, -151, 134, -141, -283, 112, -126, -141, -190, 
-117, 78, 195, 19, -156, 136, -141, -283, 112, -136, -151, -190, 
-117, 78, 195, 19, -156, 136, -146, -278, 107, -136, -151, -190, 
-117, 78, 195, 19, -156, 136, -146, -278, 107, -136, -151, -190, 
-117, 78, 195, 19, -156, 136, -151, -283, 112, -136, -151, -180, 
-107, 78, 185, 14, -146, 131, -161, -292, 112, -126, -151, -190, 
-107, 78, 185, 14, -146, 131, -161, -287, 112, -126, -151, -190, 
-102, 78, 180, 12, -141, 129, -161, -287, 112, -126, -151, -195, 
-102, 78, 180, 12, -141, 129, -161, -292, 112, -126, -151, -195, 
-117, 82, 200, 17, -158, 141, -156, -302, 102, -126, -151, -195, 
-117, 87, 204, 14, -161, 146, -156, -297, 102, -126, -151, -195, 
-117, 92, 209, 12, -163, 151, -156, -297, 102, -131, -151, -195, 
-117, 97, 214, 9, -165, 156, -156, -297, 97, -131, -151, -195, 
-117, 82, 200, 17, -158, 141, -156, -287, 107, -122, -141, -185, 
-117, 82, 200, 17, -158, 141, -156, -292, 107, -122, -141, -185, 
-117, 82, 200, 17, -158, 141, -156, -292, 107, -126, -141, -185, 
-117, 82, 200, 17, -158, 141, -156, -292, 107, -126, -141, -185, 
-107, 87, 195, 9, -151, 141, -165, -292, 97, -136, -151, -195, 
-107, 87, 195, 9, -151, 141, -165, -297, 97, -136, -156, -195, 
-107, 82, 190, 12, -148, 136, -165, -297, 97, -141, -156, -195, 
-107, 82, 190, 12, -148, 136, -165, -292, 92, -141, -151, -195, 
-117, 82, 200, 17, -158, 141, -165, -302, 92, -141, -151, -195, 
-117, 82, 200, 17, -158, 141, -165, -302, 92, -141, -151, -195, 
-117, 82, 200, 17, -158, 141, -165, -302, 97, -141, -151, -195, 
-131, 82, 214, 24, -173, 148, -165, -302, 97, -141, -151, -200, 
-126, 73, 200, 26, -163, 136, -165, -302, 97, -131, -151, -190, 
-126, 68, 195, 29, -161, 131, -165, -302, 97, -131, -156, -190, 
-126, 68, 195, 29, -161, 131, -165, -307, 97, -141, -156, -190, 
-122, 68, 190, 26, -156, 129, -165, -307, 92, -141, -156, -190, 
-112, 68, 180, 21, -146, 124, -165, -302, 97, -141, -156, -200, 
-117, 68, 185, 24, -151, 126, -165, -302, 97, -141, -156, -200, 
-122, 68, 190, 26, -156, 129, -165, -307, 92, -141, -156, -200, 
-126, 68, 195, 29, -161, 131, -165, -307, 92, -141, -156, -204, 
-122, 73, 195, 24, -158, 134, -165, -312, 82, -141, -156, -195, 
-117, 78, 195, 19, -156, 136, -165, -312, 82, -146, -161, -204, 
-131, 82, 214, 24, -173, 148, -170, -312, 82, -146, -161, -204, 
-126, 87, 214, 19, -170, 151, -175, -312, 82, -146, -161, -200, 
-136, 87, 224, 24, -180, 156, -165, -322, 87, -151, -170, -200, 
-131, 87, 219, 21, -175, 153, -165, -326, 87, -151, -170, -204, 
-117, 87, 204, 14, -161, 146, -170, -326, 87, -151, -170, -204, 
-117, 87, 204, 14, -161, 146, -170, -326, 87, -151, -170, -204, 
-122, 78, 200, 21, -161, 139, -170, -331, 87, -151, -170, -204, 
-122, 78, 200, 21, -161, 139, -170, -331, 87, -151, -170, -204, 
-126, 78, 204, 24, -165, 141, -170, -331, 87, -151, -170, -200, 
-126, 78, 204, 24, -165, 141, -170, -326, 92, -151, -165, -200, 
-126, 78, 204, 24, -165, 141, -170, -322, 82, -151, -165, -209, 
-126, 82, 209, 21, -168, 146, -170, -322, 82, -151, -170, -209, 
-126, 82, 209, 21, -168, 146, -170, -326, 78, -151, -170, -209, 
-126, 82, 209, 21, -168, 146, -170, -331, 78, -151, -170, -209, 
-131, 87, 219, 21, -175, 153, -180, -331, 87, -151, -170, -209, 
-131, 87, 219, 21, -175, 153, -180, -331, 87, -151, -170, -214, 
-131, 82, 214, 24, -173, 148, -175, -331, 87, -151, -170, -214, 
-131, 82, 214, 24, -173, 148, -175, -331, 87, -151, -170, -209, 
-131, 82, 214, 24, -173, 148, -165, -331, 78, -161, -175, -209, 
-131, 82, 214, 24, -173, 148, -165, -331, 78, -161, -175, -209, 
-126, 82, 209, 21, -168, 146, -165, -331, 78, -161, -175, -209, 
-126, 82, 209, 21, -168, 146, -165, -336, 78, -161, -170, -214, 
-126, 92, 219, 17, -173, 156, -156, -336, 78, -151, -180, -214, 
-126, 97, 224, 14, -175, 161, -161, -336, 73, -151, -180, -214, 
-126, 97, 224, 14, -175, 161, -161, -336, 73, -151, -180, -214, 
-126, 97, 224, 14, -175, 161, -161, -336, 73, -151, -180, -214, 
-136, 92, 229, 21, -183, 161, -161, -341, 73, -151, -180, -209, 
-136, 87, 224, 24, -180, 156, -161, -341, 73, -151, -180, -214, 
-136, 82, 219, 26, -178, 151, -161, -341, 73, -151, -175, -214, 
-136, 78, 214, 29, -175, 146, -161, -346, 73, -151, -175, -214, 
-136, 87, 224, 24, -180, 156, -161, -346, 73, -161, -175, -219, 
-136, 87, 224, 24, -180, 156, -161, -346, 73, -156, -180, -214, 
-136, 87, 224, 24, -180, 156, -161, -341, 73, -156, -180, -219, 
-136, 87, 224, 24, -180, 156, -161, -341, 73, -161, -180, -229, 
-156, 87, 244, 34, -200, 165, -170, -351, 73, -151, -175, -229, 
-151, 87, 239, 31, -195, 163, -170, -351, 73, -151, -175, -224, 
-141, 87, 229, 26, -185, 158, -170, -351, 73, -151, -175, -224, 
-136, 87, 224, 24, -180, 156, -165, -351, 73, -151, -180, -219, 
-136, 87, 224, 24, -180, 156, -170, -351, 82, -151, -180, -219, 
-136, 87, 224, 24, -180, 156, -170, -351, 82, -156, -180, -219, 
-131, 87, 219, 21, -175, 153, -170, -351, 82, -156, -180, -224, 
-131, 87, 219, 21, -175, 153, -170, -351, 82, -156, -180, -224, 
-141, 97, 239, 21, -190, 168, -170, -351, 82, -156, -175, -219, 
-141, 97, 239, 21, -190, 168, -170, -351, 82, -156, -175, -219, 
-126, 97, 224, 14, -175, 161, -170, -351, 87, -156, -170, -224, 
-126, 97, 224, 14, -175, 161, -170, -356, 87, -156, -170, -224, 
-136, 97, 234, 19, -185, 165, -170, -361, 87, -156, -180, -229, 
-136, 97, 234, 19, -185, 165, -170, -361, 78, -156, -180, -229, 
-136, 97, 234, 19, -185, 165, -170, -361, 78, -156, -180, -229, 
-136, 97, 234, 19, -185, 165, -170, -361, 82, -156, -180, -224, 
-126, 97, 224, 14, -175, 161, -170, -370, 73, -156, -180, -224, 
-126, 97, 224, 14, -175, 161, -170, -366, 78, -156, -180, -219, 
-126, 97, 224, 14, -175, 161, -170, -366, 78, -156, -180, -219, 
-126, 97, 224, 14, -175, 161, -170, -366, 78, -151, -180, -219, 
-126, 97, 224, 14, -175, 161, -180, -366, 78, -161, -190, -229, 
-126, 102, 229, 12, -178, 165, -180, -366, 78, -161, -190, -229, 
-126, 102, 229, 12, -178, 165, -180, -366, 78, -161, -185, -229, 
-126, 102, 229, 12, -178, 165, -180, -366, 78, -161, -185, -229, 
-136, 107, 244, 14, -190, 175, -170, -361, 82, -146, -185, -219, 
-126, 107, 234, 9, -180, 170, -170, -361, 92, -146, -180, -219, 
-126, 107, 234, 9, -180, 170, -170, -370, 87, -146, -180, -229, 
-136, 117, 253, 9, -195, 185, -165, -370, 87, -146, -175, -234, 
-126, 131, 258, -2, -192, 195, -165, -370, 92, -136, -165, -229, 
-126, 136, 263, -4, -195, 200, -165, -370, 97, -136, -165, -224, 
-126, 141, 268, -7, -197, 204, -165, -370, 102, -136, -165, -219, 
-126, 146, 273, -9, -200, 209, -165, -370, 107, -136, -165, -214, 
-136, 151, 287, -7, -212, 219, -165, -375, 107, -136, -165, -209, 
-136, 156, 292, -9, -214, 224, -165, -380, 107, -131, -161, -209, 
-136, 161, 297, -12, -217, 229, -165, -380, 112, -126, -156, -204, 
-136, 161, 297, -12, -217, 229, -165, -385, 117, -126, -156, -204, 
-131, 156, 287, -12, -209, 222, -175, -385, 117, -122, -165, -204, 
-131, 161, 292, -14, -212, 226, -175, -385, 117, -122, -165, -214, 
-131, 161, 292, -14, -212, 226, -175, -395, 112, -126, -165, -214, 
-131, 161, 292, -14, -212, 226, -180, -395, 112, -126, -165, -214, 
-131, 165, 297, -17, -214, 231, -180, -395, 122, -126, -156, -209, 
-131, 165, 297, -17, -214, 231, -175, -395, 122, -126, -156, -209, 
-131, 165, 297, -17, -214, 231, -175, -395, 122, -131, -156, -209, 
-131, 165, 297, -17, -214, 231, -175, -390, 122, -131, -156, -209, 
-131, 156, 287, -12, -209, 222, -175, -390, 117, -126, -165, -219, 
-131, 165, 297, -17, -214, 231, -175, -395, 126, -117, -156, -209, 
-131, 180, 312, -24, -222, 246, -175, -400, 131, -112, -151, -200, 
-126, 190, 317, -31, -222, 253, -180, -400, 136, -107, -146, -195, 
-126, 200, 326, -36, -226, 263, -170, -400, 141, -97, -141, -190, 
-126, 214, 341, -43, -234, 278, -170, -405, 156, -87, -136, -185, 
-122, 229, 351, -53, -236, 290, -185, -414, 156, -78, -126, -180, 
-112, 234, 346, -61, -229, 290, -190, -419, 156, -78, -122, -170, 
-107, 248, 356, -70, -231, 302, -214, -429, 156, -87, -122, -170, 
-107, 248, 356, -70, -231, 302, -224, -434, 151, -92, -117, -165, 
-97, 248, 346, -75, -222, 297, -224, -439, 151, -92, -117, -165, 
-92, 248, 341, -78, -217, 295, -229, -439, 146, -97, -122, -170, 
-92, 248, 341, -78, -217, 295, -229, -444, 141, -92, -126, -175, 
-92, 229, 322, -68, -207, 275, -229, -444, 126, -102, -131, -175, 
-92, 224, 317, -65, -204, 270, -224, -444, 122, -112, -136, -180, 
-97, 214, 312, -58, -204, 263, -224, -439, 107, -117, -146, -185, 
-102, 195, 297, -46, -200, 246, -219, -429, 107, -122, -151, -195, 
-102, 195, 297, -46, -200, 246, -219, -429, 107, -126, -151, -195, 
-102, 190, 292, -43, -197, 241, -219, -424, 107, -126, -151, -195, 
-97, 190, 287, -46, -192, 239, -214, -414, 112, -126, -151, -190, 
-82, 195, 278, -56, -180, 236, -224, -424, 112, -126, -151, -195, 
-82, 190, 273, -53, -178, 231, -224, -424, 107, -126, -151, -195, 
-82, 190, 273, -53, -178, 231, -224, -429, 107, -126, -151, -195, 
-87, 195, 283, -53, -185, 239, -219, -429, 112, -126, -151, -195, 
-97, 195, 292, -48, -195, 244, -229, -424, 112, -122, -136, -195, 
-102, 190, 292, -43, -197, 241, -214, -424, 112, -122, -136, -195, 
-102, 190, 292, -43, -197, 241, -209, -419, 112, -122, -141, -200, 
-117, 185, 302, -34, -209, 244, -204, -419, 112, -122, -146, -200, 
-122, 185, 307, -31, -214, 246, -195, -409, 112, -126, -146, -214, 
-126, 180, 307, -26, -217, 244, -190, -414, 107, -131, -156, -219, 
-131, 170, 302, -19, -217, 236, -190, -419, 97, -141, -161, -224, 
-131, 161, 292, -14, -212, 226, -190, -419, 87, -151, -170, -229, 
-126, 136, 263, -4, -195, 200, -180, -429, 78, -161, -190, -239, 
-126, 126, 253, 0, -190, 190, -185, -424, 68, -165, -200, -244, 
-126, 117, 244, 4, -185, 180, -185, -424, 63, -170, -204, -244, 
-122, 117, 239, 2, -180, 178, -185, -424, 63, -170, -204, -248, 
-131, 112, 244, 9, -187, 178, -175, -424, 53, -170, -204, -253, 
-131, 107, 239, 12, -185, 173, -180, -424, 53, -175, -204, -253, 
-131, 102, 234, 14, -183, 168, -180, -424, 53, -175, -204, -253, 
-131, 97, 229, 17, -180, 163, -175, -424, 53, -175, -204, -253, 
-141, 97, 239, 21, -190, 168, -170, -414, 53, -175, -204, -253, 
-141, 97, 239, 21, -190, 168, -170, -414, 58, -175, -204, -258, 
-141, 92, 234, 24, -187, 163, -170, -414, 58, -175, -204, -258, 
-141, 92, 234, 24, -187, 163, -170, -414, 53, -175, -204, -253, 
-136, 102, 239, 17, -187, 170, -170, -424, 58, -170, -204, -253, 
-136, 102, 239, 17, -187, 170, -170, -419, 58, -170, -209, -253, 
-136, 102, 239, 17, -187, 170, -170, -419, 58, -170, -209, -253, 
-141, 102, 244, 19, -192, 173, -170, -419, 63, -170, -209, -258, 
-141, 102, 244, 19, -192, 173, -175, -419, 63, -175, -209, -268, 
-141, 97, 239, 21, -190, 168, -175, -419, 63, -180, -214, -268, 
-141, 97, 239, 21, -190, 168, -175, -414, 63, -180, -214, -268, 
-141, 97, 239, 21, -190, 168, -170, -414, 63, -175, -214, -268, 
-146, 92, 239, 26, -192, 165, -170, -414, 63, -175, -219, -268, 
-146, 92, 239, 26, -192, 165, -170, -414, 63, -175, -219, -268, 
-146, 92, 239, 26, -192, 165, -165, -409, 58, -180, -224, -273, 
-146, 92, 239, 26, -192, 165, -165, -409, 58, -185, -224, -273, 
-136, 92, 229, 21, -183, 161, -161, -409, 58, -185, -224, -273, 
-136, 92, 229, 21, -183, 161, -161, -409, 58, -180, -224, -273, 
-136, 92, 229, 21, -183, 161, -161, -409, 58, -180, -224, -273, 
-136, 92, 229, 21, -183, 161, -161, -405, 63, -180, -224, -273, 
-136, 92, 229, 21, -183, 161, -156, -405, 53, -180, -224, -273, 
-136, 92, 229, 21, -183, 161, -151, -409, 53, -180, -224, -273, 
-141, 92, 234, 24, -187, 163, -151, -409, 48, -180, -224, -268, 
-141, 92, 234, 24, -187, 163, -151, -409, 48, -185, -224, -268, 
-131, 92, 224, 19, -178, 158, -151, -409, 58, -175, -214, -268, 
-136, 92, 229, 21, -183, 161, -141, -409, 58, -185, -224, -273, 
-136, 92, 229, 21, -183, 161, -146, -414, 58, -185, -229, -268, 
-136, 92, 229, 21, -183, 161, -136, -409, 58, -180, -219, -273, 
-141, 82, 224, 29, -183, 153, -131, -405, 68, -180, -224, -273, 
-151, 73, 224, 39, -187, 148, -122, -400, 58, -190, -239, -283, 
-156, 63, 219, 46, -187, 141, -117, -395, 58, -200, -244, -302, 
-156, 53, 209, 51, -183, 131, -102, -375, 58, -214, -258, -312, 
-165, 19, 185, 73, -175, 102, -63, -341, 58, -229, -297, -351, 
-185, -19, 165, 102, -175, 73, -19, -302, 63, -263, -341, -405, 
-195, -39, 156, 117, -175, 58, 24, -258, 82, -292, -380, -448, 
-195, -58, 136, 126, -165, 39, 68, -204, 117, -302, -414, -492, 
-195, -68, 126, 131, -161, 29, 112, -136, 156, -292, -434, -522, 
-195, -53, 141, 124, -168, 43, 131, -107, 204, -268, -429, -517, 
-185, 9, 195, 87, -190, 102, 112, -107, 263, -214, -375, -473, 
-151, 102, 253, 24, -202, 178, 73, -131, 322, -146, -302, -405, 
-97, 180, 278, -41, -187, 229, 24, -146, 385, -53, -209, -326, 
-19, 278, 297, -129, -158, 287, -39, -165, 468, 68, -92, -219, 
78, 400, 322, -239, -122, 361, -112, -180, 580, 214, 48, -73, 
175, 546, 370, -361, -97, 458, -180, -180, 717, 390, 214, 87, 
297, 717, 419, -507, -61, 568, -283, -219, 849, 585, 414, 283, 
375, 897, 522, -636, -73, 710, -419, -317, 951, 795, 629, 497, 
405, 1034, 629, -719, -112, 832, -556, -483, 966, 941, 834, 707, 
414, 1166, 751, -790, -168, 958, -692, -707, 888, 1039, 1005, 902, 
405, 1293, 888, -849, -241, 1090, -844, -956, 775, 1107, 1171, 1083, 
351, 1420, 1068, -885, -358, 1244, -956, -1215, 727, 1195, 1317, 1239, 
292, 1464, 1171, -878, -439, 1317, -1024, -1381, 756, 1293, 1410, 1337, 
234, 1410, 1176, -822, -470, 1293, -1019, -1439, 771, 1342, 1429, 1351, 
180, 1268, 1088, -724, -453, 1178, -971, -1429, 683, 1259, 1342, 1263, 
131, 1098, 966, -614, -417, 1032, -902, -1366, 507, 1034, 1146, 1127, 
87, 971, 883, -529, -397, 927, -854, -1317, 307, 761, 922, 946, 
19, 888, 868, -453, -424, 878, -839, -1278, 78, 458, 692, 746, 
-53, 771, 824, -358, -439, 797, -785, -1239, -180, 151, 444, 536, 
-122, 551, 673, -214, -397, 612, -668, -1132, -429, -151, 185, 297, 
-180, 287, 468, -53, -324, 378, -522, -980, -585, -385, -73, 48, 
-214, 102, 317, 56, -265, 209, -395, -844, -634, -522, -239, -136, 
-219, -4, 214, 112, -217, 104, -317, -746, -624, -570, -331, -239, 
-219, -58, 161, 139, -190, 51, -278, -673, -590, -570, -375, -292, 
-229, -53, 175, 141, -202, 61, -278, -653, -527, -546, -375, -307, 
-224, 14, 239, 104, -231, 126, -312, -673, -458, -497, -351, -312, 
-224, 82, 307, 70, -265, 195, -341, -668, -385, -434, -317, -302, 
-209, 131, 341, 39, -275, 236, -336, -658, -297, -366, -273, -278, 
-200, 175, 375, 12, -287, 275, -331, -644, -195, -297, -234, -239, 
-190, 195, 385, -2, -287, 290, -312, -605, -92, -239, -204, -219, 
-180, 195, 375, -7, -278, 285, -287, -561, -29, -209, -195, -229, 
-165, 180, 346, -7, -256, 263, -253, -517, 4, -204, -195, -229, 
-151, 170, 322, -9, -236, 246, -219, -492, 29, -195, -195, -234, 
-141, 170, 312, -14, -226, 241, -200, -478, 48, -180, -200, -234, 
-136, 170, 307, -17, -222, 239, -185, -468, 58, -175, -190, -234, 
-131, 170, 302, -19, -217, 236, -170, -468, 58, -170, -190, -239, 
-131, 165, 297, -17, -214, 231, -161, -453, 63, -161, -200, -248, 
-131, 146, 278, -7, -204, 212, -151, -429, 78, -161, -209, -248, 
-126, 122, 248, 2, -187, 185, -136, -414, 97, -156, -204, -253, 
-126, 112, 239, 7, -183, 175, -131, -395, 112, -156, -204, -258, 
-131, 112, 244, 9, -187, 178, -131, -385, 117, -156, -214, -263, 
-131, 112, 244, 9, -187, 178, -131, -380, 117, -156, -214, -268, 
-131, 112, 244, 9, -187, 178, -131, -380, 122, -156, -214, -268, 
-122, 117, 239, 2, -180, 178, -131, -380, 126, -156, -214, -268, 
-122, 131, 253, -4, -187, 192, -131, -385, 126, -156, -214, -268, 
-122, 131, 253, -4, -187, 192, -126, -385, 126, -146, -214, -268, 
-122, 131, 253, -4, -187, 192, -126, -390, 126, -141, -209, -263, 
-122, 126, 248, -2, -185, 187, -122, -390, 131, -141, -209, -263, 
-131, 126, 258, 2, -195, 192, -122, -385, 136, -141, -200, -273, 
-131, 131, 263, 0, -197, 197, -122, -380, 136, -141, -204, -273, 
-126, 131, 258, -2, -192, 195, -122, -380, 141, -141, -204, -273, 
-126, 131, 258, -2, -192, 195, -122, -380, 146, -141, -204, -273, 
-126, 131, 258, -2, -192, 195, -122, -370, 146, -136, -214, -273, 
-126, 131, 258, -2, -192, 195, -126, -370, 146, -136, -214, -273, 
-126, 131, 258, -2, -192, 195, -126, -370, 146, -136, -209, -268, 
-122, 131, 253, -4, -187, 192, -126, -370, 146, -136, -209, -268, 
-122, 136, 258, -7, -190, 197, -136, -375, 151, -131, -209, -268, 
-122, 136, 258, -7, -190, 197, -136, -375, 156, -131, -204, -268, 
-117, 136, 253, -9, -185, 195, -131, -370, 156, -126, -204, -268, 
-112, 136, 248, -12, -180, 192, -131, -366, 165, -126, -204, -268, 
-112, 151, 263, -19, -187, 207, -131, -366, 175, -126, -204, -273, 
-117, 151, 268, -17, -192, 209, -131, -366, 170, -126, -204, -273, 
-117, 151, 268, -17, -192, 209, -126, -366, 170, -126, -200, -273, 
-117, 151, 268, -17, -192, 209, -126, -366, 175, -122, -200, -273, 
-117, 146, 263, -14, -190, 204, -117, -366, 165, -126, -204, -273, 
-117, 151, 268, -17, -192, 209, -117, -366, 165, -126, -204, -273, 
-112, 156, 268, -21, -190, 212, -117, -361, 170, -126, -200, -273, 
-112, 156, 268, -21, -190, 212, -117, -361, 170, -122, -200, -273, 
-117, 151, 268, -17, -192, 209, -126, -361, 180, -122, -200, -258, 
-117, 151, 268, -17, -192, 209, -126, -361, 185, -122, -195, -258, 
-117, 151, 268, -17, -192, 209, -126, -361, 185, -122, -195, -258, 
-112, 151, 263, -19, -187, 207, -126, -356, 185, -117, -200, -258, 
-102, 151, 253, -24, -178, 202, -126, -356, 190, -117, -209, -258, 
-102, 151, 253, -24, -178, 202, -126, -356, 190, -117, -204, -258, 
-107, 156, 263, -24, -185, 209, -122, -356, 190, -117, -204, -258, 
-107, 161, 268, -26, -187, 214, -122, -356, 190, -112, -204, -258, 
-102, 161, 263, -29, -183, 212, -117, -356, 195, -102, -204, -253, 
-97, 165, 263, -34, -180, 214, -117, -356, 195, -102, -200, -253, 
-97, 165, 263, -34, -180, 214, -117, -356, 195, -102, -200, -253, 
-102, 165, 268, -31, -185, 217, -117, -356, 200, -102, -200, -253, 
-107, 170, 278, -31, -192, 224, -122, -366, 200, -97, -190, -258, 
-107, 170, 278, -31, -192, 224, -122, -366, 204, -97, -195, -258, 
-107, 170, 278, -31, -192, 224, -126, -361, 204, -92, -195, -258, 
-102, 170, 273, -34, -187, 222, -126, -361, 204, -87, -185, -258, 
-102, 185, 287, -41, -195, 236, -131, -370, 204, -97, -195, -253, 
-102, 185, 287, -41, -195, 236, -131, -370, 209, -97, -190, -253, 
-102, 185, 287, -41, -195, 236, -131, -366, 214, -92, -190, -253, 
-102, 190, 292, -43, -197, 241, -126, -366, 214, -92, -190, -253, 
-92, 190, 283, -48, -187, 236, -136, -375, 229, -82, -190, -258, 
-87, 190, 278, -51, -183, 234, -136, -375, 229, -82, -190, -258, 
-82, 190, 273, -53, -178, 231, -141, -375, 229, -82, -190, -263, 
-82, 190, 273, -53, -178, 231, -141, -375, 229, -78, -185, -263, 
-92, 185, 278, -46, -185, 231, -131, -375, 224, -78, -195, -248, 
-92, 190, 283, -48, -187, 236, -126, -375, 229, -73, -195, -248, 
-92, 190, 283, -48, -187, 236, -122, -375, 229, -73, -195, -248, 
-87, 190, 278, -51, -183, 234, -122, -375, 229, -73, -190, -244, 
-82, 195, 278, -56, -180, 236, -126, -370, 244, -73, -185, -244, 
-82, 200, 283, -58, -183, 241, -122, -370, 244, -68, -185, -244, 
-82, 200, 283, -58, -183, 241, -117, -370, 244, -68, -185, -244, 
-82, 200, 283, -58, -183, 241, -112, -370, 244, -68, -190, -244, 
-87, 200, 287, -56, -187, 244, -107, -366, 244, -68, -180, -244, 
-78, 204, 283, -63, -180, 244, -112, -366, 248, -68, -185, -248, 
-82, 204, 287, -61, -185, 246, -112, -361, 253, -63, -185, -248, 
-87, 204, 292, -58, -190, 248, -112, -361, 258, -63, -185, -244, 
-78, 214, 292, -68, -185, 253, -117, -361, 258, -58, -185, -244, 
-73, 214, 287, -70, -180, 251, -117, -361, 263, -58, -180, -244, 
-73, 219, 292, -73, -183, 256, -117, -361, 273, -48, -180, -239, 
-73, 219, 292, -73, -183, 256, -117, -361, 278, -48, -175, -239, 
-73, 229, 302, -78, -187, 265, -122, -361, 283, -48, -175, -239, 
-73, 229, 302, -78, -187, 265, -122, -356, 283, -43, -170, -234, 
-68, 229, 297, -80, -183, 263, -126, -356, 287, -39, -161, -234, 
-63, 234, 297, -85, -180, 265, -126, -351, 292, -34, -161, -234, 
-53, 234, 287, -90, -170, 261, -126, -356, 292, -29, -156, -244, 
-53, 244, 297, -95, -175, 270, -126, -356, 297, -29, -156, -234, 
-53, 248, 302, -97, -178, 275, -126, -356, 302, -24, -156, -234, 
-43, 253, 297, -104, -170, 275, -126, -346, 307, -14, -156, -224, 
-43, 248, 292, -102, -168, 270, -126, -341, 297, -9, -156, -224, 
-43, 258, 302, -107, -173, 280, -126, -336, 307, -9, -146, -224, 
-39, 258, 297, -109, -168, 278, -126, -336, 312, -4, -141, -224, 
-39, 258, 297, -109, -168, 278, -126, -336, 317, 0, -136, -219, 
-48, 258, 307, -104, -178, 283, -126, -331, 317, 4, -146, -214, 
-48, 263, 312, -107, -180, 287, -126, -331, 322, 9, -141, -214, 
-43, 263, 307, -109, -175, 285, -126, -331, 326, 9, -136, -209, 
-39, 268, 307, -114, -173, 287, -126, -331, 331, 14, -131, -209, 
-39, 273, 312, -117, -175, 292, -117, -317, 341, 24, -131, -204, 
-34, 278, 312, -122, -173, 295, -117, -317, 341, 29, -126, -200, 
-34, 278, 312, -122, -173, 295, -112, -312, 341, 34, -126, -195, 
-39, 283, 322, -122, -180, 302, -112, -312, 351, 39, -126, -190, 
-34, 287, 322, -126, -178, 305, -122, -307, 356, 43, -122, -195, 
-24, 292, 317, -134, -170, 305, -122, -307, 361, 39, -112, -190, 
-9, 297, 307, -143, -158, 302, -122, -307, 361, 39, -102, -190, 
0, 307, 307, -153, -153, 307, -131, -307, 361, 34, -102, -185, 
-4, 307, 312, -151, -158, 309, -131, -297, 370, 43, -107, -180, 
0, 312, 312, -156, -156, 312, -141, -302, 370, 48, -102, -175, 
0, 317, 317, -158, -158, 317, -146, -302, 370, 48, -102, -170, 
0, 322, 322, -161, -161, 322, -146, -302, 370, 48, -97, -170, 
9, 317, 307, -163, -148, 312, -136, -307, 370, 58, -97, -165, 
14, 322, 307, -168, -146, 314, -146, -317, 366, 58, -97, -165, 
14, 322, 307, -168, -146, 314, -146, -317, 366, 58, -92, -161, 
14, 322, 307, -168, -146, 314, -146, -307, 366, 58, -87, -161, 
19, 326, 307, -173, -143, 317, -156, -312, 366, 48, -73, -156, 
19, 326, 307, -173, -143, 317, -156, -312, 370, 53, -73, -151, 
9, 331, 322, -170, -156, 326, -161, -307, 370, 58, -73, -146, 
9, 331, 322, -170, -156, 326, -161, -307, 370, 58, -73, -146, 
19, 336, 317, -178, -148, 326, -161, -307, 370, 68, -78, -146, 
24, 336, 312, -180, -143, 324, -161, -312, 370, 63, -78, -146, 
29, 336, 307, -183, -139, 322, -161, -317, 361, 63, -82, -141, 
34, 336, 302, -185, -134, 319, -170, -322, 361, 63, -82, -141, 
34, 346, 312, -190, -139, 329, -161, -312, 351, 58, -82, -141, 
34, 346, 312, -190, -139, 329, -161, -312, 351, 58, -82, -141, 
34, 346, 312, -190, -139, 329, -165, -317, 341, 58, -82, -141, 
34, 346, 312, -190, -139, 329, -165, -322, 341, 58, -82, -141, 
34, 346, 312, -190, -139, 329, -161, -322, 341, 43, -82, -146, 
29, 346, 317, -187, -143, 331, -161, -326, 336, 39, -82, -146, 
29, 346, 317, -187, -143, 331, -161, -326, 336, 39, -82, -146, 
29, 346, 317, -187, -143, 331, -161, -326, 336, 43, -82, -146, 
19, 336, 317, -178, -148, 326, -170, -346, 331, 43, -73, -141, 
14, 331, 317, -173, -151, 324, -170, -346, 326, 43, -78, -141, 
14, 331, 317, -173, -151, 324, -165, -351, 322, 39, -78, -141, 
9, 331, 322, -170, -156, 326, -165, -351, 317, 34, -82, -141, 
9, 317, 307, -163, -148, 312, -165, -356, 317, 24, -82, -146, 
9, 317, 307, -163, -148, 312, -165, -366, 312, 24, -87, -146, 
4, 317, 312, -161, -153, 314, -165, -370, 307, 19, -87, -141, 
4, 317, 312, -161, -153, 314, -170, -380, 302, 14, -92, -141, 
0, 302, 302, -151, -151, 302, -170, -375, 307, 9, -102, -156, 
-9, 302, 312, -146, -161, 307, -165, -380, 307, 9, -102, -156, 
-14, 297, 312, -141, -163, 305, -165, -385, 307, 9, -102, -156, 
-14, 297, 312, -141, -163, 305, -165, -390, 307, 9, -102, -156, 
-9, 302, 312, -146, -161, 307, -165, -395, 297, 4, -97, -156, 
-19, 302, 322, -141, -170, 312, -165, -400, 292, 0, -102, -170, 
-19, 297, 317, -139, -168, 307, -165, -414, 287, -4, -112, -170, 
-19, 287, 307, -134, -163, 297, -165, -434, 287, -9, -117, -180, 
-29, 292, 322, -131, -175, 307, -156, -424, 292, -4, -122, -175, 
-34, 287, 322, -126, -178, 305, -156, -429, 287, -9, -126, -175, 
-43, 283, 326, -119, -185, 305, -151, -429, 283, -14, -126, -185, 
-48, 278, 326, -114, -187, 302, -151, -439, 278, -19, -126, -190, 
-43, 263, 307, -109, -175, 285, -151, -439, 263, -34, -136, -204, 
-48, 258, 307, -104, -178, 283, -151, -444, 258, -34, -146, -204, 
-53, 253, 307, -100, -180, 280, -146, -448, 258, -39, -151, -209, 
-68, 248, 317, -90, -192, 283, -146, -448, 253, -39, -156, -214, 
-63, 244, 307, -90, -185, 275, -141, -453, 244, -53, -151, -219, 
-68, 239, 307, -85, -187, 273, -136, -453, 239, -58, -156, -224, 
-68, 229, 297, -80, -183, 263, -126, -458, 234, -63, -161, -229, 
-78, 229, 307, -75, -192, 268, -126, -458, 229, -63, -170, -234, 
-87, 224, 312, -68, -200, 268, -117, -453, 239, -73, -180, -239, 
-87, 219, 307, -65, -197, 263, -107, -458, 229, -82, -185, -244, 
-87, 209, 297, -61, -192, 253, -107, -458, 229, -82, -190, -248, 
-92, 200, 292, -53, -192, 246, -117, -463, 224, -87, -195, -253, 
-92, 209, 302, -58, -197, 256, -117, -463, 219, -92, -195, -253, 
-92, 204, 297, -56, -195, 251, -112, -463, 219, -92, -195, -258, 
-102, 200, 302, -48, -202, 251, -112, -463, 214, -97, -200, -258, 
-102, 195, 297, -46, -200, 246, -112, -463, 214, -97, -204, -258, 
-97, 195, 292, -48, -195, 244, -117, -463, 214, -92, -200, -258, 
-97, 195, 292, -48, -195, 244, -117, -463, 214, -97, -200, -263, 
-97, 190, 287, -46, -192, 239, -117, -458, 209, -97, -200, -263, 
-102, 185, 287, -41, -195, 236, -112, -458, 204, -97, -204, -268, 
-107, 185, 292, -39, -200, 239, -107, -463, 204, -102, -214, -273, 
-107, 185, 292, -39, -200, 239, -107, -463, 204, -102, -214, -273, 
-112, 185, 297, -36, -204, 241, -107, -463, 204, -102, -214, -268, 
-112, 185, 297, -36, -204, 241, -107, -463, 204, -102, -214, -268, 
-102, 175, 278, -36, -190, 226, -117, -463, 204, -107, -219, -278, 
-102, 175, 278, -36, -190, 226, -112, -463, 204, -112, -219, -278, 
-102, 180, 283, -39, -192, 231, -112, -463, 204, -117, -219, -278, 
-97, 180, 278, -41, -187, 229, -112, -463, 204, -122, -219, -283, 
-107, 180, 287, -36, -197, 234, -102, -458, 204, -122, -219, -283, 
-107, 175, 283, -34, -195, 229, -102, -458, 204, -117, -219, -283, 
-107, 175, 283, -34, -195, 229, -102, -468, 200, -112, -219, -278, 
-107, 175, 283, -34, -195, 229, -102, -473, 200, -107, -214, -278, 
-107, 175, 283, -34, -195, 229, -112, -473, 200, -107, -224, -278, 
-107, 175, 283, -34, -195, 229, -112, -463, 200, -102, -224, -278, 
-107, 170, 278, -31, -192, 224, -107, -458, 204, -102, -224, -278, 
-107, 170, 278, -31, -192, 224, -107, -453, 204, -107, -224, -278, 
-117, 165, 283, -24, -200, 224, -102, -463, 200, -107, -219, -283, 
-117, 165, 283, -24, -200, 224, -102, -463, 200, -107, -219, -283, 
-117, 170, 287, -26, -202, 229, -102, -463, 200, -107, -214, -283, 
-117, 170, 287, -26, -202, 229, -102, -463, 200, -102, -214, -283, 
-112, 170, 283, -29, -197, 226, -102, -468, 200, -112, -214, -292, 
-112, 175, 287, -31, -200, 231, -102, -468, 200, -112, -219, -292, 
-112, 175, 287, -31, -200, 231, -97, -468, 200, -117, -219, -292, 
-107, 175, 283, -34, -195, 229, -97, -468, 200, -117, -219, -292, 
-107, 175, 283, -34, -195, 229, -82, -468, 209, -112, -219, -283, 
-102, 175, 278, -36, -190, 226, -82, -463, 209, -112, -214, -283, 
-102, 175, 278, -36, -190, 226, -87, -463, 209, -112, -214, -278, 
-102, 185, 287, -41, -195, 236, -87, -463, 209, -112, -214, -278, 
-112, 185, 297, -36, -204, 241, -87, -463, 214, -102, -214, -278, 
-112, 185, 297, -36, -204, 241, -87, -463, 214, -102, -214, -278, 
-112, 185, 297, -36, -204, 241, -87, -463, 214, -97, -214, -278, 
-112, 190, 302, -39, -207, 246, -87, -463, 214, -97, -214, -278, 
-112, 190, 302, -39, -207, 246, -87, -463, 214, -107, -214, -278, 
-112, 195, 307, -41, -209, 251, -87, -463, 214, -112, -214, -278, 
-112, 190, 302, -39, -207, 246, -87, -463, 214, -112, -214, -278, 
-112, 185, 297, -36, -204, 241, -87, -463, 214, -107, -214, -278, 
-112, 180, 292, -34, -202, 236, -87, -463, 214, -97, -204, -278, 
-112, 180, 292, -34, -202, 236, -87, -463, 214, -97, -204, -278, 
-112, 180, 292, -34, -202, 236, -87, -463, 214, -97, -204, -278, 
-112, 190, 302, -39, -207, 246, -87, -468, 214, -97, -204, -278, 
-112, 190, 302, -39, -207, 246, -97, -468, 214, -97, -214, -278, 
-112, 190, 302, -39, -207, 246, -97, -468, 219, -97, -209, -278, 
-112, 195, 307, -41, -209, 251, -97, -468, 219, -92, -209, -278, 
-112, 195, 307, -41, -209, 251, -97, -468, 219, -92, -209, -278, 
-102, 200, 302, -48, -202, 251, -97, -478, 219, -97, -209, -278, 
-102, 200, 302, -48, -202, 251, -97, -478, 219, -97, -209, -273, 
-102, 200, 302, -48, -202, 251, -97, -473, 219, -92, -209, -273, 
-102, 200, 302, -48, -202, 251, -97, -473, 224, -92, -209, -273, 
-112, 200, 312, -43, -212, 256, -97, -468, 229, -92, -209, -273, 
-112, 204, 317, -46, -214, 261, -97, -468, 229, -92, -209, -273, 
-112, 204, 317, -46, -214, 261, -97, -468, 229, -92, -209, -273, 
-112, 204, 317, -46, -214, 261, -97, -473, 229, -92, -209, -273, 
-112, 209, 322, -48, -217, 265, -97, -468, 239, -92, -200, -263, 
-112, 214, 326, -51, -219, 270, -97, -473, 239, -92, -200, -258, 
-112, 219, 331, -53, -222, 275, -97, -473, 239, -87, -190, -258, 
-112, 219, 331, -53, -222, 275, -97, -468, 239, -82, -190, -258, 
-112, 209, 322, -48, -217, 265, -97, -458, 239, -68, -200, -263, 
-107, 209, 317, -51, -212, 263, -102, -463, 239, -68, -200, -263, 
-107, 209, 317, -51, -212, 263, -102, -468, 234, -78, -204, -268, 
-107, 209, 317, -51, -212, 263, -102, -488, 234, -78, -204, -268, 
-112, 209, 322, -48, -217, 265, -107, -473, 244, -82, -204, -263, 
-112, 214, 326, -51, -219, 270, -107, -473, 244, -82, -204, -263, 
-107, 214, 322, -53, -214, 268, -107, -473, 244, -82, -204, -263, 
-107, 214, 322, -53, -214, 268, -102, -468, 244, -82, -204, -263, 
-97, 214, 312, -58, -204, 263, -102, -468, 234, -92, -204, -263, 
-97, 209, 307, -56, -202, 258, -102, -468, 234, -92, -204, -263, 
-97, 209, 307, -56, -202, 258, -102, -468, 234, -92, -204, -263, 
-97, 209, 307, -56, -202, 258, -97, -463, 234, -92, -204, -263, 
-107, 209, 317, -51, -212, 263, -87, -453, 234, -82, -195, -263, 
-102, 209, 312, -53, -207, 261, -87, -458, 234, -87, -195, -258, 
-102, 209, 312, -53, -207, 261, -87, -458, 234, -87, -195, -258, 
-102, 214, 317, -56, -209, 265, -82, -458, 229, -87, -200, -258, 
-102, 204, 307, -51, -204, 256, -92, -458, 239, -87, -209, -258, 
-102, 204, 307, -51, -204, 256, -92, -458, 244, -87, -209, -258, 
-102, 204, 307, -51, -204, 256, -92, -458, 244, -87, -209, -258, 
-102, 204, 307, -51, -204, 256, -92, -458, 239, -87, -209, -258, 
-97, 204, 302, -53, -200, 253, -82, -468, 239, -87, -200, -258, 
-97, 204, 302, -53, -200, 253, -87, -463, 234, -87, -200, -258, 
-97, 204, 302, -53, -200, 253, -87, -463, 234, -87, -200, -258, 
-97, 204, 302, -53, -200, 253, -92, -468, 239, -87, -200, -248, 
-107, 204, 312, -48, -209, 258, -92, -468, 229, -87, -209, -258, 
-107, 204, 312, -48, -209, 258, -92, -463, 229, -87, -209, -258, 
-102, 204, 307, -51, -204, 256, -92, -463, 229, -87, -209, -263, 
-102, 204, 307, -51, -204, 256, -92, -468, 229, -87, -209, -263, 
-107, 204, 312, -48, -209, 258, -97, -468, 229, -87, -209, -263, 
-107, 204, 312, -48, -209, 258, -97, -463, 229, -87, -209, -263, 
-107, 204, 312, -48, -209, 258, -97, -463, 229, -92, -209, -263, 
-107, 204, 312, -48, -209, 258, -97, -463, 224, -92, -209, -263, 
-97, 200, 297, -51, -197, 248, -97, -463, 214, -102, -209, -273, 
-97, 200, 297, -51, -197, 248, -97, -468, 214, -102, -209, -273, 
-97, 200, 297, -51, -197, 248, -97, -468, 214, -107, -209, -273, 
-97, 200, 297, -51, -197, 248, -97, -468, 214, -107, -209, -273, 
-97, 204, 302, -53, -200, 253, -87, -458, 204, -107, -209, -273, 
-97, 204, 302, -53, -200, 253, -87, -463, 204, -107, -214, -273, 
-97, 200, 297, -51, -197, 248, -87, -463, 204, -112, -214, -273, 
-97, 200, 297, -51, -197, 248, -87, -458, 200, -112, -209, -273, 
-97, 200, 297, -51, -197, 248, -87, -468, 209, -112, -219, -273, 
-97, 200, 297, -51, -197, 248, -87, -468, 209, -112, -219, -273, 
-97, 200, 297, -51, -197, 248, -87, -468, 214, -112, -219, -273, 
-112, 200, 312, -43, -212, 256, -87, -468, 214, -112, -219, -278, 
-107, 209, 317, -51, -212, 263, -87, -468, 204, -112, -219, -278, 
-107, 204, 312, -48, -209, 258, -87, -468, 204, -112, -224, -278, 
-107, 204, 312, -48, -209, 258, -87, -473, 204, -122, -224, -278, 
-102, 204, 307, -51, -204, 256, -87, -473, 200, -122, -224, -278, 
-97, 195, 292, -48, -195, 244, -87, -468, 195, -122, -224, -278, 
-97, 195, 292, -48, -195, 244, -87, -468, 195, -122, -224, -278, 
-97, 195, 292, -48, -195, 244, -87, -473, 190, -122, -224, -278, 
-97, 195, 292, -48, -195, 244, -87, -473, 190, -122, -224, -283, 
-97, 185, 283, -43, -190, 234, -82, -468, 200, -122, -224, -273, 
-97, 185, 283, -43, -190, 234, -78, -468, 200, -126, -229, -283, 
-117, 185, 302, -34, -209, 244, -78, -468, 200, -126, -229, -283, 
-117, 185, 302, -34, -209, 244, -78, -468, 200, -126, -229, -278, 
-126, 185, 312, -29, -219, 248, -78, -468, 195, -122, -229, -278, 
-122, 185, 307, -31, -214, 246, -78, -473, 195, -122, -229, -283, 
-107, 185, 292, -39, -200, 239, -82, -473, 195, -122, -229, -283, 
-107, 185, 292, -39, -200, 239, -82, -473, 195, -122, -229, -283, 
-102, 195, 297, -46, -200, 246, -92, -468, 204, -112, -219, -278, 
-102, 195, 297, -46, -200, 246, -92, -468, 204, -112, -219, -273, 
-107, 195, 302, -43, -204, 248, -92, -468, 204, -112, -219, -263, 
-107, 195, 302, -43, -204, 248, -92, -463, 209, -112, -214, -258, 
-97, 195, 292, -48, -195, 244, -92, -458, 209, -112, -214, -268, 
-97, 200, 297, -51, -197, 248, -92, -458, 209, -112, -219, -268, 
-97, 200, 297, -51, -197, 248, -92, -463, 204, -112, -219, -268, 
-97, 200, 297, -51, -197, 248, -92, -468, 204, -112, -219, -268, 
-112, 185, 297, -36, -204, 241, -82, -468, 195, -122, -219, -268, 
-112, 185, 297, -36, -204, 241, -82, -468, 195, -122, -219, -273, 
-112, 180, 292, -34, -202, 236, -78, -468, 195, -122, -219, -273, 
-112, 180, 292, -34, -202, 236, -78, -468, 195, -122, -219, -268, 
-112, 180, 292, -34, -202, 236, -68, -468, 195, -122, -234, -268, 
-112, 180, 292, -34, -202, 236, -68, -468, 195, -122, -234, -268, 
-107, 180, 287, -36, -197, 234, -68, -468, 195, -122, -234, -268, 
-107, 180, 287, -36, -197, 234, -68, -473, 195, -122, -229, -273, 
-107, 180, 287, -36, -197, 234, -58, -473, 204, -122, -229, -273, 
-107, 185, 292, -39, -200, 239, -63, -473, 200, -122, -229, -273, 
-107, 185, 292, -39, -200, 239, -63, -473, 200, -122, -229, -273, 
-107, 185, 292, -39, -200, 239, -63, -473, 200, -122, -229, -273, 
-107, 185, 292, -39, -200, 239, -63, -458, 190, -122, -229, -268, 
-107, 185, 292, -39, -200, 239, -63, -458, 190, -122, -229, -273, 
-107, 185, 292, -39, -200, 239, -63, -458, 190, -122, -224, -273, 
-107, 185, 292, -39, -200, 239, -63, -463, 190, -122, -224, -273, 
-97, 175, 273, -39, -185, 224, -63, -463, 190, -122, -214, -273, 
-97, 175, 273, -39, -185, 224, -63, -463, 190, -117, -219, -263, 
-97, 175, 273, -39, -185, 224, -63, -458, 190, -117, -219, -263, 
-97, 175, 273, -39, -185, 224, -63, -458, 190, -122, -219, -268, 
-117, 175, 292, -29, -204, 234, -73, -468, 200, -122, -224, -278, 
-112, 175, 287, -31, -200, 231, -73, -468, 200, -122, -224, -273, 
-102, 175, 278, -36, -190, 226, -73, -468, 200, -122, -224, -273, 
-97, 175, 273, -39, -185, 224, -68, -468, 200, -122, -229, -268, 
-97, 175, 273, -39, -185, 224, -68, -468, 200, -122, -229, -268, 
-97, 175, 273, -39, -185, 224, -73, -468, 200, -126, -229, -268, 
-92, 175, 268, -41, -180, 222, -78, -468, 200, -126, -229, -273, 
-92, 175, 268, -41, -180, 222, -82, -468, 200, -126, -229, -273, 
-102, 185, 287, -41, -195, 236, -73, -458, 200, -117, -224, -268, 
-102, 185, 287, -41, -195, 236, -73, -458, 200, -117, -224, -268, 
-87, 185, 273, -48, -180, 229, -73, -458, 204, -117, -219, -273, 
-87, 185, 273, -48, -180, 229, -73, -463, 204, -117, -219, -273, 
-97, 175, 273, -39, -185, 224, -73, -458, 204, -126, -229, -278, 
-97, 175, 273, -39, -185, 224, -73, -458, 195, -126, -229, -278, 
-97, 175, 273, -39, -185, 224, -73, -458, 195, -126, -229, -278, 
-97, 175, 273, -39, -185, 224, -73, -458, 200, -126, -229, -273, 
-107, 165, 273, -29, -190, 219, -63, -458, 200, -126, -219, -273, 
-107, 165, 273, -29, -190, 219, -63, -453, 204, -126, -219, -268, 
-107, 165, 273, -29, -190, 219, -63, -453, 204, -126, -219, -268, 
-107, 165, 273, -29, -190, 219, -63, -453, 204, -122, -219, -268, 
-97, 175, 273, -39, -185, 224, -73, -463, 195, -131, -229, -268, 
-97, 180, 278, -41, -187, 229, -73, -463, 195, -131, -229, -268, 
-97, 180, 278, -41, -187, 229, -73, -463, 195, -131, -224, -268, 
-97, 180, 278, -41, -187, 229, -73, -463, 195, -131, -224, -268, 
-87, 165, 253, -39, -170, 209, -73, -458, 190, -126, -229, -278, 
-87, 165, 253, -39, -170, 209, -73, -458, 190, -126, -229, -278, 
-87, 165, 253, -39, -170, 209, -73, -458, 195, -126, -224, -278, 
-87, 165, 253, -39, -170, 209, -73, -458, 195, -122, -229, -273, 
-97, 165, 263, -34, -180, 214, -63, -448, 204, -112, -224, -263, 
-97, 175, 273, -39, -185, 224, -63, -448, 204, -112, -219, -263, 
-87, 170, 258, -41, -173, 214, -58, -458, 195, -117, -219, -263, 
-87, 175, 263, -43, -175, 219, -48, -458, 195, -117, -224, -263, 
-97, 185, 283, -43, -190, 234, -48, -448, 204, -117, -214, -253, 
-97, 185, 283, -43, -190, 234, -48, -448, 204, -117, -214, -253, 
-97, 185, 283, -43, -190, 234, -48, -448, 204, -117, -214, -253, 
-97, 185, 283, -43, -190, 234, -48, -448, 204, -117, -214, -253, 
-87, 200, 287, -56, -187, 244, -58, -448, 209, -112, -204, -253, 
-87, 204, 292, -58, -190, 248, -58, -448, 214, -107, -204, -253, 
-87, 209, 297, -61, -192, 253, -58, -448, 219, -102, -204, -253, 
-87, 219, 307, -65, -197, 263, -58, -448, 224, -97, -204, -248, 
-97, 224, 322, -63, -209, 273, -58, -458, 224, -92, -200, -248, 
-97, 229, 326, -65, -212, 278, -58, -453, 229, -87, -195, -244, 
-97, 229, 326, -65, -212, 278, -58, -453, 234, -87, -195, -244, 
-92, 234, 326, -70, -209, 280, -58, -453, 234, -82, -195, -234, 
-92, 239, 331, -73, -212, 285, -58, -453, 244, -82, -185, -239, 
-92, 239, 331, -73, -212, 285, -58, -463, 239, -87, -185, -234, 
-92, 239, 331, -73, -212, 285, -63, -463, 239, -87, -185, -229, 
-92, 234, 326, -70, -209, 280, -63, -463, 239, -87, -185, -229, 
-82, 234, 317, -75, -200, 275, -58, -463, 229, -78, -195, -239, 
-82, 234, 317, -75, -200, 275, -58, -463, 229, -82, -195, -239, 
-82, 234, 317, -75, -200, 275, -58, -458, 229, -82, -195, -239, 
-82, 234, 317, -75, -200, 275, -58, -458, 234, -78, -195, -239, 
-92, 234, 326, -70, -209, 280, -58, -453, 253, -78, -175, -229, 
-92, 248, 341, -78, -217, 295, -58, -458, 258, -73, -170, -219, 
-87, 258, 346, -85, -217, 302, -63, -458, 263, -68, -165, -214, 
-87, 268, 356, -90, -222, 312, -63, -458, 268, -58, -161, -209, 
-78, 292, 370, -107, -224, 331, -73, -463, 273, -48, -156, -195, 
-73, 307, 380, -117, -226, 344, -87, -473, 273, -39, -146, -190, 
-63, 312, 375, -124, -219, 344, -92, -478, 273, -39, -141, -180, 
-58, 317, 375, -129, -217, 346, -107, -483, 273, -39, -141, -180, 
-48, 307, 356, -129, -202, 331, -117, -483, 268, -34, -136, -185, 
-39, 307, 346, -134, -192, 326, -117, -483, 268, -34, -136, -185, 
-34, 307, 341, -136, -187, 324, -122, -478, 263, -39, -141, -190, 
-34, 297, 331, -131, -183, 314, -122, -473, 258, -43, -146, -195, 
-34, 278, 312, -122, -173, 295, -122, -463, 244, -63, -151, -195, 
-34, 273, 307, -119, -170, 290, -117, -463, 239, -73, -156, -200, 
-39, 263, 302, -112, -170, 283, -117, -458, 224, -78, -165, -204, 
-43, 253, 297, -104, -170, 275, -112, -458, 214, -82, -170, -214, 
-53, 244, 297, -95, -175, 270, -102, -458, 209, -78, -180, -214, 
-53, 239, 292, -92, -173, 265, -102, -453, 204, -78, -180, -214, 
-48, 239, 287, -95, -168, 263, -97, -444, 204, -78, -180, -209, 
-43, 234, 278, -95, -161, 256, -97, -444, 200, -78, -180, -204, 
-43, 229, 273, -92, -158, 251, -97, -434, 204, -78, -170, -204, 
-43, 229, 273, -92, -158, 251, -97, -439, 204, -78, -170, -204, 
-48, 234, 283, -92, -165, 258, -92, -439, 209, -78, -170, -204, 
-48, 234, 283, -92, -165, 258, -92, -434, 209, -73, -165, -204, 
-53, 229, 283, -87, -168, 256, -87, -434, 209, -82, -165, -204, 
-53, 229, 283, -87, -168, 256, -82, -429, 209, -82, -170, -209, 
-68, 224, 292, -78, -180, 258, -78, -429, 209, -82, -175, -209, 
-73, 214, 287, -70, -180, 251, -68, -429, 209, -87, -175, -224, 
-87, 219, 307, -65, -197, 263, -63, -434, 204, -82, -185, -219, 
-92, 209, 302, -58, -197, 256, -63, -439, 195, -92, -190, -224, 
-92, 200, 292, -53, -192, 246, -63, -439, 185, -102, -200, -229, 
-97, 185, 283, -43, -190, 234, -63, -439, 175, -112, -209, -239, 
-97, 175, 273, -39, -185, 224, -58, -434, 175, -117, -209, -244, 
-97, 165, 263, -34, -180, 214, -58, -434, 170, -122, -214, -244, 
-92, 165, 258, -36, -175, 212, -58, -434, 170, -122, -214, -248, 
-92, 165, 258, -36, -175, 212, -58, -434, 170, -122, -214, -253, 
-92, 156, 248, -31, -170, 202, -63, -424, 161, -126, -224, -253, 
-92, 156, 248, -31, -170, 202, -63, -424, 161, -126, -224, -253, 
-92, 156, 248, -31, -170, 202, -58, -424, 161, -126, -224, -253, 
-92, 156, 248, -31, -170, 202, -53, -414, 161, -126, -224, -253, 
-102, 146, 248, -21, -175, 197, -43, -414, 165, -136, -224, -258, 
-102, 141, 244, -19, -173, 192, -43, -414, 165, -136, -224, -258, 
-102, 141, 244, -19, -173, 192, -43, -414, 161, -136, -224, -253, 
-97, 141, 239, -21, -168, 190, -43, -414, 156, -131, -224, -253, 
-92, 151, 244, -29, -168, 197, -53, -409, 156, -122, -229, -253, 
-87, 151, 239, -31, -163, 195, -53, -409, 156, -122, -229, -253, 
-87, 151, 239, -31, -163, 195, -53, -409, 161, -122, -229, -258, 
-82, 151, 234, -34, -158, 192, -48, -409, 161, -126, -229, -258, 
-82, 156, 239, -36, -161, 197, -48, -409, 161, -131, -224, -248, 
-82, 156, 239, -36, -161, 197, -48, -405, 161, -131, -224, -248, 
-82, 156, 239, -36, -161, 197, -43, -405, 161, -126, -224, -248, 
-87, 151, 239, -31, -163, 195, -43, -405, 161, -126, -219, -248, 
-78, 141, 219, -31, -148, 180, -34, -405, 161, -126, -229, -248, 
-78, 141, 219, -31, -148, 180, -29, -400, 156, -131, -234, -253, 
-78, 141, 219, -31, -148, 180, -29, -400, 156, -136, -234, -253, 
-78, 141, 219, -31, -148, 180, -24, -400, 156, -136, -234, -253, 
-82, 131, 214, -24, -148, 173, -24, -400, 146, -131, -224, -253, 
-87, 131, 219, -21, -153, 175, -24, -400, 146, -131, -224, -253, 
-92, 131, 224, -19, -158, 178, -24, -395, 151, -131, -224, -253, 
-97, 131, 229, -17, -163, 180, -19, -395, 151, -131, -224, -253, 
-97, 141, 239, -21, -168, 190, -24, -400, 151, -141, -224, -253, 
-102, 141, 244, -19, -173, 192, -24, -400, 146, -141, -224, -248, 
-102, 141, 244, -19, -173, 192, -24, -400, 146, -146, -224, -248, 
-102, 141, 244, -19, -173, 192, -24, -400, 146, -146, -224, -248, 
-107, 131, 239, -12, -173, 185, -24, -400, 156, -136, -224, -244, 
-117, 131, 248, -7, -183, 190, -29, -395, 156, -136, -229, -248, 
-117, 131, 248, -7, -183, 190, -19, -390, 156, -131, -229, -253, 
-112, 131, 244, -9, -178, 187, -14, -375, 156, -141, -234, -253, 
-102, 122, 224, -9, -163, 173, -4, -361, 156, -141, -239, -253, 
-107, 122, 229, -7, -168, 175, 0, -356, 156, -151, -244, -273, 
-107, 102, 209, 2, -158, 156, 14, -346, 146, -175, -258, -302, 
-126, 68, 195, 29, -161, 131, 53, -312, 146, -190, -287, -331, 
-136, 48, 185, 43, -161, 117, 97, -263, 161, -204, -331, -366, 
-136, 29, 165, 53, -151, 97, 161, -200, 190, -224, -370, -409, 
-146, 0, 146, 73, -146, 73, 214, -136, 214, -234, -405, -444, 
-165, -9, 156, 87, -161, 73, 258, -78, 244, -224, -414, -463, 
-156, 4, 161, 75, -158, 82, 258, -58, 292, -200, -409, -458, 
-126, 68, 195, 29, -161, 131, 239, -78, 351, -146, -356, -424, 
-92, 151, 244, -29, -168, 197, 200, -92, 400, -87, -273, -366, 
-39, 229, 268, -95, -153, 248, 151, -107, 453, -14, -190, -287, 
48, 317, 268, -183, -109, 292, 87, -117, 527, 97, -92, -180, 
156, 448, 292, -302, -68, 370, 14, -112, 639, 244, 48, -34, 
273, 595, 322, -434, -24, 458, -53, -102, 766, 409, 204, 117, 
395, 756, 361, -575, 17, 558, -156, -131, 878, 595, 385, 302, 
492, 927, 434, -710, 29, 680, -283, -229, 961, 785, 580, 517, 
531, 1063, 531, -797, 0, 797, -429, -414, 956, 912, 766, 717, 
541, 1185, 644, -863, -51, 915, -566, -668, 868, 990, 936, 912, 
512, 1322, 810, -917, -148, 1066, -707, -956, 785, 1049, 1093, 1093, 
458, 1429, 971, -944, -256, 1200, -810, -1224, 756, 1127, 1220, 1239, 
419, 1454, 1034, -936, -307, 1244, -858, -1371, 775, 1195, 1302, 1317, 
370, 1361, 990, -866, -309, 1176, -844, -1410, 780, 1215, 1293, 1312, 
297, 1210, 912, -753, -307, 1061, -785, -1390, 683, 1122, 1185, 1224, 
248, 1039, 790, -644, -270, 915, -717, -1337, 497, 897, 990, 1068, 
195, 932, 736, -563, -270, 834, -688, -1288, 307, 644, 775, 888, 
126, 858, 732, -492, -302, 795, -673, -1249, 117, 400, 575, 717, 
24, 741, 717, -383, -346, 729, -619, -1210, -112, 141, 366, 527, 
-63, 502, 566, -219, -314, 534, -492, -1112, -331, -141, 107, 278, 
-122, 268, 390, -73, -256, 329, -356, -961, -478, -356, -131, 39, 
-156, 112, 268, 21, -212, 190, -248, -814, -536, -473, -278, -126, 
-170, 4, 175, 82, -173, 90, -180, -707, -527, -522, -351, -219, 
-170, -39, 131, 104, -151, 46, -141, -634, -492, -531, -385, -273, 
-180, -14, 165, 97, -173, 75, -151, -614, -439, -497, -385, -287, 
-175, 43, 219, 65, -197, 131, -185, -624, -370, -448, -351, -273, 
-175, 102, 278, 36, -226, 190, -195, -619, -297, -385, -317, -244, 
-170, 151, 322, 9, -246, 236, -190, -600, -200, -307, -273, -209, 
-161, 195, 356, -17, -258, 275, -185, -575, -107, -229, -224, -170, 
-151, 214, 366, -31, -258, 290, -156, -536, -14, -180, -195, -161, 
-141, 224, 366, -41, -253, 295, -122, -502, 48, -161, -185, -161, 
-117, 209, 326, -46, -222, 268, -97, -458, 82, -156, -185, -170, 
-102, 190, 292, -43, -197, 241, -73, -424, 117, -146, -195, -185, 
-82, 190, 273, -53, -178, 231, -53, -400, 136, -141, -190, -195, 
-78, 190, 268, -56, -173, 229, -39, -400, 146, -136, -190, -185, 
-73, 190, 263, -58, -168, 226, -24, -390, 146, -122, -180, -190, 
-73, 185, 258, -56, -165, 222, -14, -375, 151, -102, -180, -190, 
-73, 175, 248, -51, -161, 212, -4, -351, 165, -92, -180, -190, 
-78, 161, 239, -41, -158, 200, 9, -336, 175, -87, -175, -195, 
-78, 151, 229, -36, -153, 190, 24, -317, 190, -87, -175, -200, 
-73, 151, 224, -39, -148, 187, 14, -317, 195, -97, -185, -204, 
-73, 151, 224, -39, -148, 187, 14, -312, 195, -97, -185, -209, 
-73, 151, 224, -39, -148, 187, 14, -312, 200, -97, -185, -209, 
-63, 156, 219, -46, -141, 187, 14, -312, 204, -97, -185, -209, 
-63, 170, 234, -53, -148, 202, 14, -302, 204, -107, -195, -209, 
-63, 170, 234, -53, -148, 202, 19, -297, 204, -97, -195, -209, 
-63, 170, 234, -53, -148, 202, 19, -297, 204, -92, -190, -204, 
-63, 165, 229, -51, -146, 197, 24, -292, 209, -92, -190, -204, 
-63, 165, 229, -51, -146, 197, 34, -287, 204, -92, -190, -204, 
-63, 170, 234, -53, -148, 202, 34, -283, 204, -92, -195, -204, 
-58, 170, 229, -56, -143, 200, 34, -283, 209, -92, -195, -204, 
-58, 170, 229, -56, -143, 200, 34, -283, 214, -92, -195, -204, 
-48, 170, 219, -61, -134, 195, 43, -273, 224, -87, -195, -204, 
-48, 170, 219, -61, -134, 195, 39, -273, 224, -87, -195, -204, 
-48, 170, 219, -61, -134, 195, 39, -273, 224, -87, -190, -200, 
-43, 170, 214, -63, -129, 192, 39, -273, 224, -87, -190, -200, 
-53, 185, 239, -65, -146, 212, 29, -258, 219, -73, -180, -190, 
-53, 185, 239, -65, -146, 212, 29, -258, 224, -73, -175, -190, 
-48, 185, 234, -68, -141, 209, 34, -253, 224, -68, -175, -190, 
-43, 185, 229, -70, -136, 207, 34, -248, 234, -68, -175, -190, 
-43, 190, 234, -73, -139, 212, 34, -234, 244, -68, -165, -185, 
-48, 190, 239, -70, -143, 214, 34, -229, 239, -68, -165, -185, 
-48, 190, 239, -70, -143, 214, 39, -224, 239, -68, -161, -185, 
-48, 190, 239, -70, -143, 214, 39, -219, 244, -63, -161, -185, 
-48, 185, 234, -68, -141, 209, 39, -214, 253, -58, -165, -185, 
-48, 190, 239, -70, -143, 214, 39, -209, 253, -58, -165, -185, 
-43, 195, 239, -75, -141, 217, 39, -200, 258, -58, -161, -185, 
-43, 195, 239, -75, -141, 217, 39, -195, 258, -53, -161, -185, 
-39, 200, 239, -80, -139, 219, 29, -195, 253, -53, -165, -180, 
-39, 200, 239, -80, -139, 219, 29, -195, 253, -53, -165, -180, 
-39, 200, 239, -80, -139, 219, 29, -195, 248, -53, -170, -180, 
-34, 200, 234, -82, -134, 217, 29, -190, 244, -48, -180, -180, 
-43, 209, 253, -82, -148, 231, 19, -190, 248, -58, -170, -180, 
-43, 209, 253, -82, -148, 231, 19, -190, 248, -58, -165, -180, 
-48, 214, 263, -82, -156, 239, 24, -190, 248, -58, -165, -180, 
-48, 219, 268, -85, -158, 244, 24, -190, 248, -53, -165, -180, 
-34, 209, 244, -87, -139, 226, 19, -180, 263, -43, -165, -175, 
-29, 214, 244, -92, -136, 229, 19, -180, 263, -43, -161, -175, 
-29, 214, 244, -92, -136, 229, 19, -180, 263, -43, -161, -175, 
-34, 214, 248, -90, -141, 231, 19, -180, 268, -43, -161, -175, 
-24, 229, 253, -102, -139, 241, 24, -170, 258, -39, -151, -170, 
-19, 229, 248, -104, -134, 239, 24, -170, 263, -39, -156, -170, 
-14, 229, 244, -107, -129, 236, 19, -165, 263, -34, -156, -170, 
-4, 229, 234, -112, -119, 231, 19, -165, 263, -29, -146, -170, 
-9, 229, 239, -109, -124, 234, 24, -175, 263, -39, -151, -165, 
-14, 224, 239, -104, -126, 231, 24, -175, 268, -39, -151, -165, 
-19, 219, 239, -100, -129, 229, 24, -170, 273, -34, -156, -165, 
-24, 219, 244, -97, -134, 231, 29, -170, 273, -34, -161, -165, 
-34, 219, 253, -92, -143, 236, 39, -161, 268, -43, -161, -170, 
-29, 219, 248, -95, -139, 234, 39, -161, 268, -43, -161, -170, 
-24, 219, 244, -97, -134, 231, 34, -161, 268, -43, -161, -175, 
-24, 219, 244, -97, -134, 231, 34, -161, 268, -39, -156, -175, 
-24, 224, 248, -100, -136, 236, 43, -151, 283, -29, -156, -170, 
-24, 229, 253, -102, -139, 241, 48, -151, 287, -24, -156, -170, 
-24, 229, 253, -102, -139, 241, 53, -151, 287, -24, -156, -170, 
-19, 229, 248, -104, -134, 239, 53, -151, 287, -24, -151, -165, 
-14, 234, 248, -109, -131, 241, 43, -146, 292, -14, -146, -156, 
-14, 239, 253, -112, -134, 246, 43, -146, 292, -9, -146, -156, 
-14, 239, 253, -112, -134, 246, 43, -146, 292, -9, -146, -156, 
-14, 239, 253, -112, -134, 246, 43, -146, 292, -9, -151, -156, 
-24, 239, 263, -107, -143, 251, 39, -141, 297, -19, -146, -146, 
-9, 244, 253, -117, -131, 248, 34, -141, 297, -19, -146, -151, 
-9, 244, 253, -117, -131, 248, 34, -136, 297, -14, -141, -151, 
-9, 244, 253, -117, -131, 248, 34, -136, 297, -14, -136, -146, 
0, 263, 263, -131, -131, 263, 34, -126, 297, -9, -126, -146, 
4, 263, 258, -134, -126, 261, 29, -126, 302, -9, -122, -146, 
4, 268, 263, -136, -129, 265, 24, -126, 312, 0, -122, -141, 
4, 268, 263, -136, -129, 265, 19, -126, 317, 0, -117, -141, 
14, 268, 253, -141, -119, 261, 24, -117, 322, 0, -126, -131, 
14, 268, 253, -141, -119, 261, 24, -112, 322, 4, -122, -126, 
19, 268, 248, -143, -114, 258, 19, -112, 326, 9, -112, -126, 
24, 273, 248, -148, -112, 261, 19, -107, 331, 14, -112, -126, 
14, 273, 258, -143, -122, 265, 19, -102, 322, 19, -107, -126, 
14, 283, 268, -148, -126, 275, 19, -102, 326, 19, -107, -117, 
14, 287, 273, -151, -129, 280, 19, -102, 331, 24, -107, -117, 
24, 292, 268, -158, -122, 280, 19, -92, 336, 34, -107, -107, 
24, 297, 273, -161, -124, 285, 9, -87, 336, 39, -107, -117, 
24, 307, 283, -165, -129, 295, 9, -82, 346, 39, -97, -117, 
29, 307, 278, -168, -124, 292, 9, -82, 351, 43, -92, -117, 
29, 307, 278, -168, -124, 292, 9, -82, 356, 48, -87, -112, 
29, 297, 268, -163, -119, 283, 19, -68, 356, 53, -87, -97, 
29, 302, 273, -165, -122, 287, 19, -68, 361, 58, -82, -97, 
34, 302, 268, -168, -117, 285, 19, -68, 366, 58, -78, -92, 
39, 307, 268, -173, -114, 287, 19, -68, 370, 63, -73, -92, 
48, 322, 273, -185, -112, 297, 19, -53, 370, 73, -73, -87, 
53, 326, 273, -190, -109, 300, 19, -53, 370, 78, -68, -82, 
53, 326, 273, -190, -109, 300, 24, -48, 370, 82, -68, -78, 
48, 331, 283, -190, -117, 307, 24, -48, 380, 87, -68, -73, 
58, 346, 287, -202, -114, 317, 24, -53, 375, 92, -73, -78, 
63, 351, 287, -207, -112, 319, 24, -53, 380, 87, -63, -73, 
73, 356, 283, -214, -104, 319, 24, -53, 380, 87, -53, -73, 
78, 366, 287, -222, -104, 326, 14, -53, 380, 82, -53, -68, 
73, 366, 292, -219, -109, 329, 14, -48, 390, 92, -48, -63, 
78, 370, 292, -224, -107, 331, 4, -48, 390, 97, -43, -58, 
78, 375, 297, -226, -109, 336, 0, -43, 390, 97, -43, -53, 
78, 380, 302, -229, -112, 341, 0, -39, 390, 97, -39, -53, 
78, 385, 307, -231, -114, 346, 9, -39, 400, 107, -48, -39, 
82, 390, 307, -236, -112, 348, 0, -43, 395, 107, -48, -39, 
82, 390, 307, -236, -112, 348, 0, -39, 395, 107, -43, -34, 
82, 390, 307, -236, -112, 348, 0, -24, 395, 107, -39, -34, 
97, 385, 287, -241, -95, 336, -9, -24, 385, 97, -34, -29, 
97, 385, 287, -241, -95, 336, -9, -29, 390, 102, -34, -24, 
87, 390, 302, -239, -107, 346, -14, -29, 390, 107, -34, -19, 
87, 390, 302, -239, -107, 346, -14, -34, 390, 107, -34, -19, 
97, 395, 297, -246, -100, 346, -24, -24, 380, 97, -19, -29, 
102, 395, 292, -248, -95, 344, -24, -29, 380, 92, -19, -29, 
107, 395, 287, -251, -90, 341, -24, -34, 370, 92, -24, -24, 
112, 395, 283, -253, -85, 339, -34, -39, 370, 92, -24, -24, 
107, 405, 297, -256, -95, 351, -24, -29, 370, 97, -24, -24, 
102, 405, 302, -253, -100, 353, -24, -29, 370, 97, -24, -24, 
97, 405, 307, -251, -104, 356, -29, -34, 361, 97, -24, -24, 
92, 405, 312, -248, -109, 358, -29, -39, 361, 97, -24, -24, 
92, 395, 302, -244, -104, 348, -24, -48, 370, 92, -14, -24, 
87, 395, 307, -241, -109, 351, -24, -53, 366, 87, -14, -19, 
87, 395, 307, -241, -109, 351, -24, -53, 366, 87, -14, -14, 
87, 395, 307, -241, -109, 351, -24, -53, 366, 92, -14, -9, 
87, 395, 307, -241, -109, 351, -14, -53, 361, 102, -4, -4, 
82, 390, 307, -236, -112, 348, -14, -53, 356, 102, -9, -4, 
82, 390, 307, -236, -112, 348, -9, -58, 351, 97, -9, -4, 
78, 390, 312, -234, -117, 351, -9, -58, 346, 92, -14, -4, 
87, 385, 297, -236, -104, 341, -9, -63, 346, 92, -14, -9, 
87, 385, 297, -236, -104, 341, -9, -73, 341, 92, -19, -9, 
82, 385, 302, -234, -109, 344, -9, -78, 336, 87, -19, -4, 
82, 385, 302, -234, -109, 344, -14, -87, 331, 82, -24, -4, 
78, 380, 302, -229, -112, 341, -24, -92, 336, 68, -34, -14, 
68, 380, 312, -224, -122, 346, -19, -97, 336, 68, -34, -19, 
63, 375, 312, -219, -124, 344, -19, -102, 336, 68, -34, -24, 
63, 375, 312, -219, -124, 344, -19, -107, 336, 68, -34, -29, 
68, 380, 312, -224, -122, 346, -19, -107, 326, 63, -39, -19, 
58, 380, 322, -219, -131, 351, -19, -107, 322, 58, -43, -34, 
58, 375, 317, -217, -129, 346, -19, -117, 317, 53, -53, -34, 
58, 366, 307, -212, -124, 336, -19, -131, 317, 48, -58, -43, 
43, 361, 317, -202, -136, 339, -19, -131, 312, 43, -53, -43, 
43, 356, 312, -200, -134, 334, -19, -136, 307, 39, -58, -39, 
39, 351, 312, -195, -136, 331, -14, -136, 302, 34, -58, -43, 
39, 346, 307, -192, -134, 326, -14, -146, 297, 29, -58, -43, 
24, 341, 317, -183, -146, 329, -4, -146, 292, 24, -73, -58, 
19, 336, 317, -178, -148, 326, -4, -151, 287, 24, -78, -58, 
14, 331, 317, -173, -151, 324, 0, -156, 287, 19, -78, -63, 
0, 326, 326, -163, -163, 326, 0, -156, 283, 19, -78, -68, 
4, 322, 317, -163, -156, 319, -4, -161, 273, 14, -92, -73, 
0, 317, 317, -158, -158, 317, 0, -161, 268, 9, -97, -78, 
0, 307, 307, -153, -153, 307, 9, -165, 263, 4, -102, -82, 
-9, 307, 317, -148, -163, 312, 9, -165, 258, 4, -112, -87, 
-9, 307, 317, -148, -163, 312, 0, -161, 268, -4, -117, -92, 
-9, 307, 317, -148, -163, 312, 9, -165, 258, -14, -117, -97, 
-9, 302, 312, -146, -161, 307, 9, -165, 258, -14, -117, -102, 
-14, 297, 312, -141, -163, 305, 0, -170, 253, -19, -117, -107, 
-14, 297, 312, -141, -163, 305, 9, -161, 239, -34, -126, -107, 
-14, 292, 307, -139, -161, 300, 14, -161, 239, -34, -126, -112, 
-24, 287, 312, -131, -168, 300, 14, -161, 234, -39, -131, -112, 
-24, 283, 307, -129, -165, 295, 14, -161, 234, -39, -136, -112, 
-29, 273, 302, -122, -165, 287, 19, -170, 224, -43, -131, -112, 
-29, 273, 302, -122, -165, 287, 19, -170, 224, -48, -131, -117, 
-29, 268, 297, -119, -163, 283, 19, -165, 219, -48, -131, -117, 
-34, 263, 297, -114, -165, 280, 24, -165, 214, -48, -136, -122, 
-29, 268, 297, -119, -163, 283, 19, -161, 224, -43, -136, -126, 
-29, 273, 302, -122, -165, 287, 19, -161, 224, -43, -136, -126, 
-34, 278, 312, -122, -173, 295, 19, -161, 224, -43, -136, -122, 
-34, 283, 317, -124, -175, 300, 19, -161, 224, -43, -136, -122, 
-24, 273, 297, -124, -161, 285, 29, -151, 224, -43, -131, -122, 
-24, 273, 297, -124, -161, 285, 34, -151, 224, -43, -131, -122, 
-24, 278, 302, -126, -163, 290, 34, -151, 224, -43, -131, -122, 
-19, 278, 297, -129, -158, 287, 34, -151, 224, -43, -131, -126, 
-29, 278, 307, -124, -168, 292, 34, -146, 224, -48, -131, -117, 
-29, 273, 302, -122, -165, 287, 34, -146, 224, -48, -131, -117, 
-29, 273, 302, -122, -165, 287, 34, -156, 219, -48, -131, -112, 
-29, 273, 302, -122, -165, 287, 34, -161, 219, -48, -126, -112, 
-29, 273, 302, -122, -165, 287, 24, -151, 219, -39, -126, -112, 
-29, 273, 302, -122, -165, 287, 24, -141, 219, -34, -126, -112, 
-29, 268, 297, -119, -163, 283, 29, -136, 224, -34, -126, -112, 
-29, 268, 297, -119, -163, 283, 29, -131, 224, -39, -126, -112, 
-39, 263, 302, -112, -170, 283, 34, -141, 224, -39, -131, -126, 
-39, 263, 302, -112, -170, 283, 34, -141, 219, -39, -131, -126, 
-39, 268, 307, -114, -173, 287, 34, -141, 214, -39, -126, -126, 
-39, 268, 307, -114, -173, 287, 34, -141, 209, -34, -126, -126, 
-34, 278, 312, -122, -173, 295, 24, -146, 209, -43, -126, -126, 
-34, 283, 317, -124, -175, 300, 24, -146, 209, -43, -131, -126, 
-34, 283, 317, -124, -175, 300, 29, -146, 209, -48, -131, -126, 
-29, 283, 312, -126, -170, 297, 29, -146, 209, -48, -131, -126, 
-39, 283, 322, -122, -180, 302, 34, -146, 209, -53, -141, -136, 
-34, 283, 317, -124, -175, 300, 34, -141, 209, -53, -136, -136, 
-34, 283, 317, -124, -175, 300, 29, -141, 209, -53, -136, -131, 
-34, 292, 326, -129, -180, 309, 29, -141, 209, -53, -136, -131, 
-34, 283, 317, -124, -175, 300, 29, -141, 214, -53, -136, -122, 
-34, 283, 317, -124, -175, 300, 29, -141, 214, -53, -136, -122, 
-34, 283, 317, -124, -175, 300, 29, -141, 214, -48, -136, -122, 
-34, 287, 322, -126, -178, 305, 29, -141, 214, -48, -136, -122, 
-34, 302, 336, -134, -185, 319, 29, -131, 224, -39, -126, -112, 
-34, 312, 346, -139, -190, 329, 29, -131, 224, -43, -126, -112, 
-34, 312, 346, -139, -190, 329, 29, -131, 224, -43, -126, -112, 
-34, 312, 346, -139, -190, 329, 29, -131, 224, -39, -126, -112, 
-24, 302, 326, -139, -175, 314, 29, -131, 224, -39, -117, -102, 
-24, 297, 322, -136, -173, 309, 29, -131, 224, -39, -117, -102, 
-24, 292, 317, -134, -170, 305, 29, -131, 224, -39, -117, -102, 
-24, 297, 322, -136, -173, 309, 29, -136, 224, -39, -117, -102, 
-34, 287, 322, -126, -178, 305, 39, -126, 214, -39, -126, -112, 
-34, 287, 322, -126, -178, 305, 39, -126, 219, -39, -122, -112, 
-34, 292, 326, -129, -180, 309, 39, -126, 219, -34, -122, -112, 
-34, 292, 326, -129, -180, 309, 39, -126, 219, -34, -122, -112, 
-34, 297, 331, -131, -183, 314, 48, -136, 219, -48, -122, -122, 
-34, 297, 331, -131, -183, 314, 48, -136, 219, -48, -122, -117, 
-34, 297, 331, -131, -183, 314, 48, -131, 219, -43, -122, -117, 
-34, 297, 331, -131, -183, 314, 48, -131, 224, -43, -122, -117, 
-34, 307, 341, -136, -187, 324, 48, -126, 219, -39, -112, -107, 
-34, 312, 346, -139, -190, 329, 48, -126, 219, -34, -112, -107, 
-34, 312, 346, -139, -190, 329, 48, -126, 219, -29, -112, -107, 
-34, 312, 346, -139, -190, 329, 48, -131, 219, -24, -112, -107, 
-34, 326, 361, -146, -197, 344, 43, -126, 209, -34, -122, -107, 
-34, 331, 366, -148, -200, 348, 39, -131, 209, -34, -122, -102, 
-34, 336, 370, -151, -202, 353, 34, -131, 209, -29, -112, -102, 
-34, 336, 370, -151, -202, 353, 29, -126, 209, -24, -112, -102, 
-24, 336, 361, -156, -192, 348, 29, -122, 214, -19, -102, -102, 
-19, 336, 356, -158, -187, 346, 24, -122, 219, -19, -102, -97, 
-19, 336, 356, -158, -187, 346, 24, -122, 219, -29, -107, -97, 
-19, 336, 356, -158, -187, 346, 24, -136, 224, -29, -107, -92, 
-34, 336, 370, -151, -202, 353, 19, -122, 224, -24, -97, -87, 
-34, 341, 375, -153, -204, 358, 19, -122, 224, -24, -97, -87, 
-29, 341, 370, -156, -200, 356, 19, -122, 224, -24, -97, -87, 
-29, 341, 370, -156, -200, 356, 24, -117, 224, -24, -97, -87, 
-24, 351, 375, -163, -200, 363, 14, -126, 224, -24, -107, -97, 
-19, 346, 366, -163, -192, 356, 14, -126, 224, -24, -107, -97, 
-14, 346, 361, -165, -187, 353, 14, -126, 224, -24, -107, -97, 
-9, 346, 356, -168, -183, 351, 19, -122, 224, -24, -107, -97, 
-19, 356, 375, -168, -197, 366, 9, -112, 224, -24, -107, -97, 
-14, 356, 370, -170, -192, 363, 9, -117, 224, -29, -107, -92, 
-14, 356, 370, -170, -192, 363, 9, -117, 224, -29, -107, -92, 
-14, 361, 375, -173, -195, 368, 14, -117, 219, -29, -112, -92, 
-14, 356, 370, -170, -192, 363, 19, -117, 209, -29, -102, -82, 
-14, 351, 366, -168, -190, 358, 24, -117, 214, -29, -102, -82, 
-14, 346, 361, -165, -187, 353, 29, -117, 214, -29, -102, -82, 
-14, 341, 356, -163, -185, 348, 34, -117, 209, -29, -102, -82, 
-9, 341, 351, -165, -180, 346, 43, -117, 200, -39, -112, -82, 
-9, 341, 351, -165, -180, 346, 39, -112, 195, -39, -112, -82, 
-9, 341, 351, -165, -180, 346, 39, -112, 195, -39, -112, -82, 
-9, 341, 351, -165, -180, 346, 34, -117, 200, -39, -112, -73, 
-9, 351, 361, -170, -185, 356, 34, -117, 200, -39, -102, -82, 
-9, 351, 361, -170, -185, 356, 34, -112, 200, -39, -102, -82, 
-4, 351, 356, -173, -180, 353, 34, -112, 200, -39, -102, -87, 
-4, 351, 356, -173, -180, 353, 34, -117, 200, -39, -102, -87, 
-9, 351, 361, -170, -185, 356, 29, -117, 209, -29, -102, -78, 
-9, 351, 361, -170, -185, 356, 29, -112, 209, -29, -102, -78, 
-9, 351, 361, -170, -185, 356, 29, -112, 209, -34, -102, -78, 
-9, 351, 361, -170, -185, 356, 29, -112, 204, -34, -102, -78, 
-19, 356, 375, -168, -197, 366, 19, -112, 204, -34, -112, -87, 
-19, 356, 375, -168, -197, 366, 19, -117, 204, -34, -112, -87, 
-19, 356, 375, -168, -197, 366, 19, -117, 204, -39, -112, -87, 
-19, 356, 375, -168, -197, 366, 19, -117, 204, -39, -112, -87, 
-9, 351, 361, -170, -185, 356, 29, -107, 195, -39, -112, -97, 
-9, 351, 361, -170, -185, 356, 29, -112, 195, -39, -117, -97, 
-9, 346, 356, -168, -183, 351, 29, -112, 195, -43, -117, -97, 
-9, 346, 356, -168, -183, 351, 29, -107, 190, -43, -112, -97, 
-9, 346, 356, -168, -183, 351, 29, -107, 180, -53, -122, -87, 
-9, 346, 356, -168, -183, 351, 29, -107, 180, -53, -122, -87, 
-9, 346, 356, -168, -183, 351, 29, -107, 185, -53, -122, -87, 
-24, 346, 370, -161, -197, 358, 29, -107, 185, -53, -122, -92, 
-19, 356, 375, -168, -197, 366, 19, -97, 185, -53, -117, -82, 
-19, 351, 370, -165, -195, 361, 19, -97, 185, -53, -117, -82, 
-19, 351, 370, -165, -195, 361, 19, -102, 185, -63, -112, -82, 
-14, 351, 366, -168, -190, 358, 19, -102, 180, -63, -107, -82, 
-9, 351, 361, -170, -185, 356, 19, -97, 185, -53, -117, -92, 
-9, 351, 361, -170, -185, 356, 19, -97, 185, -53, -117, -92, 
-9, 351, 361, -170, -185, 356, 19, -102, 180, -53, -117, -92, 
-9, 351, 361, -170, -185, 356, 19, -102, 180, -53, -117, -97, 
-9, 351, 361, -170, -185, 356, 24, -97, 180, -53, -117, -87, 
-9, 351, 361, -170, -185, 356, 29, -97, 180, -58, -122, -97, 
-29, 351, 380, -161, -204, 366, 29, -97, 180, -58, -122, -97, 
-29, 351, 380, -161, -204, 366, 29, -97, 180, -58, -122, -92, 
-19, 341, 361, -161, -190, 351, 29, -87, 165, -63, -112, -92, 
-14, 341, 356, -163, -185, 348, 29, -92, 165, -63, -112, -97, 
0, 341, 341, -170, -170, 341, 24, -92, 165, -63, -112, -97, 
0, 341, 341, -170, -170, 341, 24, -92, 165, -63, -112, -97, 
4, 346, 341, -175, -168, 344, 24, -97, 165, -63, -122, -97, 
4, 351, 346, -178, -170, 348, 24, -97, 165, -63, -122, -97, 
0, 356, 356, -178, -178, 356, 24, -97, 165, -63, -122, -92, 
0, 361, 361, -180, -180, 361, 24, -92, 170, -63, -117, -92, 
0, 351, 351, -175, -175, 351, 34, -92, 170, -63, -117, -92, 
0, 356, 356, -178, -178, 356, 34, -87, 170, -63, -122, -92, 
0, 356, 356, -178, -178, 356, 34, -87, 165, -63, -122, -92, 
0, 356, 356, -178, -178, 356, 34, -87, 165, -63, -122, -92, 
-14, 351, 366, -168, -190, 358, 34, -78, 165, -63, -112, -92, 
-14, 351, 366, -168, -190, 358, 34, -78, 165, -63, -112, -97, 
-14, 346, 361, -165, -187, 353, 39, -78, 165, -63, -112, -97, 
-14, 346, 361, -165, -187, 353, 39, -78, 165, -63, -112, -92, 
-24, 356, 380, -165, -202, 368, 29, -78, 165, -63, -117, -87, 
-24, 356, 380, -165, -202, 368, 29, -78, 165, -63, -117, -82, 
-19, 356, 375, -168, -197, 366, 29, -78, 165, -63, -117, -78, 
-19, 356, 375, -168, -197, 366, 29, -82, 165, -63, -112, -78, 
-9, 366, 375, -178, -192, 370, 29, -73, 165, -63, -112, -87, 
-9, 370, 380, -180, -195, 375, 24, -73, 161, -63, -112, -87, 
-9, 370, 380, -180, -195, 375, 24, -73, 161, -63, -112, -87, 
-9, 370, 380, -180, -195, 375, 24, -73, 161, -63, -112, -87, 
0, 370, 370, -185, -185, 370, 34, -68, 161, -73, -122, -92, 
0, 370, 370, -185, -185, 370, 34, -68, 161, -73, -122, -97, 
0, 370, 370, -185, -185, 370, 34, -68, 161, -73, -117, -97, 
0, 370, 370, -185, -185, 370, 34, -73, 161, -73, -117, -97, 
0, 370, 370, -185, -185, 370, 34, -73, 151, -73, -117, -97, 
0, 370, 370, -185, -185, 370, 34, -73, 151, -68, -122, -87, 
0, 370, 370, -185, -185, 370, 34, -68, 151, -68, -122, -87, 
0, 370, 370, -185, -185, 370, 34, -68, 151, -73, -122, -92, 
-14, 370, 385, -178, -200, 378, 34, -68, 151, -63, -117, -92, 
-14, 370, 385, -178, -200, 378, 34, -68, 151, -63, -117, -87, 
-9, 370, 380, -180, -195, 375, 34, -68, 151, -63, -117, -87, 
-9, 370, 380, -180, -195, 375, 39, -68, 151, -63, -122, -82, 
0, 370, 370, -185, -185, 370, 43, -58, 161, -63, -112, -82, 
0, 370, 370, -185, -185, 370, 43, -58, 161, -68, -112, -82, 
4, 370, 366, -187, -180, 368, 43, -58, 161, -68, -112, -87, 
4, 370, 366, -187, -180, 368, 43, -58, 161, -68, -112, -87, 
-4, 380, 385, -187, -195, 383, 34, -58, 156, -78, -117, -82, 
-4, 380, 385, -187, -195, 383, 34, -58, 151, -78, -117, -82, 
9, 380, 370, -195, -180, 375, 34, -58, 151, -78, -112, -87, 
9, 380, 370, -195, -180, 375, 34, -63, 146, -78, -112, -87, 
0, 380, 380, -190, -190, 380, 34, -58, 146, -78, -122, -102, 
0, 380, 380, -190, -190, 380, 34, -58, 136, -78, -122, -102, 
0, 380, 380, -190, -190, 380, 34, -58, 136, -78, -122, -102, 
0, 380, 380, -190, -190, 380, 34, -58, 141, -78, -122, -97, 
0, 380, 380, -190, -190, 380, 24, -58, 141, -87, -131, -97, 
0, 380, 380, -190, -190, 380, 24, -53, 146, -87, -131, -92, 
0, 380, 380, -190, -190, 380, 24, -53, 146, -87, -131, -92, 
0, 380, 380, -190, -190, 380, 24, -53, 146, -82, -131, -92, 
0, 390, 390, -195, -195, 390, 24, -53, 146, -82, -122, -92, 
9, 395, 385, -202, -187, 390, 34, -53, 146, -82, -122, -82, 
9, 400, 390, -204, -190, 395, 29, -58, 156, -68, -107, -68, 
9, 405, 395, -207, -192, 400, 29, -58, 165, -58, -102, -68, 
9, 409, 400, -209, -195, 405, 29, -58, 165, -58, -97, -68, 
9, 414, 405, -212, -197, 409, 29, -58, 165, -58, -92, -68, 
9, 419, 409, -214, -200, 414, 29, -58, 165, -58, -87, -68, 
9, 429, 419, -219, -204, 424, 19, -58, 175, -48, -87, -63, 
9, 439, 429, -224, -209, 434, 19, -58, 175, -43, -82, -63, 
9, 448, 439, -229, -214, 444, 19, -53, 180, -39, -78, -58, 
9, 453, 444, -231, -217, 448, 19, -53, 185, -39, -78, -58, 
14, 448, 434, -231, -209, 441, 19, -53, 175, -43, -87, -58, 
14, 453, 439, -234, -212, 446, 19, -53, 175, -43, -87, -68, 
14, 453, 439, -234, -212, 446, 19, -63, 170, -48, -87, -68, 
14, 453, 439, -234, -212, 446, 14, -63, 170, -48, -87, -68, 
14, 458, 444, -236, -214, 451, 24, -53, 180, -39, -87, -63, 
14, 458, 444, -236, -214, 451, 29, -53, 180, -39, -87, -63, 
14, 458, 444, -236, -214, 451, 29, -53, 180, -43, -87, -63, 
14, 458, 444, -236, -214, 451, 29, -48, 180, -43, -87, -63, 
4, 458, 453, -231, -224, 456, 39, -48, 175, -48, -87, -63, 
4, 468, 463, -236, -229, 466, 39, -53, 185, -39, -78, -53, 
4, 483, 478, -244, -236, 480, 39, -58, 190, -34, -73, -43, 
9, 492, 483, -251, -236, 488, 34, -58, 195, -29, -68, -39, 
9, 492, 483, -251, -236, 488, 24, -68, 200, -29, -53, -34, 
9, 507, 497, -258, -244, 502, 24, -73, 214, -19, -48, -29, 
14, 522, 507, -268, -246, 514, 9, -82, 214, -9, -39, -24, 
24, 527, 502, -275, -239, 514, 4, -87, 214, -9, -34, -14, 
29, 541, 512, -285, -241, 527, 0, -82, 214, 0, -34, -4, 
29, 541, 512, -285, -241, 527, -9, -82, 209, -4, -29, 0, 
39, 541, 502, -290, -231, 522, -9, -82, 209, -4, -29, 0, 
43, 541, 497, -292, -226, 519, -14, -78, 204, -9, -34, -4, 
43, 531, 488, -287, -222, 509, -24, -63, 209, -4, -39, -19, 
43, 512, 468, -278, -212, 490, -24, -63, 195, -14, -43, -19, 
43, 507, 463, -275, -209, 485, -19, -63, 190, -24, -48, -24, 
39, 497, 458, -268, -209, 478, -19, -58, 175, -29, -58, -29, 
43, 488, 444, -265, -200, 466, -4, -48, 161, -39, -73, -48, 
43, 488, 444, -265, -200, 466, -4, -48, 156, -48, -73, -48, 
43, 483, 439, -263, -197, 461, -4, -43, 151, -53, -73, -48, 
48, 483, 434, -265, -192, 458, 0, -34, 151, -58, -73, -43, 
53, 478, 424, -265, -185, 451, -9, -34, 151, -58, -82, -39, 
53, 473, 419, -263, -183, 446, -9, -34, 146, -58, -82, -39, 
53, 473, 419, -263, -183, 446, -9, -39, 146, -58, -82, -39, 
48, 478, 429, -263, -190, 453, -4, -39, 151, -58, -82, -39, 
48, 488, 439, -268, -195, 463, -14, -34, 156, -43, -68, -39, 
43, 483, 439, -263, -197, 461, 0, -34, 161, -43, -68, -39, 
43, 483, 439, -263, -197, 461, 4, -29, 165, -43, -73, -43, 
29, 478, 448, -253, -209, 463, 9, -29, 170, -43, -78, -43, 
24, 468, 444, -246, -209, 456, 29, -24, 165, -58, -78, -48, 
19, 463, 444, -241, -212, 453, 34, -24, 156, -63, -87, -53, 
14, 453, 439, -234, -212, 446, 34, -24, 141, -73, -92, -58, 
14, 444, 429, -229, -207, 436, 34, -19, 126, -82, -102, -63, 
19, 429, 409, -224, -195, 419, 34, -29, 117, -102, -112, -82, 
19, 419, 400, -219, -190, 409, 29, -24, 107, -107, -122, -87, 
19, 409, 390, -214, -185, 400, 29, -24, 102, -112, -126, -87, 
24, 409, 385, -217, -180, 397, 29, -24, 102, -112, -126, -92, 
14, 409, 395, -212, -190, 402, 29, -24, 102, -112, -126, -97, 
14, 409, 395, -212, -190, 402, 24, -24, 102, -117, -126, -97, 
14, 409, 395, -212, -190, 402, 24, -24, 102, -117, -126, -97, 
14, 409, 395, -212, -190, 402, 29, -24, 102, -117, -126, -97, 
4, 409, 405, -207, -200, 407, 34, -9, 102, -107, -126, -87, 
4, 409, 405, -207, -200, 407, 34, -4, 107, -107, -126, -92, 
4, 405, 400, -204, -197, 402, 34, 0, 107, -107, -126, -92, 
4, 405, 400, -204, -197, 402, 34, 4, 102, -107, -126, -87, 
19, 405, 385, -212, -183, 395, 34, -4, 97, -112, -126, -97, 
19, 405, 385, -212, -183, 395, 34, 0, 97, -112, -131, -97, 
19, 405, 385, -212, -183, 395, 34, 0, 97, -112, -131, -97, 
14, 405, 390, -209, -187, 397, 34, 0, 102, -112, -131, -102, 
4, 405, 400, -204, -197, 402, 48, 0, 112, -112, -122, -92, 
4, 400, 395, -202, -195, 397, 48, 0, 112, -112, -126, -92, 
4, 400, 395, -202, -195, 397, 48, 4, 112, -107, -126, -92, 
4, 400, 395, -202, -195, 397, 53, 4, 112, -97, -126, -92, 
9, 395, 385, -202, -187, 390, 53, 14, 112, -97, -122, -82, 
9, 395, 385, -202, -187, 390, 53, 14, 112, -97, -122, -82, 
9, 395, 385, -202, -187, 390, 58, 19, 107, -102, -126, -87, 
9, 395, 385, -202, -187, 390, 58, 19, 107, -107, -126, -87, 
0, 395, 395, -197, -197, 395, 53, 9, 107, -107, -126, -87, 
0, 395, 395, -197, -197, 395, 53, 9, 107, -102, -126, -87, 
0, 395, 395, -197, -197, 395, 53, 9, 107, -102, -126, -87, 
0, 395, 395, -197, -197, 395, 53, 14, 112, -102, -126, -87, 
9, 395, 385, -202, -187, 390, 58, 24, 102, -112, -126, -92, 
9, 395, 385, -202, -187, 390, 63, 19, 102, -112, -126, -97, 
4, 395, 390, -200, -192, 392, 63, 19, 97, -112, -126, -97, 
4, 395, 390, -200, -192, 392, 63, 19, 97, -117, -126, -102, 
4, 395, 390, -200, -192, 392, 63, 29, 97, -117, -136, -102, 
9, 405, 395, -207, -192, 400, 73, 39, 107, -107, -126, -97, 
9, 405, 395, -207, -192, 400, 78, 43, 107, -107, -131, -102, 
9, 395, 385, -202, -187, 390, 78, 39, 107, -122, -141, -107, 
4, 395, 390, -200, -192, 392, 73, 43, 107, -112, -146, -107, 
4, 385, 380, -195, -187, 383, 73, 48, 107, -122, -151, -117, 
0, 366, 366, -183, -183, 366, 87, 63, 107, -141, -165, -136, 
0, 336, 336, -168, -168, 336, 112, 92, 97, -156, -200, -165, 
-9, 302, 312, -146, -161, 307, 151, 136, 97, -190, -248, -224, 
-19, 273, 292, -126, -156, 283, 195, 175, 122, -214, -292, -278, 
-29, 244, 273, -107, -151, 258, 258, 239, 151, -224, -331, -312, 
-29, 234, 263, -102, -146, 248, 312, 302, 175, -224, -356, -346, 
-29, 234, 263, -102, -146, 248, 336, 341, 214, -214, -356, -356, 
-19, 287, 307, -134, -163, 297, 326, 341, 263, -170, -322, -322, 
9, 370, 361, -190, -175, 366, 287, 322, 331, -97, -248, -268, 
53, 453, 400, -253, -173, 427, 239, 307, 390, -29, -165, -190, 
117, 541, 424, -329, -153, 483, 180, 283, 453, 73, -63, -92, 
204, 668, 463, -436, -129, 566, 126, 253, 556, 214, 73, 53, 
292, 810, 517, -551, -112, 663, 63, 239, 688, 390, 244, 209, 
390, 966, 575, -678, -92, 771, -34, 229, 814, 575, 429, 390, 
502, 1127, 624, -814, -61, 875, -156, 180, 927, 790, 649, 605, 
570, 1298, 727, -934, -78, 1012, -283, 43, 1000, 980, 883, 839, 
580, 1464, 883, -1022, -151, 1173, -409, -151, 976, 1117, 1088, 1068, 
561, 1625, 1063, -1093, -251, 1344, -556, -395, 888, 1205, 1268, 1273, 
541, 1751, 1210, -1146, -334, 1481, -697, -644, 814, 1293, 1424, 1444, 
468, 1790, 1322, -1129, -427, 1556, -761, -805, 814, 1371, 1532, 1542, 
409, 1727, 1317, -1068, -453, 1522, -751, -854, 854, 1439, 1566, 1561, 
361, 1615, 1254, -988, -446, 1434, -717, -854, 839, 1420, 1517, 1517, 
326, 1473, 1146, -900, -409, 1310, -668, -824, 702, 1259, 1361, 1410, 
258, 1322, 1063, -790, -402, 1193, -600, -780, 497, 995, 1137, 1224, 
175, 1254, 1078, -714, -451, 1166, -561, -751, 278, 692, 893, 1024, 
107, 1190, 1083, -649, -488, 1137, -527, -741, 58, 400, 663, 814, 
24, 1044, 1019, -534, -497, 1032, -444, -692, -141, 131, 414, 585, 
-43, 824, 868, -390, -456, 846, -326, -575, -292, -102, 165, 336, 
-82, 619, 702, -268, -392, 661, -219, -453, -419, -287, -43, 126, 
-97, 463, 561, -183, -329, 512, -141, -336, -497, -395, -170, -9, 
-102, 356, 458, -126, -280, 407, -63, -229, -497, -434, -224, -82, 
-102, 322, 424, -109, -263, 373, -34, -165, -463, -444, -248, -117, 
-102, 326, 429, -112, -265, 378, -34, -146, -448, -439, -258, -141, 
-97, 356, 453, -129, -275, 405, -68, -156, -409, -409, -244, -136, 
-78, 414, 492, -168, -285, 453, -87, -151, -336, -336, -209, -107, 
-63, 463, 527, -200, -295, 495, -82, -131, -239, -258, -156, -73, 
-53, 497, 551, -222, -302, 524, -68, -107, -146, -200, -126, -53, 
-34, 497, 531, -231, -283, 514, -58, -87, -73, -161, -117, -53, 
-24, 507, 531, -241, -278, 519, -53, -63, -9, -151, -117, -63, 
-9, 502, 512, -246, -261, 507, -39, -39, 34, -136, -117, -63, 
4, 502, 497, -253, -246, 500, -24, -14, 78, -126, -117, -68, 
14, 502, 488, -258, -236, 495, -4, 0, 97, -112, -102, -58, 
19, 512, 492, -265, -236, 502, 9, 19, 97, -97, -92, -58, 
24, 502, 478, -263, -226, 490, 24, 29, 97, -92, -82, -53, 
24, 497, 473, -261, -224, 485, 53, 43, 102, -73, -92, -53, 
24, 478, 453, -251, -214, 466, 73, 68, 107, -73, -92, -63, 
29, 473, 444, -251, -207, 458, 87, 82, 107, -68, -97, -68, 
39, 463, 424, -251, -192, 444, 92, 82, 122, -78, -107, -73, 
34, 453, 419, -244, -192, 436, 82, 92, 136, -78, -117, -78, 
34, 453, 419, -244, -192, 436, 82, 97, 136, -78, -117, -82, 
34, 453, 419, -244, -192, 436, 82, 97, 141, -78, -117, -82, 
43, 458, 414, -251, -185, 436, 82, 97, 146, -78, -117, -82, 
34, 463, 429, -248, -197, 446, 82, 87, 156, -78, -117, -73, 
34, 463, 429, -248, -197, 446, 87, 92, 156, -68, -117, -73, 
34, 463, 429, -248, -197, 446, 87, 92, 156, -63, -112, -68, 
34, 458, 424, -246, -195, 441, 92, 97, 161, -63, -112, -68, 
34, 458, 424, -246, -195, 441, 92, 112, 156, -63, -107, -78, 
34, 463, 429, -248, -197, 446, 92, 117, 156, -63, -107, -78, 
39, 463, 424, -251, -192, 444, 92, 117, 161, -63, -102, -78, 
39, 463, 424, -251, -192, 444, 92, 117, 165, -63, -97, -78, 
48, 473, 424, -261, -187, 448, 82, 107, 175, -48, -97, -87, 
48, 473, 424, -261, -187, 448, 78, 107, 175, -48, -97, -87, 
48, 473, 424, -261, -187, 448, 78, 107, 175, -48, -92, -82, 
53, 473, 419, -263, -183, 446, 78, 107, 175, -48, -92, -82, 
53, 488, 434, -270, -190, 461, 78, 122, 180, -53, -102, -73, 
53, 488, 434, -270, -190, 461, 78, 122, 185, -53, -97, -73, 
58, 488, 429, -273, -185, 458, 82, 126, 185, -48, -97, -73, 
63, 488, 424, -275, -180, 456, 82, 131, 195, -48, -97, -73, 
63, 483, 419, -273, -178, 451, 92, 122, 185, -48, -107, -78, 
58, 483, 424, -270, -183, 453, 92, 122, 180, -48, -107, -78, 
58, 483, 424, -270, -183, 453, 97, 122, 180, -48, -102, -78, 
58, 483, 424, -270, -183, 453, 97, 122, 185, -43, -102, -78, 
58, 488, 429, -273, -185, 458, 92, 122, 195, -39, -97, -68, 
58, 492, 434, -275, -187, 463, 87, 122, 195, -39, -97, -68, 
63, 497, 434, -280, -185, 466, 82, 126, 200, -39, -92, -68, 
63, 497, 434, -280, -185, 466, 78, 126, 200, -34, -92, -68, 
58, 492, 434, -275, -187, 463, 87, 136, 190, -43, -92, -63, 
58, 492, 434, -275, -187, 463, 87, 136, 195, -43, -87, -63, 
58, 492, 434, -275, -187, 463, 87, 136, 195, -43, -87, -63, 
63, 492, 429, -278, -183, 461, 87, 141, 195, -39, -92, -63, 
53, 502, 448, -278, -197, 475, 97, 141, 200, -29, -82, -53, 
53, 502, 448, -278, -197, 475, 97, 141, 200, -29, -78, -53, 
48, 507, 458, -278, -204, 483, 102, 141, 200, -29, -78, -53, 
48, 512, 463, -280, -207, 488, 102, 141, 200, -24, -78, -53, 
63, 512, 448, -287, -192, 480, 97, 141, 214, -24, -87, -48, 
68, 517, 448, -292, -190, 483, 97, 141, 214, -24, -82, -48, 
68, 517, 448, -292, -190, 483, 97, 141, 214, -24, -82, -48, 
63, 517, 453, -290, -195, 485, 97, 141, 219, -24, -82, -48, 
58, 512, 453, -285, -197, 483, 102, 151, 209, -19, -73, -43, 
58, 512, 453, -285, -197, 483, 102, 151, 214, -19, -78, -43, 
58, 512, 453, -285, -197, 483, 97, 156, 214, -14, -78, -43, 
63, 512, 448, -287, -192, 480, 97, 156, 214, -9, -68, -43, 
63, 527, 463, -295, -200, 495, 102, 156, 214, -19, -78, -48, 
63, 527, 463, -295, -200, 495, 102, 156, 219, -19, -73, -48, 
63, 527, 463, -295, -200, 495, 102, 161, 224, -14, -73, -48, 
63, 531, 468, -297, -202, 500, 107, 161, 224, -14, -73, -48, 
63, 522, 458, -292, -197, 490, 97, 161, 229, -14, -73, -43, 
68, 522, 453, -295, -192, 488, 97, 161, 229, -14, -73, -43, 
73, 522, 448, -297, -187, 485, 92, 161, 229, -14, -73, -48, 
73, 522, 448, -297, -187, 485, 92, 161, 229, -9, -68, -48, 
73, 527, 453, -300, -190, 490, 82, 161, 234, -9, -68, -43, 
73, 531, 458, -302, -192, 495, 87, 161, 239, -4, -68, -43, 
73, 531, 458, -302, -192, 495, 92, 161, 239, -4, -68, -43, 
78, 531, 453, -305, -187, 492, 92, 161, 239, -4, -63, -39, 
82, 546, 463, -314, -190, 505, 82, 165, 244, -4, -58, -39, 
82, 551, 468, -317, -192, 509, 82, 165, 244, 0, -58, -39, 
82, 551, 468, -317, -192, 509, 82, 165, 244, 0, -58, -39, 
82, 551, 468, -317, -192, 509, 82, 165, 244, 0, -63, -39, 
82, 561, 478, -322, -197, 519, 78, 170, 244, 9, -58, -34, 
97, 566, 468, -331, -185, 517, 73, 170, 248, 9, -58, -34, 
97, 566, 468, -331, -185, 517, 73, 175, 253, 14, -53, -29, 
97, 566, 468, -331, -185, 517, 73, 175, 258, 14, -48, -19, 
87, 566, 478, -326, -195, 522, 87, 175, 258, 19, -39, -29, 
92, 566, 473, -329, -190, 519, 87, 175, 263, 19, -34, -29, 
92, 570, 478, -331, -192, 524, 87, 175, 273, 29, -34, -24, 
92, 570, 478, -331, -192, 524, 87, 175, 278, 29, -29, -24, 
102, 575, 473, -339, -185, 524, 73, 185, 273, 29, -34, -24, 
102, 580, 478, -341, -187, 529, 73, 190, 273, 34, -34, -19, 
107, 585, 478, -346, -185, 531, 68, 190, 278, 39, -29, -19, 
112, 595, 483, -353, -185, 539, 68, 195, 283, 43, -34, -19, 
102, 595, 492, -348, -195, 544, 68, 200, 273, 39, -29, -19, 
102, 605, 502, -353, -200, 553, 68, 200, 278, 39, -29, -9, 
102, 610, 507, -356, -202, 558, 68, 200, 283, 43, -29, -9, 
112, 614, 502, -363, -195, 558, 68, 209, 287, 53, -29, 0, 
122, 610, 488, -366, -183, 549, 58, 204, 287, 58, -19, 9, 
122, 619, 497, -370, -187, 558, 58, 209, 297, 58, -9, 9, 
126, 619, 492, -373, -183, 556, 58, 209, 302, 63, -4, 9, 
126, 619, 492, -373, -183, 556, 58, 209, 307, 68, 0, 14, 
126, 610, 483, -368, -178, 546, 58, 214, 307, 73, 0, 19, 
126, 614, 488, -370, -180, 551, 58, 214, 312, 78, 4, 19, 
131, 614, 483, -373, -175, 549, 58, 214, 317, 78, 9, 24, 
136, 619, 483, -378, -173, 551, 58, 214, 322, 82, 14, 24, 
146, 629, 483, -387, -168, 556, 68, 219, 322, 92, 24, 29, 
151, 639, 488, -395, -168, 563, 68, 219, 322, 97, 29, 34, 
151, 644, 492, -397, -170, 568, 73, 224, 322, 102, 29, 39, 
146, 653, 507, -400, -180, 580, 73, 224, 331, 107, 29, 43, 
156, 658, 502, -407, -173, 580, 82, 229, 326, 112, 34, 48, 
161, 663, 502, -412, -170, 583, 82, 229, 331, 107, 43, 53, 
170, 668, 497, -419, -163, 583, 82, 229, 331, 107, 53, 53, 
175, 678, 502, -427, -163, 590, 73, 229, 331, 102, 53, 58, 
170, 668, 497, -419, -163, 583, 73, 239, 331, 102, 48, 53, 
175, 673, 497, -424, -161, 585, 63, 234, 331, 107, 53, 58, 
175, 678, 502, -427, -163, 590, 58, 234, 331, 107, 53, 63, 
175, 683, 507, -429, -165, 595, 58, 234, 331, 107, 58, 63, 
175, 678, 502, -427, -163, 590, 68, 239, 341, 112, 58, 78, 
180, 683, 502, -431, -161, 592, 58, 229, 336, 117, 58, 78, 
180, 683, 502, -431, -161, 592, 58, 229, 336, 122, 63, 82, 
180, 683, 502, -431, -161, 592, 58, 239, 336, 126, 68, 82, 
195, 688, 492, -441, -148, 590, 48, 239, 326, 117, 82, 87, 
195, 688, 492, -441, -148, 590, 48, 234, 331, 122, 82, 92, 
185, 692, 507, -439, -161, 600, 43, 234, 331, 126, 82, 97, 
185, 692, 507, -439, -161, 600, 43, 229, 331, 126, 82, 97, 
175, 697, 522, -436, -173, 610, 53, 239, 331, 126, 78, 87, 
180, 697, 517, -439, -168, 607, 53, 234, 331, 122, 78, 87, 
185, 697, 512, -441, -163, 605, 53, 229, 322, 122, 73, 92, 
190, 697, 507, -444, -158, 602, 43, 224, 322, 122, 73, 92, 
180, 697, 517, -439, -168, 607, 34, 224, 317, 117, 82, 102, 
180, 697, 517, -439, -168, 607, 34, 224, 322, 117, 82, 102, 
180, 697, 517, -439, -168, 607, 29, 219, 317, 117, 82, 102, 
180, 697, 517, -439, -168, 607, 29, 214, 322, 117, 82, 102, 
185, 707, 522, -446, -168, 614, 24, 214, 317, 112, 73, 107, 
185, 707, 522, -446, -168, 614, 24, 209, 307, 107, 73, 107, 
190, 707, 517, -448, -163, 612, 24, 209, 302, 107, 73, 107, 
195, 707, 512, -451, -158, 610, 24, 209, 297, 112, 73, 107, 
185, 707, 522, -446, -168, 614, 34, 200, 302, 112, 73, 92, 
180, 702, 522, -441, -170, 612, 34, 200, 297, 112, 68, 92, 
180, 702, 522, -441, -170, 612, 39, 195, 292, 107, 68, 92, 
175, 702, 527, -439, -175, 614, 39, 195, 287, 102, 63, 92, 
170, 697, 527, -434, -178, 612, 39, 190, 287, 92, 73, 87, 
165, 697, 531, -431, -183, 614, 39, 180, 283, 92, 68, 87, 
156, 697, 541, -427, -192, 619, 39, 175, 278, 87, 68, 92, 
151, 697, 546, -424, -197, 622, 34, 165, 273, 82, 63, 92, 
156, 683, 527, -419, -185, 605, 24, 170, 278, 87, 53, 78, 
146, 683, 536, -414, -195, 610, 29, 165, 278, 87, 53, 78, 
141, 678, 536, -409, -197, 607, 29, 161, 278, 87, 53, 78, 
141, 678, 536, -409, -197, 607, 29, 156, 278, 87, 53, 78, 
146, 673, 527, -409, -190, 600, 39, 156, 278, 82, 58, 87, 
136, 673, 536, -405, -200, 605, 39, 156, 273, 78, 53, 73, 
136, 668, 531, -402, -197, 600, 39, 146, 268, 73, 43, 73, 
136, 658, 522, -397, -192, 590, 39, 131, 268, 68, 39, 63, 
122, 663, 541, -392, -209, 602, 48, 131, 263, 73, 43, 68, 
122, 658, 536, -390, -207, 597, 48, 126, 258, 68, 39, 68, 
117, 653, 536, -385, -209, 595, 53, 126, 253, 63, 39, 58, 
117, 649, 531, -383, -207, 590, 53, 117, 248, 58, 39, 53, 
112, 644, 531, -378, -209, 588, 53, 126, 253, 43, 24, 39, 
107, 639, 531, -373, -212, 585, 53, 122, 248, 43, 19, 39, 
102, 634, 531, -368, -214, 583, 58, 117, 248, 39, 19, 34, 
87, 629, 541, -358, -226, 585, 58, 117, 244, 39, 19, 29, 
87, 624, 536, -356, -224, 580, 63, 122, 244, 34, 4, 24, 
87, 619, 531, -353, -222, 575, 68, 122, 239, 29, 0, 19, 
92, 610, 517, -351, -212, 563, 78, 117, 234, 24, -4, 14, 
87, 610, 522, -348, -217, 566, 78, 117, 229, 24, -14, 9, 
78, 610, 531, -344, -226, 570, 78, 102, 229, 24, -19, 14, 
78, 610, 531, -344, -226, 570, 87, 97, 219, 14, -19, 9, 
78, 605, 527, -341, -224, 566, 87, 97, 219, 14, -19, 4, 
73, 600, 527, -336, -226, 563, 78, 92, 214, 9, -19, 0, 
82, 600, 517, -341, -217, 558, 87, 102, 219, -4, -29, -9, 
82, 595, 512, -339, -214, 553, 92, 102, 219, -4, -29, -14, 
73, 590, 517, -331, -222, 553, 92, 102, 214, -9, -34, -14, 
73, 585, 512, -329, -219, 549, 92, 102, 214, -9, -39, -14, 
73, 585, 512, -329, -219, 549, 97, 102, 214, -14, -43, -24, 
68, 585, 517, -326, -224, 551, 97, 102, 214, -19, -43, -29, 
63, 580, 517, -322, -226, 549, 97, 107, 209, -19, -43, -29, 
53, 575, 522, -314, -234, 549, 102, 107, 204, -19, -48, -34, 
48, 566, 517, -307, -234, 541, 97, 102, 204, -24, -48, -34, 
48, 566, 517, -307, -234, 541, 97, 102, 204, -24, -48, -29, 
43, 566, 522, -305, -239, 544, 97, 102, 204, -24, -48, -19, 
43, 566, 522, -305, -239, 544, 97, 102, 204, -24, -48, -14, 
53, 566, 512, -309, -229, 539, 87, 102, 204, -24, -43, -24, 
53, 566, 512, -309, -229, 539, 92, 102, 204, -24, -43, -24, 
53, 570, 517, -312, -231, 544, 92, 102, 204, -24, -43, -24, 
58, 570, 512, -314, -226, 541, 92, 102, 204, -24, -43, -29, 
68, 570, 502, -319, -217, 536, 92, 107, 214, -29, -53, -29, 
68, 566, 497, -317, -214, 531, 92, 107, 214, -29, -53, -29, 
68, 566, 497, -317, -214, 531, 92, 97, 209, -29, -53, -24, 
68, 566, 497, -317, -214, 531, 92, 92, 209, -29, -48, -24, 
68, 566, 497, -317, -214, 531, 102, 92, 219, -19, -48, -24, 
68, 566, 497, -317, -214, 531, 102, 102, 219, -14, -48, -24, 
68, 561, 492, -314, -212, 527, 107, 107, 224, -14, -48, -24, 
68, 561, 492, -314, -212, 527, 107, 112, 224, -19, -48, -24, 
58, 556, 497, -307, -219, 527, 112, 112, 219, -9, -43, -19, 
58, 556, 497, -307, -219, 527, 112, 112, 219, -9, -43, -19, 
58, 561, 502, -309, -222, 531, 112, 112, 219, -9, -39, -19, 
58, 561, 502, -309, -222, 531, 112, 112, 219, -4, -39, -19, 
53, 551, 497, -302, -222, 524, 102, 107, 219, -4, -39, -29, 
53, 556, 502, -305, -224, 529, 102, 107, 219, -4, -43, -29, 
53, 556, 502, -305, -224, 529, 107, 107, 219, -9, -43, -29, 
58, 556, 497, -307, -219, 527, 107, 107, 219, -9, -43, -29, 
48, 561, 512, -305, -231, 536, 112, 107, 229, -14, -43, -39, 
53, 566, 512, -309, -229, 539, 112, 112, 229, -14, -39, -39, 
53, 570, 517, -312, -231, 544, 107, 112, 229, -14, -39, -34, 
53, 585, 531, -319, -239, 558, 107, 112, 229, -14, -39, -34, 
53, 575, 522, -314, -234, 549, 107, 112, 234, -4, -39, -24, 
53, 575, 522, -314, -234, 549, 107, 112, 234, -4, -39, -24, 
53, 575, 522, -314, -234, 549, 107, 112, 234, 0, -39, -24, 
53, 580, 527, -317, -236, 553, 107, 112, 234, 0, -39, -24, 
43, 580, 536, -312, -246, 558, 107, 102, 244, 0, -39, -24, 
43, 585, 541, -314, -248, 563, 107, 102, 244, -4, -39, -24, 
43, 580, 536, -312, -246, 558, 107, 102, 244, -4, -39, -24, 
43, 575, 531, -309, -244, 553, 107, 102, 244, 0, -39, -24, 
53, 580, 527, -317, -236, 553, 107, 112, 244, 0, -29, -14, 
53, 580, 527, -317, -236, 553, 107, 112, 244, 0, -29, -14, 
53, 580, 527, -317, -236, 553, 107, 112, 244, 0, -29, -14, 
53, 590, 536, -322, -241, 563, 107, 107, 244, 0, -29, -14, 
63, 580, 517, -322, -226, 549, 107, 107, 234, 0, -29, -14, 
63, 580, 517, -322, -226, 549, 107, 107, 239, 0, -24, -14, 
63, 585, 522, -324, -229, 553, 107, 107, 239, 4, -24, -14, 
63, 585, 522, -324, -229, 553, 107, 107, 239, 4, -24, -14, 
63, 590, 527, -326, -231, 558, 107, 107, 239, 0, -24, -14, 
63, 590, 527, -326, -231, 558, 107, 107, 239, 0, -24, -9, 
63, 590, 527, -326, -231, 558, 107, 112, 239, 4, -24, -9, 
63, 590, 527, -326, -231, 558, 107, 112, 244, 4, -24, -9, 
63, 590, 527, -326, -231, 558, 107, 117, 239, 4, -24, -9, 
63, 595, 531, -329, -234, 563, 107, 117, 239, 4, -24, -9, 
63, 595, 531, -329, -234, 563, 107, 117, 239, 4, -24, -9, 
63, 595, 531, -329, -234, 563, 107, 112, 239, 4, -24, -9, 
63, 595, 531, -329, -234, 563, 97, 107, 248, -4, -24, -9, 
63, 595, 531, -329, -234, 563, 97, 102, 248, -4, -24, -4, 
63, 595, 531, -329, -234, 563, 97, 102, 248, 0, -14, -4, 
63, 590, 527, -326, -231, 558, 97, 107, 248, 4, -14, -4, 
73, 600, 527, -336, -226, 563, 97, 117, 239, 0, -14, -9, 
78, 600, 522, -339, -222, 561, 92, 112, 239, 0, -14, -9, 
78, 600, 522, -339, -222, 561, 92, 107, 234, -9, -19, -14, 
78, 600, 522, -339, -222, 561, 92, 87, 234, -9, -19, -14, 
63, 600, 536, -331, -236, 568, 97, 92, 244, 4, -9, 0, 
63, 605, 541, -334, -239, 573, 97, 92, 244, 4, -9, 0, 
68, 605, 536, -336, -234, 570, 97, 92, 244, 4, -9, 0, 
68, 605, 536, -336, -234, 570, 102, 97, 244, 4, -9, 0, 
68, 595, 527, -331, -229, 561, 102, 87, 244, 4, -9, 0, 
68, 590, 522, -329, -226, 556, 102, 87, 244, 4, -9, 0, 
68, 590, 522, -329, -226, 556, 102, 87, 244, 4, -9, 0, 
68, 590, 522, -329, -226, 556, 107, 92, 244, 4, -9, 0, 
68, 590, 522, -329, -226, 556, 107, 92, 244, 14, -9, 0, 
73, 590, 517, -331, -222, 553, 107, 87, 244, 9, -9, 4, 
73, 590, 517, -331, -222, 553, 107, 87, 244, 9, -9, 4, 
73, 595, 522, -334, -224, 558, 112, 87, 239, 9, -14, 4, 
73, 585, 512, -329, -219, 549, 112, 87, 229, 9, -4, 4, 
73, 585, 512, -329, -219, 549, 112, 87, 234, 9, -4, 4, 
73, 585, 512, -329, -219, 549, 112, 87, 234, 9, -4, 4, 
73, 585, 512, -329, -219, 549, 112, 87, 229, 9, -4, 4, 
68, 585, 517, -326, -224, 551, 112, 87, 239, 9, -4, 4, 
68, 585, 517, -326, -224, 551, 107, 92, 234, 9, -4, 4, 
68, 585, 517, -326, -224, 551, 107, 92, 234, 9, -4, 4, 
68, 585, 517, -326, -224, 551, 102, 87, 239, 9, -4, 14, 
68, 585, 517, -326, -224, 551, 112, 97, 239, 0, -4, 4, 
68, 585, 517, -326, -224, 551, 112, 102, 239, 0, -4, 4, 
73, 585, 512, -329, -219, 549, 112, 102, 239, 0, -4, 0, 
73, 585, 512, -329, -219, 549, 112, 97, 239, 0, -4, 0, 
68, 585, 517, -326, -224, 551, 107, 87, 229, 0, -14, 0, 
68, 585, 517, -326, -224, 551, 107, 92, 229, 0, -14, 0, 
68, 585, 517, -326, -224, 551, 107, 92, 229, -4, -14, 0, 
68, 585, 517, -326, -224, 551, 107, 92, 224, -4, -14, 0, 
68, 580, 512, -324, -222, 546, 107, 92, 214, -4, -14, 0, 
68, 580, 512, -324, -222, 546, 107, 87, 214, -4, -14, 0, 
68, 580, 512, -324, -222, 546, 107, 87, 214, -9, -14, 0, 
68, 580, 512, -324, -222, 546, 107, 87, 214, -9, -14, 0, 
68, 585, 517, -326, -224, 551, 107, 87, 224, -9, -14, -9, 
68, 585, 517, -326, -224, 551, 107, 82, 224, -9, -19, -9, 
68, 580, 512, -324, -222, 546, 107, 82, 224, -14, -19, -9, 
68, 580, 512, -324, -222, 546, 107, 87, 219, -14, -14, -9, 
68, 580, 512, -324, -222, 546, 107, 97, 229, -4, -14, 0, 
68, 580, 512, -324, -222, 546, 107, 97, 229, -4, -14, 0, 
68, 580, 512, -324, -222, 546, 107, 97, 234, -4, -14, 0, 
53, 580, 527, -317, -236, 553, 107, 97, 234, -4, -14, -4, 
53, 580, 527, -317, -236, 553, 107, 97, 224, -4, -14, -4, 
58, 575, 517, -317, -229, 546, 107, 97, 224, -4, -19, -4, 
63, 575, 512, -319, -224, 544, 107, 92, 224, -14, -19, -4, 
73, 575, 502, -324, -214, 539, 107, 92, 219, -14, -19, -4, 
82, 575, 492, -329, -204, 534, 117, 97, 214, -14, -19, -4, 
78, 575, 497, -326, -209, 536, 117, 97, 214, -14, -19, -4, 
73, 575, 502, -324, -214, 539, 117, 92, 209, -14, -19, -4, 
68, 575, 507, -322, -219, 541, 117, 92, 209, -14, -19, -9, 
68, 566, 497, -317, -214, 531, 112, 97, 209, -14, -19, 0, 
68, 566, 497, -317, -214, 531, 117, 97, 209, -19, -24, -9, 
48, 566, 517, -307, -234, 541, 117, 97, 209, -19, -24, -9, 
48, 566, 517, -307, -234, 541, 117, 97, 209, -19, -24, -4, 
58, 575, 517, -317, -229, 546, 126, 97, 204, -24, -24, -4, 
63, 575, 512, -319, -224, 544, 126, 92, 204, -24, -24, -9, 
78, 575, 497, -326, -209, 536, 122, 92, 204, -24, -24, -9, 
78, 575, 497, -326, -209, 536, 122, 92, 204, -24, -24, -9, 
73, 575, 502, -324, -214, 539, 122, 87, 204, -24, -24, -9, 
73, 575, 502, -324, -214, 539, 122, 87, 204, -24, -24, -9, 
68, 575, 507, -322, -219, 541, 122, 87, 204, -24, -24, -4, 
68, 575, 507, -322, -219, 541, 122, 92, 209, -24, -19, -4, 
68, 575, 507, -322, -219, 541, 112, 92, 209, -24, -19, -4, 
68, 580, 512, -324, -222, 546, 112, 97, 209, -24, -24, -4, 
68, 580, 512, -324, -222, 546, 112, 97, 204, -24, -24, -4, 
68, 580, 512, -324, -222, 546, 112, 97, 204, -24, -24, -4, 
63, 575, 512, -319, -224, 544, 112, 87, 214, -24, -24, -4, 
63, 575, 512, -319, -224, 544, 112, 87, 214, -24, -24, -9, 
63, 570, 507, -317, -222, 539, 117, 87, 214, -24, -24, -9, 
63, 570, 507, -317, -222, 539, 117, 87, 214, -24, -24, -4, 
73, 580, 507, -326, -217, 544, 107, 87, 214, -24, -29, -4, 
73, 580, 507, -326, -217, 544, 107, 87, 214, -24, -29, -4, 
78, 580, 502, -329, -212, 541, 107, 87, 214, -24, -29, -4, 
78, 580, 502, -329, -212, 541, 107, 82, 214, -24, -24, -9, 
68, 570, 502, -319, -217, 536, 117, 92, 214, -24, -14, -9, 
68, 575, 507, -322, -219, 541, 112, 92, 209, -24, -14, -9, 
68, 575, 507, -322, -219, 541, 112, 92, 209, -24, -14, -9, 
68, 575, 507, -322, -219, 541, 112, 92, 209, -24, -14, -9, 
78, 575, 497, -326, -209, 536, 112, 87, 209, -24, -24, -4, 
78, 575, 497, -326, -209, 536, 112, 87, 209, -24, -24, -9, 
78, 575, 497, -326, -209, 536, 112, 87, 209, -24, -19, -9, 
78, 575, 497, -326, -209, 536, 112, 82, 209, -24, -19, -9, 
78, 575, 497, -326, -209, 536, 122, 82, 209, -24, -19, -9, 
78, 575, 497, -326, -209, 536, 122, 82, 209, -19, -24, 0, 
78, 575, 497, -326, -209, 536, 122, 87, 209, -19, -24, 0, 
78, 575, 497, -326, -209, 536, 122, 87, 209, -24, -24, -4, 
58, 575, 517, -317, -229, 546, 122, 87, 200, -24, -19, -4, 
63, 575, 512, -319, -224, 544, 122, 87, 200, -24, -19, 0, 
73, 575, 502, -324, -214, 539, 122, 87, 200, -24, -19, 0, 
78, 575, 497, -326, -209, 536, 126, 87, 200, -24, -24, 4, 
68, 575, 507, -322, -219, 541, 131, 87, 209, -24, -14, -4, 
68, 575, 507, -322, -219, 541, 131, 87, 209, -29, -14, -4, 
73, 575, 502, -324, -214, 539, 131, 87, 209, -29, -14, -9, 
73, 575, 502, -324, -214, 539, 131, 87, 209, -29, -14, -9, 
63, 575, 512, -319, -224, 544, 122, 87, 209, -19, -19, -9, 
63, 575, 512, -319, -224, 544, 122, 87, 209, -19, -19, -4, 
78, 575, 497, -326, -209, 536, 122, 87, 214, -19, -14, -4, 
78, 575, 497, -326, -209, 536, 122, 82, 214, -19, -14, 0, 
68, 575, 507, -322, -219, 541, 131, 78, 214, -19, -14, -4, 
68, 575, 507, -322, -219, 541, 131, 78, 204, -19, -14, -4, 
68, 575, 507, -322, -219, 541, 131, 78, 204, -19, -14, -4, 
68, 575, 507, -322, -219, 541, 131, 78, 209, -19, -14, 0, 
78, 575, 497, -326, -209, 536, 141, 78, 209, -19, -14, 0, 
78, 575, 497, -326, -209, 536, 141, 82, 214, -19, -14, 4, 
78, 575, 497, -326, -209, 536, 141, 82, 214, -19, -14, 4, 
78, 575, 497, -326, -209, 536, 141, 82, 214, -14, -14, 4, 
78, 566, 488, -322, -204, 527, 131, 82, 204, -14, -24, -4, 
78, 570, 492, -324, -207, 531, 131, 82, 204, -14, -24, -4, 
78, 570, 492, -324, -207, 531, 131, 82, 204, -14, -19, -4, 
78, 570, 492, -324, -207, 531, 131, 82, 204, -14, -19, -4, 
78, 575, 497, -326, -209, 536, 131, 78, 209, -19, -19, -4, 
78, 575, 497, -326, -209, 536, 131, 78, 209, -19, -24, -4, 
68, 575, 507, -322, -219, 541, 131, 78, 214, -9, -14, -4, 
68, 585, 517, -326, -224, 551, 136, 78, 224, 0, -9, 0, 
78, 595, 517, -336, -219, 556, 126, 68, 234, 0, 0, 0, 
78, 595, 517, -336, -219, 556, 126, 68, 234, 0, 0, 0, 
78, 595, 517, -336, -219, 556, 126, 68, 234, 0, 0, 0, 
78, 595, 517, -336, -219, 556, 126, 68, 234, 0, 0, 0, 
78, 610, 531, -344, -226, 570, 126, 58, 244, 9, 9, 9, 
78, 614, 536, -346, -229, 575, 126, 58, 244, 14, 14, 14, 
78, 619, 541, -348, -231, 580, 126, 63, 248, 19, 19, 24, 
78, 619, 541, -348, -231, 580, 126, 63, 253, 19, 19, 29, 
82, 624, 541, -353, -229, 583, 126, 63, 253, 24, 19, 39, 
82, 629, 546, -356, -231, 588, 126, 63, 253, 24, 19, 29, 
82, 629, 546, -356, -231, 588, 126, 53, 248, 19, 19, 29, 
82, 629, 546, -356, -231, 588, 122, 53, 248, 19, 19, 29, 
73, 614, 541, -344, -234, 578, 122, 53, 248, 9, 9, 24, 
73, 614, 541, -344, -234, 578, 126, 53, 248, 9, 9, 24, 
73, 614, 541, -344, -234, 578, 126, 53, 248, 4, 9, 24, 
73, 614, 541, -344, -234, 578, 126, 58, 248, 4, 9, 24, 
82, 614, 531, -348, -224, 573, 136, 58, 263, 14, 19, 24, 
82, 624, 541, -353, -229, 583, 136, 53, 273, 29, 29, 34, 
82, 639, 556, -361, -236, 597, 136, 48, 278, 39, 34, 43, 
87, 649, 561, -368, -236, 605, 131, 48, 283, 48, 39, 48, 
87, 668, 580, -378, -246, 624, 122, 48, 278, 48, 43, 53, 
87, 683, 595, -385, -253, 639, 122, 43, 292, 58, 48, 58, 
92, 697, 605, -395, -256, 651, 107, 34, 292, 68, 58, 63, 
102, 702, 600, -402, -248, 651, 102, 29, 292, 68, 63, 73, 
107, 707, 600, -407, -246, 653, 87, 24, 292, 58, 63, 73, 
107, 707, 600, -407, -246, 653, 78, 24, 287, 53, 68, 78, 
117, 707, 590, -412, -236, 649, 78, 24, 287, 53, 68, 78, 
122, 707, 585, -414, -231, 646, 73, 29, 283, 48, 63, 73, 
112, 688, 575, -400, -231, 631, 73, 43, 278, 48, 48, 68, 
112, 668, 556, -390, -222, 612, 73, 43, 263, 43, 43, 68, 
112, 663, 551, -387, -219, 607, 78, 43, 258, 39, 39, 63, 
107, 653, 546, -380, -219, 600, 78, 48, 244, 39, 29, 58, 
102, 644, 541, -373, -219, 592, 92, 48, 234, 29, 24, 39, 
102, 644, 541, -373, -219, 592, 92, 48, 234, 19, 24, 39, 
102, 639, 536, -370, -217, 588, 92, 53, 234, 14, 24, 39, 
107, 639, 531, -373, -212, 585, 97, 63, 239, 9, 24, 43, 
112, 634, 522, -373, -204, 578, 97, 63, 239, 19, 34, 48, 
112, 629, 517, -370, -202, 573, 97, 63, 234, 19, 34, 48, 
112, 629, 517, -370, -202, 573, 97, 58, 234, 19, 34, 48, 
107, 634, 527, -370, -209, 580, 102, 58, 239, 19, 34, 48, 
107, 634, 527, -370, -209, 580, 102, 63, 239, 24, 29, 48, 
102, 629, 527, -366, -212, 578, 117, 63, 239, 24, 29, 48, 
102, 629, 527, -366, -212, 578, 122, 68, 239, 24, 24, 43, 
87, 624, 536, -356, -224, 580, 126, 68, 239, 24, 19, 43, 
92, 614, 522, -353, -214, 568, 146, 68, 239, 19, 29, 29, 
87, 610, 522, -348, -217, 566, 151, 63, 234, 14, 19, 24, 
82, 600, 517, -341, -217, 558, 151, 58, 224, 4, 14, 19, 
82, 590, 507, -336, -212, 549, 151, 58, 214, -4, 4, 14, 
68, 566, 497, -317, -214, 531, 141, 58, 204, -24, -14, 4, 
68, 556, 488, -312, -209, 522, 136, 63, 195, -29, -24, 0, 
68, 546, 478, -307, -204, 512, 136, 63, 190, -34, -29, 0, 
73, 546, 473, -309, -200, 509, 136, 63, 190, -34, -29, -4, 
82, 556, 473, -319, -195, 514, 126, 63, 200, -24, -29, 0, 
82, 556, 473, -319, -195, 514, 122, 63, 200, -29, -29, 0, 
82, 556, 473, -319, -195, 514, 122, 63, 200, -29, -29, 0, 
82, 556, 473, -319, -195, 514, 126, 63, 200, -29, -29, 0, 
73, 556, 483, -314, -204, 519, 131, 63, 200, -19, -19, 0, 
73, 556, 483, -314, -204, 519, 131, 63, 204, -19, -19, -4, 
73, 551, 478, -312, -202, 514, 131, 63, 204, -19, -19, -4, 
73, 551, 478, -312, -202, 514, 131, 63, 200, -19, -19, 0, 
78, 541, 463, -309, -192, 502, 141, 73, 195, -24, -19, 0, 
78, 541, 463, -309, -192, 502, 141, 78, 195, -24, -24, 0, 
78, 541, 463, -309, -192, 502, 141, 78, 195, -24, -24, 0, 
73, 541, 468, -307, -197, 505, 141, 78, 200, -24, -24, -4, 
82, 541, 458, -312, -187, 500, 146, 78, 190, -29, -24, -4, 
82, 536, 453, -309, -185, 495, 146, 78, 190, -34, -29, -4, 
82, 536, 453, -309, -185, 495, 146, 82, 190, -34, -29, -4, 
82, 536, 453, -309, -185, 495, 151, 82, 190, -29, -29, -4, 
68, 541, 473, -305, -202, 507, 141, 73, 200, -29, -34, -14, 
68, 541, 473, -305, -202, 507, 141, 73, 200, -29, -34, -14, 
68, 541, 473, -305, -202, 507, 146, 78, 195, -34, -39, -19, 
68, 541, 473, -305, -202, 507, 146, 78, 195, -39, -39, -19, 
68, 541, 473, -305, -202, 507, 161, 78, 195, -29, -29, -9, 
68, 541, 473, -305, -202, 507, 161, 78, 195, -24, -29, -9, 
68, 541, 473, -305, -202, 507, 161, 78, 195, -24, -29, -9, 
68, 541, 473, -305, -202, 507, 161, 82, 200, -24, -29, -9, 
78, 531, 453, -305, -187, 492, 165, 82, 190, -34, -29, -19, 
78, 531, 453, -305, -187, 492, 170, 78, 190, -34, -29, -19, 
73, 531, 458, -302, -192, 495, 170, 78, 185, -34, -29, -14, 
73, 531, 458, -302, -192, 495, 170, 78, 185, -39, -29, -14, 
63, 512, 448, -287, -192, 480, 180, 87, 195, -29, -29, -4, 
68, 522, 453, -295, -192, 488, 180, 78, 195, -39, -29, -9, 
68, 531, 463, -300, -197, 497, 175, 82, 195, -39, -34, -14, 
68, 522, 453, -295, -192, 488, 175, 87, 195, -34, -43, -19, 
63, 522, 458, -292, -197, 490, 180, 92, 195, -43, -48, -29, 
63, 512, 448, -287, -192, 480, 180, 97, 185, -53, -53, -39, 
58, 502, 444, -280, -192, 473, 195, 112, 185, -63, -68, -58, 
58, 473, 414, -265, -178, 444, 219, 141, 185, -87, -92, -87, 
39, 439, 400, -239, -180, 419, 268, 185, 195, -112, -141, -136, 
29, 409, 380, -219, -175, 395, 322, 224, 209, -136, -185, -180, 
29, 390, 361, -209, -165, 375, 366, 278, 239, -156, -224, -224, 
29, 390, 361, -209, -165, 375, 409, 331, 263, -156, -248, -258, 
29, 390, 361, -209, -165, 375, 434, 370, 302, -146, -248, -268, 
29, 434, 405, -231, -187, 419, 434, 380, 361, -102, -214, -244, 
48, 507, 458, -278, -204, 483, 405, 361, 429, -19, -141, -180, 
92, 590, 497, -341, -202, 544, 356, 346, 488, 68, -58, -92, 
185, 678, 492, -431, -153, 585, 297, 331, 570, 180, 53, 14, 
283, 795, 512, -539, -114, 653, 234, 322, 683, 322, 190, 141, 
370, 936, 566, -653, -97, 751, 161, 317, 814, 497, 351, 287, 
458, 1102, 644, -780, -92, 873, 73, 307, 951, 683, 536, 468, 
561, 1283, 722, -922, -80, 1002, -58, 239, 1073, 888, 756, 683, 
610, 1444, 834, -1027, -112, 1139, -185, 102, 1137, 1068, 971, 907, 
629, 1590, 961, -1110, -165, 1276, -312, -102, 1083, 1185, 1166, 1117, 
629, 1732, 1102, -1180, -236, 1417, -478, -346, 976, 1263, 1337, 1312, 
610, 1869, 1259, -1239, -324, 1564, -619, -614, 912, 1342, 1483, 1483, 
566, 1937, 1371, -1251, -402, 1654, -712, -814, 912, 1439, 1590, 1600, 
517, 1893, 1376, -1205, -429, 1634, -732, -893, 941, 1517, 1644, 1639, 
458, 1781, 1322, -1119, -431, 1551, -688, -902, 917, 1488, 1595, 1586, 
405, 1620, 1215, -1012, -405, 1417, -619, -863, 771, 1317, 1439, 1468, 
346, 1468, 1122, -907, -387, 1295, -551, -800, 556, 1054, 1215, 1293, 
273, 1390, 1117, -832, -422, 1254, -522, -761, 326, 751, 990, 1102, 
185, 1317, 1132, -751, -473, 1224, -478, -741, 87, 448, 761, 902, 
102, 1132, 1029, -617, -463, 1080, -375, -683, -141, 161, 502, 673, 
34, 873, 839, -453, -402, 856, -239, -546, -322, -92, 244, 424, 
4, 668, 663, -336, -329, 666, -122, -405, -429, -268, 34, 214, 
0, 522, 522, -261, -261, 522, -34, -297, -458, -366, -92, 78, 
-14, 414, 429, -200, -222, 422, 34, -200, -448, -395, -156, -4, 
-4, 400, 405, -197, -204, 402, 53, -146, -405, -385, -180, -48, 
-4, 434, 439, -214, -222, 436, 34, -146, -351, -361, -170, -53, 
-9, 483, 492, -236, -251, 488, 0, -156, -283, -302, -146, -39, 
-9, 531, 541, -261, -275, 536, 0, -141, -200, -239, -102, -9, 
4, 590, 585, -297, -290, 588, 4, -122, -112, -170, -58, 24, 
14, 624, 610, -319, -297, 617, 19, -97, -9, -112, -19, 43, 
24, 634, 610, -329, -292, 622, 39, -78, 73, -73, 0, 53, 
34, 634, 600, -334, -283, 617, 63, -43, 117, -53, 0, 43, 
58, 619, 561, -339, -251, 590, 78, -9, 151, -39, 0, 34, 
73, 610, 536, -341, -231, 573, 102, 14, 195, -29, 0, 39, 
82, 600, 517, -341, -217, 558, 122, 39, 214, -14, 4, 29, 
78, 610, 531, -344, -226, 570, 136, 39, 214, -9, 4, 29, 
82, 600, 517, -341, -217, 558, 141, 48, 214, -4, 4, 34, 
82, 585, 502, -334, -209, 544, 170, 63, 219, 4, 4, 24, 
82, 566, 483, -324, -200, 524, 180, 97, 224, 4, 4, 14, 
78, 561, 483, -319, -202, 522, 195, 112, 234, 9, 0, 9, 
78, 551, 473, -314, -197, 512, 200, 112, 248, 9, 0, 4, 
82, 551, 468, -317, -192, 509, 200, 112, 253, 0, -9, 0, 
82, 551, 468, -317, -192, 509, 200, 117, 253, 0, -9, -4, 
82, 551, 468, -317, -192, 509, 200, 117, 258, 0, -9, -4, 
92, 556, 463, -324, -185, 509, 200, 117, 263, 0, -9, -4, 
82, 561, 478, -322, -197, 519, 190, 107, 263, 0, -9, 4, 
82, 561, 478, -322, -197, 519, 195, 112, 263, 9, -9, 4, 
82, 561, 478, -322, -197, 519, 195, 112, 263, 14, -4, 9, 
82, 556, 473, -319, -195, 514, 200, 117, 268, 14, -4, 9, 
87, 556, 468, -322, -190, 512, 190, 122, 283, 19, 4, 9, 
92, 561, 468, -326, -187, 514, 190, 126, 283, 24, 0, 9, 
102, 561, 458, -331, -178, 509, 190, 126, 287, 29, 0, 9, 
107, 561, 453, -334, -173, 507, 190, 126, 292, 34, 0, 9, 
117, 566, 448, -341, -165, 507, 190, 136, 292, 39, 0, 0, 
117, 570, 453, -344, -168, 512, 185, 136, 292, 39, 0, 0, 
117, 575, 458, -346, -170, 517, 185, 136, 292, 39, 4, 4, 
122, 580, 458, -351, -168, 519, 185, 136, 292, 39, 4, 4, 
117, 575, 458, -346, -170, 517, 190, 141, 287, 34, 4, 4, 
112, 575, 463, -344, -175, 519, 195, 141, 292, 34, 9, 4, 
112, 575, 463, -344, -175, 519, 204, 146, 292, 39, 9, 4, 
112, 575, 463, -344, -175, 519, 209, 151, 302, 39, 9, 4, 
112, 570, 458, -341, -173, 514, 209, 141, 302, 39, 9, 9, 
107, 570, 463, -339, -178, 517, 209, 141, 297, 39, 9, 9, 
107, 570, 463, -339, -178, 517, 214, 141, 297, 39, 14, 9, 
107, 570, 463, -339, -178, 517, 214, 141, 302, 43, 14, 9, 
117, 575, 458, -346, -170, 517, 214, 141, 312, 39, 9, 9, 
117, 580, 463, -348, -173, 522, 214, 141, 312, 39, 9, 9, 
122, 585, 463, -353, -170, 524, 214, 146, 317, 39, 14, 9, 
122, 585, 463, -353, -170, 524, 214, 146, 317, 43, 14, 9, 
117, 590, 473, -353, -178, 531, 214, 146, 317, 53, 24, 14, 
117, 590, 473, -353, -178, 531, 214, 146, 322, 53, 29, 14, 
117, 590, 473, -353, -178, 531, 214, 146, 322, 53, 29, 14, 
122, 590, 468, -356, -173, 529, 214, 151, 322, 58, 24, 14, 
122, 590, 468, -356, -173, 529, 204, 151, 326, 58, 14, 24, 
122, 590, 468, -356, -173, 529, 204, 151, 326, 58, 19, 24, 
117, 595, 478, -356, -180, 536, 209, 151, 326, 58, 19, 24, 
117, 600, 483, -358, -183, 541, 209, 151, 326, 63, 19, 24, 
122, 590, 468, -356, -173, 529, 209, 161, 331, 73, 19, 29, 
126, 595, 468, -361, -170, 531, 214, 161, 331, 73, 24, 29, 
126, 595, 468, -361, -170, 531, 219, 161, 331, 73, 24, 29, 
122, 595, 473, -358, -175, 534, 224, 161, 336, 73, 24, 29, 
117, 610, 492, -363, -187, 551, 219, 161, 346, 78, 34, 34, 
117, 610, 492, -363, -187, 551, 219, 161, 351, 78, 29, 34, 
117, 610, 492, -363, -187, 551, 214, 165, 351, 82, 29, 34, 
122, 610, 488, -366, -183, 549, 214, 165, 351, 87, 39, 34, 
131, 605, 473, -368, -170, 539, 219, 165, 356, 78, 29, 39, 
131, 605, 473, -368, -170, 539, 219, 165, 356, 78, 34, 39, 
131, 605, 473, -368, -170, 539, 219, 170, 356, 82, 34, 39, 
131, 610, 478, -370, -173, 544, 224, 170, 351, 82, 34, 39, 
131, 619, 488, -375, -178, 553, 214, 161, 356, 82, 34, 34, 
136, 619, 483, -378, -173, 551, 214, 161, 356, 82, 34, 34, 
141, 619, 478, -380, -168, 549, 209, 161, 356, 82, 34, 29, 
141, 619, 478, -380, -168, 549, 209, 161, 356, 87, 39, 29, 
131, 624, 492, -378, -180, 558, 200, 170, 361, 87, 39, 34, 
131, 629, 497, -380, -183, 563, 204, 170, 366, 92, 39, 34, 
131, 629, 497, -380, -183, 563, 209, 170, 366, 92, 39, 34, 
136, 629, 492, -383, -178, 561, 209, 170, 366, 92, 43, 39, 
151, 634, 483, -392, -165, 558, 190, 165, 380, 92, 39, 39, 
151, 639, 488, -395, -168, 563, 190, 165, 380, 97, 39, 39, 
151, 639, 488, -395, -168, 563, 190, 165, 380, 97, 39, 39, 
151, 639, 488, -395, -168, 563, 190, 165, 380, 97, 34, 39, 
141, 639, 497, -390, -178, 568, 200, 170, 385, 107, 39, 39, 
156, 644, 488, -400, -165, 566, 200, 170, 385, 107, 39, 34, 
156, 644, 488, -400, -165, 566, 204, 175, 385, 112, 43, 34, 
156, 644, 488, -400, -165, 566, 209, 175, 385, 112, 48, 39, 
151, 644, 492, -397, -170, 568, 224, 185, 385, 117, 58, 48, 
151, 644, 492, -397, -170, 568, 224, 185, 390, 117, 63, 48, 
146, 649, 502, -397, -178, 575, 224, 185, 400, 126, 63, 53, 
141, 649, 507, -395, -183, 578, 224, 185, 405, 126, 68, 53, 
151, 658, 507, -405, -178, 583, 209, 185, 409, 126, 68, 63, 
151, 658, 507, -405, -178, 583, 209, 190, 409, 131, 73, 68, 
156, 658, 502, -407, -173, 580, 204, 190, 414, 136, 82, 68, 
161, 663, 502, -412, -170, 583, 204, 195, 419, 141, 82, 68, 
170, 663, 492, -417, -161, 578, 195, 200, 429, 156, 87, 68, 
170, 673, 502, -422, -165, 588, 195, 200, 434, 156, 87, 78, 
170, 678, 507, -424, -168, 592, 195, 200, 439, 161, 87, 78, 
180, 683, 502, -431, -161, 592, 195, 209, 444, 170, 87, 87, 
170, 678, 507, -424, -168, 592, 204, 214, 434, 165, 87, 78, 
170, 688, 517, -429, -173, 602, 204, 219, 444, 165, 97, 78, 
175, 688, 512, -431, -168, 600, 204, 219, 448, 170, 102, 78, 
175, 688, 512, -431, -168, 600, 204, 219, 453, 175, 107, 82, 
175, 688, 512, -431, -168, 600, 214, 234, 453, 170, 97, 97, 
175, 692, 517, -434, -170, 605, 214, 234, 458, 175, 102, 97, 
180, 692, 512, -436, -165, 602, 214, 234, 463, 175, 107, 102, 
185, 697, 512, -441, -163, 605, 214, 234, 468, 180, 112, 102, 
195, 712, 517, -453, -161, 614, 200, 239, 468, 190, 112, 97, 
200, 717, 517, -458, -158, 617, 195, 239, 468, 195, 117, 102, 
200, 717, 517, -458, -158, 617, 195, 244, 468, 200, 117, 107, 
195, 722, 527, -458, -165, 624, 190, 244, 478, 204, 117, 112, 
204, 717, 512, -461, -153, 614, 190, 239, 483, 204, 131, 126, 
209, 722, 512, -466, -151, 617, 190, 239, 488, 204, 141, 131, 
219, 727, 507, -473, -143, 617, 190, 239, 488, 209, 151, 131, 
224, 736, 512, -480, -143, 624, 180, 239, 488, 209, 151, 136, 
219, 736, 517, -478, -148, 627, 190, 244, 497, 214, 146, 141, 
224, 741, 517, -483, -146, 629, 180, 244, 497, 224, 151, 146, 
224, 746, 522, -485, -148, 634, 175, 248, 497, 229, 151, 151, 
224, 751, 527, -488, -151, 639, 175, 253, 497, 234, 156, 151, 
224, 766, 541, -495, -158, 653, 175, 248, 497, 234, 156, 156, 
229, 771, 541, -500, -156, 656, 165, 239, 492, 234, 156, 156, 
229, 771, 541, -500, -156, 656, 165, 239, 492, 234, 161, 161, 
229, 771, 541, -500, -156, 656, 165, 248, 492, 234, 165, 161, 
239, 766, 527, -502, -143, 646, 165, 244, 492, 234, 180, 165, 
244, 766, 522, -505, -139, 644, 165, 244, 497, 239, 180, 170, 
239, 771, 531, -505, -146, 651, 161, 248, 497, 244, 180, 175, 
244, 771, 527, -507, -141, 649, 161, 248, 497, 244, 180, 175, 
244, 775, 531, -509, -143, 653, 170, 248, 497, 253, 185, 185, 
248, 775, 527, -512, -139, 651, 170, 244, 497, 248, 185, 185, 
253, 775, 522, -514, -134, 649, 170, 239, 488, 248, 180, 190, 
258, 775, 517, -517, -129, 646, 161, 234, 488, 248, 180, 190, 
248, 775, 527, -512, -139, 651, 170, 244, 478, 234, 180, 180, 
248, 775, 527, -512, -139, 651, 170, 244, 478, 234, 180, 180, 
248, 775, 527, -512, -139, 651, 165, 239, 468, 234, 180, 180, 
248, 775, 527, -512, -139, 651, 165, 234, 468, 234, 180, 180, 
239, 766, 527, -502, -143, 646, 161, 224, 468, 229, 180, 175, 
234, 766, 531, -500, -148, 649, 161, 219, 463, 224, 180, 175, 
234, 766, 531, -500, -148, 649, 161, 219, 463, 224, 180, 175, 
234, 766, 531, -500, -148, 649, 161, 219, 463, 229, 180, 175, 
244, 766, 522, -505, -139, 644, 151, 209, 458, 229, 180, 180, 
239, 761, 522, -500, -141, 641, 151, 209, 453, 229, 175, 180, 
239, 761, 522, -500, -141, 641, 156, 204, 448, 224, 175, 180, 
234, 761, 527, -497, -146, 644, 156, 204, 444, 219, 170, 180, 
234, 756, 522, -495, -143, 639, 146, 190, 444, 219, 170, 175, 
234, 756, 522, -495, -143, 639, 146, 180, 439, 219, 165, 175, 
229, 756, 527, -492, -148, 641, 146, 175, 434, 214, 165, 180, 
229, 756, 527, -492, -148, 641, 141, 165, 429, 209, 161, 180, 
224, 751, 527, -488, -151, 639, 151, 161, 434, 195, 161, 175, 
214, 751, 536, -483, -161, 644, 156, 156, 434, 195, 161, 175, 
209, 746, 536, -478, -163, 641, 156, 151, 434, 195, 161, 175, 
209, 746, 536, -478, -163, 641, 156, 146, 434, 195, 161, 175, 
204, 741, 536, -473, -165, 639, 165, 146, 434, 190, 156, 165, 
195, 741, 546, -468, -175, 644, 165, 146, 429, 185, 151, 151, 
195, 736, 541, -466, -173, 639, 165, 136, 424, 180, 141, 151, 
195, 727, 531, -461, -168, 629, 165, 122, 424, 175, 136, 141, 
190, 732, 541, -461, -175, 636, 175, 122, 419, 180, 141, 141, 
190, 727, 536, -458, -173, 631, 175, 117, 414, 175, 136, 146, 
185, 722, 536, -453, -175, 629, 180, 117, 409, 170, 136, 141, 
185, 717, 531, -451, -173, 624, 180, 107, 405, 165, 136, 141, 
170, 712, 541, -441, -185, 627, 180, 107, 409, 161, 122, 126, 
165, 707, 541, -436, -187, 624, 180, 102, 405, 161, 117, 126, 
161, 702, 541, -431, -190, 622, 185, 97, 405, 156, 117, 122, 
146, 697, 551, -422, -202, 624, 185, 97, 400, 156, 117, 117, 
146, 692, 546, -419, -200, 619, 175, 97, 390, 141, 112, 112, 
146, 688, 541, -417, -197, 614, 175, 92, 385, 136, 107, 107, 
151, 678, 527, -414, -187, 602, 180, 82, 380, 131, 102, 102, 
146, 678, 531, -412, -192, 605, 175, 78, 375, 131, 92, 97, 
136, 673, 536, -405, -200, 605, 185, 78, 375, 131, 82, 92, 
136, 668, 531, -402, -197, 600, 195, 78, 366, 122, 78, 87, 
136, 658, 522, -397, -192, 590, 195, 82, 366, 122, 73, 82, 
131, 649, 517, -390, -192, 583, 185, 82, 361, 117, 68, 78, 
122, 649, 527, -385, -202, 588, 190, 82, 356, 102, 68, 78, 
122, 644, 522, -383, -200, 583, 200, 82, 356, 102, 68, 73, 
112, 639, 527, -375, -207, 583, 204, 82, 351, 97, 63, 73, 
112, 634, 522, -373, -204, 578, 209, 82, 351, 97, 58, 73, 
126, 644, 517, -385, -195, 580, 204, 73, 351, 92, 63, 73, 
126, 644, 517, -385, -195, 580, 204, 73, 351, 87, 63, 68, 
126, 639, 512, -383, -192, 575, 204, 78, 346, 87, 63, 68, 
122, 634, 512, -378, -195, 573, 209, 78, 341, 87, 58, 63, 
126, 634, 507, -380, -190, 570, 204, 73, 341, 92, 48, 58, 
126, 634, 507, -380, -190, 570, 204, 73, 341, 92, 48, 58, 
122, 634, 512, -378, -195, 573, 204, 73, 341, 92, 48, 63, 
122, 634, 512, -378, -195, 573, 204, 73, 341, 92, 48, 63, 
112, 629, 517, -370, -202, 573, 214, 82, 341, 92, 53, 63, 
112, 624, 512, -368, -200, 568, 219, 82, 341, 92, 53, 63, 
112, 624, 512, -368, -200, 568, 219, 82, 341, 92, 53, 63, 
117, 619, 502, -368, -192, 561, 219, 82, 341, 92, 53, 58, 
107, 619, 512, -363, -202, 566, 229, 87, 341, 87, 43, 58, 
107, 614, 507, -361, -200, 561, 229, 87, 341, 87, 43, 58, 
107, 614, 507, -361, -200, 561, 229, 78, 336, 87, 43, 63, 
107, 614, 507, -361, -200, 561, 229, 73, 336, 87, 48, 63, 
107, 624, 517, -366, -204, 570, 229, 63, 336, 97, 48, 63, 
107, 624, 517, -366, -204, 570, 229, 73, 336, 102, 48, 63, 
107, 619, 512, -363, -202, 566, 234, 78, 341, 102, 48, 63, 
107, 619, 512, -363, -202, 566, 234, 82, 341, 97, 48, 63, 
117, 614, 497, -366, -190, 556, 234, 73, 346, 97, 43, 58, 
117, 614, 497, -366, -190, 556, 229, 73, 346, 97, 43, 58, 
117, 619, 502, -368, -192, 561, 224, 73, 346, 97, 48, 58, 
117, 619, 502, -368, -192, 561, 219, 73, 346, 102, 48, 58, 
112, 610, 497, -361, -192, 553, 209, 78, 346, 92, 48, 58, 
112, 614, 502, -363, -195, 558, 209, 78, 346, 92, 43, 58, 
112, 614, 502, -363, -195, 558, 214, 78, 346, 87, 43, 58, 
117, 614, 497, -366, -190, 556, 214, 78, 346, 87, 43, 58, 
107, 614, 507, -361, -200, 561, 219, 78, 346, 92, 53, 58, 
112, 614, 502, -363, -195, 558, 219, 82, 346, 92, 58, 58, 
112, 614, 502, -363, -195, 558, 214, 82, 346, 92, 58, 63, 
112, 624, 512, -368, -200, 568, 214, 82, 346, 92, 58, 63, 
122, 634, 512, -378, -195, 573, 214, 73, 351, 102, 58, 63, 
122, 634, 512, -378, -195, 573, 214, 73, 351, 102, 58, 63, 
122, 634, 512, -378, -195, 573, 214, 73, 351, 107, 58, 63, 
122, 639, 517, -380, -197, 578, 214, 73, 351, 107, 58, 63, 
112, 639, 527, -375, -207, 583, 224, 73, 361, 107, 58, 63, 
112, 644, 531, -378, -209, 588, 224, 73, 361, 102, 58, 63, 
112, 639, 527, -375, -207, 583, 224, 73, 361, 102, 58, 63, 
112, 634, 522, -373, -204, 578, 224, 73, 361, 107, 58, 63, 
122, 629, 507, -375, -192, 568, 214, 73, 351, 107, 58, 63, 
122, 629, 507, -375, -192, 568, 214, 73, 351, 107, 58, 63, 
122, 629, 507, -375, -192, 568, 214, 73, 351, 107, 58, 63, 
122, 639, 517, -380, -197, 578, 214, 68, 351, 107, 58, 63, 
112, 629, 517, -370, -202, 573, 214, 78, 351, 107, 48, 63, 
112, 629, 517, -370, -202, 573, 214, 78, 356, 107, 53, 63, 
112, 634, 522, -373, -204, 578, 214, 78, 356, 112, 53, 63, 
112, 634, 522, -373, -204, 578, 214, 78, 356, 112, 53, 63, 
122, 639, 517, -380, -197, 578, 214, 68, 356, 107, 63, 63, 
122, 639, 517, -380, -197, 578, 214, 68, 356, 107, 63, 68, 
122, 639, 517, -380, -197, 578, 214, 73, 356, 112, 63, 68, 
122, 639, 517, -380, -197, 578, 214, 73, 361, 112, 63, 68, 
122, 649, 527, -385, -202, 588, 224, 78, 366, 112, 63, 78, 
122, 653, 531, -387, -204, 592, 224, 78, 366, 112, 63, 78, 
122, 653, 531, -387, -204, 592, 224, 78, 366, 112, 63, 78, 
122, 653, 531, -387, -204, 592, 224, 73, 366, 112, 63, 78, 
122, 653, 531, -387, -204, 592, 224, 78, 366, 112, 53, 68, 
122, 653, 531, -387, -204, 592, 224, 73, 366, 112, 53, 73, 
122, 653, 531, -387, -204, 592, 224, 73, 366, 117, 63, 73, 
122, 649, 527, -385, -202, 588, 224, 78, 366, 122, 63, 73, 
122, 649, 527, -385, -202, 588, 224, 87, 375, 117, 73, 78, 
126, 649, 522, -387, -197, 585, 219, 82, 375, 117, 73, 78, 
126, 649, 522, -387, -197, 585, 219, 78, 370, 107, 68, 73, 
126, 649, 522, -387, -197, 585, 219, 58, 370, 107, 68, 73, 
122, 658, 536, -390, -207, 597, 214, 63, 380, 122, 78, 87, 
122, 663, 541, -392, -209, 602, 214, 63, 380, 122, 78, 87, 
126, 663, 536, -395, -204, 600, 214, 63, 380, 122, 78, 87, 
126, 663, 536, -395, -204, 600, 219, 68, 380, 122, 78, 87, 
126, 663, 536, -395, -204, 600, 219, 78, 370, 131, 78, 87, 
126, 658, 531, -392, -202, 595, 219, 78, 370, 131, 78, 87, 
126, 658, 531, -392, -202, 595, 219, 78, 370, 131, 78, 87, 
126, 658, 531, -392, -202, 595, 224, 82, 370, 131, 78, 87, 
126, 658, 531, -392, -202, 595, 214, 73, 361, 131, 78, 78, 
131, 658, 527, -395, -197, 592, 214, 68, 361, 126, 78, 82, 
131, 658, 527, -395, -197, 592, 214, 68, 361, 126, 78, 82, 
131, 663, 531, -397, -200, 597, 219, 68, 356, 126, 73, 82, 
131, 653, 522, -392, -195, 588, 219, 68, 366, 122, 73, 82, 
131, 653, 522, -392, -195, 588, 219, 68, 370, 117, 73, 82, 
131, 653, 522, -392, -195, 588, 219, 68, 370, 112, 73, 82, 
131, 653, 522, -392, -195, 588, 219, 68, 366, 107, 73, 82, 
136, 668, 531, -402, -197, 600, 209, 68, 366, 117, 73, 82, 
136, 673, 536, -405, -200, 605, 204, 73, 361, 117, 73, 82, 
136, 678, 541, -407, -202, 610, 204, 73, 361, 117, 73, 82, 
136, 683, 546, -409, -204, 614, 200, 68, 366, 117, 73, 92, 
136, 673, 536, -405, -200, 605, 209, 68, 366, 117, 73, 92, 
136, 673, 536, -405, -200, 605, 209, 73, 366, 117, 73, 92, 
141, 673, 531, -407, -195, 602, 209, 73, 366, 117, 73, 87, 
141, 673, 531, -407, -195, 602, 209, 68, 366, 117, 73, 87, 
126, 663, 536, -395, -204, 600, 224, 68, 356, 117, 63, 78, 
126, 663, 536, -395, -204, 600, 224, 73, 356, 117, 63, 78, 
126, 663, 536, -395, -204, 600, 224, 73, 356, 112, 63, 78, 
126, 663, 536, -395, -204, 600, 224, 73, 351, 112, 63, 78, 
136, 658, 522, -397, -192, 590, 214, 63, 351, 112, 73, 78, 
136, 658, 522, -397, -192, 590, 214, 58, 351, 112, 73, 78, 
136, 658, 522, -397, -192, 590, 214, 58, 351, 107, 73, 78, 
136, 658, 522, -397, -192, 590, 214, 58, 351, 107, 73, 78, 
136, 663, 527, -400, -195, 595, 214, 68, 351, 117, 73, 78, 
136, 663, 527, -400, -195, 595, 214, 63, 351, 117, 68, 78, 
136, 658, 522, -397, -192, 590, 214, 63, 351, 112, 68, 78, 
136, 658, 522, -397, -192, 590, 214, 68, 346, 112, 73, 78, 
136, 658, 522, -397, -192, 590, 224, 68, 336, 102, 73, 78, 
136, 658, 522, -397, -192, 590, 224, 68, 336, 102, 73, 78, 
136, 658, 522, -397, -192, 590, 224, 68, 341, 102, 73, 78, 
122, 658, 536, -390, -207, 597, 224, 68, 341, 102, 73, 73, 
122, 658, 536, -390, -207, 597, 234, 68, 341, 102, 63, 73, 
126, 653, 527, -390, -200, 590, 234, 68, 341, 102, 58, 73, 
131, 653, 522, -392, -195, 588, 234, 63, 341, 92, 58, 73, 
141, 653, 512, -397, -185, 583, 234, 63, 336, 92, 58, 73, 
141, 644, 502, -392, -180, 573, 224, 68, 331, 102, 58, 73, 
136, 644, 507, -390, -185, 575, 224, 68, 331, 102, 58, 73, 
131, 644, 512, -387, -190, 578, 224, 63, 326, 102, 58, 73, 
126, 644, 517, -385, -195, 580, 224, 63, 326, 102, 58, 68, 
131, 653, 522, -392, -195, 588, 219, 58, 326, 102, 68, 78, 
136, 653, 517, -395, -190, 585, 224, 58, 326, 97, 63, 68, 
122, 653, 531, -387, -204, 592, 224, 58, 326, 97, 63, 68, 
126, 653, 527, -390, -200, 590, 224, 58, 326, 97, 63, 73, 
126, 644, 517, -385, -195, 580, 224, 68, 331, 102, 63, 82, 
131, 644, 512, -387, -190, 578, 224, 63, 331, 102, 63, 78, 
146, 644, 497, -395, -175, 570, 219, 63, 331, 102, 63, 78, 
146, 644, 497, -395, -175, 570, 219, 63, 331, 102, 63, 78, 
141, 653, 512, -397, -185, 583, 209, 58, 331, 102, 63, 78, 
141, 653, 512, -397, -185, 583, 209, 58, 331, 102, 63, 78, 
136, 653, 517, -395, -190, 585, 209, 58, 331, 102, 63, 82, 
136, 653, 517, -395, -190, 585, 209, 63, 336, 102, 68, 82, 
146, 653, 507, -400, -180, 580, 219, 68, 336, 92, 58, 73, 
146, 658, 512, -402, -183, 585, 219, 68, 336, 92, 53, 73, 
146, 658, 512, -402, -183, 585, 219, 63, 331, 92, 53, 73, 
146, 658, 512, -402, -183, 585, 219, 58, 331, 92, 53, 73, 
151, 663, 512, -407, -180, 588, 219, 58, 322, 92, 53, 73, 
151, 663, 512, -407, -180, 588, 219, 58, 322, 92, 53, 68, 
151, 658, 507, -405, -178, 583, 224, 58, 322, 92, 53, 68, 
151, 658, 507, -405, -178, 583, 224, 58, 322, 92, 53, 73, 
146, 649, 502, -397, -178, 575, 224, 58, 322, 82, 48, 73, 
141, 649, 507, -395, -183, 578, 224, 58, 322, 82, 48, 73, 
141, 649, 507, -395, -183, 578, 224, 58, 322, 82, 48, 73, 
136, 649, 512, -392, -187, 580, 224, 53, 322, 82, 53, 68, 
136, 639, 502, -387, -183, 570, 234, 53, 331, 82, 53, 78, 
136, 644, 507, -390, -185, 575, 229, 53, 326, 82, 53, 78, 
136, 644, 507, -390, -185, 575, 229, 53, 326, 82, 53, 78, 
136, 644, 507, -390, -185, 575, 229, 53, 326, 82, 53, 78, 
126, 644, 517, -385, -195, 580, 239, 58, 336, 92, 53, 82, 
126, 644, 517, -385, -195, 580, 239, 58, 336, 92, 53, 78, 
126, 644, 517, -385, -195, 580, 239, 58, 336, 92, 58, 78, 
126, 644, 517, -385, -195, 580, 239, 53, 336, 92, 58, 78, 
136, 644, 507, -390, -185, 575, 239, 63, 326, 92, 58, 68, 
136, 644, 507, -390, -185, 575, 239, 63, 326, 97, 53, 78, 
136, 644, 507, -390, -185, 575, 239, 68, 326, 97, 53, 78, 
136, 644, 507, -390, -185, 575, 239, 68, 326, 92, 53, 73, 
117, 644, 527, -380, -204, 585, 229, 58, 326, 92, 58, 73, 
122, 644, 522, -383, -200, 583, 229, 58, 326, 92, 58, 78, 
131, 644, 512, -387, -190, 578, 229, 58, 326, 92, 58, 78, 
136, 644, 507, -390, -185, 575, 234, 58, 326, 92, 53, 82, 
136, 653, 517, -395, -190, 585, 239, 68, 326, 92, 53, 73, 
136, 653, 517, -395, -190, 585, 239, 68, 326, 87, 53, 73, 
141, 653, 512, -397, -185, 583, 239, 68, 326, 87, 53, 68, 
141, 653, 512, -397, -185, 583, 239, 68, 326, 87, 53, 68, 
141, 653, 512, -397, -185, 583, 239, 68, 326, 87, 58, 73, 
141, 653, 512, -397, -185, 583, 239, 68, 326, 87, 58, 73, 
156, 653, 497, -405, -170, 575, 239, 68, 331, 87, 63, 68, 
156, 653, 497, -405, -170, 575, 239, 63, 331, 87, 63, 68, 
151, 644, 492, -397, -170, 568, 239, 58, 331, 87, 63, 73, 
146, 644, 497, -395, -175, 570, 239, 58, 322, 87, 63, 73, 
141, 644, 502, -392, -180, 573, 239, 58, 322, 87, 63, 73, 
136, 644, 507, -390, -185, 575, 239, 58, 326, 87, 63, 78, 
146, 653, 507, -400, -180, 580, 229, 58, 326, 87, 53, 68, 
146, 653, 507, -400, -180, 580, 229, 63, 331, 87, 53, 73, 
146, 653, 507, -400, -180, 580, 229, 63, 331, 87, 53, 73, 
146, 653, 507, -400, -180, 580, 229, 63, 331, 92, 53, 73, 
136, 644, 507, -390, -185, 575, 239, 63, 331, 92, 53, 73, 
136, 649, 512, -392, -187, 580, 239, 63, 331, 92, 53, 73, 
136, 649, 512, -392, -187, 580, 239, 63, 331, 92, 58, 73, 
136, 649, 512, -392, -187, 580, 239, 63, 331, 92, 58, 73, 
126, 644, 517, -385, -195, 580, 229, 58, 336, 87, 48, 73, 
126, 644, 517, -385, -195, 580, 229, 58, 336, 87, 53, 73, 
126, 644, 517, -385, -195, 580, 229, 58, 341, 87, 63, 73, 
126, 644, 517, -385, -195, 580, 229, 58, 341, 92, 63, 78, 
126, 644, 517, -385, -195, 580, 229, 58, 341, 102, 68, 78, 
136, 644, 507, -390, -185, 575, 229, 68, 331, 102, 63, 78, 
146, 649, 502, -397, -178, 575, 234, 68, 331, 97, 63, 78, 
146, 644, 497, -395, -175, 570, 244, 68, 331, 97, 58, 78, 
146, 644, 497, -395, -175, 570, 244, 68, 331, 97, 58, 78, 
146, 644, 497, -395, -175, 570, 244, 68, 331, 97, 58, 78, 
146, 644, 497, -395, -175, 570, 244, 68, 331, 97, 58, 78, 
146, 644, 497, -395, -175, 570, 244, 68, 331, 97, 58, 78, 
146, 649, 502, -397, -178, 575, 244, 58, 341, 97, 68, 87, 
146, 653, 507, -400, -180, 580, 244, 58, 341, 97, 68, 87, 
146, 658, 512, -402, -183, 585, 244, 58, 341, 97, 68, 87, 
146, 663, 517, -405, -185, 590, 244, 58, 341, 97, 68, 87, 
146, 668, 522, -407, -187, 595, 244, 58, 346, 102, 78, 97, 
146, 673, 527, -409, -190, 600, 244, 58, 351, 107, 78, 97, 
146, 678, 531, -412, -192, 605, 244, 58, 356, 112, 78, 97, 
146, 688, 541, -417, -197, 614, 244, 58, 361, 117, 78, 102, 
146, 692, 546, -419, -200, 619, 244, 48, 370, 131, 92, 102, 
146, 697, 551, -422, -202, 624, 244, 53, 375, 136, 97, 107, 
146, 697, 551, -422, -202, 624, 244, 53, 380, 136, 97, 107, 
151, 702, 551, -427, -200, 627, 244, 53, 380, 141, 97, 117, 
151, 717, 566, -434, -207, 641, 244, 53, 370, 131, 97, 107, 
151, 717, 566, -434, -207, 641, 244, 43, 366, 126, 97, 107, 
151, 717, 566, -434, -207, 641, 239, 43, 366, 126, 97, 107, 
151, 712, 561, -431, -204, 636, 239, 43, 366, 126, 97, 102, 
151, 712, 561, -431, -204, 636, 244, 53, 375, 136, 97, 112, 
151, 712, 561, -431, -204, 636, 244, 53, 375, 131, 97, 112, 
151, 712, 561, -431, -204, 636, 244, 58, 375, 131, 97, 112, 
151, 712, 561, -431, -204, 636, 244, 58, 380, 136, 97, 112, 
151, 722, 570, -436, -209, 646, 244, 53, 390, 146, 97, 112, 
151, 736, 585, -444, -217, 661, 244, 48, 395, 151, 102, 122, 
156, 746, 590, -451, -217, 668, 239, 48, 400, 156, 107, 126, 
156, 756, 600, -456, -222, 678, 239, 48, 405, 165, 112, 131, 
146, 761, 614, -453, -234, 688, 229, 34, 409, 165, 117, 136, 
151, 775, 624, -463, -236, 700, 214, 24, 409, 175, 126, 141, 
161, 780, 619, -470, -229, 700, 209, 19, 409, 175, 131, 151, 
165, 785, 619, -475, -226, 702, 195, 14, 409, 175, 131, 151, 
175, 775, 600, -475, -212, 688, 185, 24, 395, 170, 136, 156, 
185, 775, 590, -480, -202, 683, 185, 24, 395, 170, 136, 156, 
190, 775, 585, -483, -197, 680, 180, 29, 390, 165, 131, 151, 
190, 766, 575, -478, -192, 671, 180, 34, 385, 161, 126, 146, 
190, 746, 556, -468, -183, 651, 180, 34, 380, 151, 112, 136, 
190, 741, 551, -466, -180, 646, 185, 34, 375, 141, 107, 131, 
185, 732, 546, -458, -180, 639, 185, 39, 361, 136, 97, 126, 
180, 722, 541, -451, -180, 631, 190, 39, 351, 131, 92, 117, 
180, 732, 551, -456, -185, 641, 200, 39, 361, 136, 102, 126, 
180, 727, 546, -453, -183, 636, 200, 43, 361, 136, 102, 126, 
185, 727, 541, -456, -178, 634, 204, 53, 366, 136, 102, 131, 
190, 722, 531, -456, -170, 627, 204, 53, 366, 136, 102, 136, 
200, 717, 517, -458, -158, 617, 195, 53, 361, 136, 102, 136, 
200, 717, 517, -458, -158, 617, 195, 48, 361, 136, 102, 136, 
195, 722, 527, -458, -165, 624, 200, 48, 366, 136, 102, 136, 
195, 722, 527, -458, -165, 624, 200, 53, 366, 141, 107, 136, 
180, 717, 536, -448, -178, 627, 214, 63, 375, 141, 117, 136, 
180, 717, 536, -448, -178, 627, 219, 68, 375, 141, 112, 131, 
165, 712, 546, -439, -190, 629, 224, 68, 375, 141, 107, 131, 
161, 702, 541, -431, -190, 622, 234, 68, 375, 136, 107, 117, 
156, 688, 531, -422, -187, 610, 248, 53, 366, 131, 92, 102, 
151, 678, 527, -414, -187, 602, 248, 48, 351, 122, 82, 97, 
151, 668, 517, -409, -183, 592, 248, 48, 336, 112, 68, 92, 
146, 653, 507, -400, -180, 580, 248, 48, 322, 102, 53, 82, 
146, 653, 507, -400, -180, 580, 244, 63, 322, 97, 53, 87, 
146, 644, 497, -395, -175, 570, 244, 63, 317, 92, 48, 87, 
151, 644, 492, -397, -170, 568, 244, 63, 317, 92, 48, 82, 
151, 644, 492, -397, -170, 568, 244, 63, 317, 92, 48, 78, 
151, 653, 502, -402, -175, 578, 239, 53, 317, 97, 48, 78, 
151, 653, 502, -402, -175, 578, 239, 53, 317, 97, 48, 78, 
151, 653, 502, -402, -175, 578, 244, 53, 317, 97, 48, 78, 
151, 653, 502, -402, -175, 578, 248, 63, 317, 97, 48, 78, 
151, 644, 492, -397, -170, 568, 248, 63, 322, 87, 48, 73, 
151, 639, 488, -395, -168, 563, 248, 63, 322, 87, 48, 73, 
151, 639, 488, -395, -168, 563, 248, 63, 317, 87, 48, 78, 
156, 639, 483, -397, -163, 561, 248, 63, 312, 92, 48, 78, 
156, 639, 483, -397, -163, 561, 248, 68, 312, 92, 43, 78, 
156, 639, 483, -397, -163, 561, 248, 68, 312, 92, 43, 78, 
151, 639, 488, -395, -168, 563, 248, 68, 317, 92, 43, 73, 
151, 639, 488, -395, -168, 563, 253, 68, 317, 87, 43, 73, 
151, 634, 483, -392, -165, 558, 253, 68, 317, 92, 29, 73, 
151, 634, 483, -392, -165, 558, 253, 73, 317, 92, 29, 73, 
151, 634, 483, -392, -165, 558, 258, 73, 317, 97, 29, 73, 
146, 629, 483, -387, -168, 556, 258, 73, 317, 97, 34, 73, 
156, 629, 473, -392, -158, 551, 258, 73, 317, 87, 43, 73, 
156, 629, 473, -392, -158, 551, 263, 78, 312, 82, 39, 68, 
156, 629, 473, -392, -158, 551, 263, 78, 312, 78, 39, 68, 
156, 629, 473, -392, -158, 551, 268, 78, 312, 78, 39, 68, 
156, 629, 473, -392, -158, 551, 258, 78, 322, 82, 39, 68, 
156, 629, 473, -392, -158, 551, 258, 78, 322, 82, 39, 68, 
156, 629, 473, -392, -158, 551, 258, 82, 326, 82, 39, 68, 
156, 629, 473, -392, -158, 551, 263, 82, 326, 82, 39, 68, 
156, 639, 483, -397, -163, 561, 268, 78, 326, 92, 39, 68, 
151, 639, 488, -395, -168, 563, 268, 78, 322, 92, 39, 73, 
151, 639, 488, -395, -168, 563, 268, 78, 322, 87, 39, 73, 
151, 639, 488, -395, -168, 563, 268, 78, 322, 87, 39, 73, 
146, 629, 483, -387, -168, 556, 278, 78, 322, 97, 39, 78, 
146, 629, 483, -387, -168, 556, 283, 82, 322, 87, 34, 73, 
156, 629, 473, -392, -158, 551, 283, 87, 322, 82, 34, 68, 
161, 619, 458, -390, -148, 539, 287, 102, 322, 82, 29, 68, 
161, 610, 448, -385, -143, 529, 297, 107, 322, 82, 14, 58, 
146, 590, 444, -368, -148, 517, 312, 112, 322, 63, 0, 39, 
136, 561, 424, -348, -143, 492, 336, 131, 312, 39, -24, 9, 
117, 517, 400, -317, -141, 458, 366, 165, 322, 4, -63, -39, 
97, 497, 400, -297, -151, 448, 419, 214, 346, -9, -97, -82, 
87, 488, 400, -287, -156, 444, 473, 278, 375, -9, -126, -117, 
87, 488, 400, -287, -156, 444, 517, 341, 400, -19, -141, -151, 
97, 497, 400, -297, -151, 448, 541, 380, 439, -9, -151, -170, 
97, 541, 444, -319, -173, 492, 541, 400, 478, 34, -126, -146, 
117, 595, 478, -356, -180, 536, 522, 380, 536, 107, -73, -92, 
170, 658, 488, -414, -158, 573, 483, 366, 595, 185, 9, -14, 
253, 746, 492, -500, -119, 619, 424, 351, 658, 268, 102, 82, 
341, 863, 522, -602, -90, 692, 370, 351, 761, 409, 239, 200, 
439, 995, 556, -717, -58, 775, 307, 366, 893, 566, 390, 356, 
546, 1132, 585, -839, -19, 858, 209, 356, 1010, 722, 566, 517, 
668, 1302, 634, -985, 17, 968, 78, 297, 1122, 907, 756, 712, 
727, 1473, 746, -1100, -9, 1110, -58, 151, 1166, 1078, 951, 927, 
746, 1610, 863, -1178, -58, 1237, -204, -73, 1112, 1176, 1127, 1117, 
746, 1751, 1005, -1249, -129, 1378, -361, -326, 1015, 1254, 1278, 1302, 
727, 1888, 1161, -1307, -217, 1525, -492, -605, 961, 1332, 1434, 1483, 
673, 1986, 1312, -1329, -319, 1649, -585, -834, 971, 1429, 1561, 1620, 
624, 1961, 1337, -1293, -356, 1649, -624, -951, 990, 1498, 1615, 1668, 
556, 1839, 1283, -1198, -363, 1561, -580, -971, 956, 1468, 1566, 1625, 
502, 1659, 1156, -1080, -326, 1407, -502, -932, 819, 1307, 1410, 1498, 
463, 1507, 1044, -985, -290, 1276, -444, -858, 634, 1054, 1205, 1332, 
409, 1420, 1010, -915, -300, 1215, -414, -819, 444, 800, 1000, 1151, 
322, 1337, 1015, -829, -346, 1176, -380, -780, 214, 527, 780, 961, 
219, 1151, 932, -685, -356, 1041, -287, -722, -53, 229, 531, 732, 
161, 902, 741, -531, -290, 822, -161, -585, -263, -43, 253, 483, 
112, 688, 575, -400, -231, 631, -24, -424, -361, -219, 43, 263, 
87, 541, 453, -314, -183, 497, 63, -297, -380, -297, -73, 136, 
92, 463, 370, -278, -139, 417, 112, -200, -361, -326, -136, 53, 
92, 439, 346, -265, -126, 392, 122, -156, -307, -317, -141, 29, 
82, 492, 409, -287, -163, 451, 92, -156, -234, -263, -112, 34, 
78, 561, 483, -319, -202, 522, 78, -165, -156, -195, -78, 48, 
87, 610, 522, -348, -217, 566, 78, -161, -73, -141, -43, 58, 
92, 658, 566, -375, -236, 612, 102, -151, 14, -73, 9, 92, 
102, 702, 600, -402, -248, 651, 126, -117, 126, 14, 58, 131, 
112, 722, 610, -417, -248, 666, 146, -68, 209, 63, 78, 141, 
122, 722, 600, -422, -239, 661, 170, -34, 253, 73, 78, 131, 
136, 707, 570, -422, -217, 639, 204, 9, 278, 78, 68, 131, 
151, 707, 556, -429, -202, 631, 229, 53, 312, 97, 68, 126, 
161, 697, 536, -429, -187, 617, 239, 58, 331, 112, 73, 126, 
175, 688, 512, -431, -168, 600, 244, 68, 331, 107, 73, 117, 
170, 688, 517, -429, -173, 602, 258, 68, 331, 112, 73, 122, 
170, 683, 512, -427, -170, 597, 268, 82, 356, 122, 73, 112, 
170, 663, 492, -417, -161, 578, 287, 97, 361, 131, 73, 102, 
165, 649, 483, -407, -158, 566, 302, 112, 351, 126, 78, 107, 
165, 649, 483, -407, -158, 566, 297, 131, 366, 136, 68, 102, 
165, 639, 473, -402, -153, 556, 297, 141, 380, 126, 68, 107, 
161, 639, 478, -400, -158, 558, 297, 146, 380, 126, 68, 102, 
156, 639, 483, -397, -163, 561, 297, 146, 385, 126, 68, 102, 
161, 644, 483, -402, -161, 563, 297, 146, 390, 126, 68, 102, 
165, 649, 483, -407, -158, 566, 297, 136, 380, 117, 58, 92, 
170, 649, 478, -409, -153, 563, 302, 141, 380, 126, 58, 92, 
175, 649, 473, -412, -148, 561, 302, 141, 380, 131, 63, 97, 
180, 644, 463, -412, -141, 553, 307, 146, 385, 131, 63, 97, 
170, 644, 473, -407, -151, 558, 312, 161, 400, 141, 73, 97, 
170, 649, 478, -409, -153, 563, 317, 165, 400, 141, 68, 97, 
175, 649, 473, -412, -148, 561, 322, 165, 405, 141, 68, 97, 
175, 649, 473, -412, -148, 561, 326, 165, 409, 141, 68, 97, 
175, 658, 483, -417, -153, 570, 326, 165, 409, 146, 68, 97, 
175, 658, 483, -417, -153, 570, 322, 165, 409, 146, 68, 97, 
175, 658, 483, -417, -153, 570, 322, 165, 409, 146, 73, 102, 
180, 658, 478, -419, -148, 568, 322, 165, 409, 146, 73, 102, 
185, 663, 478, -424, -146, 570, 312, 161, 409, 141, 73, 102, 
190, 663, 473, -427, -141, 568, 312, 161, 409, 141, 78, 102, 
200, 663, 463, -431, -131, 563, 317, 165, 405, 146, 78, 102, 
209, 663, 453, -436, -122, 558, 317, 170, 409, 146, 78, 102, 
200, 668, 468, -434, -134, 568, 326, 180, 419, 156, 78, 97, 
195, 668, 473, -431, -139, 570, 326, 180, 414, 156, 78, 97, 
195, 668, 473, -431, -139, 570, 331, 180, 414, 156, 82, 97, 
195, 668, 473, -431, -139, 570, 331, 180, 419, 161, 82, 97, 
195, 663, 468, -429, -136, 566, 331, 180, 419, 156, 87, 107, 
195, 668, 473, -431, -139, 570, 331, 180, 419, 156, 87, 107, 
200, 673, 473, -436, -136, 573, 331, 185, 424, 156, 92, 107, 
200, 673, 473, -436, -136, 573, 331, 185, 424, 161, 92, 107, 
195, 678, 483, -436, -143, 580, 322, 185, 434, 170, 92, 112, 
195, 678, 483, -436, -143, 580, 322, 185, 439, 170, 97, 112, 
195, 678, 483, -436, -143, 580, 322, 185, 439, 170, 97, 112, 
200, 678, 478, -439, -139, 578, 322, 190, 439, 175, 92, 112, 
209, 678, 468, -444, -129, 573, 322, 190, 434, 165, 92, 112, 
209, 678, 468, -444, -129, 573, 322, 190, 434, 165, 97, 112, 
204, 683, 478, -444, -136, 580, 326, 190, 434, 165, 97, 112, 
204, 688, 483, -446, -139, 585, 326, 190, 434, 170, 97, 112, 
200, 678, 478, -439, -139, 578, 322, 190, 439, 180, 97, 126, 
204, 683, 478, -444, -136, 580, 322, 190, 439, 180, 102, 126, 
204, 683, 478, -444, -136, 580, 322, 190, 439, 180, 102, 126, 
200, 683, 483, -441, -141, 583, 322, 190, 444, 180, 102, 126, 
204, 688, 483, -446, -139, 585, 326, 200, 444, 185, 102, 122, 
204, 688, 483, -446, -139, 585, 326, 200, 448, 185, 97, 122, 
204, 688, 483, -446, -139, 585, 322, 204, 448, 190, 97, 122, 
209, 688, 478, -448, -134, 583, 322, 204, 448, 195, 107, 122, 
219, 702, 483, -461, -131, 592, 322, 195, 448, 185, 97, 126, 
219, 702, 483, -461, -131, 592, 317, 195, 453, 185, 102, 126, 
219, 702, 483, -461, -131, 592, 312, 200, 458, 190, 102, 126, 
219, 707, 488, -463, -134, 597, 312, 200, 458, 190, 102, 126, 
209, 707, 497, -458, -143, 602, 322, 209, 463, 200, 112, 141, 
214, 707, 492, -461, -139, 600, 322, 209, 463, 200, 112, 141, 
219, 707, 488, -463, -134, 597, 317, 209, 463, 200, 112, 136, 
219, 707, 488, -463, -134, 597, 317, 209, 463, 204, 117, 136, 
209, 712, 502, -461, -146, 607, 326, 219, 468, 204, 117, 141, 
209, 717, 507, -463, -148, 612, 331, 219, 473, 209, 117, 141, 
209, 717, 507, -463, -148, 612, 336, 219, 473, 209, 117, 141, 
214, 717, 502, -466, -143, 610, 336, 219, 473, 209, 122, 146, 
219, 712, 492, -466, -136, 602, 326, 224, 488, 209, 126, 146, 
219, 717, 497, -468, -139, 607, 326, 224, 488, 214, 126, 146, 
219, 717, 497, -468, -139, 607, 326, 224, 488, 214, 126, 146, 
219, 717, 497, -468, -139, 607, 326, 224, 488, 214, 122, 146, 
219, 722, 502, -470, -141, 612, 322, 229, 483, 224, 131, 146, 
234, 732, 497, -483, -131, 614, 317, 229, 483, 224, 126, 141, 
234, 736, 502, -485, -134, 619, 317, 234, 483, 229, 126, 141, 
234, 741, 507, -488, -136, 624, 317, 234, 483, 229, 126, 146, 
234, 741, 507, -488, -136, 624, 322, 244, 483, 224, 126, 156, 
239, 741, 502, -490, -131, 622, 322, 244, 488, 224, 131, 156, 
239, 746, 507, -492, -134, 627, 322, 244, 497, 234, 131, 161, 
239, 746, 507, -492, -134, 627, 322, 244, 502, 234, 136, 161, 
229, 746, 517, -488, -143, 631, 317, 253, 507, 244, 136, 161, 
229, 746, 517, -488, -143, 631, 317, 258, 507, 248, 141, 165, 
234, 746, 512, -490, -139, 629, 312, 258, 512, 253, 151, 165, 
239, 751, 512, -495, -136, 631, 312, 263, 517, 258, 151, 165, 
248, 751, 502, -500, -126, 627, 302, 268, 517, 263, 146, 156, 
248, 761, 512, -505, -131, 636, 302, 268, 522, 263, 146, 165, 
248, 766, 517, -507, -134, 641, 302, 268, 527, 268, 146, 165, 
258, 771, 512, -514, -126, 641, 302, 278, 531, 278, 146, 175, 
258, 775, 517, -517, -129, 646, 312, 283, 531, 273, 146, 175, 
258, 785, 527, -522, -134, 656, 312, 287, 541, 273, 156, 175, 
263, 785, 522, -524, -129, 653, 312, 287, 546, 278, 161, 175, 
263, 785, 522, -524, -129, 653, 312, 287, 551, 283, 165, 180, 
273, 795, 522, -534, -124, 658, 312, 292, 551, 287, 175, 195, 
273, 800, 527, -536, -126, 663, 312, 292, 556, 292, 180, 195, 
278, 800, 522, -539, -122, 661, 312, 292, 561, 292, 185, 200, 
283, 805, 522, -544, -119, 663, 312, 292, 566, 297, 190, 200, 
273, 819, 546, -546, -136, 683, 302, 307, 575, 307, 190, 204, 
278, 824, 546, -551, -134, 685, 302, 307, 575, 312, 195, 209, 
278, 824, 546, -551, -134, 685, 307, 312, 575, 317, 195, 214, 
273, 829, 556, -551, -141, 692, 307, 312, 585, 322, 195, 219, 
283, 834, 551, -558, -134, 692, 307, 326, 580, 331, 200, 224, 
287, 839, 551, -563, -131, 695, 307, 326, 585, 331, 209, 229, 
297, 844, 546, -570, -124, 695, 307, 326, 585, 336, 219, 229, 
302, 854, 551, -578, -124, 702, 297, 326, 585, 336, 219, 234, 
307, 844, 536, -575, -114, 690, 307, 326, 585, 336, 224, 239, 
312, 849, 536, -580, -112, 692, 297, 322, 585, 341, 229, 244, 
312, 854, 541, -583, -114, 697, 292, 322, 585, 341, 229, 248, 
312, 858, 546, -585, -117, 702, 292, 322, 585, 341, 234, 248, 
322, 863, 541, -592, -109, 702, 292, 322, 585, 351, 234, 253, 
326, 868, 541, -597, -107, 705, 283, 317, 580, 351, 234, 253, 
326, 868, 541, -597, -107, 705, 283, 322, 580, 351, 239, 258, 
326, 868, 541, -597, -107, 705, 283, 336, 580, 351, 244, 258, 
331, 883, 551, -607, -109, 717, 283, 336, 580, 351, 248, 273, 
331, 883, 551, -607, -109, 717, 283, 331, 585, 356, 248, 278, 
322, 888, 566, -605, -122, 727, 278, 331, 585, 361, 248, 283, 
322, 888, 566, -605, -122, 727, 278, 326, 585, 361, 248, 283, 
322, 883, 561, -602, -119, 722, 278, 336, 585, 361, 253, 283, 
326, 883, 556, -605, -114, 719, 278, 331, 585, 356, 253, 283, 
331, 883, 551, -607, -109, 717, 278, 326, 575, 356, 248, 287, 
336, 883, 546, -610, -104, 714, 268, 322, 575, 356, 248, 287, 
336, 893, 556, -614, -109, 724, 258, 322, 570, 351, 258, 287, 
336, 893, 556, -614, -109, 724, 258, 322, 575, 351, 258, 287, 
336, 893, 556, -614, -109, 724, 253, 317, 570, 351, 258, 287, 
336, 893, 556, -614, -109, 724, 253, 312, 575, 351, 258, 287, 
326, 893, 566, -610, -119, 729, 268, 312, 566, 346, 258, 292, 
322, 893, 570, -607, -124, 732, 268, 307, 561, 341, 258, 292, 
322, 893, 570, -607, -124, 732, 268, 307, 561, 341, 258, 292, 
322, 893, 570, -607, -124, 732, 268, 307, 561, 346, 258, 292, 
331, 893, 561, -612, -114, 727, 258, 287, 556, 346, 258, 287, 
326, 888, 561, -607, -117, 724, 258, 287, 551, 346, 253, 287, 
326, 888, 561, -607, -117, 724, 263, 283, 546, 341, 253, 287, 
322, 888, 566, -605, -122, 727, 263, 283, 541, 336, 248, 287, 
322, 883, 561, -602, -119, 722, 273, 278, 541, 326, 248, 273, 
322, 883, 561, -602, -119, 722, 273, 268, 536, 326, 244, 273, 
317, 883, 566, -600, -124, 724, 273, 263, 531, 322, 244, 278, 
317, 883, 566, -600, -124, 724, 268, 253, 527, 317, 239, 278, 
312, 878, 566, -595, -126, 722, 258, 248, 522, 312, 229, 273, 
302, 878, 575, -590, -136, 727, 263, 244, 522, 312, 229, 273, 
297, 873, 575, -585, -139, 724, 263, 239, 522, 312, 229, 273, 
297, 873, 575, -585, -139, 724, 263, 234, 522, 312, 229, 273, 
292, 878, 585, -585, -146, 732, 253, 234, 522, 307, 234, 273, 
283, 878, 595, -580, -156, 736, 253, 234, 517, 302, 229, 258, 
283, 873, 590, -578, -153, 732, 253, 224, 512, 297, 219, 258, 
283, 863, 580, -573, -148, 722, 253, 209, 512, 292, 214, 248, 
268, 858, 590, -563, -161, 724, 263, 219, 497, 287, 209, 253, 
268, 854, 585, -561, -158, 719, 263, 214, 492, 283, 204, 253, 
263, 849, 585, -556, -161, 717, 268, 214, 488, 278, 204, 244, 
263, 844, 580, -553, -158, 712, 268, 204, 483, 273, 204, 239, 
268, 849, 580, -558, -156, 714, 268, 195, 468, 258, 190, 224, 
263, 844, 580, -553, -158, 712, 268, 190, 463, 258, 185, 224, 
258, 839, 580, -549, -161, 710, 273, 185, 463, 253, 185, 219, 
244, 834, 590, -539, -173, 712, 273, 185, 458, 253, 185, 214, 
239, 829, 590, -534, -175, 710, 268, 180, 458, 258, 170, 209, 
234, 824, 590, -529, -178, 707, 273, 180, 453, 253, 165, 204, 
234, 814, 580, -524, -173, 697, 283, 175, 448, 248, 161, 200, 
224, 814, 590, -519, -183, 702, 283, 175, 444, 248, 151, 195, 
224, 814, 590, -519, -183, 702, 273, 180, 444, 239, 146, 200, 
224, 814, 590, -519, -183, 702, 283, 175, 434, 229, 146, 195, 
224, 810, 585, -517, -180, 697, 283, 175, 434, 229, 146, 190, 
219, 805, 585, -512, -183, 695, 273, 170, 429, 224, 146, 185, 
209, 805, 595, -507, -192, 700, 283, 170, 424, 209, 156, 175, 
209, 800, 590, -505, -190, 695, 287, 170, 424, 209, 156, 170, 
200, 795, 595, -497, -197, 695, 287, 170, 419, 204, 151, 170, 
200, 790, 590, -495, -195, 690, 287, 170, 419, 204, 146, 170, 
214, 800, 585, -507, -185, 692, 292, 170, 419, 209, 131, 180, 
214, 800, 585, -507, -185, 692, 292, 170, 419, 204, 131, 175, 
214, 795, 580, -505, -183, 688, 292, 175, 414, 204, 131, 175, 
209, 790, 580, -500, -185, 685, 297, 175, 409, 204, 126, 170, 
204, 790, 585, -497, -190, 688, 302, 180, 400, 200, 136, 175, 
204, 790, 585, -497, -190, 688, 302, 180, 400, 200, 136, 175, 
200, 790, 590, -495, -195, 690, 302, 180, 400, 200, 136, 180, 
200, 790, 590, -495, -195, 690, 302, 180, 400, 200, 136, 180, 
200, 785, 585, -492, -192, 685, 302, 180, 400, 190, 131, 170, 
200, 780, 580, -490, -190, 680, 307, 180, 400, 190, 131, 170, 
200, 780, 580, -490, -190, 680, 307, 180, 400, 190, 131, 170, 
204, 775, 570, -490, -183, 673, 307, 180, 400, 190, 131, 165, 
195, 785, 590, -490, -197, 688, 317, 185, 400, 195, 131, 165, 
195, 780, 585, -488, -195, 683, 317, 185, 400, 195, 131, 165, 
195, 780, 585, -488, -195, 683, 317, 175, 395, 195, 131, 170, 
195, 780, 585, -488, -195, 683, 317, 170, 395, 195, 136, 170, 
195, 780, 585, -488, -195, 683, 307, 170, 385, 195, 126, 170, 
195, 780, 585, -488, -195, 683, 307, 180, 385, 200, 126, 170, 
195, 775, 580, -485, -192, 678, 312, 185, 390, 200, 126, 170, 
195, 775, 580, -485, -192, 678, 312, 190, 390, 195, 126, 170, 
200, 775, 575, -488, -187, 675, 307, 180, 395, 195, 122, 165, 
204, 780, 575, -492, -185, 678, 307, 180, 395, 195, 122, 165, 
209, 790, 580, -500, -185, 685, 307, 180, 395, 195, 126, 165, 
214, 795, 580, -505, -183, 688, 307, 180, 395, 200, 126, 165, 
200, 795, 595, -497, -197, 695, 297, 185, 405, 200, 126, 165, 
200, 800, 600, -500, -200, 700, 297, 185, 405, 200, 122, 165, 
200, 800, 600, -500, -200, 700, 302, 185, 405, 195, 122, 165, 
204, 800, 595, -502, -195, 697, 302, 185, 405, 195, 122, 165, 
204, 790, 585, -497, -190, 688, 307, 175, 405, 200, 122, 175, 
209, 790, 580, -500, -185, 685, 307, 180, 405, 200, 126, 175, 
209, 790, 580, -500, -185, 685, 302, 180, 405, 200, 126, 180, 
209, 800, 590, -505, -190, 695, 302, 180, 405, 200, 126, 180, 
200, 800, 600, -500, -200, 700, 302, 190, 400, 190, 126, 170, 
200, 800, 600, -500, -200, 700, 302, 190, 400, 190, 126, 170, 
200, 800, 600, -500, -200, 700, 302, 190, 400, 195, 126, 170, 
200, 805, 605, -502, -202, 705, 302, 190, 400, 195, 126, 170, 
209, 800, 590, -505, -190, 695, 302, 190, 400, 204, 126, 170, 
209, 810, 600, -509, -195, 705, 302, 190, 400, 200, 126, 170, 
209, 810, 600, -509, -195, 705, 302, 190, 400, 200, 126, 170, 
209, 810, 600, -509, -195, 705, 302, 190, 400, 204, 126, 170, 
219, 814, 595, -517, -187, 705, 302, 190, 409, 204, 126, 180, 
219, 814, 595, -517, -187, 705, 302, 190, 409, 204, 126, 180, 
219, 814, 595, -517, -187, 705, 302, 190, 409, 204, 126, 180, 
219, 824, 605, -522, -192, 714, 302, 185, 409, 204, 126, 180, 
214, 824, 610, -519, -197, 717, 307, 195, 409, 204, 126, 180, 
209, 824, 614, -517, -202, 719, 312, 195, 414, 204, 131, 180, 
204, 829, 624, -517, -209, 727, 317, 195, 414, 209, 131, 180, 
200, 829, 629, -514, -214, 729, 322, 195, 414, 209, 131, 180, 
200, 824, 624, -512, -212, 724, 312, 195, 414, 204, 141, 190, 
200, 824, 624, -512, -212, 724, 312, 195, 414, 204, 141, 195, 
200, 824, 624, -512, -212, 724, 312, 200, 414, 209, 141, 195, 
200, 824, 624, -512, -212, 724, 312, 200, 419, 209, 141, 195, 
209, 824, 614, -517, -202, 719, 302, 195, 419, 209, 151, 195, 
209, 829, 619, -519, -204, 724, 302, 195, 414, 209, 151, 195, 
209, 829, 619, -519, -204, 724, 302, 195, 409, 209, 151, 195, 
209, 829, 619, -519, -204, 724, 302, 190, 405, 209, 151, 195, 
219, 834, 614, -527, -197, 724, 302, 190, 414, 209, 141, 185, 
219, 839, 619, -529, -200, 729, 302, 190, 414, 209, 141, 190, 
219, 844, 624, -531, -202, 734, 302, 195, 414, 214, 151, 190, 
219, 844, 624, -531, -202, 734, 302, 204, 414, 219, 151, 190, 
209, 854, 644, -531, -217, 749, 302, 214, 414, 214, 151, 195, 
214, 854, 639, -534, -212, 746, 297, 209, 414, 214, 151, 195, 
214, 854, 639, -534, -212, 746, 297, 204, 409, 204, 146, 190, 
214, 854, 639, -534, -212, 746, 297, 185, 409, 204, 146, 190, 
209, 844, 634, -527, -212, 739, 292, 195, 419, 219, 146, 204, 
209, 849, 639, -529, -214, 744, 292, 190, 419, 219, 146, 204, 
214, 849, 634, -531, -209, 741, 292, 185, 419, 219, 146, 204, 
214, 849, 634, -531, -209, 741, 297, 185, 419, 219, 146, 204, 
214, 854, 639, -534, -212, 746, 297, 195, 419, 219, 156, 204, 
214, 854, 639, -534, -212, 746, 297, 195, 419, 219, 156, 204, 
214, 858, 644, -536, -214, 751, 297, 195, 419, 219, 156, 204, 
214, 863, 649, -539, -217, 756, 302, 200, 419, 219, 156, 204, 
214, 854, 639, -534, -212, 746, 302, 209, 409, 229, 156, 195, 
219, 854, 634, -536, -207, 744, 302, 204, 409, 224, 156, 200, 
219, 854, 634, -536, -207, 744, 302, 204, 409, 224, 156, 200, 
219, 858, 639, -539, -209, 749, 307, 204, 405, 224, 151, 200, 
219, 868, 649, -544, -214, 758, 297, 204, 395, 214, 151, 200, 
219, 868, 649, -544, -214, 758, 297, 204, 400, 214, 151, 200, 
219, 868, 649, -544, -214, 758, 297, 204, 400, 214, 151, 200, 
219, 868, 649, -544, -214, 758, 297, 204, 395, 214, 151, 200, 
214, 868, 653, -541, -219, 761, 297, 214, 405, 214, 161, 209, 
214, 868, 653, -541, -219, 761, 292, 219, 400, 214, 161, 209, 
214, 868, 653, -541, -219, 761, 292, 219, 400, 214, 161, 209, 
214, 868, 653, -541, -219, 761, 287, 214, 405, 214, 161, 219, 
214, 868, 653, -541, -219, 761, 287, 214, 405, 214, 161, 214, 
214, 868, 653, -541, -219, 761, 287, 219, 405, 214, 161, 209, 
219, 868, 649, -544, -214, 758, 287, 219, 405, 214, 161, 200, 
219, 868, 649, -544, -214, 758, 287, 214, 405, 214, 161, 195, 
214, 878, 663, -546, -224, 771, 283, 214, 405, 224, 151, 204, 
214, 878, 663, -546, -224, 771, 283, 219, 405, 224, 151, 204, 
214, 878, 663, -546, -224, 771, 283, 219, 405, 219, 151, 204, 
214, 878, 663, -546, -224, 771, 283, 219, 400, 219, 151, 204, 
214, 873, 658, -544, -222, 766, 292, 219, 400, 209, 151, 204, 
214, 873, 658, -544, -222, 766, 292, 214, 400, 209, 151, 204, 
214, 873, 658, -544, -222, 766, 292, 214, 400, 204, 151, 204, 
214, 873, 658, -544, -222, 766, 292, 214, 400, 204, 151, 204, 
204, 868, 663, -536, -229, 766, 302, 224, 390, 204, 151, 214, 
204, 868, 663, -536, -229, 766, 302, 219, 390, 204, 146, 214, 
204, 863, 658, -534, -226, 761, 302, 219, 390, 200, 146, 214, 
204, 863, 658, -534, -226, 761, 302, 224, 385, 200, 151, 214, 
209, 873, 663, -541, -226, 768, 302, 214, 375, 200, 151, 204, 
214, 873, 658, -544, -222, 766, 302, 214, 375, 200, 151, 204, 
219, 873, 653, -546, -217, 763, 302, 214, 380, 200, 151, 204, 
209, 873, 663, -541, -226, 768, 302, 214, 380, 200, 151, 200, 
214, 883, 668, -549, -226, 775, 292, 214, 380, 200, 151, 200, 
214, 878, 663, -546, -224, 771, 292, 214, 380, 200, 146, 200, 
214, 878, 663, -546, -224, 771, 292, 209, 380, 190, 146, 200, 
219, 878, 658, -549, -219, 768, 292, 209, 375, 190, 146, 200, 
229, 878, 649, -553, -209, 763, 292, 224, 380, 200, 146, 200, 
224, 878, 653, -551, -214, 766, 292, 224, 380, 200, 146, 200, 
219, 878, 658, -549, -219, 768, 292, 219, 375, 200, 146, 200, 
214, 878, 663, -546, -224, 771, 292, 219, 375, 200, 146, 195, 
229, 878, 649, -553, -209, 763, 297, 224, 375, 200, 146, 204, 
234, 878, 644, -556, -204, 761, 302, 224, 375, 195, 141, 195, 
219, 878, 658, -549, -219, 768, 302, 224, 375, 195, 141, 195, 
224, 878, 653, -551, -214, 766, 302, 224, 375, 195, 141, 200, 
214, 888, 673, -551, -229, 780, 302, 224, 370, 190, 141, 200, 
219, 888, 668, -553, -224, 778, 302, 219, 370, 190, 141, 195, 
234, 888, 653, -561, -209, 771, 297, 219, 370, 190, 141, 195, 
234, 888, 653, -561, -209, 771, 297, 219, 370, 190, 141, 195, 
229, 888, 658, -558, -214, 773, 297, 214, 361, 180, 131, 185, 
229, 888, 658, -558, -214, 773, 297, 214, 361, 180, 131, 185, 
224, 888, 663, -556, -219, 775, 297, 214, 361, 180, 131, 190, 
224, 888, 663, -556, -219, 775, 297, 219, 366, 180, 136, 190, 
224, 888, 663, -556, -219, 775, 297, 219, 366, 190, 146, 195, 
224, 893, 668, -558, -222, 780, 297, 224, 366, 190, 141, 200, 
224, 893, 668, -558, -222, 780, 297, 224, 361, 190, 141, 204, 
224, 893, 668, -558, -222, 780, 297, 224, 361, 190, 141, 209, 
229, 888, 658, -558, -214, 773, 287, 224, 361, 190, 141, 209, 
229, 888, 658, -558, -214, 773, 287, 224, 361, 190, 141, 204, 
229, 883, 653, -556, -212, 768, 292, 224, 361, 190, 141, 204, 
229, 883, 653, -556, -212, 768, 292, 224, 361, 190, 141, 209, 
219, 883, 663, -551, -222, 773, 302, 234, 361, 190, 136, 209, 
219, 883, 663, -551, -222, 773, 302, 234, 361, 190, 136, 209, 
224, 883, 658, -553, -217, 771, 302, 234, 361, 190, 136, 209, 
224, 883, 658, -553, -217, 771, 302, 229, 361, 190, 141, 204, 
224, 893, 668, -558, -222, 780, 312, 239, 351, 180, 141, 204, 
224, 897, 673, -561, -224, 785, 307, 239, 346, 180, 141, 204, 
224, 897, 673, -561, -224, 785, 307, 239, 346, 180, 141, 204, 
224, 897, 673, -561, -224, 785, 307, 239, 346, 180, 141, 204, 
224, 907, 683, -566, -229, 795, 302, 234, 356, 180, 141, 200, 
224, 907, 683, -566, -229, 795, 297, 234, 356, 180, 141, 195, 
224, 907, 683, -566, -229, 795, 292, 234, 356, 180, 146, 195, 
224, 907, 683, -566, -229, 795, 287, 229, 356, 180, 146, 195, 
224, 907, 683, -566, -229, 795, 287, 239, 366, 190, 146, 195, 
224, 907, 683, -566, -229, 795, 287, 239, 366, 195, 141, 204, 
224, 907, 683, -566, -229, 795, 287, 244, 366, 195, 141, 204, 
224, 907, 683, -566, -229, 795, 287, 244, 366, 190, 141, 200, 
204, 897, 692, -551, -244, 795, 292, 244, 356, 190, 136, 190, 
209, 897, 688, -553, -239, 793, 297, 244, 356, 190, 136, 195, 
219, 897, 678, -558, -229, 788, 302, 244, 356, 190, 136, 195, 
224, 897, 673, -561, -224, 785, 312, 244, 356, 190, 131, 200, 
234, 907, 673, -570, -219, 790, 312, 234, 346, 180, 131, 200, 
234, 907, 673, -570, -219, 790, 307, 234, 346, 175, 131, 200, 
239, 907, 668, -573, -214, 788, 302, 234, 346, 175, 131, 195, 
239, 907, 668, -573, -214, 788, 297, 234, 346, 175, 131, 195, 
234, 917, 683, -575, -224, 800, 297, 244, 346, 175, 136, 200, 
229, 917, 688, -573, -229, 802, 297, 244, 346, 175, 136, 200, 
239, 917, 678, -578, -219, 797, 297, 244, 351, 175, 141, 195, 
234, 917, 683, -575, -224, 800, 297, 239, 351, 175, 141, 195, 
234, 917, 683, -575, -224, 800, 297, 244, 351, 175, 131, 200, 
234, 917, 683, -575, -224, 800, 297, 244, 341, 175, 131, 200, 
234, 917, 683, -575, -224, 800, 297, 244, 341, 175, 131, 200, 
234, 917, 683, -575, -224, 800, 297, 244, 346, 175, 131, 204, 
224, 917, 692, -570, -234, 805, 307, 244, 336, 175, 141, 195, 
224, 917, 692, -570, -234, 805, 307, 248, 341, 175, 141, 200, 
224, 917, 692, -570, -234, 805, 307, 248, 341, 175, 141, 200, 
224, 917, 692, -570, -234, 805, 307, 248, 341, 180, 141, 200, 
224, 917, 692, -570, -234, 805, 297, 258, 351, 180, 141, 209, 
224, 922, 697, -573, -236, 810, 297, 258, 351, 180, 141, 209, 
224, 922, 697, -573, -236, 810, 297, 258, 351, 180, 146, 209, 
224, 922, 697, -573, -236, 810, 297, 258, 351, 180, 146, 209, 
224, 917, 692, -570, -234, 805, 297, 253, 336, 175, 141, 209, 
224, 917, 692, -570, -234, 805, 297, 253, 336, 175, 141, 209, 
224, 917, 692, -570, -234, 805, 297, 253, 341, 175, 146, 209, 
224, 917, 692, -570, -234, 805, 297, 253, 341, 180, 141, 214, 
234, 927, 692, -580, -229, 810, 297, 253, 341, 170, 136, 204, 
224, 927, 702, -575, -239, 814, 297, 253, 341, 170, 141, 204, 
214, 932, 717, -573, -251, 824, 292, 253, 341, 175, 151, 204, 
214, 936, 722, -575, -253, 829, 302, 253, 351, 185, 146, 214, 
224, 946, 722, -585, -248, 834, 302, 253, 361, 190, 161, 224, 
224, 956, 732, -590, -253, 844, 302, 253, 361, 195, 165, 224, 
224, 966, 741, -595, -258, 854, 302, 253, 361, 200, 170, 224, 
224, 976, 751, -600, -263, 863, 302, 253, 361, 204, 175, 224, 
234, 980, 746, -607, -256, 863, 292, 244, 370, 204, 165, 229, 
234, 985, 751, -610, -258, 868, 292, 244, 370, 209, 170, 229, 
234, 990, 756, -612, -261, 873, 292, 248, 375, 214, 175, 234, 
234, 990, 756, -612, -261, 873, 292, 248, 380, 214, 175, 234, 
239, 995, 756, -617, -258, 875, 283, 248, 380, 219, 175, 244, 
239, 1000, 761, -619, -261, 880, 283, 248, 380, 219, 175, 234, 
239, 1000, 761, -619, -261, 880, 283, 239, 375, 214, 175, 234, 
239, 1000, 761, -619, -261, 880, 278, 239, 375, 214, 175, 234, 
239, 1005, 766, -622, -263, 885, 278, 239, 375, 224, 185, 239, 
239, 1005, 766, -622, -263, 885, 283, 239, 375, 224, 185, 239, 
239, 1005, 766, -622, -263, 885, 283, 239, 375, 219, 185, 239, 
239, 1005, 766, -622, -263, 885, 283, 244, 375, 219, 185, 239, 
239, 995, 756, -617, -258, 875, 292, 253, 375, 219, 175, 234, 
239, 1005, 766, -622, -263, 885, 292, 248, 380, 224, 185, 239, 
239, 1019, 780, -629, -270, 900, 292, 244, 380, 224, 190, 244, 
244, 1029, 785, -636, -270, 907, 287, 244, 380, 224, 195, 244, 
244, 1044, 800, -644, -278, 922, 278, 234, 390, 244, 190, 248, 
244, 1063, 819, -653, -287, 941, 278, 229, 409, 253, 195, 253, 
248, 1083, 834, -666, -292, 958, 263, 219, 414, 263, 204, 258, 
258, 1093, 834, -675, -287, 963, 258, 214, 419, 263, 209, 268, 
253, 1088, 834, -671, -290, 961, 248, 219, 409, 263, 219, 278, 
253, 1088, 834, -671, -290, 961, 244, 219, 405, 258, 224, 283, 
263, 1088, 824, -675, -280, 956, 248, 219, 405, 258, 224, 283, 
268, 1088, 819, -678, -275, 954, 248, 224, 400, 253, 219, 278, 
258, 1068, 810, -663, -275, 939, 248, 234, 395, 248, 224, 283, 
258, 1049, 790, -653, -265, 919, 248, 239, 380, 239, 219, 283, 
258, 1044, 785, -651, -263, 915, 253, 244, 375, 229, 214, 278, 
253, 1034, 780, -644, -263, 907, 253, 253, 361, 224, 204, 273, 
253, 1024, 771, -639, -258, 897, 248, 244, 351, 219, 190, 253, 
258, 1024, 766, -641, -253, 895, 248, 244, 351, 214, 190, 253, 
263, 1019, 756, -641, -246, 888, 248, 248, 351, 214, 190, 253, 
273, 1019, 746, -646, -236, 883, 253, 258, 356, 214, 190, 258, 
278, 1019, 741, -649, -231, 880, 244, 258, 356, 214, 190, 263, 
278, 1019, 741, -649, -231, 880, 244, 258, 351, 214, 190, 263, 
278, 1024, 746, -651, -234, 885, 244, 253, 351, 214, 190, 263, 
273, 1034, 761, -653, -244, 897, 248, 253, 356, 214, 190, 263, 
263, 1024, 761, -644, -248, 893, 258, 263, 366, 219, 195, 263, 
258, 1019, 761, -639, -251, 890, 273, 268, 366, 219, 195, 263, 
258, 1019, 761, -639, -251, 890, 278, 278, 366, 219, 190, 258, 
244, 1015, 771, -629, -263, 893, 283, 283, 366, 219, 185, 258, 
239, 995, 756, -617, -258, 875, 302, 273, 356, 204, 175, 234, 
234, 990, 756, -612, -261, 873, 307, 268, 351, 200, 165, 229, 
229, 980, 751, -605, -261, 866, 307, 263, 341, 190, 161, 224, 
229, 971, 741, -600, -256, 856, 307, 263, 331, 180, 151, 219, 
224, 966, 741, -595, -258, 854, 297, 273, 322, 170, 151, 219, 
224, 956, 732, -590, -253, 844, 292, 278, 312, 165, 141, 214, 
224, 946, 722, -585, -248, 834, 292, 278, 307, 161, 136, 214, 
229, 946, 717, -588, -244, 832, 292, 278, 307, 161, 136, 209, 
239, 956, 717, -597, -239, 836, 292, 278, 307, 161, 136, 214, 
239, 956, 717, -597, -239, 836, 287, 278, 307, 156, 136, 214, 
239, 956, 717, -597, -239, 836, 287, 278, 307, 156, 136, 214, 
239, 956, 717, -597, -239, 836, 292, 278, 307, 156, 136, 214, 
239, 956, 717, -597, -239, 836, 307, 287, 297, 156, 136, 209, 
239, 956, 717, -597, -239, 836, 307, 287, 302, 156, 136, 200, 
239, 951, 712, -595, -236, 832, 307, 287, 302, 156, 136, 195, 
239, 951, 712, -595, -236, 832, 307, 287, 297, 156, 136, 195, 
234, 951, 717, -592, -241, 834, 297, 287, 292, 151, 136, 204, 
234, 951, 717, -592, -241, 834, 297, 292, 292, 151, 131, 204, 
234, 951, 717, -592, -241, 834, 297, 292, 292, 151, 131, 204, 
229, 951, 722, -590, -246, 836, 297, 292, 297, 151, 131, 200, 
229, 951, 722, -590, -246, 836, 302, 292, 297, 151, 122, 200, 
229, 946, 717, -588, -244, 832, 302, 292, 297, 151, 117, 200, 
229, 946, 717, -588, -244, 832, 302, 297, 297, 156, 117, 200, 
229, 946, 717, -588, -244, 832, 307, 297, 297, 165, 117, 200, 
224, 951, 727, -588, -251, 839, 302, 297, 307, 156, 131, 209, 
224, 951, 727, -588, -251, 839, 297, 297, 307, 156, 131, 209, 
224, 951, 727, -588, -251, 839, 297, 302, 302, 151, 126, 204, 
224, 951, 727, -588, -251, 839, 292, 302, 302, 146, 126, 204, 
224, 951, 727, -588, -251, 839, 297, 302, 292, 146, 126, 204, 
224, 951, 727, -588, -251, 839, 297, 302, 292, 151, 126, 204, 
224, 951, 727, -588, -251, 839, 297, 302, 292, 151, 126, 204, 
224, 951, 727, -588, -251, 839, 297, 307, 297, 151, 126, 204, 
224, 951, 727, -588, -251, 839, 312, 317, 297, 151, 126, 195, 
224, 951, 727, -588, -251, 839, 317, 312, 297, 151, 126, 195, 
219, 951, 732, -585, -256, 841, 317, 312, 292, 151, 126, 200, 
219, 951, 732, -585, -256, 841, 317, 312, 292, 146, 126, 200, 
229, 961, 732, -595, -251, 846, 326, 322, 292, 146, 126, 190, 
224, 961, 736, -592, -256, 849, 326, 322, 292, 146, 117, 185, 
214, 961, 746, -588, -265, 854, 331, 317, 302, 146, 122, 180, 
214, 951, 736, -583, -261, 844, 331, 331, 302, 141, 112, 175, 
219, 951, 732, -585, -256, 841, 336, 336, 302, 131, 107, 175, 
219, 951, 732, -585, -256, 841, 336, 341, 302, 131, 92, 175, 
204, 922, 717, -563, -256, 819, 361, 356, 302, 122, 78, 156, 
204, 893, 688, -549, -241, 790, 385, 385, 292, 97, 43, 117, 
195, 868, 673, -531, -239, 771, 434, 429, 292, 63, -4, 68, 
175, 829, 653, -502, -239, 741, 488, 478, 307, 48, -48, 14, 
165, 810, 644, -488, -239, 727, 551, 531, 346, 39, -78, -29, 
165, 790, 624, -478, -229, 707, 585, 575, 361, 19, -112, -73, 
185, 819, 634, -502, -224, 727, 590, 614, 400, 39, -112, -73, 
204, 883, 678, -544, -236, 780, 580, 614, 468, 102, -58, -29, 
234, 966, 732, -600, -248, 849, 541, 595, 536, 175, 14, 43, 
287, 1039, 751, -663, -231, 895, 492, 580, 595, 263, 107, 122, 
361, 1137, 775, -749, -207, 956, 434, 566, 678, 375, 229, 248, 
429, 1263, 834, -846, -202, 1049, 370, 556, 800, 536, 385, 395, 
517, 1395, 878, -956, -180, 1137, 307, 551, 922, 702, 556, 551, 
634, 1551, 917, -1093, -141, 1234, 209, 531, 1049, 888, 751, 732, 
736, 1732, 995, -1234, -129, 1363, 87, 473, 1161, 1093, 971, 946, 
795, 1903, 1107, -1349, -156, 1505, -48, 317, 1205, 1283, 1185, 1171, 
795, 2069, 1273, -1432, -239, 1671, -185, 112, 1171, 1410, 1381, 1390, 
785, 2230, 1444, -1507, -329, 1837, -341, -141, 1073, 1498, 1561, 1595, 
756, 2357, 1600, -1556, -422, 1978, -473, -380, 1019, 1576, 1717, 1756, 
712, 2376, 1664, -1544, -475, 2020, -536, -531, 1039, 1664, 1805, 1854, 
653, 2293, 1639, -1473, -492, 1966, -517, -580, 1078, 1722, 1830, 1873, 
614, 2181, 1566, -1398, -475, 1873, -473, -570, 1044, 1673, 1771, 1830, 
580, 2020, 1439, -1300, -429, 1729, -414, -522, 878, 1493, 1595, 1693, 
522, 1878, 1356, -1200, -417, 1617, -356, -478, 653, 1210, 1351, 1488, 
439, 1800, 1361, -1119, -461, 1581, -317, -458, 444, 907, 1117, 1288, 
331, 1737, 1405, -1034, -536, 1571, -283, -448, 224, 614, 888, 1088, 
258, 1581, 1322, -919, -531, 1451, -200, -390, 14, 346, 629, 849, 
200, 1351, 1151, -775, -475, 1251, -73, -273, -136, 122, 380, 590, 
141, 1146, 1005, -644, -431, 1076, 34, -131, -253, -63, 180, 380, 
117, 980, 863, -549, -373, 922, 112, -24, -312, -161, 63, 253, 
122, 893, 771, -507, -324, 832, 170, 63, -302, -190, 0, 190, 
122, 858, 736, -490, -307, 797, 200, 126, -268, -190, -34, 156, 
122, 883, 761, -502, -319, 822, 190, 136, -244, -185, -34, 131, 
136, 922, 785, -529, -324, 854, 165, 136, -204, -146, -9, 146, 
156, 980, 824, -568, -334, 902, 165, 141, -122, -73, 34, 165, 
161, 1029, 868, -595, -353, 949, 180, 161, -34, 4, 87, 200, 
180, 1063, 883, -622, -351, 973, 195, 185, 58, 63, 117, 219, 
200, 1083, 883, -641, -341, 983, 195, 204, 131, 102, 126, 229, 
209, 1083, 873, -646, -331, 978, 209, 219, 195, 122, 126, 229, 
224, 1088, 863, -656, -319, 976, 214, 244, 239, 136, 136, 229, 
229, 1088, 858, -658, -314, 973, 239, 278, 273, 136, 136, 224, 
239, 1088, 849, -663, -305, 968, 248, 302, 283, 141, 141, 224, 
244, 1078, 834, -661, -295, 956, 273, 312, 283, 146, 141, 224, 
248, 1078, 829, -663, -290, 954, 287, 322, 283, 161, 141, 219, 
239, 1063, 824, -651, -292, 944, 307, 336, 287, 161, 141, 219, 
248, 1044, 795, -646, -273, 919, 317, 361, 292, 170, 141, 209, 
253, 1039, 785, -646, -265, 912, 331, 375, 312, 165, 136, 195, 
253, 1039, 785, -646, -265, 912, 336, 385, 326, 175, 136, 209, 
248, 1039, 790, -644, -270, 915, 331, 385, 341, 175, 126, 204, 
248, 1039, 790, -644, -270, 915, 326, 390, 341, 175, 126, 200, 
248, 1039, 790, -644, -270, 915, 322, 390, 346, 175, 126, 200, 
258, 1044, 785, -651, -263, 915, 317, 390, 351, 175, 126, 200, 
258, 1049, 790, -653, -265, 919, 322, 380, 341, 175, 131, 204, 
258, 1049, 790, -653, -265, 919, 331, 385, 341, 185, 136, 209, 
258, 1049, 790, -653, -265, 919, 336, 385, 341, 190, 146, 219, 
258, 1044, 785, -651, -263, 915, 346, 390, 346, 190, 151, 224, 
268, 1034, 766, -651, -248, 900, 346, 395, 351, 190, 151, 214, 
268, 1039, 771, -653, -251, 905, 346, 400, 351, 190, 146, 214, 
273, 1039, 766, -656, -246, 902, 346, 400, 356, 190, 146, 214, 
273, 1039, 766, -656, -246, 902, 346, 400, 361, 190, 146, 214, 
273, 1044, 771, -658, -248, 907, 341, 409, 361, 195, 136, 204, 
273, 1049, 775, -661, -251, 912, 331, 409, 361, 195, 136, 204, 
273, 1054, 780, -663, -253, 917, 326, 409, 361, 195, 141, 209, 
278, 1058, 780, -668, -251, 919, 322, 409, 361, 195, 141, 209, 
273, 1063, 790, -668, -258, 927, 326, 405, 366, 209, 151, 214, 
268, 1063, 795, -666, -263, 929, 331, 405, 370, 209, 156, 219, 
268, 1063, 795, -666, -263, 929, 341, 409, 370, 214, 156, 224, 
268, 1063, 795, -666, -263, 929, 346, 414, 380, 214, 156, 229, 
278, 1058, 780, -668, -251, 919, 356, 424, 380, 214, 165, 234, 
273, 1058, 785, -666, -256, 922, 356, 424, 375, 214, 165, 234, 
273, 1058, 785, -666, -256, 922, 361, 424, 375, 214, 170, 234, 
273, 1058, 785, -666, -256, 922, 361, 424, 380, 219, 170, 234, 
278, 1063, 785, -671, -253, 924, 356, 414, 380, 214, 165, 224, 
283, 1068, 785, -675, -251, 927, 351, 414, 380, 214, 165, 224, 
292, 1073, 780, -683, -244, 927, 346, 419, 385, 214, 170, 224, 
297, 1073, 775, -685, -239, 924, 341, 419, 385, 219, 170, 224, 
283, 1078, 795, -680, -256, 936, 331, 419, 385, 229, 180, 229, 
283, 1078, 795, -680, -256, 936, 331, 419, 390, 229, 185, 229, 
283, 1078, 795, -680, -256, 936, 331, 419, 390, 229, 185, 229, 
287, 1078, 790, -683, -251, 934, 331, 424, 390, 234, 180, 229, 
287, 1088, 800, -688, -256, 944, 331, 429, 395, 239, 195, 239, 
287, 1088, 800, -688, -256, 944, 331, 434, 395, 244, 204, 239, 
283, 1093, 810, -688, -263, 951, 336, 439, 395, 248, 209, 239, 
283, 1098, 814, -690, -265, 956, 336, 444, 395, 258, 214, 239, 
273, 1088, 814, -680, -270, 951, 336, 444, 400, 258, 214, 244, 
273, 1093, 819, -683, -273, 956, 341, 444, 400, 258, 219, 244, 
268, 1093, 824, -680, -278, 958, 346, 444, 400, 258, 219, 244, 
258, 1093, 834, -675, -287, 963, 351, 444, 405, 258, 219, 244, 
244, 1098, 854, -671, -305, 976, 356, 444, 414, 273, 229, 268, 
234, 1098, 863, -666, -314, 980, 356, 444, 419, 273, 234, 278, 
224, 1098, 873, -661, -324, 985, 351, 448, 419, 278, 244, 287, 
219, 1098, 878, -658, -329, 988, 351, 448, 419, 283, 263, 297, 
146, 1112, 966, -629, -409, 1039, 380, 463, 458, 317, 297, 317, 
82, 1112, 1029, -597, -473, 1071, 405, 478, 483, 341, 336, 322, 
19, 1112, 1093, -566, -536, 1102, 429, 497, 507, 370, 370, 326, 
-43, 1117, 1161, -536, -602, 1139, 458, 512, 527, 395, 405, 331, 
-39, 1112, 1151, -536, -595, 1132, 444, 492, 527, 385, 385, 326, 
-29, 1107, 1137, -539, -583, 1122, 439, 483, 522, 375, 366, 326, 
-19, 1102, 1122, -541, -570, 1112, 429, 473, 517, 366, 346, 322, 
-14, 1098, 1112, -541, -563, 1105, 424, 463, 512, 361, 331, 322, 
-29, 1112, 1141, -541, -585, 1127, 439, 468, 517, 361, 322, 326, 
-43, 1117, 1161, -536, -602, 1139, 448, 473, 522, 366, 322, 326, 
-58, 1117, 1176, -529, -617, 1146, 458, 478, 522, 366, 322, 326, 
-68, 1117, 1185, -524, -627, 1151, 463, 483, 522, 366, 326, 331, 
-19, 1117, 1137, -549, -578, 1127, 439, 463, 507, 341, 312, 312, 
14, 1117, 1102, -566, -544, 1110, 424, 448, 497, 331, 292, 302, 
48, 1112, 1063, -580, -507, 1088, 409, 434, 488, 317, 273, 292, 
82, 1107, 1024, -595, -470, 1066, 395, 419, 478, 302, 248, 283, 
234, 1122, 888, -678, -326, 1005, 346, 405, 419, 258, 190, 229, 
400, 1132, 732, -766, -165, 932, 297, 395, 375, 214, 136, 170, 
551, 1137, 585, -844, -17, 861, 253, 390, 331, 175, 87, 117, 
702, 1141, 439, -922, 131, 790, 209, 380, 287, 131, 39, 68, 
649, 1161, 512, -905, 68, 836, 244, 414, 312, 165, 73, 131, 
600, 1171, 570, -885, 14, 871, 263, 439, 341, 185, 102, 185, 
546, 1185, 639, -866, -46, 912, 283, 463, 375, 214, 126, 244, 
492, 1195, 702, -844, -104, 949, 302, 488, 405, 234, 156, 297, 
507, 1185, 678, -846, -85, 932, 292, 468, 400, 234, 161, 253, 
512, 1185, 673, -849, -80, 929, 287, 453, 400, 239, 170, 224, 
522, 1185, 663, -854, -70, 924, 278, 434, 405, 244, 185, 190, 
531, 1190, 658, -861, -63, 924, 273, 419, 409, 248, 190, 156, 
517, 1200, 683, -858, -82, 941, 268, 439, 409, 258, 200, 180, 
512, 1210, 697, -861, -92, 954, 263, 453, 414, 263, 204, 214, 
507, 1215, 707, -861, -100, 961, 258, 468, 419, 273, 209, 239, 
512, 1220, 707, -866, -97, 963, 253, 492, 424, 287, 214, 273, 
468, 1234, 766, -851, -148, 1000, 253, 522, 448, 312, 253, 258, 
434, 1244, 810, -839, -187, 1027, 253, 541, 473, 331, 292, 253, 
405, 1244, 839, -824, -217, 1041, 253, 556, 492, 356, 326, 248, 
370, 1244, 873, -807, -251, 1058, 253, 570, 512, 380, 361, 248, 
356, 1254, 897, -805, -270, 1076, 263, 556, 502, 375, 336, 229, 
351, 1259, 907, -805, -278, 1083, 273, 536, 507, 370, 317, 214, 
351, 1259, 907, -805, -278, 1083, 283, 517, 512, 361, 297, 204, 
351, 1263, 912, -807, -280, 1088, 292, 497, 517, 356, 278, 190, 
331, 1263, 932, -797, -300, 1098, 307, 517, 502, 341, 253, 214, 
326, 1263, 936, -795, -305, 1100, 312, 522, 497, 341, 234, 239, 
317, 1259, 941, -788, -312, 1100, 322, 531, 492, 341, 209, 263, 
302, 1259, 956, -780, -326, 1107, 326, 536, 497, 341, 185, 287, 
224, 1273, 1049, -749, -412, 1161, 356, 551, 522, 375, 224, 283, 
161, 1278, 1117, -719, -478, 1198, 375, 561, 546, 390, 258, 287, 
102, 1283, 1180, -692, -539, 1232, 395, 570, 566, 409, 292, 287, 
39, 1293, 1254, -666, -607, 1273, 405, 580, 585, 424, 317, 292, 
136, 1278, 1141, -707, -502, 1210, 375, 536, 556, 390, 268, 258, 
224, 1278, 1054, -751, -414, 1166, 336, 497, 527, 361, 229, 234, 
307, 1278, 971, -793, -331, 1124, 302, 463, 497, 326, 185, 209, 
390, 1278, 888, -834, -248, 1083, 273, 429, 468, 292, 146, 180, 
463, 1293, 829, -878, -183, 1061, 248, 439, 448, 287, 156, 190, 
522, 1298, 775, -910, -126, 1037, 224, 434, 434, 283, 156, 195, 
575, 1298, 722, -936, -73, 1010, 209, 439, 424, 278, 161, 204, 
629, 1298, 668, -963, -19, 983, 195, 453, 414, 273, 165, 209, 
527, 1317, 790, -922, -131, 1054, 224, 497, 448, 312, 224, 229, 
429, 1322, 893, -875, -231, 1107, 253, 536, 488, 356, 268, 248, 
322, 1332, 1010, -827, -344, 1171, 278, 580, 522, 400, 312, 268, 
224, 1337, 1112, -780, -444, 1224, 307, 619, 556, 439, 356, 283, 
263, 1342, 1078, -802, -407, 1210, 302, 590, 531, 419, 322, 244, 
297, 1342, 1044, -819, -373, 1193, 297, 556, 517, 395, 292, 214, 
331, 1342, 1010, -836, -339, 1176, 292, 522, 492, 375, 258, 190, 
366, 1342, 976, -854, -305, 1159, 278, 488, 478, 356, 229, 161, 
419, 1346, 927, -883, -253, 1137, 263, 478, 444, 326, 209, 185, 
473, 1351, 878, -912, -202, 1115, 248, 468, 429, 312, 200, 200, 
527, 1356, 829, -941, -151, 1093, 229, 453, 405, 297, 190, 214, 
580, 1361, 780, -971, -100, 1071, 214, 439, 390, 283, 180, 229, 
556, 1361, 805, -958, -124, 1083, 219, 453, 400, 292, 214, 200, 
527, 1361, 834, -944, -153, 1098, 219, 463, 405, 302, 239, 185, 
502, 1361, 858, -932, -178, 1110, 219, 478, 414, 317, 263, 170, 
478, 1361, 883, -919, -202, 1122, 219, 492, 424, 336, 287, 156, 
424, 1371, 946, -897, -261, 1159, 229, 507, 444, 346, 287, 151, 
366, 1366, 1000, -866, -317, 1183, 239, 522, 453, 356, 283, 151, 
312, 1366, 1054, -839, -370, 1210, 253, 531, 463, 361, 283, 151, 
253, 1366, 1112, -810, -429, 1239, 263, 546, 473, 366, 278, 151, 
302, 1351, 1049, -827, -373, 1200, 248, 522, 453, 331, 248, 122, 
341, 1351, 1010, -846, -334, 1180, 244, 492, 429, 317, 214, 107, 
375, 1351, 976, -863, -300, 1163, 239, 468, 405, 297, 185, 97, 
414, 1351, 936, -883, -261, 1144, 229, 439, 380, 278, 151, 82, 
424, 1337, 912, -880, -244, 1124, 234, 434, 366, 253, 126, 87, 
429, 1327, 897, -878, -234, 1112, 244, 429, 356, 234, 102, 87, 
439, 1312, 873, -875, -217, 1093, 248, 424, 346, 214, 78, 87, 
453, 1302, 849, -878, -197, 1076, 253, 419, 336, 195, 53, 87, 
380, 1312, 932, -846, -275, 1122, 283, 439, 370, 219, 82, 122, 
312, 1317, 1005, -814, -346, 1161, 302, 448, 390, 244, 112, 141, 
253, 1317, 1063, -785, -405, 1190, 322, 448, 409, 268, 136, 175, 
195, 1312, 1117, -753, -461, 1215, 341, 444, 434, 292, 165, 200, 
263, 1312, 1049, -788, -392, 1180, 312, 419, 409, 263, 141, 156, 
326, 1312, 985, -819, -329, 1149, 292, 390, 385, 244, 126, 126, 
385, 1312, 927, -849, -270, 1119, 278, 366, 361, 224, 117, 87, 
448, 1312, 863, -880, -207, 1088, 258, 331, 336, 204, 107, 53, 
409, 1307, 897, -858, -244, 1102, 268, 361, 341, 204, 102, 48, 
380, 1302, 922, -841, -270, 1112, 278, 375, 346, 209, 97, 48, 
351, 1298, 946, -824, -297, 1122, 292, 390, 356, 209, 97, 43, 
312, 1293, 980, -802, -334, 1137, 302, 409, 361, 214, 97, 39, 
195, 1288, 1093, -741, -448, 1190, 341, 439, 400, 244, 117, 73, 
87, 1283, 1195, -685, -553, 1239, 370, 453, 424, 263, 136, 97, 
-14, 1273, 1288, -629, -651, 1281, 405, 463, 448, 283, 156, 122, 
-126, 1273, 1400, -573, -763, 1337, 429, 478, 473, 307, 170, 146, 
-34, 1273, 1307, -619, -671, 1290, 390, 429, 444, 268, 136, 117, 
58, 1273, 1215, -666, -578, 1244, 370, 380, 405, 239, 117, 97, 
151, 1268, 1117, -710, -483, 1193, 341, 336, 375, 219, 97, 78, 
239, 1263, 1024, -751, -392, 1144, 302, 287, 341, 195, 78, 58, 
278, 1268, 990, -773, -356, 1129, 287, 322, 336, 200, 82, 39, 
307, 1268, 961, -788, -326, 1115, 287, 346, 336, 200, 87, 14, 
326, 1268, 941, -797, -307, 1105, 283, 370, 331, 195, 87, -4, 
356, 1268, 912, -812, -278, 1090, 278, 395, 331, 195, 87, -24, 
370, 1278, 907, -824, -268, 1093, 273, 390, 322, 180, 63, -34, 
370, 1288, 917, -829, -273, 1102, 273, 385, 322, 175, 53, -48, 
370, 1293, 922, -832, -275, 1107, 273, 385, 317, 175, 43, -58, 
366, 1298, 932, -832, -283, 1115, 278, 380, 312, 175, 29, -73, 
322, 1293, 971, -807, -324, 1132, 297, 385, 322, 180, 39, -63, 
283, 1288, 1005, -785, -361, 1146, 312, 385, 331, 180, 39, -48, 
239, 1283, 1044, -761, -402, 1163, 326, 385, 341, 180, 39, -29, 
200, 1278, 1078, -739, -439, 1178, 341, 385, 351, 180, 39, -14, 
200, 1288, 1088, -744, -444, 1188, 341, 370, 366, 190, 34, 0, 
200, 1298, 1098, -749, -448, 1198, 346, 366, 370, 190, 34, 4, 
200, 1312, 1112, -756, -456, 1212, 346, 361, 375, 190, 34, 9, 
204, 1322, 1117, -763, -456, 1220, 346, 356, 380, 190, 34, 9, 
263, 1317, 1054, -790, -395, 1185, 336, 326, 361, 165, 4, -19, 
312, 1307, 995, -810, -341, 1151, 326, 312, 341, 146, -24, -48, 
361, 1302, 941, -832, -290, 1122, 317, 287, 317, 126, -53, -73, 
409, 1298, 888, -854, -239, 1093, 307, 268, 297, 107, -78, -102, 
390, 1293, 902, -841, -256, 1098, 302, 283, 287, 97, -87, -82, 
380, 1288, 907, -834, -263, 1098, 297, 307, 287, 102, -87, -73, 
370, 1278, 907, -824, -268, 1093, 297, 326, 292, 102, -87, -63, 
361, 1273, 912, -817, -275, 1093, 292, 346, 292, 97, -87, -53, 
356, 1278, 922, -817, -283, 1100, 287, 351, 307, 102, -87, -53, 
351, 1278, 927, -814, -287, 1102, 287, 356, 307, 107, -82, -48, 
346, 1283, 936, -814, -295, 1110, 287, 361, 307, 112, -73, -43, 
341, 1283, 941, -812, -300, 1112, 287, 366, 307, 122, -68, -39, 
317, 1283, 966, -800, -324, 1124, 292, 356, 312, 136, -58, -39, 
307, 1288, 980, -797, -336, 1134, 297, 351, 317, 141, -53, -39, 
297, 1288, 990, -793, -346, 1139, 307, 346, 322, 141, -43, -39, 
292, 1288, 995, -790, -351, 1141, 312, 341, 326, 146, -34, -39, 
302, 1298, 995, -800, -346, 1146, 307, 341, 326, 151, -43, -29, 
307, 1298, 990, -802, -341, 1144, 307, 346, 326, 151, -39, -29, 
307, 1298, 990, -802, -341, 1144, 302, 346, 326, 151, -39, -24, 
307, 1307, 1000, -807, -346, 1154, 302, 346, 326, 151, -39, -24, 
317, 1307, 990, -812, -336, 1149, 312, 351, 322, 161, -34, -24, 
317, 1307, 990, -812, -336, 1149, 312, 356, 322, 161, -29, -24, 
317, 1307, 990, -812, -336, 1149, 312, 361, 322, 165, -24, -24, 
317, 1312, 995, -814, -339, 1154, 312, 366, 322, 165, -19, -24, 
336, 1307, 971, -822, -317, 1139, 297, 351, 317, 161, -34, -43, 
356, 1317, 961, -836, -302, 1139, 292, 346, 312, 151, -48, -63, 
375, 1317, 941, -846, -283, 1129, 287, 341, 307, 146, -63, -82, 
395, 1317, 922, -856, -263, 1119, 283, 336, 302, 146, -78, -102, 
390, 1312, 922, -851, -265, 1117, 283, 336, 307, 136, -97, -102, 
385, 1312, 927, -849, -270, 1119, 283, 336, 312, 136, -107, -102, 
380, 1312, 932, -846, -275, 1122, 283, 336, 317, 136, -117, -102, 
375, 1322, 946, -849, -285, 1134, 283, 331, 322, 136, -126, -102, 
375, 1327, 951, -851, -287, 1139, 292, 341, 336, 146, -117, -92, 
375, 1332, 956, -854, -290, 1144, 292, 341, 346, 146, -112, -82, 
375, 1342, 966, -858, -295, 1154, 292, 341, 351, 151, -112, -73, 
375, 1346, 971, -861, -297, 1159, 292, 341, 356, 151, -112, -63, 
351, 1337, 985, -844, -317, 1161, 287, 317, 341, 141, -117, -68, 
336, 1332, 995, -834, -329, 1163, 283, 312, 336, 136, -122, -68, 
322, 1327, 1005, -824, -341, 1166, 278, 312, 331, 136, -126, -73, 
307, 1322, 1015, -814, -353, 1168, 273, 307, 331, 131, -131, -78, 
292, 1312, 1019, -802, -363, 1166, 263, 302, 326, 126, -141, -82, 
287, 1307, 1019, -797, -366, 1163, 263, 302, 317, 122, -151, -87, 
283, 1298, 1015, -790, -366, 1156, 263, 302, 307, 117, -161, -92, 
278, 1288, 1010, -783, -366, 1149, 263, 297, 297, 112, -170, -97, 
307, 1298, 990, -802, -341, 1144, 253, 302, 292, 107, -180, -97, 
326, 1307, 980, -817, -326, 1144, 253, 297, 287, 102, -180, -92, 
346, 1317, 971, -832, -312, 1144, 253, 297, 283, 102, -170, -92, 
366, 1322, 956, -844, -295, 1139, 253, 302, 278, 102, -170, -92, 
341, 1337, 995, -839, -326, 1166, 253, 326, 287, 117, -161, -87, 
331, 1342, 1010, -836, -339, 1176, 248, 326, 297, 126, -151, -78, 
317, 1346, 1029, -832, -356, 1188, 248, 326, 302, 126, -146, -73, 
302, 1351, 1049, -827, -373, 1200, 248, 312, 312, 136, -136, -63, 
312, 1342, 1029, -827, -358, 1185, 234, 302, 297, 131, -156, -48, 
326, 1337, 1010, -832, -341, 1173, 234, 287, 292, 122, -165, -48, 
346, 1327, 980, -836, -317, 1154, 234, 273, 287, 112, -175, -48, 
361, 1317, 956, -839, -297, 1137, 239, 263, 283, 102, -185, -48, 
351, 1307, 956, -829, -302, 1132, 239, 273, 292, 112, -175, -63, 
351, 1302, 951, -827, -300, 1127, 239, 273, 292, 112, -175, -78, 
351, 1302, 951, -827, -300, 1127, 239, 273, 292, 112, -175, -92, 
351, 1302, 951, -827, -300, 1127, 244, 278, 292, 112, -175, -107, 
341, 1317, 976, -829, -317, 1146, 234, 278, 307, 117, -185, -78, 
346, 1322, 976, -834, -314, 1149, 234, 273, 312, 117, -185, -53, 
346, 1327, 980, -836, -317, 1154, 234, 273, 317, 122, -185, -34, 
346, 1337, 990, -841, -322, 1163, 239, 273, 317, 126, -190, -14, 
326, 1346, 1019, -836, -346, 1183, 248, 273, 331, 136, -180, -34, 
317, 1346, 1029, -832, -356, 1188, 248, 273, 341, 136, -180, -43, 
307, 1346, 1039, -827, -366, 1193, 248, 273, 346, 136, -180, -53, 
297, 1346, 1049, -822, -375, 1198, 248, 273, 346, 136, -180, -63, 
331, 1342, 1010, -836, -339, 1176, 248, 263, 331, 117, -214, -82, 
361, 1337, 976, -849, -307, 1156, 244, 258, 312, 97, -248, -102, 
390, 1332, 941, -861, -275, 1137, 244, 248, 297, 78, -283, -122, 
419, 1327, 907, -873, -244, 1117, 239, 234, 287, 58, -317, -131, 
448, 1327, 878, -888, -214, 1102, 219, 214, 268, 39, -331, -131, 
478, 1327, 849, -902, -185, 1088, 209, 209, 258, 29, -336, -131, 
512, 1327, 814, -919, -151, 1071, 200, 200, 248, 19, -341, -136, 
541, 1327, 785, -934, -122, 1056, 190, 185, 239, 9, -346, -136, 
507, 1337, 829, -922, -161, 1083, 185, 195, 248, 29, -331, -117, 
478, 1337, 858, -907, -190, 1098, 185, 209, 258, 39, -317, -107, 
448, 1337, 888, -893, -219, 1112, 185, 219, 268, 43, -302, -97, 
419, 1337, 917, -878, -248, 1127, 185, 229, 273, 53, -287, -87, 
409, 1332, 922, -871, -256, 1127, 204, 244, 278, 58, -273, -82, 
409, 1332, 922, -871, -256, 1127, 214, 244, 283, 63, -268, -78, 
409, 1332, 922, -871, -256, 1127, 224, 248, 287, 63, -263, -73, 
409, 1332, 922, -871, -256, 1127, 234, 253, 292, 68, -258, -68, 
395, 1327, 932, -861, -268, 1129, 229, 239, 287, 68, -253, -78, 
390, 1317, 927, -854, -268, 1122, 224, 229, 283, 68, -253, -78, 
385, 1302, 917, -844, -265, 1110, 219, 224, 278, 63, -248, -78, 
380, 1293, 912, -836, -265, 1102, 214, 224, 268, 63, -239, -78, 
346, 1283, 936, -814, -295, 1110, 234, 244, 278, 82, -209, -63, 
312, 1283, 971, -797, -329, 1127, 244, 253, 287, 92, -190, -48, 
278, 1283, 1005, -780, -363, 1144, 253, 263, 302, 102, -170, -34, 
229, 1283, 1054, -756, -412, 1168, 263, 273, 312, 112, -151, -24, 
229, 1293, 1063, -761, -417, 1178, 253, 268, 312, 102, -161, -53, 
234, 1288, 1054, -761, -409, 1171, 253, 263, 312, 102, -175, -73, 
239, 1288, 1049, -763, -405, 1168, 253, 253, 312, 92, -185, -92, 
248, 1288, 1039, -768, -395, 1163, 253, 248, 307, 92, -195, -112, 
297, 1293, 995, -795, -348, 1144, 248, 244, 297, 82, -214, -87, 
331, 1298, 966, -814, -317, 1132, 244, 244, 292, 73, -224, -63, 
366, 1302, 936, -834, -285, 1119, 239, 239, 283, 63, -234, -39, 
400, 1307, 907, -854, -253, 1107, 234, 239, 278, 53, -244, -19, 
351, 1298, 946, -824, -297, 1122, 248, 268, 302, 78, -209, -24, 
302, 1298, 995, -800, -346, 1146, 263, 283, 317, 87, -190, -39, 
234, 1298, 1063, -766, -414, 1180, 273, 297, 331, 102, -165, -43, 
185, 1298, 1112, -741, -463, 1205, 283, 312, 346, 117, -141, -43, 
253, 1307, 1054, -780, -400, 1180, 258, 292, 312, 87, -180, -58, 
317, 1307, 990, -812, -336, 1149, 234, 278, 292, 73, -209, -68, 
390, 1307, 917, -849, -263, 1112, 204, 268, 273, 58, -239, -73, 
448, 1307, 858, -878, -204, 1083, 180, 258, 253, 43, -268, -78, 
453, 1298, 844, -875, -195, 1071, 190, 283, 239, 29, -278, -68, 
453, 1288, 834, -871, -190, 1061, 190, 292, 234, 24, -278, -68, 
448, 1278, 829, -863, -190, 1054, 190, 302, 229, 19, -278, -63, 
448, 1268, 819, -858, -185, 1044, 190, 317, 229, 14, -273, -63, 
429, 1278, 849, -854, -209, 1063, 200, 331, 244, 39, -244, -39, 
419, 1283, 863, -851, -222, 1073, 209, 341, 248, 53, -219, -24, 
409, 1283, 873, -846, -231, 1078, 219, 346, 248, 68, -190, -9, 
400, 1283, 883, -841, -241, 1083, 229, 351, 253, 82, -161, 4, 
366, 1288, 922, -827, -278, 1105, 244, 351, 263, 97, -146, -9, 
346, 1288, 941, -817, -297, 1115, 248, 351, 273, 102, -141, -29, 
326, 1283, 956, -805, -314, 1119, 258, 351, 283, 107, -136, -43, 
307, 1283, 976, -795, -334, 1129, 263, 351, 292, 112, -131, -53, 
312, 1278, 966, -795, -326, 1122, 258, 341, 287, 102, -161, -39, 
317, 1273, 956, -795, -319, 1115, 253, 341, 283, 92, -185, -24, 
326, 1268, 941, -797, -307, 1105, 248, 341, 278, 82, -209, -9, 
331, 1263, 932, -797, -300, 1098, 244, 336, 273, 73, -229, 0, 
341, 1254, 912, -797, -285, 1083, 229, 326, 273, 73, -219, -24, 
351, 1259, 907, -805, -278, 1083, 219, 326, 268, 73, -219, -39, 
361, 1259, 897, -810, -268, 1078, 214, 326, 268, 73, -219, -53, 
370, 1259, 888, -814, -258, 1073, 209, 326, 268, 73, -219, -68, 
356, 1259, 902, -807, -273, 1080, 219, 331, 268, 73, -224, -58, 
351, 1259, 907, -805, -278, 1083, 219, 331, 268, 73, -229, -48, 
346, 1259, 912, -802, -283, 1085, 219, 331, 268, 73, -229, -34, 
341, 1259, 917, -800, -287, 1088, 219, 326, 268, 73, -234, -19, 
326, 1249, 922, -788, -297, 1085, 234, 326, 283, 82, -204, -4, 
312, 1249, 936, -780, -312, 1093, 239, 326, 287, 97, -190, 19, 
297, 1249, 951, -773, -326, 1100, 244, 331, 292, 107, -170, 34, 
283, 1249, 966, -766, -341, 1107, 248, 331, 297, 112, -151, 43, 
219, 1239, 1019, -729, -400, 1129, 268, 351, 312, 131, -131, 53, 
180, 1239, 1058, -710, -439, 1149, 287, 361, 326, 151, -107, 68, 
146, 1239, 1093, -692, -473, 1166, 307, 370, 341, 170, -82, 78, 
107, 1239, 1132, -673, -512, 1185, 331, 380, 356, 190, -63, 92, 
146, 1229, 1083, -688, -468, 1156, 312, 366, 341, 180, -63, 73, 
185, 1229, 1044, -707, -429, 1137, 297, 351, 326, 165, -63, 53, 
229, 1229, 1000, -729, -385, 1115, 283, 336, 312, 156, -63, 29, 
268, 1229, 961, -749, -346, 1095, 268, 322, 297, 146, -63, 9, 
292, 1239, 946, -766, -326, 1093, 253, 322, 292, 126, -112, -14, 
317, 1239, 922, -778, -302, 1080, 248, 322, 287, 117, -146, -34, 
356, 1239, 883, -797, -263, 1061, 244, 322, 287, 107, -175, -58, 
380, 1239, 858, -810, -239, 1049, 239, 317, 283, 97, -209, -78, 
400, 1224, 824, -812, -212, 1024, 229, 302, 263, 78, -224, -78, 
419, 1220, 800, -819, -190, 1010, 219, 302, 244, 68, -229, -73, 
439, 1215, 775, -827, -168, 995, 209, 302, 234, 58, -234, -68, 
458, 1210, 751, -834, -146, 980, 200, 302, 229, 48, -239, -58, 
439, 1220, 780, -829, -170, 1000, 204, 312, 239, 53, -229, -43, 
419, 1220, 800, -819, -190, 1010, 209, 317, 253, 58, -219, -24, 
400, 1220, 819, -810, -209, 1019, 214, 317, 263, 63, -209, -9, 
380, 1220, 839, -800, -229, 1029, 219, 317, 273, 73, -200, 4, 
346, 1224, 878, -785, -265, 1051, 234, 331, 292, 92, -180, 4, 
322, 1234, 912, -778, -295, 1073, 239, 336, 302, 112, -170, 4, 
297, 1239, 941, -768, -322, 1090, 244, 341, 312, 131, -156, 4, 
273, 1244, 971, -758, -348, 1107, 248, 346, 322, 151, -146, 4, 
307, 1234, 927, -771, -309, 1080, 234, 326, 302, 126, -170, 4, 
341, 1229, 888, -785, -273, 1058, 229, 322, 287, 107, -190, 4, 
375, 1224, 849, -800, -236, 1037, 224, 317, 278, 87, -204, 4, 
409, 1220, 810, -814, -200, 1015, 219, 312, 263, 73, -229, 9, 
419, 1239, 819, -829, -200, 1029, 219, 312, 283, 92, -165, 48, 
