I, II, III, aVR, aVL, aVF, V1, V2, V3, V4, V5, V6, 
195, 702, 507, -448, -156, 605, 9, 58, -126, -78, -146, -48, 
195, 702, 507, -448, -156, 605, 9, 58, -126, -78, -146, -48, 
195, 702, 507, -448, -156, 605, 9, 58, -126, -78, -146, -48, 
195, 702, 507, -448, -156, 605, 9, 58, -126, -78, -146, -48, 
204, 702, 497, -453, -146, 600, 0, 58, -126, -68, -146, -48, 
204, 702, 497, -453, -146, 600, 0, 58, -126, -68, -146, -48, 
204, 702, 497, -453, -146, 600, 0, 58, -126, -68, -146, -48, 
204, 702, 497, -453, -146, 600, 0, 58, -126, -68, -146, -48, 
195, 712, 517, -453, -161, 614, 9, 68, -122, -63, -141, -39, 
195, 712, 517, -453, -161, 614, 4, 73, -117, -58, -141, -39, 
204, 717, 512, -461, -153, 614, 4, 73, -112, -53, -136, -39, 
209, 717, 507, -463, -148, 612, 9, 73, -107, -48, -131, -39, 
209, 707, 497, -458, -143, 602, 0, 68, -112, -43, -141, -48, 
219, 707, 488, -463, -134, 597, 0, 63, -112, -48, -141, -48, 
219, 707, 488, -463, -134, 597, 0, 58, -112, -53, -131, -48, 
209, 707, 497, -458, -143, 602, 0, 58, -112, -58, -131, -48, 
209, 712, 502, -461, -146, 607, 0, 68, -97, -58, -136, -39, 
214, 717, 502, -466, -143, 610, 0, 68, -97, -53, -136, -39, 
209, 722, 512, -466, -151, 617, 0, 68, -102, -53, -131, -39, 
224, 727, 502, -475, -139, 614, 0, 68, -102, -53, -131, -39, 
219, 717, 497, -468, -139, 607, 4, 78, -92, -48, -131, -29, 
219, 717, 497, -468, -139, 607, 9, 78, -92, -43, -131, -34, 
214, 717, 502, -466, -143, 610, 14, 78, -92, -39, -131, -34, 
209, 717, 507, -463, -148, 612, 19, 78, -87, -34, -131, -34, 
204, 727, 522, -466, -158, 624, 9, 68, -97, -34, -131, -29, 
209, 727, 517, -468, -153, 622, 9, 68, -97, -34, -136, -29, 
219, 727, 507, -473, -143, 617, 9, 68, -102, -34, -136, -29, 
224, 727, 502, -475, -139, 614, 9, 68, -102, -34, -131, -29, 
214, 722, 507, -468, -146, 614, 19, 68, -102, -24, -141, -19, 
204, 712, 507, -458, -151, 610, 19, 68, -102, -24, -141, -19, 
195, 707, 512, -451, -158, 610, 19, 68, -102, -24, -146, -19, 
185, 702, 517, -444, -165, 610, 19, 68, -102, -24, -146, -19, 
190, 702, 512, -446, -161, 607, 9, 58, -112, -29, -151, -24, 
195, 707, 512, -451, -158, 610, 9, 58, -112, -34, -151, -34, 
200, 707, 507, -453, -153, 607, 9, 58, -117, -39, -156, -43, 
204, 702, 497, -453, -146, 600, 9, 58, -122, -48, -156, -48, 
209, 707, 497, -458, -143, 602, 0, 58, -131, -53, -156, -48, 
209, 707, 497, -458, -143, 602, 0, 58, -131, -53, -156, -48, 
209, 702, 492, -456, -141, 597, 0, 58, -131, -53, -161, -48, 
209, 707, 497, -458, -143, 602, 0, 58, -131, -53, -161, -53, 
209, 707, 497, -458, -143, 602, 4, 53, -136, -48, -161, -58, 
209, 702, 492, -456, -141, 597, 4, 53, -141, -48, -165, -58, 
209, 697, 488, -453, -139, 592, 4, 53, -141, -48, -170, -58, 
209, 692, 483, -451, -136, 588, 9, 58, -141, -48, -170, -58, 
195, 688, 492, -441, -148, 590, 19, 58, -131, -48, -156, -53, 
190, 688, 497, -439, -153, 592, 19, 58, -131, -43, -151, -53, 
190, 688, 497, -439, -153, 592, 19, 58, -131, -43, -151, -53, 
204, 688, 483, -446, -139, 585, 19, 48, -136, -53, -161, -63, 
185, 683, 497, -434, -156, 590, 29, 58, -146, -53, -161, -53, 
170, 683, 512, -427, -170, 597, 29, 58, -131, -43, -161, -53, 
161, 683, 522, -422, -180, 602, 29, 58, -131, -43, -161, -53, 
151, 683, 531, -417, -190, 607, 24, 53, -141, -48, -161, -53, 
165, 673, 507, -419, -170, 590, 14, 43, -141, -48, -165, -63, 
165, 673, 507, -419, -170, 590, 14, 48, -136, -48, -165, -58, 
170, 673, 502, -422, -165, 588, 14, 48, -136, -48, -165, -58, 
170, 673, 502, -422, -165, 588, 14, 43, -136, -48, -165, -63, 
175, 688, 512, -431, -168, 600, 0, 34, -151, -58, -175, -73, 
195, 692, 497, -444, -151, 595, 0, 34, -151, -63, -175, -73, 
200, 697, 497, -448, -148, 597, 0, 34, -151, -63, -175, -73, 
180, 697, 517, -439, -168, 607, 4, 39, -151, -58, -175, -68, 
175, 688, 512, -431, -168, 600, 14, 48, -141, -53, -165, -63, 
175, 692, 517, -434, -170, 605, 14, 48, -141, -48, -165, -68, 
175, 692, 517, -434, -170, 605, 14, 43, -141, -43, -165, -63, 
175, 692, 517, -434, -170, 605, 14, 43, -146, -39, -165, -58, 
195, 692, 497, -444, -151, 595, 9, 29, -151, -43, -175, -63, 
190, 688, 497, -439, -153, 592, 4, 29, -156, -53, -175, -68, 
214, 688, 473, -451, -129, 580, 0, 29, -161, -58, -175, -73, 
224, 688, 463, -456, -119, 575, -9, 24, -161, -68, -180, -78, 
219, 688, 468, -453, -124, 578, -14, 14, -170, -78, -180, -87, 
219, 688, 468, -453, -124, 578, -14, 14, -175, -78, -185, -87, 
219, 688, 468, -453, -124, 578, -14, 14, -175, -78, -185, -87, 
214, 688, 473, -451, -129, 580, -14, 19, -175, -78, -185, -87, 
200, 683, 483, -441, -141, 583, 0, 29, -170, -68, -170, -78, 
195, 683, 488, -439, -146, 585, 0, 29, -165, -63, -170, -73, 
190, 688, 497, -439, -153, 592, 0, 29, -161, -58, -170, -68, 
190, 692, 502, -441, -156, 597, -4, 24, -156, -53, -170, -63, 
200, 702, 502, -451, -151, 602, -14, 14, -165, -68, -180, -73, 
200, 697, 497, -448, -148, 597, -14, 14, -165, -78, -180, -73, 
200, 697, 497, -448, -148, 597, -14, 19, -165, -78, -180, -73, 
204, 697, 492, -451, -143, 595, -14, 19, -165, -73, -180, -73, 
200, 692, 492, -446, -146, 592, -4, 24, -156, -73, -170, -63, 
195, 688, 492, -441, -148, 590, -4, 24, -156, -73, -170, -63, 
190, 678, 488, -434, -148, 583, -4, 24, -156, -73, -170, -63, 
185, 673, 488, -429, -151, 580, -9, 24, -156, -73, -170, -63, 
175, 683, 507, -429, -165, 595, 0, 29, -151, -63, -161, -53, 
175, 688, 512, -431, -168, 600, 0, 29, -151, -63, -161, -53, 
175, 688, 512, -431, -168, 600, -4, 29, -151, -63, -161, -53, 
180, 688, 507, -434, -163, 597, -4, 29, -151, -63, -161, -53, 
195, 697, 502, -446, -153, 600, 4, 39, -136, -63, -156, -43, 
200, 707, 507, -453, -153, 607, 4, 39, -136, -58, -156, -43, 
204, 712, 507, -458, -151, 610, 4, 39, -136, -58, -156, -43, 
209, 712, 502, -461, -146, 607, 4, 39, -136, -58, -156, -43, 
161, 722, 561, -441, -200, 641, 0, 34, -136, -48, -156, -39, 
185, 732, 546, -458, -180, 639, -19, 24, -146, -63, -161, -48, 
219, 712, 492, -466, -136, 602, -24, 9, -146, -58, -161, -58, 
195, 712, 517, -453, -161, 614, -14, 0, -146, -53, -151, -48, 
165, 756, 590, -461, -212, 673, -14, -24, -141, -39, -146, -39, 
141, 800, 658, -470, -258, 729, -24, -58, -141, -24, -141, -34, 
122, 800, 678, -461, -278, 739, -29, -82, -122, 0, -122, -19, 
122, 795, 673, -458, -275, 734, -19, -82, -117, 24, -87, 0, 
122, 805, 683, -463, -280, 744, -4, -73, -97, 53, -63, 19, 
136, 834, 697, -485, -280, 766, -14, -68, -73, 92, -29, 53, 
180, 888, 707, -534, -263, 797, -53, -87, -39, 165, 48, 122, 
239, 956, 717, -597, -239, 836, -92, -92, 24, 263, 165, 239, 
322, 1015, 692, -668, -185, 854, -126, -48, 112, 390, 302, 366, 
444, 1102, 658, -773, -107, 880, -190, 34, 244, 546, 473, 531, 
605, 1224, 619, -915, -7, 922, -278, 146, 395, 732, 697, 736, 
824, 1302, 478, -1063, 173, 890, -380, 224, 458, 883, 888, 917, 
1063, 1332, 268, -1198, 397, 800, -502, 278, 419, 956, 1029, 1058, 
1298, 1356, 58, -1327, 619, 707, -634, 326, 331, 995, 1132, 1180, 
1444, 1371, -73, -1407, 758, 649, -707, 361, 263, 990, 1171, 1254, 
1551, 1390, -161, -1471, 856, 614, -741, 390, 165, 917, 1112, 1224, 
1615, 1346, -268, -1481, 941, 539, -751, 414, 24, 761, 985, 1132, 
1625, 1180, -444, -1403, 1034, 368, -727, 473, -170, 527, 756, 932, 
1615, 897, -717, -1256, 1166, 90, -634, 585, -405, 175, 395, 619, 
1566, 629, -936, -1098, 1251, -153, -546, 678, -673, -195, 19, 273, 
1503, 483, -1019, -993, 1261, -268, -517, 653, -927, -448, -244, 29, 
1400, 424, -976, -912, 1188, -275, -512, 507, -1122, -605, -414, -122, 
1220, 317, -902, -768, 1061, -292, -478, 263, -1293, -775, -610, -312, 
1024, 204, -819, -614, 922, -307, -444, -24, -1483, -946, -800, -497, 
917, 165, -751, -541, 834, -292, -448, -283, -1600, -1044, -907, -590, 
849, 175, -673, -512, 761, -248, -439, -405, -1556, -1044, -917, -614, 
761, 185, -575, -473, 668, -195, -390, -375, -1385, -971, -883, -590, 
673, 195, -478, -434, 575, -141, -331, -302, -1180, -858, -810, -536, 
600, 224, -375, -412, 488, -75, -292, -253, -1015, -756, -727, -488, 
556, 287, -268, -422, 412, 9, -273, -224, -902, -668, -653, -434, 
531, 390, -141, -461, 336, 124, -287, -219, -785, -561, -570, -366, 
522, 492, -29, -507, 275, 231, -268, -200, -658, -468, -497, -312, 
463, 536, 73, -500, 195, 305, -214, -156, -551, -390, -448, -283, 
366, 522, 156, -444, 104, 339, -141, -97, -463, -331, -405, -258, 
297, 507, 209, -402, 43, 358, -73, -43, -375, -273, -351, -214, 
258, 536, 278, -397, -9, 407, -34, -19, -317, -234, -312, -195, 
209, 575, 366, -392, -78, 470, -19, -9, -273, -185, -283, -161, 
165, 595, 429, -380, -131, 512, -19, -4, -229, -141, -244, -126, 
180, 600, 419, -390, -119, 509, -24, -4, -214, -117, -219, -107, 
204, 619, 414, -412, -104, 517, -39, -4, -209, -112, -224, -107, 
195, 644, 448, -419, -126, 546, -48, -4, -204, -102, -224, -107, 
200, 663, 463, -431, -131, 563, -43, -4, -209, -112, -214, -112, 
214, 653, 439, -434, -112, 546, -43, 4, -195, -112, -209, -112, 
195, 649, 453, -422, -129, 551, -24, 14, -170, -102, -200, -102, 
170, 658, 488, -414, -158, 573, -9, 24, -156, -82, -190, -82, 
156, 688, 531, -422, -187, 610, -4, 19, -146, -78, -185, -82, 
165, 683, 517, -424, -175, 600, -14, 14, -156, -73, -190, -87, 
161, 678, 517, -419, -178, 597, -14, 0, -146, -73, -190, -78, 
156, 673, 517, -414, -180, 595, -19, 0, -151, -68, -190, -78, 
146, 663, 517, -405, -185, 590, -19, 0, -156, -68, -190, -78, 
146, 658, 512, -402, -183, 585, -19, 0, -156, -68, -195, -82, 
165, 663, 497, -414, -165, 580, -34, -4, -156, -78, -204, -92, 
170, 663, 492, -417, -161, 578, -34, 0, -161, -87, -204, -87, 
170, 668, 497, -419, -163, 583, -24, 4, -156, -78, -195, -87, 
170, 688, 517, -429, -173, 602, -24, 4, -156, -73, -190, -82, 
161, 688, 527, -424, -183, 607, -14, 9, -141, -58, -190, -78, 
146, 683, 536, -414, -195, 610, -14, 9, -136, -53, -185, -78, 
131, 678, 546, -405, -207, 612, -19, 14, -131, -53, -185, -73, 
122, 683, 561, -402, -219, 622, -19, 19, -131, -53, -180, -68, 
126, 673, 546, -400, -209, 610, -14, 19, -136, -43, -170, -68, 
126, 673, 546, -400, -209, 610, -14, 19, -136, -43, -175, -73, 
126, 673, 546, -400, -209, 610, -19, 24, -136, -43, -175, -73, 
141, 673, 531, -407, -195, 602, -19, 24, -136, -39, -175, -73, 
141, 683, 541, -412, -200, 612, -19, 24, -122, -29, -175, -68, 
136, 683, 546, -409, -204, 614, -19, 24, -117, -29, -165, -68, 
126, 692, 566, -409, -219, 629, -19, 29, -107, -24, -161, -53, 
126, 692, 566, -409, -219, 629, -19, 29, -107, -19, -156, -53, 
141, 678, 536, -409, -197, 607, -29, 19, -112, -34, -165, -58, 
146, 678, 531, -412, -192, 605, -29, 14, -117, -39, -165, -63, 
151, 678, 527, -414, -187, 602, -34, 9, -122, -39, -165, -68, 
161, 683, 522, -422, -180, 602, -34, 9, -126, -43, -165, -68, 
165, 683, 517, -424, -175, 600, -34, 9, -117, -34, -165, -68, 
175, 688, 512, -431, -168, 600, -34, 9, -112, -34, -165, -73, 
175, 697, 522, -436, -173, 610, -34, 9, -102, -34, -161, -73, 
170, 697, 527, -434, -178, 612, -34, 14, -97, -29, -161, -68, 
165, 702, 536, -434, -185, 619, -39, 14, -102, -39, -146, -53, 
165, 702, 536, -434, -185, 619, -39, 14, -97, -39, -146, -53, 
165, 707, 541, -436, -187, 624, -39, 14, -97, -34, -141, -48, 
165, 712, 546, -439, -190, 629, -34, 19, -92, -29, -131, -43, 
175, 707, 531, -441, -178, 619, -43, 9, -97, -29, -136, -43, 
185, 722, 536, -453, -175, 629, -43, 9, -92, -19, -136, -48, 
185, 722, 536, -453, -175, 629, -43, 14, -87, -19, -141, -53, 
180, 722, 541, -451, -180, 631, -43, 14, -87, -19, -146, -53, 
175, 717, 541, -446, -183, 629, -34, 24, -73, -9, -136, -43, 
185, 722, 536, -453, -175, 629, -39, 24, -68, -9, -136, -39, 
180, 722, 541, -451, -180, 631, -39, 29, -58, -9, -136, -39, 
165, 717, 551, -441, -192, 634, -34, 39, -48, 4, -131, -29, 
146, 722, 575, -434, -214, 649, -34, 43, -48, 9, -126, -24, 
146, 722, 575, -434, -214, 649, -34, 43, -43, 19, -117, -19, 
151, 732, 580, -441, -214, 656, -39, 43, -39, 24, -112, -14, 
165, 736, 570, -451, -202, 653, -43, 43, -34, 24, -112, -14, 
175, 736, 561, -456, -192, 649, -34, 48, -14, 34, -102, 0, 
170, 741, 570, -456, -200, 656, -34, 53, 0, 48, -92, 4, 
170, 751, 580, -461, -204, 666, -34, 63, 14, 53, -82, 9, 
180, 756, 575, -468, -197, 666, -34, 78, 29, 58, -73, 9, 
175, 756, 580, -466, -202, 668, -39, 73, 34, 73, -78, 4, 
175, 761, 585, -468, -204, 673, -39, 78, 48, 78, -78, 9, 
185, 766, 580, -475, -197, 673, -39, 73, 53, 82, -63, 14, 
180, 771, 590, -475, -204, 680, -39, 78, 68, 97, -53, 29, 
195, 785, 590, -490, -197, 688, -29, 102, 87, 112, -34, 43, 
200, 805, 605, -502, -202, 705, -29, 107, 97, 122, -24, 53, 
209, 814, 605, -512, -197, 710, -29, 112, 102, 131, -14, 53, 
214, 819, 605, -517, -195, 712, -34, 122, 117, 141, -14, 58, 
204, 814, 610, -509, -202, 712, -43, 117, 131, 136, -4, 68, 
219, 829, 610, -524, -195, 719, -43, 117, 141, 146, 0, 68, 
219, 839, 619, -529, -200, 729, -43, 117, 151, 156, 4, 78, 
219, 839, 619, -529, -200, 729, -43, 122, 156, 165, 9, 82, 
209, 829, 619, -519, -204, 724, -48, 126, 175, 185, 24, 92, 
219, 844, 624, -531, -202, 734, -53, 131, 185, 195, 29, 97, 
219, 854, 634, -536, -207, 744, -58, 131, 204, 200, 39, 102, 
224, 854, 629, -539, -202, 741, -58, 136, 209, 204, 43, 107, 
234, 868, 634, -551, -200, 751, -58, 151, 224, 214, 58, 122, 
248, 883, 634, -566, -192, 758, -63, 151, 229, 224, 63, 122, 
239, 888, 649, -563, -204, 768, -63, 156, 239, 234, 73, 131, 
229, 897, 668, -563, -219, 783, -63, 156, 253, 244, 78, 136, 
248, 912, 663, -580, -207, 788, -68, 156, 248, 253, 73, 141, 
258, 912, 653, -585, -197, 783, -73, 156, 253, 253, 78, 141, 
258, 912, 653, -585, -197, 783, -73, 156, 253, 253, 78, 146, 
263, 922, 658, -592, -197, 790, -78, 156, 258, 258, 78, 151, 
258, 917, 658, -588, -200, 788, -68, 161, 253, 253, 82, 146, 
239, 912, 673, -575, -217, 793, -68, 161, 253, 258, 82, 146, 
244, 907, 663, -575, -209, 785, -68, 156, 253, 258, 82, 146, 
244, 902, 658, -573, -207, 780, -73, 156, 253, 258, 82, 146, 
248, 912, 663, -580, -207, 788, -82, 151, 253, 248, 78, 141, 
253, 912, 658, -583, -202, 785, -82, 136, 248, 244, 73, 136, 
268, 912, 644, -590, -187, 778, -87, 131, 248, 244, 73, 136, 
273, 912, 639, -592, -183, 775, -87, 126, 248, 244, 78, 136, 
273, 902, 629, -588, -178, 766, -87, 126, 239, 234, 78, 141, 
273, 912, 639, -592, -183, 775, -87, 126, 239, 239, 78, 146, 
273, 922, 649, -597, -187, 785, -87, 126, 244, 244, 87, 146, 
278, 936, 658, -607, -190, 797, -87, 126, 248, 244, 87, 146, 
283, 946, 663, -614, -190, 805, -78, 126, 253, 234, 78, 146, 
283, 951, 668, -617, -192, 810, -78, 126, 253, 244, 87, 146, 
283, 951, 668, -617, -192, 810, -73, 126, 258, 244, 87, 156, 
273, 956, 683, -614, -204, 819, -73, 126, 263, 244, 87, 156, 
283, 956, 673, -619, -195, 814, -82, 122, 263, 258, 102, 170, 
283, 956, 673, -619, -195, 814, -82, 122, 263, 263, 107, 170, 
278, 956, 678, -617, -200, 817, -82, 122, 258, 268, 107, 170, 
273, 971, 697, -622, -212, 834, -82, 122, 258, 268, 107, 170, 
268, 985, 717, -627, -224, 851, -78, 126, 258, 268, 117, 175, 
268, 985, 717, -627, -224, 851, -73, 126, 258, 263, 112, 180, 
278, 976, 697, -627, -209, 836, -82, 126, 253, 253, 112, 180, 
278, 976, 697, -627, -209, 836, -78, 122, 253, 253, 112, 185, 
283, 966, 683, -624, -200, 824, -87, 117, 239, 244, 97, 175, 
297, 966, 668, -631, -185, 817, -102, 102, 224, 239, 87, 175, 
307, 961, 653, -634, -173, 807, -102, 87, 209, 234, 87, 170, 
312, 951, 639, -631, -163, 795, -107, 87, 204, 229, 82, 170, 
322, 951, 629, -636, -153, 790, -131, 78, 190, 229, 82, 156, 
336, 946, 610, -641, -136, 778, -151, 58, 161, 204, 63, 131, 
346, 932, 585, -639, -119, 758, -170, 48, 136, 185, 53, 117, 
351, 922, 570, -636, -109, 746, -180, 34, 107, 165, 34, 112, 
336, 912, 575, -624, -119, 744, -170, 43, 97, 151, 24, 102, 
326, 893, 566, -610, -119, 729, -156, 43, 78, 141, 14, 97, 
322, 878, 556, -600, -117, 717, -151, 43, 48, 122, 4, 97, 
322, 868, 546, -595, -112, 707, -146, 34, 19, 112, -14, 92, 
312, 849, 536, -580, -112, 692, -146, 19, -19, 87, -43, 78, 
307, 834, 527, -570, -109, 680, -151, 9, -48, 63, -58, 63, 
307, 819, 512, -563, -102, 666, -156, 0, -78, 39, -68, 39, 
307, 819, 512, -563, -102, 666, -156, -14, -97, 14, -92, 19, 
297, 800, 502, -549, -102, 651, -165, -9, -107, 0, -92, 14, 
292, 795, 502, -544, -104, 649, -161, -19, -122, 0, -97, 4, 
292, 790, 497, -541, -102, 644, -161, -19, -126, -4, -107, 4, 
287, 785, 497, -536, -104, 641, -151, -14, -136, -9, -117, 0, 
297, 775, 478, -536, -90, 627, -146, -24, -151, -19, -126, -9, 
287, 771, 483, -529, -97, 627, -136, -29, -151, -29, -136, -19, 
283, 766, 483, -524, -100, 624, -131, -29, -151, -34, -141, -24, 
273, 761, 488, -517, -107, 624, -126, -34, -146, -29, -146, -29, 
258, 771, 512, -514, -126, 641, -117, -29, -136, -14, -136, -24, 
248, 780, 531, -514, -141, 656, -112, -24, -131, -14, -131, -19, 
239, 780, 541, -509, -151, 661, -107, -19, -131, -19, -131, -14, 
234, 771, 536, -502, -151, 653, -107, -19, -141, -24, -141, -14, 
234, 775, 541, -505, -153, 658, -117, -29, -131, -24, -136, -14, 
234, 771, 536, -502, -151, 653, -117, -29, -131, -24, -136, -19, 
234, 761, 527, -497, -146, 644, -117, -29, -141, -29, -146, -24, 
239, 761, 522, -500, -141, 641, -112, -29, -141, -34, -151, -29, 
239, 756, 517, -497, -139, 636, -122, -29, -156, -39, -165, -34, 
239, 751, 512, -495, -136, 631, -122, -24, -165, -48, -175, -53, 
239, 751, 512, -495, -136, 631, -117, -24, -165, -58, -175, -53, 
234, 756, 522, -495, -143, 639, -117, -24, -161, -58, -175, -48, 
224, 756, 531, -490, -153, 644, -102, -19, -156, -53, -165, -48, 
219, 751, 531, -485, -156, 641, -97, -9, -156, -43, -165, -48, 
204, 746, 541, -475, -168, 644, -92, -9, -146, -43, -165, -43, 
200, 741, 541, -470, -170, 641, -92, -4, -136, -34, -161, -39, 
209, 751, 541, -480, -165, 646, -97, -9, -141, -39, -165, -48, 
209, 751, 541, -480, -165, 646, -92, -4, -141, -43, -170, -48, 
214, 751, 536, -483, -161, 644, -92, 0, -141, -48, -175, -48, 
219, 736, 517, -478, -148, 627, -92, 4, -141, -58, -185, -53, 
185, 736, 551, -461, -183, 644, -78, 14, -131, -48, -175, -43, 
170, 732, 561, -451, -195, 646, -68, 24, -126, -43, -175, -43, 
156, 732, 575, -444, -209, 653, -58, 24, -122, -43, -175, -43, 
146, 727, 580, -436, -217, 653, -53, 24, -117, -48, -175, -43, 
151, 707, 556, -429, -202, 631, -58, 9, -126, -68, -185, -68, 
156, 697, 541, -427, -192, 619, -58, 0, -136, -78, -195, -73, 
165, 692, 527, -429, -180, 610, -58, -4, -146, -82, -200, -82, 
185, 688, 502, -436, -158, 595, -58, -14, -156, -92, -209, -87, 
156, 683, 527, -419, -185, 605, -63, -24, -165, -92, -219, -97, 
165, 702, 536, -434, -185, 619, -63, -29, -165, -92, -229, -102, 
185, 707, 522, -446, -168, 614, -58, -24, -165, -92, -224, -92, 
204, 692, 488, -448, -141, 590, -48, -14, -156, -87, -209, -82, 
204, 692, 488, -448, -141, 590, -39, 0, -146, -78, -204, -87, 
190, 707, 517, -448, -163, 612, -39, 9, -141, -68, -195, -78, 
185, 712, 527, -448, -170, 619, -39, 9, -136, -68, -195, -78, 
180, 717, 536, -448, -178, 627, -39, 9, -131, -68, -195, -78, 
175, 722, 546, -448, -185, 634, -39, 9, -126, -68, -195, -78, 
156, 712, 556, -434, -200, 634, -29, 9, -126, -58, -185, -78, 
146, 702, 556, -424, -204, 629, -34, 14, -126, -58, -190, -78, 
146, 697, 551, -422, -202, 624, -34, 14, -126, -58, -190, -78, 
141, 688, 546, -414, -202, 617, -29, 14, -126, -58, -190, -78, 
131, 697, 566, -414, -217, 631, -39, 4, -122, -53, -195, -78, 
141, 697, 556, -419, -207, 627, -39, 4, -122, -58, -200, -78, 
141, 697, 556, -419, -207, 627, -39, 4, -122, -63, -195, -78, 
131, 697, 566, -414, -217, 631, -39, 9, -122, -68, -200, -78, 
131, 707, 575, -419, -222, 641, -39, 19, -107, -58, -200, -68, 
136, 707, 570, -422, -217, 639, -39, 19, -107, -53, -195, -68, 
131, 707, 575, -419, -222, 641, -39, 19, -112, -53, -185, -68, 
146, 707, 561, -427, -207, 634, -39, 19, -112, -53, -180, -68, 
146, 697, 551, -422, -202, 624, -39, 14, -122, -53, -185, -68, 
151, 697, 546, -424, -197, 622, -39, 9, -122, -53, -190, -73, 
151, 697, 546, -424, -197, 622, -39, 4, -122, -53, -195, -73, 
151, 697, 546, -424, -197, 622, -39, 0, -117, -53, -200, -73, 
136, 707, 570, -422, -217, 639, -39, 0, -117, -53, -200, -78, 
131, 707, 575, -419, -222, 641, -39, 0, -117, -53, -204, -78, 
131, 707, 575, -419, -222, 641, -39, 0, -122, -53, -204, -78, 
126, 707, 580, -417, -226, 644, -39, 0, -122, -53, -200, -78, 
126, 707, 580, -417, -226, 644, -48, 0, -131, -53, -200, -78, 
126, 702, 575, -414, -224, 639, -48, 0, -131, -53, -200, -78, 
126, 702, 575, -414, -224, 639, -48, 0, -131, -53, -204, -78, 
126, 702, 575, -414, -224, 639, -48, 0, -131, -53, -204, -78, 
117, 692, 575, -405, -229, 634, -43, 9, -131, -43, -204, -73, 
117, 697, 580, -407, -231, 639, -39, 9, -131, -43, -200, -73, 
117, 697, 580, -407, -231, 639, -34, 9, -136, -43, -200, -73, 
117, 692, 575, -405, -229, 634, -29, 9, -141, -48, -195, -68, 
122, 702, 580, -412, -229, 641, -43, -4, -151, -63, -200, -73, 
131, 697, 566, -414, -217, 631, -48, -9, -151, -63, -204, -78, 
141, 688, 546, -414, -202, 617, -53, -14, -151, -63, -214, -82, 
151, 688, 536, -419, -192, 612, -58, -19, -151, -63, -219, -92, 
151, 692, 541, -422, -195, 617, -63, -14, -165, -78, -209, -97, 
151, 692, 541, -422, -195, 617, -63, -14, -170, -78, -214, -97, 
151, 692, 541, -422, -195, 617, -63, -14, -170, -78, -219, -97, 
151, 692, 541, -422, -195, 617, -58, -9, -170, -78, -219, -97, 
136, 688, 551, -412, -207, 619, -58, -9, -170, -78, -224, -92, 
131, 688, 556, -409, -212, 622, -58, -9, -170, -73, -219, -92, 
131, 688, 556, -409, -212, 622, -58, -9, -170, -73, -219, -92, 
146, 688, 541, -417, -197, 614, -58, -19, -175, -82, -229, -102, 
146, 683, 536, -414, -195, 610, -48, -19, -185, -82, -229, -92, 
141, 683, 541, -412, -200, 612, -48, -19, -170, -73, -229, -92, 
141, 683, 541, -412, -200, 612, -48, -19, -170, -73, -229, -92, 
141, 683, 541, -412, -200, 612, -53, -24, -180, -78, -229, -92, 
156, 697, 541, -427, -192, 619, -53, -14, -170, -78, -224, -102, 
156, 702, 546, -429, -195, 624, -53, -9, -165, -78, -224, -97, 
161, 707, 546, -434, -192, 627, -53, -9, -165, -78, -224, -97, 
161, 712, 551, -436, -195, 631, -53, -14, -165, -78, -224, -102, 
156, 707, 551, -431, -197, 629, -48, -4, -161, -68, -214, -92, 
165, 702, 536, -434, -185, 619, -48, -4, -161, -73, -214, -92, 
161, 697, 536, -429, -187, 617, -48, -4, -161, -73, -214, -92, 
131, 688, 556, -409, -212, 622, -43, 0, -161, -68, -214, -87, 
126, 697, 570, -412, -222, 634, -34, 9, -151, -58, -204, -82, 
126, 702, 575, -414, -224, 639, -34, 9, -151, -58, -204, -87, 
126, 702, 575, -414, -224, 639, -34, 4, -151, -58, -204, -82, 
126, 702, 575, -414, -224, 639, -34, 4, -156, -58, -204, -78, 
136, 697, 561, -417, -212, 629, -39, -4, -161, -63, -209, -82, 
122, 688, 566, -405, -222, 627, -43, -9, -165, -73, -214, -87, 
136, 683, 546, -409, -204, 614, -48, -14, -170, -78, -219, -92, 
136, 678, 541, -407, -202, 610, -58, -24, -170, -87, -229, -97, 
136, 688, 551, -412, -207, 619, -53, -14, -161, -82, -224, -87, 
131, 688, 556, -409, -212, 622, -53, -14, -165, -78, -224, -87, 
126, 688, 561, -407, -217, 624, -53, -14, -165, -73, -219, -87, 
117, 688, 570, -402, -226, 629, -53, -9, -165, -68, -214, -87, 
117, 683, 566, -400, -224, 624, -58, -19, -175, -68, -219, -87, 
126, 683, 556, -405, -214, 619, -58, -19, -175, -73, -219, -92, 
136, 688, 551, -412, -207, 619, -58, -19, -175, -78, -219, -97, 
151, 692, 541, -422, -195, 617, -63, -24, -175, -82, -219, -102, 
146, 683, 536, -414, -195, 610, -53, -24, -175, -82, -209, -92, 
141, 678, 536, -409, -197, 607, -53, -24, -175, -87, -209, -92, 
136, 678, 541, -407, -202, 610, -53, -19, -175, -82, -209, -92, 
136, 678, 541, -407, -202, 610, -53, -19, -175, -73, -209, -92, 
136, 683, 546, -409, -204, 614, -43, -19, -165, -73, -200, -87, 
136, 688, 551, -412, -207, 619, -43, -14, -165, -73, -200, -82, 
136, 688, 551, -412, -207, 619, -43, -9, -165, -73, -200, -78, 
136, 692, 556, -414, -209, 624, -48, -4, -165, -73, -200, -73, 
146, 702, 556, -424, -204, 629, -53, -14, -180, -82, -209, -78, 
146, 707, 561, -427, -207, 634, -58, -19, -180, -82, -209, -82, 
146, 707, 561, -427, -207, 634, -68, -24, -180, -82, -209, -87, 
151, 707, 556, -429, -202, 631, -73, -29, -180, -82, -209, -92, 
151, 707, 556, -429, -202, 631, -63, -29, -175, -92, -214, -92, 
151, 707, 556, -429, -202, 631, -63, -29, -175, -87, -214, -92, 
151, 702, 551, -427, -200, 627, -63, -29, -175, -87, -214, -92, 
151, 692, 541, -422, -195, 617, -63, -29, -175, -87, -214, -92, 
161, 683, 522, -422, -180, 602, -58, -14, -165, -78, -204, -78, 
136, 663, 527, -400, -195, 595, -48, -4, -165, -73, -190, -68, 
92, 692, 600, -392, -253, 646, -53, -19, -156, -58, -190, -68, 
97, 732, 634, -414, -268, 683, -63, -29, -146, -53, -190, -58, 
107, 746, 639, -427, -265, 692, -73, -53, -151, -48, -195, -58, 
82, 761, 678, -422, -297, 719, -73, -87, -141, -24, -170, -53, 
73, 780, 707, -427, -317, 744, -78, -112, -131, 9, -151, -29, 
82, 795, 712, -439, -314, 753, -87, -141, -136, 14, -146, -29, 
82, 805, 722, -444, -319, 763, -82, -151, -146, 14, -141, -29, 
78, 805, 727, -441, -324, 766, -82, -126, -122, 43, -107, 4, 
112, 819, 707, -466, -297, 763, -102, -117, -78, 107, -39, 63, 
151, 888, 736, -519, -292, 812, -131, -131, -14, 204, 68, 151, 
195, 985, 790, -590, -297, 888, -175, -126, 43, 312, 185, 268, 
278, 1083, 805, -680, -263, 944, -219, -63, 156, 448, 346, 414, 
419, 1176, 756, -797, -168, 966, -278, 48, 307, 644, 551, 610, 
688, 1244, 556, -966, 65, 900, -380, 146, 409, 805, 741, 800, 
946, 1293, 346, -1119, 300, 819, -492, 219, 419, 897, 893, 951, 
1112, 1317, 204, -1215, 453, 761, -595, 287, 370, 956, 1034, 1102, 
1268, 1342, 73, -1305, 597, 707, -688, 341, 283, 971, 1112, 1205, 
1464, 1351, -112, -1407, 788, 619, -771, 361, 175, 907, 1073, 1205, 
1576, 1317, -258, -1446, 917, 529, -810, 356, 43, 761, 966, 1122, 
1644, 1239, -405, -1442, 1024, 417, -814, 395, -122, 575, 785, 971, 
1664, 1073, -590, -1368, 1127, 241, -761, 488, -336, 283, 483, 707, 
1586, 785, -800, -1185, 1193, -7, -673, 600, -595, -87, 97, 351, 
1473, 522, -951, -997, 1212, -214, -605, 644, -868, -400, -234, 58, 
1410, 375, -1034, -893, 1222, -329, -580, 556, -1093, -595, -424, -122, 
1278, 297, -980, -788, 1129, -341, -546, 370, -1263, -746, -590, -273, 
1073, 234, -839, -653, 956, -302, -483, 112, -1434, -917, -790, -458, 
927, 195, -732, -561, 829, -268, -468, -175, -1590, -1054, -936, -600, 
849, 165, -683, -507, 766, -258, -478, -395, -1615, -1102, -995, -653, 
780, 156, -624, -468, 702, -234, -448, -444, -1503, -1058, -971, -649, 
683, 175, -507, -429, 595, -165, -400, -370, -1307, -956, -897, -605, 
590, 244, -346, -417, 468, -51, -351, -302, -1122, -834, -814, -546, 
527, 317, -209, -422, 368, 53, -322, -273, -980, -736, -741, -492, 
492, 351, -141, -422, 317, 104, -326, -268, -873, -649, -668, -444, 
463, 395, -68, -429, 265, 163, -317, -248, -756, -536, -595, -380, 
424, 439, 14, -431, 204, 226, -263, -204, -629, -439, -517, -322, 
366, 473, 107, -419, 129, 290, -200, -156, -541, -380, -473, -297, 
307, 507, 200, -407, 53, 353, -141, -102, -463, -331, -439, -263, 
248, 536, 287, -392, -19, 412, -102, -68, -375, -283, -400, -234, 
180, 546, 366, -363, -92, 456, -68, -48, -302, -234, -341, -200, 
117, 575, 458, -346, -170, 517, -58, -34, -258, -180, -292, -156, 
92, 629, 536, -361, -222, 583, -73, -43, -234, -146, -258, -126, 
117, 668, 551, -392, -217, 610, -97, -63, -229, -141, -263, -136, 
175, 683, 507, -429, -165, 595, -107, -63, -244, -141, -273, -146, 
209, 673, 463, -441, -126, 568, -92, -53, -248, -131, -273, -141, 
175, 634, 458, -405, -141, 546, -82, -34, -244, -131, -268, -141, 
156, 639, 483, -397, -163, 561, -73, -34, -229, -131, -278, -151, 
180, 678, 497, -429, -158, 588, -58, -24, -195, -122, -268, -131, 
156, 678, 522, -417, -183, 600, -43, -29, -185, -107, -253, -122, 
126, 653, 527, -390, -200, 590, -53, -34, -175, -102, -248, -117, 
107, 658, 551, -383, -222, 605, -63, -39, -175, -92, -244, -112, 
97, 663, 566, -380, -234, 614, -68, -39, -180, -87, -239, -107, 
82, 663, 580, -373, -248, 622, -68, -39, -185, -87, -234, -102, 
78, 668, 590, -373, -256, 629, -68, -39, -185, -87, -234, -102, 
102, 663, 561, -383, -229, 612, -73, -34, -185, -87, -239, -107, 
112, 653, 541, -383, -214, 597, -73, -29, -190, -97, -244, -107, 
117, 649, 531, -383, -207, 590, -63, -24, -185, -87, -239, -112, 
122, 658, 536, -390, -207, 597, -63, -24, -185, -82, -239, -112, 
122, 663, 541, -392, -209, 602, -63, -24, -170, -78, -239, -107, 
117, 663, 546, -390, -214, 605, -63, -29, -165, -73, -234, -107, 
112, 663, 551, -387, -219, 607, -68, -29, -161, -73, -234, -102, 
112, 673, 561, -392, -224, 617, -68, -29, -161, -73, -229, -97, 
107, 673, 566, -390, -229, 619, -73, -39, -175, -82, -229, -107, 
107, 673, 566, -390, -229, 619, -73, -39, -175, -82, -234, -112, 
107, 673, 566, -390, -229, 619, -78, -34, -175, -82, -234, -112, 
122, 673, 551, -397, -214, 612, -78, -34, -175, -78, -234, -112, 
122, 663, 541, -392, -209, 602, -68, -24, -161, -68, -224, -112, 
117, 663, 546, -390, -214, 605, -68, -24, -156, -68, -214, -107, 
107, 673, 566, -390, -229, 619, -68, -19, -146, -63, -209, -87, 
107, 673, 566, -390, -229, 619, -68, -19, -146, -58, -204, -82, 
107, 673, 566, -390, -229, 619, -58, -24, -146, -58, -214, -82, 
107, 678, 570, -392, -231, 624, -58, -24, -146, -58, -214, -82, 
107, 683, 575, -395, -234, 629, -63, -24, -146, -53, -214, -82, 
112, 692, 580, -402, -234, 636, -63, -19, -146, -53, -214, -78, 
117, 683, 566, -400, -224, 624, -63, -9, -146, -63, -214, -87, 
126, 688, 561, -407, -217, 624, -63, -9, -141, -63, -214, -92, 
126, 697, 570, -412, -222, 634, -63, -9, -131, -63, -209, -92, 
122, 697, 575, -409, -226, 636, -63, -4, -126, -58, -209, -87, 
112, 688, 575, -400, -231, 631, -58, -4, -122, -48, -195, -73, 
107, 683, 575, -395, -234, 629, -58, -4, -117, -48, -195, -73, 
102, 683, 580, -392, -239, 631, -58, -4, -117, -43, -190, -68, 
97, 683, 585, -390, -244, 634, -53, 0, -112, -39, -180, -63, 
87, 688, 600, -387, -256, 644, -63, -9, -107, -48, -190, -68, 
97, 702, 605, -400, -253, 653, -63, -9, -102, -39, -185, -68, 
97, 702, 605, -400, -253, 653, -63, -4, -97, -39, -185, -68, 
92, 702, 610, -397, -258, 656, -63, -4, -97, -39, -185, -63, 
102, 712, 610, -407, -253, 661, -73, -4, -82, -29, -175, -63, 
126, 722, 595, -424, -234, 658, -78, -4, -78, -29, -175, -58, 
136, 727, 590, -431, -226, 658, -78, 0, -68, -29, -175, -58, 
136, 727, 590, -431, -226, 658, -73, 9, -58, -14, -170, -48, 
112, 722, 610, -417, -248, 666, -68, 24, -48, 0, -161, -43, 
107, 722, 614, -414, -253, 668, -63, 24, -43, 9, -146, -39, 
107, 732, 624, -419, -258, 678, -63, 24, -39, 14, -136, -34, 
117, 736, 619, -427, -251, 678, -63, 24, -34, 14, -131, -34, 
131, 727, 595, -429, -231, 661, -68, 19, -34, 9, -141, -34, 
131, 732, 600, -431, -234, 666, -73, 14, -29, 19, -141, -34, 
136, 741, 605, -439, -234, 673, -78, 14, -24, 19, -141, -34, 
151, 746, 595, -448, -222, 671, -82, 19, -19, 19, -141, -39, 
141, 746, 605, -444, -231, 675, -87, 19, -14, 34, -126, -24, 
146, 751, 605, -448, -229, 678, -87, 29, 0, 39, -126, -19, 
161, 756, 595, -458, -217, 675, -87, 29, 4, 43, -112, -14, 
161, 761, 600, -461, -219, 680, -87, 39, 19, 58, -102, 0, 
151, 766, 614, -458, -231, 690, -87, 53, 39, 63, -102, 14, 
151, 775, 624, -463, -236, 700, -87, 58, 48, 73, -92, 24, 
156, 775, 619, -466, -231, 697, -87, 63, 53, 82, -82, 24, 
156, 771, 614, -463, -229, 692, -92, 73, 68, 92, -82, 29, 
165, 785, 619, -475, -226, 702, -92, 73, 97, 102, -58, 34, 
180, 800, 619, -490, -219, 710, -92, 78, 112, 117, -48, 39, 
180, 810, 629, -495, -224, 719, -92, 82, 126, 131, -39, 53, 
180, 810, 629, -495, -224, 719, -92, 92, 136, 146, -29, 63, 
170, 819, 649, -495, -239, 734, -107, 87, 141, 156, -24, 73, 
180, 834, 653, -507, -236, 744, -112, 92, 146, 165, -19, 78, 
180, 844, 663, -512, -241, 753, -117, 92, 161, 170, -9, 82, 
185, 844, 658, -514, -236, 751, -117, 97, 161, 175, -4, 87, 
195, 849, 653, -522, -229, 751, -107, 112, 180, 185, 0, 102, 
209, 854, 644, -531, -217, 749, -112, 112, 190, 195, 4, 102, 
200, 849, 649, -524, -224, 749, -112, 117, 204, 204, 14, 112, 
190, 849, 658, -519, -234, 753, -112, 117, 224, 214, 19, 117, 
190, 863, 673, -527, -241, 768, -117, 117, 219, 224, 24, 112, 
200, 863, 663, -531, -231, 763, -122, 117, 224, 224, 29, 112, 
200, 863, 663, -531, -231, 763, -122, 117, 224, 224, 29, 117, 
204, 873, 668, -539, -231, 771, -126, 117, 229, 229, 29, 122, 
209, 883, 673, -546, -231, 778, -136, 122, 234, 224, 43, 126, 
200, 883, 683, -541, -241, 783, -136, 122, 234, 229, 43, 126, 
214, 883, 668, -549, -226, 775, -136, 117, 234, 229, 43, 126, 
224, 883, 658, -553, -217, 771, -141, 117, 234, 229, 43, 126, 
224, 883, 658, -553, -217, 771, -131, 107, 234, 239, 48, 131, 
224, 883, 658, -553, -217, 771, -131, 97, 229, 234, 43, 126, 
234, 883, 649, -558, -207, 766, -136, 97, 229, 234, 43, 126, 
234, 883, 649, -558, -207, 766, -136, 97, 229, 234, 48, 126, 
229, 883, 653, -556, -212, 768, -146, 97, 219, 224, 39, 122, 
224, 893, 668, -558, -222, 780, -146, 97, 219, 229, 39, 126, 
219, 902, 683, -561, -231, 793, -146, 97, 224, 234, 48, 126, 
219, 917, 697, -568, -239, 807, -146, 97, 229, 234, 48, 126, 
229, 917, 688, -573, -229, 802, -146, 97, 229, 224, 39, 136, 
224, 912, 688, -568, -231, 800, -146, 97, 224, 234, 48, 136, 
219, 902, 683, -561, -231, 793, -141, 97, 224, 234, 48, 146, 
204, 897, 692, -551, -244, 795, -141, 97, 224, 234, 48, 146, 
239, 902, 663, -570, -212, 783, -141, 82, 234, 244, 63, 151, 
253, 907, 653, -580, -200, 780, -141, 82, 234, 244, 68, 151, 
263, 912, 649, -588, -192, 780, -141, 82, 229, 244, 68, 151, 
273, 932, 658, -602, -192, 795, -141, 82, 229, 239, 68, 151, 
263, 941, 678, -602, -207, 810, -131, 92, 224, 239, 68, 161, 
258, 946, 688, -602, -214, 817, -131, 87, 219, 234, 63, 161, 
263, 941, 678, -602, -207, 810, -146, 82, 209, 224, 63, 156, 
258, 946, 688, -602, -214, 817, -146, 73, 204, 224, 63, 156, 
258, 941, 683, -600, -212, 812, -146, 73, 209, 214, 48, 146, 
268, 936, 668, -602, -200, 802, -161, 63, 195, 209, 39, 146, 
273, 927, 653, -600, -190, 790, -161, 53, 180, 204, 39, 141, 
273, 912, 639, -592, -183, 775, -165, 58, 175, 200, 34, 141, 
258, 927, 668, -592, -204, 797, -170, 58, 170, 209, 43, 151, 
258, 927, 668, -592, -204, 797, -180, 48, 151, 195, 34, 131, 
253, 917, 663, -585, -204, 790, -190, 48, 136, 185, 34, 122, 
244, 912, 668, -578, -212, 790, -190, 43, 117, 175, 24, 122, 
248, 893, 644, -570, -197, 768, -200, 39, 107, 161, 19, 107, 
239, 873, 634, -556, -197, 753, -195, 34, 87, 151, 4, 97, 
234, 858, 624, -546, -195, 741, -200, 29, 58, 131, -9, 92, 
234, 849, 614, -541, -190, 732, -204, 14, 29, 122, -34, 82, 
248, 839, 590, -544, -170, 714, -214, 0, 0, 92, -53, 73, 
248, 824, 575, -536, -163, 700, -219, -9, -29, 73, -68, 63, 
253, 810, 556, -531, -151, 683, -224, -19, -58, 53, -78, 43, 
258, 810, 551, -534, -146, 680, -224, -34, -78, 34, -102, 29, 
253, 775, 522, -514, -134, 649, -224, -48, -107, 9, -117, 9, 
253, 766, 512, -509, -129, 639, -219, -58, -131, 0, -126, -4, 
258, 756, 497, -507, -119, 627, -219, -58, -146, -14, -141, -9, 
258, 746, 488, -502, -114, 617, -209, -53, -165, -29, -156, -19, 
273, 741, 468, -507, -97, 605, -219, -68, -185, -39, -175, -29, 
268, 741, 473, -505, -102, 607, -214, -78, -190, -48, -185, -39, 
268, 741, 473, -505, -102, 607, -214, -82, -195, -53, -190, -43, 
263, 741, 478, -502, -107, 610, -214, -92, -195, -48, -195, -48, 
244, 732, 488, -488, -122, 610, -209, -87, -195, -43, -185, -48, 
229, 741, 512, -485, -141, 627, -200, -82, -190, -43, -180, -48, 
214, 741, 527, -478, -156, 634, -190, -78, -190, -48, -180, -48, 
204, 732, 527, -468, -161, 629, -185, -78, -200, -53, -190, -53, 
195, 732, 536, -463, -170, 634, -175, -68, -185, -58, -190, -48, 
195, 732, 536, -463, -170, 634, -175, -68, -180, -53, -185, -48, 
195, 727, 531, -461, -168, 629, -175, -68, -185, -53, -190, -48, 
200, 732, 531, -466, -165, 631, -170, -68, -180, -53, -190, -48, 
200, 722, 522, -461, -161, 622, -170, -68, -185, -58, -195, -48, 
200, 712, 512, -456, -156, 612, -170, -63, -195, -68, -204, -63, 
200, 707, 507, -453, -153, 607, -165, -63, -195, -78, -204, -58, 
195, 707, 512, -451, -158, 610, -165, -63, -190, -78, -204, -48, 
190, 697, 507, -444, -158, 602, -170, -68, -200, -78, -209, -63, 
190, 692, 502, -441, -156, 597, -165, -58, -204, -73, -214, -68, 
180, 688, 507, -434, -163, 597, -161, -58, -200, -78, -219, -68, 
180, 683, 502, -431, -161, 592, -161, -53, -195, -73, -219, -68, 
190, 702, 512, -446, -161, 607, -161, -48, -180, -73, -214, -63, 
190, 712, 522, -451, -165, 617, -151, -43, -180, -73, -209, -58, 
195, 722, 527, -458, -165, 624, -146, -39, -180, -73, -204, -53, 
200, 717, 517, -458, -158, 617, -141, -34, -180, -78, -204, -53, 
165, 717, 551, -441, -192, 634, -126, -24, -170, -78, -195, -53, 
151, 712, 561, -431, -204, 636, -117, -14, -165, -73, -195, -53, 
136, 712, 575, -424, -219, 644, -107, -14, -161, -73, -195, -53, 
126, 707, 580, -417, -226, 644, -102, -14, -156, -78, -195, -53, 
112, 673, 561, -392, -224, 617, -97, -4, -161, -92, -209, -68, 
107, 658, 551, -383, -222, 605, -97, -9, -165, -97, -214, -73, 
107, 649, 541, -378, -217, 595, -97, -9, -170, -97, -214, -82, 
117, 639, 522, -378, -202, 580, -97, -14, -175, -102, -219, -87, 
122, 653, 531, -387, -204, 592, -112, -34, -190, -117, -229, -102, 
126, 653, 527, -390, -200, 590, -112, -39, -195, -122, -239, -102, 
131, 658, 527, -395, -197, 592, -107, -43, -200, -126, -244, -107, 
136, 663, 527, -400, -195, 595, -107, -53, -204, -126, -248, -112, 
126, 663, 536, -395, -204, 600, -102, -48, -200, -126, -258, -117, 
136, 644, 507, -390, -185, 575, -92, -48, -195, -131, -248, -117, 
146, 634, 488, -390, -170, 561, -87, -29, -185, -117, -234, -107, 
131, 644, 512, -387, -190, 578, -87, -29, -175, -117, -234, -97, 
126, 644, 517, -385, -195, 580, -87, -29, -175, -117, -234, -97, 
122, 644, 522, -383, -200, 583, -87, -29, -175, -117, -234, -97, 
117, 644, 527, -380, -204, 585, -87, -29, -175, -117, -234, -97, 
97, 653, 556, -375, -229, 605, -78, -39, -175, -107, -234, -97, 
97, 653, 556, -375, -229, 605, -82, -34, -175, -107, -239, -97, 
107, 658, 551, -383, -222, 605, -82, -34, -175, -107, -239, -97, 
112, 658, 546, -385, -217, 602, -78, -34, -175, -107, -239, -97, 
122, 658, 536, -390, -207, 597, -87, -24, -161, -107, -239, -87, 
131, 658, 527, -395, -197, 592, -87, -24, -161, -107, -239, -87, 
131, 658, 527, -395, -197, 592, -87, -24, -161, -107, -229, -87, 
122, 658, 536, -390, -207, 597, -87, -19, -161, -107, -229, -87, 
122, 653, 531, -387, -204, 592, -97, -24, -161, -117, -244, -82, 
126, 649, 522, -387, -197, 585, -97, -29, -165, -112, -244, -87, 
122, 644, 522, -383, -200, 583, -97, -34, -175, -112, -239, -92, 
136, 639, 502, -387, -183, 570, -97, -39, -180, -112, -239, -97, 
117, 644, 527, -380, -204, 585, -92, -34, -170, -102, -234, -92, 
112, 649, 536, -380, -212, 592, -87, -29, -170, -102, -229, -92, 
102, 653, 551, -378, -224, 602, -82, -24, -170, -102, -224, -87, 
92, 658, 566, -375, -236, 612, -78, -19, -165, -102, -219, -82, 
92, 649, 556, -370, -231, 602, -87, -19, -175, -102, -219, -78, 
92, 649, 556, -370, -231, 602, -87, -19, -175, -102, -224, -78, 
97, 649, 551, -373, -226, 600, -87, -19, -180, -102, -224, -78, 
97, 649, 551, -373, -226, 600, -87, -19, -180, -102, -219, -78, 
97, 649, 551, -373, -226, 600, -87, -29, -200, -107, -229, -82, 
97, 644, 546, -370, -224, 595, -87, -29, -200, -112, -229, -87, 
97, 644, 546, -370, -224, 595, -87, -29, -200, -117, -234, -92, 
97, 644, 546, -370, -224, 595, -87, -29, -200, -122, -234, -97, 
97, 634, 536, -366, -219, 585, -87, -29, -190, -112, -239, -87, 
97, 639, 541, -368, -222, 590, -87, -29, -190, -112, -239, -92, 
97, 639, 541, -368, -222, 590, -87, -29, -195, -112, -244, -97, 
97, 634, 536, -366, -219, 585, -87, -29, -200, -117, -244, -97, 
112, 639, 527, -375, -207, 583, -97, -39, -204, -126, -253, -107, 
122, 639, 517, -380, -197, 578, -97, -39, -209, -131, -253, -107, 
131, 634, 502, -383, -185, 568, -97, -39, -214, -136, -258, -107, 
141, 639, 497, -390, -178, 568, -97, -39, -219, -141, -258, -112, 
122, 639, 517, -380, -197, 578, -97, -34, -224, -136, -248, -107, 
112, 634, 522, -373, -204, 578, -92, -34, -229, -136, -253, -107, 
102, 629, 527, -366, -212, 578, -87, -34, -229, -136, -258, -107, 
92, 624, 531, -358, -219, 578, -78, -29, -229, -136, -258, -107, 
92, 619, 527, -356, -217, 573, -87, -39, -229, -146, -258, -112, 
92, 619, 527, -356, -217, 573, -87, -39, -229, -141, -258, -112, 
97, 619, 522, -358, -212, 570, -87, -39, -229, -141, -263, -112, 
117, 619, 502, -368, -192, 561, -87, -48, -234, -151, -278, -122, 
126, 624, 497, -375, -185, 561, -78, -39, -244, -161, -268, -112, 
122, 624, 502, -373, -190, 563, -78, -39, -229, -151, -268, -112, 
122, 624, 502, -373, -190, 563, -78, -39, -229, -151, -268, -112, 
122, 624, 502, -373, -190, 563, -82, -43, -239, -156, -268, -112, 
122, 619, 497, -370, -187, 558, -92, -43, -248, -156, -273, -122, 
117, 614, 497, -366, -190, 556, -92, -39, -244, -156, -273, -117, 
117, 610, 492, -363, -187, 551, -92, -39, -244, -156, -273, -117, 
112, 605, 492, -358, -190, 549, -92, -43, -244, -156, -273, -122, 
112, 614, 502, -363, -195, 558, -97, -43, -239, -165, -283, -122, 
126, 614, 488, -370, -180, 551, -97, -43, -239, -170, -283, -122, 
126, 614, 488, -370, -180, 551, -97, -43, -239, -170, -283, -122, 
102, 610, 507, -356, -202, 558, -92, -39, -239, -165, -283, -117, 
102, 614, 512, -358, -204, 563, -102, -48, -239, -165, -283, -117, 
107, 624, 517, -366, -204, 570, -102, -48, -239, -165, -283, -126, 
112, 629, 517, -370, -202, 573, -102, -53, -239, -165, -283, -126, 
117, 634, 517, -375, -200, 575, -102, -53, -244, -165, -283, -126, 
117, 629, 512, -373, -197, 570, -92, -48, -253, -165, -292, -126, 
102, 619, 517, -361, -207, 568, -92, -48, -253, -170, -292, -126, 
117, 614, 497, -366, -190, 556, -92, -48, -253, -170, -292, -126, 
117, 610, 492, -363, -187, 551, -97, -53, -248, -175, -297, -126, 
112, 610, 497, -361, -192, 553, -92, -43, -239, -170, -292, -122, 
102, 610, 507, -356, -202, 558, -92, -43, -244, -165, -292, -117, 
92, 610, 517, -351, -212, 563, -92, -43, -244, -161, -287, -112, 
78, 610, 531, -344, -226, 570, -92, -39, -244, -156, -283, -107, 
78, 610, 531, -344, -226, 570, -87, -48, -244, -156, -287, -107, 
87, 614, 527, -351, -219, 570, -87, -48, -244, -161, -287, -112, 
97, 624, 527, -361, -214, 575, -87, -48, -244, -165, -287, -117, 
112, 634, 522, -373, -204, 578, -92, -53, -244, -170, -287, -122, 
102, 629, 527, -366, -212, 578, -92, -43, -244, -175, -287, -112, 
102, 619, 517, -361, -207, 568, -92, -43, -244, -185, -287, -112, 
102, 614, 512, -358, -204, 563, -92, -39, -244, -185, -287, -112, 
107, 610, 502, -358, -197, 556, -92, -39, -244, -180, -287, -112, 
92, 600, 507, -346, -207, 553, -82, -43, -234, -180, -287, -112, 
87, 600, 512, -344, -212, 556, -82, -43, -234, -180, -287, -112, 
82, 595, 512, -339, -214, 553, -82, -43, -234, -180, -287, -112, 
78, 595, 517, -336, -219, 556, -87, -43, -234, -180, -287, -112, 
73, 585, 512, -329, -219, 549, -78, -39, -239, -190, -287, -122, 
68, 590, 522, -329, -226, 556, -78, -39, -239, -190, -287, -122, 
63, 590, 527, -326, -231, 558, -82, -39, -239, -190, -287, -122, 
63, 590, 527, -326, -231, 558, -82, -39, -239, -190, -287, -122, 
73, 605, 531, -339, -229, 568, -92, -48, -244, -190, -292, -122, 
82, 610, 527, -346, -222, 568, -92, -48, -244, -185, -292, -122, 
92, 610, 517, -351, -212, 563, -92, -48, -244, -185, -292, -122, 
102, 605, 502, -353, -200, 553, -92, -48, -244, -185, -292, -122, 
63, 605, 541, -334, -239, 573, -87, -34, -234, -175, -273, -107, 
39, 585, 546, -312, -253, 566, -68, -24, -214, -161, -258, -87, 
82, 605, 522, -344, -219, 563, -73, -39, -224, -165, -278, -87, 
107, 634, 527, -370, -209, 580, -92, -58, -234, -170, -278, -97, 
87, 658, 570, -373, -241, 614, -122, -92, -239, -165, -273, -97, 
63, 683, 619, -373, -278, 651, -122, -126, -219, -141, -248, -73, 
43, 692, 649, -368, -302, 671, -126, -161, -209, -107, -219, -48, 
24, 707, 683, -366, -329, 695, -126, -180, -204, -73, -185, -29, 
24, 717, 692, -370, -334, 705, -131, -190, -204, -63, -170, -9, 
48, 746, 697, -397, -324, 722, -151, -204, -209, -53, -165, -4, 
92, 780, 688, -436, -297, 734, -170, -204, -195, 0, -107, 43, 
112, 829, 717, -470, -302, 773, -180, -200, -122, 117, 9, 161, 
126, 888, 761, -507, -317, 824, -195, -175, -43, 224, 146, 297, 
219, 966, 746, -592, -263, 856, -258, -131, 29, 331, 268, 414, 
429, 1068, 639, -749, -104, 854, -346, -39, 131, 468, 434, 561, 
668, 1137, 468, -902, 100, 802, -429, 78, 244, 610, 634, 751, 
897, 1166, 268, -1032, 314, 717, -522, 190, 273, 702, 785, 912, 
1132, 1190, 58, -1161, 536, 624, -634, 258, 204, 741, 878, 1015, 
1337, 1224, -112, -1281, 724, 556, -746, 312, 107, 727, 907, 1078, 
1473, 1224, -248, -1349, 861, 488, -819, 322, 0, 644, 858, 1078, 
1595, 1200, -395, -1398, 995, 402, -858, 326, -131, 507, 732, 976, 
1683, 1112, -570, -1398, 1127, 270, -854, 356, -307, 302, 531, 805, 
1664, 878, -785, -1271, 1224, 46, -780, 458, -522, 0, 209, 512, 
1605, 561, -1044, -1083, 1324, -241, -673, 590, -790, -400, -214, 117, 
1542, 336, -1205, -939, 1373, -434, -595, 634, -1083, -732, -556, -204, 
1459, 239, -1220, -849, 1339, -490, -570, 546, -1317, -907, -736, -375, 
1288, 161, -1127, -724, 1207, -483, -546, 331, -1488, -1019, -854, -488, 
1073, 68, -1005, -570, 1039, -468, -492, 43, -1649, -1180, -1034, -663, 
888, 0, -888, -444, 888, -444, -497, -273, -1815, -1317, -1180, -805, 
761, -29, -790, -366, 775, -409, -527, -502, -1869, -1356, -1229, -849, 
673, -19, -692, -326, 683, -356, -488, -531, -1737, -1293, -1195, -834, 
575, -9, -585, -283, 580, -297, -409, -429, -1512, -1180, -1122, -780, 
531, 9, -522, -270, 527, -256, -361, -351, -1317, -1068, -1029, -712, 
507, 63, -444, -285, 475, -190, -351, -331, -1176, -980, -956, -658, 
473, 175, -297, -324, 385, -61, -346, -307, -1058, -873, -863, -580, 
434, 278, -156, -356, 295, 61, -336, -287, -912, -741, -751, -478, 
375, 331, -43, -353, 209, 143, -292, -244, -766, -614, -644, -390, 
297, 356, 58, -326, 119, 207, -239, -185, -649, -527, -570, -336, 
248, 400, 151, -324, 48, 275, -190, -141, -561, -468, -517, -312, 
219, 439, 219, -329, 0, 329, -161, -117, -492, -419, -478, -283, 
151, 448, 297, -300, -73, 373, -126, -87, -419, -351, -439, -248, 
87, 478, 390, -283, -151, 434, -107, -82, -356, -287, -390, -195, 
73, 512, 439, -292, -183, 475, -112, -82, -331, -263, -356, -165, 
68, 541, 473, -305, -202, 507, -126, -82, -336, -268, -351, -165, 
48, 556, 507, -302, -229, 531, -126, -73, -331, -258, -341, -156, 
53, 556, 502, -305, -224, 529, -112, -63, -317, -248, -341, -151, 
97, 556, 458, -326, -180, 507, -112, -63, -331, -248, -346, -170, 
126, 561, 434, -344, -153, 497, -122, -53, -317, -248, -356, -180, 
112, 570, 458, -341, -173, 514, -117, -53, -312, -248, -346, -180, 
78, 570, 492, -324, -207, 531, -112, -58, -292, -244, -341, -170, 
58, 556, 497, -307, -219, 527, -92, -43, -273, -229, -317, -136, 
53, 556, 502, -305, -224, 529, -82, -39, -263, -219, -317, -126, 
48, 556, 507, -302, -229, 531, -87, -39, -268, -214, -317, -126, 
39, 551, 512, -295, -236, 531, -87, -39, -273, -214, -317, -126, 
39, 551, 512, -295, -236, 531, -87, -39, -273, -214, -322, -131, 
58, 561, 502, -309, -222, 531, -102, -39, -273, -224, -331, -136, 
63, 556, 492, -309, -214, 524, -102, -39, -278, -234, -331, -136, 
63, 556, 492, -309, -214, 524, -92, -39, -273, -224, -322, -141, 
63, 570, 507, -317, -222, 539, -92, -43, -273, -219, -317, -141, 
48, 575, 527, -312, -239, 551, -82, -34, -268, -209, -307, -126, 
39, 575, 536, -307, -248, 556, -82, -39, -263, -200, -302, -126, 
29, 575, 546, -302, -258, 561, -87, -39, -258, -195, -302, -122, 
24, 585, 561, -305, -268, 573, -87, -39, -258, -190, -297, -117, 
24, 575, 551, -300, -263, 563, -92, -39, -253, -190, -297, -107, 
29, 575, 546, -302, -258, 561, -92, -39, -253, -190, -302, -112, 
34, 575, 541, -305, -253, 558, -97, -34, -253, -190, -302, -112, 
53, 575, 522, -314, -234, 549, -97, -34, -253, -185, -302, -112, 
53, 585, 531, -319, -239, 558, -87, -34, -248, -195, -302, -107, 
48, 585, 536, -317, -244, 561, -87, -34, -244, -195, -292, -107, 
39, 595, 556, -317, -258, 575, -87, -29, -234, -190, -287, -92, 
39, 595, 556, -317, -258, 575, -87, -29, -234, -185, -283, -92, 
53, 580, 527, -317, -236, 553, -97, -24, -224, -180, -273, -92, 
58, 580, 522, -319, -231, 551, -97, -24, -224, -175, -273, -92, 
63, 580, 517, -322, -226, 549, -102, -24, -224, -165, -273, -92, 
73, 585, 512, -329, -219, 549, -102, -19, -224, -161, -273, -87, 
73, 585, 512, -329, -219, 549, -102, -29, -229, -165, -273, -87, 
78, 590, 512, -334, -217, 551, -102, -29, -229, -170, -273, -92, 
73, 600, 527, -336, -226, 563, -102, -29, -224, -175, -268, -92, 
63, 600, 536, -331, -236, 568, -102, -24, -224, -175, -268, -87, 
58, 610, 551, -334, -246, 580, -107, -34, -219, -165, -263, -87, 
58, 605, 546, -331, -244, 575, -107, -34, -214, -165, -263, -92, 
58, 605, 546, -331, -244, 575, -107, -34, -214, -161, -258, -92, 
58, 605, 546, -331, -244, 575, -102, -29, -209, -156, -248, -92, 
48, 600, 551, -324, -251, 575, -92, -19, -195, -156, -239, -78, 
58, 614, 556, -336, -248, 585, -92, -19, -190, -146, -234, -78, 
58, 614, 556, -336, -248, 585, -92, -14, -185, -146, -234, -78, 
53, 614, 561, -334, -253, 588, -92, -14, -185, -146, -234, -73, 
58, 624, 566, -341, -253, 595, -102, -14, -190, -146, -229, -63, 
78, 634, 556, -356, -239, 595, -107, -14, -185, -146, -234, -58, 
82, 639, 556, -361, -236, 597, -107, -9, -175, -146, -239, -58, 
78, 639, 561, -358, -241, 600, -102, 0, -165, -131, -239, -48, 
87, 634, 546, -361, -229, 590, -112, -4, -156, -136, -234, -48, 
97, 634, 536, -366, -219, 585, -112, -4, -151, -126, -224, -48, 
112, 644, 531, -378, -209, 588, -117, -4, -146, -122, -219, -48, 
136, 649, 512, -392, -187, 580, -122, -4, -141, -122, -219, -53, 
122, 644, 522, -383, -200, 583, -117, 0, -126, -122, -204, -43, 
102, 644, 541, -373, -219, 592, -112, 4, -117, -107, -200, -34, 
87, 649, 561, -368, -236, 605, -107, 14, -107, -102, -195, -24, 
82, 649, 566, -366, -241, 607, -102, 29, -97, -97, -190, -19, 
87, 653, 566, -370, -239, 610, -112, 19, -97, -82, -185, -24, 
97, 663, 566, -380, -234, 614, -117, 29, -87, -78, -185, -19, 
117, 673, 556, -395, -219, 614, -122, 29, -87, -73, -170, -14, 
122, 683, 561, -402, -219, 622, -126, 39, -78, -58, -161, 0, 
131, 683, 551, -407, -209, 617, -126, 48, -48, -53, -161, 4, 
131, 697, 566, -414, -217, 631, -126, 48, -39, -43, -151, 14, 
136, 702, 566, -419, -214, 634, -126, 48, -34, -34, -141, 14, 
136, 702, 566, -419, -214, 634, -131, 53, -19, -24, -141, 19, 
146, 697, 551, -422, -202, 624, -131, 63, -9, -24, -117, 34, 
161, 712, 551, -436, -195, 631, -131, 68, 4, -9, -107, 39, 
161, 722, 561, -441, -200, 641, -131, 73, 19, 4, -97, 53, 
161, 722, 561, -441, -200, 641, -131, 82, 29, 19, -87, 63, 
156, 727, 570, -441, -207, 649, -131, 97, 48, 34, -63, 73, 
161, 746, 585, -453, -212, 666, -131, 102, 58, 48, -58, 78, 
156, 761, 605, -458, -224, 683, -131, 102, 78, 58, -48, 82, 
156, 766, 610, -461, -226, 688, -126, 107, 82, 68, -43, 87, 
161, 761, 600, -461, -219, 680, -117, 117, 92, 78, -29, 97, 
170, 766, 595, -468, -212, 680, -122, 122, 102, 87, -24, 102, 
156, 761, 605, -458, -224, 683, -122, 131, 117, 97, -14, 117, 
141, 761, 619, -451, -239, 690, -122, 136, 136, 107, -9, 126, 
161, 775, 614, -468, -226, 695, -141, 131, 126, 102, -9, 126, 
170, 775, 605, -473, -217, 690, -151, 126, 126, 97, -9, 122, 
170, 775, 605, -473, -217, 690, -156, 122, 122, 92, -14, 122, 
175, 785, 610, -480, -217, 697, -165, 117, 122, 92, -19, 122, 
170, 795, 624, -483, -226, 710, -151, 131, 141, 102, -9, 131, 
151, 795, 644, -473, -246, 719, -146, 131, 146, 112, -4, 136, 
156, 795, 639, -475, -241, 717, -141, 126, 151, 117, 0, 141, 
156, 795, 639, -475, -241, 717, -141, 126, 156, 122, 4, 146, 
156, 795, 639, -475, -241, 717, -141, 126, 156, 122, 9, 141, 
156, 795, 639, -475, -241, 717, -141, 117, 151, 117, 4, 136, 
165, 795, 629, -480, -231, 712, -146, 117, 151, 117, 4, 136, 
165, 795, 629, -480, -231, 712, -146, 117, 151, 117, 9, 136, 
180, 785, 605, -483, -212, 695, -156, 107, 136, 107, -4, 136, 
185, 795, 610, -490, -212, 702, -156, 107, 131, 102, -9, 136, 
190, 805, 614, -497, -212, 710, -156, 107, 131, 97, -4, 131, 
200, 819, 619, -509, -209, 719, -156, 107, 131, 87, -9, 126, 
224, 834, 610, -529, -192, 722, -165, 97, 136, 97, -9, 136, 
224, 834, 610, -529, -192, 722, -165, 97, 136, 107, 0, 136, 
224, 829, 605, -527, -190, 717, -161, 97, 141, 107, 0, 146, 
214, 829, 614, -522, -200, 722, -161, 97, 146, 107, 0, 146, 
234, 844, 610, -539, -187, 727, -156, 97, 156, 126, 14, 165, 
234, 849, 614, -541, -190, 732, -151, 102, 156, 136, 29, 170, 
229, 854, 624, -541, -197, 739, -146, 107, 151, 146, 39, 175, 
224, 873, 649, -549, -212, 761, -141, 112, 151, 151, 48, 180, 
234, 873, 639, -553, -202, 756, -151, 107, 136, 141, 34, 175, 
239, 868, 629, -553, -195, 749, -151, 97, 131, 126, 24, 170, 
253, 854, 600, -553, -173, 727, -165, 87, 122, 107, 19, 161, 
258, 849, 590, -553, -165, 719, -165, 73, 117, 97, 14, 156, 
253, 849, 595, -551, -170, 722, -170, 82, 122, 87, 0, 156, 
258, 849, 590, -553, -165, 719, -180, 73, 107, 82, -9, 156, 
258, 844, 585, -551, -163, 714, -175, 63, 92, 78, -9, 151, 
253, 834, 580, -544, -163, 707, -175, 68, 87, 73, -14, 151, 
253, 834, 580, -544, -163, 707, -195, 48, 68, 68, -19, 156, 
258, 829, 570, -544, -156, 700, -209, 29, 43, 48, -34, 131, 
258, 814, 556, -536, -148, 685, -224, 19, 24, 34, -39, 117, 
253, 805, 551, -529, -148, 678, -229, 4, 0, 19, -53, 112, 
253, 785, 531, -519, -139, 658, -229, 0, -24, 9, -78, 92, 
248, 766, 517, -507, -134, 641, -224, -4, -48, -4, -92, 78, 
248, 751, 502, -500, -126, 627, -229, -9, -82, -29, -107, 68, 
253, 741, 488, -497, -117, 614, -234, -24, -117, -43, -131, 53, 
263, 732, 468, -497, -102, 600, -224, -29, -151, -63, -141, 34, 
258, 717, 458, -488, -100, 588, -229, -39, -175, -82, -156, 24, 
258, 702, 444, -480, -92, 573, -234, -48, -200, -102, -165, 4, 
258, 702, 444, -480, -92, 573, -234, -63, -214, -122, -190, -9, 
248, 673, 424, -461, -87, 549, -234, -78, -229, -151, -209, -24, 
244, 668, 424, -456, -90, 546, -229, -87, -248, -156, -214, -34, 
244, 663, 419, -453, -87, 541, -229, -87, -258, -165, -224, -34, 
239, 658, 419, -448, -90, 539, -219, -82, -273, -175, -234, -39, 
239, 644, 405, -441, -82, 524, -214, -87, -287, -185, -244, -53, 
229, 644, 414, -436, -92, 529, -204, -87, -287, -195, -253, -58, 
224, 644, 419, -434, -97, 531, -200, -82, -287, -200, -258, -58, 
214, 644, 429, -429, -107, 536, -195, -82, -283, -195, -263, -58, 
204, 644, 439, -424, -117, 541, -195, -73, -283, -200, -253, -58, 
200, 653, 453, -427, -126, 553, -190, -73, -278, -200, -248, -58, 
195, 653, 458, -424, -131, 556, -185, -73, -278, -204, -248, -58, 
195, 644, 448, -419, -126, 546, -185, -78, -287, -209, -258, -63, 
190, 639, 448, -414, -129, 544, -185, -78, -278, -214, -263, -63, 
185, 634, 448, -409, -131, 541, -185, -78, -278, -209, -263, -68, 
180, 624, 444, -402, -131, 534, -185, -78, -287, -209, -273, -73, 
180, 624, 444, -402, -131, 534, -180, -78, -287, -209, -278, -78, 
165, 614, 448, -390, -141, 531, -180, -78, -302, -214, -283, -82, 
161, 605, 444, -383, -141, 524, -180, -73, -312, -224, -292, -102, 
156, 600, 444, -378, -143, 522, -175, -73, -312, -234, -292, -102, 
146, 600, 453, -373, -153, 527, -175, -73, -307, -234, -292, -97, 
146, 605, 458, -375, -156, 531, -161, -63, -302, -234, -292, -97, 
151, 605, 453, -378, -151, 529, -156, -48, -302, -229, -292, -97, 
146, 605, 458, -375, -156, 531, -151, -43, -292, -234, -292, -92, 
151, 605, 453, -378, -151, 529, -151, -34, -283, -229, -287, -87, 
161, 610, 448, -385, -143, 529, -151, -19, -268, -219, -283, -78, 
151, 614, 463, -383, -156, 539, -141, -14, -268, -219, -278, -78, 
146, 619, 473, -383, -163, 546, -136, -9, -268, -219, -273, -78, 
141, 610, 468, -375, -163, 539, -131, -4, -268, -224, -273, -82, 
107, 610, 502, -358, -197, 556, -117, 0, -248, -219, -268, -73, 
92, 605, 512, -348, -209, 558, -107, 4, -244, -209, -263, -73, 
78, 605, 527, -341, -224, 566, -97, 0, -239, -204, -258, -73, 
68, 600, 531, -334, -231, 566, -92, -4, -234, -204, -253, -73, 
58, 575, 517, -317, -229, 546, -87, -14, -248, -219, -268, -97, 
58, 561, 502, -309, -222, 531, -87, -19, -253, -234, -283, -102, 
63, 551, 488, -307, -212, 519, -87, -19, -258, -244, -292, -112, 
78, 541, 463, -309, -192, 502, -87, -24, -263, -258, -307, -117, 
68, 556, 488, -312, -209, 522, -92, -29, -273, -263, -317, -126, 
68, 556, 488, -312, -209, 522, -92, -29, -273, -268, -317, -122, 
68, 561, 492, -314, -212, 527, -87, -29, -273, -273, -312, -122, 
68, 566, 497, -317, -214, 531, -87, -34, -273, -273, -307, -122, 
58, 556, 497, -307, -219, 527, -92, -29, -258, -253, -297, -117, 
39, 566, 527, -302, -244, 546, -92, -29, -263, -248, -297, -117, 
58, 551, 492, -305, -217, 522, -112, -39, -273, -258, -312, -126, 
87, 546, 458, -317, -185, 502, -107, -39, -273, -253, -302, -126, 
87, 556, 468, -322, -190, 512, -97, -39, -268, -253, -292, -117, 
87, 566, 478, -326, -195, 522, -97, -39, -263, -253, -292, -117, 
87, 575, 488, -331, -200, 531, -97, -39, -258, -253, -292, -117, 
87, 585, 497, -336, -204, 541, -97, -39, -253, -253, -292, -117, 
87, 575, 488, -331, -200, 531, -107, -39, -253, -253, -292, -117, 
87, 575, 488, -331, -200, 531, -112, -34, -253, -253, -297, -117, 
97, 580, 483, -339, -192, 531, -112, -34, -253, -253, -297, -117, 
102, 580, 478, -341, -187, 529, -107, -34, -253, -253, -297, -117, 
92, 570, 478, -331, -192, 524, -102, -29, -248, -234, -287, -112, 
102, 570, 468, -336, -183, 519, -97, -24, -248, -234, -287, -107, 
102, 570, 468, -336, -183, 519, -92, -19, -248, -234, -278, -102, 
92, 570, 478, -331, -192, 524, -87, -9, -248, -234, -278, -97, 
102, 561, 458, -331, -178, 509, -92, -24, -253, -248, -297, -102, 
107, 561, 453, -334, -173, 507, -97, -29, -253, -248, -302, -107, 
102, 561, 458, -331, -178, 509, -102, -34, -258, -253, -302, -112, 
117, 561, 444, -339, -163, 502, -107, -39, -258, -258, -307, -117, 
117, 566, 448, -341, -165, 507, -107, -29, -263, -258, -307, -117, 
122, 570, 448, -346, -163, 509, -107, -29, -268, -258, -307, -122, 
122, 575, 453, -348, -165, 514, -107, -29, -273, -258, -307, -122, 
122, 580, 458, -351, -168, 519, -107, -29, -273, -258, -307, -122, 
122, 575, 453, -348, -165, 514, -117, -39, -283, -268, -317, -126, 
131, 570, 439, -351, -153, 505, -117, -39, -283, -268, -322, -126, 
146, 566, 419, -356, -136, 492, -117, -39, -287, -268, -322, -126, 
156, 561, 405, -358, -124, 483, -117, -39, -287, -268, -317, -126, 
131, 551, 419, -341, -143, 485, -112, -34, -283, -258, -302, -122, 
117, 546, 429, -331, -156, 488, -107, -29, -278, -248, -297, -117, 
102, 546, 444, -324, -170, 495, -102, -24, -273, -239, -297, -112, 
87, 546, 458, -317, -185, 502, -97, -19, -268, -229, -292, -107, 
107, 551, 444, -329, -168, 497, -107, -29, -273, -239, -297, -117, 
117, 561, 444, -339, -163, 502, -107, -29, -278, -239, -297, -122, 
126, 566, 439, -346, -156, 502, -107, -29, -287, -239, -302, -126, 
136, 566, 429, -351, -146, 497, -107, -29, -297, -244, -302, -126, 
112, 561, 448, -336, -168, 505, -102, -19, -292, -244, -292, -122, 
102, 551, 448, -326, -173, 500, -97, -19, -287, -239, -292, -117, 
92, 536, 444, -314, -175, 490, -92, -19, -283, -234, -297, -112, 
82, 531, 448, -307, -183, 490, -87, -19, -278, -229, -297, -112, 
92, 541, 448, -317, -178, 495, -102, -34, -283, -239, -297, -117, 
92, 546, 453, -319, -180, 500, -102, -34, -287, -244, -302, -117, 
92, 551, 458, -322, -183, 505, -102, -34, -287, -248, -307, -117, 
92, 556, 463, -324, -185, 509, -97, -29, -287, -253, -307, -117, 
73, 551, 478, -312, -202, 514, -87, -24, -278, -248, -292, -102, 
63, 551, 488, -307, -212, 519, -87, -19, -278, -239, -287, -102, 
58, 551, 492, -305, -217, 522, -87, -14, -278, -234, -287, -102, 
68, 551, 483, -309, -207, 517, -87, -19, -283, -239, -297, -112, 
78, 546, 468, -312, -195, 507, -87, -19, -292, -258, -307, -112, 
73, 546, 473, -309, -200, 509, -87, -19, -278, -248, -307, -112, 
73, 546, 473, -309, -200, 509, -87, -19, -278, -248, -307, -112, 
73, 546, 473, -309, -200, 509, -92, -24, -287, -253, -307, -112, 
63, 546, 483, -305, -209, 514, -92, -24, -287, -253, -302, -112, 
58, 546, 488, -302, -214, 517, -92, -19, -283, -253, -302, -107, 
58, 546, 488, -302, -214, 517, -92, -19, -283, -253, -302, -107, 
53, 546, 492, -300, -219, 519, -92, -24, -283, -253, -302, -112, 
63, 546, 483, -305, -209, 514, -97, -34, -287, -263, -312, -117, 
78, 546, 468, -312, -195, 507, -97, -34, -287, -268, -312, -122, 
78, 546, 468, -312, -195, 507, -97, -34, -287, -268, -312, -126, 
53, 541, 488, -297, -217, 514, -92, -29, -287, -263, -312, -126, 
39, 541, 502, -290, -231, 522, -82, -14, -273, -258, -307, -112, 
39, 546, 507, -292, -234, 527, -82, -9, -268, -253, -302, -117, 
39, 546, 507, -292, -234, 527, -82, -9, -263, -248, -297, -112, 
39, 546, 507, -292, -234, 527, -82, -4, -263, -244, -292, -107, 
48, 546, 497, -297, -224, 522, -92, -19, -278, -248, -297, -117, 
43, 541, 497, -292, -226, 519, -92, -19, -283, -258, -302, -117, 
68, 541, 473, -305, -202, 507, -92, -19, -287, -263, -307, -117, 
78, 541, 463, -309, -192, 502, -97, -24, -287, -273, -317, -117, 
73, 531, 458, -302, -192, 495, -92, -24, -278, -263, -307, -117, 
73, 531, 458, -302, -192, 495, -92, -24, -283, -263, -312, -117, 
73, 531, 458, -302, -192, 495, -92, -24, -283, -263, -312, -117, 
68, 531, 463, -300, -197, 497, -92, -19, -283, -263, -312, -117, 
58, 527, 468, -292, -204, 497, -87, -19, -283, -258, -307, -112, 
58, 527, 468, -292, -204, 497, -87, -19, -283, -258, -307, -112, 
58, 531, 473, -295, -207, 502, -87, -19, -283, -258, -307, -112, 
63, 536, 473, -300, -204, 505, -92, -24, -283, -258, -307, -112, 
73, 541, 468, -307, -197, 505, -92, -24, -283, -263, -307, -112, 
73, 541, 468, -307, -197, 505, -92, -24, -283, -273, -307, -112, 
73, 546, 473, -309, -200, 509, -92, -19, -283, -273, -307, -112, 
78, 551, 473, -314, -197, 512, -92, -19, -283, -268, -307, -112, 
82, 546, 463, -314, -190, 505, -102, -34, -287, -278, -317, -117, 
87, 541, 453, -314, -183, 497, -102, -34, -292, -278, -317, -122, 
92, 531, 439, -312, -173, 485, -102, -34, -297, -278, -317, -126, 
97, 527, 429, -312, -165, 478, -107, -34, -302, -278, -317, -131, 
92, 527, 434, -309, -170, 480, -107, -29, -297, -278, -326, -131, 
87, 531, 444, -309, -178, 488, -107, -29, -297, -278, -326, -131, 
82, 531, 448, -307, -183, 490, -112, -29, -297, -278, -326, -131, 
82, 531, 448, -307, -183, 490, -112, -29, -297, -278, -326, -131, 
92, 536, 444, -314, -175, 490, -102, -29, -292, -268, -317, -122, 
102, 541, 439, -322, -168, 490, -102, -29, -292, -263, -312, -122, 
112, 541, 429, -326, -158, 485, -102, -29, -292, -263, -307, -122, 
122, 536, 414, -329, -146, 475, -102, -29, -292, -263, -302, -122, 
82, 546, 463, -314, -190, 505, -97, -14, -273, -244, -292, -107, 
126, 546, 419, -336, -146, 483, -107, -24, -283, -248, -307, -117, 
141, 566, 424, -353, -141, 495, -122, -39, -292, -253, -307, -126, 
126, 605, 478, -366, -175, 541, -131, -48, -283, -248, -307, -117, 
136, 629, 492, -383, -178, 561, -141, -73, -278, -244, -302, -117, 
131, 644, 512, -387, -190, 578, -151, -107, -278, -219, -268, -92, 
53, 663, 610, -358, -278, 636, -126, -112, -229, -146, -209, -48, 
-43, 678, 722, -317, -383, 700, -97, -92, -175, -82, -146, 9, 
-34, 697, 732, -331, -383, 714, -102, -102, -175, -63, -131, 9, 
58, 717, 658, -387, -300, 688, -131, -126, -190, -53, -117, 24, 
112, 751, 639, -431, -263, 695, -161, -136, -156, 0, -58, 92, 
161, 800, 639, -480, -239, 719, -200, -131, -102, 87, 48, 200, 
234, 878, 644, -556, -204, 761, -224, -126, -43, 185, 165, 317, 
326, 985, 658, -656, -165, 822, -278, -92, 19, 292, 307, 444, 
488, 1068, 580, -778, -46, 824, -385, -29, 102, 429, 483, 610, 
717, 1117, 400, -917, 158, 758, -458, 87, 204, 580, 673, 810, 
917, 1146, 229, -1032, 344, 688, -522, 209, 244, 702, 854, 990, 
1122, 1151, 29, -1137, 546, 590, -634, 268, 185, 741, 966, 1122, 
1317, 1176, -141, -1246, 729, 517, -766, 263, 68, 727, 1015, 1176, 
1483, 1205, -278, -1344, 880, 463, -868, 253, -58, 644, 956, 1156, 
1605, 1171, -434, -1388, 1019, 368, -897, 268, -161, 497, 810, 1054, 
1644, 1024, -619, -1334, 1132, 202, -854, 336, -297, 283, 580, 854, 
1615, 732, -883, -1173, 1249, -75, -732, 478, -483, -58, 209, 522, 
1556, 444, -1112, -1000, 1334, -334, -595, 610, -722, -448, -214, 117, 
1464, 268, -1195, -866, 1329, -463, -527, 614, -985, -732, -517, -175, 
1342, 161, -1180, -751, 1261, -509, -512, 478, -1220, -897, -678, -336, 
1180, 63, -1117, -622, 1149, -527, -488, 273, -1439, -1039, -844, -497, 
976, -9, -985, -483, 980, -497, -434, 14, -1629, -1210, -1034, -683, 
761, -48, -810, -356, 785, -429, -409, -234, -1756, -1317, -1151, -795, 
605, -68, -673, -268, 639, -370, -419, -414, -1781, -1327, -1161, -810, 
575, -68, -644, -253, 610, -356, -429, -492, -1698, -1293, -1146, -805, 
527, -68, -595, -229, 561, -331, -390, -429, -1503, -1200, -1093, -761, 
444, -29, -473, -207, 458, -251, -331, -331, -1288, -1078, -990, -683, 
429, 63, -366, -246, 397, -151, -331, -302, -1146, -971, -897, -610, 
434, 175, -258, -305, 346, -41, -336, -297, -1029, -863, -814, -531, 
405, 268, -136, -336, 270, 65, -326, -268, -902, -732, -702, -439, 
375, 322, -53, -348, 214, 134, -292, -234, -766, -624, -605, -361, 
258, 336, 78, -297, 90, 207, -229, -165, -639, -517, -522, -297, 
112, 351, 239, -231, -63, 295, -161, -102, -541, -448, -458, -253, 
82, 370, 287, -226, -102, 329, -141, -87, -483, -429, -448, -253, 
102, 390, 287, -246, -92, 339, -136, -87, -448, -409, -439, -248, 
87, 409, 322, -248, -117, 366, -126, -73, -395, -356, -400, -214, 
53, 434, 380, -244, -163, 407, -122, -63, -361, -322, -366, -185, 
58, 483, 424, -270, -183, 453, -136, -73, -346, -317, -361, -185, 
97, 546, 448, -322, -175, 497, -126, -53, -341, -297, -351, -165, 
112, 546, 434, -329, -161, 490, -102, -34, -326, -287, -341, -161, 
107, 497, 390, -302, -141, 444, -102, -24, -331, -287, -336, -170, 
117, 483, 366, -300, -124, 424, -92, -14, -317, -287, -326, -161, 
102, 502, 400, -302, -148, 451, -87, -4, -302, -268, -326, -151, 
97, 522, 424, -309, -163, 473, -92, -9, -292, -273, -322, -151, 
87, 527, 439, -307, -175, 483, -92, -24, -283, -258, -317, -146, 
82, 527, 444, -305, -180, 485, -102, -34, -283, -258, -317, -146, 
78, 527, 448, -302, -185, 488, -107, -39, -287, -253, -317, -146, 
68, 522, 453, -295, -192, 488, -107, -43, -292, -253, -317, -146, 
68, 522, 453, -295, -192, 488, -107, -48, -292, -253, -322, -151, 
73, 517, 444, -295, -185, 480, -102, -34, -287, -244, -312, -151, 
73, 507, 434, -290, -180, 470, -102, -29, -287, -253, -312, -146, 
68, 502, 434, -285, -183, 468, -92, -24, -278, -244, -302, -146, 
63, 512, 448, -287, -192, 480, -92, -24, -273, -239, -297, -141, 
78, 522, 444, -300, -183, 483, -102, -24, -268, -224, -307, -136, 
78, 527, 448, -302, -185, 488, -102, -29, -263, -219, -302, -136, 
78, 531, 453, -305, -187, 492, -107, -29, -258, -219, -302, -131, 
82, 546, 463, -314, -190, 505, -107, -29, -258, -219, -297, -126, 
73, 536, 463, -305, -195, 500, -112, -34, -273, -229, -297, -136, 
68, 536, 468, -302, -200, 502, -112, -39, -273, -229, -302, -141, 
63, 536, 473, -300, -204, 505, -117, -39, -273, -229, -302, -141, 
73, 536, 463, -305, -195, 500, -117, -43, -273, -224, -302, -141, 
92, 531, 439, -312, -173, 485, -126, -34, -268, -224, -312, -146, 
97, 527, 429, -312, -165, 478, -126, -34, -263, -224, -302, -146, 
97, 531, 434, -314, -168, 483, -126, -29, -253, -219, -297, -131, 
107, 527, 419, -317, -156, 473, -126, -29, -253, -214, -292, -131, 
92, 531, 439, -312, -173, 485, -117, -34, -253, -204, -283, -122, 
87, 531, 444, -309, -178, 488, -117, -34, -253, -204, -283, -122, 
82, 531, 448, -307, -183, 490, -122, -34, -253, -200, -283, -122, 
82, 536, 453, -309, -185, 495, -122, -29, -253, -200, -283, -117, 
92, 536, 444, -314, -175, 490, -131, -39, -253, -200, -283, -117, 
107, 541, 434, -324, -163, 488, -131, -39, -248, -200, -283, -122, 
112, 551, 439, -331, -163, 495, -131, -39, -239, -200, -278, -122, 
112, 551, 439, -331, -163, 495, -131, -34, -234, -195, -278, -117, 
107, 551, 444, -329, -168, 497, -126, -24, -219, -195, -263, -102, 
107, 546, 439, -326, -165, 492, -126, -24, -214, -195, -263, -102, 
107, 546, 439, -326, -165, 492, -126, -24, -214, -190, -258, -97, 
107, 546, 439, -326, -165, 492, -122, -19, -209, -185, -248, -92, 
92, 551, 458, -322, -183, 505, -122, -9, -214, -175, -248, -97, 
97, 566, 468, -331, -185, 517, -122, -9, -209, -165, -244, -97, 
92, 566, 473, -329, -190, 519, -122, -4, -204, -165, -244, -97, 
82, 566, 483, -324, -200, 524, -122, -4, -204, -165, -244, -92, 
87, 561, 473, -324, -192, 517, -122, -14, -209, -156, -244, -82, 
107, 566, 458, -336, -175, 512, -126, -14, -204, -156, -244, -78, 
112, 566, 453, -339, -170, 509, -126, -9, -195, -156, -244, -78, 
107, 561, 453, -334, -173, 507, -122, 0, -185, -141, -239, -68, 
97, 556, 458, -326, -180, 507, -122, 4, -165, -146, -224, -73, 
97, 556, 458, -326, -180, 507, -122, 4, -161, -136, -214, -68, 
102, 566, 463, -334, -180, 514, -126, 4, -156, -131, -209, -63, 
117, 570, 453, -344, -168, 512, -131, 4, -151, -131, -209, -63, 
122, 561, 439, -341, -158, 500, -141, -4, -156, -122, -204, -58, 
122, 566, 444, -344, -161, 505, -141, -4, -146, -107, -200, -53, 
126, 575, 448, -351, -161, 512, -141, 0, -136, -102, -195, -48, 
141, 580, 439, -361, -148, 509, -141, 9, -126, -97, -190, -48, 
126, 580, 453, -353, -163, 517, -136, 14, -112, -82, -175, -39, 
126, 585, 458, -356, -165, 522, -136, 29, -97, -78, -175, -29, 
136, 590, 453, -363, -158, 522, -136, 34, -92, -73, -161, -19, 
131, 595, 463, -363, -165, 529, -136, 48, -78, -58, -151, 0, 
131, 614, 483, -373, -175, 549, -136, 48, -68, -53, -141, -4, 
131, 629, 497, -380, -183, 563, -136, 48, -58, -43, -131, 4, 
136, 634, 497, -385, -180, 566, -136, 48, -53, -34, -122, 4, 
136, 634, 497, -385, -180, 566, -141, 53, -39, -24, -122, 9, 
131, 629, 497, -380, -183, 563, -141, 63, -19, -4, -107, 24, 
141, 634, 492, -387, -175, 563, -141, 68, -4, 9, -97, 29, 
136, 634, 497, -385, -180, 566, -141, 73, 9, 24, -87, 43, 
131, 624, 492, -378, -180, 558, -141, 82, 19, 39, -78, 53, 
151, 629, 478, -390, -163, 553, -156, 78, 19, 43, -73, 53, 
170, 649, 478, -409, -153, 563, -161, 82, 29, 48, -68, 58, 
180, 663, 483, -422, -151, 573, -165, 82, 48, 48, -58, 63, 
195, 668, 473, -431, -139, 570, -165, 87, 53, 48, -53, 68, 
195, 673, 478, -434, -141, 575, -161, 102, 68, 63, -39, 82, 
200, 678, 478, -439, -139, 578, -161, 102, 73, 78, -34, 82, 
180, 673, 492, -427, -156, 583, -156, 107, 82, 92, -24, 92, 
161, 673, 512, -417, -175, 592, -151, 107, 97, 107, -19, 97, 
185, 683, 497, -434, -156, 590, -156, 117, 112, 117, -4, 112, 
200, 688, 488, -444, -143, 588, -161, 117, 117, 117, 0, 112, 
204, 692, 488, -448, -141, 590, -161, 117, 117, 117, 0, 117, 
214, 707, 492, -461, -139, 600, -165, 117, 122, 122, 0, 122, 
224, 707, 483, -466, -129, 595, -175, 112, 126, 117, 4, 117, 
209, 707, 497, -458, -143, 602, -175, 112, 126, 122, 4, 117, 
219, 707, 488, -463, -134, 597, -175, 107, 126, 122, 4, 117, 
224, 707, 483, -466, -129, 595, -180, 107, 126, 122, 4, 117, 
224, 707, 483, -466, -129, 595, -180, 107, 117, 122, 0, 112, 
224, 707, 483, -466, -129, 595, -180, 97, 112, 117, -4, 107, 
234, 707, 473, -470, -119, 590, -185, 97, 112, 117, -4, 107, 
234, 707, 473, -470, -119, 590, -185, 97, 112, 117, 0, 107, 
244, 697, 453, -470, -104, 575, -175, 97, 122, 117, 0, 112, 
244, 707, 463, -475, -109, 585, -175, 97, 122, 122, 0, 117, 
244, 717, 473, -480, -114, 595, -175, 97, 126, 126, 9, 117, 
248, 732, 483, -490, -117, 607, -175, 97, 131, 126, 9, 117, 
253, 751, 497, -502, -122, 624, -175, 97, 126, 126, 9, 117, 
253, 756, 502, -505, -124, 629, -175, 97, 126, 136, 19, 117, 
253, 756, 502, -505, -124, 629, -170, 97, 131, 136, 19, 126, 
244, 761, 517, -502, -136, 639, -170, 97, 136, 136, 19, 126, 
263, 761, 497, -512, -117, 629, -170, 102, 136, 146, 24, 131, 
263, 761, 497, -512, -117, 629, -170, 102, 136, 146, 29, 131, 
258, 761, 502, -509, -122, 631, -170, 102, 131, 146, 29, 131, 
253, 775, 522, -514, -134, 649, -170, 102, 131, 141, 29, 131, 
258, 771, 512, -514, -126, 641, -180, 92, 126, 131, 24, 131, 
258, 771, 512, -514, -126, 641, -180, 87, 122, 126, 14, 131, 
268, 761, 492, -514, -112, 627, -195, 82, 112, 117, 9, 126, 
268, 761, 492, -514, -112, 627, -195, 73, 107, 117, 4, 126, 
278, 761, 483, -519, -102, 622, -200, 82, 107, 117, 9, 126, 
287, 761, 473, -524, -92, 617, -209, 73, 97, 112, 0, 126, 
292, 756, 463, -524, -85, 610, -204, 63, 87, 107, 0, 122, 
292, 746, 453, -519, -80, 600, -204, 68, 87, 102, -4, 122, 
292, 746, 453, -519, -80, 600, -224, 53, 78, 97, -4, 126, 
297, 741, 444, -519, -73, 592, -239, 39, 53, 78, -24, 102, 
297, 727, 429, -512, -65, 578, -253, 34, 34, 63, -34, 87, 
292, 717, 424, -505, -65, 570, -258, 24, 9, 48, -53, 82, 
292, 688, 395, -490, -51, 541, -244, 24, -9, 39, -58, 73, 
287, 668, 380, -478, -46, 524, -234, 24, -29, 24, -73, 58, 
287, 653, 366, -470, -39, 509, -234, 24, -58, 0, -87, 48, 
292, 644, 351, -468, -29, 497, -234, 14, -87, -14, -112, 34, 
283, 624, 341, -453, -29, 483, -234, 4, -122, -34, -131, 14, 
268, 610, 341, -439, -36, 475, -239, -9, -146, -53, -146, 4, 
258, 595, 336, -427, -39, 466, -244, -24, -170, -73, -156, -14, 
248, 595, 346, -422, -48, 470, -244, -43, -185, -92, -180, -29, 
248, 566, 317, -407, -34, 441, -253, -39, -195, -122, -195, -53, 
244, 561, 317, -402, -36, 439, -248, -48, -209, -126, -204, -63, 
244, 556, 312, -400, -34, 434, -248, -48, -214, -136, -219, -63, 
239, 551, 312, -395, -36, 431, -239, -43, -224, -146, -234, -68, 
248, 541, 292, -395, -21, 417, -224, -43, -234, -161, -239, -82, 
239, 536, 297, -387, -29, 417, -214, -48, -239, -165, -244, -87, 
234, 531, 297, -383, -31, 414, -209, -48, -244, -165, -244, -87, 
224, 527, 302, -375, -39, 414, -204, -53, -244, -156, -244, -87, 
214, 527, 312, -370, -48, 419, -214, -43, -244, -151, -253, -97, 
209, 536, 326, -373, -58, 431, -209, -43, -239, -151, -248, -97, 
204, 536, 331, -370, -63, 434, -204, -43, -239, -156, -248, -97, 
204, 527, 322, -366, -58, 424, -204, -48, -248, -161, -258, -102, 
214, 527, 312, -370, -48, 419, -195, -48, -239, -161, -253, -92, 
214, 527, 312, -370, -48, 419, -195, -48, -239, -161, -253, -97, 
214, 522, 307, -368, -46, 414, -195, -48, -248, -165, -263, -102, 
219, 527, 307, -373, -43, 417, -190, -48, -248, -170, -268, -107, 
214, 517, 302, -366, -43, 409, -190, -48, -263, -175, -273, -102, 
209, 507, 297, -358, -43, 402, -190, -43, -273, -185, -283, -122, 
204, 502, 297, -353, -46, 400, -185, -43, -273, -195, -283, -122, 
195, 502, 307, -348, -56, 405, -185, -43, -268, -195, -283, -117, 
190, 507, 317, -348, -63, 412, -180, -39, -253, -190, -273, -117, 
190, 507, 317, -348, -63, 412, -175, -29, -253, -180, -273, -117, 
180, 507, 326, -344, -73, 417, -170, -29, -244, -180, -273, -112, 
180, 507, 326, -344, -73, 417, -170, -24, -234, -170, -268, -107, 
190, 507, 317, -348, -63, 412, -170, -19, -229, -161, -263, -97, 
180, 507, 326, -344, -73, 417, -161, -14, -229, -161, -258, -97, 
175, 507, 331, -341, -78, 419, -156, -9, -229, -161, -253, -97, 
170, 492, 322, -331, -75, 407, -151, -4, -229, -165, -253, -102, 
151, 488, 336, -319, -92, 412, -151, 4, -224, -170, -248, -107, 
151, 488, 336, -319, -92, 412, -146, 4, -224, -170, -253, -112, 
151, 492, 341, -322, -95, 417, -141, -4, -224, -175, -258, -117, 
156, 492, 336, -324, -90, 414, -141, -14, -224, -185, -263, -122, 
151, 473, 322, -312, -85, 397, -136, -24, -234, -180, -268, -122, 
146, 463, 317, -305, -85, 390, -136, -29, -234, -185, -273, -122, 
146, 458, 312, -302, -82, 385, -136, -29, -234, -185, -273, -126, 
156, 453, 297, -305, -70, 375, -136, -34, -234, -190, -278, -126, 
146, 458, 312, -302, -82, 385, -131, -24, -229, -185, -268, -117, 
136, 458, 322, -297, -92, 390, -131, -19, -224, -180, -268, -112, 
126, 463, 336, -295, -104, 400, -126, -14, -219, -175, -263, -112, 
117, 468, 351, -292, -117, 409, -126, -14, -214, -165, -258, -112, 
136, 478, 341, -307, -102, 409, -131, -9, -209, -165, -248, -107, 
107, 488, 380, -297, -136, 434, -131, -9, -204, -161, -239, -97, 
87, 488, 400, -287, -156, 444, -117, 0, -195, -156, -234, -97, 
107, 478, 370, -292, -131, 424, -126, 0, -195, -146, -244, -97, 
117, 478, 361, -297, -122, 419, -126, 0, -195, -146, -244, -97, 
126, 478, 351, -302, -112, 414, -126, 0, -195, -146, -244, -97, 
136, 478, 341, -307, -102, 409, -126, 0, -195, -146, -244, -97, 
122, 468, 346, -295, -112, 407, -117, -9, -185, -136, -229, -87, 
117, 468, 351, -292, -117, 409, -122, -4, -185, -136, -229, -87, 
122, 473, 351, -297, -114, 412, -122, -4, -185, -136, -224, -87, 
122, 473, 351, -297, -114, 412, -117, -4, -185, -136, -219, -87, 
126, 478, 351, -302, -112, 414, -126, -4, -170, -126, -229, -87, 
141, 483, 341, -312, -100, 412, -126, -4, -170, -126, -229, -87, 
146, 488, 341, -317, -97, 414, -126, -4, -170, -126, -219, -87, 
141, 492, 351, -317, -104, 422, -126, 0, -170, -126, -219, -87, 
146, 492, 346, -319, -100, 419, -126, 0, -165, -126, -224, -87, 
146, 492, 346, -319, -100, 419, -126, 0, -165, -122, -224, -87, 
136, 492, 356, -314, -109, 424, -126, 0, -170, -122, -219, -87, 
146, 492, 346, -319, -100, 419, -126, 0, -170, -122, -219, -87, 
131, 478, 346, -305, -107, 412, -126, 9, -170, -122, -209, -82, 
131, 473, 341, -302, -104, 407, -126, 9, -170, -122, -209, -82, 
126, 468, 341, -297, -107, 405, -126, 9, -170, -122, -209, -78, 
122, 463, 341, -292, -109, 402, -126, 9, -165, -122, -209, -73, 
122, 463, 341, -292, -109, 402, -122, 19, -156, -117, -209, -68, 
122, 463, 341, -292, -109, 402, -117, 19, -156, -112, -214, -68, 
126, 463, 336, -295, -104, 400, -112, 19, -161, -107, -214, -68, 
126, 463, 336, -295, -104, 400, -107, 19, -161, -102, -209, -68, 
131, 468, 336, -300, -102, 402, -117, 9, -161, -107, -219, -78, 
136, 468, 331, -302, -97, 400, -117, 9, -161, -112, -219, -78, 
141, 473, 331, -307, -95, 402, -117, 9, -161, -117, -224, -78, 
146, 478, 331, -312, -92, 405, -117, 9, -161, -122, -224, -78, 
146, 468, 322, -307, -87, 395, -117, 9, -165, -131, -229, -87, 
146, 473, 326, -309, -90, 400, -117, 9, -170, -131, -229, -92, 
146, 473, 326, -309, -90, 400, -117, 9, -180, -131, -234, -97, 
146, 468, 322, -307, -87, 395, -117, 9, -190, -136, -234, -97, 
131, 458, 326, -295, -97, 392, -107, 9, -180, -131, -224, -92, 
131, 453, 322, -292, -95, 387, -107, 9, -180, -131, -224, -87, 
131, 444, 312, -287, -90, 378, -107, 9, -180, -131, -229, -82, 
131, 444, 312, -287, -90, 378, -107, 9, -180, -131, -229, -82, 
131, 458, 326, -295, -97, 392, -112, 4, -175, -126, -239, -97, 
131, 458, 326, -295, -97, 392, -112, 4, -180, -126, -244, -97, 
131, 458, 326, -295, -97, 392, -112, 4, -180, -126, -248, -97, 
131, 458, 326, -295, -97, 392, -107, 9, -180, -126, -248, -97, 
112, 444, 331, -278, -109, 387, -107, 9, -180, -126, -234, -92, 
102, 434, 331, -268, -114, 383, -107, 9, -180, -122, -229, -92, 
97, 424, 326, -261, -114, 375, -107, 9, -180, -122, -229, -92, 
107, 414, 307, -261, -100, 361, -107, 0, -185, -131, -239, -102, 
112, 414, 302, -263, -95, 358, -97, 9, -185, -141, -239, -102, 
112, 419, 307, -265, -97, 363, -97, 9, -170, -131, -239, -102, 
117, 424, 307, -270, -95, 366, -97, 9, -170, -131, -239, -102, 
122, 429, 307, -275, -92, 368, -102, 4, -180, -136, -239, -102, 
122, 439, 317, -280, -97, 378, -112, -4, -180, -136, -244, -112, 
117, 439, 322, -278, -102, 380, -112, 0, -175, -136, -244, -107, 
117, 439, 322, -278, -102, 380, -112, 0, -175, -136, -244, -107, 
112, 439, 326, -275, -107, 383, -112, -4, -175, -136, -244, -112, 
117, 444, 326, -280, -104, 385, -117, -4, -190, -136, -244, -112, 
136, 448, 312, -292, -87, 380, -117, -4, -190, -141, -244, -112, 
141, 453, 312, -297, -85, 383, -117, -4, -190, -141, -244, -112, 
122, 453, 331, -287, -104, 392, -112, 0, -190, -136, -244, -107, 
112, 448, 336, -280, -112, 392, -112, -9, -200, -136, -244, -107, 
117, 448, 331, -283, -107, 390, -112, -9, -200, -136, -244, -117, 
122, 444, 322, -283, -100, 383, -112, -14, -200, -136, -244, -117, 
126, 439, 312, -283, -92, 375, -112, -14, -204, -136, -244, -117, 
107, 434, 326, -270, -109, 380, -107, -14, -200, -131, -234, -112, 
82, 424, 341, -253, -129, 383, -102, -9, -195, -131, -234, -107, 
87, 419, 331, -253, -122, 375, -97, -4, -190, -126, -234, -102, 
78, 414, 336, -246, -129, 375, -97, -4, -180, -126, -239, -97, 
97, 424, 326, -261, -114, 375, -112, -14, -180, -136, -239, -107, 
102, 424, 322, -263, -109, 373, -112, -14, -185, -136, -244, -107, 
107, 424, 317, -265, -104, 370, -112, -14, -185, -136, -244, -107, 
107, 424, 317, -265, -104, 370, -112, -9, -185, -136, -244, -107, 
97, 419, 322, -258, -112, 370, -97, 0, -175, -122, -229, -92, 
97, 419, 322, -258, -112, 370, -97, 0, -175, -122, -229, -92, 
97, 424, 326, -261, -114, 375, -97, 0, -175, -122, -229, -92, 
102, 429, 326, -265, -112, 378, -102, -4, -175, -122, -229, -92, 
102, 429, 326, -265, -112, 378, -112, -4, -175, -117, -229, -92, 
102, 424, 322, -263, -109, 373, -112, -4, -175, -126, -229, -92, 
102, 424, 322, -263, -109, 373, -112, 0, -175, -126, -229, -92, 
107, 424, 317, -265, -104, 370, -112, 0, -175, -122, -229, -92, 
97, 424, 326, -261, -114, 375, -112, -4, -175, -131, -229, -92, 
97, 424, 326, -261, -114, 375, -112, -4, -175, -131, -229, -92, 
97, 419, 322, -258, -112, 370, -112, -4, -175, -131, -229, -92, 
97, 419, 322, -258, -112, 370, -117, -4, -175, -131, -229, -92, 
102, 419, 317, -261, -107, 368, -117, 0, -180, -141, -229, -92, 
107, 424, 317, -265, -104, 370, -117, 0, -180, -141, -229, -92, 
112, 424, 312, -268, -100, 368, -122, 0, -180, -141, -229, -92, 
122, 424, 302, -273, -90, 363, -122, 0, -180, -141, -229, -92, 
112, 419, 307, -265, -97, 363, -122, -9, -175, -131, -224, -92, 
112, 424, 312, -268, -100, 368, -122, -9, -175, -126, -224, -92, 
112, 424, 312, -268, -100, 368, -122, -9, -175, -126, -224, -92, 
112, 419, 307, -265, -97, 363, -122, -9, -175, -126, -224, -92, 
102, 439, 336, -270, -117, 387, -126, -4, -165, -126, -224, -78, 
107, 429, 322, -268, -107, 375, -126, -14, -175, -131, -219, -78, 
112, 429, 317, -270, -102, 373, -131, -29, -175, -126, -219, -78, 
117, 429, 312, -273, -97, 370, -141, -39, -165, -112, -209, -78, 
87, 463, 375, -275, -143, 419, -141, -63, -161, -87, -195, -78, 
63, 517, 453, -290, -195, 485, -151, -107, -161, -73, -180, -63, 
43, 536, 492, -290, -224, 514, -146, -112, -141, -48, -161, -48, 
4, 512, 507, -258, -251, 509, -126, -102, -117, -14, -126, -19, 
14, 522, 507, -268, -246, 514, -131, -102, -97, 14, -102, 9, 
48, 570, 522, -309, -236, 546, -141, -97, -63, 63, -58, 63, 
73, 634, 561, -353, -244, 597, -170, -107, -29, 136, 29, 141, 
161, 683, 522, -422, -180, 602, -219, -131, 14, 214, 126, 229, 
263, 741, 478, -502, -107, 610, -263, -107, 92, 331, 253, 346, 
395, 819, 424, -607, -14, 622, -317, -4, 224, 497, 444, 522, 
556, 912, 356, -734, 100, 634, -405, 107, 366, 683, 658, 717, 
736, 990, 253, -863, 241, 622, -478, 214, 439, 834, 858, 907, 
966, 1049, 82, -1007, 441, 566, -590, 278, 419, 927, 1010, 1078, 
1210, 1063, -146, -1137, 678, 458, -732, 317, 322, 946, 1102, 1190, 
1376, 1068, -307, -1222, 841, 380, -834, 331, 204, 902, 1112, 1224, 
1473, 1088, -385, -1281, 929, 351, -868, 331, 87, 800, 1044, 1195, 
1537, 1054, -483, -1295, 1010, 285, -878, 346, -53, 653, 907, 1102, 
1566, 878, -688, -1222, 1127, 95, -824, 414, -229, 429, 678, 902, 
1566, 575, -990, -1071, 1278, -207, -732, 536, -473, 68, 287, 541, 
1527, 297, -1229, -912, 1378, -466, -644, 619, -741, -292, -97, 185, 
1424, 151, -1273, -788, 1349, -561, -614, 595, -976, -527, -331, -39, 
1293, 82, -1210, -688, 1251, -563, -610, 448, -1161, -683, -492, -190, 
1112, -4, -1117, -553, 1115, -561, -585, 204, -1361, -883, -707, -380, 
917, -107, -1024, -405, 971, -566, -561, -82, -1542, -1054, -897, -556, 
790, -146, -936, -322, 863, -541, -556, -322, -1610, -1112, -966, -619, 
751, -87, -839, -331, 795, -463, -527, -424, -1537, -1083, -946, -614, 
712, -39, -751, -336, 732, -395, -468, -395, -1366, -1000, -902, -590, 
614, -58, -673, -278, 644, -366, -429, -322, -1171, -897, -839, -546, 
541, -87, -629, -226, 585, -358, -390, -283, -1024, -805, -775, -507, 
517, -14, -531, -251, 524, -273, -370, -263, -912, -717, -702, -463, 
453, 97, -356, -275, 405, -129, -366, -239, -785, -610, -619, -385, 
375, 170, -204, -273, 290, -17, -336, -200, -649, -497, -527, -312, 
346, 204, -141, -275, 244, 31, -292, -146, -551, -429, -468, -283, 
307, 219, -87, -263, 197, 65, -239, -87, -473, -380, -424, -258, 
229, 224, -4, -226, 117, 109, -180, -53, -385, -322, -380, -234, 
161, 244, 82, -202, 39, 163, -141, -29, -307, -263, -351, -204, 
141, 292, 151, -217, -4, 222, -126, -29, -253, -224, -322, -170, 
136, 331, 195, -234, -29, 263, -126, -34, -229, -180, -283, -146, 
131, 346, 214, -239, -41, 280, -122, -43, -214, -156, -258, -126, 
107, 346, 239, -226, -65, 292, -117, -24, -209, -141, -244, -117, 
48, 341, 292, -195, -122, 317, -107, -4, -195, -131, -234, -107, 
43, 361, 317, -202, -136, 339, -112, 4, -190, -131, -234, -112, 
87, 361, 273, -224, -92, 317, -102, 4, -185, -131, -239, -112, 
107, 356, 248, -231, -70, 302, -112, 14, -170, -131, -239, -112, 
92, 346, 253, -219, -80, 300, -107, 14, -156, -122, -229, -102, 
78, 375, 297, -226, -109, 336, -112, 9, -156, -117, -224, -102, 
87, 409, 322, -248, -117, 366, -122, -14, -165, -122, -239, -107, 
82, 400, 317, -241, -117, 358, -122, -19, -165, -122, -239, -107, 
78, 390, 312, -234, -117, 351, -126, -19, -170, -117, -239, -107, 
68, 375, 307, -222, -119, 341, -126, -19, -175, -117, -239, -107, 
68, 366, 297, -217, -114, 331, -126, -19, -175, -117, -244, -112, 
73, 366, 292, -219, -109, 329, -122, -4, -161, -107, -234, -112, 
73, 361, 287, -217, -107, 324, -122, 0, -161, -117, -234, -107, 
68, 361, 292, -214, -112, 326, -112, 4, -151, -107, -224, -107, 
63, 375, 312, -219, -124, 344, -112, 4, -146, -102, -219, -102, 
68, 370, 302, -219, -117, 336, -122, -4, -151, -107, -224, -107, 
68, 370, 302, -219, -117, 336, -122, -9, -146, -102, -224, -107, 
68, 370, 302, -219, -117, 336, -126, -9, -141, -102, -229, -102, 
73, 380, 307, -226, -117, 344, -126, -9, -141, -102, -229, -97, 
78, 380, 302, -229, -112, 341, -122, -9, -136, -92, -229, -87, 
78, 380, 302, -229, -112, 341, -122, -9, -136, -92, -234, -92, 
78, 380, 302, -229, -112, 341, -126, -4, -136, -92, -234, -92, 
92, 380, 287, -236, -97, 334, -126, -4, -136, -87, -234, -92, 
82, 380, 297, -231, -107, 339, -122, 0, -122, -82, -229, -92, 
68, 380, 312, -224, -122, 346, -117, 4, -117, -78, -214, -87, 
48, 390, 341, -219, -146, 366, -112, 14, -107, -68, -204, -68, 
39, 390, 351, -214, -156, 370, -107, 19, -107, -58, -195, -63, 
39, 385, 346, -212, -153, 366, -107, 14, -117, -68, -204, -73, 
39, 385, 346, -212, -153, 366, -107, 14, -117, -68, -204, -73, 
39, 385, 346, -212, -153, 366, -112, 14, -117, -63, -204, -73, 
43, 390, 346, -217, -151, 368, -112, 19, -117, -63, -204, -68, 
58, 380, 322, -219, -131, 351, -122, 14, -117, -73, -204, -68, 
68, 385, 317, -226, -124, 351, -122, 9, -112, -73, -204, -73, 
68, 395, 326, -231, -129, 361, -122, 4, -102, -73, -200, -73, 
63, 395, 331, -229, -134, 363, -122, 4, -97, -68, -200, -68, 
48, 385, 336, -217, -143, 361, -126, 14, -102, -68, -195, -73, 
48, 380, 331, -214, -141, 356, -126, 14, -97, -68, -195, -73, 
48, 380, 331, -214, -141, 356, -126, 14, -97, -63, -190, -68, 
48, 380, 331, -214, -141, 356, -122, 19, -92, -58, -180, -63, 
58, 375, 317, -217, -129, 346, -126, 9, -87, -58, -180, -48, 
68, 390, 322, -229, -126, 356, -131, 9, -82, -48, -175, -48, 
68, 390, 322, -229, -126, 356, -136, 14, -78, -48, -175, -48, 
63, 390, 326, -226, -131, 358, -141, 14, -78, -48, -175, -43, 
73, 405, 331, -239, -129, 368, -126, 19, -58, -34, -151, -34, 
97, 419, 322, -258, -112, 370, -126, 24, -48, -29, -146, -29, 
107, 429, 322, -268, -107, 375, -122, 34, -34, -24, -141, -29, 
107, 434, 326, -270, -109, 380, -112, 48, -19, -4, -131, -19, 
82, 419, 336, -251, -126, 378, -112, 43, -19, -9, -136, -14, 
78, 419, 341, -248, -131, 380, -112, 43, -14, 0, -126, -9, 
78, 429, 351, -253, -136, 390, -117, 43, -9, 4, -122, -4, 
87, 434, 346, -261, -129, 390, -122, 43, -4, 4, -122, -4, 
78, 424, 346, -251, -134, 385, -126, 43, -9, 4, -117, 0, 
73, 429, 356, -251, -141, 392, -131, 43, 0, 19, -112, 4, 
73, 439, 366, -256, -146, 402, -136, 48, 9, 24, -107, 9, 
82, 444, 361, -263, -139, 402, -141, 58, 19, 29, -102, 9, 
82, 453, 370, -268, -143, 412, -136, 48, 24, 34, -107, 4, 
87, 458, 370, -273, -141, 414, -136, 58, 39, 39, -107, 9, 
102, 463, 361, -283, -129, 412, -136, 58, 43, 43, -92, 14, 
102, 468, 366, -285, -131, 417, -136, 68, 58, 58, -82, 29, 
97, 463, 366, -280, -134, 414, -136, 78, 87, 68, -63, 43, 
92, 473, 380, -283, -143, 427, -136, 78, 97, 82, -53, 53, 
92, 473, 380, -283, -143, 427, -136, 78, 102, 97, -43, 53, 
87, 468, 380, -278, -146, 424, -141, 82, 117, 112, -43, 58, 
97, 478, 380, -287, -141, 429, -146, 102, 131, 117, -39, 63, 
112, 497, 385, -305, -136, 441, -151, 107, 141, 126, -29, 68, 
112, 512, 400, -312, -143, 456, -156, 112, 151, 136, -19, 82, 
112, 517, 405, -314, -146, 461, -161, 122, 156, 146, -9, 92, 
97, 512, 414, -305, -158, 463, -156, 131, 180, 161, 9, 107, 
102, 522, 419, -312, -158, 470, -151, 141, 195, 175, 19, 117, 
97, 527, 429, -312, -165, 478, -146, 146, 219, 185, 34, 126, 
97, 522, 424, -309, -163, 473, -136, 156, 229, 195, 43, 136, 
122, 536, 414, -329, -146, 475, -151, 151, 224, 204, 39, 131, 
141, 551, 409, -346, -134, 480, -161, 151, 229, 214, 43, 131, 
136, 556, 419, -346, -141, 488, -165, 156, 239, 224, 53, 141, 
131, 566, 434, -348, -151, 500, -170, 156, 253, 234, 58, 146, 
141, 561, 419, -351, -139, 490, -165, 146, 248, 229, 58, 141, 
151, 561, 409, -356, -129, 485, -170, 146, 253, 224, 58, 141, 
151, 561, 409, -356, -129, 485, -170, 146, 253, 219, 53, 146, 
156, 570, 414, -363, -129, 492, -175, 146, 258, 219, 48, 151, 
165, 570, 405, -368, -119, 488, -170, 151, 273, 234, 58, 156, 
151, 570, 419, -361, -134, 495, -165, 151, 273, 239, 63, 156, 
161, 570, 409, -366, -124, 490, -161, 146, 273, 239, 68, 156, 
165, 570, 405, -368, -119, 488, -161, 146, 273, 239, 73, 156, 
156, 570, 414, -363, -129, 492, -170, 156, 273, 229, 68, 161, 
156, 570, 414, -363, -129, 492, -170, 146, 268, 224, 63, 156, 
165, 570, 405, -368, -119, 488, -175, 146, 268, 224, 63, 156, 
165, 570, 405, -368, -119, 488, -175, 146, 268, 224, 68, 156, 
161, 570, 409, -366, -124, 490, -165, 146, 278, 234, 68, 161, 
156, 580, 424, -368, -134, 502, -165, 146, 278, 239, 68, 165, 
151, 590, 439, -370, -143, 514, -165, 146, 283, 244, 78, 165, 
151, 605, 453, -378, -151, 529, -165, 146, 287, 244, 78, 165, 
165, 614, 448, -390, -141, 531, -170, 136, 287, 239, 68, 165, 
165, 619, 453, -392, -143, 536, -175, 136, 283, 244, 78, 165, 
165, 619, 453, -392, -143, 536, -175, 136, 283, 239, 78, 175, 
156, 624, 468, -390, -156, 546, -180, 136, 283, 234, 78, 175, 
180, 624, 444, -402, -131, 534, -170, 131, 283, 244, 82, 180, 
185, 624, 439, -405, -126, 531, -170, 131, 283, 244, 87, 180, 
185, 624, 439, -405, -126, 531, -170, 131, 278, 244, 87, 180, 
185, 639, 453, -412, -134, 546, -170, 131, 278, 239, 87, 180, 
180, 634, 453, -407, -136, 544, -170, 141, 283, 248, 87, 185, 
180, 634, 453, -407, -136, 544, -170, 136, 278, 244, 82, 190, 
190, 624, 434, -407, -122, 529, -185, 131, 268, 234, 82, 190, 
190, 624, 434, -407, -122, 529, -185, 122, 263, 234, 82, 195, 
180, 624, 444, -402, -131, 534, -185, 122, 263, 244, 82, 195, 
190, 624, 434, -407, -122, 529, -200, 112, 253, 239, 78, 195, 
195, 619, 424, -407, -114, 522, -200, 102, 244, 234, 82, 190, 
195, 610, 414, -402, -109, 512, -204, 107, 244, 229, 82, 190, 
209, 614, 405, -412, -97, 509, -214, 92, 229, 229, 82, 195, 
219, 614, 395, -417, -87, 505, -229, 78, 200, 204, 63, 170, 
224, 605, 380, -414, -78, 492, -244, 73, 175, 185, 53, 156, 
224, 600, 375, -412, -75, 488, -248, 63, 146, 165, 34, 151, 
214, 575, 361, -395, -73, 468, -253, 68, 136, 151, 24, 146, 
200, 551, 351, -375, -75, 451, -244, 63, 117, 141, 14, 136, 
190, 531, 341, -361, -75, 436, -244, 58, 87, 122, 4, 131, 
185, 517, 331, -351, -73, 424, -244, 43, 58, 112, -14, 122, 
195, 497, 302, -346, -53, 400, -244, 29, 24, 87, -39, 97, 
190, 483, 292, -336, -51, 387, -248, 19, -9, 63, -58, 82, 
190, 468, 278, -329, -43, 373, -253, 9, -43, 39, -73, 58, 
190, 468, 278, -329, -43, 373, -253, -4, -68, 14, -102, 39, 
190, 448, 258, -319, -34, 353, -253, -19, -87, -4, -122, 14, 
185, 444, 258, -314, -36, 351, -248, -29, -102, -9, -126, 4, 
185, 439, 253, -312, -34, 346, -248, -29, -107, -19, -136, 4, 
180, 434, 253, -307, -36, 344, -239, -24, -117, -29, -146, 0, 
190, 419, 229, -305, -19, 324, -234, -29, -122, -43, -151, 4, 
180, 419, 239, -300, -29, 329, -224, -29, -122, -48, -156, 0, 
175, 419, 244, -297, -34, 331, -219, -24, -122, -48, -156, 0, 
165, 419, 253, -292, -43, 336, -214, -24, -117, -39, -156, 0, 
151, 409, 258, -280, -53, 334, -214, -14, -107, -24, -156, 0, 
141, 419, 278, -280, -68, 348, -209, -14, -102, -24, -151, 0, 
131, 419, 287, -275, -78, 353, -204, -14, -102, -29, -151, 0, 
126, 409, 283, -268, -78, 346, -204, -19, -112, -34, -161, -4, 
117, 414, 297, -265, -90, 356, -214, -29, -102, -34, -156, 4, 
117, 409, 292, -263, -87, 351, -214, -29, -102, -34, -156, 0, 
117, 400, 283, -258, -82, 341, -214, -29, -112, -39, -165, -4, 
122, 400, 278, -261, -78, 339, -209, -29, -112, -43, -170, -9, 
136, 395, 258, -265, -61, 326, -200, -14, -126, -48, -165, -14, 
141, 390, 248, -265, -53, 319, -200, -4, -136, -58, -175, -34, 
146, 390, 244, -268, -48, 317, -195, 0, -136, -68, -175, -34, 
146, 395, 248, -270, -51, 322, -195, 4, -131, -68, -175, -29, 
126, 409, 283, -268, -78, 346, -180, 0, -117, -63, -156, -19, 
122, 409, 287, -265, -82, 348, -175, 9, -117, -53, -156, -19, 
107, 409, 302, -258, -97, 356, -170, 9, -107, -53, -156, -14, 
102, 409, 307, -256, -102, 358, -170, 14, -97, -43, -151, -9, 
117, 419, 302, -268, -92, 361, -180, 19, -92, -43, -161, -9, 
112, 419, 307, -265, -97, 363, -170, 24, -92, -43, -161, -9, 
112, 419, 307, -265, -97, 363, -165, 29, -92, -43, -161, -9, 
112, 405, 292, -258, -90, 348, -161, 34, -92, -48, -165, -14, 
82, 390, 307, -236, -112, 348, -141, 39, -82, -53, -165, -9, 
73, 380, 307, -226, -117, 344, -136, 43, -87, -53, -165, -14, 
63, 375, 312, -219, -124, 344, -131, 39, -92, -58, -165, -19, 
58, 366, 307, -212, -124, 336, -131, 34, -97, -68, -165, -24, 
34, 361, 326, -197, -146, 344, -136, 29, -107, -82, -180, -43, 
29, 356, 326, -192, -148, 341, -136, 19, -107, -87, -185, -43, 
29, 356, 326, -192, -148, 341, -136, 14, -107, -87, -185, -48, 
39, 356, 317, -197, -139, 336, -136, 4, -107, -92, -190, -48, 
43, 351, 307, -197, -131, 329, -131, 4, -107, -92, -195, -58, 
48, 351, 302, -200, -126, 326, -131, 9, -107, -92, -200, -53, 
53, 356, 302, -204, -124, 329, -126, 14, -107, -92, -200, -53, 
58, 361, 302, -209, -122, 331, -126, 14, -107, -87, -200, -53, 
-9, 302, 312, -146, -161, 307, -112, 39, -82, -68, -190, -39, 
9, 322, 312, -165, -151, 317, -112, 39, -78, -63, -190, -39, 
0, 341, 341, -170, -170, 341, -117, 39, -78, -78, -185, -48, 
0, 331, 331, -165, -165, 331, -117, 29, -87, -78, -185, -48, 
0, 331, 331, -165, -165, 331, -117, 29, -87, -78, -185, -48, 
0, 331, 331, -165, -165, 331, -117, 29, -87, -78, -185, -48, 
0, 331, 331, -165, -165, 331, -117, 29, -87, -78, -185, -48, 
0, 336, 336, -168, -168, 336, -107, 19, -78, -68, -185, -48, 
9, 341, 331, -175, -161, 336, -112, 24, -78, -68, -190, -48, 
29, 351, 322, -190, -146, 336, -112, 24, -78, -68, -190, -48, 
43, 356, 312, -200, -134, 334, -107, 24, -78, -68, -190, -48, 
53, 366, 312, -209, -129, 339, -107, 29, -63, -48, -180, -39, 
63, 366, 302, -214, -119, 334, -107, 34, -63, -48, -180, -39, 
63, 366, 302, -214, -119, 334, -107, 39, -63, -48, -170, -39, 
53, 366, 312, -209, -129, 339, -107, 48, -63, -48, -170, -39, 
39, 356, 317, -197, -139, 336, -107, 39, -68, -58, -185, -39, 
29, 356, 326, -192, -148, 341, -107, 39, -68, -53, -185, -39, 
9, 356, 346, -183, -168, 351, -107, 39, -73, -53, -180, -39, 
9, 356, 346, -183, -168, 351, -107, 39, -73, -53, -180, -39, 
14, 351, 336, -183, -161, 344, -107, 29, -73, -43, -180, -29, 
24, 346, 322, -185, -148, 334, -107, 29, -73, -43, -180, -34, 
29, 341, 312, -185, -141, 326, -107, 29, -73, -43, -180, -34, 
34, 336, 302, -185, -134, 319, -107, 29, -68, -43, -180, -34, 
19, 326, 307, -173, -143, 317, -97, 39, -68, -43, -170, -29, 
14, 326, 312, -170, -148, 319, -97, 39, -68, -43, -175, -29, 
14, 326, 312, -170, -148, 319, -97, 39, -73, -43, -175, -29, 
9, 326, 317, -168, -153, 322, -97, 39, -73, -43, -170, -29, 
0, 331, 331, -165, -165, 331, -107, 29, -92, -53, -175, -34, 
0, 331, 331, -165, -165, 331, -107, 29, -92, -53, -180, -39, 
0, 336, 336, -168, -168, 336, -107, 29, -92, -53, -190, -43, 
0, 341, 341, -170, -170, 341, -107, 29, -92, -53, -195, -48, 
9, 341, 331, -175, -161, 336, -107, 29, -82, -43, -190, -43, 
9, 346, 336, -178, -163, 341, -107, 29, -82, -43, -190, -43, 
9, 346, 336, -178, -163, 341, -107, 29, -87, -43, -195, -43, 
9, 341, 331, -175, -161, 336, -107, 29, -92, -48, -195, -39, 
4, 331, 326, -168, -161, 329, -107, 19, -92, -63, -195, -43, 
4, 326, 322, -165, -158, 324, -107, 19, -92, -63, -195, -48, 
4, 317, 312, -161, -153, 314, -107, 19, -92, -63, -200, -53, 
4, 317, 312, -161, -153, 314, -107, 19, -92, -63, -200, -63, 
14, 312, 297, -163, -141, 305, -122, 14, -107, -78, -209, -58, 
14, 312, 297, -163, -141, 305, -122, 14, -112, -78, -214, -58, 
14, 312, 297, -163, -141, 305, -122, 14, -112, -78, -219, -58, 
14, 312, 297, -163, -141, 305, -117, 19, -112, -78, -219, -58, 
19, 326, 307, -173, -143, 317, -107, 24, -107, -68, -204, -43, 
14, 326, 312, -170, -148, 319, -107, 29, -102, -63, -200, -43, 
14, 326, 312, -170, -148, 319, -107, 34, -97, -63, -200, -43, 
29, 326, 297, -178, -134, 312, -107, 29, -97, -73, -209, -53, 
14, 312, 297, -163, -141, 305, -107, 19, -112, -82, -209, -63, 
4, 312, 307, -158, -151, 309, -107, 19, -102, -73, -209, -63, 
0, 312, 312, -156, -156, 312, -107, 19, -107, -73, -209, -63, 
-4, 312, 317, -153, -161, 314, -112, 14, -122, -78, -209, -63, 
0, 312, 312, -156, -156, 312, -112, 14, -122, -87, -224, -63, 
0, 312, 312, -156, -156, 312, -112, 19, -117, -87, -224, -58, 
4, 312, 307, -158, -151, 309, -112, 19, -117, -87, -224, -58, 
4, 312, 307, -158, -151, 309, -112, 14, -117, -87, -224, -63, 
-4, 322, 326, -158, -165, 324, -117, 14, -112, -78, -214, -63, 
9, 322, 312, -165, -151, 317, -117, 14, -112, -82, -214, -63, 
9, 322, 312, -165, -151, 317, -117, 14, -112, -82, -214, -63, 
-14, 317, 331, -151, -173, 324, -112, 19, -112, -78, -214, -58, 
-24, 307, 331, -141, -178, 319, -112, 19, -112, -87, -214, -58, 
-19, 312, 331, -146, -175, 322, -112, 19, -112, -87, -214, -68, 
-14, 312, 326, -148, -170, 319, -112, 14, -112, -87, -214, -68, 
-9, 312, 322, -151, -165, 317, -112, 14, -117, -87, -214, -68, 
-4, 312, 317, -153, -161, 314, -122, 19, -107, -78, -214, -58, 
-14, 307, 322, -146, -168, 314, -122, 19, -107, -82, -214, -58, 
4, 307, 302, -156, -148, 305, -122, 19, -107, -82, -214, -58, 
9, 307, 297, -158, -143, 302, -126, 14, -102, -87, -219, -58, 
24, 307, 283, -165, -129, 295, -131, 4, -112, -87, -209, -68, 
24, 307, 283, -165, -129, 295, -131, 4, -117, -87, -214, -68, 
24, 307, 283, -165, -129, 295, -131, 4, -117, -87, -214, -68, 
19, 307, 287, -163, -134, 297, -131, 9, -117, -87, -214, -68, 
4, 302, 297, -153, -146, 300, -117, 9, -117, -82, -209, -63, 
0, 302, 302, -151, -151, 302, -117, 9, -117, -82, -209, -63, 
-4, 307, 312, -151, -158, 309, -117, 9, -117, -82, -209, -63, 
-4, 312, 317, -153, -161, 314, -122, 4, -117, -82, -209, -63, 
4, 312, 307, -158, -151, 309, -122, 4, -107, -87, -219, -73, 
4, 307, 302, -156, -148, 305, -122, 4, -107, -97, -219, -73, 
4, 307, 302, -156, -148, 305, -122, 9, -107, -97, -219, -73, 
9, 307, 297, -158, -143, 302, -122, 9, -107, -92, -219, -73, 
14, 297, 283, -156, -134, 290, -112, 4, -107, -82, -214, -68, 
19, 297, 278, -158, -129, 287, -112, 4, -107, -82, -209, -63, 
24, 292, 268, -158, -122, 280, -112, 4, -107, -82, -204, -58, 
29, 292, 263, -161, -117, 278, -117, 4, -107, -82, -200, -53, 
29, 297, 268, -163, -119, 283, -126, 9, -122, -82, -200, -63, 
29, 307, 278, -168, -124, 292, -126, 9, -122, -82, -200, -63, 
29, 312, 283, -170, -126, 297, -131, 9, -122, -82, -200, -63, 
34, 317, 283, -175, -124, 300, -131, 9, -122, -82, -200, -63, 
24, 322, 297, -173, -136, 309, -131, 9, -107, -92, -204, -53, 
24, 326, 302, -175, -139, 314, -131, 9, -107, -87, -204, -53, 
24, 326, 302, -175, -139, 314, -131, 9, -107, -87, -204, -53, 
24, 322, 297, -173, -136, 309, -131, 9, -107, -87, -204, -53, 
14, 322, 307, -168, -146, 314, -126, 4, -97, -68, -195, -48, 
29, 331, 302, -180, -136, 317, -126, -4, -107, -82, -209, -58, 
82, 331, 248, -207, -82, 290, -151, -19, -117, -87, -209, -68, 
68, 331, 263, -200, -97, 297, -141, -29, -107, -63, -200, -58, 
-9, 356, 366, -173, -187, 361, -122, -34, -82, -39, -165, -29, 
-34, 409, 444, -187, -239, 427, -141, -78, -82, -34, -161, -14, 
-4, 448, 453, -222, -229, 451, -175, -141, -102, -39, -180, -29, 
-43, 444, 488, -200, -265, 466, -156, -122, -78, -4, -156, -9, 
-53, 453, 507, -200, -280, 480, -131, -92, -39, 53, -92, 39, 
0, 483, 483, -241, -241, 483, -141, -78, -4, 112, -29, 92, 
34, 507, 473, -270, -219, 490, -180, -97, 29, 185, 48, 170, 
63, 575, 512, -319, -224, 544, -219, -92, 82, 283, 156, 268, 
156, 663, 507, -409, -175, 585, -263, -48, 170, 400, 292, 395, 
297, 732, 434, -514, -68, 583, -326, 34, 312, 575, 483, 561, 
478, 824, 346, -651, 65, 585, -414, 146, 453, 751, 697, 766, 
678, 912, 234, -795, 222, 573, -507, 224, 507, 873, 868, 946, 
907, 961, 53, -934, 427, 507, -629, 258, 458, 936, 990, 1088, 
1122, 985, -136, -1054, 629, 424, -751, 307, 370, 956, 1083, 1200, 
1298, 1000, -297, -1149, 797, 351, -834, 351, 283, 932, 1102, 1244, 
1424, 990, -434, -1207, 929, 278, -878, 361, 165, 839, 1034, 1205, 
1527, 946, -580, -1237, 1054, 183, -907, 366, 4, 683, 888, 1102, 
1556, 790, -766, -1173, 1161, 12, -873, 434, -190, 448, 658, 902, 
1537, 507, -1029, -1022, 1283, -261, -790, 556, -434, 97, 287, 561, 
1498, 209, -1288, -854, 1393, -539, -712, 629, -722, -283, -117, 195, 
1424, 63, -1361, -744, 1393, -649, -673, 595, -976, -536, -361, -39, 
1283, 14, -1268, -649, 1276, -627, -639, 448, -1151, -692, -512, -180, 
1063, -63, -1127, -500, 1095, -595, -595, 204, -1322, -863, -707, -370, 
878, -156, -1034, -361, 956, -595, -580, -92, -1503, -1034, -897, -536, 
780, -204, -985, -287, 883, -595, -585, -331, -1581, -1112, -985, -610, 
692, -214, -907, -239, 800, -561, -575, -444, -1507, -1083, -976, -614, 
605, -195, -800, -204, 702, -497, -527, -395, -1327, -990, -922, -580, 
556, -156, -712, -200, 634, -434, -468, -322, -1141, -888, -849, -536, 
522, -126, -649, -197, 585, -387, -429, -283, -1005, -795, -775, -497, 
468, -92, -561, -187, 514, -326, -409, -263, -883, -707, -702, -453, 
385, -39, -424, -173, 405, -231, -395, -248, -756, -590, -610, -375, 
287, 53, -234, -170, 261, -90, -346, -209, -619, -478, -527, -302, 
219, 117, -102, -168, 161, 7, -292, -156, -502, -409, -468, -273, 
200, 151, -48, -175, 124, 51, -248, -107, -424, -361, -434, -248, 
161, 156, -4, -158, 82, 75, -209, -63, -346, -312, -400, -224, 
112, 165, 53, -139, 29, 109, -170, -39, -278, -253, -361, -185, 
73, 214, 141, -143, -34, 178, -156, -29, -234, -204, -322, -151, 
78, 253, 175, -165, -48, 214, -175, -43, -209, -170, -292, -126, 
82, 258, 175, -170, -46, 217, -180, -43, -195, -156, -268, -107, 
68, 248, 180, -158, -56, 214, -156, -34, -180, -141, -253, -107, 
39, 244, 204, -141, -82, 224, -146, -24, -175, -131, -244, -97, 
43, 263, 219, -153, -87, 241, -151, -14, -180, -141, -253, -102, 
48, 273, 224, -161, -87, 248, -161, -14, -175, -151, -268, -112, 
9, 268, 258, -139, -124, 263, -141, -4, -151, -131, -248, -102, 
-24, 258, 283, -117, -153, 270, -126, 14, -126, -112, -229, -82, 
-9, 258, 268, -124, -139, 263, -131, 9, -126, -107, -224, -82, 
19, 273, 253, -146, -117, 263, -151, -4, -126, -102, -239, -78, 
19, 283, 263, -151, -122, 273, -141, -19, -136, -102, -239, -78, 
19, 283, 263, -151, -122, 273, -146, -19, -141, -97, -239, -78, 
14, 278, 263, -146, -124, 270, -146, -19, -146, -97, -239, -78, 
19, 278, 258, -148, -119, 268, -146, -19, -146, -97, -244, -82, 
19, 292, 273, -156, -126, 283, -141, -4, -131, -97, -239, -73, 
24, 292, 268, -158, -122, 280, -141, 0, -131, -107, -234, -68, 
24, 297, 273, -161, -124, 285, -131, 4, -122, -97, -219, -68, 
24, 317, 292, -170, -134, 305, -131, 4, -117, -92, -209, -63, 
19, 312, 292, -165, -136, 302, -122, 4, -122, -97, -214, -68, 
9, 302, 292, -156, -141, 297, -122, 0, -117, -92, -214, -68, 
0, 292, 292, -146, -146, 292, -126, 0, -112, -92, -219, -63, 
-4, 292, 297, -143, -151, 295, -126, 0, -112, -92, -219, -58, 
-4, 273, 278, -134, -141, 275, -131, 0, -126, -102, -229, -68, 
0, 273, 273, -136, -136, 273, -131, 0, -126, -102, -234, -73, 
4, 273, 268, -139, -131, 270, -136, 4, -126, -102, -234, -73, 
24, 273, 248, -148, -112, 261, -136, 4, -126, -97, -234, -73, 
29, 283, 253, -156, -112, 268, -126, 14, -112, -97, -234, -68, 
29, 283, 253, -156, -112, 268, -126, 14, -107, -97, -224, -68, 
24, 292, 268, -158, -122, 280, -126, 19, -97, -92, -219, -53, 
29, 292, 263, -161, -117, 278, -126, 19, -97, -87, -214, -53, 
19, 283, 263, -151, -122, 273, -126, 24, -87, -87, -214, -53, 
9, 278, 268, -143, -129, 273, -126, 24, -87, -87, -214, -53, 
0, 273, 273, -136, -136, 273, -131, 24, -87, -82, -214, -53, 
-4, 273, 278, -134, -141, 275, -131, 29, -87, -82, -214, -48, 
14, 283, 268, -148, -126, 275, -141, 19, -97, -92, -214, -58, 
29, 287, 258, -158, -114, 273, -141, 19, -92, -92, -214, -63, 
34, 297, 263, -165, -114, 280, -141, 19, -82, -92, -209, -63, 
34, 297, 263, -165, -114, 280, -141, 24, -78, -87, -209, -58, 
19, 297, 278, -158, -129, 287, -141, 14, -82, -87, -214, -53, 
19, 292, 273, -156, -126, 283, -136, 14, -78, -87, -214, -53, 
19, 292, 273, -156, -126, 283, -131, 14, -78, -82, -209, -48, 
19, 292, 273, -156, -126, 283, -122, 19, -73, -78, -200, -43, 
14, 292, 278, -153, -131, 285, -122, 29, -58, -68, -195, -29, 
19, 302, 283, -161, -131, 292, -122, 29, -53, -58, -185, -29, 
14, 297, 283, -156, -134, 290, -122, 34, -48, -58, -180, -29, 
4, 292, 287, -148, -141, 290, -122, 34, -48, -58, -175, -24, 
9, 297, 287, -153, -139, 292, -131, 34, -34, -58, -175, -24, 
29, 312, 283, -170, -126, 297, -136, 34, -29, -58, -175, -19, 
34, 322, 287, -178, -126, 305, -136, 39, -19, -58, -175, -19, 
29, 326, 297, -178, -134, 312, -131, 48, -9, -43, -170, -9, 
19, 317, 297, -168, -139, 307, -122, 63, -4, -48, -165, -14, 
19, 312, 292, -165, -136, 302, -122, 63, -4, -39, -156, -9, 
24, 317, 292, -170, -134, 305, -126, 63, -4, -34, -151, -4, 
39, 317, 278, -178, -119, 297, -131, 63, -4, -34, -151, -4, 
43, 322, 278, -183, -117, 300, -141, 53, 9, -43, -156, 0, 
43, 331, 287, -187, -122, 309, -141, 53, 19, -29, -151, 4, 
48, 346, 297, -197, -124, 322, -141, 58, 29, -24, -146, 9, 
63, 356, 292, -209, -114, 324, -141, 68, 39, -19, -141, 9, 
58, 346, 287, -202, -114, 317, -146, 68, 34, -4, -126, 14, 
58, 351, 292, -204, -117, 322, -146, 78, 48, 0, -126, 19, 
68, 356, 287, -212, -109, 322, -146, 78, 53, 4, -112, 24, 
63, 361, 297, -212, -117, 329, -146, 87, 68, 19, -102, 39, 
73, 361, 287, -217, -107, 324, -146, 97, 87, 29, -92, 53, 
73, 375, 302, -224, -114, 339, -146, 97, 97, 43, -82, 63, 
78, 380, 302, -229, -112, 341, -146, 97, 102, 58, -73, 63, 
78, 380, 302, -229, -112, 341, -151, 102, 117, 73, -73, 68, 
78, 395, 317, -236, -119, 356, -151, 112, 136, 73, -58, 82, 
92, 409, 317, -251, -112, 363, -151, 117, 151, 87, -48, 87, 
92, 419, 326, -256, -117, 373, -151, 122, 165, 102, -39, 102, 
92, 419, 326, -256, -117, 373, -151, 131, 175, 117, -29, 112, 
97, 419, 322, -258, -112, 370, -165, 136, 185, 126, -14, 112, 
112, 434, 322, -273, -104, 378, -170, 141, 195, 136, -9, 117, 
117, 444, 326, -280, -104, 385, -175, 141, 214, 141, 0, 122, 
126, 444, 317, -285, -95, 380, -175, 146, 219, 146, 4, 126, 
122, 453, 331, -287, -104, 392, -175, 161, 229, 156, 9, 141, 
131, 463, 331, -297, -100, 397, -180, 161, 239, 165, 14, 141, 
117, 463, 346, -290, -114, 405, -180, 165, 253, 175, 24, 151, 
102, 468, 366, -285, -131, 417, -180, 165, 273, 185, 29, 156, 
122, 478, 356, -300, -117, 417, -170, 170, 287, 195, 39, 170, 
131, 483, 351, -307, -109, 417, -170, 175, 292, 195, 48, 170, 
131, 488, 356, -309, -112, 422, -165, 180, 292, 195, 53, 175, 
136, 502, 366, -319, -114, 434, -165, 185, 297, 200, 58, 180, 
141, 497, 356, -319, -107, 427, -180, 185, 287, 200, 58, 175, 
131, 492, 361, -312, -114, 427, -185, 180, 283, 200, 53, 175, 
146, 488, 341, -317, -97, 414, -190, 170, 278, 195, 48, 175, 
156, 483, 326, -319, -85, 405, -200, 165, 273, 190, 43, 175, 
141, 483, 341, -312, -100, 412, -195, 175, 283, 190, 48, 170, 
136, 483, 346, -309, -104, 414, -190, 165, 278, 185, 43, 165, 
141, 483, 341, -312, -100, 412, -190, 165, 278, 185, 43, 165, 
136, 483, 346, -309, -104, 414, -185, 165, 278, 185, 48, 165, 
136, 483, 346, -309, -104, 414, -185, 165, 278, 195, 48, 180, 
136, 492, 356, -314, -109, 424, -185, 165, 278, 200, 48, 185, 
136, 502, 366, -319, -114, 434, -185, 165, 283, 204, 58, 185, 
141, 517, 375, -329, -117, 446, -185, 165, 287, 204, 58, 185, 
175, 536, 361, -356, -92, 448, -200, 161, 283, 200, 53, 190, 
185, 541, 356, -363, -85, 448, -204, 156, 283, 204, 58, 185, 
195, 541, 346, -368, -75, 444, -204, 151, 287, 200, 53, 190, 
195, 546, 351, -370, -78, 448, -209, 146, 292, 195, 48, 185, 
200, 536, 336, -368, -68, 436, -204, 156, 297, 209, 58, 200, 
195, 536, 341, -366, -73, 439, -200, 161, 302, 214, 68, 200, 
185, 536, 351, -361, -82, 444, -195, 165, 302, 219, 73, 200, 
175, 551, 375, -363, -100, 463, -190, 170, 307, 219, 78, 200, 
180, 556, 375, -368, -97, 466, -190, 161, 292, 214, 73, 190, 
180, 556, 375, -368, -97, 466, -190, 156, 287, 204, 63, 190, 
190, 546, 356, -368, -82, 451, -204, 151, 278, 190, 58, 185, 
190, 546, 356, -368, -82, 451, -204, 141, 273, 185, 53, 185, 
180, 556, 375, -368, -97, 466, -229, 131, 258, 180, 48, 185, 
190, 556, 366, -373, -87, 461, -248, 112, 244, 170, 39, 185, 
195, 551, 356, -373, -80, 453, -253, 92, 229, 161, 39, 180, 
195, 541, 346, -368, -75, 444, -263, 87, 224, 151, 34, 180, 
195, 527, 331, -361, -68, 429, -268, 92, 190, 131, 19, 165, 
200, 507, 307, -353, -53, 407, -278, 78, 151, 107, -4, 141, 
200, 478, 278, -339, -39, 378, -287, 73, 117, 87, -19, 126, 
195, 453, 258, -324, -31, 356, -287, 63, 78, 68, -43, 122, 
200, 439, 239, -319, -19, 339, -273, 53, 53, 34, -68, 92, 
200, 424, 224, -312, -12, 324, -263, 43, 29, 14, -82, 78, 
204, 414, 209, -309, -2, 312, -263, 34, -4, -14, -97, 68, 
214, 409, 195, -312, 9, 302, -263, 14, -39, -34, -122, 53, 
200, 390, 190, -295, 4, 290, -253, 9, -63, -48, -131, 53, 
190, 375, 185, -283, 2, 280, -258, 0, -87, -63, -146, 43, 
185, 361, 175, -273, 4, 268, -263, -9, -112, -78, -156, 24, 
180, 361, 180, -270, 0, 270, -263, -24, -126, -92, -180, 9, 
185, 346, 161, -265, 12, 253, -273, -19, -126, -102, -190, 4, 
185, 346, 161, -265, 12, 253, -268, -29, -141, -107, -195, -4, 
190, 346, 156, -268, 17, 251, -268, -29, -146, -117, -204, -4, 
190, 346, 156, -268, 17, 251, -258, -24, -156, -126, -214, -9, 
185, 341, 156, -263, 14, 248, -244, -19, -156, -131, -209, -4, 
170, 341, 170, -256, 0, 256, -234, -19, -151, -136, -214, -9, 
161, 341, 180, -251, -9, 261, -229, -14, -146, -136, -214, -9, 
146, 341, 195, -244, -24, 268, -224, -14, -136, -126, -214, -9, 
141, 341, 200, -241, -29, 270, -224, -9, -136, -122, -204, -9, 
141, 351, 209, -246, -34, 280, -219, -4, -131, -122, -200, -9, 
141, 351, 209, -246, -34, 280, -214, 0, -131, -126, -200, -9, 
146, 341, 195, -244, -24, 268, -214, 0, -141, -131, -209, -14, 
136, 331, 195, -234, -29, 263, -214, 0, -151, -141, -219, -19, 
136, 322, 185, -229, -24, 253, -214, 0, -151, -141, -224, -29, 
136, 307, 170, -222, -17, 239, -214, 0, -161, -146, -239, -39, 
141, 302, 161, -222, -9, 231, -209, 0, -161, -151, -248, -48, 
151, 307, 156, -229, -2, 231, -209, -4, -175, -156, -253, -53, 
151, 302, 151, -226, 0, 226, -209, -4, -185, -165, -263, -73, 
151, 302, 151, -226, 0, 226, -204, -9, -185, -175, -263, -73, 
146, 307, 161, -226, -7, 234, -204, -14, -180, -175, -263, -68, 
146, 312, 165, -229, -9, 239, -209, 0, -175, -180, -263, -68, 
151, 312, 161, -231, -4, 236, -204, 9, -175, -170, -263, -68, 
146, 312, 165, -229, -9, 239, -200, 9, -165, -170, -263, -63, 
151, 312, 161, -231, -4, 236, -200, 14, -156, -161, -258, -58, 
141, 307, 165, -224, -12, 236, -195, 19, -141, -151, -253, -48, 
122, 302, 180, -212, -29, 241, -180, 24, -141, -151, -248, -48, 
107, 297, 190, -202, -41, 244, -170, 29, -141, -151, -244, -48, 
92, 278, 185, -185, -46, 231, -161, 34, -141, -156, -244, -53, 
53, 263, 209, -158, -78, 236, -151, 34, -151, -170, -253, -68, 
43, 253, 209, -148, -82, 231, -146, 34, -156, -170, -263, -73, 
34, 248, 214, -141, -90, 231, -141, 24, -161, -175, -273, -78, 
29, 239, 209, -134, -90, 224, -141, 14, -165, -185, -283, -82, 
24, 239, 214, -131, -95, 226, -146, 4, -175, -200, -297, -102, 
29, 239, 209, -134, -90, 224, -146, 0, -175, -204, -302, -102, 
39, 244, 204, -141, -82, 224, -146, 0, -175, -204, -302, -107, 
58, 248, 190, -153, -65, 219, -146, -4, -175, -209, -307, -107, 
48, 244, 195, -146, -73, 219, -151, -4, -165, -219, -307, -107, 
48, 244, 195, -146, -73, 219, -151, 0, -165, -219, -307, -102, 
48, 248, 200, -148, -75, 224, -146, 4, -165, -219, -302, -102, 
48, 253, 204, -151, -78, 229, -146, 4, -165, -214, -297, -102, 
39, 234, 195, -136, -78, 214, -141, 19, -151, -204, -287, -78, 
19, 234, 214, -126, -97, 224, -126, 29, -136, -195, -273, -68, 
24, 239, 214, -131, -95, 226, -136, 24, -146, -204, -278, -73, 
29, 244, 214, -136, -92, 229, -136, 19, -146, -204, -283, -78, 
34, 248, 214, -141, -90, 231, -136, 14, -146, -204, -287, -82, 
39, 253, 214, -146, -87, 234, -136, 9, -146, -204, -292, -87, 
19, 248, 229, -134, -104, 239, -136, 0, -156, -204, -292, -97, 
19, 244, 224, -131, -102, 234, -141, 4, -156, -204, -297, -97, 
29, 244, 214, -136, -92, 229, -141, 4, -156, -204, -297, -97, 
34, 239, 204, -136, -85, 222, -136, 4, -156, -204, -297, -97, 
39, 248, 209, -143, -85, 229, -136, 4, -141, -185, -297, -87, 
53, 258, 204, -156, -75, 231, -136, 4, -141, -185, -297, -87, 
58, 268, 209, -163, -75, 239, -136, 4, -141, -185, -287, -87, 
53, 278, 224, -165, -85, 251, -136, 9, -141, -185, -287, -87, 
43, 278, 234, -161, -95, 256, -126, 14, -126, -180, -287, -68, 
39, 278, 239, -158, -100, 258, -126, 19, -126, -170, -283, -68, 
24, 278, 253, -151, -114, 265, -126, 24, -131, -165, -273, -68, 
29, 278, 248, -153, -109, 263, -126, 29, -131, -161, -268, -68, 
39, 273, 234, -156, -97, 253, -126, 19, -141, -165, -278, -68, 
43, 268, 224, -156, -90, 246, -126, 19, -141, -170, -278, -73, 
43, 263, 219, -153, -87, 241, -126, 19, -141, -175, -278, -73, 
43, 258, 214, -151, -85, 236, -126, 19, -136, -180, -278, -73, 
34, 268, 234, -151, -100, 251, -136, 19, -141, -190, -287, -78, 
34, 268, 234, -151, -100, 251, -136, 19, -146, -190, -292, -78, 
39, 268, 229, -153, -95, 248, -136, 19, -156, -190, -292, -78, 
39, 268, 229, -153, -95, 248, -136, 19, -161, -190, -287, -78, 
39, 268, 229, -153, -95, 248, -136, 19, -165, -180, -278, -78, 
39, 263, 224, -151, -92, 244, -136, 19, -161, -180, -278, -78, 
39, 263, 224, -151, -92, 244, -136, 19, -156, -180, -283, -78, 
39, 263, 224, -151, -92, 244, -136, 19, -151, -180, -283, -78, 
39, 253, 214, -146, -87, 234, -136, 19, -161, -190, -287, -78, 
39, 258, 219, -148, -90, 239, -136, 19, -161, -190, -287, -82, 
39, 258, 219, -148, -90, 239, -136, 19, -165, -190, -292, -87, 
39, 253, 214, -146, -87, 234, -136, 19, -170, -195, -292, -87, 
24, 248, 224, -136, -100, 236, -136, 19, -170, -190, -292, -87, 
24, 239, 214, -131, -95, 226, -136, 19, -170, -190, -292, -87, 
24, 224, 200, -124, -87, 212, -136, 19, -170, -190, -297, -87, 
24, 219, 195, -122, -85, 207, -136, 19, -170, -190, -297, -92, 
24, 234, 209, -129, -92, 222, -131, 24, -165, -190, -292, -92, 
24, 234, 209, -129, -92, 222, -131, 24, -170, -185, -292, -87, 
24, 234, 209, -129, -92, 222, -131, 24, -170, -180, -292, -82, 
24, 234, 209, -129, -92, 222, -126, 29, -170, -175, -287, -78, 
34, 244, 209, -139, -87, 226, -131, 19, -180, -180, -292, -78, 
34, 248, 214, -141, -90, 231, -136, 19, -180, -180, -287, -82, 
39, 253, 214, -146, -87, 234, -141, 19, -180, -185, -287, -87, 
58, 258, 200, -158, -70, 229, -146, 9, -185, -200, -297, -102, 
63, 244, 180, -153, -58, 212, -146, 19, -185, -209, -297, -92, 
63, 244, 180, -153, -58, 212, -146, 19, -170, -200, -297, -92, 
68, 244, 175, -156, -53, 209, -146, 19, -170, -200, -297, -92, 
73, 244, 170, -158, -48, 207, -151, 14, -180, -204, -297, -92, 
58, 234, 175, -146, -58, 204, -141, 14, -190, -214, -302, -82, 
39, 234, 195, -136, -78, 214, -141, 19, -185, -214, -302, -78, 
24, 234, 209, -129, -92, 222, -141, 19, -185, -214, -302, -78, 
4, 234, 229, -119, -112, 231, -141, 14, -185, -214, -302, -82, 
4, 229, 224, -117, -109, 226, -136, 14, -180, -214, -307, -87, 
19, 224, 204, -122, -92, 214, -136, 14, -180, -219, -312, -92, 
19, 219, 200, -119, -90, 209, -136, 14, -180, -219, -317, -97, 
-4, 209, 214, -102, -109, 212, -131, 19, -180, -214, -322, -97, 
4, 219, 214, -112, -104, 217, -141, 29, -190, -214, -312, -82, 
19, 224, 204, -122, -92, 214, -141, 29, -190, -214, -312, -87, 
34, 224, 190, -129, -78, 207, -141, 24, -190, -214, -312, -82, 
48, 224, 175, -136, -63, 200, -141, 24, -195, -214, -312, -78, 
48, 234, 185, -141, -68, 209, -151, 9, -195, -214, -312, -87, 
34, 239, 204, -136, -85, 222, -151, 9, -195, -219, -312, -87, 
48, 248, 200, -148, -75, 224, -151, 9, -195, -219, -312, -87, 
48, 258, 209, -153, -80, 234, -156, 4, -190, -224, -317, -87, 
39, 253, 214, -146, -87, 234, -156, 14, -185, -219, -312, -78, 
34, 248, 214, -141, -90, 231, -151, 14, -185, -214, -312, -78, 
29, 244, 214, -136, -92, 229, -146, 14, -180, -209, -307, -78, 
19, 239, 219, -129, -100, 229, -141, 19, -175, -204, -302, -78, 
0, 224, 224, -112, -112, 224, -136, 19, -185, -209, -307, -73, 
0, 224, 224, -112, -112, 224, -136, 19, -185, -209, -307, -73, 
0, 229, 229, -114, -114, 229, -136, 19, -185, -209, -307, -73, 
4, 234, 229, -119, -112, 231, -141, 14, -185, -209, -307, -73, 
19, 224, 204, -122, -92, 214, -141, 4, -195, -224, -317, -82, 
24, 219, 195, -122, -85, 207, -141, 4, -195, -234, -317, -82, 
29, 219, 190, -124, -80, 204, -141, 9, -195, -234, -317, -82, 
39, 219, 180, -129, -70, 200, -141, 9, -195, -229, -317, -82, 
34, 209, 175, -122, -70, 192, -141, 14, -185, -229, -317, -82, 
29, 209, 180, -119, -75, 195, -141, 14, -185, -229, -317, -82, 
24, 204, 180, -114, -78, 192, -141, 14, -185, -229, -317, -82, 
19, 204, 185, -112, -82, 195, -146, 14, -185, -229, -317, -82, 
24, 209, 185, -117, -80, 197, -156, 9, -200, -239, -317, -73, 
29, 219, 190, -124, -80, 204, -156, 9, -200, -239, -317, -73, 
34, 224, 190, -129, -78, 207, -161, 9, -200, -239, -317, -73, 
43, 229, 185, -136, -70, 207, -161, 9, -200, -239, -317, -73, 
43, 234, 190, -139, -73, 212, -151, 9, -185, -234, -302, -73, 
43, 239, 195, -141, -75, 217, -151, 9, -185, -224, -302, -73, 
43, 239, 195, -141, -75, 217, -151, 9, -185, -219, -302, -73, 
43, 234, 190, -139, -73, 212, -151, 9, -185, -214, -302, -73, 
43, 214, 170, -129, -63, 192, -136, 24, -185, -214, -302, -68, 
29, 214, 185, -122, -78, 200, -136, 24, -175, -209, -287, -68, 
24, 244, 219, -134, -97, 231, -141, 19, -175, -204, -297, -68, 
19, 283, 263, -151, -122, 273, -161, -9, -175, -209, -297, -58, 
19, 297, 278, -158, -129, 287, -170, -43, -170, -195, -292, -58, 
14, 312, 297, -163, -141, 305, -170, -78, -161, -170, -258, -34, 
4, 341, 336, -173, -165, 339, -185, -92, -141, -126, -219, 0, 
-14, 375, 390, -180, -202, 383, -185, -112, -126, -102, -195, 9, 
-43, 405, 448, -180, -246, 427, -170, -102, -117, -73, -161, 39, 
-19, 414, 434, -197, -226, 424, -170, -87, -92, -24, -107, 82, 
-4, 400, 405, -197, -204, 402, -190, -87, -58, 29, -48, 151, 
43, 458, 414, -251, -185, 436, -239, -122, -14, 117, 48, 248, 
146, 575, 429, -361, -141, 502, -292, -117, 24, 204, 156, 356, 
287, 673, 385, -480, -48, 529, -356, -73, 87, 312, 287, 483, 
458, 727, 268, -592, 95, 497, -424, 39, 209, 468, 483, 678, 
668, 766, 97, -717, 285, 431, -497, 165, 302, 610, 673, 858, 
907, 785, -122, -846, 514, 331, -590, 258, 312, 673, 805, 1010, 
1151, 819, -331, -985, 741, 244, -702, 317, 234, 702, 897, 1112, 
1337, 834, -502, -1085, 919, 165, -824, 331, 117, 668, 927, 1166, 
1464, 834, -629, -1149, 1046, 102, -907, 322, -9, 575, 858, 1127, 
1556, 790, -766, -1173, 1161, 12, -936, 336, -131, 429, 702, 1005, 
1586, 663, -922, -1124, 1254, -129, -902, 395, -287, 204, 463, 805, 
1556, 400, -1156, -978, 1356, -378, -800, 527, -512, -136, 82, 453, 
1507, 112, -1395, -810, 1451, -641, -692, 639, -780, -527, -341, 58, 
1454, -73, -1527, -690, 1490, -800, -634, 634, -1044, -800, -634, -214, 
1351, -151, -1503, -600, 1427, -827, -610, 517, -1249, -936, -775, -336, 
1171, -209, -1381, -480, 1276, -795, -566, 302, -1429, -1058, -902, -478, 
936, -292, -1229, -322, 1083, -761, -522, 14, -1610, -1229, -1083, -663, 
761, -341, -1102, -209, 932, -722, -517, -253, -1737, -1337, -1190, -766, 
653, -351, -1005, -151, 829, -678, -517, -424, -1732, -1327, -1180, -761, 
546, -361, -907, -92, 727, -634, -488, -434, -1581, -1254, -1127, -727, 
488, -341, -829, -73, 658, -585, -439, -351, -1376, -1161, -1073, -692, 
463, -273, -736, -95, 600, -505, -419, -283, -1200, -1058, -1000, -644, 
409, -190, -600, -109, 505, -395, -390, -253, -1039, -941, -907, -551, 
336, -126, -463, -104, 400, -295, -385, -229, -902, -814, -795, -453, 
307, -82, -390, -112, 348, -236, -385, -209, -785, -702, -692, -370, 
278, -29, -307, -124, 292, -168, -341, -165, -658, -595, -614, -312, 
209, 34, -175, -122, 192, -70, -268, -107, -531, -507, -541, -258, 
151, 78, -73, -114, 112, 2, -229, -73, -463, -448, -497, -234, 
131, 87, -43, -109, 87, 21, -200, -48, -405, -419, -478, -224, 
102, 107, 4, -104, 48, 56, -175, -29, -341, -380, -448, -190, 
29, 136, 107, -82, -39, 122, -165, -24, -287, -326, -400, -146, 
-34, 180, 214, -73, -124, 197, -161, -14, -263, -302, -366, -126, 
-19, 200, 219, -90, -119, 209, -175, -24, -258, -297, -361, -126, 
39, 204, 165, -122, -63, 185, -195, -34, -273, -307, -370, -126, 
43, 195, 151, -119, -53, 173, -190, -24, -268, -297, -361, -122, 
29, 195, 165, -112, -68, 180, -170, -4, -253, -297, -356, -122, 
29, 190, 161, -109, -65, 175, -151, 4, -239, -287, -356, -122, 
24, 190, 165, -107, -70, 178, -146, 14, -224, -278, -346, -122, 
19, 200, 180, -109, -80, 190, -131, 9, -214, -273, -341, -112, 
9, 195, 185, -102, -87, 190, -131, 14, -195, -268, -336, -107, 
14, 204, 190, -109, -87, 197, -136, 4, -200, -263, -341, -112, 
9, 204, 195, -107, -92, 200, -146, 0, -209, -263, -346, -117, 
0, 200, 200, -100, -100, 200, -151, -4, -219, -268, -351, -122, 
0, 200, 200, -100, -100, 200, -156, -9, -224, -273, -361, -131, 
9, 200, 190, -104, -90, 195, -161, -4, -219, -258, -351, -126, 
14, 195, 180, -104, -82, 187, -161, 0, -219, -263, -351, -117, 
14, 195, 180, -104, -82, 187, -151, 4, -209, -248, -341, -112, 
14, 209, 195, -112, -90, 202, -151, 4, -204, -239, -336, -102, 
14, 214, 200, -114, -92, 207, -141, 9, -195, -234, -326, -87, 
9, 214, 204, -112, -97, 209, -141, 9, -185, -229, -322, -87, 
4, 214, 209, -109, -102, 212, -146, 14, -175, -229, -322, -82, 
4, 224, 219, -114, -107, 222, -146, 19, -170, -229, -317, -78, 
0, 229, 229, -114, -114, 229, -146, 4, -180, -239, -317, -87, 
0, 234, 234, -117, -117, 234, -151, 0, -185, -239, -322, -92, 
0, 239, 239, -119, -119, 239, -161, 0, -190, -239, -322, -92, 
14, 244, 229, -129, -107, 236, -165, -4, -195, -234, -322, -92, 
4, 229, 224, -117, -109, 226, -156, 4, -200, -224, -331, -97, 
0, 224, 224, -112, -112, 224, -156, 4, -195, -224, -322, -97, 
-9, 229, 239, -109, -124, 234, -156, 9, -185, -219, -317, -82, 
-9, 224, 234, -107, -122, 229, -156, 9, -185, -214, -312, -82, 
-9, 229, 239, -109, -124, 234, -146, 14, -180, -214, -312, -73, 
-9, 229, 239, -109, -124, 234, -146, 14, -175, -214, -312, -73, 
-9, 229, 239, -109, -124, 234, -151, 14, -170, -209, -312, -73, 
-4, 234, 239, -114, -122, 236, -151, 19, -165, -209, -312, -68, 
9, 224, 214, -117, -102, 219, -141, 19, -165, -200, -302, -58, 
19, 229, 209, -124, -95, 219, -141, 19, -161, -200, -302, -63, 
19, 239, 219, -129, -100, 229, -141, 19, -151, -200, -297, -63, 
14, 239, 224, -126, -104, 231, -141, 24, -146, -195, -297, -58, 
14, 239, 224, -126, -104, 231, -156, 24, -151, -195, -292, -63, 
19, 234, 214, -126, -97, 224, -156, 24, -146, -195, -292, -63, 
24, 234, 209, -129, -92, 222, -156, 24, -146, -190, -287, -58, 
29, 234, 204, -131, -87, 219, -151, 29, -141, -185, -278, -53, 
34, 253, 219, -143, -92, 236, -161, 19, -146, -190, -287, -58, 
48, 273, 224, -161, -87, 248, -161, 19, -141, -185, -283, -58, 
53, 278, 224, -165, -85, 251, -161, 24, -136, -190, -283, -58, 
53, 283, 229, -168, -87, 256, -161, 24, -136, -195, -283, -53, 
48, 273, 224, -161, -87, 248, -161, 34, -122, -185, -263, -53, 
58, 283, 224, -170, -82, 253, -165, 34, -117, -185, -263, -48, 
53, 287, 234, -170, -90, 261, -165, 39, -107, -185, -263, -48, 
39, 287, 248, -163, -104, 268, -161, 48, -97, -170, -258, -39, 
19, 273, 253, -146, -117, 263, -151, 63, -87, -161, -248, -29, 
9, 273, 263, -141, -126, 268, -151, 63, -82, -146, -234, -19, 
4, 283, 278, -143, -136, 280, -156, 63, -78, -136, -224, -9, 
9, 287, 278, -148, -134, 283, -161, 63, -73, -131, -219, -4, 
14, 297, 283, -156, -134, 290, -170, 53, -78, -141, -224, -9, 
14, 302, 287, -158, -136, 295, -170, 53, -68, -126, -219, -4, 
19, 312, 292, -165, -136, 302, -170, 58, -58, -122, -214, 0, 
34, 317, 283, -175, -124, 300, -170, 68, -48, -117, -209, 0, 
39, 322, 283, -180, -122, 302, -175, 78, -34, -112, -204, 14, 
48, 331, 283, -190, -117, 307, -175, 87, -19, -107, -204, 19, 
68, 341, 273, -204, -102, 307, -175, 87, -14, -102, -190, 24, 
73, 351, 278, -212, -102, 314, -175, 97, 0, -87, -180, 39, 
73, 356, 283, -214, -104, 319, -185, 117, 19, -82, -180, 34, 
73, 366, 292, -219, -109, 329, -185, 117, 29, -73, -170, 43, 
78, 366, 287, -222, -104, 326, -185, 117, 34, -63, -161, 43, 
78, 361, 283, -219, -102, 322, -190, 122, 48, -53, -161, 48, 
68, 361, 292, -214, -112, 326, -180, 122, 58, -53, -146, 63, 
82, 370, 287, -226, -102, 329, -180, 126, 73, -39, -136, 68, 
82, 375, 292, -229, -104, 334, -180, 131, 87, -24, -126, 82, 
82, 370, 287, -226, -102, 329, -180, 141, 97, -9, -117, 92, 
82, 380, 297, -231, -107, 339, -175, 151, 117, 0, -92, 112, 
92, 395, 302, -244, -104, 348, -180, 161, 126, 9, -87, 117, 
92, 405, 312, -248, -109, 358, -185, 165, 146, 14, -78, 122, 
97, 405, 307, -251, -104, 356, -185, 175, 151, 19, -73, 126, 
97, 414, 317, -256, -109, 366, -185, 170, 156, 39, -68, 131, 
112, 424, 312, -268, -100, 368, -190, 170, 161, 48, -63, 131, 
102, 424, 322, -263, -109, 373, -190, 175, 170, 58, -53, 141, 
92, 429, 336, -261, -122, 383, -190, 175, 185, 68, -48, 146, 
117, 429, 312, -273, -97, 370, -204, 175, 180, 68, -43, 141, 
131, 424, 292, -278, -80, 358, -209, 175, 185, 68, -39, 141, 
136, 419, 283, -278, -73, 351, -209, 175, 185, 68, -39, 146, 
146, 424, 278, -285, -65, 351, -214, 175, 190, 73, -39, 151, 
131, 439, 307, -285, -87, 373, -204, 170, 195, 68, -34, 156, 
112, 444, 331, -278, -109, 387, -204, 170, 195, 73, -34, 156, 
117, 448, 331, -283, -107, 390, -204, 165, 195, 73, -34, 156, 
117, 453, 336, -285, -109, 395, -209, 165, 195, 73, -34, 156, 
117, 453, 336, -285, -109, 395, -209, 175, 195, 73, -39, 151, 
117, 453, 336, -285, -109, 395, -209, 165, 190, 68, -43, 146, 
126, 453, 326, -290, -100, 390, -214, 165, 190, 68, -43, 146, 
126, 453, 326, -290, -100, 390, -214, 165, 190, 68, -39, 146, 
117, 444, 326, -280, -104, 385, -214, 156, 200, 68, -29, 161, 
117, 453, 336, -285, -109, 395, -214, 156, 200, 73, -29, 165, 
117, 463, 346, -290, -114, 405, -214, 156, 204, 78, -19, 165, 
122, 478, 356, -300, -117, 417, -214, 156, 209, 78, -19, 165, 
141, 502, 361, -322, -109, 431, -224, 156, 214, 78, -29, 175, 
146, 512, 366, -329, -109, 439, -224, 156, 214, 87, -19, 175, 
151, 517, 366, -334, -107, 441, -219, 156, 219, 87, -19, 185, 
146, 527, 380, -336, -117, 453, -219, 156, 224, 87, -19, 185, 
180, 517, 336, -348, -78, 427, -219, 151, 214, 78, -14, 180, 
185, 517, 331, -351, -73, 424, -219, 151, 214, 78, -9, 180, 
185, 517, 331, -351, -73, 424, -219, 151, 209, 78, -9, 180, 
185, 531, 346, -358, -80, 439, -219, 151, 209, 73, -9, 180, 
180, 546, 366, -363, -92, 456, -209, 151, 204, 82, -9, 190, 
180, 546, 366, -363, -92, 456, -209, 146, 200, 78, -14, 190, 
190, 536, 346, -363, -78, 441, -224, 141, 190, 68, -14, 185, 
190, 536, 346, -363, -78, 441, -224, 131, 185, 68, -14, 185, 
180, 536, 356, -358, -87, 446, -239, 136, 185, 78, -19, 185, 
190, 536, 346, -363, -78, 441, -258, 122, 175, 73, -29, 185, 
195, 531, 336, -363, -70, 434, -263, 107, 165, 68, -29, 180, 
195, 522, 326, -358, -65, 424, -273, 107, 165, 63, -34, 180, 
185, 527, 341, -356, -78, 434, -268, 102, 141, 43, -43, 175, 
190, 517, 326, -353, -68, 422, -278, 87, 112, 19, -63, 151, 
190, 497, 307, -344, -58, 402, -287, 82, 87, 0, -73, 136, 
185, 483, 297, -334, -56, 390, -287, 73, 58, -19, -92, 131, 
180, 458, 278, -319, -48, 368, -283, 78, 24, -48, -117, 102, 
170, 434, 263, -302, -46, 348, -273, 73, 0, -63, -131, 87, 
165, 414, 248, -290, -41, 331, -273, 68, -34, -87, -146, 78, 
165, 400, 234, -283, -34, 317, -273, 53, -68, -102, -170, 63, 
170, 390, 219, -280, -24, 305, -273, 43, -92, -131, -200, 48, 
170, 375, 204, -273, -17, 290, -278, 29, -117, -151, -214, 34, 
175, 361, 185, -268, -4, 273, -283, 14, -141, -170, -224, 9, 
180, 361, 180, -270, 0, 270, -283, -4, -156, -190, -248, -9, 
161, 341, 180, -251, -9, 261, -283, -19, -165, -209, -258, -14, 
156, 336, 180, -246, -12, 258, -278, -29, -180, -214, -263, -24, 
156, 331, 175, -244, -9, 253, -278, -29, -185, -224, -273, -24, 
151, 326, 175, -239, -12, 251, -268, -24, -195, -234, -283, -29, 
131, 322, 190, -226, -29, 256, -253, -14, -190, -234, -278, -34, 
112, 322, 209, -217, -48, 265, -244, -9, -190, -234, -283, -39, 
97, 322, 224, -209, -63, 273, -239, 0, -190, -229, -283, -39, 
78, 322, 244, -200, -82, 283, -234, 4, -185, -214, -283, -39, 
82, 312, 229, -197, -73, 270, -244, -4, -190, -214, -287, -48, 
82, 322, 239, -202, -78, 280, -239, -4, -190, -219, -287, -48, 
82, 322, 239, -202, -78, 280, -234, -4, -195, -229, -292, -48, 
87, 312, 224, -200, -68, 268, -234, -9, -209, -239, -307, -53, 
97, 317, 219, -207, -61, 268, -224, 0, -209, -248, -312, -53, 
97, 312, 214, -204, -58, 263, -224, 0, -209, -248, -312, -58, 
97, 302, 204, -200, -53, 253, -224, 0, -219, -253, -322, -63, 
102, 302, 200, -202, -48, 251, -219, 0, -219, -258, -326, -68, 
122, 297, 175, -209, -26, 236, -229, 0, -224, -273, -341, -78, 
131, 292, 161, -212, -14, 226, -229, 4, -234, -283, -351, -102, 
141, 292, 151, -217, -4, 222, -224, 4, -234, -292, -351, -107, 
146, 297, 151, -222, -2, 224, -224, 4, -229, -292, -351, -107, 
117, 307, 190, -212, -36, 248, -214, 9, -219, -283, -326, -92, 
102, 312, 209, -207, -53, 261, -204, 19, -214, -268, -322, -87, 
78, 317, 239, -197, -80, 278, -195, 19, -200, -263, -317, -78, 
63, 322, 258, -192, -97, 290, -190, 24, -185, -248, -307, -68, 
68, 331, 263, -200, -97, 297, -195, 19, -180, -239, -307, -68, 
63, 331, 268, -197, -102, 300, -190, 24, -180, -239, -307, -68, 
63, 331, 268, -197, -102, 300, -190, 29, -180, -239, -307, -68, 
63, 317, 253, -190, -95, 285, -190, 34, -180, -244, -312, -73, 
53, 307, 253, -180, -100, 280, -180, 34, -180, -258, -326, -78, 
53, 302, 248, -178, -97, 275, -175, 34, -185, -258, -331, -82, 
53, 302, 248, -178, -97, 275, -170, 24, -190, -263, -336, -87, 
58, 297, 239, -178, -90, 268, -170, 14, -195, -273, -341, -92, 
39, 273, 234, -156, -97, 253, -156, 14, -204, -278, -346, -102, 
29, 268, 239, -148, -104, 253, -156, 9, -204, -283, -351, -102, 
24, 268, 244, -146, -109, 256, -156, 9, -204, -283, -351, -107, 
29, 268, 239, -148, -104, 253, -156, 4, -204, -287, -356, -107, 
39, 263, 224, -151, -92, 244, -161, 14, -195, -278, -346, -107, 
39, 263, 224, -151, -92, 244, -161, 19, -195, -278, -346, -102, 
39, 268, 229, -153, -95, 248, -156, 24, -195, -278, -341, -102, 
39, 273, 234, -156, -97, 253, -156, 24, -195, -273, -336, -102, 
29, 331, 302, -180, -136, 317, -151, 48, -170, -253, -326, -87, 
0, 302, 302, -151, -151, 302, -151, 39, -165, -258, -326, -97, 
-9, 268, 278, -129, -143, 273, -151, 29, -175, -258, -331, -107, 
39, 292, 253, -165, -107, 273, -156, 29, -175, -263, -331, -97, 
29, 292, 263, -161, -117, 278, -146, 29, -185, -268, -341, -97, 
29, 292, 263, -161, -117, 278, -146, 29, -185, -273, -341, -97, 
29, 292, 263, -161, -117, 278, -146, 29, -185, -278, -341, -97, 
29, 292, 263, -161, -117, 278, -146, 29, -185, -283, -341, -97, 
19, 292, 273, -156, -126, 283, -156, 29, -180, -278, -336, -97, 
19, 292, 273, -156, -126, 283, -161, 34, -175, -273, -336, -97, 
29, 297, 268, -163, -119, 283, -161, 34, -170, -268, -331, -97, 
34, 297, 263, -165, -114, 280, -156, 34, -165, -263, -326, -97, 
24, 297, 273, -161, -124, 285, -146, 43, -170, -253, -326, -87, 
34, 297, 263, -165, -114, 280, -146, 43, -170, -253, -326, -87, 
34, 297, 263, -165, -114, 280, -146, 43, -170, -253, -317, -87, 
24, 297, 273, -161, -124, 285, -146, 48, -170, -253, -317, -87, 
19, 292, 273, -156, -126, 283, -156, 39, -165, -263, -322, -87, 
19, 287, 268, -153, -124, 278, -156, 39, -165, -258, -322, -87, 
9, 283, 273, -146, -131, 278, -156, 39, -170, -258, -317, -87, 
19, 278, 258, -148, -119, 268, -156, 39, -170, -258, -317, -87, 
29, 283, 253, -156, -112, 268, -151, 48, -161, -253, -317, -78, 
34, 287, 253, -161, -109, 270, -146, 48, -161, -248, -317, -82, 
34, 292, 258, -163, -112, 275, -141, 48, -161, -244, -317, -82, 
34, 297, 263, -165, -114, 280, -136, 48, -156, -239, -317, -82, 
24, 297, 273, -161, -124, 285, -146, 48, -170, -248, -326, -82, 
24, 297, 273, -161, -124, 285, -146, 48, -175, -248, -331, -87, 
29, 297, 268, -163, -119, 283, -146, 48, -185, -248, -331, -92, 
29, 297, 268, -163, -119, 283, -146, 48, -190, -248, -326, -97, 
29, 283, 253, -156, -112, 268, -156, 39, -200, -258, -336, -107, 
29, 273, 244, -151, -107, 258, -156, 39, -200, -258, -336, -107, 
29, 268, 239, -148, -104, 253, -156, 39, -200, -258, -341, -107, 
29, 263, 234, -146, -102, 248, -156, 39, -200, -258, -341, -107, 
29, 273, 244, -151, -107, 258, -156, 39, -190, -248, -336, -107, 
29, 278, 248, -153, -109, 263, -156, 39, -190, -248, -336, -112, 
29, 278, 248, -153, -109, 263, -156, 39, -195, -248, -341, -117, 
29, 273, 244, -151, -107, 258, -156, 39, -200, -253, -341, -117, 
29, 278, 248, -153, -109, 263, -156, 39, -209, -258, -341, -107, 
34, 278, 244, -156, -104, 261, -156, 39, -209, -258, -341, -107, 
39, 273, 234, -156, -97, 253, -156, 39, -209, -258, -346, -107, 
43, 278, 234, -161, -95, 256, -156, 39, -209, -258, -346, -112, 
39, 273, 234, -156, -97, 253, -161, 24, -204, -263, -346, -117, 
34, 273, 239, -153, -102, 256, -161, 24, -209, -263, -351, -117, 
29, 273, 244, -151, -107, 258, -161, 24, -209, -263, -356, -117, 
24, 273, 248, -148, -112, 261, -156, 29, -209, -263, -356, -117, 
29, 287, 258, -158, -114, 273, -165, 29, -209, -273, -361, -112, 
24, 287, 263, -156, -119, 275, -165, 29, -209, -268, -356, -112, 
24, 287, 263, -156, -119, 275, -165, 29, -209, -268, -356, -112, 
39, 287, 248, -163, -104, 268, -165, 19, -214, -278, -366, -122, 
34, 283, 248, -158, -107, 265, -156, 24, -214, -283, -361, -122, 
24, 283, 258, -153, -117, 270, -156, 29, -200, -268, -356, -122, 
19, 283, 263, -151, -122, 273, -156, 34, -200, -263, -351, -122, 
14, 283, 268, -148, -126, 275, -161, 34, -209, -263, -346, -122, 
29, 283, 253, -156, -112, 268, -165, 29, -219, -263, -361, -122, 
29, 283, 253, -156, -112, 268, -170, 29, -214, -263, -361, -117, 
34, 283, 248, -158, -107, 265, -175, 24, -214, -263, -361, -117, 
34, 283, 248, -158, -107, 265, -180, 14, -214, -263, -361, -122, 
29, 273, 244, -151, -107, 258, -180, 24, -209, -253, -351, -112, 
39, 273, 234, -156, -97, 253, -175, 24, -209, -258, -351, -112, 
34, 273, 239, -153, -102, 256, -170, 24, -209, -258, -351, -112, 
4, 268, 263, -136, -129, 265, -161, 29, -209, -253, -351, -107, 
4, 278, 273, -141, -134, 275, -165, 19, -209, -263, -361, -117, 
9, 283, 273, -146, -131, 278, -170, 19, -209, -263, -361, -126, 
14, 283, 268, -148, -126, 275, -175, 14, -209, -263, -361, -126, 
19, 283, 263, -151, -122, 273, -180, 14, -214, -263, -361, -126, 
19, 292, 273, -156, -126, 283, -170, 19, -204, -263, -361, -126, 
4, 287, 283, -146, -139, 285, -170, 19, -204, -268, -361, -126, 
19, 287, 268, -153, -124, 278, -170, 19, -204, -268, -361, -126, 
19, 287, 268, -153, -124, 278, -175, 14, -200, -273, -366, -126, 
19, 278, 258, -148, -119, 268, -175, 24, -200, -263, -361, -117, 
14, 278, 263, -146, -124, 270, -170, 24, -204, -263, -361, -117, 
9, 278, 268, -143, -129, 273, -165, 24, -204, -263, -356, -117, 
0, 278, 278, -139, -139, 278, -161, 29, -204, -263, -351, -117, 
4, 273, 268, -139, -131, 270, -161, 24, -204, -263, -351, -122, 
9, 273, 263, -141, -126, 268, -165, 19, -204, -268, -356, -122, 
14, 278, 263, -146, -124, 270, -170, 14, -204, -273, -361, -122, 
24, 283, 258, -153, -117, 270, -180, 4, -204, -278, -366, -122, 
34, 283, 248, -158, -107, 265, -190, -4, -214, -273, -366, -122, 
34, 278, 244, -156, -104, 261, -190, -4, -214, -283, -366, -122, 
34, 278, 244, -156, -104, 261, -190, 0, -214, -283, -366, -122, 
39, 278, 239, -158, -100, 258, -190, 0, -214, -278, -366, -122, 
34, 287, 253, -161, -109, 270, -180, 0, -209, -268, -361, -112, 
29, 287, 258, -158, -114, 273, -180, 4, -204, -268, -356, -112, 
24, 283, 258, -153, -117, 270, -180, 9, -200, -268, -351, -112, 
19, 283, 263, -151, -122, 273, -185, 14, -195, -268, -346, -112, 
24, 283, 258, -153, -117, 270, -185, 9, -200, -278, -351, -122, 
29, 287, 258, -158, -114, 273, -185, 9, -200, -278, -356, -122, 
34, 287, 253, -161, -109, 270, -190, 9, -200, -278, -361, -122, 
43, 287, 244, -165, -100, 265, -190, 9, -200, -278, -366, -122, 
39, 292, 253, -165, -107, 273, -200, 0, -204, -278, -370, -131, 
34, 297, 263, -165, -114, 280, -200, 0, -204, -273, -370, -131, 
29, 297, 268, -163, -119, 283, -200, 0, -204, -273, -370, -131, 
24, 292, 268, -158, -122, 280, -200, 0, -204, -273, -370, -131, 
24, 292, 268, -158, -122, 280, -185, 14, -195, -253, -351, -117, 
29, 302, 273, -165, -122, 287, -185, 14, -195, -258, -346, -107, 
14, 312, 297, -163, -141, 305, -190, 9, -195, -253, -346, -97, 
-9, 322, 331, -156, -170, 326, -190, -9, -185, -229, -336, -97, 
-9, 346, 356, -168, -183, 351, -180, -24, -161, -195, -312, -78, 
4, 380, 375, -192, -185, 378, -180, -48, -131, -151, -268, -43, 
-14, 400, 414, -192, -214, 407, -195, -82, -112, -117, -239, -19, 
-34, 434, 468, -200, -251, 451, -204, -92, -107, -112, -224, -19, 
-4, 473, 478, -234, -241, 475, -219, -82, -97, -82, -200, 0, 
9, 483, 473, -246, -231, 478, -229, -87, -73, -43, -146, 53, 
34, 517, 483, -275, -224, 500, -248, -87, -39, 39, -58, 141, 
92, 585, 492, -339, -200, 539, -287, -82, 4, 126, 48, 248, 
185, 673, 488, -429, -151, 580, -341, -78, 63, 224, 165, 356, 
297, 751, 453, -524, -78, 602, -405, -4, 175, 390, 346, 522, 
488, 834, 346, -661, 70, 590, -473, 117, 307, 575, 580, 746, 
736, 873, 136, -805, 300, 505, -556, 224, 380, 717, 780, 936, 
985, 893, -92, -939, 539, 400, -668, 278, 341, 780, 893, 1068, 
1180, 936, -244, -1058, 712, 346, -800, 287, 234, 771, 956, 1151, 
1337, 980, -356, -1159, 846, 312, -902, 283, 97, 707, 936, 1176, 
1415, 961, -453, -1188, 934, 253, -946, 273, -9, 585, 839, 1107, 
1468, 868, -600, -1168, 1034, 134, -936, 317, -131, 419, 673, 976, 
1498, 663, -834, -1080, 1166, -85, -863, 414, -307, 136, 375, 707, 
1439, 322, -1117, -880, 1278, -397, -722, 546, -551, -263, -53, 297, 
1342, 53, -1288, -697, 1315, -617, -624, 619, -810, -605, -419, -48, 
1298, -53, -1351, -622, 1324, -702, -605, 536, -1044, -800, -634, -244, 
1185, -141, -1327, -522, 1256, -734, -600, 361, -1259, -936, -785, -385, 
946, -239, -1185, -353, 1066, -712, -556, 126, -1449, -1107, -980, -566, 
761, -283, -1044, -239, 902, -663, -522, -122, -1610, -1259, -1141, -732, 
683, -263, -946, -209, 814, -605, -527, -341, -1688, -1317, -1200, -795, 
575, -273, -849, -151, 712, -561, -527, -453, -1634, -1298, -1190, -790, 
458, -273, -732, -92, 595, -502, -488, -434, -1473, -1215, -1127, -746, 
429, -234, -663, -97, 546, -448, -448, -341, -1268, -1102, -1044, -683, 
405, -175, -580, -114, 492, -378, -419, -273, -1093, -990, -951, -614, 
370, -92, -463, -139, 417, -278, -409, -253, -961, -873, -858, -531, 
356, 0, -356, -178, 356, -178, -414, -239, -834, -746, -746, -444, 
317, 63, -253, -190, 285, -95, -405, -209, -697, -624, -644, -361, 
268, 117, -151, -192, 209, -17, -361, -165, -570, -536, -585, -312, 
239, 161, -78, -200, 158, 41, -317, -126, -492, -488, -551, -287, 
200, 185, -14, -192, 107, 85, -278, -82, -424, -458, -527, -273, 
141, 185, 43, -163, 48, 114, -239, -58, -375, -419, -507, -263, 
82, 204, 122, -143, -19, 163, -204, -39, -322, -380, -458, -229, 
19, 234, 214, -126, -97, 224, -195, -14, -287, -326, -409, -185, 
-43, 248, 292, -102, -168, 270, -190, -4, -253, -292, -385, -156, 
-39, 258, 297, -109, -168, 278, -204, -14, -258, -297, -390, -165, 
0, 244, 244, -122, -122, 244, -214, -14, -253, -297, -390, -165, 
14, 224, 209, -119, -97, 217, -200, 4, -229, -278, -370, -161, 
29, 234, 204, -131, -87, 219, -190, 4, -214, -278, -375, -161, 
29, 278, 248, -153, -109, 263, -190, 4, -219, -278, -385, -170, 
24, 297, 273, -161, -124, 285, -195, -4, -214, -278, -385, -170, 
19, 287, 268, -153, -124, 278, -190, 0, -204, -283, -380, -161, 
9, 283, 273, -146, -131, 278, -190, -14, -214, -278, -375, -165, 
14, 273, 258, -143, -122, 265, -180, -9, -214, -278, -375, -156, 
9, 273, 263, -141, -126, 268, -185, -9, -219, -273, -375, -156, 
0, 268, 268, -134, -134, 268, -185, -9, -224, -273, -375, -156, 
0, 268, 268, -134, -134, 268, -185, -9, -224, -273, -380, -161, 
19, 258, 239, -139, -109, 248, -200, -4, -214, -268, -370, -151, 
24, 253, 229, -139, -102, 241, -200, 0, -209, -273, -370, -146, 
24, 253, 229, -139, -102, 241, -190, 4, -195, -258, -361, -146, 
24, 268, 244, -146, -109, 256, -190, 4, -185, -248, -356, -141, 
14, 283, 268, -148, -126, 275, -180, 4, -190, -244, -366, -136, 
0, 283, 283, -141, -141, 283, -180, 0, -185, -239, -361, -136, 
-14, 283, 297, -134, -156, 290, -185, 0, -180, -239, -361, -131, 
-24, 292, 317, -134, -170, 305, -185, 0, -180, -239, -356, -126, 
-19, 278, 297, -129, -158, 287, -180, 0, -185, -239, -356, -126, 
-19, 273, 292, -126, -156, 283, -180, 0, -185, -239, -361, -131, 
-19, 268, 287, -124, -153, 278, -185, 4, -185, -239, -361, -131, 
-4, 263, 268, -129, -136, 265, -185, 4, -185, -234, -361, -131, 
0, 278, 278, -139, -139, 278, -195, -4, -190, -234, -361, -146, 
0, 283, 283, -141, -141, 283, -195, -4, -185, -234, -351, -146, 
-4, 297, 302, -146, -153, 300, -195, 0, -175, -229, -346, -131, 
0, 302, 302, -151, -151, 302, -195, 0, -175, -224, -341, -131, 
0, 297, 297, -148, -148, 297, -185, 0, -170, -219, -336, -126, 
0, 297, 297, -148, -148, 297, -185, 4, -165, -214, -331, -122, 
0, 297, 297, -148, -148, 297, -190, 9, -161, -204, -326, -117, 
4, 302, 297, -153, -146, 300, -190, 19, -156, -200, -322, -107, 
9, 292, 283, -151, -136, 287, -190, 9, -156, -200, -331, -117, 
19, 297, 278, -158, -129, 287, -190, 9, -151, -200, -331, -122, 
19, 307, 287, -163, -134, 297, -190, 9, -141, -200, -326, -122, 
14, 307, 292, -161, -139, 300, -190, 14, -136, -195, -326, -117, 
4, 307, 302, -156, -148, 305, -195, 14, -141, -195, -322, -112, 
0, 302, 302, -151, -151, 302, -195, 14, -136, -195, -322, -112, 
-4, 302, 307, -148, -156, 305, -195, 14, -136, -190, -317, -107, 
-9, 302, 312, -146, -161, 307, -190, 19, -131, -185, -307, -102, 
4, 297, 292, -151, -143, 295, -190, 19, -117, -175, -302, -92, 
19, 312, 292, -165, -136, 302, -190, 19, -112, -165, -292, -87, 
24, 312, 287, -168, -131, 300, -190, 24, -107, -165, -287, -82, 
24, 312, 287, -168, -131, 300, -190, 24, -107, -165, -283, -73, 
19, 322, 302, -170, -141, 312, -200, 24, -102, -156, -278, -78, 
29, 331, 302, -180, -136, 317, -204, 24, -97, -156, -283, -78, 
24, 336, 312, -180, -143, 324, -204, 29, -87, -156, -287, -82, 
9, 336, 326, -173, -158, 331, -200, 39, -78, -141, -287, -78, 
4, 322, 317, -163, -156, 319, -200, 39, -78, -136, -273, -73, 
9, 322, 312, -165, -151, 317, -200, 34, -73, -126, -263, -68, 
19, 331, 312, -175, -146, 322, -204, 29, -68, -122, -258, -63, 
39, 336, 297, -187, -129, 317, -209, 24, -63, -122, -258, -63, 
34, 346, 312, -190, -139, 329, -200, 39, -53, -112, -244, -48, 
24, 351, 326, -187, -151, 339, -200, 43, -39, -97, -239, -43, 
19, 361, 341, -190, -161, 351, -200, 53, -24, -92, -234, -39, 
24, 366, 341, -195, -158, 353, -200, 68, -9, -87, -229, -39, 
34, 356, 322, -195, -143, 339, -214, 58, -9, -82, -224, -34, 
39, 361, 322, -200, -141, 341, -214, 68, 0, -78, -224, -29, 
53, 366, 312, -209, -129, 339, -214, 68, 0, -73, -209, -24, 
53, 370, 317, -212, -131, 344, -214, 78, 9, -58, -200, -9, 
53, 380, 326, -217, -136, 353, -214, 78, 39, -53, -190, -4, 
53, 395, 341, -224, -143, 368, -214, 78, 48, -43, -180, 4, 
58, 400, 341, -229, -141, 370, -214, 78, 53, -34, -170, 4, 
58, 400, 341, -229, -141, 370, -219, 82, 68, -24, -170, 9, 
58, 405, 346, -231, -143, 375, -229, 92, 78, -24, -156, 14, 
73, 419, 346, -246, -136, 383, -229, 97, 92, -9, -146, 19, 
73, 429, 356, -251, -141, 392, -229, 102, 107, 4, -136, 34, 
73, 429, 356, -251, -141, 392, -229, 112, 117, 19, -126, 43, 
78, 419, 341, -248, -131, 380, -224, 126, 136, 39, -112, 63, 
92, 434, 341, -263, -124, 387, -229, 131, 146, 48, -107, 68, 
97, 444, 346, -270, -124, 395, -234, 131, 165, 53, -97, 73, 
107, 444, 336, -275, -114, 390, -234, 136, 170, 58, -92, 78, 
107, 453, 346, -280, -119, 400, -234, 131, 175, 58, -87, 82, 
122, 463, 341, -292, -109, 402, -239, 131, 180, 68, -82, 82, 
112, 463, 351, -287, -119, 407, -239, 136, 190, 78, -73, 92, 
102, 468, 366, -285, -131, 417, -239, 136, 204, 87, -68, 97, 
102, 483, 380, -292, -139, 431, -244, 146, 209, 92, -63, 112, 
112, 483, 370, -297, -129, 427, -248, 146, 214, 97, -58, 112, 
112, 483, 370, -297, -129, 427, -248, 146, 214, 102, -58, 117, 
117, 492, 375, -305, -129, 434, -253, 146, 219, 112, -58, 122, 
126, 492, 366, -309, -119, 429, -253, 151, 234, 107, -43, 117, 
112, 492, 380, -302, -134, 436, -253, 151, 234, 112, -43, 117, 
122, 492, 370, -307, -124, 431, -253, 146, 234, 112, -43, 117, 
126, 492, 366, -309, -119, 429, -258, 146, 234, 112, -43, 117, 
126, 502, 375, -314, -124, 439, -258, 136, 224, 102, -48, 112, 
126, 502, 375, -314, -124, 439, -258, 126, 219, 97, -53, 107, 
136, 502, 366, -319, -114, 434, -263, 126, 219, 97, -53, 107, 
136, 502, 366, -319, -114, 434, -263, 126, 219, 97, -48, 107, 
146, 512, 366, -329, -109, 439, -263, 126, 219, 97, -58, 112, 
156, 522, 366, -339, -104, 444, -263, 126, 219, 102, -58, 117, 
165, 531, 366, -348, -100, 448, -263, 126, 224, 107, -48, 117, 
180, 546, 366, -363, -92, 456, -263, 126, 229, 107, -48, 117, 
190, 575, 385, -383, -97, 480, -263, 136, 234, 117, -43, 126, 
185, 580, 395, -383, -104, 488, -263, 136, 234, 126, -29, 126, 
180, 580, 400, -380, -109, 490, -258, 136, 239, 126, -24, 136, 
165, 585, 419, -375, -126, 502, -258, 136, 244, 126, -19, 136, 
175, 575, 400, -375, -112, 488, -248, 131, 244, 136, -24, 141, 
175, 575, 400, -375, -112, 488, -248, 131, 244, 136, -19, 141, 
170, 575, 405, -373, -117, 490, -248, 131, 239, 136, -19, 141, 
165, 590, 424, -378, -129, 507, -248, 131, 239, 131, -19, 141, 
161, 580, 419, -370, -129, 500, -258, 141, 244, 122, -19, 151, 
161, 575, 414, -368, -126, 495, -258, 136, 239, 117, -24, 151, 
170, 561, 390, -366, -109, 475, -273, 131, 229, 107, -24, 146, 
170, 556, 385, -363, -107, 470, -273, 122, 224, 107, -24, 146, 
175, 575, 400, -375, -112, 488, -297, 107, 219, 117, -29, 136, 
190, 585, 395, -387, -102, 490, -317, 92, 204, 112, -39, 136, 
200, 590, 390, -395, -95, 490, -322, 78, 190, 107, -39, 131, 
204, 590, 385, -397, -90, 488, -331, 78, 185, 102, -43, 131, 
195, 575, 380, -385, -92, 478, -331, 73, 161, 82, -53, 117, 
200, 556, 356, -378, -78, 456, -336, 58, 131, 58, -73, 92, 
200, 527, 326, -363, -63, 427, -341, 53, 107, 39, -82, 78, 
195, 502, 307, -348, -56, 405, -336, 43, 78, 19, -102, 73, 
185, 473, 287, -329, -51, 380, -341, 29, 43, -9, -126, 53, 
170, 453, 283, -312, -56, 368, -331, 24, 19, -24, -141, 39, 
161, 439, 278, -300, -58, 358, -331, 19, -14, -48, -156, 29, 
156, 429, 273, -292, -58, 351, -331, 4, -48, -63, -180, 14, 
146, 429, 283, -287, -68, 356, -326, 4, -68, -78, -195, 14, 
141, 414, 273, -278, -65, 344, -326, 0, -87, -92, -204, 4, 
141, 400, 258, -270, -58, 329, -326, -4, -107, -107, -209, -14, 
141, 400, 258, -270, -58, 329, -322, -14, -117, -122, -229, -29, 
136, 390, 253, -263, -58, 322, -322, -29, -117, -131, -248, -53, 
136, 385, 248, -261, -56, 317, -317, -39, -131, -136, -253, -63, 
141, 380, 239, -261, -48, 309, -317, -39, -136, -146, -263, -63, 
141, 375, 234, -258, -46, 305, -307, -34, -146, -156, -273, -68, 
146, 370, 224, -258, -39, 297, -312, -34, -156, -170, -278, -73, 
141, 370, 229, -256, -43, 300, -302, -39, -161, -175, -283, -78, 
141, 370, 229, -256, -43, 300, -297, -39, -165, -175, -283, -78, 
136, 370, 234, -253, -48, 302, -292, -43, -165, -165, -283, -78, 
122, 380, 258, -251, -68, 319, -292, -34, -161, -156, -273, -73, 
112, 390, 278, -251, -82, 334, -287, -34, -151, -151, -268, -68, 
102, 390, 287, -246, -92, 339, -283, -34, -146, -151, -268, -63, 
97, 380, 283, -239, -92, 331, -283, -39, -151, -151, -278, -63, 
102, 370, 268, -236, -82, 319, -283, -39, -161, -161, -283, -73, 
107, 361, 253, -234, -73, 307, -283, -39, -161, -161, -283, -78, 
112, 346, 234, -229, -61, 290, -283, -39, -170, -165, -292, -82, 
122, 341, 219, -231, -48, 280, -278, -39, -170, -170, -297, -87, 
112, 346, 234, -229, -61, 290, -278, -29, -175, -175, -302, -92, 
102, 341, 239, -222, -68, 290, -278, -24, -185, -185, -312, -112, 
92, 341, 248, -217, -78, 295, -273, -24, -185, -195, -312, -112, 
78, 346, 268, -212, -95, 307, -273, -24, -180, -195, -312, -107, 
63, 351, 287, -207, -112, 319, -268, -29, -165, -200, -302, -97, 
63, 351, 287, -207, -112, 319, -263, -19, -165, -190, -302, -97, 
53, 351, 297, -202, -122, 324, -258, -19, -156, -190, -302, -92, 
53, 351, 297, -202, -122, 324, -258, -14, -146, -180, -297, -87, 
58, 361, 302, -209, -122, 331, -258, -9, -151, -180, -297, -97, 
53, 361, 307, -207, -126, 334, -248, -4, -151, -180, -297, -97, 
53, 361, 307, -207, -126, 334, -244, 0, -151, -180, -297, -97, 
53, 346, 292, -200, -119, 319, -239, 4, -151, -185, -302, -102, 
39, 336, 297, -187, -129, 317, -229, 4, -151, -190, -317, -107, 
34, 331, 297, -183, -131, 314, -224, 4, -156, -190, -322, -112, 
29, 331, 302, -180, -136, 317, -219, -4, -161, -195, -326, -117, 
29, 326, 297, -178, -134, 312, -219, -14, -165, -204, -331, -122, 
4, 312, 307, -158, -151, 309, -214, -14, -156, -200, -322, -122, 
0, 307, 307, -153, -153, 307, -214, -19, -156, -204, -322, -122, 
0, 307, 307, -153, -153, 307, -214, -19, -156, -204, -317, -126, 
9, 307, 297, -158, -143, 302, -214, -24, -156, -209, -317, -126, 
-9, 322, 331, -156, -170, 326, -209, -14, -136, -190, -307, -107, 
9, 312, 302, -161, -146, 307, -209, -9, -136, -180, -307, -92, 
29, 317, 287, -173, -129, 302, -214, -4, -136, -180, -292, -92, 
19, 331, 312, -175, -146, 322, -224, -4, -136, -175, -307, -102, 
9, 341, 331, -175, -161, 336, -224, 0, -146, -185, -322, -107, 
19, 336, 317, -178, -148, 326, -214, 0, -136, -175, -312, -107, 
19, 331, 312, -175, -146, 322, -214, 0, -136, -175, -312, -107, 
19, 326, 307, -173, -143, 317, -214, 0, -136, -175, -312, -107, 
19, 322, 302, -170, -141, 312, -214, 0, -136, -175, -312, -107, 
19, 331, 312, -175, -146, 322, -224, -14, -126, -185, -302, -107, 
19, 331, 312, -175, -146, 322, -229, -14, -126, -185, -307, -107, 
29, 336, 307, -183, -139, 322, -229, -19, -126, -185, -307, -107, 
34, 336, 302, -185, -134, 319, -224, -24, -126, -185, -307, -107, 
24, 326, 302, -175, -139, 314, -224, -19, -112, -165, -297, -97, 
34, 326, 292, -180, -129, 309, -224, -14, -112, -165, -297, -97, 
34, 326, 292, -180, -129, 309, -224, -9, -112, -165, -287, -97, 
24, 326, 302, -175, -139, 314, -224, 0, -112, -165, -287, -97, 
9, 331, 322, -170, -156, 326, -219, 9, -97, -156, -287, -87, 
9, 336, 326, -173, -158, 331, -214, 9, -97, -151, -283, -87, 
0, 341, 341, -170, -170, 341, -209, 9, -102, -151, -273, -87, 
9, 346, 336, -178, -163, 341, -204, 9, -102, -151, -268, -87, 
0, 336, 336, -168, -168, 336, -214, 9, -92, -141, -268, -78, 
4, 336, 331, -170, -163, 334, -214, 9, -92, -141, -268, -82, 
4, 336, 331, -170, -163, 334, -214, 9, -92, -141, -268, -82, 
4, 336, 331, -170, -163, 334, -214, 9, -87, -141, -268, -82, 
4, 331, 326, -168, -161, 329, -224, 0, -97, -151, -278, -87, 
4, 326, 322, -165, -158, 324, -224, 0, -97, -151, -283, -87, 
9, 322, 312, -165, -151, 317, -224, 0, -102, -151, -283, -87, 
9, 317, 307, -163, -148, 312, -224, 0, -102, -151, -278, -87, 
19, 331, 312, -175, -146, 322, -214, 0, -102, -141, -278, -87, 
29, 331, 302, -180, -136, 317, -214, 0, -102, -141, -278, -87, 
39, 336, 297, -187, -129, 317, -214, 0, -102, -141, -283, -87, 
48, 341, 292, -195, -122, 317, -214, 0, -102, -141, -283, -87, 
43, 341, 297, -192, -126, 319, -214, 0, -102, -151, -287, -87, 
39, 346, 307, -192, -134, 326, -214, 0, -102, -151, -287, -92, 
34, 346, 312, -190, -139, 329, -214, 0, -107, -151, -292, -97, 
29, 341, 312, -185, -141, 326, -214, 0, -112, -156, -292, -97, 
19, 351, 331, -185, -156, 341, -204, 9, -102, -156, -287, -87, 
14, 346, 331, -180, -158, 339, -204, 9, -102, -151, -283, -87, 
9, 336, 326, -173, -158, 331, -204, 9, -102, -146, -283, -87, 
4, 336, 331, -170, -163, 334, -204, 9, -102, -141, -278, -92, 
4, 331, 326, -168, -161, 329, -209, 4, -107, -146, -287, -97, 
4, 331, 326, -168, -161, 329, -209, 4, -112, -146, -292, -97, 
4, 331, 326, -168, -161, 329, -209, 4, -112, -146, -297, -97, 
4, 331, 326, -168, -161, 329, -204, 9, -112, -146, -297, -97, 
14, 326, 312, -170, -148, 319, -209, 4, -117, -161, -297, -97, 
14, 326, 312, -170, -148, 319, -214, 0, -122, -161, -297, -102, 
19, 326, 307, -173, -143, 317, -219, -4, -126, -165, -302, -107, 
39, 326, 287, -183, -124, 307, -224, -19, -136, -180, -317, -122, 
43, 331, 287, -187, -122, 309, -224, -19, -146, -190, -326, -122, 
43, 331, 287, -187, -122, 309, -224, -19, -131, -180, -326, -122, 
48, 331, 283, -190, -117, 307, -224, -19, -131, -180, -326, -122, 
53, 331, 278, -192, -112, 305, -229, -24, -141, -185, -326, -122, 
43, 331, 287, -187, -122, 309, -224, -19, -131, -180, -317, -112, 
29, 331, 302, -180, -136, 317, -219, -9, -126, -175, -312, -107, 
19, 331, 312, -175, -146, 322, -214, -4, -126, -170, -307, -107, 
4, 331, 326, -168, -161, 329, -209, -4, -126, -165, -302, -112, 
-4, 326, 331, -161, -168, 329, -214, -4, -131, -156, -312, -112, 
0, 322, 322, -161, -161, 322, -214, -4, -131, -161, -312, -112, 
-9, 317, 326, -153, -168, 322, -214, -4, -131, -161, -312, -112, 
-43, 307, 351, -131, -197, 329, -209, 0, -131, -156, -312, -107, 
-29, 317, 346, -143, -187, 331, -219, -9, -131, -161, -322, -107, 
-19, 322, 341, -151, -180, 331, -219, -9, -131, -165, -322, -117, 
-9, 322, 331, -156, -170, 326, -219, -14, -131, -170, -322, -117, 
0, 322, 322, -161, -161, 322, -219, -14, -136, -175, -322, -117, 
4, 331, 326, -168, -161, 329, -229, -19, -146, -165, -312, -126, 
-4, 326, 331, -161, -168, 329, -229, -19, -146, -170, -312, -126, 
14, 326, 312, -170, -148, 319, -229, -19, -146, -170, -312, -126, 
19, 326, 307, -173, -143, 317, -234, -24, -141, -175, -317, -126, 
14, 317, 302, -165, -143, 309, -229, -14, -131, -165, -317, -126, 
14, 317, 302, -165, -143, 309, -229, -14, -136, -165, -322, -126, 
14, 317, 302, -165, -143, 309, -229, -14, -136, -165, -322, -126, 
9, 317, 307, -163, -148, 312, -229, -9, -136, -165, -322, -126, 
9, 322, 312, -165, -151, 317, -234, -19, -146, -165, -322, -131, 
9, 322, 312, -165, -151, 317, -234, -19, -146, -170, -326, -131, 
9, 326, 317, -168, -153, 322, -234, -19, -146, -175, -331, -131, 
14, 331, 317, -173, -151, 324, -239, -24, -146, -180, -336, -131, 
4, 322, 317, -163, -156, 319, -239, -24, -146, -175, -326, -131, 
4, 317, 312, -161, -153, 314, -239, -24, -146, -185, -326, -131, 
4, 317, 312, -161, -153, 314, -239, -19, -146, -185, -326, -131, 
9, 317, 307, -163, -148, 312, -239, -19, -146, -180, -326, -131, 
0, 317, 317, -158, -158, 317, -239, -24, -136, -180, -317, -122, 
0, 317, 317, -158, -158, 317, -239, -24, -136, -180, -317, -122, 
0, 312, 312, -156, -156, 312, -239, -24, -136, -180, -317, -122, 
0, 312, 312, -156, -156, 312, -244, -24, -136, -180, -317, -122, 
9, 322, 312, -165, -151, 317, -234, -19, -136, -180, -317, -122, 
9, 326, 317, -168, -153, 322, -234, -19, -131, -180, -317, -122, 
9, 326, 317, -168, -153, 322, -239, -19, -126, -180, -317, -122, 
14, 326, 312, -170, -148, 319, -239, -19, -122, -180, -317, -122, 
4, 322, 317, -163, -156, 319, -239, -19, -122, -180, -312, -122, 
4, 326, 322, -165, -158, 324, -239, -19, -126, -175, -312, -122, 
4, 326, 322, -165, -158, 324, -239, -19, -131, -175, -312, -122, 
4, 322, 317, -163, -156, 319, -239, -19, -136, -175, -312, -122, 
4, 322, 317, -163, -156, 319, -244, -24, -136, -185, -322, -117, 
19, 341, 322, -180, -151, 331, -234, -24, -126, -180, -307, -117, 
34, 341, 307, -187, -136, 324, -239, -39, -126, -175, -317, -117, 
19, 351, 331, -185, -156, 341, -239, -48, -126, -170, -317, -107, 
-29, 356, 385, -163, -207, 370, -239, -63, -112, -156, -292, -107, 
-53, 390, 444, -168, -248, 417, -258, -97, -102, -141, -287, -102, 
-34, 439, 473, -202, -253, 456, -283, -141, -112, -136, -287, -97, 
-14, 444, 458, -214, -236, 451, -283, -161, -117, -112, -283, -78, 
-53, 434, 488, -190, -270, 461, -258, -151, -87, -82, -239, -58, 
-78, 463, 541, -192, -309, 502, -248, -117, -53, -24, -185, -4, 
-34, 517, 551, -241, -292, 534, -268, -126, -29, 39, -126, 53, 
43, 585, 541, -314, -248, 563, -326, -151, 14, 117, -39, 131, 
117, 644, 527, -380, -204, 585, -370, -136, 82, 214, 87, 239, 
200, 702, 502, -451, -151, 602, -395, -53, 214, 380, 268, 395, 
341, 814, 473, -578, -65, 644, -444, 78, 395, 585, 502, 619, 
551, 922, 370, -736, 90, 646, -546, 165, 497, 756, 712, 829, 
771, 961, 190, -866, 290, 575, -678, 219, 478, 839, 863, 980, 
1005, 1005, 0, -1005, 502, 502, -800, 268, 409, 888, 976, 1112, 
1229, 1039, -190, -1134, 710, 424, -912, 312, 312, 893, 1034, 1185, 
1366, 1039, -326, -1202, 846, 356, -976, 302, 195, 819, 985, 1185, 
1420, 1005, -414, -1212, 917, 295, -1005, 326, 53, 683, 878, 1112, 
1459, 907, -551, -1183, 1005, 178, -990, 385, -122, 497, 688, 961, 
1478, 673, -805, -1076, 1141, -65, -927, 478, -336, 185, 375, 668, 
1439, 356, -1083, -897, 1261, -363, -819, 580, -595, -195, -9, 312, 
1346, 131, -1215, -739, 1281, -541, -761, 605, -858, -497, -322, 39, 
1254, 43, -1210, -649, 1232, -583, -756, 497, -1063, -683, -502, -131, 
1102, -14, -1117, -544, 1110, -566, -732, 283, -1224, -844, -688, -312, 
917, -87, -1005, -414, 961, -546, -707, 4, -1415, -1024, -897, -497, 
780, -136, -917, -322, 849, -527, -702, -253, -1561, -1141, -1024, -619, 
683, -165, -849, -258, 766, -507, -702, -424, -1566, -1161, -1063, -653, 
614, -165, -780, -224, 697, -473, -663, -434, -1444, -1117, -1039, -649, 
556, -126, -683, -214, 619, -405, -605, -370, -1239, -1015, -976, -605, 
473, -97, -570, -187, 522, -334, -546, -322, -1073, -922, -902, -566, 
409, -102, -512, -153, 461, -307, -517, -302, -961, -844, -839, -531, 
356, -39, -395, -158, 375, -217, -502, -278, -824, -736, -766, -473, 
278, 63, -214, -170, 246, -75, -473, -248, -678, -624, -673, -400, 
219, 126, -92, -173, 156, 17, -429, -214, -561, -546, -614, -351, 
200, 141, -58, -170, 129, 41, -395, -175, -492, -488, -580, -336, 
190, 146, -43, -168, 117, 51, -356, -131, -424, -439, -556, -312, 
141, 175, 34, -158, 53, 104, -307, -97, -346, -380, -517, -273, 
53, 224, 170, -139, -58, 197, -273, -78, -283, -322, -458, -248, 
0, 273, 273, -136, -136, 273, -263, -73, -248, -278, -419, -204, 
14, 278, 263, -146, -124, 270, -268, -73, -224, -253, -385, -185, 
9, 278, 268, -143, -129, 273, -263, -53, -200, -229, -370, -175, 
-19, 273, 292, -126, -156, 283, -263, -53, -185, -229, -370, -175, 
-24, 292, 317, -134, -170, 305, -268, -53, -190, -239, -380, -180, 
-19, 312, 331, -146, -175, 322, -258, -43, -175, -239, -375, -180, 
-29, 297, 326, -134, -178, 312, -258, -34, -170, -229, -366, -170, 
-14, 287, 302, -136, -158, 295, -253, -34, -165, -219, -366, -170, 
-9, 287, 297, -139, -153, 292, -248, -39, -156, -214, -370, -161, 
-19, 331, 351, -156, -185, 341, -248, -34, -146, -200, -356, -146, 
-19, 331, 351, -156, -185, 341, -258, -43, -156, -195, -366, -151, 
-19, 331, 351, -156, -185, 341, -263, -48, -161, -195, -366, -156, 
-24, 326, 351, -151, -187, 339, -263, -53, -165, -200, -366, -161, 
-19, 326, 346, -153, -183, 336, -263, -58, -165, -204, -370, -170, 
-19, 317, 336, -148, -178, 326, -263, -48, -151, -204, -361, -170, 
-14, 312, 326, -148, -170, 319, -258, -39, -151, -214, -361, -165, 
-14, 312, 326, -148, -170, 319, -244, -29, -141, -204, -351, -165, 
-14, 326, 341, -156, -178, 334, -239, -24, -136, -200, -346, -161, 
-4, 331, 336, -163, -170, 334, -244, -29, -141, -195, -356, -156, 
-9, 331, 341, -161, -175, 336, -248, -39, -136, -190, -351, -156, 
-14, 331, 346, -158, -180, 339, -258, -43, -131, -190, -351, -151, 
-14, 341, 356, -163, -185, 348, -263, -48, -131, -190, -346, -146, 
-24, 341, 366, -158, -195, 353, -248, -48, -126, -180, -346, -146, 
-29, 341, 370, -156, -200, 356, -248, -48, -126, -180, -351, -151, 
-34, 341, 375, -153, -204, 358, -253, -43, -126, -180, -351, -151, 
-24, 341, 366, -158, -195, 353, -253, -43, -126, -175, -351, -151, 
-9, 341, 351, -165, -180, 346, -263, -43, -131, -185, -361, -156, 
-9, 341, 351, -165, -180, 346, -263, -43, -126, -185, -351, -156, 
-14, 351, 366, -168, -190, 358, -263, -39, -117, -180, -346, -141, 
-9, 351, 361, -170, -185, 356, -263, -39, -117, -175, -341, -141, 
-24, 346, 370, -161, -197, 358, -253, -43, -107, -165, -331, -141, 
-29, 346, 375, -158, -202, 361, -253, -43, -107, -165, -331, -141, 
-34, 346, 380, -156, -207, 363, -258, -43, -107, -161, -331, -141, 
-34, 351, 385, -158, -209, 368, -258, -39, -107, -161, -331, -136, 
-29, 361, 390, -165, -209, 375, -268, -39, -107, -170, -341, -136, 
-19, 366, 385, -173, -202, 375, -268, -39, -102, -170, -341, -141, 
-19, 375, 395, -178, -207, 385, -268, -39, -92, -170, -336, -141, 
-24, 375, 400, -175, -212, 387, -268, -34, -87, -165, -336, -136, 
-29, 366, 395, -168, -212, 380, -273, -34, -92, -165, -322, -131, 
-29, 361, 390, -165, -209, 375, -273, -34, -87, -165, -322, -131, 
-29, 361, 390, -165, -209, 375, -273, -34, -87, -161, -317, -126, 
-29, 361, 390, -165, -209, 375, -268, -29, -82, -156, -307, -122, 
-39, 356, 395, -158, -217, 375, -268, -29, -78, -156, -307, -126, 
-29, 370, 400, -170, -214, 385, -268, -29, -73, -146, -302, -126, 
-29, 370, 400, -170, -214, 385, -268, -24, -68, -146, -302, -126, 
-34, 370, 405, -168, -219, 387, -268, -24, -68, -146, -302, -122, 
-34, 361, 395, -163, -214, 378, -268, -24, -63, -136, -302, -122, 
-19, 370, 390, -175, -204, 380, -273, -24, -58, -136, -302, -117, 
-19, 375, 395, -178, -207, 385, -273, -19, -48, -136, -302, -117, 
-29, 375, 405, -173, -217, 390, -268, -9, -39, -122, -297, -107, 
-39, 380, 419, -170, -229, 400, -268, -14, -29, -126, -292, -102, 
-39, 380, 419, -170, -229, 400, -268, -14, -24, -117, -283, -97, 
-34, 390, 424, -178, -229, 407, -273, -14, -19, -112, -278, -92, 
-19, 395, 414, -187, -217, 405, -278, -14, -14, -112, -278, -92, 
-19, 405, 424, -192, -222, 414, -278, -4, -9, -102, -273, -87, 
-24, 409, 434, -192, -229, 422, -278, -4, 0, -87, -268, -82, 
-24, 419, 444, -197, -234, 431, -278, 0, 9, -82, -263, -78, 
-14, 424, 439, -204, -226, 431, -278, 9, 19, -78, -258, -78, 
0, 424, 424, -212, -212, 424, -292, 4, 14, -82, -263, -73, 
9, 429, 419, -219, -204, 424, -292, 9, 29, -78, -263, -68, 
29, 434, 405, -231, -187, 419, -292, 4, 34, -73, -248, -63, 
34, 439, 405, -236, -185, 422, -292, 9, 48, -58, -239, -48, 
14, 444, 429, -229, -207, 436, -292, 19, 68, -43, -229, -53, 
4, 453, 448, -229, -222, 451, -292, 19, 78, -34, -219, -43, 
0, 453, 453, -226, -226, 453, -292, 19, 82, -24, -209, -43, 
-9, 448, 458, -219, -234, 453, -297, 24, 97, -14, -209, -39, 
-4, 463, 468, -229, -236, 466, -287, 39, 126, 4, -190, -14, 
14, 478, 463, -246, -224, 470, -287, 48, 141, 19, -175, -9, 
19, 488, 468, -253, -224, 478, -287, 58, 156, 34, -161, 4, 
24, 488, 463, -256, -219, 475, -287, 73, 165, 48, -146, 14, 
29, 492, 463, -261, -217, 478, -292, 87, 185, 58, -141, 34, 
43, 512, 468, -278, -212, 490, -297, 92, 195, 68, -136, 39, 
48, 527, 478, -287, -214, 502, -302, 92, 214, 73, -126, 43, 
58, 531, 473, -295, -207, 502, -302, 97, 219, 78, -122, 48, 
68, 541, 473, -305, -202, 507, -312, 92, 224, 78, -117, 43, 
82, 551, 468, -317, -192, 509, -317, 92, 229, 87, -112, 43, 
73, 551, 478, -312, -202, 514, -317, 97, 239, 97, -102, 53, 
63, 556, 492, -309, -214, 524, -317, 97, 253, 107, -97, 58, 
58, 561, 502, -309, -222, 531, -312, 97, 248, 117, -102, 63, 
63, 561, 497, -312, -217, 529, -317, 97, 253, 117, -97, 63, 
58, 561, 502, -309, -222, 531, -317, 97, 253, 117, -97, 68, 
58, 570, 512, -314, -226, 541, -322, 97, 258, 122, -97, 73, 
63, 570, 507, -317, -222, 539, -331, 102, 263, 117, -82, 78, 
53, 570, 517, -312, -231, 544, -331, 102, 263, 122, -82, 78, 
68, 570, 502, -319, -217, 536, -331, 97, 263, 122, -82, 78, 
78, 570, 492, -324, -207, 531, -336, 97, 263, 122, -82, 78, 
63, 570, 507, -317, -222, 539, -326, 97, 273, 131, -78, 73, 
58, 570, 512, -314, -226, 541, -326, 87, 268, 126, -82, 68, 
63, 570, 507, -317, -222, 539, -331, 87, 268, 126, -82, 68, 
58, 570, 512, -314, -226, 541, -331, 87, 268, 126, -78, 68, 
63, 561, 497, -312, -217, 529, -331, 87, 268, 117, -87, 73, 
68, 570, 502, -319, -217, 536, -331, 87, 268, 122, -87, 78, 
73, 580, 507, -326, -217, 544, -331, 87, 273, 126, -78, 78, 
82, 595, 512, -339, -214, 553, -331, 87, 278, 126, -78, 78, 
97, 624, 527, -361, -214, 575, -341, 87, 273, 136, -78, 87, 
97, 629, 531, -363, -217, 580, -341, 87, 273, 146, -68, 87, 
97, 629, 531, -363, -217, 580, -336, 87, 278, 146, -68, 97, 
87, 634, 546, -361, -229, 590, -336, 87, 283, 146, -68, 97, 
102, 624, 522, -363, -209, 573, -336, 82, 283, 136, -73, 102, 
107, 624, 517, -366, -204, 570, -336, 82, 283, 136, -68, 102, 
107, 624, 517, -366, -204, 570, -336, 82, 278, 136, -68, 102, 
107, 639, 531, -373, -212, 585, -336, 82, 278, 131, -68, 102, 
107, 653, 546, -380, -219, 600, -326, 73, 273, 131, -68, 92, 
112, 653, 541, -383, -214, 597, -326, 68, 268, 126, -73, 92, 
126, 644, 517, -385, -195, 580, -341, 63, 258, 117, -73, 87, 
131, 644, 512, -387, -190, 578, -341, 53, 253, 117, -73, 87, 
126, 653, 527, -390, -200, 590, -366, 48, 258, 126, -68, 97, 
131, 653, 522, -392, -195, 588, -385, 34, 244, 122, -78, 97, 
131, 649, 517, -390, -192, 583, -390, 19, 229, 117, -78, 92, 
126, 639, 512, -383, -192, 575, -400, 19, 224, 112, -82, 92, 
136, 624, 488, -380, -175, 556, -405, 14, 190, 92, -92, 97, 
141, 614, 473, -378, -165, 544, -414, 0, 161, 68, -112, 73, 
141, 595, 453, -368, -156, 524, -424, -4, 136, 48, -122, 58, 
136, 580, 444, -358, -153, 512, -424, -14, 107, 29, -141, 53, 
141, 570, 429, -356, -143, 500, -429, -19, 82, 14, -146, 34, 
131, 551, 419, -341, -143, 485, -419, -24, 58, 4, -161, 19, 
126, 536, 409, -331, -141, 473, -419, -29, 24, -14, -175, 9, 
126, 527, 400, -326, -136, 463, -419, -43, -9, -24, -200, -4, 
117, 507, 390, -312, -136, 448, -419, -58, -43, -58, -229, -24, 
112, 492, 380, -302, -134, 436, -424, -68, -68, -82, -244, -34, 
112, 478, 366, -295, -126, 422, -429, -78, -92, -107, -253, -53, 
112, 478, 366, -295, -126, 422, -429, -92, -107, -131, -278, -68, 
112, 448, 336, -280, -112, 392, -429, -97, -126, -141, -287, -82, 
107, 444, 336, -275, -114, 390, -424, -107, -141, -146, -292, -92, 
107, 439, 331, -273, -112, 385, -424, -107, -146, -156, -302, -92, 
102, 434, 331, -268, -114, 383, -414, -102, -156, -165, -312, -97, 
102, 429, 326, -265, -112, 378, -419, -107, -161, -180, -317, -112, 
92, 429, 336, -261, -122, 383, -409, -107, -161, -185, -322, -117, 
87, 429, 341, -258, -126, 385, -405, -102, -161, -185, -322, -117, 
78, 429, 351, -253, -136, 390, -400, -102, -156, -175, -322, -117, 
58, 434, 375, -246, -158, 405, -395, -97, -141, -161, -317, -102, 
53, 448, 395, -251, -170, 422, -385, -92, -131, -161, -307, -97, 
48, 453, 405, -251, -178, 429, -375, -87, -126, -165, -302, -92, 
48, 448, 400, -248, -175, 424, -370, -87, -131, -170, -307, -92, 
48, 444, 395, -246, -173, 419, -370, -78, -131, -175, -312, -92, 
48, 439, 390, -244, -170, 414, -370, -78, -131, -170, -312, -97, 
48, 429, 380, -239, -165, 405, -370, -78, -141, -170, -322, -102, 
53, 429, 375, -241, -161, 402, -366, -78, -141, -170, -326, -107, 
58, 434, 375, -246, -158, 405, -375, -78, -151, -180, -341, -122, 
63, 429, 366, -246, -151, 397, -375, -73, -165, -195, -351, -141, 
68, 429, 361, -248, -146, 395, -370, -73, -170, -209, -351, -141, 
68, 434, 366, -251, -148, 400, -370, -73, -170, -214, -351, -136, 
63, 434, 370, -248, -153, 402, -366, -73, -156, -209, -351, -136, 
63, 429, 366, -246, -151, 397, -361, -68, -156, -200, -351, -136, 
53, 424, 370, -239, -158, 397, -356, -73, -146, -200, -351, -131, 
53, 419, 366, -236, -156, 392, -356, -73, -136, -190, -346, -126, 
43, 424, 380, -234, -168, 402, -356, -63, -131, -200, -346, -136, 
34, 429, 395, -231, -180, 412, -346, -53, -131, -200, -346, -136, 
29, 434, 405, -231, -187, 419, -341, -43, -131, -200, -346, -136, 
24, 424, 400, -224, -187, 412, -336, -34, -131, -204, -351, -141, 
-9, 409, 419, -200, -214, 414, -326, -43, -141, -219, -361, -156, 
-14, 400, 414, -192, -214, 407, -322, -43, -146, -219, -370, -161, 
-19, 395, 414, -187, -217, 405, -317, -53, -151, -224, -380, -165, 
-19, 385, 405, -183, -212, 395, -317, -63, -156, -234, -390, -170, 
-43, 380, 424, -168, -234, 402, -312, -63, -146, -234, -385, -175, 
-48, 375, 424, -163, -236, 400, -312, -68, -146, -234, -390, -170, 
-48, 375, 424, -163, -236, 400, -312, -68, -146, -229, -390, -170, 
-39, 375, 414, -168, -226, 395, -312, -73, -146, -229, -395, -165, 
-19, 361, 380, -170, -200, 370, -307, -73, -165, -229, -395, -175, 
-39, 370, 409, -165, -224, 390, -307, -58, -156, -229, -395, -170, 
-48, 385, 434, -168, -241, 409, -302, -53, -156, -239, -400, -170, 
-9, 370, 380, -180, -195, 375, -312, -73, -156, -253, -405, -190, 
-9, 361, 370, -175, -190, 366, -302, -68, -156, -244, -400, -185, 
-19, 366, 385, -173, -202, 375, -292, -68, -151, -234, -390, -175, 
-29, 370, 400, -170, -214, 385, -292, -68, -146, -234, -390, -175, 
-39, 375, 414, -168, -226, 395, -292, -68, -141, -234, -390, -175, 
-48, 380, 429, -165, -239, 405, -292, -68, -136, -234, -390, -175, 
-63, 375, 439, -156, -251, 407, -292, -58, -136, -224, -380, -165, 
-68, 370, 439, -151, -253, 405, -297, -53, -136, -224, -385, -165, 
-63, 370, 434, -153, -248, 402, -297, -53, -136, -224, -385, -165, 
-63, 366, 429, -151, -246, 397, -292, -53, -136, -224, -385, -165, 
-63, 370, 434, -153, -248, 402, -302, -63, -122, -224, -385, -165, 
-53, 375, 429, -161, -241, 402, -302, -63, -122, -224, -385, -165, 
-53, 380, 434, -163, -244, 407, -302, -63, -122, -224, -375, -165, 
-63, 385, 448, -161, -256, 417, -302, -58, -122, -224, -375, -165, 
-58, 385, 444, -163, -251, 414, -292, -58, -126, -234, -390, -165, 
-58, 385, 444, -163, -251, 414, -292, -58, -126, -229, -390, -165, 
-68, 385, 453, -158, -261, 419, -292, -58, -131, -229, -385, -165, 
-58, 385, 444, -163, -251, 414, -292, -58, -131, -229, -385, -165, 
-48, 395, 444, -173, -246, 419, -302, -68, -131, -219, -385, -165, 
-43, 395, 439, -175, -241, 417, -302, -68, -131, -219, -385, -170, 
-43, 395, 439, -175, -241, 417, -302, -68, -131, -219, -385, -170, 
-43, 395, 439, -175, -241, 417, -302, -68, -126, -219, -385, -170, 
-58, 395, 453, -168, -256, 424, -292, -68, -117, -209, -385, -165, 
-63, 395, 458, -165, -261, 427, -292, -68, -117, -209, -390, -165, 
-63, 395, 458, -165, -261, 427, -292, -68, -122, -209, -390, -165, 
-68, 395, 463, -163, -265, 429, -292, -68, -122, -209, -385, -165, 
-58, 385, 444, -163, -251, 414, -292, -68, -131, -219, -385, -165, 
-58, 380, 439, -161, -248, 409, -292, -68, -131, -219, -385, -165, 
-58, 380, 439, -161, -248, 409, -292, -68, -131, -219, -390, -165, 
-58, 380, 439, -161, -248, 409, -292, -68, -131, -219, -390, -165, 
-53, 380, 434, -163, -244, 407, -292, -68, -141, -219, -385, -165, 
-48, 385, 434, -168, -241, 409, -292, -68, -141, -219, -385, -170, 
-43, 385, 429, -170, -236, 407, -292, -68, -146, -219, -390, -175, 
-39, 380, 419, -170, -229, 400, -292, -68, -151, -224, -390, -175, 
-58, 390, 448, -165, -253, 419, -283, -78, -151, -219, -390, -165, 
-63, 385, 448, -161, -256, 417, -283, -78, -151, -219, -390, -165, 
-68, 375, 444, -153, -256, 409, -283, -78, -151, -219, -395, -165, 
-73, 375, 448, -151, -261, 412, -283, -78, -151, -219, -395, -170, 
-63, 380, 444, -158, -253, 412, -292, -73, -146, -224, -395, -175, 
-63, 380, 444, -158, -253, 412, -297, -73, -151, -224, -400, -175, 
-63, 380, 444, -158, -253, 412, -302, -73, -151, -224, -405, -175, 
-63, 380, 444, -158, -253, 412, -302, -68, -151, -224, -405, -175, 
-58, 395, 453, -168, -256, 424, -292, -78, -161, -224, -400, -170, 
-63, 395, 458, -165, -261, 427, -292, -78, -161, -219, -395, -170, 
-63, 395, 458, -165, -261, 427, -292, -78, -161, -219, -395, -170, 
-48, 395, 444, -173, -246, 419, -292, -87, -165, -229, -405, -180, 
-43, 380, 424, -168, -234, 402, -297, -87, -175, -248, -414, -190, 
-43, 380, 424, -168, -234, 402, -302, -87, -161, -239, -414, -190, 
-39, 380, 419, -170, -229, 400, -307, -87, -161, -239, -414, -190, 
-34, 380, 414, -173, -224, 397, -317, -92, -170, -244, -414, -190, 
-39, 380, 419, -170, -229, 400, -307, -82, -161, -234, -409, -180, 
-48, 380, 429, -165, -239, 405, -307, -78, -156, -234, -409, -175, 
-53, 380, 434, -163, -244, 407, -307, -78, -156, -234, -409, -175, 
-63, 380, 444, -158, -253, 412, -307, -82, -156, -234, -409, -180, 
-73, 390, 463, -158, -268, 427, -302, -92, -170, -244, -419, -190, 
-58, 390, 448, -165, -253, 419, -302, -92, -170, -248, -419, -190, 
-58, 390, 448, -165, -253, 419, -302, -92, -170, -248, -419, -190, 
-82, 385, 468, -151, -275, 427, -297, -87, -170, -244, -419, -185, 
-73, 385, 458, -156, -265, 422, -297, -78, -161, -234, -419, -175, 
-68, 390, 458, -161, -263, 424, -297, -78, -161, -234, -419, -185, 
-63, 390, 453, -163, -258, 422, -297, -82, -161, -234, -419, -185, 
-58, 390, 448, -165, -253, 419, -297, -82, -165, -234, -419, -185, 
-48, 400, 448, -175, -248, 424, -307, -87, -175, -244, -419, -185, 
-63, 395, 458, -165, -261, 427, -307, -87, -175, -248, -419, -185, 
-48, 395, 444, -173, -246, 419, -307, -87, -175, -248, -419, -185, 
-48, 395, 444, -173, -246, 419, -312, -92, -170, -253, -424, -185, 
-48, 385, 434, -168, -241, 409, -312, -82, -170, -248, -419, -175, 
-53, 385, 439, -165, -246, 412, -307, -82, -175, -244, -419, -175, 
-58, 385, 444, -163, -251, 414, -302, -82, -175, -239, -414, -175, 
-68, 385, 453, -158, -261, 419, -297, -78, -175, -234, -409, -175, 
-68, 390, 458, -161, -263, 424, -297, -87, -165, -239, -414, -180, 
-68, 390, 458, -161, -263, 424, -302, -87, -165, -239, -414, -180, 
-68, 395, 463, -163, -265, 429, -307, -87, -165, -239, -414, -180, 
-63, 400, 463, -168, -263, 431, -317, -92, -165, -239, -414, -180, 
-73, 400, 473, -163, -273, 436, -317, -92, -165, -234, -405, -180, 
-73, 395, 468, -161, -270, 431, -317, -92, -165, -244, -405, -180, 
-73, 395, 468, -161, -270, 431, -317, -87, -165, -244, -405, -180, 
-68, 395, 463, -163, -265, 429, -317, -87, -165, -239, -405, -180, 
-68, 390, 458, -161, -263, 424, -326, -102, -175, -248, -414, -190, 
-68, 385, 453, -158, -261, 419, -326, -102, -175, -248, -414, -190, 
-68, 375, 444, -153, -256, 409, -326, -102, -175, -248, -414, -190, 
-68, 370, 439, -151, -253, 405, -331, -102, -175, -248, -414, -190, 
-58, 375, 434, -158, -246, 405, -322, -107, -180, -258, -414, -190, 
-58, 385, 444, -163, -251, 414, -322, -107, -180, -258, -414, -190, 
-58, 390, 448, -165, -253, 419, -326, -107, -180, -258, -414, -190, 
-53, 395, 448, -170, -251, 422, -326, -107, -180, -258, -414, -190, 
-53, 400, 453, -173, -253, 427, -326, -97, -165, -248, -400, -180, 
-53, 405, 458, -175, -256, 431, -326, -97, -165, -244, -400, -180, 
-53, 405, 458, -175, -256, 431, -326, -97, -165, -244, -400, -180, 
-53, 400, 453, -173, -253, 427, -326, -97, -165, -244, -400, -180, 
-24, 409, 434, -192, -229, 422, -322, -102, -165, -234, -409, -175, 
-39, 400, 439, -180, -239, 419, -322, -102, -165, -239, -405, -175, 
-63, 409, 473, -173, -268, 441, -317, -107, -136, -214, -375, -156, 
-87, 439, 527, -175, -307, 483, -326, -136, -146, -209, -385, -156, 
-117, 463, 580, -173, -348, 522, -336, -170, -151, -204, -380, -156, 
-151, 488, 639, -168, -395, 563, -336, -195, -131, -180, -356, -141, 
-161, 488, 649, -163, -405, 568, -331, -209, -122, -146, -336, -126, 
-161, 492, 653, -165, -407, 573, -331, -209, -117, -141, -331, -117, 
-161, 531, 692, -185, -427, 612, -336, -200, -107, -112, -297, -87, 
-126, 580, 707, -226, -417, 644, -356, -195, -73, -53, -244, -43, 
-63, 634, 697, -285, -380, 666, -385, -204, -19, 29, -146, 53, 
14, 673, 658, -344, -322, 666, -424, -200, 43, 146, -29, 170, 
117, 732, 614, -424, -248, 673, -468, -146, 151, 273, 117, 307, 
239, 839, 600, -539, -180, 719, -531, -43, 302, 458, 336, 502, 
409, 961, 551, -685, -70, 756, -610, 58, 424, 634, 561, 707, 
639, 1019, 380, -829, 129, 700, -722, 136, 439, 736, 712, 868, 
907, 1039, 131, -973, 387, 585, -854, 180, 380, 790, 824, 1000, 
1132, 1054, -78, -1093, 605, 488, -976, 229, 283, 800, 897, 1093, 
1278, 1078, -200, -1178, 739, 439, -1049, 244, 175, 736, 888, 1107, 
1376, 1068, -307, -1222, 841, 380, -1093, 253, 48, 614, 780, 1039, 
1449, 985, -463, -1217, 956, 261, -1093, 287, -102, 439, 624, 917, 
1478, 780, -697, -1129, 1088, 41, -1029, 385, -307, 165, 346, 678, 
1449, 488, -961, -968, 1205, -236, -936, 497, -570, -204, -43, 326, 
1361, 278, -1083, -819, 1222, -402, -868, 541, -858, -527, -390, 9, 
1268, 180, -1088, -724, 1178, -453, -849, 478, -1083, -732, -595, -175, 
1137, 82, -1054, -610, 1095, -485, -834, 283, -1259, -907, -775, -356, 
936, -43, -980, -446, 958, -512, -800, 0, -1459, -1098, -1000, -575, 
741, -126, -868, -307, 805, -497, -775, -278, -1610, -1239, -1151, -712, 
614, -146, -761, -234, 688, -453, -771, -488, -1629, -1288, -1190, -756, 
536, -117, -653, -209, 595, -385, -751, -541, -1507, -1239, -1161, -751, 
497, -87, -585, -204, 541, -336, -702, -473, -1317, -1137, -1098, -697, 
468, -78, -546, -195, 507, -312, -644, -409, -1132, -1024, -1024, -644, 
385, -48, -434, -168, 409, -241, -605, -390, -1015, -941, -961, -605, 
312, 34, -278, -173, 295, -122, -595, -370, -902, -844, -888, -551, 
258, 136, -122, -197, 190, 7, -580, -346, -766, -727, -795, -483, 
190, 180, -9, -185, 100, 85, -531, -297, -639, -624, -722, -419, 
122, 175, 53, -148, 34, 114, -478, -244, -541, -556, -673, -390, 
82, 200, 117, -141, -17, 158, -424, -185, -463, -517, -639, -356, 
34, 234, 200, -134, -82, 217, -375, -151, -385, -468, -605, -331, 
-24, 273, 297, -124, -161, 285, -336, -136, -317, -419, -556, -312, 
-63, 292, 356, -114, -209, 324, -331, -136, -273, -370, -517, -278, 
-78, 302, 380, -112, -229, 341, -341, -151, -248, -336, -488, -253, 
-73, 317, 390, -122, -231, 353, -336, -141, -244, -312, -463, -234, 
-58, 356, 414, -148, -236, 385, -341, -131, -239, -297, -458, -234, 
-39, 380, 419, -170, -229, 400, -361, -131, -253, -317, -468, -253, 
-4, 380, 385, -187, -195, 383, -375, -141, -258, -346, -497, -268, 
-19, 370, 390, -175, -204, 380, -356, -122, -224, -326, -483, -248, 
-97, 366, 463, -134, -280, 414, -307, -92, -180, -278, -444, -219, 
-122, 395, 517, -136, -319, 456, -292, -82, -165, -268, -434, -200, 
-68, 414, 483, -173, -275, 448, -317, -107, -175, -283, -448, -209, 
-68, 380, 448, -156, -258, 414, -336, -131, -185, -297, -463, -224, 
-87, 370, 458, -141, -273, 414, -331, -122, -180, -283, -448, -219, 
-97, 370, 468, -136, -283, 419, -331, -117, -180, -273, -444, -214, 
-112, 366, 478, -126, -295, 422, -326, -112, -180, -268, -439, -209, 
-117, 366, 483, -124, -300, 424, -322, -107, -175, -263, -439, -209, 
-107, 370, 478, -131, -292, 424, -336, -112, -175, -273, -444, -219, 
-102, 370, 473, -134, -287, 422, -336, -107, -180, -283, -448, -214, 
-102, 375, 478, -136, -290, 427, -326, -102, -175, -273, -444, -214, 
-102, 395, 497, -146, -300, 446, -326, -102, -175, -268, -444, -209, 
-87, 400, 488, -156, -287, 444, -317, -102, -170, -263, -434, -204, 
-87, 400, 488, -156, -287, 444, -317, -107, -165, -258, -429, -204, 
-87, 400, 488, -156, -287, 444, -322, -107, -161, -258, -429, -200, 
-82, 409, 492, -163, -287, 451, -322, -107, -161, -258, -424, -195, 
-97, 400, 497, -151, -297, 448, -317, -107, -156, -248, -424, -195, 
-97, 400, 497, -151, -297, 448, -317, -107, -156, -248, -429, -200, 
-97, 400, 497, -151, -297, 448, -322, -102, -156, -248, -429, -200, 
-82, 400, 483, -158, -283, 441, -322, -102, -156, -244, -429, -200, 
-82, 400, 483, -158, -283, 441, -331, -102, -161, -253, -434, -204, 
-87, 400, 488, -156, -287, 444, -331, -102, -156, -253, -429, -204, 
-97, 409, 507, -156, -302, 458, -331, -97, -146, -248, -429, -190, 
-97, 409, 507, -156, -302, 458, -331, -97, -146, -244, -429, -190, 
-82, 405, 488, -161, -285, 446, -331, -112, -146, -244, -429, -200, 
-78, 405, 483, -163, -280, 444, -331, -112, -146, -244, -429, -200, 
-73, 405, 478, -165, -275, 441, -336, -112, -146, -239, -429, -200, 
-63, 409, 473, -173, -268, 441, -336, -107, -146, -239, -429, -195, 
-78, 405, 483, -163, -280, 444, -326, -97, -136, -239, -419, -185, 
-78, 405, 483, -163, -280, 444, -326, -97, -131, -239, -419, -190, 
-87, 409, 497, -161, -292, 453, -326, -97, -122, -239, -414, -190, 
-102, 405, 507, -151, -305, 456, -326, -92, -117, -234, -414, -185, 
-117, 405, 522, -143, -319, 463, -341, -102, -122, -244, -419, -190, 
-117, 400, 517, -141, -317, 458, -341, -102, -117, -244, -419, -190, 
-117, 400, 517, -141, -317, 458, -341, -102, -117, -239, -414, -185, 
-117, 400, 517, -141, -317, 458, -336, -97, -112, -234, -405, -180, 
-117, 414, 531, -148, -324, 473, -336, -87, -107, -234, -395, -175, 
-107, 429, 536, -161, -322, 483, -336, -87, -102, -224, -390, -175, 
-107, 429, 536, -161, -322, 483, -336, -82, -97, -224, -390, -175, 
-112, 429, 541, -158, -326, 485, -336, -82, -97, -224, -390, -170, 
-97, 434, 531, -168, -314, 483, -326, -82, -82, -204, -380, -161, 
-78, 448, 527, -185, -302, 488, -331, -82, -78, -204, -380, -156, 
-73, 458, 531, -192, -302, 495, -331, -78, -68, -204, -380, -156, 
-78, 463, 541, -192, -309, 502, -326, -68, -58, -190, -375, -146, 
-97, 444, 541, -173, -319, 492, -336, -73, -39, -190, -370, -151, 
-97, 439, 536, -170, -317, 488, -336, -73, -34, -185, -361, -146, 
-92, 444, 536, -175, -314, 490, -341, -73, -29, -185, -356, -141, 
-78, 444, 522, -183, -300, 483, -346, -73, -24, -190, -356, -141, 
-87, 444, 531, -178, -309, 488, -346, -63, -29, -180, -361, -146, 
-92, 448, 541, -178, -317, 495, -346, -63, -19, -165, -356, -141, 
-92, 458, 551, -183, -322, 505, -346, -58, -9, -161, -351, -136, 
-82, 463, 546, -190, -314, 505, -346, -48, 0, -156, -346, -136, 
-87, 473, 561, -192, -324, 517, -341, -58, 14, -141, -331, -122, 
-87, 478, 566, -195, -326, 522, -341, -48, 29, -136, -331, -117, 
-78, 483, 561, -202, -319, 522, -341, -48, 34, -131, -317, -112, 
-82, 488, 570, -202, -326, 529, -341, -39, 48, -117, -307, -97, 
-63, 507, 570, -222, -317, 539, -351, -19, 58, -122, -307, -92, 
-53, 522, 575, -234, -314, 549, -351, -19, 68, -112, -297, -82, 
-39, 527, 566, -244, -302, 546, -351, -19, 73, -102, -287, -82, 
-29, 527, 556, -248, -292, 541, -356, -14, 87, -92, -287, -78, 
-39, 541, 580, -251, -309, 561, -356, -4, 107, -73, -268, -63, 
-34, 556, 590, -261, -312, 573, -356, 0, 122, -58, -253, -58, 
-43, 566, 610, -261, -326, 588, -356, 4, 136, -43, -239, -43, 
-53, 566, 619, -256, -336, 592, -356, 14, 146, -29, -224, -34, 
-63, 561, 624, -248, -344, 592, -351, 29, 165, -19, -219, -14, 
-53, 570, 624, -258, -339, 597, -356, 34, 175, -9, -214, -9, 
-53, 575, 629, -261, -341, 602, -361, 34, 195, -4, -204, -4, 
-48, 570, 619, -261, -334, 595, -361, 39, 200, 0, -200, 0, 
-34, 580, 614, -273, -324, 597, -370, 39, 195, 4, -200, 0, 
-14, 590, 605, -287, -309, 597, -375, 34, 200, 9, -200, -4, 
-19, 590, 610, -285, -314, 600, -375, 34, 209, 14, -195, 0, 
-24, 595, 619, -285, -322, 607, -375, 29, 224, 19, -195, 0, 
-9, 610, 619, -300, -314, 614, -380, 19, 219, 19, -190, 4, 
4, 610, 605, -307, -300, 607, -385, 19, 224, 19, -185, 4, 
9, 610, 600, -309, -295, 605, -385, 19, 224, 19, -185, 9, 
19, 619, 600, -319, -290, 610, -390, 19, 229, 24, -185, 14, 
4, 629, 624, -317, -309, 627, -390, 34, 244, 29, -170, 19, 
-14, 629, 644, -307, -329, 636, -390, 34, 244, 34, -170, 19, 
-9, 629, 639, -309, -324, 634, -390, 29, 244, 34, -170, 19, 
-9, 629, 639, -309, -324, 634, -395, 29, 244, 34, -170, 19, 
4, 639, 634, -322, -314, 636, -405, 19, 234, 24, -185, 14, 
9, 639, 629, -324, -309, 634, -405, 9, 229, 19, -190, 9, 
24, 639, 614, -331, -295, 627, -409, 9, 229, 19, -190, 9, 
29, 639, 610, -334, -290, 624, -409, 9, 229, 19, -185, 9, 
19, 634, 614, -326, -297, 624, -400, 19, 229, 19, -175, 14, 
19, 639, 619, -329, -300, 629, -400, 19, 229, 24, -175, 19, 
19, 644, 624, -331, -302, 634, -400, 19, 234, 29, -165, 19, 
24, 653, 629, -339, -302, 641, -400, 19, 239, 29, -165, 19, 
34, 663, 629, -348, -297, 646, -400, 9, 244, 29, -165, 29, 
29, 668, 639, -348, -305, 653, -400, 9, 244, 39, -156, 29, 
24, 668, 644, -346, -309, 656, -395, 9, 248, 39, -156, 39, 
9, 673, 663, -341, -326, 668, -395, 9, 253, 39, -156, 39, 
43, 683, 639, -363, -297, 661, -395, 4, 244, 39, -156, 43, 
48, 683, 634, -366, -292, 658, -395, 4, 244, 39, -156, 43, 
48, 683, 634, -366, -292, 658, -395, 4, 239, 39, -161, 43, 
48, 697, 649, -373, -300, 673, -395, 4, 239, 34, -165, 43, 
48, 702, 653, -375, -302, 678, -405, 4, 234, 34, -165, 34, 
53, 702, 649, -378, -297, 675, -405, 0, 229, 29, -170, 34, 
68, 692, 624, -380, -278, 658, -419, -4, 219, 19, -170, 29, 
73, 692, 619, -383, -273, 656, -419, -14, 214, 19, -170, 29, 
68, 692, 624, -380, -278, 658, -424, -19, 209, 9, -175, 29, 
73, 692, 619, -383, -273, 656, -444, -34, 195, 4, -185, 29, 
73, 688, 614, -380, -270, 651, -448, -48, 180, 0, -185, 24, 
68, 678, 610, -373, -270, 644, -458, -48, 175, -4, -190, 24, 
63, 683, 619, -373, -278, 651, -463, -43, 156, -9, -195, 24, 
63, 673, 610, -368, -273, 641, -473, -58, 131, -29, -209, 4, 
58, 653, 595, -356, -268, 624, -483, -63, 112, -43, -214, -4, 
48, 639, 590, -344, -270, 614, -483, -73, 87, -58, -229, -4, 
58, 619, 561, -339, -251, 590, -478, -87, 58, -87, -248, -34, 
63, 600, 536, -331, -236, 568, -468, -92, 29, -102, -268, -48, 
73, 585, 512, -329, -219, 549, -468, -97, -9, -126, -287, -58, 
87, 575, 488, -331, -200, 531, -468, -112, -48, -141, -317, -73, 
68, 561, 492, -314, -212, 527, -468, -126, -73, -161, -326, -82, 
53, 541, 488, -297, -217, 514, -473, -136, -97, -180, -341, -92, 
43, 522, 478, -283, -217, 500, -478, -146, -122, -200, -351, -112, 
34, 517, 483, -275, -224, 500, -478, -161, -136, -219, -375, -126, 
14, 512, 497, -263, -241, 505, -488, -156, -146, -229, -375, -131, 
9, 512, 502, -261, -246, 507, -483, -165, -161, -234, -380, -141, 
9, 512, 502, -261, -246, 507, -483, -165, -165, -244, -390, -141, 
4, 512, 507, -258, -251, 509, -473, -161, -175, -253, -400, -146, 
14, 502, 488, -258, -236, 495, -478, -170, -190, -263, -409, -161, 
14, 497, 483, -256, -234, 490, -468, -175, -190, -273, -419, -165, 
19, 492, 473, -256, -226, 483, -463, -175, -190, -278, -424, -165, 
19, 488, 468, -253, -224, 478, -458, -180, -185, -273, -429, -165, 
4, 497, 492, -251, -244, 495, -458, -175, -175, -263, -424, -156, 
-4, 507, 512, -251, -258, 509, -453, -170, -170, -258, -414, -156, 
-14, 507, 522, -246, -268, 514, -448, -165, -170, -258, -409, -156, 
-19, 497, 517, -239, -268, 507, -448, -165, -180, -258, -414, -161, 
-19, 492, 512, -236, -265, 502, -448, -165, -180, -258, -409, -151, 
-19, 488, 507, -234, -263, 497, -448, -165, -180, -258, -409, -156, 
-19, 478, 497, -229, -258, 488, -448, -165, -190, -263, -419, -161, 
-14, 478, 492, -231, -253, 485, -444, -165, -190, -268, -424, -165, 
-4, 483, 488, -239, -246, 485, -444, -165, -195, -273, -439, -170, 
-4, 478, 483, -236, -244, 480, -444, -161, -204, -283, -448, -190, 
-4, 478, 483, -236, -244, 480, -439, -161, -204, -292, -448, -190, 
-9, 483, 492, -236, -251, 488, -439, -161, -200, -292, -448, -185, 
-4, 488, 492, -241, -248, 490, -444, -165, -204, -292, -448, -195, 
-4, 488, 492, -241, -248, 490, -439, -156, -204, -287, -448, -195, 
-14, 488, 502, -236, -258, 495, -434, -156, -195, -292, -448, -190, 
-14, 488, 502, -236, -258, 495, -434, -151, -185, -287, -444, -185, 
-19, 488, 507, -234, -263, 497, -424, -136, -170, -278, -444, -185, 
-34, 488, 522, -226, -278, 505, -414, -131, -170, -278, -444, -185, 
-43, 488, 531, -222, -287, 509, -409, -126, -170, -278, -444, -185, 
-53, 473, 527, -209, -290, 500, -405, -122, -170, -283, -448, -190, 
-73, 463, 536, -195, -305, 500, -395, -122, -180, -287, -453, -204, 
-73, 458, 531, -192, -302, 495, -390, -122, -185, -287, -458, -209, 
-73, 458, 531, -192, -302, 495, -385, -131, -190, -292, -463, -214, 
-68, 453, 522, -192, -295, 488, -385, -141, -195, -302, -468, -219, 
-82, 439, 522, -178, -302, 480, -390, -151, -195, -317, -473, -229, 
-87, 434, 522, -173, -305, 478, -390, -156, -195, -322, -478, -229, 
-87, 434, 522, -173, -305, 478, -390, -156, -195, -322, -478, -234, 
-78, 434, 512, -178, -295, 473, -390, -161, -195, -326, -483, -234, 
-87, 439, 527, -175, -307, 483, -395, -170, -195, -326, -483, -234, 
-87, 429, 517, -170, -302, 473, -395, -156, -175, -317, -483, -229, 
-58, 434, 492, -187, -275, 463, -390, -151, -185, -326, -488, -229, 
-48, 448, 497, -200, -273, 473, -380, -151, -185, -331, -492, -239, 
-87, 458, 546, -185, -317, 502, -370, -146, -185, -322, -488, -234, 
-92, 453, 546, -180, -319, 500, -361, -136, -180, -317, -483, -229, 
-97, 448, 546, -175, -322, 497, -361, -136, -175, -312, -478, -224, 
-102, 444, 546, -170, -324, 495, -361, -136, -170, -307, -473, -219, 
-107, 439, 546, -165, -326, 492, -361, -136, -165, -302, -468, -214, 
-117, 429, 546, -156, -331, 488, -361, -146, -175, -302, -468, -219, 
-117, 429, 546, -156, -331, 488, -366, -141, -175, -302, -473, -224, 
-107, 434, 541, -163, -324, 488, -366, -141, -175, -302, -473, -229, 
-102, 434, 536, -165, -319, 485, -361, -141, -175, -302, -473, -234, 
-117, 444, 561, -163, -339, 502, -361, -141, -161, -297, -473, -224, 
-112, 444, 556, -165, -334, 500, -361, -141, -161, -302, -473, -224, 
-117, 444, 561, -163, -339, 502, -361, -141, -161, -307, -463, -224, 
-131, 444, 575, -156, -353, 509, -361, -136, -161, -312, -463, -224, 
-126, 439, 566, -156, -346, 502, -361, -136, -165, -312, -468, -214, 
-117, 434, 551, -158, -334, 492, -361, -136, -165, -307, -468, -214, 
-117, 429, 546, -156, -331, 488, -361, -136, -170, -307, -463, -214, 
-97, 424, 522, -163, -309, 473, -361, -136, -170, -307, -463, -214, 
-107, 434, 541, -163, -324, 488, -370, -146, -170, -317, -463, -224, 
-102, 434, 536, -165, -319, 485, -370, -146, -170, -317, -463, -229, 
-102, 434, 536, -165, -319, 485, -370, -146, -170, -317, -463, -229, 
-102, 434, 536, -165, -319, 485, -370, -146, -165, -317, -463, -229, 
-122, 444, 566, -161, -344, 505, -370, -136, -175, -317, -463, -214, 
-122, 444, 566, -161, -344, 505, -370, -136, -175, -317, -468, -214, 
-117, 444, 561, -163, -339, 502, -370, -136, -180, -317, -468, -214, 
-117, 444, 561, -163, -339, 502, -370, -136, -180, -317, -463, -214, 
-126, 434, 561, -153, -344, 497, -370, -136, -180, -317, -473, -214, 
-126, 429, 556, -151, -341, 492, -370, -136, -180, -317, -473, -214, 
-126, 429, 556, -151, -341, 492, -370, -136, -180, -317, -478, -214, 
-126, 429, 556, -151, -341, 492, -370, -136, -180, -317, -478, -214, 
-107, 434, 541, -163, -324, 488, -385, -151, -195, -331, -488, -219, 
-97, 444, 541, -173, -319, 492, -390, -156, -200, -336, -492, -229, 
-87, 448, 536, -180, -312, 492, -395, -161, -209, -341, -502, -239, 
-78, 448, 527, -185, -302, 488, -400, -165, -219, -351, -507, -244, 
-102, 434, 536, -165, -319, 485, -385, -151, -214, -351, -502, -239, 
-112, 424, 536, -156, -324, 480, -380, -146, -209, -346, -497, -234, 
-122, 409, 531, -143, -326, 470, -375, -141, -204, -341, -497, -229, 
-131, 405, 536, -136, -334, 470, -370, -136, -200, -336, -492, -229, 
-112, 419, 531, -153, -322, 475, -380, -146, -209, -346, -497, -244, 
-102, 419, 522, -158, -312, 470, -385, -151, -219, -351, -507, -244, 
-92, 419, 512, -163, -302, 466, -390, -156, -224, -356, -517, -244, 
-82, 419, 502, -168, -292, 461, -390, -156, -229, -361, -522, -244, 
-102, 434, 536, -165, -319, 485, -385, -146, -219, -351, -517, -239, 
-112, 434, 546, -161, -329, 490, -380, -146, -219, -346, -512, -239, 
-117, 434, 551, -158, -334, 492, -375, -146, -219, -346, -512, -239, 
-107, 434, 541, -163, -324, 488, -370, -156, -224, -356, -522, -248, 
-117, 419, 536, -151, -326, 478, -370, -156, -234, -375, -522, -248, 
-122, 419, 541, -148, -331, 480, -370, -156, -219, -366, -522, -248, 
-122, 419, 541, -148, -331, 480, -370, -156, -219, -366, -522, -248, 
-122, 419, 541, -148, -331, 480, -375, -161, -229, -370, -522, -248, 
-122, 424, 546, -151, -334, 485, -385, -170, -239, -370, -517, -258, 
-126, 429, 556, -151, -341, 492, -385, -165, -234, -370, -517, -253, 
-126, 434, 561, -153, -344, 497, -385, -165, -234, -370, -517, -253, 
-131, 439, 570, -153, -351, 505, -385, -170, -234, -370, -517, -258, 
-131, 434, 566, -151, -348, 500, -385, -165, -239, -370, -517, -258, 
-117, 429, 546, -156, -331, 488, -380, -161, -239, -375, -517, -258, 
-117, 424, 541, -153, -329, 483, -375, -156, -239, -375, -517, -258, 
-141, 414, 556, -136, -348, 485, -366, -146, -239, -370, -517, -253, 
-126, 405, 531, -139, -329, 468, -370, -156, -239, -375, -522, -263, 
-117, 409, 527, -146, -322, 468, -375, -156, -239, -380, -527, -273, 
-107, 409, 517, -151, -312, 463, -380, -161, -239, -385, -531, -273, 
-97, 409, 507, -156, -302, 458, -385, -161, -244, -390, -536, -273, 
-102, 419, 522, -158, -312, 470, -375, -165, -244, -380, -536, -273, 
-122, 414, 536, -146, -329, 475, -375, -165, -244, -385, -536, -273, 
-112, 414, 527, -151, -319, 470, -375, -165, -244, -385, -536, -273, 
-117, 414, 531, -148, -324, 473, -380, -170, -239, -390, -541, -273, 
-112, 409, 522, -148, -317, 466, -375, -161, -248, -390, -551, -273, 
-112, 405, 517, -146, -314, 461, -375, -161, -253, -390, -556, -273, 
-112, 400, 512, -143, -312, 456, -375, -161, -253, -390, -556, -273, 
-117, 395, 512, -139, -314, 453, -375, -156, -253, -390, -556, -273, 
-112, 400, 512, -143, -312, 456, -375, -161, -263, -390, -541, -268, 
-107, 409, 517, -151, -312, 463, -380, -165, -263, -395, -541, -268, 
-102, 424, 527, -161, -314, 475, -385, -170, -263, -400, -541, -268, 
-92, 439, 531, -173, -312, 485, -395, -180, -263, -405, -541, -268, 
-102, 434, 536, -165, -319, 485, -380, -175, -253, -400, -541, -268, 
-102, 424, 527, -161, -314, 475, -375, -170, -253, -409, -541, -268, 
-102, 419, 522, -158, -312, 470, -370, -161, -253, -409, -541, -268, 
-97, 414, 512, -158, -305, 463, -366, -156, -253, -405, -541, -268, 
-107, 409, 517, -151, -312, 463, -375, -170, -253, -414, -551, -268, 
-117, 405, 522, -143, -319, 463, -375, -170, -253, -414, -551, -268, 
-126, 395, 522, -134, -324, 458, -375, -170, -253, -414, -551, -268, 
-136, 390, 527, -126, -331, 458, -380, -170, -253, -414, -551, -268, 
-126, 405, 531, -139, -329, 468, -390, -165, -268, -414, -546, -268, 
-126, 414, 541, -143, -334, 478, -390, -165, -268, -414, -541, -268, 
-126, 419, 546, -146, -336, 483, -395, -165, -268, -414, -536, -268, 
-122, 424, 546, -151, -334, 485, -395, -165, -268, -414, -531, -268, 
-117, 429, 546, -156, -331, 488, -385, -156, -258, -414, -531, -258, 
-112, 434, 546, -161, -329, 490, -385, -156, -253, -409, -536, -258, 
-107, 434, 541, -163, -324, 488, -385, -156, -248, -409, -541, -258, 
-102, 429, 531, -163, -317, 480, -385, -156, -244, -409, -546, -258, 
-73, 409, 483, -168, -278, 446, -400, -170, -263, -439, -566, -283, 
-87, 458, 546, -185, -317, 502, -390, -170, -263, -444, -570, -273, 
-53, 488, 541, -217, -297, 514, -395, -185, -273, -448, -570, -283, 
-97, 468, 566, -185, -331, 517, -395, -195, -263, -424, -551, -273, 
-175, 463, 639, -143, -407, 551, -385, -209, -239, -390, -507, -234, 
-170, 507, 678, -168, -424, 592, -405, -253, -229, -356, -483, -209, 
-122, 536, 658, -207, -390, 597, -429, -297, -229, -341, -473, -204, 
-141, 561, 702, -209, -422, 631, -429, -317, -224, -326, -458, -195, 
-190, 551, 741, -180, -466, 646, -405, -297, -204, -297, -434, -156, 
-165, 551, 717, -192, -441, 634, -414, -292, -180, -268, -390, -122, 
-112, 595, 707, -241, -409, 651, -444, -312, -165, -224, -322, -63, 
-82, 683, 766, -300, -424, 724, -492, -336, -131, -146, -234, 24, 
-39, 761, 800, -361, -419, 780, -527, -312, -82, -48, -126, 131, 
102, 829, 727, -466, -312, 778, -570, -200, 48, 126, 73, 307, 
312, 902, 590, -607, -139, 746, -649, -58, 209, 312, 297, 522, 
551, 951, 400, -751, 75, 675, -741, 58, 283, 444, 468, 692, 
771, 980, 209, -875, 280, 595, -834, 151, 263, 507, 580, 824, 
1015, 1015, 0, -1015, 507, 507, -956, 209, 165, 497, 653, 907, 
1259, 1039, -219, -1149, 739, 409, -1088, 224, 39, 434, 624, 912, 
1376, 1019, -356, -1198, 866, 331, -1141, 224, -78, 312, 517, 844, 
1400, 966, -434, -1183, 917, 265, -1141, 239, -229, 146, 361, 722, 
1429, 839, -590, -1134, 1010, 124, -1117, 287, -444, -117, 92, 492, 
1429, 575, -854, -1002, 1141, -139, -1034, 400, -707, -497, -307, 122, 
1371, 248, -1122, -810, 1246, -436, -927, 502, -995, -878, -712, -253, 
1278, 53, -1224, -666, 1251, -585, -878, 478, -1249, -1102, -946, -468, 
1166, -4, -1171, -580, 1168, -588, -873, 322, -1434, -1220, -1058, -580, 
976, -73, -1049, -451, 1012, -561, -839, 58, -1605, -1361, -1215, -741, 
761, -165, -927, -297, 844, -546, -805, -239, -1766, -1522, -1395, -917, 
624, -214, -839, -204, 732, -527, -810, -507, -1854, -1600, -1483, -990, 
536, -234, -771, -151, 653, -502, -790, -639, -1820, -1590, -1493, -1005, 
429, -224, -653, -102, 541, -439, -741, -600, -1659, -1546, -1459, -990, 
351, -185, -536, -82, 444, -361, -692, -497, -1454, -1444, -1385, -936, 
317, -117, -434, -100, 375, -275, -653, -458, -1288, -1342, -1302, -878, 
283, -43, -326, -119, 305, -185, -634, -429, -1156, -1224, -1200, -805, 
229, 19, -209, -124, 219, -95, -629, -405, -1000, -1068, -1068, -697, 
170, 102, -68, -136, 119, 17, -600, -356, -834, -907, -946, -595, 
131, 195, 63, -163, 34, 129, -546, -302, -688, -800, -858, -527, 
73, 229, 156, -151, -41, 192, -502, -263, -610, -751, -824, -502, 
14, 224, 209, -119, -97, 217, -463, -229, -531, -712, -790, -478, 
-24, 234, 258, -104, -141, 246, -414, -195, -453, -663, -741, -439, 
-43, 283, 326, -119, -185, 305, -390, -185, -419, -634, -722, -414, 
-78, 351, 429, -136, -253, 390, -409, -200, -405, -610, -702, -380, 
-102, 385, 488, -141, -295, 436, -414, -209, -380, -575, -678, -361, 
-146, 375, 522, -114, -334, 448, -400, -200, -366, -551, -644, -351, 
-165, 351, 517, -92, -341, 434, -390, -180, -331, -512, -624, -331, 
-131, 351, 483, -109, -307, 417, -395, -161, -317, -492, -614, -317, 
-117, 351, 468, -117, -292, 409, -395, -151, -312, -492, -610, -317, 
-107, 356, 463, -124, -285, 409, -385, -151, -297, -492, -610, -326, 
-112, 366, 478, -126, -295, 422, -370, -141, -283, -492, -610, -317, 
-117, 375, 492, -129, -305, 434, -366, -146, -283, -488, -605, -307, 
-126, 390, 517, -131, -322, 453, -375, -170, -283, -492, -610, -312, 
-146, 395, 541, -124, -344, 468, -385, -180, -287, -488, -619, -322, 
-156, 400, 556, -122, -356, 478, -390, -185, -297, -488, -619, -322, 
-170, 400, 570, -114, -370, 485, -390, -190, -307, -492, -619, -322, 
-175, 405, 580, -114, -378, 492, -390, -195, -312, -497, -624, -326, 
-165, 409, 575, -122, -370, 492, -385, -175, -302, -483, -619, -322, 
-161, 409, 570, -124, -366, 490, -385, -165, -297, -488, -614, -312, 
-161, 414, 575, -126, -368, 495, -375, -156, -283, -473, -600, -307, 
-161, 434, 595, -136, -378, 514, -375, -151, -273, -463, -590, -297, 
-156, 429, 585, -136, -370, 507, -375, -165, -278, -463, -595, -302, 
-156, 429, 585, -136, -370, 507, -375, -175, -273, -463, -595, -302, 
-156, 429, 585, -136, -370, 507, -380, -180, -268, -468, -600, -297, 
-151, 439, 590, -143, -370, 514, -380, -185, -268, -473, -600, -292, 
-165, 414, 580, -124, -373, 497, -385, -180, -283, -483, -610, -302, 
-165, 409, 575, -122, -370, 492, -385, -175, -283, -483, -614, -307, 
-165, 405, 570, -119, -368, 488, -390, -165, -283, -483, -614, -307, 
-151, 400, 551, -124, -351, 475, -390, -161, -283, -478, -614, -307, 
-161, 400, 561, -119, -361, 480, -390, -161, -268, -468, -610, -312, 
-165, 400, 566, -117, -366, 483, -390, -161, -263, -468, -595, -312, 
-175, 409, 585, -117, -380, 497, -390, -156, -253, -463, -585, -297, 
-175, 409, 585, -117, -380, 497, -390, -156, -253, -458, -575, -297, 
-170, 414, 585, -122, -378, 500, -380, -170, -263, -458, -585, -297, 
-165, 414, 580, -124, -373, 497, -380, -170, -263, -458, -585, -297, 
-161, 414, 575, -126, -368, 495, -385, -170, -263, -453, -585, -297, 
-151, 419, 570, -134, -361, 495, -385, -165, -263, -453, -585, -292, 
-156, 419, 575, -131, -366, 497, -385, -156, -253, -453, -575, -283, 
-156, 424, 580, -134, -368, 502, -385, -156, -248, -453, -575, -287, 
-165, 434, 600, -134, -383, 517, -385, -156, -239, -453, -570, -287, 
-180, 434, 614, -126, -397, 524, -385, -151, -234, -448, -570, -283, 
-170, 444, 614, -136, -392, 529, -400, -151, -239, -448, -566, -287, 
-165, 439, 605, -136, -385, 522, -400, -151, -234, -448, -566, -287, 
-161, 439, 600, -139, -380, 519, -400, -151, -234, -444, -561, -283, 
-156, 439, 595, -141, -375, 517, -395, -146, -229, -439, -551, -278, 
-156, 444, 600, -143, -378, 522, -395, -136, -214, -429, -551, -263, 
-146, 458, 605, -156, -375, 531, -395, -136, -209, -419, -546, -263, 
-146, 458, 605, -156, -375, 531, -395, -131, -204, -419, -546, -263, 
-151, 458, 610, -153, -380, 534, -395, -131, -204, -419, -546, -258, 
-156, 448, 605, -146, -380, 527, -385, -131, -200, -419, -536, -258, 
-146, 458, 605, -156, -375, 531, -390, -131, -195, -419, -536, -253, 
-151, 463, 614, -156, -383, 539, -390, -126, -185, -419, -536, -253, 
-165, 463, 629, -148, -397, 546, -385, -117, -175, -405, -531, -244, 
-165, 473, 639, -153, -402, 556, -395, -122, -175, -400, -527, -239, 
-165, 478, 644, -156, -405, 561, -395, -122, -170, -390, -517, -234, 
-161, 492, 653, -165, -407, 573, -400, -122, -165, -385, -512, -229, 
-146, 502, 649, -178, -397, 575, -405, -122, -161, -385, -512, -229, 
-141, 492, 634, -175, -387, 563, -405, -117, -156, -385, -507, -224, 
-141, 497, 639, -178, -390, 568, -405, -112, -146, -370, -502, -219, 
-136, 507, 644, -185, -390, 575, -405, -102, -136, -366, -497, -214, 
-122, 512, 634, -195, -378, 573, -405, -87, -126, -361, -492, -214, 
-131, 522, 653, -195, -392, 588, -409, -87, -112, -366, -488, -200, 
-126, 527, 653, -200, -390, 590, -409, -78, -97, -361, -488, -195, 
-112, 531, 644, -209, -378, 588, -409, -78, -92, -356, -473, -190, 
-112, 536, 649, -212, -380, 592, -409, -68, -78, -341, -463, -175, 
-112, 541, 653, -214, -383, 597, -409, -58, -68, -326, -453, -170, 
-112, 551, 663, -219, -387, 607, -409, -58, -58, -317, -444, -161, 
-107, 551, 658, -222, -383, 605, -409, -58, -53, -307, -434, -161, 
-107, 546, 653, -219, -380, 600, -414, -53, -39, -297, -434, -156, 
-107, 541, 649, -217, -378, 595, -414, -34, -9, -278, -409, -151, 
-92, 556, 649, -231, -370, 602, -414, -29, 4, -263, -400, -146, 
-92, 566, 658, -236, -375, 612, -414, -24, 19, -248, -390, -131, 
-92, 566, 658, -236, -375, 612, -414, -14, 29, -234, -380, -122, 
-82, 570, 653, -244, -368, 612, -419, -19, 29, -229, -375, -112, 
-73, 590, 663, -258, -368, 627, -424, -14, 39, -224, -370, -107, 
-73, 605, 678, -265, -375, 641, -429, -14, 58, -224, -361, -102, 
-68, 610, 678, -270, -373, 644, -429, -9, 63, -224, -356, -97, 
-63, 614, 678, -275, -370, 646, -439, -4, 58, -224, -351, -92, 
-53, 619, 673, -283, -363, 646, -444, -4, 63, -214, -346, -92, 
-68, 614, 683, -273, -375, 649, -444, 0, 73, -204, -336, -82, 
-82, 614, 697, -265, -390, 656, -444, 0, 87, -195, -331, -78, 
-68, 629, 697, -280, -383, 663, -439, 9, 97, -180, -322, -68, 
-53, 639, 692, -292, -373, 666, -444, 9, 107, -175, -312, -63, 
-48, 649, 697, -300, -373, 673, -444, 9, 112, -170, -307, -53, 
-39, 668, 707, -314, -373, 688, -448, 9, 122, -161, -302, -43, 
-39, 678, 717, -319, -378, 697, -448, 14, 126, -165, -287, -29, 
-53, 678, 732, -312, -392, 705, -448, 14, 126, -161, -287, -29, 
-43, 678, 722, -317, -383, 700, -448, 9, 126, -161, -287, -29, 
-39, 678, 717, -319, -378, 697, -453, 9, 126, -161, -287, -29, 
-29, 688, 717, -329, -373, 702, -463, 0, 117, -165, -302, -39, 
-29, 688, 717, -329, -373, 702, -463, -9, 112, -175, -307, -48, 
-19, 688, 707, -334, -363, 697, -468, -9, 112, -180, -307, -53, 
-19, 688, 707, -334, -363, 697, -468, -9, 112, -185, -302, -58, 
-24, 678, 702, -326, -363, 690, -468, -19, 112, -175, -312, -53, 
-29, 688, 717, -329, -373, 702, -468, -19, 112, -170, -312, -48, 
-34, 697, 732, -331, -383, 714, -468, -19, 117, -165, -302, -48, 
-34, 712, 746, -339, -390, 729, -468, -19, 122, -165, -302, -48, 
-29, 732, 761, -351, -395, 746, -458, -19, 117, -165, -292, -39, 
-29, 736, 766, -353, -397, 751, -458, -19, 117, -156, -283, -39, 
-29, 736, 766, -353, -397, 751, -453, -19, 122, -156, -283, -29, 
-39, 741, 780, -351, -409, 761, -453, -19, 126, -156, -283, -29, 
-14, 736, 751, -361, -383, 744, -453, -24, 126, -156, -287, -24, 
-9, 732, 741, -361, -375, 736, -453, -24, 126, -156, -283, -24, 
-9, 727, 736, -358, -373, 732, -453, -24, 122, -156, -283, -24, 
-9, 736, 746, -363, -378, 741, -453, -24, 122, -161, -283, -24, 
4, 746, 741, -375, -368, 744, -463, -24, 107, -165, -287, -34, 
14, 751, 736, -383, -361, 744, -463, -29, 102, -175, -297, -34, 
34, 746, 712, -390, -339, 729, -478, -34, 92, -190, -302, -39, 
43, 751, 707, -397, -331, 729, -478, -43, 87, -195, -307, -39, 
39, 761, 722, -400, -341, 741, -492, -48, 92, -195, -302, -29, 
43, 761, 717, -402, -336, 739, -512, -63, 78, -200, -312, -29, 
43, 756, 712, -400, -334, 734, -517, -78, 63, -204, -312, -34, 
39, 746, 707, -392, -334, 727, -527, -78, 58, -209, -317, -34, 
39, 741, 702, -390, -331, 722, -541, -87, 29, -209, -336, -43, 
43, 732, 688, -387, -322, 710, -551, -107, -4, -234, -356, -73, 
43, 712, 668, -378, -312, 690, -561, -117, -34, -253, -366, -92, 
39, 697, 658, -368, -309, 678, -561, -131, -68, -273, -385, -102, 
14, 663, 649, -339, -317, 656, -541, -131, -82, -297, -409, -112, 
-14, 639, 653, -312, -334, 646, -527, -131, -107, -317, -424, -126, 
-39, 619, 658, -290, -348, 639, -522, -131, -141, -346, -439, -136, 
-58, 605, 663, -273, -361, 634, -517, -141, -175, -366, -463, -151, 
-34, 605, 639, -285, -336, 622, -531, -151, -209, -385, -483, -170, 
-24, 590, 614, -283, -319, 602, -541, -165, -234, -405, -497, -180, 
-9, 575, 585, -283, -297, 580, -551, -180, -258, -424, -507, -200, 
4, 575, 570, -290, -283, 573, -556, -200, -273, -444, -531, -214, 
-9, 556, 566, -273, -287, 561, -546, -195, -283, -453, -541, -229, 
-19, 551, 570, -265, -295, 561, -541, -204, -297, -458, -546, -239, 
-24, 546, 570, -261, -297, 558, -541, -204, -302, -468, -556, -239, 
-34, 541, 575, -253, -305, 558, -531, -200, -312, -478, -566, -244, 
-29, 546, 575, -258, -302, 561, -527, -200, -326, -492, -580, -253, 
-34, 546, 580, -256, -307, 563, -517, -204, -326, -497, -585, -263, 
-34, 546, 580, -256, -307, 563, -512, -204, -326, -497, -585, -268, 
-39, 546, 585, -253, -312, 566, -507, -209, -322, -488, -585, -273, 
-58, 556, 614, -248, -336, 585, -497, -204, -312, -473, -570, -258, 
-63, 566, 629, -251, -346, 597, -492, -200, -307, -473, -561, -253, 
-68, 566, 634, -248, -351, 600, -488, -195, -307, -478, -556, -248, 
-68, 556, 624, -244, -346, 590, -488, -195, -317, -483, -561, -248, 
-58, 561, 619, -251, -339, 590, -488, -204, -326, -502, -570, -258, 
-58, 556, 614, -248, -336, 585, -488, -204, -326, -502, -575, -263, 
-58, 546, 605, -244, -331, 575, -488, -204, -336, -507, -590, -268, 
-53, 546, 600, -246, -326, 573, -483, -204, -336, -512, -600, -273, 
-53, 531, 585, -239, -319, 558, -483, -195, -351, -527, -610, -287, 
-53, 517, 570, -231, -312, 544, -483, -190, -361, -536, -624, -307, 
-53, 507, 561, -226, -307, 534, -478, -190, -361, -546, -629, -307, 
-58, 502, 561, -222, -309, 531, -478, -190, -356, -546, -634, -302, 
-63, 517, 580, -226, -322, 549, -483, -185, -341, -541, -619, -302, 
-63, 517, 580, -226, -322, 549, -478, -175, -341, -531, -614, -302, 
-73, 517, 590, -222, -331, 553, -473, -175, -331, -531, -610, -297, 
-73, 517, 590, -222, -331, 553, -473, -170, -322, -522, -600, -292, 
-78, 522, 600, -222, -339, 561, -468, -156, -312, -507, -590, -283, 
-92, 527, 619, -217, -356, 573, -453, -151, -307, -502, -590, -283, 
-102, 531, 634, -214, -368, 583, -444, -146, -302, -497, -590, -283, 
-112, 522, 634, -204, -373, 578, -434, -141, -297, -497, -595, -287, 
-126, 507, 634, -190, -380, 570, -424, -151, -307, -512, -605, -297, 
-131, 497, 629, -183, -380, 563, -419, -151, -312, -522, -614, -307, 
-136, 492, 629, -178, -383, 561, -414, -161, -317, -536, -624, -317, 
-136, 483, 619, -173, -378, 551, -414, -170, -322, -556, -634, -326, 
-141, 473, 614, -165, -378, 544, -419, -175, -331, -561, -649, -336, 
-146, 473, 619, -163, -383, 546, -419, -185, -331, -566, -653, -336, 
-146, 478, 624, -165, -385, 551, -419, -190, -331, -566, -653, -341, 
-136, 483, 619, -173, -378, 551, -419, -200, -331, -570, -658, -341, 
-146, 488, 634, -170, -390, 561, -424, -195, -322, -570, -658, -331, 
-146, 488, 634, -170, -390, 561, -424, -185, -322, -570, -658, -326, 
-146, 492, 639, -173, -392, 566, -419, -175, -322, -570, -653, -326, 
-146, 497, 644, -175, -395, 570, -419, -170, -322, -566, -649, -326, 
-117, 527, 644, -204, -380, 585, -395, -136, -297, -536, -610, -312, 
-156, 488, 644, -165, -400, 566, -395, -136, -302, -541, -619, -312, 
-156, 458, 614, -151, -385, 536, -409, -156, -312, -556, -624, -322, 
-151, 473, 624, -161, -387, 549, -409, -161, -312, -556, -634, -322, 
-146, 488, 634, -170, -390, 561, -409, -165, -312, -556, -634, -322, 
-141, 502, 644, -180, -392, 573, -409, -170, -312, -556, -634, -322, 
-136, 517, 653, -190, -395, 585, -409, -175, -312, -556, -634, -322, 
-156, 517, 673, -180, -414, 595, -409, -170, -297, -551, -629, -312, 
-165, 517, 683, -175, -424, 600, -414, -161, -292, -546, -629, -312, 
-165, 522, 688, -178, -427, 605, -414, -156, -287, -541, -624, -312, 
-170, 522, 692, -175, -431, 607, -409, -151, -283, -536, -619, -312, 
-165, 517, 683, -175, -424, 600, -409, -161, -283, -531, -629, -312, 
-151, 512, 663, -180, -407, 588, -409, -161, -287, -536, -629, -312, 
-146, 507, 653, -180, -400, 580, -409, -161, -292, -541, -619, -312, 
-151, 502, 653, -175, -402, 578, -409, -156, -297, -546, -619, -312, 
-165, 492, 658, -163, -412, 575, -409, -165, -292, -536, -624, -302, 
-165, 492, 658, -163, -412, 575, -409, -165, -292, -531, -624, -302, 
-175, 492, 668, -158, -422, 580, -409, -165, -297, -531, -619, -302, 
-165, 492, 658, -163, -412, 575, -409, -165, -297, -531, -619, -302, 
-161, 497, 658, -168, -409, 578, -409, -165, -312, -536, -629, -312, 
-151, 502, 653, -175, -402, 578, -409, -165, -317, -541, -629, -317, 
-146, 507, 653, -180, -400, 580, -409, -165, -322, -546, -629, -317, 
-141, 512, 653, -185, -397, 583, -409, -165, -322, -551, -629, -317, 
-156, 507, 663, -175, -409, 585, -405, -156, -312, -551, -629, -312, 
-161, 502, 663, -170, -412, 583, -400, -156, -312, -551, -634, -312, 
-161, 497, 658, -168, -409, 578, -395, -156, -317, -551, -634, -312, 
-165, 492, 658, -163, -412, 575, -390, -156, -317, -551, -629, -312, 
-170, 483, 653, -156, -412, 568, -400, -156, -326, -551, -629, -312, 
-175, 478, 653, -151, -414, 566, -400, -156, -326, -551, -629, -312, 
-180, 478, 658, -148, -419, 568, -400, -156, -326, -551, -634, -312, 
-185, 478, 663, -146, -424, 570, -400, -156, -326, -551, -634, -312, 
-170, 492, 663, -161, -417, 578, -400, -156, -326, -541, -629, -312, 
-165, 502, 668, -168, -417, 585, -400, -156, -326, -541, -629, -317, 
-161, 507, 668, -173, -414, 588, -400, -156, -331, -541, -634, -322, 
-156, 507, 663, -175, -409, 585, -400, -156, -336, -546, -634, -322, 
-146, 517, 663, -185, -405, 590, -409, -165, -336, -561, -644, -331, 
-141, 512, 653, -185, -397, 583, -409, -165, -336, -561, -644, -331, 
-136, 502, 639, -183, -387, 570, -409, -165, -336, -561, -649, -331, 
-131, 502, 634, -185, -383, 568, -409, -165, -336, -561, -649, -336, 
-141, 507, 649, -183, -395, 578, -405, -170, -341, -575, -649, -331, 
-141, 507, 649, -183, -395, 578, -405, -170, -346, -575, -653, -331, 
-141, 507, 649, -183, -395, 578, -405, -170, -346, -575, -658, -331, 
-141, 507, 649, -183, -395, 578, -400, -165, -346, -575, -658, -331, 
-146, 522, 668, -187, -407, 595, -405, -165, -336, -570, -644, -326, 
-151, 522, 673, -185, -412, 597, -409, -165, -336, -561, -639, -326, 
-151, 522, 673, -185, -412, 597, -414, -165, -336, -556, -639, -326, 
-136, 522, 658, -192, -397, 590, -419, -175, -341, -561, -649, -336, 
-131, 531, 663, -200, -397, 597, -429, -175, -361, -561, -649, -326, 
-131, 536, 668, -202, -400, 602, -429, -175, -346, -551, -649, -326, 
-126, 541, 668, -207, -397, 605, -429, -175, -346, -551, -649, -326, 
-122, 546, 668, -212, -395, 607, -434, -180, -356, -556, -649, -326, 
-136, 541, 678, -202, -407, 610, -429, -170, -346, -566, -644, -336, 
-146, 536, 683, -195, -414, 610, -424, -165, -341, -566, -644, -331, 
-151, 531, 683, -190, -417, 607, -419, -165, -341, -566, -644, -331, 
-161, 527, 688, -183, -424, 607, -414, -170, -341, -566, -644, -336, 
-151, 536, 688, -192, -419, 612, -424, -175, -356, -566, -653, -326, 
-126, 536, 663, -204, -395, 600, -429, -180, -356, -570, -653, -326, 
-117, 536, 653, -209, -385, 595, -434, -185, -356, -570, -653, -326, 
-131, 531, 663, -200, -397, 597, -434, -185, -356, -566, -653, -322, 
-146, 517, 663, -185, -405, 590, -429, -175, -356, -575, -653, -322, 
-156, 517, 673, -180, -414, 595, -424, -175, -356, -575, -653, -331, 
-165, 512, 678, -173, -422, 595, -419, -180, -356, -575, -653, -331, 
-175, 507, 683, -165, -429, 595, -414, -180, -361, -575, -653, -331, 
-170, 507, 678, -168, -424, 592, -424, -175, -361, -585, -653, -341, 
-180, 502, 683, -161, -431, 592, -424, -175, -361, -590, -653, -341, 
-161, 502, 663, -170, -412, 583, -424, -175, -361, -590, -653, -341, 
-156, 502, 658, -173, -407, 580, -429, -180, -356, -595, -658, -341, 
-131, 512, 644, -190, -387, 578, -444, -185, -361, -605, -658, -351, 
-122, 522, 644, -200, -383, 583, -444, -190, -370, -605, -663, -351, 
-112, 531, 644, -209, -378, 588, -444, -195, -375, -605, -663, -351, 
-107, 541, 649, -217, -378, 595, -444, -195, -380, -605, -663, -351, 
-141, 546, 688, -202, -414, 617, -434, -190, -366, -595, -649, -341, 
-156, 546, 702, -195, -429, 624, -429, -185, -361, -590, -649, -336, 
-170, 551, 722, -190, -446, 636, -424, -180, -356, -585, -649, -331, 
-180, 556, 736, -187, -458, 646, -424, -180, -351, -580, -649, -326, 
-170, 541, 712, -185, -441, 627, -424, -170, -361, -575, -649, -326, 
-170, 531, 702, -180, -436, 617, -424, -170, -361, -585, -649, -326, 
-170, 527, 697, -178, -434, 612, -424, -165, -361, -585, -649, -326, 
-165, 522, 688, -178, -427, 605, -424, -165, -361, -580, -649, -326, 
-156, 527, 683, -185, -419, 605, -429, -180, -366, -595, -653, -331, 
-146, 531, 678, -192, -412, 605, -434, -180, -370, -600, -658, -336, 
-136, 531, 668, -197, -402, 600, -439, -180, -375, -605, -663, -341, 
-126, 536, 663, -204, -395, 600, -448, -180, -380, -610, -668, -346, 
-131, 546, 678, -207, -405, 612, -439, -185, -375, -605, -663, -336, 
-136, 551, 688, -207, -412, 619, -439, -185, -375, -600, -658, -336, 
-141, 551, 692, -204, -417, 622, -444, -185, -375, -595, -653, -336, 
-141, 551, 692, -204, -417, 622, -444, -185, -375, -590, -649, -336, 
-151, 556, 707, -202, -429, 631, -434, -175, -370, -585, -644, -326, 
-151, 561, 712, -204, -431, 636, -434, -175, -370, -575, -644, -326, 
-151, 561, 712, -204, -431, 636, -434, -175, -370, -570, -644, -326, 
-151, 556, 707, -202, -429, 631, -434, -175, -370, -566, -644, -326, 
-141, 566, 707, -212, -424, 636, -439, -180, -370, -575, -634, -322, 
-117, 566, 683, -224, -400, 624, -448, -190, -380, -580, -639, -322, 
-131, 575, 707, -222, -419, 641, -444, -185, -370, -575, -639, -322, 
-146, 605, 751, -229, -448, 678, -453, -195, -351, -570, -619, -322, 
-156, 629, 785, -236, -470, 707, -463, -209, -336, -546, -605, -302, 
-180, 624, 805, -222, -492, 714, -473, -253, -326, -512, -580, -278, 
-200, 653, 854, -226, -527, 753, -478, -268, -297, -468, -551, -244, 
-190, 707, 897, -258, -544, 802, -468, -278, -292, -453, -517, -224, 
-180, 727, 907, -273, -544, 817, -483, -287, -292, -434, -502, -204, 
-165, 727, 893, -280, -529, 810, -502, -292, -278, -395, -458, -170, 
-141, 761, 902, -309, -522, 832, -522, -283, -234, -322, -380, -92, 
-112, 829, 941, -358, -527, 885, -541, -278, -180, -224, -263, 24, 
-39, 907, 946, -434, -492, 927, -595, -273, -131, -126, -156, 131, 
122, 1005, 883, -563, -380, 944, -668, -229, -58, -9, -4, 268, 
322, 1078, 756, -700, -217, 917, -746, -117, 73, 156, 209, 463, 
522, 1117, 595, -819, -36, 856, -819, 9, 175, 307, 419, 673, 
722, 1156, 434, -939, 143, 795, -902, 92, 185, 390, 570, 834, 
946, 1200, 253, -1073, 346, 727, -1024, 122, 87, 409, 653, 946, 
1141, 1254, 112, -1198, 514, 683, -1127, 126, -39, 385, 683, 1010, 
1249, 1254, 4, -1251, 622, 629, -1180, 146, -146, 302, 614, 971, 
1302, 1161, -141, -1232, 722, 509, -1190, 170, -268, 136, 439, 839, 
1342, 976, -366, -1159, 854, 305, -1137, 258, -424, -117, 170, 590, 
1332, 692, -639, -1012, 985, 26, -1015, 409, -629, -478, -219, 219, 
1283, 405, -878, -844, 1080, -236, -897, 512, -878, -849, -634, -165, 
1210, 219, -990, -714, 1100, -385, -878, 468, -1141, -1112, -907, -429, 
1107, 122, -985, -614, 1046, -431, -873, 312, -1376, -1268, -1068, -580, 
897, 34, -863, -466, 880, -414, -829, 87, -1586, -1439, -1234, -751, 
653, -29, -683, -312, 668, -356, -795, -190, -1776, -1620, -1434, -946, 
488, -68, -556, -209, 522, -312, -771, -439, -1903, -1717, -1551, -1039, 
370, -87, -458, -141, 414, -273, -771, -590, -1917, -1727, -1561, -1044, 
302, -78, -380, -112, 341, -229, -751, -619, -1795, -1664, -1517, -1019, 
253, -48, -302, -102, 278, -175, -712, -546, -1590, -1551, -1434, -966, 
190, 19, -170, -104, 180, -75, -663, -448, -1366, -1410, -1322, -878, 
146, 102, -43, -124, 95, 29, -653, -409, -1205, -1283, -1220, -785, 
112, 185, 73, -148, 19, 129, -678, -424, -1088, -1166, -1117, -717, 
92, 268, 175, -180, -41, 222, -668, -395, -961, -1054, -1015, -624, 
82, 370, 287, -226, -102, 329, -624, -351, -824, -946, -927, -556, 
63, 434, 370, -248, -153, 402, -590, -322, -746, -878, -873, -522, 
4, 458, 453, -231, -224, 456, -541, -287, -678, -839, -839, -497, 
-82, 478, 561, -197, -322, 519, -483, -253, -590, -790, -800, -458, 
-141, 497, 639, -178, -390, 568, -458, -224, -517, -741, -761, -434, 
-165, 507, 673, -170, -419, 590, -448, -219, -483, -697, -732, -409, 
-180, 522, 702, -170, -441, 612, -453, -209, -458, -663, -707, -390, 
-165, 541, 707, -187, -436, 624, -468, -209, -453, -658, -702, -390, 
-136, 546, 683, -204, -409, 614, -478, -219, -458, -668, -712, -400, 
-122, 527, 649, -202, -385, 588, -483, -219, -453, -668, -712, -395, 
-117, 527, 644, -204, -380, 585, -473, -209, -448, -658, -707, -385, 
-97, 570, 668, -236, -383, 619, -473, -209, -444, -658, -707, -395, 
-92, 610, 702, -258, -397, 656, -488, -219, -439, -649, -707, -395, 
-136, 610, 746, -236, -441, 678, -473, -204, -419, -624, -692, -375, 
-195, 595, 790, -200, -492, 692, -434, -180, -390, -600, -668, -351, 
-209, 595, 805, -192, -507, 700, -444, -195, -390, -600, -658, -341, 
-214, 595, 810, -190, -512, 702, -448, -195, -395, -595, -658, -341, 
-224, 590, 814, -183, -519, 702, -448, -195, -400, -595, -658, -341, 
-224, 590, 814, -183, -519, 702, -448, -195, -400, -595, -663, -346, 
-195, 585, 780, -195, -488, 683, -463, -204, -400, -600, -668, -351, 
-180, 575, 756, -197, -468, 666, -463, -204, -405, -614, -673, -351, 
-170, 570, 741, -200, -456, 656, -453, -204, -400, -610, -668, -356, 
-161, 580, 741, -209, -451, 661, -453, -209, -400, -610, -668, -356, 
-170, 595, 766, -212, -468, 680, -453, -200, -405, -595, -668, -351, 
-175, 595, 771, -209, -473, 683, -453, -204, -400, -590, -663, -351, 
-180, 595, 775, -207, -478, 685, -458, -204, -395, -590, -663, -346, 
-180, 605, 785, -212, -483, 695, -458, -204, -395, -590, -658, -341, 
-175, 605, 780, -214, -478, 692, -463, -204, -390, -580, -649, -341, 
-175, 605, 780, -214, -478, 692, -463, -204, -390, -580, -653, -346, 
-175, 605, 780, -214, -478, 692, -468, -200, -390, -580, -653, -346, 
-161, 605, 766, -222, -463, 685, -468, -200, -390, -575, -653, -346, 
-161, 610, 771, -224, -466, 690, -468, -200, -385, -575, -653, -351, 
-165, 614, 780, -224, -473, 697, -468, -200, -380, -575, -644, -351, 
-175, 629, 805, -226, -490, 717, -468, -195, -370, -570, -639, -336, 
-175, 634, 810, -229, -492, 722, -468, -195, -370, -566, -634, -336, 
-180, 619, 800, -219, -490, 710, -468, -200, -370, -575, -644, -336, 
-185, 619, 805, -217, -495, 712, -468, -200, -370, -575, -644, -336, 
-190, 619, 810, -214, -500, 714, -473, -200, -370, -570, -644, -336, 
-190, 624, 814, -217, -502, 719, -473, -195, -370, -570, -644, -331, 
-170, 624, 795, -226, -483, 710, -473, -195, -380, -561, -644, -331, 
-156, 629, 785, -236, -470, 707, -473, -195, -375, -561, -644, -336, 
-151, 639, 790, -244, -470, 714, -473, -195, -366, -561, -639, -336, 
-151, 639, 790, -244, -470, 714, -473, -190, -361, -556, -639, -331, 
-170, 634, 805, -231, -488, 719, -488, -200, -366, -566, -644, -336, 
-175, 624, 800, -224, -488, 712, -488, -200, -361, -566, -644, -336, 
-180, 619, 800, -219, -490, 710, -488, -200, -361, -561, -639, -331, 
-185, 614, 800, -214, -492, 707, -483, -195, -356, -556, -629, -326, 
-165, 619, 785, -226, -475, 702, -483, -195, -351, -546, -619, -322, 
-146, 634, 780, -244, -463, 707, -483, -195, -346, -536, -614, -322, 
-136, 634, 771, -248, -453, 702, -483, -190, -341, -536, -614, -322, 
-131, 634, 766, -251, -448, 700, -483, -190, -341, -536, -614, -317, 
-141, 639, 780, -248, -461, 710, -473, -180, -326, -527, -595, -307, 
-136, 653, 790, -258, -463, 722, -478, -180, -322, -527, -595, -302, 
-146, 663, 810, -258, -478, 736, -478, -175, -312, -527, -595, -302, 
-165, 668, 834, -251, -500, 751, -473, -165, -302, -512, -590, -292, 
-175, 673, 849, -248, -512, 761, -463, -161, -292, -507, -585, -287, 
-175, 673, 849, -248, -512, 761, -463, -161, -287, -497, -575, -283, 
-170, 683, 854, -256, -512, 768, -468, -161, -283, -492, -570, -278, 
-156, 688, 844, -265, -500, 766, -473, -161, -278, -492, -570, -278, 
-146, 683, 829, -268, -488, 756, -463, -151, -263, -492, -556, -283, 
-151, 683, 834, -265, -492, 758, -463, -151, -253, -478, -551, -278, 
-151, 688, 839, -268, -495, 763, -463, -146, -244, -473, -546, -273, 
-141, 688, 829, -273, -485, 758, -463, -136, -234, -468, -541, -273, 
-141, 692, 834, -275, -488, 763, -478, -136, -239, -463, -546, -258, 
-136, 702, 839, -283, -488, 771, -478, -126, -224, -458, -546, -253, 
-122, 712, 834, -295, -478, 773, -478, -126, -219, -453, -531, -248, 
-122, 722, 844, -300, -483, 783, -478, -117, -204, -439, -522, -234, 
-122, 727, 849, -302, -485, 788, -478, -117, -185, -424, -512, -239, 
-122, 736, 858, -307, -490, 797, -478, -117, -175, -414, -502, -229, 
-117, 736, 854, -309, -485, 795, -478, -117, -170, -405, -492, -229, 
-117, 732, 849, -307, -483, 790, -483, -112, -156, -395, -492, -224, 
-126, 736, 863, -305, -495, 800, -492, -112, -136, -385, -478, -209, 
-112, 751, 863, -319, -488, 807, -492, -107, -122, -370, -468, -204, 
-112, 761, 873, -324, -492, 817, -492, -102, -107, -356, -458, -190, 
-112, 761, 873, -324, -492, 817, -492, -92, -97, -341, -448, -180, 
-102, 771, 873, -334, -488, 822, -507, -87, -97, -341, -439, -180, 
-82, 785, 868, -351, -475, 827, -512, -82, -87, -331, -439, -175, 
-73, 795, 868, -361, -470, 832, -517, -82, -68, -326, -434, -170, 
-58, 795, 854, -368, -456, 824, -517, -78, -63, -322, -434, -165, 
-63, 795, 858, -366, -461, 827, -507, -73, -48, -302, -419, -156, 
-53, 805, 858, -375, -456, 832, -512, -73, -43, -292, -414, -151, 
-68, 805, 873, -368, -470, 839, -512, -68, -34, -283, -405, -136, 
-82, 810, 893, -363, -488, 851, -512, -68, -19, -273, -400, -126, 
-87, 824, 912, -368, -500, 868, -507, -58, -4, -268, -385, -131, 
-82, 824, 907, -370, -495, 866, -512, -58, 0, -263, -380, -131, 
-87, 824, 912, -368, -500, 868, -512, -58, 0, -258, -380, -126, 
-87, 834, 922, -373, -505, 878, -517, -58, 4, -248, -380, -122, 
-78, 839, 917, -380, -497, 878, -527, -63, 0, -248, -375, -122, 
-82, 834, 917, -375, -500, 875, -527, -63, 0, -248, -375, -126, 
-63, 829, 893, -383, -478, 861, -527, -68, 0, -253, -375, -131, 
-48, 824, 873, -387, -461, 849, -531, -68, 0, -258, -375, -136, 
-53, 829, 883, -387, -468, 856, -541, -78, 0, -268, -380, -131, 
-58, 834, 893, -387, -475, 863, -541, -87, -4, -273, -385, -136, 
-53, 839, 893, -392, -473, 866, -546, -87, -4, -273, -385, -136, 
-58, 844, 902, -392, -480, 873, -546, -87, -4, -273, -380, -136, 
-58, 834, 893, -387, -475, 863, -536, -78, -4, -273, -380, -131, 
-58, 844, 902, -392, -480, 873, -536, -78, -4, -268, -380, -126, 
-58, 854, 912, -397, -485, 883, -536, -78, 0, -263, -370, -126, 
-53, 868, 922, -407, -488, 895, -536, -78, 4, -263, -370, -126, 
-48, 897, 946, -424, -497, 922, -531, -73, 14, -258, -366, -112, 
-48, 902, 951, -427, -500, 927, -527, -68, 19, -244, -351, -107, 
-48, 902, 951, -427, -500, 927, -517, -63, 29, -239, -346, -92, 
-58, 907, 966, -424, -512, 936, -512, -58, 39, -234, -341, -87, 
-24, 907, 932, -441, -478, 919, -522, -73, 34, -244, -351, -87, 
-19, 907, 927, -444, -473, 917, -522, -73, 29, -244, -351, -92, 
-19, 907, 927, -444, -473, 917, -522, -73, 19, -244, -356, -97, 
-19, 922, 941, -451, -480, 932, -522, -73, 14, -248, -361, -102, 
-34, 912, 946, -439, -490, 929, -512, -63, 9, -248, -361, -92, 
-34, 907, 941, -436, -488, 924, -512, -68, 4, -253, -366, -92, 
-24, 893, 917, -434, -470, 905, -527, -73, -4, -263, -366, -97, 
-24, 888, 912, -431, -468, 900, -527, -82, -9, -263, -366, -97, 
-19, 897, 917, -439, -468, 907, -556, -97, -14, -273, -380, -112, 
-4, 907, 912, -451, -458, 910, -580, -112, -29, -278, -390, -117, 
4, 912, 907, -458, -451, 910, -590, -126, -43, -283, -390, -126, 
9, 912, 902, -461, -446, 907, -605, -126, -48, -287, -395, -131, 
4, 893, 888, -448, -441, 890, -605, -122, -63, -297, -395, -126, 
4, 878, 873, -441, -434, 875, -610, -136, -92, -322, -414, -151, 
0, 854, 854, -427, -427, 854, -614, -141, -117, -341, -424, -165, 
-9, 834, 844, -412, -427, 839, -610, -151, -146, -361, -444, -170, 
-24, 810, 834, -392, -429, 822, -595, -146, -175, -390, -463, -190, 
-34, 785, 819, -375, -427, 802, -585, -151, -204, -405, -483, -204, 
-39, 766, 805, -363, -422, 785, -585, -156, -244, -429, -502, -214, 
-39, 751, 790, -356, -414, 771, -585, -170, -283, -444, -531, -229, 
-24, 746, 771, -361, -397, 758, -595, -180, -302, -463, -551, -244, 
-24, 736, 761, -356, -392, 749, -600, -195, -322, -483, -566, -258, 
-19, 727, 746, -353, -383, 736, -605, -209, -341, -502, -575, -283, 
-14, 732, 746, -358, -380, 739, -605, -229, -351, -522, -600, -302, 
-43, 707, 751, -331, -397, 729, -595, -224, -351, -541, -610, -307, 
-58, 697, 756, -319, -407, 727, -590, -234, -366, -546, -614, -317, 
-68, 688, 756, -309, -412, 722, -590, -234, -370, -556, -624, -317, 
-82, 678, 761, -297, -422, 719, -580, -229, -380, -566, -634, -322, 
-82, 663, 746, -290, -414, 705, -566, -224, -385, -570, -649, -336, 
-92, 663, 756, -285, -424, 710, -556, -224, -385, -575, -653, -341, 
-97, 663, 761, -283, -429, 712, -551, -219, -385, -575, -653, -341, 
-107, 663, 771, -278, -439, 717, -546, -219, -380, -566, -653, -341, 
-112, 673, 785, -280, -448, 729, -551, -229, -390, -570, -663, -351, 
-112, 683, 795, -285, -453, 739, -551, -229, -385, -570, -658, -351, 
-112, 683, 795, -285, -453, 739, -551, -229, -385, -575, -658, -351, 
-107, 673, 780, -283, -444, 727, -556, -234, -395, -580, -668, -356, 
-107, 678, 785, -285, -446, 732, -541, -229, -395, -580, -663, -356, 
-107, 673, 780, -283, -444, 727, -536, -224, -395, -580, -663, -361, 
-107, 663, 771, -278, -439, 717, -531, -219, -405, -585, -673, -366, 
-102, 663, 766, -280, -434, 714, -522, -214, -405, -590, -678, -370, 
-92, 658, 751, -283, -422, 705, -522, -214, -400, -595, -683, -375, 
-92, 653, 746, -280, -419, 700, -522, -209, -409, -605, -692, -395, 
-92, 653, 746, -280, -419, 700, -517, -209, -409, -614, -692, -395, 
-97, 658, 756, -280, -427, 707, -517, -209, -405, -614, -692, -390, 
-92, 673, 766, -290, -429, 719, -527, -209, -400, -600, -683, -390, 
-92, 673, 766, -290, -429, 719, -527, -204, -400, -590, -683, -390, 
-102, 673, 775, -285, -439, 724, -527, -209, -390, -590, -683, -385, 
-102, 673, 775, -285, -439, 724, -531, -209, -380, -580, -678, -380, 
-117, 683, 800, -283, -458, 741, -522, -200, -375, -570, -673, -370, 
-131, 683, 814, -275, -473, 749, -512, -190, -375, -570, -668, -370, 
-141, 683, 824, -270, -483, 753, -507, -180, -375, -570, -663, -370, 
-151, 668, 819, -258, -485, 744, -502, -170, -375, -575, -663, -375, 
-170, 658, 829, -244, -500, 744, -492, -180, -366, -590, -678, -380, 
-170, 653, 824, -241, -497, 739, -488, -180, -370, -590, -683, -385, 
-170, 653, 824, -241, -497, 739, -483, -190, -375, -595, -688, -390, 
-165, 649, 814, -241, -490, 732, -483, -200, -380, -605, -692, -395, 
-180, 624, 805, -222, -492, 714, -488, -209, -385, -619, -707, -405, 
-185, 619, 805, -217, -495, 712, -488, -214, -390, -624, -712, -405, 
-185, 619, 805, -217, -495, 712, -488, -214, -395, -624, -712, -409, 
-175, 619, 795, -222, -485, 707, -488, -219, -400, -629, -717, -409, 
-185, 624, 810, -219, -497, 717, -492, -209, -395, -614, -702, -400, 
-185, 624, 810, -219, -497, 717, -492, -204, -390, -610, -697, -395, 
-185, 629, 814, -222, -500, 722, -488, -200, -385, -605, -688, -395, 
-185, 634, 819, -224, -502, 727, -488, -200, -380, -595, -678, -395, 
-156, 653, 810, -248, -483, 732, -502, -204, -375, -585, -678, -390, 
-136, 653, 790, -258, -463, 722, -507, -204, -370, -585, -683, -390, 
-146, 649, 795, -251, -470, 722, -492, -195, -366, -575, -678, -385, 
-156, 644, 800, -244, -478, 722, -488, -195, -361, -575, -673, -380, 
-165, 639, 805, -236, -485, 722, -483, -195, -356, -575, -668, -375, 
-175, 634, 810, -229, -492, 722, -478, -195, -351, -575, -663, -370, 
-185, 639, 824, -226, -505, 732, -478, -185, -341, -566, -653, -370, 
-185, 644, 829, -229, -507, 736, -483, -180, -341, -566, -658, -370, 
-175, 653, 829, -239, -502, 741, -483, -180, -341, -566, -658, -370, 
-170, 658, 829, -244, -500, 744, -478, -180, -341, -566, -658, -370, 
-161, 658, 819, -248, -490, 739, -483, -190, -336, -566, -658, -370, 
-151, 658, 810, -253, -480, 734, -488, -190, -336, -566, -658, -370, 
-151, 658, 810, -253, -480, 734, -492, -190, -336, -566, -649, -370, 
-161, 658, 819, -248, -490, 739, -497, -185, -336, -566, -649, -370, 
-156, 668, 824, -256, -490, 746, -507, -190, -341, -566, -663, -366, 
-156, 668, 824, -256, -490, 746, -507, -195, -341, -561, -663, -370, 
-165, 668, 834, -251, -500, 751, -507, -200, -346, -561, -658, -375, 
-156, 668, 824, -256, -490, 746, -507, -204, -346, -561, -658, -380, 
-170, 658, 829, -244, -500, 744, -497, -200, -336, -551, -649, -375, 
-170, 658, 829, -244, -500, 744, -497, -195, -336, -551, -649, -375, 
-175, 658, 834, -241, -505, 746, -497, -190, -336, -551, -649, -370, 
-180, 658, 839, -239, -509, 749, -497, -185, -331, -551, -649, -366, 
-180, 668, 849, -244, -514, 758, -497, -185, -341, -561, -658, -370, 
-170, 668, 839, -248, -505, 753, -497, -185, -341, -561, -663, -370, 
-156, 668, 824, -256, -490, 746, -497, -185, -346, -561, -663, -370, 
-146, 668, 814, -261, -480, 741, -497, -185, -346, -561, -658, -370, 
-136, 678, 814, -270, -475, 746, -497, -195, -356, -570, -668, -380, 
-136, 673, 810, -268, -473, 741, -497, -195, -356, -570, -668, -380, 
-136, 673, 810, -268, -473, 741, -497, -195, -356, -570, -673, -380, 
-136, 673, 810, -268, -473, 741, -497, -195, -356, -570, -673, -380, 
-156, 658, 814, -251, -485, 736, -497, -195, -356, -570, -678, -380, 
-165, 658, 824, -246, -495, 741, -497, -195, -356, -570, -678, -385, 
-175, 653, 829, -239, -502, 741, -497, -195, -361, -570, -683, -390, 
-185, 644, 829, -229, -507, 736, -497, -195, -366, -575, -683, -390, 
-180, 649, 829, -234, -505, 739, -492, -185, -356, -570, -673, -390, 
-180, 649, 829, -234, -505, 739, -488, -185, -356, -570, -673, -390, 
-180, 644, 824, -231, -502, 734, -483, -185, -356, -570, -678, -390, 
-180, 649, 829, -234, -505, 739, -478, -185, -356, -570, -678, -395, 
-175, 663, 839, -244, -507, 751, -488, -200, -370, -575, -688, -409, 
-170, 663, 834, -246, -502, 749, -492, -200, -375, -575, -692, -409, 
-165, 663, 829, -248, -497, 746, -497, -200, -375, -575, -697, -409, 
-161, 663, 824, -251, -492, 744, -497, -195, -375, -575, -697, -409, 
-175, 663, 839, -244, -507, 751, -488, -195, -375, -575, -702, -414, 
-180, 658, 839, -239, -509, 749, -488, -195, -375, -570, -697, -414, 
-180, 653, 834, -236, -507, 744, -488, -195, -375, -570, -697, -414, 
-165, 649, 814, -241, -490, 732, -488, -204, -380, -580, -707, -424, 
-156, 644, 800, -244, -478, 722, -492, -204, -390, -600, -707, -414, 
-161, 644, 805, -241, -483, 724, -497, -204, -375, -590, -707, -414, 
-161, 644, 805, -241, -483, 724, -502, -204, -375, -590, -707, -414, 
-161, 644, 805, -241, -483, 724, -512, -209, -385, -595, -707, -414, 
-170, 634, 805, -231, -488, 719, -512, -209, -395, -595, -712, -424, 
-175, 634, 810, -229, -492, 722, -512, -204, -390, -595, -712, -419, 
-175, 634, 810, -229, -492, 722, -512, -204, -390, -595, -712, -419, 
-180, 634, 814, -226, -497, 724, -512, -209, -390, -595, -712, -424, 
-175, 649, 824, -236, -500, 736, -507, -209, -385, -585, -712, -424, 
-156, 653, 810, -248, -483, 732, -507, -209, -385, -590, -712, -424, 
-151, 658, 810, -253, -480, 734, -507, -209, -385, -590, -712, -424, 
-170, 658, 829, -244, -500, 744, -502, -204, -385, -585, -712, -419, 
-161, 649, 810, -244, -485, 729, -502, -214, -385, -585, -712, -419, 
-156, 653, 810, -248, -483, 732, -502, -214, -385, -585, -712, -429, 
-151, 653, 805, -251, -478, 729, -502, -219, -385, -585, -712, -429, 
-146, 653, 800, -253, -473, 727, -502, -219, -390, -585, -712, -429, 
-161, 653, 814, -246, -488, 734, -502, -214, -380, -585, -702, -419, 
-180, 649, 829, -234, -505, 739, -502, -214, -380, -590, -702, -419, 
-170, 649, 819, -239, -495, 734, -502, -214, -380, -590, -702, -419, 
-175, 649, 824, -236, -500, 736, -507, -219, -375, -595, -707, -419, 
-170, 639, 810, -234, -490, 724, -512, -219, -375, -605, -717, -429, 
-170, 639, 810, -234, -490, 724, -512, -219, -380, -605, -722, -429, 
-170, 639, 810, -234, -490, 724, -512, -219, -380, -605, -722, -429, 
-175, 639, 814, -231, -495, 727, -512, -214, -380, -605, -722, -429, 
-195, 634, 829, -219, -512, 732, -497, -214, -370, -590, -712, -419, 
-195, 634, 829, -219, -512, 732, -497, -214, -370, -590, -707, -414, 
-195, 639, 834, -222, -514, 736, -497, -214, -370, -590, -702, -409, 
-190, 644, 834, -226, -512, 739, -502, -219, -370, -590, -697, -405, 
-190, 649, 839, -229, -514, 744, -507, -229, -375, -605, -702, -419, 
-190, 649, 839, -229, -514, 744, -512, -229, -380, -614, -707, -424, 
-190, 653, 844, -231, -517, 749, -517, -224, -385, -614, -712, -429, 
-185, 658, 844, -236, -514, 751, -522, -224, -390, -610, -717, -434, 
-180, 649, 829, -234, -505, 739, -512, -229, -390, -619, -717, -424, 
-175, 649, 824, -236, -500, 736, -512, -229, -390, -619, -717, -424, 
-170, 644, 814, -236, -492, 729, -512, -229, -390, -619, -717, -424, 
-165, 644, 810, -239, -488, 727, -517, -229, -390, -619, -717, -424, 
-156, 653, 810, -248, -483, 732, -527, -234, -385, -614, -717, -414, 
-156, 658, 814, -251, -485, 736, -527, -234, -385, -610, -717, -414, 
-156, 658, 814, -251, -485, 736, -531, -234, -385, -605, -717, -414, 
-151, 658, 810, -253, -480, 734, -531, -234, -385, -600, -717, -414, 
-165, 653, 819, -244, -492, 736, -522, -224, -380, -600, -702, -414, 
-170, 658, 829, -244, -500, 744, -522, -224, -380, -595, -702, -414, 
-175, 658, 834, -241, -505, 746, -522, -224, -380, -595, -702, -414, 
-180, 653, 834, -236, -507, 744, -522, -224, -380, -595, -702, -414, 
-161, 653, 814, -246, -488, 734, -536, -229, -390, -605, -712, -419, 
-185, 653, 839, -234, -512, 746, -517, -219, -380, -580, -697, -409, 
-190, 653, 844, -231, -517, 749, -512, -214, -361, -575, -697, -400, 
-195, 673, 868, -239, -531, 771, -512, -234, -351, -561, -688, -400, 
-195, 717, 912, -261, -553, 814, -531, -258, -356, -556, -683, -400, 
-209, 751, 961, -270, -585, 856, -541, -302, -356, -541, -668, -395, 
-219, 771, 990, -275, -605, 880, -546, -336, -346, -517, -649, -380, 
-229, 766, 995, -268, -612, 880, -536, -336, -322, -492, -624, -361, 
-258, 766, 1024, -253, -641, 895, -531, -326, -302, -463, -590, -331, 
-263, 785, 1049, -261, -656, 917, -541, -322, -287, -424, -556, -297, 
-219, 829, 1049, -305, -634, 939, -570, -341, -263, -370, -497, -229, 
-190, 858, 1049, -334, -619, 954, -610, -356, -219, -283, -400, -141, 
-136, 907, 1044, -385, -590, 976, -634, -341, -151, -175, -273, -24, 
4, 1005, 1000, -505, -497, 1002, -688, -268, -58, -29, -112, 122, 
185, 1156, 971, -671, -392, 1063, -766, -165, 82, 156, 102, 336, 
395, 1263, 868, -829, -236, 1066, -858, -68, 175, 317, 312, 536, 
624, 1293, 668, -958, -21, 980, -971, -4, 175, 400, 473, 688, 
878, 1307, 429, -1093, 224, 868, -1093, 24, 78, 429, 575, 800, 
1112, 1322, 209, -1217, 451, 766, -1215, 19, -48, 405, 605, 863, 
1229, 1332, 102, -1281, 563, 717, -1288, 9, -156, 322, 546, 834, 
1254, 1307, 53, -1281, 600, 680, -1288, 14, -268, 195, 419, 761, 
1283, 1171, -112, -1227, 697, 529, -1263, 73, -434, -9, 209, 590, 
1302, 868, -434, -1085, 868, 217, -1171, 195, -649, -331, -141, 268, 
1244, 561, -683, -902, 963, -61, -1044, 326, -888, -702, -536, -107, 
1132, 424, -707, -778, 919, -141, -976, 351, -1122, -966, -810, -370, 
1029, 356, -673, -692, 851, -158, -980, 224, -1346, -1132, -980, -531, 
888, 258, -629, -573, 758, -185, -966, -9, -1546, -1322, -1166, -722, 
683, 146, -536, -414, 610, -195, -922, -258, -1717, -1503, -1366, -917, 
517, 97, -419, -307, 468, -161, -888, -488, -1815, -1600, -1473, -1019, 
458, 136, -322, -297, 390, -92, -878, -649, -1820, -1600, -1503, -1024, 
390, 146, -244, -268, 317, -48, -868, -678, -1708, -1556, -1488, -1019, 
283, 107, -175, -195, 229, -34, -829, -605, -1522, -1464, -1424, -985, 
239, 136, -102, -187, 170, 17, -780, -517, -1317, -1342, -1332, -907, 
195, 209, 14, -202, 90, 112, -751, -488, -1166, -1234, -1229, -834, 
131, 312, 180, -222, -24, 246, -756, -473, -1039, -1107, -1127, -756, 
102, 424, 322, -263, -109, 373, -756, -453, -912, -985, -1024, -673, 
82, 497, 414, -290, -165, 456, -732, -429, -795, -897, -956, -634, 
24, 492, 468, -258, -222, 480, -678, -380, -707, -849, -922, -610, 
-34, 497, 531, -231, -283, 514, -629, -336, -629, -810, -888, -585, 
-63, 536, 600, -236, -331, 568, -580, -302, -561, -761, -858, -556, 
-92, 575, 668, -241, -380, 622, -556, -283, -507, -722, -829, -531, 
-126, 585, 712, -229, -419, 649, -546, -278, -473, -678, -790, -497, 
-170, 590, 761, -209, -466, 675, -541, -268, -448, -644, -756, -468, 
-195, 600, 795, -202, -495, 697, -536, -258, -424, -619, -741, -458, 
-204, 614, 819, -204, -512, 717, -536, -258, -419, -619, -741, -458, 
-200, 624, 824, -212, -512, 724, -541, -258, -424, -619, -732, -463, 
-195, 624, 819, -214, -507, 722, -541, -248, -419, -619, -736, -463, 
-195, 619, 814, -212, -505, 717, -531, -248, -405, -619, -736, -463, 
-170, 639, 810, -234, -490, 724, -536, -248, -390, -610, -727, -453, 
-175, 658, 834, -241, -505, 746, -531, -253, -380, -605, -732, -453, 
-185, 673, 858, -244, -522, 766, -541, -258, -380, -610, -736, -468, 
-190, 663, 854, -236, -522, 758, -536, -263, -380, -600, -736, -458, 
-195, 653, 849, -229, -522, 751, -536, -263, -385, -595, -736, -458, 
-204, 639, 844, -217, -524, 741, -531, -263, -390, -595, -736, -458, 
-204, 629, 834, -212, -519, 732, -527, -263, -390, -595, -741, -463, 
-200, 639, 839, -219, -519, 739, -531, -248, -385, -585, -732, -453, 
-200, 634, 834, -217, -517, 734, -531, -244, -385, -595, -732, -448, 
-204, 634, 839, -214, -522, 736, -522, -239, -375, -585, -722, -448, 
-209, 649, 858, -219, -534, 753, -522, -239, -370, -580, -717, -444, 
-195, 658, 854, -231, -524, 756, -531, -248, -375, -575, -727, -448, 
-195, 663, 858, -234, -527, 761, -531, -253, -370, -570, -722, -448, 
-195, 668, 863, -236, -529, 766, -536, -253, -366, -570, -722, -444, 
-190, 683, 873, -246, -531, 778, -536, -253, -366, -570, -717, -439, 
-200, 668, 868, -234, -534, 768, -527, -248, -366, -566, -712, -434, 
-204, 663, 868, -229, -536, 766, -522, -244, -361, -561, -712, -434, 
-209, 658, 868, -224, -539, 763, -522, -234, -356, -556, -707, -429, 
-200, 653, 854, -226, -527, 753, -517, -229, -351, -546, -702, -424, 
-209, 663, 873, -226, -541, 768, -522, -239, -346, -556, -712, -429, 
-214, 663, 878, -224, -546, 771, -527, -239, -341, -556, -702, -429, 
-224, 673, 897, -224, -561, 785, -531, -234, -331, -551, -697, -414, 
-224, 673, 897, -224, -561, 785, -536, -234, -331, -546, -692, -414, 
-219, 668, 888, -224, -553, 778, -536, -248, -341, -546, -692, -424, 
-214, 668, 883, -226, -549, 775, -536, -248, -341, -546, -692, -424, 
-209, 668, 878, -229, -544, 773, -541, -248, -341, -541, -692, -424, 
-200, 673, 873, -236, -536, 773, -541, -244, -341, -541, -692, -419, 
-190, 678, 868, -244, -529, 773, -541, -244, -341, -531, -683, -419, 
-175, 688, 863, -256, -519, 775, -541, -244, -336, -531, -683, -424, 
-170, 702, 873, -265, -522, 788, -541, -244, -326, -531, -678, -424, 
-170, 707, 878, -268, -524, 793, -541, -239, -322, -527, -678, -419, 
-190, 697, 888, -253, -539, 793, -546, -239, -317, -536, -673, -414, 
-195, 692, 888, -248, -541, 790, -546, -239, -312, -536, -673, -414, 
-200, 692, 893, -246, -546, 793, -546, -239, -312, -531, -668, -409, 
-204, 692, 897, -244, -551, 795, -541, -234, -307, -527, -658, -405, 
-200, 707, 907, -253, -553, 807, -541, -244, -312, -527, -668, -400, 
-185, 722, 907, -268, -546, 814, -541, -244, -307, -517, -663, -400, 
-180, 722, 902, -270, -541, 812, -541, -239, -302, -517, -663, -400, 
-180, 722, 902, -270, -541, 812, -541, -239, -302, -517, -663, -395, 
-185, 712, 897, -263, -541, 805, -541, -229, -292, -502, -649, -385, 
-175, 722, 897, -273, -536, 810, -546, -229, -283, -497, -644, -380, 
-180, 727, 907, -273, -544, 817, -546, -224, -268, -492, -639, -380, 
-195, 727, 922, -265, -558, 824, -541, -214, -253, -473, -629, -370, 
-190, 732, 922, -270, -556, 827, -551, -209, -244, -468, -624, -366, 
-185, 732, 917, -273, -551, 824, -551, -209, -239, -458, -614, -361, 
-175, 741, 917, -283, -546, 829, -556, -209, -234, -453, -610, -356, 
-156, 746, 902, -295, -529, 824, -561, -209, -229, -453, -610, -356, 
-170, 736, 907, -283, -539, 822, -556, -219, -234, -453, -605, -361, 
-180, 741, 922, -280, -551, 832, -551, -219, -224, -439, -600, -356, 
-185, 751, 936, -283, -561, 844, -546, -214, -214, -434, -595, -351, 
-180, 756, 936, -287, -558, 846, -541, -204, -204, -429, -590, -351, 
-185, 756, 941, -285, -563, 849, -556, -195, -190, -414, -585, -336, 
-185, 761, 946, -287, -566, 854, -556, -185, -175, -409, -585, -331, 
-175, 766, 941, -295, -558, 854, -556, -185, -170, -405, -570, -326, 
-180, 771, 951, -295, -566, 861, -556, -175, -156, -390, -561, -312, 
-175, 790, 966, -307, -570, 878, -556, -165, -126, -375, -551, -307, 
-170, 805, 976, -317, -573, 890, -556, -165, -117, -366, -541, -297, 
-161, 810, 971, -324, -566, 890, -556, -165, -112, -356, -531, -297, 
-156, 810, 966, -326, -561, 888, -561, -161, -97, -346, -531, -292, 
-151, 805, 956, -326, -553, 880, -561, -151, -87, -336, -517, -278, 
-131, 819, 951, -344, -541, 885, -561, -146, -73, -322, -507, -273, 
-126, 829, 956, -351, -541, 893, -561, -141, -58, -307, -497, -258, 
-122, 829, 951, -353, -536, 890, -561, -131, -48, -292, -488, -248, 
-131, 819, 951, -344, -541, 885, -575, -136, -48, -287, -483, -244, 
-122, 834, 956, -356, -539, 895, -580, -131, -39, -283, -478, -244, 
-122, 844, 966, -361, -544, 905, -585, -131, -19, -283, -468, -244, 
-117, 844, 961, -363, -539, 902, -585, -126, -14, -283, -463, -244, 
-107, 858, 966, -375, -536, 912, -595, -131, -9, -273, -458, -229, 
-92, 873, 966, -390, -529, 919, -600, -131, -4, -263, -453, -229, 
-102, 878, 980, -387, -541, 929, -600, -126, 4, -253, -444, -219, 
-112, 888, 1000, -387, -556, 944, -600, -126, 19, -244, -439, -214, 
-92, 893, 985, -400, -539, 939, -595, -117, 24, -234, -434, -209, 
-82, 893, 976, -405, -529, 934, -600, -117, 29, -234, -429, -209, 
-82, 893, 976, -405, -529, 934, -600, -117, 29, -234, -429, -204, 
-78, 902, 980, -412, -529, 941, -605, -117, 34, -229, -429, -200, 
-87, 912, 1000, -412, -544, 956, -605, -112, 48, -234, -414, -195, 
-102, 912, 1015, -405, -558, 963, -605, -112, 48, -229, -414, -195, 
-92, 912, 1005, -409, -549, 958, -605, -117, 48, -229, -414, -195, 
-87, 912, 1000, -412, -544, 956, -610, -117, 48, -229, -414, -195, 
-87, 902, 990, -407, -539, 946, -610, -117, 39, -229, -419, -200, 
-87, 902, 990, -407, -539, 946, -610, -126, 34, -234, -424, -204, 
-78, 902, 980, -412, -529, 941, -614, -126, 34, -234, -424, -204, 
-78, 902, 980, -412, -529, 941, -614, -126, 34, -234, -419, -204, 
-68, 907, 976, -419, -522, 941, -614, -126, 43, -224, -419, -190, 
-68, 922, 990, -427, -529, 956, -614, -126, 43, -219, -419, -185, 
-68, 936, 1005, -434, -536, 971, -614, -126, 48, -214, -409, -185, 
-63, 956, 1019, -446, -541, 988, -614, -126, 53, -214, -409, -185, 
-58, 976, 1034, -458, -546, 1005, -614, -126, 58, -214, -409, -185, 
-58, 980, 1039, -461, -549, 1010, -614, -126, 58, -204, -400, -185, 
-58, 980, 1039, -461, -549, 1010, -610, -126, 63, -204, -400, -175, 
-68, 985, 1054, -458, -561, 1019, -610, -126, 68, -204, -400, -175, 
-48, 985, 1034, -468, -541, 1010, -619, -131, 58, -204, -405, -170, 
-48, 985, 1034, -468, -541, 1010, -619, -131, 58, -204, -400, -170, 
-53, 985, 1039, -466, -546, 1012, -619, -131, 53, -204, -400, -170, 
-58, 1000, 1058, -470, -558, 1029, -619, -131, 53, -209, -400, -170, 
-63, 1000, 1063, -468, -563, 1032, -610, -122, 53, -200, -390, -161, 
-63, 995, 1058, -466, -561, 1027, -610, -126, 53, -204, -395, -161, 
-53, 980, 1034, -463, -544, 1007, -624, -131, 48, -214, -395, -165, 
-53, 976, 1029, -461, -541, 1002, -624, -141, 48, -214, -395, -165, 
-48, 985, 1034, -468, -541, 1010, -644, -151, 34, -224, -390, -165, 
-34, 995, 1029, -480, -531, 1012, -668, -170, 19, -229, -400, -165, 
-24, 1000, 1024, -488, -524, 1012, -678, -190, 4, -234, -400, -170, 
-19, 1000, 1019, -490, -519, 1010, -692, -195, 0, -239, -405, -170, 
-29, 985, 1015, -478, -522, 1000, -692, -190, -14, -239, -414, -175, 
-24, 966, 990, -470, -507, 978, -697, -204, -43, -263, -434, -200, 
-24, 936, 961, -456, -492, 949, -702, -209, -68, -283, -444, -214, 
-29, 912, 941, -441, -485, 927, -697, -219, -97, -302, -463, -219, 
-43, 902, 946, -429, -495, 924, -702, -234, -136, -326, -483, -248, 
-53, 883, 936, -414, -495, 910, -692, -239, -165, -346, -502, -263, 
-58, 868, 927, -405, -492, 897, -692, -244, -204, -375, -522, -273, 
-58, 858, 917, -400, -488, 888, -692, -258, -244, -395, -551, -287, 
-48, 858, 907, -405, -478, 883, -683, -263, -263, -405, -561, -287, 
-53, 844, 897, -395, -475, 871, -688, -273, -283, -424, -575, -297, 
-53, 829, 883, -387, -468, 856, -692, -283, -302, -444, -585, -317, 
-53, 829, 883, -387, -468, 856, -692, -297, -312, -463, -610, -331, 
-53, 810, 863, -378, -458, 836, -702, -302, -322, -473, -610, -346, 
-58, 805, 863, -373, -461, 834, -697, -312, -336, -478, -614, -356, 
-58, 800, 858, -370, -458, 829, -697, -312, -341, -488, -624, -356, 
-63, 795, 858, -366, -461, 827, -688, -307, -351, -497, -634, -361, 
-82, 780, 863, -348, -473, 822, -678, -292, -351, -492, -629, -366, 
-102, 780, 883, -339, -492, 832, -663, -292, -346, -497, -634, -370, 
-117, 780, 897, -331, -507, 839, -653, -287, -341, -497, -634, -370, 
-136, 780, 917, -322, -527, 849, -644, -287, -331, -488, -634, -370, 
-136, 780, 917, -322, -527, 849, -653, -287, -331, -483, -634, -370, 
-131, 790, 922, -329, -527, 856, -649, -287, -326, -483, -629, -370, 
-126, 790, 917, -331, -522, 854, -644, -287, -326, -488, -629, -370, 
-117, 780, 897, -331, -507, 839, -644, -292, -336, -492, -639, -375, 
-102, 780, 883, -339, -492, 832, -644, -302, -346, -512, -653, -375, 
-97, 780, 878, -341, -488, 829, -644, -302, -346, -512, -653, -380, 
-92, 775, 868, -341, -480, 822, -644, -302, -356, -517, -663, -385, 
-82, 780, 863, -348, -473, 822, -639, -302, -356, -522, -668, -390, 
-92, 775, 868, -341, -480, 822, -634, -297, -351, -522, -668, -390, 
-102, 771, 873, -334, -488, 822, -629, -287, -361, -527, -673, -405, 
-112, 771, 883, -329, -497, 827, -619, -283, -361, -531, -668, -400, 
-126, 775, 902, -324, -514, 839, -614, -278, -356, -527, -663, -390, 
-122, 780, 902, -329, -512, 841, -619, -278, -351, -531, -663, -400, 
-122, 780, 902, -329, -512, 841, -614, -273, -351, -522, -663, -400, 
-131, 780, 912, -324, -522, 846, -610, -278, -341, -522, -663, -395, 
-131, 780, 912, -324, -522, 846, -610, -278, -331, -512, -658, -390, 
-131, 771, 902, -319, -517, 836, -610, -263, -336, -522, -668, -400, 
-141, 771, 912, -314, -527, 841, -600, -258, -336, -522, -668, -400, 
-146, 771, 917, -312, -531, 844, -595, -253, -336, -522, -668, -400, 
-151, 756, 907, -302, -529, 832, -590, -248, -336, -527, -673, -405, 
-180, 736, 917, -278, -549, 827, -570, -258, -326, -531, -668, -400, 
-190, 732, 922, -270, -556, 827, -566, -258, -331, -531, -673, -405, 
-200, 732, 932, -265, -566, 832, -561, -268, -336, -536, -678, -409, 
-204, 727, 932, -261, -568, 829, -561, -278, -341, -546, -683, -414, 
-219, 722, 941, -251, -580, 832, -566, -278, -351, -541, -697, -434, 
-224, 717, 941, -246, -583, 829, -566, -283, -351, -546, -702, -434, 
-224, 717, 941, -246, -583, 829, -566, -283, -351, -546, -702, -439, 
-214, 717, 932, -251, -573, 824, -566, -287, -351, -551, -707, -439, 
-165, 751, 917, -292, -541, 834, -570, -278, -351, -551, -707, -429, 
-195, 751, 946, -278, -570, 849, -570, -273, -341, -551, -707, -434, 
-224, 736, 961, -256, -592, 849, -575, -278, -341, -551, -702, -434, 
-224, 722, 946, -248, -585, 834, -566, -278, -331, -546, -688, -424, 
-204, 722, 927, -258, -566, 824, -556, -263, -331, -527, -683, -419, 
-195, 736, 932, -270, -563, 834, -566, -273, -331, -531, -692, -429, 
-195, 741, 936, -273, -566, 839, -566, -273, -331, -536, -692, -429, 
-195, 746, 941, -275, -568, 844, -566, -273, -331, -541, -692, -429, 
-195, 751, 946, -278, -570, 849, -566, -273, -331, -546, -692, -429, 
-195, 751, 946, -278, -570, 849, -566, -283, -322, -536, -692, -419, 
-195, 751, 946, -278, -570, 849, -570, -278, -322, -536, -697, -419, 
-185, 756, 941, -285, -563, 849, -570, -278, -322, -536, -697, -419, 
-180, 756, 936, -287, -558, 846, -566, -278, -322, -536, -697, -419, 
-190, 746, 936, -278, -563, 841, -575, -278, -317, -536, -688, -429, 
-180, 746, 927, -283, -553, 836, -575, -278, -317, -536, -688, -429, 
-180, 746, 927, -283, -553, 836, -575, -278, -317, -536, -678, -429, 
-190, 746, 936, -278, -563, 841, -575, -273, -317, -536, -678, -429, 
-214, 746, 961, -265, -588, 854, -561, -263, -302, -531, -673, -419, 
-224, 746, 971, -261, -597, 858, -556, -263, -302, -522, -673, -419, 
-244, 746, 990, -251, -617, 868, -551, -263, -307, -517, -668, -419, 
-244, 746, 990, -251, -617, 868, -546, -263, -307, -512, -668, -419, 
-219, 746, 966, -263, -592, 856, -551, -273, -317, -517, -673, -409, 
-200, 746, 946, -273, -573, 846, -556, -273, -317, -522, -678, -414, 
-185, 746, 932, -280, -558, 839, -561, -273, -317, -527, -683, -414, 
-170, 746, 917, -287, -544, 832, -566, -273, -312, -531, -688, -414, 
-200, 756, 956, -278, -578, 856, -556, -263, -302, -522, -678, -419, 
-209, 756, 966, -273, -588, 861, -556, -263, -302, -522, -683, -419, 
-214, 756, 971, -270, -592, 863, -556, -263, -307, -522, -683, -419, 
-224, 756, 980, -265, -602, 868, -556, -263, -307, -522, -678, -419, 
-209, 756, 966, -273, -588, 861, -556, -273, -326, -522, -688, -419, 
-204, 751, 956, -273, -580, 854, -556, -273, -326, -522, -688, -419, 
-200, 751, 951, -275, -575, 851, -556, -273, -326, -522, -692, -419, 
-195, 751, 946, -278, -570, 849, -556, -273, -326, -522, -692, -419, 
-185, 751, 936, -283, -561, 844, -566, -283, -336, -531, -697, -429, 
-185, 756, 941, -285, -563, 849, -566, -283, -336, -531, -697, -434, 
-185, 756, 941, -285, -563, 849, -566, -283, -341, -531, -702, -439, 
-185, 751, 936, -283, -561, 844, -566, -283, -346, -536, -702, -439, 
-204, 746, 951, -270, -578, 849, -566, -283, -336, -531, -712, -439, 
-209, 736, 946, -263, -578, 841, -566, -283, -336, -531, -712, -439, 
-214, 722, 936, -253, -575, 829, -566, -283, -336, -531, -717, -439, 
-219, 717, 936, -248, -578, 827, -566, -283, -336, -531, -717, -444, 
-209, 732, 941, -261, -575, 836, -570, -287, -351, -546, -707, -439, 
-209, 732, 941, -261, -575, 836, -570, -287, -356, -546, -712, -439, 
-209, 732, 941, -261, -575, 836, -570, -287, -356, -546, -717, -439, 
-209, 732, 941, -261, -575, 836, -566, -283, -356, -546, -717, -439, 
-219, 746, 966, -263, -592, 856, -566, -283, -346, -546, -712, -444, 
-229, 746, 976, -258, -602, 861, -566, -283, -346, -541, -707, -444, 
-234, 746, 980, -256, -607, 863, -566, -283, -346, -541, -707, -444, 
-224, 746, 971, -261, -597, 858, -566, -292, -351, -551, -717, -453, 
-209, 751, 961, -270, -585, 856, -566, -292, -361, -551, -717, -444, 
-209, 751, 961, -270, -585, 856, -566, -292, -346, -541, -717, -444, 
-204, 751, 956, -273, -580, 854, -566, -292, -346, -541, -717, -444, 
-200, 751, 951, -275, -575, 851, -570, -297, -356, -546, -717, -444, 
-209, 761, 971, -275, -590, 866, -570, -287, -366, -556, -722, -444, 
-214, 761, 976, -273, -595, 868, -570, -283, -361, -556, -722, -439, 
-214, 761, 976, -273, -595, 868, -570, -283, -361, -556, -722, -439, 
-219, 761, 980, -270, -600, 871, -570, -287, -361, -556, -722, -444, 
-219, 751, 971, -265, -595, 861, -575, -292, -375, -556, -732, -448, 
-204, 751, 956, -273, -580, 854, -575, -297, -375, -561, -732, -453, 
-204, 751, 956, -273, -580, 854, -575, -302, -375, -561, -732, -458, 
-229, 746, 976, -258, -602, 861, -570, -302, -375, -556, -732, -458, 
-214, 746, 961, -265, -588, 854, -580, -302, -375, -561, -741, -448, 
-204, 751, 956, -273, -580, 854, -580, -302, -375, -566, -741, -458, 
-195, 751, 946, -278, -570, 849, -580, -307, -375, -570, -741, -458, 
-185, 751, 936, -283, -561, 844, -580, -307, -380, -575, -741, -458, 
-200, 756, 956, -278, -578, 856, -570, -302, -375, -561, -736, -448, 
-219, 756, 976, -268, -597, 866, -570, -302, -370, -561, -732, -448, 
-209, 761, 971, -275, -590, 866, -570, -302, -366, -556, -727, -448, 
-214, 766, 980, -275, -597, 873, -575, -307, -356, -556, -727, -448, 
-200, 756, 956, -278, -578, 856, -580, -317, -366, -566, -736, -458, 
-200, 756, 956, -278, -578, 856, -580, -317, -370, -566, -741, -458, 
-200, 756, 956, -278, -578, 856, -580, -317, -370, -566, -741, -458, 
-204, 756, 961, -275, -583, 858, -580, -312, -370, -566, -741, -458, 
-204, 741, 946, -268, -575, 844, -585, -322, -361, -570, -736, -453, 
-204, 741, 946, -268, -575, 844, -585, -322, -361, -570, -736, -453, 
-204, 746, 951, -270, -578, 849, -585, -322, -361, -570, -736, -453, 
-200, 751, 951, -275, -575, 851, -590, -326, -361, -570, -736, -453, 
-214, 751, 966, -268, -590, 858, -580, -317, -361, -561, -727, -453, 
-219, 746, 966, -263, -592, 856, -580, -317, -361, -566, -727, -453, 
-224, 746, 971, -261, -597, 858, -580, -312, -361, -561, -727, -453, 
-224, 746, 971, -261, -597, 858, -580, -312, -361, -551, -727, -453, 
-209, 751, 961, -270, -585, 856, -580, -326, -370, -556, -732, -463, 
-204, 756, 961, -275, -583, 858, -580, -326, -370, -561, -736, -463, 
-200, 756, 956, -278, -578, 856, -580, -326, -370, -566, -741, -463, 
-195, 761, 956, -283, -575, 858, -585, -326, -370, -570, -746, -463, 
-204, 751, 956, -273, -580, 854, -585, -322, -366, -570, -741, -463, 
-204, 756, 961, -275, -583, 858, -585, -322, -366, -570, -736, -463, 
-204, 756, 961, -275, -583, 858, -590, -322, -366, -570, -732, -463, 
-200, 756, 956, -278, -578, 856, -590, -322, -366, -570, -727, -463, 
-200, 761, 961, -280, -580, 861, -595, -326, -366, -580, -727, -463, 
-200, 766, 966, -283, -583, 866, -600, -331, -370, -575, -732, -463, 
-200, 766, 966, -283, -583, 866, -605, -336, -375, -575, -736, -463, 
-200, 761, 961, -280, -580, 861, -610, -341, -380, -575, -741, -463, 
-170, 751, 922, -290, -546, 836, -605, -336, -370, -566, -741, -458, 
-204, 751, 956, -273, -580, 854, -595, -336, -361, -561, -727, -448, 
-229, 780, 1010, -275, -619, 895, -590, -331, -351, -546, -717, -429, 
-244, 819, 1063, -287, -653, 941, -600, -351, -351, -541, -717, -429, 
-263, 834, 1098, -285, -680, 966, -610, -395, -336, -536, -712, -429, 
-268, 849, 1117, -290, -692, 983, -610, -419, -336, -512, -688, -414, 
-268, 858, 1127, -295, -697, 993, -605, -434, -336, -478, -658, -390, 
-278, 873, 1151, -297, -714, 1012, -605, -444, -322, -453, -644, -380, 
-287, 902, 1190, -307, -739, 1046, -610, -434, -312, -424, -619, -361, 
-263, 932, 1195, -334, -729, 1063, -619, -429, -278, -366, -556, -297, 
-229, 966, 1195, -368, -712, 1080, -639, -429, -214, -273, -439, -190, 
-180, 1034, 1215, -427, -697, 1124, -688, -424, -131, -165, -322, -92, 
-48, 1141, 1190, -546, -619, 1166, -751, -380, -34, -39, -195, 34, 
161, 1288, 1127, -724, -483, 1207, -814, -278, 126, 146, 14, 229, 
331, 1361, 1029, -846, -348, 1195, -893, -175, 248, 331, 248, 444, 
483, 1361, 878, -922, -197, 1119, -995, -97, 263, 453, 429, 624, 
692, 1400, 707, -1046, -7, 1054, -1107, -43, 204, 517, 561, 766, 
936, 1464, 527, -1200, 204, 995, -1229, -4, 107, 527, 634, 858, 
1093, 1478, 385, -1285, 353, 932, -1312, 0, 0, 463, 605, 863, 
1180, 1449, 268, -1315, 456, 858, -1337, 9, -126, 351, 507, 805, 
1234, 1337, 102, -1285, 566, 719, -1327, 73, -287, 185, 351, 692, 
1244, 1122, -122, -1183, 683, 500, -1273, 170, -483, -97, 82, 434, 
1234, 878, -356, -1056, 795, 261, -1210, 253, -756, -478, -317, 73, 
1195, 678, -517, -936, 856, 80, -1151, 287, -1044, -819, -663, -244, 
1112, 541, -570, -827, 841, -14, -1122, 234, -1249, -1015, -868, -419, 
961, 434, -527, -697, 744, -46, -1078, 48, -1395, -1171, -1019, -570, 
751, 346, -405, -549, 578, -29, -1054, -224, -1586, -1361, -1244, -780, 
566, 273, -292, -419, 429, -9, -1049, -522, -1766, -1522, -1424, -936, 
488, 263, -224, -375, 356, 19, -1063, -722, -1815, -1561, -1473, -1000, 
458, 283, -175, -370, 317, 53, -1024, -756, -1683, -1522, -1444, -985, 
370, 273, -97, -322, 234, 87, -976, -697, -1493, -1429, -1390, -951, 
312, 292, -19, -302, 165, 136, -927, -653, -1337, -1337, -1327, -917, 
307, 390, 82, -348, 112, 236, -888, -614, -1190, -1244, -1263, -868, 
195, 463, 268, -329, -36, 366, -849, -575, -1039, -1127, -1161, -785, 
73, 497, 424, -285, -175, 461, -814, -541, -902, -1010, -1068, -717, 
34, 531, 497, -283, -231, 514, -775, -512, -805, -927, -1015, -683, 
-4, 566, 570, -280, -287, 568, -732, -458, -717, -868, -976, -653, 
-63, 590, 653, -263, -358, 622, -678, -400, -639, -819, -941, -629, 
-92, 644, 736, -275, -414, 690, -639, -375, -580, -771, -907, -614, 
-131, 653, 785, -261, -458, 719, -629, -370, -522, -732, -878, -585, 
-190, 644, 834, -226, -512, 739, -624, -380, -478, -692, -839, -551, 
-195, 683, 878, -244, -536, 780, -624, -385, -453, -658, -800, -517, 
-180, 736, 917, -278, -549, 827, -629, -385, -439, -634, -785, -507, 
-195, 756, 951, -280, -573, 854, -624, -375, -424, -629, -780, -507, 
-204, 751, 956, -273, -580, 854, -614, -356, -409, -619, -771, -497, 
-190, 722, 912, -265, -551, 817, -600, -336, -414, -619, -771, -502, 
-185, 712, 897, -263, -541, 805, -600, -336, -419, -619, -795, -512, 
-195, 736, 932, -270, -563, 834, -600, -336, -405, -610, -805, -502, 
-200, 756, 956, -278, -578, 856, -595, -336, -390, -600, -785, -492, 
-204, 746, 951, -270, -578, 849, -600, -341, -390, -605, -780, -502, 
-224, 722, 946, -248, -585, 834, -600, -356, -390, -600, -775, -507, 
-244, 727, 971, -241, -607, 849, -590, -361, -380, -595, -775, -497, 
-253, 732, 985, -239, -619, 858, -595, -361, -385, -595, -775, -497, 
-268, 732, 1000, -231, -634, 866, -595, -361, -390, -600, -775, -497, 
-273, 736, 1010, -231, -641, 873, -595, -361, -390, -605, -780, -502, 
-248, 736, 985, -244, -617, 861, -610, -356, -395, -595, -790, -502, 
-239, 732, 971, -246, -605, 851, -610, -351, -395, -605, -790, -497, 
-234, 732, 966, -248, -600, 849, -600, -346, -385, -595, -780, -497, 
-229, 746, 976, -258, -602, 861, -600, -346, -380, -590, -775, -492, 
-224, 756, 980, -265, -602, 868, -590, -346, -366, -585, -775, -488, 
-224, 761, 985, -268, -605, 873, -590, -351, -361, -580, -771, -488, 
-224, 766, 990, -270, -607, 878, -595, -351, -356, -580, -771, -483, 
-219, 780, 1000, -280, -610, 890, -595, -351, -356, -580, -766, -478, 
-239, 771, 1010, -265, -624, 890, -600, -351, -361, -580, -756, -478, 
-244, 771, 1015, -263, -629, 893, -600, -351, -361, -580, -761, -483, 
-248, 771, 1019, -261, -634, 895, -605, -346, -361, -580, -761, -483, 
-239, 771, 1010, -265, -624, 890, -605, -346, -361, -575, -761, -483, 
-248, 766, 1015, -258, -631, 890, -605, -346, -356, -585, -766, -497, 
-253, 761, 1015, -253, -634, 888, -605, -346, -351, -585, -761, -497, 
-263, 766, 1029, -251, -646, 897, -605, -341, -341, -580, -761, -483, 
-263, 761, 1024, -248, -644, 893, -605, -341, -341, -575, -761, -483, 
-253, 771, 1024, -258, -639, 897, -605, -356, -341, -580, -761, -483, 
-253, 775, 1029, -261, -641, 902, -605, -356, -341, -585, -761, -483, 
-253, 780, 1034, -263, -644, 907, -610, -356, -341, -585, -761, -483, 
-248, 790, 1039, -270, -644, 915, -610, -351, -341, -590, -761, -478, 
-244, 780, 1024, -268, -634, 902, -600, -346, -341, -585, -761, -468, 
-234, 785, 1019, -275, -627, 902, -600, -341, -336, -580, -761, -473, 
-234, 795, 1029, -280, -631, 912, -600, -336, -326, -575, -756, -473, 
-239, 795, 1034, -278, -636, 915, -600, -326, -322, -566, -756, -468, 
-234, 785, 1019, -275, -627, 902, -605, -336, -317, -575, -751, -473, 
-234, 780, 1015, -273, -624, 897, -605, -336, -312, -575, -751, -473, 
-234, 780, 1015, -273, -624, 897, -605, -336, -312, -570, -746, -468, 
-234, 780, 1015, -273, -624, 897, -600, -331, -307, -566, -736, -463, 
-244, 785, 1029, -270, -636, 907, -600, -331, -302, -556, -727, -458, 
-234, 800, 1034, -283, -634, 917, -600, -331, -297, -546, -722, -458, 
-234, 800, 1034, -283, -634, 917, -600, -326, -292, -546, -722, -458, 
-239, 800, 1039, -280, -639, 919, -600, -326, -292, -546, -722, -453, 
-239, 800, 1039, -280, -639, 919, -600, -326, -278, -536, -712, -453, 
-224, 810, 1034, -292, -629, 922, -605, -326, -273, -536, -712, -448, 
-224, 814, 1039, -295, -631, 927, -605, -322, -263, -536, -712, -448, 
-234, 814, 1049, -290, -641, 932, -600, -312, -253, -522, -707, -439, 
-244, 800, 1044, -278, -644, 922, -600, -317, -248, -527, -712, -434, 
-244, 800, 1044, -278, -644, 922, -600, -317, -248, -517, -702, -429, 
-239, 810, 1049, -285, -644, 929, -605, -317, -248, -512, -697, -424, 
-224, 814, 1039, -295, -631, 927, -610, -317, -248, -512, -697, -424, 
-214, 814, 1029, -300, -622, 922, -619, -317, -244, -512, -692, -429, 
-219, 819, 1039, -300, -629, 929, -619, -317, -234, -497, -688, -424, 
-219, 829, 1049, -305, -634, 939, -619, -312, -224, -492, -683, -419, 
-209, 834, 1044, -312, -627, 939, -619, -302, -214, -488, -678, -419, 
-219, 834, 1054, -307, -636, 944, -624, -302, -200, -483, -673, -405, 
-214, 839, 1054, -312, -634, 946, -624, -292, -185, -478, -673, -400, 
-200, 844, 1044, -322, -622, 944, -624, -292, -180, -473, -658, -395, 
-200, 849, 1049, -324, -624, 949, -624, -283, -165, -458, -649, -380, 
-209, 868, 1078, -329, -644, 973, -624, -263, -136, -439, -629, -375, 
-209, 883, 1093, -336, -651, 988, -624, -263, -126, -424, -619, -366, 
-204, 888, 1093, -341, -649, 990, -624, -263, -122, -409, -610, -366, 
-204, 888, 1093, -341, -649, 990, -629, -258, -107, -395, -610, -361, 
-204, 902, 1107, -348, -656, 1005, -619, -248, -78, -395, -595, -346, 
-190, 917, 1107, -363, -649, 1012, -619, -244, -63, -380, -585, -341, 
-190, 927, 1117, -368, -653, 1022, -619, -239, -48, -366, -575, -326, 
-190, 927, 1117, -368, -653, 1022, -619, -229, -39, -351, -566, -317, 
-200, 917, 1117, -358, -658, 1017, -624, -224, -29, -341, -551, -297, 
-190, 932, 1122, -370, -656, 1027, -629, -219, -19, -331, -546, -292, 
-190, 941, 1132, -375, -661, 1037, -634, -219, 0, -326, -536, -287, 
-185, 941, 1127, -378, -656, 1034, -634, -214, 4, -322, -531, -283, 
-161, 951, 1112, -395, -636, 1032, -644, -214, 0, -317, -536, -283, 
-141, 961, 1102, -409, -622, 1032, -649, -219, 4, -312, -531, -287, 
-146, 961, 1107, -407, -627, 1034, -649, -219, 14, -307, -522, -283, 
-151, 966, 1117, -407, -634, 1041, -649, -224, 29, -302, -517, -283, 
-146, 961, 1107, -407, -627, 1034, -644, -224, 24, -302, -512, -268, 
-141, 961, 1102, -409, -622, 1032, -649, -224, 29, -302, -507, -268, 
-146, 961, 1107, -407, -627, 1034, -649, -224, 29, -302, -507, -263, 
-146, 971, 1117, -412, -631, 1044, -653, -224, 34, -297, -507, -258, 
-136, 995, 1132, -429, -634, 1063, -663, -219, 39, -292, -502, -263, 
-141, 1000, 1141, -429, -641, 1071, -663, -219, 39, -287, -502, -263, 
-122, 1005, 1127, -441, -624, 1066, -663, -224, 39, -287, -502, -263, 
-107, 1010, 1117, -451, -612, 1063, -668, -224, 39, -287, -502, -263, 
-112, 1000, 1112, -444, -612, 1056, -658, -214, 29, -287, -497, -258, 
-117, 1000, 1117, -441, -617, 1058, -658, -224, 24, -292, -502, -263, 
-112, 1000, 1112, -444, -612, 1056, -663, -224, 24, -292, -502, -263, 
-117, 1000, 1117, -441, -617, 1058, -663, -224, 24, -292, -497, -263, 
-107, 1005, 1112, -448, -610, 1058, -673, -224, 34, -292, -507, -268, 
-107, 1019, 1127, -456, -617, 1073, -673, -224, 34, -287, -507, -263, 
-107, 1034, 1141, -463, -624, 1088, -673, -224, 39, -283, -497, -263, 
-102, 1054, 1156, -475, -629, 1105, -673, -224, 43, -283, -497, -263, 
-92, 1068, 1161, -488, -627, 1115, -673, -224, 58, -278, -488, -244, 
-97, 1068, 1166, -485, -631, 1117, -673, -224, 58, -263, -478, -244, 
-102, 1063, 1166, -480, -634, 1115, -668, -224, 63, -258, -478, -234, 
-117, 1063, 1180, -473, -649, 1122, -668, -224, 68, -253, -478, -234, 
-82, 1054, 1137, -485, -610, 1095, -668, -229, 63, -258, -478, -229, 
-78, 1054, 1132, -488, -605, 1093, -668, -229, 58, -263, -478, -229, 
-78, 1054, 1132, -488, -605, 1093, -668, -229, 48, -268, -483, -229, 
-78, 1068, 1146, -495, -612, 1107, -668, -229, 43, -278, -488, -229, 
-92, 1073, 1166, -490, -629, 1119, -678, -239, 39, -278, -488, -239, 
-92, 1073, 1166, -490, -629, 1119, -678, -244, 34, -283, -492, -239, 
-82, 1063, 1146, -490, -614, 1105, -692, -248, 24, -292, -492, -244, 
-82, 1063, 1146, -490, -614, 1105, -692, -258, 19, -292, -492, -244, 
-87, 1063, 1151, -488, -619, 1107, -697, -263, 4, -292, -488, -244, 
-82, 1063, 1146, -490, -614, 1105, -717, -278, -9, -297, -497, -244, 
-82, 1058, 1141, -488, -612, 1100, -722, -292, -24, -302, -497, -248, 
-87, 1049, 1137, -480, -612, 1093, -732, -292, -29, -307, -502, -248, 
-78, 1044, 1122, -483, -600, 1083, -746, -307, -58, -331, -527, -258, 
-63, 1034, 1098, -485, -580, 1066, -756, -322, -92, -361, -551, -287, 
-53, 1015, 1068, -480, -561, 1041, -766, -326, -122, -385, -566, -307, 
-48, 1000, 1049, -475, -549, 1024, -766, -336, -156, -409, -590, -317, 
-58, 980, 1039, -461, -549, 1010, -771, -341, -185, -424, -600, -326, 
-73, 961, 1034, -444, -553, 997, -761, -346, -214, -434, -610, -341, 
-82, 946, 1029, -431, -556, 988, -761, -351, -253, -453, -619, -351, 
-87, 936, 1024, -424, -556, 980, -761, -366, -292, -463, -639, -366, 
-97, 922, 1019, -412, -558, 971, -751, -380, -312, -483, -658, -366, 
-102, 902, 1005, -400, -553, 954, -756, -390, -331, -502, -673, -375, 
-102, 883, 985, -390, -544, 934, -761, -400, -351, -522, -683, -395, 
-102, 878, 980, -387, -541, 929, -761, -414, -361, -541, -707, -409, 
-112, 863, 976, -375, -544, 919, -771, -419, -361, -561, -717, -434, 
-117, 863, 980, -373, -549, 922, -766, -429, -375, -566, -722, -444, 
-117, 863, 980, -373, -549, 922, -766, -429, -380, -575, -732, -444, 
-122, 863, 985, -370, -553, 924, -756, -424, -390, -585, -741, -448, 
-112, 868, 980, -378, -546, 924, -741, -409, -385, -575, -732, -448, 
-122, 868, 990, -373, -556, 929, -732, -409, -385, -575, -732, -448, 
-126, 868, 995, -370, -561, 932, -727, -405, -385, -570, -727, -444, 
-136, 868, 1005, -366, -570, 936, -722, -405, -380, -556, -722, -439, 
-136, 878, 1015, -370, -575, 946, -727, -414, -390, -561, -732, -429, 
-141, 888, 1029, -373, -585, 958, -727, -414, -385, -561, -727, -429, 
-146, 888, 1034, -370, -590, 961, -727, -414, -385, -566, -727, -429, 
-146, 878, 1024, -366, -585, 951, -732, -419, -395, -570, -736, -434, 
-161, 863, 1024, -351, -592, 944, -732, -409, -385, -570, -741, -434, 
-165, 858, 1024, -346, -595, 941, -732, -409, -385, -570, -741, -439, 
-170, 849, 1019, -339, -595, 934, -732, -409, -395, -575, -751, -444, 
-170, 849, 1019, -339, -595, 934, -727, -409, -395, -580, -756, -448, 
-165, 844, 1010, -339, -588, 927, -722, -405, -390, -585, -756, -444, 
-161, 839, 1000, -339, -580, 919, -717, -395, -400, -595, -761, -463, 
-156, 839, 995, -341, -575, 917, -707, -390, -400, -605, -756, -463, 
-156, 844, 1000, -344, -578, 922, -702, -385, -395, -605, -751, -458, 
-151, 854, 1005, -351, -578, 929, -707, -390, -390, -610, -746, -468, 
-141, 858, 1000, -358, -570, 929, -702, -380, -390, -600, -751, -468, 
-141, 863, 1005, -361, -573, 934, -697, -380, -380, -600, -756, -463, 
-131, 868, 1000, -368, -566, 934, -697, -375, -370, -590, -756, -458, 
-151, 854, 1005, -351, -578, 929, -692, -366, -375, -595, -756, -458, 
-170, 849, 1019, -339, -595, 934, -678, -356, -375, -600, -756, -458, 
-185, 844, 1029, -329, -607, 936, -668, -346, -375, -605, -756, -458, 
-200, 824, 1024, -312, -612, 924, -658, -336, -375, -614, -761, -463, 
-214, 810, 1024, -297, -619, 917, -658, -351, -380, -634, -780, -483, 
-219, 800, 1019, -290, -619, 910, -653, -356, -390, -639, -790, -492, 
-224, 795, 1019, -285, -622, 907, -649, -370, -400, -649, -800, -502, 
-224, 785, 1010, -280, -617, 897, -649, -385, -409, -663, -810, -512, 
-244, 780, 1024, -268, -634, 902, -644, -380, -400, -653, -810, -517, 
-253, 775, 1029, -261, -641, 902, -644, -380, -400, -653, -810, -512, 
-258, 775, 1034, -258, -646, 905, -644, -375, -400, -649, -805, -512, 
-253, 775, 1029, -261, -641, 902, -644, -375, -400, -649, -805, -507, 
-253, 800, 1054, -273, -653, 927, -629, -366, -390, -639, -795, -507, 
-214, 790, 1005, -287, -610, 897, -639, -370, -400, -649, -814, -512, 
-214, 785, 1000, -285, -607, 893, -644, -375, -400, -658, -810, -512, 
-234, 790, 1024, -278, -629, 907, -644, -370, -390, -653, -810, -507, 
-239, 785, 1024, -273, -631, 905, -629, -366, -390, -644, -805, -497, 
-244, 780, 1024, -268, -634, 902, -624, -361, -390, -644, -800, -497, 
-248, 775, 1024, -263, -636, 900, -619, -356, -390, -644, -795, -497, 
-253, 771, 1024, -258, -639, 897, -614, -351, -390, -644, -790, -497, 
-253, 780, 1034, -263, -644, 907, -619, -361, -390, -653, -795, -502, 
-253, 780, 1034, -263, -644, 907, -629, -366, -390, -653, -805, -507, 
-244, 785, 1029, -270, -636, 907, -634, -375, -390, -653, -810, -512, 
-239, 785, 1024, -273, -631, 905, -634, -385, -390, -653, -814, -517, 
-244, 795, 1039, -275, -641, 917, -644, -375, -395, -653, -814, -517, 
-239, 795, 1034, -278, -636, 915, -644, -375, -395, -653, -814, -517, 
-244, 795, 1039, -275, -641, 917, -644, -375, -395, -653, -805, -517, 
-258, 795, 1054, -268, -656, 924, -644, -370, -395, -653, -805, -517, 
-273, 785, 1058, -256, -666, 922, -639, -361, -385, -644, -805, -497, 
-273, 785, 1058, -256, -666, 922, -634, -361, -380, -639, -800, -497, 
-283, 785, 1068, -251, -675, 927, -629, -361, -380, -639, -790, -497, 
-273, 785, 1058, -256, -666, 922, -624, -361, -375, -639, -785, -497, 
-283, 780, 1063, -248, -673, 922, -624, -361, -375, -644, -790, -488, 
-278, 775, 1054, -248, -666, 915, -624, -361, -375, -649, -795, -492, 
-278, 771, 1049, -246, -663, 910, -624, -361, -375, -653, -800, -492, 
-278, 766, 1044, -244, -661, 905, -624, -361, -370, -658, -805, -492, 
-273, 771, 1044, -248, -658, 907, -634, -370, -375, -658, -814, -497, 
-268, 775, 1044, -253, -656, 910, -634, -370, -380, -658, -819, -497, 
-258, 780, 1039, -261, -649, 910, -634, -370, -390, -658, -819, -497, 
-253, 785, 1039, -265, -646, 912, -634, -370, -395, -658, -814, -497, 
-244, 785, 1029, -270, -636, 907, -624, -361, -395, -658, -814, -497, 
-244, 780, 1024, -268, -634, 902, -624, -361, -395, -658, -814, -497, 
-244, 780, 1024, -268, -634, 902, -624, -361, -395, -658, -819, -497, 
-244, 780, 1024, -268, -634, 902, -624, -361, -395, -658, -819, -497, 
-258, 780, 1039, -261, -649, 910, -624, -361, -395, -649, -819, -488, 
-263, 785, 1049, -261, -656, 917, -624, -361, -395, -649, -814, -492, 
-268, 785, 1054, -258, -661, 919, -624, -361, -400, -649, -814, -497, 
-273, 780, 1054, -253, -663, 917, -624, -361, -405, -653, -810, -497, 
-263, 790, 1054, -263, -658, 922, -629, -370, -409, -658, -819, -507, 
-258, 785, 1044, -263, -651, 915, -634, -370, -414, -658, -819, -507, 
-253, 775, 1029, -261, -641, 902, -639, -370, -419, -658, -824, -507, 
-248, 775, 1024, -263, -636, 900, -644, -370, -424, -658, -824, -512, 
-258, 766, 1024, -253, -641, 895, -634, -370, -424, -663, -814, -517, 
-258, 761, 1019, -251, -639, 890, -629, -366, -424, -663, -819, -517, 
-258, 756, 1015, -248, -636, 885, -624, -361, -419, -663, -824, -517, 
-258, 751, 1010, -246, -634, 880, -614, -351, -414, -663, -824, -517, 
-263, 766, 1029, -251, -646, 897, -629, -356, -419, -673, -824, -522, 
-268, 766, 1034, -248, -651, 900, -634, -361, -424, -668, -824, -522, 
-268, 766, 1034, -248, -651, 900, -639, -366, -429, -668, -829, -522, 
-253, 766, 1019, -256, -636, 893, -644, -380, -439, -678, -844, -531, 
-244, 771, 1015, -263, -629, 893, -634, -375, -439, -688, -844, -522, 
-248, 771, 1019, -261, -634, 895, -634, -370, -424, -678, -844, -522, 
-248, 771, 1019, -261, -634, 895, -634, -366, -424, -678, -844, -522, 
-248, 771, 1019, -261, -634, 895, -639, -366, -434, -683, -844, -522, 
-253, 771, 1024, -258, -639, 897, -629, -356, -434, -673, -844, -512, 
-263, 771, 1034, -253, -649, 902, -629, -351, -429, -673, -839, -507, 
-268, 771, 1039, -251, -653, 905, -629, -351, -429, -673, -834, -507, 
-278, 771, 1049, -246, -663, 910, -629, -356, -429, -673, -829, -512, 
-273, 766, 1039, -246, -656, 902, -644, -366, -444, -688, -844, -517, 
-253, 761, 1015, -253, -634, 888, -644, -366, -444, -697, -849, -522, 
-248, 756, 1005, -253, -627, 880, -644, -366, -444, -702, -854, -527, 
-268, 746, 1015, -239, -641, 880, -639, -361, -444, -702, -858, -527, 
-268, 746, 1015, -239, -641, 880, -639, -361, -444, -712, -858, -517, 
-263, 751, 1015, -244, -639, 883, -639, -361, -444, -712, -858, -527, 
-258, 751, 1010, -246, -634, 880, -639, -366, -444, -712, -858, -527, 
-253, 751, 1005, -248, -629, 878, -639, -366, -448, -712, -858, -527, 
-244, 761, 1005, -258, -624, 883, -639, -361, -448, -702, -849, -527, 
-258, 756, 1015, -248, -636, 885, -639, -361, -448, -707, -849, -527, 
-244, 756, 1000, -256, -622, 878, -639, -361, -448, -707, -849, -527, 
-244, 756, 1000, -256, -622, 878, -644, -366, -444, -712, -854, -527, 
-244, 746, 990, -251, -617, 868, -639, -370, -444, -722, -863, -536, 
-248, 746, 995, -248, -622, 871, -639, -375, -448, -722, -868, -536, 
-253, 746, 1000, -246, -627, 873, -639, -380, -448, -722, -868, -536, 
-263, 746, 1010, -241, -636, 878, -639, -380, -448, -722, -868, -536, 
-273, 746, 1019, -236, -646, 883, -644, -375, -448, -717, -863, -522, 
-273, 751, 1024, -239, -649, 888, -644, -370, -448, -717, -863, -522, 
-273, 761, 1034, -244, -653, 897, -644, -366, -448, -717, -863, -522, 
-268, 771, 1039, -251, -653, 905, -649, -366, -448, -717, -863, -522, 
-253, 766, 1019, -256, -636, 893, -658, -370, -453, -727, -873, -531, 
-248, 756, 1005, -253, -627, 880, -658, -375, -458, -741, -873, -531, 
-244, 751, 995, -253, -619, 873, -658, -375, -463, -746, -873, -531, 
-234, 746, 980, -256, -607, 863, -658, -380, -468, -746, -873, -531, 
-239, 756, 995, -258, -617, 875, -649, -380, -458, -756, -873, -531, 
-244, 756, 1000, -256, -622, 878, -649, -375, -458, -756, -873, -531, 
-248, 751, 1000, -251, -624, 875, -649, -370, -458, -756, -873, -531, 
-253, 751, 1005, -248, -629, 878, -653, -366, -458, -756, -873, -531, 
-258, 741, 1000, -241, -629, 871, -653, -370, -453, -746, -863, -522, 
-263, 746, 1010, -241, -636, 878, -653, -370, -453, -746, -863, -522, 
-268, 746, 1015, -239, -641, 880, -658, -370, -453, -746, -863, -522, 
-268, 746, 1015, -239, -641, 880, -658, -370, -453, -746, -863, -522, 
-278, 741, 1019, -231, -649, 880, -649, -361, -458, -746, -858, -522, 
-278, 746, 1024, -234, -651, 885, -649, -361, -458, -741, -858, -522, 
-278, 746, 1024, -234, -651, 885, -649, -361, -458, -741, -858, -522, 
-278, 741, 1019, -231, -649, 880, -649, -361, -458, -741, -858, -522, 
-268, 722, 990, -226, -629, 856, -653, -366, -448, -741, -868, -517, 
-263, 761, 1024, -248, -644, 893, -663, -375, -458, -746, -863, -517, 
-268, 780, 1049, -256, -658, 915, -668, -380, -458, -761, -873, -517, 
-283, 771, 1054, -244, -668, 912, -658, -390, -458, -746, -863, -517, 
-292, 785, 1078, -246, -685, 932, -668, -424, -453, -732, -849, -497, 
-297, 810, 1107, -256, -702, 958, -678, -468, -444, -697, -824, -483, 
-336, 849, 1185, -256, -761, 1017, -683, -502, -434, -663, -795, -448, 
-336, 893, 1229, -278, -783, 1061, -683, -512, -429, -639, -771, -429, 
-307, 893, 1200, -292, -753, 1046, -688, -522, -429, -619, -756, -419, 
-292, 893, 1185, -300, -739, 1039, -688, -517, -414, -600, -732, -395, 
-287, 917, 1205, -314, -746, 1061, -707, -517, -380, -546, -663, -336, 
-239, 1005, 1244, -383, -741, 1124, -756, -531, -336, -468, -575, -248, 
-136, 1093, 1229, -478, -683, 1161, -819, -527, -287, -370, -478, -141, 
-14, 1151, 1166, -568, -590, 1159, -863, -463, -185, -244, -317, 4, 
156, 1224, 1068, -690, -456, 1146, -922, -312, -24, -39, -92, 219, 
346, 1302, 956, -824, -305, 1129, -995, -175, 87, 131, 136, 439, 
566, 1342, 775, -954, -104, 1058, -1107, -82, 97, 214, 287, 580, 
810, 1366, 556, -1088, 126, 961, -1239, -24, 19, 234, 370, 673, 
1024, 1381, 356, -1202, 334, 868, -1351, 9, -97, 190, 380, 717, 
1161, 1371, 209, -1266, 475, 790, -1415, 9, -224, 78, 302, 678, 
1234, 1327, 92, -1281, 570, 710, -1434, 4, -375, -78, 136, 556, 
1273, 1229, -43, -1251, 658, 592, -1410, 63, -561, -283, -73, 366, 
1273, 985, -287, -1129, 780, 348, -1317, 195, -795, -614, -424, 53, 
1244, 658, -585, -951, 915, 36, -1220, 317, -1073, -1015, -849, -341, 
1141, 424, -717, -783, 929, -146, -1171, 322, -1337, -1288, -1151, -624, 
990, 336, -653, -663, 822, -158, -1137, 224, -1532, -1424, -1273, -736, 
839, 287, -551, -563, 695, -131, -1102, -19, -1712, -1566, -1429, -878, 
673, 214, -458, -444, 566, -122, -1078, -346, -1922, -1776, -1649, -1102, 
517, 146, -370, -331, 444, -112, -1073, -624, -2049, -1903, -1766, -1215, 
390, 117, -273, -253, 331, -78, -1054, -785, -2025, -1893, -1776, -1220, 
322, 126, -195, -224, 258, -34, -1015, -785, -1873, -1849, -1751, -1215, 
273, 156, -117, -214, 195, 19, -966, -702, -1678, -1756, -1688, -1180, 
200, 204, 4, -202, 97, 104, -917, -644, -1493, -1634, -1605, -1122, 
146, 258, 112, -202, 17, 185, -897, -614, -1351, -1517, -1512, -1049, 
122, 322, 200, -222, -39, 261, -902, -600, -1215, -1381, -1400, -951, 
63, 395, 331, -229, -134, 363, -883, -580, -1058, -1229, -1268, -839, 
-24, 478, 502, -226, -263, 490, -839, -546, -922, -1112, -1171, -771, 
-82, 551, 634, -234, -358, 592, -785, -497, -834, -1054, -1127, -736, 
-122, 575, 697, -226, -409, 636, -736, -453, -756, -1015, -1093, -712, 
-180, 585, 766, -202, -473, 675, -697, -429, -678, -966, -1063, -692, 
-229, 614, 844, -192, -536, 729, -663, -409, -624, -927, -1024, -658, 
-244, 673, 917, -214, -580, 795, -673, -414, -590, -893, -995, -624, 
-248, 707, 956, -229, -602, 832, -688, -424, -585, -878, -980, -605, 
-253, 707, 961, -226, -607, 834, -683, -414, -570, -863, -966, -595, 
-253, 683, 936, -214, -595, 810, -683, -405, -556, -844, -946, -575, 
-258, 663, 922, -202, -590, 793, -678, -395, -541, -834, -936, -580, 
-263, 683, 946, -209, -605, 814, -658, -375, -527, -824, -932, -580, 
-273, 717, 990, -222, -631, 854, -639, -356, -502, -814, -912, -570, 
-258, 717, 976, -229, -617, 846, -653, -366, -497, -824, -922, -580, 
-244, 688, 932, -222, -588, 810, -658, -380, -507, -839, -946, -580, 
-273, 692, 966, -209, -619, 829, -649, -385, -497, -834, -941, -566, 
-278, 712, 990, -217, -634, 851, -658, -400, -497, -819, -936, -566, 
-283, 722, 1005, -219, -644, 863, -663, -400, -502, -810, -932, -566, 
-292, 727, 1019, -217, -656, 873, -663, -400, -507, -805, -927, -566, 
-292, 736, 1029, -222, -661, 883, -663, -400, -507, -800, -927, -570, 
-292, 727, 1019, -217, -656, 873, -658, -395, -502, -790, -917, -561, 
-287, 722, 1010, -217, -649, 866, -658, -390, -502, -800, -917, -556, 
-287, 722, 1010, -217, -649, 866, -649, -385, -492, -790, -907, -556, 
-287, 736, 1024, -224, -656, 880, -649, -385, -488, -785, -902, -551, 
-287, 746, 1034, -229, -661, 890, -649, -375, -473, -780, -902, -536, 
-292, 751, 1044, -229, -668, 897, -649, -380, -468, -775, -897, -536, 
-297, 756, 1054, -229, -675, 905, -653, -380, -463, -775, -897, -531, 
-297, 771, 1068, -236, -683, 919, -653, -380, -463, -775, -893, -527, 
-292, 756, 1049, -231, -671, 902, -658, -380, -473, -775, -902, -536, 
-292, 751, 1044, -229, -668, 897, -658, -380, -478, -775, -907, -541, 
-292, 746, 1039, -226, -666, 893, -663, -375, -483, -775, -907, -541, 
-278, 741, 1019, -231, -649, 880, -663, -375, -488, -771, -907, -541, 
-283, 741, 1024, -229, -653, 883, -653, -375, -473, -780, -907, -546, 
-292, 741, 1034, -224, -663, 888, -653, -375, -468, -780, -897, -546, 
-307, 751, 1058, -222, -683, 905, -653, -370, -458, -775, -893, -531, 
-312, 751, 1063, -219, -688, 907, -653, -370, -458, -771, -888, -531, 
-302, 746, 1049, -222, -675, 897, -663, -375, -458, -780, -897, -541, 
-302, 746, 1049, -222, -675, 897, -663, -375, -458, -780, -897, -541, 
-302, 746, 1049, -222, -675, 897, -668, -375, -458, -775, -897, -541, 
-297, 751, 1049, -226, -673, 900, -668, -370, -458, -775, -897, -536, 
-292, 751, 1044, -229, -668, 897, -668, -380, -468, -775, -888, -527, 
-283, 756, 1039, -236, -661, 897, -668, -380, -463, -775, -888, -531, 
-283, 766, 1049, -241, -666, 907, -668, -380, -453, -775, -883, -531, 
-287, 766, 1054, -239, -671, 910, -668, -375, -448, -771, -883, -527, 
-292, 775, 1068, -241, -680, 922, -673, -366, -434, -761, -878, -522, 
-292, 771, 1063, -239, -678, 917, -673, -366, -429, -761, -878, -522, 
-292, 771, 1063, -239, -678, 917, -673, -366, -429, -756, -873, -517, 
-292, 771, 1063, -239, -678, 917, -668, -361, -424, -751, -863, -512, 
-307, 761, 1068, -226, -688, 915, -663, -351, -419, -751, -863, -497, 
-302, 771, 1073, -234, -688, 922, -658, -351, -414, -741, -858, -497, 
-307, 766, 1073, -229, -690, 919, -653, -346, -409, -741, -858, -497, 
-317, 761, 1078, -222, -697, 919, -649, -346, -409, -741, -858, -492, 
-302, 761, 1063, -229, -683, 912, -653, -351, -414, -741, -858, -497, 
-283, 771, 1054, -244, -668, 912, -663, -356, -409, -741, -858, -497, 
-278, 775, 1054, -248, -666, 915, -668, -356, -400, -741, -858, -502, 
-283, 775, 1058, -246, -671, 917, -668, -351, -390, -727, -854, -497, 
-302, 775, 1078, -236, -690, 927, -668, -336, -370, -712, -844, -483, 
-302, 780, 1083, -239, -692, 932, -668, -336, -366, -702, -829, -478, 
-297, 795, 1093, -248, -695, 944, -673, -336, -361, -697, -819, -473, 
-283, 805, 1088, -261, -685, 946, -678, -336, -356, -697, -814, -473, 
-283, 805, 1088, -261, -685, 946, -668, -326, -361, -697, -810, -458, 
-287, 810, 1098, -261, -692, 954, -668, -326, -351, -683, -805, -453, 
-287, 819, 1107, -265, -697, 963, -668, -322, -341, -678, -800, -448, 
-278, 824, 1102, -273, -690, 963, -668, -312, -331, -673, -795, -448, 
-273, 834, 1107, -280, -690, 971, -683, -312, -317, -668, -790, -453, 
-263, 839, 1102, -287, -683, 971, -683, -302, -302, -663, -790, -448, 
-244, 844, 1088, -300, -666, 966, -683, -302, -297, -658, -775, -444, 
-239, 849, 1088, -305, -663, 968, -683, -292, -283, -644, -766, -429, 
-239, 849, 1088, -305, -663, 968, -673, -283, -263, -639, -756, -424, 
-239, 863, 1102, -312, -671, 983, -673, -283, -253, -629, -746, -414, 
-234, 868, 1102, -317, -668, 985, -673, -283, -248, -619, -736, -414, 
-234, 868, 1102, -317, -668, 985, -678, -278, -234, -610, -736, -409, 
-244, 863, 1107, -309, -675, 985, -688, -268, -224, -600, -722, -385, 
-229, 878, 1107, -324, -668, 993, -688, -263, -209, -585, -712, -380, 
-229, 888, 1117, -329, -673, 1002, -688, -258, -195, -570, -702, -366, 
-229, 888, 1117, -329, -673, 1002, -688, -248, -185, -556, -692, -356, 
-239, 902, 1141, -331, -690, 1022, -683, -234, -161, -541, -673, -346, 
-229, 922, 1151, -346, -690, 1037, -688, -229, -146, -527, -663, -341, 
-229, 936, 1166, -353, -697, 1051, -692, -229, -122, -517, -649, -336, 
-224, 941, 1166, -358, -695, 1054, -692, -224, -112, -507, -639, -331, 
-209, 941, 1151, -366, -680, 1046, -702, -224, -112, -512, -639, -336, 
-190, 951, 1141, -380, -666, 1046, -707, -229, -112, -507, -639, -336, 
-195, 951, 1146, -378, -671, 1049, -707, -229, -107, -502, -634, -326, 
-200, 956, 1156, -378, -678, 1056, -707, -234, -97, -497, -634, -322, 
-180, 961, 1141, -390, -661, 1051, -722, -224, -92, -488, -629, -317, 
-170, 961, 1132, -395, -651, 1046, -727, -224, -87, -488, -624, -317, 
-170, 961, 1132, -395, -651, 1046, -727, -224, -87, -488, -624, -312, 
-165, 971, 1137, -402, -651, 1054, -732, -224, -82, -483, -624, -307, 
-180, 990, 1171, -405, -675, 1080, -722, -209, -73, -473, -610, -292, 
-200, 990, 1190, -395, -695, 1090, -722, -209, -68, -463, -610, -292, 
-195, 990, 1185, -397, -690, 1088, -722, -214, -63, -458, -610, -292, 
-195, 990, 1185, -397, -690, 1088, -727, -214, -58, -453, -610, -292, 
-180, 990, 1171, -405, -675, 1080, -717, -214, -68, -468, -614, -287, 
-175, 990, 1166, -407, -671, 1078, -717, -224, -73, -478, -619, -292, 
-161, 990, 1151, -414, -656, 1071, -722, -224, -73, -483, -619, -292, 
-156, 990, 1146, -417, -651, 1068, -722, -224, -73, -488, -614, -292, 
-161, 1000, 1161, -419, -661, 1080, -722, -234, -73, -488, -624, -297, 
-165, 1010, 1176, -422, -671, 1093, -722, -234, -73, -483, -624, -292, 
-170, 1019, 1190, -424, -680, 1105, -722, -234, -68, -478, -614, -292, 
-170, 1034, 1205, -431, -688, 1119, -722, -234, -63, -478, -614, -292, 
-151, 1049, 1200, -448, -675, 1124, -722, -244, -68, -478, -614, -283, 
-146, 1049, 1195, -451, -671, 1122, -722, -244, -68, -468, -605, -283, 
-141, 1044, 1185, -451, -663, 1115, -717, -244, -63, -468, -605, -273, 
-146, 1044, 1190, -448, -668, 1117, -717, -244, -58, -468, -605, -273, 
-122, 1054, 1176, -466, -649, 1115, -727, -258, -63, -478, -610, -278, 
-117, 1054, 1171, -468, -644, 1112, -727, -258, -68, -478, -605, -278, 
-117, 1054, 1171, -468, -644, 1112, -727, -258, -78, -478, -605, -278, 
-117, 1068, 1185, -475, -651, 1127, -727, -258, -82, -483, -605, -278, 
-136, 1068, 1205, -466, -671, 1137, -717, -248, -87, -473, -600, -268, 
-141, 1063, 1205, -461, -673, 1134, -717, -253, -92, -478, -600, -268, 
-136, 1049, 1185, -456, -661, 1117, -732, -258, -102, -488, -595, -273, 
-141, 1044, 1185, -451, -663, 1115, -732, -268, -107, -488, -590, -273, 
-136, 1034, 1171, -448, -653, 1102, -746, -283, -102, -488, -600, -283, 
-122, 1034, 1156, -456, -639, 1095, -766, -297, -117, -492, -614, -283, 
-112, 1029, 1141, -458, -627, 1085, -771, -312, -131, -497, -619, -287, 
-107, 1019, 1127, -456, -617, 1073, -780, -312, -136, -502, -629, -287, 
-112, 1029, 1141, -458, -627, 1085, -795, -317, -165, -517, -649, -302, 
-112, 1024, 1137, -456, -624, 1080, -805, -331, -200, -546, -668, -326, 
-117, 1010, 1127, -446, -622, 1068, -814, -336, -229, -570, -678, -341, 
-126, 1000, 1127, -436, -627, 1063, -814, -346, -263, -595, -697, -346, 
-117, 971, 1088, -427, -602, 1029, -819, -351, -297, -614, -702, -366, 
-112, 951, 1063, -419, -588, 1007, -810, -356, -322, -629, -717, -380, 
-102, 936, 1039, -417, -570, 988, -810, -361, -356, -653, -732, -390, 
-87, 927, 1015, -419, -551, 971, -810, -375, -390, -668, -756, -405, 
-102, 922, 1024, -409, -563, 973, -805, -380, -405, -678, -775, -405, 
-112, 912, 1024, -400, -568, 968, -805, -390, -429, -697, -790, -414, 
-117, 902, 1019, -392, -568, 961, -805, -400, -453, -717, -800, -434, 
-122, 907, 1029, -392, -575, 968, -800, -414, -468, -736, -824, -448, 
-136, 883, 1019, -373, -578, 951, -800, -409, -468, -746, -834, -463, 
-146, 873, 1019, -363, -583, 946, -795, -419, -483, -751, -839, -473, 
-151, 863, 1015, -356, -583, 939, -795, -419, -488, -761, -849, -473, 
-161, 854, 1015, -346, -588, 934, -785, -414, -497, -771, -858, -478, 
-161, 839, 1000, -339, -580, 919, -771, -409, -512, -780, -873, -492, 
-170, 839, 1010, -334, -590, 924, -761, -409, -512, -790, -878, -497, 
-175, 839, 1015, -331, -595, 927, -756, -405, -512, -795, -878, -497, 
-185, 839, 1024, -326, -605, 932, -751, -405, -507, -790, -878, -497, 
-195, 849, 1044, -326, -619, 946, -756, -414, -507, -785, -878, -497, 
-200, 858, 1058, -329, -629, 958, -756, -414, -502, -785, -873, -497, 
-204, 858, 1063, -326, -634, 961, -756, -414, -502, -790, -873, -497, 
-204, 849, 1054, -322, -629, 951, -761, -419, -512, -795, -883, -502, 
-200, 834, 1034, -317, -617, 934, -751, -419, -522, -805, -888, -512, 
-195, 829, 1024, -317, -610, 927, -751, -419, -522, -805, -888, -517, 
-190, 819, 1010, -314, -600, 915, -751, -419, -531, -810, -897, -522, 
-180, 819, 1000, -319, -590, 910, -746, -419, -531, -814, -902, -527, 
-170, 814, 985, -322, -578, 900, -746, -409, -527, -829, -917, -531, 
-170, 810, 980, -319, -575, 895, -746, -405, -536, -839, -927, -551, 
-170, 810, 980, -319, -575, 895, -741, -405, -536, -849, -927, -551, 
-175, 814, 990, -319, -583, 902, -741, -405, -531, -849, -927, -546, 
-185, 810, 995, -312, -590, 902, -727, -400, -527, -834, -917, -546, 
-190, 810, 1000, -309, -595, 905, -722, -390, -527, -824, -917, -546, 
-204, 810, 1015, -302, -610, 912, -717, -390, -517, -824, -917, -541, 
-209, 810, 1019, -300, -614, 915, -717, -385, -507, -814, -912, -536, 
-209, 810, 1019, -300, -614, 915, -717, -380, -492, -805, -902, -527, 
-219, 810, 1029, -295, -624, 919, -707, -375, -492, -805, -902, -527, 
-224, 810, 1034, -292, -629, 922, -702, -370, -492, -805, -902, -527, 
-229, 795, 1024, -283, -627, 910, -697, -366, -492, -810, -907, -531, 
-244, 800, 1044, -278, -644, 922, -688, -366, -502, -829, -917, -541, 
-248, 800, 1049, -275, -649, 924, -683, -366, -507, -834, -927, -551, 
-253, 805, 1058, -275, -656, 932, -678, -375, -512, -844, -936, -561, 
-253, 805, 1058, -275, -656, 932, -678, -385, -517, -858, -946, -570, 
-268, 790, 1058, -261, -663, 924, -673, -385, -527, -863, -941, -570, 
-273, 785, 1058, -256, -666, 922, -673, -390, -527, -868, -946, -570, 
-273, 785, 1058, -256, -666, 922, -673, -390, -527, -868, -946, -575, 
-263, 785, 1049, -261, -656, 917, -673, -395, -527, -873, -951, -575, 
-253, 780, 1034, -263, -644, 907, -688, -405, -517, -873, -951, -585, 
-253, 780, 1034, -263, -644, 907, -688, -400, -517, -873, -951, -580, 
-253, 785, 1039, -265, -646, 912, -683, -395, -517, -873, -946, -580, 
-253, 790, 1044, -268, -649, 917, -683, -395, -517, -868, -941, -580, 
-302, 800, 1102, -248, -702, 951, -668, -380, -502, -858, -932, -575, 
-292, 790, 1083, -248, -688, 936, -668, -390, -497, -844, -932, -566, 
-283, 795, 1078, -256, -680, 936, -668, -390, -497, -844, -936, -566, 
-302, 800, 1102, -248, -702, 951, -663, -380, -497, -849, -927, -556, 
-292, 795, 1088, -251, -690, 941, -673, -390, -507, -858, -936, -566, 
-292, 790, 1083, -248, -688, 936, -673, -390, -507, -858, -936, -566, 
-292, 785, 1078, -246, -685, 932, -673, -390, -507, -858, -936, -566, 
-292, 780, 1073, -244, -683, 927, -673, -390, -507, -858, -936, -566, 
-312, 790, 1102, -239, -707, 946, -673, -400, -497, -858, -936, -575, 
-312, 790, 1102, -239, -707, 946, -678, -395, -497, -858, -941, -575, 
-302, 795, 1098, -246, -700, 946, -678, -395, -497, -858, -941, -575, 
-297, 795, 1093, -248, -695, 944, -673, -395, -497, -858, -941, -575, 
-283, 800, 1083, -258, -683, 941, -663, -390, -492, -839, -932, -570, 
-268, 805, 1073, -268, -671, 939, -663, -385, -492, -839, -932, -566, 
-263, 810, 1073, -273, -668, 941, -663, -380, -492, -839, -922, -561, 
-268, 814, 1083, -273, -675, 949, -663, -370, -492, -839, -922, -556, 
-278, 805, 1083, -263, -680, 944, -663, -370, -488, -839, -927, -556, 
-283, 805, 1088, -261, -685, 946, -663, -370, -488, -834, -927, -556, 
-297, 805, 1102, -253, -700, 954, -663, -370, -492, -834, -922, -556, 
-292, 805, 1098, -256, -695, 951, -663, -370, -492, -834, -922, -556, 
-292, 805, 1098, -256, -695, 951, -663, -370, -492, -824, -922, -546, 
-287, 805, 1093, -258, -690, 949, -663, -370, -492, -824, -922, -551, 
-287, 805, 1093, -258, -690, 949, -663, -370, -492, -824, -922, -551, 
-287, 805, 1093, -258, -690, 949, -663, -370, -488, -824, -922, -551, 
-287, 795, 1083, -253, -685, 939, -663, -375, -502, -834, -932, -551, 
-287, 795, 1083, -253, -685, 939, -663, -380, -507, -834, -936, -556, 
-283, 795, 1078, -256, -680, 936, -663, -385, -517, -834, -936, -561, 
-283, 795, 1078, -256, -680, 936, -663, -390, -522, -834, -932, -566, 
-292, 800, 1093, -253, -692, 946, -673, -390, -522, -844, -941, -575, 
-292, 800, 1093, -253, -692, 946, -673, -390, -522, -844, -941, -575, 
-292, 805, 1098, -256, -695, 951, -673, -390, -522, -844, -946, -575, 
-292, 810, 1102, -258, -697, 956, -673, -390, -522, -844, -946, -575, 
-283, 800, 1083, -258, -683, 941, -673, -390, -531, -854, -951, -566, 
-283, 805, 1088, -261, -685, 946, -673, -390, -531, -854, -951, -570, 
-283, 805, 1088, -261, -685, 946, -673, -390, -536, -854, -956, -575, 
-283, 800, 1083, -258, -683, 941, -673, -390, -541, -858, -956, -575, 
-292, 800, 1093, -253, -692, 946, -663, -380, -531, -849, -951, -566, 
-297, 795, 1093, -248, -695, 944, -663, -380, -531, -844, -946, -566, 
-302, 785, 1088, -241, -695, 936, -663, -380, -531, -839, -946, -566, 
-307, 785, 1093, -239, -700, 939, -663, -380, -531, -834, -941, -570, 
-317, 780, 1098, -231, -707, 939, -668, -385, -527, -839, -932, -575, 
-317, 780, 1098, -231, -707, 939, -668, -385, -531, -839, -936, -575, 
-317, 780, 1098, -231, -707, 939, -668, -385, -531, -839, -941, -575, 
-317, 780, 1098, -231, -707, 939, -663, -380, -531, -839, -941, -575, 
-331, 775, 1107, -222, -719, 941, -663, -380, -531, -839, -946, -570, 
-336, 775, 1112, -219, -724, 944, -663, -380, -531, -834, -941, -570, 
-336, 775, 1112, -219, -724, 944, -663, -380, -531, -834, -941, -570, 
-322, 775, 1098, -226, -710, 936, -663, -390, -536, -844, -951, -580, 
-317, 785, 1102, -234, -710, 944, -668, -395, -556, -863, -961, -590, 
-317, 790, 1107, -236, -712, 949, -673, -400, -541, -854, -961, -590, 
-312, 795, 1107, -241, -710, 951, -678, -405, -541, -854, -961, -590, 
-307, 800, 1107, -246, -707, 954, -688, -414, -551, -858, -961, -590, 
-302, 810, 1112, -253, -707, 961, -683, -409, -546, -844, -951, -585, 
-302, 810, 1112, -253, -707, 961, -678, -400, -536, -839, -946, -575, 
-297, 810, 1107, -256, -702, 958, -673, -395, -531, -834, -941, -570, 
-297, 810, 1107, -256, -702, 958, -668, -395, -527, -829, -936, -570, 
-297, 800, 1098, -251, -697, 949, -673, -405, -541, -839, -946, -580, 
-283, 800, 1083, -258, -683, 941, -673, -405, -541, -844, -946, -580, 
-283, 800, 1083, -258, -683, 941, -673, -405, -541, -844, -946, -580, 
-307, 795, 1102, -244, -705, 949, -668, -400, -541, -839, -946, -575, 
-322, 805, 1127, -241, -724, 966, -678, -390, -536, -839, -946, -570, 
-322, 810, 1132, -244, -727, 971, -678, -390, -531, -839, -946, -575, 
-322, 810, 1132, -244, -727, 971, -678, -395, -527, -839, -946, -570, 
-322, 810, 1132, -244, -727, 971, -678, -395, -527, -839, -946, -566, 
-312, 800, 1112, -244, -712, 956, -678, -400, -536, -849, -946, -570, 
-326, 795, 1122, -234, -724, 958, -678, -400, -536, -854, -946, -575, 
-312, 795, 1107, -241, -710, 951, -678, -400, -536, -854, -946, -580, 
-312, 795, 1107, -241, -710, 951, -683, -405, -531, -858, -951, -585, 
-307, 800, 1107, -246, -707, 954, -688, -405, -541, -858, -951, -575, 
-307, 805, 1112, -248, -710, 958, -688, -405, -546, -858, -956, -575, 
-307, 810, 1117, -251, -712, 963, -688, -405, -546, -858, -956, -575, 
-312, 814, 1127, -251, -719, 971, -688, -400, -546, -858, -956, -575, 
-322, 805, 1127, -241, -724, 966, -683, -409, -546, -844, -951, -580, 
-322, 800, 1122, -239, -722, 961, -683, -409, -546, -844, -951, -580, 
-322, 800, 1122, -239, -722, 961, -683, -409, -546, -844, -951, -580, 
-317, 800, 1117, -241, -717, 958, -688, -414, -546, -844, -951, -580, 
-307, 810, 1117, -251, -712, 963, -678, -405, -546, -839, -941, -580, 
-307, 805, 1112, -248, -710, 958, -678, -405, -546, -849, -941, -580, 
-307, 805, 1112, -248, -710, 958, -678, -400, -546, -849, -941, -580, 
-302, 805, 1107, -251, -705, 956, -678, -400, -546, -844, -941, -580, 
-302, 810, 1112, -253, -707, 961, -688, -395, -536, -834, -941, -580, 
-302, 814, 1117, -256, -710, 966, -688, -395, -536, -834, -941, -580, 
-302, 814, 1117, -256, -710, 966, -688, -395, -536, -834, -941, -580, 
-302, 819, 1122, -258, -712, 971, -692, -395, -536, -834, -941, -580, 
-297, 810, 1107, -256, -702, 958, -702, -414, -546, -849, -956, -585, 
-292, 814, 1107, -261, -700, 961, -702, -419, -551, -854, -961, -590, 
-287, 814, 1102, -263, -695, 958, -707, -424, -556, -858, -966, -595, 
-278, 814, 1093, -268, -685, 954, -707, -429, -561, -863, -971, -600, 
-287, 819, 1107, -265, -697, 963, -707, -419, -556, -863, -966, -590, 
-287, 824, 1112, -268, -700, 968, -707, -419, -556, -858, -966, -590, 
-287, 824, 1112, -268, -700, 968, -707, -419, -556, -858, -966, -590, 
-287, 819, 1107, -265, -697, 963, -707, -419, -556, -858, -966, -590, 
-287, 800, 1088, -256, -688, 944, -702, -414, -546, -849, -966, -585, 
-322, 810, 1132, -244, -727, 971, -692, -405, -536, -834, -951, -575, 
-317, 829, 1146, -256, -732, 988, -707, -409, -536, -829, -951, -585, 
-312, 839, 1151, -263, -732, 995, -707, -419, -527, -814, -951, -575, 
-361, 844, 1205, -241, -783, 1024, -697, -424, -502, -780, -917, -546, 
-385, 888, 1273, -251, -829, 1080, -697, -448, -483, -746, -873, -522, 
-356, 956, 1312, -300, -834, 1134, -722, -492, -473, -722, -854, -507, 
-326, 1000, 1327, -336, -827, 1163, -741, -512, -468, -707, -839, -488, 
-346, 990, 1337, -322, -841, 1163, -736, -512, -458, -688, -814, -468, 
-380, 990, 1371, -305, -875, 1180, -717, -497, -424, -629, -761, -424, 
-356, 1024, 1381, -334, -868, 1202, -727, -488, -370, -556, -683, -336, 
-278, 1102, 1381, -412, -829, 1241, -775, -512, -336, -488, -595, -239, 
-185, 1161, 1346, -488, -766, 1254, -839, -507, -307, -400, -488, -151, 
-53, 1210, 1263, -578, -658, 1237, -893, -463, -234, -273, -346, -14, 
126, 1293, 1166, -710, -519, 1229, -961, -361, -92, -87, -131, 190, 
258, 1371, 1112, -814, -427, 1241, -1024, -224, 29, 73, 87, 409, 
458, 1429, 971, -944, -256, 1200, -1127, -151, 29, 146, 239, 561, 
751, 1464, 712, -1107, 19, 1088, -1278, -151, -87, 146, 302, 644, 
936, 1488, 551, -1212, 192, 1019, -1390, -146, -214, 122, 331, 707, 
1024, 1478, 453, -1251, 285, 966, -1454, -126, -322, 39, 283, 688, 
1117, 1424, 307, -1271, 405, 866, -1473, -122, -434, -117, 126, 566, 
1156, 1288, 131, -1222, 512, 710, -1439, -63, -590, -351, -122, 356, 
1137, 995, -141, -1066, 639, 427, -1307, 87, -785, -692, -492, 4, 
1088, 678, -409, -883, 749, 134, -1180, 219, -1024, -1073, -907, -380, 
1044, 473, -570, -758, 807, -48, -1132, 195, -1288, -1337, -1190, -653, 
951, 405, -546, -678, 749, -70, -1137, 48, -1532, -1493, -1361, -814, 
722, 356, -366, -539, 544, -4, -1093, -165, -1722, -1644, -1507, -966, 
468, 292, -175, -380, 322, 58, -1029, -405, -1893, -1805, -1688, -1141, 
341, 244, -97, -292, 219, 73, -1015, -663, -2020, -1912, -1805, -1244, 
244, 224, -19, -234, 131, 102, -1034, -844, -2034, -1922, -1825, -1259, 
146, 234, 87, -190, 29, 161, -1024, -873, -1912, -1869, -1781, -1234, 
97, 253, 156, -175, -29, 204, -985, -790, -1717, -1766, -1717, -1190, 
34, 273, 239, -153, -102, 256, -956, -712, -1532, -1664, -1634, -1141, 
-19, 326, 346, -153, -183, 336, -936, -673, -1381, -1537, -1542, -1068, 
-14, 439, 453, -212, -234, 446, -912, -639, -1234, -1390, -1410, -951, 
-53, 541, 595, -244, -324, 568, -893, -610, -1088, -1259, -1288, -858, 
-112, 624, 736, -256, -424, 680, -878, -575, -971, -1171, -1210, -800, 
-122, 707, 829, -292, -475, 768, -844, -536, -883, -1112, -1176, -775, 
-170, 712, 883, -270, -527, 797, -805, -512, -814, -1073, -1151, -761, 
-248, 702, 951, -226, -600, 827, -746, -468, -736, -1024, -1112, -732, 
-278, 732, 1010, -226, -644, 871, -712, -429, -673, -976, -1073, -697, 
-283, 771, 1054, -244, -668, 912, -712, -434, -649, -951, -1054, -673, 
-307, 785, 1093, -239, -700, 939, -727, -444, -624, -927, -1029, -653, 
-331, 785, 1117, -226, -724, 951, -712, -424, -600, -883, -995, -624, 
-331, 780, 1112, -224, -722, 946, -702, -414, -575, -873, -985, -614, 
-346, 751, 1098, -202, -722, 924, -707, -424, -590, -893, -995, -639, 
-331, 761, 1093, -214, -712, 927, -727, -424, -605, -902, -1010, -658, 
-302, 805, 1107, -251, -705, 956, -717, -414, -590, -893, -1000, -649, 
-326, 805, 1132, -239, -729, 968, -702, -405, -566, -883, -990, -639, 
-351, 795, 1146, -222, -749, 971, -688, -400, -546, -858, -976, -619, 
-331, 810, 1141, -239, -736, 976, -688, -414, -546, -854, -971, -614, 
-331, 800, 1132, -234, -732, 966, -692, -424, -556, -858, -976, -624, 
-331, 800, 1132, -234, -732, 966, -702, -429, -561, -858, -980, -624, 
-336, 795, 1132, -229, -734, 963, -707, -434, -566, -863, -985, -624, 
-331, 795, 1127, -231, -729, 961, -712, -439, -566, -868, -995, -629, 
-322, 800, 1122, -239, -722, 961, -707, -429, -551, -858, -995, -629, 
-317, 800, 1117, -241, -717, 958, -707, -419, -551, -868, -995, -624, 
-317, 805, 1122, -244, -719, 963, -697, -409, -541, -858, -985, -624, 
-317, 824, 1141, -253, -729, 983, -697, -405, -536, -854, -980, -619, 
-331, 819, 1151, -244, -741, 985, -707, -395, -541, -844, -971, -605, 
-341, 819, 1161, -239, -751, 990, -707, -400, -536, -834, -966, -605, 
-351, 819, 1171, -234, -761, 995, -712, -400, -531, -829, -966, -600, 
-356, 829, 1185, -236, -771, 1007, -712, -400, -531, -824, -961, -595, 
-361, 805, 1166, -222, -763, 985, -717, -405, -536, -834, -971, -605, 
-361, 800, 1161, -219, -761, 980, -717, -409, -536, -834, -976, -610, 
-361, 795, 1156, -217, -758, 976, -722, -409, -536, -834, -976, -610, 
-346, 790, 1137, -222, -741, 963, -722, -414, -536, -829, -976, -610, 
-336, 805, 1141, -234, -739, 973, -712, -414, -531, -819, -966, -614, 
-341, 810, 1151, -234, -746, 980, -712, -414, -527, -819, -956, -614, 
-351, 824, 1176, -236, -763, 1000, -712, -409, -517, -814, -951, -600, 
-351, 829, 1180, -239, -766, 1005, -712, -409, -517, -810, -946, -600, 
-351, 834, 1185, -241, -768, 1010, -712, -414, -517, -810, -956, -590, 
-351, 834, 1185, -241, -768, 1010, -712, -414, -517, -810, -956, -590, 
-351, 834, 1185, -241, -768, 1010, -717, -414, -517, -805, -956, -590, 
-346, 839, 1185, -246, -766, 1012, -717, -409, -517, -805, -956, -585, 
-346, 829, 1176, -241, -761, 1002, -717, -409, -517, -805, -946, -585, 
-341, 834, 1176, -246, -758, 1005, -717, -409, -512, -805, -946, -590, 
-346, 844, 1190, -248, -768, 1017, -717, -409, -502, -805, -941, -590, 
-356, 844, 1200, -244, -778, 1022, -717, -405, -497, -800, -941, -585, 
-351, 849, 1200, -248, -775, 1024, -722, -405, -492, -795, -927, -580, 
-341, 849, 1190, -253, -766, 1019, -722, -405, -488, -790, -927, -580, 
-331, 854, 1185, -261, -758, 1019, -722, -405, -488, -780, -922, -575, 
-322, 858, 1180, -268, -751, 1019, -717, -400, -483, -771, -912, -570, 
-341, 858, 1200, -258, -771, 1029, -717, -390, -468, -771, -912, -566, 
-341, 868, 1210, -263, -775, 1039, -717, -390, -463, -761, -907, -566, 
-351, 863, 1215, -256, -783, 1039, -717, -385, -458, -761, -907, -566, 
-366, 858, 1224, -246, -795, 1041, -717, -385, -458, -761, -907, -561, 
-351, 849, 1200, -248, -775, 1024, -727, -395, -458, -756, -902, -566, 
-331, 858, 1190, -263, -761, 1024, -732, -395, -458, -761, -907, -566, 
-326, 863, 1190, -268, -758, 1027, -732, -390, -453, -766, -912, -570, 
-331, 863, 1195, -265, -763, 1029, -727, -380, -448, -756, -912, -566, 
-331, 868, 1200, -268, -766, 1034, -727, -375, -429, -751, -897, -570, 
-331, 868, 1200, -268, -766, 1034, -727, -375, -424, -741, -888, -566, 
-326, 878, 1205, -275, -766, 1041, -732, -375, -419, -736, -883, -561, 
-312, 883, 1195, -285, -753, 1039, -736, -375, -414, -736, -883, -561, 
-317, 893, 1210, -287, -763, 1051, -727, -366, -400, -727, -868, -546, 
-326, 897, 1224, -285, -775, 1061, -727, -366, -390, -712, -863, -541, 
-331, 907, 1239, -287, -785, 1073, -727, -361, -380, -707, -858, -536, 
-326, 912, 1239, -292, -783, 1076, -727, -351, -370, -702, -854, -536, 
-322, 902, 1224, -290, -773, 1063, -736, -361, -375, -697, -858, -531, 
-312, 907, 1220, -297, -766, 1063, -741, -351, -361, -692, -858, -527, 
-292, 912, 1205, -309, -749, 1058, -746, -351, -356, -688, -844, -522, 
-287, 917, 1205, -314, -746, 1061, -751, -341, -341, -673, -834, -507, 
-297, 917, 1215, -309, -756, 1066, -741, -331, -322, -658, -824, -492, 
-297, 932, 1229, -317, -763, 1080, -741, -331, -312, -649, -814, -483, 
-292, 936, 1229, -322, -761, 1083, -741, -331, -307, -639, -805, -483, 
-292, 936, 1229, -322, -761, 1083, -746, -326, -292, -629, -805, -478, 
-297, 932, 1229, -317, -763, 1080, -746, -317, -273, -629, -800, -463, 
-287, 946, 1234, -329, -761, 1090, -746, -312, -258, -614, -790, -458, 
-292, 956, 1249, -331, -771, 1102, -746, -307, -244, -600, -780, -444, 
-297, 956, 1254, -329, -775, 1105, -746, -297, -234, -585, -771, -434, 
-283, 961, 1244, -339, -763, 1102, -761, -302, -234, -575, -746, -434, 
-268, 980, 1249, -356, -758, 1115, -766, -297, -224, -566, -741, -429, 
-263, 995, 1259, -366, -761, 1127, -771, -297, -204, -561, -732, -424, 
-253, 1000, 1254, -373, -753, 1127, -771, -292, -200, -556, -727, -419, 
-248, 1010, 1259, -380, -753, 1134, -761, -278, -185, -546, -732, -414, 
-239, 1019, 1259, -390, -749, 1139, -766, -278, -180, -536, -727, -414, 
-253, 1019, 1273, -383, -763, 1146, -766, -273, -170, -527, -717, -405, 
-268, 1024, 1293, -378, -780, 1159, -766, -273, -156, -517, -712, -400, 
-248, 1029, 1278, -390, -763, 1154, -780, -273, -151, -507, -702, -385, 
-239, 1029, 1268, -395, -753, 1149, -785, -273, -146, -507, -692, -385, 
-239, 1029, 1268, -395, -753, 1149, -785, -273, -146, -507, -688, -380, 
-234, 1039, 1273, -402, -753, 1156, -790, -273, -141, -502, -683, -375, 
-234, 1034, 1268, -400, -751, 1151, -790, -278, -146, -502, -688, -375, 
-248, 1029, 1278, -390, -763, 1154, -790, -278, -146, -502, -688, -380, 
-239, 1024, 1263, -392, -751, 1144, -790, -283, -146, -507, -688, -385, 
-234, 1019, 1254, -392, -744, 1137, -795, -283, -146, -512, -688, -390, 
-234, 1029, 1263, -397, -749, 1146, -795, -283, -136, -502, -692, -385, 
-234, 1029, 1263, -397, -749, 1146, -795, -292, -141, -507, -697, -390, 
-224, 1029, 1254, -402, -739, 1141, -800, -292, -141, -507, -697, -390, 
-224, 1029, 1254, -402, -739, 1141, -800, -292, -141, -507, -692, -390, 
-219, 1044, 1263, -412, -741, 1154, -795, -287, -136, -497, -683, -375, 
-214, 1058, 1273, -422, -744, 1166, -790, -283, -131, -492, -683, -370, 
-209, 1073, 1283, -431, -746, 1178, -785, -278, -122, -488, -673, -370, 
-200, 1093, 1293, -446, -746, 1193, -780, -273, -112, -488, -673, -370, 
-161, 1112, 1273, -475, -717, 1193, -795, -287, -122, -497, -678, -366, 
-146, 1117, 1263, -485, -705, 1190, -800, -292, -126, -488, -673, -370, 
-131, 1117, 1249, -492, -690, 1183, -800, -297, -126, -488, -678, -366, 
-126, 1122, 1249, -497, -688, 1185, -805, -302, -126, -488, -683, -370, 
-122, 1122, 1244, -500, -683, 1183, -800, -292, -112, -483, -673, -361, 
-136, 1122, 1259, -492, -697, 1190, -795, -287, -107, -478, -663, -356, 
-156, 1122, 1278, -483, -717, 1200, -790, -283, -107, -473, -658, -351, 
-175, 1137, 1312, -480, -744, 1224, -785, -278, -102, -473, -653, -346, 
-180, 1137, 1317, -478, -749, 1227, -790, -287, -107, -473, -653, -346, 
-180, 1132, 1312, -475, -746, 1222, -795, -292, -112, -478, -658, -346, 
-170, 1117, 1288, -473, -729, 1202, -814, -297, -122, -488, -658, -351, 
-170, 1112, 1283, -470, -727, 1198, -819, -307, -126, -488, -658, -351, 
-165, 1122, 1288, -478, -727, 1205, -844, -322, -136, -497, -673, -361, 
-151, 1122, 1273, -485, -712, 1198, -863, -336, -156, -502, -683, -361, 
-141, 1117, 1259, -488, -700, 1188, -868, -351, -175, -507, -683, -366, 
-136, 1107, 1244, -485, -690, 1176, -878, -351, -185, -512, -688, -366, 
-151, 1093, 1244, -470, -697, 1168, -878, -346, -219, -527, -707, -375, 
-151, 1073, 1224, -461, -688, 1149, -883, -361, -248, -556, -727, -405, 
-156, 1044, 1200, -444, -678, 1122, -888, -366, -273, -580, -736, -424, 
-165, 1019, 1185, -427, -675, 1102, -883, -375, -302, -605, -756, -434, 
-165, 1005, 1171, -419, -668, 1088, -878, -385, -336, -624, -780, -444, 
-170, 990, 1161, -409, -666, 1076, -868, -395, -361, -639, -795, -458, 
-170, 980, 1151, -405, -661, 1066, -868, -405, -395, -663, -810, -468, 
-165, 976, 1141, -405, -653, 1058, -868, -424, -429, -678, -834, -483, 
-170, 961, 1132, -395, -651, 1046, -858, -419, -448, -697, -854, -497, 
-180, 941, 1122, -380, -651, 1032, -863, -429, -468, -717, -868, -512, 
-185, 922, 1107, -368, -646, 1015, -868, -439, -488, -736, -878, -536, 
-190, 917, 1107, -363, -649, 1012, -868, -453, -497, -756, -902, -556, 
-195, 902, 1098, -353, -646, 1000, -858, -448, -492, -761, -907, -566, 
-195, 902, 1098, -353, -646, 1000, -854, -458, -502, -761, -907, -570, 
-190, 902, 1093, -356, -641, 997, -854, -458, -502, -766, -912, -566, 
-190, 902, 1093, -356, -641, 997, -844, -453, -507, -771, -917, -566, 
-209, 902, 1112, -346, -661, 1007, -829, -444, -502, -766, -907, -556, 
-229, 907, 1137, -339, -683, 1022, -819, -439, -492, -761, -907, -556, 
-244, 912, 1156, -334, -700, 1034, -814, -429, -483, -751, -902, -551, 
-263, 917, 1180, -326, -722, 1049, -810, -424, -468, -732, -897, -546, 
-263, 907, 1171, -322, -717, 1039, -814, -434, -473, -741, -902, -551, 
-258, 917, 1176, -329, -717, 1046, -814, -434, -473, -746, -902, -556, 
-253, 917, 1171, -331, -712, 1044, -814, -434, -478, -756, -907, -561, 
-244, 907, 1151, -331, -697, 1029, -819, -439, -492, -766, -922, -570, 
-234, 893, 1127, -329, -680, 1010, -819, -448, -497, -785, -936, -580, 
-234, 888, 1122, -326, -678, 1005, -819, -448, -502, -785, -936, -585, 
-234, 878, 1112, -322, -673, 995, -819, -448, -517, -790, -946, -590, 
-229, 878, 1107, -324, -668, 993, -814, -448, -522, -795, -951, -595, 
-239, 873, 1112, -317, -675, 993, -805, -439, -522, -795, -946, -595, 
-248, 868, 1117, -309, -683, 993, -805, -434, -527, -800, -956, -610, 
-258, 868, 1127, -305, -692, 997, -800, -434, -522, -805, -956, -605, 
-273, 873, 1146, -300, -710, 1010, -800, -434, -512, -800, -956, -595, 
-287, 868, 1156, -290, -722, 1012, -795, -419, -497, -785, -936, -585, 
-297, 868, 1166, -285, -732, 1017, -790, -409, -497, -775, -936, -585, 
-317, 868, 1185, -275, -751, 1027, -785, -409, -488, -775, -936, -580, 
-326, 868, 1195, -270, -761, 1032, -785, -405, -478, -766, -932, -575, 
-312, 863, 1176, -275, -744, 1019, -785, -405, -488, -780, -936, -580, 
-317, 858, 1176, -270, -746, 1017, -775, -405, -492, -785, -941, -585, 
-317, 854, 1171, -268, -744, 1012, -771, -405, -497, -790, -946, -590, 
-317, 834, 1151, -258, -734, 993, -766, -405, -502, -800, -956, -600, 
-326, 829, 1156, -251, -741, 993, -756, -409, -502, -814, -961, -614, 
-326, 829, 1156, -251, -741, 993, -751, -414, -507, -814, -966, -619, 
-326, 834, 1161, -253, -744, 997, -746, -429, -512, -819, -971, -624, 
-322, 834, 1156, -256, -739, 995, -746, -444, -517, -829, -976, -629, 
-351, 824, 1176, -236, -763, 1000, -751, -439, -512, -819, -966, -624, 
-361, 824, 1185, -231, -773, 1005, -751, -439, -507, -819, -966, -619, 
-366, 829, 1195, -231, -780, 1012, -751, -434, -502, -814, -961, -619, 
-361, 834, 1195, -236, -778, 1015, -751, -434, -497, -814, -961, -614, 
-361, 819, 1180, -229, -771, 1000, -746, -414, -488, -785, -941, -595, 
-341, 819, 1161, -239, -751, 990, -756, -419, -488, -795, -961, -600, 
-351, 844, 1195, -246, -773, 1019, -741, -414, -478, -785, -946, -600, 
-361, 878, 1239, -258, -800, 1058, -732, -395, -458, -771, -922, -580, 
-322, 868, 1190, -273, -756, 1029, -751, -409, -468, -780, -936, -595, 
-331, 863, 1195, -265, -763, 1029, -751, -419, -468, -780, -946, -595, 
-331, 858, 1190, -263, -761, 1024, -751, -419, -468, -780, -946, -595, 
-331, 854, 1185, -261, -758, 1019, -751, -419, -468, -780, -946, -595, 
-331, 849, 1180, -258, -756, 1015, -751, -419, -468, -780, -946, -595, 
-351, 858, 1210, -253, -780, 1034, -741, -409, -463, -775, -932, -590, 
-351, 858, 1210, -253, -780, 1034, -746, -405, -458, -771, -932, -585, 
-341, 863, 1205, -261, -773, 1034, -746, -405, -453, -766, -927, -580, 
-336, 863, 1200, -263, -768, 1032, -741, -405, -448, -761, -922, -575, 
-331, 854, 1185, -261, -758, 1019, -751, -405, -444, -756, -922, -585, 
-317, 854, 1171, -268, -744, 1012, -751, -405, -444, -761, -922, -585, 
-312, 854, 1166, -270, -739, 1010, -751, -405, -444, -766, -912, -585, 
-317, 854, 1171, -268, -744, 1012, -751, -400, -444, -771, -912, -585, 
-312, 863, 1176, -275, -744, 1019, -751, -409, -429, -761, -917, -575, 
-312, 863, 1176, -275, -744, 1019, -751, -409, -429, -756, -917, -575, 
-322, 863, 1185, -270, -753, 1024, -751, -409, -434, -756, -912, -575, 
-312, 863, 1176, -275, -744, 1019, -751, -409, -434, -756, -912, -575, 
-322, 863, 1185, -270, -753, 1024, -761, -409, -444, -756, -912, -575, 
-317, 863, 1180, -273, -749, 1022, -761, -409, -444, -756, -912, -580, 
-317, 863, 1180, -273, -749, 1022, -761, -409, -444, -756, -912, -580, 
-317, 863, 1180, -273, -749, 1022, -761, -409, -439, -756, -912, -580, 
-341, 863, 1205, -261, -773, 1034, -756, -405, -429, -746, -902, -566, 
-346, 863, 1210, -258, -778, 1037, -751, -400, -429, -746, -907, -566, 
-346, 863, 1210, -258, -778, 1037, -746, -395, -434, -746, -907, -566, 
-351, 863, 1215, -256, -783, 1039, -741, -390, -434, -746, -902, -566, 
-341, 863, 1205, -261, -773, 1034, -751, -400, -444, -746, -912, -566, 
-341, 858, 1200, -258, -771, 1029, -751, -400, -444, -746, -912, -566, 
-341, 858, 1200, -258, -771, 1029, -751, -400, -444, -746, -917, -566, 
-341, 858, 1200, -258, -771, 1029, -751, -400, -444, -746, -917, -566, 
-356, 854, 1210, -248, -783, 1032, -741, -400, -434, -746, -912, -566, 
-361, 854, 1215, -246, -788, 1034, -741, -400, -434, -746, -912, -570, 
-366, 849, 1215, -241, -790, 1032, -741, -400, -439, -746, -917, -575, 
-370, 839, 1210, -234, -790, 1024, -741, -400, -444, -751, -917, -575, 
-356, 854, 1210, -248, -783, 1032, -746, -409, -453, -756, -922, -585, 
-346, 854, 1200, -253, -773, 1027, -751, -409, -453, -756, -927, -585, 
-336, 849, 1185, -256, -761, 1017, -756, -409, -453, -756, -936, -585, 
-326, 854, 1180, -263, -753, 1017, -761, -409, -453, -756, -941, -590, 
-317, 858, 1176, -270, -746, 1017, -756, -405, -448, -751, -936, -585, 
-317, 858, 1176, -270, -746, 1017, -756, -405, -453, -751, -936, -585, 
-317, 858, 1176, -270, -746, 1017, -756, -405, -453, -751, -936, -585, 
-317, 858, 1176, -270, -746, 1017, -751, -400, -453, -751, -932, -585, 
-336, 858, 1195, -261, -766, 1027, -751, -409, -453, -756, -936, -580, 
-346, 854, 1200, -253, -773, 1027, -751, -409, -453, -756, -932, -580, 
-351, 849, 1200, -248, -775, 1024, -751, -409, -453, -761, -932, -580, 
-341, 844, 1185, -251, -763, 1015, -751, -419, -458, -775, -941, -590, 
-351, 829, 1180, -239, -766, 1005, -751, -419, -468, -775, -941, -590, 
-356, 829, 1185, -236, -771, 1007, -751, -419, -453, -766, -941, -590, 
-356, 829, 1185, -236, -771, 1007, -751, -419, -453, -766, -941, -590, 
-356, 829, 1185, -236, -771, 1007, -756, -424, -463, -771, -941, -590, 
-356, 839, 1195, -241, -775, 1017, -746, -414, -463, -761, -946, -600, 
-361, 839, 1200, -239, -780, 1019, -746, -409, -458, -761, -946, -595, 
-361, 839, 1200, -239, -780, 1019, -746, -409, -458, -761, -946, -595, 
-366, 839, 1205, -236, -785, 1022, -746, -414, -458, -761, -946, -600, 
-356, 844, 1200, -244, -778, 1022, -751, -419, -473, -771, -956, -610, 
-341, 849, 1190, -253, -766, 1019, -751, -424, -473, -775, -956, -610, 
-341, 854, 1195, -256, -768, 1024, -751, -429, -473, -775, -956, -610, 
-366, 854, 1220, -244, -793, 1037, -746, -429, -473, -771, -956, -605, 
-356, 849, 1205, -246, -780, 1027, -746, -419, -473, -771, -956, -595, 
-351, 849, 1200, -248, -775, 1024, -746, -419, -473, -771, -956, -605, 
-346, 844, 1190, -248, -768, 1017, -746, -424, -473, -771, -956, -605, 
-341, 839, 1180, -248, -761, 1010, -746, -424, -478, -771, -956, -605, 
-346, 849, 1195, -251, -771, 1022, -736, -419, -468, -761, -946, -595, 
-366, 844, 1210, -239, -788, 1027, -736, -419, -468, -766, -946, -595, 
-356, 844, 1200, -244, -778, 1022, -736, -419, -468, -766, -946, -595, 
-361, 844, 1205, -241, -783, 1024, -741, -424, -463, -771, -951, -595, 
-351, 834, 1185, -241, -768, 1010, -751, -439, -468, -775, -956, -600, 
-346, 834, 1180, -244, -763, 1007, -756, -444, -478, -780, -966, -605, 
-341, 834, 1176, -246, -758, 1005, -761, -448, -483, -785, -971, -610, 
-341, 834, 1176, -246, -758, 1005, -766, -448, -488, -790, -976, -614, 
-366, 829, 1195, -231, -780, 1012, -751, -444, -478, -785, -961, -610, 
-370, 829, 1200, -229, -785, 1015, -751, -439, -478, -785, -961, -610, 
-375, 834, 1210, -229, -793, 1022, -751, -434, -478, -785, -961, -610, 
-375, 839, 1215, -231, -795, 1027, -756, -434, -478, -785, -961, -610, 
-361, 844, 1205, -241, -783, 1024, -756, -439, -488, -790, -961, -610, 
-356, 844, 1200, -244, -778, 1022, -756, -444, -488, -800, -961, -610, 
-351, 849, 1200, -248, -775, 1024, -756, -444, -488, -800, -961, -610, 
-341, 854, 1195, -256, -768, 1024, -756, -448, -488, -795, -961, -610, 
-351, 844, 1195, -246, -773, 1019, -756, -448, -478, -785, -951, -600, 
-351, 844, 1195, -246, -773, 1019, -756, -444, -478, -785, -951, -600, 
-351, 839, 1190, -244, -771, 1015, -756, -439, -478, -785, -951, -600, 
-351, 839, 1190, -244, -771, 1015, -761, -434, -478, -785, -951, -600, 
-361, 839, 1200, -239, -780, 1019, -771, -439, -483, -785, -961, -600, 
-361, 844, 1205, -241, -783, 1024, -771, -439, -483, -785, -961, -600, 
-361, 844, 1205, -241, -783, 1024, -775, -439, -483, -785, -961, -600, 
-356, 844, 1200, -244, -778, 1022, -775, -439, -483, -785, -961, -600, 
-361, 839, 1200, -239, -780, 1019, -766, -439, -478, -795, -956, -600, 
-366, 844, 1210, -239, -788, 1027, -766, -439, -478, -790, -956, -600, 
-370, 844, 1215, -236, -793, 1029, -766, -439, -478, -790, -956, -600, 
-375, 839, 1215, -231, -795, 1027, -766, -439, -478, -790, -956, -600, 
-405, 839, 1244, -217, -824, 1041, -751, -434, -468, -790, -946, -585, 
-458, 829, 1288, -185, -873, 1058, -732, -405, -448, -766, -922, -566, 
-424, 829, 1254, -202, -839, 1041, -756, -429, -458, -771, -941, -575, 
-351, 858, 1210, -253, -780, 1034, -775, -458, -468, -775, -951, -585, 
-361, 922, 1283, -280, -822, 1102, -775, -483, -453, -761, -936, -575, 
-414, 956, 1371, -270, -893, 1163, -785, -507, -444, -736, -912, -570, 
-453, 966, 1420, -256, -936, 1193, -790, -531, -444, -712, -902, -556, 
-453, 971, 1424, -258, -939, 1198, -780, -551, -429, -697, -878, -527, 
-444, 971, 1415, -263, -929, 1193, -766, -541, -409, -668, -854, -507, 
-429, 990, 1420, -280, -924, 1205, -766, -527, -395, -639, -829, -492, 
-414, 1015, 1429, -300, -922, 1222, -775, -527, -361, -585, -771, -434, 
-375, 1063, 1439, -344, -907, 1251, -805, -531, -307, -488, -673, -346, 
-292, 1122, 1415, -414, -854, 1268, -858, -527, -248, -380, -556, -229, 
-170, 1200, 1371, -514, -771, 1285, -912, -463, -146, -253, -405, -102, 
9, 1332, 1322, -671, -656, 1327, -990, -361, 4, -68, -190, 92, 
248, 1449, 1200, -849, -475, 1324, -1112, -292, 87, 82, 0, 283, 
478, 1478, 1000, -978, -261, 1239, -1224, -239, 78, 175, 151, 444, 
624, 1493, 868, -1058, -122, 1180, -1317, -161, 39, 253, 302, 605, 
761, 1517, 756, -1139, 2, 1137, -1410, -97, -29, 297, 400, 717, 
917, 1546, 629, -1232, 143, 1088, -1483, -107, -126, 214, 361, 717, 
1019, 1512, 492, -1266, 263, 1002, -1512, -112, -278, 78, 224, 624, 
1088, 1385, 297, -1237, 395, 841, -1498, -53, -453, -117, 43, 483, 
1098, 1151, 53, -1124, 522, 602, -1424, 58, -658, -400, -248, 209, 
1049, 863, -185, -956, 617, 339, -1337, 170, -907, -761, -634, -136, 
1005, 697, -307, -851, 656, 195, -1288, 175, -1180, -1073, -946, -429, 
961, 629, -331, -795, 646, 148, -1293, 68, -1415, -1278, -1146, -610, 
829, 561, -268, -695, 549, 146, -1268, -126, -1586, -1439, -1322, -780, 
605, 439, -165, -522, 385, 136, -1224, -395, -1756, -1610, -1532, -976, 
409, 341, -68, -375, 239, 136, -1220, -673, -1903, -1747, -1668, -1107, 
292, 322, 29, -307, 131, 175, -1200, -834, -1908, -1776, -1708, -1141, 
234, 331, 97, -283, 68, 214, -1171, -854, -1786, -1732, -1693, -1137, 
185, 331, 146, -258, 19, 239, -1112, -790, -1600, -1639, -1639, -1102, 
102, 331, 229, -217, -63, 280, -1063, -722, -1415, -1537, -1566, -1054, 
29, 375, 346, -202, -158, 361, -1044, -702, -1302, -1449, -1503, -1019, 
-14, 488, 502, -236, -258, 495, -1039, -707, -1185, -1351, -1420, -971, 
-73, 590, 663, -258, -368, 627, -1010, -678, -1039, -1229, -1317, -888, 
-131, 644, 775, -256, -453, 710, -966, -624, -912, -1141, -1239, -829, 
-141, 658, 800, -258, -470, 729, -922, -585, -824, -1083, -1205, -805, 
-180, 673, 854, -246, -517, 763, -863, -541, -736, -1024, -1161, -780, 
-287, 692, 980, -202, -634, 836, -805, -497, -658, -976, -1122, -741, 
-366, 722, 1088, -178, -727, 905, -771, -468, -595, -927, -1083, -717, 
-380, 732, 1112, -175, -746, 922, -771, -483, -561, -883, -1063, -692, 
-385, 727, 1112, -170, -749, 919, -775, -483, -556, -858, -1039, -673, 
-380, 746, 1127, -183, -753, 936, -780, -473, -551, -844, -1024, -663, 
-370, 800, 1171, -214, -771, 985, -780, -463, -546, -844, -1024, -663, 
-356, 839, 1195, -241, -775, 1017, -785, -463, -531, -844, -1024, -658, 
-361, 829, 1190, -234, -775, 1010, -795, -463, -536, -844, -1029, -658, 
-361, 795, 1156, -217, -758, 976, -785, -463, -531, -844, -1029, -658, 
-356, 805, 1161, -224, -758, 983, -771, -453, -507, -834, -1010, -649, 
-390, 824, 1215, -217, -802, 1019, -756, -448, -488, -810, -995, -629, 
-409, 829, 1239, -209, -824, 1034, -746, -453, -478, -805, -990, -624, 
-395, 824, 1220, -214, -807, 1022, -751, -463, -483, -810, -995, -629, 
-390, 819, 1210, -214, -800, 1015, -761, -468, -492, -810, -1000, -634, 
-390, 810, 1200, -209, -795, 1005, -766, -473, -502, -814, -1005, -639, 
-380, 805, 1185, -212, -783, 995, -771, -478, -507, -819, -1015, -649, 
-380, 810, 1190, -214, -785, 1000, -775, -463, -502, -810, -1005, -649, 
-385, 810, 1195, -212, -790, 1002, -775, -458, -502, -819, -1005, -644, 
-395, 814, 1210, -209, -802, 1012, -766, -453, -492, -810, -995, -644, 
-405, 834, 1239, -214, -822, 1037, -766, -453, -488, -805, -990, -639, 
-405, 824, 1229, -209, -817, 1027, -756, -453, -473, -790, -1000, -624, 
-409, 819, 1229, -204, -819, 1024, -756, -458, -468, -785, -995, -624, 
-414, 814, 1229, -200, -822, 1022, -761, -458, -463, -785, -995, -619, 
-414, 819, 1234, -202, -824, 1027, -761, -458, -463, -785, -990, -614, 
-405, 824, 1229, -209, -817, 1027, -761, -458, -473, -795, -1000, -619, 
-400, 829, 1229, -214, -814, 1029, -766, -458, -478, -795, -1005, -629, 
-395, 834, 1229, -219, -812, 1032, -775, -453, -483, -795, -1005, -634, 
-375, 839, 1215, -231, -795, 1027, -780, -453, -488, -790, -1005, -639, 
-385, 829, 1215, -222, -800, 1022, -771, -453, -473, -790, -1005, -634, 
-390, 829, 1220, -219, -805, 1024, -771, -453, -468, -790, -995, -634, 
-400, 839, 1239, -219, -819, 1039, -771, -448, -458, -785, -990, -619, 
-400, 839, 1239, -219, -819, 1039, -771, -448, -458, -780, -985, -619, 
-400, 824, 1224, -212, -812, 1024, -771, -453, -448, -780, -976, -619, 
-400, 824, 1224, -212, -812, 1024, -771, -453, -448, -780, -976, -619, 
-400, 824, 1224, -212, -812, 1024, -775, -453, -448, -775, -976, -619, 
-395, 829, 1224, -217, -810, 1027, -775, -448, -448, -775, -976, -614, 
-390, 839, 1229, -224, -810, 1034, -785, -453, -453, -780, -980, -619, 
-380, 844, 1224, -231, -802, 1034, -785, -458, -453, -785, -985, -629, 
-380, 854, 1234, -236, -807, 1044, -785, -463, -448, -790, -985, -634, 
-385, 854, 1239, -234, -812, 1046, -785, -463, -448, -790, -990, -634, 
-409, 854, 1263, -222, -836, 1058, -775, -448, -434, -780, -976, -614, 
-419, 849, 1268, -214, -844, 1058, -771, -444, -419, -771, -966, -610, 
-429, 849, 1278, -209, -854, 1063, -766, -439, -409, -756, -951, -600, 
-439, 849, 1288, -204, -863, 1068, -756, -429, -395, -741, -932, -590, 
-419, 863, 1283, -222, -851, 1073, -761, -434, -395, -746, -936, -595, 
-400, 878, 1278, -239, -839, 1078, -766, -439, -395, -741, -936, -595, 
-390, 878, 1268, -244, -829, 1073, -771, -439, -395, -746, -941, -595, 
-385, 878, 1263, -246, -824, 1071, -775, -444, -400, -751, -946, -590, 
-395, 868, 1263, -236, -829, 1066, -775, -444, -395, -741, -936, -590, 
-380, 878, 1259, -248, -819, 1068, -780, -444, -390, -741, -936, -585, 
-380, 883, 1263, -251, -822, 1073, -780, -439, -380, -741, -936, -585, 
-390, 883, 1273, -246, -832, 1078, -775, -429, -370, -727, -932, -575, 
-409, 868, 1278, -229, -844, 1073, -766, -424, -351, -722, -917, -570, 
-409, 868, 1278, -229, -844, 1073, -766, -424, -346, -712, -907, -566, 
-405, 878, 1283, -236, -844, 1080, -771, -424, -341, -707, -902, -561, 
-390, 883, 1273, -246, -832, 1078, -775, -424, -336, -707, -902, -561, 
-380, 897, 1278, -258, -829, 1088, -775, -414, -341, -707, -907, -556, 
-385, 907, 1293, -261, -839, 1100, -775, -414, -331, -692, -902, -551, 
-385, 922, 1307, -268, -846, 1115, -775, -409, -322, -688, -897, -546, 
-375, 932, 1307, -278, -841, 1119, -775, -400, -312, -683, -893, -546, 
-380, 927, 1307, -273, -844, 1117, -790, -409, -297, -668, -878, -541, 
-380, 927, 1307, -273, -844, 1117, -790, -400, -283, -663, -878, -536, 
-370, 927, 1298, -278, -834, 1112, -790, -400, -278, -658, -863, -531, 
-375, 927, 1302, -275, -839, 1115, -790, -390, -263, -644, -854, -517, 
-370, 936, 1307, -283, -839, 1122, -790, -390, -248, -649, -858, -517, 
-366, 951, 1317, -292, -841, 1134, -790, -390, -244, -639, -854, -512, 
-356, 956, 1312, -300, -834, 1134, -790, -390, -244, -629, -849, -517, 
-351, 956, 1307, -302, -829, 1132, -795, -385, -234, -619, -854, -517, 
-356, 961, 1317, -302, -836, 1139, -805, -366, -204, -600, -829, -492, 
-346, 976, 1322, -314, -834, 1149, -805, -361, -190, -585, -819, -488, 
-351, 985, 1337, -317, -844, 1161, -805, -356, -175, -570, -810, -473, 
-356, 985, 1342, -314, -849, 1163, -805, -346, -165, -556, -800, -463, 
-361, 980, 1342, -309, -851, 1161, -800, -351, -156, -556, -785, -463, 
-356, 990, 1346, -317, -851, 1168, -805, -346, -146, -546, -780, -458, 
-361, 995, 1356, -317, -858, 1176, -810, -346, -126, -541, -771, -453, 
-361, 990, 1351, -314, -856, 1171, -810, -341, -122, -536, -766, -448, 
-326, 1015, 1342, -344, -834, 1178, -810, -336, -107, -536, -771, -434, 
-297, 1029, 1327, -366, -812, 1178, -814, -336, -102, -527, -766, -434, 
-292, 1034, 1327, -370, -810, 1180, -814, -331, -92, -517, -756, -424, 
-287, 1044, 1332, -378, -810, 1188, -814, -331, -78, -507, -751, -419, 
-283, 1049, 1332, -383, -807, 1190, -819, -331, -82, -497, -736, -414, 
-278, 1049, 1327, -385, -802, 1188, -824, -331, -78, -497, -732, -414, 
-283, 1049, 1332, -383, -807, 1190, -824, -331, -78, -497, -732, -409, 
-283, 1058, 1342, -387, -812, 1200, -829, -331, -73, -492, -732, -405, 
-302, 1068, 1371, -383, -836, 1220, -819, -317, -58, -488, -717, -400, 
-326, 1068, 1395, -370, -861, 1232, -819, -317, -58, -483, -717, -400, 
-326, 1068, 1395, -370, -861, 1232, -819, -322, -58, -483, -717, -400, 
-331, 1068, 1400, -368, -866, 1234, -824, -322, -58, -483, -717, -400, 
-322, 1058, 1381, -368, -851, 1220, -824, -312, -58, -473, -712, -400, 
-312, 1058, 1371, -373, -841, 1215, -824, -322, -63, -478, -717, -400, 
-292, 1058, 1351, -383, -822, 1205, -829, -322, -63, -478, -717, -395, 
-283, 1058, 1342, -387, -812, 1200, -829, -322, -63, -478, -712, -390, 
-283, 1063, 1346, -390, -814, 1205, -839, -331, -53, -478, -722, -395, 
-283, 1078, 1361, -397, -822, 1220, -839, -331, -53, -473, -722, -390, 
-283, 1093, 1376, -405, -829, 1234, -839, -331, -48, -468, -712, -390, 
-278, 1112, 1390, -417, -834, 1251, -839, -331, -43, -468, -712, -390, 
-263, 1132, 1395, -434, -829, 1263, -829, -331, -39, -468, -702, -370, 
-263, 1137, 1400, -436, -832, 1268, -829, -331, -39, -458, -692, -370, 
-263, 1137, 1400, -436, -832, 1268, -824, -331, -34, -458, -692, -361, 
-273, 1141, 1415, -434, -844, 1278, -824, -331, -29, -458, -692, -361, 
-234, 1132, 1366, -448, -800, 1249, -829, -346, -39, -468, -697, -366, 
-224, 1132, 1356, -453, -790, 1244, -834, -346, -39, -468, -692, -366, 
-219, 1132, 1351, -456, -785, 1241, -839, -346, -43, -468, -692, -366, 
-214, 1146, 1361, -466, -788, 1254, -844, -346, -43, -473, -692, -366, 
-229, 1151, 1381, -461, -805, 1266, -844, -356, -48, -463, -692, -366, 
-229, 1151, 1381, -461, -805, 1266, -844, -361, -53, -468, -697, -366, 
-219, 1141, 1361, -461, -790, 1251, -858, -366, -63, -478, -697, -370, 
-219, 1141, 1361, -461, -790, 1251, -858, -375, -68, -478, -697, -370, 
-229, 1137, 1366, -453, -797, 1251, -873, -370, -73, -478, -692, -370, 
-229, 1132, 1361, -451, -795, 1246, -893, -385, -87, -483, -702, -370, 
-234, 1122, 1356, -444, -795, 1239, -897, -400, -102, -488, -702, -375, 
-244, 1107, 1351, -431, -797, 1229, -907, -400, -107, -492, -707, -375, 
-234, 1102, 1337, -434, -785, 1220, -902, -405, -146, -507, -722, -385, 
-219, 1093, 1312, -436, -766, 1202, -912, -419, -180, -536, -746, -414, 
-209, 1073, 1283, -431, -746, 1178, -922, -424, -209, -561, -761, -434, 
-204, 1058, 1263, -427, -734, 1161, -922, -434, -244, -585, -785, -444, 
-224, 1049, 1273, -412, -749, 1161, -927, -444, -283, -610, -805, -463, 
-239, 1029, 1268, -395, -753, 1149, -917, -453, -312, -629, -824, -478, 
-248, 1015, 1263, -383, -756, 1139, -917, -463, -351, -658, -844, -488, 
-253, 1005, 1259, -375, -756, 1132, -917, -483, -390, -678, -873, -502, 
-248, 985, 1234, -368, -741, 1110, -917, -478, -405, -692, -888, -502, 
-248, 971, 1220, -361, -734, 1095, -922, -488, -419, -707, -897, -512, 
-244, 956, 1200, -356, -722, 1078, -927, -497, -434, -722, -902, -531, 
-239, 956, 1195, -358, -717, 1076, -927, -512, -439, -736, -922, -546, 
-263, 941, 1205, -339, -734, 1073, -922, -512, -444, -746, -932, -551, 
-273, 941, 1215, -334, -744, 1078, -912, -517, -453, -751, -936, -561, 
-278, 941, 1220, -331, -749, 1080, -907, -512, -453, -761, -946, -561, 
-287, 941, 1229, -326, -758, 1085, -893, -502, -458, -771, -956, -566, 
-287, 946, 1234, -329, -761, 1090, -897, -507, -453, -771, -946, -561, 
-297, 946, 1244, -324, -771, 1095, -888, -507, -453, -771, -946, -566, 
-302, 946, 1249, -322, -775, 1098, -883, -502, -453, -766, -941, -566, 
-312, 946, 1259, -317, -785, 1102, -878, -502, -448, -751, -936, -566, 
-312, 941, 1254, -314, -783, 1098, -878, -502, -448, -751, -941, -575, 
-317, 946, 1263, -314, -790, 1105, -873, -502, -444, -756, -941, -575, 
-322, 941, 1263, -309, -793, 1102, -868, -502, -444, -766, -946, -575, 
-322, 927, 1249, -302, -785, 1088, -868, -507, -453, -775, -961, -580, 
-322, 932, 1254, -305, -788, 1093, -878, -507, -458, -795, -976, -590, 
-322, 927, 1249, -302, -785, 1088, -878, -507, -463, -795, -976, -595, 
-322, 917, 1239, -297, -780, 1078, -878, -507, -478, -800, -985, -600, 
-317, 917, 1234, -300, -775, 1076, -873, -507, -483, -805, -990, -605, 
-307, 912, 1220, -302, -763, 1066, -863, -507, -488, -800, -985, -605, 
-307, 907, 1215, -300, -761, 1061, -863, -502, -497, -810, -995, -619, 
-307, 907, 1215, -300, -761, 1061, -858, -502, -497, -819, -995, -614, 
-312, 912, 1224, -300, -768, 1068, -858, -502, -492, -819, -995, -605, 
-322, 932, 1254, -305, -788, 1093, -854, -488, -483, -805, -995, -605, 
-326, 936, 1263, -305, -795, 1100, -849, -478, -478, -795, -995, -605, 
-341, 941, 1283, -300, -812, 1112, -844, -478, -463, -795, -995, -600, 
-346, 946, 1293, -300, -819, 1119, -844, -473, -448, -785, -990, -595, 
-336, 927, 1263, -295, -800, 1095, -844, -478, -453, -805, -995, -605, 
-346, 917, 1263, -285, -805, 1090, -834, -473, -463, -814, -1000, -614, 
-351, 907, 1259, -278, -805, 1083, -829, -468, -473, -824, -1005, -624, 
-356, 883, 1239, -263, -797, 1061, -824, -463, -483, -839, -1015, -639, 
-370, 873, 1244, -251, -807, 1058, -814, -468, -483, -844, -1029, -644, 
-375, 868, 1244, -246, -810, 1056, -810, -473, -488, -844, -1034, -649, 
-380, 868, 1249, -244, -814, 1058, -805, -488, -492, -849, -1039, -653, 
-380, 863, 1244, -241, -812, 1054, -805, -502, -497, -858, -1044, -658, 
-380, 854, 1234, -236, -807, 1044, -810, -492, -488, -854, -1039, -658, 
-380, 854, 1234, -236, -807, 1044, -810, -497, -488, -858, -1044, -658, 
-375, 858, 1234, -241, -805, 1046, -810, -497, -488, -858, -1044, -663, 
-361, 863, 1224, -251, -793, 1044, -810, -502, -488, -863, -1049, -663, 
-375, 858, 1234, -241, -805, 1046, -805, -492, -478, -858, -1039, -653, 
-380, 858, 1239, -239, -810, 1049, -805, -488, -478, -854, -1039, -649, 
-385, 863, 1249, -239, -817, 1056, -800, -483, -478, -849, -1034, -649, 
-390, 868, 1259, -239, -824, 1063, -800, -483, -478, -839, -1029, -649, 
-395, 858, 1254, -231, -824, 1056, -795, -478, -473, -849, -1039, -653, 
-409, 858, 1268, -224, -839, 1063, -795, -478, -468, -844, -1039, -653, 
-414, 854, 1268, -219, -841, 1061, -795, -478, -468, -844, -1034, -653, 
-419, 854, 1273, -217, -846, 1063, -790, -483, -468, -844, -1034, -653, 
-419, 849, 1268, -214, -844, 1058, -800, -492, -468, -839, -1034, -644, 
-429, 849, 1278, -209, -854, 1063, -800, -492, -468, -839, -1034, -644, 
-429, 849, 1278, -209, -854, 1063, -800, -488, -458, -839, -1029, -644, 
-419, 849, 1268, -214, -844, 1058, -800, -488, -453, -829, -1024, -644, 
-409, 858, 1268, -224, -839, 1063, -795, -488, -458, -829, -1024, -644, 
-400, 868, 1268, -234, -834, 1068, -795, -488, -448, -829, -1029, -639, 
-385, 868, 1254, -241, -819, 1061, -795, -488, -458, -834, -1029, -639, 
-366, 873, 1239, -253, -802, 1056, -795, -488, -458, -834, -1029, -639, 
-326, 893, 1220, -283, -773, 1056, -814, -502, -478, -839, -1044, -649, 
-390, 873, 1263, -241, -827, 1068, -795, -488, -458, -829, -1019, -644, 
-453, 858, 1312, -202, -883, 1085, -785, -478, -448, -805, -1000, -634, 
