I, II, III, aVR, aVL, aVF, V1, V2, V3, V4, V5, V6, 
107, 68, -39, -87, 73, 14, -39, 439, 409, 9, 29, -29, 
107, 68, -39, -87, 73, 14, -39, 439, 409, 9, 29, -29, 
107, 68, -39, -87, 73, 14, -39, 439, 409, 9, 29, -29, 
107, 68, -39, -87, 73, 14, -39, 439, 409, 9, 29, -29, 
107, 58, -48, -82, 78, 4, -14, 463, 434, 19, 43, -19, 
107, 58, -48, -82, 78, 4, 0, 478, 448, 29, 48, -19, 
107, 58, -48, -82, 78, 4, 14, 492, 463, 39, 53, -19, 
107, 58, -48, -82, 78, 4, 29, 507, 478, 48, 58, -19, 
107, 68, -39, -87, 73, 14, 29, 497, 478, 58, 63, -19, 
107, 68, -39, -87, 73, 14, 29, 497, 478, 58, 68, -19, 
107, 68, -39, -87, 73, 14, 29, 497, 478, 58, 73, -19, 
107, 68, -39, -87, 73, 14, 29, 497, 478, 58, 78, -19, 
117, 68, -48, -92, 82, 9, 29, 507, 483, 68, 78, -9, 
117, 68, -48, -92, 82, 9, 29, 507, 488, 68, 78, -9, 
117, 68, -48, -92, 82, 9, 29, 507, 492, 68, 78, -9, 
117, 68, -48, -92, 82, 9, 29, 507, 497, 68, 78, -9, 
117, 68, -48, -92, 82, 9, 29, 512, 502, 78, 82, -9, 
117, 68, -48, -92, 82, 9, 29, 517, 507, 78, 87, -9, 
117, 68, -48, -92, 82, 9, 29, 522, 512, 78, 92, -9, 
117, 68, -48, -92, 82, 9, 29, 527, 517, 78, 97, -9, 
117, 78, -39, -97, 78, 19, 29, 517, 527, 87, 107, -9, 
117, 78, -39, -97, 78, 19, 29, 517, 527, 87, 107, -9, 
117, 78, -39, -97, 78, 19, 29, 517, 527, 87, 107, -9, 
117, 78, -39, -97, 78, 19, 29, 517, 527, 87, 107, -9, 
126, 78, -48, -102, 87, 14, 39, 527, 536, 97, 107, 0, 
126, 78, -48, -102, 87, 14, 39, 527, 536, 97, 107, 0, 
126, 78, -48, -102, 87, 14, 39, 527, 536, 97, 107, 0, 
126, 78, -48, -102, 87, 14, 39, 527, 536, 97, 107, 0, 
126, 87, -39, -107, 82, 24, 39, 536, 541, 107, 112, 0, 
126, 87, -39, -107, 82, 24, 39, 536, 546, 107, 117, 0, 
126, 87, -39, -107, 82, 24, 39, 536, 551, 107, 122, 0, 
126, 87, -39, -107, 82, 24, 39, 536, 556, 107, 126, 0, 
126, 87, -39, -107, 82, 24, 48, 546, 561, 117, 136, 9, 
126, 87, -39, -107, 82, 24, 48, 546, 566, 117, 136, 9, 
126, 87, -39, -107, 82, 24, 48, 546, 570, 117, 136, 9, 
126, 87, -39, -107, 82, 24, 48, 546, 575, 117, 136, 9, 
126, 87, -39, -107, 82, 24, 48, 546, 575, 126, 146, 9, 
126, 87, -39, -107, 82, 24, 48, 546, 575, 126, 146, 9, 
126, 87, -39, -107, 82, 24, 48, 546, 575, 126, 146, 9, 
126, 87, -39, -107, 82, 24, 48, 546, 575, 126, 146, 9, 
131, 97, -34, -114, 82, 31, 48, 551, 590, 136, 151, 9, 
136, 97, -39, -117, 87, 29, 48, 556, 595, 136, 156, 9, 
141, 97, -43, -119, 92, 26, 48, 561, 600, 136, 161, 9, 
146, 97, -48, -122, 97, 24, 48, 566, 605, 136, 165, 9, 
146, 112, -34, -129, 90, 39, 58, 566, 619, 146, 180, 24, 
146, 117, -29, -131, 87, 43, 58, 566, 624, 156, 185, 29, 
146, 122, -24, -134, 85, 48, 58, 566, 629, 165, 190, 34, 
146, 126, -19, -136, 82, 53, 58, 566, 634, 175, 195, 39, 
161, 131, -29, -146, 95, 51, 48, 575, 649, 180, 200, 39, 
165, 136, -29, -151, 97, 53, 48, 575, 653, 185, 204, 39, 
170, 141, -29, -156, 100, 56, 48, 575, 658, 190, 209, 39, 
175, 146, -29, -161, 102, 58, 48, 575, 663, 195, 214, 39, 
180, 161, -19, -170, 100, 70, 48, 575, 668, 209, 229, 43, 
185, 165, -19, -175, 102, 73, 48, 575, 673, 214, 234, 48, 
190, 170, -19, -180, 104, 75, 48, 575, 678, 219, 239, 53, 
195, 175, -19, -185, 107, 78, 48, 575, 683, 224, 244, 58, 
195, 185, -9, -190, 102, 87, 34, 566, 692, 239, 258, 63, 
195, 185, -9, -190, 102, 87, 29, 566, 692, 244, 263, 68, 
195, 185, -9, -190, 102, 87, 24, 566, 692, 248, 268, 73, 
195, 185, -9, -190, 102, 87, 19, 566, 692, 253, 273, 78, 
204, 190, -14, -197, 109, 87, 4, 551, 688, 253, 283, 78, 
204, 195, -9, -200, 107, 92, 0, 546, 683, 253, 283, 78, 
204, 200, -4, -202, 104, 97, -4, 541, 678, 253, 283, 78, 
204, 204, 0, -204, 102, 102, -9, 536, 673, 253, 283, 78, 
214, 214, 0, -214, 107, 107, -14, 527, 663, 258, 287, 82, 
224, 214, -9, -219, 117, 102, -19, 527, 663, 263, 292, 87, 
234, 214, -19, -224, 126, 97, -24, 527, 663, 268, 297, 92, 
244, 214, -29, -229, 136, 92, -29, 527, 663, 273, 302, 97, 
248, 219, -29, -234, 139, 95, -34, 527, 673, 278, 312, 97, 
253, 224, -29, -239, 141, 97, -39, 527, 673, 283, 312, 97, 
258, 229, -29, -244, 143, 100, -43, 527, 673, 287, 312, 97, 
263, 234, -29, -248, 146, 102, -48, 527, 673, 292, 312, 97, 
268, 239, -29, -253, 148, 104, -58, 517, 673, 302, 322, 102, 
273, 244, -29, -258, 151, 107, -58, 517, 673, 302, 322, 107, 
278, 248, -29, -263, 153, 109, -58, 517, 673, 302, 322, 112, 
283, 253, -29, -268, 156, 112, -58, 517, 673, 302, 322, 117, 
287, 263, -24, -275, 156, 119, -58, 527, 673, 312, 326, 122, 
292, 263, -29, -278, 161, 117, -58, 527, 673, 312, 331, 126, 
297, 263, -34, -280, 165, 114, -58, 527, 673, 312, 336, 131, 
302, 263, -39, -283, 170, 112, -58, 527, 673, 312, 341, 136, 
292, 273, -19, -283, 156, 126, -58, 527, 663, 302, 341, 136, 
292, 273, -19, -283, 156, 126, -58, 527, 663, 302, 341, 136, 
292, 273, -19, -283, 156, 126, -58, 527, 663, 302, 341, 136, 
292, 273, -19, -283, 156, 126, -58, 527, 663, 302, 341, 136, 
283, 263, -19, -273, 151, 122, -58, 527, 658, 297, 331, 136, 
283, 263, -19, -273, 151, 122, -58, 527, 653, 292, 331, 136, 
283, 263, -19, -273, 151, 122, -58, 527, 649, 287, 331, 136, 
283, 263, -19, -273, 151, 122, -58, 527, 644, 283, 331, 136, 
292, 253, -39, -273, 165, 107, -48, 512, 629, 278, 317, 126, 
292, 253, -39, -273, 165, 107, -48, 507, 624, 273, 312, 126, 
292, 253, -39, -273, 165, 107, -48, 502, 619, 268, 307, 126, 
292, 253, -39, -273, 165, 107, -48, 497, 614, 263, 302, 126, 
287, 244, -43, -265, 165, 100, -58, 492, 595, 253, 292, 117, 
283, 244, -39, -263, 161, 102, -58, 488, 585, 244, 283, 117, 
278, 244, -34, -261, 156, 104, -58, 483, 575, 234, 273, 117, 
273, 244, -29, -258, 151, 107, -58, 478, 566, 224, 263, 117, 
258, 234, -24, -246, 141, 104, -53, 478, 551, 214, 258, 117, 
253, 224, -29, -239, 141, 97, -48, 478, 546, 204, 253, 117, 
248, 214, -34, -231, 141, 90, -43, 478, 541, 195, 248, 117, 
244, 204, -39, -224, 141, 82, -39, 478, 536, 185, 244, 117, 
229, 200, -29, -214, 129, 85, -39, 463, 527, 175, 234, 102, 
224, 195, -29, -209, 126, 82, -39, 458, 517, 165, 224, 97, 
219, 190, -29, -204, 124, 80, -39, 453, 507, 156, 214, 92, 
214, 185, -29, -200, 122, 78, -39, 448, 497, 146, 204, 87, 
200, 180, -19, -190, 109, 80, -29, 439, 483, 136, 195, 78, 
195, 175, -19, -185, 107, 78, -29, 439, 478, 126, 185, 78, 
190, 170, -19, -180, 104, 75, -29, 439, 473, 117, 175, 78, 
185, 165, -19, -175, 102, 73, -29, 439, 468, 107, 165, 78, 
180, 151, -29, -165, 104, 61, -19, 439, 463, 97, 161, 73, 
175, 146, -29, -161, 102, 58, -19, 439, 458, 87, 156, 68, 
170, 141, -29, -156, 100, 56, -19, 439, 453, 78, 151, 63, 
165, 136, -29, -151, 97, 53, -19, 439, 448, 68, 146, 58, 
161, 126, -34, -143, 97, 46, -19, 434, 444, 63, 136, 43, 
156, 126, -29, -141, 92, 48, -19, 429, 439, 58, 126, 39, 
151, 126, -24, -139, 87, 51, -19, 424, 434, 53, 117, 34, 
146, 126, -19, -136, 82, 53, -19, 419, 429, 48, 107, 29, 
131, 112, -19, -122, 75, 46, -9, 424, 419, 39, 97, 19, 
126, 107, -19, -117, 73, 43, -9, 429, 419, 39, 97, 19, 
122, 102, -19, -112, 70, 41, -9, 434, 419, 39, 97, 19, 
117, 97, -19, -107, 68, 39, -9, 439, 419, 39, 97, 19, 
117, 92, -24, -104, 70, 34, 0, 439, 409, 34, 92, 14, 
117, 87, -29, -102, 73, 29, 0, 439, 409, 29, 87, 9, 
117, 82, -34, -100, 75, 24, 0, 439, 409, 24, 82, 4, 
117, 78, -39, -97, 78, 19, 0, 439, 409, 19, 78, 0, 
107, 78, -29, -92, 68, 24, 9, 439, 409, 14, 68, 0, 
107, 78, -29, -92, 68, 24, 9, 439, 409, 9, 68, 0, 
107, 78, -29, -92, 68, 24, 9, 439, 409, 4, 68, 0, 
107, 78, -29, -92, 68, 24, 9, 439, 409, 0, 68, 0, 
97, 68, -29, -82, 63, 19, 9, 439, 409, 0, 68, -9, 
97, 68, -29, -82, 63, 19, 9, 439, 409, 0, 68, -9, 
97, 68, -29, -82, 63, 19, 9, 439, 409, 0, 68, -9, 
97, 68, -29, -82, 63, 19, 9, 439, 409, 0, 68, -9, 
97, 68, -29, -82, 63, 19, 19, 448, 409, 0, 58, -9, 
97, 68, -29, -82, 63, 19, 19, 448, 409, 0, 58, -9, 
97, 68, -29, -82, 63, 19, 19, 448, 409, 0, 58, -9, 
97, 68, -29, -82, 63, 19, 19, 448, 409, 0, 58, -9, 
92, 58, -34, -75, 63, 12, 29, 448, 414, 0, 68, -9, 
87, 58, -29, -73, 58, 14, 29, 448, 419, 0, 68, -9, 
82, 58, -24, -70, 53, 17, 29, 448, 424, 0, 68, -9, 
78, 58, -19, -68, 48, 19, 29, 448, 429, 0, 68, -9, 
87, 68, -19, -78, 53, 24, 29, 448, 429, 9, 78, -9, 
87, 68, -19, -78, 53, 24, 29, 448, 429, 9, 78, -9, 
87, 68, -19, -78, 53, 24, 29, 448, 429, 9, 78, -9, 
87, 68, -19, -78, 53, 24, 29, 448, 429, 9, 78, -9, 
92, 73, -19, -82, 56, 26, 24, 439, 429, 9, 78, 0, 
97, 78, -19, -87, 58, 29, 19, 439, 429, 9, 78, 0, 
102, 82, -19, -92, 61, 31, 14, 439, 429, 9, 78, 0, 
107, 87, -19, -97, 63, 34, 9, 439, 429, 9, 78, 0, 
97, 92, -4, -95, 51, 43, 0, 429, 429, 14, 87, 4, 
97, 92, -4, -95, 51, 43, -4, 429, 429, 14, 87, 4, 
97, 92, -4, -95, 51, 43, -9, 429, 429, 14, 87, 4, 
97, 92, -4, -95, 51, 43, -9, 429, 429, 14, 82, 4, 
97, 97, 0, -97, 48, 48, -29, 414, 424, 9, 82, 14, 
97, 97, 0, -97, 48, 48, -29, 400, 414, 9, 82, 14, 
97, 97, 0, -97, 48, 48, -29, 395, 405, 4, 82, 14, 
97, 92, -4, -95, 51, 43, -29, 390, 400, 4, 82, 14, 
97, 82, -14, -90, 56, 34, -39, 390, 395, 9, 82, 14, 
97, 87, -9, -92, 53, 39, -39, 390, 385, 9, 82, 9, 
97, 92, -4, -95, 51, 43, -48, 390, 380, 14, 82, 4, 
97, 97, 0, -97, 48, 48, -48, 390, 375, 14, 82, 0, 
107, 87, -19, -97, 63, 34, -53, 390, 385, 4, 73, 0, 
107, 87, -19, -97, 63, 34, -53, 390, 385, 4, 73, 0, 
107, 87, -19, -97, 63, 34, -53, 395, 385, 4, 73, 0, 
107, 87, -19, -97, 63, 34, -53, 395, 380, 4, 73, 0, 
117, 92, -24, -104, 70, 34, -53, 395, 380, 4, 82, 9, 
122, 97, -24, -109, 73, 36, -53, 395, 385, 4, 82, 9, 
126, 102, -24, -114, 75, 39, -53, 390, 385, 4, 82, 9, 
126, 107, -19, -117, 73, 43, -58, 390, 380, 4, 82, 9, 
136, 97, -39, -117, 87, 29, -63, 400, 385, 9, 92, 9, 
136, 97, -39, -117, 87, 29, -63, 395, 385, 9, 92, 4, 
136, 97, -39, -117, 87, 29, -58, 395, 385, 9, 87, 4, 
126, 87, -39, -107, 82, 24, -53, 395, 385, 9, 87, 4, 
126, 97, -29, -112, 78, 34, -53, 405, 395, 14, 92, 4, 
126, 97, -29, -112, 78, 34, -53, 400, 395, 14, 92, 4, 
126, 97, -29, -112, 78, 34, -48, 400, 395, 14, 92, 9, 
126, 92, -34, -109, 80, 29, -43, 400, 395, 14, 92, 9, 
117, 78, -39, -97, 78, 19, -53, 409, 395, 9, 97, 4, 
117, 78, -39, -97, 78, 19, -48, 409, 395, 9, 97, 4, 
117, 82, -34, -100, 75, 24, -43, 409, 395, 9, 97, 4, 
117, 82, -34, -100, 75, 24, -34, 409, 395, 4, 97, 0, 
117, 78, -39, -97, 78, 19, -24, 419, 400, 9, 97, 4, 
112, 73, -39, -92, 75, 17, -24, 419, 405, 9, 97, 4, 
112, 73, -39, -92, 75, 17, -24, 419, 409, 9, 97, 4, 
117, 82, -34, -100, 75, 24, -24, 419, 414, 14, 97, 4, 
117, 73, -43, -95, 80, 14, -9, 424, 414, 24, 97, 0, 
112, 68, -43, -90, 78, 12, -9, 429, 414, 19, 87, 0, 
97, 63, -34, -80, 65, 14, -9, 429, 414, 19, 87, 0, 
107, 63, -43, -85, 75, 9, -4, 429, 414, 19, 87, 0, 
102, 68, -34, -85, 68, 17, -4, 439, 414, 9, 87, 0, 
102, 68, -34, -85, 68, 17, -4, 444, 414, 9, 87, 0, 
97, 58, -39, -78, 68, 9, 4, 444, 414, 9, 92, 0, 
97, 53, -43, -75, 70, 4, 4, 444, 414, 9, 92, 0, 
97, 53, -43, -75, 70, 4, 14, 453, 414, 9, 82, -9, 
97, 53, -43, -75, 70, 4, 9, 453, 414, 9, 82, -9, 
97, 53, -43, -75, 70, 4, 9, 453, 414, 9, 82, -9, 
92, 48, -43, -70, 68, 2, 9, 458, 414, 9, 82, -9, 
87, 39, -48, -63, 68, -4, 29, 458, 419, 4, 92, -9, 
87, 39, -48, -63, 68, -4, 29, 458, 419, 4, 92, -9, 
92, 39, -53, -65, 73, -7, 29, 458, 419, 4, 92, -9, 
92, 39, -53, -65, 73, -7, 29, 453, 419, 4, 92, -14, 
92, 43, -48, -68, 70, -2, 29, 453, 419, 4, 82, -14, 
92, 43, -48, -68, 70, -2, 29, 453, 419, 4, 82, -14, 
92, 43, -48, -68, 70, -2, 29, 453, 419, 4, 82, -14, 
92, 48, -43, -70, 68, 2, 29, 453, 419, 4, 82, -14, 
92, 48, -43, -70, 68, 2, 29, 448, 419, 14, 78, -4, 
92, 48, -43, -70, 68, 2, 29, 448, 419, 14, 78, -4, 
87, 48, -39, -68, 63, 4, 29, 448, 419, 14, 82, -4, 
87, 48, -39, -68, 63, 4, 29, 448, 419, 14, 82, -4, 
102, 43, -58, -73, 80, -7, 19, 458, 419, 4, 92, -4, 
102, 43, -58, -73, 80, -7, 19, 453, 419, 4, 92, -9, 
102, 43, -58, -73, 80, -7, 19, 453, 419, 4, 92, -9, 
102, 43, -58, -73, 80, -7, 19, 453, 419, 4, 92, -9, 
92, 43, -48, -68, 70, -2, 29, 453, 419, 9, 92, -19, 
92, 48, -43, -70, 68, 2, 29, 453, 419, 9, 92, -19, 
92, 53, -39, -73, 65, 7, 29, 453, 419, 9, 92, -14, 
92, 58, -34, -75, 63, 12, 29, 453, 419, 9, 92, -14, 
92, 48, -43, -70, 68, 2, 24, 439, 405, 9, 82, -14, 
92, 48, -43, -70, 68, 2, 24, 439, 405, 9, 82, -14, 
92, 58, -34, -75, 63, 12, 19, 429, 395, 9, 82, -14, 
92, 58, -34, -75, 63, 12, 19, 424, 385, 9, 82, -14, 
102, 63, -39, -82, 70, 12, 9, 429, 405, 9, 92, -4, 
102, 63, -39, -82, 70, 12, 14, 429, 400, 9, 87, -4, 
97, 63, -34, -80, 65, 14, 4, 424, 395, 9, 92, 0, 
107, 78, -29, -92, 68, 24, -4, 409, 390, 14, 102, 4, 
136, 97, -39, -117, 87, 29, -9, 400, 385, 14, 117, 9, 
136, 107, -29, -122, 82, 39, -19, 390, 375, 34, 122, 9, 
131, 102, -29, -117, 80, 36, -19, 375, 366, 39, 126, 19, 
131, 112, -19, -122, 75, 46, -29, 356, 331, 19, 136, 39, 
122, 122, 0, -122, 61, 61, -53, 312, 263, 0, 126, 39, 
117, 131, 14, -124, 51, 73, -73, 268, 195, -24, 102, 43, 
112, 131, 19, -122, 46, 75, -87, 219, 122, -63, 82, 43, 
87, 131, 43, -109, 21, 87, -122, 165, 43, -102, 63, 53, 
43, 136, 92, -90, -24, 114, -141, 92, -53, -136, 39, 63, 
24, 146, 122, -85, -48, 134, -175, 24, -156, -185, 9, 73, 
14, 165, 151, -90, -68, 158, -204, -53, -253, -239, -39, 63, 
4, 170, 165, -87, -80, 168, -239, -112, -336, -297, -78, 63, 
-19, 170, 190, -75, -104, 180, -268, -161, -385, -322, -107, 68, 
-39, 185, 224, -73, -131, 204, -292, -195, -429, -351, -122, 73, 
-48, 195, 244, -73, -146, 219, -326, -244, -502, -370, -141, 73, 
-43, 200, 244, -78, -143, 222, -366, -302, -585, -405, -165, 73, 
-63, 214, 278, -75, -170, 246, -409, -366, -658, -424, -185, 82, 
-92, 214, 307, -61, -200, 261, -458, -424, -732, -463, -219, 78, 
-117, 219, 336, -51, -226, 278, -488, -478, -805, -512, -248, 78, 
-131, 239, 370, -53, -251, 305, -522, -517, -863, -551, -287, 87, 
-131, 258, 390, -63, -261, 324, -546, -546, -893, -585, -312, 92, 
-136, 268, 405, -65, -270, 336, -566, -546, -902, -619, -346, 82, 
-161, 258, 419, -48, -290, 339, -566, -546, -902, -634, -366, 73, 
-190, 239, 429, -24, -309, 334, -561, -546, -917, -649, -395, 78, 
-204, 229, 434, -12, -319, 331, -561, -546, -922, -683, -424, 58, 
-200, 224, 424, -12, -312, 324, -561, -541, -936, -702, -448, 43, 
-200, 219, 419, -9, -309, 319, -566, -541, -941, -712, -458, 39, 
-200, 219, 419, -9, -309, 319, -585, -541, -941, -702, -458, 39, 
-200, 219, 419, -9, -309, 319, -600, -551, -917, -683, -444, 53, 
-190, 229, 419, -19, -305, 324, -605, -541, -878, -663, -429, 63, 
-195, 248, 444, -26, -319, 346, -605, -527, -839, -649, -414, 63, 
-180, 248, 429, -34, -305, 339, -605, -502, -780, -624, -400, 73, 
-170, 224, 395, -26, -283, 309, -590, -463, -722, -600, -385, 63, 
-136, 195, 331, -29, -234, 263, -556, -414, -653, -585, -375, 53, 
-107, 190, 297, -41, -202, 244, -527, -356, -570, -551, -356, 39, 
-87, 185, 273, -48, -180, 229, -483, -302, -502, -522, -331, 39, 
-63, 165, 229, -51, -146, 197, -448, -239, -439, -502, -317, 19, 
-58, 141, 200, -41, -129, 170, -414, -185, -390, -488, -302, 4, 
-58, 102, 161, -21, -109, 131, -385, -136, -341, -463, -283, 4, 
-63, 87, 151, -12, -107, 119, -356, -112, -312, -444, -278, -9, 
-48, 68, 117, -9, -82, 92, -336, -87, -278, -434, -273, -19, 
-43, 53, 97, -4, -70, 75, -312, -63, -229, -419, -253, -24, 
-48, 29, 78, 9, -63, 53, -297, -24, -190, -390, -244, -29, 
-39, 24, 63, 7, -51, 43, -268, 9, -141, -370, -229, -24, 
-29, 24, 53, 2, -41, 39, -239, 48, -82, -346, -214, -34, 
-9, 24, 34, -7, -21, 29, -219, 87, -24, -312, -190, -48, 
4, 24, 19, -14, -7, 21, -185, 131, 34, -278, -151, -48, 
-14, 14, 29, 0, -21, 21, -156, 165, 63, -248, -122, -48, 
-19, -4, 14, 12, -17, 4, -136, 190, 87, -219, -107, -43, 
-14, -4, 9, 9, -12, 2, -112, 224, 112, -209, -97, -48, 
-4, 4, 9, 0, -7, 7, -102, 234, 131, -200, -82, -48, 
0, 9, 9, -4, -4, 9, -92, 253, 156, -180, -73, -43, 
4, 4, 0, -4, 2, 2, -82, 273, 180, -161, -58, -43, 
9, 9, 0, -9, 4, 4, -73, 283, 214, -141, -39, -39, 
39, 19, -19, -29, 29, 0, -68, 292, 253, -117, -19, -34, 
53, 43, -9, -48, 31, 17, -63, 322, 283, -82, 9, -24, 
68, 48, -19, -58, 43, 14, -48, 341, 312, -58, 34, -9, 
78, 48, -29, -63, 53, 9, -39, 366, 326, -43, 48, -14, 
78, 48, -29, -63, 53, 9, -34, 375, 326, -39, 58, -9, 
87, 43, -43, -65, 65, 0, -34, 385, 331, -34, 63, 0, 
112, 53, -58, -82, 85, -2, -19, 395, 346, -29, 68, -4, 
117, 48, -68, -82, 92, -9, -4, 400, 356, -19, 73, -9, 
112, 43, -68, -78, 90, -12, 4, 405, 370, -14, 78, -9, 
112, 34, -78, -73, 95, -21, 4, 414, 390, 4, 87, 0, 
112, 43, -68, -78, 90, -12, 24, 434, 419, 14, 107, -9, 
112, 53, -58, -82, 85, -2, 34, 453, 448, 34, 107, -9, 
107, 43, -63, -75, 85, -9, 58, 478, 478, 48, 122, -9, 
102, 29, -73, -65, 87, -21, 63, 488, 483, 58, 131, -9, 
102, 29, -73, -65, 87, -21, 58, 492, 488, 58, 131, -4, 
112, 39, -73, -75, 92, -17, 63, 497, 488, 63, 136, -4, 
112, 39, -73, -75, 92, -17, 63, 497, 488, 63, 136, 0, 
112, 34, -78, -73, 95, -21, 68, 502, 488, 63, 136, 0, 
107, 29, -78, -68, 92, -24, 78, 502, 492, 68, 146, 9, 
102, 29, -73, -65, 87, -21, 82, 502, 492, 73, 151, 9, 
102, 29, -73, -65, 87, -21, 82, 507, 502, 73, 151, 9, 
97, 29, -68, -63, 82, -19, 82, 517, 512, 78, 156, 9, 
107, 39, -68, -73, 87, -14, 73, 517, 512, 78, 165, 0, 
107, 39, -68, -73, 87, -14, 73, 522, 512, 82, 170, 0, 
107, 39, -68, -73, 87, -14, 78, 522, 522, 82, 170, 0, 
112, 43, -68, -78, 90, -12, 78, 522, 522, 82, 170, 0, 
112, 34, -78, -73, 95, -21, 78, 512, 522, 82, 165, 4, 
112, 34, -78, -73, 95, -21, 78, 512, 522, 82, 165, 4, 
107, 34, -73, -70, 90, -19, 78, 512, 522, 82, 170, 4, 
107, 34, -73, -70, 90, -19, 78, 507, 527, 92, 170, 9, 
107, 48, -58, -78, 82, -4, 82, 517, 536, 102, 185, 14, 
112, 58, -53, -85, 82, 2, 82, 527, 541, 107, 185, 14, 
112, 58, -53, -85, 82, 2, 87, 527, 541, 107, 190, 14, 
112, 53, -58, -82, 85, -2, 87, 531, 546, 112, 195, 14, 
126, 53, -73, -90, 100, -9, 78, 527, 541, 112, 195, 9, 
126, 58, -68, -92, 97, -4, 82, 527, 541, 117, 195, 9, 
131, 58, -73, -95, 102, -7, 82, 522, 546, 117, 200, 14, 
131, 58, -73, -95, 102, -7, 82, 517, 546, 117, 200, 14, 
141, 58, -82, -100, 112, -12, 82, 527, 556, 112, 209, 24, 
141, 63, -78, -102, 109, -7, 82, 531, 561, 122, 209, 24, 
146, 68, -78, -107, 112, -4, 82, 536, 566, 126, 209, 29, 
146, 68, -78, -107, 112, -4, 82, 536, 566, 126, 209, 34, 
146, 68, -78, -107, 112, -4, 78, 541, 580, 136, 209, 24, 
146, 68, -78, -107, 112, -4, 78, 541, 585, 141, 214, 24, 
141, 78, -63, -109, 102, 7, 82, 541, 590, 146, 214, 29, 
141, 78, -63, -109, 102, 7, 82, 541, 595, 146, 214, 34, 
141, 78, -63, -109, 102, 7, 82, 546, 600, 151, 234, 34, 
141, 78, -63, -109, 102, 7, 82, 546, 600, 151, 239, 39, 
141, 78, -63, -109, 102, 7, 87, 546, 605, 156, 244, 39, 
151, 92, -58, -122, 104, 17, 87, 546, 610, 161, 248, 39, 
146, 97, -48, -122, 97, 24, 92, 551, 624, 170, 248, 39, 
151, 97, -53, -124, 102, 21, 92, 556, 629, 180, 253, 43, 
151, 97, -53, -124, 102, 21, 92, 556, 634, 180, 258, 43, 
156, 92, -63, -124, 109, 14, 92, 556, 639, 185, 263, 43, 
161, 97, -63, -129, 112, 17, 92, 566, 644, 200, 273, 53, 
175, 107, -68, -141, 122, 19, 92, 566, 649, 204, 278, 53, 
185, 117, -68, -151, 126, 24, 92, 570, 653, 209, 283, 53, 
190, 131, -58, -161, 124, 36, 92, 575, 658, 214, 287, 58, 
200, 131, -68, -165, 134, 31, 97, 575, 668, 229, 302, 73, 
204, 136, -68, -170, 136, 34, 92, 580, 678, 239, 312, 78, 
209, 141, -68, -175, 139, 36, 97, 580, 683, 244, 317, 82, 
209, 146, -63, -178, 136, 41, 102, 580, 692, 244, 317, 87, 
204, 161, -43, -183, 124, 58, 97, 570, 697, 253, 322, 92, 
209, 161, -48, -185, 129, 56, 92, 570, 702, 268, 326, 92, 
214, 165, -48, -190, 131, 58, 87, 570, 707, 273, 336, 97, 
219, 170, -48, -195, 134, 61, 82, 570, 707, 278, 336, 97, 
239, 185, -53, -212, 146, 65, 73, 561, 697, 278, 351, 97, 
239, 190, -48, -214, 143, 70, 58, 556, 702, 283, 356, 97, 
244, 190, -53, -217, 148, 68, 29, 551, 702, 287, 356, 97, 
248, 195, -53, -222, 151, 70, 19, 551, 697, 292, 366, 102, 
253, 190, -63, -222, 158, 63, 19, 551, 697, 287, 356, 102, 
263, 200, -63, -231, 163, 68, 19, 546, 697, 292, 361, 112, 
263, 204, -58, -234, 161, 73, 19, 536, 697, 297, 366, 117, 
263, 209, -53, -236, 158, 78, 14, 531, 697, 297, 375, 117, 
278, 209, -68, -244, 173, 70, 14, 531, 688, 302, 380, 122, 
287, 219, -68, -253, 178, 75, 9, 531, 688, 307, 385, 122, 
292, 229, -63, -261, 178, 82, 9, 531, 692, 312, 390, 122, 
292, 234, -58, -263, 175, 87, 4, 536, 702, 317, 395, 126, 
302, 224, -78, -263, 190, 73, 9, 546, 697, 322, 400, 117, 
307, 229, -78, -268, 192, 75, 4, 551, 702, 331, 405, 131, 
317, 234, -82, -275, 200, 75, 0, 551, 702, 331, 405, 131, 
322, 239, -82, -280, 202, 78, -4, 551, 702, 336, 409, 131, 
326, 248, -78, -287, 202, 85, -4, 551, 707, 331, 405, 141, 
326, 239, -87, -283, 207, 75, -4, 551, 712, 331, 409, 141, 
326, 234, -92, -280, 209, 70, 0, 551, 707, 331, 419, 146, 
341, 239, -102, -290, 222, 68, 0, 546, 697, 331, 424, 146, 
351, 263, -87, -307, 219, 87, -9, 546, 692, 331, 409, 146, 
351, 263, -87, -307, 219, 87, -19, 536, 688, 331, 419, 156, 
351, 263, -87, -307, 219, 87, -19, 536, 683, 331, 419, 156, 
351, 263, -87, -307, 219, 87, -19, 536, 678, 331, 419, 156, 
351, 263, -87, -307, 219, 87, -19, 536, 673, 331, 419, 156, 
351, 258, -92, -305, 222, 82, -19, 531, 663, 317, 419, 151, 
351, 258, -92, -305, 222, 82, -24, 527, 663, 317, 419, 151, 
351, 258, -92, -305, 222, 82, -29, 522, 663, 317, 419, 151, 
351, 258, -92, -305, 222, 82, -29, 517, 663, 317, 414, 151, 
341, 263, -78, -302, 209, 92, -34, 517, 658, 307, 409, 151, 
341, 263, -78, -302, 209, 92, -29, 507, 649, 302, 405, 151, 
341, 263, -78, -302, 209, 92, -24, 507, 639, 292, 400, 151, 
341, 258, -82, -300, 212, 87, -19, 507, 634, 287, 395, 151, 
331, 248, -82, -290, 207, 82, -14, 497, 619, 273, 385, 151, 
322, 244, -78, -283, 200, 82, -9, 497, 610, 263, 375, 146, 
312, 239, -73, -275, 192, 82, -14, 497, 605, 258, 366, 141, 
302, 234, -68, -268, 185, 82, -9, 497, 600, 248, 356, 136, 
292, 224, -68, -258, 180, 78, -9, 478, 590, 229, 346, 126, 
283, 214, -68, -248, 175, 73, -4, 478, 580, 219, 336, 126, 
273, 204, -68, -239, 170, 68, 0, 483, 570, 209, 326, 126, 
263, 195, -68, -229, 165, 63, 4, 483, 556, 200, 317, 126, 
253, 190, -63, -222, 158, 63, 4, 478, 536, 190, 307, 122, 
248, 185, -63, -217, 156, 61, 4, 473, 531, 180, 297, 117, 
244, 180, -63, -212, 153, 58, 4, 463, 522, 170, 287, 112, 
234, 175, -58, -204, 146, 58, 0, 458, 507, 161, 278, 107, 
219, 161, -58, -190, 139, 51, 4, 458, 497, 146, 268, 97, 
214, 156, -58, -185, 136, 48, 4, 453, 492, 136, 258, 92, 
209, 151, -58, -180, 134, 46, 9, 453, 488, 126, 244, 92, 
195, 136, -58, -165, 126, 39, 14, 453, 483, 117, 234, 92, 
190, 126, -63, -158, 126, 31, 24, 444, 468, 117, 224, 78, 
185, 126, -58, -156, 122, 34, 24, 439, 463, 112, 219, 73, 
180, 126, -53, -153, 117, 36, 29, 439, 458, 107, 214, 73, 
175, 122, -53, -148, 114, 34, 34, 439, 453, 102, 209, 68, 
165, 102, -63, -134, 114, 19, 24, 439, 448, 82, 200, 58, 
156, 97, -58, -126, 107, 19, 29, 439, 444, 78, 195, 53, 
146, 97, -48, -122, 97, 24, 34, 439, 439, 73, 190, 48, 
136, 92, -43, -114, 90, 24, 43, 439, 434, 63, 185, 39, 
126, 82, -43, -104, 85, 19, 43, 448, 424, 48, 175, 24, 
122, 73, -48, -97, 85, 12, 43, 448, 424, 48, 175, 24, 
122, 68, -53, -95, 87, 7, 43, 448, 424, 48, 175, 24, 
126, 73, -53, -100, 90, 9, 43, 448, 424, 53, 175, 24, 
126, 63, -63, -95, 95, 0, 48, 444, 424, 48, 170, 19, 
122, 58, -63, -90, 92, -2, 48, 448, 424, 39, 156, 19, 
107, 53, -53, -80, 80, 0, 48, 448, 424, 34, 151, 19, 
117, 53, -63, -85, 90, -4, 53, 448, 424, 29, 146, 19, 
112, 48, -63, -80, 87, -7, 53, 439, 414, 19, 146, 9, 
112, 48, -63, -80, 87, -7, 53, 444, 414, 19, 146, 9, 
107, 39, -68, -73, 87, -14, 63, 444, 414, 19, 151, 9, 
107, 34, -73, -70, 90, -19, 63, 444, 414, 19, 151, 9, 
97, 34, -63, -65, 80, -14, 63, 444, 424, 19, 141, 9, 
97, 34, -63, -65, 80, -14, 58, 444, 424, 19, 141, 9, 
97, 34, -63, -65, 80, -14, 58, 444, 424, 19, 141, 9, 
92, 29, -63, -61, 78, -17, 58, 448, 424, 19, 141, 9, 
97, 39, -58, -68, 78, -9, 58, 448, 419, 14, 141, 0, 
97, 39, -58, -68, 78, -9, 58, 448, 419, 14, 141, 0, 
102, 39, -63, -70, 82, -12, 58, 448, 419, 14, 141, 0, 
102, 39, -63, -70, 82, -12, 58, 444, 419, 14, 141, -4, 
92, 43, -48, -68, 70, -2, 68, 453, 419, 14, 141, 4, 
92, 43, -48, -68, 70, -2, 68, 453, 419, 14, 141, 4, 
92, 43, -48, -68, 70, -2, 68, 453, 419, 14, 141, 4, 
92, 48, -43, -70, 68, 2, 68, 453, 419, 14, 141, 4, 
92, 48, -43, -70, 68, 2, 78, 448, 429, 14, 136, 4, 
92, 48, -43, -70, 68, 2, 78, 448, 429, 14, 136, 4, 
87, 48, -39, -68, 63, 4, 78, 448, 429, 14, 141, 4, 
87, 48, -39, -68, 63, 4, 78, 448, 429, 14, 141, 4, 
92, 63, -29, -78, 61, 17, 78, 448, 429, 19, 151, 14, 
92, 63, -29, -78, 61, 17, 78, 444, 429, 24, 151, 9, 
92, 63, -29, -78, 61, 17, 78, 444, 429, 29, 151, 9, 
92, 63, -29, -78, 61, 17, 78, 444, 429, 34, 151, 9, 
102, 63, -39, -82, 70, 12, 73, 434, 439, 39, 161, 9, 
102, 68, -34, -85, 68, 17, 68, 434, 439, 39, 161, 9, 
102, 73, -29, -87, 65, 21, 63, 434, 439, 39, 161, 14, 
102, 78, -24, -90, 63, 26, 58, 434, 439, 39, 161, 14, 
102, 87, -14, -95, 58, 36, 48, 419, 434, 48, 161, 24, 
102, 87, -14, -95, 58, 36, 43, 419, 434, 48, 161, 24, 
102, 97, -4, -100, 53, 46, 34, 409, 424, 48, 161, 24, 
102, 97, -4, -100, 53, 46, 29, 405, 414, 48, 161, 24, 
102, 102, 0, -102, 51, 51, 9, 380, 385, 48, 170, 34, 
102, 102, 0, -102, 51, 51, 4, 370, 380, 48, 175, 34, 
117, 112, -4, -114, 61, 53, -14, 356, 366, 48, 170, 48, 
136, 126, -9, -131, 73, 58, -24, 341, 351, 43, 180, 43, 
136, 136, 0, -136, 68, 68, -39, 331, 346, 34, 185, 39, 
126, 136, 9, -131, 58, 73, -48, 322, 336, 34, 190, 48, 
122, 131, 9, -126, 56, 70, -68, 307, 317, 39, 195, 58, 
141, 151, 9, -146, 65, 80, -87, 287, 302, 48, 204, 58, 
151, 180, 29, -165, 61, 104, -102, 273, 273, 48, 204, 68, 
146, 180, 34, -163, 56, 107, -112, 239, 224, 34, 200, 82, 
122, 180, 58, -151, 31, 119, -126, 190, 151, 4, 190, 82, 
107, 180, 73, -143, 17, 126, -151, 136, 63, -34, 161, 92, 
92, 185, 92, -139, 0, 139, -180, 73, -24, -87, 126, 92, 
63, 195, 131, -129, -34, 163, -204, 24, -107, -146, 87, 102, 
53, 195, 141, -124, -43, 168, -214, -24, -185, -200, 58, 102, 
43, 200, 156, -122, -56, 178, -239, -73, -248, -239, 29, 112, 
19, 209, 190, -114, -85, 200, -268, -112, -297, -273, 0, 117, 
-9, 224, 234, -107, -122, 229, -292, -136, -341, -312, -34, 112, 
-9, 234, 244, -112, -126, 239, -317, -175, -414, -351, -63, 112, 
-14, 248, 263, -117, -139, 256, -336, -224, -488, -385, -97, 112, 
-24, 253, 278, -114, -151, 265, -361, -268, -551, -424, -136, 112, 
-43, 263, 307, -109, -175, 285, -380, -307, -614, -473, -161, 107, 
-39, 278, 317, -119, -178, 297, -409, -351, -668, -502, -190, 117, 
-34, 307, 341, -136, -187, 324, -434, -380, -707, -531, -200, 117, 
-53, 317, 370, -131, -212, 344, -458, -419, -727, -546, -224, 112, 
-78, 307, 385, -114, -231, 346, -478, -439, -746, -580, -268, 112, 
-112, 268, 380, -78, -246, 324, -478, -429, -756, -614, -307, 102, 
-141, 248, 390, -53, -265, 319, -473, -419, -761, -649, -346, 78, 
-156, 258, 414, -51, -285, 336, -483, -429, -795, -673, -375, 68, 
-151, 253, 405, -51, -278, 329, -502, -463, -819, -692, -400, 63, 
-170, 219, 390, -24, -280, 305, -507, -483, -844, -702, -409, 48, 
-190, 200, 390, -4, -290, 295, -527, -502, -863, -712, -419, 48, 
-209, 200, 409, 4, -309, 305, -531, -512, -868, -712, -414, 43, 
-200, 209, 409, -4, -305, 309, -527, -512, -849, -702, -419, 34, 
-195, 209, 405, -7, -300, 307, -536, -497, -819, -688, -405, 34, 
-190, 190, 380, 0, -285, 285, -527, -473, -780, -673, -400, 24, 
-180, 165, 346, 7, -263, 256, -502, -434, -722, -658, -395, 14, 
-175, 146, 322, 14, -248, 234, -468, -375, -653, -644, -385, -4, 
-156, 131, 287, 12, -222, 209, -429, -317, -590, -610, -366, -9, 
-136, 117, 253, 9, -195, 185, -395, -263, -522, -580, -341, -19, 
-141, 87, 229, 26, -185, 158, -361, -219, -468, -551, -326, -29, 
-136, 63, 200, 36, -168, 131, -326, -175, -419, -517, -312, -34, 
-117, 43, 161, 36, -139, 102, -287, -126, -370, -483, -292, -43, 
-112, 39, 151, 36, -131, 95, -258, -82, -322, -473, -278, -58, 
-117, 9, 126, 53, -122, 68, -229, -39, -278, -463, -273, -68, 
-131, -14, 117, 73, -124, 51, -204, -4, -229, -439, -253, -73, 
-107, -19, 87, 63, -97, 34, -190, 24, -170, -409, -224, -78, 
-97, -4, 92, 51, -95, 43, -161, 58, -112, -370, -190, -73, 
-107, -4, 102, 56, -104, 48, -141, 87, -63, -346, -165, -73, 
-97, -4, 92, 51, -95, 43, -122, 126, -24, -322, -161, -78, 
-82, -14, 68, 48, -75, 26, -87, 170, 24, -297, -141, -78, 
-73, -14, 58, 43, -65, 21, -58, 204, 63, -258, -102, -68, 
-58, -4, 53, 31, -56, 24, -48, 229, 87, -219, -78, -63, 
-34, 4, 39, 14, -36, 21, -53, 244, 122, -190, -58, -68, 
-4, 4, 9, 0, -7, 7, -43, 253, 161, -170, -34, -58, 
0, 0, 0, 0, 0, 0, -34, 263, 175, -151, -14, -63, 
14, -4, -19, -4, 17, -12, -43, 273, 190, -151, 9, -63, 
39, 29, -9, -34, 24, 9, -43, 283, 204, -131, 29, -48, 
68, 58, -9, -63, 39, 24, -39, 283, 224, -107, 39, -24, 
82, 73, -9, -78, 46, 31, -34, 292, 244, -92, 48, -24, 
87, 78, -9, -82, 48, 34, -29, 322, 273, -78, 63, -29, 
87, 68, -19, -78, 53, 24, -19, 346, 307, -63, 68, -24, 
107, 58, -48, -82, 78, 4, -4, 375, 317, -48, 78, -29, 
136, 63, -73, -100, 104, -4, 4, 395, 331, -34, 82, -39, 
141, 53, -87, -97, 114, -17, 19, 405, 356, -29, 97, -43, 
126, 39, -87, -82, 107, -24, 34, 419, 366, -9, 112, -48, 
122, 24, -97, -73, 109, -36, 43, 434, 390, -4, 126, -48, 
122, 24, -97, -73, 109, -36, 53, 444, 409, 4, 136, -48, 
122, 43, -78, -82, 100, -17, 63, 453, 429, 24, 146, -39, 
122, 53, -68, -87, 95, -7, 63, 453, 439, 43, 156, -29, 
126, 63, -63, -95, 95, 0, 58, 458, 448, 48, 161, -29, 
122, 58, -63, -90, 92, -2, 63, 468, 453, 58, 161, -19, 
122, 48, -73, -85, 97, -12, 68, 473, 458, 48, 161, -24, 
131, 58, -73, -95, 102, -7, 73, 478, 458, 53, 165, -24, 
131, 58, -73, -95, 102, -7, 73, 478, 458, 53, 165, -19, 
131, 53, -78, -92, 104, -12, 78, 483, 458, 53, 165, -19, 
131, 48, -82, -90, 107, -17, 78, 483, 463, 48, 175, -19, 
131, 48, -82, -90, 107, -17, 82, 483, 463, 53, 180, -19, 
136, 48, -87, -92, 112, -19, 82, 488, 473, 53, 180, -19, 
136, 48, -87, -92, 112, -19, 82, 497, 483, 58, 185, -19, 
146, 58, -87, -102, 117, -14, 73, 497, 483, 68, 185, -19, 
146, 58, -87, -102, 117, -14, 73, 502, 483, 73, 190, -19, 
146, 58, -87, -102, 117, -14, 78, 502, 492, 73, 190, -19, 
151, 63, -87, -107, 119, -12, 78, 502, 492, 73, 190, -19, 
151, 63, -87, -107, 119, -12, 87, 502, 502, 82, 204, -14, 
151, 63, -87, -107, 119, -12, 87, 502, 502, 82, 204, -14, 
146, 63, -82, -104, 114, -9, 87, 502, 502, 82, 209, -14, 
146, 63, -82, -104, 114, -9, 87, 497, 507, 92, 209, -9, 
156, 78, -78, -117, 117, 0, 92, 507, 507, 92, 214, 4, 
161, 87, -73, -124, 117, 7, 92, 517, 512, 97, 214, 4, 
161, 87, -73, -124, 117, 7, 97, 517, 512, 97, 219, 4, 
161, 82, -78, -122, 119, 2, 97, 522, 517, 102, 224, 4, 
165, 92, -73, -129, 119, 9, 97, 531, 527, 112, 214, 0, 
165, 97, -68, -131, 117, 14, 102, 536, 531, 117, 214, 0, 
170, 97, -73, -134, 122, 12, 102, 536, 541, 117, 219, 4, 
170, 97, -73, -134, 122, 12, 102, 536, 546, 117, 219, 4, 
161, 87, -73, -124, 117, 7, 112, 536, 556, 122, 239, 14, 
161, 92, -68, -126, 114, 12, 112, 541, 561, 131, 239, 14, 
165, 97, -68, -131, 117, 14, 112, 546, 566, 136, 239, 19, 
165, 97, -68, -131, 117, 14, 112, 546, 566, 136, 239, 24, 
180, 107, -73, -143, 126, 17, 107, 546, 561, 146, 258, 34, 
185, 107, -78, -146, 131, 14, 107, 541, 566, 151, 263, 34, 
185, 117, -68, -151, 126, 24, 112, 536, 570, 156, 263, 39, 
190, 117, -73, -153, 131, 21, 112, 531, 575, 156, 263, 43, 
180, 122, -58, -151, 119, 31, 102, 546, 590, 161, 273, 34, 
180, 126, -53, -153, 117, 36, 102, 546, 590, 161, 278, 39, 
180, 131, -48, -156, 114, 41, 107, 546, 595, 165, 283, 39, 
190, 151, -39, -170, 114, 56, 107, 546, 600, 170, 287, 39, 
195, 161, -34, -178, 114, 63, 87, 541, 600, 180, 287, 48, 
200, 165, -34, -183, 117, 65, 82, 536, 600, 190, 292, 53, 
200, 170, -29, -185, 114, 70, 78, 527, 600, 190, 297, 53, 
204, 170, -34, -187, 119, 68, 73, 517, 600, 195, 302, 53, 
214, 170, -43, -192, 129, 63, 63, 497, 585, 200, 292, 53, 
224, 175, -48, -200, 136, 63, 53, 488, 580, 204, 297, 53, 
229, 180, -48, -204, 139, 65, 43, 483, 575, 209, 302, 53, 
229, 190, -39, -209, 134, 75, 34, 478, 570, 214, 307, 58, 
229, 190, -39, -209, 134, 75, 19, 473, 566, 204, 302, 53, 
234, 195, -39, -214, 136, 78, 4, 473, 561, 209, 312, 58, 
239, 200, -39, -219, 139, 80, 0, 468, 551, 209, 317, 63, 
239, 204, -34, -222, 136, 85, -4, 463, 546, 204, 317, 68, 
248, 209, -39, -229, 143, 85, -14, 463, 551, 204, 322, 63, 
258, 209, -48, -234, 153, 80, -14, 463, 556, 219, 326, 63, 
268, 214, -53, -241, 161, 80, -14, 463, 561, 224, 336, 68, 
278, 219, -58, -248, 168, 80, -14, 463, 561, 229, 336, 68, 
287, 239, -48, -263, 168, 95, -24, 458, 561, 239, 351, 78, 
287, 248, -39, -268, 163, 104, -29, 458, 566, 244, 356, 78, 
292, 253, -39, -273, 165, 107, -48, 458, 566, 248, 356, 78, 
297, 263, -34, -280, 165, 114, -48, 463, 561, 253, 366, 82, 
292, 248, -43, -270, 168, 102, -34, 478, 566, 244, 361, 82, 
302, 248, -53, -275, 178, 97, -29, 478, 570, 244, 361, 92, 
302, 244, -58, -273, 180, 92, -24, 473, 575, 244, 361, 97, 
302, 239, -63, -270, 183, 87, -24, 473, 580, 239, 366, 97, 
297, 239, -58, -268, 178, 90, -19, 473, 570, 244, 361, 92, 
307, 248, -58, -278, 183, 95, -19, 473, 570, 248, 366, 92, 
312, 258, -53, -285, 183, 102, -14, 473, 575, 253, 370, 92, 
312, 263, -48, -287, 180, 107, -14, 478, 585, 258, 375, 97, 
312, 253, -58, -283, 185, 97, -14, 488, 580, 253, 370, 87, 
317, 258, -58, -287, 187, 100, -14, 492, 585, 263, 375, 102, 
326, 263, -63, -295, 195, 100, -14, 492, 585, 263, 375, 102, 
331, 268, -63, -300, 197, 102, -14, 492, 585, 268, 380, 102, 
326, 258, -68, -292, 197, 95, -4, 492, 590, 258, 380, 92, 
326, 248, -78, -287, 202, 85, -4, 492, 585, 253, 380, 92, 
336, 244, -92, -290, 214, 75, 0, 492, 580, 248, 375, 97, 
341, 239, -102, -290, 222, 68, 0, 488, 580, 244, 375, 97, 
336, 239, -97, -287, 217, 70, 4, 488, 570, 244, 366, 97, 
331, 239, -92, -285, 212, 73, 4, 488, 566, 244, 366, 97, 
326, 239, -87, -283, 207, 75, -4, 478, 556, 244, 366, 97, 
322, 239, -82, -280, 202, 78, -4, 478, 551, 239, 366, 102, 
326, 258, -68, -292, 197, 95, 0, 478, 561, 239, 346, 117, 
326, 258, -68, -292, 197, 95, 0, 473, 551, 234, 346, 117, 
326, 248, -78, -287, 202, 85, -4, 473, 551, 229, 346, 117, 
317, 248, -68, -283, 192, 90, -4, 473, 536, 229, 346, 117, 
307, 248, -58, -278, 183, 95, -4, 463, 536, 219, 351, 107, 
312, 253, -58, -283, 185, 97, -14, 463, 531, 214, 346, 107, 
312, 253, -58, -283, 185, 97, -14, 453, 527, 209, 341, 107, 
302, 253, -48, -278, 175, 102, -9, 448, 512, 209, 336, 102, 
287, 239, -48, -263, 168, 95, -19, 439, 497, 190, 322, 102, 
287, 239, -48, -263, 168, 95, -19, 434, 488, 180, 312, 102, 
287, 229, -58, -258, 173, 85, -19, 434, 478, 175, 302, 102, 
283, 229, -53, -256, 168, 87, -19, 424, 473, 165, 297, 102, 
278, 219, -58, -248, 168, 80, -9, 434, 473, 156, 297, 112, 
258, 219, -39, -239, 148, 90, -9, 429, 468, 156, 292, 112, 
248, 219, -29, -234, 139, 95, -9, 429, 463, 156, 283, 112, 
244, 219, -24, -231, 134, 97, -9, 424, 458, 146, 278, 107, 
239, 204, -34, -222, 136, 85, -9, 409, 439, 136, 273, 92, 
224, 195, -29, -209, 126, 82, -4, 405, 429, 126, 268, 87, 
214, 190, -24, -202, 119, 82, -4, 405, 414, 117, 258, 82, 
204, 185, -19, -195, 112, 82, 0, 400, 405, 112, 248, 78, 
214, 185, -29, -200, 122, 78, 0, 395, 405, 107, 253, 82, 
204, 190, -14, -197, 109, 87, -4, 395, 400, 97, 244, 78, 
200, 190, -9, -195, 104, 90, -4, 390, 405, 97, 234, 78, 
185, 185, 0, -185, 92, 92, -4, 385, 405, 92, 224, 73, 
175, 170, -4, -173, 90, 82, 4, 390, 400, 73, 204, 63, 
165, 170, 4, -168, 80, 87, 4, 390, 385, 68, 200, 58, 
161, 165, 4, -163, 78, 85, 9, 395, 385, 58, 190, 53, 
146, 146, 0, -146, 73, 73, 19, 405, 380, 58, 185, 48, 
141, 117, -24, -129, 82, 46, 29, 405, 375, 53, 185, 39, 
136, 117, -19, -126, 78, 48, 34, 405, 370, 48, 175, 29, 
136, 112, -24, -124, 80, 43, 34, 405, 375, 39, 170, 24, 
131, 112, -19, -122, 75, 46, 39, 405, 380, 34, 170, 14, 
117, 107, -9, -112, 63, 48, 39, 414, 385, 34, 175, 24, 
112, 107, -4, -109, 58, 51, 39, 409, 385, 34, 165, 24, 
102, 112, 9, -107, 46, 61, 39, 409, 385, 34, 170, 24, 
102, 112, 9, -107, 46, 61, 39, 409, 385, 34, 161, 24, 
102, 107, 4, -104, 48, 56, 43, 419, 390, 34, 161, 9, 
97, 97, 0, -97, 48, 48, 43, 424, 385, 34, 156, 9, 
92, 87, -4, -90, 48, 41, 43, 429, 380, 34, 151, 9, 
97, 87, -9, -92, 53, 39, 39, 429, 380, 34, 146, 9, 
107, 87, -19, -97, 63, 34, 43, 419, 385, 34, 156, 9, 
102, 82, -19, -92, 61, 31, 53, 419, 375, 29, 151, 9, 
102, 82, -19, -92, 61, 31, 58, 419, 380, 24, 151, 0, 
102, 82, -19, -92, 61, 31, 63, 419, 390, 19, 151, -9, 
107, 87, -19, -97, 63, 34, 63, 424, 400, 24, 156, -4, 
107, 97, -9, -102, 58, 43, 68, 429, 400, 29, 151, -4, 
107, 102, -4, -104, 56, 48, 78, 434, 400, 34, 151, -4, 
102, 107, 4, -104, 48, 56, 78, 439, 400, 39, 151, 0, 
107, 97, -9, -102, 58, 43, 68, 439, 414, 43, 161, 0, 
107, 97, -9, -102, 58, 43, 73, 439, 414, 43, 161, 0, 
107, 102, -4, -104, 56, 48, 73, 439, 414, 39, 156, 0, 
107, 112, 4, -109, 51, 58, 73, 439, 414, 34, 156, 0, 
117, 112, -4, -114, 61, 53, 63, 424, 405, 34, 156, 0, 
112, 107, -4, -109, 58, 51, 53, 409, 395, 34, 156, 0, 
112, 107, -4, -109, 58, 51, 39, 395, 385, 29, 156, 0, 
117, 112, -4, -114, 61, 53, 29, 380, 375, 29, 151, 0, 
122, 126, 4, -124, 58, 65, 9, 366, 370, 19, 146, 4, 
122, 122, 0, -122, 61, 61, 0, 361, 361, 19, 141, 4, 
112, 122, 9, -117, 51, 65, -4, 356, 351, 19, 141, 4, 
112, 126, 14, -119, 48, 70, -4, 356, 341, 14, 146, 4, 
126, 122, -4, -124, 65, 58, -9, 366, 341, 14, 136, 0, 
126, 122, -4, -124, 65, 58, -19, 361, 341, 14, 136, -4, 
122, 117, -4, -119, 63, 56, -24, 361, 341, 9, 136, -4, 
122, 117, -4, -119, 63, 56, -29, 361, 341, 9, 136, -4, 
131, 122, -9, -126, 70, 56, -39, 361, 341, 24, 151, 4, 
146, 131, -14, -139, 80, 58, -39, 361, 341, 24, 151, 4, 
156, 141, -14, -148, 85, 63, -39, 361, 341, 24, 151, 4, 
165, 146, -19, -156, 92, 63, -39, 361, 341, 29, 151, 4, 
161, 146, -14, -153, 87, 65, -39, 351, 336, 29, 151, 14, 
161, 151, -9, -156, 85, 70, -48, 351, 336, 29, 151, 14, 
161, 156, -4, -158, 82, 75, -53, 351, 336, 29, 146, 14, 
161, 161, 0, -161, 80, 80, -53, 351, 331, 24, 146, 14, 
161, 146, -14, -153, 87, 65, -48, 356, 336, 19, 136, 9, 
156, 136, -19, -146, 87, 58, -39, 361, 341, 19, 141, 4, 
156, 131, -24, -143, 90, 53, -34, 366, 341, 14, 141, 0, 
165, 131, -34, -148, 100, 48, -29, 370, 346, 9, 141, -4, 
175, 146, -29, -161, 102, 58, -24, 370, 356, 19, 141, 4, 
175, 146, -29, -161, 102, 58, -24, 375, 351, 19, 141, 4, 
175, 146, -29, -161, 102, 58, -29, 375, 351, 19, 141, 9, 
175, 146, -29, -161, 102, 58, -29, 375, 351, 19, 141, 9, 
175, 136, -39, -156, 107, 48, -19, 385, 351, 9, 131, 0, 
175, 136, -39, -156, 107, 48, -19, 380, 351, 9, 131, -4, 
175, 131, -43, -153, 109, 43, -19, 380, 351, 9, 131, -14, 
170, 126, -43, -148, 107, 41, -24, 380, 351, 9, 131, -19, 
175, 131, -43, -153, 109, 43, -24, 380, 361, 4, 131, -9, 
175, 136, -39, -156, 107, 48, -24, 380, 356, 4, 131, -9, 
175, 136, -39, -156, 107, 48, -19, 380, 356, 4, 136, -9, 
170, 136, -34, -153, 102, 51, -14, 375, 356, 4, 136, -9, 
156, 126, -29, -141, 92, 48, -9, 380, 366, 0, 126, -9, 
156, 122, -34, -139, 95, 43, -9, 385, 366, 0, 126, -9, 
161, 117, -43, -139, 102, 36, -4, 385, 366, 0, 126, -14, 
165, 112, -53, -139, 109, 29, 0, 390, 361, 0, 126, -14, 
156, 102, -53, -129, 104, 24, 4, 390, 356, -9, 117, -24, 
146, 82, -63, -114, 104, 9, 14, 400, 356, -9, 117, -24, 
165, 92, -73, -129, 119, 9, 14, 400, 356, 0, 117, -14, 
195, 102, -92, -148, 143, 4, 9, 390, 346, -4, 117, -24, 
175, 107, -68, -141, 122, 19, 9, 390, 351, -9, 107, -29, 
165, 107, -58, -136, 112, 24, 9, 400, 351, 0, 107, -19, 
165, 107, -58, -136, 112, 24, 9, 400, 351, 0, 107, -19, 
165, 107, -58, -136, 112, 24, 9, 400, 351, 0, 107, -19, 
165, 107, -58, -136, 112, 24, 9, 400, 351, 0, 107, -19, 
175, 102, -73, -139, 124, 14, 19, 400, 361, -4, 107, -24, 
175, 102, -73, -139, 124, 14, 14, 400, 361, -4, 107, -24, 
175, 102, -73, -139, 124, 14, 9, 400, 361, -4, 107, -24, 
175, 102, -73, -139, 124, 14, 9, 400, 361, -4, 102, -24, 
175, 107, -68, -141, 122, 19, 9, 390, 351, -4, 102, -19, 
175, 107, -68, -141, 122, 19, 9, 380, 346, -9, 102, -24, 
175, 107, -68, -141, 122, 19, 9, 380, 341, -19, 102, -29, 
175, 102, -73, -139, 124, 14, 9, 380, 341, -24, 102, -34, 
165, 102, -63, -134, 114, 19, 19, 380, 351, -9, 102, -19, 
165, 107, -58, -136, 112, 24, 19, 380, 346, -9, 102, -19, 
165, 112, -53, -139, 109, 29, 9, 380, 346, -4, 102, -19, 
165, 117, -48, -141, 107, 34, 9, 380, 346, -4, 102, -19, 
165, 107, -58, -136, 112, 24, 4, 380, 346, -14, 102, -29, 
165, 107, -58, -136, 112, 24, 4, 380, 346, -14, 102, -29, 
165, 107, -58, -136, 112, 24, 4, 385, 346, -14, 102, -29, 
165, 107, -58, -136, 112, 24, 4, 385, 341, -14, 102, -29, 
156, 107, -48, -131, 102, 29, 14, 385, 341, -14, 102, -29, 
161, 107, -53, -134, 107, 26, 14, 385, 346, -14, 102, -29, 
165, 107, -58, -136, 112, 24, 14, 380, 346, -14, 102, -29, 
165, 107, -58, -136, 112, 24, 9, 380, 341, -14, 102, -29, 
175, 97, -78, -136, 126, 9, 9, 380, 336, -19, 92, -29, 
175, 97, -78, -136, 126, 9, 4, 375, 336, -19, 92, -34, 
175, 97, -78, -136, 126, 9, 4, 375, 336, -19, 87, -34, 
165, 87, -78, -126, 122, 4, 4, 375, 336, -19, 87, -34, 
165, 97, -68, -131, 117, 14, 4, 375, 336, -14, 102, -34, 
165, 97, -68, -131, 117, 14, 4, 370, 336, -14, 102, -34, 
165, 97, -68, -131, 117, 14, 9, 370, 336, -14, 102, -29, 
165, 92, -73, -129, 119, 9, 14, 370, 336, -14, 102, -29, 
165, 92, -73, -129, 119, 9, 24, 380, 346, -9, 87, -24, 
165, 97, -68, -131, 117, 14, 29, 380, 346, -9, 87, -24, 
165, 107, -58, -136, 112, 24, 34, 380, 346, -9, 87, -24, 
165, 112, -53, -139, 109, 29, 43, 380, 346, -14, 87, -29, 
156, 102, -53, -129, 104, 24, 39, 380, 356, -19, 97, -34, 
151, 92, -58, -122, 104, 17, 34, 380, 356, -19, 97, -34, 
151, 87, -63, -119, 107, 12, 29, 380, 356, -19, 97, -34, 
156, 92, -63, -124, 109, 14, 24, 380, 356, -14, 97, -34, 
165, 97, -68, -131, 117, 14, 29, 375, 356, -9, 102, -29, 
161, 97, -63, -129, 112, 17, 29, 380, 356, -9, 97, -29, 
146, 97, -48, -122, 97, 24, 29, 380, 356, -4, 102, -29, 
156, 102, -53, -129, 104, 24, 34, 380, 356, 0, 107, -29, 
161, 112, -48, -136, 104, 31, 34, 380, 366, 9, 107, -19, 
161, 117, -43, -139, 102, 36, 34, 385, 366, 9, 107, -19, 
156, 112, -43, -134, 100, 34, 43, 385, 366, 9, 112, -19, 
156, 112, -43, -134, 100, 34, 43, 385, 366, 9, 112, -19, 
165, 122, -43, -143, 104, 39, 34, 370, 356, 0, 112, -9, 
165, 122, -43, -143, 104, 39, 19, 366, 356, 0, 112, -9, 
165, 122, -43, -143, 104, 39, 9, 361, 356, 0, 112, -9, 
161, 117, -43, -139, 102, 36, 0, 361, 356, 0, 112, -9, 
156, 122, -34, -139, 95, 43, -9, 351, 346, -4, 102, -19, 
156, 126, -29, -141, 92, 48, -19, 341, 341, -4, 102, -19, 
161, 131, -29, -146, 95, 51, -29, 331, 336, -4, 102, -19, 
161, 136, -24, -148, 92, 56, -39, 317, 331, -4, 102, -24, 
170, 131, -39, -151, 104, 46, -43, 317, 322, -4, 102, -24, 
170, 131, -39, -151, 104, 46, -48, 317, 322, -4, 102, -24, 
170, 131, -39, -151, 104, 46, -53, 317, 322, -4, 102, -24, 
170, 136, -34, -153, 102, 51, -58, 317, 322, -4, 102, -24, 
180, 122, -58, -151, 119, 31, -68, 322, 312, -14, 97, -24, 
180, 117, -63, -148, 122, 26, -68, 322, 312, -14, 97, -24, 
175, 112, -63, -143, 119, 24, -68, 322, 312, -14, 102, -24, 
175, 107, -68, -141, 122, 19, -68, 322, 312, -14, 102, -24, 
180, 117, -63, -148, 122, 26, -78, 312, 312, -14, 112, -14, 
180, 122, -58, -151, 119, 31, -78, 307, 312, -14, 112, -19, 
180, 126, -53, -153, 117, 36, -78, 307, 312, -14, 112, -19, 
180, 131, -48, -156, 114, 41, -78, 307, 312, -14, 112, -19, 
190, 131, -58, -161, 124, 36, -78, 307, 312, -9, 112, -19, 
190, 136, -53, -163, 122, 41, -78, 307, 312, -9, 112, -19, 
190, 141, -48, -165, 119, 46, -78, 307, 312, -9, 112, -14, 
190, 146, -43, -168, 117, 51, -78, 307, 312, -9, 112, -14, 
175, 141, -34, -158, 104, 53, -78, 307, 317, -9, 102, -14, 
170, 136, -34, -153, 102, 51, -73, 312, 317, -9, 102, -14, 
165, 141, -24, -153, 95, 58, -73, 307, 307, -9, 102, -14, 
161, 136, -24, -148, 92, 56, -68, 307, 297, -9, 102, -14, 
161, 122, -39, -141, 100, 41, -58, 322, 307, -9, 92, -24, 
170, 131, -39, -151, 104, 46, -53, 322, 302, 0, 107, -24, 
185, 131, -53, -158, 119, 39, -63, 317, 297, -9, 112, -19, 
195, 126, -68, -161, 131, 29, -73, 302, 292, -24, 102, -14, 
175, 107, -68, -141, 122, 19, -68, 292, 278, -24, 97, -29, 
165, 97, -68, -131, 117, 14, -68, 292, 287, -14, 112, -19, 
180, 112, -68, -146, 124, 21, -68, 297, 297, -9, 117, -9, 
190, 131, -58, -161, 124, 36, -87, 278, 273, -9, 117, 0, 
190, 141, -48, -165, 119, 46, -92, 263, 234, -19, 107, 9, 
175, 151, -24, -163, 100, 63, -112, 219, 175, -34, 102, 4, 
170, 151, -19, -161, 95, 65, -156, 151, 92, -53, 102, 14, 
185, 180, -4, -183, 95, 87, -190, 97, 24, -82, 82, 34, 
209, 204, -4, -207, 107, 100, -219, 43, -43, -107, 78, 34, 
180, 204, 24, -192, 78, 114, -253, -24, -126, -146, 58, 43, 
131, 195, 63, -163, 34, 129, -283, -102, -224, -200, 19, 43, 
112, 180, 68, -146, 21, 124, -307, -151, -297, -258, -29, 43, 
97, 190, 92, -143, 2, 141, -317, -190, -346, -302, -58, 48, 
87, 214, 126, -151, -19, 170, -322, -214, -370, -302, -73, 53, 
78, 224, 146, -151, -34, 185, -346, -244, -405, -312, -82, 53, 
34, 209, 175, -122, -70, 192, -356, -273, -458, -336, -107, 43, 
-4, 214, 219, -104, -112, 217, -370, -317, -531, -366, -126, 53, 
-34, 244, 278, -104, -156, 261, -400, -366, -595, -395, -141, 68, 
-58, 258, 317, -100, -187, 287, -429, -400, -658, -424, -180, 58, 
-82, 258, 341, -87, -212, 300, -444, -448, -727, -483, -229, 48, 
-112, 258, 370, -73, -241, 314, -458, -497, -785, -527, -263, 53, 
-146, 258, 405, -56, -275, 331, -468, -517, -824, -561, -297, 63, 
-151, 258, 409, -53, -280, 334, -478, -517, -844, -595, -326, 53, 
-170, 258, 429, -43, -300, 344, -483, -517, -839, -610, -346, 58, 
-185, 258, 444, -36, -314, 351, -483, -507, -844, -614, -366, 48, 
-219, 234, 453, -7, -336, 344, -473, -512, -858, -634, -390, 43, 
-248, 209, 458, 19, -353, 334, -478, -502, -863, -673, -419, 19, 
-258, 200, 458, 29, -358, 329, -478, -492, -873, -673, -439, 19, 
-239, 229, 468, 4, -353, 348, -492, -502, -868, -663, -424, 24, 
-229, 258, 488, -14, -358, 373, -507, -512, -849, -663, -419, 24, 
-234, 278, 512, -21, -373, 395, -527, -527, -839, -639, -405, 34, 
-229, 307, 536, -39, -383, 422, -546, -541, -810, -605, -370, 53, 
-190, 312, 502, -61, -346, 407, -551, -531, -761, -580, -346, 63, 
-165, 273, 439, -53, -302, 356, -536, -473, -692, -566, -356, 43, 
-146, 229, 375, -41, -261, 302, -497, -405, -610, -551, -346, 19, 
-117, 214, 331, -48, -224, 273, -453, -341, -531, -512, -312, 9, 
-92, 195, 287, -51, -190, 241, -429, -297, -468, -483, -307, -9, 
-78, 180, 258, -51, -168, 219, -405, -253, -419, -458, -292, -14, 
-68, 161, 229, -46, -148, 195, -375, -204, -370, -453, -273, -14, 
-63, 136, 200, -36, -131, 168, -336, -170, -341, -453, -268, -39, 
-97, 58, 156, 19, -126, 107, -307, -126, -307, -453, -283, -68, 
-112, 4, 117, 53, -114, 61, -263, -82, -258, -439, -283, -82, 
-78, 9, 87, 34, -82, 48, -229, -34, -209, -409, -263, -87, 
-58, 24, 82, 17, -70, 53, -209, -9, -170, -380, -239, -82, 
-58, 14, 73, 21, -65, 43, -190, 19, -122, -356, -214, -82, 
-48, 4, 53, 21, -51, 29, -180, 58, -73, -331, -200, -87, 
-43, 4, 48, 19, -46, 26, -156, 92, -24, -307, -180, -87, 
-43, 14, 58, 14, -51, 36, -146, 117, 14, -278, -161, -87, 
-39, 24, 63, 7, -51, 43, -126, 141, 39, -278, -165, -92, 
-24, 14, 39, 4, -31, 26, -102, 175, 63, -268, -156, -107, 
-14, -4, 9, 9, -12, 2, -73, 204, 92, -248, -131, -107, 
-9, -19, -9, 14, 0, -14, -63, 224, 117, -219, -112, -102, 
14, -14, -29, 0, 21, -21, -63, 234, 141, -200, -87, -92, 
58, 19, -39, -39, 48, -9, -73, 234, 165, -180, -68, -87, 
87, 39, -48, -63, 68, -4, -68, 244, 195, -146, -39, -73, 
102, 43, -58, -73, 80, -7, -63, 263, 234, -112, -9, -63, 
107, 58, -48, -82, 78, 4, -58, 283, 263, -97, 14, -48, 
107, 68, -39, -87, 73, 14, -58, 297, 287, -82, 19, -43, 
126, 78, -48, -102, 87, 14, -53, 317, 297, -78, 29, -48, 
136, 82, -53, -109, 95, 14, -43, 317, 302, -63, 34, -48, 
141, 73, -68, -107, 104, 2, -29, 326, 307, -58, 39, -43, 
136, 68, -68, -102, 102, 0, -14, 341, 326, -39, 53, -39, 
151, 82, -68, -117, 109, 7, -4, 346, 351, -34, 58, -29, 
170, 102, -68, -136, 119, 17, -4, 356, 361, -24, 78, -29, 
170, 92, -78, -131, 124, 7, 4, 375, 380, -14, 78, -39, 
170, 92, -78, -131, 124, 7, 4, 395, 409, -4, 78, -39, 
165, 82, -82, -124, 124, 0, 19, 400, 429, 19, 92, -29, 
161, 78, -82, -119, 122, -2, 24, 409, 434, 39, 112, -19, 
151, 82, -68, -117, 109, 7, 19, 405, 448, 39, 122, -24, 
161, 97, -63, -129, 112, 17, 24, 409, 448, 43, 126, -24, 
161, 102, -58, -131, 109, 21, 24, 409, 448, 43, 126, -19, 
161, 102, -58, -131, 109, 21, 29, 414, 448, 43, 126, -19, 
151, 102, -48, -126, 100, 26, 14, 395, 448, 48, 136, -14, 
151, 107, -43, -129, 97, 31, 14, 385, 444, 53, 141, -9, 
156, 112, -43, -134, 100, 34, 9, 380, 448, 53, 141, -4, 
156, 117, -39, -136, 97, 39, 4, 380, 453, 58, 146, 0, 
165, 117, -48, -141, 107, 34, -14, 375, 448, 68, 146, 0, 
165, 117, -48, -141, 107, 34, -24, 375, 444, 73, 151, 0, 
165, 117, -48, -141, 107, 34, -29, 370, 448, 73, 151, 0, 
170, 122, -48, -146, 109, 36, -39, 366, 444, 73, 151, 0, 
175, 122, -53, -148, 114, 34, -39, 375, 434, 63, 156, 4, 
180, 122, -58, -151, 119, 31, -39, 375, 434, 63, 156, 4, 
180, 122, -58, -151, 119, 31, -39, 375, 434, 63, 161, 4, 
185, 122, -63, -153, 124, 29, -39, 370, 439, 73, 161, 9, 
195, 126, -68, -161, 131, 29, -43, 370, 448, 82, 165, 14, 
200, 136, -63, -168, 131, 36, -43, 380, 453, 87, 165, 14, 
200, 136, -63, -168, 131, 36, -39, 380, 453, 87, 170, 14, 
200, 131, -68, -165, 134, 31, -39, 385, 458, 92, 175, 14, 
200, 141, -58, -170, 129, 41, -39, 385, 463, 92, 165, 19, 
195, 146, -48, -170, 122, 48, -34, 390, 463, 97, 165, 19, 
195, 146, -48, -170, 122, 48, -34, 390, 468, 97, 170, 24, 
190, 146, -43, -168, 117, 51, -34, 390, 468, 97, 170, 24, 
190, 141, -48, -165, 119, 46, -29, 395, 473, 92, 180, 14, 
190, 141, -48, -165, 119, 46, -24, 405, 483, 102, 180, 14, 
195, 141, -53, -168, 124, 43, -19, 414, 492, 107, 180, 19, 
195, 136, -58, -165, 126, 39, -14, 419, 497, 107, 180, 24, 
190, 122, -68, -156, 129, 26, 0, 424, 492, 107, 190, 19, 
195, 117, -78, -156, 136, 19, 0, 424, 497, 112, 195, 14, 
195, 122, -73, -158, 134, 24, 4, 424, 502, 117, 195, 14, 
200, 117, -82, -158, 141, 17, 4, 424, 507, 117, 195, 14, 
200, 117, -82, -158, 141, 17, 4, 439, 512, 122, 195, 14, 
200, 117, -82, -158, 141, 17, 4, 439, 512, 122, 200, 19, 
200, 117, -82, -158, 141, 17, 9, 439, 517, 126, 204, 19, 
209, 131, -78, -170, 143, 26, 9, 439, 522, 131, 209, 19, 
204, 131, -73, -168, 139, 29, 14, 453, 536, 131, 219, 19, 
209, 126, -82, -168, 146, 21, 14, 458, 541, 141, 224, 24, 
209, 122, -87, -165, 148, 17, 14, 458, 546, 141, 229, 24, 
214, 112, -102, -163, 158, 4, 14, 458, 551, 146, 234, 24, 
214, 112, -102, -163, 158, 4, 24, 468, 566, 151, 224, 24, 
224, 117, -107, -170, 165, 4, 24, 468, 570, 156, 229, 24, 
229, 122, -107, -175, 168, 7, 24, 473, 575, 161, 234, 24, 
229, 131, -97, -180, 163, 17, 24, 478, 580, 165, 239, 29, 
239, 122, -117, -180, 178, 2, 29, 488, 585, 170, 244, 24, 
244, 126, -117, -185, 180, 4, 24, 492, 590, 180, 253, 29, 
248, 131, -117, -190, 183, 7, 29, 492, 590, 185, 258, 34, 
248, 136, -112, -192, 180, 12, 34, 492, 595, 185, 258, 39, 
253, 131, -122, -192, 187, 4, 34, 492, 600, 180, 253, 39, 
258, 131, -126, -195, 192, 2, 34, 492, 605, 190, 258, 34, 
263, 136, -126, -200, 195, 4, 34, 492, 610, 190, 268, 34, 
268, 141, -126, -204, 197, 7, 34, 492, 610, 190, 268, 29, 
268, 146, -122, -207, 195, 12, 39, 488, 614, 200, 283, 39, 
268, 151, -117, -209, 192, 17, 39, 488, 624, 204, 287, 39, 
273, 151, -122, -212, 197, 14, 24, 488, 629, 209, 287, 39, 
278, 156, -122, -217, 200, 17, 29, 492, 629, 214, 297, 43, 
283, 151, -131, -217, 207, 9, 29, 497, 624, 229, 297, 53, 
292, 161, -131, -226, 212, 14, 29, 497, 629, 234, 302, 63, 
292, 165, -126, -229, 209, 19, 29, 492, 634, 239, 307, 68, 
292, 170, -122, -231, 207, 24, 24, 492, 639, 239, 317, 68, 
307, 170, -136, -239, 222, 17, 34, 492, 639, 234, 312, 63, 
317, 180, -136, -248, 226, 21, 29, 492, 639, 239, 317, 63, 
322, 190, -131, -256, 226, 29, 29, 492, 644, 244, 322, 63, 
322, 195, -126, -258, 224, 34, 24, 497, 653, 248, 326, 68, 
312, 195, -117, -253, 214, 39, 29, 488, 649, 244, 322, 68, 
317, 200, -117, -258, 217, 41, 24, 492, 653, 253, 326, 82, 
326, 204, -122, -265, 224, 41, 19, 492, 653, 253, 326, 82, 
331, 209, -122, -270, 226, 43, 14, 492, 653, 258, 331, 82, 
326, 200, -126, -263, 226, 36, 4, 492, 653, 273, 346, 92, 
326, 200, -126, -263, 226, 36, 4, 492, 653, 273, 351, 92, 
336, 204, -131, -270, 234, 36, 9, 492, 653, 273, 351, 97, 
341, 209, -131, -275, 236, 39, 9, 488, 658, 273, 356, 97, 
341, 209, -131, -275, 236, 39, 14, 497, 668, 273, 346, 97, 
341, 209, -131, -275, 236, 39, 14, 497, 663, 273, 346, 97, 
341, 209, -131, -275, 236, 39, 4, 488, 653, 273, 346, 97, 
341, 209, -131, -275, 236, 39, 4, 488, 649, 268, 346, 102, 
336, 209, -126, -273, 231, 41, -9, 478, 658, 258, 336, 97, 
336, 209, -126, -273, 231, 41, -9, 473, 649, 253, 336, 97, 
336, 200, -136, -268, 236, 31, -14, 473, 649, 248, 336, 97, 
326, 200, -126, -263, 226, 36, -14, 473, 634, 248, 336, 97, 
326, 204, -122, -265, 224, 41, -4, 473, 634, 239, 331, 97, 
331, 214, -117, -273, 224, 48, -14, 473, 629, 234, 326, 97, 
331, 219, -112, -275, 222, 53, -14, 463, 624, 229, 322, 97, 
322, 224, -97, -273, 209, 63, -9, 458, 610, 229, 317, 92, 
317, 229, -87, -273, 202, 70, -19, 448, 605, 229, 322, 102, 
317, 229, -87, -273, 202, 70, -19, 444, 595, 219, 312, 102, 
317, 219, -97, -268, 207, 61, -19, 444, 585, 214, 302, 102, 
312, 219, -92, -265, 202, 63, -19, 434, 580, 204, 297, 102, 
322, 214, -107, -268, 214, 53, -29, 424, 570, 200, 297, 102, 
307, 219, -87, -263, 197, 65, -29, 419, 566, 195, 292, 102, 
302, 224, -78, -263, 190, 73, -29, 419, 561, 190, 283, 102, 
302, 229, -73, -265, 187, 78, -29, 414, 556, 175, 278, 97, 
287, 229, -58, -258, 173, 85, -29, 409, 556, 175, 273, 97, 
273, 224, -48, -248, 161, 87, -24, 405, 546, 165, 268, 97, 
263, 224, -39, -244, 151, 92, -24, 405, 531, 156, 258, 97, 
253, 224, -29, -239, 141, 97, -19, 400, 522, 151, 248, 97, 
263, 219, -43, -241, 153, 87, -19, 395, 517, 141, 244, 102, 
253, 219, -34, -236, 143, 92, -24, 395, 507, 126, 234, 97, 
248, 214, -34, -231, 141, 90, -24, 390, 507, 122, 224, 97, 
234, 204, -29, -219, 131, 87, -24, 385, 502, 112, 214, 92, 
229, 204, -24, -217, 126, 90, -29, 380, 497, 112, 204, 82, 
224, 209, -14, -217, 119, 97, -34, 370, 483, 107, 200, 78, 
224, 209, -14, -217, 119, 97, -34, 366, 483, 97, 190, 73, 
214, 195, -19, -204, 117, 87, -29, 366, 478, 97, 185, 68, 
200, 180, -19, -190, 109, 80, -43, 356, 453, 82, 185, 68, 
195, 185, -9, -190, 102, 87, -43, 346, 439, 78, 175, 68, 
195, 185, -9, -190, 102, 87, -48, 336, 434, 68, 170, 73, 
190, 190, 0, -190, 95, 95, -48, 326, 429, 63, 170, 73, 
185, 190, 4, -187, 90, 97, -58, 307, 409, 53, 161, 58, 
180, 185, 4, -183, 87, 95, -68, 292, 405, 43, 146, 53, 
170, 185, 14, -178, 78, 100, -78, 283, 400, 34, 146, 48, 
170, 180, 9, -175, 80, 95, -87, 273, 395, 24, 131, 43, 
165, 165, 0, -165, 82, 82, -73, 283, 380, 14, 131, 29, 
156, 156, 0, -156, 78, 78, -73, 287, 375, 14, 126, 29, 
146, 146, 0, -146, 73, 73, -73, 292, 370, 14, 122, 29, 
146, 146, 0, -146, 73, 73, -78, 292, 370, 14, 117, 29, 
146, 146, 0, -146, 73, 73, -68, 292, 380, 14, 126, 39, 
141, 141, 0, -141, 70, 70, -63, 292, 366, 9, 122, 39, 
141, 141, 0, -141, 70, 70, -63, 292, 366, 4, 122, 29, 
141, 141, 0, -141, 70, 70, -63, 292, 370, 0, 122, 19, 
146, 131, -14, -139, 80, 58, -63, 292, 370, -9, 107, 9, 
146, 136, -9, -141, 78, 63, -58, 292, 370, -9, 102, 4, 
146, 136, -9, -141, 78, 63, -48, 292, 370, -9, 102, 0, 
141, 136, -4, -139, 73, 65, -48, 292, 370, -9, 102, 0, 
136, 117, -19, -126, 78, 48, -39, 302, 380, -14, 102, -9, 
136, 117, -19, -126, 78, 48, -34, 302, 375, -14, 102, -9, 
136, 122, -14, -129, 75, 53, -34, 302, 370, -19, 97, -9, 
136, 131, -4, -134, 70, 63, -34, 302, 366, -24, 97, -9, 
136, 126, -9, -131, 73, 58, -34, 312, 366, -34, 87, -9, 
131, 117, -14, -124, 73, 51, -34, 312, 366, -34, 87, -9, 
131, 112, -19, -122, 75, 46, -39, 312, 366, -39, 87, -9, 
136, 112, -24, -124, 80, 43, -39, 312, 366, -39, 82, -9, 
141, 107, -34, -124, 87, 36, -29, 322, 366, -48, 78, -19, 
141, 92, -48, -117, 95, 21, -29, 322, 361, -48, 73, -24, 
131, 82, -48, -107, 90, 17, -24, 322, 356, -48, 73, -29, 
131, 78, -53, -104, 92, 12, -14, 326, 351, -53, 78, -34, 
126, 73, -53, -100, 90, 9, -4, 336, 361, -53, 68, -29, 
126, 73, -53, -100, 90, 9, -9, 331, 361, -53, 68, -34, 
122, 68, -53, -95, 87, 7, -9, 331, 361, -58, 68, -34, 
122, 68, -53, -95, 87, 7, -9, 331, 361, -58, 68, -34, 
122, 58, -63, -90, 92, -2, -9, 331, 370, -63, 63, -29, 
126, 63, -63, -95, 95, 0, -9, 331, 370, -63, 63, -34, 
126, 68, -58, -97, 92, 4, -9, 331, 370, -63, 63, -39, 
126, 68, -58, -97, 92, 4, -9, 331, 370, -58, 63, -43, 
122, 53, -68, -87, 95, -7, 4, 341, 370, -58, 53, -53, 
122, 53, -68, -87, 95, -7, 0, 341, 375, -58, 53, -53, 
122, 53, -68, -87, 95, -7, 0, 341, 380, -58, 48, -53, 
122, 53, -68, -87, 95, -7, 4, 341, 380, -63, 48, -53, 
122, 63, -58, -92, 90, 2, 14, 351, 380, -68, 48, -53, 
117, 58, -58, -87, 87, 0, 19, 351, 380, -68, 53, -53, 
117, 58, -58, -87, 87, 0, 19, 351, 375, -73, 53, -53, 
126, 63, -63, -95, 95, 0, 19, 351, 375, -78, 53, -53, 
126, 63, -63, -95, 95, 0, 24, 341, 385, -78, 53, -63, 
126, 58, -68, -92, 97, -4, 24, 346, 380, -78, 53, -63, 
126, 53, -73, -90, 100, -9, 19, 346, 380, -78, 53, -58, 
126, 48, -78, -87, 102, -14, 19, 346, 380, -78, 53, -58, 
126, 53, -73, -90, 100, -9, 29, 346, 380, -68, 53, -53, 
126, 58, -68, -92, 97, -4, 29, 341, 380, -68, 53, -53, 
126, 58, -68, -92, 97, -4, 29, 341, 380, -68, 53, -58, 
122, 58, -63, -90, 92, -2, 24, 341, 380, -68, 53, -58, 
122, 63, -58, -92, 90, 2, 29, 351, 390, -73, 53, -58, 
126, 68, -58, -97, 92, 4, 24, 351, 385, -73, 53, -58, 
131, 68, -63, -100, 97, 2, 24, 351, 385, -73, 58, -58, 
131, 68, -63, -100, 97, 2, 24, 346, 385, -73, 58, -58, 
126, 63, -63, -95, 95, 0, 24, 346, 385, -78, 48, -48, 
126, 63, -63, -95, 95, 0, 19, 346, 385, -78, 48, -48, 
131, 63, -68, -97, 100, -2, 19, 341, 385, -78, 48, -53, 
136, 63, -73, -100, 104, -4, 19, 341, 380, -78, 48, -53, 
126, 73, -53, -100, 90, 9, 24, 341, 385, -68, 48, -53, 
126, 73, -53, -100, 90, 9, 24, 341, 385, -68, 48, -53, 
126, 73, -53, -100, 90, 9, 24, 341, 385, -68, 48, -53, 
126, 73, -53, -100, 90, 9, 19, 341, 385, -73, 48, -53, 
126, 82, -43, -104, 85, 19, 19, 341, 395, -73, 58, -53, 
126, 82, -43, -104, 85, 19, 19, 341, 395, -73, 58, -53, 
126, 78, -48, -102, 87, 14, 19, 341, 395, -73, 58, -53, 
126, 78, -48, -102, 87, 14, 19, 341, 395, -73, 58, -53, 
126, 92, -34, -109, 80, 29, 24, 341, 395, -63, 58, -53, 
126, 92, -34, -109, 80, 29, 24, 341, 395, -63, 58, -53, 
126, 87, -39, -107, 82, 24, 34, 346, 395, -63, 58, -53, 
126, 82, -43, -104, 85, 19, 34, 346, 395, -63, 58, -53, 
126, 87, -39, -107, 82, 24, 34, 346, 405, -73, 58, -48, 
136, 92, -43, -114, 90, 24, 29, 346, 405, -68, 58, -43, 
136, 97, -39, -117, 87, 29, 19, 346, 405, -63, 58, -34, 
131, 102, -29, -117, 80, 36, 29, 346, 400, -63, 58, -29, 
136, 107, -29, -122, 82, 39, 34, 341, 409, -63, 68, -39, 
136, 112, -24, -124, 80, 43, 34, 346, 409, -63, 68, -39, 
136, 122, -14, -129, 75, 53, 34, 346, 409, -63, 68, -39, 
136, 136, 0, -136, 68, 68, 34, 346, 409, -63, 63, -39, 
146, 136, -9, -141, 78, 63, 34, 351, 419, -53, 68, -39, 
141, 136, -4, -139, 73, 65, 34, 351, 419, -53, 73, -34, 
141, 136, -4, -139, 73, 65, 39, 356, 419, -53, 78, -29, 
141, 141, 0, -141, 70, 70, 39, 356, 419, -53, 82, -24, 
151, 151, 0, -151, 75, 75, 29, 356, 419, -43, 82, -14, 
146, 141, -4, -143, 75, 68, 34, 361, 419, -43, 82, -14, 
136, 141, 4, -139, 65, 73, 39, 361, 424, -43, 82, -14, 
136, 141, 4, -139, 65, 73, 39, 356, 429, -43, 82, -14, 
131, 146, 14, -139, 58, 80, 19, 336, 419, -43, 82, -19, 
136, 151, 14, -143, 61, 82, 14, 326, 414, -43, 82, -19, 
136, 156, 19, -146, 58, 87, 9, 317, 405, -43, 82, -19, 
131, 156, 24, -143, 53, 90, 4, 307, 390, -43, 82, -19, 
131, 156, 24, -143, 53, 90, -14, 292, 385, -43, 82, -19, 
136, 161, 24, -148, 56, 92, -24, 287, 380, -43, 82, -19, 
141, 161, 19, -151, 61, 90, -34, 283, 375, -43, 82, -19, 
141, 161, 19, -151, 61, 90, -43, 278, 370, -39, 82, -14, 
146, 165, 19, -156, 63, 92, -43, 273, 361, -48, 73, -14, 
146, 170, 24, -158, 61, 97, -48, 273, 361, -48, 73, -14, 
151, 185, 34, -168, 58, 109, -58, 273, 361, -48, 73, -14, 
156, 195, 39, -175, 58, 117, -68, 273, 361, -48, 68, -14, 
161, 185, 24, -173, 68, 104, -68, 273, 366, -53, 78, -14, 
161, 180, 19, -170, 70, 100, -73, 258, 361, -53, 78, -14, 
165, 180, 14, -173, 75, 97, -73, 268, 356, -53, 78, -9, 
170, 185, 14, -178, 78, 100, -78, 268, 351, -48, 78, -9, 
185, 195, 9, -190, 87, 102, -78, 268, 361, -48, 78, -9, 
185, 195, 9, -190, 87, 102, -78, 263, 361, -53, 78, -9, 
175, 190, 14, -183, 80, 102, -73, 263, 361, -58, 78, -9, 
175, 190, 14, -183, 80, 102, -73, 263, 361, -58, 78, -9, 
170, 204, 34, -187, 68, 119, -78, 273, 370, -53, 87, 0, 
170, 204, 34, -187, 68, 119, -78, 273, 370, -48, 87, 0, 
170, 204, 34, -187, 68, 119, -78, 273, 370, -43, 87, 0, 
170, 200, 29, -185, 70, 114, -78, 268, 370, -39, 87, 0, 
170, 190, 19, -180, 75, 104, -73, 273, 370, -48, 78, -9, 
170, 190, 19, -180, 75, 104, -68, 278, 370, -48, 78, -9, 
170, 190, 19, -180, 75, 104, -63, 278, 370, -48, 78, -4, 
170, 190, 19, -180, 75, 104, -58, 283, 370, -48, 78, -4, 
161, 175, 14, -168, 73, 95, -48, 287, 370, -43, 73, -9, 
161, 180, 19, -170, 70, 100, -48, 287, 370, -48, 73, -9, 
156, 180, 24, -168, 65, 102, -53, 287, 370, -48, 73, -9, 
156, 175, 19, -165, 68, 97, -48, 292, 370, -48, 68, -9, 
156, 165, 9, -161, 73, 87, -48, 292, 370, -58, 68, -19, 
156, 165, 9, -161, 73, 87, -48, 292, 370, -58, 68, -19, 
156, 165, 9, -161, 73, 87, -48, 292, 370, -58, 68, -19, 
156, 165, 9, -161, 73, 87, -48, 292, 370, -58, 68, -19, 
146, 161, 14, -153, 65, 87, -39, 302, 370, -58, 58, -19, 
146, 156, 9, -151, 68, 82, -39, 302, 370, -58, 58, -19, 
146, 151, 4, -148, 70, 78, -39, 302, 370, -58, 58, -19, 
146, 146, 0, -146, 73, 73, -39, 302, 370, -58, 58, -19, 
156, 146, -9, -151, 82, 68, -29, 312, 370, -68, 58, -29, 
156, 146, -9, -151, 82, 68, -29, 312, 370, -68, 58, -29, 
156, 146, -9, -151, 82, 68, -29, 312, 370, -68, 58, -29, 
156, 151, -4, -153, 80, 73, -29, 312, 370, -73, 58, -34, 
156, 141, -14, -148, 85, 63, -29, 312, 380, -73, 58, -34, 
156, 141, -14, -148, 85, 63, -29, 312, 380, -73, 58, -34, 
156, 141, -14, -148, 85, 63, -24, 312, 380, -73, 53, -34, 
156, 146, -9, -151, 82, 68, -29, 312, 380, -68, 53, -24, 
156, 146, -9, -151, 82, 68, -29, 312, 375, -68, 53, -34, 
156, 146, -9, -151, 82, 68, -29, 312, 370, -73, 53, -34, 
156, 141, -14, -148, 85, 63, -29, 312, 370, -73, 53, -34, 
156, 141, -14, -148, 85, 63, -29, 312, 370, -68, 53, -29, 
146, 146, 0, -146, 73, 73, -24, 312, 375, -78, 53, -29, 
146, 151, 4, -148, 70, 78, -29, 312, 375, -73, 53, -29, 
146, 156, 9, -151, 68, 82, -24, 312, 375, -73, 53, -29, 
146, 156, 9, -151, 68, 82, -24, 302, 375, -73, 53, -29, 
146, 146, 0, -146, 73, 73, -14, 302, 375, -73, 63, -29, 
146, 146, 0, -146, 73, 73, -14, 307, 375, -73, 63, -29, 
146, 146, 0, -146, 73, 73, -14, 307, 370, -73, 63, -29, 
146, 146, 0, -146, 73, 73, -14, 307, 370, -73, 63, -29, 
151, 146, -4, -148, 78, 70, -24, 307, 375, -73, 53, -29, 
156, 146, -9, -151, 82, 68, -24, 302, 375, -73, 53, -29, 
156, 146, -9, -151, 82, 68, -29, 302, 370, -73, 53, -29, 
156, 146, -9, -151, 82, 68, -39, 302, 366, -78, 53, -29, 
156, 156, 0, -156, 78, 78, -39, 297, 375, -78, 53, -34, 
156, 156, 0, -156, 78, 78, -34, 297, 375, -78, 48, -34, 
146, 146, 0, -146, 73, 73, -29, 297, 375, -78, 48, -34, 
156, 146, -9, -151, 82, 68, -24, 297, 375, -73, 53, -34, 
156, 156, 0, -156, 78, 78, -34, 302, 375, -73, 63, -34, 
156, 156, 0, -156, 78, 78, -29, 302, 375, -73, 63, -29, 
156, 151, -4, -153, 80, 73, -24, 302, 375, -73, 63, -29, 
156, 136, -19, -146, 87, 58, -24, 302, 375, -78, 58, -34, 
156, 141, -14, -148, 85, 63, -29, 302, 375, -68, 48, -24, 
156, 151, -4, -153, 80, 73, -24, 302, 375, -68, 48, -24, 
156, 156, 0, -156, 78, 78, -14, 302, 375, -73, 48, -29, 
156, 156, 0, -156, 78, 78, -14, 302, 375, -78, 48, -34, 
151, 151, 0, -151, 75, 75, -24, 292, 375, -78, 58, -24, 
151, 151, 0, -151, 75, 75, -24, 292, 375, -78, 58, -24, 
156, 161, 4, -158, 75, 82, -24, 292, 375, -73, 58, -24, 
156, 161, 4, -158, 75, 82, -19, 297, 375, -73, 58, -29, 
161, 165, 4, -163, 78, 85, -29, 292, 375, -78, 48, -29, 
146, 161, 14, -153, 65, 87, -29, 292, 375, -78, 48, -29, 
156, 161, 4, -158, 75, 82, -24, 292, 375, -78, 48, -29, 
161, 165, 4, -163, 78, 85, -24, 292, 375, -78, 48, -29, 
161, 170, 9, -165, 75, 90, -34, 287, 375, -78, 58, -19, 
156, 165, 9, -161, 73, 87, -24, 287, 375, -78, 63, -19, 
156, 165, 9, -161, 73, 87, -24, 287, 375, -78, 63, -19, 
156, 170, 14, -163, 70, 92, -24, 287, 375, -78, 63, -19, 
156, 180, 24, -168, 65, 102, -19, 287, 375, -68, 63, -19, 
156, 180, 24, -168, 65, 102, -19, 287, 375, -68, 63, -19, 
151, 175, 24, -163, 63, 100, -19, 292, 375, -68, 63, -19, 
146, 175, 29, -161, 58, 102, -9, 292, 380, -73, 63, -19, 
146, 185, 39, -165, 53, 112, -9, 302, 390, -63, 63, -9, 
151, 185, 34, -168, 58, 109, -9, 302, 390, -63, 63, -9, 
151, 185, 34, -168, 58, 109, -9, 297, 390, -63, 63, -14, 
151, 180, 29, -165, 61, 104, -9, 297, 390, -63, 63, -14, 
161, 190, 29, -175, 65, 109, -9, 297, 390, -63, 73, -4, 
161, 190, 29, -175, 65, 109, -9, 297, 390, -63, 73, -4, 
161, 195, 34, -178, 63, 114, -9, 297, 390, -63, 73, -4, 
161, 195, 34, -178, 63, 114, -9, 302, 390, -63, 68, -4, 
161, 195, 34, -178, 63, 114, -19, 292, 390, -53, 68, -4, 
156, 195, 39, -175, 58, 117, -19, 292, 390, -53, 73, -4, 
156, 195, 39, -175, 58, 117, -19, 292, 390, -53, 73, -4, 
161, 200, 39, -180, 61, 119, -19, 292, 390, -53, 73, -4, 
170, 209, 39, -190, 65, 124, -34, 273, 385, -63, 73, -9, 
170, 209, 39, -190, 65, 124, -39, 268, 380, -63, 73, -9, 
170, 209, 39, -190, 65, 124, -43, 263, 375, -63, 73, -9, 
170, 204, 34, -187, 68, 119, -48, 258, 370, -68, 73, -9, 
180, 214, 34, -197, 73, 124, -68, 244, 356, -68, 73, -9, 
180, 214, 34, -197, 73, 124, -78, 239, 351, -68, 73, -4, 
180, 214, 34, -197, 73, 124, -87, 234, 346, -68, 73, -4, 
180, 214, 34, -197, 73, 124, -102, 224, 336, -68, 73, -4, 
180, 204, 24, -192, 78, 114, -112, 234, 346, -68, 82, -4, 
180, 214, 34, -197, 73, 124, -117, 224, 336, -68, 82, -4, 
180, 214, 34, -197, 73, 124, -117, 219, 326, -68, 82, -4, 
180, 209, 29, -195, 75, 119, -117, 214, 326, -68, 82, -4, 
200, 229, 29, -214, 85, 129, -122, 214, 322, -68, 78, -4, 
195, 219, 24, -207, 85, 122, -122, 209, 326, -68, 82, 0, 
195, 224, 29, -209, 82, 126, -122, 204, 322, -63, 82, 4, 
195, 234, 39, -214, 78, 136, -126, 204, 326, -63, 87, 9, 
204, 234, 29, -219, 87, 131, -126, 185, 317, -63, 92, 19, 
200, 239, 39, -219, 80, 139, -136, 180, 297, -58, 97, 19, 
180, 239, 58, -209, 61, 148, -146, 161, 263, -68, 97, 29, 
170, 239, 68, -204, 51, 153, -161, 117, 195, -87, 87, 29, 
175, 258, 82, -217, 46, 170, -190, 53, 107, -112, 82, 34, 
170, 278, 107, -224, 31, 192, -224, -4, 24, -161, 63, 34, 
156, 287, 131, -222, 12, 209, -248, -68, -53, -200, 34, 43, 
122, 283, 161, -202, -19, 222, -278, -131, -141, -244, 9, 53, 
102, 283, 180, -192, -39, 231, -312, -200, -234, -292, -19, 53, 
92, 292, 200, -192, -53, 246, -341, -248, -312, -336, -58, 63, 
82, 297, 214, -190, -65, 256, -356, -297, -375, -375, -97, 63, 
58, 297, 239, -178, -90, 268, -375, -326, -414, -400, -126, 58, 
39, 302, 263, -170, -112, 283, -390, -351, -448, -419, -141, 63, 
19, 302, 283, -161, -131, 292, -405, -380, -512, -439, -151, 63, 
14, 307, 292, -161, -139, 300, -424, -429, -575, -473, -165, 63, 
4, 322, 317, -163, -156, 319, -439, -463, -629, -492, -185, 53, 
-14, 322, 336, -153, -175, 329, -468, -502, -683, -522, -209, 58, 
-39, 326, 366, -143, -202, 346, -497, -546, -746, -561, -248, 58, 
-53, 336, 390, -141, -222, 363, -512, -585, -785, -610, -287, 58, 
-63, 356, 419, -146, -241, 387, -536, -605, -814, -644, -322, 53, 
-68, 356, 424, -143, -246, 390, -546, -595, -824, -668, -356, 43, 
-82, 346, 429, -131, -256, 387, -536, -585, -814, -683, -375, 34, 
-112, 317, 429, -102, -270, 373, -522, -575, -819, -688, -385, 29, 
-126, 317, 444, -95, -285, 380, -522, -566, -834, -702, -395, 19, 
-131, 312, 444, -90, -287, 378, -512, -561, -829, -722, -409, 14, 
-131, 307, 439, -87, -285, 373, -527, -561, -834, -732, -419, 0, 
-141, 297, 439, -78, -290, 368, -536, -570, -834, -732, -429, 9, 
-141, 307, 448, -82, -295, 378, -551, -580, -819, -722, -424, 14, 
-141, 317, 458, -87, -300, 387, -556, -590, -790, -712, -419, 14, 
-136, 326, 463, -95, -300, 395, -566, -585, -761, -697, -414, 14, 
-122, 346, 468, -112, -295, 407, -566, -580, -722, -683, -400, 24, 
-112, 331, 444, -109, -278, 387, -561, -561, -673, -658, -385, 24, 
-97, 312, 409, -107, -253, 361, -546, -512, -614, -634, -375, 14, 
-87, 297, 385, -104, -236, 341, -527, -463, -551, -610, -356, 9, 
-68, 292, 361, -112, -214, 326, -502, -419, -492, -570, -331, 9, 
-43, 283, 326, -119, -185, 305, -468, -366, -429, -541, -307, 0, 
-29, 268, 297, -119, -163, 283, -434, -312, -370, -527, -292, -4, 
-19, 248, 268, -114, -143, 258, -405, -273, -331, -512, -283, -4, 
-14, 224, 239, -104, -126, 231, -375, -239, -302, -512, -278, -9, 
0, 214, 214, -107, -107, 214, -356, -214, -268, -502, -273, -29, 
-4, 200, 204, -97, -104, 202, -331, -180, -239, -488, -273, -43, 
0, 175, 175, -87, -87, 175, -317, -151, -200, -478, -263, -48, 
0, 161, 161, -80, -80, 161, -297, -117, -161, -458, -248, -53, 
0, 161, 161, -80, -80, 161, -287, -87, -112, -444, -244, -73, 
19, 161, 141, -90, -61, 151, -258, -48, -53, -409, -219, -68, 
24, 151, 126, -87, -51, 139, -234, -4, -4, -375, -190, -68, 
24, 141, 117, -82, -46, 129, -204, 29, 34, -346, -161, -68, 
9, 141, 131, -75, -61, 136, -165, 53, 68, -317, -146, -63, 
14, 141, 126, -78, -56, 134, -141, 87, 92, -297, -126, -58, 
43, 141, 97, -92, -26, 119, -131, 107, 102, -297, -122, -68, 
68, 146, 78, -107, -4, 112, -131, 107, 126, -287, -112, -73, 
73, 141, 68, -107, 2, 104, -131, 117, 151, -268, -87, -63, 
78, 146, 68, -112, 4, 107, -131, 126, 175, -248, -78, -58, 
87, 146, 58, -117, 14, 102, -136, 146, 195, -224, -58, -63, 
112, 170, 58, -141, 26, 114, -131, 156, 234, -190, -29, -53, 
126, 204, 78, -165, 24, 141, -126, 185, 273, -156, 4, -29, 
136, 214, 78, -175, 29, 146, -117, 200, 297, -131, 29, -24, 
146, 214, 68, -180, 39, 141, -112, 200, 307, -117, 39, -9, 
146, 209, 63, -178, 41, 136, -102, 219, 312, -122, 43, -9, 
170, 219, 48, -195, 61, 134, -87, 229, 326, -126, 48, -14, 
195, 224, 29, -209, 82, 126, -82, 234, 336, -117, 43, -19, 
200, 219, 19, -209, 90, 119, -82, 239, 341, -112, 48, -19, 
190, 209, 19, -200, 85, 114, -73, 248, 351, -102, 58, -29, 
200, 200, 0, -200, 100, 100, -73, 268, 370, -92, 58, -19, 
200, 209, 9, -204, 95, 109, -63, 287, 400, -63, 78, -9, 
204, 219, 14, -212, 95, 117, -48, 302, 439, -39, 92, -9, 
190, 214, 24, -202, 82, 119, -34, 322, 453, -29, 102, -9, 
180, 214, 34, -197, 73, 124, -19, 331, 463, -29, 112, -14, 
190, 224, 34, -207, 78, 129, -14, 341, 468, -24, 117, -14, 
190, 224, 34, -207, 78, 129, -14, 346, 473, -24, 117, -9, 
190, 219, 29, -204, 80, 124, -9, 356, 478, -24, 117, -9, 
190, 219, 29, -204, 80, 124, -9, 346, 473, -29, 126, 0, 
190, 224, 34, -207, 78, 129, -4, 346, 473, -24, 131, 0, 
195, 229, 34, -212, 80, 131, -4, 351, 483, -24, 131, 0, 
195, 234, 39, -214, 78, 136, -4, 361, 492, -19, 136, 0, 
195, 234, 39, -214, 78, 136, 4, 361, 507, -4, 141, 4, 
195, 234, 39, -214, 78, 136, 4, 366, 512, 4, 151, 9, 
195, 234, 39, -214, 78, 136, 9, 366, 527, 9, 156, 14, 
200, 239, 39, -219, 80, 139, 9, 366, 531, 14, 161, 19, 
200, 248, 48, -224, 75, 148, 4, 361, 527, 14, 165, 14, 
200, 248, 48, -224, 75, 148, 0, 356, 522, 14, 165, 14, 
195, 248, 53, -222, 70, 151, -4, 351, 517, 14, 170, 14, 
195, 248, 53, -222, 70, 151, -9, 341, 517, 24, 170, 19, 
204, 244, 39, -224, 82, 141, -29, 326, 512, 14, 165, 24, 
209, 253, 43, -231, 82, 148, -34, 331, 512, 19, 165, 24, 
209, 253, 43, -231, 82, 148, -34, 326, 507, 19, 170, 24, 
209, 248, 39, -229, 85, 143, -39, 326, 507, 24, 175, 24, 
224, 258, 34, -241, 95, 146, -48, 322, 507, 24, 175, 19, 
224, 263, 39, -244, 92, 151, -53, 322, 502, 29, 175, 19, 
229, 263, 34, -246, 97, 148, -63, 317, 502, 29, 180, 24, 
229, 263, 34, -246, 97, 148, -73, 312, 497, 29, 180, 24, 
239, 263, 24, -251, 107, 143, -73, 302, 497, 24, 190, 24, 
239, 268, 29, -253, 104, 148, -73, 307, 502, 34, 190, 24, 
244, 273, 29, -258, 107, 151, -73, 312, 507, 39, 190, 29, 
244, 273, 29, -258, 107, 151, -73, 312, 507, 39, 190, 34, 
258, 283, 24, -270, 117, 153, -78, 326, 522, 48, 209, 34, 
263, 283, 19, -273, 122, 151, -78, 326, 527, 53, 214, 34, 
263, 292, 29, -278, 117, 161, -73, 326, 531, 58, 214, 39, 
268, 292, 24, -280, 122, 158, -73, 326, 536, 58, 214, 43, 
268, 287, 19, -278, 124, 153, -68, 346, 551, 63, 214, 34, 
268, 283, 14, -275, 126, 148, -63, 351, 551, 63, 219, 39, 
268, 278, 9, -273, 129, 143, -53, 356, 556, 68, 224, 39, 
278, 287, 9, -283, 134, 148, -48, 361, 561, 73, 229, 39, 
278, 278, 0, -278, 139, 139, -48, 375, 575, 73, 219, 29, 
278, 273, -4, -275, 141, 134, -43, 380, 580, 82, 224, 34, 
273, 268, -4, -270, 139, 131, -39, 380, 585, 82, 229, 34, 
273, 258, -14, -265, 143, 122, -34, 380, 590, 87, 234, 34, 
263, 248, -14, -256, 139, 117, -29, 390, 585, 82, 234, 34, 
273, 253, -19, -263, 146, 117, -24, 390, 590, 87, 239, 34, 
278, 258, -19, -268, 148, 119, -19, 395, 595, 92, 244, 34, 
278, 268, -9, -273, 143, 129, -14, 400, 600, 97, 248, 39, 
268, 258, -9, -263, 139, 124, -9, 409, 614, 92, 253, 34, 
273, 263, -9, -268, 141, 126, -14, 414, 619, 102, 263, 39, 
278, 268, -9, -273, 143, 129, -9, 414, 619, 107, 268, 43, 
278, 273, -4, -275, 141, 134, -4, 414, 624, 107, 268, 48, 
283, 278, -4, -280, 143, 136, -4, 424, 629, 117, 263, 53, 
287, 278, -9, -283, 148, 134, -4, 424, 634, 131, 268, 53, 
292, 283, -9, -287, 151, 136, -4, 424, 639, 136, 278, 58, 
297, 287, -9, -292, 153, 139, -4, 424, 639, 141, 278, 58, 
307, 283, -24, -295, 165, 129, 4, 429, 644, 141, 292, 58, 
307, 287, -19, -297, 163, 134, 0, 429, 653, 146, 297, 58, 
312, 287, -24, -300, 168, 131, -19, 429, 658, 151, 297, 58, 
317, 292, -24, -305, 170, 134, -19, 434, 658, 156, 307, 63, 
322, 297, -24, -309, 173, 136, -14, 448, 663, 170, 317, 63, 
331, 307, -24, -319, 178, 141, -9, 448, 668, 175, 322, 73, 
331, 312, -19, -322, 175, 146, -4, 444, 673, 180, 326, 78, 
331, 317, -14, -324, 173, 151, -4, 444, 678, 180, 336, 78, 
336, 312, -24, -324, 180, 143, 4, 448, 678, 175, 331, 82, 
346, 317, -29, -331, 187, 143, 0, 444, 678, 180, 336, 82, 
351, 322, -29, -336, 190, 146, 0, 439, 683, 185, 341, 82, 
351, 322, -29, -336, 190, 146, -4, 439, 692, 190, 346, 87, 
341, 312, -29, -326, 185, 141, 0, 439, 697, 195, 351, 78, 
346, 317, -29, -331, 187, 143, -4, 444, 702, 204, 356, 92, 
356, 322, -34, -339, 195, 143, -9, 444, 702, 204, 356, 92, 
361, 326, -34, -344, 197, 146, -14, 444, 702, 209, 361, 92, 
366, 336, -29, -351, 197, 153, -14, 453, 707, 224, 375, 102, 
366, 336, -29, -351, 197, 153, -14, 453, 702, 224, 380, 102, 
375, 341, -34, -358, 204, 153, -9, 453, 697, 224, 380, 107, 
380, 346, -34, -363, 207, 156, -9, 448, 697, 224, 385, 107, 
390, 356, -34, -373, 212, 161, -14, 448, 702, 224, 375, 107, 
390, 356, -34, -373, 212, 161, -14, 448, 702, 224, 375, 107, 
390, 356, -34, -373, 212, 161, -24, 439, 697, 224, 375, 107, 
390, 356, -34, -373, 212, 161, -24, 439, 697, 219, 375, 112, 
395, 375, -19, -385, 207, 178, -29, 439, 707, 229, 370, 107, 
395, 375, -19, -385, 207, 178, -29, 434, 697, 224, 375, 107, 
395, 366, -29, -380, 212, 168, -34, 434, 697, 219, 380, 107, 
385, 366, -19, -375, 202, 173, -34, 434, 683, 219, 385, 107, 
385, 356, -29, -370, 207, 163, -24, 414, 673, 219, 380, 117, 
390, 361, -29, -375, 209, 165, -34, 414, 668, 214, 375, 117, 
390, 361, -29, -375, 209, 165, -34, 405, 663, 209, 370, 117, 
380, 361, -19, -370, 200, 170, -29, 400, 649, 209, 366, 112, 
375, 361, -14, -368, 195, 173, -34, 400, 644, 200, 370, 112, 
375, 366, -9, -370, 192, 178, -39, 395, 634, 190, 361, 112, 
375, 361, -14, -368, 195, 173, -43, 395, 624, 185, 351, 112, 
370, 366, -4, -368, 187, 180, -48, 385, 619, 175, 346, 112, 
380, 366, -14, -373, 197, 175, -58, 380, 610, 161, 346, 112, 
366, 366, 0, -366, 183, 183, -58, 370, 605, 156, 341, 112, 
361, 366, 4, -363, 178, 185, -58, 366, 600, 151, 331, 112, 
361, 366, 4, -363, 178, 185, -58, 356, 595, 136, 326, 107, 
366, 370, 4, -368, 180, 187, -68, 341, 580, 136, 312, 107, 
351, 361, 9, -356, 170, 185, -63, 336, 566, 126, 307, 107, 
341, 356, 14, -348, 163, 185, -63, 336, 546, 117, 297, 107, 
331, 351, 19, -341, 156, 185, -58, 331, 531, 112, 287, 107, 
322, 356, 34, -339, 143, 195, -58, 326, 536, 92, 292, 112, 
312, 356, 43, -334, 134, 200, -63, 326, 527, 78, 283, 107, 
307, 351, 43, -329, 131, 197, -63, 322, 527, 73, 273, 107, 
292, 341, 48, -317, 122, 195, -63, 317, 522, 63, 263, 102, 
287, 341, 53, -314, 117, 197, -68, 312, 512, 53, 253, 102, 
283, 346, 63, -314, 109, 204, -73, 302, 492, 48, 248, 97, 
283, 346, 63, -314, 109, 204, -73, 297, 488, 39, 239, 92, 
273, 331, 58, -302, 107, 195, -68, 297, 478, 39, 234, 87, 
278, 326, 48, -302, 114, 187, -78, 287, 478, 24, 234, 82, 
273, 331, 58, -302, 107, 195, -73, 287, 468, 19, 224, 78, 
273, 331, 58, -302, 107, 195, -73, 287, 468, 9, 219, 78, 
268, 336, 68, -302, 100, 202, -68, 287, 468, 4, 219, 73, 
263, 326, 63, -295, 100, 195, -78, 287, 463, 9, 219, 68, 
258, 322, 63, -290, 97, 192, -78, 283, 463, 4, 204, 63, 
248, 322, 73, -285, 87, 197, -78, 283, 463, 0, 204, 58, 
248, 317, 68, -283, 90, 192, -78, 283, 463, -4, 190, 53, 
253, 317, 63, -285, 95, 190, -87, 273, 453, -14, 190, 58, 
244, 312, 68, -278, 87, 190, -92, 268, 444, -14, 185, 58, 
234, 307, 73, -270, 80, 190, -97, 263, 434, -14, 180, 58, 
234, 312, 78, -273, 78, 195, -107, 253, 429, -14, 175, 58, 
224, 312, 87, -268, 68, 200, -112, 234, 419, -19, 165, 48, 
219, 307, 87, -263, 65, 197, -112, 224, 395, -29, 161, 48, 
219, 307, 87, -263, 65, 197, -117, 214, 385, -39, 161, 39, 
219, 307, 87, -263, 65, 197, -122, 204, 380, -48, 161, 29, 
214, 292, 78, -253, 68, 185, -126, 204, 375, -39, 156, 34, 
214, 292, 78, -253, 68, 185, -126, 204, 370, -39, 151, 34, 
214, 287, 73, -251, 70, 180, -122, 204, 366, -39, 151, 34, 
209, 283, 73, -246, 68, 178, -126, 204, 361, -39, 151, 39, 
214, 283, 68, -248, 73, 175, -136, 214, 361, -48, 151, 39, 
214, 283, 68, -248, 73, 175, -131, 214, 356, -53, 151, 39, 
214, 287, 73, -251, 70, 180, -131, 214, 351, -63, 146, 39, 
214, 297, 82, -256, 65, 190, -131, 214, 346, -73, 146, 39, 
224, 283, 58, -253, 82, 170, -122, 224, 351, -68, 136, 29, 
219, 273, 53, -246, 82, 163, -122, 224, 356, -63, 136, 29, 
219, 268, 48, -244, 85, 158, -126, 224, 361, -63, 136, 29, 
224, 268, 43, -246, 90, 156, -126, 224, 366, -58, 131, 29, 
219, 258, 39, -239, 90, 148, -122, 234, 370, -68, 136, 14, 
219, 248, 29, -234, 95, 139, -117, 234, 370, -68, 131, 14, 
209, 244, 34, -226, 87, 139, -107, 234, 370, -68, 131, 14, 
209, 244, 34, -226, 87, 139, -92, 239, 370, -73, 136, 14, 
204, 248, 43, -226, 80, 146, -82, 244, 380, -82, 126, 9, 
204, 248, 43, -226, 80, 146, -87, 244, 380, -82, 126, 4, 
200, 244, 43, -222, 78, 143, -87, 248, 380, -87, 126, 4, 
200, 244, 43, -222, 78, 143, -87, 253, 380, -87, 126, 4, 
200, 234, 34, -217, 82, 134, -78, 258, 370, -92, 122, 4, 
204, 229, 24, -217, 90, 126, -78, 263, 370, -92, 122, 4, 
204, 224, 19, -214, 92, 122, -78, 268, 370, -92, 122, 4, 
204, 214, 9, -209, 97, 112, -78, 273, 370, -87, 122, 4, 
190, 209, 19, -200, 85, 114, -63, 273, 370, -97, 112, -4, 
190, 209, 19, -200, 85, 114, -68, 273, 375, -97, 112, -4, 
190, 209, 19, -200, 85, 114, -68, 273, 380, -97, 107, -4, 
190, 209, 19, -200, 85, 114, -63, 273, 380, -102, 107, -4, 
190, 200, 9, -195, 90, 104, -58, 283, 390, -102, 107, -4, 
185, 195, 9, -190, 87, 102, -48, 283, 390, -97, 112, -4, 
185, 195, 9, -190, 87, 102, -43, 283, 385, -97, 112, -4, 
195, 200, 4, -197, 95, 102, -39, 283, 385, -97, 112, -4, 
185, 195, 9, -190, 87, 102, -43, 283, 395, -87, 112, -4, 
185, 195, 9, -190, 87, 102, -43, 287, 390, -87, 112, -4, 
185, 195, 9, -190, 87, 102, -48, 287, 390, -87, 112, 0, 
185, 195, 9, -190, 87, 102, -48, 287, 390, -87, 112, 0, 
185, 200, 14, -192, 85, 107, -39, 297, 390, -87, 112, -4, 
185, 204, 19, -195, 82, 112, -39, 292, 390, -87, 112, -4, 
185, 204, 19, -195, 82, 112, -39, 292, 390, -87, 112, -9, 
180, 204, 24, -192, 78, 114, -43, 292, 390, -87, 112, -9, 
185, 204, 19, -195, 82, 112, -43, 292, 400, -92, 112, 0, 
185, 204, 19, -195, 82, 112, -43, 292, 395, -92, 112, 0, 
185, 200, 14, -192, 85, 107, -39, 292, 395, -92, 117, 0, 
180, 195, 14, -187, 82, 104, -34, 287, 395, -92, 117, 0, 
185, 200, 14, -192, 85, 107, -34, 297, 395, -87, 117, 0, 
185, 200, 14, -192, 85, 107, -39, 297, 395, -87, 117, 0, 
190, 200, 9, -195, 90, 104, -39, 292, 395, -87, 117, -4, 
195, 200, 4, -197, 95, 102, -39, 292, 390, -87, 117, -4, 
185, 200, 14, -192, 85, 107, -43, 292, 395, -87, 117, -4, 
185, 200, 14, -192, 85, 107, -43, 292, 395, -87, 117, -4, 
185, 200, 14, -192, 85, 107, -43, 292, 395, -87, 117, -4, 
185, 200, 14, -192, 85, 107, -48, 292, 395, -92, 117, -4, 
195, 200, 4, -197, 95, 102, -39, 292, 395, -82, 117, -4, 
195, 200, 4, -197, 95, 102, -39, 292, 395, -82, 117, -4, 
195, 195, 0, -195, 97, 97, -39, 292, 395, -82, 117, -4, 
195, 195, 0, -195, 97, 97, -39, 292, 395, -82, 117, -4, 
185, 209, 24, -197, 80, 117, -43, 292, 395, -82, 126, -4, 
185, 209, 24, -197, 80, 117, -43, 292, 395, -82, 126, -4, 
185, 204, 19, -195, 82, 112, -34, 297, 395, -82, 126, -4, 
185, 200, 14, -192, 85, 107, -34, 297, 395, -82, 126, -4, 
185, 209, 24, -197, 80, 117, -34, 297, 395, -87, 126, -4, 
195, 209, 14, -202, 90, 112, -39, 297, 395, -87, 126, -4, 
195, 209, 14, -202, 90, 112, -48, 297, 395, -87, 126, 0, 
190, 209, 19, -200, 85, 114, -39, 297, 390, -92, 126, 0, 
185, 209, 24, -197, 80, 117, -34, 292, 400, -92, 126, 0, 
185, 209, 24, -197, 80, 117, -34, 297, 400, -92, 126, 0, 
185, 214, 29, -200, 78, 122, -34, 297, 400, -92, 126, 0, 
185, 224, 39, -204, 73, 131, -34, 297, 400, -92, 122, 0, 
195, 224, 29, -209, 82, 126, -34, 292, 409, -82, 131, 4, 
190, 224, 34, -207, 78, 129, -34, 292, 409, -82, 131, 4, 
190, 224, 34, -207, 78, 129, -29, 297, 409, -82, 131, 4, 
190, 229, 39, -209, 75, 134, -29, 297, 409, -82, 131, 4, 
190, 239, 48, -214, 70, 143, -29, 297, 419, -73, 141, 14, 
185, 229, 43, -207, 70, 136, -24, 302, 419, -73, 141, 14, 
175, 229, 53, -202, 61, 141, -19, 302, 424, -73, 141, 14, 
175, 229, 53, -202, 61, 141, -19, 297, 429, -73, 141, 14, 
190, 244, 53, -217, 68, 148, -24, 307, 429, -68, 151, 19, 
195, 248, 53, -222, 70, 151, -24, 307, 434, -63, 151, 19, 
195, 253, 58, -224, 68, 156, -24, 307, 434, -58, 151, 19, 
190, 253, 63, -222, 63, 158, -24, 307, 429, -53, 151, 19, 
200, 253, 53, -226, 73, 153, -24, 307, 429, -43, 151, 29, 
204, 258, 53, -231, 75, 156, -24, 307, 439, -43, 151, 29, 
209, 268, 58, -239, 75, 163, -24, 307, 439, -43, 161, 29, 
204, 283, 78, -244, 63, 180, -29, 302, 439, -48, 165, 19, 
195, 278, 82, -236, 56, 180, -34, 287, 429, -48, 165, 29, 
195, 273, 78, -234, 58, 175, -39, 283, 429, -48, 165, 29, 
195, 268, 73, -231, 61, 170, -43, 278, 429, -48, 165, 29, 
195, 263, 68, -229, 63, 165, -48, 273, 429, -48, 165, 29, 
204, 268, 63, -236, 70, 165, -63, 258, 419, -63, 156, 24, 
204, 268, 63, -236, 70, 165, -73, 253, 409, -63, 156, 24, 
204, 268, 63, -236, 70, 165, -82, 248, 400, -63, 156, 24, 
204, 268, 63, -236, 70, 165, -87, 244, 390, -63, 151, 24, 
214, 273, 58, -244, 78, 165, -102, 234, 385, -68, 151, 24, 
214, 273, 58, -244, 78, 165, -107, 224, 375, -68, 151, 24, 
214, 273, 58, -244, 78, 165, -112, 224, 366, -73, 151, 24, 
214, 268, 53, -241, 80, 161, -117, 224, 361, -73, 151, 24, 
224, 278, 53, -251, 85, 165, -117, 224, 370, -68, 161, 39, 
224, 283, 58, -253, 82, 170, -117, 224, 366, -68, 161, 39, 
224, 287, 63, -256, 80, 175, -126, 224, 366, -63, 161, 39, 
224, 292, 68, -258, 78, 180, -126, 224, 366, -63, 161, 39, 
214, 283, 68, -248, 73, 175, -122, 224, 375, -63, 161, 39, 
214, 283, 68, -248, 73, 175, -122, 224, 375, -63, 161, 39, 
214, 283, 68, -248, 73, 175, -122, 229, 375, -63, 161, 39, 
214, 283, 68, -248, 73, 175, -122, 229, 370, -63, 161, 39, 
200, 278, 78, -239, 61, 178, -117, 234, 370, -63, 161, 29, 
200, 273, 73, -236, 63, 173, -112, 239, 375, -63, 161, 29, 
200, 268, 68, -234, 65, 168, -107, 239, 375, -63, 161, 29, 
195, 263, 68, -229, 63, 165, -107, 244, 370, -63, 161, 29, 
195, 258, 63, -226, 65, 161, -112, 248, 366, -68, 151, 29, 
195, 253, 58, -224, 68, 156, -112, 248, 366, -68, 151, 24, 
195, 248, 53, -222, 70, 151, -107, 253, 366, -68, 146, 24, 
185, 234, 48, -209, 68, 141, -102, 258, 366, -68, 146, 24, 
195, 234, 39, -214, 78, 136, -92, 258, 375, -73, 141, 14, 
195, 234, 39, -214, 78, 136, -92, 253, 375, -73, 141, 14, 
195, 234, 39, -214, 78, 136, -87, 253, 375, -73, 141, 19, 
195, 229, 34, -212, 80, 131, -82, 253, 375, -73, 141, 19, 
195, 224, 29, -209, 82, 126, -82, 258, 375, -87, 146, 4, 
195, 224, 29, -209, 82, 126, -78, 263, 375, -87, 146, 4, 
195, 229, 34, -212, 80, 131, -73, 268, 375, -87, 146, 4, 
195, 229, 34, -212, 80, 131, -63, 273, 375, -92, 146, 0, 
195, 224, 29, -209, 82, 126, -63, 273, 375, -87, 136, 4, 
190, 219, 29, -204, 80, 124, -63, 273, 375, -87, 136, 4, 
190, 219, 29, -204, 80, 124, -63, 273, 375, -87, 136, 4, 
195, 229, 34, -212, 80, 131, -63, 273, 375, -82, 136, 4, 
195, 219, 24, -207, 85, 122, -48, 278, 385, -82, 146, 0, 
190, 214, 24, -202, 82, 119, -48, 283, 385, -87, 136, 0, 
175, 209, 34, -192, 70, 122, -48, 283, 385, -87, 136, 0, 
185, 209, 24, -197, 80, 117, -43, 283, 385, -87, 136, 0, 
190, 214, 24, -202, 82, 119, -53, 273, 375, -97, 126, -9, 
190, 214, 24, -202, 82, 119, -53, 278, 375, -97, 126, -9, 
185, 204, 19, -195, 82, 112, -43, 278, 375, -97, 131, -9, 
185, 200, 14, -192, 85, 107, -43, 278, 375, -97, 131, -9, 
185, 209, 24, -197, 80, 117, -53, 278, 385, -87, 131, 0, 
185, 209, 24, -197, 80, 117, -58, 278, 385, -87, 131, 0, 
185, 209, 24, -197, 80, 117, -58, 278, 385, -87, 131, 0, 
180, 204, 24, -192, 78, 114, -58, 283, 385, -87, 131, 0, 
175, 214, 39, -195, 68, 126, -39, 283, 380, -92, 141, 9, 
175, 214, 39, -195, 68, 126, -39, 283, 380, -92, 141, 9, 
180, 214, 34, -197, 73, 124, -39, 283, 380, -92, 141, 9, 
180, 214, 34, -197, 73, 124, -39, 278, 380, -92, 141, 4, 
180, 209, 29, -195, 75, 119, -48, 278, 380, -92, 141, -4, 
180, 209, 29, -195, 75, 119, -48, 278, 380, -92, 141, -4, 
180, 209, 29, -195, 75, 119, -48, 278, 380, -92, 141, -4, 
180, 214, 34, -197, 73, 124, -48, 278, 380, -92, 141, -4, 
180, 214, 34, -197, 73, 124, -39, 273, 370, -92, 136, 4, 
180, 214, 34, -197, 73, 124, -39, 273, 370, -92, 136, 4, 
175, 214, 39, -195, 68, 126, -39, 273, 370, -92, 141, 4, 
175, 214, 39, -195, 68, 126, -39, 273, 370, -92, 141, 4, 
190, 219, 29, -204, 80, 124, -48, 273, 370, -92, 141, 4, 
190, 219, 29, -204, 80, 124, -48, 268, 370, -92, 141, 0, 
190, 219, 29, -204, 80, 124, -48, 268, 370, -92, 141, 0, 
190, 219, 29, -204, 80, 124, -48, 268, 370, -92, 141, 0, 
180, 224, 43, -202, 68, 134, -48, 268, 370, -97, 141, 0, 
180, 224, 43, -202, 68, 134, -48, 268, 370, -97, 141, 0, 
180, 224, 43, -202, 68, 134, -48, 268, 370, -97, 141, 4, 
180, 224, 43, -202, 68, 134, -48, 268, 370, -97, 141, 4, 
190, 224, 34, -207, 78, 129, -53, 263, 366, -97, 151, 4, 
190, 224, 34, -207, 78, 129, -53, 263, 366, -97, 151, 4, 
190, 234, 43, -212, 73, 139, -58, 253, 356, -97, 151, 4, 
190, 234, 43, -212, 73, 139, -58, 248, 346, -97, 151, 4, 
190, 229, 39, -209, 75, 134, -58, 234, 346, -87, 151, 14, 
190, 229, 39, -209, 75, 134, -63, 234, 341, -87, 165, 14, 
204, 239, 34, -222, 85, 136, -63, 229, 336, -87, 161, 19, 
214, 244, 29, -229, 92, 136, -82, 224, 331, -82, 161, 24, 
214, 253, 39, -234, 87, 146, -87, 214, 326, -82, 165, 29, 
204, 253, 48, -229, 78, 151, -87, 195, 317, -82, 180, 39, 
200, 268, 68, -234, 65, 168, -107, 161, 297, -78, 185, 48, 
209, 297, 87, -253, 61, 192, -136, 131, 234, -97, 175, 58, 
209, 307, 97, -258, 56, 202, -161, 87, 165, -117, 156, 68, 
195, 307, 112, -251, 41, 209, -190, 34, 78, -161, 151, 73, 
190, 317, 126, -253, 31, 222, -224, -34, -4, -200, 131, 82, 
175, 326, 151, -251, 12, 239, -248, -97, -102, -239, 112, 82, 
161, 331, 170, -246, -4, 251, -268, -170, -190, -283, 78, 82, 
141, 341, 200, -241, -29, 270, -302, -229, -273, -331, 48, 92, 
122, 341, 219, -231, -48, 280, -331, -287, -341, -366, 0, 92, 
82, 346, 263, -214, -90, 305, -336, -317, -385, -405, -29, 102, 
68, 366, 297, -217, -114, 331, -346, -356, -424, -419, -48, 107, 
68, 400, 331, -234, -131, 366, -380, -390, -468, -439, -63, 112, 
58, 419, 361, -239, -151, 390, -405, -429, -541, -468, -73, 112, 
34, 414, 380, -224, -173, 397, -444, -478, -614, -502, -97, 112, 
14, 419, 405, -217, -195, 412, -478, -531, -678, -531, -117, 122, 
-4, 429, 434, -212, -219, 431, -507, -580, -751, -561, -141, 126, 
-9, 434, 444, -212, -226, 439, -536, -624, -814, -600, -161, 126, 
-14, 444, 458, -214, -236, 451, -570, -673, -854, -629, -200, 126, 
-34, 444, 478, -204, -256, 461, -585, -683, -863, -653, -234, 112, 
-68, 434, 502, -183, -285, 468, -595, -673, -854, -668, -258, 112, 
-82, 444, 527, -180, -305, 485, -595, -663, -854, -683, -287, 112, 
-92, 453, 546, -180, -319, 500, -600, -673, -868, -707, -307, 97, 
-97, 453, 551, -178, -324, 502, -619, -673, -873, -722, -326, 97, 
-102, 429, 531, -163, -317, 480, -619, -668, -888, -741, -331, 92, 
-112, 424, 536, -156, -324, 480, -634, -678, -893, -741, -331, 87, 
-102, 434, 536, -165, -319, 485, -653, -678, -863, -722, -322, 97, 
-92, 444, 536, -175, -314, 490, -658, -678, -829, -702, -307, 102, 
-92, 463, 556, -185, -324, 509, -663, -678, -800, -673, -292, 102, 
-97, 463, 561, -183, -329, 512, -663, -673, -761, -649, -268, 112, 
-92, 453, 546, -180, -319, 500, -653, -649, -702, -624, -253, 112, 
-73, 439, 512, -183, -292, 475, -639, -610, -644, -610, -248, 102, 
-48, 439, 488, -195, -268, 463, -614, -551, -575, -595, -248, 92, 
-19, 434, 453, -207, -236, 444, -585, -492, -512, -570, -229, 87, 
-9, 409, 419, -200, -214, 414, -551, -429, -444, -551, -204, 87, 
-4, 370, 375, -183, -190, 373, -517, -375, -400, -531, -180, 68, 
9, 346, 336, -178, -163, 341, -483, -331, -351, -517, -175, 63, 
19, 326, 307, -173, -143, 317, -453, -302, -331, -512, -175, 43, 
14, 302, 287, -158, -136, 295, -424, -278, -302, -502, -170, 29, 
9, 273, 263, -141, -126, 268, -395, -244, -268, -483, -165, 9, 
14, 239, 224, -126, -104, 231, -370, -219, -219, -468, -156, -4, 
39, 234, 195, -136, -78, 214, -356, -190, -190, -448, -156, -19, 
48, 239, 190, -143, -70, 214, -336, -156, -141, -439, -141, -24, 
58, 229, 170, -143, -56, 200, -307, -97, -73, -414, -126, -24, 
58, 219, 161, -139, -51, 190, -278, -48, -14, -380, -102, -19, 
53, 200, 146, -126, -46, 173, -244, -14, 14, -356, -82, -29, 
53, 190, 136, -122, -41, 163, -214, 19, 43, -336, -63, -29, 
68, 190, 122, -129, -26, 156, -195, 43, 68, -317, -48, -24, 
82, 180, 97, -131, -7, 139, -170, 68, 82, -307, -39, -39, 
92, 180, 87, -136, 2, 134, -161, 78, 102, -297, -24, -39, 
97, 175, 78, -136, 9, 126, -161, 87, 136, -278, -4, -34, 
112, 180, 68, -146, 21, 124, -161, 97, 161, -248, 19, -24, 
136, 204, 68, -170, 34, 136, -151, 117, 195, -219, 39, -19, 
156, 214, 58, -185, 48, 136, -146, 146, 234, -195, 58, -24, 
170, 229, 58, -200, 56, 143, -151, 165, 263, -180, 78, -14, 
185, 234, 48, -209, 68, 141, -136, 185, 283, -165, 92, -9, 
195, 244, 48, -219, 73, 146, -117, 200, 297, -151, 117, 4, 
204, 244, 39, -224, 82, 141, -112, 200, 307, -136, 126, 9, 
224, 248, 24, -236, 100, 136, -102, 209, 302, -131, 122, 0, 
229, 248, 19, -239, 104, 134, -87, 209, 307, -126, 126, 4, 
234, 244, 9, -239, 112, 126, -92, 214, 326, -117, 131, 9, 
239, 248, 9, -244, 114, 129, -92, 219, 341, -112, 136, 9, 
248, 258, 9, -253, 119, 134, -82, 239, 361, -92, 146, 0, 
248, 258, 9, -253, 119, 134, -63, 268, 400, -73, 156, 0, 
239, 239, 0, -239, 119, 119, -53, 297, 429, -63, 165, 9, 
224, 229, 4, -226, 109, 117, -39, 322, 448, -58, 180, 9, 
229, 234, 4, -231, 112, 119, -34, 331, 453, -48, 180, 9, 
219, 234, 14, -226, 102, 124, -29, 331, 448, -48, 200, 14, 
229, 244, 14, -236, 107, 129, -24, 331, 448, -43, 204, 14, 
229, 244, 14, -236, 107, 129, -24, 326, 448, -43, 204, 19, 
229, 239, 9, -234, 109, 124, -19, 326, 448, -43, 204, 19, 
234, 239, 4, -236, 114, 122, -19, 317, 453, -29, 214, 19, 
239, 244, 4, -241, 117, 124, -14, 317, 453, -24, 219, 19, 
248, 248, 0, -248, 124, 124, -14, 322, 463, -24, 219, 19, 
253, 253, 0, -253, 126, 126, -14, 331, 473, -19, 224, 19, 
244, 263, 19, -253, 112, 141, -4, 341, 483, -19, 224, 19, 
244, 263, 19, -253, 112, 141, -4, 346, 483, -14, 229, 19, 
244, 263, 19, -253, 112, 141, 0, 346, 492, -14, 229, 19, 
248, 268, 19, -258, 114, 143, 0, 346, 492, -14, 229, 19, 
248, 258, 9, -253, 119, 134, -9, 346, 483, -14, 224, 24, 
248, 258, 9, -253, 119, 134, -9, 346, 483, -14, 224, 24, 
244, 258, 14, -251, 114, 136, -9, 346, 483, -14, 229, 24, 
244, 258, 14, -251, 114, 136, -9, 341, 488, -4, 229, 29, 
244, 263, 19, -253, 112, 141, -14, 331, 497, -4, 239, 34, 
248, 273, 24, -261, 112, 148, -14, 341, 502, 0, 244, 34, 
248, 273, 24, -261, 112, 148, -9, 341, 502, 0, 253, 34, 
248, 268, 19, -258, 114, 143, -9, 346, 507, 4, 263, 34, 
253, 268, 14, -261, 119, 141, -9, 346, 502, 4, 263, 29, 
253, 273, 19, -263, 117, 146, -4, 351, 502, 9, 263, 29, 
258, 273, 14, -265, 122, 143, -4, 351, 507, 9, 268, 34, 
258, 273, 14, -265, 122, 143, -4, 351, 507, 9, 268, 34, 
258, 283, 24, -270, 117, 153, -4, 351, 517, 14, 268, 43, 
258, 287, 29, -273, 114, 158, -4, 356, 522, 24, 268, 43, 
263, 292, 29, -278, 117, 161, -4, 361, 527, 29, 268, 48, 
263, 292, 29, -278, 117, 161, -4, 361, 527, 29, 268, 53, 
268, 283, 14, -275, 126, 148, 0, 366, 531, 29, 278, 43, 
273, 283, 9, -278, 131, 146, 0, 366, 536, 34, 283, 43, 
273, 292, 19, -283, 126, 156, 4, 366, 541, 39, 283, 48, 
278, 292, 14, -285, 131, 153, 4, 366, 546, 39, 283, 53, 
278, 292, 14, -285, 131, 153, 4, 370, 561, 43, 302, 43, 
278, 292, 14, -285, 131, 153, 4, 370, 561, 43, 307, 48, 
278, 292, 14, -285, 131, 153, 9, 370, 566, 48, 312, 48, 
287, 307, 19, -297, 134, 163, 9, 370, 570, 53, 317, 48, 
283, 322, 39, -302, 122, 180, 4, 385, 585, 58, 317, 58, 
287, 322, 34, -305, 126, 178, 4, 390, 590, 73, 322, 63, 
287, 322, 34, -305, 126, 178, 4, 390, 595, 78, 326, 63, 
292, 317, 24, -305, 134, 170, 4, 390, 600, 87, 331, 63, 
292, 326, 34, -309, 129, 180, 14, 390, 605, 102, 336, 73, 
302, 331, 29, -317, 136, 180, 14, 390, 610, 107, 346, 73, 
307, 336, 29, -322, 139, 183, 14, 395, 614, 112, 356, 73, 
307, 346, 39, -326, 134, 192, 14, 400, 619, 117, 366, 78, 
307, 351, 43, -329, 131, 197, 14, 400, 629, 131, 370, 87, 
312, 361, 48, -336, 131, 204, 4, 405, 639, 141, 380, 97, 
317, 370, 53, -344, 131, 212, 4, 405, 644, 146, 385, 107, 
317, 380, 63, -348, 126, 222, 4, 405, 653, 146, 385, 117, 
331, 395, 63, -363, 134, 229, 0, 405, 658, 146, 395, 112, 
336, 395, 58, -366, 139, 226, -4, 405, 663, 161, 405, 112, 
341, 400, 58, -370, 141, 229, -9, 405, 668, 165, 419, 117, 
346, 405, 58, -375, 143, 231, -14, 405, 668, 170, 424, 117, 
356, 400, 43, -378, 156, 222, -19, 385, 658, 170, 429, 126, 
356, 405, 48, -380, 153, 226, -29, 380, 663, 175, 434, 126, 
361, 405, 43, -383, 158, 224, -53, 375, 663, 180, 434, 126, 
366, 409, 43, -387, 161, 226, -58, 375, 658, 185, 444, 131, 
380, 414, 34, -397, 173, 224, -63, 366, 649, 180, 434, 131, 
390, 424, 34, -407, 178, 229, -68, 361, 649, 185, 439, 141, 
390, 429, 39, -409, 175, 234, -73, 351, 649, 190, 444, 146, 
390, 434, 43, -412, 173, 239, -82, 346, 649, 190, 453, 146, 
405, 434, 29, -419, 187, 231, -92, 351, 639, 195, 458, 141, 
414, 444, 29, -429, 192, 236, -97, 346, 639, 200, 463, 141, 
419, 453, 34, -436, 192, 244, -97, 341, 644, 204, 468, 141, 
419, 458, 39, -439, 190, 248, -102, 341, 653, 209, 473, 146, 
429, 458, 29, -444, 200, 244, -97, 351, 668, 224, 488, 151, 
434, 463, 29, -448, 202, 246, -102, 356, 673, 234, 492, 170, 
444, 468, 24, -456, 209, 246, -107, 356, 673, 234, 492, 175, 
448, 473, 24, -461, 212, 248, -112, 356, 673, 239, 497, 180, 
439, 473, 34, -456, 202, 253, -107, 366, 673, 244, 502, 180, 
434, 473, 39, -453, 197, 256, -102, 366, 673, 244, 507, 180, 
439, 478, 39, -458, 200, 258, -92, 366, 673, 244, 507, 185, 
439, 483, 43, -461, 197, 263, -87, 361, 678, 244, 512, 185, 
429, 478, 48, -453, 190, 263, -82, 370, 678, 244, 512, 175, 
429, 473, 43, -451, 192, 258, -82, 370, 673, 244, 512, 175, 
429, 468, 39, -448, 195, 253, -92, 361, 663, 244, 512, 175, 
429, 463, 34, -446, 197, 248, -92, 361, 658, 239, 512, 180, 
444, 463, 19, -453, 212, 241, -87, 361, 658, 229, 502, 175, 
444, 463, 19, -453, 212, 241, -87, 356, 649, 224, 502, 175, 
444, 453, 9, -448, 217, 231, -92, 356, 649, 219, 502, 175, 
434, 453, 19, -444, 207, 236, -92, 356, 634, 219, 502, 175, 
434, 453, 19, -444, 207, 236, -82, 356, 634, 214, 497, 165, 
439, 458, 19, -448, 209, 239, -92, 356, 629, 204, 492, 165, 
439, 458, 19, -448, 209, 239, -92, 346, 624, 195, 488, 165, 
429, 458, 29, -444, 200, 244, -87, 341, 610, 190, 483, 161, 
424, 444, 19, -434, 202, 231, -87, 341, 595, 180, 468, 151, 
424, 444, 19, -434, 202, 231, -87, 336, 585, 170, 458, 151, 
424, 434, 9, -429, 207, 222, -87, 336, 575, 165, 448, 151, 
419, 434, 14, -427, 202, 224, -87, 326, 570, 156, 444, 151, 
409, 424, 14, -417, 197, 219, -97, 322, 561, 141, 444, 151, 
395, 424, 29, -409, 183, 226, -97, 312, 556, 136, 439, 151, 
390, 424, 34, -407, 178, 229, -97, 307, 551, 131, 429, 151, 
390, 424, 34, -407, 178, 229, -97, 297, 546, 117, 424, 146, 
385, 419, 34, -402, 175, 226, -97, 302, 527, 97, 400, 141, 
370, 409, 39, -390, 165, 224, -92, 297, 517, 87, 395, 136, 
361, 405, 43, -383, 158, 224, -92, 297, 502, 78, 385, 131, 
351, 400, 48, -375, 151, 224, -87, 292, 492, 73, 375, 126, 
351, 395, 43, -373, 153, 219, -87, 278, 488, 63, 370, 131, 
341, 395, 53, -368, 143, 224, -92, 278, 478, 48, 361, 126, 
336, 390, 53, -363, 141, 222, -92, 273, 478, 43, 351, 126, 
322, 380, 58, -351, 131, 219, -92, 268, 473, 34, 341, 122, 
317, 375, 58, -346, 129, 217, -92, 258, 468, 24, 331, 122, 
312, 375, 63, -344, 124, 219, -92, 253, 453, 19, 326, 117, 
312, 370, 58, -341, 126, 214, -87, 253, 453, 9, 317, 112, 
302, 351, 48, -326, 126, 200, -78, 258, 448, 9, 312, 107, 
287, 336, 48, -312, 119, 192, -78, 268, 429, -4, 302, 92, 
283, 341, 58, -312, 112, 200, -73, 268, 419, -9, 292, 87, 
283, 341, 58, -312, 112, 200, -73, 268, 419, -19, 287, 87, 
278, 346, 68, -312, 104, 207, -68, 268, 419, -24, 287, 82, 
273, 326, 53, -300, 109, 190, -68, 268, 424, -29, 287, 87, 
268, 322, 53, -295, 107, 187, -68, 263, 424, -34, 273, 82, 
258, 322, 63, -290, 97, 192, -68, 263, 424, -39, 273, 78, 
258, 317, 58, -287, 100, 187, -68, 263, 424, -43, 258, 73, 
253, 322, 68, -287, 92, 195, -63, 253, 409, -53, 268, 58, 
244, 312, 68, -278, 87, 190, -63, 258, 405, -53, 263, 58, 
234, 302, 68, -268, 82, 185, -63, 263, 400, -53, 258, 58, 
234, 302, 68, -268, 82, 185, -68, 263, 400, -53, 253, 58, 
234, 302, 68, -268, 82, 185, -58, 263, 405, -53, 253, 58, 
229, 297, 68, -263, 80, 183, -53, 263, 395, -58, 248, 58, 
229, 297, 68, -263, 80, 183, -53, 263, 400, -63, 248, 48, 
229, 297, 68, -263, 80, 183, -53, 263, 409, -68, 248, 39, 
224, 287, 63, -256, 80, 175, -53, 263, 400, -68, 253, 43, 
224, 292, 68, -258, 78, 180, -48, 263, 400, -68, 248, 43, 
224, 292, 68, -258, 78, 180, -39, 263, 400, -68, 248, 43, 
219, 292, 73, -256, 73, 183, -39, 263, 400, -68, 248, 48, 
214, 283, 68, -248, 73, 175, -48, 263, 409, -63, 248, 39, 
214, 283, 68, -248, 73, 175, -43, 263, 405, -63, 248, 39, 
214, 287, 73, -251, 70, 180, -43, 263, 400, -68, 244, 39, 
214, 297, 82, -256, 65, 190, -43, 263, 395, -73, 244, 39, 
204, 287, 82, -246, 61, 185, -34, 263, 405, -73, 244, 39, 
209, 283, 73, -246, 68, 178, -24, 273, 405, -73, 244, 48, 
214, 292, 78, -253, 68, 185, -39, 273, 409, -68, 244, 39, 
214, 283, 68, -248, 73, 175, -39, 273, 409, -68, 244, 39, 
214, 283, 68, -248, 73, 175, -39, 273, 409, -68, 244, 39, 
214, 283, 68, -248, 73, 175, -39, 273, 409, -68, 244, 39, 
214, 283, 68, -248, 73, 175, -39, 273, 409, -68, 244, 39, 
214, 297, 82, -256, 65, 190, -29, 263, 409, -63, 248, 43, 
214, 297, 82, -256, 65, 190, -34, 263, 409, -63, 253, 43, 
214, 297, 82, -256, 65, 190, -39, 263, 409, -63, 258, 43, 
214, 297, 82, -256, 65, 190, -39, 263, 409, -63, 258, 43, 
214, 312, 97, -263, 58, 204, -39, 273, 414, -48, 258, 53, 
214, 312, 97, -263, 58, 204, -39, 263, 414, -48, 258, 53, 
214, 312, 97, -263, 58, 204, -39, 263, 414, -53, 258, 53, 
214, 307, 92, -261, 61, 200, -39, 263, 419, -53, 258, 53, 
224, 312, 87, -268, 68, 200, -48, 253, 429, -48, 268, 68, 
224, 322, 97, -273, 63, 209, -48, 253, 424, -48, 268, 68, 
224, 331, 107, -278, 58, 219, -58, 253, 424, -43, 268, 68, 
224, 341, 117, -283, 53, 229, -58, 253, 424, -43, 268, 68, 
214, 341, 126, -278, 43, 234, -68, 229, 419, -43, 273, 68, 
214, 341, 126, -278, 43, 234, -73, 224, 414, -43, 278, 68, 
214, 341, 126, -278, 43, 234, -78, 224, 409, -43, 283, 68, 
214, 341, 126, -278, 43, 234, -82, 219, 400, -43, 287, 68, 
204, 331, 126, -268, 39, 229, -97, 204, 385, -48, 283, 68, 
209, 331, 122, -270, 43, 226, -102, 200, 385, -53, 278, 68, 
214, 331, 117, -273, 48, 224, -107, 190, 380, -58, 273, 68, 
214, 331, 117, -273, 48, 224, -117, 185, 370, -63, 268, 68, 
219, 336, 117, -278, 51, 226, -136, 185, 356, -68, 258, 68, 
224, 341, 117, -283, 53, 229, -141, 180, 356, -68, 258, 63, 
229, 346, 117, -287, 56, 231, -141, 180, 356, -68, 253, 63, 
224, 341, 117, -283, 53, 229, -141, 180, 356, -68, 253, 63, 
239, 351, 112, -295, 63, 231, -141, 190, 366, -53, 263, 63, 
244, 351, 107, -297, 68, 229, -141, 185, 366, -53, 268, 63, 
248, 351, 102, -300, 73, 226, -136, 185, 366, -53, 273, 68, 
253, 346, 92, -300, 80, 219, -131, 185, 366, -53, 278, 68, 
248, 341, 92, -295, 78, 217, -131, 195, 375, -48, 273, 73, 
244, 341, 97, -292, 73, 219, -126, 195, 375, -48, 273, 73, 
239, 346, 107, -292, 65, 226, -122, 195, 375, -48, 273, 73, 
234, 346, 112, -290, 61, 229, -112, 195, 375, -53, 273, 68, 
224, 336, 112, -280, 56, 224, -112, 200, 375, -58, 263, 53, 
219, 326, 107, -273, 56, 217, -112, 204, 375, -58, 263, 53, 
219, 322, 102, -270, 58, 212, -112, 209, 375, -58, 263, 53, 
224, 326, 102, -275, 61, 214, -112, 214, 375, -53, 263, 53, 
224, 322, 97, -273, 63, 209, -97, 229, 385, -63, 263, 48, 
219, 312, 92, -265, 63, 202, -97, 234, 385, -68, 253, 48, 
204, 302, 97, -253, 53, 200, -97, 234, 385, -68, 253, 48, 
214, 297, 82, -256, 65, 190, -92, 234, 385, -68, 253, 48, 
229, 312, 82, -270, 73, 197, -92, 224, 375, -78, 253, 39, 
229, 312, 82, -270, 73, 197, -92, 229, 375, -78, 253, 39, 
224, 302, 78, -263, 73, 190, -82, 229, 375, -78, 258, 39, 
224, 297, 73, -261, 75, 185, -82, 229, 375, -78, 258, 39, 
224, 287, 63, -256, 80, 175, -73, 239, 375, -68, 258, 39, 
224, 287, 63, -256, 80, 175, -78, 239, 375, -68, 258, 39, 
224, 287, 63, -256, 80, 175, -78, 239, 375, -68, 258, 39, 
219, 283, 63, -251, 78, 173, -78, 244, 375, -68, 258, 39, 
214, 273, 58, -244, 78, 165, -58, 248, 390, -82, 253, 29, 
214, 273, 58, -244, 78, 165, -58, 253, 390, -82, 248, 29, 
219, 273, 53, -246, 82, 163, -58, 258, 390, -82, 244, 29, 
219, 273, 53, -246, 82, 163, -58, 258, 390, -82, 239, 24, 
219, 258, 39, -239, 90, 148, -58, 268, 390, -73, 248, 24, 
219, 258, 39, -239, 90, 148, -58, 268, 390, -73, 248, 24, 
219, 258, 39, -239, 90, 148, -58, 268, 390, -73, 248, 24, 
219, 263, 43, -241, 87, 153, -58, 268, 390, -73, 248, 24, 
229, 273, 43, -251, 92, 158, -48, 263, 380, -73, 244, 34, 
229, 273, 43, -251, 92, 158, -48, 263, 380, -73, 244, 34, 
224, 273, 48, -248, 87, 161, -48, 263, 380, -73, 248, 34, 
224, 273, 48, -248, 87, 161, -48, 263, 380, -73, 248, 34, 
219, 278, 58, -248, 80, 168, -48, 273, 390, -82, 248, 34, 
219, 278, 58, -248, 80, 168, -48, 268, 390, -82, 248, 29, 
219, 278, 58, -248, 80, 168, -48, 268, 390, -82, 248, 29, 
219, 278, 58, -248, 80, 168, -48, 268, 390, -82, 248, 29, 
229, 263, 34, -246, 97, 148, -39, 268, 390, -78, 248, 19, 
229, 263, 34, -246, 97, 148, -39, 268, 390, -78, 248, 19, 
229, 263, 34, -246, 97, 148, -39, 268, 390, -78, 248, 24, 
229, 263, 34, -246, 97, 148, -39, 268, 390, -78, 248, 24, 
219, 263, 43, -241, 87, 153, -53, 253, 375, -87, 248, 24, 
219, 263, 43, -241, 87, 153, -53, 253, 375, -87, 248, 24, 
219, 273, 53, -246, 82, 163, -58, 244, 366, -87, 248, 24, 
219, 273, 53, -246, 82, 163, -58, 239, 356, -87, 248, 24, 
219, 287, 68, -253, 75, 178, -58, 234, 356, -87, 248, 34, 
219, 287, 68, -253, 75, 178, -73, 234, 361, -78, 263, 34, 
234, 297, 63, -265, 85, 180, -82, 229, 356, -87, 268, 39, 
253, 302, 48, -278, 102, 175, -82, 224, 341, -92, 258, 53, 
253, 312, 58, -283, 97, 185, -97, 214, 336, -82, 263, 58, 
253, 302, 48, -278, 102, 175, -107, 195, 326, -63, 278, 58, 
258, 307, 48, -283, 104, 178, -126, 170, 317, -58, 283, 58, 
268, 326, 58, -297, 104, 192, -146, 151, 283, -68, 292, 68, 
268, 366, 97, -317, 85, 231, -170, 107, 234, -78, 292, 78, 
273, 385, 112, -329, 80, 248, -190, 63, 156, -112, 278, 82, 
248, 385, 136, -317, 56, 261, -214, 4, 63, -151, 258, 92, 
214, 375, 161, -295, 26, 268, -229, -48, -24, -190, 239, 102, 
190, 370, 180, -280, 4, 275, -248, -112, -112, -244, 195, 102, 
170, 370, 200, -270, -14, 285, -283, -180, -204, -312, 136, 92, 
161, 370, 209, -265, -24, 290, -302, -239, -273, -356, 97, 82, 
122, 366, 244, -244, -61, 305, -317, -278, -336, -385, 58, 82, 
97, 366, 268, -231, -85, 317, -346, -317, -385, -419, 29, 87, 
78, 370, 292, -224, -107, 331, -370, -361, -439, -439, 4, 92, 
68, 400, 331, -234, -131, 366, -405, -419, -522, -458, 4, 102, 
53, 414, 361, -234, -153, 387, -434, -468, -605, -483, -19, 102, 
34, 439, 405, -236, -185, 422, -458, -522, -668, -522, -39, 102, 
14, 448, 434, -231, -209, 441, -478, -570, -751, -551, -53, 107, 
0, 453, 453, -226, -226, 453, -507, -624, -814, -600, -82, 117, 
-4, 473, 478, -234, -241, 475, -531, -653, -863, -629, -102, 126, 
-14, 512, 527, -248, -270, 519, -546, -663, -873, -644, -126, 151, 
-29, 512, 541, -241, -285, 527, -556, -673, -883, -668, -161, 151, 
-53, 492, 546, -219, -300, 519, -556, -673, -883, -702, -190, 131, 
-82, 492, 575, -204, -329, 534, -551, -673, -897, -736, -229, 126, 
-97, 492, 590, -197, -344, 541, -570, -683, -922, -751, -258, 117, 
-92, 478, 570, -192, -331, 524, -590, -707, -946, -771, -283, 112, 
-102, 483, 585, -190, -344, 534, -624, -736, -971, -780, -283, 107, 
-102, 483, 585, -190, -344, 534, -653, -756, -971, -771, -273, 107, 
-112, 483, 595, -185, -353, 539, -668, -766, -956, -751, -258, 112, 
-102, 502, 605, -200, -353, 553, -692, -775, -927, -741, -244, 122, 
-87, 531, 619, -222, -353, 575, -702, -771, -888, -717, -229, 131, 
-73, 541, 614, -234, -344, 578, -702, -746, -829, -692, -214, 131, 
-63, 527, 590, -231, -326, 558, -678, -697, -761, -678, -200, 131, 
-48, 517, 566, -234, -307, 541, -644, -629, -673, -644, -180, 131, 
-29, 502, 531, -236, -280, 517, -614, -561, -600, -610, -170, 126, 
0, 468, 468, -234, -234, 468, -590, -507, -531, -580, -156, 97, 
24, 429, 405, -226, -190, 417, -566, -453, -478, -570, -151, 78, 
29, 395, 366, -212, -168, 380, -522, -400, -439, -546, -136, 63, 
29, 356, 326, -192, -148, 341, -492, -370, -400, -531, -126, 53, 
34, 341, 307, -187, -136, 324, -463, -346, -370, -522, -112, 39, 
48, 351, 302, -200, -126, 326, -444, -322, -336, -502, -97, 39, 
53, 336, 283, -195, -114, 309, -419, -287, -287, -478, -78, 34, 
48, 322, 273, -185, -112, 297, -405, -258, -229, -439, -58, 29, 
39, 326, 287, -183, -124, 307, -385, -214, -161, -409, -43, 43, 
58, 336, 278, -197, -109, 307, -366, -165, -102, -385, -29, 34, 
68, 326, 258, -197, -95, 292, -336, -117, -43, -370, -24, 19, 
73, 317, 244, -195, -85, 280, -302, -73, -4, -336, 4, 19, 
73, 297, 224, -185, -75, 261, -263, -39, 24, -297, 34, 19, 
78, 278, 200, -178, -61, 239, -244, -4, 48, -278, 58, 14, 
102, 278, 175, -190, -36, 226, -219, 19, 63, -278, 58, 0, 
112, 278, 165, -195, -26, 222, -200, 29, 82, -268, 73, 0, 
126, 283, 156, -204, -14, 219, -200, 39, 126, -239, 102, 14, 
131, 287, 156, -209, -12, 222, -200, 58, 161, -209, 117, 24, 
146, 292, 146, -219, 0, 219, -200, 78, 185, -200, 126, 19, 
165, 302, 136, -234, 14, 219, -204, 87, 214, -175, 146, 24, 
190, 326, 136, -258, 26, 231, -190, 117, 253, -161, 165, 34, 
214, 322, 107, -268, 53, 214, -165, 146, 273, -146, 180, 29, 
234, 322, 87, -278, 73, 204, -156, 151, 278, -131, 185, 24, 
253, 331, 78, -292, 87, 204, -161, 161, 278, -126, 195, 19, 
263, 326, 63, -295, 100, 195, -151, 180, 283, -112, 209, 19, 
278, 307, 29, -292, 124, 168, -146, 190, 297, -107, 214, 14, 
263, 292, 29, -278, 117, 161, -141, 195, 307, -107, 209, 9, 
248, 278, 29, -263, 109, 153, -122, 209, 331, -102, 224, 0, 
258, 287, 29, -273, 114, 158, -102, 239, 370, -73, 244, 9, 
278, 307, 29, -292, 124, 168, -92, 248, 390, -53, 253, 19, 
278, 307, 29, -292, 124, 168, -92, 268, 409, -43, 263, 19, 
253, 297, 43, -275, 104, 170, -78, 273, 419, -29, 268, 29, 
258, 302, 43, -280, 107, 173, -63, 283, 424, -19, 278, 29, 
268, 312, 43, -290, 112, 178, -68, 278, 424, -24, 278, 24, 
278, 322, 43, -300, 117, 183, -63, 283, 419, -24, 283, 24, 
278, 322, 43, -300, 117, 183, -63, 283, 414, -29, 283, 29, 
278, 317, 39, -297, 119, 178, -58, 287, 409, -34, 283, 29, 
278, 302, 24, -290, 126, 163, -48, 292, 419, -29, 273, 24, 
278, 302, 24, -290, 126, 163, -43, 297, 424, -24, 278, 19, 
283, 302, 19, -292, 131, 161, -43, 307, 439, -24, 278, 14, 
283, 302, 19, -292, 131, 161, -43, 322, 453, -19, 283, 9, 
278, 292, 14, -285, 131, 153, -34, 312, 453, -19, 292, 14, 
273, 292, 19, -283, 126, 156, -34, 317, 453, -14, 297, 19, 
268, 292, 24, -280, 122, 158, -29, 317, 463, -14, 297, 24, 
268, 297, 29, -283, 119, 163, -29, 317, 463, -14, 297, 29, 
278, 307, 29, -292, 124, 168, -29, 317, 453, -14, 292, 34, 
278, 307, 29, -292, 124, 168, -29, 317, 453, -14, 292, 34, 
273, 307, 34, -290, 119, 170, -29, 317, 453, -14, 297, 34, 
273, 307, 34, -290, 119, 170, -29, 312, 458, -4, 297, 39, 
283, 307, 24, -295, 129, 165, -24, 322, 468, -4, 292, 34, 
287, 312, 24, -300, 131, 168, -24, 331, 473, 0, 292, 34, 
287, 307, 19, -297, 134, 163, -19, 331, 473, 0, 297, 34, 
287, 297, 9, -292, 139, 153, -19, 336, 478, 4, 302, 34, 
283, 297, 14, -290, 134, 156, -29, 326, 483, 4, 312, 39, 
283, 302, 19, -292, 131, 161, -24, 331, 483, 9, 312, 39, 
287, 302, 14, -295, 136, 158, -24, 331, 488, 9, 317, 43, 
287, 302, 14, -295, 136, 158, -24, 331, 488, 9, 317, 43, 
297, 312, 14, -305, 141, 163, -34, 331, 488, 24, 326, 43, 
297, 317, 19, -307, 139, 168, -34, 336, 492, 34, 326, 43, 
302, 322, 19, -312, 141, 170, -34, 341, 497, 39, 326, 48, 
302, 322, 19, -312, 141, 170, -34, 341, 497, 39, 326, 53, 
307, 322, 14, -314, 146, 168, -29, 346, 502, 48, 336, 53, 
312, 322, 9, -317, 151, 165, -29, 346, 507, 53, 341, 53, 
312, 331, 19, -322, 146, 175, -24, 346, 512, 58, 341, 58, 
317, 331, 14, -324, 151, 173, -24, 346, 517, 58, 341, 63, 
307, 341, 34, -324, 136, 187, -34, 341, 512, 53, 341, 53, 
307, 341, 34, -324, 136, 187, -34, 341, 512, 53, 346, 58, 
307, 341, 34, -324, 136, 187, -29, 341, 517, 58, 351, 58, 
317, 356, 39, -336, 139, 197, -29, 341, 522, 63, 356, 58, 
322, 361, 39, -341, 141, 200, -24, 356, 527, 73, 356, 68, 
326, 361, 34, -344, 146, 197, -24, 361, 531, 82, 361, 73, 
326, 361, 34, -344, 146, 197, -24, 361, 536, 82, 366, 73, 
331, 356, 24, -344, 153, 190, -24, 361, 541, 87, 370, 73, 
331, 346, 14, -339, 158, 180, -24, 361, 556, 92, 370, 73, 
341, 351, 9, -346, 165, 180, -24, 361, 561, 97, 375, 73, 
346, 356, 9, -351, 168, 183, -24, 366, 566, 102, 380, 73, 
346, 366, 19, -356, 163, 192, -24, 370, 570, 107, 385, 78, 
346, 375, 29, -361, 158, 202, -24, 370, 585, 122, 400, 82, 
351, 380, 29, -366, 161, 204, -34, 375, 590, 131, 409, 87, 
356, 385, 29, -370, 163, 207, -34, 375, 590, 136, 414, 92, 
356, 390, 34, -373, 161, 212, -34, 375, 595, 136, 414, 97, 
366, 405, 39, -385, 163, 222, -39, 366, 590, 141, 424, 117, 
375, 414, 39, -395, 168, 226, -43, 366, 595, 161, 434, 122, 
385, 429, 43, -407, 170, 236, -48, 366, 600, 170, 448, 131, 
395, 444, 48, -419, 173, 246, -53, 366, 600, 180, 453, 136, 
395, 434, 39, -414, 178, 236, -39, 370, 614, 175, 453, 131, 
395, 434, 39, -414, 178, 236, -39, 370, 624, 175, 453, 126, 
400, 429, 29, -414, 185, 229, -53, 370, 629, 175, 448, 122, 
405, 429, 24, -417, 190, 226, -48, 375, 629, 175, 453, 122, 
419, 444, 24, -431, 197, 234, -58, 380, 634, 190, 463, 122, 
429, 453, 24, -441, 202, 239, -58, 380, 639, 195, 468, 131, 
429, 458, 29, -444, 200, 244, -58, 375, 644, 200, 473, 136, 
429, 463, 34, -446, 197, 248, -63, 375, 649, 200, 483, 136, 
444, 473, 29, -458, 207, 251, -78, 361, 644, 214, 497, 146, 
453, 483, 29, -468, 212, 256, -87, 346, 639, 219, 502, 151, 
458, 492, 34, -475, 212, 263, -92, 331, 639, 224, 507, 156, 
458, 497, 39, -478, 209, 268, -102, 322, 644, 229, 512, 165, 
448, 507, 58, -478, 195, 283, -122, 312, 629, 229, 512, 165, 
453, 512, 58, -483, 197, 285, -131, 307, 624, 234, 512, 180, 
463, 517, 53, -490, 204, 285, -141, 297, 614, 229, 507, 180, 
468, 522, 53, -495, 207, 287, -151, 287, 605, 229, 507, 180, 
463, 522, 58, -492, 202, 290, -161, 297, 610, 244, 522, 190, 
463, 522, 58, -492, 202, 290, -161, 297, 605, 244, 527, 190, 
473, 527, 53, -500, 209, 290, -156, 297, 600, 244, 527, 195, 
478, 531, 53, -505, 212, 292, -156, 292, 600, 244, 531, 195, 
478, 531, 53, -505, 212, 292, -151, 302, 605, 244, 522, 195, 
478, 531, 53, -505, 212, 292, -151, 302, 605, 244, 522, 195, 
478, 531, 53, -505, 212, 292, -161, 292, 600, 244, 522, 195, 
478, 531, 53, -505, 212, 292, -161, 292, 600, 239, 522, 200, 
483, 531, 48, -507, 217, 290, -156, 292, 590, 229, 502, 200, 
483, 531, 48, -507, 217, 290, -156, 287, 580, 224, 502, 195, 
483, 522, 39, -502, 222, 280, -161, 287, 580, 219, 502, 190, 
473, 522, 48, -497, 212, 285, -161, 287, 566, 219, 502, 185, 
473, 522, 48, -497, 212, 285, -161, 287, 561, 229, 507, 195, 
478, 527, 48, -502, 214, 287, -170, 287, 561, 224, 502, 195, 
478, 527, 48, -502, 214, 287, -170, 278, 561, 219, 497, 195, 
468, 527, 58, -497, 204, 292, -165, 273, 551, 219, 492, 190, 
453, 531, 78, -492, 187, 305, -165, 273, 546, 209, 488, 190, 
453, 531, 78, -492, 187, 305, -165, 268, 536, 200, 478, 190, 
453, 522, 68, -488, 192, 295, -165, 268, 527, 195, 468, 190, 
448, 522, 73, -485, 187, 297, -165, 258, 522, 185, 463, 190, 
439, 507, 68, -473, 185, 287, -156, 248, 497, 161, 448, 175, 
424, 502, 78, -463, 173, 290, -156, 244, 488, 146, 439, 170, 
419, 497, 78, -458, 170, 287, -156, 244, 478, 131, 424, 165, 
419, 492, 73, -456, 173, 283, -156, 239, 468, 107, 414, 156, 
405, 483, 78, -444, 163, 280, -156, 244, 468, 107, 400, 151, 
390, 468, 78, -429, 156, 273, -151, 239, 458, 97, 395, 146, 
380, 458, 78, -419, 151, 268, -151, 239, 444, 87, 385, 141, 
370, 448, 78, -409, 146, 263, -146, 234, 434, 82, 375, 136, 
370, 434, 63, -402, 153, 248, -146, 229, 429, 82, 370, 131, 
361, 434, 73, -397, 143, 253, -151, 229, 419, 68, 361, 126, 
356, 429, 73, -392, 141, 251, -151, 224, 419, 63, 351, 126, 
341, 419, 78, -380, 131, 248, -151, 219, 414, 53, 341, 122, 
336, 414, 78, -375, 129, 246, -151, 229, 409, 34, 322, 112, 
331, 414, 82, -373, 124, 248, -151, 224, 395, 29, 317, 107, 
331, 409, 78, -370, 126, 244, -146, 224, 395, 19, 307, 102, 
322, 390, 68, -356, 126, 229, -136, 229, 390, 19, 302, 97, 
307, 370, 63, -339, 122, 217, -126, 229, 385, 14, 302, 92, 
302, 370, 68, -336, 117, 219, -122, 229, 380, 9, 292, 87, 
302, 366, 63, -334, 119, 214, -122, 229, 385, 0, 287, 87, 
297, 366, 68, -331, 114, 217, -117, 229, 390, -4, 287, 82, 
292, 356, 63, -324, 114, 209, -107, 239, 385, -9, 287, 78, 
287, 351, 63, -319, 112, 207, -107, 234, 385, -14, 273, 73, 
278, 351, 73, -314, 102, 212, -107, 234, 385, -19, 273, 68, 
278, 346, 68, -312, 104, 207, -107, 234, 385, -24, 258, 63, 
273, 331, 58, -302, 107, 195, -87, 234, 390, -24, 258, 48, 
263, 322, 58, -292, 102, 190, -82, 239, 385, -24, 253, 48, 
253, 312, 58, -283, 97, 185, -78, 244, 380, -24, 248, 48, 
253, 312, 58, -283, 97, 185, -78, 244, 380, -24, 244, 48, 
253, 312, 58, -283, 97, 185, -78, 253, 390, -29, 244, 48, 
248, 307, 58, -278, 95, 183, -73, 253, 375, -39, 239, 48, 
248, 307, 58, -278, 95, 183, -73, 253, 375, -48, 239, 39, 
248, 307, 58, -278, 95, 183, -73, 253, 380, -58, 239, 29, 
244, 302, 58, -273, 92, 180, -82, 253, 380, -53, 234, 39, 
244, 302, 58, -273, 92, 180, -78, 253, 380, -48, 229, 34, 
244, 297, 53, -270, 95, 175, -68, 253, 380, -43, 229, 29, 
239, 292, 53, -265, 92, 173, -68, 253, 380, -39, 229, 29, 
234, 292, 58, -263, 87, 175, -68, 253, 390, -34, 239, 34, 
234, 292, 58, -263, 87, 175, -63, 253, 385, -34, 239, 39, 
234, 297, 63, -265, 85, 180, -63, 253, 380, -39, 234, 43, 
234, 307, 73, -270, 80, 190, -63, 253, 375, -43, 234, 48, 
224, 307, 82, -265, 70, 195, -73, 244, 375, -34, 234, 48, 
219, 302, 82, -261, 68, 192, -73, 244, 375, -34, 234, 48, 
219, 302, 82, -261, 68, 192, -78, 244, 375, -39, 234, 48, 
224, 307, 82, -265, 70, 195, -78, 244, 375, -39, 229, 48, 
229, 297, 68, -263, 80, 183, -78, 244, 380, -48, 224, 34, 
229, 287, 58, -258, 85, 173, -78, 244, 380, -48, 219, 34, 
219, 283, 63, -251, 78, 173, -73, 244, 380, -48, 219, 34, 
219, 283, 63, -251, 78, 173, -63, 248, 380, -53, 224, 34, 
234, 278, 43, -256, 95, 161, -53, 248, 380, -53, 214, 29, 
234, 278, 43, -256, 95, 161, -58, 244, 380, -53, 214, 24, 
229, 273, 43, -251, 92, 158, -58, 244, 380, -58, 214, 24, 
229, 273, 43, -251, 92, 158, -58, 244, 380, -58, 214, 24, 
229, 287, 58, -258, 85, 173, -58, 244, 390, -39, 224, 39, 
234, 297, 63, -265, 85, 180, -58, 244, 390, -34, 229, 43, 
234, 307, 73, -270, 80, 190, -58, 244, 390, -29, 234, 48, 
234, 312, 78, -273, 78, 195, -58, 244, 390, -19, 239, 53, 
229, 317, 87, -273, 70, 202, -48, 253, 390, -24, 229, 43, 
229, 317, 87, -273, 70, 202, -58, 253, 395, -29, 229, 43, 
229, 317, 87, -273, 70, 202, -63, 253, 400, -34, 224, 43, 
229, 317, 87, -273, 70, 202, -63, 253, 400, -43, 224, 43, 
239, 317, 78, -278, 80, 197, -73, 253, 409, -34, 224, 53, 
234, 312, 78, -273, 78, 195, -68, 253, 409, -29, 229, 53, 
234, 312, 78, -273, 78, 195, -68, 253, 405, -29, 229, 53, 
244, 317, 73, -280, 85, 195, -68, 253, 405, -29, 229, 53, 
244, 326, 82, -285, 80, 204, -73, 244, 414, -19, 239, 63, 
244, 331, 87, -287, 78, 209, -73, 248, 409, -19, 239, 63, 
244, 336, 92, -290, 75, 214, -78, 248, 409, -19, 239, 68, 
244, 341, 97, -292, 73, 219, -78, 248, 409, -19, 239, 68, 
234, 336, 102, -285, 65, 219, -87, 239, 400, -19, 239, 63, 
234, 341, 107, -287, 63, 224, -87, 234, 400, -19, 239, 63, 
234, 341, 107, -287, 63, 224, -87, 234, 400, -19, 239, 58, 
229, 341, 112, -285, 58, 226, -92, 234, 400, -19, 239, 58, 
214, 341, 126, -278, 43, 234, -107, 224, 400, -24, 248, 58, 
214, 341, 126, -278, 43, 234, -112, 214, 395, -24, 248, 58, 
214, 336, 122, -275, 46, 229, -112, 204, 395, -24, 253, 58, 
209, 331, 122, -270, 43, 226, -112, 190, 395, -24, 253, 58, 
195, 336, 141, -265, 26, 239, -117, 180, 385, -19, 244, 78, 
195, 336, 141, -265, 26, 239, -126, 180, 375, -19, 244, 78, 
200, 336, 136, -268, 31, 236, -131, 175, 366, -19, 244, 73, 
204, 336, 131, -270, 36, 234, -136, 175, 351, -19, 244, 73, 
214, 326, 112, -270, 51, 219, -141, 185, 356, -29, 239, 68, 
214, 326, 112, -270, 51, 219, -141, 185, 356, -29, 234, 63, 
214, 326, 112, -270, 51, 219, -141, 185, 356, -29, 229, 58, 
214, 326, 112, -270, 51, 219, -146, 185, 356, -34, 224, 53, 
214, 326, 112, -270, 51, 219, -156, 185, 356, -24, 234, 53, 
214, 326, 112, -270, 51, 219, -156, 185, 356, -24, 234, 53, 
214, 322, 107, -268, 53, 214, -156, 185, 356, -24, 234, 53, 
214, 322, 107, -268, 53, 214, -156, 185, 356, -24, 234, 53, 
204, 331, 126, -268, 39, 229, -151, 195, 356, -14, 234, 58, 
204, 336, 131, -270, 36, 234, -151, 195, 356, -14, 234, 63, 
204, 336, 131, -270, 36, 234, -141, 200, 356, -14, 234, 68, 
204, 336, 131, -270, 36, 234, -141, 200, 356, -14, 234, 73, 
195, 317, 122, -256, 36, 219, -131, 200, 366, -14, 234, 53, 
214, 331, 117, -273, 48, 224, -136, 204, 361, -19, 234, 58, 
204, 326, 122, -265, 41, 224, -136, 204, 361, -29, 224, 48, 
204, 322, 117, -263, 43, 219, -136, 204, 361, -29, 224, 48, 
204, 317, 112, -261, 46, 214, -136, 204, 361, -29, 224, 48, 
204, 312, 107, -258, 48, 209, -136, 204, 361, -29, 224, 48, 
214, 302, 87, -258, 63, 195, -131, 209, 370, -34, 214, 34, 
214, 297, 82, -256, 65, 190, -131, 214, 370, -34, 214, 34, 
214, 292, 78, -253, 68, 185, -131, 219, 370, -34, 214, 34, 
214, 287, 73, -251, 70, 180, -126, 224, 370, -34, 209, 34, 
214, 302, 87, -258, 63, 195, -126, 214, 370, -39, 209, 43, 
214, 302, 87, -258, 63, 195, -126, 204, 366, -39, 209, 43, 
214, 302, 87, -258, 63, 195, -126, 204, 361, -43, 209, 43, 
214, 297, 82, -256, 65, 190, -126, 204, 361, -43, 209, 43, 
204, 283, 78, -244, 63, 180, -112, 219, 370, -39, 209, 39, 
204, 283, 78, -244, 63, 180, -107, 224, 366, -39, 209, 39, 
204, 283, 78, -244, 63, 180, -112, 229, 366, -34, 209, 39, 
204, 283, 78, -244, 63, 180, -107, 234, 366, -34, 209, 39, 
204, 278, 73, -241, 65, 175, -107, 234, 370, -43, 209, 29, 
204, 273, 68, -239, 68, 170, -102, 234, 375, -43, 209, 29, 
204, 268, 63, -236, 70, 165, -97, 239, 380, -43, 209, 29, 
204, 263, 58, -234, 73, 161, -92, 239, 380, -43, 209, 29, 
195, 263, 68, -229, 63, 165, -92, 239, 370, -43, 200, 39, 
200, 263, 63, -231, 68, 163, -92, 239, 375, -43, 200, 39, 
204, 263, 58, -234, 73, 161, -92, 234, 375, -43, 200, 39, 
204, 263, 58, -234, 73, 161, -97, 234, 370, -43, 200, 39, 
214, 268, 53, -241, 80, 161, -102, 234, 366, -48, 209, 39, 
214, 273, 58, -244, 78, 165, -102, 229, 366, -48, 209, 34, 
214, 278, 63, -246, 75, 170, -97, 229, 366, -48, 204, 34, 
204, 273, 68, -239, 68, 170, -92, 229, 366, -48, 204, 34, 
209, 273, 63, -241, 73, 168, -92, 239, 375, -43, 200, 34, 
204, 273, 68, -239, 68, 170, -92, 234, 375, -43, 200, 34, 
200, 273, 73, -236, 63, 173, -87, 234, 375, -43, 200, 39, 
195, 268, 73, -231, 61, 170, -82, 234, 375, -43, 200, 39, 
185, 244, 58, -214, 63, 151, -82, 244, 375, -39, 195, 34, 
185, 244, 58, -214, 63, 151, -78, 244, 375, -39, 195, 34, 
185, 248, 63, -217, 61, 156, -73, 244, 375, -39, 195, 34, 
185, 248, 63, -217, 61, 156, -63, 244, 375, -43, 195, 29, 
195, 248, 53, -222, 70, 151, -68, 234, 366, -48, 195, 24, 
190, 248, 58, -219, 65, 153, -73, 234, 366, -48, 195, 24, 
190, 253, 63, -222, 63, 158, -78, 234, 366, -48, 195, 24, 
195, 268, 73, -231, 61, 170, -82, 234, 366, -43, 195, 24, 
195, 268, 73, -231, 61, 170, -87, 229, 366, -34, 195, 24, 
190, 263, 73, -226, 58, 168, -87, 234, 366, -39, 185, 29, 
175, 258, 82, -217, 46, 170, -87, 234, 366, -39, 185, 34, 
185, 258, 73, -222, 56, 165, -82, 234, 366, -39, 185, 39, 
190, 273, 82, -231, 53, 178, -92, 224, 366, -39, 195, 29, 
190, 273, 82, -231, 53, 178, -92, 229, 366, -39, 195, 29, 
185, 263, 78, -224, 53, 170, -82, 229, 366, -39, 200, 29, 
185, 258, 73, -222, 56, 165, -82, 229, 366, -39, 200, 29, 
195, 268, 73, -231, 61, 170, -82, 219, 366, -48, 190, 29, 
195, 268, 73, -231, 61, 170, -87, 219, 366, -48, 190, 29, 
195, 268, 73, -231, 61, 170, -87, 219, 366, -48, 190, 29, 
190, 263, 73, -226, 58, 168, -87, 224, 366, -48, 190, 29, 
175, 263, 87, -219, 43, 175, -78, 234, 380, -43, 190, 39, 
175, 263, 87, -219, 43, 175, -78, 234, 380, -43, 190, 39, 
180, 263, 82, -222, 48, 173, -78, 234, 380, -43, 190, 39, 
180, 263, 82, -222, 48, 173, -78, 229, 380, -43, 190, 34, 
170, 258, 87, -214, 41, 173, -68, 229, 390, -34, 190, 24, 
170, 258, 87, -214, 41, 173, -68, 229, 390, -34, 190, 24, 
170, 258, 87, -214, 41, 173, -68, 229, 390, -34, 190, 24, 
170, 263, 92, -217, 39, 178, -68, 229, 390, -34, 190, 24, 
180, 268, 87, -224, 46, 178, -68, 234, 400, -24, 190, 29, 
180, 273, 92, -226, 43, 183, -68, 234, 400, -24, 195, 34, 
175, 278, 102, -226, 36, 190, -68, 234, 400, -24, 204, 39, 
175, 283, 107, -229, 34, 195, -68, 234, 400, -24, 209, 43, 
180, 297, 117, -239, 31, 207, -78, 224, 390, -14, 209, 53, 
180, 297, 117, -239, 31, 207, -78, 219, 390, -14, 209, 48, 
180, 297, 117, -239, 31, 207, -78, 219, 390, -14, 209, 48, 
180, 297, 117, -239, 31, 207, -78, 219, 390, -14, 209, 48, 
180, 302, 122, -241, 29, 212, -92, 214, 390, -19, 209, 48, 
180, 302, 122, -241, 29, 212, -97, 209, 390, -19, 209, 48, 
180, 302, 122, -241, 29, 212, -102, 204, 390, -19, 209, 53, 
180, 302, 122, -241, 29, 212, -107, 200, 390, -19, 209, 53, 
190, 312, 122, -251, 34, 217, -122, 180, 380, -29, 209, 53, 
190, 312, 122, -251, 34, 217, -131, 175, 375, -29, 209, 53, 
190, 322, 131, -256, 29, 226, -146, 161, 361, -29, 209, 53, 
190, 322, 131, -256, 29, 226, -156, 151, 346, -29, 209, 53, 
200, 326, 126, -263, 36, 226, -185, 146, 336, -19, 209, 63, 
200, 317, 117, -258, 41, 217, -190, 146, 331, -29, 214, 63, 
204, 317, 112, -261, 46, 214, -190, 141, 326, -19, 209, 68, 
214, 331, 117, -273, 48, 224, -190, 136, 331, -14, 219, 82, 
234, 341, 107, -287, 63, 224, -204, 126, 326, -14, 224, 87, 
253, 351, 97, -302, 78, 224, -224, 117, 326, -14, 229, 78, 
248, 356, 107, -302, 70, 231, -234, 112, 317, 0, 244, 78, 
248, 366, 117, -307, 65, 241, -244, 82, 302, 9, 253, 97, 
248, 385, 136, -317, 56, 261, -268, 39, 253, 0, 244, 107, 
253, 414, 161, -334, 46, 287, -297, -4, 185, -34, 229, 122, 
258, 434, 175, -346, 41, 305, -341, -63, 102, -63, 219, 141, 
253, 453, 200, -353, 26, 326, -385, -136, 14, -82, 219, 161, 
229, 468, 239, -348, -4, 353, -414, -200, -73, -117, 204, 170, 
209, 458, 248, -334, -19, 353, -439, -268, -165, -165, 165, 170, 
200, 458, 258, -329, -29, 358, -468, -336, -263, -219, 117, 161, 
170, 444, 273, -307, -51, 358, -502, -395, -356, -278, 78, 161, 
146, 453, 307, -300, -80, 380, -531, -434, -405, -312, 48, 156, 
136, 478, 341, -307, -102, 409, -536, -468, -439, -322, 43, 170, 
117, 507, 390, -312, -136, 448, -541, -478, -463, -331, 34, 190, 
92, 512, 419, -302, -163, 466, -561, -507, -507, -356, 9, 180, 
53, 497, 444, -275, -195, 470, -575, -561, -580, -395, -19, 180, 
43, 488, 444, -265, -200, 466, -595, -600, -644, -424, -53, 175, 
19, 483, 463, -251, -222, 473, -605, -624, -697, -463, -92, 165, 
4, 502, 497, -253, -246, 500, -639, -663, -756, -512, -131, 156, 
-14, 522, 536, -253, -275, 529, -653, -702, -824, -556, -165, 161, 
-48, 502, 551, -226, -300, 527, -663, -732, -863, -590, -200, 161, 
-82, 483, 566, -200, -324, 524, -644, -722, -863, -614, -219, 151, 
-102, 473, 575, -185, -339, 524, -639, -702, -849, -639, -248, 156, 
-126, 463, 590, -168, -358, 527, -639, -692, -854, -663, -278, 136, 
-151, 448, 600, -148, -375, 524, -639, -688, -858, -692, -302, 122, 
-151, 444, 595, -146, -373, 519, -624, -678, -863, -702, -322, 117, 
-161, 453, 614, -146, -387, 534, -624, -668, -854, -692, -331, 117, 
-170, 444, 614, -136, -392, 529, -629, -668, -839, -683, -326, 122, 
-161, 453, 614, -146, -387, 534, -624, -658, -819, -683, -322, 122, 
-146, 453, 600, -153, -373, 527, -634, -663, -800, -678, -317, 122, 
-151, 444, 595, -146, -373, 519, -644, -668, -771, -644, -292, 122, 
-141, 429, 570, -143, -356, 500, -649, -649, -722, -619, -278, 122, 
-117, 429, 546, -156, -331, 488, -624, -610, -653, -595, -258, 112, 
-87, 424, 512, -168, -300, 468, -605, -561, -580, -551, -239, 107, 
-68, 419, 488, -175, -278, 453, -580, -497, -502, -522, -224, 97, 
-53, 400, 453, -173, -253, 427, -556, -453, -429, -502, -219, 78, 
-48, 366, 414, -158, -231, 390, -522, -400, -380, -488, -204, 82, 
-39, 336, 375, -148, -207, 356, -483, -361, -341, -473, -185, 73, 
-34, 312, 346, -139, -190, 329, -444, -317, -302, -463, -190, 48, 
-39, 283, 322, -122, -180, 302, -405, -273, -268, -463, -185, 39, 
-43, 248, 292, -102, -168, 270, -361, -229, -229, -439, -175, 24, 
-39, 224, 263, -92, -151, 244, -336, -190, -180, -429, -175, 9, 
-29, 200, 229, -85, -129, 214, -317, -156, -131, -409, -161, -4, 
-29, 200, 229, -85, -129, 214, -287, -117, -73, -385, -146, -14, 
-9, 190, 200, -90, -104, 195, -268, -78, -14, -361, -122, -29, 
-4, 180, 185, -87, -95, 183, -253, -43, 24, -346, -112, -29, 
-14, 170, 185, -78, -100, 178, -224, -9, 63, -317, -92, -29, 
-9, 161, 170, -75, -90, 165, -214, 14, 87, -287, -78, -34, 
4, 161, 156, -82, -75, 158, -190, 39, 102, -278, -58, -39, 
24, 161, 136, -92, -56, 148, -170, 58, 122, -258, -53, -39, 
48, 165, 117, -107, -34, 141, -151, 87, 156, -229, -24, -34, 
73, 180, 107, -126, -17, 143, -141, 97, 190, -209, 9, -34, 
78, 195, 117, -136, -19, 156, -141, 107, 214, -180, 29, -19, 
87, 204, 117, -146, -14, 161, -146, 117, 234, -165, 39, -4, 
112, 229, 117, -170, -2, 173, -151, 126, 263, -151, 58, 14, 
126, 244, 117, -185, 4, 180, -156, 126, 292, -126, 82, 29, 
126, 253, 126, -190, 0, 190, -156, 131, 307, -112, 97, 34, 
136, 263, 126, -200, 4, 195, -161, 141, 317, -107, 97, 39, 
165, 258, 92, -212, 36, 175, -151, 161, 322, -102, 92, 29, 
180, 258, 78, -219, 51, 168, -146, 170, 326, -87, 97, 14, 
185, 263, 78, -224, 53, 170, -131, 185, 336, -78, 112, 19, 
190, 258, 68, -224, 61, 163, -122, 200, 351, -63, 126, 19, 
190, 248, 58, -219, 65, 153, -112, 209, 370, -53, 136, 19, 
190, 248, 58, -219, 65, 153, -102, 219, 400, -43, 146, 19, 
190, 268, 78, -229, 56, 173, -92, 239, 429, -24, 165, 29, 
185, 268, 82, -226, 51, 175, -87, 244, 448, -9, 170, 29, 
180, 263, 82, -222, 48, 173, -82, 253, 453, -9, 180, 39, 
180, 263, 82, -222, 48, 173, -78, 268, 458, 0, 190, 34, 
190, 273, 82, -231, 53, 178, -73, 273, 458, 4, 195, 34, 
190, 273, 82, -231, 53, 178, -73, 273, 458, 4, 195, 39, 
190, 268, 78, -229, 56, 173, -68, 278, 458, 4, 195, 39, 
180, 263, 82, -222, 48, 173, -58, 278, 473, 9, 195, 39, 
180, 263, 82, -222, 48, 173, -53, 278, 473, 14, 200, 39, 
185, 263, 78, -224, 53, 170, -53, 283, 483, 14, 200, 39, 
185, 263, 78, -224, 53, 170, -53, 292, 492, 19, 204, 39, 
185, 268, 82, -226, 51, 175, -63, 283, 492, 39, 214, 48, 
185, 273, 87, -229, 48, 180, -63, 287, 492, 43, 219, 48, 
185, 278, 92, -231, 46, 185, -58, 287, 502, 43, 219, 48, 
190, 287, 97, -239, 46, 192, -58, 287, 502, 43, 219, 48, 
195, 297, 102, -246, 46, 200, -58, 297, 507, 43, 224, 63, 
200, 297, 97, -248, 51, 197, -58, 297, 512, 43, 224, 63, 
200, 297, 97, -248, 51, 197, -58, 297, 517, 43, 229, 63, 
204, 297, 92, -251, 56, 195, -58, 292, 527, 53, 229, 68, 
204, 312, 107, -258, 48, 209, -63, 292, 536, 58, 239, 73, 
209, 322, 112, -265, 48, 217, -63, 302, 541, 68, 244, 73, 
209, 322, 112, -265, 48, 217, -58, 302, 541, 73, 253, 73, 
209, 317, 107, -263, 51, 212, -58, 307, 546, 82, 263, 73, 
204, 326, 122, -265, 41, 224, -68, 297, 546, 73, 263, 73, 
204, 331, 126, -268, 39, 229, -73, 292, 541, 78, 263, 78, 
209, 331, 122, -270, 43, 226, -82, 283, 541, 78, 268, 87, 
209, 331, 122, -270, 43, 226, -92, 273, 536, 78, 268, 92, 
214, 322, 107, -268, 53, 214, -102, 263, 522, 78, 273, 82, 
219, 326, 107, -273, 56, 217, -112, 258, 522, 82, 268, 82, 
229, 331, 102, -280, 63, 217, -122, 253, 522, 82, 263, 87, 
234, 331, 97, -283, 68, 214, -131, 244, 517, 78, 258, 92, 
239, 331, 92, -285, 73, 212, -131, 239, 512, 78, 268, 82, 
244, 331, 87, -287, 78, 209, -136, 239, 517, 82, 273, 82, 
244, 341, 97, -292, 73, 219, -136, 239, 522, 87, 273, 87, 
248, 341, 92, -295, 78, 217, -141, 239, 527, 87, 273, 92, 
258, 351, 92, -305, 82, 222, -146, 253, 531, 102, 283, 102, 
258, 351, 92, -305, 82, 222, -151, 253, 531, 102, 287, 107, 
258, 351, 92, -305, 82, 222, -151, 253, 536, 107, 292, 107, 
268, 366, 97, -317, 85, 231, -156, 253, 541, 112, 297, 107, 
273, 370, 97, -322, 87, 234, -151, 248, 536, 117, 307, 117, 
278, 370, 92, -324, 92, 231, -151, 253, 541, 131, 312, 122, 
278, 370, 92, -324, 92, 231, -151, 253, 546, 136, 317, 122, 
283, 366, 82, -324, 100, 224, -151, 253, 551, 146, 322, 122, 
273, 356, 82, -314, 95, 219, -141, 268, 566, 141, 322, 112, 
283, 361, 78, -322, 102, 219, -141, 273, 570, 146, 326, 112, 
287, 366, 78, -326, 104, 222, -141, 283, 575, 151, 331, 112, 
287, 375, 87, -331, 100, 231, -141, 292, 580, 156, 336, 117, 
283, 361, 78, -322, 102, 219, -126, 302, 585, 151, 331, 112, 
283, 361, 78, -322, 102, 219, -131, 307, 590, 161, 341, 117, 
283, 361, 78, -322, 102, 219, -126, 307, 590, 165, 346, 122, 
278, 361, 82, -319, 97, 222, -122, 307, 595, 165, 346, 126, 
292, 361, 68, -326, 112, 214, -112, 317, 610, 156, 341, 126, 
297, 356, 58, -326, 119, 207, -112, 317, 614, 170, 346, 122, 
302, 356, 53, -329, 124, 204, -112, 317, 619, 175, 356, 122, 
307, 356, 48, -331, 129, 202, -112, 317, 619, 180, 356, 117, 
312, 356, 43, -334, 134, 200, -102, 317, 634, 180, 361, 117, 
307, 356, 48, -331, 129, 202, -97, 322, 644, 185, 366, 117, 
307, 351, 43, -329, 131, 197, -107, 326, 649, 190, 366, 117, 
307, 351, 43, -329, 131, 197, -97, 336, 649, 195, 375, 122, 
317, 346, 29, -331, 143, 187, -97, 351, 644, 190, 366, 112, 
331, 356, 24, -344, 153, 190, -97, 351, 649, 195, 370, 122, 
336, 361, 24, -348, 156, 192, -97, 346, 653, 200, 375, 126, 
341, 366, 24, -353, 158, 195, -102, 346, 658, 200, 385, 126, 
346, 356, 9, -351, 168, 183, -97, 346, 668, 214, 390, 131, 
356, 366, 9, -361, 173, 187, -97, 346, 668, 219, 395, 131, 
361, 375, 14, -368, 173, 195, -92, 346, 673, 224, 400, 131, 
361, 380, 19, -370, 170, 200, -92, 351, 683, 229, 405, 136, 
351, 370, 19, -361, 165, 195, -92, 351, 678, 224, 400, 131, 
356, 375, 19, -366, 168, 197, -92, 356, 683, 234, 405, 141, 
366, 380, 14, -373, 175, 197, -92, 356, 683, 234, 405, 136, 
370, 385, 14, -378, 178, 200, -92, 356, 683, 239, 409, 131, 
375, 375, 0, -375, 187, 187, -92, 366, 683, 234, 414, 141, 
375, 375, 0, -375, 187, 187, -92, 366, 683, 234, 419, 141, 
385, 380, -4, -383, 195, 187, -87, 366, 683, 234, 419, 146, 
390, 385, -4, -387, 197, 190, -87, 361, 688, 234, 424, 146, 
390, 390, 0, -390, 195, 195, -82, 361, 697, 234, 414, 146, 
390, 395, 4, -392, 192, 200, -82, 361, 692, 234, 414, 146, 
390, 400, 9, -395, 190, 204, -92, 351, 683, 234, 414, 146, 
390, 405, 14, -397, 187, 209, -92, 351, 678, 229, 414, 151, 
405, 414, 9, -409, 197, 212, -97, 351, 688, 239, 414, 156, 
405, 414, 9, -409, 197, 212, -97, 346, 678, 234, 414, 156, 
405, 405, 0, -405, 202, 202, -102, 346, 678, 229, 414, 156, 
395, 405, 9, -400, 192, 207, -102, 346, 663, 229, 414, 156, 
395, 405, 9, -400, 192, 207, -102, 336, 658, 219, 419, 156, 
400, 409, 9, -405, 195, 209, -112, 336, 658, 214, 414, 156, 
400, 409, 9, -405, 195, 209, -112, 326, 658, 209, 409, 156, 
390, 409, 19, -400, 185, 214, -107, 322, 649, 209, 405, 151, 
375, 414, 39, -395, 168, 226, -107, 312, 634, 200, 390, 141, 
375, 414, 39, -395, 168, 226, -107, 307, 624, 190, 380, 141, 
375, 405, 29, -390, 173, 217, -107, 307, 614, 185, 370, 141, 
370, 405, 34, -387, 168, 219, -107, 297, 610, 175, 366, 141, 
361, 395, 34, -378, 163, 214, -117, 292, 590, 151, 356, 141, 
346, 395, 48, -370, 148, 222, -117, 283, 585, 146, 351, 141, 
341, 395, 53, -368, 143, 224, -117, 278, 580, 141, 341, 141, 
341, 395, 53, -368, 143, 224, -117, 268, 575, 126, 336, 136, 
336, 400, 63, -368, 136, 231, -126, 263, 566, 126, 331, 141, 
322, 390, 68, -356, 126, 229, -122, 258, 556, 117, 326, 136, 
312, 385, 73, -348, 119, 229, -122, 258, 541, 107, 317, 131, 
302, 380, 78, -341, 112, 229, -117, 253, 531, 102, 307, 126, 
312, 375, 63, -344, 124, 219, -107, 239, 527, 92, 292, 131, 
302, 375, 73, -339, 114, 224, -112, 239, 517, 78, 283, 126, 
297, 370, 73, -334, 112, 222, -112, 234, 517, 73, 273, 126, 
283, 361, 78, -322, 102, 219, -112, 229, 512, 63, 263, 122, 
283, 356, 73, -319, 104, 214, -112, 229, 507, 53, 253, 112, 
273, 356, 82, -314, 95, 219, -112, 224, 492, 48, 248, 107, 
268, 351, 82, -309, 92, 217, -107, 224, 492, 39, 239, 102, 
253, 331, 78, -292, 87, 204, -97, 229, 488, 39, 234, 97, 
239, 326, 87, -283, 75, 207, -97, 229, 478, 34, 229, 92, 
234, 331, 97, -283, 68, 214, -92, 229, 468, 29, 224, 87, 
234, 331, 97, -283, 68, 214, -92, 229, 468, 19, 224, 87, 
229, 336, 107, -283, 61, 222, -87, 229, 468, 14, 229, 82, 
229, 336, 107, -283, 61, 222, -87, 219, 473, 9, 219, 87, 
229, 331, 102, -280, 63, 217, -87, 214, 473, 4, 204, 82, 
224, 331, 107, -278, 58, 219, -87, 214, 473, 0, 204, 78, 
229, 326, 97, -278, 65, 212, -87, 214, 473, -4, 190, 73, 
234, 326, 92, -280, 70, 209, -92, 214, 478, -4, 200, 68, 
224, 322, 97, -273, 63, 209, -92, 219, 473, -4, 195, 68, 
214, 317, 102, -265, 56, 209, -92, 224, 468, -4, 190, 68, 
214, 322, 107, -268, 53, 214, -97, 224, 468, -4, 185, 68, 
214, 326, 112, -270, 51, 219, -107, 209, 468, -4, 195, 78, 
209, 326, 117, -268, 46, 222, -102, 204, 453, -9, 190, 78, 
209, 331, 122, -270, 43, 226, -102, 200, 453, -14, 190, 68, 
209, 336, 126, -273, 41, 231, -102, 195, 458, -19, 190, 58, 
214, 326, 112, -270, 51, 219, -122, 180, 448, -29, 185, 68, 
214, 331, 117, -273, 48, 224, -126, 175, 439, -29, 180, 63, 
214, 331, 117, -273, 48, 224, -126, 170, 429, -29, 180, 58, 
209, 331, 122, -270, 43, 226, -136, 165, 419, -29, 180, 58, 
204, 322, 117, -263, 43, 219, -146, 156, 409, -24, 170, 58, 
204, 322, 117, -263, 43, 219, -141, 156, 405, -24, 170, 58, 
204, 326, 122, -265, 41, 224, -141, 156, 400, -29, 165, 58, 
204, 336, 131, -270, 36, 234, -141, 156, 395, -34, 165, 58, 
209, 346, 136, -278, 36, 241, -146, 146, 395, -34, 165, 58, 
209, 341, 131, -275, 39, 236, -151, 146, 395, -34, 165, 58, 
214, 341, 126, -278, 43, 234, -161, 146, 395, -39, 165, 58, 
224, 346, 122, -285, 51, 234, -165, 146, 395, -39, 161, 58, 
219, 346, 126, -283, 46, 236, -156, 156, 400, -39, 165, 63, 
219, 336, 117, -278, 51, 226, -156, 156, 400, -39, 161, 63, 
209, 331, 122, -270, 43, 226, -151, 156, 400, -39, 161, 63, 
209, 331, 122, -270, 43, 226, -141, 161, 400, -43, 165, 63, 
209, 326, 117, -268, 46, 222, -136, 165, 409, -43, 165, 48, 
204, 326, 122, -265, 41, 224, -136, 165, 409, -43, 165, 43, 
195, 322, 126, -258, 34, 224, -131, 170, 409, -48, 165, 43, 
190, 322, 131, -256, 29, 226, -126, 175, 409, -48, 165, 43, 
190, 317, 126, -253, 31, 222, -126, 185, 400, -53, 165, 48, 
195, 317, 122, -256, 36, 219, -126, 185, 400, -53, 161, 43, 
195, 317, 122, -256, 36, 219, -126, 185, 400, -53, 156, 39, 
195, 312, 117, -253, 39, 214, -126, 185, 400, -48, 151, 34, 
180, 292, 112, -236, 34, 202, -122, 195, 400, -58, 151, 34, 
180, 287, 107, -234, 36, 197, -126, 195, 405, -58, 151, 34, 
180, 283, 102, -231, 39, 192, -126, 195, 409, -58, 146, 34, 
180, 278, 97, -229, 41, 187, -122, 195, 409, -63, 146, 34, 
190, 287, 97, -239, 46, 192, -112, 195, 409, -73, 136, 24, 
185, 283, 97, -234, 43, 190, -107, 195, 409, -68, 141, 24, 
185, 283, 97, -234, 43, 190, -107, 195, 405, -68, 141, 24, 
195, 287, 92, -241, 51, 190, -107, 195, 405, -68, 141, 24, 
185, 287, 102, -236, 41, 195, -107, 195, 414, -68, 141, 14, 
185, 283, 97, -234, 43, 190, -102, 200, 409, -68, 141, 14, 
185, 278, 92, -231, 46, 185, -102, 200, 409, -68, 141, 19, 
185, 273, 87, -229, 48, 180, -97, 200, 409, -68, 141, 19, 
185, 273, 87, -229, 48, 180, -87, 209, 409, -68, 141, 24, 
185, 273, 87, -229, 48, 180, -87, 204, 409, -68, 141, 24, 
185, 268, 82, -226, 51, 175, -87, 204, 409, -68, 141, 19, 
180, 263, 82, -222, 48, 173, -92, 204, 409, -68, 141, 19, 
185, 258, 73, -222, 56, 165, -92, 214, 419, -73, 131, 9, 
185, 263, 78, -224, 53, 170, -92, 214, 414, -73, 131, 9, 
185, 263, 78, -224, 53, 170, -87, 214, 414, -73, 136, 9, 
180, 263, 82, -222, 48, 173, -82, 209, 414, -73, 136, 9, 
175, 258, 82, -217, 46, 170, -78, 214, 424, -68, 126, 19, 
175, 258, 82, -217, 46, 170, -78, 219, 424, -68, 126, 19, 
180, 258, 78, -219, 51, 168, -73, 219, 424, -68, 126, 14, 
185, 258, 73, -222, 56, 165, -68, 224, 419, -68, 126, 14, 
185, 268, 82, -226, 51, 175, -73, 234, 424, -58, 136, 14, 
185, 268, 82, -226, 51, 175, -73, 234, 424, -58, 136, 14, 
185, 268, 82, -226, 51, 175, -73, 234, 424, -58, 136, 14, 
185, 268, 82, -226, 51, 175, -78, 234, 424, -63, 136, 14, 
185, 268, 82, -226, 51, 175, -78, 224, 434, -63, 136, 24, 
185, 268, 82, -226, 51, 175, -78, 224, 434, -63, 136, 24, 
185, 263, 78, -224, 53, 170, -78, 224, 434, -63, 136, 24, 
185, 263, 78, -224, 53, 170, -78, 224, 434, -63, 136, 24, 
185, 273, 87, -229, 48, 180, -73, 214, 424, -63, 136, 24, 
185, 278, 92, -231, 46, 185, -73, 214, 424, -63, 136, 24, 
185, 278, 92, -231, 46, 185, -63, 219, 424, -63, 136, 24, 
185, 278, 92, -231, 46, 185, -63, 219, 424, -63, 136, 24, 
185, 287, 102, -236, 41, 195, -73, 219, 434, -63, 146, 24, 
195, 287, 92, -241, 51, 190, -78, 219, 434, -58, 146, 24, 
195, 287, 92, -241, 51, 190, -87, 219, 434, -53, 146, 29, 
190, 287, 97, -239, 46, 192, -78, 219, 429, -53, 146, 29, 
175, 287, 112, -231, 31, 200, -73, 224, 439, -43, 156, 39, 
175, 287, 112, -231, 31, 200, -73, 229, 439, -43, 156, 39, 
175, 292, 117, -234, 29, 204, -73, 229, 439, -43, 156, 39, 
175, 302, 126, -239, 24, 214, -73, 229, 439, -43, 151, 39, 
185, 292, 107, -239, 39, 200, -82, 214, 439, -53, 141, 34, 
180, 292, 112, -236, 34, 202, -82, 214, 439, -53, 141, 34, 
180, 292, 112, -236, 34, 202, -78, 219, 439, -53, 141, 34, 
180, 297, 117, -239, 31, 207, -78, 219, 439, -53, 141, 34, 
190, 307, 117, -248, 36, 212, -87, 219, 429, -53, 141, 34, 
185, 297, 112, -241, 36, 204, -82, 224, 429, -53, 141, 34, 
175, 297, 122, -236, 26, 209, -78, 224, 434, -53, 141, 34, 
175, 297, 122, -236, 26, 209, -78, 219, 439, -53, 141, 34, 
170, 297, 126, -234, 21, 212, -78, 229, 439, -43, 151, 48, 
175, 297, 122, -236, 26, 209, -73, 229, 444, -43, 151, 48, 
175, 297, 122, -236, 26, 209, -68, 229, 444, -43, 151, 48, 
170, 292, 122, -231, 24, 207, -63, 229, 439, -43, 151, 48, 
170, 302, 131, -236, 19, 217, -63, 239, 448, -43, 161, 48, 
175, 307, 131, -241, 21, 219, -63, 239, 448, -43, 161, 48, 
180, 307, 126, -244, 26, 217, -63, 239, 448, -43, 161, 48, 
180, 307, 126, -244, 26, 217, -63, 239, 448, -39, 161, 53, 
175, 307, 131, -241, 21, 219, -58, 244, 458, -29, 170, 53, 
175, 307, 131, -241, 21, 219, -58, 244, 458, -29, 170, 53, 
180, 317, 136, -248, 21, 226, -63, 244, 458, -29, 170, 53, 
185, 322, 136, -253, 24, 229, -68, 244, 458, -29, 165, 53, 
195, 322, 126, -258, 34, 224, -68, 234, 453, -34, 156, 53, 
190, 317, 126, -253, 31, 222, -63, 219, 448, -34, 156, 63, 
180, 317, 136, -248, 21, 226, -73, 219, 453, -34, 156, 68, 
180, 331, 151, -256, 14, 241, -78, 219, 448, -29, 156, 58, 
185, 341, 156, -263, 14, 248, -78, 204, 448, -29, 156, 58, 
175, 331, 156, -253, 9, 244, -87, 200, 439, -29, 165, 68, 
175, 331, 156, -253, 9, 244, -97, 195, 439, -29, 165, 68, 
175, 331, 156, -253, 9, 244, -107, 190, 439, -29, 165, 68, 
175, 331, 156, -253, 9, 244, -117, 185, 439, -29, 165, 68, 
180, 346, 165, -263, 7, 256, -131, 170, 424, -34, 165, 73, 
185, 346, 161, -265, 12, 253, -141, 165, 419, -34, 165, 73, 
190, 346, 156, -268, 17, 251, -151, 161, 414, -34, 165, 73, 
195, 346, 151, -270, 21, 248, -156, 156, 409, -34, 161, 73, 
204, 361, 156, -283, 24, 258, -156, 165, 419, -29, 161, 82, 
204, 361, 156, -283, 24, 258, -156, 156, 414, -29, 161, 82, 
204, 361, 156, -283, 24, 258, -156, 156, 409, -34, 161, 82, 
204, 356, 151, -280, 26, 253, -156, 156, 409, -34, 161, 82, 
204, 346, 141, -275, 31, 244, -165, 156, 409, -19, 165, 78, 
204, 351, 146, -278, 29, 248, -165, 156, 405, -19, 170, 78, 
204, 356, 151, -280, 26, 253, -175, 156, 405, -14, 175, 78, 
204, 361, 156, -283, 24, 258, -175, 156, 405, -14, 180, 78, 
204, 351, 146, -278, 29, 248, -175, 151, 414, -24, 170, 68, 
204, 351, 146, -278, 29, 248, -170, 156, 414, -24, 170, 68, 
204, 351, 146, -278, 29, 248, -165, 165, 414, -24, 170, 68, 
204, 351, 146, -278, 29, 248, -161, 170, 409, -24, 170, 68, 
195, 346, 151, -270, 21, 248, -156, 180, 419, -24, 161, 78, 
200, 341, 141, -270, 29, 241, -151, 180, 424, -24, 161, 78, 
204, 336, 131, -270, 36, 234, -146, 175, 424, -24, 161, 78, 
204, 331, 126, -268, 39, 229, -146, 175, 419, -24, 161, 78, 
204, 331, 126, -268, 39, 229, -151, 180, 424, -29, 161, 68, 
204, 331, 126, -268, 39, 229, -151, 180, 424, -29, 161, 63, 
204, 331, 126, -268, 39, 229, -146, 185, 424, -29, 156, 63, 
195, 322, 126, -258, 34, 224, -141, 190, 424, -29, 156, 63, 
195, 331, 136, -263, 29, 234, -131, 200, 424, -34, 151, 63, 
195, 331, 136, -263, 29, 234, -131, 195, 424, -34, 151, 63, 
195, 331, 136, -263, 29, 234, -126, 195, 424, -34, 151, 68, 
195, 326, 131, -261, 31, 229, -122, 195, 424, -34, 151, 68, 
200, 312, 112, -256, 43, 212, -131, 204, 424, -39, 156, 53, 
204, 312, 107, -258, 48, 209, -126, 204, 424, -39, 156, 53, 
209, 317, 107, -263, 51, 212, -122, 204, 424, -39, 156, 53, 
214, 317, 102, -265, 56, 209, -112, 204, 424, -43, 156, 48, 
204, 302, 97, -253, 53, 200, -112, 214, 424, -48, 146, 43, 
200, 297, 97, -248, 51, 197, -112, 214, 424, -48, 146, 43, 
200, 297, 97, -248, 51, 197, -112, 214, 424, -48, 146, 43, 
204, 307, 102, -256, 51, 204, -112, 214, 424, -43, 146, 43, 
204, 307, 102, -256, 51, 204, -107, 209, 434, -43, 156, 48, 
200, 302, 102, -251, 48, 202, -107, 214, 434, -48, 146, 48, 
185, 297, 112, -241, 36, 204, -107, 214, 434, -48, 146, 48, 
195, 297, 102, -246, 46, 200, -102, 214, 434, -48, 146, 48, 
200, 302, 102, -251, 48, 202, -112, 204, 424, -48, 146, 48, 
200, 302, 102, -251, 48, 202, -112, 209, 424, -48, 146, 48, 
195, 292, 97, -244, 48, 195, -102, 209, 424, -48, 151, 48, 
195, 287, 92, -241, 51, 190, -102, 209, 424, -48, 151, 48, 
195, 297, 102, -246, 46, 200, -92, 209, 434, -48, 151, 48, 
195, 297, 102, -246, 46, 200, -97, 209, 434, -48, 151, 48, 
195, 297, 102, -246, 46, 200, -97, 209, 434, -48, 151, 48, 
190, 292, 102, -241, 43, 197, -97, 214, 434, -48, 151, 48, 
190, 302, 112, -246, 39, 207, -97, 204, 429, -43, 151, 48, 
195, 302, 107, -248, 43, 204, -97, 204, 429, -43, 151, 48, 
204, 302, 97, -253, 53, 200, -97, 204, 429, -43, 151, 48, 
209, 302, 92, -256, 58, 197, -97, 200, 429, -43, 151, 43, 
200, 297, 97, -248, 51, 197, -97, 209, 439, -53, 151, 43, 
200, 297, 97, -248, 51, 197, -97, 209, 439, -53, 151, 43, 
200, 297, 97, -248, 51, 197, -97, 209, 439, -53, 151, 43, 
200, 302, 102, -251, 48, 202, -97, 209, 439, -53, 151, 43, 
190, 302, 112, -246, 39, 207, -97, 214, 429, -53, 146, 43, 
190, 302, 112, -246, 39, 207, -97, 214, 429, -53, 146, 43, 
185, 302, 117, -244, 34, 209, -97, 214, 429, -53, 151, 43, 
185, 302, 117, -244, 34, 209, -97, 214, 429, -53, 151, 43, 
200, 307, 107, -253, 46, 207, -97, 204, 419, -53, 161, 53, 
200, 307, 107, -253, 46, 207, -97, 200, 419, -53, 161, 48, 
200, 307, 107, -253, 46, 207, -97, 200, 419, -53, 161, 48, 
200, 307, 107, -253, 46, 207, -97, 200, 419, -53, 161, 48, 
200, 312, 112, -256, 43, 212, -97, 200, 419, -48, 151, 48, 
200, 312, 112, -256, 43, 212, -97, 200, 419, -48, 151, 48, 
200, 312, 112, -256, 43, 212, -97, 200, 419, -48, 151, 53, 
200, 312, 112, -256, 43, 212, -97, 200, 419, -48, 151, 53, 
190, 312, 122, -251, 34, 217, -102, 195, 424, -39, 151, 63, 
190, 312, 122, -251, 34, 217, -102, 195, 424, -39, 151, 63, 
190, 322, 131, -256, 29, 226, -107, 185, 414, -39, 151, 63, 
190, 322, 131, -256, 29, 226, -107, 180, 405, -39, 151, 63, 
190, 307, 117, -248, 36, 212, -117, 175, 405, -39, 170, 63, 
190, 297, 107, -244, 41, 202, -112, 185, 400, -39, 175, 63, 
204, 317, 112, -261, 46, 214, -122, 170, 395, -39, 170, 58, 
204, 331, 126, -268, 39, 229, -122, 165, 390, -43, 161, 53, 
204, 341, 136, -273, 34, 239, -126, 156, 395, -43, 165, 58, 
204, 341, 136, -273, 34, 239, -136, 156, 395, -43, 170, 68, 
200, 346, 146, -273, 26, 246, -146, 151, 385, -39, 175, 78, 
200, 366, 165, -283, 17, 265, -146, 122, 341, -39, 185, 87, 
200, 385, 185, -292, 7, 285, -170, 78, 292, -58, 185, 107, 
185, 385, 200, -285, -7, 292, -190, 24, 214, -92, 170, 122, 
170, 385, 214, -278, -21, 300, -224, -43, 122, -112, 151, 131, 
165, 395, 229, -280, -31, 312, -258, -117, 34, -141, 141, 141, 
151, 409, 258, -280, -53, 334, -287, -190, -53, -175, 126, 151, 
141, 439, 297, -290, -78, 368, -322, -248, -136, -224, 97, 151, 
131, 448, 317, -290, -92, 383, -341, -297, -214, -278, 58, 141, 
102, 444, 341, -273, -119, 392, -366, -336, -278, -317, 19, 151, 
78, 453, 375, -265, -148, 414, -385, -375, -326, -351, -9, 156, 
68, 488, 419, -278, -175, 453, -409, -409, -370, -370, -24, 161, 
58, 517, 458, -287, -200, 488, -434, -448, -424, -380, -34, 170, 
43, 522, 478, -283, -217, 500, -473, -507, -488, -414, -48, 180, 
24, 517, 492, -270, -234, 505, -507, -570, -561, -434, -68, 180, 
4, 517, 512, -261, -253, 514, -546, -629, -624, -463, -92, 175, 
0, 531, 531, -265, -265, 531, -595, -683, -697, -502, -112, 175, 
-4, 551, 556, -273, -280, 553, -629, -732, -766, -541, -151, 175, 
-14, 551, 566, -268, -290, 558, -644, -741, -795, -575, -175, 170, 
-48, 541, 590, -246, -319, 566, -653, -741, -795, -590, -209, 170, 
-53, 541, 595, -244, -324, 568, -653, -732, -795, -614, -239, 170, 
-63, 551, 614, -244, -339, 583, -658, -722, -790, -629, -258, 165, 
-68, 541, 610, -236, -339, 575, -658, -712, -795, -653, -278, 156, 
-82, 536, 619, -226, -351, 578, -668, -717, -800, -663, -302, 151, 
-92, 522, 614, -214, -353, 568, -683, -727, -814, -673, -312, 126, 
-92, 512, 605, -209, -348, 558, -692, -727, -814, -673, -312, 126, 
-82, 522, 605, -219, -344, 563, -707, -727, -780, -653, -297, 131, 
-73, 531, 605, -229, -339, 568, -702, -727, -751, -634, -283, 131, 
-78, 531, 610, -226, -344, 570, -702, -722, -712, -619, -278, 131, 
-82, 531, 614, -224, -348, 573, -702, -707, -673, -605, -263, 141, 
-73, 527, 600, -226, -336, 563, -697, -678, -624, -590, -258, 131, 
-48, 517, 566, -234, -307, 541, -663, -639, -566, -575, -258, 131, 
-29, 502, 531, -236, -280, 517, -644, -590, -502, -561, -248, 117, 
-19, 478, 497, -229, -258, 488, -610, -536, -444, -531, -234, 117, 
-14, 458, 473, -222, -244, 466, -585, -483, -390, -512, -209, 117, 
9, 444, 434, -226, -212, 439, -551, -439, -341, -488, -195, 102, 
29, 424, 395, -226, -183, 409, -522, -400, -302, -473, -185, 92, 
34, 400, 366, -217, -165, 383, -492, -356, -263, -463, -170, 78, 
39, 361, 322, -200, -141, 341, -463, -322, -229, -453, -165, 68, 
34, 326, 292, -180, -129, 309, -439, -287, -190, -439, -165, 43, 
39, 312, 273, -175, -117, 292, -424, -258, -161, -439, -175, 39, 
48, 307, 258, -178, -104, 283, -405, -224, -112, -419, -161, 34, 
58, 297, 239, -178, -90, 268, -366, -195, -63, -405, -146, 24, 
58, 297, 239, -178, -90, 268, -336, -156, -14, -370, -131, 19, 
63, 297, 234, -180, -85, 265, -312, -112, 34, -346, -112, 19, 
73, 287, 214, -180, -70, 251, -292, -68, 82, -317, -92, 19, 
78, 278, 200, -178, -61, 239, -263, -34, 117, -297, -78, 14, 
82, 268, 185, -175, -51, 226, -239, -9, 131, -278, -68, 9, 
92, 258, 165, -175, -36, 212, -219, 19, 161, -268, -43, 9, 
97, 234, 136, -165, -19, 185, -200, 39, 185, -258, -34, -4, 
102, 239, 136, -170, -17, 187, -190, 39, 200, -239, -19, 4, 
117, 253, 136, -185, -9, 195, -190, 48, 224, -219, 0, 19, 
136, 273, 136, -204, 0, 204, -185, 68, 253, -204, 19, 24, 
151, 278, 126, -214, 12, 202, -180, 87, 292, -180, 39, 24, 
165, 292, 126, -229, 19, 209, -175, 107, 322, -146, 63, 39, 
175, 312, 136, -244, 19, 224, -175, 112, 346, -122, 87, 43, 
195, 331, 136, -263, 29, 234, -170, 131, 356, -107, 97, 48, 
224, 336, 112, -280, 56, 224, -161, 141, 361, -102, 102, 48, 
239, 326, 87, -283, 75, 207, -156, 141, 356, -97, 107, 53, 
234, 312, 78, -273, 78, 195, -151, 156, 375, -87, 112, 48, 
239, 317, 78, -278, 80, 197, -141, 161, 390, -82, 126, 48, 
248, 326, 78, -287, 85, 202, -131, 170, 400, -73, 136, 58, 
258, 326, 68, -292, 95, 197, -122, 190, 419, -63, 146, 58, 
248, 326, 78, -287, 85, 202, -112, 209, 448, -53, 156, 58, 
244, 326, 82, -285, 80, 204, -97, 224, 478, -39, 161, 58, 
239, 322, 82, -280, 78, 202, -82, 244, 492, -9, 170, 48, 
239, 322, 82, -280, 78, 202, -68, 258, 507, 0, 180, 43, 
248, 331, 82, -290, 82, 207, -63, 263, 507, 4, 185, 43, 
248, 331, 82, -290, 82, 207, -63, 263, 507, 4, 185, 48, 
248, 326, 78, -287, 85, 202, -58, 268, 507, 4, 185, 48, 
239, 322, 82, -280, 78, 202, -58, 268, 512, 9, 190, 53, 
239, 322, 82, -280, 78, 202, -53, 268, 512, 14, 200, 58, 
244, 322, 78, -283, 82, 200, -53, 273, 522, 14, 204, 63, 
244, 322, 78, -283, 82, 200, -53, 283, 531, 19, 214, 68, 
244, 331, 87, -287, 78, 209, -63, 283, 531, 19, 214, 68, 
244, 331, 87, -287, 78, 209, -63, 287, 531, 24, 219, 68, 
244, 331, 87, -287, 78, 209, -58, 287, 541, 24, 219, 68, 
248, 336, 87, -292, 80, 212, -58, 287, 541, 24, 219, 68, 
248, 326, 78, -287, 85, 202, -48, 287, 541, 34, 224, 63, 
248, 326, 78, -287, 85, 202, -48, 287, 541, 34, 224, 63, 
244, 326, 82, -285, 80, 204, -48, 287, 541, 34, 229, 63, 
244, 326, 82, -285, 80, 204, -48, 283, 546, 43, 229, 68, 
244, 331, 87, -287, 78, 209, -53, 283, 546, 43, 234, 82, 
248, 341, 92, -295, 78, 217, -53, 292, 551, 48, 234, 82, 
248, 341, 92, -295, 78, 217, -48, 292, 551, 48, 239, 82, 
248, 336, 87, -292, 80, 212, -48, 297, 556, 53, 244, 82, 
253, 346, 92, -300, 80, 219, -58, 297, 570, 43, 234, 78, 
253, 351, 97, -302, 78, 224, -53, 302, 570, 48, 234, 78, 
258, 351, 92, -305, 82, 222, -53, 302, 575, 48, 239, 82, 
258, 351, 92, -305, 82, 222, -53, 302, 575, 48, 239, 82, 
258, 351, 92, -305, 82, 222, -48, 292, 585, 63, 258, 82, 
258, 356, 97, -307, 80, 226, -43, 297, 590, 73, 258, 82, 
263, 361, 97, -312, 82, 229, -39, 302, 595, 78, 258, 87, 
263, 361, 97, -312, 82, 229, -34, 302, 595, 78, 258, 92, 
258, 351, 92, -305, 82, 222, -39, 312, 610, 87, 278, 92, 
263, 351, 87, -307, 87, 219, -39, 317, 614, 92, 283, 92, 
263, 361, 97, -312, 82, 229, -34, 322, 619, 97, 283, 97, 
268, 361, 92, -314, 87, 226, -34, 326, 624, 97, 283, 102, 
268, 370, 102, -319, 82, 236, -43, 322, 629, 102, 283, 102, 
268, 370, 102, -319, 82, 236, -43, 322, 629, 102, 287, 107, 
268, 370, 102, -319, 82, 236, -39, 322, 634, 107, 292, 107, 
278, 385, 107, -331, 85, 246, -39, 322, 639, 112, 297, 107, 
283, 395, 112, -339, 85, 253, -43, 326, 644, 122, 302, 107, 
287, 400, 112, -344, 87, 256, -43, 331, 649, 131, 312, 112, 
287, 405, 117, -346, 85, 261, -43, 331, 653, 131, 322, 112, 
292, 405, 112, -348, 90, 258, -43, 331, 658, 136, 331, 112, 
302, 409, 107, -356, 97, 258, -43, 331, 673, 151, 341, 117, 
312, 419, 107, -366, 102, 263, -43, 331, 678, 156, 346, 122, 
317, 429, 112, -373, 102, 270, -43, 336, 683, 161, 351, 126, 
317, 444, 126, -380, 95, 285, -43, 341, 688, 165, 356, 136, 
326, 448, 122, -387, 102, 285, -58, 326, 692, 180, 361, 141, 
331, 458, 126, -395, 102, 292, -73, 326, 697, 190, 370, 146, 
336, 468, 131, -402, 102, 300, -78, 322, 697, 195, 375, 151, 
336, 478, 141, -407, 97, 309, -82, 317, 702, 195, 375, 156, 
341, 483, 141, -412, 100, 312, -92, 302, 692, 195, 380, 161, 
346, 483, 136, -414, 104, 309, -102, 297, 692, 209, 385, 161, 
351, 488, 136, -419, 107, 312, -112, 292, 692, 214, 395, 165, 
356, 492, 136, -424, 109, 314, -122, 287, 688, 219, 395, 165, 
356, 488, 131, -422, 112, 309, -112, 287, 683, 219, 400, 165, 
356, 492, 136, -424, 109, 314, -117, 292, 692, 224, 405, 165, 
361, 492, 131, -427, 114, 312, -136, 297, 697, 229, 405, 165, 
366, 497, 131, -431, 117, 314, -136, 307, 697, 234, 414, 170, 
370, 488, 117, -429, 126, 302, -131, 322, 702, 239, 414, 170, 
380, 492, 112, -436, 134, 302, -126, 322, 707, 244, 419, 180, 
380, 492, 112, -436, 134, 302, -122, 317, 712, 248, 424, 185, 
380, 492, 112, -436, 134, 302, -122, 317, 717, 248, 434, 185, 
380, 483, 102, -431, 139, 292, -117, 317, 722, 253, 429, 180, 
385, 492, 107, -439, 139, 300, -117, 317, 727, 258, 434, 180, 
385, 502, 117, -444, 134, 309, -112, 317, 736, 263, 439, 180, 
380, 507, 126, -444, 126, 317, -112, 322, 751, 268, 444, 185, 
390, 497, 107, -444, 141, 302, -107, 331, 751, 273, 448, 175, 
395, 502, 107, -448, 143, 305, -112, 336, 751, 283, 453, 190, 
405, 507, 102, -456, 151, 305, -117, 336, 746, 283, 453, 190, 
409, 512, 102, -461, 153, 307, -122, 336, 741, 287, 458, 190, 
414, 502, 87, -458, 163, 295, -112, 346, 746, 283, 463, 190, 
414, 502, 87, -458, 163, 295, -112, 346, 741, 283, 468, 190, 
424, 507, 82, -466, 170, 295, -107, 346, 736, 283, 468, 195, 
429, 512, 82, -470, 173, 297, -107, 341, 736, 283, 473, 195, 
429, 512, 82, -470, 173, 297, -102, 351, 741, 283, 473, 195, 
429, 512, 82, -470, 173, 297, -102, 351, 741, 283, 473, 195, 
429, 512, 82, -470, 173, 297, -112, 341, 736, 283, 473, 195, 
429, 512, 82, -470, 173, 297, -112, 341, 736, 278, 473, 200, 
444, 512, 68, -478, 187, 290, -117, 331, 736, 278, 463, 195, 
444, 512, 68, -478, 187, 290, -117, 326, 727, 273, 463, 195, 
444, 502, 58, -473, 192, 280, -122, 326, 727, 268, 463, 195, 
434, 502, 68, -468, 183, 285, -122, 326, 712, 268, 463, 195, 
434, 492, 58, -463, 187, 275, -112, 326, 707, 258, 458, 195, 
439, 497, 58, -468, 190, 278, -122, 326, 707, 253, 453, 195, 
439, 497, 58, -468, 190, 278, -122, 317, 707, 248, 448, 195, 
429, 497, 68, -463, 180, 283, -117, 312, 697, 248, 444, 190, 
434, 497, 63, -466, 185, 280, -126, 312, 692, 239, 439, 190, 
434, 502, 68, -468, 183, 285, -126, 307, 683, 229, 429, 190, 
434, 497, 63, -466, 185, 280, -126, 307, 673, 224, 419, 190, 
429, 502, 73, -466, 178, 287, -126, 297, 668, 214, 414, 190, 
429, 492, 63, -461, 183, 278, -126, 287, 653, 200, 405, 190, 
414, 492, 78, -453, 168, 285, -126, 283, 644, 195, 400, 190, 
409, 492, 82, -451, 163, 287, -126, 283, 634, 190, 390, 190, 
409, 492, 82, -451, 163, 287, -126, 278, 624, 175, 385, 185, 
405, 488, 82, -446, 161, 285, -136, 263, 605, 165, 370, 190, 
390, 478, 87, -434, 151, 283, -131, 258, 595, 156, 366, 185, 
380, 473, 92, -427, 143, 283, -131, 258, 580, 146, 356, 180, 
370, 468, 97, -419, 136, 283, -126, 253, 570, 141, 346, 175, 
370, 473, 102, -422, 134, 287, -136, 248, 556, 122, 331, 170, 
361, 473, 112, -417, 124, 292, -141, 248, 546, 107, 322, 165, 
356, 468, 112, -412, 122, 290, -141, 244, 546, 102, 312, 165, 
341, 458, 117, -400, 112, 287, -141, 239, 541, 92, 302, 161, 
341, 453, 112, -397, 114, 283, -141, 234, 527, 82, 302, 151, 
331, 453, 122, -392, 104, 287, -141, 224, 512, 78, 297, 146, 
326, 448, 122, -387, 102, 285, -136, 219, 512, 68, 287, 141, 
312, 429, 117, -370, 97, 273, -126, 219, 507, 68, 283, 136, 
307, 429, 122, -368, 92, 275, -136, 209, 497, 53, 263, 141, 
312, 439, 126, -375, 92, 283, -126, 214, 497, 48, 263, 146, 
307, 424, 117, -366, 95, 270, -126, 204, 492, 43, 258, 131, 
302, 419, 117, -361, 92, 268, -126, 204, 488, 39, 253, 126, 
297, 414, 117, -356, 90, 265, -126, 204, 483, 34, 248, 122, 
292, 409, 117, -351, 87, 263, -126, 204, 478, 29, 244, 117, 
283, 400, 117, -341, 82, 258, -117, 204, 468, 14, 239, 112, 
283, 395, 112, -339, 85, 253, -122, 204, 468, 14, 234, 112, 
283, 390, 107, -336, 87, 248, -126, 204, 468, 14, 229, 112, 
283, 385, 102, -334, 90, 244, -126, 204, 468, 14, 219, 112, 
268, 380, 112, -324, 78, 246, -122, 209, 468, 4, 209, 117, 
263, 380, 117, -322, 73, 248, -117, 204, 463, 0, 209, 112, 
258, 380, 122, -319, 68, 251, -112, 209, 458, -9, 209, 107, 
253, 375, 122, -314, 65, 248, -107, 214, 458, -14, 209, 102, 
253, 370, 117, -312, 68, 244, -97, 214, 468, -19, 200, 92, 
253, 370, 117, -312, 68, 244, -97, 214, 463, -19, 200, 87, 
253, 370, 117, -312, 68, 244, -107, 214, 463, -14, 200, 82, 
253, 370, 117, -312, 68, 244, -107, 214, 463, -14, 200, 78, 
244, 361, 117, -302, 63, 239, -107, 214, 463, -14, 200, 87, 
244, 361, 117, -302, 63, 239, -102, 214, 463, -14, 200, 87, 
244, 361, 117, -302, 63, 239, -97, 219, 463, -14, 200, 87, 
244, 361, 117, -302, 63, 239, -92, 219, 458, -14, 200, 87, 
239, 361, 122, -300, 58, 241, -92, 219, 468, -24, 200, 78, 
239, 361, 122, -300, 58, 241, -92, 219, 473, -24, 200, 78, 
239, 361, 122, -300, 58, 241, -92, 214, 473, -24, 200, 78, 
234, 361, 126, -297, 53, 244, -97, 214, 468, -24, 200, 78, 
244, 370, 126, -307, 58, 248, -102, 214, 468, -19, 209, 78, 
244, 370, 126, -307, 58, 248, -102, 209, 473, -19, 209, 73, 
244, 370, 126, -307, 58, 248, -97, 209, 478, -19, 204, 73, 
234, 361, 126, -297, 53, 244, -92, 209, 483, -19, 204, 73, 
234, 375, 141, -305, 46, 258, -102, 209, 483, -4, 209, 78, 
234, 380, 146, -307, 43, 263, -102, 204, 483, -4, 209, 82, 
234, 385, 151, -309, 41, 268, -97, 204, 483, -4, 209, 92, 
234, 385, 151, -309, 41, 268, -92, 204, 483, -4, 209, 97, 
239, 375, 136, -307, 51, 256, -112, 200, 478, -9, 204, 102, 
244, 380, 136, -312, 53, 258, -117, 195, 473, -9, 204, 102, 
248, 390, 141, -319, 53, 265, -122, 190, 468, -9, 204, 102, 
253, 395, 141, -324, 56, 268, -122, 185, 463, -14, 204, 97, 
253, 400, 146, -326, 53, 273, -131, 175, 448, -9, 214, 102, 
248, 395, 146, -322, 51, 270, -141, 165, 444, -9, 214, 102, 
248, 395, 146, -322, 51, 270, -151, 156, 439, -9, 214, 102, 
253, 405, 151, -329, 51, 278, -161, 146, 434, -4, 214, 102, 
253, 414, 161, -334, 46, 287, -161, 146, 429, -14, 214, 107, 
248, 409, 161, -329, 43, 285, -165, 146, 424, -19, 204, 107, 
234, 405, 170, -319, 31, 287, -170, 141, 419, -19, 204, 107, 
244, 405, 161, -324, 41, 283, -170, 136, 414, -19, 204, 107, 
248, 400, 151, -324, 48, 275, -170, 141, 424, -19, 204, 107, 
248, 400, 151, -324, 48, 275, -170, 151, 424, -19, 204, 107, 
244, 390, 146, -317, 48, 268, -161, 156, 424, -19, 209, 107, 
244, 385, 141, -314, 51, 263, -161, 161, 424, -19, 209, 107, 
234, 385, 151, -309, 41, 268, -151, 170, 424, -9, 209, 97, 
234, 385, 151, -309, 41, 268, -156, 170, 424, -9, 209, 97, 
234, 385, 151, -309, 41, 268, -156, 170, 424, -9, 209, 97, 
229, 380, 151, -305, 39, 265, -156, 175, 424, -9, 209, 97, 
234, 370, 136, -302, 48, 253, -136, 185, 439, -14, 200, 87, 
234, 370, 136, -302, 48, 253, -136, 185, 439, -14, 200, 87, 
239, 370, 131, -305, 53, 251, -136, 185, 439, -14, 200, 87, 
239, 370, 131, -305, 53, 251, -136, 180, 439, -14, 200, 82, 
229, 356, 126, -292, 51, 241, -126, 190, 448, -14, 200, 82, 
229, 356, 126, -292, 51, 241, -126, 190, 448, -14, 200, 82, 
229, 356, 126, -292, 51, 241, -126, 190, 448, -14, 200, 82, 
229, 361, 131, -295, 48, 246, -126, 190, 448, -14, 200, 82, 
229, 356, 126, -292, 51, 241, -117, 200, 448, -24, 195, 73, 
229, 351, 122, -290, 53, 236, -117, 204, 448, -24, 195, 73, 
224, 346, 122, -285, 51, 234, -117, 209, 448, -24, 200, 73, 
224, 341, 117, -283, 53, 229, -117, 214, 448, -24, 200, 73, 
219, 341, 122, -280, 48, 231, -112, 224, 458, -24, 190, 73, 
219, 336, 117, -278, 51, 226, -107, 219, 458, -24, 190, 68, 
219, 331, 112, -275, 53, 222, -102, 219, 458, -24, 190, 68, 
219, 326, 107, -273, 56, 217, -97, 219, 458, -24, 190, 68, 
219, 312, 92, -265, 63, 202, -87, 229, 458, -29, 190, 58, 
219, 312, 92, -265, 63, 202, -87, 229, 458, -29, 190, 58, 
219, 312, 92, -265, 63, 202, -87, 229, 458, -29, 190, 63, 
219, 312, 92, -265, 63, 202, -87, 229, 458, -29, 190, 63, 
219, 302, 82, -261, 68, 192, -82, 234, 463, -29, 190, 63, 
219, 302, 82, -261, 68, 192, -82, 234, 463, -29, 190, 63, 
219, 312, 92, -265, 63, 202, -87, 224, 453, -29, 190, 63, 
219, 312, 92, -265, 63, 202, -87, 219, 444, -29, 190, 63, 
219, 307, 87, -263, 65, 197, -78, 224, 453, -29, 200, 73, 
219, 307, 87, -263, 65, 197, -82, 214, 448, -29, 195, 73, 
224, 307, 82, -265, 70, 195, -92, 219, 444, -19, 200, 68, 
244, 322, 78, -283, 82, 200, -102, 204, 448, -14, 209, 73, 
263, 351, 87, -307, 87, 219, -117, 195, 424, -14, 214, 87, 
263, 361, 97, -312, 82, 229, -136, 175, 414, -14, 219, 87, 
258, 356, 97, -307, 80, 226, -146, 161, 395, -9, 234, 97, 
258, 356, 97, -307, 80, 226, -146, 141, 380, -9, 234, 107, 
258, 366, 107, -312, 75, 236, -161, 117, 351, -19, 234, 117, 
244, 385, 141, -314, 51, 263, -180, 82, 302, -43, 219, 112, 
239, 385, 146, -312, 46, 265, -195, 43, 229, -73, 209, 122, 
214, 385, 170, -300, 21, 278, -209, -9, 161, -102, 170, 122, 
190, 390, 200, -290, -4, 295, -239, -73, 82, -146, 146, 131, 
170, 409, 239, -290, -34, 324, -263, -131, -9, -195, 107, 141, 
161, 419, 258, -290, -48, 339, -292, -180, -87, -239, 78, 141, 
141, 424, 283, -283, -70, 353, -307, -219, -131, -287, 48, 131, 
107, 414, 307, -261, -100, 361, -326, -258, -180, -322, 19, 146, 
78, 419, 341, -248, -131, 380, -351, -302, -244, -361, -14, 151, 
78, 439, 361, -258, -141, 400, -385, -351, -326, -400, -43, 151, 
73, 453, 380, -263, -153, 417, -405, -400, -390, -434, -68, 141, 
53, 458, 405, -256, -175, 431, -419, -444, -444, -453, -87, 141, 
34, 448, 414, -241, -190, 431, -448, -483, -507, -483, -122, 136, 
9, 453, 444, -231, -217, 448, -478, -517, -570, -522, -161, 146, 
4, 483, 478, -244, -236, 480, -512, -556, -619, -561, -190, 146, 
4, 502, 497, -253, -246, 500, -527, -575, -649, -595, -214, 151, 
-19, 502, 522, -241, -270, 512, -546, -605, -688, -639, -248, 141, 
-53, 483, 536, -214, -295, 509, -556, -614, -717, -673, -278, 141, 
-82, 473, 556, -195, -319, 514, -570, -624, -741, -707, -307, 136, 
-97, 463, 561, -183, -329, 512, -580, -644, -785, -751, -346, 117, 
-112, 468, 580, -178, -346, 524, -600, -678, -819, -771, -370, 112, 
-122, 463, 585, -170, -353, 524, -624, -727, -854, -780, -380, 107, 
-141, 444, 585, -151, -363, 514, -634, -736, -854, -780, -390, 107, 
-141, 444, 585, -151, -363, 514, -639, -736, -839, -761, -385, 102, 
-122, 463, 585, -170, -353, 524, -644, -736, -800, -732, -361, 112, 
-107, 492, 600, -192, -353, 546, -644, -712, -761, -707, -336, 112, 
-112, 483, 595, -185, -353, 539, -634, -668, -692, -692, -312, 112, 
-102, 458, 561, -178, -331, 509, -610, -629, -624, -668, -307, 102, 
-87, 439, 527, -175, -307, 483, -585, -570, -556, -634, -287, 102, 
-58, 434, 492, -187, -275, 463, -546, -512, -473, -600, -278, 97, 
-19, 429, 448, -204, -234, 439, -512, -448, -395, -570, -263, 78, 
4, 419, 414, -212, -204, 417, -468, -395, -331, -531, -239, 68, 
0, 395, 395, -197, -197, 395, -424, -351, -283, -497, -214, 73, 
0, 366, 366, -183, -183, 366, -395, -322, -253, -483, -195, 73, 
14, 351, 336, -183, -161, 344, -375, -287, -214, -473, -180, 68, 
19, 341, 322, -180, -151, 331, -366, -253, -180, -463, -175, 58, 
4, 326, 322, -165, -158, 324, -351, -229, -131, -439, -156, 53, 
9, 312, 302, -161, -146, 307, -336, -200, -82, -419, -136, 48, 
9, 307, 297, -158, -143, 302, -326, -175, -24, -390, -112, 43, 
19, 307, 287, -163, -134, 297, -307, -146, 24, -356, -87, 43, 
29, 317, 287, -173, -129, 302, -287, -117, 63, -312, -63, 39, 
34, 307, 273, -170, -119, 290, -263, -82, 112, -268, -43, 39, 
34, 297, 263, -165, -114, 280, -244, -48, 141, -239, -14, 39, 
48, 297, 248, -173, -100, 273, -234, -34, 165, -219, 0, 43, 
82, 317, 234, -200, -75, 275, -239, -19, 180, -209, 9, 48, 
112, 336, 224, -224, -56, 280, -248, -19, 180, -200, 24, 48, 
126, 341, 214, -234, -43, 278, -248, 0, 204, -190, 43, 53, 
141, 336, 195, -239, -26, 265, -248, 9, 229, -190, 68, 53, 
165, 351, 185, -258, -9, 268, -248, 19, 263, -170, 78, 68, 
195, 370, 175, -283, 9, 273, -244, 48, 292, -136, 107, 73, 
209, 375, 165, -292, 21, 270, -229, 68, 322, -92, 126, 82, 
224, 380, 156, -302, 34, 268, -224, 87, 361, -78, 141, 87, 
244, 380, 136, -312, 53, 258, -214, 102, 375, -53, 156, 82, 
253, 380, 126, -317, 63, 253, -209, 112, 375, -39, 156, 78, 
283, 395, 112, -339, 85, 253, -209, 122, 380, -43, 161, 87, 
307, 405, 97, -356, 104, 251, -204, 131, 375, -48, 165, 82, 
302, 400, 97, -351, 102, 248, -209, 136, 385, -48, 180, 78, 
297, 385, 87, -341, 104, 236, -200, 151, 409, -34, 195, 78, 
287, 385, 97, -336, 95, 241, -180, 161, 429, -14, 204, 87, 
287, 385, 97, -336, 95, 241, -161, 180, 458, 4, 224, 97, 
287, 395, 107, -341, 90, 251, -141, 209, 497, 34, 244, 97, 
292, 385, 92, -339, 100, 239, -126, 234, 527, 48, 248, 97, 
278, 370, 92, -324, 92, 231, -122, 244, 531, 58, 258, 97, 
268, 361, 92, -314, 87, 226, -117, 248, 527, 48, 263, 92, 
278, 370, 92, -324, 92, 231, -112, 253, 527, 53, 263, 92, 
278, 370, 92, -324, 92, 231, -112, 253, 527, 53, 258, 97, 
278, 366, 87, -322, 95, 226, -107, 258, 527, 53, 253, 97, 
263, 356, 92, -309, 85, 224, -97, 258, 522, 53, 244, 92, 
258, 351, 92, -305, 82, 222, -92, 258, 522, 53, 248, 87, 
258, 346, 87, -302, 85, 217, -92, 263, 531, 48, 248, 82, 
253, 341, 87, -297, 82, 214, -92, 273, 541, 48, 253, 78, 
253, 331, 78, -292, 87, 204, -82, 273, 551, 48, 244, 78, 
253, 331, 78, -292, 87, 204, -82, 278, 551, 53, 248, 78, 
253, 331, 78, -292, 87, 204, -78, 278, 561, 53, 248, 78, 
258, 336, 78, -297, 90, 207, -78, 278, 561, 53, 248, 78, 
268, 326, 58, -297, 104, 192, -73, 287, 561, 53, 253, 82, 
268, 326, 58, -297, 104, 192, -68, 287, 561, 53, 253, 82, 
263, 326, 63, -295, 100, 195, -63, 287, 561, 53, 258, 82, 
263, 326, 63, -295, 100, 195, -58, 283, 566, 63, 258, 87, 
253, 322, 68, -287, 92, 195, -53, 287, 575, 63, 273, 82, 
258, 331, 73, -295, 92, 202, -53, 302, 580, 68, 273, 82, 
258, 331, 73, -295, 92, 202, -48, 307, 580, 68, 278, 82, 
258, 326, 68, -292, 95, 197, -48, 317, 585, 73, 283, 82, 
273, 336, 63, -305, 104, 200, -58, 307, 580, 73, 273, 87, 
273, 341, 68, -307, 102, 204, -53, 312, 580, 78, 273, 87, 
278, 341, 63, -309, 107, 202, -53, 312, 585, 78, 278, 92, 
278, 341, 63, -309, 107, 202, -53, 312, 585, 78, 278, 92, 
278, 331, 53, -305, 112, 192, -53, 322, 595, 73, 287, 82, 
278, 336, 58, -307, 109, 197, -53, 326, 600, 82, 287, 82, 
283, 341, 58, -312, 112, 200, -53, 331, 605, 87, 287, 87, 
283, 341, 58, -312, 112, 200, -53, 331, 605, 87, 287, 92, 
278, 341, 63, -309, 107, 202, -58, 326, 619, 97, 307, 92, 
283, 341, 58, -312, 112, 200, -58, 326, 624, 102, 312, 92, 
283, 351, 68, -317, 107, 209, -53, 326, 629, 107, 312, 97, 
287, 351, 63, -319, 112, 207, -53, 326, 634, 107, 312, 102, 
297, 351, 53, -324, 122, 202, -53, 331, 634, 102, 312, 92, 
297, 351, 53, -324, 122, 202, -53, 331, 629, 102, 317, 97, 
297, 351, 53, -324, 122, 202, -48, 331, 629, 107, 322, 97, 
307, 366, 58, -336, 124, 212, -48, 331, 629, 112, 326, 97, 
302, 370, 68, -336, 117, 219, -43, 346, 639, 117, 326, 107, 
307, 370, 63, -339, 122, 217, -43, 351, 649, 131, 331, 112, 
307, 370, 63, -339, 122, 217, -43, 351, 658, 136, 336, 112, 
312, 366, 53, -339, 129, 209, -43, 351, 668, 146, 341, 112, 
322, 366, 43, -344, 139, 204, -53, 341, 663, 141, 341, 112, 
331, 370, 39, -351, 146, 204, -53, 341, 668, 146, 346, 112, 
336, 375, 39, -356, 148, 207, -53, 346, 673, 151, 351, 112, 
336, 385, 48, -361, 143, 217, -53, 351, 678, 156, 356, 117, 
326, 385, 58, -356, 134, 222, -43, 351, 673, 151, 361, 112, 
331, 390, 58, -361, 136, 224, -53, 356, 678, 161, 370, 117, 
336, 395, 58, -366, 139, 226, -53, 356, 678, 165, 375, 122, 
336, 400, 63, -368, 136, 231, -53, 356, 683, 165, 375, 126, 
341, 395, 53, -368, 143, 224, -53, 366, 688, 165, 380, 131, 
346, 395, 48, -370, 148, 222, -53, 366, 692, 180, 385, 131, 
351, 400, 48, -375, 151, 224, -53, 366, 697, 185, 395, 136, 
356, 405, 48, -380, 153, 226, -53, 366, 697, 190, 395, 136, 
375, 409, 34, -392, 170, 222, -48, 370, 712, 190, 400, 146, 
375, 414, 39, -395, 168, 226, -48, 370, 722, 195, 405, 146, 
380, 414, 34, -397, 173, 224, -63, 370, 727, 200, 405, 146, 
385, 419, 34, -402, 175, 226, -58, 375, 727, 204, 414, 151, 
380, 424, 43, -402, 168, 234, -48, 390, 741, 219, 424, 151, 
390, 434, 43, -412, 173, 239, -48, 390, 746, 224, 429, 161, 
390, 439, 48, -414, 170, 244, -48, 385, 751, 229, 434, 165, 
390, 444, 53, -417, 168, 248, -53, 385, 756, 229, 444, 165, 
405, 453, 48, -429, 178, 251, -53, 390, 756, 244, 448, 170, 
414, 463, 48, -439, 183, 256, -58, 385, 756, 248, 453, 170, 
419, 473, 53, -446, 183, 263, -58, 380, 761, 253, 458, 170, 
419, 478, 58, -448, 180, 268, -63, 380, 771, 258, 463, 175, 
419, 488, 68, -453, 175, 278, -58, 380, 775, 263, 468, 185, 
424, 492, 68, -458, 178, 280, -63, 385, 780, 273, 473, 200, 
434, 497, 63, -466, 185, 280, -68, 385, 780, 273, 473, 200, 
439, 502, 63, -470, 187, 283, -73, 385, 780, 278, 478, 200, 
434, 512, 78, -473, 178, 295, -87, 380, 785, 283, 483, 209, 
434, 512, 78, -473, 178, 295, -92, 375, 780, 283, 488, 209, 
444, 517, 73, -480, 185, 295, -92, 370, 775, 283, 488, 214, 
448, 522, 73, -485, 187, 297, -97, 361, 775, 283, 492, 214, 
458, 527, 68, -492, 195, 297, -112, 341, 761, 292, 492, 214, 
458, 531, 73, -495, 192, 302, -122, 331, 751, 292, 492, 214, 
458, 536, 78, -497, 190, 307, -141, 312, 736, 292, 492, 214, 
458, 541, 82, -500, 187, 312, -151, 302, 727, 287, 492, 219, 
463, 561, 97, -512, 183, 329, -161, 287, 712, 278, 492, 234, 
463, 561, 97, -512, 183, 329, -165, 278, 697, 273, 492, 234, 
463, 551, 87, -507, 187, 319, -175, 273, 692, 268, 492, 234, 
453, 551, 97, -502, 178, 324, -180, 268, 673, 268, 492, 234, 
463, 551, 87, -507, 187, 319, -185, 258, 653, 263, 488, 234, 
468, 556, 87, -512, 190, 322, -200, 258, 649, 253, 483, 234, 
468, 556, 87, -512, 190, 322, -204, 248, 644, 244, 478, 234, 
458, 556, 97, -507, 180, 326, -204, 244, 629, 239, 473, 229, 
453, 561, 107, -507, 173, 334, -209, 224, 624, 239, 468, 229, 
453, 561, 107, -507, 173, 334, -214, 219, 614, 229, 458, 229, 
453, 551, 97, -502, 178, 324, -219, 219, 605, 224, 448, 229, 
448, 551, 102, -500, 173, 326, -224, 209, 600, 214, 444, 229, 
448, 551, 102, -500, 173, 326, -224, 209, 580, 200, 424, 219, 
434, 551, 117, -492, 158, 334, -224, 204, 575, 195, 419, 219, 
429, 551, 122, -490, 153, 336, -224, 204, 570, 190, 409, 219, 
429, 551, 122, -490, 153, 336, -224, 200, 566, 175, 405, 214, 
429, 546, 117, -488, 156, 331, -234, 185, 546, 156, 400, 219, 
419, 536, 117, -478, 151, 326, -229, 180, 536, 146, 395, 214, 
414, 531, 117, -473, 148, 324, -229, 180, 522, 136, 385, 209, 
409, 527, 117, -468, 146, 322, -224, 175, 512, 131, 375, 204, 
400, 517, 117, -458, 141, 317, -219, 180, 517, 131, 361, 190, 
390, 512, 122, -451, 134, 317, -219, 180, 507, 117, 351, 185, 
385, 502, 117, -444, 134, 309, -214, 175, 507, 112, 341, 185, 
370, 488, 117, -429, 126, 302, -209, 170, 502, 102, 331, 180, 
351, 468, 117, -409, 117, 292, -200, 180, 507, 87, 322, 161, 
341, 463, 122, -402, 109, 292, -190, 185, 492, 78, 317, 156, 
336, 453, 117, -395, 109, 285, -175, 195, 492, 63, 307, 151, 
322, 429, 107, -375, 107, 268, -156, 209, 488, 58, 302, 146, 
307, 400, 92, -353, 107, 246, -156, 200, 488, 53, 292, 141, 
302, 400, 97, -351, 102, 248, -151, 200, 478, 48, 283, 136, 
302, 395, 92, -348, 104, 244, -151, 200, 478, 39, 278, 136, 
297, 395, 97, -346, 100, 246, -146, 200, 478, 34, 278, 131, 
292, 385, 92, -339, 100, 239, -136, 209, 463, 29, 268, 117, 
287, 380, 92, -334, 97, 236, -136, 204, 463, 24, 253, 112, 
278, 380, 102, -329, 87, 241, -136, 204, 463, 19, 253, 107, 
278, 375, 97, -326, 90, 236, -136, 204, 463, 14, 239, 102, 
273, 361, 87, -317, 92, 224, -122, 214, 468, -4, 248, 87, 
263, 351, 87, -307, 87, 219, -122, 219, 463, -4, 244, 87, 
253, 341, 87, -297, 82, 214, -122, 224, 458, -4, 239, 87, 
253, 341, 87, -297, 82, 214, -126, 224, 458, -4, 234, 87, 
263, 351, 87, -307, 87, 219, -117, 224, 468, 4, 234, 87, 
258, 346, 87, -302, 85, 217, -112, 224, 453, 0, 229, 87, 
258, 346, 87, -302, 85, 217, -112, 224, 453, -4, 229, 78, 
258, 346, 87, -302, 85, 217, -112, 224, 458, -9, 229, 68, 
244, 341, 97, -292, 73, 219, -112, 224, 468, -9, 224, 78, 
244, 341, 97, -292, 73, 219, -107, 224, 468, -9, 219, 73, 
244, 336, 92, -290, 75, 214, -97, 224, 468, -9, 219, 68, 
239, 331, 92, -285, 73, 212, -97, 224, 468, -9, 219, 68, 
244, 331, 87, -287, 78, 209, -107, 224, 478, -4, 219, 78, 
244, 331, 87, -287, 78, 209, -102, 224, 473, -4, 219, 78, 
244, 336, 92, -290, 75, 214, -102, 224, 468, -9, 214, 78, 
244, 346, 102, -295, 70, 224, -102, 224, 463, -14, 214, 78, 
234, 336, 102, -285, 65, 219, -102, 224, 463, -14, 214, 68, 
229, 331, 102, -280, 63, 217, -102, 224, 463, -14, 214, 68, 
229, 331, 102, -280, 63, 217, -107, 224, 463, -19, 214, 68, 
234, 336, 102, -285, 65, 219, -107, 224, 463, -19, 209, 68, 
239, 336, 97, -287, 70, 217, -107, 224, 468, -9, 214, 68, 
239, 326, 87, -283, 75, 207, -107, 224, 468, -9, 209, 73, 
229, 322, 92, -275, 68, 207, -102, 224, 468, -9, 209, 78, 
229, 322, 92, -275, 68, 207, -92, 229, 468, -14, 214, 82, 
234, 326, 92, -280, 70, 209, -92, 239, 468, -14, 214, 78, 
234, 326, 92, -280, 70, 209, -97, 234, 468, -14, 214, 73, 
229, 322, 92, -275, 68, 207, -97, 234, 468, -19, 214, 73, 
229, 322, 92, -275, 68, 207, -97, 234, 468, -19, 214, 73, 
239, 331, 92, -285, 73, 212, -87, 234, 468, -24, 219, 78, 
244, 336, 92, -290, 75, 214, -87, 234, 468, -24, 219, 73, 
244, 341, 97, -292, 73, 219, -87, 234, 468, -24, 219, 68, 
244, 341, 97, -292, 73, 219, -87, 234, 468, -19, 219, 63, 
229, 326, 97, -278, 65, 212, -82, 234, 478, -9, 229, 73, 
229, 326, 97, -278, 65, 212, -87, 234, 483, -9, 229, 73, 
229, 326, 97, -278, 65, 212, -87, 234, 488, -9, 224, 73, 
229, 326, 97, -278, 65, 212, -82, 234, 488, -14, 224, 73, 
219, 326, 107, -273, 56, 217, -82, 234, 488, -14, 214, 73, 
214, 322, 107, -268, 53, 214, -78, 234, 488, -9, 219, 73, 
214, 322, 107, -268, 53, 214, -78, 234, 483, -9, 219, 73, 
224, 326, 102, -275, 61, 214, -78, 234, 483, -9, 219, 73, 
224, 331, 107, -278, 58, 219, -82, 234, 492, -9, 229, 82, 
224, 331, 107, -278, 58, 219, -82, 239, 488, -9, 229, 82, 
224, 331, 107, -278, 58, 219, -87, 239, 488, -9, 229, 87, 
224, 331, 107, -278, 58, 219, -87, 239, 488, -9, 229, 87, 
214, 336, 122, -275, 46, 229, -82, 248, 497, 0, 229, 82, 
214, 341, 126, -278, 43, 234, -78, 244, 497, 0, 229, 82, 
214, 341, 126, -278, 43, 234, -73, 244, 497, 0, 229, 78, 
209, 341, 131, -275, 39, 236, -73, 244, 497, 0, 229, 78, 
209, 356, 146, -283, 31, 251, -78, 244, 507, 4, 239, 87, 
214, 361, 146, -287, 34, 253, -82, 244, 502, 4, 239, 87, 
219, 361, 141, -290, 39, 251, -82, 244, 502, 4, 244, 87, 
219, 361, 141, -290, 39, 251, -82, 239, 502, 4, 244, 87, 
214, 366, 151, -290, 31, 258, -82, 239, 512, 9, 253, 97, 
214, 366, 151, -290, 31, 258, -87, 239, 512, 9, 253, 97, 
219, 366, 146, -292, 36, 256, -87, 234, 512, 9, 253, 92, 
224, 366, 141, -295, 41, 253, -87, 234, 507, 9, 253, 92, 
214, 366, 151, -290, 31, 258, -97, 219, 492, 9, 244, 102, 
214, 366, 151, -290, 31, 258, -102, 214, 492, 9, 244, 102, 
214, 366, 151, -290, 31, 258, -107, 209, 492, 9, 244, 102, 
214, 366, 151, -290, 31, 258, -117, 204, 492, 4, 244, 102, 
219, 385, 165, -302, 26, 275, -126, 195, 483, 4, 253, 102, 
224, 385, 161, -305, 31, 273, -136, 185, 473, 4, 253, 102, 
229, 380, 151, -305, 39, 265, -146, 175, 463, 4, 253, 102, 
234, 380, 146, -307, 43, 263, -156, 165, 453, 4, 253, 102, 
239, 385, 146, -312, 46, 265, -170, 165, 444, -4, 244, 102, 
244, 385, 141, -314, 51, 263, -170, 165, 444, -4, 244, 102, 
248, 380, 131, -314, 58, 256, -161, 170, 444, -4, 244, 102, 
253, 375, 122, -314, 65, 248, -161, 170, 444, -4, 244, 102, 
263, 390, 126, -326, 68, 258, -170, 170, 453, 4, 253, 112, 
273, 395, 122, -334, 75, 258, -175, 170, 453, 9, 253, 112, 
273, 400, 126, -336, 73, 263, -185, 170, 453, 14, 253, 117, 
268, 405, 136, -336, 65, 270, -175, 170, 448, 14, 253, 117, 
268, 405, 136, -336, 65, 270, -180, 175, 458, 14, 263, 126, 
273, 405, 131, -339, 70, 268, -180, 180, 458, 14, 263, 126, 
278, 409, 131, -344, 73, 270, -180, 180, 458, 14, 263, 126, 
283, 419, 136, -351, 73, 278, -180, 180, 458, 14, 258, 126, 
273, 400, 126, -336, 73, 263, -170, 185, 458, 14, 258, 112, 
268, 400, 131, -334, 68, 265, -170, 185, 458, 14, 258, 112, 
268, 400, 131, -334, 68, 265, -165, 190, 458, 14, 258, 112, 
268, 405, 136, -336, 65, 270, -165, 190, 458, 14, 258, 112, 
268, 395, 126, -331, 70, 261, -156, 190, 458, 4, 248, 102, 
263, 385, 122, -324, 70, 253, -151, 195, 458, 4, 248, 102, 
253, 385, 131, -319, 61, 258, -146, 195, 463, 4, 248, 102, 
253, 385, 131, -319, 61, 258, -146, 190, 468, 4, 248, 102, 
248, 375, 126, -312, 61, 251, -146, 204, 458, -4, 239, 102, 
253, 375, 122, -314, 65, 248, -141, 209, 463, -4, 239, 97, 
253, 375, 122, -314, 65, 248, -136, 214, 463, -4, 239, 92, 
248, 370, 122, -309, 63, 246, -131, 219, 458, -4, 239, 87, 
239, 366, 126, -302, 56, 246, -126, 229, 458, -4, 239, 87, 
244, 366, 122, -305, 61, 244, -122, 229, 458, -4, 239, 87, 
248, 361, 112, -305, 68, 236, -117, 229, 458, -4, 239, 87, 
248, 356, 107, -302, 70, 231, -112, 229, 458, 0, 239, 92, 
234, 351, 117, -292, 58, 234, -107, 214, 458, -9, 239, 82, 
234, 346, 112, -290, 61, 229, -107, 214, 458, -9, 239, 82, 
239, 351, 112, -295, 63, 231, -112, 214, 458, -9, 239, 82, 
244, 351, 107, -297, 68, 229, -117, 214, 458, -9, 234, 82, 
244, 341, 97, -292, 73, 219, -107, 219, 463, -14, 234, 73, 
239, 336, 97, -287, 70, 217, -112, 209, 458, -14, 234, 73, 
239, 336, 97, -287, 70, 217, -112, 224, 453, -14, 234, 78, 
239, 341, 102, -290, 68, 222, -117, 229, 448, -9, 234, 78, 
244, 341, 97, -292, 73, 219, -117, 229, 453, -9, 224, 78, 
244, 341, 97, -292, 73, 219, -117, 224, 458, -14, 224, 78, 
234, 336, 102, -285, 65, 219, -112, 224, 463, -19, 224, 78, 
234, 336, 102, -285, 65, 219, -112, 224, 468, -19, 224, 78, 
239, 341, 102, -290, 68, 222, -107, 224, 468, -19, 234, 78, 
239, 341, 102, -290, 68, 222, -107, 224, 468, -19, 234, 78, 
239, 341, 102, -290, 68, 222, -107, 224, 468, -19, 234, 78, 
239, 336, 97, -287, 70, 217, -107, 219, 468, -19, 234, 78, 
239, 346, 107, -292, 65, 226, -107, 219, 468, -19, 234, 78, 
239, 346, 107, -292, 65, 226, -107, 219, 468, -19, 234, 78, 
239, 346, 107, -292, 65, 226, -107, 214, 468, -19, 234, 82, 
239, 346, 107, -292, 65, 226, -107, 214, 468, -19, 234, 82, 
239, 341, 102, -290, 68, 222, -107, 229, 468, -14, 248, 78, 
239, 336, 97, -287, 70, 217, -107, 229, 468, -19, 248, 78, 
234, 336, 102, -285, 65, 219, -102, 229, 458, -19, 248, 78, 
244, 351, 107, -297, 68, 229, -97, 224, 458, -19, 244, 78, 
234, 346, 112, -290, 61, 229, -87, 224, 468, -19, 234, 68, 
234, 341, 107, -287, 63, 224, -87, 224, 468, -19, 234, 68, 
234, 336, 102, -285, 65, 219, -87, 224, 468, -19, 234, 68, 
234, 331, 97, -283, 68, 214, -87, 224, 468, -19, 234, 68, 
234, 341, 107, -287, 63, 224, -97, 224, 468, -19, 234, 78, 
234, 341, 107, -287, 63, 224, -97, 224, 468, -19, 234, 78, 
234, 341, 107, -287, 63, 224, -97, 224, 468, -19, 234, 78, 
234, 341, 107, -287, 63, 224, -97, 224, 468, -19, 234, 78, 
244, 341, 97, -292, 73, 219, -97, 224, 458, -19, 234, 68, 
244, 341, 97, -292, 73, 219, -97, 224, 458, -19, 234, 68, 
244, 341, 97, -292, 73, 219, -97, 224, 458, -19, 234, 68, 
244, 341, 97, -292, 73, 219, -97, 224, 458, -19, 234, 68, 
234, 341, 107, -287, 63, 224, -97, 224, 458, -19, 234, 78, 
234, 341, 107, -287, 63, 224, -97, 224, 458, -19, 234, 78, 
234, 341, 107, -287, 63, 224, -97, 224, 458, -19, 234, 78, 
234, 341, 107, -287, 63, 224, -97, 224, 458, -19, 234, 78, 
234, 331, 97, -283, 68, 214, -87, 224, 468, -19, 234, 78, 
234, 331, 97, -283, 68, 214, -87, 224, 468, -19, 234, 78, 
234, 331, 97, -283, 68, 214, -87, 224, 468, -19, 234, 78, 
234, 331, 97, -283, 68, 214, -87, 224, 468, -19, 234, 78, 
234, 341, 107, -287, 63, 224, -78, 224, 478, -9, 234, 78, 
234, 341, 107, -287, 63, 224, -78, 224, 478, -9, 234, 78, 
234, 341, 107, -287, 63, 224, -78, 224, 478, -9, 234, 78, 
234, 346, 112, -290, 61, 229, -78, 224, 478, -14, 234, 73, 
234, 346, 112, -290, 61, 229, -73, 229, 478, -14, 239, 82, 
234, 346, 112, -290, 61, 229, -78, 234, 478, -14, 244, 82, 
234, 346, 112, -290, 61, 229, -78, 239, 478, -14, 244, 82, 
234, 351, 117, -292, 58, 234, -87, 244, 478, -9, 248, 92, 
234, 361, 126, -297, 53, 244, -73, 234, 488, 0, 248, 82, 
234, 361, 126, -297, 53, 244, -68, 234, 488, -4, 248, 82, 
234, 356, 122, -295, 56, 239, -63, 234, 492, -4, 248, 82, 
234, 356, 122, -295, 56, 239, -58, 234, 497, 0, 248, 87, 
244, 370, 126, -307, 58, 248, -68, 234, 492, 9, 258, 97, 
244, 375, 131, -309, 56, 253, -78, 234, 492, 14, 258, 97, 
244, 380, 136, -312, 53, 258, -78, 234, 492, 14, 258, 97, 
244, 380, 136, -312, 53, 258, -82, 224, 492, 14, 258, 97, 
244, 390, 146, -317, 48, 268, -92, 209, 483, 4, 268, 97, 
244, 390, 146, -317, 48, 268, -102, 209, 483, 4, 268, 97, 
244, 390, 146, -317, 48, 268, -112, 204, 478, 4, 268, 97, 
244, 390, 146, -317, 48, 268, -122, 200, 478, 4, 268, 97, 
248, 390, 141, -319, 53, 265, -131, 185, 468, 4, 258, 97, 
253, 390, 136, -322, 58, 263, -141, 175, 463, 4, 258, 97, 
253, 390, 136, -322, 58, 263, -156, 170, 453, 4, 258, 97, 
253, 390, 136, -322, 58, 263, -175, 165, 444, 0, 258, 97, 
258, 395, 136, -326, 61, 265, -190, 151, 434, 9, 268, 102, 
263, 400, 136, -331, 63, 268, -190, 151, 434, 9, 263, 102, 
258, 395, 136, -326, 61, 265, -190, 151, 434, 9, 263, 102, 
273, 400, 126, -336, 73, 263, -190, 151, 434, 14, 268, 102, 
283, 405, 122, -344, 80, 263, -195, 146, 434, 9, 258, 102, 
283, 409, 126, -346, 78, 268, -195, 146, 434, 4, 258, 107, 
283, 409, 126, -346, 78, 268, -195, 146, 434, 0, 258, 107, 
283, 400, 117, -341, 82, 258, -200, 146, 434, -9, 253, 102, 
292, 409, 117, -351, 87, 263, -204, 156, 434, 0, 253, 102, 
292, 414, 122, -353, 85, 268, -200, 156, 434, 0, 253, 102, 
292, 414, 122, -353, 85, 268, -190, 156, 434, -4, 253, 97, 
292, 409, 117, -351, 87, 263, -190, 156, 434, -9, 253, 92, 
283, 400, 117, -341, 82, 258, -185, 161, 444, -4, 258, 102, 
278, 395, 117, -336, 80, 256, -180, 165, 444, 0, 263, 102, 
278, 400, 122, -339, 78, 261, -175, 170, 444, 9, 268, 102, 
273, 395, 122, -334, 75, 258, -165, 180, 444, 14, 273, 97, 
258, 390, 131, -324, 63, 261, -156, 185, 434, 4, 253, 97, 
244, 385, 141, -314, 51, 263, -156, 185, 434, 0, 253, 97, 
253, 385, 131, -319, 61, 258, -151, 185, 434, -4, 253, 97, 
258, 390, 131, -324, 63, 261, -151, 185, 434, -9, 253, 97, 
258, 385, 126, -322, 65, 256, -141, 200, 439, -19, 244, 92, 
253, 370, 117, -312, 68, 244, -131, 200, 444, -19, 248, 87, 
253, 361, 107, -307, 73, 234, -131, 200, 448, -19, 248, 82, 
253, 356, 102, -305, 75, 229, -131, 200, 453, -19, 248, 78, 
253, 351, 97, -302, 78, 224, -131, 209, 463, -19, 248, 78, 
253, 346, 92, -300, 80, 219, -126, 209, 463, -19, 248, 78, 
248, 336, 87, -292, 80, 212, -122, 214, 463, -19, 248, 78, 
244, 331, 87, -287, 78, 209, -107, 214, 468, -24, 248, 78, 
244, 331, 87, -287, 78, 209, -117, 214, 463, -34, 239, 68, 
248, 331, 82, -290, 82, 207, -117, 214, 458, -34, 239, 68, 
248, 331, 82, -290, 82, 207, -117, 209, 453, -34, 239, 63, 
248, 326, 78, -287, 85, 202, -117, 209, 448, -34, 239, 63, 
239, 326, 87, -283, 75, 207, -107, 209, 448, -24, 239, 73, 
239, 326, 87, -283, 75, 207, -107, 209, 448, -24, 239, 73, 
239, 331, 92, -285, 73, 212, -107, 209, 448, -24, 239, 73, 
239, 331, 92, -285, 73, 212, -107, 214, 448, -24, 234, 73, 
248, 322, 73, -285, 87, 197, -107, 224, 448, -34, 234, 63, 
244, 322, 78, -283, 82, 200, -107, 224, 448, -34, 239, 63, 
244, 322, 78, -283, 82, 200, -107, 224, 448, -34, 239, 63, 
248, 326, 78, -287, 85, 202, -107, 224, 448, -34, 239, 63, 
239, 336, 97, -287, 70, 217, -107, 214, 439, -24, 239, 58, 
239, 336, 97, -287, 70, 217, -107, 209, 439, -24, 239, 58, 
239, 336, 97, -287, 70, 217, -107, 204, 439, -24, 239, 58, 
239, 331, 92, -285, 73, 212, -107, 200, 439, -29, 239, 58, 
229, 336, 107, -283, 61, 222, -107, 209, 448, -19, 248, 63, 
229, 341, 112, -285, 58, 226, -107, 209, 448, -19, 248, 73, 
229, 346, 117, -287, 56, 231, -107, 209, 448, -19, 248, 78, 
229, 351, 122, -290, 53, 236, -112, 204, 444, -19, 248, 82, 
234, 351, 117, -292, 58, 234, -112, 204, 444, -29, 248, 73, 
239, 361, 122, -300, 58, 241, -117, 195, 434, -29, 248, 73, 
244, 361, 117, -302, 63, 239, -117, 190, 424, -29, 248, 73, 
248, 356, 107, -302, 70, 231, -117, 185, 424, -29, 248, 73, 
258, 346, 87, -302, 85, 217, -122, 185, 429, -29, 253, 73, 
253, 356, 102, -305, 75, 229, -122, 170, 414, -29, 258, 78, 
253, 351, 97, -302, 78, 224, -131, 165, 409, -24, 258, 82, 
263, 351, 87, -307, 87, 219, -136, 156, 405, -34, 253, 87, 
273, 361, 87, -317, 92, 224, -146, 156, 405, -24, 258, 87, 
258, 366, 107, -312, 75, 236, -165, 151, 395, -9, 263, 97, 
248, 366, 117, -307, 65, 241, -185, 122, 351, -19, 273, 107, 
258, 395, 136, -326, 61, 265, -209, 68, 292, -39, 263, 117, 
263, 424, 161, -344, 51, 292, -239, 4, 214, -63, 248, 122, 
258, 434, 175, -346, 41, 305, -273, -53, 131, -102, 229, 122, 
234, 434, 200, -334, 17, 317, -297, -126, 43, -131, 219, 131, 
219, 439, 219, -329, 0, 329, -317, -190, -34, -165, 204, 151, 
200, 448, 248, -324, -24, 348, -351, -258, -126, -204, 185, 161, 
190, 458, 268, -324, -39, 363, -390, -317, -214, -248, 156, 161, 
170, 473, 302, -322, -65, 387, -414, -366, -278, -287, 126, 161, 
146, 473, 326, -309, -90, 400, -434, -395, -326, -312, 97, 165, 
117, 478, 361, -297, -122, 419, -448, -429, -370, -322, 73, 170, 
107, 497, 390, -302, -141, 444, -473, -488, -424, -351, 53, 170, 
92, 522, 429, -307, -168, 475, -512, -536, -488, -375, 39, 180, 
82, 546, 463, -314, -190, 505, -536, -580, -551, -405, 9, 180, 
63, 546, 483, -305, -209, 514, -556, -619, -614, -434, -14, 175, 
39, 541, 502, -290, -231, 522, -575, -673, -678, -473, -34, 175, 
14, 551, 536, -283, -261, 544, -600, -702, -727, -502, -53, 185, 
-4, 561, 566, -278, -285, 563, -614, -722, -766, -536, -78, 180, 
-9, 561, 570, -275, -290, 566, -614, -712, -766, -551, -102, 190, 
-14, 541, 556, -263, -285, 549, -614, -692, -756, -566, -122, 180, 
-43, 522, 566, -239, -305, 544, -610, -683, -761, -590, -161, 165, 
-58, 531, 590, -236, -324, 561, -610, -692, -775, -624, -190, 146, 
-53, 546, 600, -246, -326, 573, -610, -688, -780, -634, -204, 141, 
-63, 541, 605, -239, -334, 573, -614, -688, -775, -644, -214, 146, 
-63, 541, 605, -239, -334, 573, -644, -707, -775, -644, -214, 136, 
-63, 541, 605, -239, -334, 573, -658, -717, -761, -634, -209, 141, 
-63, 551, 614, -244, -339, 583, -653, -707, -712, -605, -185, 161, 
-48, 580, 629, -265, -339, 605, -644, -692, -673, -570, -151, 180, 
-43, 590, 634, -273, -339, 612, -644, -678, -624, -546, -126, 190, 
-43, 575, 619, -265, -331, 597, -629, -639, -566, -522, -122, 190, 
-29, 556, 585, -263, -307, 570, -605, -590, -507, -507, -112, 180, 
-9, 541, 551, -265, -280, 546, -575, -541, -444, -492, -112, 175, 
19, 546, 527, -283, -253, 536, -561, -497, -366, -473, -107, 165, 
43, 536, 492, -290, -224, 514, -546, -444, -312, -453, -92, 146, 
68, 502, 434, -285, -183, 468, -522, -419, -273, -429, -78, 131, 
68, 473, 405, -270, -168, 439, -502, -390, -234, -424, -68, 122, 
63, 448, 385, -256, -161, 417, -492, -366, -204, -405, -53, 117, 
78, 448, 370, -263, -146, 409, -473, -341, -180, -395, -39, 107, 
82, 444, 361, -263, -139, 402, -468, -317, -151, -370, -29, 112, 
68, 429, 361, -248, -146, 395, -444, -287, -112, -351, -19, 107, 
58, 405, 346, -231, -143, 375, -434, -263, -82, -351, -14, 92, 
78, 395, 317, -236, -119, 356, -405, -224, -34, -326, -9, 82, 
97, 395, 297, -246, -100, 346, -385, -175, 24, -292, 14, 78, 
112, 395, 283, -253, -85, 339, -370, -141, 73, -268, 34, 78, 
122, 385, 263, -253, -70, 324, -351, -107, 112, -248, 53, 68, 
117, 366, 248, -241, -65, 307, -331, -73, 146, -229, 68, 63, 
131, 366, 234, -248, -51, 300, -326, -48, 161, -229, 68, 58, 
161, 366, 204, -263, -21, 285, -317, -29, 180, -219, 82, 48, 
175, 361, 185, -268, -4, 273, -297, -19, 195, -200, 92, 53, 
170, 356, 185, -263, -7, 270, -287, -9, 219, -180, 117, 53, 
175, 361, 185, -268, -4, 273, -278, 0, 244, -151, 136, 58, 
214, 380, 165, -297, 24, 273, -283, 19, 273, -126, 156, 63, 
239, 405, 165, -322, 36, 285, -268, 39, 312, -102, 185, 73, 
253, 419, 165, -336, 43, 292, -263, 58, 331, -78, 200, 87, 
263, 419, 156, -341, 53, 287, -253, 82, 356, -53, 214, 102, 
263, 409, 146, -336, 58, 278, -258, 102, 375, -48, 224, 97, 
273, 414, 141, -344, 65, 278, -248, 112, 380, -53, 229, 87, 
307, 434, 126, -370, 90, 280, -244, 122, 375, -58, 234, 92, 
302, 409, 107, -356, 97, 258, -219, 136, 385, -58, 239, 87, 
278, 385, 107, -331, 85, 246, -209, 151, 400, -43, 234, 68, 
268, 375, 107, -322, 80, 241, -200, 161, 409, -34, 244, 68, 
278, 375, 97, -326, 90, 236, -190, 170, 429, -14, 253, 68, 
287, 385, 97, -336, 95, 241, -170, 190, 458, 14, 273, 78, 
283, 395, 112, -339, 85, 253, -156, 214, 488, 29, 287, 87, 
278, 380, 102, -329, 87, 241, -151, 234, 502, 29, 278, 87, 
278, 375, 97, -326, 90, 236, -141, 248, 517, 24, 283, 87, 
287, 380, 92, -334, 97, 236, -131, 253, 517, 24, 283, 82, 
287, 375, 87, -331, 100, 231, -126, 253, 517, 19, 278, 82, 
287, 366, 78, -326, 104, 222, -117, 258, 517, 14, 273, 78, 
278, 351, 73, -314, 102, 212, -107, 268, 512, 19, 273, 78, 
278, 351, 73, -314, 102, 212, -102, 268, 512, 24, 278, 78, 
283, 351, 68, -317, 107, 209, -102, 273, 522, 24, 278, 78, 
283, 351, 68, -317, 107, 209, -102, 283, 531, 29, 283, 78, 
273, 341, 68, -307, 102, 204, -92, 283, 541, 39, 287, 68, 
273, 341, 68, -307, 102, 204, -92, 287, 541, 43, 297, 68, 
273, 341, 68, -307, 102, 204, -87, 287, 551, 43, 302, 68, 
278, 346, 68, -312, 104, 207, -87, 287, 551, 43, 307, 68, 
283, 356, 73, -319, 104, 214, -87, 297, 551, 34, 307, 73, 
287, 356, 68, -322, 109, 212, -87, 297, 551, 34, 302, 73, 
287, 356, 68, -322, 109, 212, -87, 297, 551, 34, 302, 73, 
292, 356, 63, -324, 114, 209, -87, 292, 556, 43, 297, 78, 
283, 370, 87, -326, 97, 229, -92, 292, 566, 53, 312, 82, 
287, 380, 92, -334, 97, 236, -92, 302, 570, 58, 312, 82, 
287, 380, 92, -334, 97, 236, -87, 302, 570, 58, 317, 82, 
287, 375, 87, -331, 100, 231, -87, 307, 575, 63, 322, 82, 
292, 370, 78, -331, 107, 224, -78, 307, 590, 53, 322, 87, 
292, 370, 78, -331, 107, 224, -73, 312, 590, 58, 322, 87, 
297, 366, 68, -331, 114, 217, -73, 312, 595, 58, 326, 92, 
297, 361, 63, -329, 117, 212, -73, 312, 595, 58, 326, 92, 
297, 351, 53, -324, 122, 202, -82, 302, 590, 63, 336, 82, 
297, 356, 58, -326, 119, 207, -82, 307, 590, 73, 336, 82, 
302, 361, 58, -331, 122, 209, -82, 312, 590, 78, 336, 87, 
302, 361, 58, -331, 122, 209, -82, 312, 585, 78, 336, 92, 
297, 370, 73, -334, 112, 222, -87, 317, 600, 78, 336, 92, 
302, 370, 68, -336, 117, 219, -87, 317, 605, 82, 341, 92, 
302, 380, 78, -341, 112, 229, -82, 317, 610, 87, 341, 97, 
307, 380, 73, -344, 117, 226, -82, 317, 614, 87, 341, 102, 
312, 390, 78, -351, 117, 234, -82, 331, 619, 102, 361, 102, 
317, 390, 73, -353, 122, 231, -82, 331, 619, 102, 366, 107, 
322, 390, 68, -356, 126, 229, -78, 331, 624, 107, 370, 107, 
336, 405, 68, -370, 134, 236, -78, 331, 629, 112, 375, 107, 
331, 405, 73, -368, 129, 239, -73, 326, 634, 102, 366, 97, 
336, 400, 63, -368, 136, 231, -73, 331, 639, 112, 370, 102, 
336, 395, 58, -366, 139, 226, -73, 331, 644, 112, 375, 102, 
341, 385, 43, -363, 148, 214, -73, 331, 649, 117, 380, 102, 
351, 395, 43, -373, 153, 219, -73, 341, 653, 131, 390, 112, 
361, 400, 39, -380, 161, 219, -73, 341, 658, 136, 395, 112, 
366, 405, 39, -385, 163, 222, -73, 346, 663, 141, 400, 112, 
366, 414, 48, -390, 158, 231, -73, 351, 668, 146, 405, 117, 
366, 429, 63, -397, 151, 246, -73, 341, 673, 151, 409, 131, 
370, 439, 68, -405, 151, 253, -82, 346, 678, 161, 419, 136, 
375, 448, 73, -412, 151, 261, -82, 346, 678, 165, 424, 141, 
375, 458, 82, -417, 146, 270, -82, 346, 683, 165, 424, 146, 
370, 448, 78, -409, 146, 263, -73, 356, 697, 165, 429, 146, 
375, 444, 68, -409, 153, 256, -73, 356, 702, 180, 434, 141, 
380, 444, 63, -412, 158, 253, -73, 356, 707, 185, 444, 141, 
385, 444, 58, -414, 163, 251, -73, 356, 707, 190, 444, 136, 
395, 448, 53, -422, 170, 251, -63, 356, 712, 180, 439, 136, 
395, 453, 58, -424, 168, 256, -68, 361, 722, 185, 444, 136, 
400, 453, 53, -427, 173, 253, -87, 366, 727, 190, 444, 136, 
405, 458, 53, -431, 175, 256, -87, 375, 727, 195, 453, 141, 
409, 473, 63, -441, 173, 268, -78, 380, 732, 214, 468, 146, 
419, 492, 73, -456, 173, 283, -78, 380, 736, 224, 478, 161, 
419, 507, 87, -463, 165, 297, -78, 375, 741, 234, 488, 170, 
419, 522, 102, -470, 158, 312, -82, 375, 746, 239, 502, 175, 
424, 512, 87, -468, 168, 300, -73, 380, 751, 234, 497, 170, 
434, 512, 78, -473, 178, 295, -78, 375, 756, 239, 502, 170, 
439, 512, 73, -475, 183, 292, -78, 370, 766, 244, 507, 170, 
439, 507, 68, -473, 185, 287, -82, 370, 780, 248, 512, 175, 
439, 512, 73, -475, 183, 292, -87, 370, 775, 263, 517, 180, 
444, 522, 78, -483, 183, 300, -92, 375, 780, 273, 522, 200, 
453, 531, 78, -492, 187, 305, -97, 375, 780, 273, 522, 204, 
458, 541, 82, -500, 187, 312, -102, 375, 780, 278, 527, 209, 
463, 546, 82, -505, 190, 314, -107, 370, 780, 292, 536, 219, 
463, 551, 87, -507, 187, 319, -112, 366, 780, 292, 546, 219, 
473, 561, 87, -517, 192, 324, -112, 361, 780, 292, 551, 224, 
478, 570, 92, -524, 192, 331, -117, 351, 785, 292, 561, 224, 
478, 561, 82, -519, 197, 322, -136, 336, 775, 302, 551, 224, 
478, 561, 82, -519, 197, 322, -141, 331, 771, 302, 551, 224, 
478, 561, 82, -519, 197, 322, -156, 317, 761, 302, 551, 224, 
478, 561, 82, -519, 197, 322, -161, 312, 756, 297, 551, 229, 
483, 580, 97, -531, 192, 339, -180, 292, 741, 287, 546, 234, 
483, 580, 97, -531, 192, 339, -185, 287, 727, 283, 551, 234, 
483, 570, 87, -527, 197, 329, -195, 287, 722, 278, 556, 234, 
473, 570, 97, -522, 187, 334, -200, 287, 702, 278, 561, 234, 
488, 580, 92, -534, 197, 336, -209, 278, 697, 278, 556, 234, 
497, 595, 97, -546, 200, 346, -219, 278, 697, 273, 551, 234, 
502, 605, 102, -553, 200, 353, -219, 268, 697, 268, 546, 234, 
497, 614, 117, -556, 190, 366, -214, 263, 688, 268, 541, 229, 
492, 605, 112, -549, 190, 358, -224, 253, 673, 268, 536, 219, 
492, 600, 107, -546, 192, 353, -224, 248, 663, 258, 527, 219, 
492, 585, 92, -539, 200, 339, -224, 248, 653, 253, 517, 219, 
488, 580, 92, -534, 197, 336, -224, 239, 649, 244, 512, 219, 
488, 580, 92, -534, 197, 336, -224, 239, 639, 239, 512, 229, 
473, 580, 107, -527, 183, 344, -224, 234, 634, 234, 507, 229, 
468, 580, 112, -524, 178, 346, -224, 234, 629, 229, 497, 229, 
468, 580, 112, -524, 178, 346, -224, 229, 624, 214, 492, 224, 
453, 575, 122, -514, 165, 348, -224, 234, 614, 204, 478, 229, 
439, 566, 126, -502, 156, 346, -219, 229, 605, 195, 473, 224, 
429, 561, 131, -495, 148, 346, -219, 229, 590, 185, 463, 219, 
419, 556, 136, -488, 141, 346, -214, 224, 580, 180, 453, 214, 
419, 536, 117, -478, 151, 326, -209, 219, 570, 165, 444, 200, 
409, 531, 122, -470, 143, 326, -209, 219, 556, 146, 429, 195, 
405, 522, 117, -463, 143, 319, -204, 214, 551, 136, 414, 195, 
390, 507, 117, -448, 136, 312, -200, 209, 541, 122, 400, 190, 
390, 507, 117, -448, 136, 312, -209, 200, 536, 112, 400, 190, 
380, 512, 131, -446, 124, 322, -209, 195, 522, 107, 395, 185, 
375, 512, 136, -444, 119, 324, -204, 195, 522, 97, 385, 180, 
361, 497, 136, -429, 112, 317, -195, 200, 517, 97, 380, 175, 
346, 473, 126, -409, 109, 300, -190, 209, 507, 82, 366, 161, 
341, 468, 126, -405, 107, 297, -180, 209, 497, 78, 351, 156, 
341, 458, 117, -400, 112, 287, -175, 209, 497, 68, 341, 156, 
336, 453, 117, -395, 109, 285, -165, 209, 497, 63, 336, 151, 
326, 439, 112, -383, 107, 275, -165, 209, 492, 48, 326, 136, 
317, 429, 112, -373, 102, 270, -165, 204, 492, 43, 312, 131, 
302, 424, 122, -363, 90, 273, -165, 204, 492, 39, 312, 126, 
297, 414, 117, -356, 90, 265, -165, 204, 492, 34, 297, 122, 
302, 400, 97, -351, 102, 248, -156, 214, 497, 14, 287, 107, 
292, 390, 97, -341, 97, 244, -151, 219, 492, 14, 283, 107, 
283, 380, 97, -331, 92, 239, -146, 224, 488, 14, 278, 107, 
283, 380, 97, -331, 92, 239, -146, 224, 488, 14, 273, 107, 
273, 385, 112, -329, 80, 248, -136, 214, 488, 14, 283, 112, 
268, 385, 117, -326, 75, 251, -131, 214, 473, 9, 278, 117, 
268, 390, 122, -329, 73, 256, -131, 214, 473, 4, 278, 112, 
268, 395, 126, -331, 70, 261, -131, 214, 478, 0, 278, 107, 
263, 380, 117, -322, 73, 248, -122, 219, 488, -9, 263, 97, 
263, 380, 117, -322, 73, 248, -117, 224, 488, -9, 258, 92, 
263, 375, 112, -319, 75, 244, -107, 229, 488, -9, 258, 87, 
258, 370, 112, -314, 73, 241, -107, 234, 488, -9, 258, 87, 
263, 351, 87, -307, 87, 219, -117, 224, 488, -4, 268, 87, 
263, 351, 87, -307, 87, 219, -112, 224, 483, -4, 268, 87, 
263, 356, 92, -309, 85, 224, -112, 224, 478, -9, 263, 87, 
263, 366, 102, -314, 80, 234, -112, 224, 473, -14, 263, 87, 
248, 356, 107, -302, 70, 231, -112, 214, 473, -4, 273, 87, 
239, 351, 112, -295, 63, 231, -112, 214, 473, -4, 273, 87, 
234, 351, 117, -292, 58, 234, -117, 214, 473, -9, 273, 87, 
234, 356, 122, -295, 56, 239, -117, 214, 473, -9, 268, 87, 
239, 346, 107, -292, 65, 226, -107, 224, 478, -19, 253, 73, 
239, 336, 97, -287, 70, 217, -107, 224, 478, -19, 248, 73, 
229, 331, 102, -280, 63, 217, -102, 224, 478, -19, 248, 73, 
229, 331, 102, -280, 63, 217, -92, 229, 478, -24, 253, 73, 
244, 346, 102, -295, 70, 224, -102, 239, 488, -24, 244, 73, 
244, 346, 102, -295, 70, 224, -107, 234, 488, -24, 244, 73, 
239, 341, 102, -290, 68, 222, -107, 234, 488, -29, 244, 78, 
239, 341, 102, -290, 68, 222, -107, 234, 488, -29, 244, 82, 
229, 346, 117, -287, 56, 231, -97, 234, 488, -19, 253, 92, 
234, 356, 122, -295, 56, 239, -97, 234, 488, -14, 258, 92, 
234, 366, 131, -300, 51, 248, -97, 234, 488, -9, 263, 92, 
234, 370, 136, -302, 48, 253, -97, 234, 488, 0, 268, 92, 
239, 356, 117, -297, 61, 236, -92, 244, 497, -9, 258, 92, 
239, 356, 117, -297, 61, 236, -97, 244, 502, -9, 258, 92, 
239, 356, 117, -297, 61, 236, -97, 244, 507, -9, 253, 92, 
239, 356, 117, -297, 61, 236, -92, 244, 507, -14, 253, 92, 
239, 356, 117, -297, 61, 236, -92, 234, 497, -14, 253, 82, 
234, 351, 117, -292, 58, 234, -87, 234, 497, 0, 268, 82, 
214, 351, 136, -283, 39, 244, -87, 244, 492, 9, 278, 92, 
224, 356, 131, -290, 46, 244, -87, 244, 502, 9, 268, 92, 
234, 380, 146, -307, 43, 263, -97, 244, 507, 9, 263, 87, 
234, 380, 146, -307, 43, 263, -97, 244, 517, 9, 273, 97, 
234, 380, 146, -307, 43, 263, -97, 244, 517, 9, 273, 97, 
234, 380, 146, -307, 43, 263, -97, 244, 517, 9, 273, 97, 
234, 380, 146, -307, 43, 263, -97, 244, 517, 9, 273, 97, 
234, 375, 141, -305, 46, 258, -97, 244, 527, 4, 273, 102, 
234, 375, 141, -305, 46, 258, -102, 244, 527, 4, 273, 102, 
234, 375, 141, -305, 46, 258, -107, 244, 527, 4, 273, 102, 
234, 375, 141, -305, 46, 258, -107, 244, 527, 4, 268, 102, 
224, 390, 165, -307, 29, 278, -126, 229, 517, 19, 278, 102, 
224, 390, 165, -307, 29, 278, -126, 214, 512, 19, 278, 102, 
224, 390, 165, -307, 29, 278, -126, 209, 507, 14, 278, 102, 
224, 385, 161, -305, 31, 273, -126, 204, 507, 14, 278, 102, 
224, 385, 161, -305, 31, 273, -136, 190, 492, 9, 278, 117, 
224, 390, 165, -307, 29, 278, -146, 185, 483, 9, 278, 117, 
224, 395, 170, -309, 26, 283, -165, 180, 478, 14, 278, 117, 
224, 400, 175, -312, 24, 287, -175, 175, 473, 14, 278, 117, 
224, 390, 165, -307, 29, 278, -185, 156, 463, 14, 278, 117, 
224, 390, 165, -307, 29, 278, -190, 156, 463, 14, 278, 117, 
224, 390, 165, -307, 29, 278, -195, 161, 463, 14, 278, 117, 
224, 390, 165, -307, 29, 278, -200, 161, 458, 14, 278, 117, 
234, 400, 165, -317, 34, 283, -200, 170, 468, 14, 278, 107, 
239, 400, 161, -319, 39, 280, -200, 170, 473, 14, 278, 107, 
244, 400, 156, -322, 43, 278, -200, 165, 473, 14, 278, 107, 
244, 400, 156, -322, 43, 278, -204, 165, 468, 14, 278, 107, 
244, 400, 156, -322, 43, 278, -209, 170, 473, 0, 268, 117, 
244, 400, 156, -322, 43, 278, -209, 170, 473, 0, 268, 112, 
244, 400, 156, -322, 43, 278, -204, 175, 473, 0, 263, 112, 
234, 390, 156, -312, 39, 273, -200, 180, 473, 0, 263, 112, 
244, 390, 146, -317, 48, 268, -200, 190, 483, 14, 278, 102, 
244, 390, 146, -317, 48, 268, -200, 185, 483, 14, 278, 102, 
244, 390, 146, -317, 48, 268, -195, 185, 483, 14, 278, 107, 
244, 385, 141, -314, 51, 263, -190, 185, 483, 14, 278, 107, 
244, 380, 136, -312, 53, 258, -200, 185, 473, 14, 283, 107, 
244, 390, 146, -317, 48, 268, -195, 185, 473, 19, 283, 112, 
244, 405, 161, -324, 41, 283, -190, 185, 473, 24, 283, 117, 
244, 414, 170, -329, 36, 292, -180, 185, 473, 24, 283, 117, 
234, 395, 161, -314, 36, 278, -170, 190, 483, 9, 278, 112, 
229, 385, 156, -307, 36, 270, -170, 195, 483, 9, 273, 112, 
229, 380, 151, -305, 39, 265, -170, 200, 483, 9, 268, 112, 
234, 385, 151, -309, 41, 268, -170, 204, 483, 14, 263, 112, 
234, 370, 136, -302, 48, 253, -161, 219, 488, 4, 273, 97, 
229, 361, 131, -295, 48, 246, -156, 224, 492, 0, 263, 97, 
214, 351, 136, -283, 39, 244, -151, 224, 497, 0, 263, 97, 
224, 346, 122, -285, 51, 234, -141, 224, 502, 0, 263, 97, 
229, 351, 122, -290, 53, 236, -151, 224, 492, 9, 273, 97, 
229, 351, 122, -290, 53, 236, -151, 229, 492, 9, 273, 97, 
224, 341, 117, -283, 53, 229, -141, 229, 492, 9, 278, 97, 
224, 336, 112, -280, 56, 224, -141, 229, 492, 9, 278, 97, 
224, 346, 122, -285, 51, 234, -131, 219, 502, 0, 273, 97, 
224, 346, 122, -285, 51, 234, -136, 219, 502, 0, 268, 97, 
224, 346, 122, -285, 51, 234, -136, 219, 502, 0, 263, 97, 
219, 341, 122, -280, 48, 231, -136, 224, 502, 0, 258, 97, 
214, 331, 117, -273, 48, 224, -117, 234, 497, -4, 258, 92, 
214, 331, 117, -273, 48, 224, -117, 234, 497, -4, 258, 87, 
219, 331, 112, -275, 53, 222, -117, 234, 497, -4, 258, 82, 
219, 331, 112, -275, 53, 222, -117, 229, 497, -4, 258, 73, 
214, 326, 112, -270, 51, 219, -126, 229, 488, -4, 258, 78, 
209, 326, 117, -268, 46, 222, -126, 229, 488, -4, 258, 82, 
204, 326, 122, -265, 41, 224, -126, 229, 488, -4, 258, 87, 
200, 331, 131, -265, 34, 231, -126, 229, 488, -4, 258, 92, 
190, 326, 136, -258, 26, 231, -117, 234, 497, -14, 253, 82, 
190, 322, 131, -256, 29, 226, -117, 234, 497, -14, 253, 82, 
185, 317, 131, -251, 26, 224, -117, 234, 497, -14, 258, 82, 
185, 312, 126, -248, 29, 219, -117, 234, 497, -14, 258, 82, 
195, 322, 126, -258, 34, 224, -122, 229, 488, -4, 258, 92, 
200, 326, 126, -263, 36, 226, -126, 219, 488, -4, 258, 87, 
204, 331, 126, -268, 39, 229, -131, 214, 488, -4, 258, 87, 
209, 336, 126, -273, 41, 231, -136, 209, 488, -4, 258, 87, 
209, 331, 122, -270, 43, 226, -126, 219, 497, -9, 258, 87, 
209, 331, 122, -270, 43, 226, -126, 219, 497, -9, 258, 87, 
209, 331, 122, -270, 43, 226, -126, 219, 497, -9, 258, 92, 
209, 331, 122, -270, 43, 226, -126, 219, 497, -9, 258, 92, 
200, 331, 131, -265, 34, 231, -122, 214, 492, -9, 258, 92, 
200, 331, 131, -265, 34, 231, -122, 214, 492, -9, 258, 92, 
200, 341, 141, -270, 29, 241, -126, 204, 483, -9, 258, 92, 
200, 341, 141, -270, 29, 241, -126, 200, 473, -9, 258, 92, 
200, 326, 126, -263, 36, 226, -136, 204, 473, -19, 248, 73, 
200, 307, 107, -253, 46, 207, -131, 204, 468, -19, 244, 73, 
204, 317, 112, -261, 46, 214, -131, 200, 473, -19, 239, 78, 
214, 331, 117, -273, 48, 224, -141, 185, 468, -14, 248, 82, 
224, 341, 117, -283, 53, 229, -156, 185, 473, -14, 253, 78, 
214, 331, 117, -273, 48, 224, -165, 185, 473, -4, 258, 87, 
209, 346, 136, -278, 36, 241, -165, 180, 463, 0, 273, 107, 
219, 356, 136, -287, 41, 246, -175, 161, 439, 0, 283, 117, 
239, 375, 136, -307, 51, 256, -200, 126, 390, -19, 273, 117, 
234, 375, 141, -305, 46, 258, -229, 63, 312, -53, 248, 122, 
229, 385, 156, -307, 36, 270, -263, -4, 219, -73, 248, 131, 
224, 414, 190, -319, 17, 302, -297, -87, 151, -82, 248, 161, 
219, 439, 219, -329, 0, 329, -336, -161, 63, -117, 224, 170, 
209, 448, 239, -329, -14, 344, -380, -229, -29, -185, 165, 161, 
190, 448, 258, -319, -34, 353, -419, -297, -117, -248, 126, 151, 
170, 453, 283, -312, -56, 368, -444, -346, -180, -278, 97, 161, 
136, 453, 317, -295, -90, 385, -463, -375, -239, -312, 68, 165, 
126, 468, 341, -297, -107, 405, -478, -409, -283, -331, 53, 170, 
117, 497, 380, -307, -131, 439, -492, -439, -317, -341, 53, 180, 
92, 512, 419, -302, -163, 466, -502, -478, -370, -356, 48, 200, 
43, 517, 473, -280, -214, 495, -527, -531, -444, -375, 29, 209, 
24, 536, 512, -280, -244, 524, -546, -580, -507, -405, -4, 204, 
9, 541, 531, -275, -261, 536, -566, -624, -570, -453, -53, 195, 
-14, 541, 556, -263, -285, 549, -600, -663, -649, -512, -102, 185, 
-34, 551, 585, -258, -309, 568, -634, -702, -697, -556, -146, 180, 
-58, 561, 619, -251, -339, 590, -653, -722, -727, -590, -170, 180, 
-73, 570, 644, -248, -358, 607, -663, -722, -727, -614, -190, 180, 
-102, 561, 663, -229, -383, 612, -658, -712, -722, -629, -209, 185, 
-126, 551, 678, -212, -402, 614, -668, -712, -736, -653, -229, 185, 
-161, 536, 697, -187, -429, 617, -668, -727, -741, -673, -253, 180, 
-170, 522, 692, -175, -431, 607, -673, -736, -756, -692, -273, 156, 
-180, 522, 702, -170, -441, 612, -683, -736, -756, -692, -283, 156, 
-170, 541, 712, -185, -441, 627, -707, -746, -751, -673, -268, 161, 
-151, 570, 722, -209, -436, 646, -732, -756, -732, -644, -244, 180, 
-126, 600, 727, -236, -427, 663, -751, -761, -712, -619, -229, 190, 
-122, 600, 722, -239, -422, 661, -771, -756, -673, -614, -224, 200, 
-112, 595, 707, -241, -409, 651, -756, -717, -605, -590, -209, 200, 
-68, 585, 653, -258, -361, 619, -712, -649, -527, -556, -190, 190, 
-39, 561, 600, -261, -319, 580, -683, -580, -444, -522, -170, 165, 
-29, 527, 556, -248, -292, 541, -649, -527, -366, -492, -156, 156, 
-24, 488, 512, -231, -268, 500, -614, -483, -302, -473, -131, 146, 
-9, 453, 463, -222, -236, 458, -580, -429, -253, -448, -126, 141, 
0, 424, 424, -212, -212, 424, -551, -390, -204, -434, -107, 122, 
14, 429, 414, -222, -200, 422, -522, -346, -165, -405, -82, 117, 
19, 419, 400, -219, -190, 409, -483, -302, -131, -385, -68, 107, 
24, 385, 361, -204, -168, 373, -458, -268, -92, -380, -68, 82, 
29, 361, 331, -195, -151, 346, -434, -239, -53, -370, -68, 68, 
48, 356, 307, -202, -129, 331, -414, -204, -4, -341, -63, 53, 
48, 346, 297, -197, -124, 322, -395, -165, 53, -317, -48, 53, 
48, 326, 278, -187, -114, 302, -375, -126, 102, -302, -34, 48, 
63, 326, 263, -195, -100, 295, -351, -92, 151, -268, -14, 48, 
63, 326, 263, -195, -100, 295, -331, -68, 190, -239, 24, 58, 
58, 326, 268, -192, -104, 297, -312, -43, 214, -219, 58, 63, 
73, 317, 244, -195, -85, 280, -278, -19, 229, -200, 68, 58, 
92, 317, 224, -204, -65, 270, -268, 9, 248, -190, 73, 48, 
107, 312, 204, -209, -48, 258, -258, 19, 263, -190, 82, 53, 
122, 326, 204, -224, -41, 265, -248, 29, 278, -170, 87, 53, 
156, 322, 165, -239, -4, 244, -248, 48, 312, -141, 97, 48, 
175, 331, 156, -253, 9, 244, -244, 68, 341, -117, 126, 53, 
170, 326, 156, -248, 7, 241, -239, 87, 370, -102, 136, 63, 
185, 331, 146, -258, 19, 239, -234, 97, 400, -78, 151, 68, 
185, 341, 156, -263, 14, 248, -224, 122, 414, -63, 175, 82, 
195, 341, 146, -268, 24, 244, -209, 131, 424, -58, 195, 78, 
204, 346, 141, -275, 31, 244, -200, 141, 429, -53, 200, 78, 
209, 346, 136, -278, 36, 241, -185, 161, 434, -39, 204, 82, 
214, 322, 107, -268, 53, 214, -170, 165, 444, -39, 209, 68, 
219, 307, 87, -263, 65, 197, -161, 180, 458, -34, 204, 68, 
219, 307, 87, -263, 65, 197, -151, 200, 478, -14, 214, 68, 
219, 317, 97, -268, 61, 207, -141, 219, 507, -4, 224, 68, 
219, 317, 97, -268, 61, 207, -131, 229, 536, 4, 224, 68, 
214, 307, 92, -261, 61, 200, -126, 244, 546, 9, 229, 68, 
209, 302, 92, -256, 58, 197, -112, 253, 561, 19, 239, 68, 
209, 312, 102, -261, 53, 207, -107, 258, 556, 19, 258, 73, 
219, 322, 102, -270, 58, 212, -102, 263, 556, 24, 263, 73, 
219, 322, 102, -270, 58, 212, -102, 263, 556, 24, 263, 78, 
219, 317, 97, -268, 61, 207, -97, 268, 556, 24, 263, 78, 
219, 322, 102, -270, 58, 212, -107, 268, 561, 39, 273, 87, 
219, 322, 102, -270, 58, 212, -102, 268, 561, 43, 278, 87, 
224, 322, 97, -273, 63, 209, -102, 273, 570, 43, 278, 87, 
224, 322, 97, -273, 63, 209, -102, 283, 580, 48, 283, 87, 
214, 322, 107, -268, 53, 214, -102, 273, 580, 48, 283, 87, 
214, 322, 107, -268, 53, 214, -102, 278, 580, 53, 287, 87, 
214, 322, 107, -268, 53, 214, -97, 278, 590, 53, 287, 87, 
219, 326, 107, -273, 56, 217, -97, 278, 590, 53, 287, 87, 
229, 326, 97, -278, 65, 212, -97, 278, 590, 53, 283, 92, 
229, 326, 97, -278, 65, 212, -97, 278, 590, 53, 283, 92, 
224, 326, 102, -275, 61, 214, -97, 278, 590, 53, 287, 92, 
224, 326, 102, -275, 61, 214, -97, 273, 595, 63, 287, 97, 
224, 331, 107, -278, 58, 219, -102, 263, 595, 63, 292, 102, 
229, 341, 112, -285, 58, 226, -102, 273, 600, 68, 292, 102, 
229, 341, 112, -285, 58, 226, -97, 273, 600, 68, 297, 102, 
229, 336, 107, -283, 61, 222, -97, 278, 605, 73, 302, 102, 
234, 336, 102, -285, 65, 219, -97, 278, 610, 73, 302, 107, 
234, 341, 107, -287, 63, 224, -92, 283, 610, 78, 302, 107, 
239, 341, 102, -290, 68, 222, -92, 283, 614, 78, 307, 112, 
239, 341, 102, -290, 68, 222, -92, 283, 614, 78, 307, 112, 
239, 341, 102, -290, 68, 222, -102, 283, 624, 82, 326, 112, 
239, 346, 107, -292, 65, 226, -102, 287, 629, 92, 326, 112, 
244, 351, 107, -297, 68, 229, -102, 292, 634, 97, 326, 117, 
244, 351, 107, -297, 68, 229, -102, 292, 634, 97, 326, 122, 
248, 351, 102, -300, 73, 226, -107, 287, 629, 87, 326, 122, 
253, 351, 97, -302, 78, 224, -107, 287, 634, 92, 331, 122, 
253, 361, 107, -307, 73, 234, -102, 287, 639, 97, 331, 126, 
258, 361, 102, -309, 78, 231, -102, 287, 644, 97, 331, 131, 
248, 370, 122, -309, 63, 246, -102, 302, 649, 112, 331, 131, 
248, 370, 122, -309, 63, 246, -102, 302, 649, 112, 336, 136, 
248, 370, 122, -309, 63, 246, -97, 302, 653, 117, 341, 136, 
258, 385, 126, -322, 65, 256, -97, 302, 658, 122, 346, 136, 
273, 380, 107, -326, 82, 244, -112, 297, 663, 122, 351, 136, 
278, 380, 102, -329, 87, 241, -112, 302, 668, 131, 361, 141, 
278, 380, 102, -329, 87, 241, -112, 302, 673, 131, 370, 141, 
283, 375, 92, -329, 95, 234, -112, 302, 678, 136, 380, 141, 
273, 375, 102, -324, 85, 239, -102, 302, 683, 141, 370, 141, 
283, 380, 97, -331, 92, 239, -102, 302, 688, 146, 375, 141, 
287, 385, 97, -336, 95, 241, -102, 307, 692, 151, 380, 141, 
287, 395, 107, -341, 90, 251, -102, 312, 697, 156, 385, 146, 
287, 405, 117, -346, 85, 261, -102, 322, 712, 161, 390, 151, 
292, 409, 117, -351, 87, 263, -112, 326, 717, 170, 400, 156, 
297, 414, 117, -356, 90, 265, -112, 326, 717, 175, 405, 161, 
297, 419, 122, -358, 87, 270, -112, 326, 722, 175, 405, 165, 
302, 414, 112, -358, 95, 263, -102, 326, 736, 180, 419, 170, 
307, 414, 107, -361, 100, 261, -102, 326, 741, 200, 424, 170, 
312, 419, 107, -366, 102, 263, -102, 326, 746, 209, 434, 175, 
317, 424, 107, -370, 104, 265, -102, 326, 746, 219, 434, 175, 
326, 434, 107, -380, 109, 270, -102, 331, 751, 219, 448, 185, 
326, 444, 117, -385, 104, 280, -107, 331, 761, 224, 453, 185, 
331, 448, 117, -390, 107, 283, -126, 331, 766, 229, 453, 185, 
336, 458, 122, -397, 107, 290, -126, 336, 766, 234, 463, 190, 
346, 473, 126, -409, 109, 300, -117, 341, 780, 248, 463, 190, 
361, 483, 122, -422, 119, 302, -117, 341, 785, 253, 468, 200, 
366, 488, 122, -427, 122, 305, -117, 336, 790, 258, 473, 204, 
370, 492, 122, -431, 124, 307, -122, 336, 795, 258, 483, 204, 
375, 492, 117, -434, 129, 305, -122, 341, 805, 263, 488, 219, 
385, 502, 117, -444, 134, 309, -126, 336, 805, 268, 492, 219, 
390, 512, 122, -451, 134, 317, -126, 331, 810, 273, 497, 219, 
390, 517, 126, -453, 131, 322, -131, 331, 819, 278, 502, 224, 
390, 507, 117, -448, 136, 312, -141, 317, 810, 273, 497, 214, 
395, 512, 117, -453, 139, 314, -151, 317, 810, 283, 502, 229, 
405, 517, 112, -461, 146, 314, -161, 312, 805, 283, 502, 229, 
409, 522, 112, -466, 148, 317, -170, 307, 800, 287, 507, 229, 
414, 531, 117, -473, 148, 324, -185, 302, 790, 283, 502, 229, 
414, 531, 117, -473, 148, 324, -190, 297, 780, 283, 507, 229, 
424, 536, 112, -480, 156, 324, -190, 292, 771, 283, 507, 234, 
429, 541, 112, -485, 158, 326, -195, 283, 766, 283, 512, 234, 
439, 541, 102, -490, 168, 322, -209, 273, 766, 283, 512, 234, 
439, 541, 102, -490, 168, 322, -209, 273, 761, 283, 512, 234, 
439, 541, 102, -490, 168, 322, -219, 263, 751, 283, 512, 234, 
439, 541, 102, -490, 168, 322, -219, 263, 746, 278, 512, 239, 
448, 561, 112, -505, 168, 336, -224, 258, 756, 278, 512, 244, 
453, 561, 107, -507, 173, 334, -224, 258, 746, 273, 512, 244, 
458, 551, 92, -505, 183, 322, -229, 263, 746, 268, 512, 244, 
453, 551, 97, -502, 178, 324, -229, 268, 732, 268, 512, 244, 
453, 561, 107, -507, 173, 334, -219, 268, 732, 268, 517, 244, 
458, 566, 107, -512, 175, 336, -229, 268, 727, 263, 512, 244, 
458, 566, 107, -512, 175, 336, -229, 258, 722, 258, 507, 244, 
448, 566, 117, -507, 165, 341, -224, 253, 707, 258, 502, 239, 
439, 556, 117, -497, 161, 336, -209, 248, 692, 244, 488, 234, 
434, 551, 117, -492, 158, 334, -204, 248, 683, 229, 478, 229, 
429, 536, 107, -483, 161, 322, -200, 253, 673, 219, 468, 224, 
419, 531, 112, -475, 153, 322, -195, 248, 668, 204, 463, 219, 
409, 517, 107, -463, 151, 312, -185, 248, 668, 200, 453, 219, 
395, 512, 117, -453, 139, 314, -185, 244, 663, 195, 448, 219, 
390, 507, 117, -448, 136, 312, -185, 244, 658, 190, 439, 219, 
390, 502, 112, -446, 139, 307, -185, 239, 653, 175, 434, 214, 
375, 497, 122, -436, 126, 309, -185, 234, 634, 165, 409, 200, 
361, 488, 126, -424, 117, 307, -180, 229, 624, 156, 405, 195, 
351, 483, 131, -417, 109, 307, -180, 229, 610, 146, 395, 190, 
341, 478, 136, -409, 102, 307, -175, 224, 600, 141, 385, 185, 
331, 463, 131, -397, 100, 297, -170, 219, 605, 122, 380, 190, 
322, 463, 141, -392, 90, 302, -170, 219, 595, 107, 370, 185, 
317, 458, 141, -387, 87, 300, -165, 214, 595, 102, 361, 185, 
302, 448, 146, -375, 78, 297, -161, 209, 590, 92, 351, 180, 
297, 434, 136, -366, 80, 285, -161, 219, 585, 82, 341, 170, 
292, 434, 141, -363, 75, 287, -161, 214, 570, 78, 336, 165, 
292, 429, 136, -361, 78, 283, -156, 214, 570, 68, 326, 161, 
283, 409, 126, -346, 78, 268, -146, 219, 566, 68, 322, 156, 
268, 395, 126, -331, 70, 261, -146, 209, 556, 53, 312, 151, 
263, 400, 136, -331, 63, 268, -141, 209, 546, 48, 302, 146, 
263, 400, 136, -331, 63, 268, -141, 209, 546, 39, 297, 146, 
258, 405, 146, -331, 56, 275, -136, 209, 546, 34, 297, 141, 
263, 385, 122, -324, 70, 253, -136, 209, 551, 29, 287, 136, 
258, 380, 122, -319, 68, 251, -136, 204, 551, 24, 273, 131, 
248, 380, 131, -314, 58, 256, -136, 204, 551, 19, 273, 126, 
248, 375, 126, -312, 61, 251, -136, 204, 551, 14, 258, 122, 
253, 380, 126, -317, 63, 253, -122, 195, 546, 14, 268, 117, 
244, 370, 126, -307, 58, 248, -122, 200, 541, 14, 263, 117, 
234, 361, 126, -297, 53, 244, -122, 204, 536, 14, 258, 117, 
234, 361, 126, -297, 53, 244, -126, 204, 536, 14, 253, 117, 
224, 361, 136, -292, 43, 248, -117, 204, 536, 4, 244, 107, 
219, 356, 136, -287, 41, 246, -112, 204, 522, 0, 239, 107, 
219, 356, 136, -287, 41, 246, -112, 204, 522, -4, 239, 97, 
219, 356, 136, -287, 41, 246, -112, 204, 527, -9, 239, 87, 
214, 351, 136, -283, 39, 244, -122, 204, 527, -19, 244, 92, 
214, 351, 136, -283, 39, 244, -117, 204, 527, -19, 239, 92, 
214, 346, 131, -280, 41, 239, -107, 204, 527, -19, 239, 92, 
209, 341, 131, -275, 39, 236, -107, 204, 527, -19, 239, 97, 
204, 341, 136, -273, 34, 239, -117, 204, 536, -14, 239, 97, 
204, 341, 136, -273, 34, 239, -112, 204, 531, -14, 239, 97, 
204, 346, 141, -275, 31, 244, -112, 204, 527, -19, 234, 97, 
204, 356, 151, -280, 26, 253, -112, 204, 522, -24, 234, 97, 
195, 351, 156, -273, 19, 253, -102, 214, 531, -14, 234, 87, 
190, 341, 151, -265, 19, 246, -102, 214, 531, -14, 234, 87, 
190, 336, 146, -263, 21, 241, -107, 214, 531, -19, 234, 87, 
195, 336, 141, -265, 26, 239, -107, 214, 531, -19, 229, 87, 
200, 346, 146, -273, 26, 246, -107, 204, 536, -19, 234, 92, 
200, 336, 136, -268, 31, 236, -107, 204, 536, -19, 229, 92, 
190, 331, 141, -261, 24, 236, -102, 204, 536, -19, 229, 92, 
190, 331, 141, -261, 24, 236, -92, 209, 536, -24, 234, 92, 
195, 346, 151, -270, 21, 248, -102, 209, 536, -14, 234, 87, 
195, 346, 151, -270, 21, 248, -107, 204, 536, -14, 234, 82, 
190, 341, 151, -265, 19, 246, -107, 204, 536, -19, 234, 82, 
190, 341, 151, -265, 19, 246, -107, 204, 536, -19, 234, 82, 
180, 331, 151, -256, 14, 241, -102, 214, 546, -14, 239, 82, 
185, 336, 151, -261, 17, 244, -97, 214, 546, -14, 239, 82, 
185, 341, 156, -263, 14, 248, -92, 214, 546, -14, 239, 82, 
185, 341, 156, -263, 14, 248, -87, 214, 546, -9, 239, 82, 
190, 341, 151, -265, 19, 246, -78, 214, 536, -19, 239, 92, 
190, 346, 156, -268, 17, 251, -87, 214, 541, -19, 239, 92, 
190, 351, 161, -270, 14, 256, -92, 214, 546, -19, 234, 92, 
190, 356, 165, -273, 12, 261, -92, 214, 546, -24, 234, 92, 
180, 346, 165, -263, 7, 256, -92, 224, 556, -19, 244, 92, 
175, 341, 165, -258, 4, 253, -87, 224, 556, -9, 248, 92, 
175, 341, 165, -258, 4, 253, -87, 224, 551, -4, 248, 92, 
185, 346, 161, -265, 12, 253, -87, 224, 551, 0, 248, 92, 
185, 351, 165, -268, 9, 258, -82, 224, 561, 0, 248, 102, 
185, 351, 165, -268, 9, 258, -82, 229, 556, 0, 248, 102, 
185, 351, 165, -268, 9, 258, -87, 229, 556, 0, 248, 107, 
185, 351, 165, -268, 9, 258, -87, 229, 556, 0, 248, 107, 
190, 370, 180, -280, 4, 275, -97, 219, 566, 9, 258, 102, 
195, 380, 185, -287, 4, 283, -97, 214, 566, 9, 258, 102, 
200, 385, 185, -292, 7, 285, -97, 214, 566, 9, 258, 97, 
200, 390, 190, -295, 4, 290, -102, 214, 566, 9, 258, 97, 
204, 385, 180, -295, 12, 283, -107, 214, 575, 14, 258, 107, 
204, 390, 185, -297, 9, 287, -112, 214, 570, 14, 258, 107, 
204, 390, 185, -297, 9, 287, -112, 214, 570, 14, 263, 107, 
200, 390, 190, -295, 4, 290, -112, 209, 570, 14, 263, 107, 
195, 385, 190, -290, 2, 287, -126, 195, 556, 14, 253, 117, 
195, 385, 190, -290, 2, 287, -136, 190, 551, 9, 253, 117, 
200, 385, 185, -292, 7, 285, -141, 180, 546, 4, 253, 112, 
204, 385, 180, -295, 12, 283, -146, 175, 536, 0, 253, 112, 
214, 395, 180, -305, 17, 287, -165, 170, 522, 0, 253, 112, 
214, 395, 180, -305, 17, 287, -170, 165, 522, 0, 253, 112, 
214, 395, 180, -305, 17, 287, -175, 161, 522, 0, 253, 112, 
214, 395, 180, -305, 17, 287, -185, 156, 522, -4, 253, 112, 
224, 405, 180, -314, 21, 292, -185, 165, 522, 4, 263, 122, 
224, 405, 180, -314, 21, 292, -185, 165, 522, 4, 263, 122, 
224, 400, 175, -312, 24, 287, -185, 165, 522, 4, 263, 122, 
224, 400, 175, -312, 24, 287, -185, 165, 522, 4, 263, 122, 
234, 409, 175, -322, 29, 292, -190, 165, 522, 14, 273, 112, 
234, 414, 180, -324, 26, 297, -190, 165, 522, 14, 273, 112, 
234, 414, 180, -324, 26, 297, -180, 170, 522, 14, 273, 112, 
234, 414, 180, -324, 26, 297, -180, 170, 522, 14, 273, 112, 
224, 409, 185, -317, 19, 297, -165, 175, 527, 4, 263, 112, 
234, 405, 170, -319, 31, 287, -165, 180, 531, 9, 263, 112, 
234, 400, 165, -317, 34, 283, -170, 185, 536, 14, 263, 117, 
229, 395, 165, -312, 31, 280, -156, 190, 536, 14, 263, 117, 
219, 385, 165, -302, 26, 275, -151, 195, 536, 14, 253, 107, 
214, 385, 170, -300, 21, 278, -151, 200, 536, 14, 253, 107, 
209, 390, 180, -300, 14, 285, -151, 200, 536, 14, 253, 107, 
204, 400, 195, -302, 4, 297, -151, 200, 536, 14, 248, 107, 
214, 385, 170, -300, 21, 278, -141, 195, 546, 4, 258, 102, 
209, 380, 170, -295, 19, 275, -141, 195, 546, 4, 258, 102, 
209, 375, 165, -292, 21, 270, -136, 200, 546, 4, 258, 102, 
209, 375, 165, -292, 21, 270, -136, 200, 546, 4, 258, 102, 
209, 375, 165, -292, 21, 270, -136, 209, 536, 4, 258, 102, 
204, 366, 161, -285, 21, 263, -131, 214, 536, 4, 258, 102, 
195, 366, 170, -280, 12, 268, -126, 214, 541, 4, 258, 102, 
195, 366, 170, -280, 12, 268, -126, 209, 546, 4, 258, 102, 
209, 375, 165, -292, 21, 270, -131, 209, 536, 4, 248, 107, 
214, 375, 161, -295, 26, 268, -131, 209, 541, 4, 248, 107, 
214, 375, 161, -295, 26, 268, -131, 209, 541, 4, 248, 107, 
209, 370, 161, -290, 24, 265, -131, 209, 536, 4, 248, 107, 
219, 370, 151, -295, 34, 261, -131, 209, 536, -4, 258, 107, 
224, 375, 151, -300, 36, 263, -131, 209, 536, -4, 258, 107, 
229, 375, 146, -302, 41, 261, -131, 209, 536, -4, 258, 107, 
229, 375, 146, -302, 41, 261, -131, 209, 536, 0, 258, 112, 
214, 375, 161, -295, 26, 268, -126, 214, 546, 0, 248, 102, 
214, 380, 165, -297, 24, 273, -126, 214, 546, 9, 253, 107, 
214, 380, 165, -297, 24, 273, -136, 214, 546, 9, 253, 117, 
214, 380, 165, -297, 24, 273, -136, 214, 546, 9, 253, 117, 
214, 380, 165, -297, 24, 273, -136, 214, 546, 9, 253, 117, 
214, 380, 165, -297, 24, 273, -136, 214, 546, 9, 253, 117, 
224, 385, 161, -305, 31, 273, -126, 204, 546, 4, 263, 112, 
224, 385, 161, -305, 31, 273, -131, 204, 546, 4, 263, 112, 
224, 385, 161, -305, 31, 273, -136, 204, 546, 4, 263, 112, 
224, 385, 161, -305, 31, 273, -136, 204, 546, 4, 258, 112, 
214, 390, 175, -302, 19, 283, -136, 214, 546, 0, 258, 117, 
214, 390, 175, -302, 19, 283, -136, 204, 541, 0, 258, 112, 
214, 390, 175, -302, 19, 283, -136, 204, 536, -4, 258, 107, 
214, 385, 170, -300, 21, 278, -136, 204, 536, -4, 258, 102, 
214, 375, 161, -295, 26, 268, -136, 204, 536, 0, 258, 107, 
214, 380, 165, -297, 24, 273, -136, 204, 531, 0, 258, 107, 
214, 385, 170, -300, 21, 278, -146, 204, 531, 4, 258, 107, 
214, 390, 175, -302, 19, 283, -146, 204, 531, 4, 258, 107, 
214, 390, 175, -302, 19, 283, -146, 204, 541, 4, 248, 107, 
214, 390, 175, -302, 19, 283, -141, 204, 541, 4, 248, 107, 
214, 390, 175, -302, 19, 283, -136, 209, 541, 4, 248, 107, 
214, 390, 175, -302, 19, 283, -131, 209, 536, 4, 248, 107, 
204, 380, 175, -292, 14, 278, -131, 200, 536, -4, 258, 107, 
209, 380, 170, -295, 19, 275, -131, 200, 541, -4, 258, 107, 
214, 380, 165, -297, 24, 273, -131, 195, 541, -4, 258, 107, 
214, 380, 165, -297, 24, 273, -136, 195, 536, -4, 258, 107, 
224, 390, 165, -307, 29, 278, -141, 204, 531, 0, 258, 107, 
224, 390, 165, -307, 29, 278, -141, 200, 531, 0, 258, 102, 
224, 390, 165, -307, 29, 278, -136, 200, 531, 0, 253, 102, 
214, 380, 165, -297, 24, 273, -131, 200, 531, 0, 253, 102, 
219, 390, 170, -305, 24, 280, -131, 200, 541, 4, 248, 102, 
214, 390, 175, -302, 19, 283, -131, 195, 541, 4, 248, 102, 
209, 390, 180, -300, 14, 285, -126, 195, 541, 4, 248, 107, 
204, 385, 180, -295, 12, 283, -122, 195, 541, 4, 248, 107, 
209, 375, 165, -292, 21, 270, -131, 195, 541, 0, 253, 112, 
214, 380, 165, -297, 24, 273, -126, 195, 541, 0, 253, 112, 
219, 390, 170, -305, 24, 280, -122, 195, 541, 0, 253, 112, 
224, 395, 170, -309, 26, 283, -112, 195, 541, -4, 253, 107, 
214, 400, 185, -307, 14, 292, -122, 204, 551, -4, 263, 112, 
209, 395, 185, -302, 12, 290, -122, 204, 551, 0, 263, 112, 
209, 395, 185, -302, 12, 290, -122, 204, 551, 4, 263, 112, 
214, 405, 190, -309, 12, 297, -122, 204, 551, 14, 263, 112, 
219, 414, 195, -317, 12, 305, -117, 200, 561, 14, 273, 117, 
219, 409, 190, -314, 14, 300, -117, 204, 561, 9, 263, 117, 
209, 405, 195, -307, 7, 300, -117, 204, 561, 9, 263, 117, 
224, 405, 180, -314, 21, 292, -112, 204, 561, 9, 263, 117, 
229, 419, 190, -324, 19, 305, -102, 214, 570, 19, 263, 126, 
229, 419, 190, -324, 19, 305, -102, 219, 570, 19, 263, 126, 
224, 409, 185, -317, 19, 297, -92, 219, 570, 19, 268, 126, 
224, 405, 180, -314, 21, 292, -92, 219, 570, 19, 268, 126, 
234, 409, 175, -322, 29, 292, -102, 209, 570, 19, 268, 126, 
234, 414, 180, -324, 26, 297, -107, 209, 570, 19, 268, 126, 
234, 419, 185, -326, 24, 302, -107, 209, 570, 19, 268, 126, 
229, 419, 190, -324, 19, 305, -107, 214, 570, 19, 268, 126, 
224, 419, 195, -322, 14, 307, -117, 204, 561, 14, 268, 117, 
224, 419, 195, -322, 14, 307, -126, 195, 556, 14, 268, 117, 
229, 419, 190, -324, 19, 305, -136, 185, 551, 14, 268, 117, 
229, 419, 190, -324, 19, 305, -146, 170, 546, 14, 268, 112, 
239, 414, 175, -326, 31, 295, -156, 165, 541, 14, 268, 122, 
239, 414, 175, -326, 31, 295, -165, 161, 536, 14, 268, 122, 
239, 414, 175, -326, 31, 295, -175, 156, 531, 14, 268, 122, 
239, 419, 180, -329, 29, 300, -185, 151, 527, 14, 268, 122, 
248, 429, 180, -339, 34, 305, -195, 146, 517, 4, 253, 122, 
248, 429, 180, -339, 34, 305, -195, 146, 517, 4, 253, 122, 
244, 429, 185, -336, 29, 307, -195, 146, 517, 4, 258, 122, 
244, 429, 185, -336, 29, 307, -195, 146, 517, 4, 258, 122, 
258, 434, 175, -346, 41, 305, -195, 156, 527, 14, 268, 131, 
258, 434, 175, -346, 41, 305, -195, 151, 527, 14, 268, 126, 
258, 434, 175, -346, 41, 305, -195, 151, 527, 14, 268, 126, 
258, 434, 175, -346, 41, 305, -195, 151, 527, 14, 268, 126, 
258, 419, 161, -339, 48, 290, -190, 156, 536, 9, 268, 117, 
258, 419, 161, -339, 48, 290, -185, 161, 536, 9, 268, 117, 
258, 419, 161, -339, 48, 290, -180, 165, 536, 9, 268, 122, 
258, 419, 161, -339, 48, 290, -175, 170, 536, 9, 268, 122, 
253, 414, 161, -334, 46, 287, -165, 170, 541, 0, 258, 112, 
248, 409, 161, -329, 43, 285, -161, 175, 541, 0, 258, 112, 
244, 414, 170, -329, 36, 292, -161, 170, 531, 0, 258, 112, 
239, 409, 170, -324, 34, 290, -156, 170, 522, 0, 258, 112, 
248, 414, 165, -331, 41, 290, -165, 165, 531, 0, 258, 122, 
239, 405, 165, -322, 36, 285, -161, 165, 527, 0, 263, 122, 
234, 405, 170, -319, 31, 287, -161, 161, 522, 9, 278, 126, 
244, 409, 165, -326, 39, 287, -170, 156, 517, 14, 278, 122, 
263, 429, 165, -346, 48, 297, -175, 146, 512, 14, 283, 117, 
263, 439, 175, -351, 43, 307, -185, 146, 512, 14, 287, 126, 
258, 434, 175, -346, 41, 305, -185, 131, 492, 19, 292, 146, 
248, 444, 195, -346, 26, 319, -204, 102, 458, 9, 283, 146, 
248, 444, 195, -346, 26, 319, -229, 58, 390, -9, 283, 156, 
244, 463, 219, -353, 12, 341, -258, 4, 322, -34, 268, 170, 
239, 483, 244, -361, -2, 363, -283, -63, 239, -63, 258, 180, 
224, 483, 258, -353, -17, 370, -317, -126, 151, -102, 248, 190, 
200, 488, 287, -344, -43, 387, -346, -200, 63, -146, 224, 200, 
190, 507, 317, -348, -63, 412, -390, -268, -39, -195, 195, 200, 
190, 517, 326, -353, -68, 422, -419, -326, -126, -248, 156, 190, 
170, 531, 361, -351, -95, 446, -453, -375, -190, -287, 117, 190, 
146, 531, 385, -339, -119, 458, -473, -414, -239, -322, 87, 204, 
117, 546, 429, -331, -156, 488, -488, -439, -292, -341, 63, 209, 
117, 556, 439, -336, -161, 497, -502, -468, -336, -361, 43, 219, 
112, 561, 448, -336, -168, 505, -531, -517, -400, -385, 29, 209, 
102, 575, 473, -339, -185, 524, -556, -561, -463, -414, 9, 209, 
82, 575, 492, -329, -204, 534, -585, -600, -517, -444, -4, 204, 
58, 580, 522, -319, -231, 551, -605, -644, -570, -483, -34, 214, 
53, 580, 527, -317, -236, 553, -629, -673, -629, -531, -63, 214, 
34, 590, 556, -312, -261, 573, -644, -692, -658, -575, -97, 209, 
29, 590, 561, -309, -265, 575, -644, -692, -668, -600, -141, 200, 
14, 580, 566, -297, -275, 573, -644, -683, -658, -605, -170, 190, 
-4, 561, 566, -278, -285, 563, -629, -663, -653, -619, -190, 185, 
-39, 541, 580, -251, -309, 561, -619, -653, -658, -634, -209, 175, 
-43, 546, 590, -251, -317, 568, -619, -658, -653, -653, -224, 170, 
-43, 541, 585, -248, -314, 563, -634, -658, -658, -663, -234, 156, 
-43, 531, 575, -244, -309, 553, -653, -668, -668, -663, -224, 146, 
-43, 531, 575, -244, -309, 553, -658, -678, -653, -653, -229, 151, 
-43, 551, 595, -253, -319, 573, -663, -678, -624, -644, -214, 161, 
-39, 561, 600, -261, -319, 580, -673, -683, -595, -619, -209, 161, 
-34, 570, 605, -268, -319, 588, -683, -678, -556, -605, -195, 170, 
-24, 566, 590, -270, -307, 578, -678, -649, -507, -580, -180, 170, 
-9, 536, 546, -263, -278, 541, -653, -600, -448, -556, -170, 161, 
0, 522, 522, -261, -261, 522, -624, -541, -375, -531, -161, 156, 
19, 527, 507, -273, -244, 517, -600, -497, -317, -502, -136, 146, 
63, 517, 453, -290, -195, 485, -566, -444, -253, -473, -112, 146, 
68, 483, 414, -275, -173, 448, -531, -400, -195, -448, -97, 141, 
58, 463, 405, -261, -173, 434, -512, -361, -146, -444, -87, 122, 
73, 458, 385, -265, -156, 422, -483, -326, -117, -434, -73, 117, 
78, 439, 361, -258, -141, 400, -453, -292, -92, -434, -78, 117, 
73, 405, 331, -239, -129, 368, -429, -278, -63, -419, -78, 92, 
68, 390, 322, -229, -126, 356, -414, -258, -34, -409, -78, 87, 
68, 366, 297, -217, -114, 331, -395, -224, 4, -390, -73, 82, 
68, 366, 297, -217, -114, 331, -366, -185, 63, -366, -58, 82, 
78, 366, 287, -222, -104, 326, -346, -146, 122, -331, -34, 78, 
82, 356, 273, -219, -95, 314, -322, -102, 180, -297, -4, 78, 
82, 346, 263, -214, -90, 305, -292, -48, 229, -258, 24, 78, 
78, 336, 258, -207, -90, 297, -273, -24, 253, -248, 48, 73, 
82, 336, 253, -209, -85, 295, -248, 0, 268, -239, 58, 68, 
112, 336, 224, -224, -56, 280, -229, 9, 287, -219, 63, 68, 
126, 331, 204, -229, -39, 268, -219, 29, 312, -209, 82, 63, 
131, 336, 204, -234, -36, 270, -209, 29, 326, -190, 97, 63, 
136, 351, 214, -244, -39, 283, -219, 39, 341, -170, 117, 68, 
146, 370, 224, -258, -39, 297, -214, 58, 380, -136, 136, 73, 
161, 395, 234, -278, -36, 314, -209, 87, 419, -102, 165, 92, 
185, 409, 224, -297, -19, 317, -214, 107, 458, -68, 200, 117, 
204, 419, 214, -312, -4, 317, -214, 122, 483, -43, 224, 131, 
214, 429, 214, -322, 0, 322, -209, 131, 502, -39, 234, 136, 
234, 444, 209, -339, 12, 326, -200, 131, 507, -34, 248, 136, 
258, 453, 195, -356, 31, 324, -195, 141, 502, -29, 253, 131, 
263, 448, 185, -356, 39, 317, -180, 146, 512, -29, 258, 126, 
258, 444, 185, -351, 36, 314, -170, 151, 527, -14, 263, 117, 
258, 444, 185, -351, 36, 314, -161, 170, 546, 4, 273, 126, 
268, 444, 175, -356, 46, 309, -141, 190, 575, 34, 283, 136, 
278, 453, 175, -366, 51, 314, -131, 209, 605, 43, 283, 136, 
273, 453, 180, -363, 46, 317, -117, 234, 644, 58, 307, 136, 
258, 448, 190, -353, 34, 319, -112, 263, 668, 68, 326, 136, 
268, 448, 180, -358, 43, 314, -117, 258, 673, 78, 336, 141, 
278, 458, 180, -368, 48, 319, -112, 263, 673, 82, 341, 141, 
278, 458, 180, -368, 48, 319, -112, 263, 673, 82, 341, 146, 
278, 453, 175, -366, 51, 314, -107, 268, 673, 82, 341, 146, 
287, 453, 165, -370, 61, 309, -126, 253, 668, 78, 331, 146, 
287, 458, 170, -373, 58, 314, -131, 239, 658, 82, 336, 146, 
292, 463, 170, -378, 61, 317, -141, 229, 658, 82, 336, 146, 
292, 468, 175, -380, 58, 322, -151, 224, 658, 87, 341, 146, 
292, 478, 185, -385, 53, 331, -165, 214, 658, 97, 346, 156, 
292, 478, 185, -385, 53, 331, -170, 219, 658, 102, 356, 156, 
292, 478, 185, -385, 53, 331, -170, 219, 668, 102, 361, 156, 
297, 483, 185, -390, 56, 334, -175, 219, 668, 102, 366, 156, 
302, 488, 185, -395, 58, 336, -185, 219, 663, 102, 370, 161, 
307, 492, 185, -400, 61, 339, -185, 219, 658, 102, 370, 161, 
307, 497, 190, -402, 58, 344, -185, 219, 653, 102, 375, 161, 
312, 502, 190, -407, 61, 346, -185, 214, 653, 112, 375, 165, 
302, 492, 190, -397, 56, 341, -185, 219, 673, 112, 380, 161, 
307, 497, 190, -402, 58, 344, -180, 234, 678, 117, 380, 161, 
307, 492, 185, -400, 61, 339, -170, 239, 678, 117, 385, 161, 
307, 483, 175, -395, 65, 329, -165, 248, 683, 122, 390, 161, 
307, 478, 170, -392, 68, 324, -161, 258, 697, 122, 380, 156, 
302, 478, 175, -390, 63, 326, -151, 263, 697, 126, 380, 156, 
302, 473, 170, -387, 65, 322, -146, 263, 702, 126, 385, 161, 
297, 468, 170, -383, 63, 319, -141, 263, 702, 126, 385, 161, 
297, 458, 161, -378, 68, 309, -131, 273, 702, 126, 390, 151, 
297, 463, 165, -380, 65, 314, -131, 278, 707, 131, 385, 151, 
302, 468, 165, -385, 68, 317, -131, 283, 712, 131, 380, 156, 
302, 468, 165, -385, 68, 317, -131, 283, 712, 126, 375, 161, 
302, 463, 161, -383, 70, 312, -117, 297, 717, 126, 395, 151, 
302, 458, 156, -380, 73, 307, -117, 297, 722, 131, 400, 151, 
297, 463, 165, -380, 65, 314, -112, 297, 727, 136, 400, 156, 
297, 458, 161, -378, 68, 309, -112, 297, 732, 136, 400, 161, 
307, 448, 141, -378, 82, 295, -102, 312, 736, 131, 405, 151, 
307, 448, 141, -378, 82, 295, -102, 312, 736, 131, 405, 156, 
307, 448, 141, -378, 82, 295, -97, 312, 741, 136, 405, 156, 
317, 463, 146, -390, 85, 305, -97, 312, 746, 141, 405, 156, 
317, 458, 141, -387, 87, 300, -92, 317, 751, 151, 414, 156, 
317, 458, 141, -387, 87, 300, -92, 322, 756, 161, 419, 161, 
312, 458, 146, -385, 82, 302, -92, 322, 761, 161, 424, 161, 
312, 453, 141, -383, 85, 297, -92, 322, 766, 165, 429, 161, 
312, 463, 151, -387, 80, 307, -82, 331, 780, 161, 429, 161, 
322, 468, 146, -395, 87, 307, -82, 331, 785, 165, 434, 161, 
326, 473, 146, -400, 90, 309, -82, 336, 790, 170, 439, 161, 
326, 483, 156, -405, 85, 319, -82, 341, 795, 175, 444, 165, 
326, 478, 151, -402, 87, 314, -73, 341, 800, 180, 448, 170, 
331, 478, 146, -405, 92, 312, -82, 346, 805, 190, 458, 175, 
336, 478, 141, -407, 97, 309, -82, 346, 805, 195, 463, 180, 
336, 478, 141, -407, 97, 309, -82, 346, 810, 195, 463, 185, 
331, 483, 151, -407, 90, 317, -82, 346, 814, 185, 458, 180, 
336, 483, 146, -409, 95, 314, -82, 346, 819, 200, 463, 180, 
341, 488, 146, -414, 97, 317, -82, 346, 824, 204, 473, 185, 
346, 492, 146, -419, 100, 319, -82, 346, 824, 209, 473, 185, 
366, 497, 131, -431, 117, 314, -78, 351, 829, 219, 488, 185, 
366, 502, 136, -434, 114, 319, -78, 351, 839, 224, 492, 185, 
370, 502, 131, -436, 119, 317, -92, 351, 844, 229, 492, 185, 
375, 507, 131, -441, 122, 319, -87, 356, 844, 234, 502, 190, 
375, 502, 126, -439, 124, 314, -78, 370, 858, 248, 512, 195, 
380, 512, 131, -446, 124, 322, -78, 370, 863, 253, 517, 209, 
375, 517, 141, -446, 117, 329, -78, 366, 868, 258, 522, 219, 
370, 522, 151, -446, 109, 336, -82, 366, 873, 258, 531, 224, 
385, 512, 126, -448, 129, 319, -82, 366, 873, 263, 527, 224, 
395, 522, 126, -458, 134, 324, -87, 366, 873, 268, 531, 219, 
400, 531, 131, -466, 134, 331, -87, 366, 878, 273, 536, 214, 
400, 536, 136, -468, 131, 336, -92, 370, 888, 278, 541, 214, 
400, 527, 126, -463, 136, 326, -92, 361, 883, 273, 546, 214, 
405, 531, 126, -468, 139, 329, -92, 366, 888, 283, 551, 229, 
414, 536, 122, -475, 146, 329, -92, 366, 888, 283, 551, 229, 
419, 541, 122, -480, 148, 331, -92, 366, 888, 287, 556, 229, 
414, 541, 126, -478, 143, 334, -82, 375, 888, 292, 570, 229, 
414, 541, 126, -478, 143, 334, -82, 375, 888, 292, 575, 229, 
424, 546, 122, -485, 151, 334, -78, 375, 888, 292, 575, 234, 
429, 551, 122, -490, 153, 336, -78, 370, 893, 292, 580, 234, 
439, 561, 122, -500, 158, 341, -92, 370, 897, 297, 580, 244, 
439, 561, 122, -500, 158, 341, -92, 370, 897, 302, 580, 244, 
439, 561, 122, -500, 158, 341, -102, 361, 893, 307, 580, 244, 
439, 561, 122, -500, 158, 341, -102, 361, 893, 307, 580, 248, 
444, 580, 136, -512, 153, 358, -97, 356, 902, 307, 580, 253, 
444, 580, 136, -512, 153, 358, -97, 356, 893, 302, 580, 253, 
444, 570, 126, -507, 158, 348, -102, 361, 893, 297, 580, 253, 
434, 570, 136, -502, 148, 353, -102, 366, 878, 297, 580, 253, 
439, 575, 136, -507, 151, 356, -112, 356, 873, 297, 585, 263, 
448, 585, 136, -517, 156, 361, -122, 356, 873, 292, 580, 263, 
453, 590, 136, -522, 158, 363, -122, 346, 873, 287, 575, 263, 
448, 595, 146, -522, 151, 370, -117, 341, 863, 287, 570, 258, 
444, 595, 151, -519, 146, 373, -126, 322, 849, 287, 570, 258, 
444, 600, 156, -522, 143, 378, -126, 317, 839, 278, 566, 258, 
444, 595, 151, -519, 146, 373, -126, 317, 829, 273, 561, 258, 
439, 600, 161, -519, 139, 380, -126, 307, 824, 263, 561, 258, 
448, 595, 146, -522, 151, 370, -136, 307, 805, 253, 551, 268, 
434, 600, 165, -517, 134, 383, -136, 302, 800, 253, 546, 268, 
429, 605, 175, -517, 126, 390, -136, 302, 795, 253, 536, 268, 
429, 610, 180, -519, 124, 395, -136, 297, 790, 244, 531, 263, 
434, 614, 180, -524, 126, 397, -146, 283, 780, 224, 527, 268, 
419, 605, 185, -512, 117, 395, -141, 278, 771, 214, 522, 263, 
409, 600, 190, -505, 109, 395, -141, 278, 756, 204, 512, 258, 
400, 595, 195, -497, 102, 395, -136, 273, 746, 200, 502, 253, 
409, 600, 190, -505, 109, 395, -146, 258, 741, 200, 497, 258, 
400, 600, 200, -500, 100, 400, -151, 258, 732, 185, 488, 253, 
395, 595, 200, -495, 97, 397, -151, 253, 732, 180, 478, 253, 
380, 585, 204, -483, 87, 395, -151, 248, 727, 170, 468, 248, 
380, 580, 200, -480, 90, 390, -161, 234, 717, 161, 468, 244, 
370, 580, 209, -475, 80, 395, -170, 224, 697, 156, 463, 244, 
366, 575, 209, -470, 78, 392, -175, 219, 692, 146, 453, 244, 
351, 556, 204, -453, 73, 380, -175, 219, 683, 146, 448, 244, 
346, 541, 195, -444, 75, 368, -185, 204, 653, 122, 429, 234, 
341, 546, 204, -444, 68, 375, -190, 190, 634, 117, 419, 224, 
341, 546, 204, -444, 68, 375, -200, 175, 624, 107, 414, 219, 
336, 551, 214, -444, 61, 383, -204, 161, 614, 102, 414, 209, 
331, 541, 209, -436, 61, 375, -209, 161, 605, 87, 405, 214, 
326, 536, 209, -431, 58, 373, -214, 156, 600, 82, 390, 209, 
317, 536, 219, -427, 48, 378, -219, 156, 595, 78, 390, 204, 
317, 531, 214, -424, 51, 373, -224, 156, 590, 73, 375, 200, 
317, 536, 219, -427, 48, 378, -219, 146, 585, 63, 375, 195, 
312, 527, 214, -419, 48, 370, -219, 151, 580, 63, 370, 195, 
307, 517, 209, -412, 48, 363, -219, 156, 575, 63, 366, 195, 
312, 517, 204, -414, 53, 361, -224, 156, 575, 63, 361, 195, 
312, 517, 204, -414, 53, 361, -214, 165, 585, 63, 370, 185, 
307, 512, 204, -409, 51, 358, -209, 165, 570, 58, 366, 185, 
307, 512, 204, -409, 51, 358, -209, 165, 570, 53, 366, 175, 
307, 512, 204, -409, 51, 358, -209, 165, 575, 48, 366, 165, 
297, 497, 200, -397, 48, 348, -200, 175, 585, 43, 351, 175, 
292, 497, 204, -395, 43, 351, -195, 175, 585, 39, 346, 170, 
287, 492, 204, -390, 41, 348, -185, 175, 585, 34, 346, 165, 
278, 488, 209, -383, 34, 348, -185, 175, 585, 29, 346, 165, 
273, 463, 190, -368, 41, 326, -185, 185, 575, 24, 346, 156, 
273, 458, 185, -366, 43, 322, -180, 185, 570, 24, 346, 156, 
273, 458, 185, -366, 43, 322, -180, 185, 566, 19, 341, 156, 
273, 463, 190, -368, 41, 326, -180, 185, 561, 14, 341, 156, 
263, 458, 195, -361, 34, 326, -175, 195, 570, 14, 331, 151, 
258, 448, 190, -353, 34, 319, -170, 195, 570, 14, 331, 146, 
258, 444, 185, -351, 36, 314, -170, 195, 570, 9, 331, 141, 
263, 444, 180, -353, 41, 312, -165, 195, 570, 9, 326, 136, 
258, 434, 175, -346, 41, 305, -161, 200, 585, 0, 322, 122, 
258, 424, 165, -341, 46, 295, -156, 204, 585, 0, 317, 122, 
248, 419, 170, -334, 39, 295, -146, 209, 585, 0, 317, 122, 
248, 419, 170, -334, 39, 295, -131, 219, 585, -4, 322, 122, 
253, 424, 170, -339, 41, 297, -131, 219, 585, -4, 322, 126, 
253, 424, 170, -339, 41, 297, -136, 214, 585, -4, 322, 122, 
248, 419, 170, -334, 39, 295, -136, 214, 585, -9, 322, 122, 
248, 419, 170, -334, 39, 295, -136, 214, 585, -9, 322, 122, 
248, 419, 170, -334, 39, 295, -136, 214, 585, -4, 317, 131, 
253, 424, 170, -339, 41, 297, -136, 214, 585, -4, 317, 131, 
253, 429, 175, -341, 39, 302, -136, 214, 585, -4, 317, 131, 
253, 429, 175, -341, 39, 302, -136, 214, 585, 0, 317, 131, 
248, 424, 175, -336, 36, 300, -131, 224, 575, -9, 317, 131, 
248, 424, 175, -336, 36, 300, -136, 224, 580, -9, 317, 131, 
248, 424, 175, -336, 36, 300, -136, 224, 585, -9, 312, 131, 
248, 424, 175, -336, 36, 300, -131, 224, 585, -14, 312, 131, 
248, 414, 165, -331, 41, 290, -122, 224, 595, -4, 312, 131, 
244, 409, 165, -326, 39, 287, -117, 224, 595, 0, 317, 131, 
244, 409, 165, -326, 39, 287, -117, 224, 590, 0, 317, 131, 
253, 414, 161, -334, 46, 287, -117, 224, 590, 0, 317, 131, 
253, 419, 165, -336, 43, 292, -122, 214, 590, -9, 317, 131, 
253, 419, 165, -336, 43, 292, -122, 219, 585, -9, 317, 131, 
253, 419, 165, -336, 43, 292, -126, 219, 585, -9, 317, 136, 
253, 419, 165, -336, 43, 292, -126, 219, 585, -9, 317, 136, 
263, 424, 161, -344, 51, 292, -117, 229, 585, 0, 317, 141, 
263, 429, 165, -346, 48, 297, -117, 224, 585, 0, 317, 141, 
263, 429, 165, -346, 48, 297, -117, 224, 585, 0, 317, 136, 
258, 429, 170, -344, 43, 300, -122, 224, 585, 0, 317, 136, 
263, 424, 161, -344, 51, 292, -117, 224, 590, 4, 317, 136, 
263, 429, 165, -346, 48, 297, -122, 224, 590, 4, 317, 136, 
263, 429, 165, -346, 48, 297, -122, 224, 595, 4, 322, 136, 
258, 429, 170, -344, 43, 300, -122, 219, 600, 4, 322, 136, 
244, 434, 190, -339, 26, 312, -122, 229, 610, 0, 322, 146, 
244, 434, 190, -339, 26, 312, -126, 229, 610, 0, 322, 146, 
248, 434, 185, -341, 31, 309, -126, 224, 610, 0, 322, 141, 
253, 434, 180, -344, 36, 307, -126, 224, 605, 0, 322, 141, 
253, 434, 180, -344, 36, 307, -122, 234, 610, 9, 331, 141, 
253, 434, 180, -344, 36, 307, -122, 234, 610, 9, 331, 141, 
253, 434, 180, -344, 36, 307, -122, 234, 610, 9, 331, 141, 
253, 434, 180, -344, 36, 307, -126, 234, 610, 4, 331, 141, 
253, 434, 180, -344, 36, 307, -117, 244, 619, 4, 331, 141, 
253, 434, 180, -344, 36, 307, -117, 244, 619, 4, 331, 141, 
253, 429, 175, -341, 39, 302, -117, 244, 619, 4, 331, 141, 
253, 429, 175, -341, 39, 302, -117, 244, 619, 4, 331, 141, 
253, 444, 190, -348, 31, 317, -117, 253, 629, 14, 341, 151, 
253, 444, 190, -348, 31, 317, -112, 253, 629, 14, 341, 151, 
253, 439, 185, -346, 34, 312, -97, 258, 629, 14, 341, 151, 
253, 434, 180, -344, 36, 307, -92, 258, 629, 14, 341, 151, 
253, 439, 185, -346, 34, 312, -92, 258, 639, 14, 341, 141, 
263, 444, 180, -353, 41, 312, -97, 258, 639, 19, 341, 141, 
263, 448, 185, -356, 39, 317, -107, 258, 639, 24, 341, 146, 
258, 453, 195, -356, 31, 324, -97, 258, 634, 24, 341, 146, 
244, 444, 200, -344, 21, 322, -92, 263, 639, 34, 351, 156, 
244, 444, 200, -344, 21, 322, -92, 268, 644, 34, 351, 156, 
244, 448, 204, -346, 19, 326, -92, 268, 649, 34, 351, 156, 
244, 458, 214, -351, 14, 336, -92, 268, 653, 34, 346, 156, 
244, 458, 214, -351, 14, 336, -92, 263, 644, 34, 356, 161, 
248, 448, 200, -348, 24, 324, -92, 263, 644, 34, 356, 161, 
239, 458, 219, -348, 9, 339, -97, 258, 644, 34, 356, 151, 
244, 468, 224, -356, 9, 346, -107, 253, 634, 39, 361, 156, 
234, 468, 234, -351, 0, 351, -112, 244, 629, 29, 351, 156, 
234, 468, 234, -351, 0, 351, -117, 234, 624, 29, 351, 156, 
234, 468, 234, -351, 0, 351, -122, 224, 619, 29, 351, 156, 
234, 468, 234, -351, 0, 351, -126, 214, 614, 29, 351, 156, 
234, 463, 229, -348, 2, 346, -141, 200, 610, 24, 351, 161, 
234, 463, 229, -348, 2, 346, -151, 195, 605, 24, 351, 161, 
234, 463, 229, -348, 2, 346, -161, 190, 600, 24, 351, 161, 
234, 463, 229, -348, 2, 346, -165, 185, 595, 24, 346, 161, 
239, 468, 229, -353, 4, 348, -175, 195, 595, 29, 356, 161, 
244, 468, 224, -356, 9, 346, -175, 185, 590, 29, 356, 161, 
248, 468, 219, -358, 14, 344, -175, 185, 585, 24, 356, 161, 
253, 463, 209, -358, 21, 336, -175, 185, 585, 24, 356, 161, 
263, 473, 209, -368, 26, 341, -175, 175, 585, 19, 356, 156, 
263, 478, 214, -370, 24, 346, -175, 175, 580, 19, 356, 156, 
263, 483, 219, -373, 21, 351, -185, 175, 580, 24, 356, 156, 
263, 488, 224, -375, 19, 356, -185, 175, 580, 24, 356, 156, 
263, 488, 224, -375, 19, 356, -190, 175, 590, 34, 356, 165, 
263, 488, 224, -375, 19, 356, -190, 175, 590, 34, 356, 165, 
263, 488, 224, -375, 19, 356, -190, 180, 590, 34, 356, 165, 
263, 488, 224, -375, 19, 356, -190, 180, 585, 34, 356, 165, 
273, 488, 214, -380, 29, 351, -190, 180, 575, 24, 356, 165, 
278, 488, 209, -383, 34, 348, -190, 180, 580, 24, 356, 165, 
283, 488, 204, -385, 39, 346, -190, 175, 580, 24, 356, 165, 
283, 488, 204, -385, 39, 346, -195, 175, 575, 24, 356, 165, 
278, 478, 200, -378, 39, 339, -190, 185, 580, 19, 356, 156, 
273, 478, 204, -375, 34, 341, -190, 180, 580, 19, 356, 151, 
268, 478, 209, -373, 29, 344, -185, 180, 580, 19, 351, 151, 
253, 468, 214, -361, 19, 341, -180, 180, 580, 19, 351, 151, 
248, 458, 209, -353, 19, 334, -175, 195, 590, 24, 346, 151, 
244, 458, 214, -351, 14, 336, -170, 195, 590, 24, 346, 151, 
239, 458, 219, -348, 9, 339, -161, 200, 590, 24, 346, 156, 
234, 453, 219, -344, 7, 336, -151, 204, 590, 24, 346, 156, 
244, 429, 185, -336, 29, 307, -151, 214, 590, 19, 341, 141, 
244, 429, 185, -336, 29, 307, -146, 214, 590, 19, 341, 141, 
244, 434, 190, -339, 26, 312, -141, 214, 590, 19, 341, 141, 
244, 434, 190, -339, 26, 312, -131, 214, 590, 14, 341, 136, 
244, 439, 195, -341, 24, 317, -131, 214, 590, 0, 341, 141, 
239, 434, 195, -336, 21, 314, -131, 214, 590, 0, 341, 141, 
239, 434, 195, -336, 21, 314, -131, 214, 590, 0, 341, 141, 
244, 444, 200, -344, 21, 322, -131, 214, 590, 4, 341, 141, 
253, 434, 180, -344, 36, 307, -117, 219, 590, 4, 341, 126, 
248, 429, 180, -339, 34, 305, -117, 224, 590, 0, 331, 126, 
234, 424, 190, -329, 21, 307, -117, 224, 590, 0, 331, 126, 
244, 424, 180, -334, 31, 302, -112, 224, 590, 0, 331, 126, 
248, 429, 180, -339, 34, 305, -112, 234, 595, 0, 322, 126, 
248, 429, 180, -339, 34, 305, -112, 239, 600, 0, 322, 126, 
244, 419, 175, -331, 34, 297, -102, 239, 605, 0, 326, 126, 
244, 414, 170, -329, 36, 292, -102, 239, 610, 0, 326, 126, 
244, 419, 175, -331, 34, 297, -102, 229, 600, 0, 336, 136, 
244, 424, 180, -334, 31, 302, -107, 229, 600, 0, 336, 136, 
244, 429, 185, -336, 29, 307, -107, 229, 600, 0, 336, 136, 
239, 429, 190, -334, 24, 309, -107, 234, 600, 0, 336, 136, 
239, 419, 180, -329, 29, 300, -107, 234, 595, 4, 336, 136, 
244, 419, 175, -331, 34, 297, -107, 234, 595, 4, 336, 136, 
253, 419, 165, -336, 43, 292, -107, 234, 595, 4, 336, 136, 
258, 419, 161, -339, 48, 290, -107, 229, 595, 4, 336, 131, 
248, 424, 175, -336, 36, 300, -107, 229, 605, 4, 336, 131, 
248, 424, 175, -336, 36, 300, -107, 229, 605, 4, 336, 131, 
248, 424, 175, -336, 36, 300, -107, 229, 605, 4, 336, 131, 
248, 429, 180, -339, 34, 305, -107, 229, 605, 4, 336, 131, 
258, 439, 180, -348, 39, 309, -107, 234, 600, -4, 331, 131, 
258, 439, 180, -348, 39, 309, -107, 234, 595, -4, 331, 131, 
253, 439, 185, -346, 34, 312, -107, 234, 590, -4, 336, 131, 
253, 439, 185, -346, 34, 312, -107, 234, 585, -4, 336, 131, 
258, 434, 175, -346, 41, 305, -107, 224, 585, -4, 326, 131, 
258, 434, 175, -346, 41, 305, -107, 219, 585, -4, 326, 126, 
258, 434, 175, -346, 41, 305, -107, 219, 585, -4, 326, 126, 
258, 434, 175, -346, 41, 305, -107, 219, 585, -4, 326, 126, 
258, 439, 180, -348, 39, 309, -107, 229, 585, 0, 336, 126, 
258, 439, 180, -348, 39, 309, -107, 229, 585, 0, 336, 126, 
258, 439, 180, -348, 39, 309, -107, 229, 585, 0, 336, 131, 
258, 439, 180, -348, 39, 309, -107, 229, 585, 0, 336, 131, 
258, 429, 170, -344, 43, 300, -122, 214, 590, -9, 336, 131, 
258, 429, 170, -344, 43, 300, -122, 214, 590, -9, 336, 131, 
258, 439, 180, -348, 39, 309, -126, 204, 580, -9, 336, 131, 
258, 439, 180, -348, 39, 309, -126, 200, 570, -9, 336, 131, 
268, 444, 175, -356, 46, 309, -126, 195, 570, -9, 336, 141, 
258, 434, 175, -346, 41, 305, -131, 185, 566, 0, 341, 141, 
253, 434, 180, -344, 36, 307, -131, 180, 561, -9, 336, 146, 
273, 448, 175, -361, 48, 312, -141, 185, 556, -4, 346, 151, 
283, 458, 175, -370, 53, 317, -146, 175, 551, 14, 351, 146, 
283, 468, 185, -375, 48, 326, -156, 165, 541, 24, 356, 156, 
278, 473, 195, -375, 41, 334, -165, 141, 512, 19, 370, 175, 
268, 483, 214, -375, 26, 348, -185, 92, 448, -9, 361, 175, 
268, 492, 224, -380, 21, 358, -219, 39, 370, -39, 351, 185, 
273, 512, 239, -392, 17, 375, -258, -24, 302, -63, 336, 190, 
268, 522, 253, -395, 7, 387, -292, -82, 219, -102, 326, 209, 
244, 531, 287, -387, -21, 409, -317, -146, 131, -141, 297, 219, 
209, 536, 326, -373, -58, 431, -356, -219, 34, -204, 263, 219, 
209, 546, 336, -378, -63, 441, -380, -278, -48, -244, 224, 229, 
200, 566, 366, -383, -82, 466, -409, -326, -117, -287, 185, 229, 
190, 580, 390, -385, -100, 485, -424, -366, -170, -317, 146, 229, 
175, 580, 405, -378, -114, 492, -444, -405, -209, -341, 126, 234, 
175, 595, 419, -385, -122, 507, -468, -448, -263, -351, 122, 229, 
165, 605, 439, -385, -136, 522, -492, -488, -326, -380, 112, 239, 
161, 629, 468, -395, -153, 549, -512, -527, -390, -414, 87, 229, 
141, 634, 492, -387, -175, 563, -536, -570, -453, -453, 58, 229, 
112, 634, 522, -373, -204, 578, -566, -610, -517, -492, 34, 234, 
78, 629, 551, -353, -236, 590, -585, -644, -570, -531, 4, 244, 
53, 639, 585, -346, -265, 612, -600, -673, -610, -561, -43, 244, 
43, 658, 614, -351, -285, 636, -614, -683, -619, -595, -78, 239, 
29, 658, 629, -344, -300, 644, -614, -673, -610, -600, -92, 229, 
14, 649, 634, -331, -309, 641, -614, -673, -610, -605, -112, 219, 
-4, 629, 634, -312, -319, 631, -619, -683, -624, -629, -141, 214, 
-9, 629, 639, -309, -324, 634, -629, -692, -639, -653, -151, 204, 
-14, 624, 639, -305, -326, 631, -639, -697, -644, -663, -156, 200, 
-14, 629, 644, -307, -329, 636, -663, -707, -649, -663, -156, 204, 
-24, 639, 663, -307, -344, 651, -683, -707, -629, -663, -146, 204, 
-34, 639, 673, -302, -353, 656, -697, -707, -605, -644, -141, 209, 
-34, 649, 683, -307, -358, 666, -722, -717, -585, -624, -136, 219, 
-9, 678, 688, -334, -348, 683, -732, -702, -556, -600, -122, 239, 
14, 678, 663, -346, -324, 671, -722, -678, -507, -566, -117, 229, 
34, 653, 619, -344, -292, 636, -707, -649, -448, -551, -102, 219, 
48, 624, 575, -336, -263, 600, -692, -610, -380, -527, -82, 209, 
68, 629, 561, -348, -246, 595, -673, -551, -307, -492, -53, 214, 
107, 624, 517, -366, -204, 570, -639, -497, -239, -473, -29, 195, 
122, 605, 483, -363, -180, 544, -605, -453, -185, -453, -4, 185, 
126, 580, 453, -353, -163, 517, -580, -409, -146, -448, 0, 190, 
126, 551, 424, -339, -148, 488, -541, -370, -117, -434, 9, 180, 
131, 527, 395, -329, -131, 461, -512, -326, -87, -424, 4, 165, 
136, 507, 370, -322, -117, 439, -492, -292, -53, -414, 9, 146, 
131, 492, 361, -312, -114, 427, -468, -268, -14, -390, 9, 141, 
136, 478, 341, -307, -102, 409, -444, -239, 34, -370, 19, 117, 
126, 453, 326, -290, -100, 390, -414, -195, 92, -351, 34, 112, 
126, 434, 307, -280, -90, 370, -385, -156, 141, -317, 58, 112, 
146, 434, 287, -290, -70, 361, -356, -117, 190, -292, 73, 97, 
151, 424, 273, -287, -61, 348, -331, -73, 248, -268, 102, 97, 
131, 395, 263, -263, -65, 329, -292, -29, 287, -248, 112, 97, 
126, 375, 248, -251, -61, 312, -263, 4, 302, -229, 136, 102, 
151, 385, 234, -268, -41, 309, -248, 29, 317, -219, 146, 97, 
170, 395, 224, -283, -26, 309, -229, 48, 336, -209, 161, 87, 
185, 390, 204, -287, -9, 297, -229, 58, 361, -190, 170, 92, 
190, 405, 214, -297, -12, 309, -229, 68, 375, -161, 185, 92, 
195, 409, 214, -302, -9, 312, -229, 68, 409, -131, 204, 107, 
214, 429, 214, -322, 0, 322, -224, 87, 448, -107, 234, 112, 
239, 444, 204, -341, 17, 324, -229, 107, 478, -92, 253, 122, 
253, 448, 195, -351, 29, 322, -224, 117, 497, -78, 268, 126, 
263, 448, 185, -356, 39, 317, -214, 141, 512, -73, 283, 131, 
263, 448, 185, -356, 39, 317, -200, 151, 522, -68, 292, 126, 
283, 453, 170, -368, 56, 312, -190, 161, 517, -53, 287, 126, 
297, 463, 165, -380, 65, 314, -175, 170, 522, -48, 302, 122, 
302, 458, 156, -380, 73, 307, -170, 185, 541, -39, 307, 117, 
297, 453, 156, -375, 70, 305, -170, 190, 556, -34, 312, 126, 
297, 453, 156, -375, 70, 305, -161, 200, 566, -14, 322, 126, 
297, 453, 156, -375, 70, 305, -141, 219, 595, 4, 331, 126, 
297, 453, 156, -375, 70, 305, -131, 239, 624, 24, 341, 126, 
302, 453, 151, -378, 75, 302, -117, 253, 644, 29, 346, 126, 
307, 448, 141, -378, 82, 295, -112, 263, 658, 39, 356, 126, 
307, 448, 141, -378, 82, 295, -107, 268, 663, 39, 366, 131, 
317, 458, 141, -387, 87, 300, -102, 273, 663, 43, 370, 131, 
317, 458, 141, -387, 87, 300, -102, 273, 663, 43, 370, 136, 
317, 453, 136, -385, 90, 295, -97, 278, 663, 43, 370, 136, 
307, 458, 151, -383, 78, 305, -97, 278, 668, 58, 375, 146, 
307, 458, 151, -383, 78, 305, -92, 278, 668, 63, 385, 146, 
312, 458, 146, -385, 82, 302, -92, 283, 678, 63, 390, 146, 
312, 458, 146, -385, 82, 302, -92, 292, 688, 68, 400, 146, 
312, 468, 156, -390, 78, 312, -102, 292, 688, 68, 390, 136, 
312, 468, 156, -390, 78, 312, -102, 297, 688, 73, 395, 136, 
312, 468, 156, -390, 78, 312, -97, 297, 697, 73, 395, 136, 
317, 473, 156, -395, 80, 314, -97, 297, 697, 73, 395, 136, 
317, 463, 146, -390, 85, 305, -92, 297, 697, 82, 400, 151, 
317, 463, 146, -390, 85, 305, -87, 297, 697, 82, 400, 151, 
312, 463, 151, -387, 80, 307, -82, 297, 697, 82, 405, 151, 
312, 463, 151, -387, 80, 307, -78, 292, 702, 92, 405, 156, 
322, 468, 146, -395, 87, 307, -92, 283, 702, 82, 409, 151, 
326, 478, 151, -402, 87, 314, -92, 292, 707, 87, 409, 151, 
326, 478, 151, -402, 87, 314, -87, 292, 707, 87, 414, 151, 
326, 473, 146, -400, 90, 309, -87, 297, 712, 92, 419, 151, 
322, 473, 151, -397, 85, 312, -87, 307, 727, 92, 429, 156, 
322, 478, 156, -400, 82, 317, -82, 312, 727, 97, 429, 156, 
326, 478, 151, -402, 87, 314, -82, 312, 732, 97, 434, 161, 
326, 478, 151, -402, 87, 314, -82, 312, 732, 97, 434, 161, 
326, 468, 141, -397, 92, 305, -82, 302, 732, 112, 444, 161, 
326, 473, 146, -400, 90, 309, -82, 307, 736, 122, 444, 161, 
331, 478, 146, -405, 92, 312, -82, 312, 741, 126, 444, 165, 
331, 478, 146, -405, 92, 312, -82, 312, 741, 126, 444, 170, 
326, 488, 161, -407, 82, 324, -87, 317, 746, 117, 453, 161, 
331, 488, 156, -409, 87, 322, -87, 317, 751, 122, 458, 161, 
331, 497, 165, -414, 82, 331, -82, 317, 756, 126, 458, 165, 
336, 497, 161, -417, 87, 329, -82, 317, 761, 126, 458, 170, 
346, 507, 161, -427, 92, 334, -73, 322, 766, 141, 468, 170, 
346, 507, 161, -427, 92, 334, -73, 322, 766, 141, 473, 175, 
346, 507, 161, -427, 92, 334, -68, 322, 771, 146, 478, 175, 
356, 522, 165, -439, 95, 344, -68, 322, 775, 151, 483, 175, 
356, 517, 161, -436, 97, 339, -73, 326, 785, 161, 483, 185, 
356, 517, 161, -436, 97, 339, -73, 331, 795, 170, 488, 190, 
351, 517, 165, -434, 92, 341, -73, 331, 805, 170, 492, 190, 
351, 512, 161, -431, 95, 336, -73, 331, 814, 175, 497, 190, 
351, 517, 165, -434, 92, 341, -73, 341, 810, 180, 497, 200, 
361, 527, 165, -444, 97, 346, -73, 341, 814, 185, 502, 200, 
366, 536, 170, -451, 97, 353, -73, 346, 819, 190, 507, 200, 
366, 551, 185, -458, 90, 368, -73, 351, 824, 195, 512, 204, 
375, 561, 185, -468, 95, 373, -63, 361, 844, 209, 522, 209, 
380, 566, 185, -473, 97, 375, -73, 366, 854, 219, 536, 214, 
385, 570, 185, -478, 100, 378, -73, 366, 858, 224, 546, 219, 
385, 575, 190, -480, 97, 383, -73, 366, 868, 224, 551, 224, 
400, 590, 190, -495, 104, 390, -63, 375, 878, 229, 561, 239, 
405, 590, 185, -497, 109, 387, -63, 375, 888, 248, 570, 239, 
409, 595, 185, -502, 112, 390, -63, 375, 897, 258, 585, 244, 
414, 600, 185, -507, 114, 392, -63, 375, 902, 268, 590, 244, 
424, 614, 190, -519, 117, 402, -68, 361, 897, 268, 595, 253, 
424, 619, 195, -522, 114, 407, -78, 361, 907, 273, 600, 253, 
429, 619, 190, -524, 119, 405, -102, 361, 912, 278, 600, 253, 
434, 624, 190, -529, 122, 407, -107, 366, 912, 283, 610, 258, 
439, 619, 180, -529, 129, 400, -117, 366, 912, 297, 610, 258, 
448, 629, 180, -539, 134, 405, -117, 361, 912, 302, 614, 268, 
448, 634, 185, -541, 131, 409, -117, 351, 912, 307, 619, 273, 
448, 639, 190, -544, 129, 414, -122, 346, 912, 307, 629, 273, 
463, 639, 175, -551, 143, 407, -126, 331, 897, 302, 634, 278, 
473, 649, 175, -561, 148, 412, -136, 326, 893, 307, 639, 278, 
478, 658, 180, -568, 148, 419, -141, 322, 893, 312, 644, 278, 
478, 663, 185, -570, 146, 424, -151, 322, 897, 317, 649, 283, 
488, 663, 175, -575, 156, 419, -156, 312, 893, 322, 653, 273, 
492, 668, 175, -580, 158, 422, -161, 317, 897, 331, 658, 287, 
502, 673, 170, -588, 165, 422, -165, 317, 897, 331, 658, 287, 
507, 678, 170, -592, 168, 424, -170, 317, 897, 336, 663, 287, 
507, 668, 161, -588, 173, 414, -170, 326, 907, 341, 668, 297, 
502, 668, 165, -585, 168, 417, -170, 326, 907, 341, 673, 297, 
507, 673, 165, -590, 170, 419, -165, 326, 907, 341, 673, 302, 
507, 678, 170, -592, 168, 424, -165, 322, 912, 341, 678, 302, 
497, 678, 180, -588, 158, 429, -165, 331, 922, 341, 668, 292, 
497, 678, 180, -588, 158, 429, -161, 331, 917, 341, 668, 292, 
497, 678, 180, -588, 158, 429, -165, 322, 907, 341, 668, 292, 
497, 678, 180, -588, 158, 429, -161, 322, 902, 336, 668, 297, 
492, 673, 180, -583, 156, 427, -161, 326, 902, 336, 668, 292, 
492, 668, 175, -580, 158, 422, -156, 326, 893, 331, 668, 292, 
492, 653, 161, -573, 165, 407, -156, 331, 893, 326, 668, 292, 
483, 649, 165, -566, 158, 407, -151, 336, 878, 326, 668, 292, 
483, 658, 175, -570, 153, 417, -141, 326, 878, 317, 653, 302, 
488, 663, 175, -575, 156, 419, -151, 326, 873, 312, 649, 302, 
488, 663, 175, -575, 156, 419, -151, 317, 868, 307, 644, 302, 
478, 663, 185, -570, 146, 424, -146, 312, 854, 307, 639, 297, 
483, 653, 170, -568, 156, 412, -156, 312, 829, 287, 634, 287, 
483, 649, 165, -566, 158, 407, -156, 307, 819, 278, 624, 287, 
483, 634, 151, -558, 165, 392, -156, 307, 810, 273, 614, 287, 
478, 629, 151, -553, 163, 390, -156, 297, 805, 263, 610, 287, 
468, 619, 151, -544, 158, 385, -156, 287, 795, 248, 600, 283, 
453, 619, 165, -536, 143, 392, -156, 283, 790, 244, 595, 278, 
448, 619, 170, -534, 139, 395, -156, 283, 785, 239, 585, 273, 
448, 619, 170, -534, 139, 395, -156, 278, 780, 224, 580, 263, 
444, 614, 170, -529, 136, 392, -156, 283, 761, 204, 556, 268, 
429, 605, 175, -517, 126, 390, -151, 278, 751, 195, 551, 263, 
419, 600, 180, -509, 119, 390, -151, 278, 736, 185, 541, 258, 
409, 595, 185, -502, 112, 390, -146, 273, 727, 180, 531, 253, 
419, 590, 170, -505, 124, 380, -136, 258, 722, 161, 517, 248, 
409, 590, 180, -500, 114, 385, -141, 258, 712, 146, 507, 244, 
405, 585, 180, -495, 112, 383, -141, 253, 712, 141, 497, 244, 
390, 575, 185, -483, 102, 380, -141, 248, 707, 131, 488, 239, 
390, 570, 180, -480, 104, 375, -141, 248, 692, 122, 478, 229, 
380, 570, 190, -475, 95, 380, -141, 244, 678, 117, 473, 224, 
375, 566, 190, -470, 92, 378, -136, 244, 678, 107, 463, 219, 
361, 546, 185, -453, 87, 366, -126, 248, 673, 107, 458, 214, 
346, 527, 180, -436, 82, 353, -126, 248, 663, 92, 448, 209, 
341, 527, 185, -434, 78, 356, -122, 248, 653, 87, 439, 204, 
341, 522, 180, -431, 80, 351, -122, 248, 653, 78, 434, 204, 
336, 522, 185, -429, 75, 353, -117, 248, 653, 73, 434, 200, 
341, 522, 180, -431, 80, 351, -126, 239, 639, 78, 434, 204, 
336, 517, 180, -427, 78, 348, -126, 234, 639, 73, 419, 200, 
326, 517, 190, -422, 68, 353, -126, 234, 639, 68, 419, 195, 
326, 512, 185, -419, 70, 348, -126, 234, 639, 63, 405, 190, 
322, 507, 185, -414, 68, 346, -112, 234, 644, 53, 405, 175, 
312, 497, 185, -405, 63, 341, -112, 239, 639, 53, 400, 175, 
302, 488, 185, -395, 58, 336, -112, 244, 634, 53, 395, 175, 
302, 488, 185, -395, 58, 336, -117, 244, 634, 53, 390, 175, 
302, 478, 175, -390, 63, 326, -107, 244, 644, 43, 400, 175, 
297, 473, 175, -385, 61, 324, -102, 244, 629, 39, 395, 175, 
297, 473, 175, -385, 61, 324, -102, 244, 629, 34, 395, 165, 
297, 473, 175, -385, 61, 324, -102, 244, 634, 29, 395, 156, 
283, 473, 190, -378, 46, 331, -112, 244, 634, 29, 390, 165, 
283, 478, 195, -380, 43, 336, -107, 244, 634, 29, 385, 161, 
283, 478, 195, -380, 43, 336, -97, 244, 634, 29, 385, 156, 
278, 478, 200, -378, 39, 339, -97, 244, 634, 29, 385, 156, 
273, 468, 195, -370, 39, 331, -107, 244, 634, 34, 375, 156, 
273, 458, 185, -366, 43, 322, -97, 244, 624, 29, 370, 146, 
273, 458, 185, -366, 43, 322, -97, 244, 624, 29, 380, 146, 
273, 458, 185, -366, 43, 322, -97, 244, 624, 29, 380, 146, 
273, 458, 185, -366, 43, 322, -97, 244, 624, 29, 380, 146, 
273, 458, 185, -366, 43, 322, -97, 244, 624, 29, 380, 146, 
273, 463, 190, -368, 41, 326, -97, 244, 624, 24, 380, 151, 
273, 463, 190, -368, 41, 326, -102, 244, 624, 24, 380, 151, 
273, 463, 190, -368, 41, 326, -107, 244, 624, 24, 380, 151, 
273, 463, 190, -368, 41, 326, -107, 244, 624, 24, 375, 151, 
268, 478, 209, -373, 29, 344, -112, 253, 629, 39, 375, 161, 
263, 478, 214, -370, 24, 346, -107, 244, 629, 39, 375, 161, 
258, 478, 219, -368, 19, 348, -102, 244, 629, 34, 375, 161, 
253, 473, 219, -363, 17, 346, -97, 244, 634, 34, 375, 161, 
263, 473, 209, -368, 26, 341, -87, 244, 634, 29, 385, 165, 
263, 478, 214, -370, 24, 346, -87, 244, 629, 29, 385, 165, 
263, 483, 219, -373, 21, 351, -97, 244, 629, 34, 385, 165, 
263, 488, 224, -375, 19, 356, -97, 244, 629, 34, 385, 165, 
273, 497, 224, -385, 24, 361, -102, 244, 639, 43, 385, 175, 
273, 497, 224, -385, 24, 361, -102, 244, 639, 43, 385, 175, 
273, 497, 224, -385, 24, 361, -102, 248, 639, 43, 385, 175, 
273, 497, 224, -385, 24, 361, -102, 248, 634, 43, 385, 175, 
263, 497, 234, -380, 14, 366, -102, 248, 644, 43, 395, 175, 
268, 497, 229, -383, 19, 363, -102, 248, 649, 43, 395, 175, 
273, 497, 224, -385, 24, 361, -102, 244, 649, 43, 395, 175, 
273, 497, 224, -385, 24, 361, -107, 244, 644, 43, 395, 175, 
283, 502, 219, -392, 31, 361, -107, 234, 644, 39, 395, 175, 
283, 507, 224, -395, 29, 366, -112, 229, 649, 39, 395, 170, 
283, 512, 229, -397, 26, 370, -112, 229, 653, 39, 390, 170, 
273, 507, 234, -390, 19, 370, -112, 229, 658, 39, 390, 170, 
273, 517, 244, -395, 14, 380, -126, 224, 644, 43, 395, 170, 
273, 517, 244, -395, 14, 380, -131, 214, 639, 43, 395, 170, 
273, 517, 244, -395, 14, 380, -131, 209, 634, 43, 395, 175, 
273, 512, 239, -392, 17, 375, -131, 204, 629, 43, 395, 175, 
283, 502, 219, -392, 31, 361, -151, 190, 614, 39, 390, 180, 
283, 507, 224, -395, 29, 366, -156, 185, 610, 39, 390, 180, 
283, 517, 234, -400, 24, 375, -161, 180, 605, 39, 390, 180, 
283, 522, 239, -402, 21, 380, -161, 175, 600, 34, 390, 175, 
292, 522, 229, -407, 31, 375, -165, 165, 590, 39, 390, 180, 
287, 522, 234, -405, 26, 378, -170, 165, 590, 39, 390, 180, 
287, 527, 239, -407, 24, 383, -175, 165, 590, 39, 390, 180, 
292, 541, 248, -417, 21, 395, -180, 165, 590, 43, 390, 180, 
302, 531, 229, -417, 36, 380, -175, 175, 595, 53, 395, 185, 
297, 527, 229, -412, 34, 378, -175, 185, 600, 48, 390, 185, 
283, 522, 239, -402, 21, 380, -175, 190, 605, 48, 395, 185, 
292, 522, 229, -407, 31, 375, -170, 195, 610, 48, 400, 185, 
287, 527, 239, -407, 24, 383, -161, 204, 619, 48, 400, 175, 
287, 527, 239, -407, 24, 383, -161, 209, 619, 48, 400, 175, 
283, 517, 234, -400, 24, 375, -151, 209, 619, 48, 405, 175, 
283, 512, 229, -397, 26, 370, -151, 209, 619, 48, 405, 175, 
283, 512, 229, -397, 26, 370, -141, 209, 619, 48, 395, 175, 
283, 512, 229, -397, 26, 370, -146, 209, 619, 48, 395, 175, 
283, 512, 229, -397, 26, 370, -146, 209, 619, 48, 395, 175, 
278, 507, 229, -392, 24, 368, -146, 214, 619, 48, 395, 175, 
283, 497, 214, -390, 34, 356, -136, 224, 624, 43, 395, 165, 
283, 497, 214, -390, 34, 356, -136, 224, 624, 43, 395, 165, 
287, 497, 209, -392, 39, 353, -136, 224, 624, 43, 395, 165, 
287, 497, 209, -392, 39, 353, -136, 219, 624, 43, 395, 161, 
287, 492, 204, -390, 41, 348, -126, 224, 634, 34, 395, 161, 
287, 492, 204, -390, 41, 348, -126, 229, 634, 34, 395, 161, 
287, 492, 204, -390, 41, 348, -126, 234, 634, 34, 395, 161, 
287, 497, 209, -392, 39, 353, -126, 239, 634, 34, 395, 161, 
297, 492, 195, -395, 51, 344, -117, 244, 634, 34, 380, 161, 
297, 488, 190, -392, 53, 339, -117, 244, 634, 34, 380, 161, 
292, 483, 190, -387, 51, 336, -117, 244, 634, 34, 385, 161, 
292, 478, 185, -385, 53, 331, -117, 244, 634, 34, 385, 161, 
287, 473, 185, -380, 51, 329, -107, 253, 634, 24, 385, 156, 
287, 473, 185, -380, 51, 329, -107, 248, 634, 24, 385, 146, 
287, 473, 185, -380, 51, 329, -107, 248, 634, 24, 385, 141, 
287, 473, 185, -380, 51, 329, -107, 248, 634, 24, 385, 136, 
287, 468, 180, -378, 53, 324, -97, 248, 634, 29, 375, 146, 
287, 468, 180, -378, 53, 324, -97, 248, 634, 29, 375, 146, 
287, 468, 180, -378, 53, 324, -97, 248, 634, 29, 375, 151, 
287, 468, 180, -378, 53, 324, -97, 248, 634, 29, 375, 151, 
287, 468, 180, -378, 53, 324, -102, 253, 639, 39, 385, 151, 
287, 468, 180, -378, 53, 324, -102, 253, 639, 39, 385, 151, 
287, 478, 190, -383, 48, 334, -107, 244, 629, 39, 385, 151, 
287, 478, 190, -383, 48, 334, -107, 239, 619, 39, 385, 151, 
297, 483, 185, -390, 56, 334, -117, 234, 610, 39, 385, 161, 
307, 492, 185, -400, 61, 339, -122, 224, 605, 29, 390, 170, 
302, 492, 190, -397, 56, 341, -131, 209, 600, 39, 395, 175, 
302, 497, 195, -400, 53, 346, -141, 204, 595, 34, 405, 170, 
312, 507, 195, -409, 58, 351, -146, 195, 580, 43, 409, 175, 
322, 517, 195, -419, 63, 356, -156, 185, 570, 43, 414, 185, 
317, 522, 204, -419, 56, 363, -175, 170, 561, 48, 419, 195, 
317, 531, 214, -424, 51, 373, -185, 151, 527, 48, 429, 195, 
317, 541, 224, -429, 46, 383, -200, 117, 478, 39, 419, 204, 
302, 541, 239, -422, 31, 390, -219, 73, 419, 4, 395, 209, 
307, 551, 244, -429, 31, 397, -253, 14, 336, -34, 375, 209, 
302, 570, 268, -436, 17, 419, -268, -39, 268, -73, 346, 209, 
268, 575, 307, -422, -19, 441, -287, -92, 180, -117, 322, 219, 
239, 556, 317, -397, -39, 436, -312, -151, 97, -165, 292, 209, 
209, 546, 336, -378, -63, 441, -331, -200, 29, -219, 244, 209, 
190, 561, 370, -375, -90, 466, -346, -239, -24, -258, 204, 209, 
175, 570, 395, -373, -109, 483, -366, -268, -63, -283, 175, 214, 
146, 575, 429, -361, -141, 502, -400, -322, -146, -322, 161, 219, 
126, 575, 448, -351, -161, 512, -434, -380, -229, -351, 141, 209, 
122, 590, 468, -356, -173, 529, -453, -429, -292, -385, 117, 209, 
122, 624, 502, -373, -190, 563, -478, -473, -356, -414, 87, 209, 
102, 624, 522, -363, -209, 573, -497, -522, -419, -453, 63, 214, 
68, 610, 541, -339, -236, 575, -527, -566, -483, -502, 24, 214, 
43, 629, 585, -336, -270, 607, -551, -595, -522, -531, -14, 214, 
34, 649, 614, -341, -290, 631, -566, -605, -551, -566, -39, 209, 
39, 649, 610, -344, -285, 629, -566, -614, -570, -590, -73, 209, 
24, 639, 614, -331, -295, 627, -566, -614, -580, -624, -102, 200, 
-4, 629, 634, -312, -319, 631, -561, -614, -605, -639, -122, 204, 
-39, 619, 658, -290, -348, 639, -570, -634, -639, -673, -161, 185, 
-43, 624, 668, -290, -356, 646, -610, -668, -663, -692, -175, 170, 
-34, 639, 673, -302, -353, 656, -644, -697, -688, -702, -185, 175, 
-43, 639, 683, -297, -363, 661, -663, -717, -678, -702, -185, 175, 
-53, 629, 683, -287, -368, 656, -658, -717, -663, -683, -170, 180, 
-53, 629, 683, -287, -368, 656, -663, -688, -614, -663, -156, 190, 
-48, 639, 688, -295, -368, 663, -653, -663, -556, -639, -141, 200, 
-24, 639, 663, -307, -344, 651, -653, -639, -497, -614, -126, 200, 
4, 644, 639, -324, -317, 641, -629, -610, -439, -580, -122, 200, 
19, 624, 605, -322, -292, 614, -605, -551, -380, -556, -112, 190, 
19, 600, 580, -309, -280, 590, -575, -492, -307, -541, -102, 165, 
39, 585, 546, -312, -253, 566, -531, -429, -239, -522, -87, 156, 
73, 575, 502, -324, -214, 539, -497, -375, -185, -492, -63, 156, 
87, 570, 483, -329, -197, 527, -473, -341, -136, -468, -29, 151, 
78, 531, 453, -305, -187, 492, -444, -312, -107, -444, -19, 141, 
73, 497, 424, -285, -175, 461, -424, -287, -68, -424, -4, 136, 
87, 497, 409, -292, -161, 453, -414, -273, -24, -414, 9, 136, 
92, 502, 409, -297, -158, 456, -409, -248, 14, -390, 29, 131, 
87, 497, 409, -292, -161, 453, -405, -219, 63, -361, 39, 136, 
97, 492, 395, -295, -148, 444, -395, -195, 112, -322, 63, 141, 
97, 492, 395, -295, -148, 444, -385, -165, 151, -297, 87, 141, 
107, 483, 375, -295, -134, 429, -366, -126, 190, -263, 102, 126, 
122, 492, 370, -307, -124, 431, -341, -82, 229, -229, 122, 136, 
141, 512, 370, -326, -114, 441, -312, -48, 278, -209, 151, 126, 
146, 483, 336, -314, -95, 409, -283, -24, 302, -190, 175, 122, 
151, 463, 312, -307, -80, 387, -278, 0, 326, -170, 195, 126, 
180, 473, 292, -326, -56, 383, -258, 19, 346, -151, 209, 136, 
214, 497, 283, -356, -34, 390, -268, 29, 370, -131, 229, 141, 
229, 502, 273, -366, -21, 387, -278, 29, 395, -122, 244, 141, 
244, 517, 273, -380, -14, 395, -287, 39, 419, -102, 263, 146, 
263, 546, 283, -405, -9, 414, -292, 48, 448, -68, 283, 161, 
278, 570, 292, -424, -7, 431, -287, 58, 478, -34, 322, 170, 
292, 575, 283, -434, 4, 429, -283, 78, 497, -19, 336, 175, 
322, 585, 263, -453, 29, 424, -263, 102, 512, -4, 341, 170, 
331, 566, 234, -448, 48, 400, -248, 122, 522, 9, 351, 165, 
322, 541, 219, -431, 51, 380, -239, 141, 527, 14, 366, 165, 
326, 531, 204, -429, 61, 368, -214, 161, 541, 19, 370, 161, 
341, 536, 195, -439, 73, 366, -200, 175, 561, 29, 375, 156, 
356, 541, 185, -448, 85, 363, -200, 180, 585, 34, 380, 156, 
356, 541, 185, -448, 85, 363, -190, 200, 605, 43, 380, 156, 
326, 531, 204, -429, 61, 368, -180, 209, 624, 53, 390, 156, 
317, 531, 214, -424, 51, 373, -170, 229, 634, 63, 400, 156, 
331, 551, 219, -441, 56, 385, -165, 244, 644, 58, 405, 156, 
336, 546, 209, -441, 63, 378, -151, 263, 658, 68, 414, 156, 
326, 531, 204, -429, 61, 368, -136, 268, 673, 73, 424, 161, 
336, 536, 200, -436, 68, 368, -131, 273, 673, 82, 429, 161, 
336, 531, 195, -434, 70, 363, -131, 273, 673, 87, 429, 165, 
336, 522, 185, -429, 75, 353, -126, 278, 673, 92, 429, 165, 
331, 512, 180, -422, 75, 346, -122, 278, 688, 92, 419, 156, 
326, 507, 180, -417, 73, 344, -112, 278, 688, 92, 424, 156, 
326, 502, 175, -414, 75, 339, -107, 283, 697, 87, 424, 156, 
322, 497, 175, -409, 73, 336, -102, 292, 707, 87, 429, 156, 
322, 488, 165, -405, 78, 326, -102, 302, 697, 87, 419, 146, 
322, 488, 165, -405, 78, 326, -102, 307, 697, 92, 424, 146, 
322, 488, 165, -405, 78, 326, -97, 307, 707, 92, 424, 146, 
326, 492, 165, -409, 80, 329, -97, 307, 707, 92, 424, 146, 
336, 492, 156, -414, 90, 324, -92, 312, 712, 102, 429, 151, 
336, 492, 156, -414, 90, 324, -87, 317, 717, 102, 429, 151, 
331, 492, 161, -412, 85, 326, -82, 322, 722, 102, 434, 151, 
331, 492, 161, -412, 85, 326, -78, 322, 732, 112, 434, 156, 
322, 488, 165, -405, 78, 326, -78, 331, 732, 97, 429, 156, 
326, 488, 161, -407, 82, 324, -73, 341, 736, 97, 429, 151, 
326, 478, 151, -402, 87, 314, -63, 341, 736, 92, 434, 146, 
326, 463, 136, -395, 95, 300, -58, 346, 741, 92, 439, 141, 
331, 468, 136, -400, 97, 302, -68, 336, 736, 102, 448, 151, 
331, 478, 146, -405, 92, 312, -63, 341, 736, 107, 448, 156, 
336, 483, 146, -409, 95, 314, -63, 341, 741, 107, 453, 165, 
336, 488, 151, -412, 92, 319, -63, 341, 741, 107, 453, 170, 
336, 497, 161, -417, 87, 329, -63, 341, 746, 102, 453, 161, 
336, 502, 165, -419, 85, 334, -63, 346, 756, 112, 453, 161, 
341, 507, 165, -424, 87, 336, -63, 351, 766, 117, 453, 165, 
341, 507, 165, -424, 87, 336, -63, 351, 771, 117, 453, 170, 
346, 502, 156, -424, 95, 329, -48, 366, 775, 107, 453, 161, 
351, 497, 146, -424, 102, 322, -48, 366, 780, 112, 458, 161, 
351, 502, 151, -427, 100, 326, -43, 366, 785, 117, 458, 165, 
356, 497, 141, -427, 107, 319, -43, 366, 790, 117, 458, 170, 
356, 497, 141, -427, 107, 319, -53, 361, 785, 131, 478, 161, 
356, 497, 141, -427, 107, 319, -53, 361, 785, 131, 483, 165, 
356, 497, 141, -427, 107, 319, -48, 361, 790, 136, 488, 165, 
366, 512, 146, -439, 109, 329, -48, 361, 795, 141, 492, 165, 
370, 522, 151, -446, 109, 336, -63, 356, 800, 151, 492, 170, 
375, 527, 151, -451, 112, 339, -63, 361, 805, 161, 497, 180, 
375, 531, 156, -453, 109, 344, -63, 361, 810, 161, 502, 185, 
380, 531, 151, -456, 114, 341, -63, 361, 814, 165, 507, 190, 
370, 517, 146, -444, 112, 331, -53, 366, 819, 165, 507, 190, 
380, 517, 136, -448, 122, 326, -53, 370, 824, 165, 512, 190, 
385, 517, 131, -451, 126, 324, -53, 380, 829, 165, 517, 190, 
385, 522, 136, -453, 124, 329, -53, 390, 834, 165, 522, 195, 
395, 531, 136, -463, 129, 334, -43, 390, 839, 180, 517, 195, 
400, 536, 136, -468, 131, 336, -53, 395, 844, 190, 527, 195, 
405, 541, 136, -473, 134, 339, -53, 395, 844, 195, 531, 195, 
405, 546, 141, -475, 131, 344, -53, 395, 849, 195, 531, 195, 
419, 561, 141, -490, 139, 351, -53, 395, 863, 195, 546, 209, 
424, 561, 136, -492, 143, 348, -53, 395, 868, 209, 551, 209, 
429, 566, 136, -497, 146, 351, -53, 395, 873, 214, 561, 214, 
434, 570, 136, -502, 148, 353, -53, 395, 873, 219, 561, 214, 
434, 575, 141, -505, 146, 358, -43, 395, 888, 219, 566, 214, 
434, 580, 146, -507, 143, 363, -48, 400, 897, 224, 570, 214, 
439, 580, 141, -509, 148, 361, -68, 405, 902, 229, 570, 214, 
444, 585, 141, -514, 151, 363, -68, 414, 902, 234, 580, 219, 
448, 580, 131, -514, 158, 356, -58, 419, 907, 258, 590, 229, 
458, 600, 141, -529, 158, 370, -58, 429, 912, 273, 605, 239, 
488, 634, 146, -561, 170, 390, -48, 424, 917, 268, 619, 253, 
488, 634, 146, -561, 170, 390, -48, 419, 917, 263, 614, 253, 
478, 624, 146, -551, 165, 385, -58, 419, 922, 263, 614, 253, 
478, 624, 146, -551, 165, 385, -58, 419, 927, 263, 614, 253, 
478, 624, 146, -551, 165, 385, -58, 419, 932, 263, 614, 253, 
478, 624, 146, -551, 165, 385, -58, 419, 936, 263, 614, 253, 
483, 634, 151, -558, 165, 392, -58, 419, 946, 268, 619, 253, 
488, 639, 151, -563, 168, 395, -63, 419, 946, 278, 624, 258, 
492, 644, 151, -568, 170, 397, -68, 419, 946, 287, 629, 263, 
497, 649, 151, -573, 173, 400, -68, 419, 946, 297, 629, 268, 
502, 668, 165, -585, 168, 417, -92, 414, 946, 302, 644, 278, 
507, 673, 165, -590, 170, 419, -97, 400, 941, 302, 649, 278, 
512, 678, 165, -595, 173, 422, -102, 395, 936, 297, 653, 278, 
517, 678, 161, -597, 178, 419, -107, 390, 936, 297, 658, 278, 
527, 688, 161, -607, 183, 424, -117, 375, 927, 292, 649, 283, 
527, 692, 165, -610, 180, 429, -126, 361, 912, 292, 649, 283, 
527, 697, 170, -612, 178, 434, -146, 346, 902, 297, 649, 283, 
527, 702, 175, -614, 175, 439, -156, 331, 893, 297, 649, 283, 
527, 712, 185, -619, 170, 448, -175, 317, 878, 292, 649, 287, 
527, 712, 185, -619, 170, 448, -180, 312, 873, 287, 649, 292, 
527, 712, 185, -619, 170, 448, -185, 312, 868, 283, 649, 297, 
527, 712, 185, -619, 170, 448, -190, 307, 858, 278, 649, 302, 
527, 722, 195, -624, 165, 458, -200, 302, 844, 278, 658, 312, 
531, 722, 190, -627, 170, 456, -200, 297, 844, 278, 658, 312, 
536, 722, 185, -629, 175, 453, -200, 287, 839, 278, 658, 312, 
536, 722, 185, -629, 175, 453, -204, 283, 829, 278, 658, 312, 
531, 712, 180, -622, 175, 446, -224, 268, 814, 253, 639, 302, 
527, 712, 185, -619, 170, 448, -229, 258, 805, 244, 629, 297, 
522, 712, 190, -617, 165, 451, -229, 253, 795, 234, 614, 297, 
507, 702, 195, -605, 156, 448, -229, 248, 785, 224, 605, 297, 
502, 712, 209, -607, 146, 461, -229, 239, 775, 224, 605, 307, 
497, 712, 214, -605, 141, 463, -229, 234, 766, 219, 600, 307, 
492, 712, 219, -602, 136, 466, -224, 234, 756, 214, 595, 312, 
488, 707, 219, -597, 134, 463, -219, 234, 746, 209, 590, 312, 
473, 688, 214, -580, 129, 451, -219, 234, 736, 195, 575, 302, 
468, 683, 214, -575, 126, 448, -214, 234, 727, 185, 566, 297, 
463, 683, 219, -573, 122, 451, -209, 234, 717, 175, 556, 292, 
458, 678, 219, -568, 119, 448, -200, 234, 707, 161, 546, 283, 
448, 658, 209, -553, 119, 434, -200, 224, 692, 141, 536, 268, 
434, 649, 214, -541, 109, 431, -200, 224, 688, 136, 527, 268, 
424, 644, 219, -534, 102, 431, -200, 224, 683, 131, 517, 268, 
419, 649, 229, -534, 95, 439, -200, 224, 678, 131, 507, 268, 
409, 634, 224, -522, 92, 429, -185, 229, 673, 117, 497, 253, 
395, 624, 229, -509, 82, 427, -185, 234, 668, 107, 488, 253, 
370, 614, 244, -492, 63, 429, -185, 234, 663, 102, 488, 253, 
370, 610, 239, -490, 65, 424, -180, 234, 658, 97, 488, 253, 
366, 605, 239, -485, 63, 422, -170, 224, 653, 82, 478, 248, 
366, 605, 239, -485, 63, 422, -170, 229, 649, 78, 468, 244, 
361, 595, 234, -478, 63, 414, -161, 229, 644, 73, 463, 239, 
361, 590, 229, -475, 65, 409, -161, 229, 639, 68, 453, 234, 
356, 580, 224, -468, 65, 402, -156, 239, 639, 63, 439, 219, 
351, 570, 219, -461, 65, 395, -156, 239, 639, 58, 434, 214, 
346, 561, 214, -453, 65, 387, -151, 239, 639, 53, 429, 209, 
336, 546, 209, -441, 63, 378, -146, 244, 639, 48, 424, 204, 
326, 531, 204, -429, 61, 368, -131, 248, 644, 39, 419, 200, 
322, 527, 204, -424, 58, 366, -126, 253, 644, 34, 414, 195, 
322, 522, 200, -422, 61, 361, -122, 258, 644, 29, 409, 190, 
317, 517, 200, -417, 58, 358, -117, 258, 644, 24, 405, 180, 
307, 507, 200, -407, 53, 353, -107, 258, 634, 14, 395, 170, 
307, 502, 195, -405, 56, 348, -107, 258, 634, 14, 395, 170, 
307, 497, 190, -402, 58, 344, -107, 258, 634, 14, 395, 170, 
307, 497, 190, -402, 58, 344, -107, 258, 634, 14, 395, 170, 
307, 507, 200, -407, 53, 353, -107, 263, 634, 14, 400, 170, 
307, 507, 200, -407, 53, 353, -107, 263, 634, 14, 400, 170, 
302, 507, 204, -405, 48, 356, -107, 263, 634, 14, 405, 170, 
302, 507, 204, -405, 48, 356, -107, 263, 634, 14, 405, 170, 
302, 507, 204, -405, 48, 356, -97, 273, 634, 14, 395, 170, 
297, 502, 204, -400, 46, 353, -97, 268, 634, 14, 395, 165, 
292, 497, 204, -395, 43, 351, -97, 268, 634, 14, 395, 165, 
287, 492, 204, -390, 41, 348, -97, 268, 634, 14, 395, 165, 
287, 478, 190, -383, 48, 334, -87, 268, 634, 0, 390, 156, 
287, 478, 190, -383, 48, 334, -87, 268, 634, 0, 385, 156, 
287, 478, 190, -383, 48, 334, -87, 268, 634, 0, 380, 161, 
287, 478, 190, -383, 48, 334, -87, 268, 634, 0, 375, 161, 
297, 468, 170, -383, 63, 319, -92, 273, 634, 0, 375, 151, 
297, 468, 170, -383, 63, 319, -92, 273, 639, 0, 375, 151, 
297, 478, 180, -387, 58, 329, -97, 263, 634, 0, 375, 151, 
297, 478, 180, -387, 58, 329, -97, 258, 629, 0, 375, 151, 
268, 473, 204, -370, 31, 339, -97, 253, 619, -9, 375, 161, 
268, 473, 204, -370, 31, 339, -102, 244, 614, -19, 370, 151, 
302, 492, 190, -397, 56, 341, -102, 239, 619, -9, 375, 156, 
312, 497, 185, -405, 63, 341, -102, 244, 605, -4, 385, 161, 
302, 497, 195, -400, 53, 346, -117, 234, 600, 4, 390, 175, 
292, 507, 214, -400, 39, 361, -136, 214, 600, 24, 414, 185, 
307, 531, 224, -419, 41, 378, -146, 200, 590, 29, 429, 195, 
307, 551, 244, -429, 31, 397, -165, 180, 556, 29, 439, 214, 
287, 561, 273, -424, 7, 417, -180, 146, 517, 9, 429, 224, 
263, 561, 297, -412, -17, 429, -190, 92, 458, -14, 405, 239, 
258, 570, 312, -414, -26, 441, -214, 53, 385, -43, 395, 258, 
244, 590, 346, -417, -51, 468, -229, 0, 317, -73, 375, 258, 
209, 595, 385, -402, -87, 490, -248, -53, 239, -117, 341, 258, 
190, 614, 424, -402, -117, 519, -283, -112, 165, -156, 302, 268, 
161, 614, 453, -387, -146, 534, -312, -170, 87, -209, 273, 258, 
131, 600, 468, -366, -168, 534, -326, -209, 34, -258, 224, 258, 
97, 619, 522, -358, -212, 570, -336, -229, -14, -302, 195, 263, 
97, 644, 546, -370, -224, 595, -361, -273, -78, -351, 161, 268, 
78, 653, 575, -366, -248, 614, -395, -331, -161, -400, 122, 258, 
43, 649, 605, -346, -280, 627, -405, -370, -224, -434, 97, 268, 
24, 673, 649, -348, -312, 661, -419, -395, -268, -463, 68, 268, 
24, 683, 658, -353, -317, 671, -429, -424, -312, -492, 34, 263, 
19, 678, 658, -348, -319, 668, -448, -448, -346, -531, -4, 253, 
4, 678, 673, -341, -334, 675, -483, -478, -385, -570, -34, 253, 
-4, 678, 683, -336, -344, 680, -507, -497, -405, -595, -68, 248, 
-19, 658, 678, -319, -348, 668, -517, -507, -424, -619, -92, 239, 
-53, 658, 712, -302, -383, 685, -517, -507, -434, -634, -112, 229, 
-73, 668, 741, -297, -407, 705, -522, -517, -439, -649, -131, 224, 
-87, 678, 766, -295, -427, 722, -522, -517, -453, -663, -141, 224, 
-102, 653, 756, -275, -429, 705, -522, -522, -458, -683, -156, 209, 
-122, 639, 761, -258, -441, 700, -536, -551, -483, -692, -165, 204, 
-131, 639, 771, -253, -451, 705, -566, -570, -502, -692, -175, 204, 
-122, 639, 761, -258, -441, 700, -570, -580, -497, -692, -180, 209, 
-112, 639, 751, -263, -431, 695, -585, -590, -478, -683, -175, 209, 
-117, 629, 746, -256, -431, 688, -605, -585, -458, -658, -161, 209, 
-102, 619, 722, -258, -412, 671, -595, -570, -419, -644, -146, 209, 
-92, 614, 707, -261, -400, 661, -580, -531, -361, -619, -141, 190, 
-68, 614, 683, -273, -375, 649, -575, -492, -302, -585, -112, 180, 
-39, 619, 658, -290, -348, 639, -556, -463, -239, -551, -82, 185, 
-29, 595, 624, -283, -326, 610, -522, -419, -170, -522, -58, 175, 
-34, 536, 570, -251, -302, 553, -497, -375, -107, -492, -43, 146, 
-29, 483, 512, -226, -270, 497, -463, -331, -58, -478, -39, 122, 
-29, 444, 473, -207, -251, 458, -414, -273, -19, -463, -39, 112, 
-24, 409, 434, -192, -229, 422, -385, -229, 9, -463, -53, 78, 
-19, 380, 400, -180, -209, 390, -356, -195, 43, -463, -58, 58, 
-4, 385, 390, -190, -197, 387, -341, -151, 82, -458, -39, 53, 
0, 409, 409, -204, -204, 409, -326, -112, 131, -419, -9, 68, 
9, 424, 414, -217, -202, 419, -307, -78, 190, -380, 24, 82, 
29, 424, 395, -226, -183, 409, -287, -39, 248, -336, 58, 82, 
48, 424, 375, -236, -163, 400, -268, -9, 307, -302, 82, 78, 
53, 405, 351, -229, -148, 378, -253, 14, 356, -278, 122, 78, 
102, 414, 312, -258, -104, 363, -244, 39, 385, -239, 151, 87, 
156, 444, 287, -300, -65, 366, -234, 63, 409, -200, 175, 92, 
180, 453, 273, -317, -46, 363, -229, 78, 424, -170, 204, 107, 
190, 463, 273, -326, -41, 368, -239, 78, 424, -161, 239, 117, 
204, 488, 283, -346, -39, 385, -239, 87, 439, -151, 258, 131, 
219, 522, 302, -370, -41, 412, -229, 107, 463, -141, 253, 141, 
253, 546, 292, -400, -19, 419, -229, 126, 497, -131, 263, 136, 
283, 546, 263, -414, 9, 405, -224, 146, 527, -107, 283, 141, 
278, 522, 244, -400, 17, 383, -209, 165, 556, -82, 302, 141, 
273, 507, 234, -390, 19, 370, -195, 185, 585, -58, 317, 146, 
302, 507, 204, -405, 48, 356, -185, 190, 590, -34, 341, 161, 
322, 517, 195, -419, 63, 356, -170, 200, 600, -19, 361, 165, 
322, 522, 200, -422, 61, 361, -151, 229, 614, -4, 375, 165, 
307, 502, 195, -405, 56, 348, -136, 248, 629, -9, 380, 151, 
292, 488, 195, -390, 48, 341, -122, 263, 639, -9, 375, 146, 
297, 492, 195, -395, 51, 344, -122, 278, 653, -4, 380, 156, 
307, 502, 195, -405, 56, 348, -112, 287, 673, 4, 380, 156, 
317, 512, 195, -414, 61, 353, -122, 297, 683, 14, 390, 156, 
297, 502, 204, -400, 46, 353, -122, 297, 702, 24, 400, 165, 
283, 492, 209, -387, 36, 351, -107, 302, 712, 29, 395, 165, 
297, 497, 200, -397, 48, 348, -102, 312, 717, 29, 395, 165, 
302, 497, 195, -400, 53, 346, -97, 307, 717, 39, 405, 161, 
317, 507, 190, -412, 63, 348, -92, 312, 712, 43, 409, 161, 
322, 507, 185, -414, 68, 346, -92, 312, 707, 43, 409, 165, 
326, 502, 175, -414, 75, 339, -87, 317, 702, 43, 409, 165, 
322, 492, 170, -407, 75, 331, -78, 317, 712, 43, 400, 156, 
317, 488, 170, -402, 73, 329, -73, 317, 717, 43, 405, 156, 
317, 483, 165, -400, 75, 324, -73, 322, 732, 39, 405, 156, 
312, 478, 165, -395, 73, 322, -73, 331, 746, 39, 409, 156, 
307, 478, 170, -392, 68, 324, -63, 331, 736, 48, 409, 156, 
302, 478, 175, -390, 63, 326, -63, 336, 736, 53, 414, 156, 
297, 478, 180, -387, 58, 329, -58, 336, 746, 53, 414, 156, 
297, 483, 185, -390, 56, 334, -58, 336, 746, 53, 414, 156, 
302, 492, 190, -397, 56, 341, -68, 336, 746, 53, 429, 161, 
307, 492, 185, -400, 61, 339, -68, 336, 746, 53, 429, 161, 
307, 492, 185, -400, 61, 339, -68, 336, 746, 53, 434, 161, 
312, 492, 180, -402, 65, 336, -68, 331, 751, 63, 434, 165, 
312, 507, 195, -409, 58, 351, -63, 341, 771, 73, 429, 180, 
317, 517, 200, -417, 58, 358, -63, 351, 775, 78, 429, 180, 
317, 517, 200, -417, 58, 358, -58, 351, 775, 78, 434, 180, 
317, 512, 195, -414, 61, 353, -58, 356, 780, 82, 439, 180, 
322, 507, 185, -414, 68, 346, -58, 346, 775, 82, 448, 175, 
322, 507, 185, -414, 68, 346, -53, 351, 775, 87, 448, 175, 
326, 502, 175, -414, 75, 339, -53, 351, 780, 87, 453, 180, 
326, 497, 170, -412, 78, 334, -53, 351, 780, 87, 453, 180, 
317, 507, 190, -412, 63, 348, -63, 341, 771, 87, 453, 170, 
317, 512, 195, -414, 61, 353, -63, 346, 775, 92, 453, 170, 
322, 517, 195, -419, 63, 356, -63, 351, 780, 92, 453, 175, 
322, 517, 195, -419, 63, 356, -63, 351, 780, 87, 453, 180, 
336, 517, 180, -427, 78, 348, -58, 356, 795, 97, 453, 180, 
341, 517, 175, -429, 82, 346, -58, 356, 800, 102, 458, 180, 
341, 527, 185, -434, 78, 356, -53, 356, 805, 107, 458, 185, 
346, 527, 180, -436, 82, 353, -53, 356, 810, 107, 458, 190, 
336, 527, 190, -431, 73, 358, -63, 361, 805, 122, 478, 200, 
336, 527, 190, -431, 73, 358, -63, 361, 805, 122, 483, 204, 
336, 527, 190, -431, 73, 358, -58, 361, 810, 126, 488, 204, 
346, 541, 195, -444, 75, 368, -58, 361, 814, 131, 492, 204, 
341, 551, 209, -446, 65, 380, -63, 356, 810, 122, 483, 204, 
346, 556, 209, -451, 68, 383, -63, 361, 814, 131, 488, 209, 
346, 561, 214, -453, 65, 387, -63, 361, 819, 131, 492, 209, 
351, 561, 209, -456, 70, 385, -63, 361, 824, 136, 497, 209, 
351, 551, 200, -451, 75, 375, -63, 361, 829, 141, 497, 219, 
361, 556, 195, -458, 82, 375, -63, 361, 834, 146, 502, 219, 
366, 561, 195, -463, 85, 378, -63, 366, 839, 151, 507, 219, 
366, 570, 204, -468, 80, 387, -63, 370, 844, 156, 512, 224, 
356, 570, 214, -463, 70, 392, -53, 370, 858, 170, 517, 219, 
361, 575, 214, -468, 73, 395, -63, 375, 863, 180, 527, 224, 
366, 580, 214, -473, 75, 397, -63, 375, 863, 185, 531, 229, 
366, 585, 219, -475, 73, 402, -63, 375, 868, 185, 531, 234, 
370, 590, 219, -480, 75, 405, -63, 366, 863, 175, 536, 239, 
375, 590, 214, -483, 80, 402, -63, 366, 868, 190, 541, 239, 
380, 595, 214, -488, 82, 405, -63, 366, 873, 195, 551, 244, 
385, 600, 214, -492, 85, 407, -63, 366, 873, 200, 551, 244, 
385, 610, 224, -497, 80, 417, -63, 366, 878, 200, 556, 248, 
385, 619, 234, -502, 75, 427, -68, 370, 888, 204, 561, 253, 
390, 624, 234, -507, 78, 429, -87, 375, 893, 209, 561, 258, 
395, 634, 239, -514, 78, 436, -87, 385, 893, 214, 570, 268, 
390, 629, 239, -509, 75, 434, -87, 385, 897, 219, 570, 258, 
400, 639, 239, -519, 80, 439, -87, 380, 902, 224, 575, 268, 
400, 644, 244, -522, 78, 444, -87, 370, 907, 229, 580, 273, 
400, 649, 248, -524, 75, 448, -92, 366, 912, 229, 590, 273, 
405, 658, 253, -531, 75, 456, -97, 346, 902, 224, 590, 287, 
414, 668, 253, -541, 80, 461, -107, 336, 893, 229, 590, 287, 
419, 678, 258, -549, 80, 468, -112, 326, 888, 234, 590, 287, 
419, 683, 263, -551, 78, 473, -122, 322, 888, 239, 590, 292, 
419, 683, 263, -551, 78, 473, -146, 302, 863, 234, 585, 312, 
424, 678, 253, -551, 85, 466, -161, 297, 849, 224, 590, 307, 
414, 673, 258, -544, 78, 466, -165, 297, 839, 224, 590, 307, 
419, 683, 263, -551, 78, 473, -175, 292, 829, 234, 595, 312, 
429, 683, 253, -556, 87, 468, -180, 283, 819, 234, 605, 312, 
429, 683, 253, -556, 87, 468, -185, 283, 819, 234, 605, 312, 
429, 683, 253, -556, 87, 468, -190, 283, 819, 234, 605, 312, 
429, 683, 253, -556, 87, 468, -195, 283, 819, 234, 605, 312, 
434, 692, 258, -563, 87, 475, -195, 283, 829, 229, 614, 312, 
439, 697, 258, -568, 90, 478, -200, 283, 829, 229, 614, 317, 
444, 702, 258, -573, 92, 480, -204, 283, 829, 229, 614, 322, 
448, 707, 258, -578, 95, 483, -204, 283, 829, 229, 610, 326, 
458, 702, 244, -580, 107, 473, -204, 273, 819, 229, 605, 331, 
458, 702, 244, -580, 107, 473, -204, 263, 814, 224, 600, 326, 
458, 702, 244, -580, 107, 473, -204, 263, 810, 214, 595, 322, 
458, 697, 239, -578, 109, 468, -204, 263, 810, 209, 590, 317, 
453, 688, 234, -570, 109, 461, -204, 263, 805, 209, 585, 312, 
448, 692, 244, -570, 102, 468, -204, 263, 795, 204, 580, 312, 
444, 697, 253, -570, 95, 475, -214, 263, 790, 204, 575, 312, 
439, 702, 263, -570, 87, 483, -214, 263, 785, 200, 570, 312, 
424, 697, 273, -561, 75, 485, -214, 253, 780, 190, 556, 312, 
419, 692, 273, -556, 73, 483, -209, 253, 775, 180, 551, 312, 
414, 688, 273, -551, 70, 480, -204, 258, 771, 170, 546, 312, 
409, 683, 273, -546, 68, 478, -200, 258, 761, 161, 541, 312, 
395, 668, 273, -531, 61, 470, -195, 258, 756, 146, 527, 307, 
395, 663, 268, -529, 63, 466, -190, 258, 756, 141, 522, 302, 
395, 658, 263, -527, 65, 461, -185, 253, 751, 136, 517, 297, 
390, 653, 263, -522, 63, 458, -185, 253, 741, 131, 512, 292, 
380, 639, 258, -509, 61, 448, -180, 253, 722, 122, 507, 283, 
370, 634, 263, -502, 53, 448, -180, 248, 717, 117, 502, 278, 
361, 629, 268, -495, 46, 448, -175, 248, 712, 112, 492, 278, 
341, 614, 273, -478, 34, 444, -170, 248, 707, 107, 488, 278, 
336, 605, 268, -470, 34, 436, -161, 258, 697, 97, 478, 268, 
331, 595, 263, -463, 34, 429, -161, 253, 697, 82, 463, 258, 
326, 585, 258, -456, 34, 422, -156, 253, 697, 68, 448, 253, 
322, 570, 248, -446, 36, 409, -151, 253, 697, 53, 434, 244, 
307, 551, 244, -429, 31, 397, -141, 263, 688, 39, 424, 224, 
302, 546, 244, -424, 29, 395, -136, 263, 688, 39, 419, 219, 
297, 546, 248, -422, 24, 397, -131, 263, 688, 39, 414, 214, 
292, 541, 248, -417, 21, 395, -122, 263, 688, 34, 409, 204, 
283, 531, 248, -407, 17, 390, -112, 273, 688, 19, 405, 200, 
278, 522, 244, -400, 17, 383, -112, 273, 688, 19, 400, 200, 
278, 517, 239, -397, 19, 378, -112, 273, 688, 19, 395, 200, 
283, 522, 239, -402, 21, 380, -112, 273, 688, 24, 390, 200, 
278, 512, 234, -395, 21, 373, -107, 278, 688, 19, 380, 185, 
268, 507, 239, -387, 14, 373, -107, 283, 688, 9, 370, 185, 
248, 502, 253, -375, -2, 378, -107, 283, 688, 4, 370, 185, 
253, 502, 248, -378, 2, 375, -102, 283, 688, 0, 370, 185, 
253, 492, 239, -373, 7, 366, -92, 283, 688, 0, 361, 180, 
248, 488, 239, -368, 4, 363, -92, 287, 688, 0, 361, 175, 
239, 473, 234, -356, 2, 353, -82, 287, 688, 0, 366, 170, 
234, 463, 229, -348, 2, 346, -82, 287, 688, 0, 366, 165, 
234, 463, 229, -348, 2, 346, -73, 287, 688, -9, 366, 165, 
234, 463, 229, -348, 2, 346, -78, 287, 688, -9, 366, 165, 
234, 463, 229, -348, 2, 346, -78, 287, 688, -9, 366, 165, 
229, 458, 229, -344, 0, 344, -78, 292, 688, -9, 366, 165, 
234, 463, 229, -348, 2, 346, -73, 292, 683, -14, 356, 165, 
234, 468, 234, -351, 0, 351, -78, 292, 683, -14, 356, 165, 
239, 473, 234, -356, 2, 353, -82, 292, 683, -14, 356, 165, 
239, 478, 239, -358, 0, 358, -87, 287, 683, -14, 356, 161, 
234, 473, 239, -353, -2, 356, -87, 287, 683, -14, 366, 170, 
229, 473, 244, -351, -7, 358, -87, 287, 683, -14, 366, 170, 
224, 473, 248, -348, -12, 361, -87, 287, 683, -14, 366, 170, 
219, 478, 258, -348, -19, 368, -87, 287, 683, -14, 366, 170, 
229, 478, 248, -353, -9, 363, -87, 292, 692, -4, 361, 170, 
229, 478, 248, -353, -9, 363, -87, 292, 692, -4, 361, 170, 
224, 478, 253, -351, -14, 366, -87, 292, 692, -4, 366, 170, 
224, 478, 253, -351, -14, 366, -87, 292, 692, -4, 366, 170, 
219, 473, 253, -346, -17, 363, -78, 292, 683, -14, 356, 170, 
219, 473, 253, -346, -17, 363, -78, 287, 683, -14, 356, 165, 
219, 473, 253, -346, -17, 363, -78, 287, 683, -14, 356, 165, 
219, 473, 253, -346, -17, 363, -78, 287, 683, -14, 356, 165, 
209, 458, 248, -334, -19, 353, -78, 297, 692, -19, 356, 156, 
209, 458, 248, -334, -19, 353, -78, 297, 692, -19, 356, 156, 
209, 458, 248, -334, -19, 353, -78, 297, 692, -19, 356, 161, 
209, 458, 248, -334, -19, 353, -78, 297, 692, -19, 356, 161, 
219, 468, 248, -344, -14, 358, -73, 302, 692, -9, 356, 170, 
219, 468, 248, -344, -14, 358, -73, 302, 697, -9, 356, 170, 
219, 478, 258, -348, -19, 368, -78, 292, 692, -9, 356, 170, 
219, 478, 258, -348, -19, 368, -78, 287, 688, -9, 356, 170, 
219, 473, 253, -346, -17, 363, -78, 283, 688, -9, 366, 180, 
239, 512, 273, -375, -17, 392, -82, 283, 692, 0, 380, 190, 
234, 522, 287, -378, -26, 405, -92, 268, 678, 0, 395, 195, 
234, 517, 283, -375, -24, 400, -102, 253, 683, 14, 395, 209, 
234, 527, 292, -380, -29, 409, -97, 263, 688, 24, 400, 204, 
234, 536, 302, -385, -34, 419, -107, 253, 688, 14, 405, 204, 
258, 551, 292, -405, -17, 422, -126, 239, 678, 19, 400, 214, 
278, 561, 283, -419, -2, 422, -136, 229, 663, 29, 400, 234, 
258, 561, 302, -409, -21, 431, -151, 204, 644, 29, 409, 253, 
244, 570, 326, -407, -41, 448, -190, 141, 575, 24, 414, 268, 
248, 600, 351, -424, -51, 475, -234, 73, 502, -4, 405, 287, 
244, 629, 385, -436, -70, 507, -258, 9, 414, -43, 385, 297, 
229, 653, 424, -441, -97, 539, -297, -63, 336, -78, 361, 297, 
200, 653, 453, -427, -126, 553, -331, -131, 253, -126, 331, 297, 
161, 624, 463, -392, -151, 544, -361, -200, 156, -200, 283, 278, 
141, 619, 478, -380, -168, 549, -395, -248, 63, -248, 244, 278, 
136, 639, 502, -387, -183, 570, -434, -297, 4, -283, 214, 283, 
126, 663, 536, -395, -204, 600, -468, -341, -48, -312, 180, 287, 
97, 673, 575, -385, -239, 624, -483, -380, -92, -331, 161, 297, 
63, 678, 614, -370, -275, 646, -502, -409, -156, -366, 136, 297, 
43, 683, 639, -363, -297, 661, -527, -453, -219, -405, 107, 297, 
34, 702, 668, -368, -317, 685, -536, -492, -283, -444, 73, 302, 
9, 717, 707, -363, -348, 712, -566, -527, -336, -473, 43, 302, 
-34, 717, 751, -341, -392, 734, -590, -566, -395, -512, 24, 302, 
-63, 727, 790, -331, -427, 758, -605, -595, -444, -546, 0, 297, 
-87, 736, 824, -324, -456, 780, -624, -614, -463, -590, -43, 297, 
-102, 746, 849, -322, -475, 797, -644, -624, -483, -614, -73, 297, 
-112, 746, 858, -317, -485, 802, -658, -634, -488, -629, -102, 292, 
-126, 746, 873, -309, -500, 810, -668, -644, -502, -653, -122, 283, 
-151, 741, 893, -295, -522, 817, -678, -658, -536, -673, -146, 287, 
-170, 736, 907, -283, -539, 822, -683, -668, -551, -692, -165, 283, 
-170, 746, 917, -287, -544, 832, -692, -678, -561, -702, -185, 283, 
-161, 756, 917, -297, -539, 836, -707, -688, -566, -692, -170, 287, 
-161, 756, 917, -297, -539, 836, -712, -707, -546, -673, -136, 297, 
-165, 746, 912, -290, -539, 829, -732, -712, -527, -658, -122, 297, 
-151, 736, 888, -292, -519, 812, -732, -688, -497, -644, -117, 287, 
-122, 722, 844, -300, -483, 783, -717, -649, -439, -629, -122, 278, 
-107, 692, 800, -292, -453, 746, -683, -590, -370, -605, -112, 248, 
-97, 639, 736, -270, -417, 688, -644, -522, -278, -580, -112, 224, 
-97, 595, 692, -248, -395, 644, -600, -458, -200, -551, -97, 204, 
-82, 566, 649, -241, -366, 607, -546, -395, -136, -522, -82, 195, 
-78, 541, 619, -231, -348, 580, -502, -341, -68, -497, -68, 180, 
-68, 512, 580, -222, -324, 546, -453, -292, -19, -492, -58, 151, 
-73, 468, 541, -197, -307, 505, -405, -239, 29, -473, -53, 117, 
-68, 409, 478, -170, -273, 444, -356, -195, 63, -463, -48, 97, 
-53, 385, 439, -165, -246, 412, -331, -141, 112, -448, -39, 82, 
-29, 380, 409, -175, -219, 395, -317, -102, 151, -419, -19, 78, 
0, 385, 385, -192, -192, 385, -307, -68, 200, -400, 4, 82, 
0, 375, 375, -187, -187, 375, -287, -39, 248, -375, 19, 82, 
-9, 366, 375, -178, -192, 370, -268, -9, 307, -351, 24, 87, 
-4, 375, 380, -185, -192, 378, -244, 24, 336, -326, 43, 78, 
-4, 375, 380, -185, -192, 378, -214, 58, 385, -307, 73, 87, 
19, 375, 356, -197, -168, 366, -175, 92, 419, -278, 97, 82, 
34, 375, 341, -204, -153, 358, -151, 126, 453, -239, 126, 78, 
53, 366, 312, -209, -129, 339, -141, 146, 463, -219, 141, 78, 
87, 370, 283, -229, -97, 326, -141, 146, 478, -219, 161, 73, 
141, 395, 253, -268, -56, 324, -151, 156, 492, -200, 185, 82, 
175, 409, 234, -292, -29, 322, -170, 175, 517, -170, 195, 97, 
185, 419, 234, -302, -24, 326, -175, 175, 536, -165, 204, 112, 
190, 424, 234, -307, -21, 329, -170, 175, 556, -141, 224, 122, 
195, 429, 234, -312, -19, 331, -156, 204, 585, -117, 239, 126, 
214, 439, 224, -326, -4, 331, -136, 219, 610, -102, 263, 122, 
224, 448, 224, -336, 0, 336, -122, 239, 639, -78, 273, 126, 
214, 444, 229, -329, -7, 336, -112, 248, 653, -73, 287, 126, 
219, 434, 214, -326, 2, 324, -107, 258, 658, -68, 302, 122, 
234, 439, 204, -336, 14, 322, -102, 263, 658, -58, 307, 126, 
239, 453, 214, -346, 12, 334, -102, 268, 663, -53, 312, 136, 
239, 453, 214, -346, 12, 334, -102, 278, 683, -43, 312, 136, 
239, 444, 204, -341, 17, 324, -102, 287, 702, -43, 322, 136, 
239, 444, 204, -341, 17, 324, -82, 307, 722, -24, 331, 136, 
234, 453, 219, -344, 7, 336, -68, 331, 741, 0, 346, 146, 
239, 458, 219, -348, 9, 339, -53, 341, 756, 19, 356, 146, 
229, 448, 219, -339, 4, 334, -58, 336, 761, 9, 366, 141, 
239, 458, 219, -348, 9, 339, -53, 341, 761, 14, 370, 141, 
239, 458, 219, -348, 9, 339, -53, 341, 761, 14, 370, 146, 
239, 453, 214, -346, 12, 334, -48, 346, 761, 14, 370, 146, 
244, 453, 209, -348, 17, 331, -53, 346, 766, 14, 380, 156, 
248, 458, 209, -353, 19, 334, -53, 346, 766, 14, 385, 156, 
258, 463, 204, -361, 26, 334, -58, 351, 775, 9, 385, 156, 
263, 468, 204, -366, 29, 336, -63, 361, 785, 9, 390, 156, 
253, 468, 214, -361, 19, 341, -53, 351, 775, 19, 380, 156, 
253, 468, 214, -361, 19, 341, -53, 356, 775, 24, 385, 156, 
253, 468, 214, -361, 19, 341, -48, 356, 785, 24, 385, 156, 
258, 473, 214, -366, 21, 344, -48, 356, 785, 24, 385, 156, 
258, 463, 204, -361, 26, 334, -48, 356, 795, 29, 390, 161, 
258, 463, 204, -361, 26, 334, -48, 356, 795, 34, 390, 161, 
253, 463, 209, -358, 21, 336, -48, 356, 795, 39, 395, 161, 
253, 463, 209, -358, 21, 336, -48, 351, 800, 53, 395, 165, 
263, 468, 204, -366, 29, 336, -53, 351, 800, 48, 390, 170, 
268, 478, 209, -373, 29, 344, -53, 361, 805, 48, 390, 170, 
268, 478, 209, -373, 29, 344, -48, 361, 805, 43, 395, 170, 
268, 473, 204, -370, 31, 339, -48, 366, 810, 43, 400, 170, 
273, 473, 200, -373, 36, 336, -39, 366, 824, 53, 409, 165, 
273, 478, 204, -375, 34, 341, -34, 370, 824, 58, 409, 165, 
278, 478, 200, -378, 39, 339, -34, 370, 829, 58, 414, 170, 
278, 478, 200, -378, 39, 339, -34, 370, 829, 58, 414, 170, 
278, 483, 204, -380, 36, 344, -43, 380, 839, 63, 434, 170, 
278, 492, 214, -385, 31, 353, -43, 385, 844, 73, 434, 170, 
283, 502, 219, -392, 31, 361, -43, 390, 849, 78, 434, 175, 
283, 507, 224, -395, 29, 366, -43, 390, 849, 78, 434, 180, 
297, 507, 209, -402, 43, 358, -29, 395, 858, 87, 444, 190, 
302, 507, 204, -405, 48, 356, -29, 395, 868, 92, 448, 190, 
302, 517, 214, -409, 43, 366, -24, 395, 878, 97, 448, 195, 
307, 517, 209, -412, 48, 363, -24, 395, 888, 97, 448, 200, 
307, 527, 219, -417, 43, 373, -24, 400, 902, 112, 458, 190, 
307, 527, 219, -417, 43, 373, -24, 400, 902, 112, 463, 195, 
307, 527, 219, -417, 43, 373, -19, 400, 907, 117, 468, 195, 
317, 541, 224, -429, 46, 383, -19, 400, 912, 122, 473, 195, 
322, 546, 224, -434, 48, 385, -24, 405, 917, 122, 483, 204, 
326, 546, 219, -436, 53, 383, -24, 409, 922, 131, 488, 209, 
326, 546, 219, -436, 53, 383, -24, 409, 927, 131, 492, 209, 
331, 541, 209, -436, 61, 375, -24, 409, 932, 136, 497, 209, 
341, 551, 209, -446, 65, 380, -29, 400, 936, 151, 507, 224, 
351, 556, 204, -453, 73, 380, -34, 400, 941, 156, 512, 229, 
356, 561, 204, -458, 75, 383, -39, 405, 946, 161, 517, 234, 
356, 570, 214, -463, 70, 392, -43, 409, 951, 165, 522, 244, 
356, 575, 219, -466, 68, 397, -58, 390, 946, 165, 527, 239, 
361, 585, 224, -473, 68, 405, -73, 385, 941, 170, 536, 244, 
366, 595, 229, -480, 68, 412, -78, 375, 932, 170, 541, 248, 
366, 605, 239, -485, 63, 422, -82, 366, 927, 165, 541, 253, 
380, 600, 219, -490, 80, 409, -97, 361, 917, 165, 536, 248, 
385, 600, 214, -492, 85, 407, -102, 356, 917, 180, 541, 248, 
390, 605, 214, -497, 87, 409, -107, 351, 917, 185, 551, 253, 
395, 610, 214, -502, 90, 412, -112, 346, 912, 190, 551, 253, 
414, 614, 200, -514, 107, 407, -102, 351, 917, 180, 546, 263, 
414, 619, 204, -517, 104, 412, -107, 351, 927, 185, 551, 263, 
419, 619, 200, -519, 109, 409, -126, 351, 932, 190, 551, 263, 
424, 624, 200, -524, 112, 412, -126, 356, 932, 195, 561, 268, 
429, 639, 209, -534, 109, 424, -136, 361, 927, 200, 570, 268, 
439, 649, 209, -544, 114, 429, -136, 361, 932, 204, 575, 278, 
439, 653, 214, -546, 112, 434, -136, 356, 936, 209, 580, 283, 
439, 658, 219, -549, 109, 439, -141, 356, 941, 209, 590, 283, 
453, 649, 195, -551, 129, 422, -136, 361, 932, 214, 585, 287, 
463, 658, 195, -561, 134, 427, -136, 356, 932, 219, 590, 287, 
468, 668, 200, -568, 134, 434, -131, 351, 936, 224, 595, 287, 
468, 673, 204, -570, 131, 439, -131, 351, 946, 229, 600, 292, 
463, 663, 200, -563, 131, 431, -131, 361, 951, 224, 595, 283, 
463, 668, 204, -566, 129, 436, -131, 366, 956, 234, 600, 297, 
468, 673, 204, -570, 131, 439, -131, 366, 956, 234, 600, 297, 
468, 678, 209, -573, 129, 444, -131, 366, 956, 239, 605, 297, 
458, 673, 214, -566, 122, 444, -126, 375, 961, 239, 600, 287, 
453, 668, 214, -561, 119, 441, -122, 375, 956, 234, 605, 287, 
458, 668, 209, -563, 124, 439, -112, 375, 951, 229, 605, 292, 
458, 668, 209, -563, 124, 439, -107, 370, 951, 224, 610, 292, 
453, 663, 209, -558, 122, 436, -107, 380, 941, 214, 600, 283, 
448, 658, 209, -553, 119, 434, -102, 380, 936, 214, 600, 283, 
444, 653, 209, -549, 117, 431, -107, 370, 927, 214, 600, 283, 
439, 649, 209, -544, 114, 429, -102, 370, 922, 209, 600, 287, 
434, 653, 219, -544, 107, 436, -102, 361, 932, 200, 580, 283, 
434, 649, 214, -541, 109, 431, -97, 356, 922, 195, 580, 283, 
434, 634, 200, -534, 117, 417, -97, 356, 922, 190, 580, 283, 
424, 629, 204, -527, 109, 417, -92, 356, 907, 190, 580, 283, 
419, 629, 209, -524, 104, 419, -82, 346, 888, 175, 570, 273, 
419, 634, 214, -527, 102, 424, -92, 346, 883, 165, 561, 273, 
414, 634, 219, -524, 97, 427, -92, 336, 878, 156, 551, 273, 
400, 634, 234, -517, 82, 434, -87, 331, 863, 151, 541, 268, 
385, 629, 244, -507, 70, 436, -87, 331, 858, 141, 527, 268, 
385, 629, 244, -507, 70, 436, -87, 326, 849, 131, 517, 268, 
385, 619, 234, -502, 75, 427, -87, 326, 839, 126, 507, 268, 
380, 619, 239, -500, 70, 429, -87, 317, 834, 117, 502, 268, 
370, 600, 229, -485, 70, 414, -87, 317, 814, 92, 492, 263, 
356, 600, 244, -478, 56, 422, -87, 312, 810, 87, 488, 258, 
351, 600, 248, -475, 51, 424, -87, 312, 805, 82, 478, 253, 
351, 600, 248, -475, 51, 424, -87, 307, 800, 68, 473, 244, 
336, 595, 258, -466, 39, 427, -87, 302, 800, 63, 458, 239, 
322, 585, 263, -453, 29, 424, -82, 297, 790, 58, 453, 234, 
312, 580, 268, -446, 21, 424, -82, 297, 775, 53, 444, 229, 
302, 575, 273, -439, 14, 424, -78, 292, 766, 53, 434, 224, 
312, 561, 248, -436, 31, 405, -68, 278, 771, 43, 439, 229, 
302, 561, 258, -431, 21, 409, -73, 278, 761, 29, 429, 224, 
297, 556, 258, -427, 19, 407, -73, 273, 761, 24, 419, 224, 
283, 546, 263, -414, 9, 405, -73, 268, 756, 14, 409, 219, 
283, 551, 268, -417, 7, 409, -73, 273, 761, 4, 409, 200, 
273, 551, 278, -412, -2, 414, -73, 273, 746, 0, 405, 195, 
268, 546, 278, -407, -4, 412, -68, 278, 746, -9, 395, 190, 
253, 527, 273, -390, -9, 400, -58, 287, 741, -9, 390, 185, 
258, 512, 253, -385, 2, 383, -58, 278, 741, -19, 390, 190, 
253, 517, 263, -385, -4, 390, -53, 278, 732, -19, 380, 185, 
253, 517, 263, -385, -4, 390, -53, 278, 732, -24, 375, 185, 
248, 522, 273, -385, -12, 397, -48, 278, 732, -24, 375, 180, 
253, 522, 268, -387, -7, 395, -58, 278, 727, -19, 375, 185, 
248, 517, 268, -383, -9, 392, -58, 273, 727, -24, 361, 180, 
239, 517, 278, -378, -19, 397, -58, 273, 727, -29, 361, 175, 
239, 512, 273, -375, -17, 392, -58, 273, 727, -34, 346, 170, 
239, 512, 273, -375, -17, 392, -53, 273, 732, -34, 351, 156, 
234, 507, 273, -370, -19, 390, -53, 278, 727, -34, 351, 156, 
229, 502, 273, -366, -21, 387, -53, 283, 722, -34, 351, 156, 
234, 507, 273, -370, -19, 390, -58, 283, 722, -34, 351, 156, 
234, 497, 263, -366, -14, 380, -39, 283, 732, -43, 351, 165, 
229, 483, 253, -356, -12, 368, -34, 283, 727, -39, 356, 175, 
229, 483, 253, -356, -12, 368, -43, 283, 727, -43, 356, 165, 
