I, II, III, aVR, aVL, aVF, V1, V2, V3, V4, V5, V6, 
-619, -644, -24, 631, -297, -334, -73, -219, 746, -29, -253, -248, 
-619, -639, -19, 629, -300, -329, -73, -219, 756, -29, -253, -248, 
-619, -639, -19, 629, -300, -329, -73, -219, 746, -29, -253, -248, 
-619, -639, -19, 629, -300, -329, -73, -219, 736, -24, -253, -248, 
-619, -639, -19, 629, -300, -329, -73, -209, 741, -34, -253, -248, 
-619, -639, -19, 629, -300, -329, -73, -214, 727, -34, -253, -244, 
-619, -639, -19, 629, -300, -329, -73, -214, 727, -34, -248, -244, 
-619, -639, -19, 629, -300, -329, -68, -209, 732, -34, -248, -244, 
-610, -649, -39, 629, -285, -344, -68, -219, 727, -34, -258, -244, 
-610, -649, -39, 629, -285, -344, -68, -219, 717, -34, -258, -244, 
-610, -649, -39, 629, -285, -344, -68, -219, 736, -34, -258, -244, 
-610, -644, -34, 627, -287, -339, -68, -219, 736, -34, -258, -244, 
-619, -644, -24, 631, -297, -334, -68, -214, 736, -24, -248, -244, 
-619, -644, -24, 631, -297, -334, -63, -209, 741, -24, -248, -244, 
-619, -644, -24, 631, -297, -334, -48, -204, 746, -24, -248, -244, 
-619, -644, -24, 631, -297, -334, -43, -204, 732, -24, -248, -244, 
-619, -653, -34, 636, -292, -344, -43, -214, 717, -34, -258, -244, 
-619, -653, -34, 636, -292, -344, -43, -214, 717, -34, -258, -244, 
-619, -653, -34, 636, -292, -344, -48, -214, 712, -34, -258, -244, 
-619, -653, -34, 636, -292, -344, -48, -209, 712, -34, -258, -244, 
-619, -653, -34, 636, -292, -344, -34, -190, 741, -34, -258, -244, 
-619, -658, -39, 639, -290, -348, -34, -190, 751, -29, -258, -244, 
-619, -658, -39, 639, -290, -348, -34, -190, 751, -29, -258, -244, 
-619, -658, -39, 639, -290, -348, -34, -190, 746, -29, -258, -244, 
-619, -649, -29, 634, -295, -339, -29, -180, 785, -19, -258, -244, 
-619, -649, -29, 634, -295, -339, -39, -195, 751, -34, -258, -253, 
-619, -649, -29, 634, -295, -339, -39, -209, 707, -39, -263, -258, 
-629, -644, -14, 636, -307, -329, -39, -209, 707, -48, -273, -263, 
-634, -634, 0, 634, -317, -317, -48, -234, 683, -63, -283, -268, 
-639, -624, 14, 631, -326, -305, -58, -258, 644, -82, -297, -263, 
-639, -595, 43, 617, -341, -275, -58, -263, 649, -107, -307, -278, 
-649, -585, 63, 617, -356, -261, -48, -273, 649, -122, -312, -283, 
-649, -585, 63, 617, -356, -261, -58, -278, 644, -131, -312, -273, 
-649, -585, 63, 617, -356, -261, -53, -239, 692, -117, -307, -273, 
-649, -575, 73, 612, -361, -251, -43, -209, 741, -73, -278, -263, 
-653, -566, 87, 610, -370, -239, -53, -229, 717, -39, -244, -239, 
-634, -536, 97, 585, -366, -219, -68, -244, 707, 29, -175, -195, 
-614, -502, 112, 558, -363, -195, -97, -229, 766, 151, -78, -126, 
-595, -463, 131, 529, -363, -165, -136, -268, 780, 283, 53, -34, 
-580, -390, 190, 485, -385, -100, -185, -375, 727, 429, 204, 87, 
-546, -312, 234, 429, -390, -39, -239, -492, 697, 614, 405, 239, 
-488, -214, 273, 351, -380, 29, -331, -610, 697, 863, 649, 429, 
-409, -112, 297, 261, -353, 92, -458, -736, 688, 1137, 936, 649, 
-322, -29, 292, 175, -307, 131, -570, -849, 702, 1420, 1210, 863, 
-248, -4, 244, 126, -246, 119, -668, -951, 736, 1683, 1464, 1054, 
-170, -4, 165, 87, -168, 80, -761, -1034, 785, 1971, 1698, 1220, 
-87, -14, 73, 51, -80, 29, -854, -1068, 888, 2259, 1917, 1376, 
-19, -39, -19, 29, 0, -29, -936, -1107, 985, 2474, 2054, 1488, 
9, -126, -136, 58, 73, -131, -995, -1156, 1005, 2522, 2054, 1507, 
-4, -263, -258, 134, 126, -261, -985, -1156, 995, 2425, 1912, 1434, 
-24, -390, -366, 207, 170, -378, -936, -1127, 1000, 2235, 1683, 1302, 
-78, -512, -434, 295, 178, -473, -873, -1102, 936, 1932, 1395, 1132, 
-151, -663, -512, 407, 180, -588, -785, -1083, 741, 1459, 990, 873, 
-229, -814, -585, 522, 178, -700, -673, -1019, 531, 893, 522, 566, 
-278, -902, -624, 590, 173, -763, -600, -976, 351, 409, 146, 312, 
-336, -927, -590, 631, 126, -758, -561, -980, 161, -19, -131, 122, 
-385, -936, -551, 661, 82, -744, -522, -961, 39, -326, -322, -9, 
-400, -912, -512, 656, 56, -712, -463, -863, 68, -424, -370, -53, 
-409, -873, -463, 641, 26, -668, -419, -775, 131, -380, -312, -39, 
-409, -829, -419, 619, 4, -624, -385, -688, 224, -312, -273, -29, 
-400, -795, -395, 597, -2, -595, -331, -561, 395, -209, -234, -39, 
-400, -741, -341, 570, -29, -541, -297, -444, 561, -82, -204, -58, 
-414, -678, -263, 546, -75, -470, -287, -400, 639, 0, -156, -34, 
-448, -619, -170, 534, -139, -395, -258, -361, 702, 48, -126, -24, 
-492, -590, -97, 541, -197, -344, -204, -302, 775, 78, -136, -63, 
-517, -580, -63, 549, -226, -322, -175, -287, 766, 73, -151, -102, 
-527, -570, -43, 549, -241, -307, -156, -278, 751, 73, -151, -131, 
-536, -575, -39, 556, -248, -307, -126, -239, 780, 78, -165, -141, 
-546, -605, -58, 575, -244, -331, -92, -200, 805, 82, -175, -161, 
-556, -624, -68, 590, -244, -346, -68, -180, 805, 82, -175, -170, 
-566, -634, -68, 600, -248, -351, -58, -141, 839, 82, -180, -170, 
-566, -644, -78, 605, -244, -361, -53, -112, 878, 78, -190, -180, 
-575, -644, -68, 610, -253, -356, -63, -117, 873, 68, -200, -195, 
-575, -639, -63, 607, -256, -351, -63, -112, 873, 68, -214, -209, 
-580, -634, -53, 607, -263, -344, -58, -112, 873, 58, -224, -209, 
-580, -634, -53, 607, -263, -344, -58, -126, 844, 53, -229, -219, 
-575, -644, -68, 610, -253, -356, -43, -136, 824, 43, -229, -229, 
-575, -644, -68, 610, -253, -356, -43, -136, 814, 39, -234, -229, 
-580, -644, -63, 612, -258, -353, -43, -131, 810, 39, -234, -234, 
-585, -644, -58, 614, -263, -351, -39, -126, 814, 39, -234, -234, 
-575, -644, -68, 610, -253, -356, -24, -102, 849, 53, -244, -234, 
-575, -649, -73, 612, -251, -361, -24, -87, 878, 53, -244, -234, 
-575, -653, -78, 614, -248, -366, -24, -82, 863, 53, -244, -234, 
-575, -653, -78, 614, -248, -366, -24, -82, 858, 53, -244, -239, 
-585, -663, -78, 624, -253, -370, -34, -92, 854, 39, -258, -248, 
-590, -663, -73, 627, -258, -368, -43, -102, 829, 24, -263, -248, 
-590, -663, -73, 627, -258, -368, -43, -107, 810, 9, -263, -248, 
-590, -663, -73, 627, -258, -368, -43, -107, 810, 0, -263, -258, 
-590, -678, -87, 634, -251, -383, -29, -107, 795, -9, -268, -263, 
-595, -678, -82, 636, -256, -380, -24, -112, 795, -9, -278, -268, 
-595, -678, -82, 636, -256, -380, -24, -107, 819, -9, -283, -273, 
-595, -678, -82, 636, -256, -380, -24, -97, 834, -9, -287, -278, 
-585, -678, -92, 631, -246, -385, -29, -92, 863, 0, -278, -268, 
-585, -673, -87, 629, -248, -380, -29, -87, 858, 0, -273, -268, 
-585, -668, -82, 627, -251, -375, -34, -73, 863, 4, -273, -268, 
-590, -663, -73, 627, -258, -368, -34, -87, 849, 4, -273, -263, 
-600, -653, -53, 627, -273, -353, -43, -97, 829, 19, -268, -258, 
-595, -639, -43, 617, -275, -341, -43, -97, 839, 34, -263, -253, 
-595, -624, -29, 610, -283, -326, -43, -97, 844, 43, -248, -244, 
-595, -614, -19, 605, -287, -317, -43, -97, 844, 48, -244, -239, 
-605, -605, 0, 605, -302, -302, -48, -97, 858, 53, -234, -239, 
-600, -605, -4, 602, -297, -305, -53, -92, 878, 53, -234, -239, 
-600, -605, -4, 602, -297, -305, -58, -97, 878, 53, -234, -239, 
-600, -600, 0, 600, -300, -300, -68, -102, 873, 53, -229, -239, 
-610, -610, 0, 610, -305, -305, -73, -117, 858, 43, -239, -239, 
-610, -610, 0, 610, -305, -305, -78, -126, 834, 43, -239, -234, 
-605, -610, -4, 607, -300, -307, -78, -136, 829, 43, -239, -234, 
-605, -610, -4, 607, -300, -307, -73, -141, 829, 43, -239, -234, 
-605, -610, -4, 607, -300, -307, -73, -141, 829, 43, -248, -229, 
-605, -610, -4, 607, -300, -307, -78, -151, 824, 43, -248, -234, 
-605, -610, -4, 607, -300, -307, -78, -141, 834, 48, -248, -234, 
-610, -614, -4, 612, -302, -309, -78, -136, 849, 48, -248, -234, 
-600, -614, -14, 607, -292, -314, -73, -131, 863, 39, -239, -239, 
-600, -614, -14, 607, -292, -314, -73, -126, 873, 34, -239, -239, 
-595, -614, -19, 605, -287, -317, -73, -126, 878, 34, -239, -239, 
-595, -614, -19, 605, -287, -317, -73, -131, 863, 34, -234, -239, 
-595, -614, -19, 605, -287, -317, -82, -141, 829, 34, -234, -239, 
-595, -614, -19, 605, -287, -317, -82, -141, 844, 39, -234, -239, 
-595, -614, -19, 605, -287, -317, -82, -141, 839, 43, -234, -239, 
-595, -614, -19, 605, -287, -317, -82, -141, 834, 43, -234, -239, 
-595, -619, -24, 607, -285, -322, -73, -122, 858, 53, -239, -239, 
-595, -619, -24, 607, -285, -322, -78, -112, 883, 53, -239, -239, 
-595, -619, -24, 607, -285, -322, -78, -112, 888, 58, -239, -234, 
-595, -619, -24, 607, -285, -322, -78, -112, 888, 63, -239, -234, 
-595, -629, -34, 612, -280, -331, -68, -107, 893, 63, -239, -234, 
-595, -634, -39, 614, -278, -336, -68, -107, 878, 63, -234, -229, 
-595, -634, -39, 614, -278, -336, -68, -107, 863, 63, -229, -229, 
-590, -634, -43, 612, -273, -339, -68, -107, 888, 68, -229, -229, 
-600, -634, -34, 617, -283, -334, -68, -107, 883, 78, -219, -229, 
-600, -634, -34, 617, -283, -334, -68, -107, 883, 78, -219, -224, 
-600, -629, -29, 614, -285, -329, -68, -92, 922, 82, -219, -224, 
-600, -629, -29, 614, -285, -329, -68, -82, 927, 87, -214, -224, 
-595, -629, -34, 612, -280, -331, -58, -73, 927, 87, -214, -219, 
-595, -629, -34, 612, -280, -331, -58, -68, 932, 97, -214, -219, 
-595, -624, -29, 610, -283, -326, -58, -63, 936, 102, -209, -219, 
-595, -624, -29, 610, -283, -326, -58, -63, 932, 102, -200, -219, 
-595, -629, -34, 612, -280, -331, -68, -68, 907, 97, -200, -214, 
-590, -624, -34, 607, -278, -329, -68, -68, 912, 107, -200, -214, 
-590, -624, -34, 607, -278, -329, -63, -63, 912, 107, -200, -209, 
-590, -624, -34, 607, -278, -329, -63, -68, 922, 112, -195, -204, 
-585, -624, -39, 605, -273, -331, -53, -43, 961, 126, -195, -204, 
-585, -624, -39, 605, -273, -331, -48, -34, 980, 131, -190, -204, 
-580, -624, -43, 602, -268, -334, -48, -29, 976, 136, -185, -204, 
-580, -624, -43, 602, -268, -334, -48, -24, 980, 141, -180, -204, 
-570, -624, -53, 597, -258, -339, -48, -14, 990, 151, -180, -209, 
-575, -624, -48, 600, -263, -336, -48, -14, 980, 151, -170, -209, 
-575, -624, -48, 600, -263, -336, -53, -14, 966, 156, -170, -209, 
-570, -624, -53, 597, -258, -339, -53, 0, 980, 161, -170, -209, 
-570, -614, -43, 592, -263, -329, -48, 0, 980, 170, -170, -204, 
-566, -610, -43, 588, -261, -326, -53, 0, 980, 170, -165, -204, 
-566, -610, -43, 588, -261, -326, -53, 4, 1015, 180, -165, -204, 
-566, -614, -48, 590, -258, -331, -53, 9, 1034, 180, -161, -200, 
-556, -605, -48, 580, -253, -326, -43, 19, 1044, 190, -151, -200, 
-556, -605, -48, 580, -253, -326, -43, 34, 1054, 195, -151, -200, 
-556, -600, -43, 578, -256, -322, -39, 43, 1073, 204, -151, -200, 
-556, -600, -43, 578, -256, -322, -39, 53, 1058, 219, -146, -195, 
-541, -605, -63, 573, -239, -334, -53, 53, 1054, 224, -131, -190, 
-541, -605, -63, 573, -239, -334, -53, 63, 1058, 224, -131, -185, 
-541, -600, -58, 570, -241, -329, -53, 73, 1063, 229, -131, -180, 
-536, -600, -63, 568, -236, -331, -53, 73, 1068, 239, -126, -170, 
-536, -605, -68, 570, -234, -336, -48, 92, 1107, 244, -131, -180, 
-531, -600, -68, 566, -231, -334, -48, 97, 1132, 253, -126, -175, 
-531, -595, -63, 563, -234, -329, -53, 97, 1117, 253, -126, -175, 
-531, -595, -63, 563, -234, -329, -53, 97, 1127, 263, -122, -170, 
-536, -600, -63, 568, -236, -331, -63, 97, 1137, 263, -126, -180, 
-536, -605, -68, 570, -234, -336, -63, 92, 1112, 273, -122, -170, 
-541, -614, -73, 578, -234, -344, -58, 87, 1112, 273, -117, -170, 
-541, -619, -78, 580, -231, -348, -58, 97, 1127, 287, -117, -170, 
-541, -614, -73, 578, -234, -344, -68, 87, 1137, 292, -107, -165, 
-541, -605, -63, 573, -239, -334, -68, 87, 1141, 292, -102, -165, 
-536, -595, -58, 566, -239, -326, -68, 92, 1161, 307, -102, -161, 
-536, -590, -53, 563, -241, -322, -68, 92, 1180, 312, -92, -161, 
-531, -575, -43, 553, -244, -309, -82, 102, 1195, 336, -82, -146, 
-531, -570, -39, 551, -246, -305, -82, 112, 1215, 351, -73, -136, 
-522, -561, -39, 541, -241, -300, -87, 117, 1229, 361, -63, -117, 
-522, -556, -34, 539, -244, -295, -97, 117, 1234, 375, -53, -102, 
-507, -551, -43, 529, -231, -297, -112, 117, 1229, 385, -48, -92, 
-497, -546, -48, 522, -224, -297, -112, 126, 1239, 400, -39, -92, 
-497, -541, -43, 519, -226, -292, -112, 131, 1234, 409, -34, -92, 
-497, -536, -39, 517, -229, -287, -112, 131, 1229, 414, -19, -82, 
-492, -527, -34, 509, -229, -280, -102, 151, 1263, 434, -19, -82, 
-492, -527, -34, 509, -229, -280, -102, 161, 1288, 439, -19, -82, 
-492, -527, -34, 509, -229, -280, -107, 161, 1293, 444, -19, -78, 
-488, -527, -39, 507, -224, -283, -107, 165, 1302, 444, -14, -73, 
-483, -522, -39, 502, -222, -280, -117, 175, 1312, 458, -9, -68, 
-483, -522, -39, 502, -222, -280, -122, 175, 1298, 458, 0, -63, 
-478, -522, -43, 500, -217, -283, -122, 175, 1288, 458, 4, -58, 
-468, -527, -58, 497, -204, -292, -122, 175, 1298, 463, 4, -53, 
-468, -522, -53, 495, -207, -287, -126, 165, 1293, 463, 4, -63, 
-463, -522, -58, 492, -202, -290, -126, 165, 1288, 458, 0, -63, 
-463, -527, -63, 495, -200, -295, -122, 170, 1298, 458, 0, -63, 
-463, -527, -63, 495, -200, -295, -122, 170, 1312, 453, -4, -63, 
-458, -531, -73, 495, -192, -302, -112, 175, 1312, 453, -4, -63, 
-453, -531, -78, 492, -187, -305, -117, 175, 1312, 448, -14, -63, 
-448, -531, -82, 490, -183, -307, -117, 175, 1317, 448, -14, -63, 
-444, -536, -92, 490, -175, -314, -122, 165, 1302, 439, -19, -63, 
-448, -546, -97, 497, -175, -322, -131, 165, 1273, 448, -19, -53, 
-448, -541, -92, 495, -178, -317, -131, 165, 1268, 444, -19, -53, 
-448, -541, -92, 495, -178, -317, -131, 165, 1263, 444, -19, -53, 
-453, -541, -87, 497, -183, -314, -131, 165, 1263, 439, -24, -53, 
-453, -541, -87, 497, -183, -314, -122, 165, 1278, 424, -39, -63, 
-458, -541, -82, 500, -187, -312, -122, 165, 1278, 419, -43, -63, 
-458, -541, -82, 500, -187, -312, -126, 156, 1268, 409, -48, -68, 
-458, -536, -78, 497, -190, -307, -126, 141, 1263, 400, -48, -78, 
-458, -536, -78, 497, -190, -307, -117, 126, 1244, 385, -63, -87, 
-463, -536, -73, 500, -195, -305, -117, 112, 1205, 370, -63, -87, 
-463, -536, -73, 500, -195, -305, -117, 107, 1190, 361, -68, -92, 
-468, -536, -68, 502, -200, -302, -117, 102, 1180, 356, -73, -92, 
-478, -546, -68, 512, -204, -307, -107, 87, 1151, 336, -82, -107, 
-483, -546, -63, 514, -209, -305, -107, 73, 1132, 326, -92, -107, 
-483, -546, -63, 514, -209, -305, -102, 58, 1132, 312, -102, -107, 
-488, -551, -63, 519, -212, -307, -102, 53, 1122, 302, -112, -117, 
-502, -556, -53, 529, -224, -305, -97, 39, 1098, 287, -126, -126, 
-502, -556, -53, 529, -224, -305, -97, 34, 1088, 273, -131, -131, 
-512, -551, -39, 531, -236, -295, -97, 29, 1083, 258, -131, -136, 
-512, -551, -39, 531, -236, -295, -97, 9, 1058, 239, -141, -136, 
-517, -561, -43, 539, -236, -302, -97, -19, 1005, 219, -156, -151, 
-517, -566, -48, 541, -234, -307, -97, -24, 985, 204, -161, -156, 
-522, -566, -43, 544, -239, -305, -97, -39, 961, 200, -165, -156, 
-522, -566, -43, 544, -239, -305, -97, -58, 932, 195, -165, -161, 
-536, -575, -39, 556, -248, -307, -87, -53, 951, 180, -175, -175, 
-541, -575, -34, 558, -253, -305, -87, -63, 951, 165, -190, -180, 
-546, -575, -29, 561, -258, -302, -82, -78, 932, 156, -195, -180, 
-551, -570, -19, 561, -265, -295, -82, -87, 912, 141, -200, -180, 
-551, -575, -24, 563, -263, -300, -78, -78, 907, 122, -204, -195, 
-556, -580, -24, 568, -265, -302, -78, -92, 878, 112, -204, -200, 
-556, -585, -29, 570, -263, -307, -78, -107, 844, 107, -204, -200, 
-561, -590, -29, 575, -265, -309, -78, -112, 839, 97, -204, -204, 
-566, -585, -19, 575, -273, -302, -82, -117, 829, 82, -219, -214, 
-570, -585, -14, 578, -278, -300, -82, -131, 805, 78, -224, -219, 
-575, -590, -14, 583, -280, -302, -78, -131, 805, 73, -234, -219, 
-580, -590, -9, 585, -285, -300, -78, -122, 810, 63, -239, -219, 
-580, -600, -19, 590, -280, -309, -78, -126, 805, 43, -248, -239, 
-585, -600, -14, 592, -285, -307, -78, -126, 795, 34, -253, -239, 
-590, -605, -14, 597, -287, -309, -78, -131, 795, 29, -258, -244, 
-590, -605, -14, 597, -287, -309, -78, -141, 771, 19, -268, -244, 
-605, -624, -19, 614, -292, -322, -82, -156, 741, 9, -273, -258, 
-605, -629, -24, 617, -290, -326, -87, -156, 736, 4, -278, -263, 
-605, -634, -29, 619, -287, -331, -92, -161, 732, 0, -283, -273, 
-610, -639, -29, 624, -290, -334, -97, -165, 727, -4, -292, -278, 
-619, -649, -29, 634, -295, -339, -97, -180, 727, -24, -307, -278, 
-624, -653, -29, 639, -297, -341, -97, -175, 736, -29, -307, -278, 
-624, -658, -34, 641, -295, -346, -102, -190, 722, -39, -307, -278, 
-624, -658, -34, 641, -295, -346, -102, -200, 717, -48, -312, -283, 
-629, -663, -34, 646, -297, -348, -82, -214, 722, -39, -312, -287, 
-634, -668, -34, 651, -300, -351, -82, -224, 697, -39, -317, -287, 
-644, -668, -24, 656, -309, -346, -82, -239, 688, -43, -317, -287, 
-649, -668, -19, 658, -314, -344, -82, -244, 688, -43, -317, -287, 
-649, -668, -19, 658, -314, -344, -82, -253, 673, -43, -317, -287, 
-649, -668, -19, 658, -314, -344, -82, -263, 668, -48, -317, -292, 
-649, -673, -24, 661, -312, -348, -78, -253, 683, -48, -317, -292, 
-653, -673, -19, 663, -317, -346, -73, -248, 702, -48, -317, -292, 
-653, -668, -14, 661, -319, -341, -73, -239, 702, -39, -312, -292, 
-653, -668, -14, 661, -319, -341, -78, -239, 702, -43, -312, -292, 
-653, -668, -14, 661, -319, -341, -78, -239, 712, -43, -312, -297, 
-653, -668, -14, 661, -319, -341, -73, -244, 697, -43, -317, -297, 
-649, -678, -29, 663, -309, -353, -82, -239, 673, -48, -317, -287, 
-649, -683, -34, 666, -307, -358, -78, -239, 673, -48, -317, -287, 
-649, -683, -34, 666, -307, -358, -78, -239, 668, -48, -322, -292, 
-649, -683, -34, 666, -307, -358, -78, -239, 663, -58, -322, -292, 
-649, -683, -34, 666, -307, -358, -73, -229, 688, -48, -312, -292, 
-649, -683, -34, 666, -307, -358, -73, -229, 712, -48, -312, -292, 
-649, -683, -34, 666, -307, -358, -73, -229, 717, -48, -317, -297, 
-649, -678, -29, 663, -309, -353, -73, -229, 712, -48, -317, -297, 
-639, -668, -29, 653, -305, -348, -82, -229, 717, -39, -312, -297, 
-639, -673, -34, 656, -302, -353, -82, -229, 702, -39, -312, -297, 
-639, -678, -39, 658, -300, -358, -82, -229, 697, -43, -317, -292, 
-639, -678, -39, 658, -300, -358, -82, -229, 702, -43, -317, -292, 
-629, -673, -43, 651, -292, -358, -82, -229, 697, -43, -312, -283, 
-634, -673, -39, 653, -297, -356, -82, -229, 688, -39, -307, -278, 
-634, -673, -39, 653, -297, -356, -82, -224, 697, -39, -307, -278, 
-634, -673, -39, 653, -297, -356, -82, -219, 712, -39, -307, -278, 
-644, -673, -29, 658, -307, -351, -73, -209, 702, -29, -297, -278, 
-644, -673, -29, 658, -307, -351, -78, -204, 712, -29, -297, -278, 
-644, -668, -24, 656, -309, -346, -78, -204, 717, -29, -297, -278, 
-644, -668, -24, 656, -309, -346, -78, -214, 707, -29, -297, -278, 
-634, -668, -34, 651, -300, -351, -78, -219, 678, -29, -307, -273, 
-634, -668, -34, 651, -300, -351, -78, -219, 688, -29, -307, -273, 
-634, -668, -34, 651, -300, -351, -78, -219, 683, -29, -307, -273, 
-634, -668, -34, 651, -300, -351, -78, -219, 678, -29, -307, -268, 
-629, -663, -34, 646, -297, -348, -73, -214, 707, -39, -297, -268, 
-629, -663, -34, 646, -297, -348, -73, -209, 712, -34, -297, -268, 
-629, -658, -29, 644, -300, -344, -68, -204, 712, -34, -297, -268, 
-629, -658, -29, 644, -300, -344, -63, -200, 707, -34, -292, -268, 
-629, -658, -29, 644, -300, -344, -73, -200, 712, -24, -292, -268, 
-629, -658, -29, 644, -300, -344, -73, -200, 702, -29, -292, -268, 
-629, -658, -29, 644, -300, -344, -73, -204, 683, -29, -292, -268, 
-629, -658, -29, 644, -300, -344, -63, -204, 697, -24, -292, -268, 
-629, -644, -14, 636, -307, -329, -63, -204, 688, -24, -292, -268, 
-629, -644, -14, 636, -307, -329, -63, -209, 688, -24, -292, -268, 
-629, -649, -19, 639, -305, -334, -58, -209, 692, -24, -292, -268, 
-629, -649, -19, 639, -305, -334, -58, -195, 702, -24, -287, -263, 
-624, -649, -24, 636, -300, -336, -53, -185, 722, -24, -278, -253, 
-614, -653, -39, 634, -287, -346, -53, -185, 736, -24, -278, -253, 
-614, -644, -29, 629, -292, -336, -43, -175, 766, -14, -287, -258, 
-614, -644, -29, 629, -292, -336, -48, -175, 741, -9, -283, -253, 
-614, -653, -39, 634, -287, -346, -48, -185, 722, -9, -283, -253, 
-614, -653, -39, 634, -287, -346, -48, -185, 712, -9, -283, -253, 
-614, -653, -39, 634, -287, -346, -48, -185, 702, -9, -283, -253, 
-614, -653, -39, 634, -287, -346, -48, -185, 692, -9, -283, -253, 
-624, -644, -19, 634, -302, -331, -43, -170, 707, -9, -273, -263, 
-624, -644, -19, 634, -302, -331, -39, -165, 727, -9, -273, -263, 
-624, -644, -19, 634, -302, -331, -34, -161, 756, -9, -273, -263, 
-624, -644, -19, 634, -302, -331, -29, -156, 751, -9, -278, -263, 
-624, -634, -9, 629, -307, -322, -19, -146, 751, -4, -268, -253, 
-624, -639, -14, 631, -305, -326, -14, -146, 766, -4, -268, -258, 
-624, -644, -19, 634, -302, -331, -14, -146, 756, -4, -268, -263, 
-629, -644, -14, 636, -307, -329, -14, -146, 756, -4, -268, -263, 
-619, -639, -19, 629, -300, -329, -24, -146, 727, 4, -268, -258, 
-619, -639, -19, 629, -300, -329, -24, -151, 722, 4, -268, -258, 
-619, -634, -14, 627, -302, -324, -24, -151, 722, 4, -268, -258, 
-619, -634, -14, 627, -302, -324, -24, -151, 727, 4, -268, -258, 
-610, -624, -14, 617, -297, -319, -29, -146, 761, 0, -273, -248, 
-610, -624, -14, 617, -297, -319, -34, -141, 766, 0, -273, -253, 
-610, -624, -14, 617, -297, -319, -39, -141, 761, 0, -273, -253, 
-610, -624, -14, 617, -297, -319, -43, -141, 785, 0, -273, -248, 
-619, -619, 0, 619, -309, -309, -53, -161, 771, 0, -273, -248, 
-619, -614, 4, 617, -312, -305, -63, -170, 736, 0, -273, -248, 
-619, -610, 9, 614, -314, -300, -73, -180, 707, 0, -273, -248, 
-619, -605, 14, 612, -317, -295, -82, -195, 692, 0, -273, -248, 
-629, -595, 34, 612, -331, -280, -87, -200, 712, 0, -263, -258, 
-629, -595, 34, 612, -331, -280, -92, -185, 732, 0, -263, -258, 
-624, -595, 29, 610, -326, -283, -102, -180, 746, 0, -263, -258, 
-624, -600, 24, 612, -324, -287, -112, -180, 756, 0, -263, -258, 
-634, -590, 43, 612, -339, -273, -112, -185, 756, -9, -273, -263, 
-639, -590, 48, 614, -344, -270, -107, -195, 756, -9, -273, -263, 
-639, -590, 48, 614, -344, -270, -102, -204, 751, -9, -273, -263, 
-644, -590, 53, 617, -348, -268, -97, -219, 712, -9, -278, -268, 
-644, -600, 43, 622, -344, -278, -87, -219, 727, 0, -268, -263, 
-644, -600, 43, 622, -344, -278, -87, -224, 712, -4, -268, -258, 
-639, -600, 39, 619, -339, -280, -87, -219, 702, -4, -268, -253, 
-639, -600, 39, 619, -339, -280, -87, -214, 697, -4, -268, -248, 
-634, -605, 29, 619, -331, -287, -87, -204, 736, -9, -268, -248, 
-634, -605, 29, 619, -331, -287, -87, -204, 741, -9, -263, -248, 
-634, -605, 29, 619, -331, -287, -87, -200, 746, -9, -263, -248, 
-634, -610, 24, 622, -329, -292, -87, -195, 756, -9, -263, -248, 
-634, -619, 14, 627, -324, -302, -87, -204, 736, 0, -263, -248, 
-634, -614, 19, 624, -326, -297, -87, -204, 717, 0, -263, -248, 
-639, -614, 24, 627, -331, -295, -82, -209, 692, 0, -263, -244, 
-639, -614, 24, 627, -331, -295, -82, -214, 683, 0, -263, -244, 
-634, -619, 14, 627, -324, -302, -82, -224, 688, 0, -263, -253, 
-634, -619, 14, 627, -324, -302, -82, -204, 697, 0, -263, -253, 
-634, -619, 14, 627, -324, -302, -82, -200, 722, 0, -263, -253, 
-634, -624, 9, 629, -322, -307, -82, -195, 741, -4, -268, -258, 
-634, -614, 19, 624, -326, -297, -82, -204, 732, -9, -268, -258, 
-634, -614, 19, 624, -326, -297, -82, -195, 732, -9, -268, -258, 
-634, -614, 19, 624, -326, -297, -82, -195, 732, -9, -268, -258, 
-634, -619, 14, 627, -324, -302, -82, -195, 722, -9, -268, -253, 
-634, -619, 14, 627, -324, -302, -82, -204, 697, -19, -268, -253, 
-634, -619, 14, 627, -324, -302, -78, -204, 697, -19, -268, -258, 
-634, -614, 19, 624, -326, -297, -78, -214, 683, -19, -268, -258, 
-634, -614, 19, 624, -326, -297, -82, -214, 702, -14, -263, -258, 
-634, -624, 9, 629, -322, -307, -82, -204, 736, -14, -273, -248, 
-634, -624, 9, 629, -322, -307, -82, -204, 746, -14, -273, -248, 
-629, -624, 4, 627, -317, -309, -82, -200, 746, -19, -273, -248, 
-629, -619, 9, 624, -319, -305, -82, -200, 756, -19, -273, -248, 
-629, -619, 9, 624, -319, -305, -82, -200, 727, -19, -273, -258, 
-629, -619, 9, 624, -319, -305, -82, -200, 707, -14, -273, -258, 
-629, -619, 9, 624, -319, -305, -82, -200, 697, -14, -273, -258, 
-629, -619, 9, 624, -319, -305, -82, -204, 668, -14, -273, -253, 
-629, -629, 0, 629, -314, -314, -82, -204, 683, -14, -268, -253, 
-629, -629, 0, 629, -314, -314, -78, -200, 692, -14, -268, -253, 
-629, -629, 0, 629, -314, -314, -78, -200, 707, -14, -268, -253, 
-629, -629, 0, 629, -314, -314, -78, -200, 717, -14, -268, -253, 
-619, -639, -19, 629, -300, -329, -78, -200, 741, -14, -278, -253, 
-619, -634, -14, 627, -302, -324, -78, -200, 746, -14, -278, -253, 
-619, -634, -14, 627, -302, -324, -82, -200, 732, -14, -278, -253, 
-619, -634, -14, 627, -302, -324, -82, -200, 722, -14, -278, -253, 
-629, -634, -4, 631, -312, -319, -73, -209, 707, -24, -278, -253, 
-629, -634, -4, 631, -312, -319, -73, -214, 683, -24, -278, -253, 
-629, -634, -4, 631, -312, -319, -73, -214, 683, -24, -278, -253, 
-629, -634, -4, 631, -312, -319, -73, -214, 688, -24, -278, -253, 
-629, -634, -4, 631, -312, -319, -78, -214, 697, -24, -278, -263, 
-629, -634, -4, 631, -312, -319, -78, -209, 712, -24, -278, -263, 
-629, -634, -4, 631, -312, -319, -73, -200, 741, -24, -278, -263, 
-629, -639, -9, 634, -309, -324, -73, -200, 761, -19, -278, -263, 
-619, -639, -19, 629, -300, -329, -63, -209, 702, -19, -278, -253, 
-619, -639, -19, 629, -300, -329, -63, -209, 697, -19, -278, -253, 
-619, -649, -29, 634, -295, -339, -58, -209, 678, -19, -287, -253, 
-619, -649, -29, 634, -295, -339, -68, -224, 644, -34, -287, -253, 
-629, -649, -19, 639, -305, -334, -58, -229, 668, -48, -292, -268, 
-629, -653, -24, 641, -302, -339, -58, -239, 688, -68, -312, -283, 
-644, -644, 0, 644, -322, -322, -58, -263, 663, -92, -331, -287, 
-649, -634, 14, 641, -331, -309, -58, -268, 653, -112, -336, -292, 
-668, -614, 53, 641, -361, -280, -58, -273, 658, -126, -336, -297, 
-678, -605, 73, 641, -375, -265, -68, -312, 600, -151, -361, -302, 
-678, -595, 82, 636, -380, -256, -68, -317, 556, -161, -370, -302, 
-668, -595, 73, 631, -370, -261, -63, -287, 595, -136, -346, -302, 
-678, -575, 102, 627, -390, -236, -63, -278, 605, -92, -326, -292, 
-683, -556, 126, 619, -405, -214, -82, -287, 600, -48, -283, -258, 
-663, -536, 126, 600, -395, -204, -87, -273, 668, 29, -204, -214, 
-634, -512, 122, 573, -378, -195, -107, -239, 756, 151, -107, -146, 
-614, -453, 161, 534, -387, -146, -146, -258, 790, 292, 24, -53, 
-590, -380, 209, 485, -400, -85, -204, -336, 795, 439, 175, 78, 
-556, -312, 244, 434, -400, -34, -258, -444, 775, 634, 375, 229, 
-507, -224, 283, 366, -395, 29, -341, -600, 707, 854, 610, 409, 
-448, -112, 336, 280, -392, 112, -458, -746, 649, 1098, 888, 619, 
-361, -19, 341, 190, -351, 161, -570, -858, 663, 1371, 1161, 834, 
-268, 4, 273, 131, -270, 139, -668, -971, 678, 1644, 1405, 1015, 
-200, 4, 204, 97, -202, 104, -761, -1063, 717, 1912, 1629, 1180, 
-126, -14, 112, 70, -119, 48, -834, -1117, 839, 2181, 1820, 1317, 
-58, -29, 29, 43, -43, 0, -917, -1156, 946, 2386, 1956, 1429, 
-29, -126, -97, 78, 34, -112, -966, -1205, 966, 2435, 1966, 1449, 
-43, -263, -219, 153, 87, -241, -946, -1205, 985, 2337, 1815, 1366, 
-73, -390, -317, 231, 122, -353, -907, -1176, 980, 2156, 1595, 1244, 
-126, -502, -375, 314, 124, -439, -863, -1180, 858, 1883, 1317, 1083, 
-209, -653, -444, 431, 117, -549, -785, -1171, 653, 1410, 902, 824, 
-287, -814, -527, 551, 119, -671, -673, -1117, 444, 834, 424, 517, 
-336, -932, -595, 634, 129, -763, -580, -1063, 224, 331, 48, 244, 
-385, -966, -580, 675, 97, -773, -541, -1049, 24, -87, -229, 53, 
-424, -956, -531, 690, 53, -744, -502, -1010, -48, -395, -419, -68, 
-439, -932, -492, 685, 26, -712, -453, -912, 9, -483, -458, -122, 
-439, -893, -453, 666, 7, -673, -429, -814, 92, -439, -409, -107, 
-439, -849, -409, 644, -14, -629, -385, -707, 214, -361, -361, -97, 
-429, -824, -395, 627, -17, -610, -331, -580, 395, -258, -322, -107, 
-429, -771, -341, 600, -43, -556, -287, -473, 502, -131, -283, -107, 
-444, -707, -263, 575, -90, -485, -268, -419, 561, -39, -234, -82, 
-478, -639, -161, 558, -158, -400, -239, -361, 634, 19, -185, -63, 
-512, -600, -87, 556, -212, -344, -204, -322, 688, 68, -175, -92, 
-546, -580, -34, 563, -256, -307, -175, -287, 678, 73, -190, -141, 
-556, -580, -24, 568, -265, -302, -156, -268, 722, 63, -200, -161, 
-566, -585, -19, 575, -273, -302, -126, -229, 780, 68, -204, -170, 
-585, -614, -29, 600, -278, -322, -92, -209, 795, 73, -224, -190, 
-595, -624, -29, 610, -283, -326, -68, -170, 824, 82, -234, -209, 
-605, -624, -19, 614, -292, -322, -58, -151, 858, 73, -229, -209, 
-605, -634, -29, 619, -287, -331, -53, -151, 839, 68, -239, -219, 
-605, -639, -34, 622, -285, -336, -53, -136, 810, 43, -248, -224, 
-605, -639, -34, 622, -285, -336, -53, -131, 805, 39, -263, -239, 
-610, -639, -29, 624, -290, -334, -48, -131, 800, 24, -273, -239, 
-610, -644, -34, 627, -287, -339, -48, -146, 766, 14, -278, -248, 
-605, -649, -43, 627, -280, -346, -43, -141, 775, 9, -278, -258, 
-605, -653, -48, 629, -278, -351, -43, -136, 785, 9, -283, -258, 
-610, -658, -48, 634, -280, -353, -43, -126, 800, 14, -283, -263, 
-614, -663, -48, 639, -283, -356, -39, -117, 824, 19, -283, -263, 
-614, -663, -48, 639, -283, -356, -14, -112, 849, 14, -292, -273, 
-614, -668, -53, 641, -280, -361, -14, -97, 868, 14, -292, -273, 
-614, -673, -58, 644, -278, -366, -14, -92, 844, 14, -292, -273, 
-614, -673, -58, 644, -278, -366, -14, -92, 829, 14, -292, -278, 
-614, -673, -58, 644, -278, -366, -14, -92, 814, 0, -307, -287, 
-619, -673, -53, 646, -283, -363, -24, -102, 790, -4, -312, -287, 
-619, -673, -53, 646, -283, -363, -24, -107, 771, -9, -312, -287, 
-619, -673, -53, 646, -283, -363, -24, -107, 771, -9, -312, -297, 
-619, -678, -58, 649, -280, -368, -19, -102, 790, -9, -302, -287, 
-624, -678, -53, 651, -285, -366, -14, -102, 805, -9, -307, -287, 
-624, -678, -53, 651, -285, -366, -14, -92, 844, -9, -307, -287, 
-624, -678, -53, 651, -285, -366, -14, -78, 873, -9, -307, -287, 
-624, -683, -58, 653, -283, -370, -9, -78, 863, 0, -307, -287, 
-624, -683, -58, 653, -283, -370, -9, -78, 839, 0, -302, -287, 
-624, -683, -58, 653, -283, -370, -14, -68, 824, 4, -302, -287, 
-629, -683, -53, 656, -287, -368, -14, -87, 790, 4, -302, -283, 
-629, -683, -53, 656, -287, -368, -4, -87, 790, 4, -302, -292, 
-624, -678, -53, 651, -285, -366, -4, -87, 810, 14, -302, -292, 
-624, -673, -48, 649, -287, -361, -4, -87, 824, 19, -292, -287, 
-624, -673, -48, 649, -287, -361, -4, -87, 834, 19, -292, -287, 
-624, -663, -39, 644, -292, -351, -4, -73, 854, 14, -292, -278, 
-619, -663, -43, 641, -287, -353, -4, -63, 868, 14, -292, -278, 
-619, -663, -43, 641, -287, -353, -4, -63, 863, 14, -292, -278, 
-619, -658, -39, 639, -290, -348, -9, -63, 854, 14, -287, -278, 
-619, -649, -29, 634, -295, -339, -14, -73, 849, 24, -287, -287, 
-619, -649, -29, 634, -295, -339, -19, -78, 824, 24, -287, -283, 
-614, -649, -34, 631, -290, -341, -19, -82, 819, 24, -287, -283, 
-614, -649, -34, 631, -290, -341, -14, -82, 819, 24, -287, -283, 
-605, -653, -48, 629, -278, -351, -14, -73, 844, 14, -297, -287, 
-605, -658, -53, 631, -275, -356, -19, -82, 854, 14, -297, -292, 
-605, -663, -58, 634, -273, -361, -19, -73, 878, 19, -297, -292, 
-610, -673, -63, 641, -273, -368, -19, -68, 907, 19, -297, -292, 
-610, -673, -63, 641, -273, -368, -24, -78, 888, 19, -307, -287, 
-610, -673, -63, 641, -273, -368, -24, -78, 873, 14, -307, -287, 
-605, -673, -68, 639, -268, -370, -24, -82, 854, 14, -307, -287, 
-605, -673, -68, 639, -268, -370, -24, -92, 814, 14, -302, -287, 
-605, -663, -58, 634, -273, -361, -29, -82, 810, 24, -292, -287, 
-605, -663, -58, 634, -273, -361, -34, -82, 844, 29, -292, -287, 
-605, -663, -58, 634, -273, -361, -39, -82, 858, 34, -292, -287, 
-605, -663, -58, 634, -273, -361, -43, -82, 873, 34, -292, -287, 
-595, -644, -48, 619, -273, -346, -63, -73, 893, 48, -273, -283, 
-595, -629, -34, 612, -280, -331, -78, -63, 912, 53, -268, -278, 
-595, -614, -19, 605, -287, -317, -87, -63, 912, 63, -263, -268, 
-595, -600, -4, 597, -295, -302, -97, -63, 907, 73, -258, -263, 
-605, -595, 9, 600, -307, -292, -112, -78, 897, 63, -258, -253, 
-605, -595, 9, 600, -307, -292, -117, -87, 868, 63, -253, -248, 
-605, -590, 14, 597, -309, -287, -122, -97, 839, 63, -248, -248, 
-600, -585, 14, 592, -307, -285, -126, -107, 849, 68, -248, -248, 
-600, -575, 24, 588, -312, -275, -117, -112, 854, 68, -248, -258, 
-600, -575, 24, 588, -312, -275, -117, -117, 863, 68, -248, -253, 
-600, -570, 29, 585, -314, -270, -117, -107, 912, 73, -248, -253, 
-600, -570, 29, 585, -314, -270, -117, -102, 927, 78, -244, -253, 
-605, -570, 34, 588, -319, -268, -107, -102, 902, 78, -244, -239, 
-605, -570, 34, 588, -319, -268, -107, -107, 893, 87, -244, -239, 
-605, -566, 39, 585, -322, -263, -107, -112, 883, 92, -239, -239, 
-605, -566, 39, 585, -322, -263, -107, -122, 863, 92, -229, -239, 
-605, -561, 43, 583, -324, -258, -117, -117, 863, 97, -229, -244, 
-600, -556, 43, 578, -322, -256, -117, -107, 883, 107, -229, -244, 
-600, -556, 43, 578, -322, -256, -112, -92, 897, 107, -229, -239, 
-600, -556, 43, 578, -322, -256, -112, -87, 922, 112, -224, -234, 
-595, -556, 39, 575, -317, -258, -102, -68, 946, 117, -224, -244, 
-595, -556, 39, 575, -317, -258, -97, -63, 961, 122, -219, -244, 
-590, -556, 34, 573, -312, -261, -97, -63, 951, 126, -214, -244, 
-590, -556, 34, 573, -312, -261, -97, -63, 951, 131, -209, -244, 
-590, -556, 34, 573, -312, -261, -87, -53, 951, 141, -200, -229, 
-595, -556, 39, 575, -317, -258, -87, -53, 941, 141, -190, -229, 
-595, -556, 39, 575, -317, -258, -92, -53, 927, 146, -190, -229, 
-590, -556, 34, 573, -312, -261, -92, -39, 941, 151, -190, -229, 
-590, -561, 29, 575, -309, -265, -87, -34, 971, 161, -190, -224, 
-585, -561, 24, 573, -305, -268, -92, -29, 980, 161, -185, -224, 
-585, -566, 19, 575, -302, -273, -92, -19, 1024, 170, -185, -224, 
-585, -575, 9, 580, -297, -283, -92, -9, 1054, 170, -180, -219, 
-585, -585, 0, 585, -292, -292, -87, 0, 1034, 185, -190, -229, 
-585, -585, 0, 585, -292, -292, -82, 4, 1024, 185, -190, -229, 
-585, -580, 4, 583, -295, -287, -73, 4, 1024, 190, -190, -229, 
-585, -580, 4, 583, -295, -287, -68, 4, 990, 200, -185, -224, 
-580, -585, -4, 583, -287, -295, -63, 14, 1010, 204, -170, -224, 
-580, -585, -4, 583, -287, -295, -63, 24, 1029, 204, -170, -224, 
-580, -580, 0, 580, -290, -290, -63, 34, 1049, 209, -170, -224, 
-575, -580, -4, 578, -285, -292, -63, 34, 1068, 219, -165, -219, 
-575, -585, -9, 580, -283, -297, -48, 53, 1098, 224, -170, -229, 
-570, -580, -9, 575, -280, -295, -48, 58, 1122, 234, -165, -224, 
-570, -575, -4, 573, -283, -290, -53, 58, 1107, 234, -165, -224, 
-570, -575, -4, 573, -283, -290, -53, 58, 1117, 244, -161, -219, 
-561, -575, -14, 568, -273, -295, -63, 63, 1122, 253, -156, -209, 
-556, -575, -19, 566, -268, -297, -63, 63, 1093, 263, -151, -200, 
-556, -580, -24, 568, -265, -302, -58, 63, 1088, 263, -146, -200, 
-551, -580, -29, 566, -261, -305, -58, 78, 1098, 278, -146, -200, 
-551, -570, -19, 561, -265, -295, -48, 87, 1122, 292, -146, -195, 
-551, -566, -14, 558, -268, -290, -48, 97, 1141, 292, -141, -195, 
-546, -561, -14, 553, -265, -287, -48, 112, 1176, 307, -141, -190, 
-546, -561, -14, 553, -265, -287, -48, 122, 1210, 312, -131, -190, 
-541, -570, -29, 556, -256, -300, -53, 112, 1200, 312, -126, -195, 
-541, -570, -29, 556, -256, -300, -53, 122, 1195, 322, -122, -195, 
-531, -566, -34, 549, -248, -300, -58, 126, 1185, 326, -117, -185, 
-531, -566, -34, 549, -248, -300, -68, 126, 1166, 336, -112, -180, 
-527, -566, -39, 546, -244, -302, -63, 126, 1176, 351, -102, -170, 
-517, -566, -48, 541, -234, -307, -63, 136, 1200, 361, -97, -170, 
-517, -566, -48, 541, -234, -307, -63, 141, 1210, 366, -97, -170, 
-517, -566, -48, 541, -234, -307, -63, 141, 1220, 366, -87, -161, 
-512, -575, -63, 544, -224, -319, -63, 151, 1244, 366, -87, -161, 
-512, -575, -63, 544, -224, -319, -63, 161, 1259, 370, -87, -161, 
-512, -575, -63, 544, -224, -319, -68, 161, 1254, 375, -87, -156, 
-507, -575, -68, 541, -219, -322, -68, 165, 1254, 375, -82, -151, 
-502, -590, -87, 546, -207, -339, -68, 170, 1244, 370, -87, -161, 
-502, -590, -87, 546, -207, -339, -73, 165, 1220, 370, -87, -161, 
-497, -590, -92, 544, -202, -341, -73, 161, 1200, 370, -92, -161, 
-488, -595, -107, 541, -190, -351, -73, 156, 1200, 375, -102, -161, 
-497, -600, -102, 549, -197, -351, -78, 165, 1210, 366, -112, -170, 
-492, -600, -107, 546, -192, -353, -78, 165, 1220, 361, -117, -170, 
-492, -605, -112, 549, -190, -358, -73, 170, 1244, 361, -117, -170, 
-492, -605, -112, 549, -190, -358, -73, 170, 1273, 356, -122, -170, 
-492, -619, -126, 556, -183, -373, -73, 156, 1239, 346, -122, -180, 
-492, -619, -126, 556, -183, -373, -78, 156, 1224, 341, -131, -180, 
-492, -619, -126, 556, -183, -373, -78, 156, 1215, 341, -131, -180, 
-492, -624, -131, 558, -180, -378, -82, 146, 1185, 331, -136, -180, 
-478, -614, -136, 546, -170, -375, -97, 146, 1180, 331, -141, -180, 
-478, -610, -131, 544, -173, -370, -102, 146, 1190, 326, -146, -180, 
-478, -610, -131, 544, -173, -370, -107, 146, 1200, 326, -151, -180, 
-483, -610, -126, 546, -178, -368, -112, 146, 1215, 322, -161, -180, 
-483, -605, -122, 544, -180, -363, -126, 131, 1224, 317, -156, -180, 
-488, -600, -112, 544, -187, -356, -131, 126, 1220, 312, -161, -180, 
-488, -595, -107, 541, -190, -351, -141, 112, 1205, 302, -165, -185, 
-488, -585, -97, 536, -195, -341, -146, 92, 1195, 292, -165, -195, 
-492, -580, -87, 536, -202, -334, -156, 68, 1171, 287, -180, -195, 
-502, -575, -73, 539, -214, -324, -156, 43, 1117, 273, -180, -195, 
-507, -570, -63, 539, -222, -317, -156, 29, 1088, 263, -185, -200, 
-517, -566, -48, 541, -234, -307, -156, 14, 1063, 258, -190, -200, 
-517, -570, -53, 544, -231, -312, -146, 14, 1073, 248, -195, -195, 
-522, -575, -53, 549, -234, -314, -146, 4, 1073, 239, -200, -195, 
-522, -580, -58, 551, -231, -319, -141, -4, 1093, 224, -204, -195, 
-527, -590, -63, 558, -231, -326, -141, -4, 1102, 214, -209, -204, 
-541, -595, -53, 568, -244, -324, -141, -29, 1054, 204, -204, -204, 
-541, -595, -53, 568, -244, -324, -136, -34, 1029, 195, -209, -209, 
-551, -590, -39, 570, -256, -314, -131, -39, 1010, 185, -209, -214, 
-551, -590, -39, 570, -256, -314, -126, -58, 971, 170, -219, -214, 
-556, -590, -34, 573, -261, -312, -126, -68, 946, 151, -224, -224, 
-556, -595, -39, 575, -258, -317, -126, -73, 946, 136, -229, -234, 
-561, -595, -34, 578, -263, -314, -126, -87, 941, 131, -234, -239, 
-561, -595, -34, 578, -263, -314, -126, -107, 932, 126, -234, -248, 
-556, -585, -29, 570, -263, -307, -117, -107, 941, 126, -248, -244, 
-561, -585, -24, 573, -268, -305, -117, -112, 941, 117, -258, -248, 
-566, -585, -19, 575, -273, -302, -112, -122, 922, 112, -258, -248, 
-570, -580, -9, 575, -280, -295, -112, -126, 902, 102, -258, -248, 
-570, -590, -19, 580, -275, -305, -117, -126, 878, 92, -263, -253, 
-575, -590, -14, 583, -280, -302, -117, -141, 849, 82, -263, -258, 
-575, -590, -14, 583, -280, -302, -117, -156, 814, 78, -263, -258, 
-580, -590, -9, 585, -285, -300, -117, -161, 810, 68, -263, -263, 
-585, -585, 0, 585, -292, -292, -102, -161, 824, 48, -273, -263, 
-590, -585, 4, 588, -297, -290, -102, -170, 814, 48, -273, -268, 
-595, -590, 4, 592, -300, -292, -97, -165, 829, 48, -278, -268, 
-600, -590, 9, 595, -305, -290, -97, -151, 849, 43, -278, -268, 
-600, -590, 9, 595, -305, -290, -92, -175, 819, 39, -283, -278, 
-605, -590, 14, 597, -309, -287, -87, -175, 795, 34, -283, -278, 
-610, -595, 14, 602, -312, -290, -82, -180, 780, 34, -283, -283, 
-610, -595, 14, 602, -312, -290, -78, -190, 741, 29, -287, -283, 
-614, -600, 14, 607, -314, -292, -68, -180, 741, 39, -278, -283, 
-614, -600, 14, 607, -314, -292, -68, -175, 756, 34, -278, -283, 
-614, -600, 14, 607, -314, -292, -68, -175, 771, 29, -278, -287, 
-619, -600, 19, 610, -319, -290, -68, -175, 785, 24, -283, -287, 
-619, -600, 19, 610, -319, -290, -58, -170, 795, 19, -287, -297, 
-624, -605, 19, 614, -322, -292, -58, -156, 805, 19, -287, -297, 
-624, -610, 14, 617, -319, -297, -63, -161, 790, 14, -287, -297, 
-624, -610, 14, 617, -319, -297, -63, -161, 785, 9, -292, -302, 
-624, -614, 9, 619, -317, -302, -43, -151, 780, 19, -292, -307, 
-624, -619, 4, 622, -314, -307, -43, -156, 756, 19, -297, -307, 
-629, -619, 9, 624, -319, -305, -43, -165, 746, 14, -297, -307, 
-629, -619, 9, 624, -319, -305, -43, -165, 746, 14, -297, -307, 
-619, -629, -9, 624, -305, -319, -43, -161, 766, 14, -307, -307, 
-619, -629, -9, 624, -305, -319, -43, -165, 775, 9, -307, -312, 
-619, -634, -14, 627, -302, -324, -39, -151, 805, 9, -307, -312, 
-624, -634, -9, 629, -307, -322, -34, -141, 839, 9, -307, -312, 
-624, -644, -19, 634, -302, -331, -24, -151, 805, 0, -312, -302, 
-624, -649, -24, 636, -300, -336, -29, -151, 780, -4, -312, -302, 
-624, -653, -29, 639, -297, -341, -29, -151, 766, -4, -312, -307, 
-624, -658, -34, 641, -295, -346, -24, -156, 727, -4, -317, -307, 
-629, -678, -48, 653, -290, -363, -14, -151, 722, -9, -326, -322, 
-629, -683, -53, 656, -287, -368, -9, -151, 741, -9, -326, -326, 
-629, -683, -53, 656, -287, -368, -9, -151, 756, -9, -331, -336, 
-629, -683, -53, 656, -287, -368, -9, -151, 771, -19, -331, -341, 
-639, -683, -43, 661, -297, -363, -4, -141, 775, -19, -331, -351, 
-639, -683, -43, 661, -297, -363, -4, -141, 790, -19, -331, -351, 
-639, -683, -43, 661, -297, -363, -4, -141, 785, -19, -336, -356, 
-639, -678, -39, 658, -300, -358, -4, -141, 771, -19, -336, -356, 
-649, -678, -29, 663, -309, -353, -14, -151, 756, -19, -341, -356, 
-649, -683, -34, 666, -307, -358, -14, -151, 732, -19, -341, -356, 
-649, -688, -39, 668, -305, -363, -14, -151, 717, -24, -346, -351, 
-649, -688, -39, 668, -305, -363, -14, -151, 712, -24, -346, -351, 
-649, -683, -34, 666, -307, -358, -4, -141, 736, -24, -341, -351, 
-653, -683, -29, 668, -312, -356, -4, -141, 746, -19, -336, -346, 
-653, -683, -29, 668, -312, -356, -4, -136, 775, -19, -336, -346, 
-653, -683, -29, 668, -312, -356, -4, -131, 810, -19, -336, -346, 
-644, -673, -29, 658, -307, -351, -9, -141, 771, -19, -326, -346, 
-644, -673, -29, 658, -307, -351, -19, -136, 761, -19, -326, -346, 
-644, -668, -24, 656, -309, -346, -24, -136, 746, -19, -326, -346, 
-644, -668, -24, 656, -309, -346, -29, -146, 717, -19, -326, -346, 
-639, -663, -24, 651, -307, -344, -39, -146, 717, -14, -317, -346, 
-634, -658, -24, 646, -305, -341, -48, -141, 746, -9, -317, -341, 
-629, -653, -24, 641, -302, -339, -58, -136, 761, -4, -317, -336, 
-624, -649, -24, 636, -300, -336, -68, -131, 775, 0, -317, -326, 
-619, -634, -14, 627, -302, -324, -82, -146, 780, 0, -307, -326, 
-619, -634, -14, 627, -302, -324, -92, -151, 780, 4, -307, -326, 
-619, -629, -9, 624, -305, -319, -97, -156, 775, 4, -307, -326, 
-619, -629, -9, 624, -305, -319, -102, -161, 766, 4, -302, -326, 
-629, -624, 4, 627, -317, -309, -102, -170, 756, 4, -292, -326, 
-629, -619, 9, 624, -319, -305, -102, -180, 732, 0, -292, -326, 
-629, -614, 14, 622, -322, -300, -102, -195, 697, 0, -292, -326, 
-629, -610, 19, 619, -324, -295, -92, -204, 697, 4, -292, -326, 
-629, -605, 24, 617, -326, -290, -82, -204, 722, 4, -302, -317, 
-629, -605, 24, 617, -326, -290, -82, -209, 736, 4, -302, -317, 
-629, -610, 19, 619, -324, -295, -78, -209, 756, 4, -302, -317, 
-629, -610, 19, 619, -324, -295, -78, -195, 780, 4, -297, -312, 
-624, -610, 14, 617, -319, -297, -92, -195, 756, 14, -297, -312, 
-624, -605, 19, 614, -322, -292, -92, -195, 736, 14, -297, -312, 
-624, -605, 19, 614, -322, -292, -92, -195, 722, 14, -297, -317, 
-624, -605, 19, 614, -322, -292, -92, -200, 702, 14, -297, -317, 
-634, -590, 43, 612, -339, -273, -82, -200, 688, 4, -287, -322, 
-629, -590, 39, 610, -334, -275, -87, -200, 717, 14, -283, -322, 
-629, -590, 39, 610, -334, -275, -87, -195, 736, 19, -283, -312, 
-629, -590, 39, 610, -334, -275, -87, -195, 751, 19, -283, -312, 
-629, -585, 43, 607, -336, -270, -78, -185, 766, 19, -287, -302, 
-629, -585, 43, 607, -336, -270, -73, -185, 785, 19, -283, -302, 
-629, -590, 39, 610, -334, -275, -73, -185, 771, 19, -283, -302, 
-629, -590, 39, 610, -334, -275, -73, -180, 766, 19, -283, -302, 
-629, -590, 39, 610, -334, -275, -82, -190, 775, 24, -273, -292, 
-629, -585, 43, 607, -336, -270, -82, -190, 746, 24, -273, -292, 
-629, -585, 43, 607, -336, -270, -82, -190, 732, 24, -273, -292, 
-629, -585, 43, 607, -336, -270, -82, -185, 741, 24, -273, -292, 
-634, -590, 43, 612, -339, -273, -73, -185, 761, 14, -283, -302, 
-629, -590, 39, 610, -334, -275, -73, -185, 771, 14, -283, -302, 
-629, -585, 43, 607, -336, -270, -73, -180, 790, 19, -283, -302, 
-629, -585, 43, 607, -336, -270, -78, -180, 805, 19, -278, -302, 
-629, -595, 34, 612, -331, -280, -68, -195, 780, 4, -287, -312, 
-629, -595, 34, 612, -331, -280, -73, -195, 766, 4, -287, -312, 
-629, -590, 39, 610, -334, -275, -78, -195, 751, 4, -287, -307, 
-629, -590, 39, 610, -334, -275, -78, -195, 717, 4, -283, -307, 
-639, -595, 43, 617, -341, -275, -63, -195, 732, 4, -283, -317, 
-639, -595, 43, 617, -341, -275, -58, -190, 746, 4, -283, -317, 
-639, -590, 48, 614, -344, -270, -58, -195, 766, 9, -283, -317, 
-639, -590, 48, 614, -344, -270, -53, -190, 780, 9, -283, -312, 
-639, -595, 43, 617, -341, -275, -43, -190, 775, 0, -283, -312, 
-639, -600, 39, 619, -339, -280, -43, -190, 780, 0, -283, -312, 
-649, -605, 43, 627, -346, -280, -43, -190, 771, 0, -283, -307, 
-649, -610, 39, 629, -344, -285, -48, -190, 761, 0, -283, -307, 
-634, -614, 19, 624, -326, -297, -48, -190, 746, -4, -287, -322, 
-634, -619, 14, 627, -324, -302, -48, -200, 722, -14, -292, -326, 
-634, -624, 9, 629, -322, -307, -48, -200, 707, -19, -297, -326, 
-634, -629, 4, 631, -319, -312, -43, -195, 707, -24, -307, -331, 
-649, -634, 14, 641, -331, -309, -43, -195, 727, -29, -317, -346, 
-649, -639, 9, 644, -329, -314, -43, -200, 732, -43, -326, -351, 
-649, -644, 4, 646, -326, -319, -43, -200, 751, -48, -336, -356, 
-649, -653, -4, 651, -322, -329, -43, -200, 766, -53, -351, -361, 
-653, -668, -14, 661, -319, -341, -34, -204, 746, -63, -341, -351, 
-653, -668, -14, 661, -319, -341, -34, -209, 717, -63, -346, -361, 
-653, -668, -14, 661, -319, -341, -34, -214, 692, -68, -346, -361, 
-653, -668, -14, 661, -319, -341, -34, -219, 653, -68, -346, -361, 
-658, -668, -9, 663, -324, -339, -43, -224, 658, -63, -341, -361, 
-663, -668, -4, 666, -329, -336, -43, -224, 673, -63, -341, -361, 
-663, -668, -4, 666, -329, -336, -43, -224, 702, -68, -346, -361, 
-668, -668, 0, 668, -334, -334, -43, -224, 717, -73, -346, -361, 
-658, -663, -4, 661, -326, -334, -48, -214, 717, -73, -346, -361, 
-658, -658, 0, 658, -329, -329, -58, -214, 727, -73, -346, -361, 
-658, -653, 4, 656, -331, -324, -63, -214, 722, -73, -346, -361, 
-658, -649, 9, 653, -334, -319, -73, -214, 702, -73, -351, -366, 
-649, -644, 4, 646, -326, -319, -63, -214, 702, -73, -346, -370, 
-649, -649, 0, 649, -324, -324, -63, -214, 692, -73, -346, -375, 
-653, -653, 0, 653, -326, -326, -63, -214, 683, -73, -346, -375, 
-658, -653, 4, 656, -331, -324, -63, -214, 683, -68, -346, -375, 
-658, -668, -9, 663, -324, -339, -63, -200, 692, -58, -336, -366, 
-653, -668, -14, 661, -319, -341, -63, -204, 707, -58, -341, -361, 
-649, -668, -19, 658, -314, -344, -63, -209, 727, -63, -346, -361, 
-649, -668, -19, 658, -314, -344, -63, -204, 766, -63, -346, -361, 
-639, -678, -39, 658, -300, -358, -63, -204, 751, -73, -356, -361, 
-639, -683, -43, 661, -297, -363, -63, -204, 717, -78, -356, -366, 
-639, -683, -43, 661, -297, -363, -63, -204, 688, -78, -356, -370, 
-639, -688, -48, 663, -295, -368, -63, -204, 663, -73, -356, -375, 
-629, -688, -58, 658, -285, -373, -53, -200, 673, -73, -356, -375, 
-629, -683, -53, 656, -287, -368, -53, -190, 688, -73, -356, -380, 
-629, -683, -53, 656, -287, -368, -53, -185, 712, -73, -356, -380, 
-629, -683, -53, 656, -287, -368, -53, -185, 732, -73, -361, -375, 
-634, -673, -39, 653, -297, -356, -53, -180, 746, -63, -351, -375, 
-634, -668, -34, 651, -300, -351, -48, -180, 761, -63, -351, -370, 
-634, -668, -34, 651, -300, -351, -48, -180, 756, -63, -351, -370, 
-634, -668, -34, 651, -300, -351, -48, -180, 741, -58, -351, -370, 
-634, -663, -29, 649, -302, -346, -58, -180, 727, -48, -341, -366, 
-634, -653, -19, 644, -307, -336, -58, -180, 717, -48, -341, -361, 
-629, -649, -19, 639, -305, -334, -58, -180, 702, -48, -341, -356, 
-629, -644, -14, 636, -307, -329, -58, -180, 712, -48, -336, -351, 
-629, -629, 0, 629, -314, -314, -68, -180, 736, -39, -331, -341, 
-629, -624, 4, 627, -317, -309, -68, -180, 746, -39, -326, -341, 
-629, -624, 4, 627, -317, -309, -68, -175, 766, -34, -317, -341, 
-624, -619, 4, 622, -314, -307, -68, -170, 790, -34, -312, -341, 
-624, -614, 9, 619, -317, -302, -78, -190, 780, -29, -312, -331, 
-624, -610, 14, 617, -319, -297, -78, -195, 746, -29, -317, -331, 
-624, -600, 24, 612, -324, -287, -78, -204, 722, -29, -317, -331, 
-624, -595, 29, 610, -326, -283, -73, -214, 697, -29, -317, -331, 
-624, -590, 34, 607, -329, -278, -63, -209, 697, -19, -307, -331, 
-624, -590, 34, 607, -329, -278, -63, -204, 712, -24, -307, -331, 
-624, -585, 39, 605, -331, -273, -63, -200, 741, -24, -307, -331, 
-624, -585, 39, 605, -331, -273, -63, -195, 761, -24, -307, -331, 
-624, -585, 39, 605, -331, -273, -63, -185, 766, -14, -307, -322, 
-624, -585, 39, 605, -331, -273, -58, -185, 771, -14, -307, -322, 
-624, -585, 39, 605, -331, -273, -58, -185, 771, -14, -307, -322, 
-629, -585, 43, 607, -336, -270, -53, -190, 766, -14, -307, -322, 
-619, -585, 34, 602, -326, -275, -63, -200, 746, -9, -307, -322, 
-619, -585, 34, 602, -326, -275, -68, -200, 732, -9, -307, -322, 
-619, -585, 34, 602, -326, -275, -68, -204, 722, -9, -307, -322, 
-619, -585, 34, 602, -326, -275, -68, -209, 722, -9, -307, -322, 
-610, -580, 29, 595, -319, -275, -58, -195, 751, -4, -297, -322, 
-610, -575, 34, 592, -322, -270, -58, -195, 761, -4, -297, -322, 
-610, -570, 39, 590, -324, -265, -58, -190, 780, -9, -297, -322, 
-610, -570, 39, 590, -324, -265, -58, -180, 805, -9, -302, -326, 
-619, -570, 48, 595, -334, -261, -58, -185, 790, -9, -292, -317, 
-619, -570, 48, 595, -334, -261, -58, -190, 775, -9, -292, -317, 
-619, -570, 48, 595, -334, -261, -58, -195, 741, -14, -292, -317, 
-619, -575, 43, 597, -331, -265, -63, -204, 707, -14, -292, -317, 
-619, -580, 39, 600, -329, -270, -63, -200, 717, -14, -287, -312, 
-619, -585, 34, 602, -326, -275, -63, -200, 727, -14, -292, -312, 
-619, -585, 34, 602, -326, -275, -63, -200, 751, -14, -292, -312, 
-619, -585, 34, 602, -326, -275, -63, -200, 766, -19, -292, -312, 
-629, -585, 43, 607, -336, -270, -53, -200, 766, -19, -297, -312, 
-634, -585, 48, 610, -341, -268, -58, -190, 775, -19, -297, -322, 
-634, -585, 48, 610, -341, -268, -63, -185, 785, -19, -297, -331, 
-634, -585, 48, 610, -341, -268, -68, -185, 756, -19, -297, -331, 
-624, -595, 29, 610, -326, -283, -58, -195, 727, -24, -297, -322, 
-619, -595, 24, 607, -322, -285, -58, -204, 683, -24, -312, -341, 
-614, -595, 19, 605, -317, -287, -58, -200, 702, -29, -312, -341, 
-614, -595, 19, 605, -317, -287, -48, -185, 751, -29, -312, -341, 
-624, -595, 29, 610, -326, -283, -53, -190, 756, -29, -322, -341, 
-624, -595, 29, 610, -326, -283, -58, -195, 761, -29, -322, -341, 
-624, -595, 29, 610, -326, -283, -63, -200, 766, -29, -322, -341, 
-624, -595, 29, 610, -326, -283, -68, -204, 771, -29, -322, -341, 
-624, -605, 19, 614, -322, -292, -78, -204, 756, -29, -312, -351, 
-624, -605, 19, 614, -322, -292, -78, -204, 741, -29, -312, -351, 
-624, -605, 19, 614, -322, -292, -78, -204, 727, -29, -312, -351, 
-624, -605, 19, 614, -322, -292, -78, -204, 712, -29, -312, -351, 
-624, -595, 29, 610, -326, -283, -78, -204, 727, -29, -312, -341, 
-624, -595, 29, 610, -326, -283, -78, -204, 732, -29, -312, -341, 
-624, -595, 29, 610, -326, -283, -78, -204, 736, -29, -312, -341, 
-624, -595, 29, 610, -326, -283, -78, -204, 741, -29, -312, -341, 
-614, -585, 29, 600, -322, -278, -87, -214, 751, -29, -322, -331, 
-614, -585, 29, 600, -322, -278, -87, -214, 751, -29, -322, -331, 
-614, -585, 29, 600, -322, -278, -87, -214, 751, -29, -322, -331, 
-614, -585, 29, 600, -322, -278, -87, -214, 751, -29, -322, -331, 
-624, -595, 29, 610, -326, -283, -87, -214, 732, -29, -312, -341, 
-624, -595, 29, 610, -326, -283, -87, -214, 722, -29, -312, -341, 
-624, -595, 29, 610, -326, -283, -87, -214, 712, -29, -312, -341, 
-624, -595, 29, 610, -326, -283, -87, -214, 702, -29, -312, -341, 
-624, -600, 24, 612, -324, -287, -97, -214, 722, -34, -317, -351, 
-624, -605, 19, 614, -322, -292, -97, -214, 732, -39, -322, -351, 
-624, -610, 14, 617, -319, -297, -97, -214, 741, -43, -326, -351, 
-624, -614, 9, 619, -317, -302, -97, -214, 751, -48, -331, -351, 
-624, -629, -4, 627, -309, -317, -87, -224, 727, -58, -336, -356, 
-624, -634, -9, 629, -307, -322, -87, -224, 712, -58, -341, -361, 
-624, -639, -14, 631, -305, -326, -87, -224, 697, -58, -346, -366, 
-624, -644, -19, 634, -302, -331, -87, -224, 683, -58, -351, -370, 
-634, -649, -14, 641, -309, -331, -78, -224, 688, -68, -361, -380, 
-634, -653, -19, 644, -307, -336, -78, -224, 692, -68, -361, -380, 
-634, -658, -24, 646, -305, -341, -78, -224, 697, -68, -361, -380, 
-634, -663, -29, 649, -302, -346, -78, -224, 702, -68, -361, -380, 
-644, -663, -19, 653, -312, -341, -78, -224, 702, -78, -370, -390, 
-644, -663, -19, 653, -312, -341, -78, -224, 702, -78, -370, -390, 
-644, -663, -19, 653, -312, -341, -78, -224, 702, -78, -370, -390, 
-644, -663, -19, 653, -312, -341, -78, -224, 702, -78, -370, -390, 
-653, -663, -9, 658, -322, -336, -68, -234, 692, -78, -361, -390, 
-653, -663, -9, 658, -322, -336, -68, -234, 683, -78, -361, -390, 
-653, -663, -9, 658, -322, -336, -68, -234, 673, -78, -361, -390, 
-653, -663, -9, 658, -322, -336, -68, -234, 663, -78, -361, -390, 
-653, -658, -4, 656, -324, -331, -68, -224, 678, -68, -361, -380, 
-653, -653, 0, 653, -326, -326, -68, -224, 692, -68, -361, -380, 
-653, -649, 4, 651, -329, -322, -68, -224, 707, -68, -361, -380, 
-653, -644, 9, 649, -331, -317, -68, -224, 722, -68, -361, -380, 
-653, -644, 9, 649, -331, -317, -68, -234, 707, -58, -351, -380, 
-653, -644, 9, 649, -331, -317, -68, -234, 692, -58, -351, -380, 
-653, -644, 9, 649, -331, -317, -68, -234, 678, -58, -351, -380, 
-653, -644, 9, 649, -331, -317, -68, -234, 663, -58, -351, -380, 
-644, -644, 0, 644, -322, -322, -63, -229, 673, -58, -351, -380, 
-644, -644, 0, 644, -322, -322, -58, -224, 683, -58, -351, -380, 
-644, -644, 0, 644, -322, -322, -53, -219, 692, -58, -351, -380, 
-644, -644, 0, 644, -322, -322, -48, -214, 702, -58, -351, -380, 
-644, -639, 4, 641, -324, -317, -48, -209, 717, -48, -351, -380, 
-644, -634, 9, 639, -326, -312, -48, -204, 722, -48, -351, -380, 
-644, -629, 14, 636, -329, -307, -48, -200, 727, -48, -351, -380, 
-644, -624, 19, 634, -331, -302, -48, -195, 732, -48, -351, -380, 
-644, -614, 29, 629, -336, -292, -39, -195, 722, -39, -341, -370, 
-644, -614, 29, 629, -336, -292, -39, -195, 712, -39, -341, -370, 
-644, -614, 29, 629, -336, -292, -39, -195, 702, -39, -341, -370, 
-644, -614, 29, 629, -336, -292, -39, -195, 692, -39, -341, -370, 
-644, -624, 19, 634, -331, -302, -29, -185, 717, -29, -331, -370, 
-644, -624, 19, 634, -331, -302, -29, -185, 732, -29, -331, -370, 
-644, -624, 19, 634, -331, -302, -29, -185, 746, -29, -331, -370, 
-644, -624, 19, 634, -331, -302, -29, -185, 761, -29, -331, -370, 
-644, -624, 19, 634, -331, -302, -29, -195, 736, -39, -331, -361, 
-644, -624, 19, 634, -331, -302, -29, -195, 722, -39, -331, -361, 
-644, -624, 19, 634, -331, -302, -29, -195, 707, -39, -331, -361, 
-644, -624, 19, 634, -331, -302, -29, -195, 692, -39, -331, -361, 
-644, -629, 14, 636, -329, -307, -19, -195, 697, -48, -336, -370, 
-644, -634, 9, 639, -326, -312, -19, -195, 702, -48, -341, -370, 
-644, -639, 4, 641, -324, -317, -19, -195, 707, -48, -346, -370, 
-644, -644, 0, 644, -322, -322, -19, -195, 712, -48, -351, -370, 
-644, -644, 0, 644, -322, -322, -19, -185, 722, -58, -351, -380, 
-644, -644, 0, 644, -322, -322, -19, -185, 722, -58, -351, -380, 
-644, -644, 0, 644, -322, -322, -19, -185, 722, -58, -351, -380, 
-644, -644, 0, 644, -322, -322, -19, -185, 722, -58, -351, -380, 
-634, -644, -9, 639, -312, -326, -24, -195, 707, -48, -351, -380, 
-634, -644, -9, 639, -312, -326, -29, -195, 702, -48, -351, -380, 
-634, -644, -9, 639, -312, -326, -34, -195, 697, -48, -351, -380, 
-634, -644, -9, 639, -312, -326, -39, -195, 692, -48, -351, -380, 
-624, -639, -14, 631, -305, -326, -48, -195, 712, -39, -341, -370, 
-624, -634, -9, 629, -307, -322, -48, -195, 722, -39, -341, -370, 
-624, -629, -4, 627, -309, -317, -48, -195, 732, -39, -341, -370, 
-624, -624, 0, 624, -312, -312, -48, -195, 741, -39, -341, -370, 
-614, -614, 0, 614, -307, -307, -53, -195, 732, -39, -331, -361, 
-614, -614, 0, 614, -307, -307, -58, -195, 722, -39, -331, -361, 
-614, -614, 0, 614, -307, -307, -63, -195, 712, -39, -331, -361, 
-614, -614, 0, 614, -307, -307, -68, -195, 702, -39, -331, -361, 
-614, -624, -9, 619, -302, -317, -78, -190, 707, -39, -322, -361, 
-614, -624, -9, 619, -302, -317, -78, -185, 712, -39, -322, -361, 
-614, -624, -9, 619, -302, -317, -78, -180, 717, -39, -322, -361, 
-614, -624, -9, 619, -302, -317, -78, -175, 722, -39, -322, -361, 
-605, -624, -19, 614, -292, -322, -87, -180, 712, -39, -331, -361, 
-605, -624, -19, 614, -292, -322, -87, -185, 712, -39, -331, -361, 
-605, -624, -19, 614, -292, -322, -87, -190, 712, -39, -331, -361, 
-605, -624, -19, 614, -292, -322, -87, -195, 712, -39, -331, -361, 
-605, -629, -24, 617, -290, -326, -92, -200, 692, -43, -341, -370, 
-605, -634, -29, 619, -287, -331, -97, -204, 683, -48, -341, -370, 
-605, -639, -34, 622, -285, -336, -102, -209, 673, -53, -341, -370, 
-605, -644, -39, 624, -283, -341, -107, -214, 663, -58, -341, -370, 
-614, -634, -19, 624, -297, -326, -117, -224, 673, -68, -341, -370, 
-614, -634, -19, 624, -297, -326, -117, -224, 683, -68, -341, -370, 
-614, -634, -19, 624, -297, -326, -117, -224, 692, -68, -341, -370, 
-614, -634, -19, 624, -297, -326, -117, -224, 702, -68, -341, -370, 
-624, -629, -4, 627, -309, -317, -107, -234, 692, -58, -341, -361, 
-624, -624, 0, 624, -312, -312, -107, -234, 683, -58, -341, -361, 
-624, -619, 4, 622, -314, -307, -107, -234, 673, -58, -341, -361, 
-624, -614, 9, 619, -317, -302, -107, -234, 663, -58, -341, -361, 
-614, -614, 0, 614, -307, -307, -97, -224, 673, -48, -331, -361, 
-614, -614, 0, 614, -307, -307, -97, -224, 683, -48, -331, -361, 
-614, -614, 0, 614, -307, -307, -97, -224, 692, -48, -331, -361, 
-614, -614, 0, 614, -307, -307, -97, -224, 702, -48, -331, -361, 
-614, -624, -9, 619, -302, -317, -97, -214, 712, -48, -341, -370, 
-614, -624, -9, 619, -302, -317, -97, -214, 712, -48, -341, -370, 
-614, -624, -9, 619, -302, -317, -97, -214, 712, -48, -341, -370, 
-614, -624, -9, 619, -302, -317, -97, -214, 712, -48, -341, -370, 
-614, -614, 0, 614, -307, -307, -97, -224, 697, -48, -341, -370, 
-614, -614, 0, 614, -307, -307, -97, -224, 692, -48, -341, -370, 
-614, -614, 0, 614, -307, -307, -97, -224, 688, -48, -341, -370, 
-614, -614, 0, 614, -307, -307, -97, -224, 683, -48, -341, -370, 
-624, -614, 9, 619, -317, -302, -92, -219, 702, -39, -331, -370, 
-624, -614, 9, 619, -317, -302, -87, -214, 712, -39, -331, -370, 
-624, -614, 9, 619, -317, -302, -82, -209, 722, -39, -331, -370, 
-624, -614, 9, 619, -317, -302, -78, -204, 732, -39, -331, -370, 
-624, -614, 9, 619, -317, -302, -87, -214, 717, -48, -331, -370, 
-624, -614, 9, 619, -317, -302, -87, -214, 702, -48, -331, -370, 
-624, -614, 9, 619, -317, -302, -87, -214, 688, -48, -331, -370, 
-624, -614, 9, 619, -317, -302, -87, -214, 673, -48, -331, -370, 
-634, -624, 9, 629, -322, -307, -73, -204, 683, -39, -341, -370, 
-634, -624, 9, 629, -322, -307, -68, -204, 692, -39, -341, -370, 
-634, -624, 9, 629, -322, -307, -63, -204, 702, -39, -341, -370, 
-634, -624, 9, 629, -322, -307, -58, -204, 712, -39, -341, -370, 
-644, -614, 29, 629, -336, -292, -58, -204, 702, -48, -341, -370, 
-644, -614, 29, 629, -336, -292, -58, -204, 702, -48, -341, -370, 
-644, -614, 29, 629, -336, -292, -58, -204, 702, -48, -341, -370, 
-644, -614, 29, 629, -336, -292, -58, -204, 702, -48, -341, -370, 
-644, -624, 19, 634, -331, -302, -48, -204, 688, -48, -351, -380, 
-644, -624, 19, 634, -331, -302, -48, -204, 683, -48, -351, -380, 
-644, -624, 19, 634, -331, -302, -48, -204, 692, -48, -351, -380, 
-644, -624, 19, 634, -331, -302, -48, -204, 712, -48, -351, -380, 
-653, -634, 19, 644, -336, -307, -39, -195, 707, -58, -356, -390, 
-653, -634, 19, 644, -336, -307, -39, -195, 702, -53, -356, -390, 
-653, -639, 14, 646, -334, -312, -34, -195, 722, -53, -356, -395, 
-653, -644, 9, 649, -331, -317, -34, -195, 717, -53, -356, -400, 
-658, -649, 9, 653, -334, -319, -24, -200, 697, -68, -361, -405, 
-658, -658, 0, 658, -329, -329, -24, -204, 668, -73, -366, -405, 
-658, -663, -4, 661, -326, -334, -24, -214, 653, -78, -370, -409, 
-658, -663, -4, 661, -326, -334, -24, -219, 644, -82, -375, -414, 
-658, -663, -4, 661, -326, -334, -14, -209, 658, -82, -375, -414, 
-658, -663, -4, 661, -326, -334, -14, -204, 688, -87, -380, -414, 
-658, -663, -4, 661, -326, -334, -14, -200, 697, -87, -380, -419, 
-658, -663, -4, 661, -326, -334, -14, -200, 697, -87, -380, -419, 
-668, -658, 9, 663, -339, -324, -14, -190, 707, -82, -370, -405, 
-668, -653, 14, 661, -341, -319, -14, -190, 707, -78, -370, -405, 
-668, -649, 19, 658, -344, -314, -14, -190, 688, -73, -370, -405, 
-668, -644, 24, 656, -346, -309, -14, -190, 673, -68, -370, -405, 
-658, -644, 14, 651, -336, -314, -14, -195, 673, -68, -361, -395, 
-658, -644, 14, 651, -336, -314, -14, -209, 673, -68, -361, -395, 
-658, -644, 14, 651, -336, -314, -14, -195, 683, -68, -361, -395, 
-653, -644, 9, 649, -331, -317, -19, -190, 688, -68, -361, -395, 
-644, -649, -4, 646, -319, -326, -14, -180, 702, -68, -361, -395, 
-644, -649, -4, 646, -319, -326, -19, -175, 712, -68, -361, -400, 
-649, -649, 0, 649, -324, -324, -19, -175, 722, -68, -361, -400, 
-649, -649, 0, 649, -324, -324, -19, -175, 727, -68, -361, -400, 
-644, -639, 4, 641, -324, -317, -39, -190, 678, -58, -356, -395, 
-644, -639, 4, 641, -324, -317, -48, -195, 692, -58, -356, -395, 
-644, -639, 4, 641, -324, -317, -58, -204, 678, -63, -356, -395, 
-639, -639, 0, 639, -319, -319, -68, -204, 668, -63, -356, -395, 
-629, -639, -9, 634, -309, -324, -82, -204, 683, -63, -356, -395, 
-634, -639, -4, 636, -314, -322, -87, -204, 712, -58, -356, -395, 
-634, -634, 0, 634, -317, -317, -92, -204, 717, -58, -351, -395, 
-634, -629, 4, 631, -319, -312, -97, -200, 722, -58, -351, -395, 
-634, -639, -4, 636, -314, -322, -97, -200, 722, -48, -351, -395, 
-634, -639, -4, 636, -314, -322, -97, -204, 717, -48, -351, -395, 
-634, -634, 0, 634, -317, -317, -97, -209, 702, -48, -351, -395, 
-639, -634, 4, 636, -322, -314, -92, -219, 683, -48, -351, -390, 
-629, -634, -4, 631, -312, -319, -92, -214, 683, -58, -351, -390, 
-624, -639, -14, 631, -305, -326, -92, -229, 678, -58, -351, -390, 
-624, -639, -14, 631, -305, -326, -92, -214, 678, -58, -351, -390, 
-624, -639, -14, 631, -305, -326, -92, -214, 692, -58, -351, -390, 
-624, -634, -9, 629, -307, -322, -82, -204, 712, -58, -346, -385, 
-624, -634, -9, 629, -307, -322, -82, -204, 722, -58, -346, -385, 
-624, -634, -9, 629, -307, -322, -82, -195, 732, -53, -346, -385, 
-624, -634, -9, 629, -307, -322, -82, -195, 741, -48, -346, -385, 
-624, -629, -4, 627, -309, -317, -82, -204, 722, -43, -336, -380, 
-624, -629, -4, 627, -309, -317, -82, -204, 697, -39, -336, -380, 
-624, -629, -4, 627, -309, -317, -78, -204, 688, -34, -336, -385, 
-624, -624, 0, 624, -312, -312, -78, -214, 663, -29, -336, -385, 
-614, -624, -9, 619, -302, -317, -82, -209, 688, -34, -341, -375, 
-614, -624, -9, 619, -302, -317, -82, -204, 717, -34, -341, -375, 
-614, -624, -9, 619, -302, -317, -82, -200, 732, -34, -341, -375, 
-610, -624, -14, 617, -297, -319, -82, -190, 736, -39, -341, -375, 
-619, -629, -9, 624, -305, -319, -82, -200, 741, -48, -341, -375, 
-619, -629, -9, 624, -305, -319, -82, -200, 727, -48, -341, -375, 
-619, -629, -9, 624, -305, -319, -82, -200, 712, -43, -341, -375, 
-619, -629, -9, 624, -305, -319, -82, -200, 707, -43, -341, -375, 
-610, -629, -19, 619, -295, -324, -82, -204, 697, -43, -351, -380, 
-610, -629, -19, 619, -295, -324, -82, -204, 692, -43, -346, -380, 
-610, -629, -19, 619, -295, -324, -78, -200, 692, -43, -346, -380, 
-610, -629, -19, 619, -295, -324, -78, -200, 697, -43, -346, -380, 
-619, -629, -9, 624, -305, -319, -78, -190, 702, -43, -336, -380, 
-619, -629, -9, 624, -305, -319, -78, -190, 736, -43, -336, -380, 
-619, -624, -4, 622, -307, -314, -78, -190, 751, -43, -336, -380, 
-619, -624, -4, 622, -307, -314, -82, -190, 746, -43, -336, -380, 
-629, -634, -4, 631, -312, -319, -73, -195, 722, -53, -346, -380, 
-629, -634, -4, 631, -312, -319, -63, -200, 707, -53, -346, -380, 
-629, -634, -4, 631, -312, -319, -63, -209, 673, -53, -346, -380, 
-629, -634, -4, 631, -312, -319, -63, -214, 663, -53, -346, -380, 
-629, -644, -14, 636, -307, -329, -53, -209, 678, -53, -346, -380, 
-629, -644, -14, 636, -307, -329, -58, -204, 688, -53, -346, -380, 
-629, -644, -14, 636, -307, -329, -58, -195, 702, -53, -346, -380, 
-629, -644, -14, 636, -307, -329, -53, -180, 732, -53, -346, -380, 
-629, -649, -19, 639, -305, -334, -63, -190, 732, -58, -346, -390, 
-629, -649, -19, 639, -305, -334, -63, -190, 722, -58, -346, -390, 
-629, -649, -19, 639, -305, -334, -63, -190, 707, -58, -346, -390, 
-629, -649, -19, 639, -305, -334, -58, -190, 688, -58, -346, -390, 
-629, -639, -9, 634, -309, -324, -58, -204, 673, -53, -356, -390, 
-629, -649, -19, 639, -305, -334, -68, -219, 649, -58, -351, -395, 
-629, -644, -14, 636, -307, -329, -58, -209, 649, -78, -370, -400, 
-634, -644, -9, 639, -312, -326, -39, -195, 692, -82, -380, -414, 
-639, -634, 4, 636, -322, -314, -48, -209, 673, -112, -395, -429, 
-649, -614, 34, 631, -341, -290, -48, -244, 639, -136, -405, -434, 
-649, -605, 43, 627, -346, -280, -39, -224, 668, -151, -409, -439, 
-658, -614, 43, 636, -351, -285, -39, -219, 663, -151, -409, -439, 
-658, -614, 43, 636, -351, -285, -34, -219, 634, -126, -395, -429, 
-658, -605, 53, 631, -356, -275, -24, -200, 653, -82, -366, -419, 
-663, -585, 78, 624, -370, -253, -24, -190, 678, -9, -312, -385, 
-644, -566, 78, 605, -361, -244, -39, -185, 688, 97, -234, -331, 
-624, -531, 92, 578, -358, -219, -58, -161, 766, 239, -126, -263, 
-595, -473, 122, 534, -358, -175, -78, -131, 878, 400, 14, -170, 
-570, -390, 180, 480, -375, -104, -126, -190, 902, 585, 204, -29, 
-527, -292, 234, 409, -380, -29, -200, -307, 854, 780, 424, 141, 
-468, -185, 283, 326, -375, 48, -292, -434, 814, 990, 668, 322, 
-419, -73, 346, 246, -383, 136, -400, -580, 746, 1215, 927, 541, 
-361, 0, 361, 180, -361, 180, -522, -722, 663, 1449, 1190, 756, 
-297, 43, 341, 126, -319, 192, -610, -824, 658, 1703, 1444, 946, 
-248, 43, 292, 102, -270, 168, -673, -917, 697, 1971, 1668, 1112, 
-204, -4, 200, 104, -202, 97, -736, -980, 722, 2200, 1839, 1229, 
-165, -68, 97, 117, -131, 14, -790, -1019, 780, 2366, 1937, 1312, 
-156, -165, -9, 161, -73, -87, -819, -1049, 819, 2376, 1878, 1302, 
-170, -292, -122, 231, -24, -207, -819, -1088, 780, 2239, 1698, 1200, 
-209, -409, -200, 309, -4, -305, -790, -1098, 736, 2059, 1478, 1058, 
-253, -512, -258, 383, 2, -385, -746, -1093, 673, 1776, 1190, 868, 
-317, -644, -326, 480, 4, -485, -688, -1093, 488, 1273, 746, 580, 
-385, -775, -390, 580, 2, -583, -614, -1088, 239, 688, 268, 263, 
-434, -883, -448, 658, 7, -666, -541, -1034, 78, 195, -117, 19, 
-492, -936, -444, 714, -24, -690, -463, -1000, -53, -234, -395, -161, 
-531, -936, -405, 734, -63, -671, -434, -980, -136, -512, -546, -263, 
-546, -893, -346, 719, -100, -619, -414, -902, -87, -541, -546, -278, 
-536, -854, -317, 695, -109, -585, -390, -785, 53, -468, -488, -263, 
-517, -819, -302, 668, -107, -561, -346, -678, 185, -390, -439, -253, 
-507, -775, -268, 641, -119, -522, -312, -570, 336, -258, -390, -244, 
-488, -712, -224, 600, -131, -468, -287, -453, 512, -122, -322, -224, 
-483, -639, -156, 561, -163, -397, -268, -400, 580, -48, -263, -190, 
-507, -590, -82, 549, -212, -336, -248, -370, 585, 0, -234, -180, 
-541, -551, -9, 546, -265, -280, -214, -331, 639, 29, -234, -219, 
-566, -541, 24, 553, -295, -258, -185, -297, 678, 43, -239, -239, 
-566, -541, 24, 553, -295, -258, -175, -287, 663, 53, -248, -248, 
-575, -556, 19, 566, -297, -268, -156, -239, 702, 68, -244, -268, 
-595, -575, 19, 585, -307, -278, -112, -180, 775, 73, -253, -287, 
-605, -585, 19, 595, -312, -283, -87, -161, 805, 73, -263, -297, 
-614, -585, 29, 600, -322, -278, -78, -151, 819, 73, -268, -307, 
-614, -595, 19, 605, -317, -287, -73, -112, 858, 78, -268, -317, 
-605, -610, -4, 607, -300, -307, -73, -122, 834, 63, -278, -322, 
-605, -610, -4, 607, -300, -307, -73, -122, 824, 58, -292, -336, 
-610, -610, 0, 610, -305, -305, -68, -126, 814, 43, -302, -336, 
-610, -614, -4, 612, -302, -309, -68, -146, 775, 34, -307, -346, 
-614, -624, -9, 619, -302, -317, -63, -141, 775, 19, -317, -356, 
-614, -624, -9, 619, -302, -317, -63, -136, 775, 19, -322, -356, 
-619, -624, -4, 622, -307, -314, -63, -126, 780, 24, -322, -361, 
-624, -624, 0, 624, -312, -312, -58, -117, 795, 29, -322, -361, 
-624, -624, 0, 624, -312, -312, -34, -92, 829, 34, -322, -370, 
-624, -629, -4, 627, -309, -317, -34, -78, 858, 34, -322, -370, 
-624, -634, -9, 629, -307, -322, -34, -73, 844, 34, -322, -370, 
-624, -634, -9, 629, -307, -322, -34, -73, 839, 34, -322, -375, 
-614, -649, -34, 631, -290, -341, -29, -87, 819, 19, -336, -375, 
-619, -653, -34, 636, -292, -344, -34, -102, 790, 14, -341, -375, 
-619, -658, -39, 639, -290, -348, -29, -112, 766, 9, -341, -375, 
-619, -663, -43, 641, -287, -353, -24, -117, 761, 9, -341, -385, 
-619, -668, -48, 644, -285, -358, -19, -97, 771, 0, -351, -390, 
-624, -668, -43, 646, -290, -356, -14, -92, 785, 0, -356, -395, 
-624, -668, -43, 646, -290, -356, -14, -78, 824, 0, -356, -400, 
-624, -668, -43, 646, -290, -356, -14, -58, 854, 0, -356, -405, 
-624, -683, -58, 653, -283, -370, -9, -63, 858, 0, -356, -405, 
-624, -683, -58, 653, -283, -370, -9, -68, 839, 0, -351, -405, 
-624, -683, -58, 653, -283, -370, -14, -63, 829, 4, -351, -405, 
-629, -683, -53, 656, -287, -368, -14, -87, 800, 4, -351, -400, 
-629, -683, -53, 656, -287, -368, -14, -87, 790, -4, -361, -400, 
-624, -678, -53, 651, -285, -366, -14, -87, 800, 4, -361, -400, 
-624, -673, -48, 649, -287, -361, -14, -87, 805, 9, -351, -395, 
-624, -673, -48, 649, -287, -361, -14, -87, 805, 9, -351, -395, 
-634, -673, -39, 653, -297, -356, -4, -73, 819, 14, -341, -395, 
-629, -673, -43, 651, -292, -358, -4, -63, 839, 14, -341, -395, 
-629, -673, -43, 651, -292, -358, -4, -63, 839, 14, -341, -395, 
-629, -668, -39, 649, -295, -353, -9, -63, 834, 14, -336, -395, 
-619, -663, -43, 641, -287, -353, -29, -68, 824, 14, -336, -395, 
-619, -658, -39, 639, -290, -348, -39, -78, 795, 14, -336, -390, 
-614, -653, -39, 634, -287, -346, -43, -87, 785, 14, -336, -390, 
-614, -649, -34, 631, -290, -341, -43, -92, 780, 14, -336, -390, 
-614, -644, -29, 629, -292, -336, -58, -92, 805, 14, -336, -385, 
-614, -639, -24, 627, -295, -331, -68, -102, 814, 14, -336, -390, 
-614, -634, -19, 624, -297, -326, -73, -92, 839, 19, -336, -390, 
-619, -634, -14, 627, -302, -324, -78, -87, 868, 19, -336, -390, 
-619, -634, -14, 627, -302, -324, -82, -97, 849, 19, -336, -375, 
-619, -634, -14, 627, -302, -324, -82, -107, 834, 14, -336, -375, 
-614, -634, -19, 624, -297, -326, -82, -122, 814, 14, -336, -375, 
-614, -634, -19, 624, -297, -326, -82, -141, 775, 14, -331, -375, 
-624, -644, -19, 634, -302, -331, -82, -141, 761, 4, -331, -385, 
-624, -644, -19, 634, -302, -331, -82, -141, 785, 9, -331, -385, 
-624, -644, -19, 634, -302, -331, -82, -141, 790, 14, -331, -385, 
-624, -644, -19, 634, -302, -331, -82, -141, 795, 14, -331, -385, 
-624, -639, -14, 631, -305, -326, -82, -131, 814, 14, -326, -375, 
-624, -639, -14, 631, -305, -326, -87, -122, 834, 14, -326, -375, 
-624, -639, -14, 631, -305, -326, -87, -122, 834, 19, -326, -370, 
-624, -639, -14, 631, -305, -326, -87, -122, 829, 24, -326, -370, 
-614, -639, -24, 627, -295, -331, -87, -136, 814, 34, -336, -380, 
-614, -644, -29, 629, -292, -336, -87, -136, 790, 34, -331, -375, 
-614, -644, -29, 629, -292, -336, -87, -136, 766, 34, -326, -375, 
-610, -644, -34, 627, -287, -339, -87, -136, 780, 39, -326, -375, 
-610, -644, -34, 627, -287, -339, -78, -122, 790, 39, -326, -385, 
-610, -644, -34, 627, -287, -339, -78, -117, 805, 39, -326, -380, 
-610, -639, -29, 624, -290, -334, -78, -97, 858, 43, -326, -380, 
-610, -639, -29, 624, -290, -334, -78, -82, 878, 48, -322, -380, 
-614, -629, -14, 622, -300, -322, -78, -82, 854, 39, -322, -366, 
-614, -629, -14, 622, -300, -322, -78, -87, 844, 48, -322, -366, 
-614, -624, -9, 619, -302, -317, -78, -92, 834, 53, -317, -366, 
-614, -624, -9, 619, -302, -317, -78, -102, 814, 53, -307, -366, 
-624, -619, 4, 622, -314, -307, -78, -92, 819, 68, -307, -370, 
-619, -614, 4, 617, -312, -305, -78, -87, 834, 78, -307, -370, 
-619, -614, 4, 617, -312, -305, -73, -78, 844, 78, -307, -366, 
-619, -614, 4, 617, -312, -305, -73, -78, 863, 82, -302, -361, 
-614, -624, -9, 619, -302, -317, -68, -58, 897, 87, -302, -361, 
-614, -624, -9, 619, -302, -317, -58, -53, 912, 92, -297, -361, 
-610, -624, -14, 617, -297, -319, -53, -53, 902, 97, -292, -361, 
-610, -624, -14, 617, -297, -319, -48, -53, 902, 102, -287, -361, 
-619, -624, -4, 622, -307, -314, -48, -53, 888, 102, -297, -366, 
-624, -624, 0, 624, -312, -312, -48, -53, 873, 102, -287, -366, 
-624, -624, 0, 624, -312, -312, -53, -53, 854, 107, -287, -366, 
-619, -624, -4, 622, -307, -314, -53, -39, 863, 112, -287, -366, 
-619, -629, -9, 624, -305, -319, -53, -24, 893, 112, -287, -361, 
-614, -629, -14, 622, -300, -322, -53, -19, 902, 112, -283, -361, 
-614, -634, -19, 624, -297, -326, -48, -9, 946, 122, -283, -361, 
-614, -644, -29, 629, -292, -336, -43, 0, 976, 122, -278, -356, 
-614, -644, -29, 629, -292, -336, -34, -9, 946, 117, -287, -366, 
-614, -644, -29, 629, -292, -336, -34, -4, 936, 117, -287, -366, 
-614, -639, -24, 627, -295, -331, -29, -4, 936, 122, -287, -366, 
-614, -639, -24, 627, -295, -331, -29, -4, 902, 131, -283, -361, 
-610, -644, -34, 627, -287, -339, -34, 4, 917, 146, -278, -351, 
-610, -644, -34, 627, -287, -339, -34, 14, 932, 146, -278, -351, 
-610, -639, -29, 624, -290, -334, -34, 24, 946, 151, -278, -351, 
-605, -639, -34, 622, -285, -336, -34, 24, 961, 161, -273, -346, 
-605, -634, -29, 619, -287, -331, -34, 34, 990, 165, -258, -336, 
-600, -629, -29, 614, -285, -329, -39, 39, 1015, 175, -253, -331, 
-600, -624, -24, 612, -287, -324, -48, 39, 1000, 175, -253, -331, 
-600, -624, -24, 612, -287, -324, -53, 39, 1010, 185, -248, -326, 
-590, -619, -29, 605, -280, -324, -58, 39, 1005, 195, -244, -317, 
-585, -614, -29, 600, -278, -322, -63, 34, 976, 204, -239, -307, 
-585, -614, -29, 600, -278, -322, -63, 29, 971, 204, -234, -307, 
-580, -610, -29, 595, -275, -319, -68, 39, 980, 219, -234, -307, 
-580, -605, -24, 592, -278, -314, -78, 43, 1010, 224, -234, -302, 
-580, -595, -14, 588, -283, -305, -78, 48, 1024, 224, -229, -302, 
-575, -585, -9, 580, -283, -297, -78, 58, 1054, 239, -229, -297, 
-575, -580, -4, 578, -285, -292, -78, 63, 1083, 244, -219, -297, 
-580, -590, -9, 585, -285, -300, -82, 43, 1063, 248, -224, -292, 
-580, -590, -9, 585, -285, -300, -82, 43, 1049, 253, -219, -292, 
-570, -585, -14, 578, -278, -300, -87, 39, 1029, 253, -214, -283, 
-570, -585, -14, 578, -278, -300, -97, 29, 1000, 258, -209, -278, 
-575, -595, -19, 585, -278, -307, -102, 19, 1010, 258, -219, -287, 
-566, -595, -29, 580, -268, -312, -102, 29, 1024, 263, -214, -287, 
-566, -595, -29, 580, -268, -312, -102, 34, 1024, 263, -214, -287, 
-566, -595, -29, 580, -268, -312, -102, 34, 1024, 258, -204, -278, 
-551, -595, -43, 573, -253, -319, -102, 43, 1054, 268, -204, -278, 
-551, -595, -43, 573, -253, -319, -102, 53, 1073, 273, -204, -278, 
-551, -595, -43, 573, -253, -319, -107, 53, 1073, 278, -204, -273, 
-546, -595, -48, 570, -248, -322, -107, 58, 1078, 278, -200, -268, 
-531, -610, -78, 570, -226, -344, -107, 63, 1068, 273, -200, -278, 
-531, -610, -78, 570, -226, -344, -112, 58, 1044, 273, -195, -278, 
-527, -610, -82, 568, -222, -346, -112, 53, 1024, 273, -195, -278, 
-517, -614, -97, 566, -209, -356, -112, 48, 1024, 278, -200, -278, 
-527, -619, -92, 573, -217, -356, -107, 63, 1039, 278, -200, -268, 
-522, -619, -97, 570, -212, -358, -107, 68, 1054, 273, -204, -268, 
-522, -624, -102, 573, -209, -363, -102, 78, 1083, 273, -204, -268, 
-522, -624, -102, 573, -209, -363, -102, 82, 1117, 268, -209, -268, 
-522, -639, -117, 580, -202, -378, -102, 87, 1088, 268, -209, -268, 
-522, -639, -117, 580, -202, -378, -107, 87, 1078, 263, -219, -268, 
-522, -639, -117, 580, -202, -378, -107, 87, 1073, 263, -219, -268, 
-522, -644, -122, 583, -200, -383, -112, 78, 1049, 253, -224, -268, 
-507, -634, -126, 570, -190, -380, -112, 78, 1039, 253, -219, -268, 
-507, -629, -122, 568, -192, -375, -112, 78, 1044, 248, -224, -268, 
-507, -629, -122, 568, -192, -375, -112, 78, 1049, 248, -229, -268, 
-512, -629, -117, 570, -197, -373, -112, 78, 1058, 244, -239, -268, 
-502, -629, -126, 566, -187, -378, -112, 87, 1078, 239, -244, -258, 
-507, -629, -122, 568, -192, -375, -112, 87, 1083, 234, -248, -258, 
-507, -629, -122, 568, -192, -375, -117, 78, 1078, 224, -253, -263, 
-507, -624, -117, 566, -195, -370, -117, 63, 1078, 214, -253, -273, 
-497, -624, -126, 561, -185, -375, -117, 68, 1063, 209, -268, -273, 
-502, -624, -122, 563, -190, -373, -117, 53, 1019, 195, -268, -273, 
-502, -624, -122, 563, -190, -373, -117, 48, 1000, 185, -273, -278, 
-507, -624, -117, 566, -195, -370, -117, 43, 985, 180, -278, -278, 
-497, -634, -136, 566, -180, -385, -117, 43, 995, 180, -273, -273, 
-502, -634, -131, 568, -185, -383, -117, 43, 1005, 170, -278, -273, 
-502, -634, -131, 568, -185, -383, -112, 43, 1034, 156, -283, -273, 
-507, -639, -131, 573, -187, -385, -112, 53, 1054, 146, -287, -283, 
-512, -639, -126, 575, -192, -383, -107, 39, 1010, 151, -283, -273, 
-512, -634, -122, 573, -195, -378, -107, 34, 990, 146, -287, -278, 
-522, -624, -102, 573, -209, -363, -107, 29, 976, 141, -287, -283, 
-522, -619, -97, 570, -212, -358, -107, 9, 941, 131, -297, -283, 
-517, -619, -102, 568, -207, -361, -117, -4, 917, 131, -292, -297, 
-517, -624, -107, 570, -204, -366, -117, -4, 917, 117, -297, -302, 
-522, -624, -102, 573, -209, -363, -117, -14, 912, 112, -302, -302, 
-522, -624, -102, 573, -209, -363, -117, -29, 902, 107, -302, -307, 
-536, -619, -82, 578, -226, -351, -126, -24, 922, 97, -307, -302, 
-541, -614, -73, 578, -234, -344, -126, -34, 922, 87, -317, -307, 
-546, -610, -63, 578, -241, -336, -122, -48, 902, 82, -317, -307, 
-551, -600, -48, 575, -251, -324, -122, -58, 883, 73, -317, -307, 
-561, -600, -39, 580, -261, -319, -107, -73, 858, 68, -312, -302, 
-566, -600, -34, 583, -265, -317, -107, -92, 819, 63, -312, -307, 
-566, -600, -34, 583, -265, -317, -107, -112, 775, 63, -312, -307, 
-570, -600, -29, 585, -270, -314, -107, -122, 761, 58, -312, -312, 
-580, -595, -14, 588, -283, -305, -102, -126, 771, 48, -312, -322, 
-590, -595, -4, 592, -292, -300, -102, -141, 766, 48, -312, -326, 
-600, -600, 0, 600, -300, -300, -97, -141, 785, 48, -317, -326, 
-610, -600, 9, 605, -309, -295, -97, -131, 810, 43, -317, -326, 
-600, -600, 0, 600, -300, -300, -107, -161, 775, 29, -322, -336, 
-605, -600, 4, 602, -305, -297, -107, -165, 746, 24, -322, -336, 
-610, -605, 4, 607, -307, -300, -107, -175, 727, 24, -322, -341, 
-610, -605, 4, 607, -307, -300, -107, -190, 683, 19, -326, -341, 
-614, -610, 4, 612, -309, -302, -112, -204, 673, 19, -326, -341, 
-614, -610, 4, 612, -309, -302, -117, -204, 678, 14, -326, -341, 
-614, -610, 4, 612, -309, -302, -122, -209, 683, 9, -326, -346, 
-619, -610, 9, 614, -314, -300, -126, -214, 688, 4, -331, -346, 
-619, -610, 9, 614, -314, -300, -126, -204, 697, 9, -336, -356, 
-624, -614, 9, 619, -317, -302, -126, -195, 707, 9, -336, -356, 
-624, -619, 4, 622, -314, -307, -131, -204, 692, 4, -336, -356, 
-624, -619, 4, 622, -314, -307, -131, -209, 688, 0, -341, -361, 
-624, -624, 0, 624, -312, -312, -131, -214, 668, 0, -341, -356, 
-624, -629, -4, 627, -309, -317, -131, -224, 639, 0, -346, -356, 
-629, -629, 0, 629, -314, -314, -131, -239, 624, -4, -346, -356, 
-629, -629, 0, 629, -314, -314, -131, -244, 619, -4, -346, -356, 
-629, -629, 0, 629, -314, -314, -122, -229, 634, 4, -336, -346, 
-629, -629, 0, 629, -314, -314, -122, -234, 649, 0, -336, -351, 
-629, -634, -4, 631, -312, -319, -117, -219, 683, 0, -336, -351, 
-634, -634, 0, 634, -317, -317, -112, -209, 722, 0, -336, -351, 
-634, -649, -14, 641, -309, -331, -122, -214, 683, -9, -341, -351, 
-634, -649, -14, 641, -309, -331, -126, -219, 663, -14, -341, -351, 
-634, -649, -14, 641, -309, -331, -126, -224, 653, -14, -341, -356, 
-634, -649, -14, 641, -309, -331, -122, -234, 619, -14, -346, -356, 
-639, -649, -9, 644, -314, -329, -122, -229, 619, -9, -346, -356, 
-639, -653, -14, 646, -312, -334, -117, -229, 634, -9, -346, -356, 
-639, -653, -14, 646, -312, -334, -117, -229, 644, -9, -351, -361, 
-639, -653, -14, 646, -312, -334, -117, -229, 653, -19, -351, -361, 
-649, -653, -4, 651, -322, -329, -107, -209, 673, 0, -341, -361, 
-649, -653, -4, 651, -322, -329, -102, -209, 692, 0, -341, -361, 
-649, -653, -4, 651, -322, -329, -97, -209, 692, 0, -346, -366, 
-649, -649, 0, 649, -324, -324, -92, -209, 683, 0, -346, -366, 
-649, -658, -9, 653, -319, -334, -92, -209, 663, 0, -341, -366, 
-649, -663, -14, 656, -317, -339, -92, -209, 634, 0, -341, -366, 
-649, -668, -19, 658, -314, -344, -92, -209, 614, -4, -346, -361, 
-649, -668, -19, 658, -314, -344, -92, -209, 605, -4, -346, -361, 
-649, -673, -24, 661, -312, -348, -87, -204, 634, -14, -351, -370, 
-653, -673, -19, 663, -317, -346, -82, -200, 649, -9, -346, -366, 
-653, -673, -19, 663, -317, -346, -78, -190, 683, -9, -346, -366, 
-653, -673, -19, 663, -317, -346, -73, -180, 722, -9, -346, -366, 
-653, -663, -9, 658, -322, -336, -63, -180, 692, -4, -346, -356, 
-653, -663, -9, 658, -322, -336, -68, -175, 683, 0, -346, -356, 
-653, -658, -4, 656, -324, -331, -68, -175, 668, 4, -346, -356, 
-653, -658, -4, 656, -324, -331, -68, -185, 639, 9, -346, -356, 
-644, -653, -9, 649, -317, -331, -78, -185, 639, 9, -341, -351, 
-644, -649, -4, 646, -319, -326, -78, -180, 658, 9, -336, -351, 
-644, -644, 0, 644, -322, -322, -78, -175, 663, 9, -331, -351, 
-644, -639, 4, 641, -324, -317, -78, -170, 668, 9, -326, -346, 
-649, -624, 24, 636, -336, -300, -78, -170, 692, 19, -326, -336, 
-649, -624, 24, 636, -336, -300, -82, -170, 702, 24, -326, -336, 
-649, -619, 29, 634, -339, -295, -82, -170, 707, 24, -326, -336, 
-649, -619, 29, 634, -339, -295, -82, -170, 707, 24, -322, -336, 
-649, -619, 29, 634, -339, -295, -82, -175, 688, 34, -322, -346, 
-649, -619, 29, 634, -339, -295, -82, -180, 663, 29, -322, -346, 
-649, -619, 29, 634, -339, -295, -82, -190, 629, 29, -322, -346, 
-649, -619, 29, 634, -339, -295, -73, -195, 629, 34, -322, -346, 
-658, -624, 34, 641, -346, -295, -73, -195, 644, 24, -322, -346, 
-658, -624, 34, 641, -346, -295, -73, -200, 658, 24, -322, -346, 
-658, -629, 29, 644, -344, -300, -68, -200, 678, 24, -322, -346, 
-658, -629, 29, 644, -344, -300, -68, -185, 702, 24, -317, -341, 
-663, -639, 24, 651, -344, -307, -73, -200, 688, 14, -326, -341, 
-663, -634, 29, 649, -346, -302, -73, -204, 668, 14, -326, -341, 
-663, -634, 29, 649, -346, -302, -73, -209, 653, 14, -326, -346, 
-663, -634, 29, 649, -346, -302, -73, -219, 634, 14, -326, -346, 
-663, -639, 24, 651, -344, -307, -73, -219, 614, 4, -336, -351, 
-658, -639, 19, 649, -339, -309, -78, -219, 629, 14, -331, -351, 
-658, -639, 19, 649, -339, -309, -78, -214, 634, 19, -331, -341, 
-658, -639, 19, 649, -339, -309, -78, -214, 634, 19, -331, -341, 
-658, -634, 24, 646, -341, -305, -78, -204, 658, 29, -326, -341, 
-658, -634, 24, 646, -341, -305, -73, -204, 688, 29, -322, -341, 
-658, -639, 19, 649, -339, -309, -73, -204, 683, 29, -322, -341, 
-658, -639, 19, 649, -339, -309, -73, -200, 688, 29, -322, -341, 
-658, -629, 29, 644, -344, -300, -78, -204, 688, 34, -322, -331, 
-658, -624, 34, 641, -346, -295, -82, -209, 649, 34, -322, -331, 
-658, -624, 34, 641, -346, -295, -87, -214, 624, 34, -322, -331, 
-658, -624, 34, 641, -346, -295, -92, -214, 624, 34, -322, -331, 
-653, -610, 43, 631, -348, -283, -92, -200, 653, 34, -322, -331, 
-649, -610, 39, 629, -344, -285, -92, -195, 673, 34, -322, -331, 
-649, -605, 43, 627, -346, -280, -92, -185, 702, 39, -322, -331, 
-649, -605, 43, 627, -346, -280, -97, -180, 727, 39, -317, -331, 
-639, -595, 43, 617, -341, -275, -97, -195, 707, 43, -307, -331, 
-639, -595, 43, 617, -341, -275, -102, -195, 697, 43, -307, -331, 
-639, -590, 48, 614, -344, -270, -107, -195, 688, 43, -307, -326, 
-639, -590, 48, 614, -344, -270, -107, -195, 658, 43, -302, -326, 
-639, -585, 53, 612, -346, -265, -97, -185, 663, 53, -302, -326, 
-639, -585, 53, 612, -346, -265, -97, -180, 668, 53, -302, -326, 
-639, -580, 58, 610, -348, -261, -102, -185, 678, 58, -302, -326, 
-639, -580, 58, 610, -348, -261, -102, -180, 683, 58, -302, -322, 
-629, -580, 48, 605, -339, -265, -92, -170, 707, 58, -292, -322, 
-629, -580, 48, 605, -339, -265, -92, -170, 722, 58, -292, -322, 
-639, -580, 58, 610, -348, -261, -92, -170, 722, 58, -292, -317, 
-639, -580, 58, 610, -348, -261, -97, -170, 722, 58, -292, -317, 
-644, -580, 63, 612, -353, -258, -107, -180, 697, 58, -292, -326, 
-644, -580, 63, 612, -353, -258, -107, -190, 663, 53, -292, -326, 
-644, -580, 63, 612, -353, -258, -107, -190, 639, 53, -292, -322, 
-644, -580, 63, 612, -353, -258, -102, -185, 629, 53, -297, -322, 
-639, -580, 58, 610, -348, -261, -92, -180, 653, 63, -297, -322, 
-639, -580, 58, 610, -348, -261, -92, -180, 673, 53, -297, -322, 
-639, -580, 58, 610, -348, -261, -92, -175, 707, 53, -297, -322, 
-639, -585, 53, 612, -346, -265, -92, -170, 736, 53, -302, -322, 
-634, -590, 43, 612, -339, -273, -102, -180, 717, 53, -302, -312, 
-634, -590, 43, 612, -339, -273, -102, -180, 697, 53, -307, -322, 
-634, -590, 43, 612, -339, -273, -102, -180, 683, 48, -307, -322, 
-634, -590, 43, 612, -339, -273, -102, -180, 653, 48, -307, -322, 
-634, -590, 43, 612, -339, -273, -92, -175, 649, 43, -302, -312, 
-634, -590, 43, 612, -339, -273, -92, -175, 653, 43, -302, -312, 
-629, -590, 39, 610, -334, -275, -92, -175, 673, 39, -307, -312, 
-629, -590, 39, 610, -334, -275, -92, -175, 678, 34, -307, -312, 
-629, -590, 39, 610, -334, -275, -82, -170, 697, 39, -297, -312, 
-629, -590, 39, 610, -334, -275, -87, -165, 717, 43, -297, -312, 
-629, -590, 39, 610, -334, -275, -87, -161, 722, 48, -297, -312, 
-629, -590, 39, 610, -334, -275, -92, -156, 712, 53, -302, -317, 
-629, -590, 39, 610, -334, -275, -92, -170, 683, 58, -297, -312, 
-629, -590, 39, 610, -334, -275, -92, -175, 663, 53, -297, -317, 
-634, -590, 43, 612, -339, -273, -92, -180, 644, 48, -297, -317, 
-639, -585, 53, 612, -346, -265, -92, -185, 634, 48, -297, -317, 
-644, -580, 63, 612, -353, -258, -82, -180, 658, 48, -307, -317, 
-644, -580, 63, 612, -353, -258, -82, -185, 678, 48, -312, -312, 
-644, -580, 63, 612, -353, -258, -82, -190, 702, 43, -317, -312, 
-649, -580, 68, 614, -358, -256, -82, -185, 746, 43, -317, -312, 
-658, -585, 73, 622, -366, -256, -82, -190, 727, 39, -317, -312, 
-658, -595, 63, 627, -361, -265, -82, -195, 688, 29, -317, -317, 
-658, -600, 58, 629, -358, -270, -82, -200, 653, 24, -317, -322, 
-658, -610, 48, 634, -353, -280, -82, -204, 624, 24, -317, -326, 
-658, -614, 43, 636, -351, -285, -92, -209, 619, 19, -326, -326, 
-658, -614, 43, 636, -351, -285, -92, -209, 619, 14, -326, -331, 
-658, -619, 39, 639, -348, -290, -92, -214, 629, 9, -326, -331, 
-658, -624, 34, 641, -346, -295, -92, -224, 634, 4, -331, -326, 
-663, -634, 29, 649, -346, -302, -102, -239, 649, -4, -336, -331, 
-663, -629, 34, 646, -348, -297, -97, -239, 663, -4, -341, -331, 
-663, -629, 34, 646, -348, -297, -97, -239, 658, -4, -346, -336, 
-663, -629, 34, 646, -348, -297, -97, -239, 644, 0, -351, -341, 
-663, -639, 24, 651, -344, -307, -107, -253, 619, 0, -341, -341, 
-663, -634, 29, 649, -346, -302, -107, -258, 600, 0, -341, -341, 
-658, -634, 24, 646, -341, -305, -107, -263, 575, 0, -341, -341, 
-658, -634, 24, 646, -341, -305, -107, -268, 575, 0, -336, -341, 
-668, -634, 34, 651, -351, -300, -107, -253, 600, -9, -346, -331, 
-668, -634, 34, 651, -351, -300, -107, -248, 619, -9, -346, -331, 
-668, -639, 29, 653, -348, -305, -107, -239, 649, -4, -341, -331, 
-663, -639, 24, 651, -344, -307, -107, -229, 683, -4, -341, -331, 
-663, -629, 34, 646, -348, -297, -117, -234, 683, 0, -331, -341, 
-663, -629, 34, 646, -348, -297, -117, -234, 649, 0, -336, -341, 
-663, -624, 39, 644, -351, -292, -117, -239, 624, 0, -336, -341, 
-663, -624, 39, 644, -351, -292, -112, -244, 600, 0, -336, -341, 
-653, -629, 24, 641, -339, -302, -112, -234, 600, 9, -336, -341, 
-653, -629, 24, 641, -339, -302, -112, -234, 605, 4, -336, -341, 
-653, -624, 29, 639, -341, -297, -112, -234, 624, 4, -336, -341, 
-653, -624, 29, 639, -341, -297, -112, -234, 634, 4, -336, -341, 
-653, -624, 29, 639, -341, -297, -112, -234, 644, 4, -336, -341, 
-653, -624, 29, 639, -341, -297, -107, -234, 653, 4, -336, -341, 
-653, -624, 29, 639, -341, -297, -107, -234, 658, 4, -336, -341, 
-658, -624, 34, 641, -346, -295, -102, -239, 658, 4, -336, -341, 
-658, -624, 34, 641, -346, -295, -112, -239, 629, 0, -336, -331, 
-658, -624, 34, 641, -346, -295, -117, -239, 605, 0, -336, -331, 
-658, -624, 34, 641, -346, -295, -117, -244, 585, 0, -336, -331, 
-658, -624, 34, 641, -346, -295, -117, -248, 575, 0, -336, -331, 
-658, -624, 34, 641, -346, -295, -117, -244, 605, -4, -346, -341, 
-658, -624, 34, 641, -346, -295, -117, -244, 624, -4, -346, -341, 
-658, -624, 34, 641, -346, -295, -117, -239, 653, -9, -346, -341, 
-658, -629, 29, 644, -344, -300, -117, -229, 688, -9, -351, -346, 
-658, -629, 29, 644, -344, -300, -107, -239, 673, -9, -341, -336, 
-658, -629, 29, 644, -344, -300, -107, -239, 658, -9, -341, -336, 
-658, -629, 29, 644, -344, -300, -107, -239, 624, -14, -341, -336, 
-658, -634, 24, 646, -341, -305, -112, -244, 590, -14, -341, -336, 
-658, -629, 29, 644, -344, -300, -112, -239, 585, -14, -346, -341, 
-658, -634, 24, 646, -341, -305, -112, -239, 590, -14, -351, -341, 
-658, -634, 24, 646, -341, -305, -112, -239, 610, -14, -351, -341, 
-658, -634, 24, 646, -341, -305, -112, -239, 619, -19, -351, -341, 
-658, -649, 9, 653, -334, -319, -107, -239, 624, -29, -351, -341, 
-663, -653, 9, 658, -336, -322, -107, -229, 639, -29, -356, -351, 
-663, -658, 4, 661, -334, -326, -107, -224, 653, -29, -361, -361, 
-663, -663, 0, 663, -331, -331, -107, -224, 629, -29, -366, -361, 
-663, -673, -9, 668, -326, -341, -87, -244, 570, -24, -366, -361, 
-658, -673, -14, 666, -322, -344, -87, -234, 585, -24, -361, -361, 
-663, -673, -9, 668, -326, -341, -87, -239, 556, -29, -361, -361, 
-663, -673, -9, 668, -326, -341, -78, -224, 575, -29, -361, -361, 
-663, -673, -9, 668, -326, -341, -68, -209, 605, -19, -361, -361, 
-663, -673, -9, 668, -326, -341, -68, -204, 624, -19, -361, -361, 
-663, -673, -9, 668, -326, -341, -68, -200, 644, -19, -361, -361, 
-663, -673, -9, 668, -326, -341, -68, -195, 663, -19, -361, -361, 
-663, -663, 0, 663, -331, -331, -78, -209, 649, -19, -361, -361, 
-663, -663, 0, 663, -331, -331, -78, -214, 634, -19, -361, -361, 
-663, -663, 0, 663, -331, -331, -78, -219, 619, -19, -361, -361, 
-663, -663, 0, 663, -331, -331, -78, -224, 605, -19, -361, -361, 
-673, -663, 9, 668, -341, -326, -68, -234, 595, -29, -370, -361, 
-673, -663, 9, 668, -341, -326, -68, -234, 595, -29, -370, -361, 
-673, -663, 9, 668, -341, -326, -68, -234, 595, -29, -370, -361, 
-673, -663, 9, 668, -341, -326, -68, -234, 595, -29, -370, -361, 
-683, -673, 9, 678, -346, -331, -78, -224, 605, -39, -370, -370, 
-683, -673, 9, 678, -346, -331, -78, -224, 614, -39, -370, -370, 
-683, -673, 9, 678, -346, -331, -78, -224, 624, -39, -370, -370, 
-683, -673, 9, 678, -346, -331, -78, -224, 634, -39, -370, -370, 
-683, -678, 4, 680, -344, -336, -78, -239, 605, -29, -370, -370, 
-683, -683, 0, 683, -341, -341, -78, -244, 585, -29, -370, -370, 
-683, -688, -4, 685, -339, -346, -78, -248, 566, -29, -370, -370, 
-683, -692, -9, 688, -336, -351, -78, -253, 546, -29, -370, -370, 
-683, -692, -9, 688, -336, -351, -87, -239, 575, -39, -380, -380, 
-683, -692, -9, 688, -336, -351, -87, -234, 595, -39, -380, -380, 
-683, -692, -9, 688, -336, -351, -87, -229, 614, -39, -380, -380, 
-683, -692, -9, 688, -336, -351, -87, -224, 634, -39, -380, -380, 
-683, -683, 0, 683, -341, -341, -97, -239, 619, -48, -390, -390, 
-683, -683, 0, 683, -341, -341, -97, -244, 605, -48, -390, -390, 
-683, -683, 0, 683, -341, -341, -97, -248, 590, -48, -390, -390, 
-683, -683, 0, 683, -341, -341, -97, -253, 575, -48, -390, -390, 
-673, -683, -9, 678, -331, -346, -107, -263, 566, -39, -380, -380, 
-673, -683, -9, 678, -331, -346, -107, -263, 566, -39, -380, -380, 
-673, -683, -9, 678, -331, -346, -107, -263, 566, -39, -380, -380, 
-673, -683, -9, 678, -331, -346, -107, -263, 566, -39, -380, -380, 
-673, -683, -9, 678, -331, -346, -117, -258, 585, -39, -380, -380, 
-673, -683, -9, 678, -331, -346, -117, -253, 595, -39, -380, -380, 
-673, -683, -9, 678, -331, -346, -117, -248, 605, -39, -380, -380, 
-673, -683, -9, 678, -331, -346, -117, -244, 614, -39, -380, -380, 
-673, -673, 0, 673, -336, -336, -117, -248, 595, -34, -370, -375, 
-673, -673, 0, 673, -336, -336, -117, -253, 575, -29, -370, -370, 
-673, -673, 0, 673, -336, -336, -117, -258, 556, -24, -370, -366, 
-673, -673, 0, 673, -336, -336, -117, -263, 536, -19, -370, -361, 
-663, -658, 4, 661, -334, -326, -126, -248, 561, -19, -361, -351, 
-663, -653, 9, 658, -336, -322, -126, -244, 585, -19, -361, -351, 
-663, -649, 14, 656, -339, -317, -126, -239, 610, -19, -361, -351, 
-663, -644, 19, 653, -341, -312, -126, -234, 634, -19, -361, -351, 
-653, -644, 9, 649, -331, -317, -117, -244, 624, -9, -351, -341, 
-653, -644, 9, 649, -331, -317, -117, -244, 614, -9, -351, -341, 
-653, -644, 9, 649, -331, -317, -117, -244, 605, -9, -351, -341, 
-653, -644, 9, 649, -331, -317, -117, -244, 595, -9, -351, -341, 
-653, -639, 14, 646, -334, -312, -117, -239, 595, -4, -346, -331, 
-653, -634, 19, 644, -336, -307, -117, -234, 595, 0, -341, -331, 
-653, -629, 24, 641, -339, -302, -117, -229, 595, 4, -336, -331, 
-653, -624, 29, 639, -341, -297, -117, -224, 595, 9, -331, -331, 
-653, -614, 39, 634, -346, -287, -107, -219, 619, 19, -322, -331, 
-653, -614, 39, 634, -346, -287, -107, -214, 634, 19, -322, -331, 
-653, -614, 39, 634, -346, -287, -107, -209, 649, 19, -322, -331, 
-653, -614, 39, 634, -346, -287, -107, -204, 663, 19, -322, -331, 
-644, -624, 19, 634, -331, -302, -97, -214, 634, 19, -331, -322, 
-644, -624, 19, 634, -331, -302, -97, -214, 614, 19, -331, -322, 
-644, -624, 19, 634, -331, -302, -97, -214, 595, 19, -331, -322, 
-644, -624, 19, 634, -331, -302, -97, -214, 575, 19, -331, -322, 
-653, -624, 29, 639, -341, -297, -87, -200, 600, 19, -331, -322, 
-653, -624, 29, 639, -341, -297, -87, -195, 624, 19, -331, -322, 
-653, -624, 29, 639, -341, -297, -87, -190, 649, 19, -331, -322, 
-653, -624, 29, 639, -341, -297, -87, -185, 673, 19, -331, -322, 
-653, -624, 29, 639, -341, -297, -87, -190, 653, 19, -322, -322, 
-653, -624, 29, 639, -341, -297, -87, -195, 644, 19, -322, -322, 
-653, -624, 29, 639, -341, -297, -87, -200, 634, 19, -322, -322, 
-653, -624, 29, 639, -341, -297, -87, -204, 624, 19, -322, -322, 
-663, -619, 43, 641, -353, -287, -92, -214, 619, 29, -322, -312, 
-663, -614, 48, 639, -356, -283, -97, -224, 614, 29, -322, -312, 
-663, -610, 53, 636, -358, -278, -102, -234, 610, 29, -322, -312, 
-663, -605, 58, 634, -361, -273, -107, -244, 605, 29, -322, -312, 
-663, -595, 68, 629, -366, -263, -117, -244, 624, 19, -322, -302, 
-663, -595, 68, 629, -366, -263, -117, -244, 634, 19, -322, -302, 
-663, -595, 68, 629, -366, -263, -117, -244, 644, 19, -322, -302, 
-663, -595, 68, 629, -366, -263, -117, -244, 653, 19, -322, -302, 
-673, -595, 78, 634, -375, -258, -126, -253, 624, 19, -322, -302, 
-673, -595, 78, 634, -375, -258, -126, -253, 605, 19, -322, -302, 
-673, -595, 78, 634, -375, -258, -126, -253, 585, 19, -322, -302, 
-673, -595, 78, 634, -375, -258, -126, -253, 566, 19, -322, -302, 
-663, -600, 63, 631, -363, -268, -126, -248, 585, 9, -331, -312, 
-663, -605, 58, 634, -361, -273, -126, -244, 605, 9, -331, -312, 
-663, -610, 53, 636, -358, -278, -126, -239, 624, 9, -331, -312, 
-663, -614, 48, 639, -356, -283, -126, -234, 644, 9, -331, -312, 
-673, -619, 53, 646, -363, -283, -126, -248, 629, 4, -336, -317, 
-673, -624, 48, 649, -361, -287, -126, -253, 614, 0, -341, -322, 
-673, -629, 43, 651, -358, -292, -126, -258, 600, -4, -346, -326, 
-673, -634, 39, 653, -356, -297, -126, -263, 585, -9, -351, -331, 
-673, -639, 34, 656, -353, -302, -126, -273, 570, -14, -356, -336, 
-673, -644, 29, 658, -351, -307, -126, -273, 566, -19, -361, -341, 
-673, -649, 24, 661, -348, -312, -126, -273, 561, -24, -366, -346, 
-673, -653, 19, 663, -346, -317, -126, -273, 556, -29, -370, -351, 
-683, -658, 24, 671, -353, -317, -117, -263, 570, -39, -370, -361, 
-683, -663, 19, 673, -351, -322, -117, -263, 585, -39, -370, -361, 
-683, -668, 14, 675, -348, -326, -117, -263, 600, -39, -370, -361, 
-683, -673, 9, 678, -346, -331, -117, -263, 614, -39, -370, -361, 
-683, -683, 0, 683, -341, -341, -107, -273, 590, -39, -380, -361, 
-683, -683, 0, 683, -341, -341, -107, -273, 566, -39, -380, -361, 
-683, -683, 0, 683, -341, -341, -107, -273, 541, -39, -380, -361, 
-683, -683, 0, 683, -341, -341, -107, -273, 517, -39, -380, -361, 
-692, -692, 0, 692, -346, -346, -97, -263, 551, -29, -370, -361, 
-692, -692, 0, 692, -346, -346, -97, -253, 575, -29, -370, -361, 
-692, -692, 0, 692, -346, -346, -97, -244, 600, -29, -370, -361, 
-692, -692, 0, 692, -346, -346, -97, -234, 624, -29, -370, -361, 
-692, -692, 0, 692, -346, -346, -87, -234, 605, -29, -370, -351, 
-692, -692, 0, 692, -346, -346, -87, -234, 595, -29, -370, -351, 
-692, -692, 0, 692, -346, -346, -87, -234, 585, -29, -370, -351, 
-692, -692, 0, 692, -346, -346, -87, -234, 575, -29, -370, -351, 
-692, -692, 0, 692, -346, -346, -87, -244, 566, -29, -380, -361, 
-692, -692, 0, 692, -346, -346, -87, -244, 566, -29, -380, -361, 
-692, -692, 0, 692, -346, -346, -87, -244, 566, -29, -380, -361, 
-692, -692, 0, 692, -346, -346, -87, -244, 566, -29, -380, -361, 
-692, -692, 0, 692, -346, -346, -78, -239, 590, -19, -370, -351, 
-692, -692, 0, 692, -346, -346, -78, -234, 605, -19, -370, -351, 
-692, -692, 0, 692, -346, -346, -78, -229, 619, -19, -370, -351, 
-692, -692, 0, 692, -346, -346, -78, -224, 634, -19, -370, -351, 
-692, -683, 9, 688, -351, -336, -87, -234, 605, -19, -370, -351, 
-692, -683, 9, 688, -351, -336, -87, -234, 585, -19, -370, -351, 
-692, -683, 9, 688, -351, -336, -87, -234, 566, -19, -370, -351, 
-692, -683, 9, 688, -351, -336, -87, -234, 546, -19, -370, -351, 
-692, -673, 19, 683, -356, -326, -78, -229, 570, -9, -361, -351, 
-692, -673, 19, 683, -356, -326, -78, -224, 595, -9, -361, -351, 
-692, -673, 19, 683, -356, -326, -78, -219, 619, -9, -361, -351, 
-692, -673, 19, 683, -356, -326, -78, -214, 644, -9, -361, -351, 
-692, -673, 19, 683, -356, -326, -78, -224, 624, -9, -361, -341, 
-692, -673, 19, 683, -356, -326, -78, -224, 614, -9, -361, -341, 
-692, -673, 19, 683, -356, -326, -78, -224, 605, -9, -361, -341, 
-692, -673, 19, 683, -356, -326, -78, -224, 595, -9, -361, -341, 
-692, -673, 19, 683, -356, -326, -82, -239, 580, -19, -370, -351, 
-692, -673, 19, 683, -356, -326, -87, -244, 575, -19, -370, -351, 
-692, -673, 19, 683, -356, -326, -92, -248, 570, -19, -370, -351, 
-692, -673, 19, 683, -356, -326, -97, -253, 566, -19, -370, -351, 
-692, -663, 29, 678, -361, -317, -107, -253, 580, -29, -370, -341, 
-692, -663, 29, 678, -361, -317, -107, -253, 595, -29, -370, -341, 
-692, -663, 29, 678, -361, -317, -107, -253, 610, -29, -370, -341, 
-692, -663, 29, 678, -361, -317, -107, -253, 624, -29, -370, -341, 
-692, -673, 19, 683, -356, -326, -112, -258, 600, -29, -370, -341, 
-692, -673, 19, 683, -356, -326, -117, -263, 575, -29, -370, -341, 
-692, -673, 19, 683, -356, -326, -122, -268, 551, -29, -370, -341, 
-692, -673, 19, 683, -356, -326, -126, -273, 527, -29, -370, -341, 
-683, -663, 19, 673, -351, -322, -126, -268, 551, -29, -361, -341, 
-683, -663, 19, 673, -351, -322, -126, -263, 575, -29, -361, -341, 
-683, -663, 19, 673, -351, -322, -126, -258, 600, -29, -361, -341, 
-683, -663, 19, 673, -351, -322, -126, -253, 624, -29, -361, -341, 
-683, -653, 29, 668, -356, -312, -126, -253, 605, -19, -361, -341, 
-683, -653, 29, 668, -356, -312, -126, -253, 595, -19, -361, -341, 
-683, -653, 29, 668, -356, -312, -126, -253, 585, -19, -361, -341, 
-683, -653, 29, 668, -356, -312, -126, -253, 575, -19, -361, -341, 
-673, -644, 29, 658, -351, -307, -136, -263, 566, -9, -361, -341, 
-673, -644, 29, 658, -351, -307, -136, -263, 566, -9, -361, -341, 
-673, -644, 29, 658, -351, -307, -136, -263, 566, -9, -361, -341, 
-673, -644, 29, 658, -351, -307, -136, -263, 566, -9, -361, -341, 
-673, -644, 29, 658, -351, -307, -126, -258, 580, -19, -361, -331, 
-673, -644, 29, 658, -351, -307, -126, -253, 595, -19, -361, -331, 
-673, -644, 29, 658, -351, -307, -126, -248, 610, -19, -361, -331, 
-673, -644, 29, 658, -351, -307, -126, -244, 624, -19, -361, -331, 
-683, -653, 29, 668, -356, -312, -126, -248, 600, -29, -370, -341, 
-683, -653, 29, 668, -356, -312, -126, -253, 575, -29, -370, -341, 
-683, -653, 29, 668, -356, -312, -126, -258, 551, -29, -370, -341, 
-683, -653, 29, 668, -356, -312, -126, -263, 527, -29, -370, -341, 
-683, -653, 29, 668, -356, -312, -117, -253, 551, -19, -370, -341, 
-683, -653, 29, 668, -356, -312, -117, -253, 575, -19, -370, -341, 
-683, -653, 29, 668, -356, -312, -117, -253, 600, -19, -370, -341, 
-683, -653, 29, 668, -356, -312, -117, -253, 624, -19, -370, -341, 
-683, -663, 19, 673, -351, -322, -107, -248, 605, -19, -370, -341, 
-683, -663, 19, 673, -351, -322, -107, -244, 595, -19, -370, -341, 
-683, -663, 19, 673, -351, -322, -107, -239, 585, -19, -370, -341, 
-683, -663, 19, 673, -351, -322, -107, -234, 575, -19, -370, -341, 
-683, -663, 19, 673, -351, -322, -107, -244, 575, -9, -361, -331, 
-683, -663, 19, 673, -351, -322, -107, -244, 575, -9, -361, -331, 
-683, -663, 19, 673, -351, -322, -107, -244, 575, -9, -361, -331, 
-683, -663, 19, 673, -351, -322, -107, -244, 575, -9, -361, -331, 
-678, -663, 14, 671, -346, -324, -117, -229, 600, 0, -361, -331, 
-673, -663, 9, 668, -341, -326, -117, -224, 614, 0, -361, -331, 
-668, -663, 4, 666, -336, -329, -117, -219, 629, 0, -361, -331, 
-663, -663, 0, 663, -331, -331, -117, -214, 644, 0, -361, -331, 
-663, -663, 0, 663, -331, -331, -117, -219, 619, 0, -351, -322, 
-663, -663, 0, 663, -331, -331, -117, -224, 595, 0, -351, -322, 
-663, -663, 0, 663, -331, -331, -117, -229, 570, 0, -351, -322, 
-663, -663, 0, 663, -331, -331, -117, -234, 546, 0, -351, -322, 
-663, -653, 9, 658, -336, -322, -117, -224, 570, 0, -351, -312, 
-663, -653, 9, 658, -336, -322, -117, -224, 595, 0, -351, -312, 
-663, -653, 9, 658, -336, -322, -117, -224, 619, 0, -351, -312, 
-663, -653, 9, 658, -336, -322, -117, -224, 644, 0, -351, -312, 
-668, -653, 14, 661, -341, -319, -117, -229, 629, 0, -351, -322, 
-673, -653, 19, 663, -346, -317, -117, -234, 614, 0, -351, -322, 
-678, -653, 24, 666, -351, -314, -117, -239, 600, 0, -351, -322, 
-683, -653, 29, 668, -356, -312, -117, -244, 585, 0, -351, -322, 
-683, -663, 19, 673, -351, -322, -107, -253, 580, -4, -361, -322, 
-683, -663, 19, 673, -351, -322, -107, -253, 575, -9, -361, -322, 
-683, -663, 19, 673, -351, -322, -107, -253, 570, -14, -361, -322, 
-683, -663, 19, 673, -351, -322, -107, -253, 566, -19, -361, -322, 
-683, -663, 19, 673, -351, -322, -107, -244, 590, -9, -370, -331, 
-683, -663, 19, 673, -351, -322, -107, -244, 605, -9, -370, -331, 
-683, -663, 19, 673, -351, -322, -107, -244, 619, -9, -370, -331, 
-683, -663, 19, 673, -351, -322, -107, -244, 634, -9, -370, -331, 
-692, -663, 29, 678, -361, -317, -107, -244, 610, -9, -361, -331, 
-692, -663, 29, 678, -361, -317, -107, -244, 585, -9, -361, -331, 
-692, -663, 29, 678, -361, -317, -107, -244, 561, -9, -361, -331, 
-692, -663, 29, 678, -361, -317, -107, -244, 536, -9, -361, -331, 
-692, -663, 29, 678, -361, -317, -107, -244, 561, -19, -361, -341, 
-692, -663, 29, 678, -361, -317, -107, -244, 585, -19, -361, -341, 
-692, -663, 29, 678, -361, -317, -107, -244, 610, -19, -361, -341, 
-692, -663, 29, 678, -361, -317, -107, -244, 634, -19, -361, -341, 
-692, -663, 29, 678, -361, -317, -107, -234, 614, -19, -370, -341, 
-692, -663, 29, 678, -361, -317, -107, -234, 605, -19, -370, -341, 
-692, -663, 29, 678, -361, -317, -107, -234, 595, -19, -370, -341, 
-692, -663, 29, 678, -361, -317, -107, -234, 585, -19, -370, -341, 
-692, -663, 29, 678, -361, -317, -117, -239, 570, -19, -370, -341, 
-692, -663, 29, 678, -361, -317, -117, -244, 566, -19, -370, -341, 
-692, -663, 29, 678, -361, -317, -117, -248, 561, -19, -370, -341, 
-692, -663, 29, 678, -361, -317, -117, -253, 556, -19, -370, -341, 
-702, -663, 39, 683, -370, -312, -107, -244, 575, -19, -370, -331, 
-702, -663, 39, 683, -370, -312, -107, -244, 595, -19, -370, -331, 
-702, -663, 39, 683, -370, -312, -107, -244, 614, -19, -370, -331, 
-702, -663, 39, 683, -370, -312, -107, -244, 634, -19, -370, -331, 
-702, -663, 39, 683, -370, -312, -107, -253, 600, -9, -370, -331, 
-702, -663, 39, 683, -370, -312, -107, -253, 575, -9, -370, -331, 
-702, -663, 39, 683, -370, -312, -107, -253, 551, -9, -370, -331, 
-702, -663, 39, 683, -370, -312, -107, -253, 527, -9, -370, -331, 
-702, -663, 39, 683, -370, -312, -97, -248, 551, -9, -380, -331, 
-702, -663, 39, 683, -370, -312, -97, -244, 575, -9, -380, -331, 
-702, -663, 39, 683, -370, -312, -97, -239, 600, -9, -380, -331, 
-702, -663, 39, 683, -370, -312, -97, -234, 624, -9, -380, -331, 
-702, -663, 39, 683, -370, -312, -97, -234, 605, -19, -380, -341, 
-702, -663, 39, 683, -370, -312, -97, -234, 595, -19, -380, -341, 
-702, -663, 39, 683, -370, -312, -97, -234, 585, -19, -380, -341, 
-702, -663, 39, 683, -370, -312, -97, -234, 575, -19, -380, -341, 
-702, -653, 48, 678, -375, -302, -97, -248, 570, -19, -370, -341, 
-702, -653, 48, 678, -375, -302, -97, -253, 566, -19, -370, -341, 
-702, -653, 48, 678, -375, -302, -97, -258, 561, -19, -370, -341, 
-702, -653, 48, 678, -375, -302, -97, -263, 556, -19, -370, -341, 
-702, -644, 58, 673, -380, -292, -107, -258, 580, -9, -370, -331, 
-702, -644, 58, 673, -380, -292, -107, -253, 595, -9, -370, -331, 
-702, -644, 58, 673, -380, -292, -107, -248, 610, -9, -370, -331, 
-702, -644, 58, 673, -380, -292, -107, -244, 624, -9, -370, -331, 
-692, -634, 58, 663, -375, -287, -112, -258, 600, -9, -370, -331, 
-692, -634, 58, 663, -375, -287, -117, -263, 575, -9, -370, -331, 
-692, -634, 58, 663, -375, -287, -122, -268, 551, -9, -370, -331, 
-692, -634, 58, 663, -375, -287, -126, -273, 527, -9, -370, -331, 
-692, -644, 48, 668, -370, -297, -117, -258, 561, 0, -361, -322, 
-692, -644, 48, 668, -370, -297, -117, -253, 585, 0, -361, -322, 
-692, -644, 48, 668, -370, -297, -117, -248, 610, 0, -361, -322, 
-692, -644, 48, 668, -370, -297, -117, -244, 634, 0, -361, -322, 
-692, -644, 48, 668, -370, -297, -107, -244, 624, 9, -361, -322, 
-692, -644, 48, 668, -370, -297, -107, -244, 614, 9, -361, -322, 
-692, -644, 48, 668, -370, -297, -107, -244, 605, 9, -361, -322, 
-692, -644, 48, 668, -370, -297, -107, -244, 595, 9, -361, -322, 
-692, -644, 48, 668, -370, -297, -117, -248, 580, 0, -361, -322, 
-692, -644, 48, 668, -370, -297, -117, -253, 575, 0, -361, -322, 
-692, -644, 48, 668, -370, -297, -117, -258, 570, 0, -361, -322, 
-692, -644, 48, 668, -370, -297, -117, -263, 566, 0, -361, -322, 
-692, -653, 39, 673, -366, -307, -126, -253, 580, 0, -370, -331, 
-692, -653, 39, 673, -366, -307, -126, -253, 595, 0, -370, -331, 
-692, -653, 39, 673, -366, -307, -126, -253, 610, 0, -370, -331, 
-692, -653, 39, 673, -366, -307, -126, -253, 624, 0, -370, -331, 
-692, -658, 34, 675, -363, -312, -126, -253, 605, 0, -361, -331, 
-692, -663, 29, 678, -361, -317, -126, -253, 585, 0, -361, -331, 
-692, -668, 24, 680, -358, -322, -126, -253, 566, 0, -361, -331, 
-692, -673, 19, 683, -356, -326, -126, -253, 546, 0, -361, -331, 
-683, -673, 9, 678, -346, -331, -117, -253, 566, 0, -370, -331, 
-683, -673, 9, 678, -346, -331, -117, -253, 585, 0, -370, -331, 
-683, -673, 9, 678, -346, -331, -117, -253, 605, 0, -370, -331, 
-683, -673, 9, 678, -346, -331, -117, -253, 624, 0, -370, -331, 
-683, -673, 9, 678, -346, -331, -126, -248, 614, 0, -380, -331, 
-683, -673, 9, 678, -346, -331, -126, -244, 605, 0, -380, -331, 
-683, -673, 9, 678, -346, -331, -126, -239, 595, 0, -380, -331, 
-683, -673, 9, 678, -346, -331, -126, -234, 585, 0, -380, -331, 
-683, -673, 9, 678, -346, -331, -117, -244, 580, -9, -380, -331, 
-683, -673, 9, 678, -346, -331, -117, -244, 575, -9, -380, -331, 
-683, -673, 9, 678, -346, -331, -117, -244, 570, -9, -380, -331, 
-683, -673, 9, 678, -346, -331, -117, -244, 566, -9, -380, -331, 
-692, -663, 29, 678, -361, -317, -117, -244, 580, -9, -380, -331, 
-692, -663, 29, 678, -361, -317, -117, -244, 595, -9, -380, -331, 
-692, -663, 29, 678, -361, -317, -117, -244, 610, -9, -380, -331, 
-692, -663, 29, 678, -361, -317, -117, -244, 624, -9, -380, -331, 
-683, -663, 19, 673, -351, -322, -126, -244, 595, -9, -370, -331, 
-683, -663, 19, 673, -351, -322, -126, -244, 575, -9, -370, -331, 
-683, -663, 19, 673, -351, -322, -126, -244, 556, -9, -370, -331, 
-683, -663, 19, 673, -351, -322, -126, -244, 536, -9, -370, -331, 
-673, -653, 19, 663, -346, -317, -136, -244, 566, 0, -370, -322, 
-673, -653, 19, 663, -346, -317, -136, -244, 585, 0, -370, -322, 
-673, -653, 19, 663, -346, -317, -136, -244, 605, 0, -370, -322, 
-673, -653, 19, 663, -346, -317, -136, -244, 624, 0, -370, -322, 
-673, -644, 29, 658, -351, -307, -136, -234, 610, 0, -370, -331, 
-673, -644, 29, 658, -351, -307, -136, -234, 605, 0, -370, -331, 
-673, -644, 29, 658, -351, -307, -136, -234, 600, 0, -370, -331, 
-673, -644, 29, 658, -351, -307, -136, -234, 595, 0, -370, -331, 
-683, -644, 39, 663, -361, -302, -136, -244, 585, 9, -370, -322, 
-683, -644, 39, 663, -361, -302, -136, -244, 585, 9, -370, -322, 
-683, -644, 39, 663, -361, -302, -136, -244, 585, 9, -370, -322, 
-683, -644, 39, 663, -361, -302, -136, -244, 585, 9, -370, -322, 
-683, -653, 29, 668, -356, -312, -126, -234, 600, 0, -380, -331, 
-683, -653, 29, 668, -356, -312, -126, -234, 614, 0, -380, -331, 
-683, -653, 29, 668, -356, -312, -126, -234, 629, 0, -380, -331, 
-683, -653, 29, 668, -356, -312, -126, -234, 644, 0, -380, -331, 
-692, -663, 29, 678, -361, -317, -117, -244, 619, -9, -380, -341, 
-692, -663, 29, 678, -361, -317, -117, -244, 595, -9, -380, -341, 
-692, -663, 29, 678, -361, -317, -117, -244, 570, -9, -380, -341, 
-692, -663, 29, 678, -361, -317, -117, -244, 546, -9, -380, -341, 
-702, -663, 39, 683, -370, -312, -117, -244, 566, -9, -380, -341, 
-702, -663, 39, 683, -370, -312, -117, -244, 585, -9, -380, -341, 
-702, -663, 39, 683, -370, -312, -117, -244, 605, -9, -380, -341, 
-702, -663, 39, 683, -370, -312, -117, -244, 624, -9, -380, -341, 
-702, -663, 39, 683, -370, -312, -107, -234, 610, 0, -380, -341, 
-702, -663, 39, 683, -370, -312, -107, -234, 605, 0, -380, -341, 
-702, -663, 39, 683, -370, -312, -107, -234, 600, 0, -380, -341, 
-702, -663, 39, 683, -370, -312, -107, -234, 595, 0, -380, -341, 
-712, -663, 48, 688, -380, -307, -97, -244, 590, -9, -380, -331, 
-712, -663, 48, 688, -380, -307, -97, -244, 585, -9, -380, -331, 
-712, -663, 48, 688, -380, -307, -97, -244, 580, -9, -380, -331, 
-712, -663, 48, 688, -380, -307, -97, -244, 575, -9, -380, -331, 
-702, -658, 43, 680, -373, -307, -97, -234, 590, 0, -370, -331, 
-702, -653, 48, 678, -375, -302, -97, -234, 605, 0, -370, -331, 
-702, -649, 53, 675, -378, -297, -97, -234, 619, 0, -370, -331, 
-702, -644, 58, 673, -380, -292, -97, -234, 634, 0, -370, -331, 
-712, -634, 78, 673, -395, -278, -97, -239, 614, 9, -370, -322, 
-712, -634, 78, 673, -395, -278, -97, -244, 595, 9, -370, -322, 
-712, -634, 78, 673, -395, -278, -97, -248, 575, 9, -370, -322, 
-712, -634, 78, 673, -395, -278, -97, -253, 556, 9, -370, -322, 
-712, -624, 87, 668, -400, -268, -107, -253, 580, 9, -361, -312, 
-712, -624, 87, 668, -400, -268, -107, -253, 595, 9, -361, -312, 
-712, -624, 87, 668, -400, -268, -107, -253, 610, 9, -361, -312, 
-712, -624, 87, 668, -400, -268, -107, -253, 624, 9, -361, -312, 
-702, -614, 87, 658, -395, -263, -112, -244, 619, 19, -361, -322, 
-702, -614, 87, 658, -395, -263, -117, -244, 614, 19, -361, -322, 
-702, -614, 87, 658, -395, -263, -122, -244, 610, 19, -361, -322, 
-702, -614, 87, 658, -395, -263, -126, -244, 605, 19, -361, -322, 
-702, -614, 87, 658, -395, -263, -126, -253, 590, 29, -361, -312, 
-702, -614, 87, 658, -395, -263, -126, -253, 585, 29, -361, -312, 
-702, -614, 87, 658, -395, -263, -126, -253, 580, 29, -361, -312, 
-702, -614, 87, 658, -395, -263, -126, -253, 575, 29, -361, -312, 
-702, -614, 87, 658, -395, -263, -126, -244, 600, 29, -361, -322, 
-702, -614, 87, 658, -395, -263, -126, -244, 614, 29, -361, -322, 
-702, -614, 87, 658, -395, -263, -126, -244, 629, 29, -361, -322, 
-702, -614, 87, 658, -395, -263, -126, -244, 644, 29, -361, -322, 
-702, -614, 87, 658, -395, -263, -117, -234, 619, 19, -361, -322, 
-702, -614, 87, 658, -395, -263, -117, -234, 605, 19, -361, -322, 
-702, -614, 87, 658, -395, -263, -117, -234, 590, 19, -361, -322, 
-702, -614, 87, 658, -395, -263, -117, -234, 575, 19, -361, -322, 
-692, -624, 68, 658, -380, -278, -107, -224, 600, 19, -351, -312, 
-692, -624, 68, 658, -380, -278, -107, -224, 614, 19, -351, -312, 
-692, -624, 68, 658, -380, -278, -107, -224, 629, 19, -351, -312, 
-692, -624, 68, 658, -380, -278, -107, -224, 644, 19, -351, -312, 
-692, -624, 68, 658, -380, -278, -107, -214, 639, 29, -361, -312, 
-692, -624, 68, 658, -380, -278, -107, -214, 634, 29, -361, -312, 
-692, -624, 68, 658, -380, -278, -107, -214, 629, 29, -361, -312, 
-692, -624, 68, 658, -380, -278, -107, -214, 624, 29, -361, -312, 
-683, -624, 58, 653, -370, -283, -112, -214, 610, 19, -351, -312, 
-683, -624, 58, 653, -370, -283, -117, -214, 605, 19, -351, -312, 
-683, -624, 58, 653, -370, -283, -122, -214, 600, 19, -351, -312, 
-683, -624, 58, 653, -370, -283, -126, -214, 595, 19, -351, -312, 
-673, -624, 48, 649, -361, -287, -131, -219, 605, 19, -361, -322, 
-673, -624, 48, 649, -361, -287, -136, -224, 614, 19, -361, -322, 
-673, -624, 48, 649, -361, -287, -141, -229, 624, 19, -361, -322, 
-673, -624, 48, 649, -361, -287, -146, -234, 634, 19, -361, -322, 
-683, -629, 53, 656, -368, -287, -151, -244, 600, 9, -370, -326, 
-683, -634, 48, 658, -366, -292, -156, -253, 575, 0, -380, -331, 
-683, -639, 43, 661, -363, -297, -161, -263, 551, -9, -390, -336, 
-683, -644, 39, 663, -361, -302, -165, -273, 527, -19, -400, -341, 
-692, -658, 34, 675, -363, -312, -156, -273, 541, -29, -390, -341, 
-692, -663, 29, 678, -361, -317, -156, -273, 556, -29, -390, -341, 
-692, -668, 24, 680, -358, -322, -156, -273, 570, -29, -390, -341, 
-692, -673, 19, 683, -356, -326, -156, -273, 585, -29, -390, -341, 
-702, -668, 34, 685, -368, -317, -146, -263, 585, -19, -390, -341, 
-702, -663, 39, 683, -370, -312, -146, -263, 585, -19, -390, -341, 
-702, -658, 43, 680, -373, -307, -146, -263, 585, -19, -390, -341, 
-702, -653, 48, 678, -375, -302, -146, -263, 585, -19, -390, -341, 
-712, -644, 68, 678, -390, -287, -136, -268, 575, -19, -390, -341, 
-712, -644, 68, 678, -390, -287, -136, -273, 566, -19, -390, -341, 
-712, -644, 68, 678, -390, -287, -136, -278, 556, -19, -390, -341, 
-712, -644, 68, 678, -390, -287, -136, -283, 546, -19, -390, -341, 
-712, -653, 58, 683, -385, -297, -136, -273, 561, -19, -390, -341, 
-712, -653, 58, 683, -385, -297, -136, -273, 575, -19, -390, -341, 
-712, -653, 58, 683, -385, -297, -136, -273, 590, -19, -390, -341, 
-712, -653, 58, 683, -385, -297, -136, -273, 605, -19, -390, -341, 
-712, -653, 58, 683, -385, -297, -126, -283, 585, -19, -400, -341, 
-712, -653, 58, 683, -385, -297, -126, -283, 566, -19, -400, -341, 
-712, -653, 58, 683, -385, -297, -126, -283, 546, -19, -400, -341, 
-712, -653, 58, 683, -385, -297, -126, -283, 527, -19, -400, -341, 
-712, -653, 58, 683, -385, -297, -126, -283, 546, -19, -400, -341, 
-712, -653, 58, 683, -385, -297, -126, -283, 556, -19, -400, -341, 
-712, -653, 58, 683, -385, -297, -126, -283, 566, -19, -400, -341, 
-712, -653, 58, 683, -385, -297, -126, -283, 575, -19, -400, -341, 
-722, -663, 58, 692, -390, -302, -117, -283, 566, -19, -400, -341, 
-722, -663, 58, 692, -390, -302, -117, -283, 566, -19, -400, -341, 
-722, -663, 58, 692, -390, -302, -117, -283, 566, -19, -400, -341, 
-722, -663, 58, 692, -390, -302, -117, -283, 566, -19, -400, -341, 
-722, -673, 48, 697, -385, -312, -107, -273, 551, -29, -390, -351, 
-722, -673, 48, 697, -385, -312, -107, -273, 546, -29, -390, -351, 
-722, -673, 48, 697, -385, -312, -107, -273, 541, -29, -390, -351, 
-722, -673, 48, 697, -385, -312, -107, -273, 536, -29, -390, -351, 
-712, -668, 43, 690, -378, -312, -117, -273, 561, -29, -390, -341, 
-712, -663, 48, 688, -380, -307, -117, -273, 575, -29, -390, -341, 
-712, -658, 53, 685, -383, -302, -117, -273, 590, -29, -390, -341, 
-712, -653, 58, 683, -385, -297, -117, -273, 605, -29, -390, -341, 
-702, -644, 58, 673, -380, -292, -131, -273, 585, -19, -400, -351, 
-702, -644, 58, 673, -380, -292, -136, -273, 566, -19, -400, -351, 
-702, -644, 58, 673, -380, -292, -141, -273, 546, -19, -400, -351, 
-702, -644, 58, 673, -380, -292, -146, -273, 527, -19, -400, -351, 
-702, -634, 68, 668, -385, -283, -146, -263, 541, -19, -390, -341, 
-702, -634, 68, 668, -385, -283, -146, -263, 556, -19, -390, -341, 
-702, -634, 68, 668, -385, -283, -146, -263, 570, -19, -390, -341, 
-702, -634, 68, 668, -385, -283, -146, -263, 585, -19, -390, -341, 
-692, -634, 58, 663, -375, -287, -146, -263, 585, -9, -390, -341, 
-692, -634, 58, 663, -375, -287, -146, -263, 585, -9, -390, -341, 
-692, -634, 58, 663, -375, -287, -146, -263, 585, -9, -390, -341, 
-692, -634, 58, 663, -375, -287, -146, -263, 585, -9, -390, -341, 
-692, -634, 58, 663, -375, -287, -156, -263, 575, 0, -380, -341, 
-692, -634, 58, 663, -375, -287, -156, -263, 566, 0, -380, -341, 
-692, -634, 58, 663, -375, -287, -156, -263, 556, 0, -380, -341, 
-692, -634, 58, 663, -375, -287, -156, -263, 561, 0, -380, -341, 
-692, -624, 68, 658, -380, -278, -156, -263, 595, -9, -380, -331, 
-692, -624, 68, 658, -380, -278, -156, -263, 595, -9, -385, -331, 
-692, -624, 68, 658, -380, -278, -156, -263, 595, -4, -385, -331, 
-692, -629, 63, 661, -378, -283, -151, -263, 619, -4, -385, -336, 
-692, -629, 63, 661, -378, -283, -161, -273, 585, -4, -375, -341, 
-697, -624, 73, 661, -385, -275, -161, -273, 570, -4, -375, -341, 
-697, -624, 73, 661, -385, -275, -161, -273, 536, -4, -375, -336, 
-697, -619, 78, 658, -387, -270, -161, -278, 517, -4, -375, -336, 
-697, -624, 73, 661, -385, -275, -161, -278, 531, -4, -375, -336, 
-697, -624, 73, 661, -385, -275, -161, -278, 551, -4, -375, -336, 
-697, -624, 73, 661, -385, -275, -161, -273, 585, -9, -380, -336, 
-697, -624, 73, 661, -385, -275, -161, -268, 600, -9, -380, -341, 
-707, -619, 87, 663, -397, -265, -151, -268, 590, 0, -380, -331, 
-707, -614, 92, 661, -400, -261, -151, -268, 610, 0, -380, -326, 
-707, -610, 97, 658, -402, -256, -151, -268, 610, 0, -380, -326, 
-707, -605, 102, 656, -405, -251, -151, -268, 590, 0, -380, -326, 
-707, -614, 92, 661, -400, -261, -151, -268, 570, 0, -370, -326, 
-707, -614, 92, 661, -400, -261, -151, -273, 566, 0, -370, -326, 
-707, -614, 92, 661, -400, -261, -151, -287, 561, 0, -370, -326, 
-707, -614, 92, 661, -400, -261, -151, -273, 566, 0, -370, -326, 
-702, -624, 78, 663, -390, -273, -151, -278, 585, -9, -380, -326, 
-702, -629, 73, 666, -387, -278, -151, -278, 590, -9, -380, -326, 
-702, -629, 73, 666, -387, -278, -151, -273, 600, -9, -380, -331, 
-707, -629, 78, 668, -392, -275, -146, -273, 610, -9, -380, -331, 
-707, -639, 68, 673, -387, -285, -136, -283, 585, -14, -385, -341, 
-712, -639, 73, 675, -392, -283, -136, -287, 536, -19, -395, -346, 
-712, -639, 73, 675, -392, -283, -136, -292, 541, -24, -400, -346, 
-712, -639, 73, 675, -392, -283, -136, -302, 517, -34, -405, -346, 
-707, -644, 63, 675, -385, -290, -126, -297, 531, -34, -414, -356, 
-707, -649, 58, 678, -383, -295, -126, -292, 541, -34, -414, -356, 
-712, -653, 58, 683, -385, -297, -126, -287, 575, -29, -414, -356, 
-712, -653, 58, 683, -385, -297, -126, -283, 585, -29, -409, -356, 
-722, -639, 82, 680, -402, -278, -117, -278, 595, -24, -405, -346, 
-722, -639, 82, 680, -402, -278, -117, -273, 600, -19, -400, -346, 
-722, -639, 82, 680, -402, -278, -117, -273, 600, -14, -395, -346, 
-722, -634, 87, 678, -405, -273, -117, -273, 590, -9, -390, -346, 
-736, -629, 107, 683, -422, -261, -102, -273, 575, 4, -385, -331, 
-736, -624, 112, 680, -424, -256, -102, -273, 575, 9, -380, -331, 
-732, -624, 107, 678, -419, -258, -102, -283, 570, 14, -375, -331, 
-732, -619, 112, 675, -422, -253, -102, -263, 570, 19, -370, -331, 
-732, -610, 122, 671, -427, -244, -102, -248, 595, 29, -361, -322, 
-732, -614, 117, 673, -424, -248, -102, -244, 614, 24, -366, -326, 
-732, -614, 117, 673, -424, -248, -102, -239, 624, 19, -366, -326, 
-732, -614, 117, 673, -424, -248, -102, -224, 634, 19, -366, -326, 
-727, -605, 122, 666, -424, -241, -102, -234, 619, 29, -356, -317, 
-722, -610, 112, 666, -417, -248, -102, -234, 605, 29, -356, -312, 
-717, -610, 107, 663, -412, -251, -102, -234, 585, 29, -356, -312, 
-712, -610, 102, 661, -407, -253, -97, -234, 580, 29, -356, -317, 
-712, -614, 97, 663, -405, -258, -97, -229, 585, 29, -356, -317, 
-712, -614, 97, 663, -405, -258, -102, -224, 614, 34, -351, -317, 
-712, -614, 97, 663, -405, -258, -102, -219, 649, 34, -351, -317, 
-712, -614, 97, 663, -405, -258, -102, -214, 668, 34, -351, -317, 
-697, -614, 82, 656, -390, -265, -117, -209, 653, 29, -361, -317, 
-697, -610, 87, 653, -392, -261, -122, -209, 658, 29, -361, -317, 
-697, -610, 87, 653, -392, -261, -126, -209, 644, 29, -361, -317, 
-697, -610, 87, 653, -392, -261, -131, -209, 629, 34, -361, -317, 
-688, -610, 78, 649, -383, -265, -146, -214, 619, 24, -361, -326, 
-688, -610, 78, 649, -383, -265, -151, -224, 600, 24, -361, -322, 
-688, -610, 78, 649, -383, -265, -156, -229, 595, 24, -356, -322, 
-688, -610, 78, 649, -383, -265, -156, -229, 595, 24, -356, -322, 
-697, -619, 78, 658, -387, -270, -156, -239, 605, 24, -366, -322, 
-697, -619, 78, 658, -387, -270, -156, -239, 610, 24, -366, -322, 
-697, -619, 78, 658, -387, -270, -156, -239, 644, 24, -366, -322, 
-697, -614, 82, 656, -390, -265, -156, -239, 658, 24, -366, -322, 
-697, -605, 92, 651, -395, -256, -170, -253, 624, 14, -375, -322, 
-697, -605, 92, 651, -395, -256, -170, -258, 605, 14, -375, -322, 
-697, -605, 92, 651, -395, -256, -161, -263, 585, 14, -375, -322, 
-697, -605, 92, 651, -395, -256, -161, -273, 546, 14, -375, -322, 
-697, -605, 92, 651, -395, -256, -161, -263, 561, 14, -366, -312, 
-697, -605, 92, 651, -395, -256, -161, -263, 580, 14, -366, -312, 
-697, -605, 92, 651, -395, -256, -165, -263, 595, 14, -366, -312, 
-697, -605, 92, 651, -395, -256, -165, -258, 614, 14, -366, -312, 
-697, -605, 92, 651, -395, -256, -170, -258, 619, 14, -366, -312, 
-697, -610, 87, 653, -392, -261, -170, -258, 624, 19, -366, -312, 
-697, -610, 87, 653, -392, -261, -170, -258, 619, 19, -366, -312, 
-697, -610, 87, 653, -392, -261, -170, -258, 610, 19, -366, -312, 
-697, -610, 87, 653, -392, -261, -165, -268, 551, 19, -375, -312, 
-697, -610, 87, 653, -392, -261, -165, -283, 536, 14, -366, -322, 
-697, -610, 87, 653, -392, -261, -156, -258, 590, 19, -361, -317, 
-697, -605, 92, 651, -395, -256, -156, -248, 619, 9, -370, -322, 
-702, -595, 107, 649, -405, -244, -156, -263, 595, -4, -380, -326, 
-697, -575, 122, 636, -409, -226, -156, -268, 614, -14, -395, -331, 
-707, -566, 141, 636, -424, -212, -156, -283, 610, -29, -395, -336, 
-727, -546, 180, 636, -453, -183, -165, -322, 531, -43, -409, -341, 
-727, -536, 190, 631, -458, -173, -156, -326, 488, -53, -419, -341, 
-717, -546, 170, 631, -444, -187, -141, -287, 536, -29, -405, -341, 
-717, -546, 170, 631, -444, -187, -141, -258, 566, 4, -375, -331, 
-712, -527, 185, 619, -448, -170, -141, -248, 580, 48, -331, -297, 
-692, -497, 195, 595, -444, -151, -156, -234, 639, 126, -273, -263, 
-673, -473, 200, 573, -436, -136, -185, -229, 697, 239, -175, -195, 
-663, -434, 229, 549, -446, -102, -214, -268, 722, 370, -63, -112, 
-649, -370, 278, 509, -463, -46, -244, -346, 736, 497, 68, -19, 
-634, -292, 341, 463, -488, 24, -297, -483, 668, 644, 239, 112, 
-605, -195, 409, 400, -507, 107, -390, -688, 522, 844, 463, 302, 
-546, -92, 453, 319, -500, 180, -497, -863, 444, 1078, 722, 502, 
-468, 0, 468, 234, -468, 234, -600, -985, 429, 1322, 995, 707, 
-405, 63, 468, 170, -436, 265, -717, -1146, 366, 1527, 1229, 907, 
-326, 82, 409, 122, -368, 246, -810, -1298, 346, 1737, 1434, 1063, 
-253, 53, 307, 100, -280, 180, -883, -1322, 497, 1986, 1634, 1210, 
-185, 9, 195, 87, -190, 102, -946, -1322, 634, 2230, 1800, 1332, 
-136, -48, 87, 92, -112, 19, -1024, -1371, 673, 2357, 1859, 1390, 
-131, -146, -14, 139, -58, -80, -1054, -1400, 712, 2327, 1786, 1356, 
-151, -292, -141, 222, -4, -217, -1034, -1381, 717, 2205, 1605, 1244, 
-185, -424, -239, 305, 26, -331, -1000, -1376, 624, 1991, 1366, 1102, 
-239, -575, -336, 407, 48, -456, -922, -1356, 468, 1634, 1010, 873, 
-317, -727, -409, 522, 46, -568, -810, -1312, 297, 1107, 551, 575, 
-395, -854, -458, 624, 31, -656, -707, -1278, 78, 605, 146, 292, 
-444, -917, -473, 680, 14, -695, -649, -1244, -92, 175, -180, 73, 
-492, -946, -453, 719, -19, -700, -600, -1185, -165, -219, -448, -107, 
-527, -951, -424, 739, -51, -688, -551, -1098, -175, -444, -575, -209, 
-546, -912, -366, 729, -90, -639, -497, -990, -112, -448, -556, -214, 
-536, -858, -322, 697, -107, -590, -453, -854, 29, -380, -488, -185, 
-527, -805, -278, 666, -124, -541, -419, -727, 180, -278, -429, -165, 
-517, -751, -234, 634, -141, -492, -385, -619, 278, -161, -380, -175, 
-522, -707, -185, 614, -168, -446, -346, -527, 366, -48, -331, -170, 
-527, -649, -122, 588, -202, -385, -326, -458, 439, 29, -283, -141, 
-551, -590, -39, 570, -256, -314, -312, -429, 473, 68, -263, -131, 
-585, -561, 24, 573, -305, -268, -283, -395, 512, 92, -268, -161, 
-614, -551, 63, 583, -339, -244, -244, -336, 605, 102, -278, -190, 
-634, -546, 87, 590, -361, -229, -214, -297, 653, 97, -283, -200, 
-644, -536, 107, 590, -375, -214, -200, -287, 678, 102, -273, -209, 
-644, -546, 97, 595, -370, -224, -175, -229, 727, 122, -283, -239, 
-653, -566, 87, 610, -370, -239, -156, -180, 771, 122, -287, -248, 
-663, -575, 87, 619, -375, -244, -151, -180, 712, 117, -297, -248, 
-673, -590, 82, 631, -378, -253, -151, -190, 688, 102, -307, -258, 
-673, -590, 82, 631, -378, -253, -151, -190, 678, 97, -322, -278, 
-678, -590, 87, 634, -383, -251, -146, -195, 668, 82, -331, -283, 
-678, -595, 82, 636, -380, -256, -146, -214, 629, 73, -336, -297, 
-683, -605, 78, 644, -380, -263, -141, -209, 644, 63, -351, -307, 
-683, -605, 78, 644, -380, -263, -141, -204, 668, 58, -361, -307, 
-688, -605, 82, 646, -385, -261, -141, -195, 697, 58, -366, -312, 
-692, -605, 87, 649, -390, -258, -136, -185, 736, 58, -370, -312, 
-692, -605, 87, 649, -390, -258, -112, -156, 751, 63, -370, -322, 
-692, -610, 82, 651, -387, -263, -112, -136, 771, 63, -370, -322, 
-692, -614, 78, 653, -385, -268, -112, -126, 746, 63, -370, -322, 
-692, -614, 78, 653, -385, -268, -112, -122, 732, 63, -370, -326, 
-692, -605, 87, 649, -390, -258, -102, -122, 741, 63, -366, -326, 
-697, -605, 92, 651, -395, -256, -112, -131, 722, 63, -370, -326, 
-697, -605, 92, 651, -395, -256, -112, -136, 707, 63, -370, -326, 
-697, -605, 92, 651, -395, -256, -112, -136, 712, 68, -370, -336, 
-688, -610, 78, 649, -383, -265, -107, -131, 722, 58, -370, -336, 
-692, -610, 82, 651, -387, -263, -102, -131, 736, 58, -375, -336, 
-692, -610, 82, 651, -387, -263, -102, -122, 775, 58, -375, -336, 
-692, -610, 82, 651, -387, -263, -102, -107, 805, 58, -375, -336, 
-692, -614, 78, 653, -385, -268, -87, -97, 790, 68, -375, -336, 
-692, -614, 78, 653, -385, -268, -87, -97, 761, 68, -370, -336, 
-692, -614, 78, 653, -385, -268, -92, -87, 741, 73, -370, -336, 
-697, -614, 82, 656, -390, -265, -92, -107, 702, 73, -370, -331, 
-697, -624, 73, 661, -385, -275, -92, -107, 717, 63, -380, -331, 
-692, -619, 73, 656, -383, -273, -92, -107, 751, 73, -380, -331, 
-692, -614, 78, 653, -385, -268, -92, -107, 780, 78, -370, -326, 
-692, -614, 78, 653, -385, -268, -92, -107, 805, 78, -370, -326, 
-692, -619, 73, 656, -383, -273, -87, -92, 814, 82, -361, -326, 
-688, -624, 63, 656, -375, -280, -82, -82, 819, 82, -361, -326, 
-688, -629, 58, 658, -373, -285, -78, -82, 805, 82, -361, -326, 
-688, -629, 58, 658, -373, -285, -78, -82, 785, 82, -356, -326, 
-688, -619, 68, 653, -378, -275, -82, -82, 780, 82, -356, -336, 
-688, -619, 68, 653, -378, -275, -87, -87, 756, 82, -356, -331, 
-683, -619, 63, 651, -373, -278, -87, -92, 751, 82, -356, -331, 
-683, -619, 63, 651, -373, -278, -82, -92, 751, 82, -356, -331, 
-683, -619, 63, 651, -373, -278, -92, -82, 771, 92, -356, -326, 
-683, -619, 63, 651, -373, -278, -97, -92, 775, 92, -356, -331, 
-683, -619, 63, 651, -373, -278, -97, -82, 795, 97, -356, -331, 
-688, -624, 63, 656, -375, -280, -97, -78, 819, 97, -356, -331, 
-688, -624, 63, 656, -375, -280, -92, -82, 800, 87, -366, -336, 
-688, -624, 63, 656, -375, -280, -92, -87, 785, 82, -366, -336, 
-683, -624, 58, 653, -370, -283, -92, -97, 766, 82, -366, -336, 
-683, -624, 58, 653, -370, -283, -92, -112, 727, 82, -361, -336, 
-683, -634, 48, 658, -366, -292, -102, -102, 732, 73, -361, -346, 
-683, -634, 48, 658, -366, -292, -102, -102, 766, 78, -361, -346, 
-683, -634, 48, 658, -366, -292, -102, -102, 780, 82, -361, -346, 
-683, -634, 48, 658, -366, -292, -102, -102, 795, 82, -361, -346, 
-673, -639, 34, 656, -353, -302, -102, -97, 800, 87, -361, -356, 
-673, -639, 34, 656, -353, -302, -107, -92, 805, 82, -366, -356, 
-673, -639, 34, 656, -353, -302, -107, -97, 790, 82, -370, -351, 
-673, -639, 34, 656, -353, -302, -107, -102, 771, 82, -375, -351, 
-673, -649, 24, 661, -348, -312, -112, -107, 780, 78, -385, -356, 
-673, -653, 19, 663, -346, -317, -117, -107, 761, 73, -380, -356, 
-673, -653, 19, 663, -346, -317, -122, -107, 741, 68, -375, -361, 
-668, -653, 14, 661, -341, -319, -126, -107, 761, 68, -375, -366, 
-678, -653, 24, 666, -351, -314, -126, -107, 766, 68, -385, -366, 
-678, -653, 24, 666, -351, -314, -126, -107, 775, 68, -385, -361, 
-678, -649, 29, 663, -353, -309, -126, -92, 824, 73, -385, -361, 
-678, -649, 29, 663, -353, -309, -126, -82, 839, 78, -380, -361, 
-683, -649, 34, 666, -358, -307, -136, -92, 805, 78, -380, -356, 
-683, -649, 34, 666, -358, -307, -136, -97, 785, 87, -380, -356, 
-683, -644, 39, 663, -361, -302, -136, -102, 766, 92, -375, -356, 
-683, -644, 39, 663, -361, -302, -136, -112, 736, 92, -366, -356, 
-692, -629, 63, 661, -378, -283, -126, -102, 756, 107, -366, -351, 
-688, -624, 63, 656, -375, -280, -126, -97, 785, 117, -366, -351, 
-688, -624, 63, 656, -375, -280, -122, -87, 810, 117, -366, -346, 
-688, -624, 63, 656, -375, -280, -122, -87, 844, 122, -361, -341, 
-692, -614, 78, 653, -385, -268, -112, -78, 858, 126, -351, -331, 
-692, -614, 78, 653, -385, -268, -107, -73, 863, 131, -346, -331, 
-688, -614, 73, 651, -380, -270, -107, -73, 844, 136, -341, -331, 
-688, -614, 73, 651, -380, -270, -107, -73, 834, 141, -336, -331, 
-678, -605, 73, 641, -375, -265, -117, -73, 839, 151, -336, -326, 
-683, -605, 78, 644, -380, -263, -117, -73, 834, 151, -326, -326, 
-683, -605, 78, 644, -380, -263, -122, -73, 824, 156, -326, -326, 
-678, -605, 73, 641, -375, -265, -122, -58, 844, 161, -326, -326, 
-678, -595, 82, 636, -380, -256, -122, -48, 863, 170, -326, -322, 
-673, -590, 82, 631, -378, -253, -122, -48, 873, 170, -322, -322, 
-673, -590, 82, 631, -378, -253, -117, -43, 917, 180, -322, -322, 
-673, -595, 78, 634, -375, -258, -112, -39, 946, 180, -317, -317, 
-663, -585, 78, 624, -370, -253, -122, -39, 912, 185, -317, -317, 
-663, -585, 78, 624, -370, -253, -122, -34, 897, 185, -317, -317, 
-663, -580, 82, 622, -373, -248, -117, -34, 893, 190, -317, -317, 
-663, -580, 82, 622, -373, -248, -117, -34, 854, 200, -312, -312, 
-649, -575, 73, 612, -361, -251, -117, -29, 883, 204, -297, -312, 
-649, -575, 73, 612, -361, -251, -112, -14, 912, 204, -297, -312, 
-649, -570, 78, 610, -363, -246, -107, 0, 941, 209, -297, -312, 
-644, -570, 73, 607, -358, -248, -102, 4, 971, 219, -292, -307, 
-653, -575, 78, 614, -366, -248, -97, 24, 985, 214, -287, -317, 
-649, -570, 78, 610, -363, -246, -97, 29, 995, 224, -283, -312, 
-649, -566, 82, 607, -366, -241, -102, 29, 966, 224, -283, -312, 
-649, -566, 82, 607, -366, -241, -102, 29, 961, 234, -278, -307, 
-649, -566, 82, 607, -366, -241, -102, 34, 980, 244, -283, -307, 
-644, -566, 78, 605, -361, -244, -102, 34, 956, 253, -278, -297, 
-644, -570, 73, 607, -358, -248, -97, 34, 956, 253, -273, -297, 
-639, -570, 68, 605, -353, -251, -97, 48, 971, 268, -273, -297, 
-649, -580, 68, 614, -358, -256, -87, 58, 1000, 263, -283, -302, 
-649, -575, 73, 612, -361, -251, -87, 68, 1015, 263, -278, -302, 
-644, -570, 73, 607, -358, -248, -87, 82, 1044, 278, -278, -297, 
-644, -570, 73, 607, -358, -248, -87, 92, 1073, 283, -268, -297, 
-639, -570, 68, 605, -353, -251, -92, 82, 1049, 287, -273, -292, 
-639, -570, 68, 605, -353, -251, -92, 92, 1039, 292, -268, -292, 
-629, -566, 63, 597, -346, -251, -97, 97, 1024, 292, -263, -283, 
-629, -566, 63, 597, -346, -251, -107, 97, 1000, 297, -258, -278, 
-634, -566, 68, 600, -351, -248, -107, 112, 1019, 302, -258, -287, 
-624, -566, 58, 595, -341, -253, -102, 126, 1054, 312, -253, -287, 
-624, -566, 58, 595, -341, -253, -97, 136, 1073, 317, -253, -287, 
-624, -566, 58, 595, -341, -253, -92, 141, 1093, 317, -244, -278, 
-619, -575, 43, 597, -331, -265, -92, 146, 1098, 326, -253, -287, 
-619, -575, 43, 597, -331, -265, -92, 151, 1102, 331, -253, -287, 
-619, -575, 43, 597, -331, -265, -97, 146, 1088, 336, -253, -283, 
-614, -575, 39, 595, -326, -268, -97, 146, 1078, 336, -248, -278, 
-610, -580, 29, 595, -319, -275, -87, 161, 1088, 331, -248, -278, 
-610, -580, 29, 595, -319, -275, -92, 156, 1073, 331, -244, -278, 
-605, -580, 24, 592, -314, -278, -92, 151, 1063, 331, -244, -278, 
-595, -585, 9, 590, -302, -287, -92, 146, 1073, 336, -248, -278, 
-595, -600, -4, 597, -295, -302, -107, 146, 1083, 336, -248, -278, 
-590, -600, -9, 595, -290, -305, -107, 146, 1093, 331, -253, -278, 
-590, -605, -14, 597, -287, -309, -102, 151, 1117, 331, -253, -278, 
-590, -605, -14, 597, -287, -309, -102, 151, 1146, 326, -258, -278, 
-580, -600, -19, 590, -280, -309, -112, 141, 1112, 317, -258, -287, 
-580, -600, -19, 590, -280, -309, -126, 136, 1088, 312, -268, -287, 
-580, -600, -19, 590, -280, -309, -136, 131, 1068, 312, -268, -287, 
-580, -605, -24, 592, -278, -314, -151, 117, 1029, 302, -273, -287, 
-585, -614, -29, 600, -278, -322, -141, 117, 1044, 302, -278, -287, 
-585, -610, -24, 597, -280, -317, -141, 117, 1063, 297, -283, -287, 
-585, -610, -24, 597, -280, -317, -141, 117, 1083, 297, -287, -287, 
-590, -610, -19, 600, -285, -314, -141, 117, 1107, 292, -297, -287, 
-590, -619, -29, 605, -280, -324, -131, 117, 1107, 278, -312, -297, 
-595, -619, -24, 607, -285, -322, -131, 117, 1093, 273, -317, -297, 
-595, -619, -24, 607, -285, -322, -136, 107, 1068, 263, -322, -302, 
-595, -614, -19, 605, -287, -317, -136, 92, 1049, 253, -322, -312, 
-595, -624, -29, 610, -283, -326, -136, 92, 1049, 248, -336, -312, 
-600, -624, -24, 612, -287, -324, -136, 82, 1019, 234, -336, -312, 
-600, -624, -24, 612, -287, -324, -136, 82, 1015, 224, -341, -317, 
-605, -624, -19, 614, -292, -322, -136, 82, 1015, 219, -346, -317, 
-595, -624, -29, 610, -283, -326, -136, 82, 1024, 214, -351, -322, 
-600, -624, -24, 612, -287, -324, -136, 73, 1024, 209, -356, -322, 
-600, -624, -24, 612, -287, -324, -131, 63, 1044, 200, -361, -322, 
-605, -629, -24, 617, -290, -326, -131, 63, 1054, 195, -366, -331, 
-600, -634, -34, 617, -283, -334, -146, 48, 1015, 195, -361, -326, 
-600, -634, -34, 617, -283, -334, -146, 43, 990, 185, -366, -326, 
-610, -629, -19, 619, -295, -324, -146, 39, 971, 175, -366, -326, 
-610, -629, -19, 619, -295, -324, -146, 19, 932, 161, -375, -322, 
-605, -619, -14, 612, -295, -317, -136, 9, 932, 165, -370, -317, 
-605, -624, -19, 614, -292, -322, -136, 14, 946, 156, -375, -322, 
-610, -624, -14, 617, -297, -319, -136, 9, 956, 156, -380, -322, 
-610, -624, -14, 617, -297, -319, -136, 0, 961, 156, -380, -326, 
-605, -624, -19, 614, -292, -322, -126, -4, 951, 156, -375, -331, 
-610, -624, -14, 617, -297, -319, -126, -14, 941, 146, -385, -336, 
-614, -624, -9, 619, -302, -317, -122, -29, 912, 141, -385, -336, 
-619, -619, 0, 619, -309, -309, -122, -39, 883, 131, -385, -336, 
-619, -619, 0, 619, -309, -309, -126, -39, 878, 117, -385, -336, 
-624, -619, 4, 622, -314, -307, -126, -53, 858, 112, -380, -336, 
-624, -619, 4, 622, -314, -307, -126, -68, 834, 112, -375, -331, 
-629, -619, 9, 624, -319, -305, -126, -73, 839, 107, -370, -331, 
-634, -610, 24, 622, -329, -292, -131, -68, 844, 102, -375, -322, 
-639, -605, 34, 622, -336, -285, -131, -82, 834, 107, -370, -326, 
-644, -605, 39, 624, -341, -283, -126, -82, 849, 112, -370, -326, 
-649, -600, 48, 624, -348, -275, -126, -73, 868, 112, -366, -326, 
-649, -600, 48, 624, -348, -275, -126, -97, 824, 107, -366, -331, 
-653, -600, 53, 627, -353, -273, -126, -107, 795, 102, -361, -326, 
-658, -605, 53, 631, -356, -275, -126, -122, 775, 102, -356, -326, 
-658, -605, 53, 631, -356, -275, -126, -141, 732, 97, -356, -322, 
-663, -600, 63, 631, -363, -268, -126, -141, 741, 107, -356, -331, 
-663, -600, 63, 631, -363, -268, -126, -136, 756, 102, -356, -331, 
-663, -600, 63, 631, -363, -268, -126, -136, 771, 97, -356, -336, 
-668, -600, 68, 634, -368, -265, -126, -136, 785, 92, -361, -336, 
-658, -595, 63, 627, -361, -265, -136, -151, 771, 87, -356, -336, 
-663, -595, 68, 629, -366, -263, -136, -146, 766, 87, -356, -336, 
-663, -595, 68, 629, -366, -263, -141, -161, 736, 82, -356, -336, 
-663, -590, 73, 627, -368, -258, -141, -170, 717, 78, -361, -341, 
-673, -595, 78, 634, -375, -258, -131, -175, 702, 68, -370, -346, 
-673, -600, 73, 636, -373, -263, -131, -185, 678, 68, -375, -346, 
-678, -600, 78, 639, -378, -261, -131, -200, 668, 63, -375, -346, 
-678, -600, 78, 639, -378, -261, -131, -204, 668, 63, -375, -346, 
-688, -610, 78, 649, -383, -265, -136, -204, 658, 53, -375, -351, 
-688, -610, 78, 649, -383, -265, -141, -214, 658, 48, -375, -361, 
-688, -614, 73, 651, -380, -270, -141, -204, 678, 48, -375, -366, 
-692, -614, 78, 653, -385, -268, -141, -200, 702, 48, -375, -370, 
-692, -619, 73, 656, -383, -273, -141, -214, 663, 39, -390, -380, 
-692, -619, 73, 656, -383, -273, -146, -229, 634, 34, -390, -380, 
-692, -619, 73, 656, -383, -273, -146, -244, 614, 34, -390, -385, 
-692, -619, 73, 656, -383, -273, -141, -263, 570, 34, -395, -385, 
-707, -629, 78, 668, -392, -275, -141, -258, 575, 19, -395, -385, 
-707, -634, 73, 671, -390, -280, -136, -258, 605, 19, -395, -385, 
-707, -634, 73, 671, -390, -280, -136, -258, 629, 19, -400, -390, 
-707, -634, 73, 671, -390, -280, -136, -258, 653, 9, -400, -390, 
-707, -629, 78, 668, -392, -275, -141, -248, 644, 29, -400, -390, 
-707, -624, 82, 666, -395, -270, -141, -248, 653, 29, -400, -390, 
-707, -619, 87, 663, -397, -265, -141, -248, 644, 29, -405, -395, 
-707, -610, 97, 658, -402, -256, -141, -248, 624, 29, -405, -395, 
-707, -605, 102, 656, -405, -251, -131, -239, 629, 39, -390, -390, 
-707, -605, 102, 656, -405, -251, -131, -239, 614, 39, -390, -385, 
-707, -605, 102, 656, -405, -251, -131, -239, 610, 34, -395, -375, 
-707, -600, 107, 653, -407, -246, -131, -239, 614, 34, -395, -370, 
-697, -605, 92, 651, -395, -256, -131, -229, 629, 34, -390, -370, 
-702, -605, 97, 653, -400, -253, -131, -229, 639, 39, -385, -366, 
-702, -605, 97, 653, -400, -253, -131, -224, 668, 39, -385, -366, 
-702, -605, 97, 653, -400, -253, -131, -219, 702, 39, -385, -366, 
-712, -619, 92, 666, -402, -263, -122, -234, 653, 39, -395, -370, 
-712, -624, 87, 668, -400, -268, -126, -234, 634, 39, -395, -375, 
-712, -624, 87, 668, -400, -268, -126, -239, 610, 39, -395, -380, 
-712, -629, 82, 671, -397, -273, -126, -253, 570, 39, -395, -385, 
-712, -629, 82, 671, -397, -273, -126, -244, 585, 29, -405, -390, 
-712, -629, 82, 671, -397, -273, -126, -239, 619, 29, -405, -390, 
-712, -629, 82, 671, -397, -273, -126, -234, 639, 29, -405, -390, 
-712, -629, 82, 671, -397, -273, -126, -229, 658, 29, -405, -385, 
-717, -614, 102, 666, -409, -256, -117, -219, 658, 19, -405, -385, 
-717, -614, 102, 666, -409, -256, -122, -219, 653, 24, -405, -385, 
-717, -610, 107, 663, -412, -251, -122, -219, 644, 24, -405, -385, 
-717, -610, 107, 663, -412, -251, -122, -219, 629, 24, -400, -385, 
-707, -600, 107, 653, -407, -246, -122, -209, 644, 29, -400, -385, 
-707, -600, 107, 653, -407, -246, -122, -209, 634, 29, -400, -385, 
-707, -600, 107, 653, -407, -246, -122, -214, 614, 34, -400, -385, 
-707, -600, 107, 653, -407, -246, -112, -214, 629, 43, -400, -385, 
-707, -595, 112, 651, -409, -241, -102, -209, 649, 53, -395, -385, 
-707, -595, 112, 651, -409, -241, -102, -209, 668, 53, -390, -385, 
-707, -600, 107, 653, -407, -246, -97, -204, 692, 53, -385, -385, 
-707, -600, 107, 653, -407, -246, -97, -185, 722, 53, -375, -380, 
-702, -600, 102, 651, -402, -248, -102, -185, 692, 58, -370, -370, 
-702, -595, 107, 649, -405, -244, -102, -185, 668, 63, -366, -370, 
-702, -595, 107, 649, -405, -244, -102, -185, 649, 68, -361, -375, 
-702, -595, 107, 649, -405, -244, -102, -190, 624, 73, -356, -375, 
-712, -580, 131, 646, -422, -224, -97, -185, 629, 82, -356, -361, 
-707, -580, 126, 644, -417, -226, -97, -180, 668, 92, -351, -361, 
-707, -580, 126, 644, -417, -226, -92, -170, 697, 97, -351, -351, 
-707, -580, 126, 644, -417, -226, -87, -165, 722, 97, -351, -351, 
-697, -566, 131, 631, -414, -217, -97, -175, 727, 87, -346, -341, 
-697, -566, 131, 631, -414, -217, -92, -175, 736, 87, -341, -341, 
-697, -570, 126, 634, -412, -222, -92, -175, 712, 87, -341, -341, 
-697, -570, 126, 634, -412, -222, -92, -170, 697, 87, -341, -341, 
-688, -570, 117, 629, -402, -226, -82, -170, 717, 82, -341, -351, 
-688, -566, 122, 627, -405, -222, -82, -170, 688, 82, -341, -351, 
-688, -566, 122, 627, -405, -222, -82, -170, 673, 82, -341, -351, 
-688, -566, 122, 627, -405, -222, -82, -165, 683, 82, -341, -351, 
-692, -570, 122, 631, -407, -224, -92, -165, 697, 82, -351, -351, 
-688, -570, 117, 629, -402, -226, -92, -165, 712, 82, -351, -351, 
-688, -566, 122, 627, -405, -222, -92, -161, 736, 87, -351, -351, 
-688, -566, 122, 627, -405, -222, -97, -161, 756, 87, -346, -351, 
-697, -566, 131, 631, -414, -217, -102, -175, 722, 73, -356, -356, 
-697, -566, 131, 631, -414, -217, -112, -185, 697, 73, -356, -361, 
-697, -561, 136, 629, -417, -212, -122, -195, 673, 73, -356, -361, 
-697, -561, 136, 629, -417, -212, -126, -204, 629, 73, -351, -366, 
-697, -561, 136, 629, -417, -212, -131, -209, 639, 63, -356, -366, 
-697, -566, 131, 631, -414, -217, -136, -209, 658, 63, -361, -366, 
-697, -566, 131, 631, -414, -217, -146, -219, 683, 68, -366, -366, 
-697, -570, 126, 634, -412, -222, -151, -219, 702, 68, -370, -361, 
-697, -570, 126, 634, -412, -222, -151, -224, 702, 68, -361, -361, 
-697, -570, 126, 634, -412, -222, -151, -229, 702, 68, -361, -361, 
-707, -570, 136, 639, -422, -217, -151, -234, 688, 68, -361, -356, 
-707, -570, 136, 639, -422, -217, -156, -239, 673, 68, -361, -356, 
-702, -566, 136, 634, -419, -214, -156, -239, 673, 68, -351, -366, 
-702, -561, 141, 631, -422, -209, -156, -248, 653, 63, -351, -366, 
-702, -556, 146, 629, -424, -204, -156, -248, 644, 63, -351, -361, 
-702, -551, 151, 627, -427, -200, -151, -244, 649, 63, -356, -361, 
-697, -541, 156, 619, -427, -192, -151, -239, 663, 73, -346, -361, 
-697, -541, 156, 619, -427, -192, -151, -239, 673, 63, -346, -361, 
-697, -541, 156, 619, -427, -192, -151, -234, 697, 63, -346, -361, 
-697, -546, 151, 622, -424, -197, -151, -229, 717, 63, -351, -361, 
-702, -541, 161, 622, -431, -190, -161, -244, 697, 63, -341, -351, 
-702, -541, 161, 622, -431, -190, -161, -248, 668, 63, -346, -361, 
-702, -541, 161, 622, -431, -190, -161, -253, 644, 58, -346, -361, 
-702, -541, 161, 622, -431, -190, -161, -258, 605, 58, -346, -361, 
-692, -541, 151, 617, -422, -195, -161, -258, 614, 53, -351, -361, 
-692, -541, 151, 617, -422, -195, -161, -253, 634, 53, -351, -361, 
-688, -541, 146, 614, -417, -197, -161, -248, 668, 48, -356, -361, 
-688, -541, 146, 614, -417, -197, -161, -244, 688, 43, -356, -361, 
-697, -546, 151, 622, -424, -197, -151, -248, 668, 39, -361, -370, 
-697, -551, 146, 624, -422, -202, -156, -253, 668, 34, -366, -370, 
-697, -556, 141, 627, -419, -207, -156, -258, 653, 29, -370, -370, 
-697, -561, 136, 629, -417, -212, -161, -263, 624, 24, -380, -375, 
-697, -566, 131, 631, -414, -217, -161, -268, 624, 19, -385, -380, 
-697, -570, 126, 634, -412, -222, -161, -273, 614, 14, -385, -385, 
-702, -575, 126, 639, -414, -224, -161, -278, 605, 9, -385, -385, 
-707, -575, 131, 641, -419, -222, -161, -283, 605, 9, -385, -385, 
-712, -585, 126, 649, -419, -229, -156, -268, 619, 9, -385, -390, 
-712, -590, 122, 651, -417, -234, -151, -273, 629, 9, -390, -390, 
-712, -595, 117, 653, -414, -239, -146, -278, 644, 4, -395, -395, 
-717, -600, 117, 658, -417, -241, -141, -273, 678, 4, -395, -400, 
-707, -590, 117, 649, -412, -236, -141, -283, 658, -4, -405, -405, 
-707, -595, 112, 651, -409, -241, -141, -283, 619, -9, -405, -405, 
-707, -595, 112, 651, -409, -241, -141, -283, 585, -9, -405, -405, 
-707, -600, 107, 653, -407, -246, -141, -283, 556, -4, -405, -405, 
-717, -590, 126, 653, -422, -231, -141, -268, 575, 4, -395, -395, 
-717, -585, 131, 651, -424, -226, -141, -258, 600, 4, -395, -400, 
-717, -585, 131, 651, -424, -226, -141, -253, 634, 4, -395, -400, 
-717, -585, 131, 651, -424, -226, -141, -253, 663, 4, -400, -395, 
-712, -575, 136, 644, -424, -219, -136, -248, 668, 4, -390, -395, 
-712, -570, 141, 641, -427, -214, -126, -248, 673, 4, -390, -390, 
-712, -570, 141, 641, -427, -214, -122, -248, 658, 4, -390, -390, 
-712, -570, 141, 641, -427, -214, -117, -248, 634, 9, -390, -390, 
-712, -570, 141, 641, -427, -214, -117, -248, 634, 19, -390, -390, 
-712, -566, 146, 639, -429, -209, -117, -248, 629, 19, -390, -390, 
-707, -566, 141, 636, -424, -212, -117, -248, 619, 19, -390, -390, 
-707, -566, 141, 636, -424, -212, -117, -248, 634, 19, -385, -390, 
-707, -566, 141, 636, -424, -212, -107, -234, 653, 29, -385, -390, 
-707, -566, 141, 636, -424, -212, -107, -229, 668, 29, -385, -390, 
-707, -570, 136, 639, -422, -217, -107, -219, 692, 34, -380, -390, 
-702, -570, 131, 636, -417, -219, -107, -209, 722, 34, -380, -390, 
-712, -580, 131, 646, -422, -224, -97, -219, 707, 39, -370, -390, 
-712, -580, 131, 646, -422, -224, -97, -214, 668, 39, -375, -390, 
-712, -575, 136, 644, -424, -219, -97, -214, 639, 39, -375, -390, 
-712, -575, 136, 644, -424, -219, -92, -214, 610, 39, -375, -390, 
-702, -580, 122, 641, -412, -229, -97, -209, 629, 39, -385, -390, 
-702, -580, 122, 641, -412, -229, -102, -204, 653, 34, -385, -390, 
-702, -575, 126, 639, -414, -224, -107, -200, 692, 34, -385, -390, 
-702, -575, 126, 639, -414, -224, -112, -195, 722, 34, -385, -390, 
-702, -575, 126, 639, -414, -224, -117, -200, 717, 43, -375, -390, 
-702, -575, 126, 639, -414, -224, -117, -204, 712, 43, -375, -390, 
-702, -575, 126, 639, -414, -224, -122, -209, 702, 43, -375, -390, 
-707, -575, 131, 641, -419, -222, -122, -219, 688, 43, -375, -390, 
-707, -566, 141, 636, -424, -212, -131, -229, 639, 39, -375, -390, 
-702, -566, 136, 634, -419, -214, -136, -244, 614, 29, -380, -390, 
-712, -566, 146, 639, -429, -209, -126, -234, 634, 29, -390, -400, 
-712, -566, 146, 639, -429, -209, -126, -234, 653, 29, -390, -400, 
-712, -566, 146, 639, -429, -209, -126, -234, 673, 29, -390, -400, 
-712, -566, 146, 639, -429, -209, -126, -234, 692, 29, -390, -400, 
-712, -570, 141, 641, -427, -214, -126, -239, 673, 19, -390, -409, 
-712, -575, 136, 644, -424, -219, -126, -244, 678, 19, -390, -409, 
-712, -580, 131, 646, -422, -224, -126, -248, 692, 19, -390, -409, 
-712, -585, 126, 649, -419, -229, -126, -253, 673, 19, -395, -409, 
-712, -590, 122, 651, -417, -234, -136, -253, 653, 19, -395, -409, 
-712, -600, 112, 656, -412, -244, -131, -253, 658, 14, -395, -414, 
-712, -610, 102, 661, -407, -253, -131, -253, 639, 9, -395, -419, 
-717, -614, 102, 666, -409, -256, -131, -253, 629, 4, -395, -419, 
-707, -619, 87, 663, -397, -265, -141, -253, 629, -4, -405, -424, 
-707, -619, 87, 663, -397, -265, -141, -258, 644, -4, -405, -424, 
-707, -614, 92, 661, -400, -261, -141, -258, 663, -4, -405, -424, 
-707, -614, 92, 661, -400, -261, -141, -258, 688, -4, -405, -424, 
-707, -614, 92, 661, -400, -261, -151, -268, 678, -19, -419, -424, 
-707, -614, 92, 661, -400, -261, -151, -268, 649, -19, -419, -429, 
-707, -614, 92, 661, -400, -261, -151, -273, 610, -19, -419, -429, 
-707, -614, 92, 661, -400, -261, -151, -278, 600, -19, -419, -424, 
-707, -614, 92, 661, -400, -261, -146, -273, 624, -9, -419, -434, 
-707, -614, 92, 661, -400, -261, -141, -268, 629, -9, -419, -434, 
-707, -614, 92, 661, -400, -261, -136, -263, 639, -9, -419, -434, 
-707, -614, 92, 661, -400, -261, -131, -263, 663, -9, -419, -434, 
-717, -614, 102, 666, -409, -256, -122, -278, 649, -9, -409, -434, 
-717, -614, 102, 666, -409, -256, -122, -263, 653, -9, -409, -434, 
-712, -614, 97, 663, -405, -258, -126, -258, 653, -9, -409, -434, 
-712, -619, 92, 666, -402, -263, -131, -258, 649, -9, -409, -434, 
-702, -629, 73, 666, -387, -278, -126, -263, 639, -9, -409, -429, 
-707, -629, 78, 668, -392, -275, -126, -263, 639, -9, -409, -429, 
-707, -629, 78, 668, -392, -275, -126, -263, 634, -9, -409, -429, 
-712, -629, 82, 671, -397, -273, -126, -268, 595, -9, -414, -434, 
-712, -629, 82, 671, -397, -273, -126, -258, 629, -19, -424, -434, 
-712, -629, 82, 671, -397, -273, -126, -263, 634, -24, -424, -434, 
-707, -629, 78, 668, -392, -275, -126, -258, 644, -24, -424, -434, 
-707, -629, 78, 668, -392, -275, -126, -253, 658, -24, -424, -434, 
-702, -629, 73, 666, -387, -278, -136, -263, 644, -29, -424, -444, 
-702, -624, 78, 663, -390, -273, -136, -273, 614, -29, -419, -444, 
-702, -619, 82, 661, -392, -268, -136, -278, 585, -29, -419, -444, 
-702, -619, 82, 661, -392, -268, -136, -283, 561, -29, -419, -444, 
-702, -619, 82, 661, -392, -268, -126, -278, 585, -19, -419, -434, 
-702, -614, 87, 658, -395, -263, -126, -273, 600, -19, -419, -434, 
-707, -614, 92, 661, -400, -261, -122, -273, 610, -19, -419, -429, 
-707, -614, 92, 661, -400, -261, -122, -273, 634, -19, -419, -429, 
-707, -610, 97, 658, -402, -256, -112, -278, 614, -19, -419, -429, 
-712, -610, 102, 661, -407, -253, -112, -263, 610, -19, -419, -429, 
-717, -610, 107, 663, -412, -251, -112, -263, 619, -19, -419, -429, 
-722, -614, 107, 668, -414, -253, -112, -263, 624, -24, -424, -434, 
-712, -605, 107, 658, -409, -248, -102, -263, 614, -19, -414, -444, 
-712, -605, 107, 658, -409, -248, -102, -253, 614, -19, -414, -444, 
-712, -605, 107, 658, -409, -248, -102, -253, 614, -19, -414, -444, 
-712, -610, 102, 661, -407, -253, -102, -253, 605, -19, -414, -439, 
-722, -610, 112, 666, -417, -248, -92, -248, 629, -9, -414, -429, 
-722, -610, 112, 666, -417, -248, -87, -244, 658, -9, -414, -434, 
-722, -605, 117, 663, -419, -244, -87, -248, 673, -9, -414, -434, 
-722, -605, 117, 663, -419, -244, -92, -244, 722, -4, -409, -434, 
-712, -595, 117, 653, -414, -239, -82, -253, 707, -4, -409, -434, 
-712, -595, 117, 653, -414, -239, -82, -253, 678, -4, -409, -434, 
-707, -595, 112, 651, -409, -241, -82, -248, 639, -9, -409, -434, 
-707, -590, 117, 649, -412, -236, -82, -248, 610, -9, -409, -434, 
-707, -585, 122, 646, -414, -231, -82, -234, 639, 0, -400, -434, 
-707, -580, 126, 644, -417, -226, -82, -229, 658, 4, -400, -434, 
-707, -575, 131, 641, -419, -222, -82, -224, 688, 4, -400, -434, 
-707, -570, 136, 639, -422, -217, -82, -224, 697, 4, -400, -429, 
-707, -561, 146, 634, -427, -207, -97, -224, 678, 9, -385, -419, 
-707, -561, 146, 634, -427, -207, -97, -219, 673, 14, -385, -419, 
-707, -561, 146, 634, -427, -207, -102, -219, 673, 19, -385, -419, 
-707, -561, 146, 634, -427, -207, -107, -219, 668, 24, -385, -419, 
-707, -551, 156, 629, -431, -197, -112, -234, 683, 24, -375, -409, 
-707, -546, 161, 627, -434, -192, -117, -239, 678, 24, -375, -409, 
-707, -546, 161, 627, -434, -192, -126, -244, 653, 24, -375, -409, 
-707, -546, 161, 627, -434, -192, -131, -248, 634, 24, -375, -409, 
-707, -546, 161, 627, -434, -192, -126, -248, 658, 24, -385, -409, 
-707, -546, 161, 627, -434, -192, -131, -253, 653, 24, -385, -409, 
-707, -546, 161, 627, -434, -192, -136, -253, 673, 24, -385, -409, 
-707, -546, 161, 627, -434, -192, -141, -253, 697, 24, -385, -409, 
-707, -546, 161, 627, -434, -192, -151, -263, 663, 24, -385, -409, 
-707, -546, 161, 627, -434, -192, -156, -268, 634, 24, -385, -409, 
-707, -546, 161, 627, -434, -192, -156, -268, 619, 24, -385, -409, 
-707, -551, 156, 629, -431, -197, -161, -278, 595, 29, -385, -409, 
-707, -541, 165, 624, -436, -187, -141, -268, 634, 29, -375, -400, 
-707, -541, 165, 624, -436, -187, -131, -248, 697, 39, -375, -400, 
-707, -541, 165, 624, -436, -187, -146, -258, 707, 39, -366, -400, 
-707, -541, 165, 624, -436, -187, -156, -253, 712, 34, -375, -400, 
-707, -531, 175, 619, -441, -178, -146, -258, 717, 39, -380, -405, 
-707, -527, 180, 617, -444, -173, -146, -278, 639, 9, -390, -409, 
-712, -527, 185, 619, -448, -170, -156, -302, 566, -14, -390, -414, 
-717, -517, 200, 617, -458, -158, -156, -317, 536, -34, -405, -429, 
-727, -507, 219, 617, -473, -143, -146, -331, 502, -39, -414, -434, 
-727, -507, 219, 617, -473, -143, -136, -322, 502, -53, -429, -429, 
-717, -507, 209, 612, -463, -148, -126, -268, 585, -24, -419, -439, 
-727, -507, 219, 617, -473, -143, -122, -229, 673, 29, -395, -429, 
-727, -497, 229, 612, -478, -134, -131, -239, 692, 73, -346, -409, 
-712, -468, 244, 590, -478, -112, -141, -229, 746, 165, -283, -356, 
-683, -439, 244, 561, -463, -97, -156, -204, 814, 292, -175, -292, 
-653, -405, 248, 529, -451, -78, -175, -200, 824, 444, -39, -204, 
-624, -346, 278, 485, -451, -34, -214, -219, 810, 614, 131, -82, 
-590, -263, 326, 427, -458, 31, -263, -287, 805, 810, 331, 78, 
-546, -185, 361, 366, -453, 87, -336, -405, 736, 1015, 561, 258, 
-497, -97, 400, 297, -448, 151, -429, -551, 668, 1234, 814, 458, 
-439, -4, 434, 222, -436, 214, -517, -658, 688, 1468, 1063, 668, 
-361, 48, 409, 156, -385, 229, -619, -751, 722, 1712, 1307, 854, 
-297, 73, 370, 112, -334, 222, -707, -873, 736, 1966, 1551, 1034, 
-258, 43, 302, 107, -280, 173, -761, -946, 805, 2196, 1747, 1171, 
-204, -24, 180, 114, -192, 78, -814, -1000, 868, 2376, 1859, 1259, 
-185, -107, 78, 146, -131, -14, -868, -1078, 790, 2425, 1869, 1283, 
-195, -244, -48, 219, -73, -146, -888, -1156, 673, 2308, 1732, 1205, 
-229, -390, -161, 309, -34, -275, -849, -1185, 605, 2132, 1503, 1073, 
-278, -517, -239, 397, -19, -378, -810, -1195, 512, 1903, 1244, 902, 
-351, -639, -287, 495, -31, -463, -766, -1200, 351, 1493, 839, 644, 
-424, -780, -356, 602, -34, -568, -678, -1161, 195, 902, 326, 297, 
-483, -902, -419, 692, -31, -661, -595, -1107, 73, 356, -112, 9, 
-531, -971, -439, 751, -46, -705, -541, -1083, -87, -97, -419, -185, 
-580, -995, -414, 788, -82, -705, -492, -1068, -180, -448, -639, -336, 
-600, -976, -375, 788, -112, -675, -453, -1010, -185, -580, -692, -390, 
-595, -951, -356, 773, -119, -653, -444, -932, -156, -551, -634, -366, 
-585, -922, -336, 753, -124, -629, -419, -844, -112, -488, -575, -341, 
-575, -888, -312, 732, -131, -600, -366, -736, 19, -370, -527, -341, 
-575, -844, -268, 710, -153, -556, -331, -619, 161, -219, -468, -331, 
-566, -771, -204, 668, -180, -488, -307, -541, 268, -102, -400, -292, 
-580, -697, -117, 639, -231, -407, -278, -448, 424, -29, -341, -268, 
-605, -639, -34, 622, -285, -336, -239, -370, 566, 39, -322, -278, 
-639, -610, 29, 624, -334, -290, -214, -331, 619, 58, -331, -307, 
-653, -600, 53, 627, -353, -273, -195, -307, 649, 63, -326, -326, 
-653, -600, 53, 627, -353, -273, -165, -278, 683, 73, -336, -336, 
-663, -614, 48, 639, -356, -283, -136, -268, 644, 78, -331, -346, 
-683, -634, 48, 658, -366, -292, -112, -258, 610, 82, -331, -356, 
-692, -634, 58, 663, -375, -287, -87, -219, 619, 92, -331, -356, 
-692, -644, 48, 668, -370, -297, -78, -200, 605, 92, -336, -366, 
-692, -644, 48, 668, -370, -297, -63, -190, 605, 78, -346, -375, 
-692, -644, 48, 668, -370, -297, -63, -175, 629, 78, -346, -380, 
-692, -639, 53, 666, -373, -292, -63, -161, 668, 78, -361, -395, 
-697, -634, 63, 666, -380, -285, -58, -151, 707, 68, -370, -395, 
-697, -634, 63, 666, -380, -285, -58, -156, 717, 63, -375, -405, 
-692, -624, 68, 658, -380, -278, -68, -156, 697, 63, -366, -395, 
-692, -614, 78, 653, -385, -268, -73, -156, 697, 68, -370, -395, 
-697, -605, 92, 651, -395, -256, -78, -151, 702, 78, -370, -400, 
-702, -595, 107, 649, -405, -244, -78, -146, 717, 87, -370, -400, 
-702, -585, 117, 644, -409, -234, -73, -141, 732, 82, -370, -405, 
-702, -580, 122, 641, -412, -229, -82, -136, 741, 82, -370, -400, 
-702, -575, 126, 639, -414, -224, -92, -141, 707, 82, -370, -395, 
-702, -566, 136, 634, -419, -214, -102, -151, 683, 82, -370, -395, 
-702, -566, 136, 634, -419, -214, -112, -161, 707, 78, -375, -395, 
-707, -566, 141, 636, -424, -212, -122, -170, 712, 73, -380, -395, 
-707, -566, 141, 636, -424, -212, -122, -175, 722, 68, -380, -395, 
-707, -566, 141, 636, -424, -212, -122, -175, 751, 68, -380, -405, 
-707, -570, 136, 639, -422, -217, -126, -185, 712, 78, -370, -395, 
-712, -570, 141, 641, -427, -214, -122, -190, 688, 78, -375, -395, 
-712, -570, 141, 641, -427, -214, -122, -185, 688, 78, -375, -395, 
-712, -570, 141, 641, -427, -214, -122, -175, 678, 78, -375, -395, 
-712, -566, 146, 639, -429, -209, -107, -161, 722, 78, -375, -400, 
-712, -566, 146, 639, -429, -209, -107, -156, 732, 78, -370, -405, 
-712, -566, 146, 639, -429, -209, -112, -141, 751, 82, -370, -409, 
-717, -566, 151, 641, -434, -207, -112, -156, 751, 82, -370, -409, 
-717, -570, 146, 644, -431, -212, -112, -161, 727, 73, -380, -419, 
-712, -570, 141, 641, -427, -214, -112, -165, 732, 82, -380, -419, 
-712, -570, 141, 641, -427, -214, -112, -170, 732, 87, -370, -414, 
-712, -575, 136, 644, -424, -219, -112, -175, 727, 87, -370, -414, 
-712, -585, 126, 649, -419, -229, -112, -170, 727, 82, -370, -405, 
-707, -585, 122, 646, -414, -231, -112, -161, 732, 82, -370, -405, 
-707, -585, 122, 646, -414, -231, -112, -161, 717, 82, -370, -405, 
-707, -580, 126, 644, -417, -226, -117, -161, 697, 82, -366, -405, 
-707, -580, 126, 644, -417, -226, -117, -156, 722, 82, -366, -414, 
-707, -580, 126, 644, -417, -226, -117, -156, 727, 82, -366, -409, 
-702, -580, 122, 641, -412, -229, -112, -156, 751, 82, -366, -409, 
-702, -580, 122, 641, -412, -229, -102, -151, 780, 82, -366, -409, 
-702, -570, 131, 636, -417, -219, -112, -156, 746, 92, -366, -414, 
-702, -570, 131, 636, -417, -219, -117, -170, 717, 92, -366, -419, 
-702, -570, 131, 636, -417, -219, -117, -165, 702, 97, -366, -419, 
-707, -575, 131, 641, -419, -222, -117, -165, 692, 97, -366, -419, 
-707, -575, 131, 641, -419, -222, -117, -151, 717, 107, -356, -405, 
-707, -575, 131, 641, -419, -222, -112, -146, 746, 102, -356, -405, 
-702, -575, 126, 639, -414, -224, -107, -146, 771, 102, -356, -405, 
-702, -575, 126, 639, -414, -224, -102, -151, 775, 102, -351, -405, 
-692, -585, 107, 639, -400, -239, -112, -151, 751, 92, -351, -405, 
-692, -585, 107, 639, -400, -239, -112, -151, 766, 97, -351, -405, 
-692, -585, 107, 639, -400, -239, -112, -151, 761, 102, -351, -405, 
-692, -585, 107, 639, -400, -239, -112, -151, 756, 102, -351, -405, 
-692, -580, 112, 636, -402, -234, -112, -146, 756, 102, -356, -405, 
-692, -580, 112, 636, -402, -234, -117, -141, 756, 102, -356, -405, 
-692, -580, 112, 636, -402, -234, -117, -146, 736, 107, -356, -400, 
-692, -580, 112, 636, -402, -234, -117, -151, 712, 112, -356, -400, 
-692, -590, 102, 641, -397, -244, -107, -151, 741, 122, -356, -400, 
-692, -595, 97, 644, -395, -248, -107, -146, 751, 122, -351, -395, 
-692, -595, 97, 644, -395, -248, -107, -141, 761, 122, -346, -395, 
-688, -595, 92, 641, -390, -251, -107, -136, 810, 126, -346, -395, 
-678, -605, 73, 641, -375, -265, -107, -146, 775, 126, -346, -405, 
-678, -605, 73, 641, -375, -265, -107, -146, 746, 126, -346, -400, 
-678, -600, 78, 639, -378, -261, -107, -131, 756, 131, -346, -400, 
-678, -600, 78, 639, -378, -261, -107, -122, 732, 136, -341, -400, 
-683, -600, 82, 641, -383, -258, -102, -112, 751, 136, -331, -395, 
-683, -600, 82, 641, -383, -258, -97, -107, 775, 146, -331, -395, 
-683, -595, 87, 639, -385, -253, -92, -102, 800, 151, -326, -395, 
-683, -595, 87, 639, -385, -253, -87, -102, 814, 151, -317, -395, 
-673, -600, 73, 636, -373, -263, -87, -92, 795, 165, -326, -390, 
-668, -595, 73, 631, -370, -261, -87, -87, 805, 175, -326, -390, 
-668, -595, 73, 631, -370, -261, -82, -78, 810, 175, -326, -385, 
-668, -595, 73, 631, -370, -261, -82, -78, 824, 180, -322, -380, 
-673, -595, 78, 634, -375, -258, -92, -68, 834, 185, -312, -380, 
-673, -595, 78, 634, -375, -258, -87, -63, 834, 190, -307, -380, 
-668, -595, 73, 631, -370, -261, -87, -63, 810, 195, -302, -380, 
-668, -595, 73, 631, -370, -261, -87, -63, 795, 200, -297, -380, 
-668, -595, 73, 631, -370, -261, -78, -48, 834, 219, -297, -366, 
-673, -595, 78, 634, -375, -258, -78, -43, 854, 219, -287, -366, 
-673, -595, 78, 634, -375, -258, -82, -39, 868, 224, -287, -366, 
-668, -595, 73, 631, -370, -261, -82, -19, 912, 229, -287, -366, 
-658, -585, 73, 622, -366, -256, -97, -29, 878, 239, -278, -361, 
-653, -580, 73, 617, -363, -253, -102, -39, 844, 239, -273, -361, 
-653, -580, 73, 617, -363, -253, -102, -43, 844, 248, -273, -361, 
-653, -585, 68, 619, -361, -258, -102, -48, 829, 248, -268, -356, 
-644, -575, 68, 610, -356, -253, -107, -43, 854, 263, -258, -346, 
-644, -575, 68, 610, -356, -253, -112, -34, 878, 263, -258, -346, 
-644, -570, 73, 607, -358, -248, -112, -29, 912, 268, -258, -346, 
-644, -570, 73, 607, -358, -248, -117, -24, 912, 278, -253, -341, 
-639, -570, 68, 605, -353, -251, -126, -24, 912, 292, -244, -336, 
-639, -566, 73, 602, -356, -246, -131, -14, 922, 302, -239, -331, 
-639, -556, 82, 597, -361, -236, -136, -4, 932, 317, -234, -326, 
-634, -551, 82, 592, -358, -234, -141, -4, 941, 336, -224, -317, 
-634, -541, 92, 588, -363, -224, -151, -9, 946, 351, -214, -307, 
-629, -531, 97, 580, -363, -217, -156, -9, 956, 361, -204, -302, 
-629, -522, 107, 575, -368, -207, -165, -14, 927, 361, -200, -302, 
-629, -517, 112, 573, -370, -202, -170, -19, 922, 370, -190, -297, 
-619, -507, 112, 563, -366, -197, -165, -9, 971, 380, -185, -287, 
-614, -507, 107, 561, -361, -200, -161, -4, 976, 390, -180, -278, 
-614, -512, 102, 563, -358, -204, -151, 0, 1005, 390, -175, -278, 
-610, -512, 97, 561, -353, -207, -146, 19, 1049, 405, -175, -278, 
-619, -522, 97, 570, -358, -212, -146, 14, 1034, 414, -170, -263, 
-619, -517, 102, 568, -361, -207, -146, 19, 1015, 419, -161, -263, 
-614, -512, 102, 563, -358, -204, -146, 29, 1010, 439, -156, -258, 
-614, -512, 102, 563, -358, -204, -146, 34, 1005, 448, -141, -258, 
-610, -512, 97, 561, -353, -207, -151, 39, 1034, 468, -136, -244, 
-610, -512, 97, 561, -353, -207, -151, 53, 1058, 478, -131, -244, 
-600, -507, 92, 553, -346, -207, -156, 63, 1078, 483, -126, -234, 
-600, -507, 92, 553, -346, -207, -165, 68, 1088, 492, -122, -229, 
-595, -507, 87, 551, -341, -209, -161, 68, 1088, 507, -122, -229, 
-585, -507, 78, 546, -331, -214, -161, 78, 1102, 517, -117, -229, 
-585, -507, 78, 546, -331, -214, -161, 82, 1102, 522, -117, -229, 
-585, -507, 78, 546, -331, -214, -161, 82, 1102, 522, -107, -219, 
-570, -507, 63, 539, -317, -222, -161, 87, 1107, 541, -97, -219, 
-570, -507, 63, 539, -317, -222, -161, 92, 1112, 546, -97, -219, 
-570, -507, 63, 539, -317, -222, -165, 87, 1098, 551, -97, -214, 
-566, -507, 58, 536, -312, -224, -165, 87, 1088, 551, -92, -209, 
-570, -522, 48, 546, -309, -236, -165, 107, 1117, 566, -92, -209, 
-570, -522, 48, 546, -309, -236, -170, 107, 1132, 566, -87, -209, 
-566, -522, 43, 544, -305, -239, -170, 107, 1151, 566, -87, -209, 
-556, -527, 29, 541, -292, -248, -170, 107, 1190, 570, -92, -209, 
-566, -522, 43, 544, -305, -239, -175, 92, 1156, 570, -92, -209, 
-561, -522, 39, 541, -300, -241, -175, 87, 1122, 566, -97, -209, 
-561, -527, 34, 544, -297, -246, -170, 87, 1102, 566, -97, -209, 
-561, -527, 34, 544, -297, -246, -170, 82, 1088, 561, -102, -209, 
-561, -531, 29, 546, -295, -251, -165, 87, 1102, 570, -92, -209, 
-561, -531, 29, 546, -295, -251, -165, 87, 1117, 566, -102, -209, 
-561, -531, 29, 546, -295, -251, -161, 87, 1137, 566, -102, -209, 
-561, -536, 24, 549, -292, -256, -161, 78, 1137, 556, -107, -209, 
-546, -541, 4, 544, -275, -268, -161, 82, 1122, 566, -102, -209, 
-546, -541, 4, 544, -275, -268, -161, 87, 1122, 561, -107, -209, 
-546, -546, 0, 546, -273, -273, -161, 92, 1122, 561, -112, -209, 
-551, -551, 0, 551, -275, -275, -161, 97, 1127, 556, -122, -209, 
-551, -561, -9, 556, -270, -285, -151, 87, 1117, 551, -126, -209, 
-556, -561, -4, 558, -275, -283, -151, 87, 1102, 546, -131, -209, 
-556, -561, -4, 558, -275, -283, -156, 78, 1078, 536, -136, -214, 
-556, -556, 0, 556, -278, -278, -156, 63, 1058, 527, -136, -224, 
-556, -566, -9, 561, -273, -287, -146, 73, 1078, 512, -146, -224, 
-561, -566, -4, 563, -278, -285, -146, 63, 1068, 497, -151, -224, 
-561, -566, -4, 563, -278, -285, -146, 63, 1083, 488, -161, -229, 
-566, -566, 0, 566, -283, -283, -146, 63, 1102, 483, -170, -229, 
-575, -566, 9, 570, -292, -278, -156, 53, 1054, 468, -180, -239, 
-580, -566, 14, 573, -297, -275, -156, 43, 1015, 453, -190, -244, 
-580, -566, 14, 573, -297, -275, -151, 34, 995, 434, -200, -248, 
-585, -570, 14, 578, -300, -278, -151, 34, 966, 419, -209, -263, 
-590, -580, 9, 585, -300, -285, -151, 9, 951, 395, -219, -273, 
-590, -585, 4, 588, -297, -290, -146, 4, 951, 380, -229, -278, 
-600, -585, 14, 592, -307, -285, -141, 0, 956, 366, -234, -283, 
-600, -590, 9, 595, -305, -290, -136, -19, 941, 346, -248, -283, 
-614, -590, 24, 602, -319, -283, -141, -48, 893, 322, -258, -302, 
-614, -595, 19, 605, -317, -287, -146, -53, 878, 302, -268, -312, 
-619, -595, 24, 607, -322, -285, -151, -68, 858, 292, -278, -317, 
-619, -595, 24, 607, -322, -285, -156, -87, 834, 283, -283, -326, 
-634, -605, 29, 619, -331, -287, -146, -102, 824, 258, -292, -331, 
-639, -605, 34, 622, -336, -285, -146, -112, 805, 244, -307, -336, 
-644, -605, 39, 624, -341, -283, -141, -126, 766, 234, -312, -336, 
-649, -600, 48, 624, -348, -275, -141, -136, 727, 219, -317, -336, 
-668, -610, 58, 639, -363, -275, -131, -126, 736, 195, -326, -346, 
-673, -610, 63, 641, -368, -273, -126, -141, 732, 180, -331, -356, 
-673, -610, 63, 641, -368, -273, -122, -156, 722, 170, -336, -361, 
-678, -610, 68, 644, -373, -270, -117, -161, 741, 156, -341, -370, 
-673, -595, 78, 634, -375, -258, -126, -175, 702, 141, -361, -380, 
-678, -595, 82, 636, -380, -256, -131, -200, 658, 136, -361, -385, 
-683, -600, 82, 641, -383, -258, -131, -209, 639, 131, -366, -385, 
-688, -600, 87, 644, -387, -256, -136, -209, 624, 122, -366, -385, 
-688, -585, 102, 636, -395, -241, -141, -219, 634, 107, -361, -385, 
-692, -580, 112, 636, -402, -234, -146, -214, 639, 102, -361, -385, 
-697, -580, 117, 639, -407, -231, -151, -214, 653, 102, -361, -390, 
-697, -575, 122, 636, -409, -226, -156, -219, 644, 97, -366, -390, 
-702, -575, 126, 639, -414, -224, -156, -234, 619, 107, -366, -380, 
-702, -570, 131, 636, -417, -219, -156, -234, 619, 102, -366, -380, 
-702, -566, 136, 634, -419, -214, -156, -239, 619, 97, -366, -385, 
-707, -561, 146, 634, -427, -207, -156, -244, 619, 92, -370, -385, 
-717, -561, 156, 639, -436, -202, -151, -244, 614, 87, -366, -395, 
-722, -566, 156, 644, -439, -204, -146, -234, 610, 87, -366, -395, 
-722, -570, 151, 646, -436, -209, -146, -244, 580, 82, -366, -395, 
-722, -570, 151, 646, -436, -209, -141, -248, 561, 78, -370, -400, 
-722, -575, 146, 649, -434, -214, -131, -239, 590, 78, -380, -405, 
-722, -580, 141, 651, -431, -219, -131, -234, 590, 78, -385, -405, 
-727, -580, 146, 653, -436, -217, -131, -234, 605, 73, -385, -405, 
-727, -580, 146, 653, -436, -217, -131, -224, 629, 73, -385, -405, 
-717, -580, 136, 649, -427, -222, -131, -239, 600, 63, -385, -405, 
-717, -580, 136, 649, -427, -222, -131, -253, 570, 58, -385, -409, 
-717, -585, 131, 651, -424, -226, -126, -248, 561, 58, -385, -409, 
-722, -585, 136, 653, -429, -224, -122, -248, 556, 58, -385, -409, 
-722, -590, 131, 656, -427, -229, -117, -234, 561, 68, -390, -419, 
-722, -590, 131, 656, -427, -229, -117, -229, 575, 63, -390, -419, 
-722, -590, 131, 656, -427, -229, -112, -224, 600, 63, -390, -424, 
-722, -590, 131, 656, -427, -229, -102, -224, 600, 63, -395, -424, 
-717, -590, 126, 653, -422, -231, -112, -239, 580, 58, -405, -424, 
-717, -595, 122, 656, -419, -236, -107, -239, 585, 58, -405, -424, 
-717, -595, 122, 656, -419, -236, -107, -239, 585, 58, -409, -429, 
-717, -595, 122, 656, -419, -236, -107, -239, 585, 48, -409, -429, 
-727, -605, 122, 666, -424, -241, -102, -234, 575, 53, -409, -439, 
-727, -605, 122, 666, -424, -241, -102, -239, 575, 48, -409, -439, 
-727, -605, 122, 666, -424, -241, -102, -244, 556, 43, -414, -444, 
-727, -600, 126, 663, -427, -236, -102, -248, 527, 39, -414, -444, 
-736, -610, 126, 673, -431, -241, -92, -239, 561, 29, -419, -453, 
-736, -614, 122, 675, -429, -246, -92, -239, 566, 29, -419, -453, 
-736, -619, 117, 678, -427, -251, -92, -239, 580, 24, -424, -448, 
-736, -619, 117, 678, -427, -251, -92, -239, 605, 24, -424, -448, 
-746, -614, 131, 680, -439, -241, -92, -248, 570, 34, -419, -448, 
-751, -614, 136, 683, -444, -239, -92, -248, 541, 39, -414, -444, 
-751, -614, 136, 683, -444, -239, -92, -244, 531, 39, -414, -444, 
-751, -614, 136, 683, -444, -239, -92, -239, 527, 39, -414, -444, 
-741, -614, 126, 678, -434, -244, -87, -239, 527, 29, -414, -444, 
-741, -614, 126, 678, -434, -244, -87, -234, 546, 29, -414, -444, 
-741, -610, 131, 675, -436, -239, -82, -234, 561, 29, -414, -444, 
-741, -610, 131, 675, -436, -239, -78, -244, 561, 29, -414, -444, 
-741, -619, 122, 680, -431, -248, -78, -234, 546, 29, -414, -448, 
-741, -619, 122, 680, -431, -248, -78, -229, 561, 29, -414, -448, 
-741, -619, 122, 680, -431, -248, -78, -224, 561, 29, -414, -448, 
-741, -619, 122, 680, -431, -248, -78, -219, 561, 29, -414, -444, 
-736, -619, 117, 678, -427, -251, -68, -229, 566, 29, -424, -444, 
-736, -624, 112, 680, -424, -256, -73, -229, 556, 34, -424, -444, 
-736, -624, 112, 680, -424, -256, -73, -229, 541, 34, -424, -444, 
-736, -629, 107, 683, -422, -261, -73, -229, 522, 34, -419, -444, 
-727, -639, 87, 683, -407, -275, -82, -214, 546, 34, -419, -453, 
-727, -639, 87, 683, -407, -275, -82, -209, 556, 29, -419, -453, 
-727, -639, 87, 683, -407, -275, -82, -209, 556, 29, -419, -453, 
-727, -639, 87, 683, -407, -275, -73, -204, 590, 34, -419, -453, 
-717, -644, 73, 680, -395, -285, -82, -214, 561, 34, -429, -453, 
-717, -644, 73, 680, -395, -285, -82, -219, 541, 34, -429, -453, 
-717, -649, 68, 683, -392, -290, -78, -219, 527, 34, -429, -453, 
-717, -649, 68, 683, -392, -290, -78, -204, 517, 34, -424, -448, 
-722, -649, 73, 685, -397, -287, -82, -204, 541, 43, -414, -448, 
-722, -644, 78, 683, -400, -283, -82, -204, 551, 43, -414, -448, 
-722, -644, 78, 683, -400, -283, -82, -204, 566, 43, -414, -453, 
-722, -644, 78, 683, -400, -283, -82, -209, 575, 43, -414, -453, 
-722, -644, 78, 683, -400, -283, -87, -204, 551, 34, -414, -448, 
-717, -649, 68, 683, -392, -290, -97, -200, 570, 43, -409, -448, 
-717, -653, 63, 685, -390, -295, -102, -190, 580, 48, -409, -439, 
-717, -658, 58, 688, -387, -300, -107, -185, 585, 48, -409, -439, 
-707, -653, 53, 680, -380, -300, -117, -190, 585, 58, -395, -429, 
-707, -653, 53, 680, -380, -300, -112, -195, 590, 58, -390, -429, 
-707, -658, 48, 683, -378, -305, -112, -200, 561, 58, -390, -429, 
-707, -658, 48, 683, -378, -305, -112, -200, 541, 58, -390, -429, 
-707, -658, 48, 683, -378, -305, -112, -195, 575, 63, -390, -429, 
-707, -653, 53, 680, -380, -300, -112, -190, 570, 63, -390, -429, 
-707, -653, 53, 680, -380, -300, -112, -185, 580, 63, -390, -429, 
-707, -653, 53, 680, -380, -300, -112, -175, 614, 63, -390, -429, 
-702, -658, 43, 680, -373, -307, -112, -180, 585, 63, -390, -419, 
-697, -658, 39, 678, -368, -309, -112, -185, 566, 63, -390, -419, 
-697, -653, 43, 675, -370, -305, -112, -185, 556, 68, -390, -419, 
-697, -653, 43, 675, -370, -305, -117, -190, 541, 68, -385, -419, 
-697, -649, 48, 673, -373, -300, -126, -195, 561, 68, -380, -409, 
-697, -644, 53, 671, -375, -295, -131, -195, 580, 73, -375, -409, 
-697, -634, 63, 666, -380, -285, -136, -195, 600, 78, -370, -405, 
-697, -629, 68, 663, -383, -280, -136, -195, 600, 82, -361, -405, 
-697, -614, 82, 656, -390, -265, -141, -190, 590, 82, -351, -395, 
-697, -605, 92, 651, -395, -256, -146, -190, 590, 82, -351, -395, 
-697, -590, 107, 644, -402, -241, -156, -200, 595, 87, -351, -395, 
-697, -580, 117, 639, -407, -231, -161, -200, 595, 87, -351, -390, 
-697, -580, 117, 639, -407, -231, -151, -209, 585, 92, -341, -390, 
-697, -580, 117, 639, -407, -231, -151, -219, 585, 97, -341, -390, 
-707, -580, 126, 644, -417, -226, -151, -229, 570, 102, -341, -385, 
-707, -580, 126, 644, -417, -226, -156, -239, 556, 107, -341, -385, 
-712, -570, 141, 641, -427, -214, -146, -229, 575, 102, -351, -395, 
-712, -570, 141, 641, -427, -214, -146, -239, 575, 92, -351, -395, 
-712, -570, 141, 641, -427, -214, -146, -239, 585, 87, -351, -390, 
-712, -570, 141, 641, -427, -214, -141, -234, 610, 82, -356, -390, 
-717, -580, 136, 649, -427, -222, -141, -239, 580, 82, -356, -400, 
-717, -580, 136, 649, -427, -222, -141, -248, 556, 73, -356, -400, 
-717, -580, 136, 649, -427, -222, -141, -253, 546, 73, -356, -400, 
-717, -585, 131, 651, -424, -226, -141, -258, 531, 73, -361, -400, 
-722, -600, 122, 661, -422, -239, -131, -268, 551, 63, -361, -400, 
-722, -600, 122, 661, -422, -239, -131, -268, 551, 63, -366, -409, 
-722, -600, 122, 661, -422, -239, -131, -268, 556, 58, -366, -409, 
-722, -600, 122, 661, -422, -239, -131, -268, 546, 58, -366, -409, 
-732, -600, 131, 666, -431, -234, -131, -268, 546, 53, -370, -409, 
-732, -600, 131, 666, -431, -234, -131, -263, 546, 53, -370, -409, 
-727, -600, 126, 663, -427, -236, -131, -258, 561, 48, -375, -409, 
-727, -600, 126, 663, -427, -236, -131, -253, 561, 43, -375, -409, 
-736, -610, 126, 673, -431, -241, -126, -263, 551, 53, -375, -409, 
-736, -610, 126, 673, -431, -241, -126, -263, 551, 53, -375, -409, 
-736, -610, 126, 673, -431, -241, -122, -263, 536, 53, -375, -409, 
-736, -610, 126, 673, -431, -241, -122, -263, 507, 53, -380, -414, 
-727, -614, 112, 671, -419, -251, -122, -253, 585, 48, -385, -414, 
-736, -610, 126, 673, -431, -241, -112, -253, 595, 43, -375, -414, 
-732, -595, 136, 663, -434, -229, -102, -234, 624, 48, -375, -409, 
-732, -595, 136, 663, -434, -229, -107, -244, 585, 39, -380, -409, 
-732, -605, 126, 668, -429, -239, -97, -253, 556, 48, -380, -409, 
-732, -605, 126, 668, -429, -239, -97, -253, 536, 48, -380, -409, 
-732, -605, 126, 668, -429, -239, -97, -253, 517, 48, -380, -409, 
-732, -605, 126, 668, -429, -239, -97, -253, 497, 48, -380, -409, 
-741, -595, 146, 668, -444, -224, -107, -244, 517, 58, -370, -400, 
-741, -595, 146, 668, -444, -224, -107, -244, 541, 58, -370, -400, 
-741, -595, 146, 668, -444, -224, -107, -244, 575, 58, -370, -400, 
-741, -595, 146, 668, -444, -224, -107, -244, 575, 58, -375, -400, 
-741, -585, 156, 663, -448, -214, -97, -244, 556, 53, -375, -400, 
-741, -590, 151, 666, -446, -219, -92, -244, 570, 53, -375, -405, 
-741, -595, 146, 668, -444, -224, -92, -244, 561, 53, -375, -409, 
-746, -595, 151, 671, -448, -222, -92, -244, 561, 53, -375, -409, 
-746, -590, 156, 668, -451, -217, -102, -244, 536, 53, -375, -405, 
-746, -590, 156, 668, -451, -217, -102, -248, 527, 53, -375, -405, 
-746, -585, 161, 666, -453, -212, -102, -248, 522, 53, -375, -405, 
-746, -585, 161, 666, -453, -212, -102, -248, 522, 53, -375, -405, 
-746, -590, 156, 668, -451, -217, -92, -244, 556, 58, -380, -405, 
-746, -595, 151, 671, -448, -222, -92, -239, 570, 58, -380, -409, 
-746, -600, 146, 673, -446, -226, -92, -239, 575, 58, -380, -409, 
-746, -605, 141, 675, -444, -231, -92, -239, 610, 58, -380, -405, 
-736, -605, 131, 671, -434, -236, -92, -248, 585, 58, -380, -405, 
-736, -605, 131, 671, -434, -236, -92, -248, 551, 58, -380, -405, 
-736, -605, 131, 671, -434, -236, -92, -248, 522, 58, -380, -405, 
-736, -605, 131, 671, -434, -236, -92, -253, 507, 58, -380, -405, 
-736, -605, 131, 671, -434, -236, -92, -253, 522, 58, -380, -414, 
-736, -605, 131, 671, -434, -236, -92, -234, 546, 58, -380, -414, 
-732, -605, 126, 668, -429, -239, -97, -224, 566, 58, -380, -414, 
-732, -610, 122, 671, -427, -244, -102, -219, 580, 58, -380, -414, 
-732, -619, 112, 675, -422, -253, -92, -224, 585, 48, -380, -419, 
-736, -619, 117, 678, -427, -251, -87, -224, 590, 48, -380, -419, 
-736, -619, 117, 678, -427, -251, -82, -224, 590, 48, -380, -419, 
-741, -619, 122, 680, -431, -248, -78, -229, 556, 48, -385, -424, 
-741, -619, 122, 680, -431, -248, -87, -224, 561, 58, -385, -414, 
-741, -619, 122, 680, -431, -248, -87, -234, 546, 53, -385, -414, 
-736, -619, 117, 678, -427, -251, -87, -234, 536, 53, -385, -414, 
-736, -619, 117, 678, -427, -251, -87, -234, 531, 53, -385, -414, 
-741, -624, 117, 683, -429, -253, -78, -224, 575, 48, -385, -414, 
-741, -624, 117, 683, -429, -253, -78, -224, 585, 48, -380, -414, 
-741, -624, 117, 683, -429, -253, -78, -219, 595, 48, -380, -414, 
-741, -629, 112, 685, -427, -258, -78, -214, 610, 48, -380, -414, 
-732, -639, 92, 685, -412, -273, -78, -219, 590, 48, -390, -424, 
-732, -634, 97, 683, -414, -268, -78, -224, 561, 48, -390, -424, 
-736, -634, 102, 685, -419, -265, -73, -234, 527, 48, -390, -419, 
-736, -634, 102, 685, -419, -265, -73, -244, 507, 48, -390, -419, 
-732, -644, 87, 688, -409, -278, -82, -258, 522, 43, -390, -419, 
-732, -649, 82, 690, -407, -283, -82, -244, 531, 39, -390, -419, 
-732, -653, 78, 692, -405, -287, -82, -244, 556, 34, -390, -419, 
-732, -663, 68, 697, -400, -297, -82, -244, 575, 24, -395, -424, 
-732, -668, 63, 700, -397, -302, -92, -253, 561, 19, -405, -434, 
-732, -673, 58, 702, -395, -307, -92, -244, 556, 19, -405, -434, 
-732, -678, 53, 705, -392, -312, -92, -244, 551, 19, -405, -434, 
-732, -688, 43, 710, -387, -322, -92, -244, 536, 19, -405, -429, 
-732, -692, 39, 712, -385, -326, -112, -258, 512, 9, -414, -429, 
-732, -697, 34, 714, -383, -331, -117, -263, 502, 9, -414, -434, 
-732, -697, 34, 714, -383, -331, -126, -278, 478, 9, -414, -434, 
-732, -702, 29, 717, -380, -336, -141, -283, 488, 14, -409, -434, 
-732, -692, 39, 712, -385, -326, -156, -292, 517, 4, -419, -444, 
-732, -692, 39, 712, -385, -326, -161, -292, 531, 4, -419, -444, 
-727, -692, 34, 710, -380, -329, -165, -287, 536, 0, -419, -444, 
-727, -688, 39, 707, -383, -324, -170, -287, 551, 0, -419, -444, 
-736, -688, 48, 712, -392, -319, -180, -297, 512, -9, -419, -444, 
-736, -688, 48, 712, -392, -319, -180, -307, 483, -4, -419, -444, 
-736, -688, 48, 712, -392, -319, -180, -317, 463, -4, -419, -444, 
-736, -688, 48, 712, -392, -319, -180, -331, 424, -4, -419, -439, 
-746, -688, 58, 717, -402, -314, -175, -326, 444, -4, -424, -439, 
-746, -688, 58, 717, -402, -314, -165, -317, 458, -4, -424, -439, 
-746, -688, 58, 717, -402, -314, -161, -312, 478, -4, -424, -439, 
-746, -688, 58, 717, -402, -314, -156, -307, 492, -4, -424, -439, 
-746, -688, 58, 717, -402, -314, -146, -307, 507, -4, -424, -448, 
-746, -683, 63, 714, -405, -309, -146, -307, 512, -4, -424, -448, 
-746, -683, 63, 714, -405, -309, -151, -307, 497, -4, -424, -448, 
-746, -683, 63, 714, -405, -309, -151, -307, 488, -4, -424, -448, 
-746, -673, 73, 710, -409, -300, -141, -307, 473, 4, -414, -439, 
-746, -673, 73, 710, -409, -300, -141, -312, 448, 4, -414, -439, 
-746, -673, 73, 710, -409, -300, -141, -312, 448, 4, -414, -439, 
-746, -673, 73, 710, -409, -300, -141, -312, 453, 4, -414, -439, 
-736, -663, 73, 700, -405, -295, -136, -307, 478, 14, -414, -429, 
-736, -663, 73, 700, -405, -295, -136, -297, 497, 14, -414, -429, 
-736, -663, 73, 700, -405, -295, -131, -283, 531, 14, -414, -429, 
-736, -668, 68, 702, -402, -300, -131, -278, 556, 19, -414, -429, 
-736, -658, 78, 697, -407, -290, -141, -297, 478, 19, -405, -429, 
-736, -658, 78, 697, -407, -290, -131, -297, 473, 19, -405, -429, 
-736, -658, 78, 697, -407, -290, -126, -287, 473, 29, -405, -429, 
-736, -658, 78, 697, -407, -290, -136, -292, 439, 24, -405, -419, 
-736, -649, 87, 692, -412, -280, -126, -278, 463, 19, -400, -424, 
-746, -644, 102, 695, -424, -270, -117, -268, 502, 9, -409, -439, 
-741, -634, 107, 688, -424, -263, -117, -283, 488, -14, -419, -444, 
-746, -634, 112, 690, -429, -261, -117, -297, 478, -34, -434, -448, 
-766, -614, 151, 690, -458, -231, -107, -302, 502, -48, -453, -453, 
-766, -595, 170, 680, -468, -212, -107, -322, 463, -53, -458, -458, 
-766, -585, 180, 675, -473, -202, -117, -317, 409, -53, -458, -458, 
-766, -575, 190, 671, -478, -192, -102, -287, 439, -29, -444, -448, 
-766, -566, 200, 666, -483, -183, -102, -278, 458, 14, -414, -419, 
-771, -556, 214, 663, -492, -170, -112, -287, 453, 68, -351, -385, 
-751, -536, 214, 644, -483, -161, -107, -273, 512, 175, -263, -331, 
-732, -492, 239, 612, -485, -126, -126, -229, 629, 307, -156, -273, 
-692, -434, 258, 563, -475, -87, -165, -239, 673, 468, -34, -190, 
-658, -361, 297, 509, -478, -31, -214, -297, 678, 634, 136, -58, 
-624, -273, 351, 448, -488, 39, -268, -395, 668, 829, 346, 112, 
-575, -175, 400, 375, -488, 112, -361, -522, 580, 1039, 590, 302, 
-517, -82, 434, 300, -475, 175, -468, -668, 492, 1283, 868, 512, 
-448, -9, 439, 229, -444, 214, -561, -771, 497, 1537, 1141, 727, 
-375, 14, 390, 180, -383, 202, -639, -854, 502, 1781, 1385, 927, 
-326, 4, 331, 161, -329, 168, -712, -946, 531, 2059, 1600, 1093, 
-273, -34, 239, 153, -256, 102, -766, -980, 634, 2318, 1790, 1220, 
-224, -87, 136, 156, -180, 24, -819, -1010, 732, 2483, 1908, 1302, 
-195, -175, 19, 185, -107, -78, -878, -1078, 712, 2493, 1878, 1302, 
-209, -322, -112, 265, -48, -217, -878, -1107, 673, 2357, 1708, 1210, 
-239, -448, -209, 344, -14, -329, -839, -1107, 639, 2176, 1478, 1058, 
-283, -561, -278, 422, -2, -419, -805, -1132, 497, 1893, 1180, 868, 
-366, -692, -326, 529, -19, -509, -727, -1151, 253, 1381, 727, 600, 
-453, -854, -400, 653, -26, -627, -624, -1098, 43, 775, 229, 283, 
-512, -961, -448, 736, -31, -705, -541, -1044, -117, 263, -156, 19, 
-561, -1005, -444, 783, -58, -724, -492, -1029, -278, -156, -434, -161, 
-590, -1005, -414, 797, -87, -710, -463, -990, -312, -424, -595, -283, 
-595, -971, -375, 783, -109, -673, -434, -902, -214, -473, -605, -317, 
-585, -922, -336, 753, -124, -629, -409, -814, -122, -419, -546, -302, 
-575, -878, -302, 727, -136, -590, -375, -707, 9, -331, -497, -283, 
-566, -834, -268, 700, -148, -551, -331, -580, 180, -190, -439, -283, 
-556, -771, -214, 663, -170, -492, -307, -492, 287, -63, -380, -273, 
-561, -697, -136, 629, -212, -417, -297, -458, 317, 19, -331, -239, 
-585, -639, -53, 612, -265, -346, -278, -409, 390, 78, -292, -219, 
-619, -610, 9, 614, -314, -300, -253, -361, 444, 126, -283, -239, 
-653, -590, 63, 622, -358, -263, -224, -346, 444, 131, -287, -268, 
-653, -580, 73, 617, -363, -253, -195, -317, 507, 141, -287, -278, 
-663, -575, 87, 619, -375, -244, -156, -268, 595, 165, -283, -287, 
-673, -585, 87, 629, -380, -248, -141, -239, 619, 170, -292, -307, 
-683, -605, 78, 644, -380, -263, -117, -209, 658, 180, -292, -326, 
-683, -605, 78, 644, -380, -263, -97, -161, 702, 190, -287, -326, 
-683, -614, 68, 649, -375, -273, -102, -151, 673, 175, -297, -336, 
-683, -619, 63, 651, -373, -278, -112, -161, 644, 151, -307, -341, 
-683, -619, 63, 651, -373, -278, -112, -161, 629, 146, -322, -356, 
-688, -619, 68, 653, -378, -275, -107, -165, 614, 131, -331, -356, 
-688, -624, 63, 656, -375, -280, -107, -185, 570, 122, -336, -366, 
-692, -624, 68, 658, -380, -278, -102, -175, 585, 117, -346, -366, 
-692, -624, 68, 658, -380, -278, -102, -175, 600, 117, -351, -366, 
-697, -624, 73, 661, -385, -275, -102, -170, 619, 122, -351, -370, 
-702, -624, 78, 663, -390, -273, -97, -165, 649, 126, -351, -370, 
-712, -624, 87, 668, -400, -268, -73, -161, 673, 131, -351, -370, 
-712, -629, 82, 671, -397, -273, -73, -146, 692, 131, -351, -370, 
-712, -634, 78, 673, -395, -278, -73, -141, 668, 131, -351, -370, 
-712, -634, 78, 673, -395, -278, -73, -141, 653, 131, -351, -375, 
-712, -644, 68, 678, -390, -287, -73, -151, 639, 126, -356, -385, 
-717, -644, 73, 680, -395, -285, -82, -161, 614, 122, -361, -385, 
-717, -644, 73, 680, -395, -285, -82, -165, 595, 117, -361, -385, 
-717, -644, 73, 680, -395, -285, -82, -165, 595, 117, -361, -395, 
-717, -649, 68, 683, -392, -290, -78, -151, 614, 117, -361, -385, 
-722, -649, 73, 685, -397, -287, -73, -151, 629, 117, -366, -385, 
-722, -649, 73, 685, -397, -287, -73, -141, 668, 117, -366, -385, 
-722, -649, 73, 685, -397, -287, -73, -126, 697, 117, -366, -385, 
-722, -653, 68, 688, -395, -292, -78, -141, 683, 107, -375, -395, 
-722, -653, 68, 688, -395, -292, -78, -146, 644, 107, -370, -395, 
-722, -653, 68, 688, -395, -292, -82, -141, 614, 112, -370, -395, 
-727, -653, 73, 690, -400, -290, -82, -165, 566, 112, -370, -390, 
-736, -658, 78, 697, -407, -290, -82, -161, 566, 102, -380, -400, 
-732, -658, 73, 695, -402, -292, -82, -156, 595, 112, -380, -400, 
-732, -658, 73, 695, -402, -292, -82, -151, 619, 117, -370, -395, 
-732, -663, 68, 697, -400, -297, -82, -146, 639, 117, -370, -395, 
-732, -668, 63, 700, -397, -302, -78, -136, 653, 122, -380, -395, 
-727, -673, 53, 700, -390, -309, -73, -122, 673, 122, -380, -395, 
-727, -678, 48, 702, -387, -314, -68, -117, 673, 122, -380, -395, 
-727, -678, 48, 702, -387, -314, -68, -112, 668, 122, -375, -395, 
-727, -678, 48, 702, -387, -314, -73, -122, 649, 131, -375, -395, 
-727, -678, 48, 702, -387, -314, -78, -126, 619, 131, -375, -390, 
-722, -678, 43, 700, -383, -317, -78, -131, 610, 131, -375, -390, 
-722, -678, 43, 700, -383, -317, -73, -131, 605, 131, -375, -390, 
-722, -678, 43, 700, -383, -317, -82, -126, 629, 122, -375, -395, 
-722, -678, 43, 700, -383, -317, -87, -131, 649, 122, -375, -400, 
-722, -678, 43, 700, -383, -317, -87, -117, 683, 126, -375, -400, 
-727, -683, 43, 705, -385, -319, -87, -107, 722, 126, -375, -400, 
-727, -673, 53, 700, -390, -309, -102, -117, 692, 136, -366, -395, 
-727, -673, 53, 700, -390, -309, -102, -117, 678, 131, -366, -395, 
-722, -673, 48, 697, -385, -312, -102, -122, 658, 131, -366, -395, 
-722, -673, 48, 697, -385, -312, -102, -131, 619, 131, -361, -395, 
-722, -668, 53, 695, -387, -307, -107, -131, 624, 131, -361, -395, 
-722, -663, 58, 692, -390, -302, -112, -131, 658, 136, -361, -395, 
-722, -658, 63, 690, -392, -297, -117, -131, 673, 141, -361, -395, 
-722, -653, 68, 688, -395, -292, -122, -131, 688, 141, -361, -395, 
-732, -658, 73, 695, -402, -292, -122, -136, 692, 141, -356, -385, 
-732, -658, 73, 695, -402, -292, -126, -131, 707, 141, -356, -385, 
-732, -658, 73, 695, -402, -292, -126, -136, 702, 146, -356, -380, 
-732, -658, 73, 695, -402, -292, -126, -141, 692, 151, -356, -380, 
-732, -649, 82, 690, -407, -283, -117, -151, 688, 151, -356, -390, 
-732, -653, 78, 692, -405, -287, -117, -156, 663, 151, -351, -385, 
-732, -653, 78, 692, -405, -287, -117, -161, 639, 151, -346, -385, 
-727, -653, 73, 690, -400, -290, -117, -165, 653, 156, -346, -385, 
-727, -653, 73, 690, -400, -290, -117, -161, 668, 165, -346, -375, 
-727, -653, 73, 690, -400, -290, -117, -156, 678, 165, -346, -370, 
-727, -649, 78, 688, -402, -285, -117, -136, 727, 170, -346, -370, 
-727, -649, 78, 688, -402, -285, -117, -122, 741, 175, -341, -370, 
-722, -649, 73, 685, -397, -287, -126, -131, 702, 175, -341, -366, 
-722, -649, 73, 685, -397, -287, -126, -136, 688, 185, -341, -366, 
-722, -644, 78, 683, -400, -283, -126, -141, 673, 190, -336, -366, 
-722, -644, 78, 683, -400, -283, -126, -151, 649, 190, -326, -366, 
-722, -639, 82, 680, -402, -278, -126, -146, 653, 195, -317, -351, 
-717, -634, 82, 675, -400, -275, -126, -136, 678, 204, -317, -351, 
-717, -634, 82, 675, -400, -275, -122, -122, 697, 204, -317, -346, 
-717, -634, 82, 675, -400, -275, -122, -117, 727, 209, -312, -341, 
-712, -624, 87, 668, -400, -268, -131, -112, 751, 214, -322, -341, 
-712, -624, 87, 668, -400, -268, -126, -112, 756, 219, -317, -341, 
-707, -624, 82, 666, -395, -270, -126, -117, 736, 224, -312, -341, 
-707, -624, 82, 666, -395, -270, -126, -122, 727, 229, -307, -341, 
-707, -614, 92, 661, -400, -261, -117, -122, 722, 239, -297, -336, 
-712, -614, 97, 663, -405, -258, -117, -122, 707, 239, -287, -336, 
-712, -614, 97, 663, -405, -258, -122, -122, 688, 244, -287, -336, 
-707, -614, 92, 661, -400, -261, -122, -107, 697, 248, -287, -336, 
-707, -605, 102, 656, -405, -251, -126, -107, 717, 248, -287, -322, 
-702, -600, 102, 651, -402, -248, -131, -107, 727, 248, -283, -322, 
-702, -600, 102, 651, -402, -248, -131, -102, 771, 258, -283, -322, 
-702, -605, 97, 653, -400, -253, -131, -97, 800, 258, -278, -317, 
-702, -605, 97, 653, -400, -253, -141, -107, 766, 273, -268, -317, 
-702, -605, 97, 653, -400, -253, -141, -102, 751, 273, -268, -317, 
-702, -600, 102, 651, -402, -248, -136, -102, 746, 278, -268, -317, 
-702, -600, 102, 651, -402, -248, -136, -102, 707, 287, -263, -312, 
-697, -614, 82, 656, -390, -265, -136, -92, 722, 292, -268, -312, 
-697, -614, 82, 656, -390, -265, -131, -82, 746, 292, -268, -312, 
-697, -610, 87, 653, -392, -261, -126, -73, 771, 297, -268, -312, 
-692, -610, 82, 651, -387, -263, -122, -73, 795, 307, -263, -307, 
-692, -610, 82, 651, -387, -263, -126, -63, 814, 312, -268, -317, 
-688, -610, 78, 649, -383, -265, -126, -58, 839, 322, -263, -312, 
-688, -610, 78, 649, -383, -265, -131, -58, 824, 322, -263, -312, 
-688, -614, 73, 651, -380, -270, -131, -58, 834, 331, -258, -307, 
-688, -614, 73, 651, -380, -270, -141, -43, 844, 351, -253, -307, 
-683, -614, 68, 649, -375, -273, -141, -43, 819, 361, -248, -297, 
-683, -619, 63, 651, -373, -278, -136, -43, 819, 361, -244, -297, 
-678, -619, 58, 649, -368, -280, -136, -29, 834, 375, -244, -297, 
-673, -619, 53, 646, -363, -283, -136, -19, 868, 380, -234, -283, 
-668, -614, 53, 641, -361, -280, -136, -9, 888, 380, -229, -283, 
-658, -610, 48, 634, -353, -280, -136, 4, 922, 395, -229, -278, 
-653, -610, 43, 631, -348, -283, -136, 14, 956, 400, -219, -278, 
-649, -610, 39, 629, -344, -285, -151, 9, 932, 409, -214, -273, 
-649, -610, 39, 629, -344, -285, -151, 14, 922, 419, -209, -273, 
-639, -605, 34, 622, -336, -285, -156, 14, 907, 424, -204, -263, 
-639, -605, 34, 622, -336, -285, -165, 9, 883, 434, -200, -258, 
-644, -605, 39, 624, -341, -283, -161, 24, 902, 444, -190, -258, 
-634, -605, 29, 619, -331, -287, -161, 39, 936, 458, -185, -258, 
-634, -605, 29, 619, -331, -287, -161, 48, 956, 468, -185, -258, 
-634, -605, 29, 619, -331, -287, -161, 53, 976, 473, -175, -248, 
-619, -595, 24, 607, -322, -285, -161, 63, 1000, 492, -165, -239, 
-619, -595, 24, 607, -322, -285, -161, 73, 1015, 497, -165, -239, 
-619, -595, 24, 607, -322, -285, -165, 73, 1010, 502, -165, -234, 
-614, -595, 19, 605, -317, -287, -165, 78, 1010, 502, -161, -229, 
-610, -600, 9, 605, -309, -295, -175, 87, 1010, 517, -151, -219, 
-610, -600, 9, 605, -309, -295, -180, 87, 995, 517, -146, -219, 
-605, -600, 4, 602, -305, -297, -180, 87, 985, 517, -146, -219, 
-595, -605, -9, 600, -292, -307, -180, 87, 995, 522, -151, -219, 
-595, -600, -4, 597, -295, -302, -175, 97, 1019, 536, -141, -209, 
-590, -600, -9, 595, -290, -305, -175, 107, 1034, 536, -146, -209, 
-590, -605, -14, 597, -287, -309, -170, 122, 1063, 541, -146, -209, 
-590, -605, -14, 597, -287, -309, -170, 131, 1098, 541, -151, -209, 
-580, -600, -19, 590, -280, -309, -170, 126, 1068, 551, -146, -200, 
-580, -600, -19, 590, -280, -309, -175, 126, 1049, 546, -151, -200, 
-580, -600, -19, 590, -280, -309, -175, 126, 1034, 546, -146, -200, 
-580, -605, -24, 592, -278, -314, -180, 117, 1000, 536, -146, -200, 
-575, -595, -19, 585, -278, -307, -170, 126, 1015, 546, -146, -190, 
-575, -590, -14, 583, -280, -302, -170, 136, 1034, 541, -146, -190, 
-575, -590, -14, 583, -280, -302, -170, 146, 1054, 541, -146, -190, 
-580, -590, -9, 585, -285, -300, -170, 156, 1078, 536, -151, -190, 
-575, -580, -4, 578, -285, -292, -170, 156, 1078, 541, -156, -190, 
-575, -580, -4, 578, -285, -292, -170, 156, 1073, 536, -161, -190, 
-570, -580, -9, 575, -280, -295, -175, 146, 1058, 527, -165, -195, 
-566, -575, -9, 570, -278, -292, -175, 131, 1049, 517, -165, -204, 
-566, -575, -9, 570, -278, -292, -180, 126, 1034, 502, -180, -214, 
-570, -575, -4, 573, -283, -290, -185, 112, 990, 488, -180, -214, 
-570, -575, -4, 573, -283, -290, -190, 107, 971, 478, -185, -219, 
-575, -575, 0, 575, -287, -287, -195, 102, 956, 473, -190, -219, 
-580, -575, 4, 578, -292, -285, -185, 82, 951, 453, -200, -224, 
-590, -575, 14, 583, -302, -280, -185, 63, 946, 444, -209, -224, 
-595, -575, 19, 585, -307, -278, -180, 43, 961, 429, -219, -224, 
-605, -580, 24, 592, -314, -278, -180, 34, 966, 419, -229, -234, 
-614, -575, 39, 595, -326, -268, -175, 9, 902, 400, -234, -244, 
-619, -575, 43, 597, -331, -265, -175, -4, 863, 390, -239, -248, 
-634, -570, 63, 602, -348, -253, -175, -19, 829, 380, -239, -253, 
-639, -570, 68, 605, -353, -251, -175, -48, 775, 366, -248, -253, 
-653, -580, 73, 617, -363, -253, -165, -58, 756, 351, -263, -268, 
-653, -585, 68, 619, -361, -258, -165, -63, 761, 331, -268, -273, 
-658, -585, 73, 622, -366, -256, -165, -78, 761, 322, -273, -273, 
-658, -585, 73, 622, -366, -256, -165, -97, 756, 312, -273, -278, 
-673, -595, 78, 634, -375, -258, -156, -112, 746, 297, -287, -283, 
-678, -595, 82, 636, -380, -256, -156, -122, 736, 283, -297, -287, 
-683, -595, 87, 639, -385, -253, -151, -136, 707, 273, -297, -287, 
-688, -590, 97, 639, -392, -246, -151, -146, 678, 258, -297, -287, 
-707, -600, 107, 653, -407, -246, -146, -156, 653, 229, -312, -302, 
-712, -600, 112, 656, -412, -244, -146, -180, 614, 219, -312, -307, 
-712, -600, 112, 656, -412, -244, -146, -204, 570, 214, -312, -307, 
-717, -600, 117, 658, -417, -241, -146, -219, 556, 204, -312, -312, 
-732, -605, 126, 668, -429, -239, -131, -214, 575, 185, -326, -322, 
-736, -605, 131, 671, -434, -236, -131, -229, 570, 185, -331, -326, 
-741, -610, 131, 675, -436, -239, -126, -229, 590, 185, -341, -326, 
-746, -610, 136, 678, -441, -236, -126, -219, 614, 180, -346, -326, 
-756, -619, 136, 688, -446, -241, -117, -244, 575, 161, -351, -346, 
-761, -619, 141, 690, -451, -239, -117, -244, 541, 151, -351, -346, 
-766, -624, 141, 695, -453, -241, -117, -248, 517, 146, -351, -351, 
-766, -624, 141, 695, -453, -241, -117, -258, 468, 136, -356, -351, 
-761, -639, 122, 700, -441, -258, -107, -258, 478, 136, -366, -351, 
-761, -639, 122, 700, -441, -258, -107, -253, 492, 131, -366, -351, 
-761, -639, 122, 700, -441, -258, -107, -253, 507, 126, -366, -356, 
-766, -639, 126, 702, -446, -256, -107, -253, 522, 122, -370, -356, 
-766, -639, 126, 702, -446, -256, -107, -244, 522, 107, -385, -366, 
-771, -644, 126, 707, -448, -258, -107, -234, 531, 107, -385, -366, 
-771, -649, 122, 710, -446, -263, -112, -244, 517, 102, -385, -366, 
-771, -649, 122, 710, -446, -263, -112, -248, 512, 97, -390, -370, 
-761, -653, 107, 707, -434, -273, -112, -239, 502, 107, -390, -375, 
-761, -658, 102, 710, -431, -278, -112, -244, 473, 107, -395, -375, 
-766, -658, 107, 712, -436, -275, -112, -253, 458, 102, -395, -375, 
-766, -658, 107, 712, -436, -275, -112, -253, 453, 102, -395, -375, 
-756, -668, 87, 712, -422, -290, -122, -248, 478, 102, -385, -375, 
-756, -668, 87, 712, -422, -290, -122, -253, 492, 97, -385, -380, 
-756, -673, 82, 714, -419, -295, -117, -239, 527, 97, -385, -380, 
-761, -673, 87, 717, -424, -292, -112, -229, 566, 97, -385, -380, 
-761, -688, 73, 724, -417, -307, -122, -239, 517, 97, -390, -370, 
-761, -688, 73, 724, -417, -307, -126, -239, 488, 92, -390, -370, 
-761, -688, 73, 724, -417, -307, -126, -239, 468, 92, -390, -375, 
-761, -688, 73, 724, -417, -307, -122, -244, 424, 92, -395, -375, 
-756, -697, 58, 727, -407, -319, -131, -239, 429, 97, -395, -375, 
-756, -702, 53, 729, -405, -324, -126, -239, 458, 97, -395, -375, 
-756, -702, 53, 729, -405, -324, -126, -239, 483, 97, -400, -380, 
-756, -702, 53, 729, -405, -324, -126, -239, 507, 87, -400, -380, 
-756, -702, 53, 729, -405, -324, -126, -239, 507, 87, -400, -380, 
-756, -702, 53, 729, -405, -324, -131, -239, 517, 87, -400, -380, 
-756, -702, 53, 729, -405, -324, -136, -239, 507, 87, -405, -385, 
-756, -697, 58, 727, -407, -319, -141, -239, 488, 87, -405, -385, 
-746, -707, 39, 727, -392, -334, -141, -239, 478, 87, -400, -385, 
-746, -712, 34, 729, -390, -339, -141, -239, 458, 87, -400, -385, 
-746, -717, 29, 732, -387, -344, -141, -239, 448, 82, -405, -380, 
-746, -717, 29, 732, -387, -344, -141, -239, 448, 82, -405, -380, 
-746, -702, 43, 724, -395, -329, -151, -234, 473, 92, -390, -380, 
-751, -702, 48, 727, -400, -326, -151, -229, 483, 97, -385, -375, 
-751, -702, 48, 727, -400, -326, -151, -219, 512, 97, -385, -375, 
-751, -702, 48, 727, -400, -326, -151, -209, 546, 97, -385, -375, 
-741, -692, 48, 717, -395, -322, -156, -219, 507, 97, -385, -366, 
-741, -692, 48, 717, -395, -322, -165, -214, 497, 97, -385, -366, 
-741, -688, 53, 714, -397, -317, -170, -214, 483, 97, -385, -366, 
-741, -688, 53, 714, -397, -317, -175, -224, 453, 97, -385, -366, 
-741, -678, 63, 710, -402, -307, -175, -219, 453, 107, -375, -366, 
-741, -678, 63, 710, -402, -307, -175, -219, 483, 107, -375, -361, 
-741, -678, 63, 710, -402, -307, -175, -219, 497, 107, -375, -356, 
-741, -678, 63, 710, -402, -307, -175, -219, 512, 107, -375, -346, 
-736, -683, 53, 710, -395, -314, -165, -224, 517, 107, -375, -356, 
-736, -683, 53, 710, -395, -314, -170, -229, 517, 112, -375, -356, 
-736, -678, 58, 707, -397, -309, -170, -234, 512, 112, -375, -356, 
-736, -678, 58, 707, -397, -309, -170, -239, 502, 112, -370, -356, 
-746, -668, 78, 707, -412, -295, -156, -244, 492, 112, -370, -346, 
-746, -668, 78, 707, -412, -295, -151, -248, 478, 107, -370, -346, 
-746, -668, 78, 707, -412, -295, -146, -258, 453, 107, -370, -346, 
-746, -668, 78, 707, -412, -295, -131, -263, 463, 112, -370, -346, 
-746, -663, 82, 705, -414, -290, -131, -244, 527, 112, -370, -346, 
-746, -663, 82, 705, -414, -290, -131, -248, 522, 112, -370, -346, 
-741, -663, 78, 702, -409, -292, -126, -234, 546, 117, -370, -341, 
-741, -663, 78, 702, -409, -292, -136, -244, 522, 107, -370, -341, 
-741, -663, 78, 702, -409, -292, -136, -244, 507, 107, -370, -341, 
-741, -663, 78, 702, -409, -292, -136, -244, 492, 107, -370, -341, 
-741, -663, 78, 702, -409, -292, -136, -244, 478, 107, -370, -341, 
-741, -663, 78, 702, -409, -292, -136, -253, 468, 107, -370, -341, 
-741, -663, 78, 702, -409, -292, -136, -253, 483, 107, -370, -341, 
-741, -663, 78, 702, -409, -292, -136, -253, 507, 107, -370, -341, 
-741, -663, 78, 702, -409, -292, -136, -253, 497, 107, -375, -341, 
-751, -653, 97, 702, -424, -278, -126, -253, 492, 112, -366, -331, 
-751, -658, 92, 705, -422, -283, -122, -253, 512, 112, -366, -336, 
-751, -663, 87, 707, -419, -287, -122, -253, 507, 112, -366, -341, 
-756, -663, 92, 710, -424, -285, -122, -253, 512, 112, -366, -341, 
-761, -658, 102, 710, -431, -278, -112, -253, 483, 102, -356, -346, 
-766, -658, 107, 712, -436, -275, -112, -258, 468, 102, -356, -346, 
-771, -653, 117, 712, -444, -268, -112, -258, 458, 102, -356, -346, 
-775, -653, 122, 714, -448, -265, -112, -258, 453, 102, -356, -346, 
-775, -663, 112, 719, -444, -275, -102, -244, 492, 107, -370, -346, 
-775, -663, 112, 719, -444, -275, -102, -239, 502, 107, -370, -351, 
-775, -663, 112, 719, -444, -275, -102, -239, 502, 107, -370, -351, 
-775, -663, 112, 719, -444, -275, -102, -239, 531, 107, -370, -346, 
-775, -663, 112, 719, -444, -275, -102, -248, 517, 107, -361, -346, 
-775, -663, 112, 719, -444, -275, -102, -248, 492, 107, -361, -346, 
-775, -663, 112, 719, -444, -275, -102, -248, 473, 107, -361, -346, 
-775, -663, 112, 719, -444, -275, -102, -253, 468, 107, -361, -346, 
-785, -663, 122, 724, -453, -270, -92, -258, 473, 107, -361, -336, 
-785, -663, 122, 724, -453, -270, -92, -244, 488, 107, -361, -336, 
-780, -663, 117, 722, -448, -273, -97, -239, 497, 107, -361, -336, 
-780, -668, 112, 724, -446, -278, -102, -239, 502, 107, -361, -336, 
-780, -668, 112, 724, -446, -278, -97, -224, 512, 107, -361, -341, 
-785, -668, 117, 727, -451, -275, -97, -224, 522, 107, -361, -341, 
-785, -668, 117, 727, -451, -275, -97, -224, 527, 107, -361, -341, 
-790, -668, 122, 729, -456, -273, -97, -229, 497, 107, -366, -346, 
-790, -668, 122, 729, -456, -273, -107, -244, 497, 107, -375, -346, 
-790, -668, 122, 729, -456, -273, -107, -253, 478, 102, -375, -346, 
-785, -668, 117, 727, -451, -275, -107, -253, 463, 102, -375, -346, 
-785, -668, 117, 727, -451, -275, -107, -253, 453, 102, -375, -346, 
-780, -668, 112, 724, -446, -278, -117, -248, 497, 107, -375, -346, 
-780, -663, 117, 722, -448, -273, -117, -244, 507, 107, -370, -346, 
-780, -658, 122, 719, -451, -268, -117, -234, 517, 107, -370, -346, 
-780, -658, 122, 719, -451, -268, -117, -224, 531, 107, -370, -346, 
-771, -658, 112, 714, -441, -273, -122, -229, 522, 107, -370, -346, 
-771, -653, 117, 712, -444, -268, -126, -234, 502, 107, -370, -346, 
-775, -653, 122, 714, -448, -265, -126, -244, 478, 107, -370, -341, 
-775, -653, 122, 714, -448, -265, -131, -253, 468, 107, -370, -341, 
-771, -649, 122, 710, -446, -263, -141, -258, 473, 107, -370, -351, 
-771, -649, 122, 710, -446, -263, -141, -244, 473, 107, -370, -351, 
-771, -649, 122, 710, -446, -263, -141, -244, 488, 107, -370, -351, 
-771, -653, 117, 712, -444, -268, -141, -244, 497, 102, -375, -356, 
-761, -663, 97, 712, -429, -283, -151, -253, 507, 97, -366, -346, 
-761, -663, 97, 712, -429, -283, -151, -244, 507, 97, -366, -346, 
-761, -663, 97, 712, -429, -283, -151, -244, 507, 97, -366, -346, 
-761, -668, 92, 714, -427, -287, -151, -244, 497, 97, -366, -341, 
-761, -668, 92, 714, -427, -287, -161, -253, 468, 97, -366, -341, 
-761, -668, 92, 714, -427, -287, -156, -253, 463, 97, -366, -346, 
-761, -663, 97, 712, -429, -283, -156, -263, 444, 97, -366, -346, 
-761, -663, 97, 712, -429, -283, -161, -263, 458, 102, -361, -346, 
-771, -653, 117, 712, -444, -268, -151, -258, 497, 112, -370, -346, 
-771, -653, 117, 712, -444, -268, -151, -253, 512, 112, -370, -346, 
-766, -653, 112, 710, -439, -270, -151, -244, 517, 107, -370, -346, 
-766, -649, 117, 707, -441, -265, -151, -239, 531, 107, -370, -346, 
-766, -658, 107, 712, -436, -275, -156, -253, 512, 102, -380, -346, 
-766, -658, 107, 712, -436, -275, -161, -258, 492, 102, -380, -346, 
-766, -658, 107, 712, -436, -275, -165, -263, 483, 97, -380, -346, 
-766, -658, 107, 712, -436, -275, -170, -273, 453, 92, -380, -341, 
-766, -658, 107, 712, -436, -275, -161, -278, 453, 82, -375, -341, 
-766, -658, 107, 712, -436, -275, -156, -278, 458, 82, -375, -341, 
-766, -658, 107, 712, -436, -275, -156, -283, 468, 82, -375, -341, 
-766, -658, 107, 712, -436, -275, -156, -287, 473, 82, -375, -341, 
-766, -658, 107, 712, -436, -275, -146, -278, 502, 92, -375, -341, 
-766, -653, 112, 710, -439, -270, -146, -278, 512, 92, -375, -341, 
-766, -653, 112, 710, -439, -270, -151, -278, 502, 92, -375, -341, 
-766, -653, 112, 710, -439, -270, -151, -278, 497, 92, -375, -341, 
-766, -653, 112, 710, -439, -270, -151, -278, 478, 92, -375, -341, 
-766, -653, 112, 710, -439, -270, -151, -283, 448, 92, -375, -341, 
-766, -653, 112, 710, -439, -270, -151, -283, 444, 92, -375, -341, 
-766, -653, 112, 710, -439, -270, -151, -283, 444, 92, -375, -341, 
-766, -663, 102, 714, -434, -280, -151, -268, 468, 102, -375, -351, 
-766, -663, 102, 714, -434, -280, -146, -258, 488, 102, -375, -351, 
-766, -663, 102, 714, -434, -280, -136, -244, 522, 102, -375, -351, 
-766, -668, 97, 717, -431, -285, -131, -239, 546, 107, -375, -351, 
-766, -668, 97, 717, -431, -285, -122, -229, 536, 97, -375, -341, 
-756, -678, 78, 717, -417, -300, -131, -258, 463, 97, -375, -341, 
-756, -678, 78, 717, -417, -300, -136, -268, 444, 97, -375, -341, 
-766, -678, 87, 722, -427, -295, -136, -273, 448, 92, -375, -341, 
-766, -678, 87, 722, -427, -295, -136, -307, 405, 68, -390, -346, 
-775, -673, 102, 724, -439, -285, -136, -317, 405, 58, -400, -361, 
-771, -653, 117, 712, -444, -268, -136, -302, 448, 43, -409, -366, 
-785, -634, 151, 710, -468, -241, -136, -317, 439, 24, -424, -370, 
-805, -605, 200, 705, -502, -202, -136, -341, 414, 19, -424, -375, 
-805, -585, 219, 695, -512, -183, -117, -322, 444, 24, -419, -370, 
-805, -585, 219, 695, -512, -183, -107, -287, 468, 43, -400, -361, 
-805, -575, 229, 690, -517, -173, -102, -268, 448, 68, -375, -351, 
-805, -556, 248, 680, -527, -153, -102, -268, 458, 112, -336, -322, 
-790, -527, 263, 658, -527, -131, -112, -268, 473, 175, -273, -278, 
-761, -497, 263, 629, -512, -117, -146, -283, 483, 283, -175, -195, 
-741, -453, 287, 597, -514, -82, -175, -297, 531, 424, -58, -107, 
-722, -385, 336, 553, -529, -24, -204, -346, 575, 566, 82, 4, 
-697, -302, 395, 500, -546, 46, -263, -483, 522, 732, 263, 136, 
-663, -214, 448, 439, -556, 117, -356, -629, 483, 946, 492, 317, 
-585, -97, 488, 341, -536, 195, -468, -746, 512, 1224, 775, 527, 
-497, -4, 492, 251, -495, 244, -585, -854, 512, 1498, 1063, 746, 
-419, 39, 458, 190, -439, 248, -707, -995, 439, 1751, 1317, 941, 
-346, 43, 390, 151, -368, 217, -785, -1098, 473, 2015, 1542, 1112, 
-268, 24, 292, 122, -280, 158, -868, -1132, 600, 2313, 1756, 1268, 
-204, -14, 190, 109, -197, 87, -971, -1185, 673, 2552, 1927, 1405, 
-165, -78, 87, 122, -126, 4, -1034, -1224, 732, 2669, 1986, 1459, 
-156, -195, -39, 175, -58, -117, -1024, -1215, 800, 2620, 1888, 1420, 
-170, -341, -170, 256, 0, -256, -995, -1185, 800, 2444, 1668, 1298, 
-219, -478, -258, 348, 19, -368, -946, -1166, 727, 2176, 1400, 1117, 
-283, -619, -336, 451, 26, -478, -854, -1112, 605, 1756, 1015, 878, 
-366, -771, -405, 568, 19, -588, -746, -1063, 390, 1185, 551, 580, 
-414, -893, -478, 653, 31, -685, -673, -1029, 131, 658, 151, 322, 
-463, -941, -478, 702, 7, -710, -629, -1015, -58, 224, -146, 117, 
-512, -956, -444, 734, -34, -700, -590, -1000, -180, -146, -375, -34, 
-541, -946, -405, 744, -68, -675, -551, -951, -244, -317, -468, -107, 
-556, -912, -356, 734, -100, -634, -502, -854, -156, -287, -439, -112, 
-556, -873, -317, 714, -119, -595, -448, -727, 4, -204, -390, -107, 
-556, -849, -292, 702, -131, -570, -405, -639, 146, -126, -361, -117, 
-556, -814, -258, 685, -148, -536, -361, -531, 278, -14, -351, -146, 
-566, -771, -204, 668, -180, -488, -336, -434, 414, 82, -322, -156, 
-590, -707, -117, 649, -236, -412, -317, -400, 463, 126, -283, -141, 
-624, -668, -43, 646, -290, -356, -297, -390, 448, 156, -263, -151, 
-668, -649, 19, 658, -344, -314, -263, -351, 473, 165, -283, -190, 
-683, -639, 43, 661, -363, -297, -244, -317, 483, 170, -287, -209, 
-692, -639, 53, 666, -373, -292, -234, -326, 458, 161, -287, -219, 
-702, -653, 48, 678, -375, -302, -195, -297, 497, 185, -283, -239, 
-722, -673, 48, 697, -385, -312, -151, -229, 580, 200, -302, -268, 
-722, -692, 29, 707, -375, -331, -136, -190, 610, 190, -312, -278, 
-722, -692, 29, 707, -375, -331, -126, -180, 614, 170, -326, -278, 
-722, -692, 29, 707, -375, -331, -122, -161, 644, 165, -336, -297, 
-732, -688, 43, 710, -387, -322, -136, -170, 610, 151, -346, -292, 
-732, -688, 43, 710, -387, -322, -141, -170, 600, 146, -361, -307, 
-736, -688, 48, 712, -392, -319, -141, -175, 590, 131, -370, -307, 
-736, -692, 43, 714, -390, -324, -146, -195, 551, 122, -375, -317, 
-751, -683, 68, 717, -409, -307, -146, -204, 551, 126, -366, -317, 
-751, -683, 68, 717, -409, -307, -151, -204, 551, 126, -370, -317, 
-756, -683, 73, 719, -414, -305, -156, -200, 556, 131, -370, -322, 
-761, -683, 78, 722, -419, -302, -156, -195, 570, 136, -370, -322, 
-761, -668, 92, 714, -427, -287, -141, -185, 600, 136, -380, -331, 
-761, -668, 92, 714, -427, -287, -141, -175, 624, 131, -380, -331, 
-761, -668, 92, 714, -427, -287, -141, -175, 605, 126, -380, -331, 
-761, -663, 97, 712, -429, -283, -141, -180, 595, 122, -380, -336, 
-761, -653, 107, 707, -434, -273, -141, -190, 570, 117, -385, -346, 
-766, -653, 112, 710, -439, -270, -151, -209, 536, 112, -390, -346, 
-766, -653, 112, 710, -439, -270, -151, -224, 507, 107, -390, -346, 
-766, -653, 112, 710, -439, -270, -151, -234, 497, 107, -390, -356, 
-775, -668, 107, 722, -441, -280, -131, -219, 517, 117, -380, -346, 
-780, -668, 112, 724, -446, -278, -122, -209, 541, 117, -385, -346, 
-780, -668, 112, 724, -446, -278, -117, -190, 590, 117, -385, -346, 
-780, -668, 112, 724, -446, -278, -112, -165, 629, 117, -385, -346, 
-780, -673, 107, 727, -444, -283, -117, -170, 619, 117, -385, -346, 
-780, -673, 107, 727, -444, -283, -117, -175, 595, 117, -380, -346, 
-780, -673, 107, 727, -444, -283, -122, -170, 580, 122, -380, -346, 
-785, -673, 112, 729, -448, -280, -122, -195, 546, 122, -380, -341, 
-785, -683, 102, 734, -444, -290, -112, -204, 531, 122, -390, -351, 
-780, -678, 102, 729, -441, -287, -112, -204, 546, 131, -390, -351, 
-780, -673, 107, 727, -444, -283, -112, -204, 556, 136, -380, -346, 
-780, -673, 107, 727, -444, -283, -112, -204, 561, 136, -380, -346, 
-780, -683, 97, 732, -439, -292, -102, -195, 595, 131, -390, -346, 
-775, -683, 92, 729, -434, -295, -102, -180, 614, 131, -390, -346, 
-775, -683, 92, 729, -434, -295, -102, -175, 614, 131, -390, -346, 
-775, -678, 97, 727, -436, -290, -107, -170, 610, 131, -385, -346, 
-766, -688, 78, 727, -422, -305, -112, -175, 585, 131, -385, -356, 
-766, -688, 78, 727, -422, -305, -117, -185, 551, 131, -385, -351, 
-761, -688, 73, 724, -417, -307, -117, -195, 536, 131, -385, -351, 
-761, -688, 73, 724, -417, -307, -112, -200, 527, 131, -385, -351, 
-751, -688, 63, 719, -407, -312, -102, -190, 546, 126, -395, -356, 
-751, -688, 63, 719, -407, -312, -107, -200, 561, 122, -395, -361, 
-751, -688, 63, 719, -407, -312, -107, -190, 590, 122, -395, -361, 
-756, -692, 63, 724, -409, -314, -107, -185, 624, 117, -395, -361, 
-761, -702, 58, 732, -409, -322, -102, -195, 610, 117, -405, -366, 
-766, -702, 63, 734, -414, -319, -102, -195, 600, 112, -405, -366, 
-766, -702, 63, 734, -414, -319, -102, -200, 585, 112, -405, -366, 
-771, -702, 68, 736, -419, -317, -102, -209, 551, 112, -400, -366, 
-771, -692, 78, 732, -424, -307, -92, -204, 541, 117, -390, -366, 
-771, -692, 78, 732, -424, -307, -92, -200, 570, 126, -390, -366, 
-771, -692, 78, 732, -424, -307, -92, -195, 580, 136, -390, -366, 
-771, -692, 78, 732, -424, -307, -92, -190, 590, 141, -390, -366, 
-771, -688, 82, 729, -427, -302, -82, -175, 624, 151, -385, -356, 
-771, -688, 82, 729, -427, -302, -87, -161, 649, 151, -385, -356, 
-771, -688, 82, 729, -427, -302, -87, -156, 653, 156, -385, -351, 
-771, -688, 82, 729, -427, -302, -87, -151, 653, 161, -385, -351, 
-761, -678, 82, 719, -422, -297, -87, -156, 644, 161, -375, -341, 
-761, -683, 78, 722, -419, -302, -87, -156, 614, 161, -370, -336, 
-761, -683, 78, 722, -419, -302, -87, -156, 585, 161, -366, -336, 
-756, -683, 73, 719, -414, -305, -87, -156, 595, 165, -366, -336, 
-746, -683, 63, 714, -405, -309, -87, -146, 624, 180, -356, -336, 
-746, -683, 63, 714, -405, -309, -87, -136, 649, 185, -356, -331, 
-746, -678, 68, 712, -407, -305, -87, -112, 712, 195, -356, -331, 
-746, -678, 68, 712, -407, -305, -87, -92, 741, 204, -351, -331, 
-732, -668, 63, 700, -397, -302, -97, -87, 707, 204, -351, -317, 
-732, -668, 63, 700, -397, -302, -97, -87, 697, 214, -351, -317, 
-732, -663, 68, 697, -400, -297, -97, -87, 688, 219, -346, -317, 
-732, -663, 68, 697, -400, -297, -97, -92, 668, 219, -336, -317, 
-722, -649, 73, 685, -397, -287, -107, -87, 678, 229, -326, -312, 
-717, -644, 73, 680, -395, -285, -107, -78, 697, 244, -326, -312, 
-717, -644, 73, 680, -395, -285, -102, -63, 712, 248, -326, -307, 
-717, -644, 73, 680, -395, -285, -102, -58, 736, 258, -322, -302, 
-712, -634, 78, 673, -395, -278, -107, -29, 780, 263, -312, -292, 
-712, -634, 78, 673, -395, -278, -107, -24, 795, 268, -307, -292, 
-707, -634, 73, 671, -390, -280, -112, -24, 785, 273, -302, -292, 
-707, -634, 73, 671, -390, -280, -117, -24, 785, 278, -297, -292, 
-697, -624, 73, 661, -385, -275, -136, -29, 771, 278, -297, -287, 
-702, -624, 78, 663, -390, -273, -146, -34, 746, 278, -287, -287, 
-702, -624, 78, 663, -390, -273, -161, -39, 717, 283, -287, -287, 
-697, -624, 73, 661, -385, -275, -170, -29, 717, 287, -287, -287, 
-707, -614, 92, 661, -400, -261, -175, -29, 746, 307, -278, -283, 
-702, -610, 92, 656, -397, -258, -180, -29, 766, 307, -273, -283, 
-702, -610, 92, 656, -397, -258, -180, -24, 819, 317, -273, -283, 
-702, -614, 87, 658, -395, -263, -180, -19, 858, 317, -268, -278, 
-712, -614, 97, 663, -405, -258, -170, -29, 834, 322, -268, -278, 
-712, -614, 97, 663, -405, -258, -170, -24, 819, 322, -268, -278, 
-712, -610, 102, 661, -407, -253, -165, -24, 814, 326, -268, -278, 
-712, -610, 102, 661, -407, -253, -165, -24, 775, 336, -263, -273, 
-707, -605, 102, 656, -405, -251, -165, -24, 790, 341, -258, -263, 
-707, -605, 102, 656, -405, -251, -161, -14, 805, 341, -258, -263, 
-707, -600, 107, 653, -407, -246, -156, -4, 819, 346, -258, -263, 
-702, -600, 102, 651, -402, -248, -151, -4, 834, 356, -253, -258, 
-702, -605, 97, 653, -400, -253, -146, 14, 878, 366, -239, -258, 
-697, -600, 97, 649, -397, -251, -146, 19, 907, 380, -234, -253, 
-697, -595, 102, 646, -400, -246, -151, 19, 897, 385, -234, -253, 
-697, -595, 102, 646, -400, -246, -151, 19, 912, 400, -229, -248, 
-697, -605, 92, 651, -395, -256, -151, 24, 907, 400, -224, -248, 
-692, -605, 87, 649, -390, -258, -151, 24, 868, 409, -219, -239, 
-692, -610, 82, 651, -387, -263, -146, 24, 854, 409, -214, -239, 
-688, -610, 78, 649, -383, -265, -146, 39, 854, 424, -214, -239, 
-688, -600, 87, 644, -387, -256, -146, 53, 897, 439, -214, -234, 
-688, -595, 92, 641, -390, -251, -146, 58, 927, 439, -209, -234, 
-683, -590, 92, 636, -387, -248, -146, 68, 971, 453, -209, -229, 
-683, -590, 92, 636, -387, -248, -146, 73, 1015, 458, -200, -229, 
-678, -590, 87, 634, -383, -251, -141, 73, 1000, 468, -195, -214, 
-678, -590, 87, 634, -383, -251, -141, 82, 990, 478, -190, -214, 
-668, -585, 82, 627, -375, -251, -146, 87, 976, 483, -185, -204, 
-668, -585, 82, 627, -375, -251, -156, 87, 951, 492, -180, -200, 
-673, -585, 87, 629, -380, -248, -156, 78, 961, 488, -180, -209, 
-663, -585, 78, 624, -370, -253, -151, 87, 976, 497, -175, -209, 
-663, -585, 78, 624, -370, -253, -146, 92, 976, 502, -175, -209, 
-663, -585, 78, 624, -370, -253, -141, 92, 976, 502, -165, -200, 
-658, -595, 63, 627, -361, -265, -141, 112, 1019, 512, -165, -200, 
-658, -595, 63, 627, -361, -265, -141, 122, 1044, 517, -165, -200, 
-658, -595, 63, 627, -361, -265, -146, 122, 1049, 522, -165, -195, 
-653, -595, 58, 624, -356, -268, -146, 126, 1058, 522, -161, -190, 
-639, -590, 48, 614, -344, -270, -156, 131, 1024, 527, -170, -190, 
-639, -590, 48, 614, -344, -270, -161, 126, 985, 527, -165, -190, 
-634, -590, 43, 612, -339, -273, -161, 122, 951, 527, -165, -190, 
-624, -595, 29, 610, -326, -283, -161, 117, 936, 531, -170, -190, 
-624, -600, 24, 612, -324, -287, -165, 117, 961, 527, -170, -200, 
-619, -600, 19, 610, -319, -290, -165, 117, 976, 517, -175, -200, 
-619, -605, 14, 612, -317, -295, -161, 122, 1005, 512, -175, -200, 
-619, -605, 14, 612, -317, -295, -161, 122, 1039, 502, -180, -200, 
-619, -619, 0, 619, -309, -309, -161, 112, 1000, 492, -185, -200, 
-619, -619, 0, 619, -309, -309, -165, 107, 980, 488, -200, -200, 
-619, -619, 0, 619, -309, -309, -165, 102, 966, 488, -204, -200, 
-619, -624, -4, 622, -307, -314, -170, 87, 932, 478, -214, -200, 
-624, -624, 0, 624, -312, -312, -161, 68, 927, 468, -209, -204, 
-624, -619, 4, 622, -314, -307, -161, 68, 927, 463, -214, -209, 
-624, -619, 4, 622, -314, -307, -161, 68, 927, 463, -219, -214, 
-629, -619, 9, 624, -319, -305, -161, 68, 932, 458, -229, -219, 
-639, -619, 19, 629, -329, -300, -151, 78, 956, 448, -244, -219, 
-644, -619, 24, 631, -334, -297, -151, 78, 956, 439, -248, -219, 
-644, -619, 24, 631, -334, -297, -156, 68, 946, 424, -253, -224, 
-644, -614, 29, 629, -336, -292, -156, 53, 941, 409, -253, -234, 
-644, -624, 19, 634, -331, -302, -170, 43, 902, 395, -263, -244, 
-649, -624, 24, 636, -336, -300, -175, 24, 844, 380, -268, -244, 
-649, -624, 24, 636, -336, -300, -180, 14, 810, 370, -278, -248, 
-653, -624, 29, 639, -341, -297, -185, 4, 780, 366, -287, -248, 
-663, -614, 48, 639, -356, -283, -200, -19, 795, 366, -292, -253, 
-668, -614, 53, 641, -361, -280, -204, -34, 800, 356, -297, -253, 
-668, -614, 53, 641, -361, -280, -204, -48, 824, 341, -302, -253, 
-673, -619, 53, 646, -363, -283, -209, -53, 839, 331, -307, -263, 
-688, -614, 73, 651, -380, -270, -214, -87, 785, 317, -312, -263, 
-688, -614, 73, 651, -380, -270, -214, -102, 746, 302, -317, -268, 
-697, -610, 87, 653, -392, -261, -214, -117, 712, 287, -317, -273, 
-697, -610, 87, 653, -392, -261, -214, -146, 658, 268, -326, -273, 
-712, -619, 92, 666, -402, -263, -204, -165, 639, 258, -331, -278, 
-712, -624, 87, 668, -400, -268, -204, -170, 634, 244, -336, -283, 
-717, -624, 92, 671, -405, -265, -204, -185, 624, 239, -341, -283, 
-717, -624, 92, 671, -405, -265, -204, -204, 610, 234, -341, -287, 
-712, -634, 78, 673, -395, -278, -204, -204, 634, 224, -336, -292, 
-717, -634, 82, 675, -400, -275, -204, -209, 639, 214, -346, -297, 
-722, -634, 87, 678, -405, -273, -200, -219, 624, 209, -346, -297, 
-727, -629, 97, 678, -412, -265, -200, -224, 610, 200, -346, -297, 
-736, -639, 97, 688, -417, -270, -195, -234, 570, 180, -356, -312, 
-741, -639, 102, 690, -422, -268, -195, -248, 527, 170, -361, -317, 
-741, -639, 102, 690, -422, -268, -195, -263, 478, 165, -366, -317, 
-746, -639, 107, 692, -427, -265, -195, -268, 458, 156, -370, -322, 
-751, -634, 117, 692, -434, -258, -180, -258, 492, 146, -380, -331, 
-756, -634, 122, 695, -439, -256, -180, -268, 502, 146, -380, -336, 
-761, -639, 122, 700, -441, -258, -175, -263, 536, 146, -385, -336, 
-766, -639, 126, 702, -446, -256, -175, -248, 575, 141, -385, -336, 
-766, -639, 126, 702, -446, -256, -165, -258, 536, 136, -390, -341, 
-771, -639, 131, 705, -451, -253, -165, -253, 512, 131, -390, -336, 
-775, -644, 131, 710, -453, -256, -165, -253, 497, 131, -390, -336, 
-775, -644, 131, 710, -453, -256, -165, -258, 458, 126, -395, -331, 
-771, -649, 122, 710, -446, -263, -156, -253, 458, 136, -385, -331, 
-771, -649, 122, 710, -446, -263, -156, -253, 463, 131, -385, -331, 
-771, -649, 122, 710, -446, -263, -156, -258, 468, 126, -385, -336, 
-775, -649, 126, 712, -451, -261, -156, -263, 473, 122, -390, -336, 
-766, -649, 117, 707, -441, -265, -146, -258, 492, 126, -395, -341, 
-771, -653, 117, 712, -444, -268, -146, -244, 512, 126, -395, -336, 
-771, -658, 112, 714, -441, -273, -151, -248, 507, 122, -395, -331, 
-771, -658, 112, 714, -441, -273, -151, -248, 512, 117, -400, -331, 
-771, -663, 107, 717, -439, -278, -141, -258, 488, 117, -400, -346, 
-771, -668, 102, 719, -436, -283, -141, -263, 444, 117, -405, -346, 
-775, -668, 107, 722, -441, -280, -141, -273, 414, 112, -405, -346, 
-775, -668, 107, 722, -441, -280, -141, -273, 395, 112, -405, -346, 
-775, -678, 97, 727, -436, -290, -136, -263, 429, 122, -405, -346, 
-775, -678, 97, 727, -436, -290, -131, -263, 453, 117, -405, -351, 
-775, -683, 92, 729, -434, -295, -122, -244, 497, 117, -405, -351, 
-780, -683, 97, 732, -439, -292, -112, -229, 546, 117, -405, -351, 
-780, -678, 102, 729, -441, -287, -112, -229, 507, 117, -409, -351, 
-780, -678, 102, 729, -441, -287, -117, -229, 488, 112, -409, -351, 
-780, -678, 102, 729, -441, -287, -117, -229, 478, 112, -409, -356, 
-780, -678, 102, 729, -441, -287, -112, -234, 444, 112, -414, -356, 
-775, -678, 97, 727, -436, -290, -112, -239, 444, 117, -414, -356, 
-775, -683, 92, 729, -434, -295, -107, -239, 458, 117, -414, -356, 
-775, -683, 92, 729, -434, -295, -107, -239, 468, 117, -419, -361, 
-775, -683, 92, 729, -434, -295, -107, -239, 478, 107, -419, -361, 
-775, -692, 82, 734, -429, -305, -92, -219, 507, 117, -409, -351, 
-775, -692, 82, 734, -429, -305, -92, -209, 536, 117, -409, -351, 
-775, -692, 82, 734, -429, -305, -92, -200, 546, 117, -414, -356, 
-775, -688, 87, 732, -431, -300, -92, -190, 546, 117, -414, -356, 
-766, -688, 78, 727, -422, -305, -102, -195, 517, 126, -409, -356, 
-766, -692, 73, 729, -419, -309, -102, -200, 478, 126, -409, -356, 
-766, -697, 68, 732, -417, -314, -102, -204, 448, 122, -414, -351, 
-766, -697, 68, 732, -417, -314, -102, -209, 429, 122, -414, -351, 
-756, -683, 73, 719, -414, -305, -107, -200, 463, 122, -400, -351, 
-761, -683, 78, 722, -419, -302, -112, -200, 492, 126, -395, -346, 
-761, -683, 78, 722, -419, -302, -117, -195, 541, 126, -395, -346, 
-761, -683, 78, 722, -419, -302, -122, -190, 595, 126, -395, -346, 
-766, -673, 92, 719, -429, -290, -122, -204, 541, 126, -405, -346, 
-771, -673, 97, 722, -434, -287, -126, -214, 517, 126, -405, -346, 
-775, -668, 107, 722, -441, -280, -126, -229, 488, 126, -405, -346, 
-780, -668, 112, 724, -446, -278, -126, -253, 444, 126, -405, -346, 
-785, -668, 117, 727, -451, -275, -117, -263, 434, 117, -405, -351, 
-790, -668, 122, 729, -456, -273, -117, -268, 453, 117, -405, -351, 
-795, -668, 126, 732, -461, -270, -117, -273, 458, 117, -405, -351, 
-800, -668, 131, 734, -466, -268, -117, -278, 463, 117, -405, -346, 
-805, -673, 131, 739, -468, -270, -117, -273, 492, 117, -395, -356, 
-805, -673, 131, 739, -468, -270, -122, -268, 507, 122, -395, -356, 
-805, -668, 136, 736, -470, -265, -122, -263, 517, 122, -395, -356, 
-805, -668, 136, 736, -470, -265, -122, -258, 522, 122, -390, -356, 
-800, -668, 131, 734, -466, -268, -136, -258, 497, 131, -390, -346, 
-795, -668, 126, 732, -461, -270, -141, -258, 468, 126, -390, -346, 
-790, -668, 122, 729, -456, -273, -146, -263, 429, 126, -390, -346, 
-785, -668, 117, 727, -451, -275, -141, -263, 424, 131, -390, -346, 
-785, -653, 131, 719, -458, -261, -151, -258, 453, 131, -390, -336, 
-785, -653, 131, 719, -458, -261, -151, -258, 483, 131, -390, -336, 
-785, -658, 126, 722, -456, -265, -146, -253, 517, 131, -390, -336, 
-785, -658, 126, 722, -456, -265, -146, -234, 556, 131, -385, -331, 
-780, -658, 122, 719, -451, -268, -161, -234, 536, 131, -385, -331, 
-780, -653, 126, 717, -453, -263, -161, -234, 512, 131, -385, -331, 
-780, -653, 126, 717, -453, -263, -161, -234, 492, 131, -385, -336, 
-780, -653, 126, 717, -453, -263, -161, -239, 468, 131, -385, -336, 
-771, -649, 122, 710, -446, -263, -161, -244, 444, 122, -385, -331, 
-766, -649, 117, 707, -441, -265, -165, -248, 463, 131, -380, -331, 
-766, -649, 117, 707, -441, -265, -165, -248, 473, 136, -380, -322, 
-766, -649, 117, 707, -441, -265, -165, -253, 478, 136, -380, -322, 
-766, -644, 122, 705, -444, -261, -165, -248, 507, 136, -385, -322, 
-766, -644, 122, 705, -444, -261, -161, -244, 541, 136, -380, -322, 
-766, -649, 117, 707, -441, -265, -161, -239, 541, 136, -380, -322, 
-766, -649, 117, 707, -441, -265, -161, -229, 551, 136, -380, -322, 
-766, -639, 126, 702, -446, -256, -170, -239, 536, 131, -380, -322, 
-766, -634, 131, 700, -448, -251, -170, -239, 483, 131, -380, -322, 
-766, -634, 131, 700, -448, -251, -170, -239, 444, 131, -380, -322, 
-766, -634, 131, 700, -448, -251, -170, -234, 429, 131, -380, -322, 
-761, -639, 122, 700, -441, -258, -161, -234, 468, 131, -380, -322, 
-756, -639, 117, 697, -436, -261, -161, -234, 497, 131, -380, -322, 
-756, -634, 122, 695, -439, -256, -161, -229, 536, 136, -380, -322, 
-756, -634, 122, 695, -439, -256, -165, -229, 570, 136, -375, -322, 
-756, -634, 122, 695, -439, -256, -156, -224, 551, 141, -375, -322, 
-756, -634, 122, 695, -439, -256, -161, -224, 531, 141, -375, -322, 
-756, -629, 126, 692, -441, -251, -165, -224, 512, 141, -375, -317, 
-756, -629, 126, 692, -441, -251, -165, -224, 473, 141, -370, -317, 
-756, -634, 122, 695, -439, -256, -156, -239, 468, 141, -370, -317, 
-756, -634, 122, 695, -439, -256, -156, -239, 473, 141, -370, -317, 
-756, -629, 126, 692, -441, -251, -161, -248, 483, 146, -370, -317, 
-756, -629, 126, 692, -441, -251, -161, -248, 488, 146, -370, -312, 
-746, -619, 126, 683, -436, -246, -161, -244, 522, 146, -361, -312, 
-746, -619, 126, 683, -436, -246, -161, -239, 546, 146, -361, -312, 
-756, -619, 136, 688, -446, -241, -161, -234, 556, 146, -361, -307, 
-756, -619, 136, 688, -446, -241, -165, -229, 566, 146, -361, -307, 
-751, -619, 131, 685, -441, -244, -156, -229, 536, 146, -361, -307, 
-751, -619, 131, 685, -441, -244, -156, -239, 488, 141, -361, -307, 
-751, -619, 131, 685, -441, -244, -156, -239, 448, 141, -361, -302, 
-751, -619, 131, 685, -441, -244, -151, -234, 424, 141, -366, -302, 
-756, -619, 136, 688, -446, -241, -141, -234, 463, 141, -375, -312, 
-756, -619, 136, 688, -446, -241, -141, -239, 488, 131, -375, -312, 
-756, -619, 136, 688, -446, -241, -141, -239, 527, 131, -375, -312, 
-756, -624, 131, 690, -444, -246, -141, -239, 561, 131, -380, -312, 
-771, -619, 151, 695, -461, -234, -141, -239, 546, 131, -380, -312, 
-771, -619, 151, 695, -461, -234, -141, -239, 522, 131, -385, -322, 
-771, -619, 151, 695, -461, -234, -141, -239, 502, 126, -385, -322, 
-771, -619, 151, 695, -461, -234, -141, -239, 468, 126, -385, -322, 
-771, -610, 161, 690, -466, -224, -146, -253, 463, 131, -380, -312, 
-771, -610, 161, 690, -466, -224, -151, -253, 468, 131, -380, -312, 
-766, -610, 156, 688, -461, -226, -156, -253, 488, 126, -385, -312, 
-766, -610, 156, 688, -461, -226, -161, -253, 492, 122, -385, -312, 
-766, -614, 151, 690, -458, -231, -170, -258, 502, 112, -385, -317, 
-766, -619, 146, 692, -456, -236, -175, -263, 522, 112, -385, -322, 
-766, -624, 141, 695, -453, -241, -175, -268, 527, 112, -385, -326, 
-766, -629, 136, 697, -451, -246, -180, -273, 517, 112, -390, -336, 
-775, -644, 131, 710, -453, -256, -190, -292, 473, 92, -405, -356, 
-775, -649, 126, 712, -451, -261, -190, -302, 429, 82, -414, -366, 
-780, -653, 126, 717, -453, -263, -190, -312, 385, 73, -424, -370, 
-785, -653, 131, 719, -458, -261, -190, -322, 351, 68, -434, -375, 
-800, -658, 141, 729, -470, -258, -180, -312, 380, 68, -424, -375, 
-800, -658, 141, 729, -470, -258, -180, -322, 414, 68, -429, -370, 
-800, -658, 141, 729, -470, -258, -180, -331, 453, 63, -434, -370, 
-805, -658, 146, 732, -475, -256, -180, -331, 512, 63, -434, -370, 
-805, -653, 151, 729, -478, -251, -190, -322, 488, 73, -424, -366, 
-805, -653, 151, 729, -478, -251, -190, -322, 453, 68, -424, -366, 
-805, -649, 156, 727, -480, -246, -190, -322, 424, 68, -424, -366, 
-805, -649, 156, 727, -480, -246, -190, -322, 400, 73, -424, -366, 
-805, -649, 156, 727, -480, -246, -180, -331, 390, 73, -424, -356, 
-805, -644, 161, 724, -483, -241, -180, -326, 395, 73, -424, -361, 
-805, -644, 161, 724, -483, -241, -180, -326, 409, 73, -424, -361, 
-805, -644, 161, 724, -483, -241, -180, -331, 419, 73, -429, -356, 
-800, -649, 151, 724, -475, -248, -170, -322, 448, 73, -429, -366, 
-800, -649, 151, 724, -475, -248, -165, -317, 478, 73, -429, -361, 
-800, -653, 146, 727, -473, -253, -165, -312, 488, 73, -429, -361, 
-800, -658, 141, 729, -470, -258, -165, -307, 488, 78, -429, -361, 
-800, -663, 136, 732, -468, -263, -175, -317, 444, 68, -439, -370, 
-800, -663, 136, 732, -468, -263, -175, -317, 414, 68, -439, -370, 
-795, -668, 126, 732, -461, -270, -175, -317, 380, 68, -439, -370, 
-795, -673, 122, 734, -458, -275, -175, -317, 370, 68, -434, -370, 
-795, -673, 122, 734, -458, -275, -170, -297, 405, 68, -434, -370, 
-795, -673, 122, 734, -458, -275, -165, -297, 434, 68, -434, -370, 
-795, -678, 117, 736, -456, -280, -161, -292, 473, 73, -429, -370, 
-790, -678, 112, 734, -451, -283, -156, -287, 517, 73, -429, -370, 
-790, -668, 122, 729, -456, -273, -156, -278, 517, 78, -419, -361, 
-790, -668, 122, 729, -456, -273, -156, -273, 483, 78, -424, -361, 
-790, -663, 126, 727, -458, -268, -156, -273, 458, 78, -424, -361, 
-790, -663, 126, 727, -458, -268, -151, -273, 434, 78, -424, -361, 
-790, -658, 131, 724, -461, -263, -151, -283, 424, 82, -414, -351, 
-790, -658, 131, 724, -461, -263, -151, -283, 429, 82, -414, -351, 
-790, -653, 136, 722, -463, -258, -151, -283, 448, 87, -414, -351, 
-790, -653, 136, 722, -463, -258, -151, -283, 458, 92, -414, -351, 
-790, -644, 146, 717, -468, -248, -151, -278, 478, 92, -424, -361, 
-790, -644, 146, 717, -468, -248, -146, -273, 497, 92, -424, -361, 
-790, -644, 146, 717, -468, -248, -146, -268, 512, 92, -424, -361, 
-795, -644, 151, 719, -473, -246, -141, -268, 522, 92, -424, -361, 
-795, -653, 141, 724, -468, -256, -141, -278, 483, 87, -424, -351, 
-795, -653, 141, 724, -468, -256, -146, -278, 448, 87, -424, -351, 
-795, -653, 141, 724, -468, -256, -146, -283, 419, 87, -424, -351, 
-795, -653, 141, 724, -468, -256, -146, -287, 400, 87, -424, -351, 
-795, -653, 141, 724, -468, -256, -136, -283, 434, 92, -424, -351, 
-795, -653, 141, 724, -468, -256, -136, -283, 458, 92, -424, -351, 
-795, -653, 141, 724, -468, -256, -136, -278, 492, 87, -424, -351, 
-795, -658, 136, 727, -466, -261, -136, -268, 531, 87, -429, -356, 
-795, -658, 136, 727, -466, -261, -126, -258, 517, 87, -429, -361, 
-795, -658, 136, 727, -466, -261, -126, -258, 502, 87, -429, -366, 
-795, -658, 136, 727, -466, -261, -126, -258, 468, 82, -429, -370, 
-795, -663, 131, 729, -463, -265, -131, -263, 434, 82, -429, -375, 
-795, -668, 126, 732, -461, -270, -122, -268, 429, 82, -434, -370, 
-795, -673, 122, 734, -458, -275, -122, -268, 434, 82, -439, -370, 
-795, -673, 122, 734, -458, -275, -122, -268, 453, 82, -439, -370, 
-795, -673, 122, 734, -458, -275, -122, -268, 463, 78, -439, -370, 
-795, -683, 112, 739, -453, -285, -117, -268, 478, 87, -424, -361, 
-800, -683, 117, 741, -458, -283, -117, -258, 502, 87, -424, -370, 
-800, -683, 117, 741, -458, -283, -117, -253, 527, 87, -424, -380, 
-800, -683, 117, 741, -458, -283, -117, -253, 512, 87, -424, -380, 
-800, -683, 117, 741, -458, -283, -117, -253, 434, 92, -424, -370, 
-795, -673, 122, 734, -458, -275, -107, -253, 429, 92, -429, -361, 
-800, -673, 126, 736, -463, -273, -117, -268, 400, 87, -429, -361, 
-790, -673, 117, 732, -453, -278, -126, -273, 409, 87, -429, -370, 
-790, -673, 117, 732, -453, -278, -126, -268, 439, 87, -439, -370, 
-790, -673, 117, 732, -453, -278, -126, -263, 468, 87, -439, -370, 
-790, -673, 117, 732, -453, -278, -126, -258, 497, 87, -439, -370, 
-790, -673, 117, 732, -453, -278, -126, -253, 527, 87, -439, -370, 
-780, -673, 107, 727, -444, -283, -126, -253, 507, 97, -429, -361, 
-780, -673, 107, 727, -444, -283, -126, -253, 497, 97, -429, -361, 
-780, -673, 107, 727, -444, -283, -126, -253, 488, 97, -429, -361, 
-780, -673, 107, 727, -444, -283, -126, -253, 478, 97, -429, -361, 
-780, -673, 107, 727, -444, -283, -141, -258, 473, 97, -419, -351, 
-780, -673, 107, 727, -444, -283, -146, -263, 468, 97, -419, -351, 
-780, -673, 107, 727, -444, -283, -151, -268, 463, 97, -419, -351, 
-780, -673, 107, 727, -444, -283, -156, -273, 458, 97, -419, -351, 
-780, -663, 117, 722, -448, -273, -165, -278, 478, 87, -429, -361, 
-780, -663, 117, 722, -448, -273, -165, -283, 488, 87, -429, -361, 
-780, -663, 117, 722, -448, -273, -165, -287, 497, 87, -429, -361, 
-780, -663, 117, 722, -448, -273, -165, -292, 507, 87, -429, -361, 
-780, -673, 107, 727, -444, -283, -175, -307, 473, 73, -434, -370, 
-780, -673, 107, 727, -444, -283, -175, -312, 439, 68, -439, -370, 
-780, -673, 107, 727, -444, -283, -175, -317, 405, 63, -444, -370, 
-780, -673, 107, 727, -444, -283, -175, -322, 370, 58, -448, -370, 
-790, -678, 112, 734, -451, -283, -175, -322, 400, 48, -453, -380, 
-790, -683, 107, 736, -448, -287, -175, -322, 419, 48, -458, -380, 
-790, -688, 102, 739, -446, -292, -175, -322, 439, 48, -463, -380, 
-790, -692, 97, 741, -444, -297, -175, -322, 458, 48, -468, -380, 
-790, -702, 87, 746, -439, -307, -175, -326, 444, 39, -473, -385, 
-790, -702, 87, 746, -439, -307, -175, -331, 429, 39, -478, -390, 
-790, -702, 87, 746, -439, -307, -175, -336, 414, 39, -483, -395, 
-790, -702, 87, 746, -439, -307, -175, -341, 400, 39, -488, -400, 
-790, -692, 97, 741, -444, -297, -185, -351, 395, 39, -478, -400, 
-790, -692, 97, 741, -444, -297, -185, -351, 390, 39, -478, -400, 
-790, -692, 97, 741, -444, -297, -185, -351, 385, 39, -478, -400, 
-790, -692, 97, 741, -444, -297, -185, -351, 380, 39, -478, -400, 
-800, -688, 112, 744, -456, -287, -170, -331, 414, 48, -463, -395, 
-800, -683, 117, 741, -458, -283, -165, -322, 439, 58, -458, -390, 
-800, -678, 122, 739, -461, -278, -161, -312, 463, 68, -453, -385, 
-800, -673, 126, 736, -463, -273, -156, -302, 488, 78, -448, -380, 
-800, -668, 131, 734, -466, -268, -156, -312, 463, 82, -444, -366, 
-800, -663, 136, 732, -468, -263, -156, -312, 439, 87, -439, -361, 
-800, -658, 141, 729, -470, -258, -156, -312, 414, 92, -434, -356, 
-800, -653, 146, 727, -473, -253, -156, -312, 390, 97, -429, -351, 
-800, -644, 156, 722, -478, -244, -146, -307, 414, 87, -429, -361, 
-800, -644, 156, 722, -478, -244, -146, -302, 439, 87, -429, -361, 
-800, -644, 156, 722, -478, -244, -146, -297, 463, 87, -429, -361, 
-800, -644, 156, 722, -478, -244, -146, -292, 488, 87, -429, -361, 
-790, -644, 146, 717, -468, -248, -136, -287, 473, 97, -439, -361, 
-790, -644, 146, 717, -468, -248, -136, -283, 468, 97, -439, -361, 
-790, -644, 146, 717, -468, -248, -136, -278, 463, 97, -439, -361, 
-790, -644, 146, 717, -468, -248, -136, -273, 458, 97, -439, -361, 
-790, -634, 156, 712, -473, -239, -146, -283, 448, 107, -429, -361, 
-790, -634, 156, 712, -473, -239, -146, -283, 448, 107, -429, -361, 
-790, -634, 156, 712, -473, -239, -146, -283, 448, 107, -429, -361, 
-790, -634, 156, 712, -473, -239, -146, -283, 448, 107, -429, -361, 
-790, -624, 165, 707, -478, -229, -136, -268, 468, 107, -429, -361, 
-790, -624, 165, 707, -478, -229, -136, -263, 488, 107, -429, -361, 
-790, -624, 165, 707, -478, -229, -136, -258, 507, 107, -429, -361, 
-790, -624, 165, 707, -478, -229, -136, -253, 527, 107, -429, -361, 
-790, -614, 175, 702, -483, -219, -146, -258, 502, 107, -419, -351, 
-790, -614, 175, 702, -483, -219, -146, -263, 478, 107, -419, -351, 
-790, -614, 175, 702, -483, -219, -146, -268, 453, 107, -419, -351, 
-790, -614, 175, 702, -483, -219, -146, -273, 429, 107, -419, -351, 
-780, -614, 165, 697, -473, -224, -136, -258, 453, 107, -419, -351, 
-780, -614, 165, 697, -473, -224, -136, -253, 478, 107, -419, -351, 
-780, -614, 165, 697, -473, -224, -136, -248, 502, 107, -419, -351, 
-780, -614, 165, 697, -473, -224, -136, -244, 527, 107, -419, -351, 
-771, -605, 165, 688, -468, -219, -136, -253, 517, 107, -419, -351, 
-771, -605, 165, 688, -468, -219, -136, -253, 507, 107, -419, -351, 
-771, -605, 165, 688, -468, -219, -136, -253, 497, 107, -419, -351, 
-771, -605, 165, 688, -468, -219, -136, -253, 488, 107, -419, -351, 
-771, -595, 175, 683, -473, -209, -141, -258, 473, 107, -419, -351, 
-771, -595, 175, 683, -473, -209, -146, -263, 468, 107, -419, -351, 
-771, -595, 175, 683, -473, -209, -151, -268, 463, 107, -419, -351, 
-771, -595, 175, 683, -473, -209, -156, -273, 458, 107, -419, -351, 
-771, -605, 165, 688, -468, -219, -165, -268, 483, 107, -419, -351, 
-771, -605, 165, 688, -468, -219, -165, -263, 497, 107, -419, -351, 
-771, -605, 165, 688, -468, -219, -165, -258, 512, 107, -419, -351, 
-771, -605, 165, 688, -468, -219, -165, -253, 527, 107, -419, -351, 
-780, -605, 175, 692, -478, -214, -170, -273, 492, 107, -419, -351, 
-780, -605, 175, 692, -478, -214, -175, -283, 468, 107, -419, -351, 
-780, -605, 175, 692, -478, -214, -180, -292, 444, 107, -419, -351, 
-780, -605, 175, 692, -478, -214, -185, -302, 419, 107, -419, -351, 
-780, -605, 175, 692, -478, -214, -195, -302, 439, 97, -419, -351, 
-780, -605, 175, 692, -478, -214, -195, -302, 458, 97, -419, -351, 
-780, -605, 175, 692, -478, -214, -195, -302, 478, 97, -419, -351, 
-780, -605, 175, 692, -478, -214, -195, -302, 497, 97, -419, -351, 
-790, -605, 185, 697, -488, -209, -185, -302, 483, 97, -419, -351, 
-790, -605, 185, 697, -488, -209, -185, -302, 478, 97, -419, -351, 
-790, -605, 185, 697, -488, -209, -185, -302, 473, 97, -419, -351, 
-790, -605, 185, 697, -488, -209, -185, -302, 468, 97, -419, -351, 
-790, -610, 180, 700, -485, -214, -185, -312, 463, 97, -429, -361, 
-790, -614, 175, 702, -483, -219, -185, -312, 458, 97, -429, -361, 
-790, -619, 170, 705, -480, -224, -185, -312, 453, 97, -429, -361, 
-790, -624, 165, 707, -478, -229, -185, -312, 448, 97, -429, -361, 
-790, -624, 165, 707, -478, -229, -185, -307, 463, 87, -439, -361, 
-790, -624, 165, 707, -478, -229, -185, -302, 478, 87, -439, -361, 
-790, -624, 165, 707, -478, -229, -185, -297, 492, 87, -439, -361, 
-790, -624, 165, 707, -478, -229, -185, -292, 507, 87, -439, -361, 
-785, -634, 151, 710, -468, -241, -175, -297, 478, 87, -439, -361, 
-780, -634, 146, 707, -463, -244, -175, -302, 458, 87, -439, -361, 
-775, -634, 141, 705, -458, -246, -175, -307, 439, 87, -439, -361, 
-771, -634, 136, 702, -453, -248, -175, -312, 419, 87, -439, -361, 
-771, -634, 136, 702, -453, -248, -165, -297, 439, 97, -439, -370, 
-771, -634, 136, 702, -453, -248, -165, -292, 458, 97, -439, -370, 
-771, -634, 136, 702, -453, -248, -165, -287, 478, 97, -439, -370, 
-771, -634, 136, 702, -453, -248, -165, -283, 497, 97, -439, -370, 
-780, -644, 136, 712, -458, -253, -156, -292, 492, 87, -439, -370, 
-780, -644, 136, 712, -458, -253, -156, -292, 488, 87, -439, -370, 
-780, -644, 136, 712, -458, -253, -156, -292, 483, 87, -439, -370, 
-780, -644, 136, 712, -458, -253, -156, -292, 478, 87, -439, -370, 
-780, -649, 131, 714, -456, -258, -156, -283, 468, 78, -448, -380, 
-780, -653, 126, 717, -453, -263, -156, -283, 458, 78, -448, -380, 
-780, -658, 122, 719, -451, -268, -156, -283, 448, 78, -448, -380, 
-780, -663, 117, 722, -448, -273, -156, -283, 439, 78, -448, -380, 
-771, -673, 97, 722, -434, -287, -146, -273, 463, 68, -453, -390, 
-771, -673, 97, 722, -434, -287, -146, -273, 478, 68, -458, -390, 
-771, -673, 97, 722, -434, -287, -146, -273, 492, 68, -463, -390, 
-771, -673, 97, 722, -434, -287, -146, -273, 507, 68, -468, -390, 
-771, -692, 78, 732, -424, -307, -146, -287, 473, 63, -478, -395, 
-771, -702, 68, 736, -419, -317, -146, -292, 448, 58, -478, -400, 
-771, -712, 58, 741, -414, -326, -146, -297, 424, 53, -478, -405, 
-771, -722, 48, 746, -409, -336, -146, -302, 400, 48, -478, -409, 
-775, -732, 43, 753, -409, -344, -136, -297, 424, 39, -483, -419, 
-780, -732, 48, 756, -414, -341, -136, -292, 439, 39, -488, -419, 
-785, -732, 53, 758, -419, -339, -136, -287, 453, 39, -492, -419, 
-790, -732, 58, 761, -424, -336, -136, -283, 468, 39, -497, -419, 
-790, -722, 68, 756, -429, -326, -126, -278, 478, 53, -483, -409, 
-790, -712, 78, 751, -434, -317, -126, -273, 478, 58, -478, -409, 
-790, -702, 87, 746, -439, -307, -126, -268, 478, 63, -473, -409, 
-790, -692, 97, 741, -444, -297, -126, -263, 478, 68, -468, -409, 
-800, -683, 117, 741, -458, -283, -126, -268, 463, 73, -458, -405, 
-800, -673, 126, 736, -463, -273, -126, -273, 458, 78, -458, -400, 
-800, -663, 136, 732, -468, -263, -126, -278, 453, 82, -458, -395, 
-800, -653, 146, 727, -473, -253, -126, -283, 448, 87, -458, -390, 
-790, -663, 126, 727, -458, -268, -136, -278, 473, 87, -458, -390, 
-790, -663, 126, 727, -458, -268, -136, -273, 488, 87, -458, -390, 
-790, -663, 126, 727, -458, -268, -136, -268, 502, 87, -458, -390, 
-790, -663, 126, 727, -458, -268, -136, -263, 517, 87, -458, -390, 
-800, -663, 136, 732, -468, -263, -141, -278, 488, 78, -468, -400, 
-800, -663, 136, 732, -468, -263, -146, -283, 468, 78, -468, -400, 
-800, -663, 136, 732, -468, -263, -151, -287, 448, 78, -468, -400, 
-800, -663, 136, 732, -468, -263, -156, -292, 429, 78, -468, -400, 
-790, -658, 131, 724, -461, -263, -165, -302, 444, 78, -458, -390, 
-790, -653, 136, 722, -463, -258, -165, -302, 458, 78, -458, -390, 
-790, -649, 141, 719, -466, -253, -165, -302, 473, 78, -458, -390, 
-790, -644, 146, 717, -468, -248, -165, -302, 488, 78, -458, -390, 
-800, -634, 165, 717, -483, -234, -175, -312, 483, 68, -458, -390, 
-800, -634, 165, 717, -483, -234, -175, -312, 478, 68, -458, -390, 
-800, -634, 165, 717, -483, -234, -175, -312, 473, 68, -458, -390, 
-800, -634, 165, 717, -483, -234, -175, -312, 468, 68, -458, -390, 
-800, -634, 165, 717, -483, -234, -165, -312, 453, 78, -458, -380, 
-800, -634, 165, 717, -483, -234, -165, -312, 448, 78, -458, -380, 
-800, -634, 165, 717, -483, -234, -165, -312, 444, 78, -458, -380, 
-800, -634, 165, 717, -483, -234, -165, -312, 439, 78, -458, -380, 
-800, -624, 175, 712, -488, -224, -165, -302, 463, 87, -458, -390, 
-800, -624, 175, 712, -488, -224, -165, -302, 478, 87, -458, -390, 
-800, -624, 175, 712, -488, -224, -165, -302, 492, 87, -458, -390, 
-800, -624, 175, 712, -488, -224, -165, -302, 507, 87, -458, -390, 
-800, -614, 185, 707, -492, -214, -165, -312, 488, 87, -448, -380, 
-800, -614, 185, 707, -492, -214, -165, -312, 468, 87, -448, -380, 
-800, -614, 185, 707, -492, -214, -165, -312, 448, 87, -448, -380, 
-800, -614, 185, 707, -492, -214, -165, -312, 429, 87, -448, -380, 
-800, -614, 185, 707, -492, -214, -161, -297, 448, 97, -448, -380, 
-800, -614, 185, 707, -492, -214, -156, -292, 468, 97, -448, -380, 
-800, -614, 185, 707, -492, -214, -151, -287, 488, 97, -448, -380, 
-800, -614, 185, 707, -492, -214, -146, -283, 507, 97, -448, -380, 
-800, -614, 185, 707, -492, -214, -136, -292, 502, 97, -448, -380, 
-800, -614, 185, 707, -492, -214, -136, -292, 497, 97, -448, -380, 
-800, -614, 185, 707, -492, -214, -136, -292, 492, 97, -448, -380, 
-800, -614, 185, 707, -492, -214, -136, -292, 488, 97, -448, -380, 
-800, -619, 180, 710, -490, -219, -136, -283, 483, 97, -448, -380, 
-800, -624, 175, 712, -488, -224, -136, -283, 478, 97, -448, -380, 
-800, -629, 170, 714, -485, -229, -136, -283, 473, 97, -448, -380, 
-800, -634, 165, 717, -483, -234, -136, -283, 468, 97, -448, -380, 
-800, -634, 165, 717, -483, -234, -126, -273, 483, 97, -458, -390, 
-800, -634, 165, 717, -483, -234, -126, -273, 497, 97, -458, -390, 
-800, -634, 165, 717, -483, -234, -126, -273, 512, 97, -458, -390, 
-800, -634, 165, 717, -483, -234, -126, -273, 527, 97, -458, -390, 
-800, -624, 175, 712, -488, -224, -126, -283, 502, 87, -458, -390, 
-800, -624, 175, 712, -488, -224, -126, -283, 488, 87, -458, -390, 
-800, -624, 175, 712, -488, -224, -126, -283, 473, 87, -458, -390, 
-800, -624, 175, 712, -488, -224, -126, -283, 458, 87, -458, -390, 
-790, -624, 165, 707, -478, -229, -117, -268, 473, 97, -458, -390, 
-790, -624, 165, 707, -478, -229, -117, -263, 488, 97, -458, -390, 
-790, -624, 165, 707, -478, -229, -117, -258, 502, 97, -458, -390, 
-790, -624, 165, 707, -478, -229, -117, -253, 517, 97, -458, -390, 
-790, -634, 156, 712, -473, -239, -126, -258, 507, 97, -458, -390, 
-790, -634, 156, 712, -473, -239, -126, -263, 507, 97, -458, -390, 
-790, -634, 156, 712, -473, -239, -126, -268, 507, 97, -458, -390, 
-790, -634, 156, 712, -473, -239, -126, -273, 507, 97, -458, -390, 
-780, -634, 146, 707, -463, -244, -131, -273, 492, 87, -458, -380, 
-780, -634, 146, 707, -463, -244, -136, -273, 488, 87, -458, -380, 
-780, -634, 146, 707, -463, -244, -141, -273, 483, 87, -458, -380, 
-780, -634, 146, 707, -463, -244, -146, -273, 478, 87, -458, -380, 
-771, -624, 146, 697, -458, -239, -151, -263, 497, 97, -458, -390, 
-771, -624, 146, 697, -458, -239, -156, -263, 507, 97, -458, -390, 
-771, -624, 146, 697, -458, -239, -161, -263, 517, 97, -458, -390, 
-771, -624, 146, 697, -458, -239, -165, -263, 527, 97, -458, -390, 
-761, -614, 146, 688, -453, -234, -175, -283, 507, 87, -458, -390, 
-761, -614, 146, 688, -453, -234, -185, -292, 488, 87, -458, -390, 
-761, -614, 146, 688, -453, -234, -195, -302, 468, 87, -458, -390, 
-761, -614, 146, 688, -453, -234, -204, -312, 448, 87, -458, -390, 
-771, -614, 156, 692, -463, -229, -214, -302, 468, 87, -448, -380, 
-771, -614, 156, 692, -463, -229, -214, -302, 478, 87, -448, -380, 
-771, -614, 156, 692, -463, -229, -214, -302, 488, 87, -448, -380, 
-771, -614, 156, 692, -463, -229, -214, -302, 497, 87, -448, -380, 
-771, -605, 165, 688, -468, -219, -209, -307, 492, 97, -448, -380, 
-771, -605, 165, 688, -468, -219, -204, -312, 488, 97, -448, -380, 
-771, -605, 165, 688, -468, -219, -200, -317, 483, 97, -448, -380, 
-771, -605, 165, 688, -468, -219, -195, -322, 478, 97, -448, -380, 
-780, -605, 175, 692, -478, -214, -185, -312, 473, 87, -458, -390, 
-780, -605, 175, 692, -478, -214, -185, -312, 468, 87, -458, -390, 
-780, -605, 175, 692, -478, -214, -185, -312, 463, 87, -458, -390, 
-780, -605, 175, 692, -478, -214, -185, -312, 458, 87, -458, -390, 
-780, -614, 165, 697, -473, -224, -175, -297, 478, 78, -468, -400, 
-780, -614, 165, 697, -473, -224, -175, -292, 488, 78, -468, -400, 
-780, -614, 165, 697, -473, -224, -175, -287, 497, 78, -468, -400, 
-780, -614, 165, 697, -473, -224, -175, -283, 507, 78, -468, -400, 
-780, -619, 161, 700, -470, -229, -165, -297, 483, 78, -478, -409, 
-780, -624, 156, 702, -468, -234, -165, -302, 468, 78, -478, -409, 
-780, -629, 151, 705, -466, -239, -165, -307, 453, 78, -478, -409, 
-780, -634, 146, 707, -463, -244, -165, -312, 439, 78, -478, -409, 
-780, -639, 141, 710, -461, -248, -156, -302, 463, 78, -478, -414, 
-780, -644, 136, 712, -458, -253, -156, -292, 478, 78, -478, -419, 
-780, -649, 131, 714, -456, -258, -156, -283, 492, 78, -478, -424, 
-780, -653, 126, 717, -453, -263, -156, -273, 507, 78, -478, -429, 
-780, -658, 122, 719, -451, -268, -146, -278, 492, 73, -488, -429, 
-780, -663, 117, 722, -448, -273, -146, -283, 488, 68, -488, -429, 
-780, -668, 112, 724, -446, -278, -146, -287, 483, 63, -488, -429, 
-780, -673, 107, 727, -444, -283, -146, -292, 478, 58, -488, -429, 
-780, -678, 102, 729, -441, -287, -146, -302, 463, 48, -492, -439, 
-780, -683, 97, 732, -439, -292, -146, -302, 458, 48, -497, -439, 
-780, -688, 92, 734, -436, -297, -146, -302, 453, 48, -502, -439, 
-780, -692, 87, 736, -434, -302, -146, -302, 448, 48, -507, -439, 
-785, -683, 102, 734, -444, -290, -136, -297, 463, 58, -507, -439, 
-790, -683, 107, 736, -448, -287, -136, -292, 478, 58, -507, -439, 
-795, -683, 112, 739, -453, -285, -136, -287, 492, 58, -507, -439, 
-800, -683, 117, 741, -458, -283, -136, -283, 507, 58, -507, -439, 
-810, -673, 136, 741, -473, -268, -126, -287, 492, 63, -502, -434, 
-810, -673, 136, 741, -473, -268, -126, -292, 478, 68, -497, -429, 
-810, -673, 136, 741, -473, -268, -126, -297, 463, 73, -492, -424, 
-810, -673, 136, 741, -473, -268, -126, -302, 448, 78, -488, -419, 
-800, -658, 141, 729, -470, -258, -126, -297, 463, 78, -488, -419, 
-800, -653, 146, 727, -473, -253, -126, -292, 478, 78, -488, -419, 
-800, -649, 151, 724, -475, -248, -126, -287, 492, 78, -488, -419, 
-800, -644, 156, 722, -478, -244, -126, -283, 507, 78, -488, -419, 
-800, -653, 146, 727, -473, -253, -126, -292, 502, 87, -478, -419, 
-800, -653, 146, 727, -473, -253, -126, -292, 497, 87, -478, -419, 
-800, -653, 146, 727, -473, -253, -126, -292, 492, 87, -478, -419, 
-800, -653, 146, 727, -473, -253, -126, -292, 488, 87, -478, -419, 
-800, -653, 146, 727, -473, -253, -126, -283, 478, 87, -478, -419, 
-800, -653, 146, 727, -473, -253, -126, -283, 478, 87, -478, -419, 
-800, -653, 146, 727, -473, -253, -126, -283, 478, 87, -478, -419, 
-800, -653, 146, 727, -473, -253, -126, -283, 478, 87, -478, -419, 
-800, -644, 156, 722, -478, -244, -117, -278, 497, 97, -478, -419, 
-800, -644, 156, 722, -478, -244, -117, -273, 507, 97, -478, -419, 
-800, -644, 156, 722, -478, -244, -117, -268, 517, 97, -478, -419, 
-800, -644, 156, 722, -478, -244, -117, -263, 527, 97, -478, -419, 
-800, -644, 156, 722, -478, -244, -126, -268, 512, 97, -468, -409, 
-800, -644, 156, 722, -478, -244, -126, -273, 497, 97, -468, -409, 
-800, -644, 156, 722, -478, -244, -126, -278, 483, 97, -468, -409, 
-800, -644, 156, 722, -478, -244, -126, -283, 468, 97, -468, -409, 
-790, -639, 151, 714, -470, -244, -136, -268, 488, 102, -458, -409, 
-790, -634, 156, 712, -473, -239, -146, -263, 507, 107, -458, -409, 
-790, -629, 161, 710, -475, -234, -156, -258, 527, 112, -458, -409, 
-790, -624, 165, 707, -478, -229, -165, -253, 546, 117, -458, -409, 
-780, -610, 170, 695, -475, -219, -170, -263, 536, 117, -458, -400, 
-780, -605, 175, 692, -478, -214, -175, -273, 527, 117, -458, -400, 
-780, -600, 180, 690, -480, -209, -180, -283, 517, 117, -458, -400, 
-780, -595, 185, 688, -483, -204, -185, -292, 507, 117, -458, -400, 
-790, -585, 204, 688, -497, -190, -175, -292, 502, 117, -458, -400, 
-790, -585, 204, 688, -497, -190, -175, -292, 497, 117, -458, -400, 
-790, -585, 204, 688, -497, -190, -175, -292, 492, 117, -458, -400, 
-790, -585, 204, 688, -497, -190, -175, -292, 488, 117, -458, -400, 
-780, -575, 204, 678, -492, -185, -185, -283, 502, 126, -448, -390, 
-780, -575, 204, 678, -492, -185, -185, -283, 517, 126, -448, -390, 
-780, -575, 204, 678, -492, -185, -185, -283, 531, 126, -448, -390, 
-780, -575, 204, 678, -492, -185, -185, -283, 546, 126, -448, -390, 
-780, -566, 214, 673, -497, -175, -175, -287, 522, 126, -448, -390, 
-780, -566, 214, 673, -497, -175, -175, -292, 507, 126, -448, -390, 
-780, -566, 214, 673, -497, -175, -175, -297, 492, 126, -448, -390, 
-780, -566, 214, 673, -497, -175, -175, -302, 478, 126, -448, -390, 
-780, -566, 214, 673, -497, -175, -175, -297, 502, 136, -439, -390, 
-780, -566, 214, 673, -497, -175, -175, -292, 517, 136, -439, -390, 
-780, -566, 214, 673, -497, -175, -175, -287, 531, 136, -439, -390, 
-780, -566, 214, 673, -497, -175, -175, -283, 546, 136, -439, -390, 
-780, -575, 204, 678, -492, -185, -165, -292, 541, 126, -439, -380, 
-780, -575, 204, 678, -492, -185, -165, -292, 536, 126, -439, -380, 
-780, -575, 204, 678, -492, -185, -165, -292, 531, 126, -439, -380, 
-780, -575, 204, 678, -492, -185, -165, -292, 527, 126, -439, -380, 
-780, -585, 195, 683, -488, -195, -165, -302, 522, 126, -448, -390, 
-780, -585, 195, 683, -488, -195, -165, -302, 517, 126, -448, -390, 
-780, -585, 195, 683, -488, -195, -165, -302, 512, 126, -448, -390, 
-780, -585, 195, 683, -488, -195, -165, -302, 507, 126, -448, -390, 
-780, -585, 195, 683, -488, -195, -165, -297, 517, 117, -458, -400, 
-780, -585, 195, 683, -488, -195, -165, -292, 527, 117, -458, -400, 
-780, -585, 195, 683, -488, -195, -165, -287, 536, 117, -458, -400, 
-780, -585, 195, 683, -488, -195, -165, -283, 546, 117, -458, -400, 
-790, -590, 200, 690, -495, -195, -156, -297, 527, 112, -468, -409, 
-790, -595, 195, 692, -492, -200, -156, -302, 507, 107, -468, -409, 
-790, -600, 190, 695, -490, -204, -156, -307, 488, 102, -468, -409, 
-790, -605, 185, 697, -488, -209, -156, -312, 468, 97, -468, -409, 
-780, -610, 170, 695, -475, -219, -156, -297, 483, 87, -478, -414, 
-780, -614, 165, 697, -473, -224, -156, -292, 497, 87, -478, -419, 
-780, -619, 161, 700, -470, -229, -156, -287, 512, 87, -478, -424, 
-780, -624, 156, 702, -468, -234, -156, -283, 527, 87, -478, -429, 
-780, -634, 146, 707, -463, -244, -146, -283, 522, 87, -488, -439, 
-780, -634, 146, 707, -463, -244, -146, -283, 517, 87, -488, -439, 
-780, -634, 146, 707, -463, -244, -146, -283, 512, 87, -488, -439, 
-780, -634, 146, 707, -463, -244, -146, -283, 507, 87, -488, -439, 
-780, -639, 141, 710, -461, -248, -136, -283, 502, 78, -497, -439, 
-780, -644, 136, 712, -458, -253, -136, -283, 497, 78, -497, -439, 
-780, -649, 131, 714, -456, -258, -136, -283, 492, 78, -497, -439, 
-780, -653, 126, 717, -453, -263, -136, -283, 488, 78, -497, -439, 
-780, -653, 126, 717, -453, -263, -136, -278, 497, 78, -497, -448, 
-780, -653, 126, 717, -453, -263, -136, -273, 507, 78, -497, -448, 
-780, -653, 126, 717, -453, -263, -136, -268, 517, 78, -497, -448, 
-780, -653, 126, 717, -453, -263, -136, -263, 527, 78, -497, -448, 
-780, -663, 117, 722, -448, -273, -146, -273, 507, 68, -497, -448, 
-780, -663, 117, 722, -448, -273, -146, -283, 488, 68, -497, -448, 
-780, -663, 117, 722, -448, -273, -146, -292, 468, 68, -497, -448, 
-780, -663, 117, 722, -448, -273, -146, -302, 448, 68, -497, -448, 
-780, -673, 107, 727, -444, -283, -136, -292, 473, 78, -497, -448, 
-780, -673, 107, 727, -444, -283, -136, -283, 488, 78, -497, -448, 
-780, -673, 107, 727, -444, -283, -136, -273, 502, 78, -497, -448, 
-780, -673, 107, 727, -444, -283, -136, -263, 517, 78, -497, -448, 
-771, -683, 87, 727, -429, -297, -146, -273, 512, 78, -507, -458, 
-771, -683, 87, 727, -429, -297, -146, -273, 507, 78, -507, -458, 
-771, -683, 87, 727, -429, -297, -146, -273, 502, 78, -507, -458, 
-771, -683, 87, 727, -429, -297, -146, -273, 497, 78, -507, -458, 
-761, -692, 68, 727, -414, -312, -161, -283, 478, 63, -522, -473, 
-761, -702, 58, 732, -409, -322, -165, -292, 468, 58, -527, -478, 
-761, -712, 48, 736, -405, -331, -170, -302, 458, 53, -531, -483, 
-761, -722, 39, 741, -400, -341, -175, -312, 448, 48, -536, -488, 
-766, -712, 53, 739, -409, -329, -185, -322, 458, 39, -546, -488, 
-771, -712, 58, 741, -414, -326, -185, -322, 468, 39, -546, -488, 
-775, -712, 63, 744, -419, -324, -185, -322, 478, 39, -546, -488, 
-780, -712, 68, 746, -424, -322, -185, -322, 488, 39, -546, -488, 
-790, -702, 87, 746, -439, -307, -185, -331, 478, 53, -531, -483, 
-790, -692, 97, 741, -444, -297, -185, -331, 468, 58, -527, -478, 
-790, -683, 107, 736, -448, -287, -185, -331, 458, 63, -522, -473, 
-790, -673, 117, 732, -453, -278, -185, -331, 448, 68, -517, -468, 
-790, -663, 126, 727, -458, -268, -180, -322, 478, 82, -507, -453, 
-790, -653, 136, 722, -463, -258, -175, -312, 497, 87, -497, -448, 
-790, -644, 146, 717, -468, -248, -170, -302, 517, 92, -488, -444, 
-790, -634, 156, 712, -473, -239, -165, -292, 536, 97, -478, -439, 
-780, -624, 156, 702, -468, -234, -165, -302, 522, 107, -468, -429, 
-780, -624, 156, 702, -468, -234, -165, -302, 517, 107, -468, -429, 
-780, -624, 156, 702, -468, -234, -165, -302, 512, 107, -468, -429, 
-780, -624, 156, 702, -468, -234, -165, -302, 507, 107, -468, -429, 
-790, -619, 170, 705, -480, -224, -156, -312, 502, 107, -478, -439, 
-790, -614, 175, 702, -483, -219, -156, -312, 497, 107, -478, -439, 
-790, -610, 180, 700, -485, -214, -156, -312, 492, 107, -478, -439, 
-790, -605, 185, 697, -488, -209, -156, -312, 488, 107, -478, -439, 
-800, -605, 195, 702, -497, -204, -151, -297, 502, 117, -468, -429, 
-800, -605, 195, 702, -497, -204, -146, -292, 517, 117, -468, -429, 
-800, -605, 195, 702, -497, -204, -141, -287, 531, 117, -468, -429, 
-800, -605, 195, 702, -497, -204, -136, -283, 546, 117, -468, -429, 
-800, -605, 195, 702, -497, -204, -136, -297, 527, 117, -468, -429, 
-800, -605, 195, 702, -497, -204, -136, -302, 507, 117, -468, -429, 
-800, -605, 195, 702, -497, -204, -136, -307, 488, 117, -468, -429, 
-800, -605, 195, 702, -497, -204, -136, -312, 468, 117, -468, -429, 
-790, -595, 195, 692, -492, -200, -136, -297, 488, 107, -478, -439, 
-790, -595, 195, 692, -492, -200, -136, -292, 507, 107, -478, -439, 
-790, -595, 195, 692, -492, -200, -136, -287, 527, 107, -478, -439, 
-790, -595, 195, 692, -492, -200, -136, -283, 546, 107, -478, -439, 
-790, -585, 204, 688, -497, -190, -146, -292, 536, 117, -468, -429, 
-790, -585, 204, 688, -497, -190, -146, -292, 527, 117, -468, -429, 
-790, -585, 204, 688, -497, -190, -146, -292, 517, 117, -468, -429, 
-790, -585, 204, 688, -497, -190, -146, -292, 507, 117, -468, -429, 
-790, -585, 204, 688, -497, -190, -156, -292, 497, 117, -458, -429, 
-790, -585, 204, 688, -497, -190, -156, -292, 497, 117, -458, -429, 
-790, -585, 204, 688, -497, -190, -156, -292, 497, 117, -458, -429, 
-790, -585, 204, 688, -497, -190, -156, -292, 497, 117, -458, -429, 
-780, -595, 185, 688, -483, -204, -146, -283, 512, 117, -458, -419, 
-780, -595, 185, 688, -483, -204, -146, -283, 527, 117, -458, -419, 
-780, -595, 185, 688, -483, -204, -146, -283, 541, 117, -458, -419, 
-780, -595, 185, 688, -483, -204, -146, -283, 556, 117, -458, -419, 
-780, -605, 175, 692, -478, -214, -156, -287, 527, 117, -458, -429, 
-780, -605, 175, 692, -478, -214, -156, -292, 507, 117, -458, -429, 
-780, -605, 175, 692, -478, -214, -156, -297, 488, 117, -458, -429, 
-780, -605, 175, 692, -478, -214, -156, -302, 468, 117, -458, -429, 
-780, -605, 175, 692, -478, -214, -146, -287, 497, 117, -458, -429, 
-780, -605, 175, 692, -478, -214, -146, -283, 517, 117, -458, -429, 
-780, -605, 175, 692, -478, -214, -146, -278, 536, 117, -458, -429, 
-780, -605, 175, 692, -478, -214, -146, -273, 556, 117, -458, -429, 
-780, -605, 175, 692, -478, -214, -146, -263, 541, 117, -458, -429, 
-780, -605, 175, 692, -478, -214, -146, -263, 536, 117, -458, -429, 
-780, -605, 175, 692, -478, -214, -146, -263, 531, 117, -458, -429, 
-780, -605, 175, 692, -478, -214, -146, -263, 527, 117, -458, -429, 
-780, -614, 165, 697, -473, -224, -141, -263, 522, 126, -458, -429, 
-780, -614, 165, 697, -473, -224, -136, -263, 517, 126, -458, -429, 
-780, -614, 165, 697, -473, -224, -131, -263, 512, 126, -458, -429, 
-780, -614, 165, 697, -473, -224, -126, -263, 507, 126, -458, -429, 
-780, -614, 165, 697, -473, -224, -117, -248, 527, 117, -468, -439, 
-780, -614, 165, 697, -473, -224, -117, -244, 546, 117, -468, -439, 
-780, -614, 165, 697, -473, -224, -117, -239, 566, 117, -468, -439, 
-780, -614, 165, 697, -473, -224, -117, -234, 585, 117, -468, -439, 
-771, -614, 156, 692, -463, -229, -122, -244, 551, 107, -478, -448, 
-771, -614, 156, 692, -463, -229, -126, -253, 527, 107, -478, -448, 
-771, -614, 156, 692, -463, -229, -131, -263, 502, 107, -478, -448, 
-771, -614, 156, 692, -463, -229, -136, -273, 478, 107, -478, -448, 
-780, -624, 156, 702, -468, -234, -126, -258, 497, 107, -488, -458, 
-780, -624, 156, 702, -468, -234, -126, -253, 517, 107, -488, -458, 
-780, -624, 156, 702, -468, -234, -126, -248, 536, 107, -488, -458, 
-780, -624, 156, 702, -468, -234, -126, -244, 556, 107, -488, -458, 
-780, -629, 151, 705, -466, -239, -141, -258, 536, 97, -497, -458, 
-780, -634, 146, 707, -463, -244, -146, -263, 527, 97, -497, -458, 
-780, -639, 141, 710, -461, -248, -151, -268, 517, 97, -497, -458, 
-780, -644, 136, 712, -458, -253, -156, -273, 507, 97, -497, -458, 
-780, -639, 141, 710, -461, -248, -161, -278, 492, 87, -497, -458, 
-780, -634, 146, 707, -463, -244, -165, -283, 488, 87, -497, -458, 
-780, -629, 151, 705, -466, -239, -170, -287, 483, 87, -497, -458, 
-780, -624, 156, 702, -468, -234, -175, -292, 478, 87, -497, -458, 
-780, -614, 165, 697, -473, -224, -175, -283, 497, 97, -488, -458, 
-780, -614, 165, 697, -473, -224, -175, -283, 517, 97, -488, -458, 
-780, -614, 165, 697, -473, -224, -175, -283, 536, 97, -488, -458, 
-780, -614, 165, 697, -473, -224, -175, -283, 556, 97, -488, -458, 
-790, -614, 175, 702, -483, -219, -175, -292, 522, 87, -497, -448, 
-790, -614, 175, 702, -483, -219, -175, -302, 497, 87, -497, -448, 
-790, -614, 175, 702, -483, -219, -175, -312, 473, 87, -497, -448, 
-790, -614, 175, 702, -483, -219, -175, -322, 448, 87, -497, -448, 
-790, -629, 161, 710, -475, -234, -165, -312, 473, 82, -502, -463, 
-790, -634, 156, 712, -473, -239, -165, -312, 488, 78, -507, -468, 
-790, -639, 151, 714, -470, -244, -165, -312, 502, 73, -512, -473, 
-790, -644, 146, 717, -468, -248, -165, -312, 517, 68, -517, -478, 
-800, -644, 156, 722, -478, -244, -156, -312, 512, 78, -517, -478, 
-800, -644, 156, 722, -478, -244, -156, -312, 507, 78, -517, -478, 
-800, -644, 156, 722, -478, -244, -156, -312, 502, 78, -517, -478, 
-800, -644, 156, 722, -478, -244, -156, -312, 497, 78, -517, -478, 
-800, -639, 161, 719, -480, -239, -156, -322, 492, 92, -502, -473, 
-800, -634, 165, 717, -483, -234, -156, -322, 488, 97, -497, -468, 
-800, -629, 170, 714, -485, -229, -156, -322, 483, 102, -492, -463, 
-800, -624, 175, 712, -488, -224, -156, -322, 478, 107, -488, -458, 
-800, -614, 185, 707, -492, -214, -156, -312, 502, 107, -488, -453, 
-800, -614, 185, 707, -492, -214, -156, -302, 527, 107, -488, -448, 
-800, -614, 185, 707, -492, -214, -156, -292, 551, 107, -488, -444, 
-800, -614, 185, 707, -492, -214, -156, -283, 575, 107, -488, -439, 
-790, -624, 165, 707, -478, -229, -156, -287, 541, 107, -488, -448, 
-790, -624, 165, 707, -478, -229, -156, -292, 517, 107, -488, -448, 
-790, -624, 165, 707, -478, -229, -156, -297, 492, 107, -488, -448, 
-790, -624, 165, 707, -478, -229, -156, -302, 468, 107, -488, -448, 
-790, -624, 165, 707, -478, -229, -146, -287, 497, 117, -488, -448, 
-790, -624, 165, 707, -478, -229, -146, -283, 517, 117, -488, -448, 
-790, -624, 165, 707, -478, -229, -146, -278, 536, 117, -488, -448, 
-790, -624, 165, 707, -478, -229, -146, -273, 556, 117, -488, -448, 
-790, -624, 165, 707, -478, -229, -136, -273, 541, 117, -488, -448, 
-790, -624, 165, 707, -478, -229, -136, -273, 536, 117, -488, -448, 
-790, -624, 165, 707, -478, -229, -136, -273, 531, 117, -488, -448, 
-790, -624, 165, 707, -478, -229, -136, -273, 527, 117, -488, -448, 
-790, -624, 165, 707, -478, -229, -141, -283, 517, 107, -488, -458, 
-790, -624, 165, 707, -478, -229, -146, -283, 507, 107, -488, -458, 
-790, -624, 165, 707, -478, -229, -151, -283, 497, 107, -488, -458, 
-790, -624, 165, 707, -478, -229, -156, -283, 488, 107, -488, -458, 
-790, -634, 156, 712, -473, -239, -146, -273, 512, 117, -488, -448, 
-790, -634, 156, 712, -473, -239, -146, -273, 536, 117, -488, -448, 
-790, -634, 156, 712, -473, -239, -146, -273, 561, 117, -488, -448, 
-790, -634, 156, 712, -473, -239, -146, -273, 585, 117, -488, -448, 
-780, -634, 146, 707, -463, -244, -151, -278, 546, 107, -488, -458, 
-780, -634, 146, 707, -463, -244, -156, -283, 522, 107, -488, -458, 
-780, -634, 146, 707, -463, -244, -161, -287, 507, 107, -488, -458, 
-780, -634, 146, 707, -463, -244, -165, -292, 458, 107, -492, -458, 
-790, -644, 146, 717, -468, -248, -165, -283, 468, 102, -502, -458, 
-790, -649, 141, 719, -466, -253, -161, -283, 502, 102, -502, -463, 
-790, -653, 136, 722, -463, -258, -161, -283, 512, 102, -502, -468, 
-795, -653, 141, 724, -468, -256, -161, -283, 531, 102, -502, -468, 
-785, -649, 136, 717, -461, -256, -151, -283, 502, 102, -502, -463, 
-785, -649, 136, 717, -461, -256, -151, -287, 497, 102, -502, -463, 
-785, -644, 141, 714, -463, -251, -151, -287, 497, 102, -502, -463, 
-785, -644, 141, 714, -463, -251, -151, -287, 502, 102, -502, -463, 
-785, -644, 141, 714, -463, -251, -141, -292, 507, 107, -502, -463, 
-785, -644, 141, 714, -463, -251, -141, -287, 492, 107, -497, -468, 
-785, -644, 141, 714, -463, -251, -141, -287, 468, 107, -492, -468, 
-785, -644, 141, 714, -463, -251, -141, -287, 473, 107, -488, -463, 
-795, -634, 161, 714, -478, -236, -141, -273, 502, 107, -497, -463, 
-795, -634, 161, 714, -478, -236, -141, -268, 512, 107, -497, -463, 
-795, -634, 161, 714, -478, -236, -141, -263, 527, 107, -497, -463, 
-795, -634, 161, 714, -478, -236, -141, -263, 556, 107, -497, -463, 
-795, -624, 170, 710, -483, -226, -151, -292, 517, 97, -497, -463, 
-795, -624, 170, 710, -483, -226, -151, -283, 497, 97, -497, -463, 
-790, -624, 165, 707, -478, -229, -156, -283, 473, 97, -497, -463, 
-790, -629, 161, 710, -475, -234, -161, -287, 444, 97, -497, -463, 
-790, -629, 161, 710, -475, -234, -165, -273, 478, 97, -497, -458, 
-795, -629, 165, 712, -480, -231, -165, -273, 502, 97, -497, -458, 
-795, -629, 165, 712, -480, -231, -165, -273, 522, 97, -497, -458, 
-800, -629, 170, 714, -485, -229, -165, -278, 507, 97, -502, -463, 
-800, -629, 170, 714, -485, -229, -156, -283, 522, 107, -492, -473, 
-800, -629, 170, 714, -485, -229, -156, -292, 507, 102, -492, -473, 
-795, -629, 165, 712, -480, -231, -156, -292, 497, 102, -492, -473, 
-795, -629, 165, 712, -480, -231, -156, -292, 492, 102, -492, -473, 
-800, -629, 170, 714, -485, -229, -156, -297, 492, 97, -502, -473, 
-800, -624, 175, 712, -488, -224, -156, -302, 478, 97, -497, -473, 
-800, -619, 180, 710, -490, -219, -156, -302, 463, 97, -497, -473, 
-800, -619, 180, 710, -490, -219, -156, -302, 453, 97, -497, -473, 
-800, -619, 180, 710, -490, -219, -156, -297, 488, 97, -497, -473, 
-800, -614, 185, 707, -492, -214, -156, -292, 502, 97, -497, -473, 
-805, -614, 190, 710, -497, -212, -151, -292, 512, 97, -497, -468, 
-805, -614, 190, 710, -497, -212, -151, -292, 536, 97, -497, -468, 
-790, -624, 165, 707, -478, -229, -151, -312, 502, 87, -497, -468, 
-790, -629, 161, 710, -475, -234, -151, -302, 473, 87, -497, -468, 
-790, -634, 156, 712, -473, -239, -151, -307, 458, 87, -497, -468, 
-790, -644, 146, 717, -468, -248, -151, -312, 439, 82, -502, -473, 
-800, -653, 146, 727, -473, -253, -151, -322, 453, 68, -507, -483, 
-800, -653, 146, 727, -473, -253, -151, -312, 468, 68, -512, -483, 
-800, -653, 146, 727, -473, -253, -151, -312, 483, 68, -517, -483, 
-800, -658, 141, 729, -470, -258, -151, -312, 488, 68, -522, -478, 
-800, -653, 146, 727, -473, -253, -141, -302, 473, 68, -522, -488, 
-800, -649, 151, 724, -475, -248, -136, -302, 473, 68, -522, -492, 
-800, -639, 161, 719, -480, -239, -136, -312, 458, 68, -522, -492, 
-800, -634, 165, 717, -483, -234, -141, -312, 478, 73, -517, -492, 
-810, -624, 185, 717, -497, -219, -131, -312, 483, 78, -512, -488, 
-810, -624, 185, 717, -497, -219, -131, -312, 483, 82, -507, -483, 
-805, -624, 180, 714, -492, -222, -131, -307, 473, 82, -502, -478, 
-805, -619, 185, 712, -495, -217, -131, -307, 473, 87, -497, -473, 
-814, -610, 204, 712, -509, -202, -122, -292, 497, 92, -492, -463, 
-814, -610, 204, 712, -509, -202, -122, -287, 512, 102, -488, -463, 
-814, -610, 204, 712, -509, -202, -122, -283, 536, 107, -483, -463, 
-814, -610, 204, 712, -509, -202, -122, -283, 541, 112, -478, -458, 
-814, -610, 204, 712, -509, -202, -112, -287, 507, 112, -483, -458, 
-814, -610, 204, 712, -509, -202, -107, -287, 488, 112, -483, -458, 
-814, -610, 204, 712, -509, -202, -107, -292, 473, 112, -483, -458, 
-814, -610, 204, 712, -509, -202, -107, -297, 453, 112, -483, -458, 
-805, -610, 195, 707, -500, -207, -107, -287, 512, 117, -483, -448, 
-805, -605, 200, 705, -502, -202, -107, -278, 541, 122, -483, -448, 
-805, -605, 200, 705, -502, -202, -112, -268, 551, 126, -483, -448, 
-805, -605, 200, 705, -502, -202, -112, -258, 566, 131, -483, -448, 
-795, -605, 190, 700, -492, -207, -102, -253, 561, 141, -473, -448, 
-795, -605, 190, 700, -492, -207, -102, -253, 536, 141, -473, -448, 
-795, -605, 190, 700, -492, -207, -102, -248, 536, 141, -473, -448, 
-795, -605, 190, 700, -492, -207, -102, -244, 541, 141, -473, -448, 
-785, -605, 180, 695, -483, -212, -117, -244, 531, 141, -463, -448, 
-785, -605, 180, 695, -483, -212, -117, -239, 527, 141, -463, -448, 
-785, -605, 180, 695, -483, -212, -112, -229, 536, 141, -463, -448, 
-785, -610, 175, 697, -480, -217, -112, -229, 536, 146, -463, -448, 
-785, -600, 185, 692, -485, -207, -112, -219, 614, 146, -463, -439, 
-775, -600, 175, 688, -475, -212, -122, -209, 639, 146, -463, -439, 
-775, -590, 185, 683, -480, -202, -117, -200, 658, 156, -463, -439, 
-785, -590, 195, 688, -490, -197, -126, -214, 605, 151, -453, -439, 
-785, -590, 195, 688, -490, -197, -136, -239, 522, 146, -458, -444, 
-785, -585, 200, 685, -492, -192, -126, -239, 502, 146, -458, -458, 
-790, -585, 204, 688, -497, -190, -136, -253, 468, 122, -478, -463, 
-805, -575, 229, 690, -517, -173, -146, -297, 429, 92, -492, -468, 
-814, -556, 258, 685, -536, -148, -146, -302, 463, 68, -512, -483, 
-805, -556, 248, 680, -527, -153, -146, -283, 522, 63, -517, -488, 
-795, -566, 229, 680, -512, -168, -146, -268, 556, 82, -507, -488, 
-805, -566, 239, 685, -522, -163, -131, -248, 605, 117, -492, -478, 
-805, -546, 258, 675, -531, -143, -131, -229, 644, 170, -453, -458, 
-790, -536, 253, 663, -522, -141, -161, -239, 600, 253, -390, -405, 
-761, -507, 253, 634, -507, -126, -195, -253, 580, 370, -273, -341, 
-751, -463, 287, 607, -519, -87, -214, -258, 610, 512, -146, -253, 
-732, -395, 336, 563, -534, -29, -253, -336, 575, 653, -4, -151, 
-717, -302, 414, 509, -566, 56, -312, -483, 492, 800, 185, -9, 
-673, -204, 468, 439, -570, 131, -395, -619, 463, 995, 414, 170, 
-614, -97, 517, 356, -566, 209, -497, -736, 473, 1234, 668, 380, 
-546, 4, 551, 270, -549, 278, -614, -873, 453, 1488, 927, 590, 
-468, 68, 536, 200, -502, 302, -717, -995, 439, 1722, 1171, 775, 
-414, 92, 507, 161, -461, 300, -805, -1088, 463, 1966, 1395, 956, 
-366, 63, 429, 151, -397, 246, -868, -1141, 492, 2225, 1610, 1102, 
-312, 4, 317, 153, -314, 161, -922, -1176, 517, 2464, 1781, 1220, 
-273, -78, 195, 175, -234, 58, -985, -1215, 546, 2571, 1839, 1273, 
-273, -185, 87, 229, -180, -48, -1005, -1254, 517, 2522, 1742, 1234, 
-297, -322, -24, 309, -136, -173, -985, -1263, 488, 2386, 1561, 1132, 
-326, -448, -122, 387, -102, -285, -927, -1215, 492, 2186, 1322, 990, 
-380, -590, -209, 485, -85, -400, -854, -1171, 448, 1815, 956, 741, 
-463, -751, -287, 607, -87, -519, -756, -1151, 283, 1273, 473, 434, 
-522, -883, -361, 702, -80, -622, -673, -1098, 122, 736, 34, 136, 
-570, -961, -390, 766, -90, -675, -600, -1044, 0, 273, -312, -97, 
-629, -995, -366, 812, -131, -680, -551, -1019, -180, -136, -570, -268, 
-658, -985, -326, 822, -165, -656, -512, -980, -283, -346, -683, -351, 
-653, -951, -297, 802, -178, -624, -473, -883, -234, -336, -653, -346, 
-663, -922, -258, 793, -202, -590, -429, -795, -151, -273, -595, -331, 
-663, -878, -214, 771, -224, -546, -395, -707, -29, -185, -546, -331, 
-644, -814, -170, 729, -236, -492, -361, -590, 180, -53, -507, -341, 
-634, -761, -126, 697, -253, -444, -336, -502, 356, 53, -448, -322, 
-649, -697, -48, 673, -300, -373, -326, -468, 434, 107, -409, -307, 
-683, -658, 24, 671, -353, -317, -297, -419, 497, 146, -409, -317, 
-707, -639, 68, 673, -387, -285, -253, -341, 551, 185, -429, -356, 
-722, -649, 73, 685, -397, -287, -234, -336, 512, 170, -434, -375, 
-732, -658, 73, 695, -402, -292, -224, -346, 439, 161, -444, -385, 
-741, -673, 68, 707, -405, -302, -185, -317, 439, 156, -448, -414, 
-761, -692, 68, 727, -414, -312, -151, -297, 444, 161, -448, -434, 
-771, -712, 58, 741, -414, -326, -146, -307, 434, 151, -468, -453, 
-771, -722, 48, 746, -409, -336, -136, -278, 497, 141, -483, -463, 
-780, -722, 58, 751, -419, -331, -122, -248, 575, 136, -492, -473, 
-780, -727, 53, 753, -417, -336, -131, -234, 575, 112, -507, -488, 
-780, -727, 53, 753, -417, -336, -131, -229, 580, 107, -527, -502, 
-785, -727, 58, 756, -422, -334, -126, -229, 585, 92, -541, -502, 
-785, -732, 53, 758, -419, -339, -126, -244, 561, 82, -551, -512, 
-790, -727, 63, 758, -427, -331, -112, -253, 522, 87, -546, -512, 
-790, -722, 68, 756, -429, -326, -112, -253, 502, 87, -546, -512, 
-795, -717, 78, 756, -436, -319, -112, -248, 488, 92, -541, -517, 
-800, -712, 87, 756, -444, -312, -107, -244, 483, 97, -536, -517, 
-800, -697, 102, 749, -451, -297, -82, -224, 546, 117, -522, -512, 
-800, -688, 112, 744, -456, -287, -82, -204, 605, 122, -517, -507, 
-800, -678, 122, 739, -461, -278, -82, -195, 619, 126, -512, -502, 
-800, -663, 136, 732, -468, -263, -82, -190, 644, 131, -507, -502, 
-800, -649, 151, 724, -475, -248, -73, -185, 639, 141, -502, -488, 
-805, -644, 161, 724, -483, -241, -82, -190, 614, 141, -507, -483, 
-805, -639, 165, 722, -485, -236, -82, -190, 595, 141, -507, -478, 
-805, -634, 170, 719, -488, -231, -82, -185, 595, 146, -507, -483, 
-795, -629, 165, 712, -480, -231, -82, -180, 585, 146, -502, -483, 
-800, -629, 170, 714, -485, -229, -82, -180, 580, 146, -502, -483, 
-800, -629, 170, 714, -485, -229, -87, -170, 600, 146, -497, -483, 
-800, -629, 170, 714, -485, -229, -92, -156, 610, 146, -492, -483, 
-790, -634, 156, 712, -473, -239, -97, -156, 649, 156, -492, -483, 
-790, -634, 156, 712, -473, -239, -97, -156, 663, 156, -488, -483, 
-790, -634, 156, 712, -473, -239, -102, -146, 688, 161, -488, -483, 
-795, -634, 161, 714, -478, -236, -102, -165, 692, 161, -488, -478, 
-795, -634, 161, 714, -478, -236, -107, -175, 639, 161, -488, -478, 
-790, -629, 161, 710, -475, -234, -112, -185, 624, 170, -488, -478, 
-790, -624, 165, 707, -478, -229, -117, -195, 605, 175, -478, -473, 
-790, -624, 165, 707, -478, -229, -122, -204, 580, 175, -478, -473, 
-800, -614, 185, 707, -492, -214, -131, -185, 629, 180, -478, -463, 
-795, -614, 180, 705, -488, -217, -131, -170, 663, 180, -478, -463, 
-795, -614, 180, 705, -488, -217, -131, -165, 678, 180, -478, -463, 
-795, -610, 185, 702, -490, -212, -136, -161, 688, 180, -473, -463, 
-790, -600, 190, 695, -490, -204, -131, -165, 673, 170, -483, -468, 
-785, -600, 185, 692, -485, -207, -136, -175, 649, 170, -483, -468, 
-775, -600, 175, 688, -475, -212, -136, -185, 644, 170, -483, -473, 
-771, -600, 170, 685, -470, -214, -131, -190, 644, 170, -483, -478, 
-771, -605, 165, 688, -468, -219, -131, -190, 639, 161, -483, -473, 
-771, -610, 161, 690, -466, -224, -136, -200, 629, 161, -483, -478, 
-771, -614, 156, 692, -463, -229, -136, -190, 634, 165, -483, -478, 
-775, -624, 151, 700, -463, -236, -136, -185, 644, 165, -483, -478, 
-785, -624, 161, 705, -473, -231, -131, -175, 673, 175, -483, -473, 
-785, -624, 161, 705, -473, -231, -131, -165, 697, 170, -483, -473, 
-780, -624, 156, 702, -468, -234, -131, -161, 717, 170, -483, -473, 
-780, -624, 156, 702, -468, -234, -131, -161, 717, 170, -478, -473, 
-780, -634, 146, 707, -463, -244, -131, -170, 663, 170, -468, -473, 
-780, -634, 146, 707, -463, -244, -131, -170, 658, 175, -468, -473, 
-780, -634, 146, 707, -463, -244, -131, -170, 634, 180, -468, -473, 
-780, -634, 146, 707, -463, -244, -131, -170, 610, 180, -468, -473, 
-780, -634, 146, 707, -463, -244, -126, -156, 649, 190, -463, -473, 
-780, -639, 141, 710, -461, -248, -126, -141, 688, 190, -463, -473, 
-780, -644, 136, 712, -458, -253, -122, -136, 707, 195, -463, -468, 
-780, -649, 131, 714, -456, -258, -117, -131, 722, 200, -463, -468, 
-771, -658, 112, 714, -441, -273, -117, -126, 712, 200, -473, -468, 
-771, -663, 107, 717, -439, -278, -117, -126, 692, 200, -468, -463, 
-771, -663, 107, 717, -439, -278, -117, -126, 673, 200, -463, -463, 
-766, -663, 102, 714, -434, -280, -117, -126, 692, 204, -463, -463, 
-766, -663, 102, 714, -434, -280, -107, -126, 678, 204, -463, -473, 
-766, -663, 102, 714, -434, -280, -107, -126, 668, 204, -463, -468, 
-766, -658, 107, 712, -436, -275, -107, -112, 697, 209, -463, -468, 
-766, -658, 107, 712, -436, -275, -107, -102, 692, 214, -458, -468, 
-761, -649, 112, 705, -436, -268, -107, -92, 707, 224, -458, -463, 
-761, -649, 112, 705, -436, -268, -107, -87, 736, 234, -458, -463, 
-761, -644, 117, 702, -439, -263, -107, -82, 766, 239, -453, -463, 
-761, -644, 117, 702, -439, -263, -107, -82, 785, 239, -444, -463, 
-771, -649, 122, 710, -446, -263, -107, -92, 741, 253, -439, -448, 
-766, -644, 122, 705, -444, -261, -107, -87, 727, 263, -434, -448, 
-766, -644, 122, 705, -444, -261, -102, -78, 707, 263, -429, -444, 
-766, -644, 122, 705, -444, -261, -102, -78, 697, 268, -419, -439, 
-761, -634, 126, 697, -444, -253, -92, -48, 751, 273, -424, -439, 
-761, -634, 126, 697, -444, -253, -87, -43, 785, 278, -424, -439, 
-756, -634, 122, 695, -439, -256, -87, -43, 795, 283, -424, -439, 
-756, -634, 122, 695, -439, -256, -87, -43, 814, 287, -424, -439, 
-746, -624, 122, 685, -434, -251, -87, -34, 805, 287, -424, -434, 
-751, -624, 126, 688, -439, -248, -87, -34, 795, 287, -414, -434, 
-751, -624, 126, 688, -439, -248, -92, -34, 780, 292, -414, -434, 
-746, -624, 122, 685, -434, -251, -92, -19, 795, 297, -414, -434, 
-746, -634, 112, 690, -429, -261, -97, -34, 780, 302, -419, -434, 
-741, -629, 112, 685, -427, -258, -102, -39, 766, 297, -419, -439, 
-741, -629, 112, 685, -427, -258, -102, -39, 785, 302, -424, -444, 
-741, -634, 107, 688, -424, -263, -102, -39, 790, 297, -424, -444, 
-751, -639, 112, 695, -431, -263, -102, -39, 805, 287, -429, -458, 
-751, -644, 107, 697, -429, -268, -102, -34, 819, 283, -434, -463, 
-751, -644, 107, 697, -429, -268, -97, -34, 844, 283, -439, -468, 
-751, -649, 102, 700, -427, -273, -97, -34, 834, 287, -439, -468, 
-751, -658, 92, 705, -422, -283, -102, -53, 795, 278, -439, -478, 
-756, -663, 92, 710, -424, -285, -102, -63, 766, 273, -444, -478, 
-761, -663, 97, 712, -429, -283, -102, -73, 736, 273, -448, -478, 
-761, -668, 92, 714, -427, -287, -102, -92, 707, 278, -448, -473, 
-766, -653, 112, 710, -439, -270, -107, -73, 756, 273, -444, -473, 
-766, -649, 117, 707, -441, -265, -107, -68, 800, 283, -439, -468, 
-771, -644, 126, 707, -448, -258, -112, -68, 805, 283, -439, -468, 
-775, -644, 131, 710, -453, -256, -112, -68, 834, 292, -434, -463, 
-775, -644, 131, 710, -453, -256, -122, -63, 829, 312, -429, -458, 
-771, -644, 126, 707, -448, -258, -122, -63, 800, 322, -424, -444, 
-771, -649, 122, 710, -446, -263, -117, -63, 795, 322, -419, -439, 
-766, -649, 117, 707, -441, -265, -117, -48, 805, 336, -419, -434, 
-756, -658, 97, 707, -427, -280, -117, -48, 805, 331, -419, -439, 
-756, -653, 102, 705, -429, -275, -117, -48, 800, 331, -414, -439, 
-751, -649, 102, 700, -427, -273, -117, -43, 810, 346, -414, -434, 
-751, -649, 102, 700, -427, -273, -117, -43, 819, 351, -405, -434, 
-746, -649, 97, 697, -422, -275, -112, -39, 849, 356, -409, -439, 
-746, -649, 97, 697, -422, -275, -112, -24, 873, 361, -405, -439, 
-736, -644, 92, 690, -414, -275, -117, -14, 893, 361, -400, -429, 
-736, -644, 92, 690, -414, -275, -126, -9, 902, 366, -395, -424, 
-741, -644, 97, 692, -419, -273, -122, -14, 873, 370, -405, -414, 
-732, -644, 87, 688, -409, -278, -122, -9, 858, 380, -400, -414, 
-732, -644, 87, 688, -409, -278, -122, -9, 829, 385, -400, -414, 
-732, -644, 87, 688, -409, -278, -122, -14, 800, 385, -390, -405, 
-717, -644, 73, 680, -395, -285, -122, 0, 858, 390, -390, -414, 
-717, -644, 73, 680, -395, -285, -122, 14, 897, 390, -390, -414, 
-717, -644, 73, 680, -395, -285, -126, 19, 917, 390, -390, -409, 
-712, -644, 68, 678, -390, -287, -126, 29, 941, 385, -385, -405, 
-717, -639, 78, 678, -397, -280, -126, 43, 936, 390, -385, -405, 
-717, -639, 78, 678, -397, -280, -131, 39, 917, 390, -380, -405, 
-712, -639, 73, 675, -392, -283, -131, 34, 902, 390, -380, -405, 
-702, -644, 58, 673, -380, -292, -131, 29, 907, 395, -385, -405, 
-702, -658, 43, 680, -373, -307, -136, 19, 888, 395, -395, -405, 
-697, -658, 39, 678, -368, -309, -136, 19, 878, 390, -400, -405, 
-697, -663, 34, 680, -366, -314, -131, 24, 883, 390, -400, -405, 
-697, -663, 34, 680, -366, -314, -131, 24, 893, 385, -405, -405, 
-697, -658, 39, 678, -368, -309, -131, 24, 912, 375, -405, -405, 
-697, -658, 39, 678, -368, -309, -136, 29, 932, 370, -414, -405, 
-697, -658, 39, 678, -368, -309, -136, 34, 956, 370, -414, -405, 
-697, -663, 34, 680, -366, -314, -141, 29, 961, 361, -419, -405, 
-692, -673, 19, 683, -356, -326, -151, 9, 917, 351, -414, -405, 
-692, -668, 24, 680, -358, -322, -151, 9, 888, 346, -419, -405, 
-692, -668, 24, 680, -358, -322, -151, 9, 858, 346, -424, -405, 
-697, -668, 29, 683, -363, -319, -151, 9, 834, 341, -434, -405, 
-692, -678, 14, 685, -353, -331, -151, 19, 868, 336, -429, -405, 
-692, -678, 14, 685, -353, -331, -151, 19, 888, 331, -434, -405, 
-688, -678, 9, 683, -348, -334, -156, 9, 897, 322, -439, -409, 
-683, -673, 9, 678, -346, -331, -156, -4, 912, 312, -439, -419, 
-673, -673, 0, 673, -336, -336, -156, 0, 912, 307, -453, -419, 
-678, -673, 4, 675, -341, -334, -156, -4, 873, 292, -453, -419, 
-678, -673, 4, 675, -341, -334, -156, 0, 858, 283, -458, -424, 
-683, -673, 9, 678, -346, -331, -156, 4, 849, 278, -463, -424, 
-673, -673, 0, 673, -336, -336, -161, -14, 824, 273, -468, -419, 
-678, -673, 4, 675, -341, -334, -165, -24, 810, 268, -473, -419, 
-678, -673, 4, 675, -341, -334, -165, -34, 814, 258, -478, -419, 
-683, -678, 4, 680, -344, -336, -170, -34, 810, 253, -483, -429, 
-683, -678, 4, 680, -344, -336, -180, -39, 819, 258, -483, -424, 
-678, -673, 4, 675, -341, -334, -185, -34, 834, 253, -483, -424, 
-683, -663, 19, 673, -351, -322, -190, -29, 854, 248, -478, -424, 
-678, -658, 19, 668, -348, -319, -195, -39, 854, 239, -483, -419, 
-673, -649, 24, 661, -348, -312, -200, -73, 785, 239, -483, -419, 
-673, -653, 19, 663, -346, -317, -204, -82, 751, 224, -483, -419, 
-678, -653, 24, 666, -351, -314, -209, -102, 712, 219, -483, -414, 
-678, -653, 24, 666, -351, -314, -214, -126, 668, 214, -478, -414, 
-688, -644, 43, 666, -366, -300, -204, -136, 697, 209, -478, -409, 
-697, -644, 53, 671, -375, -295, -204, -151, 717, 204, -483, -414, 
-707, -644, 63, 675, -385, -290, -200, -170, 717, 204, -478, -414, 
-717, -639, 78, 678, -397, -280, -200, -185, 717, 200, -473, -414, 
-727, -639, 87, 683, -407, -275, -195, -175, 702, 190, -468, -409, 
-732, -639, 92, 685, -412, -273, -195, -190, 673, 190, -468, -414, 
-732, -639, 92, 685, -412, -273, -195, -204, 639, 195, -468, -414, 
-736, -639, 97, 688, -417, -270, -195, -209, 634, 195, -468, -419, 
-732, -624, 107, 678, -419, -258, -200, -224, 624, 200, -473, -409, 
-736, -624, 112, 680, -424, -256, -200, -239, 600, 204, -468, -414, 
-741, -629, 112, 685, -427, -258, -195, -239, 600, 209, -468, -414, 
-746, -629, 117, 688, -431, -256, -195, -229, 605, 209, -463, -414, 
-746, -619, 126, 683, -436, -246, -185, -239, 619, 214, -458, -424, 
-751, -619, 131, 685, -441, -244, -185, -234, 629, 209, -458, -424, 
-756, -624, 131, 690, -444, -246, -185, -234, 649, 209, -458, -429, 
-756, -624, 131, 690, -444, -246, -185, -239, 644, 204, -463, -429, 
-761, -639, 122, 700, -441, -258, -185, -253, 600, 195, -463, -429, 
-761, -639, 122, 700, -441, -258, -185, -253, 570, 190, -463, -429, 
-761, -639, 122, 700, -441, -258, -185, -258, 541, 185, -463, -434, 
-766, -639, 126, 702, -446, -256, -185, -263, 512, 180, -468, -434, 
-775, -649, 126, 712, -451, -261, -180, -263, 536, 175, -483, -448, 
-780, -653, 126, 717, -453, -263, -175, -253, 561, 175, -483, -453, 
-780, -658, 122, 719, -451, -268, -175, -263, 561, 170, -483, -458, 
-780, -658, 122, 719, -451, -268, -170, -268, 570, 165, -488, -468, 
-790, -663, 126, 727, -458, -268, -156, -253, 575, 175, -488, -473, 
-790, -668, 122, 729, -456, -273, -151, -253, 551, 175, -492, -473, 
-795, -668, 126, 732, -461, -270, -146, -258, 541, 170, -492, -473, 
-795, -668, 126, 732, -461, -270, -141, -253, 541, 170, -492, -473, 
-795, -663, 131, 729, -463, -265, -141, -258, 531, 175, -488, -463, 
-795, -658, 136, 727, -466, -261, -141, -273, 522, 175, -483, -468, 
-795, -658, 136, 727, -466, -261, -136, -268, 531, 180, -478, -468, 
-800, -653, 146, 727, -473, -253, -131, -268, 546, 185, -473, -468, 
-800, -649, 151, 724, -475, -248, -131, -263, 556, 195, -473, -458, 
-800, -649, 151, 724, -475, -248, -136, -258, 566, 190, -468, -458, 
-800, -649, 151, 724, -475, -248, -136, -253, 585, 190, -463, -463, 
-800, -649, 151, 724, -475, -248, -131, -253, 580, 190, -463, -463, 
-805, -649, 156, 727, -480, -246, -131, -268, 541, 185, -463, -453, 
-805, -653, 151, 729, -478, -251, -126, -268, 527, 185, -463, -453, 
-805, -653, 151, 729, -478, -251, -126, -268, 507, 185, -468, -458, 
-805, -653, 151, 729, -478, -251, -126, -268, 488, 175, -468, -458, 
-795, -653, 141, 724, -468, -256, -122, -253, 517, 185, -458, -448, 
-795, -653, 141, 724, -468, -256, -122, -248, 556, 185, -458, -448, 
-795, -653, 141, 724, -468, -256, -122, -244, 575, 185, -463, -453, 
-795, -649, 146, 722, -470, -251, -122, -239, 585, 185, -463, -453, 
-785, -649, 136, 717, -461, -256, -112, -224, 575, 190, -448, -453, 
-785, -653, 131, 719, -458, -261, -112, -219, 556, 195, -448, -453, 
-785, -658, 126, 722, -456, -265, -112, -214, 546, 195, -453, -448, 
-785, -658, 126, 722, -456, -265, -112, -209, 546, 200, -453, -448, 
-785, -644, 141, 714, -463, -251, -112, -214, 541, 200, -448, -439, 
-790, -644, 146, 717, -468, -248, -112, -219, 531, 204, -444, -434, 
-790, -644, 146, 717, -468, -248, -112, -219, 541, 204, -444, -434, 
-790, -644, 146, 717, -468, -248, -112, -219, 556, 204, -444, -434, 
-790, -644, 146, 717, -468, -248, -122, -214, 566, 204, -444, -434, 
-790, -644, 146, 717, -468, -248, -126, -204, 585, 204, -444, -434, 
-790, -639, 151, 714, -470, -244, -126, -200, 600, 204, -444, -434, 
-790, -639, 151, 714, -470, -244, -126, -204, 600, 204, -444, -434, 
-790, -629, 161, 710, -475, -234, -136, -224, 551, 214, -444, -439, 
-790, -629, 161, 710, -475, -234, -146, -229, 541, 214, -444, -439, 
-790, -629, 161, 710, -475, -234, -156, -234, 517, 214, -444, -439, 
-790, -629, 161, 710, -475, -234, -165, -239, 492, 214, -444, -434, 
-795, -624, 170, 710, -483, -226, -165, -253, 522, 204, -444, -424, 
-795, -624, 170, 710, -483, -226, -170, -258, 536, 209, -444, -424, 
-795, -619, 175, 707, -485, -222, -170, -263, 546, 209, -444, -424, 
-795, -619, 175, 707, -485, -222, -170, -268, 551, 209, -439, -424, 
-795, -629, 165, 712, -480, -231, -161, -258, 546, 200, -439, -434, 
-795, -629, 165, 712, -480, -231, -161, -258, 527, 195, -439, -434, 
-795, -629, 165, 712, -480, -231, -161, -263, 497, 195, -439, -434, 
-795, -629, 165, 712, -480, -231, -151, -263, 502, 200, -439, -434, 
-795, -624, 170, 710, -483, -226, -161, -278, 497, 200, -439, -434, 
-795, -624, 170, 710, -483, -226, -161, -287, 492, 200, -439, -434, 
-795, -629, 165, 712, -480, -231, -156, -292, 492, 200, -439, -434, 
-795, -629, 165, 712, -480, -231, -156, -283, 497, 200, -434, -429, 
-800, -639, 161, 719, -480, -239, -161, -268, 522, 200, -444, -439, 
-800, -634, 165, 717, -483, -234, -161, -263, 531, 200, -444, -439, 
-800, -634, 165, 717, -483, -234, -161, -258, 546, 200, -444, -444, 
-800, -634, 165, 717, -483, -234, -161, -258, 556, 200, -444, -444, 
-800, -629, 170, 714, -485, -229, -161, -273, 497, 190, -453, -439, 
-795, -629, 165, 712, -480, -231, -165, -278, 492, 200, -448, -439, 
-795, -629, 165, 712, -480, -231, -165, -278, 478, 204, -448, -429, 
-795, -629, 165, 712, -480, -231, -165, -283, 458, 204, -448, -429, 
-805, -634, 170, 719, -488, -231, -165, -273, 492, 195, -453, -439, 
-805, -634, 170, 719, -488, -231, -161, -273, 531, 195, -448, -439, 
-805, -639, 165, 722, -485, -236, -161, -273, 536, 195, -448, -439, 
-805, -639, 165, 722, -485, -236, -161, -268, 551, 195, -448, -439, 
-805, -639, 165, 722, -485, -236, -161, -278, 556, 190, -458, -439, 
-805, -634, 170, 719, -488, -231, -161, -278, 522, 190, -458, -439, 
-805, -634, 170, 719, -488, -231, -161, -278, 502, 190, -458, -439, 
-805, -634, 170, 719, -488, -231, -161, -273, 507, 190, -458, -439, 
-810, -639, 170, 724, -490, -234, -161, -278, 497, 190, -458, -439, 
-805, -639, 165, 722, -485, -236, -161, -283, 497, 190, -458, -439, 
-805, -634, 170, 719, -488, -231, -161, -283, 507, 195, -458, -439, 
-805, -634, 170, 719, -488, -231, -165, -287, 512, 195, -453, -439, 
-805, -644, 161, 724, -483, -241, -161, -278, 536, 190, -463, -448, 
-805, -644, 161, 724, -483, -241, -161, -273, 551, 190, -463, -448, 
-805, -639, 165, 722, -485, -236, -161, -268, 566, 190, -463, -444, 
-805, -639, 165, 722, -485, -236, -156, -263, 561, 190, -458, -444, 
-795, -644, 151, 719, -473, -246, -156, -278, 531, 190, -458, -444, 
-795, -644, 151, 719, -473, -246, -156, -278, 512, 190, -458, -444, 
-795, -639, 156, 717, -475, -241, -161, -287, 497, 195, -458, -444, 
-795, -639, 156, 717, -475, -241, -161, -287, 478, 195, -458, -439, 
-785, -649, 136, 717, -461, -256, -151, -278, 512, 185, -458, -439, 
-785, -649, 136, 717, -461, -256, -151, -268, 536, 185, -458, -439, 
-795, -649, 146, 722, -470, -251, -151, -258, 546, 185, -458, -434, 
-795, -649, 146, 722, -470, -251, -156, -248, 556, 185, -458, -434, 
-800, -658, 141, 729, -470, -258, -151, -239, 551, 195, -468, -444, 
-800, -658, 141, 729, -470, -258, -146, -248, 527, 190, -468, -444, 
-800, -658, 141, 729, -470, -258, -141, -248, 512, 190, -468, -439, 
-800, -658, 141, 729, -470, -258, -131, -244, 512, 190, -473, -439, 
-805, -658, 146, 732, -475, -256, -131, -258, 507, 190, -473, -448, 
-805, -658, 146, 732, -475, -256, -131, -268, 497, 180, -473, -448, 
-805, -658, 146, 732, -475, -256, -131, -273, 502, 180, -473, -448, 
-805, -663, 141, 734, -473, -261, -131, -278, 502, 180, -478, -448, 
-810, -668, 141, 739, -475, -263, -131, -263, 527, 170, -478, -448, 
-810, -668, 141, 739, -475, -263, -131, -258, 531, 170, -483, -458, 
-810, -668, 141, 739, -475, -263, -131, -253, 541, 165, -483, -458, 
-810, -668, 141, 739, -475, -263, -131, -248, 536, 165, -483, -458, 
-810, -668, 141, 739, -475, -263, -122, -263, 507, 180, -478, -458, 
-810, -668, 141, 739, -475, -263, -122, -263, 488, 180, -478, -458, 
-805, -668, 136, 736, -470, -265, -122, -263, 483, 175, -483, -458, 
-805, -668, 136, 736, -470, -265, -122, -263, 463, 170, -483, -458, 
-814, -668, 146, 741, -480, -261, -131, -263, 492, 170, -483, -468, 
-814, -668, 146, 741, -480, -261, -136, -263, 522, 170, -483, -468, 
-814, -668, 146, 741, -480, -261, -136, -263, 536, 170, -483, -468, 
-814, -668, 146, 741, -480, -261, -141, -263, 536, 170, -488, -473, 
-814, -683, 131, 749, -473, -275, -151, -268, 512, 156, -502, -478, 
-814, -688, 126, 751, -470, -280, -151, -273, 497, 151, -502, -483, 
-819, -692, 126, 756, -473, -283, -151, -278, 483, 146, -502, -483, 
-824, -692, 131, 758, -478, -280, -151, -283, 478, 146, -502, -483, 
-819, -707, 112, 763, -466, -297, -151, -292, 458, 141, -507, -492, 
-819, -707, 112, 763, -466, -297, -151, -302, 453, 136, -517, -488, 
-819, -707, 112, 763, -466, -297, -151, -312, 453, 126, -527, -488, 
-824, -707, 117, 766, -470, -295, -151, -312, 473, 122, -531, -488, 
-814, -712, 102, 763, -458, -305, -141, -297, 497, 122, -522, -492, 
-814, -722, 92, 768, -453, -314, -141, -292, 492, 117, -522, -492, 
-814, -727, 87, 771, -451, -319, -141, -287, 492, 117, -522, -492, 
-814, -736, 78, 775, -446, -329, -141, -283, 497, 122, -522, -492, 
-814, -727, 87, 771, -451, -319, -151, -292, 463, 131, -522, -483, 
-814, -722, 92, 768, -453, -314, -151, -297, 444, 131, -522, -488, 
-814, -722, 92, 768, -453, -314, -151, -307, 434, 131, -522, -488, 
-814, -722, 92, 768, -453, -314, -151, -322, 419, 131, -527, -483, 
-819, -707, 112, 763, -466, -297, -156, -312, 463, 136, -517, -478, 
-819, -697, 122, 758, -470, -287, -156, -307, 497, 141, -507, -468, 
-819, -692, 126, 756, -473, -283, -161, -302, 512, 146, -497, -463, 
-819, -688, 131, 753, -475, -278, -165, -297, 517, 156, -488, -458, 
-819, -683, 136, 751, -478, -273, -165, -307, 492, 156, -488, -448, 
-819, -673, 146, 746, -483, -263, -165, -307, 483, 156, -488, -448, 
-814, -668, 146, 741, -480, -261, -165, -307, 468, 156, -488, -448, 
-814, -663, 151, 739, -483, -256, -165, -307, 478, 156, -483, -448, 
-814, -663, 151, 739, -483, -256, -165, -302, 478, 156, -492, -448, 
-814, -663, 151, 739, -483, -256, -165, -307, 473, 156, -492, -448, 
-814, -668, 146, 741, -480, -261, -165, -307, 478, 161, -488, -448, 
-810, -668, 141, 739, -475, -263, -165, -307, 488, 161, -488, -448, 
-819, -668, 151, 744, -485, -258, -156, -302, 527, 165, -488, -448, 
-819, -668, 151, 744, -485, -258, -156, -292, 522, 165, -492, -448, 
-819, -663, 156, 741, -488, -253, -156, -287, 527, 165, -492, -448, 
-819, -663, 156, 741, -488, -253, -151, -283, 531, 165, -492, -448, 
-810, -668, 141, 739, -475, -263, -161, -297, 497, 165, -483, -448, 
-810, -668, 141, 739, -475, -263, -161, -302, 478, 161, -483, -448, 
-810, -663, 146, 736, -478, -258, -161, -307, 473, 161, -483, -448, 
-810, -663, 146, 736, -478, -258, -161, -312, 458, 161, -483, -448, 
-810, -663, 146, 736, -478, -258, -161, -297, 488, 161, -483, -448, 
-810, -663, 146, 736, -478, -258, -156, -292, 507, 161, -483, -448, 
-810, -663, 146, 736, -478, -258, -156, -287, 522, 161, -483, -448, 
-814, -663, 151, 739, -483, -256, -151, -287, 531, 161, -483, -448, 
-814, -663, 151, 739, -483, -256, -141, -278, 517, 175, -483, -439, 
-814, -663, 151, 739, -483, -256, -146, -278, 507, 175, -483, -439, 
-814, -663, 151, 739, -483, -256, -146, -283, 502, 175, -483, -439, 
-814, -663, 151, 739, -483, -256, -146, -287, 507, 175, -483, -439, 
-814, -653, 161, 734, -488, -246, -146, -297, 507, 180, -473, -429, 
-814, -653, 161, 734, -488, -246, -146, -302, 497, 180, -473, -429, 
-814, -653, 161, 734, -488, -246, -146, -302, 497, 175, -473, -429, 
-814, -658, 156, 736, -485, -251, -146, -297, 502, 175, -478, -434, 
-805, -653, 151, 729, -478, -251, -146, -292, 527, 175, -478, -434, 
-805, -649, 156, 727, -480, -246, -146, -287, 541, 175, -478, -434, 
-805, -644, 161, 724, -483, -241, -146, -283, 536, 170, -478, -434, 
-805, -644, 161, 724, -483, -241, -151, -283, 531, 170, -478, -434, 
-805, -639, 165, 722, -485, -236, -151, -302, 502, 161, -473, -429, 
-805, -644, 161, 724, -483, -241, -151, -307, 483, 161, -478, -429, 
-805, -644, 161, 724, -483, -241, -151, -312, 478, 161, -478, -429, 
-805, -644, 161, 724, -483, -241, -151, -317, 463, 156, -478, -429, 
-805, -644, 161, 724, -483, -241, -146, -307, 488, 165, -483, -419, 
-810, -644, 165, 727, -488, -239, -146, -297, 512, 165, -483, -429, 
-810, -644, 165, 727, -488, -239, -146, -292, 536, 165, -483, -439, 
-810, -644, 165, 727, -488, -239, -146, -292, 522, 165, -483, -439, 
-810, -653, 156, 732, -483, -248, -136, -263, 570, 170, -483, -429, 
-805, -653, 151, 729, -478, -251, -136, -273, 536, 170, -478, -429, 
-810, -653, 156, 732, -483, -248, -146, -297, 468, 165, -478, -429, 
-810, -653, 156, 732, -483, -248, -146, -302, 458, 165, -478, -429, 
-810, -653, 156, 732, -483, -248, -146, -302, 468, 165, -488, -429, 
-810, -653, 156, 732, -483, -248, -146, -302, 468, 165, -488, -429, 
-810, -653, 156, 732, -483, -248, -146, -302, 468, 165, -488, -429, 
-810, -653, 156, 732, -483, -248, -146, -302, 468, 165, -488, -429, 
-810, -644, 165, 727, -488, -239, -136, -292, 483, 165, -488, -429, 
-810, -644, 165, 727, -488, -239, -136, -292, 497, 165, -488, -429, 
-810, -644, 165, 727, -488, -239, -136, -292, 512, 165, -488, -429, 
-810, -644, 165, 727, -488, -239, -136, -292, 527, 165, -488, -429, 
-810, -634, 175, 722, -492, -229, -151, -307, 497, 165, -478, -419, 
-810, -634, 175, 722, -492, -229, -156, -312, 478, 165, -478, -419, 
-810, -634, 175, 722, -492, -229, -161, -317, 458, 165, -478, -419, 
-810, -634, 175, 722, -492, -229, -165, -322, 439, 165, -478, -419, 
-819, -624, 195, 722, -507, -214, -170, -326, 458, 156, -488, -419, 
-819, -624, 195, 722, -507, -214, -175, -331, 468, 156, -488, -419, 
-819, -624, 195, 722, -507, -214, -180, -336, 478, 156, -488, -419, 
-819, -624, 195, 722, -507, -214, -185, -341, 488, 156, -488, -419, 
-819, -624, 195, 722, -507, -214, -190, -331, 483, 156, -497, -429, 
-819, -624, 195, 722, -507, -214, -195, -331, 478, 156, -497, -429, 
-819, -624, 195, 722, -507, -214, -200, -331, 473, 156, -497, -429, 
-819, -624, 195, 722, -507, -214, -204, -331, 468, 156, -497, -429, 
-810, -624, 185, 717, -497, -219, -204, -341, 453, 146, -497, -439, 
-810, -624, 185, 717, -497, -219, -204, -341, 448, 146, -497, -439, 
-810, -624, 185, 717, -497, -219, -204, -341, 444, 146, -497, -439, 
-810, -624, 185, 717, -497, -219, -204, -341, 439, 146, -497, -439, 
-810, -634, 175, 722, -492, -229, -195, -331, 463, 146, -497, -429, 
-810, -634, 175, 722, -492, -229, -195, -331, 478, 146, -497, -429, 
-810, -634, 175, 722, -492, -229, -195, -331, 492, 146, -497, -429, 
-810, -634, 175, 722, -492, -229, -195, -331, 507, 146, -497, -429, 
-810, -639, 170, 724, -490, -234, -204, -341, 478, 146, -497, -439, 
-810, -644, 165, 727, -488, -239, -204, -341, 458, 146, -497, -439, 
-810, -649, 161, 729, -485, -244, -204, -341, 439, 146, -497, -439, 
-810, -653, 156, 732, -483, -248, -204, -341, 419, 146, -497, -439, 
-800, -658, 141, 729, -470, -258, -200, -336, 439, 136, -507, -448, 
-800, -663, 136, 732, -468, -263, -195, -331, 448, 136, -507, -448, 
-800, -668, 131, 734, -466, -268, -190, -326, 458, 136, -507, -448, 
-800, -673, 126, 736, -463, -273, -185, -322, 468, 136, -507, -448, 
-810, -678, 131, 744, -470, -273, -175, -322, 458, 126, -522, -453, 
-810, -683, 126, 746, -468, -278, -175, -322, 458, 126, -527, -458, 
-810, -688, 122, 749, -466, -283, -175, -322, 458, 126, -531, -463, 
-810, -692, 117, 751, -463, -287, -175, -322, 458, 126, -536, -468, 
-819, -707, 112, 763, -466, -297, -170, -322, 439, 117, -546, -468, 
-819, -712, 107, 766, -463, -302, -165, -322, 429, 117, -546, -468, 
-819, -717, 102, 768, -461, -307, -161, -322, 419, 117, -546, -468, 
-819, -722, 97, 771, -458, -312, -156, -322, 409, 117, -546, -468, 
-819, -732, 87, 775, -453, -322, -151, -317, 439, 107, -546, -478, 
-819, -732, 87, 775, -453, -322, -146, -312, 458, 107, -546, -478, 
-819, -732, 87, 775, -453, -322, -141, -307, 478, 107, -546, -478, 
-819, -732, 87, 775, -453, -322, -136, -302, 497, 107, -546, -478, 
-829, -732, 97, 780, -463, -317, -136, -317, 473, 97, -556, -488, 
-829, -732, 97, 780, -463, -317, -136, -322, 448, 97, -556, -488, 
-829, -732, 97, 780, -463, -317, -136, -326, 424, 97, -556, -488, 
-829, -732, 97, 780, -463, -317, -136, -331, 400, 97, -556, -488, 
-829, -736, 92, 783, -461, -322, -126, -317, 414, 97, -566, -488, 
-829, -741, 87, 785, -458, -326, -126, -312, 429, 97, -566, -488, 
-829, -746, 82, 788, -456, -331, -126, -307, 444, 97, -566, -488, 
-829, -751, 78, 790, -453, -336, -126, -302, 458, 97, -566, -488, 
-829, -756, 73, 793, -451, -341, -122, -292, 458, 97, -566, -492, 
-829, -761, 68, 795, -448, -346, -117, -292, 458, 97, -566, -497, 
-829, -766, 63, 797, -446, -351, -112, -292, 458, 97, -566, -502, 
-829, -771, 58, 800, -444, -356, -107, -292, 458, 97, -566, -507, 
-834, -780, 53, 807, -444, -363, -97, -302, 439, 87, -575, -507, 
-839, -780, 58, 810, -448, -361, -97, -302, 429, 87, -575, -507, 
-844, -780, 63, 812, -453, -358, -97, -302, 419, 87, -575, -507, 
-849, -780, 68, 814, -458, -356, -97, -302, 409, 87, -575, -507, 
-839, -766, 73, 802, -456, -346, -97, -297, 434, 102, -570, -497, 
-839, -761, 78, 800, -458, -341, -97, -292, 458, 107, -566, -497, 
-839, -756, 82, 797, -461, -336, -97, -287, 483, 112, -561, -497, 
-839, -751, 87, 795, -463, -331, -97, -283, 507, 117, -556, -497, 
-839, -741, 97, 790, -468, -322, -102, -297, 488, 131, -546, -478, 
-839, -732, 107, 785, -473, -312, -107, -302, 468, 136, -536, -468, 
-839, -722, 117, 780, -478, -302, -112, -307, 448, 141, -527, -458, 
-839, -712, 126, 775, -483, -292, -117, -312, 429, 146, -517, -448, 
-839, -697, 141, 768, -490, -278, -126, -312, 448, 156, -517, -439, 
-839, -692, 146, 766, -492, -273, -126, -312, 458, 156, -517, -439, 
-839, -688, 151, 763, -495, -268, -126, -312, 468, 156, -517, -439, 
-839, -683, 156, 761, -497, -263, -126, -312, 478, 156, -517, -439, 
-839, -683, 156, 761, -497, -263, -136, -317, 468, 146, -517, -448, 
-839, -683, 156, 761, -497, -263, -136, -322, 468, 146, -517, -448, 
-839, -683, 156, 761, -497, -263, -136, -326, 468, 146, -517, -448, 
-839, -683, 156, 761, -497, -263, -136, -331, 468, 146, -517, -448, 
-839, -692, 146, 766, -492, -273, -146, -341, 458, 146, -517, -448, 
-839, -692, 146, 766, -492, -273, -146, -341, 448, 146, -517, -448, 
-839, -692, 146, 766, -492, -273, -146, -341, 439, 146, -517, -448, 
-839, -692, 146, 766, -492, -273, -146, -341, 429, 146, -517, -448, 
-839, -683, 156, 761, -497, -263, -151, -326, 448, 156, -517, -439, 
-839, -683, 156, 761, -497, -263, -156, -322, 468, 156, -517, -439, 
-839, -683, 156, 761, -497, -263, -161, -317, 488, 156, -517, -439, 
-839, -683, 156, 761, -497, -263, -165, -312, 507, 156, -517, -439, 
-839, -683, 156, 761, -497, -263, -175, -326, 478, 156, -517, -439, 
-839, -683, 156, 761, -497, -263, -175, -331, 458, 156, -517, -439, 
-839, -683, 156, 761, -497, -263, -175, -336, 439, 156, -517, -439, 
-839, -683, 156, 761, -497, -263, -175, -341, 419, 156, -517, -439, 
-829, -673, 156, 751, -492, -258, -175, -336, 434, 156, -517, -429, 
-829, -673, 156, 751, -492, -258, -175, -331, 448, 156, -517, -429, 
-829, -673, 156, 751, -492, -258, -175, -326, 463, 156, -517, -429, 
-829, -673, 156, 751, -492, -258, -175, -322, 478, 156, -517, -429, 
-819, -683, 136, 751, -478, -273, -175, -322, 468, 156, -517, -429, 
-819, -683, 136, 751, -478, -273, -175, -322, 468, 156, -517, -429, 
-819, -683, 136, 751, -478, -273, -175, -322, 468, 156, -517, -429, 
-819, -683, 136, 751, -478, -273, -175, -322, 468, 156, -517, -429, 
-819, -673, 146, 746, -483, -263, -185, -331, 458, 156, -507, -419, 
-819, -673, 146, 746, -483, -263, -185, -331, 448, 156, -507, -419, 
-819, -673, 146, 746, -483, -263, -185, -331, 439, 156, -507, -419, 
-819, -673, 146, 746, -483, -263, -185, -331, 429, 156, -507, -419, 
-819, -663, 156, 741, -488, -253, -175, -326, 448, 156, -507, -429, 
-819, -663, 156, 741, -488, -253, -175, -322, 468, 156, -507, -429, 
-819, -663, 156, 741, -488, -253, -175, -317, 488, 156, -507, -429, 
-819, -663, 156, 741, -488, -253, -175, -312, 507, 156, -507, -429, 
-810, -653, 156, 732, -483, -248, -185, -326, 473, 165, -497, -429, 
-810, -653, 156, 732, -483, -248, -185, -331, 463, 165, -497, -429, 
-810, -653, 156, 732, -483, -248, -185, -336, 463, 165, -497, -429, 
-810, -653, 156, 732, -483, -248, -185, -341, 429, 165, -502, -429, 
-810, -653, 156, 732, -483, -248, -185, -336, 434, 161, -502, -424, 
-810, -658, 151, 734, -480, -253, -180, -331, 463, 161, -502, -424, 
-810, -663, 146, 736, -478, -258, -180, -326, 468, 161, -502, -424, 
-814, -663, 151, 739, -483, -256, -180, -322, 483, 161, -502, -419, 
-824, -658, 165, 741, -495, -246, -170, -322, 468, 161, -502, -414, 
-824, -658, 165, 741, -495, -246, -170, -326, 468, 161, -502, -414, 
-824, -653, 170, 739, -497, -241, -170, -326, 473, 161, -502, -414, 
-824, -653, 170, 739, -497, -241, -170, -326, 483, 161, -502, -414, 
-814, -653, 161, 734, -488, -246, -180, -326, 478, 165, -507, -414, 
-814, -653, 161, 734, -488, -246, -180, -326, 463, 165, -507, -419, 
-814, -653, 161, 734, -488, -246, -180, -331, 439, 165, -507, -419, 
-814, -653, 161, 734, -488, -246, -180, -336, 444, 165, -507, -414, 
-814, -663, 151, 739, -483, -256, -180, -331, 473, 156, -507, -414, 
-814, -663, 151, 739, -483, -256, -180, -326, 473, 156, -507, -414, 
-814, -663, 151, 739, -483, -256, -180, -322, 478, 156, -507, -414, 
-814, -663, 151, 739, -483, -256, -180, -322, 497, 156, -507, -414, 
-824, -663, 161, 744, -492, -251, -190, -346, 463, 146, -517, -424, 
-824, -663, 161, 744, -492, -251, -190, -341, 448, 146, -517, -424, 
-819, -663, 156, 741, -488, -253, -195, -346, 429, 146, -517, -424, 
-819, -668, 151, 744, -485, -258, -200, -356, 405, 146, -517, -424, 
-819, -678, 141, 749, -480, -268, -200, -341, 434, 146, -527, -429, 
-824, -678, 146, 751, -485, -265, -195, -341, 453, 146, -527, -429, 
-824, -678, 146, 751, -485, -265, -190, -341, 468, 146, -527, -429, 
-829, -678, 151, 753, -490, -263, -185, -346, 448, 146, -531, -434, 
-839, -688, 151, 763, -495, -268, -180, -346, 468, 146, -522, -434, 
-839, -688, 151, 763, -495, -268, -175, -351, 458, 141, -522, -434, 
-834, -688, 146, 761, -490, -270, -170, -346, 453, 141, -522, -434, 
-834, -688, 146, 761, -490, -270, -165, -341, 453, 141, -522, -434, 
-839, -697, 141, 768, -490, -278, -175, -351, 463, 146, -531, -444, 
-839, -692, 146, 766, -492, -273, -175, -351, 448, 146, -527, -444, 
-839, -688, 151, 763, -495, -268, -175, -346, 434, 146, -527, -444, 
-839, -688, 151, 763, -495, -268, -175, -341, 424, 146, -527, -444, 
-839, -697, 141, 768, -490, -278, -175, -336, 448, 136, -536, -444, 
-839, -692, 146, 766, -492, -273, -175, -331, 463, 136, -536, -444, 
-844, -692, 151, 768, -497, -270, -170, -331, 473, 136, -536, -439, 
-844, -692, 151, 768, -497, -270, -170, -331, 497, 136, -536, -439, 
-849, -697, 151, 773, -500, -273, -180, -351, 458, 136, -536, -448, 
-849, -697, 151, 773, -500, -273, -180, -341, 434, 136, -536, -448, 
-849, -697, 151, 773, -500, -273, -180, -346, 424, 136, -536, -448, 
-849, -702, 146, 775, -497, -278, -180, -351, 409, 131, -541, -453, 
-849, -707, 141, 778, -495, -283, -175, -346, 424, 126, -541, -453, 
-849, -712, 136, 780, -492, -287, -170, -331, 439, 126, -541, -453, 
-849, -717, 131, 783, -490, -292, -165, -326, 453, 126, -541, -453, 
-849, -727, 122, 788, -485, -302, -161, -322, 458, 126, -541, -448, 
-849, -736, 112, 793, -480, -312, -151, -322, 448, 117, -546, -458, 
-849, -736, 112, 793, -480, -312, -146, -322, 453, 117, -551, -463, 
-849, -732, 117, 790, -483, -307, -146, -331, 444, 117, -556, -463, 
-849, -732, 117, 790, -483, -307, -151, -331, 468, 122, -556, -463, 
-858, -732, 126, 795, -492, -302, -151, -336, 458, 112, -566, -473, 
-858, -732, 126, 795, -492, -302, -151, -341, 444, 112, -566, -473, 
-854, -732, 122, 793, -488, -305, -151, -341, 419, 107, -566, -473, 
-854, -727, 126, 790, -490, -300, -151, -346, 405, 107, -566, -473, 
-854, -727, 126, 790, -490, -300, -141, -326, 429, 112, -556, -463, 
-854, -727, 126, 790, -490, -300, -141, -317, 453, 122, -556, -463, 
-854, -727, 126, 790, -490, -300, -141, -307, 488, 126, -556, -463, 
-854, -727, 126, 790, -490, -300, -141, -302, 502, 131, -556, -458, 
-854, -717, 136, 785, -495, -290, -141, -317, 478, 136, -546, -444, 
-854, -717, 136, 785, -495, -290, -136, -317, 458, 141, -541, -439, 
-854, -717, 136, 785, -495, -290, -136, -322, 444, 146, -536, -434, 
-854, -717, 136, 785, -495, -290, -136, -326, 424, 151, -531, -429, 
-854, -717, 136, 785, -495, -290, -122, -317, 473, 161, -522, -429, 
-854, -712, 141, 783, -497, -285, -117, -307, 492, 161, -522, -429, 
-854, -712, 141, 783, -497, -285, -117, -297, 492, 161, -522, -429, 
-854, -712, 141, 783, -497, -285, -112, -287, 497, 161, -522, -429, 
-844, -712, 131, 778, -488, -290, -112, -287, 507, 165, -522, -419, 
-844, -712, 131, 778, -488, -290, -112, -292, 488, 170, -522, -419, 
-844, -712, 131, 778, -488, -290, -112, -292, 492, 175, -522, -419, 
-844, -712, 131, 778, -488, -290, -112, -292, 502, 180, -522, -419, 
-844, -702, 141, 773, -492, -280, -126, -302, 478, 180, -512, -419, 
-844, -702, 141, 773, -492, -280, -126, -297, 468, 180, -512, -419, 
-844, -702, 141, 773, -492, -280, -122, -287, 473, 180, -512, -419, 
-844, -707, 136, 775, -490, -285, -122, -287, 468, 185, -512, -419, 
-844, -697, 146, 771, -495, -275, -122, -268, 546, 185, -512, -419, 
-844, -697, 146, 771, -495, -275, -112, -278, 541, 175, -512, -419, 
-844, -697, 146, 771, -495, -275, -107, -278, 570, 175, -512, -419, 
-844, -697, 146, 771, -495, -275, -117, -302, 536, 170, -522, -429, 
-844, -697, 146, 771, -495, -275, -126, -336, 444, 156, -527, -424, 
-854, -692, 161, 773, -507, -265, -126, -346, 405, 156, -546, -439, 
-858, -683, 175, 771, -517, -253, -136, -351, 380, 141, -556, -444, 
-863, -673, 190, 768, -527, -241, -146, -385, 331, 112, -561, -448, 
-873, -663, 209, 768, -541, -226, -136, -390, 326, 87, -570, -444, 
-873, -644, 229, 758, -551, -207, -136, -380, 395, 73, -585, -458, 
-873, -644, 229, 758, -551, -207, -136, -366, 439, 73, -595, -458, 
-883, -644, 239, 763, -561, -202, -131, -336, 488, 107, -570, -448, 
-873, -644, 229, 758, -551, -207, -122, -297, 546, 151, -541, -439, 
-868, -624, 244, 746, -556, -190, -131, -307, 531, 204, -497, -424, 
-858, -605, 253, 732, -556, -175, -156, -322, 483, 302, -409, -370, 
-829, -570, 258, 700, -544, -156, -185, -317, 502, 434, -302, -292, 
-810, -522, 287, 666, -549, -117, -214, -336, 527, 585, -170, -190, 
-795, -448, 346, 622, -570, -51, -273, -444, 473, 741, -9, -58, 
-761, -361, 400, 561, -580, 19, -336, -580, 414, 917, 200, 102, 
-712, -263, 448, 488, -580, 92, -419, -727, 434, 1127, 444, 292, 
-644, -161, 483, 402, -563, 161, -536, -873, 434, 1361, 702, 502, 
-566, -87, 478, 326, -522, 195, -658, -1015, 409, 1595, 956, 697, 
-492, -34, 458, 263, -475, 212, -756, -1127, 414, 1820, 1190, 878, 
-434, -34, 400, 234, -417, 183, -839, -1220, 424, 2069, 1405, 1044, 
-370, -63, 307, 217, -339, 122, -912, -1283, 439, 2318, 1605, 1180, 
-312, -107, 204, 209, -258, 48, -995, -1312, 478, 2513, 1722, 1283, 
-283, -195, 87, 239, -185, -53, -1044, -1351, 488, 2552, 1703, 1293, 
-297, -341, -43, 319, -126, -192, -1054, -1390, 448, 2425, 1532, 1220, 
-326, -488, -161, 407, -82, -324, -1015, -1390, 434, 2225, 1312, 1078, 
-361, -610, -248, 485, -56, -429, -961, -1356, 419, 1961, 1024, 888, 
-444, -751, -307, 597, -68, -529, -883, -1337, 292, 1478, 590, 600, 
-522, -902, -380, 712, -70, -641, -771, -1302, 102, 912, 122, 283, 
-570, -1010, -439, 790, -65, -724, -688, -1229, -39, 439, -253, 29, 
-610, -1063, -453, 836, -78, -758, -639, -1195, -200, 29, -541, -161, 
-649, -1063, -414, 856, -117, -739, -610, -1176, -361, -278, -722, -292, 
-663, -1039, -375, 851, -143, -707, -570, -1088, -370, -346, -741, -317, 
-673, -1000, -326, 836, -173, -663, -507, -971, -287, -283, -692, -292, 
-673, -966, -292, 819, -190, -629, -463, -873, -195, -214, -634, -263, 
-653, -912, -258, 783, -197, -585, -448, -766, -24, -102, -585, -263, 
-644, -849, -204, 746, -219, -527, -414, -639, 209, 43, -536, -273, 
-649, -795, -146, 722, -251, -470, -395, -556, 336, 126, -497, -268, 
-663, -727, -63, 695, -300, -395, -385, -527, 409, 165, -448, -239, 
-707, -678, 29, 692, -368, -324, -341, -468, 502, 204, -448, -258, 
-732, -668, 63, 700, -397, -302, -302, -434, 512, 209, -463, -297, 
-751, -668, 82, 710, -417, -292, -283, -424, 439, 209, -463, -326, 
-761, -663, 97, 712, -429, -283, -253, -395, 419, 224, -468, -326, 
-780, -683, 97, 732, -439, -292, -219, -356, 434, 239, -468, -336, 
-790, -702, 87, 746, -439, -307, -185, -336, 424, 248, -478, -356, 
-800, -712, 87, 756, -444, -312, -175, -307, 468, 248, -473, -356, 
-800, -712, 87, 756, -444, -312, -161, -268, 556, 253, -492, -366, 
-800, -717, 82, 758, -441, -317, -170, -253, 561, 229, -502, -380, 
-800, -717, 82, 758, -441, -317, -170, -248, 580, 224, -517, -395, 
-805, -717, 87, 761, -446, -314, -165, -248, 600, 209, -527, -395, 
-805, -722, 82, 763, -444, -319, -165, -263, 590, 200, -531, -405, 
-810, -712, 97, 761, -453, -307, -151, -268, 541, 195, -531, -414, 
-810, -712, 97, 761, -453, -307, -151, -273, 512, 195, -536, -414, 
-814, -712, 102, 763, -458, -305, -151, -273, 488, 200, -536, -419, 
-819, -712, 107, 766, -463, -302, -146, -273, 473, 204, -536, -419, 
-829, -707, 122, 768, -475, -292, -136, -253, 522, 200, -536, -419, 
-829, -707, 122, 768, -475, -292, -141, -234, 566, 200, -536, -419, 
-829, -707, 122, 768, -475, -292, -146, -224, 566, 200, -536, -419, 
-829, -702, 126, 766, -478, -287, -151, -219, 575, 200, -536, -424, 
-829, -702, 126, 766, -478, -287, -141, -209, 590, 204, -541, -434, 
-834, -702, 131, 768, -483, -285, -151, -219, 575, 200, -546, -434, 
-834, -702, 131, 768, -483, -285, -151, -224, 566, 195, -546, -434, 
-834, -702, 131, 768, -483, -285, -151, -224, 575, 195, -546, -444, 
-834, -707, 126, 771, -480, -290, -136, -234, 551, 195, -546, -434, 
-839, -707, 131, 773, -485, -287, -131, -239, 531, 195, -551, -434, 
-839, -707, 131, 773, -485, -287, -131, -234, 536, 195, -551, -434, 
-839, -707, 131, 773, -485, -287, -131, -224, 531, 195, -551, -434, 
-849, -702, 146, 775, -497, -278, -126, -214, 580, 195, -551, -434, 
-849, -702, 146, 775, -497, -278, -126, -214, 595, 195, -546, -434, 
-849, -702, 146, 775, -497, -278, -131, -204, 619, 200, -546, -434, 
-854, -702, 151, 778, -502, -275, -131, -224, 624, 200, -546, -429, 
-844, -702, 141, 773, -492, -280, -141, -224, 585, 204, -536, -419, 
-839, -697, 141, 768, -490, -278, -141, -224, 575, 219, -536, -419, 
-839, -692, 146, 766, -492, -273, -141, -224, 561, 229, -527, -414, 
-839, -692, 146, 766, -492, -273, -141, -224, 541, 234, -527, -414, 
-839, -688, 151, 763, -495, -268, -141, -209, 590, 244, -512, -409, 
-834, -683, 151, 758, -492, -265, -141, -200, 624, 248, -507, -405, 
-834, -678, 156, 756, -495, -261, -141, -200, 639, 253, -502, -400, 
-834, -668, 165, 751, -500, -251, -146, -200, 649, 258, -492, -395, 
-824, -668, 156, 746, -490, -256, -151, -190, 658, 258, -492, -395, 
-824, -668, 156, 746, -490, -256, -156, -195, 639, 258, -492, -390, 
-819, -668, 151, 744, -485, -258, -156, -200, 639, 258, -492, -390, 
-819, -668, 151, 744, -485, -258, -151, -200, 644, 258, -492, -390, 
-819, -678, 141, 749, -480, -268, -141, -209, 624, 268, -492, -385, 
-819, -678, 141, 749, -480, -268, -146, -219, 610, 268, -492, -390, 
-819, -678, 141, 749, -480, -268, -146, -209, 610, 273, -492, -390, 
-824, -683, 141, 753, -483, -270, -146, -204, 614, 273, -492, -390, 
-824, -683, 141, 753, -483, -270, -146, -185, 658, 273, -492, -385, 
-824, -683, 141, 753, -483, -270, -141, -175, 697, 268, -492, -385, 
-819, -683, 136, 751, -478, -273, -136, -170, 732, 268, -492, -385, 
-819, -683, 136, 751, -478, -273, -131, -170, 746, 268, -488, -385, 
-819, -673, 146, 746, -483, -263, -131, -180, 697, 278, -488, -385, 
-819, -673, 146, 746, -483, -263, -131, -180, 688, 283, -488, -385, 
-819, -673, 146, 746, -483, -263, -131, -180, 658, 287, -488, -385, 
-819, -673, 146, 746, -483, -263, -131, -180, 629, 287, -488, -385, 
-810, -678, 131, 744, -470, -273, -126, -165, 663, 297, -483, -385, 
-810, -678, 131, 744, -470, -273, -126, -151, 697, 297, -483, -385, 
-810, -678, 131, 744, -470, -273, -122, -146, 712, 302, -483, -380, 
-810, -678, 131, 744, -470, -273, -117, -141, 722, 307, -483, -380, 
-819, -688, 131, 753, -475, -278, -107, -146, 736, 307, -483, -380, 
-819, -692, 126, 756, -473, -283, -107, -146, 722, 307, -478, -375, 
-819, -692, 126, 756, -473, -283, -107, -146, 707, 307, -473, -375, 
-814, -692, 122, 753, -468, -285, -107, -146, 732, 312, -473, -375, 
-814, -692, 122, 753, -468, -285, -117, -151, 697, 312, -483, -375, 
-814, -692, 122, 753, -468, -285, -117, -156, 678, 312, -483, -370, 
-814, -688, 126, 751, -470, -280, -117, -146, 697, 317, -483, -370, 
-814, -688, 126, 751, -470, -280, -117, -141, 683, 322, -478, -370, 
-810, -688, 122, 749, -466, -283, -107, -122, 707, 317, -478, -375, 
-810, -688, 122, 749, -466, -283, -107, -117, 736, 322, -478, -375, 
-810, -683, 126, 746, -468, -278, -107, -112, 766, 322, -473, -375, 
-810, -683, 126, 746, -468, -278, -107, -112, 785, 317, -463, -375, 
-810, -688, 122, 749, -466, -283, -112, -122, 741, 322, -473, -370, 
-805, -683, 122, 744, -463, -280, -117, -126, 717, 331, -473, -370, 
-805, -683, 122, 744, -463, -280, -117, -126, 688, 331, -473, -366, 
-805, -683, 122, 744, -463, -280, -122, -136, 668, 336, -468, -361, 
-810, -673, 136, 741, -473, -268, -131, -122, 707, 331, -468, -370, 
-810, -673, 136, 741, -473, -268, -126, -122, 727, 336, -463, -370, 
-805, -673, 131, 739, -468, -270, -126, -126, 722, 341, -458, -370, 
-805, -673, 131, 739, -468, -270, -126, -131, 727, 346, -453, -370, 
-795, -673, 122, 734, -458, -275, -136, -141, 736, 346, -463, -366, 
-800, -673, 126, 736, -463, -273, -136, -141, 736, 346, -453, -366, 
-800, -673, 126, 736, -463, -273, -141, -141, 732, 351, -453, -366, 
-795, -673, 122, 734, -458, -275, -141, -126, 756, 356, -453, -366, 
-795, -663, 131, 729, -463, -265, -156, -136, 741, 375, -448, -356, 
-790, -658, 131, 724, -461, -263, -161, -136, 717, 375, -439, -351, 
-790, -658, 131, 724, -461, -263, -161, -131, 727, 385, -434, -346, 
-790, -663, 126, 727, -458, -268, -161, -126, 722, 385, -424, -336, 
-790, -653, 136, 722, -463, -258, -161, -112, 741, 390, -429, -346, 
-790, -653, 136, 722, -463, -258, -161, -102, 771, 390, -434, -346, 
-790, -649, 141, 719, -466, -253, -156, -97, 810, 395, -439, -346, 
-790, -649, 141, 719, -466, -253, -156, -92, 814, 405, -439, -341, 
-775, -653, 122, 714, -448, -265, -165, -112, 785, 405, -434, -351, 
-775, -653, 122, 714, -448, -265, -170, -112, 766, 400, -434, -351, 
-775, -649, 126, 712, -451, -261, -175, -112, 746, 400, -434, -351, 
-771, -649, 122, 710, -446, -263, -180, -122, 727, 405, -429, -346, 
-780, -649, 131, 714, -456, -258, -185, -107, 775, 409, -434, -346, 
-775, -649, 126, 712, -451, -261, -185, -97, 810, 419, -429, -341, 
-775, -649, 126, 712, -451, -261, -190, -92, 805, 419, -429, -341, 
-775, -653, 122, 714, -448, -265, -190, -87, 824, 429, -424, -336, 
-766, -644, 122, 705, -444, -261, -190, -73, 849, 439, -419, -336, 
-761, -644, 117, 702, -439, -263, -190, -73, 829, 448, -414, -326, 
-761, -649, 112, 705, -436, -268, -185, -73, 834, 448, -409, -326, 
-756, -649, 107, 702, -431, -270, -185, -58, 854, 463, -409, -326, 
-766, -649, 117, 707, -441, -265, -190, -58, 839, 458, -409, -331, 
-766, -644, 122, 705, -444, -261, -195, -58, 829, 458, -405, -331, 
-761, -639, 122, 700, -441, -258, -200, -53, 834, 473, -405, -326, 
-761, -639, 122, 700, -441, -258, -204, -53, 839, 478, -395, -326, 
-756, -649, 107, 702, -431, -270, -200, -48, 868, 478, -395, -331, 
-756, -649, 107, 702, -431, -270, -200, -34, 902, 488, -395, -331, 
-746, -644, 102, 695, -424, -270, -204, -24, 932, 492, -395, -322, 
-746, -644, 102, 695, -424, -270, -214, -19, 951, 502, -395, -317, 
-751, -653, 97, 702, -424, -278, -209, -29, 917, 507, -395, -326, 
-741, -653, 87, 697, -414, -283, -209, -19, 907, 517, -390, -326, 
-741, -653, 87, 697, -414, -283, -209, -14, 883, 522, -390, -326, 
-741, -653, 87, 697, -414, -283, -209, -14, 858, 522, -380, -317, 
-736, -653, 82, 695, -409, -285, -200, 0, 907, 522, -390, -317, 
-736, -653, 82, 695, -409, -285, -200, 14, 936, 527, -390, -317, 
-736, -653, 82, 695, -409, -285, -204, 19, 946, 531, -390, -312, 
-732, -653, 78, 692, -405, -287, -204, 29, 961, 531, -385, -307, 
-727, -668, 58, 697, -392, -305, -195, 48, 976, 536, -385, -307, 
-727, -668, 58, 697, -392, -305, -200, 48, 966, 536, -380, -307, 
-722, -668, 53, 695, -387, -307, -200, 48, 961, 536, -380, -307, 
-712, -673, 39, 692, -375, -317, -200, 48, 976, 541, -385, -307, 
-712, -688, 24, 700, -368, -331, -204, 39, 956, 541, -385, -317, 
-707, -688, 19, 697, -363, -334, -204, 39, 936, 536, -390, -317, 
-707, -692, 14, 700, -361, -339, -200, 43, 932, 536, -390, -317, 
-707, -692, 14, 700, -361, -339, -200, 43, 932, 531, -395, -317, 
-717, -707, 9, 712, -363, -348, -190, 43, 946, 531, -405, -326, 
-717, -707, 9, 712, -363, -348, -195, 48, 971, 527, -414, -326, 
-717, -707, 9, 712, -363, -348, -195, 53, 1000, 527, -414, -326, 
-717, -712, 4, 714, -361, -353, -200, 48, 1010, 517, -419, -326, 
-712, -702, 9, 707, -361, -346, -200, 29, 961, 517, -414, -317, 
-712, -697, 14, 705, -363, -341, -200, 29, 936, 512, -419, -317, 
-712, -697, 14, 705, -363, -341, -200, 29, 912, 512, -424, -317, 
-717, -697, 19, 707, -368, -339, -200, 29, 893, 507, -434, -317, 
-717, -688, 29, 702, -373, -329, -190, 29, 932, 517, -424, -312, 
-722, -688, 34, 705, -378, -326, -190, 29, 946, 517, -424, -307, 
-722, -688, 34, 705, -378, -326, -195, 19, 951, 512, -424, -307, 
-722, -683, 39, 702, -380, -322, -195, 4, 961, 507, -419, -312, 
-732, -673, 58, 702, -395, -307, -190, 9, 971, 507, -424, -302, 
-736, -673, 63, 705, -400, -305, -185, -4, 941, 497, -424, -302, 
-736, -673, 63, 705, -400, -305, -180, -9, 936, 492, -429, -307, 
-741, -673, 68, 707, -405, -302, -175, -14, 936, 492, -434, -307, 
-732, -673, 58, 702, -395, -307, -185, -34, 897, 483, -448, -322, 
-736, -673, 63, 705, -400, -305, -185, -43, 868, 473, -453, -322, 
-736, -673, 63, 705, -400, -305, -180, -53, 858, 458, -458, -322, 
-741, -678, 63, 710, -402, -307, -180, -53, 839, 448, -463, -331, 
-746, -678, 68, 712, -407, -305, -175, -53, 849, 444, -458, -322, 
-746, -673, 73, 710, -409, -300, -175, -53, 873, 439, -463, -326, 
-756, -663, 92, 710, -424, -285, -175, -53, 902, 434, -463, -331, 
-756, -658, 97, 707, -427, -280, -175, -68, 912, 424, -473, -331, 
-751, -649, 102, 700, -427, -273, -165, -97, 849, 424, -478, -326, 
-751, -653, 97, 702, -424, -278, -165, -102, 810, 409, -483, -331, 
-756, -653, 102, 705, -429, -275, -165, -117, 766, 405, -488, -331, 
-756, -653, 102, 705, -429, -275, -165, -136, 717, 400, -488, -336, 
-761, -663, 97, 712, -429, -283, -165, -136, 741, 390, -483, -331, 
-766, -663, 102, 714, -434, -280, -165, -141, 756, 380, -492, -336, 
-771, -663, 107, 717, -439, -278, -161, -151, 751, 375, -492, -336, 
-775, -658, 117, 717, -446, -270, -161, -156, 746, 366, -492, -336, 
-775, -649, 126, 712, -451, -261, -156, -146, 746, 356, -497, -341, 
-780, -649, 131, 714, -456, -258, -156, -161, 722, 346, -497, -346, 
-780, -649, 131, 714, -456, -258, -156, -175, 692, 341, -497, -346, 
-785, -649, 136, 717, -461, -256, -156, -180, 692, 331, -497, -351, 
-780, -634, 146, 707, -463, -244, -161, -190, 668, 331, -497, -341, 
-785, -634, 151, 710, -468, -241, -161, -209, 629, 331, -497, -346, 
-790, -639, 151, 714, -470, -244, -156, -214, 614, 331, -502, -346, 
-795, -639, 156, 717, -475, -241, -156, -209, 605, 326, -502, -346, 
-795, -634, 161, 714, -478, -236, -165, -219, 624, 312, -502, -346, 
-800, -629, 170, 714, -485, -229, -165, -214, 639, 307, -497, -346, 
-805, -629, 175, 717, -490, -226, -165, -214, 663, 307, -492, -351, 
-805, -624, 180, 714, -492, -222, -165, -219, 663, 302, -492, -351, 
-810, -619, 190, 714, -500, -214, -170, -229, 610, 292, -502, -351, 
-810, -619, 190, 714, -500, -214, -175, -234, 580, 287, -502, -351, 
-810, -619, 190, 714, -500, -214, -180, -244, 551, 283, -502, -356, 
-814, -619, 195, 717, -505, -212, -185, -253, 522, 278, -507, -356, 
-805, -619, 185, 712, -495, -217, -190, -244, 546, 273, -502, -366, 
-810, -624, 185, 717, -497, -219, -195, -234, 570, 273, -502, -366, 
-810, -629, 180, 719, -495, -224, -204, -244, 570, 268, -502, -366, 
-810, -629, 180, 719, -495, -224, -209, -248, 580, 263, -507, -370, 
-810, -634, 175, 722, -492, -229, -209, -248, 575, 253, -517, -375, 
-810, -639, 170, 724, -490, -234, -209, -253, 551, 253, -522, -375, 
-814, -639, 175, 727, -495, -231, -209, -263, 541, 248, -522, -375, 
-814, -639, 175, 727, -495, -231, -209, -263, 541, 248, -522, -375, 
-814, -644, 170, 729, -492, -236, -219, -273, 507, 239, -531, -385, 
-814, -649, 165, 732, -490, -241, -219, -292, 483, 234, -531, -390, 
-814, -658, 156, 736, -485, -251, -214, -292, 478, 234, -531, -390, 
-819, -663, 156, 741, -488, -253, -209, -297, 478, 234, -531, -390, 
-819, -668, 151, 744, -485, -258, -219, -287, 488, 224, -546, -390, 
-819, -668, 151, 744, -485, -258, -224, -287, 507, 219, -546, -390, 
-819, -668, 151, 744, -485, -258, -224, -287, 536, 219, -546, -395, 
-819, -668, 151, 744, -485, -258, -219, -292, 541, 219, -551, -395, 
-824, -678, 146, 751, -485, -265, -219, -307, 497, 214, -541, -405, 
-824, -683, 141, 753, -483, -270, -214, -317, 478, 214, -541, -405, 
-824, -683, 141, 753, -483, -270, -214, -326, 453, 214, -546, -409, 
-824, -683, 141, 753, -483, -270, -214, -336, 429, 204, -546, -409, 
-829, -692, 136, 761, -483, -278, -200, -326, 458, 214, -546, -409, 
-834, -692, 141, 763, -488, -275, -200, -326, 488, 214, -546, -409, 
-839, -692, 146, 766, -492, -273, -200, -326, 497, 214, -551, -414, 
-844, -688, 156, 766, -500, -265, -200, -326, 497, 214, -551, -414, 
-844, -688, 156, 766, -500, -265, -200, -326, 502, 209, -551, -424, 
-844, -692, 151, 768, -497, -270, -200, -326, 488, 204, -556, -424, 
-844, -697, 146, 771, -495, -275, -200, -326, 483, 195, -566, -419, 
-844, -697, 146, 771, -495, -275, -200, -326, 488, 190, -570, -419, 
-844, -702, 141, 773, -492, -280, -190, -336, 468, 180, -570, -424, 
-849, -702, 146, 775, -497, -278, -190, -346, 444, 185, -570, -424, 
-849, -702, 146, 775, -497, -278, -190, -351, 439, 185, -575, -429, 
-849, -702, 146, 775, -497, -278, -190, -356, 439, 185, -580, -434, 
-858, -707, 151, 783, -505, -278, -185, -341, 448, 185, -590, -434, 
-858, -712, 146, 785, -502, -283, -185, -331, 478, 185, -590, -434, 
-858, -712, 146, 785, -502, -283, -180, -326, 502, 185, -590, -434, 
-858, -717, 141, 788, -500, -287, -175, -331, 512, 185, -590, -434, 
-858, -722, 136, 790, -497, -292, -165, -341, 468, 180, -590, -448, 
-858, -727, 131, 793, -495, -297, -165, -346, 453, 175, -590, -448, 
-858, -732, 126, 795, -492, -302, -165, -351, 424, 170, -590, -448, 
-858, -736, 122, 797, -490, -307, -165, -356, 395, 165, -590, -444, 
-863, -736, 126, 800, -495, -305, -156, -346, 424, 161, -605, -453, 
-863, -741, 122, 802, -492, -309, -161, -346, 439, 161, -610, -453, 
-863, -741, 122, 802, -492, -309, -161, -346, 448, 156, -614, -453, 
-863, -746, 117, 805, -490, -314, -161, -346, 453, 151, -614, -453, 
-873, -751, 122, 812, -497, -314, -151, -331, 458, 141, -624, -463, 
-873, -756, 117, 814, -495, -319, -151, -326, 448, 136, -624, -463, 
-873, -761, 112, 817, -492, -324, -151, -326, 429, 136, -624, -463, 
-873, -766, 107, 819, -490, -329, -141, -322, 444, 141, -624, -463, 
-873, -775, 97, 824, -485, -339, -141, -326, 424, 136, -629, -468, 
-873, -780, 92, 827, -483, -344, -141, -336, 405, 131, -634, -473, 
-873, -790, 82, 832, -478, -353, -136, -341, 390, 126, -639, -478, 
-873, -795, 78, 834, -475, -358, -136, -331, 380, 122, -639, -478, 
-878, -785, 92, 832, -485, -346, -136, -322, 414, 131, -639, -478, 
-878, -780, 97, 829, -488, -341, -131, -312, 444, 131, -639, -478, 
-878, -780, 97, 829, -488, -341, -126, -302, 478, 131, -639, -483, 
-878, -780, 97, 829, -488, -341, -122, -297, 507, 131, -639, -483, 
-878, -761, 117, 819, -497, -322, -112, -302, 453, 141, -624, -468, 
-873, -756, 117, 814, -495, -319, -117, -307, 444, 151, -614, -468, 
-873, -751, 122, 812, -497, -314, -117, -307, 424, 156, -610, -458, 
-873, -746, 126, 810, -500, -309, -117, -312, 400, 156, -605, -458, 
-873, -736, 136, 805, -505, -300, -122, -312, 434, 170, -590, -453, 
-873, -732, 141, 802, -507, -295, -122, -312, 473, 175, -585, -448, 
-873, -732, 141, 802, -507, -295, -126, -312, 478, 180, -585, -444, 
-873, -727, 146, 800, -509, -290, -131, -307, 492, 185, -585, -439, 
-873, -707, 165, 790, -519, -270, -141, -292, 512, 195, -580, -429, 
-873, -692, 180, 783, -527, -256, -141, -287, 492, 200, -575, -429, 
-873, -683, 190, 778, -531, -246, -141, -283, 488, 204, -570, -429, 
-873, -673, 200, 773, -536, -236, -141, -273, 507, 209, -566, -429, 
-878, -663, 214, 771, -546, -224, -151, -278, 488, 214, -561, -414, 
-873, -658, 214, 766, -544, -222, -151, -283, 478, 219, -556, -409, 
-873, -649, 224, 761, -549, -212, -151, -283, 478, 229, -551, -405, 
-873, -644, 229, 758, -551, -207, -156, -287, 473, 234, -541, -400, 
-863, -644, 219, 753, -541, -212, -156, -287, 502, 229, -541, -400, 
-863, -644, 219, 753, -541, -212, -161, -283, 531, 229, -541, -400, 
-863, -639, 224, 751, -544, -207, -165, -278, 561, 229, -541, -395, 
-863, -639, 224, 751, -544, -207, -165, -273, 570, 229, -536, -395, 
-873, -644, 229, 758, -551, -207, -170, -297, 531, 224, -546, -405, 
-873, -644, 229, 758, -551, -207, -175, -307, 502, 219, -546, -405, 
-873, -639, 234, 756, -553, -202, -185, -326, 478, 219, -546, -405, 
-873, -639, 234, 756, -553, -202, -190, -336, 448, 214, -546, -400, 
-863, -634, 229, 749, -546, -202, -200, -336, 478, 224, -536, -395, 
-863, -629, 234, 746, -549, -197, -200, -336, 507, 224, -536, -390, 
-873, -624, 248, 749, -561, -187, -200, -336, 522, 224, -536, -380, 
-873, -619, 253, 746, -563, -183, -204, -336, 536, 224, -536, -375, 
-868, -619, 248, 744, -558, -185, -214, -326, 536, 229, -536, -380, 
-868, -619, 248, 744, -558, -185, -214, -336, 517, 229, -536, -385, 
-868, -619, 248, 744, -558, -185, -214, -336, 507, 234, -536, -385, 
-868, -619, 248, 744, -558, -185, -209, -331, 512, 239, -541, -390, 
-863, -619, 244, 741, -553, -187, -209, -336, 497, 239, -531, -390, 
-863, -619, 244, 741, -553, -187, -209, -346, 478, 229, -531, -390, 
-863, -619, 244, 741, -553, -187, -209, -351, 473, 229, -531, -390, 
-863, -624, 239, 744, -551, -192, -209, -356, 463, 229, -536, -390, 
-868, -619, 248, 744, -558, -185, -209, -341, 497, 229, -527, -385, 
-868, -619, 248, 744, -558, -185, -209, -336, 512, 229, -531, -390, 
-868, -619, 248, 744, -558, -185, -209, -331, 531, 224, -531, -385, 
-868, -619, 248, 744, -558, -185, -209, -326, 536, 224, -531, -380, 
-858, -629, 229, 744, -544, -200, -219, -346, 492, 219, -527, -380, 
-858, -629, 229, 744, -544, -200, -219, -351, 468, 219, -527, -380, 
-854, -629, 224, 741, -539, -202, -219, -356, 458, 214, -531, -380, 
-854, -629, 224, 741, -539, -202, -219, -361, 434, 209, -531, -380, 
-844, -639, 204, 741, -524, -217, -209, -351, 453, 219, -531, -390, 
-844, -639, 204, 741, -524, -217, -214, -351, 483, 219, -531, -390, 
-844, -639, 204, 741, -524, -217, -214, -351, 497, 219, -531, -390, 
-844, -639, 204, 741, -524, -217, -219, -351, 497, 219, -536, -395, 
-844, -634, 209, 739, -527, -212, -209, -341, 492, 214, -541, -400, 
-844, -639, 204, 741, -524, -217, -209, -341, 488, 209, -541, -405, 
-849, -644, 204, 746, -527, -219, -209, -341, 483, 204, -541, -405, 
-854, -644, 209, 749, -531, -217, -209, -341, 488, 204, -541, -405, 
-849, -649, 200, 749, -524, -224, -209, -346, 458, 204, -541, -405, 
-849, -649, 200, 749, -524, -224, -209, -361, 444, 204, -546, -400, 
-849, -649, 200, 749, -524, -224, -209, -375, 434, 200, -551, -400, 
-854, -649, 204, 751, -529, -222, -209, -380, 444, 200, -551, -400, 
-854, -639, 214, 746, -534, -212, -200, -361, 473, 209, -551, -395, 
-854, -644, 209, 749, -531, -217, -200, -351, 483, 204, -551, -395, 
-854, -644, 209, 749, -531, -217, -200, -341, 497, 204, -551, -395, 
-854, -649, 204, 751, -529, -222, -200, -331, 517, 209, -551, -395, 
-854, -658, 195, 756, -524, -231, -200, -341, 473, 200, -541, -395, 
-854, -653, 200, 753, -527, -226, -200, -336, 453, 200, -541, -400, 
-854, -653, 200, 753, -527, -226, -200, -336, 444, 200, -541, -400, 
-854, -653, 200, 753, -527, -226, -200, -341, 429, 200, -546, -395, 
-849, -653, 195, 751, -522, -229, -190, -346, 463, 200, -546, -405, 
-849, -649, 200, 749, -524, -224, -185, -346, 488, 200, -546, -400, 
-849, -649, 200, 749, -524, -224, -185, -346, 492, 200, -546, -400, 
-849, -649, 200, 749, -524, -224, -185, -346, 488, 204, -546, -400, 
-849, -649, 200, 749, -524, -224, -195, -341, 483, 195, -556, -409, 
-849, -644, 204, 746, -527, -219, -195, -336, 483, 195, -556, -409, 
-844, -644, 200, 744, -522, -222, -195, -331, 478, 195, -556, -409, 
-844, -644, 200, 744, -522, -222, -195, -326, 497, 195, -551, -409, 
-844, -653, 190, 749, -517, -231, -185, -322, 478, 195, -556, -409, 
-844, -653, 190, 749, -517, -231, -185, -326, 463, 195, -561, -409, 
-844, -658, 185, 751, -514, -236, -185, -326, 458, 200, -561, -409, 
-839, -658, 180, 749, -509, -239, -185, -326, 458, 200, -566, -409, 
-849, -663, 185, 756, -517, -239, -175, -322, 502, 195, -575, -419, 
-849, -668, 180, 758, -514, -244, -175, -312, 512, 195, -580, -419, 
-849, -668, 180, 758, -514, -244, -175, -307, 531, 195, -580, -419, 
-849, -673, 175, 761, -512, -248, -170, -302, 551, 195, -580, -419, 
-858, -683, 175, 771, -517, -253, -170, -312, 497, 185, -590, -429, 
-858, -688, 170, 773, -514, -258, -170, -322, 468, 180, -590, -429, 
-858, -688, 170, 773, -514, -258, -170, -331, 453, 180, -590, -429, 
-858, -692, 165, 775, -512, -263, -170, -341, 429, 180, -590, -429, 
-868, -702, 165, 785, -517, -268, -156, -341, 448, 170, -590, -439, 
-868, -702, 165, 785, -517, -268, -146, -341, 468, 170, -590, -439, 
-868, -702, 165, 785, -517, -268, -141, -341, 483, 170, -590, -439, 
-873, -702, 170, 788, -522, -265, -131, -346, 492, 170, -590, -439, 
-873, -712, 161, 793, -517, -275, -141, -341, 483, 165, -600, -448, 
-873, -712, 161, 793, -517, -275, -146, -336, 478, 165, -600, -448, 
-873, -712, 161, 793, -517, -275, -146, -336, 478, 165, -600, -448, 
-873, -712, 161, 793, -517, -275, -146, -336, 488, 165, -600, -448, 
-883, -722, 161, 802, -522, -280, -156, -346, 473, 151, -610, -448, 
-883, -722, 161, 802, -522, -280, -156, -361, 448, 151, -610, -448, 
-883, -722, 161, 802, -522, -280, -156, -370, 434, 146, -610, -448, 
-883, -727, 156, 805, -519, -285, -156, -375, 424, 146, -614, -453, 
-873, -727, 146, 800, -509, -290, -165, -366, 453, 146, -614, -453, 
-873, -727, 146, 800, -509, -290, -165, -356, 483, 146, -614, -453, 
-873, -727, 146, 800, -509, -290, -165, -346, 492, 141, -614, -453, 
-873, -732, 141, 802, -507, -295, -170, -341, 502, 141, -614, -453, 
-878, -722, 156, 800, -517, -283, -180, -361, 458, 141, -619, -468, 
-883, -722, 161, 802, -522, -280, -180, -366, 434, 141, -624, -468, 
-888, -717, 170, 802, -529, -273, -180, -370, 424, 141, -624, -468, 
-893, -712, 180, 802, -536, -265, -180, -375, 405, 136, -624, -468, 
-893, -697, 195, 795, -544, -251, -170, -366, 434, 151, -605, -458, 
-897, -692, 204, 795, -551, -244, -175, -356, 463, 156, -600, -458, 
-897, -688, 209, 793, -553, -239, -180, -351, 492, 161, -595, -458, 
-897, -683, 214, 790, -556, -234, -185, -351, 483, 165, -590, -448, 
-897, -663, 234, 780, -566, -214, -165, -351, 561, 180, -580, -429, 
-893, -653, 239, 773, -566, -207, -165, -341, 546, 180, -585, -439, 
-878, -653, 224, 766, -551, -214, -175, -366, 468, 175, -585, -439, 
-888, -653, 234, 771, -561, -209, -175, -370, 419, 185, -585, -439, 
-888, -653, 234, 771, -561, -209, -175, -370, 419, 180, -585, -439, 
-888, -653, 234, 771, -561, -209, -175, -370, 419, 175, -585, -439, 
-888, -653, 234, 771, -561, -209, -175, -370, 419, 170, -585, -439, 
-888, -653, 234, 771, -561, -209, -175, -370, 419, 165, -585, -439, 
-888, -663, 224, 775, -556, -219, -165, -356, 453, 170, -575, -439, 
-888, -663, 224, 775, -556, -219, -165, -351, 488, 175, -575, -439, 
-888, -663, 224, 775, -556, -219, -165, -346, 522, 180, -575, -439, 
-888, -663, 224, 775, -556, -219, -165, -341, 556, 185, -575, -439, 
-888, -653, 234, 771, -561, -209, -165, -351, 527, 185, -575, -439, 
-888, -653, 234, 771, -561, -209, -165, -351, 497, 185, -575, -439, 
-888, -653, 234, 771, -561, -209, -165, -351, 468, 185, -575, -439, 
-888, -653, 234, 771, -561, -209, -165, -351, 439, 185, -575, -439, 
-888, -653, 234, 771, -561, -209, -165, -351, 453, 185, -575, -439, 
-888, -653, 234, 771, -561, -209, -165, -351, 468, 185, -575, -439, 
-888, -653, 234, 771, -561, -209, -165, -351, 483, 185, -575, -439, 
-888, -653, 234, 771, -561, -209, -165, -351, 497, 185, -575, -439, 
-888, -644, 244, 766, -566, -200, -175, -341, 507, 185, -585, -439, 
-888, -644, 244, 766, -566, -200, -175, -341, 507, 185, -585, -439, 
-888, -644, 244, 766, -566, -200, -175, -341, 507, 185, -585, -439, 
-888, -644, 244, 766, -566, -200, -175, -341, 507, 185, -585, -439, 
-878, -649, 229, 763, -553, -209, -165, -346, 488, 185, -575, -439, 
-878, -653, 224, 766, -551, -214, -165, -351, 468, 185, -575, -439, 
-878, -658, 219, 768, -549, -219, -165, -356, 448, 185, -575, -439, 
-878, -663, 214, 771, -546, -224, -165, -361, 429, 185, -575, -439, 
-878, -653, 224, 766, -551, -214, -165, -356, 458, 185, -575, -439, 
-878, -653, 224, 766, -551, -214, -165, -351, 488, 185, -575, -439, 
-878, -653, 224, 766, -551, -214, -165, -346, 517, 185, -575, -439, 
-878, -653, 224, 766, -551, -214, -165, -341, 546, 185, -575, -439, 
-878, -663, 214, 771, -546, -224, -175, -356, 507, 175, -585, -439, 
-878, -663, 214, 771, -546, -224, -175, -361, 478, 175, -585, -439, 
-878, -663, 214, 771, -546, -224, -175, -366, 448, 175, -585, -439, 
-878, -663, 214, 771, -546, -224, -175, -370, 419, 175, -585, -439, 
-888, -663, 224, 775, -556, -219, -185, -375, 429, 170, -595, -448, 
-888, -663, 224, 775, -556, -219, -185, -380, 439, 165, -595, -448, 
-888, -663, 224, 775, -556, -219, -185, -385, 448, 161, -595, -448, 
-888, -663, 224, 775, -556, -219, -185, -390, 458, 156, -595, -448, 
-888, -673, 214, 780, -551, -229, -195, -390, 468, 156, -595, -458, 
-888, -673, 214, 780, -551, -229, -195, -390, 468, 156, -595, -458, 
-888, -673, 214, 780, -551, -229, -195, -390, 468, 156, -595, -458, 
-888, -673, 214, 780, -551, -229, -195, -390, 468, 156, -595, -458, 
-878, -683, 195, 780, -536, -244, -204, -400, 444, 156, -595, -448, 
-878, -683, 195, 780, -536, -244, -204, -400, 429, 156, -595, -448, 
-878, -683, 195, 780, -536, -244, -204, -400, 414, 156, -595, -448, 
-878, -683, 195, 780, -536, -244, -204, -400, 400, 156, -595, -448, 
-868, -683, 185, 775, -527, -248, -204, -395, 434, 146, -605, -458, 
-868, -683, 185, 775, -527, -248, -204, -390, 458, 146, -605, -458, 
-868, -683, 185, 775, -527, -248, -204, -385, 483, 146, -605, -458, 
-868, -683, 185, 775, -527, -248, -204, -380, 507, 146, -605, -458, 
-868, -692, 175, 780, -522, -258, -214, -390, 473, 146, -605, -458, 
-868, -692, 175, 780, -522, -258, -214, -390, 448, 146, -605, -458, 
-868, -692, 175, 780, -522, -258, -214, -390, 424, 146, -605, -458, 
-868, -692, 175, 780, -522, -258, -214, -390, 400, 146, -605, -458, 
-868, -692, 175, 780, -522, -258, -224, -400, 419, 146, -605, -458, 
-868, -692, 175, 780, -522, -258, -224, -400, 429, 146, -605, -458, 
-868, -692, 175, 780, -522, -258, -224, -400, 439, 146, -605, -458, 
-868, -692, 175, 780, -522, -258, -224, -400, 448, 146, -605, -458, 
-868, -692, 175, 780, -522, -258, -214, -395, 453, 146, -605, -448, 
-868, -692, 175, 780, -522, -258, -214, -390, 458, 146, -605, -448, 
-868, -692, 175, 780, -522, -258, -214, -385, 463, 146, -605, -448, 
-868, -692, 175, 780, -522, -258, -214, -380, 468, 146, -605, -448, 
-858, -683, 175, 771, -517, -253, -224, -385, 444, 146, -605, -458, 
-858, -683, 175, 771, -517, -253, -224, -390, 429, 146, -605, -458, 
-858, -683, 175, 771, -517, -253, -224, -395, 414, 146, -605, -458, 
-858, -683, 175, 771, -517, -253, -224, -400, 400, 146, -605, -458, 
-858, -683, 175, 771, -517, -253, -219, -390, 429, 156, -605, -458, 
-858, -683, 175, 771, -517, -253, -214, -380, 458, 156, -605, -458, 
-858, -683, 175, 771, -517, -253, -209, -370, 488, 156, -605, -458, 
-858, -683, 175, 771, -517, -253, -204, -361, 517, 156, -605, -458, 
-858, -673, 185, 766, -522, -244, -204, -370, 492, 165, -595, -453, 
-858, -673, 185, 766, -522, -244, -204, -370, 468, 165, -595, -448, 
-858, -673, 185, 766, -522, -244, -204, -370, 444, 165, -595, -444, 
-858, -673, 185, 766, -522, -244, -204, -370, 419, 165, -595, -439, 
-858, -663, 195, 761, -527, -234, -200, -361, 434, 170, -595, -439, 
-858, -663, 195, 761, -527, -234, -195, -361, 448, 175, -595, -439, 
-858, -663, 195, 761, -527, -234, -190, -361, 463, 180, -595, -439, 
-858, -663, 195, 761, -527, -234, -185, -361, 478, 185, -595, -439, 
-868, -653, 214, 761, -541, -219, -175, -351, 483, 175, -595, -444, 
-868, -653, 214, 761, -541, -219, -175, -351, 488, 175, -595, -448, 
-868, -653, 214, 761, -541, -219, -175, -351, 492, 175, -595, -453, 
-868, -653, 214, 761, -541, -219, -175, -351, 497, 175, -595, -458, 
