I, II, III, aVR, aVL, aVF, V1, V2, V3, V4, V5, V6, 
-68, -146, -78, 107, 4, -112, -204, 29, 29, -9, -273, -185, 
-68, -146, -78, 107, 4, -112, -204, 29, 29, -9, -273, -185, 
-68, -146, -78, 107, 4, -112, -204, 29, 29, -9, -273, -185, 
-68, -146, -78, 107, 4, -112, -204, 29, 29, -9, -273, -185, 
-68, -156, -87, 112, 9, -122, -214, 19, 39, -19, -273, -195, 
-68, -156, -87, 112, 9, -122, -214, 19, 39, -19, -273, -195, 
-68, -156, -87, 112, 9, -122, -214, 19, 39, -19, -273, -195, 
-68, -156, -87, 112, 9, -122, -214, 19, 39, -19, -273, -195, 
-68, -146, -78, 107, 4, -112, -204, 19, 39, -14, -283, -195, 
-68, -146, -78, 107, 4, -112, -204, 19, 39, -9, -283, -195, 
-68, -146, -78, 107, 4, -112, -204, 19, 39, -4, -283, -195, 
-68, -146, -78, 107, 4, -112, -204, 19, 39, 0, -283, -195, 
-78, -156, -78, 117, 0, -117, -214, 29, 39, 0, -273, -185, 
-78, -156, -78, 117, 0, -117, -214, 29, 39, 0, -273, -185, 
-78, -156, -78, 117, 0, -117, -214, 29, 39, 0, -273, -185, 
-78, -156, -78, 117, 0, -117, -214, 29, 39, 0, -273, -185, 
-68, -165, -97, 117, 14, -131, -204, 29, 48, 0, -273, -195, 
-68, -165, -97, 117, 14, -131, -204, 29, 48, 0, -273, -195, 
-68, -165, -97, 117, 14, -131, -204, 29, 48, 0, -273, -195, 
-68, -165, -97, 117, 14, -131, -204, 29, 48, 0, -273, -195, 
-78, -165, -87, 122, 4, -126, -204, 39, 58, 9, -263, -185, 
-78, -165, -87, 122, 4, -126, -204, 39, 58, 9, -263, -185, 
-78, -165, -87, 122, 4, -126, -204, 39, 58, 9, -263, -185, 
-78, -165, -87, 122, 4, -126, -204, 39, 58, 9, -263, -185, 
-68, -165, -97, 117, 14, -131, -204, 48, 68, 19, -263, -185, 
-68, -165, -97, 117, 14, -131, -204, 48, 68, 19, -263, -185, 
-68, -165, -97, 117, 14, -131, -204, 48, 68, 19, -263, -185, 
-68, -165, -97, 117, 14, -131, -204, 48, 68, 19, -263, -185, 
-68, -165, -97, 117, 14, -131, -204, 39, 78, 29, -253, -185, 
-68, -165, -97, 117, 14, -131, -204, 39, 78, 29, -253, -185, 
-68, -165, -97, 117, 14, -131, -204, 39, 78, 29, -253, -185, 
-68, -165, -97, 117, 14, -131, -204, 39, 78, 29, -253, -185, 
-78, -156, -78, 117, 0, -117, -204, 43, 87, 39, -248, -175, 
-78, -156, -78, 117, 0, -117, -204, 48, 87, 39, -244, -175, 
-78, -156, -78, 117, 0, -117, -204, 53, 87, 39, -239, -175, 
-78, -156, -78, 117, 0, -117, -204, 58, 87, 39, -234, -175, 
-68, -165, -97, 117, 14, -131, -204, 58, 102, 48, -234, -175, 
-68, -165, -97, 117, 14, -131, -204, 58, 107, 48, -234, -175, 
-68, -165, -97, 117, 14, -131, -204, 58, 112, 48, -234, -175, 
-68, -165, -97, 117, 14, -131, -204, 58, 117, 48, -234, -175, 
-58, -156, -97, 107, 19, -126, -214, 68, 126, 53, -229, -165, 
-58, -156, -97, 107, 19, -126, -214, 68, 126, 58, -224, -165, 
-58, -156, -97, 107, 19, -126, -214, 68, 126, 63, -219, -165, 
-58, -156, -97, 107, 19, -126, -214, 68, 126, 68, -214, -165, 
-58, -156, -97, 107, 19, -126, -204, 78, 141, 73, -209, -161, 
-58, -156, -97, 107, 19, -126, -204, 78, 146, 78, -204, -156, 
-58, -156, -97, 107, 19, -126, -204, 78, 151, 82, -200, -151, 
-58, -156, -97, 107, 19, -126, -204, 78, 156, 87, -195, -146, 
-48, -141, -92, 95, 21, -117, -214, 82, 165, 102, -190, -141, 
-48, -136, -87, 92, 19, -112, -214, 87, 175, 107, -185, -136, 
-48, -131, -82, 90, 17, -107, -214, 92, 185, 112, -180, -131, 
-48, -126, -78, 87, 14, -102, -214, 97, 195, 117, -175, -126, 
-39, -126, -87, 82, 24, -107, -214, 102, 209, 131, -165, -122, 
-39, -126, -87, 82, 24, -107, -214, 107, 214, 136, -156, -117, 
-39, -126, -87, 82, 24, -107, -214, 112, 219, 141, -146, -112, 
-39, -126, -87, 82, 24, -107, -214, 117, 224, 146, -136, -107, 
-34, -122, -87, 78, 26, -104, -224, 126, 234, 156, -126, -97, 
-29, -117, -87, 73, 29, -102, -224, 126, 244, 165, -117, -87, 
-24, -112, -87, 68, 31, -100, -224, 126, 253, 175, -107, -78, 
-19, -107, -87, 63, 34, -97, -224, 126, 263, 185, -97, -68, 
-19, -102, -82, 61, 31, -92, -234, 126, 268, 190, -82, -63, 
-19, -97, -78, 58, 29, -87, -234, 126, 273, 195, -78, -58, 
-19, -92, -73, 56, 26, -82, -234, 126, 278, 200, -73, -53, 
-19, -87, -68, 53, 24, -78, -234, 126, 283, 204, -68, -48, 
-14, -73, -58, 43, 21, -65, -244, 136, 287, 209, -58, -34, 
-9, -68, -58, 39, 24, -63, -244, 136, 292, 214, -48, -29, 
-4, -63, -58, 34, 26, -61, -244, 136, 297, 219, -39, -24, 
0, -58, -58, 29, 29, -58, -244, 136, 302, 224, -29, -19, 
9, -48, -58, 19, 34, -53, -253, 126, 312, 229, -24, -4, 
9, -48, -58, 19, 34, -53, -253, 126, 312, 234, -19, 0, 
9, -48, -58, 19, 34, -53, -253, 126, 312, 239, -14, 4, 
9, -48, -58, 19, 34, -53, -253, 126, 312, 244, -9, 9, 
14, -43, -58, 14, 36, -51, -258, 122, 302, 244, 0, 19, 
19, -39, -58, 9, 39, -48, -263, 117, 302, 244, 0, 19, 
24, -34, -58, 4, 41, -46, -268, 112, 302, 244, 0, 19, 
29, -29, -58, 0, 43, -43, -273, 107, 302, 244, 0, 19, 
29, -19, -48, -4, 39, -34, -273, 107, 302, 244, 9, 24, 
29, -19, -48, -4, 39, -34, -273, 107, 302, 244, 9, 29, 
29, -19, -48, -4, 39, -34, -273, 107, 302, 244, 9, 34, 
29, -19, -48, -4, 39, -34, -273, 107, 302, 244, 9, 39, 
29, -14, -43, -7, 36, -29, -273, 97, 292, 244, 19, 43, 
29, -9, -39, -9, 34, -24, -273, 97, 292, 244, 19, 48, 
29, -4, -34, -12, 31, -19, -273, 97, 292, 244, 19, 53, 
29, 0, -29, -14, 29, -14, -273, 97, 292, 244, 19, 58, 
19, 4, -14, -12, 17, -4, -283, 82, 278, 239, 14, 48, 
19, 9, -9, -14, 14, 0, -283, 78, 273, 234, 9, 48, 
19, 14, -4, -17, 12, 4, -283, 73, 268, 229, 4, 48, 
19, 19, 0, -19, 9, 9, -283, 68, 263, 224, 0, 48, 
9, 14, 4, -12, 2, 9, -283, 53, 244, 219, -4, 43, 
9, 9, 0, -9, 4, 4, -283, 48, 234, 214, -9, 39, 
9, 4, -4, -7, 7, 0, -283, 43, 224, 209, -14, 34, 
9, 0, -9, -4, 9, -4, -283, 39, 214, 204, -19, 29, 
-4, -4, 0, 4, -2, -2, -273, 39, 209, 200, -24, 24, 
-9, -9, 0, 9, -4, -4, -273, 39, 204, 195, -29, 19, 
-14, -14, 0, 14, -7, -7, -273, 39, 200, 190, -34, 14, 
-19, -19, 0, 19, -9, -9, -273, 39, 195, 185, -39, 9, 
-19, -29, -9, 24, -4, -19, -263, 24, 180, 175, -58, 0, 
-19, -29, -9, 24, -4, -19, -263, 19, 165, 165, -68, -9, 
-19, -29, -9, 24, -4, -19, -263, 14, 151, 156, -78, -19, 
-19, -29, -9, 24, -4, -19, -263, 9, 136, 146, -87, -29, 
-34, -39, -4, 36, -14, -21, -263, 0, 122, 136, -102, -34, 
-39, -48, -9, 43, -14, -29, -263, 0, 117, 126, -107, -39, 
-43, -58, -14, 51, -14, -36, -263, 0, 112, 117, -112, -43, 
-48, -68, -19, 58, -14, -43, -263, 0, 107, 107, -117, -48, 
-48, -68, -19, 58, -14, -43, -253, 0, 92, 97, -122, -58, 
-48, -68, -19, 58, -14, -43, -253, 0, 87, 97, -126, -58, 
-48, -68, -19, 58, -14, -43, -253, 0, 82, 97, -131, -58, 
-48, -68, -19, 58, -14, -43, -253, 0, 78, 97, -136, -58, 
-48, -78, -29, 63, -9, -53, -253, -9, 68, 87, -151, -73, 
-48, -87, -39, 68, -4, -63, -253, -9, 58, 78, -156, -78, 
-48, -97, -48, 73, 0, -73, -253, -9, 48, 68, -161, -82, 
-48, -107, -58, 78, 4, -82, -253, -9, 39, 58, -165, -87, 
-53, -112, -58, 82, 2, -85, -244, -19, 34, 43, -170, -92, 
-58, -117, -58, 87, 0, -87, -244, -19, 29, 39, -175, -97, 
-63, -122, -58, 92, -2, -90, -244, -19, 24, 34, -180, -102, 
-68, -126, -58, 97, -4, -92, -244, -19, 19, 29, -185, -107, 
-78, -136, -58, 107, -9, -97, -244, -19, 14, 19, -190, -117, 
-78, -136, -58, 107, -9, -97, -244, -19, 9, 19, -195, -117, 
-78, -136, -58, 107, -9, -97, -244, -19, 4, 19, -200, -117, 
-78, -136, -58, 107, -9, -97, -244, -19, 0, 19, -204, -117, 
-78, -146, -68, 112, -4, -107, -244, -19, 9, 9, -214, -126, 
-78, -146, -68, 112, -4, -107, -244, -19, 9, 9, -214, -126, 
-78, -146, -68, 112, -4, -107, -244, -19, 9, 9, -214, -126, 
-78, -146, -68, 112, -4, -107, -244, -19, 9, 9, -214, -126, 
-78, -156, -78, 117, 0, -117, -239, -9, 9, 9, -214, -126, 
-78, -156, -78, 117, 0, -117, -234, -9, 9, 9, -214, -126, 
-78, -156, -78, 117, 0, -117, -229, -9, 9, 9, -214, -126, 
-78, -156, -78, 117, 0, -117, -224, -9, 9, 9, -214, -126, 
-78, -161, -82, 119, 2, -122, -234, -9, 9, 0, -214, -126, 
-78, -165, -87, 122, 4, -126, -234, -9, 9, 0, -214, -126, 
-78, -170, -92, 124, 7, -131, -234, -9, 9, 0, -214, -126, 
-78, -175, -97, 126, 9, -136, -234, -9, 9, 0, -214, -126, 
-87, -185, -97, 136, 4, -141, -224, 0, 9, 0, -224, -136, 
-87, -185, -97, 136, 4, -141, -224, 0, 9, 0, -224, -136, 
-87, -185, -97, 136, 4, -141, -224, 0, 9, 0, -224, -136, 
-87, -185, -97, 136, 4, -141, -224, 0, 9, 0, -224, -136, 
-97, -185, -87, 141, -4, -136, -224, 9, 19, 9, -224, -136, 
-97, -185, -87, 141, -4, -136, -224, 9, 19, 9, -224, -136, 
-97, -185, -87, 141, -4, -136, -224, 9, 19, 9, -224, -136, 
-97, -185, -87, 141, -4, -136, -224, 9, 19, 9, -224, -136, 
-87, -185, -97, 136, 4, -141, -224, 19, 29, 9, -224, -136, 
-87, -185, -97, 136, 4, -141, -224, 19, 29, 9, -224, -136, 
-87, -185, -97, 136, 4, -141, -224, 19, 29, 9, -224, -136, 
-87, -185, -97, 136, 4, -141, -224, 19, 29, 9, -224, -136, 
-87, -195, -107, 141, 9, -151, -224, 29, 39, 19, -214, -136, 
-87, -195, -107, 141, 9, -151, -224, 29, 39, 19, -214, -136, 
-87, -195, -107, 141, 9, -151, -224, 29, 39, 19, -214, -136, 
-87, -195, -107, 141, 9, -151, -224, 29, 39, 19, -214, -136, 
-87, -195, -107, 141, 9, -151, -214, 39, 48, 29, -214, -136, 
-87, -195, -107, 141, 9, -151, -214, 39, 48, 29, -214, -136, 
-87, -195, -107, 141, 9, -151, -214, 39, 48, 29, -214, -136, 
-87, -195, -107, 141, 9, -151, -214, 39, 48, 29, -214, -136, 
-78, -190, -112, 134, 17, -151, -204, 48, 58, 34, -209, -136, 
-78, -185, -107, 131, 14, -146, -204, 48, 58, 39, -204, -136, 
-78, -180, -102, 129, 12, -141, -204, 48, 58, 43, -200, -136, 
-78, -175, -97, 126, 9, -136, -204, 48, 58, 48, -195, -136, 
-68, -175, -107, 122, 19, -141, -204, 58, 63, 58, -195, -126, 
-68, -175, -107, 122, 19, -141, -204, 58, 68, 58, -195, -126, 
-68, -175, -107, 122, 19, -141, -204, 58, 73, 58, -195, -126, 
-68, -175, -107, 122, 19, -141, -204, 58, 78, 58, -195, -126, 
-78, -185, -107, 131, 14, -146, -214, 48, 78, 48, -185, -126, 
-78, -185, -107, 131, 14, -146, -214, 48, 78, 48, -185, -126, 
-78, -185, -107, 131, 14, -146, -214, 48, 78, 48, -185, -126, 
-78, -185, -107, 131, 14, -146, -214, 48, 78, 48, -185, -126, 
-78, -175, -97, 126, 9, -136, -204, 58, 87, 53, -175, -126, 
-78, -175, -97, 126, 9, -136, -204, 58, 87, 58, -175, -126, 
-78, -175, -97, 126, 9, -136, -204, 58, 87, 63, -175, -126, 
-78, -175, -97, 126, 9, -136, -204, 58, 87, 68, -175, -126, 
-68, -175, -107, 122, 19, -141, -204, 68, 97, 78, -170, -122, 
-68, -175, -107, 122, 19, -141, -204, 68, 97, 78, -165, -117, 
-68, -175, -107, 122, 19, -141, -204, 68, 97, 78, -161, -112, 
-68, -175, -107, 122, 19, -141, -204, 68, 97, 78, -156, -107, 
-68, -175, -107, 122, 19, -141, -214, 63, 87, 78, -156, -107, 
-68, -175, -107, 122, 19, -141, -214, 58, 87, 78, -156, -107, 
-68, -175, -107, 122, 19, -141, -214, 53, 87, 78, -156, -107, 
-68, -175, -107, 122, 19, -141, -214, 48, 87, 78, -156, -107, 
-68, -165, -97, 117, 14, -131, -204, 48, 87, 68, -165, -117, 
-68, -165, -97, 117, 14, -131, -204, 48, 87, 68, -165, -117, 
-68, -165, -97, 117, 14, -131, -204, 48, 87, 68, -165, -117, 
-68, -165, -97, 117, 14, -131, -204, 48, 87, 68, -165, -117, 
-68, -165, -97, 117, 14, -131, -214, 48, 87, 78, -156, -107, 
-68, -165, -97, 117, 14, -131, -214, 48, 87, 78, -156, -107, 
-68, -165, -97, 117, 14, -131, -214, 48, 87, 78, -156, -107, 
-68, -165, -97, 117, 14, -131, -214, 48, 87, 78, -156, -107, 
-78, -165, -87, 122, 4, -126, -224, 39, 87, 78, -146, -107, 
-78, -165, -87, 122, 4, -126, -224, 39, 87, 78, -146, -107, 
-78, -165, -87, 122, 4, -126, -224, 39, 87, 78, -146, -107, 
-78, -165, -87, 122, 4, -126, -224, 39, 87, 78, -146, -107, 
-87, -175, -87, 131, 0, -131, -214, 39, 78, 78, -146, -97, 
-87, -175, -87, 131, 0, -131, -214, 39, 78, 78, -146, -97, 
-87, -175, -87, 131, 0, -131, -214, 39, 78, 78, -146, -97, 
-87, -175, -87, 131, 0, -131, -214, 39, 78, 78, -146, -97, 
-78, -175, -97, 126, 9, -136, -224, 39, 78, 78, -136, -97, 
-78, -175, -97, 126, 9, -136, -224, 39, 78, 78, -136, -97, 
-78, -175, -97, 126, 9, -136, -224, 39, 78, 78, -136, -97, 
-78, -175, -97, 126, 9, -136, -224, 39, 78, 78, -136, -97, 
-78, -175, -97, 126, 9, -136, -224, 39, 68, 78, -146, -107, 
-78, -175, -97, 126, 9, -136, -224, 39, 68, 78, -146, -107, 
-78, -175, -97, 126, 9, -136, -224, 39, 68, 78, -146, -107, 
-78, -175, -97, 126, 9, -136, -224, 39, 68, 78, -146, -107, 
-78, -175, -97, 126, 9, -136, -214, 29, 68, 78, -146, -97, 
-78, -175, -97, 126, 9, -136, -214, 29, 68, 78, -146, -97, 
-78, -175, -97, 126, 9, -136, -214, 29, 68, 78, -146, -97, 
-78, -175, -97, 126, 9, -136, -214, 29, 68, 78, -146, -97, 
-78, -175, -97, 126, 9, -136, -224, 29, 58, 78, -146, -107, 
-78, -175, -97, 126, 9, -136, -224, 29, 58, 78, -146, -107, 
-78, -175, -97, 126, 9, -136, -224, 29, 58, 78, -146, -107, 
-78, -175, -97, 126, 9, -136, -224, 29, 58, 78, -146, -107, 
-68, -165, -97, 117, 14, -131, -214, 19, 58, 78, -156, -107, 
-68, -165, -97, 117, 14, -131, -214, 19, 58, 78, -156, -107, 
-68, -165, -97, 117, 14, -131, -214, 19, 58, 78, -156, -107, 
-68, -165, -97, 117, 14, -131, -214, 19, 58, 78, -156, -107, 
-68, -165, -97, 117, 14, -131, -219, 9, 58, 78, -156, -117, 
-68, -165, -97, 117, 14, -131, -224, 9, 58, 78, -156, -117, 
-68, -165, -97, 117, 14, -131, -229, 9, 58, 78, -156, -117, 
-68, -165, -97, 117, 14, -131, -234, 9, 58, 78, -156, -117, 
-78, -175, -97, 126, 9, -136, -224, 19, 58, 78, -156, -117, 
-78, -175, -97, 126, 9, -136, -224, 19, 58, 78, -156, -117, 
-78, -175, -97, 126, 9, -136, -224, 19, 58, 78, -156, -117, 
-78, -175, -97, 126, 9, -136, -224, 19, 58, 78, -156, -117, 
-78, -175, -97, 126, 9, -136, -234, 9, 58, 78, -156, -117, 
-78, -175, -97, 126, 9, -136, -234, 9, 58, 78, -156, -117, 
-78, -175, -97, 126, 9, -136, -234, 9, 58, 78, -156, -117, 
-78, -175, -97, 126, 9, -136, -234, 9, 58, 78, -156, -117, 
-78, -185, -107, 131, 14, -146, -224, 9, 58, 87, -156, -117, 
-78, -185, -107, 131, 14, -146, -224, 9, 58, 87, -156, -117, 
-78, -185, -107, 131, 14, -146, -224, 9, 58, 87, -156, -117, 
-78, -185, -107, 131, 14, -146, -224, 9, 58, 87, -156, -117, 
-78, -175, -97, 126, 9, -136, -224, 9, 58, 78, -156, -117, 
-78, -175, -97, 126, 9, -136, -224, 9, 58, 78, -156, -117, 
-78, -175, -97, 126, 9, -136, -224, 9, 58, 78, -156, -117, 
-78, -175, -97, 126, 9, -136, -224, 9, 58, 78, -156, -117, 
-87, -185, -97, 136, 4, -141, -234, 9, 48, 78, -156, -117, 
-87, -185, -97, 136, 4, -141, -234, 9, 48, 78, -156, -117, 
-87, -185, -97, 136, 4, -141, -234, 9, 48, 78, -156, -117, 
-87, -185, -97, 136, 4, -141, -234, 9, 48, 78, -156, -117, 
-82, -175, -92, 129, 4, -134, -244, 9, 58, 87, -156, -117, 
-78, -175, -97, 126, 9, -136, -244, 9, 58, 87, -156, -117, 
-73, -175, -102, 124, 14, -139, -244, 9, 58, 87, -156, -117, 
-68, -175, -107, 122, 19, -141, -244, 9, 58, 87, -156, -117, 
-78, -175, -97, 126, 9, -136, -244, 0, 58, 87, -156, -117, 
-78, -175, -97, 126, 9, -136, -244, 0, 58, 87, -156, -117, 
-78, -175, -97, 126, 9, -136, -244, 0, 58, 87, -156, -117, 
-78, -175, -97, 126, 9, -136, -244, 0, 58, 87, -156, -117, 
-68, -165, -97, 117, 14, -131, -234, 9, 58, 97, -146, -117, 
-68, -165, -97, 117, 14, -131, -234, 9, 58, 97, -146, -117, 
-68, -165, -97, 117, 14, -131, -234, 9, 58, 97, -146, -117, 
-68, -165, -97, 117, 14, -131, -234, 9, 58, 97, -146, -117, 
-68, -175, -107, 122, 19, -141, -234, 9, 68, 97, -136, -107, 
-68, -175, -107, 122, 19, -141, -234, 9, 68, 97, -136, -107, 
-68, -175, -107, 122, 19, -141, -234, 9, 68, 97, -136, -107, 
-68, -175, -107, 122, 19, -141, -234, 9, 68, 97, -136, -102, 
-78, -175, -97, 126, 9, -136, -239, 0, 58, 107, -146, -102, 
-78, -175, -97, 126, 9, -136, -239, 0, 63, 107, -146, -107, 
-82, -175, -92, 129, 4, -134, -234, 0, 63, 107, -146, -107, 
-82, -170, -87, 126, 2, -129, -234, 0, 63, 107, -141, -107, 
-92, -165, -73, 129, -9, -119, -224, 4, 63, 97, -131, -102, 
-87, -165, -78, 126, -4, -122, -224, 9, 68, 107, -131, -102, 
-82, -161, -78, 122, -2, -119, -219, 14, 73, 112, -131, -102, 
-82, -151, -68, 117, -7, -109, -219, 24, 82, 117, -126, -97, 
-73, -136, -63, 104, -4, -100, -214, 19, 97, 122, -122, -97, 
-73, -136, -63, 104, -4, -100, -204, 29, 102, 126, -122, -92, 
-73, -131, -58, 102, -7, -95, -200, 29, 107, 131, -112, -87, 
-73, -126, -53, 100, -9, -90, -195, 34, 112, 136, -107, -82, 
-73, -117, -43, 95, -14, -80, -190, 48, 117, 141, -107, -82, 
-68, -112, -43, 90, -12, -78, -185, 53, 122, 146, -97, -82, 
-68, -107, -39, 87, -14, -73, -185, 58, 122, 146, -97, -78, 
-63, -102, -39, 82, -12, -70, -180, 73, 126, 146, -97, -78, 
-63, -102, -39, 82, -12, -70, -185, 68, 131, 156, -97, -78, 
-63, -102, -39, 82, -12, -70, -185, 68, 136, 156, -92, -78, 
-63, -97, -34, 80, -14, -65, -185, 73, 141, 161, -92, -78, 
-63, -87, -24, 75, -19, -56, -185, 78, 146, 161, -92, -78, 
-73, -87, -14, 80, -29, -51, -185, 73, 151, 161, -92, -73, 
-73, -82, -9, 78, -31, -46, -185, 73, 156, 170, -92, -68, 
-68, -73, -4, 70, -31, -39, -190, 68, 156, 170, -87, -68, 
-68, -73, -4, 70, -31, -39, -190, 58, 151, 170, -87, -68, 
-73, -78, -4, 75, -34, -41, -195, 58, 146, 165, -87, -82, 
-73, -78, -4, 75, -34, -41, -204, 39, 141, 165, -87, -82, 
-73, -78, -4, 75, -34, -41, -209, 24, 141, 165, -87, -82, 
-73, -78, -4, 75, -34, -41, -219, 9, 136, 165, -87, -78, 
-73, -63, 9, 68, -41, -26, -239, -4, 136, 170, -78, -68, 
-73, -58, 14, 65, -43, -21, -244, -9, 131, 170, -73, -68, 
-73, -58, 14, 65, -43, -21, -253, -14, 131, 170, -73, -68, 
-73, -58, 14, 65, -43, -21, -263, -24, 131, 170, -73, -68, 
-73, -58, 14, 65, -43, -21, -258, -19, 126, 170, -73, -68, 
-73, -53, 19, 63, -46, -17, -258, -19, 126, 170, -73, -68, 
-73, -53, 19, 63, -46, -17, -258, -19, 122, 170, -78, -63, 
-73, -58, 14, 65, -43, -21, -258, -19, 122, 170, -78, -63, 
-73, -58, 14, 65, -43, -21, -258, -29, 122, 161, -78, -63, 
-68, -58, 9, 63, -39, -24, -263, -29, 122, 161, -78, -63, 
-63, -63, 0, 63, -31, -31, -263, -29, 117, 161, -78, -63, 
-63, -68, -4, 65, -29, -36, -263, -29, 112, 156, -78, -68, 
-78, -82, -4, 80, -36, -43, -273, -29, 107, 146, -87, -68, 
-87, -92, -4, 90, -41, -48, -273, -29, 102, 141, -87, -68, 
-78, -102, -24, 90, -26, -63, -273, -34, 97, 141, -82, -68, 
-78, -107, -29, 92, -24, -68, -273, -34, 97, 146, -82, -68, 
-68, -92, -24, 80, -21, -58, -268, -24, 107, 156, -73, -63, 
-68, -92, -24, 80, -21, -58, -263, -19, 112, 161, -73, -58, 
-68, -87, -19, 78, -24, -53, -253, -14, 112, 165, -68, -58, 
-68, -92, -24, 80, -21, -58, -248, -14, 107, 170, -68, -58, 
-78, -107, -29, 92, -24, -68, -248, -24, 102, 165, -78, -63, 
-78, -122, -43, 100, -17, -82, -248, -24, 97, 156, -82, -63, 
-78, -136, -58, 107, -9, -97, -248, -24, 92, 151, -87, -63, 
-82, -141, -58, 112, -12, -100, -248, -29, 87, 146, -92, -68, 
-78, -151, -73, 114, -2, -112, -258, -29, 78, 131, -102, -87, 
-78, -161, -82, 119, 2, -122, -258, -29, 73, 126, -107, -92, 
-82, -165, -82, 124, 0, -124, -258, -34, 68, 112, -112, -97, 
-82, -175, -92, 129, 4, -134, -258, -34, 63, 107, -117, -102, 
-87, -185, -97, 136, 4, -141, -258, -34, 63, 117, -112, -97, 
-87, -185, -97, 136, 4, -141, -253, -29, 63, 117, -112, -102, 
-87, -185, -97, 136, 4, -141, -248, -24, 68, 117, -112, -107, 
-97, -185, -87, 141, -4, -136, -244, -24, 68, 126, -112, -107, 
-97, -185, -87, 141, -4, -136, -244, -9, 68, 126, -112, -97, 
-97, -180, -82, 139, -7, -131, -244, -9, 68, 126, -112, -97, 
-97, -175, -78, 136, -9, -126, -239, -9, 73, 122, -112, -102, 
-97, -175, -78, 136, -9, -126, -239, -9, 73, 122, -112, -102, 
-97, -185, -87, 141, -4, -136, -239, -9, 82, 122, -117, -112, 
-102, -190, -87, 146, -7, -139, -239, -9, 78, 122, -117, -112, 
-102, -195, -92, 148, -4, -143, -239, -9, 78, 117, -122, -112, 
-97, -200, -102, 148, 2, -151, -244, -14, 73, 117, -122, -112, 
-92, -190, -97, 141, 2, -143, -244, -14, 63, 117, -112, -112, 
-92, -195, -102, 143, 4, -148, -244, -14, 63, 122, -117, -112, 
-97, -195, -97, 146, 0, -146, -244, -14, 68, 131, -117, -112, 
-97, -195, -97, 146, 0, -146, -244, -14, 68, 136, -112, -112, 
-92, -185, -92, 139, 0, -139, -244, -9, 68, 126, -122, -112, 
-92, -180, -87, 136, -2, -134, -239, -9, 73, 131, -122, -112, 
-92, -180, -87, 136, -2, -134, -239, -9, 73, 131, -117, -112, 
-92, -180, -87, 136, -2, -134, -239, -9, 73, 131, -117, -112, 
-97, -190, -92, 143, -2, -141, -244, -19, 73, 141, -107, -112, 
-97, -190, -92, 143, -2, -141, -244, -19, 73, 141, -107, -112, 
-102, -195, -92, 148, -4, -143, -244, -19, 73, 141, -107, -112, 
-102, -195, -92, 148, -4, -143, -244, -14, 73, 141, -107, -112, 
-102, -200, -97, 151, -2, -148, -224, 4, 82, 136, -112, -112, 
-102, -214, -112, 158, 4, -163, -200, 39, 102, 126, -131, -122, 
-107, -239, -131, 173, 12, -185, -170, 97, 117, 107, -170, -165, 
-117, -278, -161, 197, 21, -219, -126, 165, 156, 78, -224, -214, 
-136, -317, -180, 226, 21, -248, -78, 253, 209, 53, -278, -263, 
-136, -331, -195, 234, 29, -263, -29, 307, 258, 48, -317, -302, 
-126, -331, -204, 229, 39, -268, -9, 331, 278, 43, -346, -322, 
-112, -302, -190, 207, 39, -246, -19, 322, 278, 34, -346, -322, 
-117, -239, -122, 178, 2, -180, -43, 283, 268, 53, -312, -287, 
-112, -131, -19, 122, -46, -75, -87, 224, 258, 126, -229, -209, 
-92, 9, 102, 41, -97, 56, -131, 175, 297, 263, -87, -112, 
-43, 156, 200, -56, -122, 178, -190, 141, 370, 439, 87, 29, 
9, 322, 312, -165, -151, 317, -253, 87, 434, 639, 292, 195, 
48, 473, 424, -261, -187, 448, -317, 43, 488, 814, 502, 351, 
97, 595, 497, -346, -200, 546, -331, 24, 527, 971, 717, 517, 
151, 688, 536, -419, -192, 612, -341, 34, 580, 1171, 985, 717, 
224, 780, 556, -502, -165, 668, -351, 24, 644, 1410, 1259, 902, 
278, 839, 561, -558, -141, 700, -341, 4, 663, 1595, 1459, 1034, 
297, 868, 570, -583, -136, 719, -292, 9, 619, 1688, 1581, 1122, 
317, 888, 570, -602, -126, 729, -258, 9, 570, 1756, 1664, 1210, 
370, 844, 473, -607, -51, 658, -283, -14, 536, 1830, 1693, 1259, 
409, 702, 292, -556, 58, 497, -326, -68, 463, 1859, 1654, 1239, 
444, 463, 19, -453, 212, 241, -395, -146, 312, 1815, 1527, 1156, 
453, 248, -204, -351, 329, 21, -541, -307, 112, 1703, 1395, 1093, 
468, 102, -366, -285, 417, -131, -717, -512, -117, 1468, 1229, 1039, 
468, -24, -492, -222, 480, -258, -863, -668, -375, 1112, 1019, 961, 
400, -107, -507, -146, 453, -307, -927, -732, -614, 673, 751, 863, 
292, -136, -429, -78, 361, -283, -932, -761, -829, 102, 390, 712, 
180, -161, -341, -9, 261, -251, -873, -732, -971, -400, 29, 497, 
97, -224, -322, 63, 209, -273, -771, -600, -946, -531, -146, 317, 
63, -287, -351, 112, 207, -319, -688, -444, -800, -405, -165, 209, 
34, -322, -356, 143, 195, -339, -605, -326, -668, -312, -200, 122, 
-19, -331, -312, 175, 146, -322, -536, -239, -541, -258, -219, 29, 
-58, -331, -273, 195, 107, -302, -473, -165, -414, -156, -209, -53, 
-78, -322, -244, 200, 82, -283, -409, -82, -292, -68, -195, -102, 
-87, -287, -200, 187, 56, -244, -346, 0, -190, 0, -170, -102, 
-78, -248, -170, 163, 46, -209, -292, 58, -78, 73, -126, -78, 
-58, -244, -185, 151, 63, -214, -248, 102, 4, 126, -87, -73, 
-43, -253, -209, 148, 82, -231, -214, 131, 63, 146, -82, -82, 
-53, -248, -195, 151, 70, -222, -209, 131, 102, 156, -78, -82, 
-63, -234, -170, 148, 53, -202, -204, 131, 122, 156, -78, -82, 
-63, -214, -151, 139, 43, -183, -204, 117, 131, 156, -78, -82, 
-63, -195, -131, 129, 34, -163, -209, 107, 122, 170, -68, -78, 
-68, -170, -102, 119, 17, -136, -204, 82, 122, 180, -58, -68, 
-68, -165, -97, 117, 14, -131, -214, 68, 131, 190, -58, -53, 
-73, -165, -92, 119, 9, -129, -204, 63, 136, 204, -43, -53, 
-78, -180, -102, 129, 12, -141, -204, 48, 156, 219, -43, -53, 
-78, -180, -102, 129, 12, -141, -204, 48, 156, 219, -48, -63, 
-82, -185, -102, 134, 9, -143, -200, 53, 170, 209, -53, -68, 
-82, -185, -102, 134, 9, -143, -200, 53, 175, 204, -53, -73, 
-82, -185, -102, 134, 9, -143, -209, 53, 165, 204, -53, -78, 
-82, -185, -102, 134, 9, -143, -209, 53, 165, 195, -53, -82, 
-82, -180, -97, 131, 7, -139, -209, 48, 165, 195, -53, -82, 
-82, -175, -92, 129, 4, -134, -209, 48, 165, 195, -53, -78, 
-92, -175, -82, 134, -4, -129, -204, 48, 175, 204, -48, -73, 
-92, -175, -82, 134, -4, -129, -204, 43, 170, 214, -48, -73, 
-97, -175, -78, 136, -9, -126, -200, 43, 170, 214, -43, -68, 
-97, -175, -78, 136, -9, -126, -200, 43, 175, 214, -39, -68, 
-102, -190, -87, 146, -7, -139, -209, 43, 180, 224, -48, -68, 
-102, -190, -87, 146, -7, -139, -209, 43, 180, 224, -53, -68, 
-102, -190, -87, 146, -7, -139, -209, 43, 185, 219, -53, -68, 
-102, -190, -87, 146, -7, -139, -209, 43, 185, 219, -53, -78, 
-97, -180, -82, 139, -7, -131, -204, 34, 175, 209, -53, -78, 
-97, -180, -82, 139, -7, -131, -204, 34, 175, 209, -53, -78, 
-92, -180, -87, 136, -2, -134, -204, 34, 175, 219, -53, -73, 
-87, -170, -82, 129, -2, -126, -204, 34, 175, 224, -53, -73, 
-97, -170, -73, 134, -12, -122, -195, 34, 185, 229, -43, -73, 
-102, -175, -73, 139, -14, -124, -195, 34, 190, 229, -43, -68, 
-102, -175, -73, 139, -14, -124, -195, 34, 195, 229, -43, -63, 
-97, -175, -78, 136, -9, -126, -195, 34, 200, 234, -43, -58, 
-87, -175, -87, 131, 0, -131, -200, 43, 200, 244, -34, -68, 
-87, -170, -82, 129, -2, -126, -200, 43, 200, 244, -34, -68, 
-87, -170, -82, 129, -2, -126, -204, 43, 200, 244, -34, -68, 
-87, -170, -82, 129, -2, -126, -209, 43, 204, 244, -34, -68, 
-87, -170, -82, 129, -2, -126, -200, 34, 195, 234, -34, -68, 
-82, -170, -87, 126, 2, -129, -200, 34, 195, 234, -34, -63, 
-82, -170, -87, 126, 2, -129, -200, 34, 195, 234, -34, -63, 
-82, -170, -87, 126, 2, -129, -200, 34, 195, 239, -34, -63, 
-73, -161, -87, 117, 7, -124, -200, 43, 204, 253, -29, -53, 
-73, -161, -87, 117, 7, -124, -200, 43, 209, 253, -29, -58, 
-73, -161, -87, 117, 7, -124, -200, 43, 214, 253, -29, -58, 
-82, -151, -68, 117, -7, -109, -200, 43, 224, 253, -29, -58, 
-87, -156, -68, 122, -9, -112, -200, 34, 214, 253, -29, -68, 
-87, -161, -73, 124, -7, -117, -200, 34, 214, 253, -24, -63, 
-87, -161, -73, 124, -7, -117, -200, 34, 214, 253, -24, -63, 
-92, -165, -73, 129, -9, -119, -200, 39, 214, 253, -24, -63, 
-82, -161, -78, 122, -2, -119, -209, 29, 214, 244, -29, -68, 
-87, -161, -73, 124, -7, -117, -209, 29, 214, 248, -29, -68, 
-87, -161, -73, 124, -7, -117, -209, 29, 214, 253, -29, -68, 
-82, -161, -78, 122, -2, -119, -209, 29, 219, 253, -29, -68, 
-82, -170, -87, 126, 2, -129, -209, 39, 219, 253, -29, -63, 
-92, -170, -78, 131, -7, -124, -204, 39, 224, 253, -29, -63, 
-92, -170, -78, 131, -7, -124, -204, 39, 224, 253, -29, -68, 
-87, -170, -82, 129, -2, -126, -209, 34, 224, 253, -29, -68, 
-97, -170, -73, 134, -12, -122, -200, 43, 224, 268, -19, -58, 
-102, -170, -68, 136, -17, -119, -200, 43, 229, 273, -19, -58, 
-102, -170, -68, 136, -17, -119, -200, 43, 229, 273, -19, -53, 
-102, -170, -68, 136, -17, -119, -200, 48, 229, 273, -14, -53, 
-102, -180, -78, 141, -12, -129, -200, 39, 234, 278, -14, -63, 
-102, -175, -73, 139, -14, -124, -200, 39, 239, 278, -14, -63, 
-102, -175, -73, 139, -14, -124, -200, 39, 239, 278, -14, -63, 
-102, -175, -73, 139, -14, -124, -200, 43, 239, 278, -14, -63, 
-97, -175, -78, 136, -9, -126, -209, 43, 248, 278, -9, -63, 
-97, -175, -78, 136, -9, -126, -209, 43, 253, 278, -9, -63, 
-97, -175, -78, 136, -9, -126, -209, 43, 253, 283, -9, -63, 
-92, -175, -82, 134, -4, -129, -209, 48, 263, 287, -4, -63, 
-92, -165, -73, 129, -9, -119, -209, 48, 253, 287, 4, -58, 
-92, -165, -73, 129, -9, -119, -209, 48, 258, 292, 4, -58, 
-92, -165, -73, 129, -9, -119, -209, 48, 263, 292, 4, -58, 
-92, -165, -73, 129, -9, -119, -209, 48, 263, 292, 4, -58, 
-87, -165, -78, 126, -4, -122, -200, 48, 263, 297, 0, -53, 
-87, -165, -78, 126, -4, -122, -200, 48, 268, 302, 4, -53, 
-92, -165, -73, 129, -9, -119, -200, 48, 273, 307, 9, -53, 
-92, -165, -73, 129, -9, -119, -200, 53, 278, 312, 9, -53, 
-97, -165, -68, 131, -14, -117, -200, 63, 287, 322, 9, -43, 
-97, -165, -68, 131, -14, -117, -200, 63, 292, 326, 19, -43, 
-97, -165, -68, 131, -14, -117, -200, 68, 297, 331, 19, -39, 
-97, -161, -63, 129, -17, -112, -200, 68, 302, 336, 19, -39, 
-92, -156, -63, 124, -14, -109, -200, 68, 297, 341, 29, -39, 
-92, -156, -63, 124, -14, -109, -200, 73, 302, 341, 34, -39, 
-92, -151, -58, 122, -17, -104, -200, 73, 307, 346, 39, -34, 
-87, -151, -63, 119, -12, -107, -200, 73, 317, 351, 43, -29, 
-87, -141, -53, 114, -17, -97, -209, 68, 331, 366, 53, -29, 
-87, -136, -48, 112, -19, -92, -209, 73, 336, 370, 58, -29, 
-87, -136, -48, 112, -19, -92, -209, 78, 341, 375, 63, -19, 
-82, -136, -53, 109, -14, -95, -209, 82, 351, 380, 68, -14, 
-78, -126, -48, 102, -14, -87, -209, 82, 346, 380, 78, 0, 
-73, -122, -48, 97, -12, -85, -214, 87, 356, 385, 82, 4, 
-58, -122, -63, 90, 2, -92, -214, 87, 366, 400, 92, 4, 
-48, -117, -68, 82, 9, -92, -214, 87, 370, 400, 102, 9, 
-48, -112, -63, 80, 7, -87, -214, 92, 375, 414, 107, 14, 
-53, -112, -58, 82, 2, -85, -219, 97, 390, 424, 117, 19, 
-53, -107, -53, 80, 0, -80, -219, 102, 400, 434, 122, 24, 
-53, -102, -48, 78, -2, -75, -224, 107, 409, 439, 126, 24, 
-58, -107, -48, 82, -4, -78, -214, 112, 414, 453, 151, 34, 
-58, -102, -43, 80, -7, -73, -219, 117, 424, 453, 161, 43, 
-58, -97, -39, 78, -9, -68, -219, 117, 424, 468, 161, 48, 
-53, -92, -39, 73, -7, -65, -229, 117, 429, 473, 175, 53, 
-39, -87, -48, 63, 4, -68, -234, 117, 444, 483, 175, 73, 
-39, -82, -43, 61, 2, -63, -234, 117, 448, 488, 185, 78, 
-39, -78, -39, 58, 0, -58, -234, 117, 453, 492, 195, 82, 
-29, -73, -43, 51, 7, -58, -229, 117, 458, 497, 195, 82, 
-19, -58, -39, 39, 9, -48, -239, 117, 468, 497, 209, 87, 
-19, -53, -34, 36, 7, -43, -244, 117, 468, 502, 209, 102, 
-19, -48, -29, 34, 4, -39, -248, 117, 473, 502, 214, 102, 
-9, -43, -34, 26, 12, -39, -258, 112, 473, 502, 224, 107, 
-9, -39, -29, 24, 9, -34, -258, 112, 468, 507, 239, 112, 
-9, -34, -24, 21, 7, -29, -263, 112, 468, 512, 244, 117, 
-9, -29, -19, 19, 4, -24, -263, 112, 468, 517, 244, 122, 
-9, -24, -14, 17, 2, -19, -263, 112, 463, 522, 244, 126, 
0, -9, -9, 4, 4, -9, -278, 102, 473, 522, 248, 141, 
4, -9, -14, 2, 9, -12, -283, 102, 473, 522, 253, 146, 
4, -9, -14, 2, 9, -12, -283, 97, 473, 522, 253, 151, 
9, 0, -9, -4, 9, -4, -283, 92, 468, 522, 253, 151, 
9, -4, -14, -2, 12, -9, -273, 97, 468, 522, 253, 151, 
14, -4, -19, -4, 17, -12, -278, 92, 468, 517, 253, 156, 
14, 0, -14, -7, 14, -7, -278, 92, 468, 517, 263, 161, 
14, 4, -9, -9, 12, -2, -278, 92, 468, 517, 263, 165, 
4, 9, 4, -7, 0, 7, -283, 78, 448, 517, 263, 161, 
4, 14, 9, -9, -2, 12, -283, 73, 444, 517, 258, 165, 
4, 19, 14, -12, -4, 17, -283, 68, 439, 517, 258, 165, 
4, 19, 14, -12, -4, 17, -283, 68, 429, 517, 258, 161, 
14, 24, 9, -19, 2, 17, -287, 63, 434, 502, 258, 170, 
9, 29, 19, -19, -4, 24, -287, 53, 424, 502, 258, 170, 
4, 34, 29, -19, -12, 31, -287, 53, 419, 492, 258, 170, 
4, 39, 34, -21, -14, 36, -287, 43, 409, 488, 248, 165, 
4, 39, 34, -21, -14, 36, -287, 39, 400, 483, 244, 170, 
4, 39, 34, -21, -14, 36, -283, 39, 390, 483, 234, 165, 
0, 39, 39, -19, -19, 39, -283, 34, 380, 473, 229, 161, 
0, 39, 39, -19, -19, 39, -283, 29, 375, 468, 219, 151, 
-4, 29, 34, -12, -19, 31, -283, 24, 356, 453, 209, 136, 
-9, 29, 39, -9, -24, 34, -283, 24, 346, 444, 204, 126, 
-19, 19, 39, 0, -29, 29, -278, 19, 336, 434, 190, 122, 
-34, 14, 48, 9, -41, 31, -273, 14, 322, 429, 185, 107, 
-29, 9, 39, 9, -34, 24, -273, 24, 326, 419, 165, 102, 
-34, 4, 39, 14, -36, 21, -273, 19, 317, 409, 156, 97, 
-39, 0, 39, 19, -39, 19, -273, 14, 297, 405, 151, 87, 
-43, -9, 34, 26, -39, 12, -268, 9, 287, 395, 136, 78, 
-48, -19, 29, 34, -39, 4, -268, -4, 273, 385, 126, 78, 
-53, -24, 29, 39, -41, 2, -268, -9, 273, 375, 117, 73, 
-53, -24, 29, 39, -41, 2, -268, -9, 263, 366, 112, 68, 
-58, -29, 29, 43, -43, 0, -268, -14, 253, 356, 97, 58, 
-68, -48, 19, 58, -43, -14, -268, -4, 244, 346, 92, 48, 
-73, -48, 24, 61, -48, -12, -268, -4, 234, 341, 82, 34, 
-82, -53, 29, 68, -56, -12, -258, -4, 229, 331, 73, 29, 
-92, -63, 29, 78, -61, -17, -258, -9, 219, 322, 68, 24, 
-87, -58, 29, 73, -58, -14, -258, -19, 209, 312, 58, 19, 
-82, -63, 19, 73, -51, -21, -258, -29, 200, 307, 53, 14, 
-78, -73, 4, 75, -41, -34, -258, -29, 195, 297, 48, 9, 
-78, -82, -4, 80, -36, -43, -253, -24, 185, 287, 43, 4, 
-68, -78, -9, 73, -29, -43, -253, -24, 175, 278, 29, -4, 
-68, -78, -9, 73, -29, -43, -253, -29, 170, 273, 14, -9, 
-73, -82, -9, 78, -31, -46, -253, -29, 165, 258, 14, -9, 
-78, -82, -4, 80, -36, -43, -253, -29, 165, 258, 9, -14, 
-78, -92, -14, 85, -31, -53, -248, -19, 156, 263, 14, -9, 
-78, -97, -19, 87, -29, -58, -248, -19, 161, 253, 9, -9, 
-78, -97, -19, 87, -29, -58, -244, -19, 161, 248, 4, -14, 
-78, -97, -19, 87, -29, -58, -244, -19, 165, 248, 4, -19, 
-92, -102, -9, 97, -41, -56, -244, -29, 156, 248, -4, -19, 
-92, -107, -14, 100, -39, -61, -239, -29, 151, 248, -9, -19, 
-92, -112, -19, 102, -36, -65, -239, -24, 151, 244, -9, -19, 
-92, -117, -24, 104, -34, -70, -239, -24, 151, 239, -14, -24, 
-82, -117, -34, 100, -24, -75, -239, -24, 151, 229, -19, -24, 
-82, -117, -34, 100, -24, -75, -244, -24, 151, 224, -19, -24, 
-82, -117, -34, 100, -24, -75, -244, -24, 141, 219, -24, -29, 
-82, -126, -43, 104, -19, -85, -244, -24, 141, 214, -24, -29, 
-92, -141, -48, 117, -21, -95, -244, -14, 141, 219, -24, -29, 
-92, -141, -48, 117, -21, -95, -239, -14, 141, 219, -24, -34, 
-92, -141, -48, 117, -21, -95, -239, -14, 141, 219, -29, -34, 
-97, -141, -43, 119, -26, -92, -239, -14, 141, 219, -29, -34, 
-97, -146, -48, 122, -24, -97, -239, -14, 131, 209, -34, -39, 
-97, -141, -43, 119, -26, -92, -234, -9, 136, 209, -34, -39, 
-92, -141, -48, 117, -21, -95, -234, 0, 136, 209, -34, -39, 
-92, -136, -43, 114, -24, -90, -229, 0, 136, 209, -34, -39, 
-97, -126, -29, 112, -34, -78, -229, 0, 136, 200, -48, -39, 
-97, -136, -39, 117, -29, -87, -229, 0, 141, 200, -48, -43, 
-97, -136, -39, 117, -29, -87, -229, 0, 141, 200, -48, -43, 
-97, -136, -39, 117, -29, -87, -229, 0, 141, 195, -53, -43, 
-87, -136, -48, 112, -19, -92, -224, 0, 141, 195, -53, -43, 
-92, -136, -43, 114, -24, -90, -224, 0, 141, 200, -53, -43, 
-92, -136, -43, 114, -24, -90, -229, 4, 141, 200, -48, -48, 
-92, -136, -43, 114, -24, -90, -229, 9, 146, 204, -48, -48, 
-92, -136, -43, 114, -24, -90, -239, 4, 146, 204, -48, -43, 
-87, -136, -48, 112, -19, -92, -234, 4, 151, 204, -48, -43, 
-87, -136, -48, 112, -19, -92, -234, 4, 156, 204, -48, -48, 
-87, -141, -53, 114, -17, -97, -234, 9, 156, 204, -48, -48, 
-87, -131, -43, 109, -21, -87, -234, 19, 156, 204, -39, -39, 
-87, -126, -39, 107, -24, -82, -234, 19, 165, 204, -39, -39, 
-82, -126, -43, 104, -19, -85, -234, 24, 165, 204, -34, -39, 
-82, -126, -43, 104, -19, -85, -234, 24, 165, 209, -34, -43, 
-92, -131, -39, 112, -26, -85, -229, 24, 185, 219, -34, -43, 
-97, -131, -34, 114, -31, -82, -229, 24, 185, 219, -34, -39, 
-97, -131, -34, 114, -31, -82, -229, 24, 185, 229, -34, -39, 
-97, -131, -34, 114, -31, -82, -229, 24, 190, 229, -29, -39, 
-97, -136, -39, 117, -29, -87, -229, 34, 185, 229, -29, -34, 
-97, -136, -39, 117, -29, -87, -229, 34, 185, 234, -29, -34, 
-97, -136, -39, 117, -29, -87, -229, 34, 185, 234, -29, -34, 
-97, -136, -39, 117, -29, -87, -224, 34, 185, 234, -29, -34, 
-82, -126, -43, 104, -19, -85, -224, 39, 200, 234, -14, -24, 
-82, -131, -48, 107, -17, -90, -224, 39, 200, 234, -14, -24, 
-82, -131, -48, 107, -17, -90, -224, 43, 204, 234, -14, -24, 
-82, -126, -43, 104, -19, -85, -224, 43, 209, 244, -14, -24, 
-68, -117, -48, 92, -9, -82, -239, 43, 209, 244, -19, -24, 
-68, -117, -48, 92, -9, -82, -239, 43, 209, 244, -14, -14, 
-68, -117, -48, 92, -9, -82, -234, 43, 209, 248, -9, -14, 
-63, -117, -53, 90, -4, -85, -234, 43, 209, 248, -9, -14, 
-63, -117, -53, 90, -4, -85, -234, 34, 204, 248, -9, -24, 
-68, -117, -48, 92, -9, -82, -234, 34, 204, 248, -4, -24, 
-68, -117, -48, 92, -9, -82, -234, 34, 204, 253, -4, -24, 
-68, -117, -48, 92, -9, -82, -234, 34, 204, 253, -4, -24, 
-63, -107, -43, 85, -9, -75, -244, 43, 200, 253, -9, -19, 
-58, -107, -48, 82, -4, -78, -244, 43, 200, 253, -9, -9, 
-58, -107, -48, 82, -4, -78, -244, 48, 200, 258, -4, -9, 
-58, -107, -48, 82, -4, -78, -244, 48, 204, 258, -4, -9, 
-68, -117, -48, 92, -9, -82, -234, 48, 204, 248, 4, -9, 
-63, -117, -53, 90, -4, -85, -234, 48, 204, 248, 4, -9, 
-63, -107, -43, 85, -9, -75, -234, 48, 200, 248, 4, -9, 
-63, -107, -43, 85, -9, -75, -234, 43, 200, 248, 4, -9, 
-63, -107, -43, 85, -9, -75, -244, 34, 200, 258, 0, -4, 
-68, -112, -43, 90, -12, -78, -244, 34, 200, 253, 0, -4, 
-68, -112, -43, 90, -12, -78, -244, 34, 200, 253, 0, -4, 
-68, -112, -43, 90, -12, -78, -244, 34, 200, 258, 4, 0, 
-68, -102, -34, 85, -17, -68, -234, 34, 200, 248, 4, 0, 
-68, -102, -34, 85, -17, -68, -234, 34, 200, 244, 0, 0, 
-68, -102, -34, 85, -17, -68, -234, 34, 200, 244, 0, 0, 
-68, -102, -34, 85, -17, -68, -239, 29, 195, 244, 0, -4, 
-68, -102, -34, 85, -17, -68, -244, 29, 190, 244, 0, -19, 
-68, -102, -34, 85, -17, -68, -244, 24, 190, 244, 0, -19, 
-68, -102, -34, 85, -17, -68, -244, 24, 190, 244, 0, -14, 
-68, -102, -34, 85, -17, -68, -244, 24, 185, 244, 0, -14, 
-63, -97, -34, 80, -14, -65, -244, 19, 185, 234, 0, -9, 
-63, -97, -34, 80, -14, -65, -244, 19, 185, 234, 0, -9, 
-63, -102, -39, 82, -12, -70, -244, 19, 180, 229, 0, -9, 
-63, -102, -39, 82, -12, -70, -244, 19, 180, 229, 0, -9, 
-63, -102, -39, 82, -12, -70, -258, 19, 180, 229, -9, -9, 
-63, -102, -39, 82, -12, -70, -258, 19, 180, 229, -19, -9, 
-63, -102, -39, 82, -12, -70, -258, 14, 175, 229, -19, -9, 
-63, -102, -39, 82, -12, -70, -253, 14, 175, 229, -19, -9, 
-63, -102, -39, 82, -12, -70, -253, 9, 165, 214, -19, -14, 
-63, -102, -39, 82, -12, -70, -258, 9, 161, 214, -19, -19, 
-63, -102, -39, 82, -12, -70, -258, 9, 161, 214, -19, -24, 
-63, -102, -39, 82, -12, -70, -258, 9, 161, 214, -19, -34, 
-63, -102, -39, 82, -12, -70, -253, 0, 161, 209, -29, -24, 
-68, -102, -34, 85, -17, -68, -253, 0, 156, 209, -29, -24, 
-68, -102, -34, 85, -17, -68, -248, 0, 156, 209, -29, -24, 
-63, -102, -39, 82, -12, -70, -248, 4, 156, 209, -29, -24, 
-63, -102, -39, 82, -12, -70, -258, 14, 156, 204, -24, -24, 
-68, -102, -34, 85, -17, -68, -253, 9, 151, 204, -29, -24, 
-68, -102, -34, 85, -17, -68, -253, 9, 151, 204, -29, -24, 
-68, -107, -39, 87, -14, -73, -253, 9, 156, 204, -29, -24, 
-63, -117, -53, 90, -4, -85, -248, 9, 156, 200, -39, -34, 
-63, -117, -53, 90, -4, -85, -248, 9, 156, 200, -39, -39, 
-63, -117, -53, 90, -4, -85, -248, 4, 151, 200, -39, -39, 
-63, -117, -53, 90, -4, -85, -248, 4, 151, 200, -39, -39, 
-73, -117, -43, 95, -14, -80, -248, 9, 151, 190, -39, -39, 
-73, -117, -43, 95, -14, -80, -248, 9, 146, 190, -39, -34, 
-73, -117, -43, 95, -14, -80, -248, 9, 146, 190, -39, -34, 
-73, -112, -39, 92, -17, -75, -248, 4, 146, 190, -43, -34, 
-73, -112, -39, 92, -17, -75, -258, 4, 146, 190, -43, -43, 
-73, -112, -39, 92, -17, -75, -258, 4, 146, 190, -43, -43, 
-68, -112, -43, 90, -12, -78, -258, 9, 141, 190, -43, -43, 
-68, -112, -43, 90, -12, -78, -258, 9, 141, 190, -43, -43, 
-78, -126, -48, 102, -14, -87, -248, 4, 146, 200, -53, -34, 
-82, -126, -43, 104, -19, -85, -248, 4, 146, 200, -53, -34, 
-82, -126, -43, 104, -19, -85, -248, 4, 146, 200, -48, -34, 
-82, -126, -43, 104, -19, -85, -248, 4, 146, 200, -48, -34, 
-78, -117, -39, 97, -19, -78, -248, 4, 136, 190, -53, -34, 
-63, -122, -58, 92, -2, -90, -248, 4, 131, 190, -53, -34, 
-58, -122, -63, 90, 2, -92, -248, 4, 131, 190, -53, -39, 
-53, -122, -68, 87, 7, -95, -248, 4, 131, 190, -53, -43, 
-53, -122, -68, 87, 7, -95, -258, 4, 126, 190, -53, -43, 
-53, -126, -73, 90, 9, -100, -263, 4, 126, 190, -53, -43, 
-53, -126, -73, 90, 9, -100, -263, 4, 126, 185, -58, -43, 
-53, -122, -68, 87, 7, -95, -263, 4, 126, 185, -58, -39, 
-58, -112, -53, 85, -2, -82, -253, 4, 131, 185, -58, -39, 
-63, -112, -48, 87, -7, -80, -253, 4, 131, 185, -58, -43, 
-63, -112, -48, 87, -7, -80, -253, 4, 131, 185, -58, -43, 
-58, -112, -53, 85, -2, -82, -253, 4, 131, 185, -58, -48, 
-68, -122, -53, 95, -7, -87, -263, 4, 131, 185, -68, -48, 
-58, -112, -53, 85, -2, -82, -263, 4, 141, 185, -58, -43, 
-53, -117, -63, 85, 4, -90, -253, 4, 131, 185, -58, -43, 
-63, -126, -63, 95, 0, -95, -253, 4, 131, 185, -48, -43, 
-58, -117, -58, 87, 0, -87, -253, 0, 126, 195, -48, -39, 
-58, -117, -58, 87, 0, -87, -253, 9, 126, 185, -58, -39, 
-58, -117, -58, 87, 0, -87, -253, 9, 126, 185, -58, -39, 
-58, -117, -58, 87, 0, -87, -253, 9, 126, 185, -58, -39, 
-58, -117, -58, 87, 0, -87, -253, 9, 126, 185, -58, -39, 
-58, -126, -68, 92, 4, -97, -253, 0, 126, 185, -68, -43, 
-58, -126, -68, 92, 4, -97, -258, 0, 126, 185, -68, -43, 
-58, -126, -68, 92, 4, -97, -258, 0, 131, 185, -68, -48, 
-63, -126, -63, 95, 0, -95, -253, 0, 131, 185, -68, -48, 
-73, -122, -48, 97, -12, -85, -253, 9, 136, 185, -53, -48, 
-73, -117, -43, 95, -14, -80, -253, 9, 136, 185, -53, -43, 
-68, -117, -48, 92, -9, -82, -253, 9, 141, 195, -53, -43, 
-63, -112, -48, 87, -7, -80, -248, 9, 146, 200, -53, -43, 
-63, -102, -39, 82, -12, -70, -248, 14, 141, 195, -58, -39, 
-63, -97, -34, 80, -14, -65, -244, 19, 146, 200, -53, -39, 
-63, -97, -34, 80, -14, -65, -234, 29, 151, 204, -53, -34, 
-63, -92, -29, 78, -17, -61, -229, 29, 156, 209, -43, -29, 
-53, -87, -34, 70, -9, -61, -224, 34, 170, 204, -48, -34, 
-53, -78, -24, 65, -14, -51, -219, 39, 175, 209, -48, -34, 
-48, -73, -24, 61, -12, -48, -214, 43, 180, 214, -39, -34, 
-48, -68, -19, 58, -14, -43, -214, 48, 180, 214, -39, -29, 
-43, -53, -9, 48, -17, -31, -209, 63, 185, 224, -39, -29, 
-43, -53, -9, 48, -17, -31, -204, 68, 190, 224, -39, -29, 
-43, -53, -9, 48, -17, -31, -204, 68, 195, 224, -34, -29, 
-43, -48, -4, 46, -19, -26, -204, 73, 200, 229, -34, -29, 
-53, -48, 4, 51, -29, -21, -214, 68, 195, 219, -34, -29, 
-53, -48, 4, 51, -29, -21, -214, 73, 200, 219, -34, -24, 
-53, -43, 9, 48, -31, -17, -214, 73, 204, 229, -34, -19, 
-48, -34, 14, 41, -31, -9, -219, 68, 204, 229, -29, -19, 
-48, -43, 4, 46, -26, -19, -219, 58, 200, 229, -29, -19, 
-53, -39, 14, 46, -34, -12, -234, 58, 195, 224, -29, -24, 
-53, -39, 14, 46, -34, -12, -244, 39, 190, 224, -29, -24, 
-53, -39, 14, 46, -34, -12, -248, 24, 190, 224, -29, -24, 
-53, -29, 24, 41, -39, -2, -248, 9, 185, 224, -39, -19, 
-53, -24, 29, 39, -41, 2, -258, -4, 185, 219, -39, -19, 
-53, -19, 34, 36, -43, 7, -263, -9, 180, 219, -34, -19, 
-53, -19, 34, 36, -43, 7, -273, -14, 180, 219, -34, -19, 
-53, -19, 34, 36, -43, 7, -283, -24, 170, 209, -34, -19, 
-53, -19, 34, 36, -43, 7, -287, -29, 165, 209, -34, -19, 
-53, -14, 39, 34, -46, 12, -287, -29, 165, 209, -34, -19, 
-53, -14, 39, 34, -46, 12, -287, -29, 161, 209, -39, -14, 
-53, -19, 34, 36, -43, 7, -287, -19, 170, 219, -29, -14, 
-53, -19, 34, 36, -43, 7, -287, -19, 170, 219, -29, -14, 
-48, -19, 29, 34, -39, 4, -292, -19, 170, 219, -29, -14, 
-43, -24, 19, 34, -31, -2, -292, -19, 165, 219, -29, -14, 
-39, -29, 9, 34, -24, -9, -302, -19, 161, 214, -39, -19, 
-39, -39, 0, 39, -19, -19, -302, -19, 156, 204, -48, -19, 
-43, -43, 0, 43, -21, -21, -302, -19, 151, 200, -48, -19, 
-29, -48, -19, 39, -4, -34, -302, -24, 146, 200, -43, -19, 
-39, -48, -9, 43, -14, -29, -292, -34, 146, 195, -43, -19, 
-39, -48, -9, 43, -14, -29, -292, -34, 146, 200, -43, -14, 
-39, -53, -14, 46, -12, -34, -292, -29, 151, 200, -43, -9, 
-39, -53, -14, 46, -12, -34, -287, -24, 151, 200, -39, -9, 
-39, -63, -24, 51, -7, -43, -278, -14, 146, 200, -39, -9, 
-39, -68, -29, 53, -4, -48, -278, -14, 141, 195, -39, -14, 
-39, -82, -43, 61, 2, -63, -278, -14, 136, 185, -43, -14, 
-39, -97, -58, 68, 9, -78, -278, -14, 131, 180, -48, -14, 
-53, -102, -48, 78, -2, -75, -283, -29, 126, 185, -63, -19, 
-58, -112, -53, 85, -2, -82, -287, -29, 126, 180, -73, -29, 
-58, -122, -63, 90, 2, -92, -292, -29, 122, 175, -78, -34, 
-63, -126, -63, 95, 0, -95, -297, -34, 117, 161, -82, -39, 
-53, -136, -82, 95, 14, -109, -287, -34, 102, 146, -97, -53, 
-58, -146, -87, 102, 14, -117, -287, -34, 92, 146, -102, -58, 
-58, -146, -87, 102, 14, -117, -283, -29, 92, 146, -102, -63, 
-58, -146, -87, 102, 14, -117, -278, -24, 97, 146, -102, -68, 
-68, -146, -78, 107, 4, -112, -273, -24, 107, 146, -92, -68, 
-68, -151, -82, 109, 7, -117, -273, -19, 107, 146, -92, -68, 
-68, -151, -82, 109, 7, -117, -273, -19, 107, 146, -92, -68, 
-68, -151, -82, 109, 7, -117, -268, -19, 112, 141, -92, -73, 
-73, -165, -92, 119, 9, -129, -278, -19, 112, 141, -102, -82, 
-78, -170, -92, 124, 7, -131, -278, -19, 112, 141, -107, -82, 
-87, -170, -82, 129, -2, -126, -278, -19, 107, 141, -107, -82, 
-92, -170, -78, 131, -7, -124, -278, -19, 107, 136, -112, -82, 
-78, -170, -92, 124, 7, -131, -283, -14, 92, 136, -112, -82, 
-73, -170, -97, 122, 12, -134, -283, -14, 92, 131, -112, -82, 
-73, -175, -102, 124, 14, -139, -283, -14, 92, 131, -117, -82, 
-78, -175, -97, 126, 9, -136, -283, -14, 97, 136, -117, -82, 
-68, -175, -107, 122, 19, -141, -283, -14, 97, 136, -112, -73, 
-73, -175, -102, 124, 14, -139, -283, -9, 97, 136, -112, -73, 
-73, -170, -97, 122, 12, -134, -278, -9, 102, 141, -112, -73, 
-73, -170, -97, 122, 12, -134, -278, -9, 102, 141, -107, -73, 
-73, -161, -87, 117, 7, -124, -268, -9, 112, 141, -107, -73, 
-68, -161, -92, 114, 12, -126, -273, -9, 112, 141, -107, -73, 
-68, -161, -92, 114, 12, -126, -273, -9, 112, 141, -107, -73, 
-73, -165, -92, 119, 9, -129, -273, -9, 112, 141, -107, -73, 
-82, -185, -102, 134, 9, -143, -273, -4, 112, 141, -97, -73, 
-82, -190, -107, 136, 12, -148, -263, 4, 112, 136, -102, -73, 
-63, -185, -122, 124, 29, -153, -258, 29, 112, 126, -122, -92, 
-58, -209, -151, 134, 46, -180, -239, 68, 136, 117, -161, -107, 
-78, -239, -161, 158, 41, -200, -195, 126, 165, 87, -204, -146, 
-87, -258, -170, 173, 41, -214, -136, 204, 200, 63, -258, -195, 
-87, -263, -175, 175, 43, -219, -78, 278, 258, 48, -307, -244, 
-87, -283, -195, 185, 53, -239, -39, 322, 297, 34, -346, -283, 
-92, -292, -200, 192, 53, -246, -29, 341, 297, 14, -366, -302, 
-97, -258, -161, 178, 31, -209, -43, 322, 297, 24, -351, -287, 
-92, -180, -87, 136, -2, -134, -78, 283, 287, 58, -307, -239, 
-73, -78, -4, 75, -34, -41, -122, 214, 297, 146, -204, -151, 
-53, 58, 112, -2, -82, 85, -170, 180, 341, 302, -48, -29, 
0, 214, 214, -107, -107, 214, -244, 126, 414, 492, 136, 107, 
58, 385, 326, -222, -134, 356, -317, 63, 488, 688, 336, 273, 
107, 527, 419, -317, -156, 473, -361, 34, 527, 844, 531, 429, 
151, 639, 488, -395, -168, 563, -370, 34, 570, 1024, 771, 610, 
204, 732, 527, -468, -161, 629, -370, 34, 634, 1254, 1044, 795, 
258, 810, 551, -534, -146, 680, -370, 14, 683, 1478, 1302, 966, 
297, 849, 551, -573, -126, 700, -341, 0, 668, 1620, 1473, 1073, 
326, 858, 531, -592, -102, 695, -297, 0, 600, 1688, 1566, 1151, 
370, 844, 473, -607, -51, 658, -302, -14, 556, 1732, 1625, 1229, 
409, 771, 361, -590, 24, 566, -346, -58, 502, 1790, 1634, 1259, 
453, 600, 146, -527, 153, 373, -414, -136, 380, 1776, 1537, 1205, 
483, 366, -117, -424, 300, 124, -531, -268, 209, 1683, 1395, 1112, 
497, 180, -317, -339, 407, -68, -697, -463, 9, 1527, 1249, 1049, 
497, 43, -453, -270, 475, -204, -863, -629, -229, 1249, 1068, 980, 
478, -58, -536, -209, 507, -297, -966, -722, -468, 888, 849, 893, 
429, -107, -536, -161, 483, -322, -1000, -771, -702, 414, 575, 790, 
307, -122, -429, -92, 368, -275, -971, -771, -902, -156, 204, 624, 
195, -175, -370, -9, 283, -273, -868, -688, -976, -541, -97, 414, 
131, -239, -370, 53, 251, -305, -766, -522, -888, -541, -204, 268, 
112, -283, -395, 85, 253, -339, -683, -375, -727, -409, -209, 180, 
78, -292, -370, 107, 224, -331, -614, -287, -580, -317, -229, 107, 
19, -302, -322, 141, 170, -312, -551, -214, -463, -244, -239, 24, 
-29, -312, -283, 170, 126, -297, -488, -122, -331, -146, -234, -53, 
-48, -287, -239, 168, 95, -263, -414, -29, -209, -68, -209, -92, 
-39, -239, -200, 139, 80, -219, -351, 48, -107, 4, -165, -87, 
-29, -224, -195, 126, 82, -209, -287, 102, -14, 78, -126, -63, 
-34, -224, -190, 129, 78, -207, -253, 141, 63, 107, -122, -73, 
-24, -219, -195, 122, 85, -207, -239, 161, 112, 126, -117, -73, 
-24, -214, -190, 119, 82, -202, -224, 161, 141, 136, -107, -73, 
-24, -214, -190, 119, 82, -202, -224, 156, 161, 136, -117, -73, 
-34, -195, -161, 114, 63, -178, -239, 126, 161, 131, -117, -68, 
-48, -180, -131, 114, 41, -156, -244, 102, 151, 131, -107, -58, 
-48, -165, -117, 107, 34, -141, -253, 78, 141, 141, -97, -53, 
-43, -156, -112, 100, 34, -134, -253, 63, 146, 156, -92, -53, 
-58, -161, -102, 109, 21, -131, -253, 58, 156, 161, -92, -53, 
-58, -161, -102, 109, 21, -131, -253, 58, 156, 161, -97, -63, 
-63, -165, -102, 114, 19, -134, -248, 63, 170, 151, -102, -68, 
-63, -165, -102, 114, 19, -134, -248, 63, 175, 146, -102, -73, 
-63, -170, -107, 117, 21, -139, -239, 63, 175, 156, -122, -78, 
-63, -175, -112, 119, 24, -143, -239, 63, 175, 146, -122, -82, 
-63, -175, -112, 119, 24, -143, -239, 58, 175, 146, -122, -82, 
-63, -175, -112, 119, 24, -143, -239, 58, 175, 146, -122, -78, 
-63, -170, -107, 117, 21, -139, -244, 48, 165, 151, -126, -82, 
-63, -165, -102, 114, 19, -134, -244, 43, 161, 156, -126, -82, 
-68, -161, -92, 114, 12, -126, -239, 43, 161, 151, -122, -78, 
-68, -156, -87, 112, 9, -122, -239, 43, 165, 146, -117, -78, 
-63, -161, -97, 112, 17, -129, -239, 53, 180, 156, -117, -68, 
-63, -161, -97, 112, 17, -129, -239, 53, 180, 156, -122, -68, 
-63, -161, -97, 112, 17, -129, -239, 53, 185, 151, -122, -68, 
-63, -161, -97, 112, 17, -129, -239, 53, 185, 151, -122, -78, 
-68, -170, -102, 119, 17, -136, -234, 43, 185, 141, -122, -78, 
-68, -170, -102, 119, 17, -136, -234, 43, 185, 141, -122, -78, 
-63, -170, -107, 117, 21, -139, -234, 43, 185, 151, -122, -73, 
-58, -161, -102, 109, 21, -131, -234, 43, 185, 156, -122, -73, 
-58, -161, -102, 109, 21, -131, -244, 53, 175, 161, -131, -87, 
-63, -165, -102, 114, 19, -134, -244, 53, 180, 161, -131, -87, 
-63, -165, -102, 114, 19, -134, -244, 53, 185, 161, -131, -87, 
-58, -165, -107, 112, 24, -136, -244, 53, 190, 165, -131, -87, 
-58, -156, -97, 107, 19, -126, -234, 53, 190, 156, -122, -87, 
-58, -151, -92, 104, 17, -122, -229, 53, 190, 156, -122, -87, 
-58, -151, -92, 104, 17, -122, -229, 53, 190, 156, -122, -87, 
-58, -151, -92, 104, 17, -122, -229, 53, 195, 156, -122, -87, 
-58, -161, -102, 109, 21, -131, -239, 53, 195, 156, -122, -97, 
-53, -161, -107, 107, 26, -134, -239, 53, 195, 156, -122, -92, 
-53, -161, -107, 107, 26, -134, -239, 53, 195, 156, -122, -92, 
-53, -161, -107, 107, 26, -134, -239, 53, 195, 161, -122, -92, 
-53, -151, -97, 102, 21, -124, -229, 53, 200, 165, -126, -82, 
-53, -151, -97, 102, 21, -124, -229, 53, 200, 165, -126, -87, 
-53, -151, -97, 102, 21, -124, -229, 53, 200, 165, -126, -87, 
-63, -141, -78, 102, 7, -109, -229, 53, 204, 165, -126, -87, 
-63, -141, -78, 102, 7, -109, -229, 53, 214, 165, -117, -87, 
-58, -141, -82, 100, 12, -112, -229, 53, 214, 165, -112, -82, 
-53, -136, -82, 95, 14, -109, -229, 53, 214, 165, -112, -82, 
-53, -136, -82, 95, 14, -109, -229, 58, 214, 165, -112, -82, 
-43, -151, -107, 97, 31, -129, -234, 48, 214, 156, -122, -97, 
-48, -151, -102, 100, 26, -126, -239, 48, 214, 161, -126, -97, 
-48, -151, -102, 100, 26, -126, -244, 48, 214, 165, -131, -97, 
-43, -151, -107, 97, 31, -129, -248, 48, 219, 165, -136, -97, 
-53, -151, -97, 102, 21, -124, -248, 48, 209, 165, -136, -92, 
-63, -151, -87, 107, 12, -119, -244, 48, 214, 165, -136, -92, 
-63, -151, -87, 107, 12, -119, -244, 48, 214, 165, -136, -97, 
-58, -151, -92, 104, 17, -122, -248, 43, 214, 165, -136, -97, 
-48, -151, -102, 100, 26, -126, -239, 53, 224, 170, -136, -97, 
-53, -151, -97, 102, 21, -124, -239, 53, 229, 175, -136, -97, 
-53, -151, -97, 102, 21, -124, -239, 53, 229, 175, -136, -92, 
-53, -151, -97, 102, 21, -124, -239, 58, 229, 175, -131, -92, 
-53, -161, -107, 107, 26, -134, -239, 58, 224, 170, -131, -102, 
-53, -156, -102, 104, 24, -129, -239, 58, 229, 170, -131, -102, 
-53, -156, -102, 104, 24, -129, -239, 58, 229, 170, -131, -102, 
-53, -156, -102, 104, 24, -129, -239, 63, 229, 170, -131, -102, 
-58, -156, -97, 107, 19, -126, -239, 53, 229, 170, -136, -102, 
-58, -156, -97, 107, 19, -126, -239, 53, 234, 170, -136, -102, 
-58, -156, -97, 107, 19, -126, -239, 53, 234, 175, -136, -102, 
-53, -156, -102, 104, 24, -129, -239, 58, 244, 180, -131, -102, 
-53, -156, -102, 104, 24, -129, -239, 58, 244, 180, -131, -97, 
-53, -156, -102, 104, 24, -129, -239, 58, 248, 185, -131, -97, 
-53, -156, -102, 104, 24, -129, -239, 58, 253, 185, -131, -97, 
-53, -156, -102, 104, 24, -129, -239, 58, 253, 185, -131, -97, 
-48, -156, -107, 102, 29, -131, -239, 68, 244, 190, -126, -92, 
-48, -156, -107, 102, 29, -131, -239, 68, 248, 195, -122, -92, 
-53, -156, -102, 104, 24, -129, -239, 68, 253, 200, -117, -92, 
-53, -156, -102, 104, 24, -129, -239, 73, 258, 204, -117, -92, 
-48, -146, -97, 97, 24, -122, -239, 73, 268, 204, -117, -82, 
-48, -146, -97, 97, 24, -122, -239, 73, 273, 209, -107, -82, 
-48, -146, -97, 97, 24, -122, -239, 78, 278, 214, -107, -78, 
-48, -141, -92, 95, 21, -117, -239, 78, 283, 219, -107, -78, 
-34, -126, -92, 80, 29, -109, -239, 87, 287, 224, -107, -68, 
-34, -126, -92, 80, 29, -109, -239, 92, 292, 224, -102, -68, 
-34, -122, -87, 78, 26, -104, -239, 92, 297, 229, -97, -63, 
-29, -122, -92, 75, 31, -107, -239, 92, 307, 234, -92, -58, 
-34, -131, -97, 82, 31, -114, -248, 97, 312, 239, -92, -68, 
-39, -126, -87, 82, 24, -107, -248, 102, 317, 244, -87, -68, 
-43, -126, -82, 85, 19, -104, -248, 107, 322, 248, -82, -58, 
-43, -126, -82, 85, 19, -104, -248, 112, 331, 253, -78, -53, 
-34, -126, -92, 80, 29, -109, -239, 102, 336, 258, -68, -58, 
-34, -122, -87, 78, 26, -104, -244, 107, 346, 258, -63, -53, 
-24, -122, -97, 73, 36, -109, -244, 107, 356, 268, -53, -53, 
-19, -117, -97, 68, 39, -107, -244, 107, 361, 263, -43, -48, 
-14, -102, -87, 58, 36, -95, -244, 122, 356, 278, -39, -34, 
-14, -102, -87, 58, 36, -95, -248, 126, 370, 287, -29, -29, 
-9, -97, -87, 53, 39, -92, -248, 131, 380, 297, -24, -24, 
-4, -92, -87, 48, 41, -90, -253, 136, 390, 302, -19, -24, 
0, -78, -78, 39, 39, -78, -263, 141, 405, 307, -14, -14, 
0, -73, -73, 36, 36, -73, -268, 146, 414, 307, -4, -4, 
0, -68, -68, 34, 34, -68, -268, 146, 414, 322, -4, 0, 
4, -63, -68, 29, 36, -65, -278, 146, 419, 326, 9, 4, 
0, -68, -68, 34, 34, -68, -278, 156, 444, 336, 19, 14, 
0, -63, -63, 31, 31, -63, -273, 156, 448, 341, 29, 19, 
0, -58, -58, 29, 29, -58, -268, 156, 453, 346, 39, 24, 
9, -53, -63, 21, 36, -58, -258, 156, 458, 351, 39, 24, 
19, -48, -68, 14, 43, -58, -268, 146, 458, 361, 63, 39, 
19, -43, -63, 12, 41, -53, -273, 146, 458, 366, 63, 53, 
19, -39, -58, 9, 39, -48, -278, 146, 463, 366, 68, 53, 
29, -34, -63, 2, 46, -48, -287, 141, 463, 366, 78, 58, 
29, -24, -53, -2, 41, -39, -287, 151, 478, 370, 73, 63, 
29, -14, -43, -7, 36, -29, -292, 151, 478, 375, 78, 68, 
29, -4, -34, -12, 31, -19, -292, 151, 478, 380, 78, 73, 
29, 4, -24, -17, 26, -9, -292, 151, 473, 385, 78, 78, 
39, 4, -34, -21, 36, -14, -287, 141, 473, 385, 92, 82, 
43, 0, -43, -21, 43, -21, -292, 141, 473, 385, 97, 87, 
43, -4, -48, -19, 46, -26, -292, 136, 473, 385, 97, 92, 
48, 0, -48, -24, 48, -24, -292, 131, 468, 385, 97, 92, 
48, 14, -34, -31, 41, -9, -302, 126, 468, 385, 97, 102, 
53, 14, -39, -34, 46, -12, -307, 122, 468, 380, 97, 107, 
53, 19, -34, -36, 43, -7, -307, 122, 468, 380, 107, 112, 
53, 24, -29, -39, 41, -2, -307, 122, 468, 380, 107, 117, 
43, 29, -14, -36, 29, 7, -322, 117, 458, 370, 107, 112, 
43, 34, -9, -39, 26, 12, -322, 112, 453, 370, 102, 117, 
43, 39, -4, -41, 24, 17, -322, 107, 448, 370, 102, 117, 
43, 39, -4, -41, 24, 17, -322, 107, 439, 370, 102, 112, 
43, 29, -14, -36, 29, 7, -317, 102, 434, 366, 102, 122, 
39, 29, -9, -34, 24, 9, -317, 92, 424, 366, 102, 122, 
34, 29, -4, -31, 19, 12, -317, 92, 419, 356, 102, 122, 
34, 29, -4, -31, 19, 12, -317, 82, 409, 351, 92, 117, 
43, 39, -4, -41, 24, 17, -317, 78, 409, 346, 78, 112, 
43, 39, -4, -41, 24, 17, -312, 78, 400, 346, 68, 107, 
39, 39, 0, -39, 19, 19, -312, 73, 390, 336, 63, 102, 
39, 39, 0, -39, 19, 19, -312, 68, 385, 331, 53, 92, 
39, 48, 9, -43, 14, 29, -312, 63, 366, 317, 43, 87, 
39, 48, 9, -43, 14, 29, -312, 63, 356, 307, 39, 78, 
34, 39, 4, -36, 14, 21, -307, 58, 346, 297, 24, 73, 
24, 34, 9, -29, 7, 21, -302, 53, 331, 292, 19, 58, 
19, 19, 0, -19, 9, 9, -302, 43, 326, 273, 9, 53, 
14, 14, 0, -14, 7, 7, -302, 39, 317, 263, 0, 48, 
9, 9, 0, -9, 4, 4, -302, 34, 297, 258, -4, 39, 
4, 0, -4, -2, 4, -2, -297, 29, 287, 248, -19, 29, 
0, -9, -9, 4, 4, -9, -297, 34, 263, 239, -29, 19, 
-4, -14, -9, 9, 2, -12, -297, 29, 263, 229, -39, 14, 
-4, -14, -9, 9, 2, -12, -297, 29, 253, 219, -43, 9, 
-9, -19, -9, 14, 0, -14, -297, 24, 244, 209, -58, 0, 
-24, -39, -14, 31, -4, -26, -297, 14, 224, 195, -73, 0, 
-24, -39, -14, 31, -4, -26, -297, 14, 214, 185, -82, -14, 
-29, -43, -14, 36, -7, -29, -287, 14, 209, 170, -92, -19, 
-34, -53, -19, 43, -7, -36, -287, 9, 200, 156, -97, -24, 
-34, -58, -24, 46, -4, -41, -287, 9, 200, 146, -97, -29, 
-34, -63, -29, 48, -2, -46, -287, 0, 190, 141, -102, -34, 
-34, -73, -39, 53, 2, -56, -287, 0, 185, 131, -107, -39, 
-39, -82, -43, 61, 2, -63, -283, 4, 175, 122, -112, -43, 
-48, -87, -39, 68, -4, -63, -283, 4, 175, 131, -117, -43, 
-48, -87, -39, 68, -4, -63, -283, 0, 170, 126, -131, -48, 
-53, -92, -39, 73, -7, -65, -283, 0, 165, 112, -131, -48, 
-58, -92, -34, 75, -12, -63, -283, 0, 165, 112, -136, -53, 
-48, -92, -43, 70, -2, -68, -283, -9, 141, 97, -146, -58, 
-48, -97, -48, 73, 0, -73, -287, -9, 141, 87, -156, -58, 
-48, -97, -48, 73, 0, -73, -287, -9, 136, 82, -165, -63, 
-48, -97, -48, 73, 0, -73, -292, -9, 136, 82, -170, -68, 
-53, -112, -58, 82, 2, -85, -292, -9, 126, 82, -170, -78, 
-53, -117, -63, 85, 4, -90, -287, -9, 122, 82, -175, -78, 
-53, -122, -68, 87, 7, -95, -287, -4, 122, 78, -175, -78, 
-53, -126, -73, 90, 9, -100, -287, -4, 122, 73, -180, -82, 
-43, -117, -73, 80, 14, -95, -278, -4, 131, 63, -175, -82, 
-43, -117, -73, 80, 14, -95, -283, -4, 131, 58, -175, -82, 
-43, -117, -73, 80, 14, -95, -283, -4, 122, 53, -180, -87, 
-43, -126, -82, 85, 19, -104, -283, -4, 122, 48, -180, -87, 
-43, -131, -87, 87, 21, -109, -283, 4, 122, 43, -190, -78, 
-43, -131, -87, 87, 21, -109, -278, 4, 122, 43, -190, -82, 
-43, -131, -87, 87, 21, -109, -278, 4, 122, 43, -195, -82, 
-48, -131, -82, 90, 17, -107, -278, 4, 122, 43, -195, -82, 
-58, -141, -82, 100, 12, -112, -278, 4, 122, 53, -200, -87, 
-58, -141, -82, 100, 12, -112, -273, 9, 126, 53, -200, -87, 
-53, -146, -92, 100, 19, -119, -273, 19, 126, 53, -200, -87, 
-53, -146, -92, 100, 19, -119, -268, 19, 126, 53, -200, -87, 
-48, -136, -87, 92, 19, -112, -268, 19, 117, 43, -204, -87, 
-48, -146, -97, 97, 24, -122, -268, 19, 122, 43, -204, -92, 
-48, -146, -97, 97, 24, -122, -268, 19, 122, 43, -204, -92, 
-48, -146, -97, 97, 24, -122, -268, 19, 122, 39, -209, -92, 
-48, -146, -97, 97, 24, -122, -263, 19, 131, 39, -219, -102, 
-53, -146, -92, 100, 19, -119, -263, 19, 131, 43, -219, -102, 
-53, -146, -92, 100, 19, -119, -268, 24, 131, 43, -214, -107, 
-53, -146, -92, 100, 19, -119, -268, 29, 136, 48, -214, -107, 
-63, -156, -92, 109, 14, -124, -258, 34, 136, 48, -214, -92, 
-58, -156, -97, 107, 19, -126, -253, 34, 141, 48, -214, -92, 
-58, -156, -97, 107, 19, -126, -253, 34, 146, 48, -214, -97, 
-58, -161, -102, 109, 21, -131, -253, 39, 146, 48, -214, -97, 
-48, -151, -102, 100, 26, -126, -263, 39, 146, 48, -214, -97, 
-48, -146, -97, 97, 24, -122, -263, 39, 156, 48, -214, -97, 
-43, -146, -102, 95, 29, -124, -263, 43, 156, 48, -209, -97, 
-43, -146, -102, 95, 29, -124, -263, 43, 156, 53, -209, -102, 
-53, -161, -107, 107, 26, -134, -248, 53, 165, 53, -209, -102, 
-58, -161, -102, 109, 21, -131, -248, 53, 165, 53, -209, -97, 
-58, -161, -102, 109, 21, -131, -248, 53, 165, 63, -209, -97, 
-58, -161, -102, 109, 21, -131, -248, 53, 170, 63, -204, -97, 
-48, -156, -107, 102, 29, -131, -248, 53, 175, 63, -195, -102, 
-48, -156, -107, 102, 29, -131, -248, 53, 175, 68, -195, -102, 
-48, -156, -107, 102, 29, -131, -248, 53, 175, 68, -195, -102, 
-48, -156, -107, 102, 29, -131, -244, 53, 175, 68, -195, -102, 
-53, -156, -102, 104, 24, -129, -253, 58, 180, 58, -200, -102, 
-53, -161, -107, 107, 26, -134, -253, 58, 180, 58, -200, -102, 
-53, -161, -107, 107, 26, -134, -253, 63, 185, 58, -200, -102, 
-53, -156, -102, 104, 24, -129, -253, 63, 190, 68, -200, -102, 
-39, -156, -117, 97, 39, -136, -258, 63, 190, 68, -195, -92, 
-39, -156, -117, 97, 39, -136, -258, 63, 190, 68, -190, -82, 
-39, -156, -117, 97, 39, -136, -253, 63, 190, 73, -185, -82, 
-34, -156, -122, 95, 43, -139, -253, 63, 190, 73, -185, -82, 
-34, -146, -112, 90, 39, -129, -244, 73, 195, 73, -185, -82, 
-39, -146, -107, 92, 34, -126, -244, 73, 195, 73, -180, -82, 
-39, -146, -107, 92, 34, -126, -244, 73, 195, 78, -180, -82, 
-39, -146, -107, 92, 34, -126, -244, 73, 195, 78, -180, -82, 
-43, -146, -102, 95, 29, -124, -244, 73, 190, 68, -185, -87, 
-39, -146, -107, 92, 34, -126, -244, 73, 190, 68, -185, -78, 
-39, -146, -107, 92, 34, -126, -244, 78, 190, 73, -180, -78, 
-39, -146, -107, 92, 34, -126, -244, 78, 195, 73, -180, -78, 
-29, -146, -117, 87, 43, -131, -244, 78, 195, 82, -170, -68, 
-24, -146, -122, 85, 48, -134, -244, 78, 195, 82, -170, -68, 
-24, -136, -112, 80, 43, -124, -244, 78, 190, 82, -170, -68, 
-24, -136, -112, 80, 43, -124, -244, 73, 190, 82, -170, -68, 
-34, -136, -102, 85, 34, -119, -253, 73, 180, 73, -175, -73, 
-39, -141, -102, 90, 31, -122, -253, 73, 180, 68, -175, -73, 
-39, -141, -102, 90, 31, -122, -253, 73, 180, 68, -175, -73, 
-39, -141, -102, 90, 31, -122, -253, 73, 180, 73, -170, -68, 
-29, -141, -112, 85, 41, -126, -253, 73, 180, 73, -170, -68, 
-29, -141, -112, 85, 41, -126, -253, 73, 180, 68, -175, -68, 
-29, -141, -112, 85, 41, -126, -253, 73, 180, 68, -175, -68, 
-29, -141, -112, 85, 41, -126, -258, 68, 175, 68, -175, -73, 
-29, -141, -112, 85, 41, -126, -253, 68, 170, 68, -165, -78, 
-29, -141, -112, 85, 41, -126, -253, 63, 170, 68, -165, -78, 
-29, -141, -112, 85, 41, -126, -253, 63, 170, 68, -165, -73, 
-29, -141, -112, 85, 41, -126, -253, 63, 165, 68, -165, -73, 
-24, -141, -117, 82, 46, -129, -263, 58, 165, 68, -175, -78, 
-24, -146, -122, 85, 48, -134, -263, 58, 165, 68, -175, -78, 
-24, -156, -131, 90, 53, -143, -263, 58, 161, 63, -175, -78, 
-24, -161, -136, 92, 56, -148, -263, 58, 161, 63, -175, -78, 
-34, -161, -126, 97, 46, -143, -268, 58, 151, 53, -175, -78, 
-34, -161, -126, 97, 46, -143, -268, 58, 151, 53, -185, -78, 
-34, -161, -126, 97, 46, -143, -268, 53, 146, 53, -185, -78, 
-34, -161, -126, 97, 46, -143, -263, 53, 146, 53, -185, -78, 
-34, -161, -126, 97, 46, -143, -263, 58, 156, 58, -185, -78, 
-34, -161, -126, 97, 46, -143, -268, 58, 151, 58, -185, -78, 
-34, -161, -126, 97, 46, -143, -268, 58, 151, 58, -185, -78, 
-34, -161, -126, 97, 46, -143, -268, 58, 151, 58, -185, -82, 
-34, -170, -136, 102, 51, -153, -263, 48, 151, 53, -175, -73, 
-39, -170, -131, 104, 46, -151, -263, 48, 146, 53, -175, -73, 
-39, -170, -131, 104, 46, -151, -258, 48, 146, 53, -175, -73, 
-34, -170, -136, 102, 51, -153, -258, 53, 146, 53, -175, -73, 
-43, -170, -126, 107, 41, -148, -263, 53, 136, 39, -190, -78, 
-48, -170, -122, 109, 36, -146, -263, 48, 131, 39, -195, -82, 
-48, -170, -122, 109, 36, -146, -268, 48, 131, 39, -195, -87, 
-48, -175, -126, 112, 39, -151, -273, 48, 136, 39, -195, -92, 
-43, -175, -131, 109, 43, -153, -268, 48, 146, 43, -195, -92, 
-43, -175, -131, 109, 43, -153, -268, 48, 146, 43, -195, -97, 
-43, -175, -131, 109, 43, -153, -268, 43, 141, 43, -195, -97, 
-43, -175, -131, 109, 43, -153, -268, 43, 141, 43, -195, -97, 
-53, -185, -131, 119, 39, -158, -258, 48, 141, 43, -195, -97, 
-53, -185, -131, 119, 39, -158, -258, 48, 136, 43, -195, -92, 
-53, -185, -131, 119, 39, -158, -258, 48, 136, 43, -195, -92, 
-53, -180, -126, 117, 36, -153, -258, 43, 136, 43, -200, -92, 
-43, -180, -136, 112, 46, -158, -268, 43, 136, 34, -200, -102, 
-43, -180, -136, 112, 46, -158, -268, 43, 136, 34, -200, -102, 
-39, -180, -141, 109, 51, -161, -268, 48, 131, 34, -200, -102, 
-39, -180, -141, 109, 51, -161, -268, 48, 131, 34, -200, -102, 
-29, -175, -146, 102, 58, -161, -268, 43, 136, 34, -209, -102, 
-34, -175, -141, 104, 53, -158, -268, 43, 136, 34, -209, -102, 
-34, -175, -141, 104, 53, -158, -268, 43, 136, 34, -204, -102, 
-34, -175, -141, 104, 53, -158, -268, 43, 136, 34, -204, -102, 
-34, -185, -151, 109, 58, -168, -258, 43, 126, 24, -209, -102, 
-24, -190, -165, 107, 70, -178, -258, 43, 122, 24, -209, -102, 
-24, -190, -165, 107, 70, -178, -258, 43, 122, 24, -209, -107, 
-24, -190, -165, 107, 70, -178, -258, 43, 122, 24, -209, -112, 
-29, -190, -161, 109, 65, -175, -268, 43, 117, 24, -209, -112, 
-34, -195, -161, 114, 63, -178, -273, 43, 117, 24, -209, -112, 
-39, -195, -156, 117, 58, -175, -273, 43, 117, 19, -214, -112, 
-43, -190, -146, 117, 51, -168, -273, 43, 117, 19, -214, -107, 
-48, -190, -141, 119, 46, -165, -263, 43, 122, 19, -204, -97, 
-53, -190, -136, 122, 41, -163, -263, 43, 122, 19, -204, -102, 
-53, -190, -136, 122, 41, -163, -263, 43, 122, 19, -204, -102, 
-48, -190, -141, 119, 46, -165, -263, 43, 122, 19, -204, -107, 
-43, -180, -136, 112, 46, -158, -263, 43, 122, 29, -204, -117, 
-39, -180, -141, 109, 51, -161, -263, 43, 122, 29, -204, -112, 
-29, -175, -146, 102, 58, -161, -263, 43, 122, 29, -204, -112, 
-24, -175, -151, 100, 63, -163, -263, 43, 112, 29, -204, -112, 
-39, -185, -146, 112, 53, -165, -263, 43, 122, 19, -209, -112, 
-39, -190, -151, 114, 56, -170, -263, 43, 126, 19, -209, -112, 
-39, -190, -151, 114, 56, -170, -263, 43, 126, 19, -214, -112, 
-39, -195, -156, 117, 58, -175, -263, 43, 126, 19, -214, -112, 
-58, -200, -141, 129, 41, -170, -253, 53, 126, 24, -214, -102, 
-58, -195, -136, 126, 39, -165, -253, 48, 126, 24, -214, -102, 
-48, -195, -146, 122, 48, -170, -253, 48, 126, 19, -214, -97, 
-39, -195, -156, 117, 58, -175, -263, 48, 126, 19, -214, -107, 
-39, -195, -156, 117, 58, -175, -263, 48, 126, 19, -214, -107, 
-39, -195, -156, 117, 58, -175, -263, 48, 126, 19, -214, -107, 
-39, -195, -156, 117, 58, -175, -263, 48, 126, 19, -214, -107, 
-29, -195, -165, 112, 68, -180, -263, 39, 117, 19, -214, -112, 
-29, -195, -165, 112, 68, -180, -268, 39, 117, 19, -214, -112, 
-29, -195, -165, 112, 68, -180, -268, 39, 122, 19, -214, -117, 
-34, -195, -161, 114, 63, -178, -263, 39, 122, 19, -214, -117, 
-43, -200, -156, 122, 56, -178, -263, 39, 122, 9, -219, -117, 
-43, -195, -151, 119, 53, -173, -263, 39, 117, 9, -219, -112, 
-39, -195, -156, 117, 58, -175, -263, 39, 117, 19, -219, -112, 
-34, -190, -156, 112, 61, -173, -258, 39, 117, 24, -219, -112, 
-34, -180, -146, 107, 56, -163, -258, 43, 131, 19, -214, -107, 
-34, -175, -141, 104, 53, -158, -253, 48, 136, 24, -209, -107, 
-34, -175, -141, 104, 53, -158, -244, 58, 141, 29, -209, -102, 
-34, -170, -136, 102, 51, -153, -239, 58, 146, 34, -200, -97, 
-34, -156, -122, 95, 43, -139, -234, 73, 151, 29, -204, -102, 
-34, -146, -112, 90, 39, -129, -229, 78, 156, 34, -204, -102, 
-29, -141, -112, 85, 41, -126, -224, 82, 161, 39, -195, -102, 
-29, -136, -107, 82, 39, -122, -224, 87, 161, 39, -195, -97, 
-34, -141, -107, 87, 36, -124, -219, 102, 165, 43, -185, -92, 
-34, -141, -107, 87, 36, -124, -214, 107, 170, 48, -185, -87, 
-34, -141, -107, 87, 36, -124, -214, 107, 175, 53, -180, -82, 
-34, -136, -102, 85, 34, -119, -214, 112, 180, 63, -180, -78, 
-34, -126, -92, 80, 29, -109, -204, 117, 185, 63, -180, -87, 
-34, -126, -92, 80, 29, -109, -204, 122, 190, 63, -180, -82, 
-34, -122, -87, 78, 26, -104, -204, 122, 195, 73, -180, -78, 
-29, -112, -82, 70, 26, -97, -209, 117, 195, 73, -175, -78, 
-29, -122, -92, 75, 31, -107, -219, 117, 190, 63, -175, -68, 
-34, -117, -82, 75, 24, -100, -234, 117, 185, 58, -175, -73, 
-34, -117, -82, 75, 24, -100, -244, 97, 180, 58, -175, -73, 
-34, -117, -82, 75, 24, -100, -248, 82, 180, 58, -175, -73, 
-34, -117, -82, 75, 24, -100, -248, 68, 185, 58, -185, -78, 
-34, -112, -78, 73, 21, -95, -258, 53, 185, 53, -185, -78, 
-34, -107, -73, 70, 19, -90, -263, 48, 180, 53, -180, -78, 
-34, -107, -73, 70, 19, -90, -273, 43, 180, 53, -180, -78, 
-24, -107, -82, 65, 29, -95, -283, 24, 170, 43, -180, -68, 
-24, -107, -82, 65, 29, -95, -287, 19, 165, 43, -180, -68, 
-24, -102, -78, 63, 26, -90, -287, 19, 165, 43, -180, -68, 
-24, -102, -78, 63, 26, -90, -287, 19, 161, 43, -185, -63, 
-24, -97, -73, 61, 24, -85, -297, 19, 161, 43, -185, -73, 
-24, -97, -73, 61, 24, -85, -297, 19, 161, 43, -185, -73, 
-19, -97, -78, 58, 29, -87, -302, 19, 161, 43, -185, -73, 
-14, -102, -87, 58, 36, -95, -302, 19, 156, 43, -185, -73, 
-14, -117, -102, 65, 43, -109, -302, 19, 151, 39, -195, -78, 
-19, -126, -107, 73, 43, -117, -302, 19, 146, 29, -204, -78, 
-29, -131, -102, 80, 36, -117, -302, 19, 141, 24, -204, -78, 
-19, -136, -117, 78, 48, -126, -302, 14, 136, 24, -200, -78, 
-29, -146, -117, 87, 43, -131, -292, 14, 136, 29, -195, -78, 
-29, -146, -117, 87, 43, -131, -292, 14, 136, 34, -190, -73, 
-29, -151, -122, 90, 46, -136, -292, 19, 141, 34, -185, -68, 
-29, -151, -122, 90, 46, -136, -287, 24, 141, 34, -175, -68, 
-29, -151, -122, 90, 46, -136, -287, 24, 136, 34, -185, -78, 
-29, -156, -126, 92, 48, -141, -287, 24, 131, 29, -185, -82, 
-29, -170, -141, 100, 56, -156, -287, 24, 126, 19, -190, -82, 
-29, -185, -156, 107, 63, -170, -287, 24, 122, 14, -195, -82, 
-34, -190, -156, 112, 61, -173, -287, 19, 117, 9, -200, -78, 
-39, -200, -161, 119, 61, -180, -287, 19, 117, 4, -209, -87, 
-39, -209, -170, 124, 65, -190, -287, 19, 112, 0, -214, -92, 
-43, -214, -170, 129, 63, -192, -287, 14, 107, -14, -219, -97, 
-53, -224, -170, 139, 58, -197, -297, 14, 92, -19, -224, -102, 
-58, -234, -175, 146, 58, -204, -297, 14, 82, -19, -229, -107, 
-58, -234, -175, 146, 58, -204, -292, 19, 82, -19, -229, -112, 
-58, -234, -175, 146, 58, -204, -287, 24, 87, -19, -229, -117, 
-63, -234, -170, 148, 53, -202, -283, 24, 97, -9, -239, -126, 
-58, -239, -180, 148, 61, -209, -283, 29, 97, -9, -239, -126, 
-53, -239, -185, 146, 65, -212, -283, 29, 97, -9, -239, -126, 
-48, -239, -190, 143, 70, -214, -278, 29, 102, -14, -239, -131, 
-53, -253, -200, 153, 73, -226, -278, 29, 92, -24, -239, -131, 
-58, -258, -200, 158, 70, -229, -278, 29, 92, -24, -244, -131, 
-68, -258, -190, 163, 61, -224, -278, 29, 87, -24, -244, -131, 
-73, -258, -185, 165, 56, -222, -278, 29, 87, -29, -248, -131, 
-58, -248, -190, 153, 65, -219, -283, 14, 92, -19, -248, -141, 
-53, -248, -195, 151, 70, -222, -283, 14, 92, -24, -248, -141, 
-53, -253, -200, 153, 73, -226, -283, 14, 92, -24, -253, -141, 
-58, -253, -195, 156, 68, -224, -283, 14, 97, -19, -253, -141, 
-53, -244, -190, 148, 68, -217, -283, 24, 87, -29, -248, -131, 
-53, -244, -190, 148, 68, -217, -283, 29, 87, -29, -248, -131, 
-48, -239, -190, 143, 70, -214, -278, 29, 92, -24, -248, -131, 
-43, -239, -195, 141, 75, -217, -278, 29, 92, -24, -244, -131, 
-53, -248, -195, 151, 70, -222, -268, 29, 102, -14, -244, -131, 
-48, -248, -200, 148, 75, -224, -273, 29, 102, -14, -244, -131, 
-48, -248, -200, 148, 75, -224, -273, 29, 102, -14, -244, -131, 
-53, -253, -200, 153, 73, -226, -273, 29, 102, -14, -244, -131, 
-63, -263, -200, 163, 68, -231, -273, 24, 102, -14, -244, -131, 
-63, -258, -195, 161, 65, -226, -273, 34, 102, -19, -248, -131, 
-53, -273, -219, 163, 82, -246, -258, 58, 112, -29, -248, -141, 
-58, -297, -239, 178, 90, -268, -229, 97, 126, -48, -278, -156, 
-68, -307, -239, 187, 85, -273, -185, 165, 146, -68, -312, -195, 
-78, -326, -248, 202, 85, -287, -136, 244, 190, -82, -356, -244, 
-87, -361, -273, 224, 92, -317, -87, 307, 239, -107, -414, -283, 
-87, -370, -283, 229, 97, -326, -48, 361, 268, -112, -463, -322, 
-73, -380, -307, 226, 117, -344, -39, 380, 287, -122, -473, -341, 
-78, -366, -287, 222, 104, -326, -43, 370, 278, -122, -468, -336, 
-92, -307, -214, 200, 61, -261, -78, 312, 268, -97, -424, -287, 
-82, -185, -102, 134, 9, -143, -131, 253, 287, -19, -322, -200, 
-53, -48, 4, 51, -29, -21, -170, 209, 331, 126, -175, -87, 
0, 97, 97, -48, -48, 97, -224, 175, 405, 317, 9, 58, 
58, 258, 200, -158, -70, 229, -297, 122, 468, 512, 219, 224, 
117, 409, 292, -263, -87, 351, -341, 102, 517, 678, 424, 390, 
161, 522, 361, -341, -100, 441, -351, 112, 561, 849, 653, 561, 
224, 605, 380, -414, -78, 492, -351, 112, 614, 1068, 927, 756, 
278, 663, 385, -470, -53, 524, -370, 73, 663, 1293, 1176, 917, 
317, 702, 385, -509, -34, 544, -341, 48, 639, 1424, 1346, 1034, 
346, 712, 366, -529, -9, 539, -297, 39, 561, 1464, 1429, 1112, 
400, 717, 317, -558, 41, 517, -302, 24, 517, 1478, 1468, 1171, 
448, 653, 204, -551, 122, 429, -356, -19, 473, 1507, 1449, 1190, 
483, 483, 0, -483, 241, 241, -424, -107, 351, 1483, 1351, 1127, 
512, 258, -253, -385, 383, 2, -541, -258, 151, 1371, 1190, 1034, 
536, 63, -473, -300, 505, -204, -736, -473, -68, 1195, 1024, 951, 
536, -102, -639, -217, 588, -370, -902, -658, -317, 927, 844, 883, 
517, -224, -741, -146, 629, -483, -995, -732, -546, 585, 624, 795, 
468, -273, -741, -97, 605, -507, -1029, -771, -761, 161, 380, 702, 
356, -287, -644, -34, 500, -466, -1000, -780, -941, -341, 48, 556, 
204, -341, -546, 68, 375, -444, -897, -678, -1005, -707, -234, 366, 
141, -395, -536, 126, 339, -466, -775, -512, -907, -717, -331, 229, 
122, -419, -541, 148, 331, -480, -683, -375, -746, -575, -326, 141, 
78, -419, -497, 170, 287, -458, -614, -287, -590, -473, -326, 78, 
29, -409, -439, 190, 234, -424, -551, -195, -453, -390, -326, 4, 
0, -409, -409, 204, 204, -409, -488, -92, -331, -283, -322, -63, 
-29, -405, -375, 217, 173, -390, -405, 0, -209, -204, -307, -112, 
-29, -366, -336, 197, 153, -351, -341, 78, -107, -131, -263, -107, 
-9, -341, -331, 175, 161, -336, -297, 131, -24, -68, -234, -92, 
-4, -351, -346, 178, 170, -348, -263, 170, 53, -39, -229, -92, 
-4, -346, -341, 175, 168, -344, -239, 200, 102, -29, -224, -112, 
-4, -331, -326, 168, 161, -329, -224, 200, 141, -19, -214, -102, 
-4, -312, -307, 158, 151, -309, -214, 195, 161, -9, -214, -102, 
-14, -302, -287, 158, 136, -295, -219, 165, 161, -14, -214, -97, 
-19, -287, -268, 153, 124, -278, -224, 141, 151, -4, -204, -87, 
-29, -273, -244, 151, 107, -258, -234, 126, 151, 14, -185, -73, 
-34, -263, -229, 148, 97, -246, -234, 112, 156, 19, -180, -73, 
-39, -278, -239, 158, 100, -258, -234, 107, 156, 24, -180, -73, 
-39, -278, -239, 158, 100, -258, -234, 107, 156, 24, -185, -82, 
-43, -283, -239, 163, 97, -261, -229, 112, 170, 14, -190, -87, 
-43, -283, -239, 163, 97, -261, -229, 112, 175, 9, -190, -92, 
-53, -287, -234, 170, 90, -261, -229, 112, 180, 19, -200, -97, 
-53, -292, -239, 173, 92, -265, -229, 112, 185, 9, -200, -102, 
-53, -292, -239, 173, 92, -265, -229, 107, 190, 9, -200, -102, 
-53, -292, -239, 173, 92, -265, -229, 107, 195, 9, -200, -97, 
-53, -283, -229, 168, 87, -256, -234, 97, 190, 19, -195, -92, 
-53, -283, -229, 168, 87, -256, -234, 92, 180, 29, -195, -92, 
-58, -283, -224, 170, 82, -253, -229, 92, 175, 29, -190, -87, 
-58, -283, -224, 170, 82, -253, -229, 92, 175, 29, -185, -87, 
-58, -297, -239, 178, 90, -268, -219, 92, 180, 29, -185, -87, 
-53, -297, -244, 175, 95, -270, -219, 92, 180, 29, -190, -87, 
-48, -297, -248, 173, 100, -273, -219, 92, 185, 24, -190, -87, 
-43, -297, -253, 170, 104, -275, -219, 92, 185, 24, -190, -97, 
-58, -297, -239, 178, 90, -268, -214, 102, 195, 24, -180, -87, 
-58, -297, -239, 178, 90, -268, -214, 102, 195, 24, -180, -87, 
-53, -297, -244, 175, 95, -270, -214, 102, 195, 34, -180, -82, 
-48, -287, -239, 168, 95, -263, -214, 102, 195, 39, -180, -82, 
-48, -287, -239, 168, 95, -263, -219, 102, 195, 43, -180, -97, 
-53, -292, -239, 173, 92, -265, -224, 102, 200, 43, -180, -97, 
-53, -292, -239, 173, 92, -265, -229, 102, 204, 43, -180, -97, 
-48, -292, -244, 170, 97, -268, -234, 102, 209, 48, -180, -97, 
-48, -302, -253, 175, 102, -278, -234, 102, 209, 48, -180, -97, 
-48, -297, -248, 173, 100, -273, -229, 102, 209, 48, -180, -97, 
-48, -297, -248, 173, 100, -273, -229, 102, 209, 48, -180, -97, 
-48, -297, -248, 173, 100, -273, -229, 102, 214, 48, -180, -97, 
-53, -297, -244, 175, 95, -270, -219, 112, 214, 48, -170, -97, 
-53, -297, -244, 175, 95, -270, -219, 112, 214, 48, -170, -92, 
-58, -297, -239, 178, 90, -268, -219, 112, 214, 48, -170, -92, 
-63, -297, -234, 180, 85, -265, -219, 112, 214, 53, -170, -92, 
-53, -297, -244, 175, 95, -270, -229, 102, 219, 68, -165, -92, 
-53, -297, -244, 175, 95, -270, -229, 102, 219, 68, -165, -97, 
-53, -297, -244, 175, 95, -270, -229, 102, 219, 68, -165, -97, 
-63, -287, -224, 175, 80, -256, -229, 102, 224, 68, -165, -97, 
-53, -297, -244, 175, 95, -270, -219, 112, 224, 68, -165, -97, 
-48, -297, -248, 173, 100, -273, -219, 112, 224, 68, -161, -92, 
-43, -292, -248, 168, 102, -270, -219, 112, 224, 68, -161, -92, 
-43, -292, -248, 168, 102, -270, -219, 117, 224, 68, -161, -92, 
-53, -297, -244, 175, 95, -270, -219, 107, 229, 68, -165, -97, 
-58, -297, -239, 178, 90, -268, -219, 107, 234, 73, -165, -97, 
-58, -297, -239, 178, 90, -268, -219, 107, 239, 78, -165, -97, 
-53, -297, -244, 175, 95, -270, -219, 107, 248, 78, -165, -97, 
-43, -287, -244, 165, 100, -265, -209, 117, 248, 78, -165, -92, 
-53, -287, -234, 170, 90, -261, -204, 117, 253, 78, -165, -92, 
-53, -287, -234, 170, 90, -261, -204, 117, 253, 78, -165, -97, 
-48, -287, -239, 168, 95, -263, -209, 112, 253, 78, -165, -97, 
-48, -307, -258, 178, 104, -283, -209, 112, 244, 82, -165, -97, 
-53, -307, -253, 180, 100, -280, -209, 112, 248, 87, -165, -97, 
-53, -307, -253, 180, 100, -280, -209, 112, 248, 87, -165, -92, 
-53, -307, -253, 180, 100, -280, -209, 117, 248, 87, -161, -92, 
-58, -307, -248, 183, 95, -278, -219, 126, 263, 92, -161, -92, 
-63, -302, -239, 183, 87, -270, -219, 126, 268, 92, -161, -92, 
-68, -302, -234, 185, 82, -268, -219, 126, 268, 92, -161, -92, 
-73, -302, -229, 187, 78, -265, -219, 131, 268, 92, -161, -92, 
-58, -312, -253, 185, 97, -283, -209, 122, 268, 92, -156, -92, 
-58, -312, -253, 185, 97, -283, -209, 122, 273, 92, -156, -92, 
-58, -312, -253, 185, 97, -283, -209, 122, 273, 97, -156, -92, 
-53, -312, -258, 183, 102, -285, -209, 126, 283, 102, -151, -92, 
-53, -312, -258, 183, 102, -285, -209, 136, 273, 102, -141, -87, 
-53, -312, -258, 183, 102, -285, -209, 136, 278, 107, -141, -87, 
-53, -312, -258, 183, 102, -285, -209, 136, 283, 107, -141, -87, 
-53, -312, -258, 183, 102, -285, -209, 136, 283, 107, -141, -87, 
-48, -312, -263, 180, 107, -287, -219, 136, 283, 112, -146, -92, 
-48, -312, -263, 180, 107, -287, -219, 136, 287, 117, -141, -92, 
-53, -312, -258, 183, 102, -285, -219, 136, 292, 122, -136, -92, 
-53, -312, -258, 183, 102, -285, -219, 141, 297, 126, -136, -92, 
-58, -302, -244, 180, 92, -273, -209, 151, 307, 126, -126, -82, 
-58, -302, -244, 180, 92, -273, -209, 151, 312, 131, -117, -82, 
-58, -302, -244, 180, 92, -273, -209, 156, 317, 136, -117, -78, 
-58, -297, -239, 178, 90, -268, -209, 156, 322, 141, -117, -78, 
-53, -302, -248, 178, 97, -275, -209, 156, 326, 156, -107, -58, 
-53, -302, -248, 178, 97, -275, -209, 161, 331, 156, -102, -58, 
-53, -297, -244, 175, 95, -270, -209, 161, 336, 161, -97, -53, 
-48, -297, -248, 173, 100, -273, -209, 161, 346, 165, -92, -48, 
-39, -297, -258, 168, 109, -278, -209, 156, 351, 170, -92, -58, 
-39, -292, -253, 165, 107, -273, -209, 161, 356, 175, -87, -58, 
-39, -292, -253, 165, 107, -273, -209, 165, 361, 180, -82, -48, 
-34, -292, -258, 163, 112, -275, -209, 170, 370, 185, -78, -43, 
-43, -292, -248, 168, 102, -270, -209, 180, 375, 195, -68, -39, 
-43, -287, -244, 165, 100, -265, -214, 185, 385, 200, -63, -34, 
-34, -287, -253, 161, 109, -270, -214, 185, 395, 214, -53, -34, 
-29, -283, -253, 156, 112, -268, -214, 185, 400, 214, -43, -29, 
-14, -278, -263, 146, 124, -270, -214, 180, 395, 219, -39, -24, 
-14, -278, -263, 146, 124, -270, -219, 185, 409, 229, -29, -19, 
-9, -273, -263, 141, 126, -268, -219, 190, 419, 239, -24, -14, 
-4, -268, -263, 136, 129, -265, -224, 195, 429, 244, -19, -14, 
-9, -263, -253, 136, 122, -258, -214, 209, 439, 258, -4, -4, 
-9, -258, -248, 134, 119, -253, -219, 214, 453, 258, 4, 4, 
-9, -253, -244, 131, 117, -248, -219, 214, 458, 273, 4, 9, 
-4, -248, -244, 126, 119, -246, -229, 214, 468, 278, 19, 14, 
0, -244, -244, 122, 122, -244, -234, 214, 473, 287, 29, 24, 
0, -239, -239, 119, 119, -239, -234, 214, 478, 292, 39, 29, 
0, -234, -234, 117, 117, -234, -234, 214, 483, 297, 48, 34, 
9, -229, -239, 109, 124, -234, -229, 214, 488, 302, 48, 34, 
9, -224, -234, 107, 122, -229, -229, 224, 497, 322, 73, 58, 
9, -219, -229, 104, 119, -224, -234, 224, 497, 326, 73, 73, 
9, -214, -224, 102, 117, -219, -239, 224, 502, 326, 78, 73, 
19, -209, -229, 95, 124, -219, -248, 219, 502, 326, 87, 78, 
29, -214, -244, 92, 136, -229, -248, 219, 512, 331, 92, 82, 
29, -209, -239, 90, 134, -224, -253, 219, 517, 336, 97, 87, 
29, -204, -234, 87, 131, -219, -253, 219, 522, 341, 97, 92, 
29, -200, -229, 85, 129, -214, -253, 219, 522, 346, 97, 97, 
19, -204, -224, 92, 122, -214, -258, 209, 512, 336, 112, 102, 
24, -204, -229, 90, 126, -217, -263, 209, 512, 336, 117, 107, 
24, -204, -229, 90, 126, -217, -263, 204, 512, 336, 117, 112, 
29, -195, -224, 82, 126, -209, -263, 200, 507, 336, 117, 112, 
39, -185, -224, 73, 131, -204, -273, 195, 517, 346, 126, 122, 
43, -180, -224, 68, 134, -202, -278, 190, 517, 341, 126, 126, 
43, -170, -214, 63, 129, -192, -278, 190, 517, 341, 136, 131, 
43, -161, -204, 58, 124, -183, -278, 190, 517, 341, 136, 136, 
53, -156, -209, 51, 131, -183, -283, 185, 517, 351, 146, 141, 
53, -151, -204, 48, 129, -178, -283, 180, 512, 351, 141, 146, 
53, -146, -200, 46, 126, -173, -283, 175, 507, 351, 141, 146, 
53, -146, -200, 46, 126, -173, -283, 175, 497, 351, 141, 141, 
53, -156, -209, 51, 131, -183, -278, 170, 483, 336, 141, 151, 
48, -156, -204, 53, 126, -180, -278, 161, 473, 336, 141, 151, 
43, -156, -200, 56, 122, -178, -278, 161, 468, 326, 141, 151, 
43, -156, -200, 56, 122, -178, -278, 151, 458, 322, 131, 146, 
34, -156, -190, 61, 112, -173, -278, 136, 458, 317, 117, 131, 
34, -156, -190, 61, 112, -173, -273, 136, 448, 317, 107, 126, 
29, -156, -185, 63, 107, -170, -273, 131, 439, 307, 102, 122, 
29, -156, -185, 63, 107, -170, -273, 126, 434, 302, 92, 112, 
29, -156, -185, 63, 107, -170, -273, 131, 414, 297, 92, 117, 
29, -156, -185, 63, 107, -170, -273, 131, 405, 287, 87, 107, 
24, -165, -190, 70, 107, -178, -268, 126, 395, 278, 73, 102, 
14, -170, -185, 78, 100, -178, -263, 122, 380, 273, 68, 87, 
9, -175, -185, 82, 97, -180, -263, 122, 385, 263, 68, 92, 
4, -180, -185, 87, 95, -183, -263, 117, 375, 253, 58, 87, 
0, -185, -185, 92, 92, -185, -263, 112, 356, 248, 53, 78, 
-4, -195, -190, 100, 92, -192, -258, 107, 346, 239, 39, 68, 
-9, -209, -200, 109, 95, -204, -248, 102, 331, 239, 29, 58, 
-14, -219, -204, 117, 95, -212, -248, 97, 331, 229, 19, 53, 
-14, -224, -209, 119, 97, -217, -248, 97, 322, 219, 14, 48, 
-19, -234, -214, 126, 97, -224, -248, 92, 312, 209, 0, 39, 
-29, -234, -204, 131, 87, -219, -248, 92, 302, 209, 4, 48, 
-34, -234, -200, 134, 82, -217, -248, 92, 292, 204, -4, 34, 
-43, -239, -195, 141, 75, -217, -239, 92, 287, 195, -14, 29, 
-53, -248, -195, 151, 70, -222, -239, 87, 278, 185, -19, 24, 
-43, -253, -209, 148, 82, -231, -248, 78, 268, 175, -39, 9, 
-43, -258, -214, 151, 85, -236, -248, 68, 258, 170, -43, 4, 
-43, -268, -224, 156, 90, -246, -248, 68, 253, 161, -48, 0, 
-48, -278, -229, 163, 90, -253, -244, 73, 244, 151, -53, -4, 
-48, -283, -234, 165, 92, -258, -234, 82, 244, 151, -58, -4, 
-48, -283, -234, 165, 92, -258, -234, 78, 239, 146, -73, -9, 
-53, -287, -234, 170, 90, -261, -234, 78, 234, 131, -73, -9, 
-58, -287, -229, 173, 85, -258, -234, 78, 234, 131, -78, -14, 
-58, -297, -239, 178, 90, -268, -239, 78, 229, 136, -73, -9, 
-58, -302, -244, 180, 92, -273, -239, 78, 229, 126, -78, -9, 
-58, -302, -244, 180, 92, -273, -234, 78, 224, 122, -82, -14, 
-58, -302, -244, 180, 92, -273, -234, 78, 224, 122, -82, -19, 
-63, -307, -244, 185, 90, -275, -234, 68, 214, 122, -82, -29, 
-63, -312, -248, 187, 92, -280, -229, 68, 209, 122, -87, -29, 
-63, -317, -253, 190, 95, -285, -229, 73, 209, 117, -87, -29, 
-63, -322, -258, 192, 97, -290, -229, 73, 209, 112, -92, -34, 
-63, -331, -268, 197, 102, -300, -219, 82, 219, 112, -87, -34, 
-63, -331, -268, 197, 102, -300, -224, 82, 219, 107, -87, -34, 
-63, -331, -268, 197, 102, -300, -224, 82, 209, 102, -92, -39, 
-63, -341, -278, 202, 107, -309, -224, 82, 209, 97, -92, -39, 
-73, -356, -283, 214, 104, -319, -224, 82, 209, 92, -92, -48, 
-73, -356, -283, 214, 104, -319, -219, 82, 209, 92, -92, -53, 
-73, -356, -283, 214, 104, -319, -219, 82, 209, 92, -97, -53, 
-78, -356, -278, 217, 100, -317, -219, 82, 209, 92, -97, -53, 
-78, -361, -283, 219, 102, -322, -219, 82, 209, 92, -102, -48, 
-78, -356, -278, 217, 100, -317, -214, 87, 214, 92, -102, -48, 
-73, -356, -283, 214, 104, -319, -214, 97, 214, 92, -102, -48, 
-73, -351, -278, 212, 102, -314, -209, 97, 214, 92, -102, -48, 
-78, -341, -263, 209, 92, -302, -200, 107, 224, 102, -97, -48, 
-78, -351, -273, 214, 97, -312, -200, 107, 229, 102, -97, -53, 
-78, -351, -273, 214, 97, -312, -200, 107, 229, 102, -97, -53, 
-78, -351, -273, 214, 97, -312, -200, 107, 229, 97, -102, -53, 
-68, -351, -283, 209, 107, -317, -195, 107, 229, 97, -102, -43, 
-73, -351, -278, 212, 102, -314, -195, 107, 229, 102, -102, -43, 
-73, -351, -278, 212, 102, -314, -200, 112, 229, 102, -97, -48, 
-73, -351, -278, 212, 102, -314, -200, 117, 234, 107, -97, -48, 
-63, -351, -287, 207, 112, -319, -200, 112, 234, 107, -107, -43, 
-58, -351, -292, 204, 117, -322, -195, 112, 239, 107, -107, -43, 
-58, -351, -292, 204, 117, -322, -195, 112, 244, 107, -107, -48, 
-58, -356, -297, 207, 119, -326, -195, 117, 244, 107, -107, -48, 
-63, -361, -297, 212, 117, -329, -195, 117, 244, 117, -107, -58, 
-68, -361, -292, 214, 112, -326, -195, 117, 253, 117, -107, -58, 
-68, -366, -297, 217, 114, -331, -195, 122, 253, 117, -102, -58, 
-73, -370, -297, 222, 112, -334, -195, 122, 253, 122, -102, -63, 
-73, -366, -292, 219, 109, -329, -190, 131, 273, 122, -92, -53, 
-78, -366, -287, 222, 104, -326, -190, 131, 273, 122, -92, -48, 
-78, -366, -287, 222, 104, -326, -190, 131, 273, 131, -92, -48, 
-78, -366, -287, 222, 104, -326, -190, 131, 278, 131, -87, -48, 
-68, -361, -292, 214, 112, -326, -190, 141, 283, 122, -87, -43, 
-68, -361, -292, 214, 112, -326, -190, 141, 283, 126, -87, -43, 
-68, -361, -292, 214, 112, -326, -190, 141, 283, 126, -87, -43, 
-68, -361, -292, 214, 112, -326, -185, 141, 283, 126, -87, -43, 
-63, -361, -297, 212, 117, -329, -175, 146, 287, 131, -73, -43, 
-63, -366, -302, 214, 119, -334, -175, 146, 287, 136, -73, -43, 
-63, -366, -302, 214, 119, -334, -175, 151, 292, 141, -73, -43, 
-63, -361, -297, 212, 117, -329, -175, 151, 297, 156, -73, -43, 
-63, -370, -307, 217, 122, -339, -190, 151, 287, 146, -73, -53, 
-68, -370, -302, 219, 117, -336, -190, 151, 287, 146, -73, -43, 
-73, -370, -297, 222, 112, -334, -185, 151, 287, 151, -73, -43, 
-73, -370, -297, 222, 112, -334, -185, 151, 287, 151, -78, -43, 
-63, -361, -297, 212, 117, -329, -185, 141, 302, 151, -68, -34, 
-68, -361, -292, 214, 112, -326, -185, 141, 302, 151, -63, -34, 
-68, -361, -292, 214, 112, -326, -185, 141, 302, 156, -63, -34, 
-68, -361, -292, 214, 112, -326, -185, 141, 302, 156, -63, -34, 
-73, -351, -278, 212, 102, -314, -185, 151, 307, 156, -48, -39, 
-68, -351, -283, 209, 107, -317, -185, 151, 307, 156, -48, -29, 
-68, -351, -283, 209, 107, -317, -185, 156, 307, 161, -43, -29, 
-68, -351, -283, 209, 107, -317, -185, 156, 312, 161, -43, -29, 
-58, -356, -297, 207, 119, -326, -195, 146, 312, 170, -43, -29, 
-53, -361, -307, 207, 126, -334, -195, 146, 312, 170, -43, -29, 
-53, -356, -302, 204, 124, -329, -195, 146, 307, 170, -43, -29, 
-53, -361, -307, 207, 126, -334, -195, 141, 307, 170, -43, -29, 
-53, -351, -297, 202, 122, -324, -185, 151, 297, 170, -39, -24, 
-58, -356, -297, 207, 119, -326, -185, 151, 297, 165, -39, -24, 
-58, -356, -297, 207, 119, -326, -185, 151, 297, 165, -39, -24, 
-58, -356, -297, 207, 119, -326, -185, 151, 297, 170, -34, -19, 
-68, -356, -287, 212, 109, -322, -185, 151, 297, 170, -24, -19, 
-68, -356, -287, 212, 109, -322, -185, 151, 297, 165, -29, -19, 
-68, -356, -287, 212, 109, -322, -185, 151, 297, 165, -29, -19, 
-68, -356, -287, 212, 109, -322, -190, 146, 292, 165, -29, -24, 
-68, -366, -297, 217, 114, -331, -195, 146, 297, 165, -39, -19, 
-68, -366, -297, 217, 114, -331, -195, 141, 297, 165, -39, -19, 
-68, -366, -297, 217, 114, -331, -195, 141, 297, 165, -39, -14, 
-68, -366, -297, 217, 114, -331, -195, 141, 292, 165, -39, -14, 
-63, -351, -287, 207, 112, -319, -195, 136, 292, 165, -39, -19, 
-63, -351, -287, 207, 112, -319, -195, 136, 292, 165, -39, -19, 
-63, -356, -292, 209, 114, -324, -195, 136, 287, 161, -39, -19, 
-63, -356, -292, 209, 114, -324, -195, 136, 287, 161, -39, -19, 
-63, -346, -283, 204, 109, -314, -190, 146, 297, 170, -34, -19, 
-63, -346, -283, 204, 109, -314, -190, 146, 297, 170, -39, -19, 
-63, -346, -283, 204, 109, -314, -190, 141, 292, 170, -34, -19, 
-63, -346, -283, 204, 109, -314, -185, 141, 292, 170, -29, -19, 
-73, -351, -278, 212, 102, -314, -195, 126, 292, 156, -34, -19, 
-73, -356, -283, 214, 104, -319, -200, 126, 287, 156, -39, -19, 
-73, -361, -287, 217, 107, -324, -200, 126, 287, 156, -43, -19, 
-73, -366, -292, 219, 109, -329, -200, 126, 287, 156, -48, -24, 
-73, -366, -292, 219, 109, -329, -204, 126, 278, 161, -39, -34, 
-78, -366, -287, 222, 104, -326, -204, 126, 273, 161, -39, -34, 
-78, -366, -287, 222, 104, -326, -200, 126, 273, 161, -39, -34, 
-73, -366, -292, 219, 109, -329, -200, 131, 273, 161, -39, -34, 
-63, -366, -302, 214, 119, -334, -200, 131, 273, 156, -43, -34, 
-68, -366, -297, 217, 114, -331, -195, 126, 268, 156, -48, -34, 
-68, -366, -297, 217, 114, -331, -195, 126, 268, 156, -48, -34, 
-68, -370, -302, 219, 117, -336, -195, 126, 273, 156, -48, -34, 
-73, -370, -297, 222, 112, -334, -200, 136, 273, 151, -48, -34, 
-73, -370, -297, 222, 112, -334, -200, 136, 273, 151, -48, -39, 
-73, -370, -297, 222, 112, -334, -200, 131, 268, 151, -48, -39, 
-73, -370, -297, 222, 112, -334, -200, 131, 268, 151, -48, -39, 
-73, -380, -307, 226, 117, -344, -209, 136, 268, 151, -48, -39, 
-73, -380, -307, 226, 117, -344, -209, 136, 263, 151, -48, -34, 
-73, -380, -307, 226, 117, -344, -209, 136, 263, 151, -48, -34, 
-73, -375, -302, 224, 114, -339, -209, 131, 263, 151, -53, -34, 
-73, -375, -302, 224, 114, -339, -200, 131, 273, 161, -43, -34, 
-73, -375, -302, 224, 114, -339, -200, 131, 273, 161, -43, -34, 
-68, -375, -307, 222, 119, -341, -200, 136, 268, 161, -43, -34, 
-68, -375, -307, 222, 119, -341, -200, 136, 268, 161, -43, -34, 
-58, -370, -312, 214, 126, -341, -200, 131, 273, 161, -43, -34, 
-63, -370, -307, 217, 122, -339, -200, 131, 273, 161, -43, -34, 
-63, -370, -307, 217, 122, -339, -200, 131, 273, 161, -39, -34, 
-63, -370, -307, 217, 122, -339, -200, 131, 273, 161, -39, -34, 
-78, -380, -302, 229, 112, -341, -209, 131, 273, 161, -34, -34, 
-73, -385, -312, 229, 119, -348, -209, 131, 268, 161, -34, -34, 
-78, -385, -307, 231, 114, -346, -209, 131, 268, 161, -34, -39, 
-82, -385, -302, 234, 109, -344, -209, 131, 268, 161, -34, -43, 
-82, -395, -312, 239, 114, -353, -200, 122, 273, 161, -43, -43, 
-82, -400, -317, 241, 117, -358, -204, 122, 273, 161, -43, -43, 
-82, -400, -317, 241, 117, -358, -204, 122, 273, 156, -48, -43, 
-82, -395, -312, 239, 114, -353, -204, 122, 273, 156, -48, -39, 
-82, -385, -302, 234, 109, -344, -204, 131, 278, 165, -39, -29, 
-82, -385, -302, 234, 109, -344, -204, 131, 278, 165, -39, -34, 
-78, -385, -307, 231, 114, -346, -204, 131, 278, 165, -39, -34, 
-68, -385, -317, 226, 124, -351, -204, 131, 278, 165, -39, -39, 
-68, -375, -307, 222, 119, -341, -195, 122, 278, 165, -39, -39, 
-68, -375, -307, 222, 119, -341, -195, 122, 278, 165, -39, -34, 
-63, -370, -307, 217, 122, -339, -195, 122, 278, 165, -39, -34, 
-63, -370, -307, 217, 122, -339, -195, 122, 268, 165, -39, -34, 
-58, -375, -317, 217, 129, -346, -195, 122, 278, 185, -43, -34, 
-58, -380, -322, 219, 131, -351, -195, 126, 273, 175, -39, -39, 
-68, -380, -312, 224, 122, -346, -195, 126, 283, 185, -39, -39, 
-68, -380, -312, 224, 122, -346, -195, 126, 283, 185, -39, -39, 
-68, -380, -312, 224, 122, -346, -195, 126, 283, 185, -39, -39, 
-68, -380, -312, 224, 122, -346, -195, 126, 283, 185, -39, -39, 
-68, -370, -302, 219, 117, -336, -195, 126, 283, 185, -39, -34, 
-68, -370, -302, 219, 117, -336, -200, 126, 283, 185, -39, -34, 
-68, -370, -302, 219, 117, -336, -200, 126, 287, 185, -39, -39, 
-73, -370, -297, 222, 112, -334, -195, 126, 287, 185, -39, -39, 
-73, -366, -292, 219, 109, -329, -195, 126, 287, 185, -34, -39, 
-73, -361, -287, 217, 107, -324, -195, 126, 283, 185, -34, -34, 
-68, -361, -292, 214, 112, -326, -195, 126, 283, 195, -34, -34, 
-63, -356, -292, 209, 114, -324, -190, 126, 283, 200, -34, -34, 
-73, -356, -283, 214, 104, -319, -190, 141, 292, 204, -19, -29, 
-73, -351, -278, 212, 102, -314, -185, 146, 302, 209, -14, -29, 
-73, -351, -278, 212, 102, -314, -175, 156, 312, 214, -14, -24, 
-73, -346, -273, 209, 100, -309, -170, 156, 322, 219, -4, -19, 
-63, -341, -278, 202, 107, -309, -156, 170, 326, 214, 0, -4, 
-63, -331, -268, 197, 102, -300, -151, 175, 331, 219, 0, -4, 
-58, -326, -268, 192, 104, -297, -146, 180, 336, 224, 9, -4, 
-58, -322, -263, 190, 102, -292, -146, 185, 336, 224, 9, 0, 
-63, -326, -263, 195, 100, -295, -151, 195, 341, 229, 9, 0, 
-63, -326, -263, 195, 100, -295, -146, 195, 346, 234, 9, 0, 
-63, -326, -263, 195, 100, -295, -146, 190, 351, 239, 14, 0, 
-63, -322, -258, 192, 97, -290, -146, 190, 356, 248, 14, 0, 
-73, -312, -239, 192, 82, -275, -136, 195, 361, 248, 24, -9, 
-73, -312, -239, 192, 82, -275, -136, 200, 366, 248, 24, -4, 
-73, -307, -234, 190, 80, -270, -136, 200, 370, 258, 24, 0, 
-68, -297, -229, 183, 80, -263, -141, 195, 370, 258, 29, 0, 
-58, -297, -239, 178, 90, -268, -151, 185, 366, 258, 19, 9, 
-63, -292, -229, 178, 82, -261, -165, 185, 361, 253, 19, 4, 
-63, -292, -229, 178, 82, -261, -175, 165, 356, 253, 19, 4, 
-63, -292, -229, 178, 82, -261, -180, 151, 356, 253, 19, 4, 
-63, -283, -219, 173, 78, -251, -190, 126, 351, 244, 19, 0, 
-63, -278, -214, 170, 75, -246, -200, 112, 351, 239, 19, 0, 
-63, -273, -209, 168, 73, -241, -204, 107, 346, 239, 24, 0, 
-63, -273, -209, 168, 73, -241, -214, 102, 346, 239, 24, 0, 
-63, -273, -209, 168, 73, -241, -224, 92, 346, 248, 34, 9, 
-63, -273, -209, 168, 73, -241, -229, 87, 341, 248, 34, 9, 
-63, -268, -204, 165, 70, -236, -229, 87, 341, 248, 34, 9, 
-63, -268, -204, 165, 70, -236, -229, 87, 336, 248, 29, 14, 
-63, -283, -219, 173, 78, -251, -229, 97, 346, 248, 19, 14, 
-63, -283, -219, 173, 78, -251, -229, 97, 346, 248, 19, 14, 
-58, -283, -224, 170, 82, -253, -234, 97, 346, 248, 19, 14, 
-53, -287, -234, 170, 90, -261, -234, 97, 341, 248, 19, 14, 
-53, -283, -229, 168, 87, -256, -224, 97, 336, 253, 29, 9, 
-58, -292, -234, 175, 87, -263, -224, 97, 331, 244, 19, 9, 
-68, -297, -229, 183, 80, -263, -224, 97, 326, 239, 19, 9, 
-58, -302, -244, 180, 92, -273, -224, 92, 322, 239, 24, 9, 
-58, -292, -234, 175, 87, -263, -234, 82, 322, 244, 24, 9, 
-58, -292, -234, 175, 87, -263, -234, 82, 322, 248, 24, 14, 
-58, -297, -239, 178, 90, -268, -234, 87, 326, 248, 24, 19, 
-58, -297, -239, 178, 90, -268, -229, 92, 326, 248, 29, 19, 
-68, -317, -248, 192, 90, -283, -229, 102, 312, 258, 29, 9, 
-68, -322, -253, 195, 92, -287, -229, 102, 307, 253, 29, 4, 
-68, -336, -268, 202, 100, -302, -229, 102, 302, 244, 24, 4, 
-68, -351, -283, 209, 107, -317, -229, 102, 297, 239, 19, 4, 
-63, -366, -302, 214, 119, -334, -229, 97, 302, 234, 24, 0, 
-68, -375, -307, 222, 119, -341, -229, 97, 302, 229, 14, -9, 
-68, -385, -317, 226, 124, -351, -229, 97, 297, 224, 9, -14, 
-73, -390, -317, 231, 122, -353, -229, 92, 292, 209, 4, -19, 
-73, -390, -317, 231, 122, -353, -219, 92, 287, 204, 0, -14, 
-78, -400, -322, 239, 122, -361, -219, 92, 278, 204, -4, -19, 
-78, -400, -322, 239, 122, -361, -214, 97, 278, 204, -4, -24, 
-78, -400, -322, 239, 122, -361, -209, 102, 283, 204, -4, -29, 
-97, -409, -312, 253, 107, -361, -214, 92, 283, 204, -14, -39, 
-97, -414, -317, 256, 109, -366, -214, 97, 283, 204, -14, -39, 
-97, -414, -317, 256, 109, -366, -214, 97, 283, 204, -14, -39, 
-97, -414, -317, 256, 109, -366, -209, 97, 287, 200, -14, -43, 
-92, -409, -317, 251, 112, -363, -209, 97, 287, 200, -14, -43, 
-87, -414, -326, 251, 119, -370, -209, 97, 287, 200, -19, -43, 
-87, -414, -326, 251, 119, -370, -209, 97, 283, 200, -19, -43, 
-82, -414, -331, 248, 124, -373, -209, 97, 283, 195, -24, -43, 
-78, -414, -336, 246, 129, -375, -204, 102, 278, 204, -14, -43, 
-73, -414, -341, 244, 134, -378, -204, 102, 278, 200, -14, -43, 
-73, -419, -346, 246, 136, -383, -204, 102, 278, 200, -19, -43, 
-78, -419, -341, 248, 131, -380, -204, 102, 283, 204, -19, -43, 
-78, -419, -341, 248, 131, -380, -204, 102, 292, 204, -4, -43, 
-82, -419, -336, 251, 126, -378, -204, 107, 292, 204, -4, -43, 
-82, -414, -331, 248, 124, -373, -200, 107, 297, 209, -4, -43, 
-82, -414, -331, 248, 124, -373, -200, 107, 297, 209, 0, -43, 
-73, -414, -341, 244, 134, -378, -209, 97, 297, 209, -9, -43, 
-68, -414, -346, 241, 139, -380, -214, 97, 297, 209, -9, -43, 
-68, -414, -346, 241, 139, -380, -214, 97, 297, 209, -9, -43, 
-73, -419, -346, 246, 136, -383, -214, 97, 297, 209, -9, -43, 
-63, -400, -336, 231, 136, -368, -204, 112, 307, 219, 0, -34, 
-82, -424, -341, 253, 129, -383, -195, 131, 307, 224, -14, -34, 
-92, -439, -346, 265, 126, -392, -161, 165, 326, 214, -34, -53, 
-87, -473, -385, 280, 148, -429, -112, 224, 361, 195, -63, -87, 
-107, -502, -395, 305, 143, -448, -68, 302, 400, 175, -107, -136, 
-126, -541, -414, 334, 143, -478, -19, 380, 444, 151, -170, -175, 
-117, -546, -429, 331, 156, -488, 9, 434, 492, 146, -200, -214, 
-117, -556, -439, 336, 161, -497, 29, 458, 512, 131, -219, -234, 
-112, -536, -424, 324, 156, -480, 19, 448, 502, 122, -229, -234, 
-107, -463, -356, 285, 124, -409, -4, 400, 483, 141, -204, -209, 
-92, -346, -253, 219, 80, -300, -48, 341, 492, 214, -112, -141, 
-63, -204, -141, 134, 39, -173, -92, 292, 531, 351, 19, -34, 
-24, -58, -34, 41, 4, -46, -141, 258, 605, 536, 195, 97, 
19, 117, 97, -68, -39, 107, -214, 204, 668, 727, 400, 253, 
78, 268, 190, -173, -56, 229, -278, 151, 712, 893, 610, 419, 
126, 390, 263, -258, -68, 326, -312, 131, 751, 1058, 824, 585, 
180, 483, 302, -331, -61, 392, -312, 141, 785, 1268, 1093, 785, 
234, 556, 322, -395, -43, 439, -312, 131, 849, 1507, 1366, 971, 
268, 605, 336, -436, -34, 470, -302, 122, 878, 1683, 1566, 1102, 
307, 634, 326, -470, -9, 480, -253, 126, 824, 1786, 1688, 1200, 
346, 653, 307, -500, 19, 480, -219, 136, 785, 1864, 1781, 1288, 
380, 610, 229, -495, 75, 419, -234, 112, 771, 1947, 1839, 1346, 
409, 468, 58, -439, 175, 263, -287, 68, 697, 1995, 1800, 1317, 
434, 229, -204, -331, 319, 12, -366, -19, 536, 1952, 1673, 1244, 
453, 14, -439, -234, 446, -212, -502, -190, 317, 1820, 1532, 1180, 
468, -131, -600, -168, 534, -366, -678, -395, 78, 1576, 1366, 1117, 
468, -248, -717, -109, 592, -483, -814, -541, -170, 1220, 1137, 1049, 
419, -331, -751, -43, 585, -541, -888, -605, -409, 771, 858, 941, 
302, -370, -673, 34, 488, -522, -893, -634, -634, 180, 488, 780, 
170, -395, -566, 112, 368, -480, -834, -585, -766, -331, 117, 556, 
97, -448, -546, 175, 322, -497, -732, -453, -732, -453, -48, 385, 
73, -512, -585, 219, 329, -549, -629, -297, -575, -326, -68, 278, 
34, -546, -580, 256, 307, -563, -546, -180, -424, -234, -82, 200, 
-19, -556, -536, 287, 258, -546, -478, -102, -297, -170, -102, 97, 
-58, -566, -507, 312, 224, -536, -434, -29, -180, -78, -102, 4, 
-68, -556, -488, 312, 209, -522, -380, 34, -78, 0, -97, -34, 
-68, -522, -453, 295, 192, -488, -317, 107, 14, 78, -63, -34, 
-58, -483, -424, 270, 183, -453, -263, 175, 117, 151, -9, -9, 
-48, -488, -439, 268, 195, -463, -209, 219, 209, 204, 9, -4, 
-43, -488, -444, 265, 200, -466, -175, 248, 278, 224, 14, -14, 
-43, -473, -429, 258, 192, -451, -170, 258, 326, 244, 19, -14, 
-53, -458, -405, 256, 175, -431, -165, 258, 356, 253, 29, -14, 
-53, -439, -385, 246, 165, -412, -165, 244, 356, 253, 29, -14, 
-53, -409, -356, 231, 151, -383, -180, 224, 346, 258, 39, -9, 
-68, -395, -326, 231, 129, -361, -175, 200, 346, 268, 48, 0, 
-78, -390, -312, 234, 117, -351, -165, 185, 346, 278, 58, 14, 
-82, -390, -307, 236, 112, -348, -175, 180, 351, 283, 63, 14, 
-78, -405, -326, 241, 124, -366, -175, 165, 361, 297, 53, 4, 
-78, -405, -326, 241, 124, -366, -175, 165, 361, 297, 48, -4, 
-82, -409, -326, 246, 122, -368, -170, 170, 375, 287, 43, -9, 
-82, -409, -326, 246, 122, -368, -170, 170, 380, 283, 43, -14, 
-73, -400, -326, 236, 126, -363, -180, 161, 390, 283, 34, -9, 
-73, -400, -326, 236, 126, -363, -180, 161, 390, 273, 34, -14, 
-73, -395, -322, 234, 124, -358, -180, 156, 390, 273, 34, -14, 
-73, -390, -317, 231, 122, -353, -180, 156, 390, 273, 34, -9, 
-73, -390, -317, 231, 122, -353, -175, 156, 380, 283, 48, -4, 
-73, -390, -317, 231, 122, -353, -175, 151, 375, 292, 48, -4, 
-78, -390, -312, 234, 117, -351, -170, 151, 375, 292, 53, 0, 
-78, -390, -312, 234, 117, -351, -170, 151, 380, 292, 58, 0, 
-92, -395, -302, 244, 104, -348, -170, 161, 390, 302, 58, 0, 
-92, -395, -302, 244, 104, -348, -170, 161, 395, 302, 53, 0, 
-92, -395, -302, 244, 104, -348, -170, 161, 405, 297, 53, 0, 
-92, -395, -302, 244, 104, -348, -170, 161, 409, 297, 53, -9, 
-87, -395, -307, 241, 109, -351, -175, 161, 400, 287, 53, -9, 
-87, -395, -307, 241, 109, -351, -175, 161, 400, 287, 53, -9, 
-82, -395, -312, 239, 114, -353, -175, 161, 400, 297, 53, -4, 
-78, -385, -307, 231, 114, -346, -175, 161, 400, 302, 53, -4, 
-78, -385, -307, 231, 114, -346, -175, 151, 400, 297, 53, -9, 
-82, -390, -307, 236, 112, -348, -175, 151, 405, 297, 53, -9, 
-82, -390, -307, 236, 112, -348, -175, 151, 409, 297, 53, -9, 
-78, -390, -312, 234, 117, -351, -175, 151, 414, 302, 53, -9, 
-87, -380, -292, 234, 102, -336, -185, 161, 405, 302, 53, -9, 
-87, -375, -287, 231, 100, -331, -180, 161, 405, 302, 53, -9, 
-87, -375, -287, 231, 100, -331, -180, 161, 405, 302, 53, -9, 
-87, -375, -287, 231, 100, -331, -180, 161, 409, 302, 53, -9, 
-78, -375, -297, 226, 109, -336, -180, 151, 409, 302, 63, -9, 
-73, -375, -302, 224, 114, -339, -180, 151, 409, 302, 63, -4, 
-73, -375, -302, 224, 114, -339, -180, 151, 409, 302, 63, -4, 
-73, -375, -302, 224, 114, -339, -180, 151, 409, 307, 63, -4, 
-73, -375, -302, 224, 114, -339, -170, 151, 414, 312, 58, 4, 
-73, -375, -302, 224, 114, -339, -170, 151, 414, 312, 58, 0, 
-73, -375, -302, 224, 114, -339, -170, 151, 414, 312, 58, 0, 
-82, -366, -283, 224, 100, -324, -170, 151, 419, 312, 58, 0, 
-82, -366, -283, 224, 100, -324, -180, 151, 419, 312, 58, 0, 
-78, -366, -287, 222, 104, -326, -180, 151, 419, 312, 63, 4, 
-73, -361, -287, 217, 107, -324, -180, 151, 419, 312, 63, 4, 
-73, -361, -287, 217, 107, -324, -180, 156, 419, 312, 63, 4, 
-82, -375, -292, 229, 104, -334, -170, 156, 419, 312, 58, 0, 
-87, -375, -287, 231, 100, -331, -170, 156, 419, 317, 58, 0, 
-87, -375, -287, 231, 100, -331, -170, 156, 419, 322, 58, 0, 
-82, -375, -292, 229, 104, -334, -170, 156, 424, 322, 58, 0, 
-82, -385, -302, 234, 109, -344, -180, 156, 414, 322, 58, -4, 
-92, -385, -292, 239, 100, -339, -175, 156, 419, 322, 58, -4, 
-92, -385, -292, 239, 100, -339, -175, 156, 419, 322, 58, -9, 
-87, -385, -297, 236, 104, -341, -180, 151, 419, 322, 58, -9, 
-78, -385, -307, 231, 114, -346, -180, 161, 429, 326, 58, 0, 
-82, -385, -302, 234, 109, -344, -180, 161, 434, 331, 58, 0, 
-82, -385, -302, 234, 109, -344, -180, 161, 434, 331, 58, 4, 
-82, -385, -302, 234, 109, -344, -180, 165, 434, 331, 63, 4, 
-82, -385, -302, 234, 109, -344, -170, 156, 439, 336, 73, 4, 
-82, -380, -297, 231, 107, -339, -170, 156, 444, 336, 73, 4, 
-82, -380, -297, 231, 107, -339, -170, 156, 444, 336, 73, 4, 
-82, -380, -297, 231, 107, -339, -170, 161, 444, 336, 73, 4, 
-87, -380, -292, 234, 102, -336, -180, 151, 434, 326, 78, 4, 
-87, -380, -292, 234, 102, -336, -180, 151, 439, 326, 78, 4, 
-87, -380, -292, 234, 102, -336, -180, 151, 439, 331, 78, 4, 
-82, -380, -297, 231, 107, -339, -180, 156, 448, 336, 82, 4, 
-73, -380, -307, 226, 117, -344, -180, 156, 448, 336, 73, 0, 
-73, -380, -307, 226, 117, -344, -180, 156, 453, 341, 73, 0, 
-73, -380, -307, 226, 117, -344, -180, 156, 458, 341, 73, 0, 
-73, -380, -307, 226, 117, -344, -180, 156, 458, 341, 73, 0, 
-78, -375, -297, 226, 109, -336, -180, 165, 458, 346, 78, 9, 
-78, -370, -292, 224, 107, -331, -180, 165, 463, 351, 82, 14, 
-82, -366, -283, 224, 100, -324, -180, 165, 468, 356, 87, 19, 
-82, -361, -278, 222, 97, -319, -180, 170, 473, 361, 87, 24, 
-68, -370, -302, 219, 117, -336, -180, 170, 473, 351, 87, 14, 
-68, -370, -302, 219, 117, -336, -180, 170, 478, 356, 97, 14, 
-68, -370, -302, 219, 117, -336, -180, 175, 483, 361, 97, 19, 
-68, -366, -297, 217, 114, -331, -180, 175, 488, 366, 97, 19, 
-63, -351, -287, 207, 112, -319, -180, 185, 492, 380, 107, 29, 
-63, -351, -287, 207, 112, -319, -180, 190, 497, 380, 112, 29, 
-63, -346, -283, 204, 109, -314, -180, 190, 502, 385, 117, 34, 
-58, -346, -287, 202, 114, -317, -180, 190, 512, 390, 122, 39, 
-48, -346, -297, 197, 124, -322, -190, 185, 517, 395, 131, 39, 
-48, -341, -292, 195, 122, -317, -190, 190, 522, 400, 136, 39, 
-48, -341, -292, 195, 122, -317, -190, 195, 527, 405, 141, 48, 
-43, -341, -297, 192, 126, -319, -190, 200, 536, 409, 146, 53, 
-53, -331, -278, 192, 112, -305, -190, 200, 531, 419, 146, 58, 
-53, -326, -273, 190, 109, -300, -195, 204, 541, 424, 151, 63, 
-43, -326, -283, 185, 119, -305, -195, 204, 551, 439, 161, 63, 
-39, -322, -283, 180, 122, -302, -195, 204, 556, 439, 170, 68, 
-34, -317, -283, 175, 124, -300, -195, 209, 561, 444, 185, 73, 
-34, -317, -283, 175, 124, -300, -200, 214, 575, 453, 195, 78, 
-29, -312, -283, 170, 126, -297, -200, 219, 585, 463, 200, 82, 
-24, -307, -283, 165, 129, -295, -204, 224, 595, 468, 204, 82, 
-29, -302, -273, 165, 122, -287, -204, 219, 610, 483, 209, 92, 
-29, -297, -268, 163, 119, -283, -209, 224, 619, 483, 219, 102, 
-29, -292, -263, 161, 117, -278, -209, 224, 619, 497, 219, 107, 
-24, -287, -263, 156, 119, -275, -219, 224, 624, 502, 234, 112, 
-9, -283, -273, 146, 131, -278, -224, 224, 629, 512, 244, 131, 
-9, -278, -268, 143, 129, -273, -224, 224, 634, 517, 253, 136, 
-9, -273, -263, 141, 126, -268, -224, 224, 639, 522, 263, 141, 
0, -268, -268, 134, 134, -268, -219, 224, 644, 527, 263, 141, 
-9, -263, -253, 136, 122, -258, -229, 234, 653, 527, 278, 146, 
-9, -258, -248, 134, 119, -253, -234, 234, 653, 531, 278, 161, 
-9, -253, -244, 131, 117, -248, -239, 234, 658, 531, 283, 161, 
0, -248, -248, 124, 124, -248, -248, 229, 658, 531, 292, 165, 
9, -244, -253, 117, 131, -248, -239, 219, 663, 536, 297, 180, 
9, -239, -248, 114, 129, -244, -244, 219, 663, 541, 302, 185, 
9, -234, -244, 112, 126, -239, -244, 219, 663, 546, 302, 190, 
9, -229, -239, 109, 124, -234, -244, 219, 658, 551, 302, 195, 
0, -214, -214, 107, 107, -214, -258, 219, 658, 541, 317, 200, 
4, -214, -219, 104, 112, -217, -263, 219, 658, 541, 322, 204, 
4, -214, -219, 104, 112, -217, -263, 214, 658, 541, 322, 209, 
9, -204, -214, 97, 112, -209, -263, 209, 653, 541, 322, 209, 
9, -209, -219, 100, 114, -214, -263, 204, 644, 541, 312, 209, 
14, -209, -224, 97, 119, -217, -268, 200, 644, 536, 312, 214, 
14, -204, -219, 95, 117, -212, -268, 200, 644, 536, 322, 219, 
14, -200, -214, 92, 114, -207, -268, 200, 644, 536, 322, 224, 
19, -185, -204, 82, 112, -195, -263, 185, 634, 527, 322, 229, 
24, -180, -204, 78, 114, -192, -263, 180, 629, 527, 317, 234, 
29, -175, -204, 73, 117, -190, -263, 175, 624, 527, 317, 234, 
34, -175, -209, 70, 122, -192, -263, 175, 614, 527, 317, 229, 
24, -175, -200, 75, 112, -187, -278, 180, 610, 522, 307, 219, 
19, -175, -195, 78, 107, -185, -278, 170, 600, 522, 307, 219, 
14, -175, -190, 80, 102, -183, -278, 170, 595, 512, 307, 219, 
14, -175, -190, 80, 102, -183, -278, 161, 585, 507, 297, 214, 
14, -165, -180, 75, 97, -173, -268, 165, 585, 502, 302, 219, 
14, -165, -180, 75, 97, -173, -263, 165, 575, 502, 292, 214, 
9, -165, -175, 78, 92, -170, -263, 161, 566, 492, 287, 209, 
9, -165, -175, 78, 92, -170, -263, 156, 561, 488, 278, 200, 
19, -165, -185, 73, 102, -175, -263, 151, 541, 473, 258, 195, 
19, -165, -185, 73, 102, -175, -263, 151, 531, 463, 253, 185, 
14, -175, -190, 80, 102, -183, -258, 146, 522, 453, 239, 180, 
4, -180, -185, 87, 95, -183, -253, 141, 507, 448, 234, 165, 
-9, -195, -185, 102, 87, -190, -253, 131, 502, 429, 214, 170, 
-14, -200, -185, 107, 85, -192, -253, 126, 492, 419, 204, 165, 
-19, -204, -185, 112, 82, -195, -253, 122, 473, 414, 200, 156, 
-24, -214, -190, 119, 82, -202, -248, 117, 463, 405, 185, 146, 
-19, -224, -204, 122, 92, -214, -248, 122, 458, 405, 185, 136, 
-24, -229, -204, 126, 90, -217, -248, 117, 458, 395, 175, 131, 
-24, -229, -204, 126, 90, -217, -248, 117, 448, 385, 170, 126, 
-29, -234, -204, 131, 87, -219, -248, 112, 439, 375, 156, 117, 
-43, -244, -200, 143, 78, -222, -248, 102, 419, 356, 141, 107, 
-43, -244, -200, 143, 78, -222, -248, 102, 409, 351, 131, 92, 
-48, -248, -200, 148, 75, -224, -239, 102, 405, 341, 122, 87, 
-53, -258, -204, 156, 75, -231, -239, 97, 395, 331, 117, 82, 
-53, -263, -209, 158, 78, -236, -239, 107, 390, 331, 107, 87, 
-53, -268, -214, 161, 80, -241, -239, 97, 385, 326, 102, 82, 
-53, -278, -224, 165, 85, -251, -239, 97, 385, 317, 97, 78, 
-58, -287, -229, 173, 85, -258, -234, 102, 380, 307, 92, 73, 
-58, -292, -234, 175, 87, -263, -224, 102, 380, 317, 87, 63, 
-58, -292, -234, 175, 87, -263, -224, 97, 375, 312, 73, 58, 
-63, -297, -234, 180, 85, -265, -224, 97, 370, 297, 73, 58, 
-68, -297, -229, 183, 80, -263, -224, 97, 370, 297, 68, 53, 
-68, -297, -229, 183, 80, -263, -229, 97, 356, 283, 63, 48, 
-68, -302, -234, 185, 82, -268, -229, 97, 356, 273, 58, 48, 
-68, -302, -234, 185, 82, -268, -224, 97, 351, 268, 53, 43, 
-68, -302, -234, 185, 82, -268, -224, 97, 351, 268, 53, 39, 
-82, -317, -234, 200, 75, -275, -214, 97, 341, 258, 53, 39, 
-82, -322, -239, 202, 78, -280, -209, 97, 336, 258, 48, 39, 
-82, -326, -244, 204, 80, -285, -209, 102, 336, 253, 48, 39, 
-82, -331, -248, 207, 82, -290, -209, 102, 336, 248, 43, 34, 
-78, -331, -253, 204, 87, -292, -219, 102, 336, 258, 39, 24, 
-73, -331, -258, 202, 92, -295, -224, 102, 336, 253, 39, 24, 
-68, -331, -263, 200, 97, -297, -224, 102, 326, 248, 34, 19, 
-63, -341, -278, 202, 107, -309, -224, 102, 326, 244, 34, 19, 
-73, -346, -273, 209, 100, -309, -224, 102, 326, 229, 24, 29, 
-73, -346, -273, 209, 100, -309, -219, 102, 326, 229, 24, 24, 
-73, -346, -273, 209, 100, -309, -219, 102, 326, 229, 19, 24, 
-78, -346, -268, 212, 95, -307, -219, 102, 326, 229, 19, 24, 
-78, -356, -278, 217, 100, -317, -219, 102, 317, 229, 4, 9, 
-78, -356, -278, 217, 100, -317, -214, 107, 322, 229, 4, 9, 
-73, -361, -287, 217, 107, -324, -214, 117, 322, 229, 4, 9, 
-73, -361, -287, 217, 107, -324, -209, 117, 322, 229, 4, 9, 
-87, -351, -263, 219, 87, -307, -209, 117, 322, 219, 9, 19, 
-87, -361, -273, 224, 92, -317, -209, 117, 326, 219, 9, 14, 
-87, -361, -273, 224, 92, -317, -209, 117, 326, 219, 9, 14, 
-87, -361, -273, 224, 92, -317, -209, 117, 326, 214, 4, 14, 
-78, -351, -273, 214, 97, -312, -204, 126, 336, 214, -4, 14, 
-82, -351, -268, 217, 92, -309, -204, 126, 336, 219, -4, 14, 
-82, -351, -268, 217, 92, -309, -209, 131, 336, 219, 0, 9, 
-82, -351, -268, 217, 92, -309, -209, 136, 341, 224, 0, 9, 
-82, -361, -278, 222, 97, -319, -200, 131, 341, 224, 0, 14, 
-78, -361, -283, 219, 102, -322, -195, 131, 346, 224, 0, 14, 
-78, -361, -283, 219, 102, -322, -195, 131, 351, 224, 0, 9, 
-78, -366, -287, 222, 104, -326, -195, 136, 351, 224, 0, 9, 
-78, -356, -278, 217, 100, -317, -204, 136, 341, 224, 0, 9, 
-78, -351, -273, 214, 97, -312, -204, 136, 351, 224, 0, 9, 
-73, -351, -278, 212, 102, -314, -204, 141, 351, 224, 4, 9, 
-73, -351, -278, 212, 102, -314, -204, 141, 351, 229, 4, 4, 
-82, -366, -283, 224, 100, -324, -200, 141, 361, 229, 4, 4, 
-87, -366, -278, 226, 95, -322, -200, 141, 361, 229, 4, 9, 
-87, -366, -278, 226, 95, -322, -200, 141, 361, 239, 4, 9, 
-87, -366, -278, 226, 95, -322, -200, 141, 366, 239, 9, 9, 
-78, -351, -273, 214, 97, -312, -200, 161, 380, 239, 19, 14, 
-78, -351, -273, 214, 97, -312, -200, 161, 380, 244, 19, 14, 
-78, -351, -273, 214, 97, -312, -200, 161, 380, 244, 19, 14, 
-78, -351, -273, 214, 97, -312, -195, 161, 380, 244, 19, 14, 
-68, -346, -278, 207, 104, -312, -204, 156, 375, 253, 24, 24, 
-63, -346, -283, 204, 109, -314, -204, 156, 375, 253, 24, 24, 
-58, -341, -283, 200, 112, -312, -204, 161, 380, 253, 24, 24, 
-53, -331, -278, 192, 112, -305, -204, 161, 385, 263, 24, 24, 
-48, -331, -283, 190, 117, -307, -209, 161, 395, 253, 19, 14, 
-48, -331, -283, 190, 117, -307, -209, 161, 395, 253, 24, 24, 
-48, -331, -283, 190, 117, -307, -204, 161, 395, 258, 29, 24, 
-43, -331, -287, 187, 122, -309, -204, 161, 395, 258, 29, 24, 
-48, -331, -283, 190, 117, -307, -204, 161, 395, 258, 39, 24, 
-58, -331, -273, 195, 107, -302, -204, 161, 390, 258, 43, 24, 
-63, -331, -268, 197, 102, -300, -204, 161, 385, 263, 43, 24, 
-68, -331, -263, 200, 97, -297, -204, 161, 380, 263, 43, 24, 
-53, -322, -268, 187, 107, -295, -195, 161, 380, 263, 48, 29, 
-48, -322, -273, 185, 112, -297, -195, 161, 385, 263, 48, 39, 
-48, -322, -273, 185, 112, -297, -195, 165, 390, 268, 53, 39, 
-48, -322, -273, 185, 112, -297, -195, 165, 400, 268, 53, 39, 
-48, -331, -283, 190, 117, -307, -204, 165, 390, 268, 43, 39, 
-43, -331, -287, 187, 122, -309, -204, 165, 390, 268, 43, 39, 
-43, -322, -278, 183, 117, -300, -204, 165, 385, 268, 43, 39, 
-43, -322, -278, 183, 117, -300, -204, 161, 385, 268, 43, 39, 
-43, -322, -278, 183, 117, -300, -204, 161, 385, 278, 48, 43, 
-48, -326, -278, 187, 114, -302, -204, 161, 385, 273, 48, 43, 
-48, -326, -278, 187, 114, -302, -204, 161, 385, 273, 48, 43, 
-48, -326, -278, 187, 114, -302, -204, 161, 385, 278, 53, 48, 
-48, -326, -278, 187, 114, -302, -214, 161, 375, 268, 53, 39, 
-48, -326, -278, 187, 114, -302, -214, 161, 375, 263, 48, 39, 
-48, -326, -278, 187, 114, -302, -214, 161, 375, 263, 48, 39, 
-48, -326, -278, 187, 114, -302, -219, 156, 370, 263, 48, 34, 
-48, -336, -287, 192, 119, -312, -214, 156, 375, 253, 39, 29, 
-48, -336, -287, 192, 119, -312, -214, 151, 375, 253, 39, 29, 
-48, -336, -287, 192, 119, -312, -214, 151, 375, 253, 39, 34, 
-48, -336, -287, 192, 119, -312, -214, 151, 370, 253, 39, 34, 
-53, -331, -278, 192, 112, -305, -214, 146, 370, 253, 29, 39, 
-53, -331, -278, 192, 112, -305, -214, 146, 370, 253, 29, 39, 
-53, -336, -283, 195, 114, -309, -214, 146, 366, 248, 29, 39, 
-53, -336, -283, 195, 114, -309, -214, 146, 366, 248, 29, 39, 
-43, -326, -283, 185, 119, -305, -219, 136, 356, 239, 29, 34, 
-43, -326, -283, 185, 119, -305, -219, 136, 356, 239, 19, 29, 
-43, -326, -283, 185, 119, -305, -219, 131, 351, 239, 19, 24, 
-43, -326, -283, 185, 119, -305, -214, 131, 351, 239, 19, 19, 
-53, -326, -273, 190, 109, -300, -214, 136, 351, 244, 19, 19, 
-53, -326, -273, 190, 109, -300, -219, 136, 346, 244, 19, 19, 
-53, -326, -273, 190, 109, -300, -219, 136, 346, 244, 19, 19, 
-53, -326, -273, 190, 109, -300, -219, 136, 346, 244, 19, 14, 
-53, -326, -273, 190, 109, -300, -224, 136, 356, 229, 19, 14, 
-58, -326, -268, 192, 104, -297, -224, 136, 351, 229, 19, 14, 
-58, -326, -268, 192, 104, -297, -219, 136, 351, 229, 19, 14, 
-53, -326, -273, 190, 109, -300, -219, 141, 351, 229, 19, 14, 
-53, -336, -283, 195, 114, -309, -219, 141, 351, 224, 14, 14, 
-58, -336, -278, 197, 109, -307, -214, 136, 346, 224, 9, 14, 
-58, -336, -278, 197, 109, -307, -214, 136, 346, 224, 9, 14, 
-58, -341, -283, 200, 112, -312, -214, 136, 351, 224, 9, 14, 
-63, -341, -278, 202, 107, -309, -219, 136, 341, 219, 9, 14, 
-63, -341, -278, 202, 107, -309, -219, 136, 341, 219, 9, 9, 
-63, -341, -278, 202, 107, -309, -219, 131, 336, 219, 9, 9, 
-63, -341, -278, 202, 107, -309, -219, 131, 336, 219, 9, 9, 
-68, -341, -273, 204, 102, -307, -219, 136, 346, 209, 0, 0, 
-63, -341, -278, 202, 107, -309, -219, 136, 341, 209, 0, 4, 
-58, -341, -283, 200, 112, -312, -219, 136, 341, 209, 0, 4, 
-53, -336, -283, 195, 114, -309, -219, 131, 341, 209, -4, 4, 
-63, -346, -283, 204, 109, -314, -219, 131, 341, 209, -14, 4, 
-63, -346, -283, 204, 109, -314, -219, 131, 341, 209, -14, 4, 
-58, -346, -287, 202, 114, -317, -219, 136, 336, 209, -14, 4, 
-58, -346, -287, 202, 114, -317, -219, 136, 336, 209, -14, 4, 
-68, -351, -283, 209, 107, -317, -219, 141, 331, 209, -14, 4, 
-73, -351, -278, 212, 102, -314, -219, 141, 331, 209, -14, 4, 
-73, -351, -278, 212, 102, -314, -219, 141, 331, 209, -9, 4, 
-73, -351, -278, 212, 102, -314, -219, 141, 331, 209, -9, 4, 
-63, -341, -278, 202, 107, -309, -219, 141, 331, 209, -4, 4, 
-53, -346, -292, 200, 119, -319, -219, 141, 326, 209, -4, 4, 
-53, -346, -292, 200, 119, -319, -219, 141, 326, 209, -4, 0, 
-53, -346, -292, 200, 119, -319, -219, 141, 326, 209, -4, -4, 
-43, -346, -302, 195, 129, -324, -209, 141, 331, 209, -14, 4, 
-43, -351, -307, 197, 131, -329, -214, 141, 331, 209, -14, 4, 
-43, -351, -307, 197, 131, -329, -214, 141, 331, 204, -19, 4, 
-43, -346, -302, 195, 129, -324, -214, 141, 331, 204, -19, 9, 
-48, -346, -297, 197, 124, -322, -214, 131, 326, 204, -9, 0, 
-53, -346, -292, 200, 119, -319, -214, 131, 326, 204, -9, -4, 
-53, -346, -292, 200, 119, -319, -214, 131, 326, 204, -9, -4, 
-48, -346, -297, 197, 124, -322, -214, 131, 326, 204, -9, -9, 
-58, -356, -297, 207, 119, -326, -224, 141, 326, 204, -9, -9, 
-58, -356, -297, 207, 119, -326, -224, 141, 326, 204, -9, -4, 
-53, -351, -297, 202, 122, -324, -224, 141, 326, 204, -9, -4, 
-53, -351, -297, 202, 122, -324, -224, 141, 317, 204, -9, -4, 
-58, -356, -297, 207, 119, -326, -214, 141, 336, 204, -14, 4, 
-58, -351, -292, 204, 117, -322, -214, 136, 331, 204, -9, 0, 
-68, -361, -292, 214, 112, -326, -214, 136, 322, 204, -19, -9, 
-68, -361, -292, 214, 112, -326, -214, 136, 322, 204, -19, -9, 
-68, -361, -292, 214, 112, -326, -214, 136, 322, 204, -19, -9, 
-68, -361, -292, 214, 112, -326, -214, 136, 322, 204, -19, -9, 
-63, -351, -287, 207, 112, -319, -224, 136, 322, 195, -19, -4, 
-58, -351, -292, 204, 117, -322, -229, 136, 322, 195, -19, -4, 
-53, -351, -297, 202, 122, -324, -229, 136, 326, 195, -19, -9, 
-53, -351, -297, 202, 122, -324, -224, 136, 326, 195, -19, -9, 
-53, -346, -292, 200, 119, -319, -214, 146, 336, 195, -24, -9, 
-53, -341, -287, 197, 117, -314, -214, 146, 331, 195, -24, -4, 
-48, -341, -292, 195, 122, -317, -214, 146, 331, 204, -24, -4, 
-43, -336, -292, 190, 124, -314, -209, 146, 331, 209, -24, -4, 
-53, -336, -283, 195, 114, -309, -209, 151, 336, 209, -19, -9, 
-53, -331, -278, 192, 112, -305, -204, 156, 341, 209, -14, -9, 
-53, -331, -278, 192, 112, -305, -195, 165, 346, 209, -14, -4, 
-53, -326, -273, 190, 109, -300, -190, 165, 351, 209, -4, 0, 
-53, -312, -258, 183, 102, -285, -195, 170, 356, 224, -9, 14, 
-53, -302, -248, 178, 97, -275, -190, 175, 361, 229, -9, 14, 
-48, -297, -248, 173, 100, -273, -185, 180, 366, 234, 0, 14, 
-48, -292, -244, 170, 97, -268, -185, 185, 366, 234, 0, 19, 
-43, -287, -244, 165, 100, -265, -170, 190, 370, 234, 0, 19, 
-43, -287, -244, 165, 100, -265, -165, 195, 375, 234, 0, 19, 
-43, -287, -244, 165, 100, -265, -165, 195, 380, 234, 4, 19, 
-43, -283, -239, 163, 97, -261, -165, 200, 385, 239, 4, 19, 
-39, -283, -244, 161, 102, -263, -175, 195, 380, 239, 4, 9, 
-34, -283, -248, 158, 107, -265, -175, 200, 385, 239, 4, 14, 
-29, -278, -248, 153, 109, -263, -175, 200, 390, 248, 4, 19, 
-19, -268, -248, 143, 114, -258, -180, 195, 390, 248, 9, 19, 
-29, -268, -239, 148, 104, -253, -175, 190, 395, 248, 9, 29, 
-34, -263, -229, 148, 97, -246, -185, 195, 390, 244, 9, 24, 
-34, -263, -229, 148, 97, -246, -190, 180, 385, 244, 9, 24, 
-34, -263, -229, 148, 97, -246, -190, 170, 385, 244, 9, 24, 
-34, -253, -219, 143, 92, -236, -209, 156, 370, 244, 0, 19, 
-34, -248, -214, 141, 90, -231, -219, 141, 370, 239, 0, 19, 
-34, -244, -209, 139, 87, -226, -224, 136, 366, 239, 4, 19, 
-34, -244, -209, 139, 87, -226, -234, 131, 366, 239, 4, 19, 
-24, -244, -219, 134, 97, -231, -244, 112, 366, 229, -4, 19, 
-24, -244, -219, 134, 97, -231, -248, 107, 361, 229, -4, 19, 
-24, -239, -214, 131, 95, -226, -248, 107, 361, 229, -4, 19, 
-24, -239, -214, 131, 95, -226, -248, 107, 356, 229, -9, 24, 
-34, -253, -219, 143, 92, -236, -248, 117, 356, 219, 0, 24, 
-34, -253, -219, 143, 92, -236, -248, 117, 356, 219, 0, 24, 
-29, -253, -224, 141, 97, -239, -253, 117, 356, 219, 0, 24, 
-24, -258, -234, 141, 104, -246, -253, 117, 351, 219, 0, 24, 
-24, -263, -239, 143, 107, -251, -253, 117, 346, 214, -9, 19, 
-29, -273, -244, 151, 107, -258, -253, 117, 341, 204, -19, 19, 
-39, -278, -239, 158, 100, -258, -253, 117, 336, 200, -19, 19, 
-29, -283, -253, 156, 112, -268, -253, 112, 331, 200, -14, 19, 
-39, -292, -253, 165, 107, -273, -253, 102, 322, 204, -14, 19, 
-39, -292, -253, 165, 107, -273, -253, 102, 322, 209, -14, 24, 
-39, -297, -258, 168, 109, -278, -253, 107, 326, 209, -14, 29, 
-39, -297, -258, 168, 109, -278, -248, 112, 326, 209, -9, 29, 
-29, -297, -268, 163, 119, -283, -239, 122, 331, 209, -9, 19, 
-29, -302, -273, 165, 122, -287, -239, 122, 326, 204, -9, 14, 
-29, -317, -287, 173, 129, -302, -239, 122, 322, 195, -14, 14, 
-29, -331, -302, 180, 136, -317, -239, 122, 317, 190, -19, 14, 
-43, -336, -292, 190, 124, -314, -239, 107, 312, 175, -24, 9, 
-48, -346, -297, 197, 124, -322, -239, 107, 312, 170, -34, 0, 
-48, -356, -307, 202, 129, -331, -239, 107, 307, 165, -39, -4, 
-53, -361, -307, 207, 126, -334, -239, 102, 302, 151, -43, -9, 
-53, -370, -317, 212, 131, -344, -248, 102, 297, 156, -58, -14, 
-58, -380, -322, 219, 131, -351, -248, 102, 287, 156, -63, -19, 
-58, -380, -322, 219, 131, -351, -244, 107, 287, 156, -63, -24, 
-58, -380, -322, 219, 131, -351, -239, 112, 292, 156, -63, -29, 
-58, -370, -312, 214, 126, -341, -234, 112, 302, 165, -63, -29, 
-58, -375, -317, 217, 129, -346, -234, 117, 302, 165, -63, -29, 
-58, -375, -317, 217, 129, -346, -234, 117, 302, 165, -63, -29, 
-58, -375, -317, 217, 129, -346, -229, 117, 307, 161, -63, -34, 
-68, -390, -322, 229, 126, -356, -229, 126, 297, 151, -73, -34, 
-68, -395, -326, 231, 129, -361, -229, 126, 297, 151, -78, -34, 
-73, -395, -322, 234, 124, -358, -229, 126, 292, 151, -78, -34, 
-73, -395, -322, 234, 124, -358, -229, 126, 292, 146, -82, -34, 
-78, -405, -326, 241, 124, -366, -234, 112, 278, 136, -73, -43, 
-73, -405, -331, 239, 129, -368, -234, 112, 278, 131, -73, -43, 
-73, -409, -336, 241, 131, -373, -234, 112, 278, 131, -78, -43, 
-78, -409, -331, 244, 126, -370, -234, 112, 283, 136, -78, -43, 
-68, -400, -331, 234, 131, -366, -234, 112, 292, 146, -82, -34, 
-73, -400, -326, 236, 126, -363, -234, 117, 292, 146, -82, -34, 
-73, -395, -322, 234, 124, -358, -229, 117, 297, 151, -82, -34, 
-73, -395, -322, 234, 124, -358, -229, 117, 297, 151, -78, -34, 
-73, -405, -331, 239, 129, -368, -229, 126, 297, 141, -78, -43, 
-68, -405, -336, 236, 134, -370, -234, 126, 297, 141, -78, -43, 
-68, -405, -336, 236, 134, -370, -234, 126, 297, 141, -78, -43, 
-73, -409, -336, 241, 131, -373, -234, 126, 297, 141, -78, -43, 
-53, -400, -346, 226, 146, -373, -234, 141, 297, 141, -78, -34, 
-53, -405, -351, 229, 148, -378, -234, 151, 297, 136, -82, -43, 
-63, -429, -366, 246, 151, -397, -209, 165, 307, 126, -102, -53, 
-68, -453, -385, 261, 158, -419, -180, 204, 322, 97, -141, -87, 
-68, -463, -395, 265, 163, -429, -126, 273, 361, 78, -185, -126, 
-68, -483, -414, 275, 173, -448, -68, 351, 414, 63, -229, -165, 
-78, -517, -439, 297, 180, -478, -19, 424, 463, 39, -287, -224, 
-87, -536, -448, 312, 180, -492, -9, 458, 483, 24, -326, -263, 
-73, -527, -453, 300, 190, -490, 0, 478, 483, 24, -336, -273, 
-58, -473, -414, 265, 178, -444, -14, 458, 473, 24, -322, -248, 
-63, -395, -331, 229, 134, -363, -58, 400, 463, 78, -258, -190, 
-73, -273, -200, 173, 63, -236, -112, 331, 483, 185, -136, -102, 
-43, -136, -92, 90, 24, -114, -151, 297, 546, 341, 9, 19, 
19, 19, 0, -19, 9, 9, -214, 263, 629, 531, 214, 175, 
87, 180, 92, -134, -2, 136, -278, 209, 702, 727, 424, 351, 
136, 322, 185, -229, -24, 253, -312, 180, 751, 883, 629, 517, 
170, 424, 253, -297, -41, 339, -312, 190, 785, 1063, 868, 688, 
234, 497, 263, -366, -14, 380, -322, 190, 839, 1302, 1151, 883, 
287, 566, 278, -427, 4, 422, -331, 151, 868, 1517, 1390, 1024, 
317, 595, 278, -456, 19, 436, -292, 136, 824, 1629, 1522, 1122, 
356, 605, 248, -480, 53, 427, -258, 136, 746, 1678, 1595, 1200, 
390, 590, 200, -490, 95, 395, -273, 112, 712, 1722, 1644, 1268, 
429, 517, 87, -473, 170, 302, -317, 68, 658, 1761, 1634, 1278, 
483, 326, -156, -405, 319, 85, -395, -19, 527, 1717, 1517, 1205, 
512, 82, -429, -297, 470, -173, -541, -190, 336, 1615, 1366, 1112, 
527, -112, -639, -207, 583, -375, -717, -405, 126, 1429, 1220, 1058, 
527, -239, -766, -143, 646, -502, -873, -551, -112, 1132, 1029, 990, 
507, -322, -829, -92, 668, -575, -956, -614, -341, 751, 810, 902, 
419, -361, -780, -29, 600, -570, -971, -644, -566, 278, 527, 790, 
278, -375, -653, 48, 466, -514, -922, -624, -756, -273, 146, 605, 
165, -439, -605, 136, 385, -522, -810, -512, -790, -570, -117, 395, 
112, -502, -614, 195, 363, -558, -707, -356, -673, -512, -185, 268, 
82, -546, -629, 231, 356, -588, -624, -229, -502, -390, -190, 200, 
39, -546, -585, 253, 312, -566, -556, -141, -356, -307, -200, 126, 
0, -556, -556, 278, 278, -556, -502, -68, -229, -214, -200, 43, 
-19, -556, -536, 287, 258, -546, -439, 24, -107, -117, -195, -24, 
-19, -522, -502, 270, 241, -512, -356, 117, 14, -39, -161, -43, 
-29, -483, -453, 256, 212, -468, -283, 185, 117, 34, -117, -29, 
-19, -468, -448, 244, 214, -458, -229, 239, 190, 97, -87, -14, 
-24, -468, -444, 246, 209, -456, -204, 278, 248, 126, -82, -24, 
-24, -463, -439, 244, 207, -451, -180, 297, 307, 136, -87, -34, 
-24, -448, -424, 236, 200, -436, -165, 307, 336, 146, -78, -34, 
-24, -448, -424, 236, 200, -436, -175, 283, 346, 136, -78, -43, 
-53, -448, -395, 251, 170, -422, -190, 253, 346, 131, -78, -39, 
-39, -414, -375, 226, 168, -395, -195, 219, 346, 141, -68, -29, 
-19, -380, -361, 200, 170, -370, -195, 204, 346, 170, -48, -4, 
-24, -390, -366, 207, 170, -378, -204, 190, 351, 185, -53, 4, 
-34, -405, -370, 219, 168, -387, -195, 195, 351, 180, -63, 0, 
-39, -405, -366, 222, 163, -385, -195, 195, 351, 180, -68, -14, 
-48, -409, -361, 229, 156, -385, -190, 200, 366, 170, -73, -24, 
-53, -409, -356, 231, 151, -383, -190, 200, 370, 165, -73, -34, 
-63, -419, -356, 241, 146, -387, -190, 209, 370, 161, -92, -48, 
-63, -419, -356, 241, 146, -387, -190, 209, 370, 146, -92, -53, 
-63, -414, -351, 239, 143, -383, -190, 204, 370, 141, -92, -53, 
-63, -409, -346, 236, 141, -378, -190, 204, 370, 136, -92, -48, 
-53, -409, -356, 231, 151, -383, -195, 195, 370, 146, -87, -34, 
-53, -409, -356, 231, 151, -383, -195, 190, 366, 156, -87, -34, 
-58, -409, -351, 234, 146, -380, -190, 190, 366, 156, -82, -29, 
-58, -409, -351, 234, 146, -380, -190, 190, 370, 156, -78, -29, 
-63, -414, -351, 239, 143, -383, -180, 190, 375, 156, -78, -39, 
-63, -414, -351, 239, 143, -383, -180, 190, 375, 156, -82, -39, 
-63, -414, -351, 239, 143, -383, -180, 190, 380, 151, -82, -39, 
-63, -414, -351, 239, 143, -383, -180, 190, 380, 151, -82, -48, 
-68, -424, -356, 246, 143, -390, -185, 190, 380, 141, -92, -48, 
-68, -424, -356, 246, 143, -390, -185, 190, 380, 141, -92, -48, 
-63, -424, -361, 244, 148, -392, -185, 190, 380, 151, -92, -43, 
-58, -414, -356, 236, 148, -385, -185, 190, 380, 156, -92, -43, 
-53, -405, -351, 229, 148, -378, -195, 190, 380, 161, -92, -48, 
-53, -409, -356, 231, 151, -383, -195, 190, 385, 161, -92, -48, 
-48, -409, -361, 229, 156, -385, -195, 190, 390, 161, -92, -48, 
-39, -409, -370, 224, 165, -390, -195, 190, 395, 165, -92, -48, 
-43, -419, -375, 231, 165, -397, -195, 200, 395, 165, -82, -48, 
-48, -414, -366, 231, 158, -390, -190, 200, 395, 165, -82, -48, 
-53, -414, -361, 234, 153, -387, -190, 200, 395, 165, -82, -48, 
-58, -414, -356, 236, 148, -385, -190, 200, 400, 165, -82, -48, 
-53, -409, -356, 231, 151, -383, -180, 200, 409, 165, -82, -39, 
-43, -405, -361, 224, 158, -383, -180, 200, 409, 165, -82, -34, 
-39, -400, -361, 219, 161, -380, -180, 200, 409, 165, -82, -34, 
-34, -395, -361, 214, 163, -378, -180, 200, 409, 170, -82, -34, 
-43, -395, -351, 219, 153, -373, -190, 190, 405, 165, -87, -39, 
-43, -395, -351, 219, 153, -373, -190, 190, 405, 165, -87, -48, 
-43, -395, -351, 219, 153, -373, -190, 190, 405, 165, -87, -53, 
-53, -385, -331, 219, 139, -358, -190, 190, 409, 165, -87, -58, 
-63, -395, -331, 229, 134, -363, -190, 190, 409, 175, -87, -48, 
-58, -395, -336, 226, 139, -366, -190, 190, 409, 175, -82, -43, 
-53, -390, -336, 222, 141, -363, -190, 190, 409, 175, -82, -43, 
-53, -390, -336, 222, 141, -363, -190, 195, 409, 175, -82, -43, 
-43, -395, -351, 219, 153, -373, -180, 195, 409, 165, -87, -58, 
-48, -395, -346, 222, 148, -370, -180, 195, 409, 170, -87, -58, 
-48, -395, -346, 222, 148, -370, -180, 195, 409, 175, -87, -58, 
-43, -395, -351, 219, 153, -373, -180, 195, 414, 175, -87, -58, 
-43, -395, -351, 219, 153, -373, -190, 195, 414, 175, -97, -53, 
-53, -395, -341, 224, 143, -368, -185, 195, 419, 175, -97, -53, 
-53, -395, -341, 224, 143, -368, -185, 195, 419, 175, -97, -58, 
-48, -395, -346, 222, 148, -370, -190, 190, 419, 175, -97, -58, 
-48, -405, -356, 226, 153, -380, -190, 200, 419, 170, -97, -58, 
-53, -405, -351, 229, 148, -378, -190, 200, 424, 175, -97, -58, 
-53, -405, -351, 229, 148, -378, -190, 200, 424, 175, -97, -53, 
-53, -405, -351, 229, 148, -378, -190, 204, 424, 175, -92, -53, 
-43, -409, -366, 226, 161, -387, -180, 204, 429, 180, -92, -63, 
-43, -409, -366, 226, 161, -387, -180, 204, 434, 180, -92, -63, 
-43, -414, -370, 229, 163, -392, -180, 204, 434, 180, -92, -63, 
-43, -419, -375, 231, 165, -397, -180, 209, 434, 180, -92, -63, 
-53, -419, -366, 236, 156, -392, -190, 209, 434, 180, -87, -53, 
-58, -419, -361, 239, 151, -390, -190, 209, 439, 180, -87, -53, 
-63, -419, -356, 241, 146, -387, -190, 209, 439, 185, -87, -53, 
-63, -419, -356, 241, 146, -387, -190, 214, 448, 190, -82, -53, 
-53, -419, -366, 236, 156, -392, -190, 214, 448, 190, -82, -48, 
-53, -419, -366, 236, 156, -392, -190, 214, 453, 195, -82, -48, 
-53, -419, -366, 236, 156, -392, -190, 214, 458, 195, -82, -48, 
-53, -419, -366, 236, 156, -392, -190, 214, 458, 195, -82, -48, 
-39, -409, -370, 224, 165, -390, -180, 224, 458, 200, -78, -43, 
-39, -409, -370, 224, 165, -390, -180, 224, 463, 204, -73, -43, 
-43, -409, -366, 226, 161, -387, -180, 224, 468, 209, -68, -43, 
-43, -409, -366, 226, 161, -387, -180, 229, 473, 214, -68, -43, 
-48, -409, -361, 229, 156, -385, -180, 229, 473, 214, -68, -43, 
-48, -409, -361, 229, 156, -385, -180, 229, 478, 219, -58, -43, 
-48, -409, -361, 229, 156, -385, -180, 234, 483, 224, -58, -39, 
-48, -405, -356, 226, 153, -380, -180, 234, 488, 229, -58, -39, 
-34, -400, -366, 217, 165, -383, -180, 244, 492, 234, -58, -39, 
-34, -400, -366, 217, 165, -383, -180, 248, 497, 234, -53, -39, 
-34, -395, -361, 214, 163, -378, -180, 248, 502, 239, -48, -34, 
-29, -395, -366, 212, 168, -380, -180, 248, 512, 244, -43, -29, 
-29, -395, -366, 212, 168, -380, -190, 253, 517, 248, -34, -19, 
-29, -390, -361, 209, 165, -375, -190, 258, 522, 253, -29, -19, 
-29, -390, -361, 209, 165, -375, -190, 263, 527, 258, -24, -9, 
-24, -390, -366, 207, 170, -378, -190, 268, 536, 263, -19, -4, 
-34, -390, -356, 212, 161, -373, -180, 268, 541, 263, -19, -9, 
-34, -385, -351, 209, 158, -368, -185, 273, 551, 268, -14, -4, 
-24, -385, -361, 204, 168, -373, -185, 273, 561, 283, -4, -4, 
-19, -380, -361, 200, 170, -370, -185, 273, 566, 283, 4, 0, 
-4, -375, -370, 190, 183, -373, -195, 268, 570, 287, 9, 14, 
-4, -375, -370, 190, 183, -373, -200, 273, 585, 297, 19, 19, 
0, -370, -370, 185, 185, -370, -200, 278, 595, 307, 24, 24, 
4, -366, -370, 180, 187, -368, -204, 283, 605, 312, 29, 24, 
9, -351, -361, 170, 185, -356, -195, 297, 610, 326, 43, 34, 
9, -346, -356, 168, 183, -351, -200, 302, 619, 326, 53, 43, 
9, -341, -351, 165, 180, -346, -200, 302, 619, 341, 53, 48, 
14, -336, -351, 161, 183, -344, -209, 302, 624, 346, 68, 53, 
9, -331, -341, 161, 175, -336, -204, 312, 639, 356, 78, 63, 
9, -326, -336, 158, 173, -331, -204, 312, 644, 361, 87, 68, 
9, -322, -331, 156, 170, -326, -204, 312, 649, 366, 97, 73, 
19, -317, -336, 148, 178, -326, -200, 312, 653, 370, 97, 73, 
19, -322, -341, 151, 180, -331, -209, 312, 663, 380, 112, 78, 
19, -317, -336, 148, 178, -326, -214, 312, 663, 385, 112, 92, 
19, -312, -331, 146, 175, -322, -219, 312, 668, 385, 117, 92, 
29, -307, -336, 139, 183, -322, -229, 307, 668, 385, 126, 97, 
39, -302, -341, 131, 190, -322, -219, 307, 673, 380, 131, 112, 
39, -297, -336, 129, 187, -317, -224, 307, 673, 385, 136, 117, 
39, -292, -331, 126, 185, -312, -224, 307, 673, 390, 136, 122, 
39, -287, -326, 124, 183, -307, -224, 307, 668, 395, 136, 126, 
39, -292, -331, 126, 185, -312, -239, 302, 678, 385, 151, 131, 
43, -292, -336, 124, 190, -314, -244, 297, 678, 385, 156, 136, 
43, -292, -336, 124, 190, -314, -244, 287, 678, 385, 156, 141, 
48, -283, -331, 117, 190, -307, -244, 278, 673, 385, 156, 141, 
48, -278, -326, 114, 187, -302, -234, 283, 663, 395, 146, 141, 
53, -278, -331, 112, 192, -305, -239, 278, 663, 390, 146, 146, 
53, -273, -326, 109, 190, -300, -239, 278, 663, 390, 156, 151, 
53, -268, -322, 107, 187, -295, -239, 278, 663, 390, 156, 156, 
53, -253, -307, 100, 180, -280, -234, 283, 663, 390, 165, 161, 
53, -248, -302, 97, 178, -275, -234, 278, 658, 390, 161, 165, 
53, -244, -297, 95, 175, -270, -234, 273, 653, 390, 161, 165, 
53, -244, -297, 95, 175, -270, -234, 273, 644, 390, 161, 161, 
68, -239, -307, 85, 187, -273, -248, 258, 639, 385, 151, 170, 
68, -234, -302, 82, 185, -268, -248, 248, 629, 385, 151, 170, 
68, -229, -297, 80, 183, -263, -248, 248, 624, 375, 151, 170, 
73, -224, -297, 75, 185, -261, -248, 239, 614, 370, 141, 165, 
68, -229, -297, 80, 183, -263, -253, 234, 595, 356, 126, 161, 
63, -234, -297, 85, 180, -265, -253, 234, 585, 356, 117, 156, 
53, -239, -292, 92, 173, -265, -258, 229, 575, 346, 112, 151, 
48, -244, -292, 97, 170, -268, -263, 224, 570, 341, 102, 141, 
39, -253, -292, 107, 165, -273, -258, 229, 570, 336, 102, 146, 
39, -253, -292, 107, 165, -273, -253, 229, 561, 326, 97, 136, 
34, -263, -297, 114, 165, -280, -244, 224, 551, 317, 82, 131, 
24, -268, -292, 122, 158, -280, -234, 219, 536, 312, 78, 117, 
19, -273, -292, 126, 156, -283, -234, 209, 522, 292, 68, 112, 
14, -278, -292, 131, 153, -285, -234, 204, 512, 283, 58, 107, 
9, -283, -292, 136, 151, -287, -234, 200, 492, 278, 53, 97, 
4, -292, -297, 143, 151, -295, -229, 195, 483, 268, 39, 87, 
9, -302, -312, 146, 161, -307, -229, 190, 468, 258, 29, 68, 
4, -307, -312, 151, 158, -309, -229, 185, 468, 248, 19, 63, 
4, -307, -312, 151, 158, -309, -229, 185, 458, 239, 14, 58, 
0, -312, -312, 156, 156, -312, -229, 180, 448, 229, 0, 48, 
-4, -331, -326, 168, 161, -329, -229, 180, 439, 209, -14, 48, 
-4, -331, -326, 168, 161, -329, -229, 180, 429, 204, -24, 34, 
-9, -336, -326, 173, 158, -331, -219, 180, 424, 195, -34, 29, 
-14, -346, -331, 180, 158, -339, -219, 175, 414, 185, -39, 24, 
-14, -351, -336, 183, 161, -344, -229, 165, 395, 175, -48, 19, 
-14, -356, -341, 185, 163, -348, -229, 156, 385, 170, -53, 14, 
-14, -366, -351, 190, 168, -358, -229, 156, 380, 161, -58, 9, 
-19, -375, -356, 197, 168, -366, -224, 161, 370, 151, -63, 4, 
-24, -380, -356, 202, 165, -368, -214, 161, 380, 151, -68, 4, 
-29, -380, -351, 204, 161, -366, -214, 156, 375, 146, -82, 0, 
-39, -385, -346, 212, 153, -366, -214, 156, 370, 131, -82, 0, 
-48, -385, -336, 217, 143, -361, -214, 156, 370, 131, -87, -4, 
-43, -395, -351, 219, 153, -373, -219, 156, 346, 126, -92, -9, 
-39, -400, -361, 219, 161, -380, -219, 156, 346, 117, -97, -9, 
-34, -400, -366, 217, 165, -383, -214, 156, 341, 112, -102, -14, 
-29, -400, -370, 214, 170, -385, -214, 156, 341, 112, -102, -19, 
-24, -395, -370, 209, 173, -383, -204, 165, 351, 112, -102, -19, 
-24, -400, -375, 212, 175, -387, -200, 165, 346, 112, -107, -19, 
-24, -405, -380, 214, 178, -392, -200, 170, 346, 107, -107, -19, 
-24, -409, -385, 217, 180, -397, -200, 170, 346, 102, -112, -24, 
-34, -409, -375, 222, 170, -392, -200, 161, 346, 102, -117, -24, 
-34, -409, -375, 222, 170, -392, -204, 161, 346, 97, -117, -24, 
-34, -409, -375, 222, 170, -392, -204, 161, 336, 92, -122, -29, 
-34, -419, -385, 226, 175, -402, -204, 161, 336, 87, -122, -29, 
-39, -434, -395, 236, 178, -414, -204, 170, 336, 82, -122, -29, 
-43, -434, -390, 239, 173, -412, -200, 170, 336, 82, -122, -34, 
-48, -434, -385, 241, 168, -409, -200, 170, 336, 82, -126, -34, 
-58, -434, -375, 246, 158, -405, -200, 170, 336, 82, -126, -34, 
-48, -434, -385, 241, 168, -409, -200, 170, 336, 82, -131, -39, 
-48, -434, -385, 241, 168, -409, -195, 175, 341, 82, -131, -39, 
-43, -439, -395, 241, 175, -417, -195, 185, 341, 82, -131, -39, 
-43, -439, -395, 241, 175, -417, -190, 185, 341, 82, -131, -39, 
-39, -429, -390, 234, 175, -409, -190, 195, 341, 82, -136, -39, 
-39, -439, -400, 239, 180, -419, -190, 195, 346, 82, -136, -43, 
-39, -439, -400, 239, 180, -419, -190, 195, 346, 82, -136, -43, 
-39, -439, -400, 239, 180, -419, -190, 195, 346, 78, -141, -43, 
-48, -444, -395, 246, 173, -419, -195, 185, 346, 68, -141, -43, 
-53, -448, -395, 251, 170, -422, -195, 185, 346, 73, -141, -43, 
-53, -453, -400, 253, 173, -427, -200, 190, 346, 73, -136, -48, 
-53, -458, -405, 256, 175, -431, -200, 195, 351, 78, -136, -48, 
-53, -448, -395, 251, 170, -422, -190, 200, 351, 78, -136, -34, 
-48, -448, -400, 248, 175, -424, -185, 200, 356, 78, -136, -34, 
-48, -448, -400, 248, 175, -424, -185, 200, 361, 78, -136, -39, 
-48, -453, -405, 251, 178, -429, -185, 204, 361, 78, -136, -39, 
-39, -444, -405, 241, 183, -424, -185, 204, 361, 87, -136, -48, 
-39, -439, -400, 239, 180, -419, -185, 204, 370, 87, -136, -48, 
-34, -439, -405, 236, 185, -422, -185, 209, 370, 87, -131, -48, 
-34, -439, -405, 236, 185, -422, -185, 209, 370, 92, -131, -53, 
-34, -453, -419, 244, 192, -436, -170, 229, 380, 82, -131, -53, 
-39, -453, -414, 246, 187, -434, -170, 229, 380, 82, -131, -48, 
-39, -453, -414, 246, 187, -434, -170, 229, 380, 92, -131, -48, 
-39, -453, -414, 246, 187, -434, -170, 229, 385, 92, -126, -48, 
-48, -448, -400, 248, 175, -424, -180, 229, 390, 92, -126, -43, 
-48, -448, -400, 248, 175, -424, -180, 229, 390, 97, -126, -43, 
-48, -448, -400, 248, 175, -424, -180, 229, 390, 97, -126, -43, 
-48, -448, -400, 248, 175, -424, -175, 229, 390, 97, -126, -43, 
-43, -448, -405, 246, 180, -427, -175, 244, 385, 97, -131, -43, 
-43, -453, -409, 248, 183, -431, -175, 244, 385, 97, -131, -43, 
-43, -453, -409, 248, 183, -431, -175, 248, 390, 97, -131, -43, 
-43, -448, -405, 246, 180, -427, -175, 248, 395, 107, -131, -43, 
-34, -448, -414, 241, 190, -431, -170, 248, 405, 107, -117, -43, 
-29, -448, -419, 239, 195, -434, -170, 248, 405, 107, -112, -34, 
-24, -448, -424, 236, 200, -436, -165, 248, 405, 112, -107, -34, 
-14, -448, -434, 231, 209, -441, -165, 248, 405, 112, -107, -34, 
-14, -448, -434, 231, 209, -441, -175, 248, 409, 112, -117, -34, 
-19, -448, -429, 234, 204, -439, -175, 248, 409, 112, -112, -34, 
-19, -448, -429, 234, 204, -439, -175, 248, 409, 117, -112, -34, 
-19, -448, -429, 234, 204, -439, -175, 248, 409, 117, -112, -34, 
-24, -448, -424, 236, 200, -436, -175, 248, 405, 107, -117, -39, 
-19, -448, -429, 234, 204, -439, -175, 248, 405, 107, -117, -29, 
-19, -448, -429, 234, 204, -439, -175, 253, 405, 112, -112, -29, 
-19, -448, -429, 234, 204, -439, -175, 253, 409, 112, -112, -29, 
-29, -448, -419, 239, 195, -434, -175, 244, 409, 112, -102, -19, 
-24, -448, -424, 236, 200, -436, -175, 244, 409, 112, -102, -19, 
-24, -439, -414, 231, 195, -427, -175, 244, 405, 112, -102, -19, 
-24, -439, -414, 231, 195, -427, -175, 239, 405, 112, -102, -19, 
-19, -439, -419, 229, 200, -429, -175, 239, 395, 112, -107, -24, 
-19, -444, -424, 231, 202, -434, -175, 239, 395, 107, -107, -24, 
-14, -444, -429, 229, 207, -436, -175, 239, 395, 107, -107, -24, 
-9, -444, -434, 226, 212, -439, -175, 239, 395, 112, -102, -19, 
-19, -453, -434, 236, 207, -444, -175, 239, 385, 112, -102, -19, 
-19, -453, -434, 236, 207, -444, -175, 239, 385, 107, -107, -19, 
-19, -453, -434, 236, 207, -444, -175, 239, 385, 107, -107, -19, 
-19, -453, -434, 236, 207, -444, -180, 234, 380, 107, -107, -24, 
-19, -453, -434, 236, 207, -444, -185, 234, 375, 107, -107, -29, 
-19, -453, -434, 236, 207, -444, -185, 229, 375, 107, -107, -29, 
-19, -453, -434, 236, 207, -444, -185, 229, 375, 107, -107, -24, 
-19, -453, -434, 236, 207, -444, -185, 229, 370, 107, -107, -24, 
-24, -448, -424, 236, 200, -436, -185, 234, 370, 97, -107, -29, 
-24, -448, -424, 236, 200, -436, -185, 234, 370, 97, -107, -29, 
-24, -453, -429, 239, 202, -441, -185, 234, 366, 92, -107, -29, 
-24, -453, -429, 239, 202, -441, -185, 234, 366, 92, -107, -29, 
-34, -453, -419, 244, 192, -436, -200, 224, 366, 92, -107, -29, 
-34, -453, -419, 244, 192, -436, -200, 224, 366, 92, -117, -29, 
-34, -453, -419, 244, 192, -436, -200, 219, 361, 92, -117, -29, 
-34, -453, -419, 244, 192, -436, -195, 219, 361, 92, -117, -29, 
-24, -453, -429, 239, 202, -441, -195, 214, 370, 87, -117, -39, 
-24, -453, -429, 239, 202, -441, -200, 214, 366, 87, -117, -39, 
-24, -453, -429, 239, 202, -441, -200, 214, 366, 87, -117, -39, 
-24, -453, -429, 239, 202, -441, -200, 214, 366, 87, -117, -43, 
-14, -448, -434, 231, 209, -441, -195, 214, 366, 82, -117, -34, 
-19, -444, -424, 231, 202, -434, -195, 214, 361, 82, -117, -34, 
-19, -439, -419, 229, 200, -429, -190, 214, 361, 82, -117, -34, 
-14, -434, -419, 224, 202, -427, -190, 219, 361, 82, -117, -34, 
-19, -439, -419, 229, 200, -429, -200, 219, 361, 87, -122, -43, 
-29, -444, -414, 236, 192, -429, -195, 214, 356, 87, -126, -43, 
-34, -448, -414, 241, 190, -431, -195, 214, 356, 87, -126, -43, 
-39, -458, -419, 248, 190, -439, -195, 214, 361, 87, -126, -43, 
-24, -458, -434, 241, 204, -446, -190, 214, 361, 82, -126, -43, 
-24, -458, -434, 241, 204, -446, -190, 214, 361, 82, -126, -48, 
-24, -458, -434, 241, 204, -446, -190, 209, 356, 82, -126, -48, 
-24, -458, -434, 241, 204, -446, -190, 209, 356, 82, -126, -48, 
-34, -478, -444, 256, 204, -461, -190, 204, 356, 73, -136, -48, 
-34, -478, -444, 256, 204, -461, -190, 204, 351, 73, -136, -43, 
-34, -478, -444, 256, 204, -461, -190, 204, 351, 73, -136, -43, 
-34, -473, -439, 253, 202, -456, -190, 200, 351, 73, -141, -43, 
-24, -473, -448, 248, 212, -461, -200, 209, 351, 82, -131, -43, 
-24, -473, -448, 248, 212, -461, -200, 209, 351, 82, -131, -43, 
-19, -473, -453, 246, 217, -463, -200, 214, 346, 82, -131, -43, 
-19, -473, -453, 246, 217, -463, -200, 214, 346, 82, -131, -43, 
-19, -478, -458, 248, 219, -468, -190, 219, 351, 73, -131, -43, 
-24, -478, -453, 251, 214, -466, -190, 219, 351, 73, -131, -43, 
-24, -478, -453, 251, 214, -466, -190, 219, 351, 73, -126, -43, 
-24, -478, -453, 251, 214, -466, -190, 219, 351, 73, -126, -43, 
-29, -478, -448, 253, 209, -463, -190, 209, 351, 73, -131, -43, 
-24, -483, -458, 253, 217, -470, -190, 209, 346, 73, -131, -43, 
-29, -483, -453, 256, 212, -468, -190, 209, 346, 73, -131, -48, 
-34, -483, -448, 258, 207, -466, -190, 209, 346, 73, -131, -53, 
-34, -483, -448, 258, 207, -466, -190, 209, 341, 82, -131, -53, 
-34, -488, -453, 261, 209, -470, -195, 209, 341, 82, -131, -53, 
-34, -488, -453, 261, 209, -470, -195, 209, 341, 78, -136, -53, 
-34, -483, -448, 258, 207, -466, -195, 209, 341, 78, -136, -48, 
-29, -473, -444, 251, 207, -458, -195, 209, 346, 78, -136, -48, 
-34, -473, -439, 253, 202, -456, -195, 209, 346, 78, -136, -53, 
-34, -473, -439, 253, 202, -456, -195, 209, 346, 78, -136, -53, 
-29, -473, -444, 251, 207, -458, -195, 209, 346, 78, -136, -58, 
-39, -478, -439, 258, 200, -458, -185, 219, 346, 87, -126, -58, 
-39, -483, -444, 261, 202, -463, -185, 219, 346, 87, -126, -53, 
-34, -483, -448, 258, 207, -466, -185, 219, 346, 87, -126, -53, 
-34, -488, -453, 261, 209, -470, -185, 219, 336, 87, -126, -53, 
-29, -483, -453, 256, 212, -468, -195, 219, 346, 87, -131, -43, 
-29, -483, -453, 256, 212, -468, -195, 219, 351, 87, -131, -43, 
-29, -478, -448, 253, 209, -463, -195, 219, 351, 87, -136, -43, 
-29, -478, -448, 253, 209, -463, -195, 219, 351, 87, -136, -43, 
-19, -483, -463, 251, 222, -473, -195, 219, 351, 82, -126, -43, 
-29, -488, -458, 258, 214, -473, -195, 224, 351, 82, -126, -43, 
-39, -488, -448, 263, 204, -468, -204, 214, 351, 68, -126, -48, 
-34, -488, -453, 261, 209, -470, -204, 204, 346, 78, -136, -58, 
-29, -488, -458, 258, 214, -473, -204, 204, 341, 78, -136, -58, 
-24, -488, -463, 256, 219, -475, -204, 204, 336, 78, -136, -58, 
-19, -488, -468, 253, 224, -478, -204, 204, 331, 78, -136, -58, 
-24, -488, -463, 256, 219, -475, -195, 214, 341, 78, -136, -43, 
-29, -488, -458, 258, 214, -473, -200, 214, 341, 78, -136, -43, 
-34, -488, -453, 261, 209, -470, -200, 214, 346, 78, -136, -48, 
-43, -488, -444, 265, 200, -466, -195, 214, 346, 78, -136, -48, 
-39, -483, -444, 261, 202, -463, -195, 224, 356, 78, -122, -48, 
-34, -478, -444, 256, 204, -461, -195, 224, 351, 78, -122, -43, 
-24, -478, -453, 251, 214, -466, -195, 224, 351, 87, -122, -43, 
-14, -473, -458, 244, 222, -466, -190, 224, 351, 92, -122, -43, 
-24, -468, -444, 246, 209, -456, -180, 219, 346, 87, -117, -39, 
-24, -468, -444, 246, 209, -456, -175, 224, 351, 92, -112, -39, 
-24, -473, -448, 248, 212, -461, -165, 234, 356, 97, -112, -34, 
-24, -473, -448, 248, 212, -461, -161, 234, 361, 102, -102, -29, 
-34, -468, -434, 251, 200, -451, -165, 248, 375, 107, -107, -24, 
-34, -458, -424, 246, 195, -441, -161, 253, 380, 112, -107, -24, 
-29, -453, -424, 241, 197, -439, -156, 258, 385, 117, -97, -24, 
-29, -448, -419, 239, 195, -434, -156, 263, 385, 117, -97, -19, 
-14, -434, -419, 224, 202, -427, -141, 278, 390, 126, -87, -9, 
-14, -434, -419, 224, 202, -427, -136, 283, 395, 126, -87, -9, 
-14, -434, -419, 224, 202, -427, -136, 283, 400, 126, -82, -9, 
-14, -429, -414, 222, 200, -422, -136, 287, 405, 131, -82, -9, 
-14, -429, -414, 222, 200, -422, -126, 292, 419, 131, -82, -9, 
-14, -429, -414, 222, 200, -422, -126, 297, 424, 131, -82, -4, 
-14, -424, -409, 219, 197, -417, -126, 297, 429, 141, -82, 0, 
-9, -414, -405, 212, 197, -409, -131, 292, 429, 141, -78, 0, 
0, -414, -414, 207, 207, -414, -131, 292, 424, 151, -78, 0, 
-4, -409, -405, 207, 200, -407, -146, 292, 419, 146, -78, -4, 
-4, -409, -405, 207, 200, -407, -156, 273, 414, 146, -78, -4, 
-4, -409, -405, 207, 200, -407, -161, 258, 414, 146, -78, -4, 
-14, -419, -405, 217, 195, -412, -180, 234, 409, 136, -68, -9, 
-14, -414, -400, 214, 192, -407, -190, 219, 409, 131, -68, -9, 
-14, -409, -395, 212, 190, -402, -195, 214, 405, 131, -63, -9, 
-14, -409, -395, 212, 190, -402, -204, 209, 405, 131, -63, -9, 
-9, -405, -395, 207, 192, -400, -209, 209, 405, 141, -53, -4, 
-4, -400, -395, 202, 195, -397, -209, 204, 400, 141, -53, 0, 
0, -390, -390, 195, 195, -390, -204, 204, 400, 141, -53, 4, 
4, -385, -390, 190, 197, -387, -200, 204, 395, 141, -58, 14, 
0, -395, -395, 197, 197, -395, -209, 204, 395, 151, -58, 14, 
-4, -400, -395, 202, 195, -397, -209, 204, 395, 151, -58, 14, 
-4, -405, -400, 204, 197, -402, -214, 204, 395, 151, -58, 14, 
-4, -414, -409, 209, 202, -412, -214, 204, 390, 151, -58, 14, 
-4, -419, -414, 212, 204, -417, -224, 200, 375, 136, -68, 0, 
-9, -429, -419, 219, 204, -424, -224, 195, 370, 126, -78, 0, 
-19, -434, -414, 226, 197, -424, -224, 190, 366, 122, -78, 0, 
-9, -439, -429, 224, 209, -434, -224, 180, 361, 122, -73, 0, 
-19, -439, -419, 229, 200, -429, -224, 180, 361, 126, -73, 0, 
-19, -439, -419, 229, 200, -429, -224, 180, 361, 131, -73, 4, 
-19, -444, -424, 231, 202, -434, -224, 185, 366, 131, -73, 9, 
-19, -444, -424, 231, 202, -434, -219, 190, 366, 131, -68, 9, 
-9, -444, -434, 226, 212, -439, -209, 190, 370, 141, -68, 9, 
-9, -448, -439, 229, 214, -444, -209, 190, 366, 136, -68, 4, 
-9, -463, -453, 236, 222, -458, -209, 190, 361, 126, -73, 4, 
-9, -478, -468, 244, 229, -473, -209, 190, 356, 122, -78, 4, 
-24, -492, -468, 258, 222, -480, -209, 195, 351, 126, -73, 9, 
-29, -502, -473, 265, 222, -488, -209, 195, 351, 122, -82, 0, 
-29, -512, -483, 270, 226, -497, -209, 195, 346, 117, -87, -4, 
-34, -517, -483, 275, 224, -500, -209, 190, 341, 102, -92, -9, 
-24, -527, -502, 275, 239, -514, -219, 180, 336, 87, -97, -14, 
-29, -536, -507, 283, 239, -522, -219, 180, 326, 87, -102, -19, 
-29, -536, -507, 283, 239, -522, -214, 185, 326, 87, -102, -24, 
-29, -536, -507, 283, 239, -522, -209, 190, 331, 87, -102, -29, 
-48, -546, -497, 297, 224, -522, -214, 190, 322, 97, -102, -39, 
-48, -551, -502, 300, 226, -527, -214, 195, 322, 97, -102, -39, 
-48, -551, -502, 300, 226, -527, -214, 195, 322, 97, -102, -39, 
-48, -551, -502, 300, 226, -527, -209, 195, 326, 92, -102, -43, 
-58, -556, -497, 307, 219, -527, -204, 204, 336, 102, -102, -43, 
-58, -561, -502, 309, 222, -531, -200, 204, 336, 102, -107, -43, 
-63, -561, -497, 312, 217, -529, -195, 204, 331, 102, -107, -43, 
-63, -561, -497, 312, 217, -529, -190, 204, 331, 97, -112, -43, 
-48, -561, -512, 305, 231, -536, -204, 200, 326, 97, -102, -34, 
-43, -561, -517, 302, 236, -539, -204, 200, 326, 92, -102, -34, 
-43, -566, -522, 305, 239, -544, -204, 200, 326, 92, -107, -34, 
-48, -566, -517, 307, 234, -541, -204, 200, 331, 97, -107, -34, 
-39, -566, -527, 302, 244, -546, -195, 200, 341, 97, -92, -34, 
-43, -566, -522, 305, 239, -544, -195, 204, 341, 97, -92, -34, 
-43, -561, -517, 302, 236, -539, -190, 204, 346, 102, -92, -34, 
-43, -561, -517, 302, 236, -539, -190, 204, 346, 102, -87, -34, 
-34, -551, -517, 292, 241, -534, -190, 204, 336, 112, -97, -43, 
-29, -551, -522, 290, 246, -536, -195, 204, 336, 112, -97, -43, 
-29, -551, -522, 290, 246, -536, -195, 204, 336, 112, -97, -43, 
-34, -556, -522, 295, 244, -539, -195, 204, 336, 112, -97, -43, 
-24, -536, -512, 280, 244, -524, -204, 200, 336, 112, -87, -43, 
-24, -531, -507, 278, 241, -519, -204, 209, 336, 117, -92, -34, 
-24, -546, -522, 285, 248, -534, -190, 234, 346, 107, -102, -34, 
-29, -580, -551, 305, 261, -566, -161, 273, 370, 97, -122, -68, 
-48, -600, -551, 324, 251, -575, -126, 331, 390, 78, -156, -107, 
-68, -619, -551, 344, 241, -585, -68, 400, 424, 53, -209, -146, 
-78, -653, -575, 366, 248, -614, -19, 473, 473, 29, -258, -195, 
-78, -683, -605, 380, 263, -644, 19, 527, 512, 24, -297, -234, 
-73, -683, -610, 378, 268, -646, 29, 546, 522, 14, -326, -253, 
-68, -668, -600, 368, 265, -634, 24, 536, 522, 14, -331, -248, 
-63, -600, -536, 331, 236, -568, 0, 507, 512, 48, -287, -200, 
-53, -488, -434, 270, 190, -461, -34, 448, 512, 126, -195, -112, 
-24, -351, -326, 187, 151, -339, -92, 395, 566, 253, -48, -9, 
9, -214, -224, 102, 117, -219, -146, 361, 629, 424, 126, 117, 
68, -53, -122, -7, 95, -87, -209, 317, 702, 610, 336, 283, 
117, 97, -19, -107, 68, 39, -273, 268, 751, 775, 541, 448, 
161, 219, 58, -190, 51, 139, -283, 268, 805, 946, 761, 619, 
224, 302, 78, -263, 73, 190, -283, 268, 849, 1156, 1024, 795, 
268, 361, 92, -314, 87, 226, -302, 229, 897, 1390, 1302, 976, 
297, 390, 92, -344, 102, 241, -292, 204, 883, 1551, 1483, 1102, 
336, 419, 82, -378, 126, 251, -239, 224, 824, 1620, 1586, 1210, 
419, 463, 43, -441, 187, 253, -214, 229, 790, 1664, 1644, 1298, 
478, 439, -39, -458, 258, 200, -248, 195, 756, 1712, 1664, 1337, 
492, 268, -224, -380, 358, 21, -307, 126, 653, 1688, 1566, 1283, 
502, 4, -497, -253, 500, -246, -405, -4, 463, 1586, 1405, 1171, 
527, -209, -736, -158, 631, -473, -570, -209, 253, 1429, 1239, 1078, 
546, -336, -883, -104, 714, -610, -746, -414, 24, 1190, 1068, 1010, 
556, -429, -985, -63, 771, -707, -858, -517, -214, 868, 878, 941, 
507, -488, -995, -9, 751, -741, -912, -566, -429, 483, 634, 858, 
375, -502, -878, 63, 627, -690, -902, -575, -619, -19, 302, 722, 
214, -546, -761, 165, 488, -653, -829, -512, -732, -453, -19, 531, 
141, -619, -761, 239, 451, -690, -727, -366, -673, -551, -156, 366, 
131, -673, -805, 270, 468, -739, -634, -219, -522, -429, -161, 278, 
107, -692, -800, 292, 453, -746, -556, -112, -366, -336, -170, 204, 
58, -692, -751, 317, 405, -722, -492, -39, -239, -263, -180, 112, 
9, -702, -712, 346, 361, -707, -429, 43, -117, -175, -175, 24, 
-19, -697, -678, 358, 329, -688, -356, 136, -4, -87, -161, -34, 
-29, -639, -610, 334, 290, -624, -283, 214, 107, -4, -126, -29, 
-19, -595, -575, 307, 278, -585, -229, 278, 209, 78, -87, -4, 
-14, -595, -580, 305, 283, -588, -204, 326, 278, 117, -73, -4, 
-14, -600, -585, 307, 285, -592, -180, 356, 326, 136, -68, -14, 
-14, -585, -570, 300, 278, -578, -165, 366, 375, 146, -58, -14, 
-14, -575, -561, 295, 273, -568, -165, 361, 395, 146, -58, -14, 
-24, -575, -551, 300, 263, -563, -161, 341, 395, 141, -58, -9, 
-29, -570, -541, 300, 256, -556, -165, 307, 395, 151, -48, 0, 
-19, -546, -527, 283, 253, -536, -165, 292, 395, 161, -29, 4, 
-14, -527, -512, 270, 248, -519, -175, 278, 390, 175, -24, 14, 
-24, -541, -517, 283, 246, -529, -165, 273, 400, 185, -14, 24, 
-29, -541, -512, 285, 241, -527, -165, 273, 400, 190, -19, 14, 
-39, -546, -507, 292, 234, -527, -161, 278, 414, 185, -24, 9, 
-43, -546, -502, 295, 229, -524, -161, 278, 419, 185, -24, 4, 
-34, -556, -522, 295, 244, -539, -161, 287, 424, 195, -34, 0, 
-34, -556, -522, 295, 244, -539, -161, 287, 429, 185, -34, -4, 
-34, -551, -517, 292, 241, -534, -161, 283, 434, 185, -34, -4, 
-34, -546, -512, 290, 239, -529, -161, 283, 439, 185, -34, 0, 
-34, -536, -502, 285, 234, -519, -175, 273, 429, 185, -29, 4, 
-34, -536, -502, 285, 234, -519, -175, 268, 424, 195, -29, 4, 
-39, -536, -497, 287, 229, -517, -170, 268, 424, 195, -24, 9, 
-39, -536, -497, 287, 229, -517, -170, 268, 429, 195, -19, 9, 
-43, -531, -488, 287, 222, -509, -170, 268, 434, 204, -19, 9, 
-43, -531, -488, 287, 222, -509, -170, 268, 434, 204, -24, 9, 
-43, -531, -488, 287, 222, -509, -170, 268, 439, 200, -24, 9, 
-43, -531, -488, 287, 222, -509, -170, 268, 439, 200, -24, 0, 
-58, -541, -483, 300, 212, -512, -165, 268, 448, 200, -24, 9, 
-58, -541, -483, 300, 212, -512, -165, 268, 448, 200, -24, 9, 
-53, -541, -488, 297, 217, -514, -165, 268, 448, 209, -24, 14, 
-48, -531, -483, 290, 217, -507, -165, 268, 448, 214, -24, 14, 
-58, -541, -483, 300, 212, -512, -156, 278, 448, 229, -14, 9, 
-63, -546, -483, 305, 209, -514, -156, 278, 453, 229, -14, 9, 
-63, -546, -483, 305, 209, -514, -156, 278, 458, 229, -14, 9, 
-58, -546, -488, 302, 214, -517, -156, 278, 463, 234, -14, 9, 
-58, -546, -488, 302, 214, -517, -165, 273, 453, 224, -24, 0, 
-58, -541, -483, 300, 212, -512, -161, 268, 453, 224, -24, 0, 
-58, -541, -483, 300, 212, -512, -161, 263, 453, 224, -24, 0, 
-58, -541, -483, 300, 212, -512, -161, 258, 458, 224, -24, 0, 
-58, -541, -483, 300, 212, -512, -161, 258, 458, 224, -14, 0, 
-53, -541, -488, 297, 217, -514, -161, 258, 458, 224, -14, 4, 
-53, -541, -488, 297, 217, -514, -161, 258, 458, 224, -14, 4, 
-53, -541, -488, 297, 217, -514, -161, 258, 458, 229, -14, 4, 
-48, -536, -488, 292, 219, -512, -161, 268, 463, 244, -9, 4, 
-43, -531, -488, 287, 222, -509, -161, 268, 463, 244, -9, 0, 
-39, -527, -488, 283, 224, -507, -161, 268, 463, 244, -9, 0, 
-43, -512, -468, 278, 212, -490, -161, 268, 468, 244, -9, 0, 
-43, -512, -468, 278, 212, -490, -161, 268, 478, 253, 0, 0, 
-39, -512, -473, 275, 217, -492, -161, 268, 478, 253, 4, 4, 
-34, -507, -473, 270, 219, -490, -161, 268, 478, 253, 4, 4, 
-34, -507, -473, 270, 219, -490, -161, 273, 478, 253, 4, 4, 
-34, -522, -488, 278, 226, -505, -161, 273, 478, 248, 0, 0, 
-39, -522, -483, 280, 222, -502, -161, 273, 478, 248, 0, 0, 
-39, -522, -483, 280, 222, -502, -161, 273, 478, 248, 0, 0, 
-34, -522, -488, 278, 226, -505, -161, 273, 483, 244, 0, 0, 
-43, -531, -488, 287, 222, -509, -161, 273, 483, 248, 0, 4, 
-53, -531, -478, 292, 212, -505, -156, 273, 488, 253, 0, 4, 
-53, -531, -478, 292, 212, -505, -156, 273, 488, 258, 0, 0, 
-48, -531, -483, 290, 217, -507, -161, 268, 488, 263, 0, 0, 
-58, -531, -473, 295, 207, -502, -161, 278, 488, 268, 9, 0, 
-63, -531, -468, 297, 202, -500, -161, 278, 492, 273, 9, 0, 
-63, -531, -468, 297, 202, -500, -161, 278, 492, 273, 9, 4, 
-63, -531, -468, 297, 202, -500, -161, 283, 492, 273, 14, 4, 
-53, -531, -478, 292, 212, -505, -151, 273, 497, 278, 14, 14, 
-53, -527, -473, 290, 209, -500, -151, 273, 502, 278, 14, 14, 
-53, -527, -473, 290, 209, -500, -151, 273, 502, 278, 14, 14, 
-53, -527, -473, 290, 209, -500, -151, 278, 502, 278, 14, 14, 
-48, -527, -478, 287, 214, -502, -151, 287, 502, 287, 29, 14, 
-48, -527, -478, 287, 214, -502, -151, 287, 507, 287, 29, 14, 
-48, -527, -478, 287, 214, -502, -151, 287, 507, 292, 29, 14, 
-43, -527, -483, 285, 219, -505, -151, 292, 517, 297, 34, 14, 
-34, -527, -492, 280, 229, -509, -161, 283, 507, 292, 24, 9, 
-34, -527, -492, 280, 229, -509, -161, 283, 512, 292, 24, 9, 
-34, -527, -492, 280, 229, -509, -161, 283, 517, 287, 24, 9, 
-34, -527, -492, 280, 229, -509, -161, 283, 517, 283, 24, 9, 
-39, -527, -488, 283, 224, -507, -161, 292, 527, 297, 29, 24, 
-39, -527, -488, 283, 224, -507, -161, 292, 531, 302, 34, 24, 
-43, -527, -483, 285, 219, -505, -161, 292, 536, 307, 39, 24, 
-43, -527, -483, 285, 219, -505, -161, 297, 541, 312, 39, 24, 
-48, -527, -478, 287, 214, -502, -161, 297, 551, 322, 48, 24, 
-48, -527, -478, 287, 214, -502, -161, 297, 556, 326, 58, 24, 
-48, -527, -478, 287, 214, -502, -161, 302, 561, 331, 58, 29, 
-48, -522, -473, 285, 212, -497, -161, 302, 566, 336, 58, 29, 
-43, -527, -483, 285, 219, -505, -151, 312, 561, 341, 58, 39, 
-43, -527, -483, 285, 219, -505, -151, 317, 566, 341, 63, 39, 
-43, -522, -478, 283, 217, -500, -151, 317, 570, 346, 68, 43, 
-39, -522, -483, 280, 222, -502, -151, 317, 580, 351, 73, 48, 
-48, -522, -473, 285, 212, -497, -161, 312, 585, 346, 82, 39, 
-48, -517, -468, 283, 209, -492, -161, 317, 590, 351, 87, 39, 
-48, -517, -468, 283, 209, -492, -161, 322, 595, 356, 92, 48, 
-43, -517, -473, 280, 214, -495, -161, 326, 605, 361, 97, 53, 
-34, -497, -463, 265, 214, -480, -161, 326, 610, 380, 107, 58, 
-34, -492, -458, 263, 212, -475, -165, 331, 619, 385, 112, 63, 
-24, -492, -468, 258, 222, -480, -165, 331, 629, 400, 122, 63, 
-19, -488, -468, 253, 224, -478, -165, 331, 634, 400, 131, 68, 
-24, -483, -458, 253, 217, -470, -156, 336, 639, 414, 136, 82, 
-24, -483, -458, 253, 217, -470, -161, 341, 653, 424, 146, 87, 
-19, -478, -458, 248, 219, -468, -161, 346, 663, 434, 151, 92, 
-14, -473, -458, 244, 222, -466, -165, 351, 673, 439, 156, 92, 
0, -468, -468, 234, 234, -468, -165, 346, 683, 453, 170, 102, 
0, -463, -463, 231, 231, -463, -170, 351, 697, 453, 180, 112, 
0, -458, -458, 229, 229, -458, -170, 351, 702, 468, 180, 117, 
4, -453, -458, 224, 231, -456, -180, 351, 712, 473, 195, 122, 
9, -458, -468, 224, 239, -463, -185, 351, 722, 473, 195, 122, 
9, -453, -463, 222, 236, -458, -185, 351, 722, 478, 204, 126, 
9, -448, -458, 219, 234, -453, -185, 351, 722, 483, 214, 131, 
19, -444, -463, 212, 241, -453, -180, 351, 722, 488, 214, 131, 
29, -429, -458, 200, 244, -444, -180, 361, 741, 502, 234, 156, 
29, -424, -453, 197, 241, -439, -185, 361, 741, 512, 239, 170, 
29, -419, -448, 195, 239, -434, -190, 361, 746, 517, 248, 170, 
39, -414, -453, 187, 246, -434, -200, 356, 746, 522, 263, 175, 
29, -419, -448, 195, 239, -434, -200, 346, 751, 517, 278, 190, 
29, -414, -444, 192, 236, -429, -204, 346, 751, 522, 283, 195, 
29, -409, -439, 190, 234, -424, -204, 346, 751, 527, 283, 200, 
29, -405, -434, 187, 231, -419, -204, 346, 746, 531, 283, 204, 
19, -409, -429, 195, 224, -419, -209, 346, 746, 531, 287, 209, 
24, -409, -434, 192, 229, -422, -214, 346, 746, 531, 292, 214, 
24, -409, -434, 192, 229, -422, -214, 341, 746, 531, 292, 219, 
29, -400, -429, 185, 229, -414, -214, 336, 741, 531, 292, 219, 
34, -390, -424, 178, 229, -407, -224, 331, 741, 531, 292, 219, 
43, -385, -429, 170, 236, -407, -229, 326, 741, 527, 292, 224, 
48, -375, -424, 163, 236, -400, -229, 326, 741, 527, 302, 229, 
53, -366, -419, 156, 236, -392, -229, 326, 741, 527, 302, 234, 
43, -361, -405, 158, 224, -383, -224, 322, 741, 527, 312, 229, 
43, -356, -400, 156, 222, -378, -224, 317, 736, 527, 307, 234, 
43, -351, -395, 153, 219, -373, -224, 312, 732, 527, 307, 234, 
43, -351, -395, 153, 219, -373, -224, 312, 722, 527, 307, 229, 
43, -351, -395, 153, 219, -373, -239, 297, 717, 531, 307, 239, 
39, -351, -390, 156, 214, -370, -239, 287, 707, 531, 307, 239, 
34, -351, -385, 158, 209, -368, -239, 287, 702, 522, 307, 239, 
34, -351, -385, 158, 209, -368, -239, 278, 692, 517, 297, 234, 
24, -351, -375, 163, 200, -363, -239, 273, 688, 522, 297, 234, 
24, -351, -375, 163, 200, -363, -234, 273, 683, 522, 292, 234, 
19, -351, -370, 165, 195, -361, -234, 268, 678, 512, 292, 234, 
19, -351, -370, 165, 195, -361, -234, 263, 678, 507, 287, 229, 
29, -341, -370, 156, 200, -356, -234, 268, 658, 492, 278, 224, 
29, -341, -370, 156, 200, -356, -234, 268, 649, 483, 273, 214, 
24, -351, -375, 163, 200, -363, -229, 263, 639, 473, 258, 209, 
14, -356, -370, 170, 192, -363, -224, 258, 624, 468, 253, 195, 
9, -370, -380, 180, 195, -375, -214, 248, 619, 458, 234, 180, 
4, -375, -380, 185, 192, -378, -214, 244, 610, 448, 224, 175, 
0, -380, -380, 190, 190, -380, -214, 239, 590, 444, 219, 165, 
-4, -390, -385, 197, 190, -387, -209, 234, 580, 434, 204, 156, 
-9, -400, -390, 204, 190, -395, -209, 229, 575, 424, 204, 156, 
-14, -405, -390, 209, 187, -397, -209, 224, 575, 414, 195, 151, 
-14, -405, -390, 209, 187, -397, -209, 224, 566, 405, 190, 146, 
-19, -409, -390, 214, 185, -400, -209, 219, 556, 395, 175, 136, 
-14, -409, -395, 212, 190, -402, -209, 219, 536, 385, 170, 136, 
-14, -409, -395, 212, 190, -402, -209, 219, 527, 380, 161, 122, 
-19, -414, -395, 217, 187, -405, -200, 219, 522, 370, 151, 117, 
-24, -424, -400, 224, 187, -412, -200, 214, 512, 361, 146, 112, 
-39, -439, -400, 239, 180, -419, -200, 214, 512, 361, 126, 97, 
-43, -444, -400, 244, 178, -422, -200, 204, 502, 356, 122, 92, 
-48, -453, -405, 251, 178, -429, -200, 204, 497, 346, 117, 87, 
-58, -463, -405, 261, 173, -434, -195, 209, 488, 336, 112, 82, 
-58, -458, -400, 258, 170, -429, -204, 209, 488, 346, 117, 82, 
-58, -458, -400, 258, 170, -429, -204, 204, 483, 341, 102, 78, 
-63, -463, -400, 263, 168, -431, -204, 204, 478, 326, 102, 78, 
-68, -463, -395, 265, 163, -429, -204, 204, 478, 326, 97, 73, 
-58, -483, -424, 270, 183, -453, -190, 204, 463, 322, 102, 73, 
-58, -488, -429, 273, 185, -458, -190, 204, 463, 312, 97, 78, 
-58, -488, -429, 273, 185, -458, -185, 204, 458, 307, 92, 78, 
-58, -488, -429, 273, 185, -458, -185, 204, 458, 307, 92, 78, 
-63, -492, -429, 278, 183, -461, -185, 214, 458, 307, 92, 68, 
-63, -497, -434, 280, 185, -466, -180, 214, 453, 307, 87, 68, 
-63, -502, -439, 283, 187, -470, -180, 219, 453, 302, 87, 68, 
-63, -507, -444, 285, 190, -475, -180, 219, 453, 297, 82, 63, 
-63, -507, -444, 285, 190, -475, -170, 209, 453, 297, 68, 53, 
-63, -507, -444, 285, 190, -475, -175, 209, 453, 292, 68, 53, 
-63, -507, -444, 285, 190, -475, -175, 209, 444, 287, 63, 48, 
-63, -517, -453, 290, 195, -485, -175, 209, 444, 283, 63, 48, 
-63, -522, -458, 292, 197, -490, -185, 219, 444, 287, 73, 58, 
-63, -522, -458, 292, 197, -490, -180, 219, 444, 287, 73, 53, 
-63, -522, -458, 292, 197, -490, -180, 219, 444, 287, 68, 53, 
-68, -522, -453, 295, 192, -488, -180, 219, 444, 287, 68, 53, 
-78, -531, -453, 305, 187, -492, -180, 219, 444, 287, 63, 48, 
-78, -531, -453, 305, 187, -492, -175, 224, 448, 287, 63, 48, 
-73, -536, -463, 305, 195, -500, -175, 234, 448, 287, 63, 48, 
-73, -536, -463, 305, 195, -500, -170, 234, 448, 287, 63, 48, 
-68, -536, -468, 302, 200, -502, -161, 234, 448, 278, 58, 48, 
-68, -546, -478, 307, 204, -512, -161, 234, 453, 278, 58, 43, 
-68, -546, -478, 307, 204, -512, -161, 234, 453, 278, 58, 43, 
-68, -546, -478, 307, 204, -512, -161, 234, 453, 273, 53, 43, 
-68, -536, -468, 302, 200, -502, -165, 234, 463, 273, 53, 43, 
-73, -536, -463, 305, 195, -500, -165, 234, 463, 278, 53, 43, 
-73, -536, -463, 305, 195, -500, -170, 239, 463, 278, 58, 39, 
-73, -536, -463, 305, 195, -500, -170, 244, 468, 283, 58, 39, 
-82, -536, -453, 309, 185, -495, -161, 239, 468, 283, 58, 43, 
-78, -536, -458, 307, 190, -497, -156, 239, 473, 283, 58, 43, 
-78, -536, -458, 307, 190, -497, -156, 239, 478, 283, 58, 39, 
-78, -541, -463, 309, 192, -502, -156, 244, 478, 283, 58, 39, 
-68, -541, -473, 305, 202, -507, -156, 253, 478, 287, 58, 48, 
-68, -536, -468, 302, 200, -502, -156, 253, 488, 292, 58, 48, 
-63, -536, -473, 300, 204, -505, -156, 258, 488, 297, 63, 48, 
-63, -536, -473, 300, 204, -505, -156, 258, 488, 307, 63, 43, 
-63, -531, -468, 297, 202, -500, -151, 278, 497, 307, 73, 43, 
-68, -531, -463, 300, 197, -497, -151, 278, 497, 307, 73, 48, 
-68, -531, -463, 300, 197, -497, -151, 278, 497, 317, 73, 48, 
-68, -531, -463, 300, 197, -497, -151, 278, 502, 317, 78, 48, 
-68, -531, -463, 300, 197, -497, -151, 278, 507, 317, 87, 43, 
-68, -536, -468, 302, 200, -502, -151, 278, 507, 322, 87, 43, 
-68, -541, -473, 305, 202, -507, -151, 278, 507, 322, 87, 43, 
-68, -546, -478, 307, 204, -512, -146, 278, 507, 322, 87, 43, 
-73, -546, -473, 309, 200, -509, -156, 283, 512, 322, 92, 53, 
-73, -551, -478, 312, 202, -514, -156, 283, 512, 322, 92, 53, 
-73, -551, -478, 312, 202, -514, -156, 287, 517, 322, 92, 53, 
-73, -546, -473, 309, 200, -509, -156, 287, 522, 331, 92, 53, 
-63, -531, -468, 297, 202, -500, -151, 297, 531, 336, 107, 53, 
-58, -527, -468, 292, 204, -497, -151, 297, 531, 341, 112, 63, 
-53, -522, -468, 287, 207, -495, -146, 297, 531, 351, 117, 63, 
-43, -517, -473, 280, 214, -495, -146, 297, 531, 356, 117, 63, 
-48, -527, -478, 287, 214, -502, -146, 297, 536, 356, 117, 63, 
-58, -527, -468, 292, 204, -497, -146, 297, 536, 356, 122, 63, 
-63, -527, -463, 295, 200, -495, -146, 297, 536, 361, 122, 63, 
-68, -527, -458, 297, 195, -492, -146, 297, 536, 361, 122, 63, 
-53, -517, -463, 285, 204, -490, -146, 287, 531, 361, 126, 58, 
-48, -517, -468, 283, 209, -492, -146, 287, 531, 361, 126, 68, 
-48, -517, -468, 283, 209, -492, -146, 292, 531, 366, 131, 68, 
-48, -517, -468, 283, 209, -492, -146, 292, 536, 366, 131, 68, 
-58, -527, -468, 292, 204, -497, -136, 292, 536, 375, 141, 78, 
-53, -527, -473, 290, 209, -500, -136, 292, 536, 375, 141, 78, 
-53, -517, -463, 285, 204, -490, -136, 292, 531, 375, 141, 78, 
-53, -517, -463, 285, 204, -490, -136, 287, 531, 375, 141, 78, 
-48, -507, -458, 278, 204, -483, -146, 287, 531, 375, 136, 82, 
-48, -512, -463, 280, 207, -488, -146, 287, 531, 370, 136, 82, 
-43, -512, -468, 278, 212, -490, -146, 287, 531, 370, 136, 82, 
-39, -512, -473, 275, 217, -492, -146, 287, 531, 375, 141, 87, 
-39, -502, -463, 270, 212, -483, -146, 278, 531, 375, 151, 97, 
-39, -502, -463, 270, 212, -483, -146, 278, 531, 370, 146, 97, 
-39, -502, -463, 270, 212, -483, -146, 278, 531, 370, 146, 97, 
-39, -502, -463, 270, 212, -483, -151, 273, 527, 370, 146, 92, 
-48, -512, -463, 280, 207, -488, -146, 283, 531, 380, 146, 87, 
-48, -512, -463, 280, 207, -488, -146, 278, 531, 380, 146, 87, 
-48, -512, -463, 280, 207, -488, -146, 278, 531, 380, 146, 92, 
-48, -512, -463, 280, 207, -488, -146, 278, 527, 380, 146, 92, 
-34, -507, -473, 270, 219, -490, -156, 273, 527, 380, 156, 97, 
-34, -507, -473, 270, 219, -490, -156, 273, 527, 380, 156, 97, 
-34, -512, -478, 273, 222, -495, -156, 273, 522, 375, 156, 97, 
-34, -512, -478, 273, 222, -495, -156, 273, 522, 375, 156, 97, 
-24, -512, -488, 268, 231, -500, -161, 273, 522, 375, 156, 97, 
-24, -512, -488, 268, 231, -500, -161, 273, 522, 375, 146, 97, 
-24, -512, -488, 268, 231, -500, -161, 268, 517, 375, 146, 97, 
-24, -512, -488, 268, 231, -500, -156, 268, 517, 375, 146, 97, 
-34, -502, -468, 268, 217, -485, -156, 263, 507, 370, 146, 87, 
-34, -502, -468, 268, 217, -485, -161, 263, 502, 370, 146, 87, 
-34, -502, -468, 268, 217, -485, -161, 263, 502, 370, 146, 87, 
-34, -502, -468, 268, 217, -485, -161, 263, 502, 370, 146, 82, 
-43, -512, -468, 278, 212, -490, -165, 263, 502, 366, 136, 73, 
-48, -512, -463, 280, 207, -488, -165, 263, 497, 366, 136, 73, 
-48, -512, -463, 280, 207, -488, -161, 263, 497, 366, 136, 73, 
-43, -512, -468, 278, 212, -490, -161, 268, 497, 366, 136, 73, 
-34, -502, -468, 268, 217, -485, -161, 268, 497, 370, 136, 82, 
-39, -502, -463, 270, 212, -483, -156, 263, 492, 370, 136, 82, 
-39, -502, -463, 270, 212, -483, -156, 263, 492, 370, 141, 82, 
-39, -507, -468, 273, 214, -488, -156, 263, 497, 370, 146, 82, 
-34, -497, -463, 265, 214, -480, -161, 263, 497, 375, 146, 82, 
-34, -497, -463, 265, 214, -480, -161, 263, 497, 375, 146, 78, 
-34, -497, -463, 265, 214, -480, -161, 258, 492, 375, 146, 78, 
-34, -497, -463, 265, 214, -480, -161, 258, 492, 375, 146, 78, 
-34, -497, -463, 265, 214, -480, -161, 263, 502, 366, 146, 78, 
-34, -497, -463, 265, 214, -480, -161, 263, 497, 366, 146, 82, 
-34, -497, -463, 265, 214, -480, -161, 263, 497, 366, 146, 82, 
-34, -492, -458, 263, 212, -475, -161, 258, 497, 366, 141, 82, 
-43, -492, -448, 268, 202, -470, -161, 258, 497, 375, 131, 82, 
-43, -492, -448, 268, 202, -470, -161, 258, 497, 375, 131, 82, 
-39, -492, -453, 265, 207, -473, -161, 263, 492, 375, 131, 82, 
-39, -492, -453, 265, 207, -473, -161, 263, 492, 375, 131, 82, 
-29, -497, -468, 263, 219, -483, -161, 248, 488, 375, 131, 73, 
-34, -497, -463, 265, 214, -480, -161, 248, 488, 375, 131, 73, 
-34, -497, -463, 265, 214, -480, -161, 248, 488, 375, 136, 73, 
-34, -497, -463, 265, 214, -480, -161, 248, 488, 375, 136, 73, 
-43, -507, -463, 275, 209, -485, -161, 248, 497, 375, 141, 82, 
-34, -512, -478, 273, 222, -495, -161, 248, 492, 375, 141, 82, 
-34, -512, -478, 273, 222, -495, -161, 248, 492, 375, 141, 78, 
-34, -512, -478, 273, 222, -495, -161, 248, 492, 375, 141, 73, 
-34, -502, -468, 268, 217, -485, -151, 248, 488, 375, 141, 73, 
-34, -507, -473, 270, 219, -490, -156, 248, 488, 375, 141, 73, 
-34, -507, -473, 270, 219, -490, -156, 248, 488, 370, 136, 73, 
-34, -502, -468, 268, 217, -485, -156, 248, 488, 370, 136, 78, 
-29, -502, -473, 265, 222, -488, -165, 248, 492, 380, 136, 78, 
-34, -502, -468, 268, 217, -485, -165, 248, 492, 380, 136, 73, 
-34, -502, -468, 268, 217, -485, -165, 248, 492, 380, 136, 73, 
-29, -502, -473, 265, 222, -488, -165, 248, 492, 380, 136, 68, 
-9, -483, -473, 246, 231, -478, -156, 248, 492, 380, 146, 68, 
-19, -492, -473, 256, 226, -483, -156, 258, 492, 380, 136, 63, 
-34, -507, -473, 270, 219, -490, -165, 248, 483, 370, 146, 63, 
-39, -497, -458, 268, 209, -478, -165, 244, 478, 380, 146, 68, 
-34, -488, -453, 261, 209, -470, -156, 253, 488, 380, 146, 78, 
-29, -488, -458, 258, 214, -473, -156, 253, 488, 380, 146, 78, 
-24, -488, -463, 256, 219, -475, -156, 253, 488, 380, 146, 78, 
-19, -488, -468, 253, 224, -478, -156, 253, 488, 380, 146, 78, 
-19, -488, -468, 253, 224, -478, -156, 253, 488, 380, 146, 82, 
-19, -488, -468, 253, 224, -478, -161, 253, 488, 380, 146, 82, 
-19, -488, -468, 253, 224, -478, -161, 253, 492, 380, 146, 78, 
-24, -488, -463, 256, 219, -475, -156, 253, 492, 380, 146, 78, 
-24, -483, -458, 253, 217, -470, -156, 244, 492, 380, 141, 78, 
-24, -478, -453, 251, 214, -466, -156, 244, 488, 380, 141, 82, 
-19, -478, -458, 248, 219, -468, -156, 244, 488, 390, 141, 82, 
-14, -473, -458, 244, 222, -466, -151, 244, 488, 395, 141, 82, 
-4, -463, -458, 234, 226, -461, -141, 258, 502, 390, 156, 78, 
-4, -458, -453, 231, 224, -456, -136, 263, 507, 395, 161, 78, 
-4, -458, -453, 231, 224, -456, -126, 273, 512, 400, 161, 82, 
-4, -453, -448, 229, 222, -451, -122, 273, 517, 405, 170, 87, 
-4, -439, -434, 222, 214, -436, -126, 287, 522, 409, 175, 92, 
-4, -429, -424, 217, 209, -427, -122, 292, 527, 414, 175, 92, 
0, -424, -424, 212, 212, -424, -117, 297, 531, 419, 185, 92, 
0, -419, -419, 209, 209, -419, -117, 302, 531, 419, 185, 97, 
0, -424, -424, 212, 212, -424, -112, 312, 536, 419, 175, 107, 
-4, -424, -419, 214, 207, -422, -107, 312, 541, 419, 175, 107, 
-9, -424, -414, 217, 202, -419, -107, 307, 546, 419, 180, 107, 
-14, -419, -405, 217, 195, -412, -107, 307, 551, 424, 180, 107, 
-14, -419, -405, 217, 195, -412, -107, 312, 546, 434, 180, 107, 
-14, -419, -405, 217, 195, -412, -107, 317, 551, 434, 180, 112, 
-14, -414, -400, 214, 192, -407, -107, 317, 556, 444, 180, 117, 
-9, -405, -395, 207, 192, -400, -112, 312, 556, 444, 185, 117, 
-9, -395, -385, 202, 187, -390, -112, 292, 561, 444, 190, 117, 
-14, -390, -375, 202, 180, -383, -126, 292, 556, 439, 195, 112, 
-14, -390, -375, 202, 180, -383, -136, 273, 551, 439, 200, 112, 
-14, -390, -375, 202, 180, -383, -141, 258, 551, 439, 204, 112, 
-4, -380, -375, 192, 185, -378, -161, 244, 541, 429, 195, 117, 
-4, -375, -370, 190, 183, -373, -170, 229, 536, 424, 195, 117, 
-4, -370, -366, 187, 180, -368, -175, 224, 527, 424, 200, 117, 
-4, -370, -366, 187, 180, -368, -185, 219, 522, 424, 200, 117, 
-4, -380, -375, 192, 185, -378, -185, 219, 531, 434, 190, 117, 
-4, -380, -375, 192, 185, -378, -190, 214, 527, 434, 190, 117, 
-4, -375, -370, 190, 183, -373, -190, 214, 527, 434, 190, 117, 
-4, -375, -370, 190, 183, -373, -190, 214, 522, 434, 185, 122, 
-4, -370, -366, 187, 180, -368, -190, 214, 522, 434, 195, 122, 
-4, -370, -366, 187, 180, -368, -190, 214, 522, 434, 195, 122, 
0, -370, -370, 185, 185, -370, -195, 214, 522, 434, 195, 122, 
4, -375, -380, 185, 192, -378, -195, 214, 517, 434, 195, 122, 
4, -380, -385, 187, 195, -383, -195, 214, 512, 429, 195, 117, 
0, -390, -390, 195, 195, -390, -195, 214, 507, 419, 185, 117, 
-9, -395, -385, 202, 187, -390, -195, 214, 502, 414, 185, 117, 
0, -400, -400, 200, 200, -400, -195, 209, 497, 414, 190, 117, 
9, -390, -400, 190, 204, -395, -195, 209, 497, 409, 190, 117, 
9, -390, -400, 190, 204, -395, -195, 209, 497, 414, 190, 122, 
9, -395, -405, 192, 207, -400, -195, 214, 502, 414, 190, 126, 
9, -395, -405, 192, 207, -400, -190, 219, 502, 414, 195, 126, 
0, -405, -405, 202, 202, -405, -190, 219, 488, 424, 195, 126, 
0, -409, -409, 204, 204, -409, -190, 219, 483, 419, 195, 122, 
0, -424, -424, 212, 212, -424, -190, 219, 478, 409, 190, 122, 
0, -439, -439, 219, 219, -439, -190, 219, 473, 405, 185, 122, 
-4, -444, -439, 224, 217, -441, -180, 214, 468, 400, 190, 117, 
-9, -453, -444, 231, 217, -448, -180, 214, 468, 395, 180, 107, 
-9, -463, -453, 236, 222, -458, -180, 214, 463, 390, 175, 102, 
-14, -468, -453, 241, 219, -461, -180, 209, 458, 375, 170, 97, 
-4, -478, -473, 241, 234, -475, -190, 209, 453, 366, 151, 82, 
-9, -488, -478, 248, 234, -483, -190, 209, 444, 361, 141, 78, 
-9, -488, -478, 248, 234, -483, -185, 214, 444, 356, 136, 73, 
-9, -488, -478, 248, 234, -483, -180, 219, 448, 351, 131, 68, 
-29, -488, -458, 258, 214, -473, -165, 229, 458, 366, 136, 73, 
-29, -492, -463, 261, 217, -478, -165, 234, 458, 370, 141, 78, 
-29, -492, -463, 261, 217, -478, -165, 234, 458, 375, 146, 82, 
-29, -492, -463, 261, 217, -478, -161, 234, 463, 375, 151, 82, 
-29, -497, -468, 263, 219, -483, -170, 224, 453, 366, 151, 73, 
-29, -502, -473, 265, 222, -488, -170, 224, 453, 366, 146, 73, 
-34, -502, -468, 268, 217, -485, -170, 224, 448, 366, 146, 73, 
-34, -502, -468, 268, 217, -485, -170, 224, 448, 361, 141, 73, 
-19, -492, -473, 256, 226, -483, -175, 229, 444, 361, 141, 82, 
-14, -492, -478, 253, 231, -485, -175, 229, 444, 356, 141, 82, 
-14, -497, -483, 256, 234, -490, -175, 229, 444, 356, 136, 82, 
-19, -497, -478, 258, 229, -488, -175, 229, 448, 361, 136, 82, 
-29, -507, -478, 268, 224, -492, -185, 224, 439, 361, 141, 73, 
-34, -507, -473, 270, 219, -490, -185, 224, 439, 361, 141, 73, 
-34, -502, -468, 268, 217, -485, -180, 219, 444, 366, 141, 73, 
-34, -502, -468, 268, 217, -485, -180, 214, 444, 366, 146, 73, 
-43, -512, -468, 278, 212, -490, -180, 214, 434, 356, 136, 73, 
-39, -512, -473, 275, 217, -492, -185, 214, 434, 356, 136, 73, 
-39, -512, -473, 275, 217, -492, -185, 214, 434, 356, 136, 73, 
-43, -517, -473, 280, 214, -495, -185, 214, 434, 356, 136, 73, 
-24, -497, -473, 261, 224, -485, -185, 229, 453, 356, 136, 73, 
-24, -502, -478, 263, 226, -490, -165, 248, 453, 351, 131, 73, 
-24, -527, -502, 275, 239, -514, -141, 292, 463, 351, 102, 53, 
-39, -561, -522, 300, 241, -541, -92, 361, 488, 331, 63, 19, 
-58, -590, -531, 324, 236, -561, -48, 419, 527, 302, 9, -29, 
-58, -610, -551, 334, 246, -580, -9, 488, 580, 268, -43, -87, 
-39, -614, -575, 326, 268, -595, 29, 541, 629, 263, -73, -126, 
-39, -614, -575, 326, 268, -595, 48, 575, 649, 258, -92, -146, 
-34, -585, -551, 309, 258, -568, 48, 566, 649, 248, -92, -136, 
-29, -502, -473, 265, 222, -488, 14, 517, 639, 268, -48, -92, 
-24, -395, -370, 209, 173, -383, -29, 458, 639, 351, 43, -4, 
-14, -283, -268, 148, 126, -275, -82, 409, 678, 497, 175, 102, 
24, -126, -151, 51, 87, -139, -131, 366, 741, 692, 361, 234, 
87, 58, -29, -73, 58, 14, -204, 312, 814, 893, 566, 400, 
156, 209, 53, -183, 51, 131, -268, 258, 868, 1068, 775, 575, 
195, 331, 136, -263, 29, 234, -292, 248, 897, 1224, 1000, 732, 
248, 434, 185, -341, 31, 309, -292, 248, 951, 1434, 1268, 922, 
312, 517, 204, -414, 53, 361, -302, 239, 1005, 1664, 1542, 1107, 
346, 566, 219, -456, 63, 392, -283, 239, 1024, 1830, 1732, 1229, 
366, 575, 209, -470, 78, 392, -224, 244, 961, 1912, 1844, 1317, 
385, 566, 180, -475, 102, 373, -200, 244, 922, 1991, 1917, 1405, 
429, 512, 82, -470, 173, 297, -224, 219, 888, 2083, 1956, 1454, 
458, 341, -117, -400, 287, 112, -268, 175, 785, 2113, 1898, 1415, 
492, 102, -390, -297, 441, -143, -356, 68, 614, 2059, 1771, 1332, 
522, -92, -614, -214, 568, -353, -502, -102, 424, 1927, 1639, 1278, 
546, -229, -775, -158, 661, -502, -678, -297, 195, 1673, 1483, 1234, 
556, -326, -883, -114, 719, -605, -814, -424, -63, 1298, 1254, 1146, 
497, -400, -897, -48, 697, -649, -878, -488, -302, 810, 956, 1019, 
380, -429, -810, 24, 595, -619, -873, -517, -517, 209, 556, 849, 
239, -473, -712, 117, 475, -592, -805, -458, -639, -273, 195, 624, 
156, -536, -692, 190, 424, -614, -702, -317, -595, -346, 58, 463, 
131, -600, -732, 234, 431, -666, -610, -161, -439, -209, 58, 366, 
82, -634, -717, 275, 400, -675, -527, -53, -297, -117, 34, 287, 
29, -644, -673, 307, 351, -658, -468, 14, -170, -43, 24, 204, 
19, -644, -663, 312, 341, -653, -405, 87, -43, 58, 24, 122, 
19, -614, -634, 297, 326, -624, -341, 170, 78, 146, 48, 82, 
19, -570, -590, 275, 305, -580, -278, 244, 180, 224, 92, 92, 
19, -541, -561, 261, 290, -551, -224, 302, 283, 287, 136, 107, 
29, -546, -575, 258, 302, -561, -190, 346, 356, 331, 146, 112, 
34, -536, -570, 251, 302, -553, -165, 366, 414, 341, 151, 102, 
34, -522, -556, 244, 295, -539, -151, 375, 453, 351, 156, 92, 
24, -507, -531, 241, 278, -519, -146, 375, 473, 361, 156, 102, 
24, -497, -522, 236, 273, -509, -146, 361, 473, 361, 156, 102, 
24, -478, -502, 226, 263, -490, -141, 322, 473, 375, 175, 117, 
9, -463, -473, 226, 241, -468, -146, 307, 473, 385, 185, 136, 
9, -458, -468, 224, 239, -463, -156, 292, 473, 395, 185, 141, 
14, -458, -473, 222, 244, -466, -156, 287, 478, 409, 190, 141, 
0, -473, -473, 236, 236, -473, -156, 283, 478, 405, 180, 136, 
0, -473, -473, 236, 236, -473, -156, 283, 478, 405, 175, 122, 
-4, -478, -473, 241, 234, -475, -151, 287, 492, 395, 170, 112, 
-4, -478, -473, 241, 234, -475, -151, 287, 497, 390, 170, 102, 
-14, -468, -453, 241, 219, -461, -151, 278, 497, 390, 161, 107, 
-14, -468, -453, 241, 219, -461, -151, 278, 497, 380, 161, 102, 
-14, -463, -448, 239, 217, -456, -151, 273, 497, 380, 161, 102, 
-14, -458, -444, 236, 214, -451, -151, 273, 497, 380, 161, 107, 
-4, -458, -453, 231, 224, -456, -156, 273, 497, 390, 175, 112, 
-4, -458, -453, 231, 224, -456, -156, 268, 492, 400, 175, 112, 
-9, -458, -448, 234, 219, -453, -151, 268, 492, 400, 180, 117, 
-9, -458, -448, 234, 219, -453, -151, 268, 497, 400, 185, 117, 
-4, -473, -468, 239, 231, -470, -151, 268, 502, 395, 180, 107, 
-4, -473, -468, 239, 231, -470, -151, 268, 502, 390, 170, 107, 
-4, -473, -468, 239, 231, -470, -151, 268, 507, 380, 165, 107, 
-4, -473, -468, 239, 231, -470, -151, 268, 507, 375, 161, 97, 
-9, -468, -458, 239, 224, -463, -156, 268, 507, 385, 161, 107, 
-9, -463, -453, 236, 222, -458, -156, 268, 507, 385, 161, 107, 
-4, -458, -453, 231, 224, -456, -156, 268, 507, 395, 161, 112, 
0, -444, -444, 222, 222, -444, -156, 268, 507, 400, 161, 112, 
9, -453, -463, 222, 236, -458, -156, 278, 497, 405, 161, 107, 
4, -458, -463, 226, 234, -461, -156, 278, 502, 405, 161, 107, 
4, -458, -463, 226, 234, -461, -156, 278, 507, 405, 161, 107, 
9, -458, -468, 224, 239, -463, -156, 278, 512, 409, 161, 107, 
9, -458, -468, 224, 239, -463, -165, 268, 502, 405, 161, 97, 
9, -453, -463, 222, 236, -458, -161, 268, 502, 400, 161, 97, 
9, -453, -463, 222, 236, -458, -161, 268, 502, 395, 161, 97, 
9, -453, -463, 222, 236, -458, -161, 268, 507, 390, 161, 97, 
0, -444, -444, 222, 222, -444, -161, 268, 517, 390, 161, 97, 
4, -444, -448, 219, 226, -446, -161, 268, 517, 390, 161, 102, 
4, -444, -448, 219, 226, -446, -161, 268, 517, 390, 161, 102, 
4, -444, -448, 219, 226, -446, -161, 268, 517, 395, 161, 102, 
-4, -444, -439, 224, 217, -441, -161, 268, 512, 400, 165, 102, 
-4, -444, -439, 224, 217, -441, -161, 268, 512, 400, 165, 97, 
-4, -444, -439, 224, 217, -441, -161, 268, 512, 400, 165, 97, 
-14, -434, -419, 224, 202, -427, -161, 268, 517, 400, 165, 97, 
-14, -444, -429, 229, 207, -436, -161, 268, 517, 400, 161, 97, 
-9, -444, -434, 226, 212, -439, -161, 268, 517, 400, 161, 102, 
-4, -439, -434, 222, 214, -436, -161, 268, 517, 400, 156, 102, 
-4, -439, -434, 222, 214, -436, -161, 273, 517, 400, 151, 102, 
0, -434, -434, 217, 217, -434, -170, 263, 517, 400, 156, 97, 
0, -434, -434, 217, 217, -434, -170, 263, 517, 405, 156, 97, 
4, -434, -439, 214, 222, -436, -170, 263, 517, 409, 156, 97, 
14, -434, -448, 209, 231, -441, -170, 263, 522, 409, 156, 97, 
24, -424, -448, 200, 236, -436, -161, 273, 522, 409, 165, 102, 
14, -424, -439, 204, 226, -431, -156, 273, 527, 409, 165, 102, 
14, -424, -439, 204, 226, -431, -156, 273, 527, 409, 165, 97, 
19, -424, -444, 202, 231, -434, -161, 268, 527, 409, 165, 97, 
9, -434, -444, 212, 226, -439, -170, 268, 527, 405, 165, 97, 
4, -434, -439, 214, 222, -436, -170, 268, 531, 409, 165, 97, 
4, -434, -439, 214, 222, -436, -170, 268, 531, 409, 165, 102, 
4, -434, -439, 214, 222, -436, -170, 273, 531, 409, 170, 102, 
-4, -439, -434, 222, 214, -436, -161, 273, 536, 414, 165, 92, 
-4, -439, -434, 222, 214, -436, -161, 273, 541, 414, 161, 92, 
-4, -444, -439, 224, 217, -441, -161, 273, 541, 414, 156, 92, 
-4, -448, -444, 226, 219, -446, -161, 278, 541, 414, 151, 92, 
9, -439, -448, 214, 229, -444, -161, 278, 531, 414, 165, 102, 
9, -439, -448, 214, 229, -444, -161, 278, 536, 414, 165, 102, 
9, -439, -448, 214, 229, -444, -161, 278, 536, 419, 165, 102, 
14, -439, -453, 212, 234, -446, -161, 283, 546, 424, 170, 102, 
14, -429, -444, 207, 229, -436, -170, 283, 546, 414, 170, 107, 
14, -429, -444, 207, 229, -436, -170, 283, 551, 419, 170, 107, 
14, -429, -444, 207, 229, -436, -170, 283, 556, 419, 170, 107, 
14, -429, -444, 207, 229, -436, -170, 283, 556, 419, 170, 107, 
9, -439, -448, 214, 229, -444, -161, 283, 556, 424, 175, 112, 
9, -439, -448, 214, 229, -444, -161, 283, 561, 429, 180, 112, 
4, -439, -444, 217, 224, -441, -161, 283, 566, 434, 185, 112, 
4, -439, -444, 217, 224, -441, -161, 287, 570, 439, 185, 112, 
19, -429, -448, 204, 234, -439, -170, 287, 561, 439, 185, 112, 
19, -429, -448, 204, 234, -439, -170, 287, 566, 444, 195, 112, 
19, -429, -448, 204, 234, -439, -170, 292, 570, 448, 195, 117, 
19, -424, -444, 202, 231, -434, -170, 292, 575, 453, 195, 117, 
24, -409, -434, 192, 229, -422, -170, 292, 590, 458, 204, 126, 
24, -409, -434, 192, 229, -422, -170, 297, 595, 458, 209, 126, 
24, -405, -429, 190, 226, -417, -170, 297, 600, 463, 214, 131, 
29, -405, -434, 187, 231, -419, -170, 297, 610, 468, 219, 136, 
19, -414, -434, 197, 226, -424, -170, 302, 614, 483, 229, 136, 
19, -409, -429, 195, 224, -419, -170, 307, 619, 488, 234, 136, 
19, -409, -429, 195, 224, -419, -170, 312, 624, 492, 239, 146, 
24, -409, -434, 192, 229, -422, -170, 317, 634, 497, 244, 151, 
29, -400, -429, 185, 229, -414, -180, 317, 634, 507, 244, 156, 
34, -395, -429, 180, 231, -412, -185, 322, 639, 512, 248, 161, 
48, -395, -444, 173, 246, -419, -185, 322, 644, 527, 258, 161, 
58, -390, -448, 165, 253, -419, -185, 322, 644, 527, 268, 165, 
53, -380, -434, 163, 244, -407, -185, 326, 653, 531, 273, 170, 
53, -375, -429, 161, 241, -402, -190, 331, 673, 541, 283, 175, 
58, -366, -424, 153, 241, -395, -190, 336, 688, 551, 287, 180, 
63, -356, -419, 146, 241, -387, -195, 341, 702, 556, 292, 180, 
58, -361, -419, 151, 239, -390, -185, 346, 697, 561, 307, 200, 
58, -356, -414, 148, 236, -385, -190, 351, 707, 561, 317, 209, 
58, -351, -409, 146, 234, -380, -190, 351, 707, 575, 317, 214, 
63, -346, -409, 141, 236, -378, -200, 351, 712, 580, 331, 219, 
78, -331, -409, 126, 244, -370, -204, 351, 736, 600, 341, 219, 
78, -326, -405, 124, 241, -366, -204, 351, 741, 605, 351, 224, 
78, -322, -400, 122, 239, -361, -204, 351, 746, 610, 361, 229, 
87, -317, -405, 114, 246, -361, -200, 351, 751, 614, 361, 229, 
87, -322, -409, 117, 248, -366, -200, 361, 751, 614, 366, 244, 
87, -317, -405, 114, 246, -361, -204, 361, 751, 619, 366, 258, 
87, -312, -400, 112, 244, -356, -209, 361, 756, 619, 370, 258, 
97, -307, -405, 104, 251, -356, -219, 356, 756, 619, 380, 263, 
97, -302, -400, 102, 248, -351, -219, 346, 761, 614, 385, 268, 
97, -297, -395, 100, 246, -346, -224, 346, 761, 619, 390, 273, 
97, -292, -390, 97, 244, -341, -224, 346, 761, 624, 390, 278, 
97, -287, -385, 95, 241, -336, -224, 346, 756, 629, 390, 283, 
97, -283, -380, 92, 239, -331, -229, 336, 756, 629, 405, 287, 
102, -283, -385, 90, 244, -334, -234, 336, 756, 629, 409, 292, 
102, -283, -385, 90, 244, -334, -234, 331, 756, 629, 409, 297, 
107, -273, -380, 82, 244, -326, -234, 326, 751, 629, 409, 297, 
97, -268, -366, 85, 231, -317, -234, 331, 741, 629, 400, 297, 
102, -268, -370, 82, 236, -319, -239, 326, 741, 624, 400, 302, 
102, -263, -366, 80, 234, -314, -239, 326, 741, 624, 409, 307, 
102, -258, -361, 78, 231, -309, -239, 326, 741, 624, 409, 312, 
112, -263, -375, 75, 244, -319, -244, 322, 722, 624, 409, 317, 
112, -258, -370, 73, 241, -314, -244, 317, 717, 624, 405, 322, 
112, -253, -366, 70, 239, -309, -244, 312, 712, 624, 405, 322, 
112, -253, -366, 70, 239, -309, -244, 312, 702, 624, 405, 317, 
112, -248, -361, 68, 236, -305, -248, 297, 707, 614, 395, 307, 
107, -244, -351, 68, 229, -297, -248, 287, 697, 610, 395, 307, 
102, -239, -341, 68, 222, -290, -248, 287, 692, 595, 395, 307, 
102, -234, -336, 65, 219, -285, -248, 278, 683, 585, 385, 302, 
102, -234, -336, 65, 219, -285, -248, 283, 673, 580, 380, 297, 
102, -234, -336, 65, 219, -285, -244, 283, 663, 580, 370, 292, 
97, -234, -331, 68, 214, -283, -244, 278, 653, 570, 366, 287, 
97, -234, -331, 68, 214, -283, -244, 273, 649, 566, 356, 278, 
87, -244, -331, 78, 209, -287, -244, 258, 629, 551, 336, 273, 
87, -244, -331, 78, 209, -287, -244, 258, 619, 541, 331, 263, 
82, -253, -336, 85, 209, -295, -239, 253, 610, 531, 317, 258, 
73, -258, -331, 92, 202, -295, -234, 248, 595, 527, 312, 244, 
73, -263, -336, 95, 204, -300, -224, 248, 590, 512, 292, 239, 
73, -268, -341, 97, 207, -305, -224, 244, 580, 497, 283, 234, 
73, -273, -346, 100, 209, -309, -224, 239, 561, 488, 278, 224, 
73, -283, -356, 104, 214, -319, -219, 234, 551, 473, 263, 214, 
58, -292, -351, 117, 204, -322, -219, 239, 536, 473, 253, 214, 
53, -297, -351, 122, 202, -324, -219, 234, 536, 463, 244, 209, 
53, -297, -351, 122, 202, -324, -219, 234, 527, 453, 239, 204, 
48, -302, -351, 126, 200, -326, -219, 229, 517, 444, 224, 195, 
53, -312, -366, 129, 209, -339, -219, 229, 507, 424, 219, 185, 
53, -312, -366, 129, 209, -339, -219, 229, 497, 419, 209, 170, 
48, -317, -366, 134, 207, -341, -209, 229, 492, 409, 200, 165, 
43, -326, -370, 141, 207, -348, -209, 224, 483, 400, 195, 161, 
39, -331, -370, 146, 204, -351, -209, 234, 473, 400, 185, 156, 
34, -336, -370, 151, 202, -353, -209, 224, 463, 395, 180, 151, 
29, -346, -375, 158, 202, -361, -209, 224, 458, 385, 175, 146, 
19, -356, -375, 168, 197, -366, -204, 229, 448, 375, 170, 141, 
29, -361, -390, 165, 209, -375, -214, 224, 448, 375, 165, 131, 
29, -361, -390, 165, 209, -375, -214, 214, 444, 370, 151, 126, 
24, -366, -390, 170, 207, -378, -214, 209, 439, 356, 151, 126, 
19, -366, -385, 173, 202, -375, -214, 204, 439, 356, 146, 122, 
19, -375, -395, 178, 207, -385, -219, 204, 434, 341, 131, 107, 
19, -380, -400, 180, 209, -390, -219, 204, 434, 331, 126, 107, 
19, -380, -400, 180, 209, -390, -214, 204, 429, 326, 122, 102, 
19, -380, -400, 180, 209, -390, -214, 204, 429, 326, 122, 97, 
4, -385, -390, 190, 197, -387, -214, 204, 424, 326, 122, 107, 
4, -390, -395, 192, 200, -392, -209, 204, 414, 326, 117, 107, 
4, -395, -400, 195, 202, -397, -209, 209, 409, 322, 117, 107, 
4, -400, -405, 197, 204, -402, -209, 209, 405, 317, 112, 102, 
9, -395, -405, 192, 207, -400, -204, 214, 414, 317, 107, 102, 
14, -390, -405, 187, 209, -397, -204, 219, 414, 312, 107, 102, 
19, -385, -405, 183, 212, -395, -200, 224, 405, 307, 102, 97, 
24, -390, -414, 183, 219, -402, -195, 229, 405, 302, 102, 97, 
14, -405, -419, 195, 217, -412, -204, 229, 405, 297, 92, 97, 
14, -405, -419, 195, 217, -412, -200, 229, 405, 297, 92, 92, 
14, -405, -419, 195, 217, -412, -200, 229, 405, 297, 87, 92, 
9, -405, -414, 197, 212, -409, -200, 229, 405, 297, 87, 92, 
0, -414, -414, 207, 207, -414, -200, 229, 395, 287, 82, 78, 
0, -414, -414, 207, 207, -414, -195, 234, 400, 287, 82, 78, 
4, -419, -424, 207, 214, -422, -195, 244, 400, 287, 82, 78, 
4, -419, -424, 207, 214, -422, -190, 244, 400, 287, 82, 78, 
4, -409, -414, 202, 209, -412, -200, 234, 400, 287, 78, 87, 
9, -419, -429, 204, 219, -424, -200, 234, 405, 287, 78, 82, 
14, -419, -434, 202, 224, -427, -200, 234, 405, 287, 78, 82, 
19, -419, -439, 200, 229, -429, -200, 234, 405, 283, 73, 82, 
9, -419, -429, 204, 219, -424, -185, 244, 414, 283, 73, 82, 
4, -419, -424, 207, 214, -422, -185, 244, 414, 287, 73, 82, 
4, -419, -424, 207, 214, -422, -190, 248, 414, 287, 78, 78, 
4, -419, -424, 207, 214, -422, -190, 253, 419, 292, 78, 78, 
4, -419, -424, 207, 214, -422, -190, 248, 409, 292, 78, 73, 
9, -419, -429, 204, 219, -424, -185, 248, 414, 292, 78, 73, 
9, -419, -429, 204, 219, -424, -185, 248, 419, 292, 78, 68, 
9, -424, -434, 207, 222, -429, -185, 253, 419, 292, 78, 68, 
19, -424, -444, 202, 231, -434, -185, 253, 419, 292, 68, 68, 
19, -419, -439, 200, 229, -429, -185, 253, 429, 292, 68, 68, 
24, -419, -444, 197, 234, -431, -185, 258, 429, 292, 73, 68, 
24, -419, -444, 197, 234, -431, -185, 258, 429, 297, 73, 63, 
24, -424, -448, 200, 236, -436, -190, 268, 429, 287, 73, 63, 
19, -424, -444, 202, 231, -434, -190, 268, 429, 287, 73, 68, 
19, -424, -444, 202, 231, -434, -190, 268, 429, 297, 73, 68, 
19, -424, -444, 202, 231, -434, -190, 268, 434, 297, 78, 68, 
29, -409, -439, 190, 234, -424, -190, 268, 448, 297, 78, 73, 
29, -409, -439, 190, 234, -424, -190, 268, 448, 302, 78, 73, 
29, -409, -439, 190, 234, -424, -190, 268, 448, 302, 78, 73, 
29, -409, -439, 190, 234, -424, -185, 268, 448, 302, 78, 73, 
24, -409, -434, 192, 229, -422, -185, 273, 444, 302, 82, 73, 
24, -414, -439, 195, 231, -427, -185, 273, 444, 302, 82, 73, 
24, -414, -439, 195, 231, -427, -185, 278, 448, 302, 82, 73, 
24, -409, -434, 192, 229, -422, -185, 278, 453, 312, 82, 73, 
19, -419, -439, 200, 229, -429, -180, 287, 453, 312, 87, 73, 
19, -419, -439, 200, 229, -429, -180, 287, 453, 312, 92, 82, 
19, -419, -439, 200, 229, -429, -175, 287, 453, 317, 97, 82, 
24, -419, -444, 197, 234, -431, -175, 287, 453, 317, 97, 82, 
24, -409, -434, 192, 229, -422, -175, 287, 458, 317, 87, 82, 
19, -409, -429, 195, 224, -419, -175, 287, 458, 317, 92, 82, 
19, -409, -429, 195, 224, -419, -175, 287, 458, 322, 92, 82, 
19, -409, -429, 195, 224, -419, -175, 287, 458, 322, 92, 82, 
14, -409, -424, 197, 219, -417, -185, 278, 453, 322, 97, 78, 
19, -409, -429, 195, 224, -419, -185, 278, 453, 322, 97, 87, 
19, -409, -429, 195, 224, -419, -185, 283, 453, 326, 102, 87, 
19, -409, -429, 195, 224, -419, -185, 283, 458, 326, 102, 87, 
19, -409, -429, 195, 224, -419, -185, 283, 458, 326, 102, 87, 
24, -409, -434, 192, 229, -422, -185, 283, 458, 326, 102, 87, 
24, -400, -424, 187, 224, -412, -185, 283, 453, 326, 102, 87, 
24, -400, -424, 187, 224, -412, -185, 278, 453, 326, 102, 87, 
29, -395, -424, 183, 226, -409, -185, 287, 453, 317, 117, 92, 
29, -395, -424, 183, 226, -409, -185, 287, 453, 312, 117, 92, 
34, -390, -424, 178, 229, -407, -185, 287, 453, 312, 117, 92, 
39, -385, -424, 173, 231, -405, -185, 287, 453, 317, 122, 97, 
48, -395, -444, 173, 246, -419, -185, 278, 453, 326, 112, 87, 
48, -395, -444, 173, 246, -419, -185, 278, 453, 322, 107, 87, 
48, -395, -444, 173, 246, -419, -185, 278, 453, 322, 107, 87, 
48, -395, -444, 173, 246, -419, -190, 273, 448, 322, 107, 82, 
39, -395, -434, 178, 236, -414, -185, 283, 444, 312, 97, 87, 
39, -395, -434, 178, 236, -414, -185, 278, 444, 312, 97, 87, 
39, -395, -434, 178, 236, -414, -185, 278, 444, 312, 97, 92, 
39, -395, -434, 178, 236, -414, -185, 278, 439, 312, 97, 92, 
43, -400, -444, 178, 244, -422, -195, 263, 429, 302, 97, 78, 
43, -400, -444, 178, 244, -422, -195, 263, 429, 302, 97, 78, 
43, -405, -448, 180, 246, -427, -195, 263, 424, 297, 97, 78, 
43, -405, -448, 180, 246, -427, -195, 263, 424, 297, 97, 78, 
39, -414, -453, 187, 246, -434, -200, 263, 424, 297, 87, 78, 
34, -414, -448, 190, 241, -431, -200, 263, 424, 297, 78, 78, 
29, -414, -444, 192, 236, -429, -200, 258, 419, 297, 78, 78, 
24, -414, -439, 195, 231, -427, -195, 258, 419, 297, 78, 78, 
34, -405, -439, 185, 236, -422, -195, 263, 419, 292, 78, 68, 
34, -405, -439, 185, 236, -422, -200, 263, 414, 292, 78, 68, 
34, -405, -439, 185, 236, -422, -200, 263, 414, 292, 78, 68, 
34, -405, -439, 185, 236, -422, -200, 263, 414, 292, 78, 63, 
34, -405, -439, 185, 236, -422, -195, 263, 414, 287, 78, 73, 
29, -405, -434, 187, 231, -419, -195, 263, 409, 287, 78, 73, 
29, -405, -434, 187, 231, -419, -190, 263, 409, 287, 78, 73, 
34, -405, -439, 185, 236, -422, -190, 268, 409, 287, 78, 73, 
43, -405, -448, 180, 246, -427, -195, 258, 409, 273, 73, 63, 
39, -405, -444, 183, 241, -424, -195, 253, 405, 273, 68, 63, 
39, -405, -444, 183, 241, -424, -200, 253, 405, 273, 68, 63, 
39, -409, -448, 185, 244, -429, -204, 253, 409, 273, 68, 63, 
34, -409, -444, 187, 239, -427, -200, 253, 409, 268, 58, 63, 
34, -409, -444, 187, 239, -427, -200, 253, 409, 268, 58, 58, 
34, -409, -444, 187, 239, -427, -200, 248, 405, 268, 58, 58, 
34, -409, -444, 187, 239, -427, -200, 248, 405, 268, 58, 58, 
34, -409, -444, 187, 239, -427, -200, 263, 405, 278, 58, 58, 
34, -409, -444, 187, 239, -427, -200, 263, 400, 278, 58, 63, 
34, -409, -444, 187, 239, -427, -200, 263, 400, 278, 58, 63, 
34, -405, -439, 185, 236, -422, -200, 258, 400, 278, 53, 63, 
34, -414, -448, 190, 241, -431, -200, 258, 400, 268, 53, 63, 
34, -414, -448, 190, 241, -431, -200, 258, 400, 268, 53, 63, 
39, -414, -453, 187, 246, -434, -200, 263, 395, 268, 53, 63, 
39, -414, -453, 187, 246, -434, -200, 263, 395, 268, 53, 63, 
39, -419, -458, 190, 248, -439, -200, 248, 390, 258, 43, 58, 
34, -419, -453, 192, 244, -436, -200, 248, 390, 258, 43, 53, 
34, -419, -453, 192, 244, -436, -200, 248, 390, 258, 48, 48, 
34, -419, -453, 192, 244, -436, -200, 248, 390, 258, 48, 43, 
24, -409, -434, 192, 229, -422, -209, 248, 390, 258, 43, 53, 
34, -414, -448, 190, 241, -431, -209, 248, 385, 258, 43, 53, 
34, -414, -448, 190, 241, -431, -209, 248, 385, 258, 43, 48, 
34, -414, -448, 190, 241, -431, -209, 248, 385, 258, 43, 43, 
24, -424, -448, 200, 236, -436, -200, 248, 380, 258, 43, 43, 
24, -429, -453, 202, 239, -441, -204, 248, 380, 258, 43, 43, 
24, -429, -453, 202, 239, -441, -204, 248, 380, 253, 39, 43, 
24, -424, -448, 200, 236, -436, -204, 248, 380, 253, 39, 48, 
29, -424, -453, 197, 241, -439, -204, 248, 385, 263, 48, 48, 
24, -424, -448, 200, 236, -436, -204, 248, 385, 263, 48, 43, 
24, -424, -448, 200, 236, -436, -204, 248, 385, 263, 48, 43, 
29, -424, -453, 197, 241, -439, -204, 248, 385, 263, 48, 39, 
29, -414, -444, 192, 236, -429, -204, 258, 385, 263, 39, 39, 
29, -414, -444, 192, 236, -429, -204, 258, 385, 263, 39, 43, 
34, -409, -444, 187, 239, -427, -204, 258, 385, 263, 39, 43, 
34, -409, -444, 187, 239, -427, -204, 258, 375, 263, 39, 43, 
29, -424, -453, 197, 241, -439, -204, 248, 375, 253, 34, 34, 
29, -434, -463, 202, 246, -448, -204, 248, 370, 253, 34, 34, 
48, -419, -468, 185, 258, -444, -214, 248, 370, 253, 39, 34, 
39, -419, -458, 190, 248, -439, -214, 248, 370, 253, 29, 34, 
19, -439, -458, 209, 239, -448, -214, 244, 380, 253, 39, 29, 
29, -434, -463, 202, 246, -448, -214, 244, 380, 253, 39, 39, 
29, -429, -458, 200, 244, -444, -214, 244, 380, 253, 39, 39, 
29, -424, -453, 197, 241, -439, -214, 244, 380, 253, 39, 39, 
29, -419, -448, 195, 239, -434, -214, 244, 380, 253, 39, 39, 
39, -409, -448, 185, 244, -429, -204, 244, 370, 253, 29, 34, 
39, -409, -448, 185, 244, -429, -209, 244, 370, 253, 29, 34, 
39, -409, -448, 185, 244, -429, -209, 244, 375, 253, 29, 29, 
34, -409, -444, 187, 239, -427, -204, 244, 375, 253, 29, 29, 
34, -405, -439, 185, 236, -422, -204, 253, 385, 244, 34, 39, 
34, -400, -434, 183, 234, -417, -204, 253, 380, 244, 34, 43, 
39, -400, -439, 180, 239, -419, -204, 253, 380, 253, 34, 43, 
43, -395, -439, 175, 241, -417, -200, 253, 380, 258, 34, 43, 
53, -395, -448, 170, 251, -422, -200, 258, 395, 263, 39, 48, 
53, -390, -444, 168, 248, -417, -195, 263, 400, 268, 43, 48, 
53, -390, -444, 168, 248, -417, -185, 273, 405, 273, 43, 53, 
53, -385, -439, 165, 246, -412, -180, 273, 409, 278, 53, 58, 
43, -370, -414, 163, 229, -392, -165, 287, 405, 273, 48, 63, 
43, -361, -405, 158, 224, -383, -161, 292, 409, 278, 48, 63, 
48, -356, -405, 153, 226, -380, -156, 297, 414, 283, 58, 63, 
48, -351, -400, 151, 224, -375, -156, 302, 414, 283, 58, 68, 
43, -346, -390, 151, 217, -368, -151, 312, 419, 292, 58, 58, 
43, -346, -390, 151, 217, -368, -146, 312, 424, 292, 58, 58, 
43, -346, -390, 151, 217, -368, -146, 307, 429, 292, 63, 58, 
43, -341, -385, 148, 214, -363, -146, 307, 434, 297, 63, 58, 
53, -331, -385, 139, 219, -358, -156, 322, 439, 297, 63, 58, 
53, -331, -385, 139, 219, -358, -156, 326, 444, 297, 63, 63, 
53, -326, -380, 136, 217, -353, -156, 326, 448, 307, 63, 68, 
58, -317, -375, 129, 217, -346, -161, 322, 448, 307, 68, 68, 
58, -326, -385, 134, 222, -356, -161, 312, 434, 297, 58, 68, 
53, -322, -375, 134, 214, -348, -175, 312, 429, 292, 58, 63, 
53, -322, -375, 134, 214, -348, -185, 292, 424, 292, 58, 63, 
53, -322, -375, 134, 214, -348, -190, 278, 424, 292, 58, 63, 
63, -312, -375, 124, 219, -344, -190, 263, 419, 292, 58, 68, 
63, -307, -370, 122, 217, -339, -200, 248, 419, 287, 58, 68, 
63, -302, -366, 119, 214, -334, -204, 244, 414, 287, 63, 68, 
63, -302, -366, 119, 214, -334, -214, 239, 414, 287, 63, 68, 
53, -312, -366, 129, 209, -339, -234, 229, 405, 287, 63, 68, 
53, -312, -366, 129, 209, -339, -239, 224, 400, 287, 63, 68, 
53, -307, -361, 126, 207, -334, -239, 224, 400, 287, 63, 68, 
53, -307, -361, 126, 207, -334, -239, 224, 395, 287, 58, 73, 
53, -302, -356, 124, 204, -329, -229, 224, 395, 278, 68, 73, 
53, -302, -356, 124, 204, -329, -229, 224, 395, 278, 68, 73, 
58, -302, -361, 122, 209, -331, -234, 224, 395, 278, 68, 73, 
63, -307, -370, 122, 217, -339, -234, 224, 390, 278, 68, 73, 
53, -322, -375, 134, 214, -348, -234, 224, 385, 273, 58, 68, 
48, -331, -380, 141, 214, -356, -234, 224, 380, 263, 48, 68, 
39, -336, -375, 148, 207, -356, -234, 224, 375, 258, 48, 68, 
48, -341, -390, 146, 219, -366, -234, 219, 370, 258, 53, 68, 
58, -341, -400, 141, 229, -370, -244, 219, 380, 263, 53, 68, 
58, -341, -400, 141, 229, -370, -244, 219, 380, 268, 53, 73, 
58, -346, -405, 143, 231, -375, -244, 224, 385, 268, 53, 78, 
58, -346, -405, 143, 231, -375, -239, 229, 385, 268, 58, 78, 
53, -356, -409, 151, 231, -383, -234, 229, 370, 268, 58, 68, 
48, -361, -409, 156, 229, -385, -229, 229, 366, 263, 58, 63, 
43, -375, -419, 165, 231, -397, -224, 229, 361, 253, 53, 63, 
39, -390, -429, 175, 234, -409, -219, 229, 356, 248, 48, 63, 
39, -405, -444, 183, 241, -424, -229, 214, 351, 234, 43, 58, 
39, -414, -453, 187, 246, -434, -229, 214, 351, 229, 34, 48, 
43, -424, -468, 190, 256, -446, -229, 214, 346, 224, 29, 43, 
43, -429, -473, 192, 258, -451, -229, 209, 341, 209, 24, 39, 
43, -429, -473, 192, 258, -451, -229, 219, 336, 214, 9, 34, 
39, -439, -478, 200, 258, -458, -229, 219, 326, 214, 4, 29, 
39, -439, -478, 200, 258, -458, -224, 224, 326, 214, 4, 24, 
39, -439, -478, 200, 258, -458, -219, 229, 331, 214, 4, 19, 
29, -429, -458, 200, 244, -444, -214, 229, 341, 234, 14, 19, 
29, -434, -463, 202, 246, -448, -214, 234, 341, 234, 14, 19, 
29, -434, -463, 202, 246, -448, -214, 234, 341, 234, 14, 19, 
29, -434, -463, 202, 246, -448, -209, 234, 346, 229, 14, 14, 
29, -439, -468, 204, 248, -453, -209, 234, 346, 219, 4, 14, 
29, -444, -473, 207, 251, -458, -209, 234, 346, 219, 0, 14, 
24, -444, -468, 209, 246, -456, -209, 234, 341, 219, 0, 14, 
24, -444, -468, 209, 246, -456, -209, 234, 341, 214, -4, 14, 
29, -434, -463, 202, 246, -448, -224, 229, 326, 214, -4, 14, 
34, -434, -468, 200, 251, -451, -224, 229, 326, 209, -4, 14, 
34, -439, -473, 202, 253, -456, -224, 229, 326, 209, -9, 14, 
29, -439, -468, 204, 248, -453, -224, 229, 331, 214, -9, 14, 
29, -444, -473, 207, 251, -458, -224, 229, 331, 214, -4, 14, 
24, -448, -473, 212, 248, -461, -224, 234, 331, 214, -4, 14, 
24, -448, -473, 212, 248, -461, -219, 234, 336, 219, -4, 14, 
24, -453, -478, 214, 251, -466, -219, 234, 336, 219, 0, 14, 
24, -453, -478, 214, 251, -466, -219, 234, 326, 219, 0, 14, 
29, -453, -483, 212, 256, -468, -224, 234, 326, 219, 0, 14, 
29, -453, -483, 212, 256, -468, -224, 234, 326, 219, 0, 14, 
24, -458, -483, 217, 253, -470, -224, 234, 326, 219, 0, 14, 
14, -458, -473, 222, 244, -466, -224, 239, 336, 219, 0, 14, 
14, -453, -468, 219, 241, -461, -204, 248, 336, 214, -4, 4, 
4, -478, -483, 236, 244, -480, -180, 273, 336, 195, -34, -14, 
0, -512, -512, 256, 256, -512, -141, 322, 361, 175, -73, -58, 
0, -531, -531, 265, 265, -531, -107, 400, 400, 146, -117, -97, 
9, -551, -561, 270, 285, -556, -48, 478, 453, 131, -170, -136, 
19, -546, -566, 263, 292, -556, 0, 551, 502, 117, -209, -165, 
9, -566, -575, 278, 292, -570, 19, 585, 522, 102, -239, -185, 
-4, -566, -561, 285, 278, -563, 29, 595, 522, 92, -248, -195, 
0, -522, -522, 261, 261, -522, 4, 556, 512, 112, -224, -170, 
14, -414, -429, 200, 222, -422, -39, 488, 502, 165, -151, -112, 
53, -263, -317, 104, 185, -290, -92, 429, 531, 283, -29, -14, 
92, -117, -209, 12, 151, -163, -151, 395, 595, 448, 136, 117, 
136, 39, -97, -87, 117, -29, -214, 341, 668, 658, 351, 283, 
195, 190, -4, -192, 100, 92, -278, 297, 732, 844, 561, 448, 
244, 312, 68, -278, 87, 190, -292, 297, 771, 1000, 775, 614, 
297, 405, 107, -351, 95, 256, -302, 297, 814, 1190, 1024, 795, 
351, 468, 117, -409, 117, 292, -322, 278, 878, 1449, 1307, 990, 
385, 517, 131, -451, 126, 324, -322, 248, 888, 1634, 1527, 1132, 
414, 556, 141, -485, 136, 348, -273, 244, 824, 1717, 1639, 1210, 
463, 575, 112, -519, 175, 344, -248, 244, 766, 1756, 1712, 1288, 
527, 570, 43, -549, 241, 307, -292, 209, 741, 1810, 1751, 1346, 
575, 468, -107, -522, 341, 180, -336, 146, 658, 1839, 1712, 1337, 
600, 248, -351, -424, 475, -51, -424, 29, 488, 1776, 1576, 1254, 
619, -4, -624, -307, 622, -314, -590, -161, 278, 1634, 1424, 1171, 
624, -180, -805, -222, 714, -492, -775, -366, 58, 1410, 1249, 1098, 
614, -317, -932, -148, 773, -624, -902, -492, -180, 1083, 1039, 1019, 
575, -400, -976, -87, 775, -688, -966, -546, -409, 683, 800, 932, 
478, -429, -907, -24, 692, -668, -961, -566, -614, 190, 497, 810, 
346, -453, -800, 53, 573, -627, -893, -517, -746, -322, 146, 614, 
253, -507, -761, 126, 507, -634, -771, -385, -741, -512, -58, 434, 
209, -570, -780, 180, 495, -675, -678, -219, -605, -405, -87, 317, 
170, -595, -766, 212, 468, -680, -605, -102, -434, -283, -82, 239, 
136, -585, -722, 224, 429, -653, -536, -24, -287, -200, -102, 165, 
117, -575, -692, 229, 405, -634, -463, 68, -161, -107, -92, 92, 
97, -575, -673, 239, 385, -624, -380, 170, -29, -9, -87, 34, 
68, -551, -619, 241, 344, -585, -307, 253, 73, 68, -63, 24, 
58, -522, -580, 231, 319, -551, -253, 312, 165, 131, -39, 39, 
68, -517, -585, 224, 326, -551, -219, 356, 239, 175, -9, 34, 
73, -507, -580, 217, 326, -544, -185, 395, 307, 204, 4, 24, 
73, -492, -566, 209, 319, -529, -180, 405, 346, 214, 9, 24, 
73, -468, -541, 197, 307, -505, -175, 405, 375, 214, 9, 24, 
63, -458, -522, 197, 292, -490, -175, 390, 385, 214, 19, 14, 
53, -448, -502, 197, 278, -475, -180, 361, 375, 219, 19, 29, 
58, -434, -492, 187, 275, -463, -185, 326, 375, 229, 29, 39, 
58, -419, -478, 180, 268, -448, -185, 312, 366, 239, 39, 53, 
53, -419, -473, 183, 263, -446, -185, 307, 370, 244, 34, 63, 
39, -434, -473, 197, 256, -453, -185, 302, 380, 248, 34, 58, 
39, -434, -473, 197, 256, -453, -185, 302, 380, 248, 29, 43, 
34, -439, -473, 202, 253, -456, -180, 307, 395, 239, 24, 34, 
34, -439, -473, 202, 253, -456, -180, 307, 400, 234, 24, 24, 
34, -439, -473, 202, 253, -456, -180, 307, 400, 234, 4, 19, 
34, -439, -473, 202, 253, -456, -180, 307, 400, 224, 4, 14, 
34, -434, -468, 200, 251, -451, -180, 302, 400, 224, 4, 14, 
34, -429, -463, 197, 248, -446, -180, 302, 400, 224, 4, 19, 
34, -429, -463, 197, 248, -446, -185, 302, 400, 224, 9, 24, 
34, -429, -463, 197, 248, -446, -185, 297, 395, 234, 9, 24, 
29, -429, -458, 200, 244, -444, -180, 297, 395, 234, 14, 29, 
29, -429, -458, 200, 244, -444, -180, 297, 400, 234, 19, 29, 
34, -434, -468, 200, 251, -451, -190, 297, 395, 234, 19, 29, 
34, -434, -468, 200, 251, -451, -190, 297, 395, 234, 14, 29, 
34, -434, -468, 200, 251, -451, -190, 297, 400, 229, 14, 29, 
34, -434, -468, 200, 251, -451, -190, 297, 400, 229, 14, 19, 
29, -444, -473, 207, 251, -458, -185, 297, 409, 229, 14, 29, 
29, -444, -473, 207, 251, -458, -185, 297, 409, 229, 14, 29, 
34, -444, -478, 204, 256, -461, -185, 297, 409, 239, 14, 34, 
39, -434, -473, 197, 256, -453, -185, 297, 409, 244, 14, 34, 
48, -424, -473, 187, 261, -448, -185, 297, 400, 244, 14, 19, 
43, -429, -473, 192, 258, -451, -185, 297, 405, 239, 14, 19, 
43, -429, -473, 192, 258, -451, -185, 297, 409, 234, 14, 19, 
48, -429, -478, 190, 263, -453, -185, 297, 414, 234, 14, 19, 
48, -439, -488, 195, 268, -463, -195, 297, 405, 234, 14, 19, 
48, -434, -483, 192, 265, -458, -190, 297, 405, 234, 14, 19, 
48, -434, -483, 192, 265, -458, -190, 297, 405, 234, 14, 19, 
48, -434, -483, 192, 265, -458, -190, 297, 409, 234, 14, 19, 
43, -434, -478, 195, 261, -456, -190, 297, 409, 244, 14, 19, 
43, -434, -478, 195, 261, -456, -190, 297, 409, 244, 14, 24, 
39, -434, -473, 197, 256, -453, -190, 297, 409, 244, 14, 24, 
34, -434, -468, 200, 251, -451, -190, 297, 409, 248, 14, 24, 
34, -424, -458, 195, 246, -441, -190, 297, 414, 253, 19, 34, 
34, -424, -458, 195, 246, -441, -190, 297, 414, 253, 19, 29, 
34, -424, -458, 195, 246, -441, -190, 297, 414, 253, 19, 29, 
24, -414, -439, 195, 231, -427, -190, 297, 419, 253, 19, 29, 
24, -424, -448, 200, 236, -436, -180, 287, 429, 253, 19, 29, 
29, -424, -453, 197, 241, -439, -180, 287, 429, 253, 24, 34, 
34, -419, -453, 192, 244, -436, -180, 287, 429, 253, 24, 34, 
34, -419, -453, 192, 244, -436, -180, 292, 429, 253, 24, 34, 
34, -414, -448, 190, 241, -431, -190, 292, 419, 244, 9, 19, 
29, -414, -444, 192, 236, -429, -190, 292, 419, 248, 9, 19, 
29, -414, -444, 192, 236, -429, -190, 292, 419, 253, 9, 19, 
34, -414, -448, 190, 241, -431, -190, 292, 424, 253, 9, 19, 
43, -414, -458, 185, 251, -436, -180, 292, 434, 263, 19, 24, 
34, -414, -448, 190, 241, -431, -175, 292, 439, 263, 19, 24, 
34, -414, -448, 190, 241, -431, -175, 292, 439, 263, 19, 19, 
39, -414, -453, 187, 246, -434, -180, 287, 439, 263, 19, 19, 
48, -414, -463, 183, 256, -439, -180, 297, 439, 258, 19, 19, 
43, -414, -458, 185, 251, -436, -180, 297, 444, 263, 19, 19, 
43, -414, -458, 185, 251, -436, -180, 297, 444, 263, 19, 24, 
43, -414, -458, 185, 251, -436, -180, 302, 444, 263, 24, 24, 
43, -424, -468, 190, 256, -446, -180, 302, 439, 268, 14, 24, 
43, -419, -463, 187, 253, -441, -180, 302, 444, 268, 14, 24, 
43, -419, -463, 187, 253, -441, -180, 302, 444, 268, 14, 24, 
43, -419, -463, 187, 253, -441, -180, 307, 444, 268, 14, 24, 
39, -429, -468, 195, 253, -448, -190, 307, 444, 268, 19, 14, 
39, -429, -468, 195, 253, -448, -190, 307, 448, 268, 19, 14, 
39, -429, -468, 195, 253, -448, -190, 307, 448, 273, 19, 14, 
43, -429, -473, 192, 258, -451, -190, 312, 458, 278, 24, 14, 
53, -419, -473, 183, 263, -446, -190, 312, 448, 278, 24, 29, 
53, -419, -473, 183, 263, -446, -190, 312, 453, 283, 24, 29, 
53, -419, -473, 183, 263, -446, -190, 312, 458, 283, 24, 29, 
53, -419, -473, 183, 263, -446, -190, 312, 458, 283, 24, 29, 
58, -409, -468, 175, 263, -439, -180, 322, 468, 278, 29, 34, 
58, -409, -468, 175, 263, -439, -180, 322, 473, 283, 34, 34, 
53, -409, -463, 178, 258, -436, -180, 322, 478, 287, 39, 34, 
53, -409, -463, 178, 258, -436, -180, 326, 483, 292, 39, 34, 
58, -419, -478, 180, 268, -448, -190, 326, 483, 292, 39, 34, 
58, -419, -478, 180, 268, -448, -190, 326, 488, 297, 48, 34, 
58, -419, -478, 180, 268, -448, -190, 331, 492, 302, 48, 39, 
58, -414, -473, 178, 265, -444, -190, 331, 497, 307, 48, 39, 
53, -409, -463, 178, 258, -436, -190, 331, 492, 302, 48, 39, 
53, -409, -463, 178, 258, -436, -190, 336, 497, 302, 53, 39, 
53, -405, -458, 175, 256, -431, -190, 336, 502, 307, 58, 43, 
58, -405, -463, 173, 261, -434, -190, 336, 512, 312, 63, 48, 
58, -405, -463, 173, 261, -434, -180, 341, 517, 326, 63, 48, 
58, -400, -458, 170, 258, -429, -180, 346, 522, 331, 68, 48, 
58, -400, -458, 170, 258, -429, -180, 351, 527, 336, 73, 58, 
63, -400, -463, 168, 263, -431, -180, 356, 536, 341, 78, 63, 
63, -390, -453, 163, 258, -422, -190, 356, 551, 351, 97, 68, 
63, -385, -448, 161, 256, -417, -195, 361, 561, 356, 102, 73, 
73, -385, -458, 156, 265, -422, -195, 361, 570, 370, 112, 73, 
78, -380, -458, 151, 268, -419, -195, 361, 575, 370, 122, 78, 
82, -370, -453, 143, 268, -412, -204, 366, 580, 366, 117, 82, 
82, -366, -448, 141, 265, -407, -209, 370, 595, 375, 126, 87, 
87, -356, -444, 134, 265, -400, -209, 375, 605, 385, 131, 92, 
92, -346, -439, 126, 265, -392, -214, 380, 614, 390, 136, 92, 
107, -351, -458, 122, 283, -405, -204, 385, 619, 405, 141, 102, 
107, -346, -453, 119, 280, -400, -209, 390, 629, 405, 151, 112, 
107, -341, -448, 117, 278, -395, -209, 390, 629, 419, 151, 117, 
112, -336, -448, 112, 280, -392, -219, 390, 634, 424, 165, 122, 
117, -322, -439, 102, 278, -380, -224, 390, 649, 424, 175, 131, 
117, -317, -434, 100, 275, -375, -224, 390, 653, 429, 185, 136, 
117, -312, -429, 97, 273, -370, -224, 390, 658, 434, 195, 141, 
126, -307, -434, 90, 280, -370, -219, 390, 663, 439, 195, 141, 
117, -302, -419, 92, 268, -361, -219, 390, 673, 448, 209, 146, 
117, -297, -414, 90, 265, -356, -224, 390, 673, 453, 209, 161, 
117, -292, -409, 87, 263, -351, -229, 390, 678, 453, 214, 161, 
126, -287, -414, 80, 270, -351, -239, 385, 678, 453, 224, 165, 
136, -273, -409, 68, 273, -341, -239, 375, 673, 458, 229, 180, 
136, -268, -405, 65, 270, -336, -244, 375, 673, 463, 234, 185, 
136, -263, -400, 63, 268, -331, -244, 375, 673, 468, 234, 190, 
136, -258, -395, 61, 265, -326, -244, 375, 668, 473, 234, 195, 
136, -263, -400, 63, 268, -331, -248, 385, 678, 473, 248, 200, 
141, -263, -405, 61, 273, -334, -253, 385, 678, 473, 253, 204, 
141, -263, -405, 61, 273, -334, -253, 380, 678, 473, 253, 209, 
146, -253, -400, 53, 273, -326, -253, 375, 673, 473, 253, 209, 
146, -258, -405, 56, 275, -331, -253, 370, 663, 473, 263, 209, 
151, -258, -409, 53, 280, -334, -258, 366, 663, 468, 263, 214, 
151, -253, -405, 51, 278, -329, -258, 366, 663, 468, 273, 219, 
151, -248, -400, 48, 275, -324, -258, 366, 663, 468, 273, 224, 
161, -244, -405, 41, 283, -324, -273, 351, 663, 468, 273, 229, 
161, -239, -400, 39, 280, -319, -273, 346, 658, 468, 268, 234, 
161, -234, -395, 36, 278, -314, -273, 341, 653, 468, 268, 234, 
161, -234, -395, 36, 278, -314, -273, 341, 644, 468, 268, 229, 
151, -234, -385, 41, 268, -309, -268, 336, 639, 463, 268, 239, 
146, -234, -380, 43, 263, -307, -268, 326, 629, 463, 268, 239, 
141, -234, -375, 46, 258, -305, -268, 326, 624, 453, 268, 239, 
141, -234, -375, 46, 258, -305, -268, 317, 614, 448, 258, 234, 
141, -234, -375, 46, 258, -305, -268, 312, 595, 434, 244, 229, 
141, -234, -375, 46, 258, -305, -263, 312, 585, 434, 234, 224, 
136, -234, -370, 48, 253, -302, -263, 307, 575, 424, 229, 219, 
136, -234, -370, 48, 253, -302, -263, 302, 570, 419, 219, 209, 
126, -244, -370, 58, 248, -307, -263, 297, 570, 414, 219, 204, 
126, -244, -370, 58, 248, -307, -263, 297, 561, 405, 214, 195, 
122, -253, -375, 65, 248, -314, -258, 292, 551, 395, 200, 190, 
112, -258, -370, 73, 241, -314, -253, 287, 536, 390, 195, 175, 
117, -253, -370, 68, 244, -312, -253, 287, 522, 380, 185, 180, 
112, -258, -370, 73, 241, -314, -253, 283, 512, 370, 175, 175, 
107, -263, -370, 78, 239, -317, -253, 278, 492, 366, 170, 165, 
102, -273, -375, 85, 239, -324, -248, 273, 483, 356, 156, 156, 
107, -292, -400, 92, 253, -346, -248, 268, 458, 336, 136, 146, 
102, -297, -400, 97, 251, -348, -248, 263, 458, 326, 126, 141, 
102, -297, -400, 97, 251, -348, -248, 263, 448, 317, 122, 136, 
97, -302, -400, 102, 248, -351, -248, 258, 439, 307, 107, 126, 
92, -312, -405, 109, 248, -358, -248, 248, 439, 297, 112, 117, 
92, -312, -405, 109, 248, -358, -248, 248, 429, 292, 102, 102, 
87, -317, -405, 114, 246, -361, -239, 248, 424, 283, 92, 97, 
82, -326, -409, 122, 246, -368, -239, 244, 414, 273, 87, 92, 
73, -331, -405, 129, 239, -368, -239, 253, 395, 273, 78, 97, 
73, -336, -409, 131, 241, -373, -239, 244, 385, 268, 73, 92, 
73, -346, -419, 136, 246, -383, -239, 244, 380, 258, 68, 87, 
68, -356, -424, 143, 246, -390, -234, 248, 370, 248, 63, 82, 
78, -361, -439, 141, 258, -400, -234, 248, 370, 239, 58, 73, 
78, -361, -439, 141, 258, -400, -234, 244, 366, 234, 43, 68, 
73, -366, -439, 146, 256, -402, -234, 244, 361, 219, 43, 68, 
68, -366, -434, 148, 251, -400, -234, 244, 361, 219, 39, 63, 
68, -385, -453, 158, 261, -419, -239, 234, 356, 224, 43, 68, 
68, -390, -458, 161, 263, -424, -239, 234, 356, 214, 39, 68, 
68, -390, -458, 161, 263, -424, -234, 234, 351, 209, 34, 63, 
68, -390, -458, 161, 263, -424, -234, 234, 351, 209, 34, 58, 
63, -395, -458, 165, 261, -427, -234, 234, 346, 200, 24, 48, 
63, -400, -463, 168, 263, -431, -229, 234, 336, 200, 19, 48, 
63, -405, -468, 170, 265, -436, -229, 239, 331, 195, 19, 48, 
63, -409, -473, 173, 268, -441, -229, 239, 326, 190, 14, 43, 
63, -409, -473, 173, 268, -441, -219, 248, 331, 190, 19, 53, 
63, -409, -473, 173, 268, -441, -224, 248, 336, 185, 19, 53, 
63, -409, -473, 173, 268, -441, -224, 248, 331, 180, 14, 48, 
63, -419, -483, 178, 273, -451, -224, 248, 336, 175, 14, 48, 
63, -424, -488, 180, 275, -456, -224, 248, 336, 175, 24, 58, 
63, -424, -488, 180, 275, -456, -219, 248, 336, 180, 24, 53, 
63, -424, -488, 180, 275, -456, -219, 248, 336, 185, 19, 53, 
58, -424, -483, 183, 270, -453, -219, 248, 336, 190, 19, 53, 
48, -434, -483, 192, 265, -458, -209, 258, 336, 190, 14, 48, 
48, -434, -483, 192, 265, -458, -204, 263, 341, 190, 14, 48, 
53, -439, -492, 192, 273, -466, -204, 273, 341, 190, 14, 48, 
53, -439, -492, 192, 273, -466, -200, 273, 341, 190, 14, 48, 
58, -429, -488, 185, 273, -458, -209, 263, 351, 200, 9, 39, 
58, -439, -497, 190, 278, -468, -209, 263, 356, 200, 9, 34, 
58, -439, -497, 190, 278, -468, -209, 263, 356, 200, 9, 34, 
58, -439, -497, 190, 278, -468, -209, 263, 356, 195, 4, 34, 
58, -448, -507, 195, 283, -478, -204, 263, 346, 195, 4, 34, 
53, -448, -502, 197, 278, -475, -204, 263, 346, 200, 4, 34, 
53, -448, -502, 197, 278, -475, -209, 268, 346, 200, 9, 29, 
53, -448, -502, 197, 278, -475, -209, 273, 351, 204, 9, 29, 
53, -448, -502, 197, 278, -475, -200, 287, 361, 204, 19, 43, 
58, -448, -507, 195, 283, -478, -195, 287, 366, 204, 19, 43, 
58, -448, -507, 195, 283, -478, -195, 287, 370, 204, 19, 39, 
58, -453, -512, 197, 285, -483, -195, 292, 370, 204, 19, 39, 
48, -453, -502, 202, 275, -478, -195, 283, 370, 204, 19, 39, 
48, -448, -497, 200, 273, -473, -195, 283, 380, 204, 19, 39, 
53, -448, -502, 197, 278, -475, -195, 287, 380, 204, 24, 39, 
53, -448, -502, 197, 278, -475, -195, 287, 380, 209, 24, 34, 
63, -453, -517, 195, 290, -485, -190, 297, 380, 209, 24, 34, 
58, -453, -512, 197, 285, -483, -190, 297, 380, 209, 24, 39, 
58, -453, -512, 197, 285, -483, -190, 297, 380, 219, 24, 39, 
58, -453, -512, 197, 285, -483, -190, 297, 385, 219, 29, 39, 
58, -458, -517, 200, 287, -488, -190, 307, 390, 229, 39, 43, 
58, -458, -517, 200, 287, -488, -190, 307, 390, 234, 39, 43, 
58, -458, -517, 200, 287, -488, -190, 307, 390, 234, 39, 43, 
58, -458, -517, 200, 287, -488, -185, 307, 390, 234, 39, 43, 
63, -458, -522, 197, 292, -490, -185, 312, 395, 224, 43, 53, 
63, -463, -527, 200, 295, -495, -185, 312, 395, 224, 43, 53, 
63, -463, -527, 200, 295, -495, -185, 317, 400, 224, 43, 53, 
63, -458, -522, 197, 292, -490, -185, 317, 405, 234, 43, 53, 
58, -458, -517, 200, 287, -488, -180, 326, 405, 234, 39, 43, 
58, -458, -517, 200, 287, -488, -180, 326, 405, 234, 43, 53, 
58, -458, -517, 200, 287, -488, -175, 326, 405, 239, 48, 53, 
63, -458, -522, 197, 292, -490, -175, 326, 405, 239, 48, 53, 
53, -468, -522, 207, 287, -495, -185, 326, 409, 239, 48, 53, 
48, -468, -517, 209, 283, -492, -185, 326, 409, 239, 53, 53, 
48, -468, -517, 209, 283, -492, -185, 326, 409, 244, 53, 53, 
48, -468, -517, 209, 283, -492, -185, 326, 409, 244, 53, 53, 
63, -458, -522, 197, 292, -490, -185, 326, 414, 244, 68, 68, 
68, -458, -527, 195, 297, -492, -185, 326, 414, 244, 68, 78, 
68, -458, -527, 195, 297, -492, -185, 331, 414, 248, 73, 78, 
68, -458, -527, 195, 297, -492, -185, 331, 419, 248, 73, 78, 
78, -448, -527, 185, 302, -488, -185, 322, 409, 248, 73, 68, 
82, -448, -531, 183, 307, -490, -185, 322, 409, 248, 73, 68, 
82, -439, -522, 178, 302, -480, -185, 322, 405, 248, 73, 68, 
82, -439, -522, 178, 302, -480, -185, 317, 405, 248, 73, 68, 
73, -448, -522, 187, 297, -485, -195, 317, 414, 258, 87, 82, 
68, -453, -522, 192, 295, -488, -195, 317, 414, 253, 87, 82, 
68, -453, -522, 192, 295, -488, -195, 317, 414, 253, 87, 82, 
68, -453, -522, 192, 295, -488, -195, 317, 414, 258, 92, 87, 
58, -463, -522, 202, 290, -492, -185, 317, 414, 258, 92, 78, 
58, -463, -522, 202, 290, -492, -185, 317, 414, 253, 87, 78, 
58, -463, -522, 202, 290, -492, -185, 317, 414, 253, 87, 78, 
58, -463, -522, 202, 290, -492, -190, 312, 409, 253, 87, 73, 
68, -453, -522, 192, 295, -488, -195, 312, 405, 253, 87, 68, 
68, -453, -522, 192, 295, -488, -195, 307, 405, 253, 87, 68, 
68, -453, -522, 192, 295, -488, -195, 307, 405, 253, 87, 73, 
68, -453, -522, 192, 295, -488, -195, 307, 400, 253, 87, 73, 
63, -448, -512, 192, 287, -480, -195, 302, 400, 253, 87, 78, 
63, -448, -512, 192, 287, -480, -195, 302, 400, 253, 87, 78, 
63, -453, -517, 195, 290, -485, -195, 302, 395, 248, 87, 78, 
63, -453, -517, 195, 290, -485, -195, 302, 395, 248, 87, 78, 
63, -453, -517, 195, 290, -485, -190, 302, 395, 248, 97, 87, 
63, -453, -517, 195, 290, -485, -190, 302, 395, 248, 87, 87, 
63, -453, -517, 195, 290, -485, -190, 297, 390, 248, 87, 87, 
63, -453, -517, 195, 290, -485, -185, 297, 390, 248, 87, 87, 
73, -463, -536, 195, 305, -500, -195, 292, 390, 244, 87, 78, 
73, -463, -536, 195, 305, -500, -200, 292, 385, 244, 87, 78, 
73, -463, -536, 195, 305, -500, -200, 292, 385, 244, 87, 78, 
73, -463, -536, 195, 305, -500, -200, 292, 385, 244, 87, 73, 
63, -473, -536, 204, 300, -505, -195, 292, 385, 248, 87, 82, 
58, -473, -531, 207, 295, -502, -195, 292, 380, 248, 87, 82, 
58, -473, -531, 207, 295, -502, -190, 292, 380, 248, 87, 82, 
63, -473, -536, 204, 300, -505, -190, 297, 380, 248, 87, 82, 
63, -473, -536, 204, 300, -505, -200, 297, 380, 253, 92, 82, 
58, -473, -531, 207, 295, -502, -195, 292, 375, 253, 87, 82, 
58, -473, -531, 207, 295, -502, -195, 292, 375, 253, 87, 82, 
58, -478, -536, 209, 297, -507, -195, 292, 380, 253, 87, 82, 
63, -468, -531, 202, 297, -500, -190, 292, 380, 248, 97, 82, 
63, -468, -531, 202, 297, -500, -190, 292, 380, 248, 97, 78, 
63, -468, -531, 202, 297, -500, -190, 287, 375, 248, 97, 78, 
63, -468, -531, 202, 297, -500, -190, 287, 375, 248, 97, 78, 
63, -478, -541, 207, 302, -509, -200, 292, 375, 248, 87, 73, 
63, -478, -541, 207, 302, -509, -200, 292, 370, 248, 87, 73, 
63, -478, -541, 207, 302, -509, -200, 292, 370, 248, 87, 68, 
63, -473, -536, 204, 300, -505, -200, 287, 370, 248, 82, 63, 
53, -478, -531, 212, 292, -505, -200, 287, 370, 248, 82, 63, 
53, -483, -536, 214, 295, -509, -200, 287, 370, 248, 82, 63, 
58, -488, -546, 214, 302, -517, -200, 292, 366, 248, 82, 63, 
58, -492, -551, 217, 305, -522, -200, 292, 366, 248, 82, 63, 
58, -488, -546, 214, 302, -517, -209, 287, 370, 258, 82, 73, 
53, -488, -541, 217, 297, -514, -209, 287, 370, 258, 82, 73, 
53, -488, -541, 217, 297, -514, -209, 287, 370, 258, 87, 73, 
53, -488, -541, 217, 297, -514, -209, 287, 370, 258, 87, 73, 
43, -488, -531, 222, 287, -509, -200, 287, 380, 258, 92, 73, 
53, -492, -546, 219, 300, -519, -200, 287, 375, 258, 92, 73, 
53, -492, -546, 219, 300, -519, -200, 287, 375, 258, 92, 68, 
53, -492, -546, 219, 300, -519, -200, 287, 375, 258, 92, 63, 
53, -483, -536, 214, 295, -509, -190, 287, 380, 268, 102, 73, 
53, -488, -541, 217, 297, -514, -195, 287, 380, 268, 102, 73, 
53, -488, -541, 217, 297, -514, -195, 287, 380, 263, 97, 73, 
53, -483, -536, 214, 295, -509, -195, 287, 380, 263, 97, 78, 
58, -492, -551, 217, 305, -522, -204, 287, 375, 263, 87, 78, 
53, -492, -546, 219, 300, -519, -204, 287, 375, 263, 87, 73, 
53, -492, -546, 219, 300, -519, -204, 287, 375, 263, 87, 73, 
58, -492, -551, 217, 305, -522, -204, 287, 375, 263, 87, 68, 
48, -492, -541, 222, 295, -517, -204, 287, 375, 253, 87, 58, 
48, -492, -541, 222, 295, -517, -204, 287, 375, 253, 87, 63, 
53, -488, -541, 217, 297, -514, -204, 287, 375, 253, 87, 63, 
53, -488, -541, 217, 297, -514, -204, 287, 366, 253, 87, 63, 
68, -483, -551, 207, 309, -517, -204, 287, 375, 263, 92, 63, 
48, -492, -541, 222, 295, -517, -204, 287, 380, 273, 102, 73, 
39, -507, -546, 234, 292, -527, -195, 287, 380, 273, 107, 73, 
39, -497, -536, 229, 287, -517, -195, 287, 380, 273, 107, 73, 
39, -497, -536, 229, 287, -517, -185, 292, 380, 273, 107, 78, 
39, -507, -546, 234, 292, -527, -195, 283, 370, 273, 97, 68, 
39, -507, -546, 234, 292, -527, -195, 283, 370, 273, 97, 68, 
39, -507, -546, 234, 292, -527, -195, 283, 370, 273, 97, 68, 
39, -507, -546, 234, 292, -527, -195, 283, 370, 273, 97, 68, 
34, -512, -546, 239, 290, -529, -195, 283, 370, 273, 87, 73, 
29, -517, -546, 244, 287, -531, -200, 283, 370, 273, 87, 73, 
24, -522, -546, 248, 285, -534, -200, 283, 375, 273, 87, 68, 
14, -527, -541, 256, 278, -534, -195, 283, 375, 273, 87, 68, 
34, -507, -541, 236, 287, -524, -195, 292, 385, 273, 97, 78, 
43, -497, -541, 226, 292, -519, -195, 292, 380, 273, 102, 82, 
58, -492, -551, 217, 305, -522, -195, 292, 380, 283, 107, 82, 
73, -483, -556, 204, 314, -519, -190, 292, 380, 287, 112, 82, 
73, -473, -546, 200, 309, -509, -180, 297, 395, 283, 126, 87, 
73, -468, -541, 197, 307, -505, -175, 302, 400, 287, 131, 87, 
73, -468, -541, 197, 307, -505, -165, 312, 405, 292, 131, 92, 
73, -463, -536, 195, 305, -500, -161, 312, 409, 297, 141, 97, 
63, -458, -522, 197, 292, -490, -156, 326, 424, 312, 141, 92, 
63, -448, -512, 192, 287, -480, -151, 331, 429, 317, 136, 92, 
68, -444, -512, 187, 290, -478, -146, 336, 434, 322, 141, 92, 
68, -439, -507, 185, 287, -473, -146, 341, 434, 322, 136, 97, 
63, -424, -488, 180, 275, -456, -141, 346, 439, 331, 141, 107, 
63, -424, -488, 180, 275, -456, -136, 351, 444, 331, 146, 107, 
63, -424, -488, 180, 275, -456, -136, 351, 448, 331, 156, 107, 
63, -419, -483, 178, 273, -451, -136, 356, 453, 336, 161, 107, 
73, -409, -483, 168, 278, -446, -136, 351, 453, 326, 161, 97, 
73, -409, -483, 168, 278, -446, -136, 356, 453, 326, 161, 102, 
73, -405, -478, 165, 275, -441, -136, 356, 453, 336, 161, 107, 
78, -395, -473, 158, 275, -434, -141, 351, 448, 336, 165, 107, 
68, -400, -468, 165, 268, -434, -151, 341, 448, 346, 165, 117, 
63, -400, -463, 168, 263, -431, -165, 341, 448, 341, 165, 112, 
63, -405, -468, 170, 265, -436, -175, 322, 448, 341, 165, 112, 
63, -409, -473, 173, 268, -441, -180, 307, 453, 341, 165, 112, 
73, -409, -483, 168, 278, -446, -200, 302, 439, 341, 175, 117, 
73, -405, -478, 165, 275, -441, -209, 287, 439, 336, 175, 117, 
73, -400, -473, 163, 273, -436, -214, 283, 434, 336, 180, 117, 
73, -400, -473, 163, 273, -436, -224, 278, 434, 336, 180, 117, 
73, -400, -473, 163, 273, -436, -224, 268, 434, 336, 175, 107, 
73, -400, -473, 163, 273, -436, -229, 263, 429, 336, 170, 107, 
73, -395, -468, 161, 270, -431, -229, 263, 429, 336, 165, 107, 
73, -395, -468, 161, 270, -431, -229, 263, 424, 336, 156, 112, 
68, -409, -478, 170, 273, -444, -229, 273, 434, 346, 165, 122, 
63, -409, -473, 173, 268, -441, -229, 273, 434, 346, 165, 122, 
63, -409, -473, 173, 268, -441, -234, 273, 434, 346, 165, 122, 
63, -414, -478, 175, 270, -446, -234, 273, 429, 346, 165, 122, 
68, -419, -488, 175, 278, -453, -234, 268, 414, 341, 165, 107, 
68, -429, -497, 180, 283, -463, -234, 263, 409, 331, 156, 107, 
63, -434, -497, 185, 280, -466, -234, 258, 405, 326, 156, 107, 
78, -439, -517, 180, 297, -478, -234, 248, 400, 326, 161, 107, 
68, -439, -507, 185, 287, -473, -234, 258, 409, 331, 170, 117, 
68, -439, -507, 185, 287, -473, -234, 258, 409, 336, 170, 122, 
68, -444, -512, 187, 290, -478, -234, 263, 414, 336, 170, 126, 
68, -444, -512, 187, 290, -478, -229, 268, 414, 336, 175, 126, 
58, -453, -512, 197, 285, -483, -219, 258, 409, 346, 175, 126, 
58, -458, -517, 200, 287, -488, -219, 258, 405, 341, 175, 122, 
58, -473, -531, 207, 295, -502, -219, 258, 400, 331, 170, 122, 
58, -488, -546, 214, 302, -517, -219, 258, 395, 326, 165, 122, 
63, -483, -546, 209, 305, -514, -219, 253, 380, 322, 161, 107, 
58, -492, -551, 217, 305, -522, -219, 253, 380, 317, 151, 97, 
58, -502, -561, 222, 309, -531, -219, 253, 375, 312, 146, 92, 
53, -507, -561, 226, 307, -534, -219, 248, 370, 297, 141, 87, 
53, -507, -561, 226, 307, -534, -219, 248, 375, 302, 146, 92, 
48, -517, -566, 234, 307, -541, -219, 248, 366, 302, 141, 87, 
48, -517, -566, 234, 307, -541, -214, 253, 366, 302, 141, 82, 
48, -517, -566, 234, 307, -541, -209, 258, 370, 302, 141, 78, 
39, -527, -566, 244, 302, -546, -204, 268, 380, 312, 141, 87, 
39, -531, -570, 246, 305, -551, -204, 273, 380, 312, 141, 87, 
39, -531, -570, 246, 305, -551, -204, 273, 380, 312, 141, 87, 
39, -531, -570, 246, 305, -551, -200, 273, 385, 307, 141, 82, 
39, -536, -575, 248, 307, -556, -209, 263, 375, 297, 141, 73, 
39, -541, -580, 251, 309, -561, -209, 263, 375, 297, 136, 73, 
34, -541, -575, 253, 305, -558, -209, 263, 370, 297, 136, 73, 
34, -541, -575, 253, 305, -558, -209, 263, 370, 292, 131, 73, 
39, -541, -580, 251, 309, -561, -214, 258, 366, 302, 131, 73, 
43, -541, -585, 248, 314, -563, -214, 258, 366, 297, 131, 73, 
43, -546, -590, 251, 317, -568, -214, 258, 366, 297, 126, 73, 
39, -546, -585, 253, 312, -566, -214, 258, 370, 302, 126, 73, 
29, -546, -575, 258, 302, -561, -214, 268, 370, 302, 141, 73, 
24, -546, -570, 261, 297, -558, -214, 273, 370, 302, 141, 73, 
24, -541, -566, 258, 295, -553, -209, 273, 375, 307, 141, 73, 
24, -541, -566, 258, 295, -553, -209, 273, 375, 307, 146, 73, 
34, -551, -585, 258, 309, -568, -200, 273, 385, 317, 146, 73, 
39, -551, -590, 256, 314, -570, -204, 273, 385, 317, 146, 73, 
39, -551, -590, 256, 314, -570, -204, 273, 385, 317, 146, 73, 
34, -556, -590, 261, 312, -573, -204, 273, 385, 317, 146, 73, 
43, -546, -590, 251, 317, -568, -204, 278, 395, 326, 146, 73, 
43, -561, -605, 258, 324, -583, -185, 287, 395, 312, 131, 63, 
34, -585, -619, 275, 326, -602, -170, 322, 405, 283, 102, 43, 
19, -619, -639, 300, 329, -629, -131, 380, 429, 253, 53, 0, 
19, -619, -639, 300, 329, -629, -78, 458, 478, 244, 0, -39, 
9, -649, -658, 319, 334, -653, -19, 546, 541, 229, -34, -87, 
-19, -692, -673, 356, 326, -683, 19, 600, 570, 224, -73, -117, 
-9, -683, -673, 346, 331, -678, 29, 614, 590, 219, -82, -126, 
4, -644, -649, 319, 326, -646, 29, 605, 580, 219, -82, -126, 
9, -580, -590, 285, 300, -585, -4, 556, 561, 248, -39, -92, 
14, -453, -468, 219, 241, -461, -58, 478, 570, 331, 53, -4, 
43, -302, -346, 129, 195, -324, -102, 429, 629, 478, 204, 112, 
102, -146, -248, 21, 175, -197, -161, 395, 692, 663, 390, 263, 
165, 19, -146, -92, 156, -63, -244, 341, 746, 863, 614, 429, 
224, 170, -53, -197, 139, 58, -297, 307, 800, 1029, 824, 595, 
253, 263, 9, -258, 122, 136, -312, 317, 849, 1195, 1058, 771, 
307, 336, 29, -322, 139, 183, -302, 326, 893, 1415, 1327, 961, 
370, 409, 39, -390, 165, 224, -302, 307, 946, 1644, 1590, 1137, 
414, 458, 43, -436, 185, 251, -283, 287, 946, 1800, 1771, 1259, 
453, 488, 34, -470, 209, 261, -234, 292, 883, 1873, 1864, 1337, 
492, 497, 4, -495, 244, 251, -219, 283, 854, 1932, 1927, 1415, 
536, 444, -92, -490, 314, 175, -253, 239, 819, 1995, 1937, 1444, 
575, 283, -292, -429, 434, -4, -317, 185, 717, 2005, 1859, 1405, 
600, 43, -556, -322, 578, -256, -414, 68, 536, 1922, 1712, 1322, 
619, -161, -780, -229, 700, -470, -570, -112, 326, 1761, 1561, 1249, 
624, -297, -922, -163, 773, -610, -756, -317, 87, 1488, 1385, 1185, 
605, -405, -1010, -100, 807, -707, -873, -424, -161, 1122, 1166, 1098, 
536, -458, -995, -39, 766, -727, -917, -478, -390, 663, 888, 990, 
409, -488, -897, 39, 653, -692, -902, -497, -585, 112, 517, 819, 
287, -531, -819, 122, 553, -675, -814, -429, -678, -283, 195, 614, 
224, -595, -819, 185, 522, -707, -712, -278, -614, -326, 78, 463, 
190, -658, -849, 234, 519, -753, -619, -131, -458, -200, 78, 366, 
151, -683, -834, 265, 492, -758, -556, -34, -317, -117, 63, 287, 
107, -683, -790, 287, 448, -736, -488, 53, -190, -43, 53, 204, 
87, -683, -771, 297, 429, -727, -434, 136, -73, 48, 63, 131, 
68, -673, -741, 302, 405, -707, -370, 219, 39, 126, 68, 82, 
68, -629, -697, 280, 383, -663, -307, 283, 141, 195, 102, 82, 
68, -610, -678, 270, 373, -644, -244, 351, 244, 268, 156, 97, 
68, -614, -683, 273, 375, -649, -200, 395, 326, 322, 175, 102, 
63, -605, -668, 270, 366, -636, -175, 414, 385, 341, 170, 102, 
63, -590, -653, 263, 358, -622, -161, 414, 414, 361, 185, 102, 
63, -566, -629, 251, 346, -597, -165, 405, 444, 361, 195, 112, 
63, -546, -610, 241, 336, -578, -165, 390, 444, 361, 195, 112, 
63, -536, -600, 236, 331, -568, -170, 361, 434, 356, 195, 117, 
58, -522, -580, 231, 319, -551, -175, 346, 434, 366, 214, 126, 
68, -507, -575, 219, 322, -541, -175, 341, 434, 385, 214, 131, 
63, -517, -580, 226, 322, -549, -175, 336, 448, 400, 219, 141, 
58, -531, -590, 236, 324, -561, -175, 331, 448, 405, 209, 131, 
58, -531, -590, 236, 324, -561, -175, 331, 448, 405, 204, 122, 
53, -536, -590, 241, 322, -563, -170, 336, 463, 395, 200, 117, 
53, -536, -590, 241, 322, -563, -170, 336, 468, 390, 200, 112, 
53, -527, -580, 236, 317, -553, -180, 326, 468, 390, 200, 107, 
53, -527, -580, 236, 317, -553, -180, 326, 468, 380, 200, 102, 
53, -522, -575, 234, 314, -549, -180, 322, 468, 380, 200, 102, 
53, -517, -570, 231, 312, -544, -180, 322, 468, 380, 200, 107, 
53, -527, -580, 236, 317, -553, -185, 312, 478, 390, 204, 112, 
53, -527, -580, 236, 317, -553, -185, 307, 473, 400, 204, 112, 
48, -527, -575, 239, 312, -551, -180, 307, 473, 400, 209, 117, 
48, -527, -575, 239, 312, -551, -180, 307, 478, 400, 214, 117, 
43, -541, -585, 248, 314, -563, -170, 317, 483, 409, 214, 117, 
43, -541, -585, 248, 314, -563, -170, 317, 483, 409, 209, 117, 
43, -541, -585, 248, 314, -563, -170, 317, 488, 405, 209, 117, 
43, -541, -585, 248, 314, -563, -170, 317, 488, 405, 209, 107, 
39, -531, -570, 246, 305, -551, -175, 317, 497, 405, 209, 107, 
39, -531, -570, 246, 305, -551, -175, 317, 497, 405, 209, 107, 
43, -531, -575, 244, 309, -553, -175, 317, 497, 414, 209, 112, 
48, -522, -570, 236, 309, -546, -175, 317, 497, 419, 209, 112, 
39, -512, -551, 236, 295, -531, -175, 307, 492, 414, 219, 107, 
34, -517, -551, 241, 292, -534, -175, 307, 492, 414, 219, 107, 
34, -517, -551, 241, 292, -534, -175, 307, 492, 414, 219, 107, 
39, -517, -556, 239, 297, -536, -175, 307, 492, 419, 219, 107, 
29, -527, -556, 248, 292, -541, -175, 317, 502, 419, 229, 107, 
29, -522, -551, 246, 290, -536, -170, 317, 502, 419, 229, 107, 
29, -522, -551, 246, 290, -536, -170, 317, 502, 419, 229, 107, 
29, -522, -551, 246, 290, -536, -170, 317, 507, 419, 229, 107, 
39, -522, -561, 241, 300, -541, -180, 317, 497, 419, 219, 107, 
43, -522, -566, 239, 305, -544, -180, 317, 497, 419, 219, 112, 
43, -522, -566, 239, 305, -544, -180, 317, 497, 419, 219, 112, 
43, -522, -566, 239, 305, -544, -180, 317, 497, 424, 219, 112, 
34, -522, -556, 244, 295, -539, -180, 307, 502, 429, 224, 112, 
34, -522, -556, 244, 295, -539, -180, 307, 502, 429, 224, 107, 
34, -522, -556, 244, 295, -539, -180, 307, 502, 429, 224, 107, 
24, -512, -536, 244, 280, -524, -180, 307, 507, 429, 224, 107, 
29, -512, -541, 241, 285, -527, -170, 307, 517, 439, 224, 107, 
39, -512, -551, 236, 295, -531, -170, 307, 517, 439, 229, 112, 
48, -507, -556, 229, 302, -531, -170, 307, 517, 439, 229, 112, 
53, -507, -561, 226, 307, -534, -170, 312, 517, 439, 229, 112, 
43, -512, -556, 234, 300, -534, -170, 312, 517, 439, 234, 107, 
39, -512, -551, 236, 295, -531, -170, 312, 517, 444, 234, 107, 
39, -512, -551, 236, 295, -531, -170, 312, 517, 448, 234, 107, 
43, -512, -556, 234, 300, -534, -170, 312, 522, 448, 234, 107, 
43, -512, -556, 234, 300, -534, -170, 312, 531, 458, 234, 112, 
34, -512, -546, 239, 290, -529, -165, 312, 536, 458, 234, 112, 
34, -512, -546, 239, 290, -529, -165, 312, 536, 458, 234, 107, 
39, -512, -551, 236, 295, -531, -170, 307, 536, 458, 234, 107, 
48, -531, -580, 241, 314, -556, -180, 312, 527, 458, 244, 107, 
43, -531, -575, 244, 309, -553, -180, 317, 531, 458, 244, 107, 
43, -531, -575, 244, 309, -553, -180, 322, 531, 453, 244, 112, 
43, -531, -575, 244, 309, -553, -180, 331, 531, 448, 248, 112, 
53, -522, -575, 234, 314, -549, -170, 331, 536, 463, 248, 122, 
53, -517, -570, 231, 312, -544, -170, 331, 541, 463, 248, 122, 
53, -517, -570, 231, 312, -544, -170, 331, 541, 463, 248, 122, 
53, -517, -570, 231, 312, -544, -170, 336, 541, 463, 248, 122, 
53, -517, -570, 231, 312, -544, -161, 326, 551, 473, 253, 112, 
48, -517, -566, 234, 307, -541, -161, 326, 556, 473, 253, 112, 
43, -517, -561, 236, 302, -539, -161, 326, 556, 478, 253, 112, 
43, -517, -561, 236, 302, -539, -161, 331, 566, 483, 258, 112, 
34, -527, -561, 246, 297, -544, -161, 331, 556, 483, 268, 117, 
34, -527, -561, 246, 297, -544, -161, 331, 561, 488, 268, 117, 
34, -527, -561, 246, 297, -544, -161, 331, 566, 488, 268, 117, 
34, -527, -561, 246, 297, -544, -161, 331, 566, 488, 268, 117, 
48, -527, -575, 239, 312, -551, -170, 341, 556, 492, 273, 122, 
48, -527, -575, 239, 312, -551, -170, 341, 561, 497, 278, 122, 
43, -527, -570, 241, 307, -549, -170, 341, 566, 502, 283, 122, 
43, -527, -570, 241, 307, -549, -170, 346, 570, 507, 283, 122, 
58, -517, -575, 229, 317, -546, -170, 336, 580, 507, 283, 131, 
58, -517, -575, 229, 317, -546, -170, 336, 585, 512, 292, 131, 
58, -517, -575, 229, 317, -546, -170, 341, 590, 517, 292, 136, 
58, -512, -570, 226, 314, -541, -170, 341, 595, 522, 292, 136, 
53, -507, -561, 226, 307, -534, -170, 351, 610, 527, 302, 146, 
53, -507, -561, 226, 307, -534, -170, 356, 614, 527, 307, 146, 
53, -502, -556, 224, 305, -529, -170, 356, 619, 531, 312, 151, 
58, -502, -561, 222, 309, -531, -170, 356, 629, 536, 317, 156, 
58, -502, -561, 222, 309, -531, -180, 351, 634, 551, 326, 156, 
58, -497, -556, 219, 307, -527, -180, 356, 639, 556, 331, 156, 
58, -497, -556, 219, 307, -527, -180, 361, 644, 561, 336, 165, 
63, -497, -561, 217, 312, -529, -180, 366, 653, 566, 341, 170, 
53, -497, -551, 222, 302, -524, -180, 366, 658, 575, 341, 165, 
53, -492, -546, 219, 300, -519, -185, 370, 668, 580, 346, 170, 
63, -492, -556, 214, 309, -524, -185, 370, 678, 595, 356, 170, 
68, -488, -556, 209, 312, -522, -185, 370, 683, 595, 366, 175, 
82, -473, -556, 195, 319, -514, -175, 366, 678, 610, 370, 185, 
82, -473, -556, 195, 319, -514, -180, 370, 692, 619, 380, 195, 
87, -468, -556, 190, 322, -512, -180, 375, 702, 629, 385, 204, 
92, -463, -556, 185, 324, -509, -185, 380, 712, 634, 390, 209, 
97, -458, -556, 180, 326, -507, -185, 385, 727, 649, 409, 219, 
97, -453, -551, 178, 324, -502, -190, 390, 736, 649, 424, 229, 
97, -448, -546, 175, 322, -497, -190, 390, 736, 663, 429, 234, 
102, -444, -546, 170, 324, -495, -200, 390, 741, 668, 448, 239, 
107, -439, -546, 165, 326, -492, -204, 400, 746, 678, 448, 248, 
107, -434, -541, 163, 324, -488, -204, 400, 751, 683, 458, 253, 
107, -429, -536, 161, 322, -483, -204, 400, 756, 688, 468, 258, 
117, -424, -541, 153, 329, -483, -200, 400, 761, 692, 468, 258, 
126, -419, -546, 146, 336, -483, -200, 400, 780, 702, 492, 273, 
126, -414, -541, 143, 334, -478, -204, 400, 780, 707, 492, 287, 
126, -409, -536, 141, 331, -473, -209, 400, 785, 707, 497, 287, 
136, -405, -541, 134, 339, -473, -219, 395, 785, 707, 507, 292, 
136, -409, -546, 136, 341, -478, -229, 395, 780, 712, 522, 297, 
136, -405, -541, 134, 339, -473, -234, 395, 780, 717, 527, 302, 
136, -400, -536, 131, 336, -468, -234, 395, 780, 722, 527, 307, 
136, -395, -531, 129, 334, -463, -234, 395, 775, 727, 527, 312, 
126, -390, -517, 131, 322, -453, -229, 385, 785, 727, 522, 307, 
131, -390, -522, 129, 326, -456, -234, 385, 785, 727, 527, 312, 
131, -390, -522, 129, 326, -456, -234, 380, 785, 727, 527, 317, 
136, -380, -517, 122, 326, -448, -234, 375, 780, 727, 527, 317, 
136, -375, -512, 119, 324, -444, -234, 370, 780, 727, 527, 317, 
141, -375, -517, 117, 329, -446, -239, 366, 780, 722, 527, 322, 
141, -370, -512, 114, 326, -441, -239, 366, 780, 722, 536, 326, 
141, -366, -507, 112, 324, -436, -239, 366, 780, 722, 536, 331, 
131, -361, -492, 114, 312, -427, -253, 361, 771, 722, 536, 346, 
131, -356, -488, 112, 309, -422, -253, 356, 766, 722, 531, 351, 
131, -351, -483, 109, 307, -417, -253, 351, 761, 722, 531, 351, 
131, -351, -483, 109, 307, -417, -253, 351, 751, 722, 531, 346, 
122, -351, -473, 114, 297, -412, -248, 346, 746, 707, 531, 346, 
117, -351, -468, 117, 292, -409, -248, 336, 736, 707, 531, 346, 
112, -351, -463, 119, 287, -407, -248, 336, 732, 697, 531, 346, 
112, -351, -463, 119, 287, -407, -248, 326, 722, 692, 522, 341, 
112, -351, -463, 119, 287, -407, -239, 322, 712, 697, 517, 336, 
112, -351, -463, 119, 287, -407, -234, 322, 702, 697, 507, 331, 
107, -351, -458, 122, 283, -405, -234, 317, 692, 688, 502, 326, 
107, -351, -458, 122, 283, -405, -234, 312, 688, 683, 492, 317, 
112, -351, -463, 119, 287, -407, -244, 307, 688, 658, 473, 302, 
117, -351, -468, 117, 292, -409, -244, 307, 678, 649, 468, 292, 
117, -361, -478, 122, 297, -419, -239, 302, 668, 639, 453, 287, 
112, -366, -478, 126, 295, -422, -234, 297, 653, 634, 448, 273, 
97, -380, -478, 141, 287, -429, -224, 297, 644, 634, 448, 268, 
92, -385, -478, 146, 285, -431, -224, 292, 629, 624, 439, 263, 
87, -390, -478, 151, 283, -434, -224, 287, 605, 619, 434, 253, 
82, -400, -483, 158, 283, -441, -219, 283, 590, 610, 419, 244, 
78, -409, -488, 165, 283, -448, -219, 287, 580, 600, 419, 239, 
73, -414, -488, 170, 280, -451, -219, 283, 585, 590, 409, 239, 
73, -414, -488, 170, 280, -451, -219, 283, 580, 580, 405, 239, 
68, -419, -488, 175, 278, -453, -219, 278, 575, 570, 390, 234, 
68, -419, -488, 175, 278, -453, -209, 268, 566, 570, 385, 224, 
73, -419, -492, 173, 283, -456, -209, 268, 556, 566, 375, 209, 
73, -424, -497, 175, 285, -461, -200, 268, 551, 556, 366, 204, 
73, -434, -507, 180, 290, -470, -200, 263, 541, 546, 361, 200, 
73, -448, -522, 187, 297, -485, -209, 273, 531, 536, 361, 195, 
73, -453, -527, 190, 300, -490, -209, 263, 522, 531, 356, 190, 
73, -463, -536, 195, 305, -500, -209, 263, 517, 522, 351, 185, 
68, -473, -541, 202, 305, -507, -204, 268, 507, 512, 346, 180, 
58, -478, -536, 209, 297, -507, -204, 268, 517, 512, 331, 180, 
58, -478, -536, 209, 297, -507, -204, 263, 512, 507, 317, 175, 
53, -483, -536, 214, 295, -509, -204, 263, 507, 492, 317, 175, 
48, -483, -531, 217, 290, -507, -204, 263, 507, 492, 312, 170, 
48, -492, -541, 222, 295, -517, -200, 253, 492, 497, 307, 165, 
48, -497, -546, 224, 297, -522, -200, 253, 492, 488, 302, 165, 
48, -497, -546, 224, 297, -522, -195, 253, 488, 483, 297, 161, 
48, -497, -546, 224, 297, -522, -195, 253, 488, 483, 297, 156, 
53, -492, -546, 219, 300, -519, -195, 263, 488, 473, 297, 156, 
53, -497, -551, 222, 302, -524, -190, 263, 483, 473, 292, 156, 
53, -502, -556, 224, 305, -529, -190, 268, 483, 468, 292, 156, 
53, -507, -561, 226, 307, -534, -190, 268, 483, 463, 287, 151, 
48, -517, -566, 234, 307, -541, -180, 268, 483, 473, 283, 151, 
43, -517, -561, 236, 302, -539, -185, 268, 483, 468, 283, 151, 
39, -517, -556, 239, 297, -536, -185, 268, 473, 463, 278, 146, 
34, -527, -561, 246, 297, -544, -185, 268, 473, 458, 278, 146, 
43, -531, -575, 244, 309, -553, -185, 268, 473, 444, 278, 146, 
43, -531, -575, 244, 309, -553, -180, 268, 473, 444, 278, 141, 
43, -531, -575, 244, 309, -553, -180, 268, 473, 444, 273, 141, 
39, -531, -570, 246, 305, -551, -180, 268, 473, 444, 273, 141, 
29, -541, -570, 256, 300, -556, -190, 258, 463, 444, 268, 126, 
29, -541, -570, 256, 300, -556, -185, 263, 468, 444, 268, 126, 
34, -546, -580, 256, 307, -563, -185, 273, 468, 444, 268, 126, 
34, -546, -580, 256, 307, -563, -180, 273, 468, 444, 268, 126, 
39, -536, -575, 248, 307, -556, -180, 273, 468, 444, 263, 136, 
39, -546, -585, 253, 312, -566, -180, 273, 473, 444, 263, 131, 
39, -546, -585, 253, 312, -566, -180, 273, 473, 444, 263, 131, 
39, -546, -585, 253, 312, -566, -180, 273, 473, 439, 258, 131, 
39, -546, -585, 253, 312, -566, -165, 278, 478, 439, 258, 131, 
34, -546, -580, 256, 307, -563, -165, 283, 483, 444, 258, 131, 
34, -546, -580, 256, 307, -563, -170, 292, 488, 444, 263, 126, 
34, -546, -580, 256, 307, -563, -170, 302, 497, 448, 263, 126, 
24, -546, -570, 261, 297, -558, -180, 297, 488, 448, 263, 122, 
29, -546, -575, 258, 302, -561, -175, 297, 492, 448, 263, 122, 
29, -546, -575, 258, 302, -561, -175, 297, 497, 448, 263, 117, 
29, -551, -580, 261, 305, -566, -175, 302, 497, 448, 263, 117, 
39, -551, -590, 256, 314, -570, -175, 302, 497, 458, 263, 122, 
39, -546, -585, 253, 312, -566, -175, 302, 507, 458, 263, 126, 
43, -546, -590, 251, 317, -568, -175, 307, 507, 458, 268, 131, 
43, -546, -590, 251, 317, -568, -175, 307, 507, 463, 268, 131, 
43, -551, -595, 253, 319, -573, -170, 307, 517, 463, 268, 122, 
39, -551, -590, 256, 314, -570, -170, 307, 517, 463, 268, 126, 
39, -551, -590, 256, 314, -570, -170, 307, 517, 473, 268, 126, 
39, -551, -590, 256, 314, -570, -170, 307, 522, 473, 273, 126, 
29, -546, -575, 258, 302, -561, -170, 326, 536, 483, 283, 141, 
29, -546, -575, 258, 302, -561, -170, 326, 536, 488, 283, 141, 
29, -546, -575, 258, 302, -561, -170, 326, 536, 488, 283, 141, 
29, -546, -575, 258, 302, -561, -165, 326, 536, 488, 283, 141, 
43, -546, -590, 251, 317, -568, -175, 322, 531, 478, 287, 141, 
43, -551, -595, 253, 319, -573, -175, 322, 531, 478, 287, 141, 
43, -551, -595, 253, 319, -573, -175, 326, 536, 478, 287, 141, 
43, -546, -590, 251, 317, -568, -175, 326, 541, 488, 287, 141, 
48, -546, -595, 248, 322, -570, -180, 326, 541, 488, 292, 141, 
48, -546, -595, 248, 322, -570, -180, 326, 541, 488, 297, 151, 
48, -546, -595, 248, 322, -570, -175, 326, 541, 492, 302, 151, 
53, -546, -600, 246, 326, -573, -175, 326, 541, 492, 302, 151, 
48, -556, -605, 253, 326, -580, -165, 326, 536, 492, 302, 151, 
39, -556, -595, 258, 317, -575, -165, 326, 536, 492, 307, 151, 
34, -556, -590, 261, 312, -573, -165, 326, 536, 497, 307, 151, 
29, -556, -585, 263, 307, -570, -165, 326, 536, 497, 307, 151, 
39, -551, -590, 256, 314, -570, -165, 326, 541, 507, 322, 156, 
48, -546, -595, 248, 322, -570, -165, 326, 541, 507, 322, 165, 
53, -541, -595, 244, 324, -568, -165, 331, 541, 512, 326, 165, 
58, -536, -595, 239, 326, -566, -165, 331, 546, 512, 326, 165, 
48, -536, -585, 244, 317, -561, -175, 331, 546, 512, 336, 165, 
53, -536, -590, 241, 322, -563, -175, 331, 546, 512, 336, 165, 
53, -527, -580, 236, 317, -553, -175, 331, 541, 512, 336, 165, 
53, -527, -580, 236, 317, -553, -175, 326, 541, 512, 336, 165, 
53, -527, -580, 236, 317, -553, -175, 326, 551, 512, 331, 170, 
48, -531, -580, 241, 314, -556, -175, 326, 551, 507, 331, 170, 
48, -531, -580, 241, 314, -556, -175, 326, 551, 507, 331, 170, 
48, -531, -580, 241, 314, -556, -175, 326, 551, 512, 336, 175, 
58, -531, -590, 236, 324, -561, -185, 317, 541, 512, 336, 175, 
58, -531, -590, 236, 324, -561, -185, 317, 541, 507, 331, 175, 
58, -531, -590, 236, 324, -561, -185, 317, 541, 507, 331, 175, 
58, -531, -590, 236, 324, -561, -190, 312, 536, 507, 331, 170, 
58, -522, -580, 231, 319, -551, -185, 312, 531, 507, 331, 175, 
58, -522, -580, 231, 319, -551, -185, 307, 531, 507, 331, 175, 
58, -522, -580, 231, 319, -551, -185, 307, 531, 507, 331, 180, 
58, -522, -580, 231, 319, -551, -185, 307, 527, 507, 331, 180, 
53, -522, -575, 234, 314, -549, -185, 312, 527, 497, 322, 165, 
53, -527, -580, 236, 317, -553, -185, 312, 527, 497, 322, 165, 
53, -536, -590, 241, 322, -563, -185, 312, 522, 492, 322, 165, 
53, -541, -595, 244, 324, -568, -185, 312, 522, 492, 322, 165, 
43, -531, -575, 244, 309, -553, -190, 302, 512, 492, 322, 165, 
43, -531, -575, 244, 309, -553, -190, 302, 512, 492, 312, 165, 
43, -531, -575, 244, 309, -553, -190, 297, 507, 492, 312, 165, 
43, -531, -575, 244, 309, -553, -185, 297, 507, 492, 312, 165, 
43, -531, -575, 244, 309, -553, -185, 302, 507, 488, 312, 165, 
43, -531, -575, 244, 309, -553, -190, 302, 502, 488, 312, 165, 
43, -531, -575, 244, 309, -553, -190, 302, 502, 488, 312, 165, 
43, -531, -575, 244, 309, -553, -190, 302, 502, 488, 312, 161, 
53, -531, -585, 239, 319, -558, -204, 302, 502, 483, 312, 161, 
48, -531, -580, 241, 314, -556, -204, 302, 497, 483, 312, 161, 
48, -531, -580, 241, 314, -556, -200, 302, 497, 483, 312, 161, 
53, -531, -585, 239, 319, -558, -200, 307, 497, 483, 312, 161, 
63, -531, -595, 234, 329, -563, -190, 297, 488, 478, 307, 161, 
58, -531, -590, 236, 324, -561, -185, 292, 483, 478, 302, 161, 
58, -531, -590, 236, 324, -561, -185, 292, 483, 478, 302, 161, 
58, -536, -595, 239, 326, -566, -185, 292, 488, 478, 302, 161, 
63, -536, -600, 236, 331, -568, -200, 302, 488, 473, 292, 161, 
63, -536, -600, 236, 331, -568, -200, 302, 488, 473, 292, 156, 
63, -536, -600, 236, 331, -568, -200, 297, 483, 473, 292, 156, 
63, -536, -600, 236, 331, -568, -200, 297, 483, 473, 292, 156, 
43, -546, -590, 251, 317, -568, -200, 292, 483, 463, 292, 146, 
43, -546, -590, 251, 317, -568, -200, 292, 478, 463, 292, 151, 
43, -546, -590, 251, 317, -568, -200, 292, 478, 463, 292, 151, 
43, -541, -585, 248, 314, -563, -200, 287, 478, 463, 287, 151, 
34, -551, -585, 258, 309, -568, -200, 287, 488, 463, 287, 141, 
34, -551, -585, 258, 309, -568, -200, 287, 488, 463, 287, 141, 
39, -551, -590, 256, 314, -570, -200, 292, 483, 463, 287, 141, 
39, -551, -590, 256, 314, -570, -200, 292, 483, 463, 287, 141, 
43, -551, -595, 253, 319, -573, -200, 287, 478, 463, 287, 141, 
43, -546, -590, 251, 317, -568, -200, 287, 478, 463, 287, 141, 
48, -541, -590, 246, 319, -566, -200, 287, 478, 463, 292, 141, 
53, -536, -590, 241, 322, -563, -200, 287, 478, 463, 292, 141, 
43, -536, -580, 246, 312, -558, -200, 287, 478, 463, 287, 141, 
53, -541, -595, 244, 324, -568, -200, 287, 473, 463, 287, 141, 
53, -541, -595, 244, 324, -568, -200, 287, 473, 463, 287, 136, 
53, -541, -595, 244, 324, -568, -200, 287, 473, 463, 287, 131, 
43, -541, -585, 248, 314, -563, -200, 278, 468, 463, 297, 141, 
43, -546, -590, 251, 317, -568, -204, 278, 468, 463, 297, 141, 
43, -546, -590, 251, 317, -568, -204, 278, 468, 458, 292, 141, 
43, -541, -585, 248, 314, -563, -204, 278, 468, 458, 292, 146, 
48, -541, -590, 246, 319, -566, -204, 287, 473, 458, 292, 146, 
43, -541, -585, 248, 314, -563, -204, 287, 473, 458, 292, 141, 
43, -541, -585, 248, 314, -563, -204, 287, 473, 458, 292, 141, 
48, -541, -590, 246, 319, -566, -204, 287, 473, 458, 292, 136, 
58, -541, -600, 241, 329, -570, -195, 287, 473, 468, 292, 136, 
48, -541, -590, 246, 319, -566, -195, 287, 473, 468, 283, 141, 
48, -546, -595, 248, 322, -570, -195, 283, 468, 468, 283, 136, 
48, -546, -595, 248, 322, -570, -195, 283, 468, 458, 283, 146, 
48, -546, -595, 248, 322, -570, -195, 283, 468, 458, 283, 146, 
48, -546, -595, 248, 322, -570, -195, 283, 468, 458, 283, 146, 
48, -546, -595, 248, 322, -570, -195, 283, 468, 458, 283, 146, 
39, -546, -585, 253, 312, -566, -195, 283, 468, 458, 292, 141, 
39, -546, -585, 253, 312, -566, -200, 283, 468, 458, 292, 141, 
39, -546, -585, 253, 312, -566, -200, 283, 473, 458, 292, 136, 
34, -546, -580, 256, 307, -563, -195, 283, 473, 458, 292, 136, 
43, -541, -585, 248, 314, -563, -195, 283, 473, 448, 287, 136, 
43, -536, -580, 246, 312, -558, -195, 283, 468, 448, 287, 141, 
48, -536, -585, 244, 317, -561, -195, 283, 468, 458, 287, 141, 
53, -531, -585, 239, 319, -558, -190, 283, 468, 463, 287, 141, 
43, -531, -575, 244, 309, -553, -180, 297, 483, 468, 292, 146, 
43, -527, -570, 241, 307, -549, -175, 302, 488, 473, 297, 146, 
43, -527, -570, 241, 307, -549, -165, 312, 492, 478, 297, 151, 
43, -522, -566, 239, 305, -544, -161, 312, 497, 483, 307, 156, 
53, -512, -566, 229, 309, -539, -156, 317, 502, 497, 312, 170, 
53, -497, -551, 222, 302, -524, -151, 322, 507, 502, 312, 170, 
58, -488, -546, 214, 302, -517, -146, 326, 512, 507, 322, 170, 
58, -478, -536, 209, 297, -507, -146, 331, 512, 507, 322, 175, 
73, -483, -556, 204, 314, -519, -151, 336, 517, 497, 312, 165, 
73, -483, -556, 204, 314, -519, -146, 341, 522, 497, 312, 165, 
73, -483, -556, 204, 314, -519, -146, 341, 527, 497, 317, 165, 
73, -478, -551, 202, 312, -514, -146, 346, 531, 502, 317, 165, 
73, -458, -531, 192, 302, -495, -156, 351, 536, 502, 326, 165, 
73, -458, -531, 192, 302, -495, -156, 356, 541, 502, 326, 170, 
73, -453, -527, 190, 300, -490, -156, 356, 546, 512, 326, 175, 
78, -444, -522, 183, 300, -483, -161, 351, 546, 512, 331, 175, 
68, -448, -517, 190, 292, -483, -161, 331, 536, 512, 322, 185, 
63, -448, -512, 192, 287, -480, -175, 331, 527, 507, 322, 180, 
63, -453, -517, 195, 290, -485, -185, 312, 517, 507, 322, 180, 
63, -458, -522, 197, 292, -490, -190, 297, 512, 507, 322, 180, 
73, -453, -527, 190, 300, -490, -200, 292, 507, 507, 312, 185, 
73, -444, -517, 185, 295, -480, -209, 278, 507, 502, 312, 185, 
73, -434, -507, 180, 290, -470, -214, 273, 502, 502, 317, 185, 
73, -429, -502, 178, 287, -466, -224, 268, 502, 502, 317, 185, 
73, -429, -502, 178, 287, -466, -234, 258, 512, 502, 317, 175, 
73, -429, -502, 178, 287, -466, -239, 253, 507, 502, 317, 175, 
73, -424, -497, 175, 285, -461, -239, 253, 507, 502, 317, 175, 
73, -424, -497, 175, 285, -461, -239, 253, 502, 502, 312, 180, 
73, -429, -502, 178, 287, -466, -239, 253, 492, 492, 312, 180, 
73, -429, -502, 178, 287, -466, -239, 253, 492, 492, 312, 180, 
78, -429, -507, 175, 292, -468, -244, 253, 492, 492, 312, 180, 
82, -434, -517, 175, 300, -475, -244, 253, 488, 492, 312, 180, 
73, -439, -512, 183, 292, -475, -244, 263, 483, 478, 312, 175, 
68, -448, -517, 190, 292, -483, -244, 263, 478, 468, 302, 175, 
58, -453, -512, 197, 285, -483, -244, 263, 473, 463, 302, 175, 
68, -458, -527, 195, 297, -492, -244, 258, 468, 463, 307, 175, 
68, -458, -527, 195, 297, -492, -244, 248, 468, 478, 317, 175, 
68, -458, -527, 195, 297, -492, -244, 248, 468, 483, 317, 180, 
68, -463, -531, 197, 300, -497, -244, 253, 473, 483, 317, 185, 
68, -463, -531, 197, 300, -497, -239, 258, 473, 483, 322, 185, 
68, -473, -541, 202, 305, -507, -229, 258, 468, 483, 312, 175, 
68, -478, -546, 204, 307, -512, -229, 258, 463, 478, 312, 170, 
68, -492, -561, 212, 314, -527, -229, 258, 458, 468, 307, 170, 
68, -507, -575, 219, 322, -541, -229, 258, 453, 463, 302, 170, 
63, -522, -585, 229, 324, -553, -229, 253, 439, 448, 287, 165, 
58, -531, -590, 236, 324, -561, -229, 253, 439, 444, 278, 156, 
58, -541, -600, 241, 329, -570, -229, 253, 434, 439, 273, 151, 
53, -546, -600, 246, 326, -573, -229, 248, 429, 424, 268, 146, 
53, -556, -610, 251, 331, -583, -229, 248, 434, 419, 263, 131, 
48, -566, -614, 258, 331, -590, -229, 248, 424, 419, 258, 126, 
48, -566, -614, 258, 331, -590, -224, 253, 424, 419, 258, 122, 
48, -566, -614, 258, 331, -590, -219, 258, 429, 419, 258, 117, 
48, -556, -605, 253, 326, -580, -224, 268, 429, 439, 268, 126, 
48, -561, -610, 256, 329, -585, -224, 273, 429, 439, 268, 126, 
48, -561, -610, 256, 329, -585, -224, 273, 429, 439, 268, 126, 
48, -561, -610, 256, 329, -585, -219, 273, 434, 434, 268, 122, 
48, -556, -605, 253, 326, -580, -209, 273, 434, 424, 268, 122, 
48, -561, -610, 256, 329, -585, -209, 273, 434, 424, 263, 122, 
43, -561, -605, 258, 324, -583, -209, 273, 429, 424, 263, 122, 
43, -561, -605, 258, 324, -583, -209, 273, 429, 419, 258, 122, 
39, -570, -610, 265, 324, -590, -224, 268, 414, 419, 248, 112, 
43, -570, -614, 263, 329, -592, -224, 268, 414, 414, 248, 112, 
43, -575, -619, 265, 331, -597, -224, 268, 414, 414, 244, 112, 
39, -575, -614, 268, 326, -595, -224, 268, 419, 419, 244, 112, 
39, -575, -614, 268, 326, -595, -224, 268, 419, 419, 248, 122, 
34, -575, -610, 270, 322, -592, -224, 273, 419, 419, 248, 122, 
34, -570, -605, 268, 319, -588, -219, 273, 424, 424, 248, 122, 
34, -570, -605, 268, 319, -588, -219, 273, 424, 424, 253, 122, 
34, -570, -605, 268, 319, -588, -219, 273, 424, 424, 253, 122, 
39, -570, -610, 265, 324, -590, -224, 273, 424, 424, 253, 122, 
39, -570, -610, 265, 324, -590, -224, 273, 424, 424, 253, 122, 
34, -575, -610, 270, 322, -592, -224, 273, 424, 424, 253, 122, 
24, -585, -610, 280, 317, -597, -204, 278, 434, 424, 253, 122, 
34, -590, -624, 278, 329, -607, -204, 287, 434, 409, 229, 102, 
43, -605, -649, 280, 346, -627, -180, 331, 444, 390, 209, 73, 
39, -629, -668, 295, 353, -649, -131, 400, 478, 370, 170, 39, 
19, -658, -678, 319, 348, -668, -78, 468, 517, 351, 117, 0, 
0, -688, -688, 344, 344, -688, -29, 546, 561, 326, 63, -48, 
0, -702, -702, 351, 351, -702, 0, 600, 600, 312, 24, -87, 
9, -702, -712, 346, 361, -707, 9, 634, 619, 307, 4, -97, 
14, -673, -688, 329, 351, -680, 0, 614, 610, 297, 4, -97, 
19, -600, -619, 290, 319, -610, -34, 566, 600, 326, 39, -53, 
43, -483, -527, 219, 285, -505, -87, 497, 610, 419, 141, 24, 
73, -351, -424, 139, 248, -387, -131, 448, 658, 556, 273, 131, 
112, -185, -297, 36, 204, -241, -190, 405, 722, 741, 458, 263, 
165, -9, -175, -78, 170, -92, -253, 351, 795, 941, 673, 439, 
195, 122, -73, -158, 134, 24, -307, 317, 839, 1107, 883, 614, 
234, 224, -9, -229, 122, 107, -322, 317, 868, 1273, 1107, 780, 
287, 317, 29, -302, 129, 173, -322, 326, 922, 1493, 1385, 971, 
351, 390, 39, -370, 156, 214, -331, 297, 976, 1732, 1649, 1146, 
405, 439, 34, -422, 185, 236, -302, 287, 985, 1898, 1830, 1268, 
453, 468, 14, -461, 219, 241, -253, 302, 932, 1981, 1942, 1356, 
502, 478, -24, -490, 263, 226, -248, 292, 883, 2039, 2015, 1444, 
546, 424, -122, -485, 334, 151, -283, 248, 849, 2113, 2044, 1473, 
575, 273, -302, -424, 439, -14, -336, 185, 746, 2132, 1966, 1434, 
610, 24, -585, -317, 597, -280, -434, 78, 566, 2049, 1830, 1342, 
619, -190, -810, -214, 714, -500, -590, -112, 366, 1908, 1688, 1278, 
614, -336, -951, -139, 783, -644, -766, -287, 126, 1634, 1512, 1224, 
585, -444, -1029, -70, 807, -736, -883, -385, -122, 1259, 1283, 1146, 
517, -517, -1034, 0, 775, -775, -927, -429, -361, 790, 1005, 1039, 
409, -536, -946, 63, 678, -741, -912, -448, -556, 209, 624, 868, 
317, -570, -888, 126, 602, -729, -834, -390, -649, -234, 292, 653, 
253, -634, -888, 190, 570, -761, -732, -248, -585, -278, 165, 492, 
229, -688, -917, 229, 573, -802, -649, -102, -419, -141, 156, 395, 
200, -692, -893, 246, 546, -793, -566, -4, -278, -48, 131, 317, 
146, -702, -849, 278, 497, -775, -507, 73, -151, 34, 122, 234, 
97, -712, -810, 307, 453, -761, -444, 156, -34, 126, 131, 151, 
87, -683, -771, 297, 429, -727, -370, 248, 68, 195, 146, 112, 
78, -649, -727, 285, 402, -688, -307, 331, 170, 263, 180, 122, 
78, -629, -707, 275, 392, -668, -253, 390, 273, 336, 224, 136, 
87, -624, -712, 268, 400, -668, -219, 424, 356, 380, 234, 141, 
92, -624, -717, 265, 405, -671, -204, 434, 414, 400, 229, 122, 
92, -619, -712, 263, 402, -666, -200, 434, 463, 409, 244, 122, 
102, -605, -707, 251, 405, -656, -185, 434, 483, 419, 244, 131, 
102, -585, -688, 241, 395, -636, -185, 419, 483, 419, 253, 131, 
92, -566, -658, 236, 375, -612, -190, 400, 473, 414, 263, 146, 
68, -561, -629, 246, 348, -595, -195, 375, 463, 434, 263, 146, 
58, -546, -605, 244, 331, -575, -195, 361, 463, 444, 263, 151, 
63, -546, -610, 241, 336, -578, -185, 356, 458, 448, 268, 151, 
63, -561, -624, 248, 344, -592, -195, 351, 468, 444, 258, 141, 
68, -561, -629, 246, 348, -595, -195, 351, 468, 444, 253, 131, 
68, -566, -634, 248, 351, -600, -190, 356, 483, 434, 248, 126, 
73, -566, -639, 246, 356, -602, -190, 356, 488, 429, 248, 122, 
63, -566, -629, 251, 346, -597, -200, 346, 488, 429, 239, 117, 
63, -566, -629, 251, 346, -597, -200, 346, 488, 419, 239, 112, 
63, -561, -624, 248, 344, -592, -200, 341, 488, 419, 239, 112, 
63, -556, -619, 246, 341, -588, -200, 341, 488, 419, 239, 117, 
63, -556, -619, 246, 341, -588, -200, 341, 478, 429, 253, 131, 
63, -556, -619, 246, 341, -588, -195, 336, 473, 439, 253, 131, 
58, -556, -614, 248, 336, -585, -185, 336, 473, 439, 258, 136, 
58, -556, -614, 248, 336, -585, -180, 336, 478, 439, 263, 136, 
63, -561, -624, 248, 344, -592, -190, 336, 488, 439, 253, 131, 
63, -561, -624, 248, 344, -592, -190, 336, 492, 439, 248, 126, 
63, -561, -624, 248, 344, -592, -190, 336, 502, 434, 248, 122, 
63, -561, -624, 248, 344, -592, -190, 336, 507, 434, 248, 107, 
58, -570, -629, 256, 344, -600, -195, 336, 497, 424, 248, 117, 
58, -570, -629, 256, 344, -600, -195, 336, 497, 424, 248, 117, 
63, -570, -634, 253, 348, -602, -195, 336, 497, 434, 248, 122, 
68, -561, -629, 246, 348, -595, -195, 336, 497, 439, 248, 122, 
58, -551, -610, 246, 334, -580, -195, 336, 488, 434, 239, 107, 
53, -556, -610, 251, 331, -583, -195, 336, 492, 434, 239, 107, 
53, -556, -610, 251, 331, -583, -195, 336, 497, 434, 239, 107, 
58, -556, -614, 248, 336, -585, -195, 336, 502, 439, 239, 107, 
58, -556, -614, 248, 336, -585, -204, 336, 502, 439, 239, 107, 
58, -551, -610, 246, 334, -580, -200, 336, 502, 439, 239, 107, 
58, -551, -610, 246, 334, -580, -200, 336, 502, 439, 239, 107, 
58, -551, -610, 246, 334, -580, -200, 336, 507, 439, 239, 107, 
68, -541, -610, 236, 339, -575, -200, 326, 507, 429, 239, 107, 
73, -541, -614, 234, 344, -578, -200, 326, 507, 429, 239, 112, 
73, -541, -614, 234, 344, -578, -200, 326, 507, 429, 239, 112, 
73, -541, -614, 234, 344, -578, -200, 326, 507, 434, 239, 112, 
73, -541, -614, 234, 344, -578, -190, 331, 512, 439, 234, 112, 
73, -541, -614, 234, 344, -578, -190, 336, 512, 439, 234, 107, 
73, -541, -614, 234, 344, -578, -190, 341, 512, 439, 234, 107, 
63, -531, -595, 234, 329, -563, -190, 346, 517, 439, 234, 107, 
63, -541, -605, 239, 334, -573, -200, 336, 517, 439, 224, 97, 
68, -541, -610, 236, 339, -575, -200, 336, 517, 439, 229, 102, 
73, -536, -610, 231, 341, -573, -200, 336, 517, 439, 229, 102, 
73, -536, -610, 231, 341, -573, -200, 341, 517, 439, 229, 102, 
63, -541, -605, 239, 334, -573, -200, 341, 507, 439, 234, 97, 
58, -541, -600, 241, 329, -570, -200, 341, 507, 444, 234, 97, 
58, -541, -600, 241, 329, -570, -200, 341, 507, 448, 234, 97, 
63, -541, -605, 239, 334, -573, -200, 341, 512, 448, 234, 97, 
63, -541, -605, 239, 334, -573, -190, 351, 522, 458, 224, 102, 
53, -541, -595, 244, 324, -568, -185, 351, 527, 458, 224, 102, 
53, -541, -595, 244, 324, -568, -185, 351, 527, 458, 224, 97, 
58, -541, -600, 241, 329, -570, -190, 346, 527, 458, 224, 97, 
68, -551, -619, 241, 344, -585, -200, 356, 517, 458, 224, 97, 
63, -551, -614, 244, 339, -583, -200, 356, 522, 458, 224, 97, 
63, -551, -614, 244, 339, -583, -200, 356, 522, 453, 224, 102, 
63, -551, -614, 244, 339, -583, -200, 361, 522, 448, 229, 102, 
63, -561, -624, 248, 344, -592, -190, 361, 527, 453, 229, 92, 
63, -556, -619, 246, 341, -588, -190, 361, 531, 453, 229, 92, 
63, -556, -619, 246, 341, -588, -190, 361, 531, 453, 229, 92, 
63, -556, -619, 246, 341, -588, -190, 366, 531, 453, 229, 92, 
73, -541, -614, 234, 344, -578, -200, 375, 541, 463, 224, 102, 
78, -536, -614, 229, 346, -575, -200, 375, 546, 463, 224, 102, 
82, -531, -614, 224, 348, -573, -200, 375, 546, 468, 224, 102, 
92, -527, -619, 217, 356, -573, -200, 380, 556, 473, 229, 102, 
87, -531, -619, 222, 353, -575, -200, 370, 546, 463, 229, 107, 
82, -536, -619, 226, 351, -578, -200, 370, 551, 468, 229, 107, 
78, -541, -619, 231, 348, -580, -200, 370, 556, 468, 229, 107, 
73, -546, -619, 236, 346, -583, -200, 370, 556, 468, 229, 107, 
78, -536, -614, 229, 346, -575, -200, 380, 556, 473, 234, 102, 
78, -536, -614, 229, 346, -575, -200, 380, 561, 478, 239, 102, 
73, -536, -610, 231, 341, -573, -200, 380, 566, 483, 244, 102, 
73, -536, -610, 231, 341, -573, -200, 385, 570, 488, 244, 102, 
87, -527, -614, 219, 351, -570, -200, 385, 570, 488, 244, 107, 
87, -527, -614, 219, 351, -570, -200, 385, 575, 492, 253, 112, 
87, -527, -614, 219, 351, -570, -200, 390, 580, 497, 253, 122, 
87, -522, -610, 217, 348, -566, -200, 390, 585, 502, 253, 126, 
92, -517, -610, 212, 351, -563, -209, 390, 580, 502, 253, 131, 
92, -517, -610, 212, 351, -563, -209, 395, 585, 497, 258, 126, 
92, -512, -605, 209, 348, -558, -209, 395, 590, 497, 263, 126, 
97, -512, -610, 207, 353, -561, -209, 395, 600, 497, 268, 126, 
97, -502, -600, 202, 348, -551, -209, 400, 605, 512, 268, 126, 
97, -497, -595, 200, 346, -546, -209, 405, 610, 517, 273, 126, 
97, -497, -595, 200, 346, -546, -209, 409, 614, 522, 278, 136, 
102, -497, -600, 197, 351, -549, -209, 414, 624, 527, 283, 141, 
92, -488, -580, 197, 336, -534, -200, 424, 634, 546, 302, 156, 
92, -483, -575, 195, 334, -529, -204, 429, 649, 551, 307, 161, 
102, -483, -585, 190, 344, -534, -204, 429, 663, 566, 317, 161, 
107, -478, -585, 185, 346, -531, -204, 429, 673, 566, 326, 165, 
112, -483, -595, 185, 353, -539, -214, 434, 673, 561, 322, 161, 
112, -483, -595, 185, 353, -539, -219, 439, 683, 570, 331, 165, 
117, -478, -595, 180, 356, -536, -219, 444, 688, 580, 336, 170, 
122, -473, -595, 175, 358, -534, -224, 448, 692, 585, 341, 170, 
126, -458, -585, 165, 356, -522, -224, 453, 707, 600, 356, 190, 
126, -453, -580, 163, 353, -517, -229, 458, 717, 600, 366, 200, 
126, -448, -575, 161, 351, -512, -229, 458, 717, 614, 366, 204, 
131, -444, -575, 156, 353, -509, -239, 458, 722, 619, 380, 209, 
136, -439, -575, 151, 356, -507, -244, 458, 736, 629, 390, 219, 
136, -434, -570, 148, 353, -502, -244, 458, 741, 634, 400, 224, 
136, -429, -566, 146, 351, -497, -244, 458, 746, 639, 409, 229, 
146, -424, -570, 139, 358, -497, -239, 458, 751, 644, 409, 229, 
156, -409, -566, 126, 361, -488, -239, 458, 751, 644, 424, 244, 
156, -405, -561, 124, 358, -483, -244, 458, 751, 649, 424, 258, 
156, -400, -556, 122, 356, -478, -248, 458, 756, 649, 429, 258, 
165, -395, -561, 114, 363, -478, -258, 453, 756, 649, 439, 263, 
165, -400, -566, 117, 366, -483, -248, 453, 771, 653, 444, 268, 
165, -395, -561, 114, 363, -478, -253, 453, 771, 658, 448, 273, 
165, -390, -556, 112, 361, -473, -253, 453, 771, 663, 448, 278, 
165, -385, -551, 109, 358, -468, -253, 453, 766, 668, 448, 283, 
165, -370, -536, 102, 351, -453, -258, 444, 766, 668, 444, 287, 
170, -370, -541, 100, 356, -456, -263, 444, 766, 668, 448, 292, 
170, -370, -541, 100, 356, -456, -263, 439, 766, 668, 448, 297, 
175, -361, -536, 92, 356, -448, -263, 434, 761, 668, 448, 297, 
165, -366, -531, 100, 348, -448, -273, 429, 751, 658, 448, 302, 
170, -366, -536, 97, 353, -451, -278, 424, 751, 653, 448, 302, 
170, -361, -531, 95, 351, -446, -278, 424, 751, 653, 458, 302, 
170, -356, -527, 92, 348, -441, -278, 424, 751, 653, 458, 302, 
161, -361, -522, 100, 341, -441, -283, 429, 741, 653, 458, 307, 
161, -356, -517, 97, 339, -436, -283, 424, 736, 653, 453, 312, 
161, -351, -512, 95, 336, -431, -283, 419, 732, 653, 453, 312, 
161, -351, -512, 95, 336, -431, -283, 419, 722, 653, 453, 307, 
170, -346, -517, 87, 344, -431, -287, 409, 717, 639, 444, 307, 
165, -341, -507, 87, 336, -424, -287, 395, 707, 639, 444, 307, 
161, -336, -497, 87, 329, -417, -287, 390, 702, 629, 444, 307, 
161, -331, -492, 85, 326, -412, -287, 375, 692, 624, 434, 302, 
151, -341, -492, 95, 322, -417, -278, 380, 683, 619, 429, 287, 
151, -341, -492, 95, 322, -417, -273, 380, 673, 619, 419, 283, 
146, -341, -488, 97, 317, -414, -273, 375, 663, 610, 414, 278, 
146, -341, -488, 97, 317, -414, -273, 370, 658, 605, 405, 268, 
146, -351, -497, 102, 322, -424, -273, 375, 649, 580, 390, 263, 
146, -351, -497, 102, 322, -424, -273, 375, 639, 570, 380, 253, 
141, -361, -502, 109, 322, -431, -268, 370, 629, 561, 361, 248, 
131, -366, -497, 117, 314, -431, -263, 366, 614, 556, 351, 234, 
122, -375, -497, 126, 309, -436, -263, 361, 605, 541, 331, 229, 
112, -385, -497, 136, 305, -441, -263, 351, 590, 527, 322, 224, 
102, -395, -497, 146, 300, -446, -263, 341, 566, 517, 317, 214, 
92, -409, -502, 158, 297, -456, -258, 331, 551, 502, 302, 204, 
97, -409, -507, 156, 302, -458, -268, 336, 546, 492, 292, 185, 
92, -414, -507, 161, 300, -461, -268, 331, 546, 483, 283, 180, 
92, -414, -507, 161, 300, -461, -268, 331, 536, 473, 278, 175, 
87, -419, -507, 165, 297, -463, -268, 326, 527, 463, 263, 165, 
87, -429, -517, 170, 302, -473, -258, 336, 517, 453, 268, 175, 
92, -429, -522, 168, 307, -475, -258, 336, 507, 448, 258, 161, 
92, -434, -527, 170, 309, -480, -248, 336, 502, 439, 248, 156, 
92, -444, -536, 175, 314, -490, -248, 331, 492, 429, 244, 151, 
102, -444, -546, 170, 324, -495, -248, 331, 492, 429, 234, 146, 
102, -444, -546, 170, 324, -495, -248, 322, 483, 424, 229, 141, 
102, -448, -551, 173, 326, -500, -248, 322, 478, 414, 224, 136, 
97, -453, -551, 178, 324, -502, -244, 326, 468, 405, 219, 131, 
87, -468, -556, 190, 322, -512, -248, 317, 463, 395, 214, 122, 
87, -468, -556, 190, 322, -512, -253, 312, 453, 390, 200, 117, 
82, -473, -556, 195, 319, -514, -258, 312, 444, 375, 200, 117, 
78, -473, -551, 197, 314, -512, -263, 312, 439, 375, 195, 112, 
78, -473, -551, 197, 314, -512, -258, 312, 424, 370, 180, 107, 
78, -478, -556, 200, 317, -517, -258, 312, 424, 361, 175, 107, 
78, -478, -556, 200, 317, -517, -253, 312, 419, 356, 170, 102, 
78, -478, -556, 200, 317, -517, -253, 312, 419, 356, 170, 97, 
82, -473, -556, 195, 319, -514, -253, 322, 424, 356, 170, 97, 
82, -478, -561, 197, 322, -519, -248, 322, 424, 356, 165, 97, 
82, -483, -566, 200, 324, -524, -248, 326, 429, 351, 165, 97, 
82, -488, -570, 202, 326, -529, -248, 326, 434, 346, 161, 92, 
73, -497, -570, 212, 322, -534, -248, 326, 429, 346, 156, 102, 
73, -497, -570, 212, 322, -534, -253, 326, 424, 341, 156, 102, 
73, -497, -570, 212, 322, -534, -253, 326, 409, 336, 151, 97, 
73, -507, -580, 217, 326, -544, -253, 326, 405, 331, 151, 97, 
82, -502, -585, 209, 334, -544, -253, 326, 414, 326, 151, 97, 
82, -502, -585, 209, 334, -544, -248, 326, 414, 326, 151, 92, 
82, -502, -585, 209, 334, -544, -248, 326, 414, 326, 146, 92, 
78, -502, -580, 212, 329, -541, -248, 326, 414, 326, 146, 92, 
68, -512, -580, 222, 324, -546, -248, 326, 405, 317, 141, 87, 
68, -512, -580, 222, 324, -546, -244, 331, 409, 317, 141, 87, 
73, -517, -590, 222, 331, -553, -244, 341, 409, 317, 141, 87, 
73, -517, -590, 222, 331, -553, -239, 341, 409, 317, 141, 87, 
68, -507, -575, 219, 322, -541, -239, 341, 409, 317, 136, 78, 
68, -517, -585, 224, 326, -551, -239, 341, 414, 317, 136, 73, 
68, -517, -585, 224, 326, -551, -239, 341, 414, 317, 136, 73, 
68, -517, -585, 224, 326, -551, -239, 341, 414, 312, 131, 73, 
68, -527, -595, 229, 331, -561, -234, 331, 424, 312, 122, 73, 
63, -527, -590, 231, 326, -558, -234, 331, 424, 317, 122, 73, 
63, -527, -590, 231, 326, -558, -239, 336, 424, 317, 126, 68, 
63, -527, -590, 231, 326, -558, -239, 341, 429, 322, 126, 68, 
63, -522, -585, 229, 324, -553, -239, 356, 429, 322, 126, 73, 
68, -517, -585, 224, 326, -551, -234, 356, 434, 322, 126, 73, 
68, -512, -580, 222, 324, -546, -234, 356, 439, 322, 126, 68, 
68, -512, -580, 222, 324, -546, -234, 361, 439, 322, 126, 68, 
73, -522, -595, 224, 334, -558, -234, 351, 429, 322, 117, 68, 
78, -517, -595, 219, 336, -556, -234, 351, 439, 322, 117, 68, 
87, -517, -605, 214, 346, -561, -234, 356, 439, 322, 122, 68, 
92, -517, -610, 212, 351, -563, -234, 356, 439, 326, 122, 63, 
92, -522, -614, 214, 353, -568, -229, 366, 448, 317, 131, 63, 
87, -522, -610, 217, 348, -566, -229, 366, 448, 317, 131, 68, 
87, -522, -610, 217, 348, -566, -229, 366, 448, 326, 131, 68, 
87, -522, -610, 217, 348, -566, -229, 366, 453, 326, 136, 68, 
78, -517, -595, 219, 336, -556, -229, 375, 458, 326, 136, 73, 
78, -517, -595, 219, 336, -556, -229, 375, 458, 331, 136, 73, 
78, -517, -595, 219, 336, -556, -229, 375, 458, 331, 136, 73, 
78, -517, -595, 219, 336, -556, -224, 375, 458, 331, 136, 73, 
92, -507, -600, 207, 346, -553, -214, 390, 463, 331, 151, 73, 
92, -512, -605, 209, 348, -558, -214, 390, 463, 331, 151, 73, 
92, -512, -605, 209, 348, -558, -214, 395, 468, 331, 151, 73, 
92, -507, -600, 207, 346, -553, -214, 395, 473, 341, 151, 73, 
87, -507, -595, 209, 341, -551, -229, 395, 473, 341, 146, 73, 
87, -507, -595, 209, 341, -551, -229, 395, 473, 341, 151, 82, 
87, -507, -595, 209, 341, -551, -224, 395, 473, 346, 156, 82, 
92, -507, -600, 207, 346, -553, -224, 395, 473, 346, 156, 82, 
82, -507, -590, 212, 336, -549, -234, 395, 488, 336, 146, 82, 
78, -507, -585, 214, 331, -546, -234, 395, 488, 336, 151, 82, 
78, -507, -585, 214, 331, -546, -234, 395, 488, 341, 151, 82, 
78, -507, -585, 214, 331, -546, -234, 395, 488, 341, 151, 82, 
82, -517, -600, 217, 341, -558, -224, 395, 473, 341, 156, 78, 
87, -517, -605, 214, 346, -561, -224, 395, 473, 341, 156, 87, 
87, -517, -605, 214, 346, -561, -224, 400, 473, 346, 161, 87, 
87, -517, -605, 214, 346, -561, -224, 400, 478, 346, 161, 87, 
87, -517, -605, 214, 346, -561, -224, 400, 478, 346, 151, 87, 
92, -517, -610, 212, 351, -563, -224, 400, 478, 346, 151, 87, 
92, -507, -600, 207, 346, -553, -224, 400, 473, 346, 151, 87, 
92, -507, -600, 207, 346, -553, -224, 395, 473, 346, 151, 87, 
92, -507, -600, 207, 346, -553, -224, 385, 473, 336, 156, 82, 
87, -512, -600, 212, 344, -556, -224, 385, 473, 331, 156, 82, 
87, -512, -600, 212, 344, -556, -224, 385, 473, 331, 156, 82, 
87, -512, -600, 212, 344, -556, -224, 385, 473, 336, 161, 87, 
97, -502, -600, 202, 348, -551, -224, 385, 463, 336, 161, 97, 
97, -502, -600, 202, 348, -551, -224, 385, 463, 331, 156, 97, 
97, -502, -600, 202, 348, -551, -224, 385, 463, 331, 156, 97, 
97, -502, -600, 202, 348, -551, -229, 380, 458, 331, 156, 92, 
87, -507, -595, 209, 341, -551, -234, 390, 453, 331, 156, 87, 
87, -512, -600, 212, 344, -556, -234, 385, 453, 331, 156, 87, 
87, -517, -605, 214, 346, -561, -234, 385, 453, 331, 156, 92, 
87, -522, -610, 217, 348, -566, -234, 385, 448, 331, 156, 92, 
102, -512, -614, 204, 358, -563, -224, 380, 458, 341, 165, 87, 
102, -507, -610, 202, 356, -558, -224, 380, 458, 341, 165, 87, 
102, -507, -610, 202, 356, -558, -224, 380, 453, 336, 165, 87, 
102, -502, -605, 200, 353, -553, -224, 380, 453, 336, 165, 87, 
92, -502, -595, 204, 344, -549, -239, 380, 444, 326, 165, 87, 
92, -502, -595, 204, 344, -549, -239, 380, 444, 326, 156, 87, 
92, -502, -595, 204, 344, -549, -239, 375, 439, 326, 156, 87, 
92, -502, -595, 204, 344, -549, -234, 375, 439, 326, 156, 87, 
92, -512, -605, 209, 348, -558, -234, 370, 439, 322, 146, 78, 
92, -512, -605, 209, 348, -558, -239, 370, 434, 322, 146, 78, 
92, -512, -605, 209, 348, -558, -239, 370, 434, 322, 146, 78, 
92, -512, -605, 209, 348, -558, -239, 370, 434, 322, 146, 73, 
92, -512, -605, 209, 348, -558, -244, 370, 434, 317, 136, 82, 
87, -512, -600, 212, 344, -556, -244, 370, 429, 317, 136, 82, 
87, -512, -600, 212, 344, -556, -239, 370, 429, 317, 136, 82, 
92, -512, -605, 209, 348, -558, -239, 375, 429, 317, 136, 82, 
82, -512, -595, 214, 339, -553, -239, 366, 429, 312, 141, 82, 
78, -512, -590, 217, 334, -551, -234, 361, 424, 312, 136, 82, 
78, -512, -590, 217, 334, -551, -234, 361, 424, 312, 136, 82, 
78, -517, -595, 219, 336, -556, -234, 361, 429, 312, 136, 82, 
92, -517, -610, 212, 351, -563, -248, 370, 429, 307, 136, 73, 
92, -517, -610, 212, 351, -563, -248, 370, 429, 307, 136, 68, 
92, -517, -610, 212, 351, -563, -248, 366, 424, 307, 136, 68, 
92, -517, -610, 212, 351, -563, -248, 366, 424, 307, 136, 68, 
82, -527, -610, 222, 346, -568, -248, 370, 424, 307, 126, 58, 
82, -527, -610, 222, 346, -568, -248, 370, 419, 307, 126, 63, 
82, -527, -610, 222, 346, -568, -248, 370, 419, 307, 126, 63, 
82, -522, -605, 219, 344, -563, -248, 366, 419, 307, 122, 63, 
87, -512, -600, 212, 344, -556, -239, 366, 419, 297, 122, 63, 
92, -512, -605, 209, 348, -558, -239, 366, 419, 297, 122, 63, 
102, -512, -614, 204, 358, -563, -239, 370, 414, 297, 122, 63, 
107, -512, -619, 202, 363, -566, -239, 370, 414, 297, 122, 63, 
92, -527, -619, 217, 356, -573, -239, 375, 429, 307, 122, 63, 
82, -527, -610, 222, 346, -568, -239, 375, 429, 307, 122, 63, 
78, -527, -605, 224, 341, -566, -239, 375, 429, 307, 126, 63, 
73, -527, -600, 226, 336, -563, -239, 375, 429, 307, 126, 63, 
73, -527, -600, 226, 336, -563, -239, 366, 419, 297, 122, 63, 
82, -531, -614, 224, 348, -573, -239, 366, 414, 297, 122, 63, 
82, -531, -614, 224, 348, -573, -239, 366, 414, 297, 122, 58, 
82, -531, -614, 224, 348, -573, -239, 366, 414, 297, 122, 53, 
92, -522, -614, 214, 353, -568, -239, 366, 409, 297, 131, 53, 
92, -527, -619, 217, 356, -573, -244, 366, 409, 297, 131, 53, 
92, -527, -619, 217, 356, -573, -244, 366, 409, 292, 126, 53, 
92, -522, -614, 214, 353, -568, -244, 366, 409, 292, 126, 58, 
97, -522, -619, 212, 358, -570, -244, 366, 414, 292, 126, 58, 
92, -522, -614, 214, 353, -568, -244, 366, 414, 292, 126, 53, 
92, -522, -614, 214, 353, -568, -244, 366, 414, 292, 126, 53, 
97, -522, -619, 212, 358, -570, -244, 366, 414, 292, 126, 48, 
92, -531, -624, 219, 358, -578, -244, 366, 414, 292, 117, 48, 
87, -531, -619, 222, 353, -575, -244, 366, 414, 292, 117, 53, 
87, -527, -614, 219, 351, -570, -244, 366, 414, 292, 117, 53, 
82, -527, -610, 222, 346, -568, -244, 366, 405, 292, 117, 53, 
87, -531, -619, 222, 353, -575, -244, 356, 405, 283, 122, 53, 
87, -531, -619, 222, 353, -575, -244, 356, 409, 283, 122, 53, 
87, -527, -614, 219, 351, -570, -244, 356, 409, 283, 117, 53, 
87, -527, -614, 219, 351, -570, -244, 356, 409, 283, 117, 53, 
97, -522, -619, 212, 358, -570, -253, 366, 409, 287, 126, 53, 
97, -517, -614, 209, 356, -566, -244, 370, 409, 287, 126, 53, 
87, -527, -614, 219, 351, -570, -234, 361, 409, 292, 126, 48, 
87, -536, -624, 224, 356, -580, -244, 351, 400, 292, 117, 48, 
87, -536, -624, 224, 356, -580, -244, 351, 400, 292, 117, 48, 
87, -536, -624, 224, 356, -580, -244, 351, 400, 292, 117, 48, 
87, -536, -624, 224, 356, -580, -244, 351, 400, 292, 117, 48, 
87, -527, -614, 219, 351, -570, -244, 361, 409, 283, 107, 53, 
87, -527, -614, 219, 351, -570, -248, 361, 409, 283, 107, 53, 
87, -527, -614, 219, 351, -570, -248, 361, 414, 283, 107, 48, 
82, -527, -610, 222, 346, -568, -244, 361, 414, 283, 107, 48, 
82, -531, -614, 224, 348, -573, -244, 361, 414, 292, 122, 48, 
82, -527, -610, 222, 346, -568, -244, 361, 409, 292, 122, 53, 
87, -527, -614, 219, 351, -570, -244, 361, 409, 302, 122, 53, 
92, -522, -614, 214, 353, -568, -239, 361, 409, 307, 122, 53, 
92, -512, -605, 209, 348, -558, -229, 366, 414, 307, 117, 48, 
92, -507, -600, 207, 346, -553, -224, 370, 419, 307, 122, 48, 
92, -507, -600, 207, 346, -553, -214, 380, 424, 307, 122, 53, 
92, -502, -595, 204, 344, -549, -209, 380, 429, 307, 131, 58, 
82, -502, -585, 209, 334, -544, -214, 395, 434, 312, 126, 63, 
82, -497, -580, 207, 331, -539, -209, 400, 439, 317, 126, 63, 
87, -497, -585, 204, 336, -541, -204, 405, 444, 322, 136, 63, 
87, -497, -585, 204, 336, -541, -204, 409, 444, 322, 136, 68, 
102, -478, -580, 187, 341, -529, -200, 424, 458, 331, 146, 78, 
102, -473, -575, 185, 339, -524, -195, 429, 463, 331, 146, 78, 
102, -468, -570, 183, 336, -519, -195, 429, 468, 331, 151, 78, 
102, -458, -561, 178, 331, -509, -195, 434, 473, 336, 151, 78, 
112, -448, -561, 168, 336, -505, -190, 439, 468, 336, 151, 78, 
112, -448, -561, 168, 336, -505, -185, 444, 473, 336, 151, 82, 
112, -444, -556, 165, 334, -500, -180, 444, 478, 346, 151, 87, 
117, -434, -551, 158, 334, -492, -180, 439, 478, 346, 156, 87, 
126, -434, -561, 153, 344, -497, -190, 439, 483, 346, 156, 87, 
122, -429, -551, 153, 336, -490, -204, 439, 478, 341, 156, 82, 
122, -429, -551, 153, 336, -490, -214, 419, 473, 341, 156, 82, 
122, -429, -551, 153, 336, -490, -219, 405, 473, 341, 156, 82, 
117, -429, -546, 156, 331, -488, -229, 390, 468, 341, 165, 97, 
112, -424, -536, 156, 324, -480, -239, 375, 468, 336, 165, 97, 
107, -419, -527, 156, 317, -473, -244, 370, 463, 336, 170, 97, 
102, -419, -522, 158, 312, -470, -253, 366, 463, 336, 170, 97, 
112, -429, -541, 158, 326, -485, -263, 346, 453, 326, 161, 87, 
112, -429, -541, 158, 326, -485, -268, 341, 448, 326, 161, 87, 
112, -424, -536, 156, 324, -480, -268, 341, 448, 326, 161, 87, 
112, -424, -536, 156, 324, -480, -268, 341, 444, 326, 156, 92, 
112, -429, -541, 158, 326, -485, -273, 341, 434, 317, 146, 82, 
112, -429, -541, 158, 326, -485, -278, 341, 434, 317, 146, 82, 
117, -429, -546, 156, 331, -488, -287, 341, 434, 317, 146, 82, 
122, -434, -556, 156, 339, -495, -292, 341, 429, 317, 146, 82, 
112, -439, -551, 163, 331, -495, -283, 341, 434, 322, 156, 87, 
107, -448, -556, 170, 331, -502, -283, 341, 429, 312, 146, 87, 
97, -453, -551, 178, 324, -502, -283, 341, 424, 307, 146, 87, 
107, -458, -566, 175, 336, -512, -283, 336, 419, 307, 151, 87, 
107, -458, -566, 175, 336, -512, -283, 336, 419, 312, 151, 78, 
107, -458, -566, 175, 336, -512, -283, 336, 419, 317, 151, 82, 
107, -463, -570, 178, 339, -517, -283, 341, 424, 317, 151, 87, 
107, -463, -570, 178, 339, -517, -278, 346, 424, 317, 156, 87, 
117, -463, -580, 173, 348, -522, -287, 346, 419, 317, 146, 87, 
117, -468, -585, 175, 351, -527, -287, 346, 414, 312, 146, 82, 
117, -483, -600, 183, 358, -541, -287, 346, 409, 302, 141, 82, 
117, -497, -614, 190, 366, -556, -287, 346, 405, 297, 136, 82, 
112, -502, -614, 195, 363, -558, -283, 341, 400, 302, 141, 87, 
107, -512, -619, 202, 363, -566, -278, 341, 400, 297, 131, 78, 
107, -522, -629, 207, 368, -575, -273, 341, 395, 292, 126, 73, 
102, -527, -629, 212, 366, -578, -268, 336, 390, 278, 122, 68, 
102, -546, -649, 222, 375, -597, -278, 336, 375, 263, 107, 53, 
97, -556, -653, 229, 375, -605, -278, 336, 366, 263, 102, 48, 
97, -556, -653, 229, 375, -605, -273, 341, 366, 263, 102, 43, 
97, -556, -653, 229, 375, -605, -268, 346, 370, 263, 102, 39, 
87, -556, -644, 234, 366, -600, -263, 346, 380, 273, 102, 39, 
87, -561, -649, 236, 368, -605, -263, 351, 380, 273, 102, 39, 
87, -561, -649, 236, 368, -605, -263, 351, 380, 273, 102, 39, 
87, -561, -649, 236, 368, -605, -258, 351, 385, 268, 102, 34, 
78, -566, -644, 244, 361, -605, -258, 351, 385, 268, 102, 34, 
78, -570, -649, 246, 363, -610, -258, 351, 385, 268, 97, 34, 
73, -570, -644, 248, 358, -607, -258, 351, 380, 268, 97, 34, 
73, -570, -644, 248, 358, -607, -258, 351, 380, 263, 92, 34, 
78, -570, -649, 246, 363, -610, -273, 356, 375, 263, 92, 34, 
82, -570, -653, 244, 368, -612, -273, 356, 375, 258, 92, 34, 
82, -575, -658, 246, 370, -617, -273, 356, 375, 258, 87, 34, 
78, -575, -653, 248, 366, -614, -273, 356, 380, 263, 87, 34, 
78, -575, -653, 248, 366, -614, -263, 346, 370, 263, 92, 34, 
73, -575, -649, 251, 361, -612, -263, 351, 370, 263, 92, 34, 
73, -570, -644, 248, 358, -607, -258, 351, 375, 268, 92, 34, 
73, -570, -644, 248, 358, -607, -258, 351, 375, 268, 97, 34, 
73, -570, -644, 248, 358, -607, -258, 361, 375, 268, 97, 34, 
78, -570, -649, 246, 363, -610, -263, 361, 375, 268, 97, 34, 
78, -570, -649, 246, 363, -610, -263, 361, 375, 268, 97, 34, 
73, -575, -649, 251, 361, -612, -263, 361, 375, 268, 97, 34, 
73, -575, -649, 251, 361, -612, -263, 366, 375, 268, 97, 34, 
82, -570, -653, 244, 368, -612, -263, 366, 385, 263, 92, 34, 
82, -575, -658, 246, 370, -617, -258, 380, 385, 263, 82, 24, 
78, -590, -668, 256, 373, -629, -219, 419, 390, 253, 53, 0, 
58, -629, -688, 285, 373, -658, -165, 478, 419, 224, 9, -39, 
39, -668, -707, 314, 373, -688, -117, 556, 473, 200, -34, -87, 
29, -692, -722, 331, 375, -707, -58, 629, 522, 175, -82, -136, 
29, -702, -732, 336, 380, -717, -29, 692, 551, 161, -131, -175, 
43, -702, -746, 329, 395, -724, -29, 712, 561, 151, -151, -195, 
48, -678, -727, 314, 387, -702, -34, 702, 551, 141, -156, -180, 
43, -610, -653, 283, 348, -631, -58, 663, 541, 175, -112, -141, 
63, -497, -561, 217, 312, -529, -112, 595, 551, 263, -9, -63, 
82, -370, -453, 143, 268, -412, -161, 551, 605, 400, 136, 58, 
136, -234, -370, 48, 253, -302, -204, 507, 678, 580, 312, 195, 
195, -63, -258, -65, 226, -161, -278, 444, 741, 775, 522, 361, 
234, 68, -165, -151, 200, -48, -331, 414, 790, 941, 727, 517, 
287, 180, -107, -234, 197, 36, -341, 414, 824, 1102, 956, 688, 
370, 302, -68, -336, 219, 117, -341, 414, 888, 1322, 1229, 893, 
453, 400, -53, -427, 253, 173, -351, 395, 946, 1566, 1507, 1073, 
483, 429, -53, -456, 268, 187, -351, 370, 922, 1708, 1688, 1190, 
502, 439, -63, -470, 283, 187, -317, 370, 844, 1756, 1761, 1268, 
546, 444, -102, -495, 324, 170, -312, 356, 790, 1790, 1810, 1337, 
595, 390, -204, -492, 400, 92, -346, 322, 756, 1849, 1810, 1376, 
629, 229, -400, -429, 514, -85, -405, 234, 644, 1825, 1722, 1322, 
658, -4, -663, -326, 661, -334, -512, 82, 453, 1722, 1571, 1239, 
692, -209, -902, -241, 797, -556, -678, -122, 244, 1556, 1415, 1146, 
712, -366, -1078, -173, 895, -722, -854, -307, 4, 1288, 1234, 1068, 
702, -488, -1190, -107, 946, -839, -966, -400, -234, 936, 1024, 990, 
644, -536, -1180, -53, 912, -858, -1010, -439, -448, 522, 771, 897, 
512, -551, -1063, 19, 788, -807, -1000, -439, -639, 9, 439, 741, 
370, -595, -966, 112, 668, -780, -917, -356, -732, -395, 117, 541, 
307, -658, -966, 175, 636, -812, -795, -200, -653, -444, -9, 385, 
268, -712, -980, 222, 624, -846, -692, -53, -492, -302, -4, 297, 
224, -712, -936, 244, 580, -824, -605, 53, -336, -190, -4, 244, 
175, -722, -897, 273, 536, -810, -541, 136, -190, -107, -4, 170, 
146, -722, -868, 287, 507, -795, -468, 229, -58, -9, 9, 92, 
136, -688, -824, 275, 480, -756, -385, 331, 63, 78, 24, 43, 
136, -639, -775, 251, 456, -707, -331, 400, 165, 141, 58, 48, 
136, -614, -751, 239, 444, -683, -297, 453, 258, 195, 78, 63, 
141, -614, -756, 236, 448, -685, -273, 492, 317, 234, 92, 53, 
131, -610, -741, 239, 436, -675, -248, 522, 366, 253, 97, 43, 
131, -605, -736, 236, 434, -671, -234, 531, 414, 263, 107, 43, 
131, -595, -727, 231, 429, -661, -214, 527, 434, 273, 107, 43, 
122, -595, -717, 236, 419, -656, -219, 497, 424, 278, 107, 48, 
117, -580, -697, 231, 407, -639, -224, 463, 414, 287, 117, 58, 
117, -556, -673, 219, 395, -614, -224, 439, 414, 297, 136, 73, 
112, -546, -658, 217, 385, -602, -224, 434, 419, 302, 141, 82, 
97, -551, -649, 226, 373, -600, -234, 429, 429, 307, 131, 73, 
97, -551, -649, 226, 373, -600, -234, 429, 429, 307, 126, 63, 
92, -556, -649, 231, 370, -602, -229, 434, 444, 297, 122, 58, 
92, -556, -649, 231, 370, -602, -229, 434, 448, 292, 122, 53, 
92, -566, -658, 236, 375, -612, -239, 434, 458, 292, 112, 48, 
92, -566, -658, 236, 375, -612, -239, 434, 458, 283, 112, 43, 
92, -561, -653, 234, 373, -607, -239, 429, 458, 283, 112, 43, 
92, -556, -649, 231, 370, -602, -239, 429, 458, 283, 112, 48, 
92, -556, -649, 231, 370, -602, -239, 429, 453, 283, 117, 53, 
92, -556, -649, 231, 370, -602, -234, 424, 444, 292, 117, 53, 
87, -556, -644, 234, 366, -600, -224, 424, 439, 292, 122, 58, 
87, -556, -644, 234, 366, -600, -219, 424, 439, 292, 126, 58, 
92, -561, -653, 234, 373, -607, -229, 424, 444, 292, 117, 48, 
92, -561, -653, 234, 373, -607, -229, 424, 444, 292, 112, 48, 
92, -561, -653, 234, 373, -607, -229, 424, 448, 287, 112, 48, 
92, -561, -653, 234, 373, -607, -229, 424, 448, 287, 112, 39, 
87, -561, -649, 236, 368, -605, -234, 424, 458, 287, 112, 48, 
87, -561, -649, 236, 368, -605, -234, 424, 458, 287, 112, 48, 
92, -561, -653, 234, 373, -607, -234, 424, 458, 297, 112, 53, 
97, -551, -649, 226, 373, -600, -234, 424, 458, 302, 112, 53, 
97, -551, -649, 226, 373, -600, -224, 424, 458, 297, 122, 48, 
92, -556, -649, 231, 370, -602, -224, 424, 463, 297, 122, 48, 
92, -556, -649, 231, 370, -602, -224, 424, 468, 297, 122, 48, 
97, -556, -653, 229, 375, -605, -224, 424, 473, 302, 122, 48, 
107, -546, -653, 219, 380, -600, -234, 424, 463, 302, 112, 48, 
107, -541, -649, 217, 378, -595, -229, 424, 463, 302, 112, 48, 
107, -541, -649, 217, 378, -595, -229, 424, 463, 302, 112, 48, 
107, -541, -649, 217, 378, -595, -229, 424, 468, 302, 112, 48, 
107, -541, -649, 217, 378, -595, -239, 424, 468, 302, 112, 39, 
112, -541, -653, 214, 383, -597, -239, 424, 468, 302, 112, 43, 
112, -541, -653, 214, 383, -597, -239, 424, 468, 302, 112, 43, 
112, -541, -653, 214, 383, -597, -239, 424, 468, 307, 112, 43, 
112, -541, -653, 214, 383, -597, -239, 424, 473, 312, 117, 43, 
112, -541, -653, 214, 383, -597, -239, 424, 473, 312, 117, 39, 
112, -541, -653, 214, 383, -597, -239, 424, 473, 312, 117, 39, 
102, -531, -634, 214, 368, -583, -239, 424, 478, 312, 117, 39, 
102, -522, -624, 209, 363, -573, -239, 414, 478, 312, 107, 29, 
107, -522, -629, 207, 368, -575, -239, 414, 478, 312, 112, 34, 
112, -517, -629, 202, 370, -573, -239, 414, 478, 312, 112, 34, 
112, -517, -629, 202, 370, -573, -239, 419, 478, 312, 112, 34, 
107, -531, -639, 212, 373, -585, -239, 419, 478, 312, 117, 39, 
97, -531, -629, 217, 363, -580, -239, 419, 478, 317, 117, 39, 
92, -531, -624, 219, 358, -578, -239, 419, 478, 322, 117, 39, 
92, -531, -624, 219, 358, -578, -239, 419, 483, 322, 117, 39, 
92, -536, -629, 222, 361, -583, -248, 419, 483, 322, 117, 34, 
82, -541, -624, 229, 353, -583, -244, 419, 488, 322, 117, 34, 
82, -546, -629, 231, 356, -588, -244, 419, 488, 322, 117, 29, 
87, -551, -639, 231, 363, -595, -248, 414, 488, 322, 117, 29, 
87, -556, -644, 234, 366, -600, -244, 419, 488, 326, 117, 39, 
82, -551, -634, 234, 358, -592, -239, 424, 492, 331, 117, 39, 
82, -546, -629, 231, 356, -588, -234, 429, 492, 331, 117, 43, 
82, -541, -624, 229, 353, -583, -229, 439, 492, 331, 122, 43, 
87, -541, -629, 226, 358, -585, -239, 439, 497, 336, 131, 43, 
92, -536, -629, 222, 361, -583, -239, 439, 502, 336, 131, 43, 
97, -536, -634, 219, 366, -585, -239, 439, 502, 336, 131, 43, 
102, -536, -639, 217, 370, -588, -239, 444, 502, 336, 131, 43, 
97, -546, -644, 224, 370, -595, -239, 434, 502, 336, 126, 43, 
97, -546, -644, 224, 370, -595, -239, 434, 507, 336, 126, 43, 
97, -546, -644, 224, 370, -595, -239, 434, 507, 341, 126, 43, 
102, -546, -649, 222, 375, -597, -239, 439, 517, 346, 131, 43, 
112, -536, -649, 212, 380, -592, -229, 444, 517, 356, 141, 48, 
112, -536, -649, 212, 380, -592, -229, 448, 522, 361, 141, 48, 
112, -536, -649, 212, 380, -592, -229, 453, 527, 361, 141, 48, 
112, -536, -649, 212, 380, -592, -229, 458, 527, 361, 141, 48, 
117, -536, -653, 209, 385, -595, -229, 463, 527, 356, 146, 53, 
117, -536, -653, 209, 385, -595, -229, 458, 531, 361, 151, 53, 
112, -536, -649, 212, 380, -592, -229, 453, 536, 366, 156, 53, 
112, -536, -649, 212, 380, -592, -229, 453, 541, 370, 156, 53, 
117, -536, -653, 209, 385, -595, -229, 463, 541, 361, 146, 53, 
117, -536, -653, 209, 385, -595, -229, 463, 546, 366, 156, 53, 
117, -536, -653, 209, 385, -595, -229, 468, 551, 370, 156, 58, 
117, -531, -649, 207, 383, -590, -229, 468, 556, 375, 156, 58, 
112, -527, -639, 207, 375, -583, -239, 468, 561, 380, 156, 58, 
112, -527, -639, 207, 375, -583, -239, 473, 566, 380, 161, 58, 
112, -522, -634, 204, 373, -578, -239, 473, 570, 385, 165, 63, 
117, -522, -639, 202, 378, -580, -239, 473, 580, 390, 170, 68, 
117, -531, -649, 207, 383, -590, -239, 478, 585, 395, 180, 78, 
117, -527, -644, 204, 380, -585, -239, 483, 590, 400, 185, 78, 
117, -527, -644, 204, 380, -585, -239, 488, 595, 405, 190, 87, 
122, -527, -649, 202, 385, -588, -239, 492, 605, 409, 195, 92, 
112, -507, -619, 197, 366, -563, -239, 492, 619, 419, 204, 97, 
112, -502, -614, 195, 363, -558, -244, 497, 629, 424, 209, 102, 
122, -502, -624, 190, 373, -563, -244, 497, 639, 439, 219, 102, 
126, -497, -624, 185, 375, -561, -244, 497, 644, 439, 229, 107, 
131, -492, -624, 180, 378, -558, -234, 512, 649, 448, 234, 112, 
131, -492, -624, 180, 378, -558, -239, 517, 663, 463, 244, 117, 
136, -488, -624, 175, 380, -556, -239, 522, 673, 478, 248, 122, 
141, -483, -624, 170, 383, -553, -244, 527, 683, 488, 253, 122, 
161, -478, -639, 158, 400, -558, -253, 522, 678, 497, 268, 122, 
165, -473, -639, 153, 402, -556, -258, 527, 688, 492, 278, 131, 
170, -468, -639, 148, 405, -553, -258, 527, 688, 502, 278, 136, 
180, -463, -644, 141, 412, -553, -268, 527, 692, 502, 292, 141, 
180, -463, -644, 141, 412, -553, -263, 531, 707, 522, 302, 156, 
175, -463, -639, 143, 407, -551, -263, 536, 712, 527, 312, 165, 
170, -463, -634, 146, 402, -549, -263, 541, 717, 531, 322, 175, 
175, -463, -639, 143, 407, -551, -258, 546, 722, 536, 322, 180, 
165, -458, -624, 146, 395, -541, -258, 546, 741, 546, 336, 195, 
165, -453, -619, 143, 392, -536, -263, 546, 741, 551, 336, 209, 
165, -448, -614, 141, 390, -531, -268, 546, 746, 551, 341, 209, 
175, -444, -619, 134, 397, -531, -278, 541, 746, 551, 351, 214, 
180, -439, -619, 129, 400, -529, -268, 531, 751, 556, 366, 229, 
185, -434, -619, 124, 402, -527, -273, 531, 751, 561, 370, 234, 
190, -429, -619, 119, 405, -524, -273, 531, 751, 566, 370, 239, 
195, -424, -619, 114, 407, -522, -273, 531, 746, 570, 370, 244, 
195, -419, -614, 112, 405, -517, -278, 531, 756, 570, 375, 248, 
200, -419, -619, 109, 409, -519, -283, 531, 756, 570, 380, 253, 
200, -419, -619, 109, 409, -519, -283, 527, 756, 570, 380, 258, 
204, -409, -614, 102, 409, -512, -283, 522, 751, 570, 380, 258, 
204, -405, -610, 100, 407, -507, -283, 527, 751, 570, 390, 268, 
209, -405, -614, 97, 412, -509, -287, 522, 751, 566, 390, 273, 
209, -400, -610, 95, 409, -505, -287, 522, 751, 566, 400, 278, 
209, -395, -605, 92, 407, -500, -287, 522, 751, 566, 400, 283, 
209, -390, -600, 90, 405, -495, -292, 507, 751, 566, 409, 278, 
209, -385, -595, 87, 402, -490, -292, 502, 746, 566, 405, 283, 
209, -380, -590, 85, 400, -485, -292, 497, 741, 566, 405, 283, 
209, -380, -590, 85, 400, -485, -292, 497, 732, 566, 405, 278, 
200, -380, -580, 90, 390, -480, -297, 502, 727, 570, 405, 287, 
195, -380, -575, 92, 385, -478, -297, 492, 717, 570, 405, 287, 
190, -380, -570, 95, 380, -475, -297, 492, 712, 561, 405, 287, 
190, -380, -570, 95, 380, -475, -297, 483, 702, 556, 395, 283, 
190, -390, -580, 100, 385, -485, -307, 468, 692, 551, 400, 278, 
190, -390, -580, 100, 385, -485, -302, 468, 683, 551, 390, 273, 
185, -390, -575, 102, 380, -483, -302, 463, 673, 541, 385, 268, 
185, -390, -575, 102, 380, -483, -302, 458, 668, 536, 375, 258, 
175, -400, -575, 112, 375, -488, -302, 463, 658, 531, 366, 263, 
175, -400, -575, 112, 375, -488, -302, 463, 649, 522, 361, 253, 
170, -409, -580, 119, 375, -495, -297, 458, 639, 512, 346, 248, 
161, -414, -575, 126, 368, -495, -292, 453, 624, 507, 341, 234, 
156, -409, -566, 126, 361, -488, -292, 453, 619, 507, 331, 229, 
151, -414, -566, 131, 358, -490, -292, 448, 610, 497, 322, 224, 
146, -419, -566, 136, 356, -492, -292, 444, 590, 492, 317, 214, 
141, -429, -570, 143, 356, -500, -287, 439, 580, 483, 302, 204, 
146, -448, -595, 151, 370, -522, -287, 424, 556, 463, 292, 185, 
141, -453, -595, 156, 368, -524, -287, 419, 556, 453, 283, 180, 
141, -453, -595, 156, 368, -524, -287, 419, 546, 444, 278, 175, 
136, -458, -595, 161, 366, -527, -287, 414, 536, 434, 263, 165, 
131, -473, -605, 170, 368, -539, -287, 414, 536, 434, 268, 170, 
131, -478, -610, 173, 370, -544, -287, 414, 527, 429, 258, 161, 
126, -488, -614, 180, 370, -551, -278, 414, 522, 419, 248, 161, 
122, -502, -624, 190, 373, -563, -278, 409, 512, 409, 244, 161, 
131, -502, -634, 185, 383, -568, -273, 419, 512, 400, 244, 156, 
131, -502, -634, 185, 383, -568, -268, 409, 502, 395, 239, 151, 
131, -507, -639, 187, 385, -573, -263, 409, 497, 385, 234, 146, 
126, -512, -639, 192, 383, -575, -253, 414, 488, 375, 229, 141, 
136, -507, -644, 185, 390, -575, -263, 405, 478, 366, 224, 136, 
136, -507, -644, 185, 390, -575, -263, 400, 473, 361, 209, 126, 
131, -512, -644, 190, 387, -578, -263, 400, 468, 346, 209, 122, 
126, -512, -639, 192, 383, -575, -263, 400, 468, 346, 204, 112, 
112, -527, -639, 207, 375, -583, -258, 400, 453, 351, 200, 117, 
107, -536, -644, 214, 375, -590, -258, 400, 453, 341, 195, 117, 
102, -541, -644, 219, 373, -592, -253, 400, 448, 336, 190, 112, 
97, -546, -644, 224, 370, -595, -253, 400, 448, 336, 190, 107, 
97, -551, -649, 226, 373, -600, -263, 400, 458, 336, 200, 117, 
102, -556, -658, 226, 380, -607, -258, 400, 453, 336, 195, 117, 
107, -561, -668, 226, 387, -614, -258, 405, 453, 331, 195, 117, 
112, -566, -678, 226, 395, -622, -258, 405, 453, 326, 190, 112, 
112, -566, -678, 226, 395, -622, -258, 405, 444, 326, 175, 112, 
112, -566, -678, 226, 395, -622, -263, 405, 444, 322, 175, 112, 
112, -566, -678, 226, 395, -622, -263, 405, 434, 317, 170, 107, 
112, -575, -688, 231, 400, -631, -263, 405, 434, 312, 170, 107, 
107, -580, -688, 236, 397, -634, -253, 405, 444, 317, 170, 107, 
102, -580, -683, 239, 392, -631, -248, 405, 444, 317, 170, 102, 
97, -580, -678, 241, 387, -629, -248, 405, 444, 317, 165, 102, 
87, -580, -668, 246, 378, -624, -248, 405, 444, 317, 165, 102, 
92, -590, -683, 248, 387, -636, -248, 414, 434, 317, 170, 97, 
97, -590, -688, 246, 392, -639, -244, 419, 439, 317, 170, 97, 
107, -595, -702, 244, 405, -649, -244, 429, 439, 317, 170, 97, 
112, -595, -707, 241, 409, -651, -239, 429, 439, 317, 170, 97, 
97, -575, -673, 239, 385, -624, -248, 429, 444, 326, 165, 87, 
97, -585, -683, 244, 390, -634, -248, 429, 453, 326, 165, 82, 
97, -585, -683, 244, 390, -634, -248, 429, 458, 326, 165, 82, 
97, -585, -683, 244, 390, -634, -248, 429, 463, 322, 161, 82, 
97, -590, -688, 246, 392, -639, -234, 429, 463, 322, 161, 92, 
92, -595, -688, 251, 390, -641, -234, 429, 463, 326, 161, 92, 
92, -600, -692, 253, 392, -646, -239, 434, 463, 326, 165, 87, 
92, -605, -697, 256, 395, -651, -239, 439, 468, 331, 165, 87, 
102, -605, -707, 251, 405, -656, -248, 444, 468, 331, 165, 82, 
107, -605, -712, 248, 409, -658, -244, 444, 473, 331, 165, 82, 
107, -605, -712, 248, 409, -658, -244, 444, 478, 331, 165, 78, 
107, -610, -717, 251, 412, -663, -244, 448, 478, 331, 165, 78, 
97, -600, -697, 251, 397, -649, -234, 448, 468, 341, 165, 87, 
97, -595, -692, 248, 395, -644, -234, 448, 478, 341, 165, 87, 
102, -595, -697, 246, 400, -646, -234, 453, 478, 341, 170, 87, 
102, -595, -697, 246, 400, -646, -234, 453, 478, 346, 170, 82, 
112, -600, -712, 244, 412, -656, -239, 463, 488, 346, 170, 73, 
107, -600, -707, 246, 407, -653, -239, 463, 488, 346, 170, 78, 
107, -600, -707, 246, 407, -653, -239, 463, 488, 356, 170, 78, 
107, -600, -707, 246, 407, -653, -239, 463, 492, 356, 175, 78, 
107, -605, -712, 248, 409, -658, -229, 473, 507, 356, 185, 82, 
107, -605, -712, 248, 409, -658, -229, 473, 507, 361, 185, 82, 
107, -605, -712, 248, 409, -658, -229, 473, 507, 361, 185, 82, 
107, -605, -712, 248, 409, -658, -224, 473, 507, 361, 185, 82, 
107, -605, -712, 248, 409, -658, -214, 478, 512, 370, 200, 92, 
102, -610, -712, 253, 407, -661, -214, 478, 512, 370, 200, 92, 
97, -610, -707, 256, 402, -658, -214, 483, 517, 370, 200, 92, 
92, -605, -697, 256, 395, -651, -214, 483, 522, 380, 200, 92, 
97, -595, -692, 248, 395, -644, -219, 473, 512, 370, 195, 92, 
97, -595, -692, 248, 395, -644, -219, 473, 512, 370, 200, 102, 
97, -595, -692, 248, 395, -644, -214, 473, 512, 375, 204, 102, 
102, -595, -697, 246, 400, -646, -214, 473, 512, 375, 204, 102, 
112, -595, -707, 241, 409, -651, -219, 483, 527, 375, 214, 102, 
107, -595, -702, 244, 405, -649, -224, 483, 527, 375, 219, 102, 
107, -595, -702, 244, 405, -649, -229, 483, 527, 380, 219, 102, 
107, -595, -702, 244, 405, -649, -234, 483, 527, 380, 219, 102, 
107, -600, -707, 246, 407, -653, -234, 473, 522, 380, 214, 97, 
107, -605, -712, 248, 409, -658, -234, 473, 522, 380, 214, 107, 
102, -610, -712, 253, 407, -661, -234, 478, 522, 385, 219, 107, 
97, -614, -712, 258, 405, -663, -234, 478, 527, 385, 219, 107, 
97, -605, -702, 253, 400, -653, -234, 478, 527, 385, 229, 117, 
102, -605, -707, 251, 405, -656, -234, 478, 527, 385, 229, 117, 
102, -595, -697, 246, 400, -646, -234, 478, 522, 385, 229, 117, 
102, -595, -697, 246, 400, -646, -234, 473, 522, 385, 229, 117, 
102, -600, -702, 248, 402, -651, -234, 473, 522, 395, 234, 112, 
97, -610, -707, 256, 402, -658, -234, 473, 522, 390, 234, 112, 
97, -614, -712, 258, 405, -663, -234, 473, 522, 390, 234, 112, 
97, -619, -717, 261, 407, -668, -234, 473, 522, 395, 239, 117, 
97, -619, -717, 261, 407, -668, -234, 483, 522, 395, 248, 126, 
97, -619, -717, 261, 407, -668, -234, 483, 522, 390, 244, 126, 
97, -619, -717, 261, 407, -668, -234, 483, 522, 390, 244, 126, 
97, -619, -717, 261, 407, -668, -239, 478, 517, 390, 244, 122, 
107, -614, -722, 253, 414, -668, -234, 478, 522, 390, 244, 126, 
107, -610, -717, 251, 412, -663, -234, 473, 522, 390, 244, 126, 
107, -605, -712, 248, 409, -658, -234, 473, 522, 390, 244, 131, 
107, -600, -707, 246, 407, -653, -234, 473, 517, 390, 244, 131, 
112, -595, -707, 241, 409, -651, -234, 468, 517, 400, 244, 126, 
112, -595, -707, 241, 409, -651, -234, 468, 517, 400, 244, 126, 
112, -600, -712, 244, 412, -656, -234, 468, 512, 395, 244, 126, 
112, -600, -712, 244, 412, -656, -234, 468, 512, 395, 244, 126, 
112, -590, -702, 239, 407, -646, -239, 468, 512, 405, 253, 136, 
112, -590, -702, 239, 407, -646, -239, 468, 512, 405, 244, 136, 
112, -590, -702, 239, 407, -646, -239, 463, 507, 405, 244, 136, 
112, -590, -702, 239, 407, -646, -234, 463, 507, 405, 244, 136, 
102, -600, -702, 248, 402, -651, -234, 458, 497, 390, 244, 126, 
102, -600, -702, 248, 402, -651, -239, 458, 492, 390, 244, 126, 
102, -600, -702, 248, 402, -651, -239, 458, 492, 390, 244, 126, 
102, -600, -702, 248, 402, -651, -239, 458, 492, 390, 244, 122, 
112, -610, -722, 248, 417, -666, -234, 468, 497, 395, 244, 122, 
107, -610, -717, 251, 412, -663, -234, 468, 497, 395, 244, 122, 
107, -610, -717, 251, 412, -663, -229, 468, 502, 395, 244, 122, 
112, -610, -722, 248, 417, -666, -229, 473, 507, 395, 244, 122, 
112, -610, -722, 248, 417, -666, -239, 463, 507, 400, 248, 131, 
107, -610, -717, 251, 412, -663, -234, 458, 502, 400, 244, 131, 
107, -610, -717, 251, 412, -663, -234, 458, 502, 400, 244, 131, 
107, -614, -722, 253, 414, -668, -234, 458, 507, 400, 244, 131, 
102, -614, -717, 256, 409, -666, -239, 458, 497, 395, 244, 122, 
102, -614, -717, 256, 409, -666, -239, 458, 497, 395, 244, 117, 
102, -614, -717, 256, 409, -666, -239, 453, 492, 395, 244, 117, 
102, -614, -717, 256, 409, -666, -239, 453, 492, 395, 244, 117, 
102, -614, -717, 256, 409, -666, -239, 448, 502, 395, 244, 107, 
102, -614, -717, 256, 409, -666, -239, 448, 497, 395, 244, 112, 
102, -614, -717, 256, 409, -666, -239, 448, 497, 395, 244, 112, 
102, -610, -712, 253, 407, -661, -239, 444, 497, 395, 239, 112, 
102, -610, -712, 253, 407, -661, -239, 444, 497, 385, 239, 112, 
102, -610, -712, 253, 407, -661, -239, 444, 497, 385, 239, 112, 
107, -610, -717, 251, 412, -663, -239, 448, 492, 385, 239, 112, 
107, -610, -717, 251, 412, -663, -239, 448, 492, 385, 239, 112, 
97, -624, -722, 263, 409, -673, -239, 453, 488, 385, 239, 112, 
92, -624, -717, 265, 405, -671, -239, 453, 488, 385, 239, 112, 
92, -624, -717, 265, 405, -671, -239, 453, 488, 385, 244, 112, 
92, -624, -717, 265, 405, -671, -239, 453, 488, 385, 244, 112, 
92, -614, -707, 261, 400, -661, -248, 444, 497, 395, 239, 112, 
102, -619, -722, 258, 412, -671, -248, 444, 492, 395, 239, 112, 
102, -619, -722, 258, 412, -671, -248, 444, 492, 395, 239, 107, 
102, -619, -722, 258, 412, -671, -248, 444, 492, 395, 239, 102, 
102, -619, -722, 258, 412, -671, -239, 453, 497, 395, 248, 112, 
102, -624, -727, 261, 414, -675, -244, 453, 497, 395, 248, 112, 
102, -624, -727, 261, 414, -675, -244, 453, 497, 390, 244, 112, 
102, -619, -722, 258, 412, -671, -244, 453, 497, 390, 244, 117, 
102, -619, -722, 258, 412, -671, -253, 444, 502, 390, 244, 117, 
102, -619, -722, 258, 412, -671, -253, 444, 502, 390, 244, 112, 
107, -619, -727, 256, 417, -673, -253, 444, 502, 390, 244, 112, 
117, -619, -736, 251, 427, -678, -253, 444, 502, 390, 244, 107, 
112, -619, -732, 253, 422, -675, -244, 453, 502, 390, 244, 107, 
107, -619, -727, 256, 417, -673, -244, 453, 502, 390, 244, 112, 
107, -614, -722, 253, 414, -668, -244, 453, 502, 390, 244, 112, 
102, -614, -717, 256, 409, -666, -244, 453, 492, 390, 244, 112, 
97, -629, -727, 265, 412, -678, -244, 444, 492, 400, 248, 102, 
97, -629, -727, 265, 412, -678, -244, 444, 497, 400, 248, 102, 
97, -624, -722, 263, 409, -673, -244, 444, 497, 400, 244, 102, 
97, -624, -722, 263, 409, -673, -244, 444, 497, 400, 244, 102, 
107, -610, -717, 251, 412, -663, -244, 453, 497, 414, 253, 102, 
107, -605, -712, 248, 409, -658, -234, 458, 507, 414, 253, 112, 
107, -614, -722, 253, 414, -668, -244, 448, 497, 409, 244, 107, 
107, -624, -732, 258, 419, -678, -244, 439, 497, 400, 244, 97, 
107, -624, -732, 258, 419, -678, -244, 439, 497, 400, 244, 97, 
107, -624, -732, 258, 419, -678, -244, 439, 497, 400, 244, 97, 
107, -624, -732, 258, 419, -678, -244, 439, 497, 400, 244, 97, 
97, -614, -712, 258, 405, -663, -244, 448, 497, 409, 253, 112, 
97, -614, -712, 258, 405, -663, -248, 448, 497, 409, 253, 112, 
97, -614, -712, 258, 405, -663, -248, 448, 502, 409, 253, 107, 
92, -614, -707, 261, 400, -661, -244, 448, 502, 409, 253, 107, 
82, -614, -697, 265, 390, -656, -244, 448, 512, 409, 268, 117, 
82, -614, -697, 265, 390, -656, -244, 448, 507, 409, 268, 122, 
87, -619, -707, 265, 397, -663, -244, 448, 507, 419, 268, 122, 
92, -619, -712, 263, 402, -666, -239, 448, 507, 424, 268, 122, 
97, -610, -707, 256, 402, -658, -229, 444, 512, 419, 263, 117, 
102, -605, -707, 251, 405, -656, -224, 448, 517, 424, 268, 117, 
107, -605, -712, 248, 409, -658, -214, 458, 522, 429, 268, 122, 
112, -600, -712, 244, 412, -656, -209, 458, 527, 434, 278, 126, 
112, -585, -697, 236, 405, -641, -204, 468, 536, 448, 292, 141, 
112, -575, -688, 231, 400, -631, -200, 478, 546, 453, 292, 141, 
117, -570, -688, 226, 402, -629, -195, 488, 556, 458, 302, 141, 
117, -566, -683, 224, 400, -624, -195, 497, 561, 458, 302, 146, 
112, -570, -683, 229, 397, -627, -200, 502, 556, 458, 302, 146, 
112, -570, -683, 229, 397, -627, -195, 507, 561, 458, 302, 146, 
112, -570, -683, 229, 397, -627, -195, 507, 566, 458, 307, 146, 
112, -566, -678, 226, 395, -622, -195, 512, 570, 463, 307, 146, 
122, -546, -668, 212, 395, -607, -185, 527, 566, 463, 307, 136, 
122, -546, -668, 212, 395, -607, -185, 531, 570, 463, 307, 141, 
122, -541, -663, 209, 392, -602, -185, 531, 575, 473, 307, 146, 
126, -531, -658, 202, 392, -595, -190, 527, 575, 473, 312, 146, 
136, -522, -658, 192, 397, -590, -190, 507, 580, 483, 312, 156, 
131, -517, -649, 192, 390, -583, -204, 507, 575, 478, 312, 151, 
131, -517, -649, 192, 390, -583, -214, 488, 570, 478, 312, 151, 
131, -517, -649, 192, 390, -583, -219, 473, 570, 478, 312, 151, 
122, -527, -649, 202, 385, -588, -229, 458, 566, 478, 312, 156, 
122, -522, -644, 200, 383, -583, -239, 444, 566, 473, 312, 156, 
122, -517, -639, 197, 380, -578, -244, 439, 561, 473, 317, 156, 
122, -517, -639, 197, 380, -578, -253, 434, 561, 473, 317, 156, 
122, -517, -639, 197, 380, -578, -263, 424, 570, 473, 317, 156, 
122, -517, -639, 197, 380, -578, -268, 419, 566, 473, 317, 156, 
122, -512, -634, 195, 378, -573, -268, 419, 566, 473, 317, 156, 
122, -512, -634, 195, 378, -573, -268, 419, 561, 473, 312, 161, 
122, -507, -629, 192, 375, -568, -268, 429, 561, 473, 322, 161, 
122, -507, -629, 192, 375, -568, -268, 429, 561, 473, 322, 161, 
126, -507, -634, 190, 380, -570, -273, 429, 561, 473, 322, 161, 
131, -512, -644, 190, 387, -578, -273, 429, 556, 473, 322, 161, 
122, -527, -649, 202, 385, -588, -283, 419, 541, 478, 322, 156, 
117, -536, -653, 209, 385, -595, -283, 419, 536, 468, 312, 156, 
107, -541, -649, 217, 378, -595, -283, 419, 531, 463, 312, 156, 
117, -546, -663, 214, 390, -605, -283, 414, 527, 463, 317, 156, 
126, -536, -663, 204, 395, -600, -283, 414, 536, 468, 326, 156, 
126, -536, -663, 204, 395, -600, -283, 414, 536, 473, 326, 161, 
126, -541, -668, 207, 397, -605, -283, 419, 541, 473, 326, 165, 
126, -541, -668, 207, 397, -605, -278, 424, 541, 473, 331, 165, 
117, -561, -678, 222, 397, -619, -268, 424, 536, 483, 322, 165, 
117, -566, -683, 224, 400, -624, -268, 424, 531, 478, 322, 161, 
117, -580, -697, 231, 407, -639, -268, 424, 527, 468, 317, 161, 
117, -595, -712, 239, 414, -653, -268, 424, 522, 463, 312, 161, 
112, -600, -712, 244, 412, -656, -268, 419, 517, 468, 317, 156, 
107, -610, -717, 251, 412, -663, -268, 419, 517, 463, 307, 146, 
107, -619, -727, 256, 417, -673, -268, 419, 512, 458, 302, 141, 
102, -624, -727, 261, 414, -675, -268, 414, 507, 444, 297, 136, 
112, -624, -736, 256, 424, -680, -268, 405, 492, 429, 292, 141, 
107, -634, -741, 263, 424, -688, -268, 405, 483, 429, 287, 136, 
107, -634, -741, 263, 424, -688, -263, 409, 483, 429, 287, 131, 
107, -634, -741, 263, 424, -688, -258, 414, 488, 429, 287, 126, 
107, -644, -751, 268, 429, -697, -253, 424, 488, 439, 287, 126, 
107, -649, -756, 270, 431, -702, -253, 429, 488, 439, 287, 126, 
107, -649, -756, 270, 431, -702, -253, 429, 488, 439, 287, 126, 
107, -649, -756, 270, 431, -702, -248, 429, 492, 434, 287, 122, 
107, -644, -751, 268, 429, -697, -258, 439, 502, 444, 287, 112, 
107, -649, -756, 270, 431, -702, -258, 439, 502, 444, 283, 112, 
102, -649, -751, 273, 427, -700, -258, 439, 497, 444, 283, 112, 
102, -649, -751, 273, 427, -700, -258, 439, 497, 439, 278, 112, 
102, -649, -751, 273, 427, -700, -263, 424, 502, 429, 287, 112, 
102, -649, -751, 273, 427, -700, -263, 424, 502, 424, 287, 112, 
97, -653, -751, 278, 424, -702, -263, 424, 502, 424, 283, 112, 
87, -653, -741, 283, 414, -697, -263, 424, 507, 429, 283, 112, 
97, -663, -761, 283, 429, -712, -263, 424, 497, 429, 278, 102, 
92, -663, -756, 285, 424, -710, -263, 429, 497, 429, 278, 102, 
92, -658, -751, 283, 422, -705, -258, 429, 502, 434, 278, 102, 
92, -658, -751, 283, 422, -705, -258, 429, 502, 434, 283, 102, 
92, -658, -751, 283, 422, -705, -248, 429, 502, 444, 292, 112, 
97, -658, -756, 280, 427, -707, -253, 429, 502, 444, 292, 112, 
97, -658, -756, 280, 427, -707, -253, 429, 502, 444, 292, 112, 
92, -663, -756, 285, 424, -710, -253, 429, 502, 444, 292, 112, 
82, -653, -736, 285, 409, -695, -253, 434, 502, 444, 292, 112, 
82, -658, -741, 287, 412, -700, -253, 444, 512, 448, 287, 102, 
92, -663, -756, 285, 424, -710, -239, 458, 522, 448, 278, 92, 
97, -688, -785, 295, 441, -736, -209, 507, 527, 429, 248, 68, 
78, -727, -805, 324, 441, -766, -165, 566, 556, 400, 195, 29, 
58, -756, -814, 348, 436, -785, -117, 644, 610, 366, 151, -19, 
58, -780, -839, 361, 448, -810, -68, 717, 658, 351, 102, -68, 
58, -790, -849, 366, 453, -819, -39, 771, 697, 346, 73, -97, 
63, -780, -844, 358, 453, -812, -19, 790, 707, 346, 63, -107, 
58, -746, -805, 344, 431, -775, -34, 771, 697, 346, 68, -92, 
53, -678, -732, 312, 392, -705, -78, 702, 688, 370, 112, -53, 
73, -556, -629, 241, 351, -592, -122, 644, 697, 468, 214, 43, 
112, -409, -522, 148, 317, -466, -170, 600, 751, 624, 370, 165, 
156, -263, -419, 53, 287, -341, -224, 556, 824, 814, 556, 302, 
214, -92, -307, -61, 261, -200, -297, 502, 888, 1019, 775, 478, 
263, 58, -204, -161, 234, -73, -351, 473, 927, 1185, 980, 644, 
317, 161, -156, -239, 236, 2, -370, 473, 961, 1346, 1220, 824, 
380, 253, -126, -317, 253, 63, -370, 463, 1015, 1566, 1503, 1019, 
453, 341, -112, -397, 283, 114, -370, 444, 1063, 1790, 1761, 1190, 
492, 390, -102, -441, 297, 143, -341, 429, 1058, 1932, 1932, 1307, 
522, 409, -112, -466, 317, 148, -297, 439, 990, 1991, 2025, 1385, 
556, 405, -151, -480, 353, 126, -292, 424, 956, 2054, 2074, 1464, 
614, 351, -263, -483, 439, 43, -326, 390, 932, 2132, 2093, 1493, 
649, 170, -478, -409, 563, -153, -375, 341, 819, 2147, 2015, 1439, 
668, -82, -751, -292, 710, -417, -483, 229, 639, 2064, 1873, 1356, 
673, -287, -961, -192, 817, -624, -649, 34, 429, 1898, 1727, 1293, 
683, -424, -1107, -129, 895, -766, -814, -141, 190, 1620, 1546, 1234, 
663, -536, -1200, -63, 932, -868, -927, -253, -58, 1249, 1317, 1137, 
595, -585, -1180, -4, 888, -883, -971, -322, -283, 766, 1024, 1024, 
483, -600, -1083, 58, 783, -841, -951, -331, -483, 195, 644, 849, 
361, -634, -995, 136, 678, -814, -858, -248, -566, -200, 341, 639, 
297, -707, -1005, 204, 651, -856, -756, -92, -478, -209, 244, 492, 
258, -771, -1029, 256, 644, -900, -663, 53, -326, -78, 229, 395, 
204, -780, -985, 287, 595, -883, -595, 161, -180, 4, 209, 312, 
156, -800, -956, 322, 556, -878, -531, 234, -63, 87, 200, 229, 
117, -819, -936, 351, 527, -878, -478, 317, 48, 185, 204, 141, 
117, -795, -912, 339, 514, -854, -405, 390, 170, 263, 219, 112, 
136, -736, -873, 300, 505, -805, -331, 468, 283, 336, 263, 136, 
146, -712, -858, 283, 502, -785, -278, 531, 395, 409, 312, 161, 
141, -722, -863, 290, 502, -793, -244, 570, 463, 439, 317, 151, 
141, -717, -858, 287, 500, -788, -229, 580, 512, 458, 322, 131, 
151, -692, -844, 270, 497, -768, -224, 580, 541, 468, 322, 131, 
141, -683, -824, 270, 483, -753, -224, 575, 561, 478, 322, 131, 
131, -673, -805, 270, 468, -739, -219, 556, 561, 483, 331, 136, 
126, -649, -775, 261, 451, -712, -224, 541, 551, 483, 341, 146, 
117, -644, -761, 263, 439, -702, -234, 527, 551, 492, 351, 161, 
92, -644, -736, 275, 414, -690, -234, 512, 546, 497, 356, 161, 
92, -639, -732, 273, 412, -685, -224, 507, 561, 507, 356, 170, 
97, -639, -736, 270, 417, -688, -224, 507, 566, 512, 351, 161, 
97, -644, -741, 273, 419, -692, -219, 512, 585, 507, 346, 156, 
102, -644, -746, 270, 424, -695, -219, 512, 595, 507, 346, 151, 
107, -644, -751, 268, 429, -697, -219, 502, 595, 507, 336, 146, 
112, -644, -756, 265, 434, -700, -219, 502, 595, 497, 336, 141, 
117, -639, -756, 261, 436, -697, -219, 497, 595, 497, 336, 141, 
122, -634, -756, 256, 439, -695, -219, 497, 595, 497, 336, 146, 
112, -634, -746, 261, 429, -690, -234, 497, 585, 517, 351, 161, 
112, -634, -746, 261, 429, -690, -234, 492, 580, 527, 351, 161, 
107, -634, -741, 263, 424, -688, -229, 492, 580, 527, 356, 165, 
107, -634, -741, 263, 424, -688, -229, 492, 585, 527, 361, 165, 
112, -649, -761, 268, 436, -705, -219, 483, 595, 527, 361, 161, 
112, -649, -761, 268, 436, -705, -219, 483, 600, 527, 356, 156, 
112, -649, -761, 268, 436, -705, -219, 483, 610, 522, 356, 151, 
112, -649, -761, 268, 436, -705, -219, 483, 614, 522, 356, 136, 
97, -639, -736, 270, 417, -688, -224, 483, 605, 512, 356, 136, 
97, -639, -736, 270, 417, -688, -224, 483, 605, 512, 356, 136, 
102, -639, -741, 268, 422, -690, -224, 483, 605, 522, 356, 141, 
107, -629, -736, 261, 422, -683, -224, 483, 605, 527, 356, 141, 
107, -629, -736, 261, 422, -683, -234, 483, 614, 531, 366, 146, 
102, -634, -736, 265, 419, -685, -234, 483, 619, 531, 366, 146, 
102, -634, -736, 265, 419, -685, -234, 483, 624, 531, 366, 146, 
107, -634, -741, 263, 424, -688, -234, 483, 629, 536, 366, 146, 
107, -624, -732, 258, 419, -678, -234, 483, 629, 536, 366, 136, 
107, -619, -727, 256, 417, -673, -229, 483, 629, 536, 366, 136, 
107, -619, -727, 256, 417, -673, -229, 483, 629, 536, 366, 136, 
107, -619, -727, 256, 417, -673, -229, 483, 634, 536, 366, 136, 
107, -619, -727, 256, 417, -673, -229, 483, 629, 536, 366, 146, 
112, -619, -732, 253, 422, -675, -229, 483, 624, 536, 366, 151, 
112, -619, -732, 253, 422, -675, -229, 483, 619, 536, 366, 151, 
112, -619, -732, 253, 422, -675, -229, 483, 614, 541, 366, 151, 
102, -629, -732, 263, 417, -680, -239, 483, 629, 546, 370, 151, 
102, -629, -732, 263, 417, -680, -239, 483, 629, 546, 370, 146, 
102, -629, -732, 263, 417, -680, -239, 483, 629, 546, 370, 146, 
92, -619, -712, 263, 402, -666, -239, 483, 634, 546, 370, 146, 
92, -629, -722, 268, 407, -675, -239, 483, 634, 546, 361, 136, 
97, -629, -727, 265, 412, -678, -239, 483, 634, 546, 366, 141, 
102, -624, -727, 261, 414, -675, -239, 483, 634, 546, 366, 141, 
102, -624, -727, 261, 414, -675, -239, 488, 634, 546, 366, 141, 
102, -629, -732, 263, 417, -680, -229, 488, 634, 556, 366, 146, 
97, -629, -727, 265, 412, -678, -229, 488, 634, 561, 370, 146, 
97, -629, -727, 265, 412, -678, -229, 488, 634, 566, 375, 146, 
102, -629, -732, 263, 417, -680, -229, 488, 639, 566, 380, 146, 
102, -629, -732, 263, 417, -680, -229, 488, 639, 556, 380, 151, 
92, -629, -722, 268, 407, -675, -224, 488, 644, 556, 380, 151, 
92, -629, -722, 268, 407, -675, -224, 488, 644, 556, 380, 146, 
97, -629, -727, 265, 412, -678, -229, 483, 644, 556, 380, 146, 
87, -649, -736, 280, 412, -692, -229, 492, 644, 570, 380, 146, 
82, -649, -732, 283, 407, -690, -229, 492, 649, 575, 380, 146, 
82, -649, -732, 283, 407, -690, -229, 492, 649, 575, 380, 151, 
82, -649, -732, 283, 407, -690, -229, 497, 649, 575, 385, 151, 
87, -639, -727, 275, 407, -683, -219, 497, 663, 580, 385, 141, 
92, -634, -727, 270, 409, -680, -219, 497, 668, 580, 385, 141, 
97, -634, -732, 268, 414, -683, -219, 497, 668, 580, 385, 141, 
102, -634, -736, 265, 419, -685, -219, 502, 668, 580, 385, 141, 
107, -634, -741, 263, 424, -688, -229, 492, 658, 580, 380, 141, 
107, -634, -741, 263, 424, -688, -229, 492, 663, 580, 380, 141, 
107, -634, -741, 263, 424, -688, -229, 492, 663, 585, 380, 141, 
112, -634, -746, 261, 429, -690, -229, 497, 673, 590, 385, 141, 
117, -629, -746, 256, 431, -688, -224, 507, 683, 600, 390, 151, 
122, -624, -746, 251, 434, -685, -219, 507, 688, 605, 395, 156, 
126, -619, -746, 246, 436, -683, -214, 507, 692, 605, 400, 161, 
131, -614, -746, 241, 439, -680, -209, 507, 692, 605, 405, 165, 
131, -624, -756, 246, 444, -690, -209, 517, 692, 610, 419, 161, 
126, -624, -751, 248, 439, -688, -209, 517, 697, 614, 424, 161, 
117, -624, -741, 253, 429, -683, -209, 517, 702, 619, 429, 161, 
112, -624, -736, 256, 424, -680, -209, 522, 707, 624, 429, 161, 
126, -614, -741, 244, 434, -678, -214, 522, 707, 624, 429, 161, 
126, -614, -741, 244, 434, -678, -219, 522, 712, 629, 439, 161, 
126, -614, -741, 244, 434, -678, -224, 527, 717, 634, 439, 165, 
126, -610, -736, 241, 431, -673, -229, 527, 722, 639, 439, 165, 
131, -605, -736, 236, 434, -671, -219, 527, 727, 644, 439, 165, 
131, -605, -736, 236, 434, -671, -219, 531, 732, 644, 444, 165, 
131, -600, -732, 234, 431, -666, -219, 531, 736, 649, 448, 170, 
136, -600, -736, 231, 436, -668, -219, 531, 746, 653, 453, 175, 
126, -600, -727, 236, 427, -663, -229, 527, 741, 658, 453, 185, 
126, -595, -722, 234, 424, -658, -229, 531, 746, 663, 458, 185, 
126, -595, -722, 234, 424, -658, -229, 536, 751, 668, 463, 195, 
131, -595, -727, 231, 429, -661, -229, 541, 761, 673, 468, 200, 
131, -585, -717, 226, 424, -651, -229, 541, 775, 683, 488, 195, 
131, -580, -712, 224, 422, -646, -234, 546, 785, 688, 492, 200, 
141, -580, -722, 219, 431, -651, -234, 546, 795, 702, 502, 200, 
146, -575, -722, 214, 434, -649, -234, 546, 800, 702, 512, 204, 
161, -570, -732, 204, 446, -651, -234, 551, 805, 717, 517, 219, 
161, -570, -732, 204, 446, -651, -239, 556, 819, 727, 527, 224, 
165, -566, -732, 200, 448, -649, -239, 561, 829, 736, 531, 229, 
170, -561, -732, 195, 451, -646, -244, 566, 839, 741, 536, 229, 
170, -556, -727, 192, 448, -641, -244, 561, 844, 746, 551, 239, 
165, -551, -717, 192, 441, -634, -248, 566, 854, 746, 561, 248, 
161, -546, -707, 192, 434, -627, -248, 566, 854, 761, 561, 253, 
161, -541, -702, 190, 431, -622, -258, 566, 858, 766, 575, 258, 
175, -527, -702, 175, 439, -614, -263, 566, 873, 775, 585, 268, 
175, -522, -697, 173, 436, -610, -263, 566, 878, 780, 595, 273, 
175, -517, -692, 170, 434, -605, -263, 566, 883, 785, 605, 278, 
185, -512, -697, 163, 441, -605, -258, 566, 888, 790, 605, 278, 
190, -497, -688, 153, 439, -592, -258, 575, 897, 800, 619, 292, 
195, -492, -688, 148, 441, -590, -263, 575, 897, 805, 619, 307, 
200, -488, -688, 143, 444, -588, -268, 575, 902, 805, 624, 307, 
214, -483, -697, 134, 456, -590, -278, 570, 902, 805, 634, 312, 
214, -488, -702, 136, 458, -595, -278, 570, 907, 819, 629, 317, 
214, -483, -697, 134, 456, -590, -283, 570, 907, 824, 634, 322, 
214, -478, -692, 131, 453, -585, -283, 570, 917, 839, 653, 326, 
